bet_date,uid,dealer_id,is_sentinel_dealer,stake_amount,profit_amount,net_pnl,win_rate,n_related_orders,n_rounds_eff,p_base_mix_w,p_base_mix_unw,z_score_w,z_score_unw,z_score,delta_p,eligibility_status,comparison_id,filter_stage,filter_rule_version,cmp_time_window,cmp_population,cmp_label,z_score_alias_status,stake,valid_bet,profit,n_bets,n_rounds,roi,roi_recent,roi_non_recent,roi_ex_rebate,roi_numerator,roi_denominator,roi_denominator_status,rebate_cost,cost_complement_b,pct_complement,pct_top_bet23,agent_formula_version,agent_level_scope,agent_cost_lv1,agent_cost_lv2,agent_cost_lv3,agent_cost_lv4,agent_cost_lv5,agent_pct_lv1,agent_pct_lv2,agent_pct_lv3,agent_pct_lv4,agent_pct_lv5,retain_pct_lv1,retain_pct_lv2,retain_pct_lv3,retain_pct_lv4,retain_pct_lv5,chain_depth_avg,agent_cost_chain_additive,agent_cost_chain_nested,residual_chain_additive,residual_chain_nested,decision_status,admit_to_risk_decision,deliverable_class,agent_cost_a_legacy,agent_cost_valid_base_legacy,ngr,residual_b,residual_a,ngr_rate,residual_b_rate,agent_cost_bet23_formal_canonical,net_margin_bet23_formal_canonical,net_margin_bet23_formal_rate_canonical,agent_cost_lv1_bet23_canonical,agent_cost_lv2_bet24_canonical,agent_cost_lv3_bet25_canonical,agent_cost_lv4_bet26_canonical,agent_cost_lv5_bet27_canonical,net_margin_lv1_bet23_canonical,net_margin_lv1_bet23_rate_canonical,agent_cost_chain_additive_canonical,agent_cost_chain_nested_canonical,net_margin_chain_additive_canonical,net_margin_chain_nested_canonical,net_margin_chain_additive_rate_canonical,net_margin_chain_nested_rate_canonical,residual_a_rate,avg_stake_per_bet,avg_valid_bet_per_round,avg_profit_per_round,avg_profit_per_day,avg_profit_per_shoe,avg_stake_per_active_day,avg_rounds_per_active_day,avg_stake_recent,avg_stake_non_recent,p25_stake,p50_stake,p75_stake,p90_stake,p95_stake,p99_stake,p50_valid_bet,p50_profit,p95_over_p50,p99_over_p50,avg_over_p50,common_table_count,common_dealer_count,common_ip_count,common_product_count,share_recent,hold_rate,hold_rate_recent,rebate_rate_actual,rebate_pct_config,turnover_multiple,free_comm_rate,roi_delta_recent,first_seen,last_seen,active_days,active_shoes,active_sessions,span_days,persistence,ramp_recent_vs_prior,ramp_recent_vs_all,stake_ramp,vip_tier,economic_value,roi_pr_global,risk_value,pr_stake,pr_global,pr_qualified,pr_qualified_population,pr_global_population_n,pr_qualified_population_n,pr_calculation_method,pr_calculation_version,evidence_flag,evidence_rate,hold_ci_halfwidth_approx,action_priority,audit_rn,batch_id,run_id,snapshot_sync_time
2026-05-25,128555534,2261,0,26.4646359815,-26.4646359815,-26.4646359815,0E-7,1,1,0.16849040000000000,0.168490400000,-0.4501465716176945,-0.4501465716176945,-0.4501465716176945,0E-17,ELIGIBLE,R03b_20260811_FULL_v1,L1_ELIGIBILITY,v2026-08-11,2026-03-21..2026-08-06,baccarat_bet02_101_all_pairs_incl_sentinel,round_win = game_pnl > 0 (decisive only),COMPATIBILITY_ONLY_NOT_PRODUCTION,20427.4041,19269.7255,6628.1941,143,89,-0.32447559,-0.26315789,-0.32477151,-0.32447559,-6628.1941,20427.4041,OK,0.0000,265.1278,4.0000,96.0000,AG03-UNRESOLVED,ALL5_LEVELS_bet23_to_bet27,265.1278,265.1278,331.4097,331.4097,331.4097,4.000000,4.000000,5.000000,5.000000,5.000000,96.000000,96.000000,95.000000,95.000000,95.000000,5.0,1524.4846,1390.8815,5103.7094,5237.3126,PENDING_AG03,FALSE,NOT_FOR_ENFORCEMENT,6363.0663,18498.9365,6628.1941,6363.0663,265.1278,0.32447559,0.31149657,265.1278,6363.0663,0.31149657,265.1278,265.1278,331.4097,331.4097,331.4097,6363.0663,0.31149657,1524.4846,1390.8815,5103.7094,5237.3126,0.24984621,0.2563866,0.01297902,142.8490,216.5138,74.4741,254.9305,97.4734,785.6694,3.4231,10.9008,151.7112,12.9729,51.4311,102.0792,480.7165,651.8885,1505.6456,42.6878,-14.9743,12.674995,29.275021,2.777484,27,43,26,7,0.00480274,0.32447559,0.26315789,0E-8,0.000000,0.943327,0.804196,0.06161361,2026-03-27,2026-07-10,26,68,65,106,0.245283,0.071853,0.076310,0.016009,,,,,,,,GLOBAL_BASELINE_NO_ENTITY_RANKING,,,NOT_APPLICABLE_GLOBAL_BASELINE,HF9g-P5,,,,X 全窗基线 · 不参与实体赏罚,14190001,1420,A168_HF9F_20260827_0900,2026-08-27 09:00:00
2026-05-26,128555534,2177,0,41.7726116963,-41.7726116963,-41.7726116963,0E-7,1,1,0.50665070000000000,0.506650700000,-1.013391052207602,-1.013391052207602,-1.013391052207602,0E-17,ELIGIBLE,R03b_20260811_FULL_v1,L1_ELIGIBILITY,v2026-08-11,2026-03-21..2026-08-06,baccarat_bet02_101_all_pairs_incl_sentinel,round_win = game_pnl > 0 (decisive only),COMPATIBILITY_ONLY_NOT_PRODUCTION,20427.4041,19269.7255,6628.1941,143,89,-0.32447559,-0.26315789,-0.32477151,-0.32447559,-6628.1941,20427.4041,OK,0.0000,265.1278,4.0000,96.0000,AG03-UNRESOLVED,ALL5_LEVELS_bet23_to_bet27,265.1278,265.1278,331.4097,331.4097,331.4097,4.000000,4.000000,5.000000,5.000000,5.000000,96.000000,96.000000,95.000000,95.000000,95.000000,5.0,1524.4846,1390.8815,5103.7094,5237.3126,PENDING_AG03,FALSE,NOT_FOR_ENFORCEMENT,6363.0663,18498.9365,6628.1941,6363.0663,265.1278,0.32447559,0.31149657,265.1278,6363.0663,0.31149657,265.1278,265.1278,331.4097,331.4097,331.4097,6363.0663,0.31149657,1524.4846,1390.8815,5103.7094,5237.3126,0.24984621,0.2563866,0.01297902,142.8490,216.5138,74.4741,254.9305,97.4734,785.6694,3.4231,10.9008,151.7112,12.9729,51.4311,102.0792,480.7165,651.8885,1505.6456,42.6878,-14.9743,12.674995,29.275021,2.777484,27,43,26,7,0.00480274,0.32447559,0.26315789,0E-8,0.000000,0.943327,0.804196,0.06161361,2026-03-27,2026-07-10,26,68,65,106,0.245283,0.071853,0.076310,0.016009,,,,,,,,GLOBAL_BASELINE_NO_ENTITY_RANKING,,,NOT_APPLICABLE_GLOBAL_BASELINE,HF9g-P5,,,,X 全窗基线 · 不参与实体赏罚,14190002,1420,A168_HF9F_20260827_0900,2026-08-27 09:00:00
2026-05-27,128555534,1304,0,151.2635566395,-47.4806704375,-47.4806704375,0.5000000,4,2,0.45275463250872204,0.405639416667,0.13423066167641698,0.27177564802815085,0.13423066167641698,0.04711521584172204,ELIGIBLE,R03b_20260811_FULL_v1,L1_ELIGIBILITY,v2026-08-11,2026-03-21..2026-08-06,baccarat_bet02_101_all_pairs_incl_sentinel,round_win = game_pnl > 0 (decisive only),COMPATIBILITY_ONLY_NOT_PRODUCTION,20427.4041,19269.7255,6628.1941,143,89,-0.32447559,-0.26315789,-0.32477151,-0.32447559,-6628.1941,20427.4041,OK,0.0000,265.1278,4.0000,96.0000,AG03-UNRESOLVED,ALL5_LEVELS_bet23_to_bet27,265.1278,265.1278,331.4097,331.4097,331.4097,4.000000,4.000000,5.000000,5.000000,5.000000,96.000000,96.000000,95.000000,95.000000,95.000000,5.0,1524.4846,1390.8815,5103.7094,5237.3126,PENDING_AG03,FALSE,NOT_FOR_ENFORCEMENT,6363.0663,18498.9365,6628.1941,6363.0663,265.1278,0.32447559,0.31149657,265.1278,6363.0663,0.31149657,265.1278,265.1278,331.4097,331.4097,331.4097,6363.0663,0.31149657,1524.4846,1390.8815,5103.7094,5237.3126,0.24984621,0.2563866,0.01297902,142.8490,216.5138,74.4741,254.9305,97.4734,785.6694,3.4231,10.9008,151.7112,12.9729,51.4311,102.0792,480.7165,651.8885,1505.6456,42.6878,-14.9743,12.674995,29.275021,2.777484,27,43,26,7,0.00480274,0.32447559,0.26315789,0E-8,0.000000,0.943327,0.804196,0.06161361,2026-03-27,2026-07-10,26,68,65,106,0.245283,0.071853,0.076310,0.016009,,,,,,,,GLOBAL_BASELINE_NO_ENTITY_RANKING,,,NOT_APPLICABLE_GLOBAL_BASELINE,HF9g-P5,,,,X 全窗基线 · 不参与实体赏罚,14190003,1420,A168_HF9F_20260827_0900,2026-08-27 09:00:00
2026-05-27,128555534,2088,0,210.9387162057,22.5727777490,22.5727777490,0.5000000,5,2,0.44273637433107543,0.329258258334,0.16303876978722057,0.5138172726808119,0.16303876978722057,0.11347811599707543,ELIGIBLE,R03b_20260811_FULL_v1,L1_ELIGIBILITY,v2026-08-11,2026-03-21..2026-08-06,baccarat_bet02_101_all_pairs_incl_sentinel,round_win = game_pnl > 0 (decisive only),COMPATIBILITY_ONLY_NOT_PRODUCTION,20427.4041,19269.7255,6628.1941,143,89,-0.32447559,-0.26315789,-0.32477151,-0.32447559,-6628.1941,20427.4041,OK,0.0000,265.1278,4.0000,96.0000,AG03-UNRESOLVED,ALL5_LEVELS_bet23_to_bet27,265.1278,265.1278,331.4097,331.4097,331.4097,4.000000,4.000000,5.000000,5.000000,5.000000,96.000000,96.000000,95.000000,95.000000,95.000000,5.0,1524.4846,1390.8815,5103.7094,5237.3126,PENDING_AG03,FALSE,NOT_FOR_ENFORCEMENT,6363.0663,18498.9365,6628.1941,6363.0663,265.1278,0.32447559,0.31149657,265.1278,6363.0663,0.31149657,265.1278,265.1278,331.4097,331.4097,331.4097,6363.0663,0.31149657,1524.4846,1390.8815,5103.7094,5237.3126,0.24984621,0.2563866,0.01297902,142.8490,216.5138,74.4741,254.9305,97.4734,785.6694,3.4231,10.9008,151.7112,12.9729,51.4311,102.0792,480.7165,651.8885,1505.6456,42.6878,-14.9743,12.674995,29.275021,2.777484,27,43,26,7,0.00480274,0.32447559,0.26315789,0E-8,0.000000,0.943327,0.804196,0.06161361,2026-03-27,2026-07-10,26,68,65,106,0.245283,0.071853,0.076310,0.016009,,,,,,,,GLOBAL_BASELINE_NO_ENTITY_RANKING,,,NOT_APPLICABLE_GLOBAL_BASELINE,HF9g-P5,,,,X 全窗基线 · 不参与实体赏罚,14190004,1420,A168_HF9F_20260827_0900,2026-08-27 09:00:00
2026-05-27,128555534,2117,0,5.1891443101,-5.1891443101,-5.1891443101,0E-7,1,1,0.16849040000000000,0.168490400000,-0.4501465716176945,-0.4501465716176945,-0.4501465716176945,0E-17,ELIGIBLE,R03b_20260811_FULL_v1,L1_ELIGIBILITY,v2026-08-11,2026-03-21..2026-08-06,baccarat_bet02_101_all_pairs_incl_sentinel,round_win = game_pnl > 0 (decisive only),COMPATIBILITY_ONLY_NOT_PRODUCTION,20427.4041,19269.7255,6628.1941,143,89,-0.32447559,-0.26315789,-0.32477151,-0.32447559,-6628.1941,20427.4041,OK,0.0000,265.1278,4.0000,96.0000,AG03-UNRESOLVED,ALL5_LEVELS_bet23_to_bet27,265.1278,265.1278,331.4097,331.4097,331.4097,4.000000,4.000000,5.000000,5.000000,5.000000,96.000000,96.000000,95.000000,95.000000,95.000000,5.0,1524.4846,1390.8815,5103.7094,5237.3126,PENDING_AG03,FALSE,NOT_FOR_ENFORCEMENT,6363.0663,18498.9365,6628.1941,6363.0663,265.1278,0.32447559,0.31149657,265.1278,6363.0663,0.31149657,265.1278,265.1278,331.4097,331.4097,331.4097,6363.0663,0.31149657,1524.4846,1390.8815,5103.7094,5237.3126,0.24984621,0.2563866,0.01297902,142.8490,216.5138,74.4741,254.9305,97.4734,785.6694,3.4231,10.9008,151.7112,12.9729,51.4311,102.0792,480.7165,651.8885,1505.6456,42.6878,-14.9743,12.674995,29.275021,2.777484,27,43,26,7,0.00480274,0.32447559,0.26315789,0E-8,0.000000,0.943327,0.804196,0.06161361,2026-03-27,2026-07-10,26,68,65,106,0.245283,0.071853,0.076310,0.016009,,,,,,,,GLOBAL_BASELINE_NO_ENTITY_RANKING,,,NOT_APPLICABLE_GLOBAL_BASELINE,HF9g-P5,,,,X 全窗基线 · 不参与实体赏罚,14190005,1420,A168_HF9F_20260827_0900,2026-08-27 09:00:00
2026-05-27,128555534,2167,0,103.7828862021,-103.7828862021,-103.7828862021,0E-7,1,1,0.50665070000000000,0.506650700000,-1.013391052207602,-1.013391052207602,-1.013391052207602,0E-17,ELIGIBLE,R03b_20260811_FULL_v1,L1_ELIGIBILITY,v2026-08-11,2026-03-21..2026-08-06,baccarat_bet02_101_all_pairs_incl_sentinel,round_win = game_pnl > 0 (decisive only),COMPATIBILITY_ONLY_NOT_PRODUCTION,20427.4041,19269.7255,6628.1941,143,89,-0.32447559,-0.26315789,-0.32477151,-0.32447559,-6628.1941,20427.4041,OK,0.0000,265.1278,4.0000,96.0000,AG03-UNRESOLVED,ALL5_LEVELS_bet23_to_bet27,265.1278,265.1278,331.4097,331.4097,331.4097,4.000000,4.000000,5.000000,5.000000,5.000000,96.000000,96.000000,95.000000,95.000000,95.000000,5.0,1524.4846,1390.8815,5103.7094,5237.3126,PENDING_AG03,FALSE,NOT_FOR_ENFORCEMENT,6363.0663,18498.9365,6628.1941,6363.0663,265.1278,0.32447559,0.31149657,265.1278,6363.0663,0.31149657,265.1278,265.1278,331.4097,331.4097,331.4097,6363.0663,0.31149657,1524.4846,1390.8815,5103.7094,5237.3126,0.24984621,0.2563866,0.01297902,142.8490,216.5138,74.4741,254.9305,97.4734,785.6694,3.4231,10.9008,151.7112,12.9729,51.4311,102.0792,480.7165,651.8885,1505.6456,42.6878,-14.9743,12.674995,29.275021,2.777484,27,43,26,7,0.00480274,0.32447559,0.26315789,0E-8,0.000000,0.943327,0.804196,0.06161361,2026-03-27,2026-07-10,26,68,65,106,0.245283,0.071853,0.076310,0.016009,,,,,,,,GLOBAL_BASELINE_NO_ENTITY_RANKING,,,NOT_APPLICABLE_GLOBAL_BASELINE,HF9g-P5,,,,X 全窗基线 · 不参与实体赏罚,14190006,1420,A168_HF9F_20260827_0900,2026-08-27 09:00:00
2026-05-27,128555534,763,0,90.2911109957,90.2911109957,90.2911109957,1.0000000,3,3,0.50218230000000000,0.502182300000,1.724507524396475,1.7245075243964754,1.724507524396475,0E-17,ELIGIBLE,R03b_20260811_FULL_v1,L1_ELIGIBILITY,v2026-08-11,2026-03-21..2026-08-06,baccarat_bet02_101_all_pairs_incl_sentinel,round_win = game_pnl > 0 (decisive only),COMPATIBILITY_ONLY_NOT_PRODUCTION,20427.4041,19269.7255,6628.1941,143,89,-0.32447559,-0.26315789,-0.32477151,-0.32447559,-6628.1941,20427.4041,OK,0.0000,265.1278,4.0000,96.0000,AG03-UNRESOLVED,ALL5_LEVELS_bet23_to_bet27,265.1278,265.1278,331.4097,331.4097,331.4097,4.000000,4.000000,5.000000,5.000000,5.000000,96.000000,96.000000,95.000000,95.000000,95.000000,5.0,1524.4846,1390.8815,5103.7094,5237.3126,PENDING_AG03,FALSE,NOT_FOR_ENFORCEMENT,6363.0663,18498.9365,6628.1941,6363.0663,265.1278,0.32447559,0.31149657,265.1278,6363.0663,0.31149657,265.1278,265.1278,331.4097,331.4097,331.4097,6363.0663,0.31149657,1524.4846,1390.8815,5103.7094,5237.3126,0.24984621,0.2563866,0.01297902,142.8490,216.5138,74.4741,254.9305,97.4734,785.6694,3.4231,10.9008,151.7112,12.9729,51.4311,102.0792,480.7165,651.8885,1505.6456,42.6878,-14.9743,12.674995,29.275021,2.777484,27,43,26,7,0.00480274,0.32447559,0.26315789,0E-8,0.000000,0.943327,0.804196,0.06161361,2026-03-27,2026-07-10,26,68,65,106,0.245283,0.071853,0.076310,0.016009,,,,,,,,GLOBAL_BASELINE_NO_ENTITY_RANKING,,,NOT_APPLICABLE_GLOBAL_BASELINE,HF9g-P5,,,,X 全窗基线 · 不参与实体赏罚,14190007,1420,A168_HF9F_20260827_0900,2026-08-27 09:00:00
2026-05-29,128555534,-1,1,9.8593741892,-4.9296870946,-4.9296870946,0E-7,2,2,0.49994810000000000,0.499948100000,-0.9998962053866608,-0.9998962053866608,-0.9998962053866608,0E-17,SENTINEL_DEALER,R03b_20260811_FULL_v1,L1_ELIGIBILITY,v2026-08-11,2026-03-21..2026-08-06,baccarat_bet02_101_all_pairs_incl_sentinel,round_win = game_pnl > 0 (decisive only),COMPATIBILITY_ONLY_NOT_PRODUCTION,20427.4041,19269.7255,6628.1941,143,89,-0.32447559,-0.26315789,-0.32477151,-0.32447559,-6628.1941,20427.4041,OK,0.0000,265.1278,4.0000,96.0000,AG03-UNRESOLVED,ALL5_LEVELS_bet23_to_bet27,265.1278,265.1278,331.4097,331.4097,331.4097,4.000000,4.000000,5.000000,5.000000,5.000000,96.000000,96.000000,95.000000,95.000000,95.000000,5.0,1524.4846,1390.8815,5103.7094,5237.3126,PENDING_AG03,FALSE,NOT_FOR_ENFORCEMENT,6363.0663,18498.9365,6628.1941,6363.0663,265.1278,0.32447559,0.31149657,265.1278,6363.0663,0.31149657,265.1278,265.1278,331.4097,331.4097,331.4097,6363.0663,0.31149657,1524.4846,1390.8815,5103.7094,5237.3126,0.24984621,0.2563866,0.01297902,142.8490,216.5138,74.4741,254.9305,97.4734,785.6694,3.4231,10.9008,151.7112,12.9729,51.4311,102.0792,480.7165,651.8885,1505.6456,42.6878,-14.9743,12.674995,29.275021,2.777484,27,43,26,7,0.00480274,0.32447559,0.26315789,0E-8,0.000000,0.943327,0.804196,0.06161361,2026-03-27,2026-07-10,26,68,65,106,0.245283,0.071853,0.076310,0.016009,,,,,,,,GLOBAL_BASELINE_NO_ENTITY_RANKING,,,NOT_APPLICABLE_GLOBAL_BASELINE,HF9g-P5,,,,X 全窗基线 · 不参与实体赏罚,14190008,1420,A168_HF9F_20260827_0900,2026-08-27 09:00:00
2026-05-29,128555534,1331,0,4.9296870946,0E-10,0E-10,,1,1,0.16549100000000000,0.165491000000,,,,0E-17,NO_DECISIVE_ROUND,R03b_20260811_FULL_v1,L1_ELIGIBILITY,v2026-08-11,2026-03-21..2026-08-06,baccarat_bet02_101_all_pairs_incl_sentinel,round_win = game_pnl > 0 (decisive only),COMPATIBILITY_ONLY_NOT_PRODUCTION,20427.4041,19269.7255,6628.1941,143,89,-0.32447559,-0.26315789,-0.32477151,-0.32447559,-6628.1941,20427.4041,OK,0.0000,265.1278,4.0000,96.0000,AG03-UNRESOLVED,ALL5_LEVELS_bet23_to_bet27,265.1278,265.1278,331.4097,331.4097,331.4097,4.000000,4.000000,5.000000,5.000000,5.000000,96.000000,96.000000,95.000000,95.000000,95.000000,5.0,1524.4846,1390.8815,5103.7094,5237.3126,PENDING_AG03,FALSE,NOT_FOR_ENFORCEMENT,6363.0663,18498.9365,6628.1941,6363.0663,265.1278,0.32447559,0.31149657,265.1278,6363.0663,0.31149657,265.1278,265.1278,331.4097,331.4097,331.4097,6363.0663,0.31149657,1524.4846,1390.8815,5103.7094,5237.3126,0.24984621,0.2563866,0.01297902,142.8490,216.5138,74.4741,254.9305,97.4734,785.6694,3.4231,10.9008,151.7112,12.9729,51.4311,102.0792,480.7165,651.8885,1505.6456,42.6878,-14.9743,12.674995,29.275021,2.777484,27,43,26,7,0.00480274,0.32447559,0.26315789,0E-8,0.000000,0.943327,0.804196,0.06161361,2026-03-27,2026-07-10,26,68,65,106,0.245283,0.071853,0.076310,0.016009,,,,,,,,GLOBAL_BASELINE_NO_ENTITY_RANKING,,,NOT_APPLICABLE_GLOBAL_BASELINE,HF9g-P5,,,,X 全窗基线 · 不参与实体赏罚,14190009,1420,A168_HF9F_20260827_0900,2026-08-27 09:00:00
2026-06-01,128555534,-1,1,40.1162342171,-40.1162342171,-40.1162342171,0E-7,1,1,0.50665070000000000,0.506650700000,-1.013391052207602,-1.013391052207602,-1.013391052207602,0E-17,SENTINEL_DEALER,R03b_20260811_FULL_v1,L1_ELIGIBILITY,v2026-08-11,2026-03-21..2026-08-06,baccarat_bet02_101_all_pairs_incl_sentinel,round_win = game_pnl > 0 (decisive only),COMPATIBILITY_ONLY_NOT_PRODUCTION,20427.4041,19269.7255,6628.1941,143,89,-0.32447559,-0.26315789,-0.32477151,-0.32447559,-6628.1941,20427.4041,OK,0.0000,265.1278,4.0000,96.0000,AG03-UNRESOLVED,ALL5_LEVELS_bet23_to_bet27,265.1278,265.1278,331.4097,331.4097,331.4097,4.000000,4.000000,5.000000,5.000000,5.000000,96.000000,96.000000,95.000000,95.000000,95.000000,5.0,1524.4846,1390.8815,5103.7094,5237.3126,PENDING_AG03,FALSE,NOT_FOR_ENFORCEMENT,6363.0663,18498.9365,6628.1941,6363.0663,265.1278,0.32447559,0.31149657,265.1278,6363.0663,0.31149657,265.1278,265.1278,331.4097,331.4097,331.4097,6363.0663,0.31149657,1524.4846,1390.8815,5103.7094,5237.3126,0.24984621,0.2563866,0.01297902,142.8490,216.5138,74.4741,254.9305,97.4734,785.6694,3.4231,10.9008,151.7112,12.9729,51.4311,102.0792,480.7165,651.8885,1505.6456,42.6878,-14.9743,12.674995,29.275021,2.777484,27,43,26,7,0.00480274,0.32447559,0.26315789,0E-8,0.000000,0.943327,0.804196,0.06161361,2026-03-27,2026-07-10,26,68,65,106,0.245283,0.071853,0.076310,0.016009,,,,,,,,GLOBAL_BASELINE_NO_ENTITY_RANKING,,,NOT_APPLICABLE_GLOBAL_BASELINE,HF9g-P5,,,,X 全窗基线 · 不参与实体赏罚,14190010,1420,A168_HF9F_20260827_0900,2026-08-27 09:00:00
2026-06-01,128555534,1331,0,45.7736518631,45.7736518631,45.7736518631,1.0000000,1,1,0.49324550000000000,0.493245500000,1.01360149184955,1.01360149184955,1.01360149184955,0E-17,ELIGIBLE,R03b_20260811_FULL_v1,L1_ELIGIBILITY,v2026-08-11,2026-03-21..2026-08-06,baccarat_bet02_101_all_pairs_incl_sentinel,round_win = game_pnl > 0 (decisive only),COMPATIBILITY_ONLY_NOT_PRODUCTION,20427.4041,19269.7255,6628.1941,143,89,-0.32447559,-0.26315789,-0.32477151,-0.32447559,-6628.1941,20427.4041,OK,0.0000,265.1278,4.0000,96.0000,AG03-UNRESOLVED,ALL5_LEVELS_bet23_to_bet27,265.1278,265.1278,331.4097,331.4097,331.4097,4.000000,4.000000,5.000000,5.000000,5.000000,96.000000,96.000000,95.000000,95.000000,95.000000,5.0,1524.4846,1390.8815,5103.7094,5237.3126,PENDING_AG03,FALSE,NOT_FOR_ENFORCEMENT,6363.0663,18498.9365,6628.1941,6363.0663,265.1278,0.32447559,0.31149657,265.1278,6363.0663,0.31149657,265.1278,265.1278,331.4097,331.4097,331.4097,6363.0663,0.31149657,1524.4846,1390.8815,5103.7094,5237.3126,0.24984621,0.2563866,0.01297902,142.8490,216.5138,74.4741,254.9305,97.4734,785.6694,3.4231,10.9008,151.7112,12.9729,51.4311,102.0792,480.7165,651.8885,1505.6456,42.6878,-14.9743,12.674995,29.275021,2.777484,27,43,26,7,0.00480274,0.32447559,0.26315789,0E-8,0.000000,0.943327,0.804196,0.06161361,2026-03-27,2026-07-10,26,68,65,106,0.245283,0.071853,0.076310,0.016009,,,,,,,,GLOBAL_BASELINE_NO_ENTITY_RANKING,,,NOT_APPLICABLE_GLOBAL_BASELINE,HF9g-P5,,,,X 全窗基线 · 不参与实体赏罚,14190011,1420,A168_HF9F_20260827_0900,2026-08-27 09:00:00
2026-06-01,128555534,2258,0,51.4310695091,-51.4310695091,-51.4310695091,0E-7,1,1,0.16849040000000000,0.168490400000,-0.4501465716176945,-0.4501465716176945,-0.4501465716176945,0E-17,ELIGIBLE,R03b_20260811_FULL_v1,L1_ELIGIBILITY,v2026-08-11,2026-03-21..2026-08-06,baccarat_bet02_101_all_pairs_incl_sentinel,round_win = game_pnl > 0 (decisive only),COMPATIBILITY_ONLY_NOT_PRODUCTION,20427.4041,19269.7255,6628.1941,143,89,-0.32447559,-0.26315789,-0.32477151,-0.32447559,-6628.1941,20427.4041,OK,0.0000,265.1278,4.0000,96.0000,AG03-UNRESOLVED,ALL5_LEVELS_bet23_to_bet27,265.1278,265.1278,331.4097,331.4097,331.4097,4.000000,4.000000,5.000000,5.000000,5.000000,96.000000,96.000000,95.000000,95.000000,95.000000,5.0,1524.4846,1390.8815,5103.7094,5237.3126,PENDING_AG03,FALSE,NOT_FOR_ENFORCEMENT,6363.0663,18498.9365,6628.1941,6363.0663,265.1278,0.32447559,0.31149657,265.1278,6363.0663,0.31149657,265.1278,265.1278,331.4097,331.4097,331.4097,6363.0663,0.31149657,1524.4846,1390.8815,5103.7094,5237.3126,0.24984621,0.2563866,0.01297902,142.8490,216.5138,74.4741,254.9305,97.4734,785.6694,3.4231,10.9008,151.7112,12.9729,51.4311,102.0792,480.7165,651.8885,1505.6456,42.6878,-14.9743,12.674995,29.275021,2.777484,27,43,26,7,0.00480274,0.32447559,0.26315789,0E-8,0.000000,0.943327,0.804196,0.06161361,2026-03-27,2026-07-10,26,68,65,106,0.245283,0.071853,0.076310,0.016009,,,,,,,,GLOBAL_BASELINE_NO_ENTITY_RANKING,,,NOT_APPLICABLE_GLOBAL_BASELINE,HF9g-P5,,,,X 全窗基线 · 不参与实体赏罚,14190012,1420,A168_HF9F_20260827_0900,2026-08-27 09:00:00
2026-06-02,128555534,-1,1,8.2289711215,32.9158844858,32.9158844858,1.0000000,1,1,0.16849040000000000,0.168490400000,2.221498647443418,2.221498647443418,2.221498647443418,0E-17,SENTINEL_DEALER,R03b_20260811_FULL_v1,L1_ELIGIBILITY,v2026-08-11,2026-03-21..2026-08-06,baccarat_bet02_101_all_pairs_incl_sentinel,round_win = game_pnl > 0 (decisive only),COMPATIBILITY_ONLY_NOT_PRODUCTION,20427.4041,19269.7255,6628.1941,143,89,-0.32447559,-0.26315789,-0.32477151,-0.32447559,-6628.1941,20427.4041,OK,0.0000,265.1278,4.0000,96.0000,AG03-UNRESOLVED,ALL5_LEVELS_bet23_to_bet27,265.1278,265.1278,331.4097,331.4097,331.4097,4.000000,4.000000,5.000000,5.000000,5.000000,96.000000,96.000000,95.000000,95.000000,95.000000,5.0,1524.4846,1390.8815,5103.7094,5237.3126,PENDING_AG03,FALSE,NOT_FOR_ENFORCEMENT,6363.0663,18498.9365,6628.1941,6363.0663,265.1278,0.32447559,0.31149657,265.1278,6363.0663,0.31149657,265.1278,265.1278,331.4097,331.4097,331.4097,6363.0663,0.31149657,1524.4846,1390.8815,5103.7094,5237.3126,0.24984621,0.2563866,0.01297902,142.8490,216.5138,74.4741,254.9305,97.4734,785.6694,3.4231,10.9008,151.7112,12.9729,51.4311,102.0792,480.7165,651.8885,1505.6456,42.6878,-14.9743,12.674995,29.275021,2.777484,27,43,26,7,0.00480274,0.32447559,0.26315789,0E-8,0.000000,0.943327,0.804196,0.06161361,2026-03-27,2026-07-10,26,68,65,106,0.245283,0.071853,0.076310,0.016009,,,,,,,,GLOBAL_BASELINE_NO_ENTITY_RANKING,,,NOT_APPLICABLE_GLOBAL_BASELINE,HF9g-P5,,,,X 全窗基线 · 不参与实体赏罚,14190013,1420,A168_HF9F_20260827_0900,2026-08-27 09:00:00
2026-06-02,128555534,2108,0,41.1448556073,164.5794224291,164.5794224291,1.0000000,1,1,0.16849040000000000,0.168490400000,2.221498647443418,2.221498647443418,2.221498647443418,0E-17,ELIGIBLE,R03b_20260811_FULL_v1,L1_ELIGIBILITY,v2026-08-11,2026-03-21..2026-08-06,baccarat_bet02_101_all_pairs_incl_sentinel,round_win = game_pnl > 0 (decisive only),COMPATIBILITY_ONLY_NOT_PRODUCTION,20427.4041,19269.7255,6628.1941,143,89,-0.32447559,-0.26315789,-0.32477151,-0.32447559,-6628.1941,20427.4041,OK,0.0000,265.1278,4.0000,96.0000,AG03-UNRESOLVED,ALL5_LEVELS_bet23_to_bet27,265.1278,265.1278,331.4097,331.4097,331.4097,4.000000,4.000000,5.000000,5.000000,5.000000,96.000000,96.000000,95.000000,95.000000,95.000000,5.0,1524.4846,1390.8815,5103.7094,5237.3126,PENDING_AG03,FALSE,NOT_FOR_ENFORCEMENT,6363.0663,18498.9365,6628.1941,6363.0663,265.1278,0.32447559,0.31149657,265.1278,6363.0663,0.31149657,265.1278,265.1278,331.4097,331.4097,331.4097,6363.0663,0.31149657,1524.4846,1390.8815,5103.7094,5237.3126,0.24984621,0.2563866,0.01297902,142.8490,216.5138,74.4741,254.9305,97.4734,785.6694,3.4231,10.9008,151.7112,12.9729,51.4311,102.0792,480.7165,651.8885,1505.6456,42.6878,-14.9743,12.674995,29.275021,2.777484,27,43,26,7,0.00480274,0.32447559,0.26315789,0E-8,0.000000,0.943327,0.804196,0.06161361,2026-03-27,2026-07-10,26,68,65,106,0.245283,0.071853,0.076310,0.016009,,,,,,,,GLOBAL_BASELINE_NO_ENTITY_RANKING,,,NOT_APPLICABLE_GLOBAL_BASELINE,HF9g-P5,,,,X 全窗基线 · 不参与实体赏罚,14190014,1420,A168_HF9F_20260827_0900,2026-08-27 09:00:00
2026-06-02,128555534,2233,0,4.8859516034,-4.8859516034,-4.8859516034,0E-7,1,1,0.16549100000000000,0.165491000000,-0.44531946405150646,-0.44531946405150646,-0.44531946405150646,0E-17,ELIGIBLE,R03b_20260811_FULL_v1,L1_ELIGIBILITY,v2026-08-11,2026-03-21..2026-08-06,baccarat_bet02_101_all_pairs_incl_sentinel,round_win = game_pnl > 0 (decisive only),COMPATIBILITY_ONLY_NOT_PRODUCTION,20427.4041,19269.7255,6628.1941,143,89,-0.32447559,-0.26315789,-0.32477151,-0.32447559,-6628.1941,20427.4041,OK,0.0000,265.1278,4.0000,96.0000,AG03-UNRESOLVED,ALL5_LEVELS_bet23_to_bet27,265.1278,265.1278,331.4097,331.4097,331.4097,4.000000,4.000000,5.000000,5.000000,5.000000,96.000000,96.000000,95.000000,95.000000,95.000000,5.0,1524.4846,1390.8815,5103.7094,5237.3126,PENDING_AG03,FALSE,NOT_FOR_ENFORCEMENT,6363.0663,18498.9365,6628.1941,6363.0663,265.1278,0.32447559,0.31149657,265.1278,6363.0663,0.31149657,265.1278,265.1278,331.4097,331.4097,331.4097,6363.0663,0.31149657,1524.4846,1390.8815,5103.7094,5237.3126,0.24984621,0.2563866,0.01297902,142.8490,216.5138,74.4741,254.9305,97.4734,785.6694,3.4231,10.9008,151.7112,12.9729,51.4311,102.0792,480.7165,651.8885,1505.6456,42.6878,-14.9743,12.674995,29.275021,2.777484,27,43,26,7,0.00480274,0.32447559,0.26315789,0E-8,0.000000,0.943327,0.804196,0.06161361,2026-03-27,2026-07-10,26,68,65,106,0.245283,0.071853,0.076310,0.016009,,,,,,,,GLOBAL_BASELINE_NO_ENTITY_RANKING,,,NOT_APPLICABLE_GLOBAL_BASELINE,HF9g-P5,,,,X 全窗基线 · 不参与实体赏罚,14190015,1420,A168_HF9F_20260827_0900,2026-08-27 09:00:00
2026-06-15,128555534,2156,0,78.4323810014,-78.4323810014,-78.4323810014,0E-7,2,1,0.47183531639345255,0.394304500000,-0.9451713373632689,-0.8068423640477483,-0.9451713373632689,0.07753081639345255,ELIGIBLE,R03b_20260811_FULL_v1,L1_ELIGIBILITY,v2026-08-11,2026-03-21..2026-08-06,baccarat_bet02_101_all_pairs_incl_sentinel,round_win = game_pnl > 0 (decisive only),COMPATIBILITY_ONLY_NOT_PRODUCTION,20427.4041,19269.7255,6628.1941,143,89,-0.32447559,-0.26315789,-0.32477151,-0.32447559,-6628.1941,20427.4041,OK,0.0000,265.1278,4.0000,96.0000,AG03-UNRESOLVED,ALL5_LEVELS_bet23_to_bet27,265.1278,265.1278,331.4097,331.4097,331.4097,4.000000,4.000000,5.000000,5.000000,5.000000,96.000000,96.000000,95.000000,95.000000,95.000000,5.0,1524.4846,1390.8815,5103.7094,5237.3126,PENDING_AG03,FALSE,NOT_FOR_ENFORCEMENT,6363.0663,18498.9365,6628.1941,6363.0663,265.1278,0.32447559,0.31149657,265.1278,6363.0663,0.31149657,265.1278,265.1278,331.4097,331.4097,331.4097,6363.0663,0.31149657,1524.4846,1390.8815,5103.7094,5237.3126,0.24984621,0.2563866,0.01297902,142.8490,216.5138,74.4741,254.9305,97.4734,785.6694,3.4231,10.9008,151.7112,12.9729,51.4311,102.0792,480.7165,651.8885,1505.6456,42.6878,-14.9743,12.674995,29.275021,2.777484,27,43,26,7,0.00480274,0.32447559,0.26315789,0E-8,0.000000,0.943327,0.804196,0.06161361,2026-03-27,2026-07-10,26,68,65,106,0.245283,0.071853,0.076310,0.016009,,,,,,,,GLOBAL_BASELINE_NO_ENTITY_RANKING,,,NOT_APPLICABLE_GLOBAL_BASELINE,HF9g-P5,,,,X 全窗基线 · 不参与实体赏罚,14190016,1420,A168_HF9F_20260827_0900,2026-08-27 09:00:00
2026-06-16,128555534,-1,1,7427.1607478077,-1284.7481163370,-1284.7481163370,0.5000000,21,8,0.46401825315368317,0.344119606250,0.204072603395437,0.9280458961729335,0.204072603395437,0.11989864690368317,SENTINEL_DEALER,R03b_20260811_FULL_v1,L1_ELIGIBILITY,v2026-08-11,2026-03-21..2026-08-06,baccarat_bet02_101_all_pairs_incl_sentinel,round_win = game_pnl > 0 (decisive only),COMPATIBILITY_ONLY_NOT_PRODUCTION,20427.4041,19269.7255,6628.1941,143,89,-0.32447559,-0.26315789,-0.32477151,-0.32447559,-6628.1941,20427.4041,OK,0.0000,265.1278,4.0000,96.0000,AG03-UNRESOLVED,ALL5_LEVELS_bet23_to_bet27,265.1278,265.1278,331.4097,331.4097,331.4097,4.000000,4.000000,5.000000,5.000000,5.000000,96.000000,96.000000,95.000000,95.000000,95.000000,5.0,1524.4846,1390.8815,5103.7094,5237.3126,PENDING_AG03,FALSE,NOT_FOR_ENFORCEMENT,6363.0663,18498.9365,6628.1941,6363.0663,265.1278,0.32447559,0.31149657,265.1278,6363.0663,0.31149657,265.1278,265.1278,331.4097,331.4097,331.4097,6363.0663,0.31149657,1524.4846,1390.8815,5103.7094,5237.3126,0.24984621,0.2563866,0.01297902,142.8490,216.5138,74.4741,254.9305,97.4734,785.6694,3.4231,10.9008,151.7112,12.9729,51.4311,102.0792,480.7165,651.8885,1505.6456,42.6878,-14.9743,12.674995,29.275021,2.777484,27,43,26,7,0.00480274,0.32447559,0.26315789,0E-8,0.000000,0.943327,0.804196,0.06161361,2026-03-27,2026-07-10,26,68,65,106,0.245283,0.071853,0.076310,0.016009,,,,,,,,GLOBAL_BASELINE_NO_ENTITY_RANKING,,,NOT_APPLICABLE_GLOBAL_BASELINE,HF9g-P5,,,,X 全窗基线 · 不参与实体赏罚,14190017,1420,A168_HF9F_20260827_0900,2026-08-27 09:00:00
2026-06-16,128555534,1267,0,438.1927122175,-438.1927122175,-438.1927122175,0E-7,2,1,0.42727034788731815,0.337570550000,-0.8637270935912672,-0.7138590336056247,-0.8637270935912672,0.08969979788731815,ELIGIBLE,R03b_20260811_FULL_v1,L1_ELIGIBILITY,v2026-08-11,2026-03-21..2026-08-06,baccarat_bet02_101_all_pairs_incl_sentinel,round_win = game_pnl > 0 (decisive only),COMPATIBILITY_ONLY_NOT_PRODUCTION,20427.4041,19269.7255,6628.1941,143,89,-0.32447559,-0.26315789,-0.32477151,-0.32447559,-6628.1941,20427.4041,OK,0.0000,265.1278,4.0000,96.0000,AG03-UNRESOLVED,ALL5_LEVELS_bet23_to_bet27,265.1278,265.1278,331.4097,331.4097,331.4097,4.000000,4.000000,5.000000,5.000000,5.000000,96.000000,96.000000,95.000000,95.000000,95.000000,5.0,1524.4846,1390.8815,5103.7094,5237.3126,PENDING_AG03,FALSE,NOT_FOR_ENFORCEMENT,6363.0663,18498.9365,6628.1941,6363.0663,265.1278,0.32447559,0.31149657,265.1278,6363.0663,0.31149657,265.1278,265.1278,331.4097,331.4097,331.4097,6363.0663,0.31149657,1524.4846,1390.8815,5103.7094,5237.3126,0.24984621,0.2563866,0.01297902,142.8490,216.5138,74.4741,254.9305,97.4734,785.6694,3.4231,10.9008,151.7112,12.9729,51.4311,102.0792,480.7165,651.8885,1505.6456,42.6878,-14.9743,12.674995,29.275021,2.777484,27,43,26,7,0.00480274,0.32447559,0.26315789,0E-8,0.000000,0.943327,0.804196,0.06161361,2026-03-27,2026-07-10,26,68,65,106,0.245283,0.071853,0.076310,0.016009,,,,,,,,GLOBAL_BASELINE_NO_ENTITY_RANKING,,,NOT_APPLICABLE_GLOBAL_BASELINE,HF9g-P5,,,,X 全窗基线 · 不参与实体赏罚,14190018,1420,A168_HF9F_20260827_0900,2026-08-27 09:00:00
2026-06-16,128555534,2218,0,77.1466042636,-77.1466042636,-77.1466042636,0E-7,1,1,0.16849040000000000,0.168490400000,-0.4501465716176945,-0.4501465716176945,-0.4501465716176945,0E-17,ELIGIBLE,R03b_20260811_FULL_v1,L1_ELIGIBILITY,v2026-08-11,2026-03-21..2026-08-06,baccarat_bet02_101_all_pairs_incl_sentinel,round_win = game_pnl > 0 (decisive only),COMPATIBILITY_ONLY_NOT_PRODUCTION,20427.4041,19269.7255,6628.1941,143,89,-0.32447559,-0.26315789,-0.32477151,-0.32447559,-6628.1941,20427.4041,OK,0.0000,265.1278,4.0000,96.0000,AG03-UNRESOLVED,ALL5_LEVELS_bet23_to_bet27,265.1278,265.1278,331.4097,331.4097,331.4097,4.000000,4.000000,5.000000,5.000000,5.000000,96.000000,96.000000,95.000000,95.000000,95.000000,5.0,1524.4846,1390.8815,5103.7094,5237.3126,PENDING_AG03,FALSE,NOT_FOR_ENFORCEMENT,6363.0663,18498.9365,6628.1941,6363.0663,265.1278,0.32447559,0.31149657,265.1278,6363.0663,0.31149657,265.1278,265.1278,331.4097,331.4097,331.4097,6363.0663,0.31149657,1524.4846,1390.8815,5103.7094,5237.3126,0.24984621,0.2563866,0.01297902,142.8490,216.5138,74.4741,254.9305,97.4734,785.6694,3.4231,10.9008,151.7112,12.9729,51.4311,102.0792,480.7165,651.8885,1505.6456,42.6878,-14.9743,12.674995,29.275021,2.777484,27,43,26,7,0.00480274,0.32447559,0.26315789,0E-8,0.000000,0.943327,0.804196,0.06161361,2026-03-27,2026-07-10,26,68,65,106,0.245283,0.071853,0.076310,0.016009,,,,,,,,GLOBAL_BASELINE_NO_ENTITY_RANKING,,,NOT_APPLICABLE_GLOBAL_BASELINE,HF9g-P5,,,,X 全窗基线 · 不参与实体赏罚,14190019,1420,A168_HF9F_20260827_0900,2026-08-27 09:00:00
2026-06-17,128555534,1151,0,32.9158844858,-32.9158844858,-32.9158844858,0E-7,1,1,0.16549100000000000,0.165491000000,-0.44531946405150646,-0.44531946405150646,-0.44531946405150646,0E-17,ELIGIBLE,R03b_20260811_FULL_v1,L1_ELIGIBILITY,v2026-08-11,2026-03-21..2026-08-06,baccarat_bet02_101_all_pairs_incl_sentinel,round_win = game_pnl > 0 (decisive only),COMPATIBILITY_ONLY_NOT_PRODUCTION,20427.4041,19269.7255,6628.1941,143,89,-0.32447559,-0.26315789,-0.32477151,-0.32447559,-6628.1941,20427.4041,OK,0.0000,265.1278,4.0000,96.0000,AG03-UNRESOLVED,ALL5_LEVELS_bet23_to_bet27,265.1278,265.1278,331.4097,331.4097,331.4097,4.000000,4.000000,5.000000,5.000000,5.000000,96.000000,96.000000,95.000000,95.000000,95.000000,5.0,1524.4846,1390.8815,5103.7094,5237.3126,PENDING_AG03,FALSE,NOT_FOR_ENFORCEMENT,6363.0663,18498.9365,6628.1941,6363.0663,265.1278,0.32447559,0.31149657,265.1278,6363.0663,0.31149657,265.1278,265.1278,331.4097,331.4097,331.4097,6363.0663,0.31149657,1524.4846,1390.8815,5103.7094,5237.3126,0.24984621,0.2563866,0.01297902,142.8490,216.5138,74.4741,254.9305,97.4734,785.6694,3.4231,10.9008,151.7112,12.9729,51.4311,102.0792,480.7165,651.8885,1505.6456,42.6878,-14.9743,12.674995,29.275021,2.777484,27,43,26,7,0.00480274,0.32447559,0.26315789,0E-8,0.000000,0.943327,0.804196,0.06161361,2026-03-27,2026-07-10,26,68,65,106,0.245283,0.071853,0.076310,0.016009,,,,,,,,GLOBAL_BASELINE_NO_ENTITY_RANKING,,,NOT_APPLICABLE_GLOBAL_BASELINE,HF9g-P5,,,,X 全窗基线 · 不参与实体赏罚,14190020,1420,A168_HF9F_20260827_0900,2026-08-27 09:00:00
2026-06-17,128555534,550,0,5.1431069509,-5.1431069509,-5.1431069509,0E-7,1,1,0.16549100000000000,0.165491000000,-0.44531946405150646,-0.44531946405150646,-0.44531946405150646,0E-17,ELIGIBLE,R03b_20260811_FULL_v1,L1_ELIGIBILITY,v2026-08-11,2026-03-21..2026-08-06,baccarat_bet02_101_all_pairs_incl_sentinel,round_win = game_pnl > 0 (decisive only),COMPATIBILITY_ONLY_NOT_PRODUCTION,20427.4041,19269.7255,6628.1941,143,89,-0.32447559,-0.26315789,-0.32477151,-0.32447559,-6628.1941,20427.4041,OK,0.0000,265.1278,4.0000,96.0000,AG03-UNRESOLVED,ALL5_LEVELS_bet23_to_bet27,265.1278,265.1278,331.4097,331.4097,331.4097,4.000000,4.000000,5.000000,5.000000,5.000000,96.000000,96.000000,95.000000,95.000000,95.000000,5.0,1524.4846,1390.8815,5103.7094,5237.3126,PENDING_AG03,FALSE,NOT_FOR_ENFORCEMENT,6363.0663,18498.9365,6628.1941,6363.0663,265.1278,0.32447559,0.31149657,265.1278,6363.0663,0.31149657,265.1278,265.1278,331.4097,331.4097,331.4097,6363.0663,0.31149657,1524.4846,1390.8815,5103.7094,5237.3126,0.24984621,0.2563866,0.01297902,142.8490,216.5138,74.4741,254.9305,97.4734,785.6694,3.4231,10.9008,151.7112,12.9729,51.4311,102.0792,480.7165,651.8885,1505.6456,42.6878,-14.9743,12.674995,29.275021,2.777484,27,43,26,7,0.00480274,0.32447559,0.26315789,0E-8,0.000000,0.943327,0.804196,0.06161361,2026-03-27,2026-07-10,26,68,65,106,0.245283,0.071853,0.076310,0.016009,,,,,,,,GLOBAL_BASELINE_NO_ENTITY_RANKING,,,NOT_APPLICABLE_GLOBAL_BASELINE,HF9g-P5,,,,X 全窗基线 · 不参与实体赏罚,14190021,1420,A168_HF9F_20260827_0900,2026-08-27 09:00:00
2026-06-23,128555534,-1,1,7.7146604264,-7.7146604264,-7.7146604264,0E-7,1,1,0.49324550000000000,0.493245500000,-0.9865810262130424,-0.9865810262130424,-0.9865810262130424,0E-17,SENTINEL_DEALER,R03b_20260811_FULL_v1,L1_ELIGIBILITY,v2026-08-11,2026-03-21..2026-08-06,baccarat_bet02_101_all_pairs_incl_sentinel,round_win = game_pnl > 0 (decisive only),COMPATIBILITY_ONLY_NOT_PRODUCTION,20427.4041,19269.7255,6628.1941,143,89,-0.32447559,-0.26315789,-0.32477151,-0.32447559,-6628.1941,20427.4041,OK,0.0000,265.1278,4.0000,96.0000,AG03-UNRESOLVED,ALL5_LEVELS_bet23_to_bet27,265.1278,265.1278,331.4097,331.4097,331.4097,4.000000,4.000000,5.000000,5.000000,5.000000,96.000000,96.000000,95.000000,95.000000,95.000000,5.0,1524.4846,1390.8815,5103.7094,5237.3126,PENDING_AG03,FALSE,NOT_FOR_ENFORCEMENT,6363.0663,18498.9365,6628.1941,6363.0663,265.1278,0.32447559,0.31149657,265.1278,6363.0663,0.31149657,265.1278,265.1278,331.4097,331.4097,331.4097,6363.0663,0.31149657,1524.4846,1390.8815,5103.7094,5237.3126,0.24984621,0.2563866,0.01297902,142.8490,216.5138,74.4741,254.9305,97.4734,785.6694,3.4231,10.9008,151.7112,12.9729,51.4311,102.0792,480.7165,651.8885,1505.6456,42.6878,-14.9743,12.674995,29.275021,2.777484,27,43,26,7,0.00480274,0.32447559,0.26315789,0E-8,0.000000,0.943327,0.804196,0.06161361,2026-03-27,2026-07-10,26,68,65,106,0.245283,0.071853,0.076310,0.016009,,,,,,,,GLOBAL_BASELINE_NO_ENTITY_RANKING,,,NOT_APPLICABLE_GLOBAL_BASELINE,HF9g-P5,,,,X 全窗基线 · 不参与实体赏罚,14190022,1420,A168_HF9F_20260827_0900,2026-08-27 09:00:00
2026-06-24,128555534,-1,1,25.7155347545,25.7155347545,25.7155347545,1.0000000,1,1,0.49324550000000000,0.493245500000,1.01360149184955,1.01360149184955,1.01360149184955,0E-17,SENTINEL_DEALER,R03b_20260811_FULL_v1,L1_ELIGIBILITY,v2026-08-11,2026-03-21..2026-08-06,baccarat_bet02_101_all_pairs_incl_sentinel,round_win = game_pnl > 0 (decisive only),COMPATIBILITY_ONLY_NOT_PRODUCTION,20427.4041,19269.7255,6628.1941,143,89,-0.32447559,-0.26315789,-0.32477151,-0.32447559,-6628.1941,20427.4041,OK,0.0000,265.1278,4.0000,96.0000,AG03-UNRESOLVED,ALL5_LEVELS_bet23_to_bet27,265.1278,265.1278,331.4097,331.4097,331.4097,4.000000,4.000000,5.000000,5.000000,5.000000,96.000000,96.000000,95.000000,95.000000,95.000000,5.0,1524.4846,1390.8815,5103.7094,5237.3126,PENDING_AG03,FALSE,NOT_FOR_ENFORCEMENT,6363.0663,18498.9365,6628.1941,6363.0663,265.1278,0.32447559,0.31149657,265.1278,6363.0663,0.31149657,265.1278,265.1278,331.4097,331.4097,331.4097,6363.0663,0.31149657,1524.4846,1390.8815,5103.7094,5237.3126,0.24984621,0.2563866,0.01297902,142.8490,216.5138,74.4741,254.9305,97.4734,785.6694,3.4231,10.9008,151.7112,12.9729,51.4311,102.0792,480.7165,651.8885,1505.6456,42.6878,-14.9743,12.674995,29.275021,2.777484,27,43,26,7,0.00480274,0.32447559,0.26315789,0E-8,0.000000,0.943327,0.804196,0.06161361,2026-03-27,2026-07-10,26,68,65,106,0.245283,0.071853,0.076310,0.016009,,,,,,,,GLOBAL_BASELINE_NO_ENTITY_RANKING,,,NOT_APPLICABLE_GLOBAL_BASELINE,HF9g-P5,,,,X 全窗基线 · 不参与实体赏罚,14190023,1420,A168_HF9F_20260827_0900,2026-08-27 09:00:00
2026-06-24,128555534,2117,0,125.7489649497,-125.7489649497,-125.7489649497,0E-7,3,1,0.34584057975454556,0.318033333333,-0.7271033998480342,-0.6828962796817922,-0.7271033998480342,0.02780724642154556,ELIGIBLE,R03b_20260811_FULL_v1,L1_ELIGIBILITY,v2026-08-11,2026-03-21..2026-08-06,baccarat_bet02_101_all_pairs_incl_sentinel,round_win = game_pnl > 0 (decisive only),COMPATIBILITY_ONLY_NOT_PRODUCTION,20427.4041,19269.7255,6628.1941,143,89,-0.32447559,-0.26315789,-0.32477151,-0.32447559,-6628.1941,20427.4041,OK,0.0000,265.1278,4.0000,96.0000,AG03-UNRESOLVED,ALL5_LEVELS_bet23_to_bet27,265.1278,265.1278,331.4097,331.4097,331.4097,4.000000,4.000000,5.000000,5.000000,5.000000,96.000000,96.000000,95.000000,95.000000,95.000000,5.0,1524.4846,1390.8815,5103.7094,5237.3126,PENDING_AG03,FALSE,NOT_FOR_ENFORCEMENT,6363.0663,18498.9365,6628.1941,6363.0663,265.1278,0.32447559,0.31149657,265.1278,6363.0663,0.31149657,265.1278,265.1278,331.4097,331.4097,331.4097,6363.0663,0.31149657,1524.4846,1390.8815,5103.7094,5237.3126,0.24984621,0.2563866,0.01297902,142.8490,216.5138,74.4741,254.9305,97.4734,785.6694,3.4231,10.9008,151.7112,12.9729,51.4311,102.0792,480.7165,651.8885,1505.6456,42.6878,-14.9743,12.674995,29.275021,2.777484,27,43,26,7,0.00480274,0.32447559,0.26315789,0E-8,0.000000,0.943327,0.804196,0.06161361,2026-03-27,2026-07-10,26,68,65,106,0.245283,0.071853,0.076310,0.016009,,,,,,,,GLOBAL_BASELINE_NO_ENTITY_RANKING,,,NOT_APPLICABLE_GLOBAL_BASELINE,HF9g-P5,,,,X 全窗基线 · 不参与实体赏罚,14190024,1420,A168_HF9F_20260827_0900,2026-08-27 09:00:00
2026-06-27,128555534,2220,0,58.3742638928,-58.3742638928,-58.3742638928,0E-7,1,1,0.16549100000000000,0.165491000000,-0.44531946405150646,-0.44531946405150646,-0.44531946405150646,0E-17,ELIGIBLE,R03b_20260811_FULL_v1,L1_ELIGIBILITY,v2026-08-11,2026-03-21..2026-08-06,baccarat_bet02_101_all_pairs_incl_sentinel,round_win = game_pnl > 0 (decisive only),COMPATIBILITY_ONLY_NOT_PRODUCTION,20427.4041,19269.7255,6628.1941,143,89,-0.32447559,-0.26315789,-0.32477151,-0.32447559,-6628.1941,20427.4041,OK,0.0000,265.1278,4.0000,96.0000,AG03-UNRESOLVED,ALL5_LEVELS_bet23_to_bet27,265.1278,265.1278,331.4097,331.4097,331.4097,4.000000,4.000000,5.000000,5.000000,5.000000,96.000000,96.000000,95.000000,95.000000,95.000000,5.0,1524.4846,1390.8815,5103.7094,5237.3126,PENDING_AG03,FALSE,NOT_FOR_ENFORCEMENT,6363.0663,18498.9365,6628.1941,6363.0663,265.1278,0.32447559,0.31149657,265.1278,6363.0663,0.31149657,265.1278,265.1278,331.4097,331.4097,331.4097,6363.0663,0.31149657,1524.4846,1390.8815,5103.7094,5237.3126,0.24984621,0.2563866,0.01297902,142.8490,216.5138,74.4741,254.9305,97.4734,785.6694,3.4231,10.9008,151.7112,12.9729,51.4311,102.0792,480.7165,651.8885,1505.6456,42.6878,-14.9743,12.674995,29.275021,2.777484,27,43,26,7,0.00480274,0.32447559,0.26315789,0E-8,0.000000,0.943327,0.804196,0.06161361,2026-03-27,2026-07-10,26,68,65,106,0.245283,0.071853,0.076310,0.016009,,,,,,,,GLOBAL_BASELINE_NO_ENTITY_RANKING,,,NOT_APPLICABLE_GLOBAL_BASELINE,HF9g-P5,,,,X 全窗基线 · 不参与实体赏罚,14190025,1420,A168_HF9F_20260827_0900,2026-08-27 09:00:00
2026-06-27,128555534,462,0,102.8621390181,-102.8621390181,-102.8621390181,0E-7,2,1,0.41130687500007966,0.329368250000,-0.8358695458975225,-0.7008076127879316,-0.8358695458975225,0.08193862500007966,ELIGIBLE,R03b_20260811_FULL_v1,L1_ELIGIBILITY,v2026-08-11,2026-03-21..2026-08-06,baccarat_bet02_101_all_pairs_incl_sentinel,round_win = game_pnl > 0 (decisive only),COMPATIBILITY_ONLY_NOT_PRODUCTION,20427.4041,19269.7255,6628.1941,143,89,-0.32447559,-0.26315789,-0.32477151,-0.32447559,-6628.1941,20427.4041,OK,0.0000,265.1278,4.0000,96.0000,AG03-UNRESOLVED,ALL5_LEVELS_bet23_to_bet27,265.1278,265.1278,331.4097,331.4097,331.4097,4.000000,4.000000,5.000000,5.000000,5.000000,96.000000,96.000000,95.000000,95.000000,95.000000,5.0,1524.4846,1390.8815,5103.7094,5237.3126,PENDING_AG03,FALSE,NOT_FOR_ENFORCEMENT,6363.0663,18498.9365,6628.1941,6363.0663,265.1278,0.32447559,0.31149657,265.1278,6363.0663,0.31149657,265.1278,265.1278,331.4097,331.4097,331.4097,6363.0663,0.31149657,1524.4846,1390.8815,5103.7094,5237.3126,0.24984621,0.2563866,0.01297902,142.8490,216.5138,74.4741,254.9305,97.4734,785.6694,3.4231,10.9008,151.7112,12.9729,51.4311,102.0792,480.7165,651.8885,1505.6456,42.6878,-14.9743,12.674995,29.275021,2.777484,27,43,26,7,0.00480274,0.32447559,0.26315789,0E-8,0.000000,0.943327,0.804196,0.06161361,2026-03-27,2026-07-10,26,68,65,106,0.245283,0.071853,0.076310,0.016009,,,,,,,,GLOBAL_BASELINE_NO_ENTITY_RANKING,,,NOT_APPLICABLE_GLOBAL_BASELINE,HF9g-P5,,,,X 全窗基线 · 不参与实体赏罚,14190026,1420,A168_HF9F_20260827_0900,2026-08-27 09:00:00
2026-07-01,128555534,-1,1,20.6542224976,20.6542224976,20.6542224976,1.0000000,1,1,0.50665070000000000,0.506650700000,0.9867858985152569,0.9867858985152569,0.9867858985152569,0E-17,SENTINEL_DEALER,R03b_20260811_FULL_v1,L1_ELIGIBILITY,v2026-08-11,2026-03-21..2026-08-06,baccarat_bet02_101_all_pairs_incl_sentinel,round_win = game_pnl > 0 (decisive only),COMPATIBILITY_ONLY_NOT_PRODUCTION,20427.4041,19269.7255,6628.1941,143,89,-0.32447559,-0.26315789,-0.32477151,-0.32447559,-6628.1941,20427.4041,OK,0.0000,265.1278,4.0000,96.0000,AG03-UNRESOLVED,ALL5_LEVELS_bet23_to_bet27,265.1278,265.1278,331.4097,331.4097,331.4097,4.000000,4.000000,5.000000,5.000000,5.000000,96.000000,96.000000,95.000000,95.000000,95.000000,5.0,1524.4846,1390.8815,5103.7094,5237.3126,PENDING_AG03,FALSE,NOT_FOR_ENFORCEMENT,6363.0663,18498.9365,6628.1941,6363.0663,265.1278,0.32447559,0.31149657,265.1278,6363.0663,0.31149657,265.1278,265.1278,331.4097,331.4097,331.4097,6363.0663,0.31149657,1524.4846,1390.8815,5103.7094,5237.3126,0.24984621,0.2563866,0.01297902,142.8490,216.5138,74.4741,254.9305,97.4734,785.6694,3.4231,10.9008,151.7112,12.9729,51.4311,102.0792,480.7165,651.8885,1505.6456,42.6878,-14.9743,12.674995,29.275021,2.777484,27,43,26,7,0.00480274,0.32447559,0.26315789,0E-8,0.000000,0.943327,0.804196,0.06161361,2026-03-27,2026-07-10,26,68,65,106,0.245283,0.071853,0.076310,0.016009,,,,,,,,GLOBAL_BASELINE_NO_ENTITY_RANKING,,,NOT_APPLICABLE_GLOBAL_BASELINE,HF9g-P5,,,,X 全窗基线 · 不参与实体赏罚,14190027,1420,A168_HF9F_20260827_0900,2026-08-27 09:00:00
2026-07-01,128555534,1110,0,12.9088890610,-12.9088890610,-12.9088890610,0E-7,1,1,0.49324550000000000,0.493245500000,-0.9865810262130424,-0.9865810262130424,-0.9865810262130424,0E-17,ELIGIBLE,R03b_20260811_FULL_v1,L1_ELIGIBILITY,v2026-08-11,2026-03-21..2026-08-06,baccarat_bet02_101_all_pairs_incl_sentinel,round_win = game_pnl > 0 (decisive only),COMPATIBILITY_ONLY_NOT_PRODUCTION,20427.4041,19269.7255,6628.1941,143,89,-0.32447559,-0.26315789,-0.32477151,-0.32447559,-6628.1941,20427.4041,OK,0.0000,265.1278,4.0000,96.0000,AG03-UNRESOLVED,ALL5_LEVELS_bet23_to_bet27,265.1278,265.1278,331.4097,331.4097,331.4097,4.000000,4.000000,5.000000,5.000000,5.000000,96.000000,96.000000,95.000000,95.000000,95.000000,5.0,1524.4846,1390.8815,5103.7094,5237.3126,PENDING_AG03,FALSE,NOT_FOR_ENFORCEMENT,6363.0663,18498.9365,6628.1941,6363.0663,265.1278,0.32447559,0.31149657,265.1278,6363.0663,0.31149657,265.1278,265.1278,331.4097,331.4097,331.4097,6363.0663,0.31149657,1524.4846,1390.8815,5103.7094,5237.3126,0.24984621,0.2563866,0.01297902,142.8490,216.5138,74.4741,254.9305,97.4734,785.6694,3.4231,10.9008,151.7112,12.9729,51.4311,102.0792,480.7165,651.8885,1505.6456,42.6878,-14.9743,12.674995,29.275021,2.777484,27,43,26,7,0.00480274,0.32447559,0.26315789,0E-8,0.000000,0.943327,0.804196,0.06161361,2026-03-27,2026-07-10,26,68,65,106,0.245283,0.071853,0.076310,0.016009,,,,,,,,GLOBAL_BASELINE_NO_ENTITY_RANKING,,,NOT_APPLICABLE_GLOBAL_BASELINE,HF9g-P5,,,,X 全窗基线 · 不参与实体赏罚,14190028,1420,A168_HF9F_20260827_0900,2026-08-27 09:00:00
2026-07-01,128555534,1318,0,80.0351121782,-80.0351121782,-80.0351121782,0E-7,2,1,0.44120031935483871,0.337570550000,-0.8885662926160459,-0.7138590336056247,-0.8885662926160459,0.10362976935483871,ELIGIBLE,R03b_20260811_FULL_v1,L1_ELIGIBILITY,v2026-08-11,2026-03-21..2026-08-06,baccarat_bet02_101_all_pairs_incl_sentinel,round_win = game_pnl > 0 (decisive only),COMPATIBILITY_ONLY_NOT_PRODUCTION,20427.4041,19269.7255,6628.1941,143,89,-0.32447559,-0.26315789,-0.32477151,-0.32447559,-6628.1941,20427.4041,OK,0.0000,265.1278,4.0000,96.0000,AG03-UNRESOLVED,ALL5_LEVELS_bet23_to_bet27,265.1278,265.1278,331.4097,331.4097,331.4097,4.000000,4.000000,5.000000,5.000000,5.000000,96.000000,96.000000,95.000000,95.000000,95.000000,5.0,1524.4846,1390.8815,5103.7094,5237.3126,PENDING_AG03,FALSE,NOT_FOR_ENFORCEMENT,6363.0663,18498.9365,6628.1941,6363.0663,265.1278,0.32447559,0.31149657,265.1278,6363.0663,0.31149657,265.1278,265.1278,331.4097,331.4097,331.4097,6363.0663,0.31149657,1524.4846,1390.8815,5103.7094,5237.3126,0.24984621,0.2563866,0.01297902,142.8490,216.5138,74.4741,254.9305,97.4734,785.6694,3.4231,10.9008,151.7112,12.9729,51.4311,102.0792,480.7165,651.8885,1505.6456,42.6878,-14.9743,12.674995,29.275021,2.777484,27,43,26,7,0.00480274,0.32447559,0.26315789,0E-8,0.000000,0.943327,0.804196,0.06161361,2026-03-27,2026-07-10,26,68,65,106,0.245283,0.071853,0.076310,0.016009,,,,,,,,GLOBAL_BASELINE_NO_ENTITY_RANKING,,,NOT_APPLICABLE_GLOBAL_BASELINE,HF9g-P5,,,,X 全窗基线 · 不参与实体赏罚,14190029,1420,A168_HF9F_20260827_0900,2026-08-27 09:00:00
2026-07-01,128555534,2129,0,12.9088890610,12.9088890610,12.9088890610,1.0000000,1,1,0.50665070000000000,0.506650700000,0.9867858985152569,0.9867858985152569,0.9867858985152569,0E-17,ELIGIBLE,R03b_20260811_FULL_v1,L1_ELIGIBILITY,v2026-08-11,2026-03-21..2026-08-06,baccarat_bet02_101_all_pairs_incl_sentinel,round_win = game_pnl > 0 (decisive only),COMPATIBILITY_ONLY_NOT_PRODUCTION,20427.4041,19269.7255,6628.1941,143,89,-0.32447559,-0.26315789,-0.32477151,-0.32447559,-6628.1941,20427.4041,OK,0.0000,265.1278,4.0000,96.0000,AG03-UNRESOLVED,ALL5_LEVELS_bet23_to_bet27,265.1278,265.1278,331.4097,331.4097,331.4097,4.000000,4.000000,5.000000,5.000000,5.000000,96.000000,96.000000,95.000000,95.000000,95.000000,5.0,1524.4846,1390.8815,5103.7094,5237.3126,PENDING_AG03,FALSE,NOT_FOR_ENFORCEMENT,6363.0663,18498.9365,6628.1941,6363.0663,265.1278,0.32447559,0.31149657,265.1278,6363.0663,0.31149657,265.1278,265.1278,331.4097,331.4097,331.4097,6363.0663,0.31149657,1524.4846,1390.8815,5103.7094,5237.3126,0.24984621,0.2563866,0.01297902,142.8490,216.5138,74.4741,254.9305,97.4734,785.6694,3.4231,10.9008,151.7112,12.9729,51.4311,102.0792,480.7165,651.8885,1505.6456,42.6878,-14.9743,12.674995,29.275021,2.777484,27,43,26,7,0.00480274,0.32447559,0.26315789,0E-8,0.000000,0.943327,0.804196,0.06161361,2026-03-27,2026-07-10,26,68,65,106,0.245283,0.071853,0.076310,0.016009,,,,,,,,GLOBAL_BASELINE_NO_ENTITY_RANKING,,,NOT_APPLICABLE_GLOBAL_BASELINE,HF9g-P5,,,,X 全窗基线 · 不参与实体赏罚,14190030,1420,A168_HF9F_20260827_0900,2026-08-27 09:00:00
2026-07-02,128555534,1330,0,5.9380889681,-5.9380889681,-5.9380889681,0E-7,1,1,0.49324550000000000,0.493245500000,-0.9865810262130424,-0.9865810262130424,-0.9865810262130424,0E-17,ELIGIBLE,R03b_20260811_FULL_v1,L1_ELIGIBILITY,v2026-08-11,2026-03-21..2026-08-06,baccarat_bet02_101_all_pairs_incl_sentinel,round_win = game_pnl > 0 (decisive only),COMPATIBILITY_ONLY_NOT_PRODUCTION,20427.4041,19269.7255,6628.1941,143,89,-0.32447559,-0.26315789,-0.32477151,-0.32447559,-6628.1941,20427.4041,OK,0.0000,265.1278,4.0000,96.0000,AG03-UNRESOLVED,ALL5_LEVELS_bet23_to_bet27,265.1278,265.1278,331.4097,331.4097,331.4097,4.000000,4.000000,5.000000,5.000000,5.000000,96.000000,96.000000,95.000000,95.000000,95.000000,5.0,1524.4846,1390.8815,5103.7094,5237.3126,PENDING_AG03,FALSE,NOT_FOR_ENFORCEMENT,6363.0663,18498.9365,6628.1941,6363.0663,265.1278,0.32447559,0.31149657,265.1278,6363.0663,0.31149657,265.1278,265.1278,331.4097,331.4097,331.4097,6363.0663,0.31149657,1524.4846,1390.8815,5103.7094,5237.3126,0.24984621,0.2563866,0.01297902,142.8490,216.5138,74.4741,254.9305,97.4734,785.6694,3.4231,10.9008,151.7112,12.9729,51.4311,102.0792,480.7165,651.8885,1505.6456,42.6878,-14.9743,12.674995,29.275021,2.777484,27,43,26,7,0.00480274,0.32447559,0.26315789,0E-8,0.000000,0.943327,0.804196,0.06161361,2026-03-27,2026-07-10,26,68,65,106,0.245283,0.071853,0.076310,0.016009,,,,,,,,GLOBAL_BASELINE_NO_ENTITY_RANKING,,,NOT_APPLICABLE_GLOBAL_BASELINE,HF9g-P5,,,,X 全窗基线 · 不参与实体赏罚,14190031,1420,A168_HF9F_20260827_0900,2026-08-27 09:00:00
2026-07-06,128555534,2129,0,14.9743113108,-14.9743113108,-14.9743113108,0E-7,1,1,0.16849040000000000,0.168490400000,-0.4501465716176945,-0.4501465716176945,-0.4501465716176945,0E-17,ELIGIBLE,R03b_20260811_FULL_v1,L1_ELIGIBILITY,v2026-08-11,2026-03-21..2026-08-06,baccarat_bet02_101_all_pairs_incl_sentinel,round_win = game_pnl > 0 (decisive only),COMPATIBILITY_ONLY_NOT_PRODUCTION,20427.4041,19269.7255,6628.1941,143,89,-0.32447559,-0.26315789,-0.32477151,-0.32447559,-6628.1941,20427.4041,OK,0.0000,265.1278,4.0000,96.0000,AG03-UNRESOLVED,ALL5_LEVELS_bet23_to_bet27,265.1278,265.1278,331.4097,331.4097,331.4097,4.000000,4.000000,5.000000,5.000000,5.000000,96.000000,96.000000,95.000000,95.000000,95.000000,5.0,1524.4846,1390.8815,5103.7094,5237.3126,PENDING_AG03,FALSE,NOT_FOR_ENFORCEMENT,6363.0663,18498.9365,6628.1941,6363.0663,265.1278,0.32447559,0.31149657,265.1278,6363.0663,0.31149657,265.1278,265.1278,331.4097,331.4097,331.4097,6363.0663,0.31149657,1524.4846,1390.8815,5103.7094,5237.3126,0.24984621,0.2563866,0.01297902,142.8490,216.5138,74.4741,254.9305,97.4734,785.6694,3.4231,10.9008,151.7112,12.9729,51.4311,102.0792,480.7165,651.8885,1505.6456,42.6878,-14.9743,12.674995,29.275021,2.777484,27,43,26,7,0.00480274,0.32447559,0.26315789,0E-8,0.000000,0.943327,0.804196,0.06161361,2026-03-27,2026-07-10,26,68,65,106,0.245283,0.071853,0.076310,0.016009,,,,,,,,GLOBAL_BASELINE_NO_ENTITY_RANKING,,,NOT_APPLICABLE_GLOBAL_BASELINE,HF9g-P5,,,,X 全窗基线 · 不参与实体赏罚,14190032,1420,A168_HF9F_20260827_0900,2026-08-27 09:00:00
2026-07-06,128555534,2220,0,7.4871556554,7.4871556554,7.4871556554,1.0000000,1,1,0.49324550000000000,0.493245500000,1.01360149184955,1.01360149184955,1.01360149184955,0E-17,ELIGIBLE,R03b_20260811_FULL_v1,L1_ELIGIBILITY,v2026-08-11,2026-03-21..2026-08-06,baccarat_bet02_101_all_pairs_incl_sentinel,round_win = game_pnl > 0 (decisive only),COMPATIBILITY_ONLY_NOT_PRODUCTION,20427.4041,19269.7255,6628.1941,143,89,-0.32447559,-0.26315789,-0.32477151,-0.32447559,-6628.1941,20427.4041,OK,0.0000,265.1278,4.0000,96.0000,AG03-UNRESOLVED,ALL5_LEVELS_bet23_to_bet27,265.1278,265.1278,331.4097,331.4097,331.4097,4.000000,4.000000,5.000000,5.000000,5.000000,96.000000,96.000000,95.000000,95.000000,95.000000,5.0,1524.4846,1390.8815,5103.7094,5237.3126,PENDING_AG03,FALSE,NOT_FOR_ENFORCEMENT,6363.0663,18498.9365,6628.1941,6363.0663,265.1278,0.32447559,0.31149657,265.1278,6363.0663,0.31149657,265.1278,265.1278,331.4097,331.4097,331.4097,6363.0663,0.31149657,1524.4846,1390.8815,5103.7094,5237.3126,0.24984621,0.2563866,0.01297902,142.8490,216.5138,74.4741,254.9305,97.4734,785.6694,3.4231,10.9008,151.7112,12.9729,51.4311,102.0792,480.7165,651.8885,1505.6456,42.6878,-14.9743,12.674995,29.275021,2.777484,27,43,26,7,0.00480274,0.32447559,0.26315789,0E-8,0.000000,0.943327,0.804196,0.06161361,2026-03-27,2026-07-10,26,68,65,106,0.245283,0.071853,0.076310,0.016009,,,,,,,,GLOBAL_BASELINE_NO_ENTITY_RANKING,,,NOT_APPLICABLE_GLOBAL_BASELINE,HF9g-P5,,,,X 全窗基线 · 不参与实体赏罚,14190033,1420,A168_HF9F_20260827_0900,2026-08-27 09:00:00
2026-07-07,128555534,1994,0,10.3271112488,-10.3271112488,-10.3271112488,0E-7,1,1,0.16849040000000000,0.168490400000,-0.4501465716176945,-0.4501465716176945,-0.4501465716176945,0E-17,ELIGIBLE,R03b_20260811_FULL_v1,L1_ELIGIBILITY,v2026-08-11,2026-03-21..2026-08-06,baccarat_bet02_101_all_pairs_incl_sentinel,round_win = game_pnl > 0 (decisive only),COMPATIBILITY_ONLY_NOT_PRODUCTION,20427.4041,19269.7255,6628.1941,143,89,-0.32447559,-0.26315789,-0.32477151,-0.32447559,-6628.1941,20427.4041,OK,0.0000,265.1278,4.0000,96.0000,AG03-UNRESOLVED,ALL5_LEVELS_bet23_to_bet27,265.1278,265.1278,331.4097,331.4097,331.4097,4.000000,4.000000,5.000000,5.000000,5.000000,96.000000,96.000000,95.000000,95.000000,95.000000,5.0,1524.4846,1390.8815,5103.7094,5237.3126,PENDING_AG03,FALSE,NOT_FOR_ENFORCEMENT,6363.0663,18498.9365,6628.1941,6363.0663,265.1278,0.32447559,0.31149657,265.1278,6363.0663,0.31149657,265.1278,265.1278,331.4097,331.4097,331.4097,6363.0663,0.31149657,1524.4846,1390.8815,5103.7094,5237.3126,0.24984621,0.2563866,0.01297902,142.8490,216.5138,74.4741,254.9305,97.4734,785.6694,3.4231,10.9008,151.7112,12.9729,51.4311,102.0792,480.7165,651.8885,1505.6456,42.6878,-14.9743,12.674995,29.275021,2.777484,27,43,26,7,0.00480274,0.32447559,0.26315789,0E-8,0.000000,0.943327,0.804196,0.06161361,2026-03-27,2026-07-10,26,68,65,106,0.245283,0.071853,0.076310,0.016009,,,,,,,,GLOBAL_BASELINE_NO_ENTITY_RANKING,,,NOT_APPLICABLE_GLOBAL_BASELINE,HF9g-P5,,,,X 全窗基线 · 不参与实体赏罚,14190034,1420,A168_HF9F_20260827_0900,2026-08-27 09:00:00
2026-07-07,128555534,2093,0,19.8796891539,-9.5525779051,-9.5525779051,0E-7,2,1,0.34415808831204177,0.337570550000,-0.7244016100458676,-0.7138590336056247,-0.7244016100458676,0.00658753831204177,ELIGIBLE,R03b_20260811_FULL_v1,L1_ELIGIBILITY,v2026-08-11,2026-03-21..2026-08-06,baccarat_bet02_101_all_pairs_incl_sentinel,round_win = game_pnl > 0 (decisive only),COMPATIBILITY_ONLY_NOT_PRODUCTION,20427.4041,19269.7255,6628.1941,143,89,-0.32447559,-0.26315789,-0.32477151,-0.32447559,-6628.1941,20427.4041,OK,0.0000,265.1278,4.0000,96.0000,AG03-UNRESOLVED,ALL5_LEVELS_bet23_to_bet27,265.1278,265.1278,331.4097,331.4097,331.4097,4.000000,4.000000,5.000000,5.000000,5.000000,96.000000,96.000000,95.000000,95.000000,95.000000,5.0,1524.4846,1390.8815,5103.7094,5237.3126,PENDING_AG03,FALSE,NOT_FOR_ENFORCEMENT,6363.0663,18498.9365,6628.1941,6363.0663,265.1278,0.32447559,0.31149657,265.1278,6363.0663,0.31149657,265.1278,265.1278,331.4097,331.4097,331.4097,6363.0663,0.31149657,1524.4846,1390.8815,5103.7094,5237.3126,0.24984621,0.2563866,0.01297902,142.8490,216.5138,74.4741,254.9305,97.4734,785.6694,3.4231,10.9008,151.7112,12.9729,51.4311,102.0792,480.7165,651.8885,1505.6456,42.6878,-14.9743,12.674995,29.275021,2.777484,27,43,26,7,0.00480274,0.32447559,0.26315789,0E-8,0.000000,0.943327,0.804196,0.06161361,2026-03-27,2026-07-10,26,68,65,106,0.245283,0.071853,0.076310,0.016009,,,,,,,,GLOBAL_BASELINE_NO_ENTITY_RANKING,,,NOT_APPLICABLE_GLOBAL_BASELINE,HF9g-P5,,,,X 全窗基线 · 不参与实体赏罚,14190035,1420,A168_HF9F_20260827_0900,2026-08-27 09:00:00
2026-07-08,128555534,1374,0,7.7453334366,7.7453334366,7.7453334366,1.0000000,1,1,0.49324550000000000,0.493245500000,1.01360149184955,1.01360149184955,1.01360149184955,0E-17,ELIGIBLE,R03b_20260811_FULL_v1,L1_ELIGIBILITY,v2026-08-11,2026-03-21..2026-08-06,baccarat_bet02_101_all_pairs_incl_sentinel,round_win = game_pnl > 0 (decisive only),COMPATIBILITY_ONLY_NOT_PRODUCTION,20427.4041,19269.7255,6628.1941,143,89,-0.32447559,-0.26315789,-0.32477151,-0.32447559,-6628.1941,20427.4041,OK,0.0000,265.1278,4.0000,96.0000,AG03-UNRESOLVED,ALL5_LEVELS_bet23_to_bet27,265.1278,265.1278,331.4097,331.4097,331.4097,4.000000,4.000000,5.000000,5.000000,5.000000,96.000000,96.000000,95.000000,95.000000,95.000000,5.0,1524.4846,1390.8815,5103.7094,5237.3126,PENDING_AG03,FALSE,NOT_FOR_ENFORCEMENT,6363.0663,18498.9365,6628.1941,6363.0663,265.1278,0.32447559,0.31149657,265.1278,6363.0663,0.31149657,265.1278,265.1278,331.4097,331.4097,331.4097,6363.0663,0.31149657,1524.4846,1390.8815,5103.7094,5237.3126,0.24984621,0.2563866,0.01297902,142.8490,216.5138,74.4741,254.9305,97.4734,785.6694,3.4231,10.9008,151.7112,12.9729,51.4311,102.0792,480.7165,651.8885,1505.6456,42.6878,-14.9743,12.674995,29.275021,2.777484,27,43,26,7,0.00480274,0.32447559,0.26315789,0E-8,0.000000,0.943327,0.804196,0.06161361,2026-03-27,2026-07-10,26,68,65,106,0.245283,0.071853,0.076310,0.016009,,,,,,,,GLOBAL_BASELINE_NO_ENTITY_RANKING,,,NOT_APPLICABLE_GLOBAL_BASELINE,HF9g-P5,,,,X 全窗基线 · 不参与实体赏罚,14190036,1420,A168_HF9F_20260827_0900,2026-08-27 09:00:00
2026-07-08,128555534,595,0,41.3084449952,-15.4906668732,-15.4906668732,0.5000000,3,2,0.31287808333333334,0.279897750000,0.5707358897205389,0.6933343105742995,0.5707358897205389,0.03298033333333334,ELIGIBLE,R03b_20260811_FULL_v1,L1_ELIGIBILITY,v2026-08-11,2026-03-21..2026-08-06,baccarat_bet02_101_all_pairs_incl_sentinel,round_win = game_pnl > 0 (decisive only),COMPATIBILITY_ONLY_NOT_PRODUCTION,20427.4041,19269.7255,6628.1941,143,89,-0.32447559,-0.26315789,-0.32477151,-0.32447559,-6628.1941,20427.4041,OK,0.0000,265.1278,4.0000,96.0000,AG03-UNRESOLVED,ALL5_LEVELS_bet23_to_bet27,265.1278,265.1278,331.4097,331.4097,331.4097,4.000000,4.000000,5.000000,5.000000,5.000000,96.000000,96.000000,95.000000,95.000000,95.000000,5.0,1524.4846,1390.8815,5103.7094,5237.3126,PENDING_AG03,FALSE,NOT_FOR_ENFORCEMENT,6363.0663,18498.9365,6628.1941,6363.0663,265.1278,0.32447559,0.31149657,265.1278,6363.0663,0.31149657,265.1278,265.1278,331.4097,331.4097,331.4097,6363.0663,0.31149657,1524.4846,1390.8815,5103.7094,5237.3126,0.24984621,0.2563866,0.01297902,142.8490,216.5138,74.4741,254.9305,97.4734,785.6694,3.4231,10.9008,151.7112,12.9729,51.4311,102.0792,480.7165,651.8885,1505.6456,42.6878,-14.9743,12.674995,29.275021,2.777484,27,43,26,7,0.00480274,0.32447559,0.26315789,0E-8,0.000000,0.943327,0.804196,0.06161361,2026-03-27,2026-07-10,26,68,65,106,0.245283,0.071853,0.076310,0.016009,,,,,,,,GLOBAL_BASELINE_NO_ENTITY_RANKING,,,NOT_APPLICABLE_GLOBAL_BASELINE,HF9g-P5,,,,X 全窗基线 · 不参与实体赏罚,14190037,1420,A168_HF9F_20260827_0900,2026-08-27 09:00:00
2026-07-10,128555534,1318,0,49.0537784318,-18.0724446854,-18.0724446854,0.3333333,5,3,0.35372054761904762,0.297387716667,-0.07385470989890576,0.13620316003347901,-0.07385470989890576,0.05633283095204762,ELIGIBLE,R03b_20260811_FULL_v1,L1_ELIGIBILITY,v2026-08-11,2026-03-21..2026-08-06,baccarat_bet02_101_all_pairs_incl_sentinel,round_win = game_pnl > 0 (decisive only),COMPATIBILITY_ONLY_NOT_PRODUCTION,20427.4041,19269.7255,6628.1941,143,89,-0.32447559,-0.26315789,-0.32477151,-0.32447559,-6628.1941,20427.4041,OK,0.0000,265.1278,4.0000,96.0000,AG03-UNRESOLVED,ALL5_LEVELS_bet23_to_bet27,265.1278,265.1278,331.4097,331.4097,331.4097,4.000000,4.000000,5.000000,5.000000,5.000000,96.000000,96.000000,95.000000,95.000000,95.000000,5.0,1524.4846,1390.8815,5103.7094,5237.3126,PENDING_AG03,FALSE,NOT_FOR_ENFORCEMENT,6363.0663,18498.9365,6628.1941,6363.0663,265.1278,0.32447559,0.31149657,265.1278,6363.0663,0.31149657,265.1278,265.1278,331.4097,331.4097,331.4097,6363.0663,0.31149657,1524.4846,1390.8815,5103.7094,5237.3126,0.24984621,0.2563866,0.01297902,142.8490,216.5138,74.4741,254.9305,97.4734,785.6694,3.4231,10.9008,151.7112,12.9729,51.4311,102.0792,480.7165,651.8885,1505.6456,42.6878,-14.9743,12.674995,29.275021,2.777484,27,43,26,7,0.00480274,0.32447559,0.26315789,0E-8,0.000000,0.943327,0.804196,0.06161361,2026-03-27,2026-07-10,26,68,65,106,0.245283,0.071853,0.076310,0.016009,,,,,,,,GLOBAL_BASELINE_NO_ENTITY_RANKING,,,NOT_APPLICABLE_GLOBAL_BASELINE,HF9g-P5,,,,X 全窗基线 · 不参与实体赏罚,14190038,1420,A168_HF9F_20260827_0900,2026-08-27 09:00:00
2026-05-28,150462274,-1,1,10513.0000000000,-1787.0000000000,-1787.0000000000,0.4117647,58,58,0.50041034827586207,0.500410348276,-1.266113447701788,-1.266113447703758,-1.266113447701788,-1.3793E-13,SENTINEL_DEALER,R03b_20260811_FULL_v1,L1_ELIGIBILITY,v2026-08-11,2026-03-21..2026-08-06,baccarat_bet02_101_all_pairs_incl_sentinel,round_win = game_pnl > 0 (decisive only),COMPATIBILITY_ONLY_NOT_PRODUCTION,32814.0000,30114.0000,6560.5000,173,173,-0.19992991,,-0.19992991,-0.19992991,-6560.5000,32814.0000,OK,0.0000,196.8150,3.0000,97.0000,AG03-UNRESOLVED,ALL5_LEVELS_bet23_to_bet27,196.8150,196.8150,196.8150,196.8150,196.8150,3.000000,3.000000,3.000000,3.000000,3.000000,97.000000,97.000000,97.000000,97.000000,97.000000,5.0,984.0750,926.7754,5576.4250,5633.7246,PENDING_AG03,FALSE,NOT_FOR_ENFORCEMENT,6363.6850,29210.5800,6560.5000,6363.6850,196.8150,0.19992991,0.19393201,196.8150,6363.6850,0.19393201,196.8150,196.8150,196.8150,196.8150,196.8150,6363.6850,0.19393201,984.0750,926.7754,5576.4250,5633.7246,0.16994042,0.17168661,0.00599790,189.6763,174.0694,37.9220,6560.5000,218.6833,32814.0000,173.0000,,189.6763,200.0,200.0,200.0,200.0,200.0,431.0013,200.0,-100.0,1.0,2.155006,0.948382,28,30,2,2,0E-8,0.19992991,,0E-8,0.000000,0.917718,0.000000,,2026-05-28,2026-05-28,1,30,28,1,1.000000,,,0.000000,,,,,,,,GLOBAL_BASELINE_NO_ENTITY_RANKING,,,NOT_APPLICABLE_GLOBAL_BASELINE,HF9g-P5,,,,X 全窗基线 · 不参与实体赏罚,14190039,1420,A168_HF9F_20260827_0900,2026-08-27 09:00:00
2026-05-28,150462274,1210,0,600.0000000000,-210.0000000000,-210.0000000000,0.3333333,3,3,0.50218230000000000,0.502182300000,-0.5849155494134425,-0.5849155494134426,-0.5849155494134425,0E-17,ELIGIBLE,R03b_20260811_FULL_v1,L1_ELIGIBILITY,v2026-08-11,2026-03-21..2026-08-06,baccarat_bet02_101_all_pairs_incl_sentinel,round_win = game_pnl > 0 (decisive only),COMPATIBILITY_ONLY_NOT_PRODUCTION,32814.0000,30114.0000,6560.5000,173,173,-0.19992991,,-0.19992991,-0.19992991,-6560.5000,32814.0000,OK,0.0000,196.8150,3.0000,97.0000,AG03-UNRESOLVED,ALL5_LEVELS_bet23_to_bet27,196.8150,196.8150,196.8150,196.8150,196.8150,3.000000,3.000000,3.000000,3.000000,3.000000,97.000000,97.000000,97.000000,97.000000,97.000000,5.0,984.0750,926.7754,5576.4250,5633.7246,PENDING_AG03,FALSE,NOT_FOR_ENFORCEMENT,6363.6850,29210.5800,6560.5000,6363.6850,196.8150,0.19992991,0.19393201,196.8150,6363.6850,0.19393201,196.8150,196.8150,196.8150,196.8150,196.8150,6363.6850,0.19393201,984.0750,926.7754,5576.4250,5633.7246,0.16994042,0.17168661,0.00599790,189.6763,174.0694,37.9220,6560.5000,218.6833,32814.0000,173.0000,,189.6763,200.0,200.0,200.0,200.0,200.0,431.0013,200.0,-100.0,1.0,2.155006,0.948382,28,30,2,2,0E-8,0.19992991,,0E-8,0.000000,0.917718,0.000000,,2026-05-28,2026-05-28,1,30,28,1,1.000000,,,0.000000,,,,,,,,GLOBAL_BASELINE_NO_ENTITY_RANKING,,,NOT_APPLICABLE_GLOBAL_BASELINE,HF9g-P5,,,,X 全窗基线 · 不参与实体赏罚,14190040,1420,A168_HF9F_20260827_0900,2026-08-27 09:00:00
2026-05-28,150462274,1318,0,900.0000000000,-310.0000000000,-310.0000000000,0.4000000,5,5,0.50128862000000000,0.501288620000,-0.4529779837142727,-0.4529779837142727,-0.4529779837142727,0E-17,ELIGIBLE,R03b_20260811_FULL_v1,L1_ELIGIBILITY,v2026-08-11,2026-03-21..2026-08-06,baccarat_bet02_101_all_pairs_incl_sentinel,round_win = game_pnl > 0 (decisive only),COMPATIBILITY_ONLY_NOT_PRODUCTION,32814.0000,30114.0000,6560.5000,173,173,-0.19992991,,-0.19992991,-0.19992991,-6560.5000,32814.0000,OK,0.0000,196.8150,3.0000,97.0000,AG03-UNRESOLVED,ALL5_LEVELS_bet23_to_bet27,196.8150,196.8150,196.8150,196.8150,196.8150,3.000000,3.000000,3.000000,3.000000,3.000000,97.000000,97.000000,97.000000,97.000000,97.000000,5.0,984.0750,926.7754,5576.4250,5633.7246,PENDING_AG03,FALSE,NOT_FOR_ENFORCEMENT,6363.6850,29210.5800,6560.5000,6363.6850,196.8150,0.19992991,0.19393201,196.8150,6363.6850,0.19393201,196.8150,196.8150,196.8150,196.8150,196.8150,6363.6850,0.19393201,984.0750,926.7754,5576.4250,5633.7246,0.16994042,0.17168661,0.00599790,189.6763,174.0694,37.9220,6560.5000,218.6833,32814.0000,173.0000,,189.6763,200.0,200.0,200.0,200.0,200.0,431.0013,200.0,-100.0,1.0,2.155006,0.948382,28,30,2,2,0E-8,0.19992991,,0E-8,0.000000,0.917718,0.000000,,2026-05-28,2026-05-28,1,30,28,1,1.000000,,,0.000000,,,,,,,,GLOBAL_BASELINE_NO_ENTITY_RANKING,,,NOT_APPLICABLE_GLOBAL_BASELINE,HF9g-P5,,,,X 全窗基线 · 不参与实体赏罚,14190041,1420,A168_HF9F_20260827_0900,2026-08-27 09:00:00
2026-05-28,150462274,1323,0,300.0000000000,-300.0000000000,-300.0000000000,0E-7,2,2,0.49994810000000000,0.499948100000,-1.4140667746232096,-1.4140667746232096,-1.4140667746232096,0E-17,ELIGIBLE,R03b_20260811_FULL_v1,L1_ELIGIBILITY,v2026-08-11,2026-03-21..2026-08-06,baccarat_bet02_101_all_pairs_incl_sentinel,round_win = game_pnl > 0 (decisive only),COMPATIBILITY_ONLY_NOT_PRODUCTION,32814.0000,30114.0000,6560.5000,173,173,-0.19992991,,-0.19992991,-0.19992991,-6560.5000,32814.0000,OK,0.0000,196.8150,3.0000,97.0000,AG03-UNRESOLVED,ALL5_LEVELS_bet23_to_bet27,196.8150,196.8150,196.8150,196.8150,196.8150,3.000000,3.000000,3.000000,3.000000,3.000000,97.000000,97.000000,97.000000,97.000000,97.000000,5.0,984.0750,926.7754,5576.4250,5633.7246,PENDING_AG03,FALSE,NOT_FOR_ENFORCEMENT,6363.6850,29210.5800,6560.5000,6363.6850,196.8150,0.19992991,0.19393201,196.8150,6363.6850,0.19393201,196.8150,196.8150,196.8150,196.8150,196.8150,6363.6850,0.19393201,984.0750,926.7754,5576.4250,5633.7246,0.16994042,0.17168661,0.00599790,189.6763,174.0694,37.9220,6560.5000,218.6833,32814.0000,173.0000,,189.6763,200.0,200.0,200.0,200.0,200.0,431.0013,200.0,-100.0,1.0,2.155006,0.948382,28,30,2,2,0E-8,0.19992991,,0E-8,0.000000,0.917718,0.000000,,2026-05-28,2026-05-28,1,30,28,1,1.000000,,,0.000000,,,,,,,,GLOBAL_BASELINE_NO_ENTITY_RANKING,,,NOT_APPLICABLE_GLOBAL_BASELINE,HF9g-P5,,,,X 全窗基线 · 不参与实体赏罚,14190042,1420,A168_HF9F_20260827_0900,2026-08-27 09:00:00
2026-05-28,150462274,1490,0,200.0000000000,200.0000000000,200.0000000000,1.0000000,1,1,0.49324550000000000,0.493245500000,1.01360149184955,1.01360149184955,1.01360149184955,0E-17,ELIGIBLE,R03b_20260811_FULL_v1,L1_ELIGIBILITY,v2026-08-11,2026-03-21..2026-08-06,baccarat_bet02_101_all_pairs_incl_sentinel,round_win = game_pnl > 0 (decisive only),COMPATIBILITY_ONLY_NOT_PRODUCTION,32814.0000,30114.0000,6560.5000,173,173,-0.19992991,,-0.19992991,-0.19992991,-6560.5000,32814.0000,OK,0.0000,196.8150,3.0000,97.0000,AG03-UNRESOLVED,ALL5_LEVELS_bet23_to_bet27,196.8150,196.8150,196.8150,196.8150,196.8150,3.000000,3.000000,3.000000,3.000000,3.000000,97.000000,97.000000,97.000000,97.000000,97.000000,5.0,984.0750,926.7754,5576.4250,5633.7246,PENDING_AG03,FALSE,NOT_FOR_ENFORCEMENT,6363.6850,29210.5800,6560.5000,6363.6850,196.8150,0.19992991,0.19393201,196.8150,6363.6850,0.19393201,196.8150,196.8150,196.8150,196.8150,196.8150,6363.6850,0.19393201,984.0750,926.7754,5576.4250,5633.7246,0.16994042,0.17168661,0.00599790,189.6763,174.0694,37.9220,6560.5000,218.6833,32814.0000,173.0000,,189.6763,200.0,200.0,200.0,200.0,200.0,431.0013,200.0,-100.0,1.0,2.155006,0.948382,28,30,2,2,0E-8,0.19992991,,0E-8,0.000000,0.917718,0.000000,,2026-05-28,2026-05-28,1,30,28,1,1.000000,,,0.000000,,,,,,,,GLOBAL_BASELINE_NO_ENTITY_RANKING,,,NOT_APPLICABLE_GLOBAL_BASELINE,HF9g-P5,,,,X 全窗基线 · 不参与实体赏罚,14190043,1420,A168_HF9F_20260827_0900,2026-08-27 09:00:00
2026-05-28,150462274,1645,0,800.0000000000,-20.0000000000,-20.0000000000,0.5000000,4,4,0.50665070000000000,0.506650700000,-0.02660515369234503,-0.02660515369234503,-0.02660515369234503,0E-17,ELIGIBLE,R03b_20260811_FULL_v1,L1_ELIGIBILITY,v2026-08-11,2026-03-21..2026-08-06,baccarat_bet02_101_all_pairs_incl_sentinel,round_win = game_pnl > 0 (decisive only),COMPATIBILITY_ONLY_NOT_PRODUCTION,32814.0000,30114.0000,6560.5000,173,173,-0.19992991,,-0.19992991,-0.19992991,-6560.5000,32814.0000,OK,0.0000,196.8150,3.0000,97.0000,AG03-UNRESOLVED,ALL5_LEVELS_bet23_to_bet27,196.8150,196.8150,196.8150,196.8150,196.8150,3.000000,3.000000,3.000000,3.000000,3.000000,97.000000,97.000000,97.000000,97.000000,97.000000,5.0,984.0750,926.7754,5576.4250,5633.7246,PENDING_AG03,FALSE,NOT_FOR_ENFORCEMENT,6363.6850,29210.5800,6560.5000,6363.6850,196.8150,0.19992991,0.19393201,196.8150,6363.6850,0.19393201,196.8150,196.8150,196.8150,196.8150,196.8150,6363.6850,0.19393201,984.0750,926.7754,5576.4250,5633.7246,0.16994042,0.17168661,0.00599790,189.6763,174.0694,37.9220,6560.5000,218.6833,32814.0000,173.0000,,189.6763,200.0,200.0,200.0,200.0,200.0,431.0013,200.0,-100.0,1.0,2.155006,0.948382,28,30,2,2,0E-8,0.19992991,,0E-8,0.000000,0.917718,0.000000,,2026-05-28,2026-05-28,1,30,28,1,1.000000,,,0.000000,,,,,,,,GLOBAL_BASELINE_NO_ENTITY_RANKING,,,NOT_APPLICABLE_GLOBAL_BASELINE,HF9g-P5,,,,X 全窗基线 · 不参与实体赏罚,14190044,1420,A168_HF9F_20260827_0900,2026-08-27 09:00:00
2026-05-28,150462274,1935,0,300.0000000000,0E-10,0E-10,,2,2,0.50665070000000000,0.506650700000,,,,0E-17,NO_DECISIVE_ROUND,R03b_20260811_FULL_v1,L1_ELIGIBILITY,v2026-08-11,2026-03-21..2026-08-06,baccarat_bet02_101_all_pairs_incl_sentinel,round_win = game_pnl > 0 (decisive only),COMPATIBILITY_ONLY_NOT_PRODUCTION,32814.0000,30114.0000,6560.5000,173,173,-0.19992991,,-0.19992991,-0.19992991,-6560.5000,32814.0000,OK,0.0000,196.8150,3.0000,97.0000,AG03-UNRESOLVED,ALL5_LEVELS_bet23_to_bet27,196.8150,196.8150,196.8150,196.8150,196.8150,3.000000,3.000000,3.000000,3.000000,3.000000,97.000000,97.000000,97.000000,97.000000,97.000000,5.0,984.0750,926.7754,5576.4250,5633.7246,PENDING_AG03,FALSE,NOT_FOR_ENFORCEMENT,6363.6850,29210.5800,6560.5000,6363.6850,196.8150,0.19992991,0.19393201,196.8150,6363.6850,0.19393201,196.8150,196.8150,196.8150,196.8150,196.8150,6363.6850,0.19393201,984.0750,926.7754,5576.4250,5633.7246,0.16994042,0.17168661,0.00599790,189.6763,174.0694,37.9220,6560.5000,218.6833,32814.0000,173.0000,,189.6763,200.0,200.0,200.0,200.0,200.0,431.0013,200.0,-100.0,1.0,2.155006,0.948382,28,30,2,2,0E-8,0.19992991,,0E-8,0.000000,0.917718,0.000000,,2026-05-28,2026-05-28,1,30,28,1,1.000000,,,0.000000,,,,,,,,GLOBAL_BASELINE_NO_ENTITY_RANKING,,,NOT_APPLICABLE_GLOBAL_BASELINE,HF9g-P5,,,,X 全窗基线 · 不参与实体赏罚,14190045,1420,A168_HF9F_20260827_0900,2026-08-27 09:00:00
2026-05-28,150462274,1940,0,600.0000000000,580.0000000000,580.0000000000,1.0000000,3,3,0.50218230000000000,0.502182300000,1.724507524396475,1.7245075243964754,1.724507524396475,0E-17,ELIGIBLE,R03b_20260811_FULL_v1,L1_ELIGIBILITY,v2026-08-11,2026-03-21..2026-08-06,baccarat_bet02_101_all_pairs_incl_sentinel,round_win = game_pnl > 0 (decisive only),COMPATIBILITY_ONLY_NOT_PRODUCTION,32814.0000,30114.0000,6560.5000,173,173,-0.19992991,,-0.19992991,-0.19992991,-6560.5000,32814.0000,OK,0.0000,196.8150,3.0000,97.0000,AG03-UNRESOLVED,ALL5_LEVELS_bet23_to_bet27,196.8150,196.8150,196.8150,196.8150,196.8150,3.000000,3.000000,3.000000,3.000000,3.000000,97.000000,97.000000,97.000000,97.000000,97.000000,5.0,984.0750,926.7754,5576.4250,5633.7246,PENDING_AG03,FALSE,NOT_FOR_ENFORCEMENT,6363.6850,29210.5800,6560.5000,6363.6850,196.8150,0.19992991,0.19393201,196.8150,6363.6850,0.19393201,196.8150,196.8150,196.8150,196.8150,196.8150,6363.6850,0.19393201,984.0750,926.7754,5576.4250,5633.7246,0.16994042,0.17168661,0.00599790,189.6763,174.0694,37.9220,6560.5000,218.6833,32814.0000,173.0000,,189.6763,200.0,200.0,200.0,200.0,200.0,431.0013,200.0,-100.0,1.0,2.155006,0.948382,28,30,2,2,0E-8,0.19992991,,0E-8,0.000000,0.917718,0.000000,,2026-05-28,2026-05-28,1,30,28,1,1.000000,,,0.000000,,,,,,,,GLOBAL_BASELINE_NO_ENTITY_RANKING,,,NOT_APPLICABLE_GLOBAL_BASELINE,HF9g-P5,,,,X 全窗基线 · 不参与实体赏罚,14190046,1420,A168_HF9F_20260827_0900,2026-08-27 09:00:00
2026-05-28,150462274,1951,0,600.0000000000,190.0000000000,190.0000000000,0.6666667,3,3,0.49771390000000000,0.497713900000,0.5852756695216578,0.5852756695216578,0.5852756695216578,0E-17,ELIGIBLE,R03b_20260811_FULL_v1,L1_ELIGIBILITY,v2026-08-11,2026-03-21..2026-08-06,baccarat_bet02_101_all_pairs_incl_sentinel,round_win = game_pnl > 0 (decisive only),COMPATIBILITY_ONLY_NOT_PRODUCTION,32814.0000,30114.0000,6560.5000,173,173,-0.19992991,,-0.19992991,-0.19992991,-6560.5000,32814.0000,OK,0.0000,196.8150,3.0000,97.0000,AG03-UNRESOLVED,ALL5_LEVELS_bet23_to_bet27,196.8150,196.8150,196.8150,196.8150,196.8150,3.000000,3.000000,3.000000,3.000000,3.000000,97.000000,97.000000,97.000000,97.000000,97.000000,5.0,984.0750,926.7754,5576.4250,5633.7246,PENDING_AG03,FALSE,NOT_FOR_ENFORCEMENT,6363.6850,29210.5800,6560.5000,6363.6850,196.8150,0.19992991,0.19393201,196.8150,6363.6850,0.19393201,196.8150,196.8150,196.8150,196.8150,196.8150,6363.6850,0.19393201,984.0750,926.7754,5576.4250,5633.7246,0.16994042,0.17168661,0.00599790,189.6763,174.0694,37.9220,6560.5000,218.6833,32814.0000,173.0000,,189.6763,200.0,200.0,200.0,200.0,200.0,431.0013,200.0,-100.0,1.0,2.155006,0.948382,28,30,2,2,0E-8,0.19992991,,0E-8,0.000000,0.917718,0.000000,,2026-05-28,2026-05-28,1,30,28,1,1.000000,,,0.000000,,,,,,,,GLOBAL_BASELINE_NO_ENTITY_RANKING,,,NOT_APPLICABLE_GLOBAL_BASELINE,HF9g-P5,,,,X 全窗基线 · 不参与实体赏罚,14190047,1420,A168_HF9F_20260827_0900,2026-08-27 09:00:00
2026-05-28,150462274,1985,0,400.0000000000,-400.0000000000,-400.0000000000,0E-7,2,2,0.49994810000000000,0.499948100000,-1.4140667746232096,-1.4140667746232096,-1.4140667746232096,0E-17,ELIGIBLE,R03b_20260811_FULL_v1,L1_ELIGIBILITY,v2026-08-11,2026-03-21..2026-08-06,baccarat_bet02_101_all_pairs_incl_sentinel,round_win = game_pnl > 0 (decisive only),COMPATIBILITY_ONLY_NOT_PRODUCTION,32814.0000,30114.0000,6560.5000,173,173,-0.19992991,,-0.19992991,-0.19992991,-6560.5000,32814.0000,OK,0.0000,196.8150,3.0000,97.0000,AG03-UNRESOLVED,ALL5_LEVELS_bet23_to_bet27,196.8150,196.8150,196.8150,196.8150,196.8150,3.000000,3.000000,3.000000,3.000000,3.000000,97.000000,97.000000,97.000000,97.000000,97.000000,5.0,984.0750,926.7754,5576.4250,5633.7246,PENDING_AG03,FALSE,NOT_FOR_ENFORCEMENT,6363.6850,29210.5800,6560.5000,6363.6850,196.8150,0.19992991,0.19393201,196.8150,6363.6850,0.19393201,196.8150,196.8150,196.8150,196.8150,196.8150,6363.6850,0.19393201,984.0750,926.7754,5576.4250,5633.7246,0.16994042,0.17168661,0.00599790,189.6763,174.0694,37.9220,6560.5000,218.6833,32814.0000,173.0000,,189.6763,200.0,200.0,200.0,200.0,200.0,431.0013,200.0,-100.0,1.0,2.155006,0.948382,28,30,2,2,0E-8,0.19992991,,0E-8,0.000000,0.917718,0.000000,,2026-05-28,2026-05-28,1,30,28,1,1.000000,,,0.000000,,,,,,,,GLOBAL_BASELINE_NO_ENTITY_RANKING,,,NOT_APPLICABLE_GLOBAL_BASELINE,HF9g-P5,,,,X 全窗基线 · 不参与实体赏罚,14190048,1420,A168_HF9F_20260827_0900,2026-08-27 09:00:00
2026-05-28,150462274,1990,0,400.0000000000,-205.0000000000,-205.0000000000,0.3333333,3,3,0.50218230000000000,0.502182300000,-0.5849155494134425,-0.5849155494134426,-0.5849155494134425,0E-17,ELIGIBLE,R03b_20260811_FULL_v1,L1_ELIGIBILITY,v2026-08-11,2026-03-21..2026-08-06,baccarat_bet02_101_all_pairs_incl_sentinel,round_win = game_pnl > 0 (decisive only),COMPATIBILITY_ONLY_NOT_PRODUCTION,32814.0000,30114.0000,6560.5000,173,173,-0.19992991,,-0.19992991,-0.19992991,-6560.5000,32814.0000,OK,0.0000,196.8150,3.0000,97.0000,AG03-UNRESOLVED,ALL5_LEVELS_bet23_to_bet27,196.8150,196.8150,196.8150,196.8150,196.8150,3.000000,3.000000,3.000000,3.000000,3.000000,97.000000,97.000000,97.000000,97.000000,97.000000,5.0,984.0750,926.7754,5576.4250,5633.7246,PENDING_AG03,FALSE,NOT_FOR_ENFORCEMENT,6363.6850,29210.5800,6560.5000,6363.6850,196.8150,0.19992991,0.19393201,196.8150,6363.6850,0.19393201,196.8150,196.8150,196.8150,196.8150,196.8150,6363.6850,0.19393201,984.0750,926.7754,5576.4250,5633.7246,0.16994042,0.17168661,0.00599790,189.6763,174.0694,37.9220,6560.5000,218.6833,32814.0000,173.0000,,189.6763,200.0,200.0,200.0,200.0,200.0,431.0013,200.0,-100.0,1.0,2.155006,0.948382,28,30,2,2,0E-8,0.19992991,,0E-8,0.000000,0.917718,0.000000,,2026-05-28,2026-05-28,1,30,28,1,1.000000,,,0.000000,,,,,,,,GLOBAL_BASELINE_NO_ENTITY_RANKING,,,NOT_APPLICABLE_GLOBAL_BASELINE,HF9g-P5,,,,X 全窗基线 · 不参与实体赏罚,14190049,1420,A168_HF9F_20260827_0900,2026-08-27 09:00:00
2026-05-28,150462274,2093,0,600.0000000000,200.0000000000,200.0000000000,0.6666667,3,3,0.49324550000000000,0.493245500000,0.6008033672792107,0.6008033672792106,0.6008033672792107,0E-17,ELIGIBLE,R03b_20260811_FULL_v1,L1_ELIGIBILITY,v2026-08-11,2026-03-21..2026-08-06,baccarat_bet02_101_all_pairs_incl_sentinel,round_win = game_pnl > 0 (decisive only),COMPATIBILITY_ONLY_NOT_PRODUCTION,32814.0000,30114.0000,6560.5000,173,173,-0.19992991,,-0.19992991,-0.19992991,-6560.5000,32814.0000,OK,0.0000,196.8150,3.0000,97.0000,AG03-UNRESOLVED,ALL5_LEVELS_bet23_to_bet27,196.8150,196.8150,196.8150,196.8150,196.8150,3.000000,3.000000,3.000000,3.000000,3.000000,97.000000,97.000000,97.000000,97.000000,97.000000,5.0,984.0750,926.7754,5576.4250,5633.7246,PENDING_AG03,FALSE,NOT_FOR_ENFORCEMENT,6363.6850,29210.5800,6560.5000,6363.6850,196.8150,0.19992991,0.19393201,196.8150,6363.6850,0.19393201,196.8150,196.8150,196.8150,196.8150,196.8150,6363.6850,0.19393201,984.0750,926.7754,5576.4250,5633.7246,0.16994042,0.17168661,0.00599790,189.6763,174.0694,37.9220,6560.5000,218.6833,32814.0000,173.0000,,189.6763,200.0,200.0,200.0,200.0,200.0,431.0013,200.0,-100.0,1.0,2.155006,0.948382,28,30,2,2,0E-8,0.19992991,,0E-8,0.000000,0.917718,0.000000,,2026-05-28,2026-05-28,1,30,28,1,1.000000,,,0.000000,,,,,,,,GLOBAL_BASELINE_NO_ENTITY_RANKING,,,NOT_APPLICABLE_GLOBAL_BASELINE,HF9g-P5,,,,X 全窗基线 · 不参与实体赏罚,14190050,1420,A168_HF9F_20260827_0900,2026-08-27 09:00:00
2026-05-28,150462274,2123,0,1500.0000000000,-115.0000000000,-115.0000000000,0.5000000,8,8,0.49994810000000000,0.499948100000,0.00025425703667063243,0.00025425703667063243,0.00025425703667063243,0E-17,ELIGIBLE,R03b_20260811_FULL_v1,L1_ELIGIBILITY,v2026-08-11,2026-03-21..2026-08-06,baccarat_bet02_101_all_pairs_incl_sentinel,round_win = game_pnl > 0 (decisive only),COMPATIBILITY_ONLY_NOT_PRODUCTION,32814.0000,30114.0000,6560.5000,173,173,-0.19992991,,-0.19992991,-0.19992991,-6560.5000,32814.0000,OK,0.0000,196.8150,3.0000,97.0000,AG03-UNRESOLVED,ALL5_LEVELS_bet23_to_bet27,196.8150,196.8150,196.8150,196.8150,196.8150,3.000000,3.000000,3.000000,3.000000,3.000000,97.000000,97.000000,97.000000,97.000000,97.000000,5.0,984.0750,926.7754,5576.4250,5633.7246,PENDING_AG03,FALSE,NOT_FOR_ENFORCEMENT,6363.6850,29210.5800,6560.5000,6363.6850,196.8150,0.19992991,0.19393201,196.8150,6363.6850,0.19393201,196.8150,196.8150,196.8150,196.8150,196.8150,6363.6850,0.19393201,984.0750,926.7754,5576.4250,5633.7246,0.16994042,0.17168661,0.00599790,189.6763,174.0694,37.9220,6560.5000,218.6833,32814.0000,173.0000,,189.6763,200.0,200.0,200.0,200.0,200.0,431.0013,200.0,-100.0,1.0,2.155006,0.948382,28,30,2,2,0E-8,0.19992991,,0E-8,0.000000,0.917718,0.000000,,2026-05-28,2026-05-28,1,30,28,1,1.000000,,,0.000000,,,,,,,,GLOBAL_BASELINE_NO_ENTITY_RANKING,,,NOT_APPLICABLE_GLOBAL_BASELINE,HF9g-P5,,,,X 全窗基线 · 不参与实体赏罚,14190051,1420,A168_HF9F_20260827_0900,2026-08-27 09:00:00
2026-05-28,150462274,2127,0,800.0000000000,-800.0000000000,-800.0000000000,0E-7,4,4,0.49994810000000000,0.499948100000,-1.9997924107733216,-1.9997924107733216,-1.9997924107733216,0E-17,ELIGIBLE,R03b_20260811_FULL_v1,L1_ELIGIBILITY,v2026-08-11,2026-03-21..2026-08-06,baccarat_bet02_101_all_pairs_incl_sentinel,round_win = game_pnl > 0 (decisive only),COMPATIBILITY_ONLY_NOT_PRODUCTION,32814.0000,30114.0000,6560.5000,173,173,-0.19992991,,-0.19992991,-0.19992991,-6560.5000,32814.0000,OK,0.0000,196.8150,3.0000,97.0000,AG03-UNRESOLVED,ALL5_LEVELS_bet23_to_bet27,196.8150,196.8150,196.8150,196.8150,196.8150,3.000000,3.000000,3.000000,3.000000,3.000000,97.000000,97.000000,97.000000,97.000000,97.000000,5.0,984.0750,926.7754,5576.4250,5633.7246,PENDING_AG03,FALSE,NOT_FOR_ENFORCEMENT,6363.6850,29210.5800,6560.5000,6363.6850,196.8150,0.19992991,0.19393201,196.8150,6363.6850,0.19393201,196.8150,196.8150,196.8150,196.8150,196.8150,6363.6850,0.19393201,984.0750,926.7754,5576.4250,5633.7246,0.16994042,0.17168661,0.00599790,189.6763,174.0694,37.9220,6560.5000,218.6833,32814.0000,173.0000,,189.6763,200.0,200.0,200.0,200.0,200.0,431.0013,200.0,-100.0,1.0,2.155006,0.948382,28,30,2,2,0E-8,0.19992991,,0E-8,0.000000,0.917718,0.000000,,2026-05-28,2026-05-28,1,30,28,1,1.000000,,,0.000000,,,,,,,,GLOBAL_BASELINE_NO_ENTITY_RANKING,,,NOT_APPLICABLE_GLOBAL_BASELINE,HF9g-P5,,,,X 全窗基线 · 不参与实体赏罚,14190052,1420,A168_HF9F_20260827_0900,2026-08-27 09:00:00
2026-05-28,150462274,2141,0,50.0000000000,47.5000000000,47.5000000000,1.0000000,1,1,0.50665070000000000,0.506650700000,0.9867858985152569,0.9867858985152569,0.9867858985152569,0E-17,ELIGIBLE,R03b_20260811_FULL_v1,L1_ELIGIBILITY,v2026-08-11,2026-03-21..2026-08-06,baccarat_bet02_101_all_pairs_incl_sentinel,round_win = game_pnl > 0 (decisive only),COMPATIBILITY_ONLY_NOT_PRODUCTION,32814.0000,30114.0000,6560.5000,173,173,-0.19992991,,-0.19992991,-0.19992991,-6560.5000,32814.0000,OK,0.0000,196.8150,3.0000,97.0000,AG03-UNRESOLVED,ALL5_LEVELS_bet23_to_bet27,196.8150,196.8150,196.8150,196.8150,196.8150,3.000000,3.000000,3.000000,3.000000,3.000000,97.000000,97.000000,97.000000,97.000000,97.000000,5.0,984.0750,926.7754,5576.4250,5633.7246,PENDING_AG03,FALSE,NOT_FOR_ENFORCEMENT,6363.6850,29210.5800,6560.5000,6363.6850,196.8150,0.19992991,0.19393201,196.8150,6363.6850,0.19393201,196.8150,196.8150,196.8150,196.8150,196.8150,6363.6850,0.19393201,984.0750,926.7754,5576.4250,5633.7246,0.16994042,0.17168661,0.00599790,189.6763,174.0694,37.9220,6560.5000,218.6833,32814.0000,173.0000,,189.6763,200.0,200.0,200.0,200.0,200.0,431.0013,200.0,-100.0,1.0,2.155006,0.948382,28,30,2,2,0E-8,0.19992991,,0E-8,0.000000,0.917718,0.000000,,2026-05-28,2026-05-28,1,30,28,1,1.000000,,,0.000000,,,,,,,,GLOBAL_BASELINE_NO_ENTITY_RANKING,,,NOT_APPLICABLE_GLOBAL_BASELINE,HF9g-P5,,,,X 全窗基线 · 不参与实体赏罚,14190053,1420,A168_HF9F_20260827_0900,2026-08-27 09:00:00
2026-05-28,150462274,2142,0,900.0000000000,-500.0000000000,-500.0000000000,0.2500000,5,5,0.50128862000000000,0.501288620000,-1.0051578182180947,-1.0051578182180947,-1.0051578182180947,0E-17,ELIGIBLE,R03b_20260811_FULL_v1,L1_ELIGIBILITY,v2026-08-11,2026-03-21..2026-08-06,baccarat_bet02_101_all_pairs_incl_sentinel,round_win = game_pnl > 0 (decisive only),COMPATIBILITY_ONLY_NOT_PRODUCTION,32814.0000,30114.0000,6560.5000,173,173,-0.19992991,,-0.19992991,-0.19992991,-6560.5000,32814.0000,OK,0.0000,196.8150,3.0000,97.0000,AG03-UNRESOLVED,ALL5_LEVELS_bet23_to_bet27,196.8150,196.8150,196.8150,196.8150,196.8150,3.000000,3.000000,3.000000,3.000000,3.000000,97.000000,97.000000,97.000000,97.000000,97.000000,5.0,984.0750,926.7754,5576.4250,5633.7246,PENDING_AG03,FALSE,NOT_FOR_ENFORCEMENT,6363.6850,29210.5800,6560.5000,6363.6850,196.8150,0.19992991,0.19393201,196.8150,6363.6850,0.19393201,196.8150,196.8150,196.8150,196.8150,196.8150,6363.6850,0.19393201,984.0750,926.7754,5576.4250,5633.7246,0.16994042,0.17168661,0.00599790,189.6763,174.0694,37.9220,6560.5000,218.6833,32814.0000,173.0000,,189.6763,200.0,200.0,200.0,200.0,200.0,431.0013,200.0,-100.0,1.0,2.155006,0.948382,28,30,2,2,0E-8,0.19992991,,0E-8,0.000000,0.917718,0.000000,,2026-05-28,2026-05-28,1,30,28,1,1.000000,,,0.000000,,,,,,,,GLOBAL_BASELINE_NO_ENTITY_RANKING,,,NOT_APPLICABLE_GLOBAL_BASELINE,HF9g-P5,,,,X 全窗基线 · 不参与实体赏罚,14190054,1420,A168_HF9F_20260827_0900,2026-08-27 09:00:00
2026-05-28,150462274,2153,0,1800.0000000000,-625.0000000000,-625.0000000000,0.3333333,10,10,0.50396966000000000,0.503969660000,-1.0238502285829028,-1.0238502285829025,-1.0238502285829028,0E-17,ELIGIBLE,R03b_20260811_FULL_v1,L1_ELIGIBILITY,v2026-08-11,2026-03-21..2026-08-06,baccarat_bet02_101_all_pairs_incl_sentinel,round_win = game_pnl > 0 (decisive only),COMPATIBILITY_ONLY_NOT_PRODUCTION,32814.0000,30114.0000,6560.5000,173,173,-0.19992991,,-0.19992991,-0.19992991,-6560.5000,32814.0000,OK,0.0000,196.8150,3.0000,97.0000,AG03-UNRESOLVED,ALL5_LEVELS_bet23_to_bet27,196.8150,196.8150,196.8150,196.8150,196.8150,3.000000,3.000000,3.000000,3.000000,3.000000,97.000000,97.000000,97.000000,97.000000,97.000000,5.0,984.0750,926.7754,5576.4250,5633.7246,PENDING_AG03,FALSE,NOT_FOR_ENFORCEMENT,6363.6850,29210.5800,6560.5000,6363.6850,196.8150,0.19992991,0.19393201,196.8150,6363.6850,0.19393201,196.8150,196.8150,196.8150,196.8150,196.8150,6363.6850,0.19393201,984.0750,926.7754,5576.4250,5633.7246,0.16994042,0.17168661,0.00599790,189.6763,174.0694,37.9220,6560.5000,218.6833,32814.0000,173.0000,,189.6763,200.0,200.0,200.0,200.0,200.0,431.0013,200.0,-100.0,1.0,2.155006,0.948382,28,30,2,2,0E-8,0.19992991,,0E-8,0.000000,0.917718,0.000000,,2026-05-28,2026-05-28,1,30,28,1,1.000000,,,0.000000,,,,,,,,GLOBAL_BASELINE_NO_ENTITY_RANKING,,,NOT_APPLICABLE_GLOBAL_BASELINE,HF9g-P5,,,,X 全窗基线 · 不参与实体赏罚,14190055,1420,A168_HF9F_20260827_0900,2026-08-27 09:00:00
2026-05-28,150462274,2155,0,200.0000000000,190.0000000000,190.0000000000,1.0000000,1,1,0.50665070000000000,0.506650700000,0.9867858985152569,0.9867858985152569,0.9867858985152569,0E-17,ELIGIBLE,R03b_20260811_FULL_v1,L1_ELIGIBILITY,v2026-08-11,2026-03-21..2026-08-06,baccarat_bet02_101_all_pairs_incl_sentinel,round_win = game_pnl > 0 (decisive only),COMPATIBILITY_ONLY_NOT_PRODUCTION,32814.0000,30114.0000,6560.5000,173,173,-0.19992991,,-0.19992991,-0.19992991,-6560.5000,32814.0000,OK,0.0000,196.8150,3.0000,97.0000,AG03-UNRESOLVED,ALL5_LEVELS_bet23_to_bet27,196.8150,196.8150,196.8150,196.8150,196.8150,3.000000,3.000000,3.000000,3.000000,3.000000,97.000000,97.000000,97.000000,97.000000,97.000000,5.0,984.0750,926.7754,5576.4250,5633.7246,PENDING_AG03,FALSE,NOT_FOR_ENFORCEMENT,6363.6850,29210.5800,6560.5000,6363.6850,196.8150,0.19992991,0.19393201,196.8150,6363.6850,0.19393201,196.8150,196.8150,196.8150,196.8150,196.8150,6363.6850,0.19393201,984.0750,926.7754,5576.4250,5633.7246,0.16994042,0.17168661,0.00599790,189.6763,174.0694,37.9220,6560.5000,218.6833,32814.0000,173.0000,,189.6763,200.0,200.0,200.0,200.0,200.0,431.0013,200.0,-100.0,1.0,2.155006,0.948382,28,30,2,2,0E-8,0.19992991,,0E-8,0.000000,0.917718,0.000000,,2026-05-28,2026-05-28,1,30,28,1,1.000000,,,0.000000,,,,,,,,GLOBAL_BASELINE_NO_ENTITY_RANKING,,,NOT_APPLICABLE_GLOBAL_BASELINE,HF9g-P5,,,,X 全窗基线 · 不参与实体赏罚,14190056,1420,A168_HF9F_20260827_0900,2026-08-27 09:00:00
2026-05-28,150462274,2205,0,1200.0000000000,560.0000000000,560.0000000000,0.8000000,6,6,0.50665070000000000,0.506650700000,1.3120140225494112,1.3120140225494112,1.3120140225494112,0E-17,ELIGIBLE,R03b_20260811_FULL_v1,L1_ELIGIBILITY,v2026-08-11,2026-03-21..2026-08-06,baccarat_bet02_101_all_pairs_incl_sentinel,round_win = game_pnl > 0 (decisive only),COMPATIBILITY_ONLY_NOT_PRODUCTION,32814.0000,30114.0000,6560.5000,173,173,-0.19992991,,-0.19992991,-0.19992991,-6560.5000,32814.0000,OK,0.0000,196.8150,3.0000,97.0000,AG03-UNRESOLVED,ALL5_LEVELS_bet23_to_bet27,196.8150,196.8150,196.8150,196.8150,196.8150,3.000000,3.000000,3.000000,3.000000,3.000000,97.000000,97.000000,97.000000,97.000000,97.000000,5.0,984.0750,926.7754,5576.4250,5633.7246,PENDING_AG03,FALSE,NOT_FOR_ENFORCEMENT,6363.6850,29210.5800,6560.5000,6363.6850,196.8150,0.19992991,0.19393201,196.8150,6363.6850,0.19393201,196.8150,196.8150,196.8150,196.8150,196.8150,6363.6850,0.19393201,984.0750,926.7754,5576.4250,5633.7246,0.16994042,0.17168661,0.00599790,189.6763,174.0694,37.9220,6560.5000,218.6833,32814.0000,173.0000,,189.6763,200.0,200.0,200.0,200.0,200.0,431.0013,200.0,-100.0,1.0,2.155006,0.948382,28,30,2,2,0E-8,0.19992991,,0E-8,0.000000,0.917718,0.000000,,2026-05-28,2026-05-28,1,30,28,1,1.000000,,,0.000000,,,,,,,,GLOBAL_BASELINE_NO_ENTITY_RANKING,,,NOT_APPLICABLE_GLOBAL_BASELINE,HF9g-P5,,,,X 全窗基线 · 不参与实体赏罚,14190057,1420,A168_HF9F_20260827_0900,2026-08-27 09:00:00
2026-05-28,150462274,2212,0,1370.0000000000,-570.0000000000,-570.0000000000,0.2857143,7,7,0.49899058571428571,0.498990585714,-1.1285544004973334,-1.1285544004958228,-1.1285544004973334,2.8571E-13,ELIGIBLE,R03b_20260811_FULL_v1,L1_ELIGIBILITY,v2026-08-11,2026-03-21..2026-08-06,baccarat_bet02_101_all_pairs_incl_sentinel,round_win = game_pnl > 0 (decisive only),COMPATIBILITY_ONLY_NOT_PRODUCTION,32814.0000,30114.0000,6560.5000,173,173,-0.19992991,,-0.19992991,-0.19992991,-6560.5000,32814.0000,OK,0.0000,196.8150,3.0000,97.0000,AG03-UNRESOLVED,ALL5_LEVELS_bet23_to_bet27,196.8150,196.8150,196.8150,196.8150,196.8150,3.000000,3.000000,3.000000,3.000000,3.000000,97.000000,97.000000,97.000000,97.000000,97.000000,5.0,984.0750,926.7754,5576.4250,5633.7246,PENDING_AG03,FALSE,NOT_FOR_ENFORCEMENT,6363.6850,29210.5800,6560.5000,6363.6850,196.8150,0.19992991,0.19393201,196.8150,6363.6850,0.19393201,196.8150,196.8150,196.8150,196.8150,196.8150,6363.6850,0.19393201,984.0750,926.7754,5576.4250,5633.7246,0.16994042,0.17168661,0.00599790,189.6763,174.0694,37.9220,6560.5000,218.6833,32814.0000,173.0000,,189.6763,200.0,200.0,200.0,200.0,200.0,431.0013,200.0,-100.0,1.0,2.155006,0.948382,28,30,2,2,0E-8,0.19992991,,0E-8,0.000000,0.917718,0.000000,,2026-05-28,2026-05-28,1,30,28,1,1.000000,,,0.000000,,,,,,,,GLOBAL_BASELINE_NO_ENTITY_RANKING,,,NOT_APPLICABLE_GLOBAL_BASELINE,HF9g-P5,,,,X 全窗基线 · 不参与实体赏罚,14190058,1420,A168_HF9F_20260827_0900,2026-08-27 09:00:00
2026-05-28,150462274,2220,0,100.0000000000,-100.0000000000,-100.0000000000,0E-7,1,1,0.50665070000000000,0.506650700000,-1.013391052207602,-1.013391052207602,-1.013391052207602,0E-17,ELIGIBLE,R03b_20260811_FULL_v1,L1_ELIGIBILITY,v2026-08-11,2026-03-21..2026-08-06,baccarat_bet02_101_all_pairs_incl_sentinel,round_win = game_pnl > 0 (decisive only),COMPATIBILITY_ONLY_NOT_PRODUCTION,32814.0000,30114.0000,6560.5000,173,173,-0.19992991,,-0.19992991,-0.19992991,-6560.5000,32814.0000,OK,0.0000,196.8150,3.0000,97.0000,AG03-UNRESOLVED,ALL5_LEVELS_bet23_to_bet27,196.8150,196.8150,196.8150,196.8150,196.8150,3.000000,3.000000,3.000000,3.000000,3.000000,97.000000,97.000000,97.000000,97.000000,97.000000,5.0,984.0750,926.7754,5576.4250,5633.7246,PENDING_AG03,FALSE,NOT_FOR_ENFORCEMENT,6363.6850,29210.5800,6560.5000,6363.6850,196.8150,0.19992991,0.19393201,196.8150,6363.6850,0.19393201,196.8150,196.8150,196.8150,196.8150,196.8150,6363.6850,0.19393201,984.0750,926.7754,5576.4250,5633.7246,0.16994042,0.17168661,0.00599790,189.6763,174.0694,37.9220,6560.5000,218.6833,32814.0000,173.0000,,189.6763,200.0,200.0,200.0,200.0,200.0,431.0013,200.0,-100.0,1.0,2.155006,0.948382,28,30,2,2,0E-8,0.19992991,,0E-8,0.000000,0.917718,0.000000,,2026-05-28,2026-05-28,1,30,28,1,1.000000,,,0.000000,,,,,,,,GLOBAL_BASELINE_NO_ENTITY_RANKING,,,NOT_APPLICABLE_GLOBAL_BASELINE,HF9g-P5,,,,X 全窗基线 · 不参与实体赏罚,14190059,1420,A168_HF9F_20260827_0900,2026-08-27 09:00:00
2026-05-28,150462274,2222,0,800.0000000000,-800.0000000000,-800.0000000000,0E-7,4,4,0.49659680000000000,0.496596800000,-1.9864332133590707,-1.986433213359071,-1.9864332133590707,0E-17,ELIGIBLE,R03b_20260811_FULL_v1,L1_ELIGIBILITY,v2026-08-11,2026-03-21..2026-08-06,baccarat_bet02_101_all_pairs_incl_sentinel,round_win = game_pnl > 0 (decisive only),COMPATIBILITY_ONLY_NOT_PRODUCTION,32814.0000,30114.0000,6560.5000,173,173,-0.19992991,,-0.19992991,-0.19992991,-6560.5000,32814.0000,OK,0.0000,196.8150,3.0000,97.0000,AG03-UNRESOLVED,ALL5_LEVELS_bet23_to_bet27,196.8150,196.8150,196.8150,196.8150,196.8150,3.000000,3.000000,3.000000,3.000000,3.000000,97.000000,97.000000,97.000000,97.000000,97.000000,5.0,984.0750,926.7754,5576.4250,5633.7246,PENDING_AG03,FALSE,NOT_FOR_ENFORCEMENT,6363.6850,29210.5800,6560.5000,6363.6850,196.8150,0.19992991,0.19393201,196.8150,6363.6850,0.19393201,196.8150,196.8150,196.8150,196.8150,196.8150,6363.6850,0.19393201,984.0750,926.7754,5576.4250,5633.7246,0.16994042,0.17168661,0.00599790,189.6763,174.0694,37.9220,6560.5000,218.6833,32814.0000,173.0000,,189.6763,200.0,200.0,200.0,200.0,200.0,431.0013,200.0,-100.0,1.0,2.155006,0.948382,28,30,2,2,0E-8,0.19992991,,0E-8,0.000000,0.917718,0.000000,,2026-05-28,2026-05-28,1,30,28,1,1.000000,,,0.000000,,,,,,,,GLOBAL_BASELINE_NO_ENTITY_RANKING,,,NOT_APPLICABLE_GLOBAL_BASELINE,HF9g-P5,,,,X 全窗基线 · 不参与实体赏罚,14190060,1420,A168_HF9F_20260827_0900,2026-08-27 09:00:00
2026-05-28,150462274,2229,0,1000.0000000000,170.0000000000,170.0000000000,0.6000000,5,5,0.50396966000000000,0.503969660000,0.4294742719815242,0.4294742719815242,0.4294742719815242,0E-17,ELIGIBLE,R03b_20260811_FULL_v1,L1_ELIGIBILITY,v2026-08-11,2026-03-21..2026-08-06,baccarat_bet02_101_all_pairs_incl_sentinel,round_win = game_pnl > 0 (decisive only),COMPATIBILITY_ONLY_NOT_PRODUCTION,32814.0000,30114.0000,6560.5000,173,173,-0.19992991,,-0.19992991,-0.19992991,-6560.5000,32814.0000,OK,0.0000,196.8150,3.0000,97.0000,AG03-UNRESOLVED,ALL5_LEVELS_bet23_to_bet27,196.8150,196.8150,196.8150,196.8150,196.8150,3.000000,3.000000,3.000000,3.000000,3.000000,97.000000,97.000000,97.000000,97.000000,97.000000,5.0,984.0750,926.7754,5576.4250,5633.7246,PENDING_AG03,FALSE,NOT_FOR_ENFORCEMENT,6363.6850,29210.5800,6560.5000,6363.6850,196.8150,0.19992991,0.19393201,196.8150,6363.6850,0.19393201,196.8150,196.8150,196.8150,196.8150,196.8150,6363.6850,0.19393201,984.0750,926.7754,5576.4250,5633.7246,0.16994042,0.17168661,0.00599790,189.6763,174.0694,37.9220,6560.5000,218.6833,32814.0000,173.0000,,189.6763,200.0,200.0,200.0,200.0,200.0,431.0013,200.0,-100.0,1.0,2.155006,0.948382,28,30,2,2,0E-8,0.19992991,,0E-8,0.000000,0.917718,0.000000,,2026-05-28,2026-05-28,1,30,28,1,1.000000,,,0.000000,,,,,,,,GLOBAL_BASELINE_NO_ENTITY_RANKING,,,NOT_APPLICABLE_GLOBAL_BASELINE,HF9g-P5,,,,X 全窗基线 · 不参与实体赏罚,14190061,1420,A168_HF9F_20260827_0900,2026-08-27 09:00:00
2026-05-28,150462274,2234,0,500.0000000000,-110.0000000000,-110.0000000000,0.3333333,3,3,0.50218230000000000,0.502182300000,-0.5849155494134425,-0.5849155494134426,-0.5849155494134425,0E-17,ELIGIBLE,R03b_20260811_FULL_v1,L1_ELIGIBILITY,v2026-08-11,2026-03-21..2026-08-06,baccarat_bet02_101_all_pairs_incl_sentinel,round_win = game_pnl > 0 (decisive only),COMPATIBILITY_ONLY_NOT_PRODUCTION,32814.0000,30114.0000,6560.5000,173,173,-0.19992991,,-0.19992991,-0.19992991,-6560.5000,32814.0000,OK,0.0000,196.8150,3.0000,97.0000,AG03-UNRESOLVED,ALL5_LEVELS_bet23_to_bet27,196.8150,196.8150,196.8150,196.8150,196.8150,3.000000,3.000000,3.000000,3.000000,3.000000,97.000000,97.000000,97.000000,97.000000,97.000000,5.0,984.0750,926.7754,5576.4250,5633.7246,PENDING_AG03,FALSE,NOT_FOR_ENFORCEMENT,6363.6850,29210.5800,6560.5000,6363.6850,196.8150,0.19992991,0.19393201,196.8150,6363.6850,0.19393201,196.8150,196.8150,196.8150,196.8150,196.8150,6363.6850,0.19393201,984.0750,926.7754,5576.4250,5633.7246,0.16994042,0.17168661,0.00599790,189.6763,174.0694,37.9220,6560.5000,218.6833,32814.0000,173.0000,,189.6763,200.0,200.0,200.0,200.0,200.0,431.0013,200.0,-100.0,1.0,2.155006,0.948382,28,30,2,2,0E-8,0.19992991,,0E-8,0.000000,0.917718,0.000000,,2026-05-28,2026-05-28,1,30,28,1,1.000000,,,0.000000,,,,,,,,GLOBAL_BASELINE_NO_ENTITY_RANKING,,,NOT_APPLICABLE_GLOBAL_BASELINE,HF9g-P5,,,,X 全窗基线 · 不参与实体赏罚,14190062,1420,A168_HF9F_20260827_0900,2026-08-27 09:00:00
2026-05-28,150462274,2254,0,200.0000000000,200.0000000000,200.0000000000,1.0000000,2,2,0.49324550000000000,0.493245500000,1.4334489766152358,1.4334489766152358,1.4334489766152358,0E-17,ELIGIBLE,R03b_20260811_FULL_v1,L1_ELIGIBILITY,v2026-08-11,2026-03-21..2026-08-06,baccarat_bet02_101_all_pairs_incl_sentinel,round_win = game_pnl > 0 (decisive only),COMPATIBILITY_ONLY_NOT_PRODUCTION,32814.0000,30114.0000,6560.5000,173,173,-0.19992991,,-0.19992991,-0.19992991,-6560.5000,32814.0000,OK,0.0000,196.8150,3.0000,97.0000,AG03-UNRESOLVED,ALL5_LEVELS_bet23_to_bet27,196.8150,196.8150,196.8150,196.8150,196.8150,3.000000,3.000000,3.000000,3.000000,3.000000,97.000000,97.000000,97.000000,97.000000,97.000000,5.0,984.0750,926.7754,5576.4250,5633.7246,PENDING_AG03,FALSE,NOT_FOR_ENFORCEMENT,6363.6850,29210.5800,6560.5000,6363.6850,196.8150,0.19992991,0.19393201,196.8150,6363.6850,0.19393201,196.8150,196.8150,196.8150,196.8150,196.8150,6363.6850,0.19393201,984.0750,926.7754,5576.4250,5633.7246,0.16994042,0.17168661,0.00599790,189.6763,174.0694,37.9220,6560.5000,218.6833,32814.0000,173.0000,,189.6763,200.0,200.0,200.0,200.0,200.0,431.0013,200.0,-100.0,1.0,2.155006,0.948382,28,30,2,2,0E-8,0.19992991,,0E-8,0.000000,0.917718,0.000000,,2026-05-28,2026-05-28,1,30,28,1,1.000000,,,0.000000,,,,,,,,GLOBAL_BASELINE_NO_ENTITY_RANKING,,,NOT_APPLICABLE_GLOBAL_BASELINE,HF9g-P5,,,,X 全窗基线 · 不参与实体赏罚,14190063,1420,A168_HF9F_20260827_0900,2026-08-27 09:00:00
2026-05-28,150462274,2258,0,600.0000000000,200.0000000000,200.0000000000,0.7500000,4,4,0.49659680000000000,0.496596800000,1.0136362796769356,1.0136362796769358,1.0136362796769356,0E-17,ELIGIBLE,R03b_20260811_FULL_v1,L1_ELIGIBILITY,v2026-08-11,2026-03-21..2026-08-06,baccarat_bet02_101_all_pairs_incl_sentinel,round_win = game_pnl > 0 (decisive only),COMPATIBILITY_ONLY_NOT_PRODUCTION,32814.0000,30114.0000,6560.5000,173,173,-0.19992991,,-0.19992991,-0.19992991,-6560.5000,32814.0000,OK,0.0000,196.8150,3.0000,97.0000,AG03-UNRESOLVED,ALL5_LEVELS_bet23_to_bet27,196.8150,196.8150,196.8150,196.8150,196.8150,3.000000,3.000000,3.000000,3.000000,3.000000,97.000000,97.000000,97.000000,97.000000,97.000000,5.0,984.0750,926.7754,5576.4250,5633.7246,PENDING_AG03,FALSE,NOT_FOR_ENFORCEMENT,6363.6850,29210.5800,6560.5000,6363.6850,196.8150,0.19992991,0.19393201,196.8150,6363.6850,0.19393201,196.8150,196.8150,196.8150,196.8150,196.8150,6363.6850,0.19393201,984.0750,926.7754,5576.4250,5633.7246,0.16994042,0.17168661,0.00599790,189.6763,174.0694,37.9220,6560.5000,218.6833,32814.0000,173.0000,,189.6763,200.0,200.0,200.0,200.0,200.0,431.0013,200.0,-100.0,1.0,2.155006,0.948382,28,30,2,2,0E-8,0.19992991,,0E-8,0.000000,0.917718,0.000000,,2026-05-28,2026-05-28,1,30,28,1,1.000000,,,0.000000,,,,,,,,GLOBAL_BASELINE_NO_ENTITY_RANKING,,,NOT_APPLICABLE_GLOBAL_BASELINE,HF9g-P5,,,,X 全窗基线 · 不参与实体赏罚,14190064,1420,A168_HF9F_20260827_0900,2026-08-27 09:00:00
2026-05-28,150462274,529,0,800.0000000000,-20.0000000000,-20.0000000000,0.4000000,5,5,0.50128862000000000,0.501288620000,-0.4529779837142727,-0.4529779837142727,-0.4529779837142727,0E-17,ELIGIBLE,R03b_20260811_FULL_v1,L1_ELIGIBILITY,v2026-08-11,2026-03-21..2026-08-06,baccarat_bet02_101_all_pairs_incl_sentinel,round_win = game_pnl > 0 (decisive only),COMPATIBILITY_ONLY_NOT_PRODUCTION,32814.0000,30114.0000,6560.5000,173,173,-0.19992991,,-0.19992991,-0.19992991,-6560.5000,32814.0000,OK,0.0000,196.8150,3.0000,97.0000,AG03-UNRESOLVED,ALL5_LEVELS_bet23_to_bet27,196.8150,196.8150,196.8150,196.8150,196.8150,3.000000,3.000000,3.000000,3.000000,3.000000,97.000000,97.000000,97.000000,97.000000,97.000000,5.0,984.0750,926.7754,5576.4250,5633.7246,PENDING_AG03,FALSE,NOT_FOR_ENFORCEMENT,6363.6850,29210.5800,6560.5000,6363.6850,196.8150,0.19992991,0.19393201,196.8150,6363.6850,0.19393201,196.8150,196.8150,196.8150,196.8150,196.8150,6363.6850,0.19393201,984.0750,926.7754,5576.4250,5633.7246,0.16994042,0.17168661,0.00599790,189.6763,174.0694,37.9220,6560.5000,218.6833,32814.0000,173.0000,,189.6763,200.0,200.0,200.0,200.0,200.0,431.0013,200.0,-100.0,1.0,2.155006,0.948382,28,30,2,2,0E-8,0.19992991,,0E-8,0.000000,0.917718,0.000000,,2026-05-28,2026-05-28,1,30,28,1,1.000000,,,0.000000,,,,,,,,GLOBAL_BASELINE_NO_ENTITY_RANKING,,,NOT_APPLICABLE_GLOBAL_BASELINE,HF9g-P5,,,,X 全窗基线 · 不参与实体赏罚,14190065,1420,A168_HF9F_20260827_0900,2026-08-27 09:00:00
2026-05-28,150462274,583,0,700.0000000000,-110.0000000000,-110.0000000000,0.3333333,4,4,0.50329940000000000,0.503299400000,-0.5887925454369916,-0.5887925454369916,-0.5887925454369916,0E-17,ELIGIBLE,R03b_20260811_FULL_v1,L1_ELIGIBILITY,v2026-08-11,2026-03-21..2026-08-06,baccarat_bet02_101_all_pairs_incl_sentinel,round_win = game_pnl > 0 (decisive only),COMPATIBILITY_ONLY_NOT_PRODUCTION,32814.0000,30114.0000,6560.5000,173,173,-0.19992991,,-0.19992991,-0.19992991,-6560.5000,32814.0000,OK,0.0000,196.8150,3.0000,97.0000,AG03-UNRESOLVED,ALL5_LEVELS_bet23_to_bet27,196.8150,196.8150,196.8150,196.8150,196.8150,3.000000,3.000000,3.000000,3.000000,3.000000,97.000000,97.000000,97.000000,97.000000,97.000000,5.0,984.0750,926.7754,5576.4250,5633.7246,PENDING_AG03,FALSE,NOT_FOR_ENFORCEMENT,6363.6850,29210.5800,6560.5000,6363.6850,196.8150,0.19992991,0.19393201,196.8150,6363.6850,0.19393201,196.8150,196.8150,196.8150,196.8150,196.8150,6363.6850,0.19393201,984.0750,926.7754,5576.4250,5633.7246,0.16994042,0.17168661,0.00599790,189.6763,174.0694,37.9220,6560.5000,218.6833,32814.0000,173.0000,,189.6763,200.0,200.0,200.0,200.0,200.0,431.0013,200.0,-100.0,1.0,2.155006,0.948382,28,30,2,2,0E-8,0.19992991,,0E-8,0.000000,0.917718,0.000000,,2026-05-28,2026-05-28,1,30,28,1,1.000000,,,0.000000,,,,,,,,GLOBAL_BASELINE_NO_ENTITY_RANKING,,,NOT_APPLICABLE_GLOBAL_BASELINE,HF9g-P5,,,,X 全窗基线 · 不参与实体赏罚,14190066,1420,A168_HF9F_20260827_0900,2026-08-27 09:00:00
2026-05-28,150462274,970,0,700.0000000000,-500.0000000000,-500.0000000000,0.2500000,4,4,0.49659680000000000,0.496596800000,-0.9864100490137353,-0.9864100490137354,-0.9864100490137353,0E-17,ELIGIBLE,R03b_20260811_FULL_v1,L1_ELIGIBILITY,v2026-08-11,2026-03-21..2026-08-06,baccarat_bet02_101_all_pairs_incl_sentinel,round_win = game_pnl > 0 (decisive only),COMPATIBILITY_ONLY_NOT_PRODUCTION,32814.0000,30114.0000,6560.5000,173,173,-0.19992991,,-0.19992991,-0.19992991,-6560.5000,32814.0000,OK,0.0000,196.8150,3.0000,97.0000,AG03-UNRESOLVED,ALL5_LEVELS_bet23_to_bet27,196.8150,196.8150,196.8150,196.8150,196.8150,3.000000,3.000000,3.000000,3.000000,3.000000,97.000000,97.000000,97.000000,97.000000,97.000000,5.0,984.0750,926.7754,5576.4250,5633.7246,PENDING_AG03,FALSE,NOT_FOR_ENFORCEMENT,6363.6850,29210.5800,6560.5000,6363.6850,196.8150,0.19992991,0.19393201,196.8150,6363.6850,0.19393201,196.8150,196.8150,196.8150,196.8150,196.8150,6363.6850,0.19393201,984.0750,926.7754,5576.4250,5633.7246,0.16994042,0.17168661,0.00599790,189.6763,174.0694,37.9220,6560.5000,218.6833,32814.0000,173.0000,,189.6763,200.0,200.0,200.0,200.0,200.0,431.0013,200.0,-100.0,1.0,2.155006,0.948382,28,30,2,2,0E-8,0.19992991,,0E-8,0.000000,0.917718,0.000000,,2026-05-28,2026-05-28,1,30,28,1,1.000000,,,0.000000,,,,,,,,GLOBAL_BASELINE_NO_ENTITY_RANKING,,,NOT_APPLICABLE_GLOBAL_BASELINE,HF9g-P5,,,,X 全窗基线 · 不参与实体赏罚,14190067,1420,A168_HF9F_20260827_0900,2026-08-27 09:00:00
2026-05-28,150462274,987,0,3381.0000000000,-1616.0000000000,-1616.0000000000,0.5000000,10,10,0.50262914000000000,0.502629140000,-0.016628371259645974,-0.016628371259645974,-0.016628371259645974,0E-17,ELIGIBLE,R03b_20260811_FULL_v1,L1_ELIGIBILITY,v2026-08-11,2026-03-21..2026-08-06,baccarat_bet02_101_all_pairs_incl_sentinel,round_win = game_pnl > 0 (decisive only),COMPATIBILITY_ONLY_NOT_PRODUCTION,32814.0000,30114.0000,6560.5000,173,173,-0.19992991,,-0.19992991,-0.19992991,-6560.5000,32814.0000,OK,0.0000,196.8150,3.0000,97.0000,AG03-UNRESOLVED,ALL5_LEVELS_bet23_to_bet27,196.8150,196.8150,196.8150,196.8150,196.8150,3.000000,3.000000,3.000000,3.000000,3.000000,97.000000,97.000000,97.000000,97.000000,97.000000,5.0,984.0750,926.7754,5576.4250,5633.7246,PENDING_AG03,FALSE,NOT_FOR_ENFORCEMENT,6363.6850,29210.5800,6560.5000,6363.6850,196.8150,0.19992991,0.19393201,196.8150,6363.6850,0.19393201,196.8150,196.8150,196.8150,196.8150,196.8150,6363.6850,0.19393201,984.0750,926.7754,5576.4250,5633.7246,0.16994042,0.17168661,0.00599790,189.6763,174.0694,37.9220,6560.5000,218.6833,32814.0000,173.0000,,189.6763,200.0,200.0,200.0,200.0,200.0,431.0013,200.0,-100.0,1.0,2.155006,0.948382,28,30,2,2,0E-8,0.19992991,,0E-8,0.000000,0.917718,0.000000,,2026-05-28,2026-05-28,1,30,28,1,1.000000,,,0.000000,,,,,,,,GLOBAL_BASELINE_NO_ENTITY_RANKING,,,NOT_APPLICABLE_GLOBAL_BASELINE,HF9g-P5,,,,X 全窗基线 · 不参与实体赏罚,14190068,1420,A168_HF9F_20260827_0900,2026-08-27 09:00:00
2026-03-22,140221144,1017,0,1063.1001371742,-203.0178326474,-203.0178326474,0.3750000,11,11,0.49812011818181818,0.498120118182,-0.6964774863933155,-0.696477486394343,-0.6964774863933155,-1.8182E-13,ELIGIBLE,R03b_20260811_FULL_v1,L1_ELIGIBILITY,v2026-08-11,2026-03-21..2026-08-06,baccarat_bet02_101_all_pairs_incl_sentinel,round_win = game_pnl > 0 (decisive only),COMPATIBILITY_ONLY_NOT_PRODUCTION,114053.6424,102846.2734,6629.8046,1763,1761,-0.05812883,-0.20377779,-0.05613377,-0.05812883,-6629.8046,114053.6424,OK,0.0000,265.1922,4.0000,96.0000,AG03-UNRESOLVED,ALL5_LEVELS_bet23_to_bet27,265.1922,265.1922,265.1922,265.1922,265.1922,4.000000,4.000000,4.000000,4.000000,4.000000,96.000000,96.000000,96.000000,96.000000,96.000000,5.0,1325.9609,1224.0429,5303.8436,5405.7616,PENDING_AG03,FALSE,NOT_FOR_ENFORCEMENT,6364.6124,98732.4225,6629.8046,6364.6124,265.1922,0.05812883,0.05580367,265.1922,6364.6124,0.05580367,265.1922,265.1922,265.1922,265.1922,265.1922,6364.6124,0.05580367,1325.9609,1224.0429,5303.8436,5405.7616,0.04650306,0.04739666,0.00232515,64.6929,58.4022,3.7648,236.7787,28.3325,4073.3444,62.8929,17.9205,67.0915,20.5198,41.0397,89.6552,137.931,195.8702,245.4342,34.2936,0.0,4.772704,5.980413,1.576351,17,91,104,3,0.01351263,0.05812883,0.20377779,0E-8,0.000000,0.901736,0.003971,-0.14764402,2026-03-22,2026-08-04,28,234,128,136,0.205882,0.267106,0.277009,0.045042,,,,,,,,GLOBAL_BASELINE_NO_ENTITY_RANKING,,,NOT_APPLICABLE_GLOBAL_BASELINE,HF9g-P5,,,,X 全窗基线 · 不参与实体赏罚,14190069,1420,A168_HF9F_20260827_0900,2026-08-27 09:00:00
2026-03-22,140221144,1078,0,13.7174211248,-13.7174211248,-13.7174211248,0E-7,1,1,0.49324550000000000,0.493245500000,-0.9865810262130424,-0.9865810262130424,-0.9865810262130424,0E-17,ELIGIBLE,R03b_20260811_FULL_v1,L1_ELIGIBILITY,v2026-08-11,2026-03-21..2026-08-06,baccarat_bet02_101_all_pairs_incl_sentinel,round_win = game_pnl > 0 (decisive only),COMPATIBILITY_ONLY_NOT_PRODUCTION,114053.6424,102846.2734,6629.8046,1763,1761,-0.05812883,-0.20377779,-0.05613377,-0.05812883,-6629.8046,114053.6424,OK,0.0000,265.1922,4.0000,96.0000,AG03-UNRESOLVED,ALL5_LEVELS_bet23_to_bet27,265.1922,265.1922,265.1922,265.1922,265.1922,4.000000,4.000000,4.000000,4.000000,4.000000,96.000000,96.000000,96.000000,96.000000,96.000000,5.0,1325.9609,1224.0429,5303.8436,5405.7616,PENDING_AG03,FALSE,NOT_FOR_ENFORCEMENT,6364.6124,98732.4225,6629.8046,6364.6124,265.1922,0.05812883,0.05580367,265.1922,6364.6124,0.05580367,265.1922,265.1922,265.1922,265.1922,265.1922,6364.6124,0.05580367,1325.9609,1224.0429,5303.8436,5405.7616,0.04650306,0.04739666,0.00232515,64.6929,58.4022,3.7648,236.7787,28.3325,4073.3444,62.8929,17.9205,67.0915,20.5198,41.0397,89.6552,137.931,195.8702,245.4342,34.2936,0.0,4.772704,5.980413,1.576351,17,91,104,3,0.01351263,0.05812883,0.20377779,0E-8,0.000000,0.901736,0.003971,-0.14764402,2026-03-22,2026-08-04,28,234,128,136,0.205882,0.267106,0.277009,0.045042,,,,,,,,GLOBAL_BASELINE_NO_ENTITY_RANKING,,,NOT_APPLICABLE_GLOBAL_BASELINE,HF9g-P5,,,,X 全窗基线 · 不参与实体赏罚,14190070,1420,A168_HF9F_20260827_0900,2026-08-27 09:00:00
2026-03-22,140221144,1323,0,733.8820301784,-157.7503429355,-157.7503429355,0.3333333,5,5,0.50396966000000000,0.503969660000,-0.5911202050821986,-0.5911202050821988,-0.5911202050821986,0E-17,ELIGIBLE,R03b_20260811_FULL_v1,L1_ELIGIBILITY,v2026-08-11,2026-03-21..2026-08-06,baccarat_bet02_101_all_pairs_incl_sentinel,round_win = game_pnl > 0 (decisive only),COMPATIBILITY_ONLY_NOT_PRODUCTION,114053.6424,102846.2734,6629.8046,1763,1761,-0.05812883,-0.20377779,-0.05613377,-0.05812883,-6629.8046,114053.6424,OK,0.0000,265.1922,4.0000,96.0000,AG03-UNRESOLVED,ALL5_LEVELS_bet23_to_bet27,265.1922,265.1922,265.1922,265.1922,265.1922,4.000000,4.000000,4.000000,4.000000,4.000000,96.000000,96.000000,96.000000,96.000000,96.000000,5.0,1325.9609,1224.0429,5303.8436,5405.7616,PENDING_AG03,FALSE,NOT_FOR_ENFORCEMENT,6364.6124,98732.4225,6629.8046,6364.6124,265.1922,0.05812883,0.05580367,265.1922,6364.6124,0.05580367,265.1922,265.1922,265.1922,265.1922,265.1922,6364.6124,0.05580367,1325.9609,1224.0429,5303.8436,5405.7616,0.04650306,0.04739666,0.00232515,64.6929,58.4022,3.7648,236.7787,28.3325,4073.3444,62.8929,17.9205,67.0915,20.5198,41.0397,89.6552,137.931,195.8702,245.4342,34.2936,0.0,4.772704,5.980413,1.576351,17,91,104,3,0.01351263,0.05812883,0.20377779,0E-8,0.000000,0.901736,0.003971,-0.14764402,2026-03-22,2026-08-04,28,234,128,136,0.205882,0.267106,0.277009,0.045042,,,,,,,,GLOBAL_BASELINE_NO_ENTITY_RANKING,,,NOT_APPLICABLE_GLOBAL_BASELINE,HF9g-P5,,,,X 全窗基线 · 不参与实体赏罚,14190071,1420,A168_HF9F_20260827_0900,2026-08-27 09:00:00
2026-03-22,140221144,1385,0,850.4801097393,283.9506172840,283.9506172840,0.7500000,5,5,0.49860758000000000,0.498607580000,1.005573579286957,1.005573579286957,1.005573579286957,0E-17,ELIGIBLE,R03b_20260811_FULL_v1,L1_ELIGIBILITY,v2026-08-11,2026-03-21..2026-08-06,baccarat_bet02_101_all_pairs_incl_sentinel,round_win = game_pnl > 0 (decisive only),COMPATIBILITY_ONLY_NOT_PRODUCTION,114053.6424,102846.2734,6629.8046,1763,1761,-0.05812883,-0.20377779,-0.05613377,-0.05812883,-6629.8046,114053.6424,OK,0.0000,265.1922,4.0000,96.0000,AG03-UNRESOLVED,ALL5_LEVELS_bet23_to_bet27,265.1922,265.1922,265.1922,265.1922,265.1922,4.000000,4.000000,4.000000,4.000000,4.000000,96.000000,96.000000,96.000000,96.000000,96.000000,5.0,1325.9609,1224.0429,5303.8436,5405.7616,PENDING_AG03,FALSE,NOT_FOR_ENFORCEMENT,6364.6124,98732.4225,6629.8046,6364.6124,265.1922,0.05812883,0.05580367,265.1922,6364.6124,0.05580367,265.1922,265.1922,265.1922,265.1922,265.1922,6364.6124,0.05580367,1325.9609,1224.0429,5303.8436,5405.7616,0.04650306,0.04739666,0.00232515,64.6929,58.4022,3.7648,236.7787,28.3325,4073.3444,62.8929,17.9205,67.0915,20.5198,41.0397,89.6552,137.931,195.8702,245.4342,34.2936,0.0,4.772704,5.980413,1.576351,17,91,104,3,0.01351263,0.05812883,0.20377779,0E-8,0.000000,0.901736,0.003971,-0.14764402,2026-03-22,2026-08-04,28,234,128,136,0.205882,0.267106,0.277009,0.045042,,,,,,,,GLOBAL_BASELINE_NO_ENTITY_RANKING,,,NOT_APPLICABLE_GLOBAL_BASELINE,HF9g-P5,,,,X 全窗基线 · 不参与实体赏罚,14190072,1420,A168_HF9F_20260827_0900,2026-08-27 09:00:00
2026-03-22,140221144,1485,0,2167.3525377229,1247.9423868311,1247.9423868311,0.7647059,17,17,0.49955382941176471,0.499553829412,2.1865007127773417,2.1865007127754,2.1865007127773417,-2.3529E-13,ELIGIBLE,R03b_20260811_FULL_v1,L1_ELIGIBILITY,v2026-08-11,2026-03-21..2026-08-06,baccarat_bet02_101_all_pairs_incl_sentinel,round_win = game_pnl > 0 (decisive only),COMPATIBILITY_ONLY_NOT_PRODUCTION,114053.6424,102846.2734,6629.8046,1763,1761,-0.05812883,-0.20377779,-0.05613377,-0.05812883,-6629.8046,114053.6424,OK,0.0000,265.1922,4.0000,96.0000,AG03-UNRESOLVED,ALL5_LEVELS_bet23_to_bet27,265.1922,265.1922,265.1922,265.1922,265.1922,4.000000,4.000000,4.000000,4.000000,4.000000,96.000000,96.000000,96.000000,96.000000,96.000000,5.0,1325.9609,1224.0429,5303.8436,5405.7616,PENDING_AG03,FALSE,NOT_FOR_ENFORCEMENT,6364.6124,98732.4225,6629.8046,6364.6124,265.1922,0.05812883,0.05580367,265.1922,6364.6124,0.05580367,265.1922,265.1922,265.1922,265.1922,265.1922,6364.6124,0.05580367,1325.9609,1224.0429,5303.8436,5405.7616,0.04650306,0.04739666,0.00232515,64.6929,58.4022,3.7648,236.7787,28.3325,4073.3444,62.8929,17.9205,67.0915,20.5198,41.0397,89.6552,137.931,195.8702,245.4342,34.2936,0.0,4.772704,5.980413,1.576351,17,91,104,3,0.01351263,0.05812883,0.20377779,0E-8,0.000000,0.901736,0.003971,-0.14764402,2026-03-22,2026-08-04,28,234,128,136,0.205882,0.267106,0.277009,0.045042,,,,,,,,GLOBAL_BASELINE_NO_ENTITY_RANKING,,,NOT_APPLICABLE_GLOBAL_BASELINE,HF9g-P5,,,,X 全窗基线 · 不参与实体赏罚,14190073,1420,A168_HF9F_20260827_0900,2026-08-27 09:00:00
2026-03-22,140221144,1623,0,157.7503429352,-69.2729766802,-69.2729766802,0.3333333,14,14,0.49994810000000000,0.499948100000,-1.154340970850289,-1.154340970850289,-1.154340970850289,0E-17,ELIGIBLE,R03b_20260811_FULL_v1,L1_ELIGIBILITY,v2026-08-11,2026-03-21..2026-08-06,baccarat_bet02_101_all_pairs_incl_sentinel,round_win = game_pnl > 0 (decisive only),COMPATIBILITY_ONLY_NOT_PRODUCTION,114053.6424,102846.2734,6629.8046,1763,1761,-0.05812883,-0.20377779,-0.05613377,-0.05812883,-6629.8046,114053.6424,OK,0.0000,265.1922,4.0000,96.0000,AG03-UNRESOLVED,ALL5_LEVELS_bet23_to_bet27,265.1922,265.1922,265.1922,265.1922,265.1922,4.000000,4.000000,4.000000,4.000000,4.000000,96.000000,96.000000,96.000000,96.000000,96.000000,5.0,1325.9609,1224.0429,5303.8436,5405.7616,PENDING_AG03,FALSE,NOT_FOR_ENFORCEMENT,6364.6124,98732.4225,6629.8046,6364.6124,265.1922,0.05812883,0.05580367,265.1922,6364.6124,0.05580367,265.1922,265.1922,265.1922,265.1922,265.1922,6364.6124,0.05580367,1325.9609,1224.0429,5303.8436,5405.7616,0.04650306,0.04739666,0.00232515,64.6929,58.4022,3.7648,236.7787,28.3325,4073.3444,62.8929,17.9205,67.0915,20.5198,41.0397,89.6552,137.931,195.8702,245.4342,34.2936,0.0,4.772704,5.980413,1.576351,17,91,104,3,0.01351263,0.05812883,0.20377779,0E-8,0.000000,0.901736,0.003971,-0.14764402,2026-03-22,2026-08-04,28,234,128,136,0.205882,0.267106,0.277009,0.045042,,,,,,,,GLOBAL_BASELINE_NO_ENTITY_RANKING,,,NOT_APPLICABLE_GLOBAL_BASELINE,HF9g-P5,,,,X 全窗基线 · 不参与实体赏罚,14190074,1420,A168_HF9F_20260827_0900,2026-08-27 09:00:00
2026-03-22,140221144,1645,0,1049.3827160493,81.9615912210,81.9615912210,0.4166667,13,13,0.49737017692307692,0.497370176923,-0.5591380544698907,-0.5591380544693583,-0.5591380544698907,7.692E-14,ELIGIBLE,R03b_20260811_FULL_v1,L1_ELIGIBILITY,v2026-08-11,2026-03-21..2026-08-06,baccarat_bet02_101_all_pairs_incl_sentinel,round_win = game_pnl > 0 (decisive only),COMPATIBILITY_ONLY_NOT_PRODUCTION,114053.6424,102846.2734,6629.8046,1763,1761,-0.05812883,-0.20377779,-0.05613377,-0.05812883,-6629.8046,114053.6424,OK,0.0000,265.1922,4.0000,96.0000,AG03-UNRESOLVED,ALL5_LEVELS_bet23_to_bet27,265.1922,265.1922,265.1922,265.1922,265.1922,4.000000,4.000000,4.000000,4.000000,4.000000,96.000000,96.000000,96.000000,96.000000,96.000000,5.0,1325.9609,1224.0429,5303.8436,5405.7616,PENDING_AG03,FALSE,NOT_FOR_ENFORCEMENT,6364.6124,98732.4225,6629.8046,6364.6124,265.1922,0.05812883,0.05580367,265.1922,6364.6124,0.05580367,265.1922,265.1922,265.1922,265.1922,265.1922,6364.6124,0.05580367,1325.9609,1224.0429,5303.8436,5405.7616,0.04650306,0.04739666,0.00232515,64.6929,58.4022,3.7648,236.7787,28.3325,4073.3444,62.8929,17.9205,67.0915,20.5198,41.0397,89.6552,137.931,195.8702,245.4342,34.2936,0.0,4.772704,5.980413,1.576351,17,91,104,3,0.01351263,0.05812883,0.20377779,0E-8,0.000000,0.901736,0.003971,-0.14764402,2026-03-22,2026-08-04,28,234,128,136,0.205882,0.267106,0.277009,0.045042,,,,,,,,GLOBAL_BASELINE_NO_ENTITY_RANKING,,,NOT_APPLICABLE_GLOBAL_BASELINE,HF9g-P5,,,,X 全窗基线 · 不参与实体赏罚,14190075,1420,A168_HF9F_20260827_0900,2026-08-27 09:00:00
2026-03-22,140221144,1646,0,68.5871056241,-68.5871056241,-68.5871056241,0E-7,1,1,0.50665070000000000,0.506650700000,-1.013391052207602,-1.013391052207602,-1.013391052207602,0E-17,ELIGIBLE,R03b_20260811_FULL_v1,L1_ELIGIBILITY,v2026-08-11,2026-03-21..2026-08-06,baccarat_bet02_101_all_pairs_incl_sentinel,round_win = game_pnl > 0 (decisive only),COMPATIBILITY_ONLY_NOT_PRODUCTION,114053.6424,102846.2734,6629.8046,1763,1761,-0.05812883,-0.20377779,-0.05613377,-0.05812883,-6629.8046,114053.6424,OK,0.0000,265.1922,4.0000,96.0000,AG03-UNRESOLVED,ALL5_LEVELS_bet23_to_bet27,265.1922,265.1922,265.1922,265.1922,265.1922,4.000000,4.000000,4.000000,4.000000,4.000000,96.000000,96.000000,96.000000,96.000000,96.000000,5.0,1325.9609,1224.0429,5303.8436,5405.7616,PENDING_AG03,FALSE,NOT_FOR_ENFORCEMENT,6364.6124,98732.4225,6629.8046,6364.6124,265.1922,0.05812883,0.05580367,265.1922,6364.6124,0.05580367,265.1922,265.1922,265.1922,265.1922,265.1922,6364.6124,0.05580367,1325.9609,1224.0429,5303.8436,5405.7616,0.04650306,0.04739666,0.00232515,64.6929,58.4022,3.7648,236.7787,28.3325,4073.3444,62.8929,17.9205,67.0915,20.5198,41.0397,89.6552,137.931,195.8702,245.4342,34.2936,0.0,4.772704,5.980413,1.576351,17,91,104,3,0.01351263,0.05812883,0.20377779,0E-8,0.000000,0.901736,0.003971,-0.14764402,2026-03-22,2026-08-04,28,234,128,136,0.205882,0.267106,0.277009,0.045042,,,,,,,,GLOBAL_BASELINE_NO_ENTITY_RANKING,,,NOT_APPLICABLE_GLOBAL_BASELINE,HF9g-P5,,,,X 全窗基线 · 不参与实体赏罚,14190076,1420,A168_HF9F_20260827_0900,2026-08-27 09:00:00
2026-03-22,140221144,1654,0,754.4581618656,-754.4581618656,-754.4581618656,0E-7,5,5,0.50128862000000000,0.501288620000,-2.241838306677593,-2.241838306677593,-2.241838306677593,0E-17,ELIGIBLE,R03b_20260811_FULL_v1,L1_ELIGIBILITY,v2026-08-11,2026-03-21..2026-08-06,baccarat_bet02_101_all_pairs_incl_sentinel,round_win = game_pnl > 0 (decisive only),COMPATIBILITY_ONLY_NOT_PRODUCTION,114053.6424,102846.2734,6629.8046,1763,1761,-0.05812883,-0.20377779,-0.05613377,-0.05812883,-6629.8046,114053.6424,OK,0.0000,265.1922,4.0000,96.0000,AG03-UNRESOLVED,ALL5_LEVELS_bet23_to_bet27,265.1922,265.1922,265.1922,265.1922,265.1922,4.000000,4.000000,4.000000,4.000000,4.000000,96.000000,96.000000,96.000000,96.000000,96.000000,5.0,1325.9609,1224.0429,5303.8436,5405.7616,PENDING_AG03,FALSE,NOT_FOR_ENFORCEMENT,6364.6124,98732.4225,6629.8046,6364.6124,265.1922,0.05812883,0.05580367,265.1922,6364.6124,0.05580367,265.1922,265.1922,265.1922,265.1922,265.1922,6364.6124,0.05580367,1325.9609,1224.0429,5303.8436,5405.7616,0.04650306,0.04739666,0.00232515,64.6929,58.4022,3.7648,236.7787,28.3325,4073.3444,62.8929,17.9205,67.0915,20.5198,41.0397,89.6552,137.931,195.8702,245.4342,34.2936,0.0,4.772704,5.980413,1.576351,17,91,104,3,0.01351263,0.05812883,0.20377779,0E-8,0.000000,0.901736,0.003971,-0.14764402,2026-03-22,2026-08-04,28,234,128,136,0.205882,0.267106,0.277009,0.045042,,,,,,,,GLOBAL_BASELINE_NO_ENTITY_RANKING,,,NOT_APPLICABLE_GLOBAL_BASELINE,HF9g-P5,,,,X 全窗基线 · 不参与实体赏罚,14190077,1420,A168_HF9F_20260827_0900,2026-08-27 09:00:00
2026-03-22,140221144,1750,0,336.0768175582,-65.8436213991,-65.8436213991,0.4375000,17,17,0.49955382941176471,0.499553829412,-0.4964308329413355,-0.49643083294321766,-0.4964308329413355,-2.3529E-13,ELIGIBLE,R03b_20260811_FULL_v1,L1_ELIGIBILITY,v2026-08-11,2026-03-21..2026-08-06,baccarat_bet02_101_all_pairs_incl_sentinel,round_win = game_pnl > 0 (decisive only),COMPATIBILITY_ONLY_NOT_PRODUCTION,114053.6424,102846.2734,6629.8046,1763,1761,-0.05812883,-0.20377779,-0.05613377,-0.05812883,-6629.8046,114053.6424,OK,0.0000,265.1922,4.0000,96.0000,AG03-UNRESOLVED,ALL5_LEVELS_bet23_to_bet27,265.1922,265.1922,265.1922,265.1922,265.1922,4.000000,4.000000,4.000000,4.000000,4.000000,96.000000,96.000000,96.000000,96.000000,96.000000,5.0,1325.9609,1224.0429,5303.8436,5405.7616,PENDING_AG03,FALSE,NOT_FOR_ENFORCEMENT,6364.6124,98732.4225,6629.8046,6364.6124,265.1922,0.05812883,0.05580367,265.1922,6364.6124,0.05580367,265.1922,265.1922,265.1922,265.1922,265.1922,6364.6124,0.05580367,1325.9609,1224.0429,5303.8436,5405.7616,0.04650306,0.04739666,0.00232515,64.6929,58.4022,3.7648,236.7787,28.3325,4073.3444,62.8929,17.9205,67.0915,20.5198,41.0397,89.6552,137.931,195.8702,245.4342,34.2936,0.0,4.772704,5.980413,1.576351,17,91,104,3,0.01351263,0.05812883,0.20377779,0E-8,0.000000,0.901736,0.003971,-0.14764402,2026-03-22,2026-08-04,28,234,128,136,0.205882,0.267106,0.277009,0.045042,,,,,,,,GLOBAL_BASELINE_NO_ENTITY_RANKING,,,NOT_APPLICABLE_GLOBAL_BASELINE,HF9g-P5,,,,X 全窗基线 · 不参与实体赏罚,14190078,1420,A168_HF9F_20260827_0900,2026-08-27 09:00:00
2026-03-22,140221144,2115,0,390.9465020577,-146.4334705075,-146.4334705075,0.2500000,10,10,0.49994810000000000,0.499948100000,-1.4139199792546444,-1.4139199792546444,-1.4139199792546444,0E-17,ELIGIBLE,R03b_20260811_FULL_v1,L1_ELIGIBILITY,v2026-08-11,2026-03-21..2026-08-06,baccarat_bet02_101_all_pairs_incl_sentinel,round_win = game_pnl > 0 (decisive only),COMPATIBILITY_ONLY_NOT_PRODUCTION,114053.6424,102846.2734,6629.8046,1763,1761,-0.05812883,-0.20377779,-0.05613377,-0.05812883,-6629.8046,114053.6424,OK,0.0000,265.1922,4.0000,96.0000,AG03-UNRESOLVED,ALL5_LEVELS_bet23_to_bet27,265.1922,265.1922,265.1922,265.1922,265.1922,4.000000,4.000000,4.000000,4.000000,4.000000,96.000000,96.000000,96.000000,96.000000,96.000000,5.0,1325.9609,1224.0429,5303.8436,5405.7616,PENDING_AG03,FALSE,NOT_FOR_ENFORCEMENT,6364.6124,98732.4225,6629.8046,6364.6124,265.1922,0.05812883,0.05580367,265.1922,6364.6124,0.05580367,265.1922,265.1922,265.1922,265.1922,265.1922,6364.6124,0.05580367,1325.9609,1224.0429,5303.8436,5405.7616,0.04650306,0.04739666,0.00232515,64.6929,58.4022,3.7648,236.7787,28.3325,4073.3444,62.8929,17.9205,67.0915,20.5198,41.0397,89.6552,137.931,195.8702,245.4342,34.2936,0.0,4.772704,5.980413,1.576351,17,91,104,3,0.01351263,0.05812883,0.20377779,0E-8,0.000000,0.901736,0.003971,-0.14764402,2026-03-22,2026-08-04,28,234,128,136,0.205882,0.267106,0.277009,0.045042,,,,,,,,GLOBAL_BASELINE_NO_ENTITY_RANKING,,,NOT_APPLICABLE_GLOBAL_BASELINE,HF9g-P5,,,,X 全窗基线 · 不参与实体赏罚,14190079,1420,A168_HF9F_20260827_0900,2026-08-27 09:00:00
2026-03-22,140221144,2147,0,624.1426611798,-463.6488340193,-463.6488340193,0.1666667,6,6,0.49547970000000000,0.495479700000,-1.6109141382103604,-1.6109141382103604,-1.6109141382103604,0E-17,ELIGIBLE,R03b_20260811_FULL_v1,L1_ELIGIBILITY,v2026-08-11,2026-03-21..2026-08-06,baccarat_bet02_101_all_pairs_incl_sentinel,round_win = game_pnl > 0 (decisive only),COMPATIBILITY_ONLY_NOT_PRODUCTION,114053.6424,102846.2734,6629.8046,1763,1761,-0.05812883,-0.20377779,-0.05613377,-0.05812883,-6629.8046,114053.6424,OK,0.0000,265.1922,4.0000,96.0000,AG03-UNRESOLVED,ALL5_LEVELS_bet23_to_bet27,265.1922,265.1922,265.1922,265.1922,265.1922,4.000000,4.000000,4.000000,4.000000,4.000000,96.000000,96.000000,96.000000,96.000000,96.000000,5.0,1325.9609,1224.0429,5303.8436,5405.7616,PENDING_AG03,FALSE,NOT_FOR_ENFORCEMENT,6364.6124,98732.4225,6629.8046,6364.6124,265.1922,0.05812883,0.05580367,265.1922,6364.6124,0.05580367,265.1922,265.1922,265.1922,265.1922,265.1922,6364.6124,0.05580367,1325.9609,1224.0429,5303.8436,5405.7616,0.04650306,0.04739666,0.00232515,64.6929,58.4022,3.7648,236.7787,28.3325,4073.3444,62.8929,17.9205,67.0915,20.5198,41.0397,89.6552,137.931,195.8702,245.4342,34.2936,0.0,4.772704,5.980413,1.576351,17,91,104,3,0.01351263,0.05812883,0.20377779,0E-8,0.000000,0.901736,0.003971,-0.14764402,2026-03-22,2026-08-04,28,234,128,136,0.205882,0.267106,0.277009,0.045042,,,,,,,,GLOBAL_BASELINE_NO_ENTITY_RANKING,,,NOT_APPLICABLE_GLOBAL_BASELINE,HF9g-P5,,,,X 全窗基线 · 不参与实体赏罚,14190080,1420,A168_HF9F_20260827_0900,2026-08-27 09:00:00
2026-03-22,140221144,2218,0,20.5761316872,-20.5761316872,-20.5761316872,0E-7,1,1,0.49324550000000000,0.493245500000,-0.9865810262130424,-0.9865810262130424,-0.9865810262130424,0E-17,ELIGIBLE,R03b_20260811_FULL_v1,L1_ELIGIBILITY,v2026-08-11,2026-03-21..2026-08-06,baccarat_bet02_101_all_pairs_incl_sentinel,round_win = game_pnl > 0 (decisive only),COMPATIBILITY_ONLY_NOT_PRODUCTION,114053.6424,102846.2734,6629.8046,1763,1761,-0.05812883,-0.20377779,-0.05613377,-0.05812883,-6629.8046,114053.6424,OK,0.0000,265.1922,4.0000,96.0000,AG03-UNRESOLVED,ALL5_LEVELS_bet23_to_bet27,265.1922,265.1922,265.1922,265.1922,265.1922,4.000000,4.000000,4.000000,4.000000,4.000000,96.000000,96.000000,96.000000,96.000000,96.000000,5.0,1325.9609,1224.0429,5303.8436,5405.7616,PENDING_AG03,FALSE,NOT_FOR_ENFORCEMENT,6364.6124,98732.4225,6629.8046,6364.6124,265.1922,0.05812883,0.05580367,265.1922,6364.6124,0.05580367,265.1922,265.1922,265.1922,265.1922,265.1922,6364.6124,0.05580367,1325.9609,1224.0429,5303.8436,5405.7616,0.04650306,0.04739666,0.00232515,64.6929,58.4022,3.7648,236.7787,28.3325,4073.3444,62.8929,17.9205,67.0915,20.5198,41.0397,89.6552,137.931,195.8702,245.4342,34.2936,0.0,4.772704,5.980413,1.576351,17,91,104,3,0.01351263,0.05812883,0.20377779,0E-8,0.000000,0.901736,0.003971,-0.14764402,2026-03-22,2026-08-04,28,234,128,136,0.205882,0.267106,0.277009,0.045042,,,,,,,,GLOBAL_BASELINE_NO_ENTITY_RANKING,,,NOT_APPLICABLE_GLOBAL_BASELINE,HF9g-P5,,,,X 全窗基线 · 不参与实体赏罚,14190081,1420,A168_HF9F_20260827_0900,2026-08-27 09:00:00
2026-03-22,140221144,772,0,1207.1330589850,-388.5459533606,-388.5459533606,0.4666667,16,16,0.50078592500000000,0.500785925000,-0.2642869651086428,-0.26428696510864286,-0.2642869651086428,0E-17,ELIGIBLE,R03b_20260811_FULL_v1,L1_ELIGIBILITY,v2026-08-11,2026-03-21..2026-08-06,baccarat_bet02_101_all_pairs_incl_sentinel,round_win = game_pnl > 0 (decisive only),COMPATIBILITY_ONLY_NOT_PRODUCTION,114053.6424,102846.2734,6629.8046,1763,1761,-0.05812883,-0.20377779,-0.05613377,-0.05812883,-6629.8046,114053.6424,OK,0.0000,265.1922,4.0000,96.0000,AG03-UNRESOLVED,ALL5_LEVELS_bet23_to_bet27,265.1922,265.1922,265.1922,265.1922,265.1922,4.000000,4.000000,4.000000,4.000000,4.000000,96.000000,96.000000,96.000000,96.000000,96.000000,5.0,1325.9609,1224.0429,5303.8436,5405.7616,PENDING_AG03,FALSE,NOT_FOR_ENFORCEMENT,6364.6124,98732.4225,6629.8046,6364.6124,265.1922,0.05812883,0.05580367,265.1922,6364.6124,0.05580367,265.1922,265.1922,265.1922,265.1922,265.1922,6364.6124,0.05580367,1325.9609,1224.0429,5303.8436,5405.7616,0.04650306,0.04739666,0.00232515,64.6929,58.4022,3.7648,236.7787,28.3325,4073.3444,62.8929,17.9205,67.0915,20.5198,41.0397,89.6552,137.931,195.8702,245.4342,34.2936,0.0,4.772704,5.980413,1.576351,17,91,104,3,0.01351263,0.05812883,0.20377779,0E-8,0.000000,0.901736,0.003971,-0.14764402,2026-03-22,2026-08-04,28,234,128,136,0.205882,0.267106,0.277009,0.045042,,,,,,,,GLOBAL_BASELINE_NO_ENTITY_RANKING,,,NOT_APPLICABLE_GLOBAL_BASELINE,HF9g-P5,,,,X 全窗基线 · 不参与实体赏罚,14190082,1420,A168_HF9F_20260827_0900,2026-08-27 09:00:00
2026-03-25,140221144,-1,1,68.5871056241,-68.5871056241,-68.5871056241,0E-7,1,1,0.50665070000000000,0.506650700000,-1.013391052207602,-1.013391052207602,-1.013391052207602,0E-17,SENTINEL_DEALER,R03b_20260811_FULL_v1,L1_ELIGIBILITY,v2026-08-11,2026-03-21..2026-08-06,baccarat_bet02_101_all_pairs_incl_sentinel,round_win = game_pnl > 0 (decisive only),COMPATIBILITY_ONLY_NOT_PRODUCTION,114053.6424,102846.2734,6629.8046,1763,1761,-0.05812883,-0.20377779,-0.05613377,-0.05812883,-6629.8046,114053.6424,OK,0.0000,265.1922,4.0000,96.0000,AG03-UNRESOLVED,ALL5_LEVELS_bet23_to_bet27,265.1922,265.1922,265.1922,265.1922,265.1922,4.000000,4.000000,4.000000,4.000000,4.000000,96.000000,96.000000,96.000000,96.000000,96.000000,5.0,1325.9609,1224.0429,5303.8436,5405.7616,PENDING_AG03,FALSE,NOT_FOR_ENFORCEMENT,6364.6124,98732.4225,6629.8046,6364.6124,265.1922,0.05812883,0.05580367,265.1922,6364.6124,0.05580367,265.1922,265.1922,265.1922,265.1922,265.1922,6364.6124,0.05580367,1325.9609,1224.0429,5303.8436,5405.7616,0.04650306,0.04739666,0.00232515,64.6929,58.4022,3.7648,236.7787,28.3325,4073.3444,62.8929,17.9205,67.0915,20.5198,41.0397,89.6552,137.931,195.8702,245.4342,34.2936,0.0,4.772704,5.980413,1.576351,17,91,104,3,0.01351263,0.05812883,0.20377779,0E-8,0.000000,0.901736,0.003971,-0.14764402,2026-03-22,2026-08-04,28,234,128,136,0.205882,0.267106,0.277009,0.045042,,,,,,,,GLOBAL_BASELINE_NO_ENTITY_RANKING,,,NOT_APPLICABLE_GLOBAL_BASELINE,HF9g-P5,,,,X 全窗基线 · 不参与实体赏罚,14190083,1420,A168_HF9F_20260827_0900,2026-08-27 09:00:00
2026-03-25,140221144,1205,0,308.6419753087,308.6419753087,308.6419753087,1.0000000,2,2,0.49324550000000000,0.493245500000,1.4334489766152358,1.4334489766152358,1.4334489766152358,0E-17,ELIGIBLE,R03b_20260811_FULL_v1,L1_ELIGIBILITY,v2026-08-11,2026-03-21..2026-08-06,baccarat_bet02_101_all_pairs_incl_sentinel,round_win = game_pnl > 0 (decisive only),COMPATIBILITY_ONLY_NOT_PRODUCTION,114053.6424,102846.2734,6629.8046,1763,1761,-0.05812883,-0.20377779,-0.05613377,-0.05812883,-6629.8046,114053.6424,OK,0.0000,265.1922,4.0000,96.0000,AG03-UNRESOLVED,ALL5_LEVELS_bet23_to_bet27,265.1922,265.1922,265.1922,265.1922,265.1922,4.000000,4.000000,4.000000,4.000000,4.000000,96.000000,96.000000,96.000000,96.000000,96.000000,5.0,1325.9609,1224.0429,5303.8436,5405.7616,PENDING_AG03,FALSE,NOT_FOR_ENFORCEMENT,6364.6124,98732.4225,6629.8046,6364.6124,265.1922,0.05812883,0.05580367,265.1922,6364.6124,0.05580367,265.1922,265.1922,265.1922,265.1922,265.1922,6364.6124,0.05580367,1325.9609,1224.0429,5303.8436,5405.7616,0.04650306,0.04739666,0.00232515,64.6929,58.4022,3.7648,236.7787,28.3325,4073.3444,62.8929,17.9205,67.0915,20.5198,41.0397,89.6552,137.931,195.8702,245.4342,34.2936,0.0,4.772704,5.980413,1.576351,17,91,104,3,0.01351263,0.05812883,0.20377779,0E-8,0.000000,0.901736,0.003971,-0.14764402,2026-03-22,2026-08-04,28,234,128,136,0.205882,0.267106,0.277009,0.045042,,,,,,,,GLOBAL_BASELINE_NO_ENTITY_RANKING,,,NOT_APPLICABLE_GLOBAL_BASELINE,HF9g-P5,,,,X 全窗基线 · 不参与实体赏罚,14190084,1420,A168_HF9F_20260827_0900,2026-08-27 09:00:00
2026-03-25,140221144,1299,0,1213.9917695473,-6.8587105624,-6.8587105624,0.4000000,13,13,0.50046368461538462,0.500463684615,-0.6353884042562868,-0.6353884042538538,-0.6353884042562868,3.8462E-13,ELIGIBLE,R03b_20260811_FULL_v1,L1_ELIGIBILITY,v2026-08-11,2026-03-21..2026-08-06,baccarat_bet02_101_all_pairs_incl_sentinel,round_win = game_pnl > 0 (decisive only),COMPATIBILITY_ONLY_NOT_PRODUCTION,114053.6424,102846.2734,6629.8046,1763,1761,-0.05812883,-0.20377779,-0.05613377,-0.05812883,-6629.8046,114053.6424,OK,0.0000,265.1922,4.0000,96.0000,AG03-UNRESOLVED,ALL5_LEVELS_bet23_to_bet27,265.1922,265.1922,265.1922,265.1922,265.1922,4.000000,4.000000,4.000000,4.000000,4.000000,96.000000,96.000000,96.000000,96.000000,96.000000,5.0,1325.9609,1224.0429,5303.8436,5405.7616,PENDING_AG03,FALSE,NOT_FOR_ENFORCEMENT,6364.6124,98732.4225,6629.8046,6364.6124,265.1922,0.05812883,0.05580367,265.1922,6364.6124,0.05580367,265.1922,265.1922,265.1922,265.1922,265.1922,6364.6124,0.05580367,1325.9609,1224.0429,5303.8436,5405.7616,0.04650306,0.04739666,0.00232515,64.6929,58.4022,3.7648,236.7787,28.3325,4073.3444,62.8929,17.9205,67.0915,20.5198,41.0397,89.6552,137.931,195.8702,245.4342,34.2936,0.0,4.772704,5.980413,1.576351,17,91,104,3,0.01351263,0.05812883,0.20377779,0E-8,0.000000,0.901736,0.003971,-0.14764402,2026-03-22,2026-08-04,28,234,128,136,0.205882,0.267106,0.277009,0.045042,,,,,,,,GLOBAL_BASELINE_NO_ENTITY_RANKING,,,NOT_APPLICABLE_GLOBAL_BASELINE,HF9g-P5,,,,X 全窗基线 · 不参与实体赏罚,14190085,1420,A168_HF9F_20260827_0900,2026-08-27 09:00:00
2026-03-25,140221144,1318,0,445.8161865570,95.3360768176,95.3360768176,0.6666667,3,3,0.49771390000000000,0.497713900000,0.5852756695216578,0.5852756695216578,0.5852756695216578,0E-17,ELIGIBLE,R03b_20260811_FULL_v1,L1_ELIGIBILITY,v2026-08-11,2026-03-21..2026-08-06,baccarat_bet02_101_all_pairs_incl_sentinel,round_win = game_pnl > 0 (decisive only),COMPATIBILITY_ONLY_NOT_PRODUCTION,114053.6424,102846.2734,6629.8046,1763,1761,-0.05812883,-0.20377779,-0.05613377,-0.05812883,-6629.8046,114053.6424,OK,0.0000,265.1922,4.0000,96.0000,AG03-UNRESOLVED,ALL5_LEVELS_bet23_to_bet27,265.1922,265.1922,265.1922,265.1922,265.1922,4.000000,4.000000,4.000000,4.000000,4.000000,96.000000,96.000000,96.000000,96.000000,96.000000,5.0,1325.9609,1224.0429,5303.8436,5405.7616,PENDING_AG03,FALSE,NOT_FOR_ENFORCEMENT,6364.6124,98732.4225,6629.8046,6364.6124,265.1922,0.05812883,0.05580367,265.1922,6364.6124,0.05580367,265.1922,265.1922,265.1922,265.1922,265.1922,6364.6124,0.05580367,1325.9609,1224.0429,5303.8436,5405.7616,0.04650306,0.04739666,0.00232515,64.6929,58.4022,3.7648,236.7787,28.3325,4073.3444,62.8929,17.9205,67.0915,20.5198,41.0397,89.6552,137.931,195.8702,245.4342,34.2936,0.0,4.772704,5.980413,1.576351,17,91,104,3,0.01351263,0.05812883,0.20377779,0E-8,0.000000,0.901736,0.003971,-0.14764402,2026-03-22,2026-08-04,28,234,128,136,0.205882,0.267106,0.277009,0.045042,,,,,,,,GLOBAL_BASELINE_NO_ENTITY_RANKING,,,NOT_APPLICABLE_GLOBAL_BASELINE,HF9g-P5,,,,X 全窗基线 · 不参与实体赏罚,14190086,1420,A168_HF9F_20260827_0900,2026-08-27 09:00:00
2026-03-25,140221144,1383,0,438.9574759945,-171.4677640603,-171.4677640603,0.3333333,3,3,0.50665070000000000,0.506650700000,-0.6004420894325239,-0.6004420894325239,-0.6004420894325239,0E-17,ELIGIBLE,R03b_20260811_FULL_v1,L1_ELIGIBILITY,v2026-08-11,2026-03-21..2026-08-06,baccarat_bet02_101_all_pairs_incl_sentinel,round_win = game_pnl > 0 (decisive only),COMPATIBILITY_ONLY_NOT_PRODUCTION,114053.6424,102846.2734,6629.8046,1763,1761,-0.05812883,-0.20377779,-0.05613377,-0.05812883,-6629.8046,114053.6424,OK,0.0000,265.1922,4.0000,96.0000,AG03-UNRESOLVED,ALL5_LEVELS_bet23_to_bet27,265.1922,265.1922,265.1922,265.1922,265.1922,4.000000,4.000000,4.000000,4.000000,4.000000,96.000000,96.000000,96.000000,96.000000,96.000000,5.0,1325.9609,1224.0429,5303.8436,5405.7616,PENDING_AG03,FALSE,NOT_FOR_ENFORCEMENT,6364.6124,98732.4225,6629.8046,6364.6124,265.1922,0.05812883,0.05580367,265.1922,6364.6124,0.05580367,265.1922,265.1922,265.1922,265.1922,265.1922,6364.6124,0.05580367,1325.9609,1224.0429,5303.8436,5405.7616,0.04650306,0.04739666,0.00232515,64.6929,58.4022,3.7648,236.7787,28.3325,4073.3444,62.8929,17.9205,67.0915,20.5198,41.0397,89.6552,137.931,195.8702,245.4342,34.2936,0.0,4.772704,5.980413,1.576351,17,91,104,3,0.01351263,0.05812883,0.20377779,0E-8,0.000000,0.901736,0.003971,-0.14764402,2026-03-22,2026-08-04,28,234,128,136,0.205882,0.267106,0.277009,0.045042,,,,,,,,GLOBAL_BASELINE_NO_ENTITY_RANKING,,,NOT_APPLICABLE_GLOBAL_BASELINE,HF9g-P5,,,,X 全窗基线 · 不参与实体赏罚,14190087,1420,A168_HF9F_20260827_0900,2026-08-27 09:00:00
2026-03-25,140221144,1750,0,699.5884773663,116.5980795611,116.5980795611,0.6000000,5,5,0.50128862000000000,0.501288620000,0.4414521777673877,0.4414521777673877,0.4414521777673877,0E-17,ELIGIBLE,R03b_20260811_FULL_v1,L1_ELIGIBILITY,v2026-08-11,2026-03-21..2026-08-06,baccarat_bet02_101_all_pairs_incl_sentinel,round_win = game_pnl > 0 (decisive only),COMPATIBILITY_ONLY_NOT_PRODUCTION,114053.6424,102846.2734,6629.8046,1763,1761,-0.05812883,-0.20377779,-0.05613377,-0.05812883,-6629.8046,114053.6424,OK,0.0000,265.1922,4.0000,96.0000,AG03-UNRESOLVED,ALL5_LEVELS_bet23_to_bet27,265.1922,265.1922,265.1922,265.1922,265.1922,4.000000,4.000000,4.000000,4.000000,4.000000,96.000000,96.000000,96.000000,96.000000,96.000000,5.0,1325.9609,1224.0429,5303.8436,5405.7616,PENDING_AG03,FALSE,NOT_FOR_ENFORCEMENT,6364.6124,98732.4225,6629.8046,6364.6124,265.1922,0.05812883,0.05580367,265.1922,6364.6124,0.05580367,265.1922,265.1922,265.1922,265.1922,265.1922,6364.6124,0.05580367,1325.9609,1224.0429,5303.8436,5405.7616,0.04650306,0.04739666,0.00232515,64.6929,58.4022,3.7648,236.7787,28.3325,4073.3444,62.8929,17.9205,67.0915,20.5198,41.0397,89.6552,137.931,195.8702,245.4342,34.2936,0.0,4.772704,5.980413,1.576351,17,91,104,3,0.01351263,0.05812883,0.20377779,0E-8,0.000000,0.901736,0.003971,-0.14764402,2026-03-22,2026-08-04,28,234,128,136,0.205882,0.267106,0.277009,0.045042,,,,,,,,GLOBAL_BASELINE_NO_ENTITY_RANKING,,,NOT_APPLICABLE_GLOBAL_BASELINE,HF9g-P5,,,,X 全窗基线 · 不参与实体赏罚,14190088,1420,A168_HF9F_20260827_0900,2026-08-27 09:00:00
2026-03-25,140221144,2130,0,946.5020576131,212.6200274349,212.6200274349,0.5000000,7,7,0.44204162857142857,0.442041628571,0.28586390024318253,0.28586390024532515,0.28586390024318253,4.2857E-13,ELIGIBLE,R03b_20260811_FULL_v1,L1_ELIGIBILITY,v2026-08-11,2026-03-21..2026-08-06,baccarat_bet02_101_all_pairs_incl_sentinel,round_win = game_pnl > 0 (decisive only),COMPATIBILITY_ONLY_NOT_PRODUCTION,114053.6424,102846.2734,6629.8046,1763,1761,-0.05812883,-0.20377779,-0.05613377,-0.05812883,-6629.8046,114053.6424,OK,0.0000,265.1922,4.0000,96.0000,AG03-UNRESOLVED,ALL5_LEVELS_bet23_to_bet27,265.1922,265.1922,265.1922,265.1922,265.1922,4.000000,4.000000,4.000000,4.000000,4.000000,96.000000,96.000000,96.000000,96.000000,96.000000,5.0,1325.9609,1224.0429,5303.8436,5405.7616,PENDING_AG03,FALSE,NOT_FOR_ENFORCEMENT,6364.6124,98732.4225,6629.8046,6364.6124,265.1922,0.05812883,0.05580367,265.1922,6364.6124,0.05580367,265.1922,265.1922,265.1922,265.1922,265.1922,6364.6124,0.05580367,1325.9609,1224.0429,5303.8436,5405.7616,0.04650306,0.04739666,0.00232515,64.6929,58.4022,3.7648,236.7787,28.3325,4073.3444,62.8929,17.9205,67.0915,20.5198,41.0397,89.6552,137.931,195.8702,245.4342,34.2936,0.0,4.772704,5.980413,1.576351,17,91,104,3,0.01351263,0.05812883,0.20377779,0E-8,0.000000,0.901736,0.003971,-0.14764402,2026-03-22,2026-08-04,28,234,128,136,0.205882,0.267106,0.277009,0.045042,,,,,,,,GLOBAL_BASELINE_NO_ENTITY_RANKING,,,NOT_APPLICABLE_GLOBAL_BASELINE,HF9g-P5,,,,X 全窗基线 · 不参与实体赏罚,14190089,1420,A168_HF9F_20260827_0900,2026-08-27 09:00:00
2026-03-25,140221144,2147,0,836.7626886144,-239.0260631002,-239.0260631002,0.3750000,9,9,0.49920336666666667,0.499203366667,-0.7026012343063094,-0.7026012343081942,-0.7026012343063094,-3.3333E-13,ELIGIBLE,R03b_20260811_FULL_v1,L1_ELIGIBILITY,v2026-08-11,2026-03-21..2026-08-06,baccarat_bet02_101_all_pairs_incl_sentinel,round_win = game_pnl > 0 (decisive only),COMPATIBILITY_ONLY_NOT_PRODUCTION,114053.6424,102846.2734,6629.8046,1763,1761,-0.05812883,-0.20377779,-0.05613377,-0.05812883,-6629.8046,114053.6424,OK,0.0000,265.1922,4.0000,96.0000,AG03-UNRESOLVED,ALL5_LEVELS_bet23_to_bet27,265.1922,265.1922,265.1922,265.1922,265.1922,4.000000,4.000000,4.000000,4.000000,4.000000,96.000000,96.000000,96.000000,96.000000,96.000000,5.0,1325.9609,1224.0429,5303.8436,5405.7616,PENDING_AG03,FALSE,NOT_FOR_ENFORCEMENT,6364.6124,98732.4225,6629.8046,6364.6124,265.1922,0.05812883,0.05580367,265.1922,6364.6124,0.05580367,265.1922,265.1922,265.1922,265.1922,265.1922,6364.6124,0.05580367,1325.9609,1224.0429,5303.8436,5405.7616,0.04650306,0.04739666,0.00232515,64.6929,58.4022,3.7648,236.7787,28.3325,4073.3444,62.8929,17.9205,67.0915,20.5198,41.0397,89.6552,137.931,195.8702,245.4342,34.2936,0.0,4.772704,5.980413,1.576351,17,91,104,3,0.01351263,0.05812883,0.20377779,0E-8,0.000000,0.901736,0.003971,-0.14764402,2026-03-22,2026-08-04,28,234,128,136,0.205882,0.267106,0.277009,0.045042,,,,,,,,GLOBAL_BASELINE_NO_ENTITY_RANKING,,,NOT_APPLICABLE_GLOBAL_BASELINE,HF9g-P5,,,,X 全窗基线 · 不参与实体赏罚,14190090,1420,A168_HF9F_20260827_0900,2026-08-27 09:00:00
2026-03-25,140221144,2153,0,727.0233196162,-135.4595336075,-135.4595336075,0.4705882,18,18,0.49845863333333333,0.498458633333,-0.22982628193769158,-0.22982628193494334,-0.22982628193769158,3.3333E-13,ELIGIBLE,R03b_20260811_FULL_v1,L1_ELIGIBILITY,v2026-08-11,2026-03-21..2026-08-06,baccarat_bet02_101_all_pairs_incl_sentinel,round_win = game_pnl > 0 (decisive only),COMPATIBILITY_ONLY_NOT_PRODUCTION,114053.6424,102846.2734,6629.8046,1763,1761,-0.05812883,-0.20377779,-0.05613377,-0.05812883,-6629.8046,114053.6424,OK,0.0000,265.1922,4.0000,96.0000,AG03-UNRESOLVED,ALL5_LEVELS_bet23_to_bet27,265.1922,265.1922,265.1922,265.1922,265.1922,4.000000,4.000000,4.000000,4.000000,4.000000,96.000000,96.000000,96.000000,96.000000,96.000000,5.0,1325.9609,1224.0429,5303.8436,5405.7616,PENDING_AG03,FALSE,NOT_FOR_ENFORCEMENT,6364.6124,98732.4225,6629.8046,6364.6124,265.1922,0.05812883,0.05580367,265.1922,6364.6124,0.05580367,265.1922,265.1922,265.1922,265.1922,265.1922,6364.6124,0.05580367,1325.9609,1224.0429,5303.8436,5405.7616,0.04650306,0.04739666,0.00232515,64.6929,58.4022,3.7648,236.7787,28.3325,4073.3444,62.8929,17.9205,67.0915,20.5198,41.0397,89.6552,137.931,195.8702,245.4342,34.2936,0.0,4.772704,5.980413,1.576351,17,91,104,3,0.01351263,0.05812883,0.20377779,0E-8,0.000000,0.901736,0.003971,-0.14764402,2026-03-22,2026-08-04,28,234,128,136,0.205882,0.267106,0.277009,0.045042,,,,,,,,GLOBAL_BASELINE_NO_ENTITY_RANKING,,,NOT_APPLICABLE_GLOBAL_BASELINE,HF9g-P5,,,,X 全窗基线 · 不参与实体赏罚,14190091,1420,A168_HF9F_20260827_0900,2026-08-27 09:00:00
2026-03-25,140221144,526,0,617.2839506173,-72.0164609051,-72.0164609051,0.5384615,13,13,0.49943251538461538,0.499432515385,0.281442469141069,0.2814424691382953,0.281442469141069,-3.8462E-13,ELIGIBLE,R03b_20260811_FULL_v1,L1_ELIGIBILITY,v2026-08-11,2026-03-21..2026-08-06,baccarat_bet02_101_all_pairs_incl_sentinel,round_win = game_pnl > 0 (decisive only),COMPATIBILITY_ONLY_NOT_PRODUCTION,114053.6424,102846.2734,6629.8046,1763,1761,-0.05812883,-0.20377779,-0.05613377,-0.05812883,-6629.8046,114053.6424,OK,0.0000,265.1922,4.0000,96.0000,AG03-UNRESOLVED,ALL5_LEVELS_bet23_to_bet27,265.1922,265.1922,265.1922,265.1922,265.1922,4.000000,4.000000,4.000000,4.000000,4.000000,96.000000,96.000000,96.000000,96.000000,96.000000,5.0,1325.9609,1224.0429,5303.8436,5405.7616,PENDING_AG03,FALSE,NOT_FOR_ENFORCEMENT,6364.6124,98732.4225,6629.8046,6364.6124,265.1922,0.05812883,0.05580367,265.1922,6364.6124,0.05580367,265.1922,265.1922,265.1922,265.1922,265.1922,6364.6124,0.05580367,1325.9609,1224.0429,5303.8436,5405.7616,0.04650306,0.04739666,0.00232515,64.6929,58.4022,3.7648,236.7787,28.3325,4073.3444,62.8929,17.9205,67.0915,20.5198,41.0397,89.6552,137.931,195.8702,245.4342,34.2936,0.0,4.772704,5.980413,1.576351,17,91,104,3,0.01351263,0.05812883,0.20377779,0E-8,0.000000,0.901736,0.003971,-0.14764402,2026-03-22,2026-08-04,28,234,128,136,0.205882,0.267106,0.277009,0.045042,,,,,,,,GLOBAL_BASELINE_NO_ENTITY_RANKING,,,NOT_APPLICABLE_GLOBAL_BASELINE,HF9g-P5,,,,X 全窗基线 · 不参与实体赏罚,14190092,1420,A168_HF9F_20260827_0900,2026-08-27 09:00:00
2026-03-25,140221144,529,0,411.5226337448,-144.0329218108,-144.0329218108,0.5000000,4,4,0.50329940000000000,0.503299400000,-0.01319788734859681,-0.01319788734859681,-0.01319788734859681,0E-17,ELIGIBLE,R03b_20260811_FULL_v1,L1_ELIGIBILITY,v2026-08-11,2026-03-21..2026-08-06,baccarat_bet02_101_all_pairs_incl_sentinel,round_win = game_pnl > 0 (decisive only),COMPATIBILITY_ONLY_NOT_PRODUCTION,114053.6424,102846.2734,6629.8046,1763,1761,-0.05812883,-0.20377779,-0.05613377,-0.05812883,-6629.8046,114053.6424,OK,0.0000,265.1922,4.0000,96.0000,AG03-UNRESOLVED,ALL5_LEVELS_bet23_to_bet27,265.1922,265.1922,265.1922,265.1922,265.1922,4.000000,4.000000,4.000000,4.000000,4.000000,96.000000,96.000000,96.000000,96.000000,96.000000,5.0,1325.9609,1224.0429,5303.8436,5405.7616,PENDING_AG03,FALSE,NOT_FOR_ENFORCEMENT,6364.6124,98732.4225,6629.8046,6364.6124,265.1922,0.05812883,0.05580367,265.1922,6364.6124,0.05580367,265.1922,265.1922,265.1922,265.1922,265.1922,6364.6124,0.05580367,1325.9609,1224.0429,5303.8436,5405.7616,0.04650306,0.04739666,0.00232515,64.6929,58.4022,3.7648,236.7787,28.3325,4073.3444,62.8929,17.9205,67.0915,20.5198,41.0397,89.6552,137.931,195.8702,245.4342,34.2936,0.0,4.772704,5.980413,1.576351,17,91,104,3,0.01351263,0.05812883,0.20377779,0E-8,0.000000,0.901736,0.003971,-0.14764402,2026-03-22,2026-08-04,28,234,128,136,0.205882,0.267106,0.277009,0.045042,,,,,,,,GLOBAL_BASELINE_NO_ENTITY_RANKING,,,NOT_APPLICABLE_GLOBAL_BASELINE,HF9g-P5,,,,X 全窗基线 · 不参与实体赏罚,14190093,1420,A168_HF9F_20260827_0900,2026-08-27 09:00:00
2026-03-25,140221144,763,0,1968.4499314129,-408.0932784637,-408.0932784637,0.4000000,11,11,0.49812011818181818,0.498120118182,-0.6205705016316515,-0.6205705016328007,-0.6205705016316515,-1.8182E-13,ELIGIBLE,R03b_20260811_FULL_v1,L1_ELIGIBILITY,v2026-08-11,2026-03-21..2026-08-06,baccarat_bet02_101_all_pairs_incl_sentinel,round_win = game_pnl > 0 (decisive only),COMPATIBILITY_ONLY_NOT_PRODUCTION,114053.6424,102846.2734,6629.8046,1763,1761,-0.05812883,-0.20377779,-0.05613377,-0.05812883,-6629.8046,114053.6424,OK,0.0000,265.1922,4.0000,96.0000,AG03-UNRESOLVED,ALL5_LEVELS_bet23_to_bet27,265.1922,265.1922,265.1922,265.1922,265.1922,4.000000,4.000000,4.000000,4.000000,4.000000,96.000000,96.000000,96.000000,96.000000,96.000000,5.0,1325.9609,1224.0429,5303.8436,5405.7616,PENDING_AG03,FALSE,NOT_FOR_ENFORCEMENT,6364.6124,98732.4225,6629.8046,6364.6124,265.1922,0.05812883,0.05580367,265.1922,6364.6124,0.05580367,265.1922,265.1922,265.1922,265.1922,265.1922,6364.6124,0.05580367,1325.9609,1224.0429,5303.8436,5405.7616,0.04650306,0.04739666,0.00232515,64.6929,58.4022,3.7648,236.7787,28.3325,4073.3444,62.8929,17.9205,67.0915,20.5198,41.0397,89.6552,137.931,195.8702,245.4342,34.2936,0.0,4.772704,5.980413,1.576351,17,91,104,3,0.01351263,0.05812883,0.20377779,0E-8,0.000000,0.901736,0.003971,-0.14764402,2026-03-22,2026-08-04,28,234,128,136,0.205882,0.267106,0.277009,0.045042,,,,,,,,GLOBAL_BASELINE_NO_ENTITY_RANKING,,,NOT_APPLICABLE_GLOBAL_BASELINE,HF9g-P5,,,,X 全窗基线 · 不参与实体赏罚,14190094,1420,A168_HF9F_20260827_0900,2026-08-27 09:00:00
2026-03-25,140221144,919,0,411.5226337447,65.1577503428,65.1577503428,0.7500000,5,5,0.49860758000000000,0.498607580000,1.005573579286957,1.005573579286957,1.005573579286957,0E-17,ELIGIBLE,R03b_20260811_FULL_v1,L1_ELIGIBILITY,v2026-08-11,2026-03-21..2026-08-06,baccarat_bet02_101_all_pairs_incl_sentinel,round_win = game_pnl > 0 (decisive only),COMPATIBILITY_ONLY_NOT_PRODUCTION,114053.6424,102846.2734,6629.8046,1763,1761,-0.05812883,-0.20377779,-0.05613377,-0.05812883,-6629.8046,114053.6424,OK,0.0000,265.1922,4.0000,96.0000,AG03-UNRESOLVED,ALL5_LEVELS_bet23_to_bet27,265.1922,265.1922,265.1922,265.1922,265.1922,4.000000,4.000000,4.000000,4.000000,4.000000,96.000000,96.000000,96.000000,96.000000,96.000000,5.0,1325.9609,1224.0429,5303.8436,5405.7616,PENDING_AG03,FALSE,NOT_FOR_ENFORCEMENT,6364.6124,98732.4225,6629.8046,6364.6124,265.1922,0.05812883,0.05580367,265.1922,6364.6124,0.05580367,265.1922,265.1922,265.1922,265.1922,265.1922,6364.6124,0.05580367,1325.9609,1224.0429,5303.8436,5405.7616,0.04650306,0.04739666,0.00232515,64.6929,58.4022,3.7648,236.7787,28.3325,4073.3444,62.8929,17.9205,67.0915,20.5198,41.0397,89.6552,137.931,195.8702,245.4342,34.2936,0.0,4.772704,5.980413,1.576351,17,91,104,3,0.01351263,0.05812883,0.20377779,0E-8,0.000000,0.901736,0.003971,-0.14764402,2026-03-22,2026-08-04,28,234,128,136,0.205882,0.267106,0.277009,0.045042,,,,,,,,GLOBAL_BASELINE_NO_ENTITY_RANKING,,,NOT_APPLICABLE_GLOBAL_BASELINE,HF9g-P5,,,,X 全窗基线 · 不参与实体赏罚,14190095,1420,A168_HF9F_20260827_0900,2026-08-27 09:00:00
2026-03-25,140221144,987,0,2318.2441700961,482.5102880661,482.5102880661,0.6800000,29,28,0.50119286857142854,0.501144992857,1.7880764029274814,1.7885547610576473,1.7880764029274814,0.00004787571442854,ELIGIBLE,R03b_20260811_FULL_v1,L1_ELIGIBILITY,v2026-08-11,2026-03-21..2026-08-06,baccarat_bet02_101_all_pairs_incl_sentinel,round_win = game_pnl > 0 (decisive only),COMPATIBILITY_ONLY_NOT_PRODUCTION,114053.6424,102846.2734,6629.8046,1763,1761,-0.05812883,-0.20377779,-0.05613377,-0.05812883,-6629.8046,114053.6424,OK,0.0000,265.1922,4.0000,96.0000,AG03-UNRESOLVED,ALL5_LEVELS_bet23_to_bet27,265.1922,265.1922,265.1922,265.1922,265.1922,4.000000,4.000000,4.000000,4.000000,4.000000,96.000000,96.000000,96.000000,96.000000,96.000000,5.0,1325.9609,1224.0429,5303.8436,5405.7616,PENDING_AG03,FALSE,NOT_FOR_ENFORCEMENT,6364.6124,98732.4225,6629.8046,6364.6124,265.1922,0.05812883,0.05580367,265.1922,6364.6124,0.05580367,265.1922,265.1922,265.1922,265.1922,265.1922,6364.6124,0.05580367,1325.9609,1224.0429,5303.8436,5405.7616,0.04650306,0.04739666,0.00232515,64.6929,58.4022,3.7648,236.7787,28.3325,4073.3444,62.8929,17.9205,67.0915,20.5198,41.0397,89.6552,137.931,195.8702,245.4342,34.2936,0.0,4.772704,5.980413,1.576351,17,91,104,3,0.01351263,0.05812883,0.20377779,0E-8,0.000000,0.901736,0.003971,-0.14764402,2026-03-22,2026-08-04,28,234,128,136,0.205882,0.267106,0.277009,0.045042,,,,,,,,GLOBAL_BASELINE_NO_ENTITY_RANKING,,,NOT_APPLICABLE_GLOBAL_BASELINE,HF9g-P5,,,,X 全窗基线 · 不参与实体赏罚,14190096,1420,A168_HF9F_20260827_0900,2026-08-27 09:00:00
2026-03-25,140221144,994,0,692.7297668039,-271.2620027435,-271.2620027435,0.3333333,6,6,0.49771390000000000,0.497713900000,-0.8053054414300617,-0.8053054414300617,-0.8053054414300617,0E-17,ELIGIBLE,R03b_20260811_FULL_v1,L1_ELIGIBILITY,v2026-08-11,2026-03-21..2026-08-06,baccarat_bet02_101_all_pairs_incl_sentinel,round_win = game_pnl > 0 (decisive only),COMPATIBILITY_ONLY_NOT_PRODUCTION,114053.6424,102846.2734,6629.8046,1763,1761,-0.05812883,-0.20377779,-0.05613377,-0.05812883,-6629.8046,114053.6424,OK,0.0000,265.1922,4.0000,96.0000,AG03-UNRESOLVED,ALL5_LEVELS_bet23_to_bet27,265.1922,265.1922,265.1922,265.1922,265.1922,4.000000,4.000000,4.000000,4.000000,4.000000,96.000000,96.000000,96.000000,96.000000,96.000000,5.0,1325.9609,1224.0429,5303.8436,5405.7616,PENDING_AG03,FALSE,NOT_FOR_ENFORCEMENT,6364.6124,98732.4225,6629.8046,6364.6124,265.1922,0.05812883,0.05580367,265.1922,6364.6124,0.05580367,265.1922,265.1922,265.1922,265.1922,265.1922,6364.6124,0.05580367,1325.9609,1224.0429,5303.8436,5405.7616,0.04650306,0.04739666,0.00232515,64.6929,58.4022,3.7648,236.7787,28.3325,4073.3444,62.8929,17.9205,67.0915,20.5198,41.0397,89.6552,137.931,195.8702,245.4342,34.2936,0.0,4.772704,5.980413,1.576351,17,91,104,3,0.01351263,0.05812883,0.20377779,0E-8,0.000000,0.901736,0.003971,-0.14764402,2026-03-22,2026-08-04,28,234,128,136,0.205882,0.267106,0.277009,0.045042,,,,,,,,GLOBAL_BASELINE_NO_ENTITY_RANKING,,,NOT_APPLICABLE_GLOBAL_BASELINE,HF9g-P5,,,,X 全窗基线 · 不参与实体赏罚,14190097,1420,A168_HF9F_20260827_0900,2026-08-27 09:00:00
2026-03-26,140221144,1115,0,27.4348422496,-27.4348422496,-27.4348422496,0E-7,2,2,0.50665070000000000,0.506650700000,-1.4331513700195317,-1.4331513700195317,-1.4331513700195317,0E-17,ELIGIBLE,R03b_20260811_FULL_v1,L1_ELIGIBILITY,v2026-08-11,2026-03-21..2026-08-06,baccarat_bet02_101_all_pairs_incl_sentinel,round_win = game_pnl > 0 (decisive only),COMPATIBILITY_ONLY_NOT_PRODUCTION,114053.6424,102846.2734,6629.8046,1763,1761,-0.05812883,-0.20377779,-0.05613377,-0.05812883,-6629.8046,114053.6424,OK,0.0000,265.1922,4.0000,96.0000,AG03-UNRESOLVED,ALL5_LEVELS_bet23_to_bet27,265.1922,265.1922,265.1922,265.1922,265.1922,4.000000,4.000000,4.000000,4.000000,4.000000,96.000000,96.000000,96.000000,96.000000,96.000000,5.0,1325.9609,1224.0429,5303.8436,5405.7616,PENDING_AG03,FALSE,NOT_FOR_ENFORCEMENT,6364.6124,98732.4225,6629.8046,6364.6124,265.1922,0.05812883,0.05580367,265.1922,6364.6124,0.05580367,265.1922,265.1922,265.1922,265.1922,265.1922,6364.6124,0.05580367,1325.9609,1224.0429,5303.8436,5405.7616,0.04650306,0.04739666,0.00232515,64.6929,58.4022,3.7648,236.7787,28.3325,4073.3444,62.8929,17.9205,67.0915,20.5198,41.0397,89.6552,137.931,195.8702,245.4342,34.2936,0.0,4.772704,5.980413,1.576351,17,91,104,3,0.01351263,0.05812883,0.20377779,0E-8,0.000000,0.901736,0.003971,-0.14764402,2026-03-22,2026-08-04,28,234,128,136,0.205882,0.267106,0.277009,0.045042,,,,,,,,GLOBAL_BASELINE_NO_ENTITY_RANKING,,,NOT_APPLICABLE_GLOBAL_BASELINE,HF9g-P5,,,,X 全窗基线 · 不参与实体赏罚,14190098,1420,A168_HF9F_20260827_0900,2026-08-27 09:00:00
2026-03-26,140221144,1205,0,48.0109739369,-48.0109739369,-48.0109739369,0E-7,2,2,0.49324550000000000,0.493245500000,-1.3952362676504506,-1.3952362676504506,-1.3952362676504506,0E-17,ELIGIBLE,R03b_20260811_FULL_v1,L1_ELIGIBILITY,v2026-08-11,2026-03-21..2026-08-06,baccarat_bet02_101_all_pairs_incl_sentinel,round_win = game_pnl > 0 (decisive only),COMPATIBILITY_ONLY_NOT_PRODUCTION,114053.6424,102846.2734,6629.8046,1763,1761,-0.05812883,-0.20377779,-0.05613377,-0.05812883,-6629.8046,114053.6424,OK,0.0000,265.1922,4.0000,96.0000,AG03-UNRESOLVED,ALL5_LEVELS_bet23_to_bet27,265.1922,265.1922,265.1922,265.1922,265.1922,4.000000,4.000000,4.000000,4.000000,4.000000,96.000000,96.000000,96.000000,96.000000,96.000000,5.0,1325.9609,1224.0429,5303.8436,5405.7616,PENDING_AG03,FALSE,NOT_FOR_ENFORCEMENT,6364.6124,98732.4225,6629.8046,6364.6124,265.1922,0.05812883,0.05580367,265.1922,6364.6124,0.05580367,265.1922,265.1922,265.1922,265.1922,265.1922,6364.6124,0.05580367,1325.9609,1224.0429,5303.8436,5405.7616,0.04650306,0.04739666,0.00232515,64.6929,58.4022,3.7648,236.7787,28.3325,4073.3444,62.8929,17.9205,67.0915,20.5198,41.0397,89.6552,137.931,195.8702,245.4342,34.2936,0.0,4.772704,5.980413,1.576351,17,91,104,3,0.01351263,0.05812883,0.20377779,0E-8,0.000000,0.901736,0.003971,-0.14764402,2026-03-22,2026-08-04,28,234,128,136,0.205882,0.267106,0.277009,0.045042,,,,,,,,GLOBAL_BASELINE_NO_ENTITY_RANKING,,,NOT_APPLICABLE_GLOBAL_BASELINE,HF9g-P5,,,,X 全窗基线 · 不参与实体赏罚,14190099,1420,A168_HF9F_20260827_0900,2026-08-27 09:00:00
2026-03-26,140221144,2242,0,20.5761316872,-20.5761316872,-20.5761316872,0E-7,1,1,0.49324550000000000,0.493245500000,-0.9865810262130424,-0.9865810262130424,-0.9865810262130424,0E-17,ELIGIBLE,R03b_20260811_FULL_v1,L1_ELIGIBILITY,v2026-08-11,2026-03-21..2026-08-06,baccarat_bet02_101_all_pairs_incl_sentinel,round_win = game_pnl > 0 (decisive only),COMPATIBILITY_ONLY_NOT_PRODUCTION,114053.6424,102846.2734,6629.8046,1763,1761,-0.05812883,-0.20377779,-0.05613377,-0.05812883,-6629.8046,114053.6424,OK,0.0000,265.1922,4.0000,96.0000,AG03-UNRESOLVED,ALL5_LEVELS_bet23_to_bet27,265.1922,265.1922,265.1922,265.1922,265.1922,4.000000,4.000000,4.000000,4.000000,4.000000,96.000000,96.000000,96.000000,96.000000,96.000000,5.0,1325.9609,1224.0429,5303.8436,5405.7616,PENDING_AG03,FALSE,NOT_FOR_ENFORCEMENT,6364.6124,98732.4225,6629.8046,6364.6124,265.1922,0.05812883,0.05580367,265.1922,6364.6124,0.05580367,265.1922,265.1922,265.1922,265.1922,265.1922,6364.6124,0.05580367,1325.9609,1224.0429,5303.8436,5405.7616,0.04650306,0.04739666,0.00232515,64.6929,58.4022,3.7648,236.7787,28.3325,4073.3444,62.8929,17.9205,67.0915,20.5198,41.0397,89.6552,137.931,195.8702,245.4342,34.2936,0.0,4.772704,5.980413,1.576351,17,91,104,3,0.01351263,0.05812883,0.20377779,0E-8,0.000000,0.901736,0.003971,-0.14764402,2026-03-22,2026-08-04,28,234,128,136,0.205882,0.267106,0.277009,0.045042,,,,,,,,GLOBAL_BASELINE_NO_ENTITY_RANKING,,,NOT_APPLICABLE_GLOBAL_BASELINE,HF9g-P5,,,,X 全窗基线 · 不参与实体赏罚,14190100,1420,A168_HF9F_20260827_0900,2026-08-27 09:00:00
2026-03-29,140221144,1004,0,2475.9945130316,812.7572016462,812.7572016462,0.6923077,15,15,0.49950126000000000,0.499501260000,1.3903476475240568,1.390347647524057,1.3903476475240568,0E-17,ELIGIBLE,R03b_20260811_FULL_v1,L1_ELIGIBILITY,v2026-08-11,2026-03-21..2026-08-06,baccarat_bet02_101_all_pairs_incl_sentinel,round_win = game_pnl > 0 (decisive only),COMPATIBILITY_ONLY_NOT_PRODUCTION,114053.6424,102846.2734,6629.8046,1763,1761,-0.05812883,-0.20377779,-0.05613377,-0.05812883,-6629.8046,114053.6424,OK,0.0000,265.1922,4.0000,96.0000,AG03-UNRESOLVED,ALL5_LEVELS_bet23_to_bet27,265.1922,265.1922,265.1922,265.1922,265.1922,4.000000,4.000000,4.000000,4.000000,4.000000,96.000000,96.000000,96.000000,96.000000,96.000000,5.0,1325.9609,1224.0429,5303.8436,5405.7616,PENDING_AG03,FALSE,NOT_FOR_ENFORCEMENT,6364.6124,98732.4225,6629.8046,6364.6124,265.1922,0.05812883,0.05580367,265.1922,6364.6124,0.05580367,265.1922,265.1922,265.1922,265.1922,265.1922,6364.6124,0.05580367,1325.9609,1224.0429,5303.8436,5405.7616,0.04650306,0.04739666,0.00232515,64.6929,58.4022,3.7648,236.7787,28.3325,4073.3444,62.8929,17.9205,67.0915,20.5198,41.0397,89.6552,137.931,195.8702,245.4342,34.2936,0.0,4.772704,5.980413,1.576351,17,91,104,3,0.01351263,0.05812883,0.20377779,0E-8,0.000000,0.901736,0.003971,-0.14764402,2026-03-22,2026-08-04,28,234,128,136,0.205882,0.267106,0.277009,0.045042,,,,,,,,GLOBAL_BASELINE_NO_ENTITY_RANKING,,,NOT_APPLICABLE_GLOBAL_BASELINE,HF9g-P5,,,,X 全窗基线 · 不参与实体赏罚,14190101,1420,A168_HF9F_20260827_0900,2026-08-27 09:00:00
2026-03-29,140221144,1017,0,1111.1111111110,130.3155006858,130.3155006858,0.7142857,7,7,0.50282064285714286,0.502820642857,1.1189857854549734,1.1189857854557275,1.1189857854549734,1.4286E-13,ELIGIBLE,R03b_20260811_FULL_v1,L1_ELIGIBILITY,v2026-08-11,2026-03-21..2026-08-06,baccarat_bet02_101_all_pairs_incl_sentinel,round_win = game_pnl > 0 (decisive only),COMPATIBILITY_ONLY_NOT_PRODUCTION,114053.6424,102846.2734,6629.8046,1763,1761,-0.05812883,-0.20377779,-0.05613377,-0.05812883,-6629.8046,114053.6424,OK,0.0000,265.1922,4.0000,96.0000,AG03-UNRESOLVED,ALL5_LEVELS_bet23_to_bet27,265.1922,265.1922,265.1922,265.1922,265.1922,4.000000,4.000000,4.000000,4.000000,4.000000,96.000000,96.000000,96.000000,96.000000,96.000000,5.0,1325.9609,1224.0429,5303.8436,5405.7616,PENDING_AG03,FALSE,NOT_FOR_ENFORCEMENT,6364.6124,98732.4225,6629.8046,6364.6124,265.1922,0.05812883,0.05580367,265.1922,6364.6124,0.05580367,265.1922,265.1922,265.1922,265.1922,265.1922,6364.6124,0.05580367,1325.9609,1224.0429,5303.8436,5405.7616,0.04650306,0.04739666,0.00232515,64.6929,58.4022,3.7648,236.7787,28.3325,4073.3444,62.8929,17.9205,67.0915,20.5198,41.0397,89.6552,137.931,195.8702,245.4342,34.2936,0.0,4.772704,5.980413,1.576351,17,91,104,3,0.01351263,0.05812883,0.20377779,0E-8,0.000000,0.901736,0.003971,-0.14764402,2026-03-22,2026-08-04,28,234,128,136,0.205882,0.267106,0.277009,0.045042,,,,,,,,GLOBAL_BASELINE_NO_ENTITY_RANKING,,,NOT_APPLICABLE_GLOBAL_BASELINE,HF9g-P5,,,,X 全窗基线 · 不参与实体赏罚,14190102,1420,A168_HF9F_20260827_0900,2026-08-27 09:00:00
2026-03-29,140221144,1115,0,706.4471879286,-208.1618655693,-208.1618655693,0.3636364,11,11,0.49933877272727273,0.499338772727,-0.900148735332834,-0.9001487353310257,-0.900148735332834,2.7273E-13,ELIGIBLE,R03b_20260811_FULL_v1,L1_ELIGIBILITY,v2026-08-11,2026-03-21..2026-08-06,baccarat_bet02_101_all_pairs_incl_sentinel,round_win = game_pnl > 0 (decisive only),COMPATIBILITY_ONLY_NOT_PRODUCTION,114053.6424,102846.2734,6629.8046,1763,1761,-0.05812883,-0.20377779,-0.05613377,-0.05812883,-6629.8046,114053.6424,OK,0.0000,265.1922,4.0000,96.0000,AG03-UNRESOLVED,ALL5_LEVELS_bet23_to_bet27,265.1922,265.1922,265.1922,265.1922,265.1922,4.000000,4.000000,4.000000,4.000000,4.000000,96.000000,96.000000,96.000000,96.000000,96.000000,5.0,1325.9609,1224.0429,5303.8436,5405.7616,PENDING_AG03,FALSE,NOT_FOR_ENFORCEMENT,6364.6124,98732.4225,6629.8046,6364.6124,265.1922,0.05812883,0.05580367,265.1922,6364.6124,0.05580367,265.1922,265.1922,265.1922,265.1922,265.1922,6364.6124,0.05580367,1325.9609,1224.0429,5303.8436,5405.7616,0.04650306,0.04739666,0.00232515,64.6929,58.4022,3.7648,236.7787,28.3325,4073.3444,62.8929,17.9205,67.0915,20.5198,41.0397,89.6552,137.931,195.8702,245.4342,34.2936,0.0,4.772704,5.980413,1.576351,17,91,104,3,0.01351263,0.05812883,0.20377779,0E-8,0.000000,0.901736,0.003971,-0.14764402,2026-03-22,2026-08-04,28,234,128,136,0.205882,0.267106,0.277009,0.045042,,,,,,,,GLOBAL_BASELINE_NO_ENTITY_RANKING,,,NOT_APPLICABLE_GLOBAL_BASELINE,HF9g-P5,,,,X 全窗基线 · 不参与实体赏罚,14190103,1420,A168_HF9F_20260827_0900,2026-08-27 09:00:00
2026-03-29,140221144,1306,0,137.1742112482,-137.1742112482,-137.1742112482,0E-7,2,2,0.49324550000000000,0.493245500000,-1.3952362676504506,-1.3952362676504506,-1.3952362676504506,0E-17,ELIGIBLE,R03b_20260811_FULL_v1,L1_ELIGIBILITY,v2026-08-11,2026-03-21..2026-08-06,baccarat_bet02_101_all_pairs_incl_sentinel,round_win = game_pnl > 0 (decisive only),COMPATIBILITY_ONLY_NOT_PRODUCTION,114053.6424,102846.2734,6629.8046,1763,1761,-0.05812883,-0.20377779,-0.05613377,-0.05812883,-6629.8046,114053.6424,OK,0.0000,265.1922,4.0000,96.0000,AG03-UNRESOLVED,ALL5_LEVELS_bet23_to_bet27,265.1922,265.1922,265.1922,265.1922,265.1922,4.000000,4.000000,4.000000,4.000000,4.000000,96.000000,96.000000,96.000000,96.000000,96.000000,5.0,1325.9609,1224.0429,5303.8436,5405.7616,PENDING_AG03,FALSE,NOT_FOR_ENFORCEMENT,6364.6124,98732.4225,6629.8046,6364.6124,265.1922,0.05812883,0.05580367,265.1922,6364.6124,0.05580367,265.1922,265.1922,265.1922,265.1922,265.1922,6364.6124,0.05580367,1325.9609,1224.0429,5303.8436,5405.7616,0.04650306,0.04739666,0.00232515,64.6929,58.4022,3.7648,236.7787,28.3325,4073.3444,62.8929,17.9205,67.0915,20.5198,41.0397,89.6552,137.931,195.8702,245.4342,34.2936,0.0,4.772704,5.980413,1.576351,17,91,104,3,0.01351263,0.05812883,0.20377779,0E-8,0.000000,0.901736,0.003971,-0.14764402,2026-03-22,2026-08-04,28,234,128,136,0.205882,0.267106,0.277009,0.045042,,,,,,,,GLOBAL_BASELINE_NO_ENTITY_RANKING,,,NOT_APPLICABLE_GLOBAL_BASELINE,HF9g-P5,,,,X 全窗基线 · 不参与实体赏罚,14190104,1420,A168_HF9F_20260827_0900,2026-08-27 09:00:00
2026-03-29,140221144,1399,0,34.2935528121,32.5788751715,32.5788751715,1.0000000,1,1,0.50665070000000000,0.506650700000,0.9867858985152569,0.9867858985152569,0.9867858985152569,0E-17,ELIGIBLE,R03b_20260811_FULL_v1,L1_ELIGIBILITY,v2026-08-11,2026-03-21..2026-08-06,baccarat_bet02_101_all_pairs_incl_sentinel,round_win = game_pnl > 0 (decisive only),COMPATIBILITY_ONLY_NOT_PRODUCTION,114053.6424,102846.2734,6629.8046,1763,1761,-0.05812883,-0.20377779,-0.05613377,-0.05812883,-6629.8046,114053.6424,OK,0.0000,265.1922,4.0000,96.0000,AG03-UNRESOLVED,ALL5_LEVELS_bet23_to_bet27,265.1922,265.1922,265.1922,265.1922,265.1922,4.000000,4.000000,4.000000,4.000000,4.000000,96.000000,96.000000,96.000000,96.000000,96.000000,5.0,1325.9609,1224.0429,5303.8436,5405.7616,PENDING_AG03,FALSE,NOT_FOR_ENFORCEMENT,6364.6124,98732.4225,6629.8046,6364.6124,265.1922,0.05812883,0.05580367,265.1922,6364.6124,0.05580367,265.1922,265.1922,265.1922,265.1922,265.1922,6364.6124,0.05580367,1325.9609,1224.0429,5303.8436,5405.7616,0.04650306,0.04739666,0.00232515,64.6929,58.4022,3.7648,236.7787,28.3325,4073.3444,62.8929,17.9205,67.0915,20.5198,41.0397,89.6552,137.931,195.8702,245.4342,34.2936,0.0,4.772704,5.980413,1.576351,17,91,104,3,0.01351263,0.05812883,0.20377779,0E-8,0.000000,0.901736,0.003971,-0.14764402,2026-03-22,2026-08-04,28,234,128,136,0.205882,0.267106,0.277009,0.045042,,,,,,,,GLOBAL_BASELINE_NO_ENTITY_RANKING,,,NOT_APPLICABLE_GLOBAL_BASELINE,HF9g-P5,,,,X 全窗基线 · 不参与实体赏罚,14190105,1420,A168_HF9F_20260827_0900,2026-08-27 09:00:00
2026-03-29,140221144,1623,0,6241.4266117968,451.9890260634,451.9890260634,0.5000000,34,34,0.50034237058823529,0.500342370588,-0.0038734819420007853,-0.003873481939338781,-0.0038734819420007853,2.3529E-13,ELIGIBLE,R03b_20260811_FULL_v1,L1_ELIGIBILITY,v2026-08-11,2026-03-21..2026-08-06,baccarat_bet02_101_all_pairs_incl_sentinel,round_win = game_pnl > 0 (decisive only),COMPATIBILITY_ONLY_NOT_PRODUCTION,114053.6424,102846.2734,6629.8046,1763,1761,-0.05812883,-0.20377779,-0.05613377,-0.05812883,-6629.8046,114053.6424,OK,0.0000,265.1922,4.0000,96.0000,AG03-UNRESOLVED,ALL5_LEVELS_bet23_to_bet27,265.1922,265.1922,265.1922,265.1922,265.1922,4.000000,4.000000,4.000000,4.000000,4.000000,96.000000,96.000000,96.000000,96.000000,96.000000,5.0,1325.9609,1224.0429,5303.8436,5405.7616,PENDING_AG03,FALSE,NOT_FOR_ENFORCEMENT,6364.6124,98732.4225,6629.8046,6364.6124,265.1922,0.05812883,0.05580367,265.1922,6364.6124,0.05580367,265.1922,265.1922,265.1922,265.1922,265.1922,6364.6124,0.05580367,1325.9609,1224.0429,5303.8436,5405.7616,0.04650306,0.04739666,0.00232515,64.6929,58.4022,3.7648,236.7787,28.3325,4073.3444,62.8929,17.9205,67.0915,20.5198,41.0397,89.6552,137.931,195.8702,245.4342,34.2936,0.0,4.772704,5.980413,1.576351,17,91,104,3,0.01351263,0.05812883,0.20377779,0E-8,0.000000,0.901736,0.003971,-0.14764402,2026-03-22,2026-08-04,28,234,128,136,0.205882,0.267106,0.277009,0.045042,,,,,,,,GLOBAL_BASELINE_NO_ENTITY_RANKING,,,NOT_APPLICABLE_GLOBAL_BASELINE,HF9g-P5,,,,X 全窗基线 · 不参与实体赏罚,14190106,1420,A168_HF9F_20260827_0900,2026-08-27 09:00:00
2026-03-29,140221144,1645,0,1371.7421124828,-970.5075445816,-970.5075445816,0.2000000,5,5,0.50128862000000000,0.501288620000,-1.347408145195933,-1.347408145195933,-1.347408145195933,0E-17,ELIGIBLE,R03b_20260811_FULL_v1,L1_ELIGIBILITY,v2026-08-11,2026-03-21..2026-08-06,baccarat_bet02_101_all_pairs_incl_sentinel,round_win = game_pnl > 0 (decisive only),COMPATIBILITY_ONLY_NOT_PRODUCTION,114053.6424,102846.2734,6629.8046,1763,1761,-0.05812883,-0.20377779,-0.05613377,-0.05812883,-6629.8046,114053.6424,OK,0.0000,265.1922,4.0000,96.0000,AG03-UNRESOLVED,ALL5_LEVELS_bet23_to_bet27,265.1922,265.1922,265.1922,265.1922,265.1922,4.000000,4.000000,4.000000,4.000000,4.000000,96.000000,96.000000,96.000000,96.000000,96.000000,5.0,1325.9609,1224.0429,5303.8436,5405.7616,PENDING_AG03,FALSE,NOT_FOR_ENFORCEMENT,6364.6124,98732.4225,6629.8046,6364.6124,265.1922,0.05812883,0.05580367,265.1922,6364.6124,0.05580367,265.1922,265.1922,265.1922,265.1922,265.1922,6364.6124,0.05580367,1325.9609,1224.0429,5303.8436,5405.7616,0.04650306,0.04739666,0.00232515,64.6929,58.4022,3.7648,236.7787,28.3325,4073.3444,62.8929,17.9205,67.0915,20.5198,41.0397,89.6552,137.931,195.8702,245.4342,34.2936,0.0,4.772704,5.980413,1.576351,17,91,104,3,0.01351263,0.05812883,0.20377779,0E-8,0.000000,0.901736,0.003971,-0.14764402,2026-03-22,2026-08-04,28,234,128,136,0.205882,0.267106,0.277009,0.045042,,,,,,,,GLOBAL_BASELINE_NO_ENTITY_RANKING,,,NOT_APPLICABLE_GLOBAL_BASELINE,HF9g-P5,,,,X 全窗基线 · 不参与实体赏罚,14190107,1420,A168_HF9F_20260827_0900,2026-08-27 09:00:00
2026-03-29,140221144,1654,0,2297.6680384089,-216.7352537723,-216.7352537723,0.3750000,17,17,0.50191945294117647,0.501919452941,-1.0153631053607297,-1.0153631053593164,-1.0153631053607297,1.7647E-13,ELIGIBLE,R03b_20260811_FULL_v1,L1_ELIGIBILITY,v2026-08-11,2026-03-21..2026-08-06,baccarat_bet02_101_all_pairs_incl_sentinel,round_win = game_pnl > 0 (decisive only),COMPATIBILITY_ONLY_NOT_PRODUCTION,114053.6424,102846.2734,6629.8046,1763,1761,-0.05812883,-0.20377779,-0.05613377,-0.05812883,-6629.8046,114053.6424,OK,0.0000,265.1922,4.0000,96.0000,AG03-UNRESOLVED,ALL5_LEVELS_bet23_to_bet27,265.1922,265.1922,265.1922,265.1922,265.1922,4.000000,4.000000,4.000000,4.000000,4.000000,96.000000,96.000000,96.000000,96.000000,96.000000,5.0,1325.9609,1224.0429,5303.8436,5405.7616,PENDING_AG03,FALSE,NOT_FOR_ENFORCEMENT,6364.6124,98732.4225,6629.8046,6364.6124,265.1922,0.05812883,0.05580367,265.1922,6364.6124,0.05580367,265.1922,265.1922,265.1922,265.1922,265.1922,6364.6124,0.05580367,1325.9609,1224.0429,5303.8436,5405.7616,0.04650306,0.04739666,0.00232515,64.6929,58.4022,3.7648,236.7787,28.3325,4073.3444,62.8929,17.9205,67.0915,20.5198,41.0397,89.6552,137.931,195.8702,245.4342,34.2936,0.0,4.772704,5.980413,1.576351,17,91,104,3,0.01351263,0.05812883,0.20377779,0E-8,0.000000,0.901736,0.003971,-0.14764402,2026-03-22,2026-08-04,28,234,128,136,0.205882,0.267106,0.277009,0.045042,,,,,,,,GLOBAL_BASELINE_NO_ENTITY_RANKING,,,NOT_APPLICABLE_GLOBAL_BASELINE,HF9g-P5,,,,X 全窗基线 · 不参与实体赏罚,14190108,1420,A168_HF9F_20260827_0900,2026-08-27 09:00:00
2026-03-29,140221144,1714,0,274.3484224966,-274.3484224966,-274.3484224966,0E-7,2,2,0.49994810000000000,0.499948100000,-1.4140667746232096,-1.4140667746232096,-1.4140667746232096,0E-17,ELIGIBLE,R03b_20260811_FULL_v1,L1_ELIGIBILITY,v2026-08-11,2026-03-21..2026-08-06,baccarat_bet02_101_all_pairs_incl_sentinel,round_win = game_pnl > 0 (decisive only),COMPATIBILITY_ONLY_NOT_PRODUCTION,114053.6424,102846.2734,6629.8046,1763,1761,-0.05812883,-0.20377779,-0.05613377,-0.05812883,-6629.8046,114053.6424,OK,0.0000,265.1922,4.0000,96.0000,AG03-UNRESOLVED,ALL5_LEVELS_bet23_to_bet27,265.1922,265.1922,265.1922,265.1922,265.1922,4.000000,4.000000,4.000000,4.000000,4.000000,96.000000,96.000000,96.000000,96.000000,96.000000,5.0,1325.9609,1224.0429,5303.8436,5405.7616,PENDING_AG03,FALSE,NOT_FOR_ENFORCEMENT,6364.6124,98732.4225,6629.8046,6364.6124,265.1922,0.05812883,0.05580367,265.1922,6364.6124,0.05580367,265.1922,265.1922,265.1922,265.1922,265.1922,6364.6124,0.05580367,1325.9609,1224.0429,5303.8436,5405.7616,0.04650306,0.04739666,0.00232515,64.6929,58.4022,3.7648,236.7787,28.3325,4073.3444,62.8929,17.9205,67.0915,20.5198,41.0397,89.6552,137.931,195.8702,245.4342,34.2936,0.0,4.772704,5.980413,1.576351,17,91,104,3,0.01351263,0.05812883,0.20377779,0E-8,0.000000,0.901736,0.003971,-0.14764402,2026-03-22,2026-08-04,28,234,128,136,0.205882,0.267106,0.277009,0.045042,,,,,,,,GLOBAL_BASELINE_NO_ENTITY_RANKING,,,NOT_APPLICABLE_GLOBAL_BASELINE,HF9g-P5,,,,X 全窗基线 · 不参与实体赏罚,14190109,1420,A168_HF9F_20260827_0900,2026-08-27 09:00:00
2026-03-29,140221144,1941,0,2914.9519890261,386.4883401921,386.4883401921,0.5294118,18,18,0.49994810000000000,0.499948100000,0.2429636047091705,0.2429636047091705,0.2429636047091705,0E-17,ELIGIBLE,R03b_20260811_FULL_v1,L1_ELIGIBILITY,v2026-08-11,2026-03-21..2026-08-06,baccarat_bet02_101_all_pairs_incl_sentinel,round_win = game_pnl > 0 (decisive only),COMPATIBILITY_ONLY_NOT_PRODUCTION,114053.6424,102846.2734,6629.8046,1763,1761,-0.05812883,-0.20377779,-0.05613377,-0.05812883,-6629.8046,114053.6424,OK,0.0000,265.1922,4.0000,96.0000,AG03-UNRESOLVED,ALL5_LEVELS_bet23_to_bet27,265.1922,265.1922,265.1922,265.1922,265.1922,4.000000,4.000000,4.000000,4.000000,4.000000,96.000000,96.000000,96.000000,96.000000,96.000000,5.0,1325.9609,1224.0429,5303.8436,5405.7616,PENDING_AG03,FALSE,NOT_FOR_ENFORCEMENT,6364.6124,98732.4225,6629.8046,6364.6124,265.1922,0.05812883,0.05580367,265.1922,6364.6124,0.05580367,265.1922,265.1922,265.1922,265.1922,265.1922,6364.6124,0.05580367,1325.9609,1224.0429,5303.8436,5405.7616,0.04650306,0.04739666,0.00232515,64.6929,58.4022,3.7648,236.7787,28.3325,4073.3444,62.8929,17.9205,67.0915,20.5198,41.0397,89.6552,137.931,195.8702,245.4342,34.2936,0.0,4.772704,5.980413,1.576351,17,91,104,3,0.01351263,0.05812883,0.20377779,0E-8,0.000000,0.901736,0.003971,-0.14764402,2026-03-22,2026-08-04,28,234,128,136,0.205882,0.267106,0.277009,0.045042,,,,,,,,GLOBAL_BASELINE_NO_ENTITY_RANKING,,,NOT_APPLICABLE_GLOBAL_BASELINE,HF9g-P5,,,,X 全窗基线 · 不参与实体赏罚,14190110,1420,A168_HF9F_20260827_0900,2026-08-27 09:00:00
2026-03-29,140221144,1951,0,68.5871056242,34.2935528121,34.2935528121,1.0000000,2,2,0.49324550000000000,0.493245500000,1.01360149184955,1.01360149184955,1.01360149184955,0E-17,ELIGIBLE,R03b_20260811_FULL_v1,L1_ELIGIBILITY,v2026-08-11,2026-03-21..2026-08-06,baccarat_bet02_101_all_pairs_incl_sentinel,round_win = game_pnl > 0 (decisive only),COMPATIBILITY_ONLY_NOT_PRODUCTION,114053.6424,102846.2734,6629.8046,1763,1761,-0.05812883,-0.20377779,-0.05613377,-0.05812883,-6629.8046,114053.6424,OK,0.0000,265.1922,4.0000,96.0000,AG03-UNRESOLVED,ALL5_LEVELS_bet23_to_bet27,265.1922,265.1922,265.1922,265.1922,265.1922,4.000000,4.000000,4.000000,4.000000,4.000000,96.000000,96.000000,96.000000,96.000000,96.000000,5.0,1325.9609,1224.0429,5303.8436,5405.7616,PENDING_AG03,FALSE,NOT_FOR_ENFORCEMENT,6364.6124,98732.4225,6629.8046,6364.6124,265.1922,0.05812883,0.05580367,265.1922,6364.6124,0.05580367,265.1922,265.1922,265.1922,265.1922,265.1922,6364.6124,0.05580367,1325.9609,1224.0429,5303.8436,5405.7616,0.04650306,0.04739666,0.00232515,64.6929,58.4022,3.7648,236.7787,28.3325,4073.3444,62.8929,17.9205,67.0915,20.5198,41.0397,89.6552,137.931,195.8702,245.4342,34.2936,0.0,4.772704,5.980413,1.576351,17,91,104,3,0.01351263,0.05812883,0.20377779,0E-8,0.000000,0.901736,0.003971,-0.14764402,2026-03-22,2026-08-04,28,234,128,136,0.205882,0.267106,0.277009,0.045042,,,,,,,,GLOBAL_BASELINE_NO_ENTITY_RANKING,,,NOT_APPLICABLE_GLOBAL_BASELINE,HF9g-P5,,,,X 全窗基线 · 不参与实体赏罚,14190111,1420,A168_HF9F_20260827_0900,2026-08-27 09:00:00
2026-03-29,140221144,2121,0,1042.5240054869,-565.1577503428,-565.1577503428,0.3333333,12,12,0.49994810000000000,0.499948100000,-1.154340970850289,-1.154340970850289,-1.154340970850289,0E-17,ELIGIBLE,R03b_20260811_FULL_v1,L1_ELIGIBILITY,v2026-08-11,2026-03-21..2026-08-06,baccarat_bet02_101_all_pairs_incl_sentinel,round_win = game_pnl > 0 (decisive only),COMPATIBILITY_ONLY_NOT_PRODUCTION,114053.6424,102846.2734,6629.8046,1763,1761,-0.05812883,-0.20377779,-0.05613377,-0.05812883,-6629.8046,114053.6424,OK,0.0000,265.1922,4.0000,96.0000,AG03-UNRESOLVED,ALL5_LEVELS_bet23_to_bet27,265.1922,265.1922,265.1922,265.1922,265.1922,4.000000,4.000000,4.000000,4.000000,4.000000,96.000000,96.000000,96.000000,96.000000,96.000000,5.0,1325.9609,1224.0429,5303.8436,5405.7616,PENDING_AG03,FALSE,NOT_FOR_ENFORCEMENT,6364.6124,98732.4225,6629.8046,6364.6124,265.1922,0.05812883,0.05580367,265.1922,6364.6124,0.05580367,265.1922,265.1922,265.1922,265.1922,265.1922,6364.6124,0.05580367,1325.9609,1224.0429,5303.8436,5405.7616,0.04650306,0.04739666,0.00232515,64.6929,58.4022,3.7648,236.7787,28.3325,4073.3444,62.8929,17.9205,67.0915,20.5198,41.0397,89.6552,137.931,195.8702,245.4342,34.2936,0.0,4.772704,5.980413,1.576351,17,91,104,3,0.01351263,0.05812883,0.20377779,0E-8,0.000000,0.901736,0.003971,-0.14764402,2026-03-22,2026-08-04,28,234,128,136,0.205882,0.267106,0.277009,0.045042,,,,,,,,GLOBAL_BASELINE_NO_ENTITY_RANKING,,,NOT_APPLICABLE_GLOBAL_BASELINE,HF9g-P5,,,,X 全窗基线 · 不参与实体赏罚,14190112,1420,A168_HF9F_20260827_0900,2026-08-27 09:00:00
2026-03-29,140221144,2127,0,2956.1042524006,40.1234567900,40.1234567900,0.4736842,20,20,0.49860758000000000,0.498607580000,-0.21727774026896982,-0.21727774026896982,-0.21727774026896982,0E-17,ELIGIBLE,R03b_20260811_FULL_v1,L1_ELIGIBILITY,v2026-08-11,2026-03-21..2026-08-06,baccarat_bet02_101_all_pairs_incl_sentinel,round_win = game_pnl > 0 (decisive only),COMPATIBILITY_ONLY_NOT_PRODUCTION,114053.6424,102846.2734,6629.8046,1763,1761,-0.05812883,-0.20377779,-0.05613377,-0.05812883,-6629.8046,114053.6424,OK,0.0000,265.1922,4.0000,96.0000,AG03-UNRESOLVED,ALL5_LEVELS_bet23_to_bet27,265.1922,265.1922,265.1922,265.1922,265.1922,4.000000,4.000000,4.000000,4.000000,4.000000,96.000000,96.000000,96.000000,96.000000,96.000000,5.0,1325.9609,1224.0429,5303.8436,5405.7616,PENDING_AG03,FALSE,NOT_FOR_ENFORCEMENT,6364.6124,98732.4225,6629.8046,6364.6124,265.1922,0.05812883,0.05580367,265.1922,6364.6124,0.05580367,265.1922,265.1922,265.1922,265.1922,265.1922,6364.6124,0.05580367,1325.9609,1224.0429,5303.8436,5405.7616,0.04650306,0.04739666,0.00232515,64.6929,58.4022,3.7648,236.7787,28.3325,4073.3444,62.8929,17.9205,67.0915,20.5198,41.0397,89.6552,137.931,195.8702,245.4342,34.2936,0.0,4.772704,5.980413,1.576351,17,91,104,3,0.01351263,0.05812883,0.20377779,0E-8,0.000000,0.901736,0.003971,-0.14764402,2026-03-22,2026-08-04,28,234,128,136,0.205882,0.267106,0.277009,0.045042,,,,,,,,GLOBAL_BASELINE_NO_ENTITY_RANKING,,,NOT_APPLICABLE_GLOBAL_BASELINE,HF9g-P5,,,,X 全窗基线 · 不参与实体赏罚,14190113,1420,A168_HF9F_20260827_0900,2026-08-27 09:00:00
2026-03-29,140221144,2155,0,1474.6227709191,-240.0548696845,-240.0548696845,0.3333333,7,7,0.49516052857142857,0.495160528571,-0.7928252472495432,-0.7928252472474502,-0.7928252472495432,4.2857E-13,ELIGIBLE,R03b_20260811_FULL_v1,L1_ELIGIBILITY,v2026-08-11,2026-03-21..2026-08-06,baccarat_bet02_101_all_pairs_incl_sentinel,round_win = game_pnl > 0 (decisive only),COMPATIBILITY_ONLY_NOT_PRODUCTION,114053.6424,102846.2734,6629.8046,1763,1761,-0.05812883,-0.20377779,-0.05613377,-0.05812883,-6629.8046,114053.6424,OK,0.0000,265.1922,4.0000,96.0000,AG03-UNRESOLVED,ALL5_LEVELS_bet23_to_bet27,265.1922,265.1922,265.1922,265.1922,265.1922,4.000000,4.000000,4.000000,4.000000,4.000000,96.000000,96.000000,96.000000,96.000000,96.000000,5.0,1325.9609,1224.0429,5303.8436,5405.7616,PENDING_AG03,FALSE,NOT_FOR_ENFORCEMENT,6364.6124,98732.4225,6629.8046,6364.6124,265.1922,0.05812883,0.05580367,265.1922,6364.6124,0.05580367,265.1922,265.1922,265.1922,265.1922,265.1922,6364.6124,0.05580367,1325.9609,1224.0429,5303.8436,5405.7616,0.04650306,0.04739666,0.00232515,64.6929,58.4022,3.7648,236.7787,28.3325,4073.3444,62.8929,17.9205,67.0915,20.5198,41.0397,89.6552,137.931,195.8702,245.4342,34.2936,0.0,4.772704,5.980413,1.576351,17,91,104,3,0.01351263,0.05812883,0.20377779,0E-8,0.000000,0.901736,0.003971,-0.14764402,2026-03-22,2026-08-04,28,234,128,136,0.205882,0.267106,0.277009,0.045042,,,,,,,,GLOBAL_BASELINE_NO_ENTITY_RANKING,,,NOT_APPLICABLE_GLOBAL_BASELINE,HF9g-P5,,,,X 全窗基线 · 不参与实体赏罚,14190114,1420,A168_HF9F_20260827_0900,2026-08-27 09:00:00
2026-03-29,140221144,2252,0,137.1742112483,-137.1742112483,-137.1742112483,0E-7,1,1,0.50665070000000000,0.506650700000,-1.013391052207602,-1.013391052207602,-1.013391052207602,0E-17,ELIGIBLE,R03b_20260811_FULL_v1,L1_ELIGIBILITY,v2026-08-11,2026-03-21..2026-08-06,baccarat_bet02_101_all_pairs_incl_sentinel,round_win = game_pnl > 0 (decisive only),COMPATIBILITY_ONLY_NOT_PRODUCTION,114053.6424,102846.2734,6629.8046,1763,1761,-0.05812883,-0.20377779,-0.05613377,-0.05812883,-6629.8046,114053.6424,OK,0.0000,265.1922,4.0000,96.0000,AG03-UNRESOLVED,ALL5_LEVELS_bet23_to_bet27,265.1922,265.1922,265.1922,265.1922,265.1922,4.000000,4.000000,4.000000,4.000000,4.000000,96.000000,96.000000,96.000000,96.000000,96.000000,5.0,1325.9609,1224.0429,5303.8436,5405.7616,PENDING_AG03,FALSE,NOT_FOR_ENFORCEMENT,6364.6124,98732.4225,6629.8046,6364.6124,265.1922,0.05812883,0.05580367,265.1922,6364.6124,0.05580367,265.1922,265.1922,265.1922,265.1922,265.1922,6364.6124,0.05580367,1325.9609,1224.0429,5303.8436,5405.7616,0.04650306,0.04739666,0.00232515,64.6929,58.4022,3.7648,236.7787,28.3325,4073.3444,62.8929,17.9205,67.0915,20.5198,41.0397,89.6552,137.931,195.8702,245.4342,34.2936,0.0,4.772704,5.980413,1.576351,17,91,104,3,0.01351263,0.05812883,0.20377779,0E-8,0.000000,0.901736,0.003971,-0.14764402,2026-03-22,2026-08-04,28,234,128,136,0.205882,0.267106,0.277009,0.045042,,,,,,,,GLOBAL_BASELINE_NO_ENTITY_RANKING,,,NOT_APPLICABLE_GLOBAL_BASELINE,HF9g-P5,,,,X 全窗基线 · 不参与实体赏罚,14190115,1420,A168_HF9F_20260827_0900,2026-08-27 09:00:00
2026-03-29,140221144,526,0,68.5871056241,0E-10,0E-10,,1,1,0.50665070000000000,0.506650700000,,,,0E-17,NO_DECISIVE_ROUND,R03b_20260811_FULL_v1,L1_ELIGIBILITY,v2026-08-11,2026-03-21..2026-08-06,baccarat_bet02_101_all_pairs_incl_sentinel,round_win = game_pnl > 0 (decisive only),COMPATIBILITY_ONLY_NOT_PRODUCTION,114053.6424,102846.2734,6629.8046,1763,1761,-0.05812883,-0.20377779,-0.05613377,-0.05812883,-6629.8046,114053.6424,OK,0.0000,265.1922,4.0000,96.0000,AG03-UNRESOLVED,ALL5_LEVELS_bet23_to_bet27,265.1922,265.1922,265.1922,265.1922,265.1922,4.000000,4.000000,4.000000,4.000000,4.000000,96.000000,96.000000,96.000000,96.000000,96.000000,5.0,1325.9609,1224.0429,5303.8436,5405.7616,PENDING_AG03,FALSE,NOT_FOR_ENFORCEMENT,6364.6124,98732.4225,6629.8046,6364.6124,265.1922,0.05812883,0.05580367,265.1922,6364.6124,0.05580367,265.1922,265.1922,265.1922,265.1922,265.1922,6364.6124,0.05580367,1325.9609,1224.0429,5303.8436,5405.7616,0.04650306,0.04739666,0.00232515,64.6929,58.4022,3.7648,236.7787,28.3325,4073.3444,62.8929,17.9205,67.0915,20.5198,41.0397,89.6552,137.931,195.8702,245.4342,34.2936,0.0,4.772704,5.980413,1.576351,17,91,104,3,0.01351263,0.05812883,0.20377779,0E-8,0.000000,0.901736,0.003971,-0.14764402,2026-03-22,2026-08-04,28,234,128,136,0.205882,0.267106,0.277009,0.045042,,,,,,,,GLOBAL_BASELINE_NO_ENTITY_RANKING,,,NOT_APPLICABLE_GLOBAL_BASELINE,HF9g-P5,,,,X 全窗基线 · 不参与实体赏罚,14190116,1420,A168_HF9F_20260827_0900,2026-08-27 09:00:00
2026-03-31,140221144,1363,0,1813.7931034486,-194.8275862068,-194.8275862068,0.5384615,15,15,0.50039494000000000,0.500394940000,0.27450223090356474,0.27450223090356474,0.27450223090356474,0E-17,ELIGIBLE,R03b_20260811_FULL_v1,L1_ELIGIBILITY,v2026-08-11,2026-03-21..2026-08-06,baccarat_bet02_101_all_pairs_incl_sentinel,round_win = game_pnl > 0 (decisive only),COMPATIBILITY_ONLY_NOT_PRODUCTION,114053.6424,102846.2734,6629.8046,1763,1761,-0.05812883,-0.20377779,-0.05613377,-0.05812883,-6629.8046,114053.6424,OK,0.0000,265.1922,4.0000,96.0000,AG03-UNRESOLVED,ALL5_LEVELS_bet23_to_bet27,265.1922,265.1922,265.1922,265.1922,265.1922,4.000000,4.000000,4.000000,4.000000,4.000000,96.000000,96.000000,96.000000,96.000000,96.000000,5.0,1325.9609,1224.0429,5303.8436,5405.7616,PENDING_AG03,FALSE,NOT_FOR_ENFORCEMENT,6364.6124,98732.4225,6629.8046,6364.6124,265.1922,0.05812883,0.05580367,265.1922,6364.6124,0.05580367,265.1922,265.1922,265.1922,265.1922,265.1922,6364.6124,0.05580367,1325.9609,1224.0429,5303.8436,5405.7616,0.04650306,0.04739666,0.00232515,64.6929,58.4022,3.7648,236.7787,28.3325,4073.3444,62.8929,17.9205,67.0915,20.5198,41.0397,89.6552,137.931,195.8702,245.4342,34.2936,0.0,4.772704,5.980413,1.576351,17,91,104,3,0.01351263,0.05812883,0.20377779,0E-8,0.000000,0.901736,0.003971,-0.14764402,2026-03-22,2026-08-04,28,234,128,136,0.205882,0.267106,0.277009,0.045042,,,,,,,,GLOBAL_BASELINE_NO_ENTITY_RANKING,,,NOT_APPLICABLE_GLOBAL_BASELINE,HF9g-P5,,,,X 全窗基线 · 不参与实体赏罚,14190117,1420,A168_HF9F_20260827_0900,2026-08-27 09:00:00
2026-03-31,140221144,1646,0,282.7586206898,112.7586206896,112.7586206896,0.7777778,10,10,0.49860758000000000,0.498607580000,1.6750276818786798,1.67502768187868,1.6750276818786798,0E-17,ELIGIBLE,R03b_20260811_FULL_v1,L1_ELIGIBILITY,v2026-08-11,2026-03-21..2026-08-06,baccarat_bet02_101_all_pairs_incl_sentinel,round_win = game_pnl > 0 (decisive only),COMPATIBILITY_ONLY_NOT_PRODUCTION,114053.6424,102846.2734,6629.8046,1763,1761,-0.05812883,-0.20377779,-0.05613377,-0.05812883,-6629.8046,114053.6424,OK,0.0000,265.1922,4.0000,96.0000,AG03-UNRESOLVED,ALL5_LEVELS_bet23_to_bet27,265.1922,265.1922,265.1922,265.1922,265.1922,4.000000,4.000000,4.000000,4.000000,4.000000,96.000000,96.000000,96.000000,96.000000,96.000000,5.0,1325.9609,1224.0429,5303.8436,5405.7616,PENDING_AG03,FALSE,NOT_FOR_ENFORCEMENT,6364.6124,98732.4225,6629.8046,6364.6124,265.1922,0.05812883,0.05580367,265.1922,6364.6124,0.05580367,265.1922,265.1922,265.1922,265.1922,265.1922,6364.6124,0.05580367,1325.9609,1224.0429,5303.8436,5405.7616,0.04650306,0.04739666,0.00232515,64.6929,58.4022,3.7648,236.7787,28.3325,4073.3444,62.8929,17.9205,67.0915,20.5198,41.0397,89.6552,137.931,195.8702,245.4342,34.2936,0.0,4.772704,5.980413,1.576351,17,91,104,3,0.01351263,0.05812883,0.20377779,0E-8,0.000000,0.901736,0.003971,-0.14764402,2026-03-22,2026-08-04,28,234,128,136,0.205882,0.267106,0.277009,0.045042,,,,,,,,GLOBAL_BASELINE_NO_ENTITY_RANKING,,,NOT_APPLICABLE_GLOBAL_BASELINE,HF9g-P5,,,,X 全窗基线 · 不参与实体赏罚,14190118,1420,A168_HF9F_20260827_0900,2026-08-27 09:00:00
2026-03-31,140221144,2130,0,103.4482758621,-68.9655172414,-68.9655172414,0E-7,2,2,0.50665070000000000,0.506650700000,-1.013391052207602,-1.013391052207602,-1.013391052207602,0E-17,ELIGIBLE,R03b_20260811_FULL_v1,L1_ELIGIBILITY,v2026-08-11,2026-03-21..2026-08-06,baccarat_bet02_101_all_pairs_incl_sentinel,round_win = game_pnl > 0 (decisive only),COMPATIBILITY_ONLY_NOT_PRODUCTION,114053.6424,102846.2734,6629.8046,1763,1761,-0.05812883,-0.20377779,-0.05613377,-0.05812883,-6629.8046,114053.6424,OK,0.0000,265.1922,4.0000,96.0000,AG03-UNRESOLVED,ALL5_LEVELS_bet23_to_bet27,265.1922,265.1922,265.1922,265.1922,265.1922,4.000000,4.000000,4.000000,4.000000,4.000000,96.000000,96.000000,96.000000,96.000000,96.000000,5.0,1325.9609,1224.0429,5303.8436,5405.7616,PENDING_AG03,FALSE,NOT_FOR_ENFORCEMENT,6364.6124,98732.4225,6629.8046,6364.6124,265.1922,0.05812883,0.05580367,265.1922,6364.6124,0.05580367,265.1922,265.1922,265.1922,265.1922,265.1922,6364.6124,0.05580367,1325.9609,1224.0429,5303.8436,5405.7616,0.04650306,0.04739666,0.00232515,64.6929,58.4022,3.7648,236.7787,28.3325,4073.3444,62.8929,17.9205,67.0915,20.5198,41.0397,89.6552,137.931,195.8702,245.4342,34.2936,0.0,4.772704,5.980413,1.576351,17,91,104,3,0.01351263,0.05812883,0.20377779,0E-8,0.000000,0.901736,0.003971,-0.14764402,2026-03-22,2026-08-04,28,234,128,136,0.205882,0.267106,0.277009,0.045042,,,,,,,,GLOBAL_BASELINE_NO_ENTITY_RANKING,,,NOT_APPLICABLE_GLOBAL_BASELINE,HF9g-P5,,,,X 全窗基线 · 不参与实体赏罚,14190119,1420,A168_HF9F_20260827_0900,2026-08-27 09:00:00
2026-03-31,140221144,2134,0,855.1724137932,-114.4827586207,-114.4827586207,0.5000000,17,17,0.49955382941176471,0.499553829412,0.003338836283776176,0.0033388362820154253,0.003338836283776176,-2.3529E-13,ELIGIBLE,R03b_20260811_FULL_v1,L1_ELIGIBILITY,v2026-08-11,2026-03-21..2026-08-06,baccarat_bet02_101_all_pairs_incl_sentinel,round_win = game_pnl > 0 (decisive only),COMPATIBILITY_ONLY_NOT_PRODUCTION,114053.6424,102846.2734,6629.8046,1763,1761,-0.05812883,-0.20377779,-0.05613377,-0.05812883,-6629.8046,114053.6424,OK,0.0000,265.1922,4.0000,96.0000,AG03-UNRESOLVED,ALL5_LEVELS_bet23_to_bet27,265.1922,265.1922,265.1922,265.1922,265.1922,4.000000,4.000000,4.000000,4.000000,4.000000,96.000000,96.000000,96.000000,96.000000,96.000000,5.0,1325.9609,1224.0429,5303.8436,5405.7616,PENDING_AG03,FALSE,NOT_FOR_ENFORCEMENT,6364.6124,98732.4225,6629.8046,6364.6124,265.1922,0.05812883,0.05580367,265.1922,6364.6124,0.05580367,265.1922,265.1922,265.1922,265.1922,265.1922,6364.6124,0.05580367,1325.9609,1224.0429,5303.8436,5405.7616,0.04650306,0.04739666,0.00232515,64.6929,58.4022,3.7648,236.7787,28.3325,4073.3444,62.8929,17.9205,67.0915,20.5198,41.0397,89.6552,137.931,195.8702,245.4342,34.2936,0.0,4.772704,5.980413,1.576351,17,91,104,3,0.01351263,0.05812883,0.20377779,0E-8,0.000000,0.901736,0.003971,-0.14764402,2026-03-22,2026-08-04,28,234,128,136,0.205882,0.267106,0.277009,0.045042,,,,,,,,GLOBAL_BASELINE_NO_ENTITY_RANKING,,,NOT_APPLICABLE_GLOBAL_BASELINE,HF9g-P5,,,,X 全窗基线 · 不参与实体赏罚,14190120,1420,A168_HF9F_20260827_0900,2026-08-27 09:00:00
2026-03-31,140221144,471,0,3510.3448275869,-457.5862068967,-457.5862068967,0.4583333,28,28,0.50138437142857143,0.501384371429,-0.4218139217243895,-0.42181392172858967,-0.4218139217243895,-4.2857E-13,ELIGIBLE,R03b_20260811_FULL_v1,L1_ELIGIBILITY,v2026-08-11,2026-03-21..2026-08-06,baccarat_bet02_101_all_pairs_incl_sentinel,round_win = game_pnl > 0 (decisive only),COMPATIBILITY_ONLY_NOT_PRODUCTION,114053.6424,102846.2734,6629.8046,1763,1761,-0.05812883,-0.20377779,-0.05613377,-0.05812883,-6629.8046,114053.6424,OK,0.0000,265.1922,4.0000,96.0000,AG03-UNRESOLVED,ALL5_LEVELS_bet23_to_bet27,265.1922,265.1922,265.1922,265.1922,265.1922,4.000000,4.000000,4.000000,4.000000,4.000000,96.000000,96.000000,96.000000,96.000000,96.000000,5.0,1325.9609,1224.0429,5303.8436,5405.7616,PENDING_AG03,FALSE,NOT_FOR_ENFORCEMENT,6364.6124,98732.4225,6629.8046,6364.6124,265.1922,0.05812883,0.05580367,265.1922,6364.6124,0.05580367,265.1922,265.1922,265.1922,265.1922,265.1922,6364.6124,0.05580367,1325.9609,1224.0429,5303.8436,5405.7616,0.04650306,0.04739666,0.00232515,64.6929,58.4022,3.7648,236.7787,28.3325,4073.3444,62.8929,17.9205,67.0915,20.5198,41.0397,89.6552,137.931,195.8702,245.4342,34.2936,0.0,4.772704,5.980413,1.576351,17,91,104,3,0.01351263,0.05812883,0.20377779,0E-8,0.000000,0.901736,0.003971,-0.14764402,2026-03-22,2026-08-04,28,234,128,136,0.205882,0.267106,0.277009,0.045042,,,,,,,,GLOBAL_BASELINE_NO_ENTITY_RANKING,,,NOT_APPLICABLE_GLOBAL_BASELINE,HF9g-P5,,,,X 全窗基线 · 不参与实体赏罚,14190121,1420,A168_HF9F_20260827_0900,2026-08-27 09:00:00
2026-03-31,140221144,550,0,1331.0344827589,-3.4482758623,-3.4482758623,0.5625000,18,18,0.50441650000000000,0.504416500000,0.464686128198363,0.4646861281983631,0.464686128198363,0E-17,ELIGIBLE,R03b_20260811_FULL_v1,L1_ELIGIBILITY,v2026-08-11,2026-03-21..2026-08-06,baccarat_bet02_101_all_pairs_incl_sentinel,round_win = game_pnl > 0 (decisive only),COMPATIBILITY_ONLY_NOT_PRODUCTION,114053.6424,102846.2734,6629.8046,1763,1761,-0.05812883,-0.20377779,-0.05613377,-0.05812883,-6629.8046,114053.6424,OK,0.0000,265.1922,4.0000,96.0000,AG03-UNRESOLVED,ALL5_LEVELS_bet23_to_bet27,265.1922,265.1922,265.1922,265.1922,265.1922,4.000000,4.000000,4.000000,4.000000,4.000000,96.000000,96.000000,96.000000,96.000000,96.000000,5.0,1325.9609,1224.0429,5303.8436,5405.7616,PENDING_AG03,FALSE,NOT_FOR_ENFORCEMENT,6364.6124,98732.4225,6629.8046,6364.6124,265.1922,0.05812883,0.05580367,265.1922,6364.6124,0.05580367,265.1922,265.1922,265.1922,265.1922,265.1922,6364.6124,0.05580367,1325.9609,1224.0429,5303.8436,5405.7616,0.04650306,0.04739666,0.00232515,64.6929,58.4022,3.7648,236.7787,28.3325,4073.3444,62.8929,17.9205,67.0915,20.5198,41.0397,89.6552,137.931,195.8702,245.4342,34.2936,0.0,4.772704,5.980413,1.576351,17,91,104,3,0.01351263,0.05812883,0.20377779,0E-8,0.000000,0.901736,0.003971,-0.14764402,2026-03-22,2026-08-04,28,234,128,136,0.205882,0.267106,0.277009,0.045042,,,,,,,,GLOBAL_BASELINE_NO_ENTITY_RANKING,,,NOT_APPLICABLE_GLOBAL_BASELINE,HF9g-P5,,,,X 全窗基线 · 不参与实体赏罚,14190122,1420,A168_HF9F_20260827_0900,2026-08-27 09:00:00
2026-03-31,140221144,763,0,34.4827586207,34.4827586207,34.4827586207,1.0000000,1,1,0.49324550000000000,0.493245500000,1.01360149184955,1.01360149184955,1.01360149184955,0E-17,ELIGIBLE,R03b_20260811_FULL_v1,L1_ELIGIBILITY,v2026-08-11,2026-03-21..2026-08-06,baccarat_bet02_101_all_pairs_incl_sentinel,round_win = game_pnl > 0 (decisive only),COMPATIBILITY_ONLY_NOT_PRODUCTION,114053.6424,102846.2734,6629.8046,1763,1761,-0.05812883,-0.20377779,-0.05613377,-0.05812883,-6629.8046,114053.6424,OK,0.0000,265.1922,4.0000,96.0000,AG03-UNRESOLVED,ALL5_LEVELS_bet23_to_bet27,265.1922,265.1922,265.1922,265.1922,265.1922,4.000000,4.000000,4.000000,4.000000,4.000000,96.000000,96.000000,96.000000,96.000000,96.000000,5.0,1325.9609,1224.0429,5303.8436,5405.7616,PENDING_AG03,FALSE,NOT_FOR_ENFORCEMENT,6364.6124,98732.4225,6629.8046,6364.6124,265.1922,0.05812883,0.05580367,265.1922,6364.6124,0.05580367,265.1922,265.1922,265.1922,265.1922,265.1922,6364.6124,0.05580367,1325.9609,1224.0429,5303.8436,5405.7616,0.04650306,0.04739666,0.00232515,64.6929,58.4022,3.7648,236.7787,28.3325,4073.3444,62.8929,17.9205,67.0915,20.5198,41.0397,89.6552,137.931,195.8702,245.4342,34.2936,0.0,4.772704,5.980413,1.576351,17,91,104,3,0.01351263,0.05812883,0.20377779,0E-8,0.000000,0.901736,0.003971,-0.14764402,2026-03-22,2026-08-04,28,234,128,136,0.205882,0.267106,0.277009,0.045042,,,,,,,,GLOBAL_BASELINE_NO_ENTITY_RANKING,,,NOT_APPLICABLE_GLOBAL_BASELINE,HF9g-P5,,,,X 全窗基线 · 不参与实体赏罚,14190123,1420,A168_HF9F_20260827_0900,2026-08-27 09:00:00
2026-03-31,140221144,948,0,289.6551724138,275.1724137931,275.1724137931,1.0000000,2,2,0.50665070000000000,0.506650700000,1.3955260008387969,1.3955260008387969,1.3955260008387969,0E-17,ELIGIBLE,R03b_20260811_FULL_v1,L1_ELIGIBILITY,v2026-08-11,2026-03-21..2026-08-06,baccarat_bet02_101_all_pairs_incl_sentinel,round_win = game_pnl > 0 (decisive only),COMPATIBILITY_ONLY_NOT_PRODUCTION,114053.6424,102846.2734,6629.8046,1763,1761,-0.05812883,-0.20377779,-0.05613377,-0.05812883,-6629.8046,114053.6424,OK,0.0000,265.1922,4.0000,96.0000,AG03-UNRESOLVED,ALL5_LEVELS_bet23_to_bet27,265.1922,265.1922,265.1922,265.1922,265.1922,4.000000,4.000000,4.000000,4.000000,4.000000,96.000000,96.000000,96.000000,96.000000,96.000000,5.0,1325.9609,1224.0429,5303.8436,5405.7616,PENDING_AG03,FALSE,NOT_FOR_ENFORCEMENT,6364.6124,98732.4225,6629.8046,6364.6124,265.1922,0.05812883,0.05580367,265.1922,6364.6124,0.05580367,265.1922,265.1922,265.1922,265.1922,265.1922,6364.6124,0.05580367,1325.9609,1224.0429,5303.8436,5405.7616,0.04650306,0.04739666,0.00232515,64.6929,58.4022,3.7648,236.7787,28.3325,4073.3444,62.8929,17.9205,67.0915,20.5198,41.0397,89.6552,137.931,195.8702,245.4342,34.2936,0.0,4.772704,5.980413,1.576351,17,91,104,3,0.01351263,0.05812883,0.20377779,0E-8,0.000000,0.901736,0.003971,-0.14764402,2026-03-22,2026-08-04,28,234,128,136,0.205882,0.267106,0.277009,0.045042,,,,,,,,GLOBAL_BASELINE_NO_ENTITY_RANKING,,,NOT_APPLICABLE_GLOBAL_BASELINE,HF9g-P5,,,,X 全窗基线 · 不参与实体赏罚,14190124,1420,A168_HF9F_20260827_0900,2026-08-27 09:00:00
2026-03-31,140221144,987,0,75.8620689655,-55.1724137931,-55.1724137931,0E-7,4,4,0.49324550000000000,0.493245500000,-1.708808463184432,-1.7088084631844318,-1.708808463184432,0E-17,ELIGIBLE,R03b_20260811_FULL_v1,L1_ELIGIBILITY,v2026-08-11,2026-03-21..2026-08-06,baccarat_bet02_101_all_pairs_incl_sentinel,round_win = game_pnl > 0 (decisive only),COMPATIBILITY_ONLY_NOT_PRODUCTION,114053.6424,102846.2734,6629.8046,1763,1761,-0.05812883,-0.20377779,-0.05613377,-0.05812883,-6629.8046,114053.6424,OK,0.0000,265.1922,4.0000,96.0000,AG03-UNRESOLVED,ALL5_LEVELS_bet23_to_bet27,265.1922,265.1922,265.1922,265.1922,265.1922,4.000000,4.000000,4.000000,4.000000,4.000000,96.000000,96.000000,96.000000,96.000000,96.000000,5.0,1325.9609,1224.0429,5303.8436,5405.7616,PENDING_AG03,FALSE,NOT_FOR_ENFORCEMENT,6364.6124,98732.4225,6629.8046,6364.6124,265.1922,0.05812883,0.05580367,265.1922,6364.6124,0.05580367,265.1922,265.1922,265.1922,265.1922,265.1922,6364.6124,0.05580367,1325.9609,1224.0429,5303.8436,5405.7616,0.04650306,0.04739666,0.00232515,64.6929,58.4022,3.7648,236.7787,28.3325,4073.3444,62.8929,17.9205,67.0915,20.5198,41.0397,89.6552,137.931,195.8702,245.4342,34.2936,0.0,4.772704,5.980413,1.576351,17,91,104,3,0.01351263,0.05812883,0.20377779,0E-8,0.000000,0.901736,0.003971,-0.14764402,2026-03-22,2026-08-04,28,234,128,136,0.205882,0.267106,0.277009,0.045042,,,,,,,,GLOBAL_BASELINE_NO_ENTITY_RANKING,,,NOT_APPLICABLE_GLOBAL_BASELINE,HF9g-P5,,,,X 全窗基线 · 不参与实体赏罚,14190125,1420,A168_HF9F_20260827_0900,2026-08-27 09:00:00
2026-04-01,140221144,1094,0,655.1724137932,-244.1379310345,-244.1379310345,0.2857143,8,8,0.50329940000000000,0.503299400000,-1.1513772709309125,-1.1513772709309127,-1.1513772709309125,0E-17,ELIGIBLE,R03b_20260811_FULL_v1,L1_ELIGIBILITY,v2026-08-11,2026-03-21..2026-08-06,baccarat_bet02_101_all_pairs_incl_sentinel,round_win = game_pnl > 0 (decisive only),COMPATIBILITY_ONLY_NOT_PRODUCTION,114053.6424,102846.2734,6629.8046,1763,1761,-0.05812883,-0.20377779,-0.05613377,-0.05812883,-6629.8046,114053.6424,OK,0.0000,265.1922,4.0000,96.0000,AG03-UNRESOLVED,ALL5_LEVELS_bet23_to_bet27,265.1922,265.1922,265.1922,265.1922,265.1922,4.000000,4.000000,4.000000,4.000000,4.000000,96.000000,96.000000,96.000000,96.000000,96.000000,5.0,1325.9609,1224.0429,5303.8436,5405.7616,PENDING_AG03,FALSE,NOT_FOR_ENFORCEMENT,6364.6124,98732.4225,6629.8046,6364.6124,265.1922,0.05812883,0.05580367,265.1922,6364.6124,0.05580367,265.1922,265.1922,265.1922,265.1922,265.1922,6364.6124,0.05580367,1325.9609,1224.0429,5303.8436,5405.7616,0.04650306,0.04739666,0.00232515,64.6929,58.4022,3.7648,236.7787,28.3325,4073.3444,62.8929,17.9205,67.0915,20.5198,41.0397,89.6552,137.931,195.8702,245.4342,34.2936,0.0,4.772704,5.980413,1.576351,17,91,104,3,0.01351263,0.05812883,0.20377779,0E-8,0.000000,0.901736,0.003971,-0.14764402,2026-03-22,2026-08-04,28,234,128,136,0.205882,0.267106,0.277009,0.045042,,,,,,,,GLOBAL_BASELINE_NO_ENTITY_RANKING,,,NOT_APPLICABLE_GLOBAL_BASELINE,HF9g-P5,,,,X 全窗基线 · 不参与实体赏罚,14190126,1420,A168_HF9F_20260827_0900,2026-08-27 09:00:00
2026-04-01,140221144,1109,0,241.3793103449,-174.1379310345,-174.1379310345,0.2000000,5,5,0.50128862000000000,0.501288620000,-1.347408145195933,-1.347408145195933,-1.347408145195933,0E-17,ELIGIBLE,R03b_20260811_FULL_v1,L1_ELIGIBILITY,v2026-08-11,2026-03-21..2026-08-06,baccarat_bet02_101_all_pairs_incl_sentinel,round_win = game_pnl > 0 (decisive only),COMPATIBILITY_ONLY_NOT_PRODUCTION,114053.6424,102846.2734,6629.8046,1763,1761,-0.05812883,-0.20377779,-0.05613377,-0.05812883,-6629.8046,114053.6424,OK,0.0000,265.1922,4.0000,96.0000,AG03-UNRESOLVED,ALL5_LEVELS_bet23_to_bet27,265.1922,265.1922,265.1922,265.1922,265.1922,4.000000,4.000000,4.000000,4.000000,4.000000,96.000000,96.000000,96.000000,96.000000,96.000000,5.0,1325.9609,1224.0429,5303.8436,5405.7616,PENDING_AG03,FALSE,NOT_FOR_ENFORCEMENT,6364.6124,98732.4225,6629.8046,6364.6124,265.1922,0.05812883,0.05580367,265.1922,6364.6124,0.05580367,265.1922,265.1922,265.1922,265.1922,265.1922,6364.6124,0.05580367,1325.9609,1224.0429,5303.8436,5405.7616,0.04650306,0.04739666,0.00232515,64.6929,58.4022,3.7648,236.7787,28.3325,4073.3444,62.8929,17.9205,67.0915,20.5198,41.0397,89.6552,137.931,195.8702,245.4342,34.2936,0.0,4.772704,5.980413,1.576351,17,91,104,3,0.01351263,0.05812883,0.20377779,0E-8,0.000000,0.901736,0.003971,-0.14764402,2026-03-22,2026-08-04,28,234,128,136,0.205882,0.267106,0.277009,0.045042,,,,,,,,GLOBAL_BASELINE_NO_ENTITY_RANKING,,,NOT_APPLICABLE_GLOBAL_BASELINE,HF9g-P5,,,,X 全窗基线 · 不参与实体赏罚,14190127,1420,A168_HF9F_20260827_0900,2026-08-27 09:00:00
2026-04-01,140221144,1151,0,413.7931034484,63.7931034483,63.7931034483,0.6000000,6,6,0.50218230000000000,0.502182300000,0.4374582199563857,0.4374582199563857,0.4374582199563857,0E-17,ELIGIBLE,R03b_20260811_FULL_v1,L1_ELIGIBILITY,v2026-08-11,2026-03-21..2026-08-06,baccarat_bet02_101_all_pairs_incl_sentinel,round_win = game_pnl > 0 (decisive only),COMPATIBILITY_ONLY_NOT_PRODUCTION,114053.6424,102846.2734,6629.8046,1763,1761,-0.05812883,-0.20377779,-0.05613377,-0.05812883,-6629.8046,114053.6424,OK,0.0000,265.1922,4.0000,96.0000,AG03-UNRESOLVED,ALL5_LEVELS_bet23_to_bet27,265.1922,265.1922,265.1922,265.1922,265.1922,4.000000,4.000000,4.000000,4.000000,4.000000,96.000000,96.000000,96.000000,96.000000,96.000000,5.0,1325.9609,1224.0429,5303.8436,5405.7616,PENDING_AG03,FALSE,NOT_FOR_ENFORCEMENT,6364.6124,98732.4225,6629.8046,6364.6124,265.1922,0.05812883,0.05580367,265.1922,6364.6124,0.05580367,265.1922,265.1922,265.1922,265.1922,265.1922,6364.6124,0.05580367,1325.9609,1224.0429,5303.8436,5405.7616,0.04650306,0.04739666,0.00232515,64.6929,58.4022,3.7648,236.7787,28.3325,4073.3444,62.8929,17.9205,67.0915,20.5198,41.0397,89.6552,137.931,195.8702,245.4342,34.2936,0.0,4.772704,5.980413,1.576351,17,91,104,3,0.01351263,0.05812883,0.20377779,0E-8,0.000000,0.901736,0.003971,-0.14764402,2026-03-22,2026-08-04,28,234,128,136,0.205882,0.267106,0.277009,0.045042,,,,,,,,GLOBAL_BASELINE_NO_ENTITY_RANKING,,,NOT_APPLICABLE_GLOBAL_BASELINE,HF9g-P5,,,,X 全窗基线 · 不参与实体赏罚,14190128,1420,A168_HF9F_20260827_0900,2026-08-27 09:00:00
2026-04-01,140221144,1157,0,103.4482758621,-68.9655172414,-68.9655172414,0E-7,3,3,0.49771390000000000,0.497713900000,-1.4077622098436522,-1.4077622098436524,-1.4077622098436522,0E-17,ELIGIBLE,R03b_20260811_FULL_v1,L1_ELIGIBILITY,v2026-08-11,2026-03-21..2026-08-06,baccarat_bet02_101_all_pairs_incl_sentinel,round_win = game_pnl > 0 (decisive only),COMPATIBILITY_ONLY_NOT_PRODUCTION,114053.6424,102846.2734,6629.8046,1763,1761,-0.05812883,-0.20377779,-0.05613377,-0.05812883,-6629.8046,114053.6424,OK,0.0000,265.1922,4.0000,96.0000,AG03-UNRESOLVED,ALL5_LEVELS_bet23_to_bet27,265.1922,265.1922,265.1922,265.1922,265.1922,4.000000,4.000000,4.000000,4.000000,4.000000,96.000000,96.000000,96.000000,96.000000,96.000000,5.0,1325.9609,1224.0429,5303.8436,5405.7616,PENDING_AG03,FALSE,NOT_FOR_ENFORCEMENT,6364.6124,98732.4225,6629.8046,6364.6124,265.1922,0.05812883,0.05580367,265.1922,6364.6124,0.05580367,265.1922,265.1922,265.1922,265.1922,265.1922,6364.6124,0.05580367,1325.9609,1224.0429,5303.8436,5405.7616,0.04650306,0.04739666,0.00232515,64.6929,58.4022,3.7648,236.7787,28.3325,4073.3444,62.8929,17.9205,67.0915,20.5198,41.0397,89.6552,137.931,195.8702,245.4342,34.2936,0.0,4.772704,5.980413,1.576351,17,91,104,3,0.01351263,0.05812883,0.20377779,0E-8,0.000000,0.901736,0.003971,-0.14764402,2026-03-22,2026-08-04,28,234,128,136,0.205882,0.267106,0.277009,0.045042,,,,,,,,GLOBAL_BASELINE_NO_ENTITY_RANKING,,,NOT_APPLICABLE_GLOBAL_BASELINE,HF9g-P5,,,,X 全窗基线 · 不参与实体赏罚,14190129,1420,A168_HF9F_20260827_0900,2026-08-27 09:00:00
2026-04-01,140221144,1221,0,937.9310344830,104.8275862069,104.8275862069,0.6000000,11,11,0.49568280909090909,0.495682809091,0.6597844395310902,0.6597844395305142,0.6597844395310902,-9.091E-14,ELIGIBLE,R03b_20260811_FULL_v1,L1_ELIGIBILITY,v2026-08-11,2026-03-21..2026-08-06,baccarat_bet02_101_all_pairs_incl_sentinel,round_win = game_pnl > 0 (decisive only),COMPATIBILITY_ONLY_NOT_PRODUCTION,114053.6424,102846.2734,6629.8046,1763,1761,-0.05812883,-0.20377779,-0.05613377,-0.05812883,-6629.8046,114053.6424,OK,0.0000,265.1922,4.0000,96.0000,AG03-UNRESOLVED,ALL5_LEVELS_bet23_to_bet27,265.1922,265.1922,265.1922,265.1922,265.1922,4.000000,4.000000,4.000000,4.000000,4.000000,96.000000,96.000000,96.000000,96.000000,96.000000,5.0,1325.9609,1224.0429,5303.8436,5405.7616,PENDING_AG03,FALSE,NOT_FOR_ENFORCEMENT,6364.6124,98732.4225,6629.8046,6364.6124,265.1922,0.05812883,0.05580367,265.1922,6364.6124,0.05580367,265.1922,265.1922,265.1922,265.1922,265.1922,6364.6124,0.05580367,1325.9609,1224.0429,5303.8436,5405.7616,0.04650306,0.04739666,0.00232515,64.6929,58.4022,3.7648,236.7787,28.3325,4073.3444,62.8929,17.9205,67.0915,20.5198,41.0397,89.6552,137.931,195.8702,245.4342,34.2936,0.0,4.772704,5.980413,1.576351,17,91,104,3,0.01351263,0.05812883,0.20377779,0E-8,0.000000,0.901736,0.003971,-0.14764402,2026-03-22,2026-08-04,28,234,128,136,0.205882,0.267106,0.277009,0.045042,,,,,,,,GLOBAL_BASELINE_NO_ENTITY_RANKING,,,NOT_APPLICABLE_GLOBAL_BASELINE,HF9g-P5,,,,X 全窗基线 · 不参与实体赏罚,14190130,1420,A168_HF9F_20260827_0900,2026-08-27 09:00:00
2026-04-01,140221144,1299,0,248.2758620690,238.6206896552,238.6206896552,1.0000000,5,5,0.50396966000000000,0.503969660000,2.2183850348988448,2.2183850348988448,2.2183850348988448,0E-17,ELIGIBLE,R03b_20260811_FULL_v1,L1_ELIGIBILITY,v2026-08-11,2026-03-21..2026-08-06,baccarat_bet02_101_all_pairs_incl_sentinel,round_win = game_pnl > 0 (decisive only),COMPATIBILITY_ONLY_NOT_PRODUCTION,114053.6424,102846.2734,6629.8046,1763,1761,-0.05812883,-0.20377779,-0.05613377,-0.05812883,-6629.8046,114053.6424,OK,0.0000,265.1922,4.0000,96.0000,AG03-UNRESOLVED,ALL5_LEVELS_bet23_to_bet27,265.1922,265.1922,265.1922,265.1922,265.1922,4.000000,4.000000,4.000000,4.000000,4.000000,96.000000,96.000000,96.000000,96.000000,96.000000,5.0,1325.9609,1224.0429,5303.8436,5405.7616,PENDING_AG03,FALSE,NOT_FOR_ENFORCEMENT,6364.6124,98732.4225,6629.8046,6364.6124,265.1922,0.05812883,0.05580367,265.1922,6364.6124,0.05580367,265.1922,265.1922,265.1922,265.1922,265.1922,6364.6124,0.05580367,1325.9609,1224.0429,5303.8436,5405.7616,0.04650306,0.04739666,0.00232515,64.6929,58.4022,3.7648,236.7787,28.3325,4073.3444,62.8929,17.9205,67.0915,20.5198,41.0397,89.6552,137.931,195.8702,245.4342,34.2936,0.0,4.772704,5.980413,1.576351,17,91,104,3,0.01351263,0.05812883,0.20377779,0E-8,0.000000,0.901736,0.003971,-0.14764402,2026-03-22,2026-08-04,28,234,128,136,0.205882,0.267106,0.277009,0.045042,,,,,,,,GLOBAL_BASELINE_NO_ENTITY_RANKING,,,NOT_APPLICABLE_GLOBAL_BASELINE,HF9g-P5,,,,X 全窗基线 · 不参与实体赏罚,14190131,1420,A168_HF9F_20260827_0900,2026-08-27 09:00:00
2026-04-01,140221144,1304,0,1027.5862068967,-80.0000000002,-80.0000000002,0.4545455,12,12,0.50441650000000000,0.504416500000,-0.33081999720326294,-0.33081999720326294,-0.33081999720326294,0E-17,ELIGIBLE,R03b_20260811_FULL_v1,L1_ELIGIBILITY,v2026-08-11,2026-03-21..2026-08-06,baccarat_bet02_101_all_pairs_incl_sentinel,round_win = game_pnl > 0 (decisive only),COMPATIBILITY_ONLY_NOT_PRODUCTION,114053.6424,102846.2734,6629.8046,1763,1761,-0.05812883,-0.20377779,-0.05613377,-0.05812883,-6629.8046,114053.6424,OK,0.0000,265.1922,4.0000,96.0000,AG03-UNRESOLVED,ALL5_LEVELS_bet23_to_bet27,265.1922,265.1922,265.1922,265.1922,265.1922,4.000000,4.000000,4.000000,4.000000,4.000000,96.000000,96.000000,96.000000,96.000000,96.000000,5.0,1325.9609,1224.0429,5303.8436,5405.7616,PENDING_AG03,FALSE,NOT_FOR_ENFORCEMENT,6364.6124,98732.4225,6629.8046,6364.6124,265.1922,0.05812883,0.05580367,265.1922,6364.6124,0.05580367,265.1922,265.1922,265.1922,265.1922,265.1922,6364.6124,0.05580367,1325.9609,1224.0429,5303.8436,5405.7616,0.04650306,0.04739666,0.00232515,64.6929,58.4022,3.7648,236.7787,28.3325,4073.3444,62.8929,17.9205,67.0915,20.5198,41.0397,89.6552,137.931,195.8702,245.4342,34.2936,0.0,4.772704,5.980413,1.576351,17,91,104,3,0.01351263,0.05812883,0.20377779,0E-8,0.000000,0.901736,0.003971,-0.14764402,2026-03-22,2026-08-04,28,234,128,136,0.205882,0.267106,0.277009,0.045042,,,,,,,,GLOBAL_BASELINE_NO_ENTITY_RANKING,,,NOT_APPLICABLE_GLOBAL_BASELINE,HF9g-P5,,,,X 全窗基线 · 不参与实体赏罚,14190132,1420,A168_HF9F_20260827_0900,2026-08-27 09:00:00
2026-04-01,140221144,1353,0,1055.1724137933,-411.3793103449,-411.3793103449,0.4117647,18,18,0.49920336666666667,0.499203366667,-0.7210385835308804,-0.7210385835336283,-0.7210385835308804,-3.3333E-13,ELIGIBLE,R03b_20260811_FULL_v1,L1_ELIGIBILITY,v2026-08-11,2026-03-21..2026-08-06,baccarat_bet02_101_all_pairs_incl_sentinel,round_win = game_pnl > 0 (decisive only),COMPATIBILITY_ONLY_NOT_PRODUCTION,114053.6424,102846.2734,6629.8046,1763,1761,-0.05812883,-0.20377779,-0.05613377,-0.05812883,-6629.8046,114053.6424,OK,0.0000,265.1922,4.0000,96.0000,AG03-UNRESOLVED,ALL5_LEVELS_bet23_to_bet27,265.1922,265.1922,265.1922,265.1922,265.1922,4.000000,4.000000,4.000000,4.000000,4.000000,96.000000,96.000000,96.000000,96.000000,96.000000,5.0,1325.9609,1224.0429,5303.8436,5405.7616,PENDING_AG03,FALSE,NOT_FOR_ENFORCEMENT,6364.6124,98732.4225,6629.8046,6364.6124,265.1922,0.05812883,0.05580367,265.1922,6364.6124,0.05580367,265.1922,265.1922,265.1922,265.1922,265.1922,6364.6124,0.05580367,1325.9609,1224.0429,5303.8436,5405.7616,0.04650306,0.04739666,0.00232515,64.6929,58.4022,3.7648,236.7787,28.3325,4073.3444,62.8929,17.9205,67.0915,20.5198,41.0397,89.6552,137.931,195.8702,245.4342,34.2936,0.0,4.772704,5.980413,1.576351,17,91,104,3,0.01351263,0.05812883,0.20377779,0E-8,0.000000,0.901736,0.003971,-0.14764402,2026-03-22,2026-08-04,28,234,128,136,0.205882,0.267106,0.277009,0.045042,,,,,,,,GLOBAL_BASELINE_NO_ENTITY_RANKING,,,NOT_APPLICABLE_GLOBAL_BASELINE,HF9g-P5,,,,X 全窗基线 · 不参与实体赏罚,14190133,1420,A168_HF9F_20260827_0900,2026-08-27 09:00:00
2026-04-01,140221144,1385,0,931.0344827589,306.8965517242,306.8965517242,0.7142857,9,9,0.49622443333333333,0.496224433333,1.153904738015071,1.1539047380168408,1.153904738015071,3.3333E-13,ELIGIBLE,R03b_20260811_FULL_v1,L1_ELIGIBILITY,v2026-08-11,2026-03-21..2026-08-06,baccarat_bet02_101_all_pairs_incl_sentinel,round_win = game_pnl > 0 (decisive only),COMPATIBILITY_ONLY_NOT_PRODUCTION,114053.6424,102846.2734,6629.8046,1763,1761,-0.05812883,-0.20377779,-0.05613377,-0.05812883,-6629.8046,114053.6424,OK,0.0000,265.1922,4.0000,96.0000,AG03-UNRESOLVED,ALL5_LEVELS_bet23_to_bet27,265.1922,265.1922,265.1922,265.1922,265.1922,4.000000,4.000000,4.000000,4.000000,4.000000,96.000000,96.000000,96.000000,96.000000,96.000000,5.0,1325.9609,1224.0429,5303.8436,5405.7616,PENDING_AG03,FALSE,NOT_FOR_ENFORCEMENT,6364.6124,98732.4225,6629.8046,6364.6124,265.1922,0.05812883,0.05580367,265.1922,6364.6124,0.05580367,265.1922,265.1922,265.1922,265.1922,265.1922,6364.6124,0.05580367,1325.9609,1224.0429,5303.8436,5405.7616,0.04650306,0.04739666,0.00232515,64.6929,58.4022,3.7648,236.7787,28.3325,4073.3444,62.8929,17.9205,67.0915,20.5198,41.0397,89.6552,137.931,195.8702,245.4342,34.2936,0.0,4.772704,5.980413,1.576351,17,91,104,3,0.01351263,0.05812883,0.20377779,0E-8,0.000000,0.901736,0.003971,-0.14764402,2026-03-22,2026-08-04,28,234,128,136,0.205882,0.267106,0.277009,0.045042,,,,,,,,GLOBAL_BASELINE_NO_ENTITY_RANKING,,,NOT_APPLICABLE_GLOBAL_BASELINE,HF9g-P5,,,,X 全窗基线 · 不参与实体赏罚,14190134,1420,A168_HF9F_20260827_0900,2026-08-27 09:00:00
2026-04-01,140221144,1396,0,275.8620689656,131.0344827586,131.0344827586,1.0000000,2,2,0.50665070000000000,0.506650700000,0.9867858985152569,0.9867858985152569,0.9867858985152569,0E-17,ELIGIBLE,R03b_20260811_FULL_v1,L1_ELIGIBILITY,v2026-08-11,2026-03-21..2026-08-06,baccarat_bet02_101_all_pairs_incl_sentinel,round_win = game_pnl > 0 (decisive only),COMPATIBILITY_ONLY_NOT_PRODUCTION,114053.6424,102846.2734,6629.8046,1763,1761,-0.05812883,-0.20377779,-0.05613377,-0.05812883,-6629.8046,114053.6424,OK,0.0000,265.1922,4.0000,96.0000,AG03-UNRESOLVED,ALL5_LEVELS_bet23_to_bet27,265.1922,265.1922,265.1922,265.1922,265.1922,4.000000,4.000000,4.000000,4.000000,4.000000,96.000000,96.000000,96.000000,96.000000,96.000000,5.0,1325.9609,1224.0429,5303.8436,5405.7616,PENDING_AG03,FALSE,NOT_FOR_ENFORCEMENT,6364.6124,98732.4225,6629.8046,6364.6124,265.1922,0.05812883,0.05580367,265.1922,6364.6124,0.05580367,265.1922,265.1922,265.1922,265.1922,265.1922,6364.6124,0.05580367,1325.9609,1224.0429,5303.8436,5405.7616,0.04650306,0.04739666,0.00232515,64.6929,58.4022,3.7648,236.7787,28.3325,4073.3444,62.8929,17.9205,67.0915,20.5198,41.0397,89.6552,137.931,195.8702,245.4342,34.2936,0.0,4.772704,5.980413,1.576351,17,91,104,3,0.01351263,0.05812883,0.20377779,0E-8,0.000000,0.901736,0.003971,-0.14764402,2026-03-22,2026-08-04,28,234,128,136,0.205882,0.267106,0.277009,0.045042,,,,,,,,GLOBAL_BASELINE_NO_ENTITY_RANKING,,,NOT_APPLICABLE_GLOBAL_BASELINE,HF9g-P5,,,,X 全窗基线 · 不参与实体赏罚,14190135,1420,A168_HF9F_20260827_0900,2026-08-27 09:00:00
2026-04-01,140221144,1704,0,503.4482758622,-395.8620689657,-395.8620689657,0.2000000,5,5,0.50396966000000000,0.503969660000,-1.3594364909357963,-1.3594364909357963,-1.3594364909357963,0E-17,ELIGIBLE,R03b_20260811_FULL_v1,L1_ELIGIBILITY,v2026-08-11,2026-03-21..2026-08-06,baccarat_bet02_101_all_pairs_incl_sentinel,round_win = game_pnl > 0 (decisive only),COMPATIBILITY_ONLY_NOT_PRODUCTION,114053.6424,102846.2734,6629.8046,1763,1761,-0.05812883,-0.20377779,-0.05613377,-0.05812883,-6629.8046,114053.6424,OK,0.0000,265.1922,4.0000,96.0000,AG03-UNRESOLVED,ALL5_LEVELS_bet23_to_bet27,265.1922,265.1922,265.1922,265.1922,265.1922,4.000000,4.000000,4.000000,4.000000,4.000000,96.000000,96.000000,96.000000,96.000000,96.000000,5.0,1325.9609,1224.0429,5303.8436,5405.7616,PENDING_AG03,FALSE,NOT_FOR_ENFORCEMENT,6364.6124,98732.4225,6629.8046,6364.6124,265.1922,0.05812883,0.05580367,265.1922,6364.6124,0.05580367,265.1922,265.1922,265.1922,265.1922,265.1922,6364.6124,0.05580367,1325.9609,1224.0429,5303.8436,5405.7616,0.04650306,0.04739666,0.00232515,64.6929,58.4022,3.7648,236.7787,28.3325,4073.3444,62.8929,17.9205,67.0915,20.5198,41.0397,89.6552,137.931,195.8702,245.4342,34.2936,0.0,4.772704,5.980413,1.576351,17,91,104,3,0.01351263,0.05812883,0.20377779,0E-8,0.000000,0.901736,0.003971,-0.14764402,2026-03-22,2026-08-04,28,234,128,136,0.205882,0.267106,0.277009,0.045042,,,,,,,,GLOBAL_BASELINE_NO_ENTITY_RANKING,,,NOT_APPLICABLE_GLOBAL_BASELINE,HF9g-P5,,,,X 全窗基线 · 不参与实体赏罚,14190136,1420,A168_HF9F_20260827_0900,2026-08-27 09:00:00
2026-04-01,140221144,1710,0,524.1379310346,303.1034482759,303.1034482759,0.8333333,7,7,0.50090561428571429,0.500905614286,1.6285592473342474,1.6285592473328494,1.6285592473342474,-2.8571E-13,ELIGIBLE,R03b_20260811_FULL_v1,L1_ELIGIBILITY,v2026-08-11,2026-03-21..2026-08-06,baccarat_bet02_101_all_pairs_incl_sentinel,round_win = game_pnl > 0 (decisive only),COMPATIBILITY_ONLY_NOT_PRODUCTION,114053.6424,102846.2734,6629.8046,1763,1761,-0.05812883,-0.20377779,-0.05613377,-0.05812883,-6629.8046,114053.6424,OK,0.0000,265.1922,4.0000,96.0000,AG03-UNRESOLVED,ALL5_LEVELS_bet23_to_bet27,265.1922,265.1922,265.1922,265.1922,265.1922,4.000000,4.000000,4.000000,4.000000,4.000000,96.000000,96.000000,96.000000,96.000000,96.000000,5.0,1325.9609,1224.0429,5303.8436,5405.7616,PENDING_AG03,FALSE,NOT_FOR_ENFORCEMENT,6364.6124,98732.4225,6629.8046,6364.6124,265.1922,0.05812883,0.05580367,265.1922,6364.6124,0.05580367,265.1922,265.1922,265.1922,265.1922,265.1922,6364.6124,0.05580367,1325.9609,1224.0429,5303.8436,5405.7616,0.04650306,0.04739666,0.00232515,64.6929,58.4022,3.7648,236.7787,28.3325,4073.3444,62.8929,17.9205,67.0915,20.5198,41.0397,89.6552,137.931,195.8702,245.4342,34.2936,0.0,4.772704,5.980413,1.576351,17,91,104,3,0.01351263,0.05812883,0.20377779,0E-8,0.000000,0.901736,0.003971,-0.14764402,2026-03-22,2026-08-04,28,234,128,136,0.205882,0.267106,0.277009,0.045042,,,,,,,,GLOBAL_BASELINE_NO_ENTITY_RANKING,,,NOT_APPLICABLE_GLOBAL_BASELINE,HF9g-P5,,,,X 全窗基线 · 不参与实体赏罚,14190137,1420,A168_HF9F_20260827_0900,2026-08-27 09:00:00
2026-04-01,140221144,1714,0,262.0689655174,31.0344827586,31.0344827586,0.5000000,9,9,0.49920336666666667,0.499203366667,0.004506444376759088,0.004506444374873482,0.004506444376759088,-3.3333E-13,ELIGIBLE,R03b_20260811_FULL_v1,L1_ELIGIBILITY,v2026-08-11,2026-03-21..2026-08-06,baccarat_bet02_101_all_pairs_incl_sentinel,round_win = game_pnl > 0 (decisive only),COMPATIBILITY_ONLY_NOT_PRODUCTION,114053.6424,102846.2734,6629.8046,1763,1761,-0.05812883,-0.20377779,-0.05613377,-0.05812883,-6629.8046,114053.6424,OK,0.0000,265.1922,4.0000,96.0000,AG03-UNRESOLVED,ALL5_LEVELS_bet23_to_bet27,265.1922,265.1922,265.1922,265.1922,265.1922,4.000000,4.000000,4.000000,4.000000,4.000000,96.000000,96.000000,96.000000,96.000000,96.000000,5.0,1325.9609,1224.0429,5303.8436,5405.7616,PENDING_AG03,FALSE,NOT_FOR_ENFORCEMENT,6364.6124,98732.4225,6629.8046,6364.6124,265.1922,0.05812883,0.05580367,265.1922,6364.6124,0.05580367,265.1922,265.1922,265.1922,265.1922,265.1922,6364.6124,0.05580367,1325.9609,1224.0429,5303.8436,5405.7616,0.04650306,0.04739666,0.00232515,64.6929,58.4022,3.7648,236.7787,28.3325,4073.3444,62.8929,17.9205,67.0915,20.5198,41.0397,89.6552,137.931,195.8702,245.4342,34.2936,0.0,4.772704,5.980413,1.576351,17,91,104,3,0.01351263,0.05812883,0.20377779,0E-8,0.000000,0.901736,0.003971,-0.14764402,2026-03-22,2026-08-04,28,234,128,136,0.205882,0.267106,0.277009,0.045042,,,,,,,,GLOBAL_BASELINE_NO_ENTITY_RANKING,,,NOT_APPLICABLE_GLOBAL_BASELINE,HF9g-P5,,,,X 全窗基线 · 不参与实体赏罚,14190138,1420,A168_HF9F_20260827_0900,2026-08-27 09:00:00
2026-04-01,140221144,1951,0,34.4827586207,34.4827586207,34.4827586207,1.0000000,1,1,0.49324550000000000,0.493245500000,1.01360149184955,1.01360149184955,1.01360149184955,0E-17,ELIGIBLE,R03b_20260811_FULL_v1,L1_ELIGIBILITY,v2026-08-11,2026-03-21..2026-08-06,baccarat_bet02_101_all_pairs_incl_sentinel,round_win = game_pnl > 0 (decisive only),COMPATIBILITY_ONLY_NOT_PRODUCTION,114053.6424,102846.2734,6629.8046,1763,1761,-0.05812883,-0.20377779,-0.05613377,-0.05812883,-6629.8046,114053.6424,OK,0.0000,265.1922,4.0000,96.0000,AG03-UNRESOLVED,ALL5_LEVELS_bet23_to_bet27,265.1922,265.1922,265.1922,265.1922,265.1922,4.000000,4.000000,4.000000,4.000000,4.000000,96.000000,96.000000,96.000000,96.000000,96.000000,5.0,1325.9609,1224.0429,5303.8436,5405.7616,PENDING_AG03,FALSE,NOT_FOR_ENFORCEMENT,6364.6124,98732.4225,6629.8046,6364.6124,265.1922,0.05812883,0.05580367,265.1922,6364.6124,0.05580367,265.1922,265.1922,265.1922,265.1922,265.1922,6364.6124,0.05580367,1325.9609,1224.0429,5303.8436,5405.7616,0.04650306,0.04739666,0.00232515,64.6929,58.4022,3.7648,236.7787,28.3325,4073.3444,62.8929,17.9205,67.0915,20.5198,41.0397,89.6552,137.931,195.8702,245.4342,34.2936,0.0,4.772704,5.980413,1.576351,17,91,104,3,0.01351263,0.05812883,0.20377779,0E-8,0.000000,0.901736,0.003971,-0.14764402,2026-03-22,2026-08-04,28,234,128,136,0.205882,0.267106,0.277009,0.045042,,,,,,,,GLOBAL_BASELINE_NO_ENTITY_RANKING,,,NOT_APPLICABLE_GLOBAL_BASELINE,HF9g-P5,,,,X 全窗基线 · 不参与实体赏罚,14190139,1420,A168_HF9F_20260827_0900,2026-08-27 09:00:00
2026-04-01,140221144,1966,0,34.4827586207,-34.4827586207,-34.4827586207,0E-7,2,2,0.49324550000000000,0.493245500000,-1.3952362676504506,-1.3952362676504506,-1.3952362676504506,0E-17,ELIGIBLE,R03b_20260811_FULL_v1,L1_ELIGIBILITY,v2026-08-11,2026-03-21..2026-08-06,baccarat_bet02_101_all_pairs_incl_sentinel,round_win = game_pnl > 0 (decisive only),COMPATIBILITY_ONLY_NOT_PRODUCTION,114053.6424,102846.2734,6629.8046,1763,1761,-0.05812883,-0.20377779,-0.05613377,-0.05812883,-6629.8046,114053.6424,OK,0.0000,265.1922,4.0000,96.0000,AG03-UNRESOLVED,ALL5_LEVELS_bet23_to_bet27,265.1922,265.1922,265.1922,265.1922,265.1922,4.000000,4.000000,4.000000,4.000000,4.000000,96.000000,96.000000,96.000000,96.000000,96.000000,5.0,1325.9609,1224.0429,5303.8436,5405.7616,PENDING_AG03,FALSE,NOT_FOR_ENFORCEMENT,6364.6124,98732.4225,6629.8046,6364.6124,265.1922,0.05812883,0.05580367,265.1922,6364.6124,0.05580367,265.1922,265.1922,265.1922,265.1922,265.1922,6364.6124,0.05580367,1325.9609,1224.0429,5303.8436,5405.7616,0.04650306,0.04739666,0.00232515,64.6929,58.4022,3.7648,236.7787,28.3325,4073.3444,62.8929,17.9205,67.0915,20.5198,41.0397,89.6552,137.931,195.8702,245.4342,34.2936,0.0,4.772704,5.980413,1.576351,17,91,104,3,0.01351263,0.05812883,0.20377779,0E-8,0.000000,0.901736,0.003971,-0.14764402,2026-03-22,2026-08-04,28,234,128,136,0.205882,0.267106,0.277009,0.045042,,,,,,,,GLOBAL_BASELINE_NO_ENTITY_RANKING,,,NOT_APPLICABLE_GLOBAL_BASELINE,HF9g-P5,,,,X 全窗基线 · 不参与实体赏罚,14190140,1420,A168_HF9F_20260827_0900,2026-08-27 09:00:00
2026-04-01,140221144,2108,0,1565.5172413797,-36.2068965519,-36.2068965519,0.5294118,19,19,0.50100640526315789,0.501006405263,0.23423706912721728,0.23423706912851922,0.23423706912721728,1.5789E-13,ELIGIBLE,R03b_20260811_FULL_v1,L1_ELIGIBILITY,v2026-08-11,2026-03-21..2026-08-06,baccarat_bet02_101_all_pairs_incl_sentinel,round_win = game_pnl > 0 (decisive only),COMPATIBILITY_ONLY_NOT_PRODUCTION,114053.6424,102846.2734,6629.8046,1763,1761,-0.05812883,-0.20377779,-0.05613377,-0.05812883,-6629.8046,114053.6424,OK,0.0000,265.1922,4.0000,96.0000,AG03-UNRESOLVED,ALL5_LEVELS_bet23_to_bet27,265.1922,265.1922,265.1922,265.1922,265.1922,4.000000,4.000000,4.000000,4.000000,4.000000,96.000000,96.000000,96.000000,96.000000,96.000000,5.0,1325.9609,1224.0429,5303.8436,5405.7616,PENDING_AG03,FALSE,NOT_FOR_ENFORCEMENT,6364.6124,98732.4225,6629.8046,6364.6124,265.1922,0.05812883,0.05580367,265.1922,6364.6124,0.05580367,265.1922,265.1922,265.1922,265.1922,265.1922,6364.6124,0.05580367,1325.9609,1224.0429,5303.8436,5405.7616,0.04650306,0.04739666,0.00232515,64.6929,58.4022,3.7648,236.7787,28.3325,4073.3444,62.8929,17.9205,67.0915,20.5198,41.0397,89.6552,137.931,195.8702,245.4342,34.2936,0.0,4.772704,5.980413,1.576351,17,91,104,3,0.01351263,0.05812883,0.20377779,0E-8,0.000000,0.901736,0.003971,-0.14764402,2026-03-22,2026-08-04,28,234,128,136,0.205882,0.267106,0.277009,0.045042,,,,,,,,GLOBAL_BASELINE_NO_ENTITY_RANKING,,,NOT_APPLICABLE_GLOBAL_BASELINE,HF9g-P5,,,,X 全窗基线 · 不参与实体赏罚,14190141,1420,A168_HF9F_20260827_0900,2026-08-27 09:00:00
2026-04-01,140221144,2115,0,275.8620689656,-275.8620689656,-275.8620689656,0E-7,2,2,0.49324550000000000,0.493245500000,-1.3952362676504506,-1.3952362676504506,-1.3952362676504506,0E-17,ELIGIBLE,R03b_20260811_FULL_v1,L1_ELIGIBILITY,v2026-08-11,2026-03-21..2026-08-06,baccarat_bet02_101_all_pairs_incl_sentinel,round_win = game_pnl > 0 (decisive only),COMPATIBILITY_ONLY_NOT_PRODUCTION,114053.6424,102846.2734,6629.8046,1763,1761,-0.05812883,-0.20377779,-0.05613377,-0.05812883,-6629.8046,114053.6424,OK,0.0000,265.1922,4.0000,96.0000,AG03-UNRESOLVED,ALL5_LEVELS_bet23_to_bet27,265.1922,265.1922,265.1922,265.1922,265.1922,4.000000,4.000000,4.000000,4.000000,4.000000,96.000000,96.000000,96.000000,96.000000,96.000000,5.0,1325.9609,1224.0429,5303.8436,5405.7616,PENDING_AG03,FALSE,NOT_FOR_ENFORCEMENT,6364.6124,98732.4225,6629.8046,6364.6124,265.1922,0.05812883,0.05580367,265.1922,6364.6124,0.05580367,265.1922,265.1922,265.1922,265.1922,265.1922,6364.6124,0.05580367,1325.9609,1224.0429,5303.8436,5405.7616,0.04650306,0.04739666,0.00232515,64.6929,58.4022,3.7648,236.7787,28.3325,4073.3444,62.8929,17.9205,67.0915,20.5198,41.0397,89.6552,137.931,195.8702,245.4342,34.2936,0.0,4.772704,5.980413,1.576351,17,91,104,3,0.01351263,0.05812883,0.20377779,0E-8,0.000000,0.901736,0.003971,-0.14764402,2026-03-22,2026-08-04,28,234,128,136,0.205882,0.267106,0.277009,0.045042,,,,,,,,GLOBAL_BASELINE_NO_ENTITY_RANKING,,,NOT_APPLICABLE_GLOBAL_BASELINE,HF9g-P5,,,,X 全窗基线 · 不参与实体赏罚,14190142,1420,A168_HF9F_20260827_0900,2026-08-27 09:00:00
2026-04-01,140221144,2123,0,68.9655172414,-68.9655172414,-68.9655172414,0E-7,1,1,0.49324550000000000,0.493245500000,-0.9865810262130424,-0.9865810262130424,-0.9865810262130424,0E-17,ELIGIBLE,R03b_20260811_FULL_v1,L1_ELIGIBILITY,v2026-08-11,2026-03-21..2026-08-06,baccarat_bet02_101_all_pairs_incl_sentinel,round_win = game_pnl > 0 (decisive only),COMPATIBILITY_ONLY_NOT_PRODUCTION,114053.6424,102846.2734,6629.8046,1763,1761,-0.05812883,-0.20377779,-0.05613377,-0.05812883,-6629.8046,114053.6424,OK,0.0000,265.1922,4.0000,96.0000,AG03-UNRESOLVED,ALL5_LEVELS_bet23_to_bet27,265.1922,265.1922,265.1922,265.1922,265.1922,4.000000,4.000000,4.000000,4.000000,4.000000,96.000000,96.000000,96.000000,96.000000,96.000000,5.0,1325.9609,1224.0429,5303.8436,5405.7616,PENDING_AG03,FALSE,NOT_FOR_ENFORCEMENT,6364.6124,98732.4225,6629.8046,6364.6124,265.1922,0.05812883,0.05580367,265.1922,6364.6124,0.05580367,265.1922,265.1922,265.1922,265.1922,265.1922,6364.6124,0.05580367,1325.9609,1224.0429,5303.8436,5405.7616,0.04650306,0.04739666,0.00232515,64.6929,58.4022,3.7648,236.7787,28.3325,4073.3444,62.8929,17.9205,67.0915,20.5198,41.0397,89.6552,137.931,195.8702,245.4342,34.2936,0.0,4.772704,5.980413,1.576351,17,91,104,3,0.01351263,0.05812883,0.20377779,0E-8,0.000000,0.901736,0.003971,-0.14764402,2026-03-22,2026-08-04,28,234,128,136,0.205882,0.267106,0.277009,0.045042,,,,,,,,GLOBAL_BASELINE_NO_ENTITY_RANKING,,,NOT_APPLICABLE_GLOBAL_BASELINE,HF9g-P5,,,,X 全窗基线 · 不参与实体赏罚,14190143,1420,A168_HF9F_20260827_0900,2026-08-27 09:00:00
2026-04-01,140221144,2130,0,1531.0344827589,100.6896551725,100.6896551725,0.6000000,12,12,0.49771390000000000,0.497713900000,0.6469208599312795,0.6469208599312793,0.6469208599312795,0E-17,ELIGIBLE,R03b_20260811_FULL_v1,L1_ELIGIBILITY,v2026-08-11,2026-03-21..2026-08-06,baccarat_bet02_101_all_pairs_incl_sentinel,round_win = game_pnl > 0 (decisive only),COMPATIBILITY_ONLY_NOT_PRODUCTION,114053.6424,102846.2734,6629.8046,1763,1761,-0.05812883,-0.20377779,-0.05613377,-0.05812883,-6629.8046,114053.6424,OK,0.0000,265.1922,4.0000,96.0000,AG03-UNRESOLVED,ALL5_LEVELS_bet23_to_bet27,265.1922,265.1922,265.1922,265.1922,265.1922,4.000000,4.000000,4.000000,4.000000,4.000000,96.000000,96.000000,96.000000,96.000000,96.000000,5.0,1325.9609,1224.0429,5303.8436,5405.7616,PENDING_AG03,FALSE,NOT_FOR_ENFORCEMENT,6364.6124,98732.4225,6629.8046,6364.6124,265.1922,0.05812883,0.05580367,265.1922,6364.6124,0.05580367,265.1922,265.1922,265.1922,265.1922,265.1922,6364.6124,0.05580367,1325.9609,1224.0429,5303.8436,5405.7616,0.04650306,0.04739666,0.00232515,64.6929,58.4022,3.7648,236.7787,28.3325,4073.3444,62.8929,17.9205,67.0915,20.5198,41.0397,89.6552,137.931,195.8702,245.4342,34.2936,0.0,4.772704,5.980413,1.576351,17,91,104,3,0.01351263,0.05812883,0.20377779,0E-8,0.000000,0.901736,0.003971,-0.14764402,2026-03-22,2026-08-04,28,234,128,136,0.205882,0.267106,0.277009,0.045042,,,,,,,,GLOBAL_BASELINE_NO_ENTITY_RANKING,,,NOT_APPLICABLE_GLOBAL_BASELINE,HF9g-P5,,,,X 全窗基线 · 不参与实体赏罚,14190144,1420,A168_HF9F_20260827_0900,2026-08-27 09:00:00
2026-04-01,140221144,2134,0,2200.0000000004,13.1034482758,13.1034482758,0.5000000,17,17,0.49797674705882353,0.497976747059,0.015140762584849492,0.01514076258352888,0.015140762584849492,-1.7647E-13,ELIGIBLE,R03b_20260811_FULL_v1,L1_ELIGIBILITY,v2026-08-11,2026-03-21..2026-08-06,baccarat_bet02_101_all_pairs_incl_sentinel,round_win = game_pnl > 0 (decisive only),COMPATIBILITY_ONLY_NOT_PRODUCTION,114053.6424,102846.2734,6629.8046,1763,1761,-0.05812883,-0.20377779,-0.05613377,-0.05812883,-6629.8046,114053.6424,OK,0.0000,265.1922,4.0000,96.0000,AG03-UNRESOLVED,ALL5_LEVELS_bet23_to_bet27,265.1922,265.1922,265.1922,265.1922,265.1922,4.000000,4.000000,4.000000,4.000000,4.000000,96.000000,96.000000,96.000000,96.000000,96.000000,5.0,1325.9609,1224.0429,5303.8436,5405.7616,PENDING_AG03,FALSE,NOT_FOR_ENFORCEMENT,6364.6124,98732.4225,6629.8046,6364.6124,265.1922,0.05812883,0.05580367,265.1922,6364.6124,0.05580367,265.1922,265.1922,265.1922,265.1922,265.1922,6364.6124,0.05580367,1325.9609,1224.0429,5303.8436,5405.7616,0.04650306,0.04739666,0.00232515,64.6929,58.4022,3.7648,236.7787,28.3325,4073.3444,62.8929,17.9205,67.0915,20.5198,41.0397,89.6552,137.931,195.8702,245.4342,34.2936,0.0,4.772704,5.980413,1.576351,17,91,104,3,0.01351263,0.05812883,0.20377779,0E-8,0.000000,0.901736,0.003971,-0.14764402,2026-03-22,2026-08-04,28,234,128,136,0.205882,0.267106,0.277009,0.045042,,,,,,,,GLOBAL_BASELINE_NO_ENTITY_RANKING,,,NOT_APPLICABLE_GLOBAL_BASELINE,HF9g-P5,,,,X 全窗基线 · 不参与实体赏罚,14190145,1420,A168_HF9F_20260827_0900,2026-08-27 09:00:00
2026-04-01,140221144,2153,0,103.4482758621,-103.4482758621,-103.4482758621,0E-7,1,1,0.49324550000000000,0.493245500000,-0.9865810262130424,-0.9865810262130424,-0.9865810262130424,0E-17,ELIGIBLE,R03b_20260811_FULL_v1,L1_ELIGIBILITY,v2026-08-11,2026-03-21..2026-08-06,baccarat_bet02_101_all_pairs_incl_sentinel,round_win = game_pnl > 0 (decisive only),COMPATIBILITY_ONLY_NOT_PRODUCTION,114053.6424,102846.2734,6629.8046,1763,1761,-0.05812883,-0.20377779,-0.05613377,-0.05812883,-6629.8046,114053.6424,OK,0.0000,265.1922,4.0000,96.0000,AG03-UNRESOLVED,ALL5_LEVELS_bet23_to_bet27,265.1922,265.1922,265.1922,265.1922,265.1922,4.000000,4.000000,4.000000,4.000000,4.000000,96.000000,96.000000,96.000000,96.000000,96.000000,5.0,1325.9609,1224.0429,5303.8436,5405.7616,PENDING_AG03,FALSE,NOT_FOR_ENFORCEMENT,6364.6124,98732.4225,6629.8046,6364.6124,265.1922,0.05812883,0.05580367,265.1922,6364.6124,0.05580367,265.1922,265.1922,265.1922,265.1922,265.1922,6364.6124,0.05580367,1325.9609,1224.0429,5303.8436,5405.7616,0.04650306,0.04739666,0.00232515,64.6929,58.4022,3.7648,236.7787,28.3325,4073.3444,62.8929,17.9205,67.0915,20.5198,41.0397,89.6552,137.931,195.8702,245.4342,34.2936,0.0,4.772704,5.980413,1.576351,17,91,104,3,0.01351263,0.05812883,0.20377779,0E-8,0.000000,0.901736,0.003971,-0.14764402,2026-03-22,2026-08-04,28,234,128,136,0.205882,0.267106,0.277009,0.045042,,,,,,,,GLOBAL_BASELINE_NO_ENTITY_RANKING,,,NOT_APPLICABLE_GLOBAL_BASELINE,HF9g-P5,,,,X 全窗基线 · 不参与实体赏罚,14190146,1420,A168_HF9F_20260827_0900,2026-08-27 09:00:00
2026-04-01,140221144,2167,0,34.4827586207,34.4827586207,34.4827586207,1.0000000,1,1,0.49324550000000000,0.493245500000,1.01360149184955,1.01360149184955,1.01360149184955,0E-17,ELIGIBLE,R03b_20260811_FULL_v1,L1_ELIGIBILITY,v2026-08-11,2026-03-21..2026-08-06,baccarat_bet02_101_all_pairs_incl_sentinel,round_win = game_pnl > 0 (decisive only),COMPATIBILITY_ONLY_NOT_PRODUCTION,114053.6424,102846.2734,6629.8046,1763,1761,-0.05812883,-0.20377779,-0.05613377,-0.05812883,-6629.8046,114053.6424,OK,0.0000,265.1922,4.0000,96.0000,AG03-UNRESOLVED,ALL5_LEVELS_bet23_to_bet27,265.1922,265.1922,265.1922,265.1922,265.1922,4.000000,4.000000,4.000000,4.000000,4.000000,96.000000,96.000000,96.000000,96.000000,96.000000,5.0,1325.9609,1224.0429,5303.8436,5405.7616,PENDING_AG03,FALSE,NOT_FOR_ENFORCEMENT,6364.6124,98732.4225,6629.8046,6364.6124,265.1922,0.05812883,0.05580367,265.1922,6364.6124,0.05580367,265.1922,265.1922,265.1922,265.1922,265.1922,6364.6124,0.05580367,1325.9609,1224.0429,5303.8436,5405.7616,0.04650306,0.04739666,0.00232515,64.6929,58.4022,3.7648,236.7787,28.3325,4073.3444,62.8929,17.9205,67.0915,20.5198,41.0397,89.6552,137.931,195.8702,245.4342,34.2936,0.0,4.772704,5.980413,1.576351,17,91,104,3,0.01351263,0.05812883,0.20377779,0E-8,0.000000,0.901736,0.003971,-0.14764402,2026-03-22,2026-08-04,28,234,128,136,0.205882,0.267106,0.277009,0.045042,,,,,,,,GLOBAL_BASELINE_NO_ENTITY_RANKING,,,NOT_APPLICABLE_GLOBAL_BASELINE,HF9g-P5,,,,X 全窗基线 · 不参与实体赏罚,14190147,1420,A168_HF9F_20260827_0900,2026-08-27 09:00:00
2026-04-01,140221144,2174,0,241.3793103449,137.9310344828,137.9310344828,1.0000000,2,2,0.49324550000000000,0.493245500000,1.01360149184955,1.01360149184955,1.01360149184955,0E-17,ELIGIBLE,R03b_20260811_FULL_v1,L1_ELIGIBILITY,v2026-08-11,2026-03-21..2026-08-06,baccarat_bet02_101_all_pairs_incl_sentinel,round_win = game_pnl > 0 (decisive only),COMPATIBILITY_ONLY_NOT_PRODUCTION,114053.6424,102846.2734,6629.8046,1763,1761,-0.05812883,-0.20377779,-0.05613377,-0.05812883,-6629.8046,114053.6424,OK,0.0000,265.1922,4.0000,96.0000,AG03-UNRESOLVED,ALL5_LEVELS_bet23_to_bet27,265.1922,265.1922,265.1922,265.1922,265.1922,4.000000,4.000000,4.000000,4.000000,4.000000,96.000000,96.000000,96.000000,96.000000,96.000000,5.0,1325.9609,1224.0429,5303.8436,5405.7616,PENDING_AG03,FALSE,NOT_FOR_ENFORCEMENT,6364.6124,98732.4225,6629.8046,6364.6124,265.1922,0.05812883,0.05580367,265.1922,6364.6124,0.05580367,265.1922,265.1922,265.1922,265.1922,265.1922,6364.6124,0.05580367,1325.9609,1224.0429,5303.8436,5405.7616,0.04650306,0.04739666,0.00232515,64.6929,58.4022,3.7648,236.7787,28.3325,4073.3444,62.8929,17.9205,67.0915,20.5198,41.0397,89.6552,137.931,195.8702,245.4342,34.2936,0.0,4.772704,5.980413,1.576351,17,91,104,3,0.01351263,0.05812883,0.20377779,0E-8,0.000000,0.901736,0.003971,-0.14764402,2026-03-22,2026-08-04,28,234,128,136,0.205882,0.267106,0.277009,0.045042,,,,,,,,GLOBAL_BASELINE_NO_ENTITY_RANKING,,,NOT_APPLICABLE_GLOBAL_BASELINE,HF9g-P5,,,,X 全窗基线 · 不参与实体赏罚,14190148,1420,A168_HF9F_20260827_0900,2026-08-27 09:00:00
2026-04-01,140221144,462,0,1586.2068965521,-97.2413793105,-97.2413793105,0.5000000,22,22,0.50177608181818182,0.501776081818,-0.01666122941638755,-0.016661229414681893,-0.01666122941638755,1.8182E-13,ELIGIBLE,R03b_20260811_FULL_v1,L1_ELIGIBILITY,v2026-08-11,2026-03-21..2026-08-06,baccarat_bet02_101_all_pairs_incl_sentinel,round_win = game_pnl > 0 (decisive only),COMPATIBILITY_ONLY_NOT_PRODUCTION,114053.6424,102846.2734,6629.8046,1763,1761,-0.05812883,-0.20377779,-0.05613377,-0.05812883,-6629.8046,114053.6424,OK,0.0000,265.1922,4.0000,96.0000,AG03-UNRESOLVED,ALL5_LEVELS_bet23_to_bet27,265.1922,265.1922,265.1922,265.1922,265.1922,4.000000,4.000000,4.000000,4.000000,4.000000,96.000000,96.000000,96.000000,96.000000,96.000000,5.0,1325.9609,1224.0429,5303.8436,5405.7616,PENDING_AG03,FALSE,NOT_FOR_ENFORCEMENT,6364.6124,98732.4225,6629.8046,6364.6124,265.1922,0.05812883,0.05580367,265.1922,6364.6124,0.05580367,265.1922,265.1922,265.1922,265.1922,265.1922,6364.6124,0.05580367,1325.9609,1224.0429,5303.8436,5405.7616,0.04650306,0.04739666,0.00232515,64.6929,58.4022,3.7648,236.7787,28.3325,4073.3444,62.8929,17.9205,67.0915,20.5198,41.0397,89.6552,137.931,195.8702,245.4342,34.2936,0.0,4.772704,5.980413,1.576351,17,91,104,3,0.01351263,0.05812883,0.20377779,0E-8,0.000000,0.901736,0.003971,-0.14764402,2026-03-22,2026-08-04,28,234,128,136,0.205882,0.267106,0.277009,0.045042,,,,,,,,GLOBAL_BASELINE_NO_ENTITY_RANKING,,,NOT_APPLICABLE_GLOBAL_BASELINE,HF9g-P5,,,,X 全窗基线 · 不参与实体赏罚,14190149,1420,A168_HF9F_20260827_0900,2026-08-27 09:00:00
2026-04-01,140221144,526,0,351.7241379311,-63.7931034483,-63.7931034483,0.5000000,6,6,0.49771390000000000,0.497713900000,0.011199674067230152,0.011199674067230152,0.011199674067230152,0E-17,ELIGIBLE,R03b_20260811_FULL_v1,L1_ELIGIBILITY,v2026-08-11,2026-03-21..2026-08-06,baccarat_bet02_101_all_pairs_incl_sentinel,round_win = game_pnl > 0 (decisive only),COMPATIBILITY_ONLY_NOT_PRODUCTION,114053.6424,102846.2734,6629.8046,1763,1761,-0.05812883,-0.20377779,-0.05613377,-0.05812883,-6629.8046,114053.6424,OK,0.0000,265.1922,4.0000,96.0000,AG03-UNRESOLVED,ALL5_LEVELS_bet23_to_bet27,265.1922,265.1922,265.1922,265.1922,265.1922,4.000000,4.000000,4.000000,4.000000,4.000000,96.000000,96.000000,96.000000,96.000000,96.000000,5.0,1325.9609,1224.0429,5303.8436,5405.7616,PENDING_AG03,FALSE,NOT_FOR_ENFORCEMENT,6364.6124,98732.4225,6629.8046,6364.6124,265.1922,0.05812883,0.05580367,265.1922,6364.6124,0.05580367,265.1922,265.1922,265.1922,265.1922,265.1922,6364.6124,0.05580367,1325.9609,1224.0429,5303.8436,5405.7616,0.04650306,0.04739666,0.00232515,64.6929,58.4022,3.7648,236.7787,28.3325,4073.3444,62.8929,17.9205,67.0915,20.5198,41.0397,89.6552,137.931,195.8702,245.4342,34.2936,0.0,4.772704,5.980413,1.576351,17,91,104,3,0.01351263,0.05812883,0.20377779,0E-8,0.000000,0.901736,0.003971,-0.14764402,2026-03-22,2026-08-04,28,234,128,136,0.205882,0.267106,0.277009,0.045042,,,,,,,,GLOBAL_BASELINE_NO_ENTITY_RANKING,,,NOT_APPLICABLE_GLOBAL_BASELINE,HF9g-P5,,,,X 全窗基线 · 不参与实体赏罚,14190150,1420,A168_HF9F_20260827_0900,2026-08-27 09:00:00
2026-04-01,140221144,595,0,206.8965517242,-3.4482758621,-3.4482758621,0.5000000,3,3,0.50218230000000000,0.502182300000,-0.00617253530718887,-0.00617253530718887,-0.00617253530718887,0E-17,ELIGIBLE,R03b_20260811_FULL_v1,L1_ELIGIBILITY,v2026-08-11,2026-03-21..2026-08-06,baccarat_bet02_101_all_pairs_incl_sentinel,round_win = game_pnl > 0 (decisive only),COMPATIBILITY_ONLY_NOT_PRODUCTION,114053.6424,102846.2734,6629.8046,1763,1761,-0.05812883,-0.20377779,-0.05613377,-0.05812883,-6629.8046,114053.6424,OK,0.0000,265.1922,4.0000,96.0000,AG03-UNRESOLVED,ALL5_LEVELS_bet23_to_bet27,265.1922,265.1922,265.1922,265.1922,265.1922,4.000000,4.000000,4.000000,4.000000,4.000000,96.000000,96.000000,96.000000,96.000000,96.000000,5.0,1325.9609,1224.0429,5303.8436,5405.7616,PENDING_AG03,FALSE,NOT_FOR_ENFORCEMENT,6364.6124,98732.4225,6629.8046,6364.6124,265.1922,0.05812883,0.05580367,265.1922,6364.6124,0.05580367,265.1922,265.1922,265.1922,265.1922,265.1922,6364.6124,0.05580367,1325.9609,1224.0429,5303.8436,5405.7616,0.04650306,0.04739666,0.00232515,64.6929,58.4022,3.7648,236.7787,28.3325,4073.3444,62.8929,17.9205,67.0915,20.5198,41.0397,89.6552,137.931,195.8702,245.4342,34.2936,0.0,4.772704,5.980413,1.576351,17,91,104,3,0.01351263,0.05812883,0.20377779,0E-8,0.000000,0.901736,0.003971,-0.14764402,2026-03-22,2026-08-04,28,234,128,136,0.205882,0.267106,0.277009,0.045042,,,,,,,,GLOBAL_BASELINE_NO_ENTITY_RANKING,,,NOT_APPLICABLE_GLOBAL_BASELINE,HF9g-P5,,,,X 全窗基线 · 不参与实体赏罚,14190151,1420,A168_HF9F_20260827_0900,2026-08-27 09:00:00
2026-04-01,140221144,752,0,1468.9655172417,-70.0000000002,-70.0000000002,0.5714286,15,15,0.50039494000000000,0.500394940000,0.5315671893133622,0.5315671893133622,0.5315671893133622,0E-17,ELIGIBLE,R03b_20260811_FULL_v1,L1_ELIGIBILITY,v2026-08-11,2026-03-21..2026-08-06,baccarat_bet02_101_all_pairs_incl_sentinel,round_win = game_pnl > 0 (decisive only),COMPATIBILITY_ONLY_NOT_PRODUCTION,114053.6424,102846.2734,6629.8046,1763,1761,-0.05812883,-0.20377779,-0.05613377,-0.05812883,-6629.8046,114053.6424,OK,0.0000,265.1922,4.0000,96.0000,AG03-UNRESOLVED,ALL5_LEVELS_bet23_to_bet27,265.1922,265.1922,265.1922,265.1922,265.1922,4.000000,4.000000,4.000000,4.000000,4.000000,96.000000,96.000000,96.000000,96.000000,96.000000,5.0,1325.9609,1224.0429,5303.8436,5405.7616,PENDING_AG03,FALSE,NOT_FOR_ENFORCEMENT,6364.6124,98732.4225,6629.8046,6364.6124,265.1922,0.05812883,0.05580367,265.1922,6364.6124,0.05580367,265.1922,265.1922,265.1922,265.1922,265.1922,6364.6124,0.05580367,1325.9609,1224.0429,5303.8436,5405.7616,0.04650306,0.04739666,0.00232515,64.6929,58.4022,3.7648,236.7787,28.3325,4073.3444,62.8929,17.9205,67.0915,20.5198,41.0397,89.6552,137.931,195.8702,245.4342,34.2936,0.0,4.772704,5.980413,1.576351,17,91,104,3,0.01351263,0.05812883,0.20377779,0E-8,0.000000,0.901736,0.003971,-0.14764402,2026-03-22,2026-08-04,28,234,128,136,0.205882,0.267106,0.277009,0.045042,,,,,,,,GLOBAL_BASELINE_NO_ENTITY_RANKING,,,NOT_APPLICABLE_GLOBAL_BASELINE,HF9g-P5,,,,X 全窗基线 · 不参与实体赏罚,14190152,1420,A168_HF9F_20260827_0900,2026-08-27 09:00:00
2026-04-01,140221144,948,0,365.5172413794,-162.0689655173,-162.0689655173,0.4000000,5,5,0.49860758000000000,0.498607580000,-0.440988213962219,-0.440988213962219,-0.440988213962219,0E-17,ELIGIBLE,R03b_20260811_FULL_v1,L1_ELIGIBILITY,v2026-08-11,2026-03-21..2026-08-06,baccarat_bet02_101_all_pairs_incl_sentinel,round_win = game_pnl > 0 (decisive only),COMPATIBILITY_ONLY_NOT_PRODUCTION,114053.6424,102846.2734,6629.8046,1763,1761,-0.05812883,-0.20377779,-0.05613377,-0.05812883,-6629.8046,114053.6424,OK,0.0000,265.1922,4.0000,96.0000,AG03-UNRESOLVED,ALL5_LEVELS_bet23_to_bet27,265.1922,265.1922,265.1922,265.1922,265.1922,4.000000,4.000000,4.000000,4.000000,4.000000,96.000000,96.000000,96.000000,96.000000,96.000000,5.0,1325.9609,1224.0429,5303.8436,5405.7616,PENDING_AG03,FALSE,NOT_FOR_ENFORCEMENT,6364.6124,98732.4225,6629.8046,6364.6124,265.1922,0.05812883,0.05580367,265.1922,6364.6124,0.05580367,265.1922,265.1922,265.1922,265.1922,265.1922,6364.6124,0.05580367,1325.9609,1224.0429,5303.8436,5405.7616,0.04650306,0.04739666,0.00232515,64.6929,58.4022,3.7648,236.7787,28.3325,4073.3444,62.8929,17.9205,67.0915,20.5198,41.0397,89.6552,137.931,195.8702,245.4342,34.2936,0.0,4.772704,5.980413,1.576351,17,91,104,3,0.01351263,0.05812883,0.20377779,0E-8,0.000000,0.901736,0.003971,-0.14764402,2026-03-22,2026-08-04,28,234,128,136,0.205882,0.267106,0.277009,0.045042,,,,,,,,GLOBAL_BASELINE_NO_ENTITY_RANKING,,,NOT_APPLICABLE_GLOBAL_BASELINE,HF9g-P5,,,,X 全窗基线 · 不参与实体赏罚,14190153,1420,A168_HF9F_20260827_0900,2026-08-27 09:00:00
2026-04-02,140221144,1702,0,310.3448275863,-104.4827586207,-104.4827586207,0.3750000,8,8,0.49492115000000000,0.494921150000,-0.6784114667483717,-0.6784114667483717,-0.6784114667483717,0E-17,ELIGIBLE,R03b_20260811_FULL_v1,L1_ELIGIBILITY,v2026-08-11,2026-03-21..2026-08-06,baccarat_bet02_101_all_pairs_incl_sentinel,round_win = game_pnl > 0 (decisive only),COMPATIBILITY_ONLY_NOT_PRODUCTION,114053.6424,102846.2734,6629.8046,1763,1761,-0.05812883,-0.20377779,-0.05613377,-0.05812883,-6629.8046,114053.6424,OK,0.0000,265.1922,4.0000,96.0000,AG03-UNRESOLVED,ALL5_LEVELS_bet23_to_bet27,265.1922,265.1922,265.1922,265.1922,265.1922,4.000000,4.000000,4.000000,4.000000,4.000000,96.000000,96.000000,96.000000,96.000000,96.000000,5.0,1325.9609,1224.0429,5303.8436,5405.7616,PENDING_AG03,FALSE,NOT_FOR_ENFORCEMENT,6364.6124,98732.4225,6629.8046,6364.6124,265.1922,0.05812883,0.05580367,265.1922,6364.6124,0.05580367,265.1922,265.1922,265.1922,265.1922,265.1922,6364.6124,0.05580367,1325.9609,1224.0429,5303.8436,5405.7616,0.04650306,0.04739666,0.00232515,64.6929,58.4022,3.7648,236.7787,28.3325,4073.3444,62.8929,17.9205,67.0915,20.5198,41.0397,89.6552,137.931,195.8702,245.4342,34.2936,0.0,4.772704,5.980413,1.576351,17,91,104,3,0.01351263,0.05812883,0.20377779,0E-8,0.000000,0.901736,0.003971,-0.14764402,2026-03-22,2026-08-04,28,234,128,136,0.205882,0.267106,0.277009,0.045042,,,,,,,,GLOBAL_BASELINE_NO_ENTITY_RANKING,,,NOT_APPLICABLE_GLOBAL_BASELINE,HF9g-P5,,,,X 全窗基线 · 不参与实体赏罚,14190154,1420,A168_HF9F_20260827_0900,2026-08-27 09:00:00
2026-04-02,140221144,2127,0,172.4137931032,-50.6896551723,-50.6896551723,0.3333333,11,11,0.50299473636363636,0.502994736364,-1.0179866778624505,-1.0179866778646365,-1.0179866778624505,-3.6364E-13,ELIGIBLE,R03b_20260811_FULL_v1,L1_ELIGIBILITY,v2026-08-11,2026-03-21..2026-08-06,baccarat_bet02_101_all_pairs_incl_sentinel,round_win = game_pnl > 0 (decisive only),COMPATIBILITY_ONLY_NOT_PRODUCTION,114053.6424,102846.2734,6629.8046,1763,1761,-0.05812883,-0.20377779,-0.05613377,-0.05812883,-6629.8046,114053.6424,OK,0.0000,265.1922,4.0000,96.0000,AG03-UNRESOLVED,ALL5_LEVELS_bet23_to_bet27,265.1922,265.1922,265.1922,265.1922,265.1922,4.000000,4.000000,4.000000,4.000000,4.000000,96.000000,96.000000,96.000000,96.000000,96.000000,5.0,1325.9609,1224.0429,5303.8436,5405.7616,PENDING_AG03,FALSE,NOT_FOR_ENFORCEMENT,6364.6124,98732.4225,6629.8046,6364.6124,265.1922,0.05812883,0.05580367,265.1922,6364.6124,0.05580367,265.1922,265.1922,265.1922,265.1922,265.1922,6364.6124,0.05580367,1325.9609,1224.0429,5303.8436,5405.7616,0.04650306,0.04739666,0.00232515,64.6929,58.4022,3.7648,236.7787,28.3325,4073.3444,62.8929,17.9205,67.0915,20.5198,41.0397,89.6552,137.931,195.8702,245.4342,34.2936,0.0,4.772704,5.980413,1.576351,17,91,104,3,0.01351263,0.05812883,0.20377779,0E-8,0.000000,0.901736,0.003971,-0.14764402,2026-03-22,2026-08-04,28,234,128,136,0.205882,0.267106,0.277009,0.045042,,,,,,,,GLOBAL_BASELINE_NO_ENTITY_RANKING,,,NOT_APPLICABLE_GLOBAL_BASELINE,HF9g-P5,,,,X 全窗基线 · 不参与实体赏罚,14190155,1420,A168_HF9F_20260827_0900,2026-08-27 09:00:00
2026-04-03,140221144,1353,0,1848.2758620695,-240.6896551726,-240.6896551726,0.4285714,22,22,0.49933877272727273,0.499338772727,-0.6485939898090235,-0.6485939898065244,-0.6485939898090235,2.7273E-13,ELIGIBLE,R03b_20260811_FULL_v1,L1_ELIGIBILITY,v2026-08-11,2026-03-21..2026-08-06,baccarat_bet02_101_all_pairs_incl_sentinel,round_win = game_pnl > 0 (decisive only),COMPATIBILITY_ONLY_NOT_PRODUCTION,114053.6424,102846.2734,6629.8046,1763,1761,-0.05812883,-0.20377779,-0.05613377,-0.05812883,-6629.8046,114053.6424,OK,0.0000,265.1922,4.0000,96.0000,AG03-UNRESOLVED,ALL5_LEVELS_bet23_to_bet27,265.1922,265.1922,265.1922,265.1922,265.1922,4.000000,4.000000,4.000000,4.000000,4.000000,96.000000,96.000000,96.000000,96.000000,96.000000,5.0,1325.9609,1224.0429,5303.8436,5405.7616,PENDING_AG03,FALSE,NOT_FOR_ENFORCEMENT,6364.6124,98732.4225,6629.8046,6364.6124,265.1922,0.05812883,0.05580367,265.1922,6364.6124,0.05580367,265.1922,265.1922,265.1922,265.1922,265.1922,6364.6124,0.05580367,1325.9609,1224.0429,5303.8436,5405.7616,0.04650306,0.04739666,0.00232515,64.6929,58.4022,3.7648,236.7787,28.3325,4073.3444,62.8929,17.9205,67.0915,20.5198,41.0397,89.6552,137.931,195.8702,245.4342,34.2936,0.0,4.772704,5.980413,1.576351,17,91,104,3,0.01351263,0.05812883,0.20377779,0E-8,0.000000,0.901736,0.003971,-0.14764402,2026-03-22,2026-08-04,28,234,128,136,0.205882,0.267106,0.277009,0.045042,,,,,,,,GLOBAL_BASELINE_NO_ENTITY_RANKING,,,NOT_APPLICABLE_GLOBAL_BASELINE,HF9g-P5,,,,X 全窗基线 · 不参与实体赏罚,14190156,1420,A168_HF9F_20260827_0900,2026-08-27 09:00:00
2026-04-03,140221144,1374,0,20.6896551724,-20.6896551724,-20.6896551724,0E-7,1,1,0.49324550000000000,0.493245500000,-0.9865810262130424,-0.9865810262130424,-0.9865810262130424,0E-17,ELIGIBLE,R03b_20260811_FULL_v1,L1_ELIGIBILITY,v2026-08-11,2026-03-21..2026-08-06,baccarat_bet02_101_all_pairs_incl_sentinel,round_win = game_pnl > 0 (decisive only),COMPATIBILITY_ONLY_NOT_PRODUCTION,114053.6424,102846.2734,6629.8046,1763,1761,-0.05812883,-0.20377779,-0.05613377,-0.05812883,-6629.8046,114053.6424,OK,0.0000,265.1922,4.0000,96.0000,AG03-UNRESOLVED,ALL5_LEVELS_bet23_to_bet27,265.1922,265.1922,265.1922,265.1922,265.1922,4.000000,4.000000,4.000000,4.000000,4.000000,96.000000,96.000000,96.000000,96.000000,96.000000,5.0,1325.9609,1224.0429,5303.8436,5405.7616,PENDING_AG03,FALSE,NOT_FOR_ENFORCEMENT,6364.6124,98732.4225,6629.8046,6364.6124,265.1922,0.05812883,0.05580367,265.1922,6364.6124,0.05580367,265.1922,265.1922,265.1922,265.1922,265.1922,6364.6124,0.05580367,1325.9609,1224.0429,5303.8436,5405.7616,0.04650306,0.04739666,0.00232515,64.6929,58.4022,3.7648,236.7787,28.3325,4073.3444,62.8929,17.9205,67.0915,20.5198,41.0397,89.6552,137.931,195.8702,245.4342,34.2936,0.0,4.772704,5.980413,1.576351,17,91,104,3,0.01351263,0.05812883,0.20377779,0E-8,0.000000,0.901736,0.003971,-0.14764402,2026-03-22,2026-08-04,28,234,128,136,0.205882,0.267106,0.277009,0.045042,,,,,,,,GLOBAL_BASELINE_NO_ENTITY_RANKING,,,NOT_APPLICABLE_GLOBAL_BASELINE,HF9g-P5,,,,X 全窗基线 · 不参与实体赏罚,14190157,1420,A168_HF9F_20260827_0900,2026-08-27 09:00:00
2026-04-03,140221144,1702,0,68.9655172414,0E-10,0E-10,,1,1,0.50665070000000000,0.506650700000,,,,0E-17,NO_DECISIVE_ROUND,R03b_20260811_FULL_v1,L1_ELIGIBILITY,v2026-08-11,2026-03-21..2026-08-06,baccarat_bet02_101_all_pairs_incl_sentinel,round_win = game_pnl > 0 (decisive only),COMPATIBILITY_ONLY_NOT_PRODUCTION,114053.6424,102846.2734,6629.8046,1763,1761,-0.05812883,-0.20377779,-0.05613377,-0.05812883,-6629.8046,114053.6424,OK,0.0000,265.1922,4.0000,96.0000,AG03-UNRESOLVED,ALL5_LEVELS_bet23_to_bet27,265.1922,265.1922,265.1922,265.1922,265.1922,4.000000,4.000000,4.000000,4.000000,4.000000,96.000000,96.000000,96.000000,96.000000,96.000000,5.0,1325.9609,1224.0429,5303.8436,5405.7616,PENDING_AG03,FALSE,NOT_FOR_ENFORCEMENT,6364.6124,98732.4225,6629.8046,6364.6124,265.1922,0.05812883,0.05580367,265.1922,6364.6124,0.05580367,265.1922,265.1922,265.1922,265.1922,265.1922,6364.6124,0.05580367,1325.9609,1224.0429,5303.8436,5405.7616,0.04650306,0.04739666,0.00232515,64.6929,58.4022,3.7648,236.7787,28.3325,4073.3444,62.8929,17.9205,67.0915,20.5198,41.0397,89.6552,137.931,195.8702,245.4342,34.2936,0.0,4.772704,5.980413,1.576351,17,91,104,3,0.01351263,0.05812883,0.20377779,0E-8,0.000000,0.901736,0.003971,-0.14764402,2026-03-22,2026-08-04,28,234,128,136,0.205882,0.267106,0.277009,0.045042,,,,,,,,GLOBAL_BASELINE_NO_ENTITY_RANKING,,,NOT_APPLICABLE_GLOBAL_BASELINE,HF9g-P5,,,,X 全窗基线 · 不参与实体赏罚,14190158,1420,A168_HF9F_20260827_0900,2026-08-27 09:00:00
2026-04-03,140221144,1710,0,137.9310344828,-68.9655172414,-68.9655172414,0E-7,2,2,0.49324550000000000,0.493245500000,-0.9865810262130424,-0.9865810262130424,-0.9865810262130424,0E-17,ELIGIBLE,R03b_20260811_FULL_v1,L1_ELIGIBILITY,v2026-08-11,2026-03-21..2026-08-06,baccarat_bet02_101_all_pairs_incl_sentinel,round_win = game_pnl > 0 (decisive only),COMPATIBILITY_ONLY_NOT_PRODUCTION,114053.6424,102846.2734,6629.8046,1763,1761,-0.05812883,-0.20377779,-0.05613377,-0.05812883,-6629.8046,114053.6424,OK,0.0000,265.1922,4.0000,96.0000,AG03-UNRESOLVED,ALL5_LEVELS_bet23_to_bet27,265.1922,265.1922,265.1922,265.1922,265.1922,4.000000,4.000000,4.000000,4.000000,4.000000,96.000000,96.000000,96.000000,96.000000,96.000000,5.0,1325.9609,1224.0429,5303.8436,5405.7616,PENDING_AG03,FALSE,NOT_FOR_ENFORCEMENT,6364.6124,98732.4225,6629.8046,6364.6124,265.1922,0.05812883,0.05580367,265.1922,6364.6124,0.05580367,265.1922,265.1922,265.1922,265.1922,265.1922,6364.6124,0.05580367,1325.9609,1224.0429,5303.8436,5405.7616,0.04650306,0.04739666,0.00232515,64.6929,58.4022,3.7648,236.7787,28.3325,4073.3444,62.8929,17.9205,67.0915,20.5198,41.0397,89.6552,137.931,195.8702,245.4342,34.2936,0.0,4.772704,5.980413,1.576351,17,91,104,3,0.01351263,0.05812883,0.20377779,0E-8,0.000000,0.901736,0.003971,-0.14764402,2026-03-22,2026-08-04,28,234,128,136,0.205882,0.267106,0.277009,0.045042,,,,,,,,GLOBAL_BASELINE_NO_ENTITY_RANKING,,,NOT_APPLICABLE_GLOBAL_BASELINE,HF9g-P5,,,,X 全窗基线 · 不参与实体赏罚,14190159,1420,A168_HF9F_20260827_0900,2026-08-27 09:00:00
2026-04-03,140221144,2130,0,103.4482758620,-34.4827586206,-34.4827586206,0.2500000,6,6,0.49547970000000000,0.495479700000,-0.9819589297737525,-0.9819589297737525,-0.9819589297737525,0E-17,ELIGIBLE,R03b_20260811_FULL_v1,L1_ELIGIBILITY,v2026-08-11,2026-03-21..2026-08-06,baccarat_bet02_101_all_pairs_incl_sentinel,round_win = game_pnl > 0 (decisive only),COMPATIBILITY_ONLY_NOT_PRODUCTION,114053.6424,102846.2734,6629.8046,1763,1761,-0.05812883,-0.20377779,-0.05613377,-0.05812883,-6629.8046,114053.6424,OK,0.0000,265.1922,4.0000,96.0000,AG03-UNRESOLVED,ALL5_LEVELS_bet23_to_bet27,265.1922,265.1922,265.1922,265.1922,265.1922,4.000000,4.000000,4.000000,4.000000,4.000000,96.000000,96.000000,96.000000,96.000000,96.000000,5.0,1325.9609,1224.0429,5303.8436,5405.7616,PENDING_AG03,FALSE,NOT_FOR_ENFORCEMENT,6364.6124,98732.4225,6629.8046,6364.6124,265.1922,0.05812883,0.05580367,265.1922,6364.6124,0.05580367,265.1922,265.1922,265.1922,265.1922,265.1922,6364.6124,0.05580367,1325.9609,1224.0429,5303.8436,5405.7616,0.04650306,0.04739666,0.00232515,64.6929,58.4022,3.7648,236.7787,28.3325,4073.3444,62.8929,17.9205,67.0915,20.5198,41.0397,89.6552,137.931,195.8702,245.4342,34.2936,0.0,4.772704,5.980413,1.576351,17,91,104,3,0.01351263,0.05812883,0.20377779,0E-8,0.000000,0.901736,0.003971,-0.14764402,2026-03-22,2026-08-04,28,234,128,136,0.205882,0.267106,0.277009,0.045042,,,,,,,,GLOBAL_BASELINE_NO_ENTITY_RANKING,,,NOT_APPLICABLE_GLOBAL_BASELINE,HF9g-P5,,,,X 全窗基线 · 不参与实体赏罚,14190160,1420,A168_HF9F_20260827_0900,2026-08-27 09:00:00
2026-04-03,140221144,471,0,482.7586206898,-137.9310344828,-137.9310344828,0.2500000,7,7,0.49899058571428571,0.498990585714,-0.9959643724696707,-0.995964372468529,-0.9959643724696707,2.8571E-13,ELIGIBLE,R03b_20260811_FULL_v1,L1_ELIGIBILITY,v2026-08-11,2026-03-21..2026-08-06,baccarat_bet02_101_all_pairs_incl_sentinel,round_win = game_pnl > 0 (decisive only),COMPATIBILITY_ONLY_NOT_PRODUCTION,114053.6424,102846.2734,6629.8046,1763,1761,-0.05812883,-0.20377779,-0.05613377,-0.05812883,-6629.8046,114053.6424,OK,0.0000,265.1922,4.0000,96.0000,AG03-UNRESOLVED,ALL5_LEVELS_bet23_to_bet27,265.1922,265.1922,265.1922,265.1922,265.1922,4.000000,4.000000,4.000000,4.000000,4.000000,96.000000,96.000000,96.000000,96.000000,96.000000,5.0,1325.9609,1224.0429,5303.8436,5405.7616,PENDING_AG03,FALSE,NOT_FOR_ENFORCEMENT,6364.6124,98732.4225,6629.8046,6364.6124,265.1922,0.05812883,0.05580367,265.1922,6364.6124,0.05580367,265.1922,265.1922,265.1922,265.1922,265.1922,6364.6124,0.05580367,1325.9609,1224.0429,5303.8436,5405.7616,0.04650306,0.04739666,0.00232515,64.6929,58.4022,3.7648,236.7787,28.3325,4073.3444,62.8929,17.9205,67.0915,20.5198,41.0397,89.6552,137.931,195.8702,245.4342,34.2936,0.0,4.772704,5.980413,1.576351,17,91,104,3,0.01351263,0.05812883,0.20377779,0E-8,0.000000,0.901736,0.003971,-0.14764402,2026-03-22,2026-08-04,28,234,128,136,0.205882,0.267106,0.277009,0.045042,,,,,,,,GLOBAL_BASELINE_NO_ENTITY_RANKING,,,NOT_APPLICABLE_GLOBAL_BASELINE,HF9g-P5,,,,X 全窗基线 · 不参与实体赏罚,14190161,1420,A168_HF9F_20260827_0900,2026-08-27 09:00:00
2026-04-03,140221144,987,0,524.1379310345,-141.3793103449,-141.3793103449,0.3333333,8,8,0.50162375000000000,0.501623750000,-0.8244556463391333,-0.8244556463391335,-0.8244556463391333,0E-17,ELIGIBLE,R03b_20260811_FULL_v1,L1_ELIGIBILITY,v2026-08-11,2026-03-21..2026-08-06,baccarat_bet02_101_all_pairs_incl_sentinel,round_win = game_pnl > 0 (decisive only),COMPATIBILITY_ONLY_NOT_PRODUCTION,114053.6424,102846.2734,6629.8046,1763,1761,-0.05812883,-0.20377779,-0.05613377,-0.05812883,-6629.8046,114053.6424,OK,0.0000,265.1922,4.0000,96.0000,AG03-UNRESOLVED,ALL5_LEVELS_bet23_to_bet27,265.1922,265.1922,265.1922,265.1922,265.1922,4.000000,4.000000,4.000000,4.000000,4.000000,96.000000,96.000000,96.000000,96.000000,96.000000,5.0,1325.9609,1224.0429,5303.8436,5405.7616,PENDING_AG03,FALSE,NOT_FOR_ENFORCEMENT,6364.6124,98732.4225,6629.8046,6364.6124,265.1922,0.05812883,0.05580367,265.1922,6364.6124,0.05580367,265.1922,265.1922,265.1922,265.1922,265.1922,6364.6124,0.05580367,1325.9609,1224.0429,5303.8436,5405.7616,0.04650306,0.04739666,0.00232515,64.6929,58.4022,3.7648,236.7787,28.3325,4073.3444,62.8929,17.9205,67.0915,20.5198,41.0397,89.6552,137.931,195.8702,245.4342,34.2936,0.0,4.772704,5.980413,1.576351,17,91,104,3,0.01351263,0.05812883,0.20377779,0E-8,0.000000,0.901736,0.003971,-0.14764402,2026-03-22,2026-08-04,28,234,128,136,0.205882,0.267106,0.277009,0.045042,,,,,,,,GLOBAL_BASELINE_NO_ENTITY_RANKING,,,NOT_APPLICABLE_GLOBAL_BASELINE,HF9g-P5,,,,X 全窗基线 · 不参与实体赏罚,14190162,1420,A168_HF9F_20260827_0900,2026-08-27 09:00:00
2026-04-11,140221144,1109,0,6.8965517241,6.8965517241,6.8965517241,1.0000000,1,1,0.50665070000000000,0.506650700000,0.9867858985152569,0.9867858985152569,0.9867858985152569,0E-17,ELIGIBLE,R03b_20260811_FULL_v1,L1_ELIGIBILITY,v2026-08-11,2026-03-21..2026-08-06,baccarat_bet02_101_all_pairs_incl_sentinel,round_win = game_pnl > 0 (decisive only),COMPATIBILITY_ONLY_NOT_PRODUCTION,114053.6424,102846.2734,6629.8046,1763,1761,-0.05812883,-0.20377779,-0.05613377,-0.05812883,-6629.8046,114053.6424,OK,0.0000,265.1922,4.0000,96.0000,AG03-UNRESOLVED,ALL5_LEVELS_bet23_to_bet27,265.1922,265.1922,265.1922,265.1922,265.1922,4.000000,4.000000,4.000000,4.000000,4.000000,96.000000,96.000000,96.000000,96.000000,96.000000,5.0,1325.9609,1224.0429,5303.8436,5405.7616,PENDING_AG03,FALSE,NOT_FOR_ENFORCEMENT,6364.6124,98732.4225,6629.8046,6364.6124,265.1922,0.05812883,0.05580367,265.1922,6364.6124,0.05580367,265.1922,265.1922,265.1922,265.1922,265.1922,6364.6124,0.05580367,1325.9609,1224.0429,5303.8436,5405.7616,0.04650306,0.04739666,0.00232515,64.6929,58.4022,3.7648,236.7787,28.3325,4073.3444,62.8929,17.9205,67.0915,20.5198,41.0397,89.6552,137.931,195.8702,245.4342,34.2936,0.0,4.772704,5.980413,1.576351,17,91,104,3,0.01351263,0.05812883,0.20377779,0E-8,0.000000,0.901736,0.003971,-0.14764402,2026-03-22,2026-08-04,28,234,128,136,0.205882,0.267106,0.277009,0.045042,,,,,,,,GLOBAL_BASELINE_NO_ENTITY_RANKING,,,NOT_APPLICABLE_GLOBAL_BASELINE,HF9g-P5,,,,X 全窗基线 · 不参与实体赏罚,14190163,1420,A168_HF9F_20260827_0900,2026-08-27 09:00:00
2026-04-11,140221144,2160,0,82.7586206897,-13.7931034482,-13.7931034482,0.4000000,6,6,0.49771390000000000,0.497713900000,-0.4369944132040151,-0.436994413204015,-0.4369944132040151,0E-17,ELIGIBLE,R03b_20260811_FULL_v1,L1_ELIGIBILITY,v2026-08-11,2026-03-21..2026-08-06,baccarat_bet02_101_all_pairs_incl_sentinel,round_win = game_pnl > 0 (decisive only),COMPATIBILITY_ONLY_NOT_PRODUCTION,114053.6424,102846.2734,6629.8046,1763,1761,-0.05812883,-0.20377779,-0.05613377,-0.05812883,-6629.8046,114053.6424,OK,0.0000,265.1922,4.0000,96.0000,AG03-UNRESOLVED,ALL5_LEVELS_bet23_to_bet27,265.1922,265.1922,265.1922,265.1922,265.1922,4.000000,4.000000,4.000000,4.000000,4.000000,96.000000,96.000000,96.000000,96.000000,96.000000,5.0,1325.9609,1224.0429,5303.8436,5405.7616,PENDING_AG03,FALSE,NOT_FOR_ENFORCEMENT,6364.6124,98732.4225,6629.8046,6364.6124,265.1922,0.05812883,0.05580367,265.1922,6364.6124,0.05580367,265.1922,265.1922,265.1922,265.1922,265.1922,6364.6124,0.05580367,1325.9609,1224.0429,5303.8436,5405.7616,0.04650306,0.04739666,0.00232515,64.6929,58.4022,3.7648,236.7787,28.3325,4073.3444,62.8929,17.9205,67.0915,20.5198,41.0397,89.6552,137.931,195.8702,245.4342,34.2936,0.0,4.772704,5.980413,1.576351,17,91,104,3,0.01351263,0.05812883,0.20377779,0E-8,0.000000,0.901736,0.003971,-0.14764402,2026-03-22,2026-08-04,28,234,128,136,0.205882,0.267106,0.277009,0.045042,,,,,,,,GLOBAL_BASELINE_NO_ENTITY_RANKING,,,NOT_APPLICABLE_GLOBAL_BASELINE,HF9g-P5,,,,X 全窗基线 · 不参与实体赏罚,14190164,1420,A168_HF9F_20260827_0900,2026-08-27 09:00:00
2026-04-11,140221144,462,0,96.5517241378,-27.9310344828,-27.9310344828,0.4285714,7,7,0.49899058571428571,0.498990585714,-0.3726239140161595,-0.3726239140146481,-0.3726239140161595,2.8571E-13,ELIGIBLE,R03b_20260811_FULL_v1,L1_ELIGIBILITY,v2026-08-11,2026-03-21..2026-08-06,baccarat_bet02_101_all_pairs_incl_sentinel,round_win = game_pnl > 0 (decisive only),COMPATIBILITY_ONLY_NOT_PRODUCTION,114053.6424,102846.2734,6629.8046,1763,1761,-0.05812883,-0.20377779,-0.05613377,-0.05812883,-6629.8046,114053.6424,OK,0.0000,265.1922,4.0000,96.0000,AG03-UNRESOLVED,ALL5_LEVELS_bet23_to_bet27,265.1922,265.1922,265.1922,265.1922,265.1922,4.000000,4.000000,4.000000,4.000000,4.000000,96.000000,96.000000,96.000000,96.000000,96.000000,5.0,1325.9609,1224.0429,5303.8436,5405.7616,PENDING_AG03,FALSE,NOT_FOR_ENFORCEMENT,6364.6124,98732.4225,6629.8046,6364.6124,265.1922,0.05812883,0.05580367,265.1922,6364.6124,0.05580367,265.1922,265.1922,265.1922,265.1922,265.1922,6364.6124,0.05580367,1325.9609,1224.0429,5303.8436,5405.7616,0.04650306,0.04739666,0.00232515,64.6929,58.4022,3.7648,236.7787,28.3325,4073.3444,62.8929,17.9205,67.0915,20.5198,41.0397,89.6552,137.931,195.8702,245.4342,34.2936,0.0,4.772704,5.980413,1.576351,17,91,104,3,0.01351263,0.05812883,0.20377779,0E-8,0.000000,0.901736,0.003971,-0.14764402,2026-03-22,2026-08-04,28,234,128,136,0.205882,0.267106,0.277009,0.045042,,,,,,,,GLOBAL_BASELINE_NO_ENTITY_RANKING,,,NOT_APPLICABLE_GLOBAL_BASELINE,HF9g-P5,,,,X 全窗基线 · 不参与实体赏罚,14190165,1420,A168_HF9F_20260827_0900,2026-08-27 09:00:00
2026-04-11,140221144,471,0,124.1379310344,0E-10,0E-10,0.5000000,6,6,0.49994810000000000,0.499948100000,0.00020760000111838688,0.00020760000111838688,0.00020760000111838688,0E-17,ELIGIBLE,R03b_20260811_FULL_v1,L1_ELIGIBILITY,v2026-08-11,2026-03-21..2026-08-06,baccarat_bet02_101_all_pairs_incl_sentinel,round_win = game_pnl > 0 (decisive only),COMPATIBILITY_ONLY_NOT_PRODUCTION,114053.6424,102846.2734,6629.8046,1763,1761,-0.05812883,-0.20377779,-0.05613377,-0.05812883,-6629.8046,114053.6424,OK,0.0000,265.1922,4.0000,96.0000,AG03-UNRESOLVED,ALL5_LEVELS_bet23_to_bet27,265.1922,265.1922,265.1922,265.1922,265.1922,4.000000,4.000000,4.000000,4.000000,4.000000,96.000000,96.000000,96.000000,96.000000,96.000000,5.0,1325.9609,1224.0429,5303.8436,5405.7616,PENDING_AG03,FALSE,NOT_FOR_ENFORCEMENT,6364.6124,98732.4225,6629.8046,6364.6124,265.1922,0.05812883,0.05580367,265.1922,6364.6124,0.05580367,265.1922,265.1922,265.1922,265.1922,265.1922,6364.6124,0.05580367,1325.9609,1224.0429,5303.8436,5405.7616,0.04650306,0.04739666,0.00232515,64.6929,58.4022,3.7648,236.7787,28.3325,4073.3444,62.8929,17.9205,67.0915,20.5198,41.0397,89.6552,137.931,195.8702,245.4342,34.2936,0.0,4.772704,5.980413,1.576351,17,91,104,3,0.01351263,0.05812883,0.20377779,0E-8,0.000000,0.901736,0.003971,-0.14764402,2026-03-22,2026-08-04,28,234,128,136,0.205882,0.267106,0.277009,0.045042,,,,,,,,GLOBAL_BASELINE_NO_ENTITY_RANKING,,,NOT_APPLICABLE_GLOBAL_BASELINE,HF9g-P5,,,,X 全窗基线 · 不参与实体赏罚,14190166,1420,A168_HF9F_20260827_0900,2026-08-27 09:00:00
2026-04-19,140221144,1382,0,144.8275862069,-41.3793103448,-41.3793103448,0.5000000,3,3,0.49771390000000000,0.497713900000,0.006466134837551399,0.0064661348375514,0.006466134837551399,0E-17,ELIGIBLE,R03b_20260811_FULL_v1,L1_ELIGIBILITY,v2026-08-11,2026-03-21..2026-08-06,baccarat_bet02_101_all_pairs_incl_sentinel,round_win = game_pnl > 0 (decisive only),COMPATIBILITY_ONLY_NOT_PRODUCTION,114053.6424,102846.2734,6629.8046,1763,1761,-0.05812883,-0.20377779,-0.05613377,-0.05812883,-6629.8046,114053.6424,OK,0.0000,265.1922,4.0000,96.0000,AG03-UNRESOLVED,ALL5_LEVELS_bet23_to_bet27,265.1922,265.1922,265.1922,265.1922,265.1922,4.000000,4.000000,4.000000,4.000000,4.000000,96.000000,96.000000,96.000000,96.000000,96.000000,5.0,1325.9609,1224.0429,5303.8436,5405.7616,PENDING_AG03,FALSE,NOT_FOR_ENFORCEMENT,6364.6124,98732.4225,6629.8046,6364.6124,265.1922,0.05812883,0.05580367,265.1922,6364.6124,0.05580367,265.1922,265.1922,265.1922,265.1922,265.1922,6364.6124,0.05580367,1325.9609,1224.0429,5303.8436,5405.7616,0.04650306,0.04739666,0.00232515,64.6929,58.4022,3.7648,236.7787,28.3325,4073.3444,62.8929,17.9205,67.0915,20.5198,41.0397,89.6552,137.931,195.8702,245.4342,34.2936,0.0,4.772704,5.980413,1.576351,17,91,104,3,0.01351263,0.05812883,0.20377779,0E-8,0.000000,0.901736,0.003971,-0.14764402,2026-03-22,2026-08-04,28,234,128,136,0.205882,0.267106,0.277009,0.045042,,,,,,,,GLOBAL_BASELINE_NO_ENTITY_RANKING,,,NOT_APPLICABLE_GLOBAL_BASELINE,HF9g-P5,,,,X 全窗基线 · 不参与实体赏罚,14190167,1420,A168_HF9F_20260827_0900,2026-08-27 09:00:00
2026-04-19,140221144,1646,0,96.5517241379,-69.6551724137,-69.6551724137,0.2000000,5,5,0.49860758000000000,0.498607580000,-1.3354188732730328,-1.3354188732730328,-1.3354188732730328,0E-17,ELIGIBLE,R03b_20260811_FULL_v1,L1_ELIGIBILITY,v2026-08-11,2026-03-21..2026-08-06,baccarat_bet02_101_all_pairs_incl_sentinel,round_win = game_pnl > 0 (decisive only),COMPATIBILITY_ONLY_NOT_PRODUCTION,114053.6424,102846.2734,6629.8046,1763,1761,-0.05812883,-0.20377779,-0.05613377,-0.05812883,-6629.8046,114053.6424,OK,0.0000,265.1922,4.0000,96.0000,AG03-UNRESOLVED,ALL5_LEVELS_bet23_to_bet27,265.1922,265.1922,265.1922,265.1922,265.1922,4.000000,4.000000,4.000000,4.000000,4.000000,96.000000,96.000000,96.000000,96.000000,96.000000,5.0,1325.9609,1224.0429,5303.8436,5405.7616,PENDING_AG03,FALSE,NOT_FOR_ENFORCEMENT,6364.6124,98732.4225,6629.8046,6364.6124,265.1922,0.05812883,0.05580367,265.1922,6364.6124,0.05580367,265.1922,265.1922,265.1922,265.1922,265.1922,6364.6124,0.05580367,1325.9609,1224.0429,5303.8436,5405.7616,0.04650306,0.04739666,0.00232515,64.6929,58.4022,3.7648,236.7787,28.3325,4073.3444,62.8929,17.9205,67.0915,20.5198,41.0397,89.6552,137.931,195.8702,245.4342,34.2936,0.0,4.772704,5.980413,1.576351,17,91,104,3,0.01351263,0.05812883,0.20377779,0E-8,0.000000,0.901736,0.003971,-0.14764402,2026-03-22,2026-08-04,28,234,128,136,0.205882,0.267106,0.277009,0.045042,,,,,,,,GLOBAL_BASELINE_NO_ENTITY_RANKING,,,NOT_APPLICABLE_GLOBAL_BASELINE,HF9g-P5,,,,X 全窗基线 · 不参与实体赏罚,14190168,1420,A168_HF9F_20260827_0900,2026-08-27 09:00:00
2026-04-19,140221144,2108,0,103.4482758621,45.8620689655,45.8620689655,1.0000000,4,4,0.50665070000000000,0.506650700000,1.3955260008387969,1.3955260008387969,1.3955260008387969,0E-17,ELIGIBLE,R03b_20260811_FULL_v1,L1_ELIGIBILITY,v2026-08-11,2026-03-21..2026-08-06,baccarat_bet02_101_all_pairs_incl_sentinel,round_win = game_pnl > 0 (decisive only),COMPATIBILITY_ONLY_NOT_PRODUCTION,114053.6424,102846.2734,6629.8046,1763,1761,-0.05812883,-0.20377779,-0.05613377,-0.05812883,-6629.8046,114053.6424,OK,0.0000,265.1922,4.0000,96.0000,AG03-UNRESOLVED,ALL5_LEVELS_bet23_to_bet27,265.1922,265.1922,265.1922,265.1922,265.1922,4.000000,4.000000,4.000000,4.000000,4.000000,96.000000,96.000000,96.000000,96.000000,96.000000,5.0,1325.9609,1224.0429,5303.8436,5405.7616,PENDING_AG03,FALSE,NOT_FOR_ENFORCEMENT,6364.6124,98732.4225,6629.8046,6364.6124,265.1922,0.05812883,0.05580367,265.1922,6364.6124,0.05580367,265.1922,265.1922,265.1922,265.1922,265.1922,6364.6124,0.05580367,1325.9609,1224.0429,5303.8436,5405.7616,0.04650306,0.04739666,0.00232515,64.6929,58.4022,3.7648,236.7787,28.3325,4073.3444,62.8929,17.9205,67.0915,20.5198,41.0397,89.6552,137.931,195.8702,245.4342,34.2936,0.0,4.772704,5.980413,1.576351,17,91,104,3,0.01351263,0.05812883,0.20377779,0E-8,0.000000,0.901736,0.003971,-0.14764402,2026-03-22,2026-08-04,28,234,128,136,0.205882,0.267106,0.277009,0.045042,,,,,,,,GLOBAL_BASELINE_NO_ENTITY_RANKING,,,NOT_APPLICABLE_GLOBAL_BASELINE,HF9g-P5,,,,X 全窗基线 · 不参与实体赏罚,14190169,1420,A168_HF9F_20260827_0900,2026-08-27 09:00:00
2026-05-22,140221144,1115,0,54.7195622434,-47.8796169630,-47.8796169630,0E-7,4,4,0.50329940000000000,0.503299400000,-1.743518224870635,-1.743518224870635,-1.743518224870635,0E-17,ELIGIBLE,R03b_20260811_FULL_v1,L1_ELIGIBILITY,v2026-08-11,2026-03-21..2026-08-06,baccarat_bet02_101_all_pairs_incl_sentinel,round_win = game_pnl > 0 (decisive only),COMPATIBILITY_ONLY_NOT_PRODUCTION,114053.6424,102846.2734,6629.8046,1763,1761,-0.05812883,-0.20377779,-0.05613377,-0.05812883,-6629.8046,114053.6424,OK,0.0000,265.1922,4.0000,96.0000,AG03-UNRESOLVED,ALL5_LEVELS_bet23_to_bet27,265.1922,265.1922,265.1922,265.1922,265.1922,4.000000,4.000000,4.000000,4.000000,4.000000,96.000000,96.000000,96.000000,96.000000,96.000000,5.0,1325.9609,1224.0429,5303.8436,5405.7616,PENDING_AG03,FALSE,NOT_FOR_ENFORCEMENT,6364.6124,98732.4225,6629.8046,6364.6124,265.1922,0.05812883,0.05580367,265.1922,6364.6124,0.05580367,265.1922,265.1922,265.1922,265.1922,265.1922,6364.6124,0.05580367,1325.9609,1224.0429,5303.8436,5405.7616,0.04650306,0.04739666,0.00232515,64.6929,58.4022,3.7648,236.7787,28.3325,4073.3444,62.8929,17.9205,67.0915,20.5198,41.0397,89.6552,137.931,195.8702,245.4342,34.2936,0.0,4.772704,5.980413,1.576351,17,91,104,3,0.01351263,0.05812883,0.20377779,0E-8,0.000000,0.901736,0.003971,-0.14764402,2026-03-22,2026-08-04,28,234,128,136,0.205882,0.267106,0.277009,0.045042,,,,,,,,GLOBAL_BASELINE_NO_ENTITY_RANKING,,,NOT_APPLICABLE_GLOBAL_BASELINE,HF9g-P5,,,,X 全窗基线 · 不参与实体赏罚,14190170,1420,A168_HF9F_20260827_0900,2026-08-27 09:00:00
2026-05-22,140221144,2063,0,82.0793433652,-41.0396716826,-41.0396716826,0.2500000,4,4,0.40028742500000000,0.400287425000,-0.6134724835958049,-0.6134724835958049,-0.6134724835958049,0E-17,ELIGIBLE,R03b_20260811_FULL_v1,L1_ELIGIBILITY,v2026-08-11,2026-03-21..2026-08-06,baccarat_bet02_101_all_pairs_incl_sentinel,round_win = game_pnl > 0 (decisive only),COMPATIBILITY_ONLY_NOT_PRODUCTION,114053.6424,102846.2734,6629.8046,1763,1761,-0.05812883,-0.20377779,-0.05613377,-0.05812883,-6629.8046,114053.6424,OK,0.0000,265.1922,4.0000,96.0000,AG03-UNRESOLVED,ALL5_LEVELS_bet23_to_bet27,265.1922,265.1922,265.1922,265.1922,265.1922,4.000000,4.000000,4.000000,4.000000,4.000000,96.000000,96.000000,96.000000,96.000000,96.000000,5.0,1325.9609,1224.0429,5303.8436,5405.7616,PENDING_AG03,FALSE,NOT_FOR_ENFORCEMENT,6364.6124,98732.4225,6629.8046,6364.6124,265.1922,0.05812883,0.05580367,265.1922,6364.6124,0.05580367,265.1922,265.1922,265.1922,265.1922,265.1922,6364.6124,0.05580367,1325.9609,1224.0429,5303.8436,5405.7616,0.04650306,0.04739666,0.00232515,64.6929,58.4022,3.7648,236.7787,28.3325,4073.3444,62.8929,17.9205,67.0915,20.5198,41.0397,89.6552,137.931,195.8702,245.4342,34.2936,0.0,4.772704,5.980413,1.576351,17,91,104,3,0.01351263,0.05812883,0.20377779,0E-8,0.000000,0.901736,0.003971,-0.14764402,2026-03-22,2026-08-04,28,234,128,136,0.205882,0.267106,0.277009,0.045042,,,,,,,,GLOBAL_BASELINE_NO_ENTITY_RANKING,,,NOT_APPLICABLE_GLOBAL_BASELINE,HF9g-P5,,,,X 全窗基线 · 不参与实体赏罚,14190171,1420,A168_HF9F_20260827_0900,2026-08-27 09:00:00
2026-05-22,140221144,2205,0,54.7195622435,-14.7058823530,-14.7058823530,0.5000000,2,2,0.49994810000000000,0.499948100000,0.00014679536856514622,0.00014679536856514622,0.00014679536856514622,0E-17,ELIGIBLE,R03b_20260811_FULL_v1,L1_ELIGIBILITY,v2026-08-11,2026-03-21..2026-08-06,baccarat_bet02_101_all_pairs_incl_sentinel,round_win = game_pnl > 0 (decisive only),COMPATIBILITY_ONLY_NOT_PRODUCTION,114053.6424,102846.2734,6629.8046,1763,1761,-0.05812883,-0.20377779,-0.05613377,-0.05812883,-6629.8046,114053.6424,OK,0.0000,265.1922,4.0000,96.0000,AG03-UNRESOLVED,ALL5_LEVELS_bet23_to_bet27,265.1922,265.1922,265.1922,265.1922,265.1922,4.000000,4.000000,4.000000,4.000000,4.000000,96.000000,96.000000,96.000000,96.000000,96.000000,5.0,1325.9609,1224.0429,5303.8436,5405.7616,PENDING_AG03,FALSE,NOT_FOR_ENFORCEMENT,6364.6124,98732.4225,6629.8046,6364.6124,265.1922,0.05812883,0.05580367,265.1922,6364.6124,0.05580367,265.1922,265.1922,265.1922,265.1922,265.1922,6364.6124,0.05580367,1325.9609,1224.0429,5303.8436,5405.7616,0.04650306,0.04739666,0.00232515,64.6929,58.4022,3.7648,236.7787,28.3325,4073.3444,62.8929,17.9205,67.0915,20.5198,41.0397,89.6552,137.931,195.8702,245.4342,34.2936,0.0,4.772704,5.980413,1.576351,17,91,104,3,0.01351263,0.05812883,0.20377779,0E-8,0.000000,0.901736,0.003971,-0.14764402,2026-03-22,2026-08-04,28,234,128,136,0.205882,0.267106,0.277009,0.045042,,,,,,,,GLOBAL_BASELINE_NO_ENTITY_RANKING,,,NOT_APPLICABLE_GLOBAL_BASELINE,HF9g-P5,,,,X 全窗基线 · 不参与实体赏罚,14190172,1420,A168_HF9F_20260827_0900,2026-08-27 09:00:00
2026-05-25,140221144,1004,0,68.3994528044,-68.3994528044,-68.3994528044,0E-7,1,1,0.50665070000000000,0.506650700000,-1.013391052207602,-1.013391052207602,-1.013391052207602,0E-17,ELIGIBLE,R03b_20260811_FULL_v1,L1_ELIGIBILITY,v2026-08-11,2026-03-21..2026-08-06,baccarat_bet02_101_all_pairs_incl_sentinel,round_win = game_pnl > 0 (decisive only),COMPATIBILITY_ONLY_NOT_PRODUCTION,114053.6424,102846.2734,6629.8046,1763,1761,-0.05812883,-0.20377779,-0.05613377,-0.05812883,-6629.8046,114053.6424,OK,0.0000,265.1922,4.0000,96.0000,AG03-UNRESOLVED,ALL5_LEVELS_bet23_to_bet27,265.1922,265.1922,265.1922,265.1922,265.1922,4.000000,4.000000,4.000000,4.000000,4.000000,96.000000,96.000000,96.000000,96.000000,96.000000,5.0,1325.9609,1224.0429,5303.8436,5405.7616,PENDING_AG03,FALSE,NOT_FOR_ENFORCEMENT,6364.6124,98732.4225,6629.8046,6364.6124,265.1922,0.05812883,0.05580367,265.1922,6364.6124,0.05580367,265.1922,265.1922,265.1922,265.1922,265.1922,6364.6124,0.05580367,1325.9609,1224.0429,5303.8436,5405.7616,0.04650306,0.04739666,0.00232515,64.6929,58.4022,3.7648,236.7787,28.3325,4073.3444,62.8929,17.9205,67.0915,20.5198,41.0397,89.6552,137.931,195.8702,245.4342,34.2936,0.0,4.772704,5.980413,1.576351,17,91,104,3,0.01351263,0.05812883,0.20377779,0E-8,0.000000,0.901736,0.003971,-0.14764402,2026-03-22,2026-08-04,28,234,128,136,0.205882,0.267106,0.277009,0.045042,,,,,,,,GLOBAL_BASELINE_NO_ENTITY_RANKING,,,NOT_APPLICABLE_GLOBAL_BASELINE,HF9g-P5,,,,X 全窗基线 · 不参与实体赏罚,14190173,1420,A168_HF9F_20260827_0900,2026-08-27 09:00:00
2026-05-25,140221144,1017,0,102.5991792066,32.4897400821,32.4897400821,1.0000000,2,2,0.49994810000000000,0.499948100000,1.0001038053877793,1.0001038053877793,1.0001038053877793,0E-17,ELIGIBLE,R03b_20260811_FULL_v1,L1_ELIGIBILITY,v2026-08-11,2026-03-21..2026-08-06,baccarat_bet02_101_all_pairs_incl_sentinel,round_win = game_pnl > 0 (decisive only),COMPATIBILITY_ONLY_NOT_PRODUCTION,114053.6424,102846.2734,6629.8046,1763,1761,-0.05812883,-0.20377779,-0.05613377,-0.05812883,-6629.8046,114053.6424,OK,0.0000,265.1922,4.0000,96.0000,AG03-UNRESOLVED,ALL5_LEVELS_bet23_to_bet27,265.1922,265.1922,265.1922,265.1922,265.1922,4.000000,4.000000,4.000000,4.000000,4.000000,96.000000,96.000000,96.000000,96.000000,96.000000,5.0,1325.9609,1224.0429,5303.8436,5405.7616,PENDING_AG03,FALSE,NOT_FOR_ENFORCEMENT,6364.6124,98732.4225,6629.8046,6364.6124,265.1922,0.05812883,0.05580367,265.1922,6364.6124,0.05580367,265.1922,265.1922,265.1922,265.1922,265.1922,6364.6124,0.05580367,1325.9609,1224.0429,5303.8436,5405.7616,0.04650306,0.04739666,0.00232515,64.6929,58.4022,3.7648,236.7787,28.3325,4073.3444,62.8929,17.9205,67.0915,20.5198,41.0397,89.6552,137.931,195.8702,245.4342,34.2936,0.0,4.772704,5.980413,1.576351,17,91,104,3,0.01351263,0.05812883,0.20377779,0E-8,0.000000,0.901736,0.003971,-0.14764402,2026-03-22,2026-08-04,28,234,128,136,0.205882,0.267106,0.277009,0.045042,,,,,,,,GLOBAL_BASELINE_NO_ENTITY_RANKING,,,NOT_APPLICABLE_GLOBAL_BASELINE,HF9g-P5,,,,X 全窗基线 · 不参与实体赏罚,14190174,1420,A168_HF9F_20260827_0900,2026-08-27 09:00:00
2026-05-25,140221144,1109,0,341.9972640219,-58.1395348837,-58.1395348837,0.4444444,9,9,0.50218230000000000,0.502182300000,-0.34643043305270216,-0.34643043305270216,-0.34643043305270216,0E-17,ELIGIBLE,R03b_20260811_FULL_v1,L1_ELIGIBILITY,v2026-08-11,2026-03-21..2026-08-06,baccarat_bet02_101_all_pairs_incl_sentinel,round_win = game_pnl > 0 (decisive only),COMPATIBILITY_ONLY_NOT_PRODUCTION,114053.6424,102846.2734,6629.8046,1763,1761,-0.05812883,-0.20377779,-0.05613377,-0.05812883,-6629.8046,114053.6424,OK,0.0000,265.1922,4.0000,96.0000,AG03-UNRESOLVED,ALL5_LEVELS_bet23_to_bet27,265.1922,265.1922,265.1922,265.1922,265.1922,4.000000,4.000000,4.000000,4.000000,4.000000,96.000000,96.000000,96.000000,96.000000,96.000000,5.0,1325.9609,1224.0429,5303.8436,5405.7616,PENDING_AG03,FALSE,NOT_FOR_ENFORCEMENT,6364.6124,98732.4225,6629.8046,6364.6124,265.1922,0.05812883,0.05580367,265.1922,6364.6124,0.05580367,265.1922,265.1922,265.1922,265.1922,265.1922,6364.6124,0.05580367,1325.9609,1224.0429,5303.8436,5405.7616,0.04650306,0.04739666,0.00232515,64.6929,58.4022,3.7648,236.7787,28.3325,4073.3444,62.8929,17.9205,67.0915,20.5198,41.0397,89.6552,137.931,195.8702,245.4342,34.2936,0.0,4.772704,5.980413,1.576351,17,91,104,3,0.01351263,0.05812883,0.20377779,0E-8,0.000000,0.901736,0.003971,-0.14764402,2026-03-22,2026-08-04,28,234,128,136,0.205882,0.267106,0.277009,0.045042,,,,,,,,GLOBAL_BASELINE_NO_ENTITY_RANKING,,,NOT_APPLICABLE_GLOBAL_BASELINE,HF9g-P5,,,,X 全窗基线 · 不参与实体赏罚,14190175,1420,A168_HF9F_20260827_0900,2026-08-27 09:00:00
2026-05-25,140221144,1151,0,998.6320109440,42.0656634747,42.0656634747,0.4615385,15,15,0.50218230000000000,0.502182300000,-0.2930896788628869,-0.29308967886288695,-0.2930896788628869,0E-17,ELIGIBLE,R03b_20260811_FULL_v1,L1_ELIGIBILITY,v2026-08-11,2026-03-21..2026-08-06,baccarat_bet02_101_all_pairs_incl_sentinel,round_win = game_pnl > 0 (decisive only),COMPATIBILITY_ONLY_NOT_PRODUCTION,114053.6424,102846.2734,6629.8046,1763,1761,-0.05812883,-0.20377779,-0.05613377,-0.05812883,-6629.8046,114053.6424,OK,0.0000,265.1922,4.0000,96.0000,AG03-UNRESOLVED,ALL5_LEVELS_bet23_to_bet27,265.1922,265.1922,265.1922,265.1922,265.1922,4.000000,4.000000,4.000000,4.000000,4.000000,96.000000,96.000000,96.000000,96.000000,96.000000,5.0,1325.9609,1224.0429,5303.8436,5405.7616,PENDING_AG03,FALSE,NOT_FOR_ENFORCEMENT,6364.6124,98732.4225,6629.8046,6364.6124,265.1922,0.05812883,0.05580367,265.1922,6364.6124,0.05580367,265.1922,265.1922,265.1922,265.1922,265.1922,6364.6124,0.05580367,1325.9609,1224.0429,5303.8436,5405.7616,0.04650306,0.04739666,0.00232515,64.6929,58.4022,3.7648,236.7787,28.3325,4073.3444,62.8929,17.9205,67.0915,20.5198,41.0397,89.6552,137.931,195.8702,245.4342,34.2936,0.0,4.772704,5.980413,1.576351,17,91,104,3,0.01351263,0.05812883,0.20377779,0E-8,0.000000,0.901736,0.003971,-0.14764402,2026-03-22,2026-08-04,28,234,128,136,0.205882,0.267106,0.277009,0.045042,,,,,,,,GLOBAL_BASELINE_NO_ENTITY_RANKING,,,NOT_APPLICABLE_GLOBAL_BASELINE,HF9g-P5,,,,X 全窗基线 · 不参与实体赏罚,14190176,1420,A168_HF9F_20260827_0900,2026-08-27 09:00:00
2026-05-25,140221144,1323,0,1415.8686730509,-3.4199726401,-3.4199726401,0.5000000,15,15,0.49592654000000000,0.495926540000,0.030483995060759553,0.030483995060759553,0.030483995060759553,0E-17,ELIGIBLE,R03b_20260811_FULL_v1,L1_ELIGIBILITY,v2026-08-11,2026-03-21..2026-08-06,baccarat_bet02_101_all_pairs_incl_sentinel,round_win = game_pnl > 0 (decisive only),COMPATIBILITY_ONLY_NOT_PRODUCTION,114053.6424,102846.2734,6629.8046,1763,1761,-0.05812883,-0.20377779,-0.05613377,-0.05812883,-6629.8046,114053.6424,OK,0.0000,265.1922,4.0000,96.0000,AG03-UNRESOLVED,ALL5_LEVELS_bet23_to_bet27,265.1922,265.1922,265.1922,265.1922,265.1922,4.000000,4.000000,4.000000,4.000000,4.000000,96.000000,96.000000,96.000000,96.000000,96.000000,5.0,1325.9609,1224.0429,5303.8436,5405.7616,PENDING_AG03,FALSE,NOT_FOR_ENFORCEMENT,6364.6124,98732.4225,6629.8046,6364.6124,265.1922,0.05812883,0.05580367,265.1922,6364.6124,0.05580367,265.1922,265.1922,265.1922,265.1922,265.1922,6364.6124,0.05580367,1325.9609,1224.0429,5303.8436,5405.7616,0.04650306,0.04739666,0.00232515,64.6929,58.4022,3.7648,236.7787,28.3325,4073.3444,62.8929,17.9205,67.0915,20.5198,41.0397,89.6552,137.931,195.8702,245.4342,34.2936,0.0,4.772704,5.980413,1.576351,17,91,104,3,0.01351263,0.05812883,0.20377779,0E-8,0.000000,0.901736,0.003971,-0.14764402,2026-03-22,2026-08-04,28,234,128,136,0.205882,0.267106,0.277009,0.045042,,,,,,,,GLOBAL_BASELINE_NO_ENTITY_RANKING,,,NOT_APPLICABLE_GLOBAL_BASELINE,HF9g-P5,,,,X 全窗基线 · 不参与实体赏罚,14190177,1420,A168_HF9F_20260827_0900,2026-08-27 09:00:00
2026-05-25,140221144,1385,0,820.7934336526,-554.0355677155,-554.0355677155,0.2000000,5,5,0.50128862000000000,0.501288620000,-1.347408145195933,-1.347408145195933,-1.347408145195933,0E-17,ELIGIBLE,R03b_20260811_FULL_v1,L1_ELIGIBILITY,v2026-08-11,2026-03-21..2026-08-06,baccarat_bet02_101_all_pairs_incl_sentinel,round_win = game_pnl > 0 (decisive only),COMPATIBILITY_ONLY_NOT_PRODUCTION,114053.6424,102846.2734,6629.8046,1763,1761,-0.05812883,-0.20377779,-0.05613377,-0.05812883,-6629.8046,114053.6424,OK,0.0000,265.1922,4.0000,96.0000,AG03-UNRESOLVED,ALL5_LEVELS_bet23_to_bet27,265.1922,265.1922,265.1922,265.1922,265.1922,4.000000,4.000000,4.000000,4.000000,4.000000,96.000000,96.000000,96.000000,96.000000,96.000000,5.0,1325.9609,1224.0429,5303.8436,5405.7616,PENDING_AG03,FALSE,NOT_FOR_ENFORCEMENT,6364.6124,98732.4225,6629.8046,6364.6124,265.1922,0.05812883,0.05580367,265.1922,6364.6124,0.05580367,265.1922,265.1922,265.1922,265.1922,265.1922,6364.6124,0.05580367,1325.9609,1224.0429,5303.8436,5405.7616,0.04650306,0.04739666,0.00232515,64.6929,58.4022,3.7648,236.7787,28.3325,4073.3444,62.8929,17.9205,67.0915,20.5198,41.0397,89.6552,137.931,195.8702,245.4342,34.2936,0.0,4.772704,5.980413,1.576351,17,91,104,3,0.01351263,0.05812883,0.20377779,0E-8,0.000000,0.901736,0.003971,-0.14764402,2026-03-22,2026-08-04,28,234,128,136,0.205882,0.267106,0.277009,0.045042,,,,,,,,GLOBAL_BASELINE_NO_ENTITY_RANKING,,,NOT_APPLICABLE_GLOBAL_BASELINE,HF9g-P5,,,,X 全窗基线 · 不参与实体赏罚,14190178,1420,A168_HF9F_20260827_0900,2026-08-27 09:00:00
2026-05-25,140221144,1490,0,1217.5102599182,-208.6183310534,-208.6183310534,0.4444444,10,10,0.50396966000000000,0.503969660000,-0.35716254998887953,-0.35716254998887953,-0.35716254998887953,0E-17,ELIGIBLE,R03b_20260811_FULL_v1,L1_ELIGIBILITY,v2026-08-11,2026-03-21..2026-08-06,baccarat_bet02_101_all_pairs_incl_sentinel,round_win = game_pnl > 0 (decisive only),COMPATIBILITY_ONLY_NOT_PRODUCTION,114053.6424,102846.2734,6629.8046,1763,1761,-0.05812883,-0.20377779,-0.05613377,-0.05812883,-6629.8046,114053.6424,OK,0.0000,265.1922,4.0000,96.0000,AG03-UNRESOLVED,ALL5_LEVELS_bet23_to_bet27,265.1922,265.1922,265.1922,265.1922,265.1922,4.000000,4.000000,4.000000,4.000000,4.000000,96.000000,96.000000,96.000000,96.000000,96.000000,5.0,1325.9609,1224.0429,5303.8436,5405.7616,PENDING_AG03,FALSE,NOT_FOR_ENFORCEMENT,6364.6124,98732.4225,6629.8046,6364.6124,265.1922,0.05812883,0.05580367,265.1922,6364.6124,0.05580367,265.1922,265.1922,265.1922,265.1922,265.1922,6364.6124,0.05580367,1325.9609,1224.0429,5303.8436,5405.7616,0.04650306,0.04739666,0.00232515,64.6929,58.4022,3.7648,236.7787,28.3325,4073.3444,62.8929,17.9205,67.0915,20.5198,41.0397,89.6552,137.931,195.8702,245.4342,34.2936,0.0,4.772704,5.980413,1.576351,17,91,104,3,0.01351263,0.05812883,0.20377779,0E-8,0.000000,0.901736,0.003971,-0.14764402,2026-03-22,2026-08-04,28,234,128,136,0.205882,0.267106,0.277009,0.045042,,,,,,,,GLOBAL_BASELINE_NO_ENTITY_RANKING,,,NOT_APPLICABLE_GLOBAL_BASELINE,HF9g-P5,,,,X 全窗基线 · 不参与实体赏罚,14190179,1420,A168_HF9F_20260827_0900,2026-08-27 09:00:00
2026-05-25,140221144,1645,0,649.7948016418,-379.6169630644,-379.6169630644,0.2857143,7,7,0.49707555714285714,0.497075557143,-1.1184378527242427,-1.1184378527249965,-1.1184378527242427,-1.4286E-13,ELIGIBLE,R03b_20260811_FULL_v1,L1_ELIGIBILITY,v2026-08-11,2026-03-21..2026-08-06,baccarat_bet02_101_all_pairs_incl_sentinel,round_win = game_pnl > 0 (decisive only),COMPATIBILITY_ONLY_NOT_PRODUCTION,114053.6424,102846.2734,6629.8046,1763,1761,-0.05812883,-0.20377779,-0.05613377,-0.05812883,-6629.8046,114053.6424,OK,0.0000,265.1922,4.0000,96.0000,AG03-UNRESOLVED,ALL5_LEVELS_bet23_to_bet27,265.1922,265.1922,265.1922,265.1922,265.1922,4.000000,4.000000,4.000000,4.000000,4.000000,96.000000,96.000000,96.000000,96.000000,96.000000,5.0,1325.9609,1224.0429,5303.8436,5405.7616,PENDING_AG03,FALSE,NOT_FOR_ENFORCEMENT,6364.6124,98732.4225,6629.8046,6364.6124,265.1922,0.05812883,0.05580367,265.1922,6364.6124,0.05580367,265.1922,265.1922,265.1922,265.1922,265.1922,6364.6124,0.05580367,1325.9609,1224.0429,5303.8436,5405.7616,0.04650306,0.04739666,0.00232515,64.6929,58.4022,3.7648,236.7787,28.3325,4073.3444,62.8929,17.9205,67.0915,20.5198,41.0397,89.6552,137.931,195.8702,245.4342,34.2936,0.0,4.772704,5.980413,1.576351,17,91,104,3,0.01351263,0.05812883,0.20377779,0E-8,0.000000,0.901736,0.003971,-0.14764402,2026-03-22,2026-08-04,28,234,128,136,0.205882,0.267106,0.277009,0.045042,,,,,,,,GLOBAL_BASELINE_NO_ENTITY_RANKING,,,NOT_APPLICABLE_GLOBAL_BASELINE,HF9g-P5,,,,X 全窗基线 · 不参与实体赏罚,14190180,1420,A168_HF9F_20260827_0900,2026-08-27 09:00:00
2026-05-25,140221144,1714,0,136.7989056088,136.7989056088,136.7989056088,1.0000000,1,1,0.49324550000000000,0.493245500000,1.01360149184955,1.01360149184955,1.01360149184955,0E-17,ELIGIBLE,R03b_20260811_FULL_v1,L1_ELIGIBILITY,v2026-08-11,2026-03-21..2026-08-06,baccarat_bet02_101_all_pairs_incl_sentinel,round_win = game_pnl > 0 (decisive only),COMPATIBILITY_ONLY_NOT_PRODUCTION,114053.6424,102846.2734,6629.8046,1763,1761,-0.05812883,-0.20377779,-0.05613377,-0.05812883,-6629.8046,114053.6424,OK,0.0000,265.1922,4.0000,96.0000,AG03-UNRESOLVED,ALL5_LEVELS_bet23_to_bet27,265.1922,265.1922,265.1922,265.1922,265.1922,4.000000,4.000000,4.000000,4.000000,4.000000,96.000000,96.000000,96.000000,96.000000,96.000000,5.0,1325.9609,1224.0429,5303.8436,5405.7616,PENDING_AG03,FALSE,NOT_FOR_ENFORCEMENT,6364.6124,98732.4225,6629.8046,6364.6124,265.1922,0.05812883,0.05580367,265.1922,6364.6124,0.05580367,265.1922,265.1922,265.1922,265.1922,265.1922,6364.6124,0.05580367,1325.9609,1224.0429,5303.8436,5405.7616,0.04650306,0.04739666,0.00232515,64.6929,58.4022,3.7648,236.7787,28.3325,4073.3444,62.8929,17.9205,67.0915,20.5198,41.0397,89.6552,137.931,195.8702,245.4342,34.2936,0.0,4.772704,5.980413,1.576351,17,91,104,3,0.01351263,0.05812883,0.20377779,0E-8,0.000000,0.901736,0.003971,-0.14764402,2026-03-22,2026-08-04,28,234,128,136,0.205882,0.267106,0.277009,0.045042,,,,,,,,GLOBAL_BASELINE_NO_ENTITY_RANKING,,,NOT_APPLICABLE_GLOBAL_BASELINE,HF9g-P5,,,,X 全窗基线 · 不参与实体赏罚,14190181,1420,A168_HF9F_20260827_0900,2026-08-27 09:00:00
2026-05-25,140221144,1940,0,136.7989056088,-136.7989056088,-136.7989056088,0E-7,2,2,0.50665070000000000,0.506650700000,-1.4331513700195317,-1.4331513700195317,-1.4331513700195317,0E-17,ELIGIBLE,R03b_20260811_FULL_v1,L1_ELIGIBILITY,v2026-08-11,2026-03-21..2026-08-06,baccarat_bet02_101_all_pairs_incl_sentinel,round_win = game_pnl > 0 (decisive only),COMPATIBILITY_ONLY_NOT_PRODUCTION,114053.6424,102846.2734,6629.8046,1763,1761,-0.05812883,-0.20377779,-0.05613377,-0.05812883,-6629.8046,114053.6424,OK,0.0000,265.1922,4.0000,96.0000,AG03-UNRESOLVED,ALL5_LEVELS_bet23_to_bet27,265.1922,265.1922,265.1922,265.1922,265.1922,4.000000,4.000000,4.000000,4.000000,4.000000,96.000000,96.000000,96.000000,96.000000,96.000000,5.0,1325.9609,1224.0429,5303.8436,5405.7616,PENDING_AG03,FALSE,NOT_FOR_ENFORCEMENT,6364.6124,98732.4225,6629.8046,6364.6124,265.1922,0.05812883,0.05580367,265.1922,6364.6124,0.05580367,265.1922,265.1922,265.1922,265.1922,265.1922,6364.6124,0.05580367,1325.9609,1224.0429,5303.8436,5405.7616,0.04650306,0.04739666,0.00232515,64.6929,58.4022,3.7648,236.7787,28.3325,4073.3444,62.8929,17.9205,67.0915,20.5198,41.0397,89.6552,137.931,195.8702,245.4342,34.2936,0.0,4.772704,5.980413,1.576351,17,91,104,3,0.01351263,0.05812883,0.20377779,0E-8,0.000000,0.901736,0.003971,-0.14764402,2026-03-22,2026-08-04,28,234,128,136,0.205882,0.267106,0.277009,0.045042,,,,,,,,GLOBAL_BASELINE_NO_ENTITY_RANKING,,,NOT_APPLICABLE_GLOBAL_BASELINE,HF9g-P5,,,,X 全窗基线 · 不参与实体赏罚,14190182,1420,A168_HF9F_20260827_0900,2026-08-27 09:00:00
2026-05-25,140221144,1951,0,1238.0300957596,-178.1805745555,-178.1805745555,0.4166667,15,15,0.50218230000000000,0.502182300000,-0.5924753303744056,-0.5924753303744057,-0.5924753303744056,0E-17,ELIGIBLE,R03b_20260811_FULL_v1,L1_ELIGIBILITY,v2026-08-11,2026-03-21..2026-08-06,baccarat_bet02_101_all_pairs_incl_sentinel,round_win = game_pnl > 0 (decisive only),COMPATIBILITY_ONLY_NOT_PRODUCTION,114053.6424,102846.2734,6629.8046,1763,1761,-0.05812883,-0.20377779,-0.05613377,-0.05812883,-6629.8046,114053.6424,OK,0.0000,265.1922,4.0000,96.0000,AG03-UNRESOLVED,ALL5_LEVELS_bet23_to_bet27,265.1922,265.1922,265.1922,265.1922,265.1922,4.000000,4.000000,4.000000,4.000000,4.000000,96.000000,96.000000,96.000000,96.000000,96.000000,5.0,1325.9609,1224.0429,5303.8436,5405.7616,PENDING_AG03,FALSE,NOT_FOR_ENFORCEMENT,6364.6124,98732.4225,6629.8046,6364.6124,265.1922,0.05812883,0.05580367,265.1922,6364.6124,0.05580367,265.1922,265.1922,265.1922,265.1922,265.1922,6364.6124,0.05580367,1325.9609,1224.0429,5303.8436,5405.7616,0.04650306,0.04739666,0.00232515,64.6929,58.4022,3.7648,236.7787,28.3325,4073.3444,62.8929,17.9205,67.0915,20.5198,41.0397,89.6552,137.931,195.8702,245.4342,34.2936,0.0,4.772704,5.980413,1.576351,17,91,104,3,0.01351263,0.05812883,0.20377779,0E-8,0.000000,0.901736,0.003971,-0.14764402,2026-03-22,2026-08-04,28,234,128,136,0.205882,0.267106,0.277009,0.045042,,,,,,,,GLOBAL_BASELINE_NO_ENTITY_RANKING,,,NOT_APPLICABLE_GLOBAL_BASELINE,HF9g-P5,,,,X 全窗基线 · 不参与实体赏罚,14190183,1420,A168_HF9F_20260827_0900,2026-08-27 09:00:00
2026-05-25,140221144,1985,0,745.5540355679,49.9316005471,49.9316005471,0.6000000,6,6,0.49771390000000000,0.497713900000,0.4574421269484404,0.45744212694844033,0.4574421269484404,0E-17,ELIGIBLE,R03b_20260811_FULL_v1,L1_ELIGIBILITY,v2026-08-11,2026-03-21..2026-08-06,baccarat_bet02_101_all_pairs_incl_sentinel,round_win = game_pnl > 0 (decisive only),COMPATIBILITY_ONLY_NOT_PRODUCTION,114053.6424,102846.2734,6629.8046,1763,1761,-0.05812883,-0.20377779,-0.05613377,-0.05812883,-6629.8046,114053.6424,OK,0.0000,265.1922,4.0000,96.0000,AG03-UNRESOLVED,ALL5_LEVELS_bet23_to_bet27,265.1922,265.1922,265.1922,265.1922,265.1922,4.000000,4.000000,4.000000,4.000000,4.000000,96.000000,96.000000,96.000000,96.000000,96.000000,5.0,1325.9609,1224.0429,5303.8436,5405.7616,PENDING_AG03,FALSE,NOT_FOR_ENFORCEMENT,6364.6124,98732.4225,6629.8046,6364.6124,265.1922,0.05812883,0.05580367,265.1922,6364.6124,0.05580367,265.1922,265.1922,265.1922,265.1922,265.1922,6364.6124,0.05580367,1325.9609,1224.0429,5303.8436,5405.7616,0.04650306,0.04739666,0.00232515,64.6929,58.4022,3.7648,236.7787,28.3325,4073.3444,62.8929,17.9205,67.0915,20.5198,41.0397,89.6552,137.931,195.8702,245.4342,34.2936,0.0,4.772704,5.980413,1.576351,17,91,104,3,0.01351263,0.05812883,0.20377779,0E-8,0.000000,0.901736,0.003971,-0.14764402,2026-03-22,2026-08-04,28,234,128,136,0.205882,0.267106,0.277009,0.045042,,,,,,,,GLOBAL_BASELINE_NO_ENTITY_RANKING,,,NOT_APPLICABLE_GLOBAL_BASELINE,HF9g-P5,,,,X 全窗基线 · 不参与实体赏罚,14190184,1420,A168_HF9F_20260827_0900,2026-08-27 09:00:00
2026-05-25,140221144,1990,0,957.5923392616,191.5184678523,191.5184678523,0.5833333,13,13,0.49737017692307692,0.497370176923,0.5955784559879647,0.595578455988498,0.5955784559879647,7.692E-14,ELIGIBLE,R03b_20260811_FULL_v1,L1_ELIGIBILITY,v2026-08-11,2026-03-21..2026-08-06,baccarat_bet02_101_all_pairs_incl_sentinel,round_win = game_pnl > 0 (decisive only),COMPATIBILITY_ONLY_NOT_PRODUCTION,114053.6424,102846.2734,6629.8046,1763,1761,-0.05812883,-0.20377779,-0.05613377,-0.05812883,-6629.8046,114053.6424,OK,0.0000,265.1922,4.0000,96.0000,AG03-UNRESOLVED,ALL5_LEVELS_bet23_to_bet27,265.1922,265.1922,265.1922,265.1922,265.1922,4.000000,4.000000,4.000000,4.000000,4.000000,96.000000,96.000000,96.000000,96.000000,96.000000,5.0,1325.9609,1224.0429,5303.8436,5405.7616,PENDING_AG03,FALSE,NOT_FOR_ENFORCEMENT,6364.6124,98732.4225,6629.8046,6364.6124,265.1922,0.05812883,0.05580367,265.1922,6364.6124,0.05580367,265.1922,265.1922,265.1922,265.1922,265.1922,6364.6124,0.05580367,1325.9609,1224.0429,5303.8436,5405.7616,0.04650306,0.04739666,0.00232515,64.6929,58.4022,3.7648,236.7787,28.3325,4073.3444,62.8929,17.9205,67.0915,20.5198,41.0397,89.6552,137.931,195.8702,245.4342,34.2936,0.0,4.772704,5.980413,1.576351,17,91,104,3,0.01351263,0.05812883,0.20377779,0E-8,0.000000,0.901736,0.003971,-0.14764402,2026-03-22,2026-08-04,28,234,128,136,0.205882,0.267106,0.277009,0.045042,,,,,,,,GLOBAL_BASELINE_NO_ENTITY_RANKING,,,NOT_APPLICABLE_GLOBAL_BASELINE,HF9g-P5,,,,X 全窗基线 · 不参与实体赏罚,14190185,1420,A168_HF9F_20260827_0900,2026-08-27 09:00:00
2026-05-25,140221144,2103,0,136.7989056088,0E-10,0E-10,0.5000000,2,2,0.49324550000000000,0.493245500000,0.01910635448239258,0.01910635448239258,0.01910635448239258,0E-17,ELIGIBLE,R03b_20260811_FULL_v1,L1_ELIGIBILITY,v2026-08-11,2026-03-21..2026-08-06,baccarat_bet02_101_all_pairs_incl_sentinel,round_win = game_pnl > 0 (decisive only),COMPATIBILITY_ONLY_NOT_PRODUCTION,114053.6424,102846.2734,6629.8046,1763,1761,-0.05812883,-0.20377779,-0.05613377,-0.05812883,-6629.8046,114053.6424,OK,0.0000,265.1922,4.0000,96.0000,AG03-UNRESOLVED,ALL5_LEVELS_bet23_to_bet27,265.1922,265.1922,265.1922,265.1922,265.1922,4.000000,4.000000,4.000000,4.000000,4.000000,96.000000,96.000000,96.000000,96.000000,96.000000,5.0,1325.9609,1224.0429,5303.8436,5405.7616,PENDING_AG03,FALSE,NOT_FOR_ENFORCEMENT,6364.6124,98732.4225,6629.8046,6364.6124,265.1922,0.05812883,0.05580367,265.1922,6364.6124,0.05580367,265.1922,265.1922,265.1922,265.1922,265.1922,6364.6124,0.05580367,1325.9609,1224.0429,5303.8436,5405.7616,0.04650306,0.04739666,0.00232515,64.6929,58.4022,3.7648,236.7787,28.3325,4073.3444,62.8929,17.9205,67.0915,20.5198,41.0397,89.6552,137.931,195.8702,245.4342,34.2936,0.0,4.772704,5.980413,1.576351,17,91,104,3,0.01351263,0.05812883,0.20377779,0E-8,0.000000,0.901736,0.003971,-0.14764402,2026-03-22,2026-08-04,28,234,128,136,0.205882,0.267106,0.277009,0.045042,,,,,,,,GLOBAL_BASELINE_NO_ENTITY_RANKING,,,NOT_APPLICABLE_GLOBAL_BASELINE,HF9g-P5,,,,X 全窗基线 · 不参与实体赏罚,14190186,1420,A168_HF9F_20260827_0900,2026-08-27 09:00:00
2026-05-25,140221144,2153,0,567.7154582764,-229.1381668946,-229.1381668946,0.3333333,6,6,0.50441650000000000,0.504416500000,-0.838165622096103,-0.838165622096103,-0.838165622096103,0E-17,ELIGIBLE,R03b_20260811_FULL_v1,L1_ELIGIBILITY,v2026-08-11,2026-03-21..2026-08-06,baccarat_bet02_101_all_pairs_incl_sentinel,round_win = game_pnl > 0 (decisive only),COMPATIBILITY_ONLY_NOT_PRODUCTION,114053.6424,102846.2734,6629.8046,1763,1761,-0.05812883,-0.20377779,-0.05613377,-0.05812883,-6629.8046,114053.6424,OK,0.0000,265.1922,4.0000,96.0000,AG03-UNRESOLVED,ALL5_LEVELS_bet23_to_bet27,265.1922,265.1922,265.1922,265.1922,265.1922,4.000000,4.000000,4.000000,4.000000,4.000000,96.000000,96.000000,96.000000,96.000000,96.000000,5.0,1325.9609,1224.0429,5303.8436,5405.7616,PENDING_AG03,FALSE,NOT_FOR_ENFORCEMENT,6364.6124,98732.4225,6629.8046,6364.6124,265.1922,0.05812883,0.05580367,265.1922,6364.6124,0.05580367,265.1922,265.1922,265.1922,265.1922,265.1922,6364.6124,0.05580367,1325.9609,1224.0429,5303.8436,5405.7616,0.04650306,0.04739666,0.00232515,64.6929,58.4022,3.7648,236.7787,28.3325,4073.3444,62.8929,17.9205,67.0915,20.5198,41.0397,89.6552,137.931,195.8702,245.4342,34.2936,0.0,4.772704,5.980413,1.576351,17,91,104,3,0.01351263,0.05812883,0.20377779,0E-8,0.000000,0.901736,0.003971,-0.14764402,2026-03-22,2026-08-04,28,234,128,136,0.205882,0.267106,0.277009,0.045042,,,,,,,,GLOBAL_BASELINE_NO_ENTITY_RANKING,,,NOT_APPLICABLE_GLOBAL_BASELINE,HF9g-P5,,,,X 全窗基线 · 不参与实体赏罚,14190187,1420,A168_HF9F_20260827_0900,2026-08-27 09:00:00
2026-05-25,140221144,2160,0,410.3967168264,403.5567715459,403.5567715459,1.0000000,3,3,0.49771390000000000,0.497713900000,1.739988277604938,1.739988277604938,1.739988277604938,0E-17,ELIGIBLE,R03b_20260811_FULL_v1,L1_ELIGIBILITY,v2026-08-11,2026-03-21..2026-08-06,baccarat_bet02_101_all_pairs_incl_sentinel,round_win = game_pnl > 0 (decisive only),COMPATIBILITY_ONLY_NOT_PRODUCTION,114053.6424,102846.2734,6629.8046,1763,1761,-0.05812883,-0.20377779,-0.05613377,-0.05812883,-6629.8046,114053.6424,OK,0.0000,265.1922,4.0000,96.0000,AG03-UNRESOLVED,ALL5_LEVELS_bet23_to_bet27,265.1922,265.1922,265.1922,265.1922,265.1922,4.000000,4.000000,4.000000,4.000000,4.000000,96.000000,96.000000,96.000000,96.000000,96.000000,5.0,1325.9609,1224.0429,5303.8436,5405.7616,PENDING_AG03,FALSE,NOT_FOR_ENFORCEMENT,6364.6124,98732.4225,6629.8046,6364.6124,265.1922,0.05812883,0.05580367,265.1922,6364.6124,0.05580367,265.1922,265.1922,265.1922,265.1922,265.1922,6364.6124,0.05580367,1325.9609,1224.0429,5303.8436,5405.7616,0.04650306,0.04739666,0.00232515,64.6929,58.4022,3.7648,236.7787,28.3325,4073.3444,62.8929,17.9205,67.0915,20.5198,41.0397,89.6552,137.931,195.8702,245.4342,34.2936,0.0,4.772704,5.980413,1.576351,17,91,104,3,0.01351263,0.05812883,0.20377779,0E-8,0.000000,0.901736,0.003971,-0.14764402,2026-03-22,2026-08-04,28,234,128,136,0.205882,0.267106,0.277009,0.045042,,,,,,,,GLOBAL_BASELINE_NO_ENTITY_RANKING,,,NOT_APPLICABLE_GLOBAL_BASELINE,HF9g-P5,,,,X 全窗基线 · 不参与实体赏罚,14190188,1420,A168_HF9F_20260827_0900,2026-08-27 09:00:00
2026-05-25,140221144,462,0,670.3146374831,-253.4199726403,-253.4199726403,0.3750000,8,8,0.49994810000000000,0.499948100000,-0.7068131942587571,-0.7068131942587571,-0.7068131942587571,0E-17,ELIGIBLE,R03b_20260811_FULL_v1,L1_ELIGIBILITY,v2026-08-11,2026-03-21..2026-08-06,baccarat_bet02_101_all_pairs_incl_sentinel,round_win = game_pnl > 0 (decisive only),COMPATIBILITY_ONLY_NOT_PRODUCTION,114053.6424,102846.2734,6629.8046,1763,1761,-0.05812883,-0.20377779,-0.05613377,-0.05812883,-6629.8046,114053.6424,OK,0.0000,265.1922,4.0000,96.0000,AG03-UNRESOLVED,ALL5_LEVELS_bet23_to_bet27,265.1922,265.1922,265.1922,265.1922,265.1922,4.000000,4.000000,4.000000,4.000000,4.000000,96.000000,96.000000,96.000000,96.000000,96.000000,5.0,1325.9609,1224.0429,5303.8436,5405.7616,PENDING_AG03,FALSE,NOT_FOR_ENFORCEMENT,6364.6124,98732.4225,6629.8046,6364.6124,265.1922,0.05812883,0.05580367,265.1922,6364.6124,0.05580367,265.1922,265.1922,265.1922,265.1922,265.1922,6364.6124,0.05580367,1325.9609,1224.0429,5303.8436,5405.7616,0.04650306,0.04739666,0.00232515,64.6929,58.4022,3.7648,236.7787,28.3325,4073.3444,62.8929,17.9205,67.0915,20.5198,41.0397,89.6552,137.931,195.8702,245.4342,34.2936,0.0,4.772704,5.980413,1.576351,17,91,104,3,0.01351263,0.05812883,0.20377779,0E-8,0.000000,0.901736,0.003971,-0.14764402,2026-03-22,2026-08-04,28,234,128,136,0.205882,0.267106,0.277009,0.045042,,,,,,,,GLOBAL_BASELINE_NO_ENTITY_RANKING,,,NOT_APPLICABLE_GLOBAL_BASELINE,HF9g-P5,,,,X 全窗基线 · 不参与实体赏罚,14190189,1420,A168_HF9F_20260827_0900,2026-08-27 09:00:00
2026-05-25,140221144,471,0,157.3187414501,-89.6032831738,-89.6032831738,0.3333333,4,4,0.50329940000000000,0.503299400000,-0.5887925454369916,-0.5887925454369916,-0.5887925454369916,0E-17,ELIGIBLE,R03b_20260811_FULL_v1,L1_ELIGIBILITY,v2026-08-11,2026-03-21..2026-08-06,baccarat_bet02_101_all_pairs_incl_sentinel,round_win = game_pnl > 0 (decisive only),COMPATIBILITY_ONLY_NOT_PRODUCTION,114053.6424,102846.2734,6629.8046,1763,1761,-0.05812883,-0.20377779,-0.05613377,-0.05812883,-6629.8046,114053.6424,OK,0.0000,265.1922,4.0000,96.0000,AG03-UNRESOLVED,ALL5_LEVELS_bet23_to_bet27,265.1922,265.1922,265.1922,265.1922,265.1922,4.000000,4.000000,4.000000,4.000000,4.000000,96.000000,96.000000,96.000000,96.000000,96.000000,5.0,1325.9609,1224.0429,5303.8436,5405.7616,PENDING_AG03,FALSE,NOT_FOR_ENFORCEMENT,6364.6124,98732.4225,6629.8046,6364.6124,265.1922,0.05812883,0.05580367,265.1922,6364.6124,0.05580367,265.1922,265.1922,265.1922,265.1922,265.1922,6364.6124,0.05580367,1325.9609,1224.0429,5303.8436,5405.7616,0.04650306,0.04739666,0.00232515,64.6929,58.4022,3.7648,236.7787,28.3325,4073.3444,62.8929,17.9205,67.0915,20.5198,41.0397,89.6552,137.931,195.8702,245.4342,34.2936,0.0,4.772704,5.980413,1.576351,17,91,104,3,0.01351263,0.05812883,0.20377779,0E-8,0.000000,0.901736,0.003971,-0.14764402,2026-03-22,2026-08-04,28,234,128,136,0.205882,0.267106,0.277009,0.045042,,,,,,,,GLOBAL_BASELINE_NO_ENTITY_RANKING,,,NOT_APPLICABLE_GLOBAL_BASELINE,HF9g-P5,,,,X 全窗基线 · 不参与实体赏罚,14190190,1420,A168_HF9F_20260827_0900,2026-08-27 09:00:00
2026-05-25,140221144,529,0,239.3980848154,-136.7989056088,-136.7989056088,0E-7,3,3,0.50218230000000000,0.502182300000,-1.4203995680682369,-1.4203995680682369,-1.4203995680682369,0E-17,ELIGIBLE,R03b_20260811_FULL_v1,L1_ELIGIBILITY,v2026-08-11,2026-03-21..2026-08-06,baccarat_bet02_101_all_pairs_incl_sentinel,round_win = game_pnl > 0 (decisive only),COMPATIBILITY_ONLY_NOT_PRODUCTION,114053.6424,102846.2734,6629.8046,1763,1761,-0.05812883,-0.20377779,-0.05613377,-0.05812883,-6629.8046,114053.6424,OK,0.0000,265.1922,4.0000,96.0000,AG03-UNRESOLVED,ALL5_LEVELS_bet23_to_bet27,265.1922,265.1922,265.1922,265.1922,265.1922,4.000000,4.000000,4.000000,4.000000,4.000000,96.000000,96.000000,96.000000,96.000000,96.000000,5.0,1325.9609,1224.0429,5303.8436,5405.7616,PENDING_AG03,FALSE,NOT_FOR_ENFORCEMENT,6364.6124,98732.4225,6629.8046,6364.6124,265.1922,0.05812883,0.05580367,265.1922,6364.6124,0.05580367,265.1922,265.1922,265.1922,265.1922,265.1922,6364.6124,0.05580367,1325.9609,1224.0429,5303.8436,5405.7616,0.04650306,0.04739666,0.00232515,64.6929,58.4022,3.7648,236.7787,28.3325,4073.3444,62.8929,17.9205,67.0915,20.5198,41.0397,89.6552,137.931,195.8702,245.4342,34.2936,0.0,4.772704,5.980413,1.576351,17,91,104,3,0.01351263,0.05812883,0.20377779,0E-8,0.000000,0.901736,0.003971,-0.14764402,2026-03-22,2026-08-04,28,234,128,136,0.205882,0.267106,0.277009,0.045042,,,,,,,,GLOBAL_BASELINE_NO_ENTITY_RANKING,,,NOT_APPLICABLE_GLOBAL_BASELINE,HF9g-P5,,,,X 全窗基线 · 不参与实体赏罚,14190191,1420,A168_HF9F_20260827_0900,2026-08-27 09:00:00
2026-05-25,140221144,583,0,868.6730506158,31.8057455541,31.8057455541,0.5000000,12,12,0.50106520000000000,0.501065200000,-0.0067369316153729885,-0.006736931615372989,-0.0067369316153729885,0E-17,ELIGIBLE,R03b_20260811_FULL_v1,L1_ELIGIBILITY,v2026-08-11,2026-03-21..2026-08-06,baccarat_bet02_101_all_pairs_incl_sentinel,round_win = game_pnl > 0 (decisive only),COMPATIBILITY_ONLY_NOT_PRODUCTION,114053.6424,102846.2734,6629.8046,1763,1761,-0.05812883,-0.20377779,-0.05613377,-0.05812883,-6629.8046,114053.6424,OK,0.0000,265.1922,4.0000,96.0000,AG03-UNRESOLVED,ALL5_LEVELS_bet23_to_bet27,265.1922,265.1922,265.1922,265.1922,265.1922,4.000000,4.000000,4.000000,4.000000,4.000000,96.000000,96.000000,96.000000,96.000000,96.000000,5.0,1325.9609,1224.0429,5303.8436,5405.7616,PENDING_AG03,FALSE,NOT_FOR_ENFORCEMENT,6364.6124,98732.4225,6629.8046,6364.6124,265.1922,0.05812883,0.05580367,265.1922,6364.6124,0.05580367,265.1922,265.1922,265.1922,265.1922,265.1922,6364.6124,0.05580367,1325.9609,1224.0429,5303.8436,5405.7616,0.04650306,0.04739666,0.00232515,64.6929,58.4022,3.7648,236.7787,28.3325,4073.3444,62.8929,17.9205,67.0915,20.5198,41.0397,89.6552,137.931,195.8702,245.4342,34.2936,0.0,4.772704,5.980413,1.576351,17,91,104,3,0.01351263,0.05812883,0.20377779,0E-8,0.000000,0.901736,0.003971,-0.14764402,2026-03-22,2026-08-04,28,234,128,136,0.205882,0.267106,0.277009,0.045042,,,,,,,,GLOBAL_BASELINE_NO_ENTITY_RANKING,,,NOT_APPLICABLE_GLOBAL_BASELINE,HF9g-P5,,,,X 全窗基线 · 不参与实体赏罚,14190192,1420,A168_HF9F_20260827_0900,2026-08-27 09:00:00
2026-05-25,140221144,595,0,779.7537619701,194.2544459645,194.2544459645,0.6250000,10,10,0.50128862000000000,0.501288620000,0.6998195698263086,0.6998195698263086,0.6998195698263086,0E-17,ELIGIBLE,R03b_20260811_FULL_v1,L1_ELIGIBILITY,v2026-08-11,2026-03-21..2026-08-06,baccarat_bet02_101_all_pairs_incl_sentinel,round_win = game_pnl > 0 (decisive only),COMPATIBILITY_ONLY_NOT_PRODUCTION,114053.6424,102846.2734,6629.8046,1763,1761,-0.05812883,-0.20377779,-0.05613377,-0.05812883,-6629.8046,114053.6424,OK,0.0000,265.1922,4.0000,96.0000,AG03-UNRESOLVED,ALL5_LEVELS_bet23_to_bet27,265.1922,265.1922,265.1922,265.1922,265.1922,4.000000,4.000000,4.000000,4.000000,4.000000,96.000000,96.000000,96.000000,96.000000,96.000000,5.0,1325.9609,1224.0429,5303.8436,5405.7616,PENDING_AG03,FALSE,NOT_FOR_ENFORCEMENT,6364.6124,98732.4225,6629.8046,6364.6124,265.1922,0.05812883,0.05580367,265.1922,6364.6124,0.05580367,265.1922,265.1922,265.1922,265.1922,265.1922,6364.6124,0.05580367,1325.9609,1224.0429,5303.8436,5405.7616,0.04650306,0.04739666,0.00232515,64.6929,58.4022,3.7648,236.7787,28.3325,4073.3444,62.8929,17.9205,67.0915,20.5198,41.0397,89.6552,137.931,195.8702,245.4342,34.2936,0.0,4.772704,5.980413,1.576351,17,91,104,3,0.01351263,0.05812883,0.20377779,0E-8,0.000000,0.901736,0.003971,-0.14764402,2026-03-22,2026-08-04,28,234,128,136,0.205882,0.267106,0.277009,0.045042,,,,,,,,GLOBAL_BASELINE_NO_ENTITY_RANKING,,,NOT_APPLICABLE_GLOBAL_BASELINE,HF9g-P5,,,,X 全窗基线 · 不参与实体赏罚,14190193,1420,A168_HF9F_20260827_0900,2026-08-27 09:00:00
2026-05-25,140221144,763,0,1744.1860465116,863.2010943912,863.2010943912,0.7692308,14,14,0.50186312857142857,0.501863128571,1.92802886097357,1.9280288609766543,1.92802886097357,4.2857E-13,ELIGIBLE,R03b_20260811_FULL_v1,L1_ELIGIBILITY,v2026-08-11,2026-03-21..2026-08-06,baccarat_bet02_101_all_pairs_incl_sentinel,round_win = game_pnl > 0 (decisive only),COMPATIBILITY_ONLY_NOT_PRODUCTION,114053.6424,102846.2734,6629.8046,1763,1761,-0.05812883,-0.20377779,-0.05613377,-0.05812883,-6629.8046,114053.6424,OK,0.0000,265.1922,4.0000,96.0000,AG03-UNRESOLVED,ALL5_LEVELS_bet23_to_bet27,265.1922,265.1922,265.1922,265.1922,265.1922,4.000000,4.000000,4.000000,4.000000,4.000000,96.000000,96.000000,96.000000,96.000000,96.000000,5.0,1325.9609,1224.0429,5303.8436,5405.7616,PENDING_AG03,FALSE,NOT_FOR_ENFORCEMENT,6364.6124,98732.4225,6629.8046,6364.6124,265.1922,0.05812883,0.05580367,265.1922,6364.6124,0.05580367,265.1922,265.1922,265.1922,265.1922,265.1922,6364.6124,0.05580367,1325.9609,1224.0429,5303.8436,5405.7616,0.04650306,0.04739666,0.00232515,64.6929,58.4022,3.7648,236.7787,28.3325,4073.3444,62.8929,17.9205,67.0915,20.5198,41.0397,89.6552,137.931,195.8702,245.4342,34.2936,0.0,4.772704,5.980413,1.576351,17,91,104,3,0.01351263,0.05812883,0.20377779,0E-8,0.000000,0.901736,0.003971,-0.14764402,2026-03-22,2026-08-04,28,234,128,136,0.205882,0.267106,0.277009,0.045042,,,,,,,,GLOBAL_BASELINE_NO_ENTITY_RANKING,,,NOT_APPLICABLE_GLOBAL_BASELINE,HF9g-P5,,,,X 全窗基线 · 不参与实体赏罚,14190194,1420,A168_HF9F_20260827_0900,2026-08-27 09:00:00
2026-05-25,140221144,919,0,273.5978112176,-6.8399452805,-6.8399452805,0.5000000,2,2,0.50665070000000000,0.506650700000,-0.018812684590367487,-0.018812684590367487,-0.018812684590367487,0E-17,ELIGIBLE,R03b_20260811_FULL_v1,L1_ELIGIBILITY,v2026-08-11,2026-03-21..2026-08-06,baccarat_bet02_101_all_pairs_incl_sentinel,round_win = game_pnl > 0 (decisive only),COMPATIBILITY_ONLY_NOT_PRODUCTION,114053.6424,102846.2734,6629.8046,1763,1761,-0.05812883,-0.20377779,-0.05613377,-0.05812883,-6629.8046,114053.6424,OK,0.0000,265.1922,4.0000,96.0000,AG03-UNRESOLVED,ALL5_LEVELS_bet23_to_bet27,265.1922,265.1922,265.1922,265.1922,265.1922,4.000000,4.000000,4.000000,4.000000,4.000000,96.000000,96.000000,96.000000,96.000000,96.000000,5.0,1325.9609,1224.0429,5303.8436,5405.7616,PENDING_AG03,FALSE,NOT_FOR_ENFORCEMENT,6364.6124,98732.4225,6629.8046,6364.6124,265.1922,0.05812883,0.05580367,265.1922,6364.6124,0.05580367,265.1922,265.1922,265.1922,265.1922,265.1922,6364.6124,0.05580367,1325.9609,1224.0429,5303.8436,5405.7616,0.04650306,0.04739666,0.00232515,64.6929,58.4022,3.7648,236.7787,28.3325,4073.3444,62.8929,17.9205,67.0915,20.5198,41.0397,89.6552,137.931,195.8702,245.4342,34.2936,0.0,4.772704,5.980413,1.576351,17,91,104,3,0.01351263,0.05812883,0.20377779,0E-8,0.000000,0.901736,0.003971,-0.14764402,2026-03-22,2026-08-04,28,234,128,136,0.205882,0.267106,0.277009,0.045042,,,,,,,,GLOBAL_BASELINE_NO_ENTITY_RANKING,,,NOT_APPLICABLE_GLOBAL_BASELINE,HF9g-P5,,,,X 全窗基线 · 不参与实体赏罚,14190195,1420,A168_HF9F_20260827_0900,2026-08-27 09:00:00
2026-05-25,140221144,925,0,27.3597811218,25.9917920657,25.9917920657,1.0000000,1,1,0.50665070000000000,0.506650700000,0.9867858985152569,0.9867858985152569,0.9867858985152569,0E-17,ELIGIBLE,R03b_20260811_FULL_v1,L1_ELIGIBILITY,v2026-08-11,2026-03-21..2026-08-06,baccarat_bet02_101_all_pairs_incl_sentinel,round_win = game_pnl > 0 (decisive only),COMPATIBILITY_ONLY_NOT_PRODUCTION,114053.6424,102846.2734,6629.8046,1763,1761,-0.05812883,-0.20377779,-0.05613377,-0.05812883,-6629.8046,114053.6424,OK,0.0000,265.1922,4.0000,96.0000,AG03-UNRESOLVED,ALL5_LEVELS_bet23_to_bet27,265.1922,265.1922,265.1922,265.1922,265.1922,4.000000,4.000000,4.000000,4.000000,4.000000,96.000000,96.000000,96.000000,96.000000,96.000000,5.0,1325.9609,1224.0429,5303.8436,5405.7616,PENDING_AG03,FALSE,NOT_FOR_ENFORCEMENT,6364.6124,98732.4225,6629.8046,6364.6124,265.1922,0.05812883,0.05580367,265.1922,6364.6124,0.05580367,265.1922,265.1922,265.1922,265.1922,265.1922,6364.6124,0.05580367,1325.9609,1224.0429,5303.8436,5405.7616,0.04650306,0.04739666,0.00232515,64.6929,58.4022,3.7648,236.7787,28.3325,4073.3444,62.8929,17.9205,67.0915,20.5198,41.0397,89.6552,137.931,195.8702,245.4342,34.2936,0.0,4.772704,5.980413,1.576351,17,91,104,3,0.01351263,0.05812883,0.20377779,0E-8,0.000000,0.901736,0.003971,-0.14764402,2026-03-22,2026-08-04,28,234,128,136,0.205882,0.267106,0.277009,0.045042,,,,,,,,GLOBAL_BASELINE_NO_ENTITY_RANKING,,,NOT_APPLICABLE_GLOBAL_BASELINE,HF9g-P5,,,,X 全窗基线 · 不参与实体赏罚,14190196,1420,A168_HF9F_20260827_0900,2026-08-27 09:00:00
2026-05-25,140221144,987,0,335.1573187415,-198.3584131327,-198.3584131327,0.2500000,4,4,0.49659680000000000,0.496596800000,-0.9864100490137353,-0.9864100490137354,-0.9864100490137353,0E-17,ELIGIBLE,R03b_20260811_FULL_v1,L1_ELIGIBILITY,v2026-08-11,2026-03-21..2026-08-06,baccarat_bet02_101_all_pairs_incl_sentinel,round_win = game_pnl > 0 (decisive only),COMPATIBILITY_ONLY_NOT_PRODUCTION,114053.6424,102846.2734,6629.8046,1763,1761,-0.05812883,-0.20377779,-0.05613377,-0.05812883,-6629.8046,114053.6424,OK,0.0000,265.1922,4.0000,96.0000,AG03-UNRESOLVED,ALL5_LEVELS_bet23_to_bet27,265.1922,265.1922,265.1922,265.1922,265.1922,4.000000,4.000000,4.000000,4.000000,4.000000,96.000000,96.000000,96.000000,96.000000,96.000000,5.0,1325.9609,1224.0429,5303.8436,5405.7616,PENDING_AG03,FALSE,NOT_FOR_ENFORCEMENT,6364.6124,98732.4225,6629.8046,6364.6124,265.1922,0.05812883,0.05580367,265.1922,6364.6124,0.05580367,265.1922,265.1922,265.1922,265.1922,265.1922,6364.6124,0.05580367,1325.9609,1224.0429,5303.8436,5405.7616,0.04650306,0.04739666,0.00232515,64.6929,58.4022,3.7648,236.7787,28.3325,4073.3444,62.8929,17.9205,67.0915,20.5198,41.0397,89.6552,137.931,195.8702,245.4342,34.2936,0.0,4.772704,5.980413,1.576351,17,91,104,3,0.01351263,0.05812883,0.20377779,0E-8,0.000000,0.901736,0.003971,-0.14764402,2026-03-22,2026-08-04,28,234,128,136,0.205882,0.267106,0.277009,0.045042,,,,,,,,GLOBAL_BASELINE_NO_ENTITY_RANKING,,,NOT_APPLICABLE_GLOBAL_BASELINE,HF9g-P5,,,,X 全窗基线 · 不参与实体赏罚,14190197,1420,A168_HF9F_20260827_0900,2026-08-27 09:00:00
2026-05-26,140221144,1078,0,34.1997264022,34.1997264022,34.1997264022,1.0000000,1,1,0.49324550000000000,0.493245500000,1.01360149184955,1.01360149184955,1.01360149184955,0E-17,ELIGIBLE,R03b_20260811_FULL_v1,L1_ELIGIBILITY,v2026-08-11,2026-03-21..2026-08-06,baccarat_bet02_101_all_pairs_incl_sentinel,round_win = game_pnl > 0 (decisive only),COMPATIBILITY_ONLY_NOT_PRODUCTION,114053.6424,102846.2734,6629.8046,1763,1761,-0.05812883,-0.20377779,-0.05613377,-0.05812883,-6629.8046,114053.6424,OK,0.0000,265.1922,4.0000,96.0000,AG03-UNRESOLVED,ALL5_LEVELS_bet23_to_bet27,265.1922,265.1922,265.1922,265.1922,265.1922,4.000000,4.000000,4.000000,4.000000,4.000000,96.000000,96.000000,96.000000,96.000000,96.000000,5.0,1325.9609,1224.0429,5303.8436,5405.7616,PENDING_AG03,FALSE,NOT_FOR_ENFORCEMENT,6364.6124,98732.4225,6629.8046,6364.6124,265.1922,0.05812883,0.05580367,265.1922,6364.6124,0.05580367,265.1922,265.1922,265.1922,265.1922,265.1922,6364.6124,0.05580367,1325.9609,1224.0429,5303.8436,5405.7616,0.04650306,0.04739666,0.00232515,64.6929,58.4022,3.7648,236.7787,28.3325,4073.3444,62.8929,17.9205,67.0915,20.5198,41.0397,89.6552,137.931,195.8702,245.4342,34.2936,0.0,4.772704,5.980413,1.576351,17,91,104,3,0.01351263,0.05812883,0.20377779,0E-8,0.000000,0.901736,0.003971,-0.14764402,2026-03-22,2026-08-04,28,234,128,136,0.205882,0.267106,0.277009,0.045042,,,,,,,,GLOBAL_BASELINE_NO_ENTITY_RANKING,,,NOT_APPLICABLE_GLOBAL_BASELINE,HF9g-P5,,,,X 全窗基线 · 不参与实体赏罚,14190198,1420,A168_HF9F_20260827_0900,2026-08-27 09:00:00
2026-05-26,140221144,1109,0,376.1969904242,-37.6196990424,-37.6196990424,0.5000000,5,5,0.50128862000000000,0.501288620000,-0.0051544971185412255,-0.0051544971185412255,-0.0051544971185412255,0E-17,ELIGIBLE,R03b_20260811_FULL_v1,L1_ELIGIBILITY,v2026-08-11,2026-03-21..2026-08-06,baccarat_bet02_101_all_pairs_incl_sentinel,round_win = game_pnl > 0 (decisive only),COMPATIBILITY_ONLY_NOT_PRODUCTION,114053.6424,102846.2734,6629.8046,1763,1761,-0.05812883,-0.20377779,-0.05613377,-0.05812883,-6629.8046,114053.6424,OK,0.0000,265.1922,4.0000,96.0000,AG03-UNRESOLVED,ALL5_LEVELS_bet23_to_bet27,265.1922,265.1922,265.1922,265.1922,265.1922,4.000000,4.000000,4.000000,4.000000,4.000000,96.000000,96.000000,96.000000,96.000000,96.000000,5.0,1325.9609,1224.0429,5303.8436,5405.7616,PENDING_AG03,FALSE,NOT_FOR_ENFORCEMENT,6364.6124,98732.4225,6629.8046,6364.6124,265.1922,0.05812883,0.05580367,265.1922,6364.6124,0.05580367,265.1922,265.1922,265.1922,265.1922,265.1922,6364.6124,0.05580367,1325.9609,1224.0429,5303.8436,5405.7616,0.04650306,0.04739666,0.00232515,64.6929,58.4022,3.7648,236.7787,28.3325,4073.3444,62.8929,17.9205,67.0915,20.5198,41.0397,89.6552,137.931,195.8702,245.4342,34.2936,0.0,4.772704,5.980413,1.576351,17,91,104,3,0.01351263,0.05812883,0.20377779,0E-8,0.000000,0.901736,0.003971,-0.14764402,2026-03-22,2026-08-04,28,234,128,136,0.205882,0.267106,0.277009,0.045042,,,,,,,,GLOBAL_BASELINE_NO_ENTITY_RANKING,,,NOT_APPLICABLE_GLOBAL_BASELINE,HF9g-P5,,,,X 全窗基线 · 不参与实体赏罚,14190199,1420,A168_HF9F_20260827_0900,2026-08-27 09:00:00
2026-05-26,140221144,1304,0,102.5991792066,-1.7099863201,-1.7099863201,0.5000000,3,3,0.50218230000000000,0.502182300000,-0.00617253530718887,-0.00617253530718887,-0.00617253530718887,0E-17,ELIGIBLE,R03b_20260811_FULL_v1,L1_ELIGIBILITY,v2026-08-11,2026-03-21..2026-08-06,baccarat_bet02_101_all_pairs_incl_sentinel,round_win = game_pnl > 0 (decisive only),COMPATIBILITY_ONLY_NOT_PRODUCTION,114053.6424,102846.2734,6629.8046,1763,1761,-0.05812883,-0.20377779,-0.05613377,-0.05812883,-6629.8046,114053.6424,OK,0.0000,265.1922,4.0000,96.0000,AG03-UNRESOLVED,ALL5_LEVELS_bet23_to_bet27,265.1922,265.1922,265.1922,265.1922,265.1922,4.000000,4.000000,4.000000,4.000000,4.000000,96.000000,96.000000,96.000000,96.000000,96.000000,5.0,1325.9609,1224.0429,5303.8436,5405.7616,PENDING_AG03,FALSE,NOT_FOR_ENFORCEMENT,6364.6124,98732.4225,6629.8046,6364.6124,265.1922,0.05812883,0.05580367,265.1922,6364.6124,0.05580367,265.1922,265.1922,265.1922,265.1922,265.1922,6364.6124,0.05580367,1325.9609,1224.0429,5303.8436,5405.7616,0.04650306,0.04739666,0.00232515,64.6929,58.4022,3.7648,236.7787,28.3325,4073.3444,62.8929,17.9205,67.0915,20.5198,41.0397,89.6552,137.931,195.8702,245.4342,34.2936,0.0,4.772704,5.980413,1.576351,17,91,104,3,0.01351263,0.05812883,0.20377779,0E-8,0.000000,0.901736,0.003971,-0.14764402,2026-03-22,2026-08-04,28,234,128,136,0.205882,0.267106,0.277009,0.045042,,,,,,,,GLOBAL_BASELINE_NO_ENTITY_RANKING,,,NOT_APPLICABLE_GLOBAL_BASELINE,HF9g-P5,,,,X 全窗基线 · 不参与实体赏罚,14190200,1420,A168_HF9F_20260827_0900,2026-08-27 09:00:00
2026-05-26,140221144,1485,0,68.3994528044,64.9794801642,64.9794801642,1.0000000,1,1,0.50665070000000000,0.506650700000,0.9867858985152569,0.9867858985152569,0.9867858985152569,0E-17,ELIGIBLE,R03b_20260811_FULL_v1,L1_ELIGIBILITY,v2026-08-11,2026-03-21..2026-08-06,baccarat_bet02_101_all_pairs_incl_sentinel,round_win = game_pnl > 0 (decisive only),COMPATIBILITY_ONLY_NOT_PRODUCTION,114053.6424,102846.2734,6629.8046,1763,1761,-0.05812883,-0.20377779,-0.05613377,-0.05812883,-6629.8046,114053.6424,OK,0.0000,265.1922,4.0000,96.0000,AG03-UNRESOLVED,ALL5_LEVELS_bet23_to_bet27,265.1922,265.1922,265.1922,265.1922,265.1922,4.000000,4.000000,4.000000,4.000000,4.000000,96.000000,96.000000,96.000000,96.000000,96.000000,5.0,1325.9609,1224.0429,5303.8436,5405.7616,PENDING_AG03,FALSE,NOT_FOR_ENFORCEMENT,6364.6124,98732.4225,6629.8046,6364.6124,265.1922,0.05812883,0.05580367,265.1922,6364.6124,0.05580367,265.1922,265.1922,265.1922,265.1922,265.1922,6364.6124,0.05580367,1325.9609,1224.0429,5303.8436,5405.7616,0.04650306,0.04739666,0.00232515,64.6929,58.4022,3.7648,236.7787,28.3325,4073.3444,62.8929,17.9205,67.0915,20.5198,41.0397,89.6552,137.931,195.8702,245.4342,34.2936,0.0,4.772704,5.980413,1.576351,17,91,104,3,0.01351263,0.05812883,0.20377779,0E-8,0.000000,0.901736,0.003971,-0.14764402,2026-03-22,2026-08-04,28,234,128,136,0.205882,0.267106,0.277009,0.045042,,,,,,,,GLOBAL_BASELINE_NO_ENTITY_RANKING,,,NOT_APPLICABLE_GLOBAL_BASELINE,HF9g-P5,,,,X 全窗基线 · 不参与实体赏罚,14190201,1420,A168_HF9F_20260827_0900,2026-08-27 09:00:00
2026-05-26,140221144,1645,0,34.1997264022,34.1997264022,34.1997264022,1.0000000,1,1,0.49324550000000000,0.493245500000,1.01360149184955,1.01360149184955,1.01360149184955,0E-17,ELIGIBLE,R03b_20260811_FULL_v1,L1_ELIGIBILITY,v2026-08-11,2026-03-21..2026-08-06,baccarat_bet02_101_all_pairs_incl_sentinel,round_win = game_pnl > 0 (decisive only),COMPATIBILITY_ONLY_NOT_PRODUCTION,114053.6424,102846.2734,6629.8046,1763,1761,-0.05812883,-0.20377779,-0.05613377,-0.05812883,-6629.8046,114053.6424,OK,0.0000,265.1922,4.0000,96.0000,AG03-UNRESOLVED,ALL5_LEVELS_bet23_to_bet27,265.1922,265.1922,265.1922,265.1922,265.1922,4.000000,4.000000,4.000000,4.000000,4.000000,96.000000,96.000000,96.000000,96.000000,96.000000,5.0,1325.9609,1224.0429,5303.8436,5405.7616,PENDING_AG03,FALSE,NOT_FOR_ENFORCEMENT,6364.6124,98732.4225,6629.8046,6364.6124,265.1922,0.05812883,0.05580367,265.1922,6364.6124,0.05580367,265.1922,265.1922,265.1922,265.1922,265.1922,6364.6124,0.05580367,1325.9609,1224.0429,5303.8436,5405.7616,0.04650306,0.04739666,0.00232515,64.6929,58.4022,3.7648,236.7787,28.3325,4073.3444,62.8929,17.9205,67.0915,20.5198,41.0397,89.6552,137.931,195.8702,245.4342,34.2936,0.0,4.772704,5.980413,1.576351,17,91,104,3,0.01351263,0.05812883,0.20377779,0E-8,0.000000,0.901736,0.003971,-0.14764402,2026-03-22,2026-08-04,28,234,128,136,0.205882,0.267106,0.277009,0.045042,,,,,,,,GLOBAL_BASELINE_NO_ENTITY_RANKING,,,NOT_APPLICABLE_GLOBAL_BASELINE,HF9g-P5,,,,X 全窗基线 · 不参与实体赏罚,14190202,1420,A168_HF9F_20260827_0900,2026-08-27 09:00:00
2026-05-26,140221144,1704,0,896.0328317375,303.6935704515,303.6935704515,0.7857143,16,16,0.50078592500000000,0.500785925000,2.1322112451780266,2.132211245178027,2.1322112451780266,0E-17,ELIGIBLE,R03b_20260811_FULL_v1,L1_ELIGIBILITY,v2026-08-11,2026-03-21..2026-08-06,baccarat_bet02_101_all_pairs_incl_sentinel,round_win = game_pnl > 0 (decisive only),COMPATIBILITY_ONLY_NOT_PRODUCTION,114053.6424,102846.2734,6629.8046,1763,1761,-0.05812883,-0.20377779,-0.05613377,-0.05812883,-6629.8046,114053.6424,OK,0.0000,265.1922,4.0000,96.0000,AG03-UNRESOLVED,ALL5_LEVELS_bet23_to_bet27,265.1922,265.1922,265.1922,265.1922,265.1922,4.000000,4.000000,4.000000,4.000000,4.000000,96.000000,96.000000,96.000000,96.000000,96.000000,5.0,1325.9609,1224.0429,5303.8436,5405.7616,PENDING_AG03,FALSE,NOT_FOR_ENFORCEMENT,6364.6124,98732.4225,6629.8046,6364.6124,265.1922,0.05812883,0.05580367,265.1922,6364.6124,0.05580367,265.1922,265.1922,265.1922,265.1922,265.1922,6364.6124,0.05580367,1325.9609,1224.0429,5303.8436,5405.7616,0.04650306,0.04739666,0.00232515,64.6929,58.4022,3.7648,236.7787,28.3325,4073.3444,62.8929,17.9205,67.0915,20.5198,41.0397,89.6552,137.931,195.8702,245.4342,34.2936,0.0,4.772704,5.980413,1.576351,17,91,104,3,0.01351263,0.05812883,0.20377779,0E-8,0.000000,0.901736,0.003971,-0.14764402,2026-03-22,2026-08-04,28,234,128,136,0.205882,0.267106,0.277009,0.045042,,,,,,,,GLOBAL_BASELINE_NO_ENTITY_RANKING,,,NOT_APPLICABLE_GLOBAL_BASELINE,HF9g-P5,,,,X 全窗基线 · 不参与实体赏罚,14190203,1420,A168_HF9F_20260827_0900,2026-08-27 09:00:00
2026-05-26,140221144,1985,0,745.5540355679,-170.3146374829,-170.3146374829,0.3846154,15,15,0.50039494000000000,0.500394940000,-0.8348985076302847,-0.8348985076302847,-0.8348985076302847,0E-17,ELIGIBLE,R03b_20260811_FULL_v1,L1_ELIGIBILITY,v2026-08-11,2026-03-21..2026-08-06,baccarat_bet02_101_all_pairs_incl_sentinel,round_win = game_pnl > 0 (decisive only),COMPATIBILITY_ONLY_NOT_PRODUCTION,114053.6424,102846.2734,6629.8046,1763,1761,-0.05812883,-0.20377779,-0.05613377,-0.05812883,-6629.8046,114053.6424,OK,0.0000,265.1922,4.0000,96.0000,AG03-UNRESOLVED,ALL5_LEVELS_bet23_to_bet27,265.1922,265.1922,265.1922,265.1922,265.1922,4.000000,4.000000,4.000000,4.000000,4.000000,96.000000,96.000000,96.000000,96.000000,96.000000,5.0,1325.9609,1224.0429,5303.8436,5405.7616,PENDING_AG03,FALSE,NOT_FOR_ENFORCEMENT,6364.6124,98732.4225,6629.8046,6364.6124,265.1922,0.05812883,0.05580367,265.1922,6364.6124,0.05580367,265.1922,265.1922,265.1922,265.1922,265.1922,6364.6124,0.05580367,1325.9609,1224.0429,5303.8436,5405.7616,0.04650306,0.04739666,0.00232515,64.6929,58.4022,3.7648,236.7787,28.3325,4073.3444,62.8929,17.9205,67.0915,20.5198,41.0397,89.6552,137.931,195.8702,245.4342,34.2936,0.0,4.772704,5.980413,1.576351,17,91,104,3,0.01351263,0.05812883,0.20377779,0E-8,0.000000,0.901736,0.003971,-0.14764402,2026-03-22,2026-08-04,28,234,128,136,0.205882,0.267106,0.277009,0.045042,,,,,,,,GLOBAL_BASELINE_NO_ENTITY_RANKING,,,NOT_APPLICABLE_GLOBAL_BASELINE,HF9g-P5,,,,X 全窗基线 · 不参与实体赏罚,14190204,1420,A168_HF9F_20260827_0900,2026-08-27 09:00:00
2026-05-26,140221144,2108,0,34.1997264022,0E-10,0E-10,,1,1,0.50665070000000000,0.506650700000,,,,0E-17,NO_DECISIVE_ROUND,R03b_20260811_FULL_v1,L1_ELIGIBILITY,v2026-08-11,2026-03-21..2026-08-06,baccarat_bet02_101_all_pairs_incl_sentinel,round_win = game_pnl > 0 (decisive only),COMPATIBILITY_ONLY_NOT_PRODUCTION,114053.6424,102846.2734,6629.8046,1763,1761,-0.05812883,-0.20377779,-0.05613377,-0.05812883,-6629.8046,114053.6424,OK,0.0000,265.1922,4.0000,96.0000,AG03-UNRESOLVED,ALL5_LEVELS_bet23_to_bet27,265.1922,265.1922,265.1922,265.1922,265.1922,4.000000,4.000000,4.000000,4.000000,4.000000,96.000000,96.000000,96.000000,96.000000,96.000000,5.0,1325.9609,1224.0429,5303.8436,5405.7616,PENDING_AG03,FALSE,NOT_FOR_ENFORCEMENT,6364.6124,98732.4225,6629.8046,6364.6124,265.1922,0.05812883,0.05580367,265.1922,6364.6124,0.05580367,265.1922,265.1922,265.1922,265.1922,265.1922,6364.6124,0.05580367,1325.9609,1224.0429,5303.8436,5405.7616,0.04650306,0.04739666,0.00232515,64.6929,58.4022,3.7648,236.7787,28.3325,4073.3444,62.8929,17.9205,67.0915,20.5198,41.0397,89.6552,137.931,195.8702,245.4342,34.2936,0.0,4.772704,5.980413,1.576351,17,91,104,3,0.01351263,0.05812883,0.20377779,0E-8,0.000000,0.901736,0.003971,-0.14764402,2026-03-22,2026-08-04,28,234,128,136,0.205882,0.267106,0.277009,0.045042,,,,,,,,GLOBAL_BASELINE_NO_ENTITY_RANKING,,,NOT_APPLICABLE_GLOBAL_BASELINE,HF9g-P5,,,,X 全窗基线 · 不参与实体赏罚,14190205,1420,A168_HF9F_20260827_0900,2026-08-27 09:00:00
2026-05-26,140221144,2261,0,718.1942544462,-312.9274965802,-312.9274965802,0.2857143,7,7,0.49899058571428571,0.498990585714,-1.1285544004973334,-1.1285544004958228,-1.1285544004973334,2.8571E-13,ELIGIBLE,R03b_20260811_FULL_v1,L1_ELIGIBILITY,v2026-08-11,2026-03-21..2026-08-06,baccarat_bet02_101_all_pairs_incl_sentinel,round_win = game_pnl > 0 (decisive only),COMPATIBILITY_ONLY_NOT_PRODUCTION,114053.6424,102846.2734,6629.8046,1763,1761,-0.05812883,-0.20377779,-0.05613377,-0.05812883,-6629.8046,114053.6424,OK,0.0000,265.1922,4.0000,96.0000,AG03-UNRESOLVED,ALL5_LEVELS_bet23_to_bet27,265.1922,265.1922,265.1922,265.1922,265.1922,4.000000,4.000000,4.000000,4.000000,4.000000,96.000000,96.000000,96.000000,96.000000,96.000000,5.0,1325.9609,1224.0429,5303.8436,5405.7616,PENDING_AG03,FALSE,NOT_FOR_ENFORCEMENT,6364.6124,98732.4225,6629.8046,6364.6124,265.1922,0.05812883,0.05580367,265.1922,6364.6124,0.05580367,265.1922,265.1922,265.1922,265.1922,265.1922,6364.6124,0.05580367,1325.9609,1224.0429,5303.8436,5405.7616,0.04650306,0.04739666,0.00232515,64.6929,58.4022,3.7648,236.7787,28.3325,4073.3444,62.8929,17.9205,67.0915,20.5198,41.0397,89.6552,137.931,195.8702,245.4342,34.2936,0.0,4.772704,5.980413,1.576351,17,91,104,3,0.01351263,0.05812883,0.20377779,0E-8,0.000000,0.901736,0.003971,-0.14764402,2026-03-22,2026-08-04,28,234,128,136,0.205882,0.267106,0.277009,0.045042,,,,,,,,GLOBAL_BASELINE_NO_ENTITY_RANKING,,,NOT_APPLICABLE_GLOBAL_BASELINE,HF9g-P5,,,,X 全窗基线 · 不参与实体赏罚,14190206,1420,A168_HF9F_20260827_0900,2026-08-27 09:00:00
2026-05-26,140221144,550,0,253.0779753763,111.1491108071,111.1491108071,0.6666667,3,3,0.49771390000000000,0.497713900000,0.5852756695216578,0.5852756695216578,0.5852756695216578,0E-17,ELIGIBLE,R03b_20260811_FULL_v1,L1_ELIGIBILITY,v2026-08-11,2026-03-21..2026-08-06,baccarat_bet02_101_all_pairs_incl_sentinel,round_win = game_pnl > 0 (decisive only),COMPATIBILITY_ONLY_NOT_PRODUCTION,114053.6424,102846.2734,6629.8046,1763,1761,-0.05812883,-0.20377779,-0.05613377,-0.05812883,-6629.8046,114053.6424,OK,0.0000,265.1922,4.0000,96.0000,AG03-UNRESOLVED,ALL5_LEVELS_bet23_to_bet27,265.1922,265.1922,265.1922,265.1922,265.1922,4.000000,4.000000,4.000000,4.000000,4.000000,96.000000,96.000000,96.000000,96.000000,96.000000,5.0,1325.9609,1224.0429,5303.8436,5405.7616,PENDING_AG03,FALSE,NOT_FOR_ENFORCEMENT,6364.6124,98732.4225,6629.8046,6364.6124,265.1922,0.05812883,0.05580367,265.1922,6364.6124,0.05580367,265.1922,265.1922,265.1922,265.1922,265.1922,6364.6124,0.05580367,1325.9609,1224.0429,5303.8436,5405.7616,0.04650306,0.04739666,0.00232515,64.6929,58.4022,3.7648,236.7787,28.3325,4073.3444,62.8929,17.9205,67.0915,20.5198,41.0397,89.6552,137.931,195.8702,245.4342,34.2936,0.0,4.772704,5.980413,1.576351,17,91,104,3,0.01351263,0.05812883,0.20377779,0E-8,0.000000,0.901736,0.003971,-0.14764402,2026-03-22,2026-08-04,28,234,128,136,0.205882,0.267106,0.277009,0.045042,,,,,,,,GLOBAL_BASELINE_NO_ENTITY_RANKING,,,NOT_APPLICABLE_GLOBAL_BASELINE,HF9g-P5,,,,X 全窗基线 · 不参与实体赏罚,14190207,1420,A168_HF9F_20260827_0900,2026-08-27 09:00:00
2026-05-27,140221144,1157,0,34.1997264022,-34.1997264022,-34.1997264022,0E-7,1,1,0.50665070000000000,0.506650700000,-1.013391052207602,-1.013391052207602,-1.013391052207602,0E-17,ELIGIBLE,R03b_20260811_FULL_v1,L1_ELIGIBILITY,v2026-08-11,2026-03-21..2026-08-06,baccarat_bet02_101_all_pairs_incl_sentinel,round_win = game_pnl > 0 (decisive only),COMPATIBILITY_ONLY_NOT_PRODUCTION,114053.6424,102846.2734,6629.8046,1763,1761,-0.05812883,-0.20377779,-0.05613377,-0.05812883,-6629.8046,114053.6424,OK,0.0000,265.1922,4.0000,96.0000,AG03-UNRESOLVED,ALL5_LEVELS_bet23_to_bet27,265.1922,265.1922,265.1922,265.1922,265.1922,4.000000,4.000000,4.000000,4.000000,4.000000,96.000000,96.000000,96.000000,96.000000,96.000000,5.0,1325.9609,1224.0429,5303.8436,5405.7616,PENDING_AG03,FALSE,NOT_FOR_ENFORCEMENT,6364.6124,98732.4225,6629.8046,6364.6124,265.1922,0.05812883,0.05580367,265.1922,6364.6124,0.05580367,265.1922,265.1922,265.1922,265.1922,265.1922,6364.6124,0.05580367,1325.9609,1224.0429,5303.8436,5405.7616,0.04650306,0.04739666,0.00232515,64.6929,58.4022,3.7648,236.7787,28.3325,4073.3444,62.8929,17.9205,67.0915,20.5198,41.0397,89.6552,137.931,195.8702,245.4342,34.2936,0.0,4.772704,5.980413,1.576351,17,91,104,3,0.01351263,0.05812883,0.20377779,0E-8,0.000000,0.901736,0.003971,-0.14764402,2026-03-22,2026-08-04,28,234,128,136,0.205882,0.267106,0.277009,0.045042,,,,,,,,GLOBAL_BASELINE_NO_ENTITY_RANKING,,,NOT_APPLICABLE_GLOBAL_BASELINE,HF9g-P5,,,,X 全窗基线 · 不参与实体赏罚,14190208,1420,A168_HF9F_20260827_0900,2026-08-27 09:00:00
2026-05-27,140221144,1304,0,348.8372093023,-133.7209302325,-133.7209302325,0.3000000,10,10,0.50262914000000000,0.502629140000,-1.2815569227742838,-1.2815569227742838,-1.2815569227742838,0E-17,ELIGIBLE,R03b_20260811_FULL_v1,L1_ELIGIBILITY,v2026-08-11,2026-03-21..2026-08-06,baccarat_bet02_101_all_pairs_incl_sentinel,round_win = game_pnl > 0 (decisive only),COMPATIBILITY_ONLY_NOT_PRODUCTION,114053.6424,102846.2734,6629.8046,1763,1761,-0.05812883,-0.20377779,-0.05613377,-0.05812883,-6629.8046,114053.6424,OK,0.0000,265.1922,4.0000,96.0000,AG03-UNRESOLVED,ALL5_LEVELS_bet23_to_bet27,265.1922,265.1922,265.1922,265.1922,265.1922,4.000000,4.000000,4.000000,4.000000,4.000000,96.000000,96.000000,96.000000,96.000000,96.000000,5.0,1325.9609,1224.0429,5303.8436,5405.7616,PENDING_AG03,FALSE,NOT_FOR_ENFORCEMENT,6364.6124,98732.4225,6629.8046,6364.6124,265.1922,0.05812883,0.05580367,265.1922,6364.6124,0.05580367,265.1922,265.1922,265.1922,265.1922,265.1922,6364.6124,0.05580367,1325.9609,1224.0429,5303.8436,5405.7616,0.04650306,0.04739666,0.00232515,64.6929,58.4022,3.7648,236.7787,28.3325,4073.3444,62.8929,17.9205,67.0915,20.5198,41.0397,89.6552,137.931,195.8702,245.4342,34.2936,0.0,4.772704,5.980413,1.576351,17,91,104,3,0.01351263,0.05812883,0.20377779,0E-8,0.000000,0.901736,0.003971,-0.14764402,2026-03-22,2026-08-04,28,234,128,136,0.205882,0.267106,0.277009,0.045042,,,,,,,,GLOBAL_BASELINE_NO_ENTITY_RANKING,,,NOT_APPLICABLE_GLOBAL_BASELINE,HF9g-P5,,,,X 全窗基线 · 不参与实体赏罚,14190209,1420,A168_HF9F_20260827_0900,2026-08-27 09:00:00
2026-05-27,140221144,1654,0,68.3994528044,-68.3994528044,-68.3994528044,0E-7,2,2,0.49994810000000000,0.499948100000,-1.4140667746232096,-1.4140667746232096,-1.4140667746232096,0E-17,ELIGIBLE,R03b_20260811_FULL_v1,L1_ELIGIBILITY,v2026-08-11,2026-03-21..2026-08-06,baccarat_bet02_101_all_pairs_incl_sentinel,round_win = game_pnl > 0 (decisive only),COMPATIBILITY_ONLY_NOT_PRODUCTION,114053.6424,102846.2734,6629.8046,1763,1761,-0.05812883,-0.20377779,-0.05613377,-0.05812883,-6629.8046,114053.6424,OK,0.0000,265.1922,4.0000,96.0000,AG03-UNRESOLVED,ALL5_LEVELS_bet23_to_bet27,265.1922,265.1922,265.1922,265.1922,265.1922,4.000000,4.000000,4.000000,4.000000,4.000000,96.000000,96.000000,96.000000,96.000000,96.000000,5.0,1325.9609,1224.0429,5303.8436,5405.7616,PENDING_AG03,FALSE,NOT_FOR_ENFORCEMENT,6364.6124,98732.4225,6629.8046,6364.6124,265.1922,0.05812883,0.05580367,265.1922,6364.6124,0.05580367,265.1922,265.1922,265.1922,265.1922,265.1922,6364.6124,0.05580367,1325.9609,1224.0429,5303.8436,5405.7616,0.04650306,0.04739666,0.00232515,64.6929,58.4022,3.7648,236.7787,28.3325,4073.3444,62.8929,17.9205,67.0915,20.5198,41.0397,89.6552,137.931,195.8702,245.4342,34.2936,0.0,4.772704,5.980413,1.576351,17,91,104,3,0.01351263,0.05812883,0.20377779,0E-8,0.000000,0.901736,0.003971,-0.14764402,2026-03-22,2026-08-04,28,234,128,136,0.205882,0.267106,0.277009,0.045042,,,,,,,,GLOBAL_BASELINE_NO_ENTITY_RANKING,,,NOT_APPLICABLE_GLOBAL_BASELINE,HF9g-P5,,,,X 全窗基线 · 不参与实体赏罚,14190210,1420,A168_HF9F_20260827_0900,2026-08-27 09:00:00
2026-05-27,140221144,1714,0,205.1983584133,-30.7797537622,-30.7797537622,0.4444444,9,9,0.50218230000000000,0.502182300000,-0.34643043305270216,-0.34643043305270216,-0.34643043305270216,0E-17,ELIGIBLE,R03b_20260811_FULL_v1,L1_ELIGIBILITY,v2026-08-11,2026-03-21..2026-08-06,baccarat_bet02_101_all_pairs_incl_sentinel,round_win = game_pnl > 0 (decisive only),COMPATIBILITY_ONLY_NOT_PRODUCTION,114053.6424,102846.2734,6629.8046,1763,1761,-0.05812883,-0.20377779,-0.05613377,-0.05812883,-6629.8046,114053.6424,OK,0.0000,265.1922,4.0000,96.0000,AG03-UNRESOLVED,ALL5_LEVELS_bet23_to_bet27,265.1922,265.1922,265.1922,265.1922,265.1922,4.000000,4.000000,4.000000,4.000000,4.000000,96.000000,96.000000,96.000000,96.000000,96.000000,5.0,1325.9609,1224.0429,5303.8436,5405.7616,PENDING_AG03,FALSE,NOT_FOR_ENFORCEMENT,6364.6124,98732.4225,6629.8046,6364.6124,265.1922,0.05812883,0.05580367,265.1922,6364.6124,0.05580367,265.1922,265.1922,265.1922,265.1922,265.1922,6364.6124,0.05580367,1325.9609,1224.0429,5303.8436,5405.7616,0.04650306,0.04739666,0.00232515,64.6929,58.4022,3.7648,236.7787,28.3325,4073.3444,62.8929,17.9205,67.0915,20.5198,41.0397,89.6552,137.931,195.8702,245.4342,34.2936,0.0,4.772704,5.980413,1.576351,17,91,104,3,0.01351263,0.05812883,0.20377779,0E-8,0.000000,0.901736,0.003971,-0.14764402,2026-03-22,2026-08-04,28,234,128,136,0.205882,0.267106,0.277009,0.045042,,,,,,,,GLOBAL_BASELINE_NO_ENTITY_RANKING,,,NOT_APPLICABLE_GLOBAL_BASELINE,HF9g-P5,,,,X 全窗基线 · 不参与实体赏罚,14190211,1420,A168_HF9F_20260827_0900,2026-08-27 09:00:00
2026-05-27,140221144,2160,0,102.5991792066,-34.1997264022,-34.1997264022,0.3333333,3,3,0.49324550000000000,0.493245500000,-0.5540025479526107,-0.5540025479526106,-0.5540025479526107,0E-17,ELIGIBLE,R03b_20260811_FULL_v1,L1_ELIGIBILITY,v2026-08-11,2026-03-21..2026-08-06,baccarat_bet02_101_all_pairs_incl_sentinel,round_win = game_pnl > 0 (decisive only),COMPATIBILITY_ONLY_NOT_PRODUCTION,114053.6424,102846.2734,6629.8046,1763,1761,-0.05812883,-0.20377779,-0.05613377,-0.05812883,-6629.8046,114053.6424,OK,0.0000,265.1922,4.0000,96.0000,AG03-UNRESOLVED,ALL5_LEVELS_bet23_to_bet27,265.1922,265.1922,265.1922,265.1922,265.1922,4.000000,4.000000,4.000000,4.000000,4.000000,96.000000,96.000000,96.000000,96.000000,96.000000,5.0,1325.9609,1224.0429,5303.8436,5405.7616,PENDING_AG03,FALSE,NOT_FOR_ENFORCEMENT,6364.6124,98732.4225,6629.8046,6364.6124,265.1922,0.05812883,0.05580367,265.1922,6364.6124,0.05580367,265.1922,265.1922,265.1922,265.1922,265.1922,6364.6124,0.05580367,1325.9609,1224.0429,5303.8436,5405.7616,0.04650306,0.04739666,0.00232515,64.6929,58.4022,3.7648,236.7787,28.3325,4073.3444,62.8929,17.9205,67.0915,20.5198,41.0397,89.6552,137.931,195.8702,245.4342,34.2936,0.0,4.772704,5.980413,1.576351,17,91,104,3,0.01351263,0.05812883,0.20377779,0E-8,0.000000,0.901736,0.003971,-0.14764402,2026-03-22,2026-08-04,28,234,128,136,0.205882,0.267106,0.277009,0.045042,,,,,,,,GLOBAL_BASELINE_NO_ENTITY_RANKING,,,NOT_APPLICABLE_GLOBAL_BASELINE,HF9g-P5,,,,X 全窗基线 · 不参与实体赏罚,14190212,1420,A168_HF9F_20260827_0900,2026-08-27 09:00:00
2026-06-03,140221144,1623,0,433.0175913394,24.0189445195,24.0189445195,0.5833333,14,14,0.49899058571428571,0.498990585714,0.5843448873039241,0.5843448873059043,0.5843448873039241,2.8571E-13,ELIGIBLE,R03b_20260811_FULL_v1,L1_ELIGIBILITY,v2026-08-11,2026-03-21..2026-08-06,baccarat_bet02_101_all_pairs_incl_sentinel,round_win = game_pnl > 0 (decisive only),COMPATIBILITY_ONLY_NOT_PRODUCTION,114053.6424,102846.2734,6629.8046,1763,1761,-0.05812883,-0.20377779,-0.05613377,-0.05812883,-6629.8046,114053.6424,OK,0.0000,265.1922,4.0000,96.0000,AG03-UNRESOLVED,ALL5_LEVELS_bet23_to_bet27,265.1922,265.1922,265.1922,265.1922,265.1922,4.000000,4.000000,4.000000,4.000000,4.000000,96.000000,96.000000,96.000000,96.000000,96.000000,5.0,1325.9609,1224.0429,5303.8436,5405.7616,PENDING_AG03,FALSE,NOT_FOR_ENFORCEMENT,6364.6124,98732.4225,6629.8046,6364.6124,265.1922,0.05812883,0.05580367,265.1922,6364.6124,0.05580367,265.1922,265.1922,265.1922,265.1922,265.1922,6364.6124,0.05580367,1325.9609,1224.0429,5303.8436,5405.7616,0.04650306,0.04739666,0.00232515,64.6929,58.4022,3.7648,236.7787,28.3325,4073.3444,62.8929,17.9205,67.0915,20.5198,41.0397,89.6552,137.931,195.8702,245.4342,34.2936,0.0,4.772704,5.980413,1.576351,17,91,104,3,0.01351263,0.05812883,0.20377779,0E-8,0.000000,0.901736,0.003971,-0.14764402,2026-03-22,2026-08-04,28,234,128,136,0.205882,0.267106,0.277009,0.045042,,,,,,,,GLOBAL_BASELINE_NO_ENTITY_RANKING,,,NOT_APPLICABLE_GLOBAL_BASELINE,HF9g-P5,,,,X 全窗基线 · 不参与实体赏罚,14190213,1420,A168_HF9F_20260827_0900,2026-08-27 09:00:00
2026-06-03,140221144,1714,0,67.6589986468,-67.6589986468,-67.6589986468,0E-7,2,2,0.49324550000000000,0.493245500000,-1.3952362676504506,-1.3952362676504506,-1.3952362676504506,0E-17,ELIGIBLE,R03b_20260811_FULL_v1,L1_ELIGIBILITY,v2026-08-11,2026-03-21..2026-08-06,baccarat_bet02_101_all_pairs_incl_sentinel,round_win = game_pnl > 0 (decisive only),COMPATIBILITY_ONLY_NOT_PRODUCTION,114053.6424,102846.2734,6629.8046,1763,1761,-0.05812883,-0.20377779,-0.05613377,-0.05812883,-6629.8046,114053.6424,OK,0.0000,265.1922,4.0000,96.0000,AG03-UNRESOLVED,ALL5_LEVELS_bet23_to_bet27,265.1922,265.1922,265.1922,265.1922,265.1922,4.000000,4.000000,4.000000,4.000000,4.000000,96.000000,96.000000,96.000000,96.000000,96.000000,5.0,1325.9609,1224.0429,5303.8436,5405.7616,PENDING_AG03,FALSE,NOT_FOR_ENFORCEMENT,6364.6124,98732.4225,6629.8046,6364.6124,265.1922,0.05812883,0.05580367,265.1922,6364.6124,0.05580367,265.1922,265.1922,265.1922,265.1922,265.1922,6364.6124,0.05580367,1325.9609,1224.0429,5303.8436,5405.7616,0.04650306,0.04739666,0.00232515,64.6929,58.4022,3.7648,236.7787,28.3325,4073.3444,62.8929,17.9205,67.0915,20.5198,41.0397,89.6552,137.931,195.8702,245.4342,34.2936,0.0,4.772704,5.980413,1.576351,17,91,104,3,0.01351263,0.05812883,0.20377779,0E-8,0.000000,0.901736,0.003971,-0.14764402,2026-03-22,2026-08-04,28,234,128,136,0.205882,0.267106,0.277009,0.045042,,,,,,,,GLOBAL_BASELINE_NO_ENTITY_RANKING,,,NOT_APPLICABLE_GLOBAL_BASELINE,HF9g-P5,,,,X 全窗基线 · 不参与实体赏罚,14190214,1420,A168_HF9F_20260827_0900,2026-08-27 09:00:00
2026-06-03,140221144,2106,0,182.6792963464,-182.6792963464,-182.6792963464,0E-7,4,4,0.49994810000000000,0.499948100000,-1.9997924107733216,-1.9997924107733216,-1.9997924107733216,0E-17,ELIGIBLE,R03b_20260811_FULL_v1,L1_ELIGIBILITY,v2026-08-11,2026-03-21..2026-08-06,baccarat_bet02_101_all_pairs_incl_sentinel,round_win = game_pnl > 0 (decisive only),COMPATIBILITY_ONLY_NOT_PRODUCTION,114053.6424,102846.2734,6629.8046,1763,1761,-0.05812883,-0.20377779,-0.05613377,-0.05812883,-6629.8046,114053.6424,OK,0.0000,265.1922,4.0000,96.0000,AG03-UNRESOLVED,ALL5_LEVELS_bet23_to_bet27,265.1922,265.1922,265.1922,265.1922,265.1922,4.000000,4.000000,4.000000,4.000000,4.000000,96.000000,96.000000,96.000000,96.000000,96.000000,5.0,1325.9609,1224.0429,5303.8436,5405.7616,PENDING_AG03,FALSE,NOT_FOR_ENFORCEMENT,6364.6124,98732.4225,6629.8046,6364.6124,265.1922,0.05812883,0.05580367,265.1922,6364.6124,0.05580367,265.1922,265.1922,265.1922,265.1922,265.1922,6364.6124,0.05580367,1325.9609,1224.0429,5303.8436,5405.7616,0.04650306,0.04739666,0.00232515,64.6929,58.4022,3.7648,236.7787,28.3325,4073.3444,62.8929,17.9205,67.0915,20.5198,41.0397,89.6552,137.931,195.8702,245.4342,34.2936,0.0,4.772704,5.980413,1.576351,17,91,104,3,0.01351263,0.05812883,0.20377779,0E-8,0.000000,0.901736,0.003971,-0.14764402,2026-03-22,2026-08-04,28,234,128,136,0.205882,0.267106,0.277009,0.045042,,,,,,,,GLOBAL_BASELINE_NO_ENTITY_RANKING,,,NOT_APPLICABLE_GLOBAL_BASELINE,HF9g-P5,,,,X 全窗基线 · 不参与实体赏罚,14190215,1420,A168_HF9F_20260827_0900,2026-08-27 09:00:00
2026-06-03,140221144,2130,0,27.0635994587,-27.0635994587,-27.0635994587,0E-7,1,1,0.50665070000000000,0.506650700000,-1.013391052207602,-1.013391052207602,-1.013391052207602,0E-17,ELIGIBLE,R03b_20260811_FULL_v1,L1_ELIGIBILITY,v2026-08-11,2026-03-21..2026-08-06,baccarat_bet02_101_all_pairs_incl_sentinel,round_win = game_pnl > 0 (decisive only),COMPATIBILITY_ONLY_NOT_PRODUCTION,114053.6424,102846.2734,6629.8046,1763,1761,-0.05812883,-0.20377779,-0.05613377,-0.05812883,-6629.8046,114053.6424,OK,0.0000,265.1922,4.0000,96.0000,AG03-UNRESOLVED,ALL5_LEVELS_bet23_to_bet27,265.1922,265.1922,265.1922,265.1922,265.1922,4.000000,4.000000,4.000000,4.000000,4.000000,96.000000,96.000000,96.000000,96.000000,96.000000,5.0,1325.9609,1224.0429,5303.8436,5405.7616,PENDING_AG03,FALSE,NOT_FOR_ENFORCEMENT,6364.6124,98732.4225,6629.8046,6364.6124,265.1922,0.05812883,0.05580367,265.1922,6364.6124,0.05580367,265.1922,265.1922,265.1922,265.1922,265.1922,6364.6124,0.05580367,1325.9609,1224.0429,5303.8436,5405.7616,0.04650306,0.04739666,0.00232515,64.6929,58.4022,3.7648,236.7787,28.3325,4073.3444,62.8929,17.9205,67.0915,20.5198,41.0397,89.6552,137.931,195.8702,245.4342,34.2936,0.0,4.772704,5.980413,1.576351,17,91,104,3,0.01351263,0.05812883,0.20377779,0E-8,0.000000,0.901736,0.003971,-0.14764402,2026-03-22,2026-08-04,28,234,128,136,0.205882,0.267106,0.277009,0.045042,,,,,,,,GLOBAL_BASELINE_NO_ENTITY_RANKING,,,NOT_APPLICABLE_GLOBAL_BASELINE,HF9g-P5,,,,X 全窗基线 · 不参与实体赏罚,14190216,1420,A168_HF9F_20260827_0900,2026-08-27 09:00:00
2026-06-03,140221144,550,0,554.8037889039,-99.7970230041,-99.7970230041,0.5000000,10,10,0.49994810000000000,0.499948100000,0.00029359073713029245,0.00029359073713029245,0.00029359073713029245,0E-17,ELIGIBLE,R03b_20260811_FULL_v1,L1_ELIGIBILITY,v2026-08-11,2026-03-21..2026-08-06,baccarat_bet02_101_all_pairs_incl_sentinel,round_win = game_pnl > 0 (decisive only),COMPATIBILITY_ONLY_NOT_PRODUCTION,114053.6424,102846.2734,6629.8046,1763,1761,-0.05812883,-0.20377779,-0.05613377,-0.05812883,-6629.8046,114053.6424,OK,0.0000,265.1922,4.0000,96.0000,AG03-UNRESOLVED,ALL5_LEVELS_bet23_to_bet27,265.1922,265.1922,265.1922,265.1922,265.1922,4.000000,4.000000,4.000000,4.000000,4.000000,96.000000,96.000000,96.000000,96.000000,96.000000,5.0,1325.9609,1224.0429,5303.8436,5405.7616,PENDING_AG03,FALSE,NOT_FOR_ENFORCEMENT,6364.6124,98732.4225,6629.8046,6364.6124,265.1922,0.05812883,0.05580367,265.1922,6364.6124,0.05580367,265.1922,265.1922,265.1922,265.1922,265.1922,6364.6124,0.05580367,1325.9609,1224.0429,5303.8436,5405.7616,0.04650306,0.04739666,0.00232515,64.6929,58.4022,3.7648,236.7787,28.3325,4073.3444,62.8929,17.9205,67.0915,20.5198,41.0397,89.6552,137.931,195.8702,245.4342,34.2936,0.0,4.772704,5.980413,1.576351,17,91,104,3,0.01351263,0.05812883,0.20377779,0E-8,0.000000,0.901736,0.003971,-0.14764402,2026-03-22,2026-08-04,28,234,128,136,0.205882,0.267106,0.277009,0.045042,,,,,,,,GLOBAL_BASELINE_NO_ENTITY_RANKING,,,NOT_APPLICABLE_GLOBAL_BASELINE,HF9g-P5,,,,X 全窗基线 · 不参与实体赏罚,14190217,1420,A168_HF9F_20260827_0900,2026-08-27 09:00:00
2026-06-03,140221144,583,0,270.6359945872,-103.1799729364,-103.1799729364,0.4000000,6,6,0.49771390000000000,0.497713900000,-0.4369944132040151,-0.436994413204015,-0.4369944132040151,0E-17,ELIGIBLE,R03b_20260811_FULL_v1,L1_ELIGIBILITY,v2026-08-11,2026-03-21..2026-08-06,baccarat_bet02_101_all_pairs_incl_sentinel,round_win = game_pnl > 0 (decisive only),COMPATIBILITY_ONLY_NOT_PRODUCTION,114053.6424,102846.2734,6629.8046,1763,1761,-0.05812883,-0.20377779,-0.05613377,-0.05812883,-6629.8046,114053.6424,OK,0.0000,265.1922,4.0000,96.0000,AG03-UNRESOLVED,ALL5_LEVELS_bet23_to_bet27,265.1922,265.1922,265.1922,265.1922,265.1922,4.000000,4.000000,4.000000,4.000000,4.000000,96.000000,96.000000,96.000000,96.000000,96.000000,5.0,1325.9609,1224.0429,5303.8436,5405.7616,PENDING_AG03,FALSE,NOT_FOR_ENFORCEMENT,6364.6124,98732.4225,6629.8046,6364.6124,265.1922,0.05812883,0.05580367,265.1922,6364.6124,0.05580367,265.1922,265.1922,265.1922,265.1922,265.1922,6364.6124,0.05580367,1325.9609,1224.0429,5303.8436,5405.7616,0.04650306,0.04739666,0.00232515,64.6929,58.4022,3.7648,236.7787,28.3325,4073.3444,62.8929,17.9205,67.0915,20.5198,41.0397,89.6552,137.931,195.8702,245.4342,34.2936,0.0,4.772704,5.980413,1.576351,17,91,104,3,0.01351263,0.05812883,0.20377779,0E-8,0.000000,0.901736,0.003971,-0.14764402,2026-03-22,2026-08-04,28,234,128,136,0.205882,0.267106,0.277009,0.045042,,,,,,,,GLOBAL_BASELINE_NO_ENTITY_RANKING,,,NOT_APPLICABLE_GLOBAL_BASELINE,HF9g-P5,,,,X 全窗基线 · 不参与实体赏罚,14190218,1420,A168_HF9F_20260827_0900,2026-08-27 09:00:00
2026-06-04,140221144,1078,0,33.8294993234,32.1380243572,32.1380243572,1.0000000,1,1,0.50665070000000000,0.506650700000,0.9867858985152569,0.9867858985152569,0.9867858985152569,0E-17,ELIGIBLE,R03b_20260811_FULL_v1,L1_ELIGIBILITY,v2026-08-11,2026-03-21..2026-08-06,baccarat_bet02_101_all_pairs_incl_sentinel,round_win = game_pnl > 0 (decisive only),COMPATIBILITY_ONLY_NOT_PRODUCTION,114053.6424,102846.2734,6629.8046,1763,1761,-0.05812883,-0.20377779,-0.05613377,-0.05812883,-6629.8046,114053.6424,OK,0.0000,265.1922,4.0000,96.0000,AG03-UNRESOLVED,ALL5_LEVELS_bet23_to_bet27,265.1922,265.1922,265.1922,265.1922,265.1922,4.000000,4.000000,4.000000,4.000000,4.000000,96.000000,96.000000,96.000000,96.000000,96.000000,5.0,1325.9609,1224.0429,5303.8436,5405.7616,PENDING_AG03,FALSE,NOT_FOR_ENFORCEMENT,6364.6124,98732.4225,6629.8046,6364.6124,265.1922,0.05812883,0.05580367,265.1922,6364.6124,0.05580367,265.1922,265.1922,265.1922,265.1922,265.1922,6364.6124,0.05580367,1325.9609,1224.0429,5303.8436,5405.7616,0.04650306,0.04739666,0.00232515,64.6929,58.4022,3.7648,236.7787,28.3325,4073.3444,62.8929,17.9205,67.0915,20.5198,41.0397,89.6552,137.931,195.8702,245.4342,34.2936,0.0,4.772704,5.980413,1.576351,17,91,104,3,0.01351263,0.05812883,0.20377779,0E-8,0.000000,0.901736,0.003971,-0.14764402,2026-03-22,2026-08-04,28,234,128,136,0.205882,0.267106,0.277009,0.045042,,,,,,,,GLOBAL_BASELINE_NO_ENTITY_RANKING,,,NOT_APPLICABLE_GLOBAL_BASELINE,HF9g-P5,,,,X 全窗基线 · 不参与实体赏罚,14190219,1420,A168_HF9F_20260827_0900,2026-08-27 09:00:00
2026-06-04,140221144,1157,0,135.3179972936,-35.5209742896,-35.5209742896,0.3333333,4,4,0.49659680000000000,0.496596800000,-0.5655743394288276,-0.5655743394288276,-0.5655743394288276,0E-17,ELIGIBLE,R03b_20260811_FULL_v1,L1_ELIGIBILITY,v2026-08-11,2026-03-21..2026-08-06,baccarat_bet02_101_all_pairs_incl_sentinel,round_win = game_pnl > 0 (decisive only),COMPATIBILITY_ONLY_NOT_PRODUCTION,114053.6424,102846.2734,6629.8046,1763,1761,-0.05812883,-0.20377779,-0.05613377,-0.05812883,-6629.8046,114053.6424,OK,0.0000,265.1922,4.0000,96.0000,AG03-UNRESOLVED,ALL5_LEVELS_bet23_to_bet27,265.1922,265.1922,265.1922,265.1922,265.1922,4.000000,4.000000,4.000000,4.000000,4.000000,96.000000,96.000000,96.000000,96.000000,96.000000,5.0,1325.9609,1224.0429,5303.8436,5405.7616,PENDING_AG03,FALSE,NOT_FOR_ENFORCEMENT,6364.6124,98732.4225,6629.8046,6364.6124,265.1922,0.05812883,0.05580367,265.1922,6364.6124,0.05580367,265.1922,265.1922,265.1922,265.1922,265.1922,6364.6124,0.05580367,1325.9609,1224.0429,5303.8436,5405.7616,0.04650306,0.04739666,0.00232515,64.6929,58.4022,3.7648,236.7787,28.3325,4073.3444,62.8929,17.9205,67.0915,20.5198,41.0397,89.6552,137.931,195.8702,245.4342,34.2936,0.0,4.772704,5.980413,1.576351,17,91,104,3,0.01351263,0.05812883,0.20377779,0E-8,0.000000,0.901736,0.003971,-0.14764402,2026-03-22,2026-08-04,28,234,128,136,0.205882,0.267106,0.277009,0.045042,,,,,,,,GLOBAL_BASELINE_NO_ENTITY_RANKING,,,NOT_APPLICABLE_GLOBAL_BASELINE,HF9g-P5,,,,X 全窗基线 · 不参与实体赏罚,14190220,1420,A168_HF9F_20260827_0900,2026-08-27 09:00:00
2026-06-04,140221144,1382,0,453.3152909339,85.5886332882,85.5886332882,0.5454545,11,11,0.49812011818181818,0.498120118182,0.3139832890738838,0.31398328907267725,0.3139832890738838,-1.8182E-13,ELIGIBLE,R03b_20260811_FULL_v1,L1_ELIGIBILITY,v2026-08-11,2026-03-21..2026-08-06,baccarat_bet02_101_all_pairs_incl_sentinel,round_win = game_pnl > 0 (decisive only),COMPATIBILITY_ONLY_NOT_PRODUCTION,114053.6424,102846.2734,6629.8046,1763,1761,-0.05812883,-0.20377779,-0.05613377,-0.05812883,-6629.8046,114053.6424,OK,0.0000,265.1922,4.0000,96.0000,AG03-UNRESOLVED,ALL5_LEVELS_bet23_to_bet27,265.1922,265.1922,265.1922,265.1922,265.1922,4.000000,4.000000,4.000000,4.000000,4.000000,96.000000,96.000000,96.000000,96.000000,96.000000,5.0,1325.9609,1224.0429,5303.8436,5405.7616,PENDING_AG03,FALSE,NOT_FOR_ENFORCEMENT,6364.6124,98732.4225,6629.8046,6364.6124,265.1922,0.05812883,0.05580367,265.1922,6364.6124,0.05580367,265.1922,265.1922,265.1922,265.1922,265.1922,6364.6124,0.05580367,1325.9609,1224.0429,5303.8436,5405.7616,0.04650306,0.04739666,0.00232515,64.6929,58.4022,3.7648,236.7787,28.3325,4073.3444,62.8929,17.9205,67.0915,20.5198,41.0397,89.6552,137.931,195.8702,245.4342,34.2936,0.0,4.772704,5.980413,1.576351,17,91,104,3,0.01351263,0.05812883,0.20377779,0E-8,0.000000,0.901736,0.003971,-0.14764402,2026-03-22,2026-08-04,28,234,128,136,0.205882,0.267106,0.277009,0.045042,,,,,,,,GLOBAL_BASELINE_NO_ENTITY_RANKING,,,NOT_APPLICABLE_GLOBAL_BASELINE,HF9g-P5,,,,X 全窗基线 · 不参与实体赏罚,14190221,1420,A168_HF9F_20260827_0900,2026-08-27 09:00:00
2026-06-04,140221144,1385,0,1150.2029769962,5.7510148848,5.7510148848,0.5416667,26,26,0.50046368461538462,0.500463684615,0.4037053012228593,0.40370530122662746,0.4037053012228593,3.8462E-13,ELIGIBLE,R03b_20260811_FULL_v1,L1_ELIGIBILITY,v2026-08-11,2026-03-21..2026-08-06,baccarat_bet02_101_all_pairs_incl_sentinel,round_win = game_pnl > 0 (decisive only),COMPATIBILITY_ONLY_NOT_PRODUCTION,114053.6424,102846.2734,6629.8046,1763,1761,-0.05812883,-0.20377779,-0.05613377,-0.05812883,-6629.8046,114053.6424,OK,0.0000,265.1922,4.0000,96.0000,AG03-UNRESOLVED,ALL5_LEVELS_bet23_to_bet27,265.1922,265.1922,265.1922,265.1922,265.1922,4.000000,4.000000,4.000000,4.000000,4.000000,96.000000,96.000000,96.000000,96.000000,96.000000,5.0,1325.9609,1224.0429,5303.8436,5405.7616,PENDING_AG03,FALSE,NOT_FOR_ENFORCEMENT,6364.6124,98732.4225,6629.8046,6364.6124,265.1922,0.05812883,0.05580367,265.1922,6364.6124,0.05580367,265.1922,265.1922,265.1922,265.1922,265.1922,6364.6124,0.05580367,1325.9609,1224.0429,5303.8436,5405.7616,0.04650306,0.04739666,0.00232515,64.6929,58.4022,3.7648,236.7787,28.3325,4073.3444,62.8929,17.9205,67.0915,20.5198,41.0397,89.6552,137.931,195.8702,245.4342,34.2936,0.0,4.772704,5.980413,1.576351,17,91,104,3,0.01351263,0.05812883,0.20377779,0E-8,0.000000,0.901736,0.003971,-0.14764402,2026-03-22,2026-08-04,28,234,128,136,0.205882,0.267106,0.277009,0.045042,,,,,,,,GLOBAL_BASELINE_NO_ENTITY_RANKING,,,NOT_APPLICABLE_GLOBAL_BASELINE,HF9g-P5,,,,X 全窗基线 · 不参与实体赏罚,14190222,1420,A168_HF9F_20260827_0900,2026-08-27 09:00:00
2026-06-04,140221144,1485,0,223.2746955346,-169.1474966171,-169.1474966171,0E-7,5,5,0.49860758000000000,0.498607580000,-1.9944380537814452,-1.9944380537814452,-1.9944380537814452,0E-17,ELIGIBLE,R03b_20260811_FULL_v1,L1_ELIGIBILITY,v2026-08-11,2026-03-21..2026-08-06,baccarat_bet02_101_all_pairs_incl_sentinel,round_win = game_pnl > 0 (decisive only),COMPATIBILITY_ONLY_NOT_PRODUCTION,114053.6424,102846.2734,6629.8046,1763,1761,-0.05812883,-0.20377779,-0.05613377,-0.05812883,-6629.8046,114053.6424,OK,0.0000,265.1922,4.0000,96.0000,AG03-UNRESOLVED,ALL5_LEVELS_bet23_to_bet27,265.1922,265.1922,265.1922,265.1922,265.1922,4.000000,4.000000,4.000000,4.000000,4.000000,96.000000,96.000000,96.000000,96.000000,96.000000,5.0,1325.9609,1224.0429,5303.8436,5405.7616,PENDING_AG03,FALSE,NOT_FOR_ENFORCEMENT,6364.6124,98732.4225,6629.8046,6364.6124,265.1922,0.05812883,0.05580367,265.1922,6364.6124,0.05580367,265.1922,265.1922,265.1922,265.1922,265.1922,6364.6124,0.05580367,1325.9609,1224.0429,5303.8436,5405.7616,0.04650306,0.04739666,0.00232515,64.6929,58.4022,3.7648,236.7787,28.3325,4073.3444,62.8929,17.9205,67.0915,20.5198,41.0397,89.6552,137.931,195.8702,245.4342,34.2936,0.0,4.772704,5.980413,1.576351,17,91,104,3,0.01351263,0.05812883,0.20377779,0E-8,0.000000,0.901736,0.003971,-0.14764402,2026-03-22,2026-08-04,28,234,128,136,0.205882,0.267106,0.277009,0.045042,,,,,,,,GLOBAL_BASELINE_NO_ENTITY_RANKING,,,NOT_APPLICABLE_GLOBAL_BASELINE,HF9g-P5,,,,X 全窗基线 · 不参与实体赏罚,14190223,1420,A168_HF9F_20260827_0900,2026-08-27 09:00:00
2026-06-04,140221144,1714,0,703.6535859271,114.0054127198,114.0054127198,0.6250000,17,17,0.49876528823529412,0.498765288235,1.0098807732753625,1.009880773277717,1.0098807732753625,2.9412E-13,ELIGIBLE,R03b_20260811_FULL_v1,L1_ELIGIBILITY,v2026-08-11,2026-03-21..2026-08-06,baccarat_bet02_101_all_pairs_incl_sentinel,round_win = game_pnl > 0 (decisive only),COMPATIBILITY_ONLY_NOT_PRODUCTION,114053.6424,102846.2734,6629.8046,1763,1761,-0.05812883,-0.20377779,-0.05613377,-0.05812883,-6629.8046,114053.6424,OK,0.0000,265.1922,4.0000,96.0000,AG03-UNRESOLVED,ALL5_LEVELS_bet23_to_bet27,265.1922,265.1922,265.1922,265.1922,265.1922,4.000000,4.000000,4.000000,4.000000,4.000000,96.000000,96.000000,96.000000,96.000000,96.000000,5.0,1325.9609,1224.0429,5303.8436,5405.7616,PENDING_AG03,FALSE,NOT_FOR_ENFORCEMENT,6364.6124,98732.4225,6629.8046,6364.6124,265.1922,0.05812883,0.05580367,265.1922,6364.6124,0.05580367,265.1922,265.1922,265.1922,265.1922,265.1922,6364.6124,0.05580367,1325.9609,1224.0429,5303.8436,5405.7616,0.04650306,0.04739666,0.00232515,64.6929,58.4022,3.7648,236.7787,28.3325,4073.3444,62.8929,17.9205,67.0915,20.5198,41.0397,89.6552,137.931,195.8702,245.4342,34.2936,0.0,4.772704,5.980413,1.576351,17,91,104,3,0.01351263,0.05812883,0.20377779,0E-8,0.000000,0.901736,0.003971,-0.14764402,2026-03-22,2026-08-04,28,234,128,136,0.205882,0.267106,0.277009,0.045042,,,,,,,,GLOBAL_BASELINE_NO_ENTITY_RANKING,,,NOT_APPLICABLE_GLOBAL_BASELINE,HF9g-P5,,,,X 全窗基线 · 不参与实体赏罚,14190224,1420,A168_HF9F_20260827_0900,2026-08-27 09:00:00
2026-06-04,140221144,2129,0,500.6765899867,-69.6887686063,-69.6887686063,0.4545455,11,11,0.49690146363636364,0.496901463636,-0.2809633746126877,-0.2809633746102768,-0.2809633746126877,3.6364E-13,ELIGIBLE,R03b_20260811_FULL_v1,L1_ELIGIBILITY,v2026-08-11,2026-03-21..2026-08-06,baccarat_bet02_101_all_pairs_incl_sentinel,round_win = game_pnl > 0 (decisive only),COMPATIBILITY_ONLY_NOT_PRODUCTION,114053.6424,102846.2734,6629.8046,1763,1761,-0.05812883,-0.20377779,-0.05613377,-0.05812883,-6629.8046,114053.6424,OK,0.0000,265.1922,4.0000,96.0000,AG03-UNRESOLVED,ALL5_LEVELS_bet23_to_bet27,265.1922,265.1922,265.1922,265.1922,265.1922,4.000000,4.000000,4.000000,4.000000,4.000000,96.000000,96.000000,96.000000,96.000000,96.000000,5.0,1325.9609,1224.0429,5303.8436,5405.7616,PENDING_AG03,FALSE,NOT_FOR_ENFORCEMENT,6364.6124,98732.4225,6629.8046,6364.6124,265.1922,0.05812883,0.05580367,265.1922,6364.6124,0.05580367,265.1922,265.1922,265.1922,265.1922,265.1922,6364.6124,0.05580367,1325.9609,1224.0429,5303.8436,5405.7616,0.04650306,0.04739666,0.00232515,64.6929,58.4022,3.7648,236.7787,28.3325,4073.3444,62.8929,17.9205,67.0915,20.5198,41.0397,89.6552,137.931,195.8702,245.4342,34.2936,0.0,4.772704,5.980413,1.576351,17,91,104,3,0.01351263,0.05812883,0.20377779,0E-8,0.000000,0.901736,0.003971,-0.14764402,2026-03-22,2026-08-04,28,234,128,136,0.205882,0.267106,0.277009,0.045042,,,,,,,,GLOBAL_BASELINE_NO_ENTITY_RANKING,,,NOT_APPLICABLE_GLOBAL_BASELINE,HF9g-P5,,,,X 全窗基线 · 不参与实体赏罚,14190225,1420,A168_HF9F_20260827_0900,2026-08-27 09:00:00
2026-06-04,140221144,471,0,67.6589986468,-33.8294993234,-33.8294993234,0E-7,2,2,0.49324550000000000,0.493245500000,-0.9865810262130424,-0.9865810262130424,-0.9865810262130424,0E-17,ELIGIBLE,R03b_20260811_FULL_v1,L1_ELIGIBILITY,v2026-08-11,2026-03-21..2026-08-06,baccarat_bet02_101_all_pairs_incl_sentinel,round_win = game_pnl > 0 (decisive only),COMPATIBILITY_ONLY_NOT_PRODUCTION,114053.6424,102846.2734,6629.8046,1763,1761,-0.05812883,-0.20377779,-0.05613377,-0.05812883,-6629.8046,114053.6424,OK,0.0000,265.1922,4.0000,96.0000,AG03-UNRESOLVED,ALL5_LEVELS_bet23_to_bet27,265.1922,265.1922,265.1922,265.1922,265.1922,4.000000,4.000000,4.000000,4.000000,4.000000,96.000000,96.000000,96.000000,96.000000,96.000000,5.0,1325.9609,1224.0429,5303.8436,5405.7616,PENDING_AG03,FALSE,NOT_FOR_ENFORCEMENT,6364.6124,98732.4225,6629.8046,6364.6124,265.1922,0.05812883,0.05580367,265.1922,6364.6124,0.05580367,265.1922,265.1922,265.1922,265.1922,265.1922,6364.6124,0.05580367,1325.9609,1224.0429,5303.8436,5405.7616,0.04650306,0.04739666,0.00232515,64.6929,58.4022,3.7648,236.7787,28.3325,4073.3444,62.8929,17.9205,67.0915,20.5198,41.0397,89.6552,137.931,195.8702,245.4342,34.2936,0.0,4.772704,5.980413,1.576351,17,91,104,3,0.01351263,0.05812883,0.20377779,0E-8,0.000000,0.901736,0.003971,-0.14764402,2026-03-22,2026-08-04,28,234,128,136,0.205882,0.267106,0.277009,0.045042,,,,,,,,GLOBAL_BASELINE_NO_ENTITY_RANKING,,,NOT_APPLICABLE_GLOBAL_BASELINE,HF9g-P5,,,,X 全窗基线 · 不参与实体赏罚,14190226,1420,A168_HF9F_20260827_0900,2026-08-27 09:00:00
2026-06-04,140221144,789,0,392.4221921516,-175.9133964818,-175.9133964818,0.3333333,9,9,0.49771390000000000,0.497713900000,-0.9862937092952077,-0.9862937092952077,-0.9862937092952077,0E-17,ELIGIBLE,R03b_20260811_FULL_v1,L1_ELIGIBILITY,v2026-08-11,2026-03-21..2026-08-06,baccarat_bet02_101_all_pairs_incl_sentinel,round_win = game_pnl > 0 (decisive only),COMPATIBILITY_ONLY_NOT_PRODUCTION,114053.6424,102846.2734,6629.8046,1763,1761,-0.05812883,-0.20377779,-0.05613377,-0.05812883,-6629.8046,114053.6424,OK,0.0000,265.1922,4.0000,96.0000,AG03-UNRESOLVED,ALL5_LEVELS_bet23_to_bet27,265.1922,265.1922,265.1922,265.1922,265.1922,4.000000,4.000000,4.000000,4.000000,4.000000,96.000000,96.000000,96.000000,96.000000,96.000000,5.0,1325.9609,1224.0429,5303.8436,5405.7616,PENDING_AG03,FALSE,NOT_FOR_ENFORCEMENT,6364.6124,98732.4225,6629.8046,6364.6124,265.1922,0.05812883,0.05580367,265.1922,6364.6124,0.05580367,265.1922,265.1922,265.1922,265.1922,265.1922,6364.6124,0.05580367,1325.9609,1224.0429,5303.8436,5405.7616,0.04650306,0.04739666,0.00232515,64.6929,58.4022,3.7648,236.7787,28.3325,4073.3444,62.8929,17.9205,67.0915,20.5198,41.0397,89.6552,137.931,195.8702,245.4342,34.2936,0.0,4.772704,5.980413,1.576351,17,91,104,3,0.01351263,0.05812883,0.20377779,0E-8,0.000000,0.901736,0.003971,-0.14764402,2026-03-22,2026-08-04,28,234,128,136,0.205882,0.267106,0.277009,0.045042,,,,,,,,GLOBAL_BASELINE_NO_ENTITY_RANKING,,,NOT_APPLICABLE_GLOBAL_BASELINE,HF9g-P5,,,,X 全窗基线 · 不参与实体赏罚,14190227,1420,A168_HF9F_20260827_0900,2026-08-27 09:00:00
2026-06-09,140221144,1941,0,81.1907983762,-67.6589986468,-67.6589986468,0E-7,4,4,0.49994810000000000,0.499948100000,-1.7318710300250217,-1.7318710300250217,-1.7318710300250217,0E-17,ELIGIBLE,R03b_20260811_FULL_v1,L1_ELIGIBILITY,v2026-08-11,2026-03-21..2026-08-06,baccarat_bet02_101_all_pairs_incl_sentinel,round_win = game_pnl > 0 (decisive only),COMPATIBILITY_ONLY_NOT_PRODUCTION,114053.6424,102846.2734,6629.8046,1763,1761,-0.05812883,-0.20377779,-0.05613377,-0.05812883,-6629.8046,114053.6424,OK,0.0000,265.1922,4.0000,96.0000,AG03-UNRESOLVED,ALL5_LEVELS_bet23_to_bet27,265.1922,265.1922,265.1922,265.1922,265.1922,4.000000,4.000000,4.000000,4.000000,4.000000,96.000000,96.000000,96.000000,96.000000,96.000000,5.0,1325.9609,1224.0429,5303.8436,5405.7616,PENDING_AG03,FALSE,NOT_FOR_ENFORCEMENT,6364.6124,98732.4225,6629.8046,6364.6124,265.1922,0.05812883,0.05580367,265.1922,6364.6124,0.05580367,265.1922,265.1922,265.1922,265.1922,265.1922,6364.6124,0.05580367,1325.9609,1224.0429,5303.8436,5405.7616,0.04650306,0.04739666,0.00232515,64.6929,58.4022,3.7648,236.7787,28.3325,4073.3444,62.8929,17.9205,67.0915,20.5198,41.0397,89.6552,137.931,195.8702,245.4342,34.2936,0.0,4.772704,5.980413,1.576351,17,91,104,3,0.01351263,0.05812883,0.20377779,0E-8,0.000000,0.901736,0.003971,-0.14764402,2026-03-22,2026-08-04,28,234,128,136,0.205882,0.267106,0.277009,0.045042,,,,,,,,GLOBAL_BASELINE_NO_ENTITY_RANKING,,,NOT_APPLICABLE_GLOBAL_BASELINE,HF9g-P5,,,,X 全窗基线 · 不参与实体赏罚,14190228,1420,A168_HF9F_20260827_0900,2026-08-27 09:00:00
2026-06-09,140221144,2153,0,87.9566982411,-47.6995940462,-47.6995940462,0.1666667,10,10,0.50128862000000000,0.501288620000,-1.6393115290988487,-1.6393115290988487,-1.6393115290988487,0E-17,ELIGIBLE,R03b_20260811_FULL_v1,L1_ELIGIBILITY,v2026-08-11,2026-03-21..2026-08-06,baccarat_bet02_101_all_pairs_incl_sentinel,round_win = game_pnl > 0 (decisive only),COMPATIBILITY_ONLY_NOT_PRODUCTION,114053.6424,102846.2734,6629.8046,1763,1761,-0.05812883,-0.20377779,-0.05613377,-0.05812883,-6629.8046,114053.6424,OK,0.0000,265.1922,4.0000,96.0000,AG03-UNRESOLVED,ALL5_LEVELS_bet23_to_bet27,265.1922,265.1922,265.1922,265.1922,265.1922,4.000000,4.000000,4.000000,4.000000,4.000000,96.000000,96.000000,96.000000,96.000000,96.000000,5.0,1325.9609,1224.0429,5303.8436,5405.7616,PENDING_AG03,FALSE,NOT_FOR_ENFORCEMENT,6364.6124,98732.4225,6629.8046,6364.6124,265.1922,0.05812883,0.05580367,265.1922,6364.6124,0.05580367,265.1922,265.1922,265.1922,265.1922,265.1922,6364.6124,0.05580367,1325.9609,1224.0429,5303.8436,5405.7616,0.04650306,0.04739666,0.00232515,64.6929,58.4022,3.7648,236.7787,28.3325,4073.3444,62.8929,17.9205,67.0915,20.5198,41.0397,89.6552,137.931,195.8702,245.4342,34.2936,0.0,4.772704,5.980413,1.576351,17,91,104,3,0.01351263,0.05812883,0.20377779,0E-8,0.000000,0.901736,0.003971,-0.14764402,2026-03-22,2026-08-04,28,234,128,136,0.205882,0.267106,0.277009,0.045042,,,,,,,,GLOBAL_BASELINE_NO_ENTITY_RANKING,,,NOT_APPLICABLE_GLOBAL_BASELINE,HF9g-P5,,,,X 全窗基线 · 不参与实体赏罚,14190229,1420,A168_HF9F_20260827_0900,2026-08-27 09:00:00
2026-06-09,140221144,987,0,74.4248985116,-27.7401894453,-27.7401894453,0.2500000,5,5,0.49860758000000000,0.498607580000,-0.9944341760919779,-0.9944341760919779,-0.9944341760919779,0E-17,ELIGIBLE,R03b_20260811_FULL_v1,L1_ELIGIBILITY,v2026-08-11,2026-03-21..2026-08-06,baccarat_bet02_101_all_pairs_incl_sentinel,round_win = game_pnl > 0 (decisive only),COMPATIBILITY_ONLY_NOT_PRODUCTION,114053.6424,102846.2734,6629.8046,1763,1761,-0.05812883,-0.20377779,-0.05613377,-0.05812883,-6629.8046,114053.6424,OK,0.0000,265.1922,4.0000,96.0000,AG03-UNRESOLVED,ALL5_LEVELS_bet23_to_bet27,265.1922,265.1922,265.1922,265.1922,265.1922,4.000000,4.000000,4.000000,4.000000,4.000000,96.000000,96.000000,96.000000,96.000000,96.000000,5.0,1325.9609,1224.0429,5303.8436,5405.7616,PENDING_AG03,FALSE,NOT_FOR_ENFORCEMENT,6364.6124,98732.4225,6629.8046,6364.6124,265.1922,0.05812883,0.05580367,265.1922,6364.6124,0.05580367,265.1922,265.1922,265.1922,265.1922,265.1922,6364.6124,0.05580367,1325.9609,1224.0429,5303.8436,5405.7616,0.04650306,0.04739666,0.00232515,64.6929,58.4022,3.7648,236.7787,28.3325,4073.3444,62.8929,17.9205,67.0915,20.5198,41.0397,89.6552,137.931,195.8702,245.4342,34.2936,0.0,4.772704,5.980413,1.576351,17,91,104,3,0.01351263,0.05812883,0.20377779,0E-8,0.000000,0.901736,0.003971,-0.14764402,2026-03-22,2026-08-04,28,234,128,136,0.205882,0.267106,0.277009,0.045042,,,,,,,,GLOBAL_BASELINE_NO_ENTITY_RANKING,,,NOT_APPLICABLE_GLOBAL_BASELINE,HF9g-P5,,,,X 全窗基线 · 不参与实体赏罚,14190230,1420,A168_HF9F_20260827_0900,2026-08-27 09:00:00
2026-06-10,140221144,1078,0,148.8497970234,4.7361299049,4.7361299049,0.5789474,20,20,0.49994810000000000,0.499948100000,0.6886996590322013,0.6886996590322014,0.6886996590322013,0E-17,ELIGIBLE,R03b_20260811_FULL_v1,L1_ELIGIBILITY,v2026-08-11,2026-03-21..2026-08-06,baccarat_bet02_101_all_pairs_incl_sentinel,round_win = game_pnl > 0 (decisive only),COMPATIBILITY_ONLY_NOT_PRODUCTION,114053.6424,102846.2734,6629.8046,1763,1761,-0.05812883,-0.20377779,-0.05613377,-0.05812883,-6629.8046,114053.6424,OK,0.0000,265.1922,4.0000,96.0000,AG03-UNRESOLVED,ALL5_LEVELS_bet23_to_bet27,265.1922,265.1922,265.1922,265.1922,265.1922,4.000000,4.000000,4.000000,4.000000,4.000000,96.000000,96.000000,96.000000,96.000000,96.000000,5.0,1325.9609,1224.0429,5303.8436,5405.7616,PENDING_AG03,FALSE,NOT_FOR_ENFORCEMENT,6364.6124,98732.4225,6629.8046,6364.6124,265.1922,0.05812883,0.05580367,265.1922,6364.6124,0.05580367,265.1922,265.1922,265.1922,265.1922,265.1922,6364.6124,0.05580367,1325.9609,1224.0429,5303.8436,5405.7616,0.04650306,0.04739666,0.00232515,64.6929,58.4022,3.7648,236.7787,28.3325,4073.3444,62.8929,17.9205,67.0915,20.5198,41.0397,89.6552,137.931,195.8702,245.4342,34.2936,0.0,4.772704,5.980413,1.576351,17,91,104,3,0.01351263,0.05812883,0.20377779,0E-8,0.000000,0.901736,0.003971,-0.14764402,2026-03-22,2026-08-04,28,234,128,136,0.205882,0.267106,0.277009,0.045042,,,,,,,,GLOBAL_BASELINE_NO_ENTITY_RANKING,,,NOT_APPLICABLE_GLOBAL_BASELINE,HF9g-P5,,,,X 全窗基线 · 不参与实体赏罚,14190231,1420,A168_HF9F_20260827_0900,2026-08-27 09:00:00
2026-06-10,140221144,1109,0,175.9133964822,-28.0784844387,-28.0784844387,0.4444444,20,20,0.49793732000000000,0.497937320000,-0.45390596304335656,-0.45390596304335656,-0.45390596304335656,0E-17,ELIGIBLE,R03b_20260811_FULL_v1,L1_ELIGIBILITY,v2026-08-11,2026-03-21..2026-08-06,baccarat_bet02_101_all_pairs_incl_sentinel,round_win = game_pnl > 0 (decisive only),COMPATIBILITY_ONLY_NOT_PRODUCTION,114053.6424,102846.2734,6629.8046,1763,1761,-0.05812883,-0.20377779,-0.05613377,-0.05812883,-6629.8046,114053.6424,OK,0.0000,265.1922,4.0000,96.0000,AG03-UNRESOLVED,ALL5_LEVELS_bet23_to_bet27,265.1922,265.1922,265.1922,265.1922,265.1922,4.000000,4.000000,4.000000,4.000000,4.000000,96.000000,96.000000,96.000000,96.000000,96.000000,5.0,1325.9609,1224.0429,5303.8436,5405.7616,PENDING_AG03,FALSE,NOT_FOR_ENFORCEMENT,6364.6124,98732.4225,6629.8046,6364.6124,265.1922,0.05812883,0.05580367,265.1922,6364.6124,0.05580367,265.1922,265.1922,265.1922,265.1922,265.1922,6364.6124,0.05580367,1325.9609,1224.0429,5303.8436,5405.7616,0.04650306,0.04739666,0.00232515,64.6929,58.4022,3.7648,236.7787,28.3325,4073.3444,62.8929,17.9205,67.0915,20.5198,41.0397,89.6552,137.931,195.8702,245.4342,34.2936,0.0,4.772704,5.980413,1.576351,17,91,104,3,0.01351263,0.05812883,0.20377779,0E-8,0.000000,0.901736,0.003971,-0.14764402,2026-03-22,2026-08-04,28,234,128,136,0.205882,0.267106,0.277009,0.045042,,,,,,,,GLOBAL_BASELINE_NO_ENTITY_RANKING,,,NOT_APPLICABLE_GLOBAL_BASELINE,HF9g-P5,,,,X 全窗基线 · 不参与实体赏罚,14190232,1420,A168_HF9F_20260827_0900,2026-08-27 09:00:00
2026-06-10,140221144,1382,0,6.7658998647,-6.7658998647,-6.7658998647,0E-7,1,1,0.49324550000000000,0.493245500000,-0.9865810262130424,-0.9865810262130424,-0.9865810262130424,0E-17,ELIGIBLE,R03b_20260811_FULL_v1,L1_ELIGIBILITY,v2026-08-11,2026-03-21..2026-08-06,baccarat_bet02_101_all_pairs_incl_sentinel,round_win = game_pnl > 0 (decisive only),COMPATIBILITY_ONLY_NOT_PRODUCTION,114053.6424,102846.2734,6629.8046,1763,1761,-0.05812883,-0.20377779,-0.05613377,-0.05812883,-6629.8046,114053.6424,OK,0.0000,265.1922,4.0000,96.0000,AG03-UNRESOLVED,ALL5_LEVELS_bet23_to_bet27,265.1922,265.1922,265.1922,265.1922,265.1922,4.000000,4.000000,4.000000,4.000000,4.000000,96.000000,96.000000,96.000000,96.000000,96.000000,5.0,1325.9609,1224.0429,5303.8436,5405.7616,PENDING_AG03,FALSE,NOT_FOR_ENFORCEMENT,6364.6124,98732.4225,6629.8046,6364.6124,265.1922,0.05812883,0.05580367,265.1922,6364.6124,0.05580367,265.1922,265.1922,265.1922,265.1922,265.1922,6364.6124,0.05580367,1325.9609,1224.0429,5303.8436,5405.7616,0.04650306,0.04739666,0.00232515,64.6929,58.4022,3.7648,236.7787,28.3325,4073.3444,62.8929,17.9205,67.0915,20.5198,41.0397,89.6552,137.931,195.8702,245.4342,34.2936,0.0,4.772704,5.980413,1.576351,17,91,104,3,0.01351263,0.05812883,0.20377779,0E-8,0.000000,0.901736,0.003971,-0.14764402,2026-03-22,2026-08-04,28,234,128,136,0.205882,0.267106,0.277009,0.045042,,,,,,,,GLOBAL_BASELINE_NO_ENTITY_RANKING,,,NOT_APPLICABLE_GLOBAL_BASELINE,HF9g-P5,,,,X 全窗基线 · 不参与实体赏罚,14190233,1420,A168_HF9F_20260827_0900,2026-08-27 09:00:00
2026-06-10,140221144,1623,0,6.7658998647,0E-10,0E-10,,1,1,0.50665070000000000,0.506650700000,,,,0E-17,NO_DECISIVE_ROUND,R03b_20260811_FULL_v1,L1_ELIGIBILITY,v2026-08-11,2026-03-21..2026-08-06,baccarat_bet02_101_all_pairs_incl_sentinel,round_win = game_pnl > 0 (decisive only),COMPATIBILITY_ONLY_NOT_PRODUCTION,114053.6424,102846.2734,6629.8046,1763,1761,-0.05812883,-0.20377779,-0.05613377,-0.05812883,-6629.8046,114053.6424,OK,0.0000,265.1922,4.0000,96.0000,AG03-UNRESOLVED,ALL5_LEVELS_bet23_to_bet27,265.1922,265.1922,265.1922,265.1922,265.1922,4.000000,4.000000,4.000000,4.000000,4.000000,96.000000,96.000000,96.000000,96.000000,96.000000,5.0,1325.9609,1224.0429,5303.8436,5405.7616,PENDING_AG03,FALSE,NOT_FOR_ENFORCEMENT,6364.6124,98732.4225,6629.8046,6364.6124,265.1922,0.05812883,0.05580367,265.1922,6364.6124,0.05580367,265.1922,265.1922,265.1922,265.1922,265.1922,6364.6124,0.05580367,1325.9609,1224.0429,5303.8436,5405.7616,0.04650306,0.04739666,0.00232515,64.6929,58.4022,3.7648,236.7787,28.3325,4073.3444,62.8929,17.9205,67.0915,20.5198,41.0397,89.6552,137.931,195.8702,245.4342,34.2936,0.0,4.772704,5.980413,1.576351,17,91,104,3,0.01351263,0.05812883,0.20377779,0E-8,0.000000,0.901736,0.003971,-0.14764402,2026-03-22,2026-08-04,28,234,128,136,0.205882,0.267106,0.277009,0.045042,,,,,,,,GLOBAL_BASELINE_NO_ENTITY_RANKING,,,NOT_APPLICABLE_GLOBAL_BASELINE,HF9g-P5,,,,X 全窗基线 · 不参与实体赏罚,14190234,1420,A168_HF9F_20260827_0900,2026-08-27 09:00:00
2026-06-10,140221144,1702,0,67.6589986470,-0.3382949933,-0.3382949933,0.5000000,10,10,0.49994810000000000,0.499948100000,0.00029359073713029245,0.00029359073713029245,0.00029359073713029245,0E-17,ELIGIBLE,R03b_20260811_FULL_v1,L1_ELIGIBILITY,v2026-08-11,2026-03-21..2026-08-06,baccarat_bet02_101_all_pairs_incl_sentinel,round_win = game_pnl > 0 (decisive only),COMPATIBILITY_ONLY_NOT_PRODUCTION,114053.6424,102846.2734,6629.8046,1763,1761,-0.05812883,-0.20377779,-0.05613377,-0.05812883,-6629.8046,114053.6424,OK,0.0000,265.1922,4.0000,96.0000,AG03-UNRESOLVED,ALL5_LEVELS_bet23_to_bet27,265.1922,265.1922,265.1922,265.1922,265.1922,4.000000,4.000000,4.000000,4.000000,4.000000,96.000000,96.000000,96.000000,96.000000,96.000000,5.0,1325.9609,1224.0429,5303.8436,5405.7616,PENDING_AG03,FALSE,NOT_FOR_ENFORCEMENT,6364.6124,98732.4225,6629.8046,6364.6124,265.1922,0.05812883,0.05580367,265.1922,6364.6124,0.05580367,265.1922,265.1922,265.1922,265.1922,265.1922,6364.6124,0.05580367,1325.9609,1224.0429,5303.8436,5405.7616,0.04650306,0.04739666,0.00232515,64.6929,58.4022,3.7648,236.7787,28.3325,4073.3444,62.8929,17.9205,67.0915,20.5198,41.0397,89.6552,137.931,195.8702,245.4342,34.2936,0.0,4.772704,5.980413,1.576351,17,91,104,3,0.01351263,0.05812883,0.20377779,0E-8,0.000000,0.901736,0.003971,-0.14764402,2026-03-22,2026-08-04,28,234,128,136,0.205882,0.267106,0.277009,0.045042,,,,,,,,GLOBAL_BASELINE_NO_ENTITY_RANKING,,,NOT_APPLICABLE_GLOBAL_BASELINE,HF9g-P5,,,,X 全窗基线 · 不参与实体赏罚,14190235,1420,A168_HF9F_20260827_0900,2026-08-27 09:00:00
2026-06-10,140221144,1710,0,67.6589986470,-14.2083897159,-14.2083897159,0.3333333,6,6,0.50218230000000000,0.502182300000,-0.8271955028234007,-0.8271955028234007,-0.8271955028234007,0E-17,ELIGIBLE,R03b_20260811_FULL_v1,L1_ELIGIBILITY,v2026-08-11,2026-03-21..2026-08-06,baccarat_bet02_101_all_pairs_incl_sentinel,round_win = game_pnl > 0 (decisive only),COMPATIBILITY_ONLY_NOT_PRODUCTION,114053.6424,102846.2734,6629.8046,1763,1761,-0.05812883,-0.20377779,-0.05613377,-0.05812883,-6629.8046,114053.6424,OK,0.0000,265.1922,4.0000,96.0000,AG03-UNRESOLVED,ALL5_LEVELS_bet23_to_bet27,265.1922,265.1922,265.1922,265.1922,265.1922,4.000000,4.000000,4.000000,4.000000,4.000000,96.000000,96.000000,96.000000,96.000000,96.000000,5.0,1325.9609,1224.0429,5303.8436,5405.7616,PENDING_AG03,FALSE,NOT_FOR_ENFORCEMENT,6364.6124,98732.4225,6629.8046,6364.6124,265.1922,0.05812883,0.05580367,265.1922,6364.6124,0.05580367,265.1922,265.1922,265.1922,265.1922,265.1922,6364.6124,0.05580367,1325.9609,1224.0429,5303.8436,5405.7616,0.04650306,0.04739666,0.00232515,64.6929,58.4022,3.7648,236.7787,28.3325,4073.3444,62.8929,17.9205,67.0915,20.5198,41.0397,89.6552,137.931,195.8702,245.4342,34.2936,0.0,4.772704,5.980413,1.576351,17,91,104,3,0.01351263,0.05812883,0.20377779,0E-8,0.000000,0.901736,0.003971,-0.14764402,2026-03-22,2026-08-04,28,234,128,136,0.205882,0.267106,0.277009,0.045042,,,,,,,,GLOBAL_BASELINE_NO_ENTITY_RANKING,,,NOT_APPLICABLE_GLOBAL_BASELINE,HF9g-P5,,,,X 全窗基线 · 不参与实体赏罚,14190236,1420,A168_HF9F_20260827_0900,2026-08-27 09:00:00
2026-06-10,140221144,1714,0,74.4248985117,-21.6508795673,-21.6508795673,0.3636364,11,11,0.50177608181818182,0.501776081818,-0.9163210087353691,-0.9163210087341618,-0.9163210087353691,1.8182E-13,ELIGIBLE,R03b_20260811_FULL_v1,L1_ELIGIBILITY,v2026-08-11,2026-03-21..2026-08-06,baccarat_bet02_101_all_pairs_incl_sentinel,round_win = game_pnl > 0 (decisive only),COMPATIBILITY_ONLY_NOT_PRODUCTION,114053.6424,102846.2734,6629.8046,1763,1761,-0.05812883,-0.20377779,-0.05613377,-0.05812883,-6629.8046,114053.6424,OK,0.0000,265.1922,4.0000,96.0000,AG03-UNRESOLVED,ALL5_LEVELS_bet23_to_bet27,265.1922,265.1922,265.1922,265.1922,265.1922,4.000000,4.000000,4.000000,4.000000,4.000000,96.000000,96.000000,96.000000,96.000000,96.000000,5.0,1325.9609,1224.0429,5303.8436,5405.7616,PENDING_AG03,FALSE,NOT_FOR_ENFORCEMENT,6364.6124,98732.4225,6629.8046,6364.6124,265.1922,0.05812883,0.05580367,265.1922,6364.6124,0.05580367,265.1922,265.1922,265.1922,265.1922,265.1922,6364.6124,0.05580367,1325.9609,1224.0429,5303.8436,5405.7616,0.04650306,0.04739666,0.00232515,64.6929,58.4022,3.7648,236.7787,28.3325,4073.3444,62.8929,17.9205,67.0915,20.5198,41.0397,89.6552,137.931,195.8702,245.4342,34.2936,0.0,4.772704,5.980413,1.576351,17,91,104,3,0.01351263,0.05812883,0.20377779,0E-8,0.000000,0.901736,0.003971,-0.14764402,2026-03-22,2026-08-04,28,234,128,136,0.205882,0.267106,0.277009,0.045042,,,,,,,,GLOBAL_BASELINE_NO_ENTITY_RANKING,,,NOT_APPLICABLE_GLOBAL_BASELINE,HF9g-P5,,,,X 全窗基线 · 不参与实体赏罚,14190237,1420,A168_HF9F_20260827_0900,2026-08-27 09:00:00
2026-06-10,140221144,2134,0,6.7658998647,6.4276048714,6.4276048714,1.0000000,1,1,0.50665070000000000,0.506650700000,0.9867858985152569,0.9867858985152569,0.9867858985152569,0E-17,ELIGIBLE,R03b_20260811_FULL_v1,L1_ELIGIBILITY,v2026-08-11,2026-03-21..2026-08-06,baccarat_bet02_101_all_pairs_incl_sentinel,round_win = game_pnl > 0 (decisive only),COMPATIBILITY_ONLY_NOT_PRODUCTION,114053.6424,102846.2734,6629.8046,1763,1761,-0.05812883,-0.20377779,-0.05613377,-0.05812883,-6629.8046,114053.6424,OK,0.0000,265.1922,4.0000,96.0000,AG03-UNRESOLVED,ALL5_LEVELS_bet23_to_bet27,265.1922,265.1922,265.1922,265.1922,265.1922,4.000000,4.000000,4.000000,4.000000,4.000000,96.000000,96.000000,96.000000,96.000000,96.000000,5.0,1325.9609,1224.0429,5303.8436,5405.7616,PENDING_AG03,FALSE,NOT_FOR_ENFORCEMENT,6364.6124,98732.4225,6629.8046,6364.6124,265.1922,0.05812883,0.05580367,265.1922,6364.6124,0.05580367,265.1922,265.1922,265.1922,265.1922,265.1922,6364.6124,0.05580367,1325.9609,1224.0429,5303.8436,5405.7616,0.04650306,0.04739666,0.00232515,64.6929,58.4022,3.7648,236.7787,28.3325,4073.3444,62.8929,17.9205,67.0915,20.5198,41.0397,89.6552,137.931,195.8702,245.4342,34.2936,0.0,4.772704,5.980413,1.576351,17,91,104,3,0.01351263,0.05812883,0.20377779,0E-8,0.000000,0.901736,0.003971,-0.14764402,2026-03-22,2026-08-04,28,234,128,136,0.205882,0.267106,0.277009,0.045042,,,,,,,,GLOBAL_BASELINE_NO_ENTITY_RANKING,,,NOT_APPLICABLE_GLOBAL_BASELINE,HF9g-P5,,,,X 全窗基线 · 不参与实体赏罚,14190238,1420,A168_HF9F_20260827_0900,2026-08-27 09:00:00
2026-06-10,140221144,2147,0,67.6589986470,-7.1041948580,-7.1041948580,0.4444444,10,10,0.49860758000000000,0.498607580000,-0.3249800735002549,-0.32498007350025493,-0.3249800735002549,0E-17,ELIGIBLE,R03b_20260811_FULL_v1,L1_ELIGIBILITY,v2026-08-11,2026-03-21..2026-08-06,baccarat_bet02_101_all_pairs_incl_sentinel,round_win = game_pnl > 0 (decisive only),COMPATIBILITY_ONLY_NOT_PRODUCTION,114053.6424,102846.2734,6629.8046,1763,1761,-0.05812883,-0.20377779,-0.05613377,-0.05812883,-6629.8046,114053.6424,OK,0.0000,265.1922,4.0000,96.0000,AG03-UNRESOLVED,ALL5_LEVELS_bet23_to_bet27,265.1922,265.1922,265.1922,265.1922,265.1922,4.000000,4.000000,4.000000,4.000000,4.000000,96.000000,96.000000,96.000000,96.000000,96.000000,5.0,1325.9609,1224.0429,5303.8436,5405.7616,PENDING_AG03,FALSE,NOT_FOR_ENFORCEMENT,6364.6124,98732.4225,6629.8046,6364.6124,265.1922,0.05812883,0.05580367,265.1922,6364.6124,0.05580367,265.1922,265.1922,265.1922,265.1922,265.1922,6364.6124,0.05580367,1325.9609,1224.0429,5303.8436,5405.7616,0.04650306,0.04739666,0.00232515,64.6929,58.4022,3.7648,236.7787,28.3325,4073.3444,62.8929,17.9205,67.0915,20.5198,41.0397,89.6552,137.931,195.8702,245.4342,34.2936,0.0,4.772704,5.980413,1.576351,17,91,104,3,0.01351263,0.05812883,0.20377779,0E-8,0.000000,0.901736,0.003971,-0.14764402,2026-03-22,2026-08-04,28,234,128,136,0.205882,0.267106,0.277009,0.045042,,,,,,,,GLOBAL_BASELINE_NO_ENTITY_RANKING,,,NOT_APPLICABLE_GLOBAL_BASELINE,HF9g-P5,,,,X 全窗基线 · 不参与实体赏罚,14190239,1420,A168_HF9F_20260827_0900,2026-08-27 09:00:00
2026-06-10,140221144,752,0,13.5317997294,-0.3382949933,-0.3382949933,0.5000000,2,2,0.50665070000000000,0.506650700000,-0.018812684590367487,-0.018812684590367487,-0.018812684590367487,0E-17,ELIGIBLE,R03b_20260811_FULL_v1,L1_ELIGIBILITY,v2026-08-11,2026-03-21..2026-08-06,baccarat_bet02_101_all_pairs_incl_sentinel,round_win = game_pnl > 0 (decisive only),COMPATIBILITY_ONLY_NOT_PRODUCTION,114053.6424,102846.2734,6629.8046,1763,1761,-0.05812883,-0.20377779,-0.05613377,-0.05812883,-6629.8046,114053.6424,OK,0.0000,265.1922,4.0000,96.0000,AG03-UNRESOLVED,ALL5_LEVELS_bet23_to_bet27,265.1922,265.1922,265.1922,265.1922,265.1922,4.000000,4.000000,4.000000,4.000000,4.000000,96.000000,96.000000,96.000000,96.000000,96.000000,5.0,1325.9609,1224.0429,5303.8436,5405.7616,PENDING_AG03,FALSE,NOT_FOR_ENFORCEMENT,6364.6124,98732.4225,6629.8046,6364.6124,265.1922,0.05812883,0.05580367,265.1922,6364.6124,0.05580367,265.1922,265.1922,265.1922,265.1922,265.1922,6364.6124,0.05580367,1325.9609,1224.0429,5303.8436,5405.7616,0.04650306,0.04739666,0.00232515,64.6929,58.4022,3.7648,236.7787,28.3325,4073.3444,62.8929,17.9205,67.0915,20.5198,41.0397,89.6552,137.931,195.8702,245.4342,34.2936,0.0,4.772704,5.980413,1.576351,17,91,104,3,0.01351263,0.05812883,0.20377779,0E-8,0.000000,0.901736,0.003971,-0.14764402,2026-03-22,2026-08-04,28,234,128,136,0.205882,0.267106,0.277009,0.045042,,,,,,,,GLOBAL_BASELINE_NO_ENTITY_RANKING,,,NOT_APPLICABLE_GLOBAL_BASELINE,HF9g-P5,,,,X 全窗基线 · 不参与实体赏罚,14190240,1420,A168_HF9F_20260827_0900,2026-08-27 09:00:00
2026-06-11,140221144,-1,1,6.7658998647,-6.7658998647,-6.7658998647,0E-7,1,1,0.50665070000000000,0.506650700000,-1.013391052207602,-1.013391052207602,-1.013391052207602,0E-17,SENTINEL_DEALER,R03b_20260811_FULL_v1,L1_ELIGIBILITY,v2026-08-11,2026-03-21..2026-08-06,baccarat_bet02_101_all_pairs_incl_sentinel,round_win = game_pnl > 0 (decisive only),COMPATIBILITY_ONLY_NOT_PRODUCTION,114053.6424,102846.2734,6629.8046,1763,1761,-0.05812883,-0.20377779,-0.05613377,-0.05812883,-6629.8046,114053.6424,OK,0.0000,265.1922,4.0000,96.0000,AG03-UNRESOLVED,ALL5_LEVELS_bet23_to_bet27,265.1922,265.1922,265.1922,265.1922,265.1922,4.000000,4.000000,4.000000,4.000000,4.000000,96.000000,96.000000,96.000000,96.000000,96.000000,5.0,1325.9609,1224.0429,5303.8436,5405.7616,PENDING_AG03,FALSE,NOT_FOR_ENFORCEMENT,6364.6124,98732.4225,6629.8046,6364.6124,265.1922,0.05812883,0.05580367,265.1922,6364.6124,0.05580367,265.1922,265.1922,265.1922,265.1922,265.1922,6364.6124,0.05580367,1325.9609,1224.0429,5303.8436,5405.7616,0.04650306,0.04739666,0.00232515,64.6929,58.4022,3.7648,236.7787,28.3325,4073.3444,62.8929,17.9205,67.0915,20.5198,41.0397,89.6552,137.931,195.8702,245.4342,34.2936,0.0,4.772704,5.980413,1.576351,17,91,104,3,0.01351263,0.05812883,0.20377779,0E-8,0.000000,0.901736,0.003971,-0.14764402,2026-03-22,2026-08-04,28,234,128,136,0.205882,0.267106,0.277009,0.045042,,,,,,,,GLOBAL_BASELINE_NO_ENTITY_RANKING,,,NOT_APPLICABLE_GLOBAL_BASELINE,HF9g-P5,,,,X 全窗基线 · 不参与实体赏罚,14190241,1420,A168_HF9F_20260827_0900,2026-08-27 09:00:00
2026-06-11,140221144,1004,0,33.8294993235,5.7510148849,5.7510148849,0.6666667,3,3,0.50665070000000000,0.506650700000,0.5543606114942035,0.5543606114942035,0.5543606114942035,0E-17,ELIGIBLE,R03b_20260811_FULL_v1,L1_ELIGIBILITY,v2026-08-11,2026-03-21..2026-08-06,baccarat_bet02_101_all_pairs_incl_sentinel,round_win = game_pnl > 0 (decisive only),COMPATIBILITY_ONLY_NOT_PRODUCTION,114053.6424,102846.2734,6629.8046,1763,1761,-0.05812883,-0.20377779,-0.05613377,-0.05812883,-6629.8046,114053.6424,OK,0.0000,265.1922,4.0000,96.0000,AG03-UNRESOLVED,ALL5_LEVELS_bet23_to_bet27,265.1922,265.1922,265.1922,265.1922,265.1922,4.000000,4.000000,4.000000,4.000000,4.000000,96.000000,96.000000,96.000000,96.000000,96.000000,5.0,1325.9609,1224.0429,5303.8436,5405.7616,PENDING_AG03,FALSE,NOT_FOR_ENFORCEMENT,6364.6124,98732.4225,6629.8046,6364.6124,265.1922,0.05812883,0.05580367,265.1922,6364.6124,0.05580367,265.1922,265.1922,265.1922,265.1922,265.1922,6364.6124,0.05580367,1325.9609,1224.0429,5303.8436,5405.7616,0.04650306,0.04739666,0.00232515,64.6929,58.4022,3.7648,236.7787,28.3325,4073.3444,62.8929,17.9205,67.0915,20.5198,41.0397,89.6552,137.931,195.8702,245.4342,34.2936,0.0,4.772704,5.980413,1.576351,17,91,104,3,0.01351263,0.05812883,0.20377779,0E-8,0.000000,0.901736,0.003971,-0.14764402,2026-03-22,2026-08-04,28,234,128,136,0.205882,0.267106,0.277009,0.045042,,,,,,,,GLOBAL_BASELINE_NO_ENTITY_RANKING,,,NOT_APPLICABLE_GLOBAL_BASELINE,HF9g-P5,,,,X 全窗基线 · 不参与实体赏罚,14190242,1420,A168_HF9F_20260827_0900,2026-08-27 09:00:00
2026-06-11,140221144,1109,0,40.5953991882,-27.4018944521,-27.4018944521,0.1666667,6,6,0.50441650000000000,0.504416500000,-1.6546940571906357,-1.6546940571906357,-1.6546940571906357,0E-17,ELIGIBLE,R03b_20260811_FULL_v1,L1_ELIGIBILITY,v2026-08-11,2026-03-21..2026-08-06,baccarat_bet02_101_all_pairs_incl_sentinel,round_win = game_pnl > 0 (decisive only),COMPATIBILITY_ONLY_NOT_PRODUCTION,114053.6424,102846.2734,6629.8046,1763,1761,-0.05812883,-0.20377779,-0.05613377,-0.05812883,-6629.8046,114053.6424,OK,0.0000,265.1922,4.0000,96.0000,AG03-UNRESOLVED,ALL5_LEVELS_bet23_to_bet27,265.1922,265.1922,265.1922,265.1922,265.1922,4.000000,4.000000,4.000000,4.000000,4.000000,96.000000,96.000000,96.000000,96.000000,96.000000,5.0,1325.9609,1224.0429,5303.8436,5405.7616,PENDING_AG03,FALSE,NOT_FOR_ENFORCEMENT,6364.6124,98732.4225,6629.8046,6364.6124,265.1922,0.05812883,0.05580367,265.1922,6364.6124,0.05580367,265.1922,265.1922,265.1922,265.1922,265.1922,6364.6124,0.05580367,1325.9609,1224.0429,5303.8436,5405.7616,0.04650306,0.04739666,0.00232515,64.6929,58.4022,3.7648,236.7787,28.3325,4073.3444,62.8929,17.9205,67.0915,20.5198,41.0397,89.6552,137.931,195.8702,245.4342,34.2936,0.0,4.772704,5.980413,1.576351,17,91,104,3,0.01351263,0.05812883,0.20377779,0E-8,0.000000,0.901736,0.003971,-0.14764402,2026-03-22,2026-08-04,28,234,128,136,0.205882,0.267106,0.277009,0.045042,,,,,,,,GLOBAL_BASELINE_NO_ENTITY_RANKING,,,NOT_APPLICABLE_GLOBAL_BASELINE,HF9g-P5,,,,X 全窗基线 · 不参与实体赏罚,14190243,1420,A168_HF9F_20260827_0900,2026-08-27 09:00:00
2026-06-11,140221144,1157,0,338.2949932340,60.8930987820,60.8930987820,0.6000000,10,10,0.49994810000000000,0.499948100000,0.6327837798637467,0.6327837798637467,0.6327837798637467,0E-17,ELIGIBLE,R03b_20260811_FULL_v1,L1_ELIGIBILITY,v2026-08-11,2026-03-21..2026-08-06,baccarat_bet02_101_all_pairs_incl_sentinel,round_win = game_pnl > 0 (decisive only),COMPATIBILITY_ONLY_NOT_PRODUCTION,114053.6424,102846.2734,6629.8046,1763,1761,-0.05812883,-0.20377779,-0.05613377,-0.05812883,-6629.8046,114053.6424,OK,0.0000,265.1922,4.0000,96.0000,AG03-UNRESOLVED,ALL5_LEVELS_bet23_to_bet27,265.1922,265.1922,265.1922,265.1922,265.1922,4.000000,4.000000,4.000000,4.000000,4.000000,96.000000,96.000000,96.000000,96.000000,96.000000,5.0,1325.9609,1224.0429,5303.8436,5405.7616,PENDING_AG03,FALSE,NOT_FOR_ENFORCEMENT,6364.6124,98732.4225,6629.8046,6364.6124,265.1922,0.05812883,0.05580367,265.1922,6364.6124,0.05580367,265.1922,265.1922,265.1922,265.1922,265.1922,6364.6124,0.05580367,1325.9609,1224.0429,5303.8436,5405.7616,0.04650306,0.04739666,0.00232515,64.6929,58.4022,3.7648,236.7787,28.3325,4073.3444,62.8929,17.9205,67.0915,20.5198,41.0397,89.6552,137.931,195.8702,245.4342,34.2936,0.0,4.772704,5.980413,1.576351,17,91,104,3,0.01351263,0.05812883,0.20377779,0E-8,0.000000,0.901736,0.003971,-0.14764402,2026-03-22,2026-08-04,28,234,128,136,0.205882,0.267106,0.277009,0.045042,,,,,,,,GLOBAL_BASELINE_NO_ENTITY_RANKING,,,NOT_APPLICABLE_GLOBAL_BASELINE,HF9g-P5,,,,X 全窗基线 · 不参与实体赏罚,14190244,1420,A168_HF9F_20260827_0900,2026-08-27 09:00:00
2026-06-11,140221144,1383,0,94.7225981056,-54.1271989174,-54.1271989174,0.3333333,4,4,0.49659680000000000,0.496596800000,-0.5655743394288276,-0.5655743394288276,-0.5655743394288276,0E-17,ELIGIBLE,R03b_20260811_FULL_v1,L1_ELIGIBILITY,v2026-08-11,2026-03-21..2026-08-06,baccarat_bet02_101_all_pairs_incl_sentinel,round_win = game_pnl > 0 (decisive only),COMPATIBILITY_ONLY_NOT_PRODUCTION,114053.6424,102846.2734,6629.8046,1763,1761,-0.05812883,-0.20377779,-0.05613377,-0.05812883,-6629.8046,114053.6424,OK,0.0000,265.1922,4.0000,96.0000,AG03-UNRESOLVED,ALL5_LEVELS_bet23_to_bet27,265.1922,265.1922,265.1922,265.1922,265.1922,4.000000,4.000000,4.000000,4.000000,4.000000,96.000000,96.000000,96.000000,96.000000,96.000000,5.0,1325.9609,1224.0429,5303.8436,5405.7616,PENDING_AG03,FALSE,NOT_FOR_ENFORCEMENT,6364.6124,98732.4225,6629.8046,6364.6124,265.1922,0.05812883,0.05580367,265.1922,6364.6124,0.05580367,265.1922,265.1922,265.1922,265.1922,265.1922,6364.6124,0.05580367,1325.9609,1224.0429,5303.8436,5405.7616,0.04650306,0.04739666,0.00232515,64.6929,58.4022,3.7648,236.7787,28.3325,4073.3444,62.8929,17.9205,67.0915,20.5198,41.0397,89.6552,137.931,195.8702,245.4342,34.2936,0.0,4.772704,5.980413,1.576351,17,91,104,3,0.01351263,0.05812883,0.20377779,0E-8,0.000000,0.901736,0.003971,-0.14764402,2026-03-22,2026-08-04,28,234,128,136,0.205882,0.267106,0.277009,0.045042,,,,,,,,GLOBAL_BASELINE_NO_ENTITY_RANKING,,,NOT_APPLICABLE_GLOBAL_BASELINE,HF9g-P5,,,,X 全窗基线 · 不参与实体赏罚,14190245,1420,A168_HF9F_20260827_0900,2026-08-27 09:00:00
2026-06-11,140221144,1405,0,581.8673883624,-100.4736129904,-100.4736129904,0.5000000,18,18,0.50069283333333333,0.500692833333,-0.00518469489643616,-0.005184694893941739,-0.00518469489643616,3.3333E-13,ELIGIBLE,R03b_20260811_FULL_v1,L1_ELIGIBILITY,v2026-08-11,2026-03-21..2026-08-06,baccarat_bet02_101_all_pairs_incl_sentinel,round_win = game_pnl > 0 (decisive only),COMPATIBILITY_ONLY_NOT_PRODUCTION,114053.6424,102846.2734,6629.8046,1763,1761,-0.05812883,-0.20377779,-0.05613377,-0.05812883,-6629.8046,114053.6424,OK,0.0000,265.1922,4.0000,96.0000,AG03-UNRESOLVED,ALL5_LEVELS_bet23_to_bet27,265.1922,265.1922,265.1922,265.1922,265.1922,4.000000,4.000000,4.000000,4.000000,4.000000,96.000000,96.000000,96.000000,96.000000,96.000000,5.0,1325.9609,1224.0429,5303.8436,5405.7616,PENDING_AG03,FALSE,NOT_FOR_ENFORCEMENT,6364.6124,98732.4225,6629.8046,6364.6124,265.1922,0.05812883,0.05580367,265.1922,6364.6124,0.05580367,265.1922,265.1922,265.1922,265.1922,265.1922,6364.6124,0.05580367,1325.9609,1224.0429,5303.8436,5405.7616,0.04650306,0.04739666,0.00232515,64.6929,58.4022,3.7648,236.7787,28.3325,4073.3444,62.8929,17.9205,67.0915,20.5198,41.0397,89.6552,137.931,195.8702,245.4342,34.2936,0.0,4.772704,5.980413,1.576351,17,91,104,3,0.01351263,0.05812883,0.20377779,0E-8,0.000000,0.901736,0.003971,-0.14764402,2026-03-22,2026-08-04,28,234,128,136,0.205882,0.267106,0.277009,0.045042,,,,,,,,GLOBAL_BASELINE_NO_ENTITY_RANKING,,,NOT_APPLICABLE_GLOBAL_BASELINE,HF9g-P5,,,,X 全窗基线 · 不参与实体赏罚,14190246,1420,A168_HF9F_20260827_0900,2026-08-27 09:00:00
2026-06-11,140221144,1485,0,169.1474966170,-1.6914749662,-1.6914749662,0.3333333,7,7,0.49899058571428571,0.498990585714,-0.8115531348621552,-0.8115531348607564,-0.8115531348621552,2.8571E-13,ELIGIBLE,R03b_20260811_FULL_v1,L1_ELIGIBILITY,v2026-08-11,2026-03-21..2026-08-06,baccarat_bet02_101_all_pairs_incl_sentinel,round_win = game_pnl > 0 (decisive only),COMPATIBILITY_ONLY_NOT_PRODUCTION,114053.6424,102846.2734,6629.8046,1763,1761,-0.05812883,-0.20377779,-0.05613377,-0.05812883,-6629.8046,114053.6424,OK,0.0000,265.1922,4.0000,96.0000,AG03-UNRESOLVED,ALL5_LEVELS_bet23_to_bet27,265.1922,265.1922,265.1922,265.1922,265.1922,4.000000,4.000000,4.000000,4.000000,4.000000,96.000000,96.000000,96.000000,96.000000,96.000000,5.0,1325.9609,1224.0429,5303.8436,5405.7616,PENDING_AG03,FALSE,NOT_FOR_ENFORCEMENT,6364.6124,98732.4225,6629.8046,6364.6124,265.1922,0.05812883,0.05580367,265.1922,6364.6124,0.05580367,265.1922,265.1922,265.1922,265.1922,265.1922,6364.6124,0.05580367,1325.9609,1224.0429,5303.8436,5405.7616,0.04650306,0.04739666,0.00232515,64.6929,58.4022,3.7648,236.7787,28.3325,4073.3444,62.8929,17.9205,67.0915,20.5198,41.0397,89.6552,137.931,195.8702,245.4342,34.2936,0.0,4.772704,5.980413,1.576351,17,91,104,3,0.01351263,0.05812883,0.20377779,0E-8,0.000000,0.901736,0.003971,-0.14764402,2026-03-22,2026-08-04,28,234,128,136,0.205882,0.267106,0.277009,0.045042,,,,,,,,GLOBAL_BASELINE_NO_ENTITY_RANKING,,,NOT_APPLICABLE_GLOBAL_BASELINE,HF9g-P5,,,,X 全窗基线 · 不参与实体赏罚,14190247,1420,A168_HF9F_20260827_0900,2026-08-27 09:00:00
2026-06-11,140221144,1490,0,859.2692828145,350.4736129904,350.4736129904,0.8095238,25,24,0.49907924444444460,0.499110275000,2.8452762615297953,2.8449915416426395,2.8452762615297953,-0.00003103055555540,ELIGIBLE,R03b_20260811_FULL_v1,L1_ELIGIBILITY,v2026-08-11,2026-03-21..2026-08-06,baccarat_bet02_101_all_pairs_incl_sentinel,round_win = game_pnl > 0 (decisive only),COMPATIBILITY_ONLY_NOT_PRODUCTION,114053.6424,102846.2734,6629.8046,1763,1761,-0.05812883,-0.20377779,-0.05613377,-0.05812883,-6629.8046,114053.6424,OK,0.0000,265.1922,4.0000,96.0000,AG03-UNRESOLVED,ALL5_LEVELS_bet23_to_bet27,265.1922,265.1922,265.1922,265.1922,265.1922,4.000000,4.000000,4.000000,4.000000,4.000000,96.000000,96.000000,96.000000,96.000000,96.000000,5.0,1325.9609,1224.0429,5303.8436,5405.7616,PENDING_AG03,FALSE,NOT_FOR_ENFORCEMENT,6364.6124,98732.4225,6629.8046,6364.6124,265.1922,0.05812883,0.05580367,265.1922,6364.6124,0.05580367,265.1922,265.1922,265.1922,265.1922,265.1922,6364.6124,0.05580367,1325.9609,1224.0429,5303.8436,5405.7616,0.04650306,0.04739666,0.00232515,64.6929,58.4022,3.7648,236.7787,28.3325,4073.3444,62.8929,17.9205,67.0915,20.5198,41.0397,89.6552,137.931,195.8702,245.4342,34.2936,0.0,4.772704,5.980413,1.576351,17,91,104,3,0.01351263,0.05812883,0.20377779,0E-8,0.000000,0.901736,0.003971,-0.14764402,2026-03-22,2026-08-04,28,234,128,136,0.205882,0.267106,0.277009,0.045042,,,,,,,,GLOBAL_BASELINE_NO_ENTITY_RANKING,,,NOT_APPLICABLE_GLOBAL_BASELINE,HF9g-P5,,,,X 全窗基线 · 不参与实体赏罚,14190248,1420,A168_HF9F_20260827_0900,2026-08-27 09:00:00
2026-06-11,140221144,1507,0,236.8064952638,-101.4884979702,-101.4884979702,0.2500000,4,4,0.49324550000000000,0.493245500000,-0.9730707933947887,-0.9730707933947887,-0.9730707933947887,0E-17,ELIGIBLE,R03b_20260811_FULL_v1,L1_ELIGIBILITY,v2026-08-11,2026-03-21..2026-08-06,baccarat_bet02_101_all_pairs_incl_sentinel,round_win = game_pnl > 0 (decisive only),COMPATIBILITY_ONLY_NOT_PRODUCTION,114053.6424,102846.2734,6629.8046,1763,1761,-0.05812883,-0.20377779,-0.05613377,-0.05812883,-6629.8046,114053.6424,OK,0.0000,265.1922,4.0000,96.0000,AG03-UNRESOLVED,ALL5_LEVELS_bet23_to_bet27,265.1922,265.1922,265.1922,265.1922,265.1922,4.000000,4.000000,4.000000,4.000000,4.000000,96.000000,96.000000,96.000000,96.000000,96.000000,5.0,1325.9609,1224.0429,5303.8436,5405.7616,PENDING_AG03,FALSE,NOT_FOR_ENFORCEMENT,6364.6124,98732.4225,6629.8046,6364.6124,265.1922,0.05812883,0.05580367,265.1922,6364.6124,0.05580367,265.1922,265.1922,265.1922,265.1922,265.1922,6364.6124,0.05580367,1325.9609,1224.0429,5303.8436,5405.7616,0.04650306,0.04739666,0.00232515,64.6929,58.4022,3.7648,236.7787,28.3325,4073.3444,62.8929,17.9205,67.0915,20.5198,41.0397,89.6552,137.931,195.8702,245.4342,34.2936,0.0,4.772704,5.980413,1.576351,17,91,104,3,0.01351263,0.05812883,0.20377779,0E-8,0.000000,0.901736,0.003971,-0.14764402,2026-03-22,2026-08-04,28,234,128,136,0.205882,0.267106,0.277009,0.045042,,,,,,,,GLOBAL_BASELINE_NO_ENTITY_RANKING,,,NOT_APPLICABLE_GLOBAL_BASELINE,HF9g-P5,,,,X 全窗基线 · 不参与实体赏罚,14190249,1420,A168_HF9F_20260827_0900,2026-08-27 09:00:00
2026-06-11,140221144,1645,0,40.5953991881,-40.5953991881,-40.5953991881,0E-7,1,1,0.49324550000000000,0.493245500000,-0.9865810262130424,-0.9865810262130424,-0.9865810262130424,0E-17,ELIGIBLE,R03b_20260811_FULL_v1,L1_ELIGIBILITY,v2026-08-11,2026-03-21..2026-08-06,baccarat_bet02_101_all_pairs_incl_sentinel,round_win = game_pnl > 0 (decisive only),COMPATIBILITY_ONLY_NOT_PRODUCTION,114053.6424,102846.2734,6629.8046,1763,1761,-0.05812883,-0.20377779,-0.05613377,-0.05812883,-6629.8046,114053.6424,OK,0.0000,265.1922,4.0000,96.0000,AG03-UNRESOLVED,ALL5_LEVELS_bet23_to_bet27,265.1922,265.1922,265.1922,265.1922,265.1922,4.000000,4.000000,4.000000,4.000000,4.000000,96.000000,96.000000,96.000000,96.000000,96.000000,5.0,1325.9609,1224.0429,5303.8436,5405.7616,PENDING_AG03,FALSE,NOT_FOR_ENFORCEMENT,6364.6124,98732.4225,6629.8046,6364.6124,265.1922,0.05812883,0.05580367,265.1922,6364.6124,0.05580367,265.1922,265.1922,265.1922,265.1922,265.1922,6364.6124,0.05580367,1325.9609,1224.0429,5303.8436,5405.7616,0.04650306,0.04739666,0.00232515,64.6929,58.4022,3.7648,236.7787,28.3325,4073.3444,62.8929,17.9205,67.0915,20.5198,41.0397,89.6552,137.931,195.8702,245.4342,34.2936,0.0,4.772704,5.980413,1.576351,17,91,104,3,0.01351263,0.05812883,0.20377779,0E-8,0.000000,0.901736,0.003971,-0.14764402,2026-03-22,2026-08-04,28,234,128,136,0.205882,0.267106,0.277009,0.045042,,,,,,,,GLOBAL_BASELINE_NO_ENTITY_RANKING,,,NOT_APPLICABLE_GLOBAL_BASELINE,HF9g-P5,,,,X 全窗基线 · 不参与实体赏罚,14190250,1420,A168_HF9F_20260827_0900,2026-08-27 09:00:00
2026-06-11,140221144,1646,0,175.9133964817,-36.1975642760,-36.1975642760,0.5000000,7,7,0.50282064285714286,0.502820642857,-0.013818491375558404,-0.0138184913748585,-0.013818491375558404,1.4286E-13,ELIGIBLE,R03b_20260811_FULL_v1,L1_ELIGIBILITY,v2026-08-11,2026-03-21..2026-08-06,baccarat_bet02_101_all_pairs_incl_sentinel,round_win = game_pnl > 0 (decisive only),COMPATIBILITY_ONLY_NOT_PRODUCTION,114053.6424,102846.2734,6629.8046,1763,1761,-0.05812883,-0.20377779,-0.05613377,-0.05812883,-6629.8046,114053.6424,OK,0.0000,265.1922,4.0000,96.0000,AG03-UNRESOLVED,ALL5_LEVELS_bet23_to_bet27,265.1922,265.1922,265.1922,265.1922,265.1922,4.000000,4.000000,4.000000,4.000000,4.000000,96.000000,96.000000,96.000000,96.000000,96.000000,5.0,1325.9609,1224.0429,5303.8436,5405.7616,PENDING_AG03,FALSE,NOT_FOR_ENFORCEMENT,6364.6124,98732.4225,6629.8046,6364.6124,265.1922,0.05812883,0.05580367,265.1922,6364.6124,0.05580367,265.1922,265.1922,265.1922,265.1922,265.1922,6364.6124,0.05580367,1325.9609,1224.0429,5303.8436,5405.7616,0.04650306,0.04739666,0.00232515,64.6929,58.4022,3.7648,236.7787,28.3325,4073.3444,62.8929,17.9205,67.0915,20.5198,41.0397,89.6552,137.931,195.8702,245.4342,34.2936,0.0,4.772704,5.980413,1.576351,17,91,104,3,0.01351263,0.05812883,0.20377779,0E-8,0.000000,0.901736,0.003971,-0.14764402,2026-03-22,2026-08-04,28,234,128,136,0.205882,0.267106,0.277009,0.045042,,,,,,,,GLOBAL_BASELINE_NO_ENTITY_RANKING,,,NOT_APPLICABLE_GLOBAL_BASELINE,HF9g-P5,,,,X 全窗基线 · 不参与实体赏罚,14190251,1420,A168_HF9F_20260827_0900,2026-08-27 09:00:00
2026-06-11,140221144,1702,0,6.7658998647,-6.7658998647,-6.7658998647,0E-7,1,1,0.49324550000000000,0.493245500000,-0.9865810262130424,-0.9865810262130424,-0.9865810262130424,0E-17,ELIGIBLE,R03b_20260811_FULL_v1,L1_ELIGIBILITY,v2026-08-11,2026-03-21..2026-08-06,baccarat_bet02_101_all_pairs_incl_sentinel,round_win = game_pnl > 0 (decisive only),COMPATIBILITY_ONLY_NOT_PRODUCTION,114053.6424,102846.2734,6629.8046,1763,1761,-0.05812883,-0.20377779,-0.05613377,-0.05812883,-6629.8046,114053.6424,OK,0.0000,265.1922,4.0000,96.0000,AG03-UNRESOLVED,ALL5_LEVELS_bet23_to_bet27,265.1922,265.1922,265.1922,265.1922,265.1922,4.000000,4.000000,4.000000,4.000000,4.000000,96.000000,96.000000,96.000000,96.000000,96.000000,5.0,1325.9609,1224.0429,5303.8436,5405.7616,PENDING_AG03,FALSE,NOT_FOR_ENFORCEMENT,6364.6124,98732.4225,6629.8046,6364.6124,265.1922,0.05812883,0.05580367,265.1922,6364.6124,0.05580367,265.1922,265.1922,265.1922,265.1922,265.1922,6364.6124,0.05580367,1325.9609,1224.0429,5303.8436,5405.7616,0.04650306,0.04739666,0.00232515,64.6929,58.4022,3.7648,236.7787,28.3325,4073.3444,62.8929,17.9205,67.0915,20.5198,41.0397,89.6552,137.931,195.8702,245.4342,34.2936,0.0,4.772704,5.980413,1.576351,17,91,104,3,0.01351263,0.05812883,0.20377779,0E-8,0.000000,0.901736,0.003971,-0.14764402,2026-03-22,2026-08-04,28,234,128,136,0.205882,0.267106,0.277009,0.045042,,,,,,,,GLOBAL_BASELINE_NO_ENTITY_RANKING,,,NOT_APPLICABLE_GLOBAL_BASELINE,HF9g-P5,,,,X 全窗基线 · 不参与实体赏罚,14190252,1420,A168_HF9F_20260827_0900,2026-08-27 09:00:00
2026-06-11,140221144,1985,0,981.0554803786,-172.5304465494,-172.5304465494,0.4705882,19,19,0.49888979473684211,0.498889794737,-0.23338121321551034,-0.2333812132168122,-0.23338121321551034,-1.5789E-13,ELIGIBLE,R03b_20260811_FULL_v1,L1_ELIGIBILITY,v2026-08-11,2026-03-21..2026-08-06,baccarat_bet02_101_all_pairs_incl_sentinel,round_win = game_pnl > 0 (decisive only),COMPATIBILITY_ONLY_NOT_PRODUCTION,114053.6424,102846.2734,6629.8046,1763,1761,-0.05812883,-0.20377779,-0.05613377,-0.05812883,-6629.8046,114053.6424,OK,0.0000,265.1922,4.0000,96.0000,AG03-UNRESOLVED,ALL5_LEVELS_bet23_to_bet27,265.1922,265.1922,265.1922,265.1922,265.1922,4.000000,4.000000,4.000000,4.000000,4.000000,96.000000,96.000000,96.000000,96.000000,96.000000,5.0,1325.9609,1224.0429,5303.8436,5405.7616,PENDING_AG03,FALSE,NOT_FOR_ENFORCEMENT,6364.6124,98732.4225,6629.8046,6364.6124,265.1922,0.05812883,0.05580367,265.1922,6364.6124,0.05580367,265.1922,265.1922,265.1922,265.1922,265.1922,6364.6124,0.05580367,1325.9609,1224.0429,5303.8436,5405.7616,0.04650306,0.04739666,0.00232515,64.6929,58.4022,3.7648,236.7787,28.3325,4073.3444,62.8929,17.9205,67.0915,20.5198,41.0397,89.6552,137.931,195.8702,245.4342,34.2936,0.0,4.772704,5.980413,1.576351,17,91,104,3,0.01351263,0.05812883,0.20377779,0E-8,0.000000,0.901736,0.003971,-0.14764402,2026-03-22,2026-08-04,28,234,128,136,0.205882,0.267106,0.277009,0.045042,,,,,,,,GLOBAL_BASELINE_NO_ENTITY_RANKING,,,NOT_APPLICABLE_GLOBAL_BASELINE,HF9g-P5,,,,X 全窗基线 · 不参与实体赏罚,14190253,1420,A168_HF9F_20260827_0900,2026-08-27 09:00:00
2026-06-11,140221144,2106,0,6.7658998647,-6.7658998647,-6.7658998647,0E-7,1,1,0.50665070000000000,0.506650700000,-1.013391052207602,-1.013391052207602,-1.013391052207602,0E-17,ELIGIBLE,R03b_20260811_FULL_v1,L1_ELIGIBILITY,v2026-08-11,2026-03-21..2026-08-06,baccarat_bet02_101_all_pairs_incl_sentinel,round_win = game_pnl > 0 (decisive only),COMPATIBILITY_ONLY_NOT_PRODUCTION,114053.6424,102846.2734,6629.8046,1763,1761,-0.05812883,-0.20377779,-0.05613377,-0.05812883,-6629.8046,114053.6424,OK,0.0000,265.1922,4.0000,96.0000,AG03-UNRESOLVED,ALL5_LEVELS_bet23_to_bet27,265.1922,265.1922,265.1922,265.1922,265.1922,4.000000,4.000000,4.000000,4.000000,4.000000,96.000000,96.000000,96.000000,96.000000,96.000000,5.0,1325.9609,1224.0429,5303.8436,5405.7616,PENDING_AG03,FALSE,NOT_FOR_ENFORCEMENT,6364.6124,98732.4225,6629.8046,6364.6124,265.1922,0.05812883,0.05580367,265.1922,6364.6124,0.05580367,265.1922,265.1922,265.1922,265.1922,265.1922,6364.6124,0.05580367,1325.9609,1224.0429,5303.8436,5405.7616,0.04650306,0.04739666,0.00232515,64.6929,58.4022,3.7648,236.7787,28.3325,4073.3444,62.8929,17.9205,67.0915,20.5198,41.0397,89.6552,137.931,195.8702,245.4342,34.2936,0.0,4.772704,5.980413,1.576351,17,91,104,3,0.01351263,0.05812883,0.20377779,0E-8,0.000000,0.901736,0.003971,-0.14764402,2026-03-22,2026-08-04,28,234,128,136,0.205882,0.267106,0.277009,0.045042,,,,,,,,GLOBAL_BASELINE_NO_ENTITY_RANKING,,,NOT_APPLICABLE_GLOBAL_BASELINE,HF9g-P5,,,,X 全窗基线 · 不参与实体赏罚,14190254,1420,A168_HF9F_20260827_0900,2026-08-27 09:00:00
2026-06-11,140221144,2108,0,40.5953991882,-13.5317997294,-13.5317997294,0E-7,3,3,0.49771390000000000,0.497713900000,-0.9954382048786059,-0.995438204878606,-0.9954382048786059,0E-17,ELIGIBLE,R03b_20260811_FULL_v1,L1_ELIGIBILITY,v2026-08-11,2026-03-21..2026-08-06,baccarat_bet02_101_all_pairs_incl_sentinel,round_win = game_pnl > 0 (decisive only),COMPATIBILITY_ONLY_NOT_PRODUCTION,114053.6424,102846.2734,6629.8046,1763,1761,-0.05812883,-0.20377779,-0.05613377,-0.05812883,-6629.8046,114053.6424,OK,0.0000,265.1922,4.0000,96.0000,AG03-UNRESOLVED,ALL5_LEVELS_bet23_to_bet27,265.1922,265.1922,265.1922,265.1922,265.1922,4.000000,4.000000,4.000000,4.000000,4.000000,96.000000,96.000000,96.000000,96.000000,96.000000,5.0,1325.9609,1224.0429,5303.8436,5405.7616,PENDING_AG03,FALSE,NOT_FOR_ENFORCEMENT,6364.6124,98732.4225,6629.8046,6364.6124,265.1922,0.05812883,0.05580367,265.1922,6364.6124,0.05580367,265.1922,265.1922,265.1922,265.1922,265.1922,6364.6124,0.05580367,1325.9609,1224.0429,5303.8436,5405.7616,0.04650306,0.04739666,0.00232515,64.6929,58.4022,3.7648,236.7787,28.3325,4073.3444,62.8929,17.9205,67.0915,20.5198,41.0397,89.6552,137.931,195.8702,245.4342,34.2936,0.0,4.772704,5.980413,1.576351,17,91,104,3,0.01351263,0.05812883,0.20377779,0E-8,0.000000,0.901736,0.003971,-0.14764402,2026-03-22,2026-08-04,28,234,128,136,0.205882,0.267106,0.277009,0.045042,,,,,,,,GLOBAL_BASELINE_NO_ENTITY_RANKING,,,NOT_APPLICABLE_GLOBAL_BASELINE,HF9g-P5,,,,X 全窗基线 · 不参与实体赏罚,14190255,1420,A168_HF9F_20260827_0900,2026-08-27 09:00:00
2026-06-11,140221144,2176,0,466.8470906629,3.3829499324,3.3829499324,0.4444444,10,10,0.49860758000000000,0.498607580000,-0.3249800735002549,-0.32498007350025493,-0.3249800735002549,0E-17,ELIGIBLE,R03b_20260811_FULL_v1,L1_ELIGIBILITY,v2026-08-11,2026-03-21..2026-08-06,baccarat_bet02_101_all_pairs_incl_sentinel,round_win = game_pnl > 0 (decisive only),COMPATIBILITY_ONLY_NOT_PRODUCTION,114053.6424,102846.2734,6629.8046,1763,1761,-0.05812883,-0.20377779,-0.05613377,-0.05812883,-6629.8046,114053.6424,OK,0.0000,265.1922,4.0000,96.0000,AG03-UNRESOLVED,ALL5_LEVELS_bet23_to_bet27,265.1922,265.1922,265.1922,265.1922,265.1922,4.000000,4.000000,4.000000,4.000000,4.000000,96.000000,96.000000,96.000000,96.000000,96.000000,5.0,1325.9609,1224.0429,5303.8436,5405.7616,PENDING_AG03,FALSE,NOT_FOR_ENFORCEMENT,6364.6124,98732.4225,6629.8046,6364.6124,265.1922,0.05812883,0.05580367,265.1922,6364.6124,0.05580367,265.1922,265.1922,265.1922,265.1922,265.1922,6364.6124,0.05580367,1325.9609,1224.0429,5303.8436,5405.7616,0.04650306,0.04739666,0.00232515,64.6929,58.4022,3.7648,236.7787,28.3325,4073.3444,62.8929,17.9205,67.0915,20.5198,41.0397,89.6552,137.931,195.8702,245.4342,34.2936,0.0,4.772704,5.980413,1.576351,17,91,104,3,0.01351263,0.05812883,0.20377779,0E-8,0.000000,0.901736,0.003971,-0.14764402,2026-03-22,2026-08-04,28,234,128,136,0.205882,0.267106,0.277009,0.045042,,,,,,,,GLOBAL_BASELINE_NO_ENTITY_RANKING,,,NOT_APPLICABLE_GLOBAL_BASELINE,HF9g-P5,,,,X 全窗基线 · 不参与实体赏罚,14190256,1420,A168_HF9F_20260827_0900,2026-08-27 09:00:00
2026-06-11,140221144,2205,0,169.1474966169,24.3572395128,24.3572395128,0.6666667,7,7,0.49899058571428571,0.498990585714,0.8214433547731099,0.8214433547745106,0.8214433547731099,2.8571E-13,ELIGIBLE,R03b_20260811_FULL_v1,L1_ELIGIBILITY,v2026-08-11,2026-03-21..2026-08-06,baccarat_bet02_101_all_pairs_incl_sentinel,round_win = game_pnl > 0 (decisive only),COMPATIBILITY_ONLY_NOT_PRODUCTION,114053.6424,102846.2734,6629.8046,1763,1761,-0.05812883,-0.20377779,-0.05613377,-0.05812883,-6629.8046,114053.6424,OK,0.0000,265.1922,4.0000,96.0000,AG03-UNRESOLVED,ALL5_LEVELS_bet23_to_bet27,265.1922,265.1922,265.1922,265.1922,265.1922,4.000000,4.000000,4.000000,4.000000,4.000000,96.000000,96.000000,96.000000,96.000000,96.000000,5.0,1325.9609,1224.0429,5303.8436,5405.7616,PENDING_AG03,FALSE,NOT_FOR_ENFORCEMENT,6364.6124,98732.4225,6629.8046,6364.6124,265.1922,0.05812883,0.05580367,265.1922,6364.6124,0.05580367,265.1922,265.1922,265.1922,265.1922,265.1922,6364.6124,0.05580367,1325.9609,1224.0429,5303.8436,5405.7616,0.04650306,0.04739666,0.00232515,64.6929,58.4022,3.7648,236.7787,28.3325,4073.3444,62.8929,17.9205,67.0915,20.5198,41.0397,89.6552,137.931,195.8702,245.4342,34.2936,0.0,4.772704,5.980413,1.576351,17,91,104,3,0.01351263,0.05812883,0.20377779,0E-8,0.000000,0.901736,0.003971,-0.14764402,2026-03-22,2026-08-04,28,234,128,136,0.205882,0.267106,0.277009,0.045042,,,,,,,,GLOBAL_BASELINE_NO_ENTITY_RANKING,,,NOT_APPLICABLE_GLOBAL_BASELINE,HF9g-P5,,,,X 全窗基线 · 不参与实体赏罚,14190257,1420,A168_HF9F_20260827_0900,2026-08-27 09:00:00
2026-06-11,140221144,2212,0,67.6589986468,33.8294993234,33.8294993234,1.0000000,2,2,0.49994810000000000,0.499948100000,1.0001038053877793,1.0001038053877793,1.0001038053877793,0E-17,ELIGIBLE,R03b_20260811_FULL_v1,L1_ELIGIBILITY,v2026-08-11,2026-03-21..2026-08-06,baccarat_bet02_101_all_pairs_incl_sentinel,round_win = game_pnl > 0 (decisive only),COMPATIBILITY_ONLY_NOT_PRODUCTION,114053.6424,102846.2734,6629.8046,1763,1761,-0.05812883,-0.20377779,-0.05613377,-0.05812883,-6629.8046,114053.6424,OK,0.0000,265.1922,4.0000,96.0000,AG03-UNRESOLVED,ALL5_LEVELS_bet23_to_bet27,265.1922,265.1922,265.1922,265.1922,265.1922,4.000000,4.000000,4.000000,4.000000,4.000000,96.000000,96.000000,96.000000,96.000000,96.000000,5.0,1325.9609,1224.0429,5303.8436,5405.7616,PENDING_AG03,FALSE,NOT_FOR_ENFORCEMENT,6364.6124,98732.4225,6629.8046,6364.6124,265.1922,0.05812883,0.05580367,265.1922,6364.6124,0.05580367,265.1922,265.1922,265.1922,265.1922,265.1922,6364.6124,0.05580367,1325.9609,1224.0429,5303.8436,5405.7616,0.04650306,0.04739666,0.00232515,64.6929,58.4022,3.7648,236.7787,28.3325,4073.3444,62.8929,17.9205,67.0915,20.5198,41.0397,89.6552,137.931,195.8702,245.4342,34.2936,0.0,4.772704,5.980413,1.576351,17,91,104,3,0.01351263,0.05812883,0.20377779,0E-8,0.000000,0.901736,0.003971,-0.14764402,2026-03-22,2026-08-04,28,234,128,136,0.205882,0.267106,0.277009,0.045042,,,,,,,,GLOBAL_BASELINE_NO_ENTITY_RANKING,,,NOT_APPLICABLE_GLOBAL_BASELINE,HF9g-P5,,,,X 全窗基线 · 不参与实体赏罚,14190258,1420,A168_HF9F_20260827_0900,2026-08-27 09:00:00
2026-06-11,140221144,2224,0,142.0838971583,4.7361299053,4.7361299053,0.6666667,3,3,0.49771390000000000,0.497713900000,0.5852756695216578,0.5852756695216578,0.5852756695216578,0E-17,ELIGIBLE,R03b_20260811_FULL_v1,L1_ELIGIBILITY,v2026-08-11,2026-03-21..2026-08-06,baccarat_bet02_101_all_pairs_incl_sentinel,round_win = game_pnl > 0 (decisive only),COMPATIBILITY_ONLY_NOT_PRODUCTION,114053.6424,102846.2734,6629.8046,1763,1761,-0.05812883,-0.20377779,-0.05613377,-0.05812883,-6629.8046,114053.6424,OK,0.0000,265.1922,4.0000,96.0000,AG03-UNRESOLVED,ALL5_LEVELS_bet23_to_bet27,265.1922,265.1922,265.1922,265.1922,265.1922,4.000000,4.000000,4.000000,4.000000,4.000000,96.000000,96.000000,96.000000,96.000000,96.000000,5.0,1325.9609,1224.0429,5303.8436,5405.7616,PENDING_AG03,FALSE,NOT_FOR_ENFORCEMENT,6364.6124,98732.4225,6629.8046,6364.6124,265.1922,0.05812883,0.05580367,265.1922,6364.6124,0.05580367,265.1922,265.1922,265.1922,265.1922,265.1922,6364.6124,0.05580367,1325.9609,1224.0429,5303.8436,5405.7616,0.04650306,0.04739666,0.00232515,64.6929,58.4022,3.7648,236.7787,28.3325,4073.3444,62.8929,17.9205,67.0915,20.5198,41.0397,89.6552,137.931,195.8702,245.4342,34.2936,0.0,4.772704,5.980413,1.576351,17,91,104,3,0.01351263,0.05812883,0.20377779,0E-8,0.000000,0.901736,0.003971,-0.14764402,2026-03-22,2026-08-04,28,234,128,136,0.205882,0.267106,0.277009,0.045042,,,,,,,,GLOBAL_BASELINE_NO_ENTITY_RANKING,,,NOT_APPLICABLE_GLOBAL_BASELINE,HF9g-P5,,,,X 全窗基线 · 不参与实体赏罚,14190259,1420,A168_HF9F_20260827_0900,2026-08-27 09:00:00
2026-06-11,140221144,2261,0,27.0635994588,-13.8700947227,-13.8700947227,0.2500000,4,4,0.50329940000000000,0.503299400000,-1.013219660140378,-1.013219660140378,-1.013219660140378,0E-17,ELIGIBLE,R03b_20260811_FULL_v1,L1_ELIGIBILITY,v2026-08-11,2026-03-21..2026-08-06,baccarat_bet02_101_all_pairs_incl_sentinel,round_win = game_pnl > 0 (decisive only),COMPATIBILITY_ONLY_NOT_PRODUCTION,114053.6424,102846.2734,6629.8046,1763,1761,-0.05812883,-0.20377779,-0.05613377,-0.05812883,-6629.8046,114053.6424,OK,0.0000,265.1922,4.0000,96.0000,AG03-UNRESOLVED,ALL5_LEVELS_bet23_to_bet27,265.1922,265.1922,265.1922,265.1922,265.1922,4.000000,4.000000,4.000000,4.000000,4.000000,96.000000,96.000000,96.000000,96.000000,96.000000,5.0,1325.9609,1224.0429,5303.8436,5405.7616,PENDING_AG03,FALSE,NOT_FOR_ENFORCEMENT,6364.6124,98732.4225,6629.8046,6364.6124,265.1922,0.05812883,0.05580367,265.1922,6364.6124,0.05580367,265.1922,265.1922,265.1922,265.1922,265.1922,6364.6124,0.05580367,1325.9609,1224.0429,5303.8436,5405.7616,0.04650306,0.04739666,0.00232515,64.6929,58.4022,3.7648,236.7787,28.3325,4073.3444,62.8929,17.9205,67.0915,20.5198,41.0397,89.6552,137.931,195.8702,245.4342,34.2936,0.0,4.772704,5.980413,1.576351,17,91,104,3,0.01351263,0.05812883,0.20377779,0E-8,0.000000,0.901736,0.003971,-0.14764402,2026-03-22,2026-08-04,28,234,128,136,0.205882,0.267106,0.277009,0.045042,,,,,,,,GLOBAL_BASELINE_NO_ENTITY_RANKING,,,NOT_APPLICABLE_GLOBAL_BASELINE,HF9g-P5,,,,X 全窗基线 · 不参与实体赏罚,14190260,1420,A168_HF9F_20260827_0900,2026-08-27 09:00:00
2026-06-11,140221144,2267,0,33.8294993234,-33.8294993234,-33.8294993234,0E-7,2,2,0.49994810000000000,0.499948100000,-1.4140667746232096,-1.4140667746232096,-1.4140667746232096,0E-17,ELIGIBLE,R03b_20260811_FULL_v1,L1_ELIGIBILITY,v2026-08-11,2026-03-21..2026-08-06,baccarat_bet02_101_all_pairs_incl_sentinel,round_win = game_pnl > 0 (decisive only),COMPATIBILITY_ONLY_NOT_PRODUCTION,114053.6424,102846.2734,6629.8046,1763,1761,-0.05812883,-0.20377779,-0.05613377,-0.05812883,-6629.8046,114053.6424,OK,0.0000,265.1922,4.0000,96.0000,AG03-UNRESOLVED,ALL5_LEVELS_bet23_to_bet27,265.1922,265.1922,265.1922,265.1922,265.1922,4.000000,4.000000,4.000000,4.000000,4.000000,96.000000,96.000000,96.000000,96.000000,96.000000,5.0,1325.9609,1224.0429,5303.8436,5405.7616,PENDING_AG03,FALSE,NOT_FOR_ENFORCEMENT,6364.6124,98732.4225,6629.8046,6364.6124,265.1922,0.05812883,0.05580367,265.1922,6364.6124,0.05580367,265.1922,265.1922,265.1922,265.1922,265.1922,6364.6124,0.05580367,1325.9609,1224.0429,5303.8436,5405.7616,0.04650306,0.04739666,0.00232515,64.6929,58.4022,3.7648,236.7787,28.3325,4073.3444,62.8929,17.9205,67.0915,20.5198,41.0397,89.6552,137.931,195.8702,245.4342,34.2936,0.0,4.772704,5.980413,1.576351,17,91,104,3,0.01351263,0.05812883,0.20377779,0E-8,0.000000,0.901736,0.003971,-0.14764402,2026-03-22,2026-08-04,28,234,128,136,0.205882,0.267106,0.277009,0.045042,,,,,,,,GLOBAL_BASELINE_NO_ENTITY_RANKING,,,NOT_APPLICABLE_GLOBAL_BASELINE,HF9g-P5,,,,X 全窗基线 · 不参与实体赏罚,14190261,1420,A168_HF9F_20260827_0900,2026-08-27 09:00:00
2026-06-11,140221144,2276,0,47.3612990529,-6.7658998647,-6.7658998647,0.5000000,4,4,0.49659680000000000,0.496596800000,0.013613115331600182,0.013613115331600183,0.013613115331600182,0E-17,ELIGIBLE,R03b_20260811_FULL_v1,L1_ELIGIBILITY,v2026-08-11,2026-03-21..2026-08-06,baccarat_bet02_101_all_pairs_incl_sentinel,round_win = game_pnl > 0 (decisive only),COMPATIBILITY_ONLY_NOT_PRODUCTION,114053.6424,102846.2734,6629.8046,1763,1761,-0.05812883,-0.20377779,-0.05613377,-0.05812883,-6629.8046,114053.6424,OK,0.0000,265.1922,4.0000,96.0000,AG03-UNRESOLVED,ALL5_LEVELS_bet23_to_bet27,265.1922,265.1922,265.1922,265.1922,265.1922,4.000000,4.000000,4.000000,4.000000,4.000000,96.000000,96.000000,96.000000,96.000000,96.000000,5.0,1325.9609,1224.0429,5303.8436,5405.7616,PENDING_AG03,FALSE,NOT_FOR_ENFORCEMENT,6364.6124,98732.4225,6629.8046,6364.6124,265.1922,0.05812883,0.05580367,265.1922,6364.6124,0.05580367,265.1922,265.1922,265.1922,265.1922,265.1922,6364.6124,0.05580367,1325.9609,1224.0429,5303.8436,5405.7616,0.04650306,0.04739666,0.00232515,64.6929,58.4022,3.7648,236.7787,28.3325,4073.3444,62.8929,17.9205,67.0915,20.5198,41.0397,89.6552,137.931,195.8702,245.4342,34.2936,0.0,4.772704,5.980413,1.576351,17,91,104,3,0.01351263,0.05812883,0.20377779,0E-8,0.000000,0.901736,0.003971,-0.14764402,2026-03-22,2026-08-04,28,234,128,136,0.205882,0.267106,0.277009,0.045042,,,,,,,,GLOBAL_BASELINE_NO_ENTITY_RANKING,,,NOT_APPLICABLE_GLOBAL_BASELINE,HF9g-P5,,,,X 全窗基线 · 不参与实体赏罚,14190262,1420,A168_HF9F_20260827_0900,2026-08-27 09:00:00
2026-06-11,140221144,471,0,60.8930987822,6.7658998646,6.7658998646,0.3333333,3,3,0.49771390000000000,0.497713900000,-0.5694369385616226,-0.5694369385616226,-0.5694369385616226,0E-17,ELIGIBLE,R03b_20260811_FULL_v1,L1_ELIGIBILITY,v2026-08-11,2026-03-21..2026-08-06,baccarat_bet02_101_all_pairs_incl_sentinel,round_win = game_pnl > 0 (decisive only),COMPATIBILITY_ONLY_NOT_PRODUCTION,114053.6424,102846.2734,6629.8046,1763,1761,-0.05812883,-0.20377779,-0.05613377,-0.05812883,-6629.8046,114053.6424,OK,0.0000,265.1922,4.0000,96.0000,AG03-UNRESOLVED,ALL5_LEVELS_bet23_to_bet27,265.1922,265.1922,265.1922,265.1922,265.1922,4.000000,4.000000,4.000000,4.000000,4.000000,96.000000,96.000000,96.000000,96.000000,96.000000,5.0,1325.9609,1224.0429,5303.8436,5405.7616,PENDING_AG03,FALSE,NOT_FOR_ENFORCEMENT,6364.6124,98732.4225,6629.8046,6364.6124,265.1922,0.05812883,0.05580367,265.1922,6364.6124,0.05580367,265.1922,265.1922,265.1922,265.1922,265.1922,6364.6124,0.05580367,1325.9609,1224.0429,5303.8436,5405.7616,0.04650306,0.04739666,0.00232515,64.6929,58.4022,3.7648,236.7787,28.3325,4073.3444,62.8929,17.9205,67.0915,20.5198,41.0397,89.6552,137.931,195.8702,245.4342,34.2936,0.0,4.772704,5.980413,1.576351,17,91,104,3,0.01351263,0.05812883,0.20377779,0E-8,0.000000,0.901736,0.003971,-0.14764402,2026-03-22,2026-08-04,28,234,128,136,0.205882,0.267106,0.277009,0.045042,,,,,,,,GLOBAL_BASELINE_NO_ENTITY_RANKING,,,NOT_APPLICABLE_GLOBAL_BASELINE,HF9g-P5,,,,X 全窗基线 · 不参与实体赏罚,14190263,1420,A168_HF9F_20260827_0900,2026-08-27 09:00:00
2026-06-11,140221144,789,0,6.7658998647,-6.7658998647,-6.7658998647,0E-7,1,1,0.50665070000000000,0.506650700000,-1.013391052207602,-1.013391052207602,-1.013391052207602,0E-17,ELIGIBLE,R03b_20260811_FULL_v1,L1_ELIGIBILITY,v2026-08-11,2026-03-21..2026-08-06,baccarat_bet02_101_all_pairs_incl_sentinel,round_win = game_pnl > 0 (decisive only),COMPATIBILITY_ONLY_NOT_PRODUCTION,114053.6424,102846.2734,6629.8046,1763,1761,-0.05812883,-0.20377779,-0.05613377,-0.05812883,-6629.8046,114053.6424,OK,0.0000,265.1922,4.0000,96.0000,AG03-UNRESOLVED,ALL5_LEVELS_bet23_to_bet27,265.1922,265.1922,265.1922,265.1922,265.1922,4.000000,4.000000,4.000000,4.000000,4.000000,96.000000,96.000000,96.000000,96.000000,96.000000,5.0,1325.9609,1224.0429,5303.8436,5405.7616,PENDING_AG03,FALSE,NOT_FOR_ENFORCEMENT,6364.6124,98732.4225,6629.8046,6364.6124,265.1922,0.05812883,0.05580367,265.1922,6364.6124,0.05580367,265.1922,265.1922,265.1922,265.1922,265.1922,6364.6124,0.05580367,1325.9609,1224.0429,5303.8436,5405.7616,0.04650306,0.04739666,0.00232515,64.6929,58.4022,3.7648,236.7787,28.3325,4073.3444,62.8929,17.9205,67.0915,20.5198,41.0397,89.6552,137.931,195.8702,245.4342,34.2936,0.0,4.772704,5.980413,1.576351,17,91,104,3,0.01351263,0.05812883,0.20377779,0E-8,0.000000,0.901736,0.003971,-0.14764402,2026-03-22,2026-08-04,28,234,128,136,0.205882,0.267106,0.277009,0.045042,,,,,,,,GLOBAL_BASELINE_NO_ENTITY_RANKING,,,NOT_APPLICABLE_GLOBAL_BASELINE,HF9g-P5,,,,X 全窗基线 · 不参与实体赏罚,14190264,1420,A168_HF9F_20260827_0900,2026-08-27 09:00:00
2026-06-16,140221144,-1,1,175.9133964817,-23.3423545331,-23.3423545331,0.5000000,10,10,0.50128862000000000,0.501288620000,-0.00728955973225404,-0.00728955973225404,-0.00728955973225404,0E-17,SENTINEL_DEALER,R03b_20260811_FULL_v1,L1_ELIGIBILITY,v2026-08-11,2026-03-21..2026-08-06,baccarat_bet02_101_all_pairs_incl_sentinel,round_win = game_pnl > 0 (decisive only),COMPATIBILITY_ONLY_NOT_PRODUCTION,114053.6424,102846.2734,6629.8046,1763,1761,-0.05812883,-0.20377779,-0.05613377,-0.05812883,-6629.8046,114053.6424,OK,0.0000,265.1922,4.0000,96.0000,AG03-UNRESOLVED,ALL5_LEVELS_bet23_to_bet27,265.1922,265.1922,265.1922,265.1922,265.1922,4.000000,4.000000,4.000000,4.000000,4.000000,96.000000,96.000000,96.000000,96.000000,96.000000,5.0,1325.9609,1224.0429,5303.8436,5405.7616,PENDING_AG03,FALSE,NOT_FOR_ENFORCEMENT,6364.6124,98732.4225,6629.8046,6364.6124,265.1922,0.05812883,0.05580367,265.1922,6364.6124,0.05580367,265.1922,265.1922,265.1922,265.1922,265.1922,6364.6124,0.05580367,1325.9609,1224.0429,5303.8436,5405.7616,0.04650306,0.04739666,0.00232515,64.6929,58.4022,3.7648,236.7787,28.3325,4073.3444,62.8929,17.9205,67.0915,20.5198,41.0397,89.6552,137.931,195.8702,245.4342,34.2936,0.0,4.772704,5.980413,1.576351,17,91,104,3,0.01351263,0.05812883,0.20377779,0E-8,0.000000,0.901736,0.003971,-0.14764402,2026-03-22,2026-08-04,28,234,128,136,0.205882,0.267106,0.277009,0.045042,,,,,,,,GLOBAL_BASELINE_NO_ENTITY_RANKING,,,NOT_APPLICABLE_GLOBAL_BASELINE,HF9g-P5,,,,X 全窗基线 · 不参与实体赏罚,14190265,1420,A168_HF9F_20260827_0900,2026-08-27 09:00:00
2026-06-16,140221144,1109,0,338.2949932340,-270.6359945872,-270.6359945872,0E-7,5,5,0.49592654000000000,0.495926540000,-1.9837719948528498,-1.9837719948528498,-1.9837719948528498,0E-17,ELIGIBLE,R03b_20260811_FULL_v1,L1_ELIGIBILITY,v2026-08-11,2026-03-21..2026-08-06,baccarat_bet02_101_all_pairs_incl_sentinel,round_win = game_pnl > 0 (decisive only),COMPATIBILITY_ONLY_NOT_PRODUCTION,114053.6424,102846.2734,6629.8046,1763,1761,-0.05812883,-0.20377779,-0.05613377,-0.05812883,-6629.8046,114053.6424,OK,0.0000,265.1922,4.0000,96.0000,AG03-UNRESOLVED,ALL5_LEVELS_bet23_to_bet27,265.1922,265.1922,265.1922,265.1922,265.1922,4.000000,4.000000,4.000000,4.000000,4.000000,96.000000,96.000000,96.000000,96.000000,96.000000,5.0,1325.9609,1224.0429,5303.8436,5405.7616,PENDING_AG03,FALSE,NOT_FOR_ENFORCEMENT,6364.6124,98732.4225,6629.8046,6364.6124,265.1922,0.05812883,0.05580367,265.1922,6364.6124,0.05580367,265.1922,265.1922,265.1922,265.1922,265.1922,6364.6124,0.05580367,1325.9609,1224.0429,5303.8436,5405.7616,0.04650306,0.04739666,0.00232515,64.6929,58.4022,3.7648,236.7787,28.3325,4073.3444,62.8929,17.9205,67.0915,20.5198,41.0397,89.6552,137.931,195.8702,245.4342,34.2936,0.0,4.772704,5.980413,1.576351,17,91,104,3,0.01351263,0.05812883,0.20377779,0E-8,0.000000,0.901736,0.003971,-0.14764402,2026-03-22,2026-08-04,28,234,128,136,0.205882,0.267106,0.277009,0.045042,,,,,,,,GLOBAL_BASELINE_NO_ENTITY_RANKING,,,NOT_APPLICABLE_GLOBAL_BASELINE,HF9g-P5,,,,X 全窗基线 · 不参与实体赏罚,14190266,1420,A168_HF9F_20260827_0900,2026-08-27 09:00:00
2026-06-16,140221144,1363,0,669.8240866030,233.0852503380,233.0852503380,0.6956522,24,24,0.50106520000000000,0.501065200000,1.8664169225050176,1.8664169225050176,1.8664169225050176,0E-17,ELIGIBLE,R03b_20260811_FULL_v1,L1_ELIGIBILITY,v2026-08-11,2026-03-21..2026-08-06,baccarat_bet02_101_all_pairs_incl_sentinel,round_win = game_pnl > 0 (decisive only),COMPATIBILITY_ONLY_NOT_PRODUCTION,114053.6424,102846.2734,6629.8046,1763,1761,-0.05812883,-0.20377779,-0.05613377,-0.05812883,-6629.8046,114053.6424,OK,0.0000,265.1922,4.0000,96.0000,AG03-UNRESOLVED,ALL5_LEVELS_bet23_to_bet27,265.1922,265.1922,265.1922,265.1922,265.1922,4.000000,4.000000,4.000000,4.000000,4.000000,96.000000,96.000000,96.000000,96.000000,96.000000,5.0,1325.9609,1224.0429,5303.8436,5405.7616,PENDING_AG03,FALSE,NOT_FOR_ENFORCEMENT,6364.6124,98732.4225,6629.8046,6364.6124,265.1922,0.05812883,0.05580367,265.1922,6364.6124,0.05580367,265.1922,265.1922,265.1922,265.1922,265.1922,6364.6124,0.05580367,1325.9609,1224.0429,5303.8436,5405.7616,0.04650306,0.04739666,0.00232515,64.6929,58.4022,3.7648,236.7787,28.3325,4073.3444,62.8929,17.9205,67.0915,20.5198,41.0397,89.6552,137.931,195.8702,245.4342,34.2936,0.0,4.772704,5.980413,1.576351,17,91,104,3,0.01351263,0.05812883,0.20377779,0E-8,0.000000,0.901736,0.003971,-0.14764402,2026-03-22,2026-08-04,28,234,128,136,0.205882,0.267106,0.277009,0.045042,,,,,,,,GLOBAL_BASELINE_NO_ENTITY_RANKING,,,NOT_APPLICABLE_GLOBAL_BASELINE,HF9g-P5,,,,X 全窗基线 · 不参与实体赏罚,14190267,1420,A168_HF9F_20260827_0900,2026-08-27 09:00:00
2026-06-16,140221144,1382,0,135.3179972936,135.3179972936,135.3179972936,1.0000000,1,1,0.49324550000000000,0.493245500000,1.01360149184955,1.01360149184955,1.01360149184955,0E-17,ELIGIBLE,R03b_20260811_FULL_v1,L1_ELIGIBILITY,v2026-08-11,2026-03-21..2026-08-06,baccarat_bet02_101_all_pairs_incl_sentinel,round_win = game_pnl > 0 (decisive only),COMPATIBILITY_ONLY_NOT_PRODUCTION,114053.6424,102846.2734,6629.8046,1763,1761,-0.05812883,-0.20377779,-0.05613377,-0.05812883,-6629.8046,114053.6424,OK,0.0000,265.1922,4.0000,96.0000,AG03-UNRESOLVED,ALL5_LEVELS_bet23_to_bet27,265.1922,265.1922,265.1922,265.1922,265.1922,4.000000,4.000000,4.000000,4.000000,4.000000,96.000000,96.000000,96.000000,96.000000,96.000000,5.0,1325.9609,1224.0429,5303.8436,5405.7616,PENDING_AG03,FALSE,NOT_FOR_ENFORCEMENT,6364.6124,98732.4225,6629.8046,6364.6124,265.1922,0.05812883,0.05580367,265.1922,6364.6124,0.05580367,265.1922,265.1922,265.1922,265.1922,265.1922,6364.6124,0.05580367,1325.9609,1224.0429,5303.8436,5405.7616,0.04650306,0.04739666,0.00232515,64.6929,58.4022,3.7648,236.7787,28.3325,4073.3444,62.8929,17.9205,67.0915,20.5198,41.0397,89.6552,137.931,195.8702,245.4342,34.2936,0.0,4.772704,5.980413,1.576351,17,91,104,3,0.01351263,0.05812883,0.20377779,0E-8,0.000000,0.901736,0.003971,-0.14764402,2026-03-22,2026-08-04,28,234,128,136,0.205882,0.267106,0.277009,0.045042,,,,,,,,GLOBAL_BASELINE_NO_ENTITY_RANKING,,,NOT_APPLICABLE_GLOBAL_BASELINE,HF9g-P5,,,,X 全窗基线 · 不参与实体赏罚,14190268,1420,A168_HF9F_20260827_0900,2026-08-27 09:00:00
2026-06-16,140221144,1385,0,399.1880920158,-28.0784844385,-28.0784844385,0.5000000,15,15,0.49771390000000000,0.497713900000,0.015838730960035123,0.015838730960035123,0.015838730960035123,0E-17,ELIGIBLE,R03b_20260811_FULL_v1,L1_ELIGIBILITY,v2026-08-11,2026-03-21..2026-08-06,baccarat_bet02_101_all_pairs_incl_sentinel,round_win = game_pnl > 0 (decisive only),COMPATIBILITY_ONLY_NOT_PRODUCTION,114053.6424,102846.2734,6629.8046,1763,1761,-0.05812883,-0.20377779,-0.05613377,-0.05812883,-6629.8046,114053.6424,OK,0.0000,265.1922,4.0000,96.0000,AG03-UNRESOLVED,ALL5_LEVELS_bet23_to_bet27,265.1922,265.1922,265.1922,265.1922,265.1922,4.000000,4.000000,4.000000,4.000000,4.000000,96.000000,96.000000,96.000000,96.000000,96.000000,5.0,1325.9609,1224.0429,5303.8436,5405.7616,PENDING_AG03,FALSE,NOT_FOR_ENFORCEMENT,6364.6124,98732.4225,6629.8046,6364.6124,265.1922,0.05812883,0.05580367,265.1922,6364.6124,0.05580367,265.1922,265.1922,265.1922,265.1922,265.1922,6364.6124,0.05580367,1325.9609,1224.0429,5303.8436,5405.7616,0.04650306,0.04739666,0.00232515,64.6929,58.4022,3.7648,236.7787,28.3325,4073.3444,62.8929,17.9205,67.0915,20.5198,41.0397,89.6552,137.931,195.8702,245.4342,34.2936,0.0,4.772704,5.980413,1.576351,17,91,104,3,0.01351263,0.05812883,0.20377779,0E-8,0.000000,0.901736,0.003971,-0.14764402,2026-03-22,2026-08-04,28,234,128,136,0.205882,0.267106,0.277009,0.045042,,,,,,,,GLOBAL_BASELINE_NO_ENTITY_RANKING,,,NOT_APPLICABLE_GLOBAL_BASELINE,HF9g-P5,,,,X 全窗基线 · 不参与实体赏罚,14190269,1420,A168_HF9F_20260827_0900,2026-08-27 09:00:00
2026-06-16,140221144,1941,0,2652.2327469548,415.4262516916,415.4262516916,0.5833333,28,28,0.49946934285714286,0.499469342857,0.8216964006157971,0.8216964006171972,0.8216964006157971,1.4286E-13,ELIGIBLE,R03b_20260811_FULL_v1,L1_ELIGIBILITY,v2026-08-11,2026-03-21..2026-08-06,baccarat_bet02_101_all_pairs_incl_sentinel,round_win = game_pnl > 0 (decisive only),COMPATIBILITY_ONLY_NOT_PRODUCTION,114053.6424,102846.2734,6629.8046,1763,1761,-0.05812883,-0.20377779,-0.05613377,-0.05812883,-6629.8046,114053.6424,OK,0.0000,265.1922,4.0000,96.0000,AG03-UNRESOLVED,ALL5_LEVELS_bet23_to_bet27,265.1922,265.1922,265.1922,265.1922,265.1922,4.000000,4.000000,4.000000,4.000000,4.000000,96.000000,96.000000,96.000000,96.000000,96.000000,5.0,1325.9609,1224.0429,5303.8436,5405.7616,PENDING_AG03,FALSE,NOT_FOR_ENFORCEMENT,6364.6124,98732.4225,6629.8046,6364.6124,265.1922,0.05812883,0.05580367,265.1922,6364.6124,0.05580367,265.1922,265.1922,265.1922,265.1922,265.1922,6364.6124,0.05580367,1325.9609,1224.0429,5303.8436,5405.7616,0.04650306,0.04739666,0.00232515,64.6929,58.4022,3.7648,236.7787,28.3325,4073.3444,62.8929,17.9205,67.0915,20.5198,41.0397,89.6552,137.931,195.8702,245.4342,34.2936,0.0,4.772704,5.980413,1.576351,17,91,104,3,0.01351263,0.05812883,0.20377779,0E-8,0.000000,0.901736,0.003971,-0.14764402,2026-03-22,2026-08-04,28,234,128,136,0.205882,0.267106,0.277009,0.045042,,,,,,,,GLOBAL_BASELINE_NO_ENTITY_RANKING,,,NOT_APPLICABLE_GLOBAL_BASELINE,HF9g-P5,,,,X 全窗基线 · 不参与实体赏罚,14190270,1420,A168_HF9F_20260827_0900,2026-08-27 09:00:00
2026-06-16,140221144,2121,0,209.7428958049,-41.6102841678,-41.6102841678,0.4285714,8,8,0.49994810000000000,0.499948100000,-0.377689846057837,-0.377689846057837,-0.377689846057837,0E-17,ELIGIBLE,R03b_20260811_FULL_v1,L1_ELIGIBILITY,v2026-08-11,2026-03-21..2026-08-06,baccarat_bet02_101_all_pairs_incl_sentinel,round_win = game_pnl > 0 (decisive only),COMPATIBILITY_ONLY_NOT_PRODUCTION,114053.6424,102846.2734,6629.8046,1763,1761,-0.05812883,-0.20377779,-0.05613377,-0.05812883,-6629.8046,114053.6424,OK,0.0000,265.1922,4.0000,96.0000,AG03-UNRESOLVED,ALL5_LEVELS_bet23_to_bet27,265.1922,265.1922,265.1922,265.1922,265.1922,4.000000,4.000000,4.000000,4.000000,4.000000,96.000000,96.000000,96.000000,96.000000,96.000000,5.0,1325.9609,1224.0429,5303.8436,5405.7616,PENDING_AG03,FALSE,NOT_FOR_ENFORCEMENT,6364.6124,98732.4225,6629.8046,6364.6124,265.1922,0.05812883,0.05580367,265.1922,6364.6124,0.05580367,265.1922,265.1922,265.1922,265.1922,265.1922,6364.6124,0.05580367,1325.9609,1224.0429,5303.8436,5405.7616,0.04650306,0.04739666,0.00232515,64.6929,58.4022,3.7648,236.7787,28.3325,4073.3444,62.8929,17.9205,67.0915,20.5198,41.0397,89.6552,137.931,195.8702,245.4342,34.2936,0.0,4.772704,5.980413,1.576351,17,91,104,3,0.01351263,0.05812883,0.20377779,0E-8,0.000000,0.901736,0.003971,-0.14764402,2026-03-22,2026-08-04,28,234,128,136,0.205882,0.267106,0.277009,0.045042,,,,,,,,GLOBAL_BASELINE_NO_ENTITY_RANKING,,,NOT_APPLICABLE_GLOBAL_BASELINE,HF9g-P5,,,,X 全窗基线 · 不参与实体赏罚,14190271,1420,A168_HF9F_20260827_0900,2026-08-27 09:00:00
2026-06-16,140221144,2129,0,324.7631935045,-175.9133964817,-175.9133964817,0.3333333,9,9,0.49473496666666667,0.494734966667,-0.9684634942202676,-0.968463494222261,-0.9684634942202676,-3.3333E-13,ELIGIBLE,R03b_20260811_FULL_v1,L1_ELIGIBILITY,v2026-08-11,2026-03-21..2026-08-06,baccarat_bet02_101_all_pairs_incl_sentinel,round_win = game_pnl > 0 (decisive only),COMPATIBILITY_ONLY_NOT_PRODUCTION,114053.6424,102846.2734,6629.8046,1763,1761,-0.05812883,-0.20377779,-0.05613377,-0.05812883,-6629.8046,114053.6424,OK,0.0000,265.1922,4.0000,96.0000,AG03-UNRESOLVED,ALL5_LEVELS_bet23_to_bet27,265.1922,265.1922,265.1922,265.1922,265.1922,4.000000,4.000000,4.000000,4.000000,4.000000,96.000000,96.000000,96.000000,96.000000,96.000000,5.0,1325.9609,1224.0429,5303.8436,5405.7616,PENDING_AG03,FALSE,NOT_FOR_ENFORCEMENT,6364.6124,98732.4225,6629.8046,6364.6124,265.1922,0.05812883,0.05580367,265.1922,6364.6124,0.05580367,265.1922,265.1922,265.1922,265.1922,265.1922,6364.6124,0.05580367,1325.9609,1224.0429,5303.8436,5405.7616,0.04650306,0.04739666,0.00232515,64.6929,58.4022,3.7648,236.7787,28.3325,4073.3444,62.8929,17.9205,67.0915,20.5198,41.0397,89.6552,137.931,195.8702,245.4342,34.2936,0.0,4.772704,5.980413,1.576351,17,91,104,3,0.01351263,0.05812883,0.20377779,0E-8,0.000000,0.901736,0.003971,-0.14764402,2026-03-22,2026-08-04,28,234,128,136,0.205882,0.267106,0.277009,0.045042,,,,,,,,GLOBAL_BASELINE_NO_ENTITY_RANKING,,,NOT_APPLICABLE_GLOBAL_BASELINE,HF9g-P5,,,,X 全窗基线 · 不参与实体赏罚,14190272,1420,A168_HF9F_20260827_0900,2026-08-27 09:00:00
2026-06-16,140221144,2167,0,101.4884979702,-33.8294993234,-33.8294993234,0.3333333,3,3,0.49771390000000000,0.497713900000,-0.5694369385616226,-0.5694369385616226,-0.5694369385616226,0E-17,ELIGIBLE,R03b_20260811_FULL_v1,L1_ELIGIBILITY,v2026-08-11,2026-03-21..2026-08-06,baccarat_bet02_101_all_pairs_incl_sentinel,round_win = game_pnl > 0 (decisive only),COMPATIBILITY_ONLY_NOT_PRODUCTION,114053.6424,102846.2734,6629.8046,1763,1761,-0.05812883,-0.20377779,-0.05613377,-0.05812883,-6629.8046,114053.6424,OK,0.0000,265.1922,4.0000,96.0000,AG03-UNRESOLVED,ALL5_LEVELS_bet23_to_bet27,265.1922,265.1922,265.1922,265.1922,265.1922,4.000000,4.000000,4.000000,4.000000,4.000000,96.000000,96.000000,96.000000,96.000000,96.000000,5.0,1325.9609,1224.0429,5303.8436,5405.7616,PENDING_AG03,FALSE,NOT_FOR_ENFORCEMENT,6364.6124,98732.4225,6629.8046,6364.6124,265.1922,0.05812883,0.05580367,265.1922,6364.6124,0.05580367,265.1922,265.1922,265.1922,265.1922,265.1922,6364.6124,0.05580367,1325.9609,1224.0429,5303.8436,5405.7616,0.04650306,0.04739666,0.00232515,64.6929,58.4022,3.7648,236.7787,28.3325,4073.3444,62.8929,17.9205,67.0915,20.5198,41.0397,89.6552,137.931,195.8702,245.4342,34.2936,0.0,4.772704,5.980413,1.576351,17,91,104,3,0.01351263,0.05812883,0.20377779,0E-8,0.000000,0.901736,0.003971,-0.14764402,2026-03-22,2026-08-04,28,234,128,136,0.205882,0.267106,0.277009,0.045042,,,,,,,,GLOBAL_BASELINE_NO_ENTITY_RANKING,,,NOT_APPLICABLE_GLOBAL_BASELINE,HF9g-P5,,,,X 全窗基线 · 不参与实体赏罚,14190273,1420,A168_HF9F_20260827_0900,2026-08-27 09:00:00
2026-06-16,140221144,2251,0,27.0635994588,-27.0635994588,-27.0635994588,0E-7,2,2,0.50665070000000000,0.506650700000,-1.4331513700195317,-1.4331513700195317,-1.4331513700195317,0E-17,ELIGIBLE,R03b_20260811_FULL_v1,L1_ELIGIBILITY,v2026-08-11,2026-03-21..2026-08-06,baccarat_bet02_101_all_pairs_incl_sentinel,round_win = game_pnl > 0 (decisive only),COMPATIBILITY_ONLY_NOT_PRODUCTION,114053.6424,102846.2734,6629.8046,1763,1761,-0.05812883,-0.20377779,-0.05613377,-0.05812883,-6629.8046,114053.6424,OK,0.0000,265.1922,4.0000,96.0000,AG03-UNRESOLVED,ALL5_LEVELS_bet23_to_bet27,265.1922,265.1922,265.1922,265.1922,265.1922,4.000000,4.000000,4.000000,4.000000,4.000000,96.000000,96.000000,96.000000,96.000000,96.000000,5.0,1325.9609,1224.0429,5303.8436,5405.7616,PENDING_AG03,FALSE,NOT_FOR_ENFORCEMENT,6364.6124,98732.4225,6629.8046,6364.6124,265.1922,0.05812883,0.05580367,265.1922,6364.6124,0.05580367,265.1922,265.1922,265.1922,265.1922,265.1922,6364.6124,0.05580367,1325.9609,1224.0429,5303.8436,5405.7616,0.04650306,0.04739666,0.00232515,64.6929,58.4022,3.7648,236.7787,28.3325,4073.3444,62.8929,17.9205,67.0915,20.5198,41.0397,89.6552,137.931,195.8702,245.4342,34.2936,0.0,4.772704,5.980413,1.576351,17,91,104,3,0.01351263,0.05812883,0.20377779,0E-8,0.000000,0.901736,0.003971,-0.14764402,2026-03-22,2026-08-04,28,234,128,136,0.205882,0.267106,0.277009,0.045042,,,,,,,,GLOBAL_BASELINE_NO_ENTITY_RANKING,,,NOT_APPLICABLE_GLOBAL_BASELINE,HF9g-P5,,,,X 全窗基线 · 不参与实体赏罚,14190274,1420,A168_HF9F_20260827_0900,2026-08-27 09:00:00
2026-06-16,140221144,462,0,561.5696887687,-96.0757780785,-96.0757780785,0.4545455,12,12,0.49994810000000000,0.499948100000,-0.3011670805469781,-0.3011670805469781,-0.3011670805469781,0E-17,ELIGIBLE,R03b_20260811_FULL_v1,L1_ELIGIBILITY,v2026-08-11,2026-03-21..2026-08-06,baccarat_bet02_101_all_pairs_incl_sentinel,round_win = game_pnl > 0 (decisive only),COMPATIBILITY_ONLY_NOT_PRODUCTION,114053.6424,102846.2734,6629.8046,1763,1761,-0.05812883,-0.20377779,-0.05613377,-0.05812883,-6629.8046,114053.6424,OK,0.0000,265.1922,4.0000,96.0000,AG03-UNRESOLVED,ALL5_LEVELS_bet23_to_bet27,265.1922,265.1922,265.1922,265.1922,265.1922,4.000000,4.000000,4.000000,4.000000,4.000000,96.000000,96.000000,96.000000,96.000000,96.000000,5.0,1325.9609,1224.0429,5303.8436,5405.7616,PENDING_AG03,FALSE,NOT_FOR_ENFORCEMENT,6364.6124,98732.4225,6629.8046,6364.6124,265.1922,0.05812883,0.05580367,265.1922,6364.6124,0.05580367,265.1922,265.1922,265.1922,265.1922,265.1922,6364.6124,0.05580367,1325.9609,1224.0429,5303.8436,5405.7616,0.04650306,0.04739666,0.00232515,64.6929,58.4022,3.7648,236.7787,28.3325,4073.3444,62.8929,17.9205,67.0915,20.5198,41.0397,89.6552,137.931,195.8702,245.4342,34.2936,0.0,4.772704,5.980413,1.576351,17,91,104,3,0.01351263,0.05812883,0.20377779,0E-8,0.000000,0.901736,0.003971,-0.14764402,2026-03-22,2026-08-04,28,234,128,136,0.205882,0.267106,0.277009,0.045042,,,,,,,,GLOBAL_BASELINE_NO_ENTITY_RANKING,,,NOT_APPLICABLE_GLOBAL_BASELINE,HF9g-P5,,,,X 全窗基线 · 不参与实体赏罚,14190275,1420,A168_HF9F_20260827_0900,2026-08-27 09:00:00
2026-06-16,140221144,526,0,202.9769959406,-109.6075778080,-109.6075778080,0.3076923,13,13,0.49943251538461538,0.499432515385,-1.3826591913455295,-1.3826591913483017,-1.3826591913455295,-3.8462E-13,ELIGIBLE,R03b_20260811_FULL_v1,L1_ELIGIBILITY,v2026-08-11,2026-03-21..2026-08-06,baccarat_bet02_101_all_pairs_incl_sentinel,round_win = game_pnl > 0 (decisive only),COMPATIBILITY_ONLY_NOT_PRODUCTION,114053.6424,102846.2734,6629.8046,1763,1761,-0.05812883,-0.20377779,-0.05613377,-0.05812883,-6629.8046,114053.6424,OK,0.0000,265.1922,4.0000,96.0000,AG03-UNRESOLVED,ALL5_LEVELS_bet23_to_bet27,265.1922,265.1922,265.1922,265.1922,265.1922,4.000000,4.000000,4.000000,4.000000,4.000000,96.000000,96.000000,96.000000,96.000000,96.000000,5.0,1325.9609,1224.0429,5303.8436,5405.7616,PENDING_AG03,FALSE,NOT_FOR_ENFORCEMENT,6364.6124,98732.4225,6629.8046,6364.6124,265.1922,0.05812883,0.05580367,265.1922,6364.6124,0.05580367,265.1922,265.1922,265.1922,265.1922,265.1922,6364.6124,0.05580367,1325.9609,1224.0429,5303.8436,5405.7616,0.04650306,0.04739666,0.00232515,64.6929,58.4022,3.7648,236.7787,28.3325,4073.3444,62.8929,17.9205,67.0915,20.5198,41.0397,89.6552,137.931,195.8702,245.4342,34.2936,0.0,4.772704,5.980413,1.576351,17,91,104,3,0.01351263,0.05812883,0.20377779,0E-8,0.000000,0.901736,0.003971,-0.14764402,2026-03-22,2026-08-04,28,234,128,136,0.205882,0.267106,0.277009,0.045042,,,,,,,,GLOBAL_BASELINE_NO_ENTITY_RANKING,,,NOT_APPLICABLE_GLOBAL_BASELINE,HF9g-P5,,,,X 全窗基线 · 不参与实体赏罚,14190276,1420,A168_HF9F_20260827_0900,2026-08-27 09:00:00
2026-06-16,140221144,595,0,81.1907983762,11.8403247632,11.8403247632,0.5000000,4,4,0.49994810000000000,0.499948100000,0.00020760000111838688,0.00020760000111838688,0.00020760000111838688,0E-17,ELIGIBLE,R03b_20260811_FULL_v1,L1_ELIGIBILITY,v2026-08-11,2026-03-21..2026-08-06,baccarat_bet02_101_all_pairs_incl_sentinel,round_win = game_pnl > 0 (decisive only),COMPATIBILITY_ONLY_NOT_PRODUCTION,114053.6424,102846.2734,6629.8046,1763,1761,-0.05812883,-0.20377779,-0.05613377,-0.05812883,-6629.8046,114053.6424,OK,0.0000,265.1922,4.0000,96.0000,AG03-UNRESOLVED,ALL5_LEVELS_bet23_to_bet27,265.1922,265.1922,265.1922,265.1922,265.1922,4.000000,4.000000,4.000000,4.000000,4.000000,96.000000,96.000000,96.000000,96.000000,96.000000,5.0,1325.9609,1224.0429,5303.8436,5405.7616,PENDING_AG03,FALSE,NOT_FOR_ENFORCEMENT,6364.6124,98732.4225,6629.8046,6364.6124,265.1922,0.05812883,0.05580367,265.1922,6364.6124,0.05580367,265.1922,265.1922,265.1922,265.1922,265.1922,6364.6124,0.05580367,1325.9609,1224.0429,5303.8436,5405.7616,0.04650306,0.04739666,0.00232515,64.6929,58.4022,3.7648,236.7787,28.3325,4073.3444,62.8929,17.9205,67.0915,20.5198,41.0397,89.6552,137.931,195.8702,245.4342,34.2936,0.0,4.772704,5.980413,1.576351,17,91,104,3,0.01351263,0.05812883,0.20377779,0E-8,0.000000,0.901736,0.003971,-0.14764402,2026-03-22,2026-08-04,28,234,128,136,0.205882,0.267106,0.277009,0.045042,,,,,,,,GLOBAL_BASELINE_NO_ENTITY_RANKING,,,NOT_APPLICABLE_GLOBAL_BASELINE,HF9g-P5,,,,X 全窗基线 · 不参与实体赏罚,14190277,1420,A168_HF9F_20260827_0900,2026-08-27 09:00:00
2026-06-16,140221144,925,0,74.4248985115,-8.4573748309,-8.4573748309,0.5000000,2,2,0.50665070000000000,0.506650700000,-0.018812684590367487,-0.018812684590367487,-0.018812684590367487,0E-17,ELIGIBLE,R03b_20260811_FULL_v1,L1_ELIGIBILITY,v2026-08-11,2026-03-21..2026-08-06,baccarat_bet02_101_all_pairs_incl_sentinel,round_win = game_pnl > 0 (decisive only),COMPATIBILITY_ONLY_NOT_PRODUCTION,114053.6424,102846.2734,6629.8046,1763,1761,-0.05812883,-0.20377779,-0.05613377,-0.05812883,-6629.8046,114053.6424,OK,0.0000,265.1922,4.0000,96.0000,AG03-UNRESOLVED,ALL5_LEVELS_bet23_to_bet27,265.1922,265.1922,265.1922,265.1922,265.1922,4.000000,4.000000,4.000000,4.000000,4.000000,96.000000,96.000000,96.000000,96.000000,96.000000,5.0,1325.9609,1224.0429,5303.8436,5405.7616,PENDING_AG03,FALSE,NOT_FOR_ENFORCEMENT,6364.6124,98732.4225,6629.8046,6364.6124,265.1922,0.05812883,0.05580367,265.1922,6364.6124,0.05580367,265.1922,265.1922,265.1922,265.1922,265.1922,6364.6124,0.05580367,1325.9609,1224.0429,5303.8436,5405.7616,0.04650306,0.04739666,0.00232515,64.6929,58.4022,3.7648,236.7787,28.3325,4073.3444,62.8929,17.9205,67.0915,20.5198,41.0397,89.6552,137.931,195.8702,245.4342,34.2936,0.0,4.772704,5.980413,1.576351,17,91,104,3,0.01351263,0.05812883,0.20377779,0E-8,0.000000,0.901736,0.003971,-0.14764402,2026-03-22,2026-08-04,28,234,128,136,0.205882,0.267106,0.277009,0.045042,,,,,,,,GLOBAL_BASELINE_NO_ENTITY_RANKING,,,NOT_APPLICABLE_GLOBAL_BASELINE,HF9g-P5,,,,X 全窗基线 · 不参与实体赏罚,14190278,1420,A168_HF9F_20260827_0900,2026-08-27 09:00:00
2026-06-17,140221144,2130,0,20.2976995941,-6.7658998647,-6.7658998647,0.3333333,3,3,0.49771390000000000,0.497713900000,-0.5694369385616226,-0.5694369385616226,-0.5694369385616226,0E-17,ELIGIBLE,R03b_20260811_FULL_v1,L1_ELIGIBILITY,v2026-08-11,2026-03-21..2026-08-06,baccarat_bet02_101_all_pairs_incl_sentinel,round_win = game_pnl > 0 (decisive only),COMPATIBILITY_ONLY_NOT_PRODUCTION,114053.6424,102846.2734,6629.8046,1763,1761,-0.05812883,-0.20377779,-0.05613377,-0.05812883,-6629.8046,114053.6424,OK,0.0000,265.1922,4.0000,96.0000,AG03-UNRESOLVED,ALL5_LEVELS_bet23_to_bet27,265.1922,265.1922,265.1922,265.1922,265.1922,4.000000,4.000000,4.000000,4.000000,4.000000,96.000000,96.000000,96.000000,96.000000,96.000000,5.0,1325.9609,1224.0429,5303.8436,5405.7616,PENDING_AG03,FALSE,NOT_FOR_ENFORCEMENT,6364.6124,98732.4225,6629.8046,6364.6124,265.1922,0.05812883,0.05580367,265.1922,6364.6124,0.05580367,265.1922,265.1922,265.1922,265.1922,265.1922,6364.6124,0.05580367,1325.9609,1224.0429,5303.8436,5405.7616,0.04650306,0.04739666,0.00232515,64.6929,58.4022,3.7648,236.7787,28.3325,4073.3444,62.8929,17.9205,67.0915,20.5198,41.0397,89.6552,137.931,195.8702,245.4342,34.2936,0.0,4.772704,5.980413,1.576351,17,91,104,3,0.01351263,0.05812883,0.20377779,0E-8,0.000000,0.901736,0.003971,-0.14764402,2026-03-22,2026-08-04,28,234,128,136,0.205882,0.267106,0.277009,0.045042,,,,,,,,GLOBAL_BASELINE_NO_ENTITY_RANKING,,,NOT_APPLICABLE_GLOBAL_BASELINE,HF9g-P5,,,,X 全窗基线 · 不参与实体赏罚,14190279,1420,A168_HF9F_20260827_0900,2026-08-27 09:00:00
2026-06-17,140221144,2167,0,94.7225981057,-28.7550744250,-28.7550744250,0.4285714,7,7,0.50473567142857143,0.504735671429,-0.403041368878626,-0.40304136888089725,-0.403041368878626,-4.2857E-13,ELIGIBLE,R03b_20260811_FULL_v1,L1_ELIGIBILITY,v2026-08-11,2026-03-21..2026-08-06,baccarat_bet02_101_all_pairs_incl_sentinel,round_win = game_pnl > 0 (decisive only),COMPATIBILITY_ONLY_NOT_PRODUCTION,114053.6424,102846.2734,6629.8046,1763,1761,-0.05812883,-0.20377779,-0.05613377,-0.05812883,-6629.8046,114053.6424,OK,0.0000,265.1922,4.0000,96.0000,AG03-UNRESOLVED,ALL5_LEVELS_bet23_to_bet27,265.1922,265.1922,265.1922,265.1922,265.1922,4.000000,4.000000,4.000000,4.000000,4.000000,96.000000,96.000000,96.000000,96.000000,96.000000,5.0,1325.9609,1224.0429,5303.8436,5405.7616,PENDING_AG03,FALSE,NOT_FOR_ENFORCEMENT,6364.6124,98732.4225,6629.8046,6364.6124,265.1922,0.05812883,0.05580367,265.1922,6364.6124,0.05580367,265.1922,265.1922,265.1922,265.1922,265.1922,6364.6124,0.05580367,1325.9609,1224.0429,5303.8436,5405.7616,0.04650306,0.04739666,0.00232515,64.6929,58.4022,3.7648,236.7787,28.3325,4073.3444,62.8929,17.9205,67.0915,20.5198,41.0397,89.6552,137.931,195.8702,245.4342,34.2936,0.0,4.772704,5.980413,1.576351,17,91,104,3,0.01351263,0.05812883,0.20377779,0E-8,0.000000,0.901736,0.003971,-0.14764402,2026-03-22,2026-08-04,28,234,128,136,0.205882,0.267106,0.277009,0.045042,,,,,,,,GLOBAL_BASELINE_NO_ENTITY_RANKING,,,NOT_APPLICABLE_GLOBAL_BASELINE,HF9g-P5,,,,X 全窗基线 · 不参与实体赏罚,14190280,1420,A168_HF9F_20260827_0900,2026-08-27 09:00:00
2026-06-17,140221144,583,0,81.1907983764,-14.5466847093,-14.5466847093,0.4545455,11,11,0.50055742727272727,0.500557427273,-0.3052090884732058,-0.3052090884750151,-0.3052090884732058,-2.7273E-13,ELIGIBLE,R03b_20260811_FULL_v1,L1_ELIGIBILITY,v2026-08-11,2026-03-21..2026-08-06,baccarat_bet02_101_all_pairs_incl_sentinel,round_win = game_pnl > 0 (decisive only),COMPATIBILITY_ONLY_NOT_PRODUCTION,114053.6424,102846.2734,6629.8046,1763,1761,-0.05812883,-0.20377779,-0.05613377,-0.05812883,-6629.8046,114053.6424,OK,0.0000,265.1922,4.0000,96.0000,AG03-UNRESOLVED,ALL5_LEVELS_bet23_to_bet27,265.1922,265.1922,265.1922,265.1922,265.1922,4.000000,4.000000,4.000000,4.000000,4.000000,96.000000,96.000000,96.000000,96.000000,96.000000,5.0,1325.9609,1224.0429,5303.8436,5405.7616,PENDING_AG03,FALSE,NOT_FOR_ENFORCEMENT,6364.6124,98732.4225,6629.8046,6364.6124,265.1922,0.05812883,0.05580367,265.1922,6364.6124,0.05580367,265.1922,265.1922,265.1922,265.1922,265.1922,6364.6124,0.05580367,1325.9609,1224.0429,5303.8436,5405.7616,0.04650306,0.04739666,0.00232515,64.6929,58.4022,3.7648,236.7787,28.3325,4073.3444,62.8929,17.9205,67.0915,20.5198,41.0397,89.6552,137.931,195.8702,245.4342,34.2936,0.0,4.772704,5.980413,1.576351,17,91,104,3,0.01351263,0.05812883,0.20377779,0E-8,0.000000,0.901736,0.003971,-0.14764402,2026-03-22,2026-08-04,28,234,128,136,0.205882,0.267106,0.277009,0.045042,,,,,,,,GLOBAL_BASELINE_NO_ENTITY_RANKING,,,NOT_APPLICABLE_GLOBAL_BASELINE,HF9g-P5,,,,X 全窗基线 · 不参与实体赏罚,14190281,1420,A168_HF9F_20260827_0900,2026-08-27 09:00:00
2026-06-18,140221144,1221,0,33.8294993234,-33.8294993234,-33.8294993234,0E-7,1,1,0.49324550000000000,0.493245500000,-0.9865810262130424,-0.9865810262130424,-0.9865810262130424,0E-17,ELIGIBLE,R03b_20260811_FULL_v1,L1_ELIGIBILITY,v2026-08-11,2026-03-21..2026-08-06,baccarat_bet02_101_all_pairs_incl_sentinel,round_win = game_pnl > 0 (decisive only),COMPATIBILITY_ONLY_NOT_PRODUCTION,114053.6424,102846.2734,6629.8046,1763,1761,-0.05812883,-0.20377779,-0.05613377,-0.05812883,-6629.8046,114053.6424,OK,0.0000,265.1922,4.0000,96.0000,AG03-UNRESOLVED,ALL5_LEVELS_bet23_to_bet27,265.1922,265.1922,265.1922,265.1922,265.1922,4.000000,4.000000,4.000000,4.000000,4.000000,96.000000,96.000000,96.000000,96.000000,96.000000,5.0,1325.9609,1224.0429,5303.8436,5405.7616,PENDING_AG03,FALSE,NOT_FOR_ENFORCEMENT,6364.6124,98732.4225,6629.8046,6364.6124,265.1922,0.05812883,0.05580367,265.1922,6364.6124,0.05580367,265.1922,265.1922,265.1922,265.1922,265.1922,6364.6124,0.05580367,1325.9609,1224.0429,5303.8436,5405.7616,0.04650306,0.04739666,0.00232515,64.6929,58.4022,3.7648,236.7787,28.3325,4073.3444,62.8929,17.9205,67.0915,20.5198,41.0397,89.6552,137.931,195.8702,245.4342,34.2936,0.0,4.772704,5.980413,1.576351,17,91,104,3,0.01351263,0.05812883,0.20377779,0E-8,0.000000,0.901736,0.003971,-0.14764402,2026-03-22,2026-08-04,28,234,128,136,0.205882,0.267106,0.277009,0.045042,,,,,,,,GLOBAL_BASELINE_NO_ENTITY_RANKING,,,NOT_APPLICABLE_GLOBAL_BASELINE,HF9g-P5,,,,X 全窗基线 · 不参与实体赏罚,14190282,1420,A168_HF9F_20260827_0900,2026-08-27 09:00:00
2026-06-18,140221144,789,0,67.6589986468,65.9675236806,65.9675236806,1.0000000,2,2,0.49994810000000000,0.499948100000,1.4143603653603398,1.4143603653603398,1.4143603653603398,0E-17,ELIGIBLE,R03b_20260811_FULL_v1,L1_ELIGIBILITY,v2026-08-11,2026-03-21..2026-08-06,baccarat_bet02_101_all_pairs_incl_sentinel,round_win = game_pnl > 0 (decisive only),COMPATIBILITY_ONLY_NOT_PRODUCTION,114053.6424,102846.2734,6629.8046,1763,1761,-0.05812883,-0.20377779,-0.05613377,-0.05812883,-6629.8046,114053.6424,OK,0.0000,265.1922,4.0000,96.0000,AG03-UNRESOLVED,ALL5_LEVELS_bet23_to_bet27,265.1922,265.1922,265.1922,265.1922,265.1922,4.000000,4.000000,4.000000,4.000000,4.000000,96.000000,96.000000,96.000000,96.000000,96.000000,5.0,1325.9609,1224.0429,5303.8436,5405.7616,PENDING_AG03,FALSE,NOT_FOR_ENFORCEMENT,6364.6124,98732.4225,6629.8046,6364.6124,265.1922,0.05812883,0.05580367,265.1922,6364.6124,0.05580367,265.1922,265.1922,265.1922,265.1922,265.1922,6364.6124,0.05580367,1325.9609,1224.0429,5303.8436,5405.7616,0.04650306,0.04739666,0.00232515,64.6929,58.4022,3.7648,236.7787,28.3325,4073.3444,62.8929,17.9205,67.0915,20.5198,41.0397,89.6552,137.931,195.8702,245.4342,34.2936,0.0,4.772704,5.980413,1.576351,17,91,104,3,0.01351263,0.05812883,0.20377779,0E-8,0.000000,0.901736,0.003971,-0.14764402,2026-03-22,2026-08-04,28,234,128,136,0.205882,0.267106,0.277009,0.045042,,,,,,,,GLOBAL_BASELINE_NO_ENTITY_RANKING,,,NOT_APPLICABLE_GLOBAL_BASELINE,HF9g-P5,,,,X 全窗基线 · 不参与实体赏罚,14190283,1420,A168_HF9F_20260827_0900,2026-08-27 09:00:00
2026-06-20,140221144,1385,0,20.2976995940,-20.2976995940,-20.2976995940,0E-7,1,1,0.49324550000000000,0.493245500000,-0.9865810262130424,-0.9865810262130424,-0.9865810262130424,0E-17,ELIGIBLE,R03b_20260811_FULL_v1,L1_ELIGIBILITY,v2026-08-11,2026-03-21..2026-08-06,baccarat_bet02_101_all_pairs_incl_sentinel,round_win = game_pnl > 0 (decisive only),COMPATIBILITY_ONLY_NOT_PRODUCTION,114053.6424,102846.2734,6629.8046,1763,1761,-0.05812883,-0.20377779,-0.05613377,-0.05812883,-6629.8046,114053.6424,OK,0.0000,265.1922,4.0000,96.0000,AG03-UNRESOLVED,ALL5_LEVELS_bet23_to_bet27,265.1922,265.1922,265.1922,265.1922,265.1922,4.000000,4.000000,4.000000,4.000000,4.000000,96.000000,96.000000,96.000000,96.000000,96.000000,5.0,1325.9609,1224.0429,5303.8436,5405.7616,PENDING_AG03,FALSE,NOT_FOR_ENFORCEMENT,6364.6124,98732.4225,6629.8046,6364.6124,265.1922,0.05812883,0.05580367,265.1922,6364.6124,0.05580367,265.1922,265.1922,265.1922,265.1922,265.1922,6364.6124,0.05580367,1325.9609,1224.0429,5303.8436,5405.7616,0.04650306,0.04739666,0.00232515,64.6929,58.4022,3.7648,236.7787,28.3325,4073.3444,62.8929,17.9205,67.0915,20.5198,41.0397,89.6552,137.931,195.8702,245.4342,34.2936,0.0,4.772704,5.980413,1.576351,17,91,104,3,0.01351263,0.05812883,0.20377779,0E-8,0.000000,0.901736,0.003971,-0.14764402,2026-03-22,2026-08-04,28,234,128,136,0.205882,0.267106,0.277009,0.045042,,,,,,,,GLOBAL_BASELINE_NO_ENTITY_RANKING,,,NOT_APPLICABLE_GLOBAL_BASELINE,HF9g-P5,,,,X 全窗基线 · 不参与实体赏罚,14190284,1420,A168_HF9F_20260827_0900,2026-08-27 09:00:00
2026-06-20,140221144,1941,0,230.0405953991,63.5994587279,63.5994587279,0.7000000,10,10,0.49860758000000000,0.498607580000,1.2737224404674345,1.2737224404674345,1.2737224404674345,0E-17,ELIGIBLE,R03b_20260811_FULL_v1,L1_ELIGIBILITY,v2026-08-11,2026-03-21..2026-08-06,baccarat_bet02_101_all_pairs_incl_sentinel,round_win = game_pnl > 0 (decisive only),COMPATIBILITY_ONLY_NOT_PRODUCTION,114053.6424,102846.2734,6629.8046,1763,1761,-0.05812883,-0.20377779,-0.05613377,-0.05812883,-6629.8046,114053.6424,OK,0.0000,265.1922,4.0000,96.0000,AG03-UNRESOLVED,ALL5_LEVELS_bet23_to_bet27,265.1922,265.1922,265.1922,265.1922,265.1922,4.000000,4.000000,4.000000,4.000000,4.000000,96.000000,96.000000,96.000000,96.000000,96.000000,5.0,1325.9609,1224.0429,5303.8436,5405.7616,PENDING_AG03,FALSE,NOT_FOR_ENFORCEMENT,6364.6124,98732.4225,6629.8046,6364.6124,265.1922,0.05812883,0.05580367,265.1922,6364.6124,0.05580367,265.1922,265.1922,265.1922,265.1922,265.1922,6364.6124,0.05580367,1325.9609,1224.0429,5303.8436,5405.7616,0.04650306,0.04739666,0.00232515,64.6929,58.4022,3.7648,236.7787,28.3325,4073.3444,62.8929,17.9205,67.0915,20.5198,41.0397,89.6552,137.931,195.8702,245.4342,34.2936,0.0,4.772704,5.980413,1.576351,17,91,104,3,0.01351263,0.05812883,0.20377779,0E-8,0.000000,0.901736,0.003971,-0.14764402,2026-03-22,2026-08-04,28,234,128,136,0.205882,0.267106,0.277009,0.045042,,,,,,,,GLOBAL_BASELINE_NO_ENTITY_RANKING,,,NOT_APPLICABLE_GLOBAL_BASELINE,HF9g-P5,,,,X 全窗基线 · 不参与实体赏罚,14190285,1420,A168_HF9F_20260827_0900,2026-08-27 09:00:00
2026-06-20,140221144,1947,0,40.5953991880,20.2976995940,20.2976995940,1.0000000,2,2,0.49324550000000000,0.493245500000,1.01360149184955,1.01360149184955,1.01360149184955,0E-17,ELIGIBLE,R03b_20260811_FULL_v1,L1_ELIGIBILITY,v2026-08-11,2026-03-21..2026-08-06,baccarat_bet02_101_all_pairs_incl_sentinel,round_win = game_pnl > 0 (decisive only),COMPATIBILITY_ONLY_NOT_PRODUCTION,114053.6424,102846.2734,6629.8046,1763,1761,-0.05812883,-0.20377779,-0.05613377,-0.05812883,-6629.8046,114053.6424,OK,0.0000,265.1922,4.0000,96.0000,AG03-UNRESOLVED,ALL5_LEVELS_bet23_to_bet27,265.1922,265.1922,265.1922,265.1922,265.1922,4.000000,4.000000,4.000000,4.000000,4.000000,96.000000,96.000000,96.000000,96.000000,96.000000,5.0,1325.9609,1224.0429,5303.8436,5405.7616,PENDING_AG03,FALSE,NOT_FOR_ENFORCEMENT,6364.6124,98732.4225,6629.8046,6364.6124,265.1922,0.05812883,0.05580367,265.1922,6364.6124,0.05580367,265.1922,265.1922,265.1922,265.1922,265.1922,6364.6124,0.05580367,1325.9609,1224.0429,5303.8436,5405.7616,0.04650306,0.04739666,0.00232515,64.6929,58.4022,3.7648,236.7787,28.3325,4073.3444,62.8929,17.9205,67.0915,20.5198,41.0397,89.6552,137.931,195.8702,245.4342,34.2936,0.0,4.772704,5.980413,1.576351,17,91,104,3,0.01351263,0.05812883,0.20377779,0E-8,0.000000,0.901736,0.003971,-0.14764402,2026-03-22,2026-08-04,28,234,128,136,0.205882,0.267106,0.277009,0.045042,,,,,,,,GLOBAL_BASELINE_NO_ENTITY_RANKING,,,NOT_APPLICABLE_GLOBAL_BASELINE,HF9g-P5,,,,X 全窗基线 · 不参与实体赏罚,14190286,1420,A168_HF9F_20260827_0900,2026-08-27 09:00:00
2026-06-20,140221144,1990,0,60.8930987822,-6.7658998646,-6.7658998646,0.6666667,3,3,0.49771390000000000,0.497713900000,0.5852756695216578,0.5852756695216578,0.5852756695216578,0E-17,ELIGIBLE,R03b_20260811_FULL_v1,L1_ELIGIBILITY,v2026-08-11,2026-03-21..2026-08-06,baccarat_bet02_101_all_pairs_incl_sentinel,round_win = game_pnl > 0 (decisive only),COMPATIBILITY_ONLY_NOT_PRODUCTION,114053.6424,102846.2734,6629.8046,1763,1761,-0.05812883,-0.20377779,-0.05613377,-0.05812883,-6629.8046,114053.6424,OK,0.0000,265.1922,4.0000,96.0000,AG03-UNRESOLVED,ALL5_LEVELS_bet23_to_bet27,265.1922,265.1922,265.1922,265.1922,265.1922,4.000000,4.000000,4.000000,4.000000,4.000000,96.000000,96.000000,96.000000,96.000000,96.000000,5.0,1325.9609,1224.0429,5303.8436,5405.7616,PENDING_AG03,FALSE,NOT_FOR_ENFORCEMENT,6364.6124,98732.4225,6629.8046,6364.6124,265.1922,0.05812883,0.05580367,265.1922,6364.6124,0.05580367,265.1922,265.1922,265.1922,265.1922,265.1922,6364.6124,0.05580367,1325.9609,1224.0429,5303.8436,5405.7616,0.04650306,0.04739666,0.00232515,64.6929,58.4022,3.7648,236.7787,28.3325,4073.3444,62.8929,17.9205,67.0915,20.5198,41.0397,89.6552,137.931,195.8702,245.4342,34.2936,0.0,4.772704,5.980413,1.576351,17,91,104,3,0.01351263,0.05812883,0.20377779,0E-8,0.000000,0.901736,0.003971,-0.14764402,2026-03-22,2026-08-04,28,234,128,136,0.205882,0.267106,0.277009,0.045042,,,,,,,,GLOBAL_BASELINE_NO_ENTITY_RANKING,,,NOT_APPLICABLE_GLOBAL_BASELINE,HF9g-P5,,,,X 全窗基线 · 不参与实体赏罚,14190287,1420,A168_HF9F_20260827_0900,2026-08-27 09:00:00
2026-06-20,140221144,2129,0,263.8700947224,-103.5182679295,-103.5182679295,0.3333333,14,14,0.50090561428571429,0.500905614286,-1.1609767225209597,-1.1609767225229404,-1.1609767225209597,-2.8571E-13,ELIGIBLE,R03b_20260811_FULL_v1,L1_ELIGIBILITY,v2026-08-11,2026-03-21..2026-08-06,baccarat_bet02_101_all_pairs_incl_sentinel,round_win = game_pnl > 0 (decisive only),COMPATIBILITY_ONLY_NOT_PRODUCTION,114053.6424,102846.2734,6629.8046,1763,1761,-0.05812883,-0.20377779,-0.05613377,-0.05812883,-6629.8046,114053.6424,OK,0.0000,265.1922,4.0000,96.0000,AG03-UNRESOLVED,ALL5_LEVELS_bet23_to_bet27,265.1922,265.1922,265.1922,265.1922,265.1922,4.000000,4.000000,4.000000,4.000000,4.000000,96.000000,96.000000,96.000000,96.000000,96.000000,5.0,1325.9609,1224.0429,5303.8436,5405.7616,PENDING_AG03,FALSE,NOT_FOR_ENFORCEMENT,6364.6124,98732.4225,6629.8046,6364.6124,265.1922,0.05812883,0.05580367,265.1922,6364.6124,0.05580367,265.1922,265.1922,265.1922,265.1922,265.1922,6364.6124,0.05580367,1325.9609,1224.0429,5303.8436,5405.7616,0.04650306,0.04739666,0.00232515,64.6929,58.4022,3.7648,236.7787,28.3325,4073.3444,62.8929,17.9205,67.0915,20.5198,41.0397,89.6552,137.931,195.8702,245.4342,34.2936,0.0,4.772704,5.980413,1.576351,17,91,104,3,0.01351263,0.05812883,0.20377779,0E-8,0.000000,0.901736,0.003971,-0.14764402,2026-03-22,2026-08-04,28,234,128,136,0.205882,0.267106,0.277009,0.045042,,,,,,,,GLOBAL_BASELINE_NO_ENTITY_RANKING,,,NOT_APPLICABLE_GLOBAL_BASELINE,HF9g-P5,,,,X 全窗基线 · 不参与实体赏罚,14190288,1420,A168_HF9F_20260827_0900,2026-08-27 09:00:00
2026-06-20,140221144,2130,0,108.2543978348,10.4871447903,10.4871447903,0.6000000,5,5,0.50396966000000000,0.503969660000,0.4294742719815242,0.4294742719815242,0.4294742719815242,0E-17,ELIGIBLE,R03b_20260811_FULL_v1,L1_ELIGIBILITY,v2026-08-11,2026-03-21..2026-08-06,baccarat_bet02_101_all_pairs_incl_sentinel,round_win = game_pnl > 0 (decisive only),COMPATIBILITY_ONLY_NOT_PRODUCTION,114053.6424,102846.2734,6629.8046,1763,1761,-0.05812883,-0.20377779,-0.05613377,-0.05812883,-6629.8046,114053.6424,OK,0.0000,265.1922,4.0000,96.0000,AG03-UNRESOLVED,ALL5_LEVELS_bet23_to_bet27,265.1922,265.1922,265.1922,265.1922,265.1922,4.000000,4.000000,4.000000,4.000000,4.000000,96.000000,96.000000,96.000000,96.000000,96.000000,5.0,1325.9609,1224.0429,5303.8436,5405.7616,PENDING_AG03,FALSE,NOT_FOR_ENFORCEMENT,6364.6124,98732.4225,6629.8046,6364.6124,265.1922,0.05812883,0.05580367,265.1922,6364.6124,0.05580367,265.1922,265.1922,265.1922,265.1922,265.1922,6364.6124,0.05580367,1325.9609,1224.0429,5303.8436,5405.7616,0.04650306,0.04739666,0.00232515,64.6929,58.4022,3.7648,236.7787,28.3325,4073.3444,62.8929,17.9205,67.0915,20.5198,41.0397,89.6552,137.931,195.8702,245.4342,34.2936,0.0,4.772704,5.980413,1.576351,17,91,104,3,0.01351263,0.05812883,0.20377779,0E-8,0.000000,0.901736,0.003971,-0.14764402,2026-03-22,2026-08-04,28,234,128,136,0.205882,0.267106,0.277009,0.045042,,,,,,,,GLOBAL_BASELINE_NO_ENTITY_RANKING,,,NOT_APPLICABLE_GLOBAL_BASELINE,HF9g-P5,,,,X 全窗基线 · 不参与实体赏罚,14190289,1420,A168_HF9F_20260827_0900,2026-08-27 09:00:00
2026-06-20,140221144,2160,0,155.6156968874,-9.8105548037,-9.8105548037,0.5000000,8,8,0.50162375000000000,0.501623750000,-0.009185365523350236,-0.009185365523350236,-0.009185365523350236,0E-17,ELIGIBLE,R03b_20260811_FULL_v1,L1_ELIGIBILITY,v2026-08-11,2026-03-21..2026-08-06,baccarat_bet02_101_all_pairs_incl_sentinel,round_win = game_pnl > 0 (decisive only),COMPATIBILITY_ONLY_NOT_PRODUCTION,114053.6424,102846.2734,6629.8046,1763,1761,-0.05812883,-0.20377779,-0.05613377,-0.05812883,-6629.8046,114053.6424,OK,0.0000,265.1922,4.0000,96.0000,AG03-UNRESOLVED,ALL5_LEVELS_bet23_to_bet27,265.1922,265.1922,265.1922,265.1922,265.1922,4.000000,4.000000,4.000000,4.000000,4.000000,96.000000,96.000000,96.000000,96.000000,96.000000,5.0,1325.9609,1224.0429,5303.8436,5405.7616,PENDING_AG03,FALSE,NOT_FOR_ENFORCEMENT,6364.6124,98732.4225,6629.8046,6364.6124,265.1922,0.05812883,0.05580367,265.1922,6364.6124,0.05580367,265.1922,265.1922,265.1922,265.1922,265.1922,6364.6124,0.05580367,1325.9609,1224.0429,5303.8436,5405.7616,0.04650306,0.04739666,0.00232515,64.6929,58.4022,3.7648,236.7787,28.3325,4073.3444,62.8929,17.9205,67.0915,20.5198,41.0397,89.6552,137.931,195.8702,245.4342,34.2936,0.0,4.772704,5.980413,1.576351,17,91,104,3,0.01351263,0.05812883,0.20377779,0E-8,0.000000,0.901736,0.003971,-0.14764402,2026-03-22,2026-08-04,28,234,128,136,0.205882,0.267106,0.277009,0.045042,,,,,,,,GLOBAL_BASELINE_NO_ENTITY_RANKING,,,NOT_APPLICABLE_GLOBAL_BASELINE,HF9g-P5,,,,X 全窗基线 · 不参与实体赏罚,14190290,1420,A168_HF9F_20260827_0900,2026-08-27 09:00:00
2026-06-20,140221144,2167,0,60.8930987821,5.7510148850,5.7510148850,0.6666667,3,3,0.49771390000000000,0.497713900000,0.5852756695216578,0.5852756695216578,0.5852756695216578,0E-17,ELIGIBLE,R03b_20260811_FULL_v1,L1_ELIGIBILITY,v2026-08-11,2026-03-21..2026-08-06,baccarat_bet02_101_all_pairs_incl_sentinel,round_win = game_pnl > 0 (decisive only),COMPATIBILITY_ONLY_NOT_PRODUCTION,114053.6424,102846.2734,6629.8046,1763,1761,-0.05812883,-0.20377779,-0.05613377,-0.05812883,-6629.8046,114053.6424,OK,0.0000,265.1922,4.0000,96.0000,AG03-UNRESOLVED,ALL5_LEVELS_bet23_to_bet27,265.1922,265.1922,265.1922,265.1922,265.1922,4.000000,4.000000,4.000000,4.000000,4.000000,96.000000,96.000000,96.000000,96.000000,96.000000,5.0,1325.9609,1224.0429,5303.8436,5405.7616,PENDING_AG03,FALSE,NOT_FOR_ENFORCEMENT,6364.6124,98732.4225,6629.8046,6364.6124,265.1922,0.05812883,0.05580367,265.1922,6364.6124,0.05580367,265.1922,265.1922,265.1922,265.1922,265.1922,6364.6124,0.05580367,1325.9609,1224.0429,5303.8436,5405.7616,0.04650306,0.04739666,0.00232515,64.6929,58.4022,3.7648,236.7787,28.3325,4073.3444,62.8929,17.9205,67.0915,20.5198,41.0397,89.6552,137.931,195.8702,245.4342,34.2936,0.0,4.772704,5.980413,1.576351,17,91,104,3,0.01351263,0.05812883,0.20377779,0E-8,0.000000,0.901736,0.003971,-0.14764402,2026-03-22,2026-08-04,28,234,128,136,0.205882,0.267106,0.277009,0.045042,,,,,,,,GLOBAL_BASELINE_NO_ENTITY_RANKING,,,NOT_APPLICABLE_GLOBAL_BASELINE,HF9g-P5,,,,X 全窗基线 · 不参与实体赏罚,14190291,1420,A168_HF9F_20260827_0900,2026-08-27 09:00:00
2026-06-20,140221144,462,0,223.2746955344,-76.1163734776,-76.1163734776,0.2857143,8,8,0.49827245000000000,0.498272450000,-1.1247587972184092,-1.1247587972184092,-1.1247587972184092,0E-17,ELIGIBLE,R03b_20260811_FULL_v1,L1_ELIGIBILITY,v2026-08-11,2026-03-21..2026-08-06,baccarat_bet02_101_all_pairs_incl_sentinel,round_win = game_pnl > 0 (decisive only),COMPATIBILITY_ONLY_NOT_PRODUCTION,114053.6424,102846.2734,6629.8046,1763,1761,-0.05812883,-0.20377779,-0.05613377,-0.05812883,-6629.8046,114053.6424,OK,0.0000,265.1922,4.0000,96.0000,AG03-UNRESOLVED,ALL5_LEVELS_bet23_to_bet27,265.1922,265.1922,265.1922,265.1922,265.1922,4.000000,4.000000,4.000000,4.000000,4.000000,96.000000,96.000000,96.000000,96.000000,96.000000,5.0,1325.9609,1224.0429,5303.8436,5405.7616,PENDING_AG03,FALSE,NOT_FOR_ENFORCEMENT,6364.6124,98732.4225,6629.8046,6364.6124,265.1922,0.05812883,0.05580367,265.1922,6364.6124,0.05580367,265.1922,265.1922,265.1922,265.1922,265.1922,6364.6124,0.05580367,1325.9609,1224.0429,5303.8436,5405.7616,0.04650306,0.04739666,0.00232515,64.6929,58.4022,3.7648,236.7787,28.3325,4073.3444,62.8929,17.9205,67.0915,20.5198,41.0397,89.6552,137.931,195.8702,245.4342,34.2936,0.0,4.772704,5.980413,1.576351,17,91,104,3,0.01351263,0.05812883,0.20377779,0E-8,0.000000,0.901736,0.003971,-0.14764402,2026-03-22,2026-08-04,28,234,128,136,0.205882,0.267106,0.277009,0.045042,,,,,,,,GLOBAL_BASELINE_NO_ENTITY_RANKING,,,NOT_APPLICABLE_GLOBAL_BASELINE,HF9g-P5,,,,X 全窗基线 · 不参与实体赏罚,14190292,1420,A168_HF9F_20260827_0900,2026-08-27 09:00:00
2026-06-20,140221144,595,0,60.8930987822,-20.2976995940,-20.2976995940,0.3333333,4,4,0.49994810000000000,0.499948100000,-0.5771704854251445,-0.5771704854251445,-0.5771704854251445,0E-17,ELIGIBLE,R03b_20260811_FULL_v1,L1_ELIGIBILITY,v2026-08-11,2026-03-21..2026-08-06,baccarat_bet02_101_all_pairs_incl_sentinel,round_win = game_pnl > 0 (decisive only),COMPATIBILITY_ONLY_NOT_PRODUCTION,114053.6424,102846.2734,6629.8046,1763,1761,-0.05812883,-0.20377779,-0.05613377,-0.05812883,-6629.8046,114053.6424,OK,0.0000,265.1922,4.0000,96.0000,AG03-UNRESOLVED,ALL5_LEVELS_bet23_to_bet27,265.1922,265.1922,265.1922,265.1922,265.1922,4.000000,4.000000,4.000000,4.000000,4.000000,96.000000,96.000000,96.000000,96.000000,96.000000,5.0,1325.9609,1224.0429,5303.8436,5405.7616,PENDING_AG03,FALSE,NOT_FOR_ENFORCEMENT,6364.6124,98732.4225,6629.8046,6364.6124,265.1922,0.05812883,0.05580367,265.1922,6364.6124,0.05580367,265.1922,265.1922,265.1922,265.1922,265.1922,6364.6124,0.05580367,1325.9609,1224.0429,5303.8436,5405.7616,0.04650306,0.04739666,0.00232515,64.6929,58.4022,3.7648,236.7787,28.3325,4073.3444,62.8929,17.9205,67.0915,20.5198,41.0397,89.6552,137.931,195.8702,245.4342,34.2936,0.0,4.772704,5.980413,1.576351,17,91,104,3,0.01351263,0.05812883,0.20377779,0E-8,0.000000,0.901736,0.003971,-0.14764402,2026-03-22,2026-08-04,28,234,128,136,0.205882,0.267106,0.277009,0.045042,,,,,,,,GLOBAL_BASELINE_NO_ENTITY_RANKING,,,NOT_APPLICABLE_GLOBAL_BASELINE,HF9g-P5,,,,X 全窗基线 · 不参与实体赏罚,14190293,1420,A168_HF9F_20260827_0900,2026-08-27 09:00:00
2026-06-20,140221144,789,0,13.5317997294,-13.5317997294,-13.5317997294,0E-7,1,1,0.49324550000000000,0.493245500000,-0.9865810262130424,-0.9865810262130424,-0.9865810262130424,0E-17,ELIGIBLE,R03b_20260811_FULL_v1,L1_ELIGIBILITY,v2026-08-11,2026-03-21..2026-08-06,baccarat_bet02_101_all_pairs_incl_sentinel,round_win = game_pnl > 0 (decisive only),COMPATIBILITY_ONLY_NOT_PRODUCTION,114053.6424,102846.2734,6629.8046,1763,1761,-0.05812883,-0.20377779,-0.05613377,-0.05812883,-6629.8046,114053.6424,OK,0.0000,265.1922,4.0000,96.0000,AG03-UNRESOLVED,ALL5_LEVELS_bet23_to_bet27,265.1922,265.1922,265.1922,265.1922,265.1922,4.000000,4.000000,4.000000,4.000000,4.000000,96.000000,96.000000,96.000000,96.000000,96.000000,5.0,1325.9609,1224.0429,5303.8436,5405.7616,PENDING_AG03,FALSE,NOT_FOR_ENFORCEMENT,6364.6124,98732.4225,6629.8046,6364.6124,265.1922,0.05812883,0.05580367,265.1922,6364.6124,0.05580367,265.1922,265.1922,265.1922,265.1922,265.1922,6364.6124,0.05580367,1325.9609,1224.0429,5303.8436,5405.7616,0.04650306,0.04739666,0.00232515,64.6929,58.4022,3.7648,236.7787,28.3325,4073.3444,62.8929,17.9205,67.0915,20.5198,41.0397,89.6552,137.931,195.8702,245.4342,34.2936,0.0,4.772704,5.980413,1.576351,17,91,104,3,0.01351263,0.05812883,0.20377779,0E-8,0.000000,0.901736,0.003971,-0.14764402,2026-03-22,2026-08-04,28,234,128,136,0.205882,0.267106,0.277009,0.045042,,,,,,,,GLOBAL_BASELINE_NO_ENTITY_RANKING,,,NOT_APPLICABLE_GLOBAL_BASELINE,HF9g-P5,,,,X 全窗基线 · 不参与实体赏罚,14190294,1420,A168_HF9F_20260827_0900,2026-08-27 09:00:00
2026-06-20,140221144,919,0,27.0635994587,-27.0635994587,-27.0635994587,0E-7,2,2,0.50665070000000000,0.506650700000,-1.4331513700195317,-1.4331513700195317,-1.4331513700195317,0E-17,ELIGIBLE,R03b_20260811_FULL_v1,L1_ELIGIBILITY,v2026-08-11,2026-03-21..2026-08-06,baccarat_bet02_101_all_pairs_incl_sentinel,round_win = game_pnl > 0 (decisive only),COMPATIBILITY_ONLY_NOT_PRODUCTION,114053.6424,102846.2734,6629.8046,1763,1761,-0.05812883,-0.20377779,-0.05613377,-0.05812883,-6629.8046,114053.6424,OK,0.0000,265.1922,4.0000,96.0000,AG03-UNRESOLVED,ALL5_LEVELS_bet23_to_bet27,265.1922,265.1922,265.1922,265.1922,265.1922,4.000000,4.000000,4.000000,4.000000,4.000000,96.000000,96.000000,96.000000,96.000000,96.000000,5.0,1325.9609,1224.0429,5303.8436,5405.7616,PENDING_AG03,FALSE,NOT_FOR_ENFORCEMENT,6364.6124,98732.4225,6629.8046,6364.6124,265.1922,0.05812883,0.05580367,265.1922,6364.6124,0.05580367,265.1922,265.1922,265.1922,265.1922,265.1922,6364.6124,0.05580367,1325.9609,1224.0429,5303.8436,5405.7616,0.04650306,0.04739666,0.00232515,64.6929,58.4022,3.7648,236.7787,28.3325,4073.3444,62.8929,17.9205,67.0915,20.5198,41.0397,89.6552,137.931,195.8702,245.4342,34.2936,0.0,4.772704,5.980413,1.576351,17,91,104,3,0.01351263,0.05812883,0.20377779,0E-8,0.000000,0.901736,0.003971,-0.14764402,2026-03-22,2026-08-04,28,234,128,136,0.205882,0.267106,0.277009,0.045042,,,,,,,,GLOBAL_BASELINE_NO_ENTITY_RANKING,,,NOT_APPLICABLE_GLOBAL_BASELINE,HF9g-P5,,,,X 全窗基线 · 不参与实体赏罚,14190295,1420,A168_HF9F_20260827_0900,2026-08-27 09:00:00
2026-06-20,140221144,948,0,128.5520974289,20.2976995941,20.2976995941,0.6666667,7,7,0.49707555714285714,0.497075557143,0.8308375778672678,0.8308375778665665,0.8308375778672678,-1.4286E-13,ELIGIBLE,R03b_20260811_FULL_v1,L1_ELIGIBILITY,v2026-08-11,2026-03-21..2026-08-06,baccarat_bet02_101_all_pairs_incl_sentinel,round_win = game_pnl > 0 (decisive only),COMPATIBILITY_ONLY_NOT_PRODUCTION,114053.6424,102846.2734,6629.8046,1763,1761,-0.05812883,-0.20377779,-0.05613377,-0.05812883,-6629.8046,114053.6424,OK,0.0000,265.1922,4.0000,96.0000,AG03-UNRESOLVED,ALL5_LEVELS_bet23_to_bet27,265.1922,265.1922,265.1922,265.1922,265.1922,4.000000,4.000000,4.000000,4.000000,4.000000,96.000000,96.000000,96.000000,96.000000,96.000000,5.0,1325.9609,1224.0429,5303.8436,5405.7616,PENDING_AG03,FALSE,NOT_FOR_ENFORCEMENT,6364.6124,98732.4225,6629.8046,6364.6124,265.1922,0.05812883,0.05580367,265.1922,6364.6124,0.05580367,265.1922,265.1922,265.1922,265.1922,265.1922,6364.6124,0.05580367,1325.9609,1224.0429,5303.8436,5405.7616,0.04650306,0.04739666,0.00232515,64.6929,58.4022,3.7648,236.7787,28.3325,4073.3444,62.8929,17.9205,67.0915,20.5198,41.0397,89.6552,137.931,195.8702,245.4342,34.2936,0.0,4.772704,5.980413,1.576351,17,91,104,3,0.01351263,0.05812883,0.20377779,0E-8,0.000000,0.901736,0.003971,-0.14764402,2026-03-22,2026-08-04,28,234,128,136,0.205882,0.267106,0.277009,0.045042,,,,,,,,GLOBAL_BASELINE_NO_ENTITY_RANKING,,,NOT_APPLICABLE_GLOBAL_BASELINE,HF9g-P5,,,,X 全窗基线 · 不参与实体赏罚,14190296,1420,A168_HF9F_20260827_0900,2026-08-27 09:00:00
2026-06-23,140221144,2167,0,81.1907983761,-67.9972936400,-67.9972936400,0.1666667,6,6,0.49771390000000000,0.497713900000,-1.6218105569273533,-1.6218105569273533,-1.6218105569273533,0E-17,ELIGIBLE,R03b_20260811_FULL_v1,L1_ELIGIBILITY,v2026-08-11,2026-03-21..2026-08-06,baccarat_bet02_101_all_pairs_incl_sentinel,round_win = game_pnl > 0 (decisive only),COMPATIBILITY_ONLY_NOT_PRODUCTION,114053.6424,102846.2734,6629.8046,1763,1761,-0.05812883,-0.20377779,-0.05613377,-0.05812883,-6629.8046,114053.6424,OK,0.0000,265.1922,4.0000,96.0000,AG03-UNRESOLVED,ALL5_LEVELS_bet23_to_bet27,265.1922,265.1922,265.1922,265.1922,265.1922,4.000000,4.000000,4.000000,4.000000,4.000000,96.000000,96.000000,96.000000,96.000000,96.000000,5.0,1325.9609,1224.0429,5303.8436,5405.7616,PENDING_AG03,FALSE,NOT_FOR_ENFORCEMENT,6364.6124,98732.4225,6629.8046,6364.6124,265.1922,0.05812883,0.05580367,265.1922,6364.6124,0.05580367,265.1922,265.1922,265.1922,265.1922,265.1922,6364.6124,0.05580367,1325.9609,1224.0429,5303.8436,5405.7616,0.04650306,0.04739666,0.00232515,64.6929,58.4022,3.7648,236.7787,28.3325,4073.3444,62.8929,17.9205,67.0915,20.5198,41.0397,89.6552,137.931,195.8702,245.4342,34.2936,0.0,4.772704,5.980413,1.576351,17,91,104,3,0.01351263,0.05812883,0.20377779,0E-8,0.000000,0.901736,0.003971,-0.14764402,2026-03-22,2026-08-04,28,234,128,136,0.205882,0.267106,0.277009,0.045042,,,,,,,,GLOBAL_BASELINE_NO_ENTITY_RANKING,,,NOT_APPLICABLE_GLOBAL_BASELINE,HF9g-P5,,,,X 全窗基线 · 不参与实体赏罚,14190297,1420,A168_HF9F_20260827_0900,2026-08-27 09:00:00
2026-07-22,140221144,1750,0,6.7934782609,6.7934782609,6.7934782609,1.0000000,1,1,0.49324550000000000,0.493245500000,1.01360149184955,1.01360149184955,1.01360149184955,0E-17,ELIGIBLE,R03b_20260811_FULL_v1,L1_ELIGIBILITY,v2026-08-11,2026-03-21..2026-08-06,baccarat_bet02_101_all_pairs_incl_sentinel,round_win = game_pnl > 0 (decisive only),COMPATIBILITY_ONLY_NOT_PRODUCTION,114053.6424,102846.2734,6629.8046,1763,1761,-0.05812883,-0.20377779,-0.05613377,-0.05812883,-6629.8046,114053.6424,OK,0.0000,265.1922,4.0000,96.0000,AG03-UNRESOLVED,ALL5_LEVELS_bet23_to_bet27,265.1922,265.1922,265.1922,265.1922,265.1922,4.000000,4.000000,4.000000,4.000000,4.000000,96.000000,96.000000,96.000000,96.000000,96.000000,5.0,1325.9609,1224.0429,5303.8436,5405.7616,PENDING_AG03,FALSE,NOT_FOR_ENFORCEMENT,6364.6124,98732.4225,6629.8046,6364.6124,265.1922,0.05812883,0.05580367,265.1922,6364.6124,0.05580367,265.1922,265.1922,265.1922,265.1922,265.1922,6364.6124,0.05580367,1325.9609,1224.0429,5303.8436,5405.7616,0.04650306,0.04739666,0.00232515,64.6929,58.4022,3.7648,236.7787,28.3325,4073.3444,62.8929,17.9205,67.0915,20.5198,41.0397,89.6552,137.931,195.8702,245.4342,34.2936,0.0,4.772704,5.980413,1.576351,17,91,104,3,0.01351263,0.05812883,0.20377779,0E-8,0.000000,0.901736,0.003971,-0.14764402,2026-03-22,2026-08-04,28,234,128,136,0.205882,0.267106,0.277009,0.045042,,,,,,,,GLOBAL_BASELINE_NO_ENTITY_RANKING,,,NOT_APPLICABLE_GLOBAL_BASELINE,HF9g-P5,,,,X 全窗基线 · 不参与实体赏罚,14190298,1420,A168_HF9F_20260827_0900,2026-08-27 09:00:00
2026-07-22,140221144,2229,0,20.3804347827,19.7010869565,19.7010869565,1.0000000,3,3,0.50218230000000000,0.502182300000,1.724507524396475,1.7245075243964754,1.724507524396475,0E-17,ELIGIBLE,R03b_20260811_FULL_v1,L1_ELIGIBILITY,v2026-08-11,2026-03-21..2026-08-06,baccarat_bet02_101_all_pairs_incl_sentinel,round_win = game_pnl > 0 (decisive only),COMPATIBILITY_ONLY_NOT_PRODUCTION,114053.6424,102846.2734,6629.8046,1763,1761,-0.05812883,-0.20377779,-0.05613377,-0.05812883,-6629.8046,114053.6424,OK,0.0000,265.1922,4.0000,96.0000,AG03-UNRESOLVED,ALL5_LEVELS_bet23_to_bet27,265.1922,265.1922,265.1922,265.1922,265.1922,4.000000,4.000000,4.000000,4.000000,4.000000,96.000000,96.000000,96.000000,96.000000,96.000000,5.0,1325.9609,1224.0429,5303.8436,5405.7616,PENDING_AG03,FALSE,NOT_FOR_ENFORCEMENT,6364.6124,98732.4225,6629.8046,6364.6124,265.1922,0.05812883,0.05580367,265.1922,6364.6124,0.05580367,265.1922,265.1922,265.1922,265.1922,265.1922,6364.6124,0.05580367,1325.9609,1224.0429,5303.8436,5405.7616,0.04650306,0.04739666,0.00232515,64.6929,58.4022,3.7648,236.7787,28.3325,4073.3444,62.8929,17.9205,67.0915,20.5198,41.0397,89.6552,137.931,195.8702,245.4342,34.2936,0.0,4.772704,5.980413,1.576351,17,91,104,3,0.01351263,0.05812883,0.20377779,0E-8,0.000000,0.901736,0.003971,-0.14764402,2026-03-22,2026-08-04,28,234,128,136,0.205882,0.267106,0.277009,0.045042,,,,,,,,GLOBAL_BASELINE_NO_ENTITY_RANKING,,,NOT_APPLICABLE_GLOBAL_BASELINE,HF9g-P5,,,,X 全窗基线 · 不参与实体赏罚,14190299,1420,A168_HF9F_20260827_0900,2026-08-27 09:00:00
2026-07-23,140221144,1353,0,40.7608695652,-1.0190217391,-1.0190217391,0.5000000,2,2,0.50665070000000000,0.506650700000,-0.018812684590367487,-0.018812684590367487,-0.018812684590367487,0E-17,ELIGIBLE,R03b_20260811_FULL_v1,L1_ELIGIBILITY,v2026-08-11,2026-03-21..2026-08-06,baccarat_bet02_101_all_pairs_incl_sentinel,round_win = game_pnl > 0 (decisive only),COMPATIBILITY_ONLY_NOT_PRODUCTION,114053.6424,102846.2734,6629.8046,1763,1761,-0.05812883,-0.20377779,-0.05613377,-0.05812883,-6629.8046,114053.6424,OK,0.0000,265.1922,4.0000,96.0000,AG03-UNRESOLVED,ALL5_LEVELS_bet23_to_bet27,265.1922,265.1922,265.1922,265.1922,265.1922,4.000000,4.000000,4.000000,4.000000,4.000000,96.000000,96.000000,96.000000,96.000000,96.000000,5.0,1325.9609,1224.0429,5303.8436,5405.7616,PENDING_AG03,FALSE,NOT_FOR_ENFORCEMENT,6364.6124,98732.4225,6629.8046,6364.6124,265.1922,0.05812883,0.05580367,265.1922,6364.6124,0.05580367,265.1922,265.1922,265.1922,265.1922,265.1922,6364.6124,0.05580367,1325.9609,1224.0429,5303.8436,5405.7616,0.04650306,0.04739666,0.00232515,64.6929,58.4022,3.7648,236.7787,28.3325,4073.3444,62.8929,17.9205,67.0915,20.5198,41.0397,89.6552,137.931,195.8702,245.4342,34.2936,0.0,4.772704,5.980413,1.576351,17,91,104,3,0.01351263,0.05812883,0.20377779,0E-8,0.000000,0.901736,0.003971,-0.14764402,2026-03-22,2026-08-04,28,234,128,136,0.205882,0.267106,0.277009,0.045042,,,,,,,,GLOBAL_BASELINE_NO_ENTITY_RANKING,,,NOT_APPLICABLE_GLOBAL_BASELINE,HF9g-P5,,,,X 全窗基线 · 不参与实体赏罚,14190300,1420,A168_HF9F_20260827_0900,2026-08-27 09:00:00
2026-07-23,140221144,1383,0,13.5869565217,12.9076086957,12.9076086957,1.0000000,1,1,0.50665070000000000,0.506650700000,0.9867858985152569,0.9867858985152569,0.9867858985152569,0E-17,ELIGIBLE,R03b_20260811_FULL_v1,L1_ELIGIBILITY,v2026-08-11,2026-03-21..2026-08-06,baccarat_bet02_101_all_pairs_incl_sentinel,round_win = game_pnl > 0 (decisive only),COMPATIBILITY_ONLY_NOT_PRODUCTION,114053.6424,102846.2734,6629.8046,1763,1761,-0.05812883,-0.20377779,-0.05613377,-0.05812883,-6629.8046,114053.6424,OK,0.0000,265.1922,4.0000,96.0000,AG03-UNRESOLVED,ALL5_LEVELS_bet23_to_bet27,265.1922,265.1922,265.1922,265.1922,265.1922,4.000000,4.000000,4.000000,4.000000,4.000000,96.000000,96.000000,96.000000,96.000000,96.000000,5.0,1325.9609,1224.0429,5303.8436,5405.7616,PENDING_AG03,FALSE,NOT_FOR_ENFORCEMENT,6364.6124,98732.4225,6629.8046,6364.6124,265.1922,0.05812883,0.05580367,265.1922,6364.6124,0.05580367,265.1922,265.1922,265.1922,265.1922,265.1922,6364.6124,0.05580367,1325.9609,1224.0429,5303.8436,5405.7616,0.04650306,0.04739666,0.00232515,64.6929,58.4022,3.7648,236.7787,28.3325,4073.3444,62.8929,17.9205,67.0915,20.5198,41.0397,89.6552,137.931,195.8702,245.4342,34.2936,0.0,4.772704,5.980413,1.576351,17,91,104,3,0.01351263,0.05812883,0.20377779,0E-8,0.000000,0.901736,0.003971,-0.14764402,2026-03-22,2026-08-04,28,234,128,136,0.205882,0.267106,0.277009,0.045042,,,,,,,,GLOBAL_BASELINE_NO_ENTITY_RANKING,,,NOT_APPLICABLE_GLOBAL_BASELINE,HF9g-P5,,,,X 全窗基线 · 不参与实体赏罚,14190301,1420,A168_HF9F_20260827_0900,2026-08-27 09:00:00
2026-07-23,140221144,2130,0,13.5869565217,-13.5869565217,-13.5869565217,0E-7,1,1,0.50665070000000000,0.506650700000,-1.013391052207602,-1.013391052207602,-1.013391052207602,0E-17,ELIGIBLE,R03b_20260811_FULL_v1,L1_ELIGIBILITY,v2026-08-11,2026-03-21..2026-08-06,baccarat_bet02_101_all_pairs_incl_sentinel,round_win = game_pnl > 0 (decisive only),COMPATIBILITY_ONLY_NOT_PRODUCTION,114053.6424,102846.2734,6629.8046,1763,1761,-0.05812883,-0.20377779,-0.05613377,-0.05812883,-6629.8046,114053.6424,OK,0.0000,265.1922,4.0000,96.0000,AG03-UNRESOLVED,ALL5_LEVELS_bet23_to_bet27,265.1922,265.1922,265.1922,265.1922,265.1922,4.000000,4.000000,4.000000,4.000000,4.000000,96.000000,96.000000,96.000000,96.000000,96.000000,5.0,1325.9609,1224.0429,5303.8436,5405.7616,PENDING_AG03,FALSE,NOT_FOR_ENFORCEMENT,6364.6124,98732.4225,6629.8046,6364.6124,265.1922,0.05812883,0.05580367,265.1922,6364.6124,0.05580367,265.1922,265.1922,265.1922,265.1922,265.1922,6364.6124,0.05580367,1325.9609,1224.0429,5303.8436,5405.7616,0.04650306,0.04739666,0.00232515,64.6929,58.4022,3.7648,236.7787,28.3325,4073.3444,62.8929,17.9205,67.0915,20.5198,41.0397,89.6552,137.931,195.8702,245.4342,34.2936,0.0,4.772704,5.980413,1.576351,17,91,104,3,0.01351263,0.05812883,0.20377779,0E-8,0.000000,0.901736,0.003971,-0.14764402,2026-03-22,2026-08-04,28,234,128,136,0.205882,0.267106,0.277009,0.045042,,,,,,,,GLOBAL_BASELINE_NO_ENTITY_RANKING,,,NOT_APPLICABLE_GLOBAL_BASELINE,HF9g-P5,,,,X 全窗基线 · 不参与实体赏罚,14190302,1420,A168_HF9F_20260827_0900,2026-08-27 09:00:00
2026-07-23,140221144,752,0,20.3804347826,0E-10,0E-10,,1,1,0.49324550000000000,0.493245500000,,,,0E-17,NO_DECISIVE_ROUND,R03b_20260811_FULL_v1,L1_ELIGIBILITY,v2026-08-11,2026-03-21..2026-08-06,baccarat_bet02_101_all_pairs_incl_sentinel,round_win = game_pnl > 0 (decisive only),COMPATIBILITY_ONLY_NOT_PRODUCTION,114053.6424,102846.2734,6629.8046,1763,1761,-0.05812883,-0.20377779,-0.05613377,-0.05812883,-6629.8046,114053.6424,OK,0.0000,265.1922,4.0000,96.0000,AG03-UNRESOLVED,ALL5_LEVELS_bet23_to_bet27,265.1922,265.1922,265.1922,265.1922,265.1922,4.000000,4.000000,4.000000,4.000000,4.000000,96.000000,96.000000,96.000000,96.000000,96.000000,5.0,1325.9609,1224.0429,5303.8436,5405.7616,PENDING_AG03,FALSE,NOT_FOR_ENFORCEMENT,6364.6124,98732.4225,6629.8046,6364.6124,265.1922,0.05812883,0.05580367,265.1922,6364.6124,0.05580367,265.1922,265.1922,265.1922,265.1922,265.1922,6364.6124,0.05580367,1325.9609,1224.0429,5303.8436,5405.7616,0.04650306,0.04739666,0.00232515,64.6929,58.4022,3.7648,236.7787,28.3325,4073.3444,62.8929,17.9205,67.0915,20.5198,41.0397,89.6552,137.931,195.8702,245.4342,34.2936,0.0,4.772704,5.980413,1.576351,17,91,104,3,0.01351263,0.05812883,0.20377779,0E-8,0.000000,0.901736,0.003971,-0.14764402,2026-03-22,2026-08-04,28,234,128,136,0.205882,0.267106,0.277009,0.045042,,,,,,,,GLOBAL_BASELINE_NO_ENTITY_RANKING,,,NOT_APPLICABLE_GLOBAL_BASELINE,HF9g-P5,,,,X 全窗基线 · 不参与实体赏罚,14190303,1420,A168_HF9F_20260827_0900,2026-08-27 09:00:00
2026-08-03,140221144,1485,0,54.0540540541,-27.7027027028,-27.7027027028,0.3333333,3,3,0.50218230000000000,0.502182300000,-0.5849155494134425,-0.5849155494134426,-0.5849155494134425,0E-17,ELIGIBLE,R03b_20260811_FULL_v1,L1_ELIGIBILITY,v2026-08-11,2026-03-21..2026-08-06,baccarat_bet02_101_all_pairs_incl_sentinel,round_win = game_pnl > 0 (decisive only),COMPATIBILITY_ONLY_NOT_PRODUCTION,114053.6424,102846.2734,6629.8046,1763,1761,-0.05812883,-0.20377779,-0.05613377,-0.05812883,-6629.8046,114053.6424,OK,0.0000,265.1922,4.0000,96.0000,AG03-UNRESOLVED,ALL5_LEVELS_bet23_to_bet27,265.1922,265.1922,265.1922,265.1922,265.1922,4.000000,4.000000,4.000000,4.000000,4.000000,96.000000,96.000000,96.000000,96.000000,96.000000,5.0,1325.9609,1224.0429,5303.8436,5405.7616,PENDING_AG03,FALSE,NOT_FOR_ENFORCEMENT,6364.6124,98732.4225,6629.8046,6364.6124,265.1922,0.05812883,0.05580367,265.1922,6364.6124,0.05580367,265.1922,265.1922,265.1922,265.1922,265.1922,6364.6124,0.05580367,1325.9609,1224.0429,5303.8436,5405.7616,0.04650306,0.04739666,0.00232515,64.6929,58.4022,3.7648,236.7787,28.3325,4073.3444,62.8929,17.9205,67.0915,20.5198,41.0397,89.6552,137.931,195.8702,245.4342,34.2936,0.0,4.772704,5.980413,1.576351,17,91,104,3,0.01351263,0.05812883,0.20377779,0E-8,0.000000,0.901736,0.003971,-0.14764402,2026-03-22,2026-08-04,28,234,128,136,0.205882,0.267106,0.277009,0.045042,,,,,,,,GLOBAL_BASELINE_NO_ENTITY_RANKING,,,NOT_APPLICABLE_GLOBAL_BASELINE,HF9g-P5,,,,X 全窗基线 · 不参与实体赏罚,14190304,1420,A168_HF9F_20260827_0900,2026-08-27 09:00:00
2026-08-03,140221144,1935,0,20.2702702703,-20.2702702703,-20.2702702703,0E-7,1,1,0.49324550000000000,0.493245500000,-0.9865810262130424,-0.9865810262130424,-0.9865810262130424,0E-17,ELIGIBLE,R03b_20260811_FULL_v1,L1_ELIGIBILITY,v2026-08-11,2026-03-21..2026-08-06,baccarat_bet02_101_all_pairs_incl_sentinel,round_win = game_pnl > 0 (decisive only),COMPATIBILITY_ONLY_NOT_PRODUCTION,114053.6424,102846.2734,6629.8046,1763,1761,-0.05812883,-0.20377779,-0.05613377,-0.05812883,-6629.8046,114053.6424,OK,0.0000,265.1922,4.0000,96.0000,AG03-UNRESOLVED,ALL5_LEVELS_bet23_to_bet27,265.1922,265.1922,265.1922,265.1922,265.1922,4.000000,4.000000,4.000000,4.000000,4.000000,96.000000,96.000000,96.000000,96.000000,96.000000,5.0,1325.9609,1224.0429,5303.8436,5405.7616,PENDING_AG03,FALSE,NOT_FOR_ENFORCEMENT,6364.6124,98732.4225,6629.8046,6364.6124,265.1922,0.05812883,0.05580367,265.1922,6364.6124,0.05580367,265.1922,265.1922,265.1922,265.1922,265.1922,6364.6124,0.05580367,1325.9609,1224.0429,5303.8436,5405.7616,0.04650306,0.04739666,0.00232515,64.6929,58.4022,3.7648,236.7787,28.3325,4073.3444,62.8929,17.9205,67.0915,20.5198,41.0397,89.6552,137.931,195.8702,245.4342,34.2936,0.0,4.772704,5.980413,1.576351,17,91,104,3,0.01351263,0.05812883,0.20377779,0E-8,0.000000,0.901736,0.003971,-0.14764402,2026-03-22,2026-08-04,28,234,128,136,0.205882,0.267106,0.277009,0.045042,,,,,,,,GLOBAL_BASELINE_NO_ENTITY_RANKING,,,NOT_APPLICABLE_GLOBAL_BASELINE,HF9g-P5,,,,X 全窗基线 · 不参与实体赏罚,14190305,1420,A168_HF9F_20260827_0900,2026-08-27 09:00:00
2026-08-03,140221144,2106,0,520.2702702704,-85.4729729730,-85.4729729730,0.4500000,23,23,0.49907384782608696,0.499073847826,-0.43893059161940917,-0.43893059161863157,-0.43893059161940917,8.696E-14,ELIGIBLE,R03b_20260811_FULL_v1,L1_ELIGIBILITY,v2026-08-11,2026-03-21..2026-08-06,baccarat_bet02_101_all_pairs_incl_sentinel,round_win = game_pnl > 0 (decisive only),COMPATIBILITY_ONLY_NOT_PRODUCTION,114053.6424,102846.2734,6629.8046,1763,1761,-0.05812883,-0.20377779,-0.05613377,-0.05812883,-6629.8046,114053.6424,OK,0.0000,265.1922,4.0000,96.0000,AG03-UNRESOLVED,ALL5_LEVELS_bet23_to_bet27,265.1922,265.1922,265.1922,265.1922,265.1922,4.000000,4.000000,4.000000,4.000000,4.000000,96.000000,96.000000,96.000000,96.000000,96.000000,5.0,1325.9609,1224.0429,5303.8436,5405.7616,PENDING_AG03,FALSE,NOT_FOR_ENFORCEMENT,6364.6124,98732.4225,6629.8046,6364.6124,265.1922,0.05812883,0.05580367,265.1922,6364.6124,0.05580367,265.1922,265.1922,265.1922,265.1922,265.1922,6364.6124,0.05580367,1325.9609,1224.0429,5303.8436,5405.7616,0.04650306,0.04739666,0.00232515,64.6929,58.4022,3.7648,236.7787,28.3325,4073.3444,62.8929,17.9205,67.0915,20.5198,41.0397,89.6552,137.931,195.8702,245.4342,34.2936,0.0,4.772704,5.980413,1.576351,17,91,104,3,0.01351263,0.05812883,0.20377779,0E-8,0.000000,0.901736,0.003971,-0.14764402,2026-03-22,2026-08-04,28,234,128,136,0.205882,0.267106,0.277009,0.045042,,,,,,,,GLOBAL_BASELINE_NO_ENTITY_RANKING,,,NOT_APPLICABLE_GLOBAL_BASELINE,HF9g-P5,,,,X 全窗基线 · 不参与实体赏罚,14190306,1420,A168_HF9F_20260827_0900,2026-08-27 09:00:00
2026-08-03,140221144,2134,0,216.2162162163,-135.1351351351,-135.1351351351,0.2500000,8,8,0.49492115000000000,0.494921150000,-1.385554729997152,-1.385554729997152,-1.385554729997152,0E-17,ELIGIBLE,R03b_20260811_FULL_v1,L1_ELIGIBILITY,v2026-08-11,2026-03-21..2026-08-06,baccarat_bet02_101_all_pairs_incl_sentinel,round_win = game_pnl > 0 (decisive only),COMPATIBILITY_ONLY_NOT_PRODUCTION,114053.6424,102846.2734,6629.8046,1763,1761,-0.05812883,-0.20377779,-0.05613377,-0.05812883,-6629.8046,114053.6424,OK,0.0000,265.1922,4.0000,96.0000,AG03-UNRESOLVED,ALL5_LEVELS_bet23_to_bet27,265.1922,265.1922,265.1922,265.1922,265.1922,4.000000,4.000000,4.000000,4.000000,4.000000,96.000000,96.000000,96.000000,96.000000,96.000000,5.0,1325.9609,1224.0429,5303.8436,5405.7616,PENDING_AG03,FALSE,NOT_FOR_ENFORCEMENT,6364.6124,98732.4225,6629.8046,6364.6124,265.1922,0.05812883,0.05580367,265.1922,6364.6124,0.05580367,265.1922,265.1922,265.1922,265.1922,265.1922,6364.6124,0.05580367,1325.9609,1224.0429,5303.8436,5405.7616,0.04650306,0.04739666,0.00232515,64.6929,58.4022,3.7648,236.7787,28.3325,4073.3444,62.8929,17.9205,67.0915,20.5198,41.0397,89.6552,137.931,195.8702,245.4342,34.2936,0.0,4.772704,5.980413,1.576351,17,91,104,3,0.01351263,0.05812883,0.20377779,0E-8,0.000000,0.901736,0.003971,-0.14764402,2026-03-22,2026-08-04,28,234,128,136,0.205882,0.267106,0.277009,0.045042,,,,,,,,GLOBAL_BASELINE_NO_ENTITY_RANKING,,,NOT_APPLICABLE_GLOBAL_BASELINE,HF9g-P5,,,,X 全窗基线 · 不参与实体赏罚,14190307,1420,A168_HF9F_20260827_0900,2026-08-27 09:00:00
2026-08-04,140221144,1382,0,33.7837837839,-20.6081081082,-20.6081081082,0.2500000,4,4,0.50665070000000000,0.506650700000,-1.0266936290537745,-1.0266936290537745,-1.0266936290537745,0E-17,ELIGIBLE,R03b_20260811_FULL_v1,L1_ELIGIBILITY,v2026-08-11,2026-03-21..2026-08-06,baccarat_bet02_101_all_pairs_incl_sentinel,round_win = game_pnl > 0 (decisive only),COMPATIBILITY_ONLY_NOT_PRODUCTION,114053.6424,102846.2734,6629.8046,1763,1761,-0.05812883,-0.20377779,-0.05613377,-0.05812883,-6629.8046,114053.6424,OK,0.0000,265.1922,4.0000,96.0000,AG03-UNRESOLVED,ALL5_LEVELS_bet23_to_bet27,265.1922,265.1922,265.1922,265.1922,265.1922,4.000000,4.000000,4.000000,4.000000,4.000000,96.000000,96.000000,96.000000,96.000000,96.000000,5.0,1325.9609,1224.0429,5303.8436,5405.7616,PENDING_AG03,FALSE,NOT_FOR_ENFORCEMENT,6364.6124,98732.4225,6629.8046,6364.6124,265.1922,0.05812883,0.05580367,265.1922,6364.6124,0.05580367,265.1922,265.1922,265.1922,265.1922,265.1922,6364.6124,0.05580367,1325.9609,1224.0429,5303.8436,5405.7616,0.04650306,0.04739666,0.00232515,64.6929,58.4022,3.7648,236.7787,28.3325,4073.3444,62.8929,17.9205,67.0915,20.5198,41.0397,89.6552,137.931,195.8702,245.4342,34.2936,0.0,4.772704,5.980413,1.576351,17,91,104,3,0.01351263,0.05812883,0.20377779,0E-8,0.000000,0.901736,0.003971,-0.14764402,2026-03-22,2026-08-04,28,234,128,136,0.205882,0.267106,0.277009,0.045042,,,,,,,,GLOBAL_BASELINE_NO_ENTITY_RANKING,,,NOT_APPLICABLE_GLOBAL_BASELINE,HF9g-P5,,,,X 全窗基线 · 不参与实体赏罚,14190308,1420,A168_HF9F_20260827_0900,2026-08-27 09:00:00
2026-08-04,140221144,1485,0,222.9729729731,12.1621621622,12.1621621622,0.6250000,10,10,0.49860758000000000,0.498607580000,0.7149862706646061,0.7149862706646061,0.7149862706646061,0E-17,ELIGIBLE,R03b_20260811_FULL_v1,L1_ELIGIBILITY,v2026-08-11,2026-03-21..2026-08-06,baccarat_bet02_101_all_pairs_incl_sentinel,round_win = game_pnl > 0 (decisive only),COMPATIBILITY_ONLY_NOT_PRODUCTION,114053.6424,102846.2734,6629.8046,1763,1761,-0.05812883,-0.20377779,-0.05613377,-0.05812883,-6629.8046,114053.6424,OK,0.0000,265.1922,4.0000,96.0000,AG03-UNRESOLVED,ALL5_LEVELS_bet23_to_bet27,265.1922,265.1922,265.1922,265.1922,265.1922,4.000000,4.000000,4.000000,4.000000,4.000000,96.000000,96.000000,96.000000,96.000000,96.000000,5.0,1325.9609,1224.0429,5303.8436,5405.7616,PENDING_AG03,FALSE,NOT_FOR_ENFORCEMENT,6364.6124,98732.4225,6629.8046,6364.6124,265.1922,0.05812883,0.05580367,265.1922,6364.6124,0.05580367,265.1922,265.1922,265.1922,265.1922,265.1922,6364.6124,0.05580367,1325.9609,1224.0429,5303.8436,5405.7616,0.04650306,0.04739666,0.00232515,64.6929,58.4022,3.7648,236.7787,28.3325,4073.3444,62.8929,17.9205,67.0915,20.5198,41.0397,89.6552,137.931,195.8702,245.4342,34.2936,0.0,4.772704,5.980413,1.576351,17,91,104,3,0.01351263,0.05812883,0.20377779,0E-8,0.000000,0.901736,0.003971,-0.14764402,2026-03-22,2026-08-04,28,234,128,136,0.205882,0.267106,0.277009,0.045042,,,,,,,,GLOBAL_BASELINE_NO_ENTITY_RANKING,,,NOT_APPLICABLE_GLOBAL_BASELINE,HF9g-P5,,,,X 全窗基线 · 不参与实体赏罚,14190309,1420,A168_HF9F_20260827_0900,2026-08-27 09:00:00
2026-08-04,140221144,1646,0,81.0810810813,-0.3378378379,-0.3378378379,0.5000000,9,9,0.49920336666666667,0.499203366667,0.004506444376759088,0.004506444374873482,0.004506444376759088,-3.3333E-13,ELIGIBLE,R03b_20260811_FULL_v1,L1_ELIGIBILITY,v2026-08-11,2026-03-21..2026-08-06,baccarat_bet02_101_all_pairs_incl_sentinel,round_win = game_pnl > 0 (decisive only),COMPATIBILITY_ONLY_NOT_PRODUCTION,114053.6424,102846.2734,6629.8046,1763,1761,-0.05812883,-0.20377779,-0.05613377,-0.05812883,-6629.8046,114053.6424,OK,0.0000,265.1922,4.0000,96.0000,AG03-UNRESOLVED,ALL5_LEVELS_bet23_to_bet27,265.1922,265.1922,265.1922,265.1922,265.1922,4.000000,4.000000,4.000000,4.000000,4.000000,96.000000,96.000000,96.000000,96.000000,96.000000,5.0,1325.9609,1224.0429,5303.8436,5405.7616,PENDING_AG03,FALSE,NOT_FOR_ENFORCEMENT,6364.6124,98732.4225,6629.8046,6364.6124,265.1922,0.05812883,0.05580367,265.1922,6364.6124,0.05580367,265.1922,265.1922,265.1922,265.1922,265.1922,6364.6124,0.05580367,1325.9609,1224.0429,5303.8436,5405.7616,0.04650306,0.04739666,0.00232515,64.6929,58.4022,3.7648,236.7787,28.3325,4073.3444,62.8929,17.9205,67.0915,20.5198,41.0397,89.6552,137.931,195.8702,245.4342,34.2936,0.0,4.772704,5.980413,1.576351,17,91,104,3,0.01351263,0.05812883,0.20377779,0E-8,0.000000,0.901736,0.003971,-0.14764402,2026-03-22,2026-08-04,28,234,128,136,0.205882,0.267106,0.277009,0.045042,,,,,,,,GLOBAL_BASELINE_NO_ENTITY_RANKING,,,NOT_APPLICABLE_GLOBAL_BASELINE,HF9g-P5,,,,X 全窗基线 · 不参与实体赏罚,14190310,1420,A168_HF9F_20260827_0900,2026-08-27 09:00:00
2026-08-04,140221144,1942,0,148.6486486487,-14.1891891892,-14.1891891892,0.4444444,9,9,0.49771390000000000,0.497713900000,-0.3196200741816709,-0.3196200741816709,-0.3196200741816709,0E-17,ELIGIBLE,R03b_20260811_FULL_v1,L1_ELIGIBILITY,v2026-08-11,2026-03-21..2026-08-06,baccarat_bet02_101_all_pairs_incl_sentinel,round_win = game_pnl > 0 (decisive only),COMPATIBILITY_ONLY_NOT_PRODUCTION,114053.6424,102846.2734,6629.8046,1763,1761,-0.05812883,-0.20377779,-0.05613377,-0.05812883,-6629.8046,114053.6424,OK,0.0000,265.1922,4.0000,96.0000,AG03-UNRESOLVED,ALL5_LEVELS_bet23_to_bet27,265.1922,265.1922,265.1922,265.1922,265.1922,4.000000,4.000000,4.000000,4.000000,4.000000,96.000000,96.000000,96.000000,96.000000,96.000000,5.0,1325.9609,1224.0429,5303.8436,5405.7616,PENDING_AG03,FALSE,NOT_FOR_ENFORCEMENT,6364.6124,98732.4225,6629.8046,6364.6124,265.1922,0.05812883,0.05580367,265.1922,6364.6124,0.05580367,265.1922,265.1922,265.1922,265.1922,265.1922,6364.6124,0.05580367,1325.9609,1224.0429,5303.8436,5405.7616,0.04650306,0.04739666,0.00232515,64.6929,58.4022,3.7648,236.7787,28.3325,4073.3444,62.8929,17.9205,67.0915,20.5198,41.0397,89.6552,137.931,195.8702,245.4342,34.2936,0.0,4.772704,5.980413,1.576351,17,91,104,3,0.01351263,0.05812883,0.20377779,0E-8,0.000000,0.901736,0.003971,-0.14764402,2026-03-22,2026-08-04,28,234,128,136,0.205882,0.267106,0.277009,0.045042,,,,,,,,GLOBAL_BASELINE_NO_ENTITY_RANKING,,,NOT_APPLICABLE_GLOBAL_BASELINE,HF9g-P5,,,,X 全窗基线 · 不参与实体赏罚,14190311,1420,A168_HF9F_20260827_0900,2026-08-27 09:00:00
2026-08-04,140221144,2115,0,27.0270270270,-27.0270270270,-27.0270270270,0E-7,2,2,0.49994810000000000,0.499948100000,-1.4140667746232096,-1.4140667746232096,-1.4140667746232096,0E-17,ELIGIBLE,R03b_20260811_FULL_v1,L1_ELIGIBILITY,v2026-08-11,2026-03-21..2026-08-06,baccarat_bet02_101_all_pairs_incl_sentinel,round_win = game_pnl > 0 (decisive only),COMPATIBILITY_ONLY_NOT_PRODUCTION,114053.6424,102846.2734,6629.8046,1763,1761,-0.05812883,-0.20377779,-0.05613377,-0.05812883,-6629.8046,114053.6424,OK,0.0000,265.1922,4.0000,96.0000,AG03-UNRESOLVED,ALL5_LEVELS_bet23_to_bet27,265.1922,265.1922,265.1922,265.1922,265.1922,4.000000,4.000000,4.000000,4.000000,4.000000,96.000000,96.000000,96.000000,96.000000,96.000000,5.0,1325.9609,1224.0429,5303.8436,5405.7616,PENDING_AG03,FALSE,NOT_FOR_ENFORCEMENT,6364.6124,98732.4225,6629.8046,6364.6124,265.1922,0.05812883,0.05580367,265.1922,6364.6124,0.05580367,265.1922,265.1922,265.1922,265.1922,265.1922,6364.6124,0.05580367,1325.9609,1224.0429,5303.8436,5405.7616,0.04650306,0.04739666,0.00232515,64.6929,58.4022,3.7648,236.7787,28.3325,4073.3444,62.8929,17.9205,67.0915,20.5198,41.0397,89.6552,137.931,195.8702,245.4342,34.2936,0.0,4.772704,5.980413,1.576351,17,91,104,3,0.01351263,0.05812883,0.20377779,0E-8,0.000000,0.901736,0.003971,-0.14764402,2026-03-22,2026-08-04,28,234,128,136,0.205882,0.267106,0.277009,0.045042,,,,,,,,GLOBAL_BASELINE_NO_ENTITY_RANKING,,,NOT_APPLICABLE_GLOBAL_BASELINE,HF9g-P5,,,,X 全窗基线 · 不参与实体赏罚,14190312,1420,A168_HF9F_20260827_0900,2026-08-27 09:00:00
2026-08-04,140221144,2127,0,94.5945945947,-20.2702702703,-20.2702702703,0.4000000,7,7,0.49899058571428571,0.498990585714,-0.4427002597300625,-0.4427002597287852,-0.4427002597300625,2.8571E-13,ELIGIBLE,R03b_20260811_FULL_v1,L1_ELIGIBILITY,v2026-08-11,2026-03-21..2026-08-06,baccarat_bet02_101_all_pairs_incl_sentinel,round_win = game_pnl > 0 (decisive only),COMPATIBILITY_ONLY_NOT_PRODUCTION,114053.6424,102846.2734,6629.8046,1763,1761,-0.05812883,-0.20377779,-0.05613377,-0.05812883,-6629.8046,114053.6424,OK,0.0000,265.1922,4.0000,96.0000,AG03-UNRESOLVED,ALL5_LEVELS_bet23_to_bet27,265.1922,265.1922,265.1922,265.1922,265.1922,4.000000,4.000000,4.000000,4.000000,4.000000,96.000000,96.000000,96.000000,96.000000,96.000000,5.0,1325.9609,1224.0429,5303.8436,5405.7616,PENDING_AG03,FALSE,NOT_FOR_ENFORCEMENT,6364.6124,98732.4225,6629.8046,6364.6124,265.1922,0.05812883,0.05580367,265.1922,6364.6124,0.05580367,265.1922,265.1922,265.1922,265.1922,265.1922,6364.6124,0.05580367,1325.9609,1224.0429,5303.8436,5405.7616,0.04650306,0.04739666,0.00232515,64.6929,58.4022,3.7648,236.7787,28.3325,4073.3444,62.8929,17.9205,67.0915,20.5198,41.0397,89.6552,137.931,195.8702,245.4342,34.2936,0.0,4.772704,5.980413,1.576351,17,91,104,3,0.01351263,0.05812883,0.20377779,0E-8,0.000000,0.901736,0.003971,-0.14764402,2026-03-22,2026-08-04,28,234,128,136,0.205882,0.267106,0.277009,0.045042,,,,,,,,GLOBAL_BASELINE_NO_ENTITY_RANKING,,,NOT_APPLICABLE_GLOBAL_BASELINE,HF9g-P5,,,,X 全窗基线 · 不参与实体赏罚,14190313,1420,A168_HF9F_20260827_0900,2026-08-27 09:00:00
2026-08-04,140221144,526,0,6.7567567568,0E-10,0E-10,,1,1,0.50665070000000000,0.506650700000,,,,0E-17,NO_DECISIVE_ROUND,R03b_20260811_FULL_v1,L1_ELIGIBILITY,v2026-08-11,2026-03-21..2026-08-06,baccarat_bet02_101_all_pairs_incl_sentinel,round_win = game_pnl > 0 (decisive only),COMPATIBILITY_ONLY_NOT_PRODUCTION,114053.6424,102846.2734,6629.8046,1763,1761,-0.05812883,-0.20377779,-0.05613377,-0.05812883,-6629.8046,114053.6424,OK,0.0000,265.1922,4.0000,96.0000,AG03-UNRESOLVED,ALL5_LEVELS_bet23_to_bet27,265.1922,265.1922,265.1922,265.1922,265.1922,4.000000,4.000000,4.000000,4.000000,4.000000,96.000000,96.000000,96.000000,96.000000,96.000000,5.0,1325.9609,1224.0429,5303.8436,5405.7616,PENDING_AG03,FALSE,NOT_FOR_ENFORCEMENT,6364.6124,98732.4225,6629.8046,6364.6124,265.1922,0.05812883,0.05580367,265.1922,6364.6124,0.05580367,265.1922,265.1922,265.1922,265.1922,265.1922,6364.6124,0.05580367,1325.9609,1224.0429,5303.8436,5405.7616,0.04650306,0.04739666,0.00232515,64.6929,58.4022,3.7648,236.7787,28.3325,4073.3444,62.8929,17.9205,67.0915,20.5198,41.0397,89.6552,137.931,195.8702,245.4342,34.2936,0.0,4.772704,5.980413,1.576351,17,91,104,3,0.01351263,0.05812883,0.20377779,0E-8,0.000000,0.901736,0.003971,-0.14764402,2026-03-22,2026-08-04,28,234,128,136,0.205882,0.267106,0.277009,0.045042,,,,,,,,GLOBAL_BASELINE_NO_ENTITY_RANKING,,,NOT_APPLICABLE_GLOBAL_BASELINE,HF9g-P5,,,,X 全窗基线 · 不参与实体赏罚,14190314,1420,A168_HF9F_20260827_0900,2026-08-27 09:00:00
2026-03-24,147748547,1307,0,1520.8204947619,-1520.8204947619,-1520.8204947619,0E-7,5,4,0.28141193636363830,0.239310550000,-1.251587604901069,-1.1217787828660406,-1.251587604901069,0.04210138636363830,ELIGIBLE,R03b_20260811_FULL_v1,L1_ELIGIBILITY,v2026-08-11,2026-03-21..2026-08-06,baccarat_bet02_101_all_pairs_incl_sentinel,round_win = game_pnl > 0 (decisive only),COMPATIBILITY_ONLY_NOT_PRODUCTION,314925.9281,284751.5471,6629.9115,528,414,-0.02105229,,-0.02105229,-0.02105229,-6629.9115,314925.9281,OK,0.0000,265.1965,4.0000,96.0000,AG03-UNRESOLVED,ALL5_LEVELS_bet23_to_bet27,265.1965,265.1965,265.1965,530.3929,530.3929,4.000000,4.000000,4.000000,8.000000,8.000000,96.000000,96.000000,96.000000,92.000000,92.000000,5.0,1856.3752,1665.1649,4773.5363,4964.7466,PENDING_AG03,FALSE,NOT_FOR_ENFORCEMENT,6364.7150,273361.4852,6629.9115,6364.7150,265.1965,0.02105229,0.02021020,265.1965,6364.7150,0.02021020,265.1965,265.1965,265.1965,530.3929,530.3929,6364.7150,0.02021020,1856.3752,1665.1649,4773.5363,4964.7466,0.01515765,0.01576481,0.00084209,596.4506,687.8057,16.0143,441.9941,78.9275,20995.0619,27.6000,,596.4506,105.4118,210.8237,1054.1184,1264.9421,2108.2368,4216.4736,210.8237,-105.4118,10.0,20.0,2.829144,18,68,22,8,0E-8,0.02105229,,0E-8,0.000000,0.904186,0.000000,,2026-03-24,2026-04-12,15,84,66,20,0.750000,,,0.000000,,,,,,,,GLOBAL_BASELINE_NO_ENTITY_RANKING,,,NOT_APPLICABLE_GLOBAL_BASELINE,HF9g-P5,,,,X 全窗基线 · 不参与实体赏罚,14190315,1420,A168_HF9F_20260827_0900,2026-08-27 09:00:00
2026-03-24,147748547,2196,0,594.2424509200,-594.2424509200,-594.2424509200,0E-7,4,4,0.18450200000000000,0.184502000000,-0.9513034782515167,-0.9513034782515167,-0.9513034782515167,0E-17,ELIGIBLE,R03b_20260811_FULL_v1,L1_ELIGIBILITY,v2026-08-11,2026-03-21..2026-08-06,baccarat_bet02_101_all_pairs_incl_sentinel,round_win = game_pnl > 0 (decisive only),COMPATIBILITY_ONLY_NOT_PRODUCTION,314925.9281,284751.5471,6629.9115,528,414,-0.02105229,,-0.02105229,-0.02105229,-6629.9115,314925.9281,OK,0.0000,265.1965,4.0000,96.0000,AG03-UNRESOLVED,ALL5_LEVELS_bet23_to_bet27,265.1965,265.1965,265.1965,530.3929,530.3929,4.000000,4.000000,4.000000,8.000000,8.000000,96.000000,96.000000,96.000000,92.000000,92.000000,5.0,1856.3752,1665.1649,4773.5363,4964.7466,PENDING_AG03,FALSE,NOT_FOR_ENFORCEMENT,6364.7150,273361.4852,6629.9115,6364.7150,265.1965,0.02105229,0.02021020,265.1965,6364.7150,0.02021020,265.1965,265.1965,265.1965,530.3929,530.3929,6364.7150,0.02021020,1856.3752,1665.1649,4773.5363,4964.7466,0.01515765,0.01576481,0.00084209,596.4506,687.8057,16.0143,441.9941,78.9275,20995.0619,27.6000,,596.4506,105.4118,210.8237,1054.1184,1264.9421,2108.2368,4216.4736,210.8237,-105.4118,10.0,20.0,2.829144,18,68,22,8,0E-8,0.02105229,,0E-8,0.000000,0.904186,0.000000,,2026-03-24,2026-04-12,15,84,66,20,0.750000,,,0.000000,,,,,,,,GLOBAL_BASELINE_NO_ENTITY_RANKING,,,NOT_APPLICABLE_GLOBAL_BASELINE,HF9g-P5,,,,X 全窗基线 · 不参与实体赏罚,14190316,1420,A168_HF9F_20260827_0900,2026-08-27 09:00:00
2026-03-24,147748547,2246,0,1912.5803327757,1076.2391055552,1076.2391055552,0.5000000,8,6,0.41362548038941292,0.357041958333,0.4296057473463495,0.7308584478675313,0.4296057473463495,0.05658352205641292,ELIGIBLE,R03b_20260811_FULL_v1,L1_ELIGIBILITY,v2026-08-11,2026-03-21..2026-08-06,baccarat_bet02_101_all_pairs_incl_sentinel,round_win = game_pnl > 0 (decisive only),COMPATIBILITY_ONLY_NOT_PRODUCTION,314925.9281,284751.5471,6629.9115,528,414,-0.02105229,,-0.02105229,-0.02105229,-6629.9115,314925.9281,OK,0.0000,265.1965,4.0000,96.0000,AG03-UNRESOLVED,ALL5_LEVELS_bet23_to_bet27,265.1965,265.1965,265.1965,530.3929,530.3929,4.000000,4.000000,4.000000,8.000000,8.000000,96.000000,96.000000,96.000000,92.000000,92.000000,5.0,1856.3752,1665.1649,4773.5363,4964.7466,PENDING_AG03,FALSE,NOT_FOR_ENFORCEMENT,6364.7150,273361.4852,6629.9115,6364.7150,265.1965,0.02105229,0.02021020,265.1965,6364.7150,0.02021020,265.1965,265.1965,265.1965,530.3929,530.3929,6364.7150,0.02021020,1856.3752,1665.1649,4773.5363,4964.7466,0.01515765,0.01576481,0.00084209,596.4506,687.8057,16.0143,441.9941,78.9275,20995.0619,27.6000,,596.4506,105.4118,210.8237,1054.1184,1264.9421,2108.2368,4216.4736,210.8237,-105.4118,10.0,20.0,2.829144,18,68,22,8,0E-8,0.02105229,,0E-8,0.000000,0.904186,0.000000,,2026-03-24,2026-04-12,15,84,66,20,0.750000,,,0.000000,,,,,,,,GLOBAL_BASELINE_NO_ENTITY_RANKING,,,NOT_APPLICABLE_GLOBAL_BASELINE,HF9g-P5,,,,X 全窗基线 · 不参与实体赏罚,14190317,1420,A168_HF9F_20260827_0900,2026-08-27 09:00:00
2026-03-25,147748547,1078,0,7373.0081873402,-5227.1326701292,-5227.1326701292,0.1666667,8,6,0.38326339393939451,0.352370941667,-1.0912618723434986,-0.952213468003422,-1.0912618723434986,0.03089245227239451,ELIGIBLE,R03b_20260811_FULL_v1,L1_ELIGIBILITY,v2026-08-11,2026-03-21..2026-08-06,baccarat_bet02_101_all_pairs_incl_sentinel,round_win = game_pnl > 0 (decisive only),COMPATIBILITY_ONLY_NOT_PRODUCTION,314925.9281,284751.5471,6629.9115,528,414,-0.02105229,,-0.02105229,-0.02105229,-6629.9115,314925.9281,OK,0.0000,265.1965,4.0000,96.0000,AG03-UNRESOLVED,ALL5_LEVELS_bet23_to_bet27,265.1965,265.1965,265.1965,530.3929,530.3929,4.000000,4.000000,4.000000,8.000000,8.000000,96.000000,96.000000,96.000000,92.000000,92.000000,5.0,1856.3752,1665.1649,4773.5363,4964.7466,PENDING_AG03,FALSE,NOT_FOR_ENFORCEMENT,6364.7150,273361.4852,6629.9115,6364.7150,265.1965,0.02105229,0.02021020,265.1965,6364.7150,0.02021020,265.1965,265.1965,265.1965,530.3929,530.3929,6364.7150,0.02021020,1856.3752,1665.1649,4773.5363,4964.7466,0.01515765,0.01576481,0.00084209,596.4506,687.8057,16.0143,441.9941,78.9275,20995.0619,27.6000,,596.4506,105.4118,210.8237,1054.1184,1264.9421,2108.2368,4216.4736,210.8237,-105.4118,10.0,20.0,2.829144,18,68,22,8,0E-8,0.02105229,,0E-8,0.000000,0.904186,0.000000,,2026-03-24,2026-04-12,15,84,66,20,0.750000,,,0.000000,,,,,,,,GLOBAL_BASELINE_NO_ENTITY_RANKING,,,NOT_APPLICABLE_GLOBAL_BASELINE,HF9g-P5,,,,X 全窗基线 · 不参与实体赏罚,14190318,1420,A168_HF9F_20260827_0900,2026-08-27 09:00:00
2026-03-25,147748547,1151,0,17453.1208733161,6789.7702262526,6789.7702262526,0.4615385,20,13,0.35604910597735721,0.314107803846,0.7943263880100894,1.145228599740237,0.7943263880100894,0.04194130213135721,ELIGIBLE,R03b_20260811_FULL_v1,L1_ELIGIBILITY,v2026-08-11,2026-03-21..2026-08-06,baccarat_bet02_101_all_pairs_incl_sentinel,round_win = game_pnl > 0 (decisive only),COMPATIBILITY_ONLY_NOT_PRODUCTION,314925.9281,284751.5471,6629.9115,528,414,-0.02105229,,-0.02105229,-0.02105229,-6629.9115,314925.9281,OK,0.0000,265.1965,4.0000,96.0000,AG03-UNRESOLVED,ALL5_LEVELS_bet23_to_bet27,265.1965,265.1965,265.1965,530.3929,530.3929,4.000000,4.000000,4.000000,8.000000,8.000000,96.000000,96.000000,96.000000,92.000000,92.000000,5.0,1856.3752,1665.1649,4773.5363,4964.7466,PENDING_AG03,FALSE,NOT_FOR_ENFORCEMENT,6364.7150,273361.4852,6629.9115,6364.7150,265.1965,0.02105229,0.02021020,265.1965,6364.7150,0.02021020,265.1965,265.1965,265.1965,530.3929,530.3929,6364.7150,0.02021020,1856.3752,1665.1649,4773.5363,4964.7466,0.01515765,0.01576481,0.00084209,596.4506,687.8057,16.0143,441.9941,78.9275,20995.0619,27.6000,,596.4506,105.4118,210.8237,1054.1184,1264.9421,2108.2368,4216.4736,210.8237,-105.4118,10.0,20.0,2.829144,18,68,22,8,0E-8,0.02105229,,0E-8,0.000000,0.904186,0.000000,,2026-03-24,2026-04-12,15,84,66,20,0.750000,,,0.000000,,,,,,,,GLOBAL_BASELINE_NO_ENTITY_RANKING,,,NOT_APPLICABLE_GLOBAL_BASELINE,HF9g-P5,,,,X 全窗基线 · 不参与实体赏罚,14190319,1420,A168_HF9F_20260827_0900,2026-08-27 09:00:00
2026-03-25,147748547,1301,0,1540.6285764591,1100.4489831852,1100.4489831852,0.5000000,3,3,0.21880683333333333,0.218806833333,0.9618560967607842,0.961856096762452,0.9618560967607842,3.3333E-13,ELIGIBLE,R03b_20260811_FULL_v1,L1_ELIGIBILITY,v2026-08-11,2026-03-21..2026-08-06,baccarat_bet02_101_all_pairs_incl_sentinel,round_win = game_pnl > 0 (decisive only),COMPATIBILITY_ONLY_NOT_PRODUCTION,314925.9281,284751.5471,6629.9115,528,414,-0.02105229,,-0.02105229,-0.02105229,-6629.9115,314925.9281,OK,0.0000,265.1965,4.0000,96.0000,AG03-UNRESOLVED,ALL5_LEVELS_bet23_to_bet27,265.1965,265.1965,265.1965,530.3929,530.3929,4.000000,4.000000,4.000000,8.000000,8.000000,96.000000,96.000000,96.000000,92.000000,92.000000,5.0,1856.3752,1665.1649,4773.5363,4964.7466,PENDING_AG03,FALSE,NOT_FOR_ENFORCEMENT,6364.7150,273361.4852,6629.9115,6364.7150,265.1965,0.02105229,0.02021020,265.1965,6364.7150,0.02021020,265.1965,265.1965,265.1965,530.3929,530.3929,6364.7150,0.02021020,1856.3752,1665.1649,4773.5363,4964.7466,0.01515765,0.01576481,0.00084209,596.4506,687.8057,16.0143,441.9941,78.9275,20995.0619,27.6000,,596.4506,105.4118,210.8237,1054.1184,1264.9421,2108.2368,4216.4736,210.8237,-105.4118,10.0,20.0,2.829144,18,68,22,8,0E-8,0.02105229,,0E-8,0.000000,0.904186,0.000000,,2026-03-24,2026-04-12,15,84,66,20,0.750000,,,0.000000,,,,,,,,GLOBAL_BASELINE_NO_ENTITY_RANKING,,,NOT_APPLICABLE_GLOBAL_BASELINE,HF9g-P5,,,,X 全窗基线 · 不参与实体赏罚,14190320,1420,A168_HF9F_20260827_0900,2026-08-27 09:00:00
2026-03-25,147748547,1307,0,220.0897966370,-220.0897966370,-220.0897966370,0E-7,1,1,0.08158750000000000,0.081587500000,-0.29805260355172214,-0.2980526035517222,-0.29805260355172214,0E-17,ELIGIBLE,R03b_20260811_FULL_v1,L1_ELIGIBILITY,v2026-08-11,2026-03-21..2026-08-06,baccarat_bet02_101_all_pairs_incl_sentinel,round_win = game_pnl > 0 (decisive only),COMPATIBILITY_ONLY_NOT_PRODUCTION,314925.9281,284751.5471,6629.9115,528,414,-0.02105229,,-0.02105229,-0.02105229,-6629.9115,314925.9281,OK,0.0000,265.1965,4.0000,96.0000,AG03-UNRESOLVED,ALL5_LEVELS_bet23_to_bet27,265.1965,265.1965,265.1965,530.3929,530.3929,4.000000,4.000000,4.000000,8.000000,8.000000,96.000000,96.000000,96.000000,92.000000,92.000000,5.0,1856.3752,1665.1649,4773.5363,4964.7466,PENDING_AG03,FALSE,NOT_FOR_ENFORCEMENT,6364.7150,273361.4852,6629.9115,6364.7150,265.1965,0.02105229,0.02021020,265.1965,6364.7150,0.02021020,265.1965,265.1965,265.1965,530.3929,530.3929,6364.7150,0.02021020,1856.3752,1665.1649,4773.5363,4964.7466,0.01515765,0.01576481,0.00084209,596.4506,687.8057,16.0143,441.9941,78.9275,20995.0619,27.6000,,596.4506,105.4118,210.8237,1054.1184,1264.9421,2108.2368,4216.4736,210.8237,-105.4118,10.0,20.0,2.829144,18,68,22,8,0E-8,0.02105229,,0E-8,0.000000,0.904186,0.000000,,2026-03-24,2026-04-12,15,84,66,20,0.750000,,,0.000000,,,,,,,,GLOBAL_BASELINE_NO_ENTITY_RANKING,,,NOT_APPLICABLE_GLOBAL_BASELINE,HF9g-P5,,,,X 全窗基线 · 不参与实体赏罚,14190321,1420,A168_HF9F_20260827_0900,2026-08-27 09:00:00
2026-03-25,147748547,1374,0,550.2244915925,-550.2244915925,-550.2244915925,0E-7,3,3,0.21393320000000000,0.213933200000,-0.9035870416148697,-0.9035870416148697,-0.9035870416148697,0E-17,ELIGIBLE,R03b_20260811_FULL_v1,L1_ELIGIBILITY,v2026-08-11,2026-03-21..2026-08-06,baccarat_bet02_101_all_pairs_incl_sentinel,round_win = game_pnl > 0 (decisive only),COMPATIBILITY_ONLY_NOT_PRODUCTION,314925.9281,284751.5471,6629.9115,528,414,-0.02105229,,-0.02105229,-0.02105229,-6629.9115,314925.9281,OK,0.0000,265.1965,4.0000,96.0000,AG03-UNRESOLVED,ALL5_LEVELS_bet23_to_bet27,265.1965,265.1965,265.1965,530.3929,530.3929,4.000000,4.000000,4.000000,8.000000,8.000000,96.000000,96.000000,96.000000,92.000000,92.000000,5.0,1856.3752,1665.1649,4773.5363,4964.7466,PENDING_AG03,FALSE,NOT_FOR_ENFORCEMENT,6364.7150,273361.4852,6629.9115,6364.7150,265.1965,0.02105229,0.02021020,265.1965,6364.7150,0.02021020,265.1965,265.1965,265.1965,530.3929,530.3929,6364.7150,0.02021020,1856.3752,1665.1649,4773.5363,4964.7466,0.01515765,0.01576481,0.00084209,596.4506,687.8057,16.0143,441.9941,78.9275,20995.0619,27.6000,,596.4506,105.4118,210.8237,1054.1184,1264.9421,2108.2368,4216.4736,210.8237,-105.4118,10.0,20.0,2.829144,18,68,22,8,0E-8,0.02105229,,0E-8,0.000000,0.904186,0.000000,,2026-03-24,2026-04-12,15,84,66,20,0.750000,,,0.000000,,,,,,,,GLOBAL_BASELINE_NO_ENTITY_RANKING,,,NOT_APPLICABLE_GLOBAL_BASELINE,HF9g-P5,,,,X 全窗基线 · 不参与实体赏罚,14190322,1420,A168_HF9F_20260827_0900,2026-08-27 09:00:00
2026-03-25,147748547,1382,0,3851.5714411478,-550.2244915925,-550.2244915925,0.2000000,7,5,0.30809806500000111,0.264190440000,-0.5235234795695471,-0.3255472961493921,-0.5235234795695471,0.04390762500000111,ELIGIBLE,R03b_20260811_FULL_v1,L1_ELIGIBILITY,v2026-08-11,2026-03-21..2026-08-06,baccarat_bet02_101_all_pairs_incl_sentinel,round_win = game_pnl > 0 (decisive only),COMPATIBILITY_ONLY_NOT_PRODUCTION,314925.9281,284751.5471,6629.9115,528,414,-0.02105229,,-0.02105229,-0.02105229,-6629.9115,314925.9281,OK,0.0000,265.1965,4.0000,96.0000,AG03-UNRESOLVED,ALL5_LEVELS_bet23_to_bet27,265.1965,265.1965,265.1965,530.3929,530.3929,4.000000,4.000000,4.000000,8.000000,8.000000,96.000000,96.000000,96.000000,92.000000,92.000000,5.0,1856.3752,1665.1649,4773.5363,4964.7466,PENDING_AG03,FALSE,NOT_FOR_ENFORCEMENT,6364.7150,273361.4852,6629.9115,6364.7150,265.1965,0.02105229,0.02021020,265.1965,6364.7150,0.02021020,265.1965,265.1965,265.1965,530.3929,530.3929,6364.7150,0.02021020,1856.3752,1665.1649,4773.5363,4964.7466,0.01515765,0.01576481,0.00084209,596.4506,687.8057,16.0143,441.9941,78.9275,20995.0619,27.6000,,596.4506,105.4118,210.8237,1054.1184,1264.9421,2108.2368,4216.4736,210.8237,-105.4118,10.0,20.0,2.829144,18,68,22,8,0E-8,0.02105229,,0E-8,0.000000,0.904186,0.000000,,2026-03-24,2026-04-12,15,84,66,20,0.750000,,,0.000000,,,,,,,,GLOBAL_BASELINE_NO_ENTITY_RANKING,,,NOT_APPLICABLE_GLOBAL_BASELINE,HF9g-P5,,,,X 全窗基线 · 不参与实体赏罚,14190323,1420,A168_HF9F_20260827_0900,2026-08-27 09:00:00
2026-03-25,147748547,1385,0,4401.7959327405,-1100.4489831851,-1100.4489831851,0E-7,2,2,0.49994810000000000,0.499948100000,-0.9998962053866608,-0.9998962053866608,-0.9998962053866608,0E-17,ELIGIBLE,R03b_20260811_FULL_v1,L1_ELIGIBILITY,v2026-08-11,2026-03-21..2026-08-06,baccarat_bet02_101_all_pairs_incl_sentinel,round_win = game_pnl > 0 (decisive only),COMPATIBILITY_ONLY_NOT_PRODUCTION,314925.9281,284751.5471,6629.9115,528,414,-0.02105229,,-0.02105229,-0.02105229,-6629.9115,314925.9281,OK,0.0000,265.1965,4.0000,96.0000,AG03-UNRESOLVED,ALL5_LEVELS_bet23_to_bet27,265.1965,265.1965,265.1965,530.3929,530.3929,4.000000,4.000000,4.000000,8.000000,8.000000,96.000000,96.000000,96.000000,92.000000,92.000000,5.0,1856.3752,1665.1649,4773.5363,4964.7466,PENDING_AG03,FALSE,NOT_FOR_ENFORCEMENT,6364.7150,273361.4852,6629.9115,6364.7150,265.1965,0.02105229,0.02021020,265.1965,6364.7150,0.02021020,265.1965,265.1965,265.1965,530.3929,530.3929,6364.7150,0.02021020,1856.3752,1665.1649,4773.5363,4964.7466,0.01515765,0.01576481,0.00084209,596.4506,687.8057,16.0143,441.9941,78.9275,20995.0619,27.6000,,596.4506,105.4118,210.8237,1054.1184,1264.9421,2108.2368,4216.4736,210.8237,-105.4118,10.0,20.0,2.829144,18,68,22,8,0E-8,0.02105229,,0E-8,0.000000,0.904186,0.000000,,2026-03-24,2026-04-12,15,84,66,20,0.750000,,,0.000000,,,,,,,,GLOBAL_BASELINE_NO_ENTITY_RANKING,,,NOT_APPLICABLE_GLOBAL_BASELINE,HF9g-P5,,,,X 全窗基线 · 不参与实体赏罚,14190324,1420,A168_HF9F_20260827_0900,2026-08-27 09:00:00
2026-03-25,147748547,1401,0,1650.6734747777,-1650.6734747777,-1650.6734747777,0E-7,2,1,0.47644474666667033,0.280106050000,-0.9539486781194427,-0.6237735893609975,-0.9539486781194427,0.19633869666667033,ELIGIBLE,R03b_20260811_FULL_v1,L1_ELIGIBILITY,v2026-08-11,2026-03-21..2026-08-06,baccarat_bet02_101_all_pairs_incl_sentinel,round_win = game_pnl > 0 (decisive only),COMPATIBILITY_ONLY_NOT_PRODUCTION,314925.9281,284751.5471,6629.9115,528,414,-0.02105229,,-0.02105229,-0.02105229,-6629.9115,314925.9281,OK,0.0000,265.1965,4.0000,96.0000,AG03-UNRESOLVED,ALL5_LEVELS_bet23_to_bet27,265.1965,265.1965,265.1965,530.3929,530.3929,4.000000,4.000000,4.000000,8.000000,8.000000,96.000000,96.000000,96.000000,92.000000,92.000000,5.0,1856.3752,1665.1649,4773.5363,4964.7466,PENDING_AG03,FALSE,NOT_FOR_ENFORCEMENT,6364.7150,273361.4852,6629.9115,6364.7150,265.1965,0.02105229,0.02021020,265.1965,6364.7150,0.02021020,265.1965,265.1965,265.1965,530.3929,530.3929,6364.7150,0.02021020,1856.3752,1665.1649,4773.5363,4964.7466,0.01515765,0.01576481,0.00084209,596.4506,687.8057,16.0143,441.9941,78.9275,20995.0619,27.6000,,596.4506,105.4118,210.8237,1054.1184,1264.9421,2108.2368,4216.4736,210.8237,-105.4118,10.0,20.0,2.829144,18,68,22,8,0E-8,0.02105229,,0E-8,0.000000,0.904186,0.000000,,2026-03-24,2026-04-12,15,84,66,20,0.750000,,,0.000000,,,,,,,,GLOBAL_BASELINE_NO_ENTITY_RANKING,,,NOT_APPLICABLE_GLOBAL_BASELINE,HF9g-P5,,,,X 全窗基线 · 不参与实体赏罚,14190325,1420,A168_HF9F_20260827_0900,2026-08-27 09:00:00
2026-03-25,147748547,1654,0,88.0359186548,-88.0359186548,-88.0359186548,0E-7,2,2,0.06757445000000000,0.067574450000,-0.38071428709838784,-0.3807142870983879,-0.38071428709838784,0E-17,ELIGIBLE,R03b_20260811_FULL_v1,L1_ELIGIBILITY,v2026-08-11,2026-03-21..2026-08-06,baccarat_bet02_101_all_pairs_incl_sentinel,round_win = game_pnl > 0 (decisive only),COMPATIBILITY_ONLY_NOT_PRODUCTION,314925.9281,284751.5471,6629.9115,528,414,-0.02105229,,-0.02105229,-0.02105229,-6629.9115,314925.9281,OK,0.0000,265.1965,4.0000,96.0000,AG03-UNRESOLVED,ALL5_LEVELS_bet23_to_bet27,265.1965,265.1965,265.1965,530.3929,530.3929,4.000000,4.000000,4.000000,8.000000,8.000000,96.000000,96.000000,96.000000,92.000000,92.000000,5.0,1856.3752,1665.1649,4773.5363,4964.7466,PENDING_AG03,FALSE,NOT_FOR_ENFORCEMENT,6364.7150,273361.4852,6629.9115,6364.7150,265.1965,0.02105229,0.02021020,265.1965,6364.7150,0.02021020,265.1965,265.1965,265.1965,530.3929,530.3929,6364.7150,0.02021020,1856.3752,1665.1649,4773.5363,4964.7466,0.01515765,0.01576481,0.00084209,596.4506,687.8057,16.0143,441.9941,78.9275,20995.0619,27.6000,,596.4506,105.4118,210.8237,1054.1184,1264.9421,2108.2368,4216.4736,210.8237,-105.4118,10.0,20.0,2.829144,18,68,22,8,0E-8,0.02105229,,0E-8,0.000000,0.904186,0.000000,,2026-03-24,2026-04-12,15,84,66,20,0.750000,,,0.000000,,,,,,,,GLOBAL_BASELINE_NO_ENTITY_RANKING,,,NOT_APPLICABLE_GLOBAL_BASELINE,HF9g-P5,,,,X 全窗基线 · 不参与实体赏罚,14190326,1420,A168_HF9F_20260827_0900,2026-08-27 09:00:00
2026-03-25,147748547,1711,0,220.0897966370,-220.0897966370,-220.0897966370,0E-7,1,1,0.05356140000000000,0.053561400000,-0.2378919454095156,-0.2378919454095156,-0.2378919454095156,0E-17,ELIGIBLE,R03b_20260811_FULL_v1,L1_ELIGIBILITY,v2026-08-11,2026-03-21..2026-08-06,baccarat_bet02_101_all_pairs_incl_sentinel,round_win = game_pnl > 0 (decisive only),COMPATIBILITY_ONLY_NOT_PRODUCTION,314925.9281,284751.5471,6629.9115,528,414,-0.02105229,,-0.02105229,-0.02105229,-6629.9115,314925.9281,OK,0.0000,265.1965,4.0000,96.0000,AG03-UNRESOLVED,ALL5_LEVELS_bet23_to_bet27,265.1965,265.1965,265.1965,530.3929,530.3929,4.000000,4.000000,4.000000,8.000000,8.000000,96.000000,96.000000,96.000000,92.000000,92.000000,5.0,1856.3752,1665.1649,4773.5363,4964.7466,PENDING_AG03,FALSE,NOT_FOR_ENFORCEMENT,6364.7150,273361.4852,6629.9115,6364.7150,265.1965,0.02105229,0.02021020,265.1965,6364.7150,0.02021020,265.1965,265.1965,265.1965,530.3929,530.3929,6364.7150,0.02021020,1856.3752,1665.1649,4773.5363,4964.7466,0.01515765,0.01576481,0.00084209,596.4506,687.8057,16.0143,441.9941,78.9275,20995.0619,27.6000,,596.4506,105.4118,210.8237,1054.1184,1264.9421,2108.2368,4216.4736,210.8237,-105.4118,10.0,20.0,2.829144,18,68,22,8,0E-8,0.02105229,,0E-8,0.000000,0.904186,0.000000,,2026-03-24,2026-04-12,15,84,66,20,0.750000,,,0.000000,,,,,,,,GLOBAL_BASELINE_NO_ENTITY_RANKING,,,NOT_APPLICABLE_GLOBAL_BASELINE,HF9g-P5,,,,X 全窗基线 · 不参与实体赏罚,14190327,1420,A168_HF9F_20260827_0900,2026-08-27 09:00:00
2026-03-25,147748547,2155,0,4511.8408310589,2531.0326613260,2531.0326613260,0.4166667,19,12,0.23779732931508590,0.178003370833,1.4554182005517824,2.1613600766536067,1.4554182005517824,0.05979395848208590,ELIGIBLE,R03b_20260811_FULL_v1,L1_ELIGIBILITY,v2026-08-11,2026-03-21..2026-08-06,baccarat_bet02_101_all_pairs_incl_sentinel,round_win = game_pnl > 0 (decisive only),COMPATIBILITY_ONLY_NOT_PRODUCTION,314925.9281,284751.5471,6629.9115,528,414,-0.02105229,,-0.02105229,-0.02105229,-6629.9115,314925.9281,OK,0.0000,265.1965,4.0000,96.0000,AG03-UNRESOLVED,ALL5_LEVELS_bet23_to_bet27,265.1965,265.1965,265.1965,530.3929,530.3929,4.000000,4.000000,4.000000,8.000000,8.000000,96.000000,96.000000,96.000000,92.000000,92.000000,5.0,1856.3752,1665.1649,4773.5363,4964.7466,PENDING_AG03,FALSE,NOT_FOR_ENFORCEMENT,6364.7150,273361.4852,6629.9115,6364.7150,265.1965,0.02105229,0.02021020,265.1965,6364.7150,0.02021020,265.1965,265.1965,265.1965,530.3929,530.3929,6364.7150,0.02021020,1856.3752,1665.1649,4773.5363,4964.7466,0.01515765,0.01576481,0.00084209,596.4506,687.8057,16.0143,441.9941,78.9275,20995.0619,27.6000,,596.4506,105.4118,210.8237,1054.1184,1264.9421,2108.2368,4216.4736,210.8237,-105.4118,10.0,20.0,2.829144,18,68,22,8,0E-8,0.02105229,,0E-8,0.000000,0.904186,0.000000,,2026-03-24,2026-04-12,15,84,66,20,0.750000,,,0.000000,,,,,,,,GLOBAL_BASELINE_NO_ENTITY_RANKING,,,NOT_APPLICABLE_GLOBAL_BASELINE,HF9g-P5,,,,X 全窗基线 · 不参与实体赏罚,14190328,1420,A168_HF9F_20260827_0900,2026-08-27 09:00:00
2026-03-25,147748547,2167,0,1254.5118408310,891.3636763800,891.3636763800,0.3333333,3,3,0.22761366666666667,0.227613666667,0.43671685589751835,0.4367168558959158,0.43671685589751835,-3.3333E-13,ELIGIBLE,R03b_20260811_FULL_v1,L1_ELIGIBILITY,v2026-08-11,2026-03-21..2026-08-06,baccarat_bet02_101_all_pairs_incl_sentinel,round_win = game_pnl > 0 (decisive only),COMPATIBILITY_ONLY_NOT_PRODUCTION,314925.9281,284751.5471,6629.9115,528,414,-0.02105229,,-0.02105229,-0.02105229,-6629.9115,314925.9281,OK,0.0000,265.1965,4.0000,96.0000,AG03-UNRESOLVED,ALL5_LEVELS_bet23_to_bet27,265.1965,265.1965,265.1965,530.3929,530.3929,4.000000,4.000000,4.000000,8.000000,8.000000,96.000000,96.000000,96.000000,92.000000,92.000000,5.0,1856.3752,1665.1649,4773.5363,4964.7466,PENDING_AG03,FALSE,NOT_FOR_ENFORCEMENT,6364.7150,273361.4852,6629.9115,6364.7150,265.1965,0.02105229,0.02021020,265.1965,6364.7150,0.02021020,265.1965,265.1965,265.1965,530.3929,530.3929,6364.7150,0.02021020,1856.3752,1665.1649,4773.5363,4964.7466,0.01515765,0.01576481,0.00084209,596.4506,687.8057,16.0143,441.9941,78.9275,20995.0619,27.6000,,596.4506,105.4118,210.8237,1054.1184,1264.9421,2108.2368,4216.4736,210.8237,-105.4118,10.0,20.0,2.829144,18,68,22,8,0E-8,0.02105229,,0E-8,0.000000,0.904186,0.000000,,2026-03-24,2026-04-12,15,84,66,20,0.750000,,,0.000000,,,,,,,,GLOBAL_BASELINE_NO_ENTITY_RANKING,,,NOT_APPLICABLE_GLOBAL_BASELINE,HF9g-P5,,,,X 全窗基线 · 不参与实体赏罚,14190329,1420,A168_HF9F_20260827_0900,2026-08-27 09:00:00
2026-03-25,147748547,2205,0,1320.5387798221,-33.0134694955,-33.0134694955,0.3333333,4,3,0.17617575833333762,0.138418316667,0.7145055191477503,0.9775993772684124,0.7145055191477503,0.03775744166633762,ELIGIBLE,R03b_20260811_FULL_v1,L1_ELIGIBILITY,v2026-08-11,2026-03-21..2026-08-06,baccarat_bet02_101_all_pairs_incl_sentinel,round_win = game_pnl > 0 (decisive only),COMPATIBILITY_ONLY_NOT_PRODUCTION,314925.9281,284751.5471,6629.9115,528,414,-0.02105229,,-0.02105229,-0.02105229,-6629.9115,314925.9281,OK,0.0000,265.1965,4.0000,96.0000,AG03-UNRESOLVED,ALL5_LEVELS_bet23_to_bet27,265.1965,265.1965,265.1965,530.3929,530.3929,4.000000,4.000000,4.000000,8.000000,8.000000,96.000000,96.000000,96.000000,92.000000,92.000000,5.0,1856.3752,1665.1649,4773.5363,4964.7466,PENDING_AG03,FALSE,NOT_FOR_ENFORCEMENT,6364.7150,273361.4852,6629.9115,6364.7150,265.1965,0.02105229,0.02021020,265.1965,6364.7150,0.02021020,265.1965,265.1965,265.1965,530.3929,530.3929,6364.7150,0.02021020,1856.3752,1665.1649,4773.5363,4964.7466,0.01515765,0.01576481,0.00084209,596.4506,687.8057,16.0143,441.9941,78.9275,20995.0619,27.6000,,596.4506,105.4118,210.8237,1054.1184,1264.9421,2108.2368,4216.4736,210.8237,-105.4118,10.0,20.0,2.829144,18,68,22,8,0E-8,0.02105229,,0E-8,0.000000,0.904186,0.000000,,2026-03-24,2026-04-12,15,84,66,20,0.750000,,,0.000000,,,,,,,,GLOBAL_BASELINE_NO_ENTITY_RANKING,,,NOT_APPLICABLE_GLOBAL_BASELINE,HF9g-P5,,,,X 全窗基线 · 不参与实体赏罚,14190330,1420,A168_HF9F_20260827_0900,2026-08-27 09:00:00
2026-03-25,147748547,2220,0,440.1795932741,-440.1795932741,-440.1795932741,0E-7,1,1,0.50665070000000000,0.506650700000,-1.013391052207602,-1.013391052207602,-1.013391052207602,0E-17,ELIGIBLE,R03b_20260811_FULL_v1,L1_ELIGIBILITY,v2026-08-11,2026-03-21..2026-08-06,baccarat_bet02_101_all_pairs_incl_sentinel,round_win = game_pnl > 0 (decisive only),COMPATIBILITY_ONLY_NOT_PRODUCTION,314925.9281,284751.5471,6629.9115,528,414,-0.02105229,,-0.02105229,-0.02105229,-6629.9115,314925.9281,OK,0.0000,265.1965,4.0000,96.0000,AG03-UNRESOLVED,ALL5_LEVELS_bet23_to_bet27,265.1965,265.1965,265.1965,530.3929,530.3929,4.000000,4.000000,4.000000,8.000000,8.000000,96.000000,96.000000,96.000000,92.000000,92.000000,5.0,1856.3752,1665.1649,4773.5363,4964.7466,PENDING_AG03,FALSE,NOT_FOR_ENFORCEMENT,6364.7150,273361.4852,6629.9115,6364.7150,265.1965,0.02105229,0.02021020,265.1965,6364.7150,0.02021020,265.1965,265.1965,265.1965,530.3929,530.3929,6364.7150,0.02021020,1856.3752,1665.1649,4773.5363,4964.7466,0.01515765,0.01576481,0.00084209,596.4506,687.8057,16.0143,441.9941,78.9275,20995.0619,27.6000,,596.4506,105.4118,210.8237,1054.1184,1264.9421,2108.2368,4216.4736,210.8237,-105.4118,10.0,20.0,2.829144,18,68,22,8,0E-8,0.02105229,,0E-8,0.000000,0.904186,0.000000,,2026-03-24,2026-04-12,15,84,66,20,0.750000,,,0.000000,,,,,,,,GLOBAL_BASELINE_NO_ENTITY_RANKING,,,NOT_APPLICABLE_GLOBAL_BASELINE,HF9g-P5,,,,X 全窗基线 · 不参与实体赏罚,14190331,1420,A168_HF9F_20260827_0900,2026-08-27 09:00:00
2026-03-25,147748547,2232,0,2200.8979663703,-2200.8979663703,-2200.8979663703,0E-7,1,1,0.49324550000000000,0.493245500000,-0.9865810262130424,-0.9865810262130424,-0.9865810262130424,0E-17,ELIGIBLE,R03b_20260811_FULL_v1,L1_ELIGIBILITY,v2026-08-11,2026-03-21..2026-08-06,baccarat_bet02_101_all_pairs_incl_sentinel,round_win = game_pnl > 0 (decisive only),COMPATIBILITY_ONLY_NOT_PRODUCTION,314925.9281,284751.5471,6629.9115,528,414,-0.02105229,,-0.02105229,-0.02105229,-6629.9115,314925.9281,OK,0.0000,265.1965,4.0000,96.0000,AG03-UNRESOLVED,ALL5_LEVELS_bet23_to_bet27,265.1965,265.1965,265.1965,530.3929,530.3929,4.000000,4.000000,4.000000,8.000000,8.000000,96.000000,96.000000,96.000000,92.000000,92.000000,5.0,1856.3752,1665.1649,4773.5363,4964.7466,PENDING_AG03,FALSE,NOT_FOR_ENFORCEMENT,6364.7150,273361.4852,6629.9115,6364.7150,265.1965,0.02105229,0.02021020,265.1965,6364.7150,0.02021020,265.1965,265.1965,265.1965,530.3929,530.3929,6364.7150,0.02021020,1856.3752,1665.1649,4773.5363,4964.7466,0.01515765,0.01576481,0.00084209,596.4506,687.8057,16.0143,441.9941,78.9275,20995.0619,27.6000,,596.4506,105.4118,210.8237,1054.1184,1264.9421,2108.2368,4216.4736,210.8237,-105.4118,10.0,20.0,2.829144,18,68,22,8,0E-8,0.02105229,,0E-8,0.000000,0.904186,0.000000,,2026-03-24,2026-04-12,15,84,66,20,0.750000,,,0.000000,,,,,,,,GLOBAL_BASELINE_NO_ENTITY_RANKING,,,NOT_APPLICABLE_GLOBAL_BASELINE,HF9g-P5,,,,X 全窗基线 · 不参与实体赏罚,14190332,1420,A168_HF9F_20260827_0900,2026-08-27 09:00:00
2026-03-25,147748547,2246,0,7042.8734923848,297.1212254601,297.1212254601,0.4000000,8,5,0.36603980952381359,0.284492320000,0.15763765497918608,0.5724709323055416,0.15763765497918608,0.08154748952381359,ELIGIBLE,R03b_20260811_FULL_v1,L1_ELIGIBILITY,v2026-08-11,2026-03-21..2026-08-06,baccarat_bet02_101_all_pairs_incl_sentinel,round_win = game_pnl > 0 (decisive only),COMPATIBILITY_ONLY_NOT_PRODUCTION,314925.9281,284751.5471,6629.9115,528,414,-0.02105229,,-0.02105229,-0.02105229,-6629.9115,314925.9281,OK,0.0000,265.1965,4.0000,96.0000,AG03-UNRESOLVED,ALL5_LEVELS_bet23_to_bet27,265.1965,265.1965,265.1965,530.3929,530.3929,4.000000,4.000000,4.000000,8.000000,8.000000,96.000000,96.000000,96.000000,92.000000,92.000000,5.0,1856.3752,1665.1649,4773.5363,4964.7466,PENDING_AG03,FALSE,NOT_FOR_ENFORCEMENT,6364.7150,273361.4852,6629.9115,6364.7150,265.1965,0.02105229,0.02021020,265.1965,6364.7150,0.02021020,265.1965,265.1965,265.1965,530.3929,530.3929,6364.7150,0.02021020,1856.3752,1665.1649,4773.5363,4964.7466,0.01515765,0.01576481,0.00084209,596.4506,687.8057,16.0143,441.9941,78.9275,20995.0619,27.6000,,596.4506,105.4118,210.8237,1054.1184,1264.9421,2108.2368,4216.4736,210.8237,-105.4118,10.0,20.0,2.829144,18,68,22,8,0E-8,0.02105229,,0E-8,0.000000,0.904186,0.000000,,2026-03-24,2026-04-12,15,84,66,20,0.750000,,,0.000000,,,,,,,,GLOBAL_BASELINE_NO_ENTITY_RANKING,,,NOT_APPLICABLE_GLOBAL_BASELINE,HF9g-P5,,,,X 全窗基线 · 不参与实体赏罚,14190333,1420,A168_HF9F_20260827_0900,2026-08-27 09:00:00
2026-03-25,147748547,526,0,440.1795932741,-440.1795932741,-440.1795932741,0E-7,1,1,0.49324550000000000,0.493245500000,-0.9865810262130424,-0.9865810262130424,-0.9865810262130424,0E-17,ELIGIBLE,R03b_20260811_FULL_v1,L1_ELIGIBILITY,v2026-08-11,2026-03-21..2026-08-06,baccarat_bet02_101_all_pairs_incl_sentinel,round_win = game_pnl > 0 (decisive only),COMPATIBILITY_ONLY_NOT_PRODUCTION,314925.9281,284751.5471,6629.9115,528,414,-0.02105229,,-0.02105229,-0.02105229,-6629.9115,314925.9281,OK,0.0000,265.1965,4.0000,96.0000,AG03-UNRESOLVED,ALL5_LEVELS_bet23_to_bet27,265.1965,265.1965,265.1965,530.3929,530.3929,4.000000,4.000000,4.000000,8.000000,8.000000,96.000000,96.000000,96.000000,92.000000,92.000000,5.0,1856.3752,1665.1649,4773.5363,4964.7466,PENDING_AG03,FALSE,NOT_FOR_ENFORCEMENT,6364.7150,273361.4852,6629.9115,6364.7150,265.1965,0.02105229,0.02021020,265.1965,6364.7150,0.02021020,265.1965,265.1965,265.1965,530.3929,530.3929,6364.7150,0.02021020,1856.3752,1665.1649,4773.5363,4964.7466,0.01515765,0.01576481,0.00084209,596.4506,687.8057,16.0143,441.9941,78.9275,20995.0619,27.6000,,596.4506,105.4118,210.8237,1054.1184,1264.9421,2108.2368,4216.4736,210.8237,-105.4118,10.0,20.0,2.829144,18,68,22,8,0E-8,0.02105229,,0E-8,0.000000,0.904186,0.000000,,2026-03-24,2026-04-12,15,84,66,20,0.750000,,,0.000000,,,,,,,,GLOBAL_BASELINE_NO_ENTITY_RANKING,,,NOT_APPLICABLE_GLOBAL_BASELINE,HF9g-P5,,,,X 全窗基线 · 不参与实体赏罚,14190334,1420,A168_HF9F_20260827_0900,2026-08-27 09:00:00
2026-03-25,147748547,583,0,1094.9467382692,-880.3591865481,-880.3591865481,0.5000000,2,2,0.49994810000000000,0.499948100000,0.00014679536856514622,0.00014679536856514622,0.00014679536856514622,0E-17,ELIGIBLE,R03b_20260811_FULL_v1,L1_ELIGIBILITY,v2026-08-11,2026-03-21..2026-08-06,baccarat_bet02_101_all_pairs_incl_sentinel,round_win = game_pnl > 0 (decisive only),COMPATIBILITY_ONLY_NOT_PRODUCTION,314925.9281,284751.5471,6629.9115,528,414,-0.02105229,,-0.02105229,-0.02105229,-6629.9115,314925.9281,OK,0.0000,265.1965,4.0000,96.0000,AG03-UNRESOLVED,ALL5_LEVELS_bet23_to_bet27,265.1965,265.1965,265.1965,530.3929,530.3929,4.000000,4.000000,4.000000,8.000000,8.000000,96.000000,96.000000,96.000000,92.000000,92.000000,5.0,1856.3752,1665.1649,4773.5363,4964.7466,PENDING_AG03,FALSE,NOT_FOR_ENFORCEMENT,6364.7150,273361.4852,6629.9115,6364.7150,265.1965,0.02105229,0.02021020,265.1965,6364.7150,0.02021020,265.1965,265.1965,265.1965,530.3929,530.3929,6364.7150,0.02021020,1856.3752,1665.1649,4773.5363,4964.7466,0.01515765,0.01576481,0.00084209,596.4506,687.8057,16.0143,441.9941,78.9275,20995.0619,27.6000,,596.4506,105.4118,210.8237,1054.1184,1264.9421,2108.2368,4216.4736,210.8237,-105.4118,10.0,20.0,2.829144,18,68,22,8,0E-8,0.02105229,,0E-8,0.000000,0.904186,0.000000,,2026-03-24,2026-04-12,15,84,66,20,0.750000,,,0.000000,,,,,,,,GLOBAL_BASELINE_NO_ENTITY_RANKING,,,NOT_APPLICABLE_GLOBAL_BASELINE,HF9g-P5,,,,X 全窗基线 · 不参与实体赏罚,14190335,1420,A168_HF9F_20260827_0900,2026-08-27 09:00:00
2026-03-25,147748547,948,0,6272.5592041552,7648.1204331368,7648.1204331368,0.8000000,8,5,0.23123014939394007,0.195093410000,3.016484985883122,3.4133378499491025,3.016484985883122,0.03613673939394007,ELIGIBLE,R03b_20260811_FULL_v1,L1_ELIGIBILITY,v2026-08-11,2026-03-21..2026-08-06,baccarat_bet02_101_all_pairs_incl_sentinel,round_win = game_pnl > 0 (decisive only),COMPATIBILITY_ONLY_NOT_PRODUCTION,314925.9281,284751.5471,6629.9115,528,414,-0.02105229,,-0.02105229,-0.02105229,-6629.9115,314925.9281,OK,0.0000,265.1965,4.0000,96.0000,AG03-UNRESOLVED,ALL5_LEVELS_bet23_to_bet27,265.1965,265.1965,265.1965,530.3929,530.3929,4.000000,4.000000,4.000000,8.000000,8.000000,96.000000,96.000000,96.000000,92.000000,92.000000,5.0,1856.3752,1665.1649,4773.5363,4964.7466,PENDING_AG03,FALSE,NOT_FOR_ENFORCEMENT,6364.7150,273361.4852,6629.9115,6364.7150,265.1965,0.02105229,0.02021020,265.1965,6364.7150,0.02021020,265.1965,265.1965,265.1965,530.3929,530.3929,6364.7150,0.02021020,1856.3752,1665.1649,4773.5363,4964.7466,0.01515765,0.01576481,0.00084209,596.4506,687.8057,16.0143,441.9941,78.9275,20995.0619,27.6000,,596.4506,105.4118,210.8237,1054.1184,1264.9421,2108.2368,4216.4736,210.8237,-105.4118,10.0,20.0,2.829144,18,68,22,8,0E-8,0.02105229,,0E-8,0.000000,0.904186,0.000000,,2026-03-24,2026-04-12,15,84,66,20,0.750000,,,0.000000,,,,,,,,GLOBAL_BASELINE_NO_ENTITY_RANKING,,,NOT_APPLICABLE_GLOBAL_BASELINE,HF9g-P5,,,,X 全窗基线 · 不参与实体赏罚,14190336,1420,A168_HF9F_20260827_0900,2026-08-27 09:00:00
2026-03-26,147748547,-1,1,44.0179593274,-44.0179593274,-44.0179593274,0E-7,1,1,0.08158750000000000,0.081587500000,-0.29805260355172214,-0.2980526035517222,-0.29805260355172214,0E-17,SENTINEL_DEALER,R03b_20260811_FULL_v1,L1_ELIGIBILITY,v2026-08-11,2026-03-21..2026-08-06,baccarat_bet02_101_all_pairs_incl_sentinel,round_win = game_pnl > 0 (decisive only),COMPATIBILITY_ONLY_NOT_PRODUCTION,314925.9281,284751.5471,6629.9115,528,414,-0.02105229,,-0.02105229,-0.02105229,-6629.9115,314925.9281,OK,0.0000,265.1965,4.0000,96.0000,AG03-UNRESOLVED,ALL5_LEVELS_bet23_to_bet27,265.1965,265.1965,265.1965,530.3929,530.3929,4.000000,4.000000,4.000000,8.000000,8.000000,96.000000,96.000000,96.000000,92.000000,92.000000,5.0,1856.3752,1665.1649,4773.5363,4964.7466,PENDING_AG03,FALSE,NOT_FOR_ENFORCEMENT,6364.7150,273361.4852,6629.9115,6364.7150,265.1965,0.02105229,0.02021020,265.1965,6364.7150,0.02021020,265.1965,265.1965,265.1965,530.3929,530.3929,6364.7150,0.02021020,1856.3752,1665.1649,4773.5363,4964.7466,0.01515765,0.01576481,0.00084209,596.4506,687.8057,16.0143,441.9941,78.9275,20995.0619,27.6000,,596.4506,105.4118,210.8237,1054.1184,1264.9421,2108.2368,4216.4736,210.8237,-105.4118,10.0,20.0,2.829144,18,68,22,8,0E-8,0.02105229,,0E-8,0.000000,0.904186,0.000000,,2026-03-24,2026-04-12,15,84,66,20,0.750000,,,0.000000,,,,,,,,GLOBAL_BASELINE_NO_ENTITY_RANKING,,,NOT_APPLICABLE_GLOBAL_BASELINE,HF9g-P5,,,,X 全窗基线 · 不参与实体赏罚,14190337,1420,A168_HF9F_20260827_0900,2026-08-27 09:00:00
2026-03-26,147748547,1115,0,1331.1030900608,-451.2941280043,-451.2941280043,0.2500000,5,4,0.27344201753858967,0.233979675000,-0.10518582510825891,0.07568191362348911,-0.10518582510825891,0.03946234253858967,ELIGIBLE,R03b_20260811_FULL_v1,L1_ELIGIBILITY,v2026-08-11,2026-03-21..2026-08-06,baccarat_bet02_101_all_pairs_incl_sentinel,round_win = game_pnl > 0 (decisive only),COMPATIBILITY_ONLY_NOT_PRODUCTION,314925.9281,284751.5471,6629.9115,528,414,-0.02105229,,-0.02105229,-0.02105229,-6629.9115,314925.9281,OK,0.0000,265.1965,4.0000,96.0000,AG03-UNRESOLVED,ALL5_LEVELS_bet23_to_bet27,265.1965,265.1965,265.1965,530.3929,530.3929,4.000000,4.000000,4.000000,8.000000,8.000000,96.000000,96.000000,96.000000,92.000000,92.000000,5.0,1856.3752,1665.1649,4773.5363,4964.7466,PENDING_AG03,FALSE,NOT_FOR_ENFORCEMENT,6364.7150,273361.4852,6629.9115,6364.7150,265.1965,0.02105229,0.02021020,265.1965,6364.7150,0.02021020,265.1965,265.1965,265.1965,530.3929,530.3929,6364.7150,0.02021020,1856.3752,1665.1649,4773.5363,4964.7466,0.01515765,0.01576481,0.00084209,596.4506,687.8057,16.0143,441.9941,78.9275,20995.0619,27.6000,,596.4506,105.4118,210.8237,1054.1184,1264.9421,2108.2368,4216.4736,210.8237,-105.4118,10.0,20.0,2.829144,18,68,22,8,0E-8,0.02105229,,0E-8,0.000000,0.904186,0.000000,,2026-03-24,2026-04-12,15,84,66,20,0.750000,,,0.000000,,,,,,,,GLOBAL_BASELINE_NO_ENTITY_RANKING,,,NOT_APPLICABLE_GLOBAL_BASELINE,HF9g-P5,,,,X 全窗基线 · 不参与实体赏罚,14190338,1420,A168_HF9F_20260827_0900,2026-08-27 09:00:00
2026-03-26,147748547,1151,0,110.0448983185,1650.6734747777,1650.6734747777,1.0000000,1,1,0.08158750000000000,0.081587500000,3.355112446875392,3.355112446875393,3.355112446875392,0E-17,ELIGIBLE,R03b_20260811_FULL_v1,L1_ELIGIBILITY,v2026-08-11,2026-03-21..2026-08-06,baccarat_bet02_101_all_pairs_incl_sentinel,round_win = game_pnl > 0 (decisive only),COMPATIBILITY_ONLY_NOT_PRODUCTION,314925.9281,284751.5471,6629.9115,528,414,-0.02105229,,-0.02105229,-0.02105229,-6629.9115,314925.9281,OK,0.0000,265.1965,4.0000,96.0000,AG03-UNRESOLVED,ALL5_LEVELS_bet23_to_bet27,265.1965,265.1965,265.1965,530.3929,530.3929,4.000000,4.000000,4.000000,8.000000,8.000000,96.000000,96.000000,96.000000,92.000000,92.000000,5.0,1856.3752,1665.1649,4773.5363,4964.7466,PENDING_AG03,FALSE,NOT_FOR_ENFORCEMENT,6364.7150,273361.4852,6629.9115,6364.7150,265.1965,0.02105229,0.02021020,265.1965,6364.7150,0.02021020,265.1965,265.1965,265.1965,530.3929,530.3929,6364.7150,0.02021020,1856.3752,1665.1649,4773.5363,4964.7466,0.01515765,0.01576481,0.00084209,596.4506,687.8057,16.0143,441.9941,78.9275,20995.0619,27.6000,,596.4506,105.4118,210.8237,1054.1184,1264.9421,2108.2368,4216.4736,210.8237,-105.4118,10.0,20.0,2.829144,18,68,22,8,0E-8,0.02105229,,0E-8,0.000000,0.904186,0.000000,,2026-03-24,2026-04-12,15,84,66,20,0.750000,,,0.000000,,,,,,,,GLOBAL_BASELINE_NO_ENTITY_RANKING,,,NOT_APPLICABLE_GLOBAL_BASELINE,HF9g-P5,,,,X 全窗基线 · 不参与实体赏罚,14190339,1420,A168_HF9F_20260827_0900,2026-08-27 09:00:00
2026-03-26,147748547,1401,0,1606.6555154502,-1276.5208204947,-1276.5208204947,0E-7,4,3,0.47254227222222222,0.422199016667,-1.6394083026985669,-1.480573929135518,-1.6394083026985669,0.05034325555522222,ELIGIBLE,R03b_20260811_FULL_v1,L1_ELIGIBILITY,v2026-08-11,2026-03-21..2026-08-06,baccarat_bet02_101_all_pairs_incl_sentinel,round_win = game_pnl > 0 (decisive only),COMPATIBILITY_ONLY_NOT_PRODUCTION,314925.9281,284751.5471,6629.9115,528,414,-0.02105229,,-0.02105229,-0.02105229,-6629.9115,314925.9281,OK,0.0000,265.1965,4.0000,96.0000,AG03-UNRESOLVED,ALL5_LEVELS_bet23_to_bet27,265.1965,265.1965,265.1965,530.3929,530.3929,4.000000,4.000000,4.000000,8.000000,8.000000,96.000000,96.000000,96.000000,92.000000,92.000000,5.0,1856.3752,1665.1649,4773.5363,4964.7466,PENDING_AG03,FALSE,NOT_FOR_ENFORCEMENT,6364.7150,273361.4852,6629.9115,6364.7150,265.1965,0.02105229,0.02021020,265.1965,6364.7150,0.02021020,265.1965,265.1965,265.1965,530.3929,530.3929,6364.7150,0.02021020,1856.3752,1665.1649,4773.5363,4964.7466,0.01515765,0.01576481,0.00084209,596.4506,687.8057,16.0143,441.9941,78.9275,20995.0619,27.6000,,596.4506,105.4118,210.8237,1054.1184,1264.9421,2108.2368,4216.4736,210.8237,-105.4118,10.0,20.0,2.829144,18,68,22,8,0E-8,0.02105229,,0E-8,0.000000,0.904186,0.000000,,2026-03-24,2026-04-12,15,84,66,20,0.750000,,,0.000000,,,,,,,,GLOBAL_BASELINE_NO_ENTITY_RANKING,,,NOT_APPLICABLE_GLOBAL_BASELINE,HF9g-P5,,,,X 全窗基线 · 不参与实体赏罚,14190340,1420,A168_HF9F_20260827_0900,2026-08-27 09:00:00
2026-03-26,147748547,1645,0,1276.5208204947,1441.5881679726,1441.5881679726,0.4000000,6,5,0.20840902666666667,0.193752890000,1.0547544507838018,1.1668490956266802,1.0547544507838018,0.01465613666666667,ELIGIBLE,R03b_20260811_FULL_v1,L1_ELIGIBILITY,v2026-08-11,2026-03-21..2026-08-06,baccarat_bet02_101_all_pairs_incl_sentinel,round_win = game_pnl > 0 (decisive only),COMPATIBILITY_ONLY_NOT_PRODUCTION,314925.9281,284751.5471,6629.9115,528,414,-0.02105229,,-0.02105229,-0.02105229,-6629.9115,314925.9281,OK,0.0000,265.1965,4.0000,96.0000,AG03-UNRESOLVED,ALL5_LEVELS_bet23_to_bet27,265.1965,265.1965,265.1965,530.3929,530.3929,4.000000,4.000000,4.000000,8.000000,8.000000,96.000000,96.000000,96.000000,92.000000,92.000000,5.0,1856.3752,1665.1649,4773.5363,4964.7466,PENDING_AG03,FALSE,NOT_FOR_ENFORCEMENT,6364.7150,273361.4852,6629.9115,6364.7150,265.1965,0.02105229,0.02021020,265.1965,6364.7150,0.02021020,265.1965,265.1965,265.1965,530.3929,530.3929,6364.7150,0.02021020,1856.3752,1665.1649,4773.5363,4964.7466,0.01515765,0.01576481,0.00084209,596.4506,687.8057,16.0143,441.9941,78.9275,20995.0619,27.6000,,596.4506,105.4118,210.8237,1054.1184,1264.9421,2108.2368,4216.4736,210.8237,-105.4118,10.0,20.0,2.829144,18,68,22,8,0E-8,0.02105229,,0E-8,0.000000,0.904186,0.000000,,2026-03-24,2026-04-12,15,84,66,20,0.750000,,,0.000000,,,,,,,,GLOBAL_BASELINE_NO_ENTITY_RANKING,,,NOT_APPLICABLE_GLOBAL_BASELINE,HF9g-P5,,,,X 全窗基线 · 不参与实体赏罚,14190341,1420,A168_HF9F_20260827_0900,2026-08-27 09:00:00
2026-03-26,147748547,2103,0,1287.5253103266,-836.3412272207,-836.3412272207,0E-7,4,3,0.35123298787878977,0.289448083333,-1.0405627316524773,-0.9026147562815969,-1.0405627316524773,0.06178490454578977,ELIGIBLE,R03b_20260811_FULL_v1,L1_ELIGIBILITY,v2026-08-11,2026-03-21..2026-08-06,baccarat_bet02_101_all_pairs_incl_sentinel,round_win = game_pnl > 0 (decisive only),COMPATIBILITY_ONLY_NOT_PRODUCTION,314925.9281,284751.5471,6629.9115,528,414,-0.02105229,,-0.02105229,-0.02105229,-6629.9115,314925.9281,OK,0.0000,265.1965,4.0000,96.0000,AG03-UNRESOLVED,ALL5_LEVELS_bet23_to_bet27,265.1965,265.1965,265.1965,530.3929,530.3929,4.000000,4.000000,4.000000,8.000000,8.000000,96.000000,96.000000,96.000000,92.000000,92.000000,5.0,1856.3752,1665.1649,4773.5363,4964.7466,PENDING_AG03,FALSE,NOT_FOR_ENFORCEMENT,6364.7150,273361.4852,6629.9115,6364.7150,265.1965,0.02105229,0.02021020,265.1965,6364.7150,0.02021020,265.1965,265.1965,265.1965,530.3929,530.3929,6364.7150,0.02021020,1856.3752,1665.1649,4773.5363,4964.7466,0.01515765,0.01576481,0.00084209,596.4506,687.8057,16.0143,441.9941,78.9275,20995.0619,27.6000,,596.4506,105.4118,210.8237,1054.1184,1264.9421,2108.2368,4216.4736,210.8237,-105.4118,10.0,20.0,2.829144,18,68,22,8,0E-8,0.02105229,,0E-8,0.000000,0.904186,0.000000,,2026-03-24,2026-04-12,15,84,66,20,0.750000,,,0.000000,,,,,,,,GLOBAL_BASELINE_NO_ENTITY_RANKING,,,NOT_APPLICABLE_GLOBAL_BASELINE,HF9g-P5,,,,X 全窗基线 · 不参与实体赏罚,14190342,1420,A168_HF9F_20260827_0900,2026-08-27 09:00:00
2026-03-26,147748547,2153,0,217.6688088740,-217.6688088740,-217.6688088740,0E-7,1,1,0.49324550000000000,0.493245500000,-0.9865810262130424,-0.9865810262130424,-0.9865810262130424,0E-17,ELIGIBLE,R03b_20260811_FULL_v1,L1_ELIGIBILITY,v2026-08-11,2026-03-21..2026-08-06,baccarat_bet02_101_all_pairs_incl_sentinel,round_win = game_pnl > 0 (decisive only),COMPATIBILITY_ONLY_NOT_PRODUCTION,314925.9281,284751.5471,6629.9115,528,414,-0.02105229,,-0.02105229,-0.02105229,-6629.9115,314925.9281,OK,0.0000,265.1965,4.0000,96.0000,AG03-UNRESOLVED,ALL5_LEVELS_bet23_to_bet27,265.1965,265.1965,265.1965,530.3929,530.3929,4.000000,4.000000,4.000000,8.000000,8.000000,96.000000,96.000000,96.000000,92.000000,92.000000,5.0,1856.3752,1665.1649,4773.5363,4964.7466,PENDING_AG03,FALSE,NOT_FOR_ENFORCEMENT,6364.7150,273361.4852,6629.9115,6364.7150,265.1965,0.02105229,0.02021020,265.1965,6364.7150,0.02021020,265.1965,265.1965,265.1965,530.3929,530.3929,6364.7150,0.02021020,1856.3752,1665.1649,4773.5363,4964.7466,0.01515765,0.01576481,0.00084209,596.4506,687.8057,16.0143,441.9941,78.9275,20995.0619,27.6000,,596.4506,105.4118,210.8237,1054.1184,1264.9421,2108.2368,4216.4736,210.8237,-105.4118,10.0,20.0,2.829144,18,68,22,8,0E-8,0.02105229,,0E-8,0.000000,0.904186,0.000000,,2026-03-24,2026-04-12,15,84,66,20,0.750000,,,0.000000,,,,,,,,GLOBAL_BASELINE_NO_ENTITY_RANKING,,,NOT_APPLICABLE_GLOBAL_BASELINE,HF9g-P5,,,,X 全窗基线 · 不参与实体赏罚,14190343,1420,A168_HF9F_20260827_0900,2026-08-27 09:00:00
2026-03-26,147748547,2160,0,660.2693899111,627.2559204155,627.2559204155,1.0000000,1,1,0.50665070000000000,0.506650700000,0.9867858985152569,0.9867858985152569,0.9867858985152569,0E-17,ELIGIBLE,R03b_20260811_FULL_v1,L1_ELIGIBILITY,v2026-08-11,2026-03-21..2026-08-06,baccarat_bet02_101_all_pairs_incl_sentinel,round_win = game_pnl > 0 (decisive only),COMPATIBILITY_ONLY_NOT_PRODUCTION,314925.9281,284751.5471,6629.9115,528,414,-0.02105229,,-0.02105229,-0.02105229,-6629.9115,314925.9281,OK,0.0000,265.1965,4.0000,96.0000,AG03-UNRESOLVED,ALL5_LEVELS_bet23_to_bet27,265.1965,265.1965,265.1965,530.3929,530.3929,4.000000,4.000000,4.000000,8.000000,8.000000,96.000000,96.000000,96.000000,92.000000,92.000000,5.0,1856.3752,1665.1649,4773.5363,4964.7466,PENDING_AG03,FALSE,NOT_FOR_ENFORCEMENT,6364.7150,273361.4852,6629.9115,6364.7150,265.1965,0.02105229,0.02021020,265.1965,6364.7150,0.02021020,265.1965,265.1965,265.1965,530.3929,530.3929,6364.7150,0.02021020,1856.3752,1665.1649,4773.5363,4964.7466,0.01515765,0.01576481,0.00084209,596.4506,687.8057,16.0143,441.9941,78.9275,20995.0619,27.6000,,596.4506,105.4118,210.8237,1054.1184,1264.9421,2108.2368,4216.4736,210.8237,-105.4118,10.0,20.0,2.829144,18,68,22,8,0E-8,0.02105229,,0E-8,0.000000,0.904186,0.000000,,2026-03-24,2026-04-12,15,84,66,20,0.750000,,,0.000000,,,,,,,,GLOBAL_BASELINE_NO_ENTITY_RANKING,,,NOT_APPLICABLE_GLOBAL_BASELINE,HF9g-P5,,,,X 全窗基线 · 不参与实体赏罚,14190344,1420,A168_HF9F_20260827_0900,2026-08-27 09:00:00
2026-03-26,147748547,2222,0,4643.8947090413,440.1795932743,440.1795932743,0.4166667,17,13,0.38087858054298692,0.350939230769,0.25529829075400085,0.4770662278190647,0.25529829075400085,0.02993934977398692,ELIGIBLE,R03b_20260811_FULL_v1,L1_ELIGIBILITY,v2026-08-11,2026-03-21..2026-08-06,baccarat_bet02_101_all_pairs_incl_sentinel,round_win = game_pnl > 0 (decisive only),COMPATIBILITY_ONLY_NOT_PRODUCTION,314925.9281,284751.5471,6629.9115,528,414,-0.02105229,,-0.02105229,-0.02105229,-6629.9115,314925.9281,OK,0.0000,265.1965,4.0000,96.0000,AG03-UNRESOLVED,ALL5_LEVELS_bet23_to_bet27,265.1965,265.1965,265.1965,530.3929,530.3929,4.000000,4.000000,4.000000,8.000000,8.000000,96.000000,96.000000,96.000000,92.000000,92.000000,5.0,1856.3752,1665.1649,4773.5363,4964.7466,PENDING_AG03,FALSE,NOT_FOR_ENFORCEMENT,6364.7150,273361.4852,6629.9115,6364.7150,265.1965,0.02105229,0.02021020,265.1965,6364.7150,0.02021020,265.1965,265.1965,265.1965,530.3929,530.3929,6364.7150,0.02021020,1856.3752,1665.1649,4773.5363,4964.7466,0.01515765,0.01576481,0.00084209,596.4506,687.8057,16.0143,441.9941,78.9275,20995.0619,27.6000,,596.4506,105.4118,210.8237,1054.1184,1264.9421,2108.2368,4216.4736,210.8237,-105.4118,10.0,20.0,2.829144,18,68,22,8,0E-8,0.02105229,,0E-8,0.000000,0.904186,0.000000,,2026-03-24,2026-04-12,15,84,66,20,0.750000,,,0.000000,,,,,,,,GLOBAL_BASELINE_NO_ENTITY_RANKING,,,NOT_APPLICABLE_GLOBAL_BASELINE,HF9g-P5,,,,X 全窗基线 · 不参与实体赏罚,14190345,1420,A168_HF9F_20260827_0900,2026-08-27 09:00:00
2026-03-26,147748547,2241,0,22.0089796637,-22.0089796637,-22.0089796637,0E-7,1,1,0.08158750000000000,0.081587500000,-0.29805260355172214,-0.2980526035517222,-0.29805260355172214,0E-17,ELIGIBLE,R03b_20260811_FULL_v1,L1_ELIGIBILITY,v2026-08-11,2026-03-21..2026-08-06,baccarat_bet02_101_all_pairs_incl_sentinel,round_win = game_pnl > 0 (decisive only),COMPATIBILITY_ONLY_NOT_PRODUCTION,314925.9281,284751.5471,6629.9115,528,414,-0.02105229,,-0.02105229,-0.02105229,-6629.9115,314925.9281,OK,0.0000,265.1965,4.0000,96.0000,AG03-UNRESOLVED,ALL5_LEVELS_bet23_to_bet27,265.1965,265.1965,265.1965,530.3929,530.3929,4.000000,4.000000,4.000000,8.000000,8.000000,96.000000,96.000000,96.000000,92.000000,92.000000,5.0,1856.3752,1665.1649,4773.5363,4964.7466,PENDING_AG03,FALSE,NOT_FOR_ENFORCEMENT,6364.7150,273361.4852,6629.9115,6364.7150,265.1965,0.02105229,0.02021020,265.1965,6364.7150,0.02021020,265.1965,265.1965,265.1965,530.3929,530.3929,6364.7150,0.02021020,1856.3752,1665.1649,4773.5363,4964.7466,0.01515765,0.01576481,0.00084209,596.4506,687.8057,16.0143,441.9941,78.9275,20995.0619,27.6000,,596.4506,105.4118,210.8237,1054.1184,1264.9421,2108.2368,4216.4736,210.8237,-105.4118,10.0,20.0,2.829144,18,68,22,8,0E-8,0.02105229,,0E-8,0.000000,0.904186,0.000000,,2026-03-24,2026-04-12,15,84,66,20,0.750000,,,0.000000,,,,,,,,GLOBAL_BASELINE_NO_ENTITY_RANKING,,,NOT_APPLICABLE_GLOBAL_BASELINE,HF9g-P5,,,,X 全窗基线 · 不参与实体赏罚,14190346,1420,A168_HF9F_20260827_0900,2026-08-27 09:00:00
2026-03-26,147748547,987,0,1510.9164539132,-153.9528127477,-153.9528127477,0.5000000,9,9,0.40623434444444444,0.406234344444,0.5399989710656267,0.5399989710682795,0.5399989710656267,4.4444E-13,ELIGIBLE,R03b_20260811_FULL_v1,L1_ELIGIBILITY,v2026-08-11,2026-03-21..2026-08-06,baccarat_bet02_101_all_pairs_incl_sentinel,round_win = game_pnl > 0 (decisive only),COMPATIBILITY_ONLY_NOT_PRODUCTION,314925.9281,284751.5471,6629.9115,528,414,-0.02105229,,-0.02105229,-0.02105229,-6629.9115,314925.9281,OK,0.0000,265.1965,4.0000,96.0000,AG03-UNRESOLVED,ALL5_LEVELS_bet23_to_bet27,265.1965,265.1965,265.1965,530.3929,530.3929,4.000000,4.000000,4.000000,8.000000,8.000000,96.000000,96.000000,96.000000,92.000000,92.000000,5.0,1856.3752,1665.1649,4773.5363,4964.7466,PENDING_AG03,FALSE,NOT_FOR_ENFORCEMENT,6364.7150,273361.4852,6629.9115,6364.7150,265.1965,0.02105229,0.02021020,265.1965,6364.7150,0.02021020,265.1965,265.1965,265.1965,530.3929,530.3929,6364.7150,0.02021020,1856.3752,1665.1649,4773.5363,4964.7466,0.01515765,0.01576481,0.00084209,596.4506,687.8057,16.0143,441.9941,78.9275,20995.0619,27.6000,,596.4506,105.4118,210.8237,1054.1184,1264.9421,2108.2368,4216.4736,210.8237,-105.4118,10.0,20.0,2.829144,18,68,22,8,0E-8,0.02105229,,0E-8,0.000000,0.904186,0.000000,,2026-03-24,2026-04-12,15,84,66,20,0.750000,,,0.000000,,,,,,,,GLOBAL_BASELINE_NO_ENTITY_RANKING,,,NOT_APPLICABLE_GLOBAL_BASELINE,HF9g-P5,,,,X 全窗基线 · 不参与实体赏罚,14190347,1420,A168_HF9F_20260827_0900,2026-08-27 09:00:00
2026-03-27,147748547,1210,0,1980.8081697332,1078.4400035215,1078.4400035215,0.5000000,5,4,0.28141193636363714,0.239310550000,0.972176640983265,1.2219933217612744,0.972176640983265,0.04210138636363714,ELIGIBLE,R03b_20260811_FULL_v1,L1_ELIGIBILITY,v2026-08-11,2026-03-21..2026-08-06,baccarat_bet02_101_all_pairs_incl_sentinel,round_win = game_pnl > 0 (decisive only),COMPATIBILITY_ONLY_NOT_PRODUCTION,314925.9281,284751.5471,6629.9115,528,414,-0.02105229,,-0.02105229,-0.02105229,-6629.9115,314925.9281,OK,0.0000,265.1965,4.0000,96.0000,AG03-UNRESOLVED,ALL5_LEVELS_bet23_to_bet27,265.1965,265.1965,265.1965,530.3929,530.3929,4.000000,4.000000,4.000000,8.000000,8.000000,96.000000,96.000000,96.000000,92.000000,92.000000,5.0,1856.3752,1665.1649,4773.5363,4964.7466,PENDING_AG03,FALSE,NOT_FOR_ENFORCEMENT,6364.7150,273361.4852,6629.9115,6364.7150,265.1965,0.02105229,0.02021020,265.1965,6364.7150,0.02021020,265.1965,265.1965,265.1965,530.3929,530.3929,6364.7150,0.02021020,1856.3752,1665.1649,4773.5363,4964.7466,0.01515765,0.01576481,0.00084209,596.4506,687.8057,16.0143,441.9941,78.9275,20995.0619,27.6000,,596.4506,105.4118,210.8237,1054.1184,1264.9421,2108.2368,4216.4736,210.8237,-105.4118,10.0,20.0,2.829144,18,68,22,8,0E-8,0.02105229,,0E-8,0.000000,0.904186,0.000000,,2026-03-24,2026-04-12,15,84,66,20,0.750000,,,0.000000,,,,,,,,GLOBAL_BASELINE_NO_ENTITY_RANKING,,,NOT_APPLICABLE_GLOBAL_BASELINE,HF9g-P5,,,,X 全窗基线 · 不参与实体赏罚,14190348,1420,A168_HF9F_20260827_0900,2026-08-27 09:00:00
2026-03-27,147748547,1401,0,1320.5387798221,-220.0897966370,-220.0897966370,0E-7,3,2,0.39703360000000000,0.397033600000,-0.8114599218729814,-0.8114599218729815,-0.8114599218729814,0E-17,ELIGIBLE,R03b_20260811_FULL_v1,L1_ELIGIBILITY,v2026-08-11,2026-03-21..2026-08-06,baccarat_bet02_101_all_pairs_incl_sentinel,round_win = game_pnl > 0 (decisive only),COMPATIBILITY_ONLY_NOT_PRODUCTION,314925.9281,284751.5471,6629.9115,528,414,-0.02105229,,-0.02105229,-0.02105229,-6629.9115,314925.9281,OK,0.0000,265.1965,4.0000,96.0000,AG03-UNRESOLVED,ALL5_LEVELS_bet23_to_bet27,265.1965,265.1965,265.1965,530.3929,530.3929,4.000000,4.000000,4.000000,8.000000,8.000000,96.000000,96.000000,96.000000,92.000000,92.000000,5.0,1856.3752,1665.1649,4773.5363,4964.7466,PENDING_AG03,FALSE,NOT_FOR_ENFORCEMENT,6364.7150,273361.4852,6629.9115,6364.7150,265.1965,0.02105229,0.02021020,265.1965,6364.7150,0.02021020,265.1965,265.1965,265.1965,530.3929,530.3929,6364.7150,0.02021020,1856.3752,1665.1649,4773.5363,4964.7466,0.01515765,0.01576481,0.00084209,596.4506,687.8057,16.0143,441.9941,78.9275,20995.0619,27.6000,,596.4506,105.4118,210.8237,1054.1184,1264.9421,2108.2368,4216.4736,210.8237,-105.4118,10.0,20.0,2.829144,18,68,22,8,0E-8,0.02105229,,0E-8,0.000000,0.904186,0.000000,,2026-03-24,2026-04-12,15,84,66,20,0.750000,,,0.000000,,,,,,,,GLOBAL_BASELINE_NO_ENTITY_RANKING,,,NOT_APPLICABLE_GLOBAL_BASELINE,HF9g-P5,,,,X 全窗基线 · 不参与实体赏罚,14190349,1420,A168_HF9F_20260827_0900,2026-08-27 09:00:00
2026-03-27,147748547,1645,0,10641.3416674001,252.5530416412,252.5530416412,0.3000000,12,10,0.30827861454545486,0.291438060000,-0.056691815047237505,0.059581322120073645,-0.056691815047237505,0.01684055454545486,ELIGIBLE,R03b_20260811_FULL_v1,L1_ELIGIBILITY,v2026-08-11,2026-03-21..2026-08-06,baccarat_bet02_101_all_pairs_incl_sentinel,round_win = game_pnl > 0 (decisive only),COMPATIBILITY_ONLY_NOT_PRODUCTION,314925.9281,284751.5471,6629.9115,528,414,-0.02105229,,-0.02105229,-0.02105229,-6629.9115,314925.9281,OK,0.0000,265.1965,4.0000,96.0000,AG03-UNRESOLVED,ALL5_LEVELS_bet23_to_bet27,265.1965,265.1965,265.1965,530.3929,530.3929,4.000000,4.000000,4.000000,8.000000,8.000000,96.000000,96.000000,96.000000,92.000000,92.000000,5.0,1856.3752,1665.1649,4773.5363,4964.7466,PENDING_AG03,FALSE,NOT_FOR_ENFORCEMENT,6364.7150,273361.4852,6629.9115,6364.7150,265.1965,0.02105229,0.02021020,265.1965,6364.7150,0.02021020,265.1965,265.1965,265.1965,530.3929,530.3929,6364.7150,0.02021020,1856.3752,1665.1649,4773.5363,4964.7466,0.01515765,0.01576481,0.00084209,596.4506,687.8057,16.0143,441.9941,78.9275,20995.0619,27.6000,,596.4506,105.4118,210.8237,1054.1184,1264.9421,2108.2368,4216.4736,210.8237,-105.4118,10.0,20.0,2.829144,18,68,22,8,0E-8,0.02105229,,0E-8,0.000000,0.904186,0.000000,,2026-03-24,2026-04-12,15,84,66,20,0.750000,,,0.000000,,,,,,,,GLOBAL_BASELINE_NO_ENTITY_RANKING,,,NOT_APPLICABLE_GLOBAL_BASELINE,HF9g-P5,,,,X 全窗基线 · 不参与实体赏罚,14190350,1420,A168_HF9F_20260827_0900,2026-08-27 09:00:00
2026-03-27,147748547,2256,0,1100.4489831851,-1100.4489831851,-1100.4489831851,0E-7,1,1,0.49324550000000000,0.493245500000,-0.9865810262130424,-0.9865810262130424,-0.9865810262130424,0E-17,ELIGIBLE,R03b_20260811_FULL_v1,L1_ELIGIBILITY,v2026-08-11,2026-03-21..2026-08-06,baccarat_bet02_101_all_pairs_incl_sentinel,round_win = game_pnl > 0 (decisive only),COMPATIBILITY_ONLY_NOT_PRODUCTION,314925.9281,284751.5471,6629.9115,528,414,-0.02105229,,-0.02105229,-0.02105229,-6629.9115,314925.9281,OK,0.0000,265.1965,4.0000,96.0000,AG03-UNRESOLVED,ALL5_LEVELS_bet23_to_bet27,265.1965,265.1965,265.1965,530.3929,530.3929,4.000000,4.000000,4.000000,8.000000,8.000000,96.000000,96.000000,96.000000,92.000000,92.000000,5.0,1856.3752,1665.1649,4773.5363,4964.7466,PENDING_AG03,FALSE,NOT_FOR_ENFORCEMENT,6364.7150,273361.4852,6629.9115,6364.7150,265.1965,0.02105229,0.02021020,265.1965,6364.7150,0.02021020,265.1965,265.1965,265.1965,530.3929,530.3929,6364.7150,0.02021020,1856.3752,1665.1649,4773.5363,4964.7466,0.01515765,0.01576481,0.00084209,596.4506,687.8057,16.0143,441.9941,78.9275,20995.0619,27.6000,,596.4506,105.4118,210.8237,1054.1184,1264.9421,2108.2368,4216.4736,210.8237,-105.4118,10.0,20.0,2.829144,18,68,22,8,0E-8,0.02105229,,0E-8,0.000000,0.904186,0.000000,,2026-03-24,2026-04-12,15,84,66,20,0.750000,,,0.000000,,,,,,,,GLOBAL_BASELINE_NO_ENTITY_RANKING,,,NOT_APPLICABLE_GLOBAL_BASELINE,HF9g-P5,,,,X 全窗基线 · 不参与实体赏罚,14190351,1420,A168_HF9F_20260827_0900,2026-08-27 09:00:00
2026-03-27,147748547,2258,0,2641.0775596444,1320.5387798222,1320.5387798222,1.0000000,2,2,0.49324550000000000,0.493245500000,1.01360149184955,1.01360149184955,1.01360149184955,0E-17,ELIGIBLE,R03b_20260811_FULL_v1,L1_ELIGIBILITY,v2026-08-11,2026-03-21..2026-08-06,baccarat_bet02_101_all_pairs_incl_sentinel,round_win = game_pnl > 0 (decisive only),COMPATIBILITY_ONLY_NOT_PRODUCTION,314925.9281,284751.5471,6629.9115,528,414,-0.02105229,,-0.02105229,-0.02105229,-6629.9115,314925.9281,OK,0.0000,265.1965,4.0000,96.0000,AG03-UNRESOLVED,ALL5_LEVELS_bet23_to_bet27,265.1965,265.1965,265.1965,530.3929,530.3929,4.000000,4.000000,4.000000,8.000000,8.000000,96.000000,96.000000,96.000000,92.000000,92.000000,5.0,1856.3752,1665.1649,4773.5363,4964.7466,PENDING_AG03,FALSE,NOT_FOR_ENFORCEMENT,6364.7150,273361.4852,6629.9115,6364.7150,265.1965,0.02105229,0.02021020,265.1965,6364.7150,0.02021020,265.1965,265.1965,265.1965,530.3929,530.3929,6364.7150,0.02021020,1856.3752,1665.1649,4773.5363,4964.7466,0.01515765,0.01576481,0.00084209,596.4506,687.8057,16.0143,441.9941,78.9275,20995.0619,27.6000,,596.4506,105.4118,210.8237,1054.1184,1264.9421,2108.2368,4216.4736,210.8237,-105.4118,10.0,20.0,2.829144,18,68,22,8,0E-8,0.02105229,,0E-8,0.000000,0.904186,0.000000,,2026-03-24,2026-04-12,15,84,66,20,0.750000,,,0.000000,,,,,,,,GLOBAL_BASELINE_NO_ENTITY_RANKING,,,NOT_APPLICABLE_GLOBAL_BASELINE,HF9g-P5,,,,X 全窗基线 · 不参与实体赏罚,14190352,1420,A168_HF9F_20260827_0900,2026-08-27 09:00:00
2026-03-29,147748547,1210,0,866.7136191566,-866.7136191566,-866.7136191566,0E-7,4,4,0.28741650000000000,0.287416500000,-1.2701878755912346,-1.2701878755912346,-1.2701878755912346,0E-17,ELIGIBLE,R03b_20260811_FULL_v1,L1_ELIGIBILITY,v2026-08-11,2026-03-21..2026-08-06,baccarat_bet02_101_all_pairs_incl_sentinel,round_win = game_pnl > 0 (decisive only),COMPATIBILITY_ONLY_NOT_PRODUCTION,314925.9281,284751.5471,6629.9115,528,414,-0.02105229,,-0.02105229,-0.02105229,-6629.9115,314925.9281,OK,0.0000,265.1965,4.0000,96.0000,AG03-UNRESOLVED,ALL5_LEVELS_bet23_to_bet27,265.1965,265.1965,265.1965,530.3929,530.3929,4.000000,4.000000,4.000000,8.000000,8.000000,96.000000,96.000000,96.000000,92.000000,92.000000,5.0,1856.3752,1665.1649,4773.5363,4964.7466,PENDING_AG03,FALSE,NOT_FOR_ENFORCEMENT,6364.7150,273361.4852,6629.9115,6364.7150,265.1965,0.02105229,0.02021020,265.1965,6364.7150,0.02021020,265.1965,265.1965,265.1965,530.3929,530.3929,6364.7150,0.02021020,1856.3752,1665.1649,4773.5363,4964.7466,0.01515765,0.01576481,0.00084209,596.4506,687.8057,16.0143,441.9941,78.9275,20995.0619,27.6000,,596.4506,105.4118,210.8237,1054.1184,1264.9421,2108.2368,4216.4736,210.8237,-105.4118,10.0,20.0,2.829144,18,68,22,8,0E-8,0.02105229,,0E-8,0.000000,0.904186,0.000000,,2026-03-24,2026-04-12,15,84,66,20,0.750000,,,0.000000,,,,,,,,GLOBAL_BASELINE_NO_ENTITY_RANKING,,,NOT_APPLICABLE_GLOBAL_BASELINE,HF9g-P5,,,,X 全窗基线 · 不参与实体赏罚,14190353,1420,A168_HF9F_20260827_0900,2026-08-27 09:00:00
2026-03-29,147748547,1994,0,550.2244915925,50.6206532265,50.6206532265,0.2000000,7,5,0.22026255333333333,0.190950280000,-0.1093288154514565,0.05148401269219109,-0.1093288154514565,0.02931227333333333,ELIGIBLE,R03b_20260811_FULL_v1,L1_ELIGIBILITY,v2026-08-11,2026-03-21..2026-08-06,baccarat_bet02_101_all_pairs_incl_sentinel,round_win = game_pnl > 0 (decisive only),COMPATIBILITY_ONLY_NOT_PRODUCTION,314925.9281,284751.5471,6629.9115,528,414,-0.02105229,,-0.02105229,-0.02105229,-6629.9115,314925.9281,OK,0.0000,265.1965,4.0000,96.0000,AG03-UNRESOLVED,ALL5_LEVELS_bet23_to_bet27,265.1965,265.1965,265.1965,530.3929,530.3929,4.000000,4.000000,4.000000,8.000000,8.000000,96.000000,96.000000,96.000000,92.000000,92.000000,5.0,1856.3752,1665.1649,4773.5363,4964.7466,PENDING_AG03,FALSE,NOT_FOR_ENFORCEMENT,6364.7150,273361.4852,6629.9115,6364.7150,265.1965,0.02105229,0.02021020,265.1965,6364.7150,0.02021020,265.1965,265.1965,265.1965,530.3929,530.3929,6364.7150,0.02021020,1856.3752,1665.1649,4773.5363,4964.7466,0.01515765,0.01576481,0.00084209,596.4506,687.8057,16.0143,441.9941,78.9275,20995.0619,27.6000,,596.4506,105.4118,210.8237,1054.1184,1264.9421,2108.2368,4216.4736,210.8237,-105.4118,10.0,20.0,2.829144,18,68,22,8,0E-8,0.02105229,,0E-8,0.000000,0.904186,0.000000,,2026-03-24,2026-04-12,15,84,66,20,0.750000,,,0.000000,,,,,,,,GLOBAL_BASELINE_NO_ENTITY_RANKING,,,NOT_APPLICABLE_GLOBAL_BASELINE,HF9g-P5,,,,X 全窗基线 · 不参与实体赏罚,14190354,1420,A168_HF9F_20260827_0900,2026-08-27 09:00:00
2026-03-29,147748547,2155,0,22.0089796637,-22.0089796637,-22.0089796637,0E-7,1,1,0.08158750000000000,0.081587500000,-0.29805260355172214,-0.2980526035517222,-0.29805260355172214,0E-17,ELIGIBLE,R03b_20260811_FULL_v1,L1_ELIGIBILITY,v2026-08-11,2026-03-21..2026-08-06,baccarat_bet02_101_all_pairs_incl_sentinel,round_win = game_pnl > 0 (decisive only),COMPATIBILITY_ONLY_NOT_PRODUCTION,314925.9281,284751.5471,6629.9115,528,414,-0.02105229,,-0.02105229,-0.02105229,-6629.9115,314925.9281,OK,0.0000,265.1965,4.0000,96.0000,AG03-UNRESOLVED,ALL5_LEVELS_bet23_to_bet27,265.1965,265.1965,265.1965,530.3929,530.3929,4.000000,4.000000,4.000000,8.000000,8.000000,96.000000,96.000000,96.000000,92.000000,92.000000,5.0,1856.3752,1665.1649,4773.5363,4964.7466,PENDING_AG03,FALSE,NOT_FOR_ENFORCEMENT,6364.7150,273361.4852,6629.9115,6364.7150,265.1965,0.02105229,0.02021020,265.1965,6364.7150,0.02021020,265.1965,265.1965,265.1965,530.3929,530.3929,6364.7150,0.02021020,1856.3752,1665.1649,4773.5363,4964.7466,0.01515765,0.01576481,0.00084209,596.4506,687.8057,16.0143,441.9941,78.9275,20995.0619,27.6000,,596.4506,105.4118,210.8237,1054.1184,1264.9421,2108.2368,4216.4736,210.8237,-105.4118,10.0,20.0,2.829144,18,68,22,8,0E-8,0.02105229,,0E-8,0.000000,0.904186,0.000000,,2026-03-24,2026-04-12,15,84,66,20,0.750000,,,0.000000,,,,,,,,GLOBAL_BASELINE_NO_ENTITY_RANKING,,,NOT_APPLICABLE_GLOBAL_BASELINE,HF9g-P5,,,,X 全窗基线 · 不参与实体赏罚,14190355,1420,A168_HF9F_20260827_0900,2026-08-27 09:00:00
2026-03-29,147748547,986,0,1575.6228541246,486.0683158728,486.0683158728,0.6000000,7,5,0.40633188933332776,0.357732480000,0.8817202267432445,1.1301680593466532,0.8817202267432445,0.04859940933332776,ELIGIBLE,R03b_20260811_FULL_v1,L1_ELIGIBILITY,v2026-08-11,2026-03-21..2026-08-06,baccarat_bet02_101_all_pairs_incl_sentinel,round_win = game_pnl > 0 (decisive only),COMPATIBILITY_ONLY_NOT_PRODUCTION,314925.9281,284751.5471,6629.9115,528,414,-0.02105229,,-0.02105229,-0.02105229,-6629.9115,314925.9281,OK,0.0000,265.1965,4.0000,96.0000,AG03-UNRESOLVED,ALL5_LEVELS_bet23_to_bet27,265.1965,265.1965,265.1965,530.3929,530.3929,4.000000,4.000000,4.000000,8.000000,8.000000,96.000000,96.000000,96.000000,92.000000,92.000000,5.0,1856.3752,1665.1649,4773.5363,4964.7466,PENDING_AG03,FALSE,NOT_FOR_ENFORCEMENT,6364.7150,273361.4852,6629.9115,6364.7150,265.1965,0.02105229,0.02021020,265.1965,6364.7150,0.02021020,265.1965,265.1965,265.1965,530.3929,530.3929,6364.7150,0.02021020,1856.3752,1665.1649,4773.5363,4964.7466,0.01515765,0.01576481,0.00084209,596.4506,687.8057,16.0143,441.9941,78.9275,20995.0619,27.6000,,596.4506,105.4118,210.8237,1054.1184,1264.9421,2108.2368,4216.4736,210.8237,-105.4118,10.0,20.0,2.829144,18,68,22,8,0E-8,0.02105229,,0E-8,0.000000,0.904186,0.000000,,2026-03-24,2026-04-12,15,84,66,20,0.750000,,,0.000000,,,,,,,,GLOBAL_BASELINE_NO_ENTITY_RANKING,,,NOT_APPLICABLE_GLOBAL_BASELINE,HF9g-P5,,,,X 全窗基线 · 不参与实体赏罚,14190356,1420,A168_HF9F_20260827_0900,2026-08-27 09:00:00
2026-04-01,147748547,1396,0,4743.5329833660,-2108.2368814960,-2108.2368814960,0.2857143,11,7,0.36828085649350649,0.344222921429,-0.45289932803653477,-0.3258149305563227,-0.45289932803653477,0.02405793506450649,ELIGIBLE,R03b_20260811_FULL_v1,L1_ELIGIBILITY,v2026-08-11,2026-03-21..2026-08-06,baccarat_bet02_101_all_pairs_incl_sentinel,round_win = game_pnl > 0 (decisive only),COMPATIBILITY_ONLY_NOT_PRODUCTION,314925.9281,284751.5471,6629.9115,528,414,-0.02105229,,-0.02105229,-0.02105229,-6629.9115,314925.9281,OK,0.0000,265.1965,4.0000,96.0000,AG03-UNRESOLVED,ALL5_LEVELS_bet23_to_bet27,265.1965,265.1965,265.1965,530.3929,530.3929,4.000000,4.000000,4.000000,8.000000,8.000000,96.000000,96.000000,96.000000,92.000000,92.000000,5.0,1856.3752,1665.1649,4773.5363,4964.7466,PENDING_AG03,FALSE,NOT_FOR_ENFORCEMENT,6364.7150,273361.4852,6629.9115,6364.7150,265.1965,0.02105229,0.02021020,265.1965,6364.7150,0.02021020,265.1965,265.1965,265.1965,530.3929,530.3929,6364.7150,0.02021020,1856.3752,1665.1649,4773.5363,4964.7466,0.01515765,0.01576481,0.00084209,596.4506,687.8057,16.0143,441.9941,78.9275,20995.0619,27.6000,,596.4506,105.4118,210.8237,1054.1184,1264.9421,2108.2368,4216.4736,210.8237,-105.4118,10.0,20.0,2.829144,18,68,22,8,0E-8,0.02105229,,0E-8,0.000000,0.904186,0.000000,,2026-03-24,2026-04-12,15,84,66,20,0.750000,,,0.000000,,,,,,,,GLOBAL_BASELINE_NO_ENTITY_RANKING,,,NOT_APPLICABLE_GLOBAL_BASELINE,HF9g-P5,,,,X 全窗基线 · 不参与实体赏罚,14190357,1420,A168_HF9F_20260827_0900,2026-08-27 09:00:00
2026-04-01,147748547,1401,0,3900.2382307676,1033.0360719331,1033.0360719331,0.4000000,6,5,0.32165439142857089,0.322855510000,0.3750415709397132,0.36893099118612604,0.3750415709397132,-0.00120111857142911,ELIGIBLE,R03b_20260811_FULL_v1,L1_ELIGIBILITY,v2026-08-11,2026-03-21..2026-08-06,baccarat_bet02_101_all_pairs_incl_sentinel,round_win = game_pnl > 0 (decisive only),COMPATIBILITY_ONLY_NOT_PRODUCTION,314925.9281,284751.5471,6629.9115,528,414,-0.02105229,,-0.02105229,-0.02105229,-6629.9115,314925.9281,OK,0.0000,265.1965,4.0000,96.0000,AG03-UNRESOLVED,ALL5_LEVELS_bet23_to_bet27,265.1965,265.1965,265.1965,530.3929,530.3929,4.000000,4.000000,4.000000,8.000000,8.000000,96.000000,96.000000,96.000000,92.000000,92.000000,5.0,1856.3752,1665.1649,4773.5363,4964.7466,PENDING_AG03,FALSE,NOT_FOR_ENFORCEMENT,6364.7150,273361.4852,6629.9115,6364.7150,265.1965,0.02105229,0.02021020,265.1965,6364.7150,0.02021020,265.1965,265.1965,265.1965,530.3929,530.3929,6364.7150,0.02021020,1856.3752,1665.1649,4773.5363,4964.7466,0.01515765,0.01576481,0.00084209,596.4506,687.8057,16.0143,441.9941,78.9275,20995.0619,27.6000,,596.4506,105.4118,210.8237,1054.1184,1264.9421,2108.2368,4216.4736,210.8237,-105.4118,10.0,20.0,2.829144,18,68,22,8,0E-8,0.02105229,,0E-8,0.000000,0.904186,0.000000,,2026-03-24,2026-04-12,15,84,66,20,0.750000,,,0.000000,,,,,,,,GLOBAL_BASELINE_NO_ENTITY_RANKING,,,NOT_APPLICABLE_GLOBAL_BASELINE,HF9g-P5,,,,X 全窗基线 · 不参与实体赏罚,14190358,1420,A168_HF9F_20260827_0900,2026-08-27 09:00:00
2026-04-01,147748547,1623,0,2635.2961018700,1475.7658170472,1475.7658170472,0.2500000,4,4,0.18084677500000000,0.180846775000,0.3593391012131316,0.3593391012131316,0.3593391012131316,0E-17,ELIGIBLE,R03b_20260811_FULL_v1,L1_ELIGIBILITY,v2026-08-11,2026-03-21..2026-08-06,baccarat_bet02_101_all_pairs_incl_sentinel,round_win = game_pnl > 0 (decisive only),COMPATIBILITY_ONLY_NOT_PRODUCTION,314925.9281,284751.5471,6629.9115,528,414,-0.02105229,,-0.02105229,-0.02105229,-6629.9115,314925.9281,OK,0.0000,265.1965,4.0000,96.0000,AG03-UNRESOLVED,ALL5_LEVELS_bet23_to_bet27,265.1965,265.1965,265.1965,530.3929,530.3929,4.000000,4.000000,4.000000,8.000000,8.000000,96.000000,96.000000,96.000000,92.000000,92.000000,5.0,1856.3752,1665.1649,4773.5363,4964.7466,PENDING_AG03,FALSE,NOT_FOR_ENFORCEMENT,6364.7150,273361.4852,6629.9115,6364.7150,265.1965,0.02105229,0.02021020,265.1965,6364.7150,0.02021020,265.1965,265.1965,265.1965,530.3929,530.3929,6364.7150,0.02021020,1856.3752,1665.1649,4773.5363,4964.7466,0.01515765,0.01576481,0.00084209,596.4506,687.8057,16.0143,441.9941,78.9275,20995.0619,27.6000,,596.4506,105.4118,210.8237,1054.1184,1264.9421,2108.2368,4216.4736,210.8237,-105.4118,10.0,20.0,2.829144,18,68,22,8,0E-8,0.02105229,,0E-8,0.000000,0.904186,0.000000,,2026-03-24,2026-04-12,15,84,66,20,0.750000,,,0.000000,,,,,,,,GLOBAL_BASELINE_NO_ENTITY_RANKING,,,NOT_APPLICABLE_GLOBAL_BASELINE,HF9g-P5,,,,X 全窗基线 · 不参与实体赏罚,14190359,1420,A168_HF9F_20260827_0900,2026-08-27 09:00:00
2026-04-01,147748547,1990,0,4682.3941138027,5279.0251512659,5279.0251512659,0.6666667,9,6,0.27903183809523810,0.252593311111,2.116964098589737,2.334336699658012,2.116964098589737,0.02643852698423810,ELIGIBLE,R03b_20260811_FULL_v1,L1_ELIGIBILITY,v2026-08-11,2026-03-21..2026-08-06,baccarat_bet02_101_all_pairs_incl_sentinel,round_win = game_pnl > 0 (decisive only),COMPATIBILITY_ONLY_NOT_PRODUCTION,314925.9281,284751.5471,6629.9115,528,414,-0.02105229,,-0.02105229,-0.02105229,-6629.9115,314925.9281,OK,0.0000,265.1965,4.0000,96.0000,AG03-UNRESOLVED,ALL5_LEVELS_bet23_to_bet27,265.1965,265.1965,265.1965,530.3929,530.3929,4.000000,4.000000,4.000000,8.000000,8.000000,96.000000,96.000000,96.000000,92.000000,92.000000,5.0,1856.3752,1665.1649,4773.5363,4964.7466,PENDING_AG03,FALSE,NOT_FOR_ENFORCEMENT,6364.7150,273361.4852,6629.9115,6364.7150,265.1965,0.02105229,0.02021020,265.1965,6364.7150,0.02021020,265.1965,265.1965,265.1965,530.3929,530.3929,6364.7150,0.02021020,1856.3752,1665.1649,4773.5363,4964.7466,0.01515765,0.01576481,0.00084209,596.4506,687.8057,16.0143,441.9941,78.9275,20995.0619,27.6000,,596.4506,105.4118,210.8237,1054.1184,1264.9421,2108.2368,4216.4736,210.8237,-105.4118,10.0,20.0,2.829144,18,68,22,8,0E-8,0.02105229,,0E-8,0.000000,0.904186,0.000000,,2026-03-24,2026-04-12,15,84,66,20,0.750000,,,0.000000,,,,,,,,GLOBAL_BASELINE_NO_ENTITY_RANKING,,,NOT_APPLICABLE_GLOBAL_BASELINE,HF9g-P5,,,,X 全窗基线 · 不参与实体赏罚,14190360,1420,A168_HF9F_20260827_0900,2026-08-27 09:00:00
2026-04-01,147748547,2088,0,4827.8624586258,-1054.1184407480,-1054.1184407480,0.4285714,11,8,0.41903426482143355,0.391016862500,0.051140884075524265,0.2036157607463485,0.051140884075524265,0.02801740232143355,ELIGIBLE,R03b_20260811_FULL_v1,L1_ELIGIBILITY,v2026-08-11,2026-03-21..2026-08-06,baccarat_bet02_101_all_pairs_incl_sentinel,round_win = game_pnl > 0 (decisive only),COMPATIBILITY_ONLY_NOT_PRODUCTION,314925.9281,284751.5471,6629.9115,528,414,-0.02105229,,-0.02105229,-0.02105229,-6629.9115,314925.9281,OK,0.0000,265.1965,4.0000,96.0000,AG03-UNRESOLVED,ALL5_LEVELS_bet23_to_bet27,265.1965,265.1965,265.1965,530.3929,530.3929,4.000000,4.000000,4.000000,8.000000,8.000000,96.000000,96.000000,96.000000,92.000000,92.000000,5.0,1856.3752,1665.1649,4773.5363,4964.7466,PENDING_AG03,FALSE,NOT_FOR_ENFORCEMENT,6364.7150,273361.4852,6629.9115,6364.7150,265.1965,0.02105229,0.02021020,265.1965,6364.7150,0.02021020,265.1965,265.1965,265.1965,530.3929,530.3929,6364.7150,0.02021020,1856.3752,1665.1649,4773.5363,4964.7466,0.01515765,0.01576481,0.00084209,596.4506,687.8057,16.0143,441.9941,78.9275,20995.0619,27.6000,,596.4506,105.4118,210.8237,1054.1184,1264.9421,2108.2368,4216.4736,210.8237,-105.4118,10.0,20.0,2.829144,18,68,22,8,0E-8,0.02105229,,0E-8,0.000000,0.904186,0.000000,,2026-03-24,2026-04-12,15,84,66,20,0.750000,,,0.000000,,,,,,,,GLOBAL_BASELINE_NO_ENTITY_RANKING,,,NOT_APPLICABLE_GLOBAL_BASELINE,HF9g-P5,,,,X 全窗基线 · 不参与实体赏罚,14190361,1420,A168_HF9F_20260827_0900,2026-08-27 09:00:00
2026-04-01,147748547,2106,0,8169.4179157970,-2516.7077772858,-2516.7077772858,0.4000000,5,5,0.50128862000000000,0.501288620000,-0.4529779837142727,-0.4529779837142727,-0.4529779837142727,0E-17,ELIGIBLE,R03b_20260811_FULL_v1,L1_ELIGIBILITY,v2026-08-11,2026-03-21..2026-08-06,baccarat_bet02_101_all_pairs_incl_sentinel,round_win = game_pnl > 0 (decisive only),COMPATIBILITY_ONLY_NOT_PRODUCTION,314925.9281,284751.5471,6629.9115,528,414,-0.02105229,,-0.02105229,-0.02105229,-6629.9115,314925.9281,OK,0.0000,265.1965,4.0000,96.0000,AG03-UNRESOLVED,ALL5_LEVELS_bet23_to_bet27,265.1965,265.1965,265.1965,530.3929,530.3929,4.000000,4.000000,4.000000,8.000000,8.000000,96.000000,96.000000,96.000000,92.000000,92.000000,5.0,1856.3752,1665.1649,4773.5363,4964.7466,PENDING_AG03,FALSE,NOT_FOR_ENFORCEMENT,6364.7150,273361.4852,6629.9115,6364.7150,265.1965,0.02105229,0.02021020,265.1965,6364.7150,0.02021020,265.1965,265.1965,265.1965,530.3929,530.3929,6364.7150,0.02021020,1856.3752,1665.1649,4773.5363,4964.7466,0.01515765,0.01576481,0.00084209,596.4506,687.8057,16.0143,441.9941,78.9275,20995.0619,27.6000,,596.4506,105.4118,210.8237,1054.1184,1264.9421,2108.2368,4216.4736,210.8237,-105.4118,10.0,20.0,2.829144,18,68,22,8,0E-8,0.02105229,,0E-8,0.000000,0.904186,0.000000,,2026-03-24,2026-04-12,15,84,66,20,0.750000,,,0.000000,,,,,,,,GLOBAL_BASELINE_NO_ENTITY_RANKING,,,NOT_APPLICABLE_GLOBAL_BASELINE,HF9g-P5,,,,X 全窗基线 · 不参与实体赏罚,14190362,1420,A168_HF9F_20260827_0900,2026-08-27 09:00:00
2026-04-01,147748547,2108,0,4640.0185524845,2605.5699618409,2605.5699618409,0.4444444,10,10,0.28583284000000000,0.285832840000,1.0531742032833402,1.0531742032833402,1.0531742032833402,0E-17,ELIGIBLE,R03b_20260811_FULL_v1,L1_ELIGIBILITY,v2026-08-11,2026-03-21..2026-08-06,baccarat_bet02_101_all_pairs_incl_sentinel,round_win = game_pnl > 0 (decisive only),COMPATIBILITY_ONLY_NOT_PRODUCTION,314925.9281,284751.5471,6629.9115,528,414,-0.02105229,,-0.02105229,-0.02105229,-6629.9115,314925.9281,OK,0.0000,265.1965,4.0000,96.0000,AG03-UNRESOLVED,ALL5_LEVELS_bet23_to_bet27,265.1965,265.1965,265.1965,530.3929,530.3929,4.000000,4.000000,4.000000,8.000000,8.000000,96.000000,96.000000,96.000000,92.000000,92.000000,5.0,1856.3752,1665.1649,4773.5363,4964.7466,PENDING_AG03,FALSE,NOT_FOR_ENFORCEMENT,6364.7150,273361.4852,6629.9115,6364.7150,265.1965,0.02105229,0.02021020,265.1965,6364.7150,0.02021020,265.1965,265.1965,265.1965,530.3929,530.3929,6364.7150,0.02021020,1856.3752,1665.1649,4773.5363,4964.7466,0.01515765,0.01576481,0.00084209,596.4506,687.8057,16.0143,441.9941,78.9275,20995.0619,27.6000,,596.4506,105.4118,210.8237,1054.1184,1264.9421,2108.2368,4216.4736,210.8237,-105.4118,10.0,20.0,2.829144,18,68,22,8,0E-8,0.02105229,,0E-8,0.000000,0.904186,0.000000,,2026-03-24,2026-04-12,15,84,66,20,0.750000,,,0.000000,,,,,,,,GLOBAL_BASELINE_NO_ENTITY_RANKING,,,NOT_APPLICABLE_GLOBAL_BASELINE,HF9g-P5,,,,X 全窗基线 · 不参与实体赏罚,14190363,1420,A168_HF9F_20260827_0900,2026-08-27 09:00:00
2026-04-01,147748547,2152,0,4743.5329833660,-632.4710644488,-632.4710644488,0.4000000,10,5,0.39395980087719172,0.313142043333,0.027641371464393875,0.41878435916495343,0.027641371464393875,0.08081775754419172,ELIGIBLE,R03b_20260811_FULL_v1,L1_ELIGIBILITY,v2026-08-11,2026-03-21..2026-08-06,baccarat_bet02_101_all_pairs_incl_sentinel,round_win = game_pnl > 0 (decisive only),COMPATIBILITY_ONLY_NOT_PRODUCTION,314925.9281,284751.5471,6629.9115,528,414,-0.02105229,,-0.02105229,-0.02105229,-6629.9115,314925.9281,OK,0.0000,265.1965,4.0000,96.0000,AG03-UNRESOLVED,ALL5_LEVELS_bet23_to_bet27,265.1965,265.1965,265.1965,530.3929,530.3929,4.000000,4.000000,4.000000,8.000000,8.000000,96.000000,96.000000,96.000000,92.000000,92.000000,5.0,1856.3752,1665.1649,4773.5363,4964.7466,PENDING_AG03,FALSE,NOT_FOR_ENFORCEMENT,6364.7150,273361.4852,6629.9115,6364.7150,265.1965,0.02105229,0.02021020,265.1965,6364.7150,0.02021020,265.1965,265.1965,265.1965,530.3929,530.3929,6364.7150,0.02021020,1856.3752,1665.1649,4773.5363,4964.7466,0.01515765,0.01576481,0.00084209,596.4506,687.8057,16.0143,441.9941,78.9275,20995.0619,27.6000,,596.4506,105.4118,210.8237,1054.1184,1264.9421,2108.2368,4216.4736,210.8237,-105.4118,10.0,20.0,2.829144,18,68,22,8,0E-8,0.02105229,,0E-8,0.000000,0.904186,0.000000,,2026-03-24,2026-04-12,15,84,66,20,0.750000,,,0.000000,,,,,,,,GLOBAL_BASELINE_NO_ENTITY_RANKING,,,NOT_APPLICABLE_GLOBAL_BASELINE,HF9g-P5,,,,X 全窗基线 · 不参与实体赏罚,14190364,1420,A168_HF9F_20260827_0900,2026-08-27 09:00:00
2026-04-01,147748547,2205,0,1054.1184407480,1054.1184407480,1054.1184407480,1.0000000,1,1,0.49324550000000000,0.493245500000,1.01360149184955,1.01360149184955,1.01360149184955,0E-17,ELIGIBLE,R03b_20260811_FULL_v1,L1_ELIGIBILITY,v2026-08-11,2026-03-21..2026-08-06,baccarat_bet02_101_all_pairs_incl_sentinel,round_win = game_pnl > 0 (decisive only),COMPATIBILITY_ONLY_NOT_PRODUCTION,314925.9281,284751.5471,6629.9115,528,414,-0.02105229,,-0.02105229,-0.02105229,-6629.9115,314925.9281,OK,0.0000,265.1965,4.0000,96.0000,AG03-UNRESOLVED,ALL5_LEVELS_bet23_to_bet27,265.1965,265.1965,265.1965,530.3929,530.3929,4.000000,4.000000,4.000000,8.000000,8.000000,96.000000,96.000000,96.000000,92.000000,92.000000,5.0,1856.3752,1665.1649,4773.5363,4964.7466,PENDING_AG03,FALSE,NOT_FOR_ENFORCEMENT,6364.7150,273361.4852,6629.9115,6364.7150,265.1965,0.02105229,0.02021020,265.1965,6364.7150,0.02021020,265.1965,265.1965,265.1965,530.3929,530.3929,6364.7150,0.02021020,1856.3752,1665.1649,4773.5363,4964.7466,0.01515765,0.01576481,0.00084209,596.4506,687.8057,16.0143,441.9941,78.9275,20995.0619,27.6000,,596.4506,105.4118,210.8237,1054.1184,1264.9421,2108.2368,4216.4736,210.8237,-105.4118,10.0,20.0,2.829144,18,68,22,8,0E-8,0.02105229,,0E-8,0.000000,0.904186,0.000000,,2026-03-24,2026-04-12,15,84,66,20,0.750000,,,0.000000,,,,,,,,GLOBAL_BASELINE_NO_ENTITY_RANKING,,,NOT_APPLICABLE_GLOBAL_BASELINE,HF9g-P5,,,,X 全窗基线 · 不参与实体赏罚,14190365,1420,A168_HF9F_20260827_0900,2026-08-27 09:00:00
2026-04-01,147748547,2218,0,1496.8481858622,558.6827735964,558.6827735964,0.5000000,3,2,0.49586285952379003,0.393378375000,0.01170200092994265,0.3086711997975373,0.01170200092994265,0.10248448452379003,ELIGIBLE,R03b_20260811_FULL_v1,L1_ELIGIBILITY,v2026-08-11,2026-03-21..2026-08-06,baccarat_bet02_101_all_pairs_incl_sentinel,round_win = game_pnl > 0 (decisive only),COMPATIBILITY_ONLY_NOT_PRODUCTION,314925.9281,284751.5471,6629.9115,528,414,-0.02105229,,-0.02105229,-0.02105229,-6629.9115,314925.9281,OK,0.0000,265.1965,4.0000,96.0000,AG03-UNRESOLVED,ALL5_LEVELS_bet23_to_bet27,265.1965,265.1965,265.1965,530.3929,530.3929,4.000000,4.000000,4.000000,8.000000,8.000000,96.000000,96.000000,96.000000,92.000000,92.000000,5.0,1856.3752,1665.1649,4773.5363,4964.7466,PENDING_AG03,FALSE,NOT_FOR_ENFORCEMENT,6364.7150,273361.4852,6629.9115,6364.7150,265.1965,0.02105229,0.02021020,265.1965,6364.7150,0.02021020,265.1965,265.1965,265.1965,530.3929,530.3929,6364.7150,0.02021020,1856.3752,1665.1649,4773.5363,4964.7466,0.01515765,0.01576481,0.00084209,596.4506,687.8057,16.0143,441.9941,78.9275,20995.0619,27.6000,,596.4506,105.4118,210.8237,1054.1184,1264.9421,2108.2368,4216.4736,210.8237,-105.4118,10.0,20.0,2.829144,18,68,22,8,0E-8,0.02105229,,0E-8,0.000000,0.904186,0.000000,,2026-03-24,2026-04-12,15,84,66,20,0.750000,,,0.000000,,,,,,,,GLOBAL_BASELINE_NO_ENTITY_RANKING,,,NOT_APPLICABLE_GLOBAL_BASELINE,HF9g-P5,,,,X 全窗基线 · 不参与实体赏罚,14190366,1420,A168_HF9F_20260827_0900,2026-08-27 09:00:00
2026-04-01,147748547,2239,0,1121.1603735796,1300.3605085067,1300.3605085067,0.7500000,4,4,0.28376127500000000,0.283761275000,2.0683921244540504,2.0683921244540504,2.0683921244540504,0E-17,ELIGIBLE,R03b_20260811_FULL_v1,L1_ELIGIBILITY,v2026-08-11,2026-03-21..2026-08-06,baccarat_bet02_101_all_pairs_incl_sentinel,round_win = game_pnl > 0 (decisive only),COMPATIBILITY_ONLY_NOT_PRODUCTION,314925.9281,284751.5471,6629.9115,528,414,-0.02105229,,-0.02105229,-0.02105229,-6629.9115,314925.9281,OK,0.0000,265.1965,4.0000,96.0000,AG03-UNRESOLVED,ALL5_LEVELS_bet23_to_bet27,265.1965,265.1965,265.1965,530.3929,530.3929,4.000000,4.000000,4.000000,8.000000,8.000000,96.000000,96.000000,96.000000,92.000000,92.000000,5.0,1856.3752,1665.1649,4773.5363,4964.7466,PENDING_AG03,FALSE,NOT_FOR_ENFORCEMENT,6364.7150,273361.4852,6629.9115,6364.7150,265.1965,0.02105229,0.02021020,265.1965,6364.7150,0.02021020,265.1965,265.1965,265.1965,530.3929,530.3929,6364.7150,0.02021020,1856.3752,1665.1649,4773.5363,4964.7466,0.01515765,0.01576481,0.00084209,596.4506,687.8057,16.0143,441.9941,78.9275,20995.0619,27.6000,,596.4506,105.4118,210.8237,1054.1184,1264.9421,2108.2368,4216.4736,210.8237,-105.4118,10.0,20.0,2.829144,18,68,22,8,0E-8,0.02105229,,0E-8,0.000000,0.904186,0.000000,,2026-03-24,2026-04-12,15,84,66,20,0.750000,,,0.000000,,,,,,,,GLOBAL_BASELINE_NO_ENTITY_RANKING,,,NOT_APPLICABLE_GLOBAL_BASELINE,HF9g-P5,,,,X 全窗基线 · 不参与实体赏罚,14190367,1420,A168_HF9F_20260827_0900,2026-08-27 09:00:00
2026-04-01,147748547,2264,0,2108.2368814960,-1054.1184407480,-1054.1184407480,0E-7,2,2,0.49324550000000000,0.493245500000,-0.9865810262130424,-0.9865810262130424,-0.9865810262130424,0E-17,ELIGIBLE,R03b_20260811_FULL_v1,L1_ELIGIBILITY,v2026-08-11,2026-03-21..2026-08-06,baccarat_bet02_101_all_pairs_incl_sentinel,round_win = game_pnl > 0 (decisive only),COMPATIBILITY_ONLY_NOT_PRODUCTION,314925.9281,284751.5471,6629.9115,528,414,-0.02105229,,-0.02105229,-0.02105229,-6629.9115,314925.9281,OK,0.0000,265.1965,4.0000,96.0000,AG03-UNRESOLVED,ALL5_LEVELS_bet23_to_bet27,265.1965,265.1965,265.1965,530.3929,530.3929,4.000000,4.000000,4.000000,8.000000,8.000000,96.000000,96.000000,96.000000,92.000000,92.000000,5.0,1856.3752,1665.1649,4773.5363,4964.7466,PENDING_AG03,FALSE,NOT_FOR_ENFORCEMENT,6364.7150,273361.4852,6629.9115,6364.7150,265.1965,0.02105229,0.02021020,265.1965,6364.7150,0.02021020,265.1965,265.1965,265.1965,530.3929,530.3929,6364.7150,0.02021020,1856.3752,1665.1649,4773.5363,4964.7466,0.01515765,0.01576481,0.00084209,596.4506,687.8057,16.0143,441.9941,78.9275,20995.0619,27.6000,,596.4506,105.4118,210.8237,1054.1184,1264.9421,2108.2368,4216.4736,210.8237,-105.4118,10.0,20.0,2.829144,18,68,22,8,0E-8,0.02105229,,0E-8,0.000000,0.904186,0.000000,,2026-03-24,2026-04-12,15,84,66,20,0.750000,,,0.000000,,,,,,,,GLOBAL_BASELINE_NO_ENTITY_RANKING,,,NOT_APPLICABLE_GLOBAL_BASELINE,HF9g-P5,,,,X 全窗基线 · 不参与实体赏罚,14190368,1420,A168_HF9F_20260827_0900,2026-08-27 09:00:00
2026-04-02,147748547,1017,0,295.9964581620,-295.9964581620,-295.9964581620,0E-7,1,1,0.50665070000000000,0.506650700000,-1.013391052207602,-1.013391052207602,-1.013391052207602,0E-17,ELIGIBLE,R03b_20260811_FULL_v1,L1_ELIGIBILITY,v2026-08-11,2026-03-21..2026-08-06,baccarat_bet02_101_all_pairs_incl_sentinel,round_win = game_pnl > 0 (decisive only),COMPATIBILITY_ONLY_NOT_PRODUCTION,314925.9281,284751.5471,6629.9115,528,414,-0.02105229,,-0.02105229,-0.02105229,-6629.9115,314925.9281,OK,0.0000,265.1965,4.0000,96.0000,AG03-UNRESOLVED,ALL5_LEVELS_bet23_to_bet27,265.1965,265.1965,265.1965,530.3929,530.3929,4.000000,4.000000,4.000000,8.000000,8.000000,96.000000,96.000000,96.000000,92.000000,92.000000,5.0,1856.3752,1665.1649,4773.5363,4964.7466,PENDING_AG03,FALSE,NOT_FOR_ENFORCEMENT,6364.7150,273361.4852,6629.9115,6364.7150,265.1965,0.02105229,0.02021020,265.1965,6364.7150,0.02021020,265.1965,265.1965,265.1965,530.3929,530.3929,6364.7150,0.02021020,1856.3752,1665.1649,4773.5363,4964.7466,0.01515765,0.01576481,0.00084209,596.4506,687.8057,16.0143,441.9941,78.9275,20995.0619,27.6000,,596.4506,105.4118,210.8237,1054.1184,1264.9421,2108.2368,4216.4736,210.8237,-105.4118,10.0,20.0,2.829144,18,68,22,8,0E-8,0.02105229,,0E-8,0.000000,0.904186,0.000000,,2026-03-24,2026-04-12,15,84,66,20,0.750000,,,0.000000,,,,,,,,GLOBAL_BASELINE_NO_ENTITY_RANKING,,,NOT_APPLICABLE_GLOBAL_BASELINE,HF9g-P5,,,,X 全窗基线 · 不参与实体赏罚,14190369,1420,A168_HF9F_20260827_0900,2026-08-27 09:00:00
2026-04-02,147748547,1210,0,1254.4009444901,1243.8597600826,1243.8597600826,1.0000000,2,2,0.49994810000000000,0.499948100000,1.4143603653603398,1.4143603653603398,1.4143603653603398,0E-17,ELIGIBLE,R03b_20260811_FULL_v1,L1_ELIGIBILITY,v2026-08-11,2026-03-21..2026-08-06,baccarat_bet02_101_all_pairs_incl_sentinel,round_win = game_pnl > 0 (decisive only),COMPATIBILITY_ONLY_NOT_PRODUCTION,314925.9281,284751.5471,6629.9115,528,414,-0.02105229,,-0.02105229,-0.02105229,-6629.9115,314925.9281,OK,0.0000,265.1965,4.0000,96.0000,AG03-UNRESOLVED,ALL5_LEVELS_bet23_to_bet27,265.1965,265.1965,265.1965,530.3929,530.3929,4.000000,4.000000,4.000000,8.000000,8.000000,96.000000,96.000000,96.000000,92.000000,92.000000,5.0,1856.3752,1665.1649,4773.5363,4964.7466,PENDING_AG03,FALSE,NOT_FOR_ENFORCEMENT,6364.7150,273361.4852,6629.9115,6364.7150,265.1965,0.02105229,0.02021020,265.1965,6364.7150,0.02021020,265.1965,265.1965,265.1965,530.3929,530.3929,6364.7150,0.02021020,1856.3752,1665.1649,4773.5363,4964.7466,0.01515765,0.01576481,0.00084209,596.4506,687.8057,16.0143,441.9941,78.9275,20995.0619,27.6000,,596.4506,105.4118,210.8237,1054.1184,1264.9421,2108.2368,4216.4736,210.8237,-105.4118,10.0,20.0,2.829144,18,68,22,8,0E-8,0.02105229,,0E-8,0.000000,0.904186,0.000000,,2026-03-24,2026-04-12,15,84,66,20,0.750000,,,0.000000,,,,,,,,GLOBAL_BASELINE_NO_ENTITY_RANKING,,,NOT_APPLICABLE_GLOBAL_BASELINE,HF9g-P5,,,,X 全窗基线 · 不参与实体赏罚,14190370,1420,A168_HF9F_20260827_0900,2026-08-27 09:00:00
2026-04-02,147748547,1331,0,4321.8856070668,3162.3553222440,3162.3553222440,0.3333333,6,6,0.21055281666666667,0.210552816667,0.7376715160250256,0.7376715160225946,0.7376715160250256,-3.3333E-13,ELIGIBLE,R03b_20260811_FULL_v1,L1_ELIGIBILITY,v2026-08-11,2026-03-21..2026-08-06,baccarat_bet02_101_all_pairs_incl_sentinel,round_win = game_pnl > 0 (decisive only),COMPATIBILITY_ONLY_NOT_PRODUCTION,314925.9281,284751.5471,6629.9115,528,414,-0.02105229,,-0.02105229,-0.02105229,-6629.9115,314925.9281,OK,0.0000,265.1965,4.0000,96.0000,AG03-UNRESOLVED,ALL5_LEVELS_bet23_to_bet27,265.1965,265.1965,265.1965,530.3929,530.3929,4.000000,4.000000,4.000000,8.000000,8.000000,96.000000,96.000000,96.000000,92.000000,92.000000,5.0,1856.3752,1665.1649,4773.5363,4964.7466,PENDING_AG03,FALSE,NOT_FOR_ENFORCEMENT,6364.7150,273361.4852,6629.9115,6364.7150,265.1965,0.02105229,0.02021020,265.1965,6364.7150,0.02021020,265.1965,265.1965,265.1965,530.3929,530.3929,6364.7150,0.02021020,1856.3752,1665.1649,4773.5363,4964.7466,0.01515765,0.01576481,0.00084209,596.4506,687.8057,16.0143,441.9941,78.9275,20995.0619,27.6000,,596.4506,105.4118,210.8237,1054.1184,1264.9421,2108.2368,4216.4736,210.8237,-105.4118,10.0,20.0,2.829144,18,68,22,8,0E-8,0.02105229,,0E-8,0.000000,0.904186,0.000000,,2026-03-24,2026-04-12,15,84,66,20,0.750000,,,0.000000,,,,,,,,GLOBAL_BASELINE_NO_ENTITY_RANKING,,,NOT_APPLICABLE_GLOBAL_BASELINE,HF9g-P5,,,,X 全窗基线 · 不参与实体赏罚,14190371,1420,A168_HF9F_20260827_0900,2026-08-27 09:00:00
2026-04-02,147748547,1384,0,1264.9421288976,1201.6950224527,1201.6950224527,1.0000000,1,1,0.50665070000000000,0.506650700000,0.9867858985152569,0.9867858985152569,0.9867858985152569,0E-17,ELIGIBLE,R03b_20260811_FULL_v1,L1_ELIGIBILITY,v2026-08-11,2026-03-21..2026-08-06,baccarat_bet02_101_all_pairs_incl_sentinel,round_win = game_pnl > 0 (decisive only),COMPATIBILITY_ONLY_NOT_PRODUCTION,314925.9281,284751.5471,6629.9115,528,414,-0.02105229,,-0.02105229,-0.02105229,-6629.9115,314925.9281,OK,0.0000,265.1965,4.0000,96.0000,AG03-UNRESOLVED,ALL5_LEVELS_bet23_to_bet27,265.1965,265.1965,265.1965,530.3929,530.3929,4.000000,4.000000,4.000000,8.000000,8.000000,96.000000,96.000000,96.000000,92.000000,92.000000,5.0,1856.3752,1665.1649,4773.5363,4964.7466,PENDING_AG03,FALSE,NOT_FOR_ENFORCEMENT,6364.7150,273361.4852,6629.9115,6364.7150,265.1965,0.02105229,0.02021020,265.1965,6364.7150,0.02021020,265.1965,265.1965,265.1965,530.3929,530.3929,6364.7150,0.02021020,1856.3752,1665.1649,4773.5363,4964.7466,0.01515765,0.01576481,0.00084209,596.4506,687.8057,16.0143,441.9941,78.9275,20995.0619,27.6000,,596.4506,105.4118,210.8237,1054.1184,1264.9421,2108.2368,4216.4736,210.8237,-105.4118,10.0,20.0,2.829144,18,68,22,8,0E-8,0.02105229,,0E-8,0.000000,0.904186,0.000000,,2026-03-24,2026-04-12,15,84,66,20,0.750000,,,0.000000,,,,,,,,GLOBAL_BASELINE_NO_ENTITY_RANKING,,,NOT_APPLICABLE_GLOBAL_BASELINE,HF9g-P5,,,,X 全窗基线 · 不参与实体赏罚,14190372,1420,A168_HF9F_20260827_0900,2026-08-27 09:00:00
2026-04-02,147748547,1399,0,73.7882908524,49.5435667151,49.5435667151,0.5000000,2,2,0.29411910000000000,0.294119100000,0.6390042201456352,0.6390042201456352,0.6390042201456352,0E-17,ELIGIBLE,R03b_20260811_FULL_v1,L1_ELIGIBILITY,v2026-08-11,2026-03-21..2026-08-06,baccarat_bet02_101_all_pairs_incl_sentinel,round_win = game_pnl > 0 (decisive only),COMPATIBILITY_ONLY_NOT_PRODUCTION,314925.9281,284751.5471,6629.9115,528,414,-0.02105229,,-0.02105229,-0.02105229,-6629.9115,314925.9281,OK,0.0000,265.1965,4.0000,96.0000,AG03-UNRESOLVED,ALL5_LEVELS_bet23_to_bet27,265.1965,265.1965,265.1965,530.3929,530.3929,4.000000,4.000000,4.000000,8.000000,8.000000,96.000000,96.000000,96.000000,92.000000,92.000000,5.0,1856.3752,1665.1649,4773.5363,4964.7466,PENDING_AG03,FALSE,NOT_FOR_ENFORCEMENT,6364.7150,273361.4852,6629.9115,6364.7150,265.1965,0.02105229,0.02021020,265.1965,6364.7150,0.02021020,265.1965,265.1965,265.1965,530.3929,530.3929,6364.7150,0.02021020,1856.3752,1665.1649,4773.5363,4964.7466,0.01515765,0.01576481,0.00084209,596.4506,687.8057,16.0143,441.9941,78.9275,20995.0619,27.6000,,596.4506,105.4118,210.8237,1054.1184,1264.9421,2108.2368,4216.4736,210.8237,-105.4118,10.0,20.0,2.829144,18,68,22,8,0E-8,0.02105229,,0E-8,0.000000,0.904186,0.000000,,2026-03-24,2026-04-12,15,84,66,20,0.750000,,,0.000000,,,,,,,,GLOBAL_BASELINE_NO_ENTITY_RANKING,,,NOT_APPLICABLE_GLOBAL_BASELINE,HF9g-P5,,,,X 全窗基线 · 不参与实体赏罚,14190373,1420,A168_HF9F_20260827_0900,2026-08-27 09:00:00
2026-04-02,147748547,1400,0,1054.1184407480,0E-10,0E-10,,1,1,0.49324550000000000,0.493245500000,,,,0E-17,NO_DECISIVE_ROUND,R03b_20260811_FULL_v1,L1_ELIGIBILITY,v2026-08-11,2026-03-21..2026-08-06,baccarat_bet02_101_all_pairs_incl_sentinel,round_win = game_pnl > 0 (decisive only),COMPATIBILITY_ONLY_NOT_PRODUCTION,314925.9281,284751.5471,6629.9115,528,414,-0.02105229,,-0.02105229,-0.02105229,-6629.9115,314925.9281,OK,0.0000,265.1965,4.0000,96.0000,AG03-UNRESOLVED,ALL5_LEVELS_bet23_to_bet27,265.1965,265.1965,265.1965,530.3929,530.3929,4.000000,4.000000,4.000000,8.000000,8.000000,96.000000,96.000000,96.000000,92.000000,92.000000,5.0,1856.3752,1665.1649,4773.5363,4964.7466,PENDING_AG03,FALSE,NOT_FOR_ENFORCEMENT,6364.7150,273361.4852,6629.9115,6364.7150,265.1965,0.02105229,0.02021020,265.1965,6364.7150,0.02021020,265.1965,265.1965,265.1965,530.3929,530.3929,6364.7150,0.02021020,1856.3752,1665.1649,4773.5363,4964.7466,0.01515765,0.01576481,0.00084209,596.4506,687.8057,16.0143,441.9941,78.9275,20995.0619,27.6000,,596.4506,105.4118,210.8237,1054.1184,1264.9421,2108.2368,4216.4736,210.8237,-105.4118,10.0,20.0,2.829144,18,68,22,8,0E-8,0.02105229,,0E-8,0.000000,0.904186,0.000000,,2026-03-24,2026-04-12,15,84,66,20,0.750000,,,0.000000,,,,,,,,GLOBAL_BASELINE_NO_ENTITY_RANKING,,,NOT_APPLICABLE_GLOBAL_BASELINE,HF9g-P5,,,,X 全窗基线 · 不参与实体赏罚,14190374,1420,A168_HF9F_20260827_0900,2026-08-27 09:00:00
2026-04-02,147748547,1490,0,105.4118440748,105.4118440748,105.4118440748,1.0000000,1,1,0.49324550000000000,0.493245500000,1.01360149184955,1.01360149184955,1.01360149184955,0E-17,ELIGIBLE,R03b_20260811_FULL_v1,L1_ELIGIBILITY,v2026-08-11,2026-03-21..2026-08-06,baccarat_bet02_101_all_pairs_incl_sentinel,round_win = game_pnl > 0 (decisive only),COMPATIBILITY_ONLY_NOT_PRODUCTION,314925.9281,284751.5471,6629.9115,528,414,-0.02105229,,-0.02105229,-0.02105229,-6629.9115,314925.9281,OK,0.0000,265.1965,4.0000,96.0000,AG03-UNRESOLVED,ALL5_LEVELS_bet23_to_bet27,265.1965,265.1965,265.1965,530.3929,530.3929,4.000000,4.000000,4.000000,8.000000,8.000000,96.000000,96.000000,96.000000,92.000000,92.000000,5.0,1856.3752,1665.1649,4773.5363,4964.7466,PENDING_AG03,FALSE,NOT_FOR_ENFORCEMENT,6364.7150,273361.4852,6629.9115,6364.7150,265.1965,0.02105229,0.02021020,265.1965,6364.7150,0.02021020,265.1965,265.1965,265.1965,530.3929,530.3929,6364.7150,0.02021020,1856.3752,1665.1649,4773.5363,4964.7466,0.01515765,0.01576481,0.00084209,596.4506,687.8057,16.0143,441.9941,78.9275,20995.0619,27.6000,,596.4506,105.4118,210.8237,1054.1184,1264.9421,2108.2368,4216.4736,210.8237,-105.4118,10.0,20.0,2.829144,18,68,22,8,0E-8,0.02105229,,0E-8,0.000000,0.904186,0.000000,,2026-03-24,2026-04-12,15,84,66,20,0.750000,,,0.000000,,,,,,,,GLOBAL_BASELINE_NO_ENTITY_RANKING,,,NOT_APPLICABLE_GLOBAL_BASELINE,HF9g-P5,,,,X 全窗基线 · 不参与实体赏罚,14190375,1420,A168_HF9F_20260827_0900,2026-08-27 09:00:00
2026-04-02,147748547,1646,0,1475.7658170472,1401.9775261948,1401.9775261948,1.0000000,1,1,0.50665070000000000,0.506650700000,0.9867858985152569,0.9867858985152569,0.9867858985152569,0E-17,ELIGIBLE,R03b_20260811_FULL_v1,L1_ELIGIBILITY,v2026-08-11,2026-03-21..2026-08-06,baccarat_bet02_101_all_pairs_incl_sentinel,round_win = game_pnl > 0 (decisive only),COMPATIBILITY_ONLY_NOT_PRODUCTION,314925.9281,284751.5471,6629.9115,528,414,-0.02105229,,-0.02105229,-0.02105229,-6629.9115,314925.9281,OK,0.0000,265.1965,4.0000,96.0000,AG03-UNRESOLVED,ALL5_LEVELS_bet23_to_bet27,265.1965,265.1965,265.1965,530.3929,530.3929,4.000000,4.000000,4.000000,8.000000,8.000000,96.000000,96.000000,96.000000,92.000000,92.000000,5.0,1856.3752,1665.1649,4773.5363,4964.7466,PENDING_AG03,FALSE,NOT_FOR_ENFORCEMENT,6364.7150,273361.4852,6629.9115,6364.7150,265.1965,0.02105229,0.02021020,265.1965,6364.7150,0.02021020,265.1965,265.1965,265.1965,530.3929,530.3929,6364.7150,0.02021020,1856.3752,1665.1649,4773.5363,4964.7466,0.01515765,0.01576481,0.00084209,596.4506,687.8057,16.0143,441.9941,78.9275,20995.0619,27.6000,,596.4506,105.4118,210.8237,1054.1184,1264.9421,2108.2368,4216.4736,210.8237,-105.4118,10.0,20.0,2.829144,18,68,22,8,0E-8,0.02105229,,0E-8,0.000000,0.904186,0.000000,,2026-03-24,2026-04-12,15,84,66,20,0.750000,,,0.000000,,,,,,,,GLOBAL_BASELINE_NO_ENTITY_RANKING,,,NOT_APPLICABLE_GLOBAL_BASELINE,HF9g-P5,,,,X 全窗基线 · 不参与实体赏罚,14190376,1420,A168_HF9F_20260827_0900,2026-08-27 09:00:00
2026-04-02,147748547,2106,0,2108.2368814960,-2108.2368814960,-2108.2368814960,0E-7,2,2,0.28741650000000000,0.287416500000,-0.8981584602114967,-0.8981584602114967,-0.8981584602114967,0E-17,ELIGIBLE,R03b_20260811_FULL_v1,L1_ELIGIBILITY,v2026-08-11,2026-03-21..2026-08-06,baccarat_bet02_101_all_pairs_incl_sentinel,round_win = game_pnl > 0 (decisive only),COMPATIBILITY_ONLY_NOT_PRODUCTION,314925.9281,284751.5471,6629.9115,528,414,-0.02105229,,-0.02105229,-0.02105229,-6629.9115,314925.9281,OK,0.0000,265.1965,4.0000,96.0000,AG03-UNRESOLVED,ALL5_LEVELS_bet23_to_bet27,265.1965,265.1965,265.1965,530.3929,530.3929,4.000000,4.000000,4.000000,8.000000,8.000000,96.000000,96.000000,96.000000,92.000000,92.000000,5.0,1856.3752,1665.1649,4773.5363,4964.7466,PENDING_AG03,FALSE,NOT_FOR_ENFORCEMENT,6364.7150,273361.4852,6629.9115,6364.7150,265.1965,0.02105229,0.02021020,265.1965,6364.7150,0.02021020,265.1965,265.1965,265.1965,530.3929,530.3929,6364.7150,0.02021020,1856.3752,1665.1649,4773.5363,4964.7466,0.01515765,0.01576481,0.00084209,596.4506,687.8057,16.0143,441.9941,78.9275,20995.0619,27.6000,,596.4506,105.4118,210.8237,1054.1184,1264.9421,2108.2368,4216.4736,210.8237,-105.4118,10.0,20.0,2.829144,18,68,22,8,0E-8,0.02105229,,0E-8,0.000000,0.904186,0.000000,,2026-03-24,2026-04-12,15,84,66,20,0.750000,,,0.000000,,,,,,,,GLOBAL_BASELINE_NO_ENTITY_RANKING,,,NOT_APPLICABLE_GLOBAL_BASELINE,HF9g-P5,,,,X 全窗基线 · 不参与实体赏罚,14190377,1420,A168_HF9F_20260827_0900,2026-08-27 09:00:00
2026-04-02,147748547,2196,0,105.4118440748,105.4118440748,105.4118440748,1.0000000,1,1,0.49324550000000000,0.493245500000,1.01360149184955,1.01360149184955,1.01360149184955,0E-17,ELIGIBLE,R03b_20260811_FULL_v1,L1_ELIGIBILITY,v2026-08-11,2026-03-21..2026-08-06,baccarat_bet02_101_all_pairs_incl_sentinel,round_win = game_pnl > 0 (decisive only),COMPATIBILITY_ONLY_NOT_PRODUCTION,314925.9281,284751.5471,6629.9115,528,414,-0.02105229,,-0.02105229,-0.02105229,-6629.9115,314925.9281,OK,0.0000,265.1965,4.0000,96.0000,AG03-UNRESOLVED,ALL5_LEVELS_bet23_to_bet27,265.1965,265.1965,265.1965,530.3929,530.3929,4.000000,4.000000,4.000000,8.000000,8.000000,96.000000,96.000000,96.000000,92.000000,92.000000,5.0,1856.3752,1665.1649,4773.5363,4964.7466,PENDING_AG03,FALSE,NOT_FOR_ENFORCEMENT,6364.7150,273361.4852,6629.9115,6364.7150,265.1965,0.02105229,0.02021020,265.1965,6364.7150,0.02021020,265.1965,265.1965,265.1965,530.3929,530.3929,6364.7150,0.02021020,1856.3752,1665.1649,4773.5363,4964.7466,0.01515765,0.01576481,0.00084209,596.4506,687.8057,16.0143,441.9941,78.9275,20995.0619,27.6000,,596.4506,105.4118,210.8237,1054.1184,1264.9421,2108.2368,4216.4736,210.8237,-105.4118,10.0,20.0,2.829144,18,68,22,8,0E-8,0.02105229,,0E-8,0.000000,0.904186,0.000000,,2026-03-24,2026-04-12,15,84,66,20,0.750000,,,0.000000,,,,,,,,GLOBAL_BASELINE_NO_ENTITY_RANKING,,,NOT_APPLICABLE_GLOBAL_BASELINE,HF9g-P5,,,,X 全窗基线 · 不参与实体赏罚,14190378,1420,A168_HF9F_20260827_0900,2026-08-27 09:00:00
2026-04-02,147748547,2235,0,3731.5792802479,-231.9060569645,-231.9060569645,0.4285714,9,7,0.40132682551020542,0.381374014286,0.1470569352020456,0.25708550914860506,0.1470569352020456,0.01995281122420542,ELIGIBLE,R03b_20260811_FULL_v1,L1_ELIGIBILITY,v2026-08-11,2026-03-21..2026-08-06,baccarat_bet02_101_all_pairs_incl_sentinel,round_win = game_pnl > 0 (decisive only),COMPATIBILITY_ONLY_NOT_PRODUCTION,314925.9281,284751.5471,6629.9115,528,414,-0.02105229,,-0.02105229,-0.02105229,-6629.9115,314925.9281,OK,0.0000,265.1965,4.0000,96.0000,AG03-UNRESOLVED,ALL5_LEVELS_bet23_to_bet27,265.1965,265.1965,265.1965,530.3929,530.3929,4.000000,4.000000,4.000000,8.000000,8.000000,96.000000,96.000000,96.000000,92.000000,92.000000,5.0,1856.3752,1665.1649,4773.5363,4964.7466,PENDING_AG03,FALSE,NOT_FOR_ENFORCEMENT,6364.7150,273361.4852,6629.9115,6364.7150,265.1965,0.02105229,0.02021020,265.1965,6364.7150,0.02021020,265.1965,265.1965,265.1965,530.3929,530.3929,6364.7150,0.02021020,1856.3752,1665.1649,4773.5363,4964.7466,0.01515765,0.01576481,0.00084209,596.4506,687.8057,16.0143,441.9941,78.9275,20995.0619,27.6000,,596.4506,105.4118,210.8237,1054.1184,1264.9421,2108.2368,4216.4736,210.8237,-105.4118,10.0,20.0,2.829144,18,68,22,8,0E-8,0.02105229,,0E-8,0.000000,0.904186,0.000000,,2026-03-24,2026-04-12,15,84,66,20,0.750000,,,0.000000,,,,,,,,GLOBAL_BASELINE_NO_ENTITY_RANKING,,,NOT_APPLICABLE_GLOBAL_BASELINE,HF9g-P5,,,,X 全窗基线 · 不参与实体赏罚,14190379,1420,A168_HF9F_20260827_0900,2026-08-27 09:00:00
2026-04-02,147748547,970,0,737.8829085236,-737.8829085236,-737.8829085236,0E-7,1,1,0.50665070000000000,0.506650700000,-1.013391052207602,-1.013391052207602,-1.013391052207602,0E-17,ELIGIBLE,R03b_20260811_FULL_v1,L1_ELIGIBILITY,v2026-08-11,2026-03-21..2026-08-06,baccarat_bet02_101_all_pairs_incl_sentinel,round_win = game_pnl > 0 (decisive only),COMPATIBILITY_ONLY_NOT_PRODUCTION,314925.9281,284751.5471,6629.9115,528,414,-0.02105229,,-0.02105229,-0.02105229,-6629.9115,314925.9281,OK,0.0000,265.1965,4.0000,96.0000,AG03-UNRESOLVED,ALL5_LEVELS_bet23_to_bet27,265.1965,265.1965,265.1965,530.3929,530.3929,4.000000,4.000000,4.000000,8.000000,8.000000,96.000000,96.000000,96.000000,92.000000,92.000000,5.0,1856.3752,1665.1649,4773.5363,4964.7466,PENDING_AG03,FALSE,NOT_FOR_ENFORCEMENT,6364.7150,273361.4852,6629.9115,6364.7150,265.1965,0.02105229,0.02021020,265.1965,6364.7150,0.02021020,265.1965,265.1965,265.1965,530.3929,530.3929,6364.7150,0.02021020,1856.3752,1665.1649,4773.5363,4964.7466,0.01515765,0.01576481,0.00084209,596.4506,687.8057,16.0143,441.9941,78.9275,20995.0619,27.6000,,596.4506,105.4118,210.8237,1054.1184,1264.9421,2108.2368,4216.4736,210.8237,-105.4118,10.0,20.0,2.829144,18,68,22,8,0E-8,0.02105229,,0E-8,0.000000,0.904186,0.000000,,2026-03-24,2026-04-12,15,84,66,20,0.750000,,,0.000000,,,,,,,,GLOBAL_BASELINE_NO_ENTITY_RANKING,,,NOT_APPLICABLE_GLOBAL_BASELINE,HF9g-P5,,,,X 全窗基线 · 不参与实体赏罚,14190380,1420,A168_HF9F_20260827_0900,2026-08-27 09:00:00
2026-04-03,147748547,1151,0,1243.8597600826,-1243.8597600826,-1243.8597600826,0E-7,1,1,0.50665070000000000,0.506650700000,-1.013391052207602,-1.013391052207602,-1.013391052207602,0E-17,ELIGIBLE,R03b_20260811_FULL_v1,L1_ELIGIBILITY,v2026-08-11,2026-03-21..2026-08-06,baccarat_bet02_101_all_pairs_incl_sentinel,round_win = game_pnl > 0 (decisive only),COMPATIBILITY_ONLY_NOT_PRODUCTION,314925.9281,284751.5471,6629.9115,528,414,-0.02105229,,-0.02105229,-0.02105229,-6629.9115,314925.9281,OK,0.0000,265.1965,4.0000,96.0000,AG03-UNRESOLVED,ALL5_LEVELS_bet23_to_bet27,265.1965,265.1965,265.1965,530.3929,530.3929,4.000000,4.000000,4.000000,8.000000,8.000000,96.000000,96.000000,96.000000,92.000000,92.000000,5.0,1856.3752,1665.1649,4773.5363,4964.7466,PENDING_AG03,FALSE,NOT_FOR_ENFORCEMENT,6364.7150,273361.4852,6629.9115,6364.7150,265.1965,0.02105229,0.02021020,265.1965,6364.7150,0.02021020,265.1965,265.1965,265.1965,530.3929,530.3929,6364.7150,0.02021020,1856.3752,1665.1649,4773.5363,4964.7466,0.01515765,0.01576481,0.00084209,596.4506,687.8057,16.0143,441.9941,78.9275,20995.0619,27.6000,,596.4506,105.4118,210.8237,1054.1184,1264.9421,2108.2368,4216.4736,210.8237,-105.4118,10.0,20.0,2.829144,18,68,22,8,0E-8,0.02105229,,0E-8,0.000000,0.904186,0.000000,,2026-03-24,2026-04-12,15,84,66,20,0.750000,,,0.000000,,,,,,,,GLOBAL_BASELINE_NO_ENTITY_RANKING,,,NOT_APPLICABLE_GLOBAL_BASELINE,HF9g-P5,,,,X 全窗基线 · 不参与实体赏罚,14190381,1420,A168_HF9F_20260827_0900,2026-08-27 09:00:00
2026-04-03,147748547,1300,0,632.4710644488,632.4710644488,632.4710644488,1.0000000,1,1,0.49324550000000000,0.493245500000,1.01360149184955,1.01360149184955,1.01360149184955,0E-17,ELIGIBLE,R03b_20260811_FULL_v1,L1_ELIGIBILITY,v2026-08-11,2026-03-21..2026-08-06,baccarat_bet02_101_all_pairs_incl_sentinel,round_win = game_pnl > 0 (decisive only),COMPATIBILITY_ONLY_NOT_PRODUCTION,314925.9281,284751.5471,6629.9115,528,414,-0.02105229,,-0.02105229,-0.02105229,-6629.9115,314925.9281,OK,0.0000,265.1965,4.0000,96.0000,AG03-UNRESOLVED,ALL5_LEVELS_bet23_to_bet27,265.1965,265.1965,265.1965,530.3929,530.3929,4.000000,4.000000,4.000000,8.000000,8.000000,96.000000,96.000000,96.000000,92.000000,92.000000,5.0,1856.3752,1665.1649,4773.5363,4964.7466,PENDING_AG03,FALSE,NOT_FOR_ENFORCEMENT,6364.7150,273361.4852,6629.9115,6364.7150,265.1965,0.02105229,0.02021020,265.1965,6364.7150,0.02021020,265.1965,265.1965,265.1965,530.3929,530.3929,6364.7150,0.02021020,1856.3752,1665.1649,4773.5363,4964.7466,0.01515765,0.01576481,0.00084209,596.4506,687.8057,16.0143,441.9941,78.9275,20995.0619,27.6000,,596.4506,105.4118,210.8237,1054.1184,1264.9421,2108.2368,4216.4736,210.8237,-105.4118,10.0,20.0,2.829144,18,68,22,8,0E-8,0.02105229,,0E-8,0.000000,0.904186,0.000000,,2026-03-24,2026-04-12,15,84,66,20,0.750000,,,0.000000,,,,,,,,GLOBAL_BASELINE_NO_ENTITY_RANKING,,,NOT_APPLICABLE_GLOBAL_BASELINE,HF9g-P5,,,,X 全窗基线 · 不参与实体赏罚,14190382,1420,A168_HF9F_20260827_0900,2026-08-27 09:00:00
2026-04-03,147748547,1382,0,4427.2974511416,3562.9203297282,3562.9203297282,0.6000000,6,5,0.41079233000000000,0.410792330000,0.8599602571237526,0.8599602571237528,0.8599602571237526,0E-17,ELIGIBLE,R03b_20260811_FULL_v1,L1_ELIGIBILITY,v2026-08-11,2026-03-21..2026-08-06,baccarat_bet02_101_all_pairs_incl_sentinel,round_win = game_pnl > 0 (decisive only),COMPATIBILITY_ONLY_NOT_PRODUCTION,314925.9281,284751.5471,6629.9115,528,414,-0.02105229,,-0.02105229,-0.02105229,-6629.9115,314925.9281,OK,0.0000,265.1965,4.0000,96.0000,AG03-UNRESOLVED,ALL5_LEVELS_bet23_to_bet27,265.1965,265.1965,265.1965,530.3929,530.3929,4.000000,4.000000,4.000000,8.000000,8.000000,96.000000,96.000000,96.000000,92.000000,92.000000,5.0,1856.3752,1665.1649,4773.5363,4964.7466,PENDING_AG03,FALSE,NOT_FOR_ENFORCEMENT,6364.7150,273361.4852,6629.9115,6364.7150,265.1965,0.02105229,0.02021020,265.1965,6364.7150,0.02021020,265.1965,265.1965,265.1965,530.3929,530.3929,6364.7150,0.02021020,1856.3752,1665.1649,4773.5363,4964.7466,0.01515765,0.01576481,0.00084209,596.4506,687.8057,16.0143,441.9941,78.9275,20995.0619,27.6000,,596.4506,105.4118,210.8237,1054.1184,1264.9421,2108.2368,4216.4736,210.8237,-105.4118,10.0,20.0,2.829144,18,68,22,8,0E-8,0.02105229,,0E-8,0.000000,0.904186,0.000000,,2026-03-24,2026-04-12,15,84,66,20,0.750000,,,0.000000,,,,,,,,GLOBAL_BASELINE_NO_ENTITY_RANKING,,,NOT_APPLICABLE_GLOBAL_BASELINE,HF9g-P5,,,,X 全窗基线 · 不参与实体赏罚,14190383,1420,A168_HF9F_20260827_0900,2026-08-27 09:00:00
2026-04-03,147748547,1935,0,1264.9421288976,-1264.9421288976,-1264.9421288976,0E-7,2,2,0.49994810000000000,0.499948100000,-1.4140667746232096,-1.4140667746232096,-1.4140667746232096,0E-17,ELIGIBLE,R03b_20260811_FULL_v1,L1_ELIGIBILITY,v2026-08-11,2026-03-21..2026-08-06,baccarat_bet02_101_all_pairs_incl_sentinel,round_win = game_pnl > 0 (decisive only),COMPATIBILITY_ONLY_NOT_PRODUCTION,314925.9281,284751.5471,6629.9115,528,414,-0.02105229,,-0.02105229,-0.02105229,-6629.9115,314925.9281,OK,0.0000,265.1965,4.0000,96.0000,AG03-UNRESOLVED,ALL5_LEVELS_bet23_to_bet27,265.1965,265.1965,265.1965,530.3929,530.3929,4.000000,4.000000,4.000000,8.000000,8.000000,96.000000,96.000000,96.000000,92.000000,92.000000,5.0,1856.3752,1665.1649,4773.5363,4964.7466,PENDING_AG03,FALSE,NOT_FOR_ENFORCEMENT,6364.7150,273361.4852,6629.9115,6364.7150,265.1965,0.02105229,0.02021020,265.1965,6364.7150,0.02021020,265.1965,265.1965,265.1965,530.3929,530.3929,6364.7150,0.02021020,1856.3752,1665.1649,4773.5363,4964.7466,0.01515765,0.01576481,0.00084209,596.4506,687.8057,16.0143,441.9941,78.9275,20995.0619,27.6000,,596.4506,105.4118,210.8237,1054.1184,1264.9421,2108.2368,4216.4736,210.8237,-105.4118,10.0,20.0,2.829144,18,68,22,8,0E-8,0.02105229,,0E-8,0.000000,0.904186,0.000000,,2026-03-24,2026-04-12,15,84,66,20,0.750000,,,0.000000,,,,,,,,GLOBAL_BASELINE_NO_ENTITY_RANKING,,,NOT_APPLICABLE_GLOBAL_BASELINE,HF9g-P5,,,,X 全窗基线 · 不参与实体赏罚,14190384,1420,A168_HF9F_20260827_0900,2026-08-27 09:00:00
2026-04-03,147748547,1990,0,2529.8842577952,-421.6473762992,-421.6473762992,0.2000000,5,5,0.24332652000000000,0.243326520000,-0.2257822678348412,-0.2257822678348412,-0.2257822678348412,0E-17,ELIGIBLE,R03b_20260811_FULL_v1,L1_ELIGIBILITY,v2026-08-11,2026-03-21..2026-08-06,baccarat_bet02_101_all_pairs_incl_sentinel,round_win = game_pnl > 0 (decisive only),COMPATIBILITY_ONLY_NOT_PRODUCTION,314925.9281,284751.5471,6629.9115,528,414,-0.02105229,,-0.02105229,-0.02105229,-6629.9115,314925.9281,OK,0.0000,265.1965,4.0000,96.0000,AG03-UNRESOLVED,ALL5_LEVELS_bet23_to_bet27,265.1965,265.1965,265.1965,530.3929,530.3929,4.000000,4.000000,4.000000,8.000000,8.000000,96.000000,96.000000,96.000000,92.000000,92.000000,5.0,1856.3752,1665.1649,4773.5363,4964.7466,PENDING_AG03,FALSE,NOT_FOR_ENFORCEMENT,6364.7150,273361.4852,6629.9115,6364.7150,265.1965,0.02105229,0.02021020,265.1965,6364.7150,0.02021020,265.1965,265.1965,265.1965,530.3929,530.3929,6364.7150,0.02021020,1856.3752,1665.1649,4773.5363,4964.7466,0.01515765,0.01576481,0.00084209,596.4506,687.8057,16.0143,441.9941,78.9275,20995.0619,27.6000,,596.4506,105.4118,210.8237,1054.1184,1264.9421,2108.2368,4216.4736,210.8237,-105.4118,10.0,20.0,2.829144,18,68,22,8,0E-8,0.02105229,,0E-8,0.000000,0.904186,0.000000,,2026-03-24,2026-04-12,15,84,66,20,0.750000,,,0.000000,,,,,,,,GLOBAL_BASELINE_NO_ENTITY_RANKING,,,NOT_APPLICABLE_GLOBAL_BASELINE,HF9g-P5,,,,X 全窗基线 · 不参与实体赏罚,14190385,1420,A168_HF9F_20260827_0900,2026-08-27 09:00:00
2026-04-04,147748547,1383,0,843.9272236629,-843.9272236629,-843.9272236629,0E-7,2,2,0.49994810000000000,0.499948100000,-1.4140667746232096,-1.4140667746232096,-1.4140667746232096,0E-17,ELIGIBLE,R03b_20260811_FULL_v1,L1_ELIGIBILITY,v2026-08-11,2026-03-21..2026-08-06,baccarat_bet02_101_all_pairs_incl_sentinel,round_win = game_pnl > 0 (decisive only),COMPATIBILITY_ONLY_NOT_PRODUCTION,314925.9281,284751.5471,6629.9115,528,414,-0.02105229,,-0.02105229,-0.02105229,-6629.9115,314925.9281,OK,0.0000,265.1965,4.0000,96.0000,AG03-UNRESOLVED,ALL5_LEVELS_bet23_to_bet27,265.1965,265.1965,265.1965,530.3929,530.3929,4.000000,4.000000,4.000000,8.000000,8.000000,96.000000,96.000000,96.000000,92.000000,92.000000,5.0,1856.3752,1665.1649,4773.5363,4964.7466,PENDING_AG03,FALSE,NOT_FOR_ENFORCEMENT,6364.7150,273361.4852,6629.9115,6364.7150,265.1965,0.02105229,0.02021020,265.1965,6364.7150,0.02021020,265.1965,265.1965,265.1965,530.3929,530.3929,6364.7150,0.02021020,1856.3752,1665.1649,4773.5363,4964.7466,0.01515765,0.01576481,0.00084209,596.4506,687.8057,16.0143,441.9941,78.9275,20995.0619,27.6000,,596.4506,105.4118,210.8237,1054.1184,1264.9421,2108.2368,4216.4736,210.8237,-105.4118,10.0,20.0,2.829144,18,68,22,8,0E-8,0.02105229,,0E-8,0.000000,0.904186,0.000000,,2026-03-24,2026-04-12,15,84,66,20,0.750000,,,0.000000,,,,,,,,GLOBAL_BASELINE_NO_ENTITY_RANKING,,,NOT_APPLICABLE_GLOBAL_BASELINE,HF9g-P5,,,,X 全窗基线 · 不参与实体赏罚,14190386,1420,A168_HF9F_20260827_0900,2026-08-27 09:00:00
2026-04-06,147748547,1401,0,6.9571817089,-6.9571817089,-6.9571817089,0E-7,1,1,0.50665070000000000,0.506650700000,-1.013391052207602,-1.013391052207602,-1.013391052207602,0E-17,ELIGIBLE,R03b_20260811_FULL_v1,L1_ELIGIBILITY,v2026-08-11,2026-03-21..2026-08-06,baccarat_bet02_101_all_pairs_incl_sentinel,round_win = game_pnl > 0 (decisive only),COMPATIBILITY_ONLY_NOT_PRODUCTION,314925.9281,284751.5471,6629.9115,528,414,-0.02105229,,-0.02105229,-0.02105229,-6629.9115,314925.9281,OK,0.0000,265.1965,4.0000,96.0000,AG03-UNRESOLVED,ALL5_LEVELS_bet23_to_bet27,265.1965,265.1965,265.1965,530.3929,530.3929,4.000000,4.000000,4.000000,8.000000,8.000000,96.000000,96.000000,96.000000,92.000000,92.000000,5.0,1856.3752,1665.1649,4773.5363,4964.7466,PENDING_AG03,FALSE,NOT_FOR_ENFORCEMENT,6364.7150,273361.4852,6629.9115,6364.7150,265.1965,0.02105229,0.02021020,265.1965,6364.7150,0.02021020,265.1965,265.1965,265.1965,530.3929,530.3929,6364.7150,0.02021020,1856.3752,1665.1649,4773.5363,4964.7466,0.01515765,0.01576481,0.00084209,596.4506,687.8057,16.0143,441.9941,78.9275,20995.0619,27.6000,,596.4506,105.4118,210.8237,1054.1184,1264.9421,2108.2368,4216.4736,210.8237,-105.4118,10.0,20.0,2.829144,18,68,22,8,0E-8,0.02105229,,0E-8,0.000000,0.904186,0.000000,,2026-03-24,2026-04-12,15,84,66,20,0.750000,,,0.000000,,,,,,,,GLOBAL_BASELINE_NO_ENTITY_RANKING,,,NOT_APPLICABLE_GLOBAL_BASELINE,HF9g-P5,,,,X 全窗基线 · 不参与实体赏罚,14190387,1420,A168_HF9F_20260827_0900,2026-08-27 09:00:00
2026-04-06,147748547,1941,0,63.2471064449,-63.2471064449,-63.2471064449,0E-7,1,1,0.49324550000000000,0.493245500000,-0.9865810262130424,-0.9865810262130424,-0.9865810262130424,0E-17,ELIGIBLE,R03b_20260811_FULL_v1,L1_ELIGIBILITY,v2026-08-11,2026-03-21..2026-08-06,baccarat_bet02_101_all_pairs_incl_sentinel,round_win = game_pnl > 0 (decisive only),COMPATIBILITY_ONLY_NOT_PRODUCTION,314925.9281,284751.5471,6629.9115,528,414,-0.02105229,,-0.02105229,-0.02105229,-6629.9115,314925.9281,OK,0.0000,265.1965,4.0000,96.0000,AG03-UNRESOLVED,ALL5_LEVELS_bet23_to_bet27,265.1965,265.1965,265.1965,530.3929,530.3929,4.000000,4.000000,4.000000,8.000000,8.000000,96.000000,96.000000,96.000000,92.000000,92.000000,5.0,1856.3752,1665.1649,4773.5363,4964.7466,PENDING_AG03,FALSE,NOT_FOR_ENFORCEMENT,6364.7150,273361.4852,6629.9115,6364.7150,265.1965,0.02105229,0.02021020,265.1965,6364.7150,0.02021020,265.1965,265.1965,265.1965,530.3929,530.3929,6364.7150,0.02021020,1856.3752,1665.1649,4773.5363,4964.7466,0.01515765,0.01576481,0.00084209,596.4506,687.8057,16.0143,441.9941,78.9275,20995.0619,27.6000,,596.4506,105.4118,210.8237,1054.1184,1264.9421,2108.2368,4216.4736,210.8237,-105.4118,10.0,20.0,2.829144,18,68,22,8,0E-8,0.02105229,,0E-8,0.000000,0.904186,0.000000,,2026-03-24,2026-04-12,15,84,66,20,0.750000,,,0.000000,,,,,,,,GLOBAL_BASELINE_NO_ENTITY_RANKING,,,NOT_APPLICABLE_GLOBAL_BASELINE,HF9g-P5,,,,X 全窗基线 · 不参与实体赏罚,14190388,1420,A168_HF9F_20260827_0900,2026-08-27 09:00:00
2026-04-07,147748547,1353,0,2118.7780659035,-2118.7780659035,-2118.7780659035,0E-7,2,2,0.50665070000000000,0.506650700000,-1.4331513700195317,-1.4331513700195317,-1.4331513700195317,0E-17,ELIGIBLE,R03b_20260811_FULL_v1,L1_ELIGIBILITY,v2026-08-11,2026-03-21..2026-08-06,baccarat_bet02_101_all_pairs_incl_sentinel,round_win = game_pnl > 0 (decisive only),COMPATIBILITY_ONLY_NOT_PRODUCTION,314925.9281,284751.5471,6629.9115,528,414,-0.02105229,,-0.02105229,-0.02105229,-6629.9115,314925.9281,OK,0.0000,265.1965,4.0000,96.0000,AG03-UNRESOLVED,ALL5_LEVELS_bet23_to_bet27,265.1965,265.1965,265.1965,530.3929,530.3929,4.000000,4.000000,4.000000,8.000000,8.000000,96.000000,96.000000,96.000000,92.000000,92.000000,5.0,1856.3752,1665.1649,4773.5363,4964.7466,PENDING_AG03,FALSE,NOT_FOR_ENFORCEMENT,6364.7150,273361.4852,6629.9115,6364.7150,265.1965,0.02105229,0.02021020,265.1965,6364.7150,0.02021020,265.1965,265.1965,265.1965,530.3929,530.3929,6364.7150,0.02021020,1856.3752,1665.1649,4773.5363,4964.7466,0.01515765,0.01576481,0.00084209,596.4506,687.8057,16.0143,441.9941,78.9275,20995.0619,27.6000,,596.4506,105.4118,210.8237,1054.1184,1264.9421,2108.2368,4216.4736,210.8237,-105.4118,10.0,20.0,2.829144,18,68,22,8,0E-8,0.02105229,,0E-8,0.000000,0.904186,0.000000,,2026-03-24,2026-04-12,15,84,66,20,0.750000,,,0.000000,,,,,,,,GLOBAL_BASELINE_NO_ENTITY_RANKING,,,NOT_APPLICABLE_GLOBAL_BASELINE,HF9g-P5,,,,X 全窗基线 · 不参与实体赏罚,14190389,1420,A168_HF9F_20260827_0900,2026-08-27 09:00:00
2026-04-07,147748547,1710,0,5059.7685155904,1739.2954272342,1739.2954272342,0.2727273,12,12,0.21525291666666667,0.215252916667,0.46380035765353256,0.46380035765058203,0.46380035765353256,-3.3333E-13,ELIGIBLE,R03b_20260811_FULL_v1,L1_ELIGIBILITY,v2026-08-11,2026-03-21..2026-08-06,baccarat_bet02_101_all_pairs_incl_sentinel,round_win = game_pnl > 0 (decisive only),COMPATIBILITY_ONLY_NOT_PRODUCTION,314925.9281,284751.5471,6629.9115,528,414,-0.02105229,,-0.02105229,-0.02105229,-6629.9115,314925.9281,OK,0.0000,265.1965,4.0000,96.0000,AG03-UNRESOLVED,ALL5_LEVELS_bet23_to_bet27,265.1965,265.1965,265.1965,530.3929,530.3929,4.000000,4.000000,4.000000,8.000000,8.000000,96.000000,96.000000,96.000000,92.000000,92.000000,5.0,1856.3752,1665.1649,4773.5363,4964.7466,PENDING_AG03,FALSE,NOT_FOR_ENFORCEMENT,6364.7150,273361.4852,6629.9115,6364.7150,265.1965,0.02105229,0.02021020,265.1965,6364.7150,0.02021020,265.1965,265.1965,265.1965,530.3929,530.3929,6364.7150,0.02021020,1856.3752,1665.1649,4773.5363,4964.7466,0.01515765,0.01576481,0.00084209,596.4506,687.8057,16.0143,441.9941,78.9275,20995.0619,27.6000,,596.4506,105.4118,210.8237,1054.1184,1264.9421,2108.2368,4216.4736,210.8237,-105.4118,10.0,20.0,2.829144,18,68,22,8,0E-8,0.02105229,,0E-8,0.000000,0.904186,0.000000,,2026-03-24,2026-04-12,15,84,66,20,0.750000,,,0.000000,,,,,,,,GLOBAL_BASELINE_NO_ENTITY_RANKING,,,NOT_APPLICABLE_GLOBAL_BASELINE,HF9g-P5,,,,X 全窗基线 · 不参与实体赏罚,14190390,1420,A168_HF9F_20260827_0900,2026-08-27 09:00:00
2026-04-07,147748547,1994,0,421.6473762992,-210.8236881496,-210.8236881496,0E-7,4,2,0.17749547500000000,0.177495475000,-0.4645414754180712,-0.4645414754180712,-0.4645414754180712,0E-17,ELIGIBLE,R03b_20260811_FULL_v1,L1_ELIGIBILITY,v2026-08-11,2026-03-21..2026-08-06,baccarat_bet02_101_all_pairs_incl_sentinel,round_win = game_pnl > 0 (decisive only),COMPATIBILITY_ONLY_NOT_PRODUCTION,314925.9281,284751.5471,6629.9115,528,414,-0.02105229,,-0.02105229,-0.02105229,-6629.9115,314925.9281,OK,0.0000,265.1965,4.0000,96.0000,AG03-UNRESOLVED,ALL5_LEVELS_bet23_to_bet27,265.1965,265.1965,265.1965,530.3929,530.3929,4.000000,4.000000,4.000000,8.000000,8.000000,96.000000,96.000000,96.000000,92.000000,92.000000,5.0,1856.3752,1665.1649,4773.5363,4964.7466,PENDING_AG03,FALSE,NOT_FOR_ENFORCEMENT,6364.7150,273361.4852,6629.9115,6364.7150,265.1965,0.02105229,0.02021020,265.1965,6364.7150,0.02021020,265.1965,265.1965,265.1965,530.3929,530.3929,6364.7150,0.02021020,1856.3752,1665.1649,4773.5363,4964.7466,0.01515765,0.01576481,0.00084209,596.4506,687.8057,16.0143,441.9941,78.9275,20995.0619,27.6000,,596.4506,105.4118,210.8237,1054.1184,1264.9421,2108.2368,4216.4736,210.8237,-105.4118,10.0,20.0,2.829144,18,68,22,8,0E-8,0.02105229,,0E-8,0.000000,0.904186,0.000000,,2026-03-24,2026-04-12,15,84,66,20,0.750000,,,0.000000,,,,,,,,GLOBAL_BASELINE_NO_ENTITY_RANKING,,,NOT_APPLICABLE_GLOBAL_BASELINE,HF9g-P5,,,,X 全窗基线 · 不参与实体赏罚,14190391,1420,A168_HF9F_20260827_0900,2026-08-27 09:00:00
2026-04-07,147748547,2170,0,3162.3553222440,1834.1660869015,1834.1660869015,0.7500000,4,4,0.49994810000000000,0.499948100000,1.0002076053883384,1.0002076053883384,1.0002076053883384,0E-17,ELIGIBLE,R03b_20260811_FULL_v1,L1_ELIGIBILITY,v2026-08-11,2026-03-21..2026-08-06,baccarat_bet02_101_all_pairs_incl_sentinel,round_win = game_pnl > 0 (decisive only),COMPATIBILITY_ONLY_NOT_PRODUCTION,314925.9281,284751.5471,6629.9115,528,414,-0.02105229,,-0.02105229,-0.02105229,-6629.9115,314925.9281,OK,0.0000,265.1965,4.0000,96.0000,AG03-UNRESOLVED,ALL5_LEVELS_bet23_to_bet27,265.1965,265.1965,265.1965,530.3929,530.3929,4.000000,4.000000,4.000000,8.000000,8.000000,96.000000,96.000000,96.000000,92.000000,92.000000,5.0,1856.3752,1665.1649,4773.5363,4964.7466,PENDING_AG03,FALSE,NOT_FOR_ENFORCEMENT,6364.7150,273361.4852,6629.9115,6364.7150,265.1965,0.02105229,0.02021020,265.1965,6364.7150,0.02021020,265.1965,265.1965,265.1965,530.3929,530.3929,6364.7150,0.02021020,1856.3752,1665.1649,4773.5363,4964.7466,0.01515765,0.01576481,0.00084209,596.4506,687.8057,16.0143,441.9941,78.9275,20995.0619,27.6000,,596.4506,105.4118,210.8237,1054.1184,1264.9421,2108.2368,4216.4736,210.8237,-105.4118,10.0,20.0,2.829144,18,68,22,8,0E-8,0.02105229,,0E-8,0.000000,0.904186,0.000000,,2026-03-24,2026-04-12,15,84,66,20,0.750000,,,0.000000,,,,,,,,GLOBAL_BASELINE_NO_ENTITY_RANKING,,,NOT_APPLICABLE_GLOBAL_BASELINE,HF9g-P5,,,,X 全窗基线 · 不参与实体赏罚,14190392,1420,A168_HF9F_20260827_0900,2026-08-27 09:00:00
2026-04-07,147748547,2235,0,3584.0026985432,2297.9782008306,2297.9782008306,0.5714286,10,7,0.29962594220779221,0.257925521429,1.5698130731438307,1.8959194586789696,1.5698130731438307,0.04170042077879221,ELIGIBLE,R03b_20260811_FULL_v1,L1_ELIGIBILITY,v2026-08-11,2026-03-21..2026-08-06,baccarat_bet02_101_all_pairs_incl_sentinel,round_win = game_pnl > 0 (decisive only),COMPATIBILITY_ONLY_NOT_PRODUCTION,314925.9281,284751.5471,6629.9115,528,414,-0.02105229,,-0.02105229,-0.02105229,-6629.9115,314925.9281,OK,0.0000,265.1965,4.0000,96.0000,AG03-UNRESOLVED,ALL5_LEVELS_bet23_to_bet27,265.1965,265.1965,265.1965,530.3929,530.3929,4.000000,4.000000,4.000000,8.000000,8.000000,96.000000,96.000000,96.000000,92.000000,92.000000,5.0,1856.3752,1665.1649,4773.5363,4964.7466,PENDING_AG03,FALSE,NOT_FOR_ENFORCEMENT,6364.7150,273361.4852,6629.9115,6364.7150,265.1965,0.02105229,0.02021020,265.1965,6364.7150,0.02021020,265.1965,265.1965,265.1965,530.3929,530.3929,6364.7150,0.02021020,1856.3752,1665.1649,4773.5363,4964.7466,0.01515765,0.01576481,0.00084209,596.4506,687.8057,16.0143,441.9941,78.9275,20995.0619,27.6000,,596.4506,105.4118,210.8237,1054.1184,1264.9421,2108.2368,4216.4736,210.8237,-105.4118,10.0,20.0,2.829144,18,68,22,8,0E-8,0.02105229,,0E-8,0.000000,0.904186,0.000000,,2026-03-24,2026-04-12,15,84,66,20,0.750000,,,0.000000,,,,,,,,GLOBAL_BASELINE_NO_ENTITY_RANKING,,,NOT_APPLICABLE_GLOBAL_BASELINE,HF9g-P5,,,,X 全窗基线 · 不参与实体赏罚,14190393,1420,A168_HF9F_20260827_0900,2026-08-27 09:00:00
2026-04-07,147748547,2246,0,6799.0639428245,980.3301498958,980.3301498958,0.3846154,21,13,0.39004547535188562,0.330271517949,-0.04013954193136895,0.41661726782755054,-0.04013954193136895,0.05977395740288562,ELIGIBLE,R03b_20260811_FULL_v1,L1_ELIGIBILITY,v2026-08-11,2026-03-21..2026-08-06,baccarat_bet02_101_all_pairs_incl_sentinel,round_win = game_pnl > 0 (decisive only),COMPATIBILITY_ONLY_NOT_PRODUCTION,314925.9281,284751.5471,6629.9115,528,414,-0.02105229,,-0.02105229,-0.02105229,-6629.9115,314925.9281,OK,0.0000,265.1965,4.0000,96.0000,AG03-UNRESOLVED,ALL5_LEVELS_bet23_to_bet27,265.1965,265.1965,265.1965,530.3929,530.3929,4.000000,4.000000,4.000000,8.000000,8.000000,96.000000,96.000000,96.000000,92.000000,92.000000,5.0,1856.3752,1665.1649,4773.5363,4964.7466,PENDING_AG03,FALSE,NOT_FOR_ENFORCEMENT,6364.7150,273361.4852,6629.9115,6364.7150,265.1965,0.02105229,0.02021020,265.1965,6364.7150,0.02021020,265.1965,265.1965,265.1965,530.3929,530.3929,6364.7150,0.02021020,1856.3752,1665.1649,4773.5363,4964.7466,0.01515765,0.01576481,0.00084209,596.4506,687.8057,16.0143,441.9941,78.9275,20995.0619,27.6000,,596.4506,105.4118,210.8237,1054.1184,1264.9421,2108.2368,4216.4736,210.8237,-105.4118,10.0,20.0,2.829144,18,68,22,8,0E-8,0.02105229,,0E-8,0.000000,0.904186,0.000000,,2026-03-24,2026-04-12,15,84,66,20,0.750000,,,0.000000,,,,,,,,GLOBAL_BASELINE_NO_ENTITY_RANKING,,,NOT_APPLICABLE_GLOBAL_BASELINE,HF9g-P5,,,,X 全窗基线 · 不参与实体赏罚,14190394,1420,A168_HF9F_20260827_0900,2026-08-27 09:00:00
2026-04-08,147748547,2123,0,632.4710644488,632.4710644488,632.4710644488,1.0000000,1,1,0.49324550000000000,0.493245500000,1.01360149184955,1.01360149184955,1.01360149184955,0E-17,ELIGIBLE,R03b_20260811_FULL_v1,L1_ELIGIBILITY,v2026-08-11,2026-03-21..2026-08-06,baccarat_bet02_101_all_pairs_incl_sentinel,round_win = game_pnl > 0 (decisive only),COMPATIBILITY_ONLY_NOT_PRODUCTION,314925.9281,284751.5471,6629.9115,528,414,-0.02105229,,-0.02105229,-0.02105229,-6629.9115,314925.9281,OK,0.0000,265.1965,4.0000,96.0000,AG03-UNRESOLVED,ALL5_LEVELS_bet23_to_bet27,265.1965,265.1965,265.1965,530.3929,530.3929,4.000000,4.000000,4.000000,8.000000,8.000000,96.000000,96.000000,96.000000,92.000000,92.000000,5.0,1856.3752,1665.1649,4773.5363,4964.7466,PENDING_AG03,FALSE,NOT_FOR_ENFORCEMENT,6364.7150,273361.4852,6629.9115,6364.7150,265.1965,0.02105229,0.02021020,265.1965,6364.7150,0.02021020,265.1965,265.1965,265.1965,530.3929,530.3929,6364.7150,0.02021020,1856.3752,1665.1649,4773.5363,4964.7466,0.01515765,0.01576481,0.00084209,596.4506,687.8057,16.0143,441.9941,78.9275,20995.0619,27.6000,,596.4506,105.4118,210.8237,1054.1184,1264.9421,2108.2368,4216.4736,210.8237,-105.4118,10.0,20.0,2.829144,18,68,22,8,0E-8,0.02105229,,0E-8,0.000000,0.904186,0.000000,,2026-03-24,2026-04-12,15,84,66,20,0.750000,,,0.000000,,,,,,,,GLOBAL_BASELINE_NO_ENTITY_RANKING,,,NOT_APPLICABLE_GLOBAL_BASELINE,HF9g-P5,,,,X 全窗基线 · 不参与实体赏罚,14190395,1420,A168_HF9F_20260827_0900,2026-08-27 09:00:00
2026-04-08,147748547,970,0,1475.7658170472,579.7651424114,579.7651424114,0.5000000,2,2,0.50665070000000000,0.506650700000,-0.018812684590367487,-0.018812684590367487,-0.018812684590367487,0E-17,ELIGIBLE,R03b_20260811_FULL_v1,L1_ELIGIBILITY,v2026-08-11,2026-03-21..2026-08-06,baccarat_bet02_101_all_pairs_incl_sentinel,round_win = game_pnl > 0 (decisive only),COMPATIBILITY_ONLY_NOT_PRODUCTION,314925.9281,284751.5471,6629.9115,528,414,-0.02105229,,-0.02105229,-0.02105229,-6629.9115,314925.9281,OK,0.0000,265.1965,4.0000,96.0000,AG03-UNRESOLVED,ALL5_LEVELS_bet23_to_bet27,265.1965,265.1965,265.1965,530.3929,530.3929,4.000000,4.000000,4.000000,8.000000,8.000000,96.000000,96.000000,96.000000,92.000000,92.000000,5.0,1856.3752,1665.1649,4773.5363,4964.7466,PENDING_AG03,FALSE,NOT_FOR_ENFORCEMENT,6364.7150,273361.4852,6629.9115,6364.7150,265.1965,0.02105229,0.02021020,265.1965,6364.7150,0.02021020,265.1965,265.1965,265.1965,530.3929,530.3929,6364.7150,0.02021020,1856.3752,1665.1649,4773.5363,4964.7466,0.01515765,0.01576481,0.00084209,596.4506,687.8057,16.0143,441.9941,78.9275,20995.0619,27.6000,,596.4506,105.4118,210.8237,1054.1184,1264.9421,2108.2368,4216.4736,210.8237,-105.4118,10.0,20.0,2.829144,18,68,22,8,0E-8,0.02105229,,0E-8,0.000000,0.904186,0.000000,,2026-03-24,2026-04-12,15,84,66,20,0.750000,,,0.000000,,,,,,,,GLOBAL_BASELINE_NO_ENTITY_RANKING,,,NOT_APPLICABLE_GLOBAL_BASELINE,HF9g-P5,,,,X 全窗基线 · 不参与实体赏罚,14190396,1420,A168_HF9F_20260827_0900,2026-08-27 09:00:00
2026-04-10,147748547,1401,0,7273.4172411612,-948.7065966732,-948.7065966732,0E-7,7,4,0.27323765719696970,0.232304025000,-1.0620248913634187,-0.952783796831677,-1.0620248913634187,0.04093363219696970,ELIGIBLE,R03b_20260811_FULL_v1,L1_ELIGIBILITY,v2026-08-11,2026-03-21..2026-08-06,baccarat_bet02_101_all_pairs_incl_sentinel,round_win = game_pnl > 0 (decisive only),COMPATIBILITY_ONLY_NOT_PRODUCTION,314925.9281,284751.5471,6629.9115,528,414,-0.02105229,,-0.02105229,-0.02105229,-6629.9115,314925.9281,OK,0.0000,265.1965,4.0000,96.0000,AG03-UNRESOLVED,ALL5_LEVELS_bet23_to_bet27,265.1965,265.1965,265.1965,530.3929,530.3929,4.000000,4.000000,4.000000,8.000000,8.000000,96.000000,96.000000,96.000000,92.000000,92.000000,5.0,1856.3752,1665.1649,4773.5363,4964.7466,PENDING_AG03,FALSE,NOT_FOR_ENFORCEMENT,6364.7150,273361.4852,6629.9115,6364.7150,265.1965,0.02105229,0.02021020,265.1965,6364.7150,0.02021020,265.1965,265.1965,265.1965,530.3929,530.3929,6364.7150,0.02021020,1856.3752,1665.1649,4773.5363,4964.7466,0.01515765,0.01576481,0.00084209,596.4506,687.8057,16.0143,441.9941,78.9275,20995.0619,27.6000,,596.4506,105.4118,210.8237,1054.1184,1264.9421,2108.2368,4216.4736,210.8237,-105.4118,10.0,20.0,2.829144,18,68,22,8,0E-8,0.02105229,,0E-8,0.000000,0.904186,0.000000,,2026-03-24,2026-04-12,15,84,66,20,0.750000,,,0.000000,,,,,,,,GLOBAL_BASELINE_NO_ENTITY_RANKING,,,NOT_APPLICABLE_GLOBAL_BASELINE,HF9g-P5,,,,X 全窗基线 · 不参与实体赏罚,14190397,1420,A168_HF9F_20260827_0900,2026-08-27 09:00:00
2026-04-10,147748547,1645,0,7800.4764615352,2108.2368814960,2108.2368814960,0.4000000,10,10,0.28498216000000000,0.284982160000,0.8057455796073796,0.8057455796073796,0.8057455796073796,0E-17,ELIGIBLE,R03b_20260811_FULL_v1,L1_ELIGIBILITY,v2026-08-11,2026-03-21..2026-08-06,baccarat_bet02_101_all_pairs_incl_sentinel,round_win = game_pnl > 0 (decisive only),COMPATIBILITY_ONLY_NOT_PRODUCTION,314925.9281,284751.5471,6629.9115,528,414,-0.02105229,,-0.02105229,-0.02105229,-6629.9115,314925.9281,OK,0.0000,265.1965,4.0000,96.0000,AG03-UNRESOLVED,ALL5_LEVELS_bet23_to_bet27,265.1965,265.1965,265.1965,530.3929,530.3929,4.000000,4.000000,4.000000,8.000000,8.000000,96.000000,96.000000,96.000000,92.000000,92.000000,5.0,1856.3752,1665.1649,4773.5363,4964.7466,PENDING_AG03,FALSE,NOT_FOR_ENFORCEMENT,6364.7150,273361.4852,6629.9115,6364.7150,265.1965,0.02105229,0.02021020,265.1965,6364.7150,0.02021020,265.1965,265.1965,265.1965,530.3929,530.3929,6364.7150,0.02021020,1856.3752,1665.1649,4773.5363,4964.7466,0.01515765,0.01576481,0.00084209,596.4506,687.8057,16.0143,441.9941,78.9275,20995.0619,27.6000,,596.4506,105.4118,210.8237,1054.1184,1264.9421,2108.2368,4216.4736,210.8237,-105.4118,10.0,20.0,2.829144,18,68,22,8,0E-8,0.02105229,,0E-8,0.000000,0.904186,0.000000,,2026-03-24,2026-04-12,15,84,66,20,0.750000,,,0.000000,,,,,,,,GLOBAL_BASELINE_NO_ENTITY_RANKING,,,NOT_APPLICABLE_GLOBAL_BASELINE,HF9g-P5,,,,X 全窗基线 · 不参与实体赏罚,14190398,1420,A168_HF9F_20260827_0900,2026-08-27 09:00:00
2026-04-10,147748547,1942,0,8369.7004195391,-1728.7542428267,-1728.7542428267,0.2500000,13,12,0.30886536388888889,0.303147891667,-0.44135141403578576,-0.4005706073071462,-0.44135141403578576,0.00571747222188889,ELIGIBLE,R03b_20260811_FULL_v1,L1_ELIGIBILITY,v2026-08-11,2026-03-21..2026-08-06,baccarat_bet02_101_all_pairs_incl_sentinel,round_win = game_pnl > 0 (decisive only),COMPATIBILITY_ONLY_NOT_PRODUCTION,314925.9281,284751.5471,6629.9115,528,414,-0.02105229,,-0.02105229,-0.02105229,-6629.9115,314925.9281,OK,0.0000,265.1965,4.0000,96.0000,AG03-UNRESOLVED,ALL5_LEVELS_bet23_to_bet27,265.1965,265.1965,265.1965,530.3929,530.3929,4.000000,4.000000,4.000000,8.000000,8.000000,96.000000,96.000000,96.000000,92.000000,92.000000,5.0,1856.3752,1665.1649,4773.5363,4964.7466,PENDING_AG03,FALSE,NOT_FOR_ENFORCEMENT,6364.7150,273361.4852,6629.9115,6364.7150,265.1965,0.02105229,0.02021020,265.1965,6364.7150,0.02021020,265.1965,265.1965,265.1965,530.3929,530.3929,6364.7150,0.02021020,1856.3752,1665.1649,4773.5363,4964.7466,0.01515765,0.01576481,0.00084209,596.4506,687.8057,16.0143,441.9941,78.9275,20995.0619,27.6000,,596.4506,105.4118,210.8237,1054.1184,1264.9421,2108.2368,4216.4736,210.8237,-105.4118,10.0,20.0,2.829144,18,68,22,8,0E-8,0.02105229,,0E-8,0.000000,0.904186,0.000000,,2026-03-24,2026-04-12,15,84,66,20,0.750000,,,0.000000,,,,,,,,GLOBAL_BASELINE_NO_ENTITY_RANKING,,,NOT_APPLICABLE_GLOBAL_BASELINE,HF9g-P5,,,,X 全窗基线 · 不参与实体赏罚,14190399,1420,A168_HF9F_20260827_0900,2026-08-27 09:00:00
2026-04-10,147748547,1985,0,1159.5302848228,-1159.5302848228,-1159.5302848228,0E-7,2,1,0.46546076363636364,0.280106050000,-0.9331506102118826,-0.6237735893609975,-0.9331506102118826,0.18535471363636364,ELIGIBLE,R03b_20260811_FULL_v1,L1_ELIGIBILITY,v2026-08-11,2026-03-21..2026-08-06,baccarat_bet02_101_all_pairs_incl_sentinel,round_win = game_pnl > 0 (decisive only),COMPATIBILITY_ONLY_NOT_PRODUCTION,314925.9281,284751.5471,6629.9115,528,414,-0.02105229,,-0.02105229,-0.02105229,-6629.9115,314925.9281,OK,0.0000,265.1965,4.0000,96.0000,AG03-UNRESOLVED,ALL5_LEVELS_bet23_to_bet27,265.1965,265.1965,265.1965,530.3929,530.3929,4.000000,4.000000,4.000000,8.000000,8.000000,96.000000,96.000000,96.000000,92.000000,92.000000,5.0,1856.3752,1665.1649,4773.5363,4964.7466,PENDING_AG03,FALSE,NOT_FOR_ENFORCEMENT,6364.7150,273361.4852,6629.9115,6364.7150,265.1965,0.02105229,0.02021020,265.1965,6364.7150,0.02021020,265.1965,265.1965,265.1965,530.3929,530.3929,6364.7150,0.02021020,1856.3752,1665.1649,4773.5363,4964.7466,0.01515765,0.01576481,0.00084209,596.4506,687.8057,16.0143,441.9941,78.9275,20995.0619,27.6000,,596.4506,105.4118,210.8237,1054.1184,1264.9421,2108.2368,4216.4736,210.8237,-105.4118,10.0,20.0,2.829144,18,68,22,8,0E-8,0.02105229,,0E-8,0.000000,0.904186,0.000000,,2026-03-24,2026-04-12,15,84,66,20,0.750000,,,0.000000,,,,,,,,GLOBAL_BASELINE_NO_ENTITY_RANKING,,,NOT_APPLICABLE_GLOBAL_BASELINE,HF9g-P5,,,,X 全窗基线 · 不参与实体赏罚,14190400,1420,A168_HF9F_20260827_0900,2026-08-27 09:00:00
2026-04-10,147748547,1994,0,3808.7407501106,609.2804587522,609.2804587522,0.5833333,16,12,0.41209768156960123,0.374466379167,1.2051251283390596,1.4949566951735902,1.2051251283390596,0.03763130240260123,ELIGIBLE,R03b_20260811_FULL_v1,L1_ELIGIBILITY,v2026-08-11,2026-03-21..2026-08-06,baccarat_bet02_101_all_pairs_incl_sentinel,round_win = game_pnl > 0 (decisive only),COMPATIBILITY_ONLY_NOT_PRODUCTION,314925.9281,284751.5471,6629.9115,528,414,-0.02105229,,-0.02105229,-0.02105229,-6629.9115,314925.9281,OK,0.0000,265.1965,4.0000,96.0000,AG03-UNRESOLVED,ALL5_LEVELS_bet23_to_bet27,265.1965,265.1965,265.1965,530.3929,530.3929,4.000000,4.000000,4.000000,8.000000,8.000000,96.000000,96.000000,96.000000,92.000000,92.000000,5.0,1856.3752,1665.1649,4773.5363,4964.7466,PENDING_AG03,FALSE,NOT_FOR_ENFORCEMENT,6364.7150,273361.4852,6629.9115,6364.7150,265.1965,0.02105229,0.02021020,265.1965,6364.7150,0.02021020,265.1965,265.1965,265.1965,530.3929,530.3929,6364.7150,0.02021020,1856.3752,1665.1649,4773.5363,4964.7466,0.01515765,0.01576481,0.00084209,596.4506,687.8057,16.0143,441.9941,78.9275,20995.0619,27.6000,,596.4506,105.4118,210.8237,1054.1184,1264.9421,2108.2368,4216.4736,210.8237,-105.4118,10.0,20.0,2.829144,18,68,22,8,0E-8,0.02105229,,0E-8,0.000000,0.904186,0.000000,,2026-03-24,2026-04-12,15,84,66,20,0.750000,,,0.000000,,,,,,,,GLOBAL_BASELINE_NO_ENTITY_RANKING,,,NOT_APPLICABLE_GLOBAL_BASELINE,HF9g-P5,,,,X 全窗基线 · 不参与实体赏罚,14190401,1420,A168_HF9F_20260827_0900,2026-08-27 09:00:00
2026-04-10,147748547,2101,0,4216.4737629920,-4216.4737629920,-4216.4737629920,0E-7,1,1,0.49324550000000000,0.493245500000,-0.9865810262130424,-0.9865810262130424,-0.9865810262130424,0E-17,ELIGIBLE,R03b_20260811_FULL_v1,L1_ELIGIBILITY,v2026-08-11,2026-03-21..2026-08-06,baccarat_bet02_101_all_pairs_incl_sentinel,round_win = game_pnl > 0 (decisive only),COMPATIBILITY_ONLY_NOT_PRODUCTION,314925.9281,284751.5471,6629.9115,528,414,-0.02105229,,-0.02105229,-0.02105229,-6629.9115,314925.9281,OK,0.0000,265.1965,4.0000,96.0000,AG03-UNRESOLVED,ALL5_LEVELS_bet23_to_bet27,265.1965,265.1965,265.1965,530.3929,530.3929,4.000000,4.000000,4.000000,8.000000,8.000000,96.000000,96.000000,96.000000,92.000000,92.000000,5.0,1856.3752,1665.1649,4773.5363,4964.7466,PENDING_AG03,FALSE,NOT_FOR_ENFORCEMENT,6364.7150,273361.4852,6629.9115,6364.7150,265.1965,0.02105229,0.02021020,265.1965,6364.7150,0.02021020,265.1965,265.1965,265.1965,530.3929,530.3929,6364.7150,0.02021020,1856.3752,1665.1649,4773.5363,4964.7466,0.01515765,0.01576481,0.00084209,596.4506,687.8057,16.0143,441.9941,78.9275,20995.0619,27.6000,,596.4506,105.4118,210.8237,1054.1184,1264.9421,2108.2368,4216.4736,210.8237,-105.4118,10.0,20.0,2.829144,18,68,22,8,0E-8,0.02105229,,0E-8,0.000000,0.904186,0.000000,,2026-03-24,2026-04-12,15,84,66,20,0.750000,,,0.000000,,,,,,,,GLOBAL_BASELINE_NO_ENTITY_RANKING,,,NOT_APPLICABLE_GLOBAL_BASELINE,HF9g-P5,,,,X 全窗基线 · 不参与实体赏罚,14190402,1420,A168_HF9F_20260827_0900,2026-08-27 09:00:00
2026-04-10,147748547,2152,0,7589.6527733856,-632.4710644488,-632.4710644488,0.2500000,6,4,0.45803771428571429,0.391854687500,-0.8350969873266465,-0.5811757464213846,-0.8350969873266465,0.06618302678571429,ELIGIBLE,R03b_20260811_FULL_v1,L1_ELIGIBILITY,v2026-08-11,2026-03-21..2026-08-06,baccarat_bet02_101_all_pairs_incl_sentinel,round_win = game_pnl > 0 (decisive only),COMPATIBILITY_ONLY_NOT_PRODUCTION,314925.9281,284751.5471,6629.9115,528,414,-0.02105229,,-0.02105229,-0.02105229,-6629.9115,314925.9281,OK,0.0000,265.1965,4.0000,96.0000,AG03-UNRESOLVED,ALL5_LEVELS_bet23_to_bet27,265.1965,265.1965,265.1965,530.3929,530.3929,4.000000,4.000000,4.000000,8.000000,8.000000,96.000000,96.000000,96.000000,92.000000,92.000000,5.0,1856.3752,1665.1649,4773.5363,4964.7466,PENDING_AG03,FALSE,NOT_FOR_ENFORCEMENT,6364.7150,273361.4852,6629.9115,6364.7150,265.1965,0.02105229,0.02021020,265.1965,6364.7150,0.02021020,265.1965,265.1965,265.1965,530.3929,530.3929,6364.7150,0.02021020,1856.3752,1665.1649,4773.5363,4964.7466,0.01515765,0.01576481,0.00084209,596.4506,687.8057,16.0143,441.9941,78.9275,20995.0619,27.6000,,596.4506,105.4118,210.8237,1054.1184,1264.9421,2108.2368,4216.4736,210.8237,-105.4118,10.0,20.0,2.829144,18,68,22,8,0E-8,0.02105229,,0E-8,0.000000,0.904186,0.000000,,2026-03-24,2026-04-12,15,84,66,20,0.750000,,,0.000000,,,,,,,,GLOBAL_BASELINE_NO_ENTITY_RANKING,,,NOT_APPLICABLE_GLOBAL_BASELINE,HF9g-P5,,,,X 全窗基线 · 不参与实体赏罚,14190403,1420,A168_HF9F_20260827_0900,2026-08-27 09:00:00
2026-04-10,147748547,2153,0,5270.5922037400,-1264.9421288976,-1264.9421288976,0.2727273,15,11,0.28063073587170405,0.244177545455,-0.05834050960756727,0.2204121594662062,-0.05834050960756727,0.03645319041670405,ELIGIBLE,R03b_20260811_FULL_v1,L1_ELIGIBILITY,v2026-08-11,2026-03-21..2026-08-06,baccarat_bet02_101_all_pairs_incl_sentinel,round_win = game_pnl > 0 (decisive only),COMPATIBILITY_ONLY_NOT_PRODUCTION,314925.9281,284751.5471,6629.9115,528,414,-0.02105229,,-0.02105229,-0.02105229,-6629.9115,314925.9281,OK,0.0000,265.1965,4.0000,96.0000,AG03-UNRESOLVED,ALL5_LEVELS_bet23_to_bet27,265.1965,265.1965,265.1965,530.3929,530.3929,4.000000,4.000000,4.000000,8.000000,8.000000,96.000000,96.000000,96.000000,92.000000,92.000000,5.0,1856.3752,1665.1649,4773.5363,4964.7466,PENDING_AG03,FALSE,NOT_FOR_ENFORCEMENT,6364.7150,273361.4852,6629.9115,6364.7150,265.1965,0.02105229,0.02021020,265.1965,6364.7150,0.02021020,265.1965,265.1965,265.1965,530.3929,530.3929,6364.7150,0.02021020,1856.3752,1665.1649,4773.5363,4964.7466,0.01515765,0.01576481,0.00084209,596.4506,687.8057,16.0143,441.9941,78.9275,20995.0619,27.6000,,596.4506,105.4118,210.8237,1054.1184,1264.9421,2108.2368,4216.4736,210.8237,-105.4118,10.0,20.0,2.829144,18,68,22,8,0E-8,0.02105229,,0E-8,0.000000,0.904186,0.000000,,2026-03-24,2026-04-12,15,84,66,20,0.750000,,,0.000000,,,,,,,,GLOBAL_BASELINE_NO_ENTITY_RANKING,,,NOT_APPLICABLE_GLOBAL_BASELINE,HF9g-P5,,,,X 全窗基线 · 不参与实体赏罚,14190404,1420,A168_HF9F_20260827_0900,2026-08-27 09:00:00
2026-04-10,147748547,2169,0,2171.4839879409,-2171.4839879409,-2171.4839879409,0E-7,1,1,0.50665070000000000,0.506650700000,-1.013391052207602,-1.013391052207602,-1.013391052207602,0E-17,ELIGIBLE,R03b_20260811_FULL_v1,L1_ELIGIBILITY,v2026-08-11,2026-03-21..2026-08-06,baccarat_bet02_101_all_pairs_incl_sentinel,round_win = game_pnl > 0 (decisive only),COMPATIBILITY_ONLY_NOT_PRODUCTION,314925.9281,284751.5471,6629.9115,528,414,-0.02105229,,-0.02105229,-0.02105229,-6629.9115,314925.9281,OK,0.0000,265.1965,4.0000,96.0000,AG03-UNRESOLVED,ALL5_LEVELS_bet23_to_bet27,265.1965,265.1965,265.1965,530.3929,530.3929,4.000000,4.000000,4.000000,8.000000,8.000000,96.000000,96.000000,96.000000,92.000000,92.000000,5.0,1856.3752,1665.1649,4773.5363,4964.7466,PENDING_AG03,FALSE,NOT_FOR_ENFORCEMENT,6364.7150,273361.4852,6629.9115,6364.7150,265.1965,0.02105229,0.02021020,265.1965,6364.7150,0.02021020,265.1965,265.1965,265.1965,530.3929,530.3929,6364.7150,0.02021020,1856.3752,1665.1649,4773.5363,4964.7466,0.01515765,0.01576481,0.00084209,596.4506,687.8057,16.0143,441.9941,78.9275,20995.0619,27.6000,,596.4506,105.4118,210.8237,1054.1184,1264.9421,2108.2368,4216.4736,210.8237,-105.4118,10.0,20.0,2.829144,18,68,22,8,0E-8,0.02105229,,0E-8,0.000000,0.904186,0.000000,,2026-03-24,2026-04-12,15,84,66,20,0.750000,,,0.000000,,,,,,,,GLOBAL_BASELINE_NO_ENTITY_RANKING,,,NOT_APPLICABLE_GLOBAL_BASELINE,HF9g-P5,,,,X 全窗基线 · 不参与实体赏罚,14190405,1420,A168_HF9F_20260827_0900,2026-08-27 09:00:00
2026-04-10,147748547,2177,0,4954.3566715156,-3267.7671663188,-3267.7671663188,0.2857143,11,7,0.40446337142857143,0.358445190476,-0.6401554640177363,-0.40127282447850454,-0.6401554640177363,0.04601818095257143,ELIGIBLE,R03b_20260811_FULL_v1,L1_ELIGIBILITY,v2026-08-11,2026-03-21..2026-08-06,baccarat_bet02_101_all_pairs_incl_sentinel,round_win = game_pnl > 0 (decisive only),COMPATIBILITY_ONLY_NOT_PRODUCTION,314925.9281,284751.5471,6629.9115,528,414,-0.02105229,,-0.02105229,-0.02105229,-6629.9115,314925.9281,OK,0.0000,265.1965,4.0000,96.0000,AG03-UNRESOLVED,ALL5_LEVELS_bet23_to_bet27,265.1965,265.1965,265.1965,530.3929,530.3929,4.000000,4.000000,4.000000,8.000000,8.000000,96.000000,96.000000,96.000000,92.000000,92.000000,5.0,1856.3752,1665.1649,4773.5363,4964.7466,PENDING_AG03,FALSE,NOT_FOR_ENFORCEMENT,6364.7150,273361.4852,6629.9115,6364.7150,265.1965,0.02105229,0.02021020,265.1965,6364.7150,0.02021020,265.1965,265.1965,265.1965,530.3929,530.3929,6364.7150,0.02021020,1856.3752,1665.1649,4773.5363,4964.7466,0.01515765,0.01576481,0.00084209,596.4506,687.8057,16.0143,441.9941,78.9275,20995.0619,27.6000,,596.4506,105.4118,210.8237,1054.1184,1264.9421,2108.2368,4216.4736,210.8237,-105.4118,10.0,20.0,2.829144,18,68,22,8,0E-8,0.02105229,,0E-8,0.000000,0.904186,0.000000,,2026-03-24,2026-04-12,15,84,66,20,0.750000,,,0.000000,,,,,,,,GLOBAL_BASELINE_NO_ENTITY_RANKING,,,NOT_APPLICABLE_GLOBAL_BASELINE,HF9g-P5,,,,X 全窗基线 · 不参与实体赏罚,14190406,1420,A168_HF9F_20260827_0900,2026-08-27 09:00:00
2026-04-10,147748547,2222,0,2308.5193852381,-200.2825037421,-200.2825037421,0.5000000,3,2,0.45814466848739791,0.383324475000,0.1188017368539428,0.33937756606888114,0.1188017368539428,0.07482019348739791,ELIGIBLE,R03b_20260811_FULL_v1,L1_ELIGIBILITY,v2026-08-11,2026-03-21..2026-08-06,baccarat_bet02_101_all_pairs_incl_sentinel,round_win = game_pnl > 0 (decisive only),COMPATIBILITY_ONLY_NOT_PRODUCTION,314925.9281,284751.5471,6629.9115,528,414,-0.02105229,,-0.02105229,-0.02105229,-6629.9115,314925.9281,OK,0.0000,265.1965,4.0000,96.0000,AG03-UNRESOLVED,ALL5_LEVELS_bet23_to_bet27,265.1965,265.1965,265.1965,530.3929,530.3929,4.000000,4.000000,4.000000,8.000000,8.000000,96.000000,96.000000,96.000000,92.000000,92.000000,5.0,1856.3752,1665.1649,4773.5363,4964.7466,PENDING_AG03,FALSE,NOT_FOR_ENFORCEMENT,6364.7150,273361.4852,6629.9115,6364.7150,265.1965,0.02105229,0.02021020,265.1965,6364.7150,0.02021020,265.1965,265.1965,265.1965,530.3929,530.3929,6364.7150,0.02021020,1856.3752,1665.1649,4773.5363,4964.7466,0.01515765,0.01576481,0.00084209,596.4506,687.8057,16.0143,441.9941,78.9275,20995.0619,27.6000,,596.4506,105.4118,210.8237,1054.1184,1264.9421,2108.2368,4216.4736,210.8237,-105.4118,10.0,20.0,2.829144,18,68,22,8,0E-8,0.02105229,,0E-8,0.000000,0.904186,0.000000,,2026-03-24,2026-04-12,15,84,66,20,0.750000,,,0.000000,,,,,,,,GLOBAL_BASELINE_NO_ENTITY_RANKING,,,NOT_APPLICABLE_GLOBAL_BASELINE,HF9g-P5,,,,X 全窗基线 · 不参与实体赏罚,14190407,1420,A168_HF9F_20260827_0900,2026-08-27 09:00:00
2026-04-10,147748547,2252,0,4348.8710391499,-4216.4737629920,-4216.4737629920,0E-7,2,2,0.49324550000000000,0.493245500000,-0.9865810262130424,-0.9865810262130424,-0.9865810262130424,0E-17,ELIGIBLE,R03b_20260811_FULL_v1,L1_ELIGIBILITY,v2026-08-11,2026-03-21..2026-08-06,baccarat_bet02_101_all_pairs_incl_sentinel,round_win = game_pnl > 0 (decisive only),COMPATIBILITY_ONLY_NOT_PRODUCTION,314925.9281,284751.5471,6629.9115,528,414,-0.02105229,,-0.02105229,-0.02105229,-6629.9115,314925.9281,OK,0.0000,265.1965,4.0000,96.0000,AG03-UNRESOLVED,ALL5_LEVELS_bet23_to_bet27,265.1965,265.1965,265.1965,530.3929,530.3929,4.000000,4.000000,4.000000,8.000000,8.000000,96.000000,96.000000,96.000000,92.000000,92.000000,5.0,1856.3752,1665.1649,4773.5363,4964.7466,PENDING_AG03,FALSE,NOT_FOR_ENFORCEMENT,6364.7150,273361.4852,6629.9115,6364.7150,265.1965,0.02105229,0.02021020,265.1965,6364.7150,0.02021020,265.1965,265.1965,265.1965,530.3929,530.3929,6364.7150,0.02021020,1856.3752,1665.1649,4773.5363,4964.7466,0.01515765,0.01576481,0.00084209,596.4506,687.8057,16.0143,441.9941,78.9275,20995.0619,27.6000,,596.4506,105.4118,210.8237,1054.1184,1264.9421,2108.2368,4216.4736,210.8237,-105.4118,10.0,20.0,2.829144,18,68,22,8,0E-8,0.02105229,,0E-8,0.000000,0.904186,0.000000,,2026-03-24,2026-04-12,15,84,66,20,0.750000,,,0.000000,,,,,,,,GLOBAL_BASELINE_NO_ENTITY_RANKING,,,NOT_APPLICABLE_GLOBAL_BASELINE,HF9g-P5,,,,X 全窗基线 · 不参与实体赏罚,14190408,1420,A168_HF9F_20260827_0900,2026-08-27 09:00:00
2026-04-10,147748547,970,0,8243.2062066493,-6187.6752471907,-6187.6752471907,0.1666667,7,6,0.34268109090909091,0.314613500000,-0.9084285009072554,-0.7804136358991763,-0.9084285009072554,0.02806759090909091,ELIGIBLE,R03b_20260811_FULL_v1,L1_ELIGIBILITY,v2026-08-11,2026-03-21..2026-08-06,baccarat_bet02_101_all_pairs_incl_sentinel,round_win = game_pnl > 0 (decisive only),COMPATIBILITY_ONLY_NOT_PRODUCTION,314925.9281,284751.5471,6629.9115,528,414,-0.02105229,,-0.02105229,-0.02105229,-6629.9115,314925.9281,OK,0.0000,265.1965,4.0000,96.0000,AG03-UNRESOLVED,ALL5_LEVELS_bet23_to_bet27,265.1965,265.1965,265.1965,530.3929,530.3929,4.000000,4.000000,4.000000,8.000000,8.000000,96.000000,96.000000,96.000000,92.000000,92.000000,5.0,1856.3752,1665.1649,4773.5363,4964.7466,PENDING_AG03,FALSE,NOT_FOR_ENFORCEMENT,6364.7150,273361.4852,6629.9115,6364.7150,265.1965,0.02105229,0.02021020,265.1965,6364.7150,0.02021020,265.1965,265.1965,265.1965,530.3929,530.3929,6364.7150,0.02021020,1856.3752,1665.1649,4773.5363,4964.7466,0.01515765,0.01576481,0.00084209,596.4506,687.8057,16.0143,441.9941,78.9275,20995.0619,27.6000,,596.4506,105.4118,210.8237,1054.1184,1264.9421,2108.2368,4216.4736,210.8237,-105.4118,10.0,20.0,2.829144,18,68,22,8,0E-8,0.02105229,,0E-8,0.000000,0.904186,0.000000,,2026-03-24,2026-04-12,15,84,66,20,0.750000,,,0.000000,,,,,,,,GLOBAL_BASELINE_NO_ENTITY_RANKING,,,NOT_APPLICABLE_GLOBAL_BASELINE,HF9g-P5,,,,X 全窗基线 · 不参与实体赏罚,14190409,1420,A168_HF9F_20260827_0900,2026-08-27 09:00:00
2026-04-10,147748547,986,0,8464.5710792064,-4353.5091602892,-4353.5091602892,0.3333333,4,3,0.48845232121212121,0.426667416667,-0.5374913033022051,-0.326853276333467,-0.5374913033022051,0.06178490454512121,ELIGIBLE,R03b_20260811_FULL_v1,L1_ELIGIBILITY,v2026-08-11,2026-03-21..2026-08-06,baccarat_bet02_101_all_pairs_incl_sentinel,round_win = game_pnl > 0 (decisive only),COMPATIBILITY_ONLY_NOT_PRODUCTION,314925.9281,284751.5471,6629.9115,528,414,-0.02105229,,-0.02105229,-0.02105229,-6629.9115,314925.9281,OK,0.0000,265.1965,4.0000,96.0000,AG03-UNRESOLVED,ALL5_LEVELS_bet23_to_bet27,265.1965,265.1965,265.1965,530.3929,530.3929,4.000000,4.000000,4.000000,8.000000,8.000000,96.000000,96.000000,96.000000,92.000000,92.000000,5.0,1856.3752,1665.1649,4773.5363,4964.7466,PENDING_AG03,FALSE,NOT_FOR_ENFORCEMENT,6364.7150,273361.4852,6629.9115,6364.7150,265.1965,0.02105229,0.02021020,265.1965,6364.7150,0.02021020,265.1965,265.1965,265.1965,530.3929,530.3929,6364.7150,0.02021020,1856.3752,1665.1649,4773.5363,4964.7466,0.01515765,0.01576481,0.00084209,596.4506,687.8057,16.0143,441.9941,78.9275,20995.0619,27.6000,,596.4506,105.4118,210.8237,1054.1184,1264.9421,2108.2368,4216.4736,210.8237,-105.4118,10.0,20.0,2.829144,18,68,22,8,0E-8,0.02105229,,0E-8,0.000000,0.904186,0.000000,,2026-03-24,2026-04-12,15,84,66,20,0.750000,,,0.000000,,,,,,,,GLOBAL_BASELINE_NO_ENTITY_RANKING,,,NOT_APPLICABLE_GLOBAL_BASELINE,HF9g-P5,,,,X 全窗基线 · 不参与实体赏罚,14190410,1420,A168_HF9F_20260827_0900,2026-08-27 09:00:00
2026-04-11,147748547,2123,0,10541.1844074800,-6324.7106444880,-6324.7106444880,0.2500000,4,4,0.49659680000000000,0.496596800000,-0.9864100490137353,-0.9864100490137354,-0.9864100490137353,0E-17,ELIGIBLE,R03b_20260811_FULL_v1,L1_ELIGIBILITY,v2026-08-11,2026-03-21..2026-08-06,baccarat_bet02_101_all_pairs_incl_sentinel,round_win = game_pnl > 0 (decisive only),COMPATIBILITY_ONLY_NOT_PRODUCTION,314925.9281,284751.5471,6629.9115,528,414,-0.02105229,,-0.02105229,-0.02105229,-6629.9115,314925.9281,OK,0.0000,265.1965,4.0000,96.0000,AG03-UNRESOLVED,ALL5_LEVELS_bet23_to_bet27,265.1965,265.1965,265.1965,530.3929,530.3929,4.000000,4.000000,4.000000,8.000000,8.000000,96.000000,96.000000,96.000000,92.000000,92.000000,5.0,1856.3752,1665.1649,4773.5363,4964.7466,PENDING_AG03,FALSE,NOT_FOR_ENFORCEMENT,6364.7150,273361.4852,6629.9115,6364.7150,265.1965,0.02105229,0.02021020,265.1965,6364.7150,0.02021020,265.1965,265.1965,265.1965,530.3929,530.3929,6364.7150,0.02021020,1856.3752,1665.1649,4773.5363,4964.7466,0.01515765,0.01576481,0.00084209,596.4506,687.8057,16.0143,441.9941,78.9275,20995.0619,27.6000,,596.4506,105.4118,210.8237,1054.1184,1264.9421,2108.2368,4216.4736,210.8237,-105.4118,10.0,20.0,2.829144,18,68,22,8,0E-8,0.02105229,,0E-8,0.000000,0.904186,0.000000,,2026-03-24,2026-04-12,15,84,66,20,0.750000,,,0.000000,,,,,,,,GLOBAL_BASELINE_NO_ENTITY_RANKING,,,NOT_APPLICABLE_GLOBAL_BASELINE,HF9g-P5,,,,X 全窗基线 · 不参与实体赏罚,14190411,1420,A168_HF9F_20260827_0900,2026-08-27 09:00:00
2026-04-12,147748547,1374,0,14979.0230430292,4237.5561318070,4237.5561318070,0.4285714,20,16,0.35648954097541946,0.338925037500,0.5631044604480925,0.7086301848554687,0.5631044604480925,0.01756450347541946,ELIGIBLE,R03b_20260811_FULL_v1,L1_ELIGIBILITY,v2026-08-11,2026-03-21..2026-08-06,baccarat_bet02_101_all_pairs_incl_sentinel,round_win = game_pnl > 0 (decisive only),COMPATIBILITY_ONLY_NOT_PRODUCTION,314925.9281,284751.5471,6629.9115,528,414,-0.02105229,,-0.02105229,-0.02105229,-6629.9115,314925.9281,OK,0.0000,265.1965,4.0000,96.0000,AG03-UNRESOLVED,ALL5_LEVELS_bet23_to_bet27,265.1965,265.1965,265.1965,530.3929,530.3929,4.000000,4.000000,4.000000,8.000000,8.000000,96.000000,96.000000,96.000000,92.000000,92.000000,5.0,1856.3752,1665.1649,4773.5363,4964.7466,PENDING_AG03,FALSE,NOT_FOR_ENFORCEMENT,6364.7150,273361.4852,6629.9115,6364.7150,265.1965,0.02105229,0.02021020,265.1965,6364.7150,0.02021020,265.1965,265.1965,265.1965,530.3929,530.3929,6364.7150,0.02021020,1856.3752,1665.1649,4773.5363,4964.7466,0.01515765,0.01576481,0.00084209,596.4506,687.8057,16.0143,441.9941,78.9275,20995.0619,27.6000,,596.4506,105.4118,210.8237,1054.1184,1264.9421,2108.2368,4216.4736,210.8237,-105.4118,10.0,20.0,2.829144,18,68,22,8,0E-8,0.02105229,,0E-8,0.000000,0.904186,0.000000,,2026-03-24,2026-04-12,15,84,66,20,0.750000,,,0.000000,,,,,,,,GLOBAL_BASELINE_NO_ENTITY_RANKING,,,NOT_APPLICABLE_GLOBAL_BASELINE,HF9g-P5,,,,X 全窗基线 · 不参与实体赏罚,14190412,1420,A168_HF9F_20260827_0900,2026-08-27 09:00:00
2026-04-12,147748547,2145,0,19142.7908839837,411.1061918917,411.1061918917,0.4166667,22,12,0.37157088738580888,0.261015420833,0.32327902781922335,1.227700557643131,0.32327902781922335,0.11055546655280888,ELIGIBLE,R03b_20260811_FULL_v1,L1_ELIGIBILITY,v2026-08-11,2026-03-21..2026-08-06,baccarat_bet02_101_all_pairs_incl_sentinel,round_win = game_pnl > 0 (decisive only),COMPATIBILITY_ONLY_NOT_PRODUCTION,314925.9281,284751.5471,6629.9115,528,414,-0.02105229,,-0.02105229,-0.02105229,-6629.9115,314925.9281,OK,0.0000,265.1965,4.0000,96.0000,AG03-UNRESOLVED,ALL5_LEVELS_bet23_to_bet27,265.1965,265.1965,265.1965,530.3929,530.3929,4.000000,4.000000,4.000000,8.000000,8.000000,96.000000,96.000000,96.000000,92.000000,92.000000,5.0,1856.3752,1665.1649,4773.5363,4964.7466,PENDING_AG03,FALSE,NOT_FOR_ENFORCEMENT,6364.7150,273361.4852,6629.9115,6364.7150,265.1965,0.02105229,0.02021020,265.1965,6364.7150,0.02021020,265.1965,265.1965,265.1965,530.3929,530.3929,6364.7150,0.02021020,1856.3752,1665.1649,4773.5363,4964.7466,0.01515765,0.01576481,0.00084209,596.4506,687.8057,16.0143,441.9941,78.9275,20995.0619,27.6000,,596.4506,105.4118,210.8237,1054.1184,1264.9421,2108.2368,4216.4736,210.8237,-105.4118,10.0,20.0,2.829144,18,68,22,8,0E-8,0.02105229,,0E-8,0.000000,0.904186,0.000000,,2026-03-24,2026-04-12,15,84,66,20,0.750000,,,0.000000,,,,,,,,GLOBAL_BASELINE_NO_ENTITY_RANKING,,,NOT_APPLICABLE_GLOBAL_BASELINE,HF9g-P5,,,,X 全窗基线 · 不参与实体赏罚,14190413,1420,A168_HF9F_20260827_0900,2026-08-27 09:00:00
2026-04-10,133237696,1060,0,15.0000000000,-15.0000000000,-15.0000000000,0E-7,1,1,0.50665070000000000,0.506650700000,-1.013391052207602,-1.013391052207602,-1.013391052207602,0E-17,ELIGIBLE,R03b_20260811_FULL_v1,L1_ELIGIBILITY,v2026-08-11,2026-03-21..2026-08-06,baccarat_bet02_101_all_pairs_incl_sentinel,round_win = game_pnl > 0 (decisive only),COMPATIBILITY_ONLY_NOT_PRODUCTION,83502.0000,78818.0000,6596.6500,1593,577,-0.07899990,-0.13750718,-0.06159745,-0.07899990,-6596.6500,83502.0000,OK,0.0000,230.8828,3.5000,96.5000,AG03-UNRESOLVED,ALL5_LEVELS_bet23_to_bet27,230.8828,230.8828,263.8660,0.0000,0.0000,3.500000,3.500000,4.000000,0.000000,0.000000,96.500000,96.500000,96.000000,100.000000,100.000000,5.0,725.6315,699.4032,5871.0185,5897.2468,PENDING_AG03,FALSE,NOT_FOR_ENFORCEMENT,6365.7673,76059.3700,6596.6500,6365.7673,230.8828,0.07899990,0.07623491,230.8828,6365.7673,0.07623491,230.8828,230.8828,263.8660,0.0000,0.0000,6365.7673,0.07623491,725.6315,699.4032,5871.0185,5897.2468,0.07030991,0.07062402,0.00276500,52.4181,136.5997,11.4327,299.8477,39.5009,3795.5455,26.2273,60.1981,50.4776,10.0,20.0,60.0,130.0,208.4998,410.0,20.0,-10.0,10.424988,20.5,2.620904,29,101,23,8,0.22925199,0.07899990,0.13750718,0E-8,0.000000,0.943906,0.000000,-0.07590974,2026-04-10,2026-08-04,22,167,151,117,0.188034,1.192570,1.148423,0.764173,,,,,,,,GLOBAL_BASELINE_NO_ENTITY_RANKING,,,NOT_APPLICABLE_GLOBAL_BASELINE,HF9g-P5,,,,X 全窗基线 · 不参与实体赏罚,14190414,1420,A168_HF9F_20260827_0900,2026-08-27 09:00:00
2026-06-07,133237696,-1,1,3180.0000000000,53.0000000000,53.0000000000,0.5200000,62,26,0.37496001622556555,0.267736638782,1.4979984609673167,2.8486338233797968,1.4979984609673167,0.10722337744356555,SENTINEL_DEALER,R03b_20260811_FULL_v1,L1_ELIGIBILITY,v2026-08-11,2026-03-21..2026-08-06,baccarat_bet02_101_all_pairs_incl_sentinel,round_win = game_pnl > 0 (decisive only),COMPATIBILITY_ONLY_NOT_PRODUCTION,83502.0000,78818.0000,6596.6500,1593,577,-0.07899990,-0.13750718,-0.06159745,-0.07899990,-6596.6500,83502.0000,OK,0.0000,230.8828,3.5000,96.5000,AG03-UNRESOLVED,ALL5_LEVELS_bet23_to_bet27,230.8828,230.8828,263.8660,0.0000,0.0000,3.500000,3.500000,4.000000,0.000000,0.000000,96.500000,96.500000,96.000000,100.000000,100.000000,5.0,725.6315,699.4032,5871.0185,5897.2468,PENDING_AG03,FALSE,NOT_FOR_ENFORCEMENT,6365.7673,76059.3700,6596.6500,6365.7673,230.8828,0.07899990,0.07623491,230.8828,6365.7673,0.07623491,230.8828,230.8828,263.8660,0.0000,0.0000,6365.7673,0.07623491,725.6315,699.4032,5871.0185,5897.2468,0.07030991,0.07062402,0.00276500,52.4181,136.5997,11.4327,299.8477,39.5009,3795.5455,26.2273,60.1981,50.4776,10.0,20.0,60.0,130.0,208.4998,410.0,20.0,-10.0,10.424988,20.5,2.620904,29,101,23,8,0.22925199,0.07899990,0.13750718,0E-8,0.000000,0.943906,0.000000,-0.07590974,2026-04-10,2026-08-04,22,167,151,117,0.188034,1.192570,1.148423,0.764173,,,,,,,,GLOBAL_BASELINE_NO_ENTITY_RANKING,,,NOT_APPLICABLE_GLOBAL_BASELINE,HF9g-P5,,,,X 全窗基线 · 不参与实体赏罚,14190415,1420,A168_HF9F_20260827_0900,2026-08-27 09:00:00
2026-06-07,133237696,1306,0,1054.0000000000,-305.5000000000,-305.5000000000,0.6666667,19,6,0.29174696604594616,0.174428310556,2.0203029163948654,3.1773510009488075,2.0203029163948654,0.11731865548994616,ELIGIBLE,R03b_20260811_FULL_v1,L1_ELIGIBILITY,v2026-08-11,2026-03-21..2026-08-06,baccarat_bet02_101_all_pairs_incl_sentinel,round_win = game_pnl > 0 (decisive only),COMPATIBILITY_ONLY_NOT_PRODUCTION,83502.0000,78818.0000,6596.6500,1593,577,-0.07899990,-0.13750718,-0.06159745,-0.07899990,-6596.6500,83502.0000,OK,0.0000,230.8828,3.5000,96.5000,AG03-UNRESOLVED,ALL5_LEVELS_bet23_to_bet27,230.8828,230.8828,263.8660,0.0000,0.0000,3.500000,3.500000,4.000000,0.000000,0.000000,96.500000,96.500000,96.000000,100.000000,100.000000,5.0,725.6315,699.4032,5871.0185,5897.2468,PENDING_AG03,FALSE,NOT_FOR_ENFORCEMENT,6365.7673,76059.3700,6596.6500,6365.7673,230.8828,0.07899990,0.07623491,230.8828,6365.7673,0.07623491,230.8828,230.8828,263.8660,0.0000,0.0000,6365.7673,0.07623491,725.6315,699.4032,5871.0185,5897.2468,0.07030991,0.07062402,0.00276500,52.4181,136.5997,11.4327,299.8477,39.5009,3795.5455,26.2273,60.1981,50.4776,10.0,20.0,60.0,130.0,208.4998,410.0,20.0,-10.0,10.424988,20.5,2.620904,29,101,23,8,0.22925199,0.07899990,0.13750718,0E-8,0.000000,0.943906,0.000000,-0.07590974,2026-04-10,2026-08-04,22,167,151,117,0.188034,1.192570,1.148423,0.764173,,,,,,,,GLOBAL_BASELINE_NO_ENTITY_RANKING,,,NOT_APPLICABLE_GLOBAL_BASELINE,HF9g-P5,,,,X 全窗基线 · 不参与实体赏罚,14190416,1420,A168_HF9F_20260827_0900,2026-08-27 09:00:00
2026-06-07,133237696,1318,0,314.0000000000,-234.0000000000,-234.0000000000,0.3333333,5,3,0.43752998187134503,0.360494566667,-0.36379839557065236,-0.09798027019160019,-0.36379839557065236,0.07703541520434503,ELIGIBLE,R03b_20260811_FULL_v1,L1_ELIGIBILITY,v2026-08-11,2026-03-21..2026-08-06,baccarat_bet02_101_all_pairs_incl_sentinel,round_win = game_pnl > 0 (decisive only),COMPATIBILITY_ONLY_NOT_PRODUCTION,83502.0000,78818.0000,6596.6500,1593,577,-0.07899990,-0.13750718,-0.06159745,-0.07899990,-6596.6500,83502.0000,OK,0.0000,230.8828,3.5000,96.5000,AG03-UNRESOLVED,ALL5_LEVELS_bet23_to_bet27,230.8828,230.8828,263.8660,0.0000,0.0000,3.500000,3.500000,4.000000,0.000000,0.000000,96.500000,96.500000,96.000000,100.000000,100.000000,5.0,725.6315,699.4032,5871.0185,5897.2468,PENDING_AG03,FALSE,NOT_FOR_ENFORCEMENT,6365.7673,76059.3700,6596.6500,6365.7673,230.8828,0.07899990,0.07623491,230.8828,6365.7673,0.07623491,230.8828,230.8828,263.8660,0.0000,0.0000,6365.7673,0.07623491,725.6315,699.4032,5871.0185,5897.2468,0.07030991,0.07062402,0.00276500,52.4181,136.5997,11.4327,299.8477,39.5009,3795.5455,26.2273,60.1981,50.4776,10.0,20.0,60.0,130.0,208.4998,410.0,20.0,-10.0,10.424988,20.5,2.620904,29,101,23,8,0.22925199,0.07899990,0.13750718,0E-8,0.000000,0.943906,0.000000,-0.07590974,2026-04-10,2026-08-04,22,167,151,117,0.188034,1.192570,1.148423,0.764173,,,,,,,,GLOBAL_BASELINE_NO_ENTITY_RANKING,,,NOT_APPLICABLE_GLOBAL_BASELINE,HF9g-P5,,,,X 全窗基线 · 不参与实体赏罚,14190417,1420,A168_HF9F_20260827_0900,2026-08-27 09:00:00
2026-06-07,133237696,1323,0,190.0000000000,-52.5000000000,-52.5000000000,0.5000000,7,3,0.32855572559523810,0.252700466667,0.5162124520715234,0.8047999063241392,0.5162124520715234,0.07585525892823810,ELIGIBLE,R03b_20260811_FULL_v1,L1_ELIGIBILITY,v2026-08-11,2026-03-21..2026-08-06,baccarat_bet02_101_all_pairs_incl_sentinel,round_win = game_pnl > 0 (decisive only),COMPATIBILITY_ONLY_NOT_PRODUCTION,83502.0000,78818.0000,6596.6500,1593,577,-0.07899990,-0.13750718,-0.06159745,-0.07899990,-6596.6500,83502.0000,OK,0.0000,230.8828,3.5000,96.5000,AG03-UNRESOLVED,ALL5_LEVELS_bet23_to_bet27,230.8828,230.8828,263.8660,0.0000,0.0000,3.500000,3.500000,4.000000,0.000000,0.000000,96.500000,96.500000,96.000000,100.000000,100.000000,5.0,725.6315,699.4032,5871.0185,5897.2468,PENDING_AG03,FALSE,NOT_FOR_ENFORCEMENT,6365.7673,76059.3700,6596.6500,6365.7673,230.8828,0.07899990,0.07623491,230.8828,6365.7673,0.07623491,230.8828,230.8828,263.8660,0.0000,0.0000,6365.7673,0.07623491,725.6315,699.4032,5871.0185,5897.2468,0.07030991,0.07062402,0.00276500,52.4181,136.5997,11.4327,299.8477,39.5009,3795.5455,26.2273,60.1981,50.4776,10.0,20.0,60.0,130.0,208.4998,410.0,20.0,-10.0,10.424988,20.5,2.620904,29,101,23,8,0.22925199,0.07899990,0.13750718,0E-8,0.000000,0.943906,0.000000,-0.07590974,2026-04-10,2026-08-04,22,167,151,117,0.188034,1.192570,1.148423,0.764173,,,,,,,,GLOBAL_BASELINE_NO_ENTITY_RANKING,,,NOT_APPLICABLE_GLOBAL_BASELINE,HF9g-P5,,,,X 全窗基线 · 不参与实体赏罚,14190418,1420,A168_HF9F_20260827_0900,2026-08-27 09:00:00
2026-06-07,133237696,1331,0,290.0000000000,270.0000000000,270.0000000000,1.0000000,5,2,0.36888300894736842,0.255280883334,1.8498035484575894,2.4154725250447506,1.8498035484575894,0.11360212561336842,ELIGIBLE,R03b_20260811_FULL_v1,L1_ELIGIBILITY,v2026-08-11,2026-03-21..2026-08-06,baccarat_bet02_101_all_pairs_incl_sentinel,round_win = game_pnl > 0 (decisive only),COMPATIBILITY_ONLY_NOT_PRODUCTION,83502.0000,78818.0000,6596.6500,1593,577,-0.07899990,-0.13750718,-0.06159745,-0.07899990,-6596.6500,83502.0000,OK,0.0000,230.8828,3.5000,96.5000,AG03-UNRESOLVED,ALL5_LEVELS_bet23_to_bet27,230.8828,230.8828,263.8660,0.0000,0.0000,3.500000,3.500000,4.000000,0.000000,0.000000,96.500000,96.500000,96.000000,100.000000,100.000000,5.0,725.6315,699.4032,5871.0185,5897.2468,PENDING_AG03,FALSE,NOT_FOR_ENFORCEMENT,6365.7673,76059.3700,6596.6500,6365.7673,230.8828,0.07899990,0.07623491,230.8828,6365.7673,0.07623491,230.8828,230.8828,263.8660,0.0000,0.0000,6365.7673,0.07623491,725.6315,699.4032,5871.0185,5897.2468,0.07030991,0.07062402,0.00276500,52.4181,136.5997,11.4327,299.8477,39.5009,3795.5455,26.2273,60.1981,50.4776,10.0,20.0,60.0,130.0,208.4998,410.0,20.0,-10.0,10.424988,20.5,2.620904,29,101,23,8,0.22925199,0.07899990,0.13750718,0E-8,0.000000,0.943906,0.000000,-0.07590974,2026-04-10,2026-08-04,22,167,151,117,0.188034,1.192570,1.148423,0.764173,,,,,,,,GLOBAL_BASELINE_NO_ENTITY_RANKING,,,NOT_APPLICABLE_GLOBAL_BASELINE,HF9g-P5,,,,X 全窗基线 · 不参与实体赏罚,14190419,1420,A168_HF9F_20260827_0900,2026-08-27 09:00:00
2026-06-07,133237696,1646,0,80.0000000000,-20.0000000000,-20.0000000000,0E-7,2,2,0.50665070000000000,0.506650700000,-1.013391052207602,-1.013391052207602,-1.013391052207602,0E-17,ELIGIBLE,R03b_20260811_FULL_v1,L1_ELIGIBILITY,v2026-08-11,2026-03-21..2026-08-06,baccarat_bet02_101_all_pairs_incl_sentinel,round_win = game_pnl > 0 (decisive only),COMPATIBILITY_ONLY_NOT_PRODUCTION,83502.0000,78818.0000,6596.6500,1593,577,-0.07899990,-0.13750718,-0.06159745,-0.07899990,-6596.6500,83502.0000,OK,0.0000,230.8828,3.5000,96.5000,AG03-UNRESOLVED,ALL5_LEVELS_bet23_to_bet27,230.8828,230.8828,263.8660,0.0000,0.0000,3.500000,3.500000,4.000000,0.000000,0.000000,96.500000,96.500000,96.000000,100.000000,100.000000,5.0,725.6315,699.4032,5871.0185,5897.2468,PENDING_AG03,FALSE,NOT_FOR_ENFORCEMENT,6365.7673,76059.3700,6596.6500,6365.7673,230.8828,0.07899990,0.07623491,230.8828,6365.7673,0.07623491,230.8828,230.8828,263.8660,0.0000,0.0000,6365.7673,0.07623491,725.6315,699.4032,5871.0185,5897.2468,0.07030991,0.07062402,0.00276500,52.4181,136.5997,11.4327,299.8477,39.5009,3795.5455,26.2273,60.1981,50.4776,10.0,20.0,60.0,130.0,208.4998,410.0,20.0,-10.0,10.424988,20.5,2.620904,29,101,23,8,0.22925199,0.07899990,0.13750718,0E-8,0.000000,0.943906,0.000000,-0.07590974,2026-04-10,2026-08-04,22,167,151,117,0.188034,1.192570,1.148423,0.764173,,,,,,,,GLOBAL_BASELINE_NO_ENTITY_RANKING,,,NOT_APPLICABLE_GLOBAL_BASELINE,HF9g-P5,,,,X 全窗基线 · 不参与实体赏罚,14190420,1420,A168_HF9F_20260827_0900,2026-08-27 09:00:00
2026-06-07,133237696,1941,0,160.0000000000,-100.0000000000,-100.0000000000,0E-7,4,2,0.39033100000000000,0.287416500000,-1.1315779169514892,-0.8981584602114967,-1.1315779169514892,0.10291450000000000,ELIGIBLE,R03b_20260811_FULL_v1,L1_ELIGIBILITY,v2026-08-11,2026-03-21..2026-08-06,baccarat_bet02_101_all_pairs_incl_sentinel,round_win = game_pnl > 0 (decisive only),COMPATIBILITY_ONLY_NOT_PRODUCTION,83502.0000,78818.0000,6596.6500,1593,577,-0.07899990,-0.13750718,-0.06159745,-0.07899990,-6596.6500,83502.0000,OK,0.0000,230.8828,3.5000,96.5000,AG03-UNRESOLVED,ALL5_LEVELS_bet23_to_bet27,230.8828,230.8828,263.8660,0.0000,0.0000,3.500000,3.500000,4.000000,0.000000,0.000000,96.500000,96.500000,96.000000,100.000000,100.000000,5.0,725.6315,699.4032,5871.0185,5897.2468,PENDING_AG03,FALSE,NOT_FOR_ENFORCEMENT,6365.7673,76059.3700,6596.6500,6365.7673,230.8828,0.07899990,0.07623491,230.8828,6365.7673,0.07623491,230.8828,230.8828,263.8660,0.0000,0.0000,6365.7673,0.07623491,725.6315,699.4032,5871.0185,5897.2468,0.07030991,0.07062402,0.00276500,52.4181,136.5997,11.4327,299.8477,39.5009,3795.5455,26.2273,60.1981,50.4776,10.0,20.0,60.0,130.0,208.4998,410.0,20.0,-10.0,10.424988,20.5,2.620904,29,101,23,8,0.22925199,0.07899990,0.13750718,0E-8,0.000000,0.943906,0.000000,-0.07590974,2026-04-10,2026-08-04,22,167,151,117,0.188034,1.192570,1.148423,0.764173,,,,,,,,GLOBAL_BASELINE_NO_ENTITY_RANKING,,,NOT_APPLICABLE_GLOBAL_BASELINE,HF9g-P5,,,,X 全窗基线 · 不参与实体赏罚,14190421,1420,A168_HF9F_20260827_0900,2026-08-27 09:00:00
2026-06-07,133237696,2093,0,1751.0000000000,-105.0000000000,-105.0000000000,0.6666667,35,12,0.38633233444666579,0.222049042361,1.994434426574028,3.705755268341354,1.994434426574028,0.16428329208566579,ELIGIBLE,R03b_20260811_FULL_v1,L1_ELIGIBILITY,v2026-08-11,2026-03-21..2026-08-06,baccarat_bet02_101_all_pairs_incl_sentinel,round_win = game_pnl > 0 (decisive only),COMPATIBILITY_ONLY_NOT_PRODUCTION,83502.0000,78818.0000,6596.6500,1593,577,-0.07899990,-0.13750718,-0.06159745,-0.07899990,-6596.6500,83502.0000,OK,0.0000,230.8828,3.5000,96.5000,AG03-UNRESOLVED,ALL5_LEVELS_bet23_to_bet27,230.8828,230.8828,263.8660,0.0000,0.0000,3.500000,3.500000,4.000000,0.000000,0.000000,96.500000,96.500000,96.000000,100.000000,100.000000,5.0,725.6315,699.4032,5871.0185,5897.2468,PENDING_AG03,FALSE,NOT_FOR_ENFORCEMENT,6365.7673,76059.3700,6596.6500,6365.7673,230.8828,0.07899990,0.07623491,230.8828,6365.7673,0.07623491,230.8828,230.8828,263.8660,0.0000,0.0000,6365.7673,0.07623491,725.6315,699.4032,5871.0185,5897.2468,0.07030991,0.07062402,0.00276500,52.4181,136.5997,11.4327,299.8477,39.5009,3795.5455,26.2273,60.1981,50.4776,10.0,20.0,60.0,130.0,208.4998,410.0,20.0,-10.0,10.424988,20.5,2.620904,29,101,23,8,0.22925199,0.07899990,0.13750718,0E-8,0.000000,0.943906,0.000000,-0.07590974,2026-04-10,2026-08-04,22,167,151,117,0.188034,1.192570,1.148423,0.764173,,,,,,,,GLOBAL_BASELINE_NO_ENTITY_RANKING,,,NOT_APPLICABLE_GLOBAL_BASELINE,HF9g-P5,,,,X 全窗基线 · 不参与实体赏罚,14190422,1420,A168_HF9F_20260827_0900,2026-08-27 09:00:00
2026-06-07,133237696,2103,0,190.0000000000,-190.0000000000,-190.0000000000,0E-7,2,1,0.40658065789473684,0.287416500000,-0.8277372660345975,-0.6350939377956173,-0.8277372660345975,0.11916415789473684,ELIGIBLE,R03b_20260811_FULL_v1,L1_ELIGIBILITY,v2026-08-11,2026-03-21..2026-08-06,baccarat_bet02_101_all_pairs_incl_sentinel,round_win = game_pnl > 0 (decisive only),COMPATIBILITY_ONLY_NOT_PRODUCTION,83502.0000,78818.0000,6596.6500,1593,577,-0.07899990,-0.13750718,-0.06159745,-0.07899990,-6596.6500,83502.0000,OK,0.0000,230.8828,3.5000,96.5000,AG03-UNRESOLVED,ALL5_LEVELS_bet23_to_bet27,230.8828,230.8828,263.8660,0.0000,0.0000,3.500000,3.500000,4.000000,0.000000,0.000000,96.500000,96.500000,96.000000,100.000000,100.000000,5.0,725.6315,699.4032,5871.0185,5897.2468,PENDING_AG03,FALSE,NOT_FOR_ENFORCEMENT,6365.7673,76059.3700,6596.6500,6365.7673,230.8828,0.07899990,0.07623491,230.8828,6365.7673,0.07623491,230.8828,230.8828,263.8660,0.0000,0.0000,6365.7673,0.07623491,725.6315,699.4032,5871.0185,5897.2468,0.07030991,0.07062402,0.00276500,52.4181,136.5997,11.4327,299.8477,39.5009,3795.5455,26.2273,60.1981,50.4776,10.0,20.0,60.0,130.0,208.4998,410.0,20.0,-10.0,10.424988,20.5,2.620904,29,101,23,8,0.22925199,0.07899990,0.13750718,0E-8,0.000000,0.943906,0.000000,-0.07590974,2026-04-10,2026-08-04,22,167,151,117,0.188034,1.192570,1.148423,0.764173,,,,,,,,GLOBAL_BASELINE_NO_ENTITY_RANKING,,,NOT_APPLICABLE_GLOBAL_BASELINE,HF9g-P5,,,,X 全窗基线 · 不参与实体赏罚,14190423,1420,A168_HF9F_20260827_0900,2026-08-27 09:00:00
2026-06-07,133237696,2105,0,40.0000000000,-40.0000000000,-40.0000000000,0E-7,1,1,0.49324550000000000,0.493245500000,-0.9865810262130424,-0.9865810262130424,-0.9865810262130424,0E-17,ELIGIBLE,R03b_20260811_FULL_v1,L1_ELIGIBILITY,v2026-08-11,2026-03-21..2026-08-06,baccarat_bet02_101_all_pairs_incl_sentinel,round_win = game_pnl > 0 (decisive only),COMPATIBILITY_ONLY_NOT_PRODUCTION,83502.0000,78818.0000,6596.6500,1593,577,-0.07899990,-0.13750718,-0.06159745,-0.07899990,-6596.6500,83502.0000,OK,0.0000,230.8828,3.5000,96.5000,AG03-UNRESOLVED,ALL5_LEVELS_bet23_to_bet27,230.8828,230.8828,263.8660,0.0000,0.0000,3.500000,3.500000,4.000000,0.000000,0.000000,96.500000,96.500000,96.000000,100.000000,100.000000,5.0,725.6315,699.4032,5871.0185,5897.2468,PENDING_AG03,FALSE,NOT_FOR_ENFORCEMENT,6365.7673,76059.3700,6596.6500,6365.7673,230.8828,0.07899990,0.07623491,230.8828,6365.7673,0.07623491,230.8828,230.8828,263.8660,0.0000,0.0000,6365.7673,0.07623491,725.6315,699.4032,5871.0185,5897.2468,0.07030991,0.07062402,0.00276500,52.4181,136.5997,11.4327,299.8477,39.5009,3795.5455,26.2273,60.1981,50.4776,10.0,20.0,60.0,130.0,208.4998,410.0,20.0,-10.0,10.424988,20.5,2.620904,29,101,23,8,0.22925199,0.07899990,0.13750718,0E-8,0.000000,0.943906,0.000000,-0.07590974,2026-04-10,2026-08-04,22,167,151,117,0.188034,1.192570,1.148423,0.764173,,,,,,,,GLOBAL_BASELINE_NO_ENTITY_RANKING,,,NOT_APPLICABLE_GLOBAL_BASELINE,HF9g-P5,,,,X 全窗基线 · 不参与实体赏罚,14190424,1420,A168_HF9F_20260827_0900,2026-08-27 09:00:00
2026-06-07,133237696,2123,0,100.0000000000,-100.0000000000,-100.0000000000,0E-7,3,1,0.33362326000000000,0.218271633333,-0.7075681018936605,-0.5284096173047961,-0.7075681018936605,0.11535162666700000,ELIGIBLE,R03b_20260811_FULL_v1,L1_ELIGIBILITY,v2026-08-11,2026-03-21..2026-08-06,baccarat_bet02_101_all_pairs_incl_sentinel,round_win = game_pnl > 0 (decisive only),COMPATIBILITY_ONLY_NOT_PRODUCTION,83502.0000,78818.0000,6596.6500,1593,577,-0.07899990,-0.13750718,-0.06159745,-0.07899990,-6596.6500,83502.0000,OK,0.0000,230.8828,3.5000,96.5000,AG03-UNRESOLVED,ALL5_LEVELS_bet23_to_bet27,230.8828,230.8828,263.8660,0.0000,0.0000,3.500000,3.500000,4.000000,0.000000,0.000000,96.500000,96.500000,96.000000,100.000000,100.000000,5.0,725.6315,699.4032,5871.0185,5897.2468,PENDING_AG03,FALSE,NOT_FOR_ENFORCEMENT,6365.7673,76059.3700,6596.6500,6365.7673,230.8828,0.07899990,0.07623491,230.8828,6365.7673,0.07623491,230.8828,230.8828,263.8660,0.0000,0.0000,6365.7673,0.07623491,725.6315,699.4032,5871.0185,5897.2468,0.07030991,0.07062402,0.00276500,52.4181,136.5997,11.4327,299.8477,39.5009,3795.5455,26.2273,60.1981,50.4776,10.0,20.0,60.0,130.0,208.4998,410.0,20.0,-10.0,10.424988,20.5,2.620904,29,101,23,8,0.22925199,0.07899990,0.13750718,0E-8,0.000000,0.943906,0.000000,-0.07590974,2026-04-10,2026-08-04,22,167,151,117,0.188034,1.192570,1.148423,0.764173,,,,,,,,GLOBAL_BASELINE_NO_ENTITY_RANKING,,,NOT_APPLICABLE_GLOBAL_BASELINE,HF9g-P5,,,,X 全窗基线 · 不参与实体赏罚,14190425,1420,A168_HF9F_20260827_0900,2026-08-27 09:00:00
2026-06-07,133237696,2142,0,40.0000000000,-40.0000000000,-40.0000000000,0E-7,2,1,0.28741650000000000,0.287416500000,-0.6350939377956173,-0.6350939377956173,-0.6350939377956173,0E-17,ELIGIBLE,R03b_20260811_FULL_v1,L1_ELIGIBILITY,v2026-08-11,2026-03-21..2026-08-06,baccarat_bet02_101_all_pairs_incl_sentinel,round_win = game_pnl > 0 (decisive only),COMPATIBILITY_ONLY_NOT_PRODUCTION,83502.0000,78818.0000,6596.6500,1593,577,-0.07899990,-0.13750718,-0.06159745,-0.07899990,-6596.6500,83502.0000,OK,0.0000,230.8828,3.5000,96.5000,AG03-UNRESOLVED,ALL5_LEVELS_bet23_to_bet27,230.8828,230.8828,263.8660,0.0000,0.0000,3.500000,3.500000,4.000000,0.000000,0.000000,96.500000,96.500000,96.000000,100.000000,100.000000,5.0,725.6315,699.4032,5871.0185,5897.2468,PENDING_AG03,FALSE,NOT_FOR_ENFORCEMENT,6365.7673,76059.3700,6596.6500,6365.7673,230.8828,0.07899990,0.07623491,230.8828,6365.7673,0.07623491,230.8828,230.8828,263.8660,0.0000,0.0000,6365.7673,0.07623491,725.6315,699.4032,5871.0185,5897.2468,0.07030991,0.07062402,0.00276500,52.4181,136.5997,11.4327,299.8477,39.5009,3795.5455,26.2273,60.1981,50.4776,10.0,20.0,60.0,130.0,208.4998,410.0,20.0,-10.0,10.424988,20.5,2.620904,29,101,23,8,0.22925199,0.07899990,0.13750718,0E-8,0.000000,0.943906,0.000000,-0.07590974,2026-04-10,2026-08-04,22,167,151,117,0.188034,1.192570,1.148423,0.764173,,,,,,,,GLOBAL_BASELINE_NO_ENTITY_RANKING,,,NOT_APPLICABLE_GLOBAL_BASELINE,HF9g-P5,,,,X 全窗基线 · 不参与实体赏罚,14190426,1420,A168_HF9F_20260827_0900,2026-08-27 09:00:00
2026-06-07,133237696,2155,0,537.0000000000,-65.0000000000,-65.0000000000,0.5555556,16,9,0.40285598098776845,0.334510666667,0.9339951703813532,1.4054849426561244,0.9339951703813532,0.06834531432076845,ELIGIBLE,R03b_20260811_FULL_v1,L1_ELIGIBILITY,v2026-08-11,2026-03-21..2026-08-06,baccarat_bet02_101_all_pairs_incl_sentinel,round_win = game_pnl > 0 (decisive only),COMPATIBILITY_ONLY_NOT_PRODUCTION,83502.0000,78818.0000,6596.6500,1593,577,-0.07899990,-0.13750718,-0.06159745,-0.07899990,-6596.6500,83502.0000,OK,0.0000,230.8828,3.5000,96.5000,AG03-UNRESOLVED,ALL5_LEVELS_bet23_to_bet27,230.8828,230.8828,263.8660,0.0000,0.0000,3.500000,3.500000,4.000000,0.000000,0.000000,96.500000,96.500000,96.000000,100.000000,100.000000,5.0,725.6315,699.4032,5871.0185,5897.2468,PENDING_AG03,FALSE,NOT_FOR_ENFORCEMENT,6365.7673,76059.3700,6596.6500,6365.7673,230.8828,0.07899990,0.07623491,230.8828,6365.7673,0.07623491,230.8828,230.8828,263.8660,0.0000,0.0000,6365.7673,0.07623491,725.6315,699.4032,5871.0185,5897.2468,0.07030991,0.07062402,0.00276500,52.4181,136.5997,11.4327,299.8477,39.5009,3795.5455,26.2273,60.1981,50.4776,10.0,20.0,60.0,130.0,208.4998,410.0,20.0,-10.0,10.424988,20.5,2.620904,29,101,23,8,0.22925199,0.07899990,0.13750718,0E-8,0.000000,0.943906,0.000000,-0.07590974,2026-04-10,2026-08-04,22,167,151,117,0.188034,1.192570,1.148423,0.764173,,,,,,,,GLOBAL_BASELINE_NO_ENTITY_RANKING,,,NOT_APPLICABLE_GLOBAL_BASELINE,HF9g-P5,,,,X 全窗基线 · 不参与实体赏罚,14190427,1420,A168_HF9F_20260827_0900,2026-08-27 09:00:00
2026-06-07,133237696,2196,0,60.0000000000,18.0000000000,18.0000000000,1.0000000,2,1,0.35562093333333333,0.280106050000,1.3460991592879357,1.6031457840727341,1.3460991592879357,0.07551488333333333,ELIGIBLE,R03b_20260811_FULL_v1,L1_ELIGIBILITY,v2026-08-11,2026-03-21..2026-08-06,baccarat_bet02_101_all_pairs_incl_sentinel,round_win = game_pnl > 0 (decisive only),COMPATIBILITY_ONLY_NOT_PRODUCTION,83502.0000,78818.0000,6596.6500,1593,577,-0.07899990,-0.13750718,-0.06159745,-0.07899990,-6596.6500,83502.0000,OK,0.0000,230.8828,3.5000,96.5000,AG03-UNRESOLVED,ALL5_LEVELS_bet23_to_bet27,230.8828,230.8828,263.8660,0.0000,0.0000,3.500000,3.500000,4.000000,0.000000,0.000000,96.500000,96.500000,96.000000,100.000000,100.000000,5.0,725.6315,699.4032,5871.0185,5897.2468,PENDING_AG03,FALSE,NOT_FOR_ENFORCEMENT,6365.7673,76059.3700,6596.6500,6365.7673,230.8828,0.07899990,0.07623491,230.8828,6365.7673,0.07623491,230.8828,230.8828,263.8660,0.0000,0.0000,6365.7673,0.07623491,725.6315,699.4032,5871.0185,5897.2468,0.07030991,0.07062402,0.00276500,52.4181,136.5997,11.4327,299.8477,39.5009,3795.5455,26.2273,60.1981,50.4776,10.0,20.0,60.0,130.0,208.4998,410.0,20.0,-10.0,10.424988,20.5,2.620904,29,101,23,8,0.22925199,0.07899990,0.13750718,0E-8,0.000000,0.943906,0.000000,-0.07590974,2026-04-10,2026-08-04,22,167,151,117,0.188034,1.192570,1.148423,0.764173,,,,,,,,GLOBAL_BASELINE_NO_ENTITY_RANKING,,,NOT_APPLICABLE_GLOBAL_BASELINE,HF9g-P5,,,,X 全窗基线 · 不参与实体赏罚,14190428,1420,A168_HF9F_20260827_0900,2026-08-27 09:00:00
2026-06-07,133237696,2251,0,2030.0000000000,1740.0000000000,1740.0000000000,0.8750000,30,8,0.38118679708656457,0.178523081250,2.8758019927435465,5.144069792046646,2.8758019927435465,0.20266371583656457,ELIGIBLE,R03b_20260811_FULL_v1,L1_ELIGIBILITY,v2026-08-11,2026-03-21..2026-08-06,baccarat_bet02_101_all_pairs_incl_sentinel,round_win = game_pnl > 0 (decisive only),COMPATIBILITY_ONLY_NOT_PRODUCTION,83502.0000,78818.0000,6596.6500,1593,577,-0.07899990,-0.13750718,-0.06159745,-0.07899990,-6596.6500,83502.0000,OK,0.0000,230.8828,3.5000,96.5000,AG03-UNRESOLVED,ALL5_LEVELS_bet23_to_bet27,230.8828,230.8828,263.8660,0.0000,0.0000,3.500000,3.500000,4.000000,0.000000,0.000000,96.500000,96.500000,96.000000,100.000000,100.000000,5.0,725.6315,699.4032,5871.0185,5897.2468,PENDING_AG03,FALSE,NOT_FOR_ENFORCEMENT,6365.7673,76059.3700,6596.6500,6365.7673,230.8828,0.07899990,0.07623491,230.8828,6365.7673,0.07623491,230.8828,230.8828,263.8660,0.0000,0.0000,6365.7673,0.07623491,725.6315,699.4032,5871.0185,5897.2468,0.07030991,0.07062402,0.00276500,52.4181,136.5997,11.4327,299.8477,39.5009,3795.5455,26.2273,60.1981,50.4776,10.0,20.0,60.0,130.0,208.4998,410.0,20.0,-10.0,10.424988,20.5,2.620904,29,101,23,8,0.22925199,0.07899990,0.13750718,0E-8,0.000000,0.943906,0.000000,-0.07590974,2026-04-10,2026-08-04,22,167,151,117,0.188034,1.192570,1.148423,0.764173,,,,,,,,GLOBAL_BASELINE_NO_ENTITY_RANKING,,,NOT_APPLICABLE_GLOBAL_BASELINE,HF9g-P5,,,,X 全窗基线 · 不参与实体赏罚,14190429,1420,A168_HF9F_20260827_0900,2026-08-27 09:00:00
2026-06-07,133237696,2256,0,90.0000000000,-50.0000000000,-50.0000000000,0.2500000,5,4,0.45706258333333333,0.437295475000,-0.8313212895127833,-0.7551436682447525,-0.8313212895127833,0.01976710833333333,ELIGIBLE,R03b_20260811_FULL_v1,L1_ELIGIBILITY,v2026-08-11,2026-03-21..2026-08-06,baccarat_bet02_101_all_pairs_incl_sentinel,round_win = game_pnl > 0 (decisive only),COMPATIBILITY_ONLY_NOT_PRODUCTION,83502.0000,78818.0000,6596.6500,1593,577,-0.07899990,-0.13750718,-0.06159745,-0.07899990,-6596.6500,83502.0000,OK,0.0000,230.8828,3.5000,96.5000,AG03-UNRESOLVED,ALL5_LEVELS_bet23_to_bet27,230.8828,230.8828,263.8660,0.0000,0.0000,3.500000,3.500000,4.000000,0.000000,0.000000,96.500000,96.500000,96.000000,100.000000,100.000000,5.0,725.6315,699.4032,5871.0185,5897.2468,PENDING_AG03,FALSE,NOT_FOR_ENFORCEMENT,6365.7673,76059.3700,6596.6500,6365.7673,230.8828,0.07899990,0.07623491,230.8828,6365.7673,0.07623491,230.8828,230.8828,263.8660,0.0000,0.0000,6365.7673,0.07623491,725.6315,699.4032,5871.0185,5897.2468,0.07030991,0.07062402,0.00276500,52.4181,136.5997,11.4327,299.8477,39.5009,3795.5455,26.2273,60.1981,50.4776,10.0,20.0,60.0,130.0,208.4998,410.0,20.0,-10.0,10.424988,20.5,2.620904,29,101,23,8,0.22925199,0.07899990,0.13750718,0E-8,0.000000,0.943906,0.000000,-0.07590974,2026-04-10,2026-08-04,22,167,151,117,0.188034,1.192570,1.148423,0.764173,,,,,,,,GLOBAL_BASELINE_NO_ENTITY_RANKING,,,NOT_APPLICABLE_GLOBAL_BASELINE,HF9g-P5,,,,X 全窗基线 · 不参与实体赏罚,14190430,1420,A168_HF9F_20260827_0900,2026-08-27 09:00:00
2026-06-07,133237696,462,0,730.0000000000,-160.0000000000,-160.0000000000,0.2000000,19,6,0.34741783249018604,0.196982751389,-0.6922952778923133,0.01696366008782014,-0.6922952778923133,0.15043508110118604,ELIGIBLE,R03b_20260811_FULL_v1,L1_ELIGIBILITY,v2026-08-11,2026-03-21..2026-08-06,baccarat_bet02_101_all_pairs_incl_sentinel,round_win = game_pnl > 0 (decisive only),COMPATIBILITY_ONLY_NOT_PRODUCTION,83502.0000,78818.0000,6596.6500,1593,577,-0.07899990,-0.13750718,-0.06159745,-0.07899990,-6596.6500,83502.0000,OK,0.0000,230.8828,3.5000,96.5000,AG03-UNRESOLVED,ALL5_LEVELS_bet23_to_bet27,230.8828,230.8828,263.8660,0.0000,0.0000,3.500000,3.500000,4.000000,0.000000,0.000000,96.500000,96.500000,96.000000,100.000000,100.000000,5.0,725.6315,699.4032,5871.0185,5897.2468,PENDING_AG03,FALSE,NOT_FOR_ENFORCEMENT,6365.7673,76059.3700,6596.6500,6365.7673,230.8828,0.07899990,0.07623491,230.8828,6365.7673,0.07623491,230.8828,230.8828,263.8660,0.0000,0.0000,6365.7673,0.07623491,725.6315,699.4032,5871.0185,5897.2468,0.07030991,0.07062402,0.00276500,52.4181,136.5997,11.4327,299.8477,39.5009,3795.5455,26.2273,60.1981,50.4776,10.0,20.0,60.0,130.0,208.4998,410.0,20.0,-10.0,10.424988,20.5,2.620904,29,101,23,8,0.22925199,0.07899990,0.13750718,0E-8,0.000000,0.943906,0.000000,-0.07590974,2026-04-10,2026-08-04,22,167,151,117,0.188034,1.192570,1.148423,0.764173,,,,,,,,GLOBAL_BASELINE_NO_ENTITY_RANKING,,,NOT_APPLICABLE_GLOBAL_BASELINE,HF9g-P5,,,,X 全窗基线 · 不参与实体赏罚,14190431,1420,A168_HF9F_20260827_0900,2026-08-27 09:00:00
2026-06-07,133237696,529,0,619.0000000000,42.9500000000,42.9500000000,0.2000000,22,11,0.36246654609424415,0.312299584848,-1.0687558222767366,-0.7662893752851095,-1.0687558222767366,0.05016696124624415,ELIGIBLE,R03b_20260811_FULL_v1,L1_ELIGIBILITY,v2026-08-11,2026-03-21..2026-08-06,baccarat_bet02_101_all_pairs_incl_sentinel,round_win = game_pnl > 0 (decisive only),COMPATIBILITY_ONLY_NOT_PRODUCTION,83502.0000,78818.0000,6596.6500,1593,577,-0.07899990,-0.13750718,-0.06159745,-0.07899990,-6596.6500,83502.0000,OK,0.0000,230.8828,3.5000,96.5000,AG03-UNRESOLVED,ALL5_LEVELS_bet23_to_bet27,230.8828,230.8828,263.8660,0.0000,0.0000,3.500000,3.500000,4.000000,0.000000,0.000000,96.500000,96.500000,96.000000,100.000000,100.000000,5.0,725.6315,699.4032,5871.0185,5897.2468,PENDING_AG03,FALSE,NOT_FOR_ENFORCEMENT,6365.7673,76059.3700,6596.6500,6365.7673,230.8828,0.07899990,0.07623491,230.8828,6365.7673,0.07623491,230.8828,230.8828,263.8660,0.0000,0.0000,6365.7673,0.07623491,725.6315,699.4032,5871.0185,5897.2468,0.07030991,0.07062402,0.00276500,52.4181,136.5997,11.4327,299.8477,39.5009,3795.5455,26.2273,60.1981,50.4776,10.0,20.0,60.0,130.0,208.4998,410.0,20.0,-10.0,10.424988,20.5,2.620904,29,101,23,8,0.22925199,0.07899990,0.13750718,0E-8,0.000000,0.943906,0.000000,-0.07590974,2026-04-10,2026-08-04,22,167,151,117,0.188034,1.192570,1.148423,0.764173,,,,,,,,GLOBAL_BASELINE_NO_ENTITY_RANKING,,,NOT_APPLICABLE_GLOBAL_BASELINE,HF9g-P5,,,,X 全窗基线 · 不参与实体赏罚,14190432,1420,A168_HF9F_20260827_0900,2026-08-27 09:00:00
2026-06-08,133237696,-1,1,1060.0000000000,260.0000000000,260.0000000000,0.6363636,32,11,0.35748305082629789,0.207229068182,1.9299435314557738,3.511483616096476,1.9299435314557738,0.15025398264429789,SENTINEL_DEALER,R03b_20260811_FULL_v1,L1_ELIGIBILITY,v2026-08-11,2026-03-21..2026-08-06,baccarat_bet02_101_all_pairs_incl_sentinel,round_win = game_pnl > 0 (decisive only),COMPATIBILITY_ONLY_NOT_PRODUCTION,83502.0000,78818.0000,6596.6500,1593,577,-0.07899990,-0.13750718,-0.06159745,-0.07899990,-6596.6500,83502.0000,OK,0.0000,230.8828,3.5000,96.5000,AG03-UNRESOLVED,ALL5_LEVELS_bet23_to_bet27,230.8828,230.8828,263.8660,0.0000,0.0000,3.500000,3.500000,4.000000,0.000000,0.000000,96.500000,96.500000,96.000000,100.000000,100.000000,5.0,725.6315,699.4032,5871.0185,5897.2468,PENDING_AG03,FALSE,NOT_FOR_ENFORCEMENT,6365.7673,76059.3700,6596.6500,6365.7673,230.8828,0.07899990,0.07623491,230.8828,6365.7673,0.07623491,230.8828,230.8828,263.8660,0.0000,0.0000,6365.7673,0.07623491,725.6315,699.4032,5871.0185,5897.2468,0.07030991,0.07062402,0.00276500,52.4181,136.5997,11.4327,299.8477,39.5009,3795.5455,26.2273,60.1981,50.4776,10.0,20.0,60.0,130.0,208.4998,410.0,20.0,-10.0,10.424988,20.5,2.620904,29,101,23,8,0.22925199,0.07899990,0.13750718,0E-8,0.000000,0.943906,0.000000,-0.07590974,2026-04-10,2026-08-04,22,167,151,117,0.188034,1.192570,1.148423,0.764173,,,,,,,,GLOBAL_BASELINE_NO_ENTITY_RANKING,,,NOT_APPLICABLE_GLOBAL_BASELINE,HF9g-P5,,,,X 全窗基线 · 不参与实体赏罚,14190433,1420,A168_HF9F_20260827_0900,2026-08-27 09:00:00
2026-06-08,133237696,1330,0,220.0000000000,-150.0000000000,-150.0000000000,0E-7,6,2,0.37428722833333334,0.197889300000,-1.093780035572802,-0.702439619656346,-1.093780035572802,0.17639792833333334,ELIGIBLE,R03b_20260811_FULL_v1,L1_ELIGIBILITY,v2026-08-11,2026-03-21..2026-08-06,baccarat_bet02_101_all_pairs_incl_sentinel,round_win = game_pnl > 0 (decisive only),COMPATIBILITY_ONLY_NOT_PRODUCTION,83502.0000,78818.0000,6596.6500,1593,577,-0.07899990,-0.13750718,-0.06159745,-0.07899990,-6596.6500,83502.0000,OK,0.0000,230.8828,3.5000,96.5000,AG03-UNRESOLVED,ALL5_LEVELS_bet23_to_bet27,230.8828,230.8828,263.8660,0.0000,0.0000,3.500000,3.500000,4.000000,0.000000,0.000000,96.500000,96.500000,96.000000,100.000000,100.000000,5.0,725.6315,699.4032,5871.0185,5897.2468,PENDING_AG03,FALSE,NOT_FOR_ENFORCEMENT,6365.7673,76059.3700,6596.6500,6365.7673,230.8828,0.07899990,0.07623491,230.8828,6365.7673,0.07623491,230.8828,230.8828,263.8660,0.0000,0.0000,6365.7673,0.07623491,725.6315,699.4032,5871.0185,5897.2468,0.07030991,0.07062402,0.00276500,52.4181,136.5997,11.4327,299.8477,39.5009,3795.5455,26.2273,60.1981,50.4776,10.0,20.0,60.0,130.0,208.4998,410.0,20.0,-10.0,10.424988,20.5,2.620904,29,101,23,8,0.22925199,0.07899990,0.13750718,0E-8,0.000000,0.943906,0.000000,-0.07590974,2026-04-10,2026-08-04,22,167,151,117,0.188034,1.192570,1.148423,0.764173,,,,,,,,GLOBAL_BASELINE_NO_ENTITY_RANKING,,,NOT_APPLICABLE_GLOBAL_BASELINE,HF9g-P5,,,,X 全窗基线 · 不参与实体赏罚,14190434,1420,A168_HF9F_20260827_0900,2026-08-27 09:00:00
2026-06-08,133237696,1396,0,170.0000000000,-110.0000000000,-110.0000000000,0E-7,6,2,0.36577029027777778,0.197889300000,-1.0739793233196688,-0.702439619656346,-1.0739793233196688,0.16788099027777778,ELIGIBLE,R03b_20260811_FULL_v1,L1_ELIGIBILITY,v2026-08-11,2026-03-21..2026-08-06,baccarat_bet02_101_all_pairs_incl_sentinel,round_win = game_pnl > 0 (decisive only),COMPATIBILITY_ONLY_NOT_PRODUCTION,83502.0000,78818.0000,6596.6500,1593,577,-0.07899990,-0.13750718,-0.06159745,-0.07899990,-6596.6500,83502.0000,OK,0.0000,230.8828,3.5000,96.5000,AG03-UNRESOLVED,ALL5_LEVELS_bet23_to_bet27,230.8828,230.8828,263.8660,0.0000,0.0000,3.500000,3.500000,4.000000,0.000000,0.000000,96.500000,96.500000,96.000000,100.000000,100.000000,5.0,725.6315,699.4032,5871.0185,5897.2468,PENDING_AG03,FALSE,NOT_FOR_ENFORCEMENT,6365.7673,76059.3700,6596.6500,6365.7673,230.8828,0.07899990,0.07623491,230.8828,6365.7673,0.07623491,230.8828,230.8828,263.8660,0.0000,0.0000,6365.7673,0.07623491,725.6315,699.4032,5871.0185,5897.2468,0.07030991,0.07062402,0.00276500,52.4181,136.5997,11.4327,299.8477,39.5009,3795.5455,26.2273,60.1981,50.4776,10.0,20.0,60.0,130.0,208.4998,410.0,20.0,-10.0,10.424988,20.5,2.620904,29,101,23,8,0.22925199,0.07899990,0.13750718,0E-8,0.000000,0.943906,0.000000,-0.07590974,2026-04-10,2026-08-04,22,167,151,117,0.188034,1.192570,1.148423,0.764173,,,,,,,,GLOBAL_BASELINE_NO_ENTITY_RANKING,,,NOT_APPLICABLE_GLOBAL_BASELINE,HF9g-P5,,,,X 全窗基线 · 不参与实体赏罚,14190435,1420,A168_HF9F_20260827_0900,2026-08-27 09:00:00
2026-06-08,133237696,1485,0,180.0000000000,-180.0000000000,-180.0000000000,0E-7,3,1,0.42114957777777778,0.197889300000,-0.852972456703116,-0.4966998184331015,-0.852972456703116,0.22326027777777778,ELIGIBLE,R03b_20260811_FULL_v1,L1_ELIGIBILITY,v2026-08-11,2026-03-21..2026-08-06,baccarat_bet02_101_all_pairs_incl_sentinel,round_win = game_pnl > 0 (decisive only),COMPATIBILITY_ONLY_NOT_PRODUCTION,83502.0000,78818.0000,6596.6500,1593,577,-0.07899990,-0.13750718,-0.06159745,-0.07899990,-6596.6500,83502.0000,OK,0.0000,230.8828,3.5000,96.5000,AG03-UNRESOLVED,ALL5_LEVELS_bet23_to_bet27,230.8828,230.8828,263.8660,0.0000,0.0000,3.500000,3.500000,4.000000,0.000000,0.000000,96.500000,96.500000,96.000000,100.000000,100.000000,5.0,725.6315,699.4032,5871.0185,5897.2468,PENDING_AG03,FALSE,NOT_FOR_ENFORCEMENT,6365.7673,76059.3700,6596.6500,6365.7673,230.8828,0.07899990,0.07623491,230.8828,6365.7673,0.07623491,230.8828,230.8828,263.8660,0.0000,0.0000,6365.7673,0.07623491,725.6315,699.4032,5871.0185,5897.2468,0.07030991,0.07062402,0.00276500,52.4181,136.5997,11.4327,299.8477,39.5009,3795.5455,26.2273,60.1981,50.4776,10.0,20.0,60.0,130.0,208.4998,410.0,20.0,-10.0,10.424988,20.5,2.620904,29,101,23,8,0.22925199,0.07899990,0.13750718,0E-8,0.000000,0.943906,0.000000,-0.07590974,2026-04-10,2026-08-04,22,167,151,117,0.188034,1.192570,1.148423,0.764173,,,,,,,,GLOBAL_BASELINE_NO_ENTITY_RANKING,,,NOT_APPLICABLE_GLOBAL_BASELINE,HF9g-P5,,,,X 全窗基线 · 不参与实体赏罚,14190436,1420,A168_HF9F_20260827_0900,2026-08-27 09:00:00
2026-06-08,133237696,1985,0,297.0000000000,-51.0000000000,-51.0000000000,0.6666667,7,3,0.42079616639433551,0.296341366667,0.8626119119809326,1.4046459157196718,0.8626119119809326,0.12445479972733551,ELIGIBLE,R03b_20260811_FULL_v1,L1_ELIGIBILITY,v2026-08-11,2026-03-21..2026-08-06,baccarat_bet02_101_all_pairs_incl_sentinel,round_win = game_pnl > 0 (decisive only),COMPATIBILITY_ONLY_NOT_PRODUCTION,83502.0000,78818.0000,6596.6500,1593,577,-0.07899990,-0.13750718,-0.06159745,-0.07899990,-6596.6500,83502.0000,OK,0.0000,230.8828,3.5000,96.5000,AG03-UNRESOLVED,ALL5_LEVELS_bet23_to_bet27,230.8828,230.8828,263.8660,0.0000,0.0000,3.500000,3.500000,4.000000,0.000000,0.000000,96.500000,96.500000,96.000000,100.000000,100.000000,5.0,725.6315,699.4032,5871.0185,5897.2468,PENDING_AG03,FALSE,NOT_FOR_ENFORCEMENT,6365.7673,76059.3700,6596.6500,6365.7673,230.8828,0.07899990,0.07623491,230.8828,6365.7673,0.07623491,230.8828,230.8828,263.8660,0.0000,0.0000,6365.7673,0.07623491,725.6315,699.4032,5871.0185,5897.2468,0.07030991,0.07062402,0.00276500,52.4181,136.5997,11.4327,299.8477,39.5009,3795.5455,26.2273,60.1981,50.4776,10.0,20.0,60.0,130.0,208.4998,410.0,20.0,-10.0,10.424988,20.5,2.620904,29,101,23,8,0.22925199,0.07899990,0.13750718,0E-8,0.000000,0.943906,0.000000,-0.07590974,2026-04-10,2026-08-04,22,167,151,117,0.188034,1.192570,1.148423,0.764173,,,,,,,,GLOBAL_BASELINE_NO_ENTITY_RANKING,,,NOT_APPLICABLE_GLOBAL_BASELINE,HF9g-P5,,,,X 全窗基线 · 不参与实体赏罚,14190437,1420,A168_HF9F_20260827_0900,2026-08-27 09:00:00
2026-06-08,133237696,2117,0,220.0000000000,-100.0000000000,-100.0000000000,0.5000000,6,2,0.35540401623931624,0.197889300000,0.4272344502034363,1.0723900948768452,0.4272344502034363,0.15751471623931624,ELIGIBLE,R03b_20260811_FULL_v1,L1_ELIGIBILITY,v2026-08-11,2026-03-21..2026-08-06,baccarat_bet02_101_all_pairs_incl_sentinel,round_win = game_pnl > 0 (decisive only),COMPATIBILITY_ONLY_NOT_PRODUCTION,83502.0000,78818.0000,6596.6500,1593,577,-0.07899990,-0.13750718,-0.06159745,-0.07899990,-6596.6500,83502.0000,OK,0.0000,230.8828,3.5000,96.5000,AG03-UNRESOLVED,ALL5_LEVELS_bet23_to_bet27,230.8828,230.8828,263.8660,0.0000,0.0000,3.500000,3.500000,4.000000,0.000000,0.000000,96.500000,96.500000,96.000000,100.000000,100.000000,5.0,725.6315,699.4032,5871.0185,5897.2468,PENDING_AG03,FALSE,NOT_FOR_ENFORCEMENT,6365.7673,76059.3700,6596.6500,6365.7673,230.8828,0.07899990,0.07623491,230.8828,6365.7673,0.07623491,230.8828,230.8828,263.8660,0.0000,0.0000,6365.7673,0.07623491,725.6315,699.4032,5871.0185,5897.2468,0.07030991,0.07062402,0.00276500,52.4181,136.5997,11.4327,299.8477,39.5009,3795.5455,26.2273,60.1981,50.4776,10.0,20.0,60.0,130.0,208.4998,410.0,20.0,-10.0,10.424988,20.5,2.620904,29,101,23,8,0.22925199,0.07899990,0.13750718,0E-8,0.000000,0.943906,0.000000,-0.07590974,2026-04-10,2026-08-04,22,167,151,117,0.188034,1.192570,1.148423,0.764173,,,,,,,,GLOBAL_BASELINE_NO_ENTITY_RANKING,,,NOT_APPLICABLE_GLOBAL_BASELINE,HF9g-P5,,,,X 全窗基线 · 不参与实体赏罚,14190438,1420,A168_HF9F_20260827_0900,2026-08-27 09:00:00
2026-06-08,133237696,2130,0,530.0000000000,-70.0000000000,-70.0000000000,0.7500000,12,4,0.37826978541666667,0.197889300000,1.5330490302111346,2.7715827429272077,1.5330490302111346,0.18038048541666667,ELIGIBLE,R03b_20260811_FULL_v1,L1_ELIGIBILITY,v2026-08-11,2026-03-21..2026-08-06,baccarat_bet02_101_all_pairs_incl_sentinel,round_win = game_pnl > 0 (decisive only),COMPATIBILITY_ONLY_NOT_PRODUCTION,83502.0000,78818.0000,6596.6500,1593,577,-0.07899990,-0.13750718,-0.06159745,-0.07899990,-6596.6500,83502.0000,OK,0.0000,230.8828,3.5000,96.5000,AG03-UNRESOLVED,ALL5_LEVELS_bet23_to_bet27,230.8828,230.8828,263.8660,0.0000,0.0000,3.500000,3.500000,4.000000,0.000000,0.000000,96.500000,96.500000,96.000000,100.000000,100.000000,5.0,725.6315,699.4032,5871.0185,5897.2468,PENDING_AG03,FALSE,NOT_FOR_ENFORCEMENT,6365.7673,76059.3700,6596.6500,6365.7673,230.8828,0.07899990,0.07623491,230.8828,6365.7673,0.07623491,230.8828,230.8828,263.8660,0.0000,0.0000,6365.7673,0.07623491,725.6315,699.4032,5871.0185,5897.2468,0.07030991,0.07062402,0.00276500,52.4181,136.5997,11.4327,299.8477,39.5009,3795.5455,26.2273,60.1981,50.4776,10.0,20.0,60.0,130.0,208.4998,410.0,20.0,-10.0,10.424988,20.5,2.620904,29,101,23,8,0.22925199,0.07899990,0.13750718,0E-8,0.000000,0.943906,0.000000,-0.07590974,2026-04-10,2026-08-04,22,167,151,117,0.188034,1.192570,1.148423,0.764173,,,,,,,,GLOBAL_BASELINE_NO_ENTITY_RANKING,,,NOT_APPLICABLE_GLOBAL_BASELINE,HF9g-P5,,,,X 全窗基线 · 不参与实体赏罚,14190439,1420,A168_HF9F_20260827_0900,2026-08-27 09:00:00
2026-06-08,133237696,2171,0,296.0000000000,-136.0000000000,-136.0000000000,0.5000000,6,2,0.39937280361681330,0.197889300000,0.29056187577533793,1.0723900948768452,0.29056187577533793,0.20148350361681330,ELIGIBLE,R03b_20260811_FULL_v1,L1_ELIGIBILITY,v2026-08-11,2026-03-21..2026-08-06,baccarat_bet02_101_all_pairs_incl_sentinel,round_win = game_pnl > 0 (decisive only),COMPATIBILITY_ONLY_NOT_PRODUCTION,83502.0000,78818.0000,6596.6500,1593,577,-0.07899990,-0.13750718,-0.06159745,-0.07899990,-6596.6500,83502.0000,OK,0.0000,230.8828,3.5000,96.5000,AG03-UNRESOLVED,ALL5_LEVELS_bet23_to_bet27,230.8828,230.8828,263.8660,0.0000,0.0000,3.500000,3.500000,4.000000,0.000000,0.000000,96.500000,96.500000,96.000000,100.000000,100.000000,5.0,725.6315,699.4032,5871.0185,5897.2468,PENDING_AG03,FALSE,NOT_FOR_ENFORCEMENT,6365.7673,76059.3700,6596.6500,6365.7673,230.8828,0.07899990,0.07623491,230.8828,6365.7673,0.07623491,230.8828,230.8828,263.8660,0.0000,0.0000,6365.7673,0.07623491,725.6315,699.4032,5871.0185,5897.2468,0.07030991,0.07062402,0.00276500,52.4181,136.5997,11.4327,299.8477,39.5009,3795.5455,26.2273,60.1981,50.4776,10.0,20.0,60.0,130.0,208.4998,410.0,20.0,-10.0,10.424988,20.5,2.620904,29,101,23,8,0.22925199,0.07899990,0.13750718,0E-8,0.000000,0.943906,0.000000,-0.07590974,2026-04-10,2026-08-04,22,167,151,117,0.188034,1.192570,1.148423,0.764173,,,,,,,,GLOBAL_BASELINE_NO_ENTITY_RANKING,,,NOT_APPLICABLE_GLOBAL_BASELINE,HF9g-P5,,,,X 全窗基线 · 不参与实体赏罚,14190440,1420,A168_HF9F_20260827_0900,2026-08-27 09:00:00
2026-06-08,133237696,2222,0,70.0000000000,-70.0000000000,-70.0000000000,0E-7,3,1,0.36666427142857143,0.197889300000,-0.7608819862080584,-0.4966998184331015,-0.7608819862080584,0.16877497142857143,ELIGIBLE,R03b_20260811_FULL_v1,L1_ELIGIBILITY,v2026-08-11,2026-03-21..2026-08-06,baccarat_bet02_101_all_pairs_incl_sentinel,round_win = game_pnl > 0 (decisive only),COMPATIBILITY_ONLY_NOT_PRODUCTION,83502.0000,78818.0000,6596.6500,1593,577,-0.07899990,-0.13750718,-0.06159745,-0.07899990,-6596.6500,83502.0000,OK,0.0000,230.8828,3.5000,96.5000,AG03-UNRESOLVED,ALL5_LEVELS_bet23_to_bet27,230.8828,230.8828,263.8660,0.0000,0.0000,3.500000,3.500000,4.000000,0.000000,0.000000,96.500000,96.500000,96.000000,100.000000,100.000000,5.0,725.6315,699.4032,5871.0185,5897.2468,PENDING_AG03,FALSE,NOT_FOR_ENFORCEMENT,6365.7673,76059.3700,6596.6500,6365.7673,230.8828,0.07899990,0.07623491,230.8828,6365.7673,0.07623491,230.8828,230.8828,263.8660,0.0000,0.0000,6365.7673,0.07623491,725.6315,699.4032,5871.0185,5897.2468,0.07030991,0.07062402,0.00276500,52.4181,136.5997,11.4327,299.8477,39.5009,3795.5455,26.2273,60.1981,50.4776,10.0,20.0,60.0,130.0,208.4998,410.0,20.0,-10.0,10.424988,20.5,2.620904,29,101,23,8,0.22925199,0.07899990,0.13750718,0E-8,0.000000,0.943906,0.000000,-0.07590974,2026-04-10,2026-08-04,22,167,151,117,0.188034,1.192570,1.148423,0.764173,,,,,,,,GLOBAL_BASELINE_NO_ENTITY_RANKING,,,NOT_APPLICABLE_GLOBAL_BASELINE,HF9g-P5,,,,X 全窗基线 · 不参与实体赏罚,14190441,1420,A168_HF9F_20260827_0900,2026-08-27 09:00:00
2026-06-08,133237696,2233,0,240.0000000000,-181.5000000000,-181.5000000000,0E-7,6,2,0.32926388055555556,0.218271633333,-0.9908574909169596,-0.7472840472808194,-0.9908574909169596,0.11099224722255556,ELIGIBLE,R03b_20260811_FULL_v1,L1_ELIGIBILITY,v2026-08-11,2026-03-21..2026-08-06,baccarat_bet02_101_all_pairs_incl_sentinel,round_win = game_pnl > 0 (decisive only),COMPATIBILITY_ONLY_NOT_PRODUCTION,83502.0000,78818.0000,6596.6500,1593,577,-0.07899990,-0.13750718,-0.06159745,-0.07899990,-6596.6500,83502.0000,OK,0.0000,230.8828,3.5000,96.5000,AG03-UNRESOLVED,ALL5_LEVELS_bet23_to_bet27,230.8828,230.8828,263.8660,0.0000,0.0000,3.500000,3.500000,4.000000,0.000000,0.000000,96.500000,96.500000,96.000000,100.000000,100.000000,5.0,725.6315,699.4032,5871.0185,5897.2468,PENDING_AG03,FALSE,NOT_FOR_ENFORCEMENT,6365.7673,76059.3700,6596.6500,6365.7673,230.8828,0.07899990,0.07623491,230.8828,6365.7673,0.07623491,230.8828,230.8828,263.8660,0.0000,0.0000,6365.7673,0.07623491,725.6315,699.4032,5871.0185,5897.2468,0.07030991,0.07062402,0.00276500,52.4181,136.5997,11.4327,299.8477,39.5009,3795.5455,26.2273,60.1981,50.4776,10.0,20.0,60.0,130.0,208.4998,410.0,20.0,-10.0,10.424988,20.5,2.620904,29,101,23,8,0.22925199,0.07899990,0.13750718,0E-8,0.000000,0.943906,0.000000,-0.07590974,2026-04-10,2026-08-04,22,167,151,117,0.188034,1.192570,1.148423,0.764173,,,,,,,,GLOBAL_BASELINE_NO_ENTITY_RANKING,,,NOT_APPLICABLE_GLOBAL_BASELINE,HF9g-P5,,,,X 全窗基线 · 不参与实体赏罚,14190442,1420,A168_HF9F_20260827_0900,2026-08-27 09:00:00
2026-06-09,133237696,2129,0,150.0000000000,-90.0000000000,-90.0000000000,0.5000000,6,2,0.33975231000000000,0.197889300000,0.47848917969591465,1.0723900948768452,0.47848917969591465,0.14186301000000000,ELIGIBLE,R03b_20260811_FULL_v1,L1_ELIGIBILITY,v2026-08-11,2026-03-21..2026-08-06,baccarat_bet02_101_all_pairs_incl_sentinel,round_win = game_pnl > 0 (decisive only),COMPATIBILITY_ONLY_NOT_PRODUCTION,83502.0000,78818.0000,6596.6500,1593,577,-0.07899990,-0.13750718,-0.06159745,-0.07899990,-6596.6500,83502.0000,OK,0.0000,230.8828,3.5000,96.5000,AG03-UNRESOLVED,ALL5_LEVELS_bet23_to_bet27,230.8828,230.8828,263.8660,0.0000,0.0000,3.500000,3.500000,4.000000,0.000000,0.000000,96.500000,96.500000,96.000000,100.000000,100.000000,5.0,725.6315,699.4032,5871.0185,5897.2468,PENDING_AG03,FALSE,NOT_FOR_ENFORCEMENT,6365.7673,76059.3700,6596.6500,6365.7673,230.8828,0.07899990,0.07623491,230.8828,6365.7673,0.07623491,230.8828,230.8828,263.8660,0.0000,0.0000,6365.7673,0.07623491,725.6315,699.4032,5871.0185,5897.2468,0.07030991,0.07062402,0.00276500,52.4181,136.5997,11.4327,299.8477,39.5009,3795.5455,26.2273,60.1981,50.4776,10.0,20.0,60.0,130.0,208.4998,410.0,20.0,-10.0,10.424988,20.5,2.620904,29,101,23,8,0.22925199,0.07899990,0.13750718,0E-8,0.000000,0.943906,0.000000,-0.07590974,2026-04-10,2026-08-04,22,167,151,117,0.188034,1.192570,1.148423,0.764173,,,,,,,,GLOBAL_BASELINE_NO_ENTITY_RANKING,,,NOT_APPLICABLE_GLOBAL_BASELINE,HF9g-P5,,,,X 全窗基线 · 不参与实体赏罚,14190443,1420,A168_HF9F_20260827_0900,2026-08-27 09:00:00
2026-06-11,133237696,1109,0,310.0000000000,-50.0000000000,-50.0000000000,0.2500000,13,4,0.29008718875000000,0.191433893750,-0.1766724432912121,0.2977207908801749,-0.1766724432912121,0.09865329500000000,ELIGIBLE,R03b_20260811_FULL_v1,L1_ELIGIBILITY,v2026-08-11,2026-03-21..2026-08-06,baccarat_bet02_101_all_pairs_incl_sentinel,round_win = game_pnl > 0 (decisive only),COMPATIBILITY_ONLY_NOT_PRODUCTION,83502.0000,78818.0000,6596.6500,1593,577,-0.07899990,-0.13750718,-0.06159745,-0.07899990,-6596.6500,83502.0000,OK,0.0000,230.8828,3.5000,96.5000,AG03-UNRESOLVED,ALL5_LEVELS_bet23_to_bet27,230.8828,230.8828,263.8660,0.0000,0.0000,3.500000,3.500000,4.000000,0.000000,0.000000,96.500000,96.500000,96.000000,100.000000,100.000000,5.0,725.6315,699.4032,5871.0185,5897.2468,PENDING_AG03,FALSE,NOT_FOR_ENFORCEMENT,6365.7673,76059.3700,6596.6500,6365.7673,230.8828,0.07899990,0.07623491,230.8828,6365.7673,0.07623491,230.8828,230.8828,263.8660,0.0000,0.0000,6365.7673,0.07623491,725.6315,699.4032,5871.0185,5897.2468,0.07030991,0.07062402,0.00276500,52.4181,136.5997,11.4327,299.8477,39.5009,3795.5455,26.2273,60.1981,50.4776,10.0,20.0,60.0,130.0,208.4998,410.0,20.0,-10.0,10.424988,20.5,2.620904,29,101,23,8,0.22925199,0.07899990,0.13750718,0E-8,0.000000,0.943906,0.000000,-0.07590974,2026-04-10,2026-08-04,22,167,151,117,0.188034,1.192570,1.148423,0.764173,,,,,,,,GLOBAL_BASELINE_NO_ENTITY_RANKING,,,NOT_APPLICABLE_GLOBAL_BASELINE,HF9g-P5,,,,X 全窗基线 · 不参与实体赏罚,14190444,1420,A168_HF9F_20260827_0900,2026-08-27 09:00:00
2026-06-11,133237696,1400,0,2154.0000000000,1102.3000000000,1102.3000000000,0.8888889,28,9,0.37332974965190591,0.216246369444,3.1976719407820395,4.9016396025795475,3.1976719407820395,0.15708338020790591,ELIGIBLE,R03b_20260811_FULL_v1,L1_ELIGIBILITY,v2026-08-11,2026-03-21..2026-08-06,baccarat_bet02_101_all_pairs_incl_sentinel,round_win = game_pnl > 0 (decisive only),COMPATIBILITY_ONLY_NOT_PRODUCTION,83502.0000,78818.0000,6596.6500,1593,577,-0.07899990,-0.13750718,-0.06159745,-0.07899990,-6596.6500,83502.0000,OK,0.0000,230.8828,3.5000,96.5000,AG03-UNRESOLVED,ALL5_LEVELS_bet23_to_bet27,230.8828,230.8828,263.8660,0.0000,0.0000,3.500000,3.500000,4.000000,0.000000,0.000000,96.500000,96.500000,96.000000,100.000000,100.000000,5.0,725.6315,699.4032,5871.0185,5897.2468,PENDING_AG03,FALSE,NOT_FOR_ENFORCEMENT,6365.7673,76059.3700,6596.6500,6365.7673,230.8828,0.07899990,0.07623491,230.8828,6365.7673,0.07623491,230.8828,230.8828,263.8660,0.0000,0.0000,6365.7673,0.07623491,725.6315,699.4032,5871.0185,5897.2468,0.07030991,0.07062402,0.00276500,52.4181,136.5997,11.4327,299.8477,39.5009,3795.5455,26.2273,60.1981,50.4776,10.0,20.0,60.0,130.0,208.4998,410.0,20.0,-10.0,10.424988,20.5,2.620904,29,101,23,8,0.22925199,0.07899990,0.13750718,0E-8,0.000000,0.943906,0.000000,-0.07590974,2026-04-10,2026-08-04,22,167,151,117,0.188034,1.192570,1.148423,0.764173,,,,,,,,GLOBAL_BASELINE_NO_ENTITY_RANKING,,,NOT_APPLICABLE_GLOBAL_BASELINE,HF9g-P5,,,,X 全窗基线 · 不参与实体赏罚,14190445,1420,A168_HF9F_20260827_0900,2026-08-27 09:00:00
2026-06-11,133237696,2141,0,100.0000000000,-100.0000000000,-100.0000000000,0E-7,3,1,0.36347284000000000,0.197889300000,-0.7556618767016126,-0.4966998184331015,-0.7556618767016126,0.16558354000000000,ELIGIBLE,R03b_20260811_FULL_v1,L1_ELIGIBILITY,v2026-08-11,2026-03-21..2026-08-06,baccarat_bet02_101_all_pairs_incl_sentinel,round_win = game_pnl > 0 (decisive only),COMPATIBILITY_ONLY_NOT_PRODUCTION,83502.0000,78818.0000,6596.6500,1593,577,-0.07899990,-0.13750718,-0.06159745,-0.07899990,-6596.6500,83502.0000,OK,0.0000,230.8828,3.5000,96.5000,AG03-UNRESOLVED,ALL5_LEVELS_bet23_to_bet27,230.8828,230.8828,263.8660,0.0000,0.0000,3.500000,3.500000,4.000000,0.000000,0.000000,96.500000,96.500000,96.000000,100.000000,100.000000,5.0,725.6315,699.4032,5871.0185,5897.2468,PENDING_AG03,FALSE,NOT_FOR_ENFORCEMENT,6365.7673,76059.3700,6596.6500,6365.7673,230.8828,0.07899990,0.07623491,230.8828,6365.7673,0.07623491,230.8828,230.8828,263.8660,0.0000,0.0000,6365.7673,0.07623491,725.6315,699.4032,5871.0185,5897.2468,0.07030991,0.07062402,0.00276500,52.4181,136.5997,11.4327,299.8477,39.5009,3795.5455,26.2273,60.1981,50.4776,10.0,20.0,60.0,130.0,208.4998,410.0,20.0,-10.0,10.424988,20.5,2.620904,29,101,23,8,0.22925199,0.07899990,0.13750718,0E-8,0.000000,0.943906,0.000000,-0.07590974,2026-04-10,2026-08-04,22,167,151,117,0.188034,1.192570,1.148423,0.764173,,,,,,,,GLOBAL_BASELINE_NO_ENTITY_RANKING,,,NOT_APPLICABLE_GLOBAL_BASELINE,HF9g-P5,,,,X 全窗基线 · 不参与实体赏罚,14190446,1420,A168_HF9F_20260827_0900,2026-08-27 09:00:00
2026-06-11,133237696,2239,0,80.0000000000,-80.0000000000,-80.0000000000,0E-7,3,1,0.33102967500000000,0.197889300000,-0.7034448220465443,-0.4966998184331015,-0.7034448220465443,0.13314037500000000,ELIGIBLE,R03b_20260811_FULL_v1,L1_ELIGIBILITY,v2026-08-11,2026-03-21..2026-08-06,baccarat_bet02_101_all_pairs_incl_sentinel,round_win = game_pnl > 0 (decisive only),COMPATIBILITY_ONLY_NOT_PRODUCTION,83502.0000,78818.0000,6596.6500,1593,577,-0.07899990,-0.13750718,-0.06159745,-0.07899990,-6596.6500,83502.0000,OK,0.0000,230.8828,3.5000,96.5000,AG03-UNRESOLVED,ALL5_LEVELS_bet23_to_bet27,230.8828,230.8828,263.8660,0.0000,0.0000,3.500000,3.500000,4.000000,0.000000,0.000000,96.500000,96.500000,96.000000,100.000000,100.000000,5.0,725.6315,699.4032,5871.0185,5897.2468,PENDING_AG03,FALSE,NOT_FOR_ENFORCEMENT,6365.7673,76059.3700,6596.6500,6365.7673,230.8828,0.07899990,0.07623491,230.8828,6365.7673,0.07623491,230.8828,230.8828,263.8660,0.0000,0.0000,6365.7673,0.07623491,725.6315,699.4032,5871.0185,5897.2468,0.07030991,0.07062402,0.00276500,52.4181,136.5997,11.4327,299.8477,39.5009,3795.5455,26.2273,60.1981,50.4776,10.0,20.0,60.0,130.0,208.4998,410.0,20.0,-10.0,10.424988,20.5,2.620904,29,101,23,8,0.22925199,0.07899990,0.13750718,0E-8,0.000000,0.943906,0.000000,-0.07590974,2026-04-10,2026-08-04,22,167,151,117,0.188034,1.192570,1.148423,0.764173,,,,,,,,GLOBAL_BASELINE_NO_ENTITY_RANKING,,,NOT_APPLICABLE_GLOBAL_BASELINE,HF9g-P5,,,,X 全窗基线 · 不参与实体赏罚,14190447,1420,A168_HF9F_20260827_0900,2026-08-27 09:00:00
2026-06-13,133237696,-1,1,102.0000000000,-0.6000000000,-0.6000000000,0.5000000,3,2,0.46134177000000000,0.393378375000,0.109670273070765,0.3086711997975373,0.109670273070765,0.06796339500000000,SENTINEL_DEALER,R03b_20260811_FULL_v1,L1_ELIGIBILITY,v2026-08-11,2026-03-21..2026-08-06,baccarat_bet02_101_all_pairs_incl_sentinel,round_win = game_pnl > 0 (decisive only),COMPATIBILITY_ONLY_NOT_PRODUCTION,83502.0000,78818.0000,6596.6500,1593,577,-0.07899990,-0.13750718,-0.06159745,-0.07899990,-6596.6500,83502.0000,OK,0.0000,230.8828,3.5000,96.5000,AG03-UNRESOLVED,ALL5_LEVELS_bet23_to_bet27,230.8828,230.8828,263.8660,0.0000,0.0000,3.500000,3.500000,4.000000,0.000000,0.000000,96.500000,96.500000,96.000000,100.000000,100.000000,5.0,725.6315,699.4032,5871.0185,5897.2468,PENDING_AG03,FALSE,NOT_FOR_ENFORCEMENT,6365.7673,76059.3700,6596.6500,6365.7673,230.8828,0.07899990,0.07623491,230.8828,6365.7673,0.07623491,230.8828,230.8828,263.8660,0.0000,0.0000,6365.7673,0.07623491,725.6315,699.4032,5871.0185,5897.2468,0.07030991,0.07062402,0.00276500,52.4181,136.5997,11.4327,299.8477,39.5009,3795.5455,26.2273,60.1981,50.4776,10.0,20.0,60.0,130.0,208.4998,410.0,20.0,-10.0,10.424988,20.5,2.620904,29,101,23,8,0.22925199,0.07899990,0.13750718,0E-8,0.000000,0.943906,0.000000,-0.07590974,2026-04-10,2026-08-04,22,167,151,117,0.188034,1.192570,1.148423,0.764173,,,,,,,,GLOBAL_BASELINE_NO_ENTITY_RANKING,,,NOT_APPLICABLE_GLOBAL_BASELINE,HF9g-P5,,,,X 全窗基线 · 不参与实体赏罚,14190448,1420,A168_HF9F_20260827_0900,2026-08-27 09:00:00
2026-06-13,133237696,1645,0,284.0000000000,-284.0000000000,-284.0000000000,0E-7,3,1,0.44755090140845070,0.197889300000,-0.9000675065025957,-0.4966998184331015,-0.9000675065025957,0.24966160140845070,ELIGIBLE,R03b_20260811_FULL_v1,L1_ELIGIBILITY,v2026-08-11,2026-03-21..2026-08-06,baccarat_bet02_101_all_pairs_incl_sentinel,round_win = game_pnl > 0 (decisive only),COMPATIBILITY_ONLY_NOT_PRODUCTION,83502.0000,78818.0000,6596.6500,1593,577,-0.07899990,-0.13750718,-0.06159745,-0.07899990,-6596.6500,83502.0000,OK,0.0000,230.8828,3.5000,96.5000,AG03-UNRESOLVED,ALL5_LEVELS_bet23_to_bet27,230.8828,230.8828,263.8660,0.0000,0.0000,3.500000,3.500000,4.000000,0.000000,0.000000,96.500000,96.500000,96.000000,100.000000,100.000000,5.0,725.6315,699.4032,5871.0185,5897.2468,PENDING_AG03,FALSE,NOT_FOR_ENFORCEMENT,6365.7673,76059.3700,6596.6500,6365.7673,230.8828,0.07899990,0.07623491,230.8828,6365.7673,0.07623491,230.8828,230.8828,263.8660,0.0000,0.0000,6365.7673,0.07623491,725.6315,699.4032,5871.0185,5897.2468,0.07030991,0.07062402,0.00276500,52.4181,136.5997,11.4327,299.8477,39.5009,3795.5455,26.2273,60.1981,50.4776,10.0,20.0,60.0,130.0,208.4998,410.0,20.0,-10.0,10.424988,20.5,2.620904,29,101,23,8,0.22925199,0.07899990,0.13750718,0E-8,0.000000,0.943906,0.000000,-0.07590974,2026-04-10,2026-08-04,22,167,151,117,0.188034,1.192570,1.148423,0.764173,,,,,,,,GLOBAL_BASELINE_NO_ENTITY_RANKING,,,NOT_APPLICABLE_GLOBAL_BASELINE,HF9g-P5,,,,X 全窗基线 · 不参与实体赏罚,14190449,1420,A168_HF9F_20260827_0900,2026-08-27 09:00:00
2026-06-13,133237696,1940,0,480.0000000000,-100.0000000000,-100.0000000000,0.6666667,14,6,0.43411033008658009,0.296341366667,1.149311783393275,1.9864693043427353,1.149311783393275,0.13776896341958009,ELIGIBLE,R03b_20260811_FULL_v1,L1_ELIGIBILITY,v2026-08-11,2026-03-21..2026-08-06,baccarat_bet02_101_all_pairs_incl_sentinel,round_win = game_pnl > 0 (decisive only),COMPATIBILITY_ONLY_NOT_PRODUCTION,83502.0000,78818.0000,6596.6500,1593,577,-0.07899990,-0.13750718,-0.06159745,-0.07899990,-6596.6500,83502.0000,OK,0.0000,230.8828,3.5000,96.5000,AG03-UNRESOLVED,ALL5_LEVELS_bet23_to_bet27,230.8828,230.8828,263.8660,0.0000,0.0000,3.500000,3.500000,4.000000,0.000000,0.000000,96.500000,96.500000,96.000000,100.000000,100.000000,5.0,725.6315,699.4032,5871.0185,5897.2468,PENDING_AG03,FALSE,NOT_FOR_ENFORCEMENT,6365.7673,76059.3700,6596.6500,6365.7673,230.8828,0.07899990,0.07623491,230.8828,6365.7673,0.07623491,230.8828,230.8828,263.8660,0.0000,0.0000,6365.7673,0.07623491,725.6315,699.4032,5871.0185,5897.2468,0.07030991,0.07062402,0.00276500,52.4181,136.5997,11.4327,299.8477,39.5009,3795.5455,26.2273,60.1981,50.4776,10.0,20.0,60.0,130.0,208.4998,410.0,20.0,-10.0,10.424988,20.5,2.620904,29,101,23,8,0.22925199,0.07899990,0.13750718,0E-8,0.000000,0.943906,0.000000,-0.07590974,2026-04-10,2026-08-04,22,167,151,117,0.188034,1.192570,1.148423,0.764173,,,,,,,,GLOBAL_BASELINE_NO_ENTITY_RANKING,,,NOT_APPLICABLE_GLOBAL_BASELINE,HF9g-P5,,,,X 全窗基线 · 不参与实体赏罚,14190450,1420,A168_HF9F_20260827_0900,2026-08-27 09:00:00
2026-06-13,133237696,2122,0,240.0000000000,-240.0000000000,-240.0000000000,0E-7,6,2,0.36851236573426574,0.197889300000,-1.080335395430693,-0.702439619656346,-1.080335395430693,0.17062306573426574,ELIGIBLE,R03b_20260811_FULL_v1,L1_ELIGIBILITY,v2026-08-11,2026-03-21..2026-08-06,baccarat_bet02_101_all_pairs_incl_sentinel,round_win = game_pnl > 0 (decisive only),COMPATIBILITY_ONLY_NOT_PRODUCTION,83502.0000,78818.0000,6596.6500,1593,577,-0.07899990,-0.13750718,-0.06159745,-0.07899990,-6596.6500,83502.0000,OK,0.0000,230.8828,3.5000,96.5000,AG03-UNRESOLVED,ALL5_LEVELS_bet23_to_bet27,230.8828,230.8828,263.8660,0.0000,0.0000,3.500000,3.500000,4.000000,0.000000,0.000000,96.500000,96.500000,96.000000,100.000000,100.000000,5.0,725.6315,699.4032,5871.0185,5897.2468,PENDING_AG03,FALSE,NOT_FOR_ENFORCEMENT,6365.7673,76059.3700,6596.6500,6365.7673,230.8828,0.07899990,0.07623491,230.8828,6365.7673,0.07623491,230.8828,230.8828,263.8660,0.0000,0.0000,6365.7673,0.07623491,725.6315,699.4032,5871.0185,5897.2468,0.07030991,0.07062402,0.00276500,52.4181,136.5997,11.4327,299.8477,39.5009,3795.5455,26.2273,60.1981,50.4776,10.0,20.0,60.0,130.0,208.4998,410.0,20.0,-10.0,10.424988,20.5,2.620904,29,101,23,8,0.22925199,0.07899990,0.13750718,0E-8,0.000000,0.943906,0.000000,-0.07590974,2026-04-10,2026-08-04,22,167,151,117,0.188034,1.192570,1.148423,0.764173,,,,,,,,GLOBAL_BASELINE_NO_ENTITY_RANKING,,,NOT_APPLICABLE_GLOBAL_BASELINE,HF9g-P5,,,,X 全窗基线 · 不参与实体赏罚,14190451,1420,A168_HF9F_20260827_0900,2026-08-27 09:00:00
2026-06-13,133237696,2123,0,110.0000000000,-40.0000000000,-40.0000000000,0E-7,3,1,0.33784690000000000,0.197889300000,-0.7143001820922984,-0.4966998184331015,-0.7143001820922984,0.13995760000000000,ELIGIBLE,R03b_20260811_FULL_v1,L1_ELIGIBILITY,v2026-08-11,2026-03-21..2026-08-06,baccarat_bet02_101_all_pairs_incl_sentinel,round_win = game_pnl > 0 (decisive only),COMPATIBILITY_ONLY_NOT_PRODUCTION,83502.0000,78818.0000,6596.6500,1593,577,-0.07899990,-0.13750718,-0.06159745,-0.07899990,-6596.6500,83502.0000,OK,0.0000,230.8828,3.5000,96.5000,AG03-UNRESOLVED,ALL5_LEVELS_bet23_to_bet27,230.8828,230.8828,263.8660,0.0000,0.0000,3.500000,3.500000,4.000000,0.000000,0.000000,96.500000,96.500000,96.000000,100.000000,100.000000,5.0,725.6315,699.4032,5871.0185,5897.2468,PENDING_AG03,FALSE,NOT_FOR_ENFORCEMENT,6365.7673,76059.3700,6596.6500,6365.7673,230.8828,0.07899990,0.07623491,230.8828,6365.7673,0.07623491,230.8828,230.8828,263.8660,0.0000,0.0000,6365.7673,0.07623491,725.6315,699.4032,5871.0185,5897.2468,0.07030991,0.07062402,0.00276500,52.4181,136.5997,11.4327,299.8477,39.5009,3795.5455,26.2273,60.1981,50.4776,10.0,20.0,60.0,130.0,208.4998,410.0,20.0,-10.0,10.424988,20.5,2.620904,29,101,23,8,0.22925199,0.07899990,0.13750718,0E-8,0.000000,0.943906,0.000000,-0.07590974,2026-04-10,2026-08-04,22,167,151,117,0.188034,1.192570,1.148423,0.764173,,,,,,,,GLOBAL_BASELINE_NO_ENTITY_RANKING,,,NOT_APPLICABLE_GLOBAL_BASELINE,HF9g-P5,,,,X 全窗基线 · 不参与实体赏罚,14190452,1420,A168_HF9F_20260827_0900,2026-08-27 09:00:00
2026-06-13,133237696,2175,0,150.0000000000,10.0000000000,10.0000000000,0.5000000,6,2,0.36033521000000000,0.197889300000,0.4114076443544692,1.0723900948768452,0.4114076443544692,0.16244591000000000,ELIGIBLE,R03b_20260811_FULL_v1,L1_ELIGIBILITY,v2026-08-11,2026-03-21..2026-08-06,baccarat_bet02_101_all_pairs_incl_sentinel,round_win = game_pnl > 0 (decisive only),COMPATIBILITY_ONLY_NOT_PRODUCTION,83502.0000,78818.0000,6596.6500,1593,577,-0.07899990,-0.13750718,-0.06159745,-0.07899990,-6596.6500,83502.0000,OK,0.0000,230.8828,3.5000,96.5000,AG03-UNRESOLVED,ALL5_LEVELS_bet23_to_bet27,230.8828,230.8828,263.8660,0.0000,0.0000,3.500000,3.500000,4.000000,0.000000,0.000000,96.500000,96.500000,96.000000,100.000000,100.000000,5.0,725.6315,699.4032,5871.0185,5897.2468,PENDING_AG03,FALSE,NOT_FOR_ENFORCEMENT,6365.7673,76059.3700,6596.6500,6365.7673,230.8828,0.07899990,0.07623491,230.8828,6365.7673,0.07623491,230.8828,230.8828,263.8660,0.0000,0.0000,6365.7673,0.07623491,725.6315,699.4032,5871.0185,5897.2468,0.07030991,0.07062402,0.00276500,52.4181,136.5997,11.4327,299.8477,39.5009,3795.5455,26.2273,60.1981,50.4776,10.0,20.0,60.0,130.0,208.4998,410.0,20.0,-10.0,10.424988,20.5,2.620904,29,101,23,8,0.22925199,0.07899990,0.13750718,0E-8,0.000000,0.943906,0.000000,-0.07590974,2026-04-10,2026-08-04,22,167,151,117,0.188034,1.192570,1.148423,0.764173,,,,,,,,GLOBAL_BASELINE_NO_ENTITY_RANKING,,,NOT_APPLICABLE_GLOBAL_BASELINE,HF9g-P5,,,,X 全窗基线 · 不参与实体赏罚,14190453,1420,A168_HF9F_20260827_0900,2026-08-27 09:00:00
2026-06-13,133237696,2229,0,832.0000000000,134.0000000000,134.0000000000,0.6000000,26,10,0.38018942633088632,0.245330360000,1.4319210455600868,2.60657320569782,1.4319210455600868,0.13485906633088632,ELIGIBLE,R03b_20260811_FULL_v1,L1_ELIGIBILITY,v2026-08-11,2026-03-21..2026-08-06,baccarat_bet02_101_all_pairs_incl_sentinel,round_win = game_pnl > 0 (decisive only),COMPATIBILITY_ONLY_NOT_PRODUCTION,83502.0000,78818.0000,6596.6500,1593,577,-0.07899990,-0.13750718,-0.06159745,-0.07899990,-6596.6500,83502.0000,OK,0.0000,230.8828,3.5000,96.5000,AG03-UNRESOLVED,ALL5_LEVELS_bet23_to_bet27,230.8828,230.8828,263.8660,0.0000,0.0000,3.500000,3.500000,4.000000,0.000000,0.000000,96.500000,96.500000,96.000000,100.000000,100.000000,5.0,725.6315,699.4032,5871.0185,5897.2468,PENDING_AG03,FALSE,NOT_FOR_ENFORCEMENT,6365.7673,76059.3700,6596.6500,6365.7673,230.8828,0.07899990,0.07623491,230.8828,6365.7673,0.07623491,230.8828,230.8828,263.8660,0.0000,0.0000,6365.7673,0.07623491,725.6315,699.4032,5871.0185,5897.2468,0.07030991,0.07062402,0.00276500,52.4181,136.5997,11.4327,299.8477,39.5009,3795.5455,26.2273,60.1981,50.4776,10.0,20.0,60.0,130.0,208.4998,410.0,20.0,-10.0,10.424988,20.5,2.620904,29,101,23,8,0.22925199,0.07899990,0.13750718,0E-8,0.000000,0.943906,0.000000,-0.07590974,2026-04-10,2026-08-04,22,167,151,117,0.188034,1.192570,1.148423,0.764173,,,,,,,,GLOBAL_BASELINE_NO_ENTITY_RANKING,,,NOT_APPLICABLE_GLOBAL_BASELINE,HF9g-P5,,,,X 全窗基线 · 不参与实体赏罚,14190454,1420,A168_HF9F_20260827_0900,2026-08-27 09:00:00
2026-06-13,133237696,2254,0,60.0000000000,400.0000000000,400.0000000000,1.0000000,3,1,0.34556740000000000,0.197889300000,1.3761509677786783,2.0132884347625057,1.3761509677786783,0.14767810000000000,ELIGIBLE,R03b_20260811_FULL_v1,L1_ELIGIBILITY,v2026-08-11,2026-03-21..2026-08-06,baccarat_bet02_101_all_pairs_incl_sentinel,round_win = game_pnl > 0 (decisive only),COMPATIBILITY_ONLY_NOT_PRODUCTION,83502.0000,78818.0000,6596.6500,1593,577,-0.07899990,-0.13750718,-0.06159745,-0.07899990,-6596.6500,83502.0000,OK,0.0000,230.8828,3.5000,96.5000,AG03-UNRESOLVED,ALL5_LEVELS_bet23_to_bet27,230.8828,230.8828,263.8660,0.0000,0.0000,3.500000,3.500000,4.000000,0.000000,0.000000,96.500000,96.500000,96.000000,100.000000,100.000000,5.0,725.6315,699.4032,5871.0185,5897.2468,PENDING_AG03,FALSE,NOT_FOR_ENFORCEMENT,6365.7673,76059.3700,6596.6500,6365.7673,230.8828,0.07899990,0.07623491,230.8828,6365.7673,0.07623491,230.8828,230.8828,263.8660,0.0000,0.0000,6365.7673,0.07623491,725.6315,699.4032,5871.0185,5897.2468,0.07030991,0.07062402,0.00276500,52.4181,136.5997,11.4327,299.8477,39.5009,3795.5455,26.2273,60.1981,50.4776,10.0,20.0,60.0,130.0,208.4998,410.0,20.0,-10.0,10.424988,20.5,2.620904,29,101,23,8,0.22925199,0.07899990,0.13750718,0E-8,0.000000,0.943906,0.000000,-0.07590974,2026-04-10,2026-08-04,22,167,151,117,0.188034,1.192570,1.148423,0.764173,,,,,,,,GLOBAL_BASELINE_NO_ENTITY_RANKING,,,NOT_APPLICABLE_GLOBAL_BASELINE,HF9g-P5,,,,X 全窗基线 · 不参与实体赏罚,14190455,1420,A168_HF9F_20260827_0900,2026-08-27 09:00:00
2026-06-13,133237696,2267,0,1140.0000000000,148.0000000000,148.0000000000,0.6666667,18,6,0.38508413769329470,0.197889300000,1.4174105710780587,2.8821325433117893,1.4174105710780587,0.18719483769329470,ELIGIBLE,R03b_20260811_FULL_v1,L1_ELIGIBILITY,v2026-08-11,2026-03-21..2026-08-06,baccarat_bet02_101_all_pairs_incl_sentinel,round_win = game_pnl > 0 (decisive only),COMPATIBILITY_ONLY_NOT_PRODUCTION,83502.0000,78818.0000,6596.6500,1593,577,-0.07899990,-0.13750718,-0.06159745,-0.07899990,-6596.6500,83502.0000,OK,0.0000,230.8828,3.5000,96.5000,AG03-UNRESOLVED,ALL5_LEVELS_bet23_to_bet27,230.8828,230.8828,263.8660,0.0000,0.0000,3.500000,3.500000,4.000000,0.000000,0.000000,96.500000,96.500000,96.000000,100.000000,100.000000,5.0,725.6315,699.4032,5871.0185,5897.2468,PENDING_AG03,FALSE,NOT_FOR_ENFORCEMENT,6365.7673,76059.3700,6596.6500,6365.7673,230.8828,0.07899990,0.07623491,230.8828,6365.7673,0.07623491,230.8828,230.8828,263.8660,0.0000,0.0000,6365.7673,0.07623491,725.6315,699.4032,5871.0185,5897.2468,0.07030991,0.07062402,0.00276500,52.4181,136.5997,11.4327,299.8477,39.5009,3795.5455,26.2273,60.1981,50.4776,10.0,20.0,60.0,130.0,208.4998,410.0,20.0,-10.0,10.424988,20.5,2.620904,29,101,23,8,0.22925199,0.07899990,0.13750718,0E-8,0.000000,0.943906,0.000000,-0.07590974,2026-04-10,2026-08-04,22,167,151,117,0.188034,1.192570,1.148423,0.764173,,,,,,,,GLOBAL_BASELINE_NO_ENTITY_RANKING,,,NOT_APPLICABLE_GLOBAL_BASELINE,HF9g-P5,,,,X 全窗基线 · 不参与实体赏罚,14190456,1420,A168_HF9F_20260827_0900,2026-08-27 09:00:00
2026-06-13,133237696,471,0,80.0000000000,-80.0000000000,-80.0000000000,0E-7,3,1,0.38248692500000000,0.197889300000,-0.7870190017298362,-0.4966998184331015,-0.7870190017298362,0.18459762500000000,ELIGIBLE,R03b_20260811_FULL_v1,L1_ELIGIBILITY,v2026-08-11,2026-03-21..2026-08-06,baccarat_bet02_101_all_pairs_incl_sentinel,round_win = game_pnl > 0 (decisive only),COMPATIBILITY_ONLY_NOT_PRODUCTION,83502.0000,78818.0000,6596.6500,1593,577,-0.07899990,-0.13750718,-0.06159745,-0.07899990,-6596.6500,83502.0000,OK,0.0000,230.8828,3.5000,96.5000,AG03-UNRESOLVED,ALL5_LEVELS_bet23_to_bet27,230.8828,230.8828,263.8660,0.0000,0.0000,3.500000,3.500000,4.000000,0.000000,0.000000,96.500000,96.500000,96.000000,100.000000,100.000000,5.0,725.6315,699.4032,5871.0185,5897.2468,PENDING_AG03,FALSE,NOT_FOR_ENFORCEMENT,6365.7673,76059.3700,6596.6500,6365.7673,230.8828,0.07899990,0.07623491,230.8828,6365.7673,0.07623491,230.8828,230.8828,263.8660,0.0000,0.0000,6365.7673,0.07623491,725.6315,699.4032,5871.0185,5897.2468,0.07030991,0.07062402,0.00276500,52.4181,136.5997,11.4327,299.8477,39.5009,3795.5455,26.2273,60.1981,50.4776,10.0,20.0,60.0,130.0,208.4998,410.0,20.0,-10.0,10.424988,20.5,2.620904,29,101,23,8,0.22925199,0.07899990,0.13750718,0E-8,0.000000,0.943906,0.000000,-0.07590974,2026-04-10,2026-08-04,22,167,151,117,0.188034,1.192570,1.148423,0.764173,,,,,,,,GLOBAL_BASELINE_NO_ENTITY_RANKING,,,NOT_APPLICABLE_GLOBAL_BASELINE,HF9g-P5,,,,X 全窗基线 · 不参与实体赏罚,14190457,1420,A168_HF9F_20260827_0900,2026-08-27 09:00:00
2026-06-13,133237696,526,0,270.0000000000,-10.0000000000,-10.0000000000,0.5000000,6,2,0.39653656111111112,0.197889300000,0.29911266858936014,1.0723900948768452,0.29911266858936014,0.19864726111111112,ELIGIBLE,R03b_20260811_FULL_v1,L1_ELIGIBILITY,v2026-08-11,2026-03-21..2026-08-06,baccarat_bet02_101_all_pairs_incl_sentinel,round_win = game_pnl > 0 (decisive only),COMPATIBILITY_ONLY_NOT_PRODUCTION,83502.0000,78818.0000,6596.6500,1593,577,-0.07899990,-0.13750718,-0.06159745,-0.07899990,-6596.6500,83502.0000,OK,0.0000,230.8828,3.5000,96.5000,AG03-UNRESOLVED,ALL5_LEVELS_bet23_to_bet27,230.8828,230.8828,263.8660,0.0000,0.0000,3.500000,3.500000,4.000000,0.000000,0.000000,96.500000,96.500000,96.000000,100.000000,100.000000,5.0,725.6315,699.4032,5871.0185,5897.2468,PENDING_AG03,FALSE,NOT_FOR_ENFORCEMENT,6365.7673,76059.3700,6596.6500,6365.7673,230.8828,0.07899990,0.07623491,230.8828,6365.7673,0.07623491,230.8828,230.8828,263.8660,0.0000,0.0000,6365.7673,0.07623491,725.6315,699.4032,5871.0185,5897.2468,0.07030991,0.07062402,0.00276500,52.4181,136.5997,11.4327,299.8477,39.5009,3795.5455,26.2273,60.1981,50.4776,10.0,20.0,60.0,130.0,208.4998,410.0,20.0,-10.0,10.424988,20.5,2.620904,29,101,23,8,0.22925199,0.07899990,0.13750718,0E-8,0.000000,0.943906,0.000000,-0.07590974,2026-04-10,2026-08-04,22,167,151,117,0.188034,1.192570,1.148423,0.764173,,,,,,,,GLOBAL_BASELINE_NO_ENTITY_RANKING,,,NOT_APPLICABLE_GLOBAL_BASELINE,HF9g-P5,,,,X 全窗基线 · 不参与实体赏罚,14190458,1420,A168_HF9F_20260827_0900,2026-08-27 09:00:00
2026-06-13,133237696,550,0,90.0000000000,-90.0000000000,-90.0000000000,0E-7,3,1,0.39479343333333333,0.197889300000,-0.8076684984289737,-0.4966998184331015,-0.8076684984289737,0.19690413333333333,ELIGIBLE,R03b_20260811_FULL_v1,L1_ELIGIBILITY,v2026-08-11,2026-03-21..2026-08-06,baccarat_bet02_101_all_pairs_incl_sentinel,round_win = game_pnl > 0 (decisive only),COMPATIBILITY_ONLY_NOT_PRODUCTION,83502.0000,78818.0000,6596.6500,1593,577,-0.07899990,-0.13750718,-0.06159745,-0.07899990,-6596.6500,83502.0000,OK,0.0000,230.8828,3.5000,96.5000,AG03-UNRESOLVED,ALL5_LEVELS_bet23_to_bet27,230.8828,230.8828,263.8660,0.0000,0.0000,3.500000,3.500000,4.000000,0.000000,0.000000,96.500000,96.500000,96.000000,100.000000,100.000000,5.0,725.6315,699.4032,5871.0185,5897.2468,PENDING_AG03,FALSE,NOT_FOR_ENFORCEMENT,6365.7673,76059.3700,6596.6500,6365.7673,230.8828,0.07899990,0.07623491,230.8828,6365.7673,0.07623491,230.8828,230.8828,263.8660,0.0000,0.0000,6365.7673,0.07623491,725.6315,699.4032,5871.0185,5897.2468,0.07030991,0.07062402,0.00276500,52.4181,136.5997,11.4327,299.8477,39.5009,3795.5455,26.2273,60.1981,50.4776,10.0,20.0,60.0,130.0,208.4998,410.0,20.0,-10.0,10.424988,20.5,2.620904,29,101,23,8,0.22925199,0.07899990,0.13750718,0E-8,0.000000,0.943906,0.000000,-0.07590974,2026-04-10,2026-08-04,22,167,151,117,0.188034,1.192570,1.148423,0.764173,,,,,,,,GLOBAL_BASELINE_NO_ENTITY_RANKING,,,NOT_APPLICABLE_GLOBAL_BASELINE,HF9g-P5,,,,X 全窗基线 · 不参与实体赏罚,14190459,1420,A168_HF9F_20260827_0900,2026-08-27 09:00:00
2026-06-18,133237696,-1,1,850.0000000000,170.0000000000,170.0000000000,0.4545455,29,11,0.37997571101928375,0.256717256818,0.5095381692062633,1.502034750284438,0.5095381692062633,0.12325845420128375,SENTINEL_DEALER,R03b_20260811_FULL_v1,L1_ELIGIBILITY,v2026-08-11,2026-03-21..2026-08-06,baccarat_bet02_101_all_pairs_incl_sentinel,round_win = game_pnl > 0 (decisive only),COMPATIBILITY_ONLY_NOT_PRODUCTION,83502.0000,78818.0000,6596.6500,1593,577,-0.07899990,-0.13750718,-0.06159745,-0.07899990,-6596.6500,83502.0000,OK,0.0000,230.8828,3.5000,96.5000,AG03-UNRESOLVED,ALL5_LEVELS_bet23_to_bet27,230.8828,230.8828,263.8660,0.0000,0.0000,3.500000,3.500000,4.000000,0.000000,0.000000,96.500000,96.500000,96.000000,100.000000,100.000000,5.0,725.6315,699.4032,5871.0185,5897.2468,PENDING_AG03,FALSE,NOT_FOR_ENFORCEMENT,6365.7673,76059.3700,6596.6500,6365.7673,230.8828,0.07899990,0.07623491,230.8828,6365.7673,0.07623491,230.8828,230.8828,263.8660,0.0000,0.0000,6365.7673,0.07623491,725.6315,699.4032,5871.0185,5897.2468,0.07030991,0.07062402,0.00276500,52.4181,136.5997,11.4327,299.8477,39.5009,3795.5455,26.2273,60.1981,50.4776,10.0,20.0,60.0,130.0,208.4998,410.0,20.0,-10.0,10.424988,20.5,2.620904,29,101,23,8,0.22925199,0.07899990,0.13750718,0E-8,0.000000,0.943906,0.000000,-0.07590974,2026-04-10,2026-08-04,22,167,151,117,0.188034,1.192570,1.148423,0.764173,,,,,,,,GLOBAL_BASELINE_NO_ENTITY_RANKING,,,NOT_APPLICABLE_GLOBAL_BASELINE,HF9g-P5,,,,X 全窗基线 · 不参与实体赏罚,14190460,1420,A168_HF9F_20260827_0900,2026-08-27 09:00:00
2026-06-18,133237696,1115,0,880.0000000000,-200.0000000000,-200.0000000000,0.6000000,15,5,0.34822874538461538,0.197889300000,1.1817108847274602,2.256848055694581,1.1817108847274602,0.15033944538461538,ELIGIBLE,R03b_20260811_FULL_v1,L1_ELIGIBILITY,v2026-08-11,2026-03-21..2026-08-06,baccarat_bet02_101_all_pairs_incl_sentinel,round_win = game_pnl > 0 (decisive only),COMPATIBILITY_ONLY_NOT_PRODUCTION,83502.0000,78818.0000,6596.6500,1593,577,-0.07899990,-0.13750718,-0.06159745,-0.07899990,-6596.6500,83502.0000,OK,0.0000,230.8828,3.5000,96.5000,AG03-UNRESOLVED,ALL5_LEVELS_bet23_to_bet27,230.8828,230.8828,263.8660,0.0000,0.0000,3.500000,3.500000,4.000000,0.000000,0.000000,96.500000,96.500000,96.000000,100.000000,100.000000,5.0,725.6315,699.4032,5871.0185,5897.2468,PENDING_AG03,FALSE,NOT_FOR_ENFORCEMENT,6365.7673,76059.3700,6596.6500,6365.7673,230.8828,0.07899990,0.07623491,230.8828,6365.7673,0.07623491,230.8828,230.8828,263.8660,0.0000,0.0000,6365.7673,0.07623491,725.6315,699.4032,5871.0185,5897.2468,0.07030991,0.07062402,0.00276500,52.4181,136.5997,11.4327,299.8477,39.5009,3795.5455,26.2273,60.1981,50.4776,10.0,20.0,60.0,130.0,208.4998,410.0,20.0,-10.0,10.424988,20.5,2.620904,29,101,23,8,0.22925199,0.07899990,0.13750718,0E-8,0.000000,0.943906,0.000000,-0.07590974,2026-04-10,2026-08-04,22,167,151,117,0.188034,1.192570,1.148423,0.764173,,,,,,,,GLOBAL_BASELINE_NO_ENTITY_RANKING,,,NOT_APPLICABLE_GLOBAL_BASELINE,HF9g-P5,,,,X 全窗基线 · 不参与实体赏罚,14190461,1420,A168_HF9F_20260827_0900,2026-08-27 09:00:00
2026-06-18,133237696,1307,0,910.0000000000,20.0000000000,20.0000000000,0.3333333,18,6,0.34784999557692308,0.197889300000,-0.07465736293771824,0.8327357164088199,-0.07465736293771824,0.14996069557692308,ELIGIBLE,R03b_20260811_FULL_v1,L1_ELIGIBILITY,v2026-08-11,2026-03-21..2026-08-06,baccarat_bet02_101_all_pairs_incl_sentinel,round_win = game_pnl > 0 (decisive only),COMPATIBILITY_ONLY_NOT_PRODUCTION,83502.0000,78818.0000,6596.6500,1593,577,-0.07899990,-0.13750718,-0.06159745,-0.07899990,-6596.6500,83502.0000,OK,0.0000,230.8828,3.5000,96.5000,AG03-UNRESOLVED,ALL5_LEVELS_bet23_to_bet27,230.8828,230.8828,263.8660,0.0000,0.0000,3.500000,3.500000,4.000000,0.000000,0.000000,96.500000,96.500000,96.000000,100.000000,100.000000,5.0,725.6315,699.4032,5871.0185,5897.2468,PENDING_AG03,FALSE,NOT_FOR_ENFORCEMENT,6365.7673,76059.3700,6596.6500,6365.7673,230.8828,0.07899990,0.07623491,230.8828,6365.7673,0.07623491,230.8828,230.8828,263.8660,0.0000,0.0000,6365.7673,0.07623491,725.6315,699.4032,5871.0185,5897.2468,0.07030991,0.07062402,0.00276500,52.4181,136.5997,11.4327,299.8477,39.5009,3795.5455,26.2273,60.1981,50.4776,10.0,20.0,60.0,130.0,208.4998,410.0,20.0,-10.0,10.424988,20.5,2.620904,29,101,23,8,0.22925199,0.07899990,0.13750718,0E-8,0.000000,0.943906,0.000000,-0.07590974,2026-04-10,2026-08-04,22,167,151,117,0.188034,1.192570,1.148423,0.764173,,,,,,,,GLOBAL_BASELINE_NO_ENTITY_RANKING,,,NOT_APPLICABLE_GLOBAL_BASELINE,HF9g-P5,,,,X 全窗基线 · 不参与实体赏罚,14190462,1420,A168_HF9F_20260827_0900,2026-08-27 09:00:00
2026-06-18,133237696,1396,0,580.0000000000,1530.0000000000,1530.0000000000,0.8000000,15,5,0.33956795196825397,0.209168325000,2.1740680287532013,3.2483198435473284,2.1740680287532013,0.13039962696825397,ELIGIBLE,R03b_20260811_FULL_v1,L1_ELIGIBILITY,v2026-08-11,2026-03-21..2026-08-06,baccarat_bet02_101_all_pairs_incl_sentinel,round_win = game_pnl > 0 (decisive only),COMPATIBILITY_ONLY_NOT_PRODUCTION,83502.0000,78818.0000,6596.6500,1593,577,-0.07899990,-0.13750718,-0.06159745,-0.07899990,-6596.6500,83502.0000,OK,0.0000,230.8828,3.5000,96.5000,AG03-UNRESOLVED,ALL5_LEVELS_bet23_to_bet27,230.8828,230.8828,263.8660,0.0000,0.0000,3.500000,3.500000,4.000000,0.000000,0.000000,96.500000,96.500000,96.000000,100.000000,100.000000,5.0,725.6315,699.4032,5871.0185,5897.2468,PENDING_AG03,FALSE,NOT_FOR_ENFORCEMENT,6365.7673,76059.3700,6596.6500,6365.7673,230.8828,0.07899990,0.07623491,230.8828,6365.7673,0.07623491,230.8828,230.8828,263.8660,0.0000,0.0000,6365.7673,0.07623491,725.6315,699.4032,5871.0185,5897.2468,0.07030991,0.07062402,0.00276500,52.4181,136.5997,11.4327,299.8477,39.5009,3795.5455,26.2273,60.1981,50.4776,10.0,20.0,60.0,130.0,208.4998,410.0,20.0,-10.0,10.424988,20.5,2.620904,29,101,23,8,0.22925199,0.07899990,0.13750718,0E-8,0.000000,0.943906,0.000000,-0.07590974,2026-04-10,2026-08-04,22,167,151,117,0.188034,1.192570,1.148423,0.764173,,,,,,,,GLOBAL_BASELINE_NO_ENTITY_RANKING,,,NOT_APPLICABLE_GLOBAL_BASELINE,HF9g-P5,,,,X 全窗基线 · 不参与实体赏罚,14190463,1420,A168_HF9F_20260827_0900,2026-08-27 09:00:00
2026-06-18,133237696,1405,0,70.0000000000,-70.0000000000,-70.0000000000,0E-7,3,1,0.30785598571428571,0.197889300000,-0.6669228038241906,-0.4966998184331015,-0.6669228038241906,0.10996668571428571,ELIGIBLE,R03b_20260811_FULL_v1,L1_ELIGIBILITY,v2026-08-11,2026-03-21..2026-08-06,baccarat_bet02_101_all_pairs_incl_sentinel,round_win = game_pnl > 0 (decisive only),COMPATIBILITY_ONLY_NOT_PRODUCTION,83502.0000,78818.0000,6596.6500,1593,577,-0.07899990,-0.13750718,-0.06159745,-0.07899990,-6596.6500,83502.0000,OK,0.0000,230.8828,3.5000,96.5000,AG03-UNRESOLVED,ALL5_LEVELS_bet23_to_bet27,230.8828,230.8828,263.8660,0.0000,0.0000,3.500000,3.500000,4.000000,0.000000,0.000000,96.500000,96.500000,96.000000,100.000000,100.000000,5.0,725.6315,699.4032,5871.0185,5897.2468,PENDING_AG03,FALSE,NOT_FOR_ENFORCEMENT,6365.7673,76059.3700,6596.6500,6365.7673,230.8828,0.07899990,0.07623491,230.8828,6365.7673,0.07623491,230.8828,230.8828,263.8660,0.0000,0.0000,6365.7673,0.07623491,725.6315,699.4032,5871.0185,5897.2468,0.07030991,0.07062402,0.00276500,52.4181,136.5997,11.4327,299.8477,39.5009,3795.5455,26.2273,60.1981,50.4776,10.0,20.0,60.0,130.0,208.4998,410.0,20.0,-10.0,10.424988,20.5,2.620904,29,101,23,8,0.22925199,0.07899990,0.13750718,0E-8,0.000000,0.943906,0.000000,-0.07590974,2026-04-10,2026-08-04,22,167,151,117,0.188034,1.192570,1.148423,0.764173,,,,,,,,GLOBAL_BASELINE_NO_ENTITY_RANKING,,,NOT_APPLICABLE_GLOBAL_BASELINE,HF9g-P5,,,,X 全窗基线 · 不参与实体赏罚,14190464,1420,A168_HF9F_20260827_0900,2026-08-27 09:00:00
2026-06-18,133237696,1935,0,440.0000000000,30.0000000000,30.0000000000,0.4000000,15,5,0.36306449504273504,0.210630415000,0.1717471043084006,1.0384712880310354,0.1717471043084006,0.15243408004273504,ELIGIBLE,R03b_20260811_FULL_v1,L1_ELIGIBILITY,v2026-08-11,2026-03-21..2026-08-06,baccarat_bet02_101_all_pairs_incl_sentinel,round_win = game_pnl > 0 (decisive only),COMPATIBILITY_ONLY_NOT_PRODUCTION,83502.0000,78818.0000,6596.6500,1593,577,-0.07899990,-0.13750718,-0.06159745,-0.07899990,-6596.6500,83502.0000,OK,0.0000,230.8828,3.5000,96.5000,AG03-UNRESOLVED,ALL5_LEVELS_bet23_to_bet27,230.8828,230.8828,263.8660,0.0000,0.0000,3.500000,3.500000,4.000000,0.000000,0.000000,96.500000,96.500000,96.000000,100.000000,100.000000,5.0,725.6315,699.4032,5871.0185,5897.2468,PENDING_AG03,FALSE,NOT_FOR_ENFORCEMENT,6365.7673,76059.3700,6596.6500,6365.7673,230.8828,0.07899990,0.07623491,230.8828,6365.7673,0.07623491,230.8828,230.8828,263.8660,0.0000,0.0000,6365.7673,0.07623491,725.6315,699.4032,5871.0185,5897.2468,0.07030991,0.07062402,0.00276500,52.4181,136.5997,11.4327,299.8477,39.5009,3795.5455,26.2273,60.1981,50.4776,10.0,20.0,60.0,130.0,208.4998,410.0,20.0,-10.0,10.424988,20.5,2.620904,29,101,23,8,0.22925199,0.07899990,0.13750718,0E-8,0.000000,0.943906,0.000000,-0.07590974,2026-04-10,2026-08-04,22,167,151,117,0.188034,1.192570,1.148423,0.764173,,,,,,,,GLOBAL_BASELINE_NO_ENTITY_RANKING,,,NOT_APPLICABLE_GLOBAL_BASELINE,HF9g-P5,,,,X 全窗基线 · 不参与实体赏罚,14190465,1420,A168_HF9F_20260827_0900,2026-08-27 09:00:00
2026-06-18,133237696,1990,0,50.0000000000,-50.0000000000,-50.0000000000,0E-7,3,1,0.31603178000000000,0.197889300000,-0.6797471839832934,-0.4966998184331015,-0.6797471839832934,0.11814248000000000,ELIGIBLE,R03b_20260811_FULL_v1,L1_ELIGIBILITY,v2026-08-11,2026-03-21..2026-08-06,baccarat_bet02_101_all_pairs_incl_sentinel,round_win = game_pnl > 0 (decisive only),COMPATIBILITY_ONLY_NOT_PRODUCTION,83502.0000,78818.0000,6596.6500,1593,577,-0.07899990,-0.13750718,-0.06159745,-0.07899990,-6596.6500,83502.0000,OK,0.0000,230.8828,3.5000,96.5000,AG03-UNRESOLVED,ALL5_LEVELS_bet23_to_bet27,230.8828,230.8828,263.8660,0.0000,0.0000,3.500000,3.500000,4.000000,0.000000,0.000000,96.500000,96.500000,96.000000,100.000000,100.000000,5.0,725.6315,699.4032,5871.0185,5897.2468,PENDING_AG03,FALSE,NOT_FOR_ENFORCEMENT,6365.7673,76059.3700,6596.6500,6365.7673,230.8828,0.07899990,0.07623491,230.8828,6365.7673,0.07623491,230.8828,230.8828,263.8660,0.0000,0.0000,6365.7673,0.07623491,725.6315,699.4032,5871.0185,5897.2468,0.07030991,0.07062402,0.00276500,52.4181,136.5997,11.4327,299.8477,39.5009,3795.5455,26.2273,60.1981,50.4776,10.0,20.0,60.0,130.0,208.4998,410.0,20.0,-10.0,10.424988,20.5,2.620904,29,101,23,8,0.22925199,0.07899990,0.13750718,0E-8,0.000000,0.943906,0.000000,-0.07590974,2026-04-10,2026-08-04,22,167,151,117,0.188034,1.192570,1.148423,0.764173,,,,,,,,GLOBAL_BASELINE_NO_ENTITY_RANKING,,,NOT_APPLICABLE_GLOBAL_BASELINE,HF9g-P5,,,,X 全窗基线 · 不参与实体赏罚,14190466,1420,A168_HF9F_20260827_0900,2026-08-27 09:00:00
2026-06-18,133237696,2103,0,290.0000000000,-56.0000000000,-56.0000000000,0.6666667,7,3,0.34969625555555555,0.252700466667,1.151266140950049,1.6499665228469527,1.151266140950049,0.09699578888855555,ELIGIBLE,R03b_20260811_FULL_v1,L1_ELIGIBILITY,v2026-08-11,2026-03-21..2026-08-06,baccarat_bet02_101_all_pairs_incl_sentinel,round_win = game_pnl > 0 (decisive only),COMPATIBILITY_ONLY_NOT_PRODUCTION,83502.0000,78818.0000,6596.6500,1593,577,-0.07899990,-0.13750718,-0.06159745,-0.07899990,-6596.6500,83502.0000,OK,0.0000,230.8828,3.5000,96.5000,AG03-UNRESOLVED,ALL5_LEVELS_bet23_to_bet27,230.8828,230.8828,263.8660,0.0000,0.0000,3.500000,3.500000,4.000000,0.000000,0.000000,96.500000,96.500000,96.000000,100.000000,100.000000,5.0,725.6315,699.4032,5871.0185,5897.2468,PENDING_AG03,FALSE,NOT_FOR_ENFORCEMENT,6365.7673,76059.3700,6596.6500,6365.7673,230.8828,0.07899990,0.07623491,230.8828,6365.7673,0.07623491,230.8828,230.8828,263.8660,0.0000,0.0000,6365.7673,0.07623491,725.6315,699.4032,5871.0185,5897.2468,0.07030991,0.07062402,0.00276500,52.4181,136.5997,11.4327,299.8477,39.5009,3795.5455,26.2273,60.1981,50.4776,10.0,20.0,60.0,130.0,208.4998,410.0,20.0,-10.0,10.424988,20.5,2.620904,29,101,23,8,0.22925199,0.07899990,0.13750718,0E-8,0.000000,0.943906,0.000000,-0.07590974,2026-04-10,2026-08-04,22,167,151,117,0.188034,1.192570,1.148423,0.764173,,,,,,,,GLOBAL_BASELINE_NO_ENTITY_RANKING,,,NOT_APPLICABLE_GLOBAL_BASELINE,HF9g-P5,,,,X 全窗基线 · 不参与实体赏罚,14190467,1420,A168_HF9F_20260827_0900,2026-08-27 09:00:00
2026-06-18,133237696,2108,0,50.0000000000,-50.0000000000,-50.0000000000,0E-7,2,1,0.41091390000000000,0.287416500000,-0.8351914285001334,-0.6350939377956173,-0.8351914285001334,0.12349740000000000,ELIGIBLE,R03b_20260811_FULL_v1,L1_ELIGIBILITY,v2026-08-11,2026-03-21..2026-08-06,baccarat_bet02_101_all_pairs_incl_sentinel,round_win = game_pnl > 0 (decisive only),COMPATIBILITY_ONLY_NOT_PRODUCTION,83502.0000,78818.0000,6596.6500,1593,577,-0.07899990,-0.13750718,-0.06159745,-0.07899990,-6596.6500,83502.0000,OK,0.0000,230.8828,3.5000,96.5000,AG03-UNRESOLVED,ALL5_LEVELS_bet23_to_bet27,230.8828,230.8828,263.8660,0.0000,0.0000,3.500000,3.500000,4.000000,0.000000,0.000000,96.500000,96.500000,96.000000,100.000000,100.000000,5.0,725.6315,699.4032,5871.0185,5897.2468,PENDING_AG03,FALSE,NOT_FOR_ENFORCEMENT,6365.7673,76059.3700,6596.6500,6365.7673,230.8828,0.07899990,0.07623491,230.8828,6365.7673,0.07623491,230.8828,230.8828,263.8660,0.0000,0.0000,6365.7673,0.07623491,725.6315,699.4032,5871.0185,5897.2468,0.07030991,0.07062402,0.00276500,52.4181,136.5997,11.4327,299.8477,39.5009,3795.5455,26.2273,60.1981,50.4776,10.0,20.0,60.0,130.0,208.4998,410.0,20.0,-10.0,10.424988,20.5,2.620904,29,101,23,8,0.22925199,0.07899990,0.13750718,0E-8,0.000000,0.943906,0.000000,-0.07590974,2026-04-10,2026-08-04,22,167,151,117,0.188034,1.192570,1.148423,0.764173,,,,,,,,GLOBAL_BASELINE_NO_ENTITY_RANKING,,,NOT_APPLICABLE_GLOBAL_BASELINE,HF9g-P5,,,,X 全窗基线 · 不参与实体赏罚,14190468,1420,A168_HF9F_20260827_0900,2026-08-27 09:00:00
2026-06-18,133237696,2254,0,160.0000000000,500.0000000000,500.0000000000,1.0000000,4,2,0.42995488571428572,0.345567400000,1.6283890283604974,1.946171362505467,1.6283890283604974,0.08438748571428572,ELIGIBLE,R03b_20260811_FULL_v1,L1_ELIGIBILITY,v2026-08-11,2026-03-21..2026-08-06,baccarat_bet02_101_all_pairs_incl_sentinel,round_win = game_pnl > 0 (decisive only),COMPATIBILITY_ONLY_NOT_PRODUCTION,83502.0000,78818.0000,6596.6500,1593,577,-0.07899990,-0.13750718,-0.06159745,-0.07899990,-6596.6500,83502.0000,OK,0.0000,230.8828,3.5000,96.5000,AG03-UNRESOLVED,ALL5_LEVELS_bet23_to_bet27,230.8828,230.8828,263.8660,0.0000,0.0000,3.500000,3.500000,4.000000,0.000000,0.000000,96.500000,96.500000,96.000000,100.000000,100.000000,5.0,725.6315,699.4032,5871.0185,5897.2468,PENDING_AG03,FALSE,NOT_FOR_ENFORCEMENT,6365.7673,76059.3700,6596.6500,6365.7673,230.8828,0.07899990,0.07623491,230.8828,6365.7673,0.07623491,230.8828,230.8828,263.8660,0.0000,0.0000,6365.7673,0.07623491,725.6315,699.4032,5871.0185,5897.2468,0.07030991,0.07062402,0.00276500,52.4181,136.5997,11.4327,299.8477,39.5009,3795.5455,26.2273,60.1981,50.4776,10.0,20.0,60.0,130.0,208.4998,410.0,20.0,-10.0,10.424988,20.5,2.620904,29,101,23,8,0.22925199,0.07899990,0.13750718,0E-8,0.000000,0.943906,0.000000,-0.07590974,2026-04-10,2026-08-04,22,167,151,117,0.188034,1.192570,1.148423,0.764173,,,,,,,,GLOBAL_BASELINE_NO_ENTITY_RANKING,,,NOT_APPLICABLE_GLOBAL_BASELINE,HF9g-P5,,,,X 全窗基线 · 不参与实体赏罚,14190469,1420,A168_HF9F_20260827_0900,2026-08-27 09:00:00
2026-06-18,133237696,2271,0,170.0000000000,-90.0000000000,-90.0000000000,0.3333333,5,3,0.45392045151515152,0.394793433333,-0.41951134743505325,-0.21777955894666842,-0.41951134743505325,0.05912701818215152,ELIGIBLE,R03b_20260811_FULL_v1,L1_ELIGIBILITY,v2026-08-11,2026-03-21..2026-08-06,baccarat_bet02_101_all_pairs_incl_sentinel,round_win = game_pnl > 0 (decisive only),COMPATIBILITY_ONLY_NOT_PRODUCTION,83502.0000,78818.0000,6596.6500,1593,577,-0.07899990,-0.13750718,-0.06159745,-0.07899990,-6596.6500,83502.0000,OK,0.0000,230.8828,3.5000,96.5000,AG03-UNRESOLVED,ALL5_LEVELS_bet23_to_bet27,230.8828,230.8828,263.8660,0.0000,0.0000,3.500000,3.500000,4.000000,0.000000,0.000000,96.500000,96.500000,96.000000,100.000000,100.000000,5.0,725.6315,699.4032,5871.0185,5897.2468,PENDING_AG03,FALSE,NOT_FOR_ENFORCEMENT,6365.7673,76059.3700,6596.6500,6365.7673,230.8828,0.07899990,0.07623491,230.8828,6365.7673,0.07623491,230.8828,230.8828,263.8660,0.0000,0.0000,6365.7673,0.07623491,725.6315,699.4032,5871.0185,5897.2468,0.07030991,0.07062402,0.00276500,52.4181,136.5997,11.4327,299.8477,39.5009,3795.5455,26.2273,60.1981,50.4776,10.0,20.0,60.0,130.0,208.4998,410.0,20.0,-10.0,10.424988,20.5,2.620904,29,101,23,8,0.22925199,0.07899990,0.13750718,0E-8,0.000000,0.943906,0.000000,-0.07590974,2026-04-10,2026-08-04,22,167,151,117,0.188034,1.192570,1.148423,0.764173,,,,,,,,GLOBAL_BASELINE_NO_ENTITY_RANKING,,,NOT_APPLICABLE_GLOBAL_BASELINE,HF9g-P5,,,,X 全窗基线 · 不参与实体赏罚,14190470,1420,A168_HF9F_20260827_0900,2026-08-27 09:00:00
2026-06-19,133237696,-1,1,1413.0000000000,-29.5000000000,-29.5000000000,0.5714286,26,8,0.37667391452045607,0.202000137500,1.0633994894616612,2.4344569446608895,1.0633994894616612,0.17467377702045607,SENTINEL_DEALER,R03b_20260811_FULL_v1,L1_ELIGIBILITY,v2026-08-11,2026-03-21..2026-08-06,baccarat_bet02_101_all_pairs_incl_sentinel,round_win = game_pnl > 0 (decisive only),COMPATIBILITY_ONLY_NOT_PRODUCTION,83502.0000,78818.0000,6596.6500,1593,577,-0.07899990,-0.13750718,-0.06159745,-0.07899990,-6596.6500,83502.0000,OK,0.0000,230.8828,3.5000,96.5000,AG03-UNRESOLVED,ALL5_LEVELS_bet23_to_bet27,230.8828,230.8828,263.8660,0.0000,0.0000,3.500000,3.500000,4.000000,0.000000,0.000000,96.500000,96.500000,96.000000,100.000000,100.000000,5.0,725.6315,699.4032,5871.0185,5897.2468,PENDING_AG03,FALSE,NOT_FOR_ENFORCEMENT,6365.7673,76059.3700,6596.6500,6365.7673,230.8828,0.07899990,0.07623491,230.8828,6365.7673,0.07623491,230.8828,230.8828,263.8660,0.0000,0.0000,6365.7673,0.07623491,725.6315,699.4032,5871.0185,5897.2468,0.07030991,0.07062402,0.00276500,52.4181,136.5997,11.4327,299.8477,39.5009,3795.5455,26.2273,60.1981,50.4776,10.0,20.0,60.0,130.0,208.4998,410.0,20.0,-10.0,10.424988,20.5,2.620904,29,101,23,8,0.22925199,0.07899990,0.13750718,0E-8,0.000000,0.943906,0.000000,-0.07590974,2026-04-10,2026-08-04,22,167,151,117,0.188034,1.192570,1.148423,0.764173,,,,,,,,GLOBAL_BASELINE_NO_ENTITY_RANKING,,,NOT_APPLICABLE_GLOBAL_BASELINE,HF9g-P5,,,,X 全窗基线 · 不参与实体赏罚,14190471,1420,A168_HF9F_20260827_0900,2026-08-27 09:00:00
2026-06-19,133237696,1383,0,564.0000000000,381.5000000000,381.5000000000,0.7500000,23,8,0.32048424379985755,0.201475656250,2.6032806263704917,3.867991670846886,2.6032806263704917,0.11900858754985755,ELIGIBLE,R03b_20260811_FULL_v1,L1_ELIGIBILITY,v2026-08-11,2026-03-21..2026-08-06,baccarat_bet02_101_all_pairs_incl_sentinel,round_win = game_pnl > 0 (decisive only),COMPATIBILITY_ONLY_NOT_PRODUCTION,83502.0000,78818.0000,6596.6500,1593,577,-0.07899990,-0.13750718,-0.06159745,-0.07899990,-6596.6500,83502.0000,OK,0.0000,230.8828,3.5000,96.5000,AG03-UNRESOLVED,ALL5_LEVELS_bet23_to_bet27,230.8828,230.8828,263.8660,0.0000,0.0000,3.500000,3.500000,4.000000,0.000000,0.000000,96.500000,96.500000,96.000000,100.000000,100.000000,5.0,725.6315,699.4032,5871.0185,5897.2468,PENDING_AG03,FALSE,NOT_FOR_ENFORCEMENT,6365.7673,76059.3700,6596.6500,6365.7673,230.8828,0.07899990,0.07623491,230.8828,6365.7673,0.07623491,230.8828,230.8828,263.8660,0.0000,0.0000,6365.7673,0.07623491,725.6315,699.4032,5871.0185,5897.2468,0.07030991,0.07062402,0.00276500,52.4181,136.5997,11.4327,299.8477,39.5009,3795.5455,26.2273,60.1981,50.4776,10.0,20.0,60.0,130.0,208.4998,410.0,20.0,-10.0,10.424988,20.5,2.620904,29,101,23,8,0.22925199,0.07899990,0.13750718,0E-8,0.000000,0.943906,0.000000,-0.07590974,2026-04-10,2026-08-04,22,167,151,117,0.188034,1.192570,1.148423,0.764173,,,,,,,,GLOBAL_BASELINE_NO_ENTITY_RANKING,,,NOT_APPLICABLE_GLOBAL_BASELINE,HF9g-P5,,,,X 全窗基线 · 不参与实体赏罚,14190472,1420,A168_HF9F_20260827_0900,2026-08-27 09:00:00
2026-06-19,133237696,1507,0,60.0000000000,-60.0000000000,-60.0000000000,0E-7,3,1,0.27695773333333333,0.197889300000,-0.6189063026634222,-0.4966998184331015,-0.6189063026634222,0.07906843333333333,ELIGIBLE,R03b_20260811_FULL_v1,L1_ELIGIBILITY,v2026-08-11,2026-03-21..2026-08-06,baccarat_bet02_101_all_pairs_incl_sentinel,round_win = game_pnl > 0 (decisive only),COMPATIBILITY_ONLY_NOT_PRODUCTION,83502.0000,78818.0000,6596.6500,1593,577,-0.07899990,-0.13750718,-0.06159745,-0.07899990,-6596.6500,83502.0000,OK,0.0000,230.8828,3.5000,96.5000,AG03-UNRESOLVED,ALL5_LEVELS_bet23_to_bet27,230.8828,230.8828,263.8660,0.0000,0.0000,3.500000,3.500000,4.000000,0.000000,0.000000,96.500000,96.500000,96.000000,100.000000,100.000000,5.0,725.6315,699.4032,5871.0185,5897.2468,PENDING_AG03,FALSE,NOT_FOR_ENFORCEMENT,6365.7673,76059.3700,6596.6500,6365.7673,230.8828,0.07899990,0.07623491,230.8828,6365.7673,0.07623491,230.8828,230.8828,263.8660,0.0000,0.0000,6365.7673,0.07623491,725.6315,699.4032,5871.0185,5897.2468,0.07030991,0.07062402,0.00276500,52.4181,136.5997,11.4327,299.8477,39.5009,3795.5455,26.2273,60.1981,50.4776,10.0,20.0,60.0,130.0,208.4998,410.0,20.0,-10.0,10.424988,20.5,2.620904,29,101,23,8,0.22925199,0.07899990,0.13750718,0E-8,0.000000,0.943906,0.000000,-0.07590974,2026-04-10,2026-08-04,22,167,151,117,0.188034,1.192570,1.148423,0.764173,,,,,,,,GLOBAL_BASELINE_NO_ENTITY_RANKING,,,NOT_APPLICABLE_GLOBAL_BASELINE,HF9g-P5,,,,X 全窗基线 · 不参与实体赏罚,14190473,1420,A168_HF9F_20260827_0900,2026-08-27 09:00:00
2026-06-19,133237696,2248,0,90.0000000000,-30.0000000000,-30.0000000000,0E-7,3,1,0.34905365555555556,0.197889300000,-0.7322738055332615,-0.4966998184331015,-0.7322738055332615,0.15116435555555556,ELIGIBLE,R03b_20260811_FULL_v1,L1_ELIGIBILITY,v2026-08-11,2026-03-21..2026-08-06,baccarat_bet02_101_all_pairs_incl_sentinel,round_win = game_pnl > 0 (decisive only),COMPATIBILITY_ONLY_NOT_PRODUCTION,83502.0000,78818.0000,6596.6500,1593,577,-0.07899990,-0.13750718,-0.06159745,-0.07899990,-6596.6500,83502.0000,OK,0.0000,230.8828,3.5000,96.5000,AG03-UNRESOLVED,ALL5_LEVELS_bet23_to_bet27,230.8828,230.8828,263.8660,0.0000,0.0000,3.500000,3.500000,4.000000,0.000000,0.000000,96.500000,96.500000,96.000000,100.000000,100.000000,5.0,725.6315,699.4032,5871.0185,5897.2468,PENDING_AG03,FALSE,NOT_FOR_ENFORCEMENT,6365.7673,76059.3700,6596.6500,6365.7673,230.8828,0.07899990,0.07623491,230.8828,6365.7673,0.07623491,230.8828,230.8828,263.8660,0.0000,0.0000,6365.7673,0.07623491,725.6315,699.4032,5871.0185,5897.2468,0.07030991,0.07062402,0.00276500,52.4181,136.5997,11.4327,299.8477,39.5009,3795.5455,26.2273,60.1981,50.4776,10.0,20.0,60.0,130.0,208.4998,410.0,20.0,-10.0,10.424988,20.5,2.620904,29,101,23,8,0.22925199,0.07899990,0.13750718,0E-8,0.000000,0.943906,0.000000,-0.07590974,2026-04-10,2026-08-04,22,167,151,117,0.188034,1.192570,1.148423,0.764173,,,,,,,,GLOBAL_BASELINE_NO_ENTITY_RANKING,,,NOT_APPLICABLE_GLOBAL_BASELINE,HF9g-P5,,,,X 全窗基线 · 不参与实体赏罚,14190474,1420,A168_HF9F_20260827_0900,2026-08-27 09:00:00
2026-06-19,133237696,2250,0,825.0000000000,63.0000000000,63.0000000000,0.6666667,22,9,0.40003595490391090,0.274148672222,1.6327485279666458,2.6397567840930076,1.6327485279666458,0.12588728268191090,ELIGIBLE,R03b_20260811_FULL_v1,L1_ELIGIBILITY,v2026-08-11,2026-03-21..2026-08-06,baccarat_bet02_101_all_pairs_incl_sentinel,round_win = game_pnl > 0 (decisive only),COMPATIBILITY_ONLY_NOT_PRODUCTION,83502.0000,78818.0000,6596.6500,1593,577,-0.07899990,-0.13750718,-0.06159745,-0.07899990,-6596.6500,83502.0000,OK,0.0000,230.8828,3.5000,96.5000,AG03-UNRESOLVED,ALL5_LEVELS_bet23_to_bet27,230.8828,230.8828,263.8660,0.0000,0.0000,3.500000,3.500000,4.000000,0.000000,0.000000,96.500000,96.500000,96.000000,100.000000,100.000000,5.0,725.6315,699.4032,5871.0185,5897.2468,PENDING_AG03,FALSE,NOT_FOR_ENFORCEMENT,6365.7673,76059.3700,6596.6500,6365.7673,230.8828,0.07899990,0.07623491,230.8828,6365.7673,0.07623491,230.8828,230.8828,263.8660,0.0000,0.0000,6365.7673,0.07623491,725.6315,699.4032,5871.0185,5897.2468,0.07030991,0.07062402,0.00276500,52.4181,136.5997,11.4327,299.8477,39.5009,3795.5455,26.2273,60.1981,50.4776,10.0,20.0,60.0,130.0,208.4998,410.0,20.0,-10.0,10.424988,20.5,2.620904,29,101,23,8,0.22925199,0.07899990,0.13750718,0E-8,0.000000,0.943906,0.000000,-0.07590974,2026-04-10,2026-08-04,22,167,151,117,0.188034,1.192570,1.148423,0.764173,,,,,,,,GLOBAL_BASELINE_NO_ENTITY_RANKING,,,NOT_APPLICABLE_GLOBAL_BASELINE,HF9g-P5,,,,X 全窗基线 · 不参与实体赏罚,14190475,1420,A168_HF9F_20260827_0900,2026-08-27 09:00:00
2026-06-19,133237696,2252,0,30.0000000000,-30.0000000000,-30.0000000000,0E-7,1,1,0.49324550000000000,0.493245500000,-0.9865810262130424,-0.9865810262130424,-0.9865810262130424,0E-17,ELIGIBLE,R03b_20260811_FULL_v1,L1_ELIGIBILITY,v2026-08-11,2026-03-21..2026-08-06,baccarat_bet02_101_all_pairs_incl_sentinel,round_win = game_pnl > 0 (decisive only),COMPATIBILITY_ONLY_NOT_PRODUCTION,83502.0000,78818.0000,6596.6500,1593,577,-0.07899990,-0.13750718,-0.06159745,-0.07899990,-6596.6500,83502.0000,OK,0.0000,230.8828,3.5000,96.5000,AG03-UNRESOLVED,ALL5_LEVELS_bet23_to_bet27,230.8828,230.8828,263.8660,0.0000,0.0000,3.500000,3.500000,4.000000,0.000000,0.000000,96.500000,96.500000,96.000000,100.000000,100.000000,5.0,725.6315,699.4032,5871.0185,5897.2468,PENDING_AG03,FALSE,NOT_FOR_ENFORCEMENT,6365.7673,76059.3700,6596.6500,6365.7673,230.8828,0.07899990,0.07623491,230.8828,6365.7673,0.07623491,230.8828,230.8828,263.8660,0.0000,0.0000,6365.7673,0.07623491,725.6315,699.4032,5871.0185,5897.2468,0.07030991,0.07062402,0.00276500,52.4181,136.5997,11.4327,299.8477,39.5009,3795.5455,26.2273,60.1981,50.4776,10.0,20.0,60.0,130.0,208.4998,410.0,20.0,-10.0,10.424988,20.5,2.620904,29,101,23,8,0.22925199,0.07899990,0.13750718,0E-8,0.000000,0.943906,0.000000,-0.07590974,2026-04-10,2026-08-04,22,167,151,117,0.188034,1.192570,1.148423,0.764173,,,,,,,,GLOBAL_BASELINE_NO_ENTITY_RANKING,,,NOT_APPLICABLE_GLOBAL_BASELINE,HF9g-P5,,,,X 全窗基线 · 不参与实体赏罚,14190476,1420,A168_HF9F_20260827_0900,2026-08-27 09:00:00
2026-06-19,133237696,2256,0,30.0000000000,-10.0000000000,-10.0000000000,0E-7,2,1,0.35562093333333333,0.280106050000,-0.7428873223046834,-0.6237735893609975,-0.7428873223046834,0.07551488333333333,ELIGIBLE,R03b_20260811_FULL_v1,L1_ELIGIBILITY,v2026-08-11,2026-03-21..2026-08-06,baccarat_bet02_101_all_pairs_incl_sentinel,round_win = game_pnl > 0 (decisive only),COMPATIBILITY_ONLY_NOT_PRODUCTION,83502.0000,78818.0000,6596.6500,1593,577,-0.07899990,-0.13750718,-0.06159745,-0.07899990,-6596.6500,83502.0000,OK,0.0000,230.8828,3.5000,96.5000,AG03-UNRESOLVED,ALL5_LEVELS_bet23_to_bet27,230.8828,230.8828,263.8660,0.0000,0.0000,3.500000,3.500000,4.000000,0.000000,0.000000,96.500000,96.500000,96.000000,100.000000,100.000000,5.0,725.6315,699.4032,5871.0185,5897.2468,PENDING_AG03,FALSE,NOT_FOR_ENFORCEMENT,6365.7673,76059.3700,6596.6500,6365.7673,230.8828,0.07899990,0.07623491,230.8828,6365.7673,0.07623491,230.8828,230.8828,263.8660,0.0000,0.0000,6365.7673,0.07623491,725.6315,699.4032,5871.0185,5897.2468,0.07030991,0.07062402,0.00276500,52.4181,136.5997,11.4327,299.8477,39.5009,3795.5455,26.2273,60.1981,50.4776,10.0,20.0,60.0,130.0,208.4998,410.0,20.0,-10.0,10.424988,20.5,2.620904,29,101,23,8,0.22925199,0.07899990,0.13750718,0E-8,0.000000,0.943906,0.000000,-0.07590974,2026-04-10,2026-08-04,22,167,151,117,0.188034,1.192570,1.148423,0.764173,,,,,,,,GLOBAL_BASELINE_NO_ENTITY_RANKING,,,NOT_APPLICABLE_GLOBAL_BASELINE,HF9g-P5,,,,X 全窗基线 · 不参与实体赏罚,14190477,1420,A168_HF9F_20260827_0900,2026-08-27 09:00:00
2026-06-19,133237696,471,0,514.0000000000,-214.0000000000,-214.0000000000,0.6666667,9,3,0.39191964598883573,0.197889300000,0.9747979692863548,2.037975465654197,0.9747979692863548,0.19403034598883573,ELIGIBLE,R03b_20260811_FULL_v1,L1_ELIGIBILITY,v2026-08-11,2026-03-21..2026-08-06,baccarat_bet02_101_all_pairs_incl_sentinel,round_win = game_pnl > 0 (decisive only),COMPATIBILITY_ONLY_NOT_PRODUCTION,83502.0000,78818.0000,6596.6500,1593,577,-0.07899990,-0.13750718,-0.06159745,-0.07899990,-6596.6500,83502.0000,OK,0.0000,230.8828,3.5000,96.5000,AG03-UNRESOLVED,ALL5_LEVELS_bet23_to_bet27,230.8828,230.8828,263.8660,0.0000,0.0000,3.500000,3.500000,4.000000,0.000000,0.000000,96.500000,96.500000,96.000000,100.000000,100.000000,5.0,725.6315,699.4032,5871.0185,5897.2468,PENDING_AG03,FALSE,NOT_FOR_ENFORCEMENT,6365.7673,76059.3700,6596.6500,6365.7673,230.8828,0.07899990,0.07623491,230.8828,6365.7673,0.07623491,230.8828,230.8828,263.8660,0.0000,0.0000,6365.7673,0.07623491,725.6315,699.4032,5871.0185,5897.2468,0.07030991,0.07062402,0.00276500,52.4181,136.5997,11.4327,299.8477,39.5009,3795.5455,26.2273,60.1981,50.4776,10.0,20.0,60.0,130.0,208.4998,410.0,20.0,-10.0,10.424988,20.5,2.620904,29,101,23,8,0.22925199,0.07899990,0.13750718,0E-8,0.000000,0.943906,0.000000,-0.07590974,2026-04-10,2026-08-04,22,167,151,117,0.188034,1.192570,1.148423,0.764173,,,,,,,,GLOBAL_BASELINE_NO_ENTITY_RANKING,,,NOT_APPLICABLE_GLOBAL_BASELINE,HF9g-P5,,,,X 全窗基线 · 不参与实体赏罚,14190478,1420,A168_HF9F_20260827_0900,2026-08-27 09:00:00
2026-06-19,133237696,595,0,757.0000000000,-309.0000000000,-309.0000000000,0.4000000,15,5,0.39325816847553838,0.197889300000,0.030861856845542896,1.1343471843203148,0.030861856845542896,0.19536886847553838,ELIGIBLE,R03b_20260811_FULL_v1,L1_ELIGIBILITY,v2026-08-11,2026-03-21..2026-08-06,baccarat_bet02_101_all_pairs_incl_sentinel,round_win = game_pnl > 0 (decisive only),COMPATIBILITY_ONLY_NOT_PRODUCTION,83502.0000,78818.0000,6596.6500,1593,577,-0.07899990,-0.13750718,-0.06159745,-0.07899990,-6596.6500,83502.0000,OK,0.0000,230.8828,3.5000,96.5000,AG03-UNRESOLVED,ALL5_LEVELS_bet23_to_bet27,230.8828,230.8828,263.8660,0.0000,0.0000,3.500000,3.500000,4.000000,0.000000,0.000000,96.500000,96.500000,96.000000,100.000000,100.000000,5.0,725.6315,699.4032,5871.0185,5897.2468,PENDING_AG03,FALSE,NOT_FOR_ENFORCEMENT,6365.7673,76059.3700,6596.6500,6365.7673,230.8828,0.07899990,0.07623491,230.8828,6365.7673,0.07623491,230.8828,230.8828,263.8660,0.0000,0.0000,6365.7673,0.07623491,725.6315,699.4032,5871.0185,5897.2468,0.07030991,0.07062402,0.00276500,52.4181,136.5997,11.4327,299.8477,39.5009,3795.5455,26.2273,60.1981,50.4776,10.0,20.0,60.0,130.0,208.4998,410.0,20.0,-10.0,10.424988,20.5,2.620904,29,101,23,8,0.22925199,0.07899990,0.13750718,0E-8,0.000000,0.943906,0.000000,-0.07590974,2026-04-10,2026-08-04,22,167,151,117,0.188034,1.192570,1.148423,0.764173,,,,,,,,GLOBAL_BASELINE_NO_ENTITY_RANKING,,,NOT_APPLICABLE_GLOBAL_BASELINE,HF9g-P5,,,,X 全窗基线 · 不参与实体赏罚,14190479,1420,A168_HF9F_20260827_0900,2026-08-27 09:00:00
2026-06-19,133237696,789,0,440.0000000000,-220.0000000000,-220.0000000000,0.2500000,10,4,0.38174384323076923,0.275079650000,-0.5423630302313842,-0.11232517135059696,-0.5423630302313842,0.10666419323076923,ELIGIBLE,R03b_20260811_FULL_v1,L1_ELIGIBILITY,v2026-08-11,2026-03-21..2026-08-06,baccarat_bet02_101_all_pairs_incl_sentinel,round_win = game_pnl > 0 (decisive only),COMPATIBILITY_ONLY_NOT_PRODUCTION,83502.0000,78818.0000,6596.6500,1593,577,-0.07899990,-0.13750718,-0.06159745,-0.07899990,-6596.6500,83502.0000,OK,0.0000,230.8828,3.5000,96.5000,AG03-UNRESOLVED,ALL5_LEVELS_bet23_to_bet27,230.8828,230.8828,263.8660,0.0000,0.0000,3.500000,3.500000,4.000000,0.000000,0.000000,96.500000,96.500000,96.000000,100.000000,100.000000,5.0,725.6315,699.4032,5871.0185,5897.2468,PENDING_AG03,FALSE,NOT_FOR_ENFORCEMENT,6365.7673,76059.3700,6596.6500,6365.7673,230.8828,0.07899990,0.07623491,230.8828,6365.7673,0.07623491,230.8828,230.8828,263.8660,0.0000,0.0000,6365.7673,0.07623491,725.6315,699.4032,5871.0185,5897.2468,0.07030991,0.07062402,0.00276500,52.4181,136.5997,11.4327,299.8477,39.5009,3795.5455,26.2273,60.1981,50.4776,10.0,20.0,60.0,130.0,208.4998,410.0,20.0,-10.0,10.424988,20.5,2.620904,29,101,23,8,0.22925199,0.07899990,0.13750718,0E-8,0.000000,0.943906,0.000000,-0.07590974,2026-04-10,2026-08-04,22,167,151,117,0.188034,1.192570,1.148423,0.764173,,,,,,,,GLOBAL_BASELINE_NO_ENTITY_RANKING,,,NOT_APPLICABLE_GLOBAL_BASELINE,HF9g-P5,,,,X 全窗基线 · 不参与实体赏罚,14190480,1420,A168_HF9F_20260827_0900,2026-08-27 09:00:00
2026-06-20,133237696,-1,1,2808.0000000000,-288.0000000000,-288.0000000000,0.5000000,49,16,0.36866285333015905,0.209884827083,1.08893562616108,2.849670924926614,1.08893562616108,0.15877802624715905,SENTINEL_DEALER,R03b_20260811_FULL_v1,L1_ELIGIBILITY,v2026-08-11,2026-03-21..2026-08-06,baccarat_bet02_101_all_pairs_incl_sentinel,round_win = game_pnl > 0 (decisive only),COMPATIBILITY_ONLY_NOT_PRODUCTION,83502.0000,78818.0000,6596.6500,1593,577,-0.07899990,-0.13750718,-0.06159745,-0.07899990,-6596.6500,83502.0000,OK,0.0000,230.8828,3.5000,96.5000,AG03-UNRESOLVED,ALL5_LEVELS_bet23_to_bet27,230.8828,230.8828,263.8660,0.0000,0.0000,3.500000,3.500000,4.000000,0.000000,0.000000,96.500000,96.500000,96.000000,100.000000,100.000000,5.0,725.6315,699.4032,5871.0185,5897.2468,PENDING_AG03,FALSE,NOT_FOR_ENFORCEMENT,6365.7673,76059.3700,6596.6500,6365.7673,230.8828,0.07899990,0.07623491,230.8828,6365.7673,0.07623491,230.8828,230.8828,263.8660,0.0000,0.0000,6365.7673,0.07623491,725.6315,699.4032,5871.0185,5897.2468,0.07030991,0.07062402,0.00276500,52.4181,136.5997,11.4327,299.8477,39.5009,3795.5455,26.2273,60.1981,50.4776,10.0,20.0,60.0,130.0,208.4998,410.0,20.0,-10.0,10.424988,20.5,2.620904,29,101,23,8,0.22925199,0.07899990,0.13750718,0E-8,0.000000,0.943906,0.000000,-0.07590974,2026-04-10,2026-08-04,22,167,151,117,0.188034,1.192570,1.148423,0.764173,,,,,,,,GLOBAL_BASELINE_NO_ENTITY_RANKING,,,NOT_APPLICABLE_GLOBAL_BASELINE,HF9g-P5,,,,X 全窗基线 · 不参与实体赏罚,14190481,1420,A168_HF9F_20260827_0900,2026-08-27 09:00:00
2026-06-20,133237696,1385,0,370.0000000000,-30.0000000000,-30.0000000000,0.6666667,9,3,0.35625195820105820,0.197889300000,1.122706735511187,2.037975465654197,1.122706735511187,0.15836265820105820,ELIGIBLE,R03b_20260811_FULL_v1,L1_ELIGIBILITY,v2026-08-11,2026-03-21..2026-08-06,baccarat_bet02_101_all_pairs_incl_sentinel,round_win = game_pnl > 0 (decisive only),COMPATIBILITY_ONLY_NOT_PRODUCTION,83502.0000,78818.0000,6596.6500,1593,577,-0.07899990,-0.13750718,-0.06159745,-0.07899990,-6596.6500,83502.0000,OK,0.0000,230.8828,3.5000,96.5000,AG03-UNRESOLVED,ALL5_LEVELS_bet23_to_bet27,230.8828,230.8828,263.8660,0.0000,0.0000,3.500000,3.500000,4.000000,0.000000,0.000000,96.500000,96.500000,96.000000,100.000000,100.000000,5.0,725.6315,699.4032,5871.0185,5897.2468,PENDING_AG03,FALSE,NOT_FOR_ENFORCEMENT,6365.7673,76059.3700,6596.6500,6365.7673,230.8828,0.07899990,0.07623491,230.8828,6365.7673,0.07623491,230.8828,230.8828,263.8660,0.0000,0.0000,6365.7673,0.07623491,725.6315,699.4032,5871.0185,5897.2468,0.07030991,0.07062402,0.00276500,52.4181,136.5997,11.4327,299.8477,39.5009,3795.5455,26.2273,60.1981,50.4776,10.0,20.0,60.0,130.0,208.4998,410.0,20.0,-10.0,10.424988,20.5,2.620904,29,101,23,8,0.22925199,0.07899990,0.13750718,0E-8,0.000000,0.943906,0.000000,-0.07590974,2026-04-10,2026-08-04,22,167,151,117,0.188034,1.192570,1.148423,0.764173,,,,,,,,GLOBAL_BASELINE_NO_ENTITY_RANKING,,,NOT_APPLICABLE_GLOBAL_BASELINE,HF9g-P5,,,,X 全窗基线 · 不参与实体赏罚,14190482,1420,A168_HF9F_20260827_0900,2026-08-27 09:00:00
2026-06-20,133237696,1942,0,2600.0000000000,1860.0000000000,1860.0000000000,0.9166667,37,12,0.36712138557629646,0.196182041667,3.949381193179863,6.285022882721021,3.949381193179863,0.17093934390929646,ELIGIBLE,R03b_20260811_FULL_v1,L1_ELIGIBILITY,v2026-08-11,2026-03-21..2026-08-06,baccarat_bet02_101_all_pairs_incl_sentinel,round_win = game_pnl > 0 (decisive only),COMPATIBILITY_ONLY_NOT_PRODUCTION,83502.0000,78818.0000,6596.6500,1593,577,-0.07899990,-0.13750718,-0.06159745,-0.07899990,-6596.6500,83502.0000,OK,0.0000,230.8828,3.5000,96.5000,AG03-UNRESOLVED,ALL5_LEVELS_bet23_to_bet27,230.8828,230.8828,263.8660,0.0000,0.0000,3.500000,3.500000,4.000000,0.000000,0.000000,96.500000,96.500000,96.000000,100.000000,100.000000,5.0,725.6315,699.4032,5871.0185,5897.2468,PENDING_AG03,FALSE,NOT_FOR_ENFORCEMENT,6365.7673,76059.3700,6596.6500,6365.7673,230.8828,0.07899990,0.07623491,230.8828,6365.7673,0.07623491,230.8828,230.8828,263.8660,0.0000,0.0000,6365.7673,0.07623491,725.6315,699.4032,5871.0185,5897.2468,0.07030991,0.07062402,0.00276500,52.4181,136.5997,11.4327,299.8477,39.5009,3795.5455,26.2273,60.1981,50.4776,10.0,20.0,60.0,130.0,208.4998,410.0,20.0,-10.0,10.424988,20.5,2.620904,29,101,23,8,0.22925199,0.07899990,0.13750718,0E-8,0.000000,0.943906,0.000000,-0.07590974,2026-04-10,2026-08-04,22,167,151,117,0.188034,1.192570,1.148423,0.764173,,,,,,,,GLOBAL_BASELINE_NO_ENTITY_RANKING,,,NOT_APPLICABLE_GLOBAL_BASELINE,HF9g-P5,,,,X 全窗基线 · 不参与实体赏罚,14190483,1420,A168_HF9F_20260827_0900,2026-08-27 09:00:00
2026-06-20,133237696,1947,0,1100.0000000000,670.0000000000,670.0000000000,0.7500000,25,8,0.35132089232236039,0.194661596875,2.362117663276199,3.967101892105529,2.362117663276199,0.15665929544736039,ELIGIBLE,R03b_20260811_FULL_v1,L1_ELIGIBILITY,v2026-08-11,2026-03-21..2026-08-06,baccarat_bet02_101_all_pairs_incl_sentinel,round_win = game_pnl > 0 (decisive only),COMPATIBILITY_ONLY_NOT_PRODUCTION,83502.0000,78818.0000,6596.6500,1593,577,-0.07899990,-0.13750718,-0.06159745,-0.07899990,-6596.6500,83502.0000,OK,0.0000,230.8828,3.5000,96.5000,AG03-UNRESOLVED,ALL5_LEVELS_bet23_to_bet27,230.8828,230.8828,263.8660,0.0000,0.0000,3.500000,3.500000,4.000000,0.000000,0.000000,96.500000,96.500000,96.000000,100.000000,100.000000,5.0,725.6315,699.4032,5871.0185,5897.2468,PENDING_AG03,FALSE,NOT_FOR_ENFORCEMENT,6365.7673,76059.3700,6596.6500,6365.7673,230.8828,0.07899990,0.07623491,230.8828,6365.7673,0.07623491,230.8828,230.8828,263.8660,0.0000,0.0000,6365.7673,0.07623491,725.6315,699.4032,5871.0185,5897.2468,0.07030991,0.07062402,0.00276500,52.4181,136.5997,11.4327,299.8477,39.5009,3795.5455,26.2273,60.1981,50.4776,10.0,20.0,60.0,130.0,208.4998,410.0,20.0,-10.0,10.424988,20.5,2.620904,29,101,23,8,0.22925199,0.07899990,0.13750718,0E-8,0.000000,0.943906,0.000000,-0.07590974,2026-04-10,2026-08-04,22,167,151,117,0.188034,1.192570,1.148423,0.764173,,,,,,,,GLOBAL_BASELINE_NO_ENTITY_RANKING,,,NOT_APPLICABLE_GLOBAL_BASELINE,HF9g-P5,,,,X 全窗基线 · 不参与实体赏罚,14190484,1420,A168_HF9F_20260827_0900,2026-08-27 09:00:00
2026-06-20,133237696,1990,0,2030.0000000000,70.0000000000,70.0000000000,0.5833333,39,12,0.38570622600715319,0.190858139583,1.4064385296817845,3.459673839348959,1.4064385296817845,0.19484808642415319,ELIGIBLE,R03b_20260811_FULL_v1,L1_ELIGIBILITY,v2026-08-11,2026-03-21..2026-08-06,baccarat_bet02_101_all_pairs_incl_sentinel,round_win = game_pnl > 0 (decisive only),COMPATIBILITY_ONLY_NOT_PRODUCTION,83502.0000,78818.0000,6596.6500,1593,577,-0.07899990,-0.13750718,-0.06159745,-0.07899990,-6596.6500,83502.0000,OK,0.0000,230.8828,3.5000,96.5000,AG03-UNRESOLVED,ALL5_LEVELS_bet23_to_bet27,230.8828,230.8828,263.8660,0.0000,0.0000,3.500000,3.500000,4.000000,0.000000,0.000000,96.500000,96.500000,96.000000,100.000000,100.000000,5.0,725.6315,699.4032,5871.0185,5897.2468,PENDING_AG03,FALSE,NOT_FOR_ENFORCEMENT,6365.7673,76059.3700,6596.6500,6365.7673,230.8828,0.07899990,0.07623491,230.8828,6365.7673,0.07623491,230.8828,230.8828,263.8660,0.0000,0.0000,6365.7673,0.07623491,725.6315,699.4032,5871.0185,5897.2468,0.07030991,0.07062402,0.00276500,52.4181,136.5997,11.4327,299.8477,39.5009,3795.5455,26.2273,60.1981,50.4776,10.0,20.0,60.0,130.0,208.4998,410.0,20.0,-10.0,10.424988,20.5,2.620904,29,101,23,8,0.22925199,0.07899990,0.13750718,0E-8,0.000000,0.943906,0.000000,-0.07590974,2026-04-10,2026-08-04,22,167,151,117,0.188034,1.192570,1.148423,0.764173,,,,,,,,GLOBAL_BASELINE_NO_ENTITY_RANKING,,,NOT_APPLICABLE_GLOBAL_BASELINE,HF9g-P5,,,,X 全窗基线 · 不参与实体赏罚,14190485,1420,A168_HF9F_20260827_0900,2026-08-27 09:00:00
2026-06-20,133237696,2101,0,670.0000000000,-376.0000000000,-376.0000000000,0.2000000,17,5,0.36759555511111111,0.220447350000,-0.7772574902399155,-0.11029272468540682,-0.7772574902399155,0.14714820511111111,ELIGIBLE,R03b_20260811_FULL_v1,L1_ELIGIBILITY,v2026-08-11,2026-03-21..2026-08-06,baccarat_bet02_101_all_pairs_incl_sentinel,round_win = game_pnl > 0 (decisive only),COMPATIBILITY_ONLY_NOT_PRODUCTION,83502.0000,78818.0000,6596.6500,1593,577,-0.07899990,-0.13750718,-0.06159745,-0.07899990,-6596.6500,83502.0000,OK,0.0000,230.8828,3.5000,96.5000,AG03-UNRESOLVED,ALL5_LEVELS_bet23_to_bet27,230.8828,230.8828,263.8660,0.0000,0.0000,3.500000,3.500000,4.000000,0.000000,0.000000,96.500000,96.500000,96.000000,100.000000,100.000000,5.0,725.6315,699.4032,5871.0185,5897.2468,PENDING_AG03,FALSE,NOT_FOR_ENFORCEMENT,6365.7673,76059.3700,6596.6500,6365.7673,230.8828,0.07899990,0.07623491,230.8828,6365.7673,0.07623491,230.8828,230.8828,263.8660,0.0000,0.0000,6365.7673,0.07623491,725.6315,699.4032,5871.0185,5897.2468,0.07030991,0.07062402,0.00276500,52.4181,136.5997,11.4327,299.8477,39.5009,3795.5455,26.2273,60.1981,50.4776,10.0,20.0,60.0,130.0,208.4998,410.0,20.0,-10.0,10.424988,20.5,2.620904,29,101,23,8,0.22925199,0.07899990,0.13750718,0E-8,0.000000,0.943906,0.000000,-0.07590974,2026-04-10,2026-08-04,22,167,151,117,0.188034,1.192570,1.148423,0.764173,,,,,,,,GLOBAL_BASELINE_NO_ENTITY_RANKING,,,NOT_APPLICABLE_GLOBAL_BASELINE,HF9g-P5,,,,X 全窗基线 · 不参与实体赏罚,14190486,1420,A168_HF9F_20260827_0900,2026-08-27 09:00:00
2026-06-20,133237696,2130,0,30.0000000000,-30.0000000000,-30.0000000000,0E-7,1,1,0.49324550000000000,0.493245500000,-0.9865810262130424,-0.9865810262130424,-0.9865810262130424,0E-17,ELIGIBLE,R03b_20260811_FULL_v1,L1_ELIGIBILITY,v2026-08-11,2026-03-21..2026-08-06,baccarat_bet02_101_all_pairs_incl_sentinel,round_win = game_pnl > 0 (decisive only),COMPATIBILITY_ONLY_NOT_PRODUCTION,83502.0000,78818.0000,6596.6500,1593,577,-0.07899990,-0.13750718,-0.06159745,-0.07899990,-6596.6500,83502.0000,OK,0.0000,230.8828,3.5000,96.5000,AG03-UNRESOLVED,ALL5_LEVELS_bet23_to_bet27,230.8828,230.8828,263.8660,0.0000,0.0000,3.500000,3.500000,4.000000,0.000000,0.000000,96.500000,96.500000,96.000000,100.000000,100.000000,5.0,725.6315,699.4032,5871.0185,5897.2468,PENDING_AG03,FALSE,NOT_FOR_ENFORCEMENT,6365.7673,76059.3700,6596.6500,6365.7673,230.8828,0.07899990,0.07623491,230.8828,6365.7673,0.07623491,230.8828,230.8828,263.8660,0.0000,0.0000,6365.7673,0.07623491,725.6315,699.4032,5871.0185,5897.2468,0.07030991,0.07062402,0.00276500,52.4181,136.5997,11.4327,299.8477,39.5009,3795.5455,26.2273,60.1981,50.4776,10.0,20.0,60.0,130.0,208.4998,410.0,20.0,-10.0,10.424988,20.5,2.620904,29,101,23,8,0.22925199,0.07899990,0.13750718,0E-8,0.000000,0.943906,0.000000,-0.07590974,2026-04-10,2026-08-04,22,167,151,117,0.188034,1.192570,1.148423,0.764173,,,,,,,,GLOBAL_BASELINE_NO_ENTITY_RANKING,,,NOT_APPLICABLE_GLOBAL_BASELINE,HF9g-P5,,,,X 全窗基线 · 不参与实体赏罚,14190487,1420,A168_HF9F_20260827_0900,2026-08-27 09:00:00
2026-06-20,133237696,2141,0,430.0000000000,-150.0000000000,-150.0000000000,0.5000000,11,3,0.32754959166666667,0.180674883333,0.5196495587752191,1.1737376931062335,0.5196495587752191,0.14687470833366667,ELIGIBLE,R03b_20260811_FULL_v1,L1_ELIGIBILITY,v2026-08-11,2026-03-21..2026-08-06,baccarat_bet02_101_all_pairs_incl_sentinel,round_win = game_pnl > 0 (decisive only),COMPATIBILITY_ONLY_NOT_PRODUCTION,83502.0000,78818.0000,6596.6500,1593,577,-0.07899990,-0.13750718,-0.06159745,-0.07899990,-6596.6500,83502.0000,OK,0.0000,230.8828,3.5000,96.5000,AG03-UNRESOLVED,ALL5_LEVELS_bet23_to_bet27,230.8828,230.8828,263.8660,0.0000,0.0000,3.500000,3.500000,4.000000,0.000000,0.000000,96.500000,96.500000,96.000000,100.000000,100.000000,5.0,725.6315,699.4032,5871.0185,5897.2468,PENDING_AG03,FALSE,NOT_FOR_ENFORCEMENT,6365.7673,76059.3700,6596.6500,6365.7673,230.8828,0.07899990,0.07623491,230.8828,6365.7673,0.07623491,230.8828,230.8828,263.8660,0.0000,0.0000,6365.7673,0.07623491,725.6315,699.4032,5871.0185,5897.2468,0.07030991,0.07062402,0.00276500,52.4181,136.5997,11.4327,299.8477,39.5009,3795.5455,26.2273,60.1981,50.4776,10.0,20.0,60.0,130.0,208.4998,410.0,20.0,-10.0,10.424988,20.5,2.620904,29,101,23,8,0.22925199,0.07899990,0.13750718,0E-8,0.000000,0.943906,0.000000,-0.07590974,2026-04-10,2026-08-04,22,167,151,117,0.188034,1.192570,1.148423,0.764173,,,,,,,,GLOBAL_BASELINE_NO_ENTITY_RANKING,,,NOT_APPLICABLE_GLOBAL_BASELINE,HF9g-P5,,,,X 全窗基线 · 不参与实体赏罚,14190488,1420,A168_HF9F_20260827_0900,2026-08-27 09:00:00
2026-06-20,133237696,2167,0,15.0000000000,-15.0000000000,-15.0000000000,0E-7,1,1,0.49324550000000000,0.493245500000,-0.9865810262130424,-0.9865810262130424,-0.9865810262130424,0E-17,ELIGIBLE,R03b_20260811_FULL_v1,L1_ELIGIBILITY,v2026-08-11,2026-03-21..2026-08-06,baccarat_bet02_101_all_pairs_incl_sentinel,round_win = game_pnl > 0 (decisive only),COMPATIBILITY_ONLY_NOT_PRODUCTION,83502.0000,78818.0000,6596.6500,1593,577,-0.07899990,-0.13750718,-0.06159745,-0.07899990,-6596.6500,83502.0000,OK,0.0000,230.8828,3.5000,96.5000,AG03-UNRESOLVED,ALL5_LEVELS_bet23_to_bet27,230.8828,230.8828,263.8660,0.0000,0.0000,3.500000,3.500000,4.000000,0.000000,0.000000,96.500000,96.500000,96.000000,100.000000,100.000000,5.0,725.6315,699.4032,5871.0185,5897.2468,PENDING_AG03,FALSE,NOT_FOR_ENFORCEMENT,6365.7673,76059.3700,6596.6500,6365.7673,230.8828,0.07899990,0.07623491,230.8828,6365.7673,0.07623491,230.8828,230.8828,263.8660,0.0000,0.0000,6365.7673,0.07623491,725.6315,699.4032,5871.0185,5897.2468,0.07030991,0.07062402,0.00276500,52.4181,136.5997,11.4327,299.8477,39.5009,3795.5455,26.2273,60.1981,50.4776,10.0,20.0,60.0,130.0,208.4998,410.0,20.0,-10.0,10.424988,20.5,2.620904,29,101,23,8,0.22925199,0.07899990,0.13750718,0E-8,0.000000,0.943906,0.000000,-0.07590974,2026-04-10,2026-08-04,22,167,151,117,0.188034,1.192570,1.148423,0.764173,,,,,,,,GLOBAL_BASELINE_NO_ENTITY_RANKING,,,NOT_APPLICABLE_GLOBAL_BASELINE,HF9g-P5,,,,X 全窗基线 · 不参与实体赏罚,14190489,1420,A168_HF9F_20260827_0900,2026-08-27 09:00:00
2026-06-20,133237696,2170,0,150.0000000000,-150.0000000000,-150.0000000000,0E-7,5,1,0.30023452000000000,0.151047460000,-0.6550192372891369,-0.4218081893799624,-0.6550192372891369,0.14918706000000000,ELIGIBLE,R03b_20260811_FULL_v1,L1_ELIGIBILITY,v2026-08-11,2026-03-21..2026-08-06,baccarat_bet02_101_all_pairs_incl_sentinel,round_win = game_pnl > 0 (decisive only),COMPATIBILITY_ONLY_NOT_PRODUCTION,83502.0000,78818.0000,6596.6500,1593,577,-0.07899990,-0.13750718,-0.06159745,-0.07899990,-6596.6500,83502.0000,OK,0.0000,230.8828,3.5000,96.5000,AG03-UNRESOLVED,ALL5_LEVELS_bet23_to_bet27,230.8828,230.8828,263.8660,0.0000,0.0000,3.500000,3.500000,4.000000,0.000000,0.000000,96.500000,96.500000,96.000000,100.000000,100.000000,5.0,725.6315,699.4032,5871.0185,5897.2468,PENDING_AG03,FALSE,NOT_FOR_ENFORCEMENT,6365.7673,76059.3700,6596.6500,6365.7673,230.8828,0.07899990,0.07623491,230.8828,6365.7673,0.07623491,230.8828,230.8828,263.8660,0.0000,0.0000,6365.7673,0.07623491,725.6315,699.4032,5871.0185,5897.2468,0.07030991,0.07062402,0.00276500,52.4181,136.5997,11.4327,299.8477,39.5009,3795.5455,26.2273,60.1981,50.4776,10.0,20.0,60.0,130.0,208.4998,410.0,20.0,-10.0,10.424988,20.5,2.620904,29,101,23,8,0.22925199,0.07899990,0.13750718,0E-8,0.000000,0.943906,0.000000,-0.07590974,2026-04-10,2026-08-04,22,167,151,117,0.188034,1.192570,1.148423,0.764173,,,,,,,,GLOBAL_BASELINE_NO_ENTITY_RANKING,,,NOT_APPLICABLE_GLOBAL_BASELINE,HF9g-P5,,,,X 全窗基线 · 不参与实体赏罚,14190490,1420,A168_HF9F_20260827_0900,2026-08-27 09:00:00
2026-06-20,133237696,2234,0,250.0000000000,-250.0000000000,-250.0000000000,0E-7,7,1,0.25894501200000000,0.127318400000,-0.5911239525110598,-0.3819598169303392,-0.5911239525110598,0.13162661200000000,ELIGIBLE,R03b_20260811_FULL_v1,L1_ELIGIBILITY,v2026-08-11,2026-03-21..2026-08-06,baccarat_bet02_101_all_pairs_incl_sentinel,round_win = game_pnl > 0 (decisive only),COMPATIBILITY_ONLY_NOT_PRODUCTION,83502.0000,78818.0000,6596.6500,1593,577,-0.07899990,-0.13750718,-0.06159745,-0.07899990,-6596.6500,83502.0000,OK,0.0000,230.8828,3.5000,96.5000,AG03-UNRESOLVED,ALL5_LEVELS_bet23_to_bet27,230.8828,230.8828,263.8660,0.0000,0.0000,3.500000,3.500000,4.000000,0.000000,0.000000,96.500000,96.500000,96.000000,100.000000,100.000000,5.0,725.6315,699.4032,5871.0185,5897.2468,PENDING_AG03,FALSE,NOT_FOR_ENFORCEMENT,6365.7673,76059.3700,6596.6500,6365.7673,230.8828,0.07899990,0.07623491,230.8828,6365.7673,0.07623491,230.8828,230.8828,263.8660,0.0000,0.0000,6365.7673,0.07623491,725.6315,699.4032,5871.0185,5897.2468,0.07030991,0.07062402,0.00276500,52.4181,136.5997,11.4327,299.8477,39.5009,3795.5455,26.2273,60.1981,50.4776,10.0,20.0,60.0,130.0,208.4998,410.0,20.0,-10.0,10.424988,20.5,2.620904,29,101,23,8,0.22925199,0.07899990,0.13750718,0E-8,0.000000,0.943906,0.000000,-0.07590974,2026-04-10,2026-08-04,22,167,151,117,0.188034,1.192570,1.148423,0.764173,,,,,,,,GLOBAL_BASELINE_NO_ENTITY_RANKING,,,NOT_APPLICABLE_GLOBAL_BASELINE,HF9g-P5,,,,X 全窗基线 · 不参与实体赏罚,14190491,1420,A168_HF9F_20260827_0900,2026-08-27 09:00:00
2026-06-20,133237696,2241,0,60.0000000000,-60.0000000000,-60.0000000000,0E-7,3,1,0.27695773333333333,0.197889300000,-0.6189063026634222,-0.4966998184331015,-0.6189063026634222,0.07906843333333333,ELIGIBLE,R03b_20260811_FULL_v1,L1_ELIGIBILITY,v2026-08-11,2026-03-21..2026-08-06,baccarat_bet02_101_all_pairs_incl_sentinel,round_win = game_pnl > 0 (decisive only),COMPATIBILITY_ONLY_NOT_PRODUCTION,83502.0000,78818.0000,6596.6500,1593,577,-0.07899990,-0.13750718,-0.06159745,-0.07899990,-6596.6500,83502.0000,OK,0.0000,230.8828,3.5000,96.5000,AG03-UNRESOLVED,ALL5_LEVELS_bet23_to_bet27,230.8828,230.8828,263.8660,0.0000,0.0000,3.500000,3.500000,4.000000,0.000000,0.000000,96.500000,96.500000,96.000000,100.000000,100.000000,5.0,725.6315,699.4032,5871.0185,5897.2468,PENDING_AG03,FALSE,NOT_FOR_ENFORCEMENT,6365.7673,76059.3700,6596.6500,6365.7673,230.8828,0.07899990,0.07623491,230.8828,6365.7673,0.07623491,230.8828,230.8828,263.8660,0.0000,0.0000,6365.7673,0.07623491,725.6315,699.4032,5871.0185,5897.2468,0.07030991,0.07062402,0.00276500,52.4181,136.5997,11.4327,299.8477,39.5009,3795.5455,26.2273,60.1981,50.4776,10.0,20.0,60.0,130.0,208.4998,410.0,20.0,-10.0,10.424988,20.5,2.620904,29,101,23,8,0.22925199,0.07899990,0.13750718,0E-8,0.000000,0.943906,0.000000,-0.07590974,2026-04-10,2026-08-04,22,167,151,117,0.188034,1.192570,1.148423,0.764173,,,,,,,,GLOBAL_BASELINE_NO_ENTITY_RANKING,,,NOT_APPLICABLE_GLOBAL_BASELINE,HF9g-P5,,,,X 全窗基线 · 不参与实体赏罚,14190492,1420,A168_HF9F_20260827_0900,2026-08-27 09:00:00
2026-06-20,133237696,2248,0,230.0000000000,-230.0000000000,-230.0000000000,0E-7,4,1,0.36157433043478261,0.161807325000,-0.7525643216812574,-0.43936672047055203,-0.7525643216812574,0.19976700543478261,ELIGIBLE,R03b_20260811_FULL_v1,L1_ELIGIBILITY,v2026-08-11,2026-03-21..2026-08-06,baccarat_bet02_101_all_pairs_incl_sentinel,round_win = game_pnl > 0 (decisive only),COMPATIBILITY_ONLY_NOT_PRODUCTION,83502.0000,78818.0000,6596.6500,1593,577,-0.07899990,-0.13750718,-0.06159745,-0.07899990,-6596.6500,83502.0000,OK,0.0000,230.8828,3.5000,96.5000,AG03-UNRESOLVED,ALL5_LEVELS_bet23_to_bet27,230.8828,230.8828,263.8660,0.0000,0.0000,3.500000,3.500000,4.000000,0.000000,0.000000,96.500000,96.500000,96.000000,100.000000,100.000000,5.0,725.6315,699.4032,5871.0185,5897.2468,PENDING_AG03,FALSE,NOT_FOR_ENFORCEMENT,6365.7673,76059.3700,6596.6500,6365.7673,230.8828,0.07899990,0.07623491,230.8828,6365.7673,0.07623491,230.8828,230.8828,263.8660,0.0000,0.0000,6365.7673,0.07623491,725.6315,699.4032,5871.0185,5897.2468,0.07030991,0.07062402,0.00276500,52.4181,136.5997,11.4327,299.8477,39.5009,3795.5455,26.2273,60.1981,50.4776,10.0,20.0,60.0,130.0,208.4998,410.0,20.0,-10.0,10.424988,20.5,2.620904,29,101,23,8,0.22925199,0.07899990,0.13750718,0E-8,0.000000,0.943906,0.000000,-0.07590974,2026-04-10,2026-08-04,22,167,151,117,0.188034,1.192570,1.148423,0.764173,,,,,,,,GLOBAL_BASELINE_NO_ENTITY_RANKING,,,NOT_APPLICABLE_GLOBAL_BASELINE,HF9g-P5,,,,X 全窗基线 · 不参与实体赏罚,14190493,1420,A168_HF9F_20260827_0900,2026-08-27 09:00:00
2026-06-20,133237696,2256,0,120.0000000000,-120.0000000000,-120.0000000000,0E-7,3,1,0.36246116666666667,0.218271633333,-0.754010546218163,-0.5284096173047961,-0.754010546218163,0.14418953333366667,ELIGIBLE,R03b_20260811_FULL_v1,L1_ELIGIBILITY,v2026-08-11,2026-03-21..2026-08-06,baccarat_bet02_101_all_pairs_incl_sentinel,round_win = game_pnl > 0 (decisive only),COMPATIBILITY_ONLY_NOT_PRODUCTION,83502.0000,78818.0000,6596.6500,1593,577,-0.07899990,-0.13750718,-0.06159745,-0.07899990,-6596.6500,83502.0000,OK,0.0000,230.8828,3.5000,96.5000,AG03-UNRESOLVED,ALL5_LEVELS_bet23_to_bet27,230.8828,230.8828,263.8660,0.0000,0.0000,3.500000,3.500000,4.000000,0.000000,0.000000,96.500000,96.500000,96.000000,100.000000,100.000000,5.0,725.6315,699.4032,5871.0185,5897.2468,PENDING_AG03,FALSE,NOT_FOR_ENFORCEMENT,6365.7673,76059.3700,6596.6500,6365.7673,230.8828,0.07899990,0.07623491,230.8828,6365.7673,0.07623491,230.8828,230.8828,263.8660,0.0000,0.0000,6365.7673,0.07623491,725.6315,699.4032,5871.0185,5897.2468,0.07030991,0.07062402,0.00276500,52.4181,136.5997,11.4327,299.8477,39.5009,3795.5455,26.2273,60.1981,50.4776,10.0,20.0,60.0,130.0,208.4998,410.0,20.0,-10.0,10.424988,20.5,2.620904,29,101,23,8,0.22925199,0.07899990,0.13750718,0E-8,0.000000,0.943906,0.000000,-0.07590974,2026-04-10,2026-08-04,22,167,151,117,0.188034,1.192570,1.148423,0.764173,,,,,,,,GLOBAL_BASELINE_NO_ENTITY_RANKING,,,NOT_APPLICABLE_GLOBAL_BASELINE,HF9g-P5,,,,X 全窗基线 · 不参与实体赏罚,14190494,1420,A168_HF9F_20260827_0900,2026-08-27 09:00:00
2026-06-20,133237696,2278,0,230.0000000000,-50.0000000000,-50.0000000000,0.5000000,6,2,0.32070007941176471,0.197889300000,0.5432688190658637,1.0723900948768452,0.5432688190658637,0.12281077941176471,ELIGIBLE,R03b_20260811_FULL_v1,L1_ELIGIBILITY,v2026-08-11,2026-03-21..2026-08-06,baccarat_bet02_101_all_pairs_incl_sentinel,round_win = game_pnl > 0 (decisive only),COMPATIBILITY_ONLY_NOT_PRODUCTION,83502.0000,78818.0000,6596.6500,1593,577,-0.07899990,-0.13750718,-0.06159745,-0.07899990,-6596.6500,83502.0000,OK,0.0000,230.8828,3.5000,96.5000,AG03-UNRESOLVED,ALL5_LEVELS_bet23_to_bet27,230.8828,230.8828,263.8660,0.0000,0.0000,3.500000,3.500000,4.000000,0.000000,0.000000,96.500000,96.500000,96.000000,100.000000,100.000000,5.0,725.6315,699.4032,5871.0185,5897.2468,PENDING_AG03,FALSE,NOT_FOR_ENFORCEMENT,6365.7673,76059.3700,6596.6500,6365.7673,230.8828,0.07899990,0.07623491,230.8828,6365.7673,0.07623491,230.8828,230.8828,263.8660,0.0000,0.0000,6365.7673,0.07623491,725.6315,699.4032,5871.0185,5897.2468,0.07030991,0.07062402,0.00276500,52.4181,136.5997,11.4327,299.8477,39.5009,3795.5455,26.2273,60.1981,50.4776,10.0,20.0,60.0,130.0,208.4998,410.0,20.0,-10.0,10.424988,20.5,2.620904,29,101,23,8,0.22925199,0.07899990,0.13750718,0E-8,0.000000,0.943906,0.000000,-0.07590974,2026-04-10,2026-08-04,22,167,151,117,0.188034,1.192570,1.148423,0.764173,,,,,,,,GLOBAL_BASELINE_NO_ENTITY_RANKING,,,NOT_APPLICABLE_GLOBAL_BASELINE,HF9g-P5,,,,X 全窗基线 · 不参与实体赏罚,14190495,1420,A168_HF9F_20260827_0900,2026-08-27 09:00:00
2026-06-21,133237696,-1,1,357.0000000000,-357.0000000000,-357.0000000000,0E-7,7,3,0.42134056035320088,0.296341366667,-1.477970414327761,-1.1240244464743885,-1.477970414327761,0.12499919368620088,SENTINEL_DEALER,R03b_20260811_FULL_v1,L1_ELIGIBILITY,v2026-08-11,2026-03-21..2026-08-06,baccarat_bet02_101_all_pairs_incl_sentinel,round_win = game_pnl > 0 (decisive only),COMPATIBILITY_ONLY_NOT_PRODUCTION,83502.0000,78818.0000,6596.6500,1593,577,-0.07899990,-0.13750718,-0.06159745,-0.07899990,-6596.6500,83502.0000,OK,0.0000,230.8828,3.5000,96.5000,AG03-UNRESOLVED,ALL5_LEVELS_bet23_to_bet27,230.8828,230.8828,263.8660,0.0000,0.0000,3.500000,3.500000,4.000000,0.000000,0.000000,96.500000,96.500000,96.000000,100.000000,100.000000,5.0,725.6315,699.4032,5871.0185,5897.2468,PENDING_AG03,FALSE,NOT_FOR_ENFORCEMENT,6365.7673,76059.3700,6596.6500,6365.7673,230.8828,0.07899990,0.07623491,230.8828,6365.7673,0.07623491,230.8828,230.8828,263.8660,0.0000,0.0000,6365.7673,0.07623491,725.6315,699.4032,5871.0185,5897.2468,0.07030991,0.07062402,0.00276500,52.4181,136.5997,11.4327,299.8477,39.5009,3795.5455,26.2273,60.1981,50.4776,10.0,20.0,60.0,130.0,208.4998,410.0,20.0,-10.0,10.424988,20.5,2.620904,29,101,23,8,0.22925199,0.07899990,0.13750718,0E-8,0.000000,0.943906,0.000000,-0.07590974,2026-04-10,2026-08-04,22,167,151,117,0.188034,1.192570,1.148423,0.764173,,,,,,,,GLOBAL_BASELINE_NO_ENTITY_RANKING,,,NOT_APPLICABLE_GLOBAL_BASELINE,HF9g-P5,,,,X 全窗基线 · 不参与实体赏罚,14190496,1420,A168_HF9F_20260827_0900,2026-08-27 09:00:00
2026-06-21,133237696,1331,0,2361.0000000000,-257.0000000000,-257.0000000000,0.6250000,23,8,0.44113425293017049,0.205158162500,1.0473858140927508,2.9406676771088422,1.0473858140927508,0.23597609043017049,ELIGIBLE,R03b_20260811_FULL_v1,L1_ELIGIBILITY,v2026-08-11,2026-03-21..2026-08-06,baccarat_bet02_101_all_pairs_incl_sentinel,round_win = game_pnl > 0 (decisive only),COMPATIBILITY_ONLY_NOT_PRODUCTION,83502.0000,78818.0000,6596.6500,1593,577,-0.07899990,-0.13750718,-0.06159745,-0.07899990,-6596.6500,83502.0000,OK,0.0000,230.8828,3.5000,96.5000,AG03-UNRESOLVED,ALL5_LEVELS_bet23_to_bet27,230.8828,230.8828,263.8660,0.0000,0.0000,3.500000,3.500000,4.000000,0.000000,0.000000,96.500000,96.500000,96.000000,100.000000,100.000000,5.0,725.6315,699.4032,5871.0185,5897.2468,PENDING_AG03,FALSE,NOT_FOR_ENFORCEMENT,6365.7673,76059.3700,6596.6500,6365.7673,230.8828,0.07899990,0.07623491,230.8828,6365.7673,0.07623491,230.8828,230.8828,263.8660,0.0000,0.0000,6365.7673,0.07623491,725.6315,699.4032,5871.0185,5897.2468,0.07030991,0.07062402,0.00276500,52.4181,136.5997,11.4327,299.8477,39.5009,3795.5455,26.2273,60.1981,50.4776,10.0,20.0,60.0,130.0,208.4998,410.0,20.0,-10.0,10.424988,20.5,2.620904,29,101,23,8,0.22925199,0.07899990,0.13750718,0E-8,0.000000,0.943906,0.000000,-0.07590974,2026-04-10,2026-08-04,22,167,151,117,0.188034,1.192570,1.148423,0.764173,,,,,,,,GLOBAL_BASELINE_NO_ENTITY_RANKING,,,NOT_APPLICABLE_GLOBAL_BASELINE,HF9g-P5,,,,X 全窗基线 · 不参与实体赏罚,14190497,1420,A168_HF9F_20260827_0900,2026-08-27 09:00:00
2026-06-21,133237696,1382,0,51.0000000000,-51.0000000000,-51.0000000000,0E-7,1,1,0.49324550000000000,0.493245500000,-0.9865810262130424,-0.9865810262130424,-0.9865810262130424,0E-17,ELIGIBLE,R03b_20260811_FULL_v1,L1_ELIGIBILITY,v2026-08-11,2026-03-21..2026-08-06,baccarat_bet02_101_all_pairs_incl_sentinel,round_win = game_pnl > 0 (decisive only),COMPATIBILITY_ONLY_NOT_PRODUCTION,83502.0000,78818.0000,6596.6500,1593,577,-0.07899990,-0.13750718,-0.06159745,-0.07899990,-6596.6500,83502.0000,OK,0.0000,230.8828,3.5000,96.5000,AG03-UNRESOLVED,ALL5_LEVELS_bet23_to_bet27,230.8828,230.8828,263.8660,0.0000,0.0000,3.500000,3.500000,4.000000,0.000000,0.000000,96.500000,96.500000,96.000000,100.000000,100.000000,5.0,725.6315,699.4032,5871.0185,5897.2468,PENDING_AG03,FALSE,NOT_FOR_ENFORCEMENT,6365.7673,76059.3700,6596.6500,6365.7673,230.8828,0.07899990,0.07623491,230.8828,6365.7673,0.07623491,230.8828,230.8828,263.8660,0.0000,0.0000,6365.7673,0.07623491,725.6315,699.4032,5871.0185,5897.2468,0.07030991,0.07062402,0.00276500,52.4181,136.5997,11.4327,299.8477,39.5009,3795.5455,26.2273,60.1981,50.4776,10.0,20.0,60.0,130.0,208.4998,410.0,20.0,-10.0,10.424988,20.5,2.620904,29,101,23,8,0.22925199,0.07899990,0.13750718,0E-8,0.000000,0.943906,0.000000,-0.07590974,2026-04-10,2026-08-04,22,167,151,117,0.188034,1.192570,1.148423,0.764173,,,,,,,,GLOBAL_BASELINE_NO_ENTITY_RANKING,,,NOT_APPLICABLE_GLOBAL_BASELINE,HF9g-P5,,,,X 全窗基线 · 不参与实体赏罚,14190498,1420,A168_HF9F_20260827_0900,2026-08-27 09:00:00
2026-06-21,133237696,1714,0,80.0000000000,-80.0000000000,-80.0000000000,0E-7,1,1,0.49324550000000000,0.493245500000,-0.9865810262130424,-0.9865810262130424,-0.9865810262130424,0E-17,ELIGIBLE,R03b_20260811_FULL_v1,L1_ELIGIBILITY,v2026-08-11,2026-03-21..2026-08-06,baccarat_bet02_101_all_pairs_incl_sentinel,round_win = game_pnl > 0 (decisive only),COMPATIBILITY_ONLY_NOT_PRODUCTION,83502.0000,78818.0000,6596.6500,1593,577,-0.07899990,-0.13750718,-0.06159745,-0.07899990,-6596.6500,83502.0000,OK,0.0000,230.8828,3.5000,96.5000,AG03-UNRESOLVED,ALL5_LEVELS_bet23_to_bet27,230.8828,230.8828,263.8660,0.0000,0.0000,3.500000,3.500000,4.000000,0.000000,0.000000,96.500000,96.500000,96.000000,100.000000,100.000000,5.0,725.6315,699.4032,5871.0185,5897.2468,PENDING_AG03,FALSE,NOT_FOR_ENFORCEMENT,6365.7673,76059.3700,6596.6500,6365.7673,230.8828,0.07899990,0.07623491,230.8828,6365.7673,0.07623491,230.8828,230.8828,263.8660,0.0000,0.0000,6365.7673,0.07623491,725.6315,699.4032,5871.0185,5897.2468,0.07030991,0.07062402,0.00276500,52.4181,136.5997,11.4327,299.8477,39.5009,3795.5455,26.2273,60.1981,50.4776,10.0,20.0,60.0,130.0,208.4998,410.0,20.0,-10.0,10.424988,20.5,2.620904,29,101,23,8,0.22925199,0.07899990,0.13750718,0E-8,0.000000,0.943906,0.000000,-0.07590974,2026-04-10,2026-08-04,22,167,151,117,0.188034,1.192570,1.148423,0.764173,,,,,,,,GLOBAL_BASELINE_NO_ENTITY_RANKING,,,NOT_APPLICABLE_GLOBAL_BASELINE,HF9g-P5,,,,X 全窗基线 · 不参与实体赏罚,14190499,1420,A168_HF9F_20260827_0900,2026-08-27 09:00:00
2026-06-21,133237696,2201,0,141.0000000000,-141.0000000000,-141.0000000000,0E-7,1,1,0.49324550000000000,0.493245500000,-0.9865810262130424,-0.9865810262130424,-0.9865810262130424,0E-17,ELIGIBLE,R03b_20260811_FULL_v1,L1_ELIGIBILITY,v2026-08-11,2026-03-21..2026-08-06,baccarat_bet02_101_all_pairs_incl_sentinel,round_win = game_pnl > 0 (decisive only),COMPATIBILITY_ONLY_NOT_PRODUCTION,83502.0000,78818.0000,6596.6500,1593,577,-0.07899990,-0.13750718,-0.06159745,-0.07899990,-6596.6500,83502.0000,OK,0.0000,230.8828,3.5000,96.5000,AG03-UNRESOLVED,ALL5_LEVELS_bet23_to_bet27,230.8828,230.8828,263.8660,0.0000,0.0000,3.500000,3.500000,4.000000,0.000000,0.000000,96.500000,96.500000,96.000000,100.000000,100.000000,5.0,725.6315,699.4032,5871.0185,5897.2468,PENDING_AG03,FALSE,NOT_FOR_ENFORCEMENT,6365.7673,76059.3700,6596.6500,6365.7673,230.8828,0.07899990,0.07623491,230.8828,6365.7673,0.07623491,230.8828,230.8828,263.8660,0.0000,0.0000,6365.7673,0.07623491,725.6315,699.4032,5871.0185,5897.2468,0.07030991,0.07062402,0.00276500,52.4181,136.5997,11.4327,299.8477,39.5009,3795.5455,26.2273,60.1981,50.4776,10.0,20.0,60.0,130.0,208.4998,410.0,20.0,-10.0,10.424988,20.5,2.620904,29,101,23,8,0.22925199,0.07899990,0.13750718,0E-8,0.000000,0.943906,0.000000,-0.07590974,2026-04-10,2026-08-04,22,167,151,117,0.188034,1.192570,1.148423,0.764173,,,,,,,,GLOBAL_BASELINE_NO_ENTITY_RANKING,,,NOT_APPLICABLE_GLOBAL_BASELINE,HF9g-P5,,,,X 全窗基线 · 不参与实体赏罚,14190500,1420,A168_HF9F_20260827_0900,2026-08-27 09:00:00
2026-06-21,133237696,2209,0,654.0000000000,-122.0000000000,-122.0000000000,0.6666667,9,3,0.42373305977935623,0.197889300000,0.8515108740962644,2.037975465654197,0.8515108740962644,0.22584375977935623,ELIGIBLE,R03b_20260811_FULL_v1,L1_ELIGIBILITY,v2026-08-11,2026-03-21..2026-08-06,baccarat_bet02_101_all_pairs_incl_sentinel,round_win = game_pnl > 0 (decisive only),COMPATIBILITY_ONLY_NOT_PRODUCTION,83502.0000,78818.0000,6596.6500,1593,577,-0.07899990,-0.13750718,-0.06159745,-0.07899990,-6596.6500,83502.0000,OK,0.0000,230.8828,3.5000,96.5000,AG03-UNRESOLVED,ALL5_LEVELS_bet23_to_bet27,230.8828,230.8828,263.8660,0.0000,0.0000,3.500000,3.500000,4.000000,0.000000,0.000000,96.500000,96.500000,96.000000,100.000000,100.000000,5.0,725.6315,699.4032,5871.0185,5897.2468,PENDING_AG03,FALSE,NOT_FOR_ENFORCEMENT,6365.7673,76059.3700,6596.6500,6365.7673,230.8828,0.07899990,0.07623491,230.8828,6365.7673,0.07623491,230.8828,230.8828,263.8660,0.0000,0.0000,6365.7673,0.07623491,725.6315,699.4032,5871.0185,5897.2468,0.07030991,0.07062402,0.00276500,52.4181,136.5997,11.4327,299.8477,39.5009,3795.5455,26.2273,60.1981,50.4776,10.0,20.0,60.0,130.0,208.4998,410.0,20.0,-10.0,10.424988,20.5,2.620904,29,101,23,8,0.22925199,0.07899990,0.13750718,0E-8,0.000000,0.943906,0.000000,-0.07590974,2026-04-10,2026-08-04,22,167,151,117,0.188034,1.192570,1.148423,0.764173,,,,,,,,GLOBAL_BASELINE_NO_ENTITY_RANKING,,,NOT_APPLICABLE_GLOBAL_BASELINE,HF9g-P5,,,,X 全窗基线 · 不参与实体赏罚,14190501,1420,A168_HF9F_20260827_0900,2026-08-27 09:00:00
2026-06-21,133237696,2223,0,519.0000000000,-260.5000000000,-260.5000000000,0.5000000,11,6,0.45343195775294525,0.363738591667,0.22913183073244286,0.693802749812606,0.22913183073244286,0.08969336608594525,ELIGIBLE,R03b_20260811_FULL_v1,L1_ELIGIBILITY,v2026-08-11,2026-03-21..2026-08-06,baccarat_bet02_101_all_pairs_incl_sentinel,round_win = game_pnl > 0 (decisive only),COMPATIBILITY_ONLY_NOT_PRODUCTION,83502.0000,78818.0000,6596.6500,1593,577,-0.07899990,-0.13750718,-0.06159745,-0.07899990,-6596.6500,83502.0000,OK,0.0000,230.8828,3.5000,96.5000,AG03-UNRESOLVED,ALL5_LEVELS_bet23_to_bet27,230.8828,230.8828,263.8660,0.0000,0.0000,3.500000,3.500000,4.000000,0.000000,0.000000,96.500000,96.500000,96.000000,100.000000,100.000000,5.0,725.6315,699.4032,5871.0185,5897.2468,PENDING_AG03,FALSE,NOT_FOR_ENFORCEMENT,6365.7673,76059.3700,6596.6500,6365.7673,230.8828,0.07899990,0.07623491,230.8828,6365.7673,0.07623491,230.8828,230.8828,263.8660,0.0000,0.0000,6365.7673,0.07623491,725.6315,699.4032,5871.0185,5897.2468,0.07030991,0.07062402,0.00276500,52.4181,136.5997,11.4327,299.8477,39.5009,3795.5455,26.2273,60.1981,50.4776,10.0,20.0,60.0,130.0,208.4998,410.0,20.0,-10.0,10.424988,20.5,2.620904,29,101,23,8,0.22925199,0.07899990,0.13750718,0E-8,0.000000,0.943906,0.000000,-0.07590974,2026-04-10,2026-08-04,22,167,151,117,0.188034,1.192570,1.148423,0.764173,,,,,,,,GLOBAL_BASELINE_NO_ENTITY_RANKING,,,NOT_APPLICABLE_GLOBAL_BASELINE,HF9g-P5,,,,X 全窗基线 · 不参与实体赏罚,14190502,1420,A168_HF9F_20260827_0900,2026-08-27 09:00:00
2026-06-21,133237696,2235,0,490.0000000000,-150.0000000000,-150.0000000000,0.6666667,7,3,0.46145242143790850,0.296341366667,0.7130050873593858,1.4046459157196718,0.7130050873593858,0.16511105477090850,ELIGIBLE,R03b_20260811_FULL_v1,L1_ELIGIBILITY,v2026-08-11,2026-03-21..2026-08-06,baccarat_bet02_101_all_pairs_incl_sentinel,round_win = game_pnl > 0 (decisive only),COMPATIBILITY_ONLY_NOT_PRODUCTION,83502.0000,78818.0000,6596.6500,1593,577,-0.07899990,-0.13750718,-0.06159745,-0.07899990,-6596.6500,83502.0000,OK,0.0000,230.8828,3.5000,96.5000,AG03-UNRESOLVED,ALL5_LEVELS_bet23_to_bet27,230.8828,230.8828,263.8660,0.0000,0.0000,3.500000,3.500000,4.000000,0.000000,0.000000,96.500000,96.500000,96.000000,100.000000,100.000000,5.0,725.6315,699.4032,5871.0185,5897.2468,PENDING_AG03,FALSE,NOT_FOR_ENFORCEMENT,6365.7673,76059.3700,6596.6500,6365.7673,230.8828,0.07899990,0.07623491,230.8828,6365.7673,0.07623491,230.8828,230.8828,263.8660,0.0000,0.0000,6365.7673,0.07623491,725.6315,699.4032,5871.0185,5897.2468,0.07030991,0.07062402,0.00276500,52.4181,136.5997,11.4327,299.8477,39.5009,3795.5455,26.2273,60.1981,50.4776,10.0,20.0,60.0,130.0,208.4998,410.0,20.0,-10.0,10.424988,20.5,2.620904,29,101,23,8,0.22925199,0.07899990,0.13750718,0E-8,0.000000,0.943906,0.000000,-0.07590974,2026-04-10,2026-08-04,22,167,151,117,0.188034,1.192570,1.148423,0.764173,,,,,,,,GLOBAL_BASELINE_NO_ENTITY_RANKING,,,NOT_APPLICABLE_GLOBAL_BASELINE,HF9g-P5,,,,X 全窗基线 · 不参与实体赏罚,14190503,1420,A168_HF9F_20260827_0900,2026-08-27 09:00:00
2026-06-21,133237696,2251,0,60.0000000000,-60.0000000000,-60.0000000000,0E-7,3,1,0.34556740000000000,0.197889300000,-0.7266644600876571,-0.4966998184331015,-0.7266644600876571,0.14767810000000000,ELIGIBLE,R03b_20260811_FULL_v1,L1_ELIGIBILITY,v2026-08-11,2026-03-21..2026-08-06,baccarat_bet02_101_all_pairs_incl_sentinel,round_win = game_pnl > 0 (decisive only),COMPATIBILITY_ONLY_NOT_PRODUCTION,83502.0000,78818.0000,6596.6500,1593,577,-0.07899990,-0.13750718,-0.06159745,-0.07899990,-6596.6500,83502.0000,OK,0.0000,230.8828,3.5000,96.5000,AG03-UNRESOLVED,ALL5_LEVELS_bet23_to_bet27,230.8828,230.8828,263.8660,0.0000,0.0000,3.500000,3.500000,4.000000,0.000000,0.000000,96.500000,96.500000,96.000000,100.000000,100.000000,5.0,725.6315,699.4032,5871.0185,5897.2468,PENDING_AG03,FALSE,NOT_FOR_ENFORCEMENT,6365.7673,76059.3700,6596.6500,6365.7673,230.8828,0.07899990,0.07623491,230.8828,6365.7673,0.07623491,230.8828,230.8828,263.8660,0.0000,0.0000,6365.7673,0.07623491,725.6315,699.4032,5871.0185,5897.2468,0.07030991,0.07062402,0.00276500,52.4181,136.5997,11.4327,299.8477,39.5009,3795.5455,26.2273,60.1981,50.4776,10.0,20.0,60.0,130.0,208.4998,410.0,20.0,-10.0,10.424988,20.5,2.620904,29,101,23,8,0.22925199,0.07899990,0.13750718,0E-8,0.000000,0.943906,0.000000,-0.07590974,2026-04-10,2026-08-04,22,167,151,117,0.188034,1.192570,1.148423,0.764173,,,,,,,,GLOBAL_BASELINE_NO_ENTITY_RANKING,,,NOT_APPLICABLE_GLOBAL_BASELINE,HF9g-P5,,,,X 全窗基线 · 不参与实体赏罚,14190504,1420,A168_HF9F_20260827_0900,2026-08-27 09:00:00
2026-06-21,133237696,986,0,1079.0000000000,-32.5000000000,-32.5000000000,0.4285714,23,7,0.36278166222111222,0.232913247619,0.36202667215282214,1.224694295041779,0.36202667215282214,0.12986841460211222,ELIGIBLE,R03b_20260811_FULL_v1,L1_ELIGIBILITY,v2026-08-11,2026-03-21..2026-08-06,baccarat_bet02_101_all_pairs_incl_sentinel,round_win = game_pnl > 0 (decisive only),COMPATIBILITY_ONLY_NOT_PRODUCTION,83502.0000,78818.0000,6596.6500,1593,577,-0.07899990,-0.13750718,-0.06159745,-0.07899990,-6596.6500,83502.0000,OK,0.0000,230.8828,3.5000,96.5000,AG03-UNRESOLVED,ALL5_LEVELS_bet23_to_bet27,230.8828,230.8828,263.8660,0.0000,0.0000,3.500000,3.500000,4.000000,0.000000,0.000000,96.500000,96.500000,96.000000,100.000000,100.000000,5.0,725.6315,699.4032,5871.0185,5897.2468,PENDING_AG03,FALSE,NOT_FOR_ENFORCEMENT,6365.7673,76059.3700,6596.6500,6365.7673,230.8828,0.07899990,0.07623491,230.8828,6365.7673,0.07623491,230.8828,230.8828,263.8660,0.0000,0.0000,6365.7673,0.07623491,725.6315,699.4032,5871.0185,5897.2468,0.07030991,0.07062402,0.00276500,52.4181,136.5997,11.4327,299.8477,39.5009,3795.5455,26.2273,60.1981,50.4776,10.0,20.0,60.0,130.0,208.4998,410.0,20.0,-10.0,10.424988,20.5,2.620904,29,101,23,8,0.22925199,0.07899990,0.13750718,0E-8,0.000000,0.943906,0.000000,-0.07590974,2026-04-10,2026-08-04,22,167,151,117,0.188034,1.192570,1.148423,0.764173,,,,,,,,GLOBAL_BASELINE_NO_ENTITY_RANKING,,,NOT_APPLICABLE_GLOBAL_BASELINE,HF9g-P5,,,,X 全窗基线 · 不参与实体赏罚,14190505,1420,A168_HF9F_20260827_0900,2026-08-27 09:00:00
2026-06-22,133237696,1485,0,510.0000000000,-393.0000000000,-393.0000000000,0.3333333,7,3,0.43034075181481481,0.252700466667,-0.33935305366413965,0.3213825926868887,-0.33935305366413965,0.17764028514781481,ELIGIBLE,R03b_20260811_FULL_v1,L1_ELIGIBILITY,v2026-08-11,2026-03-21..2026-08-06,baccarat_bet02_101_all_pairs_incl_sentinel,round_win = game_pnl > 0 (decisive only),COMPATIBILITY_ONLY_NOT_PRODUCTION,83502.0000,78818.0000,6596.6500,1593,577,-0.07899990,-0.13750718,-0.06159745,-0.07899990,-6596.6500,83502.0000,OK,0.0000,230.8828,3.5000,96.5000,AG03-UNRESOLVED,ALL5_LEVELS_bet23_to_bet27,230.8828,230.8828,263.8660,0.0000,0.0000,3.500000,3.500000,4.000000,0.000000,0.000000,96.500000,96.500000,96.000000,100.000000,100.000000,5.0,725.6315,699.4032,5871.0185,5897.2468,PENDING_AG03,FALSE,NOT_FOR_ENFORCEMENT,6365.7673,76059.3700,6596.6500,6365.7673,230.8828,0.07899990,0.07623491,230.8828,6365.7673,0.07623491,230.8828,230.8828,263.8660,0.0000,0.0000,6365.7673,0.07623491,725.6315,699.4032,5871.0185,5897.2468,0.07030991,0.07062402,0.00276500,52.4181,136.5997,11.4327,299.8477,39.5009,3795.5455,26.2273,60.1981,50.4776,10.0,20.0,60.0,130.0,208.4998,410.0,20.0,-10.0,10.424988,20.5,2.620904,29,101,23,8,0.22925199,0.07899990,0.13750718,0E-8,0.000000,0.943906,0.000000,-0.07590974,2026-04-10,2026-08-04,22,167,151,117,0.188034,1.192570,1.148423,0.764173,,,,,,,,GLOBAL_BASELINE_NO_ENTITY_RANKING,,,NOT_APPLICABLE_GLOBAL_BASELINE,HF9g-P5,,,,X 全窗基线 · 不参与实体赏罚,14190506,1420,A168_HF9F_20260827_0900,2026-08-27 09:00:00
2026-06-22,133237696,1935,0,240.0000000000,-240.0000000000,-240.0000000000,0E-7,3,1,0.43917355833333333,0.197889300000,-0.8849196755843376,-0.4966998184331015,-0.8849196755843376,0.24128425833333333,ELIGIBLE,R03b_20260811_FULL_v1,L1_ELIGIBILITY,v2026-08-11,2026-03-21..2026-08-06,baccarat_bet02_101_all_pairs_incl_sentinel,round_win = game_pnl > 0 (decisive only),COMPATIBILITY_ONLY_NOT_PRODUCTION,83502.0000,78818.0000,6596.6500,1593,577,-0.07899990,-0.13750718,-0.06159745,-0.07899990,-6596.6500,83502.0000,OK,0.0000,230.8828,3.5000,96.5000,AG03-UNRESOLVED,ALL5_LEVELS_bet23_to_bet27,230.8828,230.8828,263.8660,0.0000,0.0000,3.500000,3.500000,4.000000,0.000000,0.000000,96.500000,96.500000,96.000000,100.000000,100.000000,5.0,725.6315,699.4032,5871.0185,5897.2468,PENDING_AG03,FALSE,NOT_FOR_ENFORCEMENT,6365.7673,76059.3700,6596.6500,6365.7673,230.8828,0.07899990,0.07623491,230.8828,6365.7673,0.07623491,230.8828,230.8828,263.8660,0.0000,0.0000,6365.7673,0.07623491,725.6315,699.4032,5871.0185,5897.2468,0.07030991,0.07062402,0.00276500,52.4181,136.5997,11.4327,299.8477,39.5009,3795.5455,26.2273,60.1981,50.4776,10.0,20.0,60.0,130.0,208.4998,410.0,20.0,-10.0,10.424988,20.5,2.620904,29,101,23,8,0.22925199,0.07899990,0.13750718,0E-8,0.000000,0.943906,0.000000,-0.07590974,2026-04-10,2026-08-04,22,167,151,117,0.188034,1.192570,1.148423,0.764173,,,,,,,,GLOBAL_BASELINE_NO_ENTITY_RANKING,,,NOT_APPLICABLE_GLOBAL_BASELINE,HF9g-P5,,,,X 全窗基线 · 不参与实体赏罚,14190507,1420,A168_HF9F_20260827_0900,2026-08-27 09:00:00
2026-06-22,133237696,2123,0,1290.0000000000,-610.0000000000,-610.0000000000,0.2000000,17,5,0.31925119833649589,0.158721750667,-0.5719894825103233,0.25259120184379835,-0.5719894825103233,0.16052944766949589,ELIGIBLE,R03b_20260811_FULL_v1,L1_ELIGIBILITY,v2026-08-11,2026-03-21..2026-08-06,baccarat_bet02_101_all_pairs_incl_sentinel,round_win = game_pnl > 0 (decisive only),COMPATIBILITY_ONLY_NOT_PRODUCTION,83502.0000,78818.0000,6596.6500,1593,577,-0.07899990,-0.13750718,-0.06159745,-0.07899990,-6596.6500,83502.0000,OK,0.0000,230.8828,3.5000,96.5000,AG03-UNRESOLVED,ALL5_LEVELS_bet23_to_bet27,230.8828,230.8828,263.8660,0.0000,0.0000,3.500000,3.500000,4.000000,0.000000,0.000000,96.500000,96.500000,96.000000,100.000000,100.000000,5.0,725.6315,699.4032,5871.0185,5897.2468,PENDING_AG03,FALSE,NOT_FOR_ENFORCEMENT,6365.7673,76059.3700,6596.6500,6365.7673,230.8828,0.07899990,0.07623491,230.8828,6365.7673,0.07623491,230.8828,230.8828,263.8660,0.0000,0.0000,6365.7673,0.07623491,725.6315,699.4032,5871.0185,5897.2468,0.07030991,0.07062402,0.00276500,52.4181,136.5997,11.4327,299.8477,39.5009,3795.5455,26.2273,60.1981,50.4776,10.0,20.0,60.0,130.0,208.4998,410.0,20.0,-10.0,10.424988,20.5,2.620904,29,101,23,8,0.22925199,0.07899990,0.13750718,0E-8,0.000000,0.943906,0.000000,-0.07590974,2026-04-10,2026-08-04,22,167,151,117,0.188034,1.192570,1.148423,0.764173,,,,,,,,GLOBAL_BASELINE_NO_ENTITY_RANKING,,,NOT_APPLICABLE_GLOBAL_BASELINE,HF9g-P5,,,,X 全窗基线 · 不参与实体赏罚,14190508,1420,A168_HF9F_20260827_0900,2026-08-27 09:00:00
2026-06-22,133237696,2141,0,200.0000000000,-80.0000000000,-80.0000000000,0.5000000,5,2,0.38226279560439561,0.242652900000,0.34264612314892107,0.8489733352801361,0.34264612314892107,0.13960989560439561,ELIGIBLE,R03b_20260811_FULL_v1,L1_ELIGIBILITY,v2026-08-11,2026-03-21..2026-08-06,baccarat_bet02_101_all_pairs_incl_sentinel,round_win = game_pnl > 0 (decisive only),COMPATIBILITY_ONLY_NOT_PRODUCTION,83502.0000,78818.0000,6596.6500,1593,577,-0.07899990,-0.13750718,-0.06159745,-0.07899990,-6596.6500,83502.0000,OK,0.0000,230.8828,3.5000,96.5000,AG03-UNRESOLVED,ALL5_LEVELS_bet23_to_bet27,230.8828,230.8828,263.8660,0.0000,0.0000,3.500000,3.500000,4.000000,0.000000,0.000000,96.500000,96.500000,96.000000,100.000000,100.000000,5.0,725.6315,699.4032,5871.0185,5897.2468,PENDING_AG03,FALSE,NOT_FOR_ENFORCEMENT,6365.7673,76059.3700,6596.6500,6365.7673,230.8828,0.07899990,0.07623491,230.8828,6365.7673,0.07623491,230.8828,230.8828,263.8660,0.0000,0.0000,6365.7673,0.07623491,725.6315,699.4032,5871.0185,5897.2468,0.07030991,0.07062402,0.00276500,52.4181,136.5997,11.4327,299.8477,39.5009,3795.5455,26.2273,60.1981,50.4776,10.0,20.0,60.0,130.0,208.4998,410.0,20.0,-10.0,10.424988,20.5,2.620904,29,101,23,8,0.22925199,0.07899990,0.13750718,0E-8,0.000000,0.943906,0.000000,-0.07590974,2026-04-10,2026-08-04,22,167,151,117,0.188034,1.192570,1.148423,0.764173,,,,,,,,GLOBAL_BASELINE_NO_ENTITY_RANKING,,,NOT_APPLICABLE_GLOBAL_BASELINE,HF9g-P5,,,,X 全窗基线 · 不参与实体赏罚,14190509,1420,A168_HF9F_20260827_0900,2026-08-27 09:00:00
2026-06-22,133237696,2155,0,340.0000000000,-140.0000000000,-140.0000000000,0.3333333,13,3,0.31750288341880342,0.174365666667,0.05890194530431587,0.7256798556147132,0.05890194530431587,0.14313721675180342,ELIGIBLE,R03b_20260811_FULL_v1,L1_ELIGIBILITY,v2026-08-11,2026-03-21..2026-08-06,baccarat_bet02_101_all_pairs_incl_sentinel,round_win = game_pnl > 0 (decisive only),COMPATIBILITY_ONLY_NOT_PRODUCTION,83502.0000,78818.0000,6596.6500,1593,577,-0.07899990,-0.13750718,-0.06159745,-0.07899990,-6596.6500,83502.0000,OK,0.0000,230.8828,3.5000,96.5000,AG03-UNRESOLVED,ALL5_LEVELS_bet23_to_bet27,230.8828,230.8828,263.8660,0.0000,0.0000,3.500000,3.500000,4.000000,0.000000,0.000000,96.500000,96.500000,96.000000,100.000000,100.000000,5.0,725.6315,699.4032,5871.0185,5897.2468,PENDING_AG03,FALSE,NOT_FOR_ENFORCEMENT,6365.7673,76059.3700,6596.6500,6365.7673,230.8828,0.07899990,0.07623491,230.8828,6365.7673,0.07623491,230.8828,230.8828,263.8660,0.0000,0.0000,6365.7673,0.07623491,725.6315,699.4032,5871.0185,5897.2468,0.07030991,0.07062402,0.00276500,52.4181,136.5997,11.4327,299.8477,39.5009,3795.5455,26.2273,60.1981,50.4776,10.0,20.0,60.0,130.0,208.4998,410.0,20.0,-10.0,10.424988,20.5,2.620904,29,101,23,8,0.22925199,0.07899990,0.13750718,0E-8,0.000000,0.943906,0.000000,-0.07590974,2026-04-10,2026-08-04,22,167,151,117,0.188034,1.192570,1.148423,0.764173,,,,,,,,GLOBAL_BASELINE_NO_ENTITY_RANKING,,,NOT_APPLICABLE_GLOBAL_BASELINE,HF9g-P5,,,,X 全窗基线 · 不参与实体赏罚,14190510,1420,A168_HF9F_20260827_0900,2026-08-27 09:00:00
2026-06-22,133237696,2205,0,170.0000000000,70.0000000000,70.0000000000,1.0000000,3,1,0.36847828823529412,0.197889300000,1.309146326899501,2.0132884347625057,1.309146326899501,0.17058898823529412,ELIGIBLE,R03b_20260811_FULL_v1,L1_ELIGIBILITY,v2026-08-11,2026-03-21..2026-08-06,baccarat_bet02_101_all_pairs_incl_sentinel,round_win = game_pnl > 0 (decisive only),COMPATIBILITY_ONLY_NOT_PRODUCTION,83502.0000,78818.0000,6596.6500,1593,577,-0.07899990,-0.13750718,-0.06159745,-0.07899990,-6596.6500,83502.0000,OK,0.0000,230.8828,3.5000,96.5000,AG03-UNRESOLVED,ALL5_LEVELS_bet23_to_bet27,230.8828,230.8828,263.8660,0.0000,0.0000,3.500000,3.500000,4.000000,0.000000,0.000000,96.500000,96.500000,96.000000,100.000000,100.000000,5.0,725.6315,699.4032,5871.0185,5897.2468,PENDING_AG03,FALSE,NOT_FOR_ENFORCEMENT,6365.7673,76059.3700,6596.6500,6365.7673,230.8828,0.07899990,0.07623491,230.8828,6365.7673,0.07623491,230.8828,230.8828,263.8660,0.0000,0.0000,6365.7673,0.07623491,725.6315,699.4032,5871.0185,5897.2468,0.07030991,0.07062402,0.00276500,52.4181,136.5997,11.4327,299.8477,39.5009,3795.5455,26.2273,60.1981,50.4776,10.0,20.0,60.0,130.0,208.4998,410.0,20.0,-10.0,10.424988,20.5,2.620904,29,101,23,8,0.22925199,0.07899990,0.13750718,0E-8,0.000000,0.943906,0.000000,-0.07590974,2026-04-10,2026-08-04,22,167,151,117,0.188034,1.192570,1.148423,0.764173,,,,,,,,GLOBAL_BASELINE_NO_ENTITY_RANKING,,,NOT_APPLICABLE_GLOBAL_BASELINE,HF9g-P5,,,,X 全窗基线 · 不参与实体赏罚,14190511,1420,A168_HF9F_20260827_0900,2026-08-27 09:00:00
2026-06-22,133237696,2209,0,100.0000000000,-100.0000000000,-100.0000000000,0E-7,4,1,0.27553602000000000,0.161807325000,-0.6167097176155442,-0.43936672047055203,-0.6167097176155442,0.11372869500000000,ELIGIBLE,R03b_20260811_FULL_v1,L1_ELIGIBILITY,v2026-08-11,2026-03-21..2026-08-06,baccarat_bet02_101_all_pairs_incl_sentinel,round_win = game_pnl > 0 (decisive only),COMPATIBILITY_ONLY_NOT_PRODUCTION,83502.0000,78818.0000,6596.6500,1593,577,-0.07899990,-0.13750718,-0.06159745,-0.07899990,-6596.6500,83502.0000,OK,0.0000,230.8828,3.5000,96.5000,AG03-UNRESOLVED,ALL5_LEVELS_bet23_to_bet27,230.8828,230.8828,263.8660,0.0000,0.0000,3.500000,3.500000,4.000000,0.000000,0.000000,96.500000,96.500000,96.000000,100.000000,100.000000,5.0,725.6315,699.4032,5871.0185,5897.2468,PENDING_AG03,FALSE,NOT_FOR_ENFORCEMENT,6365.7673,76059.3700,6596.6500,6365.7673,230.8828,0.07899990,0.07623491,230.8828,6365.7673,0.07623491,230.8828,230.8828,263.8660,0.0000,0.0000,6365.7673,0.07623491,725.6315,699.4032,5871.0185,5897.2468,0.07030991,0.07062402,0.00276500,52.4181,136.5997,11.4327,299.8477,39.5009,3795.5455,26.2273,60.1981,50.4776,10.0,20.0,60.0,130.0,208.4998,410.0,20.0,-10.0,10.424988,20.5,2.620904,29,101,23,8,0.22925199,0.07899990,0.13750718,0E-8,0.000000,0.943906,0.000000,-0.07590974,2026-04-10,2026-08-04,22,167,151,117,0.188034,1.192570,1.148423,0.764173,,,,,,,,GLOBAL_BASELINE_NO_ENTITY_RANKING,,,NOT_APPLICABLE_GLOBAL_BASELINE,HF9g-P5,,,,X 全窗基线 · 不参与实体赏罚,14190512,1420,A168_HF9F_20260827_0900,2026-08-27 09:00:00
2026-06-22,133237696,2258,0,150.0000000000,-150.0000000000,-150.0000000000,0E-7,1,1,0.49324550000000000,0.493245500000,-0.9865810262130424,-0.9865810262130424,-0.9865810262130424,0E-17,ELIGIBLE,R03b_20260811_FULL_v1,L1_ELIGIBILITY,v2026-08-11,2026-03-21..2026-08-06,baccarat_bet02_101_all_pairs_incl_sentinel,round_win = game_pnl > 0 (decisive only),COMPATIBILITY_ONLY_NOT_PRODUCTION,83502.0000,78818.0000,6596.6500,1593,577,-0.07899990,-0.13750718,-0.06159745,-0.07899990,-6596.6500,83502.0000,OK,0.0000,230.8828,3.5000,96.5000,AG03-UNRESOLVED,ALL5_LEVELS_bet23_to_bet27,230.8828,230.8828,263.8660,0.0000,0.0000,3.500000,3.500000,4.000000,0.000000,0.000000,96.500000,96.500000,96.000000,100.000000,100.000000,5.0,725.6315,699.4032,5871.0185,5897.2468,PENDING_AG03,FALSE,NOT_FOR_ENFORCEMENT,6365.7673,76059.3700,6596.6500,6365.7673,230.8828,0.07899990,0.07623491,230.8828,6365.7673,0.07623491,230.8828,230.8828,263.8660,0.0000,0.0000,6365.7673,0.07623491,725.6315,699.4032,5871.0185,5897.2468,0.07030991,0.07062402,0.00276500,52.4181,136.5997,11.4327,299.8477,39.5009,3795.5455,26.2273,60.1981,50.4776,10.0,20.0,60.0,130.0,208.4998,410.0,20.0,-10.0,10.424988,20.5,2.620904,29,101,23,8,0.22925199,0.07899990,0.13750718,0E-8,0.000000,0.943906,0.000000,-0.07590974,2026-04-10,2026-08-04,22,167,151,117,0.188034,1.192570,1.148423,0.764173,,,,,,,,GLOBAL_BASELINE_NO_ENTITY_RANKING,,,NOT_APPLICABLE_GLOBAL_BASELINE,HF9g-P5,,,,X 全窗基线 · 不参与实体赏罚,14190513,1420,A168_HF9F_20260827_0900,2026-08-27 09:00:00
2026-06-29,133237696,-1,1,319.0000000000,-99.0000000000,-99.0000000000,0.4000000,15,5,0.33564678265541491,0.197889300000,0.3047295013203022,1.1343471843203148,0.3047295013203022,0.13775748265541491,SENTINEL_DEALER,R03b_20260811_FULL_v1,L1_ELIGIBILITY,v2026-08-11,2026-03-21..2026-08-06,baccarat_bet02_101_all_pairs_incl_sentinel,round_win = game_pnl > 0 (decisive only),COMPATIBILITY_ONLY_NOT_PRODUCTION,83502.0000,78818.0000,6596.6500,1593,577,-0.07899990,-0.13750718,-0.06159745,-0.07899990,-6596.6500,83502.0000,OK,0.0000,230.8828,3.5000,96.5000,AG03-UNRESOLVED,ALL5_LEVELS_bet23_to_bet27,230.8828,230.8828,263.8660,0.0000,0.0000,3.500000,3.500000,4.000000,0.000000,0.000000,96.500000,96.500000,96.000000,100.000000,100.000000,5.0,725.6315,699.4032,5871.0185,5897.2468,PENDING_AG03,FALSE,NOT_FOR_ENFORCEMENT,6365.7673,76059.3700,6596.6500,6365.7673,230.8828,0.07899990,0.07623491,230.8828,6365.7673,0.07623491,230.8828,230.8828,263.8660,0.0000,0.0000,6365.7673,0.07623491,725.6315,699.4032,5871.0185,5897.2468,0.07030991,0.07062402,0.00276500,52.4181,136.5997,11.4327,299.8477,39.5009,3795.5455,26.2273,60.1981,50.4776,10.0,20.0,60.0,130.0,208.4998,410.0,20.0,-10.0,10.424988,20.5,2.620904,29,101,23,8,0.22925199,0.07899990,0.13750718,0E-8,0.000000,0.943906,0.000000,-0.07590974,2026-04-10,2026-08-04,22,167,151,117,0.188034,1.192570,1.148423,0.764173,,,,,,,,GLOBAL_BASELINE_NO_ENTITY_RANKING,,,NOT_APPLICABLE_GLOBAL_BASELINE,HF9g-P5,,,,X 全窗基线 · 不参与实体赏罚,14190514,1420,A168_HF9F_20260827_0900,2026-08-27 09:00:00
2026-06-29,133237696,1304,0,940.0000000000,-842.5000000000,-842.5000000000,0.3333333,13,3,0.32881771317829457,0.165036862222,0.016648694516353143,0.7852564399389623,0.016648694516353143,0.16378085095629457,ELIGIBLE,R03b_20260811_FULL_v1,L1_ELIGIBILITY,v2026-08-11,2026-03-21..2026-08-06,baccarat_bet02_101_all_pairs_incl_sentinel,round_win = game_pnl > 0 (decisive only),COMPATIBILITY_ONLY_NOT_PRODUCTION,83502.0000,78818.0000,6596.6500,1593,577,-0.07899990,-0.13750718,-0.06159745,-0.07899990,-6596.6500,83502.0000,OK,0.0000,230.8828,3.5000,96.5000,AG03-UNRESOLVED,ALL5_LEVELS_bet23_to_bet27,230.8828,230.8828,263.8660,0.0000,0.0000,3.500000,3.500000,4.000000,0.000000,0.000000,96.500000,96.500000,96.000000,100.000000,100.000000,5.0,725.6315,699.4032,5871.0185,5897.2468,PENDING_AG03,FALSE,NOT_FOR_ENFORCEMENT,6365.7673,76059.3700,6596.6500,6365.7673,230.8828,0.07899990,0.07623491,230.8828,6365.7673,0.07623491,230.8828,230.8828,263.8660,0.0000,0.0000,6365.7673,0.07623491,725.6315,699.4032,5871.0185,5897.2468,0.07030991,0.07062402,0.00276500,52.4181,136.5997,11.4327,299.8477,39.5009,3795.5455,26.2273,60.1981,50.4776,10.0,20.0,60.0,130.0,208.4998,410.0,20.0,-10.0,10.424988,20.5,2.620904,29,101,23,8,0.22925199,0.07899990,0.13750718,0E-8,0.000000,0.943906,0.000000,-0.07590974,2026-04-10,2026-08-04,22,167,151,117,0.188034,1.192570,1.148423,0.764173,,,,,,,,GLOBAL_BASELINE_NO_ENTITY_RANKING,,,NOT_APPLICABLE_GLOBAL_BASELINE,HF9g-P5,,,,X 全窗基线 · 不参与实体赏罚,14190515,1420,A168_HF9F_20260827_0900,2026-08-27 09:00:00
2026-06-29,133237696,1947,0,460.0000000000,-260.0000000000,-260.0000000000,0E-7,10,2,0.30639858653846154,0.148366420000,-0.6646429370481695,-0.41738940434839145,-0.6646429370481695,0.15803216653846154,ELIGIBLE,R03b_20260811_FULL_v1,L1_ELIGIBILITY,v2026-08-11,2026-03-21..2026-08-06,baccarat_bet02_101_all_pairs_incl_sentinel,round_win = game_pnl > 0 (decisive only),COMPATIBILITY_ONLY_NOT_PRODUCTION,83502.0000,78818.0000,6596.6500,1593,577,-0.07899990,-0.13750718,-0.06159745,-0.07899990,-6596.6500,83502.0000,OK,0.0000,230.8828,3.5000,96.5000,AG03-UNRESOLVED,ALL5_LEVELS_bet23_to_bet27,230.8828,230.8828,263.8660,0.0000,0.0000,3.500000,3.500000,4.000000,0.000000,0.000000,96.500000,96.500000,96.000000,100.000000,100.000000,5.0,725.6315,699.4032,5871.0185,5897.2468,PENDING_AG03,FALSE,NOT_FOR_ENFORCEMENT,6365.7673,76059.3700,6596.6500,6365.7673,230.8828,0.07899990,0.07623491,230.8828,6365.7673,0.07623491,230.8828,230.8828,263.8660,0.0000,0.0000,6365.7673,0.07623491,725.6315,699.4032,5871.0185,5897.2468,0.07030991,0.07062402,0.00276500,52.4181,136.5997,11.4327,299.8477,39.5009,3795.5455,26.2273,60.1981,50.4776,10.0,20.0,60.0,130.0,208.4998,410.0,20.0,-10.0,10.424988,20.5,2.620904,29,101,23,8,0.22925199,0.07899990,0.13750718,0E-8,0.000000,0.943906,0.000000,-0.07590974,2026-04-10,2026-08-04,22,167,151,117,0.188034,1.192570,1.148423,0.764173,,,,,,,,GLOBAL_BASELINE_NO_ENTITY_RANKING,,,NOT_APPLICABLE_GLOBAL_BASELINE,HF9g-P5,,,,X 全窗基线 · 不参与实体赏罚,14190516,1420,A168_HF9F_20260827_0900,2026-08-27 09:00:00
2026-06-29,133237696,2127,0,800.0000000000,-300.0000000000,-300.0000000000,0.5000000,6,2,0.43668436400000000,0.197889300000,0.18053701084143,1.0723900948768452,0.18053701084143,0.23879506400000000,ELIGIBLE,R03b_20260811_FULL_v1,L1_ELIGIBILITY,v2026-08-11,2026-03-21..2026-08-06,baccarat_bet02_101_all_pairs_incl_sentinel,round_win = game_pnl > 0 (decisive only),COMPATIBILITY_ONLY_NOT_PRODUCTION,83502.0000,78818.0000,6596.6500,1593,577,-0.07899990,-0.13750718,-0.06159745,-0.07899990,-6596.6500,83502.0000,OK,0.0000,230.8828,3.5000,96.5000,AG03-UNRESOLVED,ALL5_LEVELS_bet23_to_bet27,230.8828,230.8828,263.8660,0.0000,0.0000,3.500000,3.500000,4.000000,0.000000,0.000000,96.500000,96.500000,96.000000,100.000000,100.000000,5.0,725.6315,699.4032,5871.0185,5897.2468,PENDING_AG03,FALSE,NOT_FOR_ENFORCEMENT,6365.7673,76059.3700,6596.6500,6365.7673,230.8828,0.07899990,0.07623491,230.8828,6365.7673,0.07623491,230.8828,230.8828,263.8660,0.0000,0.0000,6365.7673,0.07623491,725.6315,699.4032,5871.0185,5897.2468,0.07030991,0.07062402,0.00276500,52.4181,136.5997,11.4327,299.8477,39.5009,3795.5455,26.2273,60.1981,50.4776,10.0,20.0,60.0,130.0,208.4998,410.0,20.0,-10.0,10.424988,20.5,2.620904,29,101,23,8,0.22925199,0.07899990,0.13750718,0E-8,0.000000,0.943906,0.000000,-0.07590974,2026-04-10,2026-08-04,22,167,151,117,0.188034,1.192570,1.148423,0.764173,,,,,,,,GLOBAL_BASELINE_NO_ENTITY_RANKING,,,NOT_APPLICABLE_GLOBAL_BASELINE,HF9g-P5,,,,X 全窗基线 · 不参与实体赏罚,14190517,1420,A168_HF9F_20260827_0900,2026-08-27 09:00:00
2026-06-29,133237696,2280,0,30.0000000000,-30.0000000000,-30.0000000000,0E-7,1,1,0.49324550000000000,0.493245500000,-0.9865810262130424,-0.9865810262130424,-0.9865810262130424,0E-17,ELIGIBLE,R03b_20260811_FULL_v1,L1_ELIGIBILITY,v2026-08-11,2026-03-21..2026-08-06,baccarat_bet02_101_all_pairs_incl_sentinel,round_win = game_pnl > 0 (decisive only),COMPATIBILITY_ONLY_NOT_PRODUCTION,83502.0000,78818.0000,6596.6500,1593,577,-0.07899990,-0.13750718,-0.06159745,-0.07899990,-6596.6500,83502.0000,OK,0.0000,230.8828,3.5000,96.5000,AG03-UNRESOLVED,ALL5_LEVELS_bet23_to_bet27,230.8828,230.8828,263.8660,0.0000,0.0000,3.500000,3.500000,4.000000,0.000000,0.000000,96.500000,96.500000,96.000000,100.000000,100.000000,5.0,725.6315,699.4032,5871.0185,5897.2468,PENDING_AG03,FALSE,NOT_FOR_ENFORCEMENT,6365.7673,76059.3700,6596.6500,6365.7673,230.8828,0.07899990,0.07623491,230.8828,6365.7673,0.07623491,230.8828,230.8828,263.8660,0.0000,0.0000,6365.7673,0.07623491,725.6315,699.4032,5871.0185,5897.2468,0.07030991,0.07062402,0.00276500,52.4181,136.5997,11.4327,299.8477,39.5009,3795.5455,26.2273,60.1981,50.4776,10.0,20.0,60.0,130.0,208.4998,410.0,20.0,-10.0,10.424988,20.5,2.620904,29,101,23,8,0.22925199,0.07899990,0.13750718,0E-8,0.000000,0.943906,0.000000,-0.07590974,2026-04-10,2026-08-04,22,167,151,117,0.188034,1.192570,1.148423,0.764173,,,,,,,,GLOBAL_BASELINE_NO_ENTITY_RANKING,,,NOT_APPLICABLE_GLOBAL_BASELINE,HF9g-P5,,,,X 全窗基线 · 不参与实体赏罚,14190518,1420,A168_HF9F_20260827_0900,2026-08-27 09:00:00
2026-06-29,133237696,970,0,270.0000000000,-270.0000000000,-270.0000000000,0E-7,3,1,0.39944177407407407,0.197889300000,-0.8155473502018102,-0.4966998184331015,-0.8155473502018102,0.20155247407407407,ELIGIBLE,R03b_20260811_FULL_v1,L1_ELIGIBILITY,v2026-08-11,2026-03-21..2026-08-06,baccarat_bet02_101_all_pairs_incl_sentinel,round_win = game_pnl > 0 (decisive only),COMPATIBILITY_ONLY_NOT_PRODUCTION,83502.0000,78818.0000,6596.6500,1593,577,-0.07899990,-0.13750718,-0.06159745,-0.07899990,-6596.6500,83502.0000,OK,0.0000,230.8828,3.5000,96.5000,AG03-UNRESOLVED,ALL5_LEVELS_bet23_to_bet27,230.8828,230.8828,263.8660,0.0000,0.0000,3.500000,3.500000,4.000000,0.000000,0.000000,96.500000,96.500000,96.000000,100.000000,100.000000,5.0,725.6315,699.4032,5871.0185,5897.2468,PENDING_AG03,FALSE,NOT_FOR_ENFORCEMENT,6365.7673,76059.3700,6596.6500,6365.7673,230.8828,0.07899990,0.07623491,230.8828,6365.7673,0.07623491,230.8828,230.8828,263.8660,0.0000,0.0000,6365.7673,0.07623491,725.6315,699.4032,5871.0185,5897.2468,0.07030991,0.07062402,0.00276500,52.4181,136.5997,11.4327,299.8477,39.5009,3795.5455,26.2273,60.1981,50.4776,10.0,20.0,60.0,130.0,208.4998,410.0,20.0,-10.0,10.424988,20.5,2.620904,29,101,23,8,0.22925199,0.07899990,0.13750718,0E-8,0.000000,0.943906,0.000000,-0.07590974,2026-04-10,2026-08-04,22,167,151,117,0.188034,1.192570,1.148423,0.764173,,,,,,,,GLOBAL_BASELINE_NO_ENTITY_RANKING,,,NOT_APPLICABLE_GLOBAL_BASELINE,HF9g-P5,,,,X 全窗基线 · 不参与实体赏罚,14190519,1420,A168_HF9F_20260827_0900,2026-08-27 09:00:00
2026-07-03,133237696,-1,1,5714.0000000000,-212.0000000000,-212.0000000000,0.4210526,68,19,0.36204300432219134,0.179412436316,0.5352095938024869,2.745094130750926,0.5352095938024869,0.18263056800619134,SENTINEL_DEALER,R03b_20260811_FULL_v1,L1_ELIGIBILITY,v2026-08-11,2026-03-21..2026-08-06,baccarat_bet02_101_all_pairs_incl_sentinel,round_win = game_pnl > 0 (decisive only),COMPATIBILITY_ONLY_NOT_PRODUCTION,83502.0000,78818.0000,6596.6500,1593,577,-0.07899990,-0.13750718,-0.06159745,-0.07899990,-6596.6500,83502.0000,OK,0.0000,230.8828,3.5000,96.5000,AG03-UNRESOLVED,ALL5_LEVELS_bet23_to_bet27,230.8828,230.8828,263.8660,0.0000,0.0000,3.500000,3.500000,4.000000,0.000000,0.000000,96.500000,96.500000,96.000000,100.000000,100.000000,5.0,725.6315,699.4032,5871.0185,5897.2468,PENDING_AG03,FALSE,NOT_FOR_ENFORCEMENT,6365.7673,76059.3700,6596.6500,6365.7673,230.8828,0.07899990,0.07623491,230.8828,6365.7673,0.07623491,230.8828,230.8828,263.8660,0.0000,0.0000,6365.7673,0.07623491,725.6315,699.4032,5871.0185,5897.2468,0.07030991,0.07062402,0.00276500,52.4181,136.5997,11.4327,299.8477,39.5009,3795.5455,26.2273,60.1981,50.4776,10.0,20.0,60.0,130.0,208.4998,410.0,20.0,-10.0,10.424988,20.5,2.620904,29,101,23,8,0.22925199,0.07899990,0.13750718,0E-8,0.000000,0.943906,0.000000,-0.07590974,2026-04-10,2026-08-04,22,167,151,117,0.188034,1.192570,1.148423,0.764173,,,,,,,,GLOBAL_BASELINE_NO_ENTITY_RANKING,,,NOT_APPLICABLE_GLOBAL_BASELINE,HF9g-P5,,,,X 全窗基线 · 不参与实体赏罚,14190520,1420,A168_HF9F_20260827_0900,2026-08-27 09:00:00
2026-07-03,133237696,2152,0,110.0000000000,-110.0000000000,-110.0000000000,0E-7,3,1,0.37527035454545455,0.197889300000,-0.7750434872631572,-0.4966998184331015,-0.7750434872631572,0.17738105454545455,ELIGIBLE,R03b_20260811_FULL_v1,L1_ELIGIBILITY,v2026-08-11,2026-03-21..2026-08-06,baccarat_bet02_101_all_pairs_incl_sentinel,round_win = game_pnl > 0 (decisive only),COMPATIBILITY_ONLY_NOT_PRODUCTION,83502.0000,78818.0000,6596.6500,1593,577,-0.07899990,-0.13750718,-0.06159745,-0.07899990,-6596.6500,83502.0000,OK,0.0000,230.8828,3.5000,96.5000,AG03-UNRESOLVED,ALL5_LEVELS_bet23_to_bet27,230.8828,230.8828,263.8660,0.0000,0.0000,3.500000,3.500000,4.000000,0.000000,0.000000,96.500000,96.500000,96.000000,100.000000,100.000000,5.0,725.6315,699.4032,5871.0185,5897.2468,PENDING_AG03,FALSE,NOT_FOR_ENFORCEMENT,6365.7673,76059.3700,6596.6500,6365.7673,230.8828,0.07899990,0.07623491,230.8828,6365.7673,0.07623491,230.8828,230.8828,263.8660,0.0000,0.0000,6365.7673,0.07623491,725.6315,699.4032,5871.0185,5897.2468,0.07030991,0.07062402,0.00276500,52.4181,136.5997,11.4327,299.8477,39.5009,3795.5455,26.2273,60.1981,50.4776,10.0,20.0,60.0,130.0,208.4998,410.0,20.0,-10.0,10.424988,20.5,2.620904,29,101,23,8,0.22925199,0.07899990,0.13750718,0E-8,0.000000,0.943906,0.000000,-0.07590974,2026-04-10,2026-08-04,22,167,151,117,0.188034,1.192570,1.148423,0.764173,,,,,,,,GLOBAL_BASELINE_NO_ENTITY_RANKING,,,NOT_APPLICABLE_GLOBAL_BASELINE,HF9g-P5,,,,X 全窗基线 · 不参与实体赏罚,14190521,1420,A168_HF9F_20260827_0900,2026-08-27 09:00:00
2026-07-03,133237696,2261,0,420.0000000000,-10.0000000000,-10.0000000000,0.5000000,18,6,0.35787390833333333,0.197889300000,0.7262301283055398,1.8574341298603045,0.7262301283055398,0.15998460833333333,ELIGIBLE,R03b_20260811_FULL_v1,L1_ELIGIBILITY,v2026-08-11,2026-03-21..2026-08-06,baccarat_bet02_101_all_pairs_incl_sentinel,round_win = game_pnl > 0 (decisive only),COMPATIBILITY_ONLY_NOT_PRODUCTION,83502.0000,78818.0000,6596.6500,1593,577,-0.07899990,-0.13750718,-0.06159745,-0.07899990,-6596.6500,83502.0000,OK,0.0000,230.8828,3.5000,96.5000,AG03-UNRESOLVED,ALL5_LEVELS_bet23_to_bet27,230.8828,230.8828,263.8660,0.0000,0.0000,3.500000,3.500000,4.000000,0.000000,0.000000,96.500000,96.500000,96.000000,100.000000,100.000000,5.0,725.6315,699.4032,5871.0185,5897.2468,PENDING_AG03,FALSE,NOT_FOR_ENFORCEMENT,6365.7673,76059.3700,6596.6500,6365.7673,230.8828,0.07899990,0.07623491,230.8828,6365.7673,0.07623491,230.8828,230.8828,263.8660,0.0000,0.0000,6365.7673,0.07623491,725.6315,699.4032,5871.0185,5897.2468,0.07030991,0.07062402,0.00276500,52.4181,136.5997,11.4327,299.8477,39.5009,3795.5455,26.2273,60.1981,50.4776,10.0,20.0,60.0,130.0,208.4998,410.0,20.0,-10.0,10.424988,20.5,2.620904,29,101,23,8,0.22925199,0.07899990,0.13750718,0E-8,0.000000,0.943906,0.000000,-0.07590974,2026-04-10,2026-08-04,22,167,151,117,0.188034,1.192570,1.148423,0.764173,,,,,,,,GLOBAL_BASELINE_NO_ENTITY_RANKING,,,NOT_APPLICABLE_GLOBAL_BASELINE,HF9g-P5,,,,X 全窗基线 · 不参与实体赏罚,14190522,1420,A168_HF9F_20260827_0900,2026-08-27 09:00:00
2026-07-04,133237696,-1,1,1320.0000000000,-480.0000000000,-480.0000000000,0.3333333,21,6,0.32325073483066641,0.169887979167,0.052803710570087405,1.0661014378190021,0.052803710570087405,0.15336275566366641,SENTINEL_DEALER,R03b_20260811_FULL_v1,L1_ELIGIBILITY,v2026-08-11,2026-03-21..2026-08-06,baccarat_bet02_101_all_pairs_incl_sentinel,round_win = game_pnl > 0 (decisive only),COMPATIBILITY_ONLY_NOT_PRODUCTION,83502.0000,78818.0000,6596.6500,1593,577,-0.07899990,-0.13750718,-0.06159745,-0.07899990,-6596.6500,83502.0000,OK,0.0000,230.8828,3.5000,96.5000,AG03-UNRESOLVED,ALL5_LEVELS_bet23_to_bet27,230.8828,230.8828,263.8660,0.0000,0.0000,3.500000,3.500000,4.000000,0.000000,0.000000,96.500000,96.500000,96.000000,100.000000,100.000000,5.0,725.6315,699.4032,5871.0185,5897.2468,PENDING_AG03,FALSE,NOT_FOR_ENFORCEMENT,6365.7673,76059.3700,6596.6500,6365.7673,230.8828,0.07899990,0.07623491,230.8828,6365.7673,0.07623491,230.8828,230.8828,263.8660,0.0000,0.0000,6365.7673,0.07623491,725.6315,699.4032,5871.0185,5897.2468,0.07030991,0.07062402,0.00276500,52.4181,136.5997,11.4327,299.8477,39.5009,3795.5455,26.2273,60.1981,50.4776,10.0,20.0,60.0,130.0,208.4998,410.0,20.0,-10.0,10.424988,20.5,2.620904,29,101,23,8,0.22925199,0.07899990,0.13750718,0E-8,0.000000,0.943906,0.000000,-0.07590974,2026-04-10,2026-08-04,22,167,151,117,0.188034,1.192570,1.148423,0.764173,,,,,,,,GLOBAL_BASELINE_NO_ENTITY_RANKING,,,NOT_APPLICABLE_GLOBAL_BASELINE,HF9g-P5,,,,X 全窗基线 · 不参与实体赏罚,14190523,1420,A168_HF9F_20260827_0900,2026-08-27 09:00:00
2026-07-04,133237696,1405,0,2483.0000000000,-515.0000000000,-515.0000000000,0.5714286,40,14,0.37715243684536880,0.206957264286,1.4998026889762681,3.366190802700573,1.4998026889762681,0.17019517255936880,ELIGIBLE,R03b_20260811_FULL_v1,L1_ELIGIBILITY,v2026-08-11,2026-03-21..2026-08-06,baccarat_bet02_101_all_pairs_incl_sentinel,round_win = game_pnl > 0 (decisive only),COMPATIBILITY_ONLY_NOT_PRODUCTION,83502.0000,78818.0000,6596.6500,1593,577,-0.07899990,-0.13750718,-0.06159745,-0.07899990,-6596.6500,83502.0000,OK,0.0000,230.8828,3.5000,96.5000,AG03-UNRESOLVED,ALL5_LEVELS_bet23_to_bet27,230.8828,230.8828,263.8660,0.0000,0.0000,3.500000,3.500000,4.000000,0.000000,0.000000,96.500000,96.500000,96.000000,100.000000,100.000000,5.0,725.6315,699.4032,5871.0185,5897.2468,PENDING_AG03,FALSE,NOT_FOR_ENFORCEMENT,6365.7673,76059.3700,6596.6500,6365.7673,230.8828,0.07899990,0.07623491,230.8828,6365.7673,0.07623491,230.8828,230.8828,263.8660,0.0000,0.0000,6365.7673,0.07623491,725.6315,699.4032,5871.0185,5897.2468,0.07030991,0.07062402,0.00276500,52.4181,136.5997,11.4327,299.8477,39.5009,3795.5455,26.2273,60.1981,50.4776,10.0,20.0,60.0,130.0,208.4998,410.0,20.0,-10.0,10.424988,20.5,2.620904,29,101,23,8,0.22925199,0.07899990,0.13750718,0E-8,0.000000,0.943906,0.000000,-0.07590974,2026-04-10,2026-08-04,22,167,151,117,0.188034,1.192570,1.148423,0.764173,,,,,,,,GLOBAL_BASELINE_NO_ENTITY_RANKING,,,NOT_APPLICABLE_GLOBAL_BASELINE,HF9g-P5,,,,X 全窗基线 · 不参与实体赏罚,14190524,1420,A168_HF9F_20260827_0900,2026-08-27 09:00:00
2026-07-04,133237696,2216,0,1050.0000000000,-297.0000000000,-297.0000000000,0.6000000,15,5,0.41267870216628528,0.206445995000,0.8508015203839852,2.1741918505394553,0.8508015203839852,0.20623270716628528,ELIGIBLE,R03b_20260811_FULL_v1,L1_ELIGIBILITY,v2026-08-11,2026-03-21..2026-08-06,baccarat_bet02_101_all_pairs_incl_sentinel,round_win = game_pnl > 0 (decisive only),COMPATIBILITY_ONLY_NOT_PRODUCTION,83502.0000,78818.0000,6596.6500,1593,577,-0.07899990,-0.13750718,-0.06159745,-0.07899990,-6596.6500,83502.0000,OK,0.0000,230.8828,3.5000,96.5000,AG03-UNRESOLVED,ALL5_LEVELS_bet23_to_bet27,230.8828,230.8828,263.8660,0.0000,0.0000,3.500000,3.500000,4.000000,0.000000,0.000000,96.500000,96.500000,96.000000,100.000000,100.000000,5.0,725.6315,699.4032,5871.0185,5897.2468,PENDING_AG03,FALSE,NOT_FOR_ENFORCEMENT,6365.7673,76059.3700,6596.6500,6365.7673,230.8828,0.07899990,0.07623491,230.8828,6365.7673,0.07623491,230.8828,230.8828,263.8660,0.0000,0.0000,6365.7673,0.07623491,725.6315,699.4032,5871.0185,5897.2468,0.07030991,0.07062402,0.00276500,52.4181,136.5997,11.4327,299.8477,39.5009,3795.5455,26.2273,60.1981,50.4776,10.0,20.0,60.0,130.0,208.4998,410.0,20.0,-10.0,10.424988,20.5,2.620904,29,101,23,8,0.22925199,0.07899990,0.13750718,0E-8,0.000000,0.943906,0.000000,-0.07590974,2026-04-10,2026-08-04,22,167,151,117,0.188034,1.192570,1.148423,0.764173,,,,,,,,GLOBAL_BASELINE_NO_ENTITY_RANKING,,,NOT_APPLICABLE_GLOBAL_BASELINE,HF9g-P5,,,,X 全窗基线 · 不参与实体赏罚,14190525,1420,A168_HF9F_20260827_0900,2026-08-27 09:00:00
2026-07-11,133237696,1323,0,70.0000000000,-30.0000000000,-30.0000000000,0.3333333,3,3,0.49324550000000000,0.493245500000,-0.5540025479526107,-0.5540025479526106,-0.5540025479526107,0E-17,ELIGIBLE,R03b_20260811_FULL_v1,L1_ELIGIBILITY,v2026-08-11,2026-03-21..2026-08-06,baccarat_bet02_101_all_pairs_incl_sentinel,round_win = game_pnl > 0 (decisive only),COMPATIBILITY_ONLY_NOT_PRODUCTION,83502.0000,78818.0000,6596.6500,1593,577,-0.07899990,-0.13750718,-0.06159745,-0.07899990,-6596.6500,83502.0000,OK,0.0000,230.8828,3.5000,96.5000,AG03-UNRESOLVED,ALL5_LEVELS_bet23_to_bet27,230.8828,230.8828,263.8660,0.0000,0.0000,3.500000,3.500000,4.000000,0.000000,0.000000,96.500000,96.500000,96.000000,100.000000,100.000000,5.0,725.6315,699.4032,5871.0185,5897.2468,PENDING_AG03,FALSE,NOT_FOR_ENFORCEMENT,6365.7673,76059.3700,6596.6500,6365.7673,230.8828,0.07899990,0.07623491,230.8828,6365.7673,0.07623491,230.8828,230.8828,263.8660,0.0000,0.0000,6365.7673,0.07623491,725.6315,699.4032,5871.0185,5897.2468,0.07030991,0.07062402,0.00276500,52.4181,136.5997,11.4327,299.8477,39.5009,3795.5455,26.2273,60.1981,50.4776,10.0,20.0,60.0,130.0,208.4998,410.0,20.0,-10.0,10.424988,20.5,2.620904,29,101,23,8,0.22925199,0.07899990,0.13750718,0E-8,0.000000,0.943906,0.000000,-0.07590974,2026-04-10,2026-08-04,22,167,151,117,0.188034,1.192570,1.148423,0.764173,,,,,,,,GLOBAL_BASELINE_NO_ENTITY_RANKING,,,NOT_APPLICABLE_GLOBAL_BASELINE,HF9g-P5,,,,X 全窗基线 · 不参与实体赏罚,14190526,1420,A168_HF9F_20260827_0900,2026-08-27 09:00:00
2026-07-11,133237696,2242,0,19.0000000000,-19.0000000000,-19.0000000000,0E-7,1,1,0.49324550000000000,0.493245500000,-0.9865810262130424,-0.9865810262130424,-0.9865810262130424,0E-17,ELIGIBLE,R03b_20260811_FULL_v1,L1_ELIGIBILITY,v2026-08-11,2026-03-21..2026-08-06,baccarat_bet02_101_all_pairs_incl_sentinel,round_win = game_pnl > 0 (decisive only),COMPATIBILITY_ONLY_NOT_PRODUCTION,83502.0000,78818.0000,6596.6500,1593,577,-0.07899990,-0.13750718,-0.06159745,-0.07899990,-6596.6500,83502.0000,OK,0.0000,230.8828,3.5000,96.5000,AG03-UNRESOLVED,ALL5_LEVELS_bet23_to_bet27,230.8828,230.8828,263.8660,0.0000,0.0000,3.500000,3.500000,4.000000,0.000000,0.000000,96.500000,96.500000,96.000000,100.000000,100.000000,5.0,725.6315,699.4032,5871.0185,5897.2468,PENDING_AG03,FALSE,NOT_FOR_ENFORCEMENT,6365.7673,76059.3700,6596.6500,6365.7673,230.8828,0.07899990,0.07623491,230.8828,6365.7673,0.07623491,230.8828,230.8828,263.8660,0.0000,0.0000,6365.7673,0.07623491,725.6315,699.4032,5871.0185,5897.2468,0.07030991,0.07062402,0.00276500,52.4181,136.5997,11.4327,299.8477,39.5009,3795.5455,26.2273,60.1981,50.4776,10.0,20.0,60.0,130.0,208.4998,410.0,20.0,-10.0,10.424988,20.5,2.620904,29,101,23,8,0.22925199,0.07899990,0.13750718,0E-8,0.000000,0.943906,0.000000,-0.07590974,2026-04-10,2026-08-04,22,167,151,117,0.188034,1.192570,1.148423,0.764173,,,,,,,,GLOBAL_BASELINE_NO_ENTITY_RANKING,,,NOT_APPLICABLE_GLOBAL_BASELINE,HF9g-P5,,,,X 全窗基线 · 不参与实体赏罚,14190527,1420,A168_HF9F_20260827_0900,2026-08-27 09:00:00
2026-07-13,133237696,-1,1,13.0000000000,-13.0000000000,-13.0000000000,0E-7,1,1,0.49324550000000000,0.493245500000,-0.9865810262130424,-0.9865810262130424,-0.9865810262130424,0E-17,SENTINEL_DEALER,R03b_20260811_FULL_v1,L1_ELIGIBILITY,v2026-08-11,2026-03-21..2026-08-06,baccarat_bet02_101_all_pairs_incl_sentinel,round_win = game_pnl > 0 (decisive only),COMPATIBILITY_ONLY_NOT_PRODUCTION,83502.0000,78818.0000,6596.6500,1593,577,-0.07899990,-0.13750718,-0.06159745,-0.07899990,-6596.6500,83502.0000,OK,0.0000,230.8828,3.5000,96.5000,AG03-UNRESOLVED,ALL5_LEVELS_bet23_to_bet27,230.8828,230.8828,263.8660,0.0000,0.0000,3.500000,3.500000,4.000000,0.000000,0.000000,96.500000,96.500000,96.000000,100.000000,100.000000,5.0,725.6315,699.4032,5871.0185,5897.2468,PENDING_AG03,FALSE,NOT_FOR_ENFORCEMENT,6365.7673,76059.3700,6596.6500,6365.7673,230.8828,0.07899990,0.07623491,230.8828,6365.7673,0.07623491,230.8828,230.8828,263.8660,0.0000,0.0000,6365.7673,0.07623491,725.6315,699.4032,5871.0185,5897.2468,0.07030991,0.07062402,0.00276500,52.4181,136.5997,11.4327,299.8477,39.5009,3795.5455,26.2273,60.1981,50.4776,10.0,20.0,60.0,130.0,208.4998,410.0,20.0,-10.0,10.424988,20.5,2.620904,29,101,23,8,0.22925199,0.07899990,0.13750718,0E-8,0.000000,0.943906,0.000000,-0.07590974,2026-04-10,2026-08-04,22,167,151,117,0.188034,1.192570,1.148423,0.764173,,,,,,,,GLOBAL_BASELINE_NO_ENTITY_RANKING,,,NOT_APPLICABLE_GLOBAL_BASELINE,HF9g-P5,,,,X 全窗基线 · 不参与实体赏罚,14190528,1420,A168_HF9F_20260827_0900,2026-08-27 09:00:00
2026-07-17,133237696,-1,1,20.0000000000,-20.0000000000,-20.0000000000,0E-7,1,1,0.49324550000000000,0.493245500000,-0.9865810262130424,-0.9865810262130424,-0.9865810262130424,0E-17,SENTINEL_DEALER,R03b_20260811_FULL_v1,L1_ELIGIBILITY,v2026-08-11,2026-03-21..2026-08-06,baccarat_bet02_101_all_pairs_incl_sentinel,round_win = game_pnl > 0 (decisive only),COMPATIBILITY_ONLY_NOT_PRODUCTION,83502.0000,78818.0000,6596.6500,1593,577,-0.07899990,-0.13750718,-0.06159745,-0.07899990,-6596.6500,83502.0000,OK,0.0000,230.8828,3.5000,96.5000,AG03-UNRESOLVED,ALL5_LEVELS_bet23_to_bet27,230.8828,230.8828,263.8660,0.0000,0.0000,3.500000,3.500000,4.000000,0.000000,0.000000,96.500000,96.500000,96.000000,100.000000,100.000000,5.0,725.6315,699.4032,5871.0185,5897.2468,PENDING_AG03,FALSE,NOT_FOR_ENFORCEMENT,6365.7673,76059.3700,6596.6500,6365.7673,230.8828,0.07899990,0.07623491,230.8828,6365.7673,0.07623491,230.8828,230.8828,263.8660,0.0000,0.0000,6365.7673,0.07623491,725.6315,699.4032,5871.0185,5897.2468,0.07030991,0.07062402,0.00276500,52.4181,136.5997,11.4327,299.8477,39.5009,3795.5455,26.2273,60.1981,50.4776,10.0,20.0,60.0,130.0,208.4998,410.0,20.0,-10.0,10.424988,20.5,2.620904,29,101,23,8,0.22925199,0.07899990,0.13750718,0E-8,0.000000,0.943906,0.000000,-0.07590974,2026-04-10,2026-08-04,22,167,151,117,0.188034,1.192570,1.148423,0.764173,,,,,,,,GLOBAL_BASELINE_NO_ENTITY_RANKING,,,NOT_APPLICABLE_GLOBAL_BASELINE,HF9g-P5,,,,X 全窗基线 · 不参与实体赏罚,14190529,1420,A168_HF9F_20260827_0900,2026-08-27 09:00:00
2026-07-17,133237696,1205,0,320.0000000000,-200.0000000000,-200.0000000000,0.5000000,6,2,0.36593622034632035,0.197889300000,0.3936019899794322,1.0723900948768452,0.3936019899794322,0.16804692034632035,ELIGIBLE,R03b_20260811_FULL_v1,L1_ELIGIBILITY,v2026-08-11,2026-03-21..2026-08-06,baccarat_bet02_101_all_pairs_incl_sentinel,round_win = game_pnl > 0 (decisive only),COMPATIBILITY_ONLY_NOT_PRODUCTION,83502.0000,78818.0000,6596.6500,1593,577,-0.07899990,-0.13750718,-0.06159745,-0.07899990,-6596.6500,83502.0000,OK,0.0000,230.8828,3.5000,96.5000,AG03-UNRESOLVED,ALL5_LEVELS_bet23_to_bet27,230.8828,230.8828,263.8660,0.0000,0.0000,3.500000,3.500000,4.000000,0.000000,0.000000,96.500000,96.500000,96.000000,100.000000,100.000000,5.0,725.6315,699.4032,5871.0185,5897.2468,PENDING_AG03,FALSE,NOT_FOR_ENFORCEMENT,6365.7673,76059.3700,6596.6500,6365.7673,230.8828,0.07899990,0.07623491,230.8828,6365.7673,0.07623491,230.8828,230.8828,263.8660,0.0000,0.0000,6365.7673,0.07623491,725.6315,699.4032,5871.0185,5897.2468,0.07030991,0.07062402,0.00276500,52.4181,136.5997,11.4327,299.8477,39.5009,3795.5455,26.2273,60.1981,50.4776,10.0,20.0,60.0,130.0,208.4998,410.0,20.0,-10.0,10.424988,20.5,2.620904,29,101,23,8,0.22925199,0.07899990,0.13750718,0E-8,0.000000,0.943906,0.000000,-0.07590974,2026-04-10,2026-08-04,22,167,151,117,0.188034,1.192570,1.148423,0.764173,,,,,,,,GLOBAL_BASELINE_NO_ENTITY_RANKING,,,NOT_APPLICABLE_GLOBAL_BASELINE,HF9g-P5,,,,X 全窗基线 · 不参与实体赏罚,14190530,1420,A168_HF9F_20260827_0900,2026-08-27 09:00:00
2026-07-17,133237696,1323,0,3073.0000000000,-472.0000000000,-472.0000000000,0.5625000,45,16,0.39333808641361696,0.233391526563,1.3851800084916832,3.112215816054812,1.3851800084916832,0.15994655985061696,ELIGIBLE,R03b_20260811_FULL_v1,L1_ELIGIBILITY,v2026-08-11,2026-03-21..2026-08-06,baccarat_bet02_101_all_pairs_incl_sentinel,round_win = game_pnl > 0 (decisive only),COMPATIBILITY_ONLY_NOT_PRODUCTION,83502.0000,78818.0000,6596.6500,1593,577,-0.07899990,-0.13750718,-0.06159745,-0.07899990,-6596.6500,83502.0000,OK,0.0000,230.8828,3.5000,96.5000,AG03-UNRESOLVED,ALL5_LEVELS_bet23_to_bet27,230.8828,230.8828,263.8660,0.0000,0.0000,3.500000,3.500000,4.000000,0.000000,0.000000,96.500000,96.500000,96.000000,100.000000,100.000000,5.0,725.6315,699.4032,5871.0185,5897.2468,PENDING_AG03,FALSE,NOT_FOR_ENFORCEMENT,6365.7673,76059.3700,6596.6500,6365.7673,230.8828,0.07899990,0.07623491,230.8828,6365.7673,0.07623491,230.8828,230.8828,263.8660,0.0000,0.0000,6365.7673,0.07623491,725.6315,699.4032,5871.0185,5897.2468,0.07030991,0.07062402,0.00276500,52.4181,136.5997,11.4327,299.8477,39.5009,3795.5455,26.2273,60.1981,50.4776,10.0,20.0,60.0,130.0,208.4998,410.0,20.0,-10.0,10.424988,20.5,2.620904,29,101,23,8,0.22925199,0.07899990,0.13750718,0E-8,0.000000,0.943906,0.000000,-0.07590974,2026-04-10,2026-08-04,22,167,151,117,0.188034,1.192570,1.148423,0.764173,,,,,,,,GLOBAL_BASELINE_NO_ENTITY_RANKING,,,NOT_APPLICABLE_GLOBAL_BASELINE,HF9g-P5,,,,X 全窗基线 · 不参与实体赏罚,14190531,1420,A168_HF9F_20260827_0900,2026-08-27 09:00:00
2026-07-17,133237696,1363,0,260.0000000000,-160.0000000000,-160.0000000000,0.5000000,5,2,0.42438127619047619,0.332656587500,0.21637086341491799,0.5022857599294055,0.21637086341491799,0.09172468869047619,ELIGIBLE,R03b_20260811_FULL_v1,L1_ELIGIBILITY,v2026-08-11,2026-03-21..2026-08-06,baccarat_bet02_101_all_pairs_incl_sentinel,round_win = game_pnl > 0 (decisive only),COMPATIBILITY_ONLY_NOT_PRODUCTION,83502.0000,78818.0000,6596.6500,1593,577,-0.07899990,-0.13750718,-0.06159745,-0.07899990,-6596.6500,83502.0000,OK,0.0000,230.8828,3.5000,96.5000,AG03-UNRESOLVED,ALL5_LEVELS_bet23_to_bet27,230.8828,230.8828,263.8660,0.0000,0.0000,3.500000,3.500000,4.000000,0.000000,0.000000,96.500000,96.500000,96.000000,100.000000,100.000000,5.0,725.6315,699.4032,5871.0185,5897.2468,PENDING_AG03,FALSE,NOT_FOR_ENFORCEMENT,6365.7673,76059.3700,6596.6500,6365.7673,230.8828,0.07899990,0.07623491,230.8828,6365.7673,0.07623491,230.8828,230.8828,263.8660,0.0000,0.0000,6365.7673,0.07623491,725.6315,699.4032,5871.0185,5897.2468,0.07030991,0.07062402,0.00276500,52.4181,136.5997,11.4327,299.8477,39.5009,3795.5455,26.2273,60.1981,50.4776,10.0,20.0,60.0,130.0,208.4998,410.0,20.0,-10.0,10.424988,20.5,2.620904,29,101,23,8,0.22925199,0.07899990,0.13750718,0E-8,0.000000,0.943906,0.000000,-0.07590974,2026-04-10,2026-08-04,22,167,151,117,0.188034,1.192570,1.148423,0.764173,,,,,,,,GLOBAL_BASELINE_NO_ENTITY_RANKING,,,NOT_APPLICABLE_GLOBAL_BASELINE,HF9g-P5,,,,X 全窗基线 · 不参与实体赏罚,14190532,1420,A168_HF9F_20260827_0900,2026-08-27 09:00:00
2026-07-17,133237696,1490,0,1080.0000000000,549.5000000000,549.5000000000,0.5000000,27,8,0.32979889253885820,0.195588415625,1.0239534369362266,2.1706782091141616,1.0239534369362266,0.13421047691385820,ELIGIBLE,R03b_20260811_FULL_v1,L1_ELIGIBILITY,v2026-08-11,2026-03-21..2026-08-06,baccarat_bet02_101_all_pairs_incl_sentinel,round_win = game_pnl > 0 (decisive only),COMPATIBILITY_ONLY_NOT_PRODUCTION,83502.0000,78818.0000,6596.6500,1593,577,-0.07899990,-0.13750718,-0.06159745,-0.07899990,-6596.6500,83502.0000,OK,0.0000,230.8828,3.5000,96.5000,AG03-UNRESOLVED,ALL5_LEVELS_bet23_to_bet27,230.8828,230.8828,263.8660,0.0000,0.0000,3.500000,3.500000,4.000000,0.000000,0.000000,96.500000,96.500000,96.000000,100.000000,100.000000,5.0,725.6315,699.4032,5871.0185,5897.2468,PENDING_AG03,FALSE,NOT_FOR_ENFORCEMENT,6365.7673,76059.3700,6596.6500,6365.7673,230.8828,0.07899990,0.07623491,230.8828,6365.7673,0.07623491,230.8828,230.8828,263.8660,0.0000,0.0000,6365.7673,0.07623491,725.6315,699.4032,5871.0185,5897.2468,0.07030991,0.07062402,0.00276500,52.4181,136.5997,11.4327,299.8477,39.5009,3795.5455,26.2273,60.1981,50.4776,10.0,20.0,60.0,130.0,208.4998,410.0,20.0,-10.0,10.424988,20.5,2.620904,29,101,23,8,0.22925199,0.07899990,0.13750718,0E-8,0.000000,0.943906,0.000000,-0.07590974,2026-04-10,2026-08-04,22,167,151,117,0.188034,1.192570,1.148423,0.764173,,,,,,,,GLOBAL_BASELINE_NO_ENTITY_RANKING,,,NOT_APPLICABLE_GLOBAL_BASELINE,HF9g-P5,,,,X 全窗基线 · 不参与实体赏罚,14190533,1420,A168_HF9F_20260827_0900,2026-08-27 09:00:00
2026-07-17,133237696,2174,0,150.0000000000,-150.0000000000,-150.0000000000,0E-7,3,1,0.40673039333333333,0.197889300000,-0.8279941404877482,-0.4966998184331015,-0.8279941404877482,0.20884109333333333,ELIGIBLE,R03b_20260811_FULL_v1,L1_ELIGIBILITY,v2026-08-11,2026-03-21..2026-08-06,baccarat_bet02_101_all_pairs_incl_sentinel,round_win = game_pnl > 0 (decisive only),COMPATIBILITY_ONLY_NOT_PRODUCTION,83502.0000,78818.0000,6596.6500,1593,577,-0.07899990,-0.13750718,-0.06159745,-0.07899990,-6596.6500,83502.0000,OK,0.0000,230.8828,3.5000,96.5000,AG03-UNRESOLVED,ALL5_LEVELS_bet23_to_bet27,230.8828,230.8828,263.8660,0.0000,0.0000,3.500000,3.500000,4.000000,0.000000,0.000000,96.500000,96.500000,96.000000,100.000000,100.000000,5.0,725.6315,699.4032,5871.0185,5897.2468,PENDING_AG03,FALSE,NOT_FOR_ENFORCEMENT,6365.7673,76059.3700,6596.6500,6365.7673,230.8828,0.07899990,0.07623491,230.8828,6365.7673,0.07623491,230.8828,230.8828,263.8660,0.0000,0.0000,6365.7673,0.07623491,725.6315,699.4032,5871.0185,5897.2468,0.07030991,0.07062402,0.00276500,52.4181,136.5997,11.4327,299.8477,39.5009,3795.5455,26.2273,60.1981,50.4776,10.0,20.0,60.0,130.0,208.4998,410.0,20.0,-10.0,10.424988,20.5,2.620904,29,101,23,8,0.22925199,0.07899990,0.13750718,0E-8,0.000000,0.943906,0.000000,-0.07590974,2026-04-10,2026-08-04,22,167,151,117,0.188034,1.192570,1.148423,0.764173,,,,,,,,GLOBAL_BASELINE_NO_ENTITY_RANKING,,,NOT_APPLICABLE_GLOBAL_BASELINE,HF9g-P5,,,,X 全窗基线 · 不参与实体赏罚,14190534,1420,A168_HF9F_20260827_0900,2026-08-27 09:00:00
2026-07-17,133237696,2233,0,720.0000000000,-420.0000000000,-420.0000000000,0.2500000,14,4,0.36380488885714286,0.183251225000,-0.47310930038257903,0.3450687306540656,-0.47310930038257903,0.18055366385714286,ELIGIBLE,R03b_20260811_FULL_v1,L1_ELIGIBILITY,v2026-08-11,2026-03-21..2026-08-06,baccarat_bet02_101_all_pairs_incl_sentinel,round_win = game_pnl > 0 (decisive only),COMPATIBILITY_ONLY_NOT_PRODUCTION,83502.0000,78818.0000,6596.6500,1593,577,-0.07899990,-0.13750718,-0.06159745,-0.07899990,-6596.6500,83502.0000,OK,0.0000,230.8828,3.5000,96.5000,AG03-UNRESOLVED,ALL5_LEVELS_bet23_to_bet27,230.8828,230.8828,263.8660,0.0000,0.0000,3.500000,3.500000,4.000000,0.000000,0.000000,96.500000,96.500000,96.000000,100.000000,100.000000,5.0,725.6315,699.4032,5871.0185,5897.2468,PENDING_AG03,FALSE,NOT_FOR_ENFORCEMENT,6365.7673,76059.3700,6596.6500,6365.7673,230.8828,0.07899990,0.07623491,230.8828,6365.7673,0.07623491,230.8828,230.8828,263.8660,0.0000,0.0000,6365.7673,0.07623491,725.6315,699.4032,5871.0185,5897.2468,0.07030991,0.07062402,0.00276500,52.4181,136.5997,11.4327,299.8477,39.5009,3795.5455,26.2273,60.1981,50.4776,10.0,20.0,60.0,130.0,208.4998,410.0,20.0,-10.0,10.424988,20.5,2.620904,29,101,23,8,0.22925199,0.07899990,0.13750718,0E-8,0.000000,0.943906,0.000000,-0.07590974,2026-04-10,2026-08-04,22,167,151,117,0.188034,1.192570,1.148423,0.764173,,,,,,,,GLOBAL_BASELINE_NO_ENTITY_RANKING,,,NOT_APPLICABLE_GLOBAL_BASELINE,HF9g-P5,,,,X 全窗基线 · 不参与实体赏罚,14190535,1420,A168_HF9F_20260827_0900,2026-08-27 09:00:00
2026-07-17,133237696,2266,0,2070.0000000000,90.0000000000,90.0000000000,0.5000000,35,10,0.35432355645154553,0.178477189500,0.963123203594912,2.6552817891402403,0.963123203594912,0.17584636695154553,ELIGIBLE,R03b_20260811_FULL_v1,L1_ELIGIBILITY,v2026-08-11,2026-03-21..2026-08-06,baccarat_bet02_101_all_pairs_incl_sentinel,round_win = game_pnl > 0 (decisive only),COMPATIBILITY_ONLY_NOT_PRODUCTION,83502.0000,78818.0000,6596.6500,1593,577,-0.07899990,-0.13750718,-0.06159745,-0.07899990,-6596.6500,83502.0000,OK,0.0000,230.8828,3.5000,96.5000,AG03-UNRESOLVED,ALL5_LEVELS_bet23_to_bet27,230.8828,230.8828,263.8660,0.0000,0.0000,3.500000,3.500000,4.000000,0.000000,0.000000,96.500000,96.500000,96.000000,100.000000,100.000000,5.0,725.6315,699.4032,5871.0185,5897.2468,PENDING_AG03,FALSE,NOT_FOR_ENFORCEMENT,6365.7673,76059.3700,6596.6500,6365.7673,230.8828,0.07899990,0.07623491,230.8828,6365.7673,0.07623491,230.8828,230.8828,263.8660,0.0000,0.0000,6365.7673,0.07623491,725.6315,699.4032,5871.0185,5897.2468,0.07030991,0.07062402,0.00276500,52.4181,136.5997,11.4327,299.8477,39.5009,3795.5455,26.2273,60.1981,50.4776,10.0,20.0,60.0,130.0,208.4998,410.0,20.0,-10.0,10.424988,20.5,2.620904,29,101,23,8,0.22925199,0.07899990,0.13750718,0E-8,0.000000,0.943906,0.000000,-0.07590974,2026-04-10,2026-08-04,22,167,151,117,0.188034,1.192570,1.148423,0.764173,,,,,,,,GLOBAL_BASELINE_NO_ENTITY_RANKING,,,NOT_APPLICABLE_GLOBAL_BASELINE,HF9g-P5,,,,X 全窗基线 · 不参与实体赏罚,14190536,1420,A168_HF9F_20260827_0900,2026-08-27 09:00:00
2026-07-17,133237696,550,0,130.0000000000,-130.0000000000,-130.0000000000,0E-7,3,1,0.36175437692307692,0.197889300000,-0.7528578352382734,-0.4966998184331015,-0.7528578352382734,0.16386507692307692,ELIGIBLE,R03b_20260811_FULL_v1,L1_ELIGIBILITY,v2026-08-11,2026-03-21..2026-08-06,baccarat_bet02_101_all_pairs_incl_sentinel,round_win = game_pnl > 0 (decisive only),COMPATIBILITY_ONLY_NOT_PRODUCTION,83502.0000,78818.0000,6596.6500,1593,577,-0.07899990,-0.13750718,-0.06159745,-0.07899990,-6596.6500,83502.0000,OK,0.0000,230.8828,3.5000,96.5000,AG03-UNRESOLVED,ALL5_LEVELS_bet23_to_bet27,230.8828,230.8828,263.8660,0.0000,0.0000,3.500000,3.500000,4.000000,0.000000,0.000000,96.500000,96.500000,96.000000,100.000000,100.000000,5.0,725.6315,699.4032,5871.0185,5897.2468,PENDING_AG03,FALSE,NOT_FOR_ENFORCEMENT,6365.7673,76059.3700,6596.6500,6365.7673,230.8828,0.07899990,0.07623491,230.8828,6365.7673,0.07623491,230.8828,230.8828,263.8660,0.0000,0.0000,6365.7673,0.07623491,725.6315,699.4032,5871.0185,5897.2468,0.07030991,0.07062402,0.00276500,52.4181,136.5997,11.4327,299.8477,39.5009,3795.5455,26.2273,60.1981,50.4776,10.0,20.0,60.0,130.0,208.4998,410.0,20.0,-10.0,10.424988,20.5,2.620904,29,101,23,8,0.22925199,0.07899990,0.13750718,0E-8,0.000000,0.943906,0.000000,-0.07590974,2026-04-10,2026-08-04,22,167,151,117,0.188034,1.192570,1.148423,0.764173,,,,,,,,GLOBAL_BASELINE_NO_ENTITY_RANKING,,,NOT_APPLICABLE_GLOBAL_BASELINE,HF9g-P5,,,,X 全窗基线 · 不参与实体赏罚,14190537,1420,A168_HF9F_20260827_0900,2026-08-27 09:00:00
2026-07-17,133237696,583,0,900.0000000000,-300.0000000000,-300.0000000000,0.2000000,16,5,0.36242140002813299,0.194135735000,-0.7555347936266029,0.03315239425031622,-0.7555347936266029,0.16828566502813299,ELIGIBLE,R03b_20260811_FULL_v1,L1_ELIGIBILITY,v2026-08-11,2026-03-21..2026-08-06,baccarat_bet02_101_all_pairs_incl_sentinel,round_win = game_pnl > 0 (decisive only),COMPATIBILITY_ONLY_NOT_PRODUCTION,83502.0000,78818.0000,6596.6500,1593,577,-0.07899990,-0.13750718,-0.06159745,-0.07899990,-6596.6500,83502.0000,OK,0.0000,230.8828,3.5000,96.5000,AG03-UNRESOLVED,ALL5_LEVELS_bet23_to_bet27,230.8828,230.8828,263.8660,0.0000,0.0000,3.500000,3.500000,4.000000,0.000000,0.000000,96.500000,96.500000,96.000000,100.000000,100.000000,5.0,725.6315,699.4032,5871.0185,5897.2468,PENDING_AG03,FALSE,NOT_FOR_ENFORCEMENT,6365.7673,76059.3700,6596.6500,6365.7673,230.8828,0.07899990,0.07623491,230.8828,6365.7673,0.07623491,230.8828,230.8828,263.8660,0.0000,0.0000,6365.7673,0.07623491,725.6315,699.4032,5871.0185,5897.2468,0.07030991,0.07062402,0.00276500,52.4181,136.5997,11.4327,299.8477,39.5009,3795.5455,26.2273,60.1981,50.4776,10.0,20.0,60.0,130.0,208.4998,410.0,20.0,-10.0,10.424988,20.5,2.620904,29,101,23,8,0.22925199,0.07899990,0.13750718,0E-8,0.000000,0.943906,0.000000,-0.07590974,2026-04-10,2026-08-04,22,167,151,117,0.188034,1.192570,1.148423,0.764173,,,,,,,,GLOBAL_BASELINE_NO_ENTITY_RANKING,,,NOT_APPLICABLE_GLOBAL_BASELINE,HF9g-P5,,,,X 全窗基线 · 不参与实体赏罚,14190538,1420,A168_HF9F_20260827_0900,2026-08-27 09:00:00
2026-07-17,133237696,801,0,480.0000000000,-80.0000000000,-80.0000000000,0.3333333,10,3,0.38151415367132867,0.189282091667,-0.171796617022432,0.6369245471444843,-0.171796617022432,0.19223206200432867,ELIGIBLE,R03b_20260811_FULL_v1,L1_ELIGIBILITY,v2026-08-11,2026-03-21..2026-08-06,baccarat_bet02_101_all_pairs_incl_sentinel,round_win = game_pnl > 0 (decisive only),COMPATIBILITY_ONLY_NOT_PRODUCTION,83502.0000,78818.0000,6596.6500,1593,577,-0.07899990,-0.13750718,-0.06159745,-0.07899990,-6596.6500,83502.0000,OK,0.0000,230.8828,3.5000,96.5000,AG03-UNRESOLVED,ALL5_LEVELS_bet23_to_bet27,230.8828,230.8828,263.8660,0.0000,0.0000,3.500000,3.500000,4.000000,0.000000,0.000000,96.500000,96.500000,96.000000,100.000000,100.000000,5.0,725.6315,699.4032,5871.0185,5897.2468,PENDING_AG03,FALSE,NOT_FOR_ENFORCEMENT,6365.7673,76059.3700,6596.6500,6365.7673,230.8828,0.07899990,0.07623491,230.8828,6365.7673,0.07623491,230.8828,230.8828,263.8660,0.0000,0.0000,6365.7673,0.07623491,725.6315,699.4032,5871.0185,5897.2468,0.07030991,0.07062402,0.00276500,52.4181,136.5997,11.4327,299.8477,39.5009,3795.5455,26.2273,60.1981,50.4776,10.0,20.0,60.0,130.0,208.4998,410.0,20.0,-10.0,10.424988,20.5,2.620904,29,101,23,8,0.22925199,0.07899990,0.13750718,0E-8,0.000000,0.943906,0.000000,-0.07590974,2026-04-10,2026-08-04,22,167,151,117,0.188034,1.192570,1.148423,0.764173,,,,,,,,GLOBAL_BASELINE_NO_ENTITY_RANKING,,,NOT_APPLICABLE_GLOBAL_BASELINE,HF9g-P5,,,,X 全窗基线 · 不参与实体赏罚,14190539,1420,A168_HF9F_20260827_0900,2026-08-27 09:00:00
2026-07-21,133237696,-1,1,30.0000000000,-10.0000000000,-10.0000000000,0E-7,2,1,0.35562093333333333,0.280106050000,-0.7428873223046834,-0.6237735893609975,-0.7428873223046834,0.07551488333333333,SENTINEL_DEALER,R03b_20260811_FULL_v1,L1_ELIGIBILITY,v2026-08-11,2026-03-21..2026-08-06,baccarat_bet02_101_all_pairs_incl_sentinel,round_win = game_pnl > 0 (decisive only),COMPATIBILITY_ONLY_NOT_PRODUCTION,83502.0000,78818.0000,6596.6500,1593,577,-0.07899990,-0.13750718,-0.06159745,-0.07899990,-6596.6500,83502.0000,OK,0.0000,230.8828,3.5000,96.5000,AG03-UNRESOLVED,ALL5_LEVELS_bet23_to_bet27,230.8828,230.8828,263.8660,0.0000,0.0000,3.500000,3.500000,4.000000,0.000000,0.000000,96.500000,96.500000,96.000000,100.000000,100.000000,5.0,725.6315,699.4032,5871.0185,5897.2468,PENDING_AG03,FALSE,NOT_FOR_ENFORCEMENT,6365.7673,76059.3700,6596.6500,6365.7673,230.8828,0.07899990,0.07623491,230.8828,6365.7673,0.07623491,230.8828,230.8828,263.8660,0.0000,0.0000,6365.7673,0.07623491,725.6315,699.4032,5871.0185,5897.2468,0.07030991,0.07062402,0.00276500,52.4181,136.5997,11.4327,299.8477,39.5009,3795.5455,26.2273,60.1981,50.4776,10.0,20.0,60.0,130.0,208.4998,410.0,20.0,-10.0,10.424988,20.5,2.620904,29,101,23,8,0.22925199,0.07899990,0.13750718,0E-8,0.000000,0.943906,0.000000,-0.07590974,2026-04-10,2026-08-04,22,167,151,117,0.188034,1.192570,1.148423,0.764173,,,,,,,,GLOBAL_BASELINE_NO_ENTITY_RANKING,,,NOT_APPLICABLE_GLOBAL_BASELINE,HF9g-P5,,,,X 全窗基线 · 不参与实体赏罚,14190540,1420,A168_HF9F_20260827_0900,2026-08-27 09:00:00
2026-07-21,133237696,2153,0,44.0000000000,-44.0000000000,-44.0000000000,0E-7,2,1,0.39968686363636364,0.287416500000,-0.81596402932545,-0.6350939377956173,-0.81596402932545,0.11227036363636364,ELIGIBLE,R03b_20260811_FULL_v1,L1_ELIGIBILITY,v2026-08-11,2026-03-21..2026-08-06,baccarat_bet02_101_all_pairs_incl_sentinel,round_win = game_pnl > 0 (decisive only),COMPATIBILITY_ONLY_NOT_PRODUCTION,83502.0000,78818.0000,6596.6500,1593,577,-0.07899990,-0.13750718,-0.06159745,-0.07899990,-6596.6500,83502.0000,OK,0.0000,230.8828,3.5000,96.5000,AG03-UNRESOLVED,ALL5_LEVELS_bet23_to_bet27,230.8828,230.8828,263.8660,0.0000,0.0000,3.500000,3.500000,4.000000,0.000000,0.000000,96.500000,96.500000,96.000000,100.000000,100.000000,5.0,725.6315,699.4032,5871.0185,5897.2468,PENDING_AG03,FALSE,NOT_FOR_ENFORCEMENT,6365.7673,76059.3700,6596.6500,6365.7673,230.8828,0.07899990,0.07623491,230.8828,6365.7673,0.07623491,230.8828,230.8828,263.8660,0.0000,0.0000,6365.7673,0.07623491,725.6315,699.4032,5871.0185,5897.2468,0.07030991,0.07062402,0.00276500,52.4181,136.5997,11.4327,299.8477,39.5009,3795.5455,26.2273,60.1981,50.4776,10.0,20.0,60.0,130.0,208.4998,410.0,20.0,-10.0,10.424988,20.5,2.620904,29,101,23,8,0.22925199,0.07899990,0.13750718,0E-8,0.000000,0.943906,0.000000,-0.07590974,2026-04-10,2026-08-04,22,167,151,117,0.188034,1.192570,1.148423,0.764173,,,,,,,,GLOBAL_BASELINE_NO_ENTITY_RANKING,,,NOT_APPLICABLE_GLOBAL_BASELINE,HF9g-P5,,,,X 全窗基线 · 不参与实体赏罚,14190541,1420,A168_HF9F_20260827_0900,2026-08-27 09:00:00
2026-07-25,133237696,1382,0,140.0000000000,-140.0000000000,-140.0000000000,0E-7,4,2,0.20612763846153846,0.108362100000,-0.720622421240481,-0.49301421804242485,-0.720622421240481,0.09776553846153846,ELIGIBLE,R03b_20260811_FULL_v1,L1_ELIGIBILITY,v2026-08-11,2026-03-21..2026-08-06,baccarat_bet02_101_all_pairs_incl_sentinel,round_win = game_pnl > 0 (decisive only),COMPATIBILITY_ONLY_NOT_PRODUCTION,83502.0000,78818.0000,6596.6500,1593,577,-0.07899990,-0.13750718,-0.06159745,-0.07899990,-6596.6500,83502.0000,OK,0.0000,230.8828,3.5000,96.5000,AG03-UNRESOLVED,ALL5_LEVELS_bet23_to_bet27,230.8828,230.8828,263.8660,0.0000,0.0000,3.500000,3.500000,4.000000,0.000000,0.000000,96.500000,96.500000,96.000000,100.000000,100.000000,5.0,725.6315,699.4032,5871.0185,5897.2468,PENDING_AG03,FALSE,NOT_FOR_ENFORCEMENT,6365.7673,76059.3700,6596.6500,6365.7673,230.8828,0.07899990,0.07623491,230.8828,6365.7673,0.07623491,230.8828,230.8828,263.8660,0.0000,0.0000,6365.7673,0.07623491,725.6315,699.4032,5871.0185,5897.2468,0.07030991,0.07062402,0.00276500,52.4181,136.5997,11.4327,299.8477,39.5009,3795.5455,26.2273,60.1981,50.4776,10.0,20.0,60.0,130.0,208.4998,410.0,20.0,-10.0,10.424988,20.5,2.620904,29,101,23,8,0.22925199,0.07899990,0.13750718,0E-8,0.000000,0.943906,0.000000,-0.07590974,2026-04-10,2026-08-04,22,167,151,117,0.188034,1.192570,1.148423,0.764173,,,,,,,,GLOBAL_BASELINE_NO_ENTITY_RANKING,,,NOT_APPLICABLE_GLOBAL_BASELINE,HF9g-P5,,,,X 全窗基线 · 不参与实体赏罚,14190542,1420,A168_HF9F_20260827_0900,2026-08-27 09:00:00
2026-07-25,133237696,1623,0,520.0000000000,40.0000000000,40.0000000000,0.5000000,7,2,0.35813767481259371,0.179848312500,0.41844282392645527,1.1788824926267654,0.41844282392645527,0.17828936231259371,ELIGIBLE,R03b_20260811_FULL_v1,L1_ELIGIBILITY,v2026-08-11,2026-03-21..2026-08-06,baccarat_bet02_101_all_pairs_incl_sentinel,round_win = game_pnl > 0 (decisive only),COMPATIBILITY_ONLY_NOT_PRODUCTION,83502.0000,78818.0000,6596.6500,1593,577,-0.07899990,-0.13750718,-0.06159745,-0.07899990,-6596.6500,83502.0000,OK,0.0000,230.8828,3.5000,96.5000,AG03-UNRESOLVED,ALL5_LEVELS_bet23_to_bet27,230.8828,230.8828,263.8660,0.0000,0.0000,3.500000,3.500000,4.000000,0.000000,0.000000,96.500000,96.500000,96.000000,100.000000,100.000000,5.0,725.6315,699.4032,5871.0185,5897.2468,PENDING_AG03,FALSE,NOT_FOR_ENFORCEMENT,6365.7673,76059.3700,6596.6500,6365.7673,230.8828,0.07899990,0.07623491,230.8828,6365.7673,0.07623491,230.8828,230.8828,263.8660,0.0000,0.0000,6365.7673,0.07623491,725.6315,699.4032,5871.0185,5897.2468,0.07030991,0.07062402,0.00276500,52.4181,136.5997,11.4327,299.8477,39.5009,3795.5455,26.2273,60.1981,50.4776,10.0,20.0,60.0,130.0,208.4998,410.0,20.0,-10.0,10.424988,20.5,2.620904,29,101,23,8,0.22925199,0.07899990,0.13750718,0E-8,0.000000,0.943906,0.000000,-0.07590974,2026-04-10,2026-08-04,22,167,151,117,0.188034,1.192570,1.148423,0.764173,,,,,,,,GLOBAL_BASELINE_NO_ENTITY_RANKING,,,NOT_APPLICABLE_GLOBAL_BASELINE,HF9g-P5,,,,X 全窗基线 · 不参与实体赏罚,14190543,1420,A168_HF9F_20260827_0900,2026-08-27 09:00:00
2026-07-25,133237696,1704,0,290.0000000000,-70.0000000000,-70.0000000000,0E-7,3,1,0.39171589310344828,0.197889300000,-0.8024765707862157,-0.4966998184331015,-0.8024765707862157,0.19382659310344828,ELIGIBLE,R03b_20260811_FULL_v1,L1_ELIGIBILITY,v2026-08-11,2026-03-21..2026-08-06,baccarat_bet02_101_all_pairs_incl_sentinel,round_win = game_pnl > 0 (decisive only),COMPATIBILITY_ONLY_NOT_PRODUCTION,83502.0000,78818.0000,6596.6500,1593,577,-0.07899990,-0.13750718,-0.06159745,-0.07899990,-6596.6500,83502.0000,OK,0.0000,230.8828,3.5000,96.5000,AG03-UNRESOLVED,ALL5_LEVELS_bet23_to_bet27,230.8828,230.8828,263.8660,0.0000,0.0000,3.500000,3.500000,4.000000,0.000000,0.000000,96.500000,96.500000,96.000000,100.000000,100.000000,5.0,725.6315,699.4032,5871.0185,5897.2468,PENDING_AG03,FALSE,NOT_FOR_ENFORCEMENT,6365.7673,76059.3700,6596.6500,6365.7673,230.8828,0.07899990,0.07623491,230.8828,6365.7673,0.07623491,230.8828,230.8828,263.8660,0.0000,0.0000,6365.7673,0.07623491,725.6315,699.4032,5871.0185,5897.2468,0.07030991,0.07062402,0.00276500,52.4181,136.5997,11.4327,299.8477,39.5009,3795.5455,26.2273,60.1981,50.4776,10.0,20.0,60.0,130.0,208.4998,410.0,20.0,-10.0,10.424988,20.5,2.620904,29,101,23,8,0.22925199,0.07899990,0.13750718,0E-8,0.000000,0.943906,0.000000,-0.07590974,2026-04-10,2026-08-04,22,167,151,117,0.188034,1.192570,1.148423,0.764173,,,,,,,,GLOBAL_BASELINE_NO_ENTITY_RANKING,,,NOT_APPLICABLE_GLOBAL_BASELINE,HF9g-P5,,,,X 全窗基线 · 不参与实体赏罚,14190544,1420,A168_HF9F_20260827_0900,2026-08-27 09:00:00
2026-07-25,133237696,2101,0,130.0000000000,30.0000000000,30.0000000000,1.0000000,2,1,0.49840134615384615,0.499948100000,1.0032024354625433,1.0001038053877793,1.0032024354625433,-0.00154675384615385,ELIGIBLE,R03b_20260811_FULL_v1,L1_ELIGIBILITY,v2026-08-11,2026-03-21..2026-08-06,baccarat_bet02_101_all_pairs_incl_sentinel,round_win = game_pnl > 0 (decisive only),COMPATIBILITY_ONLY_NOT_PRODUCTION,83502.0000,78818.0000,6596.6500,1593,577,-0.07899990,-0.13750718,-0.06159745,-0.07899990,-6596.6500,83502.0000,OK,0.0000,230.8828,3.5000,96.5000,AG03-UNRESOLVED,ALL5_LEVELS_bet23_to_bet27,230.8828,230.8828,263.8660,0.0000,0.0000,3.500000,3.500000,4.000000,0.000000,0.000000,96.500000,96.500000,96.000000,100.000000,100.000000,5.0,725.6315,699.4032,5871.0185,5897.2468,PENDING_AG03,FALSE,NOT_FOR_ENFORCEMENT,6365.7673,76059.3700,6596.6500,6365.7673,230.8828,0.07899990,0.07623491,230.8828,6365.7673,0.07623491,230.8828,230.8828,263.8660,0.0000,0.0000,6365.7673,0.07623491,725.6315,699.4032,5871.0185,5897.2468,0.07030991,0.07062402,0.00276500,52.4181,136.5997,11.4327,299.8477,39.5009,3795.5455,26.2273,60.1981,50.4776,10.0,20.0,60.0,130.0,208.4998,410.0,20.0,-10.0,10.424988,20.5,2.620904,29,101,23,8,0.22925199,0.07899990,0.13750718,0E-8,0.000000,0.943906,0.000000,-0.07590974,2026-04-10,2026-08-04,22,167,151,117,0.188034,1.192570,1.148423,0.764173,,,,,,,,GLOBAL_BASELINE_NO_ENTITY_RANKING,,,NOT_APPLICABLE_GLOBAL_BASELINE,HF9g-P5,,,,X 全窗基线 · 不参与实体赏罚,14190545,1420,A168_HF9F_20260827_0900,2026-08-27 09:00:00
2026-07-25,133237696,2142,0,80.0000000000,-80.0000000000,-80.0000000000,0E-7,3,1,0.38248692500000000,0.197889300000,-0.7870190017298362,-0.4966998184331015,-0.7870190017298362,0.18459762500000000,ELIGIBLE,R03b_20260811_FULL_v1,L1_ELIGIBILITY,v2026-08-11,2026-03-21..2026-08-06,baccarat_bet02_101_all_pairs_incl_sentinel,round_win = game_pnl > 0 (decisive only),COMPATIBILITY_ONLY_NOT_PRODUCTION,83502.0000,78818.0000,6596.6500,1593,577,-0.07899990,-0.13750718,-0.06159745,-0.07899990,-6596.6500,83502.0000,OK,0.0000,230.8828,3.5000,96.5000,AG03-UNRESOLVED,ALL5_LEVELS_bet23_to_bet27,230.8828,230.8828,263.8660,0.0000,0.0000,3.500000,3.500000,4.000000,0.000000,0.000000,96.500000,96.500000,96.000000,100.000000,100.000000,5.0,725.6315,699.4032,5871.0185,5897.2468,PENDING_AG03,FALSE,NOT_FOR_ENFORCEMENT,6365.7673,76059.3700,6596.6500,6365.7673,230.8828,0.07899990,0.07623491,230.8828,6365.7673,0.07623491,230.8828,230.8828,263.8660,0.0000,0.0000,6365.7673,0.07623491,725.6315,699.4032,5871.0185,5897.2468,0.07030991,0.07062402,0.00276500,52.4181,136.5997,11.4327,299.8477,39.5009,3795.5455,26.2273,60.1981,50.4776,10.0,20.0,60.0,130.0,208.4998,410.0,20.0,-10.0,10.424988,20.5,2.620904,29,101,23,8,0.22925199,0.07899990,0.13750718,0E-8,0.000000,0.943906,0.000000,-0.07590974,2026-04-10,2026-08-04,22,167,151,117,0.188034,1.192570,1.148423,0.764173,,,,,,,,GLOBAL_BASELINE_NO_ENTITY_RANKING,,,NOT_APPLICABLE_GLOBAL_BASELINE,HF9g-P5,,,,X 全窗基线 · 不参与实体赏罚,14190546,1420,A168_HF9F_20260827_0900,2026-08-27 09:00:00
2026-07-25,133237696,752,0,2380.0000000000,480.0000000000,480.0000000000,0.4285714,23,8,0.41032633862835323,0.230717490625,0.09813512189569387,1.2425404325642802,0.09813512189569387,0.17960884800335323,ELIGIBLE,R03b_20260811_FULL_v1,L1_ELIGIBILITY,v2026-08-11,2026-03-21..2026-08-06,baccarat_bet02_101_all_pairs_incl_sentinel,round_win = game_pnl > 0 (decisive only),COMPATIBILITY_ONLY_NOT_PRODUCTION,83502.0000,78818.0000,6596.6500,1593,577,-0.07899990,-0.13750718,-0.06159745,-0.07899990,-6596.6500,83502.0000,OK,0.0000,230.8828,3.5000,96.5000,AG03-UNRESOLVED,ALL5_LEVELS_bet23_to_bet27,230.8828,230.8828,263.8660,0.0000,0.0000,3.500000,3.500000,4.000000,0.000000,0.000000,96.500000,96.500000,96.000000,100.000000,100.000000,5.0,725.6315,699.4032,5871.0185,5897.2468,PENDING_AG03,FALSE,NOT_FOR_ENFORCEMENT,6365.7673,76059.3700,6596.6500,6365.7673,230.8828,0.07899990,0.07623491,230.8828,6365.7673,0.07623491,230.8828,230.8828,263.8660,0.0000,0.0000,6365.7673,0.07623491,725.6315,699.4032,5871.0185,5897.2468,0.07030991,0.07062402,0.00276500,52.4181,136.5997,11.4327,299.8477,39.5009,3795.5455,26.2273,60.1981,50.4776,10.0,20.0,60.0,130.0,208.4998,410.0,20.0,-10.0,10.424988,20.5,2.620904,29,101,23,8,0.22925199,0.07899990,0.13750718,0E-8,0.000000,0.943906,0.000000,-0.07590974,2026-04-10,2026-08-04,22,167,151,117,0.188034,1.192570,1.148423,0.764173,,,,,,,,GLOBAL_BASELINE_NO_ENTITY_RANKING,,,NOT_APPLICABLE_GLOBAL_BASELINE,HF9g-P5,,,,X 全窗基线 · 不参与实体赏罚,14190547,1420,A168_HF9F_20260827_0900,2026-08-27 09:00:00
2026-07-25,133237696,763,0,270.0000000000,210.0000000000,210.0000000000,1.0000000,3,1,0.44518155185185185,0.197889300000,1.1163666836397115,2.0132884347625057,1.1163666836397115,0.24729225185185185,ELIGIBLE,R03b_20260811_FULL_v1,L1_ELIGIBILITY,v2026-08-11,2026-03-21..2026-08-06,baccarat_bet02_101_all_pairs_incl_sentinel,round_win = game_pnl > 0 (decisive only),COMPATIBILITY_ONLY_NOT_PRODUCTION,83502.0000,78818.0000,6596.6500,1593,577,-0.07899990,-0.13750718,-0.06159745,-0.07899990,-6596.6500,83502.0000,OK,0.0000,230.8828,3.5000,96.5000,AG03-UNRESOLVED,ALL5_LEVELS_bet23_to_bet27,230.8828,230.8828,263.8660,0.0000,0.0000,3.500000,3.500000,4.000000,0.000000,0.000000,96.500000,96.500000,96.000000,100.000000,100.000000,5.0,725.6315,699.4032,5871.0185,5897.2468,PENDING_AG03,FALSE,NOT_FOR_ENFORCEMENT,6365.7673,76059.3700,6596.6500,6365.7673,230.8828,0.07899990,0.07623491,230.8828,6365.7673,0.07623491,230.8828,230.8828,263.8660,0.0000,0.0000,6365.7673,0.07623491,725.6315,699.4032,5871.0185,5897.2468,0.07030991,0.07062402,0.00276500,52.4181,136.5997,11.4327,299.8477,39.5009,3795.5455,26.2273,60.1981,50.4776,10.0,20.0,60.0,130.0,208.4998,410.0,20.0,-10.0,10.424988,20.5,2.620904,29,101,23,8,0.22925199,0.07899990,0.13750718,0E-8,0.000000,0.943906,0.000000,-0.07590974,2026-04-10,2026-08-04,22,167,151,117,0.188034,1.192570,1.148423,0.764173,,,,,,,,GLOBAL_BASELINE_NO_ENTITY_RANKING,,,NOT_APPLICABLE_GLOBAL_BASELINE,HF9g-P5,,,,X 全窗基线 · 不参与实体赏罚,14190548,1420,A168_HF9F_20260827_0900,2026-08-27 09:00:00
2026-07-25,133237696,772,0,940.0000000000,-440.0000000000,-440.0000000000,0.5000000,6,2,0.41119689166666667,0.197889300000,0.25523087346570705,1.0723900948768452,0.25523087346570705,0.21330759166666667,ELIGIBLE,R03b_20260811_FULL_v1,L1_ELIGIBILITY,v2026-08-11,2026-03-21..2026-08-06,baccarat_bet02_101_all_pairs_incl_sentinel,round_win = game_pnl > 0 (decisive only),COMPATIBILITY_ONLY_NOT_PRODUCTION,83502.0000,78818.0000,6596.6500,1593,577,-0.07899990,-0.13750718,-0.06159745,-0.07899990,-6596.6500,83502.0000,OK,0.0000,230.8828,3.5000,96.5000,AG03-UNRESOLVED,ALL5_LEVELS_bet23_to_bet27,230.8828,230.8828,263.8660,0.0000,0.0000,3.500000,3.500000,4.000000,0.000000,0.000000,96.500000,96.500000,96.000000,100.000000,100.000000,5.0,725.6315,699.4032,5871.0185,5897.2468,PENDING_AG03,FALSE,NOT_FOR_ENFORCEMENT,6365.7673,76059.3700,6596.6500,6365.7673,230.8828,0.07899990,0.07623491,230.8828,6365.7673,0.07623491,230.8828,230.8828,263.8660,0.0000,0.0000,6365.7673,0.07623491,725.6315,699.4032,5871.0185,5897.2468,0.07030991,0.07062402,0.00276500,52.4181,136.5997,11.4327,299.8477,39.5009,3795.5455,26.2273,60.1981,50.4776,10.0,20.0,60.0,130.0,208.4998,410.0,20.0,-10.0,10.424988,20.5,2.620904,29,101,23,8,0.22925199,0.07899990,0.13750718,0E-8,0.000000,0.943906,0.000000,-0.07590974,2026-04-10,2026-08-04,22,167,151,117,0.188034,1.192570,1.148423,0.764173,,,,,,,,GLOBAL_BASELINE_NO_ENTITY_RANKING,,,NOT_APPLICABLE_GLOBAL_BASELINE,HF9g-P5,,,,X 全窗基线 · 不参与实体赏罚,14190549,1420,A168_HF9F_20260827_0900,2026-08-27 09:00:00
2026-07-25,133237696,987,0,80.0000000000,-80.0000000000,-80.0000000000,0E-7,1,1,0.49324550000000000,0.493245500000,-0.9865810262130424,-0.9865810262130424,-0.9865810262130424,0E-17,ELIGIBLE,R03b_20260811_FULL_v1,L1_ELIGIBILITY,v2026-08-11,2026-03-21..2026-08-06,baccarat_bet02_101_all_pairs_incl_sentinel,round_win = game_pnl > 0 (decisive only),COMPATIBILITY_ONLY_NOT_PRODUCTION,83502.0000,78818.0000,6596.6500,1593,577,-0.07899990,-0.13750718,-0.06159745,-0.07899990,-6596.6500,83502.0000,OK,0.0000,230.8828,3.5000,96.5000,AG03-UNRESOLVED,ALL5_LEVELS_bet23_to_bet27,230.8828,230.8828,263.8660,0.0000,0.0000,3.500000,3.500000,4.000000,0.000000,0.000000,96.500000,96.500000,96.000000,100.000000,100.000000,5.0,725.6315,699.4032,5871.0185,5897.2468,PENDING_AG03,FALSE,NOT_FOR_ENFORCEMENT,6365.7673,76059.3700,6596.6500,6365.7673,230.8828,0.07899990,0.07623491,230.8828,6365.7673,0.07623491,230.8828,230.8828,263.8660,0.0000,0.0000,6365.7673,0.07623491,725.6315,699.4032,5871.0185,5897.2468,0.07030991,0.07062402,0.00276500,52.4181,136.5997,11.4327,299.8477,39.5009,3795.5455,26.2273,60.1981,50.4776,10.0,20.0,60.0,130.0,208.4998,410.0,20.0,-10.0,10.424988,20.5,2.620904,29,101,23,8,0.22925199,0.07899990,0.13750718,0E-8,0.000000,0.943906,0.000000,-0.07590974,2026-04-10,2026-08-04,22,167,151,117,0.188034,1.192570,1.148423,0.764173,,,,,,,,GLOBAL_BASELINE_NO_ENTITY_RANKING,,,NOT_APPLICABLE_GLOBAL_BASELINE,HF9g-P5,,,,X 全窗基线 · 不参与实体赏罚,14190550,1420,A168_HF9F_20260827_0900,2026-08-27 09:00:00
2026-07-26,133237696,1400,0,376.0000000000,-376.0000000000,-376.0000000000,0E-7,1,1,0.50665070000000000,0.506650700000,-1.013391052207602,-1.013391052207602,-1.013391052207602,0E-17,ELIGIBLE,R03b_20260811_FULL_v1,L1_ELIGIBILITY,v2026-08-11,2026-03-21..2026-08-06,baccarat_bet02_101_all_pairs_incl_sentinel,round_win = game_pnl > 0 (decisive only),COMPATIBILITY_ONLY_NOT_PRODUCTION,83502.0000,78818.0000,6596.6500,1593,577,-0.07899990,-0.13750718,-0.06159745,-0.07899990,-6596.6500,83502.0000,OK,0.0000,230.8828,3.5000,96.5000,AG03-UNRESOLVED,ALL5_LEVELS_bet23_to_bet27,230.8828,230.8828,263.8660,0.0000,0.0000,3.500000,3.500000,4.000000,0.000000,0.000000,96.500000,96.500000,96.000000,100.000000,100.000000,5.0,725.6315,699.4032,5871.0185,5897.2468,PENDING_AG03,FALSE,NOT_FOR_ENFORCEMENT,6365.7673,76059.3700,6596.6500,6365.7673,230.8828,0.07899990,0.07623491,230.8828,6365.7673,0.07623491,230.8828,230.8828,263.8660,0.0000,0.0000,6365.7673,0.07623491,725.6315,699.4032,5871.0185,5897.2468,0.07030991,0.07062402,0.00276500,52.4181,136.5997,11.4327,299.8477,39.5009,3795.5455,26.2273,60.1981,50.4776,10.0,20.0,60.0,130.0,208.4998,410.0,20.0,-10.0,10.424988,20.5,2.620904,29,101,23,8,0.22925199,0.07899990,0.13750718,0E-8,0.000000,0.943906,0.000000,-0.07590974,2026-04-10,2026-08-04,22,167,151,117,0.188034,1.192570,1.148423,0.764173,,,,,,,,GLOBAL_BASELINE_NO_ENTITY_RANKING,,,NOT_APPLICABLE_GLOBAL_BASELINE,HF9g-P5,,,,X 全窗基线 · 不参与实体赏罚,14190551,1420,A168_HF9F_20260827_0900,2026-08-27 09:00:00
2026-07-26,133237696,2201,0,1690.0000000000,-580.0000000000,-580.0000000000,0.6666667,10,3,0.41542105913725490,0.186979075000,0.8830662115225776,2.130942576330855,0.8830662115225776,0.22844198413725490,ELIGIBLE,R03b_20260811_FULL_v1,L1_ELIGIBILITY,v2026-08-11,2026-03-21..2026-08-06,baccarat_bet02_101_all_pairs_incl_sentinel,round_win = game_pnl > 0 (decisive only),COMPATIBILITY_ONLY_NOT_PRODUCTION,83502.0000,78818.0000,6596.6500,1593,577,-0.07899990,-0.13750718,-0.06159745,-0.07899990,-6596.6500,83502.0000,OK,0.0000,230.8828,3.5000,96.5000,AG03-UNRESOLVED,ALL5_LEVELS_bet23_to_bet27,230.8828,230.8828,263.8660,0.0000,0.0000,3.500000,3.500000,4.000000,0.000000,0.000000,96.500000,96.500000,96.000000,100.000000,100.000000,5.0,725.6315,699.4032,5871.0185,5897.2468,PENDING_AG03,FALSE,NOT_FOR_ENFORCEMENT,6365.7673,76059.3700,6596.6500,6365.7673,230.8828,0.07899990,0.07623491,230.8828,6365.7673,0.07623491,230.8828,230.8828,263.8660,0.0000,0.0000,6365.7673,0.07623491,725.6315,699.4032,5871.0185,5897.2468,0.07030991,0.07062402,0.00276500,52.4181,136.5997,11.4327,299.8477,39.5009,3795.5455,26.2273,60.1981,50.4776,10.0,20.0,60.0,130.0,208.4998,410.0,20.0,-10.0,10.424988,20.5,2.620904,29,101,23,8,0.22925199,0.07899990,0.13750718,0E-8,0.000000,0.943906,0.000000,-0.07590974,2026-04-10,2026-08-04,22,167,151,117,0.188034,1.192570,1.148423,0.764173,,,,,,,,GLOBAL_BASELINE_NO_ENTITY_RANKING,,,NOT_APPLICABLE_GLOBAL_BASELINE,HF9g-P5,,,,X 全窗基线 · 不参与实体赏罚,14190552,1420,A168_HF9F_20260827_0900,2026-08-27 09:00:00
2026-07-26,133237696,772,0,376.0000000000,0E-10,0E-10,,1,1,0.49324550000000000,0.493245500000,,,,0E-17,NO_DECISIVE_ROUND,R03b_20260811_FULL_v1,L1_ELIGIBILITY,v2026-08-11,2026-03-21..2026-08-06,baccarat_bet02_101_all_pairs_incl_sentinel,round_win = game_pnl > 0 (decisive only),COMPATIBILITY_ONLY_NOT_PRODUCTION,83502.0000,78818.0000,6596.6500,1593,577,-0.07899990,-0.13750718,-0.06159745,-0.07899990,-6596.6500,83502.0000,OK,0.0000,230.8828,3.5000,96.5000,AG03-UNRESOLVED,ALL5_LEVELS_bet23_to_bet27,230.8828,230.8828,263.8660,0.0000,0.0000,3.500000,3.500000,4.000000,0.000000,0.000000,96.500000,96.500000,96.000000,100.000000,100.000000,5.0,725.6315,699.4032,5871.0185,5897.2468,PENDING_AG03,FALSE,NOT_FOR_ENFORCEMENT,6365.7673,76059.3700,6596.6500,6365.7673,230.8828,0.07899990,0.07623491,230.8828,6365.7673,0.07623491,230.8828,230.8828,263.8660,0.0000,0.0000,6365.7673,0.07623491,725.6315,699.4032,5871.0185,5897.2468,0.07030991,0.07062402,0.00276500,52.4181,136.5997,11.4327,299.8477,39.5009,3795.5455,26.2273,60.1981,50.4776,10.0,20.0,60.0,130.0,208.4998,410.0,20.0,-10.0,10.424988,20.5,2.620904,29,101,23,8,0.22925199,0.07899990,0.13750718,0E-8,0.000000,0.943906,0.000000,-0.07590974,2026-04-10,2026-08-04,22,167,151,117,0.188034,1.192570,1.148423,0.764173,,,,,,,,GLOBAL_BASELINE_NO_ENTITY_RANKING,,,NOT_APPLICABLE_GLOBAL_BASELINE,HF9g-P5,,,,X 全窗基线 · 不参与实体赏罚,14190553,1420,A168_HF9F_20260827_0900,2026-08-27 09:00:00
2026-07-27,133237696,-1,1,150.0000000000,-72.0000000000,-72.0000000000,0.3333333,7,3,0.38269915333333333,0.252700466667,-0.17591780425652648,0.3213825926868887,-0.17591780425652648,0.12999868666633333,SENTINEL_DEALER,R03b_20260811_FULL_v1,L1_ELIGIBILITY,v2026-08-11,2026-03-21..2026-08-06,baccarat_bet02_101_all_pairs_incl_sentinel,round_win = game_pnl > 0 (decisive only),COMPATIBILITY_ONLY_NOT_PRODUCTION,83502.0000,78818.0000,6596.6500,1593,577,-0.07899990,-0.13750718,-0.06159745,-0.07899990,-6596.6500,83502.0000,OK,0.0000,230.8828,3.5000,96.5000,AG03-UNRESOLVED,ALL5_LEVELS_bet23_to_bet27,230.8828,230.8828,263.8660,0.0000,0.0000,3.500000,3.500000,4.000000,0.000000,0.000000,96.500000,96.500000,96.000000,100.000000,100.000000,5.0,725.6315,699.4032,5871.0185,5897.2468,PENDING_AG03,FALSE,NOT_FOR_ENFORCEMENT,6365.7673,76059.3700,6596.6500,6365.7673,230.8828,0.07899990,0.07623491,230.8828,6365.7673,0.07623491,230.8828,230.8828,263.8660,0.0000,0.0000,6365.7673,0.07623491,725.6315,699.4032,5871.0185,5897.2468,0.07030991,0.07062402,0.00276500,52.4181,136.5997,11.4327,299.8477,39.5009,3795.5455,26.2273,60.1981,50.4776,10.0,20.0,60.0,130.0,208.4998,410.0,20.0,-10.0,10.424988,20.5,2.620904,29,101,23,8,0.22925199,0.07899990,0.13750718,0E-8,0.000000,0.943906,0.000000,-0.07590974,2026-04-10,2026-08-04,22,167,151,117,0.188034,1.192570,1.148423,0.764173,,,,,,,,GLOBAL_BASELINE_NO_ENTITY_RANKING,,,NOT_APPLICABLE_GLOBAL_BASELINE,HF9g-P5,,,,X 全窗基线 · 不参与实体赏罚,14190554,1420,A168_HF9F_20260827_0900,2026-08-27 09:00:00
2026-07-27,133237696,1330,0,138.0000000000,-138.0000000000,-138.0000000000,0E-7,1,1,0.49324550000000000,0.493245500000,-0.9865810262130424,-0.9865810262130424,-0.9865810262130424,0E-17,ELIGIBLE,R03b_20260811_FULL_v1,L1_ELIGIBILITY,v2026-08-11,2026-03-21..2026-08-06,baccarat_bet02_101_all_pairs_incl_sentinel,round_win = game_pnl > 0 (decisive only),COMPATIBILITY_ONLY_NOT_PRODUCTION,83502.0000,78818.0000,6596.6500,1593,577,-0.07899990,-0.13750718,-0.06159745,-0.07899990,-6596.6500,83502.0000,OK,0.0000,230.8828,3.5000,96.5000,AG03-UNRESOLVED,ALL5_LEVELS_bet23_to_bet27,230.8828,230.8828,263.8660,0.0000,0.0000,3.500000,3.500000,4.000000,0.000000,0.000000,96.500000,96.500000,96.000000,100.000000,100.000000,5.0,725.6315,699.4032,5871.0185,5897.2468,PENDING_AG03,FALSE,NOT_FOR_ENFORCEMENT,6365.7673,76059.3700,6596.6500,6365.7673,230.8828,0.07899990,0.07623491,230.8828,6365.7673,0.07623491,230.8828,230.8828,263.8660,0.0000,0.0000,6365.7673,0.07623491,725.6315,699.4032,5871.0185,5897.2468,0.07030991,0.07062402,0.00276500,52.4181,136.5997,11.4327,299.8477,39.5009,3795.5455,26.2273,60.1981,50.4776,10.0,20.0,60.0,130.0,208.4998,410.0,20.0,-10.0,10.424988,20.5,2.620904,29,101,23,8,0.22925199,0.07899990,0.13750718,0E-8,0.000000,0.943906,0.000000,-0.07590974,2026-04-10,2026-08-04,22,167,151,117,0.188034,1.192570,1.148423,0.764173,,,,,,,,GLOBAL_BASELINE_NO_ENTITY_RANKING,,,NOT_APPLICABLE_GLOBAL_BASELINE,HF9g-P5,,,,X 全窗基线 · 不参与实体赏罚,14190555,1420,A168_HF9F_20260827_0900,2026-08-27 09:00:00
2026-07-27,133237696,1646,0,80.0000000000,-21.5000000000,-21.5000000000,0.5000000,4,2,0.39337837500000000,0.280106050000,0.3086711997975373,0.6925207201862208,0.3086711997975373,0.11327232500000000,ELIGIBLE,R03b_20260811_FULL_v1,L1_ELIGIBILITY,v2026-08-11,2026-03-21..2026-08-06,baccarat_bet02_101_all_pairs_incl_sentinel,round_win = game_pnl > 0 (decisive only),COMPATIBILITY_ONLY_NOT_PRODUCTION,83502.0000,78818.0000,6596.6500,1593,577,-0.07899990,-0.13750718,-0.06159745,-0.07899990,-6596.6500,83502.0000,OK,0.0000,230.8828,3.5000,96.5000,AG03-UNRESOLVED,ALL5_LEVELS_bet23_to_bet27,230.8828,230.8828,263.8660,0.0000,0.0000,3.500000,3.500000,4.000000,0.000000,0.000000,96.500000,96.500000,96.000000,100.000000,100.000000,5.0,725.6315,699.4032,5871.0185,5897.2468,PENDING_AG03,FALSE,NOT_FOR_ENFORCEMENT,6365.7673,76059.3700,6596.6500,6365.7673,230.8828,0.07899990,0.07623491,230.8828,6365.7673,0.07623491,230.8828,230.8828,263.8660,0.0000,0.0000,6365.7673,0.07623491,725.6315,699.4032,5871.0185,5897.2468,0.07030991,0.07062402,0.00276500,52.4181,136.5997,11.4327,299.8477,39.5009,3795.5455,26.2273,60.1981,50.4776,10.0,20.0,60.0,130.0,208.4998,410.0,20.0,-10.0,10.424988,20.5,2.620904,29,101,23,8,0.22925199,0.07899990,0.13750718,0E-8,0.000000,0.943906,0.000000,-0.07590974,2026-04-10,2026-08-04,22,167,151,117,0.188034,1.192570,1.148423,0.764173,,,,,,,,GLOBAL_BASELINE_NO_ENTITY_RANKING,,,NOT_APPLICABLE_GLOBAL_BASELINE,HF9g-P5,,,,X 全窗基线 · 不参与实体赏罚,14190556,1420,A168_HF9F_20260827_0900,2026-08-27 09:00:00
2026-07-27,133237696,2088,0,405.0000000000,-97.8000000000,-97.8000000000,0.3750000,15,8,0.40540384062500000,0.353488568750,-0.17515335546033173,0.12727365296424967,-0.17515335546033173,0.05191527187500000,ELIGIBLE,R03b_20260811_FULL_v1,L1_ELIGIBILITY,v2026-08-11,2026-03-21..2026-08-06,baccarat_bet02_101_all_pairs_incl_sentinel,round_win = game_pnl > 0 (decisive only),COMPATIBILITY_ONLY_NOT_PRODUCTION,83502.0000,78818.0000,6596.6500,1593,577,-0.07899990,-0.13750718,-0.06159745,-0.07899990,-6596.6500,83502.0000,OK,0.0000,230.8828,3.5000,96.5000,AG03-UNRESOLVED,ALL5_LEVELS_bet23_to_bet27,230.8828,230.8828,263.8660,0.0000,0.0000,3.500000,3.500000,4.000000,0.000000,0.000000,96.500000,96.500000,96.000000,100.000000,100.000000,5.0,725.6315,699.4032,5871.0185,5897.2468,PENDING_AG03,FALSE,NOT_FOR_ENFORCEMENT,6365.7673,76059.3700,6596.6500,6365.7673,230.8828,0.07899990,0.07623491,230.8828,6365.7673,0.07623491,230.8828,230.8828,263.8660,0.0000,0.0000,6365.7673,0.07623491,725.6315,699.4032,5871.0185,5897.2468,0.07030991,0.07062402,0.00276500,52.4181,136.5997,11.4327,299.8477,39.5009,3795.5455,26.2273,60.1981,50.4776,10.0,20.0,60.0,130.0,208.4998,410.0,20.0,-10.0,10.424988,20.5,2.620904,29,101,23,8,0.22925199,0.07899990,0.13750718,0E-8,0.000000,0.943906,0.000000,-0.07590974,2026-04-10,2026-08-04,22,167,151,117,0.188034,1.192570,1.148423,0.764173,,,,,,,,GLOBAL_BASELINE_NO_ENTITY_RANKING,,,NOT_APPLICABLE_GLOBAL_BASELINE,HF9g-P5,,,,X 全窗基线 · 不参与实体赏罚,14190557,1420,A168_HF9F_20260827_0900,2026-08-27 09:00:00
2026-07-27,133237696,2130,0,580.0000000000,286.5000000000,286.5000000000,0.7272727,23,12,0.42748059859126984,0.312710623611,2.0098482116648695,2.9658201311573316,2.0098482116648695,0.11476997498026984,ELIGIBLE,R03b_20260811_FULL_v1,L1_ELIGIBILITY,v2026-08-11,2026-03-21..2026-08-06,baccarat_bet02_101_all_pairs_incl_sentinel,round_win = game_pnl > 0 (decisive only),COMPATIBILITY_ONLY_NOT_PRODUCTION,83502.0000,78818.0000,6596.6500,1593,577,-0.07899990,-0.13750718,-0.06159745,-0.07899990,-6596.6500,83502.0000,OK,0.0000,230.8828,3.5000,96.5000,AG03-UNRESOLVED,ALL5_LEVELS_bet23_to_bet27,230.8828,230.8828,263.8660,0.0000,0.0000,3.500000,3.500000,4.000000,0.000000,0.000000,96.500000,96.500000,96.000000,100.000000,100.000000,5.0,725.6315,699.4032,5871.0185,5897.2468,PENDING_AG03,FALSE,NOT_FOR_ENFORCEMENT,6365.7673,76059.3700,6596.6500,6365.7673,230.8828,0.07899990,0.07623491,230.8828,6365.7673,0.07623491,230.8828,230.8828,263.8660,0.0000,0.0000,6365.7673,0.07623491,725.6315,699.4032,5871.0185,5897.2468,0.07030991,0.07062402,0.00276500,52.4181,136.5997,11.4327,299.8477,39.5009,3795.5455,26.2273,60.1981,50.4776,10.0,20.0,60.0,130.0,208.4998,410.0,20.0,-10.0,10.424988,20.5,2.620904,29,101,23,8,0.22925199,0.07899990,0.13750718,0E-8,0.000000,0.943906,0.000000,-0.07590974,2026-04-10,2026-08-04,22,167,151,117,0.188034,1.192570,1.148423,0.764173,,,,,,,,GLOBAL_BASELINE_NO_ENTITY_RANKING,,,NOT_APPLICABLE_GLOBAL_BASELINE,HF9g-P5,,,,X 全窗基线 · 不参与实体赏罚,14190558,1420,A168_HF9F_20260827_0900,2026-08-27 09:00:00
2026-07-27,133237696,2153,0,30.0000000000,-30.0000000000,-30.0000000000,0E-7,1,1,0.50665070000000000,0.506650700000,-1.013391052207602,-1.013391052207602,-1.013391052207602,0E-17,ELIGIBLE,R03b_20260811_FULL_v1,L1_ELIGIBILITY,v2026-08-11,2026-03-21..2026-08-06,baccarat_bet02_101_all_pairs_incl_sentinel,round_win = game_pnl > 0 (decisive only),COMPATIBILITY_ONLY_NOT_PRODUCTION,83502.0000,78818.0000,6596.6500,1593,577,-0.07899990,-0.13750718,-0.06159745,-0.07899990,-6596.6500,83502.0000,OK,0.0000,230.8828,3.5000,96.5000,AG03-UNRESOLVED,ALL5_LEVELS_bet23_to_bet27,230.8828,230.8828,263.8660,0.0000,0.0000,3.500000,3.500000,4.000000,0.000000,0.000000,96.500000,96.500000,96.000000,100.000000,100.000000,5.0,725.6315,699.4032,5871.0185,5897.2468,PENDING_AG03,FALSE,NOT_FOR_ENFORCEMENT,6365.7673,76059.3700,6596.6500,6365.7673,230.8828,0.07899990,0.07623491,230.8828,6365.7673,0.07623491,230.8828,230.8828,263.8660,0.0000,0.0000,6365.7673,0.07623491,725.6315,699.4032,5871.0185,5897.2468,0.07030991,0.07062402,0.00276500,52.4181,136.5997,11.4327,299.8477,39.5009,3795.5455,26.2273,60.1981,50.4776,10.0,20.0,60.0,130.0,208.4998,410.0,20.0,-10.0,10.424988,20.5,2.620904,29,101,23,8,0.22925199,0.07899990,0.13750718,0E-8,0.000000,0.943906,0.000000,-0.07590974,2026-04-10,2026-08-04,22,167,151,117,0.188034,1.192570,1.148423,0.764173,,,,,,,,GLOBAL_BASELINE_NO_ENTITY_RANKING,,,NOT_APPLICABLE_GLOBAL_BASELINE,HF9g-P5,,,,X 全窗基线 · 不参与实体赏罚,14190559,1420,A168_HF9F_20260827_0900,2026-08-27 09:00:00
2026-07-27,133237696,2241,0,30.0000000000,-30.0000000000,-30.0000000000,0E-7,1,1,0.49324550000000000,0.493245500000,-0.9865810262130424,-0.9865810262130424,-0.9865810262130424,0E-17,ELIGIBLE,R03b_20260811_FULL_v1,L1_ELIGIBILITY,v2026-08-11,2026-03-21..2026-08-06,baccarat_bet02_101_all_pairs_incl_sentinel,round_win = game_pnl > 0 (decisive only),COMPATIBILITY_ONLY_NOT_PRODUCTION,83502.0000,78818.0000,6596.6500,1593,577,-0.07899990,-0.13750718,-0.06159745,-0.07899990,-6596.6500,83502.0000,OK,0.0000,230.8828,3.5000,96.5000,AG03-UNRESOLVED,ALL5_LEVELS_bet23_to_bet27,230.8828,230.8828,263.8660,0.0000,0.0000,3.500000,3.500000,4.000000,0.000000,0.000000,96.500000,96.500000,96.000000,100.000000,100.000000,5.0,725.6315,699.4032,5871.0185,5897.2468,PENDING_AG03,FALSE,NOT_FOR_ENFORCEMENT,6365.7673,76059.3700,6596.6500,6365.7673,230.8828,0.07899990,0.07623491,230.8828,6365.7673,0.07623491,230.8828,230.8828,263.8660,0.0000,0.0000,6365.7673,0.07623491,725.6315,699.4032,5871.0185,5897.2468,0.07030991,0.07062402,0.00276500,52.4181,136.5997,11.4327,299.8477,39.5009,3795.5455,26.2273,60.1981,50.4776,10.0,20.0,60.0,130.0,208.4998,410.0,20.0,-10.0,10.424988,20.5,2.620904,29,101,23,8,0.22925199,0.07899990,0.13750718,0E-8,0.000000,0.943906,0.000000,-0.07590974,2026-04-10,2026-08-04,22,167,151,117,0.188034,1.192570,1.148423,0.764173,,,,,,,,GLOBAL_BASELINE_NO_ENTITY_RANKING,,,NOT_APPLICABLE_GLOBAL_BASELINE,HF9g-P5,,,,X 全窗基线 · 不参与实体赏罚,14190560,1420,A168_HF9F_20260827_0900,2026-08-27 09:00:00
2026-07-27,133237696,2271,0,50.0000000000,-50.0000000000,-50.0000000000,0E-7,1,1,0.49324550000000000,0.493245500000,-0.9865810262130424,-0.9865810262130424,-0.9865810262130424,0E-17,ELIGIBLE,R03b_20260811_FULL_v1,L1_ELIGIBILITY,v2026-08-11,2026-03-21..2026-08-06,baccarat_bet02_101_all_pairs_incl_sentinel,round_win = game_pnl > 0 (decisive only),COMPATIBILITY_ONLY_NOT_PRODUCTION,83502.0000,78818.0000,6596.6500,1593,577,-0.07899990,-0.13750718,-0.06159745,-0.07899990,-6596.6500,83502.0000,OK,0.0000,230.8828,3.5000,96.5000,AG03-UNRESOLVED,ALL5_LEVELS_bet23_to_bet27,230.8828,230.8828,263.8660,0.0000,0.0000,3.500000,3.500000,4.000000,0.000000,0.000000,96.500000,96.500000,96.000000,100.000000,100.000000,5.0,725.6315,699.4032,5871.0185,5897.2468,PENDING_AG03,FALSE,NOT_FOR_ENFORCEMENT,6365.7673,76059.3700,6596.6500,6365.7673,230.8828,0.07899990,0.07623491,230.8828,6365.7673,0.07623491,230.8828,230.8828,263.8660,0.0000,0.0000,6365.7673,0.07623491,725.6315,699.4032,5871.0185,5897.2468,0.07030991,0.07062402,0.00276500,52.4181,136.5997,11.4327,299.8477,39.5009,3795.5455,26.2273,60.1981,50.4776,10.0,20.0,60.0,130.0,208.4998,410.0,20.0,-10.0,10.424988,20.5,2.620904,29,101,23,8,0.22925199,0.07899990,0.13750718,0E-8,0.000000,0.943906,0.000000,-0.07590974,2026-04-10,2026-08-04,22,167,151,117,0.188034,1.192570,1.148423,0.764173,,,,,,,,GLOBAL_BASELINE_NO_ENTITY_RANKING,,,NOT_APPLICABLE_GLOBAL_BASELINE,HF9g-P5,,,,X 全窗基线 · 不参与实体赏罚,14190561,1420,A168_HF9F_20260827_0900,2026-08-27 09:00:00
2026-07-27,133237696,529,0,50.0000000000,0E-10,0E-10,,1,1,0.49324550000000000,0.493245500000,,,,0E-17,NO_DECISIVE_ROUND,R03b_20260811_FULL_v1,L1_ELIGIBILITY,v2026-08-11,2026-03-21..2026-08-06,baccarat_bet02_101_all_pairs_incl_sentinel,round_win = game_pnl > 0 (decisive only),COMPATIBILITY_ONLY_NOT_PRODUCTION,83502.0000,78818.0000,6596.6500,1593,577,-0.07899990,-0.13750718,-0.06159745,-0.07899990,-6596.6500,83502.0000,OK,0.0000,230.8828,3.5000,96.5000,AG03-UNRESOLVED,ALL5_LEVELS_bet23_to_bet27,230.8828,230.8828,263.8660,0.0000,0.0000,3.500000,3.500000,4.000000,0.000000,0.000000,96.500000,96.500000,96.000000,100.000000,100.000000,5.0,725.6315,699.4032,5871.0185,5897.2468,PENDING_AG03,FALSE,NOT_FOR_ENFORCEMENT,6365.7673,76059.3700,6596.6500,6365.7673,230.8828,0.07899990,0.07623491,230.8828,6365.7673,0.07623491,230.8828,230.8828,263.8660,0.0000,0.0000,6365.7673,0.07623491,725.6315,699.4032,5871.0185,5897.2468,0.07030991,0.07062402,0.00276500,52.4181,136.5997,11.4327,299.8477,39.5009,3795.5455,26.2273,60.1981,50.4776,10.0,20.0,60.0,130.0,208.4998,410.0,20.0,-10.0,10.424988,20.5,2.620904,29,101,23,8,0.22925199,0.07899990,0.13750718,0E-8,0.000000,0.943906,0.000000,-0.07590974,2026-04-10,2026-08-04,22,167,151,117,0.188034,1.192570,1.148423,0.764173,,,,,,,,GLOBAL_BASELINE_NO_ENTITY_RANKING,,,NOT_APPLICABLE_GLOBAL_BASELINE,HF9g-P5,,,,X 全窗基线 · 不参与实体赏罚,14190562,1420,A168_HF9F_20260827_0900,2026-08-27 09:00:00
2026-07-27,133237696,595,0,70.0000000000,-30.0000000000,-30.0000000000,0.5000000,3,2,0.42463583333333334,0.390331000000,0.21562552701353205,0.31793277647471735,0.21562552701353205,0.03430483333333334,ELIGIBLE,R03b_20260811_FULL_v1,L1_ELIGIBILITY,v2026-08-11,2026-03-21..2026-08-06,baccarat_bet02_101_all_pairs_incl_sentinel,round_win = game_pnl > 0 (decisive only),COMPATIBILITY_ONLY_NOT_PRODUCTION,83502.0000,78818.0000,6596.6500,1593,577,-0.07899990,-0.13750718,-0.06159745,-0.07899990,-6596.6500,83502.0000,OK,0.0000,230.8828,3.5000,96.5000,AG03-UNRESOLVED,ALL5_LEVELS_bet23_to_bet27,230.8828,230.8828,263.8660,0.0000,0.0000,3.500000,3.500000,4.000000,0.000000,0.000000,96.500000,96.500000,96.000000,100.000000,100.000000,5.0,725.6315,699.4032,5871.0185,5897.2468,PENDING_AG03,FALSE,NOT_FOR_ENFORCEMENT,6365.7673,76059.3700,6596.6500,6365.7673,230.8828,0.07899990,0.07623491,230.8828,6365.7673,0.07623491,230.8828,230.8828,263.8660,0.0000,0.0000,6365.7673,0.07623491,725.6315,699.4032,5871.0185,5897.2468,0.07030991,0.07062402,0.00276500,52.4181,136.5997,11.4327,299.8477,39.5009,3795.5455,26.2273,60.1981,50.4776,10.0,20.0,60.0,130.0,208.4998,410.0,20.0,-10.0,10.424988,20.5,2.620904,29,101,23,8,0.22925199,0.07899990,0.13750718,0E-8,0.000000,0.943906,0.000000,-0.07590974,2026-04-10,2026-08-04,22,167,151,117,0.188034,1.192570,1.148423,0.764173,,,,,,,,GLOBAL_BASELINE_NO_ENTITY_RANKING,,,NOT_APPLICABLE_GLOBAL_BASELINE,HF9g-P5,,,,X 全窗基线 · 不参与实体赏罚,14190563,1420,A168_HF9F_20260827_0900,2026-08-27 09:00:00
2026-07-27,133237696,948,0,133.0000000000,93.0000000000,93.0000000000,1.0000000,4,2,0.44401946666666667,0.345567400000,1.5825002427712191,1.946171362505467,1.5825002427712191,0.09845206666666667,ELIGIBLE,R03b_20260811_FULL_v1,L1_ELIGIBILITY,v2026-08-11,2026-03-21..2026-08-06,baccarat_bet02_101_all_pairs_incl_sentinel,round_win = game_pnl > 0 (decisive only),COMPATIBILITY_ONLY_NOT_PRODUCTION,83502.0000,78818.0000,6596.6500,1593,577,-0.07899990,-0.13750718,-0.06159745,-0.07899990,-6596.6500,83502.0000,OK,0.0000,230.8828,3.5000,96.5000,AG03-UNRESOLVED,ALL5_LEVELS_bet23_to_bet27,230.8828,230.8828,263.8660,0.0000,0.0000,3.500000,3.500000,4.000000,0.000000,0.000000,96.500000,96.500000,96.000000,100.000000,100.000000,5.0,725.6315,699.4032,5871.0185,5897.2468,PENDING_AG03,FALSE,NOT_FOR_ENFORCEMENT,6365.7673,76059.3700,6596.6500,6365.7673,230.8828,0.07899990,0.07623491,230.8828,6365.7673,0.07623491,230.8828,230.8828,263.8660,0.0000,0.0000,6365.7673,0.07623491,725.6315,699.4032,5871.0185,5897.2468,0.07030991,0.07062402,0.00276500,52.4181,136.5997,11.4327,299.8477,39.5009,3795.5455,26.2273,60.1981,50.4776,10.0,20.0,60.0,130.0,208.4998,410.0,20.0,-10.0,10.424988,20.5,2.620904,29,101,23,8,0.22925199,0.07899990,0.13750718,0E-8,0.000000,0.943906,0.000000,-0.07590974,2026-04-10,2026-08-04,22,167,151,117,0.188034,1.192570,1.148423,0.764173,,,,,,,,GLOBAL_BASELINE_NO_ENTITY_RANKING,,,NOT_APPLICABLE_GLOBAL_BASELINE,HF9g-P5,,,,X 全窗基线 · 不参与实体赏罚,14190564,1420,A168_HF9F_20260827_0900,2026-08-27 09:00:00
2026-07-27,133237696,986,0,40.0000000000,-40.0000000000,-40.0000000000,0E-7,3,1,0.27172835000000000,0.197889300000,-0.6108305838545816,-0.4966998184331015,-0.6108305838545816,0.07383905000000000,ELIGIBLE,R03b_20260811_FULL_v1,L1_ELIGIBILITY,v2026-08-11,2026-03-21..2026-08-06,baccarat_bet02_101_all_pairs_incl_sentinel,round_win = game_pnl > 0 (decisive only),COMPATIBILITY_ONLY_NOT_PRODUCTION,83502.0000,78818.0000,6596.6500,1593,577,-0.07899990,-0.13750718,-0.06159745,-0.07899990,-6596.6500,83502.0000,OK,0.0000,230.8828,3.5000,96.5000,AG03-UNRESOLVED,ALL5_LEVELS_bet23_to_bet27,230.8828,230.8828,263.8660,0.0000,0.0000,3.500000,3.500000,4.000000,0.000000,0.000000,96.500000,96.500000,96.000000,100.000000,100.000000,5.0,725.6315,699.4032,5871.0185,5897.2468,PENDING_AG03,FALSE,NOT_FOR_ENFORCEMENT,6365.7673,76059.3700,6596.6500,6365.7673,230.8828,0.07899990,0.07623491,230.8828,6365.7673,0.07623491,230.8828,230.8828,263.8660,0.0000,0.0000,6365.7673,0.07623491,725.6315,699.4032,5871.0185,5897.2468,0.07030991,0.07062402,0.00276500,52.4181,136.5997,11.4327,299.8477,39.5009,3795.5455,26.2273,60.1981,50.4776,10.0,20.0,60.0,130.0,208.4998,410.0,20.0,-10.0,10.424988,20.5,2.620904,29,101,23,8,0.22925199,0.07899990,0.13750718,0E-8,0.000000,0.943906,0.000000,-0.07590974,2026-04-10,2026-08-04,22,167,151,117,0.188034,1.192570,1.148423,0.764173,,,,,,,,GLOBAL_BASELINE_NO_ENTITY_RANKING,,,NOT_APPLICABLE_GLOBAL_BASELINE,HF9g-P5,,,,X 全窗基线 · 不参与实体赏罚,14190565,1420,A168_HF9F_20260827_0900,2026-08-27 09:00:00
2026-08-04,133237696,-1,1,98.0000000000,218.0000000000,218.0000000000,1.0000000,3,1,0.40283033673469388,0.197889300000,1.2175527441553933,2.0132884347625057,1.2175527441553933,0.20494103673469388,SENTINEL_DEALER,R03b_20260811_FULL_v1,L1_ELIGIBILITY,v2026-08-11,2026-03-21..2026-08-06,baccarat_bet02_101_all_pairs_incl_sentinel,round_win = game_pnl > 0 (decisive only),COMPATIBILITY_ONLY_NOT_PRODUCTION,83502.0000,78818.0000,6596.6500,1593,577,-0.07899990,-0.13750718,-0.06159745,-0.07899990,-6596.6500,83502.0000,OK,0.0000,230.8828,3.5000,96.5000,AG03-UNRESOLVED,ALL5_LEVELS_bet23_to_bet27,230.8828,230.8828,263.8660,0.0000,0.0000,3.500000,3.500000,4.000000,0.000000,0.000000,96.500000,96.500000,96.000000,100.000000,100.000000,5.0,725.6315,699.4032,5871.0185,5897.2468,PENDING_AG03,FALSE,NOT_FOR_ENFORCEMENT,6365.7673,76059.3700,6596.6500,6365.7673,230.8828,0.07899990,0.07623491,230.8828,6365.7673,0.07623491,230.8828,230.8828,263.8660,0.0000,0.0000,6365.7673,0.07623491,725.6315,699.4032,5871.0185,5897.2468,0.07030991,0.07062402,0.00276500,52.4181,136.5997,11.4327,299.8477,39.5009,3795.5455,26.2273,60.1981,50.4776,10.0,20.0,60.0,130.0,208.4998,410.0,20.0,-10.0,10.424988,20.5,2.620904,29,101,23,8,0.22925199,0.07899990,0.13750718,0E-8,0.000000,0.943906,0.000000,-0.07590974,2026-04-10,2026-08-04,22,167,151,117,0.188034,1.192570,1.148423,0.764173,,,,,,,,GLOBAL_BASELINE_NO_ENTITY_RANKING,,,NOT_APPLICABLE_GLOBAL_BASELINE,HF9g-P5,,,,X 全窗基线 · 不参与实体赏罚,14190566,1420,A168_HF9F_20260827_0900,2026-08-27 09:00:00
2026-08-04,133237696,1384,0,30.0000000000,10.0000000000,10.0000000000,0.6666667,3,3,0.49324550000000000,0.493245500000,0.6008033672792107,0.6008033672792106,0.6008033672792107,0E-17,ELIGIBLE,R03b_20260811_FULL_v1,L1_ELIGIBILITY,v2026-08-11,2026-03-21..2026-08-06,baccarat_bet02_101_all_pairs_incl_sentinel,round_win = game_pnl > 0 (decisive only),COMPATIBILITY_ONLY_NOT_PRODUCTION,83502.0000,78818.0000,6596.6500,1593,577,-0.07899990,-0.13750718,-0.06159745,-0.07899990,-6596.6500,83502.0000,OK,0.0000,230.8828,3.5000,96.5000,AG03-UNRESOLVED,ALL5_LEVELS_bet23_to_bet27,230.8828,230.8828,263.8660,0.0000,0.0000,3.500000,3.500000,4.000000,0.000000,0.000000,96.500000,96.500000,96.000000,100.000000,100.000000,5.0,725.6315,699.4032,5871.0185,5897.2468,PENDING_AG03,FALSE,NOT_FOR_ENFORCEMENT,6365.7673,76059.3700,6596.6500,6365.7673,230.8828,0.07899990,0.07623491,230.8828,6365.7673,0.07623491,230.8828,230.8828,263.8660,0.0000,0.0000,6365.7673,0.07623491,725.6315,699.4032,5871.0185,5897.2468,0.07030991,0.07062402,0.00276500,52.4181,136.5997,11.4327,299.8477,39.5009,3795.5455,26.2273,60.1981,50.4776,10.0,20.0,60.0,130.0,208.4998,410.0,20.0,-10.0,10.424988,20.5,2.620904,29,101,23,8,0.22925199,0.07899990,0.13750718,0E-8,0.000000,0.943906,0.000000,-0.07590974,2026-04-10,2026-08-04,22,167,151,117,0.188034,1.192570,1.148423,0.764173,,,,,,,,GLOBAL_BASELINE_NO_ENTITY_RANKING,,,NOT_APPLICABLE_GLOBAL_BASELINE,HF9g-P5,,,,X 全窗基线 · 不参与实体赏罚,14190567,1420,A168_HF9F_20260827_0900,2026-08-27 09:00:00
2026-08-04,133237696,1402,0,428.0000000000,-156.0000000000,-156.0000000000,0.5000000,6,2,0.44099059700226245,0.197889300000,0.1680784357038035,1.0723900948768452,0.1680784357038035,0.24310129700226245,ELIGIBLE,R03b_20260811_FULL_v1,L1_ELIGIBILITY,v2026-08-11,2026-03-21..2026-08-06,baccarat_bet02_101_all_pairs_incl_sentinel,round_win = game_pnl > 0 (decisive only),COMPATIBILITY_ONLY_NOT_PRODUCTION,83502.0000,78818.0000,6596.6500,1593,577,-0.07899990,-0.13750718,-0.06159745,-0.07899990,-6596.6500,83502.0000,OK,0.0000,230.8828,3.5000,96.5000,AG03-UNRESOLVED,ALL5_LEVELS_bet23_to_bet27,230.8828,230.8828,263.8660,0.0000,0.0000,3.500000,3.500000,4.000000,0.000000,0.000000,96.500000,96.500000,96.000000,100.000000,100.000000,5.0,725.6315,699.4032,5871.0185,5897.2468,PENDING_AG03,FALSE,NOT_FOR_ENFORCEMENT,6365.7673,76059.3700,6596.6500,6365.7673,230.8828,0.07899990,0.07623491,230.8828,6365.7673,0.07623491,230.8828,230.8828,263.8660,0.0000,0.0000,6365.7673,0.07623491,725.6315,699.4032,5871.0185,5897.2468,0.07030991,0.07062402,0.00276500,52.4181,136.5997,11.4327,299.8477,39.5009,3795.5455,26.2273,60.1981,50.4776,10.0,20.0,60.0,130.0,208.4998,410.0,20.0,-10.0,10.424988,20.5,2.620904,29,101,23,8,0.22925199,0.07899990,0.13750718,0E-8,0.000000,0.943906,0.000000,-0.07590974,2026-04-10,2026-08-04,22,167,151,117,0.188034,1.192570,1.148423,0.764173,,,,,,,,GLOBAL_BASELINE_NO_ENTITY_RANKING,,,NOT_APPLICABLE_GLOBAL_BASELINE,HF9g-P5,,,,X 全窗基线 · 不参与实体赏罚,14190568,1420,A168_HF9F_20260827_0900,2026-08-27 09:00:00
2026-08-04,133237696,2196,0,180.0000000000,-160.0000000000,-160.0000000000,0.5000000,4,2,0.45507707058823530,0.345567400000,0.12757719474310086,0.4592563138774899,0.12757719474310086,0.10950967058823530,ELIGIBLE,R03b_20260811_FULL_v1,L1_ELIGIBILITY,v2026-08-11,2026-03-21..2026-08-06,baccarat_bet02_101_all_pairs_incl_sentinel,round_win = game_pnl > 0 (decisive only),COMPATIBILITY_ONLY_NOT_PRODUCTION,83502.0000,78818.0000,6596.6500,1593,577,-0.07899990,-0.13750718,-0.06159745,-0.07899990,-6596.6500,83502.0000,OK,0.0000,230.8828,3.5000,96.5000,AG03-UNRESOLVED,ALL5_LEVELS_bet23_to_bet27,230.8828,230.8828,263.8660,0.0000,0.0000,3.500000,3.500000,4.000000,0.000000,0.000000,96.500000,96.500000,96.000000,100.000000,100.000000,5.0,725.6315,699.4032,5871.0185,5897.2468,PENDING_AG03,FALSE,NOT_FOR_ENFORCEMENT,6365.7673,76059.3700,6596.6500,6365.7673,230.8828,0.07899990,0.07623491,230.8828,6365.7673,0.07623491,230.8828,230.8828,263.8660,0.0000,0.0000,6365.7673,0.07623491,725.6315,699.4032,5871.0185,5897.2468,0.07030991,0.07062402,0.00276500,52.4181,136.5997,11.4327,299.8477,39.5009,3795.5455,26.2273,60.1981,50.4776,10.0,20.0,60.0,130.0,208.4998,410.0,20.0,-10.0,10.424988,20.5,2.620904,29,101,23,8,0.22925199,0.07899990,0.13750718,0E-8,0.000000,0.943906,0.000000,-0.07590974,2026-04-10,2026-08-04,22,167,151,117,0.188034,1.192570,1.148423,0.764173,,,,,,,,GLOBAL_BASELINE_NO_ENTITY_RANKING,,,NOT_APPLICABLE_GLOBAL_BASELINE,HF9g-P5,,,,X 全窗基线 · 不参与实体赏罚,14190569,1420,A168_HF9F_20260827_0900,2026-08-27 09:00:00
2026-06-18,151727679,1307,0,100.0000000000,-100.0000000000,-100.0000000000,0E-7,1,1,0.50665070000000000,0.506650700000,-1.013391052207602,-1.013391052207602,-1.013391052207602,0E-17,ELIGIBLE,R03b_20260811_FULL_v1,L1_ELIGIBILITY,v2026-08-11,2026-03-21..2026-08-06,baccarat_bet02_101_all_pairs_incl_sentinel,round_win = game_pnl > 0 (decisive only),COMPATIBILITY_ONLY_NOT_PRODUCTION,16930.0000,15330.0000,6562.7500,47,47,-0.38764028,,-0.38764028,-0.38764028,-6562.7500,16930.0000,OK,0.0000,196.8825,3.0000,97.0000,AG03-UNRESOLVED,ALL5_LEVELS_bet23_to_bet27,196.8825,196.8825,196.8825,196.8825,196.8825,3.000000,3.000000,3.000000,3.000000,3.000000,97.000000,97.000000,97.000000,97.000000,97.000000,5.0,984.4125,927.0933,5578.3375,5635.6567,PENDING_AG03,FALSE,NOT_FOR_ENFORCEMENT,6365.8675,14870.1000,6562.7500,6365.8675,196.8825,0.38764028,0.37601108,196.8825,6365.8675,0.37601108,196.8825,196.8825,196.8825,196.8825,196.8825,6365.8675,0.37601108,984.4125,927.0933,5578.3375,5635.6567,0.32949424,0.3328799,0.01162921,360.2128,326.1702,139.6330,1093.7917,386.0441,2821.6667,7.8333,,360.2128,100.0,300.0,500.0,695.0,800.0,1980.0,270.0,-100.0,2.666667,6.6,1.200709,8,15,11,2,0E-8,0.38764028,,0E-8,0.000000,0.905493,0.000000,,2026-06-18,2026-07-06,6,17,16,19,0.315790,,,0.000000,,,,,,,,GLOBAL_BASELINE_NO_ENTITY_RANKING,,,NOT_APPLICABLE_GLOBAL_BASELINE,HF9g-P5,,,,X 全窗基线 · 不参与实体赏罚,14190570,1420,A168_HF9F_20260827_0900,2026-08-27 09:00:00
2026-06-18,151727679,1401,0,350.0000000000,350.0000000000,350.0000000000,1.0000000,1,1,0.49324550000000000,0.493245500000,1.01360149184955,1.01360149184955,1.01360149184955,0E-17,ELIGIBLE,R03b_20260811_FULL_v1,L1_ELIGIBILITY,v2026-08-11,2026-03-21..2026-08-06,baccarat_bet02_101_all_pairs_incl_sentinel,round_win = game_pnl > 0 (decisive only),COMPATIBILITY_ONLY_NOT_PRODUCTION,16930.0000,15330.0000,6562.7500,47,47,-0.38764028,,-0.38764028,-0.38764028,-6562.7500,16930.0000,OK,0.0000,196.8825,3.0000,97.0000,AG03-UNRESOLVED,ALL5_LEVELS_bet23_to_bet27,196.8825,196.8825,196.8825,196.8825,196.8825,3.000000,3.000000,3.000000,3.000000,3.000000,97.000000,97.000000,97.000000,97.000000,97.000000,5.0,984.4125,927.0933,5578.3375,5635.6567,PENDING_AG03,FALSE,NOT_FOR_ENFORCEMENT,6365.8675,14870.1000,6562.7500,6365.8675,196.8825,0.38764028,0.37601108,196.8825,6365.8675,0.37601108,196.8825,196.8825,196.8825,196.8825,196.8825,6365.8675,0.37601108,984.4125,927.0933,5578.3375,5635.6567,0.32949424,0.3328799,0.01162921,360.2128,326.1702,139.6330,1093.7917,386.0441,2821.6667,7.8333,,360.2128,100.0,300.0,500.0,695.0,800.0,1980.0,270.0,-100.0,2.666667,6.6,1.200709,8,15,11,2,0E-8,0.38764028,,0E-8,0.000000,0.905493,0.000000,,2026-06-18,2026-07-06,6,17,16,19,0.315790,,,0.000000,,,,,,,,GLOBAL_BASELINE_NO_ENTITY_RANKING,,,NOT_APPLICABLE_GLOBAL_BASELINE,HF9g-P5,,,,X 全窗基线 · 不参与实体赏罚,14190571,1420,A168_HF9F_20260827_0900,2026-08-27 09:00:00
2026-06-18,151727679,2127,0,300.0000000000,90.0000000000,90.0000000000,0.5000000,2,2,0.50665070000000000,0.506650700000,-0.018812684590367487,-0.018812684590367487,-0.018812684590367487,0E-17,ELIGIBLE,R03b_20260811_FULL_v1,L1_ELIGIBILITY,v2026-08-11,2026-03-21..2026-08-06,baccarat_bet02_101_all_pairs_incl_sentinel,round_win = game_pnl > 0 (decisive only),COMPATIBILITY_ONLY_NOT_PRODUCTION,16930.0000,15330.0000,6562.7500,47,47,-0.38764028,,-0.38764028,-0.38764028,-6562.7500,16930.0000,OK,0.0000,196.8825,3.0000,97.0000,AG03-UNRESOLVED,ALL5_LEVELS_bet23_to_bet27,196.8825,196.8825,196.8825,196.8825,196.8825,3.000000,3.000000,3.000000,3.000000,3.000000,97.000000,97.000000,97.000000,97.000000,97.000000,5.0,984.4125,927.0933,5578.3375,5635.6567,PENDING_AG03,FALSE,NOT_FOR_ENFORCEMENT,6365.8675,14870.1000,6562.7500,6365.8675,196.8825,0.38764028,0.37601108,196.8825,6365.8675,0.37601108,196.8825,196.8825,196.8825,196.8825,196.8825,6365.8675,0.37601108,984.4125,927.0933,5578.3375,5635.6567,0.32949424,0.3328799,0.01162921,360.2128,326.1702,139.6330,1093.7917,386.0441,2821.6667,7.8333,,360.2128,100.0,300.0,500.0,695.0,800.0,1980.0,270.0,-100.0,2.666667,6.6,1.200709,8,15,11,2,0E-8,0.38764028,,0E-8,0.000000,0.905493,0.000000,,2026-06-18,2026-07-06,6,17,16,19,0.315790,,,0.000000,,,,,,,,GLOBAL_BASELINE_NO_ENTITY_RANKING,,,NOT_APPLICABLE_GLOBAL_BASELINE,HF9g-P5,,,,X 全窗基线 · 不参与实体赏罚,14190572,1420,A168_HF9F_20260827_0900,2026-08-27 09:00:00
2026-06-18,151727679,752,0,900.0000000000,685.0000000000,685.0000000000,1.0000000,5,5,0.49860758000000000,0.498607580000,1.7368810269989754,1.7368810269989754,1.7368810269989754,0E-17,ELIGIBLE,R03b_20260811_FULL_v1,L1_ELIGIBILITY,v2026-08-11,2026-03-21..2026-08-06,baccarat_bet02_101_all_pairs_incl_sentinel,round_win = game_pnl > 0 (decisive only),COMPATIBILITY_ONLY_NOT_PRODUCTION,16930.0000,15330.0000,6562.7500,47,47,-0.38764028,,-0.38764028,-0.38764028,-6562.7500,16930.0000,OK,0.0000,196.8825,3.0000,97.0000,AG03-UNRESOLVED,ALL5_LEVELS_bet23_to_bet27,196.8825,196.8825,196.8825,196.8825,196.8825,3.000000,3.000000,3.000000,3.000000,3.000000,97.000000,97.000000,97.000000,97.000000,97.000000,5.0,984.4125,927.0933,5578.3375,5635.6567,PENDING_AG03,FALSE,NOT_FOR_ENFORCEMENT,6365.8675,14870.1000,6562.7500,6365.8675,196.8825,0.38764028,0.37601108,196.8825,6365.8675,0.37601108,196.8825,196.8825,196.8825,196.8825,196.8825,6365.8675,0.37601108,984.4125,927.0933,5578.3375,5635.6567,0.32949424,0.3328799,0.01162921,360.2128,326.1702,139.6330,1093.7917,386.0441,2821.6667,7.8333,,360.2128,100.0,300.0,500.0,695.0,800.0,1980.0,270.0,-100.0,2.666667,6.6,1.200709,8,15,11,2,0E-8,0.38764028,,0E-8,0.000000,0.905493,0.000000,,2026-06-18,2026-07-06,6,17,16,19,0.315790,,,0.000000,,,,,,,,GLOBAL_BASELINE_NO_ENTITY_RANKING,,,NOT_APPLICABLE_GLOBAL_BASELINE,HF9g-P5,,,,X 全窗基线 · 不参与实体赏罚,14190573,1420,A168_HF9F_20260827_0900,2026-08-27 09:00:00
2026-06-20,151727679,1331,0,850.0000000000,350.0000000000,350.0000000000,0.5000000,3,3,0.49324550000000000,0.493245500000,0.01910635448239258,0.01910635448239258,0.01910635448239258,0E-17,ELIGIBLE,R03b_20260811_FULL_v1,L1_ELIGIBILITY,v2026-08-11,2026-03-21..2026-08-06,baccarat_bet02_101_all_pairs_incl_sentinel,round_win = game_pnl > 0 (decisive only),COMPATIBILITY_ONLY_NOT_PRODUCTION,16930.0000,15330.0000,6562.7500,47,47,-0.38764028,,-0.38764028,-0.38764028,-6562.7500,16930.0000,OK,0.0000,196.8825,3.0000,97.0000,AG03-UNRESOLVED,ALL5_LEVELS_bet23_to_bet27,196.8825,196.8825,196.8825,196.8825,196.8825,3.000000,3.000000,3.000000,3.000000,3.000000,97.000000,97.000000,97.000000,97.000000,97.000000,5.0,984.4125,927.0933,5578.3375,5635.6567,PENDING_AG03,FALSE,NOT_FOR_ENFORCEMENT,6365.8675,14870.1000,6562.7500,6365.8675,196.8825,0.38764028,0.37601108,196.8825,6365.8675,0.37601108,196.8825,196.8825,196.8825,196.8825,196.8825,6365.8675,0.37601108,984.4125,927.0933,5578.3375,5635.6567,0.32949424,0.3328799,0.01162921,360.2128,326.1702,139.6330,1093.7917,386.0441,2821.6667,7.8333,,360.2128,100.0,300.0,500.0,695.0,800.0,1980.0,270.0,-100.0,2.666667,6.6,1.200709,8,15,11,2,0E-8,0.38764028,,0E-8,0.000000,0.905493,0.000000,,2026-06-18,2026-07-06,6,17,16,19,0.315790,,,0.000000,,,,,,,,GLOBAL_BASELINE_NO_ENTITY_RANKING,,,NOT_APPLICABLE_GLOBAL_BASELINE,HF9g-P5,,,,X 全窗基线 · 不参与实体赏罚,14190574,1420,A168_HF9F_20260827_0900,2026-08-27 09:00:00
2026-06-20,151727679,1402,0,200.0000000000,-200.0000000000,-200.0000000000,0E-7,2,2,0.49324550000000000,0.493245500000,-1.3952362676504506,-1.3952362676504506,-1.3952362676504506,0E-17,ELIGIBLE,R03b_20260811_FULL_v1,L1_ELIGIBILITY,v2026-08-11,2026-03-21..2026-08-06,baccarat_bet02_101_all_pairs_incl_sentinel,round_win = game_pnl > 0 (decisive only),COMPATIBILITY_ONLY_NOT_PRODUCTION,16930.0000,15330.0000,6562.7500,47,47,-0.38764028,,-0.38764028,-0.38764028,-6562.7500,16930.0000,OK,0.0000,196.8825,3.0000,97.0000,AG03-UNRESOLVED,ALL5_LEVELS_bet23_to_bet27,196.8825,196.8825,196.8825,196.8825,196.8825,3.000000,3.000000,3.000000,3.000000,3.000000,97.000000,97.000000,97.000000,97.000000,97.000000,5.0,984.4125,927.0933,5578.3375,5635.6567,PENDING_AG03,FALSE,NOT_FOR_ENFORCEMENT,6365.8675,14870.1000,6562.7500,6365.8675,196.8825,0.38764028,0.37601108,196.8825,6365.8675,0.37601108,196.8825,196.8825,196.8825,196.8825,196.8825,6365.8675,0.37601108,984.4125,927.0933,5578.3375,5635.6567,0.32949424,0.3328799,0.01162921,360.2128,326.1702,139.6330,1093.7917,386.0441,2821.6667,7.8333,,360.2128,100.0,300.0,500.0,695.0,800.0,1980.0,270.0,-100.0,2.666667,6.6,1.200709,8,15,11,2,0E-8,0.38764028,,0E-8,0.000000,0.905493,0.000000,,2026-06-18,2026-07-06,6,17,16,19,0.315790,,,0.000000,,,,,,,,GLOBAL_BASELINE_NO_ENTITY_RANKING,,,NOT_APPLICABLE_GLOBAL_BASELINE,HF9g-P5,,,,X 全窗基线 · 不参与实体赏罚,14190575,1420,A168_HF9F_20260827_0900,2026-08-27 09:00:00
2026-06-20,151727679,2169,0,100.0000000000,95.0000000000,95.0000000000,1.0000000,1,1,0.50665070000000000,0.506650700000,0.9867858985152569,0.9867858985152569,0.9867858985152569,0E-17,ELIGIBLE,R03b_20260811_FULL_v1,L1_ELIGIBILITY,v2026-08-11,2026-03-21..2026-08-06,baccarat_bet02_101_all_pairs_incl_sentinel,round_win = game_pnl > 0 (decisive only),COMPATIBILITY_ONLY_NOT_PRODUCTION,16930.0000,15330.0000,6562.7500,47,47,-0.38764028,,-0.38764028,-0.38764028,-6562.7500,16930.0000,OK,0.0000,196.8825,3.0000,97.0000,AG03-UNRESOLVED,ALL5_LEVELS_bet23_to_bet27,196.8825,196.8825,196.8825,196.8825,196.8825,3.000000,3.000000,3.000000,3.000000,3.000000,97.000000,97.000000,97.000000,97.000000,97.000000,5.0,984.4125,927.0933,5578.3375,5635.6567,PENDING_AG03,FALSE,NOT_FOR_ENFORCEMENT,6365.8675,14870.1000,6562.7500,6365.8675,196.8825,0.38764028,0.37601108,196.8825,6365.8675,0.37601108,196.8825,196.8825,196.8825,196.8825,196.8825,6365.8675,0.37601108,984.4125,927.0933,5578.3375,5635.6567,0.32949424,0.3328799,0.01162921,360.2128,326.1702,139.6330,1093.7917,386.0441,2821.6667,7.8333,,360.2128,100.0,300.0,500.0,695.0,800.0,1980.0,270.0,-100.0,2.666667,6.6,1.200709,8,15,11,2,0E-8,0.38764028,,0E-8,0.000000,0.905493,0.000000,,2026-06-18,2026-07-06,6,17,16,19,0.315790,,,0.000000,,,,,,,,GLOBAL_BASELINE_NO_ENTITY_RANKING,,,NOT_APPLICABLE_GLOBAL_BASELINE,HF9g-P5,,,,X 全窗基线 · 不参与实体赏罚,14190576,1420,A168_HF9F_20260827_0900,2026-08-27 09:00:00
2026-06-22,151727679,1374,0,900.0000000000,-700.0000000000,-700.0000000000,0.2500000,4,4,0.50329940000000000,0.503299400000,-1.013219660140378,-1.013219660140378,-1.013219660140378,0E-17,ELIGIBLE,R03b_20260811_FULL_v1,L1_ELIGIBILITY,v2026-08-11,2026-03-21..2026-08-06,baccarat_bet02_101_all_pairs_incl_sentinel,round_win = game_pnl > 0 (decisive only),COMPATIBILITY_ONLY_NOT_PRODUCTION,16930.0000,15330.0000,6562.7500,47,47,-0.38764028,,-0.38764028,-0.38764028,-6562.7500,16930.0000,OK,0.0000,196.8825,3.0000,97.0000,AG03-UNRESOLVED,ALL5_LEVELS_bet23_to_bet27,196.8825,196.8825,196.8825,196.8825,196.8825,3.000000,3.000000,3.000000,3.000000,3.000000,97.000000,97.000000,97.000000,97.000000,97.000000,5.0,984.4125,927.0933,5578.3375,5635.6567,PENDING_AG03,FALSE,NOT_FOR_ENFORCEMENT,6365.8675,14870.1000,6562.7500,6365.8675,196.8825,0.38764028,0.37601108,196.8825,6365.8675,0.37601108,196.8825,196.8825,196.8825,196.8825,196.8825,6365.8675,0.37601108,984.4125,927.0933,5578.3375,5635.6567,0.32949424,0.3328799,0.01162921,360.2128,326.1702,139.6330,1093.7917,386.0441,2821.6667,7.8333,,360.2128,100.0,300.0,500.0,695.0,800.0,1980.0,270.0,-100.0,2.666667,6.6,1.200709,8,15,11,2,0E-8,0.38764028,,0E-8,0.000000,0.905493,0.000000,,2026-06-18,2026-07-06,6,17,16,19,0.315790,,,0.000000,,,,,,,,GLOBAL_BASELINE_NO_ENTITY_RANKING,,,NOT_APPLICABLE_GLOBAL_BASELINE,HF9g-P5,,,,X 全窗基线 · 不参与实体赏罚,14190577,1420,A168_HF9F_20260827_0900,2026-08-27 09:00:00
2026-06-22,151727679,1402,0,4180.0000000000,-3000.0000000000,-3000.0000000000,0.2000000,6,6,0.49994810000000000,0.499948100000,-1.341408689870273,-1.341408689870273,-1.341408689870273,0E-17,ELIGIBLE,R03b_20260811_FULL_v1,L1_ELIGIBILITY,v2026-08-11,2026-03-21..2026-08-06,baccarat_bet02_101_all_pairs_incl_sentinel,round_win = game_pnl > 0 (decisive only),COMPATIBILITY_ONLY_NOT_PRODUCTION,16930.0000,15330.0000,6562.7500,47,47,-0.38764028,,-0.38764028,-0.38764028,-6562.7500,16930.0000,OK,0.0000,196.8825,3.0000,97.0000,AG03-UNRESOLVED,ALL5_LEVELS_bet23_to_bet27,196.8825,196.8825,196.8825,196.8825,196.8825,3.000000,3.000000,3.000000,3.000000,3.000000,97.000000,97.000000,97.000000,97.000000,97.000000,5.0,984.4125,927.0933,5578.3375,5635.6567,PENDING_AG03,FALSE,NOT_FOR_ENFORCEMENT,6365.8675,14870.1000,6562.7500,6365.8675,196.8825,0.38764028,0.37601108,196.8825,6365.8675,0.37601108,196.8825,196.8825,196.8825,196.8825,196.8825,6365.8675,0.37601108,984.4125,927.0933,5578.3375,5635.6567,0.32949424,0.3328799,0.01162921,360.2128,326.1702,139.6330,1093.7917,386.0441,2821.6667,7.8333,,360.2128,100.0,300.0,500.0,695.0,800.0,1980.0,270.0,-100.0,2.666667,6.6,1.200709,8,15,11,2,0E-8,0.38764028,,0E-8,0.000000,0.905493,0.000000,,2026-06-18,2026-07-06,6,17,16,19,0.315790,,,0.000000,,,,,,,,GLOBAL_BASELINE_NO_ENTITY_RANKING,,,NOT_APPLICABLE_GLOBAL_BASELINE,HF9g-P5,,,,X 全窗基线 · 不参与实体赏罚,14190578,1420,A168_HF9F_20260827_0900,2026-08-27 09:00:00
2026-06-22,151727679,1623,0,2000.0000000000,-2000.0000000000,-2000.0000000000,0E-7,4,4,0.50665070000000000,0.506650700000,-2.026782104415204,-2.026782104415204,-2.026782104415204,0E-17,ELIGIBLE,R03b_20260811_FULL_v1,L1_ELIGIBILITY,v2026-08-11,2026-03-21..2026-08-06,baccarat_bet02_101_all_pairs_incl_sentinel,round_win = game_pnl > 0 (decisive only),COMPATIBILITY_ONLY_NOT_PRODUCTION,16930.0000,15330.0000,6562.7500,47,47,-0.38764028,,-0.38764028,-0.38764028,-6562.7500,16930.0000,OK,0.0000,196.8825,3.0000,97.0000,AG03-UNRESOLVED,ALL5_LEVELS_bet23_to_bet27,196.8825,196.8825,196.8825,196.8825,196.8825,3.000000,3.000000,3.000000,3.000000,3.000000,97.000000,97.000000,97.000000,97.000000,97.000000,5.0,984.4125,927.0933,5578.3375,5635.6567,PENDING_AG03,FALSE,NOT_FOR_ENFORCEMENT,6365.8675,14870.1000,6562.7500,6365.8675,196.8825,0.38764028,0.37601108,196.8825,6365.8675,0.37601108,196.8825,196.8825,196.8825,196.8825,196.8825,6365.8675,0.37601108,984.4125,927.0933,5578.3375,5635.6567,0.32949424,0.3328799,0.01162921,360.2128,326.1702,139.6330,1093.7917,386.0441,2821.6667,7.8333,,360.2128,100.0,300.0,500.0,695.0,800.0,1980.0,270.0,-100.0,2.666667,6.6,1.200709,8,15,11,2,0E-8,0.38764028,,0E-8,0.000000,0.905493,0.000000,,2026-06-18,2026-07-06,6,17,16,19,0.315790,,,0.000000,,,,,,,,GLOBAL_BASELINE_NO_ENTITY_RANKING,,,NOT_APPLICABLE_GLOBAL_BASELINE,HF9g-P5,,,,X 全窗基线 · 不参与实体赏罚,14190579,1420,A168_HF9F_20260827_0900,2026-08-27 09:00:00
2026-06-22,151727679,1947,0,2600.0000000000,-730.0000000000,-730.0000000000,0.2500000,5,5,0.50665070000000000,0.506650700000,-1.0266936290537745,-1.0266936290537745,-1.0266936290537745,0E-17,ELIGIBLE,R03b_20260811_FULL_v1,L1_ELIGIBILITY,v2026-08-11,2026-03-21..2026-08-06,baccarat_bet02_101_all_pairs_incl_sentinel,round_win = game_pnl > 0 (decisive only),COMPATIBILITY_ONLY_NOT_PRODUCTION,16930.0000,15330.0000,6562.7500,47,47,-0.38764028,,-0.38764028,-0.38764028,-6562.7500,16930.0000,OK,0.0000,196.8825,3.0000,97.0000,AG03-UNRESOLVED,ALL5_LEVELS_bet23_to_bet27,196.8825,196.8825,196.8825,196.8825,196.8825,3.000000,3.000000,3.000000,3.000000,3.000000,97.000000,97.000000,97.000000,97.000000,97.000000,5.0,984.4125,927.0933,5578.3375,5635.6567,PENDING_AG03,FALSE,NOT_FOR_ENFORCEMENT,6365.8675,14870.1000,6562.7500,6365.8675,196.8825,0.38764028,0.37601108,196.8825,6365.8675,0.37601108,196.8825,196.8825,196.8825,196.8825,196.8825,6365.8675,0.37601108,984.4125,927.0933,5578.3375,5635.6567,0.32949424,0.3328799,0.01162921,360.2128,326.1702,139.6330,1093.7917,386.0441,2821.6667,7.8333,,360.2128,100.0,300.0,500.0,695.0,800.0,1980.0,270.0,-100.0,2.666667,6.6,1.200709,8,15,11,2,0E-8,0.38764028,,0E-8,0.000000,0.905493,0.000000,,2026-06-18,2026-07-06,6,17,16,19,0.315790,,,0.000000,,,,,,,,GLOBAL_BASELINE_NO_ENTITY_RANKING,,,NOT_APPLICABLE_GLOBAL_BASELINE,HF9g-P5,,,,X 全窗基线 · 不参与实体赏罚,14190580,1420,A168_HF9F_20260827_0900,2026-08-27 09:00:00
2026-06-22,151727679,2261,0,270.0000000000,-270.0000000000,-270.0000000000,0E-7,1,1,0.49324550000000000,0.493245500000,-0.9865810262130424,-0.9865810262130424,-0.9865810262130424,0E-17,ELIGIBLE,R03b_20260811_FULL_v1,L1_ELIGIBILITY,v2026-08-11,2026-03-21..2026-08-06,baccarat_bet02_101_all_pairs_incl_sentinel,round_win = game_pnl > 0 (decisive only),COMPATIBILITY_ONLY_NOT_PRODUCTION,16930.0000,15330.0000,6562.7500,47,47,-0.38764028,,-0.38764028,-0.38764028,-6562.7500,16930.0000,OK,0.0000,196.8825,3.0000,97.0000,AG03-UNRESOLVED,ALL5_LEVELS_bet23_to_bet27,196.8825,196.8825,196.8825,196.8825,196.8825,3.000000,3.000000,3.000000,3.000000,3.000000,97.000000,97.000000,97.000000,97.000000,97.000000,5.0,984.4125,927.0933,5578.3375,5635.6567,PENDING_AG03,FALSE,NOT_FOR_ENFORCEMENT,6365.8675,14870.1000,6562.7500,6365.8675,196.8825,0.38764028,0.37601108,196.8825,6365.8675,0.37601108,196.8825,196.8825,196.8825,196.8825,196.8825,6365.8675,0.37601108,984.4125,927.0933,5578.3375,5635.6567,0.32949424,0.3328799,0.01162921,360.2128,326.1702,139.6330,1093.7917,386.0441,2821.6667,7.8333,,360.2128,100.0,300.0,500.0,695.0,800.0,1980.0,270.0,-100.0,2.666667,6.6,1.200709,8,15,11,2,0E-8,0.38764028,,0E-8,0.000000,0.905493,0.000000,,2026-06-18,2026-07-06,6,17,16,19,0.315790,,,0.000000,,,,,,,,GLOBAL_BASELINE_NO_ENTITY_RANKING,,,NOT_APPLICABLE_GLOBAL_BASELINE,HF9g-P5,,,,X 全窗基线 · 不参与实体赏罚,14190581,1420,A168_HF9F_20260827_0900,2026-08-27 09:00:00
2026-06-22,151727679,2281,0,1975.0000000000,-1000.0000000000,-1000.0000000000,0.3333333,3,3,0.50665070000000000,0.506650700000,-0.6004420894325239,-0.6004420894325239,-0.6004420894325239,0E-17,ELIGIBLE,R03b_20260811_FULL_v1,L1_ELIGIBILITY,v2026-08-11,2026-03-21..2026-08-06,baccarat_bet02_101_all_pairs_incl_sentinel,round_win = game_pnl > 0 (decisive only),COMPATIBILITY_ONLY_NOT_PRODUCTION,16930.0000,15330.0000,6562.7500,47,47,-0.38764028,,-0.38764028,-0.38764028,-6562.7500,16930.0000,OK,0.0000,196.8825,3.0000,97.0000,AG03-UNRESOLVED,ALL5_LEVELS_bet23_to_bet27,196.8825,196.8825,196.8825,196.8825,196.8825,3.000000,3.000000,3.000000,3.000000,3.000000,97.000000,97.000000,97.000000,97.000000,97.000000,5.0,984.4125,927.0933,5578.3375,5635.6567,PENDING_AG03,FALSE,NOT_FOR_ENFORCEMENT,6365.8675,14870.1000,6562.7500,6365.8675,196.8825,0.38764028,0.37601108,196.8825,6365.8675,0.37601108,196.8825,196.8825,196.8825,196.8825,196.8825,6365.8675,0.37601108,984.4125,927.0933,5578.3375,5635.6567,0.32949424,0.3328799,0.01162921,360.2128,326.1702,139.6330,1093.7917,386.0441,2821.6667,7.8333,,360.2128,100.0,300.0,500.0,695.0,800.0,1980.0,270.0,-100.0,2.666667,6.6,1.200709,8,15,11,2,0E-8,0.38764028,,0E-8,0.000000,0.905493,0.000000,,2026-06-18,2026-07-06,6,17,16,19,0.315790,,,0.000000,,,,,,,,GLOBAL_BASELINE_NO_ENTITY_RANKING,,,NOT_APPLICABLE_GLOBAL_BASELINE,HF9g-P5,,,,X 全窗基线 · 不参与实体赏罚,14190582,1420,A168_HF9F_20260827_0900,2026-08-27 09:00:00
2026-06-24,151727679,2235,0,105.0000000000,99.7500000000,99.7500000000,1.0000000,1,1,0.50665070000000000,0.506650700000,0.9867858985152569,0.9867858985152569,0.9867858985152569,0E-17,ELIGIBLE,R03b_20260811_FULL_v1,L1_ELIGIBILITY,v2026-08-11,2026-03-21..2026-08-06,baccarat_bet02_101_all_pairs_incl_sentinel,round_win = game_pnl > 0 (decisive only),COMPATIBILITY_ONLY_NOT_PRODUCTION,16930.0000,15330.0000,6562.7500,47,47,-0.38764028,,-0.38764028,-0.38764028,-6562.7500,16930.0000,OK,0.0000,196.8825,3.0000,97.0000,AG03-UNRESOLVED,ALL5_LEVELS_bet23_to_bet27,196.8825,196.8825,196.8825,196.8825,196.8825,3.000000,3.000000,3.000000,3.000000,3.000000,97.000000,97.000000,97.000000,97.000000,97.000000,5.0,984.4125,927.0933,5578.3375,5635.6567,PENDING_AG03,FALSE,NOT_FOR_ENFORCEMENT,6365.8675,14870.1000,6562.7500,6365.8675,196.8825,0.38764028,0.37601108,196.8825,6365.8675,0.37601108,196.8825,196.8825,196.8825,196.8825,196.8825,6365.8675,0.37601108,984.4125,927.0933,5578.3375,5635.6567,0.32949424,0.3328799,0.01162921,360.2128,326.1702,139.6330,1093.7917,386.0441,2821.6667,7.8333,,360.2128,100.0,300.0,500.0,695.0,800.0,1980.0,270.0,-100.0,2.666667,6.6,1.200709,8,15,11,2,0E-8,0.38764028,,0E-8,0.000000,0.905493,0.000000,,2026-06-18,2026-07-06,6,17,16,19,0.315790,,,0.000000,,,,,,,,GLOBAL_BASELINE_NO_ENTITY_RANKING,,,NOT_APPLICABLE_GLOBAL_BASELINE,HF9g-P5,,,,X 全窗基线 · 不参与实体赏罚,14190583,1420,A168_HF9F_20260827_0900,2026-08-27 09:00:00
2026-07-04,151727679,1714,0,1000.0000000000,-1000.0000000000,-1000.0000000000,0E-7,2,2,0.50665070000000000,0.506650700000,-1.4331513700195317,-1.4331513700195317,-1.4331513700195317,0E-17,ELIGIBLE,R03b_20260811_FULL_v1,L1_ELIGIBILITY,v2026-08-11,2026-03-21..2026-08-06,baccarat_bet02_101_all_pairs_incl_sentinel,round_win = game_pnl > 0 (decisive only),COMPATIBILITY_ONLY_NOT_PRODUCTION,16930.0000,15330.0000,6562.7500,47,47,-0.38764028,,-0.38764028,-0.38764028,-6562.7500,16930.0000,OK,0.0000,196.8825,3.0000,97.0000,AG03-UNRESOLVED,ALL5_LEVELS_bet23_to_bet27,196.8825,196.8825,196.8825,196.8825,196.8825,3.000000,3.000000,3.000000,3.000000,3.000000,97.000000,97.000000,97.000000,97.000000,97.000000,5.0,984.4125,927.0933,5578.3375,5635.6567,PENDING_AG03,FALSE,NOT_FOR_ENFORCEMENT,6365.8675,14870.1000,6562.7500,6365.8675,196.8825,0.38764028,0.37601108,196.8825,6365.8675,0.37601108,196.8825,196.8825,196.8825,196.8825,196.8825,6365.8675,0.37601108,984.4125,927.0933,5578.3375,5635.6567,0.32949424,0.3328799,0.01162921,360.2128,326.1702,139.6330,1093.7917,386.0441,2821.6667,7.8333,,360.2128,100.0,300.0,500.0,695.0,800.0,1980.0,270.0,-100.0,2.666667,6.6,1.200709,8,15,11,2,0E-8,0.38764028,,0E-8,0.000000,0.905493,0.000000,,2026-06-18,2026-07-06,6,17,16,19,0.315790,,,0.000000,,,,,,,,GLOBAL_BASELINE_NO_ENTITY_RANKING,,,NOT_APPLICABLE_GLOBAL_BASELINE,HF9g-P5,,,,X 全窗基线 · 不参与实体赏罚,14190584,1420,A168_HF9F_20260827_0900,2026-08-27 09:00:00
2026-07-04,151727679,1994,0,1050.0000000000,817.5000000000,817.5000000000,0.6000000,5,5,0.50396966000000000,0.503969660000,0.4294742719815242,0.4294742719815242,0.4294742719815242,0E-17,ELIGIBLE,R03b_20260811_FULL_v1,L1_ELIGIBILITY,v2026-08-11,2026-03-21..2026-08-06,baccarat_bet02_101_all_pairs_incl_sentinel,round_win = game_pnl > 0 (decisive only),COMPATIBILITY_ONLY_NOT_PRODUCTION,16930.0000,15330.0000,6562.7500,47,47,-0.38764028,,-0.38764028,-0.38764028,-6562.7500,16930.0000,OK,0.0000,196.8825,3.0000,97.0000,AG03-UNRESOLVED,ALL5_LEVELS_bet23_to_bet27,196.8825,196.8825,196.8825,196.8825,196.8825,3.000000,3.000000,3.000000,3.000000,3.000000,97.000000,97.000000,97.000000,97.000000,97.000000,5.0,984.4125,927.0933,5578.3375,5635.6567,PENDING_AG03,FALSE,NOT_FOR_ENFORCEMENT,6365.8675,14870.1000,6562.7500,6365.8675,196.8825,0.38764028,0.37601108,196.8825,6365.8675,0.37601108,196.8825,196.8825,196.8825,196.8825,196.8825,6365.8675,0.37601108,984.4125,927.0933,5578.3375,5635.6567,0.32949424,0.3328799,0.01162921,360.2128,326.1702,139.6330,1093.7917,386.0441,2821.6667,7.8333,,360.2128,100.0,300.0,500.0,695.0,800.0,1980.0,270.0,-100.0,2.666667,6.6,1.200709,8,15,11,2,0E-8,0.38764028,,0E-8,0.000000,0.905493,0.000000,,2026-06-18,2026-07-06,6,17,16,19,0.315790,,,0.000000,,,,,,,,GLOBAL_BASELINE_NO_ENTITY_RANKING,,,NOT_APPLICABLE_GLOBAL_BASELINE,HF9g-P5,,,,X 全窗基线 · 不参与实体赏罚,14190585,1420,A168_HF9F_20260827_0900,2026-08-27 09:00:00
2026-07-06,151727679,1307,0,50.0000000000,-50.0000000000,-50.0000000000,0E-7,1,1,0.50665070000000000,0.506650700000,-1.013391052207602,-1.013391052207602,-1.013391052207602,0E-17,ELIGIBLE,R03b_20260811_FULL_v1,L1_ELIGIBILITY,v2026-08-11,2026-03-21..2026-08-06,baccarat_bet02_101_all_pairs_incl_sentinel,round_win = game_pnl > 0 (decisive only),COMPATIBILITY_ONLY_NOT_PRODUCTION,16930.0000,15330.0000,6562.7500,47,47,-0.38764028,,-0.38764028,-0.38764028,-6562.7500,16930.0000,OK,0.0000,196.8825,3.0000,97.0000,AG03-UNRESOLVED,ALL5_LEVELS_bet23_to_bet27,196.8825,196.8825,196.8825,196.8825,196.8825,3.000000,3.000000,3.000000,3.000000,3.000000,97.000000,97.000000,97.000000,97.000000,97.000000,5.0,984.4125,927.0933,5578.3375,5635.6567,PENDING_AG03,FALSE,NOT_FOR_ENFORCEMENT,6365.8675,14870.1000,6562.7500,6365.8675,196.8825,0.38764028,0.37601108,196.8825,6365.8675,0.37601108,196.8825,196.8825,196.8825,196.8825,196.8825,6365.8675,0.37601108,984.4125,927.0933,5578.3375,5635.6567,0.32949424,0.3328799,0.01162921,360.2128,326.1702,139.6330,1093.7917,386.0441,2821.6667,7.8333,,360.2128,100.0,300.0,500.0,695.0,800.0,1980.0,270.0,-100.0,2.666667,6.6,1.200709,8,15,11,2,0E-8,0.38764028,,0E-8,0.000000,0.905493,0.000000,,2026-06-18,2026-07-06,6,17,16,19,0.315790,,,0.000000,,,,,,,,GLOBAL_BASELINE_NO_ENTITY_RANKING,,,NOT_APPLICABLE_GLOBAL_BASELINE,HF9g-P5,,,,X 全窗基线 · 不参与实体赏罚,14190586,1420,A168_HF9F_20260827_0900,2026-08-27 09:00:00
2026-03-25,70521282,1094,0,25.2784580141,-25.2784580141,-25.2784580141,0E-7,1,1,0.49324550000000000,0.493245500000,-0.9865810262130424,-0.9865810262130424,-0.9865810262130424,0E-17,ELIGIBLE,R03b_20260811_FULL_v1,L1_ELIGIBILITY,v2026-08-11,2026-03-21..2026-08-06,baccarat_bet02_101_all_pairs_incl_sentinel,round_win = game_pnl > 0 (decisive only),COMPATIBILITY_ONLY_NOT_PRODUCTION,584473.8809,521750.0287,6633.3633,3770,3770,-0.01134929,-0.02064894,-0.00990944,-0.01134929,-6633.3633,584473.8809,OK,0.0000,265.3345,4.0000,96.0000,AG03-UNRESOLVED,ALL5_LEVELS_bet23_to_bet27,265.3345,265.3345,265.3345,331.6682,331.6682,4.000000,4.000000,4.000000,5.000000,5.000000,96.000000,96.000000,96.000000,95.000000,95.000000,5.0,1459.3399,1336.7936,5174.0234,5296.5697,PENDING_AG03,FALSE,NOT_FOR_ENFORCEMENT,6368.0288,500880.0275,6633.3633,6368.0288,265.3345,0.01134929,0.01089532,265.3345,6368.0288,0.01089532,265.3345,265.3345,265.3345,331.6682,331.6682,6368.0288,0.01089532,1459.3399,1336.7936,5174.0234,5296.5697,0.00885245,0.00906212,0.00045397,155.0329,138.3952,1.7595,127.5647,14.6756,11239.8823,72.5000,180.5550,151.7125,58.09,129.7286,157.9904,321.5856,428.8828,778.3716,93.4046,0.0,3.306,6.0,1.195055,16,80,84,2,0.13407078,0.01134929,0.02064894,0E-8,0.000000,0.892683,0.000000,-0.01073951,2026-03-25,2026-08-03,52,452,218,132,0.393939,1.190113,1.164624,0.446903,,,,,,,,GLOBAL_BASELINE_NO_ENTITY_RANKING,,,NOT_APPLICABLE_GLOBAL_BASELINE,HF9g-P5,,,,X 全窗基线 · 不参与实体赏罚,14190587,1420,A168_HF9F_20260827_0900,2026-08-27 09:00:00
2026-03-25,70521282,1151,0,289.6489980778,-289.6489980778,-289.6489980778,0E-7,1,1,0.50665070000000000,0.506650700000,-1.013391052207602,-1.013391052207602,-1.013391052207602,0E-17,ELIGIBLE,R03b_20260811_FULL_v1,L1_ELIGIBILITY,v2026-08-11,2026-03-21..2026-08-06,baccarat_bet02_101_all_pairs_incl_sentinel,round_win = game_pnl > 0 (decisive only),COMPATIBILITY_ONLY_NOT_PRODUCTION,584473.8809,521750.0287,6633.3633,3770,3770,-0.01134929,-0.02064894,-0.00990944,-0.01134929,-6633.3633,584473.8809,OK,0.0000,265.3345,4.0000,96.0000,AG03-UNRESOLVED,ALL5_LEVELS_bet23_to_bet27,265.3345,265.3345,265.3345,331.6682,331.6682,4.000000,4.000000,4.000000,5.000000,5.000000,96.000000,96.000000,96.000000,95.000000,95.000000,5.0,1459.3399,1336.7936,5174.0234,5296.5697,PENDING_AG03,FALSE,NOT_FOR_ENFORCEMENT,6368.0288,500880.0275,6633.3633,6368.0288,265.3345,0.01134929,0.01089532,265.3345,6368.0288,0.01089532,265.3345,265.3345,265.3345,331.6682,331.6682,6368.0288,0.01089532,1459.3399,1336.7936,5174.0234,5296.5697,0.00885245,0.00906212,0.00045397,155.0329,138.3952,1.7595,127.5647,14.6756,11239.8823,72.5000,180.5550,151.7125,58.09,129.7286,157.9904,321.5856,428.8828,778.3716,93.4046,0.0,3.306,6.0,1.195055,16,80,84,2,0.13407078,0.01134929,0.02064894,0E-8,0.000000,0.892683,0.000000,-0.01073951,2026-03-25,2026-08-03,52,452,218,132,0.393939,1.190113,1.164624,0.446903,,,,,,,,GLOBAL_BASELINE_NO_ENTITY_RANKING,,,NOT_APPLICABLE_GLOBAL_BASELINE,HF9g-P5,,,,X 全窗基线 · 不参与实体赏罚,14190588,1420,A168_HF9F_20260827_0900,2026-08-27 09:00:00
2026-03-25,70521282,1304,0,119.2827237539,-62.8011691287,-62.8011691287,0.2500000,4,4,0.49994810000000000,0.499948100000,-0.9997924053861017,-0.9997924053861017,-0.9997924053861017,0E-17,ELIGIBLE,R03b_20260811_FULL_v1,L1_ELIGIBILITY,v2026-08-11,2026-03-21..2026-08-06,baccarat_bet02_101_all_pairs_incl_sentinel,round_win = game_pnl > 0 (decisive only),COMPATIBILITY_ONLY_NOT_PRODUCTION,584473.8809,521750.0287,6633.3633,3770,3770,-0.01134929,-0.02064894,-0.00990944,-0.01134929,-6633.3633,584473.8809,OK,0.0000,265.3345,4.0000,96.0000,AG03-UNRESOLVED,ALL5_LEVELS_bet23_to_bet27,265.3345,265.3345,265.3345,331.6682,331.6682,4.000000,4.000000,4.000000,5.000000,5.000000,96.000000,96.000000,96.000000,95.000000,95.000000,5.0,1459.3399,1336.7936,5174.0234,5296.5697,PENDING_AG03,FALSE,NOT_FOR_ENFORCEMENT,6368.0288,500880.0275,6633.3633,6368.0288,265.3345,0.01134929,0.01089532,265.3345,6368.0288,0.01089532,265.3345,265.3345,265.3345,331.6682,331.6682,6368.0288,0.01089532,1459.3399,1336.7936,5174.0234,5296.5697,0.00885245,0.00906212,0.00045397,155.0329,138.3952,1.7595,127.5647,14.6756,11239.8823,72.5000,180.5550,151.7125,58.09,129.7286,157.9904,321.5856,428.8828,778.3716,93.4046,0.0,3.306,6.0,1.195055,16,80,84,2,0.13407078,0.01134929,0.02064894,0E-8,0.000000,0.892683,0.000000,-0.01073951,2026-03-25,2026-08-03,52,452,218,132,0.393939,1.190113,1.164624,0.446903,,,,,,,,GLOBAL_BASELINE_NO_ENTITY_RANKING,,,NOT_APPLICABLE_GLOBAL_BASELINE,HF9g-P5,,,,X 全窗基线 · 不参与实体赏罚,14190589,1420,A168_HF9F_20260827_0900,2026-08-27 09:00:00
2026-03-25,70521282,1330,0,417.6211917740,-147.9843062906,-147.9843062906,0.3333333,3,3,0.49771390000000000,0.497713900000,-0.5694369385616226,-0.5694369385616226,-0.5694369385616226,0E-17,ELIGIBLE,R03b_20260811_FULL_v1,L1_ELIGIBILITY,v2026-08-11,2026-03-21..2026-08-06,baccarat_bet02_101_all_pairs_incl_sentinel,round_win = game_pnl > 0 (decisive only),COMPATIBILITY_ONLY_NOT_PRODUCTION,584473.8809,521750.0287,6633.3633,3770,3770,-0.01134929,-0.02064894,-0.00990944,-0.01134929,-6633.3633,584473.8809,OK,0.0000,265.3345,4.0000,96.0000,AG03-UNRESOLVED,ALL5_LEVELS_bet23_to_bet27,265.3345,265.3345,265.3345,331.6682,331.6682,4.000000,4.000000,4.000000,5.000000,5.000000,96.000000,96.000000,96.000000,95.000000,95.000000,5.0,1459.3399,1336.7936,5174.0234,5296.5697,PENDING_AG03,FALSE,NOT_FOR_ENFORCEMENT,6368.0288,500880.0275,6633.3633,6368.0288,265.3345,0.01134929,0.01089532,265.3345,6368.0288,0.01089532,265.3345,265.3345,265.3345,331.6682,331.6682,6368.0288,0.01089532,1459.3399,1336.7936,5174.0234,5296.5697,0.00885245,0.00906212,0.00045397,155.0329,138.3952,1.7595,127.5647,14.6756,11239.8823,72.5000,180.5550,151.7125,58.09,129.7286,157.9904,321.5856,428.8828,778.3716,93.4046,0.0,3.306,6.0,1.195055,16,80,84,2,0.13407078,0.01134929,0.02064894,0E-8,0.000000,0.892683,0.000000,-0.01073951,2026-03-25,2026-08-03,52,452,218,132,0.393939,1.190113,1.164624,0.446903,,,,,,,,GLOBAL_BASELINE_NO_ENTITY_RANKING,,,NOT_APPLICABLE_GLOBAL_BASELINE,HF9g-P5,,,,X 全窗基线 · 不参与实体赏罚,14190590,1420,A168_HF9F_20260827_0900,2026-08-27 09:00:00
2026-03-25,70521282,1994,0,3312.2679516551,1334.2944413725,1334.2944413725,0.7692308,16,16,0.49743462500000000,0.497434625000,1.9599756669480422,1.9599756669480426,1.9599756669480422,0E-17,ELIGIBLE,R03b_20260811_FULL_v1,L1_ELIGIBILITY,v2026-08-11,2026-03-21..2026-08-06,baccarat_bet02_101_all_pairs_incl_sentinel,round_win = game_pnl > 0 (decisive only),COMPATIBILITY_ONLY_NOT_PRODUCTION,584473.8809,521750.0287,6633.3633,3770,3770,-0.01134929,-0.02064894,-0.00990944,-0.01134929,-6633.3633,584473.8809,OK,0.0000,265.3345,4.0000,96.0000,AG03-UNRESOLVED,ALL5_LEVELS_bet23_to_bet27,265.3345,265.3345,265.3345,331.6682,331.6682,4.000000,4.000000,4.000000,5.000000,5.000000,96.000000,96.000000,96.000000,95.000000,95.000000,5.0,1459.3399,1336.7936,5174.0234,5296.5697,PENDING_AG03,FALSE,NOT_FOR_ENFORCEMENT,6368.0288,500880.0275,6633.3633,6368.0288,265.3345,0.01134929,0.01089532,265.3345,6368.0288,0.01089532,265.3345,265.3345,265.3345,331.6682,331.6682,6368.0288,0.01089532,1459.3399,1336.7936,5174.0234,5296.5697,0.00885245,0.00906212,0.00045397,155.0329,138.3952,1.7595,127.5647,14.6756,11239.8823,72.5000,180.5550,151.7125,58.09,129.7286,157.9904,321.5856,428.8828,778.3716,93.4046,0.0,3.306,6.0,1.195055,16,80,84,2,0.13407078,0.01134929,0.02064894,0E-8,0.000000,0.892683,0.000000,-0.01073951,2026-03-25,2026-08-03,52,452,218,132,0.393939,1.190113,1.164624,0.446903,,,,,,,,GLOBAL_BASELINE_NO_ENTITY_RANKING,,,NOT_APPLICABLE_GLOBAL_BASELINE,HF9g-P5,,,,X 全窗基线 · 不参与实体赏罚,14190591,1420,A168_HF9F_20260827_0900,2026-08-27 09:00:00
2026-03-25,70521282,2124,0,278.0630381547,-278.0630381547,-278.0630381547,0E-7,2,2,0.49324550000000000,0.493245500000,-1.3952362676504506,-1.3952362676504506,-1.3952362676504506,0E-17,ELIGIBLE,R03b_20260811_FULL_v1,L1_ELIGIBILITY,v2026-08-11,2026-03-21..2026-08-06,baccarat_bet02_101_all_pairs_incl_sentinel,round_win = game_pnl > 0 (decisive only),COMPATIBILITY_ONLY_NOT_PRODUCTION,584473.8809,521750.0287,6633.3633,3770,3770,-0.01134929,-0.02064894,-0.00990944,-0.01134929,-6633.3633,584473.8809,OK,0.0000,265.3345,4.0000,96.0000,AG03-UNRESOLVED,ALL5_LEVELS_bet23_to_bet27,265.3345,265.3345,265.3345,331.6682,331.6682,4.000000,4.000000,4.000000,5.000000,5.000000,96.000000,96.000000,96.000000,95.000000,95.000000,5.0,1459.3399,1336.7936,5174.0234,5296.5697,PENDING_AG03,FALSE,NOT_FOR_ENFORCEMENT,6368.0288,500880.0275,6633.3633,6368.0288,265.3345,0.01134929,0.01089532,265.3345,6368.0288,0.01089532,265.3345,265.3345,265.3345,331.6682,331.6682,6368.0288,0.01089532,1459.3399,1336.7936,5174.0234,5296.5697,0.00885245,0.00906212,0.00045397,155.0329,138.3952,1.7595,127.5647,14.6756,11239.8823,72.5000,180.5550,151.7125,58.09,129.7286,157.9904,321.5856,428.8828,778.3716,93.4046,0.0,3.306,6.0,1.195055,16,80,84,2,0.13407078,0.01134929,0.02064894,0E-8,0.000000,0.892683,0.000000,-0.01073951,2026-03-25,2026-08-03,52,452,218,132,0.393939,1.190113,1.164624,0.446903,,,,,,,,GLOBAL_BASELINE_NO_ENTITY_RANKING,,,NOT_APPLICABLE_GLOBAL_BASELINE,HF9g-P5,,,,X 全窗基线 · 不参与实体赏罚,14190592,1420,A168_HF9F_20260827_0900,2026-08-27 09:00:00
2026-03-25,70521282,2167,0,800.4845037786,-800.4845037786,-800.4845037786,0E-7,3,3,0.49324550000000000,0.493245500000,-1.708808463184432,-1.7088084631844318,-1.708808463184432,0E-17,ELIGIBLE,R03b_20260811_FULL_v1,L1_ELIGIBILITY,v2026-08-11,2026-03-21..2026-08-06,baccarat_bet02_101_all_pairs_incl_sentinel,round_win = game_pnl > 0 (decisive only),COMPATIBILITY_ONLY_NOT_PRODUCTION,584473.8809,521750.0287,6633.3633,3770,3770,-0.01134929,-0.02064894,-0.00990944,-0.01134929,-6633.3633,584473.8809,OK,0.0000,265.3345,4.0000,96.0000,AG03-UNRESOLVED,ALL5_LEVELS_bet23_to_bet27,265.3345,265.3345,265.3345,331.6682,331.6682,4.000000,4.000000,4.000000,5.000000,5.000000,96.000000,96.000000,96.000000,95.000000,95.000000,5.0,1459.3399,1336.7936,5174.0234,5296.5697,PENDING_AG03,FALSE,NOT_FOR_ENFORCEMENT,6368.0288,500880.0275,6633.3633,6368.0288,265.3345,0.01134929,0.01089532,265.3345,6368.0288,0.01089532,265.3345,265.3345,265.3345,331.6682,331.6682,6368.0288,0.01089532,1459.3399,1336.7936,5174.0234,5296.5697,0.00885245,0.00906212,0.00045397,155.0329,138.3952,1.7595,127.5647,14.6756,11239.8823,72.5000,180.5550,151.7125,58.09,129.7286,157.9904,321.5856,428.8828,778.3716,93.4046,0.0,3.306,6.0,1.195055,16,80,84,2,0.13407078,0.01134929,0.02064894,0E-8,0.000000,0.892683,0.000000,-0.01073951,2026-03-25,2026-08-03,52,452,218,132,0.393939,1.190113,1.164624,0.446903,,,,,,,,GLOBAL_BASELINE_NO_ENTITY_RANKING,,,NOT_APPLICABLE_GLOBAL_BASELINE,HF9g-P5,,,,X 全窗基线 · 不参与实体赏罚,14190593,1420,A168_HF9F_20260827_0900,2026-08-27 09:00:00
2026-03-25,70521282,2175,0,1623.8776101324,-118.3611133055,-118.3611133055,0.4444444,9,9,0.49920336666666667,0.499203366667,-0.3285539503504811,-0.3285539503524808,-0.3285539503504811,-3.3333E-13,ELIGIBLE,R03b_20260811_FULL_v1,L1_ELIGIBILITY,v2026-08-11,2026-03-21..2026-08-06,baccarat_bet02_101_all_pairs_incl_sentinel,round_win = game_pnl > 0 (decisive only),COMPATIBILITY_ONLY_NOT_PRODUCTION,584473.8809,521750.0287,6633.3633,3770,3770,-0.01134929,-0.02064894,-0.00990944,-0.01134929,-6633.3633,584473.8809,OK,0.0000,265.3345,4.0000,96.0000,AG03-UNRESOLVED,ALL5_LEVELS_bet23_to_bet27,265.3345,265.3345,265.3345,331.6682,331.6682,4.000000,4.000000,4.000000,5.000000,5.000000,96.000000,96.000000,96.000000,95.000000,95.000000,5.0,1459.3399,1336.7936,5174.0234,5296.5697,PENDING_AG03,FALSE,NOT_FOR_ENFORCEMENT,6368.0288,500880.0275,6633.3633,6368.0288,265.3345,0.01134929,0.01089532,265.3345,6368.0288,0.01089532,265.3345,265.3345,265.3345,331.6682,331.6682,6368.0288,0.01089532,1459.3399,1336.7936,5174.0234,5296.5697,0.00885245,0.00906212,0.00045397,155.0329,138.3952,1.7595,127.5647,14.6756,11239.8823,72.5000,180.5550,151.7125,58.09,129.7286,157.9904,321.5856,428.8828,778.3716,93.4046,0.0,3.306,6.0,1.195055,16,80,84,2,0.13407078,0.01134929,0.02064894,0E-8,0.000000,0.892683,0.000000,-0.01073951,2026-03-25,2026-08-03,52,452,218,132,0.393939,1.190113,1.164624,0.446903,,,,,,,,GLOBAL_BASELINE_NO_ENTITY_RANKING,,,NOT_APPLICABLE_GLOBAL_BASELINE,HF9g-P5,,,,X 全窗基线 · 不参与实体赏罚,14190594,1420,A168_HF9F_20260827_0900,2026-08-27 09:00:00
2026-03-25,70521282,2246,0,977.6970271481,529.5047002132,529.5047002132,0.8333333,7,7,0.50282064285714286,0.502820642857,1.6192006553726281,1.6192006553733256,1.6192006553726281,1.4286E-13,ELIGIBLE,R03b_20260811_FULL_v1,L1_ELIGIBILITY,v2026-08-11,2026-03-21..2026-08-06,baccarat_bet02_101_all_pairs_incl_sentinel,round_win = game_pnl > 0 (decisive only),COMPATIBILITY_ONLY_NOT_PRODUCTION,584473.8809,521750.0287,6633.3633,3770,3770,-0.01134929,-0.02064894,-0.00990944,-0.01134929,-6633.3633,584473.8809,OK,0.0000,265.3345,4.0000,96.0000,AG03-UNRESOLVED,ALL5_LEVELS_bet23_to_bet27,265.3345,265.3345,265.3345,331.6682,331.6682,4.000000,4.000000,4.000000,5.000000,5.000000,96.000000,96.000000,96.000000,95.000000,95.000000,5.0,1459.3399,1336.7936,5174.0234,5296.5697,PENDING_AG03,FALSE,NOT_FOR_ENFORCEMENT,6368.0288,500880.0275,6633.3633,6368.0288,265.3345,0.01134929,0.01089532,265.3345,6368.0288,0.01089532,265.3345,265.3345,265.3345,331.6682,331.6682,6368.0288,0.01089532,1459.3399,1336.7936,5174.0234,5296.5697,0.00885245,0.00906212,0.00045397,155.0329,138.3952,1.7595,127.5647,14.6756,11239.8823,72.5000,180.5550,151.7125,58.09,129.7286,157.9904,321.5856,428.8828,778.3716,93.4046,0.0,3.306,6.0,1.195055,16,80,84,2,0.13407078,0.01134929,0.02064894,0E-8,0.000000,0.892683,0.000000,-0.01073951,2026-03-25,2026-08-03,52,452,218,132,0.393939,1.190113,1.164624,0.446903,,,,,,,,GLOBAL_BASELINE_NO_ENTITY_RANKING,,,NOT_APPLICABLE_GLOBAL_BASELINE,HF9g-P5,,,,X 全窗基线 · 不参与实体赏罚,14190595,1420,A168_HF9F_20260827_0900,2026-08-27 09:00:00
2026-03-25,70521282,583,0,3967.9279563946,1342.8522526793,1342.8522526793,0.6842105,19,19,0.49888979473684211,0.498889794737,1.6155926648122065,1.615592664810829,1.6155926648122065,-1.5789E-13,ELIGIBLE,R03b_20260811_FULL_v1,L1_ELIGIBILITY,v2026-08-11,2026-03-21..2026-08-06,baccarat_bet02_101_all_pairs_incl_sentinel,round_win = game_pnl > 0 (decisive only),COMPATIBILITY_ONLY_NOT_PRODUCTION,584473.8809,521750.0287,6633.3633,3770,3770,-0.01134929,-0.02064894,-0.00990944,-0.01134929,-6633.3633,584473.8809,OK,0.0000,265.3345,4.0000,96.0000,AG03-UNRESOLVED,ALL5_LEVELS_bet23_to_bet27,265.3345,265.3345,265.3345,331.6682,331.6682,4.000000,4.000000,4.000000,5.000000,5.000000,96.000000,96.000000,96.000000,95.000000,95.000000,5.0,1459.3399,1336.7936,5174.0234,5296.5697,PENDING_AG03,FALSE,NOT_FOR_ENFORCEMENT,6368.0288,500880.0275,6633.3633,6368.0288,265.3345,0.01134929,0.01089532,265.3345,6368.0288,0.01089532,265.3345,265.3345,265.3345,331.6682,331.6682,6368.0288,0.01089532,1459.3399,1336.7936,5174.0234,5296.5697,0.00885245,0.00906212,0.00045397,155.0329,138.3952,1.7595,127.5647,14.6756,11239.8823,72.5000,180.5550,151.7125,58.09,129.7286,157.9904,321.5856,428.8828,778.3716,93.4046,0.0,3.306,6.0,1.195055,16,80,84,2,0.13407078,0.01134929,0.02064894,0E-8,0.000000,0.892683,0.000000,-0.01073951,2026-03-25,2026-08-03,52,452,218,132,0.393939,1.190113,1.164624,0.446903,,,,,,,,GLOBAL_BASELINE_NO_ENTITY_RANKING,,,NOT_APPLICABLE_GLOBAL_BASELINE,HF9g-P5,,,,X 全窗基线 · 不参与实体赏罚,14190596,1420,A168_HF9F_20260827_0900,2026-08-27 09:00:00
2026-03-26,70521282,1109,0,2115.7542723227,1312.6365958343,1312.6365958343,0.8000000,5,5,0.49324550000000000,0.493245500000,1.3719730223118614,1.3719730223118614,1.3719730223118614,0E-17,ELIGIBLE,R03b_20260811_FULL_v1,L1_ELIGIBILITY,v2026-08-11,2026-03-21..2026-08-06,baccarat_bet02_101_all_pairs_incl_sentinel,round_win = game_pnl > 0 (decisive only),COMPATIBILITY_ONLY_NOT_PRODUCTION,584473.8809,521750.0287,6633.3633,3770,3770,-0.01134929,-0.02064894,-0.00990944,-0.01134929,-6633.3633,584473.8809,OK,0.0000,265.3345,4.0000,96.0000,AG03-UNRESOLVED,ALL5_LEVELS_bet23_to_bet27,265.3345,265.3345,265.3345,331.6682,331.6682,4.000000,4.000000,4.000000,5.000000,5.000000,96.000000,96.000000,96.000000,95.000000,95.000000,5.0,1459.3399,1336.7936,5174.0234,5296.5697,PENDING_AG03,FALSE,NOT_FOR_ENFORCEMENT,6368.0288,500880.0275,6633.3633,6368.0288,265.3345,0.01134929,0.01089532,265.3345,6368.0288,0.01089532,265.3345,265.3345,265.3345,331.6682,331.6682,6368.0288,0.01089532,1459.3399,1336.7936,5174.0234,5296.5697,0.00885245,0.00906212,0.00045397,155.0329,138.3952,1.7595,127.5647,14.6756,11239.8823,72.5000,180.5550,151.7125,58.09,129.7286,157.9904,321.5856,428.8828,778.3716,93.4046,0.0,3.306,6.0,1.195055,16,80,84,2,0.13407078,0.01134929,0.02064894,0E-8,0.000000,0.892683,0.000000,-0.01073951,2026-03-25,2026-08-03,52,452,218,132,0.393939,1.190113,1.164624,0.446903,,,,,,,,GLOBAL_BASELINE_NO_ENTITY_RANKING,,,NOT_APPLICABLE_GLOBAL_BASELINE,HF9g-P5,,,,X 全窗基线 · 不参与实体赏罚,14190597,1420,A168_HF9F_20260827_0900,2026-08-27 09:00:00
2026-03-26,70521282,1307,0,144.8244990389,-144.8244990389,-144.8244990389,0E-7,1,1,0.49324550000000000,0.493245500000,-0.9865810262130424,-0.9865810262130424,-0.9865810262130424,0E-17,ELIGIBLE,R03b_20260811_FULL_v1,L1_ELIGIBILITY,v2026-08-11,2026-03-21..2026-08-06,baccarat_bet02_101_all_pairs_incl_sentinel,round_win = game_pnl > 0 (decisive only),COMPATIBILITY_ONLY_NOT_PRODUCTION,584473.8809,521750.0287,6633.3633,3770,3770,-0.01134929,-0.02064894,-0.00990944,-0.01134929,-6633.3633,584473.8809,OK,0.0000,265.3345,4.0000,96.0000,AG03-UNRESOLVED,ALL5_LEVELS_bet23_to_bet27,265.3345,265.3345,265.3345,331.6682,331.6682,4.000000,4.000000,4.000000,5.000000,5.000000,96.000000,96.000000,96.000000,95.000000,95.000000,5.0,1459.3399,1336.7936,5174.0234,5296.5697,PENDING_AG03,FALSE,NOT_FOR_ENFORCEMENT,6368.0288,500880.0275,6633.3633,6368.0288,265.3345,0.01134929,0.01089532,265.3345,6368.0288,0.01089532,265.3345,265.3345,265.3345,331.6682,331.6682,6368.0288,0.01089532,1459.3399,1336.7936,5174.0234,5296.5697,0.00885245,0.00906212,0.00045397,155.0329,138.3952,1.7595,127.5647,14.6756,11239.8823,72.5000,180.5550,151.7125,58.09,129.7286,157.9904,321.5856,428.8828,778.3716,93.4046,0.0,3.306,6.0,1.195055,16,80,84,2,0.13407078,0.01134929,0.02064894,0E-8,0.000000,0.892683,0.000000,-0.01073951,2026-03-25,2026-08-03,52,452,218,132,0.393939,1.190113,1.164624,0.446903,,,,,,,,GLOBAL_BASELINE_NO_ENTITY_RANKING,,,NOT_APPLICABLE_GLOBAL_BASELINE,HF9g-P5,,,,X 全窗基线 · 不参与实体赏罚,14190598,1420,A168_HF9F_20260827_0900,2026-08-27 09:00:00
2026-03-26,70521282,1382,0,263.3172709798,-263.3172709798,-263.3172709798,0E-7,1,1,0.50665070000000000,0.506650700000,-1.013391052207602,-1.013391052207602,-1.013391052207602,0E-17,ELIGIBLE,R03b_20260811_FULL_v1,L1_ELIGIBILITY,v2026-08-11,2026-03-21..2026-08-06,baccarat_bet02_101_all_pairs_incl_sentinel,round_win = game_pnl > 0 (decisive only),COMPATIBILITY_ONLY_NOT_PRODUCTION,584473.8809,521750.0287,6633.3633,3770,3770,-0.01134929,-0.02064894,-0.00990944,-0.01134929,-6633.3633,584473.8809,OK,0.0000,265.3345,4.0000,96.0000,AG03-UNRESOLVED,ALL5_LEVELS_bet23_to_bet27,265.3345,265.3345,265.3345,331.6682,331.6682,4.000000,4.000000,4.000000,5.000000,5.000000,96.000000,96.000000,96.000000,95.000000,95.000000,5.0,1459.3399,1336.7936,5174.0234,5296.5697,PENDING_AG03,FALSE,NOT_FOR_ENFORCEMENT,6368.0288,500880.0275,6633.3633,6368.0288,265.3345,0.01134929,0.01089532,265.3345,6368.0288,0.01089532,265.3345,265.3345,265.3345,331.6682,331.6682,6368.0288,0.01089532,1459.3399,1336.7936,5174.0234,5296.5697,0.00885245,0.00906212,0.00045397,155.0329,138.3952,1.7595,127.5647,14.6756,11239.8823,72.5000,180.5550,151.7125,58.09,129.7286,157.9904,321.5856,428.8828,778.3716,93.4046,0.0,3.306,6.0,1.195055,16,80,84,2,0.13407078,0.01134929,0.02064894,0E-8,0.000000,0.892683,0.000000,-0.01073951,2026-03-25,2026-08-03,52,452,218,132,0.393939,1.190113,1.164624,0.446903,,,,,,,,GLOBAL_BASELINE_NO_ENTITY_RANKING,,,NOT_APPLICABLE_GLOBAL_BASELINE,HF9g-P5,,,,X 全窗基线 · 不参与实体赏罚,14190599,1420,A168_HF9F_20260827_0900,2026-08-27 09:00:00
2026-03-26,70521282,1485,0,1856.3867604076,763.6200858414,763.6200858414,0.6666667,3,3,0.49771390000000000,0.497713900000,0.5852756695216578,0.5852756695216578,0.5852756695216578,0E-17,ELIGIBLE,R03b_20260811_FULL_v1,L1_ELIGIBILITY,v2026-08-11,2026-03-21..2026-08-06,baccarat_bet02_101_all_pairs_incl_sentinel,round_win = game_pnl > 0 (decisive only),COMPATIBILITY_ONLY_NOT_PRODUCTION,584473.8809,521750.0287,6633.3633,3770,3770,-0.01134929,-0.02064894,-0.00990944,-0.01134929,-6633.3633,584473.8809,OK,0.0000,265.3345,4.0000,96.0000,AG03-UNRESOLVED,ALL5_LEVELS_bet23_to_bet27,265.3345,265.3345,265.3345,331.6682,331.6682,4.000000,4.000000,4.000000,5.000000,5.000000,96.000000,96.000000,96.000000,95.000000,95.000000,5.0,1459.3399,1336.7936,5174.0234,5296.5697,PENDING_AG03,FALSE,NOT_FOR_ENFORCEMENT,6368.0288,500880.0275,6633.3633,6368.0288,265.3345,0.01134929,0.01089532,265.3345,6368.0288,0.01089532,265.3345,265.3345,265.3345,331.6682,331.6682,6368.0288,0.01089532,1459.3399,1336.7936,5174.0234,5296.5697,0.00885245,0.00906212,0.00045397,155.0329,138.3952,1.7595,127.5647,14.6756,11239.8823,72.5000,180.5550,151.7125,58.09,129.7286,157.9904,321.5856,428.8828,778.3716,93.4046,0.0,3.306,6.0,1.195055,16,80,84,2,0.13407078,0.01134929,0.02064894,0E-8,0.000000,0.892683,0.000000,-0.01073951,2026-03-25,2026-08-03,52,452,218,132,0.393939,1.190113,1.164624,0.446903,,,,,,,,GLOBAL_BASELINE_NO_ENTITY_RANKING,,,NOT_APPLICABLE_GLOBAL_BASELINE,HF9g-P5,,,,X 全窗基线 · 不参与实体赏罚,14190600,1420,A168_HF9F_20260827_0900,2026-08-27 09:00:00
2026-03-26,70521282,1646,0,808.9106564499,-33.8889327751,-33.8889327751,0.6666667,7,7,0.49899058571428571,0.498990585714,0.8214433547731099,0.8214433547745106,0.8214433547731099,2.8571E-13,ELIGIBLE,R03b_20260811_FULL_v1,L1_ELIGIBILITY,v2026-08-11,2026-03-21..2026-08-06,baccarat_bet02_101_all_pairs_incl_sentinel,round_win = game_pnl > 0 (decisive only),COMPATIBILITY_ONLY_NOT_PRODUCTION,584473.8809,521750.0287,6633.3633,3770,3770,-0.01134929,-0.02064894,-0.00990944,-0.01134929,-6633.3633,584473.8809,OK,0.0000,265.3345,4.0000,96.0000,AG03-UNRESOLVED,ALL5_LEVELS_bet23_to_bet27,265.3345,265.3345,265.3345,331.6682,331.6682,4.000000,4.000000,4.000000,5.000000,5.000000,96.000000,96.000000,96.000000,95.000000,95.000000,5.0,1459.3399,1336.7936,5174.0234,5296.5697,PENDING_AG03,FALSE,NOT_FOR_ENFORCEMENT,6368.0288,500880.0275,6633.3633,6368.0288,265.3345,0.01134929,0.01089532,265.3345,6368.0288,0.01089532,265.3345,265.3345,265.3345,331.6682,331.6682,6368.0288,0.01089532,1459.3399,1336.7936,5174.0234,5296.5697,0.00885245,0.00906212,0.00045397,155.0329,138.3952,1.7595,127.5647,14.6756,11239.8823,72.5000,180.5550,151.7125,58.09,129.7286,157.9904,321.5856,428.8828,778.3716,93.4046,0.0,3.306,6.0,1.195055,16,80,84,2,0.13407078,0.01134929,0.02064894,0E-8,0.000000,0.892683,0.000000,-0.01073951,2026-03-25,2026-08-03,52,452,218,132,0.393939,1.190113,1.164624,0.446903,,,,,,,,GLOBAL_BASELINE_NO_ENTITY_RANKING,,,NOT_APPLICABLE_GLOBAL_BASELINE,HF9g-P5,,,,X 全窗基线 · 不参与实体赏罚,14190601,1420,A168_HF9F_20260827_0900,2026-08-27 09:00:00
2026-03-26,70521282,1654,0,4634.3839692446,-842.6152671354,-842.6152671354,0.4000000,17,17,0.49876528823529412,0.498765288235,-0.7650349656526133,-0.7650349656503361,-0.7650349656526133,2.9412E-13,ELIGIBLE,R03b_20260811_FULL_v1,L1_ELIGIBILITY,v2026-08-11,2026-03-21..2026-08-06,baccarat_bet02_101_all_pairs_incl_sentinel,round_win = game_pnl > 0 (decisive only),COMPATIBILITY_ONLY_NOT_PRODUCTION,584473.8809,521750.0287,6633.3633,3770,3770,-0.01134929,-0.02064894,-0.00990944,-0.01134929,-6633.3633,584473.8809,OK,0.0000,265.3345,4.0000,96.0000,AG03-UNRESOLVED,ALL5_LEVELS_bet23_to_bet27,265.3345,265.3345,265.3345,331.6682,331.6682,4.000000,4.000000,4.000000,5.000000,5.000000,96.000000,96.000000,96.000000,95.000000,95.000000,5.0,1459.3399,1336.7936,5174.0234,5296.5697,PENDING_AG03,FALSE,NOT_FOR_ENFORCEMENT,6368.0288,500880.0275,6633.3633,6368.0288,265.3345,0.01134929,0.01089532,265.3345,6368.0288,0.01089532,265.3345,265.3345,265.3345,331.6682,331.6682,6368.0288,0.01089532,1459.3399,1336.7936,5174.0234,5296.5697,0.00885245,0.00906212,0.00045397,155.0329,138.3952,1.7595,127.5647,14.6756,11239.8823,72.5000,180.5550,151.7125,58.09,129.7286,157.9904,321.5856,428.8828,778.3716,93.4046,0.0,3.306,6.0,1.195055,16,80,84,2,0.13407078,0.01134929,0.02064894,0E-8,0.000000,0.892683,0.000000,-0.01073951,2026-03-25,2026-08-03,52,452,218,132,0.393939,1.190113,1.164624,0.446903,,,,,,,,GLOBAL_BASELINE_NO_ENTITY_RANKING,,,NOT_APPLICABLE_GLOBAL_BASELINE,HF9g-P5,,,,X 全窗基线 · 不参与实体赏罚,14190602,1420,A168_HF9F_20260827_0900,2026-08-27 09:00:00
2026-03-26,70521282,1941,0,3257.2346420202,-750.4542222924,-750.4542222924,0.4285714,7,7,0.49899058571428571,0.498990585714,-0.3726239140161595,-0.3726239140146481,-0.3726239140161595,2.8571E-13,ELIGIBLE,R03b_20260811_FULL_v1,L1_ELIGIBILITY,v2026-08-11,2026-03-21..2026-08-06,baccarat_bet02_101_all_pairs_incl_sentinel,round_win = game_pnl > 0 (decisive only),COMPATIBILITY_ONLY_NOT_PRODUCTION,584473.8809,521750.0287,6633.3633,3770,3770,-0.01134929,-0.02064894,-0.00990944,-0.01134929,-6633.3633,584473.8809,OK,0.0000,265.3345,4.0000,96.0000,AG03-UNRESOLVED,ALL5_LEVELS_bet23_to_bet27,265.3345,265.3345,265.3345,331.6682,331.6682,4.000000,4.000000,4.000000,5.000000,5.000000,96.000000,96.000000,96.000000,95.000000,95.000000,5.0,1459.3399,1336.7936,5174.0234,5296.5697,PENDING_AG03,FALSE,NOT_FOR_ENFORCEMENT,6368.0288,500880.0275,6633.3633,6368.0288,265.3345,0.01134929,0.01089532,265.3345,6368.0288,0.01089532,265.3345,265.3345,265.3345,331.6682,331.6682,6368.0288,0.01089532,1459.3399,1336.7936,5174.0234,5296.5697,0.00885245,0.00906212,0.00045397,155.0329,138.3952,1.7595,127.5647,14.6756,11239.8823,72.5000,180.5550,151.7125,58.09,129.7286,157.9904,321.5856,428.8828,778.3716,93.4046,0.0,3.306,6.0,1.195055,16,80,84,2,0.13407078,0.01134929,0.02064894,0E-8,0.000000,0.892683,0.000000,-0.01073951,2026-03-25,2026-08-03,52,452,218,132,0.393939,1.190113,1.164624,0.446903,,,,,,,,GLOBAL_BASELINE_NO_ENTITY_RANKING,,,NOT_APPLICABLE_GLOBAL_BASELINE,HF9g-P5,,,,X 全窗基线 · 不参与实体赏罚,14190603,1420,A168_HF9F_20260827_0900,2026-08-27 09:00:00
2026-03-26,70521282,1942,0,751.7708086474,-172.4728124918,-172.4728124918,0.4000000,5,5,0.49860758000000000,0.498607580000,-0.440988213962219,-0.440988213962219,-0.440988213962219,0E-17,ELIGIBLE,R03b_20260811_FULL_v1,L1_ELIGIBILITY,v2026-08-11,2026-03-21..2026-08-06,baccarat_bet02_101_all_pairs_incl_sentinel,round_win = game_pnl > 0 (decisive only),COMPATIBILITY_ONLY_NOT_PRODUCTION,584473.8809,521750.0287,6633.3633,3770,3770,-0.01134929,-0.02064894,-0.00990944,-0.01134929,-6633.3633,584473.8809,OK,0.0000,265.3345,4.0000,96.0000,AG03-UNRESOLVED,ALL5_LEVELS_bet23_to_bet27,265.3345,265.3345,265.3345,331.6682,331.6682,4.000000,4.000000,4.000000,5.000000,5.000000,96.000000,96.000000,96.000000,95.000000,95.000000,5.0,1459.3399,1336.7936,5174.0234,5296.5697,PENDING_AG03,FALSE,NOT_FOR_ENFORCEMENT,6368.0288,500880.0275,6633.3633,6368.0288,265.3345,0.01134929,0.01089532,265.3345,6368.0288,0.01089532,265.3345,265.3345,265.3345,331.6682,331.6682,6368.0288,0.01089532,1459.3399,1336.7936,5174.0234,5296.5697,0.00885245,0.00906212,0.00045397,155.0329,138.3952,1.7595,127.5647,14.6756,11239.8823,72.5000,180.5550,151.7125,58.09,129.7286,157.9904,321.5856,428.8828,778.3716,93.4046,0.0,3.306,6.0,1.195055,16,80,84,2,0.13407078,0.01134929,0.02064894,0E-8,0.000000,0.892683,0.000000,-0.01073951,2026-03-25,2026-08-03,52,452,218,132,0.393939,1.190113,1.164624,0.446903,,,,,,,,GLOBAL_BASELINE_NO_ENTITY_RANKING,,,NOT_APPLICABLE_GLOBAL_BASELINE,HF9g-P5,,,,X 全窗基线 · 不参与实体赏罚,14190604,1420,A168_HF9F_20260827_0900,2026-08-27 09:00:00
2026-03-26,70521282,2088,0,263.3172709798,-263.3172709798,-263.3172709798,0E-7,1,1,0.49324550000000000,0.493245500000,-0.9865810262130424,-0.9865810262130424,-0.9865810262130424,0E-17,ELIGIBLE,R03b_20260811_FULL_v1,L1_ELIGIBILITY,v2026-08-11,2026-03-21..2026-08-06,baccarat_bet02_101_all_pairs_incl_sentinel,round_win = game_pnl > 0 (decisive only),COMPATIBILITY_ONLY_NOT_PRODUCTION,584473.8809,521750.0287,6633.3633,3770,3770,-0.01134929,-0.02064894,-0.00990944,-0.01134929,-6633.3633,584473.8809,OK,0.0000,265.3345,4.0000,96.0000,AG03-UNRESOLVED,ALL5_LEVELS_bet23_to_bet27,265.3345,265.3345,265.3345,331.6682,331.6682,4.000000,4.000000,4.000000,5.000000,5.000000,96.000000,96.000000,96.000000,95.000000,95.000000,5.0,1459.3399,1336.7936,5174.0234,5296.5697,PENDING_AG03,FALSE,NOT_FOR_ENFORCEMENT,6368.0288,500880.0275,6633.3633,6368.0288,265.3345,0.01134929,0.01089532,265.3345,6368.0288,0.01089532,265.3345,265.3345,265.3345,331.6682,331.6682,6368.0288,0.01089532,1459.3399,1336.7936,5174.0234,5296.5697,0.00885245,0.00906212,0.00045397,155.0329,138.3952,1.7595,127.5647,14.6756,11239.8823,72.5000,180.5550,151.7125,58.09,129.7286,157.9904,321.5856,428.8828,778.3716,93.4046,0.0,3.306,6.0,1.195055,16,80,84,2,0.13407078,0.01134929,0.02064894,0E-8,0.000000,0.892683,0.000000,-0.01073951,2026-03-25,2026-08-03,52,452,218,132,0.393939,1.190113,1.164624,0.446903,,,,,,,,GLOBAL_BASELINE_NO_ENTITY_RANKING,,,NOT_APPLICABLE_GLOBAL_BASELINE,HF9g-P5,,,,X 全窗基线 · 不参与实体赏罚,14190605,1420,A168_HF9F_20260827_0900,2026-08-27 09:00:00
2026-03-26,70521282,2106,0,7150.6438107274,-3240.3823366774,-3240.3823366774,0.2222222,10,10,0.49726706000000000,0.497267060000,-1.6502936788091886,-1.6502936788091886,-1.6502936788091886,0E-17,ELIGIBLE,R03b_20260811_FULL_v1,L1_ELIGIBILITY,v2026-08-11,2026-03-21..2026-08-06,baccarat_bet02_101_all_pairs_incl_sentinel,round_win = game_pnl > 0 (decisive only),COMPATIBILITY_ONLY_NOT_PRODUCTION,584473.8809,521750.0287,6633.3633,3770,3770,-0.01134929,-0.02064894,-0.00990944,-0.01134929,-6633.3633,584473.8809,OK,0.0000,265.3345,4.0000,96.0000,AG03-UNRESOLVED,ALL5_LEVELS_bet23_to_bet27,265.3345,265.3345,265.3345,331.6682,331.6682,4.000000,4.000000,4.000000,5.000000,5.000000,96.000000,96.000000,96.000000,95.000000,95.000000,5.0,1459.3399,1336.7936,5174.0234,5296.5697,PENDING_AG03,FALSE,NOT_FOR_ENFORCEMENT,6368.0288,500880.0275,6633.3633,6368.0288,265.3345,0.01134929,0.01089532,265.3345,6368.0288,0.01089532,265.3345,265.3345,265.3345,331.6682,331.6682,6368.0288,0.01089532,1459.3399,1336.7936,5174.0234,5296.5697,0.00885245,0.00906212,0.00045397,155.0329,138.3952,1.7595,127.5647,14.6756,11239.8823,72.5000,180.5550,151.7125,58.09,129.7286,157.9904,321.5856,428.8828,778.3716,93.4046,0.0,3.306,6.0,1.195055,16,80,84,2,0.13407078,0.01134929,0.02064894,0E-8,0.000000,0.892683,0.000000,-0.01073951,2026-03-25,2026-08-03,52,452,218,132,0.393939,1.190113,1.164624,0.446903,,,,,,,,GLOBAL_BASELINE_NO_ENTITY_RANKING,,,NOT_APPLICABLE_GLOBAL_BASELINE,HF9g-P5,,,,X 全窗基线 · 不参与实体赏罚,14190606,1420,A168_HF9F_20260827_0900,2026-08-27 09:00:00
2026-03-26,70521282,2108,0,2057.8244727071,-211.9704031387,-211.9704031387,0.5263158,19,19,0.49395103684210526,0.493951036842,0.2821700220400759,0.28217002204099434,0.2821700220400759,1.0526E-13,ELIGIBLE,R03b_20260811_FULL_v1,L1_ELIGIBILITY,v2026-08-11,2026-03-21..2026-08-06,baccarat_bet02_101_all_pairs_incl_sentinel,round_win = game_pnl > 0 (decisive only),COMPATIBILITY_ONLY_NOT_PRODUCTION,584473.8809,521750.0287,6633.3633,3770,3770,-0.01134929,-0.02064894,-0.00990944,-0.01134929,-6633.3633,584473.8809,OK,0.0000,265.3345,4.0000,96.0000,AG03-UNRESOLVED,ALL5_LEVELS_bet23_to_bet27,265.3345,265.3345,265.3345,331.6682,331.6682,4.000000,4.000000,4.000000,5.000000,5.000000,96.000000,96.000000,96.000000,95.000000,95.000000,5.0,1459.3399,1336.7936,5174.0234,5296.5697,PENDING_AG03,FALSE,NOT_FOR_ENFORCEMENT,6368.0288,500880.0275,6633.3633,6368.0288,265.3345,0.01134929,0.01089532,265.3345,6368.0288,0.01089532,265.3345,265.3345,265.3345,331.6682,331.6682,6368.0288,0.01089532,1459.3399,1336.7936,5174.0234,5296.5697,0.00885245,0.00906212,0.00045397,155.0329,138.3952,1.7595,127.5647,14.6756,11239.8823,72.5000,180.5550,151.7125,58.09,129.7286,157.9904,321.5856,428.8828,778.3716,93.4046,0.0,3.306,6.0,1.195055,16,80,84,2,0.13407078,0.01134929,0.02064894,0E-8,0.000000,0.892683,0.000000,-0.01073951,2026-03-25,2026-08-03,52,452,218,132,0.393939,1.190113,1.164624,0.446903,,,,,,,,GLOBAL_BASELINE_NO_ENTITY_RANKING,,,NOT_APPLICABLE_GLOBAL_BASELINE,HF9g-P5,,,,X 全窗基线 · 不参与实体赏罚,14190607,1420,A168_HF9F_20260827_0900,2026-08-27 09:00:00
2026-03-26,70521282,2121,0,2137.6096058142,-426.0473444453,-426.0473444453,0.3750000,11,11,0.49690146363636364,0.496901463636,-0.6895920541646038,-0.6895920541625499,-0.6895920541646038,3.6364E-13,ELIGIBLE,R03b_20260811_FULL_v1,L1_ELIGIBILITY,v2026-08-11,2026-03-21..2026-08-06,baccarat_bet02_101_all_pairs_incl_sentinel,round_win = game_pnl > 0 (decisive only),COMPATIBILITY_ONLY_NOT_PRODUCTION,584473.8809,521750.0287,6633.3633,3770,3770,-0.01134929,-0.02064894,-0.00990944,-0.01134929,-6633.3633,584473.8809,OK,0.0000,265.3345,4.0000,96.0000,AG03-UNRESOLVED,ALL5_LEVELS_bet23_to_bet27,265.3345,265.3345,265.3345,331.6682,331.6682,4.000000,4.000000,4.000000,5.000000,5.000000,96.000000,96.000000,96.000000,95.000000,95.000000,5.0,1459.3399,1336.7936,5174.0234,5296.5697,PENDING_AG03,FALSE,NOT_FOR_ENFORCEMENT,6368.0288,500880.0275,6633.3633,6368.0288,265.3345,0.01134929,0.01089532,265.3345,6368.0288,0.01089532,265.3345,265.3345,265.3345,331.6682,331.6682,6368.0288,0.01089532,1459.3399,1336.7936,5174.0234,5296.5697,0.00885245,0.00906212,0.00045397,155.0329,138.3952,1.7595,127.5647,14.6756,11239.8823,72.5000,180.5550,151.7125,58.09,129.7286,157.9904,321.5856,428.8828,778.3716,93.4046,0.0,3.306,6.0,1.195055,16,80,84,2,0.13407078,0.01134929,0.02064894,0E-8,0.000000,0.892683,0.000000,-0.01073951,2026-03-25,2026-08-03,52,452,218,132,0.393939,1.190113,1.164624,0.446903,,,,,,,,GLOBAL_BASELINE_NO_ENTITY_RANKING,,,NOT_APPLICABLE_GLOBAL_BASELINE,HF9g-P5,,,,X 全窗基线 · 不参与实体赏罚,14190608,1420,A168_HF9F_20260827_0900,2026-08-27 09:00:00
2026-03-26,70521282,2124,0,2481.7652789847,-803.1176764884,-803.1176764884,0.3750000,16,16,0.49659680000000000,0.496596800000,-0.9727969336821352,-0.9727969336821353,-0.9727969336821352,0E-17,ELIGIBLE,R03b_20260811_FULL_v1,L1_ELIGIBILITY,v2026-08-11,2026-03-21..2026-08-06,baccarat_bet02_101_all_pairs_incl_sentinel,round_win = game_pnl > 0 (decisive only),COMPATIBILITY_ONLY_NOT_PRODUCTION,584473.8809,521750.0287,6633.3633,3770,3770,-0.01134929,-0.02064894,-0.00990944,-0.01134929,-6633.3633,584473.8809,OK,0.0000,265.3345,4.0000,96.0000,AG03-UNRESOLVED,ALL5_LEVELS_bet23_to_bet27,265.3345,265.3345,265.3345,331.6682,331.6682,4.000000,4.000000,4.000000,5.000000,5.000000,96.000000,96.000000,96.000000,95.000000,95.000000,5.0,1459.3399,1336.7936,5174.0234,5296.5697,PENDING_AG03,FALSE,NOT_FOR_ENFORCEMENT,6368.0288,500880.0275,6633.3633,6368.0288,265.3345,0.01134929,0.01089532,265.3345,6368.0288,0.01089532,265.3345,265.3345,265.3345,331.6682,331.6682,6368.0288,0.01089532,1459.3399,1336.7936,5174.0234,5296.5697,0.00885245,0.00906212,0.00045397,155.0329,138.3952,1.7595,127.5647,14.6756,11239.8823,72.5000,180.5550,151.7125,58.09,129.7286,157.9904,321.5856,428.8828,778.3716,93.4046,0.0,3.306,6.0,1.195055,16,80,84,2,0.13407078,0.01134929,0.02064894,0E-8,0.000000,0.892683,0.000000,-0.01073951,2026-03-25,2026-08-03,52,452,218,132,0.393939,1.190113,1.164624,0.446903,,,,,,,,GLOBAL_BASELINE_NO_ENTITY_RANKING,,,NOT_APPLICABLE_GLOBAL_BASELINE,HF9g-P5,,,,X 全窗基线 · 不参与实体赏罚,14190609,1420,A168_HF9F_20260827_0900,2026-08-27 09:00:00
2026-03-26,70521282,2129,0,2859.0989282988,281.8811385840,281.8811385840,0.5833333,13,13,0.49943251538461538,0.499432515385,0.5812822923260763,0.5812822923234111,0.5812822923260763,-3.8462E-13,ELIGIBLE,R03b_20260811_FULL_v1,L1_ELIGIBILITY,v2026-08-11,2026-03-21..2026-08-06,baccarat_bet02_101_all_pairs_incl_sentinel,round_win = game_pnl > 0 (decisive only),COMPATIBILITY_ONLY_NOT_PRODUCTION,584473.8809,521750.0287,6633.3633,3770,3770,-0.01134929,-0.02064894,-0.00990944,-0.01134929,-6633.3633,584473.8809,OK,0.0000,265.3345,4.0000,96.0000,AG03-UNRESOLVED,ALL5_LEVELS_bet23_to_bet27,265.3345,265.3345,265.3345,331.6682,331.6682,4.000000,4.000000,4.000000,5.000000,5.000000,96.000000,96.000000,96.000000,95.000000,95.000000,5.0,1459.3399,1336.7936,5174.0234,5296.5697,PENDING_AG03,FALSE,NOT_FOR_ENFORCEMENT,6368.0288,500880.0275,6633.3633,6368.0288,265.3345,0.01134929,0.01089532,265.3345,6368.0288,0.01089532,265.3345,265.3345,265.3345,331.6682,331.6682,6368.0288,0.01089532,1459.3399,1336.7936,5174.0234,5296.5697,0.00885245,0.00906212,0.00045397,155.0329,138.3952,1.7595,127.5647,14.6756,11239.8823,72.5000,180.5550,151.7125,58.09,129.7286,157.9904,321.5856,428.8828,778.3716,93.4046,0.0,3.306,6.0,1.195055,16,80,84,2,0.13407078,0.01134929,0.02064894,0E-8,0.000000,0.892683,0.000000,-0.01073951,2026-03-25,2026-08-03,52,452,218,132,0.393939,1.190113,1.164624,0.446903,,,,,,,,GLOBAL_BASELINE_NO_ENTITY_RANKING,,,NOT_APPLICABLE_GLOBAL_BASELINE,HF9g-P5,,,,X 全窗基线 · 不参与实体赏罚,14190610,1420,A168_HF9F_20260827_0900,2026-08-27 09:00:00
2026-03-26,70521282,2155,0,1900.6240619322,-1119.7303631145,-1119.7303631145,0.1666667,7,7,0.49899058571428571,0.498990585714,-1.6280513796797877,-1.6280513796783902,-1.6280513796797877,2.8571E-13,ELIGIBLE,R03b_20260811_FULL_v1,L1_ELIGIBILITY,v2026-08-11,2026-03-21..2026-08-06,baccarat_bet02_101_all_pairs_incl_sentinel,round_win = game_pnl > 0 (decisive only),COMPATIBILITY_ONLY_NOT_PRODUCTION,584473.8809,521750.0287,6633.3633,3770,3770,-0.01134929,-0.02064894,-0.00990944,-0.01134929,-6633.3633,584473.8809,OK,0.0000,265.3345,4.0000,96.0000,AG03-UNRESOLVED,ALL5_LEVELS_bet23_to_bet27,265.3345,265.3345,265.3345,331.6682,331.6682,4.000000,4.000000,4.000000,5.000000,5.000000,96.000000,96.000000,96.000000,95.000000,95.000000,5.0,1459.3399,1336.7936,5174.0234,5296.5697,PENDING_AG03,FALSE,NOT_FOR_ENFORCEMENT,6368.0288,500880.0275,6633.3633,6368.0288,265.3345,0.01134929,0.01089532,265.3345,6368.0288,0.01089532,265.3345,265.3345,265.3345,331.6682,331.6682,6368.0288,0.01089532,1459.3399,1336.7936,5174.0234,5296.5697,0.00885245,0.00906212,0.00045397,155.0329,138.3952,1.7595,127.5647,14.6756,11239.8823,72.5000,180.5550,151.7125,58.09,129.7286,157.9904,321.5856,428.8828,778.3716,93.4046,0.0,3.306,6.0,1.195055,16,80,84,2,0.13407078,0.01134929,0.02064894,0E-8,0.000000,0.892683,0.000000,-0.01073951,2026-03-25,2026-08-03,52,452,218,132,0.393939,1.190113,1.164624,0.446903,,,,,,,,GLOBAL_BASELINE_NO_ENTITY_RANKING,,,NOT_APPLICABLE_GLOBAL_BASELINE,HF9g-P5,,,,X 全窗基线 · 不参与实体赏罚,14190611,1420,A168_HF9F_20260827_0900,2026-08-27 09:00:00
2026-03-26,70521282,2167,0,2569.9765647629,1354.6357005555,1354.6357005555,0.8888889,10,10,0.49726706000000000,0.497267060000,2.349766074218042,2.349766074218042,2.349766074218042,0E-17,ELIGIBLE,R03b_20260811_FULL_v1,L1_ELIGIBILITY,v2026-08-11,2026-03-21..2026-08-06,baccarat_bet02_101_all_pairs_incl_sentinel,round_win = game_pnl > 0 (decisive only),COMPATIBILITY_ONLY_NOT_PRODUCTION,584473.8809,521750.0287,6633.3633,3770,3770,-0.01134929,-0.02064894,-0.00990944,-0.01134929,-6633.3633,584473.8809,OK,0.0000,265.3345,4.0000,96.0000,AG03-UNRESOLVED,ALL5_LEVELS_bet23_to_bet27,265.3345,265.3345,265.3345,331.6682,331.6682,4.000000,4.000000,4.000000,5.000000,5.000000,96.000000,96.000000,96.000000,95.000000,95.000000,5.0,1459.3399,1336.7936,5174.0234,5296.5697,PENDING_AG03,FALSE,NOT_FOR_ENFORCEMENT,6368.0288,500880.0275,6633.3633,6368.0288,265.3345,0.01134929,0.01089532,265.3345,6368.0288,0.01089532,265.3345,265.3345,265.3345,331.6682,331.6682,6368.0288,0.01089532,1459.3399,1336.7936,5174.0234,5296.5697,0.00885245,0.00906212,0.00045397,155.0329,138.3952,1.7595,127.5647,14.6756,11239.8823,72.5000,180.5550,151.7125,58.09,129.7286,157.9904,321.5856,428.8828,778.3716,93.4046,0.0,3.306,6.0,1.195055,16,80,84,2,0.13407078,0.01134929,0.02064894,0E-8,0.000000,0.892683,0.000000,-0.01073951,2026-03-25,2026-08-03,52,452,218,132,0.393939,1.190113,1.164624,0.446903,,,,,,,,GLOBAL_BASELINE_NO_ENTITY_RANKING,,,NOT_APPLICABLE_GLOBAL_BASELINE,HF9g-P5,,,,X 全窗基线 · 不参与实体赏罚,14190612,1420,A168_HF9F_20260827_0900,2026-08-27 09:00:00
2026-03-26,70521282,2175,0,26.3317270980,26.3317270980,26.3317270980,1.0000000,1,1,0.49324550000000000,0.493245500000,1.01360149184955,1.01360149184955,1.01360149184955,0E-17,ELIGIBLE,R03b_20260811_FULL_v1,L1_ELIGIBILITY,v2026-08-11,2026-03-21..2026-08-06,baccarat_bet02_101_all_pairs_incl_sentinel,round_win = game_pnl > 0 (decisive only),COMPATIBILITY_ONLY_NOT_PRODUCTION,584473.8809,521750.0287,6633.3633,3770,3770,-0.01134929,-0.02064894,-0.00990944,-0.01134929,-6633.3633,584473.8809,OK,0.0000,265.3345,4.0000,96.0000,AG03-UNRESOLVED,ALL5_LEVELS_bet23_to_bet27,265.3345,265.3345,265.3345,331.6682,331.6682,4.000000,4.000000,4.000000,5.000000,5.000000,96.000000,96.000000,96.000000,95.000000,95.000000,5.0,1459.3399,1336.7936,5174.0234,5296.5697,PENDING_AG03,FALSE,NOT_FOR_ENFORCEMENT,6368.0288,500880.0275,6633.3633,6368.0288,265.3345,0.01134929,0.01089532,265.3345,6368.0288,0.01089532,265.3345,265.3345,265.3345,331.6682,331.6682,6368.0288,0.01089532,1459.3399,1336.7936,5174.0234,5296.5697,0.00885245,0.00906212,0.00045397,155.0329,138.3952,1.7595,127.5647,14.6756,11239.8823,72.5000,180.5550,151.7125,58.09,129.7286,157.9904,321.5856,428.8828,778.3716,93.4046,0.0,3.306,6.0,1.195055,16,80,84,2,0.13407078,0.01134929,0.02064894,0E-8,0.000000,0.892683,0.000000,-0.01073951,2026-03-25,2026-08-03,52,452,218,132,0.393939,1.190113,1.164624,0.446903,,,,,,,,GLOBAL_BASELINE_NO_ENTITY_RANKING,,,NOT_APPLICABLE_GLOBAL_BASELINE,HF9g-P5,,,,X 全窗基线 · 不参与实体赏罚,14190613,1420,A168_HF9F_20260827_0900,2026-08-27 09:00:00
2026-03-26,70521282,2232,0,1923.5326645075,740.0531900887,740.0531900887,0.6666667,6,6,0.49994810000000000,0.499948100000,0.8167508423630434,0.8167508423630434,0.8167508423630434,0E-17,ELIGIBLE,R03b_20260811_FULL_v1,L1_ELIGIBILITY,v2026-08-11,2026-03-21..2026-08-06,baccarat_bet02_101_all_pairs_incl_sentinel,round_win = game_pnl > 0 (decisive only),COMPATIBILITY_ONLY_NOT_PRODUCTION,584473.8809,521750.0287,6633.3633,3770,3770,-0.01134929,-0.02064894,-0.00990944,-0.01134929,-6633.3633,584473.8809,OK,0.0000,265.3345,4.0000,96.0000,AG03-UNRESOLVED,ALL5_LEVELS_bet23_to_bet27,265.3345,265.3345,265.3345,331.6682,331.6682,4.000000,4.000000,4.000000,5.000000,5.000000,96.000000,96.000000,96.000000,95.000000,95.000000,5.0,1459.3399,1336.7936,5174.0234,5296.5697,PENDING_AG03,FALSE,NOT_FOR_ENFORCEMENT,6368.0288,500880.0275,6633.3633,6368.0288,265.3345,0.01134929,0.01089532,265.3345,6368.0288,0.01089532,265.3345,265.3345,265.3345,331.6682,331.6682,6368.0288,0.01089532,1459.3399,1336.7936,5174.0234,5296.5697,0.00885245,0.00906212,0.00045397,155.0329,138.3952,1.7595,127.5647,14.6756,11239.8823,72.5000,180.5550,151.7125,58.09,129.7286,157.9904,321.5856,428.8828,778.3716,93.4046,0.0,3.306,6.0,1.195055,16,80,84,2,0.13407078,0.01134929,0.02064894,0E-8,0.000000,0.892683,0.000000,-0.01073951,2026-03-25,2026-08-03,52,452,218,132,0.393939,1.190113,1.164624,0.446903,,,,,,,,GLOBAL_BASELINE_NO_ENTITY_RANKING,,,NOT_APPLICABLE_GLOBAL_BASELINE,HF9g-P5,,,,X 全窗基线 · 不参与实体赏罚,14190614,1420,A168_HF9F_20260827_0900,2026-08-27 09:00:00
2026-03-26,70521282,2233,0,131.6586354899,-131.6586354899,-131.6586354899,0E-7,1,1,0.49324550000000000,0.493245500000,-0.9865810262130424,-0.9865810262130424,-0.9865810262130424,0E-17,ELIGIBLE,R03b_20260811_FULL_v1,L1_ELIGIBILITY,v2026-08-11,2026-03-21..2026-08-06,baccarat_bet02_101_all_pairs_incl_sentinel,round_win = game_pnl > 0 (decisive only),COMPATIBILITY_ONLY_NOT_PRODUCTION,584473.8809,521750.0287,6633.3633,3770,3770,-0.01134929,-0.02064894,-0.00990944,-0.01134929,-6633.3633,584473.8809,OK,0.0000,265.3345,4.0000,96.0000,AG03-UNRESOLVED,ALL5_LEVELS_bet23_to_bet27,265.3345,265.3345,265.3345,331.6682,331.6682,4.000000,4.000000,4.000000,5.000000,5.000000,96.000000,96.000000,96.000000,95.000000,95.000000,5.0,1459.3399,1336.7936,5174.0234,5296.5697,PENDING_AG03,FALSE,NOT_FOR_ENFORCEMENT,6368.0288,500880.0275,6633.3633,6368.0288,265.3345,0.01134929,0.01089532,265.3345,6368.0288,0.01089532,265.3345,265.3345,265.3345,331.6682,331.6682,6368.0288,0.01089532,1459.3399,1336.7936,5174.0234,5296.5697,0.00885245,0.00906212,0.00045397,155.0329,138.3952,1.7595,127.5647,14.6756,11239.8823,72.5000,180.5550,151.7125,58.09,129.7286,157.9904,321.5856,428.8828,778.3716,93.4046,0.0,3.306,6.0,1.195055,16,80,84,2,0.13407078,0.01134929,0.02064894,0E-8,0.000000,0.892683,0.000000,-0.01073951,2026-03-25,2026-08-03,52,452,218,132,0.393939,1.190113,1.164624,0.446903,,,,,,,,GLOBAL_BASELINE_NO_ENTITY_RANKING,,,NOT_APPLICABLE_GLOBAL_BASELINE,HF9g-P5,,,,X 全窗基线 · 不参与实体赏罚,14190615,1420,A168_HF9F_20260827_0900,2026-08-27 09:00:00
2026-03-26,70521282,2246,0,847.3549780130,26.0552439634,26.0552439634,0.5000000,2,2,0.50665070000000000,0.506650700000,-0.018812684590367487,-0.018812684590367487,-0.018812684590367487,0E-17,ELIGIBLE,R03b_20260811_FULL_v1,L1_ELIGIBILITY,v2026-08-11,2026-03-21..2026-08-06,baccarat_bet02_101_all_pairs_incl_sentinel,round_win = game_pnl > 0 (decisive only),COMPATIBILITY_ONLY_NOT_PRODUCTION,584473.8809,521750.0287,6633.3633,3770,3770,-0.01134929,-0.02064894,-0.00990944,-0.01134929,-6633.3633,584473.8809,OK,0.0000,265.3345,4.0000,96.0000,AG03-UNRESOLVED,ALL5_LEVELS_bet23_to_bet27,265.3345,265.3345,265.3345,331.6682,331.6682,4.000000,4.000000,4.000000,5.000000,5.000000,96.000000,96.000000,96.000000,95.000000,95.000000,5.0,1459.3399,1336.7936,5174.0234,5296.5697,PENDING_AG03,FALSE,NOT_FOR_ENFORCEMENT,6368.0288,500880.0275,6633.3633,6368.0288,265.3345,0.01134929,0.01089532,265.3345,6368.0288,0.01089532,265.3345,265.3345,265.3345,331.6682,331.6682,6368.0288,0.01089532,1459.3399,1336.7936,5174.0234,5296.5697,0.00885245,0.00906212,0.00045397,155.0329,138.3952,1.7595,127.5647,14.6756,11239.8823,72.5000,180.5550,151.7125,58.09,129.7286,157.9904,321.5856,428.8828,778.3716,93.4046,0.0,3.306,6.0,1.195055,16,80,84,2,0.13407078,0.01134929,0.02064894,0E-8,0.000000,0.892683,0.000000,-0.01073951,2026-03-25,2026-08-03,52,452,218,132,0.393939,1.190113,1.164624,0.446903,,,,,,,,GLOBAL_BASELINE_NO_ENTITY_RANKING,,,NOT_APPLICABLE_GLOBAL_BASELINE,HF9g-P5,,,,X 全窗基线 · 不参与实体赏罚,14190616,1420,A168_HF9F_20260827_0900,2026-08-27 09:00:00
2026-03-26,70521282,2266,0,342.3124522737,325.1968296601,325.1968296601,1.0000000,1,1,0.50665070000000000,0.506650700000,0.9867858985152569,0.9867858985152569,0.9867858985152569,0E-17,ELIGIBLE,R03b_20260811_FULL_v1,L1_ELIGIBILITY,v2026-08-11,2026-03-21..2026-08-06,baccarat_bet02_101_all_pairs_incl_sentinel,round_win = game_pnl > 0 (decisive only),COMPATIBILITY_ONLY_NOT_PRODUCTION,584473.8809,521750.0287,6633.3633,3770,3770,-0.01134929,-0.02064894,-0.00990944,-0.01134929,-6633.3633,584473.8809,OK,0.0000,265.3345,4.0000,96.0000,AG03-UNRESOLVED,ALL5_LEVELS_bet23_to_bet27,265.3345,265.3345,265.3345,331.6682,331.6682,4.000000,4.000000,4.000000,5.000000,5.000000,96.000000,96.000000,96.000000,95.000000,95.000000,5.0,1459.3399,1336.7936,5174.0234,5296.5697,PENDING_AG03,FALSE,NOT_FOR_ENFORCEMENT,6368.0288,500880.0275,6633.3633,6368.0288,265.3345,0.01134929,0.01089532,265.3345,6368.0288,0.01089532,265.3345,265.3345,265.3345,331.6682,331.6682,6368.0288,0.01089532,1459.3399,1336.7936,5174.0234,5296.5697,0.00885245,0.00906212,0.00045397,155.0329,138.3952,1.7595,127.5647,14.6756,11239.8823,72.5000,180.5550,151.7125,58.09,129.7286,157.9904,321.5856,428.8828,778.3716,93.4046,0.0,3.306,6.0,1.195055,16,80,84,2,0.13407078,0.01134929,0.02064894,0E-8,0.000000,0.892683,0.000000,-0.01073951,2026-03-25,2026-08-03,52,452,218,132,0.393939,1.190113,1.164624,0.446903,,,,,,,,GLOBAL_BASELINE_NO_ENTITY_RANKING,,,NOT_APPLICABLE_GLOBAL_BASELINE,HF9g-P5,,,,X 全窗基线 · 不参与实体赏罚,14190617,1420,A168_HF9F_20260827_0900,2026-08-27 09:00:00
2026-03-26,70521282,462,0,404.1920109540,383.9824104063,383.9824104063,1.0000000,2,2,0.50665070000000000,0.506650700000,1.3955260008387969,1.3955260008387969,1.3955260008387969,0E-17,ELIGIBLE,R03b_20260811_FULL_v1,L1_ELIGIBILITY,v2026-08-11,2026-03-21..2026-08-06,baccarat_bet02_101_all_pairs_incl_sentinel,round_win = game_pnl > 0 (decisive only),COMPATIBILITY_ONLY_NOT_PRODUCTION,584473.8809,521750.0287,6633.3633,3770,3770,-0.01134929,-0.02064894,-0.00990944,-0.01134929,-6633.3633,584473.8809,OK,0.0000,265.3345,4.0000,96.0000,AG03-UNRESOLVED,ALL5_LEVELS_bet23_to_bet27,265.3345,265.3345,265.3345,331.6682,331.6682,4.000000,4.000000,4.000000,5.000000,5.000000,96.000000,96.000000,96.000000,95.000000,95.000000,5.0,1459.3399,1336.7936,5174.0234,5296.5697,PENDING_AG03,FALSE,NOT_FOR_ENFORCEMENT,6368.0288,500880.0275,6633.3633,6368.0288,265.3345,0.01134929,0.01089532,265.3345,6368.0288,0.01089532,265.3345,265.3345,265.3345,331.6682,331.6682,6368.0288,0.01089532,1459.3399,1336.7936,5174.0234,5296.5697,0.00885245,0.00906212,0.00045397,155.0329,138.3952,1.7595,127.5647,14.6756,11239.8823,72.5000,180.5550,151.7125,58.09,129.7286,157.9904,321.5856,428.8828,778.3716,93.4046,0.0,3.306,6.0,1.195055,16,80,84,2,0.13407078,0.01134929,0.02064894,0E-8,0.000000,0.892683,0.000000,-0.01073951,2026-03-25,2026-08-03,52,452,218,132,0.393939,1.190113,1.164624,0.446903,,,,,,,,GLOBAL_BASELINE_NO_ENTITY_RANKING,,,NOT_APPLICABLE_GLOBAL_BASELINE,HF9g-P5,,,,X 全窗基线 · 不参与实体赏罚,14190618,1420,A168_HF9F_20260827_0900,2026-08-27 09:00:00
2026-03-26,70521282,583,0,1068.2781683650,-1068.2781683650,-1068.2781683650,0E-7,4,4,0.49994810000000000,0.499948100000,-1.9997924107733216,-1.9997924107733216,-1.9997924107733216,0E-17,ELIGIBLE,R03b_20260811_FULL_v1,L1_ELIGIBILITY,v2026-08-11,2026-03-21..2026-08-06,baccarat_bet02_101_all_pairs_incl_sentinel,round_win = game_pnl > 0 (decisive only),COMPATIBILITY_ONLY_NOT_PRODUCTION,584473.8809,521750.0287,6633.3633,3770,3770,-0.01134929,-0.02064894,-0.00990944,-0.01134929,-6633.3633,584473.8809,OK,0.0000,265.3345,4.0000,96.0000,AG03-UNRESOLVED,ALL5_LEVELS_bet23_to_bet27,265.3345,265.3345,265.3345,331.6682,331.6682,4.000000,4.000000,4.000000,5.000000,5.000000,96.000000,96.000000,96.000000,95.000000,95.000000,5.0,1459.3399,1336.7936,5174.0234,5296.5697,PENDING_AG03,FALSE,NOT_FOR_ENFORCEMENT,6368.0288,500880.0275,6633.3633,6368.0288,265.3345,0.01134929,0.01089532,265.3345,6368.0288,0.01089532,265.3345,265.3345,265.3345,331.6682,331.6682,6368.0288,0.01089532,1459.3399,1336.7936,5174.0234,5296.5697,0.00885245,0.00906212,0.00045397,155.0329,138.3952,1.7595,127.5647,14.6756,11239.8823,72.5000,180.5550,151.7125,58.09,129.7286,157.9904,321.5856,428.8828,778.3716,93.4046,0.0,3.306,6.0,1.195055,16,80,84,2,0.13407078,0.01134929,0.02064894,0E-8,0.000000,0.892683,0.000000,-0.01073951,2026-03-25,2026-08-03,52,452,218,132,0.393939,1.190113,1.164624,0.446903,,,,,,,,GLOBAL_BASELINE_NO_ENTITY_RANKING,,,NOT_APPLICABLE_GLOBAL_BASELINE,HF9g-P5,,,,X 全窗基线 · 不参与实体赏罚,14190619,1420,A168_HF9F_20260827_0900,2026-08-27 09:00:00
2026-03-26,70521282,595,0,799.6945519657,-403.1387418701,-403.1387418701,0.2000000,6,6,0.49771390000000000,0.497713900000,-1.3314309533564708,-1.3314309533564703,-1.3314309533564708,0E-17,ELIGIBLE,R03b_20260811_FULL_v1,L1_ELIGIBILITY,v2026-08-11,2026-03-21..2026-08-06,baccarat_bet02_101_all_pairs_incl_sentinel,round_win = game_pnl > 0 (decisive only),COMPATIBILITY_ONLY_NOT_PRODUCTION,584473.8809,521750.0287,6633.3633,3770,3770,-0.01134929,-0.02064894,-0.00990944,-0.01134929,-6633.3633,584473.8809,OK,0.0000,265.3345,4.0000,96.0000,AG03-UNRESOLVED,ALL5_LEVELS_bet23_to_bet27,265.3345,265.3345,265.3345,331.6682,331.6682,4.000000,4.000000,4.000000,5.000000,5.000000,96.000000,96.000000,96.000000,95.000000,95.000000,5.0,1459.3399,1336.7936,5174.0234,5296.5697,PENDING_AG03,FALSE,NOT_FOR_ENFORCEMENT,6368.0288,500880.0275,6633.3633,6368.0288,265.3345,0.01134929,0.01089532,265.3345,6368.0288,0.01089532,265.3345,265.3345,265.3345,331.6682,331.6682,6368.0288,0.01089532,1459.3399,1336.7936,5174.0234,5296.5697,0.00885245,0.00906212,0.00045397,155.0329,138.3952,1.7595,127.5647,14.6756,11239.8823,72.5000,180.5550,151.7125,58.09,129.7286,157.9904,321.5856,428.8828,778.3716,93.4046,0.0,3.306,6.0,1.195055,16,80,84,2,0.13407078,0.01134929,0.02064894,0E-8,0.000000,0.892683,0.000000,-0.01073951,2026-03-25,2026-08-03,52,452,218,132,0.393939,1.190113,1.164624,0.446903,,,,,,,,GLOBAL_BASELINE_NO_ENTITY_RANKING,,,NOT_APPLICABLE_GLOBAL_BASELINE,HF9g-P5,,,,X 全窗基线 · 不参与实体赏罚,14190620,1420,A168_HF9F_20260827_0900,2026-08-27 09:00:00
2026-03-30,70521282,763,0,49.5036469442,-49.5036469442,-49.5036469442,0E-7,1,1,0.49324550000000000,0.493245500000,-0.9865810262130424,-0.9865810262130424,-0.9865810262130424,0E-17,ELIGIBLE,R03b_20260811_FULL_v1,L1_ELIGIBILITY,v2026-08-11,2026-03-21..2026-08-06,baccarat_bet02_101_all_pairs_incl_sentinel,round_win = game_pnl > 0 (decisive only),COMPATIBILITY_ONLY_NOT_PRODUCTION,584473.8809,521750.0287,6633.3633,3770,3770,-0.01134929,-0.02064894,-0.00990944,-0.01134929,-6633.3633,584473.8809,OK,0.0000,265.3345,4.0000,96.0000,AG03-UNRESOLVED,ALL5_LEVELS_bet23_to_bet27,265.3345,265.3345,265.3345,331.6682,331.6682,4.000000,4.000000,4.000000,5.000000,5.000000,96.000000,96.000000,96.000000,95.000000,95.000000,5.0,1459.3399,1336.7936,5174.0234,5296.5697,PENDING_AG03,FALSE,NOT_FOR_ENFORCEMENT,6368.0288,500880.0275,6633.3633,6368.0288,265.3345,0.01134929,0.01089532,265.3345,6368.0288,0.01089532,265.3345,265.3345,265.3345,331.6682,331.6682,6368.0288,0.01089532,1459.3399,1336.7936,5174.0234,5296.5697,0.00885245,0.00906212,0.00045397,155.0329,138.3952,1.7595,127.5647,14.6756,11239.8823,72.5000,180.5550,151.7125,58.09,129.7286,157.9904,321.5856,428.8828,778.3716,93.4046,0.0,3.306,6.0,1.195055,16,80,84,2,0.13407078,0.01134929,0.02064894,0E-8,0.000000,0.892683,0.000000,-0.01073951,2026-03-25,2026-08-03,52,452,218,132,0.393939,1.190113,1.164624,0.446903,,,,,,,,GLOBAL_BASELINE_NO_ENTITY_RANKING,,,NOT_APPLICABLE_GLOBAL_BASELINE,HF9g-P5,,,,X 全窗基线 · 不参与实体赏罚,14190621,1420,A168_HF9F_20260827_0900,2026-08-27 09:00:00
2026-03-31,70521282,1385,0,193.7020652828,116.2212391697,116.2212391697,1.0000000,3,3,0.49324550000000000,0.493245500000,1.4334489766152358,1.4334489766152358,1.4334489766152358,0E-17,ELIGIBLE,R03b_20260811_FULL_v1,L1_ELIGIBILITY,v2026-08-11,2026-03-21..2026-08-06,baccarat_bet02_101_all_pairs_incl_sentinel,round_win = game_pnl > 0 (decisive only),COMPATIBILITY_ONLY_NOT_PRODUCTION,584473.8809,521750.0287,6633.3633,3770,3770,-0.01134929,-0.02064894,-0.00990944,-0.01134929,-6633.3633,584473.8809,OK,0.0000,265.3345,4.0000,96.0000,AG03-UNRESOLVED,ALL5_LEVELS_bet23_to_bet27,265.3345,265.3345,265.3345,331.6682,331.6682,4.000000,4.000000,4.000000,5.000000,5.000000,96.000000,96.000000,96.000000,95.000000,95.000000,5.0,1459.3399,1336.7936,5174.0234,5296.5697,PENDING_AG03,FALSE,NOT_FOR_ENFORCEMENT,6368.0288,500880.0275,6633.3633,6368.0288,265.3345,0.01134929,0.01089532,265.3345,6368.0288,0.01089532,265.3345,265.3345,265.3345,331.6682,331.6682,6368.0288,0.01089532,1459.3399,1336.7936,5174.0234,5296.5697,0.00885245,0.00906212,0.00045397,155.0329,138.3952,1.7595,127.5647,14.6756,11239.8823,72.5000,180.5550,151.7125,58.09,129.7286,157.9904,321.5856,428.8828,778.3716,93.4046,0.0,3.306,6.0,1.195055,16,80,84,2,0.13407078,0.01134929,0.02064894,0E-8,0.000000,0.892683,0.000000,-0.01073951,2026-03-25,2026-08-03,52,452,218,132,0.393939,1.190113,1.164624,0.446903,,,,,,,,GLOBAL_BASELINE_NO_ENTITY_RANKING,,,NOT_APPLICABLE_GLOBAL_BASELINE,HF9g-P5,,,,X 全窗基线 · 不参与实体赏罚,14190622,1420,A168_HF9F_20260827_0900,2026-08-27 09:00:00
2026-04-06,70521282,1353,0,40.0492107950,38.0467502552,38.0467502552,1.0000000,1,1,0.50665070000000000,0.506650700000,0.9867858985152569,0.9867858985152569,0.9867858985152569,0E-17,ELIGIBLE,R03b_20260811_FULL_v1,L1_ELIGIBILITY,v2026-08-11,2026-03-21..2026-08-06,baccarat_bet02_101_all_pairs_incl_sentinel,round_win = game_pnl > 0 (decisive only),COMPATIBILITY_ONLY_NOT_PRODUCTION,584473.8809,521750.0287,6633.3633,3770,3770,-0.01134929,-0.02064894,-0.00990944,-0.01134929,-6633.3633,584473.8809,OK,0.0000,265.3345,4.0000,96.0000,AG03-UNRESOLVED,ALL5_LEVELS_bet23_to_bet27,265.3345,265.3345,265.3345,331.6682,331.6682,4.000000,4.000000,4.000000,5.000000,5.000000,96.000000,96.000000,96.000000,95.000000,95.000000,5.0,1459.3399,1336.7936,5174.0234,5296.5697,PENDING_AG03,FALSE,NOT_FOR_ENFORCEMENT,6368.0288,500880.0275,6633.3633,6368.0288,265.3345,0.01134929,0.01089532,265.3345,6368.0288,0.01089532,265.3345,265.3345,265.3345,331.6682,331.6682,6368.0288,0.01089532,1459.3399,1336.7936,5174.0234,5296.5697,0.00885245,0.00906212,0.00045397,155.0329,138.3952,1.7595,127.5647,14.6756,11239.8823,72.5000,180.5550,151.7125,58.09,129.7286,157.9904,321.5856,428.8828,778.3716,93.4046,0.0,3.306,6.0,1.195055,16,80,84,2,0.13407078,0.01134929,0.02064894,0E-8,0.000000,0.892683,0.000000,-0.01073951,2026-03-25,2026-08-03,52,452,218,132,0.393939,1.190113,1.164624,0.446903,,,,,,,,GLOBAL_BASELINE_NO_ENTITY_RANKING,,,NOT_APPLICABLE_GLOBAL_BASELINE,HF9g-P5,,,,X 全窗基线 · 不参与实体赏罚,14190623,1420,A168_HF9F_20260827_0900,2026-08-27 09:00:00
2026-04-06,70521282,1405,0,3618.8257466697,497.3431405912,497.3431405912,0.6666667,19,19,0.49606764736842105,0.496067647368,1.3214951914849864,1.321495191488257,1.3214951914849864,4.2105E-13,ELIGIBLE,R03b_20260811_FULL_v1,L1_ELIGIBILITY,v2026-08-11,2026-03-21..2026-08-06,baccarat_bet02_101_all_pairs_incl_sentinel,round_win = game_pnl > 0 (decisive only),COMPATIBILITY_ONLY_NOT_PRODUCTION,584473.8809,521750.0287,6633.3633,3770,3770,-0.01134929,-0.02064894,-0.00990944,-0.01134929,-6633.3633,584473.8809,OK,0.0000,265.3345,4.0000,96.0000,AG03-UNRESOLVED,ALL5_LEVELS_bet23_to_bet27,265.3345,265.3345,265.3345,331.6682,331.6682,4.000000,4.000000,4.000000,5.000000,5.000000,96.000000,96.000000,96.000000,95.000000,95.000000,5.0,1459.3399,1336.7936,5174.0234,5296.5697,PENDING_AG03,FALSE,NOT_FOR_ENFORCEMENT,6368.0288,500880.0275,6633.3633,6368.0288,265.3345,0.01134929,0.01089532,265.3345,6368.0288,0.01089532,265.3345,265.3345,265.3345,331.6682,331.6682,6368.0288,0.01089532,1459.3399,1336.7936,5174.0234,5296.5697,0.00885245,0.00906212,0.00045397,155.0329,138.3952,1.7595,127.5647,14.6756,11239.8823,72.5000,180.5550,151.7125,58.09,129.7286,157.9904,321.5856,428.8828,778.3716,93.4046,0.0,3.306,6.0,1.195055,16,80,84,2,0.13407078,0.01134929,0.02064894,0E-8,0.000000,0.892683,0.000000,-0.01073951,2026-03-25,2026-08-03,52,452,218,132,0.393939,1.190113,1.164624,0.446903,,,,,,,,GLOBAL_BASELINE_NO_ENTITY_RANKING,,,NOT_APPLICABLE_GLOBAL_BASELINE,HF9g-P5,,,,X 全窗基线 · 不参与实体赏罚,14190624,1420,A168_HF9F_20260827_0900,2026-08-27 09:00:00
2026-04-06,70521282,1951,0,4325.5765254038,-2744.5488574196,-2744.5488574196,0.1250000,10,10,0.49726706000000000,0.497267060000,-2.1058919581919895,-2.1058919581919895,-2.1058919581919895,0E-17,ELIGIBLE,R03b_20260811_FULL_v1,L1_ELIGIBILITY,v2026-08-11,2026-03-21..2026-08-06,baccarat_bet02_101_all_pairs_incl_sentinel,round_win = game_pnl > 0 (decisive only),COMPATIBILITY_ONLY_NOT_PRODUCTION,584473.8809,521750.0287,6633.3633,3770,3770,-0.01134929,-0.02064894,-0.00990944,-0.01134929,-6633.3633,584473.8809,OK,0.0000,265.3345,4.0000,96.0000,AG03-UNRESOLVED,ALL5_LEVELS_bet23_to_bet27,265.3345,265.3345,265.3345,331.6682,331.6682,4.000000,4.000000,4.000000,5.000000,5.000000,96.000000,96.000000,96.000000,95.000000,95.000000,5.0,1459.3399,1336.7936,5174.0234,5296.5697,PENDING_AG03,FALSE,NOT_FOR_ENFORCEMENT,6368.0288,500880.0275,6633.3633,6368.0288,265.3345,0.01134929,0.01089532,265.3345,6368.0288,0.01089532,265.3345,265.3345,265.3345,331.6682,331.6682,6368.0288,0.01089532,1459.3399,1336.7936,5174.0234,5296.5697,0.00885245,0.00906212,0.00045397,155.0329,138.3952,1.7595,127.5647,14.6756,11239.8823,72.5000,180.5550,151.7125,58.09,129.7286,157.9904,321.5856,428.8828,778.3716,93.4046,0.0,3.306,6.0,1.195055,16,80,84,2,0.13407078,0.01134929,0.02064894,0E-8,0.000000,0.892683,0.000000,-0.01073951,2026-03-25,2026-08-03,52,452,218,132,0.393939,1.190113,1.164624,0.446903,,,,,,,,GLOBAL_BASELINE_NO_ENTITY_RANKING,,,NOT_APPLICABLE_GLOBAL_BASELINE,HF9g-P5,,,,X 全窗基线 · 不参与实体赏罚,14190625,1420,A168_HF9F_20260827_0900,2026-08-27 09:00:00
2026-04-06,70521282,1985,0,2224.9561552763,-628.2229144309,-628.2229144309,0.4000000,11,11,0.49324550000000000,0.493245500000,-0.5897901418880297,-0.5897901418880297,-0.5897901418880297,0E-17,ELIGIBLE,R03b_20260811_FULL_v1,L1_ELIGIBILITY,v2026-08-11,2026-03-21..2026-08-06,baccarat_bet02_101_all_pairs_incl_sentinel,round_win = game_pnl > 0 (decisive only),COMPATIBILITY_ONLY_NOT_PRODUCTION,584473.8809,521750.0287,6633.3633,3770,3770,-0.01134929,-0.02064894,-0.00990944,-0.01134929,-6633.3633,584473.8809,OK,0.0000,265.3345,4.0000,96.0000,AG03-UNRESOLVED,ALL5_LEVELS_bet23_to_bet27,265.3345,265.3345,265.3345,331.6682,331.6682,4.000000,4.000000,4.000000,5.000000,5.000000,96.000000,96.000000,96.000000,95.000000,95.000000,5.0,1459.3399,1336.7936,5174.0234,5296.5697,PENDING_AG03,FALSE,NOT_FOR_ENFORCEMENT,6368.0288,500880.0275,6633.3633,6368.0288,265.3345,0.01134929,0.01089532,265.3345,6368.0288,0.01089532,265.3345,265.3345,265.3345,331.6682,331.6682,6368.0288,0.01089532,1459.3399,1336.7936,5174.0234,5296.5697,0.00885245,0.00906212,0.00045397,155.0329,138.3952,1.7595,127.5647,14.6756,11239.8823,72.5000,180.5550,151.7125,58.09,129.7286,157.9904,321.5856,428.8828,778.3716,93.4046,0.0,3.306,6.0,1.195055,16,80,84,2,0.13407078,0.01134929,0.02064894,0E-8,0.000000,0.892683,0.000000,-0.01073951,2026-03-25,2026-08-03,52,452,218,132,0.393939,1.190113,1.164624,0.446903,,,,,,,,GLOBAL_BASELINE_NO_ENTITY_RANKING,,,NOT_APPLICABLE_GLOBAL_BASELINE,HF9g-P5,,,,X 全窗基线 · 不参与实体赏罚,14190626,1420,A168_HF9F_20260827_0900,2026-08-27 09:00:00
2026-04-06,70521282,2108,0,8194.9061592025,1427.6365730440,1427.6365730440,0.6206897,31,31,0.49800218387096774,0.498002183871,1.3213950535868266,1.3213950535864787,1.3213950535868266,-3.226E-14,ELIGIBLE,R03b_20260811_FULL_v1,L1_ELIGIBILITY,v2026-08-11,2026-03-21..2026-08-06,baccarat_bet02_101_all_pairs_incl_sentinel,round_win = game_pnl > 0 (decisive only),COMPATIBILITY_ONLY_NOT_PRODUCTION,584473.8809,521750.0287,6633.3633,3770,3770,-0.01134929,-0.02064894,-0.00990944,-0.01134929,-6633.3633,584473.8809,OK,0.0000,265.3345,4.0000,96.0000,AG03-UNRESOLVED,ALL5_LEVELS_bet23_to_bet27,265.3345,265.3345,265.3345,331.6682,331.6682,4.000000,4.000000,4.000000,5.000000,5.000000,96.000000,96.000000,96.000000,95.000000,95.000000,5.0,1459.3399,1336.7936,5174.0234,5296.5697,PENDING_AG03,FALSE,NOT_FOR_ENFORCEMENT,6368.0288,500880.0275,6633.3633,6368.0288,265.3345,0.01134929,0.01089532,265.3345,6368.0288,0.01089532,265.3345,265.3345,265.3345,331.6682,331.6682,6368.0288,0.01089532,1459.3399,1336.7936,5174.0234,5296.5697,0.00885245,0.00906212,0.00045397,155.0329,138.3952,1.7595,127.5647,14.6756,11239.8823,72.5000,180.5550,151.7125,58.09,129.7286,157.9904,321.5856,428.8828,778.3716,93.4046,0.0,3.306,6.0,1.195055,16,80,84,2,0.13407078,0.01134929,0.02064894,0E-8,0.000000,0.892683,0.000000,-0.01073951,2026-03-25,2026-08-03,52,452,218,132,0.393939,1.190113,1.164624,0.446903,,,,,,,,GLOBAL_BASELINE_NO_ENTITY_RANKING,,,NOT_APPLICABLE_GLOBAL_BASELINE,HF9g-P5,,,,X 全窗基线 · 不参与实体赏罚,14190627,1420,A168_HF9F_20260827_0900,2026-08-27 09:00:00
2026-04-06,70521282,772,0,265.6859408947,262.4139465487,262.4139465487,1.0000000,3,3,0.49771390000000000,0.497713900000,1.739988277604938,1.739988277604938,1.739988277604938,0E-17,ELIGIBLE,R03b_20260811_FULL_v1,L1_ELIGIBILITY,v2026-08-11,2026-03-21..2026-08-06,baccarat_bet02_101_all_pairs_incl_sentinel,round_win = game_pnl > 0 (decisive only),COMPATIBILITY_ONLY_NOT_PRODUCTION,584473.8809,521750.0287,6633.3633,3770,3770,-0.01134929,-0.02064894,-0.00990944,-0.01134929,-6633.3633,584473.8809,OK,0.0000,265.3345,4.0000,96.0000,AG03-UNRESOLVED,ALL5_LEVELS_bet23_to_bet27,265.3345,265.3345,265.3345,331.6682,331.6682,4.000000,4.000000,4.000000,5.000000,5.000000,96.000000,96.000000,96.000000,95.000000,95.000000,5.0,1459.3399,1336.7936,5174.0234,5296.5697,PENDING_AG03,FALSE,NOT_FOR_ENFORCEMENT,6368.0288,500880.0275,6633.3633,6368.0288,265.3345,0.01134929,0.01089532,265.3345,6368.0288,0.01089532,265.3345,265.3345,265.3345,331.6682,331.6682,6368.0288,0.01089532,1459.3399,1336.7936,5174.0234,5296.5697,0.00885245,0.00906212,0.00045397,155.0329,138.3952,1.7595,127.5647,14.6756,11239.8823,72.5000,180.5550,151.7125,58.09,129.7286,157.9904,321.5856,428.8828,778.3716,93.4046,0.0,3.306,6.0,1.195055,16,80,84,2,0.13407078,0.01134929,0.02064894,0E-8,0.000000,0.892683,0.000000,-0.01073951,2026-03-25,2026-08-03,52,452,218,132,0.393939,1.190113,1.164624,0.446903,,,,,,,,GLOBAL_BASELINE_NO_ENTITY_RANKING,,,NOT_APPLICABLE_GLOBAL_BASELINE,HF9g-P5,,,,X 全窗基线 · 不参与实体赏罚,14190628,1420,A168_HF9F_20260827_0900,2026-08-27 09:00:00
2026-04-06,70521282,948,0,156.0086904170,148.2082558962,148.2082558962,1.0000000,2,2,0.50665070000000000,0.506650700000,1.3955260008387969,1.3955260008387969,1.3955260008387969,0E-17,ELIGIBLE,R03b_20260811_FULL_v1,L1_ELIGIBILITY,v2026-08-11,2026-03-21..2026-08-06,baccarat_bet02_101_all_pairs_incl_sentinel,round_win = game_pnl > 0 (decisive only),COMPATIBILITY_ONLY_NOT_PRODUCTION,584473.8809,521750.0287,6633.3633,3770,3770,-0.01134929,-0.02064894,-0.00990944,-0.01134929,-6633.3633,584473.8809,OK,0.0000,265.3345,4.0000,96.0000,AG03-UNRESOLVED,ALL5_LEVELS_bet23_to_bet27,265.3345,265.3345,265.3345,331.6682,331.6682,4.000000,4.000000,4.000000,5.000000,5.000000,96.000000,96.000000,96.000000,95.000000,95.000000,5.0,1459.3399,1336.7936,5174.0234,5296.5697,PENDING_AG03,FALSE,NOT_FOR_ENFORCEMENT,6368.0288,500880.0275,6633.3633,6368.0288,265.3345,0.01134929,0.01089532,265.3345,6368.0288,0.01089532,265.3345,265.3345,265.3345,331.6682,331.6682,6368.0288,0.01089532,1459.3399,1336.7936,5174.0234,5296.5697,0.00885245,0.00906212,0.00045397,155.0329,138.3952,1.7595,127.5647,14.6756,11239.8823,72.5000,180.5550,151.7125,58.09,129.7286,157.9904,321.5856,428.8828,778.3716,93.4046,0.0,3.306,6.0,1.195055,16,80,84,2,0.13407078,0.01134929,0.02064894,0E-8,0.000000,0.892683,0.000000,-0.01073951,2026-03-25,2026-08-03,52,452,218,132,0.393939,1.190113,1.164624,0.446903,,,,,,,,GLOBAL_BASELINE_NO_ENTITY_RANKING,,,NOT_APPLICABLE_GLOBAL_BASELINE,HF9g-P5,,,,X 全窗基线 · 不参与实体赏罚,14190629,1420,A168_HF9F_20260827_0900,2026-08-27 09:00:00
2026-04-09,70521282,1205,0,686.8570531111,444.6378556659,444.6378556659,0.7777778,9,9,0.49771390000000000,0.497713900000,1.6804008311589396,1.6804008311589396,1.6804008311589396,0E-17,ELIGIBLE,R03b_20260811_FULL_v1,L1_ELIGIBILITY,v2026-08-11,2026-03-21..2026-08-06,baccarat_bet02_101_all_pairs_incl_sentinel,round_win = game_pnl > 0 (decisive only),COMPATIBILITY_ONLY_NOT_PRODUCTION,584473.8809,521750.0287,6633.3633,3770,3770,-0.01134929,-0.02064894,-0.00990944,-0.01134929,-6633.3633,584473.8809,OK,0.0000,265.3345,4.0000,96.0000,AG03-UNRESOLVED,ALL5_LEVELS_bet23_to_bet27,265.3345,265.3345,265.3345,331.6682,331.6682,4.000000,4.000000,4.000000,5.000000,5.000000,96.000000,96.000000,96.000000,95.000000,95.000000,5.0,1459.3399,1336.7936,5174.0234,5296.5697,PENDING_AG03,FALSE,NOT_FOR_ENFORCEMENT,6368.0288,500880.0275,6633.3633,6368.0288,265.3345,0.01134929,0.01089532,265.3345,6368.0288,0.01089532,265.3345,265.3345,265.3345,331.6682,331.6682,6368.0288,0.01089532,1459.3399,1336.7936,5174.0234,5296.5697,0.00885245,0.00906212,0.00045397,155.0329,138.3952,1.7595,127.5647,14.6756,11239.8823,72.5000,180.5550,151.7125,58.09,129.7286,157.9904,321.5856,428.8828,778.3716,93.4046,0.0,3.306,6.0,1.195055,16,80,84,2,0.13407078,0.01134929,0.02064894,0E-8,0.000000,0.892683,0.000000,-0.01073951,2026-03-25,2026-08-03,52,452,218,132,0.393939,1.190113,1.164624,0.446903,,,,,,,,GLOBAL_BASELINE_NO_ENTITY_RANKING,,,NOT_APPLICABLE_GLOBAL_BASELINE,HF9g-P5,,,,X 全窗基线 · 不参与实体赏罚,14190630,1420,A168_HF9F_20260827_0900,2026-08-27 09:00:00
2026-04-09,70521282,1382,0,312.8026594770,-158.3645263461,-158.3645263461,0.2500000,5,5,0.50128862000000000,0.501288620000,-1.0051578182180947,-1.0051578182180947,-1.0051578182180947,0E-17,ELIGIBLE,R03b_20260811_FULL_v1,L1_ELIGIBILITY,v2026-08-11,2026-03-21..2026-08-06,baccarat_bet02_101_all_pairs_incl_sentinel,round_win = game_pnl > 0 (decisive only),COMPATIBILITY_ONLY_NOT_PRODUCTION,584473.8809,521750.0287,6633.3633,3770,3770,-0.01134929,-0.02064894,-0.00990944,-0.01134929,-6633.3633,584473.8809,OK,0.0000,265.3345,4.0000,96.0000,AG03-UNRESOLVED,ALL5_LEVELS_bet23_to_bet27,265.3345,265.3345,265.3345,331.6682,331.6682,4.000000,4.000000,4.000000,5.000000,5.000000,96.000000,96.000000,96.000000,95.000000,95.000000,5.0,1459.3399,1336.7936,5174.0234,5296.5697,PENDING_AG03,FALSE,NOT_FOR_ENFORCEMENT,6368.0288,500880.0275,6633.3633,6368.0288,265.3345,0.01134929,0.01089532,265.3345,6368.0288,0.01089532,265.3345,265.3345,265.3345,331.6682,331.6682,6368.0288,0.01089532,1459.3399,1336.7936,5174.0234,5296.5697,0.00885245,0.00906212,0.00045397,155.0329,138.3952,1.7595,127.5647,14.6756,11239.8823,72.5000,180.5550,151.7125,58.09,129.7286,157.9904,321.5856,428.8828,778.3716,93.4046,0.0,3.306,6.0,1.195055,16,80,84,2,0.13407078,0.01134929,0.02064894,0E-8,0.000000,0.892683,0.000000,-0.01073951,2026-03-25,2026-08-03,52,452,218,132,0.393939,1.190113,1.164624,0.446903,,,,,,,,GLOBAL_BASELINE_NO_ENTITY_RANKING,,,NOT_APPLICABLE_GLOBAL_BASELINE,HF9g-P5,,,,X 全窗基线 · 不参与实体赏罚,14190631,1420,A168_HF9F_20260827_0900,2026-08-27 09:00:00
2026-04-09,70521282,1383,0,571.1593330367,23.2573358113,23.2573358113,0.6000000,10,10,0.49994810000000000,0.499948100000,0.6327837798637467,0.6327837798637467,0.6327837798637467,0E-17,ELIGIBLE,R03b_20260811_FULL_v1,L1_ELIGIBILITY,v2026-08-11,2026-03-21..2026-08-06,baccarat_bet02_101_all_pairs_incl_sentinel,round_win = game_pnl > 0 (decisive only),COMPATIBILITY_ONLY_NOT_PRODUCTION,584473.8809,521750.0287,6633.3633,3770,3770,-0.01134929,-0.02064894,-0.00990944,-0.01134929,-6633.3633,584473.8809,OK,0.0000,265.3345,4.0000,96.0000,AG03-UNRESOLVED,ALL5_LEVELS_bet23_to_bet27,265.3345,265.3345,265.3345,331.6682,331.6682,4.000000,4.000000,4.000000,5.000000,5.000000,96.000000,96.000000,96.000000,95.000000,95.000000,5.0,1459.3399,1336.7936,5174.0234,5296.5697,PENDING_AG03,FALSE,NOT_FOR_ENFORCEMENT,6368.0288,500880.0275,6633.3633,6368.0288,265.3345,0.01134929,0.01089532,265.3345,6368.0288,0.01089532,265.3345,265.3345,265.3345,331.6682,331.6682,6368.0288,0.01089532,1459.3399,1336.7936,5174.0234,5296.5697,0.00885245,0.00906212,0.00045397,155.0329,138.3952,1.7595,127.5647,14.6756,11239.8823,72.5000,180.5550,151.7125,58.09,129.7286,157.9904,321.5856,428.8828,778.3716,93.4046,0.0,3.306,6.0,1.195055,16,80,84,2,0.13407078,0.01134929,0.02064894,0E-8,0.000000,0.892683,0.000000,-0.01073951,2026-03-25,2026-08-03,52,452,218,132,0.393939,1.190113,1.164624,0.446903,,,,,,,,GLOBAL_BASELINE_NO_ENTITY_RANKING,,,NOT_APPLICABLE_GLOBAL_BASELINE,HF9g-P5,,,,X 全窗基线 · 不参与实体赏罚,14190632,1420,A168_HF9F_20260827_0900,2026-08-27 09:00:00
2026-04-09,70521282,1646,0,369.0809622282,-102.0862235950,-102.0862235950,0.4000000,5,5,0.49860758000000000,0.498607580000,-0.440988213962219,-0.440988213962219,-0.440988213962219,0E-17,ELIGIBLE,R03b_20260811_FULL_v1,L1_ELIGIBILITY,v2026-08-11,2026-03-21..2026-08-06,baccarat_bet02_101_all_pairs_incl_sentinel,round_win = game_pnl > 0 (decisive only),COMPATIBILITY_ONLY_NOT_PRODUCTION,584473.8809,521750.0287,6633.3633,3770,3770,-0.01134929,-0.02064894,-0.00990944,-0.01134929,-6633.3633,584473.8809,OK,0.0000,265.3345,4.0000,96.0000,AG03-UNRESOLVED,ALL5_LEVELS_bet23_to_bet27,265.3345,265.3345,265.3345,331.6682,331.6682,4.000000,4.000000,4.000000,5.000000,5.000000,96.000000,96.000000,96.000000,95.000000,95.000000,5.0,1459.3399,1336.7936,5174.0234,5296.5697,PENDING_AG03,FALSE,NOT_FOR_ENFORCEMENT,6368.0288,500880.0275,6633.3633,6368.0288,265.3345,0.01134929,0.01089532,265.3345,6368.0288,0.01089532,265.3345,265.3345,265.3345,331.6682,331.6682,6368.0288,0.01089532,1459.3399,1336.7936,5174.0234,5296.5697,0.00885245,0.00906212,0.00045397,155.0329,138.3952,1.7595,127.5647,14.6756,11239.8823,72.5000,180.5550,151.7125,58.09,129.7286,157.9904,321.5856,428.8828,778.3716,93.4046,0.0,3.306,6.0,1.195055,16,80,84,2,0.13407078,0.01134929,0.02064894,0E-8,0.000000,0.892683,0.000000,-0.01073951,2026-03-25,2026-08-03,52,452,218,132,0.393939,1.190113,1.164624,0.446903,,,,,,,,GLOBAL_BASELINE_NO_ENTITY_RANKING,,,NOT_APPLICABLE_GLOBAL_BASELINE,HF9g-P5,,,,X 全窗基线 · 不参与实体赏罚,14190633,1420,A168_HF9F_20260827_0900,2026-08-27 09:00:00
2026-04-09,70521282,2134,0,453.1057770333,-52.3780854906,-52.3780854906,0.4285714,8,8,0.50329940000000000,0.503299400000,-0.395431866228915,-0.39543186622891513,-0.395431866228915,0E-17,ELIGIBLE,R03b_20260811_FULL_v1,L1_ELIGIBILITY,v2026-08-11,2026-03-21..2026-08-06,baccarat_bet02_101_all_pairs_incl_sentinel,round_win = game_pnl > 0 (decisive only),COMPATIBILITY_ONLY_NOT_PRODUCTION,584473.8809,521750.0287,6633.3633,3770,3770,-0.01134929,-0.02064894,-0.00990944,-0.01134929,-6633.3633,584473.8809,OK,0.0000,265.3345,4.0000,96.0000,AG03-UNRESOLVED,ALL5_LEVELS_bet23_to_bet27,265.3345,265.3345,265.3345,331.6682,331.6682,4.000000,4.000000,4.000000,5.000000,5.000000,96.000000,96.000000,96.000000,95.000000,95.000000,5.0,1459.3399,1336.7936,5174.0234,5296.5697,PENDING_AG03,FALSE,NOT_FOR_ENFORCEMENT,6368.0288,500880.0275,6633.3633,6368.0288,265.3345,0.01134929,0.01089532,265.3345,6368.0288,0.01089532,265.3345,265.3345,265.3345,331.6682,331.6682,6368.0288,0.01089532,1459.3399,1336.7936,5174.0234,5296.5697,0.00885245,0.00906212,0.00045397,155.0329,138.3952,1.7595,127.5647,14.6756,11239.8823,72.5000,180.5550,151.7125,58.09,129.7286,157.9904,321.5856,428.8828,778.3716,93.4046,0.0,3.306,6.0,1.195055,16,80,84,2,0.13407078,0.01134929,0.02064894,0E-8,0.000000,0.892683,0.000000,-0.01073951,2026-03-25,2026-08-03,52,452,218,132,0.393939,1.190113,1.164624,0.446903,,,,,,,,GLOBAL_BASELINE_NO_ENTITY_RANKING,,,NOT_APPLICABLE_GLOBAL_BASELINE,HF9g-P5,,,,X 全窗基线 · 不参与实体赏罚,14190634,1420,A168_HF9F_20260827_0900,2026-08-27 09:00:00
2026-04-10,70521282,1017,0,549.6950501270,-274.8475250635,-274.8475250635,0E-7,2,2,0.50665070000000000,0.506650700000,-1.013391052207602,-1.013391052207602,-1.013391052207602,0E-17,ELIGIBLE,R03b_20260811_FULL_v1,L1_ELIGIBILITY,v2026-08-11,2026-03-21..2026-08-06,baccarat_bet02_101_all_pairs_incl_sentinel,round_win = game_pnl > 0 (decisive only),COMPATIBILITY_ONLY_NOT_PRODUCTION,584473.8809,521750.0287,6633.3633,3770,3770,-0.01134929,-0.02064894,-0.00990944,-0.01134929,-6633.3633,584473.8809,OK,0.0000,265.3345,4.0000,96.0000,AG03-UNRESOLVED,ALL5_LEVELS_bet23_to_bet27,265.3345,265.3345,265.3345,331.6682,331.6682,4.000000,4.000000,4.000000,5.000000,5.000000,96.000000,96.000000,96.000000,95.000000,95.000000,5.0,1459.3399,1336.7936,5174.0234,5296.5697,PENDING_AG03,FALSE,NOT_FOR_ENFORCEMENT,6368.0288,500880.0275,6633.3633,6368.0288,265.3345,0.01134929,0.01089532,265.3345,6368.0288,0.01089532,265.3345,265.3345,265.3345,331.6682,331.6682,6368.0288,0.01089532,1459.3399,1336.7936,5174.0234,5296.5697,0.00885245,0.00906212,0.00045397,155.0329,138.3952,1.7595,127.5647,14.6756,11239.8823,72.5000,180.5550,151.7125,58.09,129.7286,157.9904,321.5856,428.8828,778.3716,93.4046,0.0,3.306,6.0,1.195055,16,80,84,2,0.13407078,0.01134929,0.02064894,0E-8,0.000000,0.892683,0.000000,-0.01073951,2026-03-25,2026-08-03,52,452,218,132,0.393939,1.190113,1.164624,0.446903,,,,,,,,GLOBAL_BASELINE_NO_ENTITY_RANKING,,,NOT_APPLICABLE_GLOBAL_BASELINE,HF9g-P5,,,,X 全窗基线 · 不参与实体赏罚,14190635,1420,A168_HF9F_20260827_0900,2026-08-27 09:00:00
2026-04-10,70521282,1363,0,237.4159097454,-26.4377143156,-26.4377143156,0.5000000,4,4,0.49324550000000000,0.493245500000,0.027020465636507562,0.027020465636507562,0.027020465636507562,0E-17,ELIGIBLE,R03b_20260811_FULL_v1,L1_ELIGIBILITY,v2026-08-11,2026-03-21..2026-08-06,baccarat_bet02_101_all_pairs_incl_sentinel,round_win = game_pnl > 0 (decisive only),COMPATIBILITY_ONLY_NOT_PRODUCTION,584473.8809,521750.0287,6633.3633,3770,3770,-0.01134929,-0.02064894,-0.00990944,-0.01134929,-6633.3633,584473.8809,OK,0.0000,265.3345,4.0000,96.0000,AG03-UNRESOLVED,ALL5_LEVELS_bet23_to_bet27,265.3345,265.3345,265.3345,331.6682,331.6682,4.000000,4.000000,4.000000,5.000000,5.000000,96.000000,96.000000,96.000000,95.000000,95.000000,5.0,1459.3399,1336.7936,5174.0234,5296.5697,PENDING_AG03,FALSE,NOT_FOR_ENFORCEMENT,6368.0288,500880.0275,6633.3633,6368.0288,265.3345,0.01134929,0.01089532,265.3345,6368.0288,0.01089532,265.3345,265.3345,265.3345,331.6682,331.6682,6368.0288,0.01089532,1459.3399,1336.7936,5174.0234,5296.5697,0.00885245,0.00906212,0.00045397,155.0329,138.3952,1.7595,127.5647,14.6756,11239.8823,72.5000,180.5550,151.7125,58.09,129.7286,157.9904,321.5856,428.8828,778.3716,93.4046,0.0,3.306,6.0,1.195055,16,80,84,2,0.13407078,0.01134929,0.02064894,0E-8,0.000000,0.892683,0.000000,-0.01073951,2026-03-25,2026-08-03,52,452,218,132,0.393939,1.190113,1.164624,0.446903,,,,,,,,GLOBAL_BASELINE_NO_ENTITY_RANKING,,,NOT_APPLICABLE_GLOBAL_BASELINE,HF9g-P5,,,,X 全窗基线 · 不参与实体赏罚,14190636,1420,A168_HF9F_20260827_0900,2026-08-27 09:00:00
2026-04-10,70521282,1382,0,3507.5779389056,-1282.6217836296,-1282.6217836296,0.2500000,10,10,0.49592654000000000,0.495926540000,-1.3912167627600591,-1.3912167627600591,-1.3912167627600591,0E-17,ELIGIBLE,R03b_20260811_FULL_v1,L1_ELIGIBILITY,v2026-08-11,2026-03-21..2026-08-06,baccarat_bet02_101_all_pairs_incl_sentinel,round_win = game_pnl > 0 (decisive only),COMPATIBILITY_ONLY_NOT_PRODUCTION,584473.8809,521750.0287,6633.3633,3770,3770,-0.01134929,-0.02064894,-0.00990944,-0.01134929,-6633.3633,584473.8809,OK,0.0000,265.3345,4.0000,96.0000,AG03-UNRESOLVED,ALL5_LEVELS_bet23_to_bet27,265.3345,265.3345,265.3345,331.6682,331.6682,4.000000,4.000000,4.000000,5.000000,5.000000,96.000000,96.000000,96.000000,95.000000,95.000000,5.0,1459.3399,1336.7936,5174.0234,5296.5697,PENDING_AG03,FALSE,NOT_FOR_ENFORCEMENT,6368.0288,500880.0275,6633.3633,6368.0288,265.3345,0.01134929,0.01089532,265.3345,6368.0288,0.01089532,265.3345,265.3345,265.3345,331.6682,331.6682,6368.0288,0.01089532,1459.3399,1336.7936,5174.0234,5296.5697,0.00885245,0.00906212,0.00045397,155.0329,138.3952,1.7595,127.5647,14.6756,11239.8823,72.5000,180.5550,151.7125,58.09,129.7286,157.9904,321.5856,428.8828,778.3716,93.4046,0.0,3.306,6.0,1.195055,16,80,84,2,0.13407078,0.01134929,0.02064894,0E-8,0.000000,0.892683,0.000000,-0.01073951,2026-03-25,2026-08-03,52,452,218,132,0.393939,1.190113,1.164624,0.446903,,,,,,,,GLOBAL_BASELINE_NO_ENTITY_RANKING,,,NOT_APPLICABLE_GLOBAL_BASELINE,HF9g-P5,,,,X 全窗基线 · 不参与实体赏罚,14190637,1420,A168_HF9F_20260827_0900,2026-08-27 09:00:00
2026-04-10,70521282,1383,0,3999.1623694478,48.8181556422,48.8181556422,0.4375000,18,18,0.50069283333333333,0.500692833333,-0.5055431520065531,-0.5055431520038861,-0.5055431520065531,3.3333E-13,ELIGIBLE,R03b_20260811_FULL_v1,L1_ELIGIBILITY,v2026-08-11,2026-03-21..2026-08-06,baccarat_bet02_101_all_pairs_incl_sentinel,round_win = game_pnl > 0 (decisive only),COMPATIBILITY_ONLY_NOT_PRODUCTION,584473.8809,521750.0287,6633.3633,3770,3770,-0.01134929,-0.02064894,-0.00990944,-0.01134929,-6633.3633,584473.8809,OK,0.0000,265.3345,4.0000,96.0000,AG03-UNRESOLVED,ALL5_LEVELS_bet23_to_bet27,265.3345,265.3345,265.3345,331.6682,331.6682,4.000000,4.000000,4.000000,5.000000,5.000000,96.000000,96.000000,96.000000,95.000000,95.000000,5.0,1459.3399,1336.7936,5174.0234,5296.5697,PENDING_AG03,FALSE,NOT_FOR_ENFORCEMENT,6368.0288,500880.0275,6633.3633,6368.0288,265.3345,0.01134929,0.01089532,265.3345,6368.0288,0.01089532,265.3345,265.3345,265.3345,331.6682,331.6682,6368.0288,0.01089532,1459.3399,1336.7936,5174.0234,5296.5697,0.00885245,0.00906212,0.00045397,155.0329,138.3952,1.7595,127.5647,14.6756,11239.8823,72.5000,180.5550,151.7125,58.09,129.7286,157.9904,321.5856,428.8828,778.3716,93.4046,0.0,3.306,6.0,1.195055,16,80,84,2,0.13407078,0.01134929,0.02064894,0E-8,0.000000,0.892683,0.000000,-0.01073951,2026-03-25,2026-08-03,52,452,218,132,0.393939,1.190113,1.164624,0.446903,,,,,,,,GLOBAL_BASELINE_NO_ENTITY_RANKING,,,NOT_APPLICABLE_GLOBAL_BASELINE,HF9g-P5,,,,X 全窗基线 · 不参与实体赏罚,14190638,1420,A168_HF9F_20260827_0900,2026-08-27 09:00:00
2026-04-10,70521282,1485,0,2491.9508939089,-409.3134047065,-409.3134047065,0.4444444,11,11,0.50299473636363636,0.502994736364,-0.35130805294619155,-0.35130805294837497,-0.35130805294619155,-3.6364E-13,ELIGIBLE,R03b_20260811_FULL_v1,L1_ELIGIBILITY,v2026-08-11,2026-03-21..2026-08-06,baccarat_bet02_101_all_pairs_incl_sentinel,round_win = game_pnl > 0 (decisive only),COMPATIBILITY_ONLY_NOT_PRODUCTION,584473.8809,521750.0287,6633.3633,3770,3770,-0.01134929,-0.02064894,-0.00990944,-0.01134929,-6633.3633,584473.8809,OK,0.0000,265.3345,4.0000,96.0000,AG03-UNRESOLVED,ALL5_LEVELS_bet23_to_bet27,265.3345,265.3345,265.3345,331.6682,331.6682,4.000000,4.000000,4.000000,5.000000,5.000000,96.000000,96.000000,96.000000,95.000000,95.000000,5.0,1459.3399,1336.7936,5174.0234,5296.5697,PENDING_AG03,FALSE,NOT_FOR_ENFORCEMENT,6368.0288,500880.0275,6633.3633,6368.0288,265.3345,0.01134929,0.01089532,265.3345,6368.0288,0.01089532,265.3345,265.3345,265.3345,331.6682,331.6682,6368.0288,0.01089532,1459.3399,1336.7936,5174.0234,5296.5697,0.00885245,0.00906212,0.00045397,155.0329,138.3952,1.7595,127.5647,14.6756,11239.8823,72.5000,180.5550,151.7125,58.09,129.7286,157.9904,321.5856,428.8828,778.3716,93.4046,0.0,3.306,6.0,1.195055,16,80,84,2,0.13407078,0.01134929,0.02064894,0E-8,0.000000,0.892683,0.000000,-0.01073951,2026-03-25,2026-08-03,52,452,218,132,0.393939,1.190113,1.164624,0.446903,,,,,,,,GLOBAL_BASELINE_NO_ENTITY_RANKING,,,NOT_APPLICABLE_GLOBAL_BASELINE,HF9g-P5,,,,X 全窗基线 · 不参与实体赏罚,14190639,1420,A168_HF9F_20260827_0900,2026-08-27 09:00:00
2026-04-10,70521282,1645,0,263.0683454179,263.0683454179,263.0683454179,1.0000000,1,1,0.49324550000000000,0.493245500000,1.01360149184955,1.01360149184955,1.01360149184955,0E-17,ELIGIBLE,R03b_20260811_FULL_v1,L1_ELIGIBILITY,v2026-08-11,2026-03-21..2026-08-06,baccarat_bet02_101_all_pairs_incl_sentinel,round_win = game_pnl > 0 (decisive only),COMPATIBILITY_ONLY_NOT_PRODUCTION,584473.8809,521750.0287,6633.3633,3770,3770,-0.01134929,-0.02064894,-0.00990944,-0.01134929,-6633.3633,584473.8809,OK,0.0000,265.3345,4.0000,96.0000,AG03-UNRESOLVED,ALL5_LEVELS_bet23_to_bet27,265.3345,265.3345,265.3345,331.6682,331.6682,4.000000,4.000000,4.000000,5.000000,5.000000,96.000000,96.000000,96.000000,95.000000,95.000000,5.0,1459.3399,1336.7936,5174.0234,5296.5697,PENDING_AG03,FALSE,NOT_FOR_ENFORCEMENT,6368.0288,500880.0275,6633.3633,6368.0288,265.3345,0.01134929,0.01089532,265.3345,6368.0288,0.01089532,265.3345,265.3345,265.3345,331.6682,331.6682,6368.0288,0.01089532,1459.3399,1336.7936,5174.0234,5296.5697,0.00885245,0.00906212,0.00045397,155.0329,138.3952,1.7595,127.5647,14.6756,11239.8823,72.5000,180.5550,151.7125,58.09,129.7286,157.9904,321.5856,428.8828,778.3716,93.4046,0.0,3.306,6.0,1.195055,16,80,84,2,0.13407078,0.01134929,0.02064894,0E-8,0.000000,0.892683,0.000000,-0.01073951,2026-03-25,2026-08-03,52,452,218,132,0.393939,1.190113,1.164624,0.446903,,,,,,,,GLOBAL_BASELINE_NO_ENTITY_RANKING,,,NOT_APPLICABLE_GLOBAL_BASELINE,HF9g-P5,,,,X 全窗基线 · 不参与实体赏罚,14190640,1420,A168_HF9F_20260827_0900,2026-08-27 09:00:00
2026-04-10,70521282,1654,0,7943.6169934301,260.5816297147,260.5816297147,0.5555556,28,28,0.49659680000000000,0.496596800000,0.6127315542360804,0.6127315542360804,0.6127315542360804,0E-17,ELIGIBLE,R03b_20260811_FULL_v1,L1_ELIGIBILITY,v2026-08-11,2026-03-21..2026-08-06,baccarat_bet02_101_all_pairs_incl_sentinel,round_win = game_pnl > 0 (decisive only),COMPATIBILITY_ONLY_NOT_PRODUCTION,584473.8809,521750.0287,6633.3633,3770,3770,-0.01134929,-0.02064894,-0.00990944,-0.01134929,-6633.3633,584473.8809,OK,0.0000,265.3345,4.0000,96.0000,AG03-UNRESOLVED,ALL5_LEVELS_bet23_to_bet27,265.3345,265.3345,265.3345,331.6682,331.6682,4.000000,4.000000,4.000000,5.000000,5.000000,96.000000,96.000000,96.000000,95.000000,95.000000,5.0,1459.3399,1336.7936,5174.0234,5296.5697,PENDING_AG03,FALSE,NOT_FOR_ENFORCEMENT,6368.0288,500880.0275,6633.3633,6368.0288,265.3345,0.01134929,0.01089532,265.3345,6368.0288,0.01089532,265.3345,265.3345,265.3345,331.6682,331.6682,6368.0288,0.01089532,1459.3399,1336.7936,5174.0234,5296.5697,0.00885245,0.00906212,0.00045397,155.0329,138.3952,1.7595,127.5647,14.6756,11239.8823,72.5000,180.5550,151.7125,58.09,129.7286,157.9904,321.5856,428.8828,778.3716,93.4046,0.0,3.306,6.0,1.195055,16,80,84,2,0.13407078,0.01134929,0.02064894,0E-8,0.000000,0.892683,0.000000,-0.01073951,2026-03-25,2026-08-03,52,452,218,132,0.393939,1.190113,1.164624,0.446903,,,,,,,,GLOBAL_BASELINE_NO_ENTITY_RANKING,,,NOT_APPLICABLE_GLOBAL_BASELINE,HF9g-P5,,,,X 全窗基线 · 不参与实体赏罚,14190641,1420,A168_HF9F_20260827_0900,2026-08-27 09:00:00
2026-04-10,70521282,529,0,589.7442609219,-509.4102557391,-509.4102557391,0.1428571,8,8,0.50665070000000000,0.506650700000,-1.925184877894219,-1.925184877894219,-1.925184877894219,0E-17,ELIGIBLE,R03b_20260811_FULL_v1,L1_ELIGIBILITY,v2026-08-11,2026-03-21..2026-08-06,baccarat_bet02_101_all_pairs_incl_sentinel,round_win = game_pnl > 0 (decisive only),COMPATIBILITY_ONLY_NOT_PRODUCTION,584473.8809,521750.0287,6633.3633,3770,3770,-0.01134929,-0.02064894,-0.00990944,-0.01134929,-6633.3633,584473.8809,OK,0.0000,265.3345,4.0000,96.0000,AG03-UNRESOLVED,ALL5_LEVELS_bet23_to_bet27,265.3345,265.3345,265.3345,331.6682,331.6682,4.000000,4.000000,4.000000,5.000000,5.000000,96.000000,96.000000,96.000000,95.000000,95.000000,5.0,1459.3399,1336.7936,5174.0234,5296.5697,PENDING_AG03,FALSE,NOT_FOR_ENFORCEMENT,6368.0288,500880.0275,6633.3633,6368.0288,265.3345,0.01134929,0.01089532,265.3345,6368.0288,0.01089532,265.3345,265.3345,265.3345,331.6682,331.6682,6368.0288,0.01089532,1459.3399,1336.7936,5174.0234,5296.5697,0.00885245,0.00906212,0.00045397,155.0329,138.3952,1.7595,127.5647,14.6756,11239.8823,72.5000,180.5550,151.7125,58.09,129.7286,157.9904,321.5856,428.8828,778.3716,93.4046,0.0,3.306,6.0,1.195055,16,80,84,2,0.13407078,0.01134929,0.02064894,0E-8,0.000000,0.892683,0.000000,-0.01073951,2026-03-25,2026-08-03,52,452,218,132,0.393939,1.190113,1.164624,0.446903,,,,,,,,GLOBAL_BASELINE_NO_ENTITY_RANKING,,,NOT_APPLICABLE_GLOBAL_BASELINE,HF9g-P5,,,,X 全窗基线 · 不参与实体赏罚,14190642,1420,A168_HF9F_20260827_0900,2026-08-27 09:00:00
2026-04-10,70521282,550,0,407.0360966417,-130.8928618173,-130.8928618173,0.5000000,6,6,0.50218230000000000,0.502182300000,-0.01069114476356389,-0.01069114476356389,-0.01069114476356389,0E-17,ELIGIBLE,R03b_20260811_FULL_v1,L1_ELIGIBILITY,v2026-08-11,2026-03-21..2026-08-06,baccarat_bet02_101_all_pairs_incl_sentinel,round_win = game_pnl > 0 (decisive only),COMPATIBILITY_ONLY_NOT_PRODUCTION,584473.8809,521750.0287,6633.3633,3770,3770,-0.01134929,-0.02064894,-0.00990944,-0.01134929,-6633.3633,584473.8809,OK,0.0000,265.3345,4.0000,96.0000,AG03-UNRESOLVED,ALL5_LEVELS_bet23_to_bet27,265.3345,265.3345,265.3345,331.6682,331.6682,4.000000,4.000000,4.000000,5.000000,5.000000,96.000000,96.000000,96.000000,95.000000,95.000000,5.0,1459.3399,1336.7936,5174.0234,5296.5697,PENDING_AG03,FALSE,NOT_FOR_ENFORCEMENT,6368.0288,500880.0275,6633.3633,6368.0288,265.3345,0.01134929,0.01089532,265.3345,6368.0288,0.01089532,265.3345,265.3345,265.3345,331.6682,331.6682,6368.0288,0.01089532,1459.3399,1336.7936,5174.0234,5296.5697,0.00885245,0.00906212,0.00045397,155.0329,138.3952,1.7595,127.5647,14.6756,11239.8823,72.5000,180.5550,151.7125,58.09,129.7286,157.9904,321.5856,428.8828,778.3716,93.4046,0.0,3.306,6.0,1.195055,16,80,84,2,0.13407078,0.01134929,0.02064894,0E-8,0.000000,0.892683,0.000000,-0.01073951,2026-03-25,2026-08-03,52,452,218,132,0.393939,1.190113,1.164624,0.446903,,,,,,,,GLOBAL_BASELINE_NO_ENTITY_RANKING,,,NOT_APPLICABLE_GLOBAL_BASELINE,HF9g-P5,,,,X 全窗基线 · 不参与实体赏罚,14190643,1420,A168_HF9F_20260827_0900,2026-08-27 09:00:00
2026-04-10,70521282,583,0,575.8710048949,-575.8710048949,-575.8710048949,0E-7,2,2,0.49994810000000000,0.499948100000,-1.4140667746232096,-1.4140667746232096,-1.4140667746232096,0E-17,ELIGIBLE,R03b_20260811_FULL_v1,L1_ELIGIBILITY,v2026-08-11,2026-03-21..2026-08-06,baccarat_bet02_101_all_pairs_incl_sentinel,round_win = game_pnl > 0 (decisive only),COMPATIBILITY_ONLY_NOT_PRODUCTION,584473.8809,521750.0287,6633.3633,3770,3770,-0.01134929,-0.02064894,-0.00990944,-0.01134929,-6633.3633,584473.8809,OK,0.0000,265.3345,4.0000,96.0000,AG03-UNRESOLVED,ALL5_LEVELS_bet23_to_bet27,265.3345,265.3345,265.3345,331.6682,331.6682,4.000000,4.000000,4.000000,5.000000,5.000000,96.000000,96.000000,96.000000,95.000000,95.000000,5.0,1459.3399,1336.7936,5174.0234,5296.5697,PENDING_AG03,FALSE,NOT_FOR_ENFORCEMENT,6368.0288,500880.0275,6633.3633,6368.0288,265.3345,0.01134929,0.01089532,265.3345,6368.0288,0.01089532,265.3345,265.3345,265.3345,331.6682,331.6682,6368.0288,0.01089532,1459.3399,1336.7936,5174.0234,5296.5697,0.00885245,0.00906212,0.00045397,155.0329,138.3952,1.7595,127.5647,14.6756,11239.8823,72.5000,180.5550,151.7125,58.09,129.7286,157.9904,321.5856,428.8828,778.3716,93.4046,0.0,3.306,6.0,1.195055,16,80,84,2,0.13407078,0.01134929,0.02064894,0E-8,0.000000,0.892683,0.000000,-0.01073951,2026-03-25,2026-08-03,52,452,218,132,0.393939,1.190113,1.164624,0.446903,,,,,,,,GLOBAL_BASELINE_NO_ENTITY_RANKING,,,NOT_APPLICABLE_GLOBAL_BASELINE,HF9g-P5,,,,X 全窗基线 · 不参与实体赏罚,14190644,1420,A168_HF9F_20260827_0900,2026-08-27 09:00:00
2026-04-10,70521282,772,0,13.0879773840,13.0879773840,13.0879773840,1.0000000,1,1,0.49324550000000000,0.493245500000,1.01360149184955,1.01360149184955,1.01360149184955,0E-17,ELIGIBLE,R03b_20260811_FULL_v1,L1_ELIGIBILITY,v2026-08-11,2026-03-21..2026-08-06,baccarat_bet02_101_all_pairs_incl_sentinel,round_win = game_pnl > 0 (decisive only),COMPATIBILITY_ONLY_NOT_PRODUCTION,584473.8809,521750.0287,6633.3633,3770,3770,-0.01134929,-0.02064894,-0.00990944,-0.01134929,-6633.3633,584473.8809,OK,0.0000,265.3345,4.0000,96.0000,AG03-UNRESOLVED,ALL5_LEVELS_bet23_to_bet27,265.3345,265.3345,265.3345,331.6682,331.6682,4.000000,4.000000,4.000000,5.000000,5.000000,96.000000,96.000000,96.000000,95.000000,95.000000,5.0,1459.3399,1336.7936,5174.0234,5296.5697,PENDING_AG03,FALSE,NOT_FOR_ENFORCEMENT,6368.0288,500880.0275,6633.3633,6368.0288,265.3345,0.01134929,0.01089532,265.3345,6368.0288,0.01089532,265.3345,265.3345,265.3345,331.6682,331.6682,6368.0288,0.01089532,1459.3399,1336.7936,5174.0234,5296.5697,0.00885245,0.00906212,0.00045397,155.0329,138.3952,1.7595,127.5647,14.6756,11239.8823,72.5000,180.5550,151.7125,58.09,129.7286,157.9904,321.5856,428.8828,778.3716,93.4046,0.0,3.306,6.0,1.195055,16,80,84,2,0.13407078,0.01134929,0.02064894,0E-8,0.000000,0.892683,0.000000,-0.01073951,2026-03-25,2026-08-03,52,452,218,132,0.393939,1.190113,1.164624,0.446903,,,,,,,,GLOBAL_BASELINE_NO_ENTITY_RANKING,,,NOT_APPLICABLE_GLOBAL_BASELINE,HF9g-P5,,,,X 全窗基线 · 不参与实体赏罚,14190645,1420,A168_HF9F_20260827_0900,2026-08-27 09:00:00
2026-04-10,70521282,925,0,229.0396042197,-177.9964924221,-177.9964924221,0.2500000,4,4,0.49994810000000000,0.499948100000,-0.9997924053861017,-0.9997924053861017,-0.9997924053861017,0E-17,ELIGIBLE,R03b_20260811_FULL_v1,L1_ELIGIBILITY,v2026-08-11,2026-03-21..2026-08-06,baccarat_bet02_101_all_pairs_incl_sentinel,round_win = game_pnl > 0 (decisive only),COMPATIBILITY_ONLY_NOT_PRODUCTION,584473.8809,521750.0287,6633.3633,3770,3770,-0.01134929,-0.02064894,-0.00990944,-0.01134929,-6633.3633,584473.8809,OK,0.0000,265.3345,4.0000,96.0000,AG03-UNRESOLVED,ALL5_LEVELS_bet23_to_bet27,265.3345,265.3345,265.3345,331.6682,331.6682,4.000000,4.000000,4.000000,5.000000,5.000000,96.000000,96.000000,96.000000,95.000000,95.000000,5.0,1459.3399,1336.7936,5174.0234,5296.5697,PENDING_AG03,FALSE,NOT_FOR_ENFORCEMENT,6368.0288,500880.0275,6633.3633,6368.0288,265.3345,0.01134929,0.01089532,265.3345,6368.0288,0.01089532,265.3345,265.3345,265.3345,331.6682,331.6682,6368.0288,0.01089532,1459.3399,1336.7936,5174.0234,5296.5697,0.00885245,0.00906212,0.00045397,155.0329,138.3952,1.7595,127.5647,14.6756,11239.8823,72.5000,180.5550,151.7125,58.09,129.7286,157.9904,321.5856,428.8828,778.3716,93.4046,0.0,3.306,6.0,1.195055,16,80,84,2,0.13407078,0.01134929,0.02064894,0E-8,0.000000,0.892683,0.000000,-0.01073951,2026-03-25,2026-08-03,52,452,218,132,0.393939,1.190113,1.164624,0.446903,,,,,,,,GLOBAL_BASELINE_NO_ENTITY_RANKING,,,NOT_APPLICABLE_GLOBAL_BASELINE,HF9g-P5,,,,X 全窗基线 · 不参与实体赏罚,14190646,1420,A168_HF9F_20260827_0900,2026-08-27 09:00:00
2026-04-12,70521282,1078,0,785.2786430388,-261.7595476796,-261.7595476796,0.3333333,6,6,0.49771390000000000,0.497713900000,-0.8053054414300617,-0.8053054414300617,-0.8053054414300617,0E-17,ELIGIBLE,R03b_20260811_FULL_v1,L1_ELIGIBILITY,v2026-08-11,2026-03-21..2026-08-06,baccarat_bet02_101_all_pairs_incl_sentinel,round_win = game_pnl > 0 (decisive only),COMPATIBILITY_ONLY_NOT_PRODUCTION,584473.8809,521750.0287,6633.3633,3770,3770,-0.01134929,-0.02064894,-0.00990944,-0.01134929,-6633.3633,584473.8809,OK,0.0000,265.3345,4.0000,96.0000,AG03-UNRESOLVED,ALL5_LEVELS_bet23_to_bet27,265.3345,265.3345,265.3345,331.6682,331.6682,4.000000,4.000000,4.000000,5.000000,5.000000,96.000000,96.000000,96.000000,95.000000,95.000000,5.0,1459.3399,1336.7936,5174.0234,5296.5697,PENDING_AG03,FALSE,NOT_FOR_ENFORCEMENT,6368.0288,500880.0275,6633.3633,6368.0288,265.3345,0.01134929,0.01089532,265.3345,6368.0288,0.01089532,265.3345,265.3345,265.3345,331.6682,331.6682,6368.0288,0.01089532,1459.3399,1336.7936,5174.0234,5296.5697,0.00885245,0.00906212,0.00045397,155.0329,138.3952,1.7595,127.5647,14.6756,11239.8823,72.5000,180.5550,151.7125,58.09,129.7286,157.9904,321.5856,428.8828,778.3716,93.4046,0.0,3.306,6.0,1.195055,16,80,84,2,0.13407078,0.01134929,0.02064894,0E-8,0.000000,0.892683,0.000000,-0.01073951,2026-03-25,2026-08-03,52,452,218,132,0.393939,1.190113,1.164624,0.446903,,,,,,,,GLOBAL_BASELINE_NO_ENTITY_RANKING,,,NOT_APPLICABLE_GLOBAL_BASELINE,HF9g-P5,,,,X 全窗基线 · 不参与实体赏罚,14190647,1420,A168_HF9F_20260827_0900,2026-08-27 09:00:00
2026-04-12,70521282,1304,0,20.6790042667,0E-10,0E-10,,1,1,0.49324550000000000,0.493245500000,,,,0E-17,NO_DECISIVE_ROUND,R03b_20260811_FULL_v1,L1_ELIGIBILITY,v2026-08-11,2026-03-21..2026-08-06,baccarat_bet02_101_all_pairs_incl_sentinel,round_win = game_pnl > 0 (decisive only),COMPATIBILITY_ONLY_NOT_PRODUCTION,584473.8809,521750.0287,6633.3633,3770,3770,-0.01134929,-0.02064894,-0.00990944,-0.01134929,-6633.3633,584473.8809,OK,0.0000,265.3345,4.0000,96.0000,AG03-UNRESOLVED,ALL5_LEVELS_bet23_to_bet27,265.3345,265.3345,265.3345,331.6682,331.6682,4.000000,4.000000,4.000000,5.000000,5.000000,96.000000,96.000000,96.000000,95.000000,95.000000,5.0,1459.3399,1336.7936,5174.0234,5296.5697,PENDING_AG03,FALSE,NOT_FOR_ENFORCEMENT,6368.0288,500880.0275,6633.3633,6368.0288,265.3345,0.01134929,0.01089532,265.3345,6368.0288,0.01089532,265.3345,265.3345,265.3345,331.6682,331.6682,6368.0288,0.01089532,1459.3399,1336.7936,5174.0234,5296.5697,0.00885245,0.00906212,0.00045397,155.0329,138.3952,1.7595,127.5647,14.6756,11239.8823,72.5000,180.5550,151.7125,58.09,129.7286,157.9904,321.5856,428.8828,778.3716,93.4046,0.0,3.306,6.0,1.195055,16,80,84,2,0.13407078,0.01134929,0.02064894,0E-8,0.000000,0.892683,0.000000,-0.01073951,2026-03-25,2026-08-03,52,452,218,132,0.393939,1.190113,1.164624,0.446903,,,,,,,,GLOBAL_BASELINE_NO_ENTITY_RANKING,,,NOT_APPLICABLE_GLOBAL_BASELINE,HF9g-P5,,,,X 全窗基线 · 不参与实体赏罚,14190648,1420,A168_HF9F_20260827_0900,2026-08-27 09:00:00
2026-04-12,70521282,1405,0,310.1850640003,-20.6790042667,-20.6790042667,0.6000000,5,5,0.49592654000000000,0.495926540000,0.46544610904919037,0.46544610904919037,0.46544610904919037,0E-17,ELIGIBLE,R03b_20260811_FULL_v1,L1_ELIGIBILITY,v2026-08-11,2026-03-21..2026-08-06,baccarat_bet02_101_all_pairs_incl_sentinel,round_win = game_pnl > 0 (decisive only),COMPATIBILITY_ONLY_NOT_PRODUCTION,584473.8809,521750.0287,6633.3633,3770,3770,-0.01134929,-0.02064894,-0.00990944,-0.01134929,-6633.3633,584473.8809,OK,0.0000,265.3345,4.0000,96.0000,AG03-UNRESOLVED,ALL5_LEVELS_bet23_to_bet27,265.3345,265.3345,265.3345,331.6682,331.6682,4.000000,4.000000,4.000000,5.000000,5.000000,96.000000,96.000000,96.000000,95.000000,95.000000,5.0,1459.3399,1336.7936,5174.0234,5296.5697,PENDING_AG03,FALSE,NOT_FOR_ENFORCEMENT,6368.0288,500880.0275,6633.3633,6368.0288,265.3345,0.01134929,0.01089532,265.3345,6368.0288,0.01089532,265.3345,265.3345,265.3345,331.6682,331.6682,6368.0288,0.01089532,1459.3399,1336.7936,5174.0234,5296.5697,0.00885245,0.00906212,0.00045397,155.0329,138.3952,1.7595,127.5647,14.6756,11239.8823,72.5000,180.5550,151.7125,58.09,129.7286,157.9904,321.5856,428.8828,778.3716,93.4046,0.0,3.306,6.0,1.195055,16,80,84,2,0.13407078,0.01134929,0.02064894,0E-8,0.000000,0.892683,0.000000,-0.01073951,2026-03-25,2026-08-03,52,452,218,132,0.393939,1.190113,1.164624,0.446903,,,,,,,,GLOBAL_BASELINE_NO_ENTITY_RANKING,,,NOT_APPLICABLE_GLOBAL_BASELINE,HF9g-P5,,,,X 全窗基线 · 不参与实体赏罚,14190649,1420,A168_HF9F_20260827_0900,2026-08-27 09:00:00
2026-04-12,70521282,1646,0,553.6214433423,209.4076381437,209.4076381437,0.7142857,7,7,0.49516052857142857,0.495160528571,1.1595558107697723,1.1595558107720498,1.1595558107697723,4.2857E-13,ELIGIBLE,R03b_20260811_FULL_v1,L1_ELIGIBILITY,v2026-08-11,2026-03-21..2026-08-06,baccarat_bet02_101_all_pairs_incl_sentinel,round_win = game_pnl > 0 (decisive only),COMPATIBILITY_ONLY_NOT_PRODUCTION,584473.8809,521750.0287,6633.3633,3770,3770,-0.01134929,-0.02064894,-0.00990944,-0.01134929,-6633.3633,584473.8809,OK,0.0000,265.3345,4.0000,96.0000,AG03-UNRESOLVED,ALL5_LEVELS_bet23_to_bet27,265.3345,265.3345,265.3345,331.6682,331.6682,4.000000,4.000000,4.000000,5.000000,5.000000,96.000000,96.000000,96.000000,95.000000,95.000000,5.0,1459.3399,1336.7936,5174.0234,5296.5697,PENDING_AG03,FALSE,NOT_FOR_ENFORCEMENT,6368.0288,500880.0275,6633.3633,6368.0288,265.3345,0.01134929,0.01089532,265.3345,6368.0288,0.01089532,265.3345,265.3345,265.3345,331.6682,331.6682,6368.0288,0.01089532,1459.3399,1336.7936,5174.0234,5296.5697,0.00885245,0.00906212,0.00045397,155.0329,138.3952,1.7595,127.5647,14.6756,11239.8823,72.5000,180.5550,151.7125,58.09,129.7286,157.9904,321.5856,428.8828,778.3716,93.4046,0.0,3.306,6.0,1.195055,16,80,84,2,0.13407078,0.01134929,0.02064894,0E-8,0.000000,0.892683,0.000000,-0.01073951,2026-03-25,2026-08-03,52,452,218,132,0.393939,1.190113,1.164624,0.446903,,,,,,,,GLOBAL_BASELINE_NO_ENTITY_RANKING,,,NOT_APPLICABLE_GLOBAL_BASELINE,HF9g-P5,,,,X 全窗基线 · 不参与实体赏罚,14190650,1420,A168_HF9F_20260827_0900,2026-08-27 09:00:00
2026-04-12,70521282,1940,0,661.4663769863,130.2908148576,130.2908148576,0.7142857,7,7,0.49899058571428571,0.498990585714,1.1392370589461878,1.139237058947701,1.1392370589461878,2.8571E-13,ELIGIBLE,R03b_20260811_FULL_v1,L1_ELIGIBILITY,v2026-08-11,2026-03-21..2026-08-06,baccarat_bet02_101_all_pairs_incl_sentinel,round_win = game_pnl > 0 (decisive only),COMPATIBILITY_ONLY_NOT_PRODUCTION,584473.8809,521750.0287,6633.3633,3770,3770,-0.01134929,-0.02064894,-0.00990944,-0.01134929,-6633.3633,584473.8809,OK,0.0000,265.3345,4.0000,96.0000,AG03-UNRESOLVED,ALL5_LEVELS_bet23_to_bet27,265.3345,265.3345,265.3345,331.6682,331.6682,4.000000,4.000000,4.000000,5.000000,5.000000,96.000000,96.000000,96.000000,95.000000,95.000000,5.0,1459.3399,1336.7936,5174.0234,5296.5697,PENDING_AG03,FALSE,NOT_FOR_ENFORCEMENT,6368.0288,500880.0275,6633.3633,6368.0288,265.3345,0.01134929,0.01089532,265.3345,6368.0288,0.01089532,265.3345,265.3345,265.3345,331.6682,331.6682,6368.0288,0.01089532,1459.3399,1336.7936,5174.0234,5296.5697,0.00885245,0.00906212,0.00045397,155.0329,138.3952,1.7595,127.5647,14.6756,11239.8823,72.5000,180.5550,151.7125,58.09,129.7286,157.9904,321.5856,428.8828,778.3716,93.4046,0.0,3.306,6.0,1.195055,16,80,84,2,0.13407078,0.01134929,0.02064894,0E-8,0.000000,0.892683,0.000000,-0.01073951,2026-03-25,2026-08-03,52,452,218,132,0.393939,1.190113,1.164624,0.446903,,,,,,,,GLOBAL_BASELINE_NO_ENTITY_RANKING,,,NOT_APPLICABLE_GLOBAL_BASELINE,HF9g-P5,,,,X 全窗基线 · 不参与实体赏罚,14190651,1420,A168_HF9F_20260827_0900,2026-08-27 09:00:00
2026-04-12,70521282,1947,0,1543.0725335705,860.4036332227,860.4036332227,0.7272727,11,11,0.49933877272727273,0.499338772727,1.511944130527949,1.5119441305297592,1.511944130527949,2.7273E-13,ELIGIBLE,R03b_20260811_FULL_v1,L1_ELIGIBILITY,v2026-08-11,2026-03-21..2026-08-06,baccarat_bet02_101_all_pairs_incl_sentinel,round_win = game_pnl > 0 (decisive only),COMPATIBILITY_ONLY_NOT_PRODUCTION,584473.8809,521750.0287,6633.3633,3770,3770,-0.01134929,-0.02064894,-0.00990944,-0.01134929,-6633.3633,584473.8809,OK,0.0000,265.3345,4.0000,96.0000,AG03-UNRESOLVED,ALL5_LEVELS_bet23_to_bet27,265.3345,265.3345,265.3345,331.6682,331.6682,4.000000,4.000000,4.000000,5.000000,5.000000,96.000000,96.000000,96.000000,95.000000,95.000000,5.0,1459.3399,1336.7936,5174.0234,5296.5697,PENDING_AG03,FALSE,NOT_FOR_ENFORCEMENT,6368.0288,500880.0275,6633.3633,6368.0288,265.3345,0.01134929,0.01089532,265.3345,6368.0288,0.01089532,265.3345,265.3345,265.3345,331.6682,331.6682,6368.0288,0.01089532,1459.3399,1336.7936,5174.0234,5296.5697,0.00885245,0.00906212,0.00045397,155.0329,138.3952,1.7595,127.5647,14.6756,11239.8823,72.5000,180.5550,151.7125,58.09,129.7286,157.9904,321.5856,428.8828,778.3716,93.4046,0.0,3.306,6.0,1.195055,16,80,84,2,0.13407078,0.01134929,0.02064894,0E-8,0.000000,0.892683,0.000000,-0.01073951,2026-03-25,2026-08-03,52,452,218,132,0.393939,1.190113,1.164624,0.446903,,,,,,,,GLOBAL_BASELINE_NO_ENTITY_RANKING,,,NOT_APPLICABLE_GLOBAL_BASELINE,HF9g-P5,,,,X 全窗基线 · 不参与实体赏罚,14190652,1420,A168_HF9F_20260827_0900,2026-08-27 09:00:00
2026-04-12,70521282,1951,0,78.7896238515,-78.7896238515,-78.7896238515,0E-7,1,1,0.49324550000000000,0.493245500000,-0.9865810262130424,-0.9865810262130424,-0.9865810262130424,0E-17,ELIGIBLE,R03b_20260811_FULL_v1,L1_ELIGIBILITY,v2026-08-11,2026-03-21..2026-08-06,baccarat_bet02_101_all_pairs_incl_sentinel,round_win = game_pnl > 0 (decisive only),COMPATIBILITY_ONLY_NOT_PRODUCTION,584473.8809,521750.0287,6633.3633,3770,3770,-0.01134929,-0.02064894,-0.00990944,-0.01134929,-6633.3633,584473.8809,OK,0.0000,265.3345,4.0000,96.0000,AG03-UNRESOLVED,ALL5_LEVELS_bet23_to_bet27,265.3345,265.3345,265.3345,331.6682,331.6682,4.000000,4.000000,4.000000,5.000000,5.000000,96.000000,96.000000,96.000000,95.000000,95.000000,5.0,1459.3399,1336.7936,5174.0234,5296.5697,PENDING_AG03,FALSE,NOT_FOR_ENFORCEMENT,6368.0288,500880.0275,6633.3633,6368.0288,265.3345,0.01134929,0.01089532,265.3345,6368.0288,0.01089532,265.3345,265.3345,265.3345,331.6682,331.6682,6368.0288,0.01089532,1459.3399,1336.7936,5174.0234,5296.5697,0.00885245,0.00906212,0.00045397,155.0329,138.3952,1.7595,127.5647,14.6756,11239.8823,72.5000,180.5550,151.7125,58.09,129.7286,157.9904,321.5856,428.8828,778.3716,93.4046,0.0,3.306,6.0,1.195055,16,80,84,2,0.13407078,0.01134929,0.02064894,0E-8,0.000000,0.892683,0.000000,-0.01073951,2026-03-25,2026-08-03,52,452,218,132,0.393939,1.190113,1.164624,0.446903,,,,,,,,GLOBAL_BASELINE_NO_ENTITY_RANKING,,,NOT_APPLICABLE_GLOBAL_BASELINE,HF9g-P5,,,,X 全窗基线 · 不参与实体赏罚,14190653,1420,A168_HF9F_20260827_0900,2026-08-27 09:00:00
2026-04-12,70521282,2127,0,444.9912310553,-340.2874119835,-340.2874119835,0E-7,5,5,0.49324550000000000,0.493245500000,-1.973162052426085,-1.973162052426085,-1.973162052426085,0E-17,ELIGIBLE,R03b_20260811_FULL_v1,L1_ELIGIBILITY,v2026-08-11,2026-03-21..2026-08-06,baccarat_bet02_101_all_pairs_incl_sentinel,round_win = game_pnl > 0 (decisive only),COMPATIBILITY_ONLY_NOT_PRODUCTION,584473.8809,521750.0287,6633.3633,3770,3770,-0.01134929,-0.02064894,-0.00990944,-0.01134929,-6633.3633,584473.8809,OK,0.0000,265.3345,4.0000,96.0000,AG03-UNRESOLVED,ALL5_LEVELS_bet23_to_bet27,265.3345,265.3345,265.3345,331.6682,331.6682,4.000000,4.000000,4.000000,5.000000,5.000000,96.000000,96.000000,96.000000,95.000000,95.000000,5.0,1459.3399,1336.7936,5174.0234,5296.5697,PENDING_AG03,FALSE,NOT_FOR_ENFORCEMENT,6368.0288,500880.0275,6633.3633,6368.0288,265.3345,0.01134929,0.01089532,265.3345,6368.0288,0.01089532,265.3345,265.3345,265.3345,331.6682,331.6682,6368.0288,0.01089532,1459.3399,1336.7936,5174.0234,5296.5697,0.00885245,0.00906212,0.00045397,155.0329,138.3952,1.7595,127.5647,14.6756,11239.8823,72.5000,180.5550,151.7125,58.09,129.7286,157.9904,321.5856,428.8828,778.3716,93.4046,0.0,3.306,6.0,1.195055,16,80,84,2,0.13407078,0.01134929,0.02064894,0E-8,0.000000,0.892683,0.000000,-0.01073951,2026-03-25,2026-08-03,52,452,218,132,0.393939,1.190113,1.164624,0.446903,,,,,,,,GLOBAL_BASELINE_NO_ENTITY_RANKING,,,NOT_APPLICABLE_GLOBAL_BASELINE,HF9g-P5,,,,X 全窗基线 · 不参与实体赏罚,14190654,1420,A168_HF9F_20260827_0900,2026-08-27 09:00:00
2026-04-12,70521282,2130,0,2156.8986728793,-1437.5834358559,-1437.5834358559,0.3000000,11,11,0.49933877272727273,0.499338772727,-1.2607301980388668,-1.260730198037143,-1.2607301980388668,2.7273E-13,ELIGIBLE,R03b_20260811_FULL_v1,L1_ELIGIBILITY,v2026-08-11,2026-03-21..2026-08-06,baccarat_bet02_101_all_pairs_incl_sentinel,round_win = game_pnl > 0 (decisive only),COMPATIBILITY_ONLY_NOT_PRODUCTION,584473.8809,521750.0287,6633.3633,3770,3770,-0.01134929,-0.02064894,-0.00990944,-0.01134929,-6633.3633,584473.8809,OK,0.0000,265.3345,4.0000,96.0000,AG03-UNRESOLVED,ALL5_LEVELS_bet23_to_bet27,265.3345,265.3345,265.3345,331.6682,331.6682,4.000000,4.000000,4.000000,5.000000,5.000000,96.000000,96.000000,96.000000,95.000000,95.000000,5.0,1459.3399,1336.7936,5174.0234,5296.5697,PENDING_AG03,FALSE,NOT_FOR_ENFORCEMENT,6368.0288,500880.0275,6633.3633,6368.0288,265.3345,0.01134929,0.01089532,265.3345,6368.0288,0.01089532,265.3345,265.3345,265.3345,331.6682,331.6682,6368.0288,0.01089532,1459.3399,1336.7936,5174.0234,5296.5697,0.00885245,0.00906212,0.00045397,155.0329,138.3952,1.7595,127.5647,14.6756,11239.8823,72.5000,180.5550,151.7125,58.09,129.7286,157.9904,321.5856,428.8828,778.3716,93.4046,0.0,3.306,6.0,1.195055,16,80,84,2,0.13407078,0.01134929,0.02064894,0E-8,0.000000,0.892683,0.000000,-0.01073951,2026-03-25,2026-08-03,52,452,218,132,0.393939,1.190113,1.164624,0.446903,,,,,,,,GLOBAL_BASELINE_NO_ENTITY_RANKING,,,NOT_APPLICABLE_GLOBAL_BASELINE,HF9g-P5,,,,X 全窗基线 · 不参与实体赏罚,14190655,1420,A168_HF9F_20260827_0900,2026-08-27 09:00:00
2026-04-12,70521282,772,0,293.9559720441,-134.1910321179,-134.1910321179,0.2500000,4,4,0.49659680000000000,0.496596800000,-0.9864100490137353,-0.9864100490137354,-0.9864100490137353,0E-17,ELIGIBLE,R03b_20260811_FULL_v1,L1_ELIGIBILITY,v2026-08-11,2026-03-21..2026-08-06,baccarat_bet02_101_all_pairs_incl_sentinel,round_win = game_pnl > 0 (decisive only),COMPATIBILITY_ONLY_NOT_PRODUCTION,584473.8809,521750.0287,6633.3633,3770,3770,-0.01134929,-0.02064894,-0.00990944,-0.01134929,-6633.3633,584473.8809,OK,0.0000,265.3345,4.0000,96.0000,AG03-UNRESOLVED,ALL5_LEVELS_bet23_to_bet27,265.3345,265.3345,265.3345,331.6682,331.6682,4.000000,4.000000,4.000000,5.000000,5.000000,96.000000,96.000000,96.000000,95.000000,95.000000,5.0,1459.3399,1336.7936,5174.0234,5296.5697,PENDING_AG03,FALSE,NOT_FOR_ENFORCEMENT,6368.0288,500880.0275,6633.3633,6368.0288,265.3345,0.01134929,0.01089532,265.3345,6368.0288,0.01089532,265.3345,265.3345,265.3345,331.6682,331.6682,6368.0288,0.01089532,1459.3399,1336.7936,5174.0234,5296.5697,0.00885245,0.00906212,0.00045397,155.0329,138.3952,1.7595,127.5647,14.6756,11239.8823,72.5000,180.5550,151.7125,58.09,129.7286,157.9904,321.5856,428.8828,778.3716,93.4046,0.0,3.306,6.0,1.195055,16,80,84,2,0.13407078,0.01134929,0.02064894,0E-8,0.000000,0.892683,0.000000,-0.01073951,2026-03-25,2026-08-03,52,452,218,132,0.393939,1.190113,1.164624,0.446903,,,,,,,,GLOBAL_BASELINE_NO_ENTITY_RANKING,,,NOT_APPLICABLE_GLOBAL_BASELINE,HF9g-P5,,,,X 全窗基线 · 不参与实体赏罚,14190656,1420,A168_HF9F_20260827_0900,2026-08-27 09:00:00
2026-05-02,70521282,1704,0,833.6360334176,270.9641430129,270.9641430129,0.6875000,16,16,0.49659680000000000,0.496596800000,1.5272609771812036,1.5272609771812038,1.5272609771812036,0E-17,ELIGIBLE,R03b_20260811_FULL_v1,L1_ELIGIBILITY,v2026-08-11,2026-03-21..2026-08-06,baccarat_bet02_101_all_pairs_incl_sentinel,round_win = game_pnl > 0 (decisive only),COMPATIBILITY_ONLY_NOT_PRODUCTION,584473.8809,521750.0287,6633.3633,3770,3770,-0.01134929,-0.02064894,-0.00990944,-0.01134929,-6633.3633,584473.8809,OK,0.0000,265.3345,4.0000,96.0000,AG03-UNRESOLVED,ALL5_LEVELS_bet23_to_bet27,265.3345,265.3345,265.3345,331.6682,331.6682,4.000000,4.000000,4.000000,5.000000,5.000000,96.000000,96.000000,96.000000,95.000000,95.000000,5.0,1459.3399,1336.7936,5174.0234,5296.5697,PENDING_AG03,FALSE,NOT_FOR_ENFORCEMENT,6368.0288,500880.0275,6633.3633,6368.0288,265.3345,0.01134929,0.01089532,265.3345,6368.0288,0.01089532,265.3345,265.3345,265.3345,331.6682,331.6682,6368.0288,0.01089532,1459.3399,1336.7936,5174.0234,5296.5697,0.00885245,0.00906212,0.00045397,155.0329,138.3952,1.7595,127.5647,14.6756,11239.8823,72.5000,180.5550,151.7125,58.09,129.7286,157.9904,321.5856,428.8828,778.3716,93.4046,0.0,3.306,6.0,1.195055,16,80,84,2,0.13407078,0.01134929,0.02064894,0E-8,0.000000,0.892683,0.000000,-0.01073951,2026-03-25,2026-08-03,52,452,218,132,0.393939,1.190113,1.164624,0.446903,,,,,,,,GLOBAL_BASELINE_NO_ENTITY_RANKING,,,NOT_APPLICABLE_GLOBAL_BASELINE,HF9g-P5,,,,X 全窗基线 · 不参与实体赏罚,14190657,1420,A168_HF9F_20260827_0900,2026-08-27 09:00:00
2026-05-02,70521282,2130,0,293.7055679519,-39.6969539723,-39.6969539723,0.4285714,9,9,0.50218230000000000,0.502182300000,-0.3895158292854737,-0.3895158292854737,-0.3895158292854737,0E-17,ELIGIBLE,R03b_20260811_FULL_v1,L1_ELIGIBILITY,v2026-08-11,2026-03-21..2026-08-06,baccarat_bet02_101_all_pairs_incl_sentinel,round_win = game_pnl > 0 (decisive only),COMPATIBILITY_ONLY_NOT_PRODUCTION,584473.8809,521750.0287,6633.3633,3770,3770,-0.01134929,-0.02064894,-0.00990944,-0.01134929,-6633.3633,584473.8809,OK,0.0000,265.3345,4.0000,96.0000,AG03-UNRESOLVED,ALL5_LEVELS_bet23_to_bet27,265.3345,265.3345,265.3345,331.6682,331.6682,4.000000,4.000000,4.000000,5.000000,5.000000,96.000000,96.000000,96.000000,95.000000,95.000000,5.0,1459.3399,1336.7936,5174.0234,5296.5697,PENDING_AG03,FALSE,NOT_FOR_ENFORCEMENT,6368.0288,500880.0275,6633.3633,6368.0288,265.3345,0.01134929,0.01089532,265.3345,6368.0288,0.01089532,265.3345,265.3345,265.3345,331.6682,331.6682,6368.0288,0.01089532,1459.3399,1336.7936,5174.0234,5296.5697,0.00885245,0.00906212,0.00045397,155.0329,138.3952,1.7595,127.5647,14.6756,11239.8823,72.5000,180.5550,151.7125,58.09,129.7286,157.9904,321.5856,428.8828,778.3716,93.4046,0.0,3.306,6.0,1.195055,16,80,84,2,0.13407078,0.01134929,0.02064894,0E-8,0.000000,0.892683,0.000000,-0.01073951,2026-03-25,2026-08-03,52,452,218,132,0.393939,1.190113,1.164624,0.446903,,,,,,,,GLOBAL_BASELINE_NO_ENTITY_RANKING,,,NOT_APPLICABLE_GLOBAL_BASELINE,HF9g-P5,,,,X 全窗基线 · 不参与实体赏罚,14190658,1420,A168_HF9F_20260827_0900,2026-08-27 09:00:00
2026-05-05,70521282,1157,0,66.6805043850,38.6591251104,38.6591251104,0.8000000,5,5,0.49324550000000000,0.493245500000,1.3719730223118614,1.3719730223118614,1.3719730223118614,0E-17,ELIGIBLE,R03b_20260811_FULL_v1,L1_ELIGIBILITY,v2026-08-11,2026-03-21..2026-08-06,baccarat_bet02_101_all_pairs_incl_sentinel,round_win = game_pnl > 0 (decisive only),COMPATIBILITY_ONLY_NOT_PRODUCTION,584473.8809,521750.0287,6633.3633,3770,3770,-0.01134929,-0.02064894,-0.00990944,-0.01134929,-6633.3633,584473.8809,OK,0.0000,265.3345,4.0000,96.0000,AG03-UNRESOLVED,ALL5_LEVELS_bet23_to_bet27,265.3345,265.3345,265.3345,331.6682,331.6682,4.000000,4.000000,4.000000,5.000000,5.000000,96.000000,96.000000,96.000000,95.000000,95.000000,5.0,1459.3399,1336.7936,5174.0234,5296.5697,PENDING_AG03,FALSE,NOT_FOR_ENFORCEMENT,6368.0288,500880.0275,6633.3633,6368.0288,265.3345,0.01134929,0.01089532,265.3345,6368.0288,0.01089532,265.3345,265.3345,265.3345,331.6682,331.6682,6368.0288,0.01089532,1459.3399,1336.7936,5174.0234,5296.5697,0.00885245,0.00906212,0.00045397,155.0329,138.3952,1.7595,127.5647,14.6756,11239.8823,72.5000,180.5550,151.7125,58.09,129.7286,157.9904,321.5856,428.8828,778.3716,93.4046,0.0,3.306,6.0,1.195055,16,80,84,2,0.13407078,0.01134929,0.02064894,0E-8,0.000000,0.892683,0.000000,-0.01073951,2026-03-25,2026-08-03,52,452,218,132,0.393939,1.190113,1.164624,0.446903,,,,,,,,GLOBAL_BASELINE_NO_ENTITY_RANKING,,,NOT_APPLICABLE_GLOBAL_BASELINE,HF9g-P5,,,,X 全窗基线 · 不参与实体赏罚,14190659,1420,A168_HF9F_20260827_0900,2026-08-27 09:00:00
2026-05-05,70521282,1383,0,246.4843547298,12.9728607752,12.9728607752,0.5000000,10,10,0.49458602000000000,0.494586020000,0.034243023478851255,0.034243023478851255,0.034243023478851255,0E-17,ELIGIBLE,R03b_20260811_FULL_v1,L1_ELIGIBILITY,v2026-08-11,2026-03-21..2026-08-06,baccarat_bet02_101_all_pairs_incl_sentinel,round_win = game_pnl > 0 (decisive only),COMPATIBILITY_ONLY_NOT_PRODUCTION,584473.8809,521750.0287,6633.3633,3770,3770,-0.01134929,-0.02064894,-0.00990944,-0.01134929,-6633.3633,584473.8809,OK,0.0000,265.3345,4.0000,96.0000,AG03-UNRESOLVED,ALL5_LEVELS_bet23_to_bet27,265.3345,265.3345,265.3345,331.6682,331.6682,4.000000,4.000000,4.000000,5.000000,5.000000,96.000000,96.000000,96.000000,95.000000,95.000000,5.0,1459.3399,1336.7936,5174.0234,5296.5697,PENDING_AG03,FALSE,NOT_FOR_ENFORCEMENT,6368.0288,500880.0275,6633.3633,6368.0288,265.3345,0.01134929,0.01089532,265.3345,6368.0288,0.01089532,265.3345,265.3345,265.3345,331.6682,331.6682,6368.0288,0.01089532,1459.3399,1336.7936,5174.0234,5296.5697,0.00885245,0.00906212,0.00045397,155.0329,138.3952,1.7595,127.5647,14.6756,11239.8823,72.5000,180.5550,151.7125,58.09,129.7286,157.9904,321.5856,428.8828,778.3716,93.4046,0.0,3.306,6.0,1.195055,16,80,84,2,0.13407078,0.01134929,0.02064894,0E-8,0.000000,0.892683,0.000000,-0.01073951,2026-03-25,2026-08-03,52,452,218,132,0.393939,1.190113,1.164624,0.446903,,,,,,,,GLOBAL_BASELINE_NO_ENTITY_RANKING,,,NOT_APPLICABLE_GLOBAL_BASELINE,HF9g-P5,,,,X 全窗基线 · 不参与实体赏罚,14190660,1420,A168_HF9F_20260827_0900,2026-08-27 09:00:00
2026-05-05,70521282,1385,0,179.0254786985,44.1077266359,44.1077266359,0.5000000,2,2,0.49994810000000000,0.499948100000,0.00014679536856514622,0.00014679536856514622,0.00014679536856514622,0E-17,ELIGIBLE,R03b_20260811_FULL_v1,L1_ELIGIBILITY,v2026-08-11,2026-03-21..2026-08-06,baccarat_bet02_101_all_pairs_incl_sentinel,round_win = game_pnl > 0 (decisive only),COMPATIBILITY_ONLY_NOT_PRODUCTION,584473.8809,521750.0287,6633.3633,3770,3770,-0.01134929,-0.02064894,-0.00990944,-0.01134929,-6633.3633,584473.8809,OK,0.0000,265.3345,4.0000,96.0000,AG03-UNRESOLVED,ALL5_LEVELS_bet23_to_bet27,265.3345,265.3345,265.3345,331.6682,331.6682,4.000000,4.000000,4.000000,5.000000,5.000000,96.000000,96.000000,96.000000,95.000000,95.000000,5.0,1459.3399,1336.7936,5174.0234,5296.5697,PENDING_AG03,FALSE,NOT_FOR_ENFORCEMENT,6368.0288,500880.0275,6633.3633,6368.0288,265.3345,0.01134929,0.01089532,265.3345,6368.0288,0.01089532,265.3345,265.3345,265.3345,331.6682,331.6682,6368.0288,0.01089532,1459.3399,1336.7936,5174.0234,5296.5697,0.00885245,0.00906212,0.00045397,155.0329,138.3952,1.7595,127.5647,14.6756,11239.8823,72.5000,180.5550,151.7125,58.09,129.7286,157.9904,321.5856,428.8828,778.3716,93.4046,0.0,3.306,6.0,1.195055,16,80,84,2,0.13407078,0.01134929,0.02064894,0E-8,0.000000,0.892683,0.000000,-0.01073951,2026-03-25,2026-08-03,52,452,218,132,0.393939,1.190113,1.164624,0.446903,,,,,,,,GLOBAL_BASELINE_NO_ENTITY_RANKING,,,NOT_APPLICABLE_GLOBAL_BASELINE,HF9g-P5,,,,X 全窗基线 · 不参与实体赏罚,14190661,1420,A168_HF9F_20260827_0900,2026-08-27 09:00:00
2026-05-05,70521282,1490,0,2077.9928389807,189.4686316228,189.4686316228,0.6538462,31,31,0.49670490645161290,0.496704906452,1.6025673742920432,1.6025673742880873,1.6025673742920432,-3.8710E-13,ELIGIBLE,R03b_20260811_FULL_v1,L1_ELIGIBILITY,v2026-08-11,2026-03-21..2026-08-06,baccarat_bet02_101_all_pairs_incl_sentinel,round_win = game_pnl > 0 (decisive only),COMPATIBILITY_ONLY_NOT_PRODUCTION,584473.8809,521750.0287,6633.3633,3770,3770,-0.01134929,-0.02064894,-0.00990944,-0.01134929,-6633.3633,584473.8809,OK,0.0000,265.3345,4.0000,96.0000,AG03-UNRESOLVED,ALL5_LEVELS_bet23_to_bet27,265.3345,265.3345,265.3345,331.6682,331.6682,4.000000,4.000000,4.000000,5.000000,5.000000,96.000000,96.000000,96.000000,95.000000,95.000000,5.0,1459.3399,1336.7936,5174.0234,5296.5697,PENDING_AG03,FALSE,NOT_FOR_ENFORCEMENT,6368.0288,500880.0275,6633.3633,6368.0288,265.3345,0.01134929,0.01089532,265.3345,6368.0288,0.01089532,265.3345,265.3345,265.3345,331.6682,331.6682,6368.0288,0.01089532,1459.3399,1336.7936,5174.0234,5296.5697,0.00885245,0.00906212,0.00045397,155.0329,138.3952,1.7595,127.5647,14.6756,11239.8823,72.5000,180.5550,151.7125,58.09,129.7286,157.9904,321.5856,428.8828,778.3716,93.4046,0.0,3.306,6.0,1.195055,16,80,84,2,0.13407078,0.01134929,0.02064894,0E-8,0.000000,0.892683,0.000000,-0.01073951,2026-03-25,2026-08-03,52,452,218,132,0.393939,1.190113,1.164624,0.446903,,,,,,,,GLOBAL_BASELINE_NO_ENTITY_RANKING,,,NOT_APPLICABLE_GLOBAL_BASELINE,HF9g-P5,,,,X 全窗基线 · 不参与实体赏罚,14190662,1420,A168_HF9F_20260827_0900,2026-08-27 09:00:00
2026-05-05,70521282,1942,0,52.9292719630,25.9457215505,25.9457215505,1.0000000,2,2,0.49324550000000000,0.493245500000,1.01360149184955,1.01360149184955,1.01360149184955,0E-17,ELIGIBLE,R03b_20260811_FULL_v1,L1_ELIGIBILITY,v2026-08-11,2026-03-21..2026-08-06,baccarat_bet02_101_all_pairs_incl_sentinel,round_win = game_pnl > 0 (decisive only),COMPATIBILITY_ONLY_NOT_PRODUCTION,584473.8809,521750.0287,6633.3633,3770,3770,-0.01134929,-0.02064894,-0.00990944,-0.01134929,-6633.3633,584473.8809,OK,0.0000,265.3345,4.0000,96.0000,AG03-UNRESOLVED,ALL5_LEVELS_bet23_to_bet27,265.3345,265.3345,265.3345,331.6682,331.6682,4.000000,4.000000,4.000000,5.000000,5.000000,96.000000,96.000000,96.000000,95.000000,95.000000,5.0,1459.3399,1336.7936,5174.0234,5296.5697,PENDING_AG03,FALSE,NOT_FOR_ENFORCEMENT,6368.0288,500880.0275,6633.3633,6368.0288,265.3345,0.01134929,0.01089532,265.3345,6368.0288,0.01089532,265.3345,265.3345,265.3345,331.6682,331.6682,6368.0288,0.01089532,1459.3399,1336.7936,5174.0234,5296.5697,0.00885245,0.00906212,0.00045397,155.0329,138.3952,1.7595,127.5647,14.6756,11239.8823,72.5000,180.5550,151.7125,58.09,129.7286,157.9904,321.5856,428.8828,778.3716,93.4046,0.0,3.306,6.0,1.195055,16,80,84,2,0.13407078,0.01134929,0.02064894,0E-8,0.000000,0.892683,0.000000,-0.01073951,2026-03-25,2026-08-03,52,452,218,132,0.393939,1.190113,1.164624,0.446903,,,,,,,,GLOBAL_BASELINE_NO_ENTITY_RANKING,,,NOT_APPLICABLE_GLOBAL_BASELINE,HF9g-P5,,,,X 全窗基线 · 不参与实体赏罚,14190663,1420,A168_HF9F_20260827_0900,2026-08-27 09:00:00
2026-05-05,70521282,2127,0,108.9720305123,-20.7565772403,-20.7565772403,0.5000000,6,6,0.49771390000000000,0.497713900000,0.011199674067230152,0.011199674067230152,0.011199674067230152,0E-17,ELIGIBLE,R03b_20260811_FULL_v1,L1_ELIGIBILITY,v2026-08-11,2026-03-21..2026-08-06,baccarat_bet02_101_all_pairs_incl_sentinel,round_win = game_pnl > 0 (decisive only),COMPATIBILITY_ONLY_NOT_PRODUCTION,584473.8809,521750.0287,6633.3633,3770,3770,-0.01134929,-0.02064894,-0.00990944,-0.01134929,-6633.3633,584473.8809,OK,0.0000,265.3345,4.0000,96.0000,AG03-UNRESOLVED,ALL5_LEVELS_bet23_to_bet27,265.3345,265.3345,265.3345,331.6682,331.6682,4.000000,4.000000,4.000000,5.000000,5.000000,96.000000,96.000000,96.000000,95.000000,95.000000,5.0,1459.3399,1336.7936,5174.0234,5296.5697,PENDING_AG03,FALSE,NOT_FOR_ENFORCEMENT,6368.0288,500880.0275,6633.3633,6368.0288,265.3345,0.01134929,0.01089532,265.3345,6368.0288,0.01089532,265.3345,265.3345,265.3345,331.6682,331.6682,6368.0288,0.01089532,1459.3399,1336.7936,5174.0234,5296.5697,0.00885245,0.00906212,0.00045397,155.0329,138.3952,1.7595,127.5647,14.6756,11239.8823,72.5000,180.5550,151.7125,58.09,129.7286,157.9904,321.5856,428.8828,778.3716,93.4046,0.0,3.306,6.0,1.195055,16,80,84,2,0.13407078,0.01134929,0.02064894,0E-8,0.000000,0.892683,0.000000,-0.01073951,2026-03-25,2026-08-03,52,452,218,132,0.393939,1.190113,1.164624,0.446903,,,,,,,,GLOBAL_BASELINE_NO_ENTITY_RANKING,,,NOT_APPLICABLE_GLOBAL_BASELINE,HF9g-P5,,,,X 全窗基线 · 不参与实体赏罚,14190664,1420,A168_HF9F_20260827_0900,2026-08-27 09:00:00
2026-05-05,70521282,2147,0,1307.6643661459,254.9167142338,254.9167142338,0.6666667,10,10,0.49726706000000000,0.497267060000,1.016412823208965,1.016412823208965,1.016412823208965,0E-17,ELIGIBLE,R03b_20260811_FULL_v1,L1_ELIGIBILITY,v2026-08-11,2026-03-21..2026-08-06,baccarat_bet02_101_all_pairs_incl_sentinel,round_win = game_pnl > 0 (decisive only),COMPATIBILITY_ONLY_NOT_PRODUCTION,584473.8809,521750.0287,6633.3633,3770,3770,-0.01134929,-0.02064894,-0.00990944,-0.01134929,-6633.3633,584473.8809,OK,0.0000,265.3345,4.0000,96.0000,AG03-UNRESOLVED,ALL5_LEVELS_bet23_to_bet27,265.3345,265.3345,265.3345,331.6682,331.6682,4.000000,4.000000,4.000000,5.000000,5.000000,96.000000,96.000000,96.000000,95.000000,95.000000,5.0,1459.3399,1336.7936,5174.0234,5296.5697,PENDING_AG03,FALSE,NOT_FOR_ENFORCEMENT,6368.0288,500880.0275,6633.3633,6368.0288,265.3345,0.01134929,0.01089532,265.3345,6368.0288,0.01089532,265.3345,265.3345,265.3345,331.6682,331.6682,6368.0288,0.01089532,1459.3399,1336.7936,5174.0234,5296.5697,0.00885245,0.00906212,0.00045397,155.0329,138.3952,1.7595,127.5647,14.6756,11239.8823,72.5000,180.5550,151.7125,58.09,129.7286,157.9904,321.5856,428.8828,778.3716,93.4046,0.0,3.306,6.0,1.195055,16,80,84,2,0.13407078,0.01134929,0.02064894,0E-8,0.000000,0.892683,0.000000,-0.01073951,2026-03-25,2026-08-03,52,452,218,132,0.393939,1.190113,1.164624,0.446903,,,,,,,,GLOBAL_BASELINE_NO_ENTITY_RANKING,,,NOT_APPLICABLE_GLOBAL_BASELINE,HF9g-P5,,,,X 全窗基线 · 不参与实体赏罚,14190665,1420,A168_HF9F_20260827_0900,2026-08-27 09:00:00
2026-05-06,70521282,1151,0,381.1426495771,-221.7710549531,-221.7710549531,0.2000000,5,5,0.50665070000000000,0.506650700000,-1.3715049547573244,-1.3715049547573244,-1.3715049547573244,0E-17,ELIGIBLE,R03b_20260811_FULL_v1,L1_ELIGIBILITY,v2026-08-11,2026-03-21..2026-08-06,baccarat_bet02_101_all_pairs_incl_sentinel,round_win = game_pnl > 0 (decisive only),COMPATIBILITY_ONLY_NOT_PRODUCTION,584473.8809,521750.0287,6633.3633,3770,3770,-0.01134929,-0.02064894,-0.00990944,-0.01134929,-6633.3633,584473.8809,OK,0.0000,265.3345,4.0000,96.0000,AG03-UNRESOLVED,ALL5_LEVELS_bet23_to_bet27,265.3345,265.3345,265.3345,331.6682,331.6682,4.000000,4.000000,4.000000,5.000000,5.000000,96.000000,96.000000,96.000000,95.000000,95.000000,5.0,1459.3399,1336.7936,5174.0234,5296.5697,PENDING_AG03,FALSE,NOT_FOR_ENFORCEMENT,6368.0288,500880.0275,6633.3633,6368.0288,265.3345,0.01134929,0.01089532,265.3345,6368.0288,0.01089532,265.3345,265.3345,265.3345,331.6682,331.6682,6368.0288,0.01089532,1459.3399,1336.7936,5174.0234,5296.5697,0.00885245,0.00906212,0.00045397,155.0329,138.3952,1.7595,127.5647,14.6756,11239.8823,72.5000,180.5550,151.7125,58.09,129.7286,157.9904,321.5856,428.8828,778.3716,93.4046,0.0,3.306,6.0,1.195055,16,80,84,2,0.13407078,0.01134929,0.02064894,0E-8,0.000000,0.892683,0.000000,-0.01073951,2026-03-25,2026-08-03,52,452,218,132,0.393939,1.190113,1.164624,0.446903,,,,,,,,GLOBAL_BASELINE_NO_ENTITY_RANKING,,,NOT_APPLICABLE_GLOBAL_BASELINE,HF9g-P5,,,,X 全窗基线 · 不参与实体赏罚,14190666,1420,A168_HF9F_20260827_0900,2026-08-27 09:00:00
2026-05-06,70521282,1490,0,1393.8041616938,-177.9746769757,-177.9746769757,0.4285714,17,17,0.49718820588235294,0.497188205882,-0.5134890629085256,-0.5134890629058865,-0.5134890629085256,3.5294E-13,ELIGIBLE,R03b_20260811_FULL_v1,L1_ELIGIBILITY,v2026-08-11,2026-03-21..2026-08-06,baccarat_bet02_101_all_pairs_incl_sentinel,round_win = game_pnl > 0 (decisive only),COMPATIBILITY_ONLY_NOT_PRODUCTION,584473.8809,521750.0287,6633.3633,3770,3770,-0.01134929,-0.02064894,-0.00990944,-0.01134929,-6633.3633,584473.8809,OK,0.0000,265.3345,4.0000,96.0000,AG03-UNRESOLVED,ALL5_LEVELS_bet23_to_bet27,265.3345,265.3345,265.3345,331.6682,331.6682,4.000000,4.000000,4.000000,5.000000,5.000000,96.000000,96.000000,96.000000,95.000000,95.000000,5.0,1459.3399,1336.7936,5174.0234,5296.5697,PENDING_AG03,FALSE,NOT_FOR_ENFORCEMENT,6368.0288,500880.0275,6633.3633,6368.0288,265.3345,0.01134929,0.01089532,265.3345,6368.0288,0.01089532,265.3345,265.3345,265.3345,331.6682,331.6682,6368.0288,0.01089532,1459.3399,1336.7936,5174.0234,5296.5697,0.00885245,0.00906212,0.00045397,155.0329,138.3952,1.7595,127.5647,14.6756,11239.8823,72.5000,180.5550,151.7125,58.09,129.7286,157.9904,321.5856,428.8828,778.3716,93.4046,0.0,3.306,6.0,1.195055,16,80,84,2,0.13407078,0.01134929,0.02064894,0E-8,0.000000,0.892683,0.000000,-0.01073951,2026-03-25,2026-08-03,52,452,218,132,0.393939,1.190113,1.164624,0.446903,,,,,,,,GLOBAL_BASELINE_NO_ENTITY_RANKING,,,NOT_APPLICABLE_GLOBAL_BASELINE,HF9g-P5,,,,X 全窗基线 · 不参与实体赏罚,14190667,1420,A168_HF9F_20260827_0900,2026-08-27 09:00:00
2026-05-06,70521282,1942,0,389.1858232578,-129.7286077526,-129.7286077526,0E-7,3,3,0.50218230000000000,0.502182300000,-1.0043741665754933,-1.0043741665754933,-1.0043741665754933,0E-17,ELIGIBLE,R03b_20260811_FULL_v1,L1_ELIGIBILITY,v2026-08-11,2026-03-21..2026-08-06,baccarat_bet02_101_all_pairs_incl_sentinel,round_win = game_pnl > 0 (decisive only),COMPATIBILITY_ONLY_NOT_PRODUCTION,584473.8809,521750.0287,6633.3633,3770,3770,-0.01134929,-0.02064894,-0.00990944,-0.01134929,-6633.3633,584473.8809,OK,0.0000,265.3345,4.0000,96.0000,AG03-UNRESOLVED,ALL5_LEVELS_bet23_to_bet27,265.3345,265.3345,265.3345,331.6682,331.6682,4.000000,4.000000,4.000000,5.000000,5.000000,96.000000,96.000000,96.000000,95.000000,95.000000,5.0,1459.3399,1336.7936,5174.0234,5296.5697,PENDING_AG03,FALSE,NOT_FOR_ENFORCEMENT,6368.0288,500880.0275,6633.3633,6368.0288,265.3345,0.01134929,0.01089532,265.3345,6368.0288,0.01089532,265.3345,265.3345,265.3345,331.6682,331.6682,6368.0288,0.01089532,1459.3399,1336.7936,5174.0234,5296.5697,0.00885245,0.00906212,0.00045397,155.0329,138.3952,1.7595,127.5647,14.6756,11239.8823,72.5000,180.5550,151.7125,58.09,129.7286,157.9904,321.5856,428.8828,778.3716,93.4046,0.0,3.306,6.0,1.195055,16,80,84,2,0.13407078,0.01134929,0.02064894,0E-8,0.000000,0.892683,0.000000,-0.01073951,2026-03-25,2026-08-03,52,452,218,132,0.393939,1.190113,1.164624,0.446903,,,,,,,,GLOBAL_BASELINE_NO_ENTITY_RANKING,,,NOT_APPLICABLE_GLOBAL_BASELINE,HF9g-P5,,,,X 全窗基线 · 不参与实体赏罚,14190668,1420,A168_HF9F_20260827_0900,2026-08-27 09:00:00
2026-05-06,70521282,1951,0,1669.0882673447,-203.6739141714,-203.6739141714,0.4705882,19,19,0.50171194210526316,0.501711942105,-0.2566541656668482,-0.2566541656646776,-0.2566541656668482,2.6316E-13,ELIGIBLE,R03b_20260811_FULL_v1,L1_ELIGIBILITY,v2026-08-11,2026-03-21..2026-08-06,baccarat_bet02_101_all_pairs_incl_sentinel,round_win = game_pnl > 0 (decisive only),COMPATIBILITY_ONLY_NOT_PRODUCTION,584473.8809,521750.0287,6633.3633,3770,3770,-0.01134929,-0.02064894,-0.00990944,-0.01134929,-6633.3633,584473.8809,OK,0.0000,265.3345,4.0000,96.0000,AG03-UNRESOLVED,ALL5_LEVELS_bet23_to_bet27,265.3345,265.3345,265.3345,331.6682,331.6682,4.000000,4.000000,4.000000,5.000000,5.000000,96.000000,96.000000,96.000000,95.000000,95.000000,5.0,1459.3399,1336.7936,5174.0234,5296.5697,PENDING_AG03,FALSE,NOT_FOR_ENFORCEMENT,6368.0288,500880.0275,6633.3633,6368.0288,265.3345,0.01134929,0.01089532,265.3345,6368.0288,0.01089532,265.3345,265.3345,265.3345,331.6682,331.6682,6368.0288,0.01089532,1459.3399,1336.7936,5174.0234,5296.5697,0.00885245,0.00906212,0.00045397,155.0329,138.3952,1.7595,127.5647,14.6756,11239.8823,72.5000,180.5550,151.7125,58.09,129.7286,157.9904,321.5856,428.8828,778.3716,93.4046,0.0,3.306,6.0,1.195055,16,80,84,2,0.13407078,0.01134929,0.02064894,0E-8,0.000000,0.892683,0.000000,-0.01073951,2026-03-25,2026-08-03,52,452,218,132,0.393939,1.190113,1.164624,0.446903,,,,,,,,GLOBAL_BASELINE_NO_ENTITY_RANKING,,,NOT_APPLICABLE_GLOBAL_BASELINE,HF9g-P5,,,,X 全窗基线 · 不参与实体赏罚,14190669,1420,A168_HF9F_20260827_0900,2026-08-27 09:00:00
2026-05-06,70521282,462,0,558.0924705516,229.0358569872,229.0358569872,0.6666667,9,9,0.50069283333333333,0.500692833333,0.9958439560465624,0.9958439560485615,0.9958439560465624,3.3333E-13,ELIGIBLE,R03b_20260811_FULL_v1,L1_ELIGIBILITY,v2026-08-11,2026-03-21..2026-08-06,baccarat_bet02_101_all_pairs_incl_sentinel,round_win = game_pnl > 0 (decisive only),COMPATIBILITY_ONLY_NOT_PRODUCTION,584473.8809,521750.0287,6633.3633,3770,3770,-0.01134929,-0.02064894,-0.00990944,-0.01134929,-6633.3633,584473.8809,OK,0.0000,265.3345,4.0000,96.0000,AG03-UNRESOLVED,ALL5_LEVELS_bet23_to_bet27,265.3345,265.3345,265.3345,331.6682,331.6682,4.000000,4.000000,4.000000,5.000000,5.000000,96.000000,96.000000,96.000000,95.000000,95.000000,5.0,1459.3399,1336.7936,5174.0234,5296.5697,PENDING_AG03,FALSE,NOT_FOR_ENFORCEMENT,6368.0288,500880.0275,6633.3633,6368.0288,265.3345,0.01134929,0.01089532,265.3345,6368.0288,0.01089532,265.3345,265.3345,265.3345,331.6682,331.6682,6368.0288,0.01089532,1459.3399,1336.7936,5174.0234,5296.5697,0.00885245,0.00906212,0.00045397,155.0329,138.3952,1.7595,127.5647,14.6756,11239.8823,72.5000,180.5550,151.7125,58.09,129.7286,157.9904,321.5856,428.8828,778.3716,93.4046,0.0,3.306,6.0,1.195055,16,80,84,2,0.13407078,0.01134929,0.02064894,0E-8,0.000000,0.892683,0.000000,-0.01073951,2026-03-25,2026-08-03,52,452,218,132,0.393939,1.190113,1.164624,0.446903,,,,,,,,GLOBAL_BASELINE_NO_ENTITY_RANKING,,,NOT_APPLICABLE_GLOBAL_BASELINE,HF9g-P5,,,,X 全窗基线 · 不参与实体赏罚,14190670,1420,A168_HF9F_20260827_0900,2026-08-27 09:00:00
2026-05-06,70521282,752,0,403.1965128950,77.5777074360,77.5777074360,0.6000000,6,6,0.49547970000000000,0.495479700000,0.4674480948863271,0.4674480948863271,0.4674480948863271,0E-17,ELIGIBLE,R03b_20260811_FULL_v1,L1_ELIGIBILITY,v2026-08-11,2026-03-21..2026-08-06,baccarat_bet02_101_all_pairs_incl_sentinel,round_win = game_pnl > 0 (decisive only),COMPATIBILITY_ONLY_NOT_PRODUCTION,584473.8809,521750.0287,6633.3633,3770,3770,-0.01134929,-0.02064894,-0.00990944,-0.01134929,-6633.3633,584473.8809,OK,0.0000,265.3345,4.0000,96.0000,AG03-UNRESOLVED,ALL5_LEVELS_bet23_to_bet27,265.3345,265.3345,265.3345,331.6682,331.6682,4.000000,4.000000,4.000000,5.000000,5.000000,96.000000,96.000000,96.000000,95.000000,95.000000,5.0,1459.3399,1336.7936,5174.0234,5296.5697,PENDING_AG03,FALSE,NOT_FOR_ENFORCEMENT,6368.0288,500880.0275,6633.3633,6368.0288,265.3345,0.01134929,0.01089532,265.3345,6368.0288,0.01089532,265.3345,265.3345,265.3345,331.6682,331.6682,6368.0288,0.01089532,1459.3399,1336.7936,5174.0234,5296.5697,0.00885245,0.00906212,0.00045397,155.0329,138.3952,1.7595,127.5647,14.6756,11239.8823,72.5000,180.5550,151.7125,58.09,129.7286,157.9904,321.5856,428.8828,778.3716,93.4046,0.0,3.306,6.0,1.195055,16,80,84,2,0.13407078,0.01134929,0.02064894,0E-8,0.000000,0.892683,0.000000,-0.01073951,2026-03-25,2026-08-03,52,452,218,132,0.393939,1.190113,1.164624,0.446903,,,,,,,,GLOBAL_BASELINE_NO_ENTITY_RANKING,,,NOT_APPLICABLE_GLOBAL_BASELINE,HF9g-P5,,,,X 全窗基线 · 不参与实体赏罚,14190671,1420,A168_HF9F_20260827_0900,2026-08-27 09:00:00
2026-05-07,70521282,1990,0,3359.7114835766,323.6728763426,323.6728763426,0.5652174,24,24,0.49603825000000000,0.496038250000,0.6635638434567267,0.6635638434567267,0.6635638434567267,0E-17,ELIGIBLE,R03b_20260811_FULL_v1,L1_ELIGIBILITY,v2026-08-11,2026-03-21..2026-08-06,baccarat_bet02_101_all_pairs_incl_sentinel,round_win = game_pnl > 0 (decisive only),COMPATIBILITY_ONLY_NOT_PRODUCTION,584473.8809,521750.0287,6633.3633,3770,3770,-0.01134929,-0.02064894,-0.00990944,-0.01134929,-6633.3633,584473.8809,OK,0.0000,265.3345,4.0000,96.0000,AG03-UNRESOLVED,ALL5_LEVELS_bet23_to_bet27,265.3345,265.3345,265.3345,331.6682,331.6682,4.000000,4.000000,4.000000,5.000000,5.000000,96.000000,96.000000,96.000000,95.000000,95.000000,5.0,1459.3399,1336.7936,5174.0234,5296.5697,PENDING_AG03,FALSE,NOT_FOR_ENFORCEMENT,6368.0288,500880.0275,6633.3633,6368.0288,265.3345,0.01134929,0.01089532,265.3345,6368.0288,0.01089532,265.3345,265.3345,265.3345,331.6682,331.6682,6368.0288,0.01089532,1459.3399,1336.7936,5174.0234,5296.5697,0.00885245,0.00906212,0.00045397,155.0329,138.3952,1.7595,127.5647,14.6756,11239.8823,72.5000,180.5550,151.7125,58.09,129.7286,157.9904,321.5856,428.8828,778.3716,93.4046,0.0,3.306,6.0,1.195055,16,80,84,2,0.13407078,0.01134929,0.02064894,0E-8,0.000000,0.892683,0.000000,-0.01073951,2026-03-25,2026-08-03,52,452,218,132,0.393939,1.190113,1.164624,0.446903,,,,,,,,GLOBAL_BASELINE_NO_ENTITY_RANKING,,,NOT_APPLICABLE_GLOBAL_BASELINE,HF9g-P5,,,,X 全窗基线 · 不参与实体赏罚,14190672,1420,A168_HF9F_20260827_0900,2026-08-27 09:00:00
2026-05-07,70521282,583,0,1093.3527061387,-262.3112448757,-262.3112448757,0.4285714,11,11,0.49446415454545455,0.494464154545,-0.3486929047218184,-0.3486929047194165,-0.3486929047218184,4.5455E-13,ELIGIBLE,R03b_20260811_FULL_v1,L1_ELIGIBILITY,v2026-08-11,2026-03-21..2026-08-06,baccarat_bet02_101_all_pairs_incl_sentinel,round_win = game_pnl > 0 (decisive only),COMPATIBILITY_ONLY_NOT_PRODUCTION,584473.8809,521750.0287,6633.3633,3770,3770,-0.01134929,-0.02064894,-0.00990944,-0.01134929,-6633.3633,584473.8809,OK,0.0000,265.3345,4.0000,96.0000,AG03-UNRESOLVED,ALL5_LEVELS_bet23_to_bet27,265.3345,265.3345,265.3345,331.6682,331.6682,4.000000,4.000000,4.000000,5.000000,5.000000,96.000000,96.000000,96.000000,95.000000,95.000000,5.0,1459.3399,1336.7936,5174.0234,5296.5697,PENDING_AG03,FALSE,NOT_FOR_ENFORCEMENT,6368.0288,500880.0275,6633.3633,6368.0288,265.3345,0.01134929,0.01089532,265.3345,6368.0288,0.01089532,265.3345,265.3345,265.3345,331.6682,331.6682,6368.0288,0.01089532,1459.3399,1336.7936,5174.0234,5296.5697,0.00885245,0.00906212,0.00045397,155.0329,138.3952,1.7595,127.5647,14.6756,11239.8823,72.5000,180.5550,151.7125,58.09,129.7286,157.9904,321.5856,428.8828,778.3716,93.4046,0.0,3.306,6.0,1.195055,16,80,84,2,0.13407078,0.01134929,0.02064894,0E-8,0.000000,0.892683,0.000000,-0.01073951,2026-03-25,2026-08-03,52,452,218,132,0.393939,1.190113,1.164624,0.446903,,,,,,,,GLOBAL_BASELINE_NO_ENTITY_RANKING,,,NOT_APPLICABLE_GLOBAL_BASELINE,HF9g-P5,,,,X 全窗基线 · 不参与实体赏罚,14190673,1420,A168_HF9F_20260827_0900,2026-08-27 09:00:00
2026-05-07,70521282,772,0,1089.7203051216,-544.8601525608,-544.8601525608,0.3333333,6,6,0.49771390000000000,0.497713900000,-0.8053054414300617,-0.8053054414300617,-0.8053054414300617,0E-17,ELIGIBLE,R03b_20260811_FULL_v1,L1_ELIGIBILITY,v2026-08-11,2026-03-21..2026-08-06,baccarat_bet02_101_all_pairs_incl_sentinel,round_win = game_pnl > 0 (decisive only),COMPATIBILITY_ONLY_NOT_PRODUCTION,584473.8809,521750.0287,6633.3633,3770,3770,-0.01134929,-0.02064894,-0.00990944,-0.01134929,-6633.3633,584473.8809,OK,0.0000,265.3345,4.0000,96.0000,AG03-UNRESOLVED,ALL5_LEVELS_bet23_to_bet27,265.3345,265.3345,265.3345,331.6682,331.6682,4.000000,4.000000,4.000000,5.000000,5.000000,96.000000,96.000000,96.000000,95.000000,95.000000,5.0,1459.3399,1336.7936,5174.0234,5296.5697,PENDING_AG03,FALSE,NOT_FOR_ENFORCEMENT,6368.0288,500880.0275,6633.3633,6368.0288,265.3345,0.01134929,0.01089532,265.3345,6368.0288,0.01089532,265.3345,265.3345,265.3345,331.6682,331.6682,6368.0288,0.01089532,1459.3399,1336.7936,5174.0234,5296.5697,0.00885245,0.00906212,0.00045397,155.0329,138.3952,1.7595,127.5647,14.6756,11239.8823,72.5000,180.5550,151.7125,58.09,129.7286,157.9904,321.5856,428.8828,778.3716,93.4046,0.0,3.306,6.0,1.195055,16,80,84,2,0.13407078,0.01134929,0.02064894,0E-8,0.000000,0.892683,0.000000,-0.01073951,2026-03-25,2026-08-03,52,452,218,132,0.393939,1.190113,1.164624,0.446903,,,,,,,,GLOBAL_BASELINE_NO_ENTITY_RANKING,,,NOT_APPLICABLE_GLOBAL_BASELINE,HF9g-P5,,,,X 全窗基线 · 不参与实体赏罚,14190674,1420,A168_HF9F_20260827_0900,2026-08-27 09:00:00
2026-05-07,70521282,925,0,65.1237610918,-65.1237610918,-65.1237610918,0E-7,1,1,0.49324550000000000,0.493245500000,-0.9865810262130424,-0.9865810262130424,-0.9865810262130424,0E-17,ELIGIBLE,R03b_20260811_FULL_v1,L1_ELIGIBILITY,v2026-08-11,2026-03-21..2026-08-06,baccarat_bet02_101_all_pairs_incl_sentinel,round_win = game_pnl > 0 (decisive only),COMPATIBILITY_ONLY_NOT_PRODUCTION,584473.8809,521750.0287,6633.3633,3770,3770,-0.01134929,-0.02064894,-0.00990944,-0.01134929,-6633.3633,584473.8809,OK,0.0000,265.3345,4.0000,96.0000,AG03-UNRESOLVED,ALL5_LEVELS_bet23_to_bet27,265.3345,265.3345,265.3345,331.6682,331.6682,4.000000,4.000000,4.000000,5.000000,5.000000,96.000000,96.000000,96.000000,95.000000,95.000000,5.0,1459.3399,1336.7936,5174.0234,5296.5697,PENDING_AG03,FALSE,NOT_FOR_ENFORCEMENT,6368.0288,500880.0275,6633.3633,6368.0288,265.3345,0.01134929,0.01089532,265.3345,6368.0288,0.01089532,265.3345,265.3345,265.3345,331.6682,331.6682,6368.0288,0.01089532,1459.3399,1336.7936,5174.0234,5296.5697,0.00885245,0.00906212,0.00045397,155.0329,138.3952,1.7595,127.5647,14.6756,11239.8823,72.5000,180.5550,151.7125,58.09,129.7286,157.9904,321.5856,428.8828,778.3716,93.4046,0.0,3.306,6.0,1.195055,16,80,84,2,0.13407078,0.01134929,0.02064894,0E-8,0.000000,0.892683,0.000000,-0.01073951,2026-03-25,2026-08-03,52,452,218,132,0.393939,1.190113,1.164624,0.446903,,,,,,,,GLOBAL_BASELINE_NO_ENTITY_RANKING,,,NOT_APPLICABLE_GLOBAL_BASELINE,HF9g-P5,,,,X 全窗基线 · 不参与实体赏罚,14190675,1420,A168_HF9F_20260827_0900,2026-08-27 09:00:00
2026-05-08,70521282,1151,0,24.9078926885,-24.9078926885,-24.9078926885,0E-7,1,1,0.50665070000000000,0.506650700000,-1.013391052207602,-1.013391052207602,-1.013391052207602,0E-17,ELIGIBLE,R03b_20260811_FULL_v1,L1_ELIGIBILITY,v2026-08-11,2026-03-21..2026-08-06,baccarat_bet02_101_all_pairs_incl_sentinel,round_win = game_pnl > 0 (decisive only),COMPATIBILITY_ONLY_NOT_PRODUCTION,584473.8809,521750.0287,6633.3633,3770,3770,-0.01134929,-0.02064894,-0.00990944,-0.01134929,-6633.3633,584473.8809,OK,0.0000,265.3345,4.0000,96.0000,AG03-UNRESOLVED,ALL5_LEVELS_bet23_to_bet27,265.3345,265.3345,265.3345,331.6682,331.6682,4.000000,4.000000,4.000000,5.000000,5.000000,96.000000,96.000000,96.000000,95.000000,95.000000,5.0,1459.3399,1336.7936,5174.0234,5296.5697,PENDING_AG03,FALSE,NOT_FOR_ENFORCEMENT,6368.0288,500880.0275,6633.3633,6368.0288,265.3345,0.01134929,0.01089532,265.3345,6368.0288,0.01089532,265.3345,265.3345,265.3345,331.6682,331.6682,6368.0288,0.01089532,1459.3399,1336.7936,5174.0234,5296.5697,0.00885245,0.00906212,0.00045397,155.0329,138.3952,1.7595,127.5647,14.6756,11239.8823,72.5000,180.5550,151.7125,58.09,129.7286,157.9904,321.5856,428.8828,778.3716,93.4046,0.0,3.306,6.0,1.195055,16,80,84,2,0.13407078,0.01134929,0.02064894,0E-8,0.000000,0.892683,0.000000,-0.01073951,2026-03-25,2026-08-03,52,452,218,132,0.393939,1.190113,1.164624,0.446903,,,,,,,,GLOBAL_BASELINE_NO_ENTITY_RANKING,,,NOT_APPLICABLE_GLOBAL_BASELINE,HF9g-P5,,,,X 全窗基线 · 不参与实体赏罚,14190676,1420,A168_HF9F_20260827_0900,2026-08-27 09:00:00
2026-05-08,70521282,1205,0,518.9144310103,-259.4572155051,-259.4572155051,0.2500000,4,4,0.49994810000000000,0.499948100000,-0.9997924053861017,-0.9997924053861017,-0.9997924053861017,0E-17,ELIGIBLE,R03b_20260811_FULL_v1,L1_ELIGIBILITY,v2026-08-11,2026-03-21..2026-08-06,baccarat_bet02_101_all_pairs_incl_sentinel,round_win = game_pnl > 0 (decisive only),COMPATIBILITY_ONLY_NOT_PRODUCTION,584473.8809,521750.0287,6633.3633,3770,3770,-0.01134929,-0.02064894,-0.00990944,-0.01134929,-6633.3633,584473.8809,OK,0.0000,265.3345,4.0000,96.0000,AG03-UNRESOLVED,ALL5_LEVELS_bet23_to_bet27,265.3345,265.3345,265.3345,331.6682,331.6682,4.000000,4.000000,4.000000,5.000000,5.000000,96.000000,96.000000,96.000000,95.000000,95.000000,5.0,1459.3399,1336.7936,5174.0234,5296.5697,PENDING_AG03,FALSE,NOT_FOR_ENFORCEMENT,6368.0288,500880.0275,6633.3633,6368.0288,265.3345,0.01134929,0.01089532,265.3345,6368.0288,0.01089532,265.3345,265.3345,265.3345,331.6682,331.6682,6368.0288,0.01089532,1459.3399,1336.7936,5174.0234,5296.5697,0.00885245,0.00906212,0.00045397,155.0329,138.3952,1.7595,127.5647,14.6756,11239.8823,72.5000,180.5550,151.7125,58.09,129.7286,157.9904,321.5856,428.8828,778.3716,93.4046,0.0,3.306,6.0,1.195055,16,80,84,2,0.13407078,0.01134929,0.02064894,0E-8,0.000000,0.892683,0.000000,-0.01073951,2026-03-25,2026-08-03,52,452,218,132,0.393939,1.190113,1.164624,0.446903,,,,,,,,GLOBAL_BASELINE_NO_ENTITY_RANKING,,,NOT_APPLICABLE_GLOBAL_BASELINE,HF9g-P5,,,,X 全窗基线 · 不参与实体赏罚,14190677,1420,A168_HF9F_20260827_0900,2026-08-27 09:00:00
2026-05-08,70521282,1385,0,1463.3386954493,391.7803954129,391.7803954129,0.6363636,13,13,0.49530783846153846,0.495307838462,0.9356995146300428,0.9356995146269731,0.9356995146300428,-4.6154E-13,ELIGIBLE,R03b_20260811_FULL_v1,L1_ELIGIBILITY,v2026-08-11,2026-03-21..2026-08-06,baccarat_bet02_101_all_pairs_incl_sentinel,round_win = game_pnl > 0 (decisive only),COMPATIBILITY_ONLY_NOT_PRODUCTION,584473.8809,521750.0287,6633.3633,3770,3770,-0.01134929,-0.02064894,-0.00990944,-0.01134929,-6633.3633,584473.8809,OK,0.0000,265.3345,4.0000,96.0000,AG03-UNRESOLVED,ALL5_LEVELS_bet23_to_bet27,265.3345,265.3345,265.3345,331.6682,331.6682,4.000000,4.000000,4.000000,5.000000,5.000000,96.000000,96.000000,96.000000,95.000000,95.000000,5.0,1459.3399,1336.7936,5174.0234,5296.5697,PENDING_AG03,FALSE,NOT_FOR_ENFORCEMENT,6368.0288,500880.0275,6633.3633,6368.0288,265.3345,0.01134929,0.01089532,265.3345,6368.0288,0.01089532,265.3345,265.3345,265.3345,331.6682,331.6682,6368.0288,0.01089532,1459.3399,1336.7936,5174.0234,5296.5697,0.00885245,0.00906212,0.00045397,155.0329,138.3952,1.7595,127.5647,14.6756,11239.8823,72.5000,180.5550,151.7125,58.09,129.7286,157.9904,321.5856,428.8828,778.3716,93.4046,0.0,3.306,6.0,1.195055,16,80,84,2,0.13407078,0.01134929,0.02064894,0E-8,0.000000,0.892683,0.000000,-0.01073951,2026-03-25,2026-08-03,52,452,218,132,0.393939,1.190113,1.164624,0.446903,,,,,,,,GLOBAL_BASELINE_NO_ENTITY_RANKING,,,NOT_APPLICABLE_GLOBAL_BASELINE,HF9g-P5,,,,X 全窗基线 · 不参与实体赏罚,14190678,1420,A168_HF9F_20260827_0900,2026-08-27 09:00:00
2026-05-08,70521282,1704,0,350.2672409320,-116.7557469774,-116.7557469774,0.3333333,3,3,0.49324550000000000,0.493245500000,-0.5540025479526107,-0.5540025479526106,-0.5540025479526107,0E-17,ELIGIBLE,R03b_20260811_FULL_v1,L1_ELIGIBILITY,v2026-08-11,2026-03-21..2026-08-06,baccarat_bet02_101_all_pairs_incl_sentinel,round_win = game_pnl > 0 (decisive only),COMPATIBILITY_ONLY_NOT_PRODUCTION,584473.8809,521750.0287,6633.3633,3770,3770,-0.01134929,-0.02064894,-0.00990944,-0.01134929,-6633.3633,584473.8809,OK,0.0000,265.3345,4.0000,96.0000,AG03-UNRESOLVED,ALL5_LEVELS_bet23_to_bet27,265.3345,265.3345,265.3345,331.6682,331.6682,4.000000,4.000000,4.000000,5.000000,5.000000,96.000000,96.000000,96.000000,95.000000,95.000000,5.0,1459.3399,1336.7936,5174.0234,5296.5697,PENDING_AG03,FALSE,NOT_FOR_ENFORCEMENT,6368.0288,500880.0275,6633.3633,6368.0288,265.3345,0.01134929,0.01089532,265.3345,6368.0288,0.01089532,265.3345,265.3345,265.3345,331.6682,331.6682,6368.0288,0.01089532,1459.3399,1336.7936,5174.0234,5296.5697,0.00885245,0.00906212,0.00045397,155.0329,138.3952,1.7595,127.5647,14.6756,11239.8823,72.5000,180.5550,151.7125,58.09,129.7286,157.9904,321.5856,428.8828,778.3716,93.4046,0.0,3.306,6.0,1.195055,16,80,84,2,0.13407078,0.01134929,0.02064894,0E-8,0.000000,0.892683,0.000000,-0.01073951,2026-03-25,2026-08-03,52,452,218,132,0.393939,1.190113,1.164624,0.446903,,,,,,,,GLOBAL_BASELINE_NO_ENTITY_RANKING,,,NOT_APPLICABLE_GLOBAL_BASELINE,HF9g-P5,,,,X 全窗基线 · 不参与实体赏罚,14190679,1420,A168_HF9F_20260827_0900,2026-08-27 09:00:00
2026-05-08,70521282,1710,0,2428.2600799127,-689.6372788127,-689.6372788127,0.4166667,15,15,0.49592654000000000,0.495926540000,-0.5491467348290515,-0.5491467348290515,-0.5491467348290515,0E-17,ELIGIBLE,R03b_20260811_FULL_v1,L1_ELIGIBILITY,v2026-08-11,2026-03-21..2026-08-06,baccarat_bet02_101_all_pairs_incl_sentinel,round_win = game_pnl > 0 (decisive only),COMPATIBILITY_ONLY_NOT_PRODUCTION,584473.8809,521750.0287,6633.3633,3770,3770,-0.01134929,-0.02064894,-0.00990944,-0.01134929,-6633.3633,584473.8809,OK,0.0000,265.3345,4.0000,96.0000,AG03-UNRESOLVED,ALL5_LEVELS_bet23_to_bet27,265.3345,265.3345,265.3345,331.6682,331.6682,4.000000,4.000000,4.000000,5.000000,5.000000,96.000000,96.000000,96.000000,95.000000,95.000000,5.0,1459.3399,1336.7936,5174.0234,5296.5697,PENDING_AG03,FALSE,NOT_FOR_ENFORCEMENT,6368.0288,500880.0275,6633.3633,6368.0288,265.3345,0.01134929,0.01089532,265.3345,6368.0288,0.01089532,265.3345,265.3345,265.3345,331.6682,331.6682,6368.0288,0.01089532,1459.3399,1336.7936,5174.0234,5296.5697,0.00885245,0.00906212,0.00045397,155.0329,138.3952,1.7595,127.5647,14.6756,11239.8823,72.5000,180.5550,151.7125,58.09,129.7286,157.9904,321.5856,428.8828,778.3716,93.4046,0.0,3.306,6.0,1.195055,16,80,84,2,0.13407078,0.01134929,0.02064894,0E-8,0.000000,0.892683,0.000000,-0.01073951,2026-03-25,2026-08-03,52,452,218,132,0.393939,1.190113,1.164624,0.446903,,,,,,,,GLOBAL_BASELINE_NO_ENTITY_RANKING,,,NOT_APPLICABLE_GLOBAL_BASELINE,HF9g-P5,,,,X 全窗基线 · 不参与实体赏罚,14190680,1420,A168_HF9F_20260827_0900,2026-08-27 09:00:00
2026-05-08,70521282,1942,0,264.6463598153,264.6463598153,264.6463598153,1.0000000,1,1,0.49324550000000000,0.493245500000,1.01360149184955,1.01360149184955,1.01360149184955,0E-17,ELIGIBLE,R03b_20260811_FULL_v1,L1_ELIGIBILITY,v2026-08-11,2026-03-21..2026-08-06,baccarat_bet02_101_all_pairs_incl_sentinel,round_win = game_pnl > 0 (decisive only),COMPATIBILITY_ONLY_NOT_PRODUCTION,584473.8809,521750.0287,6633.3633,3770,3770,-0.01134929,-0.02064894,-0.00990944,-0.01134929,-6633.3633,584473.8809,OK,0.0000,265.3345,4.0000,96.0000,AG03-UNRESOLVED,ALL5_LEVELS_bet23_to_bet27,265.3345,265.3345,265.3345,331.6682,331.6682,4.000000,4.000000,4.000000,5.000000,5.000000,96.000000,96.000000,96.000000,95.000000,95.000000,5.0,1459.3399,1336.7936,5174.0234,5296.5697,PENDING_AG03,FALSE,NOT_FOR_ENFORCEMENT,6368.0288,500880.0275,6633.3633,6368.0288,265.3345,0.01134929,0.01089532,265.3345,6368.0288,0.01089532,265.3345,265.3345,265.3345,331.6682,331.6682,6368.0288,0.01089532,1459.3399,1336.7936,5174.0234,5296.5697,0.00885245,0.00906212,0.00045397,155.0329,138.3952,1.7595,127.5647,14.6756,11239.8823,72.5000,180.5550,151.7125,58.09,129.7286,157.9904,321.5856,428.8828,778.3716,93.4046,0.0,3.306,6.0,1.195055,16,80,84,2,0.13407078,0.01134929,0.02064894,0E-8,0.000000,0.892683,0.000000,-0.01073951,2026-03-25,2026-08-03,52,452,218,132,0.393939,1.190113,1.164624,0.446903,,,,,,,,GLOBAL_BASELINE_NO_ENTITY_RANKING,,,NOT_APPLICABLE_GLOBAL_BASELINE,HF9g-P5,,,,X 全窗基线 · 不参与实体赏罚,14190681,1420,A168_HF9F_20260827_0900,2026-08-27 09:00:00
2026-05-08,70521282,2088,0,129.7286077526,0E-10,0E-10,,1,1,0.50665070000000000,0.506650700000,,,,0E-17,NO_DECISIVE_ROUND,R03b_20260811_FULL_v1,L1_ELIGIBILITY,v2026-08-11,2026-03-21..2026-08-06,baccarat_bet02_101_all_pairs_incl_sentinel,round_win = game_pnl > 0 (decisive only),COMPATIBILITY_ONLY_NOT_PRODUCTION,584473.8809,521750.0287,6633.3633,3770,3770,-0.01134929,-0.02064894,-0.00990944,-0.01134929,-6633.3633,584473.8809,OK,0.0000,265.3345,4.0000,96.0000,AG03-UNRESOLVED,ALL5_LEVELS_bet23_to_bet27,265.3345,265.3345,265.3345,331.6682,331.6682,4.000000,4.000000,4.000000,5.000000,5.000000,96.000000,96.000000,96.000000,95.000000,95.000000,5.0,1459.3399,1336.7936,5174.0234,5296.5697,PENDING_AG03,FALSE,NOT_FOR_ENFORCEMENT,6368.0288,500880.0275,6633.3633,6368.0288,265.3345,0.01134929,0.01089532,265.3345,6368.0288,0.01089532,265.3345,265.3345,265.3345,331.6682,331.6682,6368.0288,0.01089532,1459.3399,1336.7936,5174.0234,5296.5697,0.00885245,0.00906212,0.00045397,155.0329,138.3952,1.7595,127.5647,14.6756,11239.8823,72.5000,180.5550,151.7125,58.09,129.7286,157.9904,321.5856,428.8828,778.3716,93.4046,0.0,3.306,6.0,1.195055,16,80,84,2,0.13407078,0.01134929,0.02064894,0E-8,0.000000,0.892683,0.000000,-0.01073951,2026-03-25,2026-08-03,52,452,218,132,0.393939,1.190113,1.164624,0.446903,,,,,,,,GLOBAL_BASELINE_NO_ENTITY_RANKING,,,NOT_APPLICABLE_GLOBAL_BASELINE,HF9g-P5,,,,X 全窗基线 · 不参与实体赏罚,14190682,1420,A168_HF9F_20260827_0900,2026-08-27 09:00:00
2026-05-08,70521282,2130,0,307.9757148045,8.5620881117,8.5620881117,0.5000000,5,5,0.49860758000000000,0.498607580000,0.005569701597489473,0.005569701597489473,0.005569701597489473,0E-17,ELIGIBLE,R03b_20260811_FULL_v1,L1_ELIGIBILITY,v2026-08-11,2026-03-21..2026-08-06,baccarat_bet02_101_all_pairs_incl_sentinel,round_win = game_pnl > 0 (decisive only),COMPATIBILITY_ONLY_NOT_PRODUCTION,584473.8809,521750.0287,6633.3633,3770,3770,-0.01134929,-0.02064894,-0.00990944,-0.01134929,-6633.3633,584473.8809,OK,0.0000,265.3345,4.0000,96.0000,AG03-UNRESOLVED,ALL5_LEVELS_bet23_to_bet27,265.3345,265.3345,265.3345,331.6682,331.6682,4.000000,4.000000,4.000000,5.000000,5.000000,96.000000,96.000000,96.000000,95.000000,95.000000,5.0,1459.3399,1336.7936,5174.0234,5296.5697,PENDING_AG03,FALSE,NOT_FOR_ENFORCEMENT,6368.0288,500880.0275,6633.3633,6368.0288,265.3345,0.01134929,0.01089532,265.3345,6368.0288,0.01089532,265.3345,265.3345,265.3345,331.6682,331.6682,6368.0288,0.01089532,1459.3399,1336.7936,5174.0234,5296.5697,0.00885245,0.00906212,0.00045397,155.0329,138.3952,1.7595,127.5647,14.6756,11239.8823,72.5000,180.5550,151.7125,58.09,129.7286,157.9904,321.5856,428.8828,778.3716,93.4046,0.0,3.306,6.0,1.195055,16,80,84,2,0.13407078,0.01134929,0.02064894,0E-8,0.000000,0.892683,0.000000,-0.01073951,2026-03-25,2026-08-03,52,452,218,132,0.393939,1.190113,1.164624,0.446903,,,,,,,,GLOBAL_BASELINE_NO_ENTITY_RANKING,,,NOT_APPLICABLE_GLOBAL_BASELINE,HF9g-P5,,,,X 全窗基线 · 不参与实体赏罚,14190683,1420,A168_HF9F_20260827_0900,2026-08-27 09:00:00
2026-05-08,70521282,2147,0,2018.8365938458,99.5018421462,99.5018421462,0.6250000,10,10,0.49726706000000000,0.497267060000,0.7225774183249517,0.7225774183249517,0.7225774183249517,0E-17,ELIGIBLE,R03b_20260811_FULL_v1,L1_ELIGIBILITY,v2026-08-11,2026-03-21..2026-08-06,baccarat_bet02_101_all_pairs_incl_sentinel,round_win = game_pnl > 0 (decisive only),COMPATIBILITY_ONLY_NOT_PRODUCTION,584473.8809,521750.0287,6633.3633,3770,3770,-0.01134929,-0.02064894,-0.00990944,-0.01134929,-6633.3633,584473.8809,OK,0.0000,265.3345,4.0000,96.0000,AG03-UNRESOLVED,ALL5_LEVELS_bet23_to_bet27,265.3345,265.3345,265.3345,331.6682,331.6682,4.000000,4.000000,4.000000,5.000000,5.000000,96.000000,96.000000,96.000000,95.000000,95.000000,5.0,1459.3399,1336.7936,5174.0234,5296.5697,PENDING_AG03,FALSE,NOT_FOR_ENFORCEMENT,6368.0288,500880.0275,6633.3633,6368.0288,265.3345,0.01134929,0.01089532,265.3345,6368.0288,0.01089532,265.3345,265.3345,265.3345,331.6682,331.6682,6368.0288,0.01089532,1459.3399,1336.7936,5174.0234,5296.5697,0.00885245,0.00906212,0.00045397,155.0329,138.3952,1.7595,127.5647,14.6756,11239.8823,72.5000,180.5550,151.7125,58.09,129.7286,157.9904,321.5856,428.8828,778.3716,93.4046,0.0,3.306,6.0,1.195055,16,80,84,2,0.13407078,0.01134929,0.02064894,0E-8,0.000000,0.892683,0.000000,-0.01073951,2026-03-25,2026-08-03,52,452,218,132,0.393939,1.190113,1.164624,0.446903,,,,,,,,GLOBAL_BASELINE_NO_ENTITY_RANKING,,,NOT_APPLICABLE_GLOBAL_BASELINE,HF9g-P5,,,,X 全窗基线 · 不参与实体赏罚,14190684,1420,A168_HF9F_20260827_0900,2026-08-27 09:00:00
2026-05-08,70521282,2155,0,2101.6034455920,648.6430387630,648.6430387630,0.6428571,15,15,0.49413918000000000,0.494139180000,1.1129797911228512,1.1129797911228514,1.1129797911228512,0E-17,ELIGIBLE,R03b_20260811_FULL_v1,L1_ELIGIBILITY,v2026-08-11,2026-03-21..2026-08-06,baccarat_bet02_101_all_pairs_incl_sentinel,round_win = game_pnl > 0 (decisive only),COMPATIBILITY_ONLY_NOT_PRODUCTION,584473.8809,521750.0287,6633.3633,3770,3770,-0.01134929,-0.02064894,-0.00990944,-0.01134929,-6633.3633,584473.8809,OK,0.0000,265.3345,4.0000,96.0000,AG03-UNRESOLVED,ALL5_LEVELS_bet23_to_bet27,265.3345,265.3345,265.3345,331.6682,331.6682,4.000000,4.000000,4.000000,5.000000,5.000000,96.000000,96.000000,96.000000,95.000000,95.000000,5.0,1459.3399,1336.7936,5174.0234,5296.5697,PENDING_AG03,FALSE,NOT_FOR_ENFORCEMENT,6368.0288,500880.0275,6633.3633,6368.0288,265.3345,0.01134929,0.01089532,265.3345,6368.0288,0.01089532,265.3345,265.3345,265.3345,331.6682,331.6682,6368.0288,0.01089532,1459.3399,1336.7936,5174.0234,5296.5697,0.00885245,0.00906212,0.00045397,155.0329,138.3952,1.7595,127.5647,14.6756,11239.8823,72.5000,180.5550,151.7125,58.09,129.7286,157.9904,321.5856,428.8828,778.3716,93.4046,0.0,3.306,6.0,1.195055,16,80,84,2,0.13407078,0.01134929,0.02064894,0E-8,0.000000,0.892683,0.000000,-0.01073951,2026-03-25,2026-08-03,52,452,218,132,0.393939,1.190113,1.164624,0.446903,,,,,,,,GLOBAL_BASELINE_NO_ENTITY_RANKING,,,NOT_APPLICABLE_GLOBAL_BASELINE,HF9g-P5,,,,X 全窗基线 · 不参与实体赏罚,14190685,1420,A168_HF9F_20260827_0900,2026-08-27 09:00:00
2026-05-08,70521282,2267,0,2148.3057443826,120.6476052097,120.6476052097,0.5333333,19,19,0.49536211052631579,0.495362110526,0.2941364811680765,0.29413648117052443,0.2941364811680765,3.1579E-13,ELIGIBLE,R03b_20260811_FULL_v1,L1_ELIGIBILITY,v2026-08-11,2026-03-21..2026-08-06,baccarat_bet02_101_all_pairs_incl_sentinel,round_win = game_pnl > 0 (decisive only),COMPATIBILITY_ONLY_NOT_PRODUCTION,584473.8809,521750.0287,6633.3633,3770,3770,-0.01134929,-0.02064894,-0.00990944,-0.01134929,-6633.3633,584473.8809,OK,0.0000,265.3345,4.0000,96.0000,AG03-UNRESOLVED,ALL5_LEVELS_bet23_to_bet27,265.3345,265.3345,265.3345,331.6682,331.6682,4.000000,4.000000,4.000000,5.000000,5.000000,96.000000,96.000000,96.000000,95.000000,95.000000,5.0,1459.3399,1336.7936,5174.0234,5296.5697,PENDING_AG03,FALSE,NOT_FOR_ENFORCEMENT,6368.0288,500880.0275,6633.3633,6368.0288,265.3345,0.01134929,0.01089532,265.3345,6368.0288,0.01089532,265.3345,265.3345,265.3345,331.6682,331.6682,6368.0288,0.01089532,1459.3399,1336.7936,5174.0234,5296.5697,0.00885245,0.00906212,0.00045397,155.0329,138.3952,1.7595,127.5647,14.6756,11239.8823,72.5000,180.5550,151.7125,58.09,129.7286,157.9904,321.5856,428.8828,778.3716,93.4046,0.0,3.306,6.0,1.195055,16,80,84,2,0.13407078,0.01134929,0.02064894,0E-8,0.000000,0.892683,0.000000,-0.01073951,2026-03-25,2026-08-03,52,452,218,132,0.393939,1.190113,1.164624,0.446903,,,,,,,,GLOBAL_BASELINE_NO_ENTITY_RANKING,,,NOT_APPLICABLE_GLOBAL_BASELINE,HF9g-P5,,,,X 全窗基线 · 不参与实体赏罚,14190686,1420,A168_HF9F_20260827_0900,2026-08-27 09:00:00
2026-05-08,70521282,2271,0,2147.2679155208,1128.3794302321,1128.3794302321,0.7000000,10,10,0.49592654000000000,0.495926540000,1.290716721815579,1.290716721815579,1.290716721815579,0E-17,ELIGIBLE,R03b_20260811_FULL_v1,L1_ELIGIBILITY,v2026-08-11,2026-03-21..2026-08-06,baccarat_bet02_101_all_pairs_incl_sentinel,round_win = game_pnl > 0 (decisive only),COMPATIBILITY_ONLY_NOT_PRODUCTION,584473.8809,521750.0287,6633.3633,3770,3770,-0.01134929,-0.02064894,-0.00990944,-0.01134929,-6633.3633,584473.8809,OK,0.0000,265.3345,4.0000,96.0000,AG03-UNRESOLVED,ALL5_LEVELS_bet23_to_bet27,265.3345,265.3345,265.3345,331.6682,331.6682,4.000000,4.000000,4.000000,5.000000,5.000000,96.000000,96.000000,96.000000,95.000000,95.000000,5.0,1459.3399,1336.7936,5174.0234,5296.5697,PENDING_AG03,FALSE,NOT_FOR_ENFORCEMENT,6368.0288,500880.0275,6633.3633,6368.0288,265.3345,0.01134929,0.01089532,265.3345,6368.0288,0.01089532,265.3345,265.3345,265.3345,331.6682,331.6682,6368.0288,0.01089532,1459.3399,1336.7936,5174.0234,5296.5697,0.00885245,0.00906212,0.00045397,155.0329,138.3952,1.7595,127.5647,14.6756,11239.8823,72.5000,180.5550,151.7125,58.09,129.7286,157.9904,321.5856,428.8828,778.3716,93.4046,0.0,3.306,6.0,1.195055,16,80,84,2,0.13407078,0.01134929,0.02064894,0E-8,0.000000,0.892683,0.000000,-0.01073951,2026-03-25,2026-08-03,52,452,218,132,0.393939,1.190113,1.164624,0.446903,,,,,,,,GLOBAL_BASELINE_NO_ENTITY_RANKING,,,NOT_APPLICABLE_GLOBAL_BASELINE,HF9g-P5,,,,X 全窗基线 · 不参与实体赏罚,14190687,1420,A168_HF9F_20260827_0900,2026-08-27 09:00:00
2026-05-08,70521282,595,0,263.8679881688,-263.8679881688,-263.8679881688,0E-7,2,2,0.49994810000000000,0.499948100000,-1.4140667746232096,-1.4140667746232096,-1.4140667746232096,0E-17,ELIGIBLE,R03b_20260811_FULL_v1,L1_ELIGIBILITY,v2026-08-11,2026-03-21..2026-08-06,baccarat_bet02_101_all_pairs_incl_sentinel,round_win = game_pnl > 0 (decisive only),COMPATIBILITY_ONLY_NOT_PRODUCTION,584473.8809,521750.0287,6633.3633,3770,3770,-0.01134929,-0.02064894,-0.00990944,-0.01134929,-6633.3633,584473.8809,OK,0.0000,265.3345,4.0000,96.0000,AG03-UNRESOLVED,ALL5_LEVELS_bet23_to_bet27,265.3345,265.3345,265.3345,331.6682,331.6682,4.000000,4.000000,4.000000,5.000000,5.000000,96.000000,96.000000,96.000000,95.000000,95.000000,5.0,1459.3399,1336.7936,5174.0234,5296.5697,PENDING_AG03,FALSE,NOT_FOR_ENFORCEMENT,6368.0288,500880.0275,6633.3633,6368.0288,265.3345,0.01134929,0.01089532,265.3345,6368.0288,0.01089532,265.3345,265.3345,265.3345,331.6682,331.6682,6368.0288,0.01089532,1459.3399,1336.7936,5174.0234,5296.5697,0.00885245,0.00906212,0.00045397,155.0329,138.3952,1.7595,127.5647,14.6756,11239.8823,72.5000,180.5550,151.7125,58.09,129.7286,157.9904,321.5856,428.8828,778.3716,93.4046,0.0,3.306,6.0,1.195055,16,80,84,2,0.13407078,0.01134929,0.02064894,0E-8,0.000000,0.892683,0.000000,-0.01073951,2026-03-25,2026-08-03,52,452,218,132,0.393939,1.190113,1.164624,0.446903,,,,,,,,GLOBAL_BASELINE_NO_ENTITY_RANKING,,,NOT_APPLICABLE_GLOBAL_BASELINE,HF9g-P5,,,,X 全窗基线 · 不参与实体赏罚,14190688,1420,A168_HF9F_20260827_0900,2026-08-27 09:00:00
2026-05-08,70521282,752,0,1610.1914794251,-650.1997820559,-650.1997820559,0.3333333,10,10,0.49726706000000000,0.497267060000,-0.9836170533046504,-0.9836170533046504,-0.9836170533046504,0E-17,ELIGIBLE,R03b_20260811_FULL_v1,L1_ELIGIBILITY,v2026-08-11,2026-03-21..2026-08-06,baccarat_bet02_101_all_pairs_incl_sentinel,round_win = game_pnl > 0 (decisive only),COMPATIBILITY_ONLY_NOT_PRODUCTION,584473.8809,521750.0287,6633.3633,3770,3770,-0.01134929,-0.02064894,-0.00990944,-0.01134929,-6633.3633,584473.8809,OK,0.0000,265.3345,4.0000,96.0000,AG03-UNRESOLVED,ALL5_LEVELS_bet23_to_bet27,265.3345,265.3345,265.3345,331.6682,331.6682,4.000000,4.000000,4.000000,5.000000,5.000000,96.000000,96.000000,96.000000,95.000000,95.000000,5.0,1459.3399,1336.7936,5174.0234,5296.5697,PENDING_AG03,FALSE,NOT_FOR_ENFORCEMENT,6368.0288,500880.0275,6633.3633,6368.0288,265.3345,0.01134929,0.01089532,265.3345,6368.0288,0.01089532,265.3345,265.3345,265.3345,331.6682,331.6682,6368.0288,0.01089532,1459.3399,1336.7936,5174.0234,5296.5697,0.00885245,0.00906212,0.00045397,155.0329,138.3952,1.7595,127.5647,14.6756,11239.8823,72.5000,180.5550,151.7125,58.09,129.7286,157.9904,321.5856,428.8828,778.3716,93.4046,0.0,3.306,6.0,1.195055,16,80,84,2,0.13407078,0.01134929,0.02064894,0E-8,0.000000,0.892683,0.000000,-0.01073951,2026-03-25,2026-08-03,52,452,218,132,0.393939,1.190113,1.164624,0.446903,,,,,,,,GLOBAL_BASELINE_NO_ENTITY_RANKING,,,NOT_APPLICABLE_GLOBAL_BASELINE,HF9g-P5,,,,X 全窗基线 · 不参与实体赏罚,14190689,1420,A168_HF9F_20260827_0900,2026-08-27 09:00:00
2026-05-08,70521282,772,0,609.2055420061,-231.0466504074,-231.0466504074,0.3333333,4,4,0.50329940000000000,0.503299400000,-0.5887925454369916,-0.5887925454369916,-0.5887925454369916,0E-17,ELIGIBLE,R03b_20260811_FULL_v1,L1_ELIGIBILITY,v2026-08-11,2026-03-21..2026-08-06,baccarat_bet02_101_all_pairs_incl_sentinel,round_win = game_pnl > 0 (decisive only),COMPATIBILITY_ONLY_NOT_PRODUCTION,584473.8809,521750.0287,6633.3633,3770,3770,-0.01134929,-0.02064894,-0.00990944,-0.01134929,-6633.3633,584473.8809,OK,0.0000,265.3345,4.0000,96.0000,AG03-UNRESOLVED,ALL5_LEVELS_bet23_to_bet27,265.3345,265.3345,265.3345,331.6682,331.6682,4.000000,4.000000,4.000000,5.000000,5.000000,96.000000,96.000000,96.000000,95.000000,95.000000,5.0,1459.3399,1336.7936,5174.0234,5296.5697,PENDING_AG03,FALSE,NOT_FOR_ENFORCEMENT,6368.0288,500880.0275,6633.3633,6368.0288,265.3345,0.01134929,0.01089532,265.3345,6368.0288,0.01089532,265.3345,265.3345,265.3345,331.6682,331.6682,6368.0288,0.01089532,1459.3399,1336.7936,5174.0234,5296.5697,0.00885245,0.00906212,0.00045397,155.0329,138.3952,1.7595,127.5647,14.6756,11239.8823,72.5000,180.5550,151.7125,58.09,129.7286,157.9904,321.5856,428.8828,778.3716,93.4046,0.0,3.306,6.0,1.195055,16,80,84,2,0.13407078,0.01134929,0.02064894,0E-8,0.000000,0.892683,0.000000,-0.01073951,2026-03-25,2026-08-03,52,452,218,132,0.393939,1.190113,1.164624,0.446903,,,,,,,,GLOBAL_BASELINE_NO_ENTITY_RANKING,,,NOT_APPLICABLE_GLOBAL_BASELINE,HF9g-P5,,,,X 全窗基线 · 不参与实体赏罚,14190690,1420,A168_HF9F_20260827_0900,2026-08-27 09:00:00
2026-05-08,70521282,987,0,259.4572155052,129.7286077526,129.7286077526,1.0000000,2,2,0.49994810000000000,0.499948100000,1.0001038053877793,1.0001038053877793,1.0001038053877793,0E-17,ELIGIBLE,R03b_20260811_FULL_v1,L1_ELIGIBILITY,v2026-08-11,2026-03-21..2026-08-06,baccarat_bet02_101_all_pairs_incl_sentinel,round_win = game_pnl > 0 (decisive only),COMPATIBILITY_ONLY_NOT_PRODUCTION,584473.8809,521750.0287,6633.3633,3770,3770,-0.01134929,-0.02064894,-0.00990944,-0.01134929,-6633.3633,584473.8809,OK,0.0000,265.3345,4.0000,96.0000,AG03-UNRESOLVED,ALL5_LEVELS_bet23_to_bet27,265.3345,265.3345,265.3345,331.6682,331.6682,4.000000,4.000000,4.000000,5.000000,5.000000,96.000000,96.000000,96.000000,95.000000,95.000000,5.0,1459.3399,1336.7936,5174.0234,5296.5697,PENDING_AG03,FALSE,NOT_FOR_ENFORCEMENT,6368.0288,500880.0275,6633.3633,6368.0288,265.3345,0.01134929,0.01089532,265.3345,6368.0288,0.01089532,265.3345,265.3345,265.3345,331.6682,331.6682,6368.0288,0.01089532,1459.3399,1336.7936,5174.0234,5296.5697,0.00885245,0.00906212,0.00045397,155.0329,138.3952,1.7595,127.5647,14.6756,11239.8823,72.5000,180.5550,151.7125,58.09,129.7286,157.9904,321.5856,428.8828,778.3716,93.4046,0.0,3.306,6.0,1.195055,16,80,84,2,0.13407078,0.01134929,0.02064894,0E-8,0.000000,0.892683,0.000000,-0.01073951,2026-03-25,2026-08-03,52,452,218,132,0.393939,1.190113,1.164624,0.446903,,,,,,,,GLOBAL_BASELINE_NO_ENTITY_RANKING,,,NOT_APPLICABLE_GLOBAL_BASELINE,HF9g-P5,,,,X 全窗基线 · 不参与实体赏罚,14190691,1420,A168_HF9F_20260827_0900,2026-08-27 09:00:00
2026-05-09,70521282,1151,0,114.1611748222,-62.2697317212,-62.2697317212,0.3333333,3,3,0.49771390000000000,0.497713900000,-0.5694369385616226,-0.5694369385616226,-0.5694369385616226,0E-17,ELIGIBLE,R03b_20260811_FULL_v1,L1_ELIGIBILITY,v2026-08-11,2026-03-21..2026-08-06,baccarat_bet02_101_all_pairs_incl_sentinel,round_win = game_pnl > 0 (decisive only),COMPATIBILITY_ONLY_NOT_PRODUCTION,584473.8809,521750.0287,6633.3633,3770,3770,-0.01134929,-0.02064894,-0.00990944,-0.01134929,-6633.3633,584473.8809,OK,0.0000,265.3345,4.0000,96.0000,AG03-UNRESOLVED,ALL5_LEVELS_bet23_to_bet27,265.3345,265.3345,265.3345,331.6682,331.6682,4.000000,4.000000,4.000000,5.000000,5.000000,96.000000,96.000000,96.000000,95.000000,95.000000,5.0,1459.3399,1336.7936,5174.0234,5296.5697,PENDING_AG03,FALSE,NOT_FOR_ENFORCEMENT,6368.0288,500880.0275,6633.3633,6368.0288,265.3345,0.01134929,0.01089532,265.3345,6368.0288,0.01089532,265.3345,265.3345,265.3345,331.6682,331.6682,6368.0288,0.01089532,1459.3399,1336.7936,5174.0234,5296.5697,0.00885245,0.00906212,0.00045397,155.0329,138.3952,1.7595,127.5647,14.6756,11239.8823,72.5000,180.5550,151.7125,58.09,129.7286,157.9904,321.5856,428.8828,778.3716,93.4046,0.0,3.306,6.0,1.195055,16,80,84,2,0.13407078,0.01134929,0.02064894,0E-8,0.000000,0.892683,0.000000,-0.01073951,2026-03-25,2026-08-03,52,452,218,132,0.393939,1.190113,1.164624,0.446903,,,,,,,,GLOBAL_BASELINE_NO_ENTITY_RANKING,,,NOT_APPLICABLE_GLOBAL_BASELINE,HF9g-P5,,,,X 全窗基线 · 不参与实体赏罚,14190692,1420,A168_HF9F_20260827_0900,2026-08-27 09:00:00
2026-05-09,70521282,1942,0,9.5999169737,-9.5999169737,-9.5999169737,0E-7,1,1,0.49324550000000000,0.493245500000,-0.9865810262130424,-0.9865810262130424,-0.9865810262130424,0E-17,ELIGIBLE,R03b_20260811_FULL_v1,L1_ELIGIBILITY,v2026-08-11,2026-03-21..2026-08-06,baccarat_bet02_101_all_pairs_incl_sentinel,round_win = game_pnl > 0 (decisive only),COMPATIBILITY_ONLY_NOT_PRODUCTION,584473.8809,521750.0287,6633.3633,3770,3770,-0.01134929,-0.02064894,-0.00990944,-0.01134929,-6633.3633,584473.8809,OK,0.0000,265.3345,4.0000,96.0000,AG03-UNRESOLVED,ALL5_LEVELS_bet23_to_bet27,265.3345,265.3345,265.3345,331.6682,331.6682,4.000000,4.000000,4.000000,5.000000,5.000000,96.000000,96.000000,96.000000,95.000000,95.000000,5.0,1459.3399,1336.7936,5174.0234,5296.5697,PENDING_AG03,FALSE,NOT_FOR_ENFORCEMENT,6368.0288,500880.0275,6633.3633,6368.0288,265.3345,0.01134929,0.01089532,265.3345,6368.0288,0.01089532,265.3345,265.3345,265.3345,331.6682,331.6682,6368.0288,0.01089532,1459.3399,1336.7936,5174.0234,5296.5697,0.00885245,0.00906212,0.00045397,155.0329,138.3952,1.7595,127.5647,14.6756,11239.8823,72.5000,180.5550,151.7125,58.09,129.7286,157.9904,321.5856,428.8828,778.3716,93.4046,0.0,3.306,6.0,1.195055,16,80,84,2,0.13407078,0.01134929,0.02064894,0E-8,0.000000,0.892683,0.000000,-0.01073951,2026-03-25,2026-08-03,52,452,218,132,0.393939,1.190113,1.164624,0.446903,,,,,,,,GLOBAL_BASELINE_NO_ENTITY_RANKING,,,NOT_APPLICABLE_GLOBAL_BASELINE,HF9g-P5,,,,X 全窗基线 · 不参与实体赏罚,14190693,1420,A168_HF9F_20260827_0900,2026-08-27 09:00:00
2026-05-09,70521282,2147,0,318.8729178557,37.8807534638,37.8807534638,0.6363636,11,11,0.49568280909090909,0.495682809091,0.9332058256059438,0.9332058256053393,0.9332058256059438,-9.091E-14,ELIGIBLE,R03b_20260811_FULL_v1,L1_ELIGIBILITY,v2026-08-11,2026-03-21..2026-08-06,baccarat_bet02_101_all_pairs_incl_sentinel,round_win = game_pnl > 0 (decisive only),COMPATIBILITY_ONLY_NOT_PRODUCTION,584473.8809,521750.0287,6633.3633,3770,3770,-0.01134929,-0.02064894,-0.00990944,-0.01134929,-6633.3633,584473.8809,OK,0.0000,265.3345,4.0000,96.0000,AG03-UNRESOLVED,ALL5_LEVELS_bet23_to_bet27,265.3345,265.3345,265.3345,331.6682,331.6682,4.000000,4.000000,4.000000,5.000000,5.000000,96.000000,96.000000,96.000000,95.000000,95.000000,5.0,1459.3399,1336.7936,5174.0234,5296.5697,PENDING_AG03,FALSE,NOT_FOR_ENFORCEMENT,6368.0288,500880.0275,6633.3633,6368.0288,265.3345,0.01134929,0.01089532,265.3345,6368.0288,0.01089532,265.3345,265.3345,265.3345,331.6682,331.6682,6368.0288,0.01089532,1459.3399,1336.7936,5174.0234,5296.5697,0.00885245,0.00906212,0.00045397,155.0329,138.3952,1.7595,127.5647,14.6756,11239.8823,72.5000,180.5550,151.7125,58.09,129.7286,157.9904,321.5856,428.8828,778.3716,93.4046,0.0,3.306,6.0,1.195055,16,80,84,2,0.13407078,0.01134929,0.02064894,0E-8,0.000000,0.892683,0.000000,-0.01073951,2026-03-25,2026-08-03,52,452,218,132,0.393939,1.190113,1.164624,0.446903,,,,,,,,GLOBAL_BASELINE_NO_ENTITY_RANKING,,,NOT_APPLICABLE_GLOBAL_BASELINE,HF9g-P5,,,,X 全窗基线 · 不参与实体赏罚,14190694,1420,A168_HF9F_20260827_0900,2026-08-27 09:00:00
2026-05-11,70521282,1094,0,441.8556380053,-182.3984225002,-182.3984225002,0.2500000,5,5,0.49592654000000000,0.495926540000,-0.983738807048034,-0.983738807048034,-0.983738807048034,0E-17,ELIGIBLE,R03b_20260811_FULL_v1,L1_ELIGIBILITY,v2026-08-11,2026-03-21..2026-08-06,baccarat_bet02_101_all_pairs_incl_sentinel,round_win = game_pnl > 0 (decisive only),COMPATIBILITY_ONLY_NOT_PRODUCTION,584473.8809,521750.0287,6633.3633,3770,3770,-0.01134929,-0.02064894,-0.00990944,-0.01134929,-6633.3633,584473.8809,OK,0.0000,265.3345,4.0000,96.0000,AG03-UNRESOLVED,ALL5_LEVELS_bet23_to_bet27,265.3345,265.3345,265.3345,331.6682,331.6682,4.000000,4.000000,4.000000,5.000000,5.000000,96.000000,96.000000,96.000000,95.000000,95.000000,5.0,1459.3399,1336.7936,5174.0234,5296.5697,PENDING_AG03,FALSE,NOT_FOR_ENFORCEMENT,6368.0288,500880.0275,6633.3633,6368.0288,265.3345,0.01134929,0.01089532,265.3345,6368.0288,0.01089532,265.3345,265.3345,265.3345,331.6682,331.6682,6368.0288,0.01089532,1459.3399,1336.7936,5174.0234,5296.5697,0.00885245,0.00906212,0.00045397,155.0329,138.3952,1.7595,127.5647,14.6756,11239.8823,72.5000,180.5550,151.7125,58.09,129.7286,157.9904,321.5856,428.8828,778.3716,93.4046,0.0,3.306,6.0,1.195055,16,80,84,2,0.13407078,0.01134929,0.02064894,0E-8,0.000000,0.892683,0.000000,-0.01073951,2026-03-25,2026-08-03,52,452,218,132,0.393939,1.190113,1.164624,0.446903,,,,,,,,GLOBAL_BASELINE_NO_ENTITY_RANKING,,,NOT_APPLICABLE_GLOBAL_BASELINE,HF9g-P5,,,,X 全窗基线 · 不参与实体赏罚,14190695,1420,A168_HF9F_20260827_0900,2026-08-27 09:00:00
2026-05-11,70521282,1304,0,793.9390794458,44.7304239532,44.7304239532,0.5000000,4,4,0.50329940000000000,0.503299400000,-0.01319788734859681,-0.01319788734859681,-0.01319788734859681,0E-17,ELIGIBLE,R03b_20260811_FULL_v1,L1_ELIGIBILITY,v2026-08-11,2026-03-21..2026-08-06,baccarat_bet02_101_all_pairs_incl_sentinel,round_win = game_pnl > 0 (decisive only),COMPATIBILITY_ONLY_NOT_PRODUCTION,584473.8809,521750.0287,6633.3633,3770,3770,-0.01134929,-0.02064894,-0.00990944,-0.01134929,-6633.3633,584473.8809,OK,0.0000,265.3345,4.0000,96.0000,AG03-UNRESOLVED,ALL5_LEVELS_bet23_to_bet27,265.3345,265.3345,265.3345,331.6682,331.6682,4.000000,4.000000,4.000000,5.000000,5.000000,96.000000,96.000000,96.000000,95.000000,95.000000,5.0,1459.3399,1336.7936,5174.0234,5296.5697,PENDING_AG03,FALSE,NOT_FOR_ENFORCEMENT,6368.0288,500880.0275,6633.3633,6368.0288,265.3345,0.01134929,0.01089532,265.3345,6368.0288,0.01089532,265.3345,265.3345,265.3345,331.6682,331.6682,6368.0288,0.01089532,1459.3399,1336.7936,5174.0234,5296.5697,0.00885245,0.00906212,0.00045397,155.0329,138.3952,1.7595,127.5647,14.6756,11239.8823,72.5000,180.5550,151.7125,58.09,129.7286,157.9904,321.5856,428.8828,778.3716,93.4046,0.0,3.306,6.0,1.195055,16,80,84,2,0.13407078,0.01134929,0.02064894,0E-8,0.000000,0.892683,0.000000,-0.01073951,2026-03-25,2026-08-03,52,452,218,132,0.393939,1.190113,1.164624,0.446903,,,,,,,,GLOBAL_BASELINE_NO_ENTITY_RANKING,,,NOT_APPLICABLE_GLOBAL_BASELINE,HF9g-P5,,,,X 全窗基线 · 不参与实体赏罚,14190696,1420,A168_HF9F_20260827_0900,2026-08-27 09:00:00
2026-05-11,70521282,1710,0,285.4029370557,285.4029370557,285.4029370557,1.0000000,2,2,0.49324550000000000,0.493245500000,1.4334489766152358,1.4334489766152358,1.4334489766152358,0E-17,ELIGIBLE,R03b_20260811_FULL_v1,L1_ELIGIBILITY,v2026-08-11,2026-03-21..2026-08-06,baccarat_bet02_101_all_pairs_incl_sentinel,round_win = game_pnl > 0 (decisive only),COMPATIBILITY_ONLY_NOT_PRODUCTION,584473.8809,521750.0287,6633.3633,3770,3770,-0.01134929,-0.02064894,-0.00990944,-0.01134929,-6633.3633,584473.8809,OK,0.0000,265.3345,4.0000,96.0000,AG03-UNRESOLVED,ALL5_LEVELS_bet23_to_bet27,265.3345,265.3345,265.3345,331.6682,331.6682,4.000000,4.000000,4.000000,5.000000,5.000000,96.000000,96.000000,96.000000,95.000000,95.000000,5.0,1459.3399,1336.7936,5174.0234,5296.5697,PENDING_AG03,FALSE,NOT_FOR_ENFORCEMENT,6368.0288,500880.0275,6633.3633,6368.0288,265.3345,0.01134929,0.01089532,265.3345,6368.0288,0.01089532,265.3345,265.3345,265.3345,331.6682,331.6682,6368.0288,0.01089532,1459.3399,1336.7936,5174.0234,5296.5697,0.00885245,0.00906212,0.00045397,155.0329,138.3952,1.7595,127.5647,14.6756,11239.8823,72.5000,180.5550,151.7125,58.09,129.7286,157.9904,321.5856,428.8828,778.3716,93.4046,0.0,3.306,6.0,1.195055,16,80,84,2,0.13407078,0.01134929,0.02064894,0E-8,0.000000,0.892683,0.000000,-0.01073951,2026-03-25,2026-08-03,52,452,218,132,0.393939,1.190113,1.164624,0.446903,,,,,,,,GLOBAL_BASELINE_NO_ENTITY_RANKING,,,NOT_APPLICABLE_GLOBAL_BASELINE,HF9g-P5,,,,X 全窗基线 · 不参与实体赏罚,14190697,1420,A168_HF9F_20260827_0900,2026-08-27 09:00:00
2026-05-11,70521282,1750,0,838.3062632971,466.7765035545,466.7765035545,0.7000000,10,10,0.50128862000000000,0.501288620000,1.256765289419239,1.256765289419239,1.256765289419239,0E-17,ELIGIBLE,R03b_20260811_FULL_v1,L1_ELIGIBILITY,v2026-08-11,2026-03-21..2026-08-06,baccarat_bet02_101_all_pairs_incl_sentinel,round_win = game_pnl > 0 (decisive only),COMPATIBILITY_ONLY_NOT_PRODUCTION,584473.8809,521750.0287,6633.3633,3770,3770,-0.01134929,-0.02064894,-0.00990944,-0.01134929,-6633.3633,584473.8809,OK,0.0000,265.3345,4.0000,96.0000,AG03-UNRESOLVED,ALL5_LEVELS_bet23_to_bet27,265.3345,265.3345,265.3345,331.6682,331.6682,4.000000,4.000000,4.000000,5.000000,5.000000,96.000000,96.000000,96.000000,95.000000,95.000000,5.0,1459.3399,1336.7936,5174.0234,5296.5697,PENDING_AG03,FALSE,NOT_FOR_ENFORCEMENT,6368.0288,500880.0275,6633.3633,6368.0288,265.3345,0.01134929,0.01089532,265.3345,6368.0288,0.01089532,265.3345,265.3345,265.3345,331.6682,331.6682,6368.0288,0.01089532,1459.3399,1336.7936,5174.0234,5296.5697,0.00885245,0.00906212,0.00045397,155.0329,138.3952,1.7595,127.5647,14.6756,11239.8823,72.5000,180.5550,151.7125,58.09,129.7286,157.9904,321.5856,428.8828,778.3716,93.4046,0.0,3.306,6.0,1.195055,16,80,84,2,0.13407078,0.01134929,0.02064894,0E-8,0.000000,0.892683,0.000000,-0.01073951,2026-03-25,2026-08-03,52,452,218,132,0.393939,1.190113,1.164624,0.446903,,,,,,,,GLOBAL_BASELINE_NO_ENTITY_RANKING,,,NOT_APPLICABLE_GLOBAL_BASELINE,HF9g-P5,,,,X 全窗基线 · 不参与实体赏罚,14190698,1420,A168_HF9F_20260827_0900,2026-08-27 09:00:00
2026-05-11,70521282,1940,0,78.3560790826,0E-10,0E-10,0.5000000,2,2,0.49324550000000000,0.493245500000,0.01910635448239258,0.01910635448239258,0.01910635448239258,0E-17,ELIGIBLE,R03b_20260811_FULL_v1,L1_ELIGIBILITY,v2026-08-11,2026-03-21..2026-08-06,baccarat_bet02_101_all_pairs_incl_sentinel,round_win = game_pnl > 0 (decisive only),COMPATIBILITY_ONLY_NOT_PRODUCTION,584473.8809,521750.0287,6633.3633,3770,3770,-0.01134929,-0.02064894,-0.00990944,-0.01134929,-6633.3633,584473.8809,OK,0.0000,265.3345,4.0000,96.0000,AG03-UNRESOLVED,ALL5_LEVELS_bet23_to_bet27,265.3345,265.3345,265.3345,331.6682,331.6682,4.000000,4.000000,4.000000,5.000000,5.000000,96.000000,96.000000,96.000000,95.000000,95.000000,5.0,1459.3399,1336.7936,5174.0234,5296.5697,PENDING_AG03,FALSE,NOT_FOR_ENFORCEMENT,6368.0288,500880.0275,6633.3633,6368.0288,265.3345,0.01134929,0.01089532,265.3345,6368.0288,0.01089532,265.3345,265.3345,265.3345,331.6682,331.6682,6368.0288,0.01089532,1459.3399,1336.7936,5174.0234,5296.5697,0.00885245,0.00906212,0.00045397,155.0329,138.3952,1.7595,127.5647,14.6756,11239.8823,72.5000,180.5550,151.7125,58.09,129.7286,157.9904,321.5856,428.8828,778.3716,93.4046,0.0,3.306,6.0,1.195055,16,80,84,2,0.13407078,0.01134929,0.02064894,0E-8,0.000000,0.892683,0.000000,-0.01073951,2026-03-25,2026-08-03,52,452,218,132,0.393939,1.190113,1.164624,0.446903,,,,,,,,GLOBAL_BASELINE_NO_ENTITY_RANKING,,,NOT_APPLICABLE_GLOBAL_BASELINE,HF9g-P5,,,,X 全窗基线 · 不参与实体赏罚,14190699,1420,A168_HF9F_20260827_0900,2026-08-27 09:00:00
2026-05-11,70521282,1947,0,32.4321519381,-32.4321519381,-32.4321519381,0E-7,2,2,0.49994810000000000,0.499948100000,-1.4140667746232096,-1.4140667746232096,-1.4140667746232096,0E-17,ELIGIBLE,R03b_20260811_FULL_v1,L1_ELIGIBILITY,v2026-08-11,2026-03-21..2026-08-06,baccarat_bet02_101_all_pairs_incl_sentinel,round_win = game_pnl > 0 (decisive only),COMPATIBILITY_ONLY_NOT_PRODUCTION,584473.8809,521750.0287,6633.3633,3770,3770,-0.01134929,-0.02064894,-0.00990944,-0.01134929,-6633.3633,584473.8809,OK,0.0000,265.3345,4.0000,96.0000,AG03-UNRESOLVED,ALL5_LEVELS_bet23_to_bet27,265.3345,265.3345,265.3345,331.6682,331.6682,4.000000,4.000000,4.000000,5.000000,5.000000,96.000000,96.000000,96.000000,95.000000,95.000000,5.0,1459.3399,1336.7936,5174.0234,5296.5697,PENDING_AG03,FALSE,NOT_FOR_ENFORCEMENT,6368.0288,500880.0275,6633.3633,6368.0288,265.3345,0.01134929,0.01089532,265.3345,6368.0288,0.01089532,265.3345,265.3345,265.3345,331.6682,331.6682,6368.0288,0.01089532,1459.3399,1336.7936,5174.0234,5296.5697,0.00885245,0.00906212,0.00045397,155.0329,138.3952,1.7595,127.5647,14.6756,11239.8823,72.5000,180.5550,151.7125,58.09,129.7286,157.9904,321.5856,428.8828,778.3716,93.4046,0.0,3.306,6.0,1.195055,16,80,84,2,0.13407078,0.01134929,0.02064894,0E-8,0.000000,0.892683,0.000000,-0.01073951,2026-03-25,2026-08-03,52,452,218,132,0.393939,1.190113,1.164624,0.446903,,,,,,,,GLOBAL_BASELINE_NO_ENTITY_RANKING,,,NOT_APPLICABLE_GLOBAL_BASELINE,HF9g-P5,,,,X 全窗基线 · 不参与实体赏罚,14190700,1420,A168_HF9F_20260827_0900,2026-08-27 09:00:00
2026-05-11,70521282,1951,0,303.3054849256,-0.2594572154,-0.2594572154,0.6000000,6,6,0.49324550000000000,0.493245500000,0.47746420675292983,0.47746420675292983,0.47746420675292983,0E-17,ELIGIBLE,R03b_20260811_FULL_v1,L1_ELIGIBILITY,v2026-08-11,2026-03-21..2026-08-06,baccarat_bet02_101_all_pairs_incl_sentinel,round_win = game_pnl > 0 (decisive only),COMPATIBILITY_ONLY_NOT_PRODUCTION,584473.8809,521750.0287,6633.3633,3770,3770,-0.01134929,-0.02064894,-0.00990944,-0.01134929,-6633.3633,584473.8809,OK,0.0000,265.3345,4.0000,96.0000,AG03-UNRESOLVED,ALL5_LEVELS_bet23_to_bet27,265.3345,265.3345,265.3345,331.6682,331.6682,4.000000,4.000000,4.000000,5.000000,5.000000,96.000000,96.000000,96.000000,95.000000,95.000000,5.0,1459.3399,1336.7936,5174.0234,5296.5697,PENDING_AG03,FALSE,NOT_FOR_ENFORCEMENT,6368.0288,500880.0275,6633.3633,6368.0288,265.3345,0.01134929,0.01089532,265.3345,6368.0288,0.01089532,265.3345,265.3345,265.3345,331.6682,331.6682,6368.0288,0.01089532,1459.3399,1336.7936,5174.0234,5296.5697,0.00885245,0.00906212,0.00045397,155.0329,138.3952,1.7595,127.5647,14.6756,11239.8823,72.5000,180.5550,151.7125,58.09,129.7286,157.9904,321.5856,428.8828,778.3716,93.4046,0.0,3.306,6.0,1.195055,16,80,84,2,0.13407078,0.01134929,0.02064894,0E-8,0.000000,0.892683,0.000000,-0.01073951,2026-03-25,2026-08-03,52,452,218,132,0.393939,1.190113,1.164624,0.446903,,,,,,,,GLOBAL_BASELINE_NO_ENTITY_RANKING,,,NOT_APPLICABLE_GLOBAL_BASELINE,HF9g-P5,,,,X 全窗基线 · 不参与实体赏罚,14190701,1420,A168_HF9F_20260827_0900,2026-08-27 09:00:00
2026-05-11,70521282,1990,0,129.7286077526,129.7286077526,129.7286077526,1.0000000,1,1,0.49324550000000000,0.493245500000,1.01360149184955,1.01360149184955,1.01360149184955,0E-17,ELIGIBLE,R03b_20260811_FULL_v1,L1_ELIGIBILITY,v2026-08-11,2026-03-21..2026-08-06,baccarat_bet02_101_all_pairs_incl_sentinel,round_win = game_pnl > 0 (decisive only),COMPATIBILITY_ONLY_NOT_PRODUCTION,584473.8809,521750.0287,6633.3633,3770,3770,-0.01134929,-0.02064894,-0.00990944,-0.01134929,-6633.3633,584473.8809,OK,0.0000,265.3345,4.0000,96.0000,AG03-UNRESOLVED,ALL5_LEVELS_bet23_to_bet27,265.3345,265.3345,265.3345,331.6682,331.6682,4.000000,4.000000,4.000000,5.000000,5.000000,96.000000,96.000000,96.000000,95.000000,95.000000,5.0,1459.3399,1336.7936,5174.0234,5296.5697,PENDING_AG03,FALSE,NOT_FOR_ENFORCEMENT,6368.0288,500880.0275,6633.3633,6368.0288,265.3345,0.01134929,0.01089532,265.3345,6368.0288,0.01089532,265.3345,265.3345,265.3345,331.6682,331.6682,6368.0288,0.01089532,1459.3399,1336.7936,5174.0234,5296.5697,0.00885245,0.00906212,0.00045397,155.0329,138.3952,1.7595,127.5647,14.6756,11239.8823,72.5000,180.5550,151.7125,58.09,129.7286,157.9904,321.5856,428.8828,778.3716,93.4046,0.0,3.306,6.0,1.195055,16,80,84,2,0.13407078,0.01134929,0.02064894,0E-8,0.000000,0.892683,0.000000,-0.01073951,2026-03-25,2026-08-03,52,452,218,132,0.393939,1.190113,1.164624,0.446903,,,,,,,,GLOBAL_BASELINE_NO_ENTITY_RANKING,,,NOT_APPLICABLE_GLOBAL_BASELINE,HF9g-P5,,,,X 全窗基线 · 不参与实体赏罚,14190702,1420,A168_HF9F_20260827_0900,2026-08-27 09:00:00
2026-05-11,70521282,2106,0,279.9543355300,279.9543355300,279.9543355300,1.0000000,2,2,0.49324550000000000,0.493245500000,1.4334489766152358,1.4334489766152358,1.4334489766152358,0E-17,ELIGIBLE,R03b_20260811_FULL_v1,L1_ELIGIBILITY,v2026-08-11,2026-03-21..2026-08-06,baccarat_bet02_101_all_pairs_incl_sentinel,round_win = game_pnl > 0 (decisive only),COMPATIBILITY_ONLY_NOT_PRODUCTION,584473.8809,521750.0287,6633.3633,3770,3770,-0.01134929,-0.02064894,-0.00990944,-0.01134929,-6633.3633,584473.8809,OK,0.0000,265.3345,4.0000,96.0000,AG03-UNRESOLVED,ALL5_LEVELS_bet23_to_bet27,265.3345,265.3345,265.3345,331.6682,331.6682,4.000000,4.000000,4.000000,5.000000,5.000000,96.000000,96.000000,96.000000,95.000000,95.000000,5.0,1459.3399,1336.7936,5174.0234,5296.5697,PENDING_AG03,FALSE,NOT_FOR_ENFORCEMENT,6368.0288,500880.0275,6633.3633,6368.0288,265.3345,0.01134929,0.01089532,265.3345,6368.0288,0.01089532,265.3345,265.3345,265.3345,331.6682,331.6682,6368.0288,0.01089532,1459.3399,1336.7936,5174.0234,5296.5697,0.00885245,0.00906212,0.00045397,155.0329,138.3952,1.7595,127.5647,14.6756,11239.8823,72.5000,180.5550,151.7125,58.09,129.7286,157.9904,321.5856,428.8828,778.3716,93.4046,0.0,3.306,6.0,1.195055,16,80,84,2,0.13407078,0.01134929,0.02064894,0E-8,0.000000,0.892683,0.000000,-0.01073951,2026-03-25,2026-08-03,52,452,218,132,0.393939,1.190113,1.164624,0.446903,,,,,,,,GLOBAL_BASELINE_NO_ENTITY_RANKING,,,NOT_APPLICABLE_GLOBAL_BASELINE,HF9g-P5,,,,X 全窗基线 · 不参与实体赏罚,14190703,1420,A168_HF9F_20260827_0900,2026-08-27 09:00:00
2026-05-11,70521282,2177,0,77.8371646515,-77.8371646515,-77.8371646515,0E-7,1,1,0.49324550000000000,0.493245500000,-0.9865810262130424,-0.9865810262130424,-0.9865810262130424,0E-17,ELIGIBLE,R03b_20260811_FULL_v1,L1_ELIGIBILITY,v2026-08-11,2026-03-21..2026-08-06,baccarat_bet02_101_all_pairs_incl_sentinel,round_win = game_pnl > 0 (decisive only),COMPATIBILITY_ONLY_NOT_PRODUCTION,584473.8809,521750.0287,6633.3633,3770,3770,-0.01134929,-0.02064894,-0.00990944,-0.01134929,-6633.3633,584473.8809,OK,0.0000,265.3345,4.0000,96.0000,AG03-UNRESOLVED,ALL5_LEVELS_bet23_to_bet27,265.3345,265.3345,265.3345,331.6682,331.6682,4.000000,4.000000,4.000000,5.000000,5.000000,96.000000,96.000000,96.000000,95.000000,95.000000,5.0,1459.3399,1336.7936,5174.0234,5296.5697,PENDING_AG03,FALSE,NOT_FOR_ENFORCEMENT,6368.0288,500880.0275,6633.3633,6368.0288,265.3345,0.01134929,0.01089532,265.3345,6368.0288,0.01089532,265.3345,265.3345,265.3345,331.6682,331.6682,6368.0288,0.01089532,1459.3399,1336.7936,5174.0234,5296.5697,0.00885245,0.00906212,0.00045397,155.0329,138.3952,1.7595,127.5647,14.6756,11239.8823,72.5000,180.5550,151.7125,58.09,129.7286,157.9904,321.5856,428.8828,778.3716,93.4046,0.0,3.306,6.0,1.195055,16,80,84,2,0.13407078,0.01134929,0.02064894,0E-8,0.000000,0.892683,0.000000,-0.01073951,2026-03-25,2026-08-03,52,452,218,132,0.393939,1.190113,1.164624,0.446903,,,,,,,,GLOBAL_BASELINE_NO_ENTITY_RANKING,,,NOT_APPLICABLE_GLOBAL_BASELINE,HF9g-P5,,,,X 全窗基线 · 不参与实体赏罚,14190704,1420,A168_HF9F_20260827_0900,2026-08-27 09:00:00
2026-05-11,70521282,529,0,1008.5101966684,-259.8723470501,-259.8723470501,0.4166667,13,13,0.49840134615384615,0.498401346154,-0.566277364919471,-0.5662773649205365,-0.566277364919471,-1.5385E-13,ELIGIBLE,R03b_20260811_FULL_v1,L1_ELIGIBILITY,v2026-08-11,2026-03-21..2026-08-06,baccarat_bet02_101_all_pairs_incl_sentinel,round_win = game_pnl > 0 (decisive only),COMPATIBILITY_ONLY_NOT_PRODUCTION,584473.8809,521750.0287,6633.3633,3770,3770,-0.01134929,-0.02064894,-0.00990944,-0.01134929,-6633.3633,584473.8809,OK,0.0000,265.3345,4.0000,96.0000,AG03-UNRESOLVED,ALL5_LEVELS_bet23_to_bet27,265.3345,265.3345,265.3345,331.6682,331.6682,4.000000,4.000000,4.000000,5.000000,5.000000,96.000000,96.000000,96.000000,95.000000,95.000000,5.0,1459.3399,1336.7936,5174.0234,5296.5697,PENDING_AG03,FALSE,NOT_FOR_ENFORCEMENT,6368.0288,500880.0275,6633.3633,6368.0288,265.3345,0.01134929,0.01089532,265.3345,6368.0288,0.01089532,265.3345,265.3345,265.3345,331.6682,331.6682,6368.0288,0.01089532,1459.3399,1336.7936,5174.0234,5296.5697,0.00885245,0.00906212,0.00045397,155.0329,138.3952,1.7595,127.5647,14.6756,11239.8823,72.5000,180.5550,151.7125,58.09,129.7286,157.9904,321.5856,428.8828,778.3716,93.4046,0.0,3.306,6.0,1.195055,16,80,84,2,0.13407078,0.01134929,0.02064894,0E-8,0.000000,0.892683,0.000000,-0.01073951,2026-03-25,2026-08-03,52,452,218,132,0.393939,1.190113,1.164624,0.446903,,,,,,,,GLOBAL_BASELINE_NO_ENTITY_RANKING,,,NOT_APPLICABLE_GLOBAL_BASELINE,HF9g-P5,,,,X 全窗基线 · 不参与实体赏罚,14190705,1420,A168_HF9F_20260827_0900,2026-08-27 09:00:00
2026-05-11,70521282,550,0,500.7524259249,-189.4037673187,-189.4037673187,0.3333333,6,6,0.49771390000000000,0.497713900000,-0.8053054414300617,-0.8053054414300617,-0.8053054414300617,0E-17,ELIGIBLE,R03b_20260811_FULL_v1,L1_ELIGIBILITY,v2026-08-11,2026-03-21..2026-08-06,baccarat_bet02_101_all_pairs_incl_sentinel,round_win = game_pnl > 0 (decisive only),COMPATIBILITY_ONLY_NOT_PRODUCTION,584473.8809,521750.0287,6633.3633,3770,3770,-0.01134929,-0.02064894,-0.00990944,-0.01134929,-6633.3633,584473.8809,OK,0.0000,265.3345,4.0000,96.0000,AG03-UNRESOLVED,ALL5_LEVELS_bet23_to_bet27,265.3345,265.3345,265.3345,331.6682,331.6682,4.000000,4.000000,4.000000,5.000000,5.000000,96.000000,96.000000,96.000000,95.000000,95.000000,5.0,1459.3399,1336.7936,5174.0234,5296.5697,PENDING_AG03,FALSE,NOT_FOR_ENFORCEMENT,6368.0288,500880.0275,6633.3633,6368.0288,265.3345,0.01134929,0.01089532,265.3345,6368.0288,0.01089532,265.3345,265.3345,265.3345,331.6682,331.6682,6368.0288,0.01089532,1459.3399,1336.7936,5174.0234,5296.5697,0.00885245,0.00906212,0.00045397,155.0329,138.3952,1.7595,127.5647,14.6756,11239.8823,72.5000,180.5550,151.7125,58.09,129.7286,157.9904,321.5856,428.8828,778.3716,93.4046,0.0,3.306,6.0,1.195055,16,80,84,2,0.13407078,0.01134929,0.02064894,0E-8,0.000000,0.892683,0.000000,-0.01073951,2026-03-25,2026-08-03,52,452,218,132,0.393939,1.190113,1.164624,0.446903,,,,,,,,GLOBAL_BASELINE_NO_ENTITY_RANKING,,,NOT_APPLICABLE_GLOBAL_BASELINE,HF9g-P5,,,,X 全窗基线 · 不参与实体赏罚,14190706,1420,A168_HF9F_20260827_0900,2026-08-27 09:00:00
2026-05-11,70521282,595,0,2232.6293394219,311.2189299985,311.2189299985,0.4166667,18,18,0.49845863333333333,0.498458633333,-0.5666740602981436,-0.5666740602958353,-0.5666740602981436,3.3333E-13,ELIGIBLE,R03b_20260811_FULL_v1,L1_ELIGIBILITY,v2026-08-11,2026-03-21..2026-08-06,baccarat_bet02_101_all_pairs_incl_sentinel,round_win = game_pnl > 0 (decisive only),COMPATIBILITY_ONLY_NOT_PRODUCTION,584473.8809,521750.0287,6633.3633,3770,3770,-0.01134929,-0.02064894,-0.00990944,-0.01134929,-6633.3633,584473.8809,OK,0.0000,265.3345,4.0000,96.0000,AG03-UNRESOLVED,ALL5_LEVELS_bet23_to_bet27,265.3345,265.3345,265.3345,331.6682,331.6682,4.000000,4.000000,4.000000,5.000000,5.000000,96.000000,96.000000,96.000000,95.000000,95.000000,5.0,1459.3399,1336.7936,5174.0234,5296.5697,PENDING_AG03,FALSE,NOT_FOR_ENFORCEMENT,6368.0288,500880.0275,6633.3633,6368.0288,265.3345,0.01134929,0.01089532,265.3345,6368.0288,0.01089532,265.3345,265.3345,265.3345,331.6682,331.6682,6368.0288,0.01089532,1459.3399,1336.7936,5174.0234,5296.5697,0.00885245,0.00906212,0.00045397,155.0329,138.3952,1.7595,127.5647,14.6756,11239.8823,72.5000,180.5550,151.7125,58.09,129.7286,157.9904,321.5856,428.8828,778.3716,93.4046,0.0,3.306,6.0,1.195055,16,80,84,2,0.13407078,0.01134929,0.02064894,0E-8,0.000000,0.892683,0.000000,-0.01073951,2026-03-25,2026-08-03,52,452,218,132,0.393939,1.190113,1.164624,0.446903,,,,,,,,GLOBAL_BASELINE_NO_ENTITY_RANKING,,,NOT_APPLICABLE_GLOBAL_BASELINE,HF9g-P5,,,,X 全窗基线 · 不参与实体赏罚,14190707,1420,A168_HF9F_20260827_0900,2026-08-27 09:00:00
2026-05-11,70521282,752,0,2871.9319184268,1054.5508795601,1054.5508795601,0.6666667,17,17,0.49797674705882353,0.497976747059,1.306677196575597,1.306677196574228,1.306677196575597,-1.7647E-13,ELIGIBLE,R03b_20260811_FULL_v1,L1_ELIGIBILITY,v2026-08-11,2026-03-21..2026-08-06,baccarat_bet02_101_all_pairs_incl_sentinel,round_win = game_pnl > 0 (decisive only),COMPATIBILITY_ONLY_NOT_PRODUCTION,584473.8809,521750.0287,6633.3633,3770,3770,-0.01134929,-0.02064894,-0.00990944,-0.01134929,-6633.3633,584473.8809,OK,0.0000,265.3345,4.0000,96.0000,AG03-UNRESOLVED,ALL5_LEVELS_bet23_to_bet27,265.3345,265.3345,265.3345,331.6682,331.6682,4.000000,4.000000,4.000000,5.000000,5.000000,96.000000,96.000000,96.000000,95.000000,95.000000,5.0,1459.3399,1336.7936,5174.0234,5296.5697,PENDING_AG03,FALSE,NOT_FOR_ENFORCEMENT,6368.0288,500880.0275,6633.3633,6368.0288,265.3345,0.01134929,0.01089532,265.3345,6368.0288,0.01089532,265.3345,265.3345,265.3345,331.6682,331.6682,6368.0288,0.01089532,1459.3399,1336.7936,5174.0234,5296.5697,0.00885245,0.00906212,0.00045397,155.0329,138.3952,1.7595,127.5647,14.6756,11239.8823,72.5000,180.5550,151.7125,58.09,129.7286,157.9904,321.5856,428.8828,778.3716,93.4046,0.0,3.306,6.0,1.195055,16,80,84,2,0.13407078,0.01134929,0.02064894,0E-8,0.000000,0.892683,0.000000,-0.01073951,2026-03-25,2026-08-03,52,452,218,132,0.393939,1.190113,1.164624,0.446903,,,,,,,,GLOBAL_BASELINE_NO_ENTITY_RANKING,,,NOT_APPLICABLE_GLOBAL_BASELINE,HF9g-P5,,,,X 全窗基线 · 不参与实体赏罚,14190708,1420,A168_HF9F_20260827_0900,2026-08-27 09:00:00
2026-05-11,70521282,772,0,2401.7954439313,639.3025790047,639.3025790047,0.6666667,27,27,0.49821038888888889,0.498210388889,1.6505382705142746,1.6505382705131846,1.6505382705142746,-1.1111E-13,ELIGIBLE,R03b_20260811_FULL_v1,L1_ELIGIBILITY,v2026-08-11,2026-03-21..2026-08-06,baccarat_bet02_101_all_pairs_incl_sentinel,round_win = game_pnl > 0 (decisive only),COMPATIBILITY_ONLY_NOT_PRODUCTION,584473.8809,521750.0287,6633.3633,3770,3770,-0.01134929,-0.02064894,-0.00990944,-0.01134929,-6633.3633,584473.8809,OK,0.0000,265.3345,4.0000,96.0000,AG03-UNRESOLVED,ALL5_LEVELS_bet23_to_bet27,265.3345,265.3345,265.3345,331.6682,331.6682,4.000000,4.000000,4.000000,5.000000,5.000000,96.000000,96.000000,96.000000,95.000000,95.000000,5.0,1459.3399,1336.7936,5174.0234,5296.5697,PENDING_AG03,FALSE,NOT_FOR_ENFORCEMENT,6368.0288,500880.0275,6633.3633,6368.0288,265.3345,0.01134929,0.01089532,265.3345,6368.0288,0.01089532,265.3345,265.3345,265.3345,331.6682,331.6682,6368.0288,0.01089532,1459.3399,1336.7936,5174.0234,5296.5697,0.00885245,0.00906212,0.00045397,155.0329,138.3952,1.7595,127.5647,14.6756,11239.8823,72.5000,180.5550,151.7125,58.09,129.7286,157.9904,321.5856,428.8828,778.3716,93.4046,0.0,3.306,6.0,1.195055,16,80,84,2,0.13407078,0.01134929,0.02064894,0E-8,0.000000,0.892683,0.000000,-0.01073951,2026-03-25,2026-08-03,52,452,218,132,0.393939,1.190113,1.164624,0.446903,,,,,,,,GLOBAL_BASELINE_NO_ENTITY_RANKING,,,NOT_APPLICABLE_GLOBAL_BASELINE,HF9g-P5,,,,X 全窗基线 · 不参与实体赏罚,14190709,1420,A168_HF9F_20260827_0900,2026-08-27 09:00:00
2026-05-11,70521282,948,0,2034.1445695606,364.5373877848,364.5373877848,0.5714286,17,17,0.49639966470588235,0.496399664706,0.5614794825690038,0.5614794825681225,0.5614794825690038,-1.1765E-13,ELIGIBLE,R03b_20260811_FULL_v1,L1_ELIGIBILITY,v2026-08-11,2026-03-21..2026-08-06,baccarat_bet02_101_all_pairs_incl_sentinel,round_win = game_pnl > 0 (decisive only),COMPATIBILITY_ONLY_NOT_PRODUCTION,584473.8809,521750.0287,6633.3633,3770,3770,-0.01134929,-0.02064894,-0.00990944,-0.01134929,-6633.3633,584473.8809,OK,0.0000,265.3345,4.0000,96.0000,AG03-UNRESOLVED,ALL5_LEVELS_bet23_to_bet27,265.3345,265.3345,265.3345,331.6682,331.6682,4.000000,4.000000,4.000000,5.000000,5.000000,96.000000,96.000000,96.000000,95.000000,95.000000,5.0,1459.3399,1336.7936,5174.0234,5296.5697,PENDING_AG03,FALSE,NOT_FOR_ENFORCEMENT,6368.0288,500880.0275,6633.3633,6368.0288,265.3345,0.01134929,0.01089532,265.3345,6368.0288,0.01089532,265.3345,265.3345,265.3345,331.6682,331.6682,6368.0288,0.01089532,1459.3399,1336.7936,5174.0234,5296.5697,0.00885245,0.00906212,0.00045397,155.0329,138.3952,1.7595,127.5647,14.6756,11239.8823,72.5000,180.5550,151.7125,58.09,129.7286,157.9904,321.5856,428.8828,778.3716,93.4046,0.0,3.306,6.0,1.195055,16,80,84,2,0.13407078,0.01134929,0.02064894,0E-8,0.000000,0.892683,0.000000,-0.01073951,2026-03-25,2026-08-03,52,452,218,132,0.393939,1.190113,1.164624,0.446903,,,,,,,,GLOBAL_BASELINE_NO_ENTITY_RANKING,,,NOT_APPLICABLE_GLOBAL_BASELINE,HF9g-P5,,,,X 全窗基线 · 不参与实体赏罚,14190710,1420,A168_HF9F_20260827_0900,2026-08-27 09:00:00
2026-05-12,70521282,1004,0,51.8914431012,-25.9457215506,-25.9457215506,0.2500000,4,4,0.49324550000000000,0.493245500000,-0.9730707933947887,-0.9730707933947887,-0.9730707933947887,0E-17,ELIGIBLE,R03b_20260811_FULL_v1,L1_ELIGIBILITY,v2026-08-11,2026-03-21..2026-08-06,baccarat_bet02_101_all_pairs_incl_sentinel,round_win = game_pnl > 0 (decisive only),COMPATIBILITY_ONLY_NOT_PRODUCTION,584473.8809,521750.0287,6633.3633,3770,3770,-0.01134929,-0.02064894,-0.00990944,-0.01134929,-6633.3633,584473.8809,OK,0.0000,265.3345,4.0000,96.0000,AG03-UNRESOLVED,ALL5_LEVELS_bet23_to_bet27,265.3345,265.3345,265.3345,331.6682,331.6682,4.000000,4.000000,4.000000,5.000000,5.000000,96.000000,96.000000,96.000000,95.000000,95.000000,5.0,1459.3399,1336.7936,5174.0234,5296.5697,PENDING_AG03,FALSE,NOT_FOR_ENFORCEMENT,6368.0288,500880.0275,6633.3633,6368.0288,265.3345,0.01134929,0.01089532,265.3345,6368.0288,0.01089532,265.3345,265.3345,265.3345,331.6682,331.6682,6368.0288,0.01089532,1459.3399,1336.7936,5174.0234,5296.5697,0.00885245,0.00906212,0.00045397,155.0329,138.3952,1.7595,127.5647,14.6756,11239.8823,72.5000,180.5550,151.7125,58.09,129.7286,157.9904,321.5856,428.8828,778.3716,93.4046,0.0,3.306,6.0,1.195055,16,80,84,2,0.13407078,0.01134929,0.02064894,0E-8,0.000000,0.892683,0.000000,-0.01073951,2026-03-25,2026-08-03,52,452,218,132,0.393939,1.190113,1.164624,0.446903,,,,,,,,GLOBAL_BASELINE_NO_ENTITY_RANKING,,,NOT_APPLICABLE_GLOBAL_BASELINE,HF9g-P5,,,,X 全窗基线 · 不参与实体赏罚,14190711,1420,A168_HF9F_20260827_0900,2026-08-27 09:00:00
2026-05-12,70521282,1304,0,237.4033521871,237.4033521871,237.4033521871,1.0000000,5,5,0.49324550000000000,0.493245500000,2.266481837870793,2.266481837870793,2.266481837870793,0E-17,ELIGIBLE,R03b_20260811_FULL_v1,L1_ELIGIBILITY,v2026-08-11,2026-03-21..2026-08-06,baccarat_bet02_101_all_pairs_incl_sentinel,round_win = game_pnl > 0 (decisive only),COMPATIBILITY_ONLY_NOT_PRODUCTION,584473.8809,521750.0287,6633.3633,3770,3770,-0.01134929,-0.02064894,-0.00990944,-0.01134929,-6633.3633,584473.8809,OK,0.0000,265.3345,4.0000,96.0000,AG03-UNRESOLVED,ALL5_LEVELS_bet23_to_bet27,265.3345,265.3345,265.3345,331.6682,331.6682,4.000000,4.000000,4.000000,5.000000,5.000000,96.000000,96.000000,96.000000,95.000000,95.000000,5.0,1459.3399,1336.7936,5174.0234,5296.5697,PENDING_AG03,FALSE,NOT_FOR_ENFORCEMENT,6368.0288,500880.0275,6633.3633,6368.0288,265.3345,0.01134929,0.01089532,265.3345,6368.0288,0.01089532,265.3345,265.3345,265.3345,331.6682,331.6682,6368.0288,0.01089532,1459.3399,1336.7936,5174.0234,5296.5697,0.00885245,0.00906212,0.00045397,155.0329,138.3952,1.7595,127.5647,14.6756,11239.8823,72.5000,180.5550,151.7125,58.09,129.7286,157.9904,321.5856,428.8828,778.3716,93.4046,0.0,3.306,6.0,1.195055,16,80,84,2,0.13407078,0.01134929,0.02064894,0E-8,0.000000,0.892683,0.000000,-0.01073951,2026-03-25,2026-08-03,52,452,218,132,0.393939,1.190113,1.164624,0.446903,,,,,,,,GLOBAL_BASELINE_NO_ENTITY_RANKING,,,NOT_APPLICABLE_GLOBAL_BASELINE,HF9g-P5,,,,X 全窗基线 · 不参与实体赏罚,14190712,1420,A168_HF9F_20260827_0900,2026-08-27 09:00:00
2026-05-12,70521282,1704,0,1091.0175911992,7.7837164652,7.7837164652,0.5000000,4,4,0.49994810000000000,0.499948100000,0.00020760000111838688,0.00020760000111838688,0.00020760000111838688,0E-17,ELIGIBLE,R03b_20260811_FULL_v1,L1_ELIGIBILITY,v2026-08-11,2026-03-21..2026-08-06,baccarat_bet02_101_all_pairs_incl_sentinel,round_win = game_pnl > 0 (decisive only),COMPATIBILITY_ONLY_NOT_PRODUCTION,584473.8809,521750.0287,6633.3633,3770,3770,-0.01134929,-0.02064894,-0.00990944,-0.01134929,-6633.3633,584473.8809,OK,0.0000,265.3345,4.0000,96.0000,AG03-UNRESOLVED,ALL5_LEVELS_bet23_to_bet27,265.3345,265.3345,265.3345,331.6682,331.6682,4.000000,4.000000,4.000000,5.000000,5.000000,96.000000,96.000000,96.000000,95.000000,95.000000,5.0,1459.3399,1336.7936,5174.0234,5296.5697,PENDING_AG03,FALSE,NOT_FOR_ENFORCEMENT,6368.0288,500880.0275,6633.3633,6368.0288,265.3345,0.01134929,0.01089532,265.3345,6368.0288,0.01089532,265.3345,265.3345,265.3345,331.6682,331.6682,6368.0288,0.01089532,1459.3399,1336.7936,5174.0234,5296.5697,0.00885245,0.00906212,0.00045397,155.0329,138.3952,1.7595,127.5647,14.6756,11239.8823,72.5000,180.5550,151.7125,58.09,129.7286,157.9904,321.5856,428.8828,778.3716,93.4046,0.0,3.306,6.0,1.195055,16,80,84,2,0.13407078,0.01134929,0.02064894,0E-8,0.000000,0.892683,0.000000,-0.01073951,2026-03-25,2026-08-03,52,452,218,132,0.393939,1.190113,1.164624,0.446903,,,,,,,,GLOBAL_BASELINE_NO_ENTITY_RANKING,,,NOT_APPLICABLE_GLOBAL_BASELINE,HF9g-P5,,,,X 全窗基线 · 不参与实体赏罚,14190713,1420,A168_HF9F_20260827_0900,2026-08-27 09:00:00
2026-05-12,70521282,1710,0,1914.5347932127,-47.1952675004,-47.1952675004,0.5384615,16,16,0.49994810000000000,0.499948100000,0.27772435583116994,0.27772435583116994,0.27772435583116994,0E-17,ELIGIBLE,R03b_20260811_FULL_v1,L1_ELIGIBILITY,v2026-08-11,2026-03-21..2026-08-06,baccarat_bet02_101_all_pairs_incl_sentinel,round_win = game_pnl > 0 (decisive only),COMPATIBILITY_ONLY_NOT_PRODUCTION,584473.8809,521750.0287,6633.3633,3770,3770,-0.01134929,-0.02064894,-0.00990944,-0.01134929,-6633.3633,584473.8809,OK,0.0000,265.3345,4.0000,96.0000,AG03-UNRESOLVED,ALL5_LEVELS_bet23_to_bet27,265.3345,265.3345,265.3345,331.6682,331.6682,4.000000,4.000000,4.000000,5.000000,5.000000,96.000000,96.000000,96.000000,95.000000,95.000000,5.0,1459.3399,1336.7936,5174.0234,5296.5697,PENDING_AG03,FALSE,NOT_FOR_ENFORCEMENT,6368.0288,500880.0275,6633.3633,6368.0288,265.3345,0.01134929,0.01089532,265.3345,6368.0288,0.01089532,265.3345,265.3345,265.3345,331.6682,331.6682,6368.0288,0.01089532,1459.3399,1336.7936,5174.0234,5296.5697,0.00885245,0.00906212,0.00045397,155.0329,138.3952,1.7595,127.5647,14.6756,11239.8823,72.5000,180.5550,151.7125,58.09,129.7286,157.9904,321.5856,428.8828,778.3716,93.4046,0.0,3.306,6.0,1.195055,16,80,84,2,0.13407078,0.01134929,0.02064894,0E-8,0.000000,0.892683,0.000000,-0.01073951,2026-03-25,2026-08-03,52,452,218,132,0.393939,1.190113,1.164624,0.446903,,,,,,,,GLOBAL_BASELINE_NO_ENTITY_RANKING,,,NOT_APPLICABLE_GLOBAL_BASELINE,HF9g-P5,,,,X 全窗基线 · 不参与实体赏罚,14190714,1420,A168_HF9F_20260827_0900,2026-08-27 09:00:00
2026-05-12,70521282,1947,0,801.2038814801,-520.4063099996,-520.4063099996,0.2000000,5,5,0.50128862000000000,0.501288620000,-1.347408145195933,-1.347408145195933,-1.347408145195933,0E-17,ELIGIBLE,R03b_20260811_FULL_v1,L1_ELIGIBILITY,v2026-08-11,2026-03-21..2026-08-06,baccarat_bet02_101_all_pairs_incl_sentinel,round_win = game_pnl > 0 (decisive only),COMPATIBILITY_ONLY_NOT_PRODUCTION,584473.8809,521750.0287,6633.3633,3770,3770,-0.01134929,-0.02064894,-0.00990944,-0.01134929,-6633.3633,584473.8809,OK,0.0000,265.3345,4.0000,96.0000,AG03-UNRESOLVED,ALL5_LEVELS_bet23_to_bet27,265.3345,265.3345,265.3345,331.6682,331.6682,4.000000,4.000000,4.000000,5.000000,5.000000,96.000000,96.000000,96.000000,95.000000,95.000000,5.0,1459.3399,1336.7936,5174.0234,5296.5697,PENDING_AG03,FALSE,NOT_FOR_ENFORCEMENT,6368.0288,500880.0275,6633.3633,6368.0288,265.3345,0.01134929,0.01089532,265.3345,6368.0288,0.01089532,265.3345,265.3345,265.3345,331.6682,331.6682,6368.0288,0.01089532,1459.3399,1336.7936,5174.0234,5296.5697,0.00885245,0.00906212,0.00045397,155.0329,138.3952,1.7595,127.5647,14.6756,11239.8823,72.5000,180.5550,151.7125,58.09,129.7286,157.9904,321.5856,428.8828,778.3716,93.4046,0.0,3.306,6.0,1.195055,16,80,84,2,0.13407078,0.01134929,0.02064894,0E-8,0.000000,0.892683,0.000000,-0.01073951,2026-03-25,2026-08-03,52,452,218,132,0.393939,1.190113,1.164624,0.446903,,,,,,,,GLOBAL_BASELINE_NO_ENTITY_RANKING,,,NOT_APPLICABLE_GLOBAL_BASELINE,HF9g-P5,,,,X 全窗基线 · 不参与实体赏罚,14190715,1420,A168_HF9F_20260827_0900,2026-08-27 09:00:00
2026-05-12,70521282,2115,0,2241.7103419648,-659.0213273832,-659.0213273832,0.3333333,9,9,0.49324550000000000,0.493245500000,-0.959560560576535,-0.959560560576535,-0.959560560576535,0E-17,ELIGIBLE,R03b_20260811_FULL_v1,L1_ELIGIBILITY,v2026-08-11,2026-03-21..2026-08-06,baccarat_bet02_101_all_pairs_incl_sentinel,round_win = game_pnl > 0 (decisive only),COMPATIBILITY_ONLY_NOT_PRODUCTION,584473.8809,521750.0287,6633.3633,3770,3770,-0.01134929,-0.02064894,-0.00990944,-0.01134929,-6633.3633,584473.8809,OK,0.0000,265.3345,4.0000,96.0000,AG03-UNRESOLVED,ALL5_LEVELS_bet23_to_bet27,265.3345,265.3345,265.3345,331.6682,331.6682,4.000000,4.000000,4.000000,5.000000,5.000000,96.000000,96.000000,96.000000,95.000000,95.000000,5.0,1459.3399,1336.7936,5174.0234,5296.5697,PENDING_AG03,FALSE,NOT_FOR_ENFORCEMENT,6368.0288,500880.0275,6633.3633,6368.0288,265.3345,0.01134929,0.01089532,265.3345,6368.0288,0.01089532,265.3345,265.3345,265.3345,331.6682,331.6682,6368.0288,0.01089532,1459.3399,1336.7936,5174.0234,5296.5697,0.00885245,0.00906212,0.00045397,155.0329,138.3952,1.7595,127.5647,14.6756,11239.8823,72.5000,180.5550,151.7125,58.09,129.7286,157.9904,321.5856,428.8828,778.3716,93.4046,0.0,3.306,6.0,1.195055,16,80,84,2,0.13407078,0.01134929,0.02064894,0E-8,0.000000,0.892683,0.000000,-0.01073951,2026-03-25,2026-08-03,52,452,218,132,0.393939,1.190113,1.164624,0.446903,,,,,,,,GLOBAL_BASELINE_NO_ENTITY_RANKING,,,NOT_APPLICABLE_GLOBAL_BASELINE,HF9g-P5,,,,X 全窗基线 · 不参与实体赏罚,14190716,1420,A168_HF9F_20260827_0900,2026-08-27 09:00:00
2026-05-12,70521282,2121,0,1571.5323543149,183.9292200718,183.9292200718,0.6250000,17,17,0.49797674705882353,0.497976747059,1.0161943432531846,1.0161943432517713,1.0161943432531846,-1.7647E-13,ELIGIBLE,R03b_20260811_FULL_v1,L1_ELIGIBILITY,v2026-08-11,2026-03-21..2026-08-06,baccarat_bet02_101_all_pairs_incl_sentinel,round_win = game_pnl > 0 (decisive only),COMPATIBILITY_ONLY_NOT_PRODUCTION,584473.8809,521750.0287,6633.3633,3770,3770,-0.01134929,-0.02064894,-0.00990944,-0.01134929,-6633.3633,584473.8809,OK,0.0000,265.3345,4.0000,96.0000,AG03-UNRESOLVED,ALL5_LEVELS_bet23_to_bet27,265.3345,265.3345,265.3345,331.6682,331.6682,4.000000,4.000000,4.000000,5.000000,5.000000,96.000000,96.000000,96.000000,95.000000,95.000000,5.0,1459.3399,1336.7936,5174.0234,5296.5697,PENDING_AG03,FALSE,NOT_FOR_ENFORCEMENT,6368.0288,500880.0275,6633.3633,6368.0288,265.3345,0.01134929,0.01089532,265.3345,6368.0288,0.01089532,265.3345,265.3345,265.3345,331.6682,331.6682,6368.0288,0.01089532,1459.3399,1336.7936,5174.0234,5296.5697,0.00885245,0.00906212,0.00045397,155.0329,138.3952,1.7595,127.5647,14.6756,11239.8823,72.5000,180.5550,151.7125,58.09,129.7286,157.9904,321.5856,428.8828,778.3716,93.4046,0.0,3.306,6.0,1.195055,16,80,84,2,0.13407078,0.01134929,0.02064894,0E-8,0.000000,0.892683,0.000000,-0.01073951,2026-03-25,2026-08-03,52,452,218,132,0.393939,1.190113,1.164624,0.446903,,,,,,,,GLOBAL_BASELINE_NO_ENTITY_RANKING,,,NOT_APPLICABLE_GLOBAL_BASELINE,HF9g-P5,,,,X 全窗基线 · 不参与实体赏罚,14190717,1420,A168_HF9F_20260827_0900,2026-08-27 09:00:00
2026-05-12,70521282,2155,0,261.0139587982,-53.4481863940,-53.4481863940,0.3333333,3,3,0.49324550000000000,0.493245500000,-0.5540025479526107,-0.5540025479526106,-0.5540025479526107,0E-17,ELIGIBLE,R03b_20260811_FULL_v1,L1_ELIGIBILITY,v2026-08-11,2026-03-21..2026-08-06,baccarat_bet02_101_all_pairs_incl_sentinel,round_win = game_pnl > 0 (decisive only),COMPATIBILITY_ONLY_NOT_PRODUCTION,584473.8809,521750.0287,6633.3633,3770,3770,-0.01134929,-0.02064894,-0.00990944,-0.01134929,-6633.3633,584473.8809,OK,0.0000,265.3345,4.0000,96.0000,AG03-UNRESOLVED,ALL5_LEVELS_bet23_to_bet27,265.3345,265.3345,265.3345,331.6682,331.6682,4.000000,4.000000,4.000000,5.000000,5.000000,96.000000,96.000000,96.000000,95.000000,95.000000,5.0,1459.3399,1336.7936,5174.0234,5296.5697,PENDING_AG03,FALSE,NOT_FOR_ENFORCEMENT,6368.0288,500880.0275,6633.3633,6368.0288,265.3345,0.01134929,0.01089532,265.3345,6368.0288,0.01089532,265.3345,265.3345,265.3345,331.6682,331.6682,6368.0288,0.01089532,1459.3399,1336.7936,5174.0234,5296.5697,0.00885245,0.00906212,0.00045397,155.0329,138.3952,1.7595,127.5647,14.6756,11239.8823,72.5000,180.5550,151.7125,58.09,129.7286,157.9904,321.5856,428.8828,778.3716,93.4046,0.0,3.306,6.0,1.195055,16,80,84,2,0.13407078,0.01134929,0.02064894,0E-8,0.000000,0.892683,0.000000,-0.01073951,2026-03-25,2026-08-03,52,452,218,132,0.393939,1.190113,1.164624,0.446903,,,,,,,,GLOBAL_BASELINE_NO_ENTITY_RANKING,,,NOT_APPLICABLE_GLOBAL_BASELINE,HF9g-P5,,,,X 全窗基线 · 不参与实体赏罚,14190718,1420,A168_HF9F_20260827_0900,2026-08-27 09:00:00
2026-05-12,70521282,2160,0,338.3322090187,-234.5493228167,-234.5493228167,0.2500000,4,4,0.49659680000000000,0.496596800000,-0.9864100490137353,-0.9864100490137354,-0.9864100490137353,0E-17,ELIGIBLE,R03b_20260811_FULL_v1,L1_ELIGIBILITY,v2026-08-11,2026-03-21..2026-08-06,baccarat_bet02_101_all_pairs_incl_sentinel,round_win = game_pnl > 0 (decisive only),COMPATIBILITY_ONLY_NOT_PRODUCTION,584473.8809,521750.0287,6633.3633,3770,3770,-0.01134929,-0.02064894,-0.00990944,-0.01134929,-6633.3633,584473.8809,OK,0.0000,265.3345,4.0000,96.0000,AG03-UNRESOLVED,ALL5_LEVELS_bet23_to_bet27,265.3345,265.3345,265.3345,331.6682,331.6682,4.000000,4.000000,4.000000,5.000000,5.000000,96.000000,96.000000,96.000000,95.000000,95.000000,5.0,1459.3399,1336.7936,5174.0234,5296.5697,PENDING_AG03,FALSE,NOT_FOR_ENFORCEMENT,6368.0288,500880.0275,6633.3633,6368.0288,265.3345,0.01134929,0.01089532,265.3345,6368.0288,0.01089532,265.3345,265.3345,265.3345,331.6682,331.6682,6368.0288,0.01089532,1459.3399,1336.7936,5174.0234,5296.5697,0.00885245,0.00906212,0.00045397,155.0329,138.3952,1.7595,127.5647,14.6756,11239.8823,72.5000,180.5550,151.7125,58.09,129.7286,157.9904,321.5856,428.8828,778.3716,93.4046,0.0,3.306,6.0,1.195055,16,80,84,2,0.13407078,0.01134929,0.02064894,0E-8,0.000000,0.892683,0.000000,-0.01073951,2026-03-25,2026-08-03,52,452,218,132,0.393939,1.190113,1.164624,0.446903,,,,,,,,GLOBAL_BASELINE_NO_ENTITY_RANKING,,,NOT_APPLICABLE_GLOBAL_BASELINE,HF9g-P5,,,,X 全窗基线 · 不参与实体赏罚,14190719,1420,A168_HF9F_20260827_0900,2026-08-27 09:00:00
2026-05-12,70521282,462,0,1514.4517669034,363.5903689483,363.5903689483,0.6315789,21,21,0.50090561428571429,0.500905614286,1.1391855756248457,1.1391855756223561,1.1391855756248457,-2.8571E-13,ELIGIBLE,R03b_20260811_FULL_v1,L1_ELIGIBILITY,v2026-08-11,2026-03-21..2026-08-06,baccarat_bet02_101_all_pairs_incl_sentinel,round_win = game_pnl > 0 (decisive only),COMPATIBILITY_ONLY_NOT_PRODUCTION,584473.8809,521750.0287,6633.3633,3770,3770,-0.01134929,-0.02064894,-0.00990944,-0.01134929,-6633.3633,584473.8809,OK,0.0000,265.3345,4.0000,96.0000,AG03-UNRESOLVED,ALL5_LEVELS_bet23_to_bet27,265.3345,265.3345,265.3345,331.6682,331.6682,4.000000,4.000000,4.000000,5.000000,5.000000,96.000000,96.000000,96.000000,95.000000,95.000000,5.0,1459.3399,1336.7936,5174.0234,5296.5697,PENDING_AG03,FALSE,NOT_FOR_ENFORCEMENT,6368.0288,500880.0275,6633.3633,6368.0288,265.3345,0.01134929,0.01089532,265.3345,6368.0288,0.01089532,265.3345,265.3345,265.3345,331.6682,331.6682,6368.0288,0.01089532,1459.3399,1336.7936,5174.0234,5296.5697,0.00885245,0.00906212,0.00045397,155.0329,138.3952,1.7595,127.5647,14.6756,11239.8823,72.5000,180.5550,151.7125,58.09,129.7286,157.9904,321.5856,428.8828,778.3716,93.4046,0.0,3.306,6.0,1.195055,16,80,84,2,0.13407078,0.01134929,0.02064894,0E-8,0.000000,0.892683,0.000000,-0.01073951,2026-03-25,2026-08-03,52,452,218,132,0.393939,1.190113,1.164624,0.446903,,,,,,,,GLOBAL_BASELINE_NO_ENTITY_RANKING,,,NOT_APPLICABLE_GLOBAL_BASELINE,HF9g-P5,,,,X 全窗基线 · 不参与实体赏罚,14190720,1420,A168_HF9F_20260827_0900,2026-08-27 09:00:00
2026-05-12,70521282,583,0,1516.0085101968,206.5279435423,206.5279435423,0.6000000,18,18,0.49473496666666667,0.494734966667,0.815424651411246,0.8154246514086582,0.815424651411246,-3.3333E-13,ELIGIBLE,R03b_20260811_FULL_v1,L1_ELIGIBILITY,v2026-08-11,2026-03-21..2026-08-06,baccarat_bet02_101_all_pairs_incl_sentinel,round_win = game_pnl > 0 (decisive only),COMPATIBILITY_ONLY_NOT_PRODUCTION,584473.8809,521750.0287,6633.3633,3770,3770,-0.01134929,-0.02064894,-0.00990944,-0.01134929,-6633.3633,584473.8809,OK,0.0000,265.3345,4.0000,96.0000,AG03-UNRESOLVED,ALL5_LEVELS_bet23_to_bet27,265.3345,265.3345,265.3345,331.6682,331.6682,4.000000,4.000000,4.000000,5.000000,5.000000,96.000000,96.000000,96.000000,95.000000,95.000000,5.0,1459.3399,1336.7936,5174.0234,5296.5697,PENDING_AG03,FALSE,NOT_FOR_ENFORCEMENT,6368.0288,500880.0275,6633.3633,6368.0288,265.3345,0.01134929,0.01089532,265.3345,6368.0288,0.01089532,265.3345,265.3345,265.3345,331.6682,331.6682,6368.0288,0.01089532,1459.3399,1336.7936,5174.0234,5296.5697,0.00885245,0.00906212,0.00045397,155.0329,138.3952,1.7595,127.5647,14.6756,11239.8823,72.5000,180.5550,151.7125,58.09,129.7286,157.9904,321.5856,428.8828,778.3716,93.4046,0.0,3.306,6.0,1.195055,16,80,84,2,0.13407078,0.01134929,0.02064894,0E-8,0.000000,0.892683,0.000000,-0.01073951,2026-03-25,2026-08-03,52,452,218,132,0.393939,1.190113,1.164624,0.446903,,,,,,,,GLOBAL_BASELINE_NO_ENTITY_RANKING,,,NOT_APPLICABLE_GLOBAL_BASELINE,HF9g-P5,,,,X 全窗基线 · 不参与实体赏罚,14190721,1420,A168_HF9F_20260827_0900,2026-08-27 09:00:00
2026-05-12,70521282,595,0,3.6324010171,-3.6324010171,-3.6324010171,0E-7,1,1,0.49324550000000000,0.493245500000,-0.9865810262130424,-0.9865810262130424,-0.9865810262130424,0E-17,ELIGIBLE,R03b_20260811_FULL_v1,L1_ELIGIBILITY,v2026-08-11,2026-03-21..2026-08-06,baccarat_bet02_101_all_pairs_incl_sentinel,round_win = game_pnl > 0 (decisive only),COMPATIBILITY_ONLY_NOT_PRODUCTION,584473.8809,521750.0287,6633.3633,3770,3770,-0.01134929,-0.02064894,-0.00990944,-0.01134929,-6633.3633,584473.8809,OK,0.0000,265.3345,4.0000,96.0000,AG03-UNRESOLVED,ALL5_LEVELS_bet23_to_bet27,265.3345,265.3345,265.3345,331.6682,331.6682,4.000000,4.000000,4.000000,5.000000,5.000000,96.000000,96.000000,96.000000,95.000000,95.000000,5.0,1459.3399,1336.7936,5174.0234,5296.5697,PENDING_AG03,FALSE,NOT_FOR_ENFORCEMENT,6368.0288,500880.0275,6633.3633,6368.0288,265.3345,0.01134929,0.01089532,265.3345,6368.0288,0.01089532,265.3345,265.3345,265.3345,331.6682,331.6682,6368.0288,0.01089532,1459.3399,1336.7936,5174.0234,5296.5697,0.00885245,0.00906212,0.00045397,155.0329,138.3952,1.7595,127.5647,14.6756,11239.8823,72.5000,180.5550,151.7125,58.09,129.7286,157.9904,321.5856,428.8828,778.3716,93.4046,0.0,3.306,6.0,1.195055,16,80,84,2,0.13407078,0.01134929,0.02064894,0E-8,0.000000,0.892683,0.000000,-0.01073951,2026-03-25,2026-08-03,52,452,218,132,0.393939,1.190113,1.164624,0.446903,,,,,,,,GLOBAL_BASELINE_NO_ENTITY_RANKING,,,NOT_APPLICABLE_GLOBAL_BASELINE,HF9g-P5,,,,X 全窗基线 · 不参与实体赏罚,14190722,1420,A168_HF9F_20260827_0900,2026-08-27 09:00:00
2026-05-12,70521282,752,0,45.9239271444,-45.9239271444,-45.9239271444,0E-7,1,1,0.49324550000000000,0.493245500000,-0.9865810262130424,-0.9865810262130424,-0.9865810262130424,0E-17,ELIGIBLE,R03b_20260811_FULL_v1,L1_ELIGIBILITY,v2026-08-11,2026-03-21..2026-08-06,baccarat_bet02_101_all_pairs_incl_sentinel,round_win = game_pnl > 0 (decisive only),COMPATIBILITY_ONLY_NOT_PRODUCTION,584473.8809,521750.0287,6633.3633,3770,3770,-0.01134929,-0.02064894,-0.00990944,-0.01134929,-6633.3633,584473.8809,OK,0.0000,265.3345,4.0000,96.0000,AG03-UNRESOLVED,ALL5_LEVELS_bet23_to_bet27,265.3345,265.3345,265.3345,331.6682,331.6682,4.000000,4.000000,4.000000,5.000000,5.000000,96.000000,96.000000,96.000000,95.000000,95.000000,5.0,1459.3399,1336.7936,5174.0234,5296.5697,PENDING_AG03,FALSE,NOT_FOR_ENFORCEMENT,6368.0288,500880.0275,6633.3633,6368.0288,265.3345,0.01134929,0.01089532,265.3345,6368.0288,0.01089532,265.3345,265.3345,265.3345,331.6682,331.6682,6368.0288,0.01089532,1459.3399,1336.7936,5174.0234,5296.5697,0.00885245,0.00906212,0.00045397,155.0329,138.3952,1.7595,127.5647,14.6756,11239.8823,72.5000,180.5550,151.7125,58.09,129.7286,157.9904,321.5856,428.8828,778.3716,93.4046,0.0,3.306,6.0,1.195055,16,80,84,2,0.13407078,0.01134929,0.02064894,0E-8,0.000000,0.892683,0.000000,-0.01073951,2026-03-25,2026-08-03,52,452,218,132,0.393939,1.190113,1.164624,0.446903,,,,,,,,GLOBAL_BASELINE_NO_ENTITY_RANKING,,,NOT_APPLICABLE_GLOBAL_BASELINE,HF9g-P5,,,,X 全窗基线 · 不参与实体赏罚,14190723,1420,A168_HF9F_20260827_0900,2026-08-27 09:00:00
2026-05-12,70521282,772,0,619.3243734107,-415.0018162004,-415.0018162004,0.1666667,7,7,0.49899058571428571,0.498990585714,-1.6280513796797877,-1.6280513796783902,-1.6280513796797877,2.8571E-13,ELIGIBLE,R03b_20260811_FULL_v1,L1_ELIGIBILITY,v2026-08-11,2026-03-21..2026-08-06,baccarat_bet02_101_all_pairs_incl_sentinel,round_win = game_pnl > 0 (decisive only),COMPATIBILITY_ONLY_NOT_PRODUCTION,584473.8809,521750.0287,6633.3633,3770,3770,-0.01134929,-0.02064894,-0.00990944,-0.01134929,-6633.3633,584473.8809,OK,0.0000,265.3345,4.0000,96.0000,AG03-UNRESOLVED,ALL5_LEVELS_bet23_to_bet27,265.3345,265.3345,265.3345,331.6682,331.6682,4.000000,4.000000,4.000000,5.000000,5.000000,96.000000,96.000000,96.000000,95.000000,95.000000,5.0,1459.3399,1336.7936,5174.0234,5296.5697,PENDING_AG03,FALSE,NOT_FOR_ENFORCEMENT,6368.0288,500880.0275,6633.3633,6368.0288,265.3345,0.01134929,0.01089532,265.3345,6368.0288,0.01089532,265.3345,265.3345,265.3345,331.6682,331.6682,6368.0288,0.01089532,1459.3399,1336.7936,5174.0234,5296.5697,0.00885245,0.00906212,0.00045397,155.0329,138.3952,1.7595,127.5647,14.6756,11239.8823,72.5000,180.5550,151.7125,58.09,129.7286,157.9904,321.5856,428.8828,778.3716,93.4046,0.0,3.306,6.0,1.195055,16,80,84,2,0.13407078,0.01134929,0.02064894,0E-8,0.000000,0.892683,0.000000,-0.01073951,2026-03-25,2026-08-03,52,452,218,132,0.393939,1.190113,1.164624,0.446903,,,,,,,,GLOBAL_BASELINE_NO_ENTITY_RANKING,,,NOT_APPLICABLE_GLOBAL_BASELINE,HF9g-P5,,,,X 全窗基线 · 不参与实体赏罚,14190724,1420,A168_HF9F_20260827_0900,2026-08-27 09:00:00
2026-05-12,70521282,919,0,2669.0363759014,-318.6134606403,-318.6134606403,0.4500000,24,24,0.49827245000000000,0.498272450000,-0.4317644957104967,-0.4317644957104967,-0.4317644957104967,0E-17,ELIGIBLE,R03b_20260811_FULL_v1,L1_ELIGIBILITY,v2026-08-11,2026-03-21..2026-08-06,baccarat_bet02_101_all_pairs_incl_sentinel,round_win = game_pnl > 0 (decisive only),COMPATIBILITY_ONLY_NOT_PRODUCTION,584473.8809,521750.0287,6633.3633,3770,3770,-0.01134929,-0.02064894,-0.00990944,-0.01134929,-6633.3633,584473.8809,OK,0.0000,265.3345,4.0000,96.0000,AG03-UNRESOLVED,ALL5_LEVELS_bet23_to_bet27,265.3345,265.3345,265.3345,331.6682,331.6682,4.000000,4.000000,4.000000,5.000000,5.000000,96.000000,96.000000,96.000000,95.000000,95.000000,5.0,1459.3399,1336.7936,5174.0234,5296.5697,PENDING_AG03,FALSE,NOT_FOR_ENFORCEMENT,6368.0288,500880.0275,6633.3633,6368.0288,265.3345,0.01134929,0.01089532,265.3345,6368.0288,0.01089532,265.3345,265.3345,265.3345,331.6682,331.6682,6368.0288,0.01089532,1459.3399,1336.7936,5174.0234,5296.5697,0.00885245,0.00906212,0.00045397,155.0329,138.3952,1.7595,127.5647,14.6756,11239.8823,72.5000,180.5550,151.7125,58.09,129.7286,157.9904,321.5856,428.8828,778.3716,93.4046,0.0,3.306,6.0,1.195055,16,80,84,2,0.13407078,0.01134929,0.02064894,0E-8,0.000000,0.892683,0.000000,-0.01073951,2026-03-25,2026-08-03,52,452,218,132,0.393939,1.190113,1.164624,0.446903,,,,,,,,GLOBAL_BASELINE_NO_ENTITY_RANKING,,,NOT_APPLICABLE_GLOBAL_BASELINE,HF9g-P5,,,,X 全窗基线 · 不参与实体赏罚,14190725,1420,A168_HF9F_20260827_0900,2026-08-27 09:00:00
2026-05-12,70521282,948,0,285.4029370557,-285.4029370557,-285.4029370557,0E-7,2,2,0.49994810000000000,0.499948100000,-1.4140667746232096,-1.4140667746232096,-1.4140667746232096,0E-17,ELIGIBLE,R03b_20260811_FULL_v1,L1_ELIGIBILITY,v2026-08-11,2026-03-21..2026-08-06,baccarat_bet02_101_all_pairs_incl_sentinel,round_win = game_pnl > 0 (decisive only),COMPATIBILITY_ONLY_NOT_PRODUCTION,584473.8809,521750.0287,6633.3633,3770,3770,-0.01134929,-0.02064894,-0.00990944,-0.01134929,-6633.3633,584473.8809,OK,0.0000,265.3345,4.0000,96.0000,AG03-UNRESOLVED,ALL5_LEVELS_bet23_to_bet27,265.3345,265.3345,265.3345,331.6682,331.6682,4.000000,4.000000,4.000000,5.000000,5.000000,96.000000,96.000000,96.000000,95.000000,95.000000,5.0,1459.3399,1336.7936,5174.0234,5296.5697,PENDING_AG03,FALSE,NOT_FOR_ENFORCEMENT,6368.0288,500880.0275,6633.3633,6368.0288,265.3345,0.01134929,0.01089532,265.3345,6368.0288,0.01089532,265.3345,265.3345,265.3345,331.6682,331.6682,6368.0288,0.01089532,1459.3399,1336.7936,5174.0234,5296.5697,0.00885245,0.00906212,0.00045397,155.0329,138.3952,1.7595,127.5647,14.6756,11239.8823,72.5000,180.5550,151.7125,58.09,129.7286,157.9904,321.5856,428.8828,778.3716,93.4046,0.0,3.306,6.0,1.195055,16,80,84,2,0.13407078,0.01134929,0.02064894,0E-8,0.000000,0.892683,0.000000,-0.01073951,2026-03-25,2026-08-03,52,452,218,132,0.393939,1.190113,1.164624,0.446903,,,,,,,,GLOBAL_BASELINE_NO_ENTITY_RANKING,,,NOT_APPLICABLE_GLOBAL_BASELINE,HF9g-P5,,,,X 全窗基线 · 不参与实体赏罚,14190726,1420,A168_HF9F_20260827_0900,2026-08-27 09:00:00
2026-05-12,70521282,987,0,2330.7041668825,-700.5344818638,-700.5344818638,0.3333333,19,19,0.50100640526315789,0.501006405263,-1.4227560762918283,-1.4227560762904878,-1.4227560762918283,1.5789E-13,ELIGIBLE,R03b_20260811_FULL_v1,L1_ELIGIBILITY,v2026-08-11,2026-03-21..2026-08-06,baccarat_bet02_101_all_pairs_incl_sentinel,round_win = game_pnl > 0 (decisive only),COMPATIBILITY_ONLY_NOT_PRODUCTION,584473.8809,521750.0287,6633.3633,3770,3770,-0.01134929,-0.02064894,-0.00990944,-0.01134929,-6633.3633,584473.8809,OK,0.0000,265.3345,4.0000,96.0000,AG03-UNRESOLVED,ALL5_LEVELS_bet23_to_bet27,265.3345,265.3345,265.3345,331.6682,331.6682,4.000000,4.000000,4.000000,5.000000,5.000000,96.000000,96.000000,96.000000,95.000000,95.000000,5.0,1459.3399,1336.7936,5174.0234,5296.5697,PENDING_AG03,FALSE,NOT_FOR_ENFORCEMENT,6368.0288,500880.0275,6633.3633,6368.0288,265.3345,0.01134929,0.01089532,265.3345,6368.0288,0.01089532,265.3345,265.3345,265.3345,331.6682,331.6682,6368.0288,0.01089532,1459.3399,1336.7936,5174.0234,5296.5697,0.00885245,0.00906212,0.00045397,155.0329,138.3952,1.7595,127.5647,14.6756,11239.8823,72.5000,180.5550,151.7125,58.09,129.7286,157.9904,321.5856,428.8828,778.3716,93.4046,0.0,3.306,6.0,1.195055,16,80,84,2,0.13407078,0.01134929,0.02064894,0E-8,0.000000,0.892683,0.000000,-0.01073951,2026-03-25,2026-08-03,52,452,218,132,0.393939,1.190113,1.164624,0.446903,,,,,,,,GLOBAL_BASELINE_NO_ENTITY_RANKING,,,NOT_APPLICABLE_GLOBAL_BASELINE,HF9g-P5,,,,X 全窗基线 · 不参与实体赏罚,14190727,1420,A168_HF9F_20260827_0900,2026-08-27 09:00:00
2026-05-13,70521282,1004,0,3769.3944268592,-808.5984121219,-808.5984121219,0.4285714,22,22,0.49933877272727273,0.499338772727,-0.6485939898090235,-0.6485939898065244,-0.6485939898090235,2.7273E-13,ELIGIBLE,R03b_20260811_FULL_v1,L1_ELIGIBILITY,v2026-08-11,2026-03-21..2026-08-06,baccarat_bet02_101_all_pairs_incl_sentinel,round_win = game_pnl > 0 (decisive only),COMPATIBILITY_ONLY_NOT_PRODUCTION,584473.8809,521750.0287,6633.3633,3770,3770,-0.01134929,-0.02064894,-0.00990944,-0.01134929,-6633.3633,584473.8809,OK,0.0000,265.3345,4.0000,96.0000,AG03-UNRESOLVED,ALL5_LEVELS_bet23_to_bet27,265.3345,265.3345,265.3345,331.6682,331.6682,4.000000,4.000000,4.000000,5.000000,5.000000,96.000000,96.000000,96.000000,95.000000,95.000000,5.0,1459.3399,1336.7936,5174.0234,5296.5697,PENDING_AG03,FALSE,NOT_FOR_ENFORCEMENT,6368.0288,500880.0275,6633.3633,6368.0288,265.3345,0.01134929,0.01089532,265.3345,6368.0288,0.01089532,265.3345,265.3345,265.3345,331.6682,331.6682,6368.0288,0.01089532,1459.3399,1336.7936,5174.0234,5296.5697,0.00885245,0.00906212,0.00045397,155.0329,138.3952,1.7595,127.5647,14.6756,11239.8823,72.5000,180.5550,151.7125,58.09,129.7286,157.9904,321.5856,428.8828,778.3716,93.4046,0.0,3.306,6.0,1.195055,16,80,84,2,0.13407078,0.01134929,0.02064894,0E-8,0.000000,0.892683,0.000000,-0.01073951,2026-03-25,2026-08-03,52,452,218,132,0.393939,1.190113,1.164624,0.446903,,,,,,,,GLOBAL_BASELINE_NO_ENTITY_RANKING,,,NOT_APPLICABLE_GLOBAL_BASELINE,HF9g-P5,,,,X 全窗基线 · 不参与实体赏罚,14190728,1420,A168_HF9F_20260827_0900,2026-08-27 09:00:00
2026-05-13,70521282,1078,0,518.9144310104,492.9687094598,492.9687094598,1.0000000,2,2,0.50665070000000000,0.506650700000,1.3955260008387969,1.3955260008387969,1.3955260008387969,0E-17,ELIGIBLE,R03b_20260811_FULL_v1,L1_ELIGIBILITY,v2026-08-11,2026-03-21..2026-08-06,baccarat_bet02_101_all_pairs_incl_sentinel,round_win = game_pnl > 0 (decisive only),COMPATIBILITY_ONLY_NOT_PRODUCTION,584473.8809,521750.0287,6633.3633,3770,3770,-0.01134929,-0.02064894,-0.00990944,-0.01134929,-6633.3633,584473.8809,OK,0.0000,265.3345,4.0000,96.0000,AG03-UNRESOLVED,ALL5_LEVELS_bet23_to_bet27,265.3345,265.3345,265.3345,331.6682,331.6682,4.000000,4.000000,4.000000,5.000000,5.000000,96.000000,96.000000,96.000000,95.000000,95.000000,5.0,1459.3399,1336.7936,5174.0234,5296.5697,PENDING_AG03,FALSE,NOT_FOR_ENFORCEMENT,6368.0288,500880.0275,6633.3633,6368.0288,265.3345,0.01134929,0.01089532,265.3345,6368.0288,0.01089532,265.3345,265.3345,265.3345,331.6682,331.6682,6368.0288,0.01089532,1459.3399,1336.7936,5174.0234,5296.5697,0.00885245,0.00906212,0.00045397,155.0329,138.3952,1.7595,127.5647,14.6756,11239.8823,72.5000,180.5550,151.7125,58.09,129.7286,157.9904,321.5856,428.8828,778.3716,93.4046,0.0,3.306,6.0,1.195055,16,80,84,2,0.13407078,0.01134929,0.02064894,0E-8,0.000000,0.892683,0.000000,-0.01073951,2026-03-25,2026-08-03,52,452,218,132,0.393939,1.190113,1.164624,0.446903,,,,,,,,GLOBAL_BASELINE_NO_ENTITY_RANKING,,,NOT_APPLICABLE_GLOBAL_BASELINE,HF9g-P5,,,,X 全窗基线 · 不参与实体赏罚,14190729,1420,A168_HF9F_20260827_0900,2026-08-27 09:00:00
2026-05-13,70521282,1109,0,8603.6012661517,-588.1246432464,-588.1246432464,0.4814815,29,29,0.49971697586206897,0.499716975862,-0.18950884697021458,-0.18950884696949785,-0.18950884697021458,6.897E-14,ELIGIBLE,R03b_20260811_FULL_v1,L1_ELIGIBILITY,v2026-08-11,2026-03-21..2026-08-06,baccarat_bet02_101_all_pairs_incl_sentinel,round_win = game_pnl > 0 (decisive only),COMPATIBILITY_ONLY_NOT_PRODUCTION,584473.8809,521750.0287,6633.3633,3770,3770,-0.01134929,-0.02064894,-0.00990944,-0.01134929,-6633.3633,584473.8809,OK,0.0000,265.3345,4.0000,96.0000,AG03-UNRESOLVED,ALL5_LEVELS_bet23_to_bet27,265.3345,265.3345,265.3345,331.6682,331.6682,4.000000,4.000000,4.000000,5.000000,5.000000,96.000000,96.000000,96.000000,95.000000,95.000000,5.0,1459.3399,1336.7936,5174.0234,5296.5697,PENDING_AG03,FALSE,NOT_FOR_ENFORCEMENT,6368.0288,500880.0275,6633.3633,6368.0288,265.3345,0.01134929,0.01089532,265.3345,6368.0288,0.01089532,265.3345,265.3345,265.3345,331.6682,331.6682,6368.0288,0.01089532,1459.3399,1336.7936,5174.0234,5296.5697,0.00885245,0.00906212,0.00045397,155.0329,138.3952,1.7595,127.5647,14.6756,11239.8823,72.5000,180.5550,151.7125,58.09,129.7286,157.9904,321.5856,428.8828,778.3716,93.4046,0.0,3.306,6.0,1.195055,16,80,84,2,0.13407078,0.01134929,0.02064894,0E-8,0.000000,0.892683,0.000000,-0.01073951,2026-03-25,2026-08-03,52,452,218,132,0.393939,1.190113,1.164624,0.446903,,,,,,,,GLOBAL_BASELINE_NO_ENTITY_RANKING,,,NOT_APPLICABLE_GLOBAL_BASELINE,HF9g-P5,,,,X 全窗基线 · 不参与实体赏罚,14190730,1420,A168_HF9F_20260827_0900,2026-08-27 09:00:00
2026-05-13,70521282,1221,0,2930.5692491309,1472.0305121686,1472.0305121686,0.7777778,11,11,0.50421339090909091,0.504213390909,1.6414446022723435,1.6414446022728861,1.6414446022723435,9.091E-14,ELIGIBLE,R03b_20260811_FULL_v1,L1_ELIGIBILITY,v2026-08-11,2026-03-21..2026-08-06,baccarat_bet02_101_all_pairs_incl_sentinel,round_win = game_pnl > 0 (decisive only),COMPATIBILITY_ONLY_NOT_PRODUCTION,584473.8809,521750.0287,6633.3633,3770,3770,-0.01134929,-0.02064894,-0.00990944,-0.01134929,-6633.3633,584473.8809,OK,0.0000,265.3345,4.0000,96.0000,AG03-UNRESOLVED,ALL5_LEVELS_bet23_to_bet27,265.3345,265.3345,265.3345,331.6682,331.6682,4.000000,4.000000,4.000000,5.000000,5.000000,96.000000,96.000000,96.000000,95.000000,95.000000,5.0,1459.3399,1336.7936,5174.0234,5296.5697,PENDING_AG03,FALSE,NOT_FOR_ENFORCEMENT,6368.0288,500880.0275,6633.3633,6368.0288,265.3345,0.01134929,0.01089532,265.3345,6368.0288,0.01089532,265.3345,265.3345,265.3345,331.6682,331.6682,6368.0288,0.01089532,1459.3399,1336.7936,5174.0234,5296.5697,0.00885245,0.00906212,0.00045397,155.0329,138.3952,1.7595,127.5647,14.6756,11239.8823,72.5000,180.5550,151.7125,58.09,129.7286,157.9904,321.5856,428.8828,778.3716,93.4046,0.0,3.306,6.0,1.195055,16,80,84,2,0.13407078,0.01134929,0.02064894,0E-8,0.000000,0.892683,0.000000,-0.01073951,2026-03-25,2026-08-03,52,452,218,132,0.393939,1.190113,1.164624,0.446903,,,,,,,,GLOBAL_BASELINE_NO_ENTITY_RANKING,,,NOT_APPLICABLE_GLOBAL_BASELINE,HF9g-P5,,,,X 全窗基线 · 不参与实体赏罚,14190731,1420,A168_HF9F_20260827_0900,2026-08-27 09:00:00
2026-05-13,70521282,1382,0,20003.3729438018,5151.9251725393,5151.9251725393,0.6585366,42,42,0.50090561428571429,0.500905614286,2.0186646941535082,2.0186646941498516,2.0186646941535082,-2.8571E-13,ELIGIBLE,R03b_20260811_FULL_v1,L1_ELIGIBILITY,v2026-08-11,2026-03-21..2026-08-06,baccarat_bet02_101_all_pairs_incl_sentinel,round_win = game_pnl > 0 (decisive only),COMPATIBILITY_ONLY_NOT_PRODUCTION,584473.8809,521750.0287,6633.3633,3770,3770,-0.01134929,-0.02064894,-0.00990944,-0.01134929,-6633.3633,584473.8809,OK,0.0000,265.3345,4.0000,96.0000,AG03-UNRESOLVED,ALL5_LEVELS_bet23_to_bet27,265.3345,265.3345,265.3345,331.6682,331.6682,4.000000,4.000000,4.000000,5.000000,5.000000,96.000000,96.000000,96.000000,95.000000,95.000000,5.0,1459.3399,1336.7936,5174.0234,5296.5697,PENDING_AG03,FALSE,NOT_FOR_ENFORCEMENT,6368.0288,500880.0275,6633.3633,6368.0288,265.3345,0.01134929,0.01089532,265.3345,6368.0288,0.01089532,265.3345,265.3345,265.3345,331.6682,331.6682,6368.0288,0.01089532,1459.3399,1336.7936,5174.0234,5296.5697,0.00885245,0.00906212,0.00045397,155.0329,138.3952,1.7595,127.5647,14.6756,11239.8823,72.5000,180.5550,151.7125,58.09,129.7286,157.9904,321.5856,428.8828,778.3716,93.4046,0.0,3.306,6.0,1.195055,16,80,84,2,0.13407078,0.01134929,0.02064894,0E-8,0.000000,0.892683,0.000000,-0.01073951,2026-03-25,2026-08-03,52,452,218,132,0.393939,1.190113,1.164624,0.446903,,,,,,,,GLOBAL_BASELINE_NO_ENTITY_RANKING,,,NOT_APPLICABLE_GLOBAL_BASELINE,HF9g-P5,,,,X 全窗基线 · 不参与实体赏罚,14190732,1420,A168_HF9F_20260827_0900,2026-08-27 09:00:00
2026-05-13,70521282,1485,0,9838.6176119560,-2467.1786622388,-2467.1786622388,0.4285714,25,25,0.49753516400000000,0.497535164000,-0.632070755849541,-0.632070755849541,-0.632070755849541,0E-17,ELIGIBLE,R03b_20260811_FULL_v1,L1_ELIGIBILITY,v2026-08-11,2026-03-21..2026-08-06,baccarat_bet02_101_all_pairs_incl_sentinel,round_win = game_pnl > 0 (decisive only),COMPATIBILITY_ONLY_NOT_PRODUCTION,584473.8809,521750.0287,6633.3633,3770,3770,-0.01134929,-0.02064894,-0.00990944,-0.01134929,-6633.3633,584473.8809,OK,0.0000,265.3345,4.0000,96.0000,AG03-UNRESOLVED,ALL5_LEVELS_bet23_to_bet27,265.3345,265.3345,265.3345,331.6682,331.6682,4.000000,4.000000,4.000000,5.000000,5.000000,96.000000,96.000000,96.000000,95.000000,95.000000,5.0,1459.3399,1336.7936,5174.0234,5296.5697,PENDING_AG03,FALSE,NOT_FOR_ENFORCEMENT,6368.0288,500880.0275,6633.3633,6368.0288,265.3345,0.01134929,0.01089532,265.3345,6368.0288,0.01089532,265.3345,265.3345,265.3345,331.6682,331.6682,6368.0288,0.01089532,1459.3399,1336.7936,5174.0234,5296.5697,0.00885245,0.00906212,0.00045397,155.0329,138.3952,1.7595,127.5647,14.6756,11239.8823,72.5000,180.5550,151.7125,58.09,129.7286,157.9904,321.5856,428.8828,778.3716,93.4046,0.0,3.306,6.0,1.195055,16,80,84,2,0.13407078,0.01134929,0.02064894,0E-8,0.000000,0.892683,0.000000,-0.01073951,2026-03-25,2026-08-03,52,452,218,132,0.393939,1.190113,1.164624,0.446903,,,,,,,,GLOBAL_BASELINE_NO_ENTITY_RANKING,,,NOT_APPLICABLE_GLOBAL_BASELINE,HF9g-P5,,,,X 全窗基线 · 不参与实体赏罚,14190733,1420,A168_HF9F_20260827_0900,2026-08-27 09:00:00
2026-05-13,70521282,1490,0,1792.5899019249,125.3178350889,125.3178350889,0.5294118,20,20,0.49726706000000000,0.497267060000,0.2650759853272752,0.2650759853272752,0.2650759853272752,0E-17,ELIGIBLE,R03b_20260811_FULL_v1,L1_ELIGIBILITY,v2026-08-11,2026-03-21..2026-08-06,baccarat_bet02_101_all_pairs_incl_sentinel,round_win = game_pnl > 0 (decisive only),COMPATIBILITY_ONLY_NOT_PRODUCTION,584473.8809,521750.0287,6633.3633,3770,3770,-0.01134929,-0.02064894,-0.00990944,-0.01134929,-6633.3633,584473.8809,OK,0.0000,265.3345,4.0000,96.0000,AG03-UNRESOLVED,ALL5_LEVELS_bet23_to_bet27,265.3345,265.3345,265.3345,331.6682,331.6682,4.000000,4.000000,4.000000,5.000000,5.000000,96.000000,96.000000,96.000000,95.000000,95.000000,5.0,1459.3399,1336.7936,5174.0234,5296.5697,PENDING_AG03,FALSE,NOT_FOR_ENFORCEMENT,6368.0288,500880.0275,6633.3633,6368.0288,265.3345,0.01134929,0.01089532,265.3345,6368.0288,0.01089532,265.3345,265.3345,265.3345,331.6682,331.6682,6368.0288,0.01089532,1459.3399,1336.7936,5174.0234,5296.5697,0.00885245,0.00906212,0.00045397,155.0329,138.3952,1.7595,127.5647,14.6756,11239.8823,72.5000,180.5550,151.7125,58.09,129.7286,157.9904,321.5856,428.8828,778.3716,93.4046,0.0,3.306,6.0,1.195055,16,80,84,2,0.13407078,0.01134929,0.02064894,0E-8,0.000000,0.892683,0.000000,-0.01073951,2026-03-25,2026-08-03,52,452,218,132,0.393939,1.190113,1.164624,0.446903,,,,,,,,GLOBAL_BASELINE_NO_ENTITY_RANKING,,,NOT_APPLICABLE_GLOBAL_BASELINE,HF9g-P5,,,,X 全窗基线 · 不参与实体赏罚,14190734,1420,A168_HF9F_20260827_0900,2026-08-27 09:00:00
2026-05-13,70521282,1654,0,736.8584920348,168.9066472940,168.9066472940,0.6250000,8,8,0.50162375000000000,0.501623750000,0.6979251443573454,0.6979251443573454,0.6979251443573454,0E-17,ELIGIBLE,R03b_20260811_FULL_v1,L1_ELIGIBILITY,v2026-08-11,2026-03-21..2026-08-06,baccarat_bet02_101_all_pairs_incl_sentinel,round_win = game_pnl > 0 (decisive only),COMPATIBILITY_ONLY_NOT_PRODUCTION,584473.8809,521750.0287,6633.3633,3770,3770,-0.01134929,-0.02064894,-0.00990944,-0.01134929,-6633.3633,584473.8809,OK,0.0000,265.3345,4.0000,96.0000,AG03-UNRESOLVED,ALL5_LEVELS_bet23_to_bet27,265.3345,265.3345,265.3345,331.6682,331.6682,4.000000,4.000000,4.000000,5.000000,5.000000,96.000000,96.000000,96.000000,95.000000,95.000000,5.0,1459.3399,1336.7936,5174.0234,5296.5697,PENDING_AG03,FALSE,NOT_FOR_ENFORCEMENT,6368.0288,500880.0275,6633.3633,6368.0288,265.3345,0.01134929,0.01089532,265.3345,6368.0288,0.01089532,265.3345,265.3345,265.3345,331.6682,331.6682,6368.0288,0.01089532,1459.3399,1336.7936,5174.0234,5296.5697,0.00885245,0.00906212,0.00045397,155.0329,138.3952,1.7595,127.5647,14.6756,11239.8823,72.5000,180.5550,151.7125,58.09,129.7286,157.9904,321.5856,428.8828,778.3716,93.4046,0.0,3.306,6.0,1.195055,16,80,84,2,0.13407078,0.01134929,0.02064894,0E-8,0.000000,0.892683,0.000000,-0.01073951,2026-03-25,2026-08-03,52,452,218,132,0.393939,1.190113,1.164624,0.446903,,,,,,,,GLOBAL_BASELINE_NO_ENTITY_RANKING,,,NOT_APPLICABLE_GLOBAL_BASELINE,HF9g-P5,,,,X 全窗基线 · 不参与实体赏罚,14190735,1420,A168_HF9F_20260827_0900,2026-08-27 09:00:00
2026-05-13,70521282,1704,0,1892.9998443256,1293.6536765088,1293.6536765088,0.8000000,5,5,0.49860758000000000,0.498607580000,1.3478731046594083,1.3478731046594083,1.3478731046594083,0E-17,ELIGIBLE,R03b_20260811_FULL_v1,L1_ELIGIBILITY,v2026-08-11,2026-03-21..2026-08-06,baccarat_bet02_101_all_pairs_incl_sentinel,round_win = game_pnl > 0 (decisive only),COMPATIBILITY_ONLY_NOT_PRODUCTION,584473.8809,521750.0287,6633.3633,3770,3770,-0.01134929,-0.02064894,-0.00990944,-0.01134929,-6633.3633,584473.8809,OK,0.0000,265.3345,4.0000,96.0000,AG03-UNRESOLVED,ALL5_LEVELS_bet23_to_bet27,265.3345,265.3345,265.3345,331.6682,331.6682,4.000000,4.000000,4.000000,5.000000,5.000000,96.000000,96.000000,96.000000,95.000000,95.000000,5.0,1459.3399,1336.7936,5174.0234,5296.5697,PENDING_AG03,FALSE,NOT_FOR_ENFORCEMENT,6368.0288,500880.0275,6633.3633,6368.0288,265.3345,0.01134929,0.01089532,265.3345,6368.0288,0.01089532,265.3345,265.3345,265.3345,331.6682,331.6682,6368.0288,0.01089532,1459.3399,1336.7936,5174.0234,5296.5697,0.00885245,0.00906212,0.00045397,155.0329,138.3952,1.7595,127.5647,14.6756,11239.8823,72.5000,180.5550,151.7125,58.09,129.7286,157.9904,321.5856,428.8828,778.3716,93.4046,0.0,3.306,6.0,1.195055,16,80,84,2,0.13407078,0.01134929,0.02064894,0E-8,0.000000,0.892683,0.000000,-0.01073951,2026-03-25,2026-08-03,52,452,218,132,0.393939,1.190113,1.164624,0.446903,,,,,,,,GLOBAL_BASELINE_NO_ENTITY_RANKING,,,NOT_APPLICABLE_GLOBAL_BASELINE,HF9g-P5,,,,X 全窗基线 · 不参与实体赏罚,14190736,1420,A168_HF9F_20260827_0900,2026-08-27 09:00:00
2026-05-13,70521282,1940,0,2582.1182087074,-524.6224897515,-524.6224897515,0.4117647,23,23,0.49907384782608696,0.499073847826,-0.7199708637544998,-0.719970863753783,-0.7199708637544998,8.696E-14,ELIGIBLE,R03b_20260811_FULL_v1,L1_ELIGIBILITY,v2026-08-11,2026-03-21..2026-08-06,baccarat_bet02_101_all_pairs_incl_sentinel,round_win = game_pnl > 0 (decisive only),COMPATIBILITY_ONLY_NOT_PRODUCTION,584473.8809,521750.0287,6633.3633,3770,3770,-0.01134929,-0.02064894,-0.00990944,-0.01134929,-6633.3633,584473.8809,OK,0.0000,265.3345,4.0000,96.0000,AG03-UNRESOLVED,ALL5_LEVELS_bet23_to_bet27,265.3345,265.3345,265.3345,331.6682,331.6682,4.000000,4.000000,4.000000,5.000000,5.000000,96.000000,96.000000,96.000000,95.000000,95.000000,5.0,1459.3399,1336.7936,5174.0234,5296.5697,PENDING_AG03,FALSE,NOT_FOR_ENFORCEMENT,6368.0288,500880.0275,6633.3633,6368.0288,265.3345,0.01134929,0.01089532,265.3345,6368.0288,0.01089532,265.3345,265.3345,265.3345,331.6682,331.6682,6368.0288,0.01089532,1459.3399,1336.7936,5174.0234,5296.5697,0.00885245,0.00906212,0.00045397,155.0329,138.3952,1.7595,127.5647,14.6756,11239.8823,72.5000,180.5550,151.7125,58.09,129.7286,157.9904,321.5856,428.8828,778.3716,93.4046,0.0,3.306,6.0,1.195055,16,80,84,2,0.13407078,0.01134929,0.02064894,0E-8,0.000000,0.892683,0.000000,-0.01073951,2026-03-25,2026-08-03,52,452,218,132,0.393939,1.190113,1.164624,0.446903,,,,,,,,GLOBAL_BASELINE_NO_ENTITY_RANKING,,,NOT_APPLICABLE_GLOBAL_BASELINE,HF9g-P5,,,,X 全窗基线 · 不参与实体赏罚,14190737,1420,A168_HF9F_20260827_0900,2026-08-27 09:00:00
2026-05-13,70521282,1941,0,389.1858232577,-389.1858232577,-389.1858232577,0E-7,1,1,0.50665070000000000,0.506650700000,-1.013391052207602,-1.013391052207602,-1.013391052207602,0E-17,ELIGIBLE,R03b_20260811_FULL_v1,L1_ELIGIBILITY,v2026-08-11,2026-03-21..2026-08-06,baccarat_bet02_101_all_pairs_incl_sentinel,round_win = game_pnl > 0 (decisive only),COMPATIBILITY_ONLY_NOT_PRODUCTION,584473.8809,521750.0287,6633.3633,3770,3770,-0.01134929,-0.02064894,-0.00990944,-0.01134929,-6633.3633,584473.8809,OK,0.0000,265.3345,4.0000,96.0000,AG03-UNRESOLVED,ALL5_LEVELS_bet23_to_bet27,265.3345,265.3345,265.3345,331.6682,331.6682,4.000000,4.000000,4.000000,5.000000,5.000000,96.000000,96.000000,96.000000,95.000000,95.000000,5.0,1459.3399,1336.7936,5174.0234,5296.5697,PENDING_AG03,FALSE,NOT_FOR_ENFORCEMENT,6368.0288,500880.0275,6633.3633,6368.0288,265.3345,0.01134929,0.01089532,265.3345,6368.0288,0.01089532,265.3345,265.3345,265.3345,331.6682,331.6682,6368.0288,0.01089532,1459.3399,1336.7936,5174.0234,5296.5697,0.00885245,0.00906212,0.00045397,155.0329,138.3952,1.7595,127.5647,14.6756,11239.8823,72.5000,180.5550,151.7125,58.09,129.7286,157.9904,321.5856,428.8828,778.3716,93.4046,0.0,3.306,6.0,1.195055,16,80,84,2,0.13407078,0.01134929,0.02064894,0E-8,0.000000,0.892683,0.000000,-0.01073951,2026-03-25,2026-08-03,52,452,218,132,0.393939,1.190113,1.164624,0.446903,,,,,,,,GLOBAL_BASELINE_NO_ENTITY_RANKING,,,NOT_APPLICABLE_GLOBAL_BASELINE,HF9g-P5,,,,X 全窗基线 · 不参与实体赏罚,14190738,1420,A168_HF9F_20260827_0900,2026-08-27 09:00:00
2026-05-13,70521282,1942,0,4460.8479061804,1426.1065850238,1426.1065850238,0.6923077,27,27,0.49771390000000000,0.497713900000,1.9844958314657168,1.9844958314657173,1.9844958314657168,0E-17,ELIGIBLE,R03b_20260811_FULL_v1,L1_ELIGIBILITY,v2026-08-11,2026-03-21..2026-08-06,baccarat_bet02_101_all_pairs_incl_sentinel,round_win = game_pnl > 0 (decisive only),COMPATIBILITY_ONLY_NOT_PRODUCTION,584473.8809,521750.0287,6633.3633,3770,3770,-0.01134929,-0.02064894,-0.00990944,-0.01134929,-6633.3633,584473.8809,OK,0.0000,265.3345,4.0000,96.0000,AG03-UNRESOLVED,ALL5_LEVELS_bet23_to_bet27,265.3345,265.3345,265.3345,331.6682,331.6682,4.000000,4.000000,4.000000,5.000000,5.000000,96.000000,96.000000,96.000000,95.000000,95.000000,5.0,1459.3399,1336.7936,5174.0234,5296.5697,PENDING_AG03,FALSE,NOT_FOR_ENFORCEMENT,6368.0288,500880.0275,6633.3633,6368.0288,265.3345,0.01134929,0.01089532,265.3345,6368.0288,0.01089532,265.3345,265.3345,265.3345,331.6682,331.6682,6368.0288,0.01089532,1459.3399,1336.7936,5174.0234,5296.5697,0.00885245,0.00906212,0.00045397,155.0329,138.3952,1.7595,127.5647,14.6756,11239.8823,72.5000,180.5550,151.7125,58.09,129.7286,157.9904,321.5856,428.8828,778.3716,93.4046,0.0,3.306,6.0,1.195055,16,80,84,2,0.13407078,0.01134929,0.02064894,0E-8,0.000000,0.892683,0.000000,-0.01073951,2026-03-25,2026-08-03,52,452,218,132,0.393939,1.190113,1.164624,0.446903,,,,,,,,GLOBAL_BASELINE_NO_ENTITY_RANKING,,,NOT_APPLICABLE_GLOBAL_BASELINE,HF9g-P5,,,,X 全窗基线 · 不参与实体赏罚,14190739,1420,A168_HF9F_20260827_0900,2026-08-27 09:00:00
2026-05-13,70521282,2106,0,4605.6250324321,-709.5765658246,-709.5765658246,0.5000000,24,24,0.50218230000000000,0.502182300000,-0.019519270508523926,-0.019519270508523926,-0.019519270508523926,0E-17,ELIGIBLE,R03b_20260811_FULL_v1,L1_ELIGIBILITY,v2026-08-11,2026-03-21..2026-08-06,baccarat_bet02_101_all_pairs_incl_sentinel,round_win = game_pnl > 0 (decisive only),COMPATIBILITY_ONLY_NOT_PRODUCTION,584473.8809,521750.0287,6633.3633,3770,3770,-0.01134929,-0.02064894,-0.00990944,-0.01134929,-6633.3633,584473.8809,OK,0.0000,265.3345,4.0000,96.0000,AG03-UNRESOLVED,ALL5_LEVELS_bet23_to_bet27,265.3345,265.3345,265.3345,331.6682,331.6682,4.000000,4.000000,4.000000,5.000000,5.000000,96.000000,96.000000,96.000000,95.000000,95.000000,5.0,1459.3399,1336.7936,5174.0234,5296.5697,PENDING_AG03,FALSE,NOT_FOR_ENFORCEMENT,6368.0288,500880.0275,6633.3633,6368.0288,265.3345,0.01134929,0.01089532,265.3345,6368.0288,0.01089532,265.3345,265.3345,265.3345,331.6682,331.6682,6368.0288,0.01089532,1459.3399,1336.7936,5174.0234,5296.5697,0.00885245,0.00906212,0.00045397,155.0329,138.3952,1.7595,127.5647,14.6756,11239.8823,72.5000,180.5550,151.7125,58.09,129.7286,157.9904,321.5856,428.8828,778.3716,93.4046,0.0,3.306,6.0,1.195055,16,80,84,2,0.13407078,0.01134929,0.02064894,0E-8,0.000000,0.892683,0.000000,-0.01073951,2026-03-25,2026-08-03,52,452,218,132,0.393939,1.190113,1.164624,0.446903,,,,,,,,GLOBAL_BASELINE_NO_ENTITY_RANKING,,,NOT_APPLICABLE_GLOBAL_BASELINE,HF9g-P5,,,,X 全窗基线 · 不参与实体赏罚,14190740,1420,A168_HF9F_20260827_0900,2026-08-27 09:00:00
2026-05-13,70521282,2108,0,1228.7893726325,183.9940843755,183.9940843755,0.6000000,13,13,0.50252602307692308,0.502526023077,0.6164874267502322,0.616487426749746,0.6164874267502322,-7.692E-14,ELIGIBLE,R03b_20260811_FULL_v1,L1_ELIGIBILITY,v2026-08-11,2026-03-21..2026-08-06,baccarat_bet02_101_all_pairs_incl_sentinel,round_win = game_pnl > 0 (decisive only),COMPATIBILITY_ONLY_NOT_PRODUCTION,584473.8809,521750.0287,6633.3633,3770,3770,-0.01134929,-0.02064894,-0.00990944,-0.01134929,-6633.3633,584473.8809,OK,0.0000,265.3345,4.0000,96.0000,AG03-UNRESOLVED,ALL5_LEVELS_bet23_to_bet27,265.3345,265.3345,265.3345,331.6682,331.6682,4.000000,4.000000,4.000000,5.000000,5.000000,96.000000,96.000000,96.000000,95.000000,95.000000,5.0,1459.3399,1336.7936,5174.0234,5296.5697,PENDING_AG03,FALSE,NOT_FOR_ENFORCEMENT,6368.0288,500880.0275,6633.3633,6368.0288,265.3345,0.01134929,0.01089532,265.3345,6368.0288,0.01089532,265.3345,265.3345,265.3345,331.6682,331.6682,6368.0288,0.01089532,1459.3399,1336.7936,5174.0234,5296.5697,0.00885245,0.00906212,0.00045397,155.0329,138.3952,1.7595,127.5647,14.6756,11239.8823,72.5000,180.5550,151.7125,58.09,129.7286,157.9904,321.5856,428.8828,778.3716,93.4046,0.0,3.306,6.0,1.195055,16,80,84,2,0.13407078,0.01134929,0.02064894,0E-8,0.000000,0.892683,0.000000,-0.01073951,2026-03-25,2026-08-03,52,452,218,132,0.393939,1.190113,1.164624,0.446903,,,,,,,,GLOBAL_BASELINE_NO_ENTITY_RANKING,,,NOT_APPLICABLE_GLOBAL_BASELINE,HF9g-P5,,,,X 全窗基线 · 不参与实体赏罚,14190741,1420,A168_HF9F_20260827_0900,2026-08-27 09:00:00
2026-05-13,70521282,2121,0,726.4802034145,726.4802034145,726.4802034145,1.0000000,2,2,0.49324550000000000,0.493245500000,1.4334489766152358,1.4334489766152358,1.4334489766152358,0E-17,ELIGIBLE,R03b_20260811_FULL_v1,L1_ELIGIBILITY,v2026-08-11,2026-03-21..2026-08-06,baccarat_bet02_101_all_pairs_incl_sentinel,round_win = game_pnl > 0 (decisive only),COMPATIBILITY_ONLY_NOT_PRODUCTION,584473.8809,521750.0287,6633.3633,3770,3770,-0.01134929,-0.02064894,-0.00990944,-0.01134929,-6633.3633,584473.8809,OK,0.0000,265.3345,4.0000,96.0000,AG03-UNRESOLVED,ALL5_LEVELS_bet23_to_bet27,265.3345,265.3345,265.3345,331.6682,331.6682,4.000000,4.000000,4.000000,5.000000,5.000000,96.000000,96.000000,96.000000,95.000000,95.000000,5.0,1459.3399,1336.7936,5174.0234,5296.5697,PENDING_AG03,FALSE,NOT_FOR_ENFORCEMENT,6368.0288,500880.0275,6633.3633,6368.0288,265.3345,0.01134929,0.01089532,265.3345,6368.0288,0.01089532,265.3345,265.3345,265.3345,331.6682,331.6682,6368.0288,0.01089532,1459.3399,1336.7936,5174.0234,5296.5697,0.00885245,0.00906212,0.00045397,155.0329,138.3952,1.7595,127.5647,14.6756,11239.8823,72.5000,180.5550,151.7125,58.09,129.7286,157.9904,321.5856,428.8828,778.3716,93.4046,0.0,3.306,6.0,1.195055,16,80,84,2,0.13407078,0.01134929,0.02064894,0E-8,0.000000,0.892683,0.000000,-0.01073951,2026-03-25,2026-08-03,52,452,218,132,0.393939,1.190113,1.164624,0.446903,,,,,,,,GLOBAL_BASELINE_NO_ENTITY_RANKING,,,NOT_APPLICABLE_GLOBAL_BASELINE,HF9g-P5,,,,X 全窗基线 · 不参与实体赏罚,14190742,1420,A168_HF9F_20260827_0900,2026-08-27 09:00:00
2026-05-13,70521282,2155,0,142.7014685278,135.5663951014,135.5663951014,1.0000000,1,1,0.50665070000000000,0.506650700000,0.9867858985152569,0.9867858985152569,0.9867858985152569,0E-17,ELIGIBLE,R03b_20260811_FULL_v1,L1_ELIGIBILITY,v2026-08-11,2026-03-21..2026-08-06,baccarat_bet02_101_all_pairs_incl_sentinel,round_win = game_pnl > 0 (decisive only),COMPATIBILITY_ONLY_NOT_PRODUCTION,584473.8809,521750.0287,6633.3633,3770,3770,-0.01134929,-0.02064894,-0.00990944,-0.01134929,-6633.3633,584473.8809,OK,0.0000,265.3345,4.0000,96.0000,AG03-UNRESOLVED,ALL5_LEVELS_bet23_to_bet27,265.3345,265.3345,265.3345,331.6682,331.6682,4.000000,4.000000,4.000000,5.000000,5.000000,96.000000,96.000000,96.000000,95.000000,95.000000,5.0,1459.3399,1336.7936,5174.0234,5296.5697,PENDING_AG03,FALSE,NOT_FOR_ENFORCEMENT,6368.0288,500880.0275,6633.3633,6368.0288,265.3345,0.01134929,0.01089532,265.3345,6368.0288,0.01089532,265.3345,265.3345,265.3345,331.6682,331.6682,6368.0288,0.01089532,1459.3399,1336.7936,5174.0234,5296.5697,0.00885245,0.00906212,0.00045397,155.0329,138.3952,1.7595,127.5647,14.6756,11239.8823,72.5000,180.5550,151.7125,58.09,129.7286,157.9904,321.5856,428.8828,778.3716,93.4046,0.0,3.306,6.0,1.195055,16,80,84,2,0.13407078,0.01134929,0.02064894,0E-8,0.000000,0.892683,0.000000,-0.01073951,2026-03-25,2026-08-03,52,452,218,132,0.393939,1.190113,1.164624,0.446903,,,,,,,,GLOBAL_BASELINE_NO_ENTITY_RANKING,,,NOT_APPLICABLE_GLOBAL_BASELINE,HF9g-P5,,,,X 全窗基线 · 不参与实体赏罚,14190743,1420,A168_HF9F_20260827_0900,2026-08-27 09:00:00
2026-05-13,70521282,2256,0,415.1315448083,-415.1315448083,-415.1315448083,0E-7,1,1,0.50665070000000000,0.506650700000,-1.013391052207602,-1.013391052207602,-1.013391052207602,0E-17,ELIGIBLE,R03b_20260811_FULL_v1,L1_ELIGIBILITY,v2026-08-11,2026-03-21..2026-08-06,baccarat_bet02_101_all_pairs_incl_sentinel,round_win = game_pnl > 0 (decisive only),COMPATIBILITY_ONLY_NOT_PRODUCTION,584473.8809,521750.0287,6633.3633,3770,3770,-0.01134929,-0.02064894,-0.00990944,-0.01134929,-6633.3633,584473.8809,OK,0.0000,265.3345,4.0000,96.0000,AG03-UNRESOLVED,ALL5_LEVELS_bet23_to_bet27,265.3345,265.3345,265.3345,331.6682,331.6682,4.000000,4.000000,4.000000,5.000000,5.000000,96.000000,96.000000,96.000000,95.000000,95.000000,5.0,1459.3399,1336.7936,5174.0234,5296.5697,PENDING_AG03,FALSE,NOT_FOR_ENFORCEMENT,6368.0288,500880.0275,6633.3633,6368.0288,265.3345,0.01134929,0.01089532,265.3345,6368.0288,0.01089532,265.3345,265.3345,265.3345,331.6682,331.6682,6368.0288,0.01089532,1459.3399,1336.7936,5174.0234,5296.5697,0.00885245,0.00906212,0.00045397,155.0329,138.3952,1.7595,127.5647,14.6756,11239.8823,72.5000,180.5550,151.7125,58.09,129.7286,157.9904,321.5856,428.8828,778.3716,93.4046,0.0,3.306,6.0,1.195055,16,80,84,2,0.13407078,0.01134929,0.02064894,0E-8,0.000000,0.892683,0.000000,-0.01073951,2026-03-25,2026-08-03,52,452,218,132,0.393939,1.190113,1.164624,0.446903,,,,,,,,GLOBAL_BASELINE_NO_ENTITY_RANKING,,,NOT_APPLICABLE_GLOBAL_BASELINE,HF9g-P5,,,,X 全窗基线 · 不参与实体赏罚,14190744,1420,A168_HF9F_20260827_0900,2026-08-27 09:00:00
2026-05-13,70521282,2261,0,51.8914431010,51.8914431010,51.8914431010,1.0000000,1,1,0.49324550000000000,0.493245500000,1.01360149184955,1.01360149184955,1.01360149184955,0E-17,ELIGIBLE,R03b_20260811_FULL_v1,L1_ELIGIBILITY,v2026-08-11,2026-03-21..2026-08-06,baccarat_bet02_101_all_pairs_incl_sentinel,round_win = game_pnl > 0 (decisive only),COMPATIBILITY_ONLY_NOT_PRODUCTION,584473.8809,521750.0287,6633.3633,3770,3770,-0.01134929,-0.02064894,-0.00990944,-0.01134929,-6633.3633,584473.8809,OK,0.0000,265.3345,4.0000,96.0000,AG03-UNRESOLVED,ALL5_LEVELS_bet23_to_bet27,265.3345,265.3345,265.3345,331.6682,331.6682,4.000000,4.000000,4.000000,5.000000,5.000000,96.000000,96.000000,96.000000,95.000000,95.000000,5.0,1459.3399,1336.7936,5174.0234,5296.5697,PENDING_AG03,FALSE,NOT_FOR_ENFORCEMENT,6368.0288,500880.0275,6633.3633,6368.0288,265.3345,0.01134929,0.01089532,265.3345,6368.0288,0.01089532,265.3345,265.3345,265.3345,331.6682,331.6682,6368.0288,0.01089532,1459.3399,1336.7936,5174.0234,5296.5697,0.00885245,0.00906212,0.00045397,155.0329,138.3952,1.7595,127.5647,14.6756,11239.8823,72.5000,180.5550,151.7125,58.09,129.7286,157.9904,321.5856,428.8828,778.3716,93.4046,0.0,3.306,6.0,1.195055,16,80,84,2,0.13407078,0.01134929,0.02064894,0E-8,0.000000,0.892683,0.000000,-0.01073951,2026-03-25,2026-08-03,52,452,218,132,0.393939,1.190113,1.164624,0.446903,,,,,,,,GLOBAL_BASELINE_NO_ENTITY_RANKING,,,NOT_APPLICABLE_GLOBAL_BASELINE,HF9g-P5,,,,X 全窗基线 · 不参与实体赏罚,14190745,1420,A168_HF9F_20260827_0900,2026-08-27 09:00:00
2026-05-13,70521282,2267,0,7152.4570598308,-219.1116184940,-219.1116184940,0.3846154,15,15,0.50039494000000000,0.500394940000,-0.8348985076302847,-0.8348985076302847,-0.8348985076302847,0E-17,ELIGIBLE,R03b_20260811_FULL_v1,L1_ELIGIBILITY,v2026-08-11,2026-03-21..2026-08-06,baccarat_bet02_101_all_pairs_incl_sentinel,round_win = game_pnl > 0 (decisive only),COMPATIBILITY_ONLY_NOT_PRODUCTION,584473.8809,521750.0287,6633.3633,3770,3770,-0.01134929,-0.02064894,-0.00990944,-0.01134929,-6633.3633,584473.8809,OK,0.0000,265.3345,4.0000,96.0000,AG03-UNRESOLVED,ALL5_LEVELS_bet23_to_bet27,265.3345,265.3345,265.3345,331.6682,331.6682,4.000000,4.000000,4.000000,5.000000,5.000000,96.000000,96.000000,96.000000,95.000000,95.000000,5.0,1459.3399,1336.7936,5174.0234,5296.5697,PENDING_AG03,FALSE,NOT_FOR_ENFORCEMENT,6368.0288,500880.0275,6633.3633,6368.0288,265.3345,0.01134929,0.01089532,265.3345,6368.0288,0.01089532,265.3345,265.3345,265.3345,331.6682,331.6682,6368.0288,0.01089532,1459.3399,1336.7936,5174.0234,5296.5697,0.00885245,0.00906212,0.00045397,155.0329,138.3952,1.7595,127.5647,14.6756,11239.8823,72.5000,180.5550,151.7125,58.09,129.7286,157.9904,321.5856,428.8828,778.3716,93.4046,0.0,3.306,6.0,1.195055,16,80,84,2,0.13407078,0.01134929,0.02064894,0E-8,0.000000,0.892683,0.000000,-0.01073951,2026-03-25,2026-08-03,52,452,218,132,0.393939,1.190113,1.164624,0.446903,,,,,,,,GLOBAL_BASELINE_NO_ENTITY_RANKING,,,NOT_APPLICABLE_GLOBAL_BASELINE,HF9g-P5,,,,X 全窗基线 · 不参与实体赏罚,14190746,1420,A168_HF9F_20260827_0900,2026-08-27 09:00:00
2026-05-13,70521282,526,0,1583.9863006591,-133.6204659853,-133.6204659853,0.5000000,7,7,0.49899058571428571,0.498990585714,0.004945109955477372,0.0049451099568770685,0.004945109955477372,2.8571E-13,ELIGIBLE,R03b_20260811_FULL_v1,L1_ELIGIBILITY,v2026-08-11,2026-03-21..2026-08-06,baccarat_bet02_101_all_pairs_incl_sentinel,round_win = game_pnl > 0 (decisive only),COMPATIBILITY_ONLY_NOT_PRODUCTION,584473.8809,521750.0287,6633.3633,3770,3770,-0.01134929,-0.02064894,-0.00990944,-0.01134929,-6633.3633,584473.8809,OK,0.0000,265.3345,4.0000,96.0000,AG03-UNRESOLVED,ALL5_LEVELS_bet23_to_bet27,265.3345,265.3345,265.3345,331.6682,331.6682,4.000000,4.000000,4.000000,5.000000,5.000000,96.000000,96.000000,96.000000,95.000000,95.000000,5.0,1459.3399,1336.7936,5174.0234,5296.5697,PENDING_AG03,FALSE,NOT_FOR_ENFORCEMENT,6368.0288,500880.0275,6633.3633,6368.0288,265.3345,0.01134929,0.01089532,265.3345,6368.0288,0.01089532,265.3345,265.3345,265.3345,331.6682,331.6682,6368.0288,0.01089532,1459.3399,1336.7936,5174.0234,5296.5697,0.00885245,0.00906212,0.00045397,155.0329,138.3952,1.7595,127.5647,14.6756,11239.8823,72.5000,180.5550,151.7125,58.09,129.7286,157.9904,321.5856,428.8828,778.3716,93.4046,0.0,3.306,6.0,1.195055,16,80,84,2,0.13407078,0.01134929,0.02064894,0E-8,0.000000,0.892683,0.000000,-0.01073951,2026-03-25,2026-08-03,52,452,218,132,0.393939,1.190113,1.164624,0.446903,,,,,,,,GLOBAL_BASELINE_NO_ENTITY_RANKING,,,NOT_APPLICABLE_GLOBAL_BASELINE,HF9g-P5,,,,X 全窗基线 · 不参与实体赏罚,14190747,1420,A168_HF9F_20260827_0900,2026-08-27 09:00:00
2026-05-13,70521282,529,0,3744.4865341706,519.1090239218,519.1090239218,0.5384615,13,13,0.49943251538461538,0.499432515385,0.281442469141069,0.2814424691382953,0.281442469141069,-3.8462E-13,ELIGIBLE,R03b_20260811_FULL_v1,L1_ELIGIBILITY,v2026-08-11,2026-03-21..2026-08-06,baccarat_bet02_101_all_pairs_incl_sentinel,round_win = game_pnl > 0 (decisive only),COMPATIBILITY_ONLY_NOT_PRODUCTION,584473.8809,521750.0287,6633.3633,3770,3770,-0.01134929,-0.02064894,-0.00990944,-0.01134929,-6633.3633,584473.8809,OK,0.0000,265.3345,4.0000,96.0000,AG03-UNRESOLVED,ALL5_LEVELS_bet23_to_bet27,265.3345,265.3345,265.3345,331.6682,331.6682,4.000000,4.000000,4.000000,5.000000,5.000000,96.000000,96.000000,96.000000,95.000000,95.000000,5.0,1459.3399,1336.7936,5174.0234,5296.5697,PENDING_AG03,FALSE,NOT_FOR_ENFORCEMENT,6368.0288,500880.0275,6633.3633,6368.0288,265.3345,0.01134929,0.01089532,265.3345,6368.0288,0.01089532,265.3345,265.3345,265.3345,331.6682,331.6682,6368.0288,0.01089532,1459.3399,1336.7936,5174.0234,5296.5697,0.00885245,0.00906212,0.00045397,155.0329,138.3952,1.7595,127.5647,14.6756,11239.8823,72.5000,180.5550,151.7125,58.09,129.7286,157.9904,321.5856,428.8828,778.3716,93.4046,0.0,3.306,6.0,1.195055,16,80,84,2,0.13407078,0.01134929,0.02064894,0E-8,0.000000,0.892683,0.000000,-0.01073951,2026-03-25,2026-08-03,52,452,218,132,0.393939,1.190113,1.164624,0.446903,,,,,,,,GLOBAL_BASELINE_NO_ENTITY_RANKING,,,NOT_APPLICABLE_GLOBAL_BASELINE,HF9g-P5,,,,X 全窗基线 · 不参与实体赏罚,14190748,1420,A168_HF9F_20260827_0900,2026-08-27 09:00:00
2026-05-13,70521282,752,0,155.6743293031,-155.6743293031,-155.6743293031,0E-7,1,1,0.49324550000000000,0.493245500000,-0.9865810262130424,-0.9865810262130424,-0.9865810262130424,0E-17,ELIGIBLE,R03b_20260811_FULL_v1,L1_ELIGIBILITY,v2026-08-11,2026-03-21..2026-08-06,baccarat_bet02_101_all_pairs_incl_sentinel,round_win = game_pnl > 0 (decisive only),COMPATIBILITY_ONLY_NOT_PRODUCTION,584473.8809,521750.0287,6633.3633,3770,3770,-0.01134929,-0.02064894,-0.00990944,-0.01134929,-6633.3633,584473.8809,OK,0.0000,265.3345,4.0000,96.0000,AG03-UNRESOLVED,ALL5_LEVELS_bet23_to_bet27,265.3345,265.3345,265.3345,331.6682,331.6682,4.000000,4.000000,4.000000,5.000000,5.000000,96.000000,96.000000,96.000000,95.000000,95.000000,5.0,1459.3399,1336.7936,5174.0234,5296.5697,PENDING_AG03,FALSE,NOT_FOR_ENFORCEMENT,6368.0288,500880.0275,6633.3633,6368.0288,265.3345,0.01134929,0.01089532,265.3345,6368.0288,0.01089532,265.3345,265.3345,265.3345,331.6682,331.6682,6368.0288,0.01089532,1459.3399,1336.7936,5174.0234,5296.5697,0.00885245,0.00906212,0.00045397,155.0329,138.3952,1.7595,127.5647,14.6756,11239.8823,72.5000,180.5550,151.7125,58.09,129.7286,157.9904,321.5856,428.8828,778.3716,93.4046,0.0,3.306,6.0,1.195055,16,80,84,2,0.13407078,0.01134929,0.02064894,0E-8,0.000000,0.892683,0.000000,-0.01073951,2026-03-25,2026-08-03,52,452,218,132,0.393939,1.190113,1.164624,0.446903,,,,,,,,GLOBAL_BASELINE_NO_ENTITY_RANKING,,,NOT_APPLICABLE_GLOBAL_BASELINE,HF9g-P5,,,,X 全窗基线 · 不参与实体赏罚,14190749,1420,A168_HF9F_20260827_0900,2026-08-27 09:00:00
2026-05-13,70521282,763,0,1096.9851071557,137.7717814334,137.7717814334,0.6250000,11,11,0.49812011818181818,0.498120118182,0.7177460716217712,0.7177460716207416,0.7177460716217712,-1.8182E-13,ELIGIBLE,R03b_20260811_FULL_v1,L1_ELIGIBILITY,v2026-08-11,2026-03-21..2026-08-06,baccarat_bet02_101_all_pairs_incl_sentinel,round_win = game_pnl > 0 (decisive only),COMPATIBILITY_ONLY_NOT_PRODUCTION,584473.8809,521750.0287,6633.3633,3770,3770,-0.01134929,-0.02064894,-0.00990944,-0.01134929,-6633.3633,584473.8809,OK,0.0000,265.3345,4.0000,96.0000,AG03-UNRESOLVED,ALL5_LEVELS_bet23_to_bet27,265.3345,265.3345,265.3345,331.6682,331.6682,4.000000,4.000000,4.000000,5.000000,5.000000,96.000000,96.000000,96.000000,95.000000,95.000000,5.0,1459.3399,1336.7936,5174.0234,5296.5697,PENDING_AG03,FALSE,NOT_FOR_ENFORCEMENT,6368.0288,500880.0275,6633.3633,6368.0288,265.3345,0.01134929,0.01089532,265.3345,6368.0288,0.01089532,265.3345,265.3345,265.3345,331.6682,331.6682,6368.0288,0.01089532,1459.3399,1336.7936,5174.0234,5296.5697,0.00885245,0.00906212,0.00045397,155.0329,138.3952,1.7595,127.5647,14.6756,11239.8823,72.5000,180.5550,151.7125,58.09,129.7286,157.9904,321.5856,428.8828,778.3716,93.4046,0.0,3.306,6.0,1.195055,16,80,84,2,0.13407078,0.01134929,0.02064894,0E-8,0.000000,0.892683,0.000000,-0.01073951,2026-03-25,2026-08-03,52,452,218,132,0.393939,1.190113,1.164624,0.446903,,,,,,,,GLOBAL_BASELINE_NO_ENTITY_RANKING,,,NOT_APPLICABLE_GLOBAL_BASELINE,HF9g-P5,,,,X 全窗基线 · 不参与实体赏罚,14190750,1420,A168_HF9F_20260827_0900,2026-08-27 09:00:00
2026-05-13,70521282,772,0,26.2051787660,26.2051787660,26.2051787660,1.0000000,1,1,0.49324550000000000,0.493245500000,1.01360149184955,1.01360149184955,1.01360149184955,0E-17,ELIGIBLE,R03b_20260811_FULL_v1,L1_ELIGIBILITY,v2026-08-11,2026-03-21..2026-08-06,baccarat_bet02_101_all_pairs_incl_sentinel,round_win = game_pnl > 0 (decisive only),COMPATIBILITY_ONLY_NOT_PRODUCTION,584473.8809,521750.0287,6633.3633,3770,3770,-0.01134929,-0.02064894,-0.00990944,-0.01134929,-6633.3633,584473.8809,OK,0.0000,265.3345,4.0000,96.0000,AG03-UNRESOLVED,ALL5_LEVELS_bet23_to_bet27,265.3345,265.3345,265.3345,331.6682,331.6682,4.000000,4.000000,4.000000,5.000000,5.000000,96.000000,96.000000,96.000000,95.000000,95.000000,5.0,1459.3399,1336.7936,5174.0234,5296.5697,PENDING_AG03,FALSE,NOT_FOR_ENFORCEMENT,6368.0288,500880.0275,6633.3633,6368.0288,265.3345,0.01134929,0.01089532,265.3345,6368.0288,0.01089532,265.3345,265.3345,265.3345,331.6682,331.6682,6368.0288,0.01089532,1459.3399,1336.7936,5174.0234,5296.5697,0.00885245,0.00906212,0.00045397,155.0329,138.3952,1.7595,127.5647,14.6756,11239.8823,72.5000,180.5550,151.7125,58.09,129.7286,157.9904,321.5856,428.8828,778.3716,93.4046,0.0,3.306,6.0,1.195055,16,80,84,2,0.13407078,0.01134929,0.02064894,0E-8,0.000000,0.892683,0.000000,-0.01073951,2026-03-25,2026-08-03,52,452,218,132,0.393939,1.190113,1.164624,0.446903,,,,,,,,GLOBAL_BASELINE_NO_ENTITY_RANKING,,,NOT_APPLICABLE_GLOBAL_BASELINE,HF9g-P5,,,,X 全窗基线 · 不参与实体赏罚,14190751,1420,A168_HF9F_20260827_0900,2026-08-27 09:00:00
2026-05-13,70521282,925,0,10265.4247314619,-859.3222977533,-859.3222977533,0.4000000,43,43,0.49667473720930233,0.496674737209,-1.2228764910196166,-1.222876491015797,-1.2228764910196166,3.0233E-13,ELIGIBLE,R03b_20260811_FULL_v1,L1_ELIGIBILITY,v2026-08-11,2026-03-21..2026-08-06,baccarat_bet02_101_all_pairs_incl_sentinel,round_win = game_pnl > 0 (decisive only),COMPATIBILITY_ONLY_NOT_PRODUCTION,584473.8809,521750.0287,6633.3633,3770,3770,-0.01134929,-0.02064894,-0.00990944,-0.01134929,-6633.3633,584473.8809,OK,0.0000,265.3345,4.0000,96.0000,AG03-UNRESOLVED,ALL5_LEVELS_bet23_to_bet27,265.3345,265.3345,265.3345,331.6682,331.6682,4.000000,4.000000,4.000000,5.000000,5.000000,96.000000,96.000000,96.000000,95.000000,95.000000,5.0,1459.3399,1336.7936,5174.0234,5296.5697,PENDING_AG03,FALSE,NOT_FOR_ENFORCEMENT,6368.0288,500880.0275,6633.3633,6368.0288,265.3345,0.01134929,0.01089532,265.3345,6368.0288,0.01089532,265.3345,265.3345,265.3345,331.6682,331.6682,6368.0288,0.01089532,1459.3399,1336.7936,5174.0234,5296.5697,0.00885245,0.00906212,0.00045397,155.0329,138.3952,1.7595,127.5647,14.6756,11239.8823,72.5000,180.5550,151.7125,58.09,129.7286,157.9904,321.5856,428.8828,778.3716,93.4046,0.0,3.306,6.0,1.195055,16,80,84,2,0.13407078,0.01134929,0.02064894,0E-8,0.000000,0.892683,0.000000,-0.01073951,2026-03-25,2026-08-03,52,452,218,132,0.393939,1.190113,1.164624,0.446903,,,,,,,,GLOBAL_BASELINE_NO_ENTITY_RANKING,,,NOT_APPLICABLE_GLOBAL_BASELINE,HF9g-P5,,,,X 全窗基线 · 不参与实体赏罚,14190752,1420,A168_HF9F_20260827_0900,2026-08-27 09:00:00
2026-05-13,70521282,987,0,2503.7621296250,609.7244564372,609.7244564372,0.6250000,16,16,0.49659680000000000,0.496596800000,1.0272493950085357,1.027249395008536,1.0272493950085357,0E-17,ELIGIBLE,R03b_20260811_FULL_v1,L1_ELIGIBILITY,v2026-08-11,2026-03-21..2026-08-06,baccarat_bet02_101_all_pairs_incl_sentinel,round_win = game_pnl > 0 (decisive only),COMPATIBILITY_ONLY_NOT_PRODUCTION,584473.8809,521750.0287,6633.3633,3770,3770,-0.01134929,-0.02064894,-0.00990944,-0.01134929,-6633.3633,584473.8809,OK,0.0000,265.3345,4.0000,96.0000,AG03-UNRESOLVED,ALL5_LEVELS_bet23_to_bet27,265.3345,265.3345,265.3345,331.6682,331.6682,4.000000,4.000000,4.000000,5.000000,5.000000,96.000000,96.000000,96.000000,95.000000,95.000000,5.0,1459.3399,1336.7936,5174.0234,5296.5697,PENDING_AG03,FALSE,NOT_FOR_ENFORCEMENT,6368.0288,500880.0275,6633.3633,6368.0288,265.3345,0.01134929,0.01089532,265.3345,6368.0288,0.01089532,265.3345,265.3345,265.3345,331.6682,331.6682,6368.0288,0.01089532,1459.3399,1336.7936,5174.0234,5296.5697,0.00885245,0.00906212,0.00045397,155.0329,138.3952,1.7595,127.5647,14.6756,11239.8823,72.5000,180.5550,151.7125,58.09,129.7286,157.9904,321.5856,428.8828,778.3716,93.4046,0.0,3.306,6.0,1.195055,16,80,84,2,0.13407078,0.01134929,0.02064894,0E-8,0.000000,0.892683,0.000000,-0.01073951,2026-03-25,2026-08-03,52,452,218,132,0.393939,1.190113,1.164624,0.446903,,,,,,,,GLOBAL_BASELINE_NO_ENTITY_RANKING,,,NOT_APPLICABLE_GLOBAL_BASELINE,HF9g-P5,,,,X 全窗基线 · 不参与实体赏罚,14190753,1420,A168_HF9F_20260827_0900,2026-08-27 09:00:00
2026-05-14,70521282,1323,0,134.6582948472,-45.6125784858,-45.6125784858,0.5000000,2,2,0.50665070000000000,0.506650700000,-0.018812684590367487,-0.018812684590367487,-0.018812684590367487,0E-17,ELIGIBLE,R03b_20260811_FULL_v1,L1_ELIGIBILITY,v2026-08-11,2026-03-21..2026-08-06,baccarat_bet02_101_all_pairs_incl_sentinel,round_win = game_pnl > 0 (decisive only),COMPATIBILITY_ONLY_NOT_PRODUCTION,584473.8809,521750.0287,6633.3633,3770,3770,-0.01134929,-0.02064894,-0.00990944,-0.01134929,-6633.3633,584473.8809,OK,0.0000,265.3345,4.0000,96.0000,AG03-UNRESOLVED,ALL5_LEVELS_bet23_to_bet27,265.3345,265.3345,265.3345,331.6682,331.6682,4.000000,4.000000,4.000000,5.000000,5.000000,96.000000,96.000000,96.000000,95.000000,95.000000,5.0,1459.3399,1336.7936,5174.0234,5296.5697,PENDING_AG03,FALSE,NOT_FOR_ENFORCEMENT,6368.0288,500880.0275,6633.3633,6368.0288,265.3345,0.01134929,0.01089532,265.3345,6368.0288,0.01089532,265.3345,265.3345,265.3345,331.6682,331.6682,6368.0288,0.01089532,1459.3399,1336.7936,5174.0234,5296.5697,0.00885245,0.00906212,0.00045397,155.0329,138.3952,1.7595,127.5647,14.6756,11239.8823,72.5000,180.5550,151.7125,58.09,129.7286,157.9904,321.5856,428.8828,778.3716,93.4046,0.0,3.306,6.0,1.195055,16,80,84,2,0.13407078,0.01134929,0.02064894,0E-8,0.000000,0.892683,0.000000,-0.01073951,2026-03-25,2026-08-03,52,452,218,132,0.393939,1.190113,1.164624,0.446903,,,,,,,,GLOBAL_BASELINE_NO_ENTITY_RANKING,,,NOT_APPLICABLE_GLOBAL_BASELINE,HF9g-P5,,,,X 全窗基线 · 不参与实体赏罚,14190754,1420,A168_HF9F_20260827_0900,2026-08-27 09:00:00
2026-05-14,70521282,1623,0,1026.1532873230,251.6734990400,251.6734990400,0.6250000,9,9,0.49920336666666667,0.499203366667,0.7116141230598275,0.7116141230579411,0.7116141230598275,-3.3333E-13,ELIGIBLE,R03b_20260811_FULL_v1,L1_ELIGIBILITY,v2026-08-11,2026-03-21..2026-08-06,baccarat_bet02_101_all_pairs_incl_sentinel,round_win = game_pnl > 0 (decisive only),COMPATIBILITY_ONLY_NOT_PRODUCTION,584473.8809,521750.0287,6633.3633,3770,3770,-0.01134929,-0.02064894,-0.00990944,-0.01134929,-6633.3633,584473.8809,OK,0.0000,265.3345,4.0000,96.0000,AG03-UNRESOLVED,ALL5_LEVELS_bet23_to_bet27,265.3345,265.3345,265.3345,331.6682,331.6682,4.000000,4.000000,4.000000,5.000000,5.000000,96.000000,96.000000,96.000000,95.000000,95.000000,5.0,1459.3399,1336.7936,5174.0234,5296.5697,PENDING_AG03,FALSE,NOT_FOR_ENFORCEMENT,6368.0288,500880.0275,6633.3633,6368.0288,265.3345,0.01134929,0.01089532,265.3345,6368.0288,0.01089532,265.3345,265.3345,265.3345,331.6682,331.6682,6368.0288,0.01089532,1459.3399,1336.7936,5174.0234,5296.5697,0.00885245,0.00906212,0.00045397,155.0329,138.3952,1.7595,127.5647,14.6756,11239.8823,72.5000,180.5550,151.7125,58.09,129.7286,157.9904,321.5856,428.8828,778.3716,93.4046,0.0,3.306,6.0,1.195055,16,80,84,2,0.13407078,0.01134929,0.02064894,0E-8,0.000000,0.892683,0.000000,-0.01073951,2026-03-25,2026-08-03,52,452,218,132,0.393939,1.190113,1.164624,0.446903,,,,,,,,GLOBAL_BASELINE_NO_ENTITY_RANKING,,,NOT_APPLICABLE_GLOBAL_BASELINE,HF9g-P5,,,,X 全窗基线 · 不参与实体赏罚,14190755,1420,A168_HF9F_20260827_0900,2026-08-27 09:00:00
2026-05-14,70521282,1645,0,6933.9940843751,830.2630896165,830.2630896165,0.6000000,18,18,0.49771390000000000,0.497713900000,0.792313005397071,0.792313005397071,0.792313005397071,0E-17,ELIGIBLE,R03b_20260811_FULL_v1,L1_ELIGIBILITY,v2026-08-11,2026-03-21..2026-08-06,baccarat_bet02_101_all_pairs_incl_sentinel,round_win = game_pnl > 0 (decisive only),COMPATIBILITY_ONLY_NOT_PRODUCTION,584473.8809,521750.0287,6633.3633,3770,3770,-0.01134929,-0.02064894,-0.00990944,-0.01134929,-6633.3633,584473.8809,OK,0.0000,265.3345,4.0000,96.0000,AG03-UNRESOLVED,ALL5_LEVELS_bet23_to_bet27,265.3345,265.3345,265.3345,331.6682,331.6682,4.000000,4.000000,4.000000,5.000000,5.000000,96.000000,96.000000,96.000000,95.000000,95.000000,5.0,1459.3399,1336.7936,5174.0234,5296.5697,PENDING_AG03,FALSE,NOT_FOR_ENFORCEMENT,6368.0288,500880.0275,6633.3633,6368.0288,265.3345,0.01134929,0.01089532,265.3345,6368.0288,0.01089532,265.3345,265.3345,265.3345,331.6682,331.6682,6368.0288,0.01089532,1459.3399,1336.7936,5174.0234,5296.5697,0.00885245,0.00906212,0.00045397,155.0329,138.3952,1.7595,127.5647,14.6756,11239.8823,72.5000,180.5550,151.7125,58.09,129.7286,157.9904,321.5856,428.8828,778.3716,93.4046,0.0,3.306,6.0,1.195055,16,80,84,2,0.13407078,0.01134929,0.02064894,0E-8,0.000000,0.892683,0.000000,-0.01073951,2026-03-25,2026-08-03,52,452,218,132,0.393939,1.190113,1.164624,0.446903,,,,,,,,GLOBAL_BASELINE_NO_ENTITY_RANKING,,,NOT_APPLICABLE_GLOBAL_BASELINE,HF9g-P5,,,,X 全窗基线 · 不参与实体赏罚,14190756,1420,A168_HF9F_20260827_0900,2026-08-27 09:00:00
2026-05-14,70521282,1702,0,3671.5790566135,-25.7251829175,-25.7251829175,0.5833333,13,13,0.50046368461538462,0.500463684615,0.5741380148228185,0.5741380148254828,0.5741380148228185,3.8462E-13,ELIGIBLE,R03b_20260811_FULL_v1,L1_ELIGIBILITY,v2026-08-11,2026-03-21..2026-08-06,baccarat_bet02_101_all_pairs_incl_sentinel,round_win = game_pnl > 0 (decisive only),COMPATIBILITY_ONLY_NOT_PRODUCTION,584473.8809,521750.0287,6633.3633,3770,3770,-0.01134929,-0.02064894,-0.00990944,-0.01134929,-6633.3633,584473.8809,OK,0.0000,265.3345,4.0000,96.0000,AG03-UNRESOLVED,ALL5_LEVELS_bet23_to_bet27,265.3345,265.3345,265.3345,331.6682,331.6682,4.000000,4.000000,4.000000,5.000000,5.000000,96.000000,96.000000,96.000000,95.000000,95.000000,5.0,1459.3399,1336.7936,5174.0234,5296.5697,PENDING_AG03,FALSE,NOT_FOR_ENFORCEMENT,6368.0288,500880.0275,6633.3633,6368.0288,265.3345,0.01134929,0.01089532,265.3345,6368.0288,0.01089532,265.3345,265.3345,265.3345,331.6682,331.6682,6368.0288,0.01089532,1459.3399,1336.7936,5174.0234,5296.5697,0.00885245,0.00906212,0.00045397,155.0329,138.3952,1.7595,127.5647,14.6756,11239.8823,72.5000,180.5550,151.7125,58.09,129.7286,157.9904,321.5856,428.8828,778.3716,93.4046,0.0,3.306,6.0,1.195055,16,80,84,2,0.13407078,0.01134929,0.02064894,0E-8,0.000000,0.892683,0.000000,-0.01073951,2026-03-25,2026-08-03,52,452,218,132,0.393939,1.190113,1.164624,0.446903,,,,,,,,GLOBAL_BASELINE_NO_ENTITY_RANKING,,,NOT_APPLICABLE_GLOBAL_BASELINE,HF9g-P5,,,,X 全窗基线 · 不参与实体赏罚,14190757,1420,A168_HF9F_20260827_0900,2026-08-27 09:00:00
2026-05-14,70521282,1940,0,2756.7329147423,304.5379066992,304.5379066992,0.5000000,5,5,0.50128862000000000,0.501288620000,-0.0051544971185412255,-0.0051544971185412255,-0.0051544971185412255,0E-17,ELIGIBLE,R03b_20260811_FULL_v1,L1_ELIGIBILITY,v2026-08-11,2026-03-21..2026-08-06,baccarat_bet02_101_all_pairs_incl_sentinel,round_win = game_pnl > 0 (decisive only),COMPATIBILITY_ONLY_NOT_PRODUCTION,584473.8809,521750.0287,6633.3633,3770,3770,-0.01134929,-0.02064894,-0.00990944,-0.01134929,-6633.3633,584473.8809,OK,0.0000,265.3345,4.0000,96.0000,AG03-UNRESOLVED,ALL5_LEVELS_bet23_to_bet27,265.3345,265.3345,265.3345,331.6682,331.6682,4.000000,4.000000,4.000000,5.000000,5.000000,96.000000,96.000000,96.000000,95.000000,95.000000,5.0,1459.3399,1336.7936,5174.0234,5296.5697,PENDING_AG03,FALSE,NOT_FOR_ENFORCEMENT,6368.0288,500880.0275,6633.3633,6368.0288,265.3345,0.01134929,0.01089532,265.3345,6368.0288,0.01089532,265.3345,265.3345,265.3345,331.6682,331.6682,6368.0288,0.01089532,1459.3399,1336.7936,5174.0234,5296.5697,0.00885245,0.00906212,0.00045397,155.0329,138.3952,1.7595,127.5647,14.6756,11239.8823,72.5000,180.5550,151.7125,58.09,129.7286,157.9904,321.5856,428.8828,778.3716,93.4046,0.0,3.306,6.0,1.195055,16,80,84,2,0.13407078,0.01134929,0.02064894,0E-8,0.000000,0.892683,0.000000,-0.01073951,2026-03-25,2026-08-03,52,452,218,132,0.393939,1.190113,1.164624,0.446903,,,,,,,,GLOBAL_BASELINE_NO_ENTITY_RANKING,,,NOT_APPLICABLE_GLOBAL_BASELINE,HF9g-P5,,,,X 全窗基线 · 不参与实体赏罚,14190758,1420,A168_HF9F_20260827_0900,2026-08-27 09:00:00
2026-05-14,70521282,1947,0,2391.4171553111,126.4853925589,126.4853925589,0.5000000,11,11,0.50055742727272727,0.500557427273,-0.003525481814340578,-0.0035254818160654774,-0.003525481814340578,-2.7273E-13,ELIGIBLE,R03b_20260811_FULL_v1,L1_ELIGIBILITY,v2026-08-11,2026-03-21..2026-08-06,baccarat_bet02_101_all_pairs_incl_sentinel,round_win = game_pnl > 0 (decisive only),COMPATIBILITY_ONLY_NOT_PRODUCTION,584473.8809,521750.0287,6633.3633,3770,3770,-0.01134929,-0.02064894,-0.00990944,-0.01134929,-6633.3633,584473.8809,OK,0.0000,265.3345,4.0000,96.0000,AG03-UNRESOLVED,ALL5_LEVELS_bet23_to_bet27,265.3345,265.3345,265.3345,331.6682,331.6682,4.000000,4.000000,4.000000,5.000000,5.000000,96.000000,96.000000,96.000000,95.000000,95.000000,5.0,1459.3399,1336.7936,5174.0234,5296.5697,PENDING_AG03,FALSE,NOT_FOR_ENFORCEMENT,6368.0288,500880.0275,6633.3633,6368.0288,265.3345,0.01134929,0.01089532,265.3345,6368.0288,0.01089532,265.3345,265.3345,265.3345,331.6682,331.6682,6368.0288,0.01089532,1459.3399,1336.7936,5174.0234,5296.5697,0.00885245,0.00906212,0.00045397,155.0329,138.3952,1.7595,127.5647,14.6756,11239.8823,72.5000,180.5550,151.7125,58.09,129.7286,157.9904,321.5856,428.8828,778.3716,93.4046,0.0,3.306,6.0,1.195055,16,80,84,2,0.13407078,0.01134929,0.02064894,0E-8,0.000000,0.892683,0.000000,-0.01073951,2026-03-25,2026-08-03,52,452,218,132,0.393939,1.190113,1.164624,0.446903,,,,,,,,GLOBAL_BASELINE_NO_ENTITY_RANKING,,,NOT_APPLICABLE_GLOBAL_BASELINE,HF9g-P5,,,,X 全窗基线 · 不参与实体赏罚,14190759,1420,A168_HF9F_20260827_0900,2026-08-27 09:00:00
2026-05-14,70521282,1951,0,7.7837164652,-7.7837164652,-7.7837164652,0E-7,1,1,0.50665070000000000,0.506650700000,-1.013391052207602,-1.013391052207602,-1.013391052207602,0E-17,ELIGIBLE,R03b_20260811_FULL_v1,L1_ELIGIBILITY,v2026-08-11,2026-03-21..2026-08-06,baccarat_bet02_101_all_pairs_incl_sentinel,round_win = game_pnl > 0 (decisive only),COMPATIBILITY_ONLY_NOT_PRODUCTION,584473.8809,521750.0287,6633.3633,3770,3770,-0.01134929,-0.02064894,-0.00990944,-0.01134929,-6633.3633,584473.8809,OK,0.0000,265.3345,4.0000,96.0000,AG03-UNRESOLVED,ALL5_LEVELS_bet23_to_bet27,265.3345,265.3345,265.3345,331.6682,331.6682,4.000000,4.000000,4.000000,5.000000,5.000000,96.000000,96.000000,96.000000,95.000000,95.000000,5.0,1459.3399,1336.7936,5174.0234,5296.5697,PENDING_AG03,FALSE,NOT_FOR_ENFORCEMENT,6368.0288,500880.0275,6633.3633,6368.0288,265.3345,0.01134929,0.01089532,265.3345,6368.0288,0.01089532,265.3345,265.3345,265.3345,331.6682,331.6682,6368.0288,0.01089532,1459.3399,1336.7936,5174.0234,5296.5697,0.00885245,0.00906212,0.00045397,155.0329,138.3952,1.7595,127.5647,14.6756,11239.8823,72.5000,180.5550,151.7125,58.09,129.7286,157.9904,321.5856,428.8828,778.3716,93.4046,0.0,3.306,6.0,1.195055,16,80,84,2,0.13407078,0.01134929,0.02064894,0E-8,0.000000,0.892683,0.000000,-0.01073951,2026-03-25,2026-08-03,52,452,218,132,0.393939,1.190113,1.164624,0.446903,,,,,,,,GLOBAL_BASELINE_NO_ENTITY_RANKING,,,NOT_APPLICABLE_GLOBAL_BASELINE,HF9g-P5,,,,X 全窗基线 · 不参与实体赏罚,14190760,1420,A168_HF9F_20260827_0900,2026-08-27 09:00:00
2026-05-14,70521282,2155,0,974.0023870063,-262.4280006227,-262.4280006227,0.3333333,12,12,0.50329940000000000,0.503299400000,-1.0198186038146762,-1.0198186038146762,-1.0198186038146762,0E-17,ELIGIBLE,R03b_20260811_FULL_v1,L1_ELIGIBILITY,v2026-08-11,2026-03-21..2026-08-06,baccarat_bet02_101_all_pairs_incl_sentinel,round_win = game_pnl > 0 (decisive only),COMPATIBILITY_ONLY_NOT_PRODUCTION,584473.8809,521750.0287,6633.3633,3770,3770,-0.01134929,-0.02064894,-0.00990944,-0.01134929,-6633.3633,584473.8809,OK,0.0000,265.3345,4.0000,96.0000,AG03-UNRESOLVED,ALL5_LEVELS_bet23_to_bet27,265.3345,265.3345,265.3345,331.6682,331.6682,4.000000,4.000000,4.000000,5.000000,5.000000,96.000000,96.000000,96.000000,95.000000,95.000000,5.0,1459.3399,1336.7936,5174.0234,5296.5697,PENDING_AG03,FALSE,NOT_FOR_ENFORCEMENT,6368.0288,500880.0275,6633.3633,6368.0288,265.3345,0.01134929,0.01089532,265.3345,6368.0288,0.01089532,265.3345,265.3345,265.3345,331.6682,331.6682,6368.0288,0.01089532,1459.3399,1336.7936,5174.0234,5296.5697,0.00885245,0.00906212,0.00045397,155.0329,138.3952,1.7595,127.5647,14.6756,11239.8823,72.5000,180.5550,151.7125,58.09,129.7286,157.9904,321.5856,428.8828,778.3716,93.4046,0.0,3.306,6.0,1.195055,16,80,84,2,0.13407078,0.01134929,0.02064894,0E-8,0.000000,0.892683,0.000000,-0.01073951,2026-03-25,2026-08-03,52,452,218,132,0.393939,1.190113,1.164624,0.446903,,,,,,,,GLOBAL_BASELINE_NO_ENTITY_RANKING,,,NOT_APPLICABLE_GLOBAL_BASELINE,HF9g-P5,,,,X 全窗基线 · 不参与实体赏罚,14190761,1420,A168_HF9F_20260827_0900,2026-08-27 09:00:00
2026-05-14,70521282,462,0,101.1883140471,-23.8700638265,-23.8700638265,0.5000000,3,3,0.49324550000000000,0.493245500000,0.01910635448239258,0.01910635448239258,0.01910635448239258,0E-17,ELIGIBLE,R03b_20260811_FULL_v1,L1_ELIGIBILITY,v2026-08-11,2026-03-21..2026-08-06,baccarat_bet02_101_all_pairs_incl_sentinel,round_win = game_pnl > 0 (decisive only),COMPATIBILITY_ONLY_NOT_PRODUCTION,584473.8809,521750.0287,6633.3633,3770,3770,-0.01134929,-0.02064894,-0.00990944,-0.01134929,-6633.3633,584473.8809,OK,0.0000,265.3345,4.0000,96.0000,AG03-UNRESOLVED,ALL5_LEVELS_bet23_to_bet27,265.3345,265.3345,265.3345,331.6682,331.6682,4.000000,4.000000,4.000000,5.000000,5.000000,96.000000,96.000000,96.000000,95.000000,95.000000,5.0,1459.3399,1336.7936,5174.0234,5296.5697,PENDING_AG03,FALSE,NOT_FOR_ENFORCEMENT,6368.0288,500880.0275,6633.3633,6368.0288,265.3345,0.01134929,0.01089532,265.3345,6368.0288,0.01089532,265.3345,265.3345,265.3345,331.6682,331.6682,6368.0288,0.01089532,1459.3399,1336.7936,5174.0234,5296.5697,0.00885245,0.00906212,0.00045397,155.0329,138.3952,1.7595,127.5647,14.6756,11239.8823,72.5000,180.5550,151.7125,58.09,129.7286,157.9904,321.5856,428.8828,778.3716,93.4046,0.0,3.306,6.0,1.195055,16,80,84,2,0.13407078,0.01134929,0.02064894,0E-8,0.000000,0.892683,0.000000,-0.01073951,2026-03-25,2026-08-03,52,452,218,132,0.393939,1.190113,1.164624,0.446903,,,,,,,,GLOBAL_BASELINE_NO_ENTITY_RANKING,,,NOT_APPLICABLE_GLOBAL_BASELINE,HF9g-P5,,,,X 全窗基线 · 不参与实体赏罚,14190762,1420,A168_HF9F_20260827_0900,2026-08-27 09:00:00
2026-05-14,70521282,471,0,11.9350319132,11.9350319132,11.9350319132,1.0000000,1,1,0.49324550000000000,0.493245500000,1.01360149184955,1.01360149184955,1.01360149184955,0E-17,ELIGIBLE,R03b_20260811_FULL_v1,L1_ELIGIBILITY,v2026-08-11,2026-03-21..2026-08-06,baccarat_bet02_101_all_pairs_incl_sentinel,round_win = game_pnl > 0 (decisive only),COMPATIBILITY_ONLY_NOT_PRODUCTION,584473.8809,521750.0287,6633.3633,3770,3770,-0.01134929,-0.02064894,-0.00990944,-0.01134929,-6633.3633,584473.8809,OK,0.0000,265.3345,4.0000,96.0000,AG03-UNRESOLVED,ALL5_LEVELS_bet23_to_bet27,265.3345,265.3345,265.3345,331.6682,331.6682,4.000000,4.000000,4.000000,5.000000,5.000000,96.000000,96.000000,96.000000,95.000000,95.000000,5.0,1459.3399,1336.7936,5174.0234,5296.5697,PENDING_AG03,FALSE,NOT_FOR_ENFORCEMENT,6368.0288,500880.0275,6633.3633,6368.0288,265.3345,0.01134929,0.01089532,265.3345,6368.0288,0.01089532,265.3345,265.3345,265.3345,331.6682,331.6682,6368.0288,0.01089532,1459.3399,1336.7936,5174.0234,5296.5697,0.00885245,0.00906212,0.00045397,155.0329,138.3952,1.7595,127.5647,14.6756,11239.8823,72.5000,180.5550,151.7125,58.09,129.7286,157.9904,321.5856,428.8828,778.3716,93.4046,0.0,3.306,6.0,1.195055,16,80,84,2,0.13407078,0.01134929,0.02064894,0E-8,0.000000,0.892683,0.000000,-0.01073951,2026-03-25,2026-08-03,52,452,218,132,0.393939,1.190113,1.164624,0.446903,,,,,,,,GLOBAL_BASELINE_NO_ENTITY_RANKING,,,NOT_APPLICABLE_GLOBAL_BASELINE,HF9g-P5,,,,X 全窗基线 · 不参与实体赏罚,14190763,1420,A168_HF9F_20260827_0900,2026-08-27 09:00:00
2026-05-14,70521282,583,0,1564.7864667118,-520.4711743034,-520.4711743034,0.4000000,10,10,0.49592654000000000,0.495926540000,-0.6067128437177035,-0.6067128437177035,-0.6067128437177035,0E-17,ELIGIBLE,R03b_20260811_FULL_v1,L1_ELIGIBILITY,v2026-08-11,2026-03-21..2026-08-06,baccarat_bet02_101_all_pairs_incl_sentinel,round_win = game_pnl > 0 (decisive only),COMPATIBILITY_ONLY_NOT_PRODUCTION,584473.8809,521750.0287,6633.3633,3770,3770,-0.01134929,-0.02064894,-0.00990944,-0.01134929,-6633.3633,584473.8809,OK,0.0000,265.3345,4.0000,96.0000,AG03-UNRESOLVED,ALL5_LEVELS_bet23_to_bet27,265.3345,265.3345,265.3345,331.6682,331.6682,4.000000,4.000000,4.000000,5.000000,5.000000,96.000000,96.000000,96.000000,95.000000,95.000000,5.0,1459.3399,1336.7936,5174.0234,5296.5697,PENDING_AG03,FALSE,NOT_FOR_ENFORCEMENT,6368.0288,500880.0275,6633.3633,6368.0288,265.3345,0.01134929,0.01089532,265.3345,6368.0288,0.01089532,265.3345,265.3345,265.3345,331.6682,331.6682,6368.0288,0.01089532,1459.3399,1336.7936,5174.0234,5296.5697,0.00885245,0.00906212,0.00045397,155.0329,138.3952,1.7595,127.5647,14.6756,11239.8823,72.5000,180.5550,151.7125,58.09,129.7286,157.9904,321.5856,428.8828,778.3716,93.4046,0.0,3.306,6.0,1.195055,16,80,84,2,0.13407078,0.01134929,0.02064894,0E-8,0.000000,0.892683,0.000000,-0.01073951,2026-03-25,2026-08-03,52,452,218,132,0.393939,1.190113,1.164624,0.446903,,,,,,,,GLOBAL_BASELINE_NO_ENTITY_RANKING,,,NOT_APPLICABLE_GLOBAL_BASELINE,HF9g-P5,,,,X 全窗基线 · 不参与实体赏罚,14190764,1420,A168_HF9F_20260827_0900,2026-08-27 09:00:00
2026-05-14,70521282,752,0,1137.7198899904,502.8799750920,502.8799750920,0.6923077,14,14,0.49707555714285714,0.497075557143,1.4078630292360903,1.4078630292350576,1.4078630292360903,-1.4286E-13,ELIGIBLE,R03b_20260811_FULL_v1,L1_ELIGIBILITY,v2026-08-11,2026-03-21..2026-08-06,baccarat_bet02_101_all_pairs_incl_sentinel,round_win = game_pnl > 0 (decisive only),COMPATIBILITY_ONLY_NOT_PRODUCTION,584473.8809,521750.0287,6633.3633,3770,3770,-0.01134929,-0.02064894,-0.00990944,-0.01134929,-6633.3633,584473.8809,OK,0.0000,265.3345,4.0000,96.0000,AG03-UNRESOLVED,ALL5_LEVELS_bet23_to_bet27,265.3345,265.3345,265.3345,331.6682,331.6682,4.000000,4.000000,4.000000,5.000000,5.000000,96.000000,96.000000,96.000000,95.000000,95.000000,5.0,1459.3399,1336.7936,5174.0234,5296.5697,PENDING_AG03,FALSE,NOT_FOR_ENFORCEMENT,6368.0288,500880.0275,6633.3633,6368.0288,265.3345,0.01134929,0.01089532,265.3345,6368.0288,0.01089532,265.3345,265.3345,265.3345,331.6682,331.6682,6368.0288,0.01089532,1459.3399,1336.7936,5174.0234,5296.5697,0.00885245,0.00906212,0.00045397,155.0329,138.3952,1.7595,127.5647,14.6756,11239.8823,72.5000,180.5550,151.7125,58.09,129.7286,157.9904,321.5856,428.8828,778.3716,93.4046,0.0,3.306,6.0,1.195055,16,80,84,2,0.13407078,0.01134929,0.02064894,0E-8,0.000000,0.892683,0.000000,-0.01073951,2026-03-25,2026-08-03,52,452,218,132,0.393939,1.190113,1.164624,0.446903,,,,,,,,GLOBAL_BASELINE_NO_ENTITY_RANKING,,,NOT_APPLICABLE_GLOBAL_BASELINE,HF9g-P5,,,,X 全窗基线 · 不参与实体赏罚,14190765,1420,A168_HF9F_20260827_0900,2026-08-27 09:00:00
2026-05-14,70521282,919,0,1396.6581910643,-391.2614809818,-391.2614809818,0.3333333,10,10,0.49860758000000000,0.498607580000,-0.9916493252932331,-0.9916493252932332,-0.9916493252932331,0E-17,ELIGIBLE,R03b_20260811_FULL_v1,L1_ELIGIBILITY,v2026-08-11,2026-03-21..2026-08-06,baccarat_bet02_101_all_pairs_incl_sentinel,round_win = game_pnl > 0 (decisive only),COMPATIBILITY_ONLY_NOT_PRODUCTION,584473.8809,521750.0287,6633.3633,3770,3770,-0.01134929,-0.02064894,-0.00990944,-0.01134929,-6633.3633,584473.8809,OK,0.0000,265.3345,4.0000,96.0000,AG03-UNRESOLVED,ALL5_LEVELS_bet23_to_bet27,265.3345,265.3345,265.3345,331.6682,331.6682,4.000000,4.000000,4.000000,5.000000,5.000000,96.000000,96.000000,96.000000,95.000000,95.000000,5.0,1459.3399,1336.7936,5174.0234,5296.5697,PENDING_AG03,FALSE,NOT_FOR_ENFORCEMENT,6368.0288,500880.0275,6633.3633,6368.0288,265.3345,0.01134929,0.01089532,265.3345,6368.0288,0.01089532,265.3345,265.3345,265.3345,331.6682,331.6682,6368.0288,0.01089532,1459.3399,1336.7936,5174.0234,5296.5697,0.00885245,0.00906212,0.00045397,155.0329,138.3952,1.7595,127.5647,14.6756,11239.8823,72.5000,180.5550,151.7125,58.09,129.7286,157.9904,321.5856,428.8828,778.3716,93.4046,0.0,3.306,6.0,1.195055,16,80,84,2,0.13407078,0.01134929,0.02064894,0E-8,0.000000,0.892683,0.000000,-0.01073951,2026-03-25,2026-08-03,52,452,218,132,0.393939,1.190113,1.164624,0.446903,,,,,,,,GLOBAL_BASELINE_NO_ENTITY_RANKING,,,NOT_APPLICABLE_GLOBAL_BASELINE,HF9g-P5,,,,X 全窗基线 · 不参与实体赏罚,14190766,1420,A168_HF9F_20260827_0900,2026-08-27 09:00:00
2026-05-15,70521282,1299,0,108.4531160811,-38.3996678947,-38.3996678947,0.5000000,4,4,0.49324550000000000,0.493245500000,0.027020465636507562,0.027020465636507562,0.027020465636507562,0E-17,ELIGIBLE,R03b_20260811_FULL_v1,L1_ELIGIBILITY,v2026-08-11,2026-03-21..2026-08-06,baccarat_bet02_101_all_pairs_incl_sentinel,round_win = game_pnl > 0 (decisive only),COMPATIBILITY_ONLY_NOT_PRODUCTION,584473.8809,521750.0287,6633.3633,3770,3770,-0.01134929,-0.02064894,-0.00990944,-0.01134929,-6633.3633,584473.8809,OK,0.0000,265.3345,4.0000,96.0000,AG03-UNRESOLVED,ALL5_LEVELS_bet23_to_bet27,265.3345,265.3345,265.3345,331.6682,331.6682,4.000000,4.000000,4.000000,5.000000,5.000000,96.000000,96.000000,96.000000,95.000000,95.000000,5.0,1459.3399,1336.7936,5174.0234,5296.5697,PENDING_AG03,FALSE,NOT_FOR_ENFORCEMENT,6368.0288,500880.0275,6633.3633,6368.0288,265.3345,0.01134929,0.01089532,265.3345,6368.0288,0.01089532,265.3345,265.3345,265.3345,331.6682,331.6682,6368.0288,0.01089532,1459.3399,1336.7936,5174.0234,5296.5697,0.00885245,0.00906212,0.00045397,155.0329,138.3952,1.7595,127.5647,14.6756,11239.8823,72.5000,180.5550,151.7125,58.09,129.7286,157.9904,321.5856,428.8828,778.3716,93.4046,0.0,3.306,6.0,1.195055,16,80,84,2,0.13407078,0.01134929,0.02064894,0E-8,0.000000,0.892683,0.000000,-0.01073951,2026-03-25,2026-08-03,52,452,218,132,0.393939,1.190113,1.164624,0.446903,,,,,,,,GLOBAL_BASELINE_NO_ENTITY_RANKING,,,NOT_APPLICABLE_GLOBAL_BASELINE,HF9g-P5,,,,X 全窗基线 · 不参与实体赏罚,14190767,1420,A168_HF9F_20260827_0900,2026-08-27 09:00:00
2026-05-15,70521282,1304,0,908.8786259145,-390.2885164235,-390.2885164235,0.2500000,8,8,0.50162375000000000,0.501623750000,-1.4234063852847412,-1.4234063852847412,-1.4234063852847412,0E-17,ELIGIBLE,R03b_20260811_FULL_v1,L1_ELIGIBILITY,v2026-08-11,2026-03-21..2026-08-06,baccarat_bet02_101_all_pairs_incl_sentinel,round_win = game_pnl > 0 (decisive only),COMPATIBILITY_ONLY_NOT_PRODUCTION,584473.8809,521750.0287,6633.3633,3770,3770,-0.01134929,-0.02064894,-0.00990944,-0.01134929,-6633.3633,584473.8809,OK,0.0000,265.3345,4.0000,96.0000,AG03-UNRESOLVED,ALL5_LEVELS_bet23_to_bet27,265.3345,265.3345,265.3345,331.6682,331.6682,4.000000,4.000000,4.000000,5.000000,5.000000,96.000000,96.000000,96.000000,95.000000,95.000000,5.0,1459.3399,1336.7936,5174.0234,5296.5697,PENDING_AG03,FALSE,NOT_FOR_ENFORCEMENT,6368.0288,500880.0275,6633.3633,6368.0288,265.3345,0.01134929,0.01089532,265.3345,6368.0288,0.01089532,265.3345,265.3345,265.3345,331.6682,331.6682,6368.0288,0.01089532,1459.3399,1336.7936,5174.0234,5296.5697,0.00885245,0.00906212,0.00045397,155.0329,138.3952,1.7595,127.5647,14.6756,11239.8823,72.5000,180.5550,151.7125,58.09,129.7286,157.9904,321.5856,428.8828,778.3716,93.4046,0.0,3.306,6.0,1.195055,16,80,84,2,0.13407078,0.01134929,0.02064894,0E-8,0.000000,0.892683,0.000000,-0.01073951,2026-03-25,2026-08-03,52,452,218,132,0.393939,1.190113,1.164624,0.446903,,,,,,,,GLOBAL_BASELINE_NO_ENTITY_RANKING,,,NOT_APPLICABLE_GLOBAL_BASELINE,HF9g-P5,,,,X 全窗基线 · 不参与实体赏罚,14190768,1420,A168_HF9F_20260827_0900,2026-08-27 09:00:00
2026-05-15,70521282,1323,0,40.9942400498,-31.1348658606,-31.1348658606,0E-7,3,3,0.50218230000000000,0.502182300000,-1.4203995680682369,-1.4203995680682369,-1.4203995680682369,0E-17,ELIGIBLE,R03b_20260811_FULL_v1,L1_ELIGIBILITY,v2026-08-11,2026-03-21..2026-08-06,baccarat_bet02_101_all_pairs_incl_sentinel,round_win = game_pnl > 0 (decisive only),COMPATIBILITY_ONLY_NOT_PRODUCTION,584473.8809,521750.0287,6633.3633,3770,3770,-0.01134929,-0.02064894,-0.00990944,-0.01134929,-6633.3633,584473.8809,OK,0.0000,265.3345,4.0000,96.0000,AG03-UNRESOLVED,ALL5_LEVELS_bet23_to_bet27,265.3345,265.3345,265.3345,331.6682,331.6682,4.000000,4.000000,4.000000,5.000000,5.000000,96.000000,96.000000,96.000000,95.000000,95.000000,5.0,1459.3399,1336.7936,5174.0234,5296.5697,PENDING_AG03,FALSE,NOT_FOR_ENFORCEMENT,6368.0288,500880.0275,6633.3633,6368.0288,265.3345,0.01134929,0.01089532,265.3345,6368.0288,0.01089532,265.3345,265.3345,265.3345,331.6682,331.6682,6368.0288,0.01089532,1459.3399,1336.7936,5174.0234,5296.5697,0.00885245,0.00906212,0.00045397,155.0329,138.3952,1.7595,127.5647,14.6756,11239.8823,72.5000,180.5550,151.7125,58.09,129.7286,157.9904,321.5856,428.8828,778.3716,93.4046,0.0,3.306,6.0,1.195055,16,80,84,2,0.13407078,0.01134929,0.02064894,0E-8,0.000000,0.892683,0.000000,-0.01073951,2026-03-25,2026-08-03,52,452,218,132,0.393939,1.190113,1.164624,0.446903,,,,,,,,GLOBAL_BASELINE_NO_ENTITY_RANKING,,,NOT_APPLICABLE_GLOBAL_BASELINE,HF9g-P5,,,,X 全窗基线 · 不参与实体赏罚,14190769,1420,A168_HF9F_20260827_0900,2026-08-27 09:00:00
2026-05-15,70521282,1353,0,1007.4723678067,-277.3597633750,-277.3597633750,0.4000000,6,6,0.49771390000000000,0.497713900000,-0.4369944132040151,-0.436994413204015,-0.4369944132040151,0E-17,ELIGIBLE,R03b_20260811_FULL_v1,L1_ELIGIBILITY,v2026-08-11,2026-03-21..2026-08-06,baccarat_bet02_101_all_pairs_incl_sentinel,round_win = game_pnl > 0 (decisive only),COMPATIBILITY_ONLY_NOT_PRODUCTION,584473.8809,521750.0287,6633.3633,3770,3770,-0.01134929,-0.02064894,-0.00990944,-0.01134929,-6633.3633,584473.8809,OK,0.0000,265.3345,4.0000,96.0000,AG03-UNRESOLVED,ALL5_LEVELS_bet23_to_bet27,265.3345,265.3345,265.3345,331.6682,331.6682,4.000000,4.000000,4.000000,5.000000,5.000000,96.000000,96.000000,96.000000,95.000000,95.000000,5.0,1459.3399,1336.7936,5174.0234,5296.5697,PENDING_AG03,FALSE,NOT_FOR_ENFORCEMENT,6368.0288,500880.0275,6633.3633,6368.0288,265.3345,0.01134929,0.01089532,265.3345,6368.0288,0.01089532,265.3345,265.3345,265.3345,331.6682,331.6682,6368.0288,0.01089532,1459.3399,1336.7936,5174.0234,5296.5697,0.00885245,0.00906212,0.00045397,155.0329,138.3952,1.7595,127.5647,14.6756,11239.8823,72.5000,180.5550,151.7125,58.09,129.7286,157.9904,321.5856,428.8828,778.3716,93.4046,0.0,3.306,6.0,1.195055,16,80,84,2,0.13407078,0.01134929,0.02064894,0E-8,0.000000,0.892683,0.000000,-0.01073951,2026-03-25,2026-08-03,52,452,218,132,0.393939,1.190113,1.164624,0.446903,,,,,,,,GLOBAL_BASELINE_NO_ENTITY_RANKING,,,NOT_APPLICABLE_GLOBAL_BASELINE,HF9g-P5,,,,X 全窗基线 · 不参与实体赏罚,14190770,1420,A168_HF9F_20260827_0900,2026-08-27 09:00:00
2026-05-15,70521282,1363,0,2067.3550931448,-331.9884800997,-331.9884800997,0.4500000,23,23,0.49849101304347826,0.498491013043,-0.4337187810481276,-0.43371878104385114,-0.4337187810481276,4.7826E-13,ELIGIBLE,R03b_20260811_FULL_v1,L1_ELIGIBILITY,v2026-08-11,2026-03-21..2026-08-06,baccarat_bet02_101_all_pairs_incl_sentinel,round_win = game_pnl > 0 (decisive only),COMPATIBILITY_ONLY_NOT_PRODUCTION,584473.8809,521750.0287,6633.3633,3770,3770,-0.01134929,-0.02064894,-0.00990944,-0.01134929,-6633.3633,584473.8809,OK,0.0000,265.3345,4.0000,96.0000,AG03-UNRESOLVED,ALL5_LEVELS_bet23_to_bet27,265.3345,265.3345,265.3345,331.6682,331.6682,4.000000,4.000000,4.000000,5.000000,5.000000,96.000000,96.000000,96.000000,95.000000,95.000000,5.0,1459.3399,1336.7936,5174.0234,5296.5697,PENDING_AG03,FALSE,NOT_FOR_ENFORCEMENT,6368.0288,500880.0275,6633.3633,6368.0288,265.3345,0.01134929,0.01089532,265.3345,6368.0288,0.01089532,265.3345,265.3345,265.3345,331.6682,331.6682,6368.0288,0.01089532,1459.3399,1336.7936,5174.0234,5296.5697,0.00885245,0.00906212,0.00045397,155.0329,138.3952,1.7595,127.5647,14.6756,11239.8823,72.5000,180.5550,151.7125,58.09,129.7286,157.9904,321.5856,428.8828,778.3716,93.4046,0.0,3.306,6.0,1.195055,16,80,84,2,0.13407078,0.01134929,0.02064894,0E-8,0.000000,0.892683,0.000000,-0.01073951,2026-03-25,2026-08-03,52,452,218,132,0.393939,1.190113,1.164624,0.446903,,,,,,,,GLOBAL_BASELINE_NO_ENTITY_RANKING,,,NOT_APPLICABLE_GLOBAL_BASELINE,HF9g-P5,,,,X 全窗基线 · 不参与实体赏罚,14190771,1420,A168_HF9F_20260827_0900,2026-08-27 09:00:00
2026-05-15,70521282,1405,0,1436.3551450368,-441.0124020551,-441.0124020551,0.3333333,12,12,0.49771390000000000,0.497713900000,-1.1388738771232452,-1.1388738771232452,-1.1388738771232452,0E-17,ELIGIBLE,R03b_20260811_FULL_v1,L1_ELIGIBILITY,v2026-08-11,2026-03-21..2026-08-06,baccarat_bet02_101_all_pairs_incl_sentinel,round_win = game_pnl > 0 (decisive only),COMPATIBILITY_ONLY_NOT_PRODUCTION,584473.8809,521750.0287,6633.3633,3770,3770,-0.01134929,-0.02064894,-0.00990944,-0.01134929,-6633.3633,584473.8809,OK,0.0000,265.3345,4.0000,96.0000,AG03-UNRESOLVED,ALL5_LEVELS_bet23_to_bet27,265.3345,265.3345,265.3345,331.6682,331.6682,4.000000,4.000000,4.000000,5.000000,5.000000,96.000000,96.000000,96.000000,95.000000,95.000000,5.0,1459.3399,1336.7936,5174.0234,5296.5697,PENDING_AG03,FALSE,NOT_FOR_ENFORCEMENT,6368.0288,500880.0275,6633.3633,6368.0288,265.3345,0.01134929,0.01089532,265.3345,6368.0288,0.01089532,265.3345,265.3345,265.3345,331.6682,331.6682,6368.0288,0.01089532,1459.3399,1336.7936,5174.0234,5296.5697,0.00885245,0.00906212,0.00045397,155.0329,138.3952,1.7595,127.5647,14.6756,11239.8823,72.5000,180.5550,151.7125,58.09,129.7286,157.9904,321.5856,428.8828,778.3716,93.4046,0.0,3.306,6.0,1.195055,16,80,84,2,0.13407078,0.01134929,0.02064894,0E-8,0.000000,0.892683,0.000000,-0.01073951,2026-03-25,2026-08-03,52,452,218,132,0.393939,1.190113,1.164624,0.446903,,,,,,,,GLOBAL_BASELINE_NO_ENTITY_RANKING,,,NOT_APPLICABLE_GLOBAL_BASELINE,HF9g-P5,,,,X 全窗基线 · 不参与实体赏罚,14190772,1420,A168_HF9F_20260827_0900,2026-08-27 09:00:00
2026-05-15,70521282,1646,0,2209.7971044577,-505.6172487157,-505.6172487157,0.4000000,11,11,0.50055742727272727,0.500557427273,-0.6359814068880811,-0.6359814068898065,-0.6359814068880811,-2.7273E-13,ELIGIBLE,R03b_20260811_FULL_v1,L1_ELIGIBILITY,v2026-08-11,2026-03-21..2026-08-06,baccarat_bet02_101_all_pairs_incl_sentinel,round_win = game_pnl > 0 (decisive only),COMPATIBILITY_ONLY_NOT_PRODUCTION,584473.8809,521750.0287,6633.3633,3770,3770,-0.01134929,-0.02064894,-0.00990944,-0.01134929,-6633.3633,584473.8809,OK,0.0000,265.3345,4.0000,96.0000,AG03-UNRESOLVED,ALL5_LEVELS_bet23_to_bet27,265.3345,265.3345,265.3345,331.6682,331.6682,4.000000,4.000000,4.000000,5.000000,5.000000,96.000000,96.000000,96.000000,95.000000,95.000000,5.0,1459.3399,1336.7936,5174.0234,5296.5697,PENDING_AG03,FALSE,NOT_FOR_ENFORCEMENT,6368.0288,500880.0275,6633.3633,6368.0288,265.3345,0.01134929,0.01089532,265.3345,6368.0288,0.01089532,265.3345,265.3345,265.3345,331.6682,331.6682,6368.0288,0.01089532,1459.3399,1336.7936,5174.0234,5296.5697,0.00885245,0.00906212,0.00045397,155.0329,138.3952,1.7595,127.5647,14.6756,11239.8823,72.5000,180.5550,151.7125,58.09,129.7286,157.9904,321.5856,428.8828,778.3716,93.4046,0.0,3.306,6.0,1.195055,16,80,84,2,0.13407078,0.01134929,0.02064894,0E-8,0.000000,0.892683,0.000000,-0.01073951,2026-03-25,2026-08-03,52,452,218,132,0.393939,1.190113,1.164624,0.446903,,,,,,,,GLOBAL_BASELINE_NO_ENTITY_RANKING,,,NOT_APPLICABLE_GLOBAL_BASELINE,HF9g-P5,,,,X 全窗基线 · 不参与实体赏罚,14190773,1420,A168_HF9F_20260827_0900,2026-08-27 09:00:00
2026-05-15,70521282,1704,0,505.9415702349,189.4037673188,189.4037673188,0.7000000,10,10,0.49458602000000000,0.494586020000,1.299228246137644,1.299228246137644,1.299228246137644,0E-17,ELIGIBLE,R03b_20260811_FULL_v1,L1_ELIGIBILITY,v2026-08-11,2026-03-21..2026-08-06,baccarat_bet02_101_all_pairs_incl_sentinel,round_win = game_pnl > 0 (decisive only),COMPATIBILITY_ONLY_NOT_PRODUCTION,584473.8809,521750.0287,6633.3633,3770,3770,-0.01134929,-0.02064894,-0.00990944,-0.01134929,-6633.3633,584473.8809,OK,0.0000,265.3345,4.0000,96.0000,AG03-UNRESOLVED,ALL5_LEVELS_bet23_to_bet27,265.3345,265.3345,265.3345,331.6682,331.6682,4.000000,4.000000,4.000000,5.000000,5.000000,96.000000,96.000000,96.000000,95.000000,95.000000,5.0,1459.3399,1336.7936,5174.0234,5296.5697,PENDING_AG03,FALSE,NOT_FOR_ENFORCEMENT,6368.0288,500880.0275,6633.3633,6368.0288,265.3345,0.01134929,0.01089532,265.3345,6368.0288,0.01089532,265.3345,265.3345,265.3345,331.6682,331.6682,6368.0288,0.01089532,1459.3399,1336.7936,5174.0234,5296.5697,0.00885245,0.00906212,0.00045397,155.0329,138.3952,1.7595,127.5647,14.6756,11239.8823,72.5000,180.5550,151.7125,58.09,129.7286,157.9904,321.5856,428.8828,778.3716,93.4046,0.0,3.306,6.0,1.195055,16,80,84,2,0.13407078,0.01134929,0.02064894,0E-8,0.000000,0.892683,0.000000,-0.01073951,2026-03-25,2026-08-03,52,452,218,132,0.393939,1.190113,1.164624,0.446903,,,,,,,,GLOBAL_BASELINE_NO_ENTITY_RANKING,,,NOT_APPLICABLE_GLOBAL_BASELINE,HF9g-P5,,,,X 全窗基线 · 不参与实体赏罚,14190774,1420,A168_HF9F_20260827_0900,2026-08-27 09:00:00
2026-05-15,70521282,1710,0,263.3490737377,263.3490737377,263.3490737377,1.0000000,2,2,0.49324550000000000,0.493245500000,1.4334489766152358,1.4334489766152358,1.4334489766152358,0E-17,ELIGIBLE,R03b_20260811_FULL_v1,L1_ELIGIBILITY,v2026-08-11,2026-03-21..2026-08-06,baccarat_bet02_101_all_pairs_incl_sentinel,round_win = game_pnl > 0 (decisive only),COMPATIBILITY_ONLY_NOT_PRODUCTION,584473.8809,521750.0287,6633.3633,3770,3770,-0.01134929,-0.02064894,-0.00990944,-0.01134929,-6633.3633,584473.8809,OK,0.0000,265.3345,4.0000,96.0000,AG03-UNRESOLVED,ALL5_LEVELS_bet23_to_bet27,265.3345,265.3345,265.3345,331.6682,331.6682,4.000000,4.000000,4.000000,5.000000,5.000000,96.000000,96.000000,96.000000,95.000000,95.000000,5.0,1459.3399,1336.7936,5174.0234,5296.5697,PENDING_AG03,FALSE,NOT_FOR_ENFORCEMENT,6368.0288,500880.0275,6633.3633,6368.0288,265.3345,0.01134929,0.01089532,265.3345,6368.0288,0.01089532,265.3345,265.3345,265.3345,331.6682,331.6682,6368.0288,0.01089532,1459.3399,1336.7936,5174.0234,5296.5697,0.00885245,0.00906212,0.00045397,155.0329,138.3952,1.7595,127.5647,14.6756,11239.8823,72.5000,180.5550,151.7125,58.09,129.7286,157.9904,321.5856,428.8828,778.3716,93.4046,0.0,3.306,6.0,1.195055,16,80,84,2,0.13407078,0.01134929,0.02064894,0E-8,0.000000,0.892683,0.000000,-0.01073951,2026-03-25,2026-08-03,52,452,218,132,0.393939,1.190113,1.164624,0.446903,,,,,,,,GLOBAL_BASELINE_NO_ENTITY_RANKING,,,NOT_APPLICABLE_GLOBAL_BASELINE,HF9g-P5,,,,X 全窗基线 · 不参与实体赏罚,14190775,1420,A168_HF9F_20260827_0900,2026-08-27 09:00:00
2026-05-15,70521282,1940,0,244.6681542214,80.6522754399,80.6522754399,0.6666667,3,3,0.50218230000000000,0.502182300000,0.5697959874915163,0.5697959874915164,0.5697959874915163,0E-17,ELIGIBLE,R03b_20260811_FULL_v1,L1_ELIGIBILITY,v2026-08-11,2026-03-21..2026-08-06,baccarat_bet02_101_all_pairs_incl_sentinel,round_win = game_pnl > 0 (decisive only),COMPATIBILITY_ONLY_NOT_PRODUCTION,584473.8809,521750.0287,6633.3633,3770,3770,-0.01134929,-0.02064894,-0.00990944,-0.01134929,-6633.3633,584473.8809,OK,0.0000,265.3345,4.0000,96.0000,AG03-UNRESOLVED,ALL5_LEVELS_bet23_to_bet27,265.3345,265.3345,265.3345,331.6682,331.6682,4.000000,4.000000,4.000000,5.000000,5.000000,96.000000,96.000000,96.000000,95.000000,95.000000,5.0,1459.3399,1336.7936,5174.0234,5296.5697,PENDING_AG03,FALSE,NOT_FOR_ENFORCEMENT,6368.0288,500880.0275,6633.3633,6368.0288,265.3345,0.01134929,0.01089532,265.3345,6368.0288,0.01089532,265.3345,265.3345,265.3345,331.6682,331.6682,6368.0288,0.01089532,1459.3399,1336.7936,5174.0234,5296.5697,0.00885245,0.00906212,0.00045397,155.0329,138.3952,1.7595,127.5647,14.6756,11239.8823,72.5000,180.5550,151.7125,58.09,129.7286,157.9904,321.5856,428.8828,778.3716,93.4046,0.0,3.306,6.0,1.195055,16,80,84,2,0.13407078,0.01134929,0.02064894,0E-8,0.000000,0.892683,0.000000,-0.01073951,2026-03-25,2026-08-03,52,452,218,132,0.393939,1.190113,1.164624,0.446903,,,,,,,,GLOBAL_BASELINE_NO_ENTITY_RANKING,,,NOT_APPLICABLE_GLOBAL_BASELINE,HF9g-P5,,,,X 全窗基线 · 不参与实体赏罚,14190776,1420,A168_HF9F_20260827_0900,2026-08-27 09:00:00
2026-05-15,70521282,1985,0,424.4720045664,-318.0945462094,-318.0945462094,0.2857143,7,7,0.49516052857142857,0.495160528571,-1.108337260079107,-1.1083372600768482,-1.108337260079107,4.2857E-13,ELIGIBLE,R03b_20260811_FULL_v1,L1_ELIGIBILITY,v2026-08-11,2026-03-21..2026-08-06,baccarat_bet02_101_all_pairs_incl_sentinel,round_win = game_pnl > 0 (decisive only),COMPATIBILITY_ONLY_NOT_PRODUCTION,584473.8809,521750.0287,6633.3633,3770,3770,-0.01134929,-0.02064894,-0.00990944,-0.01134929,-6633.3633,584473.8809,OK,0.0000,265.3345,4.0000,96.0000,AG03-UNRESOLVED,ALL5_LEVELS_bet23_to_bet27,265.3345,265.3345,265.3345,331.6682,331.6682,4.000000,4.000000,4.000000,5.000000,5.000000,96.000000,96.000000,96.000000,95.000000,95.000000,5.0,1459.3399,1336.7936,5174.0234,5296.5697,PENDING_AG03,FALSE,NOT_FOR_ENFORCEMENT,6368.0288,500880.0275,6633.3633,6368.0288,265.3345,0.01134929,0.01089532,265.3345,6368.0288,0.01089532,265.3345,265.3345,265.3345,331.6682,331.6682,6368.0288,0.01089532,1459.3399,1336.7936,5174.0234,5296.5697,0.00885245,0.00906212,0.00045397,155.0329,138.3952,1.7595,127.5647,14.6756,11239.8823,72.5000,180.5550,151.7125,58.09,129.7286,157.9904,321.5856,428.8828,778.3716,93.4046,0.0,3.306,6.0,1.195055,16,80,84,2,0.13407078,0.01134929,0.02064894,0E-8,0.000000,0.892683,0.000000,-0.01073951,2026-03-25,2026-08-03,52,452,218,132,0.393939,1.190113,1.164624,0.446903,,,,,,,,GLOBAL_BASELINE_NO_ENTITY_RANKING,,,NOT_APPLICABLE_GLOBAL_BASELINE,HF9g-P5,,,,X 全窗基线 · 不参与实体赏罚,14190777,1420,A168_HF9F_20260827_0900,2026-08-27 09:00:00
2026-05-15,70521282,2147,0,4008.6139795549,-640.9890509055,-640.9890509055,0.3928571,33,33,0.49893255454545455,0.498932554545,-1.1225991964555868,-1.1225991964507784,-1.1225991964555868,4.5455E-13,ELIGIBLE,R03b_20260811_FULL_v1,L1_ELIGIBILITY,v2026-08-11,2026-03-21..2026-08-06,baccarat_bet02_101_all_pairs_incl_sentinel,round_win = game_pnl > 0 (decisive only),COMPATIBILITY_ONLY_NOT_PRODUCTION,584473.8809,521750.0287,6633.3633,3770,3770,-0.01134929,-0.02064894,-0.00990944,-0.01134929,-6633.3633,584473.8809,OK,0.0000,265.3345,4.0000,96.0000,AG03-UNRESOLVED,ALL5_LEVELS_bet23_to_bet27,265.3345,265.3345,265.3345,331.6682,331.6682,4.000000,4.000000,4.000000,5.000000,5.000000,96.000000,96.000000,96.000000,95.000000,95.000000,5.0,1459.3399,1336.7936,5174.0234,5296.5697,PENDING_AG03,FALSE,NOT_FOR_ENFORCEMENT,6368.0288,500880.0275,6633.3633,6368.0288,265.3345,0.01134929,0.01089532,265.3345,6368.0288,0.01089532,265.3345,265.3345,265.3345,331.6682,331.6682,6368.0288,0.01089532,1459.3399,1336.7936,5174.0234,5296.5697,0.00885245,0.00906212,0.00045397,155.0329,138.3952,1.7595,127.5647,14.6756,11239.8823,72.5000,180.5550,151.7125,58.09,129.7286,157.9904,321.5856,428.8828,778.3716,93.4046,0.0,3.306,6.0,1.195055,16,80,84,2,0.13407078,0.01134929,0.02064894,0E-8,0.000000,0.892683,0.000000,-0.01073951,2026-03-25,2026-08-03,52,452,218,132,0.393939,1.190113,1.164624,0.446903,,,,,,,,GLOBAL_BASELINE_NO_ENTITY_RANKING,,,NOT_APPLICABLE_GLOBAL_BASELINE,HF9g-P5,,,,X 全窗基线 · 不参与实体赏罚,14190778,1420,A168_HF9F_20260827_0900,2026-08-27 09:00:00
2026-05-15,70521282,2155,0,2260.9101759120,-208.9279227854,-208.9279227854,0.4736842,20,20,0.49927784000000000,0.499277840000,-0.22312032166976684,-0.22312032166976684,-0.22312032166976684,0E-17,ELIGIBLE,R03b_20260811_FULL_v1,L1_ELIGIBILITY,v2026-08-11,2026-03-21..2026-08-06,baccarat_bet02_101_all_pairs_incl_sentinel,round_win = game_pnl > 0 (decisive only),COMPATIBILITY_ONLY_NOT_PRODUCTION,584473.8809,521750.0287,6633.3633,3770,3770,-0.01134929,-0.02064894,-0.00990944,-0.01134929,-6633.3633,584473.8809,OK,0.0000,265.3345,4.0000,96.0000,AG03-UNRESOLVED,ALL5_LEVELS_bet23_to_bet27,265.3345,265.3345,265.3345,331.6682,331.6682,4.000000,4.000000,4.000000,5.000000,5.000000,96.000000,96.000000,96.000000,95.000000,95.000000,5.0,1459.3399,1336.7936,5174.0234,5296.5697,PENDING_AG03,FALSE,NOT_FOR_ENFORCEMENT,6368.0288,500880.0275,6633.3633,6368.0288,265.3345,0.01134929,0.01089532,265.3345,6368.0288,0.01089532,265.3345,265.3345,265.3345,331.6682,331.6682,6368.0288,0.01089532,1459.3399,1336.7936,5174.0234,5296.5697,0.00885245,0.00906212,0.00045397,155.0329,138.3952,1.7595,127.5647,14.6756,11239.8823,72.5000,180.5550,151.7125,58.09,129.7286,157.9904,321.5856,428.8828,778.3716,93.4046,0.0,3.306,6.0,1.195055,16,80,84,2,0.13407078,0.01134929,0.02064894,0E-8,0.000000,0.892683,0.000000,-0.01073951,2026-03-25,2026-08-03,52,452,218,132,0.393939,1.190113,1.164624,0.446903,,,,,,,,GLOBAL_BASELINE_NO_ENTITY_RANKING,,,NOT_APPLICABLE_GLOBAL_BASELINE,HF9g-P5,,,,X 全窗基线 · 不参与实体赏罚,14190779,1420,A168_HF9F_20260827_0900,2026-08-27 09:00:00
2026-05-15,70521282,583,0,256.8626433502,-104.0682891392,-104.0682891392,0.3333333,3,3,0.50665070000000000,0.506650700000,-0.6004420894325239,-0.6004420894325239,-0.6004420894325239,0E-17,ELIGIBLE,R03b_20260811_FULL_v1,L1_ELIGIBILITY,v2026-08-11,2026-03-21..2026-08-06,baccarat_bet02_101_all_pairs_incl_sentinel,round_win = game_pnl > 0 (decisive only),COMPATIBILITY_ONLY_NOT_PRODUCTION,584473.8809,521750.0287,6633.3633,3770,3770,-0.01134929,-0.02064894,-0.00990944,-0.01134929,-6633.3633,584473.8809,OK,0.0000,265.3345,4.0000,96.0000,AG03-UNRESOLVED,ALL5_LEVELS_bet23_to_bet27,265.3345,265.3345,265.3345,331.6682,331.6682,4.000000,4.000000,4.000000,5.000000,5.000000,96.000000,96.000000,96.000000,95.000000,95.000000,5.0,1459.3399,1336.7936,5174.0234,5296.5697,PENDING_AG03,FALSE,NOT_FOR_ENFORCEMENT,6368.0288,500880.0275,6633.3633,6368.0288,265.3345,0.01134929,0.01089532,265.3345,6368.0288,0.01089532,265.3345,265.3345,265.3345,331.6682,331.6682,6368.0288,0.01089532,1459.3399,1336.7936,5174.0234,5296.5697,0.00885245,0.00906212,0.00045397,155.0329,138.3952,1.7595,127.5647,14.6756,11239.8823,72.5000,180.5550,151.7125,58.09,129.7286,157.9904,321.5856,428.8828,778.3716,93.4046,0.0,3.306,6.0,1.195055,16,80,84,2,0.13407078,0.01134929,0.02064894,0E-8,0.000000,0.892683,0.000000,-0.01073951,2026-03-25,2026-08-03,52,452,218,132,0.393939,1.190113,1.164624,0.446903,,,,,,,,GLOBAL_BASELINE_NO_ENTITY_RANKING,,,NOT_APPLICABLE_GLOBAL_BASELINE,HF9g-P5,,,,X 全窗基线 · 不参与实体赏罚,14190780,1420,A168_HF9F_20260827_0900,2026-08-27 09:00:00
2026-05-15,70521282,752,0,236.8844377563,236.8844377563,236.8844377563,1.0000000,3,3,0.49324550000000000,0.493245500000,1.755609282511032,1.7556092825110319,1.755609282511032,0E-17,ELIGIBLE,R03b_20260811_FULL_v1,L1_ELIGIBILITY,v2026-08-11,2026-03-21..2026-08-06,baccarat_bet02_101_all_pairs_incl_sentinel,round_win = game_pnl > 0 (decisive only),COMPATIBILITY_ONLY_NOT_PRODUCTION,584473.8809,521750.0287,6633.3633,3770,3770,-0.01134929,-0.02064894,-0.00990944,-0.01134929,-6633.3633,584473.8809,OK,0.0000,265.3345,4.0000,96.0000,AG03-UNRESOLVED,ALL5_LEVELS_bet23_to_bet27,265.3345,265.3345,265.3345,331.6682,331.6682,4.000000,4.000000,4.000000,5.000000,5.000000,96.000000,96.000000,96.000000,95.000000,95.000000,5.0,1459.3399,1336.7936,5174.0234,5296.5697,PENDING_AG03,FALSE,NOT_FOR_ENFORCEMENT,6368.0288,500880.0275,6633.3633,6368.0288,265.3345,0.01134929,0.01089532,265.3345,6368.0288,0.01089532,265.3345,265.3345,265.3345,331.6682,331.6682,6368.0288,0.01089532,1459.3399,1336.7936,5174.0234,5296.5697,0.00885245,0.00906212,0.00045397,155.0329,138.3952,1.7595,127.5647,14.6756,11239.8823,72.5000,180.5550,151.7125,58.09,129.7286,157.9904,321.5856,428.8828,778.3716,93.4046,0.0,3.306,6.0,1.195055,16,80,84,2,0.13407078,0.01134929,0.02064894,0E-8,0.000000,0.892683,0.000000,-0.01073951,2026-03-25,2026-08-03,52,452,218,132,0.393939,1.190113,1.164624,0.446903,,,,,,,,GLOBAL_BASELINE_NO_ENTITY_RANKING,,,NOT_APPLICABLE_GLOBAL_BASELINE,HF9g-P5,,,,X 全窗基线 · 不参与实体赏罚,14190781,1420,A168_HF9F_20260827_0900,2026-08-27 09:00:00
2026-05-15,70521282,919,0,1597.2186186496,-446.6555964920,-446.6555964920,0.3636364,13,13,0.49840134615384615,0.498401346154,-0.8939343330357036,-0.8939343330367233,-0.8939343330357036,-1.5385E-13,ELIGIBLE,R03b_20260811_FULL_v1,L1_ELIGIBILITY,v2026-08-11,2026-03-21..2026-08-06,baccarat_bet02_101_all_pairs_incl_sentinel,round_win = game_pnl > 0 (decisive only),COMPATIBILITY_ONLY_NOT_PRODUCTION,584473.8809,521750.0287,6633.3633,3770,3770,-0.01134929,-0.02064894,-0.00990944,-0.01134929,-6633.3633,584473.8809,OK,0.0000,265.3345,4.0000,96.0000,AG03-UNRESOLVED,ALL5_LEVELS_bet23_to_bet27,265.3345,265.3345,265.3345,331.6682,331.6682,4.000000,4.000000,4.000000,5.000000,5.000000,96.000000,96.000000,96.000000,95.000000,95.000000,5.0,1459.3399,1336.7936,5174.0234,5296.5697,PENDING_AG03,FALSE,NOT_FOR_ENFORCEMENT,6368.0288,500880.0275,6633.3633,6368.0288,265.3345,0.01134929,0.01089532,265.3345,6368.0288,0.01089532,265.3345,265.3345,265.3345,331.6682,331.6682,6368.0288,0.01089532,1459.3399,1336.7936,5174.0234,5296.5697,0.00885245,0.00906212,0.00045397,155.0329,138.3952,1.7595,127.5647,14.6756,11239.8823,72.5000,180.5550,151.7125,58.09,129.7286,157.9904,321.5856,428.8828,778.3716,93.4046,0.0,3.306,6.0,1.195055,16,80,84,2,0.13407078,0.01134929,0.02064894,0E-8,0.000000,0.892683,0.000000,-0.01073951,2026-03-25,2026-08-03,52,452,218,132,0.393939,1.190113,1.164624,0.446903,,,,,,,,GLOBAL_BASELINE_NO_ENTITY_RANKING,,,NOT_APPLICABLE_GLOBAL_BASELINE,HF9g-P5,,,,X 全窗基线 · 不参与实体赏罚,14190782,1420,A168_HF9F_20260827_0900,2026-08-27 09:00:00
2026-05-15,70521282,948,0,899.7976233719,-329.8998495149,-329.8998495149,0.3750000,8,8,0.49659680000000000,0.496596800000,-0.6878713085241178,-0.6878713085241179,-0.6878713085241178,0E-17,ELIGIBLE,R03b_20260811_FULL_v1,L1_ELIGIBILITY,v2026-08-11,2026-03-21..2026-08-06,baccarat_bet02_101_all_pairs_incl_sentinel,round_win = game_pnl > 0 (decisive only),COMPATIBILITY_ONLY_NOT_PRODUCTION,584473.8809,521750.0287,6633.3633,3770,3770,-0.01134929,-0.02064894,-0.00990944,-0.01134929,-6633.3633,584473.8809,OK,0.0000,265.3345,4.0000,96.0000,AG03-UNRESOLVED,ALL5_LEVELS_bet23_to_bet27,265.3345,265.3345,265.3345,331.6682,331.6682,4.000000,4.000000,4.000000,5.000000,5.000000,96.000000,96.000000,96.000000,95.000000,95.000000,5.0,1459.3399,1336.7936,5174.0234,5296.5697,PENDING_AG03,FALSE,NOT_FOR_ENFORCEMENT,6368.0288,500880.0275,6633.3633,6368.0288,265.3345,0.01134929,0.01089532,265.3345,6368.0288,0.01089532,265.3345,265.3345,265.3345,331.6682,331.6682,6368.0288,0.01089532,1459.3399,1336.7936,5174.0234,5296.5697,0.00885245,0.00906212,0.00045397,155.0329,138.3952,1.7595,127.5647,14.6756,11239.8823,72.5000,180.5550,151.7125,58.09,129.7286,157.9904,321.5856,428.8828,778.3716,93.4046,0.0,3.306,6.0,1.195055,16,80,84,2,0.13407078,0.01134929,0.02064894,0E-8,0.000000,0.892683,0.000000,-0.01073951,2026-03-25,2026-08-03,52,452,218,132,0.393939,1.190113,1.164624,0.446903,,,,,,,,GLOBAL_BASELINE_NO_ENTITY_RANKING,,,NOT_APPLICABLE_GLOBAL_BASELINE,HF9g-P5,,,,X 全窗基线 · 不参与实体赏罚,14190783,1420,A168_HF9F_20260827_0900,2026-08-27 09:00:00
2026-05-15,70521282,987,0,699.7561102174,-51.1130714545,-51.1130714545,0.5000000,9,9,0.50218230000000000,0.502182300000,-0.01234507061437774,-0.01234507061437774,-0.01234507061437774,0E-17,ELIGIBLE,R03b_20260811_FULL_v1,L1_ELIGIBILITY,v2026-08-11,2026-03-21..2026-08-06,baccarat_bet02_101_all_pairs_incl_sentinel,round_win = game_pnl > 0 (decisive only),COMPATIBILITY_ONLY_NOT_PRODUCTION,584473.8809,521750.0287,6633.3633,3770,3770,-0.01134929,-0.02064894,-0.00990944,-0.01134929,-6633.3633,584473.8809,OK,0.0000,265.3345,4.0000,96.0000,AG03-UNRESOLVED,ALL5_LEVELS_bet23_to_bet27,265.3345,265.3345,265.3345,331.6682,331.6682,4.000000,4.000000,4.000000,5.000000,5.000000,96.000000,96.000000,96.000000,95.000000,95.000000,5.0,1459.3399,1336.7936,5174.0234,5296.5697,PENDING_AG03,FALSE,NOT_FOR_ENFORCEMENT,6368.0288,500880.0275,6633.3633,6368.0288,265.3345,0.01134929,0.01089532,265.3345,6368.0288,0.01089532,265.3345,265.3345,265.3345,331.6682,331.6682,6368.0288,0.01089532,1459.3399,1336.7936,5174.0234,5296.5697,0.00885245,0.00906212,0.00045397,155.0329,138.3952,1.7595,127.5647,14.6756,11239.8823,72.5000,180.5550,151.7125,58.09,129.7286,157.9904,321.5856,428.8828,778.3716,93.4046,0.0,3.306,6.0,1.195055,16,80,84,2,0.13407078,0.01134929,0.02064894,0E-8,0.000000,0.892683,0.000000,-0.01073951,2026-03-25,2026-08-03,52,452,218,132,0.393939,1.190113,1.164624,0.446903,,,,,,,,GLOBAL_BASELINE_NO_ENTITY_RANKING,,,NOT_APPLICABLE_GLOBAL_BASELINE,HF9g-P5,,,,X 全窗基线 · 不参与实体赏罚,14190784,1420,A168_HF9F_20260827_0900,2026-08-27 09:00:00
2026-05-16,70521282,1078,0,129.7286077526,129.7286077526,129.7286077526,1.0000000,1,1,0.49324550000000000,0.493245500000,1.01360149184955,1.01360149184955,1.01360149184955,0E-17,ELIGIBLE,R03b_20260811_FULL_v1,L1_ELIGIBILITY,v2026-08-11,2026-03-21..2026-08-06,baccarat_bet02_101_all_pairs_incl_sentinel,round_win = game_pnl > 0 (decisive only),COMPATIBILITY_ONLY_NOT_PRODUCTION,584473.8809,521750.0287,6633.3633,3770,3770,-0.01134929,-0.02064894,-0.00990944,-0.01134929,-6633.3633,584473.8809,OK,0.0000,265.3345,4.0000,96.0000,AG03-UNRESOLVED,ALL5_LEVELS_bet23_to_bet27,265.3345,265.3345,265.3345,331.6682,331.6682,4.000000,4.000000,4.000000,5.000000,5.000000,96.000000,96.000000,96.000000,95.000000,95.000000,5.0,1459.3399,1336.7936,5174.0234,5296.5697,PENDING_AG03,FALSE,NOT_FOR_ENFORCEMENT,6368.0288,500880.0275,6633.3633,6368.0288,265.3345,0.01134929,0.01089532,265.3345,6368.0288,0.01089532,265.3345,265.3345,265.3345,331.6682,331.6682,6368.0288,0.01089532,1459.3399,1336.7936,5174.0234,5296.5697,0.00885245,0.00906212,0.00045397,155.0329,138.3952,1.7595,127.5647,14.6756,11239.8823,72.5000,180.5550,151.7125,58.09,129.7286,157.9904,321.5856,428.8828,778.3716,93.4046,0.0,3.306,6.0,1.195055,16,80,84,2,0.13407078,0.01134929,0.02064894,0E-8,0.000000,0.892683,0.000000,-0.01073951,2026-03-25,2026-08-03,52,452,218,132,0.393939,1.190113,1.164624,0.446903,,,,,,,,GLOBAL_BASELINE_NO_ENTITY_RANKING,,,NOT_APPLICABLE_GLOBAL_BASELINE,HF9g-P5,,,,X 全窗基线 · 不参与实体赏罚,14190785,1420,A168_HF9F_20260827_0900,2026-08-27 09:00:00
2026-05-16,70521282,1094,0,531.8872917856,505.2929271963,505.2929271963,1.0000000,2,2,0.50665070000000000,0.506650700000,1.3955260008387969,1.3955260008387969,1.3955260008387969,0E-17,ELIGIBLE,R03b_20260811_FULL_v1,L1_ELIGIBILITY,v2026-08-11,2026-03-21..2026-08-06,baccarat_bet02_101_all_pairs_incl_sentinel,round_win = game_pnl > 0 (decisive only),COMPATIBILITY_ONLY_NOT_PRODUCTION,584473.8809,521750.0287,6633.3633,3770,3770,-0.01134929,-0.02064894,-0.00990944,-0.01134929,-6633.3633,584473.8809,OK,0.0000,265.3345,4.0000,96.0000,AG03-UNRESOLVED,ALL5_LEVELS_bet23_to_bet27,265.3345,265.3345,265.3345,331.6682,331.6682,4.000000,4.000000,4.000000,5.000000,5.000000,96.000000,96.000000,96.000000,95.000000,95.000000,5.0,1459.3399,1336.7936,5174.0234,5296.5697,PENDING_AG03,FALSE,NOT_FOR_ENFORCEMENT,6368.0288,500880.0275,6633.3633,6368.0288,265.3345,0.01134929,0.01089532,265.3345,6368.0288,0.01089532,265.3345,265.3345,265.3345,331.6682,331.6682,6368.0288,0.01089532,1459.3399,1336.7936,5174.0234,5296.5697,0.00885245,0.00906212,0.00045397,155.0329,138.3952,1.7595,127.5647,14.6756,11239.8823,72.5000,180.5550,151.7125,58.09,129.7286,157.9904,321.5856,428.8828,778.3716,93.4046,0.0,3.306,6.0,1.195055,16,80,84,2,0.13407078,0.01134929,0.02064894,0E-8,0.000000,0.892683,0.000000,-0.01073951,2026-03-25,2026-08-03,52,452,218,132,0.393939,1.190113,1.164624,0.446903,,,,,,,,GLOBAL_BASELINE_NO_ENTITY_RANKING,,,NOT_APPLICABLE_GLOBAL_BASELINE,HF9g-P5,,,,X 全窗基线 · 不参与实体赏罚,14190786,1420,A168_HF9F_20260827_0900,2026-08-27 09:00:00
2026-05-16,70521282,1299,0,11161.3304966014,3525.8030200821,3525.8030200821,0.6842105,25,25,0.50182482800000000,0.501824828000,1.5900122449192498,1.5900122449192498,1.5900122449192498,0E-17,ELIGIBLE,R03b_20260811_FULL_v1,L1_ELIGIBILITY,v2026-08-11,2026-03-21..2026-08-06,baccarat_bet02_101_all_pairs_incl_sentinel,round_win = game_pnl > 0 (decisive only),COMPATIBILITY_ONLY_NOT_PRODUCTION,584473.8809,521750.0287,6633.3633,3770,3770,-0.01134929,-0.02064894,-0.00990944,-0.01134929,-6633.3633,584473.8809,OK,0.0000,265.3345,4.0000,96.0000,AG03-UNRESOLVED,ALL5_LEVELS_bet23_to_bet27,265.3345,265.3345,265.3345,331.6682,331.6682,4.000000,4.000000,4.000000,5.000000,5.000000,96.000000,96.000000,96.000000,95.000000,95.000000,5.0,1459.3399,1336.7936,5174.0234,5296.5697,PENDING_AG03,FALSE,NOT_FOR_ENFORCEMENT,6368.0288,500880.0275,6633.3633,6368.0288,265.3345,0.01134929,0.01089532,265.3345,6368.0288,0.01089532,265.3345,265.3345,265.3345,331.6682,331.6682,6368.0288,0.01089532,1459.3399,1336.7936,5174.0234,5296.5697,0.00885245,0.00906212,0.00045397,155.0329,138.3952,1.7595,127.5647,14.6756,11239.8823,72.5000,180.5550,151.7125,58.09,129.7286,157.9904,321.5856,428.8828,778.3716,93.4046,0.0,3.306,6.0,1.195055,16,80,84,2,0.13407078,0.01134929,0.02064894,0E-8,0.000000,0.892683,0.000000,-0.01073951,2026-03-25,2026-08-03,52,452,218,132,0.393939,1.190113,1.164624,0.446903,,,,,,,,GLOBAL_BASELINE_NO_ENTITY_RANKING,,,NOT_APPLICABLE_GLOBAL_BASELINE,HF9g-P5,,,,X 全窗基线 · 不参与实体赏罚,14190787,1420,A168_HF9F_20260827_0900,2026-08-27 09:00:00
2026-05-16,70521282,2153,0,63.5670177988,63.5670177988,63.5670177988,1.0000000,1,1,0.49324550000000000,0.493245500000,1.01360149184955,1.01360149184955,1.01360149184955,0E-17,ELIGIBLE,R03b_20260811_FULL_v1,L1_ELIGIBILITY,v2026-08-11,2026-03-21..2026-08-06,baccarat_bet02_101_all_pairs_incl_sentinel,round_win = game_pnl > 0 (decisive only),COMPATIBILITY_ONLY_NOT_PRODUCTION,584473.8809,521750.0287,6633.3633,3770,3770,-0.01134929,-0.02064894,-0.00990944,-0.01134929,-6633.3633,584473.8809,OK,0.0000,265.3345,4.0000,96.0000,AG03-UNRESOLVED,ALL5_LEVELS_bet23_to_bet27,265.3345,265.3345,265.3345,331.6682,331.6682,4.000000,4.000000,4.000000,5.000000,5.000000,96.000000,96.000000,96.000000,95.000000,95.000000,5.0,1459.3399,1336.7936,5174.0234,5296.5697,PENDING_AG03,FALSE,NOT_FOR_ENFORCEMENT,6368.0288,500880.0275,6633.3633,6368.0288,265.3345,0.01134929,0.01089532,265.3345,6368.0288,0.01089532,265.3345,265.3345,265.3345,331.6682,331.6682,6368.0288,0.01089532,1459.3399,1336.7936,5174.0234,5296.5697,0.00885245,0.00906212,0.00045397,155.0329,138.3952,1.7595,127.5647,14.6756,11239.8823,72.5000,180.5550,151.7125,58.09,129.7286,157.9904,321.5856,428.8828,778.3716,93.4046,0.0,3.306,6.0,1.195055,16,80,84,2,0.13407078,0.01134929,0.02064894,0E-8,0.000000,0.892683,0.000000,-0.01073951,2026-03-25,2026-08-03,52,452,218,132,0.393939,1.190113,1.164624,0.446903,,,,,,,,GLOBAL_BASELINE_NO_ENTITY_RANKING,,,NOT_APPLICABLE_GLOBAL_BASELINE,HF9g-P5,,,,X 全窗基线 · 不参与实体赏罚,14190788,1420,A168_HF9F_20260827_0900,2026-08-27 09:00:00
2026-05-16,70521282,752,0,702.8695968034,-259.9761299361,-259.9761299361,0.3750000,8,8,0.49827245000000000,0.498272450000,-0.6973384449544185,-0.6973384449544185,-0.6973384449544185,0E-17,ELIGIBLE,R03b_20260811_FULL_v1,L1_ELIGIBILITY,v2026-08-11,2026-03-21..2026-08-06,baccarat_bet02_101_all_pairs_incl_sentinel,round_win = game_pnl > 0 (decisive only),COMPATIBILITY_ONLY_NOT_PRODUCTION,584473.8809,521750.0287,6633.3633,3770,3770,-0.01134929,-0.02064894,-0.00990944,-0.01134929,-6633.3633,584473.8809,OK,0.0000,265.3345,4.0000,96.0000,AG03-UNRESOLVED,ALL5_LEVELS_bet23_to_bet27,265.3345,265.3345,265.3345,331.6682,331.6682,4.000000,4.000000,4.000000,5.000000,5.000000,96.000000,96.000000,96.000000,95.000000,95.000000,5.0,1459.3399,1336.7936,5174.0234,5296.5697,PENDING_AG03,FALSE,NOT_FOR_ENFORCEMENT,6368.0288,500880.0275,6633.3633,6368.0288,265.3345,0.01134929,0.01089532,265.3345,6368.0288,0.01089532,265.3345,265.3345,265.3345,331.6682,331.6682,6368.0288,0.01089532,1459.3399,1336.7936,5174.0234,5296.5697,0.00885245,0.00906212,0.00045397,155.0329,138.3952,1.7595,127.5647,14.6756,11239.8823,72.5000,180.5550,151.7125,58.09,129.7286,157.9904,321.5856,428.8828,778.3716,93.4046,0.0,3.306,6.0,1.195055,16,80,84,2,0.13407078,0.01134929,0.02064894,0E-8,0.000000,0.892683,0.000000,-0.01073951,2026-03-25,2026-08-03,52,452,218,132,0.393939,1.190113,1.164624,0.446903,,,,,,,,GLOBAL_BASELINE_NO_ENTITY_RANKING,,,NOT_APPLICABLE_GLOBAL_BASELINE,HF9g-P5,,,,X 全窗基线 · 不参与实体赏罚,14190789,1420,A168_HF9F_20260827_0900,2026-08-27 09:00:00
2026-05-16,70521282,919,0,1202.3247366508,-539.1520938196,-539.1520938196,0.3000000,11,11,0.49812011818181818,0.498120118182,-1.2530305038523217,-1.2530305038534701,-1.2530305038523217,-1.8182E-13,ELIGIBLE,R03b_20260811_FULL_v1,L1_ELIGIBILITY,v2026-08-11,2026-03-21..2026-08-06,baccarat_bet02_101_all_pairs_incl_sentinel,round_win = game_pnl > 0 (decisive only),COMPATIBILITY_ONLY_NOT_PRODUCTION,584473.8809,521750.0287,6633.3633,3770,3770,-0.01134929,-0.02064894,-0.00990944,-0.01134929,-6633.3633,584473.8809,OK,0.0000,265.3345,4.0000,96.0000,AG03-UNRESOLVED,ALL5_LEVELS_bet23_to_bet27,265.3345,265.3345,265.3345,331.6682,331.6682,4.000000,4.000000,4.000000,5.000000,5.000000,96.000000,96.000000,96.000000,95.000000,95.000000,5.0,1459.3399,1336.7936,5174.0234,5296.5697,PENDING_AG03,FALSE,NOT_FOR_ENFORCEMENT,6368.0288,500880.0275,6633.3633,6368.0288,265.3345,0.01134929,0.01089532,265.3345,6368.0288,0.01089532,265.3345,265.3345,265.3345,331.6682,331.6682,6368.0288,0.01089532,1459.3399,1336.7936,5174.0234,5296.5697,0.00885245,0.00906212,0.00045397,155.0329,138.3952,1.7595,127.5647,14.6756,11239.8823,72.5000,180.5550,151.7125,58.09,129.7286,157.9904,321.5856,428.8828,778.3716,93.4046,0.0,3.306,6.0,1.195055,16,80,84,2,0.13407078,0.01134929,0.02064894,0E-8,0.000000,0.892683,0.000000,-0.01073951,2026-03-25,2026-08-03,52,452,218,132,0.393939,1.190113,1.164624,0.446903,,,,,,,,GLOBAL_BASELINE_NO_ENTITY_RANKING,,,NOT_APPLICABLE_GLOBAL_BASELINE,HF9g-P5,,,,X 全窗基线 · 不参与实体赏罚,14190790,1420,A168_HF9F_20260827_0900,2026-08-27 09:00:00
2026-05-16,70521282,948,0,421.6179751959,-168.6471900783,-168.6471900783,0.3333333,3,3,0.50218230000000000,0.502182300000,-0.5849155494134425,-0.5849155494134426,-0.5849155494134425,0E-17,ELIGIBLE,R03b_20260811_FULL_v1,L1_ELIGIBILITY,v2026-08-11,2026-03-21..2026-08-06,baccarat_bet02_101_all_pairs_incl_sentinel,round_win = game_pnl > 0 (decisive only),COMPATIBILITY_ONLY_NOT_PRODUCTION,584473.8809,521750.0287,6633.3633,3770,3770,-0.01134929,-0.02064894,-0.00990944,-0.01134929,-6633.3633,584473.8809,OK,0.0000,265.3345,4.0000,96.0000,AG03-UNRESOLVED,ALL5_LEVELS_bet23_to_bet27,265.3345,265.3345,265.3345,331.6682,331.6682,4.000000,4.000000,4.000000,5.000000,5.000000,96.000000,96.000000,96.000000,95.000000,95.000000,5.0,1459.3399,1336.7936,5174.0234,5296.5697,PENDING_AG03,FALSE,NOT_FOR_ENFORCEMENT,6368.0288,500880.0275,6633.3633,6368.0288,265.3345,0.01134929,0.01089532,265.3345,6368.0288,0.01089532,265.3345,265.3345,265.3345,331.6682,331.6682,6368.0288,0.01089532,1459.3399,1336.7936,5174.0234,5296.5697,0.00885245,0.00906212,0.00045397,155.0329,138.3952,1.7595,127.5647,14.6756,11239.8823,72.5000,180.5550,151.7125,58.09,129.7286,157.9904,321.5856,428.8828,778.3716,93.4046,0.0,3.306,6.0,1.195055,16,80,84,2,0.13407078,0.01134929,0.02064894,0E-8,0.000000,0.892683,0.000000,-0.01073951,2026-03-25,2026-08-03,52,452,218,132,0.393939,1.190113,1.164624,0.446903,,,,,,,,GLOBAL_BASELINE_NO_ENTITY_RANKING,,,NOT_APPLICABLE_GLOBAL_BASELINE,HF9g-P5,,,,X 全窗基线 · 不参与实体赏罚,14190791,1420,A168_HF9F_20260827_0900,2026-08-27 09:00:00
2026-05-17,70521282,1109,0,238.4411810493,-62.5291889367,-62.5291889367,0.4000000,6,6,0.49547970000000000,0.495479700000,-0.42701565021644644,-0.42701565021644644,-0.42701565021644644,0E-17,ELIGIBLE,R03b_20260811_FULL_v1,L1_ELIGIBILITY,v2026-08-11,2026-03-21..2026-08-06,baccarat_bet02_101_all_pairs_incl_sentinel,round_win = game_pnl > 0 (decisive only),COMPATIBILITY_ONLY_NOT_PRODUCTION,584473.8809,521750.0287,6633.3633,3770,3770,-0.01134929,-0.02064894,-0.00990944,-0.01134929,-6633.3633,584473.8809,OK,0.0000,265.3345,4.0000,96.0000,AG03-UNRESOLVED,ALL5_LEVELS_bet23_to_bet27,265.3345,265.3345,265.3345,331.6682,331.6682,4.000000,4.000000,4.000000,5.000000,5.000000,96.000000,96.000000,96.000000,95.000000,95.000000,5.0,1459.3399,1336.7936,5174.0234,5296.5697,PENDING_AG03,FALSE,NOT_FOR_ENFORCEMENT,6368.0288,500880.0275,6633.3633,6368.0288,265.3345,0.01134929,0.01089532,265.3345,6368.0288,0.01089532,265.3345,265.3345,265.3345,331.6682,331.6682,6368.0288,0.01089532,1459.3399,1336.7936,5174.0234,5296.5697,0.00885245,0.00906212,0.00045397,155.0329,138.3952,1.7595,127.5647,14.6756,11239.8823,72.5000,180.5550,151.7125,58.09,129.7286,157.9904,321.5856,428.8828,778.3716,93.4046,0.0,3.306,6.0,1.195055,16,80,84,2,0.13407078,0.01134929,0.02064894,0E-8,0.000000,0.892683,0.000000,-0.01073951,2026-03-25,2026-08-03,52,452,218,132,0.393939,1.190113,1.164624,0.446903,,,,,,,,GLOBAL_BASELINE_NO_ENTITY_RANKING,,,NOT_APPLICABLE_GLOBAL_BASELINE,HF9g-P5,,,,X 全窗基线 · 不参与实体赏罚,14190792,1420,A168_HF9F_20260827_0900,2026-08-27 09:00:00
2026-05-17,70521282,1221,0,1824.5031394325,387.3696227493,387.3696227493,0.6153846,14,14,0.49611804285714286,0.496118042857,0.8600694075727893,0.8600694075738214,0.8600694075727893,1.4286E-13,ELIGIBLE,R03b_20260811_FULL_v1,L1_ELIGIBILITY,v2026-08-11,2026-03-21..2026-08-06,baccarat_bet02_101_all_pairs_incl_sentinel,round_win = game_pnl > 0 (decisive only),COMPATIBILITY_ONLY_NOT_PRODUCTION,584473.8809,521750.0287,6633.3633,3770,3770,-0.01134929,-0.02064894,-0.00990944,-0.01134929,-6633.3633,584473.8809,OK,0.0000,265.3345,4.0000,96.0000,AG03-UNRESOLVED,ALL5_LEVELS_bet23_to_bet27,265.3345,265.3345,265.3345,331.6682,331.6682,4.000000,4.000000,4.000000,5.000000,5.000000,96.000000,96.000000,96.000000,95.000000,95.000000,5.0,1459.3399,1336.7936,5174.0234,5296.5697,PENDING_AG03,FALSE,NOT_FOR_ENFORCEMENT,6368.0288,500880.0275,6633.3633,6368.0288,265.3345,0.01134929,0.01089532,265.3345,6368.0288,0.01089532,265.3345,265.3345,265.3345,331.6682,331.6682,6368.0288,0.01089532,1459.3399,1336.7936,5174.0234,5296.5697,0.00885245,0.00906212,0.00045397,155.0329,138.3952,1.7595,127.5647,14.6756,11239.8823,72.5000,180.5550,151.7125,58.09,129.7286,157.9904,321.5856,428.8828,778.3716,93.4046,0.0,3.306,6.0,1.195055,16,80,84,2,0.13407078,0.01134929,0.02064894,0E-8,0.000000,0.892683,0.000000,-0.01073951,2026-03-25,2026-08-03,52,452,218,132,0.393939,1.190113,1.164624,0.446903,,,,,,,,GLOBAL_BASELINE_NO_ENTITY_RANKING,,,NOT_APPLICABLE_GLOBAL_BASELINE,HF9g-P5,,,,X 全窗基线 · 不参与实体赏罚,14190793,1420,A168_HF9F_20260827_0900,2026-08-27 09:00:00
2026-05-17,70521282,1299,0,695.3453375539,16.6052617922,16.6052617922,0.5000000,5,5,0.50128862000000000,0.501288620000,-0.0051544971185412255,-0.0051544971185412255,-0.0051544971185412255,0E-17,ELIGIBLE,R03b_20260811_FULL_v1,L1_ELIGIBILITY,v2026-08-11,2026-03-21..2026-08-06,baccarat_bet02_101_all_pairs_incl_sentinel,round_win = game_pnl > 0 (decisive only),COMPATIBILITY_ONLY_NOT_PRODUCTION,584473.8809,521750.0287,6633.3633,3770,3770,-0.01134929,-0.02064894,-0.00990944,-0.01134929,-6633.3633,584473.8809,OK,0.0000,265.3345,4.0000,96.0000,AG03-UNRESOLVED,ALL5_LEVELS_bet23_to_bet27,265.3345,265.3345,265.3345,331.6682,331.6682,4.000000,4.000000,4.000000,5.000000,5.000000,96.000000,96.000000,96.000000,95.000000,95.000000,5.0,1459.3399,1336.7936,5174.0234,5296.5697,PENDING_AG03,FALSE,NOT_FOR_ENFORCEMENT,6368.0288,500880.0275,6633.3633,6368.0288,265.3345,0.01134929,0.01089532,265.3345,6368.0288,0.01089532,265.3345,265.3345,265.3345,331.6682,331.6682,6368.0288,0.01089532,1459.3399,1336.7936,5174.0234,5296.5697,0.00885245,0.00906212,0.00045397,155.0329,138.3952,1.7595,127.5647,14.6756,11239.8823,72.5000,180.5550,151.7125,58.09,129.7286,157.9904,321.5856,428.8828,778.3716,93.4046,0.0,3.306,6.0,1.195055,16,80,84,2,0.13407078,0.01134929,0.02064894,0E-8,0.000000,0.892683,0.000000,-0.01073951,2026-03-25,2026-08-03,52,452,218,132,0.393939,1.190113,1.164624,0.446903,,,,,,,,GLOBAL_BASELINE_NO_ENTITY_RANKING,,,NOT_APPLICABLE_GLOBAL_BASELINE,HF9g-P5,,,,X 全窗基线 · 不参与实体赏罚,14190794,1420,A168_HF9F_20260827_0900,2026-08-27 09:00:00
2026-05-17,70521282,1353,0,1297.5455347413,-650.7186964869,-650.7186964869,0.2500000,9,9,0.49622443333333333,0.496224433333,-1.3928954437773187,-1.39289544377544,-1.3928954437773187,3.3333E-13,ELIGIBLE,R03b_20260811_FULL_v1,L1_ELIGIBILITY,v2026-08-11,2026-03-21..2026-08-06,baccarat_bet02_101_all_pairs_incl_sentinel,round_win = game_pnl > 0 (decisive only),COMPATIBILITY_ONLY_NOT_PRODUCTION,584473.8809,521750.0287,6633.3633,3770,3770,-0.01134929,-0.02064894,-0.00990944,-0.01134929,-6633.3633,584473.8809,OK,0.0000,265.3345,4.0000,96.0000,AG03-UNRESOLVED,ALL5_LEVELS_bet23_to_bet27,265.3345,265.3345,265.3345,331.6682,331.6682,4.000000,4.000000,4.000000,5.000000,5.000000,96.000000,96.000000,96.000000,95.000000,95.000000,5.0,1459.3399,1336.7936,5174.0234,5296.5697,PENDING_AG03,FALSE,NOT_FOR_ENFORCEMENT,6368.0288,500880.0275,6633.3633,6368.0288,265.3345,0.01134929,0.01089532,265.3345,6368.0288,0.01089532,265.3345,265.3345,265.3345,331.6682,331.6682,6368.0288,0.01089532,1459.3399,1336.7936,5174.0234,5296.5697,0.00885245,0.00906212,0.00045397,155.0329,138.3952,1.7595,127.5647,14.6756,11239.8823,72.5000,180.5550,151.7125,58.09,129.7286,157.9904,321.5856,428.8828,778.3716,93.4046,0.0,3.306,6.0,1.195055,16,80,84,2,0.13407078,0.01134929,0.02064894,0E-8,0.000000,0.892683,0.000000,-0.01073951,2026-03-25,2026-08-03,52,452,218,132,0.393939,1.190113,1.164624,0.446903,,,,,,,,GLOBAL_BASELINE_NO_ENTITY_RANKING,,,NOT_APPLICABLE_GLOBAL_BASELINE,HF9g-P5,,,,X 全窗基线 · 不参与实体赏罚,14190795,1420,A168_HF9F_20260827_0900,2026-08-27 09:00:00
2026-05-17,70521282,1383,0,452.7528410565,-182.9173369311,-182.9173369311,0.2500000,4,4,0.50329940000000000,0.503299400000,-1.013219660140378,-1.013219660140378,-1.013219660140378,0E-17,ELIGIBLE,R03b_20260811_FULL_v1,L1_ELIGIBILITY,v2026-08-11,2026-03-21..2026-08-06,baccarat_bet02_101_all_pairs_incl_sentinel,round_win = game_pnl > 0 (decisive only),COMPATIBILITY_ONLY_NOT_PRODUCTION,584473.8809,521750.0287,6633.3633,3770,3770,-0.01134929,-0.02064894,-0.00990944,-0.01134929,-6633.3633,584473.8809,OK,0.0000,265.3345,4.0000,96.0000,AG03-UNRESOLVED,ALL5_LEVELS_bet23_to_bet27,265.3345,265.3345,265.3345,331.6682,331.6682,4.000000,4.000000,4.000000,5.000000,5.000000,96.000000,96.000000,96.000000,95.000000,95.000000,5.0,1459.3399,1336.7936,5174.0234,5296.5697,PENDING_AG03,FALSE,NOT_FOR_ENFORCEMENT,6368.0288,500880.0275,6633.3633,6368.0288,265.3345,0.01134929,0.01089532,265.3345,6368.0288,0.01089532,265.3345,265.3345,265.3345,331.6682,331.6682,6368.0288,0.01089532,1459.3399,1336.7936,5174.0234,5296.5697,0.00885245,0.00906212,0.00045397,155.0329,138.3952,1.7595,127.5647,14.6756,11239.8823,72.5000,180.5550,151.7125,58.09,129.7286,157.9904,321.5856,428.8828,778.3716,93.4046,0.0,3.306,6.0,1.195055,16,80,84,2,0.13407078,0.01134929,0.02064894,0E-8,0.000000,0.892683,0.000000,-0.01073951,2026-03-25,2026-08-03,52,452,218,132,0.393939,1.190113,1.164624,0.446903,,,,,,,,GLOBAL_BASELINE_NO_ENTITY_RANKING,,,NOT_APPLICABLE_GLOBAL_BASELINE,HF9g-P5,,,,X 全窗基线 · 不参与实体赏罚,14190796,1420,A168_HF9F_20260827_0900,2026-08-27 09:00:00
2026-05-17,70521282,1385,0,1556.7432930310,1517.8247107052,1517.8247107052,1.0000000,2,2,0.49994810000000000,0.499948100000,1.4143603653603398,1.4143603653603398,1.4143603653603398,0E-17,ELIGIBLE,R03b_20260811_FULL_v1,L1_ELIGIBILITY,v2026-08-11,2026-03-21..2026-08-06,baccarat_bet02_101_all_pairs_incl_sentinel,round_win = game_pnl > 0 (decisive only),COMPATIBILITY_ONLY_NOT_PRODUCTION,584473.8809,521750.0287,6633.3633,3770,3770,-0.01134929,-0.02064894,-0.00990944,-0.01134929,-6633.3633,584473.8809,OK,0.0000,265.3345,4.0000,96.0000,AG03-UNRESOLVED,ALL5_LEVELS_bet23_to_bet27,265.3345,265.3345,265.3345,331.6682,331.6682,4.000000,4.000000,4.000000,5.000000,5.000000,96.000000,96.000000,96.000000,95.000000,95.000000,5.0,1459.3399,1336.7936,5174.0234,5296.5697,PENDING_AG03,FALSE,NOT_FOR_ENFORCEMENT,6368.0288,500880.0275,6633.3633,6368.0288,265.3345,0.01134929,0.01089532,265.3345,6368.0288,0.01089532,265.3345,265.3345,265.3345,331.6682,331.6682,6368.0288,0.01089532,1459.3399,1336.7936,5174.0234,5296.5697,0.00885245,0.00906212,0.00045397,155.0329,138.3952,1.7595,127.5647,14.6756,11239.8823,72.5000,180.5550,151.7125,58.09,129.7286,157.9904,321.5856,428.8828,778.3716,93.4046,0.0,3.306,6.0,1.195055,16,80,84,2,0.13407078,0.01134929,0.02064894,0E-8,0.000000,0.892683,0.000000,-0.01073951,2026-03-25,2026-08-03,52,452,218,132,0.393939,1.190113,1.164624,0.446903,,,,,,,,GLOBAL_BASELINE_NO_ENTITY_RANKING,,,NOT_APPLICABLE_GLOBAL_BASELINE,HF9g-P5,,,,X 全窗基线 · 不参与实体赏罚,14190797,1420,A168_HF9F_20260827_0900,2026-08-27 09:00:00
2026-05-17,70521282,1623,0,2309.6881324269,-463.0014010690,-463.0014010690,0.5454545,11,11,0.50299473636363636,0.502994736364,0.2816515628482435,0.2816515628458326,0.2816515628482435,-3.6364E-13,ELIGIBLE,R03b_20260811_FULL_v1,L1_ELIGIBILITY,v2026-08-11,2026-03-21..2026-08-06,baccarat_bet02_101_all_pairs_incl_sentinel,round_win = game_pnl > 0 (decisive only),COMPATIBILITY_ONLY_NOT_PRODUCTION,584473.8809,521750.0287,6633.3633,3770,3770,-0.01134929,-0.02064894,-0.00990944,-0.01134929,-6633.3633,584473.8809,OK,0.0000,265.3345,4.0000,96.0000,AG03-UNRESOLVED,ALL5_LEVELS_bet23_to_bet27,265.3345,265.3345,265.3345,331.6682,331.6682,4.000000,4.000000,4.000000,5.000000,5.000000,96.000000,96.000000,96.000000,95.000000,95.000000,5.0,1459.3399,1336.7936,5174.0234,5296.5697,PENDING_AG03,FALSE,NOT_FOR_ENFORCEMENT,6368.0288,500880.0275,6633.3633,6368.0288,265.3345,0.01134929,0.01089532,265.3345,6368.0288,0.01089532,265.3345,265.3345,265.3345,331.6682,331.6682,6368.0288,0.01089532,1459.3399,1336.7936,5174.0234,5296.5697,0.00885245,0.00906212,0.00045397,155.0329,138.3952,1.7595,127.5647,14.6756,11239.8823,72.5000,180.5550,151.7125,58.09,129.7286,157.9904,321.5856,428.8828,778.3716,93.4046,0.0,3.306,6.0,1.195055,16,80,84,2,0.13407078,0.01134929,0.02064894,0E-8,0.000000,0.892683,0.000000,-0.01073951,2026-03-25,2026-08-03,52,452,218,132,0.393939,1.190113,1.164624,0.446903,,,,,,,,GLOBAL_BASELINE_NO_ENTITY_RANKING,,,NOT_APPLICABLE_GLOBAL_BASELINE,HF9g-P5,,,,X 全窗基线 · 不参与实体赏罚,14190798,1420,A168_HF9F_20260827_0900,2026-08-27 09:00:00
2026-05-17,70521282,1654,0,3442.9972497536,-647.7349385086,-647.7349385086,0.5000000,15,15,0.49682022000000000,0.496820220000,0.023795775853717272,0.023795775853717272,0.023795775853717272,0E-17,ELIGIBLE,R03b_20260811_FULL_v1,L1_ELIGIBILITY,v2026-08-11,2026-03-21..2026-08-06,baccarat_bet02_101_all_pairs_incl_sentinel,round_win = game_pnl > 0 (decisive only),COMPATIBILITY_ONLY_NOT_PRODUCTION,584473.8809,521750.0287,6633.3633,3770,3770,-0.01134929,-0.02064894,-0.00990944,-0.01134929,-6633.3633,584473.8809,OK,0.0000,265.3345,4.0000,96.0000,AG03-UNRESOLVED,ALL5_LEVELS_bet23_to_bet27,265.3345,265.3345,265.3345,331.6682,331.6682,4.000000,4.000000,4.000000,5.000000,5.000000,96.000000,96.000000,96.000000,95.000000,95.000000,5.0,1459.3399,1336.7936,5174.0234,5296.5697,PENDING_AG03,FALSE,NOT_FOR_ENFORCEMENT,6368.0288,500880.0275,6633.3633,6368.0288,265.3345,0.01134929,0.01089532,265.3345,6368.0288,0.01089532,265.3345,265.3345,265.3345,331.6682,331.6682,6368.0288,0.01089532,1459.3399,1336.7936,5174.0234,5296.5697,0.00885245,0.00906212,0.00045397,155.0329,138.3952,1.7595,127.5647,14.6756,11239.8823,72.5000,180.5550,151.7125,58.09,129.7286,157.9904,321.5856,428.8828,778.3716,93.4046,0.0,3.306,6.0,1.195055,16,80,84,2,0.13407078,0.01134929,0.02064894,0E-8,0.000000,0.892683,0.000000,-0.01073951,2026-03-25,2026-08-03,52,452,218,132,0.393939,1.190113,1.164624,0.446903,,,,,,,,GLOBAL_BASELINE_NO_ENTITY_RANKING,,,NOT_APPLICABLE_GLOBAL_BASELINE,HF9g-P5,,,,X 全窗基线 · 不参与实体赏罚,14190799,1420,A168_HF9F_20260827_0900,2026-08-27 09:00:00
2026-05-17,70521282,1710,0,3733.8487883349,1513.4139380416,1513.4139380416,0.7692308,15,15,0.49950126000000000,0.499501260000,1.9450481197035068,1.945048119703507,1.9450481197035068,0E-17,ELIGIBLE,R03b_20260811_FULL_v1,L1_ELIGIBILITY,v2026-08-11,2026-03-21..2026-08-06,baccarat_bet02_101_all_pairs_incl_sentinel,round_win = game_pnl > 0 (decisive only),COMPATIBILITY_ONLY_NOT_PRODUCTION,584473.8809,521750.0287,6633.3633,3770,3770,-0.01134929,-0.02064894,-0.00990944,-0.01134929,-6633.3633,584473.8809,OK,0.0000,265.3345,4.0000,96.0000,AG03-UNRESOLVED,ALL5_LEVELS_bet23_to_bet27,265.3345,265.3345,265.3345,331.6682,331.6682,4.000000,4.000000,4.000000,5.000000,5.000000,96.000000,96.000000,96.000000,95.000000,95.000000,5.0,1459.3399,1336.7936,5174.0234,5296.5697,PENDING_AG03,FALSE,NOT_FOR_ENFORCEMENT,6368.0288,500880.0275,6633.3633,6368.0288,265.3345,0.01134929,0.01089532,265.3345,6368.0288,0.01089532,265.3345,265.3345,265.3345,331.6682,331.6682,6368.0288,0.01089532,1459.3399,1336.7936,5174.0234,5296.5697,0.00885245,0.00906212,0.00045397,155.0329,138.3952,1.7595,127.5647,14.6756,11239.8823,72.5000,180.5550,151.7125,58.09,129.7286,157.9904,321.5856,428.8828,778.3716,93.4046,0.0,3.306,6.0,1.195055,16,80,84,2,0.13407078,0.01134929,0.02064894,0E-8,0.000000,0.892683,0.000000,-0.01073951,2026-03-25,2026-08-03,52,452,218,132,0.393939,1.190113,1.164624,0.446903,,,,,,,,GLOBAL_BASELINE_NO_ENTITY_RANKING,,,NOT_APPLICABLE_GLOBAL_BASELINE,HF9g-P5,,,,X 全窗基线 · 不参与实体赏罚,14190800,1420,A168_HF9F_20260827_0900,2026-08-27 09:00:00
2026-05-17,70521282,1942,0,2701.2090706240,73.7377406465,73.7377406465,0.5833333,26,26,0.49891693076923077,0.498916930769,0.8271103892813949,0.8271103892836568,0.8271103892813949,2.3077E-13,ELIGIBLE,R03b_20260811_FULL_v1,L1_ELIGIBILITY,v2026-08-11,2026-03-21..2026-08-06,baccarat_bet02_101_all_pairs_incl_sentinel,round_win = game_pnl > 0 (decisive only),COMPATIBILITY_ONLY_NOT_PRODUCTION,584473.8809,521750.0287,6633.3633,3770,3770,-0.01134929,-0.02064894,-0.00990944,-0.01134929,-6633.3633,584473.8809,OK,0.0000,265.3345,4.0000,96.0000,AG03-UNRESOLVED,ALL5_LEVELS_bet23_to_bet27,265.3345,265.3345,265.3345,331.6682,331.6682,4.000000,4.000000,4.000000,5.000000,5.000000,96.000000,96.000000,96.000000,95.000000,95.000000,5.0,1459.3399,1336.7936,5174.0234,5296.5697,PENDING_AG03,FALSE,NOT_FOR_ENFORCEMENT,6368.0288,500880.0275,6633.3633,6368.0288,265.3345,0.01134929,0.01089532,265.3345,6368.0288,0.01089532,265.3345,265.3345,265.3345,331.6682,331.6682,6368.0288,0.01089532,1459.3399,1336.7936,5174.0234,5296.5697,0.00885245,0.00906212,0.00045397,155.0329,138.3952,1.7595,127.5647,14.6756,11239.8823,72.5000,180.5550,151.7125,58.09,129.7286,157.9904,321.5856,428.8828,778.3716,93.4046,0.0,3.306,6.0,1.195055,16,80,84,2,0.13407078,0.01134929,0.02064894,0E-8,0.000000,0.892683,0.000000,-0.01073951,2026-03-25,2026-08-03,52,452,218,132,0.393939,1.190113,1.164624,0.446903,,,,,,,,GLOBAL_BASELINE_NO_ENTITY_RANKING,,,NOT_APPLICABLE_GLOBAL_BASELINE,HF9g-P5,,,,X 全窗基线 · 不参与实体赏罚,14190801,1420,A168_HF9F_20260827_0900,2026-08-27 09:00:00
2026-05-17,70521282,2160,0,129.7286077526,129.7286077526,129.7286077526,1.0000000,1,1,0.49324550000000000,0.493245500000,1.01360149184955,1.01360149184955,1.01360149184955,0E-17,ELIGIBLE,R03b_20260811_FULL_v1,L1_ELIGIBILITY,v2026-08-11,2026-03-21..2026-08-06,baccarat_bet02_101_all_pairs_incl_sentinel,round_win = game_pnl > 0 (decisive only),COMPATIBILITY_ONLY_NOT_PRODUCTION,584473.8809,521750.0287,6633.3633,3770,3770,-0.01134929,-0.02064894,-0.00990944,-0.01134929,-6633.3633,584473.8809,OK,0.0000,265.3345,4.0000,96.0000,AG03-UNRESOLVED,ALL5_LEVELS_bet23_to_bet27,265.3345,265.3345,265.3345,331.6682,331.6682,4.000000,4.000000,4.000000,5.000000,5.000000,96.000000,96.000000,96.000000,95.000000,95.000000,5.0,1459.3399,1336.7936,5174.0234,5296.5697,PENDING_AG03,FALSE,NOT_FOR_ENFORCEMENT,6368.0288,500880.0275,6633.3633,6368.0288,265.3345,0.01134929,0.01089532,265.3345,6368.0288,0.01089532,265.3345,265.3345,265.3345,331.6682,331.6682,6368.0288,0.01089532,1459.3399,1336.7936,5174.0234,5296.5697,0.00885245,0.00906212,0.00045397,155.0329,138.3952,1.7595,127.5647,14.6756,11239.8823,72.5000,180.5550,151.7125,58.09,129.7286,157.9904,321.5856,428.8828,778.3716,93.4046,0.0,3.306,6.0,1.195055,16,80,84,2,0.13407078,0.01134929,0.02064894,0E-8,0.000000,0.892683,0.000000,-0.01073951,2026-03-25,2026-08-03,52,452,218,132,0.393939,1.190113,1.164624,0.446903,,,,,,,,GLOBAL_BASELINE_NO_ENTITY_RANKING,,,NOT_APPLICABLE_GLOBAL_BASELINE,HF9g-P5,,,,X 全窗基线 · 不参与实体赏罚,14190802,1420,A168_HF9F_20260827_0900,2026-08-27 09:00:00
2026-05-17,70521282,2271,0,177.7281926210,-177.7281926210,-177.7281926210,0E-7,2,2,0.49994810000000000,0.499948100000,-1.4140667746232096,-1.4140667746232096,-1.4140667746232096,0E-17,ELIGIBLE,R03b_20260811_FULL_v1,L1_ELIGIBILITY,v2026-08-11,2026-03-21..2026-08-06,baccarat_bet02_101_all_pairs_incl_sentinel,round_win = game_pnl > 0 (decisive only),COMPATIBILITY_ONLY_NOT_PRODUCTION,584473.8809,521750.0287,6633.3633,3770,3770,-0.01134929,-0.02064894,-0.00990944,-0.01134929,-6633.3633,584473.8809,OK,0.0000,265.3345,4.0000,96.0000,AG03-UNRESOLVED,ALL5_LEVELS_bet23_to_bet27,265.3345,265.3345,265.3345,331.6682,331.6682,4.000000,4.000000,4.000000,5.000000,5.000000,96.000000,96.000000,96.000000,95.000000,95.000000,5.0,1459.3399,1336.7936,5174.0234,5296.5697,PENDING_AG03,FALSE,NOT_FOR_ENFORCEMENT,6368.0288,500880.0275,6633.3633,6368.0288,265.3345,0.01134929,0.01089532,265.3345,6368.0288,0.01089532,265.3345,265.3345,265.3345,331.6682,331.6682,6368.0288,0.01089532,1459.3399,1336.7936,5174.0234,5296.5697,0.00885245,0.00906212,0.00045397,155.0329,138.3952,1.7595,127.5647,14.6756,11239.8823,72.5000,180.5550,151.7125,58.09,129.7286,157.9904,321.5856,428.8828,778.3716,93.4046,0.0,3.306,6.0,1.195055,16,80,84,2,0.13407078,0.01134929,0.02064894,0E-8,0.000000,0.892683,0.000000,-0.01073951,2026-03-25,2026-08-03,52,452,218,132,0.393939,1.190113,1.164624,0.446903,,,,,,,,GLOBAL_BASELINE_NO_ENTITY_RANKING,,,NOT_APPLICABLE_GLOBAL_BASELINE,HF9g-P5,,,,X 全窗基线 · 不参与实体赏罚,14190803,1420,A168_HF9F_20260827_0900,2026-08-27 09:00:00
2026-05-17,70521282,789,0,2096.6737584972,-355.4044937987,-355.4044937987,0.4000000,18,18,0.50069283333333333,0.500692833333,-0.7799640819588782,-0.7799640819562956,-0.7799640819588782,3.3333E-13,ELIGIBLE,R03b_20260811_FULL_v1,L1_ELIGIBILITY,v2026-08-11,2026-03-21..2026-08-06,baccarat_bet02_101_all_pairs_incl_sentinel,round_win = game_pnl > 0 (decisive only),COMPATIBILITY_ONLY_NOT_PRODUCTION,584473.8809,521750.0287,6633.3633,3770,3770,-0.01134929,-0.02064894,-0.00990944,-0.01134929,-6633.3633,584473.8809,OK,0.0000,265.3345,4.0000,96.0000,AG03-UNRESOLVED,ALL5_LEVELS_bet23_to_bet27,265.3345,265.3345,265.3345,331.6682,331.6682,4.000000,4.000000,4.000000,5.000000,5.000000,96.000000,96.000000,96.000000,95.000000,95.000000,5.0,1459.3399,1336.7936,5174.0234,5296.5697,PENDING_AG03,FALSE,NOT_FOR_ENFORCEMENT,6368.0288,500880.0275,6633.3633,6368.0288,265.3345,0.01134929,0.01089532,265.3345,6368.0288,0.01089532,265.3345,265.3345,265.3345,331.6682,331.6682,6368.0288,0.01089532,1459.3399,1336.7936,5174.0234,5296.5697,0.00885245,0.00906212,0.00045397,155.0329,138.3952,1.7595,127.5647,14.6756,11239.8823,72.5000,180.5550,151.7125,58.09,129.7286,157.9904,321.5856,428.8828,778.3716,93.4046,0.0,3.306,6.0,1.195055,16,80,84,2,0.13407078,0.01134929,0.02064894,0E-8,0.000000,0.892683,0.000000,-0.01073951,2026-03-25,2026-08-03,52,452,218,132,0.393939,1.190113,1.164624,0.446903,,,,,,,,GLOBAL_BASELINE_NO_ENTITY_RANKING,,,NOT_APPLICABLE_GLOBAL_BASELINE,HF9g-P5,,,,X 全窗基线 · 不参与实体赏罚,14190804,1420,A168_HF9F_20260827_0900,2026-08-27 09:00:00
2026-05-18,70521282,1017,0,845.8305225469,-630.4810336776,-630.4810336776,0E-7,4,4,0.49659680000000000,0.496596800000,-1.7203016256901094,-1.7203016256901091,-1.7203016256901094,0E-17,ELIGIBLE,R03b_20260811_FULL_v1,L1_ELIGIBILITY,v2026-08-11,2026-03-21..2026-08-06,baccarat_bet02_101_all_pairs_incl_sentinel,round_win = game_pnl > 0 (decisive only),COMPATIBILITY_ONLY_NOT_PRODUCTION,584473.8809,521750.0287,6633.3633,3770,3770,-0.01134929,-0.02064894,-0.00990944,-0.01134929,-6633.3633,584473.8809,OK,0.0000,265.3345,4.0000,96.0000,AG03-UNRESOLVED,ALL5_LEVELS_bet23_to_bet27,265.3345,265.3345,265.3345,331.6682,331.6682,4.000000,4.000000,4.000000,5.000000,5.000000,96.000000,96.000000,96.000000,95.000000,95.000000,5.0,1459.3399,1336.7936,5174.0234,5296.5697,PENDING_AG03,FALSE,NOT_FOR_ENFORCEMENT,6368.0288,500880.0275,6633.3633,6368.0288,265.3345,0.01134929,0.01089532,265.3345,6368.0288,0.01089532,265.3345,265.3345,265.3345,331.6682,331.6682,6368.0288,0.01089532,1459.3399,1336.7936,5174.0234,5296.5697,0.00885245,0.00906212,0.00045397,155.0329,138.3952,1.7595,127.5647,14.6756,11239.8823,72.5000,180.5550,151.7125,58.09,129.7286,157.9904,321.5856,428.8828,778.3716,93.4046,0.0,3.306,6.0,1.195055,16,80,84,2,0.13407078,0.01134929,0.02064894,0E-8,0.000000,0.892683,0.000000,-0.01073951,2026-03-25,2026-08-03,52,452,218,132,0.393939,1.190113,1.164624,0.446903,,,,,,,,GLOBAL_BASELINE_NO_ENTITY_RANKING,,,NOT_APPLICABLE_GLOBAL_BASELINE,HF9g-P5,,,,X 全窗基线 · 不参与实体赏罚,14190805,1420,A168_HF9F_20260827_0900,2026-08-27 09:00:00
2026-05-18,70521282,1205,0,287.9975092107,15.5674329303,15.5674329303,0.5000000,2,2,0.49994810000000000,0.499948100000,0.00014679536856514622,0.00014679536856514622,0.00014679536856514622,0E-17,ELIGIBLE,R03b_20260811_FULL_v1,L1_ELIGIBILITY,v2026-08-11,2026-03-21..2026-08-06,baccarat_bet02_101_all_pairs_incl_sentinel,round_win = game_pnl > 0 (decisive only),COMPATIBILITY_ONLY_NOT_PRODUCTION,584473.8809,521750.0287,6633.3633,3770,3770,-0.01134929,-0.02064894,-0.00990944,-0.01134929,-6633.3633,584473.8809,OK,0.0000,265.3345,4.0000,96.0000,AG03-UNRESOLVED,ALL5_LEVELS_bet23_to_bet27,265.3345,265.3345,265.3345,331.6682,331.6682,4.000000,4.000000,4.000000,5.000000,5.000000,96.000000,96.000000,96.000000,95.000000,95.000000,5.0,1459.3399,1336.7936,5174.0234,5296.5697,PENDING_AG03,FALSE,NOT_FOR_ENFORCEMENT,6368.0288,500880.0275,6633.3633,6368.0288,265.3345,0.01134929,0.01089532,265.3345,6368.0288,0.01089532,265.3345,265.3345,265.3345,331.6682,331.6682,6368.0288,0.01089532,1459.3399,1336.7936,5174.0234,5296.5697,0.00885245,0.00906212,0.00045397,155.0329,138.3952,1.7595,127.5647,14.6756,11239.8823,72.5000,180.5550,151.7125,58.09,129.7286,157.9904,321.5856,428.8828,778.3716,93.4046,0.0,3.306,6.0,1.195055,16,80,84,2,0.13407078,0.01134929,0.02064894,0E-8,0.000000,0.892683,0.000000,-0.01073951,2026-03-25,2026-08-03,52,452,218,132,0.393939,1.190113,1.164624,0.446903,,,,,,,,GLOBAL_BASELINE_NO_ENTITY_RANKING,,,NOT_APPLICABLE_GLOBAL_BASELINE,HF9g-P5,,,,X 全窗基线 · 不参与实体赏罚,14190806,1420,A168_HF9F_20260827_0900,2026-08-27 09:00:00
2026-05-18,70521282,1221,0,535.7791500182,110.2044522858,110.2044522858,0.6666667,4,4,0.49994810000000000,0.499948100000,0.5775300591747329,0.5775300591747329,0.5775300591747329,0E-17,ELIGIBLE,R03b_20260811_FULL_v1,L1_ELIGIBILITY,v2026-08-11,2026-03-21..2026-08-06,baccarat_bet02_101_all_pairs_incl_sentinel,round_win = game_pnl > 0 (decisive only),COMPATIBILITY_ONLY_NOT_PRODUCTION,584473.8809,521750.0287,6633.3633,3770,3770,-0.01134929,-0.02064894,-0.00990944,-0.01134929,-6633.3633,584473.8809,OK,0.0000,265.3345,4.0000,96.0000,AG03-UNRESOLVED,ALL5_LEVELS_bet23_to_bet27,265.3345,265.3345,265.3345,331.6682,331.6682,4.000000,4.000000,4.000000,5.000000,5.000000,96.000000,96.000000,96.000000,95.000000,95.000000,5.0,1459.3399,1336.7936,5174.0234,5296.5697,PENDING_AG03,FALSE,NOT_FOR_ENFORCEMENT,6368.0288,500880.0275,6633.3633,6368.0288,265.3345,0.01134929,0.01089532,265.3345,6368.0288,0.01089532,265.3345,265.3345,265.3345,331.6682,331.6682,6368.0288,0.01089532,1459.3399,1336.7936,5174.0234,5296.5697,0.00885245,0.00906212,0.00045397,155.0329,138.3952,1.7595,127.5647,14.6756,11239.8823,72.5000,180.5550,151.7125,58.09,129.7286,157.9904,321.5856,428.8828,778.3716,93.4046,0.0,3.306,6.0,1.195055,16,80,84,2,0.13407078,0.01134929,0.02064894,0E-8,0.000000,0.892683,0.000000,-0.01073951,2026-03-25,2026-08-03,52,452,218,132,0.393939,1.190113,1.164624,0.446903,,,,,,,,GLOBAL_BASELINE_NO_ENTITY_RANKING,,,NOT_APPLICABLE_GLOBAL_BASELINE,HF9g-P5,,,,X 全窗基线 · 不参与实体赏罚,14190807,1420,A168_HF9F_20260827_0900,2026-08-27 09:00:00
2026-05-18,70521282,1299,0,390.7425665508,-390.7425665508,-390.7425665508,0E-7,2,2,0.49994810000000000,0.499948100000,-1.4140667746232096,-1.4140667746232096,-1.4140667746232096,0E-17,ELIGIBLE,R03b_20260811_FULL_v1,L1_ELIGIBILITY,v2026-08-11,2026-03-21..2026-08-06,baccarat_bet02_101_all_pairs_incl_sentinel,round_win = game_pnl > 0 (decisive only),COMPATIBILITY_ONLY_NOT_PRODUCTION,584473.8809,521750.0287,6633.3633,3770,3770,-0.01134929,-0.02064894,-0.00990944,-0.01134929,-6633.3633,584473.8809,OK,0.0000,265.3345,4.0000,96.0000,AG03-UNRESOLVED,ALL5_LEVELS_bet23_to_bet27,265.3345,265.3345,265.3345,331.6682,331.6682,4.000000,4.000000,4.000000,5.000000,5.000000,96.000000,96.000000,96.000000,95.000000,95.000000,5.0,1459.3399,1336.7936,5174.0234,5296.5697,PENDING_AG03,FALSE,NOT_FOR_ENFORCEMENT,6368.0288,500880.0275,6633.3633,6368.0288,265.3345,0.01134929,0.01089532,265.3345,6368.0288,0.01089532,265.3345,265.3345,265.3345,331.6682,331.6682,6368.0288,0.01089532,1459.3399,1336.7936,5174.0234,5296.5697,0.00885245,0.00906212,0.00045397,155.0329,138.3952,1.7595,127.5647,14.6756,11239.8823,72.5000,180.5550,151.7125,58.09,129.7286,157.9904,321.5856,428.8828,778.3716,93.4046,0.0,3.306,6.0,1.195055,16,80,84,2,0.13407078,0.01134929,0.02064894,0E-8,0.000000,0.892683,0.000000,-0.01073951,2026-03-25,2026-08-03,52,452,218,132,0.393939,1.190113,1.164624,0.446903,,,,,,,,GLOBAL_BASELINE_NO_ENTITY_RANKING,,,NOT_APPLICABLE_GLOBAL_BASELINE,HF9g-P5,,,,X 全窗基线 · 不参与实体赏罚,14190808,1420,A168_HF9F_20260827_0900,2026-08-27 09:00:00
2026-05-18,70521282,1304,0,1325.8263712314,775.7770743604,775.7770743604,0.8000000,6,6,0.49547970000000000,0.495479700000,1.3619118399891006,1.3619118399891006,1.3619118399891006,0E-17,ELIGIBLE,R03b_20260811_FULL_v1,L1_ELIGIBILITY,v2026-08-11,2026-03-21..2026-08-06,baccarat_bet02_101_all_pairs_incl_sentinel,round_win = game_pnl > 0 (decisive only),COMPATIBILITY_ONLY_NOT_PRODUCTION,584473.8809,521750.0287,6633.3633,3770,3770,-0.01134929,-0.02064894,-0.00990944,-0.01134929,-6633.3633,584473.8809,OK,0.0000,265.3345,4.0000,96.0000,AG03-UNRESOLVED,ALL5_LEVELS_bet23_to_bet27,265.3345,265.3345,265.3345,331.6682,331.6682,4.000000,4.000000,4.000000,5.000000,5.000000,96.000000,96.000000,96.000000,95.000000,95.000000,5.0,1459.3399,1336.7936,5174.0234,5296.5697,PENDING_AG03,FALSE,NOT_FOR_ENFORCEMENT,6368.0288,500880.0275,6633.3633,6368.0288,265.3345,0.01134929,0.01089532,265.3345,6368.0288,0.01089532,265.3345,265.3345,265.3345,331.6682,331.6682,6368.0288,0.01089532,1459.3399,1336.7936,5174.0234,5296.5697,0.00885245,0.00906212,0.00045397,155.0329,138.3952,1.7595,127.5647,14.6756,11239.8823,72.5000,180.5550,151.7125,58.09,129.7286,157.9904,321.5856,428.8828,778.3716,93.4046,0.0,3.306,6.0,1.195055,16,80,84,2,0.13407078,0.01134929,0.02064894,0E-8,0.000000,0.892683,0.000000,-0.01073951,2026-03-25,2026-08-03,52,452,218,132,0.393939,1.190113,1.164624,0.446903,,,,,,,,GLOBAL_BASELINE_NO_ENTITY_RANKING,,,NOT_APPLICABLE_GLOBAL_BASELINE,HF9g-P5,,,,X 全窗基线 · 不参与实体赏罚,14190809,1420,A168_HF9F_20260827_0900,2026-08-27 09:00:00
2026-05-18,70521282,1353,0,3002.4388978260,-266.7220175392,-266.7220175392,0.5333333,16,16,0.49575897500000000,0.495758975000,0.2910601985152381,0.2910601985152381,0.2910601985152381,0E-17,ELIGIBLE,R03b_20260811_FULL_v1,L1_ELIGIBILITY,v2026-08-11,2026-03-21..2026-08-06,baccarat_bet02_101_all_pairs_incl_sentinel,round_win = game_pnl > 0 (decisive only),COMPATIBILITY_ONLY_NOT_PRODUCTION,584473.8809,521750.0287,6633.3633,3770,3770,-0.01134929,-0.02064894,-0.00990944,-0.01134929,-6633.3633,584473.8809,OK,0.0000,265.3345,4.0000,96.0000,AG03-UNRESOLVED,ALL5_LEVELS_bet23_to_bet27,265.3345,265.3345,265.3345,331.6682,331.6682,4.000000,4.000000,4.000000,5.000000,5.000000,96.000000,96.000000,96.000000,95.000000,95.000000,5.0,1459.3399,1336.7936,5174.0234,5296.5697,PENDING_AG03,FALSE,NOT_FOR_ENFORCEMENT,6368.0288,500880.0275,6633.3633,6368.0288,265.3345,0.01134929,0.01089532,265.3345,6368.0288,0.01089532,265.3345,265.3345,265.3345,331.6682,331.6682,6368.0288,0.01089532,1459.3399,1336.7936,5174.0234,5296.5697,0.00885245,0.00906212,0.00045397,155.0329,138.3952,1.7595,127.5647,14.6756,11239.8823,72.5000,180.5550,151.7125,58.09,129.7286,157.9904,321.5856,428.8828,778.3716,93.4046,0.0,3.306,6.0,1.195055,16,80,84,2,0.13407078,0.01134929,0.02064894,0E-8,0.000000,0.892683,0.000000,-0.01073951,2026-03-25,2026-08-03,52,452,218,132,0.393939,1.190113,1.164624,0.446903,,,,,,,,GLOBAL_BASELINE_NO_ENTITY_RANKING,,,NOT_APPLICABLE_GLOBAL_BASELINE,HF9g-P5,,,,X 全窗基线 · 不参与实体赏罚,14190810,1420,A168_HF9F_20260827_0900,2026-08-27 09:00:00
2026-05-18,70521282,1363,0,1160.8115821701,-520.2895542525,-520.2895542525,0.4000000,6,6,0.50441650000000000,0.504416500000,-0.466983001748531,-0.466983001748531,-0.466983001748531,0E-17,ELIGIBLE,R03b_20260811_FULL_v1,L1_ELIGIBILITY,v2026-08-11,2026-03-21..2026-08-06,baccarat_bet02_101_all_pairs_incl_sentinel,round_win = game_pnl > 0 (decisive only),COMPATIBILITY_ONLY_NOT_PRODUCTION,584473.8809,521750.0287,6633.3633,3770,3770,-0.01134929,-0.02064894,-0.00990944,-0.01134929,-6633.3633,584473.8809,OK,0.0000,265.3345,4.0000,96.0000,AG03-UNRESOLVED,ALL5_LEVELS_bet23_to_bet27,265.3345,265.3345,265.3345,331.6682,331.6682,4.000000,4.000000,4.000000,5.000000,5.000000,96.000000,96.000000,96.000000,95.000000,95.000000,5.0,1459.3399,1336.7936,5174.0234,5296.5697,PENDING_AG03,FALSE,NOT_FOR_ENFORCEMENT,6368.0288,500880.0275,6633.3633,6368.0288,265.3345,0.01134929,0.01089532,265.3345,6368.0288,0.01089532,265.3345,265.3345,265.3345,331.6682,331.6682,6368.0288,0.01089532,1459.3399,1336.7936,5174.0234,5296.5697,0.00885245,0.00906212,0.00045397,155.0329,138.3952,1.7595,127.5647,14.6756,11239.8823,72.5000,180.5550,151.7125,58.09,129.7286,157.9904,321.5856,428.8828,778.3716,93.4046,0.0,3.306,6.0,1.195055,16,80,84,2,0.13407078,0.01134929,0.02064894,0E-8,0.000000,0.892683,0.000000,-0.01073951,2026-03-25,2026-08-03,52,452,218,132,0.393939,1.190113,1.164624,0.446903,,,,,,,,GLOBAL_BASELINE_NO_ENTITY_RANKING,,,NOT_APPLICABLE_GLOBAL_BASELINE,HF9g-P5,,,,X 全窗基线 · 不参与实体赏罚,14190811,1420,A168_HF9F_20260827_0900,2026-08-27 09:00:00
2026-05-18,70521282,1383,0,64.8643038763,-64.8643038763,-64.8643038763,0E-7,2,2,0.50665070000000000,0.506650700000,-1.4331513700195317,-1.4331513700195317,-1.4331513700195317,0E-17,ELIGIBLE,R03b_20260811_FULL_v1,L1_ELIGIBILITY,v2026-08-11,2026-03-21..2026-08-06,baccarat_bet02_101_all_pairs_incl_sentinel,round_win = game_pnl > 0 (decisive only),COMPATIBILITY_ONLY_NOT_PRODUCTION,584473.8809,521750.0287,6633.3633,3770,3770,-0.01134929,-0.02064894,-0.00990944,-0.01134929,-6633.3633,584473.8809,OK,0.0000,265.3345,4.0000,96.0000,AG03-UNRESOLVED,ALL5_LEVELS_bet23_to_bet27,265.3345,265.3345,265.3345,331.6682,331.6682,4.000000,4.000000,4.000000,5.000000,5.000000,96.000000,96.000000,96.000000,95.000000,95.000000,5.0,1459.3399,1336.7936,5174.0234,5296.5697,PENDING_AG03,FALSE,NOT_FOR_ENFORCEMENT,6368.0288,500880.0275,6633.3633,6368.0288,265.3345,0.01134929,0.01089532,265.3345,6368.0288,0.01089532,265.3345,265.3345,265.3345,331.6682,331.6682,6368.0288,0.01089532,1459.3399,1336.7936,5174.0234,5296.5697,0.00885245,0.00906212,0.00045397,155.0329,138.3952,1.7595,127.5647,14.6756,11239.8823,72.5000,180.5550,151.7125,58.09,129.7286,157.9904,321.5856,428.8828,778.3716,93.4046,0.0,3.306,6.0,1.195055,16,80,84,2,0.13407078,0.01134929,0.02064894,0E-8,0.000000,0.892683,0.000000,-0.01073951,2026-03-25,2026-08-03,52,452,218,132,0.393939,1.190113,1.164624,0.446903,,,,,,,,GLOBAL_BASELINE_NO_ENTITY_RANKING,,,NOT_APPLICABLE_GLOBAL_BASELINE,HF9g-P5,,,,X 全窗基线 · 不参与实体赏罚,14190812,1420,A168_HF9F_20260827_0900,2026-08-27 09:00:00
2026-05-18,70521282,1702,0,1362.9287530486,-324.8404338124,-324.8404338124,0.4000000,11,11,0.49568280909090909,0.495682809091,-0.6051737783451393,-0.6051737783457133,-0.6051737783451393,-9.091E-14,ELIGIBLE,R03b_20260811_FULL_v1,L1_ELIGIBILITY,v2026-08-11,2026-03-21..2026-08-06,baccarat_bet02_101_all_pairs_incl_sentinel,round_win = game_pnl > 0 (decisive only),COMPATIBILITY_ONLY_NOT_PRODUCTION,584473.8809,521750.0287,6633.3633,3770,3770,-0.01134929,-0.02064894,-0.00990944,-0.01134929,-6633.3633,584473.8809,OK,0.0000,265.3345,4.0000,96.0000,AG03-UNRESOLVED,ALL5_LEVELS_bet23_to_bet27,265.3345,265.3345,265.3345,331.6682,331.6682,4.000000,4.000000,4.000000,5.000000,5.000000,96.000000,96.000000,96.000000,95.000000,95.000000,5.0,1459.3399,1336.7936,5174.0234,5296.5697,PENDING_AG03,FALSE,NOT_FOR_ENFORCEMENT,6368.0288,500880.0275,6633.3633,6368.0288,265.3345,0.01134929,0.01089532,265.3345,6368.0288,0.01089532,265.3345,265.3345,265.3345,331.6682,331.6682,6368.0288,0.01089532,1459.3399,1336.7936,5174.0234,5296.5697,0.00885245,0.00906212,0.00045397,155.0329,138.3952,1.7595,127.5647,14.6756,11239.8823,72.5000,180.5550,151.7125,58.09,129.7286,157.9904,321.5856,428.8828,778.3716,93.4046,0.0,3.306,6.0,1.195055,16,80,84,2,0.13407078,0.01134929,0.02064894,0E-8,0.000000,0.892683,0.000000,-0.01073951,2026-03-25,2026-08-03,52,452,218,132,0.393939,1.190113,1.164624,0.446903,,,,,,,,GLOBAL_BASELINE_NO_ENTITY_RANKING,,,NOT_APPLICABLE_GLOBAL_BASELINE,HF9g-P5,,,,X 全窗基线 · 不参与实体赏罚,14190813,1420,A168_HF9F_20260827_0900,2026-08-27 09:00:00
2026-05-18,70521282,1704,0,93.4045975818,-31.1348658606,-31.1348658606,0.5000000,2,2,0.49324550000000000,0.493245500000,0.01910635448239258,0.01910635448239258,0.01910635448239258,0E-17,ELIGIBLE,R03b_20260811_FULL_v1,L1_ELIGIBILITY,v2026-08-11,2026-03-21..2026-08-06,baccarat_bet02_101_all_pairs_incl_sentinel,round_win = game_pnl > 0 (decisive only),COMPATIBILITY_ONLY_NOT_PRODUCTION,584473.8809,521750.0287,6633.3633,3770,3770,-0.01134929,-0.02064894,-0.00990944,-0.01134929,-6633.3633,584473.8809,OK,0.0000,265.3345,4.0000,96.0000,AG03-UNRESOLVED,ALL5_LEVELS_bet23_to_bet27,265.3345,265.3345,265.3345,331.6682,331.6682,4.000000,4.000000,4.000000,5.000000,5.000000,96.000000,96.000000,96.000000,95.000000,95.000000,5.0,1459.3399,1336.7936,5174.0234,5296.5697,PENDING_AG03,FALSE,NOT_FOR_ENFORCEMENT,6368.0288,500880.0275,6633.3633,6368.0288,265.3345,0.01134929,0.01089532,265.3345,6368.0288,0.01089532,265.3345,265.3345,265.3345,331.6682,331.6682,6368.0288,0.01089532,1459.3399,1336.7936,5174.0234,5296.5697,0.00885245,0.00906212,0.00045397,155.0329,138.3952,1.7595,127.5647,14.6756,11239.8823,72.5000,180.5550,151.7125,58.09,129.7286,157.9904,321.5856,428.8828,778.3716,93.4046,0.0,3.306,6.0,1.195055,16,80,84,2,0.13407078,0.01134929,0.02064894,0E-8,0.000000,0.892683,0.000000,-0.01073951,2026-03-25,2026-08-03,52,452,218,132,0.393939,1.190113,1.164624,0.446903,,,,,,,,GLOBAL_BASELINE_NO_ENTITY_RANKING,,,NOT_APPLICABLE_GLOBAL_BASELINE,HF9g-P5,,,,X 全窗基线 · 不参与实体赏罚,14190814,1420,A168_HF9F_20260827_0900,2026-08-27 09:00:00
2026-05-18,70521282,1710,0,794.1985366614,632.8161486172,632.8161486172,0.7500000,5,5,0.49592654000000000,0.495926540000,1.0163275685615971,1.0163275685615971,1.0163275685615971,0E-17,ELIGIBLE,R03b_20260811_FULL_v1,L1_ELIGIBILITY,v2026-08-11,2026-03-21..2026-08-06,baccarat_bet02_101_all_pairs_incl_sentinel,round_win = game_pnl > 0 (decisive only),COMPATIBILITY_ONLY_NOT_PRODUCTION,584473.8809,521750.0287,6633.3633,3770,3770,-0.01134929,-0.02064894,-0.00990944,-0.01134929,-6633.3633,584473.8809,OK,0.0000,265.3345,4.0000,96.0000,AG03-UNRESOLVED,ALL5_LEVELS_bet23_to_bet27,265.3345,265.3345,265.3345,331.6682,331.6682,4.000000,4.000000,4.000000,5.000000,5.000000,96.000000,96.000000,96.000000,95.000000,95.000000,5.0,1459.3399,1336.7936,5174.0234,5296.5697,PENDING_AG03,FALSE,NOT_FOR_ENFORCEMENT,6368.0288,500880.0275,6633.3633,6368.0288,265.3345,0.01134929,0.01089532,265.3345,6368.0288,0.01089532,265.3345,265.3345,265.3345,331.6682,331.6682,6368.0288,0.01089532,1459.3399,1336.7936,5174.0234,5296.5697,0.00885245,0.00906212,0.00045397,155.0329,138.3952,1.7595,127.5647,14.6756,11239.8823,72.5000,180.5550,151.7125,58.09,129.7286,157.9904,321.5856,428.8828,778.3716,93.4046,0.0,3.306,6.0,1.195055,16,80,84,2,0.13407078,0.01134929,0.02064894,0E-8,0.000000,0.892683,0.000000,-0.01073951,2026-03-25,2026-08-03,52,452,218,132,0.393939,1.190113,1.164624,0.446903,,,,,,,,GLOBAL_BASELINE_NO_ENTITY_RANKING,,,NOT_APPLICABLE_GLOBAL_BASELINE,HF9g-P5,,,,X 全窗基线 · 不参与实体赏罚,14190815,1420,A168_HF9F_20260827_0900,2026-08-27 09:00:00
2026-05-18,70521282,1750,0,261.7923304447,-129.7286077526,-129.7286077526,0E-7,2,2,0.49994810000000000,0.499948100000,-0.9998962053866608,-0.9998962053866608,-0.9998962053866608,0E-17,ELIGIBLE,R03b_20260811_FULL_v1,L1_ELIGIBILITY,v2026-08-11,2026-03-21..2026-08-06,baccarat_bet02_101_all_pairs_incl_sentinel,round_win = game_pnl > 0 (decisive only),COMPATIBILITY_ONLY_NOT_PRODUCTION,584473.8809,521750.0287,6633.3633,3770,3770,-0.01134929,-0.02064894,-0.00990944,-0.01134929,-6633.3633,584473.8809,OK,0.0000,265.3345,4.0000,96.0000,AG03-UNRESOLVED,ALL5_LEVELS_bet23_to_bet27,265.3345,265.3345,265.3345,331.6682,331.6682,4.000000,4.000000,4.000000,5.000000,5.000000,96.000000,96.000000,96.000000,95.000000,95.000000,5.0,1459.3399,1336.7936,5174.0234,5296.5697,PENDING_AG03,FALSE,NOT_FOR_ENFORCEMENT,6368.0288,500880.0275,6633.3633,6368.0288,265.3345,0.01134929,0.01089532,265.3345,6368.0288,0.01089532,265.3345,265.3345,265.3345,331.6682,331.6682,6368.0288,0.01089532,1459.3399,1336.7936,5174.0234,5296.5697,0.00885245,0.00906212,0.00045397,155.0329,138.3952,1.7595,127.5647,14.6756,11239.8823,72.5000,180.5550,151.7125,58.09,129.7286,157.9904,321.5856,428.8828,778.3716,93.4046,0.0,3.306,6.0,1.195055,16,80,84,2,0.13407078,0.01134929,0.02064894,0E-8,0.000000,0.892683,0.000000,-0.01073951,2026-03-25,2026-08-03,52,452,218,132,0.393939,1.190113,1.164624,0.446903,,,,,,,,GLOBAL_BASELINE_NO_ENTITY_RANKING,,,NOT_APPLICABLE_GLOBAL_BASELINE,HF9g-P5,,,,X 全窗基线 · 不参与实体赏罚,14190816,1420,A168_HF9F_20260827_0900,2026-08-27 09:00:00
2026-05-18,70521282,1947,0,7258.3156037573,-542.3304447095,-542.3304447095,0.5161290,35,35,0.49745856285714286,0.497458562857,0.20790823407099704,0.20790823407258818,0.20790823407099704,1.4286E-13,ELIGIBLE,R03b_20260811_FULL_v1,L1_ELIGIBILITY,v2026-08-11,2026-03-21..2026-08-06,baccarat_bet02_101_all_pairs_incl_sentinel,round_win = game_pnl > 0 (decisive only),COMPATIBILITY_ONLY_NOT_PRODUCTION,584473.8809,521750.0287,6633.3633,3770,3770,-0.01134929,-0.02064894,-0.00990944,-0.01134929,-6633.3633,584473.8809,OK,0.0000,265.3345,4.0000,96.0000,AG03-UNRESOLVED,ALL5_LEVELS_bet23_to_bet27,265.3345,265.3345,265.3345,331.6682,331.6682,4.000000,4.000000,4.000000,5.000000,5.000000,96.000000,96.000000,96.000000,95.000000,95.000000,5.0,1459.3399,1336.7936,5174.0234,5296.5697,PENDING_AG03,FALSE,NOT_FOR_ENFORCEMENT,6368.0288,500880.0275,6633.3633,6368.0288,265.3345,0.01134929,0.01089532,265.3345,6368.0288,0.01089532,265.3345,265.3345,265.3345,331.6682,331.6682,6368.0288,0.01089532,1459.3399,1336.7936,5174.0234,5296.5697,0.00885245,0.00906212,0.00045397,155.0329,138.3952,1.7595,127.5647,14.6756,11239.8823,72.5000,180.5550,151.7125,58.09,129.7286,157.9904,321.5856,428.8828,778.3716,93.4046,0.0,3.306,6.0,1.195055,16,80,84,2,0.13407078,0.01134929,0.02064894,0E-8,0.000000,0.892683,0.000000,-0.01073951,2026-03-25,2026-08-03,52,452,218,132,0.393939,1.190113,1.164624,0.446903,,,,,,,,GLOBAL_BASELINE_NO_ENTITY_RANKING,,,NOT_APPLICABLE_GLOBAL_BASELINE,HF9g-P5,,,,X 全窗基线 · 不参与实体赏罚,14190817,1420,A168_HF9F_20260827_0900,2026-08-27 09:00:00
2026-05-18,70521282,1985,0,3003.7361839033,-987.7536194281,-987.7536194281,0.3000000,12,12,0.49994810000000000,0.499948100000,-1.2645828264588121,-1.2645828264588121,-1.2645828264588121,0E-17,ELIGIBLE,R03b_20260811_FULL_v1,L1_ELIGIBILITY,v2026-08-11,2026-03-21..2026-08-06,baccarat_bet02_101_all_pairs_incl_sentinel,round_win = game_pnl > 0 (decisive only),COMPATIBILITY_ONLY_NOT_PRODUCTION,584473.8809,521750.0287,6633.3633,3770,3770,-0.01134929,-0.02064894,-0.00990944,-0.01134929,-6633.3633,584473.8809,OK,0.0000,265.3345,4.0000,96.0000,AG03-UNRESOLVED,ALL5_LEVELS_bet23_to_bet27,265.3345,265.3345,265.3345,331.6682,331.6682,4.000000,4.000000,4.000000,5.000000,5.000000,96.000000,96.000000,96.000000,95.000000,95.000000,5.0,1459.3399,1336.7936,5174.0234,5296.5697,PENDING_AG03,FALSE,NOT_FOR_ENFORCEMENT,6368.0288,500880.0275,6633.3633,6368.0288,265.3345,0.01134929,0.01089532,265.3345,6368.0288,0.01089532,265.3345,265.3345,265.3345,331.6682,331.6682,6368.0288,0.01089532,1459.3399,1336.7936,5174.0234,5296.5697,0.00885245,0.00906212,0.00045397,155.0329,138.3952,1.7595,127.5647,14.6756,11239.8823,72.5000,180.5550,151.7125,58.09,129.7286,157.9904,321.5856,428.8828,778.3716,93.4046,0.0,3.306,6.0,1.195055,16,80,84,2,0.13407078,0.01134929,0.02064894,0E-8,0.000000,0.892683,0.000000,-0.01073951,2026-03-25,2026-08-03,52,452,218,132,0.393939,1.190113,1.164624,0.446903,,,,,,,,GLOBAL_BASELINE_NO_ENTITY_RANKING,,,NOT_APPLICABLE_GLOBAL_BASELINE,HF9g-P5,,,,X 全窗基线 · 不参与实体赏罚,14190818,1420,A168_HF9F_20260827_0900,2026-08-27 09:00:00
2026-05-18,70521282,2108,0,7533.3402521925,841.7440714025,841.7440714025,0.5428571,39,39,0.49874506923076923,0.498745069231,0.5219427379101019,0.5219427379073708,0.5219427379101019,-2.3077E-13,ELIGIBLE,R03b_20260811_FULL_v1,L1_ELIGIBILITY,v2026-08-11,2026-03-21..2026-08-06,baccarat_bet02_101_all_pairs_incl_sentinel,round_win = game_pnl > 0 (decisive only),COMPATIBILITY_ONLY_NOT_PRODUCTION,584473.8809,521750.0287,6633.3633,3770,3770,-0.01134929,-0.02064894,-0.00990944,-0.01134929,-6633.3633,584473.8809,OK,0.0000,265.3345,4.0000,96.0000,AG03-UNRESOLVED,ALL5_LEVELS_bet23_to_bet27,265.3345,265.3345,265.3345,331.6682,331.6682,4.000000,4.000000,4.000000,5.000000,5.000000,96.000000,96.000000,96.000000,95.000000,95.000000,5.0,1459.3399,1336.7936,5174.0234,5296.5697,PENDING_AG03,FALSE,NOT_FOR_ENFORCEMENT,6368.0288,500880.0275,6633.3633,6368.0288,265.3345,0.01134929,0.01089532,265.3345,6368.0288,0.01089532,265.3345,265.3345,265.3345,331.6682,331.6682,6368.0288,0.01089532,1459.3399,1336.7936,5174.0234,5296.5697,0.00885245,0.00906212,0.00045397,155.0329,138.3952,1.7595,127.5647,14.6756,11239.8823,72.5000,180.5550,151.7125,58.09,129.7286,157.9904,321.5856,428.8828,778.3716,93.4046,0.0,3.306,6.0,1.195055,16,80,84,2,0.13407078,0.01134929,0.02064894,0E-8,0.000000,0.892683,0.000000,-0.01073951,2026-03-25,2026-08-03,52,452,218,132,0.393939,1.190113,1.164624,0.446903,,,,,,,,GLOBAL_BASELINE_NO_ENTITY_RANKING,,,NOT_APPLICABLE_GLOBAL_BASELINE,HF9g-P5,,,,X 全窗基线 · 不参与实体赏罚,14190819,1420,A168_HF9F_20260827_0900,2026-08-27 09:00:00
2026-05-18,70521282,2127,0,367.6508743709,216.3613720097,216.3613720097,0.7500000,5,5,0.49592654000000000,0.495926540000,1.0163275685615971,1.0163275685615971,1.0163275685615971,0E-17,ELIGIBLE,R03b_20260811_FULL_v1,L1_ELIGIBILITY,v2026-08-11,2026-03-21..2026-08-06,baccarat_bet02_101_all_pairs_incl_sentinel,round_win = game_pnl > 0 (decisive only),COMPATIBILITY_ONLY_NOT_PRODUCTION,584473.8809,521750.0287,6633.3633,3770,3770,-0.01134929,-0.02064894,-0.00990944,-0.01134929,-6633.3633,584473.8809,OK,0.0000,265.3345,4.0000,96.0000,AG03-UNRESOLVED,ALL5_LEVELS_bet23_to_bet27,265.3345,265.3345,265.3345,331.6682,331.6682,4.000000,4.000000,4.000000,5.000000,5.000000,96.000000,96.000000,96.000000,95.000000,95.000000,5.0,1459.3399,1336.7936,5174.0234,5296.5697,PENDING_AG03,FALSE,NOT_FOR_ENFORCEMENT,6368.0288,500880.0275,6633.3633,6368.0288,265.3345,0.01134929,0.01089532,265.3345,6368.0288,0.01089532,265.3345,265.3345,265.3345,331.6682,331.6682,6368.0288,0.01089532,1459.3399,1336.7936,5174.0234,5296.5697,0.00885245,0.00906212,0.00045397,155.0329,138.3952,1.7595,127.5647,14.6756,11239.8823,72.5000,180.5550,151.7125,58.09,129.7286,157.9904,321.5856,428.8828,778.3716,93.4046,0.0,3.306,6.0,1.195055,16,80,84,2,0.13407078,0.01134929,0.02064894,0E-8,0.000000,0.892683,0.000000,-0.01073951,2026-03-25,2026-08-03,52,452,218,132,0.393939,1.190113,1.164624,0.446903,,,,,,,,GLOBAL_BASELINE_NO_ENTITY_RANKING,,,NOT_APPLICABLE_GLOBAL_BASELINE,HF9g-P5,,,,X 全窗基线 · 不参与实体赏罚,14190820,1420,A168_HF9F_20260827_0900,2026-08-27 09:00:00
2026-05-18,70521282,2130,0,33.4699808002,-33.4699808002,-33.4699808002,0E-7,1,1,0.49324550000000000,0.493245500000,-0.9865810262130424,-0.9865810262130424,-0.9865810262130424,0E-17,ELIGIBLE,R03b_20260811_FULL_v1,L1_ELIGIBILITY,v2026-08-11,2026-03-21..2026-08-06,baccarat_bet02_101_all_pairs_incl_sentinel,round_win = game_pnl > 0 (decisive only),COMPATIBILITY_ONLY_NOT_PRODUCTION,584473.8809,521750.0287,6633.3633,3770,3770,-0.01134929,-0.02064894,-0.00990944,-0.01134929,-6633.3633,584473.8809,OK,0.0000,265.3345,4.0000,96.0000,AG03-UNRESOLVED,ALL5_LEVELS_bet23_to_bet27,265.3345,265.3345,265.3345,331.6682,331.6682,4.000000,4.000000,4.000000,5.000000,5.000000,96.000000,96.000000,96.000000,95.000000,95.000000,5.0,1459.3399,1336.7936,5174.0234,5296.5697,PENDING_AG03,FALSE,NOT_FOR_ENFORCEMENT,6368.0288,500880.0275,6633.3633,6368.0288,265.3345,0.01134929,0.01089532,265.3345,6368.0288,0.01089532,265.3345,265.3345,265.3345,331.6682,331.6682,6368.0288,0.01089532,1459.3399,1336.7936,5174.0234,5296.5697,0.00885245,0.00906212,0.00045397,155.0329,138.3952,1.7595,127.5647,14.6756,11239.8823,72.5000,180.5550,151.7125,58.09,129.7286,157.9904,321.5856,428.8828,778.3716,93.4046,0.0,3.306,6.0,1.195055,16,80,84,2,0.13407078,0.01134929,0.02064894,0E-8,0.000000,0.892683,0.000000,-0.01073951,2026-03-25,2026-08-03,52,452,218,132,0.393939,1.190113,1.164624,0.446903,,,,,,,,GLOBAL_BASELINE_NO_ENTITY_RANKING,,,NOT_APPLICABLE_GLOBAL_BASELINE,HF9g-P5,,,,X 全窗基线 · 不参与实体赏罚,14190821,1420,A168_HF9F_20260827_0900,2026-08-27 09:00:00
2026-05-18,70521282,2160,0,4222.4067251309,-796.3779772713,-796.3779772713,0.4375000,17,17,0.50113091176470588,0.501130911765,-0.5090485962263429,-0.5090485962286966,-0.5090485962263429,-2.9412E-13,ELIGIBLE,R03b_20260811_FULL_v1,L1_ELIGIBILITY,v2026-08-11,2026-03-21..2026-08-06,baccarat_bet02_101_all_pairs_incl_sentinel,round_win = game_pnl > 0 (decisive only),COMPATIBILITY_ONLY_NOT_PRODUCTION,584473.8809,521750.0287,6633.3633,3770,3770,-0.01134929,-0.02064894,-0.00990944,-0.01134929,-6633.3633,584473.8809,OK,0.0000,265.3345,4.0000,96.0000,AG03-UNRESOLVED,ALL5_LEVELS_bet23_to_bet27,265.3345,265.3345,265.3345,331.6682,331.6682,4.000000,4.000000,4.000000,5.000000,5.000000,96.000000,96.000000,96.000000,95.000000,95.000000,5.0,1459.3399,1336.7936,5174.0234,5296.5697,PENDING_AG03,FALSE,NOT_FOR_ENFORCEMENT,6368.0288,500880.0275,6633.3633,6368.0288,265.3345,0.01134929,0.01089532,265.3345,6368.0288,0.01089532,265.3345,265.3345,265.3345,331.6682,331.6682,6368.0288,0.01089532,1459.3399,1336.7936,5174.0234,5296.5697,0.00885245,0.00906212,0.00045397,155.0329,138.3952,1.7595,127.5647,14.6756,11239.8823,72.5000,180.5550,151.7125,58.09,129.7286,157.9904,321.5856,428.8828,778.3716,93.4046,0.0,3.306,6.0,1.195055,16,80,84,2,0.13407078,0.01134929,0.02064894,0E-8,0.000000,0.892683,0.000000,-0.01073951,2026-03-25,2026-08-03,52,452,218,132,0.393939,1.190113,1.164624,0.446903,,,,,,,,GLOBAL_BASELINE_NO_ENTITY_RANKING,,,NOT_APPLICABLE_GLOBAL_BASELINE,HF9g-P5,,,,X 全窗基线 · 不参与实体赏罚,14190822,1420,A168_HF9F_20260827_0900,2026-08-27 09:00:00
2026-05-18,70521282,529,0,520.4711743034,-261.0139587982,-261.0139587982,0.3333333,3,3,0.49324550000000000,0.493245500000,-0.5540025479526107,-0.5540025479526106,-0.5540025479526107,0E-17,ELIGIBLE,R03b_20260811_FULL_v1,L1_ELIGIBILITY,v2026-08-11,2026-03-21..2026-08-06,baccarat_bet02_101_all_pairs_incl_sentinel,round_win = game_pnl > 0 (decisive only),COMPATIBILITY_ONLY_NOT_PRODUCTION,584473.8809,521750.0287,6633.3633,3770,3770,-0.01134929,-0.02064894,-0.00990944,-0.01134929,-6633.3633,584473.8809,OK,0.0000,265.3345,4.0000,96.0000,AG03-UNRESOLVED,ALL5_LEVELS_bet23_to_bet27,265.3345,265.3345,265.3345,331.6682,331.6682,4.000000,4.000000,4.000000,5.000000,5.000000,96.000000,96.000000,96.000000,95.000000,95.000000,5.0,1459.3399,1336.7936,5174.0234,5296.5697,PENDING_AG03,FALSE,NOT_FOR_ENFORCEMENT,6368.0288,500880.0275,6633.3633,6368.0288,265.3345,0.01134929,0.01089532,265.3345,6368.0288,0.01089532,265.3345,265.3345,265.3345,331.6682,331.6682,6368.0288,0.01089532,1459.3399,1336.7936,5174.0234,5296.5697,0.00885245,0.00906212,0.00045397,155.0329,138.3952,1.7595,127.5647,14.6756,11239.8823,72.5000,180.5550,151.7125,58.09,129.7286,157.9904,321.5856,428.8828,778.3716,93.4046,0.0,3.306,6.0,1.195055,16,80,84,2,0.13407078,0.01134929,0.02064894,0E-8,0.000000,0.892683,0.000000,-0.01073951,2026-03-25,2026-08-03,52,452,218,132,0.393939,1.190113,1.164624,0.446903,,,,,,,,GLOBAL_BASELINE_NO_ENTITY_RANKING,,,NOT_APPLICABLE_GLOBAL_BASELINE,HF9g-P5,,,,X 全窗基线 · 不参与实体赏罚,14190823,1420,A168_HF9F_20260827_0900,2026-08-27 09:00:00
2026-05-18,70521282,987,0,791.3445072906,-239.6087385189,-239.6087385189,0.2857143,8,8,0.49827245000000000,0.498272450000,-1.1247587972184092,-1.1247587972184092,-1.1247587972184092,0E-17,ELIGIBLE,R03b_20260811_FULL_v1,L1_ELIGIBILITY,v2026-08-11,2026-03-21..2026-08-06,baccarat_bet02_101_all_pairs_incl_sentinel,round_win = game_pnl > 0 (decisive only),COMPATIBILITY_ONLY_NOT_PRODUCTION,584473.8809,521750.0287,6633.3633,3770,3770,-0.01134929,-0.02064894,-0.00990944,-0.01134929,-6633.3633,584473.8809,OK,0.0000,265.3345,4.0000,96.0000,AG03-UNRESOLVED,ALL5_LEVELS_bet23_to_bet27,265.3345,265.3345,265.3345,331.6682,331.6682,4.000000,4.000000,4.000000,5.000000,5.000000,96.000000,96.000000,96.000000,95.000000,95.000000,5.0,1459.3399,1336.7936,5174.0234,5296.5697,PENDING_AG03,FALSE,NOT_FOR_ENFORCEMENT,6368.0288,500880.0275,6633.3633,6368.0288,265.3345,0.01134929,0.01089532,265.3345,6368.0288,0.01089532,265.3345,265.3345,265.3345,331.6682,331.6682,6368.0288,0.01089532,1459.3399,1336.7936,5174.0234,5296.5697,0.00885245,0.00906212,0.00045397,155.0329,138.3952,1.7595,127.5647,14.6756,11239.8823,72.5000,180.5550,151.7125,58.09,129.7286,157.9904,321.5856,428.8828,778.3716,93.4046,0.0,3.306,6.0,1.195055,16,80,84,2,0.13407078,0.01134929,0.02064894,0E-8,0.000000,0.892683,0.000000,-0.01073951,2026-03-25,2026-08-03,52,452,218,132,0.393939,1.190113,1.164624,0.446903,,,,,,,,GLOBAL_BASELINE_NO_ENTITY_RANKING,,,NOT_APPLICABLE_GLOBAL_BASELINE,HF9g-P5,,,,X 全窗基线 · 不参与实体赏罚,14190824,1420,A168_HF9F_20260827_0900,2026-08-27 09:00:00
2026-05-19,70521282,1078,0,268.5382180479,-268.5382180479,-268.5382180479,0E-7,2,2,0.49324550000000000,0.493245500000,-1.3952362676504506,-1.3952362676504506,-1.3952362676504506,0E-17,ELIGIBLE,R03b_20260811_FULL_v1,L1_ELIGIBILITY,v2026-08-11,2026-03-21..2026-08-06,baccarat_bet02_101_all_pairs_incl_sentinel,round_win = game_pnl > 0 (decisive only),COMPATIBILITY_ONLY_NOT_PRODUCTION,584473.8809,521750.0287,6633.3633,3770,3770,-0.01134929,-0.02064894,-0.00990944,-0.01134929,-6633.3633,584473.8809,OK,0.0000,265.3345,4.0000,96.0000,AG03-UNRESOLVED,ALL5_LEVELS_bet23_to_bet27,265.3345,265.3345,265.3345,331.6682,331.6682,4.000000,4.000000,4.000000,5.000000,5.000000,96.000000,96.000000,96.000000,95.000000,95.000000,5.0,1459.3399,1336.7936,5174.0234,5296.5697,PENDING_AG03,FALSE,NOT_FOR_ENFORCEMENT,6368.0288,500880.0275,6633.3633,6368.0288,265.3345,0.01134929,0.01089532,265.3345,6368.0288,0.01089532,265.3345,265.3345,265.3345,331.6682,331.6682,6368.0288,0.01089532,1459.3399,1336.7936,5174.0234,5296.5697,0.00885245,0.00906212,0.00045397,155.0329,138.3952,1.7595,127.5647,14.6756,11239.8823,72.5000,180.5550,151.7125,58.09,129.7286,157.9904,321.5856,428.8828,778.3716,93.4046,0.0,3.306,6.0,1.195055,16,80,84,2,0.13407078,0.01134929,0.02064894,0E-8,0.000000,0.892683,0.000000,-0.01073951,2026-03-25,2026-08-03,52,452,218,132,0.393939,1.190113,1.164624,0.446903,,,,,,,,GLOBAL_BASELINE_NO_ENTITY_RANKING,,,NOT_APPLICABLE_GLOBAL_BASELINE,HF9g-P5,,,,X 全窗基线 · 不参与实体赏罚,14190825,1420,A168_HF9F_20260827_0900,2026-08-27 09:00:00
2026-05-19,70521282,1151,0,37.1023818172,35.2472627264,35.2472627264,1.0000000,2,2,0.50665070000000000,0.506650700000,1.3955260008387969,1.3955260008387969,1.3955260008387969,0E-17,ELIGIBLE,R03b_20260811_FULL_v1,L1_ELIGIBILITY,v2026-08-11,2026-03-21..2026-08-06,baccarat_bet02_101_all_pairs_incl_sentinel,round_win = game_pnl > 0 (decisive only),COMPATIBILITY_ONLY_NOT_PRODUCTION,584473.8809,521750.0287,6633.3633,3770,3770,-0.01134929,-0.02064894,-0.00990944,-0.01134929,-6633.3633,584473.8809,OK,0.0000,265.3345,4.0000,96.0000,AG03-UNRESOLVED,ALL5_LEVELS_bet23_to_bet27,265.3345,265.3345,265.3345,331.6682,331.6682,4.000000,4.000000,4.000000,5.000000,5.000000,96.000000,96.000000,96.000000,95.000000,95.000000,5.0,1459.3399,1336.7936,5174.0234,5296.5697,PENDING_AG03,FALSE,NOT_FOR_ENFORCEMENT,6368.0288,500880.0275,6633.3633,6368.0288,265.3345,0.01134929,0.01089532,265.3345,6368.0288,0.01089532,265.3345,265.3345,265.3345,331.6682,331.6682,6368.0288,0.01089532,1459.3399,1336.7936,5174.0234,5296.5697,0.00885245,0.00906212,0.00045397,155.0329,138.3952,1.7595,127.5647,14.6756,11239.8823,72.5000,180.5550,151.7125,58.09,129.7286,157.9904,321.5856,428.8828,778.3716,93.4046,0.0,3.306,6.0,1.195055,16,80,84,2,0.13407078,0.01134929,0.02064894,0E-8,0.000000,0.892683,0.000000,-0.01073951,2026-03-25,2026-08-03,52,452,218,132,0.393939,1.190113,1.164624,0.446903,,,,,,,,GLOBAL_BASELINE_NO_ENTITY_RANKING,,,NOT_APPLICABLE_GLOBAL_BASELINE,HF9g-P5,,,,X 全窗基线 · 不参与实体赏罚,14190826,1420,A168_HF9F_20260827_0900,2026-08-27 09:00:00
2026-05-19,70521282,1221,0,31.3943230762,31.3943230762,31.3943230762,1.0000000,2,2,0.49324550000000000,0.493245500000,1.4334489766152358,1.4334489766152358,1.4334489766152358,0E-17,ELIGIBLE,R03b_20260811_FULL_v1,L1_ELIGIBILITY,v2026-08-11,2026-03-21..2026-08-06,baccarat_bet02_101_all_pairs_incl_sentinel,round_win = game_pnl > 0 (decisive only),COMPATIBILITY_ONLY_NOT_PRODUCTION,584473.8809,521750.0287,6633.3633,3770,3770,-0.01134929,-0.02064894,-0.00990944,-0.01134929,-6633.3633,584473.8809,OK,0.0000,265.3345,4.0000,96.0000,AG03-UNRESOLVED,ALL5_LEVELS_bet23_to_bet27,265.3345,265.3345,265.3345,331.6682,331.6682,4.000000,4.000000,4.000000,5.000000,5.000000,96.000000,96.000000,96.000000,95.000000,95.000000,5.0,1459.3399,1336.7936,5174.0234,5296.5697,PENDING_AG03,FALSE,NOT_FOR_ENFORCEMENT,6368.0288,500880.0275,6633.3633,6368.0288,265.3345,0.01134929,0.01089532,265.3345,6368.0288,0.01089532,265.3345,265.3345,265.3345,331.6682,331.6682,6368.0288,0.01089532,1459.3399,1336.7936,5174.0234,5296.5697,0.00885245,0.00906212,0.00045397,155.0329,138.3952,1.7595,127.5647,14.6756,11239.8823,72.5000,180.5550,151.7125,58.09,129.7286,157.9904,321.5856,428.8828,778.3716,93.4046,0.0,3.306,6.0,1.195055,16,80,84,2,0.13407078,0.01134929,0.02064894,0E-8,0.000000,0.892683,0.000000,-0.01073951,2026-03-25,2026-08-03,52,452,218,132,0.393939,1.190113,1.164624,0.446903,,,,,,,,GLOBAL_BASELINE_NO_ENTITY_RANKING,,,NOT_APPLICABLE_GLOBAL_BASELINE,HF9g-P5,,,,X 全窗基线 · 不参与实体赏罚,14190827,1420,A168_HF9F_20260827_0900,2026-08-27 09:00:00
2026-05-19,70521282,1304,0,65.3832183073,11.5199003684,11.5199003684,0.6666667,3,3,0.50218230000000000,0.502182300000,0.5697959874915163,0.5697959874915164,0.5697959874915163,0E-17,ELIGIBLE,R03b_20260811_FULL_v1,L1_ELIGIBILITY,v2026-08-11,2026-03-21..2026-08-06,baccarat_bet02_101_all_pairs_incl_sentinel,round_win = game_pnl > 0 (decisive only),COMPATIBILITY_ONLY_NOT_PRODUCTION,584473.8809,521750.0287,6633.3633,3770,3770,-0.01134929,-0.02064894,-0.00990944,-0.01134929,-6633.3633,584473.8809,OK,0.0000,265.3345,4.0000,96.0000,AG03-UNRESOLVED,ALL5_LEVELS_bet23_to_bet27,265.3345,265.3345,265.3345,331.6682,331.6682,4.000000,4.000000,4.000000,5.000000,5.000000,96.000000,96.000000,96.000000,95.000000,95.000000,5.0,1459.3399,1336.7936,5174.0234,5296.5697,PENDING_AG03,FALSE,NOT_FOR_ENFORCEMENT,6368.0288,500880.0275,6633.3633,6368.0288,265.3345,0.01134929,0.01089532,265.3345,6368.0288,0.01089532,265.3345,265.3345,265.3345,331.6682,331.6682,6368.0288,0.01089532,1459.3399,1336.7936,5174.0234,5296.5697,0.00885245,0.00906212,0.00045397,155.0329,138.3952,1.7595,127.5647,14.6756,11239.8823,72.5000,180.5550,151.7125,58.09,129.7286,157.9904,321.5856,428.8828,778.3716,93.4046,0.0,3.306,6.0,1.195055,16,80,84,2,0.13407078,0.01134929,0.02064894,0E-8,0.000000,0.892683,0.000000,-0.01073951,2026-03-25,2026-08-03,52,452,218,132,0.393939,1.190113,1.164624,0.446903,,,,,,,,GLOBAL_BASELINE_NO_ENTITY_RANKING,,,NOT_APPLICABLE_GLOBAL_BASELINE,HF9g-P5,,,,X 全窗基线 · 不参与实体赏罚,14190828,1420,A168_HF9F_20260827_0900,2026-08-27 09:00:00
2026-05-19,70521282,1353,0,3810.6481241245,-623.6443360489,-623.6443360489,0.7000000,33,33,0.49852633636363636,0.498526336364,2.2070429923598844,2.2070429923558956,2.2070429923598844,-3.6364E-13,ELIGIBLE,R03b_20260811_FULL_v1,L1_ELIGIBILITY,v2026-08-11,2026-03-21..2026-08-06,baccarat_bet02_101_all_pairs_incl_sentinel,round_win = game_pnl > 0 (decisive only),COMPATIBILITY_ONLY_NOT_PRODUCTION,584473.8809,521750.0287,6633.3633,3770,3770,-0.01134929,-0.02064894,-0.00990944,-0.01134929,-6633.3633,584473.8809,OK,0.0000,265.3345,4.0000,96.0000,AG03-UNRESOLVED,ALL5_LEVELS_bet23_to_bet27,265.3345,265.3345,265.3345,331.6682,331.6682,4.000000,4.000000,4.000000,5.000000,5.000000,96.000000,96.000000,96.000000,95.000000,95.000000,5.0,1459.3399,1336.7936,5174.0234,5296.5697,PENDING_AG03,FALSE,NOT_FOR_ENFORCEMENT,6368.0288,500880.0275,6633.3633,6368.0288,265.3345,0.01134929,0.01089532,265.3345,6368.0288,0.01089532,265.3345,265.3345,265.3345,331.6682,331.6682,6368.0288,0.01089532,1459.3399,1336.7936,5174.0234,5296.5697,0.00885245,0.00906212,0.00045397,155.0329,138.3952,1.7595,127.5647,14.6756,11239.8823,72.5000,180.5550,151.7125,58.09,129.7286,157.9904,321.5856,428.8828,778.3716,93.4046,0.0,3.306,6.0,1.195055,16,80,84,2,0.13407078,0.01134929,0.02064894,0E-8,0.000000,0.892683,0.000000,-0.01073951,2026-03-25,2026-08-03,52,452,218,132,0.393939,1.190113,1.164624,0.446903,,,,,,,,GLOBAL_BASELINE_NO_ENTITY_RANKING,,,NOT_APPLICABLE_GLOBAL_BASELINE,HF9g-P5,,,,X 全窗基线 · 不参与实体赏罚,14190829,1420,A168_HF9F_20260827_0900,2026-08-27 09:00:00
2026-05-19,70521282,1385,0,8412.9002127549,-1926.4698251258,-1926.4698251258,0.2666667,16,16,0.49575897500000000,0.495758975000,-1.7746052281260285,-1.7746052281260285,-1.7746052281260285,0E-17,ELIGIBLE,R03b_20260811_FULL_v1,L1_ELIGIBILITY,v2026-08-11,2026-03-21..2026-08-06,baccarat_bet02_101_all_pairs_incl_sentinel,round_win = game_pnl > 0 (decisive only),COMPATIBILITY_ONLY_NOT_PRODUCTION,584473.8809,521750.0287,6633.3633,3770,3770,-0.01134929,-0.02064894,-0.00990944,-0.01134929,-6633.3633,584473.8809,OK,0.0000,265.3345,4.0000,96.0000,AG03-UNRESOLVED,ALL5_LEVELS_bet23_to_bet27,265.3345,265.3345,265.3345,331.6682,331.6682,4.000000,4.000000,4.000000,5.000000,5.000000,96.000000,96.000000,96.000000,95.000000,95.000000,5.0,1459.3399,1336.7936,5174.0234,5296.5697,PENDING_AG03,FALSE,NOT_FOR_ENFORCEMENT,6368.0288,500880.0275,6633.3633,6368.0288,265.3345,0.01134929,0.01089532,265.3345,6368.0288,0.01089532,265.3345,265.3345,265.3345,331.6682,331.6682,6368.0288,0.01089532,1459.3399,1336.7936,5174.0234,5296.5697,0.00885245,0.00906212,0.00045397,155.0329,138.3952,1.7595,127.5647,14.6756,11239.8823,72.5000,180.5550,151.7125,58.09,129.7286,157.9904,321.5856,428.8828,778.3716,93.4046,0.0,3.306,6.0,1.195055,16,80,84,2,0.13407078,0.01134929,0.02064894,0E-8,0.000000,0.892683,0.000000,-0.01073951,2026-03-25,2026-08-03,52,452,218,132,0.393939,1.190113,1.164624,0.446903,,,,,,,,GLOBAL_BASELINE_NO_ENTITY_RANKING,,,NOT_APPLICABLE_GLOBAL_BASELINE,HF9g-P5,,,,X 全窗基线 · 不参与实体赏罚,14190830,1420,A168_HF9F_20260827_0900,2026-08-27 09:00:00
2026-05-19,70521282,1645,0,772.9230449898,77.7852732086,77.7852732086,0.5384615,16,16,0.50329940000000000,0.503299400000,0.2535633070169696,0.2535633070169696,0.2535633070169696,0E-17,ELIGIBLE,R03b_20260811_FULL_v1,L1_ELIGIBILITY,v2026-08-11,2026-03-21..2026-08-06,baccarat_bet02_101_all_pairs_incl_sentinel,round_win = game_pnl > 0 (decisive only),COMPATIBILITY_ONLY_NOT_PRODUCTION,584473.8809,521750.0287,6633.3633,3770,3770,-0.01134929,-0.02064894,-0.00990944,-0.01134929,-6633.3633,584473.8809,OK,0.0000,265.3345,4.0000,96.0000,AG03-UNRESOLVED,ALL5_LEVELS_bet23_to_bet27,265.3345,265.3345,265.3345,331.6682,331.6682,4.000000,4.000000,4.000000,5.000000,5.000000,96.000000,96.000000,96.000000,95.000000,95.000000,5.0,1459.3399,1336.7936,5174.0234,5296.5697,PENDING_AG03,FALSE,NOT_FOR_ENFORCEMENT,6368.0288,500880.0275,6633.3633,6368.0288,265.3345,0.01134929,0.01089532,265.3345,6368.0288,0.01089532,265.3345,265.3345,265.3345,331.6682,331.6682,6368.0288,0.01089532,1459.3399,1336.7936,5174.0234,5296.5697,0.00885245,0.00906212,0.00045397,155.0329,138.3952,1.7595,127.5647,14.6756,11239.8823,72.5000,180.5550,151.7125,58.09,129.7286,157.9904,321.5856,428.8828,778.3716,93.4046,0.0,3.306,6.0,1.195055,16,80,84,2,0.13407078,0.01134929,0.02064894,0E-8,0.000000,0.892683,0.000000,-0.01073951,2026-03-25,2026-08-03,52,452,218,132,0.393939,1.190113,1.164624,0.446903,,,,,,,,GLOBAL_BASELINE_NO_ENTITY_RANKING,,,NOT_APPLICABLE_GLOBAL_BASELINE,HF9g-P5,,,,X 全窗基线 · 不参与实体赏罚,14190831,1420,A168_HF9F_20260827_0900,2026-08-27 09:00:00
2026-05-19,70521282,1704,0,9354.9893622541,2393.7522702505,2393.7522702505,0.7000000,25,25,0.49914378800000000,0.499143788000,1.7965152089893337,1.7965152089893337,1.7965152089893337,0E-17,ELIGIBLE,R03b_20260811_FULL_v1,L1_ELIGIBILITY,v2026-08-11,2026-03-21..2026-08-06,baccarat_bet02_101_all_pairs_incl_sentinel,round_win = game_pnl > 0 (decisive only),COMPATIBILITY_ONLY_NOT_PRODUCTION,584473.8809,521750.0287,6633.3633,3770,3770,-0.01134929,-0.02064894,-0.00990944,-0.01134929,-6633.3633,584473.8809,OK,0.0000,265.3345,4.0000,96.0000,AG03-UNRESOLVED,ALL5_LEVELS_bet23_to_bet27,265.3345,265.3345,265.3345,331.6682,331.6682,4.000000,4.000000,4.000000,5.000000,5.000000,96.000000,96.000000,96.000000,95.000000,95.000000,5.0,1459.3399,1336.7936,5174.0234,5296.5697,PENDING_AG03,FALSE,NOT_FOR_ENFORCEMENT,6368.0288,500880.0275,6633.3633,6368.0288,265.3345,0.01134929,0.01089532,265.3345,6368.0288,0.01089532,265.3345,265.3345,265.3345,331.6682,331.6682,6368.0288,0.01089532,1459.3399,1336.7936,5174.0234,5296.5697,0.00885245,0.00906212,0.00045397,155.0329,138.3952,1.7595,127.5647,14.6756,11239.8823,72.5000,180.5550,151.7125,58.09,129.7286,157.9904,321.5856,428.8828,778.3716,93.4046,0.0,3.306,6.0,1.195055,16,80,84,2,0.13407078,0.01134929,0.02064894,0E-8,0.000000,0.892683,0.000000,-0.01073951,2026-03-25,2026-08-03,52,452,218,132,0.393939,1.190113,1.164624,0.446903,,,,,,,,GLOBAL_BASELINE_NO_ENTITY_RANKING,,,NOT_APPLICABLE_GLOBAL_BASELINE,HF9g-P5,,,,X 全窗基线 · 不参与实体赏罚,14190832,1420,A168_HF9F_20260827_0900,2026-08-27 09:00:00
2026-05-19,70521282,1710,0,26.7240931971,-9.0161382389,-9.0161382389,0.5000000,2,2,0.49994810000000000,0.499948100000,0.00014679536856514622,0.00014679536856514622,0.00014679536856514622,0E-17,ELIGIBLE,R03b_20260811_FULL_v1,L1_ELIGIBILITY,v2026-08-11,2026-03-21..2026-08-06,baccarat_bet02_101_all_pairs_incl_sentinel,round_win = game_pnl > 0 (decisive only),COMPATIBILITY_ONLY_NOT_PRODUCTION,584473.8809,521750.0287,6633.3633,3770,3770,-0.01134929,-0.02064894,-0.00990944,-0.01134929,-6633.3633,584473.8809,OK,0.0000,265.3345,4.0000,96.0000,AG03-UNRESOLVED,ALL5_LEVELS_bet23_to_bet27,265.3345,265.3345,265.3345,331.6682,331.6682,4.000000,4.000000,4.000000,5.000000,5.000000,96.000000,96.000000,96.000000,95.000000,95.000000,5.0,1459.3399,1336.7936,5174.0234,5296.5697,PENDING_AG03,FALSE,NOT_FOR_ENFORCEMENT,6368.0288,500880.0275,6633.3633,6368.0288,265.3345,0.01134929,0.01089532,265.3345,6368.0288,0.01089532,265.3345,265.3345,265.3345,331.6682,331.6682,6368.0288,0.01089532,1459.3399,1336.7936,5174.0234,5296.5697,0.00885245,0.00906212,0.00045397,155.0329,138.3952,1.7595,127.5647,14.6756,11239.8823,72.5000,180.5550,151.7125,58.09,129.7286,157.9904,321.5856,428.8828,778.3716,93.4046,0.0,3.306,6.0,1.195055,16,80,84,2,0.13407078,0.01134929,0.02064894,0E-8,0.000000,0.892683,0.000000,-0.01073951,2026-03-25,2026-08-03,52,452,218,132,0.393939,1.190113,1.164624,0.446903,,,,,,,,GLOBAL_BASELINE_NO_ENTITY_RANKING,,,NOT_APPLICABLE_GLOBAL_BASELINE,HF9g-P5,,,,X 全窗基线 · 不参与实体赏罚,14190833,1420,A168_HF9F_20260827_0900,2026-08-27 09:00:00
2026-05-19,70521282,1947,0,1176.8979295316,780.3564942141,780.3564942141,0.7142857,7,7,0.50090561428571429,0.500905614286,1.129103210700875,1.1291032106993646,1.129103210700875,-2.8571E-13,ELIGIBLE,R03b_20260811_FULL_v1,L1_ELIGIBILITY,v2026-08-11,2026-03-21..2026-08-06,baccarat_bet02_101_all_pairs_incl_sentinel,round_win = game_pnl > 0 (decisive only),COMPATIBILITY_ONLY_NOT_PRODUCTION,584473.8809,521750.0287,6633.3633,3770,3770,-0.01134929,-0.02064894,-0.00990944,-0.01134929,-6633.3633,584473.8809,OK,0.0000,265.3345,4.0000,96.0000,AG03-UNRESOLVED,ALL5_LEVELS_bet23_to_bet27,265.3345,265.3345,265.3345,331.6682,331.6682,4.000000,4.000000,4.000000,5.000000,5.000000,96.000000,96.000000,96.000000,95.000000,95.000000,5.0,1459.3399,1336.7936,5174.0234,5296.5697,PENDING_AG03,FALSE,NOT_FOR_ENFORCEMENT,6368.0288,500880.0275,6633.3633,6368.0288,265.3345,0.01134929,0.01089532,265.3345,6368.0288,0.01089532,265.3345,265.3345,265.3345,331.6682,331.6682,6368.0288,0.01089532,1459.3399,1336.7936,5174.0234,5296.5697,0.00885245,0.00906212,0.00045397,155.0329,138.3952,1.7595,127.5647,14.6756,11239.8823,72.5000,180.5550,151.7125,58.09,129.7286,157.9904,321.5856,428.8828,778.3716,93.4046,0.0,3.306,6.0,1.195055,16,80,84,2,0.13407078,0.01134929,0.02064894,0E-8,0.000000,0.892683,0.000000,-0.01073951,2026-03-25,2026-08-03,52,452,218,132,0.393939,1.190113,1.164624,0.446903,,,,,,,,GLOBAL_BASELINE_NO_ENTITY_RANKING,,,NOT_APPLICABLE_GLOBAL_BASELINE,HF9g-P5,,,,X 全窗基线 · 不参与实体赏罚,14190834,1420,A168_HF9F_20260827_0900,2026-08-27 09:00:00
2026-05-19,70521282,1985,0,514.2442011312,-514.2442011312,-514.2442011312,0E-7,1,1,0.49324550000000000,0.493245500000,-0.9865810262130424,-0.9865810262130424,-0.9865810262130424,0E-17,ELIGIBLE,R03b_20260811_FULL_v1,L1_ELIGIBILITY,v2026-08-11,2026-03-21..2026-08-06,baccarat_bet02_101_all_pairs_incl_sentinel,round_win = game_pnl > 0 (decisive only),COMPATIBILITY_ONLY_NOT_PRODUCTION,584473.8809,521750.0287,6633.3633,3770,3770,-0.01134929,-0.02064894,-0.00990944,-0.01134929,-6633.3633,584473.8809,OK,0.0000,265.3345,4.0000,96.0000,AG03-UNRESOLVED,ALL5_LEVELS_bet23_to_bet27,265.3345,265.3345,265.3345,331.6682,331.6682,4.000000,4.000000,4.000000,5.000000,5.000000,96.000000,96.000000,96.000000,95.000000,95.000000,5.0,1459.3399,1336.7936,5174.0234,5296.5697,PENDING_AG03,FALSE,NOT_FOR_ENFORCEMENT,6368.0288,500880.0275,6633.3633,6368.0288,265.3345,0.01134929,0.01089532,265.3345,6368.0288,0.01089532,265.3345,265.3345,265.3345,331.6682,331.6682,6368.0288,0.01089532,1459.3399,1336.7936,5174.0234,5296.5697,0.00885245,0.00906212,0.00045397,155.0329,138.3952,1.7595,127.5647,14.6756,11239.8823,72.5000,180.5550,151.7125,58.09,129.7286,157.9904,321.5856,428.8828,778.3716,93.4046,0.0,3.306,6.0,1.195055,16,80,84,2,0.13407078,0.01134929,0.02064894,0E-8,0.000000,0.892683,0.000000,-0.01073951,2026-03-25,2026-08-03,52,452,218,132,0.393939,1.190113,1.164624,0.446903,,,,,,,,GLOBAL_BASELINE_NO_ENTITY_RANKING,,,NOT_APPLICABLE_GLOBAL_BASELINE,HF9g-P5,,,,X 全窗基线 · 不参与实体赏罚,14190835,1420,A168_HF9F_20260827_0900,2026-08-27 09:00:00
2026-05-19,70521282,2108,0,1044.5747496238,429.2200716102,429.2200716102,0.7500000,8,8,0.50497505000000000,0.504975050000,1.3861390483323712,1.3861390483323712,1.3861390483323712,0E-17,ELIGIBLE,R03b_20260811_FULL_v1,L1_ELIGIBILITY,v2026-08-11,2026-03-21..2026-08-06,baccarat_bet02_101_all_pairs_incl_sentinel,round_win = game_pnl > 0 (decisive only),COMPATIBILITY_ONLY_NOT_PRODUCTION,584473.8809,521750.0287,6633.3633,3770,3770,-0.01134929,-0.02064894,-0.00990944,-0.01134929,-6633.3633,584473.8809,OK,0.0000,265.3345,4.0000,96.0000,AG03-UNRESOLVED,ALL5_LEVELS_bet23_to_bet27,265.3345,265.3345,265.3345,331.6682,331.6682,4.000000,4.000000,4.000000,5.000000,5.000000,96.000000,96.000000,96.000000,95.000000,95.000000,5.0,1459.3399,1336.7936,5174.0234,5296.5697,PENDING_AG03,FALSE,NOT_FOR_ENFORCEMENT,6368.0288,500880.0275,6633.3633,6368.0288,265.3345,0.01134929,0.01089532,265.3345,6368.0288,0.01089532,265.3345,265.3345,265.3345,331.6682,331.6682,6368.0288,0.01089532,1459.3399,1336.7936,5174.0234,5296.5697,0.00885245,0.00906212,0.00045397,155.0329,138.3952,1.7595,127.5647,14.6756,11239.8823,72.5000,180.5550,151.7125,58.09,129.7286,157.9904,321.5856,428.8828,778.3716,93.4046,0.0,3.306,6.0,1.195055,16,80,84,2,0.13407078,0.01134929,0.02064894,0E-8,0.000000,0.892683,0.000000,-0.01073951,2026-03-25,2026-08-03,52,452,218,132,0.393939,1.190113,1.164624,0.446903,,,,,,,,GLOBAL_BASELINE_NO_ENTITY_RANKING,,,NOT_APPLICABLE_GLOBAL_BASELINE,HF9g-P5,,,,X 全窗基线 · 不参与实体赏罚,14190836,1420,A168_HF9F_20260827_0900,2026-08-27 09:00:00
2026-05-19,70521282,2115,0,9213.8446370194,1125.5254008614,1125.5254008614,0.5454545,13,13,0.49530783846153846,0.495307838462,0.33265027096737126,0.33265027096430666,0.33265027096737126,-4.6154E-13,ELIGIBLE,R03b_20260811_FULL_v1,L1_ELIGIBILITY,v2026-08-11,2026-03-21..2026-08-06,baccarat_bet02_101_all_pairs_incl_sentinel,round_win = game_pnl > 0 (decisive only),COMPATIBILITY_ONLY_NOT_PRODUCTION,584473.8809,521750.0287,6633.3633,3770,3770,-0.01134929,-0.02064894,-0.00990944,-0.01134929,-6633.3633,584473.8809,OK,0.0000,265.3345,4.0000,96.0000,AG03-UNRESOLVED,ALL5_LEVELS_bet23_to_bet27,265.3345,265.3345,265.3345,331.6682,331.6682,4.000000,4.000000,4.000000,5.000000,5.000000,96.000000,96.000000,96.000000,95.000000,95.000000,5.0,1459.3399,1336.7936,5174.0234,5296.5697,PENDING_AG03,FALSE,NOT_FOR_ENFORCEMENT,6368.0288,500880.0275,6633.3633,6368.0288,265.3345,0.01134929,0.01089532,265.3345,6368.0288,0.01089532,265.3345,265.3345,265.3345,331.6682,331.6682,6368.0288,0.01089532,1459.3399,1336.7936,5174.0234,5296.5697,0.00885245,0.00906212,0.00045397,155.0329,138.3952,1.7595,127.5647,14.6756,11239.8823,72.5000,180.5550,151.7125,58.09,129.7286,157.9904,321.5856,428.8828,778.3716,93.4046,0.0,3.306,6.0,1.195055,16,80,84,2,0.13407078,0.01134929,0.02064894,0E-8,0.000000,0.892683,0.000000,-0.01073951,2026-03-25,2026-08-03,52,452,218,132,0.393939,1.190113,1.164624,0.446903,,,,,,,,GLOBAL_BASELINE_NO_ENTITY_RANKING,,,NOT_APPLICABLE_GLOBAL_BASELINE,HF9g-P5,,,,X 全窗基线 · 不参与实体赏罚,14190837,1420,A168_HF9F_20260827_0900,2026-08-27 09:00:00
2026-05-19,70521282,2127,0,11941.7778008407,-80.0684967049,-80.0684967049,0.5384615,42,42,0.50090561428571429,0.500905614286,0.46907411202296895,0.4690741120194009,0.46907411202296895,-2.8571E-13,ELIGIBLE,R03b_20260811_FULL_v1,L1_ELIGIBILITY,v2026-08-11,2026-03-21..2026-08-06,baccarat_bet02_101_all_pairs_incl_sentinel,round_win = game_pnl > 0 (decisive only),COMPATIBILITY_ONLY_NOT_PRODUCTION,584473.8809,521750.0287,6633.3633,3770,3770,-0.01134929,-0.02064894,-0.00990944,-0.01134929,-6633.3633,584473.8809,OK,0.0000,265.3345,4.0000,96.0000,AG03-UNRESOLVED,ALL5_LEVELS_bet23_to_bet27,265.3345,265.3345,265.3345,331.6682,331.6682,4.000000,4.000000,4.000000,5.000000,5.000000,96.000000,96.000000,96.000000,95.000000,95.000000,5.0,1459.3399,1336.7936,5174.0234,5296.5697,PENDING_AG03,FALSE,NOT_FOR_ENFORCEMENT,6368.0288,500880.0275,6633.3633,6368.0288,265.3345,0.01134929,0.01089532,265.3345,6368.0288,0.01089532,265.3345,265.3345,265.3345,331.6682,331.6682,6368.0288,0.01089532,1459.3399,1336.7936,5174.0234,5296.5697,0.00885245,0.00906212,0.00045397,155.0329,138.3952,1.7595,127.5647,14.6756,11239.8823,72.5000,180.5550,151.7125,58.09,129.7286,157.9904,321.5856,428.8828,778.3716,93.4046,0.0,3.306,6.0,1.195055,16,80,84,2,0.13407078,0.01134929,0.02064894,0E-8,0.000000,0.892683,0.000000,-0.01073951,2026-03-25,2026-08-03,52,452,218,132,0.393939,1.190113,1.164624,0.446903,,,,,,,,GLOBAL_BASELINE_NO_ENTITY_RANKING,,,NOT_APPLICABLE_GLOBAL_BASELINE,HF9g-P5,,,,X 全窗基线 · 不参与实体赏罚,14190838,1420,A168_HF9F_20260827_0900,2026-08-27 09:00:00
2026-05-19,70521282,2130,0,91.0694826423,-30.3564942141,-30.3564942141,0.5000000,2,2,0.49324550000000000,0.493245500000,0.01910635448239258,0.01910635448239258,0.01910635448239258,0E-17,ELIGIBLE,R03b_20260811_FULL_v1,L1_ELIGIBILITY,v2026-08-11,2026-03-21..2026-08-06,baccarat_bet02_101_all_pairs_incl_sentinel,round_win = game_pnl > 0 (decisive only),COMPATIBILITY_ONLY_NOT_PRODUCTION,584473.8809,521750.0287,6633.3633,3770,3770,-0.01134929,-0.02064894,-0.00990944,-0.01134929,-6633.3633,584473.8809,OK,0.0000,265.3345,4.0000,96.0000,AG03-UNRESOLVED,ALL5_LEVELS_bet23_to_bet27,265.3345,265.3345,265.3345,331.6682,331.6682,4.000000,4.000000,4.000000,5.000000,5.000000,96.000000,96.000000,96.000000,95.000000,95.000000,5.0,1459.3399,1336.7936,5174.0234,5296.5697,PENDING_AG03,FALSE,NOT_FOR_ENFORCEMENT,6368.0288,500880.0275,6633.3633,6368.0288,265.3345,0.01134929,0.01089532,265.3345,6368.0288,0.01089532,265.3345,265.3345,265.3345,331.6682,331.6682,6368.0288,0.01089532,1459.3399,1336.7936,5174.0234,5296.5697,0.00885245,0.00906212,0.00045397,155.0329,138.3952,1.7595,127.5647,14.6756,11239.8823,72.5000,180.5550,151.7125,58.09,129.7286,157.9904,321.5856,428.8828,778.3716,93.4046,0.0,3.306,6.0,1.195055,16,80,84,2,0.13407078,0.01134929,0.02064894,0E-8,0.000000,0.892683,0.000000,-0.01073951,2026-03-25,2026-08-03,52,452,218,132,0.393939,1.190113,1.164624,0.446903,,,,,,,,GLOBAL_BASELINE_NO_ENTITY_RANKING,,,NOT_APPLICABLE_GLOBAL_BASELINE,HF9g-P5,,,,X 全窗基线 · 不参与实体赏罚,14190839,1420,A168_HF9F_20260827_0900,2026-08-27 09:00:00
2026-05-19,70521282,2134,0,847.6467230554,-201.0793420166,-201.0793420166,0.4000000,11,11,0.50177608181818182,0.501776081818,-0.6436925207721684,-0.6436925207710176,-0.6436925207721684,1.8182E-13,ELIGIBLE,R03b_20260811_FULL_v1,L1_ELIGIBILITY,v2026-08-11,2026-03-21..2026-08-06,baccarat_bet02_101_all_pairs_incl_sentinel,round_win = game_pnl > 0 (decisive only),COMPATIBILITY_ONLY_NOT_PRODUCTION,584473.8809,521750.0287,6633.3633,3770,3770,-0.01134929,-0.02064894,-0.00990944,-0.01134929,-6633.3633,584473.8809,OK,0.0000,265.3345,4.0000,96.0000,AG03-UNRESOLVED,ALL5_LEVELS_bet23_to_bet27,265.3345,265.3345,265.3345,331.6682,331.6682,4.000000,4.000000,4.000000,5.000000,5.000000,96.000000,96.000000,96.000000,95.000000,95.000000,5.0,1459.3399,1336.7936,5174.0234,5296.5697,PENDING_AG03,FALSE,NOT_FOR_ENFORCEMENT,6368.0288,500880.0275,6633.3633,6368.0288,265.3345,0.01134929,0.01089532,265.3345,6368.0288,0.01089532,265.3345,265.3345,265.3345,331.6682,331.6682,6368.0288,0.01089532,1459.3399,1336.7936,5174.0234,5296.5697,0.00885245,0.00906212,0.00045397,155.0329,138.3952,1.7595,127.5647,14.6756,11239.8823,72.5000,180.5550,151.7125,58.09,129.7286,157.9904,321.5856,428.8828,778.3716,93.4046,0.0,3.306,6.0,1.195055,16,80,84,2,0.13407078,0.01134929,0.02064894,0E-8,0.000000,0.892683,0.000000,-0.01073951,2026-03-25,2026-08-03,52,452,218,132,0.393939,1.190113,1.164624,0.446903,,,,,,,,GLOBAL_BASELINE_NO_ENTITY_RANKING,,,NOT_APPLICABLE_GLOBAL_BASELINE,HF9g-P5,,,,X 全窗基线 · 不参与实体赏罚,14190840,1420,A168_HF9F_20260827_0900,2026-08-27 09:00:00
2026-05-19,70521282,2153,0,2447.2004566450,103.6012661511,103.6012661511,0.5384615,14,14,0.49994810000000000,0.499948100000,0.27772435583116994,0.27772435583116994,0.27772435583116994,0E-17,ELIGIBLE,R03b_20260811_FULL_v1,L1_ELIGIBILITY,v2026-08-11,2026-03-21..2026-08-06,baccarat_bet02_101_all_pairs_incl_sentinel,round_win = game_pnl > 0 (decisive only),COMPATIBILITY_ONLY_NOT_PRODUCTION,584473.8809,521750.0287,6633.3633,3770,3770,-0.01134929,-0.02064894,-0.00990944,-0.01134929,-6633.3633,584473.8809,OK,0.0000,265.3345,4.0000,96.0000,AG03-UNRESOLVED,ALL5_LEVELS_bet23_to_bet27,265.3345,265.3345,265.3345,331.6682,331.6682,4.000000,4.000000,4.000000,5.000000,5.000000,96.000000,96.000000,96.000000,95.000000,95.000000,5.0,1459.3399,1336.7936,5174.0234,5296.5697,PENDING_AG03,FALSE,NOT_FOR_ENFORCEMENT,6368.0288,500880.0275,6633.3633,6368.0288,265.3345,0.01134929,0.01089532,265.3345,6368.0288,0.01089532,265.3345,265.3345,265.3345,331.6682,331.6682,6368.0288,0.01089532,1459.3399,1336.7936,5174.0234,5296.5697,0.00885245,0.00906212,0.00045397,155.0329,138.3952,1.7595,127.5647,14.6756,11239.8823,72.5000,180.5550,151.7125,58.09,129.7286,157.9904,321.5856,428.8828,778.3716,93.4046,0.0,3.306,6.0,1.195055,16,80,84,2,0.13407078,0.01134929,0.02064894,0E-8,0.000000,0.892683,0.000000,-0.01073951,2026-03-25,2026-08-03,52,452,218,132,0.393939,1.190113,1.164624,0.446903,,,,,,,,GLOBAL_BASELINE_NO_ENTITY_RANKING,,,NOT_APPLICABLE_GLOBAL_BASELINE,HF9g-P5,,,,X 全窗基线 · 不参与实体赏罚,14190841,1420,A168_HF9F_20260827_0900,2026-08-27 09:00:00
2026-05-19,70521282,2160,0,186.5497379483,-114.7060349749,-114.7060349749,0.4000000,5,5,0.50128862000000000,0.501288620000,-0.4529779837142727,-0.4529779837142727,-0.4529779837142727,0E-17,ELIGIBLE,R03b_20260811_FULL_v1,L1_ELIGIBILITY,v2026-08-11,2026-03-21..2026-08-06,baccarat_bet02_101_all_pairs_incl_sentinel,round_win = game_pnl > 0 (decisive only),COMPATIBILITY_ONLY_NOT_PRODUCTION,584473.8809,521750.0287,6633.3633,3770,3770,-0.01134929,-0.02064894,-0.00990944,-0.01134929,-6633.3633,584473.8809,OK,0.0000,265.3345,4.0000,96.0000,AG03-UNRESOLVED,ALL5_LEVELS_bet23_to_bet27,265.3345,265.3345,265.3345,331.6682,331.6682,4.000000,4.000000,4.000000,5.000000,5.000000,96.000000,96.000000,96.000000,95.000000,95.000000,5.0,1459.3399,1336.7936,5174.0234,5296.5697,PENDING_AG03,FALSE,NOT_FOR_ENFORCEMENT,6368.0288,500880.0275,6633.3633,6368.0288,265.3345,0.01134929,0.01089532,265.3345,6368.0288,0.01089532,265.3345,265.3345,265.3345,331.6682,331.6682,6368.0288,0.01089532,1459.3399,1336.7936,5174.0234,5296.5697,0.00885245,0.00906212,0.00045397,155.0329,138.3952,1.7595,127.5647,14.6756,11239.8823,72.5000,180.5550,151.7125,58.09,129.7286,157.9904,321.5856,428.8828,778.3716,93.4046,0.0,3.306,6.0,1.195055,16,80,84,2,0.13407078,0.01134929,0.02064894,0E-8,0.000000,0.892683,0.000000,-0.01073951,2026-03-25,2026-08-03,52,452,218,132,0.393939,1.190113,1.164624,0.446903,,,,,,,,GLOBAL_BASELINE_NO_ENTITY_RANKING,,,NOT_APPLICABLE_GLOBAL_BASELINE,HF9g-P5,,,,X 全窗基线 · 不参与实体赏罚,14190842,1420,A168_HF9F_20260827_0900,2026-08-27 09:00:00
2026-05-19,70521282,529,0,1349.4369778426,-6.8885890716,-6.8885890716,0.6666667,11,11,0.50299473636363636,0.502994736364,0.9820491968863256,0.9820491968841482,0.9820491968863256,-3.6364E-13,ELIGIBLE,R03b_20260811_FULL_v1,L1_ELIGIBILITY,v2026-08-11,2026-03-21..2026-08-06,baccarat_bet02_101_all_pairs_incl_sentinel,round_win = game_pnl > 0 (decisive only),COMPATIBILITY_ONLY_NOT_PRODUCTION,584473.8809,521750.0287,6633.3633,3770,3770,-0.01134929,-0.02064894,-0.00990944,-0.01134929,-6633.3633,584473.8809,OK,0.0000,265.3345,4.0000,96.0000,AG03-UNRESOLVED,ALL5_LEVELS_bet23_to_bet27,265.3345,265.3345,265.3345,331.6682,331.6682,4.000000,4.000000,4.000000,5.000000,5.000000,96.000000,96.000000,96.000000,95.000000,95.000000,5.0,1459.3399,1336.7936,5174.0234,5296.5697,PENDING_AG03,FALSE,NOT_FOR_ENFORCEMENT,6368.0288,500880.0275,6633.3633,6368.0288,265.3345,0.01134929,0.01089532,265.3345,6368.0288,0.01089532,265.3345,265.3345,265.3345,331.6682,331.6682,6368.0288,0.01089532,1459.3399,1336.7936,5174.0234,5296.5697,0.00885245,0.00906212,0.00045397,155.0329,138.3952,1.7595,127.5647,14.6756,11239.8823,72.5000,180.5550,151.7125,58.09,129.7286,157.9904,321.5856,428.8828,778.3716,93.4046,0.0,3.306,6.0,1.195055,16,80,84,2,0.13407078,0.01134929,0.02064894,0E-8,0.000000,0.892683,0.000000,-0.01073951,2026-03-25,2026-08-03,52,452,218,132,0.393939,1.190113,1.164624,0.446903,,,,,,,,GLOBAL_BASELINE_NO_ENTITY_RANKING,,,NOT_APPLICABLE_GLOBAL_BASELINE,HF9g-P5,,,,X 全窗基线 · 不参与实体赏罚,14190843,1420,A168_HF9F_20260827_0900,2026-08-27 09:00:00
2026-05-19,70521282,550,0,51.8914431010,-51.8914431010,-51.8914431010,0E-7,1,1,0.49324550000000000,0.493245500000,-0.9865810262130424,-0.9865810262130424,-0.9865810262130424,0E-17,ELIGIBLE,R03b_20260811_FULL_v1,L1_ELIGIBILITY,v2026-08-11,2026-03-21..2026-08-06,baccarat_bet02_101_all_pairs_incl_sentinel,round_win = game_pnl > 0 (decisive only),COMPATIBILITY_ONLY_NOT_PRODUCTION,584473.8809,521750.0287,6633.3633,3770,3770,-0.01134929,-0.02064894,-0.00990944,-0.01134929,-6633.3633,584473.8809,OK,0.0000,265.3345,4.0000,96.0000,AG03-UNRESOLVED,ALL5_LEVELS_bet23_to_bet27,265.3345,265.3345,265.3345,331.6682,331.6682,4.000000,4.000000,4.000000,5.000000,5.000000,96.000000,96.000000,96.000000,95.000000,95.000000,5.0,1459.3399,1336.7936,5174.0234,5296.5697,PENDING_AG03,FALSE,NOT_FOR_ENFORCEMENT,6368.0288,500880.0275,6633.3633,6368.0288,265.3345,0.01134929,0.01089532,265.3345,6368.0288,0.01089532,265.3345,265.3345,265.3345,331.6682,331.6682,6368.0288,0.01089532,1459.3399,1336.7936,5174.0234,5296.5697,0.00885245,0.00906212,0.00045397,155.0329,138.3952,1.7595,127.5647,14.6756,11239.8823,72.5000,180.5550,151.7125,58.09,129.7286,157.9904,321.5856,428.8828,778.3716,93.4046,0.0,3.306,6.0,1.195055,16,80,84,2,0.13407078,0.01134929,0.02064894,0E-8,0.000000,0.892683,0.000000,-0.01073951,2026-03-25,2026-08-03,52,452,218,132,0.393939,1.190113,1.164624,0.446903,,,,,,,,GLOBAL_BASELINE_NO_ENTITY_RANKING,,,NOT_APPLICABLE_GLOBAL_BASELINE,HF9g-P5,,,,X 全窗基线 · 不参与实体赏罚,14190844,1420,A168_HF9F_20260827_0900,2026-08-27 09:00:00
2026-05-19,70521282,752,0,1367.3395257122,-385.1642364173,-385.1642364173,0.4545455,11,11,0.50055742727272727,0.500557427273,-0.3052090884732058,-0.3052090884750151,-0.3052090884732058,-2.7273E-13,ELIGIBLE,R03b_20260811_FULL_v1,L1_ELIGIBILITY,v2026-08-11,2026-03-21..2026-08-06,baccarat_bet02_101_all_pairs_incl_sentinel,round_win = game_pnl > 0 (decisive only),COMPATIBILITY_ONLY_NOT_PRODUCTION,584473.8809,521750.0287,6633.3633,3770,3770,-0.01134929,-0.02064894,-0.00990944,-0.01134929,-6633.3633,584473.8809,OK,0.0000,265.3345,4.0000,96.0000,AG03-UNRESOLVED,ALL5_LEVELS_bet23_to_bet27,265.3345,265.3345,265.3345,331.6682,331.6682,4.000000,4.000000,4.000000,5.000000,5.000000,96.000000,96.000000,96.000000,95.000000,95.000000,5.0,1459.3399,1336.7936,5174.0234,5296.5697,PENDING_AG03,FALSE,NOT_FOR_ENFORCEMENT,6368.0288,500880.0275,6633.3633,6368.0288,265.3345,0.01134929,0.01089532,265.3345,6368.0288,0.01089532,265.3345,265.3345,265.3345,331.6682,331.6682,6368.0288,0.01089532,1459.3399,1336.7936,5174.0234,5296.5697,0.00885245,0.00906212,0.00045397,155.0329,138.3952,1.7595,127.5647,14.6756,11239.8823,72.5000,180.5550,151.7125,58.09,129.7286,157.9904,321.5856,428.8828,778.3716,93.4046,0.0,3.306,6.0,1.195055,16,80,84,2,0.13407078,0.01134929,0.02064894,0E-8,0.000000,0.892683,0.000000,-0.01073951,2026-03-25,2026-08-03,52,452,218,132,0.393939,1.190113,1.164624,0.446903,,,,,,,,GLOBAL_BASELINE_NO_ENTITY_RANKING,,,NOT_APPLICABLE_GLOBAL_BASELINE,HF9g-P5,,,,X 全窗基线 · 不参与实体赏罚,14190845,1420,A168_HF9F_20260827_0900,2026-08-27 09:00:00
2026-05-19,70521282,948,0,4743.6562710807,1140.1847335375,1140.1847335375,0.6250000,20,20,0.49793732000000000,0.497937320000,1.016510089823634,1.016510089823634,1.016510089823634,0E-17,ELIGIBLE,R03b_20260811_FULL_v1,L1_ELIGIBILITY,v2026-08-11,2026-03-21..2026-08-06,baccarat_bet02_101_all_pairs_incl_sentinel,round_win = game_pnl > 0 (decisive only),COMPATIBILITY_ONLY_NOT_PRODUCTION,584473.8809,521750.0287,6633.3633,3770,3770,-0.01134929,-0.02064894,-0.00990944,-0.01134929,-6633.3633,584473.8809,OK,0.0000,265.3345,4.0000,96.0000,AG03-UNRESOLVED,ALL5_LEVELS_bet23_to_bet27,265.3345,265.3345,265.3345,331.6682,331.6682,4.000000,4.000000,4.000000,5.000000,5.000000,96.000000,96.000000,96.000000,95.000000,95.000000,5.0,1459.3399,1336.7936,5174.0234,5296.5697,PENDING_AG03,FALSE,NOT_FOR_ENFORCEMENT,6368.0288,500880.0275,6633.3633,6368.0288,265.3345,0.01134929,0.01089532,265.3345,6368.0288,0.01089532,265.3345,265.3345,265.3345,331.6682,331.6682,6368.0288,0.01089532,1459.3399,1336.7936,5174.0234,5296.5697,0.00885245,0.00906212,0.00045397,155.0329,138.3952,1.7595,127.5647,14.6756,11239.8823,72.5000,180.5550,151.7125,58.09,129.7286,157.9904,321.5856,428.8828,778.3716,93.4046,0.0,3.306,6.0,1.195055,16,80,84,2,0.13407078,0.01134929,0.02064894,0E-8,0.000000,0.892683,0.000000,-0.01073951,2026-03-25,2026-08-03,52,452,218,132,0.393939,1.190113,1.164624,0.446903,,,,,,,,GLOBAL_BASELINE_NO_ENTITY_RANKING,,,NOT_APPLICABLE_GLOBAL_BASELINE,HF9g-P5,,,,X 全窗基线 · 不参与实体赏罚,14190846,1420,A168_HF9F_20260827_0900,2026-08-27 09:00:00
2026-05-19,70521282,987,0,31.1348658606,-31.1348658606,-31.1348658606,0E-7,1,1,0.49324550000000000,0.493245500000,-0.9865810262130424,-0.9865810262130424,-0.9865810262130424,0E-17,ELIGIBLE,R03b_20260811_FULL_v1,L1_ELIGIBILITY,v2026-08-11,2026-03-21..2026-08-06,baccarat_bet02_101_all_pairs_incl_sentinel,round_win = game_pnl > 0 (decisive only),COMPATIBILITY_ONLY_NOT_PRODUCTION,584473.8809,521750.0287,6633.3633,3770,3770,-0.01134929,-0.02064894,-0.00990944,-0.01134929,-6633.3633,584473.8809,OK,0.0000,265.3345,4.0000,96.0000,AG03-UNRESOLVED,ALL5_LEVELS_bet23_to_bet27,265.3345,265.3345,265.3345,331.6682,331.6682,4.000000,4.000000,4.000000,5.000000,5.000000,96.000000,96.000000,96.000000,95.000000,95.000000,5.0,1459.3399,1336.7936,5174.0234,5296.5697,PENDING_AG03,FALSE,NOT_FOR_ENFORCEMENT,6368.0288,500880.0275,6633.3633,6368.0288,265.3345,0.01134929,0.01089532,265.3345,6368.0288,0.01089532,265.3345,265.3345,265.3345,331.6682,331.6682,6368.0288,0.01089532,1459.3399,1336.7936,5174.0234,5296.5697,0.00885245,0.00906212,0.00045397,155.0329,138.3952,1.7595,127.5647,14.6756,11239.8823,72.5000,180.5550,151.7125,58.09,129.7286,157.9904,321.5856,428.8828,778.3716,93.4046,0.0,3.306,6.0,1.195055,16,80,84,2,0.13407078,0.01134929,0.02064894,0E-8,0.000000,0.892683,0.000000,-0.01073951,2026-03-25,2026-08-03,52,452,218,132,0.393939,1.190113,1.164624,0.446903,,,,,,,,GLOBAL_BASELINE_NO_ENTITY_RANKING,,,NOT_APPLICABLE_GLOBAL_BASELINE,HF9g-P5,,,,X 全窗基线 · 不参与实体赏罚,14190847,1420,A168_HF9F_20260827_0900,2026-08-27 09:00:00
2026-05-20,70521282,1078,0,828.7063463235,-480.8001660527,-480.8001660527,0.2000000,12,12,0.49659680000000000,0.496596800000,-1.8758863221068804,-1.8758863221068804,-1.8758863221068804,0E-17,ELIGIBLE,R03b_20260811_FULL_v1,L1_ELIGIBILITY,v2026-08-11,2026-03-21..2026-08-06,baccarat_bet02_101_all_pairs_incl_sentinel,round_win = game_pnl > 0 (decisive only),COMPATIBILITY_ONLY_NOT_PRODUCTION,584473.8809,521750.0287,6633.3633,3770,3770,-0.01134929,-0.02064894,-0.00990944,-0.01134929,-6633.3633,584473.8809,OK,0.0000,265.3345,4.0000,96.0000,AG03-UNRESOLVED,ALL5_LEVELS_bet23_to_bet27,265.3345,265.3345,265.3345,331.6682,331.6682,4.000000,4.000000,4.000000,5.000000,5.000000,96.000000,96.000000,96.000000,95.000000,95.000000,5.0,1459.3399,1336.7936,5174.0234,5296.5697,PENDING_AG03,FALSE,NOT_FOR_ENFORCEMENT,6368.0288,500880.0275,6633.3633,6368.0288,265.3345,0.01134929,0.01089532,265.3345,6368.0288,0.01089532,265.3345,265.3345,265.3345,331.6682,331.6682,6368.0288,0.01089532,1459.3399,1336.7936,5174.0234,5296.5697,0.00885245,0.00906212,0.00045397,155.0329,138.3952,1.7595,127.5647,14.6756,11239.8823,72.5000,180.5550,151.7125,58.09,129.7286,157.9904,321.5856,428.8828,778.3716,93.4046,0.0,3.306,6.0,1.195055,16,80,84,2,0.13407078,0.01134929,0.02064894,0E-8,0.000000,0.892683,0.000000,-0.01073951,2026-03-25,2026-08-03,52,452,218,132,0.393939,1.190113,1.164624,0.446903,,,,,,,,GLOBAL_BASELINE_NO_ENTITY_RANKING,,,NOT_APPLICABLE_GLOBAL_BASELINE,HF9g-P5,,,,X 全窗基线 · 不参与实体赏罚,14190848,1420,A168_HF9F_20260827_0900,2026-08-27 09:00:00
2026-05-20,70521282,1299,0,78.3560790826,-78.3560790826,-78.3560790826,0E-7,2,2,0.49324550000000000,0.493245500000,-1.3952362676504506,-1.3952362676504506,-1.3952362676504506,0E-17,ELIGIBLE,R03b_20260811_FULL_v1,L1_ELIGIBILITY,v2026-08-11,2026-03-21..2026-08-06,baccarat_bet02_101_all_pairs_incl_sentinel,round_win = game_pnl > 0 (decisive only),COMPATIBILITY_ONLY_NOT_PRODUCTION,584473.8809,521750.0287,6633.3633,3770,3770,-0.01134929,-0.02064894,-0.00990944,-0.01134929,-6633.3633,584473.8809,OK,0.0000,265.3345,4.0000,96.0000,AG03-UNRESOLVED,ALL5_LEVELS_bet23_to_bet27,265.3345,265.3345,265.3345,331.6682,331.6682,4.000000,4.000000,4.000000,5.000000,5.000000,96.000000,96.000000,96.000000,95.000000,95.000000,5.0,1459.3399,1336.7936,5174.0234,5296.5697,PENDING_AG03,FALSE,NOT_FOR_ENFORCEMENT,6368.0288,500880.0275,6633.3633,6368.0288,265.3345,0.01134929,0.01089532,265.3345,6368.0288,0.01089532,265.3345,265.3345,265.3345,331.6682,331.6682,6368.0288,0.01089532,1459.3399,1336.7936,5174.0234,5296.5697,0.00885245,0.00906212,0.00045397,155.0329,138.3952,1.7595,127.5647,14.6756,11239.8823,72.5000,180.5550,151.7125,58.09,129.7286,157.9904,321.5856,428.8828,778.3716,93.4046,0.0,3.306,6.0,1.195055,16,80,84,2,0.13407078,0.01134929,0.02064894,0E-8,0.000000,0.892683,0.000000,-0.01073951,2026-03-25,2026-08-03,52,452,218,132,0.393939,1.190113,1.164624,0.446903,,,,,,,,GLOBAL_BASELINE_NO_ENTITY_RANKING,,,NOT_APPLICABLE_GLOBAL_BASELINE,HF9g-P5,,,,X 全窗基线 · 不参与实体赏罚,14190849,1420,A168_HF9F_20260827_0900,2026-08-27 09:00:00
2026-05-20,70521282,1304,0,17.6430906544,-17.6430906544,-17.6430906544,0E-7,1,1,0.50665070000000000,0.506650700000,-1.013391052207602,-1.013391052207602,-1.013391052207602,0E-17,ELIGIBLE,R03b_20260811_FULL_v1,L1_ELIGIBILITY,v2026-08-11,2026-03-21..2026-08-06,baccarat_bet02_101_all_pairs_incl_sentinel,round_win = game_pnl > 0 (decisive only),COMPATIBILITY_ONLY_NOT_PRODUCTION,584473.8809,521750.0287,6633.3633,3770,3770,-0.01134929,-0.02064894,-0.00990944,-0.01134929,-6633.3633,584473.8809,OK,0.0000,265.3345,4.0000,96.0000,AG03-UNRESOLVED,ALL5_LEVELS_bet23_to_bet27,265.3345,265.3345,265.3345,331.6682,331.6682,4.000000,4.000000,4.000000,5.000000,5.000000,96.000000,96.000000,96.000000,95.000000,95.000000,5.0,1459.3399,1336.7936,5174.0234,5296.5697,PENDING_AG03,FALSE,NOT_FOR_ENFORCEMENT,6368.0288,500880.0275,6633.3633,6368.0288,265.3345,0.01134929,0.01089532,265.3345,6368.0288,0.01089532,265.3345,265.3345,265.3345,331.6682,331.6682,6368.0288,0.01089532,1459.3399,1336.7936,5174.0234,5296.5697,0.00885245,0.00906212,0.00045397,155.0329,138.3952,1.7595,127.5647,14.6756,11239.8823,72.5000,180.5550,151.7125,58.09,129.7286,157.9904,321.5856,428.8828,778.3716,93.4046,0.0,3.306,6.0,1.195055,16,80,84,2,0.13407078,0.01134929,0.02064894,0E-8,0.000000,0.892683,0.000000,-0.01073951,2026-03-25,2026-08-03,52,452,218,132,0.393939,1.190113,1.164624,0.446903,,,,,,,,GLOBAL_BASELINE_NO_ENTITY_RANKING,,,NOT_APPLICABLE_GLOBAL_BASELINE,HF9g-P5,,,,X 全窗基线 · 不参与实体赏罚,14190850,1420,A168_HF9F_20260827_0900,2026-08-27 09:00:00
2026-05-20,70521282,1385,0,765.3987857404,-389.1858232578,-389.1858232578,0.2500000,5,5,0.49860758000000000,0.498607580000,-0.9944341760919779,-0.9944341760919779,-0.9944341760919779,0E-17,ELIGIBLE,R03b_20260811_FULL_v1,L1_ELIGIBILITY,v2026-08-11,2026-03-21..2026-08-06,baccarat_bet02_101_all_pairs_incl_sentinel,round_win = game_pnl > 0 (decisive only),COMPATIBILITY_ONLY_NOT_PRODUCTION,584473.8809,521750.0287,6633.3633,3770,3770,-0.01134929,-0.02064894,-0.00990944,-0.01134929,-6633.3633,584473.8809,OK,0.0000,265.3345,4.0000,96.0000,AG03-UNRESOLVED,ALL5_LEVELS_bet23_to_bet27,265.3345,265.3345,265.3345,331.6682,331.6682,4.000000,4.000000,4.000000,5.000000,5.000000,96.000000,96.000000,96.000000,95.000000,95.000000,5.0,1459.3399,1336.7936,5174.0234,5296.5697,PENDING_AG03,FALSE,NOT_FOR_ENFORCEMENT,6368.0288,500880.0275,6633.3633,6368.0288,265.3345,0.01134929,0.01089532,265.3345,6368.0288,0.01089532,265.3345,265.3345,265.3345,331.6682,331.6682,6368.0288,0.01089532,1459.3399,1336.7936,5174.0234,5296.5697,0.00885245,0.00906212,0.00045397,155.0329,138.3952,1.7595,127.5647,14.6756,11239.8823,72.5000,180.5550,151.7125,58.09,129.7286,157.9904,321.5856,428.8828,778.3716,93.4046,0.0,3.306,6.0,1.195055,16,80,84,2,0.13407078,0.01134929,0.02064894,0E-8,0.000000,0.892683,0.000000,-0.01073951,2026-03-25,2026-08-03,52,452,218,132,0.393939,1.190113,1.164624,0.446903,,,,,,,,GLOBAL_BASELINE_NO_ENTITY_RANKING,,,NOT_APPLICABLE_GLOBAL_BASELINE,HF9g-P5,,,,X 全窗基线 · 不参与实体赏罚,14190851,1420,A168_HF9F_20260827_0900,2026-08-27 09:00:00
2026-05-20,70521282,1941,0,846.6088941934,-273.8051995227,-273.8051995227,0.3636364,12,12,0.50106520000000000,0.501065200000,-0.9116018398889626,-0.9116018398889626,-0.9116018398889626,0E-17,ELIGIBLE,R03b_20260811_FULL_v1,L1_ELIGIBILITY,v2026-08-11,2026-03-21..2026-08-06,baccarat_bet02_101_all_pairs_incl_sentinel,round_win = game_pnl > 0 (decisive only),COMPATIBILITY_ONLY_NOT_PRODUCTION,584473.8809,521750.0287,6633.3633,3770,3770,-0.01134929,-0.02064894,-0.00990944,-0.01134929,-6633.3633,584473.8809,OK,0.0000,265.3345,4.0000,96.0000,AG03-UNRESOLVED,ALL5_LEVELS_bet23_to_bet27,265.3345,265.3345,265.3345,331.6682,331.6682,4.000000,4.000000,4.000000,5.000000,5.000000,96.000000,96.000000,96.000000,95.000000,95.000000,5.0,1459.3399,1336.7936,5174.0234,5296.5697,PENDING_AG03,FALSE,NOT_FOR_ENFORCEMENT,6368.0288,500880.0275,6633.3633,6368.0288,265.3345,0.01134929,0.01089532,265.3345,6368.0288,0.01089532,265.3345,265.3345,265.3345,331.6682,331.6682,6368.0288,0.01089532,1459.3399,1336.7936,5174.0234,5296.5697,0.00885245,0.00906212,0.00045397,155.0329,138.3952,1.7595,127.5647,14.6756,11239.8823,72.5000,180.5550,151.7125,58.09,129.7286,157.9904,321.5856,428.8828,778.3716,93.4046,0.0,3.306,6.0,1.195055,16,80,84,2,0.13407078,0.01134929,0.02064894,0E-8,0.000000,0.892683,0.000000,-0.01073951,2026-03-25,2026-08-03,52,452,218,132,0.393939,1.190113,1.164624,0.446903,,,,,,,,GLOBAL_BASELINE_NO_ENTITY_RANKING,,,NOT_APPLICABLE_GLOBAL_BASELINE,HF9g-P5,,,,X 全窗基线 · 不参与实体赏罚,14190852,1420,A168_HF9F_20260827_0900,2026-08-27 09:00:00
2026-05-20,70521282,2108,0,3852.1612786051,-220.4089045715,-220.4089045715,0.5000000,21,21,0.49707555714285714,0.497075557143,0.024815144965774912,0.024815144964562642,0.024815144965774912,-1.4286E-13,ELIGIBLE,R03b_20260811_FULL_v1,L1_ELIGIBILITY,v2026-08-11,2026-03-21..2026-08-06,baccarat_bet02_101_all_pairs_incl_sentinel,round_win = game_pnl > 0 (decisive only),COMPATIBILITY_ONLY_NOT_PRODUCTION,584473.8809,521750.0287,6633.3633,3770,3770,-0.01134929,-0.02064894,-0.00990944,-0.01134929,-6633.3633,584473.8809,OK,0.0000,265.3345,4.0000,96.0000,AG03-UNRESOLVED,ALL5_LEVELS_bet23_to_bet27,265.3345,265.3345,265.3345,331.6682,331.6682,4.000000,4.000000,4.000000,5.000000,5.000000,96.000000,96.000000,96.000000,95.000000,95.000000,5.0,1459.3399,1336.7936,5174.0234,5296.5697,PENDING_AG03,FALSE,NOT_FOR_ENFORCEMENT,6368.0288,500880.0275,6633.3633,6368.0288,265.3345,0.01134929,0.01089532,265.3345,6368.0288,0.01089532,265.3345,265.3345,265.3345,331.6682,331.6682,6368.0288,0.01089532,1459.3399,1336.7936,5174.0234,5296.5697,0.00885245,0.00906212,0.00045397,155.0329,138.3952,1.7595,127.5647,14.6756,11239.8823,72.5000,180.5550,151.7125,58.09,129.7286,157.9904,321.5856,428.8828,778.3716,93.4046,0.0,3.306,6.0,1.195055,16,80,84,2,0.13407078,0.01134929,0.02064894,0E-8,0.000000,0.892683,0.000000,-0.01073951,2026-03-25,2026-08-03,52,452,218,132,0.393939,1.190113,1.164624,0.446903,,,,,,,,GLOBAL_BASELINE_NO_ENTITY_RANKING,,,NOT_APPLICABLE_GLOBAL_BASELINE,HF9g-P5,,,,X 全窗基线 · 不参与实体赏罚,14190853,1420,A168_HF9F_20260827_0900,2026-08-27 09:00:00
2026-05-20,70521282,2127,0,133.3610087697,-133.3610087697,-133.3610087697,0E-7,1,1,0.50665070000000000,0.506650700000,-1.013391052207602,-1.013391052207602,-1.013391052207602,0E-17,ELIGIBLE,R03b_20260811_FULL_v1,L1_ELIGIBILITY,v2026-08-11,2026-03-21..2026-08-06,baccarat_bet02_101_all_pairs_incl_sentinel,round_win = game_pnl > 0 (decisive only),COMPATIBILITY_ONLY_NOT_PRODUCTION,584473.8809,521750.0287,6633.3633,3770,3770,-0.01134929,-0.02064894,-0.00990944,-0.01134929,-6633.3633,584473.8809,OK,0.0000,265.3345,4.0000,96.0000,AG03-UNRESOLVED,ALL5_LEVELS_bet23_to_bet27,265.3345,265.3345,265.3345,331.6682,331.6682,4.000000,4.000000,4.000000,5.000000,5.000000,96.000000,96.000000,96.000000,95.000000,95.000000,5.0,1459.3399,1336.7936,5174.0234,5296.5697,PENDING_AG03,FALSE,NOT_FOR_ENFORCEMENT,6368.0288,500880.0275,6633.3633,6368.0288,265.3345,0.01134929,0.01089532,265.3345,6368.0288,0.01089532,265.3345,265.3345,265.3345,331.6682,331.6682,6368.0288,0.01089532,1459.3399,1336.7936,5174.0234,5296.5697,0.00885245,0.00906212,0.00045397,155.0329,138.3952,1.7595,127.5647,14.6756,11239.8823,72.5000,180.5550,151.7125,58.09,129.7286,157.9904,321.5856,428.8828,778.3716,93.4046,0.0,3.306,6.0,1.195055,16,80,84,2,0.13407078,0.01134929,0.02064894,0E-8,0.000000,0.892683,0.000000,-0.01073951,2026-03-25,2026-08-03,52,452,218,132,0.393939,1.190113,1.164624,0.446903,,,,,,,,GLOBAL_BASELINE_NO_ENTITY_RANKING,,,NOT_APPLICABLE_GLOBAL_BASELINE,HF9g-P5,,,,X 全窗基线 · 不参与实体赏罚,14190854,1420,A168_HF9F_20260827_0900,2026-08-27 09:00:00
2026-05-20,70521282,2130,0,1063.7745835712,-285.4029370556,-285.4029370556,0.3333333,4,4,0.49659680000000000,0.496596800000,-0.5655743394288276,-0.5655743394288276,-0.5655743394288276,0E-17,ELIGIBLE,R03b_20260811_FULL_v1,L1_ELIGIBILITY,v2026-08-11,2026-03-21..2026-08-06,baccarat_bet02_101_all_pairs_incl_sentinel,round_win = game_pnl > 0 (decisive only),COMPATIBILITY_ONLY_NOT_PRODUCTION,584473.8809,521750.0287,6633.3633,3770,3770,-0.01134929,-0.02064894,-0.00990944,-0.01134929,-6633.3633,584473.8809,OK,0.0000,265.3345,4.0000,96.0000,AG03-UNRESOLVED,ALL5_LEVELS_bet23_to_bet27,265.3345,265.3345,265.3345,331.6682,331.6682,4.000000,4.000000,4.000000,5.000000,5.000000,96.000000,96.000000,96.000000,95.000000,95.000000,5.0,1459.3399,1336.7936,5174.0234,5296.5697,PENDING_AG03,FALSE,NOT_FOR_ENFORCEMENT,6368.0288,500880.0275,6633.3633,6368.0288,265.3345,0.01134929,0.01089532,265.3345,6368.0288,0.01089532,265.3345,265.3345,265.3345,331.6682,331.6682,6368.0288,0.01089532,1459.3399,1336.7936,5174.0234,5296.5697,0.00885245,0.00906212,0.00045397,155.0329,138.3952,1.7595,127.5647,14.6756,11239.8823,72.5000,180.5550,151.7125,58.09,129.7286,157.9904,321.5856,428.8828,778.3716,93.4046,0.0,3.306,6.0,1.195055,16,80,84,2,0.13407078,0.01134929,0.02064894,0E-8,0.000000,0.892683,0.000000,-0.01073951,2026-03-25,2026-08-03,52,452,218,132,0.393939,1.190113,1.164624,0.446903,,,,,,,,GLOBAL_BASELINE_NO_ENTITY_RANKING,,,NOT_APPLICABLE_GLOBAL_BASELINE,HF9g-P5,,,,X 全窗基线 · 不参与实体赏罚,14190855,1420,A168_HF9F_20260827_0900,2026-08-27 09:00:00
2026-05-20,70521282,2134,0,133.3610087696,-133.3610087696,-133.3610087696,0E-7,2,2,0.49324550000000000,0.493245500000,-1.3952362676504506,-1.3952362676504506,-1.3952362676504506,0E-17,ELIGIBLE,R03b_20260811_FULL_v1,L1_ELIGIBILITY,v2026-08-11,2026-03-21..2026-08-06,baccarat_bet02_101_all_pairs_incl_sentinel,round_win = game_pnl > 0 (decisive only),COMPATIBILITY_ONLY_NOT_PRODUCTION,584473.8809,521750.0287,6633.3633,3770,3770,-0.01134929,-0.02064894,-0.00990944,-0.01134929,-6633.3633,584473.8809,OK,0.0000,265.3345,4.0000,96.0000,AG03-UNRESOLVED,ALL5_LEVELS_bet23_to_bet27,265.3345,265.3345,265.3345,331.6682,331.6682,4.000000,4.000000,4.000000,5.000000,5.000000,96.000000,96.000000,96.000000,95.000000,95.000000,5.0,1459.3399,1336.7936,5174.0234,5296.5697,PENDING_AG03,FALSE,NOT_FOR_ENFORCEMENT,6368.0288,500880.0275,6633.3633,6368.0288,265.3345,0.01134929,0.01089532,265.3345,6368.0288,0.01089532,265.3345,265.3345,265.3345,331.6682,331.6682,6368.0288,0.01089532,1459.3399,1336.7936,5174.0234,5296.5697,0.00885245,0.00906212,0.00045397,155.0329,138.3952,1.7595,127.5647,14.6756,11239.8823,72.5000,180.5550,151.7125,58.09,129.7286,157.9904,321.5856,428.8828,778.3716,93.4046,0.0,3.306,6.0,1.195055,16,80,84,2,0.13407078,0.01134929,0.02064894,0E-8,0.000000,0.892683,0.000000,-0.01073951,2026-03-25,2026-08-03,52,452,218,132,0.393939,1.190113,1.164624,0.446903,,,,,,,,GLOBAL_BASELINE_NO_ENTITY_RANKING,,,NOT_APPLICABLE_GLOBAL_BASELINE,HF9g-P5,,,,X 全窗基线 · 不参与实体赏罚,14190856,1420,A168_HF9F_20260827_0900,2026-08-27 09:00:00
2026-05-20,70521282,2261,0,288.5164236418,-6.5642675522,-6.5642675522,0.5000000,5,5,0.49860758000000000,0.498607580000,0.005569701597489473,0.005569701597489473,0.005569701597489473,0E-17,ELIGIBLE,R03b_20260811_FULL_v1,L1_ELIGIBILITY,v2026-08-11,2026-03-21..2026-08-06,baccarat_bet02_101_all_pairs_incl_sentinel,round_win = game_pnl > 0 (decisive only),COMPATIBILITY_ONLY_NOT_PRODUCTION,584473.8809,521750.0287,6633.3633,3770,3770,-0.01134929,-0.02064894,-0.00990944,-0.01134929,-6633.3633,584473.8809,OK,0.0000,265.3345,4.0000,96.0000,AG03-UNRESOLVED,ALL5_LEVELS_bet23_to_bet27,265.3345,265.3345,265.3345,331.6682,331.6682,4.000000,4.000000,4.000000,5.000000,5.000000,96.000000,96.000000,96.000000,95.000000,95.000000,5.0,1459.3399,1336.7936,5174.0234,5296.5697,PENDING_AG03,FALSE,NOT_FOR_ENFORCEMENT,6368.0288,500880.0275,6633.3633,6368.0288,265.3345,0.01134929,0.01089532,265.3345,6368.0288,0.01089532,265.3345,265.3345,265.3345,331.6682,331.6682,6368.0288,0.01089532,1459.3399,1336.7936,5174.0234,5296.5697,0.00885245,0.00906212,0.00045397,155.0329,138.3952,1.7595,127.5647,14.6756,11239.8823,72.5000,180.5550,151.7125,58.09,129.7286,157.9904,321.5856,428.8828,778.3716,93.4046,0.0,3.306,6.0,1.195055,16,80,84,2,0.13407078,0.01134929,0.02064894,0E-8,0.000000,0.892683,0.000000,-0.01073951,2026-03-25,2026-08-03,52,452,218,132,0.393939,1.190113,1.164624,0.446903,,,,,,,,GLOBAL_BASELINE_NO_ENTITY_RANKING,,,NOT_APPLICABLE_GLOBAL_BASELINE,HF9g-P5,,,,X 全窗基线 · 不参与实体赏罚,14190857,1420,A168_HF9F_20260827_0900,2026-08-27 09:00:00
2026-05-20,70521282,763,0,272.4300762805,-12.9728607753,-12.9728607753,0E-7,2,2,0.49994810000000000,0.499948100000,-0.9998962053866608,-0.9998962053866608,-0.9998962053866608,0E-17,ELIGIBLE,R03b_20260811_FULL_v1,L1_ELIGIBILITY,v2026-08-11,2026-03-21..2026-08-06,baccarat_bet02_101_all_pairs_incl_sentinel,round_win = game_pnl > 0 (decisive only),COMPATIBILITY_ONLY_NOT_PRODUCTION,584473.8809,521750.0287,6633.3633,3770,3770,-0.01134929,-0.02064894,-0.00990944,-0.01134929,-6633.3633,584473.8809,OK,0.0000,265.3345,4.0000,96.0000,AG03-UNRESOLVED,ALL5_LEVELS_bet23_to_bet27,265.3345,265.3345,265.3345,331.6682,331.6682,4.000000,4.000000,4.000000,5.000000,5.000000,96.000000,96.000000,96.000000,95.000000,95.000000,5.0,1459.3399,1336.7936,5174.0234,5296.5697,PENDING_AG03,FALSE,NOT_FOR_ENFORCEMENT,6368.0288,500880.0275,6633.3633,6368.0288,265.3345,0.01134929,0.01089532,265.3345,6368.0288,0.01089532,265.3345,265.3345,265.3345,331.6682,331.6682,6368.0288,0.01089532,1459.3399,1336.7936,5174.0234,5296.5697,0.00885245,0.00906212,0.00045397,155.0329,138.3952,1.7595,127.5647,14.6756,11239.8823,72.5000,180.5550,151.7125,58.09,129.7286,157.9904,321.5856,428.8828,778.3716,93.4046,0.0,3.306,6.0,1.195055,16,80,84,2,0.13407078,0.01134929,0.02064894,0E-8,0.000000,0.892683,0.000000,-0.01073951,2026-03-25,2026-08-03,52,452,218,132,0.393939,1.190113,1.164624,0.446903,,,,,,,,GLOBAL_BASELINE_NO_ENTITY_RANKING,,,NOT_APPLICABLE_GLOBAL_BASELINE,HF9g-P5,,,,X 全窗基线 · 不参与实体赏罚,14190858,1420,A168_HF9F_20260827_0900,2026-08-27 09:00:00
2026-05-22,70521282,1078,0,1814.1248508120,-342.7429816822,-342.7429816822,0.3636364,17,17,0.49561112352941176,0.495611123529,-0.8754552478270041,-0.8754552478242793,-0.8754552478270041,4.1176E-13,ELIGIBLE,R03b_20260811_FULL_v1,L1_ELIGIBILITY,v2026-08-11,2026-03-21..2026-08-06,baccarat_bet02_101_all_pairs_incl_sentinel,round_win = game_pnl > 0 (decisive only),COMPATIBILITY_ONLY_NOT_PRODUCTION,584473.8809,521750.0287,6633.3633,3770,3770,-0.01134929,-0.02064894,-0.00990944,-0.01134929,-6633.3633,584473.8809,OK,0.0000,265.3345,4.0000,96.0000,AG03-UNRESOLVED,ALL5_LEVELS_bet23_to_bet27,265.3345,265.3345,265.3345,331.6682,331.6682,4.000000,4.000000,4.000000,5.000000,5.000000,96.000000,96.000000,96.000000,95.000000,95.000000,5.0,1459.3399,1336.7936,5174.0234,5296.5697,PENDING_AG03,FALSE,NOT_FOR_ENFORCEMENT,6368.0288,500880.0275,6633.3633,6368.0288,265.3345,0.01134929,0.01089532,265.3345,6368.0288,0.01089532,265.3345,265.3345,265.3345,331.6682,331.6682,6368.0288,0.01089532,1459.3399,1336.7936,5174.0234,5296.5697,0.00885245,0.00906212,0.00045397,155.0329,138.3952,1.7595,127.5647,14.6756,11239.8823,72.5000,180.5550,151.7125,58.09,129.7286,157.9904,321.5856,428.8828,778.3716,93.4046,0.0,3.306,6.0,1.195055,16,80,84,2,0.13407078,0.01134929,0.02064894,0E-8,0.000000,0.892683,0.000000,-0.01073951,2026-03-25,2026-08-03,52,452,218,132,0.393939,1.190113,1.164624,0.446903,,,,,,,,GLOBAL_BASELINE_NO_ENTITY_RANKING,,,NOT_APPLICABLE_GLOBAL_BASELINE,HF9g-P5,,,,X 全窗基线 · 不参与实体赏罚,14190859,1420,A168_HF9F_20260827_0900,2026-08-27 09:00:00
2026-05-22,70521282,1385,0,16.0863473613,16.0863473613,16.0863473613,1.0000000,1,1,0.49324550000000000,0.493245500000,1.01360149184955,1.01360149184955,1.01360149184955,0E-17,ELIGIBLE,R03b_20260811_FULL_v1,L1_ELIGIBILITY,v2026-08-11,2026-03-21..2026-08-06,baccarat_bet02_101_all_pairs_incl_sentinel,round_win = game_pnl > 0 (decisive only),COMPATIBILITY_ONLY_NOT_PRODUCTION,584473.8809,521750.0287,6633.3633,3770,3770,-0.01134929,-0.02064894,-0.00990944,-0.01134929,-6633.3633,584473.8809,OK,0.0000,265.3345,4.0000,96.0000,AG03-UNRESOLVED,ALL5_LEVELS_bet23_to_bet27,265.3345,265.3345,265.3345,331.6682,331.6682,4.000000,4.000000,4.000000,5.000000,5.000000,96.000000,96.000000,96.000000,95.000000,95.000000,5.0,1459.3399,1336.7936,5174.0234,5296.5697,PENDING_AG03,FALSE,NOT_FOR_ENFORCEMENT,6368.0288,500880.0275,6633.3633,6368.0288,265.3345,0.01134929,0.01089532,265.3345,6368.0288,0.01089532,265.3345,265.3345,265.3345,331.6682,331.6682,6368.0288,0.01089532,1459.3399,1336.7936,5174.0234,5296.5697,0.00885245,0.00906212,0.00045397,155.0329,138.3952,1.7595,127.5647,14.6756,11239.8823,72.5000,180.5550,151.7125,58.09,129.7286,157.9904,321.5856,428.8828,778.3716,93.4046,0.0,3.306,6.0,1.195055,16,80,84,2,0.13407078,0.01134929,0.02064894,0E-8,0.000000,0.892683,0.000000,-0.01073951,2026-03-25,2026-08-03,52,452,218,132,0.393939,1.190113,1.164624,0.446903,,,,,,,,GLOBAL_BASELINE_NO_ENTITY_RANKING,,,NOT_APPLICABLE_GLOBAL_BASELINE,HF9g-P5,,,,X 全窗基线 · 不参与实体赏罚,14190860,1420,A168_HF9F_20260827_0900,2026-08-27 09:00:00
2026-05-22,70521282,1405,0,870.2195008043,-31.9391832287,-31.9391832287,0.5833333,16,16,0.49827245000000000,0.498272450000,0.5893226042735303,0.5893226042735303,0.5893226042735303,0E-17,ELIGIBLE,R03b_20260811_FULL_v1,L1_ELIGIBILITY,v2026-08-11,2026-03-21..2026-08-06,baccarat_bet02_101_all_pairs_incl_sentinel,round_win = game_pnl > 0 (decisive only),COMPATIBILITY_ONLY_NOT_PRODUCTION,584473.8809,521750.0287,6633.3633,3770,3770,-0.01134929,-0.02064894,-0.00990944,-0.01134929,-6633.3633,584473.8809,OK,0.0000,265.3345,4.0000,96.0000,AG03-UNRESOLVED,ALL5_LEVELS_bet23_to_bet27,265.3345,265.3345,265.3345,331.6682,331.6682,4.000000,4.000000,4.000000,5.000000,5.000000,96.000000,96.000000,96.000000,95.000000,95.000000,5.0,1459.3399,1336.7936,5174.0234,5296.5697,PENDING_AG03,FALSE,NOT_FOR_ENFORCEMENT,6368.0288,500880.0275,6633.3633,6368.0288,265.3345,0.01134929,0.01089532,265.3345,6368.0288,0.01089532,265.3345,265.3345,265.3345,331.6682,331.6682,6368.0288,0.01089532,1459.3399,1336.7936,5174.0234,5296.5697,0.00885245,0.00906212,0.00045397,155.0329,138.3952,1.7595,127.5647,14.6756,11239.8823,72.5000,180.5550,151.7125,58.09,129.7286,157.9904,321.5856,428.8828,778.3716,93.4046,0.0,3.306,6.0,1.195055,16,80,84,2,0.13407078,0.01134929,0.02064894,0E-8,0.000000,0.892683,0.000000,-0.01073951,2026-03-25,2026-08-03,52,452,218,132,0.393939,1.190113,1.164624,0.446903,,,,,,,,GLOBAL_BASELINE_NO_ENTITY_RANKING,,,NOT_APPLICABLE_GLOBAL_BASELINE,HF9g-P5,,,,X 全窗基线 · 不参与实体赏罚,14190861,1420,A168_HF9F_20260827_0900,2026-08-27 09:00:00
2026-05-22,70521282,1941,0,26.4646359816,-8.8215453272,-8.8215453272,0.5000000,2,2,0.49324550000000000,0.493245500000,0.01910635448239258,0.01910635448239258,0.01910635448239258,0E-17,ELIGIBLE,R03b_20260811_FULL_v1,L1_ELIGIBILITY,v2026-08-11,2026-03-21..2026-08-06,baccarat_bet02_101_all_pairs_incl_sentinel,round_win = game_pnl > 0 (decisive only),COMPATIBILITY_ONLY_NOT_PRODUCTION,584473.8809,521750.0287,6633.3633,3770,3770,-0.01134929,-0.02064894,-0.00990944,-0.01134929,-6633.3633,584473.8809,OK,0.0000,265.3345,4.0000,96.0000,AG03-UNRESOLVED,ALL5_LEVELS_bet23_to_bet27,265.3345,265.3345,265.3345,331.6682,331.6682,4.000000,4.000000,4.000000,5.000000,5.000000,96.000000,96.000000,96.000000,95.000000,95.000000,5.0,1459.3399,1336.7936,5174.0234,5296.5697,PENDING_AG03,FALSE,NOT_FOR_ENFORCEMENT,6368.0288,500880.0275,6633.3633,6368.0288,265.3345,0.01134929,0.01089532,265.3345,6368.0288,0.01089532,265.3345,265.3345,265.3345,331.6682,331.6682,6368.0288,0.01089532,1459.3399,1336.7936,5174.0234,5296.5697,0.00885245,0.00906212,0.00045397,155.0329,138.3952,1.7595,127.5647,14.6756,11239.8823,72.5000,180.5550,151.7125,58.09,129.7286,157.9904,321.5856,428.8828,778.3716,93.4046,0.0,3.306,6.0,1.195055,16,80,84,2,0.13407078,0.01134929,0.02064894,0E-8,0.000000,0.892683,0.000000,-0.01073951,2026-03-25,2026-08-03,52,452,218,132,0.393939,1.190113,1.164624,0.446903,,,,,,,,GLOBAL_BASELINE_NO_ENTITY_RANKING,,,NOT_APPLICABLE_GLOBAL_BASELINE,HF9g-P5,,,,X 全窗基线 · 不参与实体赏罚,14190862,1420,A168_HF9F_20260827_0900,2026-08-27 09:00:00
2026-05-22,70521282,2115,0,839.0846349437,125.3826993929,125.3826993929,0.5833333,12,12,0.49883100000000000,0.498831000000,0.5854509388768454,0.5854509388768454,0.5854509388768454,0E-17,ELIGIBLE,R03b_20260811_FULL_v1,L1_ELIGIBILITY,v2026-08-11,2026-03-21..2026-08-06,baccarat_bet02_101_all_pairs_incl_sentinel,round_win = game_pnl > 0 (decisive only),COMPATIBILITY_ONLY_NOT_PRODUCTION,584473.8809,521750.0287,6633.3633,3770,3770,-0.01134929,-0.02064894,-0.00990944,-0.01134929,-6633.3633,584473.8809,OK,0.0000,265.3345,4.0000,96.0000,AG03-UNRESOLVED,ALL5_LEVELS_bet23_to_bet27,265.3345,265.3345,265.3345,331.6682,331.6682,4.000000,4.000000,4.000000,5.000000,5.000000,96.000000,96.000000,96.000000,95.000000,95.000000,5.0,1459.3399,1336.7936,5174.0234,5296.5697,PENDING_AG03,FALSE,NOT_FOR_ENFORCEMENT,6368.0288,500880.0275,6633.3633,6368.0288,265.3345,0.01134929,0.01089532,265.3345,6368.0288,0.01089532,265.3345,265.3345,265.3345,331.6682,331.6682,6368.0288,0.01089532,1459.3399,1336.7936,5174.0234,5296.5697,0.00885245,0.00906212,0.00045397,155.0329,138.3952,1.7595,127.5647,14.6756,11239.8823,72.5000,180.5550,151.7125,58.09,129.7286,157.9904,321.5856,428.8828,778.3716,93.4046,0.0,3.306,6.0,1.195055,16,80,84,2,0.13407078,0.01134929,0.02064894,0E-8,0.000000,0.892683,0.000000,-0.01073951,2026-03-25,2026-08-03,52,452,218,132,0.393939,1.190113,1.164624,0.446903,,,,,,,,GLOBAL_BASELINE_NO_ENTITY_RANKING,,,NOT_APPLICABLE_GLOBAL_BASELINE,HF9g-P5,,,,X 全窗基线 · 不参与实体赏罚,14190863,1420,A168_HF9F_20260827_0900,2026-08-27 09:00:00
2026-05-22,70521282,583,0,36.3240101707,-7.2648020342,-7.2648020342,0.5000000,3,3,0.49324550000000000,0.493245500000,0.01910635448239258,0.01910635448239258,0.01910635448239258,0E-17,ELIGIBLE,R03b_20260811_FULL_v1,L1_ELIGIBILITY,v2026-08-11,2026-03-21..2026-08-06,baccarat_bet02_101_all_pairs_incl_sentinel,round_win = game_pnl > 0 (decisive only),COMPATIBILITY_ONLY_NOT_PRODUCTION,584473.8809,521750.0287,6633.3633,3770,3770,-0.01134929,-0.02064894,-0.00990944,-0.01134929,-6633.3633,584473.8809,OK,0.0000,265.3345,4.0000,96.0000,AG03-UNRESOLVED,ALL5_LEVELS_bet23_to_bet27,265.3345,265.3345,265.3345,331.6682,331.6682,4.000000,4.000000,4.000000,5.000000,5.000000,96.000000,96.000000,96.000000,95.000000,95.000000,5.0,1459.3399,1336.7936,5174.0234,5296.5697,PENDING_AG03,FALSE,NOT_FOR_ENFORCEMENT,6368.0288,500880.0275,6633.3633,6368.0288,265.3345,0.01134929,0.01089532,265.3345,6368.0288,0.01089532,265.3345,265.3345,265.3345,331.6682,331.6682,6368.0288,0.01089532,1459.3399,1336.7936,5174.0234,5296.5697,0.00885245,0.00906212,0.00045397,155.0329,138.3952,1.7595,127.5647,14.6756,11239.8823,72.5000,180.5550,151.7125,58.09,129.7286,157.9904,321.5856,428.8828,778.3716,93.4046,0.0,3.306,6.0,1.195055,16,80,84,2,0.13407078,0.01134929,0.02064894,0E-8,0.000000,0.892683,0.000000,-0.01073951,2026-03-25,2026-08-03,52,452,218,132,0.393939,1.190113,1.164624,0.446903,,,,,,,,GLOBAL_BASELINE_NO_ENTITY_RANKING,,,NOT_APPLICABLE_GLOBAL_BASELINE,HF9g-P5,,,,X 全窗基线 · 不参与实体赏罚,14190864,1420,A168_HF9F_20260827_0900,2026-08-27 09:00:00
2026-05-27,70521282,1951,0,181.6200508536,-181.6200508536,-181.6200508536,0E-7,2,2,0.49994810000000000,0.499948100000,-1.4140667746232096,-1.4140667746232096,-1.4140667746232096,0E-17,ELIGIBLE,R03b_20260811_FULL_v1,L1_ELIGIBILITY,v2026-08-11,2026-03-21..2026-08-06,baccarat_bet02_101_all_pairs_incl_sentinel,round_win = game_pnl > 0 (decisive only),COMPATIBILITY_ONLY_NOT_PRODUCTION,584473.8809,521750.0287,6633.3633,3770,3770,-0.01134929,-0.02064894,-0.00990944,-0.01134929,-6633.3633,584473.8809,OK,0.0000,265.3345,4.0000,96.0000,AG03-UNRESOLVED,ALL5_LEVELS_bet23_to_bet27,265.3345,265.3345,265.3345,331.6682,331.6682,4.000000,4.000000,4.000000,5.000000,5.000000,96.000000,96.000000,96.000000,95.000000,95.000000,5.0,1459.3399,1336.7936,5174.0234,5296.5697,PENDING_AG03,FALSE,NOT_FOR_ENFORCEMENT,6368.0288,500880.0275,6633.3633,6368.0288,265.3345,0.01134929,0.01089532,265.3345,6368.0288,0.01089532,265.3345,265.3345,265.3345,331.6682,331.6682,6368.0288,0.01089532,1459.3399,1336.7936,5174.0234,5296.5697,0.00885245,0.00906212,0.00045397,155.0329,138.3952,1.7595,127.5647,14.6756,11239.8823,72.5000,180.5550,151.7125,58.09,129.7286,157.9904,321.5856,428.8828,778.3716,93.4046,0.0,3.306,6.0,1.195055,16,80,84,2,0.13407078,0.01134929,0.02064894,0E-8,0.000000,0.892683,0.000000,-0.01073951,2026-03-25,2026-08-03,52,452,218,132,0.393939,1.190113,1.164624,0.446903,,,,,,,,GLOBAL_BASELINE_NO_ENTITY_RANKING,,,NOT_APPLICABLE_GLOBAL_BASELINE,HF9g-P5,,,,X 全窗基线 · 不参与实体赏罚,14190865,1420,A168_HF9F_20260827_0900,2026-08-27 09:00:00
2026-05-27,70521282,2153,0,570.8058741112,-285.4029370556,-285.4029370556,0.2500000,5,5,0.50128862000000000,0.501288620000,-1.0051578182180947,-1.0051578182180947,-1.0051578182180947,0E-17,ELIGIBLE,R03b_20260811_FULL_v1,L1_ELIGIBILITY,v2026-08-11,2026-03-21..2026-08-06,baccarat_bet02_101_all_pairs_incl_sentinel,round_win = game_pnl > 0 (decisive only),COMPATIBILITY_ONLY_NOT_PRODUCTION,584473.8809,521750.0287,6633.3633,3770,3770,-0.01134929,-0.02064894,-0.00990944,-0.01134929,-6633.3633,584473.8809,OK,0.0000,265.3345,4.0000,96.0000,AG03-UNRESOLVED,ALL5_LEVELS_bet23_to_bet27,265.3345,265.3345,265.3345,331.6682,331.6682,4.000000,4.000000,4.000000,5.000000,5.000000,96.000000,96.000000,96.000000,95.000000,95.000000,5.0,1459.3399,1336.7936,5174.0234,5296.5697,PENDING_AG03,FALSE,NOT_FOR_ENFORCEMENT,6368.0288,500880.0275,6633.3633,6368.0288,265.3345,0.01134929,0.01089532,265.3345,6368.0288,0.01089532,265.3345,265.3345,265.3345,331.6682,331.6682,6368.0288,0.01089532,1459.3399,1336.7936,5174.0234,5296.5697,0.00885245,0.00906212,0.00045397,155.0329,138.3952,1.7595,127.5647,14.6756,11239.8823,72.5000,180.5550,151.7125,58.09,129.7286,157.9904,321.5856,428.8828,778.3716,93.4046,0.0,3.306,6.0,1.195055,16,80,84,2,0.13407078,0.01134929,0.02064894,0E-8,0.000000,0.892683,0.000000,-0.01073951,2026-03-25,2026-08-03,52,452,218,132,0.393939,1.190113,1.164624,0.446903,,,,,,,,GLOBAL_BASELINE_NO_ENTITY_RANKING,,,NOT_APPLICABLE_GLOBAL_BASELINE,HF9g-P5,,,,X 全窗基线 · 不参与实体赏罚,14190866,1420,A168_HF9F_20260827_0900,2026-08-27 09:00:00
2026-05-27,70521282,2267,0,10.3782886202,-10.3782886202,-10.3782886202,0E-7,1,1,0.50665070000000000,0.506650700000,-1.013391052207602,-1.013391052207602,-1.013391052207602,0E-17,ELIGIBLE,R03b_20260811_FULL_v1,L1_ELIGIBILITY,v2026-08-11,2026-03-21..2026-08-06,baccarat_bet02_101_all_pairs_incl_sentinel,round_win = game_pnl > 0 (decisive only),COMPATIBILITY_ONLY_NOT_PRODUCTION,584473.8809,521750.0287,6633.3633,3770,3770,-0.01134929,-0.02064894,-0.00990944,-0.01134929,-6633.3633,584473.8809,OK,0.0000,265.3345,4.0000,96.0000,AG03-UNRESOLVED,ALL5_LEVELS_bet23_to_bet27,265.3345,265.3345,265.3345,331.6682,331.6682,4.000000,4.000000,4.000000,5.000000,5.000000,96.000000,96.000000,96.000000,95.000000,95.000000,5.0,1459.3399,1336.7936,5174.0234,5296.5697,PENDING_AG03,FALSE,NOT_FOR_ENFORCEMENT,6368.0288,500880.0275,6633.3633,6368.0288,265.3345,0.01134929,0.01089532,265.3345,6368.0288,0.01089532,265.3345,265.3345,265.3345,331.6682,331.6682,6368.0288,0.01089532,1459.3399,1336.7936,5174.0234,5296.5697,0.00885245,0.00906212,0.00045397,155.0329,138.3952,1.7595,127.5647,14.6756,11239.8823,72.5000,180.5550,151.7125,58.09,129.7286,157.9904,321.5856,428.8828,778.3716,93.4046,0.0,3.306,6.0,1.195055,16,80,84,2,0.13407078,0.01134929,0.02064894,0E-8,0.000000,0.892683,0.000000,-0.01073951,2026-03-25,2026-08-03,52,452,218,132,0.393939,1.190113,1.164624,0.446903,,,,,,,,GLOBAL_BASELINE_NO_ENTITY_RANKING,,,NOT_APPLICABLE_GLOBAL_BASELINE,HF9g-P5,,,,X 全窗基线 · 不参与实体赏罚,14190867,1420,A168_HF9F_20260827_0900,2026-08-27 09:00:00
2026-05-27,70521282,471,0,153.0797571480,-51.8914431010,-51.8914431010,0.3333333,3,3,0.49771390000000000,0.497713900000,-0.5694369385616226,-0.5694369385616226,-0.5694369385616226,0E-17,ELIGIBLE,R03b_20260811_FULL_v1,L1_ELIGIBILITY,v2026-08-11,2026-03-21..2026-08-06,baccarat_bet02_101_all_pairs_incl_sentinel,round_win = game_pnl > 0 (decisive only),COMPATIBILITY_ONLY_NOT_PRODUCTION,584473.8809,521750.0287,6633.3633,3770,3770,-0.01134929,-0.02064894,-0.00990944,-0.01134929,-6633.3633,584473.8809,OK,0.0000,265.3345,4.0000,96.0000,AG03-UNRESOLVED,ALL5_LEVELS_bet23_to_bet27,265.3345,265.3345,265.3345,331.6682,331.6682,4.000000,4.000000,4.000000,5.000000,5.000000,96.000000,96.000000,96.000000,95.000000,95.000000,5.0,1459.3399,1336.7936,5174.0234,5296.5697,PENDING_AG03,FALSE,NOT_FOR_ENFORCEMENT,6368.0288,500880.0275,6633.3633,6368.0288,265.3345,0.01134929,0.01089532,265.3345,6368.0288,0.01089532,265.3345,265.3345,265.3345,331.6682,331.6682,6368.0288,0.01089532,1459.3399,1336.7936,5174.0234,5296.5697,0.00885245,0.00906212,0.00045397,155.0329,138.3952,1.7595,127.5647,14.6756,11239.8823,72.5000,180.5550,151.7125,58.09,129.7286,157.9904,321.5856,428.8828,778.3716,93.4046,0.0,3.306,6.0,1.195055,16,80,84,2,0.13407078,0.01134929,0.02064894,0E-8,0.000000,0.892683,0.000000,-0.01073951,2026-03-25,2026-08-03,52,452,218,132,0.393939,1.190113,1.164624,0.446903,,,,,,,,GLOBAL_BASELINE_NO_ENTITY_RANKING,,,NOT_APPLICABLE_GLOBAL_BASELINE,HF9g-P5,,,,X 全窗基线 · 不参与实体赏罚,14190868,1420,A168_HF9F_20260827_0900,2026-08-27 09:00:00
2026-05-27,70521282,772,0,204.1928286025,-41.5261273416,-41.5261273416,0.5000000,3,3,0.50665070000000000,0.506650700000,-0.018812684590367487,-0.018812684590367487,-0.018812684590367487,0E-17,ELIGIBLE,R03b_20260811_FULL_v1,L1_ELIGIBILITY,v2026-08-11,2026-03-21..2026-08-06,baccarat_bet02_101_all_pairs_incl_sentinel,round_win = game_pnl > 0 (decisive only),COMPATIBILITY_ONLY_NOT_PRODUCTION,584473.8809,521750.0287,6633.3633,3770,3770,-0.01134929,-0.02064894,-0.00990944,-0.01134929,-6633.3633,584473.8809,OK,0.0000,265.3345,4.0000,96.0000,AG03-UNRESOLVED,ALL5_LEVELS_bet23_to_bet27,265.3345,265.3345,265.3345,331.6682,331.6682,4.000000,4.000000,4.000000,5.000000,5.000000,96.000000,96.000000,96.000000,95.000000,95.000000,5.0,1459.3399,1336.7936,5174.0234,5296.5697,PENDING_AG03,FALSE,NOT_FOR_ENFORCEMENT,6368.0288,500880.0275,6633.3633,6368.0288,265.3345,0.01134929,0.01089532,265.3345,6368.0288,0.01089532,265.3345,265.3345,265.3345,331.6682,331.6682,6368.0288,0.01089532,1459.3399,1336.7936,5174.0234,5296.5697,0.00885245,0.00906212,0.00045397,155.0329,138.3952,1.7595,127.5647,14.6756,11239.8823,72.5000,180.5550,151.7125,58.09,129.7286,157.9904,321.5856,428.8828,778.3716,93.4046,0.0,3.306,6.0,1.195055,16,80,84,2,0.13407078,0.01134929,0.02064894,0E-8,0.000000,0.892683,0.000000,-0.01073951,2026-03-25,2026-08-03,52,452,218,132,0.393939,1.190113,1.164624,0.446903,,,,,,,,GLOBAL_BASELINE_NO_ENTITY_RANKING,,,NOT_APPLICABLE_GLOBAL_BASELINE,HF9g-P5,,,,X 全窗基线 · 不参与实体赏罚,14190869,1420,A168_HF9F_20260827_0900,2026-08-27 09:00:00
2026-05-28,70521282,1485,0,272.6895334961,-43.0698977739,-43.0698977739,0.4000000,7,7,0.50473567142857143,0.504735671429,-0.46841317225253143,-0.46841317225445195,-0.46841317225253143,-4.2857E-13,ELIGIBLE,R03b_20260811_FULL_v1,L1_ELIGIBILITY,v2026-08-11,2026-03-21..2026-08-06,baccarat_bet02_101_all_pairs_incl_sentinel,round_win = game_pnl > 0 (decisive only),COMPATIBILITY_ONLY_NOT_PRODUCTION,584473.8809,521750.0287,6633.3633,3770,3770,-0.01134929,-0.02064894,-0.00990944,-0.01134929,-6633.3633,584473.8809,OK,0.0000,265.3345,4.0000,96.0000,AG03-UNRESOLVED,ALL5_LEVELS_bet23_to_bet27,265.3345,265.3345,265.3345,331.6682,331.6682,4.000000,4.000000,4.000000,5.000000,5.000000,96.000000,96.000000,96.000000,95.000000,95.000000,5.0,1459.3399,1336.7936,5174.0234,5296.5697,PENDING_AG03,FALSE,NOT_FOR_ENFORCEMENT,6368.0288,500880.0275,6633.3633,6368.0288,265.3345,0.01134929,0.01089532,265.3345,6368.0288,0.01089532,265.3345,265.3345,265.3345,331.6682,331.6682,6368.0288,0.01089532,1459.3399,1336.7936,5174.0234,5296.5697,0.00885245,0.00906212,0.00045397,155.0329,138.3952,1.7595,127.5647,14.6756,11239.8823,72.5000,180.5550,151.7125,58.09,129.7286,157.9904,321.5856,428.8828,778.3716,93.4046,0.0,3.306,6.0,1.195055,16,80,84,2,0.13407078,0.01134929,0.02064894,0E-8,0.000000,0.892683,0.000000,-0.01073951,2026-03-25,2026-08-03,52,452,218,132,0.393939,1.190113,1.164624,0.446903,,,,,,,,GLOBAL_BASELINE_NO_ENTITY_RANKING,,,NOT_APPLICABLE_GLOBAL_BASELINE,HF9g-P5,,,,X 全窗基线 · 不参与实体赏罚,14190870,1420,A168_HF9F_20260827_0900,2026-08-27 09:00:00
2026-05-28,70521282,1951,0,30.3564942141,30.3564942141,30.3564942141,1.0000000,2,2,0.49324550000000000,0.493245500000,1.4334489766152358,1.4334489766152358,1.4334489766152358,0E-17,ELIGIBLE,R03b_20260811_FULL_v1,L1_ELIGIBILITY,v2026-08-11,2026-03-21..2026-08-06,baccarat_bet02_101_all_pairs_incl_sentinel,round_win = game_pnl > 0 (decisive only),COMPATIBILITY_ONLY_NOT_PRODUCTION,584473.8809,521750.0287,6633.3633,3770,3770,-0.01134929,-0.02064894,-0.00990944,-0.01134929,-6633.3633,584473.8809,OK,0.0000,265.3345,4.0000,96.0000,AG03-UNRESOLVED,ALL5_LEVELS_bet23_to_bet27,265.3345,265.3345,265.3345,331.6682,331.6682,4.000000,4.000000,4.000000,5.000000,5.000000,96.000000,96.000000,96.000000,95.000000,95.000000,5.0,1459.3399,1336.7936,5174.0234,5296.5697,PENDING_AG03,FALSE,NOT_FOR_ENFORCEMENT,6368.0288,500880.0275,6633.3633,6368.0288,265.3345,0.01134929,0.01089532,265.3345,6368.0288,0.01089532,265.3345,265.3345,265.3345,331.6682,331.6682,6368.0288,0.01089532,1459.3399,1336.7936,5174.0234,5296.5697,0.00885245,0.00906212,0.00045397,155.0329,138.3952,1.7595,127.5647,14.6756,11239.8823,72.5000,180.5550,151.7125,58.09,129.7286,157.9904,321.5856,428.8828,778.3716,93.4046,0.0,3.306,6.0,1.195055,16,80,84,2,0.13407078,0.01134929,0.02064894,0E-8,0.000000,0.892683,0.000000,-0.01073951,2026-03-25,2026-08-03,52,452,218,132,0.393939,1.190113,1.164624,0.446903,,,,,,,,GLOBAL_BASELINE_NO_ENTITY_RANKING,,,NOT_APPLICABLE_GLOBAL_BASELINE,HF9g-P5,,,,X 全窗基线 · 不参与实体赏罚,14190871,1420,A168_HF9F_20260827_0900,2026-08-27 09:00:00
2026-05-28,70521282,1990,0,280.4732499612,115.4065694568,115.4065694568,0.7000000,10,10,0.49726706000000000,0.497267060000,1.282214848053072,1.2822148480530722,1.282214848053072,0E-17,ELIGIBLE,R03b_20260811_FULL_v1,L1_ELIGIBILITY,v2026-08-11,2026-03-21..2026-08-06,baccarat_bet02_101_all_pairs_incl_sentinel,round_win = game_pnl > 0 (decisive only),COMPATIBILITY_ONLY_NOT_PRODUCTION,584473.8809,521750.0287,6633.3633,3770,3770,-0.01134929,-0.02064894,-0.00990944,-0.01134929,-6633.3633,584473.8809,OK,0.0000,265.3345,4.0000,96.0000,AG03-UNRESOLVED,ALL5_LEVELS_bet23_to_bet27,265.3345,265.3345,265.3345,331.6682,331.6682,4.000000,4.000000,4.000000,5.000000,5.000000,96.000000,96.000000,96.000000,95.000000,95.000000,5.0,1459.3399,1336.7936,5174.0234,5296.5697,PENDING_AG03,FALSE,NOT_FOR_ENFORCEMENT,6368.0288,500880.0275,6633.3633,6368.0288,265.3345,0.01134929,0.01089532,265.3345,6368.0288,0.01089532,265.3345,265.3345,265.3345,331.6682,331.6682,6368.0288,0.01089532,1459.3399,1336.7936,5174.0234,5296.5697,0.00885245,0.00906212,0.00045397,155.0329,138.3952,1.7595,127.5647,14.6756,11239.8823,72.5000,180.5550,151.7125,58.09,129.7286,157.9904,321.5856,428.8828,778.3716,93.4046,0.0,3.306,6.0,1.195055,16,80,84,2,0.13407078,0.01134929,0.02064894,0E-8,0.000000,0.892683,0.000000,-0.01073951,2026-03-25,2026-08-03,52,452,218,132,0.393939,1.190113,1.164624,0.446903,,,,,,,,GLOBAL_BASELINE_NO_ENTITY_RANKING,,,NOT_APPLICABLE_GLOBAL_BASELINE,HF9g-P5,,,,X 全窗基线 · 不参与实体赏罚,14190872,1420,A168_HF9F_20260827_0900,2026-08-27 09:00:00
2026-05-28,70521282,2153,0,285.4029370556,-155.6743293030,-155.6743293030,0.3333333,6,6,0.49324550000000000,0.493245500000,-0.783477916903833,-0.7834779169038328,-0.783477916903833,0E-17,ELIGIBLE,R03b_20260811_FULL_v1,L1_ELIGIBILITY,v2026-08-11,2026-03-21..2026-08-06,baccarat_bet02_101_all_pairs_incl_sentinel,round_win = game_pnl > 0 (decisive only),COMPATIBILITY_ONLY_NOT_PRODUCTION,584473.8809,521750.0287,6633.3633,3770,3770,-0.01134929,-0.02064894,-0.00990944,-0.01134929,-6633.3633,584473.8809,OK,0.0000,265.3345,4.0000,96.0000,AG03-UNRESOLVED,ALL5_LEVELS_bet23_to_bet27,265.3345,265.3345,265.3345,331.6682,331.6682,4.000000,4.000000,4.000000,5.000000,5.000000,96.000000,96.000000,96.000000,95.000000,95.000000,5.0,1459.3399,1336.7936,5174.0234,5296.5697,PENDING_AG03,FALSE,NOT_FOR_ENFORCEMENT,6368.0288,500880.0275,6633.3633,6368.0288,265.3345,0.01134929,0.01089532,265.3345,6368.0288,0.01089532,265.3345,265.3345,265.3345,331.6682,331.6682,6368.0288,0.01089532,1459.3399,1336.7936,5174.0234,5296.5697,0.00885245,0.00906212,0.00045397,155.0329,138.3952,1.7595,127.5647,14.6756,11239.8823,72.5000,180.5550,151.7125,58.09,129.7286,157.9904,321.5856,428.8828,778.3716,93.4046,0.0,3.306,6.0,1.195055,16,80,84,2,0.13407078,0.01134929,0.02064894,0E-8,0.000000,0.892683,0.000000,-0.01073951,2026-03-25,2026-08-03,52,452,218,132,0.393939,1.190113,1.164624,0.446903,,,,,,,,GLOBAL_BASELINE_NO_ENTITY_RANKING,,,NOT_APPLICABLE_GLOBAL_BASELINE,HF9g-P5,,,,X 全窗基线 · 不参与实体赏罚,14190873,1420,A168_HF9F_20260827_0900,2026-08-27 09:00:00
2026-05-28,70521282,2160,0,2446.1626277826,-999.0010897201,-999.0010897201,0.3157895,23,23,0.49849101304347826,0.498491013043,-1.59276234738161,-1.5927623473774448,-1.59276234738161,4.7826E-13,ELIGIBLE,R03b_20260811_FULL_v1,L1_ELIGIBILITY,v2026-08-11,2026-03-21..2026-08-06,baccarat_bet02_101_all_pairs_incl_sentinel,round_win = game_pnl > 0 (decisive only),COMPATIBILITY_ONLY_NOT_PRODUCTION,584473.8809,521750.0287,6633.3633,3770,3770,-0.01134929,-0.02064894,-0.00990944,-0.01134929,-6633.3633,584473.8809,OK,0.0000,265.3345,4.0000,96.0000,AG03-UNRESOLVED,ALL5_LEVELS_bet23_to_bet27,265.3345,265.3345,265.3345,331.6682,331.6682,4.000000,4.000000,4.000000,5.000000,5.000000,96.000000,96.000000,96.000000,95.000000,95.000000,5.0,1459.3399,1336.7936,5174.0234,5296.5697,PENDING_AG03,FALSE,NOT_FOR_ENFORCEMENT,6368.0288,500880.0275,6633.3633,6368.0288,265.3345,0.01134929,0.01089532,265.3345,6368.0288,0.01089532,265.3345,265.3345,265.3345,331.6682,331.6682,6368.0288,0.01089532,1459.3399,1336.7936,5174.0234,5296.5697,0.00885245,0.00906212,0.00045397,155.0329,138.3952,1.7595,127.5647,14.6756,11239.8823,72.5000,180.5550,151.7125,58.09,129.7286,157.9904,321.5856,428.8828,778.3716,93.4046,0.0,3.306,6.0,1.195055,16,80,84,2,0.13407078,0.01134929,0.02064894,0E-8,0.000000,0.892683,0.000000,-0.01073951,2026-03-25,2026-08-03,52,452,218,132,0.393939,1.190113,1.164624,0.446903,,,,,,,,GLOBAL_BASELINE_NO_ENTITY_RANKING,,,NOT_APPLICABLE_GLOBAL_BASELINE,HF9g-P5,,,,X 全窗基线 · 不参与实体赏罚,14190874,1420,A168_HF9F_20260827_0900,2026-08-27 09:00:00
2026-05-28,70521282,471,0,474.0283327280,220.8370089772,220.8370089772,0.8000000,6,6,0.50665070000000000,0.506650700000,1.3120140225494112,1.3120140225494112,1.3120140225494112,0E-17,ELIGIBLE,R03b_20260811_FULL_v1,L1_ELIGIBILITY,v2026-08-11,2026-03-21..2026-08-06,baccarat_bet02_101_all_pairs_incl_sentinel,round_win = game_pnl > 0 (decisive only),COMPATIBILITY_ONLY_NOT_PRODUCTION,584473.8809,521750.0287,6633.3633,3770,3770,-0.01134929,-0.02064894,-0.00990944,-0.01134929,-6633.3633,584473.8809,OK,0.0000,265.3345,4.0000,96.0000,AG03-UNRESOLVED,ALL5_LEVELS_bet23_to_bet27,265.3345,265.3345,265.3345,331.6682,331.6682,4.000000,4.000000,4.000000,5.000000,5.000000,96.000000,96.000000,96.000000,95.000000,95.000000,5.0,1459.3399,1336.7936,5174.0234,5296.5697,PENDING_AG03,FALSE,NOT_FOR_ENFORCEMENT,6368.0288,500880.0275,6633.3633,6368.0288,265.3345,0.01134929,0.01089532,265.3345,6368.0288,0.01089532,265.3345,265.3345,265.3345,331.6682,331.6682,6368.0288,0.01089532,1459.3399,1336.7936,5174.0234,5296.5697,0.00885245,0.00906212,0.00045397,155.0329,138.3952,1.7595,127.5647,14.6756,11239.8823,72.5000,180.5550,151.7125,58.09,129.7286,157.9904,321.5856,428.8828,778.3716,93.4046,0.0,3.306,6.0,1.195055,16,80,84,2,0.13407078,0.01134929,0.02064894,0E-8,0.000000,0.892683,0.000000,-0.01073951,2026-03-25,2026-08-03,52,452,218,132,0.393939,1.190113,1.164624,0.446903,,,,,,,,GLOBAL_BASELINE_NO_ENTITY_RANKING,,,NOT_APPLICABLE_GLOBAL_BASELINE,HF9g-P5,,,,X 全窗基线 · 不参与实体赏罚,14190875,1420,A168_HF9F_20260827_0900,2026-08-27 09:00:00
2026-05-28,70521282,550,0,15.3079757148,-15.3079757148,-15.3079757148,0E-7,1,1,0.49324550000000000,0.493245500000,-0.9865810262130424,-0.9865810262130424,-0.9865810262130424,0E-17,ELIGIBLE,R03b_20260811_FULL_v1,L1_ELIGIBILITY,v2026-08-11,2026-03-21..2026-08-06,baccarat_bet02_101_all_pairs_incl_sentinel,round_win = game_pnl > 0 (decisive only),COMPATIBILITY_ONLY_NOT_PRODUCTION,584473.8809,521750.0287,6633.3633,3770,3770,-0.01134929,-0.02064894,-0.00990944,-0.01134929,-6633.3633,584473.8809,OK,0.0000,265.3345,4.0000,96.0000,AG03-UNRESOLVED,ALL5_LEVELS_bet23_to_bet27,265.3345,265.3345,265.3345,331.6682,331.6682,4.000000,4.000000,4.000000,5.000000,5.000000,96.000000,96.000000,96.000000,95.000000,95.000000,5.0,1459.3399,1336.7936,5174.0234,5296.5697,PENDING_AG03,FALSE,NOT_FOR_ENFORCEMENT,6368.0288,500880.0275,6633.3633,6368.0288,265.3345,0.01134929,0.01089532,265.3345,6368.0288,0.01089532,265.3345,265.3345,265.3345,331.6682,331.6682,6368.0288,0.01089532,1459.3399,1336.7936,5174.0234,5296.5697,0.00885245,0.00906212,0.00045397,155.0329,138.3952,1.7595,127.5647,14.6756,11239.8823,72.5000,180.5550,151.7125,58.09,129.7286,157.9904,321.5856,428.8828,778.3716,93.4046,0.0,3.306,6.0,1.195055,16,80,84,2,0.13407078,0.01134929,0.02064894,0E-8,0.000000,0.892683,0.000000,-0.01073951,2026-03-25,2026-08-03,52,452,218,132,0.393939,1.190113,1.164624,0.446903,,,,,,,,GLOBAL_BASELINE_NO_ENTITY_RANKING,,,NOT_APPLICABLE_GLOBAL_BASELINE,HF9g-P5,,,,X 全窗基线 · 不参与实体赏罚,14190876,1420,A168_HF9F_20260827_0900,2026-08-27 09:00:00
2026-05-28,70521282,752,0,1649.8884333970,665.5077577708,665.5077577708,0.7200000,27,27,0.49721741111111111,0.497217411111,2.227860388914976,2.22786038891609,2.227860388914976,1.1111E-13,ELIGIBLE,R03b_20260811_FULL_v1,L1_ELIGIBILITY,v2026-08-11,2026-03-21..2026-08-06,baccarat_bet02_101_all_pairs_incl_sentinel,round_win = game_pnl > 0 (decisive only),COMPATIBILITY_ONLY_NOT_PRODUCTION,584473.8809,521750.0287,6633.3633,3770,3770,-0.01134929,-0.02064894,-0.00990944,-0.01134929,-6633.3633,584473.8809,OK,0.0000,265.3345,4.0000,96.0000,AG03-UNRESOLVED,ALL5_LEVELS_bet23_to_bet27,265.3345,265.3345,265.3345,331.6682,331.6682,4.000000,4.000000,4.000000,5.000000,5.000000,96.000000,96.000000,96.000000,95.000000,95.000000,5.0,1459.3399,1336.7936,5174.0234,5296.5697,PENDING_AG03,FALSE,NOT_FOR_ENFORCEMENT,6368.0288,500880.0275,6633.3633,6368.0288,265.3345,0.01134929,0.01089532,265.3345,6368.0288,0.01089532,265.3345,265.3345,265.3345,331.6682,331.6682,6368.0288,0.01089532,1459.3399,1336.7936,5174.0234,5296.5697,0.00885245,0.00906212,0.00045397,155.0329,138.3952,1.7595,127.5647,14.6756,11239.8823,72.5000,180.5550,151.7125,58.09,129.7286,157.9904,321.5856,428.8828,778.3716,93.4046,0.0,3.306,6.0,1.195055,16,80,84,2,0.13407078,0.01134929,0.02064894,0E-8,0.000000,0.892683,0.000000,-0.01073951,2026-03-25,2026-08-03,52,452,218,132,0.393939,1.190113,1.164624,0.446903,,,,,,,,GLOBAL_BASELINE_NO_ENTITY_RANKING,,,NOT_APPLICABLE_GLOBAL_BASELINE,HF9g-P5,,,,X 全窗基线 · 不参与实体赏罚,14190877,1420,A168_HF9F_20260827_0900,2026-08-27 09:00:00
2026-06-01,70521282,1385,0,64.8031475814,10.4147915756,10.4147915756,0.5000000,2,2,0.49994810000000000,0.499948100000,0.00014679536856514622,0.00014679536856514622,0.00014679536856514622,0E-17,ELIGIBLE,R03b_20260811_FULL_v1,L1_ELIGIBILITY,v2026-08-11,2026-03-21..2026-08-06,baccarat_bet02_101_all_pairs_incl_sentinel,round_win = game_pnl > 0 (decisive only),COMPATIBILITY_ONLY_NOT_PRODUCTION,584473.8809,521750.0287,6633.3633,3770,3770,-0.01134929,-0.02064894,-0.00990944,-0.01134929,-6633.3633,584473.8809,OK,0.0000,265.3345,4.0000,96.0000,AG03-UNRESOLVED,ALL5_LEVELS_bet23_to_bet27,265.3345,265.3345,265.3345,331.6682,331.6682,4.000000,4.000000,4.000000,5.000000,5.000000,96.000000,96.000000,96.000000,95.000000,95.000000,5.0,1459.3399,1336.7936,5174.0234,5296.5697,PENDING_AG03,FALSE,NOT_FOR_ENFORCEMENT,6368.0288,500880.0275,6633.3633,6368.0288,265.3345,0.01134929,0.01089532,265.3345,6368.0288,0.01089532,265.3345,265.3345,265.3345,331.6682,331.6682,6368.0288,0.01089532,1459.3399,1336.7936,5174.0234,5296.5697,0.00885245,0.00906212,0.00045397,155.0329,138.3952,1.7595,127.5647,14.6756,11239.8823,72.5000,180.5550,151.7125,58.09,129.7286,157.9904,321.5856,428.8828,778.3716,93.4046,0.0,3.306,6.0,1.195055,16,80,84,2,0.13407078,0.01134929,0.02064894,0E-8,0.000000,0.892683,0.000000,-0.01073951,2026-03-25,2026-08-03,52,452,218,132,0.393939,1.190113,1.164624,0.446903,,,,,,,,GLOBAL_BASELINE_NO_ENTITY_RANKING,,,NOT_APPLICABLE_GLOBAL_BASELINE,HF9g-P5,,,,X 全窗基线 · 不参与实体赏罚,14190878,1420,A168_HF9F_20260827_0900,2026-08-27 09:00:00
2026-06-01,70521282,2160,0,355.3886903076,-100.8048962378,-100.8048962378,0.2857143,11,11,0.49446415454545455,0.494464154545,-1.1046681867696824,-1.104668186767288,-1.1046681867696824,4.5455E-13,ELIGIBLE,R03b_20260811_FULL_v1,L1_ELIGIBILITY,v2026-08-11,2026-03-21..2026-08-06,baccarat_bet02_101_all_pairs_incl_sentinel,round_win = game_pnl > 0 (decisive only),COMPATIBILITY_ONLY_NOT_PRODUCTION,584473.8809,521750.0287,6633.3633,3770,3770,-0.01134929,-0.02064894,-0.00990944,-0.01134929,-6633.3633,584473.8809,OK,0.0000,265.3345,4.0000,96.0000,AG03-UNRESOLVED,ALL5_LEVELS_bet23_to_bet27,265.3345,265.3345,265.3345,331.6682,331.6682,4.000000,4.000000,4.000000,5.000000,5.000000,96.000000,96.000000,96.000000,95.000000,95.000000,5.0,1459.3399,1336.7936,5174.0234,5296.5697,PENDING_AG03,FALSE,NOT_FOR_ENFORCEMENT,6368.0288,500880.0275,6633.3633,6368.0288,265.3345,0.01134929,0.01089532,265.3345,6368.0288,0.01089532,265.3345,265.3345,265.3345,331.6682,331.6682,6368.0288,0.01089532,1459.3399,1336.7936,5174.0234,5296.5697,0.00885245,0.00906212,0.00045397,155.0329,138.3952,1.7595,127.5647,14.6756,11239.8823,72.5000,180.5550,151.7125,58.09,129.7286,157.9904,321.5856,428.8828,778.3716,93.4046,0.0,3.306,6.0,1.195055,16,80,84,2,0.13407078,0.01134929,0.02064894,0E-8,0.000000,0.892683,0.000000,-0.01073951,2026-03-25,2026-08-03,52,452,218,132,0.393939,1.190113,1.164624,0.446903,,,,,,,,GLOBAL_BASELINE_NO_ENTITY_RANKING,,,NOT_APPLICABLE_GLOBAL_BASELINE,HF9g-P5,,,,X 全窗基线 · 不参与实体赏罚,14190879,1420,A168_HF9F_20260827_0900,2026-08-27 09:00:00
2026-06-04,70521282,1151,0,38.5733021318,-38.5733021318,-38.5733021318,0E-7,1,1,0.50665070000000000,0.506650700000,-1.013391052207602,-1.013391052207602,-1.013391052207602,0E-17,ELIGIBLE,R03b_20260811_FULL_v1,L1_ELIGIBILITY,v2026-08-11,2026-03-21..2026-08-06,baccarat_bet02_101_all_pairs_incl_sentinel,round_win = game_pnl > 0 (decisive only),COMPATIBILITY_ONLY_NOT_PRODUCTION,584473.8809,521750.0287,6633.3633,3770,3770,-0.01134929,-0.02064894,-0.00990944,-0.01134929,-6633.3633,584473.8809,OK,0.0000,265.3345,4.0000,96.0000,AG03-UNRESOLVED,ALL5_LEVELS_bet23_to_bet27,265.3345,265.3345,265.3345,331.6682,331.6682,4.000000,4.000000,4.000000,5.000000,5.000000,96.000000,96.000000,96.000000,95.000000,95.000000,5.0,1459.3399,1336.7936,5174.0234,5296.5697,PENDING_AG03,FALSE,NOT_FOR_ENFORCEMENT,6368.0288,500880.0275,6633.3633,6368.0288,265.3345,0.01134929,0.01089532,265.3345,6368.0288,0.01089532,265.3345,265.3345,265.3345,331.6682,331.6682,6368.0288,0.01089532,1459.3399,1336.7936,5174.0234,5296.5697,0.00885245,0.00906212,0.00045397,155.0329,138.3952,1.7595,127.5647,14.6756,11239.8823,72.5000,180.5550,151.7125,58.09,129.7286,157.9904,321.5856,428.8828,778.3716,93.4046,0.0,3.306,6.0,1.195055,16,80,84,2,0.13407078,0.01134929,0.02064894,0E-8,0.000000,0.892683,0.000000,-0.01073951,2026-03-25,2026-08-03,52,452,218,132,0.393939,1.190113,1.164624,0.446903,,,,,,,,GLOBAL_BASELINE_NO_ENTITY_RANKING,,,NOT_APPLICABLE_GLOBAL_BASELINE,HF9g-P5,,,,X 全窗基线 · 不参与实体赏罚,14190880,1420,A168_HF9F_20260827_0900,2026-08-27 09:00:00
2026-06-04,70521282,1710,0,215.7533365905,-57.0884871552,-57.0884871552,0.3750000,8,8,0.49994810000000000,0.499948100000,-0.7068131942587571,-0.7068131942587571,-0.7068131942587571,0E-17,ELIGIBLE,R03b_20260811_FULL_v1,L1_ELIGIBILITY,v2026-08-11,2026-03-21..2026-08-06,baccarat_bet02_101_all_pairs_incl_sentinel,round_win = game_pnl > 0 (decisive only),COMPATIBILITY_ONLY_NOT_PRODUCTION,584473.8809,521750.0287,6633.3633,3770,3770,-0.01134929,-0.02064894,-0.00990944,-0.01134929,-6633.3633,584473.8809,OK,0.0000,265.3345,4.0000,96.0000,AG03-UNRESOLVED,ALL5_LEVELS_bet23_to_bet27,265.3345,265.3345,265.3345,331.6682,331.6682,4.000000,4.000000,4.000000,5.000000,5.000000,96.000000,96.000000,96.000000,95.000000,95.000000,5.0,1459.3399,1336.7936,5174.0234,5296.5697,PENDING_AG03,FALSE,NOT_FOR_ENFORCEMENT,6368.0288,500880.0275,6633.3633,6368.0288,265.3345,0.01134929,0.01089532,265.3345,6368.0288,0.01089532,265.3345,265.3345,265.3345,331.6682,331.6682,6368.0288,0.01089532,1459.3399,1336.7936,5174.0234,5296.5697,0.00885245,0.00906212,0.00045397,155.0329,138.3952,1.7595,127.5647,14.6756,11239.8823,72.5000,180.5550,151.7125,58.09,129.7286,157.9904,321.5856,428.8828,778.3716,93.4046,0.0,3.306,6.0,1.195055,16,80,84,2,0.13407078,0.01134929,0.02064894,0E-8,0.000000,0.892683,0.000000,-0.01073951,2026-03-25,2026-08-03,52,452,218,132,0.393939,1.190113,1.164624,0.446903,,,,,,,,GLOBAL_BASELINE_NO_ENTITY_RANKING,,,NOT_APPLICABLE_GLOBAL_BASELINE,HF9g-P5,,,,X 全窗基线 · 不参与实体赏罚,14190881,1420,A168_HF9F_20260827_0900,2026-08-27 09:00:00
2026-06-04,70521282,1942,0,146.5785481008,-4.1144855607,-4.1144855607,0.5000000,5,5,0.49324550000000000,0.493245500000,0.027020465636507562,0.027020465636507562,0.027020465636507562,0E-17,ELIGIBLE,R03b_20260811_FULL_v1,L1_ELIGIBILITY,v2026-08-11,2026-03-21..2026-08-06,baccarat_bet02_101_all_pairs_incl_sentinel,round_win = game_pnl > 0 (decisive only),COMPATIBILITY_ONLY_NOT_PRODUCTION,584473.8809,521750.0287,6633.3633,3770,3770,-0.01134929,-0.02064894,-0.00990944,-0.01134929,-6633.3633,584473.8809,OK,0.0000,265.3345,4.0000,96.0000,AG03-UNRESOLVED,ALL5_LEVELS_bet23_to_bet27,265.3345,265.3345,265.3345,331.6682,331.6682,4.000000,4.000000,4.000000,5.000000,5.000000,96.000000,96.000000,96.000000,95.000000,95.000000,5.0,1459.3399,1336.7936,5174.0234,5296.5697,PENDING_AG03,FALSE,NOT_FOR_ENFORCEMENT,6368.0288,500880.0275,6633.3633,6368.0288,265.3345,0.01134929,0.01089532,265.3345,6368.0288,0.01089532,265.3345,265.3345,265.3345,331.6682,331.6682,6368.0288,0.01089532,1459.3399,1336.7936,5174.0234,5296.5697,0.00885245,0.00906212,0.00045397,155.0329,138.3952,1.7595,127.5647,14.6756,11239.8823,72.5000,180.5550,151.7125,58.09,129.7286,157.9904,321.5856,428.8828,778.3716,93.4046,0.0,3.306,6.0,1.195055,16,80,84,2,0.13407078,0.01134929,0.02064894,0E-8,0.000000,0.892683,0.000000,-0.01073951,2026-03-25,2026-08-03,52,452,218,132,0.393939,1.190113,1.164624,0.446903,,,,,,,,GLOBAL_BASELINE_NO_ENTITY_RANKING,,,NOT_APPLICABLE_GLOBAL_BASELINE,HF9g-P5,,,,X 全窗基线 · 不参与实体赏罚,14190882,1420,A168_HF9F_20260827_0900,2026-08-27 09:00:00
2026-06-04,70521282,471,0,695.8623704581,-438.1927122175,-438.1927122175,0.2000000,5,5,0.49860758000000000,0.498607580000,-1.3354188732730328,-1.3354188732730328,-1.3354188732730328,0E-17,ELIGIBLE,R03b_20260811_FULL_v1,L1_ELIGIBILITY,v2026-08-11,2026-03-21..2026-08-06,baccarat_bet02_101_all_pairs_incl_sentinel,round_win = game_pnl > 0 (decisive only),COMPATIBILITY_ONLY_NOT_PRODUCTION,584473.8809,521750.0287,6633.3633,3770,3770,-0.01134929,-0.02064894,-0.00990944,-0.01134929,-6633.3633,584473.8809,OK,0.0000,265.3345,4.0000,96.0000,AG03-UNRESOLVED,ALL5_LEVELS_bet23_to_bet27,265.3345,265.3345,265.3345,331.6682,331.6682,4.000000,4.000000,4.000000,5.000000,5.000000,96.000000,96.000000,96.000000,95.000000,95.000000,5.0,1459.3399,1336.7936,5174.0234,5296.5697,PENDING_AG03,FALSE,NOT_FOR_ENFORCEMENT,6368.0288,500880.0275,6633.3633,6368.0288,265.3345,0.01134929,0.01089532,265.3345,6368.0288,0.01089532,265.3345,265.3345,265.3345,331.6682,331.6682,6368.0288,0.01089532,1459.3399,1336.7936,5174.0234,5296.5697,0.00885245,0.00906212,0.00045397,155.0329,138.3952,1.7595,127.5647,14.6756,11239.8823,72.5000,180.5550,151.7125,58.09,129.7286,157.9904,321.5856,428.8828,778.3716,93.4046,0.0,3.306,6.0,1.195055,16,80,84,2,0.13407078,0.01134929,0.02064894,0E-8,0.000000,0.892683,0.000000,-0.01073951,2026-03-25,2026-08-03,52,452,218,132,0.393939,1.190113,1.164624,0.446903,,,,,,,,GLOBAL_BASELINE_NO_ENTITY_RANKING,,,NOT_APPLICABLE_GLOBAL_BASELINE,HF9g-P5,,,,X 全窗基线 · 不参与实体赏罚,14190883,1420,A168_HF9F_20260827_0900,2026-08-27 09:00:00
2026-06-04,70521282,583,0,517.9108699567,-517.9108699567,-517.9108699567,0E-7,4,4,0.49324550000000000,0.493245500000,-1.973162052426085,-1.973162052426085,-1.973162052426085,0E-17,ELIGIBLE,R03b_20260811_FULL_v1,L1_ELIGIBILITY,v2026-08-11,2026-03-21..2026-08-06,baccarat_bet02_101_all_pairs_incl_sentinel,round_win = game_pnl > 0 (decisive only),COMPATIBILITY_ONLY_NOT_PRODUCTION,584473.8809,521750.0287,6633.3633,3770,3770,-0.01134929,-0.02064894,-0.00990944,-0.01134929,-6633.3633,584473.8809,OK,0.0000,265.3345,4.0000,96.0000,AG03-UNRESOLVED,ALL5_LEVELS_bet23_to_bet27,265.3345,265.3345,265.3345,331.6682,331.6682,4.000000,4.000000,4.000000,5.000000,5.000000,96.000000,96.000000,96.000000,95.000000,95.000000,5.0,1459.3399,1336.7936,5174.0234,5296.5697,PENDING_AG03,FALSE,NOT_FOR_ENFORCEMENT,6368.0288,500880.0275,6633.3633,6368.0288,265.3345,0.01134929,0.01089532,265.3345,6368.0288,0.01089532,265.3345,265.3345,265.3345,331.6682,331.6682,6368.0288,0.01089532,1459.3399,1336.7936,5174.0234,5296.5697,0.00885245,0.00906212,0.00045397,155.0329,138.3952,1.7595,127.5647,14.6756,11239.8823,72.5000,180.5550,151.7125,58.09,129.7286,157.9904,321.5856,428.8828,778.3716,93.4046,0.0,3.306,6.0,1.195055,16,80,84,2,0.13407078,0.01134929,0.02064894,0E-8,0.000000,0.892683,0.000000,-0.01073951,2026-03-25,2026-08-03,52,452,218,132,0.393939,1.190113,1.164624,0.446903,,,,,,,,GLOBAL_BASELINE_NO_ENTITY_RANKING,,,NOT_APPLICABLE_GLOBAL_BASELINE,HF9g-P5,,,,X 全窗基线 · 不参与实体赏罚,14190884,1420,A168_HF9F_20260827_0900,2026-08-27 09:00:00
2026-06-05,70521282,1017,0,51.4310695091,-51.4310695091,-51.4310695091,0E-7,1,1,0.49324550000000000,0.493245500000,-0.9865810262130424,-0.9865810262130424,-0.9865810262130424,0E-17,ELIGIBLE,R03b_20260811_FULL_v1,L1_ELIGIBILITY,v2026-08-11,2026-03-21..2026-08-06,baccarat_bet02_101_all_pairs_incl_sentinel,round_win = game_pnl > 0 (decisive only),COMPATIBILITY_ONLY_NOT_PRODUCTION,584473.8809,521750.0287,6633.3633,3770,3770,-0.01134929,-0.02064894,-0.00990944,-0.01134929,-6633.3633,584473.8809,OK,0.0000,265.3345,4.0000,96.0000,AG03-UNRESOLVED,ALL5_LEVELS_bet23_to_bet27,265.3345,265.3345,265.3345,331.6682,331.6682,4.000000,4.000000,4.000000,5.000000,5.000000,96.000000,96.000000,96.000000,95.000000,95.000000,5.0,1459.3399,1336.7936,5174.0234,5296.5697,PENDING_AG03,FALSE,NOT_FOR_ENFORCEMENT,6368.0288,500880.0275,6633.3633,6368.0288,265.3345,0.01134929,0.01089532,265.3345,6368.0288,0.01089532,265.3345,265.3345,265.3345,331.6682,331.6682,6368.0288,0.01089532,1459.3399,1336.7936,5174.0234,5296.5697,0.00885245,0.00906212,0.00045397,155.0329,138.3952,1.7595,127.5647,14.6756,11239.8823,72.5000,180.5550,151.7125,58.09,129.7286,157.9904,321.5856,428.8828,778.3716,93.4046,0.0,3.306,6.0,1.195055,16,80,84,2,0.13407078,0.01134929,0.02064894,0E-8,0.000000,0.892683,0.000000,-0.01073951,2026-03-25,2026-08-03,52,452,218,132,0.393939,1.190113,1.164624,0.446903,,,,,,,,GLOBAL_BASELINE_NO_ENTITY_RANKING,,,NOT_APPLICABLE_GLOBAL_BASELINE,HF9g-P5,,,,X 全窗基线 · 不参与实体赏罚,14190885,1420,A168_HF9F_20260827_0900,2026-08-27 09:00:00
2026-06-05,70521282,1151,0,1235.8886003033,-334.3019518090,-334.3019518090,0.3846154,13,13,0.49840134615384615,0.498401346154,-0.8205264315496642,-0.8205264315507727,-0.8205264315496642,-1.5385E-13,ELIGIBLE,R03b_20260811_FULL_v1,L1_ELIGIBILITY,v2026-08-11,2026-03-21..2026-08-06,baccarat_bet02_101_all_pairs_incl_sentinel,round_win = game_pnl > 0 (decisive only),COMPATIBILITY_ONLY_NOT_PRODUCTION,584473.8809,521750.0287,6633.3633,3770,3770,-0.01134929,-0.02064894,-0.00990944,-0.01134929,-6633.3633,584473.8809,OK,0.0000,265.3345,4.0000,96.0000,AG03-UNRESOLVED,ALL5_LEVELS_bet23_to_bet27,265.3345,265.3345,265.3345,331.6682,331.6682,4.000000,4.000000,4.000000,5.000000,5.000000,96.000000,96.000000,96.000000,95.000000,95.000000,5.0,1459.3399,1336.7936,5174.0234,5296.5697,PENDING_AG03,FALSE,NOT_FOR_ENFORCEMENT,6368.0288,500880.0275,6633.3633,6368.0288,265.3345,0.01134929,0.01089532,265.3345,6368.0288,0.01089532,265.3345,265.3345,265.3345,331.6682,331.6682,6368.0288,0.01089532,1459.3399,1336.7936,5174.0234,5296.5697,0.00885245,0.00906212,0.00045397,155.0329,138.3952,1.7595,127.5647,14.6756,11239.8823,72.5000,180.5550,151.7125,58.09,129.7286,157.9904,321.5856,428.8828,778.3716,93.4046,0.0,3.306,6.0,1.195055,16,80,84,2,0.13407078,0.01134929,0.02064894,0E-8,0.000000,0.892683,0.000000,-0.01073951,2026-03-25,2026-08-03,52,452,218,132,0.393939,1.190113,1.164624,0.446903,,,,,,,,GLOBAL_BASELINE_NO_ENTITY_RANKING,,,NOT_APPLICABLE_GLOBAL_BASELINE,HF9g-P5,,,,X 全窗基线 · 不参与实体赏罚,14190886,1420,A168_HF9F_20260827_0900,2026-08-27 09:00:00
2026-06-05,70521282,1157,0,194.1522873970,110.6668038162,110.6668038162,1.0000000,5,5,0.50665070000000000,0.506650700000,1.7091633124209307,1.7091633124209307,1.7091633124209307,0E-17,ELIGIBLE,R03b_20260811_FULL_v1,L1_ELIGIBILITY,v2026-08-11,2026-03-21..2026-08-06,baccarat_bet02_101_all_pairs_incl_sentinel,round_win = game_pnl > 0 (decisive only),COMPATIBILITY_ONLY_NOT_PRODUCTION,584473.8809,521750.0287,6633.3633,3770,3770,-0.01134929,-0.02064894,-0.00990944,-0.01134929,-6633.3633,584473.8809,OK,0.0000,265.3345,4.0000,96.0000,AG03-UNRESOLVED,ALL5_LEVELS_bet23_to_bet27,265.3345,265.3345,265.3345,331.6682,331.6682,4.000000,4.000000,4.000000,5.000000,5.000000,96.000000,96.000000,96.000000,95.000000,95.000000,5.0,1459.3399,1336.7936,5174.0234,5296.5697,PENDING_AG03,FALSE,NOT_FOR_ENFORCEMENT,6368.0288,500880.0275,6633.3633,6368.0288,265.3345,0.01134929,0.01089532,265.3345,6368.0288,0.01089532,265.3345,265.3345,265.3345,331.6682,331.6682,6368.0288,0.01089532,1459.3399,1336.7936,5174.0234,5296.5697,0.00885245,0.00906212,0.00045397,155.0329,138.3952,1.7595,127.5647,14.6756,11239.8823,72.5000,180.5550,151.7125,58.09,129.7286,157.9904,321.5856,428.8828,778.3716,93.4046,0.0,3.306,6.0,1.195055,16,80,84,2,0.13407078,0.01134929,0.02064894,0E-8,0.000000,0.892683,0.000000,-0.01073951,2026-03-25,2026-08-03,52,452,218,132,0.393939,1.190113,1.164624,0.446903,,,,,,,,GLOBAL_BASELINE_NO_ENTITY_RANKING,,,NOT_APPLICABLE_GLOBAL_BASELINE,HF9g-P5,,,,X 全窗基线 · 不参与实体赏罚,14190887,1420,A168_HF9F_20260827_0900,2026-08-27 09:00:00
2026-06-05,70521282,1485,0,90.2615269884,-90.2615269884,-90.2615269884,0E-7,2,2,0.49324550000000000,0.493245500000,-1.3952362676504506,-1.3952362676504506,-1.3952362676504506,0E-17,ELIGIBLE,R03b_20260811_FULL_v1,L1_ELIGIBILITY,v2026-08-11,2026-03-21..2026-08-06,baccarat_bet02_101_all_pairs_incl_sentinel,round_win = game_pnl > 0 (decisive only),COMPATIBILITY_ONLY_NOT_PRODUCTION,584473.8809,521750.0287,6633.3633,3770,3770,-0.01134929,-0.02064894,-0.00990944,-0.01134929,-6633.3633,584473.8809,OK,0.0000,265.3345,4.0000,96.0000,AG03-UNRESOLVED,ALL5_LEVELS_bet23_to_bet27,265.3345,265.3345,265.3345,331.6682,331.6682,4.000000,4.000000,4.000000,5.000000,5.000000,96.000000,96.000000,96.000000,95.000000,95.000000,5.0,1459.3399,1336.7936,5174.0234,5296.5697,PENDING_AG03,FALSE,NOT_FOR_ENFORCEMENT,6368.0288,500880.0275,6633.3633,6368.0288,265.3345,0.01134929,0.01089532,265.3345,6368.0288,0.01089532,265.3345,265.3345,265.3345,331.6682,331.6682,6368.0288,0.01089532,1459.3399,1336.7936,5174.0234,5296.5697,0.00885245,0.00906212,0.00045397,155.0329,138.3952,1.7595,127.5647,14.6756,11239.8823,72.5000,180.5550,151.7125,58.09,129.7286,157.9904,321.5856,428.8828,778.3716,93.4046,0.0,3.306,6.0,1.195055,16,80,84,2,0.13407078,0.01134929,0.02064894,0E-8,0.000000,0.892683,0.000000,-0.01073951,2026-03-25,2026-08-03,52,452,218,132,0.393939,1.190113,1.164624,0.446903,,,,,,,,GLOBAL_BASELINE_NO_ENTITY_RANKING,,,NOT_APPLICABLE_GLOBAL_BASELINE,HF9g-P5,,,,X 全窗基线 · 不参与实体赏罚,14190888,1420,A168_HF9F_20260827_0900,2026-08-27 09:00:00
2026-06-05,70521282,1990,0,1015.7636228046,-224.7537737549,-224.7537737549,0.4166667,14,14,0.50186312857142857,0.501863128571,-0.5902625004859763,-0.5902625004830051,-0.5902625004859763,4.2857E-13,ELIGIBLE,R03b_20260811_FULL_v1,L1_ELIGIBILITY,v2026-08-11,2026-03-21..2026-08-06,baccarat_bet02_101_all_pairs_incl_sentinel,round_win = game_pnl > 0 (decisive only),COMPATIBILITY_ONLY_NOT_PRODUCTION,584473.8809,521750.0287,6633.3633,3770,3770,-0.01134929,-0.02064894,-0.00990944,-0.01134929,-6633.3633,584473.8809,OK,0.0000,265.3345,4.0000,96.0000,AG03-UNRESOLVED,ALL5_LEVELS_bet23_to_bet27,265.3345,265.3345,265.3345,331.6682,331.6682,4.000000,4.000000,4.000000,5.000000,5.000000,96.000000,96.000000,96.000000,95.000000,95.000000,5.0,1459.3399,1336.7936,5174.0234,5296.5697,PENDING_AG03,FALSE,NOT_FOR_ENFORCEMENT,6368.0288,500880.0275,6633.3633,6368.0288,265.3345,0.01134929,0.01089532,265.3345,6368.0288,0.01089532,265.3345,265.3345,265.3345,331.6682,331.6682,6368.0288,0.01089532,1459.3399,1336.7936,5174.0234,5296.5697,0.00885245,0.00906212,0.00045397,155.0329,138.3952,1.7595,127.5647,14.6756,11239.8823,72.5000,180.5550,151.7125,58.09,129.7286,157.9904,321.5856,428.8828,778.3716,93.4046,0.0,3.306,6.0,1.195055,16,80,84,2,0.13407078,0.01134929,0.02064894,0E-8,0.000000,0.892683,0.000000,-0.01073951,2026-03-25,2026-08-03,52,452,218,132,0.393939,1.190113,1.164624,0.446903,,,,,,,,GLOBAL_BASELINE_NO_ENTITY_RANKING,,,NOT_APPLICABLE_GLOBAL_BASELINE,HF9g-P5,,,,X 全窗基线 · 不参与实体赏罚,14190889,1420,A168_HF9F_20260827_0900,2026-08-27 09:00:00
2026-06-05,70521282,2155,0,66.6032350143,-66.6032350143,-66.6032350143,0E-7,1,1,0.50665070000000000,0.506650700000,-1.013391052207602,-1.013391052207602,-1.013391052207602,0E-17,ELIGIBLE,R03b_20260811_FULL_v1,L1_ELIGIBILITY,v2026-08-11,2026-03-21..2026-08-06,baccarat_bet02_101_all_pairs_incl_sentinel,round_win = game_pnl > 0 (decisive only),COMPATIBILITY_ONLY_NOT_PRODUCTION,584473.8809,521750.0287,6633.3633,3770,3770,-0.01134929,-0.02064894,-0.00990944,-0.01134929,-6633.3633,584473.8809,OK,0.0000,265.3345,4.0000,96.0000,AG03-UNRESOLVED,ALL5_LEVELS_bet23_to_bet27,265.3345,265.3345,265.3345,331.6682,331.6682,4.000000,4.000000,4.000000,5.000000,5.000000,96.000000,96.000000,96.000000,95.000000,95.000000,5.0,1459.3399,1336.7936,5174.0234,5296.5697,PENDING_AG03,FALSE,NOT_FOR_ENFORCEMENT,6368.0288,500880.0275,6633.3633,6368.0288,265.3345,0.01134929,0.01089532,265.3345,6368.0288,0.01089532,265.3345,265.3345,265.3345,331.6682,331.6682,6368.0288,0.01089532,1459.3399,1336.7936,5174.0234,5296.5697,0.00885245,0.00906212,0.00045397,155.0329,138.3952,1.7595,127.5647,14.6756,11239.8823,72.5000,180.5550,151.7125,58.09,129.7286,157.9904,321.5856,428.8828,778.3716,93.4046,0.0,3.306,6.0,1.195055,16,80,84,2,0.13407078,0.01134929,0.02064894,0E-8,0.000000,0.892683,0.000000,-0.01073951,2026-03-25,2026-08-03,52,452,218,132,0.393939,1.190113,1.164624,0.446903,,,,,,,,GLOBAL_BASELINE_NO_ENTITY_RANKING,,,NOT_APPLICABLE_GLOBAL_BASELINE,HF9g-P5,,,,X 全窗基线 · 不参与实体赏罚,14190890,1420,A168_HF9F_20260827_0900,2026-08-27 09:00:00
2026-06-05,70521282,2261,0,1031.9644096996,326.5615758479,326.5615758479,0.7000000,22,22,0.49872944545454545,0.498729445455,1.800224379576552,1.800224379572482,1.800224379576552,-4.5455E-13,ELIGIBLE,R03b_20260811_FULL_v1,L1_ELIGIBILITY,v2026-08-11,2026-03-21..2026-08-06,baccarat_bet02_101_all_pairs_incl_sentinel,round_win = game_pnl > 0 (decisive only),COMPATIBILITY_ONLY_NOT_PRODUCTION,584473.8809,521750.0287,6633.3633,3770,3770,-0.01134929,-0.02064894,-0.00990944,-0.01134929,-6633.3633,584473.8809,OK,0.0000,265.3345,4.0000,96.0000,AG03-UNRESOLVED,ALL5_LEVELS_bet23_to_bet27,265.3345,265.3345,265.3345,331.6682,331.6682,4.000000,4.000000,4.000000,5.000000,5.000000,96.000000,96.000000,96.000000,95.000000,95.000000,5.0,1459.3399,1336.7936,5174.0234,5296.5697,PENDING_AG03,FALSE,NOT_FOR_ENFORCEMENT,6368.0288,500880.0275,6633.3633,6368.0288,265.3345,0.01134929,0.01089532,265.3345,6368.0288,0.01089532,265.3345,265.3345,265.3345,331.6682,331.6682,6368.0288,0.01089532,1459.3399,1336.7936,5174.0234,5296.5697,0.00885245,0.00906212,0.00045397,155.0329,138.3952,1.7595,127.5647,14.6756,11239.8823,72.5000,180.5550,151.7125,58.09,129.7286,157.9904,321.5856,428.8828,778.3716,93.4046,0.0,3.306,6.0,1.195055,16,80,84,2,0.13407078,0.01134929,0.02064894,0E-8,0.000000,0.892683,0.000000,-0.01073951,2026-03-25,2026-08-03,52,452,218,132,0.393939,1.190113,1.164624,0.446903,,,,,,,,GLOBAL_BASELINE_NO_ENTITY_RANKING,,,NOT_APPLICABLE_GLOBAL_BASELINE,HF9g-P5,,,,X 全窗基线 · 不参与实体赏罚,14190891,1420,A168_HF9F_20260827_0900,2026-08-27 09:00:00
2026-06-05,70521282,526,0,90.2615269885,-14.5421349037,-14.5421349037,0.5000000,2,2,0.49994810000000000,0.499948100000,0.00014679536856514622,0.00014679536856514622,0.00014679536856514622,0E-17,ELIGIBLE,R03b_20260811_FULL_v1,L1_ELIGIBILITY,v2026-08-11,2026-03-21..2026-08-06,baccarat_bet02_101_all_pairs_incl_sentinel,round_win = game_pnl > 0 (decisive only),COMPATIBILITY_ONLY_NOT_PRODUCTION,584473.8809,521750.0287,6633.3633,3770,3770,-0.01134929,-0.02064894,-0.00990944,-0.01134929,-6633.3633,584473.8809,OK,0.0000,265.3345,4.0000,96.0000,AG03-UNRESOLVED,ALL5_LEVELS_bet23_to_bet27,265.3345,265.3345,265.3345,331.6682,331.6682,4.000000,4.000000,4.000000,5.000000,5.000000,96.000000,96.000000,96.000000,95.000000,95.000000,5.0,1459.3399,1336.7936,5174.0234,5296.5697,PENDING_AG03,FALSE,NOT_FOR_ENFORCEMENT,6368.0288,500880.0275,6633.3633,6368.0288,265.3345,0.01134929,0.01089532,265.3345,6368.0288,0.01089532,265.3345,265.3345,265.3345,331.6682,331.6682,6368.0288,0.01089532,1459.3399,1336.7936,5174.0234,5296.5697,0.00885245,0.00906212,0.00045397,155.0329,138.3952,1.7595,127.5647,14.6756,11239.8823,72.5000,180.5550,151.7125,58.09,129.7286,157.9904,321.5856,428.8828,778.3716,93.4046,0.0,3.306,6.0,1.195055,16,80,84,2,0.13407078,0.01134929,0.02064894,0E-8,0.000000,0.892683,0.000000,-0.01073951,2026-03-25,2026-08-03,52,452,218,132,0.393939,1.190113,1.164624,0.446903,,,,,,,,GLOBAL_BASELINE_NO_ENTITY_RANKING,,,NOT_APPLICABLE_GLOBAL_BASELINE,HF9g-P5,,,,X 全窗基线 · 不参与实体赏罚,14190892,1420,A168_HF9F_20260827_0900,2026-08-27 09:00:00
2026-06-05,70521282,550,0,8.4861264690,-8.4861264690,-8.4861264690,0E-7,1,1,0.50665070000000000,0.506650700000,-1.013391052207602,-1.013391052207602,-1.013391052207602,0E-17,ELIGIBLE,R03b_20260811_FULL_v1,L1_ELIGIBILITY,v2026-08-11,2026-03-21..2026-08-06,baccarat_bet02_101_all_pairs_incl_sentinel,round_win = game_pnl > 0 (decisive only),COMPATIBILITY_ONLY_NOT_PRODUCTION,584473.8809,521750.0287,6633.3633,3770,3770,-0.01134929,-0.02064894,-0.00990944,-0.01134929,-6633.3633,584473.8809,OK,0.0000,265.3345,4.0000,96.0000,AG03-UNRESOLVED,ALL5_LEVELS_bet23_to_bet27,265.3345,265.3345,265.3345,331.6682,331.6682,4.000000,4.000000,4.000000,5.000000,5.000000,96.000000,96.000000,96.000000,95.000000,95.000000,5.0,1459.3399,1336.7936,5174.0234,5296.5697,PENDING_AG03,FALSE,NOT_FOR_ENFORCEMENT,6368.0288,500880.0275,6633.3633,6368.0288,265.3345,0.01134929,0.01089532,265.3345,6368.0288,0.01089532,265.3345,265.3345,265.3345,331.6682,331.6682,6368.0288,0.01089532,1459.3399,1336.7936,5174.0234,5296.5697,0.00885245,0.00906212,0.00045397,155.0329,138.3952,1.7595,127.5647,14.6756,11239.8823,72.5000,180.5550,151.7125,58.09,129.7286,157.9904,321.5856,428.8828,778.3716,93.4046,0.0,3.306,6.0,1.195055,16,80,84,2,0.13407078,0.01134929,0.02064894,0E-8,0.000000,0.892683,0.000000,-0.01073951,2026-03-25,2026-08-03,52,452,218,132,0.393939,1.190113,1.164624,0.446903,,,,,,,,GLOBAL_BASELINE_NO_ENTITY_RANKING,,,NOT_APPLICABLE_GLOBAL_BASELINE,HF9g-P5,,,,X 全窗基线 · 不参与实体赏罚,14190893,1420,A168_HF9F_20260827_0900,2026-08-27 09:00:00
2026-06-06,70521282,1947,0,13.6292334199,-4.6030807211,-4.6030807211,0.5000000,2,2,0.49994810000000000,0.499948100000,0.00014679536856514622,0.00014679536856514622,0.00014679536856514622,0E-17,ELIGIBLE,R03b_20260811_FULL_v1,L1_ELIGIBILITY,v2026-08-11,2026-03-21..2026-08-06,baccarat_bet02_101_all_pairs_incl_sentinel,round_win = game_pnl > 0 (decisive only),COMPATIBILITY_ONLY_NOT_PRODUCTION,584473.8809,521750.0287,6633.3633,3770,3770,-0.01134929,-0.02064894,-0.00990944,-0.01134929,-6633.3633,584473.8809,OK,0.0000,265.3345,4.0000,96.0000,AG03-UNRESOLVED,ALL5_LEVELS_bet23_to_bet27,265.3345,265.3345,265.3345,331.6682,331.6682,4.000000,4.000000,4.000000,5.000000,5.000000,96.000000,96.000000,96.000000,95.000000,95.000000,5.0,1459.3399,1336.7936,5174.0234,5296.5697,PENDING_AG03,FALSE,NOT_FOR_ENFORCEMENT,6368.0288,500880.0275,6633.3633,6368.0288,265.3345,0.01134929,0.01089532,265.3345,6368.0288,0.01089532,265.3345,265.3345,265.3345,331.6682,331.6682,6368.0288,0.01089532,1459.3399,1336.7936,5174.0234,5296.5697,0.00885245,0.00906212,0.00045397,155.0329,138.3952,1.7595,127.5647,14.6756,11239.8823,72.5000,180.5550,151.7125,58.09,129.7286,157.9904,321.5856,428.8828,778.3716,93.4046,0.0,3.306,6.0,1.195055,16,80,84,2,0.13407078,0.01134929,0.02064894,0E-8,0.000000,0.892683,0.000000,-0.01073951,2026-03-25,2026-08-03,52,452,218,132,0.393939,1.190113,1.164624,0.446903,,,,,,,,GLOBAL_BASELINE_NO_ENTITY_RANKING,,,NOT_APPLICABLE_GLOBAL_BASELINE,HF9g-P5,,,,X 全窗基线 · 不参与实体赏罚,14190894,1420,A168_HF9F_20260827_0900,2026-08-27 09:00:00
2026-06-07,70521282,1490,0,15.4293208527,14.6578548101,14.6578548101,1.0000000,1,1,0.50665070000000000,0.506650700000,0.9867858985152569,0.9867858985152569,0.9867858985152569,0E-17,ELIGIBLE,R03b_20260811_FULL_v1,L1_ELIGIBILITY,v2026-08-11,2026-03-21..2026-08-06,baccarat_bet02_101_all_pairs_incl_sentinel,round_win = game_pnl > 0 (decisive only),COMPATIBILITY_ONLY_NOT_PRODUCTION,584473.8809,521750.0287,6633.3633,3770,3770,-0.01134929,-0.02064894,-0.00990944,-0.01134929,-6633.3633,584473.8809,OK,0.0000,265.3345,4.0000,96.0000,AG03-UNRESOLVED,ALL5_LEVELS_bet23_to_bet27,265.3345,265.3345,265.3345,331.6682,331.6682,4.000000,4.000000,4.000000,5.000000,5.000000,96.000000,96.000000,96.000000,95.000000,95.000000,5.0,1459.3399,1336.7936,5174.0234,5296.5697,PENDING_AG03,FALSE,NOT_FOR_ENFORCEMENT,6368.0288,500880.0275,6633.3633,6368.0288,265.3345,0.01134929,0.01089532,265.3345,6368.0288,0.01089532,265.3345,265.3345,265.3345,331.6682,331.6682,6368.0288,0.01089532,1459.3399,1336.7936,5174.0234,5296.5697,0.00885245,0.00906212,0.00045397,155.0329,138.3952,1.7595,127.5647,14.6756,11239.8823,72.5000,180.5550,151.7125,58.09,129.7286,157.9904,321.5856,428.8828,778.3716,93.4046,0.0,3.306,6.0,1.195055,16,80,84,2,0.13407078,0.01134929,0.02064894,0E-8,0.000000,0.892683,0.000000,-0.01073951,2026-03-25,2026-08-03,52,452,218,132,0.393939,1.190113,1.164624,0.446903,,,,,,,,GLOBAL_BASELINE_NO_ENTITY_RANKING,,,NOT_APPLICABLE_GLOBAL_BASELINE,HF9g-P5,,,,X 全窗基线 · 不参与实体赏罚,14190895,1420,A168_HF9F_20260827_0900,2026-08-27 09:00:00
2026-06-07,70521282,1940,0,30.0871756628,-30.0871756628,-30.0871756628,0E-7,2,2,0.49324550000000000,0.493245500000,-1.3952362676504506,-1.3952362676504506,-1.3952362676504506,0E-17,ELIGIBLE,R03b_20260811_FULL_v1,L1_ELIGIBILITY,v2026-08-11,2026-03-21..2026-08-06,baccarat_bet02_101_all_pairs_incl_sentinel,round_win = game_pnl > 0 (decisive only),COMPATIBILITY_ONLY_NOT_PRODUCTION,584473.8809,521750.0287,6633.3633,3770,3770,-0.01134929,-0.02064894,-0.00990944,-0.01134929,-6633.3633,584473.8809,OK,0.0000,265.3345,4.0000,96.0000,AG03-UNRESOLVED,ALL5_LEVELS_bet23_to_bet27,265.3345,265.3345,265.3345,331.6682,331.6682,4.000000,4.000000,4.000000,5.000000,5.000000,96.000000,96.000000,96.000000,95.000000,95.000000,5.0,1459.3399,1336.7936,5174.0234,5296.5697,PENDING_AG03,FALSE,NOT_FOR_ENFORCEMENT,6368.0288,500880.0275,6633.3633,6368.0288,265.3345,0.01134929,0.01089532,265.3345,6368.0288,0.01089532,265.3345,265.3345,265.3345,331.6682,331.6682,6368.0288,0.01089532,1459.3399,1336.7936,5174.0234,5296.5697,0.00885245,0.00906212,0.00045397,155.0329,138.3952,1.7595,127.5647,14.6756,11239.8823,72.5000,180.5550,151.7125,58.09,129.7286,157.9904,321.5856,428.8828,778.3716,93.4046,0.0,3.306,6.0,1.195055,16,80,84,2,0.13407078,0.01134929,0.02064894,0E-8,0.000000,0.892683,0.000000,-0.01073951,2026-03-25,2026-08-03,52,452,218,132,0.393939,1.190113,1.164624,0.446903,,,,,,,,GLOBAL_BASELINE_NO_ENTITY_RANKING,,,NOT_APPLICABLE_GLOBAL_BASELINE,HF9g-P5,,,,X 全窗基线 · 不参与实体赏罚,14190896,1420,A168_HF9F_20260827_0900,2026-08-27 09:00:00
2026-06-07,70521282,2147,0,7.7146604264,7.7146604264,7.7146604264,1.0000000,1,1,0.49324550000000000,0.493245500000,1.01360149184955,1.01360149184955,1.01360149184955,0E-17,ELIGIBLE,R03b_20260811_FULL_v1,L1_ELIGIBILITY,v2026-08-11,2026-03-21..2026-08-06,baccarat_bet02_101_all_pairs_incl_sentinel,round_win = game_pnl > 0 (decisive only),COMPATIBILITY_ONLY_NOT_PRODUCTION,584473.8809,521750.0287,6633.3633,3770,3770,-0.01134929,-0.02064894,-0.00990944,-0.01134929,-6633.3633,584473.8809,OK,0.0000,265.3345,4.0000,96.0000,AG03-UNRESOLVED,ALL5_LEVELS_bet23_to_bet27,265.3345,265.3345,265.3345,331.6682,331.6682,4.000000,4.000000,4.000000,5.000000,5.000000,96.000000,96.000000,96.000000,95.000000,95.000000,5.0,1459.3399,1336.7936,5174.0234,5296.5697,PENDING_AG03,FALSE,NOT_FOR_ENFORCEMENT,6368.0288,500880.0275,6633.3633,6368.0288,265.3345,0.01134929,0.01089532,265.3345,6368.0288,0.01089532,265.3345,265.3345,265.3345,331.6682,331.6682,6368.0288,0.01089532,1459.3399,1336.7936,5174.0234,5296.5697,0.00885245,0.00906212,0.00045397,155.0329,138.3952,1.7595,127.5647,14.6756,11239.8823,72.5000,180.5550,151.7125,58.09,129.7286,157.9904,321.5856,428.8828,778.3716,93.4046,0.0,3.306,6.0,1.195055,16,80,84,2,0.13407078,0.01134929,0.02064894,0E-8,0.000000,0.892683,0.000000,-0.01073951,2026-03-25,2026-08-03,52,452,218,132,0.393939,1.190113,1.164624,0.446903,,,,,,,,GLOBAL_BASELINE_NO_ENTITY_RANKING,,,NOT_APPLICABLE_GLOBAL_BASELINE,HF9g-P5,,,,X 全窗基线 · 不参与实体赏罚,14190897,1420,A168_HF9F_20260827_0900,2026-08-27 09:00:00
2026-06-07,70521282,925,0,45.0021858205,-9.0004371641,-9.0004371641,0.5000000,3,3,0.49771390000000000,0.497713900000,0.006466134837551399,0.0064661348375514,0.006466134837551399,0E-17,ELIGIBLE,R03b_20260811_FULL_v1,L1_ELIGIBILITY,v2026-08-11,2026-03-21..2026-08-06,baccarat_bet02_101_all_pairs_incl_sentinel,round_win = game_pnl > 0 (decisive only),COMPATIBILITY_ONLY_NOT_PRODUCTION,584473.8809,521750.0287,6633.3633,3770,3770,-0.01134929,-0.02064894,-0.00990944,-0.01134929,-6633.3633,584473.8809,OK,0.0000,265.3345,4.0000,96.0000,AG03-UNRESOLVED,ALL5_LEVELS_bet23_to_bet27,265.3345,265.3345,265.3345,331.6682,331.6682,4.000000,4.000000,4.000000,5.000000,5.000000,96.000000,96.000000,96.000000,95.000000,95.000000,5.0,1459.3399,1336.7936,5174.0234,5296.5697,PENDING_AG03,FALSE,NOT_FOR_ENFORCEMENT,6368.0288,500880.0275,6633.3633,6368.0288,265.3345,0.01134929,0.01089532,265.3345,6368.0288,0.01089532,265.3345,265.3345,265.3345,331.6682,331.6682,6368.0288,0.01089532,1459.3399,1336.7936,5174.0234,5296.5697,0.00885245,0.00906212,0.00045397,155.0329,138.3952,1.7595,127.5647,14.6756,11239.8823,72.5000,180.5550,151.7125,58.09,129.7286,157.9904,321.5856,428.8828,778.3716,93.4046,0.0,3.306,6.0,1.195055,16,80,84,2,0.13407078,0.01134929,0.02064894,0E-8,0.000000,0.892683,0.000000,-0.01073951,2026-03-25,2026-08-03,52,452,218,132,0.393939,1.190113,1.164624,0.446903,,,,,,,,GLOBAL_BASELINE_NO_ENTITY_RANKING,,,NOT_APPLICABLE_GLOBAL_BASELINE,HF9g-P5,,,,X 全窗基线 · 不参与实体赏罚,14190898,1420,A168_HF9F_20260827_0900,2026-08-27 09:00:00
2026-06-14,70521282,1157,0,51.4310695090,-51.4310695090,-51.4310695090,0E-7,2,2,0.49994810000000000,0.499948100000,-1.4140667746232096,-1.4140667746232096,-1.4140667746232096,0E-17,ELIGIBLE,R03b_20260811_FULL_v1,L1_ELIGIBILITY,v2026-08-11,2026-03-21..2026-08-06,baccarat_bet02_101_all_pairs_incl_sentinel,round_win = game_pnl > 0 (decisive only),COMPATIBILITY_ONLY_NOT_PRODUCTION,584473.8809,521750.0287,6633.3633,3770,3770,-0.01134929,-0.02064894,-0.00990944,-0.01134929,-6633.3633,584473.8809,OK,0.0000,265.3345,4.0000,96.0000,AG03-UNRESOLVED,ALL5_LEVELS_bet23_to_bet27,265.3345,265.3345,265.3345,331.6682,331.6682,4.000000,4.000000,4.000000,5.000000,5.000000,96.000000,96.000000,96.000000,95.000000,95.000000,5.0,1459.3399,1336.7936,5174.0234,5296.5697,PENDING_AG03,FALSE,NOT_FOR_ENFORCEMENT,6368.0288,500880.0275,6633.3633,6368.0288,265.3345,0.01134929,0.01089532,265.3345,6368.0288,0.01089532,265.3345,265.3345,265.3345,331.6682,331.6682,6368.0288,0.01089532,1459.3399,1336.7936,5174.0234,5296.5697,0.00885245,0.00906212,0.00045397,155.0329,138.3952,1.7595,127.5647,14.6756,11239.8823,72.5000,180.5550,151.7125,58.09,129.7286,157.9904,321.5856,428.8828,778.3716,93.4046,0.0,3.306,6.0,1.195055,16,80,84,2,0.13407078,0.01134929,0.02064894,0E-8,0.000000,0.892683,0.000000,-0.01073951,2026-03-25,2026-08-03,52,452,218,132,0.393939,1.190113,1.164624,0.446903,,,,,,,,GLOBAL_BASELINE_NO_ENTITY_RANKING,,,NOT_APPLICABLE_GLOBAL_BASELINE,HF9g-P5,,,,X 全窗基线 · 不参与实体赏罚,14190899,1420,A168_HF9F_20260827_0900,2026-08-27 09:00:00
2026-06-20,70521282,1299,0,51.6882248566,-51.6882248566,-51.6882248566,0E-7,2,2,0.49994810000000000,0.499948100000,-1.4140667746232096,-1.4140667746232096,-1.4140667746232096,0E-17,ELIGIBLE,R03b_20260811_FULL_v1,L1_ELIGIBILITY,v2026-08-11,2026-03-21..2026-08-06,baccarat_bet02_101_all_pairs_incl_sentinel,round_win = game_pnl > 0 (decisive only),COMPATIBILITY_ONLY_NOT_PRODUCTION,584473.8809,521750.0287,6633.3633,3770,3770,-0.01134929,-0.02064894,-0.00990944,-0.01134929,-6633.3633,584473.8809,OK,0.0000,265.3345,4.0000,96.0000,AG03-UNRESOLVED,ALL5_LEVELS_bet23_to_bet27,265.3345,265.3345,265.3345,331.6682,331.6682,4.000000,4.000000,4.000000,5.000000,5.000000,96.000000,96.000000,96.000000,95.000000,95.000000,5.0,1459.3399,1336.7936,5174.0234,5296.5697,PENDING_AG03,FALSE,NOT_FOR_ENFORCEMENT,6368.0288,500880.0275,6633.3633,6368.0288,265.3345,0.01134929,0.01089532,265.3345,6368.0288,0.01089532,265.3345,265.3345,265.3345,331.6682,331.6682,6368.0288,0.01089532,1459.3399,1336.7936,5174.0234,5296.5697,0.00885245,0.00906212,0.00045397,155.0329,138.3952,1.7595,127.5647,14.6756,11239.8823,72.5000,180.5550,151.7125,58.09,129.7286,157.9904,321.5856,428.8828,778.3716,93.4046,0.0,3.306,6.0,1.195055,16,80,84,2,0.13407078,0.01134929,0.02064894,0E-8,0.000000,0.892683,0.000000,-0.01073951,2026-03-25,2026-08-03,52,452,218,132,0.393939,1.190113,1.164624,0.446903,,,,,,,,GLOBAL_BASELINE_NO_ENTITY_RANKING,,,NOT_APPLICABLE_GLOBAL_BASELINE,HF9g-P5,,,,X 全窗基线 · 不参与实体赏罚,14190900,1420,A168_HF9F_20260827_0900,2026-08-27 09:00:00
2026-06-21,70521282,1157,0,297.0144264150,173.3227042455,173.3227042455,0.8333333,7,7,0.49707555714285714,0.497075557143,1.647348125108566,1.6473481251078634,1.647348125108566,-1.4286E-13,ELIGIBLE,R03b_20260811_FULL_v1,L1_ELIGIBILITY,v2026-08-11,2026-03-21..2026-08-06,baccarat_bet02_101_all_pairs_incl_sentinel,round_win = game_pnl > 0 (decisive only),COMPATIBILITY_ONLY_NOT_PRODUCTION,584473.8809,521750.0287,6633.3633,3770,3770,-0.01134929,-0.02064894,-0.00990944,-0.01134929,-6633.3633,584473.8809,OK,0.0000,265.3345,4.0000,96.0000,AG03-UNRESOLVED,ALL5_LEVELS_bet23_to_bet27,265.3345,265.3345,265.3345,331.6682,331.6682,4.000000,4.000000,4.000000,5.000000,5.000000,96.000000,96.000000,96.000000,95.000000,95.000000,5.0,1459.3399,1336.7936,5174.0234,5296.5697,PENDING_AG03,FALSE,NOT_FOR_ENFORCEMENT,6368.0288,500880.0275,6633.3633,6368.0288,265.3345,0.01134929,0.01089532,265.3345,6368.0288,0.01089532,265.3345,265.3345,265.3345,331.6682,331.6682,6368.0288,0.01089532,1459.3399,1336.7936,5174.0234,5296.5697,0.00885245,0.00906212,0.00045397,155.0329,138.3952,1.7595,127.5647,14.6756,11239.8823,72.5000,180.5550,151.7125,58.09,129.7286,157.9904,321.5856,428.8828,778.3716,93.4046,0.0,3.306,6.0,1.195055,16,80,84,2,0.13407078,0.01134929,0.02064894,0E-8,0.000000,0.892683,0.000000,-0.01073951,2026-03-25,2026-08-03,52,452,218,132,0.393939,1.190113,1.164624,0.446903,,,,,,,,GLOBAL_BASELINE_NO_ENTITY_RANKING,,,NOT_APPLICABLE_GLOBAL_BASELINE,HF9g-P5,,,,X 全窗基线 · 不参与实体赏罚,14190901,1420,A168_HF9F_20260827_0900,2026-08-27 09:00:00
2026-06-21,70521282,1323,0,90.2615269884,-90.2615269884,-90.2615269884,0E-7,2,2,0.49994810000000000,0.499948100000,-1.4140667746232096,-1.4140667746232096,-1.4140667746232096,0E-17,ELIGIBLE,R03b_20260811_FULL_v1,L1_ELIGIBILITY,v2026-08-11,2026-03-21..2026-08-06,baccarat_bet02_101_all_pairs_incl_sentinel,round_win = game_pnl > 0 (decisive only),COMPATIBILITY_ONLY_NOT_PRODUCTION,584473.8809,521750.0287,6633.3633,3770,3770,-0.01134929,-0.02064894,-0.00990944,-0.01134929,-6633.3633,584473.8809,OK,0.0000,265.3345,4.0000,96.0000,AG03-UNRESOLVED,ALL5_LEVELS_bet23_to_bet27,265.3345,265.3345,265.3345,331.6682,331.6682,4.000000,4.000000,4.000000,5.000000,5.000000,96.000000,96.000000,96.000000,95.000000,95.000000,5.0,1459.3399,1336.7936,5174.0234,5296.5697,PENDING_AG03,FALSE,NOT_FOR_ENFORCEMENT,6368.0288,500880.0275,6633.3633,6368.0288,265.3345,0.01134929,0.01089532,265.3345,6368.0288,0.01089532,265.3345,265.3345,265.3345,331.6682,331.6682,6368.0288,0.01089532,1459.3399,1336.7936,5174.0234,5296.5697,0.00885245,0.00906212,0.00045397,155.0329,138.3952,1.7595,127.5647,14.6756,11239.8823,72.5000,180.5550,151.7125,58.09,129.7286,157.9904,321.5856,428.8828,778.3716,93.4046,0.0,3.306,6.0,1.195055,16,80,84,2,0.13407078,0.01134929,0.02064894,0E-8,0.000000,0.892683,0.000000,-0.01073951,2026-03-25,2026-08-03,52,452,218,132,0.393939,1.190113,1.164624,0.446903,,,,,,,,GLOBAL_BASELINE_NO_ENTITY_RANKING,,,NOT_APPLICABLE_GLOBAL_BASELINE,HF9g-P5,,,,X 全窗基线 · 不参与实体赏罚,14190902,1420,A168_HF9F_20260827_0900,2026-08-27 09:00:00
2026-06-21,70521282,1710,0,249.1835317715,-69.2390773266,-69.2390773266,0.4000000,5,5,0.49592654000000000,0.495926540000,-0.42901076602576227,-0.42901076602576227,-0.42901076602576227,0E-17,ELIGIBLE,R03b_20260811_FULL_v1,L1_ELIGIBILITY,v2026-08-11,2026-03-21..2026-08-06,baccarat_bet02_101_all_pairs_incl_sentinel,round_win = game_pnl > 0 (decisive only),COMPATIBILITY_ONLY_NOT_PRODUCTION,584473.8809,521750.0287,6633.3633,3770,3770,-0.01134929,-0.02064894,-0.00990944,-0.01134929,-6633.3633,584473.8809,OK,0.0000,265.3345,4.0000,96.0000,AG03-UNRESOLVED,ALL5_LEVELS_bet23_to_bet27,265.3345,265.3345,265.3345,331.6682,331.6682,4.000000,4.000000,4.000000,5.000000,5.000000,96.000000,96.000000,96.000000,95.000000,95.000000,5.0,1459.3399,1336.7936,5174.0234,5296.5697,PENDING_AG03,FALSE,NOT_FOR_ENFORCEMENT,6368.0288,500880.0275,6633.3633,6368.0288,265.3345,0.01134929,0.01089532,265.3345,6368.0288,0.01089532,265.3345,265.3345,265.3345,331.6682,331.6682,6368.0288,0.01089532,1459.3399,1336.7936,5174.0234,5296.5697,0.00885245,0.00906212,0.00045397,155.0329,138.3952,1.7595,127.5647,14.6756,11239.8823,72.5000,180.5550,151.7125,58.09,129.7286,157.9904,321.5856,428.8828,778.3716,93.4046,0.0,3.306,6.0,1.195055,16,80,84,2,0.13407078,0.01134929,0.02064894,0E-8,0.000000,0.892683,0.000000,-0.01073951,2026-03-25,2026-08-03,52,452,218,132,0.393939,1.190113,1.164624,0.446903,,,,,,,,GLOBAL_BASELINE_NO_ENTITY_RANKING,,,NOT_APPLICABLE_GLOBAL_BASELINE,HF9g-P5,,,,X 全窗基线 · 不参与实体赏罚,14190903,1420,A168_HF9F_20260827_0900,2026-08-27 09:00:00
2026-06-21,70521282,1942,0,232.9827448763,-129.0919844679,-129.0919844679,0.2500000,4,4,0.49659680000000000,0.496596800000,-0.9864100490137353,-0.9864100490137354,-0.9864100490137353,0E-17,ELIGIBLE,R03b_20260811_FULL_v1,L1_ELIGIBILITY,v2026-08-11,2026-03-21..2026-08-06,baccarat_bet02_101_all_pairs_incl_sentinel,round_win = game_pnl > 0 (decisive only),COMPATIBILITY_ONLY_NOT_PRODUCTION,584473.8809,521750.0287,6633.3633,3770,3770,-0.01134929,-0.02064894,-0.00990944,-0.01134929,-6633.3633,584473.8809,OK,0.0000,265.3345,4.0000,96.0000,AG03-UNRESOLVED,ALL5_LEVELS_bet23_to_bet27,265.3345,265.3345,265.3345,331.6682,331.6682,4.000000,4.000000,4.000000,5.000000,5.000000,96.000000,96.000000,96.000000,95.000000,95.000000,5.0,1459.3399,1336.7936,5174.0234,5296.5697,PENDING_AG03,FALSE,NOT_FOR_ENFORCEMENT,6368.0288,500880.0275,6633.3633,6368.0288,265.3345,0.01134929,0.01089532,265.3345,6368.0288,0.01089532,265.3345,265.3345,265.3345,331.6682,331.6682,6368.0288,0.01089532,1459.3399,1336.7936,5174.0234,5296.5697,0.00885245,0.00906212,0.00045397,155.0329,138.3952,1.7595,127.5647,14.6756,11239.8823,72.5000,180.5550,151.7125,58.09,129.7286,157.9904,321.5856,428.8828,778.3716,93.4046,0.0,3.306,6.0,1.195055,16,80,84,2,0.13407078,0.01134929,0.02064894,0E-8,0.000000,0.892683,0.000000,-0.01073951,2026-03-25,2026-08-03,52,452,218,132,0.393939,1.190113,1.164624,0.446903,,,,,,,,GLOBAL_BASELINE_NO_ENTITY_RANKING,,,NOT_APPLICABLE_GLOBAL_BASELINE,HF9g-P5,,,,X 全窗基线 · 不参与实体赏罚,14190904,1420,A168_HF9F_20260827_0900,2026-08-27 09:00:00
2026-06-21,70521282,987,0,288.2711445985,-25.6255303829,-25.6255303829,0.5833333,14,14,0.50569318571428571,0.505693185714,0.5379415945808016,0.5379415945827777,0.5379415945808016,2.8571E-13,ELIGIBLE,R03b_20260811_FULL_v1,L1_ELIGIBILITY,v2026-08-11,2026-03-21..2026-08-06,baccarat_bet02_101_all_pairs_incl_sentinel,round_win = game_pnl > 0 (decisive only),COMPATIBILITY_ONLY_NOT_PRODUCTION,584473.8809,521750.0287,6633.3633,3770,3770,-0.01134929,-0.02064894,-0.00990944,-0.01134929,-6633.3633,584473.8809,OK,0.0000,265.3345,4.0000,96.0000,AG03-UNRESOLVED,ALL5_LEVELS_bet23_to_bet27,265.3345,265.3345,265.3345,331.6682,331.6682,4.000000,4.000000,4.000000,5.000000,5.000000,96.000000,96.000000,96.000000,95.000000,95.000000,5.0,1459.3399,1336.7936,5174.0234,5296.5697,PENDING_AG03,FALSE,NOT_FOR_ENFORCEMENT,6368.0288,500880.0275,6633.3633,6368.0288,265.3345,0.01134929,0.01089532,265.3345,6368.0288,0.01089532,265.3345,265.3345,265.3345,331.6682,331.6682,6368.0288,0.01089532,1459.3399,1336.7936,5174.0234,5296.5697,0.00885245,0.00906212,0.00045397,155.0329,138.3952,1.7595,127.5647,14.6756,11239.8823,72.5000,180.5550,151.7125,58.09,129.7286,157.9904,321.5856,428.8828,778.3716,93.4046,0.0,3.306,6.0,1.195055,16,80,84,2,0.13407078,0.01134929,0.02064894,0E-8,0.000000,0.892683,0.000000,-0.01073951,2026-03-25,2026-08-03,52,452,218,132,0.393939,1.190113,1.164624,0.446903,,,,,,,,GLOBAL_BASELINE_NO_ENTITY_RANKING,,,NOT_APPLICABLE_GLOBAL_BASELINE,HF9g-P5,,,,X 全窗基线 · 不参与实体赏罚,14190905,1420,A168_HF9F_20260827_0900,2026-08-27 09:00:00
2026-06-22,70521282,1004,0,1495.1011906291,200.7097487591,200.7097487591,0.5625000,17,17,0.49955382941176471,0.499553829412,0.5035695651952898,0.5035695651934073,0.5035695651952898,-2.3529E-13,ELIGIBLE,R03b_20260811_FULL_v1,L1_ELIGIBILITY,v2026-08-11,2026-03-21..2026-08-06,baccarat_bet02_101_all_pairs_incl_sentinel,round_win = game_pnl > 0 (decisive only),COMPATIBILITY_ONLY_NOT_PRODUCTION,584473.8809,521750.0287,6633.3633,3770,3770,-0.01134929,-0.02064894,-0.00990944,-0.01134929,-6633.3633,584473.8809,OK,0.0000,265.3345,4.0000,96.0000,AG03-UNRESOLVED,ALL5_LEVELS_bet23_to_bet27,265.3345,265.3345,265.3345,331.6682,331.6682,4.000000,4.000000,4.000000,5.000000,5.000000,96.000000,96.000000,96.000000,95.000000,95.000000,5.0,1459.3399,1336.7936,5174.0234,5296.5697,PENDING_AG03,FALSE,NOT_FOR_ENFORCEMENT,6368.0288,500880.0275,6633.3633,6368.0288,265.3345,0.01134929,0.01089532,265.3345,6368.0288,0.01089532,265.3345,265.3345,265.3345,331.6682,331.6682,6368.0288,0.01089532,1459.3399,1336.7936,5174.0234,5296.5697,0.00885245,0.00906212,0.00045397,155.0329,138.3952,1.7595,127.5647,14.6756,11239.8823,72.5000,180.5550,151.7125,58.09,129.7286,157.9904,321.5856,428.8828,778.3716,93.4046,0.0,3.306,6.0,1.195055,16,80,84,2,0.13407078,0.01134929,0.02064894,0E-8,0.000000,0.892683,0.000000,-0.01073951,2026-03-25,2026-08-03,52,452,218,132,0.393939,1.190113,1.164624,0.446903,,,,,,,,GLOBAL_BASELINE_NO_ENTITY_RANKING,,,NOT_APPLICABLE_GLOBAL_BASELINE,HF9g-P5,,,,X 全窗基线 · 不参与实体赏罚,14190906,1420,A168_HF9F_20260827_0900,2026-08-27 09:00:00
2026-06-22,70521282,1157,0,108.2624013167,-79.9753130867,-79.9753130867,0E-7,4,4,0.50329940000000000,0.503299400000,-1.743518224870635,-1.743518224870635,-1.743518224870635,0E-17,ELIGIBLE,R03b_20260811_FULL_v1,L1_ELIGIBILITY,v2026-08-11,2026-03-21..2026-08-06,baccarat_bet02_101_all_pairs_incl_sentinel,round_win = game_pnl > 0 (decisive only),COMPATIBILITY_ONLY_NOT_PRODUCTION,584473.8809,521750.0287,6633.3633,3770,3770,-0.01134929,-0.02064894,-0.00990944,-0.01134929,-6633.3633,584473.8809,OK,0.0000,265.3345,4.0000,96.0000,AG03-UNRESOLVED,ALL5_LEVELS_bet23_to_bet27,265.3345,265.3345,265.3345,331.6682,331.6682,4.000000,4.000000,4.000000,5.000000,5.000000,96.000000,96.000000,96.000000,95.000000,95.000000,5.0,1459.3399,1336.7936,5174.0234,5296.5697,PENDING_AG03,FALSE,NOT_FOR_ENFORCEMENT,6368.0288,500880.0275,6633.3633,6368.0288,265.3345,0.01134929,0.01089532,265.3345,6368.0288,0.01089532,265.3345,265.3345,265.3345,331.6682,331.6682,6368.0288,0.01089532,1459.3399,1336.7936,5174.0234,5296.5697,0.00885245,0.00906212,0.00045397,155.0329,138.3952,1.7595,127.5647,14.6756,11239.8823,72.5000,180.5550,151.7125,58.09,129.7286,157.9904,321.5856,428.8828,778.3716,93.4046,0.0,3.306,6.0,1.195055,16,80,84,2,0.13407078,0.01134929,0.02064894,0E-8,0.000000,0.892683,0.000000,-0.01073951,2026-03-25,2026-08-03,52,452,218,132,0.393939,1.190113,1.164624,0.446903,,,,,,,,GLOBAL_BASELINE_NO_ENTITY_RANKING,,,NOT_APPLICABLE_GLOBAL_BASELINE,HF9g-P5,,,,X 全窗基线 · 不参与实体赏罚,14190907,1420,A168_HF9F_20260827_0900,2026-08-27 09:00:00
2026-06-22,70521282,1205,0,3282.3308560701,527.4256178156,527.4256178156,0.4444444,21,21,0.49835224285714286,0.498352242857,-0.4574253217184987,-0.45742532171728695,-0.4574253217184987,1.4286E-13,ELIGIBLE,R03b_20260811_FULL_v1,L1_ELIGIBILITY,v2026-08-11,2026-03-21..2026-08-06,baccarat_bet02_101_all_pairs_incl_sentinel,round_win = game_pnl > 0 (decisive only),COMPATIBILITY_ONLY_NOT_PRODUCTION,584473.8809,521750.0287,6633.3633,3770,3770,-0.01134929,-0.02064894,-0.00990944,-0.01134929,-6633.3633,584473.8809,OK,0.0000,265.3345,4.0000,96.0000,AG03-UNRESOLVED,ALL5_LEVELS_bet23_to_bet27,265.3345,265.3345,265.3345,331.6682,331.6682,4.000000,4.000000,4.000000,5.000000,5.000000,96.000000,96.000000,96.000000,95.000000,95.000000,5.0,1459.3399,1336.7936,5174.0234,5296.5697,PENDING_AG03,FALSE,NOT_FOR_ENFORCEMENT,6368.0288,500880.0275,6633.3633,6368.0288,265.3345,0.01134929,0.01089532,265.3345,6368.0288,0.01089532,265.3345,265.3345,265.3345,331.6682,331.6682,6368.0288,0.01089532,1459.3399,1336.7936,5174.0234,5296.5697,0.00885245,0.00906212,0.00045397,155.0329,138.3952,1.7595,127.5647,14.6756,11239.8823,72.5000,180.5550,151.7125,58.09,129.7286,157.9904,321.5856,428.8828,778.3716,93.4046,0.0,3.306,6.0,1.195055,16,80,84,2,0.13407078,0.01134929,0.02064894,0E-8,0.000000,0.892683,0.000000,-0.01073951,2026-03-25,2026-08-03,52,452,218,132,0.393939,1.190113,1.164624,0.446903,,,,,,,,GLOBAL_BASELINE_NO_ENTITY_RANKING,,,NOT_APPLICABLE_GLOBAL_BASELINE,HF9g-P5,,,,X 全窗基线 · 不参与实体赏罚,14190908,1420,A168_HF9F_20260827_0900,2026-08-27 09:00:00
2026-06-22,70521282,1304,0,91.2901483786,-91.2901483786,-91.2901483786,0E-7,2,2,0.49994810000000000,0.499948100000,-1.4140667746232096,-1.4140667746232096,-1.4140667746232096,0E-17,ELIGIBLE,R03b_20260811_FULL_v1,L1_ELIGIBILITY,v2026-08-11,2026-03-21..2026-08-06,baccarat_bet02_101_all_pairs_incl_sentinel,round_win = game_pnl > 0 (decisive only),COMPATIBILITY_ONLY_NOT_PRODUCTION,584473.8809,521750.0287,6633.3633,3770,3770,-0.01134929,-0.02064894,-0.00990944,-0.01134929,-6633.3633,584473.8809,OK,0.0000,265.3345,4.0000,96.0000,AG03-UNRESOLVED,ALL5_LEVELS_bet23_to_bet27,265.3345,265.3345,265.3345,331.6682,331.6682,4.000000,4.000000,4.000000,5.000000,5.000000,96.000000,96.000000,96.000000,95.000000,95.000000,5.0,1459.3399,1336.7936,5174.0234,5296.5697,PENDING_AG03,FALSE,NOT_FOR_ENFORCEMENT,6368.0288,500880.0275,6633.3633,6368.0288,265.3345,0.01134929,0.01089532,265.3345,6368.0288,0.01089532,265.3345,265.3345,265.3345,331.6682,331.6682,6368.0288,0.01089532,1459.3399,1336.7936,5174.0234,5296.5697,0.00885245,0.00906212,0.00045397,155.0329,138.3952,1.7595,127.5647,14.6756,11239.8823,72.5000,180.5550,151.7125,58.09,129.7286,157.9904,321.5856,428.8828,778.3716,93.4046,0.0,3.306,6.0,1.195055,16,80,84,2,0.13407078,0.01134929,0.02064894,0E-8,0.000000,0.892683,0.000000,-0.01073951,2026-03-25,2026-08-03,52,452,218,132,0.393939,1.190113,1.164624,0.446903,,,,,,,,GLOBAL_BASELINE_NO_ENTITY_RANKING,,,NOT_APPLICABLE_GLOBAL_BASELINE,HF9g-P5,,,,X 全窗基线 · 不参与实体赏罚,14190909,1420,A168_HF9F_20260827_0900,2026-08-27 09:00:00
2026-06-22,70521282,1353,0,301.1289119757,-172.5512382030,-172.5512382030,0.5000000,12,12,0.49659680000000000,0.496596800000,0.02357860740362636,0.02357860740362636,0.02357860740362636,0E-17,ELIGIBLE,R03b_20260811_FULL_v1,L1_ELIGIBILITY,v2026-08-11,2026-03-21..2026-08-06,baccarat_bet02_101_all_pairs_incl_sentinel,round_win = game_pnl > 0 (decisive only),COMPATIBILITY_ONLY_NOT_PRODUCTION,584473.8809,521750.0287,6633.3633,3770,3770,-0.01134929,-0.02064894,-0.00990944,-0.01134929,-6633.3633,584473.8809,OK,0.0000,265.3345,4.0000,96.0000,AG03-UNRESOLVED,ALL5_LEVELS_bet23_to_bet27,265.3345,265.3345,265.3345,331.6682,331.6682,4.000000,4.000000,4.000000,5.000000,5.000000,96.000000,96.000000,96.000000,95.000000,95.000000,5.0,1459.3399,1336.7936,5174.0234,5296.5697,PENDING_AG03,FALSE,NOT_FOR_ENFORCEMENT,6368.0288,500880.0275,6633.3633,6368.0288,265.3345,0.01134929,0.01089532,265.3345,6368.0288,0.01089532,265.3345,265.3345,265.3345,331.6682,331.6682,6368.0288,0.01089532,1459.3399,1336.7936,5174.0234,5296.5697,0.00885245,0.00906212,0.00045397,155.0329,138.3952,1.7595,127.5647,14.6756,11239.8823,72.5000,180.5550,151.7125,58.09,129.7286,157.9904,321.5856,428.8828,778.3716,93.4046,0.0,3.306,6.0,1.195055,16,80,84,2,0.13407078,0.01134929,0.02064894,0E-8,0.000000,0.892683,0.000000,-0.01073951,2026-03-25,2026-08-03,52,452,218,132,0.393939,1.190113,1.164624,0.446903,,,,,,,,GLOBAL_BASELINE_NO_ENTITY_RANKING,,,NOT_APPLICABLE_GLOBAL_BASELINE,HF9g-P5,,,,X 全窗基线 · 不参与实体赏罚,14190910,1420,A168_HF9F_20260827_0900,2026-08-27 09:00:00
2026-06-22,70521282,1363,0,3.0858641705,-3.0858641705,-3.0858641705,0E-7,1,1,0.49324550000000000,0.493245500000,-0.9865810262130424,-0.9865810262130424,-0.9865810262130424,0E-17,ELIGIBLE,R03b_20260811_FULL_v1,L1_ELIGIBILITY,v2026-08-11,2026-03-21..2026-08-06,baccarat_bet02_101_all_pairs_incl_sentinel,round_win = game_pnl > 0 (decisive only),COMPATIBILITY_ONLY_NOT_PRODUCTION,584473.8809,521750.0287,6633.3633,3770,3770,-0.01134929,-0.02064894,-0.00990944,-0.01134929,-6633.3633,584473.8809,OK,0.0000,265.3345,4.0000,96.0000,AG03-UNRESOLVED,ALL5_LEVELS_bet23_to_bet27,265.3345,265.3345,265.3345,331.6682,331.6682,4.000000,4.000000,4.000000,5.000000,5.000000,96.000000,96.000000,96.000000,95.000000,95.000000,5.0,1459.3399,1336.7936,5174.0234,5296.5697,PENDING_AG03,FALSE,NOT_FOR_ENFORCEMENT,6368.0288,500880.0275,6633.3633,6368.0288,265.3345,0.01134929,0.01089532,265.3345,6368.0288,0.01089532,265.3345,265.3345,265.3345,331.6682,331.6682,6368.0288,0.01089532,1459.3399,1336.7936,5174.0234,5296.5697,0.00885245,0.00906212,0.00045397,155.0329,138.3952,1.7595,127.5647,14.6756,11239.8823,72.5000,180.5550,151.7125,58.09,129.7286,157.9904,321.5856,428.8828,778.3716,93.4046,0.0,3.306,6.0,1.195055,16,80,84,2,0.13407078,0.01134929,0.02064894,0E-8,0.000000,0.892683,0.000000,-0.01073951,2026-03-25,2026-08-03,52,452,218,132,0.393939,1.190113,1.164624,0.446903,,,,,,,,GLOBAL_BASELINE_NO_ENTITY_RANKING,,,NOT_APPLICABLE_GLOBAL_BASELINE,HF9g-P5,,,,X 全窗基线 · 不参与实体赏罚,14190911,1420,A168_HF9F_20260827_0900,2026-08-27 09:00:00
2026-06-22,70521282,1405,0,390.8761282691,-131.9206932909,-131.9206932909,0.2857143,8,8,0.49659680000000000,0.496596800000,-1.1159112260582862,-1.1159112260582862,-1.1159112260582862,0E-17,ELIGIBLE,R03b_20260811_FULL_v1,L1_ELIGIBILITY,v2026-08-11,2026-03-21..2026-08-06,baccarat_bet02_101_all_pairs_incl_sentinel,round_win = game_pnl > 0 (decisive only),COMPATIBILITY_ONLY_NOT_PRODUCTION,584473.8809,521750.0287,6633.3633,3770,3770,-0.01134929,-0.02064894,-0.00990944,-0.01134929,-6633.3633,584473.8809,OK,0.0000,265.3345,4.0000,96.0000,AG03-UNRESOLVED,ALL5_LEVELS_bet23_to_bet27,265.3345,265.3345,265.3345,331.6682,331.6682,4.000000,4.000000,4.000000,5.000000,5.000000,96.000000,96.000000,96.000000,95.000000,95.000000,5.0,1459.3399,1336.7936,5174.0234,5296.5697,PENDING_AG03,FALSE,NOT_FOR_ENFORCEMENT,6368.0288,500880.0275,6633.3633,6368.0288,265.3345,0.01134929,0.01089532,265.3345,6368.0288,0.01089532,265.3345,265.3345,265.3345,331.6682,331.6682,6368.0288,0.01089532,1459.3399,1336.7936,5174.0234,5296.5697,0.00885245,0.00906212,0.00045397,155.0329,138.3952,1.7595,127.5647,14.6756,11239.8823,72.5000,180.5550,151.7125,58.09,129.7286,157.9904,321.5856,428.8828,778.3716,93.4046,0.0,3.306,6.0,1.195055,16,80,84,2,0.13407078,0.01134929,0.02064894,0E-8,0.000000,0.892683,0.000000,-0.01073951,2026-03-25,2026-08-03,52,452,218,132,0.393939,1.190113,1.164624,0.446903,,,,,,,,GLOBAL_BASELINE_NO_ENTITY_RANKING,,,NOT_APPLICABLE_GLOBAL_BASELINE,HF9g-P5,,,,X 全窗基线 · 不参与实体赏罚,14190912,1420,A168_HF9F_20260827_0900,2026-08-27 09:00:00
2026-06-22,70521282,1646,0,3145.7813665235,-312.4437472678,-312.4437472678,0.5000000,30,30,0.50039494000000000,0.500394940000,-0.0041796533950322415,-0.0041796533950322415,-0.0041796533950322415,0E-17,ELIGIBLE,R03b_20260811_FULL_v1,L1_ELIGIBILITY,v2026-08-11,2026-03-21..2026-08-06,baccarat_bet02_101_all_pairs_incl_sentinel,round_win = game_pnl > 0 (decisive only),COMPATIBILITY_ONLY_NOT_PRODUCTION,584473.8809,521750.0287,6633.3633,3770,3770,-0.01134929,-0.02064894,-0.00990944,-0.01134929,-6633.3633,584473.8809,OK,0.0000,265.3345,4.0000,96.0000,AG03-UNRESOLVED,ALL5_LEVELS_bet23_to_bet27,265.3345,265.3345,265.3345,331.6682,331.6682,4.000000,4.000000,4.000000,5.000000,5.000000,96.000000,96.000000,96.000000,95.000000,95.000000,5.0,1459.3399,1336.7936,5174.0234,5296.5697,PENDING_AG03,FALSE,NOT_FOR_ENFORCEMENT,6368.0288,500880.0275,6633.3633,6368.0288,265.3345,0.01134929,0.01089532,265.3345,6368.0288,0.01089532,265.3345,265.3345,265.3345,331.6682,331.6682,6368.0288,0.01089532,1459.3399,1336.7936,5174.0234,5296.5697,0.00885245,0.00906212,0.00045397,155.0329,138.3952,1.7595,127.5647,14.6756,11239.8823,72.5000,180.5550,151.7125,58.09,129.7286,157.9904,321.5856,428.8828,778.3716,93.4046,0.0,3.306,6.0,1.195055,16,80,84,2,0.13407078,0.01134929,0.02064894,0E-8,0.000000,0.892683,0.000000,-0.01073951,2026-03-25,2026-08-03,52,452,218,132,0.393939,1.190113,1.164624,0.446903,,,,,,,,GLOBAL_BASELINE_NO_ENTITY_RANKING,,,NOT_APPLICABLE_GLOBAL_BASELINE,HF9g-P5,,,,X 全窗基线 · 不参与实体赏罚,14190913,1420,A168_HF9F_20260827_0900,2026-08-27 09:00:00
2026-06-22,70521282,1710,0,297.7858924576,-297.7858924576,-297.7858924576,0E-7,7,7,0.49899058571428571,0.498990585714,-2.6404153734596805,-2.640415373458172,-2.6404153734596805,2.8571E-13,ELIGIBLE,R03b_20260811_FULL_v1,L1_ELIGIBILITY,v2026-08-11,2026-03-21..2026-08-06,baccarat_bet02_101_all_pairs_incl_sentinel,round_win = game_pnl > 0 (decisive only),COMPATIBILITY_ONLY_NOT_PRODUCTION,584473.8809,521750.0287,6633.3633,3770,3770,-0.01134929,-0.02064894,-0.00990944,-0.01134929,-6633.3633,584473.8809,OK,0.0000,265.3345,4.0000,96.0000,AG03-UNRESOLVED,ALL5_LEVELS_bet23_to_bet27,265.3345,265.3345,265.3345,331.6682,331.6682,4.000000,4.000000,4.000000,5.000000,5.000000,96.000000,96.000000,96.000000,95.000000,95.000000,5.0,1459.3399,1336.7936,5174.0234,5296.5697,PENDING_AG03,FALSE,NOT_FOR_ENFORCEMENT,6368.0288,500880.0275,6633.3633,6368.0288,265.3345,0.01134929,0.01089532,265.3345,6368.0288,0.01089532,265.3345,265.3345,265.3345,331.6682,331.6682,6368.0288,0.01089532,1459.3399,1336.7936,5174.0234,5296.5697,0.00885245,0.00906212,0.00045397,155.0329,138.3952,1.7595,127.5647,14.6756,11239.8823,72.5000,180.5550,151.7125,58.09,129.7286,157.9904,321.5856,428.8828,778.3716,93.4046,0.0,3.306,6.0,1.195055,16,80,84,2,0.13407078,0.01134929,0.02064894,0E-8,0.000000,0.892683,0.000000,-0.01073951,2026-03-25,2026-08-03,52,452,218,132,0.393939,1.190113,1.164624,0.446903,,,,,,,,GLOBAL_BASELINE_NO_ENTITY_RANKING,,,NOT_APPLICABLE_GLOBAL_BASELINE,HF9g-P5,,,,X 全窗基线 · 不参与实体赏罚,14190914,1420,A168_HF9F_20260827_0900,2026-08-27 09:00:00
2026-06-22,70521282,2121,0,925.7592511637,62.3215984777,62.3215984777,0.5000000,7,7,0.50282064285714286,0.502820642857,-0.013818491375558404,-0.0138184913748585,-0.013818491375558404,1.4286E-13,ELIGIBLE,R03b_20260811_FULL_v1,L1_ELIGIBILITY,v2026-08-11,2026-03-21..2026-08-06,baccarat_bet02_101_all_pairs_incl_sentinel,round_win = game_pnl > 0 (decisive only),COMPATIBILITY_ONLY_NOT_PRODUCTION,584473.8809,521750.0287,6633.3633,3770,3770,-0.01134929,-0.02064894,-0.00990944,-0.01134929,-6633.3633,584473.8809,OK,0.0000,265.3345,4.0000,96.0000,AG03-UNRESOLVED,ALL5_LEVELS_bet23_to_bet27,265.3345,265.3345,265.3345,331.6682,331.6682,4.000000,4.000000,4.000000,5.000000,5.000000,96.000000,96.000000,96.000000,95.000000,95.000000,5.0,1459.3399,1336.7936,5174.0234,5296.5697,PENDING_AG03,FALSE,NOT_FOR_ENFORCEMENT,6368.0288,500880.0275,6633.3633,6368.0288,265.3345,0.01134929,0.01089532,265.3345,6368.0288,0.01089532,265.3345,265.3345,265.3345,331.6682,331.6682,6368.0288,0.01089532,1459.3399,1336.7936,5174.0234,5296.5697,0.00885245,0.00906212,0.00045397,155.0329,138.3952,1.7595,127.5647,14.6756,11239.8823,72.5000,180.5550,151.7125,58.09,129.7286,157.9904,321.5856,428.8828,778.3716,93.4046,0.0,3.306,6.0,1.195055,16,80,84,2,0.13407078,0.01134929,0.02064894,0E-8,0.000000,0.892683,0.000000,-0.01073951,2026-03-25,2026-08-03,52,452,218,132,0.393939,1.190113,1.164624,0.446903,,,,,,,,GLOBAL_BASELINE_NO_ENTITY_RANKING,,,NOT_APPLICABLE_GLOBAL_BASELINE,HF9g-P5,,,,X 全窗基线 · 不参与实体赏罚,14190915,1420,A168_HF9F_20260827_0900,2026-08-27 09:00:00
2026-06-22,70521282,2127,0,2430.1180343045,523.1825545813,523.1825545813,0.6315789,22,22,0.49812011818181818,0.498120118182,1.1634753224647578,1.163475322463171,1.1634753224647578,-1.8182E-13,ELIGIBLE,R03b_20260811_FULL_v1,L1_ELIGIBILITY,v2026-08-11,2026-03-21..2026-08-06,baccarat_bet02_101_all_pairs_incl_sentinel,round_win = game_pnl > 0 (decisive only),COMPATIBILITY_ONLY_NOT_PRODUCTION,584473.8809,521750.0287,6633.3633,3770,3770,-0.01134929,-0.02064894,-0.00990944,-0.01134929,-6633.3633,584473.8809,OK,0.0000,265.3345,4.0000,96.0000,AG03-UNRESOLVED,ALL5_LEVELS_bet23_to_bet27,265.3345,265.3345,265.3345,331.6682,331.6682,4.000000,4.000000,4.000000,5.000000,5.000000,96.000000,96.000000,96.000000,95.000000,95.000000,5.0,1459.3399,1336.7936,5174.0234,5296.5697,PENDING_AG03,FALSE,NOT_FOR_ENFORCEMENT,6368.0288,500880.0275,6633.3633,6368.0288,265.3345,0.01134929,0.01089532,265.3345,6368.0288,0.01089532,265.3345,265.3345,265.3345,331.6682,331.6682,6368.0288,0.01089532,1459.3399,1336.7936,5174.0234,5296.5697,0.00885245,0.00906212,0.00045397,155.0329,138.3952,1.7595,127.5647,14.6756,11239.8823,72.5000,180.5550,151.7125,58.09,129.7286,157.9904,321.5856,428.8828,778.3716,93.4046,0.0,3.306,6.0,1.195055,16,80,84,2,0.13407078,0.01134929,0.02064894,0E-8,0.000000,0.892683,0.000000,-0.01073951,2026-03-25,2026-08-03,52,452,218,132,0.393939,1.190113,1.164624,0.446903,,,,,,,,GLOBAL_BASELINE_NO_ENTITY_RANKING,,,NOT_APPLICABLE_GLOBAL_BASELINE,HF9g-P5,,,,X 全窗基线 · 不参与实体赏罚,14190916,1420,A168_HF9F_20260827_0900,2026-08-27 09:00:00
2026-06-22,70521282,2129,0,61.2029727158,30.7300640317,30.7300640317,0.7500000,4,4,0.49994810000000000,0.499948100000,1.0002076053883384,1.0002076053883384,1.0002076053883384,0E-17,ELIGIBLE,R03b_20260811_FULL_v1,L1_ELIGIBILITY,v2026-08-11,2026-03-21..2026-08-06,baccarat_bet02_101_all_pairs_incl_sentinel,round_win = game_pnl > 0 (decisive only),COMPATIBILITY_ONLY_NOT_PRODUCTION,584473.8809,521750.0287,6633.3633,3770,3770,-0.01134929,-0.02064894,-0.00990944,-0.01134929,-6633.3633,584473.8809,OK,0.0000,265.3345,4.0000,96.0000,AG03-UNRESOLVED,ALL5_LEVELS_bet23_to_bet27,265.3345,265.3345,265.3345,331.6682,331.6682,4.000000,4.000000,4.000000,5.000000,5.000000,96.000000,96.000000,96.000000,95.000000,95.000000,5.0,1459.3399,1336.7936,5174.0234,5296.5697,PENDING_AG03,FALSE,NOT_FOR_ENFORCEMENT,6368.0288,500880.0275,6633.3633,6368.0288,265.3345,0.01134929,0.01089532,265.3345,6368.0288,0.01089532,265.3345,265.3345,265.3345,331.6682,331.6682,6368.0288,0.01089532,1459.3399,1336.7936,5174.0234,5296.5697,0.00885245,0.00906212,0.00045397,155.0329,138.3952,1.7595,127.5647,14.6756,11239.8823,72.5000,180.5550,151.7125,58.09,129.7286,157.9904,321.5856,428.8828,778.3716,93.4046,0.0,3.306,6.0,1.195055,16,80,84,2,0.13407078,0.01134929,0.02064894,0E-8,0.000000,0.892683,0.000000,-0.01073951,2026-03-25,2026-08-03,52,452,218,132,0.393939,1.190113,1.164624,0.446903,,,,,,,,GLOBAL_BASELINE_NO_ENTITY_RANKING,,,NOT_APPLICABLE_GLOBAL_BASELINE,HF9g-P5,,,,X 全窗基线 · 不参与实体赏罚,14190917,1420,A168_HF9F_20260827_0900,2026-08-27 09:00:00
2026-06-22,70521282,2134,0,1134.8265487180,166.5723763726,166.5723763726,0.5625000,17,17,0.50270799411764706,0.502707994118,0.47834306271171534,0.4783430627088936,0.47834306271171534,-3.5294E-13,ELIGIBLE,R03b_20260811_FULL_v1,L1_ELIGIBILITY,v2026-08-11,2026-03-21..2026-08-06,baccarat_bet02_101_all_pairs_incl_sentinel,round_win = game_pnl > 0 (decisive only),COMPATIBILITY_ONLY_NOT_PRODUCTION,584473.8809,521750.0287,6633.3633,3770,3770,-0.01134929,-0.02064894,-0.00990944,-0.01134929,-6633.3633,584473.8809,OK,0.0000,265.3345,4.0000,96.0000,AG03-UNRESOLVED,ALL5_LEVELS_bet23_to_bet27,265.3345,265.3345,265.3345,331.6682,331.6682,4.000000,4.000000,4.000000,5.000000,5.000000,96.000000,96.000000,96.000000,95.000000,95.000000,5.0,1459.3399,1336.7936,5174.0234,5296.5697,PENDING_AG03,FALSE,NOT_FOR_ENFORCEMENT,6368.0288,500880.0275,6633.3633,6368.0288,265.3345,0.01134929,0.01089532,265.3345,6368.0288,0.01089532,265.3345,265.3345,265.3345,331.6682,331.6682,6368.0288,0.01089532,1459.3399,1336.7936,5174.0234,5296.5697,0.00885245,0.00906212,0.00045397,155.0329,138.3952,1.7595,127.5647,14.6756,11239.8823,72.5000,180.5550,151.7125,58.09,129.7286,157.9904,321.5856,428.8828,778.3716,93.4046,0.0,3.306,6.0,1.195055,16,80,84,2,0.13407078,0.01134929,0.02064894,0E-8,0.000000,0.892683,0.000000,-0.01073951,2026-03-25,2026-08-03,52,452,218,132,0.393939,1.190113,1.164624,0.446903,,,,,,,,GLOBAL_BASELINE_NO_ENTITY_RANKING,,,NOT_APPLICABLE_GLOBAL_BASELINE,HF9g-P5,,,,X 全窗基线 · 不参与实体赏罚,14190918,1420,A168_HF9F_20260827_0900,2026-08-27 09:00:00
2026-06-22,70521282,2153,0,500.1671509758,235.0528454239,235.0528454239,0.8000000,6,6,0.50665070000000000,0.506650700000,1.3120140225494112,1.3120140225494112,1.3120140225494112,0E-17,ELIGIBLE,R03b_20260811_FULL_v1,L1_ELIGIBILITY,v2026-08-11,2026-03-21..2026-08-06,baccarat_bet02_101_all_pairs_incl_sentinel,round_win = game_pnl > 0 (decisive only),COMPATIBILITY_ONLY_NOT_PRODUCTION,584473.8809,521750.0287,6633.3633,3770,3770,-0.01134929,-0.02064894,-0.00990944,-0.01134929,-6633.3633,584473.8809,OK,0.0000,265.3345,4.0000,96.0000,AG03-UNRESOLVED,ALL5_LEVELS_bet23_to_bet27,265.3345,265.3345,265.3345,331.6682,331.6682,4.000000,4.000000,4.000000,5.000000,5.000000,96.000000,96.000000,96.000000,95.000000,95.000000,5.0,1459.3399,1336.7936,5174.0234,5296.5697,PENDING_AG03,FALSE,NOT_FOR_ENFORCEMENT,6368.0288,500880.0275,6633.3633,6368.0288,265.3345,0.01134929,0.01089532,265.3345,6368.0288,0.01089532,265.3345,265.3345,265.3345,331.6682,331.6682,6368.0288,0.01089532,1459.3399,1336.7936,5174.0234,5296.5697,0.00885245,0.00906212,0.00045397,155.0329,138.3952,1.7595,127.5647,14.6756,11239.8823,72.5000,180.5550,151.7125,58.09,129.7286,157.9904,321.5856,428.8828,778.3716,93.4046,0.0,3.306,6.0,1.195055,16,80,84,2,0.13407078,0.01134929,0.02064894,0E-8,0.000000,0.892683,0.000000,-0.01073951,2026-03-25,2026-08-03,52,452,218,132,0.393939,1.190113,1.164624,0.446903,,,,,,,,GLOBAL_BASELINE_NO_ENTITY_RANKING,,,NOT_APPLICABLE_GLOBAL_BASELINE,HF9g-P5,,,,X 全窗基线 · 不参与实体赏罚,14190919,1420,A168_HF9F_20260827_0900,2026-08-27 09:00:00
2026-06-22,70521282,2160,0,103.8907604084,0E-10,0E-10,0.5000000,4,4,0.49324550000000000,0.493245500000,0.027020465636507562,0.027020465636507562,0.027020465636507562,0E-17,ELIGIBLE,R03b_20260811_FULL_v1,L1_ELIGIBILITY,v2026-08-11,2026-03-21..2026-08-06,baccarat_bet02_101_all_pairs_incl_sentinel,round_win = game_pnl > 0 (decisive only),COMPATIBILITY_ONLY_NOT_PRODUCTION,584473.8809,521750.0287,6633.3633,3770,3770,-0.01134929,-0.02064894,-0.00990944,-0.01134929,-6633.3633,584473.8809,OK,0.0000,265.3345,4.0000,96.0000,AG03-UNRESOLVED,ALL5_LEVELS_bet23_to_bet27,265.3345,265.3345,265.3345,331.6682,331.6682,4.000000,4.000000,4.000000,5.000000,5.000000,96.000000,96.000000,96.000000,95.000000,95.000000,5.0,1459.3399,1336.7936,5174.0234,5296.5697,PENDING_AG03,FALSE,NOT_FOR_ENFORCEMENT,6368.0288,500880.0275,6633.3633,6368.0288,265.3345,0.01134929,0.01089532,265.3345,6368.0288,0.01089532,265.3345,265.3345,265.3345,331.6682,331.6682,6368.0288,0.01089532,1459.3399,1336.7936,5174.0234,5296.5697,0.00885245,0.00906212,0.00045397,155.0329,138.3952,1.7595,127.5647,14.6756,11239.8823,72.5000,180.5550,151.7125,58.09,129.7286,157.9904,321.5856,428.8828,778.3716,93.4046,0.0,3.306,6.0,1.195055,16,80,84,2,0.13407078,0.01134929,0.02064894,0E-8,0.000000,0.892683,0.000000,-0.01073951,2026-03-25,2026-08-03,52,452,218,132,0.393939,1.190113,1.164624,0.446903,,,,,,,,GLOBAL_BASELINE_NO_ENTITY_RANKING,,,NOT_APPLICABLE_GLOBAL_BASELINE,HF9g-P5,,,,X 全窗基线 · 不参与实体赏罚,14190920,1420,A168_HF9F_20260827_0900,2026-08-27 09:00:00
2026-06-22,70521282,2271,0,51.4310695091,51.4310695091,51.4310695091,1.0000000,1,1,0.49324550000000000,0.493245500000,1.01360149184955,1.01360149184955,1.01360149184955,0E-17,ELIGIBLE,R03b_20260811_FULL_v1,L1_ELIGIBILITY,v2026-08-11,2026-03-21..2026-08-06,baccarat_bet02_101_all_pairs_incl_sentinel,round_win = game_pnl > 0 (decisive only),COMPATIBILITY_ONLY_NOT_PRODUCTION,584473.8809,521750.0287,6633.3633,3770,3770,-0.01134929,-0.02064894,-0.00990944,-0.01134929,-6633.3633,584473.8809,OK,0.0000,265.3345,4.0000,96.0000,AG03-UNRESOLVED,ALL5_LEVELS_bet23_to_bet27,265.3345,265.3345,265.3345,331.6682,331.6682,4.000000,4.000000,4.000000,5.000000,5.000000,96.000000,96.000000,96.000000,95.000000,95.000000,5.0,1459.3399,1336.7936,5174.0234,5296.5697,PENDING_AG03,FALSE,NOT_FOR_ENFORCEMENT,6368.0288,500880.0275,6633.3633,6368.0288,265.3345,0.01134929,0.01089532,265.3345,6368.0288,0.01089532,265.3345,265.3345,265.3345,331.6682,331.6682,6368.0288,0.01089532,1459.3399,1336.7936,5174.0234,5296.5697,0.00885245,0.00906212,0.00045397,155.0329,138.3952,1.7595,127.5647,14.6756,11239.8823,72.5000,180.5550,151.7125,58.09,129.7286,157.9904,321.5856,428.8828,778.3716,93.4046,0.0,3.306,6.0,1.195055,16,80,84,2,0.13407078,0.01134929,0.02064894,0E-8,0.000000,0.892683,0.000000,-0.01073951,2026-03-25,2026-08-03,52,452,218,132,0.393939,1.190113,1.164624,0.446903,,,,,,,,GLOBAL_BASELINE_NO_ENTITY_RANKING,,,NOT_APPLICABLE_GLOBAL_BASELINE,HF9g-P5,,,,X 全窗基线 · 不参与实体赏罚,14190921,1420,A168_HF9F_20260827_0900,2026-08-27 09:00:00
2026-06-22,70521282,462,0,231.6969681384,-0.2571553476,-0.2571553476,0.5000000,6,6,0.49547970000000000,0.495479700000,0.01808193895567044,0.01808193895567044,0.01808193895567044,0E-17,ELIGIBLE,R03b_20260811_FULL_v1,L1_ELIGIBILITY,v2026-08-11,2026-03-21..2026-08-06,baccarat_bet02_101_all_pairs_incl_sentinel,round_win = game_pnl > 0 (decisive only),COMPATIBILITY_ONLY_NOT_PRODUCTION,584473.8809,521750.0287,6633.3633,3770,3770,-0.01134929,-0.02064894,-0.00990944,-0.01134929,-6633.3633,584473.8809,OK,0.0000,265.3345,4.0000,96.0000,AG03-UNRESOLVED,ALL5_LEVELS_bet23_to_bet27,265.3345,265.3345,265.3345,331.6682,331.6682,4.000000,4.000000,4.000000,5.000000,5.000000,96.000000,96.000000,96.000000,95.000000,95.000000,5.0,1459.3399,1336.7936,5174.0234,5296.5697,PENDING_AG03,FALSE,NOT_FOR_ENFORCEMENT,6368.0288,500880.0275,6633.3633,6368.0288,265.3345,0.01134929,0.01089532,265.3345,6368.0288,0.01089532,265.3345,265.3345,265.3345,331.6682,331.6682,6368.0288,0.01089532,1459.3399,1336.7936,5174.0234,5296.5697,0.00885245,0.00906212,0.00045397,155.0329,138.3952,1.7595,127.5647,14.6756,11239.8823,72.5000,180.5550,151.7125,58.09,129.7286,157.9904,321.5856,428.8828,778.3716,93.4046,0.0,3.306,6.0,1.195055,16,80,84,2,0.13407078,0.01134929,0.02064894,0E-8,0.000000,0.892683,0.000000,-0.01073951,2026-03-25,2026-08-03,52,452,218,132,0.393939,1.190113,1.164624,0.446903,,,,,,,,GLOBAL_BASELINE_NO_ENTITY_RANKING,,,NOT_APPLICABLE_GLOBAL_BASELINE,HF9g-P5,,,,X 全窗基线 · 不参与实体赏罚,14190922,1420,A168_HF9F_20260827_0900,2026-08-27 09:00:00
2026-06-22,70521282,526,0,96.4332553295,39.9619410085,39.9619410085,0.6666667,3,3,0.50665070000000000,0.506650700000,0.5543606114942035,0.5543606114942035,0.5543606114942035,0E-17,ELIGIBLE,R03b_20260811_FULL_v1,L1_ELIGIBILITY,v2026-08-11,2026-03-21..2026-08-06,baccarat_bet02_101_all_pairs_incl_sentinel,round_win = game_pnl > 0 (decisive only),COMPATIBILITY_ONLY_NOT_PRODUCTION,584473.8809,521750.0287,6633.3633,3770,3770,-0.01134929,-0.02064894,-0.00990944,-0.01134929,-6633.3633,584473.8809,OK,0.0000,265.3345,4.0000,96.0000,AG03-UNRESOLVED,ALL5_LEVELS_bet23_to_bet27,265.3345,265.3345,265.3345,331.6682,331.6682,4.000000,4.000000,4.000000,5.000000,5.000000,96.000000,96.000000,96.000000,95.000000,95.000000,5.0,1459.3399,1336.7936,5174.0234,5296.5697,PENDING_AG03,FALSE,NOT_FOR_ENFORCEMENT,6368.0288,500880.0275,6633.3633,6368.0288,265.3345,0.01134929,0.01089532,265.3345,6368.0288,0.01089532,265.3345,265.3345,265.3345,331.6682,331.6682,6368.0288,0.01089532,1459.3399,1336.7936,5174.0234,5296.5697,0.00885245,0.00906212,0.00045397,155.0329,138.3952,1.7595,127.5647,14.6756,11239.8823,72.5000,180.5550,151.7125,58.09,129.7286,157.9904,321.5856,428.8828,778.3716,93.4046,0.0,3.306,6.0,1.195055,16,80,84,2,0.13407078,0.01134929,0.02064894,0E-8,0.000000,0.892683,0.000000,-0.01073951,2026-03-25,2026-08-03,52,452,218,132,0.393939,1.190113,1.164624,0.446903,,,,,,,,GLOBAL_BASELINE_NO_ENTITY_RANKING,,,NOT_APPLICABLE_GLOBAL_BASELINE,HF9g-P5,,,,X 全窗基线 · 不参与实体赏罚,14190923,1420,A168_HF9F_20260827_0900,2026-08-27 09:00:00
2026-06-22,70521282,529,0,2803.7647542880,-410.0342016612,-410.0342016612,0.4782609,26,26,0.50046368461538462,0.500463684615,-0.21296201222289085,-0.21296201221920155,-0.21296201222289085,3.8462E-13,ELIGIBLE,R03b_20260811_FULL_v1,L1_ELIGIBILITY,v2026-08-11,2026-03-21..2026-08-06,baccarat_bet02_101_all_pairs_incl_sentinel,round_win = game_pnl > 0 (decisive only),COMPATIBILITY_ONLY_NOT_PRODUCTION,584473.8809,521750.0287,6633.3633,3770,3770,-0.01134929,-0.02064894,-0.00990944,-0.01134929,-6633.3633,584473.8809,OK,0.0000,265.3345,4.0000,96.0000,AG03-UNRESOLVED,ALL5_LEVELS_bet23_to_bet27,265.3345,265.3345,265.3345,331.6682,331.6682,4.000000,4.000000,4.000000,5.000000,5.000000,96.000000,96.000000,96.000000,95.000000,95.000000,5.0,1459.3399,1336.7936,5174.0234,5296.5697,PENDING_AG03,FALSE,NOT_FOR_ENFORCEMENT,6368.0288,500880.0275,6633.3633,6368.0288,265.3345,0.01134929,0.01089532,265.3345,6368.0288,0.01089532,265.3345,265.3345,265.3345,331.6682,331.6682,6368.0288,0.01089532,1459.3399,1336.7936,5174.0234,5296.5697,0.00885245,0.00906212,0.00045397,155.0329,138.3952,1.7595,127.5647,14.6756,11239.8823,72.5000,180.5550,151.7125,58.09,129.7286,157.9904,321.5856,428.8828,778.3716,93.4046,0.0,3.306,6.0,1.195055,16,80,84,2,0.13407078,0.01134929,0.02064894,0E-8,0.000000,0.892683,0.000000,-0.01073951,2026-03-25,2026-08-03,52,452,218,132,0.393939,1.190113,1.164624,0.446903,,,,,,,,GLOBAL_BASELINE_NO_ENTITY_RANKING,,,NOT_APPLICABLE_GLOBAL_BASELINE,HF9g-P5,,,,X 全窗基线 · 不参与实体赏罚,14190924,1420,A168_HF9F_20260827_0900,2026-08-27 09:00:00
2026-06-22,70521282,919,0,825.4686656207,220.6392881939,220.6392881939,0.6666667,16,16,0.49743462500000000,0.497434625000,1.3108830123854789,1.3108830123854789,1.3108830123854789,0E-17,ELIGIBLE,R03b_20260811_FULL_v1,L1_ELIGIBILITY,v2026-08-11,2026-03-21..2026-08-06,baccarat_bet02_101_all_pairs_incl_sentinel,round_win = game_pnl > 0 (decisive only),COMPATIBILITY_ONLY_NOT_PRODUCTION,584473.8809,521750.0287,6633.3633,3770,3770,-0.01134929,-0.02064894,-0.00990944,-0.01134929,-6633.3633,584473.8809,OK,0.0000,265.3345,4.0000,96.0000,AG03-UNRESOLVED,ALL5_LEVELS_bet23_to_bet27,265.3345,265.3345,265.3345,331.6682,331.6682,4.000000,4.000000,4.000000,5.000000,5.000000,96.000000,96.000000,96.000000,95.000000,95.000000,5.0,1459.3399,1336.7936,5174.0234,5296.5697,PENDING_AG03,FALSE,NOT_FOR_ENFORCEMENT,6368.0288,500880.0275,6633.3633,6368.0288,265.3345,0.01134929,0.01089532,265.3345,6368.0288,0.01089532,265.3345,265.3345,265.3345,331.6682,331.6682,6368.0288,0.01089532,1459.3399,1336.7936,5174.0234,5296.5697,0.00885245,0.00906212,0.00045397,155.0329,138.3952,1.7595,127.5647,14.6756,11239.8823,72.5000,180.5550,151.7125,58.09,129.7286,157.9904,321.5856,428.8828,778.3716,93.4046,0.0,3.306,6.0,1.195055,16,80,84,2,0.13407078,0.01134929,0.02064894,0E-8,0.000000,0.892683,0.000000,-0.01073951,2026-03-25,2026-08-03,52,452,218,132,0.393939,1.190113,1.164624,0.446903,,,,,,,,GLOBAL_BASELINE_NO_ENTITY_RANKING,,,NOT_APPLICABLE_GLOBAL_BASELINE,HF9g-P5,,,,X 全窗基线 · 不参与实体赏罚,14190925,1420,A168_HF9F_20260827_0900,2026-08-27 09:00:00
2026-06-23,70521282,1205,0,1935.6083009743,-102.7078458094,-102.7078458094,0.4800000,27,27,0.50019634444444444,0.500196344444,-0.20196346001628862,-0.20196346001184412,-0.20196346001628862,4.4444E-13,ELIGIBLE,R03b_20260811_FULL_v1,L1_ELIGIBILITY,v2026-08-11,2026-03-21..2026-08-06,baccarat_bet02_101_all_pairs_incl_sentinel,round_win = game_pnl > 0 (decisive only),COMPATIBILITY_ONLY_NOT_PRODUCTION,584473.8809,521750.0287,6633.3633,3770,3770,-0.01134929,-0.02064894,-0.00990944,-0.01134929,-6633.3633,584473.8809,OK,0.0000,265.3345,4.0000,96.0000,AG03-UNRESOLVED,ALL5_LEVELS_bet23_to_bet27,265.3345,265.3345,265.3345,331.6682,331.6682,4.000000,4.000000,4.000000,5.000000,5.000000,96.000000,96.000000,96.000000,95.000000,95.000000,5.0,1459.3399,1336.7936,5174.0234,5296.5697,PENDING_AG03,FALSE,NOT_FOR_ENFORCEMENT,6368.0288,500880.0275,6633.3633,6368.0288,265.3345,0.01134929,0.01089532,265.3345,6368.0288,0.01089532,265.3345,265.3345,265.3345,331.6682,331.6682,6368.0288,0.01089532,1459.3399,1336.7936,5174.0234,5296.5697,0.00885245,0.00906212,0.00045397,155.0329,138.3952,1.7595,127.5647,14.6756,11239.8823,72.5000,180.5550,151.7125,58.09,129.7286,157.9904,321.5856,428.8828,778.3716,93.4046,0.0,3.306,6.0,1.195055,16,80,84,2,0.13407078,0.01134929,0.02064894,0E-8,0.000000,0.892683,0.000000,-0.01073951,2026-03-25,2026-08-03,52,452,218,132,0.393939,1.190113,1.164624,0.446903,,,,,,,,GLOBAL_BASELINE_NO_ENTITY_RANKING,,,NOT_APPLICABLE_GLOBAL_BASELINE,HF9g-P5,,,,X 全窗基线 · 不参与实体赏罚,14190926,1420,A168_HF9F_20260827_0900,2026-08-27 09:00:00
2026-06-23,70521282,1221,0,1335.1505644560,-13.1406382596,-13.1406382596,0.5000000,10,10,0.49726706000000000,0.497267060000,0.013388816997882694,0.013388816997882694,0.013388816997882694,0E-17,ELIGIBLE,R03b_20260811_FULL_v1,L1_ELIGIBILITY,v2026-08-11,2026-03-21..2026-08-06,baccarat_bet02_101_all_pairs_incl_sentinel,round_win = game_pnl > 0 (decisive only),COMPATIBILITY_ONLY_NOT_PRODUCTION,584473.8809,521750.0287,6633.3633,3770,3770,-0.01134929,-0.02064894,-0.00990944,-0.01134929,-6633.3633,584473.8809,OK,0.0000,265.3345,4.0000,96.0000,AG03-UNRESOLVED,ALL5_LEVELS_bet23_to_bet27,265.3345,265.3345,265.3345,331.6682,331.6682,4.000000,4.000000,4.000000,5.000000,5.000000,96.000000,96.000000,96.000000,95.000000,95.000000,5.0,1459.3399,1336.7936,5174.0234,5296.5697,PENDING_AG03,FALSE,NOT_FOR_ENFORCEMENT,6368.0288,500880.0275,6633.3633,6368.0288,265.3345,0.01134929,0.01089532,265.3345,6368.0288,0.01089532,265.3345,265.3345,265.3345,331.6682,331.6682,6368.0288,0.01089532,1459.3399,1336.7936,5174.0234,5296.5697,0.00885245,0.00906212,0.00045397,155.0329,138.3952,1.7595,127.5647,14.6756,11239.8823,72.5000,180.5550,151.7125,58.09,129.7286,157.9904,321.5856,428.8828,778.3716,93.4046,0.0,3.306,6.0,1.195055,16,80,84,2,0.13407078,0.01134929,0.02064894,0E-8,0.000000,0.892683,0.000000,-0.01073951,2026-03-25,2026-08-03,52,452,218,132,0.393939,1.190113,1.164624,0.446903,,,,,,,,GLOBAL_BASELINE_NO_ENTITY_RANKING,,,NOT_APPLICABLE_GLOBAL_BASELINE,HF9g-P5,,,,X 全窗基线 · 不参与实体赏罚,14190927,1420,A168_HF9F_20260827_0900,2026-08-27 09:00:00
2026-06-23,70521282,1353,0,77.6609149587,77.6609149587,77.6609149587,1.0000000,1,1,0.49324550000000000,0.493245500000,1.01360149184955,1.01360149184955,1.01360149184955,0E-17,ELIGIBLE,R03b_20260811_FULL_v1,L1_ELIGIBILITY,v2026-08-11,2026-03-21..2026-08-06,baccarat_bet02_101_all_pairs_incl_sentinel,round_win = game_pnl > 0 (decisive only),COMPATIBILITY_ONLY_NOT_PRODUCTION,584473.8809,521750.0287,6633.3633,3770,3770,-0.01134929,-0.02064894,-0.00990944,-0.01134929,-6633.3633,584473.8809,OK,0.0000,265.3345,4.0000,96.0000,AG03-UNRESOLVED,ALL5_LEVELS_bet23_to_bet27,265.3345,265.3345,265.3345,331.6682,331.6682,4.000000,4.000000,4.000000,5.000000,5.000000,96.000000,96.000000,96.000000,95.000000,95.000000,5.0,1459.3399,1336.7936,5174.0234,5296.5697,PENDING_AG03,FALSE,NOT_FOR_ENFORCEMENT,6368.0288,500880.0275,6633.3633,6368.0288,265.3345,0.01134929,0.01089532,265.3345,6368.0288,0.01089532,265.3345,265.3345,265.3345,331.6682,331.6682,6368.0288,0.01089532,1459.3399,1336.7936,5174.0234,5296.5697,0.00885245,0.00906212,0.00045397,155.0329,138.3952,1.7595,127.5647,14.6756,11239.8823,72.5000,180.5550,151.7125,58.09,129.7286,157.9904,321.5856,428.8828,778.3716,93.4046,0.0,3.306,6.0,1.195055,16,80,84,2,0.13407078,0.01134929,0.02064894,0E-8,0.000000,0.892683,0.000000,-0.01073951,2026-03-25,2026-08-03,52,452,218,132,0.393939,1.190113,1.164624,0.446903,,,,,,,,GLOBAL_BASELINE_NO_ENTITY_RANKING,,,NOT_APPLICABLE_GLOBAL_BASELINE,HF9g-P5,,,,X 全窗基线 · 不参与实体赏罚,14190928,1420,A168_HF9F_20260827_0900,2026-08-27 09:00:00
2026-06-23,70521282,1363,0,1405.3539743362,106.1794430015,106.1794430015,0.5769231,29,29,0.50156596896551724,0.501565968966,0.7684984970506785,0.7684984970457578,0.7684984970506785,-4.8276E-13,ELIGIBLE,R03b_20260811_FULL_v1,L1_ELIGIBILITY,v2026-08-11,2026-03-21..2026-08-06,baccarat_bet02_101_all_pairs_incl_sentinel,round_win = game_pnl > 0 (decisive only),COMPATIBILITY_ONLY_NOT_PRODUCTION,584473.8809,521750.0287,6633.3633,3770,3770,-0.01134929,-0.02064894,-0.00990944,-0.01134929,-6633.3633,584473.8809,OK,0.0000,265.3345,4.0000,96.0000,AG03-UNRESOLVED,ALL5_LEVELS_bet23_to_bet27,265.3345,265.3345,265.3345,331.6682,331.6682,4.000000,4.000000,4.000000,5.000000,5.000000,96.000000,96.000000,96.000000,95.000000,95.000000,5.0,1459.3399,1336.7936,5174.0234,5296.5697,PENDING_AG03,FALSE,NOT_FOR_ENFORCEMENT,6368.0288,500880.0275,6633.3633,6368.0288,265.3345,0.01134929,0.01089532,265.3345,6368.0288,0.01089532,265.3345,265.3345,265.3345,331.6682,331.6682,6368.0288,0.01089532,1459.3399,1336.7936,5174.0234,5296.5697,0.00885245,0.00906212,0.00045397,155.0329,138.3952,1.7595,127.5647,14.6756,11239.8823,72.5000,180.5550,151.7125,58.09,129.7286,157.9904,321.5856,428.8828,778.3716,93.4046,0.0,3.306,6.0,1.195055,16,80,84,2,0.13407078,0.01134929,0.02064894,0E-8,0.000000,0.892683,0.000000,-0.01073951,2026-03-25,2026-08-03,52,452,218,132,0.393939,1.190113,1.164624,0.446903,,,,,,,,GLOBAL_BASELINE_NO_ENTITY_RANKING,,,NOT_APPLICABLE_GLOBAL_BASELINE,HF9g-P5,,,,X 全窗基线 · 不参与实体赏罚,14190929,1420,A168_HF9F_20260827_0900,2026-08-27 09:00:00
2026-06-23,70521282,1405,0,425.5921001877,-320.1584076941,-320.1584076941,0.1666667,6,6,0.49771390000000000,0.497713900000,-1.6218105569273533,-1.6218105569273533,-1.6218105569273533,0E-17,ELIGIBLE,R03b_20260811_FULL_v1,L1_ELIGIBILITY,v2026-08-11,2026-03-21..2026-08-06,baccarat_bet02_101_all_pairs_incl_sentinel,round_win = game_pnl > 0 (decisive only),COMPATIBILITY_ONLY_NOT_PRODUCTION,584473.8809,521750.0287,6633.3633,3770,3770,-0.01134929,-0.02064894,-0.00990944,-0.01134929,-6633.3633,584473.8809,OK,0.0000,265.3345,4.0000,96.0000,AG03-UNRESOLVED,ALL5_LEVELS_bet23_to_bet27,265.3345,265.3345,265.3345,331.6682,331.6682,4.000000,4.000000,4.000000,5.000000,5.000000,96.000000,96.000000,96.000000,95.000000,95.000000,5.0,1459.3399,1336.7936,5174.0234,5296.5697,PENDING_AG03,FALSE,NOT_FOR_ENFORCEMENT,6368.0288,500880.0275,6633.3633,6368.0288,265.3345,0.01134929,0.01089532,265.3345,6368.0288,0.01089532,265.3345,265.3345,265.3345,331.6682,331.6682,6368.0288,0.01089532,1459.3399,1336.7936,5174.0234,5296.5697,0.00885245,0.00906212,0.00045397,155.0329,138.3952,1.7595,127.5647,14.6756,11239.8823,72.5000,180.5550,151.7125,58.09,129.7286,157.9904,321.5856,428.8828,778.3716,93.4046,0.0,3.306,6.0,1.195055,16,80,84,2,0.13407078,0.01134929,0.02064894,0E-8,0.000000,0.892683,0.000000,-0.01073951,2026-03-25,2026-08-03,52,452,218,132,0.393939,1.190113,1.164624,0.446903,,,,,,,,GLOBAL_BASELINE_NO_ENTITY_RANKING,,,NOT_APPLICABLE_GLOBAL_BASELINE,HF9g-P5,,,,X 全窗基线 · 不参与实体赏罚,14190930,1420,A168_HF9F_20260827_0900,2026-08-27 09:00:00
2026-06-23,70521282,1654,0,148.3786355337,-135.2637128089,-135.2637128089,0E-7,5,5,0.49592654000000000,0.495926540000,-1.9837719948528498,-1.9837719948528498,-1.9837719948528498,0E-17,ELIGIBLE,R03b_20260811_FULL_v1,L1_ELIGIBILITY,v2026-08-11,2026-03-21..2026-08-06,baccarat_bet02_101_all_pairs_incl_sentinel,round_win = game_pnl > 0 (decisive only),COMPATIBILITY_ONLY_NOT_PRODUCTION,584473.8809,521750.0287,6633.3633,3770,3770,-0.01134929,-0.02064894,-0.00990944,-0.01134929,-6633.3633,584473.8809,OK,0.0000,265.3345,4.0000,96.0000,AG03-UNRESOLVED,ALL5_LEVELS_bet23_to_bet27,265.3345,265.3345,265.3345,331.6682,331.6682,4.000000,4.000000,4.000000,5.000000,5.000000,96.000000,96.000000,96.000000,95.000000,95.000000,5.0,1459.3399,1336.7936,5174.0234,5296.5697,PENDING_AG03,FALSE,NOT_FOR_ENFORCEMENT,6368.0288,500880.0275,6633.3633,6368.0288,265.3345,0.01134929,0.01089532,265.3345,6368.0288,0.01089532,265.3345,265.3345,265.3345,331.6682,331.6682,6368.0288,0.01089532,1459.3399,1336.7936,5174.0234,5296.5697,0.00885245,0.00906212,0.00045397,155.0329,138.3952,1.7595,127.5647,14.6756,11239.8823,72.5000,180.5550,151.7125,58.09,129.7286,157.9904,321.5856,428.8828,778.3716,93.4046,0.0,3.306,6.0,1.195055,16,80,84,2,0.13407078,0.01134929,0.02064894,0E-8,0.000000,0.892683,0.000000,-0.01073951,2026-03-25,2026-08-03,52,452,218,132,0.393939,1.190113,1.164624,0.446903,,,,,,,,GLOBAL_BASELINE_NO_ENTITY_RANKING,,,NOT_APPLICABLE_GLOBAL_BASELINE,HF9g-P5,,,,X 全窗基线 · 不参与实体赏罚,14190931,1420,A168_HF9F_20260827_0900,2026-08-27 09:00:00
2026-06-23,70521282,1704,0,1303.0061460127,-311.2479749017,-311.2479749017,0.4375000,16,16,0.50162375000000000,0.501623750000,-0.5129927050833932,-0.5129927050833932,-0.5129927050833932,0E-17,ELIGIBLE,R03b_20260811_FULL_v1,L1_ELIGIBILITY,v2026-08-11,2026-03-21..2026-08-06,baccarat_bet02_101_all_pairs_incl_sentinel,round_win = game_pnl > 0 (decisive only),COMPATIBILITY_ONLY_NOT_PRODUCTION,584473.8809,521750.0287,6633.3633,3770,3770,-0.01134929,-0.02064894,-0.00990944,-0.01134929,-6633.3633,584473.8809,OK,0.0000,265.3345,4.0000,96.0000,AG03-UNRESOLVED,ALL5_LEVELS_bet23_to_bet27,265.3345,265.3345,265.3345,331.6682,331.6682,4.000000,4.000000,4.000000,5.000000,5.000000,96.000000,96.000000,96.000000,95.000000,95.000000,5.0,1459.3399,1336.7936,5174.0234,5296.5697,PENDING_AG03,FALSE,NOT_FOR_ENFORCEMENT,6368.0288,500880.0275,6633.3633,6368.0288,265.3345,0.01134929,0.01089532,265.3345,6368.0288,0.01089532,265.3345,265.3345,265.3345,331.6682,331.6682,6368.0288,0.01089532,1459.3399,1336.7936,5174.0234,5296.5697,0.00885245,0.00906212,0.00045397,155.0329,138.3952,1.7595,127.5647,14.6756,11239.8823,72.5000,180.5550,151.7125,58.09,129.7286,157.9904,321.5856,428.8828,778.3716,93.4046,0.0,3.306,6.0,1.195055,16,80,84,2,0.13407078,0.01134929,0.02064894,0E-8,0.000000,0.892683,0.000000,-0.01073951,2026-03-25,2026-08-03,52,452,218,132,0.393939,1.190113,1.164624,0.446903,,,,,,,,GLOBAL_BASELINE_NO_ENTITY_RANKING,,,NOT_APPLICABLE_GLOBAL_BASELINE,HF9g-P5,,,,X 全窗基线 · 不参与实体赏罚,14190932,1420,A168_HF9F_20260827_0900,2026-08-27 09:00:00
2026-06-23,70521282,2127,0,724.6637693832,-211.7931442385,-211.7931442385,0.4117647,19,19,0.49888979473684211,0.498889794737,-0.7184536590472917,-0.7184536590485933,-0.7184536590472917,-1.5789E-13,ELIGIBLE,R03b_20260811_FULL_v1,L1_ELIGIBILITY,v2026-08-11,2026-03-21..2026-08-06,baccarat_bet02_101_all_pairs_incl_sentinel,round_win = game_pnl > 0 (decisive only),COMPATIBILITY_ONLY_NOT_PRODUCTION,584473.8809,521750.0287,6633.3633,3770,3770,-0.01134929,-0.02064894,-0.00990944,-0.01134929,-6633.3633,584473.8809,OK,0.0000,265.3345,4.0000,96.0000,AG03-UNRESOLVED,ALL5_LEVELS_bet23_to_bet27,265.3345,265.3345,265.3345,331.6682,331.6682,4.000000,4.000000,4.000000,5.000000,5.000000,96.000000,96.000000,96.000000,95.000000,95.000000,5.0,1459.3399,1336.7936,5174.0234,5296.5697,PENDING_AG03,FALSE,NOT_FOR_ENFORCEMENT,6368.0288,500880.0275,6633.3633,6368.0288,265.3345,0.01134929,0.01089532,265.3345,6368.0288,0.01089532,265.3345,265.3345,265.3345,331.6682,331.6682,6368.0288,0.01089532,1459.3399,1336.7936,5174.0234,5296.5697,0.00885245,0.00906212,0.00045397,155.0329,138.3952,1.7595,127.5647,14.6756,11239.8823,72.5000,180.5550,151.7125,58.09,129.7286,157.9904,321.5856,428.8828,778.3716,93.4046,0.0,3.306,6.0,1.195055,16,80,84,2,0.13407078,0.01134929,0.02064894,0E-8,0.000000,0.892683,0.000000,-0.01073951,2026-03-25,2026-08-03,52,452,218,132,0.393939,1.190113,1.164624,0.446903,,,,,,,,GLOBAL_BASELINE_NO_ENTITY_RANKING,,,NOT_APPLICABLE_GLOBAL_BASELINE,HF9g-P5,,,,X 全窗基线 · 不参与实体赏罚,14190933,1420,A168_HF9F_20260827_0900,2026-08-27 09:00:00
2026-06-23,70521282,2129,0,134.2350914187,127.5233368478,127.5233368478,1.0000000,1,1,0.50665070000000000,0.506650700000,0.9867858985152569,0.9867858985152569,0.9867858985152569,0E-17,ELIGIBLE,R03b_20260811_FULL_v1,L1_ELIGIBILITY,v2026-08-11,2026-03-21..2026-08-06,baccarat_bet02_101_all_pairs_incl_sentinel,round_win = game_pnl > 0 (decisive only),COMPATIBILITY_ONLY_NOT_PRODUCTION,584473.8809,521750.0287,6633.3633,3770,3770,-0.01134929,-0.02064894,-0.00990944,-0.01134929,-6633.3633,584473.8809,OK,0.0000,265.3345,4.0000,96.0000,AG03-UNRESOLVED,ALL5_LEVELS_bet23_to_bet27,265.3345,265.3345,265.3345,331.6682,331.6682,4.000000,4.000000,4.000000,5.000000,5.000000,96.000000,96.000000,96.000000,95.000000,95.000000,5.0,1459.3399,1336.7936,5174.0234,5296.5697,PENDING_AG03,FALSE,NOT_FOR_ENFORCEMENT,6368.0288,500880.0275,6633.3633,6368.0288,265.3345,0.01134929,0.01089532,265.3345,6368.0288,0.01089532,265.3345,265.3345,265.3345,331.6682,331.6682,6368.0288,0.01089532,1459.3399,1336.7936,5174.0234,5296.5697,0.00885245,0.00906212,0.00045397,155.0329,138.3952,1.7595,127.5647,14.6756,11239.8823,72.5000,180.5550,151.7125,58.09,129.7286,157.9904,321.5856,428.8828,778.3716,93.4046,0.0,3.306,6.0,1.195055,16,80,84,2,0.13407078,0.01134929,0.02064894,0E-8,0.000000,0.892683,0.000000,-0.01073951,2026-03-25,2026-08-03,52,452,218,132,0.393939,1.190113,1.164624,0.446903,,,,,,,,GLOBAL_BASELINE_NO_ENTITY_RANKING,,,NOT_APPLICABLE_GLOBAL_BASELINE,HF9g-P5,,,,X 全窗基线 · 不参与实体赏罚,14190934,1420,A168_HF9F_20260827_0900,2026-08-27 09:00:00
2026-06-23,70521282,529,0,560.5986576491,116.1056394166,116.1056394166,0.5555556,10,10,0.49860758000000000,0.498607580000,0.34168917829272333,0.34168917829272333,0.34168917829272333,0E-17,ELIGIBLE,R03b_20260811_FULL_v1,L1_ELIGIBILITY,v2026-08-11,2026-03-21..2026-08-06,baccarat_bet02_101_all_pairs_incl_sentinel,round_win = game_pnl > 0 (decisive only),COMPATIBILITY_ONLY_NOT_PRODUCTION,584473.8809,521750.0287,6633.3633,3770,3770,-0.01134929,-0.02064894,-0.00990944,-0.01134929,-6633.3633,584473.8809,OK,0.0000,265.3345,4.0000,96.0000,AG03-UNRESOLVED,ALL5_LEVELS_bet23_to_bet27,265.3345,265.3345,265.3345,331.6682,331.6682,4.000000,4.000000,4.000000,5.000000,5.000000,96.000000,96.000000,96.000000,95.000000,95.000000,5.0,1459.3399,1336.7936,5174.0234,5296.5697,PENDING_AG03,FALSE,NOT_FOR_ENFORCEMENT,6368.0288,500880.0275,6633.3633,6368.0288,265.3345,0.01134929,0.01089532,265.3345,6368.0288,0.01089532,265.3345,265.3345,265.3345,331.6682,331.6682,6368.0288,0.01089532,1459.3399,1336.7936,5174.0234,5296.5697,0.00885245,0.00906212,0.00045397,155.0329,138.3952,1.7595,127.5647,14.6756,11239.8823,72.5000,180.5550,151.7125,58.09,129.7286,157.9904,321.5856,428.8828,778.3716,93.4046,0.0,3.306,6.0,1.195055,16,80,84,2,0.13407078,0.01134929,0.02064894,0E-8,0.000000,0.892683,0.000000,-0.01073951,2026-03-25,2026-08-03,52,452,218,132,0.393939,1.190113,1.164624,0.446903,,,,,,,,GLOBAL_BASELINE_NO_ENTITY_RANKING,,,NOT_APPLICABLE_GLOBAL_BASELINE,HF9g-P5,,,,X 全窗基线 · 不参与实体赏罚,14190935,1420,A168_HF9F_20260827_0900,2026-08-27 09:00:00
2026-06-23,70521282,789,0,13.8863887674,-6.9431943837,-6.9431943837,0E-7,2,2,0.49324550000000000,0.493245500000,-0.9865810262130424,-0.9865810262130424,-0.9865810262130424,0E-17,ELIGIBLE,R03b_20260811_FULL_v1,L1_ELIGIBILITY,v2026-08-11,2026-03-21..2026-08-06,baccarat_bet02_101_all_pairs_incl_sentinel,round_win = game_pnl > 0 (decisive only),COMPATIBILITY_ONLY_NOT_PRODUCTION,584473.8809,521750.0287,6633.3633,3770,3770,-0.01134929,-0.02064894,-0.00990944,-0.01134929,-6633.3633,584473.8809,OK,0.0000,265.3345,4.0000,96.0000,AG03-UNRESOLVED,ALL5_LEVELS_bet23_to_bet27,265.3345,265.3345,265.3345,331.6682,331.6682,4.000000,4.000000,4.000000,5.000000,5.000000,96.000000,96.000000,96.000000,95.000000,95.000000,5.0,1459.3399,1336.7936,5174.0234,5296.5697,PENDING_AG03,FALSE,NOT_FOR_ENFORCEMENT,6368.0288,500880.0275,6633.3633,6368.0288,265.3345,0.01134929,0.01089532,265.3345,6368.0288,0.01089532,265.3345,265.3345,265.3345,331.6682,331.6682,6368.0288,0.01089532,1459.3399,1336.7936,5174.0234,5296.5697,0.00885245,0.00906212,0.00045397,155.0329,138.3952,1.7595,127.5647,14.6756,11239.8823,72.5000,180.5550,151.7125,58.09,129.7286,157.9904,321.5856,428.8828,778.3716,93.4046,0.0,3.306,6.0,1.195055,16,80,84,2,0.13407078,0.01134929,0.02064894,0E-8,0.000000,0.892683,0.000000,-0.01073951,2026-03-25,2026-08-03,52,452,218,132,0.393939,1.190113,1.164624,0.446903,,,,,,,,GLOBAL_BASELINE_NO_ENTITY_RANKING,,,NOT_APPLICABLE_GLOBAL_BASELINE,HF9g-P5,,,,X 全窗基线 · 不参与实体赏罚,14190936,1420,A168_HF9F_20260827_0900,2026-08-27 09:00:00
2026-06-24,70521282,1017,0,604.3150667318,448.2603440738,448.2603440738,0.8000000,6,6,0.49771390000000000,0.497713900000,1.3518786671008958,1.3518786671008955,1.3518786671008958,0E-17,ELIGIBLE,R03b_20260811_FULL_v1,L1_ELIGIBILITY,v2026-08-11,2026-03-21..2026-08-06,baccarat_bet02_101_all_pairs_incl_sentinel,round_win = game_pnl > 0 (decisive only),COMPATIBILITY_ONLY_NOT_PRODUCTION,584473.8809,521750.0287,6633.3633,3770,3770,-0.01134929,-0.02064894,-0.00990944,-0.01134929,-6633.3633,584473.8809,OK,0.0000,265.3345,4.0000,96.0000,AG03-UNRESOLVED,ALL5_LEVELS_bet23_to_bet27,265.3345,265.3345,265.3345,331.6682,331.6682,4.000000,4.000000,4.000000,5.000000,5.000000,96.000000,96.000000,96.000000,95.000000,95.000000,5.0,1459.3399,1336.7936,5174.0234,5296.5697,PENDING_AG03,FALSE,NOT_FOR_ENFORCEMENT,6368.0288,500880.0275,6633.3633,6368.0288,265.3345,0.01134929,0.01089532,265.3345,6368.0288,0.01089532,265.3345,265.3345,265.3345,331.6682,331.6682,6368.0288,0.01089532,1459.3399,1336.7936,5174.0234,5296.5697,0.00885245,0.00906212,0.00045397,155.0329,138.3952,1.7595,127.5647,14.6756,11239.8823,72.5000,180.5550,151.7125,58.09,129.7286,157.9904,321.5856,428.8828,778.3716,93.4046,0.0,3.306,6.0,1.195055,16,80,84,2,0.13407078,0.01134929,0.02064894,0E-8,0.000000,0.892683,0.000000,-0.01073951,2026-03-25,2026-08-03,52,452,218,132,0.393939,1.190113,1.164624,0.446903,,,,,,,,GLOBAL_BASELINE_NO_ENTITY_RANKING,,,NOT_APPLICABLE_GLOBAL_BASELINE,HF9g-P5,,,,X 全窗基线 · 不参与实体赏罚,14190937,1420,A168_HF9F_20260827_0900,2026-08-27 09:00:00
2026-06-24,70521282,1078,0,357.9602437832,-65.8317689716,-65.8317689716,0.5714286,7,7,0.49516052857142857,0.495160528571,0.40359145382014583,0.40359145382241707,0.40359145382014583,4.2857E-13,ELIGIBLE,R03b_20260811_FULL_v1,L1_ELIGIBILITY,v2026-08-11,2026-03-21..2026-08-06,baccarat_bet02_101_all_pairs_incl_sentinel,round_win = game_pnl > 0 (decisive only),COMPATIBILITY_ONLY_NOT_PRODUCTION,584473.8809,521750.0287,6633.3633,3770,3770,-0.01134929,-0.02064894,-0.00990944,-0.01134929,-6633.3633,584473.8809,OK,0.0000,265.3345,4.0000,96.0000,AG03-UNRESOLVED,ALL5_LEVELS_bet23_to_bet27,265.3345,265.3345,265.3345,331.6682,331.6682,4.000000,4.000000,4.000000,5.000000,5.000000,96.000000,96.000000,96.000000,95.000000,95.000000,5.0,1459.3399,1336.7936,5174.0234,5296.5697,PENDING_AG03,FALSE,NOT_FOR_ENFORCEMENT,6368.0288,500880.0275,6633.3633,6368.0288,265.3345,0.01134929,0.01089532,265.3345,6368.0288,0.01089532,265.3345,265.3345,265.3345,331.6682,331.6682,6368.0288,0.01089532,1459.3399,1336.7936,5174.0234,5296.5697,0.00885245,0.00906212,0.00045397,155.0329,138.3952,1.7595,127.5647,14.6756,11239.8823,72.5000,180.5550,151.7125,58.09,129.7286,157.9904,321.5856,428.8828,778.3716,93.4046,0.0,3.306,6.0,1.195055,16,80,84,2,0.13407078,0.01134929,0.02064894,0E-8,0.000000,0.892683,0.000000,-0.01073951,2026-03-25,2026-08-03,52,452,218,132,0.393939,1.190113,1.164624,0.446903,,,,,,,,GLOBAL_BASELINE_NO_ENTITY_RANKING,,,NOT_APPLICABLE_GLOBAL_BASELINE,HF9g-P5,,,,X 全窗基线 · 不参与实体赏罚,14190938,1420,A168_HF9F_20260827_0900,2026-08-27 09:00:00
2026-06-24,70521282,1151,0,654.9746701982,303.7647542881,303.7647542881,0.6666667,6,6,0.49771390000000000,0.497713900000,0.8277047895645219,0.8277047895645219,0.8277047895645219,0E-17,ELIGIBLE,R03b_20260811_FULL_v1,L1_ELIGIBILITY,v2026-08-11,2026-03-21..2026-08-06,baccarat_bet02_101_all_pairs_incl_sentinel,round_win = game_pnl > 0 (decisive only),COMPATIBILITY_ONLY_NOT_PRODUCTION,584473.8809,521750.0287,6633.3633,3770,3770,-0.01134929,-0.02064894,-0.00990944,-0.01134929,-6633.3633,584473.8809,OK,0.0000,265.3345,4.0000,96.0000,AG03-UNRESOLVED,ALL5_LEVELS_bet23_to_bet27,265.3345,265.3345,265.3345,331.6682,331.6682,4.000000,4.000000,4.000000,5.000000,5.000000,96.000000,96.000000,96.000000,95.000000,95.000000,5.0,1459.3399,1336.7936,5174.0234,5296.5697,PENDING_AG03,FALSE,NOT_FOR_ENFORCEMENT,6368.0288,500880.0275,6633.3633,6368.0288,265.3345,0.01134929,0.01089532,265.3345,6368.0288,0.01089532,265.3345,265.3345,265.3345,331.6682,331.6682,6368.0288,0.01089532,1459.3399,1336.7936,5174.0234,5296.5697,0.00885245,0.00906212,0.00045397,155.0329,138.3952,1.7595,127.5647,14.6756,11239.8823,72.5000,180.5550,151.7125,58.09,129.7286,157.9904,321.5856,428.8828,778.3716,93.4046,0.0,3.306,6.0,1.195055,16,80,84,2,0.13407078,0.01134929,0.02064894,0E-8,0.000000,0.892683,0.000000,-0.01073951,2026-03-25,2026-08-03,52,452,218,132,0.393939,1.190113,1.164624,0.446903,,,,,,,,GLOBAL_BASELINE_NO_ENTITY_RANKING,,,NOT_APPLICABLE_GLOBAL_BASELINE,HF9g-P5,,,,X 全窗基线 · 不参与实体赏罚,14190939,1420,A168_HF9F_20260827_0900,2026-08-27 09:00:00
2026-06-24,70521282,1157,0,28.5442435776,-9.5147478592,-9.5147478592,0E-7,3,3,0.49771390000000000,0.497713900000,-0.9954382048786059,-0.995438204878606,-0.9954382048786059,0E-17,ELIGIBLE,R03b_20260811_FULL_v1,L1_ELIGIBILITY,v2026-08-11,2026-03-21..2026-08-06,baccarat_bet02_101_all_pairs_incl_sentinel,round_win = game_pnl > 0 (decisive only),COMPATIBILITY_ONLY_NOT_PRODUCTION,584473.8809,521750.0287,6633.3633,3770,3770,-0.01134929,-0.02064894,-0.00990944,-0.01134929,-6633.3633,584473.8809,OK,0.0000,265.3345,4.0000,96.0000,AG03-UNRESOLVED,ALL5_LEVELS_bet23_to_bet27,265.3345,265.3345,265.3345,331.6682,331.6682,4.000000,4.000000,4.000000,5.000000,5.000000,96.000000,96.000000,96.000000,95.000000,95.000000,5.0,1459.3399,1336.7936,5174.0234,5296.5697,PENDING_AG03,FALSE,NOT_FOR_ENFORCEMENT,6368.0288,500880.0275,6633.3633,6368.0288,265.3345,0.01134929,0.01089532,265.3345,6368.0288,0.01089532,265.3345,265.3345,265.3345,331.6682,331.6682,6368.0288,0.01089532,1459.3399,1336.7936,5174.0234,5296.5697,0.00885245,0.00906212,0.00045397,155.0329,138.3952,1.7595,127.5647,14.6756,11239.8823,72.5000,180.5550,151.7125,58.09,129.7286,157.9904,321.5856,428.8828,778.3716,93.4046,0.0,3.306,6.0,1.195055,16,80,84,2,0.13407078,0.01134929,0.02064894,0E-8,0.000000,0.892683,0.000000,-0.01073951,2026-03-25,2026-08-03,52,452,218,132,0.393939,1.190113,1.164624,0.446903,,,,,,,,GLOBAL_BASELINE_NO_ENTITY_RANKING,,,NOT_APPLICABLE_GLOBAL_BASELINE,HF9g-P5,,,,X 全窗基线 · 不参与实体赏罚,14190940,1420,A168_HF9F_20260827_0900,2026-08-27 09:00:00
2026-06-24,70521282,1205,0,497.5955975004,95.1217630570,95.1217630570,0.7500000,8,8,0.50665070000000000,0.506650700000,1.3767133162484293,1.3767133162484293,1.3767133162484293,0E-17,ELIGIBLE,R03b_20260811_FULL_v1,L1_ELIGIBILITY,v2026-08-11,2026-03-21..2026-08-06,baccarat_bet02_101_all_pairs_incl_sentinel,round_win = game_pnl > 0 (decisive only),COMPATIBILITY_ONLY_NOT_PRODUCTION,584473.8809,521750.0287,6633.3633,3770,3770,-0.01134929,-0.02064894,-0.00990944,-0.01134929,-6633.3633,584473.8809,OK,0.0000,265.3345,4.0000,96.0000,AG03-UNRESOLVED,ALL5_LEVELS_bet23_to_bet27,265.3345,265.3345,265.3345,331.6682,331.6682,4.000000,4.000000,4.000000,5.000000,5.000000,96.000000,96.000000,96.000000,95.000000,95.000000,5.0,1459.3399,1336.7936,5174.0234,5296.5697,PENDING_AG03,FALSE,NOT_FOR_ENFORCEMENT,6368.0288,500880.0275,6633.3633,6368.0288,265.3345,0.01134929,0.01089532,265.3345,6368.0288,0.01089532,265.3345,265.3345,265.3345,331.6682,331.6682,6368.0288,0.01089532,1459.3399,1336.7936,5174.0234,5296.5697,0.00885245,0.00906212,0.00045397,155.0329,138.3952,1.7595,127.5647,14.6756,11239.8823,72.5000,180.5550,151.7125,58.09,129.7286,157.9904,321.5856,428.8828,778.3716,93.4046,0.0,3.306,6.0,1.195055,16,80,84,2,0.13407078,0.01134929,0.02064894,0E-8,0.000000,0.892683,0.000000,-0.01073951,2026-03-25,2026-08-03,52,452,218,132,0.393939,1.190113,1.164624,0.446903,,,,,,,,GLOBAL_BASELINE_NO_ENTITY_RANKING,,,NOT_APPLICABLE_GLOBAL_BASELINE,HF9g-P5,,,,X 全窗基线 · 不参与实体赏罚,14190941,1420,A168_HF9F_20260827_0900,2026-08-27 09:00:00
2026-06-24,70521282,1304,0,1731.4269550235,24.5583356906,24.5583356906,0.5555556,11,11,0.49933877272727273,0.499338772727,0.33730099192032137,0.337300991921958,0.33730099192032137,2.7273E-13,ELIGIBLE,R03b_20260811_FULL_v1,L1_ELIGIBILITY,v2026-08-11,2026-03-21..2026-08-06,baccarat_bet02_101_all_pairs_incl_sentinel,round_win = game_pnl > 0 (decisive only),COMPATIBILITY_ONLY_NOT_PRODUCTION,584473.8809,521750.0287,6633.3633,3770,3770,-0.01134929,-0.02064894,-0.00990944,-0.01134929,-6633.3633,584473.8809,OK,0.0000,265.3345,4.0000,96.0000,AG03-UNRESOLVED,ALL5_LEVELS_bet23_to_bet27,265.3345,265.3345,265.3345,331.6682,331.6682,4.000000,4.000000,4.000000,5.000000,5.000000,96.000000,96.000000,96.000000,95.000000,95.000000,5.0,1459.3399,1336.7936,5174.0234,5296.5697,PENDING_AG03,FALSE,NOT_FOR_ENFORCEMENT,6368.0288,500880.0275,6633.3633,6368.0288,265.3345,0.01134929,0.01089532,265.3345,6368.0288,0.01089532,265.3345,265.3345,265.3345,331.6682,331.6682,6368.0288,0.01089532,1459.3399,1336.7936,5174.0234,5296.5697,0.00885245,0.00906212,0.00045397,155.0329,138.3952,1.7595,127.5647,14.6756,11239.8823,72.5000,180.5550,151.7125,58.09,129.7286,157.9904,321.5856,428.8828,778.3716,93.4046,0.0,3.306,6.0,1.195055,16,80,84,2,0.13407078,0.01134929,0.02064894,0E-8,0.000000,0.892683,0.000000,-0.01073951,2026-03-25,2026-08-03,52,452,218,132,0.393939,1.190113,1.164624,0.446903,,,,,,,,GLOBAL_BASELINE_NO_ENTITY_RANKING,,,NOT_APPLICABLE_GLOBAL_BASELINE,HF9g-P5,,,,X 全窗基线 · 不参与实体赏罚,14190942,1420,A168_HF9F_20260827_0900,2026-08-27 09:00:00
2026-06-24,70521282,1385,0,203.1527245609,-113.1483529200,-113.1483529200,0E-7,3,3,0.49324550000000000,0.493245500000,-1.3952362676504506,-1.3952362676504506,-1.3952362676504506,0E-17,ELIGIBLE,R03b_20260811_FULL_v1,L1_ELIGIBILITY,v2026-08-11,2026-03-21..2026-08-06,baccarat_bet02_101_all_pairs_incl_sentinel,round_win = game_pnl > 0 (decisive only),COMPATIBILITY_ONLY_NOT_PRODUCTION,584473.8809,521750.0287,6633.3633,3770,3770,-0.01134929,-0.02064894,-0.00990944,-0.01134929,-6633.3633,584473.8809,OK,0.0000,265.3345,4.0000,96.0000,AG03-UNRESOLVED,ALL5_LEVELS_bet23_to_bet27,265.3345,265.3345,265.3345,331.6682,331.6682,4.000000,4.000000,4.000000,5.000000,5.000000,96.000000,96.000000,96.000000,95.000000,95.000000,5.0,1459.3399,1336.7936,5174.0234,5296.5697,PENDING_AG03,FALSE,NOT_FOR_ENFORCEMENT,6368.0288,500880.0275,6633.3633,6368.0288,265.3345,0.01134929,0.01089532,265.3345,6368.0288,0.01089532,265.3345,265.3345,265.3345,331.6682,331.6682,6368.0288,0.01089532,1459.3399,1336.7936,5174.0234,5296.5697,0.00885245,0.00906212,0.00045397,155.0329,138.3952,1.7595,127.5647,14.6756,11239.8823,72.5000,180.5550,151.7125,58.09,129.7286,157.9904,321.5856,428.8828,778.3716,93.4046,0.0,3.306,6.0,1.195055,16,80,84,2,0.13407078,0.01134929,0.02064894,0E-8,0.000000,0.892683,0.000000,-0.01073951,2026-03-25,2026-08-03,52,452,218,132,0.393939,1.190113,1.164624,0.446903,,,,,,,,GLOBAL_BASELINE_NO_ENTITY_RANKING,,,NOT_APPLICABLE_GLOBAL_BASELINE,HF9g-P5,,,,X 全窗基线 · 不参与实体赏罚,14190943,1420,A168_HF9F_20260827_0900,2026-08-27 09:00:00
2026-06-24,70521282,1405,0,685.0618458612,202.2526808443,202.2526808443,0.7000000,10,10,0.49994810000000000,0.499948100000,1.2652393153045998,1.2652393153045998,1.2652393153045998,0E-17,ELIGIBLE,R03b_20260811_FULL_v1,L1_ELIGIBILITY,v2026-08-11,2026-03-21..2026-08-06,baccarat_bet02_101_all_pairs_incl_sentinel,round_win = game_pnl > 0 (decisive only),COMPATIBILITY_ONLY_NOT_PRODUCTION,584473.8809,521750.0287,6633.3633,3770,3770,-0.01134929,-0.02064894,-0.00990944,-0.01134929,-6633.3633,584473.8809,OK,0.0000,265.3345,4.0000,96.0000,AG03-UNRESOLVED,ALL5_LEVELS_bet23_to_bet27,265.3345,265.3345,265.3345,331.6682,331.6682,4.000000,4.000000,4.000000,5.000000,5.000000,96.000000,96.000000,96.000000,95.000000,95.000000,5.0,1459.3399,1336.7936,5174.0234,5296.5697,PENDING_AG03,FALSE,NOT_FOR_ENFORCEMENT,6368.0288,500880.0275,6633.3633,6368.0288,265.3345,0.01134929,0.01089532,265.3345,6368.0288,0.01089532,265.3345,265.3345,265.3345,331.6682,331.6682,6368.0288,0.01089532,1459.3399,1336.7936,5174.0234,5296.5697,0.00885245,0.00906212,0.00045397,155.0329,138.3952,1.7595,127.5647,14.6756,11239.8823,72.5000,180.5550,151.7125,58.09,129.7286,157.9904,321.5856,428.8828,778.3716,93.4046,0.0,3.306,6.0,1.195055,16,80,84,2,0.13407078,0.01134929,0.02064894,0E-8,0.000000,0.892683,0.000000,-0.01073951,2026-03-25,2026-08-03,52,452,218,132,0.393939,1.190113,1.164624,0.446903,,,,,,,,GLOBAL_BASELINE_NO_ENTITY_RANKING,,,NOT_APPLICABLE_GLOBAL_BASELINE,HF9g-P5,,,,X 全窗基线 · 不参与实体赏罚,14190944,1420,A168_HF9F_20260827_0900,2026-08-27 09:00:00
2026-06-24,70521282,1645,0,1928.6651065910,-642.8883688636,-642.8883688636,0.2857143,7,7,0.49899058571428571,0.498990585714,-1.1285544004973334,-1.1285544004958228,-1.1285544004973334,2.8571E-13,ELIGIBLE,R03b_20260811_FULL_v1,L1_ELIGIBILITY,v2026-08-11,2026-03-21..2026-08-06,baccarat_bet02_101_all_pairs_incl_sentinel,round_win = game_pnl > 0 (decisive only),COMPATIBILITY_ONLY_NOT_PRODUCTION,584473.8809,521750.0287,6633.3633,3770,3770,-0.01134929,-0.02064894,-0.00990944,-0.01134929,-6633.3633,584473.8809,OK,0.0000,265.3345,4.0000,96.0000,AG03-UNRESOLVED,ALL5_LEVELS_bet23_to_bet27,265.3345,265.3345,265.3345,331.6682,331.6682,4.000000,4.000000,4.000000,5.000000,5.000000,96.000000,96.000000,96.000000,95.000000,95.000000,5.0,1459.3399,1336.7936,5174.0234,5296.5697,PENDING_AG03,FALSE,NOT_FOR_ENFORCEMENT,6368.0288,500880.0275,6633.3633,6368.0288,265.3345,0.01134929,0.01089532,265.3345,6368.0288,0.01089532,265.3345,265.3345,265.3345,331.6682,331.6682,6368.0288,0.01089532,1459.3399,1336.7936,5174.0234,5296.5697,0.00885245,0.00906212,0.00045397,155.0329,138.3952,1.7595,127.5647,14.6756,11239.8823,72.5000,180.5550,151.7125,58.09,129.7286,157.9904,321.5856,428.8828,778.3716,93.4046,0.0,3.306,6.0,1.195055,16,80,84,2,0.13407078,0.01134929,0.02064894,0E-8,0.000000,0.892683,0.000000,-0.01073951,2026-03-25,2026-08-03,52,452,218,132,0.393939,1.190113,1.164624,0.446903,,,,,,,,GLOBAL_BASELINE_NO_ENTITY_RANKING,,,NOT_APPLICABLE_GLOBAL_BASELINE,HF9g-P5,,,,X 全窗基线 · 不参与实体赏罚,14190945,1420,A168_HF9F_20260827_0900,2026-08-27 09:00:00
2026-06-24,70521282,1654,0,982.3334276234,497.1970067119,497.1970067119,0.8000000,16,16,0.50329940000000000,0.503299400000,2.298283004167313,2.298283004167313,2.298283004167313,0E-17,ELIGIBLE,R03b_20260811_FULL_v1,L1_ELIGIBILITY,v2026-08-11,2026-03-21..2026-08-06,baccarat_bet02_101_all_pairs_incl_sentinel,round_win = game_pnl > 0 (decisive only),COMPATIBILITY_ONLY_NOT_PRODUCTION,584473.8809,521750.0287,6633.3633,3770,3770,-0.01134929,-0.02064894,-0.00990944,-0.01134929,-6633.3633,584473.8809,OK,0.0000,265.3345,4.0000,96.0000,AG03-UNRESOLVED,ALL5_LEVELS_bet23_to_bet27,265.3345,265.3345,265.3345,331.6682,331.6682,4.000000,4.000000,4.000000,5.000000,5.000000,96.000000,96.000000,96.000000,95.000000,95.000000,5.0,1459.3399,1336.7936,5174.0234,5296.5697,PENDING_AG03,FALSE,NOT_FOR_ENFORCEMENT,6368.0288,500880.0275,6633.3633,6368.0288,265.3345,0.01134929,0.01089532,265.3345,6368.0288,0.01089532,265.3345,265.3345,265.3345,331.6682,331.6682,6368.0288,0.01089532,1459.3399,1336.7936,5174.0234,5296.5697,0.00885245,0.00906212,0.00045397,155.0329,138.3952,1.7595,127.5647,14.6756,11239.8823,72.5000,180.5550,151.7125,58.09,129.7286,157.9904,321.5856,428.8828,778.3716,93.4046,0.0,3.306,6.0,1.195055,16,80,84,2,0.13407078,0.01134929,0.02064894,0E-8,0.000000,0.892683,0.000000,-0.01073951,2026-03-25,2026-08-03,52,452,218,132,0.393939,1.190113,1.164624,0.446903,,,,,,,,GLOBAL_BASELINE_NO_ENTITY_RANKING,,,NOT_APPLICABLE_GLOBAL_BASELINE,HF9g-P5,,,,X 全窗基线 · 不参与实体赏罚,14190946,1420,A168_HF9F_20260827_0900,2026-08-27 09:00:00
2026-06-24,70521282,1704,0,279.5278627819,4.7959472318,4.7959472318,0.5000000,2,2,0.50665070000000000,0.506650700000,-0.018812684590367487,-0.018812684590367487,-0.018812684590367487,0E-17,ELIGIBLE,R03b_20260811_FULL_v1,L1_ELIGIBILITY,v2026-08-11,2026-03-21..2026-08-06,baccarat_bet02_101_all_pairs_incl_sentinel,round_win = game_pnl > 0 (decisive only),COMPATIBILITY_ONLY_NOT_PRODUCTION,584473.8809,521750.0287,6633.3633,3770,3770,-0.01134929,-0.02064894,-0.00990944,-0.01134929,-6633.3633,584473.8809,OK,0.0000,265.3345,4.0000,96.0000,AG03-UNRESOLVED,ALL5_LEVELS_bet23_to_bet27,265.3345,265.3345,265.3345,331.6682,331.6682,4.000000,4.000000,4.000000,5.000000,5.000000,96.000000,96.000000,96.000000,95.000000,95.000000,5.0,1459.3399,1336.7936,5174.0234,5296.5697,PENDING_AG03,FALSE,NOT_FOR_ENFORCEMENT,6368.0288,500880.0275,6633.3633,6368.0288,265.3345,0.01134929,0.01089532,265.3345,6368.0288,0.01089532,265.3345,265.3345,265.3345,331.6682,331.6682,6368.0288,0.01089532,1459.3399,1336.7936,5174.0234,5296.5697,0.00885245,0.00906212,0.00045397,155.0329,138.3952,1.7595,127.5647,14.6756,11239.8823,72.5000,180.5550,151.7125,58.09,129.7286,157.9904,321.5856,428.8828,778.3716,93.4046,0.0,3.306,6.0,1.195055,16,80,84,2,0.13407078,0.01134929,0.02064894,0E-8,0.000000,0.892683,0.000000,-0.01073951,2026-03-25,2026-08-03,52,452,218,132,0.393939,1.190113,1.164624,0.446903,,,,,,,,GLOBAL_BASELINE_NO_ENTITY_RANKING,,,NOT_APPLICABLE_GLOBAL_BASELINE,HF9g-P5,,,,X 全窗基线 · 不参与实体赏罚,14190947,1420,A168_HF9F_20260827_0900,2026-08-27 09:00:00
2026-06-24,70521282,1714,0,124.4631882120,-14.7221436470,-14.7221436470,0.4000000,6,6,0.50218230000000000,0.502182300000,-0.4569774904649096,-0.4569774904649096,-0.4569774904649096,0E-17,ELIGIBLE,R03b_20260811_FULL_v1,L1_ELIGIBILITY,v2026-08-11,2026-03-21..2026-08-06,baccarat_bet02_101_all_pairs_incl_sentinel,round_win = game_pnl > 0 (decisive only),COMPATIBILITY_ONLY_NOT_PRODUCTION,584473.8809,521750.0287,6633.3633,3770,3770,-0.01134929,-0.02064894,-0.00990944,-0.01134929,-6633.3633,584473.8809,OK,0.0000,265.3345,4.0000,96.0000,AG03-UNRESOLVED,ALL5_LEVELS_bet23_to_bet27,265.3345,265.3345,265.3345,331.6682,331.6682,4.000000,4.000000,4.000000,5.000000,5.000000,96.000000,96.000000,96.000000,95.000000,95.000000,5.0,1459.3399,1336.7936,5174.0234,5296.5697,PENDING_AG03,FALSE,NOT_FOR_ENFORCEMENT,6368.0288,500880.0275,6633.3633,6368.0288,265.3345,0.01134929,0.01089532,265.3345,6368.0288,0.01089532,265.3345,265.3345,265.3345,331.6682,331.6682,6368.0288,0.01089532,1459.3399,1336.7936,5174.0234,5296.5697,0.00885245,0.00906212,0.00045397,155.0329,138.3952,1.7595,127.5647,14.6756,11239.8823,72.5000,180.5550,151.7125,58.09,129.7286,157.9904,321.5856,428.8828,778.3716,93.4046,0.0,3.306,6.0,1.195055,16,80,84,2,0.13407078,0.01134929,0.02064894,0E-8,0.000000,0.892683,0.000000,-0.01073951,2026-03-25,2026-08-03,52,452,218,132,0.393939,1.190113,1.164624,0.446903,,,,,,,,GLOBAL_BASELINE_NO_ENTITY_RANKING,,,NOT_APPLICABLE_GLOBAL_BASELINE,HF9g-P5,,,,X 全窗基线 · 不参与实体赏罚,14190948,1420,A168_HF9F_20260827_0900,2026-08-27 09:00:00
2026-06-24,70521282,2106,0,5337.7735490008,159.8220484997,159.8220484997,0.5625000,19,19,0.49818425789473684,0.498184257895,0.5145293295767405,0.5145293295746344,0.5145293295767405,-2.6316E-13,ELIGIBLE,R03b_20260811_FULL_v1,L1_ELIGIBILITY,v2026-08-11,2026-03-21..2026-08-06,baccarat_bet02_101_all_pairs_incl_sentinel,round_win = game_pnl > 0 (decisive only),COMPATIBILITY_ONLY_NOT_PRODUCTION,584473.8809,521750.0287,6633.3633,3770,3770,-0.01134929,-0.02064894,-0.00990944,-0.01134929,-6633.3633,584473.8809,OK,0.0000,265.3345,4.0000,96.0000,AG03-UNRESOLVED,ALL5_LEVELS_bet23_to_bet27,265.3345,265.3345,265.3345,331.6682,331.6682,4.000000,4.000000,4.000000,5.000000,5.000000,96.000000,96.000000,96.000000,95.000000,95.000000,5.0,1459.3399,1336.7936,5174.0234,5296.5697,PENDING_AG03,FALSE,NOT_FOR_ENFORCEMENT,6368.0288,500880.0275,6633.3633,6368.0288,265.3345,0.01134929,0.01089532,265.3345,6368.0288,0.01089532,265.3345,265.3345,265.3345,331.6682,331.6682,6368.0288,0.01089532,1459.3399,1336.7936,5174.0234,5296.5697,0.00885245,0.00906212,0.00045397,155.0329,138.3952,1.7595,127.5647,14.6756,11239.8823,72.5000,180.5550,151.7125,58.09,129.7286,157.9904,321.5856,428.8828,778.3716,93.4046,0.0,3.306,6.0,1.195055,16,80,84,2,0.13407078,0.01134929,0.02064894,0E-8,0.000000,0.892683,0.000000,-0.01073951,2026-03-25,2026-08-03,52,452,218,132,0.393939,1.190113,1.164624,0.446903,,,,,,,,GLOBAL_BASELINE_NO_ENTITY_RANKING,,,NOT_APPLICABLE_GLOBAL_BASELINE,HF9g-P5,,,,X 全窗基线 · 不参与实体赏罚,14190949,1420,A168_HF9F_20260827_0900,2026-08-27 09:00:00
2026-06-24,70521282,2121,0,5169.8511070538,-597.3847301152,-597.3847301152,0.4857143,37,37,0.50194076486486486,0.501940764865,-0.1919957368428023,-0.19199573684440158,-0.1919957368428023,-1.3514E-13,ELIGIBLE,R03b_20260811_FULL_v1,L1_ELIGIBILITY,v2026-08-11,2026-03-21..2026-08-06,baccarat_bet02_101_all_pairs_incl_sentinel,round_win = game_pnl > 0 (decisive only),COMPATIBILITY_ONLY_NOT_PRODUCTION,584473.8809,521750.0287,6633.3633,3770,3770,-0.01134929,-0.02064894,-0.00990944,-0.01134929,-6633.3633,584473.8809,OK,0.0000,265.3345,4.0000,96.0000,AG03-UNRESOLVED,ALL5_LEVELS_bet23_to_bet27,265.3345,265.3345,265.3345,331.6682,331.6682,4.000000,4.000000,4.000000,5.000000,5.000000,96.000000,96.000000,96.000000,95.000000,95.000000,5.0,1459.3399,1336.7936,5174.0234,5296.5697,PENDING_AG03,FALSE,NOT_FOR_ENFORCEMENT,6368.0288,500880.0275,6633.3633,6368.0288,265.3345,0.01134929,0.01089532,265.3345,6368.0288,0.01089532,265.3345,265.3345,265.3345,331.6682,331.6682,6368.0288,0.01089532,1459.3399,1336.7936,5174.0234,5296.5697,0.00885245,0.00906212,0.00045397,155.0329,138.3952,1.7595,127.5647,14.6756,11239.8823,72.5000,180.5550,151.7125,58.09,129.7286,157.9904,321.5856,428.8828,778.3716,93.4046,0.0,3.306,6.0,1.195055,16,80,84,2,0.13407078,0.01134929,0.02064894,0E-8,0.000000,0.892683,0.000000,-0.01073951,2026-03-25,2026-08-03,52,452,218,132,0.393939,1.190113,1.164624,0.446903,,,,,,,,GLOBAL_BASELINE_NO_ENTITY_RANKING,,,NOT_APPLICABLE_GLOBAL_BASELINE,HF9g-P5,,,,X 全窗基线 · 不参与实体赏罚,14190950,1420,A168_HF9F_20260827_0900,2026-08-27 09:00:00
2026-06-24,70521282,2134,0,866.3563658806,74.5750507880,74.5750507880,0.5714286,16,16,0.49827245000000000,0.498272450000,0.5474535519441596,0.5474535519441596,0.5474535519441596,0E-17,ELIGIBLE,R03b_20260811_FULL_v1,L1_ELIGIBILITY,v2026-08-11,2026-03-21..2026-08-06,baccarat_bet02_101_all_pairs_incl_sentinel,round_win = game_pnl > 0 (decisive only),COMPATIBILITY_ONLY_NOT_PRODUCTION,584473.8809,521750.0287,6633.3633,3770,3770,-0.01134929,-0.02064894,-0.00990944,-0.01134929,-6633.3633,584473.8809,OK,0.0000,265.3345,4.0000,96.0000,AG03-UNRESOLVED,ALL5_LEVELS_bet23_to_bet27,265.3345,265.3345,265.3345,331.6682,331.6682,4.000000,4.000000,4.000000,5.000000,5.000000,96.000000,96.000000,96.000000,95.000000,95.000000,5.0,1459.3399,1336.7936,5174.0234,5296.5697,PENDING_AG03,FALSE,NOT_FOR_ENFORCEMENT,6368.0288,500880.0275,6633.3633,6368.0288,265.3345,0.01134929,0.01089532,265.3345,6368.0288,0.01089532,265.3345,265.3345,265.3345,331.6682,331.6682,6368.0288,0.01089532,1459.3399,1336.7936,5174.0234,5296.5697,0.00885245,0.00906212,0.00045397,155.0329,138.3952,1.7595,127.5647,14.6756,11239.8823,72.5000,180.5550,151.7125,58.09,129.7286,157.9904,321.5856,428.8828,778.3716,93.4046,0.0,3.306,6.0,1.195055,16,80,84,2,0.13407078,0.01134929,0.02064894,0E-8,0.000000,0.892683,0.000000,-0.01073951,2026-03-25,2026-08-03,52,452,218,132,0.393939,1.190113,1.164624,0.446903,,,,,,,,GLOBAL_BASELINE_NO_ENTITY_RANKING,,,NOT_APPLICABLE_GLOBAL_BASELINE,HF9g-P5,,,,X 全窗基线 · 不参与实体赏罚,14190951,1420,A168_HF9F_20260827_0900,2026-08-27 09:00:00
2026-06-24,70521282,462,0,195.6952194822,57.0370560856,57.0370560856,0.6666667,3,3,0.50665070000000000,0.506650700000,0.5543606114942035,0.5543606114942035,0.5543606114942035,0E-17,ELIGIBLE,R03b_20260811_FULL_v1,L1_ELIGIBILITY,v2026-08-11,2026-03-21..2026-08-06,baccarat_bet02_101_all_pairs_incl_sentinel,round_win = game_pnl > 0 (decisive only),COMPATIBILITY_ONLY_NOT_PRODUCTION,584473.8809,521750.0287,6633.3633,3770,3770,-0.01134929,-0.02064894,-0.00990944,-0.01134929,-6633.3633,584473.8809,OK,0.0000,265.3345,4.0000,96.0000,AG03-UNRESOLVED,ALL5_LEVELS_bet23_to_bet27,265.3345,265.3345,265.3345,331.6682,331.6682,4.000000,4.000000,4.000000,5.000000,5.000000,96.000000,96.000000,96.000000,95.000000,95.000000,5.0,1459.3399,1336.7936,5174.0234,5296.5697,PENDING_AG03,FALSE,NOT_FOR_ENFORCEMENT,6368.0288,500880.0275,6633.3633,6368.0288,265.3345,0.01134929,0.01089532,265.3345,6368.0288,0.01089532,265.3345,265.3345,265.3345,331.6682,331.6682,6368.0288,0.01089532,1459.3399,1336.7936,5174.0234,5296.5697,0.00885245,0.00906212,0.00045397,155.0329,138.3952,1.7595,127.5647,14.6756,11239.8823,72.5000,180.5550,151.7125,58.09,129.7286,157.9904,321.5856,428.8828,778.3716,93.4046,0.0,3.306,6.0,1.195055,16,80,84,2,0.13407078,0.01134929,0.02064894,0E-8,0.000000,0.892683,0.000000,-0.01073951,2026-03-25,2026-08-03,52,452,218,132,0.393939,1.190113,1.164624,0.446903,,,,,,,,GLOBAL_BASELINE_NO_ENTITY_RANKING,,,NOT_APPLICABLE_GLOBAL_BASELINE,HF9g-P5,,,,X 全窗基线 · 不参与实体赏罚,14190952,1420,A168_HF9F_20260827_0900,2026-08-27 09:00:00
2026-06-24,70521282,526,0,528.4542392059,380.2041813459,380.2041813459,1.0000000,4,4,0.50329940000000000,0.503299400000,1.7206588134302945,1.7206588134302945,1.7206588134302945,0E-17,ELIGIBLE,R03b_20260811_FULL_v1,L1_ELIGIBILITY,v2026-08-11,2026-03-21..2026-08-06,baccarat_bet02_101_all_pairs_incl_sentinel,round_win = game_pnl > 0 (decisive only),COMPATIBILITY_ONLY_NOT_PRODUCTION,584473.8809,521750.0287,6633.3633,3770,3770,-0.01134929,-0.02064894,-0.00990944,-0.01134929,-6633.3633,584473.8809,OK,0.0000,265.3345,4.0000,96.0000,AG03-UNRESOLVED,ALL5_LEVELS_bet23_to_bet27,265.3345,265.3345,265.3345,331.6682,331.6682,4.000000,4.000000,4.000000,5.000000,5.000000,96.000000,96.000000,96.000000,95.000000,95.000000,5.0,1459.3399,1336.7936,5174.0234,5296.5697,PENDING_AG03,FALSE,NOT_FOR_ENFORCEMENT,6368.0288,500880.0275,6633.3633,6368.0288,265.3345,0.01134929,0.01089532,265.3345,6368.0288,0.01089532,265.3345,265.3345,265.3345,331.6682,331.6682,6368.0288,0.01089532,1459.3399,1336.7936,5174.0234,5296.5697,0.00885245,0.00906212,0.00045397,155.0329,138.3952,1.7595,127.5647,14.6756,11239.8823,72.5000,180.5550,151.7125,58.09,129.7286,157.9904,321.5856,428.8828,778.3716,93.4046,0.0,3.306,6.0,1.195055,16,80,84,2,0.13407078,0.01134929,0.02064894,0E-8,0.000000,0.892683,0.000000,-0.01073951,2026-03-25,2026-08-03,52,452,218,132,0.393939,1.190113,1.164624,0.446903,,,,,,,,GLOBAL_BASELINE_NO_ENTITY_RANKING,,,NOT_APPLICABLE_GLOBAL_BASELINE,HF9g-P5,,,,X 全窗基线 · 不参与实体赏罚,14190953,1420,A168_HF9F_20260827_0900,2026-08-27 09:00:00
2026-06-24,70521282,583,0,4963.0982076273,573.8550158151,573.8550158151,0.5625000,18,18,0.50069283333333333,0.500692833333,0.4944578080308849,0.4944578080335511,0.4944578080308849,3.3333E-13,ELIGIBLE,R03b_20260811_FULL_v1,L1_ELIGIBILITY,v2026-08-11,2026-03-21..2026-08-06,baccarat_bet02_101_all_pairs_incl_sentinel,round_win = game_pnl > 0 (decisive only),COMPATIBILITY_ONLY_NOT_PRODUCTION,584473.8809,521750.0287,6633.3633,3770,3770,-0.01134929,-0.02064894,-0.00990944,-0.01134929,-6633.3633,584473.8809,OK,0.0000,265.3345,4.0000,96.0000,AG03-UNRESOLVED,ALL5_LEVELS_bet23_to_bet27,265.3345,265.3345,265.3345,331.6682,331.6682,4.000000,4.000000,4.000000,5.000000,5.000000,96.000000,96.000000,96.000000,95.000000,95.000000,5.0,1459.3399,1336.7936,5174.0234,5296.5697,PENDING_AG03,FALSE,NOT_FOR_ENFORCEMENT,6368.0288,500880.0275,6633.3633,6368.0288,265.3345,0.01134929,0.01089532,265.3345,6368.0288,0.01089532,265.3345,265.3345,265.3345,331.6682,331.6682,6368.0288,0.01089532,1459.3399,1336.7936,5174.0234,5296.5697,0.00885245,0.00906212,0.00045397,155.0329,138.3952,1.7595,127.5647,14.6756,11239.8823,72.5000,180.5550,151.7125,58.09,129.7286,157.9904,321.5856,428.8828,778.3716,93.4046,0.0,3.306,6.0,1.195055,16,80,84,2,0.13407078,0.01134929,0.02064894,0E-8,0.000000,0.892683,0.000000,-0.01073951,2026-03-25,2026-08-03,52,452,218,132,0.393939,1.190113,1.164624,0.446903,,,,,,,,GLOBAL_BASELINE_NO_ENTITY_RANKING,,,NOT_APPLICABLE_GLOBAL_BASELINE,HF9g-P5,,,,X 全窗基线 · 不参与实体赏罚,14190954,1420,A168_HF9F_20260827_0900,2026-08-27 09:00:00
2026-06-24,70521282,752,0,837.8121223030,23.5297143004,23.5297143004,0.5625000,17,17,0.49955382941176471,0.499553829412,0.5035695651952898,0.5035695651934073,0.5035695651952898,-2.3529E-13,ELIGIBLE,R03b_20260811_FULL_v1,L1_ELIGIBILITY,v2026-08-11,2026-03-21..2026-08-06,baccarat_bet02_101_all_pairs_incl_sentinel,round_win = game_pnl > 0 (decisive only),COMPATIBILITY_ONLY_NOT_PRODUCTION,584473.8809,521750.0287,6633.3633,3770,3770,-0.01134929,-0.02064894,-0.00990944,-0.01134929,-6633.3633,584473.8809,OK,0.0000,265.3345,4.0000,96.0000,AG03-UNRESOLVED,ALL5_LEVELS_bet23_to_bet27,265.3345,265.3345,265.3345,331.6682,331.6682,4.000000,4.000000,4.000000,5.000000,5.000000,96.000000,96.000000,96.000000,95.000000,95.000000,5.0,1459.3399,1336.7936,5174.0234,5296.5697,PENDING_AG03,FALSE,NOT_FOR_ENFORCEMENT,6368.0288,500880.0275,6633.3633,6368.0288,265.3345,0.01134929,0.01089532,265.3345,6368.0288,0.01089532,265.3345,265.3345,265.3345,331.6682,331.6682,6368.0288,0.01089532,1459.3399,1336.7936,5174.0234,5296.5697,0.00885245,0.00906212,0.00045397,155.0329,138.3952,1.7595,127.5647,14.6756,11239.8823,72.5000,180.5550,151.7125,58.09,129.7286,157.9904,321.5856,428.8828,778.3716,93.4046,0.0,3.306,6.0,1.195055,16,80,84,2,0.13407078,0.01134929,0.02064894,0E-8,0.000000,0.892683,0.000000,-0.01073951,2026-03-25,2026-08-03,52,452,218,132,0.393939,1.190113,1.164624,0.446903,,,,,,,,GLOBAL_BASELINE_NO_ENTITY_RANKING,,,NOT_APPLICABLE_GLOBAL_BASELINE,HF9g-P5,,,,X 全窗基线 · 不参与实体赏罚,14190955,1420,A168_HF9F_20260827_0900,2026-08-27 09:00:00
2026-06-24,70521282,987,0,1355.2086815645,-527.2970401420,-527.2970401420,0.4000000,11,11,0.49812011818181818,0.498120118182,-0.6205705016316515,-0.6205705016328007,-0.6205705016316515,-1.8182E-13,ELIGIBLE,R03b_20260811_FULL_v1,L1_ELIGIBILITY,v2026-08-11,2026-03-21..2026-08-06,baccarat_bet02_101_all_pairs_incl_sentinel,round_win = game_pnl > 0 (decisive only),COMPATIBILITY_ONLY_NOT_PRODUCTION,584473.8809,521750.0287,6633.3633,3770,3770,-0.01134929,-0.02064894,-0.00990944,-0.01134929,-6633.3633,584473.8809,OK,0.0000,265.3345,4.0000,96.0000,AG03-UNRESOLVED,ALL5_LEVELS_bet23_to_bet27,265.3345,265.3345,265.3345,331.6682,331.6682,4.000000,4.000000,4.000000,5.000000,5.000000,96.000000,96.000000,96.000000,95.000000,95.000000,5.0,1459.3399,1336.7936,5174.0234,5296.5697,PENDING_AG03,FALSE,NOT_FOR_ENFORCEMENT,6368.0288,500880.0275,6633.3633,6368.0288,265.3345,0.01134929,0.01089532,265.3345,6368.0288,0.01089532,265.3345,265.3345,265.3345,331.6682,331.6682,6368.0288,0.01089532,1459.3399,1336.7936,5174.0234,5296.5697,0.00885245,0.00906212,0.00045397,155.0329,138.3952,1.7595,127.5647,14.6756,11239.8823,72.5000,180.5550,151.7125,58.09,129.7286,157.9904,321.5856,428.8828,778.3716,93.4046,0.0,3.306,6.0,1.195055,16,80,84,2,0.13407078,0.01134929,0.02064894,0E-8,0.000000,0.892683,0.000000,-0.01073951,2026-03-25,2026-08-03,52,452,218,132,0.393939,1.190113,1.164624,0.446903,,,,,,,,GLOBAL_BASELINE_NO_ENTITY_RANKING,,,NOT_APPLICABLE_GLOBAL_BASELINE,HF9g-P5,,,,X 全窗基线 · 不参与实体赏罚,14190956,1420,A168_HF9F_20260827_0900,2026-08-27 09:00:00
2026-06-25,70521282,1654,0,21.3438938463,-21.3438938463,-21.3438938463,0E-7,1,1,0.49324550000000000,0.493245500000,-0.9865810262130424,-0.9865810262130424,-0.9865810262130424,0E-17,ELIGIBLE,R03b_20260811_FULL_v1,L1_ELIGIBILITY,v2026-08-11,2026-03-21..2026-08-06,baccarat_bet02_101_all_pairs_incl_sentinel,round_win = game_pnl > 0 (decisive only),COMPATIBILITY_ONLY_NOT_PRODUCTION,584473.8809,521750.0287,6633.3633,3770,3770,-0.01134929,-0.02064894,-0.00990944,-0.01134929,-6633.3633,584473.8809,OK,0.0000,265.3345,4.0000,96.0000,AG03-UNRESOLVED,ALL5_LEVELS_bet23_to_bet27,265.3345,265.3345,265.3345,331.6682,331.6682,4.000000,4.000000,4.000000,5.000000,5.000000,96.000000,96.000000,96.000000,95.000000,95.000000,5.0,1459.3399,1336.7936,5174.0234,5296.5697,PENDING_AG03,FALSE,NOT_FOR_ENFORCEMENT,6368.0288,500880.0275,6633.3633,6368.0288,265.3345,0.01134929,0.01089532,265.3345,6368.0288,0.01089532,265.3345,265.3345,265.3345,331.6682,331.6682,6368.0288,0.01089532,1459.3399,1336.7936,5174.0234,5296.5697,0.00885245,0.00906212,0.00045397,155.0329,138.3952,1.7595,127.5647,14.6756,11239.8823,72.5000,180.5550,151.7125,58.09,129.7286,157.9904,321.5856,428.8828,778.3716,93.4046,0.0,3.306,6.0,1.195055,16,80,84,2,0.13407078,0.01134929,0.02064894,0E-8,0.000000,0.892683,0.000000,-0.01073951,2026-03-25,2026-08-03,52,452,218,132,0.393939,1.190113,1.164624,0.446903,,,,,,,,GLOBAL_BASELINE_NO_ENTITY_RANKING,,,NOT_APPLICABLE_GLOBAL_BASELINE,HF9g-P5,,,,X 全窗基线 · 不参与实体赏罚,14190957,1420,A168_HF9F_20260827_0900,2026-08-27 09:00:00
2026-06-25,70521282,2127,0,56.3170211125,16.8693907989,16.8693907989,0.7500000,5,5,0.49592654000000000,0.495926540000,1.0163275685615971,1.0163275685615971,1.0163275685615971,0E-17,ELIGIBLE,R03b_20260811_FULL_v1,L1_ELIGIBILITY,v2026-08-11,2026-03-21..2026-08-06,baccarat_bet02_101_all_pairs_incl_sentinel,round_win = game_pnl > 0 (decisive only),COMPATIBILITY_ONLY_NOT_PRODUCTION,584473.8809,521750.0287,6633.3633,3770,3770,-0.01134929,-0.02064894,-0.00990944,-0.01134929,-6633.3633,584473.8809,OK,0.0000,265.3345,4.0000,96.0000,AG03-UNRESOLVED,ALL5_LEVELS_bet23_to_bet27,265.3345,265.3345,265.3345,331.6682,331.6682,4.000000,4.000000,4.000000,5.000000,5.000000,96.000000,96.000000,96.000000,95.000000,95.000000,5.0,1459.3399,1336.7936,5174.0234,5296.5697,PENDING_AG03,FALSE,NOT_FOR_ENFORCEMENT,6368.0288,500880.0275,6633.3633,6368.0288,265.3345,0.01134929,0.01089532,265.3345,6368.0288,0.01089532,265.3345,265.3345,265.3345,331.6682,331.6682,6368.0288,0.01089532,1459.3399,1336.7936,5174.0234,5296.5697,0.00885245,0.00906212,0.00045397,155.0329,138.3952,1.7595,127.5647,14.6756,11239.8823,72.5000,180.5550,151.7125,58.09,129.7286,157.9904,321.5856,428.8828,778.3716,93.4046,0.0,3.306,6.0,1.195055,16,80,84,2,0.13407078,0.01134929,0.02064894,0E-8,0.000000,0.892683,0.000000,-0.01073951,2026-03-25,2026-08-03,52,452,218,132,0.393939,1.190113,1.164624,0.446903,,,,,,,,GLOBAL_BASELINE_NO_ENTITY_RANKING,,,NOT_APPLICABLE_GLOBAL_BASELINE,HF9g-P5,,,,X 全窗基线 · 不参与实体赏罚,14190958,1420,A168_HF9F_20260827_0900,2026-08-27 09:00:00
2026-06-26,70521282,1941,0,158.1505387405,5.8117108546,5.8117108546,0.6250000,9,9,0.50367176666666667,0.503671766667,0.6863546392532456,0.6863546392513633,0.6863546392532456,-3.3333E-13,ELIGIBLE,R03b_20260811_FULL_v1,L1_ELIGIBILITY,v2026-08-11,2026-03-21..2026-08-06,baccarat_bet02_101_all_pairs_incl_sentinel,round_win = game_pnl > 0 (decisive only),COMPATIBILITY_ONLY_NOT_PRODUCTION,584473.8809,521750.0287,6633.3633,3770,3770,-0.01134929,-0.02064894,-0.00990944,-0.01134929,-6633.3633,584473.8809,OK,0.0000,265.3345,4.0000,96.0000,AG03-UNRESOLVED,ALL5_LEVELS_bet23_to_bet27,265.3345,265.3345,265.3345,331.6682,331.6682,4.000000,4.000000,4.000000,5.000000,5.000000,96.000000,96.000000,96.000000,95.000000,95.000000,5.0,1459.3399,1336.7936,5174.0234,5296.5697,PENDING_AG03,FALSE,NOT_FOR_ENFORCEMENT,6368.0288,500880.0275,6633.3633,6368.0288,265.3345,0.01134929,0.01089532,265.3345,6368.0288,0.01089532,265.3345,265.3345,265.3345,331.6682,331.6682,6368.0288,0.01089532,1459.3399,1336.7936,5174.0234,5296.5697,0.00885245,0.00906212,0.00045397,155.0329,138.3952,1.7595,127.5647,14.6756,11239.8823,72.5000,180.5550,151.7125,58.09,129.7286,157.9904,321.5856,428.8828,778.3716,93.4046,0.0,3.306,6.0,1.195055,16,80,84,2,0.13407078,0.01134929,0.02064894,0E-8,0.000000,0.892683,0.000000,-0.01073951,2026-03-25,2026-08-03,52,452,218,132,0.393939,1.190113,1.164624,0.446903,,,,,,,,GLOBAL_BASELINE_NO_ENTITY_RANKING,,,NOT_APPLICABLE_GLOBAL_BASELINE,HF9g-P5,,,,X 全窗基线 · 不参与实体赏罚,14190959,1420,A168_HF9F_20260827_0900,2026-08-27 09:00:00
2026-06-26,70521282,2106,0,254.8409494176,89.7472162934,89.7472162934,0.6666667,6,6,0.49324550000000000,0.493245500000,0.8496642703256836,0.8496642703256835,0.8496642703256836,0E-17,ELIGIBLE,R03b_20260811_FULL_v1,L1_ELIGIBILITY,v2026-08-11,2026-03-21..2026-08-06,baccarat_bet02_101_all_pairs_incl_sentinel,round_win = game_pnl > 0 (decisive only),COMPATIBILITY_ONLY_NOT_PRODUCTION,584473.8809,521750.0287,6633.3633,3770,3770,-0.01134929,-0.02064894,-0.00990944,-0.01134929,-6633.3633,584473.8809,OK,0.0000,265.3345,4.0000,96.0000,AG03-UNRESOLVED,ALL5_LEVELS_bet23_to_bet27,265.3345,265.3345,265.3345,331.6682,331.6682,4.000000,4.000000,4.000000,5.000000,5.000000,96.000000,96.000000,96.000000,95.000000,95.000000,5.0,1459.3399,1336.7936,5174.0234,5296.5697,PENDING_AG03,FALSE,NOT_FOR_ENFORCEMENT,6368.0288,500880.0275,6633.3633,6368.0288,265.3345,0.01134929,0.01089532,265.3345,6368.0288,0.01089532,265.3345,265.3345,265.3345,331.6682,331.6682,6368.0288,0.01089532,1459.3399,1336.7936,5174.0234,5296.5697,0.00885245,0.00906212,0.00045397,155.0329,138.3952,1.7595,127.5647,14.6756,11239.8823,72.5000,180.5550,151.7125,58.09,129.7286,157.9904,321.5856,428.8828,778.3716,93.4046,0.0,3.306,6.0,1.195055,16,80,84,2,0.13407078,0.01134929,0.02064894,0E-8,0.000000,0.892683,0.000000,-0.01073951,2026-03-25,2026-08-03,52,452,218,132,0.393939,1.190113,1.164624,0.446903,,,,,,,,GLOBAL_BASELINE_NO_ENTITY_RANKING,,,NOT_APPLICABLE_GLOBAL_BASELINE,HF9g-P5,,,,X 全窗基线 · 不参与实体赏罚,14190960,1420,A168_HF9F_20260827_0900,2026-08-27 09:00:00
2026-06-26,70521282,2129,0,12.8577673773,-12.8577673773,-12.8577673773,0E-7,1,1,0.50665070000000000,0.506650700000,-1.013391052207602,-1.013391052207602,-1.013391052207602,0E-17,ELIGIBLE,R03b_20260811_FULL_v1,L1_ELIGIBILITY,v2026-08-11,2026-03-21..2026-08-06,baccarat_bet02_101_all_pairs_incl_sentinel,round_win = game_pnl > 0 (decisive only),COMPATIBILITY_ONLY_NOT_PRODUCTION,584473.8809,521750.0287,6633.3633,3770,3770,-0.01134929,-0.02064894,-0.00990944,-0.01134929,-6633.3633,584473.8809,OK,0.0000,265.3345,4.0000,96.0000,AG03-UNRESOLVED,ALL5_LEVELS_bet23_to_bet27,265.3345,265.3345,265.3345,331.6682,331.6682,4.000000,4.000000,4.000000,5.000000,5.000000,96.000000,96.000000,96.000000,95.000000,95.000000,5.0,1459.3399,1336.7936,5174.0234,5296.5697,PENDING_AG03,FALSE,NOT_FOR_ENFORCEMENT,6368.0288,500880.0275,6633.3633,6368.0288,265.3345,0.01134929,0.01089532,265.3345,6368.0288,0.01089532,265.3345,265.3345,265.3345,331.6682,331.6682,6368.0288,0.01089532,1459.3399,1336.7936,5174.0234,5296.5697,0.00885245,0.00906212,0.00045397,155.0329,138.3952,1.7595,127.5647,14.6756,11239.8823,72.5000,180.5550,151.7125,58.09,129.7286,157.9904,321.5856,428.8828,778.3716,93.4046,0.0,3.306,6.0,1.195055,16,80,84,2,0.13407078,0.01134929,0.02064894,0E-8,0.000000,0.892683,0.000000,-0.01073951,2026-03-25,2026-08-03,52,452,218,132,0.393939,1.190113,1.164624,0.446903,,,,,,,,GLOBAL_BASELINE_NO_ENTITY_RANKING,,,NOT_APPLICABLE_GLOBAL_BASELINE,HF9g-P5,,,,X 全窗基线 · 不参与实体赏罚,14190961,1420,A168_HF9F_20260827_0900,2026-08-27 09:00:00
2026-06-26,70521282,2134,0,314.2438347004,-262.8127651914,-262.8127651914,0E-7,9,9,0.49920336666666667,0.499203366667,-2.6415392764664807,-2.6415392764682424,-2.6415392764664807,-3.3333E-13,ELIGIBLE,R03b_20260811_FULL_v1,L1_ELIGIBILITY,v2026-08-11,2026-03-21..2026-08-06,baccarat_bet02_101_all_pairs_incl_sentinel,round_win = game_pnl > 0 (decisive only),COMPATIBILITY_ONLY_NOT_PRODUCTION,584473.8809,521750.0287,6633.3633,3770,3770,-0.01134929,-0.02064894,-0.00990944,-0.01134929,-6633.3633,584473.8809,OK,0.0000,265.3345,4.0000,96.0000,AG03-UNRESOLVED,ALL5_LEVELS_bet23_to_bet27,265.3345,265.3345,265.3345,331.6682,331.6682,4.000000,4.000000,4.000000,5.000000,5.000000,96.000000,96.000000,96.000000,95.000000,95.000000,5.0,1459.3399,1336.7936,5174.0234,5296.5697,PENDING_AG03,FALSE,NOT_FOR_ENFORCEMENT,6368.0288,500880.0275,6633.3633,6368.0288,265.3345,0.01134929,0.01089532,265.3345,6368.0288,0.01089532,265.3345,265.3345,265.3345,331.6682,331.6682,6368.0288,0.01089532,1459.3399,1336.7936,5174.0234,5296.5697,0.00885245,0.00906212,0.00045397,155.0329,138.3952,1.7595,127.5647,14.6756,11239.8823,72.5000,180.5550,151.7125,58.09,129.7286,157.9904,321.5856,428.8828,778.3716,93.4046,0.0,3.306,6.0,1.195055,16,80,84,2,0.13407078,0.01134929,0.02064894,0E-8,0.000000,0.892683,0.000000,-0.01073951,2026-03-25,2026-08-03,52,452,218,132,0.393939,1.190113,1.164624,0.446903,,,,,,,,GLOBAL_BASELINE_NO_ENTITY_RANKING,,,NOT_APPLICABLE_GLOBAL_BASELINE,HF9g-P5,,,,X 全窗基线 · 不参与实体赏罚,14190962,1420,A168_HF9F_20260827_0900,2026-08-27 09:00:00
2026-06-26,70521282,2153,0,8.4861264690,-2.8287088230,-2.8287088230,0.5000000,2,2,0.49324550000000000,0.493245500000,0.01910635448239258,0.01910635448239258,0.01910635448239258,0E-17,ELIGIBLE,R03b_20260811_FULL_v1,L1_ELIGIBILITY,v2026-08-11,2026-03-21..2026-08-06,baccarat_bet02_101_all_pairs_incl_sentinel,round_win = game_pnl > 0 (decisive only),COMPATIBILITY_ONLY_NOT_PRODUCTION,584473.8809,521750.0287,6633.3633,3770,3770,-0.01134929,-0.02064894,-0.00990944,-0.01134929,-6633.3633,584473.8809,OK,0.0000,265.3345,4.0000,96.0000,AG03-UNRESOLVED,ALL5_LEVELS_bet23_to_bet27,265.3345,265.3345,265.3345,331.6682,331.6682,4.000000,4.000000,4.000000,5.000000,5.000000,96.000000,96.000000,96.000000,95.000000,95.000000,5.0,1459.3399,1336.7936,5174.0234,5296.5697,PENDING_AG03,FALSE,NOT_FOR_ENFORCEMENT,6368.0288,500880.0275,6633.3633,6368.0288,265.3345,0.01134929,0.01089532,265.3345,6368.0288,0.01089532,265.3345,265.3345,265.3345,331.6682,331.6682,6368.0288,0.01089532,1459.3399,1336.7936,5174.0234,5296.5697,0.00885245,0.00906212,0.00045397,155.0329,138.3952,1.7595,127.5647,14.6756,11239.8823,72.5000,180.5550,151.7125,58.09,129.7286,157.9904,321.5856,428.8828,778.3716,93.4046,0.0,3.306,6.0,1.195055,16,80,84,2,0.13407078,0.01134929,0.02064894,0E-8,0.000000,0.892683,0.000000,-0.01073951,2026-03-25,2026-08-03,52,452,218,132,0.393939,1.190113,1.164624,0.446903,,,,,,,,GLOBAL_BASELINE_NO_ENTITY_RANKING,,,NOT_APPLICABLE_GLOBAL_BASELINE,HF9g-P5,,,,X 全窗基线 · 不参与实体赏罚,14190963,1420,A168_HF9F_20260827_0900,2026-08-27 09:00:00
2026-06-27,70521282,2127,0,84.8612646899,-18.0008743281,-18.0008743281,0.3333333,3,3,0.49324550000000000,0.493245500000,-0.5540025479526107,-0.5540025479526106,-0.5540025479526107,0E-17,ELIGIBLE,R03b_20260811_FULL_v1,L1_ELIGIBILITY,v2026-08-11,2026-03-21..2026-08-06,baccarat_bet02_101_all_pairs_incl_sentinel,round_win = game_pnl > 0 (decisive only),COMPATIBILITY_ONLY_NOT_PRODUCTION,584473.8809,521750.0287,6633.3633,3770,3770,-0.01134929,-0.02064894,-0.00990944,-0.01134929,-6633.3633,584473.8809,OK,0.0000,265.3345,4.0000,96.0000,AG03-UNRESOLVED,ALL5_LEVELS_bet23_to_bet27,265.3345,265.3345,265.3345,331.6682,331.6682,4.000000,4.000000,4.000000,5.000000,5.000000,96.000000,96.000000,96.000000,95.000000,95.000000,5.0,1459.3399,1336.7936,5174.0234,5296.5697,PENDING_AG03,FALSE,NOT_FOR_ENFORCEMENT,6368.0288,500880.0275,6633.3633,6368.0288,265.3345,0.01134929,0.01089532,265.3345,6368.0288,0.01089532,265.3345,265.3345,265.3345,331.6682,331.6682,6368.0288,0.01089532,1459.3399,1336.7936,5174.0234,5296.5697,0.00885245,0.00906212,0.00045397,155.0329,138.3952,1.7595,127.5647,14.6756,11239.8823,72.5000,180.5550,151.7125,58.09,129.7286,157.9904,321.5856,428.8828,778.3716,93.4046,0.0,3.306,6.0,1.195055,16,80,84,2,0.13407078,0.01134929,0.02064894,0E-8,0.000000,0.892683,0.000000,-0.01073951,2026-03-25,2026-08-03,52,452,218,132,0.393939,1.190113,1.164624,0.446903,,,,,,,,GLOBAL_BASELINE_NO_ENTITY_RANKING,,,NOT_APPLICABLE_GLOBAL_BASELINE,HF9g-P5,,,,X 全窗基线 · 不参与实体赏罚,14190964,1420,A168_HF9F_20260827_0900,2026-08-27 09:00:00
2026-06-27,70521282,2134,0,141.4354411499,-64.2888368863,-64.2888368863,0.2500000,4,4,0.49659680000000000,0.496596800000,-0.9864100490137353,-0.9864100490137354,-0.9864100490137353,0E-17,ELIGIBLE,R03b_20260811_FULL_v1,L1_ELIGIBILITY,v2026-08-11,2026-03-21..2026-08-06,baccarat_bet02_101_all_pairs_incl_sentinel,round_win = game_pnl > 0 (decisive only),COMPATIBILITY_ONLY_NOT_PRODUCTION,584473.8809,521750.0287,6633.3633,3770,3770,-0.01134929,-0.02064894,-0.00990944,-0.01134929,-6633.3633,584473.8809,OK,0.0000,265.3345,4.0000,96.0000,AG03-UNRESOLVED,ALL5_LEVELS_bet23_to_bet27,265.3345,265.3345,265.3345,331.6682,331.6682,4.000000,4.000000,4.000000,5.000000,5.000000,96.000000,96.000000,96.000000,95.000000,95.000000,5.0,1459.3399,1336.7936,5174.0234,5296.5697,PENDING_AG03,FALSE,NOT_FOR_ENFORCEMENT,6368.0288,500880.0275,6633.3633,6368.0288,265.3345,0.01134929,0.01089532,265.3345,6368.0288,0.01089532,265.3345,265.3345,265.3345,331.6682,331.6682,6368.0288,0.01089532,1459.3399,1336.7936,5174.0234,5296.5697,0.00885245,0.00906212,0.00045397,155.0329,138.3952,1.7595,127.5647,14.6756,11239.8823,72.5000,180.5550,151.7125,58.09,129.7286,157.9904,321.5856,428.8828,778.3716,93.4046,0.0,3.306,6.0,1.195055,16,80,84,2,0.13407078,0.01134929,0.02064894,0E-8,0.000000,0.892683,0.000000,-0.01073951,2026-03-25,2026-08-03,52,452,218,132,0.393939,1.190113,1.164624,0.446903,,,,,,,,GLOBAL_BASELINE_NO_ENTITY_RANKING,,,NOT_APPLICABLE_GLOBAL_BASELINE,HF9g-P5,,,,X 全窗基线 · 不参与实体赏罚,14190965,1420,A168_HF9F_20260827_0900,2026-08-27 09:00:00
2026-06-27,70521282,2160,0,43.7164090827,-7.7146604263,-7.7146604263,0.5000000,2,2,0.49324550000000000,0.493245500000,0.01910635448239258,0.01910635448239258,0.01910635448239258,0E-17,ELIGIBLE,R03b_20260811_FULL_v1,L1_ELIGIBILITY,v2026-08-11,2026-03-21..2026-08-06,baccarat_bet02_101_all_pairs_incl_sentinel,round_win = game_pnl > 0 (decisive only),COMPATIBILITY_ONLY_NOT_PRODUCTION,584473.8809,521750.0287,6633.3633,3770,3770,-0.01134929,-0.02064894,-0.00990944,-0.01134929,-6633.3633,584473.8809,OK,0.0000,265.3345,4.0000,96.0000,AG03-UNRESOLVED,ALL5_LEVELS_bet23_to_bet27,265.3345,265.3345,265.3345,331.6682,331.6682,4.000000,4.000000,4.000000,5.000000,5.000000,96.000000,96.000000,96.000000,95.000000,95.000000,5.0,1459.3399,1336.7936,5174.0234,5296.5697,PENDING_AG03,FALSE,NOT_FOR_ENFORCEMENT,6368.0288,500880.0275,6633.3633,6368.0288,265.3345,0.01134929,0.01089532,265.3345,6368.0288,0.01089532,265.3345,265.3345,265.3345,331.6682,331.6682,6368.0288,0.01089532,1459.3399,1336.7936,5174.0234,5296.5697,0.00885245,0.00906212,0.00045397,155.0329,138.3952,1.7595,127.5647,14.6756,11239.8823,72.5000,180.5550,151.7125,58.09,129.7286,157.9904,321.5856,428.8828,778.3716,93.4046,0.0,3.306,6.0,1.195055,16,80,84,2,0.13407078,0.01134929,0.02064894,0E-8,0.000000,0.892683,0.000000,-0.01073951,2026-03-25,2026-08-03,52,452,218,132,0.393939,1.190113,1.164624,0.446903,,,,,,,,GLOBAL_BASELINE_NO_ENTITY_RANKING,,,NOT_APPLICABLE_GLOBAL_BASELINE,HF9g-P5,,,,X 全窗基线 · 不参与实体赏罚,14190966,1420,A168_HF9F_20260827_0900,2026-08-27 09:00:00
2026-06-27,70521282,752,0,223.9823077117,64.0316815387,64.0316815387,0.6363636,11,11,0.49446415454545455,0.494464154545,0.9413123741782674,0.9413123741812922,0.9413123741782674,4.5455E-13,ELIGIBLE,R03b_20260811_FULL_v1,L1_ELIGIBILITY,v2026-08-11,2026-03-21..2026-08-06,baccarat_bet02_101_all_pairs_incl_sentinel,round_win = game_pnl > 0 (decisive only),COMPATIBILITY_ONLY_NOT_PRODUCTION,584473.8809,521750.0287,6633.3633,3770,3770,-0.01134929,-0.02064894,-0.00990944,-0.01134929,-6633.3633,584473.8809,OK,0.0000,265.3345,4.0000,96.0000,AG03-UNRESOLVED,ALL5_LEVELS_bet23_to_bet27,265.3345,265.3345,265.3345,331.6682,331.6682,4.000000,4.000000,4.000000,5.000000,5.000000,96.000000,96.000000,96.000000,95.000000,95.000000,5.0,1459.3399,1336.7936,5174.0234,5296.5697,PENDING_AG03,FALSE,NOT_FOR_ENFORCEMENT,6368.0288,500880.0275,6633.3633,6368.0288,265.3345,0.01134929,0.01089532,265.3345,6368.0288,0.01089532,265.3345,265.3345,265.3345,331.6682,331.6682,6368.0288,0.01089532,1459.3399,1336.7936,5174.0234,5296.5697,0.00885245,0.00906212,0.00045397,155.0329,138.3952,1.7595,127.5647,14.6756,11239.8823,72.5000,180.5550,151.7125,58.09,129.7286,157.9904,321.5856,428.8828,778.3716,93.4046,0.0,3.306,6.0,1.195055,16,80,84,2,0.13407078,0.01134929,0.02064894,0E-8,0.000000,0.892683,0.000000,-0.01073951,2026-03-25,2026-08-03,52,452,218,132,0.393939,1.190113,1.164624,0.446903,,,,,,,,GLOBAL_BASELINE_NO_ENTITY_RANKING,,,NOT_APPLICABLE_GLOBAL_BASELINE,HF9g-P5,,,,X 全窗基线 · 不参与实体赏罚,14190967,1420,A168_HF9F_20260827_0900,2026-08-27 09:00:00
2026-06-28,70521282,2261,0,211.3816956824,-21.3310360787,-21.3310360787,0.5000000,8,8,0.50497505000000000,0.504975050000,-0.028144525985643355,-0.028144525985643355,-0.028144525985643355,0E-17,ELIGIBLE,R03b_20260811_FULL_v1,L1_ELIGIBILITY,v2026-08-11,2026-03-21..2026-08-06,baccarat_bet02_101_all_pairs_incl_sentinel,round_win = game_pnl > 0 (decisive only),COMPATIBILITY_ONLY_NOT_PRODUCTION,584473.8809,521750.0287,6633.3633,3770,3770,-0.01134929,-0.02064894,-0.00990944,-0.01134929,-6633.3633,584473.8809,OK,0.0000,265.3345,4.0000,96.0000,AG03-UNRESOLVED,ALL5_LEVELS_bet23_to_bet27,265.3345,265.3345,265.3345,331.6682,331.6682,4.000000,4.000000,4.000000,5.000000,5.000000,96.000000,96.000000,96.000000,95.000000,95.000000,5.0,1459.3399,1336.7936,5174.0234,5296.5697,PENDING_AG03,FALSE,NOT_FOR_ENFORCEMENT,6368.0288,500880.0275,6633.3633,6368.0288,265.3345,0.01134929,0.01089532,265.3345,6368.0288,0.01089532,265.3345,265.3345,265.3345,331.6682,331.6682,6368.0288,0.01089532,1459.3399,1336.7936,5174.0234,5296.5697,0.00885245,0.00906212,0.00045397,155.0329,138.3952,1.7595,127.5647,14.6756,11239.8823,72.5000,180.5550,151.7125,58.09,129.7286,157.9904,321.5856,428.8828,778.3716,93.4046,0.0,3.306,6.0,1.195055,16,80,84,2,0.13407078,0.01134929,0.02064894,0E-8,0.000000,0.892683,0.000000,-0.01073951,2026-03-25,2026-08-03,52,452,218,132,0.393939,1.190113,1.164624,0.446903,,,,,,,,GLOBAL_BASELINE_NO_ENTITY_RANKING,,,NOT_APPLICABLE_GLOBAL_BASELINE,HF9g-P5,,,,X 全窗基线 · 不参与实体赏罚,14190968,1420,A168_HF9F_20260827_0900,2026-08-27 09:00:00
2026-06-28,70521282,752,0,13.6292334199,0E-10,0E-10,,1,1,0.50665070000000000,0.506650700000,,,,0E-17,NO_DECISIVE_ROUND,R03b_20260811_FULL_v1,L1_ELIGIBILITY,v2026-08-11,2026-03-21..2026-08-06,baccarat_bet02_101_all_pairs_incl_sentinel,round_win = game_pnl > 0 (decisive only),COMPATIBILITY_ONLY_NOT_PRODUCTION,584473.8809,521750.0287,6633.3633,3770,3770,-0.01134929,-0.02064894,-0.00990944,-0.01134929,-6633.3633,584473.8809,OK,0.0000,265.3345,4.0000,96.0000,AG03-UNRESOLVED,ALL5_LEVELS_bet23_to_bet27,265.3345,265.3345,265.3345,331.6682,331.6682,4.000000,4.000000,4.000000,5.000000,5.000000,96.000000,96.000000,96.000000,95.000000,95.000000,5.0,1459.3399,1336.7936,5174.0234,5296.5697,PENDING_AG03,FALSE,NOT_FOR_ENFORCEMENT,6368.0288,500880.0275,6633.3633,6368.0288,265.3345,0.01134929,0.01089532,265.3345,6368.0288,0.01089532,265.3345,265.3345,265.3345,331.6682,331.6682,6368.0288,0.01089532,1459.3399,1336.7936,5174.0234,5296.5697,0.00885245,0.00906212,0.00045397,155.0329,138.3952,1.7595,127.5647,14.6756,11239.8823,72.5000,180.5550,151.7125,58.09,129.7286,157.9904,321.5856,428.8828,778.3716,93.4046,0.0,3.306,6.0,1.195055,16,80,84,2,0.13407078,0.01134929,0.02064894,0E-8,0.000000,0.892683,0.000000,-0.01073951,2026-03-25,2026-08-03,52,452,218,132,0.393939,1.190113,1.164624,0.446903,,,,,,,,GLOBAL_BASELINE_NO_ENTITY_RANKING,,,NOT_APPLICABLE_GLOBAL_BASELINE,HF9g-P5,,,,X 全窗基线 · 不参与实体赏罚,14190969,1420,A168_HF9F_20260827_0900,2026-08-27 09:00:00
2026-06-30,70521282,925,0,30.4649781840,-30.4649781840,-30.4649781840,0E-7,1,1,0.49324550000000000,0.493245500000,-0.9865810262130424,-0.9865810262130424,-0.9865810262130424,0E-17,ELIGIBLE,R03b_20260811_FULL_v1,L1_ELIGIBILITY,v2026-08-11,2026-03-21..2026-08-06,baccarat_bet02_101_all_pairs_incl_sentinel,round_win = game_pnl > 0 (decisive only),COMPATIBILITY_ONLY_NOT_PRODUCTION,584473.8809,521750.0287,6633.3633,3770,3770,-0.01134929,-0.02064894,-0.00990944,-0.01134929,-6633.3633,584473.8809,OK,0.0000,265.3345,4.0000,96.0000,AG03-UNRESOLVED,ALL5_LEVELS_bet23_to_bet27,265.3345,265.3345,265.3345,331.6682,331.6682,4.000000,4.000000,4.000000,5.000000,5.000000,96.000000,96.000000,96.000000,95.000000,95.000000,5.0,1459.3399,1336.7936,5174.0234,5296.5697,PENDING_AG03,FALSE,NOT_FOR_ENFORCEMENT,6368.0288,500880.0275,6633.3633,6368.0288,265.3345,0.01134929,0.01089532,265.3345,6368.0288,0.01089532,265.3345,265.3345,265.3345,331.6682,331.6682,6368.0288,0.01089532,1459.3399,1336.7936,5174.0234,5296.5697,0.00885245,0.00906212,0.00045397,155.0329,138.3952,1.7595,127.5647,14.6756,11239.8823,72.5000,180.5550,151.7125,58.09,129.7286,157.9904,321.5856,428.8828,778.3716,93.4046,0.0,3.306,6.0,1.195055,16,80,84,2,0.13407078,0.01134929,0.02064894,0E-8,0.000000,0.892683,0.000000,-0.01073951,2026-03-25,2026-08-03,52,452,218,132,0.393939,1.190113,1.164624,0.446903,,,,,,,,GLOBAL_BASELINE_NO_ENTITY_RANKING,,,NOT_APPLICABLE_GLOBAL_BASELINE,HF9g-P5,,,,X 全窗基线 · 不参与实体赏罚,14190970,1420,A168_HF9F_20260827_0900,2026-08-27 09:00:00
2026-07-13,70521282,1017,0,114.1145792994,-114.1145792994,-114.1145792994,0E-7,2,2,0.49324550000000000,0.493245500000,-1.3952362676504506,-1.3952362676504506,-1.3952362676504506,0E-17,ELIGIBLE,R03b_20260811_FULL_v1,L1_ELIGIBILITY,v2026-08-11,2026-03-21..2026-08-06,baccarat_bet02_101_all_pairs_incl_sentinel,round_win = game_pnl > 0 (decisive only),COMPATIBILITY_ONLY_NOT_PRODUCTION,584473.8809,521750.0287,6633.3633,3770,3770,-0.01134929,-0.02064894,-0.00990944,-0.01134929,-6633.3633,584473.8809,OK,0.0000,265.3345,4.0000,96.0000,AG03-UNRESOLVED,ALL5_LEVELS_bet23_to_bet27,265.3345,265.3345,265.3345,331.6682,331.6682,4.000000,4.000000,4.000000,5.000000,5.000000,96.000000,96.000000,96.000000,95.000000,95.000000,5.0,1459.3399,1336.7936,5174.0234,5296.5697,PENDING_AG03,FALSE,NOT_FOR_ENFORCEMENT,6368.0288,500880.0275,6633.3633,6368.0288,265.3345,0.01134929,0.01089532,265.3345,6368.0288,0.01089532,265.3345,265.3345,265.3345,331.6682,331.6682,6368.0288,0.01089532,1459.3399,1336.7936,5174.0234,5296.5697,0.00885245,0.00906212,0.00045397,155.0329,138.3952,1.7595,127.5647,14.6756,11239.8823,72.5000,180.5550,151.7125,58.09,129.7286,157.9904,321.5856,428.8828,778.3716,93.4046,0.0,3.306,6.0,1.195055,16,80,84,2,0.13407078,0.01134929,0.02064894,0E-8,0.000000,0.892683,0.000000,-0.01073951,2026-03-25,2026-08-03,52,452,218,132,0.393939,1.190113,1.164624,0.446903,,,,,,,,GLOBAL_BASELINE_NO_ENTITY_RANKING,,,NOT_APPLICABLE_GLOBAL_BASELINE,HF9g-P5,,,,X 全窗基线 · 不参与实体赏罚,14190971,1420,A168_HF9F_20260827_0900,2026-08-27 09:00:00
2026-07-13,70521282,1205,0,1324.9683732212,-168.3319133556,-168.3319133556,0.4285714,18,18,0.49547970000000000,0.495479700000,-0.5007161188492708,-0.5007161188492708,-0.5007161188492708,0E-17,ELIGIBLE,R03b_20260811_FULL_v1,L1_ELIGIBILITY,v2026-08-11,2026-03-21..2026-08-06,baccarat_bet02_101_all_pairs_incl_sentinel,round_win = game_pnl > 0 (decisive only),COMPATIBILITY_ONLY_NOT_PRODUCTION,584473.8809,521750.0287,6633.3633,3770,3770,-0.01134929,-0.02064894,-0.00990944,-0.01134929,-6633.3633,584473.8809,OK,0.0000,265.3345,4.0000,96.0000,AG03-UNRESOLVED,ALL5_LEVELS_bet23_to_bet27,265.3345,265.3345,265.3345,331.6682,331.6682,4.000000,4.000000,4.000000,5.000000,5.000000,96.000000,96.000000,96.000000,95.000000,95.000000,5.0,1459.3399,1336.7936,5174.0234,5296.5697,PENDING_AG03,FALSE,NOT_FOR_ENFORCEMENT,6368.0288,500880.0275,6633.3633,6368.0288,265.3345,0.01134929,0.01089532,265.3345,6368.0288,0.01089532,265.3345,265.3345,265.3345,331.6682,331.6682,6368.0288,0.01089532,1459.3399,1336.7936,5174.0234,5296.5697,0.00885245,0.00906212,0.00045397,155.0329,138.3952,1.7595,127.5647,14.6756,11239.8823,72.5000,180.5550,151.7125,58.09,129.7286,157.9904,321.5856,428.8828,778.3716,93.4046,0.0,3.306,6.0,1.195055,16,80,84,2,0.13407078,0.01134929,0.02064894,0E-8,0.000000,0.892683,0.000000,-0.01073951,2026-03-25,2026-08-03,52,452,218,132,0.393939,1.190113,1.164624,0.446903,,,,,,,,GLOBAL_BASELINE_NO_ENTITY_RANKING,,,NOT_APPLICABLE_GLOBAL_BASELINE,HF9g-P5,,,,X 全窗基线 · 不参与实体赏罚,14190972,1420,A168_HF9F_20260827_0900,2026-08-27 09:00:00
2026-07-13,70521282,1299,0,10.3271112488,-10.3271112488,-10.3271112488,0E-7,1,1,0.49324550000000000,0.493245500000,-0.9865810262130424,-0.9865810262130424,-0.9865810262130424,0E-17,ELIGIBLE,R03b_20260811_FULL_v1,L1_ELIGIBILITY,v2026-08-11,2026-03-21..2026-08-06,baccarat_bet02_101_all_pairs_incl_sentinel,round_win = game_pnl > 0 (decisive only),COMPATIBILITY_ONLY_NOT_PRODUCTION,584473.8809,521750.0287,6633.3633,3770,3770,-0.01134929,-0.02064894,-0.00990944,-0.01134929,-6633.3633,584473.8809,OK,0.0000,265.3345,4.0000,96.0000,AG03-UNRESOLVED,ALL5_LEVELS_bet23_to_bet27,265.3345,265.3345,265.3345,331.6682,331.6682,4.000000,4.000000,4.000000,5.000000,5.000000,96.000000,96.000000,96.000000,95.000000,95.000000,5.0,1459.3399,1336.7936,5174.0234,5296.5697,PENDING_AG03,FALSE,NOT_FOR_ENFORCEMENT,6368.0288,500880.0275,6633.3633,6368.0288,265.3345,0.01134929,0.01089532,265.3345,6368.0288,0.01089532,265.3345,265.3345,265.3345,331.6682,331.6682,6368.0288,0.01089532,1459.3399,1336.7936,5174.0234,5296.5697,0.00885245,0.00906212,0.00045397,155.0329,138.3952,1.7595,127.5647,14.6756,11239.8823,72.5000,180.5550,151.7125,58.09,129.7286,157.9904,321.5856,428.8828,778.3716,93.4046,0.0,3.306,6.0,1.195055,16,80,84,2,0.13407078,0.01134929,0.02064894,0E-8,0.000000,0.892683,0.000000,-0.01073951,2026-03-25,2026-08-03,52,452,218,132,0.393939,1.190113,1.164624,0.446903,,,,,,,,GLOBAL_BASELINE_NO_ENTITY_RANKING,,,NOT_APPLICABLE_GLOBAL_BASELINE,HF9g-P5,,,,X 全窗基线 · 不参与实体赏罚,14190973,1420,A168_HF9F_20260827_0900,2026-08-27 09:00:00
2026-07-13,70521282,1646,0,481.2433841941,-109.6610125732,-109.6610125732,0.3750000,9,9,0.49771390000000000,0.497713900000,-0.694181902665499,-0.6941819026654991,-0.694181902665499,0E-17,ELIGIBLE,R03b_20260811_FULL_v1,L1_ELIGIBILITY,v2026-08-11,2026-03-21..2026-08-06,baccarat_bet02_101_all_pairs_incl_sentinel,round_win = game_pnl > 0 (decisive only),COMPATIBILITY_ONLY_NOT_PRODUCTION,584473.8809,521750.0287,6633.3633,3770,3770,-0.01134929,-0.02064894,-0.00990944,-0.01134929,-6633.3633,584473.8809,OK,0.0000,265.3345,4.0000,96.0000,AG03-UNRESOLVED,ALL5_LEVELS_bet23_to_bet27,265.3345,265.3345,265.3345,331.6682,331.6682,4.000000,4.000000,4.000000,5.000000,5.000000,96.000000,96.000000,96.000000,95.000000,95.000000,5.0,1459.3399,1336.7936,5174.0234,5296.5697,PENDING_AG03,FALSE,NOT_FOR_ENFORCEMENT,6368.0288,500880.0275,6633.3633,6368.0288,265.3345,0.01134929,0.01089532,265.3345,6368.0288,0.01089532,265.3345,265.3345,265.3345,331.6682,331.6682,6368.0288,0.01089532,1459.3399,1336.7936,5174.0234,5296.5697,0.00885245,0.00906212,0.00045397,155.0329,138.3952,1.7595,127.5647,14.6756,11239.8823,72.5000,180.5550,151.7125,58.09,129.7286,157.9904,321.5856,428.8828,778.3716,93.4046,0.0,3.306,6.0,1.195055,16,80,84,2,0.13407078,0.01134929,0.02064894,0E-8,0.000000,0.892683,0.000000,-0.01073951,2026-03-25,2026-08-03,52,452,218,132,0.393939,1.190113,1.164624,0.446903,,,,,,,,GLOBAL_BASELINE_NO_ENTITY_RANKING,,,NOT_APPLICABLE_GLOBAL_BASELINE,HF9g-P5,,,,X 全窗基线 · 不参与实体赏罚,14190974,1420,A168_HF9F_20260827_0900,2026-08-27 09:00:00
2026-07-13,70521282,1710,0,154.9066687320,103.2711124880,103.2711124880,0.8333333,6,6,0.49324550000000000,0.493245500000,1.666235363940442,1.6662353639404415,1.666235363940442,0E-17,ELIGIBLE,R03b_20260811_FULL_v1,L1_ELIGIBILITY,v2026-08-11,2026-03-21..2026-08-06,baccarat_bet02_101_all_pairs_incl_sentinel,round_win = game_pnl > 0 (decisive only),COMPATIBILITY_ONLY_NOT_PRODUCTION,584473.8809,521750.0287,6633.3633,3770,3770,-0.01134929,-0.02064894,-0.00990944,-0.01134929,-6633.3633,584473.8809,OK,0.0000,265.3345,4.0000,96.0000,AG03-UNRESOLVED,ALL5_LEVELS_bet23_to_bet27,265.3345,265.3345,265.3345,331.6682,331.6682,4.000000,4.000000,4.000000,5.000000,5.000000,96.000000,96.000000,96.000000,95.000000,95.000000,5.0,1459.3399,1336.7936,5174.0234,5296.5697,PENDING_AG03,FALSE,NOT_FOR_ENFORCEMENT,6368.0288,500880.0275,6633.3633,6368.0288,265.3345,0.01134929,0.01089532,265.3345,6368.0288,0.01089532,265.3345,265.3345,265.3345,331.6682,331.6682,6368.0288,0.01089532,1459.3399,1336.7936,5174.0234,5296.5697,0.00885245,0.00906212,0.00045397,155.0329,138.3952,1.7595,127.5647,14.6756,11239.8823,72.5000,180.5550,151.7125,58.09,129.7286,157.9904,321.5856,428.8828,778.3716,93.4046,0.0,3.306,6.0,1.195055,16,80,84,2,0.13407078,0.01134929,0.02064894,0E-8,0.000000,0.892683,0.000000,-0.01073951,2026-03-25,2026-08-03,52,452,218,132,0.393939,1.190113,1.164624,0.446903,,,,,,,,GLOBAL_BASELINE_NO_ENTITY_RANKING,,,NOT_APPLICABLE_GLOBAL_BASELINE,HF9g-P5,,,,X 全窗基线 · 不参与实体赏罚,14190975,1420,A168_HF9F_20260827_0900,2026-08-27 09:00:00
2026-07-13,70521282,1947,0,51.6355562440,-51.6355562440,-51.6355562440,0E-7,1,1,0.50665070000000000,0.506650700000,-1.013391052207602,-1.013391052207602,-1.013391052207602,0E-17,ELIGIBLE,R03b_20260811_FULL_v1,L1_ELIGIBILITY,v2026-08-11,2026-03-21..2026-08-06,baccarat_bet02_101_all_pairs_incl_sentinel,round_win = game_pnl > 0 (decisive only),COMPATIBILITY_ONLY_NOT_PRODUCTION,584473.8809,521750.0287,6633.3633,3770,3770,-0.01134929,-0.02064894,-0.00990944,-0.01134929,-6633.3633,584473.8809,OK,0.0000,265.3345,4.0000,96.0000,AG03-UNRESOLVED,ALL5_LEVELS_bet23_to_bet27,265.3345,265.3345,265.3345,331.6682,331.6682,4.000000,4.000000,4.000000,5.000000,5.000000,96.000000,96.000000,96.000000,95.000000,95.000000,5.0,1459.3399,1336.7936,5174.0234,5296.5697,PENDING_AG03,FALSE,NOT_FOR_ENFORCEMENT,6368.0288,500880.0275,6633.3633,6368.0288,265.3345,0.01134929,0.01089532,265.3345,6368.0288,0.01089532,265.3345,265.3345,265.3345,331.6682,331.6682,6368.0288,0.01089532,1459.3399,1336.7936,5174.0234,5296.5697,0.00885245,0.00906212,0.00045397,155.0329,138.3952,1.7595,127.5647,14.6756,11239.8823,72.5000,180.5550,151.7125,58.09,129.7286,157.9904,321.5856,428.8828,778.3716,93.4046,0.0,3.306,6.0,1.195055,16,80,84,2,0.13407078,0.01134929,0.02064894,0E-8,0.000000,0.892683,0.000000,-0.01073951,2026-03-25,2026-08-03,52,452,218,132,0.393939,1.190113,1.164624,0.446903,,,,,,,,GLOBAL_BASELINE_NO_ENTITY_RANKING,,,NOT_APPLICABLE_GLOBAL_BASELINE,HF9g-P5,,,,X 全窗基线 · 不参与实体赏罚,14190976,1420,A168_HF9F_20260827_0900,2026-08-27 09:00:00
2026-07-13,70521282,1951,0,296.9044484030,-242.6871143468,-242.6871143468,0E-7,4,4,0.49994810000000000,0.499948100000,-1.7318710300250217,-1.7318710300250217,-1.7318710300250217,0E-17,ELIGIBLE,R03b_20260811_FULL_v1,L1_ELIGIBILITY,v2026-08-11,2026-03-21..2026-08-06,baccarat_bet02_101_all_pairs_incl_sentinel,round_win = game_pnl > 0 (decisive only),COMPATIBILITY_ONLY_NOT_PRODUCTION,584473.8809,521750.0287,6633.3633,3770,3770,-0.01134929,-0.02064894,-0.00990944,-0.01134929,-6633.3633,584473.8809,OK,0.0000,265.3345,4.0000,96.0000,AG03-UNRESOLVED,ALL5_LEVELS_bet23_to_bet27,265.3345,265.3345,265.3345,331.6682,331.6682,4.000000,4.000000,4.000000,5.000000,5.000000,96.000000,96.000000,96.000000,95.000000,95.000000,5.0,1459.3399,1336.7936,5174.0234,5296.5697,PENDING_AG03,FALSE,NOT_FOR_ENFORCEMENT,6368.0288,500880.0275,6633.3633,6368.0288,265.3345,0.01134929,0.01089532,265.3345,6368.0288,0.01089532,265.3345,265.3345,265.3345,331.6682,331.6682,6368.0288,0.01089532,1459.3399,1336.7936,5174.0234,5296.5697,0.00885245,0.00906212,0.00045397,155.0329,138.3952,1.7595,127.5647,14.6756,11239.8823,72.5000,180.5550,151.7125,58.09,129.7286,157.9904,321.5856,428.8828,778.3716,93.4046,0.0,3.306,6.0,1.195055,16,80,84,2,0.13407078,0.01134929,0.02064894,0E-8,0.000000,0.892683,0.000000,-0.01073951,2026-03-25,2026-08-03,52,452,218,132,0.393939,1.190113,1.164624,0.446903,,,,,,,,GLOBAL_BASELINE_NO_ENTITY_RANKING,,,NOT_APPLICABLE_GLOBAL_BASELINE,HF9g-P5,,,,X 全窗基线 · 不参与实体赏罚,14190977,1420,A168_HF9F_20260827_0900,2026-08-27 09:00:00
2026-07-13,70521282,1985,0,196.9896470711,192.8458936825,192.8458936825,1.0000000,3,3,0.49771390000000000,0.497713900000,1.739988277604938,1.739988277604938,1.739988277604938,0E-17,ELIGIBLE,R03b_20260811_FULL_v1,L1_ELIGIBILITY,v2026-08-11,2026-03-21..2026-08-06,baccarat_bet02_101_all_pairs_incl_sentinel,round_win = game_pnl > 0 (decisive only),COMPATIBILITY_ONLY_NOT_PRODUCTION,584473.8809,521750.0287,6633.3633,3770,3770,-0.01134929,-0.02064894,-0.00990944,-0.01134929,-6633.3633,584473.8809,OK,0.0000,265.3345,4.0000,96.0000,AG03-UNRESOLVED,ALL5_LEVELS_bet23_to_bet27,265.3345,265.3345,265.3345,331.6682,331.6682,4.000000,4.000000,4.000000,5.000000,5.000000,96.000000,96.000000,96.000000,95.000000,95.000000,5.0,1459.3399,1336.7936,5174.0234,5296.5697,PENDING_AG03,FALSE,NOT_FOR_ENFORCEMENT,6368.0288,500880.0275,6633.3633,6368.0288,265.3345,0.01134929,0.01089532,265.3345,6368.0288,0.01089532,265.3345,265.3345,265.3345,331.6682,331.6682,6368.0288,0.01089532,1459.3399,1336.7936,5174.0234,5296.5697,0.00885245,0.00906212,0.00045397,155.0329,138.3952,1.7595,127.5647,14.6756,11239.8823,72.5000,180.5550,151.7125,58.09,129.7286,157.9904,321.5856,428.8828,778.3716,93.4046,0.0,3.306,6.0,1.195055,16,80,84,2,0.13407078,0.01134929,0.02064894,0E-8,0.000000,0.892683,0.000000,-0.01073951,2026-03-25,2026-08-03,52,452,218,132,0.393939,1.190113,1.164624,0.446903,,,,,,,,GLOBAL_BASELINE_NO_ENTITY_RANKING,,,NOT_APPLICABLE_GLOBAL_BASELINE,HF9g-P5,,,,X 全窗基线 · 不参与实体赏罚,14190978,1420,A168_HF9F_20260827_0900,2026-08-27 09:00:00
2026-07-13,70521282,2106,0,294.0644928098,113.5982237369,113.5982237369,0.7500000,5,5,0.49324550000000000,0.493245500000,1.0271117246678039,1.0271117246678039,1.0271117246678039,0E-17,ELIGIBLE,R03b_20260811_FULL_v1,L1_ELIGIBILITY,v2026-08-11,2026-03-21..2026-08-06,baccarat_bet02_101_all_pairs_incl_sentinel,round_win = game_pnl > 0 (decisive only),COMPATIBILITY_ONLY_NOT_PRODUCTION,584473.8809,521750.0287,6633.3633,3770,3770,-0.01134929,-0.02064894,-0.00990944,-0.01134929,-6633.3633,584473.8809,OK,0.0000,265.3345,4.0000,96.0000,AG03-UNRESOLVED,ALL5_LEVELS_bet23_to_bet27,265.3345,265.3345,265.3345,331.6682,331.6682,4.000000,4.000000,4.000000,5.000000,5.000000,96.000000,96.000000,96.000000,95.000000,95.000000,5.0,1459.3399,1336.7936,5174.0234,5296.5697,PENDING_AG03,FALSE,NOT_FOR_ENFORCEMENT,6368.0288,500880.0275,6633.3633,6368.0288,265.3345,0.01134929,0.01089532,265.3345,6368.0288,0.01089532,265.3345,265.3345,265.3345,331.6682,331.6682,6368.0288,0.01089532,1459.3399,1336.7936,5174.0234,5296.5697,0.00885245,0.00906212,0.00045397,155.0329,138.3952,1.7595,127.5647,14.6756,11239.8823,72.5000,180.5550,151.7125,58.09,129.7286,157.9904,321.5856,428.8828,778.3716,93.4046,0.0,3.306,6.0,1.195055,16,80,84,2,0.13407078,0.01134929,0.02064894,0E-8,0.000000,0.892683,0.000000,-0.01073951,2026-03-25,2026-08-03,52,452,218,132,0.393939,1.190113,1.164624,0.446903,,,,,,,,GLOBAL_BASELINE_NO_ENTITY_RANKING,,,NOT_APPLICABLE_GLOBAL_BASELINE,HF9g-P5,,,,X 全窗基线 · 不参与实体赏罚,14190979,1420,A168_HF9F_20260827_0900,2026-08-27 09:00:00
2026-07-13,70521282,2121,0,349.0563602097,168.3319133555,168.3319133555,0.6666667,3,3,0.49324550000000000,0.493245500000,0.6008033672792107,0.6008033672792106,0.6008033672792107,0E-17,ELIGIBLE,R03b_20260811_FULL_v1,L1_ELIGIBILITY,v2026-08-11,2026-03-21..2026-08-06,baccarat_bet02_101_all_pairs_incl_sentinel,round_win = game_pnl > 0 (decisive only),COMPATIBILITY_ONLY_NOT_PRODUCTION,584473.8809,521750.0287,6633.3633,3770,3770,-0.01134929,-0.02064894,-0.00990944,-0.01134929,-6633.3633,584473.8809,OK,0.0000,265.3345,4.0000,96.0000,AG03-UNRESOLVED,ALL5_LEVELS_bet23_to_bet27,265.3345,265.3345,265.3345,331.6682,331.6682,4.000000,4.000000,4.000000,5.000000,5.000000,96.000000,96.000000,96.000000,95.000000,95.000000,5.0,1459.3399,1336.7936,5174.0234,5296.5697,PENDING_AG03,FALSE,NOT_FOR_ENFORCEMENT,6368.0288,500880.0275,6633.3633,6368.0288,265.3345,0.01134929,0.01089532,265.3345,6368.0288,0.01089532,265.3345,265.3345,265.3345,331.6682,331.6682,6368.0288,0.01089532,1459.3399,1336.7936,5174.0234,5296.5697,0.00885245,0.00906212,0.00045397,155.0329,138.3952,1.7595,127.5647,14.6756,11239.8823,72.5000,180.5550,151.7125,58.09,129.7286,157.9904,321.5856,428.8828,778.3716,93.4046,0.0,3.306,6.0,1.195055,16,80,84,2,0.13407078,0.01134929,0.02064894,0E-8,0.000000,0.892683,0.000000,-0.01073951,2026-03-25,2026-08-03,52,452,218,132,0.393939,1.190113,1.164624,0.446903,,,,,,,,GLOBAL_BASELINE_NO_ENTITY_RANKING,,,NOT_APPLICABLE_GLOBAL_BASELINE,HF9g-P5,,,,X 全窗基线 · 不参与实体赏罚,14190980,1420,A168_HF9F_20260827_0900,2026-08-27 09:00:00
2026-07-13,70521282,2130,0,158.5211576692,158.5211576692,158.5211576692,1.0000000,3,3,0.49324550000000000,0.493245500000,1.755609282511032,1.7556092825110319,1.755609282511032,0E-17,ELIGIBLE,R03b_20260811_FULL_v1,L1_ELIGIBILITY,v2026-08-11,2026-03-21..2026-08-06,baccarat_bet02_101_all_pairs_incl_sentinel,round_win = game_pnl > 0 (decisive only),COMPATIBILITY_ONLY_NOT_PRODUCTION,584473.8809,521750.0287,6633.3633,3770,3770,-0.01134929,-0.02064894,-0.00990944,-0.01134929,-6633.3633,584473.8809,OK,0.0000,265.3345,4.0000,96.0000,AG03-UNRESOLVED,ALL5_LEVELS_bet23_to_bet27,265.3345,265.3345,265.3345,331.6682,331.6682,4.000000,4.000000,4.000000,5.000000,5.000000,96.000000,96.000000,96.000000,95.000000,95.000000,5.0,1459.3399,1336.7936,5174.0234,5296.5697,PENDING_AG03,FALSE,NOT_FOR_ENFORCEMENT,6368.0288,500880.0275,6633.3633,6368.0288,265.3345,0.01134929,0.01089532,265.3345,6368.0288,0.01089532,265.3345,265.3345,265.3345,331.6682,331.6682,6368.0288,0.01089532,1459.3399,1336.7936,5174.0234,5296.5697,0.00885245,0.00906212,0.00045397,155.0329,138.3952,1.7595,127.5647,14.6756,11239.8823,72.5000,180.5550,151.7125,58.09,129.7286,157.9904,321.5856,428.8828,778.3716,93.4046,0.0,3.306,6.0,1.195055,16,80,84,2,0.13407078,0.01134929,0.02064894,0E-8,0.000000,0.892683,0.000000,-0.01073951,2026-03-25,2026-08-03,52,452,218,132,0.393939,1.190113,1.164624,0.446903,,,,,,,,GLOBAL_BASELINE_NO_ENTITY_RANKING,,,NOT_APPLICABLE_GLOBAL_BASELINE,HF9g-P5,,,,X 全窗基线 · 不参与实体赏罚,14190981,1420,A168_HF9F_20260827_0900,2026-08-27 09:00:00
2026-07-13,70521282,2167,0,255.3378256266,-100.4311568946,-100.4311568946,0E-7,4,4,0.49324550000000000,0.493245500000,-1.3952362676504506,-1.3952362676504506,-1.3952362676504506,0E-17,ELIGIBLE,R03b_20260811_FULL_v1,L1_ELIGIBILITY,v2026-08-11,2026-03-21..2026-08-06,baccarat_bet02_101_all_pairs_incl_sentinel,round_win = game_pnl > 0 (decisive only),COMPATIBILITY_ONLY_NOT_PRODUCTION,584473.8809,521750.0287,6633.3633,3770,3770,-0.01134929,-0.02064894,-0.00990944,-0.01134929,-6633.3633,584473.8809,OK,0.0000,265.3345,4.0000,96.0000,AG03-UNRESOLVED,ALL5_LEVELS_bet23_to_bet27,265.3345,265.3345,265.3345,331.6682,331.6682,4.000000,4.000000,4.000000,5.000000,5.000000,96.000000,96.000000,96.000000,95.000000,95.000000,5.0,1459.3399,1336.7936,5174.0234,5296.5697,PENDING_AG03,FALSE,NOT_FOR_ENFORCEMENT,6368.0288,500880.0275,6633.3633,6368.0288,265.3345,0.01134929,0.01089532,265.3345,6368.0288,0.01089532,265.3345,265.3345,265.3345,331.6682,331.6682,6368.0288,0.01089532,1459.3399,1336.7936,5174.0234,5296.5697,0.00885245,0.00906212,0.00045397,155.0329,138.3952,1.7595,127.5647,14.6756,11239.8823,72.5000,180.5550,151.7125,58.09,129.7286,157.9904,321.5856,428.8828,778.3716,93.4046,0.0,3.306,6.0,1.195055,16,80,84,2,0.13407078,0.01134929,0.02064894,0E-8,0.000000,0.892683,0.000000,-0.01073951,2026-03-25,2026-08-03,52,452,218,132,0.393939,1.190113,1.164624,0.446903,,,,,,,,GLOBAL_BASELINE_NO_ENTITY_RANKING,,,NOT_APPLICABLE_GLOBAL_BASELINE,HF9g-P5,,,,X 全窗基线 · 不参与实体赏罚,14190982,1420,A168_HF9F_20260827_0900,2026-08-27 09:00:00
2026-07-13,70521282,2267,0,619.6266749281,413.0844499521,413.0844499521,0.7777778,9,9,0.49473496666666667,0.494734966667,1.6983510278144265,1.6983510278124143,1.6983510278144265,-3.3333E-13,ELIGIBLE,R03b_20260811_FULL_v1,L1_ELIGIBILITY,v2026-08-11,2026-03-21..2026-08-06,baccarat_bet02_101_all_pairs_incl_sentinel,round_win = game_pnl > 0 (decisive only),COMPATIBILITY_ONLY_NOT_PRODUCTION,584473.8809,521750.0287,6633.3633,3770,3770,-0.01134929,-0.02064894,-0.00990944,-0.01134929,-6633.3633,584473.8809,OK,0.0000,265.3345,4.0000,96.0000,AG03-UNRESOLVED,ALL5_LEVELS_bet23_to_bet27,265.3345,265.3345,265.3345,331.6682,331.6682,4.000000,4.000000,4.000000,5.000000,5.000000,96.000000,96.000000,96.000000,95.000000,95.000000,5.0,1459.3399,1336.7936,5174.0234,5296.5697,PENDING_AG03,FALSE,NOT_FOR_ENFORCEMENT,6368.0288,500880.0275,6633.3633,6368.0288,265.3345,0.01134929,0.01089532,265.3345,6368.0288,0.01089532,265.3345,265.3345,265.3345,331.6682,331.6682,6368.0288,0.01089532,1459.3399,1336.7936,5174.0234,5296.5697,0.00885245,0.00906212,0.00045397,155.0329,138.3952,1.7595,127.5647,14.6756,11239.8823,72.5000,180.5550,151.7125,58.09,129.7286,157.9904,321.5856,428.8828,778.3716,93.4046,0.0,3.306,6.0,1.195055,16,80,84,2,0.13407078,0.01134929,0.02064894,0E-8,0.000000,0.892683,0.000000,-0.01073951,2026-03-25,2026-08-03,52,452,218,132,0.393939,1.190113,1.164624,0.446903,,,,,,,,GLOBAL_BASELINE_NO_ENTITY_RANKING,,,NOT_APPLICABLE_GLOBAL_BASELINE,HF9g-P5,,,,X 全窗基线 · 不参与实体赏罚,14190983,1420,A168_HF9F_20260827_0900,2026-08-27 09:00:00
2026-07-13,70521282,2271,0,386.7503162677,-335.1147600237,-335.1147600237,0.1428571,7,7,0.49899058571428571,0.498990585714,-1.884484886978507,-1.8844848869769975,-1.884484886978507,2.8571E-13,ELIGIBLE,R03b_20260811_FULL_v1,L1_ELIGIBILITY,v2026-08-11,2026-03-21..2026-08-06,baccarat_bet02_101_all_pairs_incl_sentinel,round_win = game_pnl > 0 (decisive only),COMPATIBILITY_ONLY_NOT_PRODUCTION,584473.8809,521750.0287,6633.3633,3770,3770,-0.01134929,-0.02064894,-0.00990944,-0.01134929,-6633.3633,584473.8809,OK,0.0000,265.3345,4.0000,96.0000,AG03-UNRESOLVED,ALL5_LEVELS_bet23_to_bet27,265.3345,265.3345,265.3345,331.6682,331.6682,4.000000,4.000000,4.000000,5.000000,5.000000,96.000000,96.000000,96.000000,95.000000,95.000000,5.0,1459.3399,1336.7936,5174.0234,5296.5697,PENDING_AG03,FALSE,NOT_FOR_ENFORCEMENT,6368.0288,500880.0275,6633.3633,6368.0288,265.3345,0.01134929,0.01089532,265.3345,6368.0288,0.01089532,265.3345,265.3345,265.3345,331.6682,331.6682,6368.0288,0.01089532,1459.3399,1336.7936,5174.0234,5296.5697,0.00885245,0.00906212,0.00045397,155.0329,138.3952,1.7595,127.5647,14.6756,11239.8823,72.5000,180.5550,151.7125,58.09,129.7286,157.9904,321.5856,428.8828,778.3716,93.4046,0.0,3.306,6.0,1.195055,16,80,84,2,0.13407078,0.01134929,0.02064894,0E-8,0.000000,0.892683,0.000000,-0.01073951,2026-03-25,2026-08-03,52,452,218,132,0.393939,1.190113,1.164624,0.446903,,,,,,,,GLOBAL_BASELINE_NO_ENTITY_RANKING,,,NOT_APPLICABLE_GLOBAL_BASELINE,HF9g-P5,,,,X 全窗基线 · 不参与实体赏罚,14190984,1420,A168_HF9F_20260827_0900,2026-08-27 09:00:00
2026-07-13,70521282,462,0,131.1543128598,124.5965972168,124.5965972168,1.0000000,1,1,0.50665070000000000,0.506650700000,0.9867858985152569,0.9867858985152569,0.9867858985152569,0E-17,ELIGIBLE,R03b_20260811_FULL_v1,L1_ELIGIBILITY,v2026-08-11,2026-03-21..2026-08-06,baccarat_bet02_101_all_pairs_incl_sentinel,round_win = game_pnl > 0 (decisive only),COMPATIBILITY_ONLY_NOT_PRODUCTION,584473.8809,521750.0287,6633.3633,3770,3770,-0.01134929,-0.02064894,-0.00990944,-0.01134929,-6633.3633,584473.8809,OK,0.0000,265.3345,4.0000,96.0000,AG03-UNRESOLVED,ALL5_LEVELS_bet23_to_bet27,265.3345,265.3345,265.3345,331.6682,331.6682,4.000000,4.000000,4.000000,5.000000,5.000000,96.000000,96.000000,96.000000,95.000000,95.000000,5.0,1459.3399,1336.7936,5174.0234,5296.5697,PENDING_AG03,FALSE,NOT_FOR_ENFORCEMENT,6368.0288,500880.0275,6633.3633,6368.0288,265.3345,0.01134929,0.01089532,265.3345,6368.0288,0.01089532,265.3345,265.3345,265.3345,331.6682,331.6682,6368.0288,0.01089532,1459.3399,1336.7936,5174.0234,5296.5697,0.00885245,0.00906212,0.00045397,155.0329,138.3952,1.7595,127.5647,14.6756,11239.8823,72.5000,180.5550,151.7125,58.09,129.7286,157.9904,321.5856,428.8828,778.3716,93.4046,0.0,3.306,6.0,1.195055,16,80,84,2,0.13407078,0.01134929,0.02064894,0E-8,0.000000,0.892683,0.000000,-0.01073951,2026-03-25,2026-08-03,52,452,218,132,0.393939,1.190113,1.164624,0.446903,,,,,,,,GLOBAL_BASELINE_NO_ENTITY_RANKING,,,NOT_APPLICABLE_GLOBAL_BASELINE,HF9g-P5,,,,X 全窗基线 · 不参与实体赏罚,14190985,1420,A168_HF9F_20260827_0900,2026-08-27 09:00:00
2026-07-13,70521282,529,0,180.7244468540,113.5982237368,113.5982237368,1.0000000,3,3,0.50218230000000000,0.502182300000,1.4080544974538591,1.4080544974538591,1.4080544974538591,0E-17,ELIGIBLE,R03b_20260811_FULL_v1,L1_ELIGIBILITY,v2026-08-11,2026-03-21..2026-08-06,baccarat_bet02_101_all_pairs_incl_sentinel,round_win = game_pnl > 0 (decisive only),COMPATIBILITY_ONLY_NOT_PRODUCTION,584473.8809,521750.0287,6633.3633,3770,3770,-0.01134929,-0.02064894,-0.00990944,-0.01134929,-6633.3633,584473.8809,OK,0.0000,265.3345,4.0000,96.0000,AG03-UNRESOLVED,ALL5_LEVELS_bet23_to_bet27,265.3345,265.3345,265.3345,331.6682,331.6682,4.000000,4.000000,4.000000,5.000000,5.000000,96.000000,96.000000,96.000000,95.000000,95.000000,5.0,1459.3399,1336.7936,5174.0234,5296.5697,PENDING_AG03,FALSE,NOT_FOR_ENFORCEMENT,6368.0288,500880.0275,6633.3633,6368.0288,265.3345,0.01134929,0.01089532,265.3345,6368.0288,0.01089532,265.3345,265.3345,265.3345,331.6682,331.6682,6368.0288,0.01089532,1459.3399,1336.7936,5174.0234,5296.5697,0.00885245,0.00906212,0.00045397,155.0329,138.3952,1.7595,127.5647,14.6756,11239.8823,72.5000,180.5550,151.7125,58.09,129.7286,157.9904,321.5856,428.8828,778.3716,93.4046,0.0,3.306,6.0,1.195055,16,80,84,2,0.13407078,0.01134929,0.02064894,0E-8,0.000000,0.892683,0.000000,-0.01073951,2026-03-25,2026-08-03,52,452,218,132,0.393939,1.190113,1.164624,0.446903,,,,,,,,GLOBAL_BASELINE_NO_ENTITY_RANKING,,,NOT_APPLICABLE_GLOBAL_BASELINE,HF9g-P5,,,,X 全窗基线 · 不参与实体赏罚,14190986,1420,A168_HF9F_20260827_0900,2026-08-27 09:00:00
2026-07-13,70521282,772,0,952.9341904833,-154.9324865102,-154.9324865102,0.4375000,16,16,0.49911027500000000,0.499110275000,-0.4928829803433773,-0.4928829803433773,-0.4928829803433773,0E-17,ELIGIBLE,R03b_20260811_FULL_v1,L1_ELIGIBILITY,v2026-08-11,2026-03-21..2026-08-06,baccarat_bet02_101_all_pairs_incl_sentinel,round_win = game_pnl > 0 (decisive only),COMPATIBILITY_ONLY_NOT_PRODUCTION,584473.8809,521750.0287,6633.3633,3770,3770,-0.01134929,-0.02064894,-0.00990944,-0.01134929,-6633.3633,584473.8809,OK,0.0000,265.3345,4.0000,96.0000,AG03-UNRESOLVED,ALL5_LEVELS_bet23_to_bet27,265.3345,265.3345,265.3345,331.6682,331.6682,4.000000,4.000000,4.000000,5.000000,5.000000,96.000000,96.000000,96.000000,95.000000,95.000000,5.0,1459.3399,1336.7936,5174.0234,5296.5697,PENDING_AG03,FALSE,NOT_FOR_ENFORCEMENT,6368.0288,500880.0275,6633.3633,6368.0288,265.3345,0.01134929,0.01089532,265.3345,6368.0288,0.01089532,265.3345,265.3345,265.3345,331.6682,331.6682,6368.0288,0.01089532,1459.3399,1336.7936,5174.0234,5296.5697,0.00885245,0.00906212,0.00045397,155.0329,138.3952,1.7595,127.5647,14.6756,11239.8823,72.5000,180.5550,151.7125,58.09,129.7286,157.9904,321.5856,428.8828,778.3716,93.4046,0.0,3.306,6.0,1.195055,16,80,84,2,0.13407078,0.01134929,0.02064894,0E-8,0.000000,0.892683,0.000000,-0.01073951,2026-03-25,2026-08-03,52,452,218,132,0.393939,1.190113,1.164624,0.446903,,,,,,,,GLOBAL_BASELINE_NO_ENTITY_RANKING,,,NOT_APPLICABLE_GLOBAL_BASELINE,HF9g-P5,,,,X 全窗基线 · 不参与实体赏罚,14190987,1420,A168_HF9F_20260827_0900,2026-08-27 09:00:00
2026-07-14,70521282,1363,0,790.5403660960,-104.5490925052,-104.5490925052,0.4444444,20,20,0.50061836000000000,0.500618360000,-0.4766518438956085,-0.4766518438956085,-0.4766518438956085,0E-17,ELIGIBLE,R03b_20260811_FULL_v1,L1_ELIGIBILITY,v2026-08-11,2026-03-21..2026-08-06,baccarat_bet02_101_all_pairs_incl_sentinel,round_win = game_pnl > 0 (decisive only),COMPATIBILITY_ONLY_NOT_PRODUCTION,584473.8809,521750.0287,6633.3633,3770,3770,-0.01134929,-0.02064894,-0.00990944,-0.01134929,-6633.3633,584473.8809,OK,0.0000,265.3345,4.0000,96.0000,AG03-UNRESOLVED,ALL5_LEVELS_bet23_to_bet27,265.3345,265.3345,265.3345,331.6682,331.6682,4.000000,4.000000,4.000000,5.000000,5.000000,96.000000,96.000000,96.000000,95.000000,95.000000,5.0,1459.3399,1336.7936,5174.0234,5296.5697,PENDING_AG03,FALSE,NOT_FOR_ENFORCEMENT,6368.0288,500880.0275,6633.3633,6368.0288,265.3345,0.01134929,0.01089532,265.3345,6368.0288,0.01089532,265.3345,265.3345,265.3345,331.6682,331.6682,6368.0288,0.01089532,1459.3399,1336.7936,5174.0234,5296.5697,0.00885245,0.00906212,0.00045397,155.0329,138.3952,1.7595,127.5647,14.6756,11239.8823,72.5000,180.5550,151.7125,58.09,129.7286,157.9904,321.5856,428.8828,778.3716,93.4046,0.0,3.306,6.0,1.195055,16,80,84,2,0.13407078,0.01134929,0.02064894,0E-8,0.000000,0.892683,0.000000,-0.01073951,2026-03-25,2026-08-03,52,452,218,132,0.393939,1.190113,1.164624,0.446903,,,,,,,,GLOBAL_BASELINE_NO_ENTITY_RANKING,,,NOT_APPLICABLE_GLOBAL_BASELINE,HF9g-P5,,,,X 全窗基线 · 不参与实体赏罚,14190988,1420,A168_HF9F_20260827_0900,2026-08-27 09:00:00
2026-07-14,70521282,1646,0,150.2594686702,28.5931892702,28.5931892702,0.6666667,5,5,0.49860758000000000,0.498607580000,0.5821760110496081,0.5821760110496081,0.5821760110496081,0E-17,ELIGIBLE,R03b_20260811_FULL_v1,L1_ELIGIBILITY,v2026-08-11,2026-03-21..2026-08-06,baccarat_bet02_101_all_pairs_incl_sentinel,round_win = game_pnl > 0 (decisive only),COMPATIBILITY_ONLY_NOT_PRODUCTION,584473.8809,521750.0287,6633.3633,3770,3770,-0.01134929,-0.02064894,-0.00990944,-0.01134929,-6633.3633,584473.8809,OK,0.0000,265.3345,4.0000,96.0000,AG03-UNRESOLVED,ALL5_LEVELS_bet23_to_bet27,265.3345,265.3345,265.3345,331.6682,331.6682,4.000000,4.000000,4.000000,5.000000,5.000000,96.000000,96.000000,96.000000,95.000000,95.000000,5.0,1459.3399,1336.7936,5174.0234,5296.5697,PENDING_AG03,FALSE,NOT_FOR_ENFORCEMENT,6368.0288,500880.0275,6633.3633,6368.0288,265.3345,0.01134929,0.01089532,265.3345,6368.0288,0.01089532,265.3345,265.3345,265.3345,331.6682,331.6682,6368.0288,0.01089532,1459.3399,1336.7936,5174.0234,5296.5697,0.00885245,0.00906212,0.00045397,155.0329,138.3952,1.7595,127.5647,14.6756,11239.8823,72.5000,180.5550,151.7125,58.09,129.7286,157.9904,321.5856,428.8828,778.3716,93.4046,0.0,3.306,6.0,1.195055,16,80,84,2,0.13407078,0.01134929,0.02064894,0E-8,0.000000,0.892683,0.000000,-0.01073951,2026-03-25,2026-08-03,52,452,218,132,0.393939,1.190113,1.164624,0.446903,,,,,,,,GLOBAL_BASELINE_NO_ENTITY_RANKING,,,NOT_APPLICABLE_GLOBAL_BASELINE,HF9g-P5,,,,X 全窗基线 · 不参与实体赏罚,14190989,1420,A168_HF9F_20260827_0900,2026-08-27 09:00:00
2026-07-14,70521282,529,0,194.9242248211,11.5534557096,11.5534557096,0.5714286,8,8,0.49659680000000000,0.496596800000,0.3959816871769319,0.3959816871769319,0.3959816871769319,0E-17,ELIGIBLE,R03b_20260811_FULL_v1,L1_ELIGIBILITY,v2026-08-11,2026-03-21..2026-08-06,baccarat_bet02_101_all_pairs_incl_sentinel,round_win = game_pnl > 0 (decisive only),COMPATIBILITY_ONLY_NOT_PRODUCTION,584473.8809,521750.0287,6633.3633,3770,3770,-0.01134929,-0.02064894,-0.00990944,-0.01134929,-6633.3633,584473.8809,OK,0.0000,265.3345,4.0000,96.0000,AG03-UNRESOLVED,ALL5_LEVELS_bet23_to_bet27,265.3345,265.3345,265.3345,331.6682,331.6682,4.000000,4.000000,4.000000,5.000000,5.000000,96.000000,96.000000,96.000000,95.000000,95.000000,5.0,1459.3399,1336.7936,5174.0234,5296.5697,PENDING_AG03,FALSE,NOT_FOR_ENFORCEMENT,6368.0288,500880.0275,6633.3633,6368.0288,265.3345,0.01134929,0.01089532,265.3345,6368.0288,0.01089532,265.3345,265.3345,265.3345,331.6682,331.6682,6368.0288,0.01089532,1459.3399,1336.7936,5174.0234,5296.5697,0.00885245,0.00906212,0.00045397,155.0329,138.3952,1.7595,127.5647,14.6756,11239.8823,72.5000,180.5550,151.7125,58.09,129.7286,157.9904,321.5856,428.8828,778.3716,93.4046,0.0,3.306,6.0,1.195055,16,80,84,2,0.13407078,0.01134929,0.02064894,0E-8,0.000000,0.892683,0.000000,-0.01073951,2026-03-25,2026-08-03,52,452,218,132,0.393939,1.190113,1.164624,0.446903,,,,,,,,GLOBAL_BASELINE_NO_ENTITY_RANKING,,,NOT_APPLICABLE_GLOBAL_BASELINE,HF9g-P5,,,,X 全窗基线 · 不参与实体赏罚,14190990,1420,A168_HF9F_20260827_0900,2026-08-27 09:00:00
2026-07-21,70521282,1704,0,130.6379572973,-51.9582784704,-51.9582784704,0.5000000,6,6,0.49994810000000000,0.499948100000,0.00025425703667063243,0.00025425703667063243,0.00025425703667063243,0E-17,ELIGIBLE,R03b_20260811_FULL_v1,L1_ELIGIBILITY,v2026-08-11,2026-03-21..2026-08-06,baccarat_bet02_101_all_pairs_incl_sentinel,round_win = game_pnl > 0 (decisive only),COMPATIBILITY_ONLY_NOT_PRODUCTION,584473.8809,521750.0287,6633.3633,3770,3770,-0.01134929,-0.02064894,-0.00990944,-0.01134929,-6633.3633,584473.8809,OK,0.0000,265.3345,4.0000,96.0000,AG03-UNRESOLVED,ALL5_LEVELS_bet23_to_bet27,265.3345,265.3345,265.3345,331.6682,331.6682,4.000000,4.000000,4.000000,5.000000,5.000000,96.000000,96.000000,96.000000,95.000000,95.000000,5.0,1459.3399,1336.7936,5174.0234,5296.5697,PENDING_AG03,FALSE,NOT_FOR_ENFORCEMENT,6368.0288,500880.0275,6633.3633,6368.0288,265.3345,0.01134929,0.01089532,265.3345,6368.0288,0.01089532,265.3345,265.3345,265.3345,331.6682,331.6682,6368.0288,0.01089532,1459.3399,1336.7936,5174.0234,5296.5697,0.00885245,0.00906212,0.00045397,155.0329,138.3952,1.7595,127.5647,14.6756,11239.8823,72.5000,180.5550,151.7125,58.09,129.7286,157.9904,321.5856,428.8828,778.3716,93.4046,0.0,3.306,6.0,1.195055,16,80,84,2,0.13407078,0.01134929,0.02064894,0E-8,0.000000,0.892683,0.000000,-0.01073951,2026-03-25,2026-08-03,52,452,218,132,0.393939,1.190113,1.164624,0.446903,,,,,,,,GLOBAL_BASELINE_NO_ENTITY_RANKING,,,NOT_APPLICABLE_GLOBAL_BASELINE,HF9g-P5,,,,X 全窗基线 · 不参与实体赏罚,14190991,1420,A168_HF9F_20260827_0900,2026-08-27 09:00:00
2026-07-22,70521282,1704,0,12.9088890610,12.2634446080,12.2634446080,1.0000000,1,1,0.50665070000000000,0.506650700000,0.9867858985152569,0.9867858985152569,0.9867858985152569,0E-17,ELIGIBLE,R03b_20260811_FULL_v1,L1_ELIGIBILITY,v2026-08-11,2026-03-21..2026-08-06,baccarat_bet02_101_all_pairs_incl_sentinel,round_win = game_pnl > 0 (decisive only),COMPATIBILITY_ONLY_NOT_PRODUCTION,584473.8809,521750.0287,6633.3633,3770,3770,-0.01134929,-0.02064894,-0.00990944,-0.01134929,-6633.3633,584473.8809,OK,0.0000,265.3345,4.0000,96.0000,AG03-UNRESOLVED,ALL5_LEVELS_bet23_to_bet27,265.3345,265.3345,265.3345,331.6682,331.6682,4.000000,4.000000,4.000000,5.000000,5.000000,96.000000,96.000000,96.000000,95.000000,95.000000,5.0,1459.3399,1336.7936,5174.0234,5296.5697,PENDING_AG03,FALSE,NOT_FOR_ENFORCEMENT,6368.0288,500880.0275,6633.3633,6368.0288,265.3345,0.01134929,0.01089532,265.3345,6368.0288,0.01089532,265.3345,265.3345,265.3345,331.6682,331.6682,6368.0288,0.01089532,1459.3399,1336.7936,5174.0234,5296.5697,0.00885245,0.00906212,0.00045397,155.0329,138.3952,1.7595,127.5647,14.6756,11239.8823,72.5000,180.5550,151.7125,58.09,129.7286,157.9904,321.5856,428.8828,778.3716,93.4046,0.0,3.306,6.0,1.195055,16,80,84,2,0.13407078,0.01134929,0.02064894,0E-8,0.000000,0.892683,0.000000,-0.01073951,2026-03-25,2026-08-03,52,452,218,132,0.393939,1.190113,1.164624,0.446903,,,,,,,,GLOBAL_BASELINE_NO_ENTITY_RANKING,,,NOT_APPLICABLE_GLOBAL_BASELINE,HF9g-P5,,,,X 全窗基线 · 不参与实体赏罚,14190992,1420,A168_HF9F_20260827_0900,2026-08-27 09:00:00
2026-07-22,70521282,583,0,38.2103116205,-38.2103116205,-38.2103116205,0E-7,2,2,0.49994810000000000,0.499948100000,-1.4140667746232096,-1.4140667746232096,-1.4140667746232096,0E-17,ELIGIBLE,R03b_20260811_FULL_v1,L1_ELIGIBILITY,v2026-08-11,2026-03-21..2026-08-06,baccarat_bet02_101_all_pairs_incl_sentinel,round_win = game_pnl > 0 (decisive only),COMPATIBILITY_ONLY_NOT_PRODUCTION,584473.8809,521750.0287,6633.3633,3770,3770,-0.01134929,-0.02064894,-0.00990944,-0.01134929,-6633.3633,584473.8809,OK,0.0000,265.3345,4.0000,96.0000,AG03-UNRESOLVED,ALL5_LEVELS_bet23_to_bet27,265.3345,265.3345,265.3345,331.6682,331.6682,4.000000,4.000000,4.000000,5.000000,5.000000,96.000000,96.000000,96.000000,95.000000,95.000000,5.0,1459.3399,1336.7936,5174.0234,5296.5697,PENDING_AG03,FALSE,NOT_FOR_ENFORCEMENT,6368.0288,500880.0275,6633.3633,6368.0288,265.3345,0.01134929,0.01089532,265.3345,6368.0288,0.01089532,265.3345,265.3345,265.3345,331.6682,331.6682,6368.0288,0.01089532,1459.3399,1336.7936,5174.0234,5296.5697,0.00885245,0.00906212,0.00045397,155.0329,138.3952,1.7595,127.5647,14.6756,11239.8823,72.5000,180.5550,151.7125,58.09,129.7286,157.9904,321.5856,428.8828,778.3716,93.4046,0.0,3.306,6.0,1.195055,16,80,84,2,0.13407078,0.01134929,0.02064894,0E-8,0.000000,0.892683,0.000000,-0.01073951,2026-03-25,2026-08-03,52,452,218,132,0.393939,1.190113,1.164624,0.446903,,,,,,,,GLOBAL_BASELINE_NO_ENTITY_RANKING,,,NOT_APPLICABLE_GLOBAL_BASELINE,HF9g-P5,,,,X 全窗基线 · 不参与实体赏罚,14190993,1420,A168_HF9F_20260827_0900,2026-08-27 09:00:00
2026-07-26,70521282,1353,0,2111.1197170371,632.0192084268,632.0192084268,0.6250000,16,16,0.49659680000000000,0.496596800000,1.0272493950085357,1.027249395008536,1.0272493950085357,0E-17,ELIGIBLE,R03b_20260811_FULL_v1,L1_ELIGIBILITY,v2026-08-11,2026-03-21..2026-08-06,baccarat_bet02_101_all_pairs_incl_sentinel,round_win = game_pnl > 0 (decisive only),COMPATIBILITY_ONLY_NOT_PRODUCTION,584473.8809,521750.0287,6633.3633,3770,3770,-0.01134929,-0.02064894,-0.00990944,-0.01134929,-6633.3633,584473.8809,OK,0.0000,265.3345,4.0000,96.0000,AG03-UNRESOLVED,ALL5_LEVELS_bet23_to_bet27,265.3345,265.3345,265.3345,331.6682,331.6682,4.000000,4.000000,4.000000,5.000000,5.000000,96.000000,96.000000,96.000000,95.000000,95.000000,5.0,1459.3399,1336.7936,5174.0234,5296.5697,PENDING_AG03,FALSE,NOT_FOR_ENFORCEMENT,6368.0288,500880.0275,6633.3633,6368.0288,265.3345,0.01134929,0.01089532,265.3345,6368.0288,0.01089532,265.3345,265.3345,265.3345,331.6682,331.6682,6368.0288,0.01089532,1459.3399,1336.7936,5174.0234,5296.5697,0.00885245,0.00906212,0.00045397,155.0329,138.3952,1.7595,127.5647,14.6756,11239.8823,72.5000,180.5550,151.7125,58.09,129.7286,157.9904,321.5856,428.8828,778.3716,93.4046,0.0,3.306,6.0,1.195055,16,80,84,2,0.13407078,0.01134929,0.02064894,0E-8,0.000000,0.892683,0.000000,-0.01073951,2026-03-25,2026-08-03,52,452,218,132,0.393939,1.190113,1.164624,0.446903,,,,,,,,GLOBAL_BASELINE_NO_ENTITY_RANKING,,,NOT_APPLICABLE_GLOBAL_BASELINE,HF9g-P5,,,,X 全窗基线 · 不参与实体赏罚,14190994,1420,A168_HF9F_20260827_0900,2026-08-27 09:00:00
2026-07-26,70521282,1385,0,300.0025817777,-207.0585805385,-207.0585805385,0.2000000,5,5,0.50128862000000000,0.501288620000,-1.347408145195933,-1.347408145195933,-1.347408145195933,0E-17,ELIGIBLE,R03b_20260811_FULL_v1,L1_ELIGIBILITY,v2026-08-11,2026-03-21..2026-08-06,baccarat_bet02_101_all_pairs_incl_sentinel,round_win = game_pnl > 0 (decisive only),COMPATIBILITY_ONLY_NOT_PRODUCTION,584473.8809,521750.0287,6633.3633,3770,3770,-0.01134929,-0.02064894,-0.00990944,-0.01134929,-6633.3633,584473.8809,OK,0.0000,265.3345,4.0000,96.0000,AG03-UNRESOLVED,ALL5_LEVELS_bet23_to_bet27,265.3345,265.3345,265.3345,331.6682,331.6682,4.000000,4.000000,4.000000,5.000000,5.000000,96.000000,96.000000,96.000000,95.000000,95.000000,5.0,1459.3399,1336.7936,5174.0234,5296.5697,PENDING_AG03,FALSE,NOT_FOR_ENFORCEMENT,6368.0288,500880.0275,6633.3633,6368.0288,265.3345,0.01134929,0.01089532,265.3345,6368.0288,0.01089532,265.3345,265.3345,265.3345,331.6682,331.6682,6368.0288,0.01089532,1459.3399,1336.7936,5174.0234,5296.5697,0.00885245,0.00906212,0.00045397,155.0329,138.3952,1.7595,127.5647,14.6756,11239.8823,72.5000,180.5550,151.7125,58.09,129.7286,157.9904,321.5856,428.8828,778.3716,93.4046,0.0,3.306,6.0,1.195055,16,80,84,2,0.13407078,0.01134929,0.02064894,0E-8,0.000000,0.892683,0.000000,-0.01073951,2026-03-25,2026-08-03,52,452,218,132,0.393939,1.190113,1.164624,0.446903,,,,,,,,GLOBAL_BASELINE_NO_ENTITY_RANKING,,,NOT_APPLICABLE_GLOBAL_BASELINE,HF9g-P5,,,,X 全窗基线 · 不参与实体赏罚,14190995,1420,A168_HF9F_20260827_0900,2026-08-27 09:00:00
2026-07-26,70521282,2155,0,51.6355562440,-51.6355562440,-51.6355562440,0E-7,1,1,0.50665070000000000,0.506650700000,-1.013391052207602,-1.013391052207602,-1.013391052207602,0E-17,ELIGIBLE,R03b_20260811_FULL_v1,L1_ELIGIBILITY,v2026-08-11,2026-03-21..2026-08-06,baccarat_bet02_101_all_pairs_incl_sentinel,round_win = game_pnl > 0 (decisive only),COMPATIBILITY_ONLY_NOT_PRODUCTION,584473.8809,521750.0287,6633.3633,3770,3770,-0.01134929,-0.02064894,-0.00990944,-0.01134929,-6633.3633,584473.8809,OK,0.0000,265.3345,4.0000,96.0000,AG03-UNRESOLVED,ALL5_LEVELS_bet23_to_bet27,265.3345,265.3345,265.3345,331.6682,331.6682,4.000000,4.000000,4.000000,5.000000,5.000000,96.000000,96.000000,96.000000,95.000000,95.000000,5.0,1459.3399,1336.7936,5174.0234,5296.5697,PENDING_AG03,FALSE,NOT_FOR_ENFORCEMENT,6368.0288,500880.0275,6633.3633,6368.0288,265.3345,0.01134929,0.01089532,265.3345,6368.0288,0.01089532,265.3345,265.3345,265.3345,331.6682,331.6682,6368.0288,0.01089532,1459.3399,1336.7936,5174.0234,5296.5697,0.00885245,0.00906212,0.00045397,155.0329,138.3952,1.7595,127.5647,14.6756,11239.8823,72.5000,180.5550,151.7125,58.09,129.7286,157.9904,321.5856,428.8828,778.3716,93.4046,0.0,3.306,6.0,1.195055,16,80,84,2,0.13407078,0.01134929,0.02064894,0E-8,0.000000,0.892683,0.000000,-0.01073951,2026-03-25,2026-08-03,52,452,218,132,0.393939,1.190113,1.164624,0.446903,,,,,,,,GLOBAL_BASELINE_NO_ENTITY_RANKING,,,NOT_APPLICABLE_GLOBAL_BASELINE,HF9g-P5,,,,X 全窗基线 · 不参与实体赏罚,14190996,1420,A168_HF9F_20260827_0900,2026-08-27 09:00:00
2026-07-27,70521282,1094,0,1182.1960602068,-128.3143572664,-128.3143572664,0.4444444,12,12,0.49436260000000000,0.494362600000,-0.29952797210330967,-0.2995279721033097,-0.29952797210330967,0E-17,ELIGIBLE,R03b_20260811_FULL_v1,L1_ELIGIBILITY,v2026-08-11,2026-03-21..2026-08-06,baccarat_bet02_101_all_pairs_incl_sentinel,round_win = game_pnl > 0 (decisive only),COMPATIBILITY_ONLY_NOT_PRODUCTION,584473.8809,521750.0287,6633.3633,3770,3770,-0.01134929,-0.02064894,-0.00990944,-0.01134929,-6633.3633,584473.8809,OK,0.0000,265.3345,4.0000,96.0000,AG03-UNRESOLVED,ALL5_LEVELS_bet23_to_bet27,265.3345,265.3345,265.3345,331.6682,331.6682,4.000000,4.000000,4.000000,5.000000,5.000000,96.000000,96.000000,96.000000,95.000000,95.000000,5.0,1459.3399,1336.7936,5174.0234,5296.5697,PENDING_AG03,FALSE,NOT_FOR_ENFORCEMENT,6368.0288,500880.0275,6633.3633,6368.0288,265.3345,0.01134929,0.01089532,265.3345,6368.0288,0.01089532,265.3345,265.3345,265.3345,331.6682,331.6682,6368.0288,0.01089532,1459.3399,1336.7936,5174.0234,5296.5697,0.00885245,0.00906212,0.00045397,155.0329,138.3952,1.7595,127.5647,14.6756,11239.8823,72.5000,180.5550,151.7125,58.09,129.7286,157.9904,321.5856,428.8828,778.3716,93.4046,0.0,3.306,6.0,1.195055,16,80,84,2,0.13407078,0.01134929,0.02064894,0E-8,0.000000,0.892683,0.000000,-0.01073951,2026-03-25,2026-08-03,52,452,218,132,0.393939,1.190113,1.164624,0.446903,,,,,,,,GLOBAL_BASELINE_NO_ENTITY_RANKING,,,NOT_APPLICABLE_GLOBAL_BASELINE,HF9g-P5,,,,X 全窗基线 · 不参与实体赏罚,14190997,1420,A168_HF9F_20260827_0900,2026-08-27 09:00:00
2026-07-27,70521282,1490,0,354.9944491778,167.8155577931,167.8155577931,0.6666667,3,3,0.49771390000000000,0.497713900000,0.5852756695216578,0.5852756695216578,0.5852756695216578,0E-17,ELIGIBLE,R03b_20260811_FULL_v1,L1_ELIGIBILITY,v2026-08-11,2026-03-21..2026-08-06,baccarat_bet02_101_all_pairs_incl_sentinel,round_win = game_pnl > 0 (decisive only),COMPATIBILITY_ONLY_NOT_PRODUCTION,584473.8809,521750.0287,6633.3633,3770,3770,-0.01134929,-0.02064894,-0.00990944,-0.01134929,-6633.3633,584473.8809,OK,0.0000,265.3345,4.0000,96.0000,AG03-UNRESOLVED,ALL5_LEVELS_bet23_to_bet27,265.3345,265.3345,265.3345,331.6682,331.6682,4.000000,4.000000,4.000000,5.000000,5.000000,96.000000,96.000000,96.000000,95.000000,95.000000,5.0,1459.3399,1336.7936,5174.0234,5296.5697,PENDING_AG03,FALSE,NOT_FOR_ENFORCEMENT,6368.0288,500880.0275,6633.3633,6368.0288,265.3345,0.01134929,0.01089532,265.3345,6368.0288,0.01089532,265.3345,265.3345,265.3345,331.6682,331.6682,6368.0288,0.01089532,1459.3399,1336.7936,5174.0234,5296.5697,0.00885245,0.00906212,0.00045397,155.0329,138.3952,1.7595,127.5647,14.6756,11239.8823,72.5000,180.5550,151.7125,58.09,129.7286,157.9904,321.5856,428.8828,778.3716,93.4046,0.0,3.306,6.0,1.195055,16,80,84,2,0.13407078,0.01134929,0.02064894,0E-8,0.000000,0.892683,0.000000,-0.01073951,2026-03-25,2026-08-03,52,452,218,132,0.393939,1.190113,1.164624,0.446903,,,,,,,,GLOBAL_BASELINE_NO_ENTITY_RANKING,,,NOT_APPLICABLE_GLOBAL_BASELINE,HF9g-P5,,,,X 全窗基线 · 不参与实体赏罚,14190998,1420,A168_HF9F_20260827_0900,2026-08-27 09:00:00
2026-07-27,70521282,1645,0,4.6472000620,-4.6472000620,-4.6472000620,0E-7,1,1,0.49324550000000000,0.493245500000,-0.9865810262130424,-0.9865810262130424,-0.9865810262130424,0E-17,ELIGIBLE,R03b_20260811_FULL_v1,L1_ELIGIBILITY,v2026-08-11,2026-03-21..2026-08-06,baccarat_bet02_101_all_pairs_incl_sentinel,round_win = game_pnl > 0 (decisive only),COMPATIBILITY_ONLY_NOT_PRODUCTION,584473.8809,521750.0287,6633.3633,3770,3770,-0.01134929,-0.02064894,-0.00990944,-0.01134929,-6633.3633,584473.8809,OK,0.0000,265.3345,4.0000,96.0000,AG03-UNRESOLVED,ALL5_LEVELS_bet23_to_bet27,265.3345,265.3345,265.3345,331.6682,331.6682,4.000000,4.000000,4.000000,5.000000,5.000000,96.000000,96.000000,96.000000,95.000000,95.000000,5.0,1459.3399,1336.7936,5174.0234,5296.5697,PENDING_AG03,FALSE,NOT_FOR_ENFORCEMENT,6368.0288,500880.0275,6633.3633,6368.0288,265.3345,0.01134929,0.01089532,265.3345,6368.0288,0.01089532,265.3345,265.3345,265.3345,331.6682,331.6682,6368.0288,0.01089532,1459.3399,1336.7936,5174.0234,5296.5697,0.00885245,0.00906212,0.00045397,155.0329,138.3952,1.7595,127.5647,14.6756,11239.8823,72.5000,180.5550,151.7125,58.09,129.7286,157.9904,321.5856,428.8828,778.3716,93.4046,0.0,3.306,6.0,1.195055,16,80,84,2,0.13407078,0.01134929,0.02064894,0E-8,0.000000,0.892683,0.000000,-0.01073951,2026-03-25,2026-08-03,52,452,218,132,0.393939,1.190113,1.164624,0.446903,,,,,,,,GLOBAL_BASELINE_NO_ENTITY_RANKING,,,NOT_APPLICABLE_GLOBAL_BASELINE,HF9g-P5,,,,X 全窗基线 · 不参与实体赏罚,14190999,1420,A168_HF9F_20260827_0900,2026-08-27 09:00:00
2026-07-27,70521282,2121,0,531.0716959697,203.4440916014,203.4440916014,0.6666667,7,7,0.49707555714285714,0.497075557143,0.8308375778672678,0.8308375778665665,0.8308375778672678,-1.4286E-13,ELIGIBLE,R03b_20260811_FULL_v1,L1_ELIGIBILITY,v2026-08-11,2026-03-21..2026-08-06,baccarat_bet02_101_all_pairs_incl_sentinel,round_win = game_pnl > 0 (decisive only),COMPATIBILITY_ONLY_NOT_PRODUCTION,584473.8809,521750.0287,6633.3633,3770,3770,-0.01134929,-0.02064894,-0.00990944,-0.01134929,-6633.3633,584473.8809,OK,0.0000,265.3345,4.0000,96.0000,AG03-UNRESOLVED,ALL5_LEVELS_bet23_to_bet27,265.3345,265.3345,265.3345,331.6682,331.6682,4.000000,4.000000,4.000000,5.000000,5.000000,96.000000,96.000000,96.000000,95.000000,95.000000,5.0,1459.3399,1336.7936,5174.0234,5296.5697,PENDING_AG03,FALSE,NOT_FOR_ENFORCEMENT,6368.0288,500880.0275,6633.3633,6368.0288,265.3345,0.01134929,0.01089532,265.3345,6368.0288,0.01089532,265.3345,265.3345,265.3345,331.6682,331.6682,6368.0288,0.01089532,1459.3399,1336.7936,5174.0234,5296.5697,0.00885245,0.00906212,0.00045397,155.0329,138.3952,1.7595,127.5647,14.6756,11239.8823,72.5000,180.5550,151.7125,58.09,129.7286,157.9904,321.5856,428.8828,778.3716,93.4046,0.0,3.306,6.0,1.195055,16,80,84,2,0.13407078,0.01134929,0.02064894,0E-8,0.000000,0.892683,0.000000,-0.01073951,2026-03-25,2026-08-03,52,452,218,132,0.393939,1.190113,1.164624,0.446903,,,,,,,,GLOBAL_BASELINE_NO_ENTITY_RANKING,,,NOT_APPLICABLE_GLOBAL_BASELINE,HF9g-P5,,,,X 全窗基线 · 不参与实体赏罚,14191000,1420,A168_HF9F_20260827_0900,2026-08-27 09:00:00
2026-07-27,70521282,763,0,1940.4642036507,-348.4109157567,-348.4109157567,0.4615385,14,14,0.49899058571428571,0.498990585714,-0.27007165854383425,-0.27007165854177423,-0.27007165854383425,2.8571E-13,ELIGIBLE,R03b_20260811_FULL_v1,L1_ELIGIBILITY,v2026-08-11,2026-03-21..2026-08-06,baccarat_bet02_101_all_pairs_incl_sentinel,round_win = game_pnl > 0 (decisive only),COMPATIBILITY_ONLY_NOT_PRODUCTION,584473.8809,521750.0287,6633.3633,3770,3770,-0.01134929,-0.02064894,-0.00990944,-0.01134929,-6633.3633,584473.8809,OK,0.0000,265.3345,4.0000,96.0000,AG03-UNRESOLVED,ALL5_LEVELS_bet23_to_bet27,265.3345,265.3345,265.3345,331.6682,331.6682,4.000000,4.000000,4.000000,5.000000,5.000000,96.000000,96.000000,96.000000,95.000000,95.000000,5.0,1459.3399,1336.7936,5174.0234,5296.5697,PENDING_AG03,FALSE,NOT_FOR_ENFORCEMENT,6368.0288,500880.0275,6633.3633,6368.0288,265.3345,0.01134929,0.01089532,265.3345,6368.0288,0.01089532,265.3345,265.3345,265.3345,331.6682,331.6682,6368.0288,0.01089532,1459.3399,1336.7936,5174.0234,5296.5697,0.00885245,0.00906212,0.00045397,155.0329,138.3952,1.7595,127.5647,14.6756,11239.8823,72.5000,180.5550,151.7125,58.09,129.7286,157.9904,321.5856,428.8828,778.3716,93.4046,0.0,3.306,6.0,1.195055,16,80,84,2,0.13407078,0.01134929,0.02064894,0E-8,0.000000,0.892683,0.000000,-0.01073951,2026-03-25,2026-08-03,52,452,218,132,0.393939,1.190113,1.164624,0.446903,,,,,,,,GLOBAL_BASELINE_NO_ENTITY_RANKING,,,NOT_APPLICABLE_GLOBAL_BASELINE,HF9g-P5,,,,X 全窗基线 · 不参与实体赏罚,14191001,1420,A168_HF9F_20260827_0900,2026-08-27 09:00:00
2026-07-27,70521282,919,0,16.2652002168,-5.4217334056,-5.4217334056,0.5000000,2,2,0.49994810000000000,0.499948100000,0.00014679536856514622,0.00014679536856514622,0.00014679536856514622,0E-17,ELIGIBLE,R03b_20260811_FULL_v1,L1_ELIGIBILITY,v2026-08-11,2026-03-21..2026-08-06,baccarat_bet02_101_all_pairs_incl_sentinel,round_win = game_pnl > 0 (decisive only),COMPATIBILITY_ONLY_NOT_PRODUCTION,584473.8809,521750.0287,6633.3633,3770,3770,-0.01134929,-0.02064894,-0.00990944,-0.01134929,-6633.3633,584473.8809,OK,0.0000,265.3345,4.0000,96.0000,AG03-UNRESOLVED,ALL5_LEVELS_bet23_to_bet27,265.3345,265.3345,265.3345,331.6682,331.6682,4.000000,4.000000,4.000000,5.000000,5.000000,96.000000,96.000000,96.000000,95.000000,95.000000,5.0,1459.3399,1336.7936,5174.0234,5296.5697,PENDING_AG03,FALSE,NOT_FOR_ENFORCEMENT,6368.0288,500880.0275,6633.3633,6368.0288,265.3345,0.01134929,0.01089532,265.3345,6368.0288,0.01089532,265.3345,265.3345,265.3345,331.6682,331.6682,6368.0288,0.01089532,1459.3399,1336.7936,5174.0234,5296.5697,0.00885245,0.00906212,0.00045397,155.0329,138.3952,1.7595,127.5647,14.6756,11239.8823,72.5000,180.5550,151.7125,58.09,129.7286,157.9904,321.5856,428.8828,778.3716,93.4046,0.0,3.306,6.0,1.195055,16,80,84,2,0.13407078,0.01134929,0.02064894,0E-8,0.000000,0.892683,0.000000,-0.01073951,2026-03-25,2026-08-03,52,452,218,132,0.393939,1.190113,1.164624,0.446903,,,,,,,,GLOBAL_BASELINE_NO_ENTITY_RANKING,,,NOT_APPLICABLE_GLOBAL_BASELINE,HF9g-P5,,,,X 全窗基线 · 不参与实体赏罚,14191002,1420,A168_HF9F_20260827_0900,2026-08-27 09:00:00
2026-08-01,70521282,1947,0,7.7055454242,-7.7055454242,-7.7055454242,0E-7,1,1,0.50665070000000000,0.506650700000,-1.013391052207602,-1.013391052207602,-1.013391052207602,0E-17,ELIGIBLE,R03b_20260811_FULL_v1,L1_ELIGIBILITY,v2026-08-11,2026-03-21..2026-08-06,baccarat_bet02_101_all_pairs_incl_sentinel,round_win = game_pnl > 0 (decisive only),COMPATIBILITY_ONLY_NOT_PRODUCTION,584473.8809,521750.0287,6633.3633,3770,3770,-0.01134929,-0.02064894,-0.00990944,-0.01134929,-6633.3633,584473.8809,OK,0.0000,265.3345,4.0000,96.0000,AG03-UNRESOLVED,ALL5_LEVELS_bet23_to_bet27,265.3345,265.3345,265.3345,331.6682,331.6682,4.000000,4.000000,4.000000,5.000000,5.000000,96.000000,96.000000,96.000000,95.000000,95.000000,5.0,1459.3399,1336.7936,5174.0234,5296.5697,PENDING_AG03,FALSE,NOT_FOR_ENFORCEMENT,6368.0288,500880.0275,6633.3633,6368.0288,265.3345,0.01134929,0.01089532,265.3345,6368.0288,0.01089532,265.3345,265.3345,265.3345,331.6682,331.6682,6368.0288,0.01089532,1459.3399,1336.7936,5174.0234,5296.5697,0.00885245,0.00906212,0.00045397,155.0329,138.3952,1.7595,127.5647,14.6756,11239.8823,72.5000,180.5550,151.7125,58.09,129.7286,157.9904,321.5856,428.8828,778.3716,93.4046,0.0,3.306,6.0,1.195055,16,80,84,2,0.13407078,0.01134929,0.02064894,0E-8,0.000000,0.892683,0.000000,-0.01073951,2026-03-25,2026-08-03,52,452,218,132,0.393939,1.190113,1.164624,0.446903,,,,,,,,GLOBAL_BASELINE_NO_ENTITY_RANKING,,,NOT_APPLICABLE_GLOBAL_BASELINE,HF9g-P5,,,,X 全窗基线 · 不参与实体赏罚,14191003,1420,A168_HF9F_20260827_0900,2026-08-27 09:00:00
2026-08-01,70521282,789,0,352.6571289138,156.6408958980,156.6408958980,0.7142857,7,7,0.50090561428571429,0.500905614286,1.129103210700875,1.1291032106993646,1.129103210700875,-2.8571E-13,ELIGIBLE,R03b_20260811_FULL_v1,L1_ELIGIBILITY,v2026-08-11,2026-03-21..2026-08-06,baccarat_bet02_101_all_pairs_incl_sentinel,round_win = game_pnl > 0 (decisive only),COMPATIBILITY_ONLY_NOT_PRODUCTION,584473.8809,521750.0287,6633.3633,3770,3770,-0.01134929,-0.02064894,-0.00990944,-0.01134929,-6633.3633,584473.8809,OK,0.0000,265.3345,4.0000,96.0000,AG03-UNRESOLVED,ALL5_LEVELS_bet23_to_bet27,265.3345,265.3345,265.3345,331.6682,331.6682,4.000000,4.000000,4.000000,5.000000,5.000000,96.000000,96.000000,96.000000,95.000000,95.000000,5.0,1459.3399,1336.7936,5174.0234,5296.5697,PENDING_AG03,FALSE,NOT_FOR_ENFORCEMENT,6368.0288,500880.0275,6633.3633,6368.0288,265.3345,0.01134929,0.01089532,265.3345,6368.0288,0.01089532,265.3345,265.3345,265.3345,331.6682,331.6682,6368.0288,0.01089532,1459.3399,1336.7936,5174.0234,5296.5697,0.00885245,0.00906212,0.00045397,155.0329,138.3952,1.7595,127.5647,14.6756,11239.8823,72.5000,180.5550,151.7125,58.09,129.7286,157.9904,321.5856,428.8828,778.3716,93.4046,0.0,3.306,6.0,1.195055,16,80,84,2,0.13407078,0.01134929,0.02064894,0E-8,0.000000,0.892683,0.000000,-0.01073951,2026-03-25,2026-08-03,52,452,218,132,0.393939,1.190113,1.164624,0.446903,,,,,,,,GLOBAL_BASELINE_NO_ENTITY_RANKING,,,NOT_APPLICABLE_GLOBAL_BASELINE,HF9g-P5,,,,X 全窗基线 · 不参与实体赏罚,14191004,1420,A168_HF9F_20260827_0900,2026-08-27 09:00:00
2026-08-02,70521282,1623,0,4112.9632959187,253.2299077902,253.2299077902,0.4285714,16,16,0.49994810000000000,0.499948100000,-0.5341341026655996,-0.5341341026655996,-0.5341341026655996,0E-17,ELIGIBLE,R03b_20260811_FULL_v1,L1_ELIGIBILITY,v2026-08-11,2026-03-21..2026-08-06,baccarat_bet02_101_all_pairs_incl_sentinel,round_win = game_pnl > 0 (decisive only),COMPATIBILITY_ONLY_NOT_PRODUCTION,584473.8809,521750.0287,6633.3633,3770,3770,-0.01134929,-0.02064894,-0.00990944,-0.01134929,-6633.3633,584473.8809,OK,0.0000,265.3345,4.0000,96.0000,AG03-UNRESOLVED,ALL5_LEVELS_bet23_to_bet27,265.3345,265.3345,265.3345,331.6682,331.6682,4.000000,4.000000,4.000000,5.000000,5.000000,96.000000,96.000000,96.000000,95.000000,95.000000,5.0,1459.3399,1336.7936,5174.0234,5296.5697,PENDING_AG03,FALSE,NOT_FOR_ENFORCEMENT,6368.0288,500880.0275,6633.3633,6368.0288,265.3345,0.01134929,0.01089532,265.3345,6368.0288,0.01089532,265.3345,265.3345,265.3345,331.6682,331.6682,6368.0288,0.01089532,1459.3399,1336.7936,5174.0234,5296.5697,0.00885245,0.00906212,0.00045397,155.0329,138.3952,1.7595,127.5647,14.6756,11239.8823,72.5000,180.5550,151.7125,58.09,129.7286,157.9904,321.5856,428.8828,778.3716,93.4046,0.0,3.306,6.0,1.195055,16,80,84,2,0.13407078,0.01134929,0.02064894,0E-8,0.000000,0.892683,0.000000,-0.01073951,2026-03-25,2026-08-03,52,452,218,132,0.393939,1.190113,1.164624,0.446903,,,,,,,,GLOBAL_BASELINE_NO_ENTITY_RANKING,,,NOT_APPLICABLE_GLOBAL_BASELINE,HF9g-P5,,,,X 全窗基线 · 不参与实体赏罚,14191005,1420,A168_HF9F_20260827_0900,2026-08-27 09:00:00
2026-08-02,70521282,1654,0,314.3862533069,36.9480903090,36.9480903090,0.7500000,4,4,0.49659680000000000,0.496596800000,1.0136362796769356,1.0136362796769358,1.0136362796769356,0E-17,ELIGIBLE,R03b_20260811_FULL_v1,L1_ELIGIBILITY,v2026-08-11,2026-03-21..2026-08-06,baccarat_bet02_101_all_pairs_incl_sentinel,round_win = game_pnl > 0 (decisive only),COMPATIBILITY_ONLY_NOT_PRODUCTION,584473.8809,521750.0287,6633.3633,3770,3770,-0.01134929,-0.02064894,-0.00990944,-0.01134929,-6633.3633,584473.8809,OK,0.0000,265.3345,4.0000,96.0000,AG03-UNRESOLVED,ALL5_LEVELS_bet23_to_bet27,265.3345,265.3345,265.3345,331.6682,331.6682,4.000000,4.000000,4.000000,5.000000,5.000000,96.000000,96.000000,96.000000,95.000000,95.000000,5.0,1459.3399,1336.7936,5174.0234,5296.5697,PENDING_AG03,FALSE,NOT_FOR_ENFORCEMENT,6368.0288,500880.0275,6633.3633,6368.0288,265.3345,0.01134929,0.01089532,265.3345,6368.0288,0.01089532,265.3345,265.3345,265.3345,331.6682,331.6682,6368.0288,0.01089532,1459.3399,1336.7936,5174.0234,5296.5697,0.00885245,0.00906212,0.00045397,155.0329,138.3952,1.7595,127.5647,14.6756,11239.8823,72.5000,180.5550,151.7125,58.09,129.7286,157.9904,321.5856,428.8828,778.3716,93.4046,0.0,3.306,6.0,1.195055,16,80,84,2,0.13407078,0.01134929,0.02064894,0E-8,0.000000,0.892683,0.000000,-0.01073951,2026-03-25,2026-08-03,52,452,218,132,0.393939,1.190113,1.164624,0.446903,,,,,,,,GLOBAL_BASELINE_NO_ENTITY_RANKING,,,NOT_APPLICABLE_GLOBAL_BASELINE,HF9g-P5,,,,X 全窗基线 · 不参与实体赏罚,14191006,1420,A168_HF9F_20260827_0900,2026-08-27 09:00:00
2026-08-02,70521282,1941,0,386.5615287801,-386.5615287801,-386.5615287801,0E-7,3,3,0.50218230000000000,0.502182300000,-1.7396270863184011,-1.7396270863184016,-1.7396270863184011,0E-17,ELIGIBLE,R03b_20260811_FULL_v1,L1_ELIGIBILITY,v2026-08-11,2026-03-21..2026-08-06,baccarat_bet02_101_all_pairs_incl_sentinel,round_win = game_pnl > 0 (decisive only),COMPATIBILITY_ONLY_NOT_PRODUCTION,584473.8809,521750.0287,6633.3633,3770,3770,-0.01134929,-0.02064894,-0.00990944,-0.01134929,-6633.3633,584473.8809,OK,0.0000,265.3345,4.0000,96.0000,AG03-UNRESOLVED,ALL5_LEVELS_bet23_to_bet27,265.3345,265.3345,265.3345,331.6682,331.6682,4.000000,4.000000,4.000000,5.000000,5.000000,96.000000,96.000000,96.000000,95.000000,95.000000,5.0,1459.3399,1336.7936,5174.0234,5296.5697,PENDING_AG03,FALSE,NOT_FOR_ENFORCEMENT,6368.0288,500880.0275,6633.3633,6368.0288,265.3345,0.01134929,0.01089532,265.3345,6368.0288,0.01089532,265.3345,265.3345,265.3345,331.6682,331.6682,6368.0288,0.01089532,1459.3399,1336.7936,5174.0234,5296.5697,0.00885245,0.00906212,0.00045397,155.0329,138.3952,1.7595,127.5647,14.6756,11239.8823,72.5000,180.5550,151.7125,58.09,129.7286,157.9904,321.5856,428.8828,778.3716,93.4046,0.0,3.306,6.0,1.195055,16,80,84,2,0.13407078,0.01134929,0.02064894,0E-8,0.000000,0.892683,0.000000,-0.01073951,2026-03-25,2026-08-03,52,452,218,132,0.393939,1.190113,1.164624,0.446903,,,,,,,,GLOBAL_BASELINE_NO_ENTITY_RANKING,,,NOT_APPLICABLE_GLOBAL_BASELINE,HF9g-P5,,,,X 全窗基线 · 不参与实体赏罚,14191007,1420,A168_HF9F_20260827_0900,2026-08-27 09:00:00
2026-08-02,70521282,1942,0,256.8515141396,-256.8515141396,-256.8515141396,0E-7,2,2,0.49994810000000000,0.499948100000,-1.4140667746232096,-1.4140667746232096,-1.4140667746232096,0E-17,ELIGIBLE,R03b_20260811_FULL_v1,L1_ELIGIBILITY,v2026-08-11,2026-03-21..2026-08-06,baccarat_bet02_101_all_pairs_incl_sentinel,round_win = game_pnl > 0 (decisive only),COMPATIBILITY_ONLY_NOT_PRODUCTION,584473.8809,521750.0287,6633.3633,3770,3770,-0.01134929,-0.02064894,-0.00990944,-0.01134929,-6633.3633,584473.8809,OK,0.0000,265.3345,4.0000,96.0000,AG03-UNRESOLVED,ALL5_LEVELS_bet23_to_bet27,265.3345,265.3345,265.3345,331.6682,331.6682,4.000000,4.000000,4.000000,5.000000,5.000000,96.000000,96.000000,96.000000,95.000000,95.000000,5.0,1459.3399,1336.7936,5174.0234,5296.5697,PENDING_AG03,FALSE,NOT_FOR_ENFORCEMENT,6368.0288,500880.0275,6633.3633,6368.0288,265.3345,0.01134929,0.01089532,265.3345,6368.0288,0.01089532,265.3345,265.3345,265.3345,331.6682,331.6682,6368.0288,0.01089532,1459.3399,1336.7936,5174.0234,5296.5697,0.00885245,0.00906212,0.00045397,155.0329,138.3952,1.7595,127.5647,14.6756,11239.8823,72.5000,180.5550,151.7125,58.09,129.7286,157.9904,321.5856,428.8828,778.3716,93.4046,0.0,3.306,6.0,1.195055,16,80,84,2,0.13407078,0.01134929,0.02064894,0E-8,0.000000,0.892683,0.000000,-0.01073951,2026-03-25,2026-08-03,52,452,218,132,0.393939,1.190113,1.164624,0.446903,,,,,,,,GLOBAL_BASELINE_NO_ENTITY_RANKING,,,NOT_APPLICABLE_GLOBAL_BASELINE,HF9g-P5,,,,X 全窗基线 · 不参与实体赏罚,14191008,1420,A168_HF9F_20260827_0900,2026-08-27 09:00:00
2026-08-02,70521282,2106,0,1509.2594970846,-583.9519173965,-583.9519173965,0.2222222,13,13,0.50458836153846154,0.504588361538,-1.6942681764640024,-1.6942681764612193,-1.6942681764640024,4.6154E-13,ELIGIBLE,R03b_20260811_FULL_v1,L1_ELIGIBILITY,v2026-08-11,2026-03-21..2026-08-06,baccarat_bet02_101_all_pairs_incl_sentinel,round_win = game_pnl > 0 (decisive only),COMPATIBILITY_ONLY_NOT_PRODUCTION,584473.8809,521750.0287,6633.3633,3770,3770,-0.01134929,-0.02064894,-0.00990944,-0.01134929,-6633.3633,584473.8809,OK,0.0000,265.3345,4.0000,96.0000,AG03-UNRESOLVED,ALL5_LEVELS_bet23_to_bet27,265.3345,265.3345,265.3345,331.6682,331.6682,4.000000,4.000000,4.000000,5.000000,5.000000,96.000000,96.000000,96.000000,95.000000,95.000000,5.0,1459.3399,1336.7936,5174.0234,5296.5697,PENDING_AG03,FALSE,NOT_FOR_ENFORCEMENT,6368.0288,500880.0275,6633.3633,6368.0288,265.3345,0.01134929,0.01089532,265.3345,6368.0288,0.01089532,265.3345,265.3345,265.3345,331.6682,331.6682,6368.0288,0.01089532,1459.3399,1336.7936,5174.0234,5296.5697,0.00885245,0.00906212,0.00045397,155.0329,138.3952,1.7595,127.5647,14.6756,11239.8823,72.5000,180.5550,151.7125,58.09,129.7286,157.9904,321.5856,428.8828,778.3716,93.4046,0.0,3.306,6.0,1.195055,16,80,84,2,0.13407078,0.01134929,0.02064894,0E-8,0.000000,0.892683,0.000000,-0.01073951,2026-03-25,2026-08-03,52,452,218,132,0.393939,1.190113,1.164624,0.446903,,,,,,,,GLOBAL_BASELINE_NO_ENTITY_RANKING,,,NOT_APPLICABLE_GLOBAL_BASELINE,HF9g-P5,,,,X 全窗基线 · 不参与实体赏罚,14191009,1420,A168_HF9F_20260827_0900,2026-08-27 09:00:00
2026-08-02,70521282,2108,0,153.0835024272,97.3467238589,97.3467238589,0.5000000,2,2,0.50665070000000000,0.506650700000,-0.018812684590367487,-0.018812684590367487,-0.018812684590367487,0E-17,ELIGIBLE,R03b_20260811_FULL_v1,L1_ELIGIBILITY,v2026-08-11,2026-03-21..2026-08-06,baccarat_bet02_101_all_pairs_incl_sentinel,round_win = game_pnl > 0 (decisive only),COMPATIBILITY_ONLY_NOT_PRODUCTION,584473.8809,521750.0287,6633.3633,3770,3770,-0.01134929,-0.02064894,-0.00990944,-0.01134929,-6633.3633,584473.8809,OK,0.0000,265.3345,4.0000,96.0000,AG03-UNRESOLVED,ALL5_LEVELS_bet23_to_bet27,265.3345,265.3345,265.3345,331.6682,331.6682,4.000000,4.000000,4.000000,5.000000,5.000000,96.000000,96.000000,96.000000,95.000000,95.000000,5.0,1459.3399,1336.7936,5174.0234,5296.5697,PENDING_AG03,FALSE,NOT_FOR_ENFORCEMENT,6368.0288,500880.0275,6633.3633,6368.0288,265.3345,0.01134929,0.01089532,265.3345,6368.0288,0.01089532,265.3345,265.3345,265.3345,331.6682,331.6682,6368.0288,0.01089532,1459.3399,1336.7936,5174.0234,5296.5697,0.00885245,0.00906212,0.00045397,155.0329,138.3952,1.7595,127.5647,14.6756,11239.8823,72.5000,180.5550,151.7125,58.09,129.7286,157.9904,321.5856,428.8828,778.3716,93.4046,0.0,3.306,6.0,1.195055,16,80,84,2,0.13407078,0.01134929,0.02064894,0E-8,0.000000,0.892683,0.000000,-0.01073951,2026-03-25,2026-08-03,52,452,218,132,0.393939,1.190113,1.164624,0.446903,,,,,,,,GLOBAL_BASELINE_NO_ENTITY_RANKING,,,NOT_APPLICABLE_GLOBAL_BASELINE,HF9g-P5,,,,X 全窗基线 · 不参与实体赏罚,14191010,1420,A168_HF9F_20260827_0900,2026-08-27 09:00:00
2026-08-02,70521282,2121,0,1811.0600261990,-539.6450312075,-539.6450312075,0.2500000,7,7,0.49899058571428571,0.498990585714,-0.9959643724696707,-0.995964372468529,-0.9959643724696707,2.8571E-13,ELIGIBLE,R03b_20260811_FULL_v1,L1_ELIGIBILITY,v2026-08-11,2026-03-21..2026-08-06,baccarat_bet02_101_all_pairs_incl_sentinel,round_win = game_pnl > 0 (decisive only),COMPATIBILITY_ONLY_NOT_PRODUCTION,584473.8809,521750.0287,6633.3633,3770,3770,-0.01134929,-0.02064894,-0.00990944,-0.01134929,-6633.3633,584473.8809,OK,0.0000,265.3345,4.0000,96.0000,AG03-UNRESOLVED,ALL5_LEVELS_bet23_to_bet27,265.3345,265.3345,265.3345,331.6682,331.6682,4.000000,4.000000,4.000000,5.000000,5.000000,96.000000,96.000000,96.000000,95.000000,95.000000,5.0,1459.3399,1336.7936,5174.0234,5296.5697,PENDING_AG03,FALSE,NOT_FOR_ENFORCEMENT,6368.0288,500880.0275,6633.3633,6368.0288,265.3345,0.01134929,0.01089532,265.3345,6368.0288,0.01089532,265.3345,265.3345,265.3345,331.6682,331.6682,6368.0288,0.01089532,1459.3399,1336.7936,5174.0234,5296.5697,0.00885245,0.00906212,0.00045397,155.0329,138.3952,1.7595,127.5647,14.6756,11239.8823,72.5000,180.5550,151.7125,58.09,129.7286,157.9904,321.5856,428.8828,778.3716,93.4046,0.0,3.306,6.0,1.195055,16,80,84,2,0.13407078,0.01134929,0.02064894,0E-8,0.000000,0.892683,0.000000,-0.01073951,2026-03-25,2026-08-03,52,452,218,132,0.393939,1.190113,1.164624,0.446903,,,,,,,,GLOBAL_BASELINE_NO_ENTITY_RANKING,,,NOT_APPLICABLE_GLOBAL_BASELINE,HF9g-P5,,,,X 全窗基线 · 不参与实体赏罚,14191011,1420,A168_HF9F_20260827_0900,2026-08-27 09:00:00
2026-08-02,70521282,2130,0,4997.0462075872,2722.6260498805,2722.6260498805,0.8888889,12,12,0.49659680000000000,0.496596800000,2.35380705646985,2.35380705646985,2.35380705646985,0E-17,ELIGIBLE,R03b_20260811_FULL_v1,L1_ELIGIBILITY,v2026-08-11,2026-03-21..2026-08-06,baccarat_bet02_101_all_pairs_incl_sentinel,round_win = game_pnl > 0 (decisive only),COMPATIBILITY_ONLY_NOT_PRODUCTION,584473.8809,521750.0287,6633.3633,3770,3770,-0.01134929,-0.02064894,-0.00990944,-0.01134929,-6633.3633,584473.8809,OK,0.0000,265.3345,4.0000,96.0000,AG03-UNRESOLVED,ALL5_LEVELS_bet23_to_bet27,265.3345,265.3345,265.3345,331.6682,331.6682,4.000000,4.000000,4.000000,5.000000,5.000000,96.000000,96.000000,96.000000,95.000000,95.000000,5.0,1459.3399,1336.7936,5174.0234,5296.5697,PENDING_AG03,FALSE,NOT_FOR_ENFORCEMENT,6368.0288,500880.0275,6633.3633,6368.0288,265.3345,0.01134929,0.01089532,265.3345,6368.0288,0.01089532,265.3345,265.3345,265.3345,331.6682,331.6682,6368.0288,0.01089532,1459.3399,1336.7936,5174.0234,5296.5697,0.00885245,0.00906212,0.00045397,155.0329,138.3952,1.7595,127.5647,14.6756,11239.8823,72.5000,180.5550,151.7125,58.09,129.7286,157.9904,321.5856,428.8828,778.3716,93.4046,0.0,3.306,6.0,1.195055,16,80,84,2,0.13407078,0.01134929,0.02064894,0E-8,0.000000,0.892683,0.000000,-0.01073951,2026-03-25,2026-08-03,52,452,218,132,0.393939,1.190113,1.164624,0.446903,,,,,,,,GLOBAL_BASELINE_NO_ENTITY_RANKING,,,NOT_APPLICABLE_GLOBAL_BASELINE,HF9g-P5,,,,X 全窗基线 · 不参与实体赏罚,14191012,1420,A168_HF9F_20260827_0900,2026-08-27 09:00:00
2026-08-02,70521282,2153,0,137.1587085506,-137.1587085506,-137.1587085506,0E-7,2,2,0.49324550000000000,0.493245500000,-1.3952362676504506,-1.3952362676504506,-1.3952362676504506,0E-17,ELIGIBLE,R03b_20260811_FULL_v1,L1_ELIGIBILITY,v2026-08-11,2026-03-21..2026-08-06,baccarat_bet02_101_all_pairs_incl_sentinel,round_win = game_pnl > 0 (decisive only),COMPATIBILITY_ONLY_NOT_PRODUCTION,584473.8809,521750.0287,6633.3633,3770,3770,-0.01134929,-0.02064894,-0.00990944,-0.01134929,-6633.3633,584473.8809,OK,0.0000,265.3345,4.0000,96.0000,AG03-UNRESOLVED,ALL5_LEVELS_bet23_to_bet27,265.3345,265.3345,265.3345,331.6682,331.6682,4.000000,4.000000,4.000000,5.000000,5.000000,96.000000,96.000000,96.000000,95.000000,95.000000,5.0,1459.3399,1336.7936,5174.0234,5296.5697,PENDING_AG03,FALSE,NOT_FOR_ENFORCEMENT,6368.0288,500880.0275,6633.3633,6368.0288,265.3345,0.01134929,0.01089532,265.3345,6368.0288,0.01089532,265.3345,265.3345,265.3345,331.6682,331.6682,6368.0288,0.01089532,1459.3399,1336.7936,5174.0234,5296.5697,0.00885245,0.00906212,0.00045397,155.0329,138.3952,1.7595,127.5647,14.6756,11239.8823,72.5000,180.5550,151.7125,58.09,129.7286,157.9904,321.5856,428.8828,778.3716,93.4046,0.0,3.306,6.0,1.195055,16,80,84,2,0.13407078,0.01134929,0.02064894,0E-8,0.000000,0.892683,0.000000,-0.01073951,2026-03-25,2026-08-03,52,452,218,132,0.393939,1.190113,1.164624,0.446903,,,,,,,,GLOBAL_BASELINE_NO_ENTITY_RANKING,,,NOT_APPLICABLE_GLOBAL_BASELINE,HF9g-P5,,,,X 全窗基线 · 不参与实体赏罚,14191013,1420,A168_HF9F_20260827_0900,2026-08-27 09:00:00
2026-08-02,70521282,462,0,575.8610947012,301.4152518428,301.4152518428,0.7500000,4,4,0.49659680000000000,0.496596800000,1.0136362796769356,1.0136362796769358,1.0136362796769356,0E-17,ELIGIBLE,R03b_20260811_FULL_v1,L1_ELIGIBILITY,v2026-08-11,2026-03-21..2026-08-06,baccarat_bet02_101_all_pairs_incl_sentinel,round_win = game_pnl > 0 (decisive only),COMPATIBILITY_ONLY_NOT_PRODUCTION,584473.8809,521750.0287,6633.3633,3770,3770,-0.01134929,-0.02064894,-0.00990944,-0.01134929,-6633.3633,584473.8809,OK,0.0000,265.3345,4.0000,96.0000,AG03-UNRESOLVED,ALL5_LEVELS_bet23_to_bet27,265.3345,265.3345,265.3345,331.6682,331.6682,4.000000,4.000000,4.000000,5.000000,5.000000,96.000000,96.000000,96.000000,95.000000,95.000000,5.0,1459.3399,1336.7936,5174.0234,5296.5697,PENDING_AG03,FALSE,NOT_FOR_ENFORCEMENT,6368.0288,500880.0275,6633.3633,6368.0288,265.3345,0.01134929,0.01089532,265.3345,6368.0288,0.01089532,265.3345,265.3345,265.3345,331.6682,331.6682,6368.0288,0.01089532,1459.3399,1336.7936,5174.0234,5296.5697,0.00885245,0.00906212,0.00045397,155.0329,138.3952,1.7595,127.5647,14.6756,11239.8823,72.5000,180.5550,151.7125,58.09,129.7286,157.9904,321.5856,428.8828,778.3716,93.4046,0.0,3.306,6.0,1.195055,16,80,84,2,0.13407078,0.01134929,0.02064894,0E-8,0.000000,0.892683,0.000000,-0.01073951,2026-03-25,2026-08-03,52,452,218,132,0.393939,1.190113,1.164624,0.446903,,,,,,,,GLOBAL_BASELINE_NO_ENTITY_RANKING,,,NOT_APPLICABLE_GLOBAL_BASELINE,HF9g-P5,,,,X 全窗基线 · 不参与实体赏罚,14191014,1420,A168_HF9F_20260827_0900,2026-08-27 09:00:00
2026-08-02,70521282,529,0,2805.3322374335,585.1077492101,585.1077492101,0.5714286,9,9,0.49473496666666667,0.494734966667,0.4058469119422574,0.4058469119404907,0.4058469119422574,-3.3333E-13,ELIGIBLE,R03b_20260811_FULL_v1,L1_ELIGIBILITY,v2026-08-11,2026-03-21..2026-08-06,baccarat_bet02_101_all_pairs_incl_sentinel,round_win = game_pnl > 0 (decisive only),COMPATIBILITY_ONLY_NOT_PRODUCTION,584473.8809,521750.0287,6633.3633,3770,3770,-0.01134929,-0.02064894,-0.00990944,-0.01134929,-6633.3633,584473.8809,OK,0.0000,265.3345,4.0000,96.0000,AG03-UNRESOLVED,ALL5_LEVELS_bet23_to_bet27,265.3345,265.3345,265.3345,331.6682,331.6682,4.000000,4.000000,4.000000,5.000000,5.000000,96.000000,96.000000,96.000000,95.000000,95.000000,5.0,1459.3399,1336.7936,5174.0234,5296.5697,PENDING_AG03,FALSE,NOT_FOR_ENFORCEMENT,6368.0288,500880.0275,6633.3633,6368.0288,265.3345,0.01134929,0.01089532,265.3345,6368.0288,0.01089532,265.3345,265.3345,265.3345,331.6682,331.6682,6368.0288,0.01089532,1459.3399,1336.7936,5174.0234,5296.5697,0.00885245,0.00906212,0.00045397,155.0329,138.3952,1.7595,127.5647,14.6756,11239.8823,72.5000,180.5550,151.7125,58.09,129.7286,157.9904,321.5856,428.8828,778.3716,93.4046,0.0,3.306,6.0,1.195055,16,80,84,2,0.13407078,0.01134929,0.02064894,0E-8,0.000000,0.892683,0.000000,-0.01073951,2026-03-25,2026-08-03,52,452,218,132,0.393939,1.190113,1.164624,0.446903,,,,,,,,GLOBAL_BASELINE_NO_ENTITY_RANKING,,,NOT_APPLICABLE_GLOBAL_BASELINE,HF9g-P5,,,,X 全窗基线 · 不参与实体赏罚,14191015,1420,A168_HF9F_20260827_0900,2026-08-27 09:00:00
2026-08-02,70521282,550,0,845.5551845477,339.9815066909,339.9815066909,0.6666667,6,6,0.50218230000000000,0.502182300000,0.8058132132962729,0.8058132132962729,0.8058132132962729,0E-17,ELIGIBLE,R03b_20260811_FULL_v1,L1_ELIGIBILITY,v2026-08-11,2026-03-21..2026-08-06,baccarat_bet02_101_all_pairs_incl_sentinel,round_win = game_pnl > 0 (decisive only),COMPATIBILITY_ONLY_NOT_PRODUCTION,584473.8809,521750.0287,6633.3633,3770,3770,-0.01134929,-0.02064894,-0.00990944,-0.01134929,-6633.3633,584473.8809,OK,0.0000,265.3345,4.0000,96.0000,AG03-UNRESOLVED,ALL5_LEVELS_bet23_to_bet27,265.3345,265.3345,265.3345,331.6682,331.6682,4.000000,4.000000,4.000000,5.000000,5.000000,96.000000,96.000000,96.000000,95.000000,95.000000,5.0,1459.3399,1336.7936,5174.0234,5296.5697,PENDING_AG03,FALSE,NOT_FOR_ENFORCEMENT,6368.0288,500880.0275,6633.3633,6368.0288,265.3345,0.01134929,0.01089532,265.3345,6368.0288,0.01089532,265.3345,265.3345,265.3345,331.6682,331.6682,6368.0288,0.01089532,1459.3399,1336.7936,5174.0234,5296.5697,0.00885245,0.00906212,0.00045397,155.0329,138.3952,1.7595,127.5647,14.6756,11239.8823,72.5000,180.5550,151.7125,58.09,129.7286,157.9904,321.5856,428.8828,778.3716,93.4046,0.0,3.306,6.0,1.195055,16,80,84,2,0.13407078,0.01134929,0.02064894,0E-8,0.000000,0.892683,0.000000,-0.01073951,2026-03-25,2026-08-03,52,452,218,132,0.393939,1.190113,1.164624,0.446903,,,,,,,,GLOBAL_BASELINE_NO_ENTITY_RANKING,,,NOT_APPLICABLE_GLOBAL_BASELINE,HF9g-P5,,,,X 全窗基线 · 不参与实体赏罚,14191016,1420,A168_HF9F_20260827_0900,2026-08-27 09:00:00
2026-08-02,70521282,583,0,171.0631084170,-5.6507333110,-5.6507333110,0.5000000,2,2,0.49324550000000000,0.493245500000,0.01910635448239258,0.01910635448239258,0.01910635448239258,0E-17,ELIGIBLE,R03b_20260811_FULL_v1,L1_ELIGIBILITY,v2026-08-11,2026-03-21..2026-08-06,baccarat_bet02_101_all_pairs_incl_sentinel,round_win = game_pnl > 0 (decisive only),COMPATIBILITY_ONLY_NOT_PRODUCTION,584473.8809,521750.0287,6633.3633,3770,3770,-0.01134929,-0.02064894,-0.00990944,-0.01134929,-6633.3633,584473.8809,OK,0.0000,265.3345,4.0000,96.0000,AG03-UNRESOLVED,ALL5_LEVELS_bet23_to_bet27,265.3345,265.3345,265.3345,331.6682,331.6682,4.000000,4.000000,4.000000,5.000000,5.000000,96.000000,96.000000,96.000000,95.000000,95.000000,5.0,1459.3399,1336.7936,5174.0234,5296.5697,PENDING_AG03,FALSE,NOT_FOR_ENFORCEMENT,6368.0288,500880.0275,6633.3633,6368.0288,265.3345,0.01134929,0.01089532,265.3345,6368.0288,0.01089532,265.3345,265.3345,265.3345,331.6682,331.6682,6368.0288,0.01089532,1459.3399,1336.7936,5174.0234,5296.5697,0.00885245,0.00906212,0.00045397,155.0329,138.3952,1.7595,127.5647,14.6756,11239.8823,72.5000,180.5550,151.7125,58.09,129.7286,157.9904,321.5856,428.8828,778.3716,93.4046,0.0,3.306,6.0,1.195055,16,80,84,2,0.13407078,0.01134929,0.02064894,0E-8,0.000000,0.892683,0.000000,-0.01073951,2026-03-25,2026-08-03,52,452,218,132,0.393939,1.190113,1.164624,0.446903,,,,,,,,GLOBAL_BASELINE_NO_ENTITY_RANKING,,,NOT_APPLICABLE_GLOBAL_BASELINE,HF9g-P5,,,,X 全窗基线 · 不参与实体赏罚,14191017,1420,A168_HF9F_20260827_0900,2026-08-27 09:00:00
2026-08-02,70521282,763,0,2671.2557470525,256.8515141397,256.8515141397,0.5714286,7,7,0.49324550000000000,0.493245500000,0.4137436818725812,0.41374368187258126,0.4137436818725812,0E-17,ELIGIBLE,R03b_20260811_FULL_v1,L1_ELIGIBILITY,v2026-08-11,2026-03-21..2026-08-06,baccarat_bet02_101_all_pairs_incl_sentinel,round_win = game_pnl > 0 (decisive only),COMPATIBILITY_ONLY_NOT_PRODUCTION,584473.8809,521750.0287,6633.3633,3770,3770,-0.01134929,-0.02064894,-0.00990944,-0.01134929,-6633.3633,584473.8809,OK,0.0000,265.3345,4.0000,96.0000,AG03-UNRESOLVED,ALL5_LEVELS_bet23_to_bet27,265.3345,265.3345,265.3345,331.6682,331.6682,4.000000,4.000000,4.000000,5.000000,5.000000,96.000000,96.000000,96.000000,95.000000,95.000000,5.0,1459.3399,1336.7936,5174.0234,5296.5697,PENDING_AG03,FALSE,NOT_FOR_ENFORCEMENT,6368.0288,500880.0275,6633.3633,6368.0288,265.3345,0.01134929,0.01089532,265.3345,6368.0288,0.01089532,265.3345,265.3345,265.3345,331.6682,331.6682,6368.0288,0.01089532,1459.3399,1336.7936,5174.0234,5296.5697,0.00885245,0.00906212,0.00045397,155.0329,138.3952,1.7595,127.5647,14.6756,11239.8823,72.5000,180.5550,151.7125,58.09,129.7286,157.9904,321.5856,428.8828,778.3716,93.4046,0.0,3.306,6.0,1.195055,16,80,84,2,0.13407078,0.01134929,0.02064894,0E-8,0.000000,0.892683,0.000000,-0.01073951,2026-03-25,2026-08-03,52,452,218,132,0.393939,1.190113,1.164624,0.446903,,,,,,,,GLOBAL_BASELINE_NO_ENTITY_RANKING,,,NOT_APPLICABLE_GLOBAL_BASELINE,HF9g-P5,,,,X 全窗基线 · 不参与实体赏罚,14191018,1420,A168_HF9F_20260827_0900,2026-08-27 09:00:00
2026-08-03,70521282,1490,0,8667.7111961578,-1029.0755914006,-1029.0755914006,0.4642857,28,28,0.49803307142857143,0.498033071429,-0.35715122113241526,-0.3571512211369497,-0.35715122113241526,-4.2857E-13,ELIGIBLE,R03b_20260811_FULL_v1,L1_ELIGIBILITY,v2026-08-11,2026-03-21..2026-08-06,baccarat_bet02_101_all_pairs_incl_sentinel,round_win = game_pnl > 0 (decisive only),COMPATIBILITY_ONLY_NOT_PRODUCTION,584473.8809,521750.0287,6633.3633,3770,3770,-0.01134929,-0.02064894,-0.00990944,-0.01134929,-6633.3633,584473.8809,OK,0.0000,265.3345,4.0000,96.0000,AG03-UNRESOLVED,ALL5_LEVELS_bet23_to_bet27,265.3345,265.3345,265.3345,331.6682,331.6682,4.000000,4.000000,4.000000,5.000000,5.000000,96.000000,96.000000,96.000000,95.000000,95.000000,5.0,1459.3399,1336.7936,5174.0234,5296.5697,PENDING_AG03,FALSE,NOT_FOR_ENFORCEMENT,6368.0288,500880.0275,6633.3633,6368.0288,265.3345,0.01134929,0.01089532,265.3345,6368.0288,0.01089532,265.3345,265.3345,265.3345,331.6682,331.6682,6368.0288,0.01089532,1459.3399,1336.7936,5174.0234,5296.5697,0.00885245,0.00906212,0.00045397,155.0329,138.3952,1.7595,127.5647,14.6756,11239.8823,72.5000,180.5550,151.7125,58.09,129.7286,157.9904,321.5856,428.8828,778.3716,93.4046,0.0,3.306,6.0,1.195055,16,80,84,2,0.13407078,0.01134929,0.02064894,0E-8,0.000000,0.892683,0.000000,-0.01073951,2026-03-25,2026-08-03,52,452,218,132,0.393939,1.190113,1.164624,0.446903,,,,,,,,GLOBAL_BASELINE_NO_ENTITY_RANKING,,,NOT_APPLICABLE_GLOBAL_BASELINE,HF9g-P5,,,,X 全窗基线 · 不参与实体赏罚,14191019,1420,A168_HF9F_20260827_0900,2026-08-27 09:00:00
2026-08-03,70521282,1654,0,186.2173477512,-45.9764210310,-45.9764210310,0.5000000,4,4,0.49324550000000000,0.493245500000,0.027020465636507562,0.027020465636507562,0.027020465636507562,0E-17,ELIGIBLE,R03b_20260811_FULL_v1,L1_ELIGIBILITY,v2026-08-11,2026-03-21..2026-08-06,baccarat_bet02_101_all_pairs_incl_sentinel,round_win = game_pnl > 0 (decisive only),COMPATIBILITY_ONLY_NOT_PRODUCTION,584473.8809,521750.0287,6633.3633,3770,3770,-0.01134929,-0.02064894,-0.00990944,-0.01134929,-6633.3633,584473.8809,OK,0.0000,265.3345,4.0000,96.0000,AG03-UNRESOLVED,ALL5_LEVELS_bet23_to_bet27,265.3345,265.3345,265.3345,331.6682,331.6682,4.000000,4.000000,4.000000,5.000000,5.000000,96.000000,96.000000,96.000000,95.000000,95.000000,5.0,1459.3399,1336.7936,5174.0234,5296.5697,PENDING_AG03,FALSE,NOT_FOR_ENFORCEMENT,6368.0288,500880.0275,6633.3633,6368.0288,265.3345,0.01134929,0.01089532,265.3345,6368.0288,0.01089532,265.3345,265.3345,265.3345,331.6682,331.6682,6368.0288,0.01089532,1459.3399,1336.7936,5174.0234,5296.5697,0.00885245,0.00906212,0.00045397,155.0329,138.3952,1.7595,127.5647,14.6756,11239.8823,72.5000,180.5550,151.7125,58.09,129.7286,157.9904,321.5856,428.8828,778.3716,93.4046,0.0,3.306,6.0,1.195055,16,80,84,2,0.13407078,0.01134929,0.02064894,0E-8,0.000000,0.892683,0.000000,-0.01073951,2026-03-25,2026-08-03,52,452,218,132,0.393939,1.190113,1.164624,0.446903,,,,,,,,GLOBAL_BASELINE_NO_ENTITY_RANKING,,,NOT_APPLICABLE_GLOBAL_BASELINE,HF9g-P5,,,,X 全窗基线 · 不参与实体赏罚,14191020,1420,A168_HF9F_20260827_0900,2026-08-27 09:00:00
2026-08-03,70521282,1951,0,901.5488146303,-901.5488146303,-901.5488146303,0E-7,4,4,0.49324550000000000,0.493245500000,-1.973162052426085,-1.973162052426085,-1.973162052426085,0E-17,ELIGIBLE,R03b_20260811_FULL_v1,L1_ELIGIBILITY,v2026-08-11,2026-03-21..2026-08-06,baccarat_bet02_101_all_pairs_incl_sentinel,round_win = game_pnl > 0 (decisive only),COMPATIBILITY_ONLY_NOT_PRODUCTION,584473.8809,521750.0287,6633.3633,3770,3770,-0.01134929,-0.02064894,-0.00990944,-0.01134929,-6633.3633,584473.8809,OK,0.0000,265.3345,4.0000,96.0000,AG03-UNRESOLVED,ALL5_LEVELS_bet23_to_bet27,265.3345,265.3345,265.3345,331.6682,331.6682,4.000000,4.000000,4.000000,5.000000,5.000000,96.000000,96.000000,96.000000,95.000000,95.000000,5.0,1459.3399,1336.7936,5174.0234,5296.5697,PENDING_AG03,FALSE,NOT_FOR_ENFORCEMENT,6368.0288,500880.0275,6633.3633,6368.0288,265.3345,0.01134929,0.01089532,265.3345,6368.0288,0.01089532,265.3345,265.3345,265.3345,331.6682,331.6682,6368.0288,0.01089532,1459.3399,1336.7936,5174.0234,5296.5697,0.00885245,0.00906212,0.00045397,155.0329,138.3952,1.7595,127.5647,14.6756,11239.8823,72.5000,180.5550,151.7125,58.09,129.7286,157.9904,321.5856,428.8828,778.3716,93.4046,0.0,3.306,6.0,1.195055,16,80,84,2,0.13407078,0.01134929,0.02064894,0E-8,0.000000,0.892683,0.000000,-0.01073951,2026-03-25,2026-08-03,52,452,218,132,0.393939,1.190113,1.164624,0.446903,,,,,,,,GLOBAL_BASELINE_NO_ENTITY_RANKING,,,NOT_APPLICABLE_GLOBAL_BASELINE,HF9g-P5,,,,X 全窗基线 · 不参与实体赏罚,14191021,1420,A168_HF9F_20260827_0900,2026-08-27 09:00:00
2026-08-03,70521282,1985,0,11236.7400405823,-1286.1582719034,-1286.1582719034,0.4761905,24,24,0.49659680000000000,0.496596800000,-0.18703137938494932,-0.18703137938494932,-0.18703137938494932,0E-17,ELIGIBLE,R03b_20260811_FULL_v1,L1_ELIGIBILITY,v2026-08-11,2026-03-21..2026-08-06,baccarat_bet02_101_all_pairs_incl_sentinel,round_win = game_pnl > 0 (decisive only),COMPATIBILITY_ONLY_NOT_PRODUCTION,584473.8809,521750.0287,6633.3633,3770,3770,-0.01134929,-0.02064894,-0.00990944,-0.01134929,-6633.3633,584473.8809,OK,0.0000,265.3345,4.0000,96.0000,AG03-UNRESOLVED,ALL5_LEVELS_bet23_to_bet27,265.3345,265.3345,265.3345,331.6682,331.6682,4.000000,4.000000,4.000000,5.000000,5.000000,96.000000,96.000000,96.000000,95.000000,95.000000,5.0,1459.3399,1336.7936,5174.0234,5296.5697,PENDING_AG03,FALSE,NOT_FOR_ENFORCEMENT,6368.0288,500880.0275,6633.3633,6368.0288,265.3345,0.01134929,0.01089532,265.3345,6368.0288,0.01089532,265.3345,265.3345,265.3345,331.6682,331.6682,6368.0288,0.01089532,1459.3399,1336.7936,5174.0234,5296.5697,0.00885245,0.00906212,0.00045397,155.0329,138.3952,1.7595,127.5647,14.6756,11239.8823,72.5000,180.5550,151.7125,58.09,129.7286,157.9904,321.5856,428.8828,778.3716,93.4046,0.0,3.306,6.0,1.195055,16,80,84,2,0.13407078,0.01134929,0.02064894,0E-8,0.000000,0.892683,0.000000,-0.01073951,2026-03-25,2026-08-03,52,452,218,132,0.393939,1.190113,1.164624,0.446903,,,,,,,,GLOBAL_BASELINE_NO_ENTITY_RANKING,,,NOT_APPLICABLE_GLOBAL_BASELINE,HF9g-P5,,,,X 全窗基线 · 不参与实体赏罚,14191022,1420,A168_HF9F_20260827_0900,2026-08-27 09:00:00
2026-08-03,70521282,2147,0,298.4614594303,-298.4614594303,-298.4614594303,0E-7,2,2,0.49324550000000000,0.493245500000,-1.3952362676504506,-1.3952362676504506,-1.3952362676504506,0E-17,ELIGIBLE,R03b_20260811_FULL_v1,L1_ELIGIBILITY,v2026-08-11,2026-03-21..2026-08-06,baccarat_bet02_101_all_pairs_incl_sentinel,round_win = game_pnl > 0 (decisive only),COMPATIBILITY_ONLY_NOT_PRODUCTION,584473.8809,521750.0287,6633.3633,3770,3770,-0.01134929,-0.02064894,-0.00990944,-0.01134929,-6633.3633,584473.8809,OK,0.0000,265.3345,4.0000,96.0000,AG03-UNRESOLVED,ALL5_LEVELS_bet23_to_bet27,265.3345,265.3345,265.3345,331.6682,331.6682,4.000000,4.000000,4.000000,5.000000,5.000000,96.000000,96.000000,96.000000,95.000000,95.000000,5.0,1459.3399,1336.7936,5174.0234,5296.5697,PENDING_AG03,FALSE,NOT_FOR_ENFORCEMENT,6368.0288,500880.0275,6633.3633,6368.0288,265.3345,0.01134929,0.01089532,265.3345,6368.0288,0.01089532,265.3345,265.3345,265.3345,331.6682,331.6682,6368.0288,0.01089532,1459.3399,1336.7936,5174.0234,5296.5697,0.00885245,0.00906212,0.00045397,155.0329,138.3952,1.7595,127.5647,14.6756,11239.8823,72.5000,180.5550,151.7125,58.09,129.7286,157.9904,321.5856,428.8828,778.3716,93.4046,0.0,3.306,6.0,1.195055,16,80,84,2,0.13407078,0.01134929,0.02064894,0E-8,0.000000,0.892683,0.000000,-0.01073951,2026-03-25,2026-08-03,52,452,218,132,0.393939,1.190113,1.164624,0.446903,,,,,,,,GLOBAL_BASELINE_NO_ENTITY_RANKING,,,NOT_APPLICABLE_GLOBAL_BASELINE,HF9g-P5,,,,X 全窗基线 · 不参与实体赏罚,14191023,1420,A168_HF9F_20260827_0900,2026-08-27 09:00:00
2026-08-03,70521282,2167,0,395.5513317751,-296.7405542855,-296.7405542855,0.5000000,4,4,0.49994810000000000,0.499948100000,0.00020760000111838688,0.00020760000111838688,0.00020760000111838688,0E-17,ELIGIBLE,R03b_20260811_FULL_v1,L1_ELIGIBILITY,v2026-08-11,2026-03-21..2026-08-06,baccarat_bet02_101_all_pairs_incl_sentinel,round_win = game_pnl > 0 (decisive only),COMPATIBILITY_ONLY_NOT_PRODUCTION,584473.8809,521750.0287,6633.3633,3770,3770,-0.01134929,-0.02064894,-0.00990944,-0.01134929,-6633.3633,584473.8809,OK,0.0000,265.3345,4.0000,96.0000,AG03-UNRESOLVED,ALL5_LEVELS_bet23_to_bet27,265.3345,265.3345,265.3345,331.6682,331.6682,4.000000,4.000000,4.000000,5.000000,5.000000,96.000000,96.000000,96.000000,95.000000,95.000000,5.0,1459.3399,1336.7936,5174.0234,5296.5697,PENDING_AG03,FALSE,NOT_FOR_ENFORCEMENT,6368.0288,500880.0275,6633.3633,6368.0288,265.3345,0.01134929,0.01089532,265.3345,6368.0288,0.01089532,265.3345,265.3345,265.3345,331.6682,331.6682,6368.0288,0.01089532,1459.3399,1336.7936,5174.0234,5296.5697,0.00885245,0.00906212,0.00045397,155.0329,138.3952,1.7595,127.5647,14.6756,11239.8823,72.5000,180.5550,151.7125,58.09,129.7286,157.9904,321.5856,428.8828,778.3716,93.4046,0.0,3.306,6.0,1.195055,16,80,84,2,0.13407078,0.01134929,0.02064894,0E-8,0.000000,0.892683,0.000000,-0.01073951,2026-03-25,2026-08-03,52,452,218,132,0.393939,1.190113,1.164624,0.446903,,,,,,,,GLOBAL_BASELINE_NO_ENTITY_RANKING,,,NOT_APPLICABLE_GLOBAL_BASELINE,HF9g-P5,,,,X 全窗基线 · 不参与实体赏罚,14191024,1420,A168_HF9F_20260827_0900,2026-08-27 09:00:00
2026-08-03,70521282,2253,0,2085.6342948142,-1957.2085377444,-1957.2085377444,0E-7,8,8,0.49492115000000000,0.494921150000,-2.6190116797894687,-2.6190116797894687,-2.6190116797894687,0E-17,ELIGIBLE,R03b_20260811_FULL_v1,L1_ELIGIBILITY,v2026-08-11,2026-03-21..2026-08-06,baccarat_bet02_101_all_pairs_incl_sentinel,round_win = game_pnl > 0 (decisive only),COMPATIBILITY_ONLY_NOT_PRODUCTION,584473.8809,521750.0287,6633.3633,3770,3770,-0.01134929,-0.02064894,-0.00990944,-0.01134929,-6633.3633,584473.8809,OK,0.0000,265.3345,4.0000,96.0000,AG03-UNRESOLVED,ALL5_LEVELS_bet23_to_bet27,265.3345,265.3345,265.3345,331.6682,331.6682,4.000000,4.000000,4.000000,5.000000,5.000000,96.000000,96.000000,96.000000,95.000000,95.000000,5.0,1459.3399,1336.7936,5174.0234,5296.5697,PENDING_AG03,FALSE,NOT_FOR_ENFORCEMENT,6368.0288,500880.0275,6633.3633,6368.0288,265.3345,0.01134929,0.01089532,265.3345,6368.0288,0.01089532,265.3345,265.3345,265.3345,331.6682,331.6682,6368.0288,0.01089532,1459.3399,1336.7936,5174.0234,5296.5697,0.00885245,0.00906212,0.00045397,155.0329,138.3952,1.7595,127.5647,14.6756,11239.8823,72.5000,180.5550,151.7125,58.09,129.7286,157.9904,321.5856,428.8828,778.3716,93.4046,0.0,3.306,6.0,1.195055,16,80,84,2,0.13407078,0.01134929,0.02064894,0E-8,0.000000,0.892683,0.000000,-0.01073951,2026-03-25,2026-08-03,52,452,218,132,0.393939,1.190113,1.164624,0.446903,,,,,,,,GLOBAL_BASELINE_NO_ENTITY_RANKING,,,NOT_APPLICABLE_GLOBAL_BASELINE,HF9g-P5,,,,X 全窗基线 · 不参与实体赏罚,14191025,1420,A168_HF9F_20260827_0900,2026-08-27 09:00:00
2026-08-03,70521282,2261,0,527.3161585288,128.6826085840,128.6826085840,0.6666667,4,4,0.49324550000000000,0.493245500000,0.6008033672792107,0.6008033672792106,0.6008033672792107,0E-17,ELIGIBLE,R03b_20260811_FULL_v1,L1_ELIGIBILITY,v2026-08-11,2026-03-21..2026-08-06,baccarat_bet02_101_all_pairs_incl_sentinel,round_win = game_pnl > 0 (decisive only),COMPATIBILITY_ONLY_NOT_PRODUCTION,584473.8809,521750.0287,6633.3633,3770,3770,-0.01134929,-0.02064894,-0.00990944,-0.01134929,-6633.3633,584473.8809,OK,0.0000,265.3345,4.0000,96.0000,AG03-UNRESOLVED,ALL5_LEVELS_bet23_to_bet27,265.3345,265.3345,265.3345,331.6682,331.6682,4.000000,4.000000,4.000000,5.000000,5.000000,96.000000,96.000000,96.000000,95.000000,95.000000,5.0,1459.3399,1336.7936,5174.0234,5296.5697,PENDING_AG03,FALSE,NOT_FOR_ENFORCEMENT,6368.0288,500880.0275,6633.3633,6368.0288,265.3345,0.01134929,0.01089532,265.3345,6368.0288,0.01089532,265.3345,265.3345,265.3345,331.6682,331.6682,6368.0288,0.01089532,1459.3399,1336.7936,5174.0234,5296.5697,0.00885245,0.00906212,0.00045397,155.0329,138.3952,1.7595,127.5647,14.6756,11239.8823,72.5000,180.5550,151.7125,58.09,129.7286,157.9904,321.5856,428.8828,778.3716,93.4046,0.0,3.306,6.0,1.195055,16,80,84,2,0.13407078,0.01134929,0.02064894,0E-8,0.000000,0.892683,0.000000,-0.01073951,2026-03-25,2026-08-03,52,452,218,132,0.393939,1.190113,1.164624,0.446903,,,,,,,,GLOBAL_BASELINE_NO_ENTITY_RANKING,,,NOT_APPLICABLE_GLOBAL_BASELINE,HF9g-P5,,,,X 全窗基线 · 不参与实体赏罚,14191026,1420,A168_HF9F_20260827_0900,2026-08-27 09:00:00
2026-08-03,70521282,529,0,229.6252536408,221.9710785195,221.9710785195,1.0000000,2,2,0.49994810000000000,0.499948100000,1.4143603653603398,1.4143603653603398,1.4143603653603398,0E-17,ELIGIBLE,R03b_20260811_FULL_v1,L1_ELIGIBILITY,v2026-08-11,2026-03-21..2026-08-06,baccarat_bet02_101_all_pairs_incl_sentinel,round_win = game_pnl > 0 (decisive only),COMPATIBILITY_ONLY_NOT_PRODUCTION,584473.8809,521750.0287,6633.3633,3770,3770,-0.01134929,-0.02064894,-0.00990944,-0.01134929,-6633.3633,584473.8809,OK,0.0000,265.3345,4.0000,96.0000,AG03-UNRESOLVED,ALL5_LEVELS_bet23_to_bet27,265.3345,265.3345,265.3345,331.6682,331.6682,4.000000,4.000000,4.000000,5.000000,5.000000,96.000000,96.000000,96.000000,95.000000,95.000000,5.0,1459.3399,1336.7936,5174.0234,5296.5697,PENDING_AG03,FALSE,NOT_FOR_ENFORCEMENT,6368.0288,500880.0275,6633.3633,6368.0288,265.3345,0.01134929,0.01089532,265.3345,6368.0288,0.01089532,265.3345,265.3345,265.3345,331.6682,331.6682,6368.0288,0.01089532,1459.3399,1336.7936,5174.0234,5296.5697,0.00885245,0.00906212,0.00045397,155.0329,138.3952,1.7595,127.5647,14.6756,11239.8823,72.5000,180.5550,151.7125,58.09,129.7286,157.9904,321.5856,428.8828,778.3716,93.4046,0.0,3.306,6.0,1.195055,16,80,84,2,0.13407078,0.01134929,0.02064894,0E-8,0.000000,0.892683,0.000000,-0.01073951,2026-03-25,2026-08-03,52,452,218,132,0.393939,1.190113,1.164624,0.446903,,,,,,,,GLOBAL_BASELINE_NO_ENTITY_RANKING,,,NOT_APPLICABLE_GLOBAL_BASELINE,HF9g-P5,,,,X 全窗基线 · 不参与实体赏罚,14191027,1420,A168_HF9F_20260827_0900,2026-08-27 09:00:00
2026-08-03,70521282,550,0,1336.9121310969,-515.4367759997,-515.4367759997,0.3000000,10,10,0.49994810000000000,0.499948100000,-1.2645828264588121,-1.2645828264588121,-1.2645828264588121,0E-17,ELIGIBLE,R03b_20260811_FULL_v1,L1_ELIGIBILITY,v2026-08-11,2026-03-21..2026-08-06,baccarat_bet02_101_all_pairs_incl_sentinel,round_win = game_pnl > 0 (decisive only),COMPATIBILITY_ONLY_NOT_PRODUCTION,584473.8809,521750.0287,6633.3633,3770,3770,-0.01134929,-0.02064894,-0.00990944,-0.01134929,-6633.3633,584473.8809,OK,0.0000,265.3345,4.0000,96.0000,AG03-UNRESOLVED,ALL5_LEVELS_bet23_to_bet27,265.3345,265.3345,265.3345,331.6682,331.6682,4.000000,4.000000,4.000000,5.000000,5.000000,96.000000,96.000000,96.000000,95.000000,95.000000,5.0,1459.3399,1336.7936,5174.0234,5296.5697,PENDING_AG03,FALSE,NOT_FOR_ENFORCEMENT,6368.0288,500880.0275,6633.3633,6368.0288,265.3345,0.01134929,0.01089532,265.3345,6368.0288,0.01089532,265.3345,265.3345,265.3345,331.6682,331.6682,6368.0288,0.01089532,1459.3399,1336.7936,5174.0234,5296.5697,0.00885245,0.00906212,0.00045397,155.0329,138.3952,1.7595,127.5647,14.6756,11239.8823,72.5000,180.5550,151.7125,58.09,129.7286,157.9904,321.5856,428.8828,778.3716,93.4046,0.0,3.306,6.0,1.195055,16,80,84,2,0.13407078,0.01134929,0.02064894,0E-8,0.000000,0.892683,0.000000,-0.01073951,2026-03-25,2026-08-03,52,452,218,132,0.393939,1.190113,1.164624,0.446903,,,,,,,,GLOBAL_BASELINE_NO_ENTITY_RANKING,,,NOT_APPLICABLE_GLOBAL_BASELINE,HF9g-P5,,,,X 全窗基线 · 不参与实体赏罚,14191028,1420,A168_HF9F_20260827_0900,2026-08-27 09:00:00
2026-08-03,70521282,763,0,9781.1625099529,-1397.3749775255,-1397.3749775255,0.5000000,17,17,0.49876528823529412,0.498765288235,0.009877724235133773,0.009877724237486755,0.009877724235133773,2.9412E-13,ELIGIBLE,R03b_20260811_FULL_v1,L1_ELIGIBILITY,v2026-08-11,2026-03-21..2026-08-06,baccarat_bet02_101_all_pairs_incl_sentinel,round_win = game_pnl > 0 (decisive only),COMPATIBILITY_ONLY_NOT_PRODUCTION,584473.8809,521750.0287,6633.3633,3770,3770,-0.01134929,-0.02064894,-0.00990944,-0.01134929,-6633.3633,584473.8809,OK,0.0000,265.3345,4.0000,96.0000,AG03-UNRESOLVED,ALL5_LEVELS_bet23_to_bet27,265.3345,265.3345,265.3345,331.6682,331.6682,4.000000,4.000000,4.000000,5.000000,5.000000,96.000000,96.000000,96.000000,95.000000,95.000000,5.0,1459.3399,1336.7936,5174.0234,5296.5697,PENDING_AG03,FALSE,NOT_FOR_ENFORCEMENT,6368.0288,500880.0275,6633.3633,6368.0288,265.3345,0.01134929,0.01089532,265.3345,6368.0288,0.01089532,265.3345,265.3345,265.3345,331.6682,331.6682,6368.0288,0.01089532,1459.3399,1336.7936,5174.0234,5296.5697,0.00885245,0.00906212,0.00045397,155.0329,138.3952,1.7595,127.5647,14.6756,11239.8823,72.5000,180.5550,151.7125,58.09,129.7286,157.9904,321.5856,428.8828,778.3716,93.4046,0.0,3.306,6.0,1.195055,16,80,84,2,0.13407078,0.01134929,0.02064894,0E-8,0.000000,0.892683,0.000000,-0.01073951,2026-03-25,2026-08-03,52,452,218,132,0.393939,1.190113,1.164624,0.446903,,,,,,,,GLOBAL_BASELINE_NO_ENTITY_RANKING,,,NOT_APPLICABLE_GLOBAL_BASELINE,HF9g-P5,,,,X 全窗基线 · 不参与实体赏罚,14191029,1420,A168_HF9F_20260827_0900,2026-08-27 09:00:00
2026-08-03,70521282,772,0,320.2938381322,-23.9514036935,-23.9514036935,0.6666667,6,6,0.49994810000000000,0.499948100000,0.8167508423630434,0.8167508423630434,0.8167508423630434,0E-17,ELIGIBLE,R03b_20260811_FULL_v1,L1_ELIGIBILITY,v2026-08-11,2026-03-21..2026-08-06,baccarat_bet02_101_all_pairs_incl_sentinel,round_win = game_pnl > 0 (decisive only),COMPATIBILITY_ONLY_NOT_PRODUCTION,584473.8809,521750.0287,6633.3633,3770,3770,-0.01134929,-0.02064894,-0.00990944,-0.01134929,-6633.3633,584473.8809,OK,0.0000,265.3345,4.0000,96.0000,AG03-UNRESOLVED,ALL5_LEVELS_bet23_to_bet27,265.3345,265.3345,265.3345,331.6682,331.6682,4.000000,4.000000,4.000000,5.000000,5.000000,96.000000,96.000000,96.000000,95.000000,95.000000,5.0,1459.3399,1336.7936,5174.0234,5296.5697,PENDING_AG03,FALSE,NOT_FOR_ENFORCEMENT,6368.0288,500880.0275,6633.3633,6368.0288,265.3345,0.01134929,0.01089532,265.3345,6368.0288,0.01089532,265.3345,265.3345,265.3345,331.6682,331.6682,6368.0288,0.01089532,1459.3399,1336.7936,5174.0234,5296.5697,0.00885245,0.00906212,0.00045397,155.0329,138.3952,1.7595,127.5647,14.6756,11239.8823,72.5000,180.5550,151.7125,58.09,129.7286,157.9904,321.5856,428.8828,778.3716,93.4046,0.0,3.306,6.0,1.195055,16,80,84,2,0.13407078,0.01134929,0.02064894,0E-8,0.000000,0.892683,0.000000,-0.01073951,2026-03-25,2026-08-03,52,452,218,132,0.393939,1.190113,1.164624,0.446903,,,,,,,,GLOBAL_BASELINE_NO_ENTITY_RANKING,,,NOT_APPLICABLE_GLOBAL_BASELINE,HF9g-P5,,,,X 全窗基线 · 不参与实体赏罚,14191030,1420,A168_HF9F_20260827_0900,2026-08-27 09:00:00
2026-08-03,70521282,919,0,5567.7702720057,924.4599696916,924.4599696916,0.6666667,17,17,0.49955382941176471,0.499553829412,1.2944509866195537,1.2944509866177307,1.2944509866195537,-2.3529E-13,ELIGIBLE,R03b_20260811_FULL_v1,L1_ELIGIBILITY,v2026-08-11,2026-03-21..2026-08-06,baccarat_bet02_101_all_pairs_incl_sentinel,round_win = game_pnl > 0 (decisive only),COMPATIBILITY_ONLY_NOT_PRODUCTION,584473.8809,521750.0287,6633.3633,3770,3770,-0.01134929,-0.02064894,-0.00990944,-0.01134929,-6633.3633,584473.8809,OK,0.0000,265.3345,4.0000,96.0000,AG03-UNRESOLVED,ALL5_LEVELS_bet23_to_bet27,265.3345,265.3345,265.3345,331.6682,331.6682,4.000000,4.000000,4.000000,5.000000,5.000000,96.000000,96.000000,96.000000,95.000000,95.000000,5.0,1459.3399,1336.7936,5174.0234,5296.5697,PENDING_AG03,FALSE,NOT_FOR_ENFORCEMENT,6368.0288,500880.0275,6633.3633,6368.0288,265.3345,0.01134929,0.01089532,265.3345,6368.0288,0.01089532,265.3345,265.3345,265.3345,331.6682,331.6682,6368.0288,0.01089532,1459.3399,1336.7936,5174.0234,5296.5697,0.00885245,0.00906212,0.00045397,155.0329,138.3952,1.7595,127.5647,14.6756,11239.8823,72.5000,180.5550,151.7125,58.09,129.7286,157.9904,321.5856,428.8828,778.3716,93.4046,0.0,3.306,6.0,1.195055,16,80,84,2,0.13407078,0.01134929,0.02064894,0E-8,0.000000,0.892683,0.000000,-0.01073951,2026-03-25,2026-08-03,52,452,218,132,0.393939,1.190113,1.164624,0.446903,,,,,,,,GLOBAL_BASELINE_NO_ENTITY_RANKING,,,NOT_APPLICABLE_GLOBAL_BASELINE,HF9g-P5,,,,X 全窗基线 · 不参与实体赏罚,14191031,1420,A168_HF9F_20260827_0900,2026-08-27 09:00:00
2026-08-03,70521282,925,0,1944.8796650654,1814.1422443683,1814.1422443683,1.0000000,8,8,0.49324550000000000,0.493245500000,2.6817374759579717,2.681737475957972,2.6817374759579717,0E-17,ELIGIBLE,R03b_20260811_FULL_v1,L1_ELIGIBILITY,v2026-08-11,2026-03-21..2026-08-06,baccarat_bet02_101_all_pairs_incl_sentinel,round_win = game_pnl > 0 (decisive only),COMPATIBILITY_ONLY_NOT_PRODUCTION,584473.8809,521750.0287,6633.3633,3770,3770,-0.01134929,-0.02064894,-0.00990944,-0.01134929,-6633.3633,584473.8809,OK,0.0000,265.3345,4.0000,96.0000,AG03-UNRESOLVED,ALL5_LEVELS_bet23_to_bet27,265.3345,265.3345,265.3345,331.6682,331.6682,4.000000,4.000000,4.000000,5.000000,5.000000,96.000000,96.000000,96.000000,95.000000,95.000000,5.0,1459.3399,1336.7936,5174.0234,5296.5697,PENDING_AG03,FALSE,NOT_FOR_ENFORCEMENT,6368.0288,500880.0275,6633.3633,6368.0288,265.3345,0.01134929,0.01089532,265.3345,6368.0288,0.01089532,265.3345,265.3345,265.3345,331.6682,331.6682,6368.0288,0.01089532,1459.3399,1336.7936,5174.0234,5296.5697,0.00885245,0.00906212,0.00045397,155.0329,138.3952,1.7595,127.5647,14.6756,11239.8823,72.5000,180.5550,151.7125,58.09,129.7286,157.9904,321.5856,428.8828,778.3716,93.4046,0.0,3.306,6.0,1.195055,16,80,84,2,0.13407078,0.01134929,0.02064894,0E-8,0.000000,0.892683,0.000000,-0.01073951,2026-03-25,2026-08-03,52,452,218,132,0.393939,1.190113,1.164624,0.446903,,,,,,,,GLOBAL_BASELINE_NO_ENTITY_RANKING,,,NOT_APPLICABLE_GLOBAL_BASELINE,HF9g-P5,,,,X 全窗基线 · 不参与实体赏罚,14191032,1420,A168_HF9F_20260827_0900,2026-08-27 09:00:00
2026-08-03,70521282,948,0,4.1096242262,-4.1096242262,-4.1096242262,0E-7,1,1,0.50665070000000000,0.506650700000,-1.013391052207602,-1.013391052207602,-1.013391052207602,0E-17,ELIGIBLE,R03b_20260811_FULL_v1,L1_ELIGIBILITY,v2026-08-11,2026-03-21..2026-08-06,baccarat_bet02_101_all_pairs_incl_sentinel,round_win = game_pnl > 0 (decisive only),COMPATIBILITY_ONLY_NOT_PRODUCTION,584473.8809,521750.0287,6633.3633,3770,3770,-0.01134929,-0.02064894,-0.00990944,-0.01134929,-6633.3633,584473.8809,OK,0.0000,265.3345,4.0000,96.0000,AG03-UNRESOLVED,ALL5_LEVELS_bet23_to_bet27,265.3345,265.3345,265.3345,331.6682,331.6682,4.000000,4.000000,4.000000,5.000000,5.000000,96.000000,96.000000,96.000000,95.000000,95.000000,5.0,1459.3399,1336.7936,5174.0234,5296.5697,PENDING_AG03,FALSE,NOT_FOR_ENFORCEMENT,6368.0288,500880.0275,6633.3633,6368.0288,265.3345,0.01134929,0.01089532,265.3345,6368.0288,0.01089532,265.3345,265.3345,265.3345,331.6682,331.6682,6368.0288,0.01089532,1459.3399,1336.7936,5174.0234,5296.5697,0.00885245,0.00906212,0.00045397,155.0329,138.3952,1.7595,127.5647,14.6756,11239.8823,72.5000,180.5550,151.7125,58.09,129.7286,157.9904,321.5856,428.8828,778.3716,93.4046,0.0,3.306,6.0,1.195055,16,80,84,2,0.13407078,0.01134929,0.02064894,0E-8,0.000000,0.892683,0.000000,-0.01073951,2026-03-25,2026-08-03,52,452,218,132,0.393939,1.190113,1.164624,0.446903,,,,,,,,GLOBAL_BASELINE_NO_ENTITY_RANKING,,,NOT_APPLICABLE_GLOBAL_BASELINE,HF9g-P5,,,,X 全窗基线 · 不参与实体赏罚,14191033,1420,A168_HF9F_20260827_0900,2026-08-27 09:00:00
2026-03-28,85352221,-1,1,400.0000000000,-400.0000000000,-400.0000000000,0E-7,2,2,0.50665070000000000,0.506650700000,-1.4331513700195317,-1.4331513700195317,-1.4331513700195317,0E-17,SENTINEL_DEALER,R03b_20260811_FULL_v1,L1_ELIGIBILITY,v2026-08-11,2026-03-21..2026-08-06,baccarat_bet02_101_all_pairs_incl_sentinel,round_win = game_pnl > 0 (decisive only),COMPATIBILITY_ONLY_NOT_PRODUCTION,139703.0000,129753.0000,6633.7000,100,100,-0.04748431,-0.05499715,-0.02296105,-0.04748431,-6633.7000,139703.0000,OK,0.0000,265.3480,4.0000,96.0000,AG03-UNRESOLVED,ALL5_LEVELS_bet23_to_bet27,265.3480,265.3480,298.5165,298.5165,298.5165,4.000000,4.000000,4.500000,4.500000,4.500000,96.000000,96.000000,95.500000,95.500000,95.500000,5.0,1426.2455,1308.8374,5207.4545,5324.8626,PENDING_AG03,FALSE,NOT_FOR_ENFORCEMENT,6368.3520,124562.8800,6633.7000,6368.3520,265.3480,0.04748431,0.04558493,265.3480,6368.3520,0.04558493,265.3480,265.3480,298.5165,298.5165,298.5165,6368.3520,0.04558493,1426.2455,1308.8374,5207.4545,5324.8626,0.03727518,0.03811559,0.00189937,1397.0300,1297.5300,66.3370,947.6714,442.2467,19957.5714,14.2857,1697.4762,885.4595,900.0,1406.5,1800.0,2200.0,2800.0,3100.0,1287.5,-200.0,1.990757,2.204053,0.993267,9,12,7,2,0.76548821,0.04748431,0.05499715,0E-8,0.000000,0.928777,0.000000,-0.03203610,2026-03-28,2026-08-05,7,15,13,131,0.053435,1.917057,1.215061,2.551627,,,,,,,,GLOBAL_BASELINE_NO_ENTITY_RANKING,,,NOT_APPLICABLE_GLOBAL_BASELINE,HF9g-P5,,,,X 全窗基线 · 不参与实体赏罚,14191034,1420,A168_HF9F_20260827_0900,2026-08-27 09:00:00
2026-03-28,85352221,1996,0,400.0000000000,-400.0000000000,-400.0000000000,0E-7,2,2,0.49994810000000000,0.499948100000,-1.4140667746232096,-1.4140667746232096,-1.4140667746232096,0E-17,ELIGIBLE,R03b_20260811_FULL_v1,L1_ELIGIBILITY,v2026-08-11,2026-03-21..2026-08-06,baccarat_bet02_101_all_pairs_incl_sentinel,round_win = game_pnl > 0 (decisive only),COMPATIBILITY_ONLY_NOT_PRODUCTION,139703.0000,129753.0000,6633.7000,100,100,-0.04748431,-0.05499715,-0.02296105,-0.04748431,-6633.7000,139703.0000,OK,0.0000,265.3480,4.0000,96.0000,AG03-UNRESOLVED,ALL5_LEVELS_bet23_to_bet27,265.3480,265.3480,298.5165,298.5165,298.5165,4.000000,4.000000,4.500000,4.500000,4.500000,96.000000,96.000000,95.500000,95.500000,95.500000,5.0,1426.2455,1308.8374,5207.4545,5324.8626,PENDING_AG03,FALSE,NOT_FOR_ENFORCEMENT,6368.3520,124562.8800,6633.7000,6368.3520,265.3480,0.04748431,0.04558493,265.3480,6368.3520,0.04558493,265.3480,265.3480,298.5165,298.5165,298.5165,6368.3520,0.04558493,1426.2455,1308.8374,5207.4545,5324.8626,0.03727518,0.03811559,0.00189937,1397.0300,1297.5300,66.3370,947.6714,442.2467,19957.5714,14.2857,1697.4762,885.4595,900.0,1406.5,1800.0,2200.0,2800.0,3100.0,1287.5,-200.0,1.990757,2.204053,0.993267,9,12,7,2,0.76548821,0.04748431,0.05499715,0E-8,0.000000,0.928777,0.000000,-0.03203610,2026-03-28,2026-08-05,7,15,13,131,0.053435,1.917057,1.215061,2.551627,,,,,,,,GLOBAL_BASELINE_NO_ENTITY_RANKING,,,NOT_APPLICABLE_GLOBAL_BASELINE,HF9g-P5,,,,X 全窗基线 · 不参与实体赏罚,14191035,1420,A168_HF9F_20260827_0900,2026-08-27 09:00:00
2026-03-28,85352221,2266,0,200.0000000000,-200.0000000000,-200.0000000000,0E-7,1,1,0.50665070000000000,0.506650700000,-1.013391052207602,-1.013391052207602,-1.013391052207602,0E-17,ELIGIBLE,R03b_20260811_FULL_v1,L1_ELIGIBILITY,v2026-08-11,2026-03-21..2026-08-06,baccarat_bet02_101_all_pairs_incl_sentinel,round_win = game_pnl > 0 (decisive only),COMPATIBILITY_ONLY_NOT_PRODUCTION,139703.0000,129753.0000,6633.7000,100,100,-0.04748431,-0.05499715,-0.02296105,-0.04748431,-6633.7000,139703.0000,OK,0.0000,265.3480,4.0000,96.0000,AG03-UNRESOLVED,ALL5_LEVELS_bet23_to_bet27,265.3480,265.3480,298.5165,298.5165,298.5165,4.000000,4.000000,4.500000,4.500000,4.500000,96.000000,96.000000,95.500000,95.500000,95.500000,5.0,1426.2455,1308.8374,5207.4545,5324.8626,PENDING_AG03,FALSE,NOT_FOR_ENFORCEMENT,6368.3520,124562.8800,6633.7000,6368.3520,265.3480,0.04748431,0.04558493,265.3480,6368.3520,0.04558493,265.3480,265.3480,298.5165,298.5165,298.5165,6368.3520,0.04558493,1426.2455,1308.8374,5207.4545,5324.8626,0.03727518,0.03811559,0.00189937,1397.0300,1297.5300,66.3370,947.6714,442.2467,19957.5714,14.2857,1697.4762,885.4595,900.0,1406.5,1800.0,2200.0,2800.0,3100.0,1287.5,-200.0,1.990757,2.204053,0.993267,9,12,7,2,0.76548821,0.04748431,0.05499715,0E-8,0.000000,0.928777,0.000000,-0.03203610,2026-03-28,2026-08-05,7,15,13,131,0.053435,1.917057,1.215061,2.551627,,,,,,,,GLOBAL_BASELINE_NO_ENTITY_RANKING,,,NOT_APPLICABLE_GLOBAL_BASELINE,HF9g-P5,,,,X 全窗基线 · 不参与实体赏罚,14191036,1420,A168_HF9F_20260827_0900,2026-08-27 09:00:00
2026-04-18,85352221,2141,0,4400.0000000000,-860.0000000000,-860.0000000000,0.5000000,5,5,0.50665070000000000,0.506650700000,-0.02660515369234503,-0.02660515369234503,-0.02660515369234503,0E-17,ELIGIBLE,R03b_20260811_FULL_v1,L1_ELIGIBILITY,v2026-08-11,2026-03-21..2026-08-06,baccarat_bet02_101_all_pairs_incl_sentinel,round_win = game_pnl > 0 (decisive only),COMPATIBILITY_ONLY_NOT_PRODUCTION,139703.0000,129753.0000,6633.7000,100,100,-0.04748431,-0.05499715,-0.02296105,-0.04748431,-6633.7000,139703.0000,OK,0.0000,265.3480,4.0000,96.0000,AG03-UNRESOLVED,ALL5_LEVELS_bet23_to_bet27,265.3480,265.3480,298.5165,298.5165,298.5165,4.000000,4.000000,4.500000,4.500000,4.500000,96.000000,96.000000,95.500000,95.500000,95.500000,5.0,1426.2455,1308.8374,5207.4545,5324.8626,PENDING_AG03,FALSE,NOT_FOR_ENFORCEMENT,6368.3520,124562.8800,6633.7000,6368.3520,265.3480,0.04748431,0.04558493,265.3480,6368.3520,0.04558493,265.3480,265.3480,298.5165,298.5165,298.5165,6368.3520,0.04558493,1426.2455,1308.8374,5207.4545,5324.8626,0.03727518,0.03811559,0.00189937,1397.0300,1297.5300,66.3370,947.6714,442.2467,19957.5714,14.2857,1697.4762,885.4595,900.0,1406.5,1800.0,2200.0,2800.0,3100.0,1287.5,-200.0,1.990757,2.204053,0.993267,9,12,7,2,0.76548821,0.04748431,0.05499715,0E-8,0.000000,0.928777,0.000000,-0.03203610,2026-03-28,2026-08-05,7,15,13,131,0.053435,1.917057,1.215061,2.551627,,,,,,,,GLOBAL_BASELINE_NO_ENTITY_RANKING,,,NOT_APPLICABLE_GLOBAL_BASELINE,HF9g-P5,,,,X 全窗基线 · 不参与实体赏罚,14191037,1420,A168_HF9F_20260827_0900,2026-08-27 09:00:00
2026-06-23,85352221,1318,0,2958.0000000000,958.0000000000,958.0000000000,0.6666667,3,3,0.49324550000000000,0.493245500000,0.6008033672792107,0.6008033672792106,0.6008033672792107,0E-17,ELIGIBLE,R03b_20260811_FULL_v1,L1_ELIGIBILITY,v2026-08-11,2026-03-21..2026-08-06,baccarat_bet02_101_all_pairs_incl_sentinel,round_win = game_pnl > 0 (decisive only),COMPATIBILITY_ONLY_NOT_PRODUCTION,139703.0000,129753.0000,6633.7000,100,100,-0.04748431,-0.05499715,-0.02296105,-0.04748431,-6633.7000,139703.0000,OK,0.0000,265.3480,4.0000,96.0000,AG03-UNRESOLVED,ALL5_LEVELS_bet23_to_bet27,265.3480,265.3480,298.5165,298.5165,298.5165,4.000000,4.000000,4.500000,4.500000,4.500000,96.000000,96.000000,95.500000,95.500000,95.500000,5.0,1426.2455,1308.8374,5207.4545,5324.8626,PENDING_AG03,FALSE,NOT_FOR_ENFORCEMENT,6368.3520,124562.8800,6633.7000,6368.3520,265.3480,0.04748431,0.04558493,265.3480,6368.3520,0.04558493,265.3480,265.3480,298.5165,298.5165,298.5165,6368.3520,0.04558493,1426.2455,1308.8374,5207.4545,5324.8626,0.03727518,0.03811559,0.00189937,1397.0300,1297.5300,66.3370,947.6714,442.2467,19957.5714,14.2857,1697.4762,885.4595,900.0,1406.5,1800.0,2200.0,2800.0,3100.0,1287.5,-200.0,1.990757,2.204053,0.993267,9,12,7,2,0.76548821,0.04748431,0.05499715,0E-8,0.000000,0.928777,0.000000,-0.03203610,2026-03-28,2026-08-05,7,15,13,131,0.053435,1.917057,1.215061,2.551627,,,,,,,,GLOBAL_BASELINE_NO_ENTITY_RANKING,,,NOT_APPLICABLE_GLOBAL_BASELINE,HF9g-P5,,,,X 全窗基线 · 不参与实体赏罚,14191038,1420,A168_HF9F_20260827_0900,2026-08-27 09:00:00
2026-06-23,85352221,1384,0,1856.0000000000,1856.0000000000,1856.0000000000,1.0000000,2,2,0.49324550000000000,0.493245500000,1.4334489766152358,1.4334489766152358,1.4334489766152358,0E-17,ELIGIBLE,R03b_20260811_FULL_v1,L1_ELIGIBILITY,v2026-08-11,2026-03-21..2026-08-06,baccarat_bet02_101_all_pairs_incl_sentinel,round_win = game_pnl > 0 (decisive only),COMPATIBILITY_ONLY_NOT_PRODUCTION,139703.0000,129753.0000,6633.7000,100,100,-0.04748431,-0.05499715,-0.02296105,-0.04748431,-6633.7000,139703.0000,OK,0.0000,265.3480,4.0000,96.0000,AG03-UNRESOLVED,ALL5_LEVELS_bet23_to_bet27,265.3480,265.3480,298.5165,298.5165,298.5165,4.000000,4.000000,4.500000,4.500000,4.500000,96.000000,96.000000,95.500000,95.500000,95.500000,5.0,1426.2455,1308.8374,5207.4545,5324.8626,PENDING_AG03,FALSE,NOT_FOR_ENFORCEMENT,6368.3520,124562.8800,6633.7000,6368.3520,265.3480,0.04748431,0.04558493,265.3480,6368.3520,0.04558493,265.3480,265.3480,298.5165,298.5165,298.5165,6368.3520,0.04558493,1426.2455,1308.8374,5207.4545,5324.8626,0.03727518,0.03811559,0.00189937,1397.0300,1297.5300,66.3370,947.6714,442.2467,19957.5714,14.2857,1697.4762,885.4595,900.0,1406.5,1800.0,2200.0,2800.0,3100.0,1287.5,-200.0,1.990757,2.204053,0.993267,9,12,7,2,0.76548821,0.04748431,0.05499715,0E-8,0.000000,0.928777,0.000000,-0.03203610,2026-03-28,2026-08-05,7,15,13,131,0.053435,1.917057,1.215061,2.551627,,,,,,,,GLOBAL_BASELINE_NO_ENTITY_RANKING,,,NOT_APPLICABLE_GLOBAL_BASELINE,HF9g-P5,,,,X 全窗基线 · 不参与实体赏罚,14191039,1420,A168_HF9F_20260827_0900,2026-08-27 09:00:00
2026-06-23,85352221,970,0,22219.0000000000,-1377.2500000000,-1377.2500000000,0.5263158,21,21,0.49771390000000000,0.497713900000,0.24934809794643442,0.24934809794643442,0.24934809794643442,0E-17,ELIGIBLE,R03b_20260811_FULL_v1,L1_ELIGIBILITY,v2026-08-11,2026-03-21..2026-08-06,baccarat_bet02_101_all_pairs_incl_sentinel,round_win = game_pnl > 0 (decisive only),COMPATIBILITY_ONLY_NOT_PRODUCTION,139703.0000,129753.0000,6633.7000,100,100,-0.04748431,-0.05499715,-0.02296105,-0.04748431,-6633.7000,139703.0000,OK,0.0000,265.3480,4.0000,96.0000,AG03-UNRESOLVED,ALL5_LEVELS_bet23_to_bet27,265.3480,265.3480,298.5165,298.5165,298.5165,4.000000,4.000000,4.500000,4.500000,4.500000,96.000000,96.000000,95.500000,95.500000,95.500000,5.0,1426.2455,1308.8374,5207.4545,5324.8626,PENDING_AG03,FALSE,NOT_FOR_ENFORCEMENT,6368.3520,124562.8800,6633.7000,6368.3520,265.3480,0.04748431,0.04558493,265.3480,6368.3520,0.04558493,265.3480,265.3480,298.5165,298.5165,298.5165,6368.3520,0.04558493,1426.2455,1308.8374,5207.4545,5324.8626,0.03727518,0.03811559,0.00189937,1397.0300,1297.5300,66.3370,947.6714,442.2467,19957.5714,14.2857,1697.4762,885.4595,900.0,1406.5,1800.0,2200.0,2800.0,3100.0,1287.5,-200.0,1.990757,2.204053,0.993267,9,12,7,2,0.76548821,0.04748431,0.05499715,0E-8,0.000000,0.928777,0.000000,-0.03203610,2026-03-28,2026-08-05,7,15,13,131,0.053435,1.917057,1.215061,2.551627,,,,,,,,GLOBAL_BASELINE_NO_ENTITY_RANKING,,,NOT_APPLICABLE_GLOBAL_BASELINE,HF9g-P5,,,,X 全窗基线 · 不参与实体赏罚,14191040,1420,A168_HF9F_20260827_0900,2026-08-27 09:00:00
2026-06-24,85352221,-1,1,329.0000000000,-329.0000000000,-329.0000000000,0E-7,1,1,0.50665070000000000,0.506650700000,-1.013391052207602,-1.013391052207602,-1.013391052207602,0E-17,SENTINEL_DEALER,R03b_20260811_FULL_v1,L1_ELIGIBILITY,v2026-08-11,2026-03-21..2026-08-06,baccarat_bet02_101_all_pairs_incl_sentinel,round_win = game_pnl > 0 (decisive only),COMPATIBILITY_ONLY_NOT_PRODUCTION,139703.0000,129753.0000,6633.7000,100,100,-0.04748431,-0.05499715,-0.02296105,-0.04748431,-6633.7000,139703.0000,OK,0.0000,265.3480,4.0000,96.0000,AG03-UNRESOLVED,ALL5_LEVELS_bet23_to_bet27,265.3480,265.3480,298.5165,298.5165,298.5165,4.000000,4.000000,4.500000,4.500000,4.500000,96.000000,96.000000,95.500000,95.500000,95.500000,5.0,1426.2455,1308.8374,5207.4545,5324.8626,PENDING_AG03,FALSE,NOT_FOR_ENFORCEMENT,6368.3520,124562.8800,6633.7000,6368.3520,265.3480,0.04748431,0.04558493,265.3480,6368.3520,0.04558493,265.3480,265.3480,298.5165,298.5165,298.5165,6368.3520,0.04558493,1426.2455,1308.8374,5207.4545,5324.8626,0.03727518,0.03811559,0.00189937,1397.0300,1297.5300,66.3370,947.6714,442.2467,19957.5714,14.2857,1697.4762,885.4595,900.0,1406.5,1800.0,2200.0,2800.0,3100.0,1287.5,-200.0,1.990757,2.204053,0.993267,9,12,7,2,0.76548821,0.04748431,0.05499715,0E-8,0.000000,0.928777,0.000000,-0.03203610,2026-03-28,2026-08-05,7,15,13,131,0.053435,1.917057,1.215061,2.551627,,,,,,,,GLOBAL_BASELINE_NO_ENTITY_RANKING,,,NOT_APPLICABLE_GLOBAL_BASELINE,HF9g-P5,,,,X 全窗基线 · 不参与实体赏罚,14191041,1420,A168_HF9F_20260827_0900,2026-08-27 09:00:00
2026-07-14,85352221,1318,0,41297.0000000000,2254.6500000000,2254.6500000000,0.5714286,24,24,0.50385795000000000,0.503857950000,0.6193134106245477,0.6193134106245477,0.6193134106245477,0E-17,ELIGIBLE,R03b_20260811_FULL_v1,L1_ELIGIBILITY,v2026-08-11,2026-03-21..2026-08-06,baccarat_bet02_101_all_pairs_incl_sentinel,round_win = game_pnl > 0 (decisive only),COMPATIBILITY_ONLY_NOT_PRODUCTION,139703.0000,129753.0000,6633.7000,100,100,-0.04748431,-0.05499715,-0.02296105,-0.04748431,-6633.7000,139703.0000,OK,0.0000,265.3480,4.0000,96.0000,AG03-UNRESOLVED,ALL5_LEVELS_bet23_to_bet27,265.3480,265.3480,298.5165,298.5165,298.5165,4.000000,4.000000,4.500000,4.500000,4.500000,96.000000,96.000000,95.500000,95.500000,95.500000,5.0,1426.2455,1308.8374,5207.4545,5324.8626,PENDING_AG03,FALSE,NOT_FOR_ENFORCEMENT,6368.3520,124562.8800,6633.7000,6368.3520,265.3480,0.04748431,0.04558493,265.3480,6368.3520,0.04558493,265.3480,265.3480,298.5165,298.5165,298.5165,6368.3520,0.04558493,1426.2455,1308.8374,5207.4545,5324.8626,0.03727518,0.03811559,0.00189937,1397.0300,1297.5300,66.3370,947.6714,442.2467,19957.5714,14.2857,1697.4762,885.4595,900.0,1406.5,1800.0,2200.0,2800.0,3100.0,1287.5,-200.0,1.990757,2.204053,0.993267,9,12,7,2,0.76548821,0.04748431,0.05499715,0E-8,0.000000,0.928777,0.000000,-0.03203610,2026-03-28,2026-08-05,7,15,13,131,0.053435,1.917057,1.215061,2.551627,,,,,,,,GLOBAL_BASELINE_NO_ENTITY_RANKING,,,NOT_APPLICABLE_GLOBAL_BASELINE,HF9g-P5,,,,X 全窗基线 · 不参与实体赏罚,14191042,1420,A168_HF9F_20260827_0900,2026-08-27 09:00:00
2026-07-14,85352221,1374,0,30850.0000000000,665.0000000000,665.0000000000,0.4666667,16,16,0.50329940000000000,0.503299400000,-0.2837621104109442,-0.2837621104109442,-0.2837621104109442,0E-17,ELIGIBLE,R03b_20260811_FULL_v1,L1_ELIGIBILITY,v2026-08-11,2026-03-21..2026-08-06,baccarat_bet02_101_all_pairs_incl_sentinel,round_win = game_pnl > 0 (decisive only),COMPATIBILITY_ONLY_NOT_PRODUCTION,139703.0000,129753.0000,6633.7000,100,100,-0.04748431,-0.05499715,-0.02296105,-0.04748431,-6633.7000,139703.0000,OK,0.0000,265.3480,4.0000,96.0000,AG03-UNRESOLVED,ALL5_LEVELS_bet23_to_bet27,265.3480,265.3480,298.5165,298.5165,298.5165,4.000000,4.000000,4.500000,4.500000,4.500000,96.000000,96.000000,95.500000,95.500000,95.500000,5.0,1426.2455,1308.8374,5207.4545,5324.8626,PENDING_AG03,FALSE,NOT_FOR_ENFORCEMENT,6368.3520,124562.8800,6633.7000,6368.3520,265.3480,0.04748431,0.04558493,265.3480,6368.3520,0.04558493,265.3480,265.3480,298.5165,298.5165,298.5165,6368.3520,0.04558493,1426.2455,1308.8374,5207.4545,5324.8626,0.03727518,0.03811559,0.00189937,1397.0300,1297.5300,66.3370,947.6714,442.2467,19957.5714,14.2857,1697.4762,885.4595,900.0,1406.5,1800.0,2200.0,2800.0,3100.0,1287.5,-200.0,1.990757,2.204053,0.993267,9,12,7,2,0.76548821,0.04748431,0.05499715,0E-8,0.000000,0.928777,0.000000,-0.03203610,2026-03-28,2026-08-05,7,15,13,131,0.053435,1.917057,1.215061,2.551627,,,,,,,,GLOBAL_BASELINE_NO_ENTITY_RANKING,,,NOT_APPLICABLE_GLOBAL_BASELINE,HF9g-P5,,,,X 全窗基线 · 不参与实体赏罚,14191043,1420,A168_HF9F_20260827_0900,2026-08-27 09:00:00
2026-07-14,85352221,2169,0,14600.0000000000,415.0000000000,415.0000000000,0.4285714,7,7,0.50282064285714286,0.502820642857,-0.39289616391791987,-0.3928961639171632,-0.39289616391791987,1.4286E-13,ELIGIBLE,R03b_20260811_FULL_v1,L1_ELIGIBILITY,v2026-08-11,2026-03-21..2026-08-06,baccarat_bet02_101_all_pairs_incl_sentinel,round_win = game_pnl > 0 (decisive only),COMPATIBILITY_ONLY_NOT_PRODUCTION,139703.0000,129753.0000,6633.7000,100,100,-0.04748431,-0.05499715,-0.02296105,-0.04748431,-6633.7000,139703.0000,OK,0.0000,265.3480,4.0000,96.0000,AG03-UNRESOLVED,ALL5_LEVELS_bet23_to_bet27,265.3480,265.3480,298.5165,298.5165,298.5165,4.000000,4.000000,4.500000,4.500000,4.500000,96.000000,96.000000,95.500000,95.500000,95.500000,5.0,1426.2455,1308.8374,5207.4545,5324.8626,PENDING_AG03,FALSE,NOT_FOR_ENFORCEMENT,6368.3520,124562.8800,6633.7000,6368.3520,265.3480,0.04748431,0.04558493,265.3480,6368.3520,0.04558493,265.3480,265.3480,298.5165,298.5165,298.5165,6368.3520,0.04558493,1426.2455,1308.8374,5207.4545,5324.8626,0.03727518,0.03811559,0.00189937,1397.0300,1297.5300,66.3370,947.6714,442.2467,19957.5714,14.2857,1697.4762,885.4595,900.0,1406.5,1800.0,2200.0,2800.0,3100.0,1287.5,-200.0,1.990757,2.204053,0.993267,9,12,7,2,0.76548821,0.04748431,0.05499715,0E-8,0.000000,0.928777,0.000000,-0.03203610,2026-03-28,2026-08-05,7,15,13,131,0.053435,1.917057,1.215061,2.551627,,,,,,,,GLOBAL_BASELINE_NO_ENTITY_RANKING,,,NOT_APPLICABLE_GLOBAL_BASELINE,HF9g-P5,,,,X 全窗基线 · 不参与实体赏罚,14191044,1420,A168_HF9F_20260827_0900,2026-08-27 09:00:00
2026-07-14,85352221,2177,0,9200.0000000000,-2675.0000000000,-2675.0000000000,0.4000000,5,5,0.50128862000000000,0.501288620000,-0.4529779837142727,-0.4529779837142727,-0.4529779837142727,0E-17,ELIGIBLE,R03b_20260811_FULL_v1,L1_ELIGIBILITY,v2026-08-11,2026-03-21..2026-08-06,baccarat_bet02_101_all_pairs_incl_sentinel,round_win = game_pnl > 0 (decisive only),COMPATIBILITY_ONLY_NOT_PRODUCTION,139703.0000,129753.0000,6633.7000,100,100,-0.04748431,-0.05499715,-0.02296105,-0.04748431,-6633.7000,139703.0000,OK,0.0000,265.3480,4.0000,96.0000,AG03-UNRESOLVED,ALL5_LEVELS_bet23_to_bet27,265.3480,265.3480,298.5165,298.5165,298.5165,4.000000,4.000000,4.500000,4.500000,4.500000,96.000000,96.000000,95.500000,95.500000,95.500000,5.0,1426.2455,1308.8374,5207.4545,5324.8626,PENDING_AG03,FALSE,NOT_FOR_ENFORCEMENT,6368.3520,124562.8800,6633.7000,6368.3520,265.3480,0.04748431,0.04558493,265.3480,6368.3520,0.04558493,265.3480,265.3480,298.5165,298.5165,298.5165,6368.3520,0.04558493,1426.2455,1308.8374,5207.4545,5324.8626,0.03727518,0.03811559,0.00189937,1397.0300,1297.5300,66.3370,947.6714,442.2467,19957.5714,14.2857,1697.4762,885.4595,900.0,1406.5,1800.0,2200.0,2800.0,3100.0,1287.5,-200.0,1.990757,2.204053,0.993267,9,12,7,2,0.76548821,0.04748431,0.05499715,0E-8,0.000000,0.928777,0.000000,-0.03203610,2026-03-28,2026-08-05,7,15,13,131,0.053435,1.917057,1.215061,2.551627,,,,,,,,GLOBAL_BASELINE_NO_ENTITY_RANKING,,,NOT_APPLICABLE_GLOBAL_BASELINE,HF9g-P5,,,,X 全窗基线 · 不参与实体赏罚,14191045,1420,A168_HF9F_20260827_0900,2026-08-27 09:00:00
2026-07-14,85352221,2239,0,7113.0000000000,-4262.1000000000,-4262.1000000000,0.2000000,5,5,0.50128862000000000,0.501288620000,-1.347408145195933,-1.347408145195933,-1.347408145195933,0E-17,ELIGIBLE,R03b_20260811_FULL_v1,L1_ELIGIBILITY,v2026-08-11,2026-03-21..2026-08-06,baccarat_bet02_101_all_pairs_incl_sentinel,round_win = game_pnl > 0 (decisive only),COMPATIBILITY_ONLY_NOT_PRODUCTION,139703.0000,129753.0000,6633.7000,100,100,-0.04748431,-0.05499715,-0.02296105,-0.04748431,-6633.7000,139703.0000,OK,0.0000,265.3480,4.0000,96.0000,AG03-UNRESOLVED,ALL5_LEVELS_bet23_to_bet27,265.3480,265.3480,298.5165,298.5165,298.5165,4.000000,4.000000,4.500000,4.500000,4.500000,96.000000,96.000000,95.500000,95.500000,95.500000,5.0,1426.2455,1308.8374,5207.4545,5324.8626,PENDING_AG03,FALSE,NOT_FOR_ENFORCEMENT,6368.3520,124562.8800,6633.7000,6368.3520,265.3480,0.04748431,0.04558493,265.3480,6368.3520,0.04558493,265.3480,265.3480,298.5165,298.5165,298.5165,6368.3520,0.04558493,1426.2455,1308.8374,5207.4545,5324.8626,0.03727518,0.03811559,0.00189937,1397.0300,1297.5300,66.3370,947.6714,442.2467,19957.5714,14.2857,1697.4762,885.4595,900.0,1406.5,1800.0,2200.0,2800.0,3100.0,1287.5,-200.0,1.990757,2.204053,0.993267,9,12,7,2,0.76548821,0.04748431,0.05499715,0E-8,0.000000,0.928777,0.000000,-0.03203610,2026-03-28,2026-08-05,7,15,13,131,0.053435,1.917057,1.215061,2.551627,,,,,,,,GLOBAL_BASELINE_NO_ENTITY_RANKING,,,NOT_APPLICABLE_GLOBAL_BASELINE,HF9g-P5,,,,X 全窗基线 · 不参与实体赏罚,14191046,1420,A168_HF9F_20260827_0900,2026-08-27 09:00:00
2026-07-15,85352221,2233,0,578.0000000000,-578.0000000000,-578.0000000000,0E-7,2,2,0.49994810000000000,0.499948100000,-1.4140667746232096,-1.4140667746232096,-1.4140667746232096,0E-17,ELIGIBLE,R03b_20260811_FULL_v1,L1_ELIGIBILITY,v2026-08-11,2026-03-21..2026-08-06,baccarat_bet02_101_all_pairs_incl_sentinel,round_win = game_pnl > 0 (decisive only),COMPATIBILITY_ONLY_NOT_PRODUCTION,139703.0000,129753.0000,6633.7000,100,100,-0.04748431,-0.05499715,-0.02296105,-0.04748431,-6633.7000,139703.0000,OK,0.0000,265.3480,4.0000,96.0000,AG03-UNRESOLVED,ALL5_LEVELS_bet23_to_bet27,265.3480,265.3480,298.5165,298.5165,298.5165,4.000000,4.000000,4.500000,4.500000,4.500000,96.000000,96.000000,95.500000,95.500000,95.500000,5.0,1426.2455,1308.8374,5207.4545,5324.8626,PENDING_AG03,FALSE,NOT_FOR_ENFORCEMENT,6368.3520,124562.8800,6633.7000,6368.3520,265.3480,0.04748431,0.04558493,265.3480,6368.3520,0.04558493,265.3480,265.3480,298.5165,298.5165,298.5165,6368.3520,0.04558493,1426.2455,1308.8374,5207.4545,5324.8626,0.03727518,0.03811559,0.00189937,1397.0300,1297.5300,66.3370,947.6714,442.2467,19957.5714,14.2857,1697.4762,885.4595,900.0,1406.5,1800.0,2200.0,2800.0,3100.0,1287.5,-200.0,1.990757,2.204053,0.993267,9,12,7,2,0.76548821,0.04748431,0.05499715,0E-8,0.000000,0.928777,0.000000,-0.03203610,2026-03-28,2026-08-05,7,15,13,131,0.053435,1.917057,1.215061,2.551627,,,,,,,,GLOBAL_BASELINE_NO_ENTITY_RANKING,,,NOT_APPLICABLE_GLOBAL_BASELINE,HF9g-P5,,,,X 全窗基线 · 不参与实体赏罚,14191047,1420,A168_HF9F_20260827_0900,2026-08-27 09:00:00
2026-08-05,85352221,970,0,3303.0000000000,-1701.0000000000,-1701.0000000000,0.2500000,4,4,0.49324550000000000,0.493245500000,-0.9730707933947887,-0.9730707933947887,-0.9730707933947887,0E-17,ELIGIBLE,R03b_20260811_FULL_v1,L1_ELIGIBILITY,v2026-08-11,2026-03-21..2026-08-06,baccarat_bet02_101_all_pairs_incl_sentinel,round_win = game_pnl > 0 (decisive only),COMPATIBILITY_ONLY_NOT_PRODUCTION,139703.0000,129753.0000,6633.7000,100,100,-0.04748431,-0.05499715,-0.02296105,-0.04748431,-6633.7000,139703.0000,OK,0.0000,265.3480,4.0000,96.0000,AG03-UNRESOLVED,ALL5_LEVELS_bet23_to_bet27,265.3480,265.3480,298.5165,298.5165,298.5165,4.000000,4.000000,4.500000,4.500000,4.500000,96.000000,96.000000,95.500000,95.500000,95.500000,5.0,1426.2455,1308.8374,5207.4545,5324.8626,PENDING_AG03,FALSE,NOT_FOR_ENFORCEMENT,6368.3520,124562.8800,6633.7000,6368.3520,265.3480,0.04748431,0.04558493,265.3480,6368.3520,0.04558493,265.3480,265.3480,298.5165,298.5165,298.5165,6368.3520,0.04558493,1426.2455,1308.8374,5207.4545,5324.8626,0.03727518,0.03811559,0.00189937,1397.0300,1297.5300,66.3370,947.6714,442.2467,19957.5714,14.2857,1697.4762,885.4595,900.0,1406.5,1800.0,2200.0,2800.0,3100.0,1287.5,-200.0,1.990757,2.204053,0.993267,9,12,7,2,0.76548821,0.04748431,0.05499715,0E-8,0.000000,0.928777,0.000000,-0.03203610,2026-03-28,2026-08-05,7,15,13,131,0.053435,1.917057,1.215061,2.551627,,,,,,,,GLOBAL_BASELINE_NO_ENTITY_RANKING,,,NOT_APPLICABLE_GLOBAL_BASELINE,HF9g-P5,,,,X 全窗基线 · 不参与实体赏罚,14191048,1420,A168_HF9F_20260827_0900,2026-08-27 09:00:00
2026-03-22,128173484,1354,0,13.1658635490,5.2663454196,5.2663454196,1.0000000,2,2,0.49994810000000000,0.499948100000,1.0001038053877793,1.0001038053877793,1.0001038053877793,0E-17,ELIGIBLE,R03b_20260811_FULL_v1,L1_ELIGIBILITY,v2026-08-11,2026-03-21..2026-08-06,baccarat_bet02_101_all_pairs_incl_sentinel,round_win = game_pnl > 0 (decisive only),COMPATIBILITY_ONLY_NOT_PRODUCTION,127205.3315,115172.8122,6635.2036,4257,2852,-0.05216136,-0.11437665,-0.04113429,-0.05216136,-6635.2036,127205.3315,OK,0.0000,265.4081,4.0000,96.0000,AG03-UNRESOLVED,ALL5_LEVELS_bet23_to_bet27,265.4081,265.4081,265.4081,331.7602,331.7602,4.000000,4.000000,4.000000,5.000000,5.000000,96.000000,96.000000,96.000000,95.000000,95.000000,5.0,1459.7448,1337.1644,5175.4588,5298.0391,PENDING_AG03,FALSE,NOT_FOR_ENFORCEMENT,6369.7955,110565.8997,6635.2036,6369.7955,265.4081,0.05216136,0.05007491,265.4081,6369.7955,0.05007491,265.4081,265.4081,265.4081,331.7602,331.7602,6369.7955,0.05007491,1459.7448,1337.1644,5175.4588,5298.0391,0.04068586,0.04164951,0.00208645,29.8814,40.3832,2.3265,127.6001,7.3643,2446.2564,54.8462,43.4275,28.3160,5.1431,12.8578,28.9875,66.8604,128.5777,263.3173,7.8995,-2.6176,10.0,20.479237,2.324,28,180,56,8,0.15055597,0.05216136,0.11437665,0E-8,0.000000,0.905409,0.000000,-0.07324236,2026-03-22,2026-08-06,52,901,524,138,0.376812,1.533674,1.453326,0.501853,,,,,,,,GLOBAL_BASELINE_NO_ENTITY_RANKING,,,NOT_APPLICABLE_GLOBAL_BASELINE,HF9g-P5,,,,X 全窗基线 · 不参与实体赏罚,14191049,1420,A168_HF9F_20260827_0900,2026-08-27 09:00:00
2026-03-22,128173484,1374,0,52.6634541960,-52.6634541960,-52.6634541960,0E-7,2,2,0.49994810000000000,0.499948100000,-1.4140667746232096,-1.4140667746232096,-1.4140667746232096,0E-17,ELIGIBLE,R03b_20260811_FULL_v1,L1_ELIGIBILITY,v2026-08-11,2026-03-21..2026-08-06,baccarat_bet02_101_all_pairs_incl_sentinel,round_win = game_pnl > 0 (decisive only),COMPATIBILITY_ONLY_NOT_PRODUCTION,127205.3315,115172.8122,6635.2036,4257,2852,-0.05216136,-0.11437665,-0.04113429,-0.05216136,-6635.2036,127205.3315,OK,0.0000,265.4081,4.0000,96.0000,AG03-UNRESOLVED,ALL5_LEVELS_bet23_to_bet27,265.4081,265.4081,265.4081,331.7602,331.7602,4.000000,4.000000,4.000000,5.000000,5.000000,96.000000,96.000000,96.000000,95.000000,95.000000,5.0,1459.7448,1337.1644,5175.4588,5298.0391,PENDING_AG03,FALSE,NOT_FOR_ENFORCEMENT,6369.7955,110565.8997,6635.2036,6369.7955,265.4081,0.05216136,0.05007491,265.4081,6369.7955,0.05007491,265.4081,265.4081,265.4081,331.7602,331.7602,6369.7955,0.05007491,1459.7448,1337.1644,5175.4588,5298.0391,0.04068586,0.04164951,0.00208645,29.8814,40.3832,2.3265,127.6001,7.3643,2446.2564,54.8462,43.4275,28.3160,5.1431,12.8578,28.9875,66.8604,128.5777,263.3173,7.8995,-2.6176,10.0,20.479237,2.324,28,180,56,8,0.15055597,0.05216136,0.11437665,0E-8,0.000000,0.905409,0.000000,-0.07324236,2026-03-22,2026-08-06,52,901,524,138,0.376812,1.533674,1.453326,0.501853,,,,,,,,GLOBAL_BASELINE_NO_ENTITY_RANKING,,,NOT_APPLICABLE_GLOBAL_BASELINE,HF9g-P5,,,,X 全窗基线 · 不参与实体赏罚,14191050,1420,A168_HF9F_20260827_0900,2026-08-27 09:00:00
2026-03-22,128173484,1384,0,66.8825868289,-66.8825868289,-66.8825868289,0E-7,2,2,0.49994810000000000,0.499948100000,-1.4140667746232096,-1.4140667746232096,-1.4140667746232096,0E-17,ELIGIBLE,R03b_20260811_FULL_v1,L1_ELIGIBILITY,v2026-08-11,2026-03-21..2026-08-06,baccarat_bet02_101_all_pairs_incl_sentinel,round_win = game_pnl > 0 (decisive only),COMPATIBILITY_ONLY_NOT_PRODUCTION,127205.3315,115172.8122,6635.2036,4257,2852,-0.05216136,-0.11437665,-0.04113429,-0.05216136,-6635.2036,127205.3315,OK,0.0000,265.4081,4.0000,96.0000,AG03-UNRESOLVED,ALL5_LEVELS_bet23_to_bet27,265.4081,265.4081,265.4081,331.7602,331.7602,4.000000,4.000000,4.000000,5.000000,5.000000,96.000000,96.000000,96.000000,95.000000,95.000000,5.0,1459.7448,1337.1644,5175.4588,5298.0391,PENDING_AG03,FALSE,NOT_FOR_ENFORCEMENT,6369.7955,110565.8997,6635.2036,6369.7955,265.4081,0.05216136,0.05007491,265.4081,6369.7955,0.05007491,265.4081,265.4081,265.4081,331.7602,331.7602,6369.7955,0.05007491,1459.7448,1337.1644,5175.4588,5298.0391,0.04068586,0.04164951,0.00208645,29.8814,40.3832,2.3265,127.6001,7.3643,2446.2564,54.8462,43.4275,28.3160,5.1431,12.8578,28.9875,66.8604,128.5777,263.3173,7.8995,-2.6176,10.0,20.479237,2.324,28,180,56,8,0.15055597,0.05216136,0.11437665,0E-8,0.000000,0.905409,0.000000,-0.07324236,2026-03-22,2026-08-06,52,901,524,138,0.376812,1.533674,1.453326,0.501853,,,,,,,,GLOBAL_BASELINE_NO_ENTITY_RANKING,,,NOT_APPLICABLE_GLOBAL_BASELINE,HF9g-P5,,,,X 全窗基线 · 不参与实体赏罚,14191051,1420,A168_HF9F_20260827_0900,2026-08-27 09:00:00
2026-03-22,128173484,1940,0,13.1658635490,0E-10,0E-10,,1,1,0.50665070000000000,0.506650700000,,,,0E-17,NO_DECISIVE_ROUND,R03b_20260811_FULL_v1,L1_ELIGIBILITY,v2026-08-11,2026-03-21..2026-08-06,baccarat_bet02_101_all_pairs_incl_sentinel,round_win = game_pnl > 0 (decisive only),COMPATIBILITY_ONLY_NOT_PRODUCTION,127205.3315,115172.8122,6635.2036,4257,2852,-0.05216136,-0.11437665,-0.04113429,-0.05216136,-6635.2036,127205.3315,OK,0.0000,265.4081,4.0000,96.0000,AG03-UNRESOLVED,ALL5_LEVELS_bet23_to_bet27,265.4081,265.4081,265.4081,331.7602,331.7602,4.000000,4.000000,4.000000,5.000000,5.000000,96.000000,96.000000,96.000000,95.000000,95.000000,5.0,1459.7448,1337.1644,5175.4588,5298.0391,PENDING_AG03,FALSE,NOT_FOR_ENFORCEMENT,6369.7955,110565.8997,6635.2036,6369.7955,265.4081,0.05216136,0.05007491,265.4081,6369.7955,0.05007491,265.4081,265.4081,265.4081,331.7602,331.7602,6369.7955,0.05007491,1459.7448,1337.1644,5175.4588,5298.0391,0.04068586,0.04164951,0.00208645,29.8814,40.3832,2.3265,127.6001,7.3643,2446.2564,54.8462,43.4275,28.3160,5.1431,12.8578,28.9875,66.8604,128.5777,263.3173,7.8995,-2.6176,10.0,20.479237,2.324,28,180,56,8,0.15055597,0.05216136,0.11437665,0E-8,0.000000,0.905409,0.000000,-0.07324236,2026-03-22,2026-08-06,52,901,524,138,0.376812,1.533674,1.453326,0.501853,,,,,,,,GLOBAL_BASELINE_NO_ENTITY_RANKING,,,NOT_APPLICABLE_GLOBAL_BASELINE,HF9g-P5,,,,X 全窗基线 · 不参与实体赏罚,14191052,1420,A168_HF9F_20260827_0900,2026-08-27 09:00:00
2026-03-22,128173484,1985,0,28.9648998078,23.6985543882,23.6985543882,1.0000000,2,1,0.45519466363636364,0.283965900000,1.094012024357101,1.587938788024013,1.094012024357101,0.17122876363636364,ELIGIBLE,R03b_20260811_FULL_v1,L1_ELIGIBILITY,v2026-08-11,2026-03-21..2026-08-06,baccarat_bet02_101_all_pairs_incl_sentinel,round_win = game_pnl > 0 (decisive only),COMPATIBILITY_ONLY_NOT_PRODUCTION,127205.3315,115172.8122,6635.2036,4257,2852,-0.05216136,-0.11437665,-0.04113429,-0.05216136,-6635.2036,127205.3315,OK,0.0000,265.4081,4.0000,96.0000,AG03-UNRESOLVED,ALL5_LEVELS_bet23_to_bet27,265.4081,265.4081,265.4081,331.7602,331.7602,4.000000,4.000000,4.000000,5.000000,5.000000,96.000000,96.000000,96.000000,95.000000,95.000000,5.0,1459.7448,1337.1644,5175.4588,5298.0391,PENDING_AG03,FALSE,NOT_FOR_ENFORCEMENT,6369.7955,110565.8997,6635.2036,6369.7955,265.4081,0.05216136,0.05007491,265.4081,6369.7955,0.05007491,265.4081,265.4081,265.4081,331.7602,331.7602,6369.7955,0.05007491,1459.7448,1337.1644,5175.4588,5298.0391,0.04068586,0.04164951,0.00208645,29.8814,40.3832,2.3265,127.6001,7.3643,2446.2564,54.8462,43.4275,28.3160,5.1431,12.8578,28.9875,66.8604,128.5777,263.3173,7.8995,-2.6176,10.0,20.479237,2.324,28,180,56,8,0.15055597,0.05216136,0.11437665,0E-8,0.000000,0.905409,0.000000,-0.07324236,2026-03-22,2026-08-06,52,901,524,138,0.376812,1.533674,1.453326,0.501853,,,,,,,,GLOBAL_BASELINE_NO_ENTITY_RANKING,,,NOT_APPLICABLE_GLOBAL_BASELINE,HF9g-P5,,,,X 全窗基线 · 不参与实体赏罚,14191053,1420,A168_HF9F_20260827_0900,2026-08-27 09:00:00
2026-03-22,128173484,2066,0,28.9648998078,-28.9648998078,-28.9648998078,0E-7,2,1,0.46738340000000000,0.290680550000,-0.9367620596671546,-0.6401578158977228,-0.9367620596671546,0.17670285000000000,ELIGIBLE,R03b_20260811_FULL_v1,L1_ELIGIBILITY,v2026-08-11,2026-03-21..2026-08-06,baccarat_bet02_101_all_pairs_incl_sentinel,round_win = game_pnl > 0 (decisive only),COMPATIBILITY_ONLY_NOT_PRODUCTION,127205.3315,115172.8122,6635.2036,4257,2852,-0.05216136,-0.11437665,-0.04113429,-0.05216136,-6635.2036,127205.3315,OK,0.0000,265.4081,4.0000,96.0000,AG03-UNRESOLVED,ALL5_LEVELS_bet23_to_bet27,265.4081,265.4081,265.4081,331.7602,331.7602,4.000000,4.000000,4.000000,5.000000,5.000000,96.000000,96.000000,96.000000,95.000000,95.000000,5.0,1459.7448,1337.1644,5175.4588,5298.0391,PENDING_AG03,FALSE,NOT_FOR_ENFORCEMENT,6369.7955,110565.8997,6635.2036,6369.7955,265.4081,0.05216136,0.05007491,265.4081,6369.7955,0.05007491,265.4081,265.4081,265.4081,331.7602,331.7602,6369.7955,0.05007491,1459.7448,1337.1644,5175.4588,5298.0391,0.04068586,0.04164951,0.00208645,29.8814,40.3832,2.3265,127.6001,7.3643,2446.2564,54.8462,43.4275,28.3160,5.1431,12.8578,28.9875,66.8604,128.5777,263.3173,7.8995,-2.6176,10.0,20.479237,2.324,28,180,56,8,0.15055597,0.05216136,0.11437665,0E-8,0.000000,0.905409,0.000000,-0.07324236,2026-03-22,2026-08-06,52,901,524,138,0.376812,1.533674,1.453326,0.501853,,,,,,,,GLOBAL_BASELINE_NO_ENTITY_RANKING,,,NOT_APPLICABLE_GLOBAL_BASELINE,HF9g-P5,,,,X 全窗基线 · 不参与实体赏罚,14191054,1420,A168_HF9F_20260827_0900,2026-08-27 09:00:00
2026-03-22,128173484,2101,0,28.9648998078,2.6331727098,2.6331727098,1.0000000,2,1,0.45519466363636364,0.283965900000,1.094012024357101,1.587938788024013,1.094012024357101,0.17122876363636364,ELIGIBLE,R03b_20260811_FULL_v1,L1_ELIGIBILITY,v2026-08-11,2026-03-21..2026-08-06,baccarat_bet02_101_all_pairs_incl_sentinel,round_win = game_pnl > 0 (decisive only),COMPATIBILITY_ONLY_NOT_PRODUCTION,127205.3315,115172.8122,6635.2036,4257,2852,-0.05216136,-0.11437665,-0.04113429,-0.05216136,-6635.2036,127205.3315,OK,0.0000,265.4081,4.0000,96.0000,AG03-UNRESOLVED,ALL5_LEVELS_bet23_to_bet27,265.4081,265.4081,265.4081,331.7602,331.7602,4.000000,4.000000,4.000000,5.000000,5.000000,96.000000,96.000000,96.000000,95.000000,95.000000,5.0,1459.7448,1337.1644,5175.4588,5298.0391,PENDING_AG03,FALSE,NOT_FOR_ENFORCEMENT,6369.7955,110565.8997,6635.2036,6369.7955,265.4081,0.05216136,0.05007491,265.4081,6369.7955,0.05007491,265.4081,265.4081,265.4081,331.7602,331.7602,6369.7955,0.05007491,1459.7448,1337.1644,5175.4588,5298.0391,0.04068586,0.04164951,0.00208645,29.8814,40.3832,2.3265,127.6001,7.3643,2446.2564,54.8462,43.4275,28.3160,5.1431,12.8578,28.9875,66.8604,128.5777,263.3173,7.8995,-2.6176,10.0,20.479237,2.324,28,180,56,8,0.15055597,0.05216136,0.11437665,0E-8,0.000000,0.905409,0.000000,-0.07324236,2026-03-22,2026-08-06,52,901,524,138,0.376812,1.533674,1.453326,0.501853,,,,,,,,GLOBAL_BASELINE_NO_ENTITY_RANKING,,,NOT_APPLICABLE_GLOBAL_BASELINE,HF9g-P5,,,,X 全窗基线 · 不参与实体赏罚,14191055,1420,A168_HF9F_20260827_0900,2026-08-27 09:00:00
2026-03-22,128173484,2103,0,654.8700529269,102.9570529532,102.9570529532,0.5454545,17,13,0.49547397590174436,0.462974965385,0.33154717572566406,0.5486138456174703,0.33154717572566406,0.03249901051674436,ELIGIBLE,R03b_20260811_FULL_v1,L1_ELIGIBILITY,v2026-08-11,2026-03-21..2026-08-06,baccarat_bet02_101_all_pairs_incl_sentinel,round_win = game_pnl > 0 (decisive only),COMPATIBILITY_ONLY_NOT_PRODUCTION,127205.3315,115172.8122,6635.2036,4257,2852,-0.05216136,-0.11437665,-0.04113429,-0.05216136,-6635.2036,127205.3315,OK,0.0000,265.4081,4.0000,96.0000,AG03-UNRESOLVED,ALL5_LEVELS_bet23_to_bet27,265.4081,265.4081,265.4081,331.7602,331.7602,4.000000,4.000000,4.000000,5.000000,5.000000,96.000000,96.000000,96.000000,95.000000,95.000000,5.0,1459.7448,1337.1644,5175.4588,5298.0391,PENDING_AG03,FALSE,NOT_FOR_ENFORCEMENT,6369.7955,110565.8997,6635.2036,6369.7955,265.4081,0.05216136,0.05007491,265.4081,6369.7955,0.05007491,265.4081,265.4081,265.4081,331.7602,331.7602,6369.7955,0.05007491,1459.7448,1337.1644,5175.4588,5298.0391,0.04068586,0.04164951,0.00208645,29.8814,40.3832,2.3265,127.6001,7.3643,2446.2564,54.8462,43.4275,28.3160,5.1431,12.8578,28.9875,66.8604,128.5777,263.3173,7.8995,-2.6176,10.0,20.479237,2.324,28,180,56,8,0.15055597,0.05216136,0.11437665,0E-8,0.000000,0.905409,0.000000,-0.07324236,2026-03-22,2026-08-06,52,901,524,138,0.376812,1.533674,1.453326,0.501853,,,,,,,,GLOBAL_BASELINE_NO_ENTITY_RANKING,,,NOT_APPLICABLE_GLOBAL_BASELINE,HF9g-P5,,,,X 全窗基线 · 不参与实体赏罚,14191056,1420,A168_HF9F_20260827_0900,2026-08-27 09:00:00
2026-03-22,128173484,2106,0,5.2663454196,-5.2663454196,-5.2663454196,0E-7,1,1,0.49324550000000000,0.493245500000,-0.9865810262130424,-0.9865810262130424,-0.9865810262130424,0E-17,ELIGIBLE,R03b_20260811_FULL_v1,L1_ELIGIBILITY,v2026-08-11,2026-03-21..2026-08-06,baccarat_bet02_101_all_pairs_incl_sentinel,round_win = game_pnl > 0 (decisive only),COMPATIBILITY_ONLY_NOT_PRODUCTION,127205.3315,115172.8122,6635.2036,4257,2852,-0.05216136,-0.11437665,-0.04113429,-0.05216136,-6635.2036,127205.3315,OK,0.0000,265.4081,4.0000,96.0000,AG03-UNRESOLVED,ALL5_LEVELS_bet23_to_bet27,265.4081,265.4081,265.4081,331.7602,331.7602,4.000000,4.000000,4.000000,5.000000,5.000000,96.000000,96.000000,96.000000,95.000000,95.000000,5.0,1459.7448,1337.1644,5175.4588,5298.0391,PENDING_AG03,FALSE,NOT_FOR_ENFORCEMENT,6369.7955,110565.8997,6635.2036,6369.7955,265.4081,0.05216136,0.05007491,265.4081,6369.7955,0.05007491,265.4081,265.4081,265.4081,331.7602,331.7602,6369.7955,0.05007491,1459.7448,1337.1644,5175.4588,5298.0391,0.04068586,0.04164951,0.00208645,29.8814,40.3832,2.3265,127.6001,7.3643,2446.2564,54.8462,43.4275,28.3160,5.1431,12.8578,28.9875,66.8604,128.5777,263.3173,7.8995,-2.6176,10.0,20.479237,2.324,28,180,56,8,0.15055597,0.05216136,0.11437665,0E-8,0.000000,0.905409,0.000000,-0.07324236,2026-03-22,2026-08-06,52,901,524,138,0.376812,1.533674,1.453326,0.501853,,,,,,,,GLOBAL_BASELINE_NO_ENTITY_RANKING,,,NOT_APPLICABLE_GLOBAL_BASELINE,HF9g-P5,,,,X 全窗基线 · 不参与实体赏罚,14191057,1420,A168_HF9F_20260827_0900,2026-08-27 09:00:00
2026-03-22,128173484,2169,0,157.4637280459,-64.3810727545,-64.3810727545,0.5000000,9,6,0.48267299085500042,0.421327769445,0.08493567733739292,0.39027499413947137,0.08493567733739292,0.06134522141000042,ELIGIBLE,R03b_20260811_FULL_v1,L1_ELIGIBILITY,v2026-08-11,2026-03-21..2026-08-06,baccarat_bet02_101_all_pairs_incl_sentinel,round_win = game_pnl > 0 (decisive only),COMPATIBILITY_ONLY_NOT_PRODUCTION,127205.3315,115172.8122,6635.2036,4257,2852,-0.05216136,-0.11437665,-0.04113429,-0.05216136,-6635.2036,127205.3315,OK,0.0000,265.4081,4.0000,96.0000,AG03-UNRESOLVED,ALL5_LEVELS_bet23_to_bet27,265.4081,265.4081,265.4081,331.7602,331.7602,4.000000,4.000000,4.000000,5.000000,5.000000,96.000000,96.000000,96.000000,95.000000,95.000000,5.0,1459.7448,1337.1644,5175.4588,5298.0391,PENDING_AG03,FALSE,NOT_FOR_ENFORCEMENT,6369.7955,110565.8997,6635.2036,6369.7955,265.4081,0.05216136,0.05007491,265.4081,6369.7955,0.05007491,265.4081,265.4081,265.4081,331.7602,331.7602,6369.7955,0.05007491,1459.7448,1337.1644,5175.4588,5298.0391,0.04068586,0.04164951,0.00208645,29.8814,40.3832,2.3265,127.6001,7.3643,2446.2564,54.8462,43.4275,28.3160,5.1431,12.8578,28.9875,66.8604,128.5777,263.3173,7.8995,-2.6176,10.0,20.479237,2.324,28,180,56,8,0.15055597,0.05216136,0.11437665,0E-8,0.000000,0.905409,0.000000,-0.07324236,2026-03-22,2026-08-06,52,901,524,138,0.376812,1.533674,1.453326,0.501853,,,,,,,,GLOBAL_BASELINE_NO_ENTITY_RANKING,,,NOT_APPLICABLE_GLOBAL_BASELINE,HF9g-P5,,,,X 全窗基线 · 不参与实体赏罚,14191058,1420,A168_HF9F_20260827_0900,2026-08-27 09:00:00
2026-03-22,128173484,2171,0,465.0183005505,-377.7286252207,-377.7286252207,0.2222222,10,9,0.49549930105820106,0.474460611111,-1.6397289040131118,-1.5154085063302558,-1.6397289040131118,0.02103868994720106,ELIGIBLE,R03b_20260811_FULL_v1,L1_ELIGIBILITY,v2026-08-11,2026-03-21..2026-08-06,baccarat_bet02_101_all_pairs_incl_sentinel,round_win = game_pnl > 0 (decisive only),COMPATIBILITY_ONLY_NOT_PRODUCTION,127205.3315,115172.8122,6635.2036,4257,2852,-0.05216136,-0.11437665,-0.04113429,-0.05216136,-6635.2036,127205.3315,OK,0.0000,265.4081,4.0000,96.0000,AG03-UNRESOLVED,ALL5_LEVELS_bet23_to_bet27,265.4081,265.4081,265.4081,331.7602,331.7602,4.000000,4.000000,4.000000,5.000000,5.000000,96.000000,96.000000,96.000000,95.000000,95.000000,5.0,1459.7448,1337.1644,5175.4588,5298.0391,PENDING_AG03,FALSE,NOT_FOR_ENFORCEMENT,6369.7955,110565.8997,6635.2036,6369.7955,265.4081,0.05216136,0.05007491,265.4081,6369.7955,0.05007491,265.4081,265.4081,265.4081,331.7602,331.7602,6369.7955,0.05007491,1459.7448,1337.1644,5175.4588,5298.0391,0.04068586,0.04164951,0.00208645,29.8814,40.3832,2.3265,127.6001,7.3643,2446.2564,54.8462,43.4275,28.3160,5.1431,12.8578,28.9875,66.8604,128.5777,263.3173,7.8995,-2.6176,10.0,20.479237,2.324,28,180,56,8,0.15055597,0.05216136,0.11437665,0E-8,0.000000,0.905409,0.000000,-0.07324236,2026-03-22,2026-08-06,52,901,524,138,0.376812,1.533674,1.453326,0.501853,,,,,,,,GLOBAL_BASELINE_NO_ENTITY_RANKING,,,NOT_APPLICABLE_GLOBAL_BASELINE,HF9g-P5,,,,X 全窗基线 · 不参与实体赏罚,14191059,1420,A168_HF9F_20260827_0900,2026-08-27 09:00:00
2026-03-22,128173484,2177,0,7.3728835874,-7.3728835874,-7.3728835874,0E-7,1,1,0.50665070000000000,0.506650700000,-1.013391052207602,-1.013391052207602,-1.013391052207602,0E-17,ELIGIBLE,R03b_20260811_FULL_v1,L1_ELIGIBILITY,v2026-08-11,2026-03-21..2026-08-06,baccarat_bet02_101_all_pairs_incl_sentinel,round_win = game_pnl > 0 (decisive only),COMPATIBILITY_ONLY_NOT_PRODUCTION,127205.3315,115172.8122,6635.2036,4257,2852,-0.05216136,-0.11437665,-0.04113429,-0.05216136,-6635.2036,127205.3315,OK,0.0000,265.4081,4.0000,96.0000,AG03-UNRESOLVED,ALL5_LEVELS_bet23_to_bet27,265.4081,265.4081,265.4081,331.7602,331.7602,4.000000,4.000000,4.000000,5.000000,5.000000,96.000000,96.000000,96.000000,95.000000,95.000000,5.0,1459.7448,1337.1644,5175.4588,5298.0391,PENDING_AG03,FALSE,NOT_FOR_ENFORCEMENT,6369.7955,110565.8997,6635.2036,6369.7955,265.4081,0.05216136,0.05007491,265.4081,6369.7955,0.05007491,265.4081,265.4081,265.4081,331.7602,331.7602,6369.7955,0.05007491,1459.7448,1337.1644,5175.4588,5298.0391,0.04068586,0.04164951,0.00208645,29.8814,40.3832,2.3265,127.6001,7.3643,2446.2564,54.8462,43.4275,28.3160,5.1431,12.8578,28.9875,66.8604,128.5777,263.3173,7.8995,-2.6176,10.0,20.479237,2.324,28,180,56,8,0.15055597,0.05216136,0.11437665,0E-8,0.000000,0.905409,0.000000,-0.07324236,2026-03-22,2026-08-06,52,901,524,138,0.376812,1.533674,1.453326,0.501853,,,,,,,,GLOBAL_BASELINE_NO_ENTITY_RANKING,,,NOT_APPLICABLE_GLOBAL_BASELINE,HF9g-P5,,,,X 全窗基线 · 不参与实体赏罚,14191060,1420,A168_HF9F_20260827_0900,2026-08-27 09:00:00
2026-03-22,128173484,2178,0,21.0653816784,-10.5326908392,-10.5326908392,0.5000000,3,2,0.46002527500000000,0.393584825000,0.11342869089165983,0.308045137873246,0.11342869089165983,0.06644045000000000,ELIGIBLE,R03b_20260811_FULL_v1,L1_ELIGIBILITY,v2026-08-11,2026-03-21..2026-08-06,baccarat_bet02_101_all_pairs_incl_sentinel,round_win = game_pnl > 0 (decisive only),COMPATIBILITY_ONLY_NOT_PRODUCTION,127205.3315,115172.8122,6635.2036,4257,2852,-0.05216136,-0.11437665,-0.04113429,-0.05216136,-6635.2036,127205.3315,OK,0.0000,265.4081,4.0000,96.0000,AG03-UNRESOLVED,ALL5_LEVELS_bet23_to_bet27,265.4081,265.4081,265.4081,331.7602,331.7602,4.000000,4.000000,4.000000,5.000000,5.000000,96.000000,96.000000,96.000000,95.000000,95.000000,5.0,1459.7448,1337.1644,5175.4588,5298.0391,PENDING_AG03,FALSE,NOT_FOR_ENFORCEMENT,6369.7955,110565.8997,6635.2036,6369.7955,265.4081,0.05216136,0.05007491,265.4081,6369.7955,0.05007491,265.4081,265.4081,265.4081,331.7602,331.7602,6369.7955,0.05007491,1459.7448,1337.1644,5175.4588,5298.0391,0.04068586,0.04164951,0.00208645,29.8814,40.3832,2.3265,127.6001,7.3643,2446.2564,54.8462,43.4275,28.3160,5.1431,12.8578,28.9875,66.8604,128.5777,263.3173,7.8995,-2.6176,10.0,20.479237,2.324,28,180,56,8,0.15055597,0.05216136,0.11437665,0E-8,0.000000,0.905409,0.000000,-0.07324236,2026-03-22,2026-08-06,52,901,524,138,0.376812,1.533674,1.453326,0.501853,,,,,,,,GLOBAL_BASELINE_NO_ENTITY_RANKING,,,NOT_APPLICABLE_GLOBAL_BASELINE,HF9g-P5,,,,X 全窗基线 · 不参与实体赏罚,14191061,1420,A168_HF9F_20260827_0900,2026-08-27 09:00:00
2026-03-22,128173484,2212,0,28.9648998078,22.3819680333,22.3819680333,1.0000000,2,1,0.46919180000000000,0.300626750000,1.0636374127211503,1.5252488199758223,1.0636374127211503,0.16856505000000000,ELIGIBLE,R03b_20260811_FULL_v1,L1_ELIGIBILITY,v2026-08-11,2026-03-21..2026-08-06,baccarat_bet02_101_all_pairs_incl_sentinel,round_win = game_pnl > 0 (decisive only),COMPATIBILITY_ONLY_NOT_PRODUCTION,127205.3315,115172.8122,6635.2036,4257,2852,-0.05216136,-0.11437665,-0.04113429,-0.05216136,-6635.2036,127205.3315,OK,0.0000,265.4081,4.0000,96.0000,AG03-UNRESOLVED,ALL5_LEVELS_bet23_to_bet27,265.4081,265.4081,265.4081,331.7602,331.7602,4.000000,4.000000,4.000000,5.000000,5.000000,96.000000,96.000000,96.000000,95.000000,95.000000,5.0,1459.7448,1337.1644,5175.4588,5298.0391,PENDING_AG03,FALSE,NOT_FOR_ENFORCEMENT,6369.7955,110565.8997,6635.2036,6369.7955,265.4081,0.05216136,0.05007491,265.4081,6369.7955,0.05007491,265.4081,265.4081,265.4081,331.7602,331.7602,6369.7955,0.05007491,1459.7448,1337.1644,5175.4588,5298.0391,0.04068586,0.04164951,0.00208645,29.8814,40.3832,2.3265,127.6001,7.3643,2446.2564,54.8462,43.4275,28.3160,5.1431,12.8578,28.9875,66.8604,128.5777,263.3173,7.8995,-2.6176,10.0,20.479237,2.324,28,180,56,8,0.15055597,0.05216136,0.11437665,0E-8,0.000000,0.905409,0.000000,-0.07324236,2026-03-22,2026-08-06,52,901,524,138,0.376812,1.533674,1.453326,0.501853,,,,,,,,GLOBAL_BASELINE_NO_ENTITY_RANKING,,,NOT_APPLICABLE_GLOBAL_BASELINE,HF9g-P5,,,,X 全窗基线 · 不参与实体赏罚,14191062,1420,A168_HF9F_20260827_0900,2026-08-27 09:00:00
2026-03-22,128173484,2239,0,10.5326908392,-10.5326908392,-10.5326908392,0E-7,1,1,0.50665070000000000,0.506650700000,-1.013391052207602,-1.013391052207602,-1.013391052207602,0E-17,ELIGIBLE,R03b_20260811_FULL_v1,L1_ELIGIBILITY,v2026-08-11,2026-03-21..2026-08-06,baccarat_bet02_101_all_pairs_incl_sentinel,round_win = game_pnl > 0 (decisive only),COMPATIBILITY_ONLY_NOT_PRODUCTION,127205.3315,115172.8122,6635.2036,4257,2852,-0.05216136,-0.11437665,-0.04113429,-0.05216136,-6635.2036,127205.3315,OK,0.0000,265.4081,4.0000,96.0000,AG03-UNRESOLVED,ALL5_LEVELS_bet23_to_bet27,265.4081,265.4081,265.4081,331.7602,331.7602,4.000000,4.000000,4.000000,5.000000,5.000000,96.000000,96.000000,96.000000,95.000000,95.000000,5.0,1459.7448,1337.1644,5175.4588,5298.0391,PENDING_AG03,FALSE,NOT_FOR_ENFORCEMENT,6369.7955,110565.8997,6635.2036,6369.7955,265.4081,0.05216136,0.05007491,265.4081,6369.7955,0.05007491,265.4081,265.4081,265.4081,331.7602,331.7602,6369.7955,0.05007491,1459.7448,1337.1644,5175.4588,5298.0391,0.04068586,0.04164951,0.00208645,29.8814,40.3832,2.3265,127.6001,7.3643,2446.2564,54.8462,43.4275,28.3160,5.1431,12.8578,28.9875,66.8604,128.5777,263.3173,7.8995,-2.6176,10.0,20.479237,2.324,28,180,56,8,0.15055597,0.05216136,0.11437665,0E-8,0.000000,0.905409,0.000000,-0.07324236,2026-03-22,2026-08-06,52,901,524,138,0.376812,1.533674,1.453326,0.501853,,,,,,,,GLOBAL_BASELINE_NO_ENTITY_RANKING,,,NOT_APPLICABLE_GLOBAL_BASELINE,HF9g-P5,,,,X 全窗基线 · 不参与实体赏罚,14191063,1420,A168_HF9F_20260827_0900,2026-08-27 09:00:00
2026-03-22,128173484,2242,0,136.6616636386,25.0151407431,25.0151407431,0.5000000,4,3,0.48462480000000000,0.425723850000,0.04350820799358923,0.2124418143572207,0.04350820799358923,0.05890095000000000,ELIGIBLE,R03b_20260811_FULL_v1,L1_ELIGIBILITY,v2026-08-11,2026-03-21..2026-08-06,baccarat_bet02_101_all_pairs_incl_sentinel,round_win = game_pnl > 0 (decisive only),COMPATIBILITY_ONLY_NOT_PRODUCTION,127205.3315,115172.8122,6635.2036,4257,2852,-0.05216136,-0.11437665,-0.04113429,-0.05216136,-6635.2036,127205.3315,OK,0.0000,265.4081,4.0000,96.0000,AG03-UNRESOLVED,ALL5_LEVELS_bet23_to_bet27,265.4081,265.4081,265.4081,331.7602,331.7602,4.000000,4.000000,4.000000,5.000000,5.000000,96.000000,96.000000,96.000000,95.000000,95.000000,5.0,1459.7448,1337.1644,5175.4588,5298.0391,PENDING_AG03,FALSE,NOT_FOR_ENFORCEMENT,6369.7955,110565.8997,6635.2036,6369.7955,265.4081,0.05216136,0.05007491,265.4081,6369.7955,0.05007491,265.4081,265.4081,265.4081,331.7602,331.7602,6369.7955,0.05007491,1459.7448,1337.1644,5175.4588,5298.0391,0.04068586,0.04164951,0.00208645,29.8814,40.3832,2.3265,127.6001,7.3643,2446.2564,54.8462,43.4275,28.3160,5.1431,12.8578,28.9875,66.8604,128.5777,263.3173,7.8995,-2.6176,10.0,20.479237,2.324,28,180,56,8,0.15055597,0.05216136,0.11437665,0E-8,0.000000,0.905409,0.000000,-0.07324236,2026-03-22,2026-08-06,52,901,524,138,0.376812,1.533674,1.453326,0.501853,,,,,,,,GLOBAL_BASELINE_NO_ENTITY_RANKING,,,NOT_APPLICABLE_GLOBAL_BASELINE,HF9g-P5,,,,X 全窗基线 · 不参与实体赏罚,14191064,1420,A168_HF9F_20260827_0900,2026-08-27 09:00:00
2026-03-22,128173484,526,0,89.5278721332,92.1610448430,92.1610448430,1.0000000,5,2,0.45478776956521739,0.260739825000,1.5484365148014643,2.3812772801066426,1.5484365148014643,0.19404794456521739,ELIGIBLE,R03b_20260811_FULL_v1,L1_ELIGIBILITY,v2026-08-11,2026-03-21..2026-08-06,baccarat_bet02_101_all_pairs_incl_sentinel,round_win = game_pnl > 0 (decisive only),COMPATIBILITY_ONLY_NOT_PRODUCTION,127205.3315,115172.8122,6635.2036,4257,2852,-0.05216136,-0.11437665,-0.04113429,-0.05216136,-6635.2036,127205.3315,OK,0.0000,265.4081,4.0000,96.0000,AG03-UNRESOLVED,ALL5_LEVELS_bet23_to_bet27,265.4081,265.4081,265.4081,331.7602,331.7602,4.000000,4.000000,4.000000,5.000000,5.000000,96.000000,96.000000,96.000000,95.000000,95.000000,5.0,1459.7448,1337.1644,5175.4588,5298.0391,PENDING_AG03,FALSE,NOT_FOR_ENFORCEMENT,6369.7955,110565.8997,6635.2036,6369.7955,265.4081,0.05216136,0.05007491,265.4081,6369.7955,0.05007491,265.4081,265.4081,265.4081,331.7602,331.7602,6369.7955,0.05007491,1459.7448,1337.1644,5175.4588,5298.0391,0.04068586,0.04164951,0.00208645,29.8814,40.3832,2.3265,127.6001,7.3643,2446.2564,54.8462,43.4275,28.3160,5.1431,12.8578,28.9875,66.8604,128.5777,263.3173,7.8995,-2.6176,10.0,20.479237,2.324,28,180,56,8,0.15055597,0.05216136,0.11437665,0E-8,0.000000,0.905409,0.000000,-0.07324236,2026-03-22,2026-08-06,52,901,524,138,0.376812,1.533674,1.453326,0.501853,,,,,,,,GLOBAL_BASELINE_NO_ENTITY_RANKING,,,NOT_APPLICABLE_GLOBAL_BASELINE,HF9g-P5,,,,X 全窗基线 · 不参与实体赏罚,14191065,1420,A168_HF9F_20260827_0900,2026-08-27 09:00:00
2026-03-22,128173484,759,0,162.7300734655,9.0844458488,9.0844458488,0.5000000,3,2,0.50170772121484187,0.398665625000,-0.004830193178343641,0.2926910081793089,-0.004830193178343641,0.10304209621484187,ELIGIBLE,R03b_20260811_FULL_v1,L1_ELIGIBILITY,v2026-08-11,2026-03-21..2026-08-06,baccarat_bet02_101_all_pairs_incl_sentinel,round_win = game_pnl > 0 (decisive only),COMPATIBILITY_ONLY_NOT_PRODUCTION,127205.3315,115172.8122,6635.2036,4257,2852,-0.05216136,-0.11437665,-0.04113429,-0.05216136,-6635.2036,127205.3315,OK,0.0000,265.4081,4.0000,96.0000,AG03-UNRESOLVED,ALL5_LEVELS_bet23_to_bet27,265.4081,265.4081,265.4081,331.7602,331.7602,4.000000,4.000000,4.000000,5.000000,5.000000,96.000000,96.000000,96.000000,95.000000,95.000000,5.0,1459.7448,1337.1644,5175.4588,5298.0391,PENDING_AG03,FALSE,NOT_FOR_ENFORCEMENT,6369.7955,110565.8997,6635.2036,6369.7955,265.4081,0.05216136,0.05007491,265.4081,6369.7955,0.05007491,265.4081,265.4081,265.4081,331.7602,331.7602,6369.7955,0.05007491,1459.7448,1337.1644,5175.4588,5298.0391,0.04068586,0.04164951,0.00208645,29.8814,40.3832,2.3265,127.6001,7.3643,2446.2564,54.8462,43.4275,28.3160,5.1431,12.8578,28.9875,66.8604,128.5777,263.3173,7.8995,-2.6176,10.0,20.479237,2.324,28,180,56,8,0.15055597,0.05216136,0.11437665,0E-8,0.000000,0.905409,0.000000,-0.07324236,2026-03-22,2026-08-06,52,901,524,138,0.376812,1.533674,1.453326,0.501853,,,,,,,,GLOBAL_BASELINE_NO_ENTITY_RANKING,,,NOT_APPLICABLE_GLOBAL_BASELINE,HF9g-P5,,,,X 全窗基线 · 不参与实体赏罚,14191066,1420,A168_HF9F_20260827_0900,2026-08-27 09:00:00
2026-03-23,128173484,1129,0,15.7990362588,9.8743976617,9.8743976617,1.0000000,2,1,0.43466065000000000,0.290680550000,1.1404583914031252,1.5621148022658344,1.1404583914031252,0.14398010000000000,ELIGIBLE,R03b_20260811_FULL_v1,L1_ELIGIBILITY,v2026-08-11,2026-03-21..2026-08-06,baccarat_bet02_101_all_pairs_incl_sentinel,round_win = game_pnl > 0 (decisive only),COMPATIBILITY_ONLY_NOT_PRODUCTION,127205.3315,115172.8122,6635.2036,4257,2852,-0.05216136,-0.11437665,-0.04113429,-0.05216136,-6635.2036,127205.3315,OK,0.0000,265.4081,4.0000,96.0000,AG03-UNRESOLVED,ALL5_LEVELS_bet23_to_bet27,265.4081,265.4081,265.4081,331.7602,331.7602,4.000000,4.000000,4.000000,5.000000,5.000000,96.000000,96.000000,96.000000,95.000000,95.000000,5.0,1459.7448,1337.1644,5175.4588,5298.0391,PENDING_AG03,FALSE,NOT_FOR_ENFORCEMENT,6369.7955,110565.8997,6635.2036,6369.7955,265.4081,0.05216136,0.05007491,265.4081,6369.7955,0.05007491,265.4081,265.4081,265.4081,331.7602,331.7602,6369.7955,0.05007491,1459.7448,1337.1644,5175.4588,5298.0391,0.04068586,0.04164951,0.00208645,29.8814,40.3832,2.3265,127.6001,7.3643,2446.2564,54.8462,43.4275,28.3160,5.1431,12.8578,28.9875,66.8604,128.5777,263.3173,7.8995,-2.6176,10.0,20.479237,2.324,28,180,56,8,0.15055597,0.05216136,0.11437665,0E-8,0.000000,0.905409,0.000000,-0.07324236,2026-03-22,2026-08-06,52,901,524,138,0.376812,1.533674,1.453326,0.501853,,,,,,,,GLOBAL_BASELINE_NO_ENTITY_RANKING,,,NOT_APPLICABLE_GLOBAL_BASELINE,HF9g-P5,,,,X 全窗基线 · 不参与实体赏罚,14191067,1420,A168_HF9F_20260827_0900,2026-08-27 09:00:00
2026-03-23,128173484,1291,0,7.8995181294,-7.8995181294,-7.8995181294,0E-7,1,1,0.50665070000000000,0.506650700000,-1.013391052207602,-1.013391052207602,-1.013391052207602,0E-17,ELIGIBLE,R03b_20260811_FULL_v1,L1_ELIGIBILITY,v2026-08-11,2026-03-21..2026-08-06,baccarat_bet02_101_all_pairs_incl_sentinel,round_win = game_pnl > 0 (decisive only),COMPATIBILITY_ONLY_NOT_PRODUCTION,127205.3315,115172.8122,6635.2036,4257,2852,-0.05216136,-0.11437665,-0.04113429,-0.05216136,-6635.2036,127205.3315,OK,0.0000,265.4081,4.0000,96.0000,AG03-UNRESOLVED,ALL5_LEVELS_bet23_to_bet27,265.4081,265.4081,265.4081,331.7602,331.7602,4.000000,4.000000,4.000000,5.000000,5.000000,96.000000,96.000000,96.000000,95.000000,95.000000,5.0,1459.7448,1337.1644,5175.4588,5298.0391,PENDING_AG03,FALSE,NOT_FOR_ENFORCEMENT,6369.7955,110565.8997,6635.2036,6369.7955,265.4081,0.05216136,0.05007491,265.4081,6369.7955,0.05007491,265.4081,265.4081,265.4081,331.7602,331.7602,6369.7955,0.05007491,1459.7448,1337.1644,5175.4588,5298.0391,0.04068586,0.04164951,0.00208645,29.8814,40.3832,2.3265,127.6001,7.3643,2446.2564,54.8462,43.4275,28.3160,5.1431,12.8578,28.9875,66.8604,128.5777,263.3173,7.8995,-2.6176,10.0,20.479237,2.324,28,180,56,8,0.15055597,0.05216136,0.11437665,0E-8,0.000000,0.905409,0.000000,-0.07324236,2026-03-22,2026-08-06,52,901,524,138,0.376812,1.533674,1.453326,0.501853,,,,,,,,GLOBAL_BASELINE_NO_ENTITY_RANKING,,,NOT_APPLICABLE_GLOBAL_BASELINE,HF9g-P5,,,,X 全窗基线 · 不参与实体赏罚,14191068,1420,A168_HF9F_20260827_0900,2026-08-27 09:00:00
2026-03-23,128173484,1331,0,15.7990362588,-15.7990362588,-15.7990362588,0E-7,1,1,0.50665070000000000,0.506650700000,-1.013391052207602,-1.013391052207602,-1.013391052207602,0E-17,ELIGIBLE,R03b_20260811_FULL_v1,L1_ELIGIBILITY,v2026-08-11,2026-03-21..2026-08-06,baccarat_bet02_101_all_pairs_incl_sentinel,round_win = game_pnl > 0 (decisive only),COMPATIBILITY_ONLY_NOT_PRODUCTION,127205.3315,115172.8122,6635.2036,4257,2852,-0.05216136,-0.11437665,-0.04113429,-0.05216136,-6635.2036,127205.3315,OK,0.0000,265.4081,4.0000,96.0000,AG03-UNRESOLVED,ALL5_LEVELS_bet23_to_bet27,265.4081,265.4081,265.4081,331.7602,331.7602,4.000000,4.000000,4.000000,5.000000,5.000000,96.000000,96.000000,96.000000,95.000000,95.000000,5.0,1459.7448,1337.1644,5175.4588,5298.0391,PENDING_AG03,FALSE,NOT_FOR_ENFORCEMENT,6369.7955,110565.8997,6635.2036,6369.7955,265.4081,0.05216136,0.05007491,265.4081,6369.7955,0.05007491,265.4081,265.4081,265.4081,331.7602,331.7602,6369.7955,0.05007491,1459.7448,1337.1644,5175.4588,5298.0391,0.04068586,0.04164951,0.00208645,29.8814,40.3832,2.3265,127.6001,7.3643,2446.2564,54.8462,43.4275,28.3160,5.1431,12.8578,28.9875,66.8604,128.5777,263.3173,7.8995,-2.6176,10.0,20.479237,2.324,28,180,56,8,0.15055597,0.05216136,0.11437665,0E-8,0.000000,0.905409,0.000000,-0.07324236,2026-03-22,2026-08-06,52,901,524,138,0.376812,1.533674,1.453326,0.501853,,,,,,,,GLOBAL_BASELINE_NO_ENTITY_RANKING,,,NOT_APPLICABLE_GLOBAL_BASELINE,HF9g-P5,,,,X 全窗基线 · 不参与实体赏罚,14191069,1420,A168_HF9F_20260827_0900,2026-08-27 09:00:00
2026-03-23,128173484,1354,0,27.3849961819,-27.3849961819,-27.3849961819,0E-7,4,2,0.40299889906827368,0.300626750000,-1.1619283860002536,-0.9272018728036208,-1.1619283860002536,0.10237214906827368,ELIGIBLE,R03b_20260811_FULL_v1,L1_ELIGIBILITY,v2026-08-11,2026-03-21..2026-08-06,baccarat_bet02_101_all_pairs_incl_sentinel,round_win = game_pnl > 0 (decisive only),COMPATIBILITY_ONLY_NOT_PRODUCTION,127205.3315,115172.8122,6635.2036,4257,2852,-0.05216136,-0.11437665,-0.04113429,-0.05216136,-6635.2036,127205.3315,OK,0.0000,265.4081,4.0000,96.0000,AG03-UNRESOLVED,ALL5_LEVELS_bet23_to_bet27,265.4081,265.4081,265.4081,331.7602,331.7602,4.000000,4.000000,4.000000,5.000000,5.000000,96.000000,96.000000,96.000000,95.000000,95.000000,5.0,1459.7448,1337.1644,5175.4588,5298.0391,PENDING_AG03,FALSE,NOT_FOR_ENFORCEMENT,6369.7955,110565.8997,6635.2036,6369.7955,265.4081,0.05216136,0.05007491,265.4081,6369.7955,0.05007491,265.4081,265.4081,265.4081,331.7602,331.7602,6369.7955,0.05007491,1459.7448,1337.1644,5175.4588,5298.0391,0.04068586,0.04164951,0.00208645,29.8814,40.3832,2.3265,127.6001,7.3643,2446.2564,54.8462,43.4275,28.3160,5.1431,12.8578,28.9875,66.8604,128.5777,263.3173,7.8995,-2.6176,10.0,20.479237,2.324,28,180,56,8,0.15055597,0.05216136,0.11437665,0E-8,0.000000,0.905409,0.000000,-0.07324236,2026-03-22,2026-08-06,52,901,524,138,0.376812,1.533674,1.453326,0.501853,,,,,,,,GLOBAL_BASELINE_NO_ENTITY_RANKING,,,NOT_APPLICABLE_GLOBAL_BASELINE,HF9g-P5,,,,X 全窗基线 · 不参与实体赏罚,14191070,1420,A168_HF9F_20260827_0900,2026-08-27 09:00:00
2026-03-23,128173484,1383,0,28.9648998078,23.0402612107,23.0402612107,1.0000000,3,2,0.46672787500000000,0.400287425000,1.5116720021503973,1.731014086397502,1.5116720021503973,0.06644045000000000,ELIGIBLE,R03b_20260811_FULL_v1,L1_ELIGIBILITY,v2026-08-11,2026-03-21..2026-08-06,baccarat_bet02_101_all_pairs_incl_sentinel,round_win = game_pnl > 0 (decisive only),COMPATIBILITY_ONLY_NOT_PRODUCTION,127205.3315,115172.8122,6635.2036,4257,2852,-0.05216136,-0.11437665,-0.04113429,-0.05216136,-6635.2036,127205.3315,OK,0.0000,265.4081,4.0000,96.0000,AG03-UNRESOLVED,ALL5_LEVELS_bet23_to_bet27,265.4081,265.4081,265.4081,331.7602,331.7602,4.000000,4.000000,4.000000,5.000000,5.000000,96.000000,96.000000,96.000000,95.000000,95.000000,5.0,1459.7448,1337.1644,5175.4588,5298.0391,PENDING_AG03,FALSE,NOT_FOR_ENFORCEMENT,6369.7955,110565.8997,6635.2036,6369.7955,265.4081,0.05216136,0.05007491,265.4081,6369.7955,0.05007491,265.4081,265.4081,265.4081,331.7602,331.7602,6369.7955,0.05007491,1459.7448,1337.1644,5175.4588,5298.0391,0.04068586,0.04164951,0.00208645,29.8814,40.3832,2.3265,127.6001,7.3643,2446.2564,54.8462,43.4275,28.3160,5.1431,12.8578,28.9875,66.8604,128.5777,263.3173,7.8995,-2.6176,10.0,20.479237,2.324,28,180,56,8,0.15055597,0.05216136,0.11437665,0E-8,0.000000,0.905409,0.000000,-0.07324236,2026-03-22,2026-08-06,52,901,524,138,0.376812,1.533674,1.453326,0.501853,,,,,,,,GLOBAL_BASELINE_NO_ENTITY_RANKING,,,NOT_APPLICABLE_GLOBAL_BASELINE,HF9g-P5,,,,X 全窗基线 · 不参与实体赏罚,14191071,1420,A168_HF9F_20260827_0900,2026-08-27 09:00:00
2026-03-23,128173484,1400,0,44.5006187956,42.2755878558,42.2755878558,1.0000000,1,1,0.50665070000000000,0.506650700000,0.9867858985152569,0.9867858985152569,0.9867858985152569,0E-17,ELIGIBLE,R03b_20260811_FULL_v1,L1_ELIGIBILITY,v2026-08-11,2026-03-21..2026-08-06,baccarat_bet02_101_all_pairs_incl_sentinel,round_win = game_pnl > 0 (decisive only),COMPATIBILITY_ONLY_NOT_PRODUCTION,127205.3315,115172.8122,6635.2036,4257,2852,-0.05216136,-0.11437665,-0.04113429,-0.05216136,-6635.2036,127205.3315,OK,0.0000,265.4081,4.0000,96.0000,AG03-UNRESOLVED,ALL5_LEVELS_bet23_to_bet27,265.4081,265.4081,265.4081,331.7602,331.7602,4.000000,4.000000,4.000000,5.000000,5.000000,96.000000,96.000000,96.000000,95.000000,95.000000,5.0,1459.7448,1337.1644,5175.4588,5298.0391,PENDING_AG03,FALSE,NOT_FOR_ENFORCEMENT,6369.7955,110565.8997,6635.2036,6369.7955,265.4081,0.05216136,0.05007491,265.4081,6369.7955,0.05007491,265.4081,265.4081,265.4081,331.7602,331.7602,6369.7955,0.05007491,1459.7448,1337.1644,5175.4588,5298.0391,0.04068586,0.04164951,0.00208645,29.8814,40.3832,2.3265,127.6001,7.3643,2446.2564,54.8462,43.4275,28.3160,5.1431,12.8578,28.9875,66.8604,128.5777,263.3173,7.8995,-2.6176,10.0,20.479237,2.324,28,180,56,8,0.15055597,0.05216136,0.11437665,0E-8,0.000000,0.905409,0.000000,-0.07324236,2026-03-22,2026-08-06,52,901,524,138,0.376812,1.533674,1.453326,0.501853,,,,,,,,GLOBAL_BASELINE_NO_ENTITY_RANKING,,,NOT_APPLICABLE_GLOBAL_BASELINE,HF9g-P5,,,,X 全窗基线 · 不参与实体赏罚,14191072,1420,A168_HF9F_20260827_0900,2026-08-27 09:00:00
2026-03-23,128173484,1405,0,13.1658635490,-2.6331727098,-2.6331727098,0.3333333,3,3,0.49771390000000000,0.497713900000,-0.5694369385616226,-0.5694369385616226,-0.5694369385616226,0E-17,ELIGIBLE,R03b_20260811_FULL_v1,L1_ELIGIBILITY,v2026-08-11,2026-03-21..2026-08-06,baccarat_bet02_101_all_pairs_incl_sentinel,round_win = game_pnl > 0 (decisive only),COMPATIBILITY_ONLY_NOT_PRODUCTION,127205.3315,115172.8122,6635.2036,4257,2852,-0.05216136,-0.11437665,-0.04113429,-0.05216136,-6635.2036,127205.3315,OK,0.0000,265.4081,4.0000,96.0000,AG03-UNRESOLVED,ALL5_LEVELS_bet23_to_bet27,265.4081,265.4081,265.4081,331.7602,331.7602,4.000000,4.000000,4.000000,5.000000,5.000000,96.000000,96.000000,96.000000,95.000000,95.000000,5.0,1459.7448,1337.1644,5175.4588,5298.0391,PENDING_AG03,FALSE,NOT_FOR_ENFORCEMENT,6369.7955,110565.8997,6635.2036,6369.7955,265.4081,0.05216136,0.05007491,265.4081,6369.7955,0.05007491,265.4081,265.4081,265.4081,331.7602,331.7602,6369.7955,0.05007491,1459.7448,1337.1644,5175.4588,5298.0391,0.04068586,0.04164951,0.00208645,29.8814,40.3832,2.3265,127.6001,7.3643,2446.2564,54.8462,43.4275,28.3160,5.1431,12.8578,28.9875,66.8604,128.5777,263.3173,7.8995,-2.6176,10.0,20.479237,2.324,28,180,56,8,0.15055597,0.05216136,0.11437665,0E-8,0.000000,0.905409,0.000000,-0.07324236,2026-03-22,2026-08-06,52,901,524,138,0.376812,1.533674,1.453326,0.501853,,,,,,,,GLOBAL_BASELINE_NO_ENTITY_RANKING,,,NOT_APPLICABLE_GLOBAL_BASELINE,HF9g-P5,,,,X 全窗基线 · 不参与实体赏罚,14191073,1420,A168_HF9F_20260827_0900,2026-08-27 09:00:00
2026-03-23,128173484,1491,0,84.7881612556,-74.2554704164,-74.2554704164,0.2000000,5,5,0.49860758000000000,0.498607580000,-1.3354188732730328,-1.3354188732730328,-1.3354188732730328,0E-17,ELIGIBLE,R03b_20260811_FULL_v1,L1_ELIGIBILITY,v2026-08-11,2026-03-21..2026-08-06,baccarat_bet02_101_all_pairs_incl_sentinel,round_win = game_pnl > 0 (decisive only),COMPATIBILITY_ONLY_NOT_PRODUCTION,127205.3315,115172.8122,6635.2036,4257,2852,-0.05216136,-0.11437665,-0.04113429,-0.05216136,-6635.2036,127205.3315,OK,0.0000,265.4081,4.0000,96.0000,AG03-UNRESOLVED,ALL5_LEVELS_bet23_to_bet27,265.4081,265.4081,265.4081,331.7602,331.7602,4.000000,4.000000,4.000000,5.000000,5.000000,96.000000,96.000000,96.000000,95.000000,95.000000,5.0,1459.7448,1337.1644,5175.4588,5298.0391,PENDING_AG03,FALSE,NOT_FOR_ENFORCEMENT,6369.7955,110565.8997,6635.2036,6369.7955,265.4081,0.05216136,0.05007491,265.4081,6369.7955,0.05007491,265.4081,265.4081,265.4081,331.7602,331.7602,6369.7955,0.05007491,1459.7448,1337.1644,5175.4588,5298.0391,0.04068586,0.04164951,0.00208645,29.8814,40.3832,2.3265,127.6001,7.3643,2446.2564,54.8462,43.4275,28.3160,5.1431,12.8578,28.9875,66.8604,128.5777,263.3173,7.8995,-2.6176,10.0,20.479237,2.324,28,180,56,8,0.15055597,0.05216136,0.11437665,0E-8,0.000000,0.905409,0.000000,-0.07324236,2026-03-22,2026-08-06,52,901,524,138,0.376812,1.533674,1.453326,0.501853,,,,,,,,GLOBAL_BASELINE_NO_ENTITY_RANKING,,,NOT_APPLICABLE_GLOBAL_BASELINE,HF9g-P5,,,,X 全窗基线 · 不参与实体赏罚,14191074,1420,A168_HF9F_20260827_0900,2026-08-27 09:00:00
2026-03-23,128173484,1509,0,42.1307633568,14.4824499038,14.4824499038,0.6666667,9,6,0.46491868035714286,0.420956741667,0.9908010105709232,1.219057203699229,0.9908010105709232,0.04396193869014286,ELIGIBLE,R03b_20260811_FULL_v1,L1_ELIGIBILITY,v2026-08-11,2026-03-21..2026-08-06,baccarat_bet02_101_all_pairs_incl_sentinel,round_win = game_pnl > 0 (decisive only),COMPATIBILITY_ONLY_NOT_PRODUCTION,127205.3315,115172.8122,6635.2036,4257,2852,-0.05216136,-0.11437665,-0.04113429,-0.05216136,-6635.2036,127205.3315,OK,0.0000,265.4081,4.0000,96.0000,AG03-UNRESOLVED,ALL5_LEVELS_bet23_to_bet27,265.4081,265.4081,265.4081,331.7602,331.7602,4.000000,4.000000,4.000000,5.000000,5.000000,96.000000,96.000000,96.000000,95.000000,95.000000,5.0,1459.7448,1337.1644,5175.4588,5298.0391,PENDING_AG03,FALSE,NOT_FOR_ENFORCEMENT,6369.7955,110565.8997,6635.2036,6369.7955,265.4081,0.05216136,0.05007491,265.4081,6369.7955,0.05007491,265.4081,265.4081,265.4081,331.7602,331.7602,6369.7955,0.05007491,1459.7448,1337.1644,5175.4588,5298.0391,0.04068586,0.04164951,0.00208645,29.8814,40.3832,2.3265,127.6001,7.3643,2446.2564,54.8462,43.4275,28.3160,5.1431,12.8578,28.9875,66.8604,128.5777,263.3173,7.8995,-2.6176,10.0,20.479237,2.324,28,180,56,8,0.15055597,0.05216136,0.11437665,0E-8,0.000000,0.905409,0.000000,-0.07324236,2026-03-22,2026-08-06,52,901,524,138,0.376812,1.533674,1.453326,0.501853,,,,,,,,GLOBAL_BASELINE_NO_ENTITY_RANKING,,,NOT_APPLICABLE_GLOBAL_BASELINE,HF9g-P5,,,,X 全窗基线 · 不参与实体赏罚,14191075,1420,A168_HF9F_20260827_0900,2026-08-27 09:00:00
2026-03-23,128173484,1623,0,23.6985543882,12.2442531005,12.2442531005,0.6666667,3,3,0.50218230000000000,0.502182300000,0.5697959874915163,0.5697959874915164,0.5697959874915163,0E-17,ELIGIBLE,R03b_20260811_FULL_v1,L1_ELIGIBILITY,v2026-08-11,2026-03-21..2026-08-06,baccarat_bet02_101_all_pairs_incl_sentinel,round_win = game_pnl > 0 (decisive only),COMPATIBILITY_ONLY_NOT_PRODUCTION,127205.3315,115172.8122,6635.2036,4257,2852,-0.05216136,-0.11437665,-0.04113429,-0.05216136,-6635.2036,127205.3315,OK,0.0000,265.4081,4.0000,96.0000,AG03-UNRESOLVED,ALL5_LEVELS_bet23_to_bet27,265.4081,265.4081,265.4081,331.7602,331.7602,4.000000,4.000000,4.000000,5.000000,5.000000,96.000000,96.000000,96.000000,95.000000,95.000000,5.0,1459.7448,1337.1644,5175.4588,5298.0391,PENDING_AG03,FALSE,NOT_FOR_ENFORCEMENT,6369.7955,110565.8997,6635.2036,6369.7955,265.4081,0.05216136,0.05007491,265.4081,6369.7955,0.05007491,265.4081,265.4081,265.4081,331.7602,331.7602,6369.7955,0.05007491,1459.7448,1337.1644,5175.4588,5298.0391,0.04068586,0.04164951,0.00208645,29.8814,40.3832,2.3265,127.6001,7.3643,2446.2564,54.8462,43.4275,28.3160,5.1431,12.8578,28.9875,66.8604,128.5777,263.3173,7.8995,-2.6176,10.0,20.479237,2.324,28,180,56,8,0.15055597,0.05216136,0.11437665,0E-8,0.000000,0.905409,0.000000,-0.07324236,2026-03-22,2026-08-06,52,901,524,138,0.376812,1.533674,1.453326,0.501853,,,,,,,,GLOBAL_BASELINE_NO_ENTITY_RANKING,,,NOT_APPLICABLE_GLOBAL_BASELINE,HF9g-P5,,,,X 全窗基线 · 不参与实体赏罚,14191076,1420,A168_HF9F_20260827_0900,2026-08-27 09:00:00
2026-03-23,128173484,1702,0,39.4975906470,11.8492771941,11.8492771941,0.5000000,2,2,0.50665070000000000,0.506650700000,-0.018812684590367487,-0.018812684590367487,-0.018812684590367487,0E-17,ELIGIBLE,R03b_20260811_FULL_v1,L1_ELIGIBILITY,v2026-08-11,2026-03-21..2026-08-06,baccarat_bet02_101_all_pairs_incl_sentinel,round_win = game_pnl > 0 (decisive only),COMPATIBILITY_ONLY_NOT_PRODUCTION,127205.3315,115172.8122,6635.2036,4257,2852,-0.05216136,-0.11437665,-0.04113429,-0.05216136,-6635.2036,127205.3315,OK,0.0000,265.4081,4.0000,96.0000,AG03-UNRESOLVED,ALL5_LEVELS_bet23_to_bet27,265.4081,265.4081,265.4081,331.7602,331.7602,4.000000,4.000000,4.000000,5.000000,5.000000,96.000000,96.000000,96.000000,95.000000,95.000000,5.0,1459.7448,1337.1644,5175.4588,5298.0391,PENDING_AG03,FALSE,NOT_FOR_ENFORCEMENT,6369.7955,110565.8997,6635.2036,6369.7955,265.4081,0.05216136,0.05007491,265.4081,6369.7955,0.05007491,265.4081,265.4081,265.4081,331.7602,331.7602,6369.7955,0.05007491,1459.7448,1337.1644,5175.4588,5298.0391,0.04068586,0.04164951,0.00208645,29.8814,40.3832,2.3265,127.6001,7.3643,2446.2564,54.8462,43.4275,28.3160,5.1431,12.8578,28.9875,66.8604,128.5777,263.3173,7.8995,-2.6176,10.0,20.479237,2.324,28,180,56,8,0.15055597,0.05216136,0.11437665,0E-8,0.000000,0.905409,0.000000,-0.07324236,2026-03-22,2026-08-06,52,901,524,138,0.376812,1.533674,1.453326,0.501853,,,,,,,,GLOBAL_BASELINE_NO_ENTITY_RANKING,,,NOT_APPLICABLE_GLOBAL_BASELINE,HF9g-P5,,,,X 全窗基线 · 不参与实体赏罚,14191077,1420,A168_HF9F_20260827_0900,2026-08-27 09:00:00
2026-03-23,128173484,1714,0,42.1307633568,-42.1307633568,-42.1307633568,0E-7,4,3,0.45865733333333333,0.434660650000,-1.594294945520985,-1.5187321349250682,-1.594294945520985,0.02399668333333333,ELIGIBLE,R03b_20260811_FULL_v1,L1_ELIGIBILITY,v2026-08-11,2026-03-21..2026-08-06,baccarat_bet02_101_all_pairs_incl_sentinel,round_win = game_pnl > 0 (decisive only),COMPATIBILITY_ONLY_NOT_PRODUCTION,127205.3315,115172.8122,6635.2036,4257,2852,-0.05216136,-0.11437665,-0.04113429,-0.05216136,-6635.2036,127205.3315,OK,0.0000,265.4081,4.0000,96.0000,AG03-UNRESOLVED,ALL5_LEVELS_bet23_to_bet27,265.4081,265.4081,265.4081,331.7602,331.7602,4.000000,4.000000,4.000000,5.000000,5.000000,96.000000,96.000000,96.000000,95.000000,95.000000,5.0,1459.7448,1337.1644,5175.4588,5298.0391,PENDING_AG03,FALSE,NOT_FOR_ENFORCEMENT,6369.7955,110565.8997,6635.2036,6369.7955,265.4081,0.05216136,0.05007491,265.4081,6369.7955,0.05007491,265.4081,265.4081,265.4081,331.7602,331.7602,6369.7955,0.05007491,1459.7448,1337.1644,5175.4588,5298.0391,0.04068586,0.04164951,0.00208645,29.8814,40.3832,2.3265,127.6001,7.3643,2446.2564,54.8462,43.4275,28.3160,5.1431,12.8578,28.9875,66.8604,128.5777,263.3173,7.8995,-2.6176,10.0,20.479237,2.324,28,180,56,8,0.15055597,0.05216136,0.11437665,0E-8,0.000000,0.905409,0.000000,-0.07324236,2026-03-22,2026-08-06,52,901,524,138,0.376812,1.533674,1.453326,0.501853,,,,,,,,GLOBAL_BASELINE_NO_ENTITY_RANKING,,,NOT_APPLICABLE_GLOBAL_BASELINE,HF9g-P5,,,,X 全窗基线 · 不参与实体赏罚,14191078,1420,A168_HF9F_20260827_0900,2026-08-27 09:00:00
2026-03-23,128173484,1940,0,13.4291808200,2.8964899808,2.8964899808,0.5000000,2,2,0.49994810000000000,0.499948100000,0.00014679536856514622,0.00014679536856514622,0.00014679536856514622,0E-17,ELIGIBLE,R03b_20260811_FULL_v1,L1_ELIGIBILITY,v2026-08-11,2026-03-21..2026-08-06,baccarat_bet02_101_all_pairs_incl_sentinel,round_win = game_pnl > 0 (decisive only),COMPATIBILITY_ONLY_NOT_PRODUCTION,127205.3315,115172.8122,6635.2036,4257,2852,-0.05216136,-0.11437665,-0.04113429,-0.05216136,-6635.2036,127205.3315,OK,0.0000,265.4081,4.0000,96.0000,AG03-UNRESOLVED,ALL5_LEVELS_bet23_to_bet27,265.4081,265.4081,265.4081,331.7602,331.7602,4.000000,4.000000,4.000000,5.000000,5.000000,96.000000,96.000000,96.000000,95.000000,95.000000,5.0,1459.7448,1337.1644,5175.4588,5298.0391,PENDING_AG03,FALSE,NOT_FOR_ENFORCEMENT,6369.7955,110565.8997,6635.2036,6369.7955,265.4081,0.05216136,0.05007491,265.4081,6369.7955,0.05007491,265.4081,265.4081,265.4081,331.7602,331.7602,6369.7955,0.05007491,1459.7448,1337.1644,5175.4588,5298.0391,0.04068586,0.04164951,0.00208645,29.8814,40.3832,2.3265,127.6001,7.3643,2446.2564,54.8462,43.4275,28.3160,5.1431,12.8578,28.9875,66.8604,128.5777,263.3173,7.8995,-2.6176,10.0,20.479237,2.324,28,180,56,8,0.15055597,0.05216136,0.11437665,0E-8,0.000000,0.905409,0.000000,-0.07324236,2026-03-22,2026-08-06,52,901,524,138,0.376812,1.533674,1.453326,0.501853,,,,,,,,GLOBAL_BASELINE_NO_ENTITY_RANKING,,,NOT_APPLICABLE_GLOBAL_BASELINE,HF9g-P5,,,,X 全窗基线 · 不参与实体赏罚,14191079,1420,A168_HF9F_20260827_0900,2026-08-27 09:00:00
2026-03-23,128173484,1949,0,18.4322089686,18.4322089686,18.4322089686,1.0000000,3,2,0.46395307500000000,0.391963025000,1.5201252524592606,1.7613977706689572,1.5201252524592606,0.07199005000000000,ELIGIBLE,R03b_20260811_FULL_v1,L1_ELIGIBILITY,v2026-08-11,2026-03-21..2026-08-06,baccarat_bet02_101_all_pairs_incl_sentinel,round_win = game_pnl > 0 (decisive only),COMPATIBILITY_ONLY_NOT_PRODUCTION,127205.3315,115172.8122,6635.2036,4257,2852,-0.05216136,-0.11437665,-0.04113429,-0.05216136,-6635.2036,127205.3315,OK,0.0000,265.4081,4.0000,96.0000,AG03-UNRESOLVED,ALL5_LEVELS_bet23_to_bet27,265.4081,265.4081,265.4081,331.7602,331.7602,4.000000,4.000000,4.000000,5.000000,5.000000,96.000000,96.000000,96.000000,95.000000,95.000000,5.0,1459.7448,1337.1644,5175.4588,5298.0391,PENDING_AG03,FALSE,NOT_FOR_ENFORCEMENT,6369.7955,110565.8997,6635.2036,6369.7955,265.4081,0.05216136,0.05007491,265.4081,6369.7955,0.05007491,265.4081,265.4081,265.4081,331.7602,331.7602,6369.7955,0.05007491,1459.7448,1337.1644,5175.4588,5298.0391,0.04068586,0.04164951,0.00208645,29.8814,40.3832,2.3265,127.6001,7.3643,2446.2564,54.8462,43.4275,28.3160,5.1431,12.8578,28.9875,66.8604,128.5777,263.3173,7.8995,-2.6176,10.0,20.479237,2.324,28,180,56,8,0.15055597,0.05216136,0.11437665,0E-8,0.000000,0.905409,0.000000,-0.07324236,2026-03-22,2026-08-06,52,901,524,138,0.376812,1.533674,1.453326,0.501853,,,,,,,,GLOBAL_BASELINE_NO_ENTITY_RANKING,,,NOT_APPLICABLE_GLOBAL_BASELINE,HF9g-P5,,,,X 全窗基线 · 不参与实体赏罚,14191080,1420,A168_HF9F_20260827_0900,2026-08-27 09:00:00
2026-03-23,128173484,1951,0,2.6331727098,-2.6331727098,-2.6331727098,0E-7,1,1,0.50665070000000000,0.506650700000,-1.013391052207602,-1.013391052207602,-1.013391052207602,0E-17,ELIGIBLE,R03b_20260811_FULL_v1,L1_ELIGIBILITY,v2026-08-11,2026-03-21..2026-08-06,baccarat_bet02_101_all_pairs_incl_sentinel,round_win = game_pnl > 0 (decisive only),COMPATIBILITY_ONLY_NOT_PRODUCTION,127205.3315,115172.8122,6635.2036,4257,2852,-0.05216136,-0.11437665,-0.04113429,-0.05216136,-6635.2036,127205.3315,OK,0.0000,265.4081,4.0000,96.0000,AG03-UNRESOLVED,ALL5_LEVELS_bet23_to_bet27,265.4081,265.4081,265.4081,331.7602,331.7602,4.000000,4.000000,4.000000,5.000000,5.000000,96.000000,96.000000,96.000000,95.000000,95.000000,5.0,1459.7448,1337.1644,5175.4588,5298.0391,PENDING_AG03,FALSE,NOT_FOR_ENFORCEMENT,6369.7955,110565.8997,6635.2036,6369.7955,265.4081,0.05216136,0.05007491,265.4081,6369.7955,0.05007491,265.4081,265.4081,265.4081,331.7602,331.7602,6369.7955,0.05007491,1459.7448,1337.1644,5175.4588,5298.0391,0.04068586,0.04164951,0.00208645,29.8814,40.3832,2.3265,127.6001,7.3643,2446.2564,54.8462,43.4275,28.3160,5.1431,12.8578,28.9875,66.8604,128.5777,263.3173,7.8995,-2.6176,10.0,20.479237,2.324,28,180,56,8,0.15055597,0.05216136,0.11437665,0E-8,0.000000,0.905409,0.000000,-0.07324236,2026-03-22,2026-08-06,52,901,524,138,0.376812,1.533674,1.453326,0.501853,,,,,,,,GLOBAL_BASELINE_NO_ENTITY_RANKING,,,NOT_APPLICABLE_GLOBAL_BASELINE,HF9g-P5,,,,X 全窗基线 · 不参与实体赏罚,14191081,1420,A168_HF9F_20260827_0900,2026-08-27 09:00:00
2026-03-23,128173484,2134,0,15.7990362588,9.8743976617,9.8743976617,1.0000000,2,1,0.43466065000000000,0.290680550000,1.1404583914031252,1.5621148022658344,1.1404583914031252,0.14398010000000000,ELIGIBLE,R03b_20260811_FULL_v1,L1_ELIGIBILITY,v2026-08-11,2026-03-21..2026-08-06,baccarat_bet02_101_all_pairs_incl_sentinel,round_win = game_pnl > 0 (decisive only),COMPATIBILITY_ONLY_NOT_PRODUCTION,127205.3315,115172.8122,6635.2036,4257,2852,-0.05216136,-0.11437665,-0.04113429,-0.05216136,-6635.2036,127205.3315,OK,0.0000,265.4081,4.0000,96.0000,AG03-UNRESOLVED,ALL5_LEVELS_bet23_to_bet27,265.4081,265.4081,265.4081,331.7602,331.7602,4.000000,4.000000,4.000000,5.000000,5.000000,96.000000,96.000000,96.000000,95.000000,95.000000,5.0,1459.7448,1337.1644,5175.4588,5298.0391,PENDING_AG03,FALSE,NOT_FOR_ENFORCEMENT,6369.7955,110565.8997,6635.2036,6369.7955,265.4081,0.05216136,0.05007491,265.4081,6369.7955,0.05007491,265.4081,265.4081,265.4081,331.7602,331.7602,6369.7955,0.05007491,1459.7448,1337.1644,5175.4588,5298.0391,0.04068586,0.04164951,0.00208645,29.8814,40.3832,2.3265,127.6001,7.3643,2446.2564,54.8462,43.4275,28.3160,5.1431,12.8578,28.9875,66.8604,128.5777,263.3173,7.8995,-2.6176,10.0,20.479237,2.324,28,180,56,8,0.15055597,0.05216136,0.11437665,0E-8,0.000000,0.905409,0.000000,-0.07324236,2026-03-22,2026-08-06,52,901,524,138,0.376812,1.533674,1.453326,0.501853,,,,,,,,GLOBAL_BASELINE_NO_ENTITY_RANKING,,,NOT_APPLICABLE_GLOBAL_BASELINE,HF9g-P5,,,,X 全窗基线 · 不参与实体赏罚,14191082,1420,A168_HF9F_20260827_0900,2026-08-27 09:00:00
2026-03-23,128173484,2141,0,14.2191326329,-14.2191326329,-14.2191326329,0E-7,2,2,0.49994810000000000,0.499948100000,-1.4140667746232096,-1.4140667746232096,-1.4140667746232096,0E-17,ELIGIBLE,R03b_20260811_FULL_v1,L1_ELIGIBILITY,v2026-08-11,2026-03-21..2026-08-06,baccarat_bet02_101_all_pairs_incl_sentinel,round_win = game_pnl > 0 (decisive only),COMPATIBILITY_ONLY_NOT_PRODUCTION,127205.3315,115172.8122,6635.2036,4257,2852,-0.05216136,-0.11437665,-0.04113429,-0.05216136,-6635.2036,127205.3315,OK,0.0000,265.4081,4.0000,96.0000,AG03-UNRESOLVED,ALL5_LEVELS_bet23_to_bet27,265.4081,265.4081,265.4081,331.7602,331.7602,4.000000,4.000000,4.000000,5.000000,5.000000,96.000000,96.000000,96.000000,95.000000,95.000000,5.0,1459.7448,1337.1644,5175.4588,5298.0391,PENDING_AG03,FALSE,NOT_FOR_ENFORCEMENT,6369.7955,110565.8997,6635.2036,6369.7955,265.4081,0.05216136,0.05007491,265.4081,6369.7955,0.05007491,265.4081,265.4081,265.4081,331.7602,331.7602,6369.7955,0.05007491,1459.7448,1337.1644,5175.4588,5298.0391,0.04068586,0.04164951,0.00208645,29.8814,40.3832,2.3265,127.6001,7.3643,2446.2564,54.8462,43.4275,28.3160,5.1431,12.8578,28.9875,66.8604,128.5777,263.3173,7.8995,-2.6176,10.0,20.479237,2.324,28,180,56,8,0.15055597,0.05216136,0.11437665,0E-8,0.000000,0.905409,0.000000,-0.07324236,2026-03-22,2026-08-06,52,901,524,138,0.376812,1.533674,1.453326,0.501853,,,,,,,,GLOBAL_BASELINE_NO_ENTITY_RANKING,,,NOT_APPLICABLE_GLOBAL_BASELINE,HF9g-P5,,,,X 全窗基线 · 不参与实体赏罚,14191083,1420,A168_HF9F_20260827_0900,2026-08-27 09:00:00
2026-03-23,128173484,2145,0,28.9648998078,-8.4261526714,-8.4261526714,0.6000000,6,5,0.48957084666666667,0.460773220000,0.493961652482618,0.6245661456295367,0.493961652482618,0.02879762666666667,ELIGIBLE,R03b_20260811_FULL_v1,L1_ELIGIBILITY,v2026-08-11,2026-03-21..2026-08-06,baccarat_bet02_101_all_pairs_incl_sentinel,round_win = game_pnl > 0 (decisive only),COMPATIBILITY_ONLY_NOT_PRODUCTION,127205.3315,115172.8122,6635.2036,4257,2852,-0.05216136,-0.11437665,-0.04113429,-0.05216136,-6635.2036,127205.3315,OK,0.0000,265.4081,4.0000,96.0000,AG03-UNRESOLVED,ALL5_LEVELS_bet23_to_bet27,265.4081,265.4081,265.4081,331.7602,331.7602,4.000000,4.000000,4.000000,5.000000,5.000000,96.000000,96.000000,96.000000,95.000000,95.000000,5.0,1459.7448,1337.1644,5175.4588,5298.0391,PENDING_AG03,FALSE,NOT_FOR_ENFORCEMENT,6369.7955,110565.8997,6635.2036,6369.7955,265.4081,0.05216136,0.05007491,265.4081,6369.7955,0.05007491,265.4081,265.4081,265.4081,331.7602,331.7602,6369.7955,0.05007491,1459.7448,1337.1644,5175.4588,5298.0391,0.04068586,0.04164951,0.00208645,29.8814,40.3832,2.3265,127.6001,7.3643,2446.2564,54.8462,43.4275,28.3160,5.1431,12.8578,28.9875,66.8604,128.5777,263.3173,7.8995,-2.6176,10.0,20.479237,2.324,28,180,56,8,0.15055597,0.05216136,0.11437665,0E-8,0.000000,0.905409,0.000000,-0.07324236,2026-03-22,2026-08-06,52,901,524,138,0.376812,1.533674,1.453326,0.501853,,,,,,,,GLOBAL_BASELINE_NO_ENTITY_RANKING,,,NOT_APPLICABLE_GLOBAL_BASELINE,HF9g-P5,,,,X 全窗基线 · 不参与实体赏罚,14191084,1420,A168_HF9F_20260827_0900,2026-08-27 09:00:00
2026-03-23,128173484,2160,0,21.5920162203,-21.5920162203,-21.5920162203,0E-7,2,2,0.49994810000000000,0.499948100000,-1.4140667746232096,-1.4140667746232096,-1.4140667746232096,0E-17,ELIGIBLE,R03b_20260811_FULL_v1,L1_ELIGIBILITY,v2026-08-11,2026-03-21..2026-08-06,baccarat_bet02_101_all_pairs_incl_sentinel,round_win = game_pnl > 0 (decisive only),COMPATIBILITY_ONLY_NOT_PRODUCTION,127205.3315,115172.8122,6635.2036,4257,2852,-0.05216136,-0.11437665,-0.04113429,-0.05216136,-6635.2036,127205.3315,OK,0.0000,265.4081,4.0000,96.0000,AG03-UNRESOLVED,ALL5_LEVELS_bet23_to_bet27,265.4081,265.4081,265.4081,331.7602,331.7602,4.000000,4.000000,4.000000,5.000000,5.000000,96.000000,96.000000,96.000000,95.000000,95.000000,5.0,1459.7448,1337.1644,5175.4588,5298.0391,PENDING_AG03,FALSE,NOT_FOR_ENFORCEMENT,6369.7955,110565.8997,6635.2036,6369.7955,265.4081,0.05216136,0.05007491,265.4081,6369.7955,0.05007491,265.4081,265.4081,265.4081,331.7602,331.7602,6369.7955,0.05007491,1459.7448,1337.1644,5175.4588,5298.0391,0.04068586,0.04164951,0.00208645,29.8814,40.3832,2.3265,127.6001,7.3643,2446.2564,54.8462,43.4275,28.3160,5.1431,12.8578,28.9875,66.8604,128.5777,263.3173,7.8995,-2.6176,10.0,20.479237,2.324,28,180,56,8,0.15055597,0.05216136,0.11437665,0E-8,0.000000,0.905409,0.000000,-0.07324236,2026-03-22,2026-08-06,52,901,524,138,0.376812,1.533674,1.453326,0.501853,,,,,,,,GLOBAL_BASELINE_NO_ENTITY_RANKING,,,NOT_APPLICABLE_GLOBAL_BASELINE,HF9g-P5,,,,X 全窗基线 · 不参与实体赏罚,14191085,1420,A168_HF9F_20260827_0900,2026-08-27 09:00:00
2026-03-23,128173484,2169,0,58.4564341576,-8.6894699424,-8.6894699424,0.3333333,12,7,0.42294200428571429,0.369576228571,-0.4442991887202553,-0.18392052750152513,-0.4442991887202553,0.05336577571471429,ELIGIBLE,R03b_20260811_FULL_v1,L1_ELIGIBILITY,v2026-08-11,2026-03-21..2026-08-06,baccarat_bet02_101_all_pairs_incl_sentinel,round_win = game_pnl > 0 (decisive only),COMPATIBILITY_ONLY_NOT_PRODUCTION,127205.3315,115172.8122,6635.2036,4257,2852,-0.05216136,-0.11437665,-0.04113429,-0.05216136,-6635.2036,127205.3315,OK,0.0000,265.4081,4.0000,96.0000,AG03-UNRESOLVED,ALL5_LEVELS_bet23_to_bet27,265.4081,265.4081,265.4081,331.7602,331.7602,4.000000,4.000000,4.000000,5.000000,5.000000,96.000000,96.000000,96.000000,95.000000,95.000000,5.0,1459.7448,1337.1644,5175.4588,5298.0391,PENDING_AG03,FALSE,NOT_FOR_ENFORCEMENT,6369.7955,110565.8997,6635.2036,6369.7955,265.4081,0.05216136,0.05007491,265.4081,6369.7955,0.05007491,265.4081,265.4081,265.4081,331.7602,331.7602,6369.7955,0.05007491,1459.7448,1337.1644,5175.4588,5298.0391,0.04068586,0.04164951,0.00208645,29.8814,40.3832,2.3265,127.6001,7.3643,2446.2564,54.8462,43.4275,28.3160,5.1431,12.8578,28.9875,66.8604,128.5777,263.3173,7.8995,-2.6176,10.0,20.479237,2.324,28,180,56,8,0.15055597,0.05216136,0.11437665,0E-8,0.000000,0.905409,0.000000,-0.07324236,2026-03-22,2026-08-06,52,901,524,138,0.376812,1.533674,1.453326,0.501853,,,,,,,,GLOBAL_BASELINE_NO_ENTITY_RANKING,,,NOT_APPLICABLE_GLOBAL_BASELINE,HF9g-P5,,,,X 全窗基线 · 不参与实体赏罚,14191086,1420,A168_HF9F_20260827_0900,2026-08-27 09:00:00
2026-03-23,128173484,2170,0,92.1610448430,-0.6582931775,-0.6582931775,0.4285714,14,8,0.43500925872597045,0.365399520833,-0.03435726771975978,0.34708738375545106,-0.03435726771975978,0.06960973789297045,ELIGIBLE,R03b_20260811_FULL_v1,L1_ELIGIBILITY,v2026-08-11,2026-03-21..2026-08-06,baccarat_bet02_101_all_pairs_incl_sentinel,round_win = game_pnl > 0 (decisive only),COMPATIBILITY_ONLY_NOT_PRODUCTION,127205.3315,115172.8122,6635.2036,4257,2852,-0.05216136,-0.11437665,-0.04113429,-0.05216136,-6635.2036,127205.3315,OK,0.0000,265.4081,4.0000,96.0000,AG03-UNRESOLVED,ALL5_LEVELS_bet23_to_bet27,265.4081,265.4081,265.4081,331.7602,331.7602,4.000000,4.000000,4.000000,5.000000,5.000000,96.000000,96.000000,96.000000,95.000000,95.000000,5.0,1459.7448,1337.1644,5175.4588,5298.0391,PENDING_AG03,FALSE,NOT_FOR_ENFORCEMENT,6369.7955,110565.8997,6635.2036,6369.7955,265.4081,0.05216136,0.05007491,265.4081,6369.7955,0.05007491,265.4081,265.4081,265.4081,331.7602,331.7602,6369.7955,0.05007491,1459.7448,1337.1644,5175.4588,5298.0391,0.04068586,0.04164951,0.00208645,29.8814,40.3832,2.3265,127.6001,7.3643,2446.2564,54.8462,43.4275,28.3160,5.1431,12.8578,28.9875,66.8604,128.5777,263.3173,7.8995,-2.6176,10.0,20.479237,2.324,28,180,56,8,0.15055597,0.05216136,0.11437665,0E-8,0.000000,0.905409,0.000000,-0.07324236,2026-03-22,2026-08-06,52,901,524,138,0.376812,1.533674,1.453326,0.501853,,,,,,,,GLOBAL_BASELINE_NO_ENTITY_RANKING,,,NOT_APPLICABLE_GLOBAL_BASELINE,HF9g-P5,,,,X 全窗基线 · 不参与实体赏罚,14191087,1420,A168_HF9F_20260827_0900,2026-08-27 09:00:00
2026-03-23,128173484,2174,0,90.8444584881,43.1840324407,43.1840324407,0.6250000,12,8,0.46943475156250000,0.415789412500,0.8816588306308236,1.200624572786217,0.8816588306308236,0.05364533906250000,ELIGIBLE,R03b_20260811_FULL_v1,L1_ELIGIBILITY,v2026-08-11,2026-03-21..2026-08-06,baccarat_bet02_101_all_pairs_incl_sentinel,round_win = game_pnl > 0 (decisive only),COMPATIBILITY_ONLY_NOT_PRODUCTION,127205.3315,115172.8122,6635.2036,4257,2852,-0.05216136,-0.11437665,-0.04113429,-0.05216136,-6635.2036,127205.3315,OK,0.0000,265.4081,4.0000,96.0000,AG03-UNRESOLVED,ALL5_LEVELS_bet23_to_bet27,265.4081,265.4081,265.4081,331.7602,331.7602,4.000000,4.000000,4.000000,5.000000,5.000000,96.000000,96.000000,96.000000,95.000000,95.000000,5.0,1459.7448,1337.1644,5175.4588,5298.0391,PENDING_AG03,FALSE,NOT_FOR_ENFORCEMENT,6369.7955,110565.8997,6635.2036,6369.7955,265.4081,0.05216136,0.05007491,265.4081,6369.7955,0.05007491,265.4081,265.4081,265.4081,331.7602,331.7602,6369.7955,0.05007491,1459.7448,1337.1644,5175.4588,5298.0391,0.04068586,0.04164951,0.00208645,29.8814,40.3832,2.3265,127.6001,7.3643,2446.2564,54.8462,43.4275,28.3160,5.1431,12.8578,28.9875,66.8604,128.5777,263.3173,7.8995,-2.6176,10.0,20.479237,2.324,28,180,56,8,0.15055597,0.05216136,0.11437665,0E-8,0.000000,0.905409,0.000000,-0.07324236,2026-03-22,2026-08-06,52,901,524,138,0.376812,1.533674,1.453326,0.501853,,,,,,,,GLOBAL_BASELINE_NO_ENTITY_RANKING,,,NOT_APPLICABLE_GLOBAL_BASELINE,HF9g-P5,,,,X 全窗基线 · 不参与实体赏罚,14191088,1420,A168_HF9F_20260827_0900,2026-08-27 09:00:00
2026-03-23,128173484,2177,0,30.2814861627,28.7674118545,28.7674118545,1.0000000,1,1,0.50665070000000000,0.506650700000,0.9867858985152569,0.9867858985152569,0.9867858985152569,0E-17,ELIGIBLE,R03b_20260811_FULL_v1,L1_ELIGIBILITY,v2026-08-11,2026-03-21..2026-08-06,baccarat_bet02_101_all_pairs_incl_sentinel,round_win = game_pnl > 0 (decisive only),COMPATIBILITY_ONLY_NOT_PRODUCTION,127205.3315,115172.8122,6635.2036,4257,2852,-0.05216136,-0.11437665,-0.04113429,-0.05216136,-6635.2036,127205.3315,OK,0.0000,265.4081,4.0000,96.0000,AG03-UNRESOLVED,ALL5_LEVELS_bet23_to_bet27,265.4081,265.4081,265.4081,331.7602,331.7602,4.000000,4.000000,4.000000,5.000000,5.000000,96.000000,96.000000,96.000000,95.000000,95.000000,5.0,1459.7448,1337.1644,5175.4588,5298.0391,PENDING_AG03,FALSE,NOT_FOR_ENFORCEMENT,6369.7955,110565.8997,6635.2036,6369.7955,265.4081,0.05216136,0.05007491,265.4081,6369.7955,0.05007491,265.4081,265.4081,265.4081,331.7602,331.7602,6369.7955,0.05007491,1459.7448,1337.1644,5175.4588,5298.0391,0.04068586,0.04164951,0.00208645,29.8814,40.3832,2.3265,127.6001,7.3643,2446.2564,54.8462,43.4275,28.3160,5.1431,12.8578,28.9875,66.8604,128.5777,263.3173,7.8995,-2.6176,10.0,20.479237,2.324,28,180,56,8,0.15055597,0.05216136,0.11437665,0E-8,0.000000,0.905409,0.000000,-0.07324236,2026-03-22,2026-08-06,52,901,524,138,0.376812,1.533674,1.453326,0.501853,,,,,,,,GLOBAL_BASELINE_NO_ENTITY_RANKING,,,NOT_APPLICABLE_GLOBAL_BASELINE,HF9g-P5,,,,X 全窗基线 · 不参与实体赏罚,14191089,1420,A168_HF9F_20260827_0900,2026-08-27 09:00:00
2026-03-23,128173484,2212,0,8.6894699423,2.5015140743,2.5015140743,1.0000000,2,2,0.50665070000000000,0.506650700000,0.9867858985152569,0.9867858985152569,0.9867858985152569,0E-17,ELIGIBLE,R03b_20260811_FULL_v1,L1_ELIGIBILITY,v2026-08-11,2026-03-21..2026-08-06,baccarat_bet02_101_all_pairs_incl_sentinel,round_win = game_pnl > 0 (decisive only),COMPATIBILITY_ONLY_NOT_PRODUCTION,127205.3315,115172.8122,6635.2036,4257,2852,-0.05216136,-0.11437665,-0.04113429,-0.05216136,-6635.2036,127205.3315,OK,0.0000,265.4081,4.0000,96.0000,AG03-UNRESOLVED,ALL5_LEVELS_bet23_to_bet27,265.4081,265.4081,265.4081,331.7602,331.7602,4.000000,4.000000,4.000000,5.000000,5.000000,96.000000,96.000000,96.000000,95.000000,95.000000,5.0,1459.7448,1337.1644,5175.4588,5298.0391,PENDING_AG03,FALSE,NOT_FOR_ENFORCEMENT,6369.7955,110565.8997,6635.2036,6369.7955,265.4081,0.05216136,0.05007491,265.4081,6369.7955,0.05007491,265.4081,265.4081,265.4081,331.7602,331.7602,6369.7955,0.05007491,1459.7448,1337.1644,5175.4588,5298.0391,0.04068586,0.04164951,0.00208645,29.8814,40.3832,2.3265,127.6001,7.3643,2446.2564,54.8462,43.4275,28.3160,5.1431,12.8578,28.9875,66.8604,128.5777,263.3173,7.8995,-2.6176,10.0,20.479237,2.324,28,180,56,8,0.15055597,0.05216136,0.11437665,0E-8,0.000000,0.905409,0.000000,-0.07324236,2026-03-22,2026-08-06,52,901,524,138,0.376812,1.533674,1.453326,0.501853,,,,,,,,GLOBAL_BASELINE_NO_ENTITY_RANKING,,,NOT_APPLICABLE_GLOBAL_BASELINE,HF9g-P5,,,,X 全窗基线 · 不参与实体赏罚,14191090,1420,A168_HF9F_20260827_0900,2026-08-27 09:00:00
2026-03-23,128173484,2224,0,5.2663454196,-5.2663454196,-5.2663454196,0E-7,1,1,0.50665070000000000,0.506650700000,-1.013391052207602,-1.013391052207602,-1.013391052207602,0E-17,ELIGIBLE,R03b_20260811_FULL_v1,L1_ELIGIBILITY,v2026-08-11,2026-03-21..2026-08-06,baccarat_bet02_101_all_pairs_incl_sentinel,round_win = game_pnl > 0 (decisive only),COMPATIBILITY_ONLY_NOT_PRODUCTION,127205.3315,115172.8122,6635.2036,4257,2852,-0.05216136,-0.11437665,-0.04113429,-0.05216136,-6635.2036,127205.3315,OK,0.0000,265.4081,4.0000,96.0000,AG03-UNRESOLVED,ALL5_LEVELS_bet23_to_bet27,265.4081,265.4081,265.4081,331.7602,331.7602,4.000000,4.000000,4.000000,5.000000,5.000000,96.000000,96.000000,96.000000,95.000000,95.000000,5.0,1459.7448,1337.1644,5175.4588,5298.0391,PENDING_AG03,FALSE,NOT_FOR_ENFORCEMENT,6369.7955,110565.8997,6635.2036,6369.7955,265.4081,0.05216136,0.05007491,265.4081,6369.7955,0.05007491,265.4081,265.4081,265.4081,331.7602,331.7602,6369.7955,0.05007491,1459.7448,1337.1644,5175.4588,5298.0391,0.04068586,0.04164951,0.00208645,29.8814,40.3832,2.3265,127.6001,7.3643,2446.2564,54.8462,43.4275,28.3160,5.1431,12.8578,28.9875,66.8604,128.5777,263.3173,7.8995,-2.6176,10.0,20.479237,2.324,28,180,56,8,0.15055597,0.05216136,0.11437665,0E-8,0.000000,0.905409,0.000000,-0.07324236,2026-03-22,2026-08-06,52,901,524,138,0.376812,1.533674,1.453326,0.501853,,,,,,,,GLOBAL_BASELINE_NO_ENTITY_RANKING,,,NOT_APPLICABLE_GLOBAL_BASELINE,HF9g-P5,,,,X 全窗基线 · 不参与实体赏罚,14191091,1420,A168_HF9F_20260827_0900,2026-08-27 09:00:00
2026-03-23,128173484,2235,0,85.5781130685,-85.5781130685,-85.5781130685,0E-7,3,3,0.50218230000000000,0.502182300000,-1.7396270863184011,-1.7396270863184016,-1.7396270863184011,0E-17,ELIGIBLE,R03b_20260811_FULL_v1,L1_ELIGIBILITY,v2026-08-11,2026-03-21..2026-08-06,baccarat_bet02_101_all_pairs_incl_sentinel,round_win = game_pnl > 0 (decisive only),COMPATIBILITY_ONLY_NOT_PRODUCTION,127205.3315,115172.8122,6635.2036,4257,2852,-0.05216136,-0.11437665,-0.04113429,-0.05216136,-6635.2036,127205.3315,OK,0.0000,265.4081,4.0000,96.0000,AG03-UNRESOLVED,ALL5_LEVELS_bet23_to_bet27,265.4081,265.4081,265.4081,331.7602,331.7602,4.000000,4.000000,4.000000,5.000000,5.000000,96.000000,96.000000,96.000000,95.000000,95.000000,5.0,1459.7448,1337.1644,5175.4588,5298.0391,PENDING_AG03,FALSE,NOT_FOR_ENFORCEMENT,6369.7955,110565.8997,6635.2036,6369.7955,265.4081,0.05216136,0.05007491,265.4081,6369.7955,0.05007491,265.4081,265.4081,265.4081,331.7602,331.7602,6369.7955,0.05007491,1459.7448,1337.1644,5175.4588,5298.0391,0.04068586,0.04164951,0.00208645,29.8814,40.3832,2.3265,127.6001,7.3643,2446.2564,54.8462,43.4275,28.3160,5.1431,12.8578,28.9875,66.8604,128.5777,263.3173,7.8995,-2.6176,10.0,20.479237,2.324,28,180,56,8,0.15055597,0.05216136,0.11437665,0E-8,0.000000,0.905409,0.000000,-0.07324236,2026-03-22,2026-08-06,52,901,524,138,0.376812,1.533674,1.453326,0.501853,,,,,,,,GLOBAL_BASELINE_NO_ENTITY_RANKING,,,NOT_APPLICABLE_GLOBAL_BASELINE,HF9g-P5,,,,X 全窗基线 · 不参与实体赏罚,14191092,1420,A168_HF9F_20260827_0900,2026-08-27 09:00:00
2026-03-23,128173484,2239,0,52.9267714670,35.9428074887,35.9428074887,0.8333333,8,6,0.47820289357916716,0.432967050000,1.7414322831891431,1.9792540861048273,1.7414322831891431,0.04523584357916716,ELIGIBLE,R03b_20260811_FULL_v1,L1_ELIGIBILITY,v2026-08-11,2026-03-21..2026-08-06,baccarat_bet02_101_all_pairs_incl_sentinel,round_win = game_pnl > 0 (decisive only),COMPATIBILITY_ONLY_NOT_PRODUCTION,127205.3315,115172.8122,6635.2036,4257,2852,-0.05216136,-0.11437665,-0.04113429,-0.05216136,-6635.2036,127205.3315,OK,0.0000,265.4081,4.0000,96.0000,AG03-UNRESOLVED,ALL5_LEVELS_bet23_to_bet27,265.4081,265.4081,265.4081,331.7602,331.7602,4.000000,4.000000,4.000000,5.000000,5.000000,96.000000,96.000000,96.000000,95.000000,95.000000,5.0,1459.7448,1337.1644,5175.4588,5298.0391,PENDING_AG03,FALSE,NOT_FOR_ENFORCEMENT,6369.7955,110565.8997,6635.2036,6369.7955,265.4081,0.05216136,0.05007491,265.4081,6369.7955,0.05007491,265.4081,265.4081,265.4081,331.7602,331.7602,6369.7955,0.05007491,1459.7448,1337.1644,5175.4588,5298.0391,0.04068586,0.04164951,0.00208645,29.8814,40.3832,2.3265,127.6001,7.3643,2446.2564,54.8462,43.4275,28.3160,5.1431,12.8578,28.9875,66.8604,128.5777,263.3173,7.8995,-2.6176,10.0,20.479237,2.324,28,180,56,8,0.15055597,0.05216136,0.11437665,0E-8,0.000000,0.905409,0.000000,-0.07324236,2026-03-22,2026-08-06,52,901,524,138,0.376812,1.533674,1.453326,0.501853,,,,,,,,GLOBAL_BASELINE_NO_ENTITY_RANKING,,,NOT_APPLICABLE_GLOBAL_BASELINE,HF9g-P5,,,,X 全窗基线 · 不参与实体赏罚,14191093,1420,A168_HF9F_20260827_0900,2026-08-27 09:00:00
2026-03-23,128173484,2241,0,71.0956631646,-3.4231245228,-3.4231245228,0.3333333,10,6,0.39169606269841270,0.293993941667,-0.2928709541651037,0.2115094912445486,-0.2928709541651037,0.09770212103141270,ELIGIBLE,R03b_20260811_FULL_v1,L1_ELIGIBILITY,v2026-08-11,2026-03-21..2026-08-06,baccarat_bet02_101_all_pairs_incl_sentinel,round_win = game_pnl > 0 (decisive only),COMPATIBILITY_ONLY_NOT_PRODUCTION,127205.3315,115172.8122,6635.2036,4257,2852,-0.05216136,-0.11437665,-0.04113429,-0.05216136,-6635.2036,127205.3315,OK,0.0000,265.4081,4.0000,96.0000,AG03-UNRESOLVED,ALL5_LEVELS_bet23_to_bet27,265.4081,265.4081,265.4081,331.7602,331.7602,4.000000,4.000000,4.000000,5.000000,5.000000,96.000000,96.000000,96.000000,95.000000,95.000000,5.0,1459.7448,1337.1644,5175.4588,5298.0391,PENDING_AG03,FALSE,NOT_FOR_ENFORCEMENT,6369.7955,110565.8997,6635.2036,6369.7955,265.4081,0.05216136,0.05007491,265.4081,6369.7955,0.05007491,265.4081,265.4081,265.4081,331.7602,331.7602,6369.7955,0.05007491,1459.7448,1337.1644,5175.4588,5298.0391,0.04068586,0.04164951,0.00208645,29.8814,40.3832,2.3265,127.6001,7.3643,2446.2564,54.8462,43.4275,28.3160,5.1431,12.8578,28.9875,66.8604,128.5777,263.3173,7.8995,-2.6176,10.0,20.479237,2.324,28,180,56,8,0.15055597,0.05216136,0.11437665,0E-8,0.000000,0.905409,0.000000,-0.07324236,2026-03-22,2026-08-06,52,901,524,138,0.376812,1.533674,1.453326,0.501853,,,,,,,,GLOBAL_BASELINE_NO_ENTITY_RANKING,,,NOT_APPLICABLE_GLOBAL_BASELINE,HF9g-P5,,,,X 全窗基线 · 不参与实体赏罚,14191094,1420,A168_HF9F_20260827_0900,2026-08-27 09:00:00
2026-03-23,128173484,2242,0,88.4746030492,25.0414724702,25.0414724702,0.7500000,15,8,0.40849963637641597,0.342161006250,1.965001195017384,2.431412675277376,1.965001195017384,0.06633863012641597,ELIGIBLE,R03b_20260811_FULL_v1,L1_ELIGIBILITY,v2026-08-11,2026-03-21..2026-08-06,baccarat_bet02_101_all_pairs_incl_sentinel,round_win = game_pnl > 0 (decisive only),COMPATIBILITY_ONLY_NOT_PRODUCTION,127205.3315,115172.8122,6635.2036,4257,2852,-0.05216136,-0.11437665,-0.04113429,-0.05216136,-6635.2036,127205.3315,OK,0.0000,265.4081,4.0000,96.0000,AG03-UNRESOLVED,ALL5_LEVELS_bet23_to_bet27,265.4081,265.4081,265.4081,331.7602,331.7602,4.000000,4.000000,4.000000,5.000000,5.000000,96.000000,96.000000,96.000000,95.000000,95.000000,5.0,1459.7448,1337.1644,5175.4588,5298.0391,PENDING_AG03,FALSE,NOT_FOR_ENFORCEMENT,6369.7955,110565.8997,6635.2036,6369.7955,265.4081,0.05216136,0.05007491,265.4081,6369.7955,0.05007491,265.4081,265.4081,265.4081,331.7602,331.7602,6369.7955,0.05007491,1459.7448,1337.1644,5175.4588,5298.0391,0.04068586,0.04164951,0.00208645,29.8814,40.3832,2.3265,127.6001,7.3643,2446.2564,54.8462,43.4275,28.3160,5.1431,12.8578,28.9875,66.8604,128.5777,263.3173,7.8995,-2.6176,10.0,20.479237,2.324,28,180,56,8,0.15055597,0.05216136,0.11437665,0E-8,0.000000,0.905409,0.000000,-0.07324236,2026-03-22,2026-08-06,52,901,524,138,0.376812,1.533674,1.453326,0.501853,,,,,,,,GLOBAL_BASELINE_NO_ENTITY_RANKING,,,NOT_APPLICABLE_GLOBAL_BASELINE,HF9g-P5,,,,X 全窗基线 · 不参与实体赏罚,14191095,1420,A168_HF9F_20260827_0900,2026-08-27 09:00:00
2026-03-23,128173484,2250,0,11.8492771941,6.5829317745,6.5829317745,1.0000000,3,2,0.42680505000000000,0.393584825000,1.638896021176765,1.7554192453407476,1.638896021176765,0.03322022500000000,ELIGIBLE,R03b_20260811_FULL_v1,L1_ELIGIBILITY,v2026-08-11,2026-03-21..2026-08-06,baccarat_bet02_101_all_pairs_incl_sentinel,round_win = game_pnl > 0 (decisive only),COMPATIBILITY_ONLY_NOT_PRODUCTION,127205.3315,115172.8122,6635.2036,4257,2852,-0.05216136,-0.11437665,-0.04113429,-0.05216136,-6635.2036,127205.3315,OK,0.0000,265.4081,4.0000,96.0000,AG03-UNRESOLVED,ALL5_LEVELS_bet23_to_bet27,265.4081,265.4081,265.4081,331.7602,331.7602,4.000000,4.000000,4.000000,5.000000,5.000000,96.000000,96.000000,96.000000,95.000000,95.000000,5.0,1459.7448,1337.1644,5175.4588,5298.0391,PENDING_AG03,FALSE,NOT_FOR_ENFORCEMENT,6369.7955,110565.8997,6635.2036,6369.7955,265.4081,0.05216136,0.05007491,265.4081,6369.7955,0.05007491,265.4081,265.4081,265.4081,331.7602,331.7602,6369.7955,0.05007491,1459.7448,1337.1644,5175.4588,5298.0391,0.04068586,0.04164951,0.00208645,29.8814,40.3832,2.3265,127.6001,7.3643,2446.2564,54.8462,43.4275,28.3160,5.1431,12.8578,28.9875,66.8604,128.5777,263.3173,7.8995,-2.6176,10.0,20.479237,2.324,28,180,56,8,0.15055597,0.05216136,0.11437665,0E-8,0.000000,0.905409,0.000000,-0.07324236,2026-03-22,2026-08-06,52,901,524,138,0.376812,1.533674,1.453326,0.501853,,,,,,,,GLOBAL_BASELINE_NO_ENTITY_RANKING,,,NOT_APPLICABLE_GLOBAL_BASELINE,HF9g-P5,,,,X 全窗基线 · 不参与实体赏罚,14191096,1420,A168_HF9F_20260827_0900,2026-08-27 09:00:00
2026-03-23,128173484,2251,0,119.2827237540,-65.6449956554,-65.6449956554,0.4444444,13,9,0.46491071817438169,0.410278294444,-0.12310115503296458,0.20837925009885824,-0.12310115503296458,0.05463242373038169,ELIGIBLE,R03b_20260811_FULL_v1,L1_ELIGIBILITY,v2026-08-11,2026-03-21..2026-08-06,baccarat_bet02_101_all_pairs_incl_sentinel,round_win = game_pnl > 0 (decisive only),COMPATIBILITY_ONLY_NOT_PRODUCTION,127205.3315,115172.8122,6635.2036,4257,2852,-0.05216136,-0.11437665,-0.04113429,-0.05216136,-6635.2036,127205.3315,OK,0.0000,265.4081,4.0000,96.0000,AG03-UNRESOLVED,ALL5_LEVELS_bet23_to_bet27,265.4081,265.4081,265.4081,331.7602,331.7602,4.000000,4.000000,4.000000,5.000000,5.000000,96.000000,96.000000,96.000000,95.000000,95.000000,5.0,1459.7448,1337.1644,5175.4588,5298.0391,PENDING_AG03,FALSE,NOT_FOR_ENFORCEMENT,6369.7955,110565.8997,6635.2036,6369.7955,265.4081,0.05216136,0.05007491,265.4081,6369.7955,0.05007491,265.4081,265.4081,265.4081,331.7602,331.7602,6369.7955,0.05007491,1459.7448,1337.1644,5175.4588,5298.0391,0.04068586,0.04164951,0.00208645,29.8814,40.3832,2.3265,127.6001,7.3643,2446.2564,54.8462,43.4275,28.3160,5.1431,12.8578,28.9875,66.8604,128.5777,263.3173,7.8995,-2.6176,10.0,20.479237,2.324,28,180,56,8,0.15055597,0.05216136,0.11437665,0E-8,0.000000,0.905409,0.000000,-0.07324236,2026-03-22,2026-08-06,52,901,524,138,0.376812,1.533674,1.453326,0.501853,,,,,,,,GLOBAL_BASELINE_NO_ENTITY_RANKING,,,NOT_APPLICABLE_GLOBAL_BASELINE,HF9g-P5,,,,X 全窗基线 · 不参与实体赏罚,14191097,1420,A168_HF9F_20260827_0900,2026-08-27 09:00:00
2026-03-23,128173484,526,0,26.8583616400,28.1617821312,28.1617821312,0.6000000,7,6,0.48004807580634306,0.470079175000,0.5368689161277047,0.582066724679158,0.5368689161277047,0.00996890080634306,ELIGIBLE,R03b_20260811_FULL_v1,L1_ELIGIBILITY,v2026-08-11,2026-03-21..2026-08-06,baccarat_bet02_101_all_pairs_incl_sentinel,round_win = game_pnl > 0 (decisive only),COMPATIBILITY_ONLY_NOT_PRODUCTION,127205.3315,115172.8122,6635.2036,4257,2852,-0.05216136,-0.11437665,-0.04113429,-0.05216136,-6635.2036,127205.3315,OK,0.0000,265.4081,4.0000,96.0000,AG03-UNRESOLVED,ALL5_LEVELS_bet23_to_bet27,265.4081,265.4081,265.4081,331.7602,331.7602,4.000000,4.000000,4.000000,5.000000,5.000000,96.000000,96.000000,96.000000,95.000000,95.000000,5.0,1459.7448,1337.1644,5175.4588,5298.0391,PENDING_AG03,FALSE,NOT_FOR_ENFORCEMENT,6369.7955,110565.8997,6635.2036,6369.7955,265.4081,0.05216136,0.05007491,265.4081,6369.7955,0.05007491,265.4081,265.4081,265.4081,331.7602,331.7602,6369.7955,0.05007491,1459.7448,1337.1644,5175.4588,5298.0391,0.04068586,0.04164951,0.00208645,29.8814,40.3832,2.3265,127.6001,7.3643,2446.2564,54.8462,43.4275,28.3160,5.1431,12.8578,28.9875,66.8604,128.5777,263.3173,7.8995,-2.6176,10.0,20.479237,2.324,28,180,56,8,0.15055597,0.05216136,0.11437665,0E-8,0.000000,0.905409,0.000000,-0.07324236,2026-03-22,2026-08-06,52,901,524,138,0.376812,1.533674,1.453326,0.501853,,,,,,,,GLOBAL_BASELINE_NO_ENTITY_RANKING,,,NOT_APPLICABLE_GLOBAL_BASELINE,HF9g-P5,,,,X 全窗基线 · 不参与实体赏罚,14191098,1420,A168_HF9F_20260827_0900,2026-08-27 09:00:00
2026-03-23,128173484,763,0,86.8946994234,75.0454222293,75.0454222293,1.0000000,5,3,0.41818435000000000,0.359283400000,1.6681066333573882,1.8885540114800172,1.6681066333573882,0.05890095000000000,ELIGIBLE,R03b_20260811_FULL_v1,L1_ELIGIBILITY,v2026-08-11,2026-03-21..2026-08-06,baccarat_bet02_101_all_pairs_incl_sentinel,round_win = game_pnl > 0 (decisive only),COMPATIBILITY_ONLY_NOT_PRODUCTION,127205.3315,115172.8122,6635.2036,4257,2852,-0.05216136,-0.11437665,-0.04113429,-0.05216136,-6635.2036,127205.3315,OK,0.0000,265.4081,4.0000,96.0000,AG03-UNRESOLVED,ALL5_LEVELS_bet23_to_bet27,265.4081,265.4081,265.4081,331.7602,331.7602,4.000000,4.000000,4.000000,5.000000,5.000000,96.000000,96.000000,96.000000,95.000000,95.000000,5.0,1459.7448,1337.1644,5175.4588,5298.0391,PENDING_AG03,FALSE,NOT_FOR_ENFORCEMENT,6369.7955,110565.8997,6635.2036,6369.7955,265.4081,0.05216136,0.05007491,265.4081,6369.7955,0.05007491,265.4081,265.4081,265.4081,331.7602,331.7602,6369.7955,0.05007491,1459.7448,1337.1644,5175.4588,5298.0391,0.04068586,0.04164951,0.00208645,29.8814,40.3832,2.3265,127.6001,7.3643,2446.2564,54.8462,43.4275,28.3160,5.1431,12.8578,28.9875,66.8604,128.5777,263.3173,7.8995,-2.6176,10.0,20.479237,2.324,28,180,56,8,0.15055597,0.05216136,0.11437665,0E-8,0.000000,0.905409,0.000000,-0.07324236,2026-03-22,2026-08-06,52,901,524,138,0.376812,1.533674,1.453326,0.501853,,,,,,,,GLOBAL_BASELINE_NO_ENTITY_RANKING,,,NOT_APPLICABLE_GLOBAL_BASELINE,HF9g-P5,,,,X 全窗基线 · 不参与实体赏罚,14191099,1420,A168_HF9F_20260827_0900,2026-08-27 09:00:00
2026-03-23,128173484,919,0,110.5932538115,53.8483819153,53.8483819153,0.7500000,7,4,0.47009754632351555,0.377298862500,1.1216174149565252,1.5378293186147094,1.1216174149565252,0.09279868382351555,ELIGIBLE,R03b_20260811_FULL_v1,L1_ELIGIBILITY,v2026-08-11,2026-03-21..2026-08-06,baccarat_bet02_101_all_pairs_incl_sentinel,round_win = game_pnl > 0 (decisive only),COMPATIBILITY_ONLY_NOT_PRODUCTION,127205.3315,115172.8122,6635.2036,4257,2852,-0.05216136,-0.11437665,-0.04113429,-0.05216136,-6635.2036,127205.3315,OK,0.0000,265.4081,4.0000,96.0000,AG03-UNRESOLVED,ALL5_LEVELS_bet23_to_bet27,265.4081,265.4081,265.4081,331.7602,331.7602,4.000000,4.000000,4.000000,5.000000,5.000000,96.000000,96.000000,96.000000,95.000000,95.000000,5.0,1459.7448,1337.1644,5175.4588,5298.0391,PENDING_AG03,FALSE,NOT_FOR_ENFORCEMENT,6369.7955,110565.8997,6635.2036,6369.7955,265.4081,0.05216136,0.05007491,265.4081,6369.7955,0.05007491,265.4081,265.4081,265.4081,331.7602,331.7602,6369.7955,0.05007491,1459.7448,1337.1644,5175.4588,5298.0391,0.04068586,0.04164951,0.00208645,29.8814,40.3832,2.3265,127.6001,7.3643,2446.2564,54.8462,43.4275,28.3160,5.1431,12.8578,28.9875,66.8604,128.5777,263.3173,7.8995,-2.6176,10.0,20.479237,2.324,28,180,56,8,0.15055597,0.05216136,0.11437665,0E-8,0.000000,0.905409,0.000000,-0.07324236,2026-03-22,2026-08-06,52,901,524,138,0.376812,1.533674,1.453326,0.501853,,,,,,,,GLOBAL_BASELINE_NO_ENTITY_RANKING,,,NOT_APPLICABLE_GLOBAL_BASELINE,HF9g-P5,,,,X 全窗基线 · 不参与实体赏罚,14191100,1420,A168_HF9F_20260827_0900,2026-08-27 09:00:00
2026-03-23,128173484,925,0,134.2918081997,50.0302814861,50.0302814861,0.3333333,10,6,0.43401740416666667,0.361481700000,-0.49760104163518565,-0.1435155608143803,-0.49760104163518565,0.07253570416666667,ELIGIBLE,R03b_20260811_FULL_v1,L1_ELIGIBILITY,v2026-08-11,2026-03-21..2026-08-06,baccarat_bet02_101_all_pairs_incl_sentinel,round_win = game_pnl > 0 (decisive only),COMPATIBILITY_ONLY_NOT_PRODUCTION,127205.3315,115172.8122,6635.2036,4257,2852,-0.05216136,-0.11437665,-0.04113429,-0.05216136,-6635.2036,127205.3315,OK,0.0000,265.4081,4.0000,96.0000,AG03-UNRESOLVED,ALL5_LEVELS_bet23_to_bet27,265.4081,265.4081,265.4081,331.7602,331.7602,4.000000,4.000000,4.000000,5.000000,5.000000,96.000000,96.000000,96.000000,95.000000,95.000000,5.0,1459.7448,1337.1644,5175.4588,5298.0391,PENDING_AG03,FALSE,NOT_FOR_ENFORCEMENT,6369.7955,110565.8997,6635.2036,6369.7955,265.4081,0.05216136,0.05007491,265.4081,6369.7955,0.05007491,265.4081,265.4081,265.4081,331.7602,331.7602,6369.7955,0.05007491,1459.7448,1337.1644,5175.4588,5298.0391,0.04068586,0.04164951,0.00208645,29.8814,40.3832,2.3265,127.6001,7.3643,2446.2564,54.8462,43.4275,28.3160,5.1431,12.8578,28.9875,66.8604,128.5777,263.3173,7.8995,-2.6176,10.0,20.479237,2.324,28,180,56,8,0.15055597,0.05216136,0.11437665,0E-8,0.000000,0.905409,0.000000,-0.07324236,2026-03-22,2026-08-06,52,901,524,138,0.376812,1.533674,1.453326,0.501853,,,,,,,,GLOBAL_BASELINE_NO_ENTITY_RANKING,,,NOT_APPLICABLE_GLOBAL_BASELINE,HF9g-P5,,,,X 全窗基线 · 不参与实体赏罚,14191101,1420,A168_HF9F_20260827_0900,2026-08-27 09:00:00
2026-03-23,128173484,970,0,38.9709561050,-36.3377833952,-36.3377833952,0E-7,9,7,0.47006413129242437,0.442041628571,-2.306973064793317,-2.180250081196625,-2.306973064793317,0.02802250272142437,ELIGIBLE,R03b_20260811_FULL_v1,L1_ELIGIBILITY,v2026-08-11,2026-03-21..2026-08-06,baccarat_bet02_101_all_pairs_incl_sentinel,round_win = game_pnl > 0 (decisive only),COMPATIBILITY_ONLY_NOT_PRODUCTION,127205.3315,115172.8122,6635.2036,4257,2852,-0.05216136,-0.11437665,-0.04113429,-0.05216136,-6635.2036,127205.3315,OK,0.0000,265.4081,4.0000,96.0000,AG03-UNRESOLVED,ALL5_LEVELS_bet23_to_bet27,265.4081,265.4081,265.4081,331.7602,331.7602,4.000000,4.000000,4.000000,5.000000,5.000000,96.000000,96.000000,96.000000,95.000000,95.000000,5.0,1459.7448,1337.1644,5175.4588,5298.0391,PENDING_AG03,FALSE,NOT_FOR_ENFORCEMENT,6369.7955,110565.8997,6635.2036,6369.7955,265.4081,0.05216136,0.05007491,265.4081,6369.7955,0.05007491,265.4081,265.4081,265.4081,331.7602,331.7602,6369.7955,0.05007491,1459.7448,1337.1644,5175.4588,5298.0391,0.04068586,0.04164951,0.00208645,29.8814,40.3832,2.3265,127.6001,7.3643,2446.2564,54.8462,43.4275,28.3160,5.1431,12.8578,28.9875,66.8604,128.5777,263.3173,7.8995,-2.6176,10.0,20.479237,2.324,28,180,56,8,0.15055597,0.05216136,0.11437665,0E-8,0.000000,0.905409,0.000000,-0.07324236,2026-03-22,2026-08-06,52,901,524,138,0.376812,1.533674,1.453326,0.501853,,,,,,,,GLOBAL_BASELINE_NO_ENTITY_RANKING,,,NOT_APPLICABLE_GLOBAL_BASELINE,HF9g-P5,,,,X 全窗基线 · 不参与实体赏罚,14191102,1420,A168_HF9F_20260827_0900,2026-08-27 09:00:00
2026-03-25,128173484,1004,0,100.0605629724,-86.8946994234,-86.8946994234,0E-7,4,3,0.46551703846153846,0.427954033333,-1.319823497001001,-1.223201755841886,-1.319823497001001,0.03756300512853846,ELIGIBLE,R03b_20260811_FULL_v1,L1_ELIGIBILITY,v2026-08-11,2026-03-21..2026-08-06,baccarat_bet02_101_all_pairs_incl_sentinel,round_win = game_pnl > 0 (decisive only),COMPATIBILITY_ONLY_NOT_PRODUCTION,127205.3315,115172.8122,6635.2036,4257,2852,-0.05216136,-0.11437665,-0.04113429,-0.05216136,-6635.2036,127205.3315,OK,0.0000,265.4081,4.0000,96.0000,AG03-UNRESOLVED,ALL5_LEVELS_bet23_to_bet27,265.4081,265.4081,265.4081,331.7602,331.7602,4.000000,4.000000,4.000000,5.000000,5.000000,96.000000,96.000000,96.000000,95.000000,95.000000,5.0,1459.7448,1337.1644,5175.4588,5298.0391,PENDING_AG03,FALSE,NOT_FOR_ENFORCEMENT,6369.7955,110565.8997,6635.2036,6369.7955,265.4081,0.05216136,0.05007491,265.4081,6369.7955,0.05007491,265.4081,265.4081,265.4081,331.7602,331.7602,6369.7955,0.05007491,1459.7448,1337.1644,5175.4588,5298.0391,0.04068586,0.04164951,0.00208645,29.8814,40.3832,2.3265,127.6001,7.3643,2446.2564,54.8462,43.4275,28.3160,5.1431,12.8578,28.9875,66.8604,128.5777,263.3173,7.8995,-2.6176,10.0,20.479237,2.324,28,180,56,8,0.15055597,0.05216136,0.11437665,0E-8,0.000000,0.905409,0.000000,-0.07324236,2026-03-22,2026-08-06,52,901,524,138,0.376812,1.533674,1.453326,0.501853,,,,,,,,GLOBAL_BASELINE_NO_ENTITY_RANKING,,,NOT_APPLICABLE_GLOBAL_BASELINE,HF9g-P5,,,,X 全窗基线 · 不参与实体赏罚,14191103,1420,A168_HF9F_20260827_0900,2026-08-27 09:00:00
2026-03-25,128173484,1094,0,658.2931774495,394.9759064697,394.9759064697,0.5000000,2,2,0.49324550000000000,0.493245500000,0.01910635448239258,0.01910635448239258,0.01910635448239258,0E-17,ELIGIBLE,R03b_20260811_FULL_v1,L1_ELIGIBILITY,v2026-08-11,2026-03-21..2026-08-06,baccarat_bet02_101_all_pairs_incl_sentinel,round_win = game_pnl > 0 (decisive only),COMPATIBILITY_ONLY_NOT_PRODUCTION,127205.3315,115172.8122,6635.2036,4257,2852,-0.05216136,-0.11437665,-0.04113429,-0.05216136,-6635.2036,127205.3315,OK,0.0000,265.4081,4.0000,96.0000,AG03-UNRESOLVED,ALL5_LEVELS_bet23_to_bet27,265.4081,265.4081,265.4081,331.7602,331.7602,4.000000,4.000000,4.000000,5.000000,5.000000,96.000000,96.000000,96.000000,95.000000,95.000000,5.0,1459.7448,1337.1644,5175.4588,5298.0391,PENDING_AG03,FALSE,NOT_FOR_ENFORCEMENT,6369.7955,110565.8997,6635.2036,6369.7955,265.4081,0.05216136,0.05007491,265.4081,6369.7955,0.05007491,265.4081,265.4081,265.4081,331.7602,331.7602,6369.7955,0.05007491,1459.7448,1337.1644,5175.4588,5298.0391,0.04068586,0.04164951,0.00208645,29.8814,40.3832,2.3265,127.6001,7.3643,2446.2564,54.8462,43.4275,28.3160,5.1431,12.8578,28.9875,66.8604,128.5777,263.3173,7.8995,-2.6176,10.0,20.479237,2.324,28,180,56,8,0.15055597,0.05216136,0.11437665,0E-8,0.000000,0.905409,0.000000,-0.07324236,2026-03-22,2026-08-06,52,901,524,138,0.376812,1.533674,1.453326,0.501853,,,,,,,,GLOBAL_BASELINE_NO_ENTITY_RANKING,,,NOT_APPLICABLE_GLOBAL_BASELINE,HF9g-P5,,,,X 全窗基线 · 不参与实体赏罚,14191104,1420,A168_HF9F_20260827_0900,2026-08-27 09:00:00
2026-03-25,128173484,1205,0,78.9951812940,-13.1658635490,-13.1658635490,0.3333333,4,4,0.50329940000000000,0.503299400000,-0.5887925454369916,-0.5887925454369916,-0.5887925454369916,0E-17,ELIGIBLE,R03b_20260811_FULL_v1,L1_ELIGIBILITY,v2026-08-11,2026-03-21..2026-08-06,baccarat_bet02_101_all_pairs_incl_sentinel,round_win = game_pnl > 0 (decisive only),COMPATIBILITY_ONLY_NOT_PRODUCTION,127205.3315,115172.8122,6635.2036,4257,2852,-0.05216136,-0.11437665,-0.04113429,-0.05216136,-6635.2036,127205.3315,OK,0.0000,265.4081,4.0000,96.0000,AG03-UNRESOLVED,ALL5_LEVELS_bet23_to_bet27,265.4081,265.4081,265.4081,331.7602,331.7602,4.000000,4.000000,4.000000,5.000000,5.000000,96.000000,96.000000,96.000000,95.000000,95.000000,5.0,1459.7448,1337.1644,5175.4588,5298.0391,PENDING_AG03,FALSE,NOT_FOR_ENFORCEMENT,6369.7955,110565.8997,6635.2036,6369.7955,265.4081,0.05216136,0.05007491,265.4081,6369.7955,0.05007491,265.4081,265.4081,265.4081,331.7602,331.7602,6369.7955,0.05007491,1459.7448,1337.1644,5175.4588,5298.0391,0.04068586,0.04164951,0.00208645,29.8814,40.3832,2.3265,127.6001,7.3643,2446.2564,54.8462,43.4275,28.3160,5.1431,12.8578,28.9875,66.8604,128.5777,263.3173,7.8995,-2.6176,10.0,20.479237,2.324,28,180,56,8,0.15055597,0.05216136,0.11437665,0E-8,0.000000,0.905409,0.000000,-0.07324236,2026-03-22,2026-08-06,52,901,524,138,0.376812,1.533674,1.453326,0.501853,,,,,,,,GLOBAL_BASELINE_NO_ENTITY_RANKING,,,NOT_APPLICABLE_GLOBAL_BASELINE,HF9g-P5,,,,X 全窗基线 · 不参与实体赏罚,14191105,1420,A168_HF9F_20260827_0900,2026-08-27 09:00:00
2026-03-25,128173484,1291,0,63.1961450352,75.0454222293,75.0454222293,0.6666667,4,3,0.46086760000000000,0.437976050000,0.7151023799206295,0.7983739908840699,0.7151023799206295,0.02289155000000000,ELIGIBLE,R03b_20260811_FULL_v1,L1_ELIGIBILITY,v2026-08-11,2026-03-21..2026-08-06,baccarat_bet02_101_all_pairs_incl_sentinel,round_win = game_pnl > 0 (decisive only),COMPATIBILITY_ONLY_NOT_PRODUCTION,127205.3315,115172.8122,6635.2036,4257,2852,-0.05216136,-0.11437665,-0.04113429,-0.05216136,-6635.2036,127205.3315,OK,0.0000,265.4081,4.0000,96.0000,AG03-UNRESOLVED,ALL5_LEVELS_bet23_to_bet27,265.4081,265.4081,265.4081,331.7602,331.7602,4.000000,4.000000,4.000000,5.000000,5.000000,96.000000,96.000000,96.000000,95.000000,95.000000,5.0,1459.7448,1337.1644,5175.4588,5298.0391,PENDING_AG03,FALSE,NOT_FOR_ENFORCEMENT,6369.7955,110565.8997,6635.2036,6369.7955,265.4081,0.05216136,0.05007491,265.4081,6369.7955,0.05007491,265.4081,265.4081,265.4081,331.7602,331.7602,6369.7955,0.05007491,1459.7448,1337.1644,5175.4588,5298.0391,0.04068586,0.04164951,0.00208645,29.8814,40.3832,2.3265,127.6001,7.3643,2446.2564,54.8462,43.4275,28.3160,5.1431,12.8578,28.9875,66.8604,128.5777,263.3173,7.8995,-2.6176,10.0,20.479237,2.324,28,180,56,8,0.15055597,0.05216136,0.11437665,0E-8,0.000000,0.905409,0.000000,-0.07324236,2026-03-22,2026-08-06,52,901,524,138,0.376812,1.533674,1.453326,0.501853,,,,,,,,GLOBAL_BASELINE_NO_ENTITY_RANKING,,,NOT_APPLICABLE_GLOBAL_BASELINE,HF9g-P5,,,,X 全窗基线 · 不参与实体赏罚,14191106,1420,A168_HF9F_20260827_0900,2026-08-27 09:00:00
2026-03-25,128173484,1318,0,532.1642046505,255.9707191195,255.9707191195,0.8000000,26,15,0.41714566674337590,0.351558466667,3.007151534743437,3.6376194685404344,3.007151534743437,0.06558720007637590,ELIGIBLE,R03b_20260811_FULL_v1,L1_ELIGIBILITY,v2026-08-11,2026-03-21..2026-08-06,baccarat_bet02_101_all_pairs_incl_sentinel,round_win = game_pnl > 0 (decisive only),COMPATIBILITY_ONLY_NOT_PRODUCTION,127205.3315,115172.8122,6635.2036,4257,2852,-0.05216136,-0.11437665,-0.04113429,-0.05216136,-6635.2036,127205.3315,OK,0.0000,265.4081,4.0000,96.0000,AG03-UNRESOLVED,ALL5_LEVELS_bet23_to_bet27,265.4081,265.4081,265.4081,331.7602,331.7602,4.000000,4.000000,4.000000,5.000000,5.000000,96.000000,96.000000,96.000000,95.000000,95.000000,5.0,1459.7448,1337.1644,5175.4588,5298.0391,PENDING_AG03,FALSE,NOT_FOR_ENFORCEMENT,6369.7955,110565.8997,6635.2036,6369.7955,265.4081,0.05216136,0.05007491,265.4081,6369.7955,0.05007491,265.4081,265.4081,265.4081,331.7602,331.7602,6369.7955,0.05007491,1459.7448,1337.1644,5175.4588,5298.0391,0.04068586,0.04164951,0.00208645,29.8814,40.3832,2.3265,127.6001,7.3643,2446.2564,54.8462,43.4275,28.3160,5.1431,12.8578,28.9875,66.8604,128.5777,263.3173,7.8995,-2.6176,10.0,20.479237,2.324,28,180,56,8,0.15055597,0.05216136,0.11437665,0E-8,0.000000,0.905409,0.000000,-0.07324236,2026-03-22,2026-08-06,52,901,524,138,0.376812,1.533674,1.453326,0.501853,,,,,,,,GLOBAL_BASELINE_NO_ENTITY_RANKING,,,NOT_APPLICABLE_GLOBAL_BASELINE,HF9g-P5,,,,X 全窗基线 · 不参与实体赏罚,14191107,1420,A168_HF9F_20260827_0900,2026-08-27 09:00:00
2026-03-25,128173484,1363,0,890.0123759119,588.5141006398,588.5141006398,0.5714286,13,7,0.38924604391679749,0.323385192857,0.988576983819787,1.402961793151127,0.988576983819787,0.06586085105979749,ELIGIBLE,R03b_20260811_FULL_v1,L1_ELIGIBILITY,v2026-08-11,2026-03-21..2026-08-06,baccarat_bet02_101_all_pairs_incl_sentinel,round_win = game_pnl > 0 (decisive only),COMPATIBILITY_ONLY_NOT_PRODUCTION,127205.3315,115172.8122,6635.2036,4257,2852,-0.05216136,-0.11437665,-0.04113429,-0.05216136,-6635.2036,127205.3315,OK,0.0000,265.4081,4.0000,96.0000,AG03-UNRESOLVED,ALL5_LEVELS_bet23_to_bet27,265.4081,265.4081,265.4081,331.7602,331.7602,4.000000,4.000000,4.000000,5.000000,5.000000,96.000000,96.000000,96.000000,95.000000,95.000000,5.0,1459.7448,1337.1644,5175.4588,5298.0391,PENDING_AG03,FALSE,NOT_FOR_ENFORCEMENT,6369.7955,110565.8997,6635.2036,6369.7955,265.4081,0.05216136,0.05007491,265.4081,6369.7955,0.05007491,265.4081,265.4081,265.4081,331.7602,331.7602,6369.7955,0.05007491,1459.7448,1337.1644,5175.4588,5298.0391,0.04068586,0.04164951,0.00208645,29.8814,40.3832,2.3265,127.6001,7.3643,2446.2564,54.8462,43.4275,28.3160,5.1431,12.8578,28.9875,66.8604,128.5777,263.3173,7.8995,-2.6176,10.0,20.479237,2.324,28,180,56,8,0.15055597,0.05216136,0.11437665,0E-8,0.000000,0.905409,0.000000,-0.07324236,2026-03-22,2026-08-06,52,901,524,138,0.376812,1.533674,1.453326,0.501853,,,,,,,,GLOBAL_BASELINE_NO_ENTITY_RANKING,,,NOT_APPLICABLE_GLOBAL_BASELINE,HF9g-P5,,,,X 全窗基线 · 不参与实体赏罚,14191108,1420,A168_HF9F_20260827_0900,2026-08-27 09:00:00
2026-03-25,128173484,1384,0,648.8137556943,420.3860231193,420.3860231193,0.5000000,7,4,0.43863943950751850,0.346291875000,0.24731162218019873,0.6461208089813185,0.24731162218019873,0.09234756450751850,ELIGIBLE,R03b_20260811_FULL_v1,L1_ELIGIBILITY,v2026-08-11,2026-03-21..2026-08-06,baccarat_bet02_101_all_pairs_incl_sentinel,round_win = game_pnl > 0 (decisive only),COMPATIBILITY_ONLY_NOT_PRODUCTION,127205.3315,115172.8122,6635.2036,4257,2852,-0.05216136,-0.11437665,-0.04113429,-0.05216136,-6635.2036,127205.3315,OK,0.0000,265.4081,4.0000,96.0000,AG03-UNRESOLVED,ALL5_LEVELS_bet23_to_bet27,265.4081,265.4081,265.4081,331.7602,331.7602,4.000000,4.000000,4.000000,5.000000,5.000000,96.000000,96.000000,96.000000,95.000000,95.000000,5.0,1459.7448,1337.1644,5175.4588,5298.0391,PENDING_AG03,FALSE,NOT_FOR_ENFORCEMENT,6369.7955,110565.8997,6635.2036,6369.7955,265.4081,0.05216136,0.05007491,265.4081,6369.7955,0.05007491,265.4081,265.4081,265.4081,331.7602,331.7602,6369.7955,0.05007491,1459.7448,1337.1644,5175.4588,5298.0391,0.04068586,0.04164951,0.00208645,29.8814,40.3832,2.3265,127.6001,7.3643,2446.2564,54.8462,43.4275,28.3160,5.1431,12.8578,28.9875,66.8604,128.5777,263.3173,7.8995,-2.6176,10.0,20.479237,2.324,28,180,56,8,0.15055597,0.05216136,0.11437665,0E-8,0.000000,0.905409,0.000000,-0.07324236,2026-03-22,2026-08-06,52,901,524,138,0.376812,1.533674,1.453326,0.501853,,,,,,,,GLOBAL_BASELINE_NO_ENTITY_RANKING,,,NOT_APPLICABLE_GLOBAL_BASELINE,HF9g-P5,,,,X 全窗基线 · 不参与实体赏罚,14191109,1420,A168_HF9F_20260827_0900,2026-08-27 09:00:00
2026-03-25,128173484,1396,0,647.7604866104,-647.7604866104,-647.7604866104,0E-7,8,5,0.40018005044871795,0.374342080000,-1.8264267805350678,-1.7296206172524218,-1.8264267805350678,0.02583797044871795,ELIGIBLE,R03b_20260811_FULL_v1,L1_ELIGIBILITY,v2026-08-11,2026-03-21..2026-08-06,baccarat_bet02_101_all_pairs_incl_sentinel,round_win = game_pnl > 0 (decisive only),COMPATIBILITY_ONLY_NOT_PRODUCTION,127205.3315,115172.8122,6635.2036,4257,2852,-0.05216136,-0.11437665,-0.04113429,-0.05216136,-6635.2036,127205.3315,OK,0.0000,265.4081,4.0000,96.0000,AG03-UNRESOLVED,ALL5_LEVELS_bet23_to_bet27,265.4081,265.4081,265.4081,331.7602,331.7602,4.000000,4.000000,4.000000,5.000000,5.000000,96.000000,96.000000,96.000000,95.000000,95.000000,5.0,1459.7448,1337.1644,5175.4588,5298.0391,PENDING_AG03,FALSE,NOT_FOR_ENFORCEMENT,6369.7955,110565.8997,6635.2036,6369.7955,265.4081,0.05216136,0.05007491,265.4081,6369.7955,0.05007491,265.4081,265.4081,265.4081,331.7602,331.7602,6369.7955,0.05007491,1459.7448,1337.1644,5175.4588,5298.0391,0.04068586,0.04164951,0.00208645,29.8814,40.3832,2.3265,127.6001,7.3643,2446.2564,54.8462,43.4275,28.3160,5.1431,12.8578,28.9875,66.8604,128.5777,263.3173,7.8995,-2.6176,10.0,20.479237,2.324,28,180,56,8,0.15055597,0.05216136,0.11437665,0E-8,0.000000,0.905409,0.000000,-0.07324236,2026-03-22,2026-08-06,52,901,524,138,0.376812,1.533674,1.453326,0.501853,,,,,,,,GLOBAL_BASELINE_NO_ENTITY_RANKING,,,NOT_APPLICABLE_GLOBAL_BASELINE,HF9g-P5,,,,X 全窗基线 · 不参与实体赏罚,14191110,1420,A168_HF9F_20260827_0900,2026-08-27 09:00:00
2026-03-25,128173484,1623,0,539.8004055086,-473.9710877636,-473.9710877636,0.5000000,4,3,0.46879825789474118,0.429039250000,0.08842419216990649,0.202759660484044,0.08842419216990649,0.03975900789474118,ELIGIBLE,R03b_20260811_FULL_v1,L1_ELIGIBILITY,v2026-08-11,2026-03-21..2026-08-06,baccarat_bet02_101_all_pairs_incl_sentinel,round_win = game_pnl > 0 (decisive only),COMPATIBILITY_ONLY_NOT_PRODUCTION,127205.3315,115172.8122,6635.2036,4257,2852,-0.05216136,-0.11437665,-0.04113429,-0.05216136,-6635.2036,127205.3315,OK,0.0000,265.4081,4.0000,96.0000,AG03-UNRESOLVED,ALL5_LEVELS_bet23_to_bet27,265.4081,265.4081,265.4081,331.7602,331.7602,4.000000,4.000000,4.000000,5.000000,5.000000,96.000000,96.000000,96.000000,95.000000,95.000000,5.0,1459.7448,1337.1644,5175.4588,5298.0391,PENDING_AG03,FALSE,NOT_FOR_ENFORCEMENT,6369.7955,110565.8997,6635.2036,6369.7955,265.4081,0.05216136,0.05007491,265.4081,6369.7955,0.05007491,265.4081,265.4081,265.4081,331.7602,331.7602,6369.7955,0.05007491,1459.7448,1337.1644,5175.4588,5298.0391,0.04068586,0.04164951,0.00208645,29.8814,40.3832,2.3265,127.6001,7.3643,2446.2564,54.8462,43.4275,28.3160,5.1431,12.8578,28.9875,66.8604,128.5777,263.3173,7.8995,-2.6176,10.0,20.479237,2.324,28,180,56,8,0.15055597,0.05216136,0.11437665,0E-8,0.000000,0.905409,0.000000,-0.07324236,2026-03-22,2026-08-06,52,901,524,138,0.376812,1.533674,1.453326,0.501853,,,,,,,,GLOBAL_BASELINE_NO_ENTITY_RANKING,,,NOT_APPLICABLE_GLOBAL_BASELINE,HF9g-P5,,,,X 全窗基线 · 不参与实体赏罚,14191111,1420,A168_HF9F_20260827_0900,2026-08-27 09:00:00
2026-03-25,128173484,1750,0,671.4590409986,-40.1558838245,-40.1558838245,0.5000000,8,7,0.49600028214285404,0.471473621429,0.019595162696992956,0.13997814473229178,0.019595162696992956,0.02452666071385404,ELIGIBLE,R03b_20260811_FULL_v1,L1_ELIGIBILITY,v2026-08-11,2026-03-21..2026-08-06,baccarat_bet02_101_all_pairs_incl_sentinel,round_win = game_pnl > 0 (decisive only),COMPATIBILITY_ONLY_NOT_PRODUCTION,127205.3315,115172.8122,6635.2036,4257,2852,-0.05216136,-0.11437665,-0.04113429,-0.05216136,-6635.2036,127205.3315,OK,0.0000,265.4081,4.0000,96.0000,AG03-UNRESOLVED,ALL5_LEVELS_bet23_to_bet27,265.4081,265.4081,265.4081,331.7602,331.7602,4.000000,4.000000,4.000000,5.000000,5.000000,96.000000,96.000000,96.000000,95.000000,95.000000,5.0,1459.7448,1337.1644,5175.4588,5298.0391,PENDING_AG03,FALSE,NOT_FOR_ENFORCEMENT,6369.7955,110565.8997,6635.2036,6369.7955,265.4081,0.05216136,0.05007491,265.4081,6369.7955,0.05007491,265.4081,265.4081,265.4081,331.7602,331.7602,6369.7955,0.05007491,1459.7448,1337.1644,5175.4588,5298.0391,0.04068586,0.04164951,0.00208645,29.8814,40.3832,2.3265,127.6001,7.3643,2446.2564,54.8462,43.4275,28.3160,5.1431,12.8578,28.9875,66.8604,128.5777,263.3173,7.8995,-2.6176,10.0,20.479237,2.324,28,180,56,8,0.15055597,0.05216136,0.11437665,0E-8,0.000000,0.905409,0.000000,-0.07324236,2026-03-22,2026-08-06,52,901,524,138,0.376812,1.533674,1.453326,0.501853,,,,,,,,GLOBAL_BASELINE_NO_ENTITY_RANKING,,,NOT_APPLICABLE_GLOBAL_BASELINE,HF9g-P5,,,,X 全窗基线 · 不参与实体赏罚,14191112,1420,A168_HF9F_20260827_0900,2026-08-27 09:00:00
2026-03-25,128173484,1935,0,34.2312452274,17.1156226137,17.1156226137,1.0000000,2,1,0.40696660769230769,0.290668500000,1.2071470739993941,1.562160450482473,1.2071470739993941,0.11629810769230769,ELIGIBLE,R03b_20260811_FULL_v1,L1_ELIGIBILITY,v2026-08-11,2026-03-21..2026-08-06,baccarat_bet02_101_all_pairs_incl_sentinel,round_win = game_pnl > 0 (decisive only),COMPATIBILITY_ONLY_NOT_PRODUCTION,127205.3315,115172.8122,6635.2036,4257,2852,-0.05216136,-0.11437665,-0.04113429,-0.05216136,-6635.2036,127205.3315,OK,0.0000,265.4081,4.0000,96.0000,AG03-UNRESOLVED,ALL5_LEVELS_bet23_to_bet27,265.4081,265.4081,265.4081,331.7602,331.7602,4.000000,4.000000,4.000000,5.000000,5.000000,96.000000,96.000000,96.000000,95.000000,95.000000,5.0,1459.7448,1337.1644,5175.4588,5298.0391,PENDING_AG03,FALSE,NOT_FOR_ENFORCEMENT,6369.7955,110565.8997,6635.2036,6369.7955,265.4081,0.05216136,0.05007491,265.4081,6369.7955,0.05007491,265.4081,265.4081,265.4081,331.7602,331.7602,6369.7955,0.05007491,1459.7448,1337.1644,5175.4588,5298.0391,0.04068586,0.04164951,0.00208645,29.8814,40.3832,2.3265,127.6001,7.3643,2446.2564,54.8462,43.4275,28.3160,5.1431,12.8578,28.9875,66.8604,128.5777,263.3173,7.8995,-2.6176,10.0,20.479237,2.324,28,180,56,8,0.15055597,0.05216136,0.11437665,0E-8,0.000000,0.905409,0.000000,-0.07324236,2026-03-22,2026-08-06,52,901,524,138,0.376812,1.533674,1.453326,0.501853,,,,,,,,GLOBAL_BASELINE_NO_ENTITY_RANKING,,,NOT_APPLICABLE_GLOBAL_BASELINE,HF9g-P5,,,,X 全窗基线 · 不参与实体赏罚,14191113,1420,A168_HF9F_20260827_0900,2026-08-27 09:00:00
2026-03-25,128173484,1949,0,845.2484398452,734.6551860336,734.6551860336,0.5000000,3,2,0.48327980476190476,0.388605700000,0.04731831822762458,0.3231935542029367,0.04731831822762458,0.09467410476190476,ELIGIBLE,R03b_20260811_FULL_v1,L1_ELIGIBILITY,v2026-08-11,2026-03-21..2026-08-06,baccarat_bet02_101_all_pairs_incl_sentinel,round_win = game_pnl > 0 (decisive only),COMPATIBILITY_ONLY_NOT_PRODUCTION,127205.3315,115172.8122,6635.2036,4257,2852,-0.05216136,-0.11437665,-0.04113429,-0.05216136,-6635.2036,127205.3315,OK,0.0000,265.4081,4.0000,96.0000,AG03-UNRESOLVED,ALL5_LEVELS_bet23_to_bet27,265.4081,265.4081,265.4081,331.7602,331.7602,4.000000,4.000000,4.000000,5.000000,5.000000,96.000000,96.000000,96.000000,95.000000,95.000000,5.0,1459.7448,1337.1644,5175.4588,5298.0391,PENDING_AG03,FALSE,NOT_FOR_ENFORCEMENT,6369.7955,110565.8997,6635.2036,6369.7955,265.4081,0.05216136,0.05007491,265.4081,6369.7955,0.05007491,265.4081,265.4081,265.4081,331.7602,331.7602,6369.7955,0.05007491,1459.7448,1337.1644,5175.4588,5298.0391,0.04068586,0.04164951,0.00208645,29.8814,40.3832,2.3265,127.6001,7.3643,2446.2564,54.8462,43.4275,28.3160,5.1431,12.8578,28.9875,66.8604,128.5777,263.3173,7.8995,-2.6176,10.0,20.479237,2.324,28,180,56,8,0.15055597,0.05216136,0.11437665,0E-8,0.000000,0.905409,0.000000,-0.07324236,2026-03-22,2026-08-06,52,901,524,138,0.376812,1.533674,1.453326,0.501853,,,,,,,,GLOBAL_BASELINE_NO_ENTITY_RANKING,,,NOT_APPLICABLE_GLOBAL_BASELINE,HF9g-P5,,,,X 全窗基线 · 不参与实体赏罚,14191114,1420,A168_HF9F_20260827_0900,2026-08-27 09:00:00
2026-03-25,128173484,2065,0,78.9951812939,-78.9951812939,-78.9951812939,0E-7,1,1,0.50665070000000000,0.506650700000,-1.013391052207602,-1.013391052207602,-1.013391052207602,0E-17,ELIGIBLE,R03b_20260811_FULL_v1,L1_ELIGIBILITY,v2026-08-11,2026-03-21..2026-08-06,baccarat_bet02_101_all_pairs_incl_sentinel,round_win = game_pnl > 0 (decisive only),COMPATIBILITY_ONLY_NOT_PRODUCTION,127205.3315,115172.8122,6635.2036,4257,2852,-0.05216136,-0.11437665,-0.04113429,-0.05216136,-6635.2036,127205.3315,OK,0.0000,265.4081,4.0000,96.0000,AG03-UNRESOLVED,ALL5_LEVELS_bet23_to_bet27,265.4081,265.4081,265.4081,331.7602,331.7602,4.000000,4.000000,4.000000,5.000000,5.000000,96.000000,96.000000,96.000000,95.000000,95.000000,5.0,1459.7448,1337.1644,5175.4588,5298.0391,PENDING_AG03,FALSE,NOT_FOR_ENFORCEMENT,6369.7955,110565.8997,6635.2036,6369.7955,265.4081,0.05216136,0.05007491,265.4081,6369.7955,0.05007491,265.4081,265.4081,265.4081,331.7602,331.7602,6369.7955,0.05007491,1459.7448,1337.1644,5175.4588,5298.0391,0.04068586,0.04164951,0.00208645,29.8814,40.3832,2.3265,127.6001,7.3643,2446.2564,54.8462,43.4275,28.3160,5.1431,12.8578,28.9875,66.8604,128.5777,263.3173,7.8995,-2.6176,10.0,20.479237,2.324,28,180,56,8,0.15055597,0.05216136,0.11437665,0E-8,0.000000,0.905409,0.000000,-0.07324236,2026-03-22,2026-08-06,52,901,524,138,0.376812,1.533674,1.453326,0.501853,,,,,,,,GLOBAL_BASELINE_NO_ENTITY_RANKING,,,NOT_APPLICABLE_GLOBAL_BASELINE,HF9g-P5,,,,X 全窗基线 · 不参与实体赏罚,14191115,1420,A168_HF9F_20260827_0900,2026-08-27 09:00:00
2026-03-25,128173484,2130,0,13.1658635490,12.5075703715,12.5075703715,1.0000000,1,1,0.50665070000000000,0.506650700000,0.9867858985152569,0.9867858985152569,0.9867858985152569,0E-17,ELIGIBLE,R03b_20260811_FULL_v1,L1_ELIGIBILITY,v2026-08-11,2026-03-21..2026-08-06,baccarat_bet02_101_all_pairs_incl_sentinel,round_win = game_pnl > 0 (decisive only),COMPATIBILITY_ONLY_NOT_PRODUCTION,127205.3315,115172.8122,6635.2036,4257,2852,-0.05216136,-0.11437665,-0.04113429,-0.05216136,-6635.2036,127205.3315,OK,0.0000,265.4081,4.0000,96.0000,AG03-UNRESOLVED,ALL5_LEVELS_bet23_to_bet27,265.4081,265.4081,265.4081,331.7602,331.7602,4.000000,4.000000,4.000000,5.000000,5.000000,96.000000,96.000000,96.000000,95.000000,95.000000,5.0,1459.7448,1337.1644,5175.4588,5298.0391,PENDING_AG03,FALSE,NOT_FOR_ENFORCEMENT,6369.7955,110565.8997,6635.2036,6369.7955,265.4081,0.05216136,0.05007491,265.4081,6369.7955,0.05007491,265.4081,265.4081,265.4081,331.7602,331.7602,6369.7955,0.05007491,1459.7448,1337.1644,5175.4588,5298.0391,0.04068586,0.04164951,0.00208645,29.8814,40.3832,2.3265,127.6001,7.3643,2446.2564,54.8462,43.4275,28.3160,5.1431,12.8578,28.9875,66.8604,128.5777,263.3173,7.8995,-2.6176,10.0,20.479237,2.324,28,180,56,8,0.15055597,0.05216136,0.11437665,0E-8,0.000000,0.905409,0.000000,-0.07324236,2026-03-22,2026-08-06,52,901,524,138,0.376812,1.533674,1.453326,0.501853,,,,,,,,GLOBAL_BASELINE_NO_ENTITY_RANKING,,,NOT_APPLICABLE_GLOBAL_BASELINE,HF9g-P5,,,,X 全窗基线 · 不参与实体赏罚,14191116,1420,A168_HF9F_20260827_0900,2026-08-27 09:00:00
2026-03-25,128173484,2141,0,1258.6565552836,-884.7460304922,-884.7460304922,0.2857143,12,9,0.48078720256409763,0.430166977778,-1.0329917524986594,-0.7719378200562574,-1.0329917524986594,0.05062022478609763,ELIGIBLE,R03b_20260811_FULL_v1,L1_ELIGIBILITY,v2026-08-11,2026-03-21..2026-08-06,baccarat_bet02_101_all_pairs_incl_sentinel,round_win = game_pnl > 0 (decisive only),COMPATIBILITY_ONLY_NOT_PRODUCTION,127205.3315,115172.8122,6635.2036,4257,2852,-0.05216136,-0.11437665,-0.04113429,-0.05216136,-6635.2036,127205.3315,OK,0.0000,265.4081,4.0000,96.0000,AG03-UNRESOLVED,ALL5_LEVELS_bet23_to_bet27,265.4081,265.4081,265.4081,331.7602,331.7602,4.000000,4.000000,4.000000,5.000000,5.000000,96.000000,96.000000,96.000000,95.000000,95.000000,5.0,1459.7448,1337.1644,5175.4588,5298.0391,PENDING_AG03,FALSE,NOT_FOR_ENFORCEMENT,6369.7955,110565.8997,6635.2036,6369.7955,265.4081,0.05216136,0.05007491,265.4081,6369.7955,0.05007491,265.4081,265.4081,265.4081,331.7602,331.7602,6369.7955,0.05007491,1459.7448,1337.1644,5175.4588,5298.0391,0.04068586,0.04164951,0.00208645,29.8814,40.3832,2.3265,127.6001,7.3643,2446.2564,54.8462,43.4275,28.3160,5.1431,12.8578,28.9875,66.8604,128.5777,263.3173,7.8995,-2.6176,10.0,20.479237,2.324,28,180,56,8,0.15055597,0.05216136,0.11437665,0E-8,0.000000,0.905409,0.000000,-0.07324236,2026-03-22,2026-08-06,52,901,524,138,0.376812,1.533674,1.453326,0.501853,,,,,,,,GLOBAL_BASELINE_NO_ENTITY_RANKING,,,NOT_APPLICABLE_GLOBAL_BASELINE,HF9g-P5,,,,X 全窗基线 · 不参与实体赏罚,14191117,1420,A168_HF9F_20260827_0900,2026-08-27 09:00:00
2026-03-25,128173484,2147,0,47.3971087764,3.9497590647,3.9497590647,0.5000000,3,2,0.42939171875000000,0.403638725000,0.2017319889925845,0.27775789067037676,0.2017319889925845,0.02575299375000000,ELIGIBLE,R03b_20260811_FULL_v1,L1_ELIGIBILITY,v2026-08-11,2026-03-21..2026-08-06,baccarat_bet02_101_all_pairs_incl_sentinel,round_win = game_pnl > 0 (decisive only),COMPATIBILITY_ONLY_NOT_PRODUCTION,127205.3315,115172.8122,6635.2036,4257,2852,-0.05216136,-0.11437665,-0.04113429,-0.05216136,-6635.2036,127205.3315,OK,0.0000,265.4081,4.0000,96.0000,AG03-UNRESOLVED,ALL5_LEVELS_bet23_to_bet27,265.4081,265.4081,265.4081,331.7602,331.7602,4.000000,4.000000,4.000000,5.000000,5.000000,96.000000,96.000000,96.000000,95.000000,95.000000,5.0,1459.7448,1337.1644,5175.4588,5298.0391,PENDING_AG03,FALSE,NOT_FOR_ENFORCEMENT,6369.7955,110565.8997,6635.2036,6369.7955,265.4081,0.05216136,0.05007491,265.4081,6369.7955,0.05007491,265.4081,265.4081,265.4081,331.7602,331.7602,6369.7955,0.05007491,1459.7448,1337.1644,5175.4588,5298.0391,0.04068586,0.04164951,0.00208645,29.8814,40.3832,2.3265,127.6001,7.3643,2446.2564,54.8462,43.4275,28.3160,5.1431,12.8578,28.9875,66.8604,128.5777,263.3173,7.8995,-2.6176,10.0,20.479237,2.324,28,180,56,8,0.15055597,0.05216136,0.11437665,0E-8,0.000000,0.905409,0.000000,-0.07324236,2026-03-22,2026-08-06,52,901,524,138,0.376812,1.533674,1.453326,0.501853,,,,,,,,GLOBAL_BASELINE_NO_ENTITY_RANKING,,,NOT_APPLICABLE_GLOBAL_BASELINE,HF9g-P5,,,,X 全窗基线 · 不参与实体赏罚,14191118,1420,A168_HF9F_20260827_0900,2026-08-27 09:00:00
2026-03-25,128173484,2152,0,214.3402585776,-214.3402585776,-214.3402585776,0E-7,4,2,0.43797605000003197,0.300626750000,-1.248425893085233,-0.9272018728036208,-1.248425893085233,0.13734930000003197,ELIGIBLE,R03b_20260811_FULL_v1,L1_ELIGIBILITY,v2026-08-11,2026-03-21..2026-08-06,baccarat_bet02_101_all_pairs_incl_sentinel,round_win = game_pnl > 0 (decisive only),COMPATIBILITY_ONLY_NOT_PRODUCTION,127205.3315,115172.8122,6635.2036,4257,2852,-0.05216136,-0.11437665,-0.04113429,-0.05216136,-6635.2036,127205.3315,OK,0.0000,265.4081,4.0000,96.0000,AG03-UNRESOLVED,ALL5_LEVELS_bet23_to_bet27,265.4081,265.4081,265.4081,331.7602,331.7602,4.000000,4.000000,4.000000,5.000000,5.000000,96.000000,96.000000,96.000000,95.000000,95.000000,5.0,1459.7448,1337.1644,5175.4588,5298.0391,PENDING_AG03,FALSE,NOT_FOR_ENFORCEMENT,6369.7955,110565.8997,6635.2036,6369.7955,265.4081,0.05216136,0.05007491,265.4081,6369.7955,0.05007491,265.4081,265.4081,265.4081,331.7602,331.7602,6369.7955,0.05007491,1459.7448,1337.1644,5175.4588,5298.0391,0.04068586,0.04164951,0.00208645,29.8814,40.3832,2.3265,127.6001,7.3643,2446.2564,54.8462,43.4275,28.3160,5.1431,12.8578,28.9875,66.8604,128.5777,263.3173,7.8995,-2.6176,10.0,20.479237,2.324,28,180,56,8,0.15055597,0.05216136,0.11437665,0E-8,0.000000,0.905409,0.000000,-0.07324236,2026-03-22,2026-08-06,52,901,524,138,0.376812,1.533674,1.453326,0.501853,,,,,,,,GLOBAL_BASELINE_NO_ENTITY_RANKING,,,NOT_APPLICABLE_GLOBAL_BASELINE,HF9g-P5,,,,X 全窗基线 · 不参与实体赏罚,14191119,1420,A168_HF9F_20260827_0900,2026-08-27 09:00:00
2026-03-25,128173484,2153,0,173.7893988468,-45.4222292441,-45.4222292441,0.2500000,7,4,0.47473492159090909,0.416338987500,-0.9000895186189138,-0.6748700675291811,-0.9000895186189138,0.05839593409090909,ELIGIBLE,R03b_20260811_FULL_v1,L1_ELIGIBILITY,v2026-08-11,2026-03-21..2026-08-06,baccarat_bet02_101_all_pairs_incl_sentinel,round_win = game_pnl > 0 (decisive only),COMPATIBILITY_ONLY_NOT_PRODUCTION,127205.3315,115172.8122,6635.2036,4257,2852,-0.05216136,-0.11437665,-0.04113429,-0.05216136,-6635.2036,127205.3315,OK,0.0000,265.4081,4.0000,96.0000,AG03-UNRESOLVED,ALL5_LEVELS_bet23_to_bet27,265.4081,265.4081,265.4081,331.7602,331.7602,4.000000,4.000000,4.000000,5.000000,5.000000,96.000000,96.000000,96.000000,95.000000,95.000000,5.0,1459.7448,1337.1644,5175.4588,5298.0391,PENDING_AG03,FALSE,NOT_FOR_ENFORCEMENT,6369.7955,110565.8997,6635.2036,6369.7955,265.4081,0.05216136,0.05007491,265.4081,6369.7955,0.05007491,265.4081,265.4081,265.4081,331.7602,331.7602,6369.7955,0.05007491,1459.7448,1337.1644,5175.4588,5298.0391,0.04068586,0.04164951,0.00208645,29.8814,40.3832,2.3265,127.6001,7.3643,2446.2564,54.8462,43.4275,28.3160,5.1431,12.8578,28.9875,66.8604,128.5777,263.3173,7.8995,-2.6176,10.0,20.479237,2.324,28,180,56,8,0.15055597,0.05216136,0.11437665,0E-8,0.000000,0.905409,0.000000,-0.07324236,2026-03-22,2026-08-06,52,901,524,138,0.376812,1.533674,1.453326,0.501853,,,,,,,,GLOBAL_BASELINE_NO_ENTITY_RANKING,,,NOT_APPLICABLE_GLOBAL_BASELINE,HF9g-P5,,,,X 全窗基线 · 不参与实体赏罚,14191120,1420,A168_HF9F_20260827_0900,2026-08-27 09:00:00
2026-03-25,128173484,2212,0,372.5939384365,-184.3220896858,-184.3220896858,0.5000000,8,4,0.43187405976672481,0.329955075000,0.2750689917670424,0.7232930685976101,0.2750689917670424,0.10191898476672481,ELIGIBLE,R03b_20260811_FULL_v1,L1_ELIGIBILITY,v2026-08-11,2026-03-21..2026-08-06,baccarat_bet02_101_all_pairs_incl_sentinel,round_win = game_pnl > 0 (decisive only),COMPATIBILITY_ONLY_NOT_PRODUCTION,127205.3315,115172.8122,6635.2036,4257,2852,-0.05216136,-0.11437665,-0.04113429,-0.05216136,-6635.2036,127205.3315,OK,0.0000,265.4081,4.0000,96.0000,AG03-UNRESOLVED,ALL5_LEVELS_bet23_to_bet27,265.4081,265.4081,265.4081,331.7602,331.7602,4.000000,4.000000,4.000000,5.000000,5.000000,96.000000,96.000000,96.000000,95.000000,95.000000,5.0,1459.7448,1337.1644,5175.4588,5298.0391,PENDING_AG03,FALSE,NOT_FOR_ENFORCEMENT,6369.7955,110565.8997,6635.2036,6369.7955,265.4081,0.05216136,0.05007491,265.4081,6369.7955,0.05007491,265.4081,265.4081,265.4081,331.7602,331.7602,6369.7955,0.05007491,1459.7448,1337.1644,5175.4588,5298.0391,0.04068586,0.04164951,0.00208645,29.8814,40.3832,2.3265,127.6001,7.3643,2446.2564,54.8462,43.4275,28.3160,5.1431,12.8578,28.9875,66.8604,128.5777,263.3173,7.8995,-2.6176,10.0,20.479237,2.324,28,180,56,8,0.15055597,0.05216136,0.11437665,0E-8,0.000000,0.905409,0.000000,-0.07324236,2026-03-22,2026-08-06,52,901,524,138,0.376812,1.533674,1.453326,0.501853,,,,,,,,GLOBAL_BASELINE_NO_ENTITY_RANKING,,,NOT_APPLICABLE_GLOBAL_BASELINE,HF9g-P5,,,,X 全窗基线 · 不参与实体赏罚,14191121,1420,A168_HF9F_20260827_0900,2026-08-27 09:00:00
2026-03-25,128173484,2235,0,1100.6661926958,87.5529926005,87.5529926005,0.4285714,27,14,0.43339052518130313,0.336119189286,-0.03638714891692474,0.7323011918874274,-0.03638714891692474,0.09727133589530313,ELIGIBLE,R03b_20260811_FULL_v1,L1_ELIGIBILITY,v2026-08-11,2026-03-21..2026-08-06,baccarat_bet02_101_all_pairs_incl_sentinel,round_win = game_pnl > 0 (decisive only),COMPATIBILITY_ONLY_NOT_PRODUCTION,127205.3315,115172.8122,6635.2036,4257,2852,-0.05216136,-0.11437665,-0.04113429,-0.05216136,-6635.2036,127205.3315,OK,0.0000,265.4081,4.0000,96.0000,AG03-UNRESOLVED,ALL5_LEVELS_bet23_to_bet27,265.4081,265.4081,265.4081,331.7602,331.7602,4.000000,4.000000,4.000000,5.000000,5.000000,96.000000,96.000000,96.000000,95.000000,95.000000,5.0,1459.7448,1337.1644,5175.4588,5298.0391,PENDING_AG03,FALSE,NOT_FOR_ENFORCEMENT,6369.7955,110565.8997,6635.2036,6369.7955,265.4081,0.05216136,0.05007491,265.4081,6369.7955,0.05007491,265.4081,265.4081,265.4081,331.7602,331.7602,6369.7955,0.05007491,1459.7448,1337.1644,5175.4588,5298.0391,0.04068586,0.04164951,0.00208645,29.8814,40.3832,2.3265,127.6001,7.3643,2446.2564,54.8462,43.4275,28.3160,5.1431,12.8578,28.9875,66.8604,128.5777,263.3173,7.8995,-2.6176,10.0,20.479237,2.324,28,180,56,8,0.15055597,0.05216136,0.11437665,0E-8,0.000000,0.905409,0.000000,-0.07324236,2026-03-22,2026-08-06,52,901,524,138,0.376812,1.533674,1.453326,0.501853,,,,,,,,GLOBAL_BASELINE_NO_ENTITY_RANKING,,,NOT_APPLICABLE_GLOBAL_BASELINE,HF9g-P5,,,,X 全窗基线 · 不参与实体赏罚,14191122,1420,A168_HF9F_20260827_0900,2026-08-27 09:00:00
2026-03-25,128173484,2244,0,152.7240171683,115.8595992311,115.8595992311,0.5000000,4,2,0.41177124934206192,0.300626750000,0.2535268693209342,0.6149128471998733,0.2535268693209342,0.11114449934206192,ELIGIBLE,R03b_20260811_FULL_v1,L1_ELIGIBILITY,v2026-08-11,2026-03-21..2026-08-06,baccarat_bet02_101_all_pairs_incl_sentinel,round_win = game_pnl > 0 (decisive only),COMPATIBILITY_ONLY_NOT_PRODUCTION,127205.3315,115172.8122,6635.2036,4257,2852,-0.05216136,-0.11437665,-0.04113429,-0.05216136,-6635.2036,127205.3315,OK,0.0000,265.4081,4.0000,96.0000,AG03-UNRESOLVED,ALL5_LEVELS_bet23_to_bet27,265.4081,265.4081,265.4081,331.7602,331.7602,4.000000,4.000000,4.000000,5.000000,5.000000,96.000000,96.000000,96.000000,95.000000,95.000000,5.0,1459.7448,1337.1644,5175.4588,5298.0391,PENDING_AG03,FALSE,NOT_FOR_ENFORCEMENT,6369.7955,110565.8997,6635.2036,6369.7955,265.4081,0.05216136,0.05007491,265.4081,6369.7955,0.05007491,265.4081,265.4081,265.4081,331.7602,331.7602,6369.7955,0.05007491,1459.7448,1337.1644,5175.4588,5298.0391,0.04068586,0.04164951,0.00208645,29.8814,40.3832,2.3265,127.6001,7.3643,2446.2564,54.8462,43.4275,28.3160,5.1431,12.8578,28.9875,66.8604,128.5777,263.3173,7.8995,-2.6176,10.0,20.479237,2.324,28,180,56,8,0.15055597,0.05216136,0.11437665,0E-8,0.000000,0.905409,0.000000,-0.07324236,2026-03-22,2026-08-06,52,901,524,138,0.376812,1.533674,1.453326,0.501853,,,,,,,,GLOBAL_BASELINE_NO_ENTITY_RANKING,,,NOT_APPLICABLE_GLOBAL_BASELINE,HF9g-P5,,,,X 全窗基线 · 不参与实体赏罚,14191123,1420,A168_HF9F_20260827_0900,2026-08-27 09:00:00
2026-03-25,128173484,526,0,47.9237433183,4.4500618795,4.4500618795,0.5000000,3,2,0.45982707499991917,0.403638725000,0.11399473044774817,0.27775789067037676,0.11399473044774817,0.05618834999991917,ELIGIBLE,R03b_20260811_FULL_v1,L1_ELIGIBILITY,v2026-08-11,2026-03-21..2026-08-06,baccarat_bet02_101_all_pairs_incl_sentinel,round_win = game_pnl > 0 (decisive only),COMPATIBILITY_ONLY_NOT_PRODUCTION,127205.3315,115172.8122,6635.2036,4257,2852,-0.05216136,-0.11437665,-0.04113429,-0.05216136,-6635.2036,127205.3315,OK,0.0000,265.4081,4.0000,96.0000,AG03-UNRESOLVED,ALL5_LEVELS_bet23_to_bet27,265.4081,265.4081,265.4081,331.7602,331.7602,4.000000,4.000000,4.000000,5.000000,5.000000,96.000000,96.000000,96.000000,95.000000,95.000000,5.0,1459.7448,1337.1644,5175.4588,5298.0391,PENDING_AG03,FALSE,NOT_FOR_ENFORCEMENT,6369.7955,110565.8997,6635.2036,6369.7955,265.4081,0.05216136,0.05007491,265.4081,6369.7955,0.05007491,265.4081,265.4081,265.4081,331.7602,331.7602,6369.7955,0.05007491,1459.7448,1337.1644,5175.4588,5298.0391,0.04068586,0.04164951,0.00208645,29.8814,40.3832,2.3265,127.6001,7.3643,2446.2564,54.8462,43.4275,28.3160,5.1431,12.8578,28.9875,66.8604,128.5777,263.3173,7.8995,-2.6176,10.0,20.479237,2.324,28,180,56,8,0.15055597,0.05216136,0.11437665,0E-8,0.000000,0.905409,0.000000,-0.07324236,2026-03-22,2026-08-06,52,901,524,138,0.376812,1.533674,1.453326,0.501853,,,,,,,,GLOBAL_BASELINE_NO_ENTITY_RANKING,,,NOT_APPLICABLE_GLOBAL_BASELINE,HF9g-P5,,,,X 全窗基线 · 不参与实体赏罚,14191124,1420,A168_HF9F_20260827_0900,2026-08-27 09:00:00
2026-03-25,128173484,529,0,289.6489980778,-289.6489980778,-289.6489980778,0E-7,3,3,0.49771390000000000,0.497713900000,-1.724149546644903,-1.724149546644903,-1.724149546644903,0E-17,ELIGIBLE,R03b_20260811_FULL_v1,L1_ELIGIBILITY,v2026-08-11,2026-03-21..2026-08-06,baccarat_bet02_101_all_pairs_incl_sentinel,round_win = game_pnl > 0 (decisive only),COMPATIBILITY_ONLY_NOT_PRODUCTION,127205.3315,115172.8122,6635.2036,4257,2852,-0.05216136,-0.11437665,-0.04113429,-0.05216136,-6635.2036,127205.3315,OK,0.0000,265.4081,4.0000,96.0000,AG03-UNRESOLVED,ALL5_LEVELS_bet23_to_bet27,265.4081,265.4081,265.4081,331.7602,331.7602,4.000000,4.000000,4.000000,5.000000,5.000000,96.000000,96.000000,96.000000,95.000000,95.000000,5.0,1459.7448,1337.1644,5175.4588,5298.0391,PENDING_AG03,FALSE,NOT_FOR_ENFORCEMENT,6369.7955,110565.8997,6635.2036,6369.7955,265.4081,0.05216136,0.05007491,265.4081,6369.7955,0.05007491,265.4081,265.4081,265.4081,331.7602,331.7602,6369.7955,0.05007491,1459.7448,1337.1644,5175.4588,5298.0391,0.04068586,0.04164951,0.00208645,29.8814,40.3832,2.3265,127.6001,7.3643,2446.2564,54.8462,43.4275,28.3160,5.1431,12.8578,28.9875,66.8604,128.5777,263.3173,7.8995,-2.6176,10.0,20.479237,2.324,28,180,56,8,0.15055597,0.05216136,0.11437665,0E-8,0.000000,0.905409,0.000000,-0.07324236,2026-03-22,2026-08-06,52,901,524,138,0.376812,1.533674,1.453326,0.501853,,,,,,,,GLOBAL_BASELINE_NO_ENTITY_RANKING,,,NOT_APPLICABLE_GLOBAL_BASELINE,HF9g-P5,,,,X 全窗基线 · 不参与实体赏罚,14191125,1420,A168_HF9F_20260827_0900,2026-08-27 09:00:00
2026-03-25,128173484,550,0,1284.9882823815,-127.7088764252,-127.7088764252,0.6000000,10,6,0.46874112745725346,0.388107544445,0.5881580471940268,0.9722700419418311,0.5881580471940268,0.08063358301225346,ELIGIBLE,R03b_20260811_FULL_v1,L1_ELIGIBILITY,v2026-08-11,2026-03-21..2026-08-06,baccarat_bet02_101_all_pairs_incl_sentinel,round_win = game_pnl > 0 (decisive only),COMPATIBILITY_ONLY_NOT_PRODUCTION,127205.3315,115172.8122,6635.2036,4257,2852,-0.05216136,-0.11437665,-0.04113429,-0.05216136,-6635.2036,127205.3315,OK,0.0000,265.4081,4.0000,96.0000,AG03-UNRESOLVED,ALL5_LEVELS_bet23_to_bet27,265.4081,265.4081,265.4081,331.7602,331.7602,4.000000,4.000000,4.000000,5.000000,5.000000,96.000000,96.000000,96.000000,95.000000,95.000000,5.0,1459.7448,1337.1644,5175.4588,5298.0391,PENDING_AG03,FALSE,NOT_FOR_ENFORCEMENT,6369.7955,110565.8997,6635.2036,6369.7955,265.4081,0.05216136,0.05007491,265.4081,6369.7955,0.05007491,265.4081,265.4081,265.4081,331.7602,331.7602,6369.7955,0.05007491,1459.7448,1337.1644,5175.4588,5298.0391,0.04068586,0.04164951,0.00208645,29.8814,40.3832,2.3265,127.6001,7.3643,2446.2564,54.8462,43.4275,28.3160,5.1431,12.8578,28.9875,66.8604,128.5777,263.3173,7.8995,-2.6176,10.0,20.479237,2.324,28,180,56,8,0.15055597,0.05216136,0.11437665,0E-8,0.000000,0.905409,0.000000,-0.07324236,2026-03-22,2026-08-06,52,901,524,138,0.376812,1.533674,1.453326,0.501853,,,,,,,,GLOBAL_BASELINE_NO_ENTITY_RANKING,,,NOT_APPLICABLE_GLOBAL_BASELINE,HF9g-P5,,,,X 全窗基线 · 不参与实体赏罚,14191126,1420,A168_HF9F_20260827_0900,2026-08-27 09:00:00
2026-03-25,128173484,763,0,500.3028148617,-405.5085973090,-405.5085973090,0.5000000,3,2,0.45010883461538462,0.391963025000,0.14182131456316277,0.3129679521789244,0.14182131456316277,0.05814580961538462,ELIGIBLE,R03b_20260811_FULL_v1,L1_ELIGIBILITY,v2026-08-11,2026-03-21..2026-08-06,baccarat_bet02_101_all_pairs_incl_sentinel,round_win = game_pnl > 0 (decisive only),COMPATIBILITY_ONLY_NOT_PRODUCTION,127205.3315,115172.8122,6635.2036,4257,2852,-0.05216136,-0.11437665,-0.04113429,-0.05216136,-6635.2036,127205.3315,OK,0.0000,265.4081,4.0000,96.0000,AG03-UNRESOLVED,ALL5_LEVELS_bet23_to_bet27,265.4081,265.4081,265.4081,331.7602,331.7602,4.000000,4.000000,4.000000,5.000000,5.000000,96.000000,96.000000,96.000000,95.000000,95.000000,5.0,1459.7448,1337.1644,5175.4588,5298.0391,PENDING_AG03,FALSE,NOT_FOR_ENFORCEMENT,6369.7955,110565.8997,6635.2036,6369.7955,265.4081,0.05216136,0.05007491,265.4081,6369.7955,0.05007491,265.4081,265.4081,265.4081,331.7602,331.7602,6369.7955,0.05007491,1459.7448,1337.1644,5175.4588,5298.0391,0.04068586,0.04164951,0.00208645,29.8814,40.3832,2.3265,127.6001,7.3643,2446.2564,54.8462,43.4275,28.3160,5.1431,12.8578,28.9875,66.8604,128.5777,263.3173,7.8995,-2.6176,10.0,20.479237,2.324,28,180,56,8,0.15055597,0.05216136,0.11437665,0E-8,0.000000,0.905409,0.000000,-0.07324236,2026-03-22,2026-08-06,52,901,524,138,0.376812,1.533674,1.453326,0.501853,,,,,,,,GLOBAL_BASELINE_NO_ENTITY_RANKING,,,NOT_APPLICABLE_GLOBAL_BASELINE,HF9g-P5,,,,X 全窗基线 · 不参与实体赏罚,14191127,1420,A168_HF9F_20260827_0900,2026-08-27 09:00:00
2026-03-25,128173484,789,0,131.6586354899,-54.6383337283,-54.6383337283,0.5000000,4,4,0.50329940000000000,0.503299400000,-0.01319788734859681,-0.01319788734859681,-0.01319788734859681,0E-17,ELIGIBLE,R03b_20260811_FULL_v1,L1_ELIGIBILITY,v2026-08-11,2026-03-21..2026-08-06,baccarat_bet02_101_all_pairs_incl_sentinel,round_win = game_pnl > 0 (decisive only),COMPATIBILITY_ONLY_NOT_PRODUCTION,127205.3315,115172.8122,6635.2036,4257,2852,-0.05216136,-0.11437665,-0.04113429,-0.05216136,-6635.2036,127205.3315,OK,0.0000,265.4081,4.0000,96.0000,AG03-UNRESOLVED,ALL5_LEVELS_bet23_to_bet27,265.4081,265.4081,265.4081,331.7602,331.7602,4.000000,4.000000,4.000000,5.000000,5.000000,96.000000,96.000000,96.000000,95.000000,95.000000,5.0,1459.7448,1337.1644,5175.4588,5298.0391,PENDING_AG03,FALSE,NOT_FOR_ENFORCEMENT,6369.7955,110565.8997,6635.2036,6369.7955,265.4081,0.05216136,0.05007491,265.4081,6369.7955,0.05007491,265.4081,265.4081,265.4081,331.7602,331.7602,6369.7955,0.05007491,1459.7448,1337.1644,5175.4588,5298.0391,0.04068586,0.04164951,0.00208645,29.8814,40.3832,2.3265,127.6001,7.3643,2446.2564,54.8462,43.4275,28.3160,5.1431,12.8578,28.9875,66.8604,128.5777,263.3173,7.8995,-2.6176,10.0,20.479237,2.324,28,180,56,8,0.15055597,0.05216136,0.11437665,0E-8,0.000000,0.905409,0.000000,-0.07324236,2026-03-22,2026-08-06,52,901,524,138,0.376812,1.533674,1.453326,0.501853,,,,,,,,GLOBAL_BASELINE_NO_ENTITY_RANKING,,,NOT_APPLICABLE_GLOBAL_BASELINE,HF9g-P5,,,,X 全窗基线 · 不参与实体赏罚,14191128,1420,A168_HF9F_20260827_0900,2026-08-27 09:00:00
2026-03-25,128173484,919,0,184.3220896859,-184.3220896859,-184.3220896859,0E-7,3,2,0.49080270384614459,0.403638725000,-1.3884345964078912,-1.1634740288448888,-1.3884345964078912,0.08716397884614459,ELIGIBLE,R03b_20260811_FULL_v1,L1_ELIGIBILITY,v2026-08-11,2026-03-21..2026-08-06,baccarat_bet02_101_all_pairs_incl_sentinel,round_win = game_pnl > 0 (decisive only),COMPATIBILITY_ONLY_NOT_PRODUCTION,127205.3315,115172.8122,6635.2036,4257,2852,-0.05216136,-0.11437665,-0.04113429,-0.05216136,-6635.2036,127205.3315,OK,0.0000,265.4081,4.0000,96.0000,AG03-UNRESOLVED,ALL5_LEVELS_bet23_to_bet27,265.4081,265.4081,265.4081,331.7602,331.7602,4.000000,4.000000,4.000000,5.000000,5.000000,96.000000,96.000000,96.000000,95.000000,95.000000,5.0,1459.7448,1337.1644,5175.4588,5298.0391,PENDING_AG03,FALSE,NOT_FOR_ENFORCEMENT,6369.7955,110565.8997,6635.2036,6369.7955,265.4081,0.05216136,0.05007491,265.4081,6369.7955,0.05007491,265.4081,265.4081,265.4081,331.7602,331.7602,6369.7955,0.05007491,1459.7448,1337.1644,5175.4588,5298.0391,0.04068586,0.04164951,0.00208645,29.8814,40.3832,2.3265,127.6001,7.3643,2446.2564,54.8462,43.4275,28.3160,5.1431,12.8578,28.9875,66.8604,128.5777,263.3173,7.8995,-2.6176,10.0,20.479237,2.324,28,180,56,8,0.15055597,0.05216136,0.11437665,0E-8,0.000000,0.905409,0.000000,-0.07324236,2026-03-22,2026-08-06,52,901,524,138,0.376812,1.533674,1.453326,0.501853,,,,,,,,GLOBAL_BASELINE_NO_ENTITY_RANKING,,,NOT_APPLICABLE_GLOBAL_BASELINE,HF9g-P5,,,,X 全窗基线 · 不参与实体赏罚,14191129,1420,A168_HF9F_20260827_0900,2026-08-27 09:00:00
2026-03-25,128173484,986,0,519.7882929145,5.4111699186,5.4111699186,0.5833333,22,12,0.43153623470501046,0.347811662500,1.0616810511794732,1.7130218885336186,1.0616810511794732,0.08372457220501046,ELIGIBLE,R03b_20260811_FULL_v1,L1_ELIGIBILITY,v2026-08-11,2026-03-21..2026-08-06,baccarat_bet02_101_all_pairs_incl_sentinel,round_win = game_pnl > 0 (decisive only),COMPATIBILITY_ONLY_NOT_PRODUCTION,127205.3315,115172.8122,6635.2036,4257,2852,-0.05216136,-0.11437665,-0.04113429,-0.05216136,-6635.2036,127205.3315,OK,0.0000,265.4081,4.0000,96.0000,AG03-UNRESOLVED,ALL5_LEVELS_bet23_to_bet27,265.4081,265.4081,265.4081,331.7602,331.7602,4.000000,4.000000,4.000000,5.000000,5.000000,96.000000,96.000000,96.000000,95.000000,95.000000,5.0,1459.7448,1337.1644,5175.4588,5298.0391,PENDING_AG03,FALSE,NOT_FOR_ENFORCEMENT,6369.7955,110565.8997,6635.2036,6369.7955,265.4081,0.05216136,0.05007491,265.4081,6369.7955,0.05007491,265.4081,265.4081,265.4081,331.7602,331.7602,6369.7955,0.05007491,1459.7448,1337.1644,5175.4588,5298.0391,0.04068586,0.04164951,0.00208645,29.8814,40.3832,2.3265,127.6001,7.3643,2446.2564,54.8462,43.4275,28.3160,5.1431,12.8578,28.9875,66.8604,128.5777,263.3173,7.8995,-2.6176,10.0,20.479237,2.324,28,180,56,8,0.15055597,0.05216136,0.11437665,0E-8,0.000000,0.905409,0.000000,-0.07324236,2026-03-22,2026-08-06,52,901,524,138,0.376812,1.533674,1.453326,0.501853,,,,,,,,GLOBAL_BASELINE_NO_ENTITY_RANKING,,,NOT_APPLICABLE_GLOBAL_BASELINE,HF9g-P5,,,,X 全窗基线 · 不参与实体赏罚,14191130,1420,A168_HF9F_20260827_0900,2026-08-27 09:00:00
2026-03-25,128173484,987,0,344.9456249836,-319.2721910631,-319.2721910631,0.2500000,6,4,0.43310152019230769,0.392770912500,-0.7390510620639157,-0.584687472285586,-0.7390510620639157,0.04033060769230769,ELIGIBLE,R03b_20260811_FULL_v1,L1_ELIGIBILITY,v2026-08-11,2026-03-21..2026-08-06,baccarat_bet02_101_all_pairs_incl_sentinel,round_win = game_pnl > 0 (decisive only),COMPATIBILITY_ONLY_NOT_PRODUCTION,127205.3315,115172.8122,6635.2036,4257,2852,-0.05216136,-0.11437665,-0.04113429,-0.05216136,-6635.2036,127205.3315,OK,0.0000,265.4081,4.0000,96.0000,AG03-UNRESOLVED,ALL5_LEVELS_bet23_to_bet27,265.4081,265.4081,265.4081,331.7602,331.7602,4.000000,4.000000,4.000000,5.000000,5.000000,96.000000,96.000000,96.000000,95.000000,95.000000,5.0,1459.7448,1337.1644,5175.4588,5298.0391,PENDING_AG03,FALSE,NOT_FOR_ENFORCEMENT,6369.7955,110565.8997,6635.2036,6369.7955,265.4081,0.05216136,0.05007491,265.4081,6369.7955,0.05007491,265.4081,265.4081,265.4081,331.7602,331.7602,6369.7955,0.05007491,1459.7448,1337.1644,5175.4588,5298.0391,0.04068586,0.04164951,0.00208645,29.8814,40.3832,2.3265,127.6001,7.3643,2446.2564,54.8462,43.4275,28.3160,5.1431,12.8578,28.9875,66.8604,128.5777,263.3173,7.8995,-2.6176,10.0,20.479237,2.324,28,180,56,8,0.15055597,0.05216136,0.11437665,0E-8,0.000000,0.905409,0.000000,-0.07324236,2026-03-22,2026-08-06,52,901,524,138,0.376812,1.533674,1.453326,0.501853,,,,,,,,GLOBAL_BASELINE_NO_ENTITY_RANKING,,,NOT_APPLICABLE_GLOBAL_BASELINE,HF9g-P5,,,,X 全窗基线 · 不参与实体赏罚,14191131,1420,A168_HF9F_20260827_0900,2026-08-27 09:00:00
2026-03-28,128173484,2142,0,188.7984832926,-188.7984832926,-188.7984832926,0E-7,3,3,0.50218230000000000,0.502182300000,-1.7396270863184011,-1.7396270863184016,-1.7396270863184011,0E-17,ELIGIBLE,R03b_20260811_FULL_v1,L1_ELIGIBILITY,v2026-08-11,2026-03-21..2026-08-06,baccarat_bet02_101_all_pairs_incl_sentinel,round_win = game_pnl > 0 (decisive only),COMPATIBILITY_ONLY_NOT_PRODUCTION,127205.3315,115172.8122,6635.2036,4257,2852,-0.05216136,-0.11437665,-0.04113429,-0.05216136,-6635.2036,127205.3315,OK,0.0000,265.4081,4.0000,96.0000,AG03-UNRESOLVED,ALL5_LEVELS_bet23_to_bet27,265.4081,265.4081,265.4081,331.7602,331.7602,4.000000,4.000000,4.000000,5.000000,5.000000,96.000000,96.000000,96.000000,95.000000,95.000000,5.0,1459.7448,1337.1644,5175.4588,5298.0391,PENDING_AG03,FALSE,NOT_FOR_ENFORCEMENT,6369.7955,110565.8997,6635.2036,6369.7955,265.4081,0.05216136,0.05007491,265.4081,6369.7955,0.05007491,265.4081,265.4081,265.4081,331.7602,331.7602,6369.7955,0.05007491,1459.7448,1337.1644,5175.4588,5298.0391,0.04068586,0.04164951,0.00208645,29.8814,40.3832,2.3265,127.6001,7.3643,2446.2564,54.8462,43.4275,28.3160,5.1431,12.8578,28.9875,66.8604,128.5777,263.3173,7.8995,-2.6176,10.0,20.479237,2.324,28,180,56,8,0.15055597,0.05216136,0.11437665,0E-8,0.000000,0.905409,0.000000,-0.07324236,2026-03-22,2026-08-06,52,901,524,138,0.376812,1.533674,1.453326,0.501853,,,,,,,,GLOBAL_BASELINE_NO_ENTITY_RANKING,,,NOT_APPLICABLE_GLOBAL_BASELINE,HF9g-P5,,,,X 全窗基线 · 不参与实体赏罚,14191132,1420,A168_HF9F_20260827_0900,2026-08-27 09:00:00
2026-03-29,128173484,-1,1,38.7076388341,7.2148932248,7.2148932248,0.5555556,10,9,0.47869587361088961,0.476696150000,0.4615772702804453,0.47367118570834293,0.4615772702804453,0.00199972361088961,SENTINEL_DEALER,R03b_20260811_FULL_v1,L1_ELIGIBILITY,v2026-08-11,2026-03-21..2026-08-06,baccarat_bet02_101_all_pairs_incl_sentinel,round_win = game_pnl > 0 (decisive only),COMPATIBILITY_ONLY_NOT_PRODUCTION,127205.3315,115172.8122,6635.2036,4257,2852,-0.05216136,-0.11437665,-0.04113429,-0.05216136,-6635.2036,127205.3315,OK,0.0000,265.4081,4.0000,96.0000,AG03-UNRESOLVED,ALL5_LEVELS_bet23_to_bet27,265.4081,265.4081,265.4081,331.7602,331.7602,4.000000,4.000000,4.000000,5.000000,5.000000,96.000000,96.000000,96.000000,95.000000,95.000000,5.0,1459.7448,1337.1644,5175.4588,5298.0391,PENDING_AG03,FALSE,NOT_FOR_ENFORCEMENT,6369.7955,110565.8997,6635.2036,6369.7955,265.4081,0.05216136,0.05007491,265.4081,6369.7955,0.05007491,265.4081,265.4081,265.4081,331.7602,331.7602,6369.7955,0.05007491,1459.7448,1337.1644,5175.4588,5298.0391,0.04068586,0.04164951,0.00208645,29.8814,40.3832,2.3265,127.6001,7.3643,2446.2564,54.8462,43.4275,28.3160,5.1431,12.8578,28.9875,66.8604,128.5777,263.3173,7.8995,-2.6176,10.0,20.479237,2.324,28,180,56,8,0.15055597,0.05216136,0.11437665,0E-8,0.000000,0.905409,0.000000,-0.07324236,2026-03-22,2026-08-06,52,901,524,138,0.376812,1.533674,1.453326,0.501853,,,,,,,,GLOBAL_BASELINE_NO_ENTITY_RANKING,,,NOT_APPLICABLE_GLOBAL_BASELINE,HF9g-P5,,,,X 全窗基线 · 不参与实体赏罚,14191133,1420,A168_HF9F_20260827_0900,2026-08-27 09:00:00
2026-03-29,128173484,1078,0,39.4975906470,18.4322089686,18.4322089686,1.0000000,3,1,0.45038482000000000,0.225321300000,1.1046825336927601,1.8542132638653546,1.1046825336927601,0.22506352000000000,ELIGIBLE,R03b_20260811_FULL_v1,L1_ELIGIBILITY,v2026-08-11,2026-03-21..2026-08-06,baccarat_bet02_101_all_pairs_incl_sentinel,round_win = game_pnl > 0 (decisive only),COMPATIBILITY_ONLY_NOT_PRODUCTION,127205.3315,115172.8122,6635.2036,4257,2852,-0.05216136,-0.11437665,-0.04113429,-0.05216136,-6635.2036,127205.3315,OK,0.0000,265.4081,4.0000,96.0000,AG03-UNRESOLVED,ALL5_LEVELS_bet23_to_bet27,265.4081,265.4081,265.4081,331.7602,331.7602,4.000000,4.000000,4.000000,5.000000,5.000000,96.000000,96.000000,96.000000,95.000000,95.000000,5.0,1459.7448,1337.1644,5175.4588,5298.0391,PENDING_AG03,FALSE,NOT_FOR_ENFORCEMENT,6369.7955,110565.8997,6635.2036,6369.7955,265.4081,0.05216136,0.05007491,265.4081,6369.7955,0.05007491,265.4081,265.4081,265.4081,331.7602,331.7602,6369.7955,0.05007491,1459.7448,1337.1644,5175.4588,5298.0391,0.04068586,0.04164951,0.00208645,29.8814,40.3832,2.3265,127.6001,7.3643,2446.2564,54.8462,43.4275,28.3160,5.1431,12.8578,28.9875,66.8604,128.5777,263.3173,7.8995,-2.6176,10.0,20.479237,2.324,28,180,56,8,0.15055597,0.05216136,0.11437665,0E-8,0.000000,0.905409,0.000000,-0.07324236,2026-03-22,2026-08-06,52,901,524,138,0.376812,1.533674,1.453326,0.501853,,,,,,,,GLOBAL_BASELINE_NO_ENTITY_RANKING,,,NOT_APPLICABLE_GLOBAL_BASELINE,HF9g-P5,,,,X 全窗基线 · 不参与实体赏罚,14191134,1420,A168_HF9F_20260827_0900,2026-08-27 09:00:00
2026-03-29,128173484,1109,0,21.5920162204,4.0814177001,4.0814177001,0.3333333,4,3,0.48375915000000000,0.437976050000,-0.5213654231759995,-0.36531460949221706,-0.5213654231759995,0.04578310000000000,ELIGIBLE,R03b_20260811_FULL_v1,L1_ELIGIBILITY,v2026-08-11,2026-03-21..2026-08-06,baccarat_bet02_101_all_pairs_incl_sentinel,round_win = game_pnl > 0 (decisive only),COMPATIBILITY_ONLY_NOT_PRODUCTION,127205.3315,115172.8122,6635.2036,4257,2852,-0.05216136,-0.11437665,-0.04113429,-0.05216136,-6635.2036,127205.3315,OK,0.0000,265.4081,4.0000,96.0000,AG03-UNRESOLVED,ALL5_LEVELS_bet23_to_bet27,265.4081,265.4081,265.4081,331.7602,331.7602,4.000000,4.000000,4.000000,5.000000,5.000000,96.000000,96.000000,96.000000,95.000000,95.000000,5.0,1459.7448,1337.1644,5175.4588,5298.0391,PENDING_AG03,FALSE,NOT_FOR_ENFORCEMENT,6369.7955,110565.8997,6635.2036,6369.7955,265.4081,0.05216136,0.05007491,265.4081,6369.7955,0.05007491,265.4081,265.4081,265.4081,331.7602,331.7602,6369.7955,0.05007491,1459.7448,1337.1644,5175.4588,5298.0391,0.04068586,0.04164951,0.00208645,29.8814,40.3832,2.3265,127.6001,7.3643,2446.2564,54.8462,43.4275,28.3160,5.1431,12.8578,28.9875,66.8604,128.5777,263.3173,7.8995,-2.6176,10.0,20.479237,2.324,28,180,56,8,0.15055597,0.05216136,0.11437665,0E-8,0.000000,0.905409,0.000000,-0.07324236,2026-03-22,2026-08-06,52,901,524,138,0.376812,1.533674,1.453326,0.501853,,,,,,,,GLOBAL_BASELINE_NO_ENTITY_RANKING,,,NOT_APPLICABLE_GLOBAL_BASELINE,HF9g-P5,,,,X 全窗基线 · 不参与实体赏罚,14191135,1420,A168_HF9F_20260827_0900,2026-08-27 09:00:00
2026-03-29,128173484,1302,0,15.7990362588,10.5326908392,10.5326908392,1.0000000,2,1,0.42348563333333333,0.283965900000,1.1667712690754457,1.587938788024013,1.1667712690754457,0.13951973333333333,ELIGIBLE,R03b_20260811_FULL_v1,L1_ELIGIBILITY,v2026-08-11,2026-03-21..2026-08-06,baccarat_bet02_101_all_pairs_incl_sentinel,round_win = game_pnl > 0 (decisive only),COMPATIBILITY_ONLY_NOT_PRODUCTION,127205.3315,115172.8122,6635.2036,4257,2852,-0.05216136,-0.11437665,-0.04113429,-0.05216136,-6635.2036,127205.3315,OK,0.0000,265.4081,4.0000,96.0000,AG03-UNRESOLVED,ALL5_LEVELS_bet23_to_bet27,265.4081,265.4081,265.4081,331.7602,331.7602,4.000000,4.000000,4.000000,5.000000,5.000000,96.000000,96.000000,96.000000,95.000000,95.000000,5.0,1459.7448,1337.1644,5175.4588,5298.0391,PENDING_AG03,FALSE,NOT_FOR_ENFORCEMENT,6369.7955,110565.8997,6635.2036,6369.7955,265.4081,0.05216136,0.05007491,265.4081,6369.7955,0.05007491,265.4081,265.4081,265.4081,331.7602,331.7602,6369.7955,0.05007491,1459.7448,1337.1644,5175.4588,5298.0391,0.04068586,0.04164951,0.00208645,29.8814,40.3832,2.3265,127.6001,7.3643,2446.2564,54.8462,43.4275,28.3160,5.1431,12.8578,28.9875,66.8604,128.5777,263.3173,7.8995,-2.6176,10.0,20.479237,2.324,28,180,56,8,0.15055597,0.05216136,0.11437665,0E-8,0.000000,0.905409,0.000000,-0.07324236,2026-03-22,2026-08-06,52,901,524,138,0.376812,1.533674,1.453326,0.501853,,,,,,,,GLOBAL_BASELINE_NO_ENTITY_RANKING,,,NOT_APPLICABLE_GLOBAL_BASELINE,HF9g-P5,,,,X 全窗基线 · 不参与实体赏罚,14191136,1420,A168_HF9F_20260827_0900,2026-08-27 09:00:00
2026-03-29,128173484,1304,0,2.6331727098,-2.6331727098,-2.6331727098,0E-7,1,1,0.50665070000000000,0.506650700000,-1.013391052207602,-1.013391052207602,-1.013391052207602,0E-17,ELIGIBLE,R03b_20260811_FULL_v1,L1_ELIGIBILITY,v2026-08-11,2026-03-21..2026-08-06,baccarat_bet02_101_all_pairs_incl_sentinel,round_win = game_pnl > 0 (decisive only),COMPATIBILITY_ONLY_NOT_PRODUCTION,127205.3315,115172.8122,6635.2036,4257,2852,-0.05216136,-0.11437665,-0.04113429,-0.05216136,-6635.2036,127205.3315,OK,0.0000,265.4081,4.0000,96.0000,AG03-UNRESOLVED,ALL5_LEVELS_bet23_to_bet27,265.4081,265.4081,265.4081,331.7602,331.7602,4.000000,4.000000,4.000000,5.000000,5.000000,96.000000,96.000000,96.000000,95.000000,95.000000,5.0,1459.7448,1337.1644,5175.4588,5298.0391,PENDING_AG03,FALSE,NOT_FOR_ENFORCEMENT,6369.7955,110565.8997,6635.2036,6369.7955,265.4081,0.05216136,0.05007491,265.4081,6369.7955,0.05007491,265.4081,265.4081,265.4081,331.7602,331.7602,6369.7955,0.05007491,1459.7448,1337.1644,5175.4588,5298.0391,0.04068586,0.04164951,0.00208645,29.8814,40.3832,2.3265,127.6001,7.3643,2446.2564,54.8462,43.4275,28.3160,5.1431,12.8578,28.9875,66.8604,128.5777,263.3173,7.8995,-2.6176,10.0,20.479237,2.324,28,180,56,8,0.15055597,0.05216136,0.11437665,0E-8,0.000000,0.905409,0.000000,-0.07324236,2026-03-22,2026-08-06,52,901,524,138,0.376812,1.533674,1.453326,0.501853,,,,,,,,GLOBAL_BASELINE_NO_ENTITY_RANKING,,,NOT_APPLICABLE_GLOBAL_BASELINE,HF9g-P5,,,,X 全窗基线 · 不参与实体赏罚,14191137,1420,A168_HF9F_20260827_0900,2026-08-27 09:00:00
2026-03-29,128173484,1306,0,81.1017194618,59.2200542433,59.2200542433,0.7500000,6,4,0.43462475000000000,0.400287425000,1.2724243753257833,1.4275249038962121,1.2724243753257833,0.03433732500000000,ELIGIBLE,R03b_20260811_FULL_v1,L1_ELIGIBILITY,v2026-08-11,2026-03-21..2026-08-06,baccarat_bet02_101_all_pairs_incl_sentinel,round_win = game_pnl > 0 (decisive only),COMPATIBILITY_ONLY_NOT_PRODUCTION,127205.3315,115172.8122,6635.2036,4257,2852,-0.05216136,-0.11437665,-0.04113429,-0.05216136,-6635.2036,127205.3315,OK,0.0000,265.4081,4.0000,96.0000,AG03-UNRESOLVED,ALL5_LEVELS_bet23_to_bet27,265.4081,265.4081,265.4081,331.7602,331.7602,4.000000,4.000000,4.000000,5.000000,5.000000,96.000000,96.000000,96.000000,95.000000,95.000000,5.0,1459.7448,1337.1644,5175.4588,5298.0391,PENDING_AG03,FALSE,NOT_FOR_ENFORCEMENT,6369.7955,110565.8997,6635.2036,6369.7955,265.4081,0.05216136,0.05007491,265.4081,6369.7955,0.05007491,265.4081,265.4081,265.4081,331.7602,331.7602,6369.7955,0.05007491,1459.7448,1337.1644,5175.4588,5298.0391,0.04068586,0.04164951,0.00208645,29.8814,40.3832,2.3265,127.6001,7.3643,2446.2564,54.8462,43.4275,28.3160,5.1431,12.8578,28.9875,66.8604,128.5777,263.3173,7.8995,-2.6176,10.0,20.479237,2.324,28,180,56,8,0.15055597,0.05216136,0.11437665,0E-8,0.000000,0.905409,0.000000,-0.07324236,2026-03-22,2026-08-06,52,901,524,138,0.376812,1.533674,1.453326,0.501853,,,,,,,,GLOBAL_BASELINE_NO_ENTITY_RANKING,,,NOT_APPLICABLE_GLOBAL_BASELINE,HF9g-P5,,,,X 全窗基线 · 不参与实体赏罚,14191138,1420,A168_HF9F_20260827_0900,2026-08-27 09:00:00
2026-03-29,128173484,1331,0,84.7881612555,-74.5187876873,-74.5187876873,0.5000000,2,2,0.49994810000000000,0.499948100000,0.00014679536856514622,0.00014679536856514622,0.00014679536856514622,0E-17,ELIGIBLE,R03b_20260811_FULL_v1,L1_ELIGIBILITY,v2026-08-11,2026-03-21..2026-08-06,baccarat_bet02_101_all_pairs_incl_sentinel,round_win = game_pnl > 0 (decisive only),COMPATIBILITY_ONLY_NOT_PRODUCTION,127205.3315,115172.8122,6635.2036,4257,2852,-0.05216136,-0.11437665,-0.04113429,-0.05216136,-6635.2036,127205.3315,OK,0.0000,265.4081,4.0000,96.0000,AG03-UNRESOLVED,ALL5_LEVELS_bet23_to_bet27,265.4081,265.4081,265.4081,331.7602,331.7602,4.000000,4.000000,4.000000,5.000000,5.000000,96.000000,96.000000,96.000000,95.000000,95.000000,5.0,1459.7448,1337.1644,5175.4588,5298.0391,PENDING_AG03,FALSE,NOT_FOR_ENFORCEMENT,6369.7955,110565.8997,6635.2036,6369.7955,265.4081,0.05216136,0.05007491,265.4081,6369.7955,0.05007491,265.4081,265.4081,265.4081,331.7602,331.7602,6369.7955,0.05007491,1459.7448,1337.1644,5175.4588,5298.0391,0.04068586,0.04164951,0.00208645,29.8814,40.3832,2.3265,127.6001,7.3643,2446.2564,54.8462,43.4275,28.3160,5.1431,12.8578,28.9875,66.8604,128.5777,263.3173,7.8995,-2.6176,10.0,20.479237,2.324,28,180,56,8,0.15055597,0.05216136,0.11437665,0E-8,0.000000,0.905409,0.000000,-0.07324236,2026-03-22,2026-08-06,52,901,524,138,0.376812,1.533674,1.453326,0.501853,,,,,,,,GLOBAL_BASELINE_NO_ENTITY_RANKING,,,NOT_APPLICABLE_GLOBAL_BASELINE,HF9g-P5,,,,X 全窗基线 · 不参与实体赏罚,14191139,1420,A168_HF9F_20260827_0900,2026-08-27 09:00:00
2026-03-29,128173484,1654,0,5.2663454196,5.0030281486,5.0030281486,1.0000000,1,1,0.50665070000000000,0.506650700000,0.9867858985152569,0.9867858985152569,0.9867858985152569,0E-17,ELIGIBLE,R03b_20260811_FULL_v1,L1_ELIGIBILITY,v2026-08-11,2026-03-21..2026-08-06,baccarat_bet02_101_all_pairs_incl_sentinel,round_win = game_pnl > 0 (decisive only),COMPATIBILITY_ONLY_NOT_PRODUCTION,127205.3315,115172.8122,6635.2036,4257,2852,-0.05216136,-0.11437665,-0.04113429,-0.05216136,-6635.2036,127205.3315,OK,0.0000,265.4081,4.0000,96.0000,AG03-UNRESOLVED,ALL5_LEVELS_bet23_to_bet27,265.4081,265.4081,265.4081,331.7602,331.7602,4.000000,4.000000,4.000000,5.000000,5.000000,96.000000,96.000000,96.000000,95.000000,95.000000,5.0,1459.7448,1337.1644,5175.4588,5298.0391,PENDING_AG03,FALSE,NOT_FOR_ENFORCEMENT,6369.7955,110565.8997,6635.2036,6369.7955,265.4081,0.05216136,0.05007491,265.4081,6369.7955,0.05007491,265.4081,265.4081,265.4081,331.7602,331.7602,6369.7955,0.05007491,1459.7448,1337.1644,5175.4588,5298.0391,0.04068586,0.04164951,0.00208645,29.8814,40.3832,2.3265,127.6001,7.3643,2446.2564,54.8462,43.4275,28.3160,5.1431,12.8578,28.9875,66.8604,128.5777,263.3173,7.8995,-2.6176,10.0,20.479237,2.324,28,180,56,8,0.15055597,0.05216136,0.11437665,0E-8,0.000000,0.905409,0.000000,-0.07324236,2026-03-22,2026-08-06,52,901,524,138,0.376812,1.533674,1.453326,0.501853,,,,,,,,GLOBAL_BASELINE_NO_ENTITY_RANKING,,,NOT_APPLICABLE_GLOBAL_BASELINE,HF9g-P5,,,,X 全窗基线 · 不参与实体赏罚,14191140,1420,A168_HF9F_20260827_0900,2026-08-27 09:00:00
2026-03-29,128173484,1941,0,8.6894699424,37.3647207521,37.3647207521,1.0000000,2,1,0.36267060000000000,0.290680550000,1.3256406135850647,1.5621148022658344,1.3256406135850647,0.07199005000000000,ELIGIBLE,R03b_20260811_FULL_v1,L1_ELIGIBILITY,v2026-08-11,2026-03-21..2026-08-06,baccarat_bet02_101_all_pairs_incl_sentinel,round_win = game_pnl > 0 (decisive only),COMPATIBILITY_ONLY_NOT_PRODUCTION,127205.3315,115172.8122,6635.2036,4257,2852,-0.05216136,-0.11437665,-0.04113429,-0.05216136,-6635.2036,127205.3315,OK,0.0000,265.4081,4.0000,96.0000,AG03-UNRESOLVED,ALL5_LEVELS_bet23_to_bet27,265.4081,265.4081,265.4081,331.7602,331.7602,4.000000,4.000000,4.000000,5.000000,5.000000,96.000000,96.000000,96.000000,95.000000,95.000000,5.0,1459.7448,1337.1644,5175.4588,5298.0391,PENDING_AG03,FALSE,NOT_FOR_ENFORCEMENT,6369.7955,110565.8997,6635.2036,6369.7955,265.4081,0.05216136,0.05007491,265.4081,6369.7955,0.05007491,265.4081,265.4081,265.4081,331.7602,331.7602,6369.7955,0.05007491,1459.7448,1337.1644,5175.4588,5298.0391,0.04068586,0.04164951,0.00208645,29.8814,40.3832,2.3265,127.6001,7.3643,2446.2564,54.8462,43.4275,28.3160,5.1431,12.8578,28.9875,66.8604,128.5777,263.3173,7.8995,-2.6176,10.0,20.479237,2.324,28,180,56,8,0.15055597,0.05216136,0.11437665,0E-8,0.000000,0.905409,0.000000,-0.07324236,2026-03-22,2026-08-06,52,901,524,138,0.376812,1.533674,1.453326,0.501853,,,,,,,,GLOBAL_BASELINE_NO_ENTITY_RANKING,,,NOT_APPLICABLE_GLOBAL_BASELINE,HF9g-P5,,,,X 全窗基线 · 不参与实体赏罚,14191141,1420,A168_HF9F_20260827_0900,2026-08-27 09:00:00
2026-03-29,128173484,2106,0,2.6331727098,-2.6331727098,-2.6331727098,0E-7,1,1,0.50665070000000000,0.506650700000,-1.013391052207602,-1.013391052207602,-1.013391052207602,0E-17,ELIGIBLE,R03b_20260811_FULL_v1,L1_ELIGIBILITY,v2026-08-11,2026-03-21..2026-08-06,baccarat_bet02_101_all_pairs_incl_sentinel,round_win = game_pnl > 0 (decisive only),COMPATIBILITY_ONLY_NOT_PRODUCTION,127205.3315,115172.8122,6635.2036,4257,2852,-0.05216136,-0.11437665,-0.04113429,-0.05216136,-6635.2036,127205.3315,OK,0.0000,265.4081,4.0000,96.0000,AG03-UNRESOLVED,ALL5_LEVELS_bet23_to_bet27,265.4081,265.4081,265.4081,331.7602,331.7602,4.000000,4.000000,4.000000,5.000000,5.000000,96.000000,96.000000,96.000000,95.000000,95.000000,5.0,1459.7448,1337.1644,5175.4588,5298.0391,PENDING_AG03,FALSE,NOT_FOR_ENFORCEMENT,6369.7955,110565.8997,6635.2036,6369.7955,265.4081,0.05216136,0.05007491,265.4081,6369.7955,0.05007491,265.4081,265.4081,265.4081,331.7602,331.7602,6369.7955,0.05007491,1459.7448,1337.1644,5175.4588,5298.0391,0.04068586,0.04164951,0.00208645,29.8814,40.3832,2.3265,127.6001,7.3643,2446.2564,54.8462,43.4275,28.3160,5.1431,12.8578,28.9875,66.8604,128.5777,263.3173,7.8995,-2.6176,10.0,20.479237,2.324,28,180,56,8,0.15055597,0.05216136,0.11437665,0E-8,0.000000,0.905409,0.000000,-0.07324236,2026-03-22,2026-08-06,52,901,524,138,0.376812,1.533674,1.453326,0.501853,,,,,,,,GLOBAL_BASELINE_NO_ENTITY_RANKING,,,NOT_APPLICABLE_GLOBAL_BASELINE,HF9g-P5,,,,X 全窗基线 · 不参与实体赏罚,14191142,1420,A168_HF9F_20260827_0900,2026-08-27 09:00:00
2026-03-29,128173484,2108,0,44.7639360666,-7.8995181294,-7.8995181294,0.6666667,7,3,0.39275497083333333,0.269564388889,0.9714677206762259,1.5500324029060968,0.9714677206762259,0.12319058194433333,ELIGIBLE,R03b_20260811_FULL_v1,L1_ELIGIBILITY,v2026-08-11,2026-03-21..2026-08-06,baccarat_bet02_101_all_pairs_incl_sentinel,round_win = game_pnl > 0 (decisive only),COMPATIBILITY_ONLY_NOT_PRODUCTION,127205.3315,115172.8122,6635.2036,4257,2852,-0.05216136,-0.11437665,-0.04113429,-0.05216136,-6635.2036,127205.3315,OK,0.0000,265.4081,4.0000,96.0000,AG03-UNRESOLVED,ALL5_LEVELS_bet23_to_bet27,265.4081,265.4081,265.4081,331.7602,331.7602,4.000000,4.000000,4.000000,5.000000,5.000000,96.000000,96.000000,96.000000,95.000000,95.000000,5.0,1459.7448,1337.1644,5175.4588,5298.0391,PENDING_AG03,FALSE,NOT_FOR_ENFORCEMENT,6369.7955,110565.8997,6635.2036,6369.7955,265.4081,0.05216136,0.05007491,265.4081,6369.7955,0.05007491,265.4081,265.4081,265.4081,331.7602,331.7602,6369.7955,0.05007491,1459.7448,1337.1644,5175.4588,5298.0391,0.04068586,0.04164951,0.00208645,29.8814,40.3832,2.3265,127.6001,7.3643,2446.2564,54.8462,43.4275,28.3160,5.1431,12.8578,28.9875,66.8604,128.5777,263.3173,7.8995,-2.6176,10.0,20.479237,2.324,28,180,56,8,0.15055597,0.05216136,0.11437665,0E-8,0.000000,0.905409,0.000000,-0.07324236,2026-03-22,2026-08-06,52,901,524,138,0.376812,1.533674,1.453326,0.501853,,,,,,,,GLOBAL_BASELINE_NO_ENTITY_RANKING,,,NOT_APPLICABLE_GLOBAL_BASELINE,HF9g-P5,,,,X 全窗基线 · 不参与实体赏罚,14191143,1420,A168_HF9F_20260827_0900,2026-08-27 09:00:00
2026-03-29,128173484,2117,0,10.0060562972,-10.0060562972,-10.0060562972,0E-7,2,1,0.36568694473792579,0.300626750000,-0.7592816479720631,-0.655630731788307,-0.7592816479720631,0.06506019473792579,ELIGIBLE,R03b_20260811_FULL_v1,L1_ELIGIBILITY,v2026-08-11,2026-03-21..2026-08-06,baccarat_bet02_101_all_pairs_incl_sentinel,round_win = game_pnl > 0 (decisive only),COMPATIBILITY_ONLY_NOT_PRODUCTION,127205.3315,115172.8122,6635.2036,4257,2852,-0.05216136,-0.11437665,-0.04113429,-0.05216136,-6635.2036,127205.3315,OK,0.0000,265.4081,4.0000,96.0000,AG03-UNRESOLVED,ALL5_LEVELS_bet23_to_bet27,265.4081,265.4081,265.4081,331.7602,331.7602,4.000000,4.000000,4.000000,5.000000,5.000000,96.000000,96.000000,96.000000,95.000000,95.000000,5.0,1459.7448,1337.1644,5175.4588,5298.0391,PENDING_AG03,FALSE,NOT_FOR_ENFORCEMENT,6369.7955,110565.8997,6635.2036,6369.7955,265.4081,0.05216136,0.05007491,265.4081,6369.7955,0.05007491,265.4081,265.4081,265.4081,331.7602,331.7602,6369.7955,0.05007491,1459.7448,1337.1644,5175.4588,5298.0391,0.04068586,0.04164951,0.00208645,29.8814,40.3832,2.3265,127.6001,7.3643,2446.2564,54.8462,43.4275,28.3160,5.1431,12.8578,28.9875,66.8604,128.5777,263.3173,7.8995,-2.6176,10.0,20.479237,2.324,28,180,56,8,0.15055597,0.05216136,0.11437665,0E-8,0.000000,0.905409,0.000000,-0.07324236,2026-03-22,2026-08-06,52,901,524,138,0.376812,1.533674,1.453326,0.501853,,,,,,,,GLOBAL_BASELINE_NO_ENTITY_RANKING,,,NOT_APPLICABLE_GLOBAL_BASELINE,HF9g-P5,,,,X 全窗基线 · 不参与实体赏罚,14191144,1420,A168_HF9F_20260827_0900,2026-08-27 09:00:00
2026-03-29,128173484,2156,0,5.2663454196,5.0030281486,5.0030281486,1.0000000,1,1,0.50665070000000000,0.506650700000,0.9867858985152569,0.9867858985152569,0.9867858985152569,0E-17,ELIGIBLE,R03b_20260811_FULL_v1,L1_ELIGIBILITY,v2026-08-11,2026-03-21..2026-08-06,baccarat_bet02_101_all_pairs_incl_sentinel,round_win = game_pnl > 0 (decisive only),COMPATIBILITY_ONLY_NOT_PRODUCTION,127205.3315,115172.8122,6635.2036,4257,2852,-0.05216136,-0.11437665,-0.04113429,-0.05216136,-6635.2036,127205.3315,OK,0.0000,265.4081,4.0000,96.0000,AG03-UNRESOLVED,ALL5_LEVELS_bet23_to_bet27,265.4081,265.4081,265.4081,331.7602,331.7602,4.000000,4.000000,4.000000,5.000000,5.000000,96.000000,96.000000,96.000000,95.000000,95.000000,5.0,1459.7448,1337.1644,5175.4588,5298.0391,PENDING_AG03,FALSE,NOT_FOR_ENFORCEMENT,6369.7955,110565.8997,6635.2036,6369.7955,265.4081,0.05216136,0.05007491,265.4081,6369.7955,0.05007491,265.4081,265.4081,265.4081,331.7602,331.7602,6369.7955,0.05007491,1459.7448,1337.1644,5175.4588,5298.0391,0.04068586,0.04164951,0.00208645,29.8814,40.3832,2.3265,127.6001,7.3643,2446.2564,54.8462,43.4275,28.3160,5.1431,12.8578,28.9875,66.8604,128.5777,263.3173,7.8995,-2.6176,10.0,20.479237,2.324,28,180,56,8,0.15055597,0.05216136,0.11437665,0E-8,0.000000,0.905409,0.000000,-0.07324236,2026-03-22,2026-08-06,52,901,524,138,0.376812,1.533674,1.453326,0.501853,,,,,,,,GLOBAL_BASELINE_NO_ENTITY_RANKING,,,NOT_APPLICABLE_GLOBAL_BASELINE,HF9g-P5,,,,X 全窗基线 · 不参与实体赏罚,14191145,1420,A168_HF9F_20260827_0900,2026-08-27 09:00:00
2026-03-29,128173484,2171,0,63.7227795772,-63.7227795772,-63.7227795772,0E-7,2,1,0.47347809338819192,0.293924150000,-0.9482912044393,-0.6451964315166089,-0.9482912044393,0.17955394338819192,ELIGIBLE,R03b_20260811_FULL_v1,L1_ELIGIBILITY,v2026-08-11,2026-03-21..2026-08-06,baccarat_bet02_101_all_pairs_incl_sentinel,round_win = game_pnl > 0 (decisive only),COMPATIBILITY_ONLY_NOT_PRODUCTION,127205.3315,115172.8122,6635.2036,4257,2852,-0.05216136,-0.11437665,-0.04113429,-0.05216136,-6635.2036,127205.3315,OK,0.0000,265.4081,4.0000,96.0000,AG03-UNRESOLVED,ALL5_LEVELS_bet23_to_bet27,265.4081,265.4081,265.4081,331.7602,331.7602,4.000000,4.000000,4.000000,5.000000,5.000000,96.000000,96.000000,96.000000,95.000000,95.000000,5.0,1459.7448,1337.1644,5175.4588,5298.0391,PENDING_AG03,FALSE,NOT_FOR_ENFORCEMENT,6369.7955,110565.8997,6635.2036,6369.7955,265.4081,0.05216136,0.05007491,265.4081,6369.7955,0.05007491,265.4081,265.4081,265.4081,331.7602,331.7602,6369.7955,0.05007491,1459.7448,1337.1644,5175.4588,5298.0391,0.04068586,0.04164951,0.00208645,29.8814,40.3832,2.3265,127.6001,7.3643,2446.2564,54.8462,43.4275,28.3160,5.1431,12.8578,28.9875,66.8604,128.5777,263.3173,7.8995,-2.6176,10.0,20.479237,2.324,28,180,56,8,0.15055597,0.05216136,0.11437665,0E-8,0.000000,0.905409,0.000000,-0.07324236,2026-03-22,2026-08-06,52,901,524,138,0.376812,1.533674,1.453326,0.501853,,,,,,,,GLOBAL_BASELINE_NO_ENTITY_RANKING,,,NOT_APPLICABLE_GLOBAL_BASELINE,HF9g-P5,,,,X 全窗基线 · 不参与实体赏罚,14191146,1420,A168_HF9F_20260827_0900,2026-08-27 09:00:00
2026-03-29,128173484,2201,0,12.1125944651,-12.1125944651,-12.1125944651,0E-7,2,1,0.40811750652122146,0.300626750000,-0.8303761461983215,-0.655630731788307,-0.8303761461983215,0.10749075652122146,ELIGIBLE,R03b_20260811_FULL_v1,L1_ELIGIBILITY,v2026-08-11,2026-03-21..2026-08-06,baccarat_bet02_101_all_pairs_incl_sentinel,round_win = game_pnl > 0 (decisive only),COMPATIBILITY_ONLY_NOT_PRODUCTION,127205.3315,115172.8122,6635.2036,4257,2852,-0.05216136,-0.11437665,-0.04113429,-0.05216136,-6635.2036,127205.3315,OK,0.0000,265.4081,4.0000,96.0000,AG03-UNRESOLVED,ALL5_LEVELS_bet23_to_bet27,265.4081,265.4081,265.4081,331.7602,331.7602,4.000000,4.000000,4.000000,5.000000,5.000000,96.000000,96.000000,96.000000,95.000000,95.000000,5.0,1459.7448,1337.1644,5175.4588,5298.0391,PENDING_AG03,FALSE,NOT_FOR_ENFORCEMENT,6369.7955,110565.8997,6635.2036,6369.7955,265.4081,0.05216136,0.05007491,265.4081,6369.7955,0.05007491,265.4081,265.4081,265.4081,331.7602,331.7602,6369.7955,0.05007491,1459.7448,1337.1644,5175.4588,5298.0391,0.04068586,0.04164951,0.00208645,29.8814,40.3832,2.3265,127.6001,7.3643,2446.2564,54.8462,43.4275,28.3160,5.1431,12.8578,28.9875,66.8604,128.5777,263.3173,7.8995,-2.6176,10.0,20.479237,2.324,28,180,56,8,0.15055597,0.05216136,0.11437665,0E-8,0.000000,0.905409,0.000000,-0.07324236,2026-03-22,2026-08-06,52,901,524,138,0.376812,1.533674,1.453326,0.501853,,,,,,,,GLOBAL_BASELINE_NO_ENTITY_RANKING,,,NOT_APPLICABLE_GLOBAL_BASELINE,HF9g-P5,,,,X 全窗基线 · 不参与实体赏罚,14191147,1420,A168_HF9F_20260827_0900,2026-08-27 09:00:00
2026-03-29,128173484,2202,0,310.7143797562,-142.4546436002,-142.4546436002,0.5000000,6,6,0.49771390000000000,0.497713900000,0.011199674067230152,0.011199674067230152,0.011199674067230152,0E-17,ELIGIBLE,R03b_20260811_FULL_v1,L1_ELIGIBILITY,v2026-08-11,2026-03-21..2026-08-06,baccarat_bet02_101_all_pairs_incl_sentinel,round_win = game_pnl > 0 (decisive only),COMPATIBILITY_ONLY_NOT_PRODUCTION,127205.3315,115172.8122,6635.2036,4257,2852,-0.05216136,-0.11437665,-0.04113429,-0.05216136,-6635.2036,127205.3315,OK,0.0000,265.4081,4.0000,96.0000,AG03-UNRESOLVED,ALL5_LEVELS_bet23_to_bet27,265.4081,265.4081,265.4081,331.7602,331.7602,4.000000,4.000000,4.000000,5.000000,5.000000,96.000000,96.000000,96.000000,95.000000,95.000000,5.0,1459.7448,1337.1644,5175.4588,5298.0391,PENDING_AG03,FALSE,NOT_FOR_ENFORCEMENT,6369.7955,110565.8997,6635.2036,6369.7955,265.4081,0.05216136,0.05007491,265.4081,6369.7955,0.05007491,265.4081,265.4081,265.4081,331.7602,331.7602,6369.7955,0.05007491,1459.7448,1337.1644,5175.4588,5298.0391,0.04068586,0.04164951,0.00208645,29.8814,40.3832,2.3265,127.6001,7.3643,2446.2564,54.8462,43.4275,28.3160,5.1431,12.8578,28.9875,66.8604,128.5777,263.3173,7.8995,-2.6176,10.0,20.479237,2.324,28,180,56,8,0.15055597,0.05216136,0.11437665,0E-8,0.000000,0.905409,0.000000,-0.07324236,2026-03-22,2026-08-06,52,901,524,138,0.376812,1.533674,1.453326,0.501853,,,,,,,,GLOBAL_BASELINE_NO_ENTITY_RANKING,,,NOT_APPLICABLE_GLOBAL_BASELINE,HF9g-P5,,,,X 全窗基线 · 不参与实体赏罚,14191148,1420,A168_HF9F_20260827_0900,2026-08-27 09:00:00
2026-03-29,128173484,2218,0,18.4322089686,23.4352371172,23.4352371172,1.0000000,4,2,0.38647006250000000,0.300626750000,1.7818656210902561,2.157027567203367,1.7818656210902561,0.08584331250000000,ELIGIBLE,R03b_20260811_FULL_v1,L1_ELIGIBILITY,v2026-08-11,2026-03-21..2026-08-06,baccarat_bet02_101_all_pairs_incl_sentinel,round_win = game_pnl > 0 (decisive only),COMPATIBILITY_ONLY_NOT_PRODUCTION,127205.3315,115172.8122,6635.2036,4257,2852,-0.05216136,-0.11437665,-0.04113429,-0.05216136,-6635.2036,127205.3315,OK,0.0000,265.4081,4.0000,96.0000,AG03-UNRESOLVED,ALL5_LEVELS_bet23_to_bet27,265.4081,265.4081,265.4081,331.7602,331.7602,4.000000,4.000000,4.000000,5.000000,5.000000,96.000000,96.000000,96.000000,95.000000,95.000000,5.0,1459.7448,1337.1644,5175.4588,5298.0391,PENDING_AG03,FALSE,NOT_FOR_ENFORCEMENT,6369.7955,110565.8997,6635.2036,6369.7955,265.4081,0.05216136,0.05007491,265.4081,6369.7955,0.05007491,265.4081,265.4081,265.4081,331.7602,331.7602,6369.7955,0.05007491,1459.7448,1337.1644,5175.4588,5298.0391,0.04068586,0.04164951,0.00208645,29.8814,40.3832,2.3265,127.6001,7.3643,2446.2564,54.8462,43.4275,28.3160,5.1431,12.8578,28.9875,66.8604,128.5777,263.3173,7.8995,-2.6176,10.0,20.479237,2.324,28,180,56,8,0.15055597,0.05216136,0.11437665,0E-8,0.000000,0.905409,0.000000,-0.07324236,2026-03-22,2026-08-06,52,901,524,138,0.376812,1.533674,1.453326,0.501853,,,,,,,,GLOBAL_BASELINE_NO_ENTITY_RANKING,,,NOT_APPLICABLE_GLOBAL_BASELINE,HF9g-P5,,,,X 全窗基线 · 不参与实体赏罚,14191149,1420,A168_HF9F_20260827_0900,2026-08-27 09:00:00
2026-03-29,128173484,2244,0,5.2663454196,5.2663454196,5.2663454196,1.0000000,1,1,0.49324550000000000,0.493245500000,1.01360149184955,1.01360149184955,1.01360149184955,0E-17,ELIGIBLE,R03b_20260811_FULL_v1,L1_ELIGIBILITY,v2026-08-11,2026-03-21..2026-08-06,baccarat_bet02_101_all_pairs_incl_sentinel,round_win = game_pnl > 0 (decisive only),COMPATIBILITY_ONLY_NOT_PRODUCTION,127205.3315,115172.8122,6635.2036,4257,2852,-0.05216136,-0.11437665,-0.04113429,-0.05216136,-6635.2036,127205.3315,OK,0.0000,265.4081,4.0000,96.0000,AG03-UNRESOLVED,ALL5_LEVELS_bet23_to_bet27,265.4081,265.4081,265.4081,331.7602,331.7602,4.000000,4.000000,4.000000,5.000000,5.000000,96.000000,96.000000,96.000000,95.000000,95.000000,5.0,1459.7448,1337.1644,5175.4588,5298.0391,PENDING_AG03,FALSE,NOT_FOR_ENFORCEMENT,6369.7955,110565.8997,6635.2036,6369.7955,265.4081,0.05216136,0.05007491,265.4081,6369.7955,0.05007491,265.4081,265.4081,265.4081,331.7602,331.7602,6369.7955,0.05007491,1459.7448,1337.1644,5175.4588,5298.0391,0.04068586,0.04164951,0.00208645,29.8814,40.3832,2.3265,127.6001,7.3643,2446.2564,54.8462,43.4275,28.3160,5.1431,12.8578,28.9875,66.8604,128.5777,263.3173,7.8995,-2.6176,10.0,20.479237,2.324,28,180,56,8,0.15055597,0.05216136,0.11437665,0E-8,0.000000,0.905409,0.000000,-0.07324236,2026-03-22,2026-08-06,52,901,524,138,0.376812,1.533674,1.453326,0.501853,,,,,,,,GLOBAL_BASELINE_NO_ENTITY_RANKING,,,NOT_APPLICABLE_GLOBAL_BASELINE,HF9g-P5,,,,X 全窗基线 · 不参与实体赏罚,14191150,1420,A168_HF9F_20260827_0900,2026-08-27 09:00:00
2026-03-29,128173484,2252,0,7.8995181294,2.3698554388,2.3698554388,1.0000000,2,1,0.36930140000000000,0.300626750000,1.3068340946049153,1.5252488199758223,1.3068340946049153,0.06867465000000000,ELIGIBLE,R03b_20260811_FULL_v1,L1_ELIGIBILITY,v2026-08-11,2026-03-21..2026-08-06,baccarat_bet02_101_all_pairs_incl_sentinel,round_win = game_pnl > 0 (decisive only),COMPATIBILITY_ONLY_NOT_PRODUCTION,127205.3315,115172.8122,6635.2036,4257,2852,-0.05216136,-0.11437665,-0.04113429,-0.05216136,-6635.2036,127205.3315,OK,0.0000,265.4081,4.0000,96.0000,AG03-UNRESOLVED,ALL5_LEVELS_bet23_to_bet27,265.4081,265.4081,265.4081,331.7602,331.7602,4.000000,4.000000,4.000000,5.000000,5.000000,96.000000,96.000000,96.000000,95.000000,95.000000,5.0,1459.7448,1337.1644,5175.4588,5298.0391,PENDING_AG03,FALSE,NOT_FOR_ENFORCEMENT,6369.7955,110565.8997,6635.2036,6369.7955,265.4081,0.05216136,0.05007491,265.4081,6369.7955,0.05007491,265.4081,265.4081,265.4081,331.7602,331.7602,6369.7955,0.05007491,1459.7448,1337.1644,5175.4588,5298.0391,0.04068586,0.04164951,0.00208645,29.8814,40.3832,2.3265,127.6001,7.3643,2446.2564,54.8462,43.4275,28.3160,5.1431,12.8578,28.9875,66.8604,128.5777,263.3173,7.8995,-2.6176,10.0,20.479237,2.324,28,180,56,8,0.15055597,0.05216136,0.11437665,0E-8,0.000000,0.905409,0.000000,-0.07324236,2026-03-22,2026-08-06,52,901,524,138,0.376812,1.533674,1.453326,0.501853,,,,,,,,GLOBAL_BASELINE_NO_ENTITY_RANKING,,,NOT_APPLICABLE_GLOBAL_BASELINE,HF9g-P5,,,,X 全窗基线 · 不参与实体赏罚,14191151,1420,A168_HF9F_20260827_0900,2026-08-27 09:00:00
2026-03-29,128173484,526,0,15.7990362588,-15.7990362588,-15.7990362588,0E-7,2,1,0.43797605000000000,0.300626750000,-0.8827704148093826,-0.655630731788307,-0.8827704148093826,0.13734930000000000,ELIGIBLE,R03b_20260811_FULL_v1,L1_ELIGIBILITY,v2026-08-11,2026-03-21..2026-08-06,baccarat_bet02_101_all_pairs_incl_sentinel,round_win = game_pnl > 0 (decisive only),COMPATIBILITY_ONLY_NOT_PRODUCTION,127205.3315,115172.8122,6635.2036,4257,2852,-0.05216136,-0.11437665,-0.04113429,-0.05216136,-6635.2036,127205.3315,OK,0.0000,265.4081,4.0000,96.0000,AG03-UNRESOLVED,ALL5_LEVELS_bet23_to_bet27,265.4081,265.4081,265.4081,331.7602,331.7602,4.000000,4.000000,4.000000,5.000000,5.000000,96.000000,96.000000,96.000000,95.000000,95.000000,5.0,1459.7448,1337.1644,5175.4588,5298.0391,PENDING_AG03,FALSE,NOT_FOR_ENFORCEMENT,6369.7955,110565.8997,6635.2036,6369.7955,265.4081,0.05216136,0.05007491,265.4081,6369.7955,0.05007491,265.4081,265.4081,265.4081,331.7602,331.7602,6369.7955,0.05007491,1459.7448,1337.1644,5175.4588,5298.0391,0.04068586,0.04164951,0.00208645,29.8814,40.3832,2.3265,127.6001,7.3643,2446.2564,54.8462,43.4275,28.3160,5.1431,12.8578,28.9875,66.8604,128.5777,263.3173,7.8995,-2.6176,10.0,20.479237,2.324,28,180,56,8,0.15055597,0.05216136,0.11437665,0E-8,0.000000,0.905409,0.000000,-0.07324236,2026-03-22,2026-08-06,52,901,524,138,0.376812,1.533674,1.453326,0.501853,,,,,,,,GLOBAL_BASELINE_NO_ENTITY_RANKING,,,NOT_APPLICABLE_GLOBAL_BASELINE,HF9g-P5,,,,X 全窗基线 · 不参与实体赏罚,14191152,1420,A168_HF9F_20260827_0900,2026-08-27 09:00:00
2026-03-29,128173484,970,0,62.9328277642,61.0896068674,61.0896068674,0.6000000,9,5,0.41198239447597021,0.337158850000,0.8541792679136057,1.2432439309785805,0.8541792679136057,0.07482354447597021,ELIGIBLE,R03b_20260811_FULL_v1,L1_ELIGIBILITY,v2026-08-11,2026-03-21..2026-08-06,baccarat_bet02_101_all_pairs_incl_sentinel,round_win = game_pnl > 0 (decisive only),COMPATIBILITY_ONLY_NOT_PRODUCTION,127205.3315,115172.8122,6635.2036,4257,2852,-0.05216136,-0.11437665,-0.04113429,-0.05216136,-6635.2036,127205.3315,OK,0.0000,265.4081,4.0000,96.0000,AG03-UNRESOLVED,ALL5_LEVELS_bet23_to_bet27,265.4081,265.4081,265.4081,331.7602,331.7602,4.000000,4.000000,4.000000,5.000000,5.000000,96.000000,96.000000,96.000000,95.000000,95.000000,5.0,1459.7448,1337.1644,5175.4588,5298.0391,PENDING_AG03,FALSE,NOT_FOR_ENFORCEMENT,6369.7955,110565.8997,6635.2036,6369.7955,265.4081,0.05216136,0.05007491,265.4081,6369.7955,0.05007491,265.4081,265.4081,265.4081,331.7602,331.7602,6369.7955,0.05007491,1459.7448,1337.1644,5175.4588,5298.0391,0.04068586,0.04164951,0.00208645,29.8814,40.3832,2.3265,127.6001,7.3643,2446.2564,54.8462,43.4275,28.3160,5.1431,12.8578,28.9875,66.8604,128.5777,263.3173,7.8995,-2.6176,10.0,20.479237,2.324,28,180,56,8,0.15055597,0.05216136,0.11437665,0E-8,0.000000,0.905409,0.000000,-0.07324236,2026-03-22,2026-08-06,52,901,524,138,0.376812,1.533674,1.453326,0.501853,,,,,,,,GLOBAL_BASELINE_NO_ENTITY_RANKING,,,NOT_APPLICABLE_GLOBAL_BASELINE,HF9g-P5,,,,X 全窗基线 · 不参与实体赏罚,14191153,1420,A168_HF9F_20260827_0900,2026-08-27 09:00:00
2026-03-31,128173484,-1,1,23.8201188389,30.4949873047,30.4949873047,1.0000000,4,2,0.39635579016372291,0.297275450000,1.745271167168983,2.1743429183121594,1.745271167168983,0.09908034016372291,SENTINEL_DEALER,R03b_20260811_FULL_v1,L1_ELIGIBILITY,v2026-08-11,2026-03-21..2026-08-06,baccarat_bet02_101_all_pairs_incl_sentinel,round_win = game_pnl > 0 (decisive only),COMPATIBILITY_ONLY_NOT_PRODUCTION,127205.3315,115172.8122,6635.2036,4257,2852,-0.05216136,-0.11437665,-0.04113429,-0.05216136,-6635.2036,127205.3315,OK,0.0000,265.4081,4.0000,96.0000,AG03-UNRESOLVED,ALL5_LEVELS_bet23_to_bet27,265.4081,265.4081,265.4081,331.7602,331.7602,4.000000,4.000000,4.000000,5.000000,5.000000,96.000000,96.000000,96.000000,95.000000,95.000000,5.0,1459.7448,1337.1644,5175.4588,5298.0391,PENDING_AG03,FALSE,NOT_FOR_ENFORCEMENT,6369.7955,110565.8997,6635.2036,6369.7955,265.4081,0.05216136,0.05007491,265.4081,6369.7955,0.05007491,265.4081,265.4081,265.4081,331.7602,331.7602,6369.7955,0.05007491,1459.7448,1337.1644,5175.4588,5298.0391,0.04068586,0.04164951,0.00208645,29.8814,40.3832,2.3265,127.6001,7.3643,2446.2564,54.8462,43.4275,28.3160,5.1431,12.8578,28.9875,66.8604,128.5777,263.3173,7.8995,-2.6176,10.0,20.479237,2.324,28,180,56,8,0.15055597,0.05216136,0.11437665,0E-8,0.000000,0.905409,0.000000,-0.07324236,2026-03-22,2026-08-06,52,901,524,138,0.376812,1.533674,1.453326,0.501853,,,,,,,,GLOBAL_BASELINE_NO_ENTITY_RANKING,,,NOT_APPLICABLE_GLOBAL_BASELINE,HF9g-P5,,,,X 全窗基线 · 不参与实体赏罚,14191154,1420,A168_HF9F_20260827_0900,2026-08-27 09:00:00
2026-03-31,128173484,1307,0,12.0409391933,-4.1881527629,-4.1881527629,0.5000000,3,2,0.40891723653812361,0.393584825000,0.262004855866254,0.308045137873246,0.262004855866254,0.01533241153812361,ELIGIBLE,R03b_20260811_FULL_v1,L1_ELIGIBILITY,v2026-08-11,2026-03-21..2026-08-06,baccarat_bet02_101_all_pairs_incl_sentinel,round_win = game_pnl > 0 (decisive only),COMPATIBILITY_ONLY_NOT_PRODUCTION,127205.3315,115172.8122,6635.2036,4257,2852,-0.05216136,-0.11437665,-0.04113429,-0.05216136,-6635.2036,127205.3315,OK,0.0000,265.4081,4.0000,96.0000,AG03-UNRESOLVED,ALL5_LEVELS_bet23_to_bet27,265.4081,265.4081,265.4081,331.7602,331.7602,4.000000,4.000000,4.000000,5.000000,5.000000,96.000000,96.000000,96.000000,95.000000,95.000000,5.0,1459.7448,1337.1644,5175.4588,5298.0391,PENDING_AG03,FALSE,NOT_FOR_ENFORCEMENT,6369.7955,110565.8997,6635.2036,6369.7955,265.4081,0.05216136,0.05007491,265.4081,6369.7955,0.05007491,265.4081,265.4081,265.4081,331.7602,331.7602,6369.7955,0.05007491,1459.7448,1337.1644,5175.4588,5298.0391,0.04068586,0.04164951,0.00208645,29.8814,40.3832,2.3265,127.6001,7.3643,2446.2564,54.8462,43.4275,28.3160,5.1431,12.8578,28.9875,66.8604,128.5777,263.3173,7.8995,-2.6176,10.0,20.479237,2.324,28,180,56,8,0.15055597,0.05216136,0.11437665,0E-8,0.000000,0.905409,0.000000,-0.07324236,2026-03-22,2026-08-06,52,901,524,138,0.376812,1.533674,1.453326,0.501853,,,,,,,,GLOBAL_BASELINE_NO_ENTITY_RANKING,,,NOT_APPLICABLE_GLOBAL_BASELINE,HF9g-P5,,,,X 全窗基线 · 不参与实体赏罚,14191155,1420,A168_HF9F_20260827_0900,2026-08-27 09:00:00
2026-03-31,128173484,1331,0,5.2351909536,4.9734314059,4.9734314059,1.0000000,1,1,0.50665070000000000,0.506650700000,0.9867858985152569,0.9867858985152569,0.9867858985152569,0E-17,ELIGIBLE,R03b_20260811_FULL_v1,L1_ELIGIBILITY,v2026-08-11,2026-03-21..2026-08-06,baccarat_bet02_101_all_pairs_incl_sentinel,round_win = game_pnl > 0 (decisive only),COMPATIBILITY_ONLY_NOT_PRODUCTION,127205.3315,115172.8122,6635.2036,4257,2852,-0.05216136,-0.11437665,-0.04113429,-0.05216136,-6635.2036,127205.3315,OK,0.0000,265.4081,4.0000,96.0000,AG03-UNRESOLVED,ALL5_LEVELS_bet23_to_bet27,265.4081,265.4081,265.4081,331.7602,331.7602,4.000000,4.000000,4.000000,5.000000,5.000000,96.000000,96.000000,96.000000,95.000000,95.000000,5.0,1459.7448,1337.1644,5175.4588,5298.0391,PENDING_AG03,FALSE,NOT_FOR_ENFORCEMENT,6369.7955,110565.8997,6635.2036,6369.7955,265.4081,0.05216136,0.05007491,265.4081,6369.7955,0.05007491,265.4081,265.4081,265.4081,331.7602,331.7602,6369.7955,0.05007491,1459.7448,1337.1644,5175.4588,5298.0391,0.04068586,0.04164951,0.00208645,29.8814,40.3832,2.3265,127.6001,7.3643,2446.2564,54.8462,43.4275,28.3160,5.1431,12.8578,28.9875,66.8604,128.5777,263.3173,7.8995,-2.6176,10.0,20.479237,2.324,28,180,56,8,0.15055597,0.05216136,0.11437665,0E-8,0.000000,0.905409,0.000000,-0.07324236,2026-03-22,2026-08-06,52,901,524,138,0.376812,1.533674,1.453326,0.501853,,,,,,,,GLOBAL_BASELINE_NO_ENTITY_RANKING,,,NOT_APPLICABLE_GLOBAL_BASELINE,HF9g-P5,,,,X 全窗基线 · 不参与实体赏罚,14191156,1420,A168_HF9F_20260827_0900,2026-08-27 09:00:00
2026-03-31,128173484,1374,0,21.4642829097,10.4442059524,10.4442059524,1.0000000,5,3,0.41347754374969255,0.364833000000,2.0628943473753685,2.285375321257665,2.0628943473753685,0.04864454374969255,ELIGIBLE,R03b_20260811_FULL_v1,L1_ELIGIBILITY,v2026-08-11,2026-03-21..2026-08-06,baccarat_bet02_101_all_pairs_incl_sentinel,round_win = game_pnl > 0 (decisive only),COMPATIBILITY_ONLY_NOT_PRODUCTION,127205.3315,115172.8122,6635.2036,4257,2852,-0.05216136,-0.11437665,-0.04113429,-0.05216136,-6635.2036,127205.3315,OK,0.0000,265.4081,4.0000,96.0000,AG03-UNRESOLVED,ALL5_LEVELS_bet23_to_bet27,265.4081,265.4081,265.4081,331.7602,331.7602,4.000000,4.000000,4.000000,5.000000,5.000000,96.000000,96.000000,96.000000,95.000000,95.000000,5.0,1459.7448,1337.1644,5175.4588,5298.0391,PENDING_AG03,FALSE,NOT_FOR_ENFORCEMENT,6369.7955,110565.8997,6635.2036,6369.7955,265.4081,0.05216136,0.05007491,265.4081,6369.7955,0.05007491,265.4081,265.4081,265.4081,331.7602,331.7602,6369.7955,0.05007491,1459.7448,1337.1644,5175.4588,5298.0391,0.04068586,0.04164951,0.00208645,29.8814,40.3832,2.3265,127.6001,7.3643,2446.2564,54.8462,43.4275,28.3160,5.1431,12.8578,28.9875,66.8604,128.5777,263.3173,7.8995,-2.6176,10.0,20.479237,2.324,28,180,56,8,0.15055597,0.05216136,0.11437665,0E-8,0.000000,0.905409,0.000000,-0.07324236,2026-03-22,2026-08-06,52,901,524,138,0.376812,1.533674,1.453326,0.501853,,,,,,,,GLOBAL_BASELINE_NO_ENTITY_RANKING,,,NOT_APPLICABLE_GLOBAL_BASELINE,HF9g-P5,,,,X 全窗基线 · 不参与实体赏罚,14191157,1420,A168_HF9F_20260827_0900,2026-08-27 09:00:00
2026-03-31,128173484,1623,0,5.2351909536,-5.2351909536,-5.2351909536,0E-7,2,2,0.50665070000000000,0.506650700000,-1.4331513700195317,-1.4331513700195317,-1.4331513700195317,0E-17,ELIGIBLE,R03b_20260811_FULL_v1,L1_ELIGIBILITY,v2026-08-11,2026-03-21..2026-08-06,baccarat_bet02_101_all_pairs_incl_sentinel,round_win = game_pnl > 0 (decisive only),COMPATIBILITY_ONLY_NOT_PRODUCTION,127205.3315,115172.8122,6635.2036,4257,2852,-0.05216136,-0.11437665,-0.04113429,-0.05216136,-6635.2036,127205.3315,OK,0.0000,265.4081,4.0000,96.0000,AG03-UNRESOLVED,ALL5_LEVELS_bet23_to_bet27,265.4081,265.4081,265.4081,331.7602,331.7602,4.000000,4.000000,4.000000,5.000000,5.000000,96.000000,96.000000,96.000000,95.000000,95.000000,5.0,1459.7448,1337.1644,5175.4588,5298.0391,PENDING_AG03,FALSE,NOT_FOR_ENFORCEMENT,6369.7955,110565.8997,6635.2036,6369.7955,265.4081,0.05216136,0.05007491,265.4081,6369.7955,0.05007491,265.4081,265.4081,265.4081,331.7602,331.7602,6369.7955,0.05007491,1459.7448,1337.1644,5175.4588,5298.0391,0.04068586,0.04164951,0.00208645,29.8814,40.3832,2.3265,127.6001,7.3643,2446.2564,54.8462,43.4275,28.3160,5.1431,12.8578,28.9875,66.8604,128.5777,263.3173,7.8995,-2.6176,10.0,20.479237,2.324,28,180,56,8,0.15055597,0.05216136,0.11437665,0E-8,0.000000,0.905409,0.000000,-0.07324236,2026-03-22,2026-08-06,52,901,524,138,0.376812,1.533674,1.453326,0.501853,,,,,,,,GLOBAL_BASELINE_NO_ENTITY_RANKING,,,NOT_APPLICABLE_GLOBAL_BASELINE,HF9g-P5,,,,X 全窗基线 · 不参与实体赏罚,14191158,1420,A168_HF9F_20260827_0900,2026-08-27 09:00:00
2026-03-31,128173484,1645,0,2.6175954768,-2.6175954768,-2.6175954768,0E-7,1,1,0.49324550000000000,0.493245500000,-0.9865810262130424,-0.9865810262130424,-0.9865810262130424,0E-17,ELIGIBLE,R03b_20260811_FULL_v1,L1_ELIGIBILITY,v2026-08-11,2026-03-21..2026-08-06,baccarat_bet02_101_all_pairs_incl_sentinel,round_win = game_pnl > 0 (decisive only),COMPATIBILITY_ONLY_NOT_PRODUCTION,127205.3315,115172.8122,6635.2036,4257,2852,-0.05216136,-0.11437665,-0.04113429,-0.05216136,-6635.2036,127205.3315,OK,0.0000,265.4081,4.0000,96.0000,AG03-UNRESOLVED,ALL5_LEVELS_bet23_to_bet27,265.4081,265.4081,265.4081,331.7602,331.7602,4.000000,4.000000,4.000000,5.000000,5.000000,96.000000,96.000000,96.000000,95.000000,95.000000,5.0,1459.7448,1337.1644,5175.4588,5298.0391,PENDING_AG03,FALSE,NOT_FOR_ENFORCEMENT,6369.7955,110565.8997,6635.2036,6369.7955,265.4081,0.05216136,0.05007491,265.4081,6369.7955,0.05007491,265.4081,265.4081,265.4081,331.7602,331.7602,6369.7955,0.05007491,1459.7448,1337.1644,5175.4588,5298.0391,0.04068586,0.04164951,0.00208645,29.8814,40.3832,2.3265,127.6001,7.3643,2446.2564,54.8462,43.4275,28.3160,5.1431,12.8578,28.9875,66.8604,128.5777,263.3173,7.8995,-2.6176,10.0,20.479237,2.324,28,180,56,8,0.15055597,0.05216136,0.11437665,0E-8,0.000000,0.905409,0.000000,-0.07324236,2026-03-22,2026-08-06,52,901,524,138,0.376812,1.533674,1.453326,0.501853,,,,,,,,GLOBAL_BASELINE_NO_ENTITY_RANKING,,,NOT_APPLICABLE_GLOBAL_BASELINE,HF9g-P5,,,,X 全窗基线 · 不参与实体赏罚,14191159,1420,A168_HF9F_20260827_0900,2026-08-27 09:00:00
2026-03-31,128173484,1654,0,5.2351909536,4.9734314059,4.9734314059,1.0000000,1,1,0.50665070000000000,0.506650700000,0.9867858985152569,0.9867858985152569,0.9867858985152569,0E-17,ELIGIBLE,R03b_20260811_FULL_v1,L1_ELIGIBILITY,v2026-08-11,2026-03-21..2026-08-06,baccarat_bet02_101_all_pairs_incl_sentinel,round_win = game_pnl > 0 (decisive only),COMPATIBILITY_ONLY_NOT_PRODUCTION,127205.3315,115172.8122,6635.2036,4257,2852,-0.05216136,-0.11437665,-0.04113429,-0.05216136,-6635.2036,127205.3315,OK,0.0000,265.4081,4.0000,96.0000,AG03-UNRESOLVED,ALL5_LEVELS_bet23_to_bet27,265.4081,265.4081,265.4081,331.7602,331.7602,4.000000,4.000000,4.000000,5.000000,5.000000,96.000000,96.000000,96.000000,95.000000,95.000000,5.0,1459.7448,1337.1644,5175.4588,5298.0391,PENDING_AG03,FALSE,NOT_FOR_ENFORCEMENT,6369.7955,110565.8997,6635.2036,6369.7955,265.4081,0.05216136,0.05007491,265.4081,6369.7955,0.05007491,265.4081,265.4081,265.4081,331.7602,331.7602,6369.7955,0.05007491,1459.7448,1337.1644,5175.4588,5298.0391,0.04068586,0.04164951,0.00208645,29.8814,40.3832,2.3265,127.6001,7.3643,2446.2564,54.8462,43.4275,28.3160,5.1431,12.8578,28.9875,66.8604,128.5777,263.3173,7.8995,-2.6176,10.0,20.479237,2.324,28,180,56,8,0.15055597,0.05216136,0.11437665,0E-8,0.000000,0.905409,0.000000,-0.07324236,2026-03-22,2026-08-06,52,901,524,138,0.376812,1.533674,1.453326,0.501853,,,,,,,,GLOBAL_BASELINE_NO_ENTITY_RANKING,,,NOT_APPLICABLE_GLOBAL_BASELINE,HF9g-P5,,,,X 全窗基线 · 不参与实体赏罚,14191160,1420,A168_HF9F_20260827_0900,2026-08-27 09:00:00
2026-03-31,128173484,2088,0,597.0735282569,-223.1631023741,-223.1631023741,0.3846154,15,15,0.50307598000000000,0.503075980000,-0.8542476669053323,-0.8542476669053324,-0.8542476669053323,0E-17,ELIGIBLE,R03b_20260811_FULL_v1,L1_ELIGIBILITY,v2026-08-11,2026-03-21..2026-08-06,baccarat_bet02_101_all_pairs_incl_sentinel,round_win = game_pnl > 0 (decisive only),COMPATIBILITY_ONLY_NOT_PRODUCTION,127205.3315,115172.8122,6635.2036,4257,2852,-0.05216136,-0.11437665,-0.04113429,-0.05216136,-6635.2036,127205.3315,OK,0.0000,265.4081,4.0000,96.0000,AG03-UNRESOLVED,ALL5_LEVELS_bet23_to_bet27,265.4081,265.4081,265.4081,331.7602,331.7602,4.000000,4.000000,4.000000,5.000000,5.000000,96.000000,96.000000,96.000000,95.000000,95.000000,5.0,1459.7448,1337.1644,5175.4588,5298.0391,PENDING_AG03,FALSE,NOT_FOR_ENFORCEMENT,6369.7955,110565.8997,6635.2036,6369.7955,265.4081,0.05216136,0.05007491,265.4081,6369.7955,0.05007491,265.4081,265.4081,265.4081,331.7602,331.7602,6369.7955,0.05007491,1459.7448,1337.1644,5175.4588,5298.0391,0.04068586,0.04164951,0.00208645,29.8814,40.3832,2.3265,127.6001,7.3643,2446.2564,54.8462,43.4275,28.3160,5.1431,12.8578,28.9875,66.8604,128.5777,263.3173,7.8995,-2.6176,10.0,20.479237,2.324,28,180,56,8,0.15055597,0.05216136,0.11437665,0E-8,0.000000,0.905409,0.000000,-0.07324236,2026-03-22,2026-08-06,52,901,524,138,0.376812,1.533674,1.453326,0.501853,,,,,,,,GLOBAL_BASELINE_NO_ENTITY_RANKING,,,NOT_APPLICABLE_GLOBAL_BASELINE,HF9g-P5,,,,X 全窗基线 · 不参与实体赏罚,14191161,1420,A168_HF9F_20260827_0900,2026-08-27 09:00:00
2026-03-31,128173484,2152,0,620.8936470959,-91.4849619140,-91.4849619140,0.4000000,11,10,0.49707433884615159,0.478675445000,-0.6139625367238671,-0.49804036482721975,-0.6139625367238671,0.01839889384615159,ELIGIBLE,R03b_20260811_FULL_v1,L1_ELIGIBILITY,v2026-08-11,2026-03-21..2026-08-06,baccarat_bet02_101_all_pairs_incl_sentinel,round_win = game_pnl > 0 (decisive only),COMPATIBILITY_ONLY_NOT_PRODUCTION,127205.3315,115172.8122,6635.2036,4257,2852,-0.05216136,-0.11437665,-0.04113429,-0.05216136,-6635.2036,127205.3315,OK,0.0000,265.4081,4.0000,96.0000,AG03-UNRESOLVED,ALL5_LEVELS_bet23_to_bet27,265.4081,265.4081,265.4081,331.7602,331.7602,4.000000,4.000000,4.000000,5.000000,5.000000,96.000000,96.000000,96.000000,95.000000,95.000000,5.0,1459.7448,1337.1644,5175.4588,5298.0391,PENDING_AG03,FALSE,NOT_FOR_ENFORCEMENT,6369.7955,110565.8997,6635.2036,6369.7955,265.4081,0.05216136,0.05007491,265.4081,6369.7955,0.05007491,265.4081,265.4081,265.4081,331.7602,331.7602,6369.7955,0.05007491,1459.7448,1337.1644,5175.4588,5298.0391,0.04068586,0.04164951,0.00208645,29.8814,40.3832,2.3265,127.6001,7.3643,2446.2564,54.8462,43.4275,28.3160,5.1431,12.8578,28.9875,66.8604,128.5777,263.3173,7.8995,-2.6176,10.0,20.479237,2.324,28,180,56,8,0.15055597,0.05216136,0.11437665,0E-8,0.000000,0.905409,0.000000,-0.07324236,2026-03-22,2026-08-06,52,901,524,138,0.376812,1.533674,1.453326,0.501853,,,,,,,,GLOBAL_BASELINE_NO_ENTITY_RANKING,,,NOT_APPLICABLE_GLOBAL_BASELINE,HF9g-P5,,,,X 全窗基线 · 不参与实体赏罚,14191162,1420,A168_HF9F_20260827_0900,2026-08-27 09:00:00
2026-03-31,128173484,2160,0,7.8527864304,0E-10,0E-10,,2,2,0.50665070000000000,0.506650700000,,,,0E-17,NO_DECISIVE_ROUND,R03b_20260811_FULL_v1,L1_ELIGIBILITY,v2026-08-11,2026-03-21..2026-08-06,baccarat_bet02_101_all_pairs_incl_sentinel,round_win = game_pnl > 0 (decisive only),COMPATIBILITY_ONLY_NOT_PRODUCTION,127205.3315,115172.8122,6635.2036,4257,2852,-0.05216136,-0.11437665,-0.04113429,-0.05216136,-6635.2036,127205.3315,OK,0.0000,265.4081,4.0000,96.0000,AG03-UNRESOLVED,ALL5_LEVELS_bet23_to_bet27,265.4081,265.4081,265.4081,331.7602,331.7602,4.000000,4.000000,4.000000,5.000000,5.000000,96.000000,96.000000,96.000000,95.000000,95.000000,5.0,1459.7448,1337.1644,5175.4588,5298.0391,PENDING_AG03,FALSE,NOT_FOR_ENFORCEMENT,6369.7955,110565.8997,6635.2036,6369.7955,265.4081,0.05216136,0.05007491,265.4081,6369.7955,0.05007491,265.4081,265.4081,265.4081,331.7602,331.7602,6369.7955,0.05007491,1459.7448,1337.1644,5175.4588,5298.0391,0.04068586,0.04164951,0.00208645,29.8814,40.3832,2.3265,127.6001,7.3643,2446.2564,54.8462,43.4275,28.3160,5.1431,12.8578,28.9875,66.8604,128.5777,263.3173,7.8995,-2.6176,10.0,20.479237,2.324,28,180,56,8,0.15055597,0.05216136,0.11437665,0E-8,0.000000,0.905409,0.000000,-0.07324236,2026-03-22,2026-08-06,52,901,524,138,0.376812,1.533674,1.453326,0.501853,,,,,,,,GLOBAL_BASELINE_NO_ENTITY_RANKING,,,NOT_APPLICABLE_GLOBAL_BASELINE,HF9g-P5,,,,X 全窗基线 · 不参与实体赏罚,14191163,1420,A168_HF9F_20260827_0900,2026-08-27 09:00:00
2026-03-31,128173484,2205,0,2.6175954768,-2.6175954768,-2.6175954768,0E-7,1,1,0.50665070000000000,0.506650700000,-1.013391052207602,-1.013391052207602,-1.013391052207602,0E-17,ELIGIBLE,R03b_20260811_FULL_v1,L1_ELIGIBILITY,v2026-08-11,2026-03-21..2026-08-06,baccarat_bet02_101_all_pairs_incl_sentinel,round_win = game_pnl > 0 (decisive only),COMPATIBILITY_ONLY_NOT_PRODUCTION,127205.3315,115172.8122,6635.2036,4257,2852,-0.05216136,-0.11437665,-0.04113429,-0.05216136,-6635.2036,127205.3315,OK,0.0000,265.4081,4.0000,96.0000,AG03-UNRESOLVED,ALL5_LEVELS_bet23_to_bet27,265.4081,265.4081,265.4081,331.7602,331.7602,4.000000,4.000000,4.000000,5.000000,5.000000,96.000000,96.000000,96.000000,95.000000,95.000000,5.0,1459.7448,1337.1644,5175.4588,5298.0391,PENDING_AG03,FALSE,NOT_FOR_ENFORCEMENT,6369.7955,110565.8997,6635.2036,6369.7955,265.4081,0.05216136,0.05007491,265.4081,6369.7955,0.05007491,265.4081,265.4081,265.4081,331.7602,331.7602,6369.7955,0.05007491,1459.7448,1337.1644,5175.4588,5298.0391,0.04068586,0.04164951,0.00208645,29.8814,40.3832,2.3265,127.6001,7.3643,2446.2564,54.8462,43.4275,28.3160,5.1431,12.8578,28.9875,66.8604,128.5777,263.3173,7.8995,-2.6176,10.0,20.479237,2.324,28,180,56,8,0.15055597,0.05216136,0.11437665,0E-8,0.000000,0.905409,0.000000,-0.07324236,2026-03-22,2026-08-06,52,901,524,138,0.376812,1.533674,1.453326,0.501853,,,,,,,,GLOBAL_BASELINE_NO_ENTITY_RANKING,,,NOT_APPLICABLE_GLOBAL_BASELINE,HF9g-P5,,,,X 全窗基线 · 不参与实体赏罚,14191164,1420,A168_HF9F_20260827_0900,2026-08-27 09:00:00
2026-03-31,128173484,2212,0,133.4973693166,-133.4973693166,-133.4973693166,0E-7,3,2,0.48557929423075797,0.393584825000,-1.3739972299169445,-1.1393289695942557,-1.3739972299169445,0.09199446923075797,ELIGIBLE,R03b_20260811_FULL_v1,L1_ELIGIBILITY,v2026-08-11,2026-03-21..2026-08-06,baccarat_bet02_101_all_pairs_incl_sentinel,round_win = game_pnl > 0 (decisive only),COMPATIBILITY_ONLY_NOT_PRODUCTION,127205.3315,115172.8122,6635.2036,4257,2852,-0.05216136,-0.11437665,-0.04113429,-0.05216136,-6635.2036,127205.3315,OK,0.0000,265.4081,4.0000,96.0000,AG03-UNRESOLVED,ALL5_LEVELS_bet23_to_bet27,265.4081,265.4081,265.4081,331.7602,331.7602,4.000000,4.000000,4.000000,5.000000,5.000000,96.000000,96.000000,96.000000,95.000000,95.000000,5.0,1459.7448,1337.1644,5175.4588,5298.0391,PENDING_AG03,FALSE,NOT_FOR_ENFORCEMENT,6369.7955,110565.8997,6635.2036,6369.7955,265.4081,0.05216136,0.05007491,265.4081,6369.7955,0.05007491,265.4081,265.4081,265.4081,331.7602,331.7602,6369.7955,0.05007491,1459.7448,1337.1644,5175.4588,5298.0391,0.04068586,0.04164951,0.00208645,29.8814,40.3832,2.3265,127.6001,7.3643,2446.2564,54.8462,43.4275,28.3160,5.1431,12.8578,28.9875,66.8604,128.5777,263.3173,7.8995,-2.6176,10.0,20.479237,2.324,28,180,56,8,0.15055597,0.05216136,0.11437665,0E-8,0.000000,0.905409,0.000000,-0.07324236,2026-03-22,2026-08-06,52,901,524,138,0.376812,1.533674,1.453326,0.501853,,,,,,,,GLOBAL_BASELINE_NO_ENTITY_RANKING,,,NOT_APPLICABLE_GLOBAL_BASELINE,HF9g-P5,,,,X 全窗基线 · 不参与实体赏罚,14191165,1420,A168_HF9F_20260827_0900,2026-08-27 09:00:00
2026-03-31,128173484,2241,0,7.8527864304,2.3558359291,2.3558359291,1.0000000,2,1,0.36267060000000000,0.290680550000,1.3256406135850647,1.5621148022658344,1.3256406135850647,0.07199005000000000,ELIGIBLE,R03b_20260811_FULL_v1,L1_ELIGIBILITY,v2026-08-11,2026-03-21..2026-08-06,baccarat_bet02_101_all_pairs_incl_sentinel,round_win = game_pnl > 0 (decisive only),COMPATIBILITY_ONLY_NOT_PRODUCTION,127205.3315,115172.8122,6635.2036,4257,2852,-0.05216136,-0.11437665,-0.04113429,-0.05216136,-6635.2036,127205.3315,OK,0.0000,265.4081,4.0000,96.0000,AG03-UNRESOLVED,ALL5_LEVELS_bet23_to_bet27,265.4081,265.4081,265.4081,331.7602,331.7602,4.000000,4.000000,4.000000,5.000000,5.000000,96.000000,96.000000,96.000000,95.000000,95.000000,5.0,1459.7448,1337.1644,5175.4588,5298.0391,PENDING_AG03,FALSE,NOT_FOR_ENFORCEMENT,6369.7955,110565.8997,6635.2036,6369.7955,265.4081,0.05216136,0.05007491,265.4081,6369.7955,0.05007491,265.4081,265.4081,265.4081,331.7602,331.7602,6369.7955,0.05007491,1459.7448,1337.1644,5175.4588,5298.0391,0.04068586,0.04164951,0.00208645,29.8814,40.3832,2.3265,127.6001,7.3643,2446.2564,54.8462,43.4275,28.3160,5.1431,12.8578,28.9875,66.8604,128.5777,263.3173,7.8995,-2.6176,10.0,20.479237,2.324,28,180,56,8,0.15055597,0.05216136,0.11437665,0E-8,0.000000,0.905409,0.000000,-0.07324236,2026-03-22,2026-08-06,52,901,524,138,0.376812,1.533674,1.453326,0.501853,,,,,,,,GLOBAL_BASELINE_NO_ENTITY_RANKING,,,NOT_APPLICABLE_GLOBAL_BASELINE,HF9g-P5,,,,X 全窗基线 · 不参与实体赏罚,14191166,1420,A168_HF9F_20260827_0900,2026-08-27 09:00:00
2026-03-31,128173484,2264,0,2.6175954768,2.4867157030,2.4867157030,1.0000000,1,1,0.50665070000000000,0.506650700000,0.9867858985152569,0.9867858985152569,0.9867858985152569,0E-17,ELIGIBLE,R03b_20260811_FULL_v1,L1_ELIGIBILITY,v2026-08-11,2026-03-21..2026-08-06,baccarat_bet02_101_all_pairs_incl_sentinel,round_win = game_pnl > 0 (decisive only),COMPATIBILITY_ONLY_NOT_PRODUCTION,127205.3315,115172.8122,6635.2036,4257,2852,-0.05216136,-0.11437665,-0.04113429,-0.05216136,-6635.2036,127205.3315,OK,0.0000,265.4081,4.0000,96.0000,AG03-UNRESOLVED,ALL5_LEVELS_bet23_to_bet27,265.4081,265.4081,265.4081,331.7602,331.7602,4.000000,4.000000,4.000000,5.000000,5.000000,96.000000,96.000000,96.000000,95.000000,95.000000,5.0,1459.7448,1337.1644,5175.4588,5298.0391,PENDING_AG03,FALSE,NOT_FOR_ENFORCEMENT,6369.7955,110565.8997,6635.2036,6369.7955,265.4081,0.05216136,0.05007491,265.4081,6369.7955,0.05007491,265.4081,265.4081,265.4081,331.7602,331.7602,6369.7955,0.05007491,1459.7448,1337.1644,5175.4588,5298.0391,0.04068586,0.04164951,0.00208645,29.8814,40.3832,2.3265,127.6001,7.3643,2446.2564,54.8462,43.4275,28.3160,5.1431,12.8578,28.9875,66.8604,128.5777,263.3173,7.8995,-2.6176,10.0,20.479237,2.324,28,180,56,8,0.15055597,0.05216136,0.11437665,0E-8,0.000000,0.905409,0.000000,-0.07324236,2026-03-22,2026-08-06,52,901,524,138,0.376812,1.533674,1.453326,0.501853,,,,,,,,GLOBAL_BASELINE_NO_ENTITY_RANKING,,,NOT_APPLICABLE_GLOBAL_BASELINE,HF9g-P5,,,,X 全窗基线 · 不参与实体赏罚,14191167,1420,A168_HF9F_20260827_0900,2026-08-27 09:00:00
2026-03-31,128173484,471,0,2.6175954768,-2.6175954768,-2.6175954768,0E-7,1,1,0.49324550000000000,0.493245500000,-0.9865810262130424,-0.9865810262130424,-0.9865810262130424,0E-17,ELIGIBLE,R03b_20260811_FULL_v1,L1_ELIGIBILITY,v2026-08-11,2026-03-21..2026-08-06,baccarat_bet02_101_all_pairs_incl_sentinel,round_win = game_pnl > 0 (decisive only),COMPATIBILITY_ONLY_NOT_PRODUCTION,127205.3315,115172.8122,6635.2036,4257,2852,-0.05216136,-0.11437665,-0.04113429,-0.05216136,-6635.2036,127205.3315,OK,0.0000,265.4081,4.0000,96.0000,AG03-UNRESOLVED,ALL5_LEVELS_bet23_to_bet27,265.4081,265.4081,265.4081,331.7602,331.7602,4.000000,4.000000,4.000000,5.000000,5.000000,96.000000,96.000000,96.000000,95.000000,95.000000,5.0,1459.7448,1337.1644,5175.4588,5298.0391,PENDING_AG03,FALSE,NOT_FOR_ENFORCEMENT,6369.7955,110565.8997,6635.2036,6369.7955,265.4081,0.05216136,0.05007491,265.4081,6369.7955,0.05007491,265.4081,265.4081,265.4081,331.7602,331.7602,6369.7955,0.05007491,1459.7448,1337.1644,5175.4588,5298.0391,0.04068586,0.04164951,0.00208645,29.8814,40.3832,2.3265,127.6001,7.3643,2446.2564,54.8462,43.4275,28.3160,5.1431,12.8578,28.9875,66.8604,128.5777,263.3173,7.8995,-2.6176,10.0,20.479237,2.324,28,180,56,8,0.15055597,0.05216136,0.11437665,0E-8,0.000000,0.905409,0.000000,-0.07324236,2026-03-22,2026-08-06,52,901,524,138,0.376812,1.533674,1.453326,0.501853,,,,,,,,GLOBAL_BASELINE_NO_ENTITY_RANKING,,,NOT_APPLICABLE_GLOBAL_BASELINE,HF9g-P5,,,,X 全窗基线 · 不参与实体赏罚,14191168,1420,A168_HF9F_20260827_0900,2026-08-27 09:00:00
2026-04-05,128173484,-1,1,124.3357851478,-7.8527864303,-7.8527864303,0.4000000,9,5,0.46611786385709839,0.336512540000,-0.2963693226540561,0.30043876530576596,-0.2963693226540561,0.12960532385709839,SENTINEL_DEALER,R03b_20260811_FULL_v1,L1_ELIGIBILITY,v2026-08-11,2026-03-21..2026-08-06,baccarat_bet02_101_all_pairs_incl_sentinel,round_win = game_pnl > 0 (decisive only),COMPATIBILITY_ONLY_NOT_PRODUCTION,127205.3315,115172.8122,6635.2036,4257,2852,-0.05216136,-0.11437665,-0.04113429,-0.05216136,-6635.2036,127205.3315,OK,0.0000,265.4081,4.0000,96.0000,AG03-UNRESOLVED,ALL5_LEVELS_bet23_to_bet27,265.4081,265.4081,265.4081,331.7602,331.7602,4.000000,4.000000,4.000000,5.000000,5.000000,96.000000,96.000000,96.000000,95.000000,95.000000,5.0,1459.7448,1337.1644,5175.4588,5298.0391,PENDING_AG03,FALSE,NOT_FOR_ENFORCEMENT,6369.7955,110565.8997,6635.2036,6369.7955,265.4081,0.05216136,0.05007491,265.4081,6369.7955,0.05007491,265.4081,265.4081,265.4081,331.7602,331.7602,6369.7955,0.05007491,1459.7448,1337.1644,5175.4588,5298.0391,0.04068586,0.04164951,0.00208645,29.8814,40.3832,2.3265,127.6001,7.3643,2446.2564,54.8462,43.4275,28.3160,5.1431,12.8578,28.9875,66.8604,128.5777,263.3173,7.8995,-2.6176,10.0,20.479237,2.324,28,180,56,8,0.15055597,0.05216136,0.11437665,0E-8,0.000000,0.905409,0.000000,-0.07324236,2026-03-22,2026-08-06,52,901,524,138,0.376812,1.533674,1.453326,0.501853,,,,,,,,GLOBAL_BASELINE_NO_ENTITY_RANKING,,,NOT_APPLICABLE_GLOBAL_BASELINE,HF9g-P5,,,,X 全窗基线 · 不参与实体赏罚,14191169,1420,A168_HF9F_20260827_0900,2026-08-27 09:00:00
2026-04-05,128173484,1094,0,14.3967751224,-14.3967751224,-14.3967751224,0E-7,1,1,0.50665070000000000,0.506650700000,-1.013391052207602,-1.013391052207602,-1.013391052207602,0E-17,ELIGIBLE,R03b_20260811_FULL_v1,L1_ELIGIBILITY,v2026-08-11,2026-03-21..2026-08-06,baccarat_bet02_101_all_pairs_incl_sentinel,round_win = game_pnl > 0 (decisive only),COMPATIBILITY_ONLY_NOT_PRODUCTION,127205.3315,115172.8122,6635.2036,4257,2852,-0.05216136,-0.11437665,-0.04113429,-0.05216136,-6635.2036,127205.3315,OK,0.0000,265.4081,4.0000,96.0000,AG03-UNRESOLVED,ALL5_LEVELS_bet23_to_bet27,265.4081,265.4081,265.4081,331.7602,331.7602,4.000000,4.000000,4.000000,5.000000,5.000000,96.000000,96.000000,96.000000,95.000000,95.000000,5.0,1459.7448,1337.1644,5175.4588,5298.0391,PENDING_AG03,FALSE,NOT_FOR_ENFORCEMENT,6369.7955,110565.8997,6635.2036,6369.7955,265.4081,0.05216136,0.05007491,265.4081,6369.7955,0.05007491,265.4081,265.4081,265.4081,331.7602,331.7602,6369.7955,0.05007491,1459.7448,1337.1644,5175.4588,5298.0391,0.04068586,0.04164951,0.00208645,29.8814,40.3832,2.3265,127.6001,7.3643,2446.2564,54.8462,43.4275,28.3160,5.1431,12.8578,28.9875,66.8604,128.5777,263.3173,7.8995,-2.6176,10.0,20.479237,2.324,28,180,56,8,0.15055597,0.05216136,0.11437665,0E-8,0.000000,0.905409,0.000000,-0.07324236,2026-03-22,2026-08-06,52,901,524,138,0.376812,1.533674,1.453326,0.501853,,,,,,,,GLOBAL_BASELINE_NO_ENTITY_RANKING,,,NOT_APPLICABLE_GLOBAL_BASELINE,HF9g-P5,,,,X 全窗基线 · 不参与实体赏罚,14191170,1420,A168_HF9F_20260827_0900,2026-08-27 09:00:00
2026-04-05,128173484,1157,0,98.1598303798,-19.0430070937,-19.0430070937,0.5000000,3,2,0.48182797727269581,0.400287425000,0.05143222136204803,0.2878109933178697,0.05143222136204803,0.08154055227269581,ELIGIBLE,R03b_20260811_FULL_v1,L1_ELIGIBILITY,v2026-08-11,2026-03-21..2026-08-06,baccarat_bet02_101_all_pairs_incl_sentinel,round_win = game_pnl > 0 (decisive only),COMPATIBILITY_ONLY_NOT_PRODUCTION,127205.3315,115172.8122,6635.2036,4257,2852,-0.05216136,-0.11437665,-0.04113429,-0.05216136,-6635.2036,127205.3315,OK,0.0000,265.4081,4.0000,96.0000,AG03-UNRESOLVED,ALL5_LEVELS_bet23_to_bet27,265.4081,265.4081,265.4081,331.7602,331.7602,4.000000,4.000000,4.000000,5.000000,5.000000,96.000000,96.000000,96.000000,95.000000,95.000000,5.0,1459.7448,1337.1644,5175.4588,5298.0391,PENDING_AG03,FALSE,NOT_FOR_ENFORCEMENT,6369.7955,110565.8997,6635.2036,6369.7955,265.4081,0.05216136,0.05007491,265.4081,6369.7955,0.05007491,265.4081,265.4081,265.4081,331.7602,331.7602,6369.7955,0.05007491,1459.7448,1337.1644,5175.4588,5298.0391,0.04068586,0.04164951,0.00208645,29.8814,40.3832,2.3265,127.6001,7.3643,2446.2564,54.8462,43.4275,28.3160,5.1431,12.8578,28.9875,66.8604,128.5777,263.3173,7.8995,-2.6176,10.0,20.479237,2.324,28,180,56,8,0.15055597,0.05216136,0.11437665,0E-8,0.000000,0.905409,0.000000,-0.07324236,2026-03-22,2026-08-06,52,901,524,138,0.376812,1.533674,1.453326,0.501853,,,,,,,,GLOBAL_BASELINE_NO_ENTITY_RANKING,,,NOT_APPLICABLE_GLOBAL_BASELINE,HF9g-P5,,,,X 全窗基线 · 不参与实体赏罚,14191171,1420,A168_HF9F_20260827_0900,2026-08-27 09:00:00
2026-04-05,128173484,1221,0,31.4111457215,24.7362772557,24.7362772557,1.0000000,2,1,0.47065567499988541,0.290680550000,1.0605166246762656,1.5621148022658344,1.0605166246762656,0.17997512499988541,ELIGIBLE,R03b_20260811_FULL_v1,L1_ELIGIBILITY,v2026-08-11,2026-03-21..2026-08-06,baccarat_bet02_101_all_pairs_incl_sentinel,round_win = game_pnl > 0 (decisive only),COMPATIBILITY_ONLY_NOT_PRODUCTION,127205.3315,115172.8122,6635.2036,4257,2852,-0.05216136,-0.11437665,-0.04113429,-0.05216136,-6635.2036,127205.3315,OK,0.0000,265.4081,4.0000,96.0000,AG03-UNRESOLVED,ALL5_LEVELS_bet23_to_bet27,265.4081,265.4081,265.4081,331.7602,331.7602,4.000000,4.000000,4.000000,5.000000,5.000000,96.000000,96.000000,96.000000,95.000000,95.000000,5.0,1459.7448,1337.1644,5175.4588,5298.0391,PENDING_AG03,FALSE,NOT_FOR_ENFORCEMENT,6369.7955,110565.8997,6635.2036,6369.7955,265.4081,0.05216136,0.05007491,265.4081,6369.7955,0.05007491,265.4081,265.4081,265.4081,331.7602,331.7602,6369.7955,0.05007491,1459.7448,1337.1644,5175.4588,5298.0391,0.04068586,0.04164951,0.00208645,29.8814,40.3832,2.3265,127.6001,7.3643,2446.2564,54.8462,43.4275,28.3160,5.1431,12.8578,28.9875,66.8604,128.5777,263.3173,7.8995,-2.6176,10.0,20.479237,2.324,28,180,56,8,0.15055597,0.05216136,0.11437665,0E-8,0.000000,0.905409,0.000000,-0.07324236,2026-03-22,2026-08-06,52,901,524,138,0.376812,1.533674,1.453326,0.501853,,,,,,,,GLOBAL_BASELINE_NO_ENTITY_RANKING,,,NOT_APPLICABLE_GLOBAL_BASELINE,HF9g-P5,,,,X 全窗基线 · 不参与实体赏罚,14191172,1420,A168_HF9F_20260827_0900,2026-08-27 09:00:00
2026-04-05,128173484,1306,0,22.2495615528,-14.3967751224,-14.3967751224,0E-7,3,3,0.49324550000000000,0.493245500000,-1.3952362676504506,-1.3952362676504506,-1.3952362676504506,0E-17,ELIGIBLE,R03b_20260811_FULL_v1,L1_ELIGIBILITY,v2026-08-11,2026-03-21..2026-08-06,baccarat_bet02_101_all_pairs_incl_sentinel,round_win = game_pnl > 0 (decisive only),COMPATIBILITY_ONLY_NOT_PRODUCTION,127205.3315,115172.8122,6635.2036,4257,2852,-0.05216136,-0.11437665,-0.04113429,-0.05216136,-6635.2036,127205.3315,OK,0.0000,265.4081,4.0000,96.0000,AG03-UNRESOLVED,ALL5_LEVELS_bet23_to_bet27,265.4081,265.4081,265.4081,331.7602,331.7602,4.000000,4.000000,4.000000,5.000000,5.000000,96.000000,96.000000,96.000000,95.000000,95.000000,5.0,1459.7448,1337.1644,5175.4588,5298.0391,PENDING_AG03,FALSE,NOT_FOR_ENFORCEMENT,6369.7955,110565.8997,6635.2036,6369.7955,265.4081,0.05216136,0.05007491,265.4081,6369.7955,0.05007491,265.4081,265.4081,265.4081,331.7602,331.7602,6369.7955,0.05007491,1459.7448,1337.1644,5175.4588,5298.0391,0.04068586,0.04164951,0.00208645,29.8814,40.3832,2.3265,127.6001,7.3643,2446.2564,54.8462,43.4275,28.3160,5.1431,12.8578,28.9875,66.8604,128.5777,263.3173,7.8995,-2.6176,10.0,20.479237,2.324,28,180,56,8,0.15055597,0.05216136,0.11437665,0E-8,0.000000,0.905409,0.000000,-0.07324236,2026-03-22,2026-08-06,52,901,524,138,0.376812,1.533674,1.453326,0.501853,,,,,,,,GLOBAL_BASELINE_NO_ENTITY_RANKING,,,NOT_APPLICABLE_GLOBAL_BASELINE,HF9g-P5,,,,X 全窗基线 · 不参与实体赏罚,14191173,1420,A168_HF9F_20260827_0900,2026-08-27 09:00:00
2026-04-05,128173484,1323,0,3.9263932152,3.7300735544,3.7300735544,1.0000000,1,1,0.50665070000000000,0.506650700000,0.9867858985152569,0.9867858985152569,0.9867858985152569,0E-17,ELIGIBLE,R03b_20260811_FULL_v1,L1_ELIGIBILITY,v2026-08-11,2026-03-21..2026-08-06,baccarat_bet02_101_all_pairs_incl_sentinel,round_win = game_pnl > 0 (decisive only),COMPATIBILITY_ONLY_NOT_PRODUCTION,127205.3315,115172.8122,6635.2036,4257,2852,-0.05216136,-0.11437665,-0.04113429,-0.05216136,-6635.2036,127205.3315,OK,0.0000,265.4081,4.0000,96.0000,AG03-UNRESOLVED,ALL5_LEVELS_bet23_to_bet27,265.4081,265.4081,265.4081,331.7602,331.7602,4.000000,4.000000,4.000000,5.000000,5.000000,96.000000,96.000000,96.000000,95.000000,95.000000,5.0,1459.7448,1337.1644,5175.4588,5298.0391,PENDING_AG03,FALSE,NOT_FOR_ENFORCEMENT,6369.7955,110565.8997,6635.2036,6369.7955,265.4081,0.05216136,0.05007491,265.4081,6369.7955,0.05007491,265.4081,265.4081,265.4081,331.7602,331.7602,6369.7955,0.05007491,1459.7448,1337.1644,5175.4588,5298.0391,0.04068586,0.04164951,0.00208645,29.8814,40.3832,2.3265,127.6001,7.3643,2446.2564,54.8462,43.4275,28.3160,5.1431,12.8578,28.9875,66.8604,128.5777,263.3173,7.8995,-2.6176,10.0,20.479237,2.324,28,180,56,8,0.15055597,0.05216136,0.11437665,0E-8,0.000000,0.905409,0.000000,-0.07324236,2026-03-22,2026-08-06,52,901,524,138,0.376812,1.533674,1.453326,0.501853,,,,,,,,GLOBAL_BASELINE_NO_ENTITY_RANKING,,,NOT_APPLICABLE_GLOBAL_BASELINE,HF9g-P5,,,,X 全窗基线 · 不参与实体赏罚,14191174,1420,A168_HF9F_20260827_0900,2026-08-27 09:00:00
2026-04-05,128173484,1382,0,2.6175954768,-2.6175954768,-2.6175954768,0E-7,1,1,0.50665070000000000,0.506650700000,-1.013391052207602,-1.013391052207602,-1.013391052207602,0E-17,ELIGIBLE,R03b_20260811_FULL_v1,L1_ELIGIBILITY,v2026-08-11,2026-03-21..2026-08-06,baccarat_bet02_101_all_pairs_incl_sentinel,round_win = game_pnl > 0 (decisive only),COMPATIBILITY_ONLY_NOT_PRODUCTION,127205.3315,115172.8122,6635.2036,4257,2852,-0.05216136,-0.11437665,-0.04113429,-0.05216136,-6635.2036,127205.3315,OK,0.0000,265.4081,4.0000,96.0000,AG03-UNRESOLVED,ALL5_LEVELS_bet23_to_bet27,265.4081,265.4081,265.4081,331.7602,331.7602,4.000000,4.000000,4.000000,5.000000,5.000000,96.000000,96.000000,96.000000,95.000000,95.000000,5.0,1459.7448,1337.1644,5175.4588,5298.0391,PENDING_AG03,FALSE,NOT_FOR_ENFORCEMENT,6369.7955,110565.8997,6635.2036,6369.7955,265.4081,0.05216136,0.05007491,265.4081,6369.7955,0.05007491,265.4081,265.4081,265.4081,331.7602,331.7602,6369.7955,0.05007491,1459.7448,1337.1644,5175.4588,5298.0391,0.04068586,0.04164951,0.00208645,29.8814,40.3832,2.3265,127.6001,7.3643,2446.2564,54.8462,43.4275,28.3160,5.1431,12.8578,28.9875,66.8604,128.5777,263.3173,7.8995,-2.6176,10.0,20.479237,2.324,28,180,56,8,0.15055597,0.05216136,0.11437665,0E-8,0.000000,0.905409,0.000000,-0.07324236,2026-03-22,2026-08-06,52,901,524,138,0.376812,1.533674,1.453326,0.501853,,,,,,,,GLOBAL_BASELINE_NO_ENTITY_RANKING,,,NOT_APPLICABLE_GLOBAL_BASELINE,HF9g-P5,,,,X 全窗基线 · 不参与实体赏罚,14191175,1420,A168_HF9F_20260827_0900,2026-08-27 09:00:00
2026-04-05,128173484,1401,0,80.0984215901,-43.4520849150,-43.4520849150,0E-7,9,7,0.48926199166666667,0.460076209524,-2.397437396194957,-2.2611234883675837,-2.397437396194957,0.02918578214266667,ELIGIBLE,R03b_20260811_FULL_v1,L1_ELIGIBILITY,v2026-08-11,2026-03-21..2026-08-06,baccarat_bet02_101_all_pairs_incl_sentinel,round_win = game_pnl > 0 (decisive only),COMPATIBILITY_ONLY_NOT_PRODUCTION,127205.3315,115172.8122,6635.2036,4257,2852,-0.05216136,-0.11437665,-0.04113429,-0.05216136,-6635.2036,127205.3315,OK,0.0000,265.4081,4.0000,96.0000,AG03-UNRESOLVED,ALL5_LEVELS_bet23_to_bet27,265.4081,265.4081,265.4081,331.7602,331.7602,4.000000,4.000000,4.000000,5.000000,5.000000,96.000000,96.000000,96.000000,95.000000,95.000000,5.0,1459.7448,1337.1644,5175.4588,5298.0391,PENDING_AG03,FALSE,NOT_FOR_ENFORCEMENT,6369.7955,110565.8997,6635.2036,6369.7955,265.4081,0.05216136,0.05007491,265.4081,6369.7955,0.05007491,265.4081,265.4081,265.4081,331.7602,331.7602,6369.7955,0.05007491,1459.7448,1337.1644,5175.4588,5298.0391,0.04068586,0.04164951,0.00208645,29.8814,40.3832,2.3265,127.6001,7.3643,2446.2564,54.8462,43.4275,28.3160,5.1431,12.8578,28.9875,66.8604,128.5777,263.3173,7.8995,-2.6176,10.0,20.479237,2.324,28,180,56,8,0.15055597,0.05216136,0.11437665,0E-8,0.000000,0.905409,0.000000,-0.07324236,2026-03-22,2026-08-06,52,901,524,138,0.376812,1.533674,1.453326,0.501853,,,,,,,,GLOBAL_BASELINE_NO_ENTITY_RANKING,,,NOT_APPLICABLE_GLOBAL_BASELINE,HF9g-P5,,,,X 全窗基线 · 不参与实体赏罚,14191176,1420,A168_HF9F_20260827_0900,2026-08-27 09:00:00
2026-04-05,128173484,1505,0,440.2795591971,-329.2935109809,-329.2935109809,0.1333333,21,15,0.45055083178575544,0.420219560000,-2.46926162749577,-2.2510514239102246,-2.46926162749577,0.03033127178575544,ELIGIBLE,R03b_20260811_FULL_v1,L1_ELIGIBILITY,v2026-08-11,2026-03-21..2026-08-06,baccarat_bet02_101_all_pairs_incl_sentinel,round_win = game_pnl > 0 (decisive only),COMPATIBILITY_ONLY_NOT_PRODUCTION,127205.3315,115172.8122,6635.2036,4257,2852,-0.05216136,-0.11437665,-0.04113429,-0.05216136,-6635.2036,127205.3315,OK,0.0000,265.4081,4.0000,96.0000,AG03-UNRESOLVED,ALL5_LEVELS_bet23_to_bet27,265.4081,265.4081,265.4081,331.7602,331.7602,4.000000,4.000000,4.000000,5.000000,5.000000,96.000000,96.000000,96.000000,95.000000,95.000000,5.0,1459.7448,1337.1644,5175.4588,5298.0391,PENDING_AG03,FALSE,NOT_FOR_ENFORCEMENT,6369.7955,110565.8997,6635.2036,6369.7955,265.4081,0.05216136,0.05007491,265.4081,6369.7955,0.05007491,265.4081,265.4081,265.4081,331.7602,331.7602,6369.7955,0.05007491,1459.7448,1337.1644,5175.4588,5298.0391,0.04068586,0.04164951,0.00208645,29.8814,40.3832,2.3265,127.6001,7.3643,2446.2564,54.8462,43.4275,28.3160,5.1431,12.8578,28.9875,66.8604,128.5777,263.3173,7.8995,-2.6176,10.0,20.479237,2.324,28,180,56,8,0.15055597,0.05216136,0.11437665,0E-8,0.000000,0.905409,0.000000,-0.07324236,2026-03-22,2026-08-06,52,901,524,138,0.376812,1.533674,1.453326,0.501853,,,,,,,,GLOBAL_BASELINE_NO_ENTITY_RANKING,,,NOT_APPLICABLE_GLOBAL_BASELINE,HF9g-P5,,,,X 全窗基线 · 不参与实体赏罚,14191177,1420,A168_HF9F_20260827_0900,2026-08-27 09:00:00
2026-04-05,128173484,1509,0,31.4111457216,-1E-10,-1E-10,0E-7,3,1,0.43631835000000000,0.225321300000,-0.8798016873769111,-0.539312289199877,-0.8798016873769111,0.21099705000000000,ELIGIBLE,R03b_20260811_FULL_v1,L1_ELIGIBILITY,v2026-08-11,2026-03-21..2026-08-06,baccarat_bet02_101_all_pairs_incl_sentinel,round_win = game_pnl > 0 (decisive only),COMPATIBILITY_ONLY_NOT_PRODUCTION,127205.3315,115172.8122,6635.2036,4257,2852,-0.05216136,-0.11437665,-0.04113429,-0.05216136,-6635.2036,127205.3315,OK,0.0000,265.4081,4.0000,96.0000,AG03-UNRESOLVED,ALL5_LEVELS_bet23_to_bet27,265.4081,265.4081,265.4081,331.7602,331.7602,4.000000,4.000000,4.000000,5.000000,5.000000,96.000000,96.000000,96.000000,95.000000,95.000000,5.0,1459.7448,1337.1644,5175.4588,5298.0391,PENDING_AG03,FALSE,NOT_FOR_ENFORCEMENT,6369.7955,110565.8997,6635.2036,6369.7955,265.4081,0.05216136,0.05007491,265.4081,6369.7955,0.05007491,265.4081,265.4081,265.4081,331.7602,331.7602,6369.7955,0.05007491,1459.7448,1337.1644,5175.4588,5298.0391,0.04068586,0.04164951,0.00208645,29.8814,40.3832,2.3265,127.6001,7.3643,2446.2564,54.8462,43.4275,28.3160,5.1431,12.8578,28.9875,66.8604,128.5777,263.3173,7.8995,-2.6176,10.0,20.479237,2.324,28,180,56,8,0.15055597,0.05216136,0.11437665,0E-8,0.000000,0.905409,0.000000,-0.07324236,2026-03-22,2026-08-06,52,901,524,138,0.376812,1.533674,1.453326,0.501853,,,,,,,,GLOBAL_BASELINE_NO_ENTITY_RANKING,,,NOT_APPLICABLE_GLOBAL_BASELINE,HF9g-P5,,,,X 全窗基线 · 不参与实体赏罚,14191178,1420,A168_HF9F_20260827_0900,2026-08-27 09:00:00
2026-04-05,128173484,1623,0,248.6715702957,164.7776352643,164.7776352643,0.8000000,10,5,0.47627146357140567,0.352914150000,1.4493910877147762,2.0919940246807736,1.4493910877147762,0.12335731357140567,ELIGIBLE,R03b_20260811_FULL_v1,L1_ELIGIBILITY,v2026-08-11,2026-03-21..2026-08-06,baccarat_bet02_101_all_pairs_incl_sentinel,round_win = game_pnl > 0 (decisive only),COMPATIBILITY_ONLY_NOT_PRODUCTION,127205.3315,115172.8122,6635.2036,4257,2852,-0.05216136,-0.11437665,-0.04113429,-0.05216136,-6635.2036,127205.3315,OK,0.0000,265.4081,4.0000,96.0000,AG03-UNRESOLVED,ALL5_LEVELS_bet23_to_bet27,265.4081,265.4081,265.4081,331.7602,331.7602,4.000000,4.000000,4.000000,5.000000,5.000000,96.000000,96.000000,96.000000,95.000000,95.000000,5.0,1459.7448,1337.1644,5175.4588,5298.0391,PENDING_AG03,FALSE,NOT_FOR_ENFORCEMENT,6369.7955,110565.8997,6635.2036,6369.7955,265.4081,0.05216136,0.05007491,265.4081,6369.7955,0.05007491,265.4081,265.4081,265.4081,331.7602,331.7602,6369.7955,0.05007491,1459.7448,1337.1644,5175.4588,5298.0391,0.04068586,0.04164951,0.00208645,29.8814,40.3832,2.3265,127.6001,7.3643,2446.2564,54.8462,43.4275,28.3160,5.1431,12.8578,28.9875,66.8604,128.5777,263.3173,7.8995,-2.6176,10.0,20.479237,2.324,28,180,56,8,0.15055597,0.05216136,0.11437665,0E-8,0.000000,0.905409,0.000000,-0.07324236,2026-03-22,2026-08-06,52,901,524,138,0.376812,1.533674,1.453326,0.501853,,,,,,,,GLOBAL_BASELINE_NO_ENTITY_RANKING,,,NOT_APPLICABLE_GLOBAL_BASELINE,HF9g-P5,,,,X 全窗基线 · 不参与实体赏罚,14191179,1420,A168_HF9F_20260827_0900,2026-08-27 09:00:00
2026-04-05,128173484,1704,0,3.9263932152,3.7300735544,3.7300735544,1.0000000,1,1,0.50665070000000000,0.506650700000,0.9867858985152569,0.9867858985152569,0.9867858985152569,0E-17,ELIGIBLE,R03b_20260811_FULL_v1,L1_ELIGIBILITY,v2026-08-11,2026-03-21..2026-08-06,baccarat_bet02_101_all_pairs_incl_sentinel,round_win = game_pnl > 0 (decisive only),COMPATIBILITY_ONLY_NOT_PRODUCTION,127205.3315,115172.8122,6635.2036,4257,2852,-0.05216136,-0.11437665,-0.04113429,-0.05216136,-6635.2036,127205.3315,OK,0.0000,265.4081,4.0000,96.0000,AG03-UNRESOLVED,ALL5_LEVELS_bet23_to_bet27,265.4081,265.4081,265.4081,331.7602,331.7602,4.000000,4.000000,4.000000,5.000000,5.000000,96.000000,96.000000,96.000000,95.000000,95.000000,5.0,1459.7448,1337.1644,5175.4588,5298.0391,PENDING_AG03,FALSE,NOT_FOR_ENFORCEMENT,6369.7955,110565.8997,6635.2036,6369.7955,265.4081,0.05216136,0.05007491,265.4081,6369.7955,0.05007491,265.4081,265.4081,265.4081,331.7602,331.7602,6369.7955,0.05007491,1459.7448,1337.1644,5175.4588,5298.0391,0.04068586,0.04164951,0.00208645,29.8814,40.3832,2.3265,127.6001,7.3643,2446.2564,54.8462,43.4275,28.3160,5.1431,12.8578,28.9875,66.8604,128.5777,263.3173,7.8995,-2.6176,10.0,20.479237,2.324,28,180,56,8,0.15055597,0.05216136,0.11437665,0E-8,0.000000,0.905409,0.000000,-0.07324236,2026-03-22,2026-08-06,52,901,524,138,0.376812,1.533674,1.453326,0.501853,,,,,,,,GLOBAL_BASELINE_NO_ENTITY_RANKING,,,NOT_APPLICABLE_GLOBAL_BASELINE,HF9g-P5,,,,X 全窗基线 · 不参与实体赏罚,14191180,1420,A168_HF9F_20260827_0900,2026-08-27 09:00:00
2026-04-05,128173484,1710,0,210.7164358820,57.2599010549,57.2599010549,0.5000000,6,4,0.47137594842657321,0.453469062500,0.11468429053551282,0.186934986652398,0.11468429053551282,0.01790688592657321,ELIGIBLE,R03b_20260811_FULL_v1,L1_ELIGIBILITY,v2026-08-11,2026-03-21..2026-08-06,baccarat_bet02_101_all_pairs_incl_sentinel,round_win = game_pnl > 0 (decisive only),COMPATIBILITY_ONLY_NOT_PRODUCTION,127205.3315,115172.8122,6635.2036,4257,2852,-0.05216136,-0.11437665,-0.04113429,-0.05216136,-6635.2036,127205.3315,OK,0.0000,265.4081,4.0000,96.0000,AG03-UNRESOLVED,ALL5_LEVELS_bet23_to_bet27,265.4081,265.4081,265.4081,331.7602,331.7602,4.000000,4.000000,4.000000,5.000000,5.000000,96.000000,96.000000,96.000000,95.000000,95.000000,5.0,1459.7448,1337.1644,5175.4588,5298.0391,PENDING_AG03,FALSE,NOT_FOR_ENFORCEMENT,6369.7955,110565.8997,6635.2036,6369.7955,265.4081,0.05216136,0.05007491,265.4081,6369.7955,0.05007491,265.4081,265.4081,265.4081,331.7602,331.7602,6369.7955,0.05007491,1459.7448,1337.1644,5175.4588,5298.0391,0.04068586,0.04164951,0.00208645,29.8814,40.3832,2.3265,127.6001,7.3643,2446.2564,54.8462,43.4275,28.3160,5.1431,12.8578,28.9875,66.8604,128.5777,263.3173,7.8995,-2.6176,10.0,20.479237,2.324,28,180,56,8,0.15055597,0.05216136,0.11437665,0E-8,0.000000,0.905409,0.000000,-0.07324236,2026-03-22,2026-08-06,52,901,524,138,0.376812,1.533674,1.453326,0.501853,,,,,,,,GLOBAL_BASELINE_NO_ENTITY_RANKING,,,NOT_APPLICABLE_GLOBAL_BASELINE,HF9g-P5,,,,X 全窗基线 · 不参与实体赏罚,14191181,1420,A168_HF9F_20260827_0900,2026-08-27 09:00:00
2026-04-05,128173484,1947,0,23.5583592912,-2.6175954768,-2.6175954768,0E-7,3,2,0.47065567500000000,0.398665625000,-0.9429366562787176,-0.8142286499934221,-0.9429366562787176,0.07199005000000000,ELIGIBLE,R03b_20260811_FULL_v1,L1_ELIGIBILITY,v2026-08-11,2026-03-21..2026-08-06,baccarat_bet02_101_all_pairs_incl_sentinel,round_win = game_pnl > 0 (decisive only),COMPATIBILITY_ONLY_NOT_PRODUCTION,127205.3315,115172.8122,6635.2036,4257,2852,-0.05216136,-0.11437665,-0.04113429,-0.05216136,-6635.2036,127205.3315,OK,0.0000,265.4081,4.0000,96.0000,AG03-UNRESOLVED,ALL5_LEVELS_bet23_to_bet27,265.4081,265.4081,265.4081,331.7602,331.7602,4.000000,4.000000,4.000000,5.000000,5.000000,96.000000,96.000000,96.000000,95.000000,95.000000,5.0,1459.7448,1337.1644,5175.4588,5298.0391,PENDING_AG03,FALSE,NOT_FOR_ENFORCEMENT,6369.7955,110565.8997,6635.2036,6369.7955,265.4081,0.05216136,0.05007491,265.4081,6369.7955,0.05007491,265.4081,265.4081,265.4081,331.7602,331.7602,6369.7955,0.05007491,1459.7448,1337.1644,5175.4588,5298.0391,0.04068586,0.04164951,0.00208645,29.8814,40.3832,2.3265,127.6001,7.3643,2446.2564,54.8462,43.4275,28.3160,5.1431,12.8578,28.9875,66.8604,128.5777,263.3173,7.8995,-2.6176,10.0,20.479237,2.324,28,180,56,8,0.15055597,0.05216136,0.11437665,0E-8,0.000000,0.905409,0.000000,-0.07324236,2026-03-22,2026-08-06,52,901,524,138,0.376812,1.533674,1.453326,0.501853,,,,,,,,GLOBAL_BASELINE_NO_ENTITY_RANKING,,,NOT_APPLICABLE_GLOBAL_BASELINE,HF9g-P5,,,,X 全窗基线 · 不参与实体赏罚,14191182,1420,A168_HF9F_20260827_0900,2026-08-27 09:00:00
2026-04-05,128173484,1985,0,18.3231683376,0E-10,0E-10,,1,1,0.49324550000000000,0.493245500000,,,,0E-17,NO_DECISIVE_ROUND,R03b_20260811_FULL_v1,L1_ELIGIBILITY,v2026-08-11,2026-03-21..2026-08-06,baccarat_bet02_101_all_pairs_incl_sentinel,round_win = game_pnl > 0 (decisive only),COMPATIBILITY_ONLY_NOT_PRODUCTION,127205.3315,115172.8122,6635.2036,4257,2852,-0.05216136,-0.11437665,-0.04113429,-0.05216136,-6635.2036,127205.3315,OK,0.0000,265.4081,4.0000,96.0000,AG03-UNRESOLVED,ALL5_LEVELS_bet23_to_bet27,265.4081,265.4081,265.4081,331.7602,331.7602,4.000000,4.000000,4.000000,5.000000,5.000000,96.000000,96.000000,96.000000,95.000000,95.000000,5.0,1459.7448,1337.1644,5175.4588,5298.0391,PENDING_AG03,FALSE,NOT_FOR_ENFORCEMENT,6369.7955,110565.8997,6635.2036,6369.7955,265.4081,0.05216136,0.05007491,265.4081,6369.7955,0.05007491,265.4081,265.4081,265.4081,331.7602,331.7602,6369.7955,0.05007491,1459.7448,1337.1644,5175.4588,5298.0391,0.04068586,0.04164951,0.00208645,29.8814,40.3832,2.3265,127.6001,7.3643,2446.2564,54.8462,43.4275,28.3160,5.1431,12.8578,28.9875,66.8604,128.5777,263.3173,7.8995,-2.6176,10.0,20.479237,2.324,28,180,56,8,0.15055597,0.05216136,0.11437665,0E-8,0.000000,0.905409,0.000000,-0.07324236,2026-03-22,2026-08-06,52,901,524,138,0.376812,1.533674,1.453326,0.501853,,,,,,,,GLOBAL_BASELINE_NO_ENTITY_RANKING,,,NOT_APPLICABLE_GLOBAL_BASELINE,HF9g-P5,,,,X 全窗基线 · 不参与实体赏罚,14191183,1420,A168_HF9F_20260827_0900,2026-08-27 09:00:00
2026-04-05,128173484,2071,0,121.7181896710,-11.3341884146,-11.3341884146,0.6666667,4,4,0.49659680000000000,0.496596800000,0.5891529468324541,0.589152946832454,0.5891529468324541,0E-17,ELIGIBLE,R03b_20260811_FULL_v1,L1_ELIGIBILITY,v2026-08-11,2026-03-21..2026-08-06,baccarat_bet02_101_all_pairs_incl_sentinel,round_win = game_pnl > 0 (decisive only),COMPATIBILITY_ONLY_NOT_PRODUCTION,127205.3315,115172.8122,6635.2036,4257,2852,-0.05216136,-0.11437665,-0.04113429,-0.05216136,-6635.2036,127205.3315,OK,0.0000,265.4081,4.0000,96.0000,AG03-UNRESOLVED,ALL5_LEVELS_bet23_to_bet27,265.4081,265.4081,265.4081,331.7602,331.7602,4.000000,4.000000,4.000000,5.000000,5.000000,96.000000,96.000000,96.000000,95.000000,95.000000,5.0,1459.7448,1337.1644,5175.4588,5298.0391,PENDING_AG03,FALSE,NOT_FOR_ENFORCEMENT,6369.7955,110565.8997,6635.2036,6369.7955,265.4081,0.05216136,0.05007491,265.4081,6369.7955,0.05007491,265.4081,265.4081,265.4081,331.7602,331.7602,6369.7955,0.05007491,1459.7448,1337.1644,5175.4588,5298.0391,0.04068586,0.04164951,0.00208645,29.8814,40.3832,2.3265,127.6001,7.3643,2446.2564,54.8462,43.4275,28.3160,5.1431,12.8578,28.9875,66.8604,128.5777,263.3173,7.8995,-2.6176,10.0,20.479237,2.324,28,180,56,8,0.15055597,0.05216136,0.11437665,0E-8,0.000000,0.905409,0.000000,-0.07324236,2026-03-22,2026-08-06,52,901,524,138,0.376812,1.533674,1.453326,0.501853,,,,,,,,GLOBAL_BASELINE_NO_ENTITY_RANKING,,,NOT_APPLICABLE_GLOBAL_BASELINE,HF9g-P5,,,,X 全窗基线 · 不参与实体赏罚,14191184,1420,A168_HF9F_20260827_0900,2026-08-27 09:00:00
2026-04-05,128173484,2115,0,5.2351909536,-5.2351909536,-5.2351909536,0E-7,1,1,0.50665070000000000,0.506650700000,-1.013391052207602,-1.013391052207602,-1.013391052207602,0E-17,ELIGIBLE,R03b_20260811_FULL_v1,L1_ELIGIBILITY,v2026-08-11,2026-03-21..2026-08-06,baccarat_bet02_101_all_pairs_incl_sentinel,round_win = game_pnl > 0 (decisive only),COMPATIBILITY_ONLY_NOT_PRODUCTION,127205.3315,115172.8122,6635.2036,4257,2852,-0.05216136,-0.11437665,-0.04113429,-0.05216136,-6635.2036,127205.3315,OK,0.0000,265.4081,4.0000,96.0000,AG03-UNRESOLVED,ALL5_LEVELS_bet23_to_bet27,265.4081,265.4081,265.4081,331.7602,331.7602,4.000000,4.000000,4.000000,5.000000,5.000000,96.000000,96.000000,96.000000,95.000000,95.000000,5.0,1459.7448,1337.1644,5175.4588,5298.0391,PENDING_AG03,FALSE,NOT_FOR_ENFORCEMENT,6369.7955,110565.8997,6635.2036,6369.7955,265.4081,0.05216136,0.05007491,265.4081,6369.7955,0.05007491,265.4081,265.4081,265.4081,331.7602,331.7602,6369.7955,0.05007491,1459.7448,1337.1644,5175.4588,5298.0391,0.04068586,0.04164951,0.00208645,29.8814,40.3832,2.3265,127.6001,7.3643,2446.2564,54.8462,43.4275,28.3160,5.1431,12.8578,28.9875,66.8604,128.5777,263.3173,7.8995,-2.6176,10.0,20.479237,2.324,28,180,56,8,0.15055597,0.05216136,0.11437665,0E-8,0.000000,0.905409,0.000000,-0.07324236,2026-03-22,2026-08-06,52,901,524,138,0.376812,1.533674,1.453326,0.501853,,,,,,,,GLOBAL_BASELINE_NO_ENTITY_RANKING,,,NOT_APPLICABLE_GLOBAL_BASELINE,HF9g-P5,,,,X 全窗基线 · 不参与实体赏罚,14191185,1420,A168_HF9F_20260827_0900,2026-08-27 09:00:00
2026-04-05,128173484,2123,0,35.3375389368,-35.3375389368,-35.3375389368,0E-7,3,3,0.50218230000000000,0.502182300000,-1.7396270863184011,-1.7396270863184016,-1.7396270863184011,0E-17,ELIGIBLE,R03b_20260811_FULL_v1,L1_ELIGIBILITY,v2026-08-11,2026-03-21..2026-08-06,baccarat_bet02_101_all_pairs_incl_sentinel,round_win = game_pnl > 0 (decisive only),COMPATIBILITY_ONLY_NOT_PRODUCTION,127205.3315,115172.8122,6635.2036,4257,2852,-0.05216136,-0.11437665,-0.04113429,-0.05216136,-6635.2036,127205.3315,OK,0.0000,265.4081,4.0000,96.0000,AG03-UNRESOLVED,ALL5_LEVELS_bet23_to_bet27,265.4081,265.4081,265.4081,331.7602,331.7602,4.000000,4.000000,4.000000,5.000000,5.000000,96.000000,96.000000,96.000000,95.000000,95.000000,5.0,1459.7448,1337.1644,5175.4588,5298.0391,PENDING_AG03,FALSE,NOT_FOR_ENFORCEMENT,6369.7955,110565.8997,6635.2036,6369.7955,265.4081,0.05216136,0.05007491,265.4081,6369.7955,0.05007491,265.4081,265.4081,265.4081,331.7602,331.7602,6369.7955,0.05007491,1459.7448,1337.1644,5175.4588,5298.0391,0.04068586,0.04164951,0.00208645,29.8814,40.3832,2.3265,127.6001,7.3643,2446.2564,54.8462,43.4275,28.3160,5.1431,12.8578,28.9875,66.8604,128.5777,263.3173,7.8995,-2.6176,10.0,20.479237,2.324,28,180,56,8,0.15055597,0.05216136,0.11437665,0E-8,0.000000,0.905409,0.000000,-0.07324236,2026-03-22,2026-08-06,52,901,524,138,0.376812,1.533674,1.453326,0.501853,,,,,,,,GLOBAL_BASELINE_NO_ENTITY_RANKING,,,NOT_APPLICABLE_GLOBAL_BASELINE,HF9g-P5,,,,X 全窗基线 · 不参与实体赏罚,14191186,1420,A168_HF9F_20260827_0900,2026-08-27 09:00:00
2026-04-05,128173484,2127,0,15.7055728608,9.8159830380,9.8159830380,1.0000000,2,1,0.43797605000000000,0.300626750000,1.1327973652310617,1.5252488199758223,1.1327973652310617,0.13734930000000000,ELIGIBLE,R03b_20260811_FULL_v1,L1_ELIGIBILITY,v2026-08-11,2026-03-21..2026-08-06,baccarat_bet02_101_all_pairs_incl_sentinel,round_win = game_pnl > 0 (decisive only),COMPATIBILITY_ONLY_NOT_PRODUCTION,127205.3315,115172.8122,6635.2036,4257,2852,-0.05216136,-0.11437665,-0.04113429,-0.05216136,-6635.2036,127205.3315,OK,0.0000,265.4081,4.0000,96.0000,AG03-UNRESOLVED,ALL5_LEVELS_bet23_to_bet27,265.4081,265.4081,265.4081,331.7602,331.7602,4.000000,4.000000,4.000000,5.000000,5.000000,96.000000,96.000000,96.000000,95.000000,95.000000,5.0,1459.7448,1337.1644,5175.4588,5298.0391,PENDING_AG03,FALSE,NOT_FOR_ENFORCEMENT,6369.7955,110565.8997,6635.2036,6369.7955,265.4081,0.05216136,0.05007491,265.4081,6369.7955,0.05007491,265.4081,265.4081,265.4081,331.7602,331.7602,6369.7955,0.05007491,1459.7448,1337.1644,5175.4588,5298.0391,0.04068586,0.04164951,0.00208645,29.8814,40.3832,2.3265,127.6001,7.3643,2446.2564,54.8462,43.4275,28.3160,5.1431,12.8578,28.9875,66.8604,128.5777,263.3173,7.8995,-2.6176,10.0,20.479237,2.324,28,180,56,8,0.15055597,0.05216136,0.11437665,0E-8,0.000000,0.905409,0.000000,-0.07324236,2026-03-22,2026-08-06,52,901,524,138,0.376812,1.533674,1.453326,0.501853,,,,,,,,GLOBAL_BASELINE_NO_ENTITY_RANKING,,,NOT_APPLICABLE_GLOBAL_BASELINE,HF9g-P5,,,,X 全窗基线 · 不参与实体赏罚,14191187,1420,A168_HF9F_20260827_0900,2026-08-27 09:00:00
2026-04-05,128173484,2153,0,56.2783027512,38.8712928305,38.8712928305,0.7500000,5,4,0.47754640625000000,0.451793412500,1.0909149299308845,1.1984092611100932,1.0909149299308845,0.02575299375000000,ELIGIBLE,R03b_20260811_FULL_v1,L1_ELIGIBILITY,v2026-08-11,2026-03-21..2026-08-06,baccarat_bet02_101_all_pairs_incl_sentinel,round_win = game_pnl > 0 (decisive only),COMPATIBILITY_ONLY_NOT_PRODUCTION,127205.3315,115172.8122,6635.2036,4257,2852,-0.05216136,-0.11437665,-0.04113429,-0.05216136,-6635.2036,127205.3315,OK,0.0000,265.4081,4.0000,96.0000,AG03-UNRESOLVED,ALL5_LEVELS_bet23_to_bet27,265.4081,265.4081,265.4081,331.7602,331.7602,4.000000,4.000000,4.000000,5.000000,5.000000,96.000000,96.000000,96.000000,95.000000,95.000000,5.0,1459.7448,1337.1644,5175.4588,5298.0391,PENDING_AG03,FALSE,NOT_FOR_ENFORCEMENT,6369.7955,110565.8997,6635.2036,6369.7955,265.4081,0.05216136,0.05007491,265.4081,6369.7955,0.05007491,265.4081,265.4081,265.4081,331.7602,331.7602,6369.7955,0.05007491,1459.7448,1337.1644,5175.4588,5298.0391,0.04068586,0.04164951,0.00208645,29.8814,40.3832,2.3265,127.6001,7.3643,2446.2564,54.8462,43.4275,28.3160,5.1431,12.8578,28.9875,66.8604,128.5777,263.3173,7.8995,-2.6176,10.0,20.479237,2.324,28,180,56,8,0.15055597,0.05216136,0.11437665,0E-8,0.000000,0.905409,0.000000,-0.07324236,2026-03-22,2026-08-06,52,901,524,138,0.376812,1.533674,1.453326,0.501853,,,,,,,,GLOBAL_BASELINE_NO_ENTITY_RANKING,,,NOT_APPLICABLE_GLOBAL_BASELINE,HF9g-P5,,,,X 全窗基线 · 不参与实体赏罚,14191188,1420,A168_HF9F_20260827_0900,2026-08-27 09:00:00
2026-04-05,128173484,2160,0,13.0879773840,-13.0879773840,-13.0879773840,0E-7,1,1,0.49324550000000000,0.493245500000,-0.9865810262130424,-0.9865810262130424,-0.9865810262130424,0E-17,ELIGIBLE,R03b_20260811_FULL_v1,L1_ELIGIBILITY,v2026-08-11,2026-03-21..2026-08-06,baccarat_bet02_101_all_pairs_incl_sentinel,round_win = game_pnl > 0 (decisive only),COMPATIBILITY_ONLY_NOT_PRODUCTION,127205.3315,115172.8122,6635.2036,4257,2852,-0.05216136,-0.11437665,-0.04113429,-0.05216136,-6635.2036,127205.3315,OK,0.0000,265.4081,4.0000,96.0000,AG03-UNRESOLVED,ALL5_LEVELS_bet23_to_bet27,265.4081,265.4081,265.4081,331.7602,331.7602,4.000000,4.000000,4.000000,5.000000,5.000000,96.000000,96.000000,96.000000,95.000000,95.000000,5.0,1459.7448,1337.1644,5175.4588,5298.0391,PENDING_AG03,FALSE,NOT_FOR_ENFORCEMENT,6369.7955,110565.8997,6635.2036,6369.7955,265.4081,0.05216136,0.05007491,265.4081,6369.7955,0.05007491,265.4081,265.4081,265.4081,331.7602,331.7602,6369.7955,0.05007491,1459.7448,1337.1644,5175.4588,5298.0391,0.04068586,0.04164951,0.00208645,29.8814,40.3832,2.3265,127.6001,7.3643,2446.2564,54.8462,43.4275,28.3160,5.1431,12.8578,28.9875,66.8604,128.5777,263.3173,7.8995,-2.6176,10.0,20.479237,2.324,28,180,56,8,0.15055597,0.05216136,0.11437665,0E-8,0.000000,0.905409,0.000000,-0.07324236,2026-03-22,2026-08-06,52,901,524,138,0.376812,1.533674,1.453326,0.501853,,,,,,,,GLOBAL_BASELINE_NO_ENTITY_RANKING,,,NOT_APPLICABLE_GLOBAL_BASELINE,HF9g-P5,,,,X 全窗基线 · 不参与实体赏罚,14191189,1420,A168_HF9F_20260827_0900,2026-08-27 09:00:00
2026-04-05,128173484,2169,0,109.1537313825,-103.0285579668,-103.0285579668,0.2000000,8,5,0.46777492643355385,0.380355290000,-1.2000208060115665,-0.8307068347247074,-1.2000208060115665,0.08741963643355385,ELIGIBLE,R03b_20260811_FULL_v1,L1_ELIGIBILITY,v2026-08-11,2026-03-21..2026-08-06,baccarat_bet02_101_all_pairs_incl_sentinel,round_win = game_pnl > 0 (decisive only),COMPATIBILITY_ONLY_NOT_PRODUCTION,127205.3315,115172.8122,6635.2036,4257,2852,-0.05216136,-0.11437665,-0.04113429,-0.05216136,-6635.2036,127205.3315,OK,0.0000,265.4081,4.0000,96.0000,AG03-UNRESOLVED,ALL5_LEVELS_bet23_to_bet27,265.4081,265.4081,265.4081,331.7602,331.7602,4.000000,4.000000,4.000000,5.000000,5.000000,96.000000,96.000000,96.000000,95.000000,95.000000,5.0,1459.7448,1337.1644,5175.4588,5298.0391,PENDING_AG03,FALSE,NOT_FOR_ENFORCEMENT,6369.7955,110565.8997,6635.2036,6369.7955,265.4081,0.05216136,0.05007491,265.4081,6369.7955,0.05007491,265.4081,265.4081,265.4081,331.7602,331.7602,6369.7955,0.05007491,1459.7448,1337.1644,5175.4588,5298.0391,0.04068586,0.04164951,0.00208645,29.8814,40.3832,2.3265,127.6001,7.3643,2446.2564,54.8462,43.4275,28.3160,5.1431,12.8578,28.9875,66.8604,128.5777,263.3173,7.8995,-2.6176,10.0,20.479237,2.324,28,180,56,8,0.15055597,0.05216136,0.11437665,0E-8,0.000000,0.905409,0.000000,-0.07324236,2026-03-22,2026-08-06,52,901,524,138,0.376812,1.533674,1.453326,0.501853,,,,,,,,GLOBAL_BASELINE_NO_ENTITY_RANKING,,,NOT_APPLICABLE_GLOBAL_BASELINE,HF9g-P5,,,,X 全窗基线 · 不参与实体赏罚,14191190,1420,A168_HF9F_20260827_0900,2026-08-27 09:00:00
2026-04-05,128173484,2201,0,15.7055728608,-15.7055728608,-15.7055728608,0E-7,2,1,0.43797605000000000,0.300626750000,-0.8827704148093826,-0.655630731788307,-0.8827704148093826,0.13734930000000000,ELIGIBLE,R03b_20260811_FULL_v1,L1_ELIGIBILITY,v2026-08-11,2026-03-21..2026-08-06,baccarat_bet02_101_all_pairs_incl_sentinel,round_win = game_pnl > 0 (decisive only),COMPATIBILITY_ONLY_NOT_PRODUCTION,127205.3315,115172.8122,6635.2036,4257,2852,-0.05216136,-0.11437665,-0.04113429,-0.05216136,-6635.2036,127205.3315,OK,0.0000,265.4081,4.0000,96.0000,AG03-UNRESOLVED,ALL5_LEVELS_bet23_to_bet27,265.4081,265.4081,265.4081,331.7602,331.7602,4.000000,4.000000,4.000000,5.000000,5.000000,96.000000,96.000000,96.000000,95.000000,95.000000,5.0,1459.7448,1337.1644,5175.4588,5298.0391,PENDING_AG03,FALSE,NOT_FOR_ENFORCEMENT,6369.7955,110565.8997,6635.2036,6369.7955,265.4081,0.05216136,0.05007491,265.4081,6369.7955,0.05007491,265.4081,265.4081,265.4081,331.7602,331.7602,6369.7955,0.05007491,1459.7448,1337.1644,5175.4588,5298.0391,0.04068586,0.04164951,0.00208645,29.8814,40.3832,2.3265,127.6001,7.3643,2446.2564,54.8462,43.4275,28.3160,5.1431,12.8578,28.9875,66.8604,128.5777,263.3173,7.8995,-2.6176,10.0,20.479237,2.324,28,180,56,8,0.15055597,0.05216136,0.11437665,0E-8,0.000000,0.905409,0.000000,-0.07324236,2026-03-22,2026-08-06,52,901,524,138,0.376812,1.533674,1.453326,0.501853,,,,,,,,GLOBAL_BASELINE_NO_ENTITY_RANKING,,,NOT_APPLICABLE_GLOBAL_BASELINE,HF9g-P5,,,,X 全窗基线 · 不参与实体赏罚,14191191,1420,A168_HF9F_20260827_0900,2026-08-27 09:00:00
2026-04-05,128173484,2209,0,13.3497369317,7.7219066566,7.7219066566,1.0000000,3,2,0.44844211250000000,0.396936125000,1.5684018746774526,1.7431563486697372,1.5684018746774526,0.05150598750000000,ELIGIBLE,R03b_20260811_FULL_v1,L1_ELIGIBILITY,v2026-08-11,2026-03-21..2026-08-06,baccarat_bet02_101_all_pairs_incl_sentinel,round_win = game_pnl > 0 (decisive only),COMPATIBILITY_ONLY_NOT_PRODUCTION,127205.3315,115172.8122,6635.2036,4257,2852,-0.05216136,-0.11437665,-0.04113429,-0.05216136,-6635.2036,127205.3315,OK,0.0000,265.4081,4.0000,96.0000,AG03-UNRESOLVED,ALL5_LEVELS_bet23_to_bet27,265.4081,265.4081,265.4081,331.7602,331.7602,4.000000,4.000000,4.000000,5.000000,5.000000,96.000000,96.000000,96.000000,95.000000,95.000000,5.0,1459.7448,1337.1644,5175.4588,5298.0391,PENDING_AG03,FALSE,NOT_FOR_ENFORCEMENT,6369.7955,110565.8997,6635.2036,6369.7955,265.4081,0.05216136,0.05007491,265.4081,6369.7955,0.05007491,265.4081,265.4081,265.4081,331.7602,331.7602,6369.7955,0.05007491,1459.7448,1337.1644,5175.4588,5298.0391,0.04068586,0.04164951,0.00208645,29.8814,40.3832,2.3265,127.6001,7.3643,2446.2564,54.8462,43.4275,28.3160,5.1431,12.8578,28.9875,66.8604,128.5777,263.3173,7.8995,-2.6176,10.0,20.479237,2.324,28,180,56,8,0.15055597,0.05216136,0.11437665,0E-8,0.000000,0.905409,0.000000,-0.07324236,2026-03-22,2026-08-06,52,901,524,138,0.376812,1.533674,1.453326,0.501853,,,,,,,,GLOBAL_BASELINE_NO_ENTITY_RANKING,,,NOT_APPLICABLE_GLOBAL_BASELINE,HF9g-P5,,,,X 全窗基线 · 不参与实体赏罚,14191192,1420,A168_HF9F_20260827_0900,2026-08-27 09:00:00
2026-04-05,128173484,2224,0,28.7935502448,-28.7935502448,-28.7935502448,0E-7,2,1,0.46919180000000000,0.300626750000,-0.9401700128633647,-0.655630731788307,-0.9401700128633647,0.16856505000000000,ELIGIBLE,R03b_20260811_FULL_v1,L1_ELIGIBILITY,v2026-08-11,2026-03-21..2026-08-06,baccarat_bet02_101_all_pairs_incl_sentinel,round_win = game_pnl > 0 (decisive only),COMPATIBILITY_ONLY_NOT_PRODUCTION,127205.3315,115172.8122,6635.2036,4257,2852,-0.05216136,-0.11437665,-0.04113429,-0.05216136,-6635.2036,127205.3315,OK,0.0000,265.4081,4.0000,96.0000,AG03-UNRESOLVED,ALL5_LEVELS_bet23_to_bet27,265.4081,265.4081,265.4081,331.7602,331.7602,4.000000,4.000000,4.000000,5.000000,5.000000,96.000000,96.000000,96.000000,95.000000,95.000000,5.0,1459.7448,1337.1644,5175.4588,5298.0391,PENDING_AG03,FALSE,NOT_FOR_ENFORCEMENT,6369.7955,110565.8997,6635.2036,6369.7955,265.4081,0.05216136,0.05007491,265.4081,6369.7955,0.05007491,265.4081,265.4081,265.4081,331.7602,331.7602,6369.7955,0.05007491,1459.7448,1337.1644,5175.4588,5298.0391,0.04068586,0.04164951,0.00208645,29.8814,40.3832,2.3265,127.6001,7.3643,2446.2564,54.8462,43.4275,28.3160,5.1431,12.8578,28.9875,66.8604,128.5777,263.3173,7.8995,-2.6176,10.0,20.479237,2.324,28,180,56,8,0.15055597,0.05216136,0.11437665,0E-8,0.000000,0.905409,0.000000,-0.07324236,2026-03-22,2026-08-06,52,901,524,138,0.376812,1.533674,1.453326,0.501853,,,,,,,,GLOBAL_BASELINE_NO_ENTITY_RANKING,,,NOT_APPLICABLE_GLOBAL_BASELINE,HF9g-P5,,,,X 全窗基线 · 不参与实体赏罚,14191193,1420,A168_HF9F_20260827_0900,2026-08-27 09:00:00
2026-04-05,128173484,2233,0,152.3440567496,128.5239379107,128.5239379107,0.8333333,7,6,0.47866350624979503,0.470079175000,1.739104369038958,1.7827696021096366,1.739104369038958,0.00858433124979503,ELIGIBLE,R03b_20260811_FULL_v1,L1_ELIGIBILITY,v2026-08-11,2026-03-21..2026-08-06,baccarat_bet02_101_all_pairs_incl_sentinel,round_win = game_pnl > 0 (decisive only),COMPATIBILITY_ONLY_NOT_PRODUCTION,127205.3315,115172.8122,6635.2036,4257,2852,-0.05216136,-0.11437665,-0.04113429,-0.05216136,-6635.2036,127205.3315,OK,0.0000,265.4081,4.0000,96.0000,AG03-UNRESOLVED,ALL5_LEVELS_bet23_to_bet27,265.4081,265.4081,265.4081,331.7602,331.7602,4.000000,4.000000,4.000000,5.000000,5.000000,96.000000,96.000000,96.000000,95.000000,95.000000,5.0,1459.7448,1337.1644,5175.4588,5298.0391,PENDING_AG03,FALSE,NOT_FOR_ENFORCEMENT,6369.7955,110565.8997,6635.2036,6369.7955,265.4081,0.05216136,0.05007491,265.4081,6369.7955,0.05007491,265.4081,265.4081,265.4081,331.7602,331.7602,6369.7955,0.05007491,1459.7448,1337.1644,5175.4588,5298.0391,0.04068586,0.04164951,0.00208645,29.8814,40.3832,2.3265,127.6001,7.3643,2446.2564,54.8462,43.4275,28.3160,5.1431,12.8578,28.9875,66.8604,128.5777,263.3173,7.8995,-2.6176,10.0,20.479237,2.324,28,180,56,8,0.15055597,0.05216136,0.11437665,0E-8,0.000000,0.905409,0.000000,-0.07324236,2026-03-22,2026-08-06,52,901,524,138,0.376812,1.533674,1.453326,0.501853,,,,,,,,GLOBAL_BASELINE_NO_ENTITY_RANKING,,,NOT_APPLICABLE_GLOBAL_BASELINE,HF9g-P5,,,,X 全窗基线 · 不参与实体赏罚,14191194,1420,A168_HF9F_20260827_0900,2026-08-27 09:00:00
2026-04-05,128173484,2256,0,13.0879773840,-13.0879773840,-13.0879773840,0E-7,1,1,0.49324550000000000,0.493245500000,-0.9865810262130424,-0.9865810262130424,-0.9865810262130424,0E-17,ELIGIBLE,R03b_20260811_FULL_v1,L1_ELIGIBILITY,v2026-08-11,2026-03-21..2026-08-06,baccarat_bet02_101_all_pairs_incl_sentinel,round_win = game_pnl > 0 (decisive only),COMPATIBILITY_ONLY_NOT_PRODUCTION,127205.3315,115172.8122,6635.2036,4257,2852,-0.05216136,-0.11437665,-0.04113429,-0.05216136,-6635.2036,127205.3315,OK,0.0000,265.4081,4.0000,96.0000,AG03-UNRESOLVED,ALL5_LEVELS_bet23_to_bet27,265.4081,265.4081,265.4081,331.7602,331.7602,4.000000,4.000000,4.000000,5.000000,5.000000,96.000000,96.000000,96.000000,95.000000,95.000000,5.0,1459.7448,1337.1644,5175.4588,5298.0391,PENDING_AG03,FALSE,NOT_FOR_ENFORCEMENT,6369.7955,110565.8997,6635.2036,6369.7955,265.4081,0.05216136,0.05007491,265.4081,6369.7955,0.05007491,265.4081,265.4081,265.4081,331.7602,331.7602,6369.7955,0.05007491,1459.7448,1337.1644,5175.4588,5298.0391,0.04068586,0.04164951,0.00208645,29.8814,40.3832,2.3265,127.6001,7.3643,2446.2564,54.8462,43.4275,28.3160,5.1431,12.8578,28.9875,66.8604,128.5777,263.3173,7.8995,-2.6176,10.0,20.479237,2.324,28,180,56,8,0.15055597,0.05216136,0.11437665,0E-8,0.000000,0.905409,0.000000,-0.07324236,2026-03-22,2026-08-06,52,901,524,138,0.376812,1.533674,1.453326,0.501853,,,,,,,,GLOBAL_BASELINE_NO_ENTITY_RANKING,,,NOT_APPLICABLE_GLOBAL_BASELINE,HF9g-P5,,,,X 全窗基线 · 不参与实体赏罚,14191195,1420,A168_HF9F_20260827_0900,2026-08-27 09:00:00
2026-04-05,128173484,2258,0,15.7055728608,-15.7055728608,-15.7055728608,0E-7,2,1,0.43797605000000000,0.300626750000,-0.8827704148093826,-0.655630731788307,-0.8827704148093826,0.13734930000000000,ELIGIBLE,R03b_20260811_FULL_v1,L1_ELIGIBILITY,v2026-08-11,2026-03-21..2026-08-06,baccarat_bet02_101_all_pairs_incl_sentinel,round_win = game_pnl > 0 (decisive only),COMPATIBILITY_ONLY_NOT_PRODUCTION,127205.3315,115172.8122,6635.2036,4257,2852,-0.05216136,-0.11437665,-0.04113429,-0.05216136,-6635.2036,127205.3315,OK,0.0000,265.4081,4.0000,96.0000,AG03-UNRESOLVED,ALL5_LEVELS_bet23_to_bet27,265.4081,265.4081,265.4081,331.7602,331.7602,4.000000,4.000000,4.000000,5.000000,5.000000,96.000000,96.000000,96.000000,95.000000,95.000000,5.0,1459.7448,1337.1644,5175.4588,5298.0391,PENDING_AG03,FALSE,NOT_FOR_ENFORCEMENT,6369.7955,110565.8997,6635.2036,6369.7955,265.4081,0.05216136,0.05007491,265.4081,6369.7955,0.05007491,265.4081,265.4081,265.4081,331.7602,331.7602,6369.7955,0.05007491,1459.7448,1337.1644,5175.4588,5298.0391,0.04068586,0.04164951,0.00208645,29.8814,40.3832,2.3265,127.6001,7.3643,2446.2564,54.8462,43.4275,28.3160,5.1431,12.8578,28.9875,66.8604,128.5777,263.3173,7.8995,-2.6176,10.0,20.479237,2.324,28,180,56,8,0.15055597,0.05216136,0.11437665,0E-8,0.000000,0.905409,0.000000,-0.07324236,2026-03-22,2026-08-06,52,901,524,138,0.376812,1.533674,1.453326,0.501853,,,,,,,,GLOBAL_BASELINE_NO_ENTITY_RANKING,,,NOT_APPLICABLE_GLOBAL_BASELINE,HF9g-P5,,,,X 全窗基线 · 不参与实体赏罚,14191196,1420,A168_HF9F_20260827_0900,2026-08-27 09:00:00
2026-04-05,128173484,2266,0,7.8527864304,2.6175954768,2.6175954768,1.0000000,2,1,0.35372576666666667,0.283965900000,1.3516836864338497,1.587938788024013,1.3516836864338497,0.06975986666666667,ELIGIBLE,R03b_20260811_FULL_v1,L1_ELIGIBILITY,v2026-08-11,2026-03-21..2026-08-06,baccarat_bet02_101_all_pairs_incl_sentinel,round_win = game_pnl > 0 (decisive only),COMPATIBILITY_ONLY_NOT_PRODUCTION,127205.3315,115172.8122,6635.2036,4257,2852,-0.05216136,-0.11437665,-0.04113429,-0.05216136,-6635.2036,127205.3315,OK,0.0000,265.4081,4.0000,96.0000,AG03-UNRESOLVED,ALL5_LEVELS_bet23_to_bet27,265.4081,265.4081,265.4081,331.7602,331.7602,4.000000,4.000000,4.000000,5.000000,5.000000,96.000000,96.000000,96.000000,95.000000,95.000000,5.0,1459.7448,1337.1644,5175.4588,5298.0391,PENDING_AG03,FALSE,NOT_FOR_ENFORCEMENT,6369.7955,110565.8997,6635.2036,6369.7955,265.4081,0.05216136,0.05007491,265.4081,6369.7955,0.05007491,265.4081,265.4081,265.4081,331.7602,331.7602,6369.7955,0.05007491,1459.7448,1337.1644,5175.4588,5298.0391,0.04068586,0.04164951,0.00208645,29.8814,40.3832,2.3265,127.6001,7.3643,2446.2564,54.8462,43.4275,28.3160,5.1431,12.8578,28.9875,66.8604,128.5777,263.3173,7.8995,-2.6176,10.0,20.479237,2.324,28,180,56,8,0.15055597,0.05216136,0.11437665,0E-8,0.000000,0.905409,0.000000,-0.07324236,2026-03-22,2026-08-06,52,901,524,138,0.376812,1.533674,1.453326,0.501853,,,,,,,,GLOBAL_BASELINE_NO_ENTITY_RANKING,,,NOT_APPLICABLE_GLOBAL_BASELINE,HF9g-P5,,,,X 全窗基线 · 不参与实体赏罚,14191197,1420,A168_HF9F_20260827_0900,2026-08-27 09:00:00
2026-04-05,128173484,550,0,80.3601811377,18.7812475460,18.7812475460,0.6666667,13,6,0.39123081074775596,0.303530686111,1.3824621315500247,1.9346063654235868,1.3824621315500247,0.08770012463675596,ELIGIBLE,R03b_20260811_FULL_v1,L1_ELIGIBILITY,v2026-08-11,2026-03-21..2026-08-06,baccarat_bet02_101_all_pairs_incl_sentinel,round_win = game_pnl > 0 (decisive only),COMPATIBILITY_ONLY_NOT_PRODUCTION,127205.3315,115172.8122,6635.2036,4257,2852,-0.05216136,-0.11437665,-0.04113429,-0.05216136,-6635.2036,127205.3315,OK,0.0000,265.4081,4.0000,96.0000,AG03-UNRESOLVED,ALL5_LEVELS_bet23_to_bet27,265.4081,265.4081,265.4081,331.7602,331.7602,4.000000,4.000000,4.000000,5.000000,5.000000,96.000000,96.000000,96.000000,95.000000,95.000000,5.0,1459.7448,1337.1644,5175.4588,5298.0391,PENDING_AG03,FALSE,NOT_FOR_ENFORCEMENT,6369.7955,110565.8997,6635.2036,6369.7955,265.4081,0.05216136,0.05007491,265.4081,6369.7955,0.05007491,265.4081,265.4081,265.4081,331.7602,331.7602,6369.7955,0.05007491,1459.7448,1337.1644,5175.4588,5298.0391,0.04068586,0.04164951,0.00208645,29.8814,40.3832,2.3265,127.6001,7.3643,2446.2564,54.8462,43.4275,28.3160,5.1431,12.8578,28.9875,66.8604,128.5777,263.3173,7.8995,-2.6176,10.0,20.479237,2.324,28,180,56,8,0.15055597,0.05216136,0.11437665,0E-8,0.000000,0.905409,0.000000,-0.07324236,2026-03-22,2026-08-06,52,901,524,138,0.376812,1.533674,1.453326,0.501853,,,,,,,,GLOBAL_BASELINE_NO_ENTITY_RANKING,,,NOT_APPLICABLE_GLOBAL_BASELINE,HF9g-P5,,,,X 全窗基线 · 不参与实体赏罚,14191198,1420,A168_HF9F_20260827_0900,2026-08-27 09:00:00
2026-04-05,128173484,919,0,15.7055728608,20.9407638144,20.9407638144,1.0000000,2,1,0.43797605000000000,0.300626750000,1.1327973652310617,1.5252488199758223,1.1327973652310617,0.13734930000000000,ELIGIBLE,R03b_20260811_FULL_v1,L1_ELIGIBILITY,v2026-08-11,2026-03-21..2026-08-06,baccarat_bet02_101_all_pairs_incl_sentinel,round_win = game_pnl > 0 (decisive only),COMPATIBILITY_ONLY_NOT_PRODUCTION,127205.3315,115172.8122,6635.2036,4257,2852,-0.05216136,-0.11437665,-0.04113429,-0.05216136,-6635.2036,127205.3315,OK,0.0000,265.4081,4.0000,96.0000,AG03-UNRESOLVED,ALL5_LEVELS_bet23_to_bet27,265.4081,265.4081,265.4081,331.7602,331.7602,4.000000,4.000000,4.000000,5.000000,5.000000,96.000000,96.000000,96.000000,95.000000,95.000000,5.0,1459.7448,1337.1644,5175.4588,5298.0391,PENDING_AG03,FALSE,NOT_FOR_ENFORCEMENT,6369.7955,110565.8997,6635.2036,6369.7955,265.4081,0.05216136,0.05007491,265.4081,6369.7955,0.05007491,265.4081,265.4081,265.4081,331.7602,331.7602,6369.7955,0.05007491,1459.7448,1337.1644,5175.4588,5298.0391,0.04068586,0.04164951,0.00208645,29.8814,40.3832,2.3265,127.6001,7.3643,2446.2564,54.8462,43.4275,28.3160,5.1431,12.8578,28.9875,66.8604,128.5777,263.3173,7.8995,-2.6176,10.0,20.479237,2.324,28,180,56,8,0.15055597,0.05216136,0.11437665,0E-8,0.000000,0.905409,0.000000,-0.07324236,2026-03-22,2026-08-06,52,901,524,138,0.376812,1.533674,1.453326,0.501853,,,,,,,,GLOBAL_BASELINE_NO_ENTITY_RANKING,,,NOT_APPLICABLE_GLOBAL_BASELINE,HF9g-P5,,,,X 全窗基线 · 不参与实体赏罚,14191199,1420,A168_HF9F_20260827_0900,2026-08-27 09:00:00
2026-04-05,128173484,925,0,15.7055728608,-15.7055728608,-15.7055728608,0E-7,2,1,0.42680505000000000,0.293924150000,-0.8629062149761382,-0.6451964315166089,-0.8629062149761382,0.13288090000000000,ELIGIBLE,R03b_20260811_FULL_v1,L1_ELIGIBILITY,v2026-08-11,2026-03-21..2026-08-06,baccarat_bet02_101_all_pairs_incl_sentinel,round_win = game_pnl > 0 (decisive only),COMPATIBILITY_ONLY_NOT_PRODUCTION,127205.3315,115172.8122,6635.2036,4257,2852,-0.05216136,-0.11437665,-0.04113429,-0.05216136,-6635.2036,127205.3315,OK,0.0000,265.4081,4.0000,96.0000,AG03-UNRESOLVED,ALL5_LEVELS_bet23_to_bet27,265.4081,265.4081,265.4081,331.7602,331.7602,4.000000,4.000000,4.000000,5.000000,5.000000,96.000000,96.000000,96.000000,95.000000,95.000000,5.0,1459.7448,1337.1644,5175.4588,5298.0391,PENDING_AG03,FALSE,NOT_FOR_ENFORCEMENT,6369.7955,110565.8997,6635.2036,6369.7955,265.4081,0.05216136,0.05007491,265.4081,6369.7955,0.05007491,265.4081,265.4081,265.4081,331.7602,331.7602,6369.7955,0.05007491,1459.7448,1337.1644,5175.4588,5298.0391,0.04068586,0.04164951,0.00208645,29.8814,40.3832,2.3265,127.6001,7.3643,2446.2564,54.8462,43.4275,28.3160,5.1431,12.8578,28.9875,66.8604,128.5777,263.3173,7.8995,-2.6176,10.0,20.479237,2.324,28,180,56,8,0.15055597,0.05216136,0.11437665,0E-8,0.000000,0.905409,0.000000,-0.07324236,2026-03-22,2026-08-06,52,901,524,138,0.376812,1.533674,1.453326,0.501853,,,,,,,,GLOBAL_BASELINE_NO_ENTITY_RANKING,,,NOT_APPLICABLE_GLOBAL_BASELINE,HF9g-P5,,,,X 全窗基线 · 不参与实体赏罚,14191200,1420,A168_HF9F_20260827_0900,2026-08-27 09:00:00
2026-04-05,128173484,948,0,48.4255163208,25.7178755595,25.7178755595,0.8000000,7,5,0.46685898000000000,0.418230320000,1.493135446536758,1.730625654243023,1.493135446536758,0.04862866000000000,ELIGIBLE,R03b_20260811_FULL_v1,L1_ELIGIBILITY,v2026-08-11,2026-03-21..2026-08-06,baccarat_bet02_101_all_pairs_incl_sentinel,round_win = game_pnl > 0 (decisive only),COMPATIBILITY_ONLY_NOT_PRODUCTION,127205.3315,115172.8122,6635.2036,4257,2852,-0.05216136,-0.11437665,-0.04113429,-0.05216136,-6635.2036,127205.3315,OK,0.0000,265.4081,4.0000,96.0000,AG03-UNRESOLVED,ALL5_LEVELS_bet23_to_bet27,265.4081,265.4081,265.4081,331.7602,331.7602,4.000000,4.000000,4.000000,5.000000,5.000000,96.000000,96.000000,96.000000,95.000000,95.000000,5.0,1459.7448,1337.1644,5175.4588,5298.0391,PENDING_AG03,FALSE,NOT_FOR_ENFORCEMENT,6369.7955,110565.8997,6635.2036,6369.7955,265.4081,0.05216136,0.05007491,265.4081,6369.7955,0.05007491,265.4081,265.4081,265.4081,331.7602,331.7602,6369.7955,0.05007491,1459.7448,1337.1644,5175.4588,5298.0391,0.04068586,0.04164951,0.00208645,29.8814,40.3832,2.3265,127.6001,7.3643,2446.2564,54.8462,43.4275,28.3160,5.1431,12.8578,28.9875,66.8604,128.5777,263.3173,7.8995,-2.6176,10.0,20.479237,2.324,28,180,56,8,0.15055597,0.05216136,0.11437665,0E-8,0.000000,0.905409,0.000000,-0.07324236,2026-03-22,2026-08-06,52,901,524,138,0.376812,1.533674,1.453326,0.501853,,,,,,,,GLOBAL_BASELINE_NO_ENTITY_RANKING,,,NOT_APPLICABLE_GLOBAL_BASELINE,HF9g-P5,,,,X 全窗基线 · 不参与实体赏罚,14191201,1420,A168_HF9F_20260827_0900,2026-08-27 09:00:00
2026-04-05,128173484,970,0,89.5217653065,-43.4520849148,-43.4520849148,0.4285714,9,8,0.49479980815217391,0.475465306250,-0.3504665993557125,-0.24843835248347326,-0.3504665993557125,0.01933450190217391,ELIGIBLE,R03b_20260811_FULL_v1,L1_ELIGIBILITY,v2026-08-11,2026-03-21..2026-08-06,baccarat_bet02_101_all_pairs_incl_sentinel,round_win = game_pnl > 0 (decisive only),COMPATIBILITY_ONLY_NOT_PRODUCTION,127205.3315,115172.8122,6635.2036,4257,2852,-0.05216136,-0.11437665,-0.04113429,-0.05216136,-6635.2036,127205.3315,OK,0.0000,265.4081,4.0000,96.0000,AG03-UNRESOLVED,ALL5_LEVELS_bet23_to_bet27,265.4081,265.4081,265.4081,331.7602,331.7602,4.000000,4.000000,4.000000,5.000000,5.000000,96.000000,96.000000,96.000000,95.000000,95.000000,5.0,1459.7448,1337.1644,5175.4588,5298.0391,PENDING_AG03,FALSE,NOT_FOR_ENFORCEMENT,6369.7955,110565.8997,6635.2036,6369.7955,265.4081,0.05216136,0.05007491,265.4081,6369.7955,0.05007491,265.4081,265.4081,265.4081,331.7602,331.7602,6369.7955,0.05007491,1459.7448,1337.1644,5175.4588,5298.0391,0.04068586,0.04164951,0.00208645,29.8814,40.3832,2.3265,127.6001,7.3643,2446.2564,54.8462,43.4275,28.3160,5.1431,12.8578,28.9875,66.8604,128.5777,263.3173,7.8995,-2.6176,10.0,20.479237,2.324,28,180,56,8,0.15055597,0.05216136,0.11437665,0E-8,0.000000,0.905409,0.000000,-0.07324236,2026-03-22,2026-08-06,52,901,524,138,0.376812,1.533674,1.453326,0.501853,,,,,,,,GLOBAL_BASELINE_NO_ENTITY_RANKING,,,NOT_APPLICABLE_GLOBAL_BASELINE,HF9g-P5,,,,X 全窗基线 · 不参与实体赏罚,14191202,1420,A168_HF9F_20260827_0900,2026-08-27 09:00:00
2026-04-05,128173484,987,0,62.8222914431,-7.8527864305,-7.8527864305,0.3333333,6,3,0.45322605128197469,0.342707438889,-0.41714985160830603,-0.03420970605620382,-0.41714985160830603,0.11051861239297469,ELIGIBLE,R03b_20260811_FULL_v1,L1_ELIGIBILITY,v2026-08-11,2026-03-21..2026-08-06,baccarat_bet02_101_all_pairs_incl_sentinel,round_win = game_pnl > 0 (decisive only),COMPATIBILITY_ONLY_NOT_PRODUCTION,127205.3315,115172.8122,6635.2036,4257,2852,-0.05216136,-0.11437665,-0.04113429,-0.05216136,-6635.2036,127205.3315,OK,0.0000,265.4081,4.0000,96.0000,AG03-UNRESOLVED,ALL5_LEVELS_bet23_to_bet27,265.4081,265.4081,265.4081,331.7602,331.7602,4.000000,4.000000,4.000000,5.000000,5.000000,96.000000,96.000000,96.000000,95.000000,95.000000,5.0,1459.7448,1337.1644,5175.4588,5298.0391,PENDING_AG03,FALSE,NOT_FOR_ENFORCEMENT,6369.7955,110565.8997,6635.2036,6369.7955,265.4081,0.05216136,0.05007491,265.4081,6369.7955,0.05007491,265.4081,265.4081,265.4081,331.7602,331.7602,6369.7955,0.05007491,1459.7448,1337.1644,5175.4588,5298.0391,0.04068586,0.04164951,0.00208645,29.8814,40.3832,2.3265,127.6001,7.3643,2446.2564,54.8462,43.4275,28.3160,5.1431,12.8578,28.9875,66.8604,128.5777,263.3173,7.8995,-2.6176,10.0,20.479237,2.324,28,180,56,8,0.15055597,0.05216136,0.11437665,0E-8,0.000000,0.905409,0.000000,-0.07324236,2026-03-22,2026-08-06,52,901,524,138,0.376812,1.533674,1.453326,0.501853,,,,,,,,GLOBAL_BASELINE_NO_ENTITY_RANKING,,,NOT_APPLICABLE_GLOBAL_BASELINE,HF9g-P5,,,,X 全窗基线 · 不参与实体赏罚,14191203,1420,A168_HF9F_20260827_0900,2026-08-27 09:00:00
2026-04-06,128173484,1505,0,75.3867497317,-25.1289165773,-25.1289165773,0.5000000,2,2,0.49324550000000000,0.493245500000,0.01910635448239258,0.01910635448239258,0.01910635448239258,0E-17,ELIGIBLE,R03b_20260811_FULL_v1,L1_ELIGIBILITY,v2026-08-11,2026-03-21..2026-08-06,baccarat_bet02_101_all_pairs_incl_sentinel,round_win = game_pnl > 0 (decisive only),COMPATIBILITY_ONLY_NOT_PRODUCTION,127205.3315,115172.8122,6635.2036,4257,2852,-0.05216136,-0.11437665,-0.04113429,-0.05216136,-6635.2036,127205.3315,OK,0.0000,265.4081,4.0000,96.0000,AG03-UNRESOLVED,ALL5_LEVELS_bet23_to_bet27,265.4081,265.4081,265.4081,331.7602,331.7602,4.000000,4.000000,4.000000,5.000000,5.000000,96.000000,96.000000,96.000000,95.000000,95.000000,5.0,1459.7448,1337.1644,5175.4588,5298.0391,PENDING_AG03,FALSE,NOT_FOR_ENFORCEMENT,6369.7955,110565.8997,6635.2036,6369.7955,265.4081,0.05216136,0.05007491,265.4081,6369.7955,0.05007491,265.4081,265.4081,265.4081,331.7602,331.7602,6369.7955,0.05007491,1459.7448,1337.1644,5175.4588,5298.0391,0.04068586,0.04164951,0.00208645,29.8814,40.3832,2.3265,127.6001,7.3643,2446.2564,54.8462,43.4275,28.3160,5.1431,12.8578,28.9875,66.8604,128.5777,263.3173,7.8995,-2.6176,10.0,20.479237,2.324,28,180,56,8,0.15055597,0.05216136,0.11437665,0E-8,0.000000,0.905409,0.000000,-0.07324236,2026-03-22,2026-08-06,52,901,524,138,0.376812,1.533674,1.453326,0.501853,,,,,,,,GLOBAL_BASELINE_NO_ENTITY_RANKING,,,NOT_APPLICABLE_GLOBAL_BASELINE,HF9g-P5,,,,X 全窗基线 · 不参与实体赏罚,14191204,1420,A168_HF9F_20260827_0900,2026-08-27 09:00:00
2026-04-06,128173484,2072,0,12.8262178363,12.1849069445,12.1849069445,1.0000000,1,1,0.50665070000000000,0.506650700000,0.9867858985152569,0.9867858985152569,0.9867858985152569,0E-17,ELIGIBLE,R03b_20260811_FULL_v1,L1_ELIGIBILITY,v2026-08-11,2026-03-21..2026-08-06,baccarat_bet02_101_all_pairs_incl_sentinel,round_win = game_pnl > 0 (decisive only),COMPATIBILITY_ONLY_NOT_PRODUCTION,127205.3315,115172.8122,6635.2036,4257,2852,-0.05216136,-0.11437665,-0.04113429,-0.05216136,-6635.2036,127205.3315,OK,0.0000,265.4081,4.0000,96.0000,AG03-UNRESOLVED,ALL5_LEVELS_bet23_to_bet27,265.4081,265.4081,265.4081,331.7602,331.7602,4.000000,4.000000,4.000000,5.000000,5.000000,96.000000,96.000000,96.000000,95.000000,95.000000,5.0,1459.7448,1337.1644,5175.4588,5298.0391,PENDING_AG03,FALSE,NOT_FOR_ENFORCEMENT,6369.7955,110565.8997,6635.2036,6369.7955,265.4081,0.05216136,0.05007491,265.4081,6369.7955,0.05007491,265.4081,265.4081,265.4081,331.7602,331.7602,6369.7955,0.05007491,1459.7448,1337.1644,5175.4588,5298.0391,0.04068586,0.04164951,0.00208645,29.8814,40.3832,2.3265,127.6001,7.3643,2446.2564,54.8462,43.4275,28.3160,5.1431,12.8578,28.9875,66.8604,128.5777,263.3173,7.8995,-2.6176,10.0,20.479237,2.324,28,180,56,8,0.15055597,0.05216136,0.11437665,0E-8,0.000000,0.905409,0.000000,-0.07324236,2026-03-22,2026-08-06,52,901,524,138,0.376812,1.533674,1.453326,0.501853,,,,,,,,GLOBAL_BASELINE_NO_ENTITY_RANKING,,,NOT_APPLICABLE_GLOBAL_BASELINE,HF9g-P5,,,,X 全窗基线 · 不参与实体赏罚,14191205,1420,A168_HF9F_20260827_0900,2026-08-27 09:00:00
2026-04-06,128173484,2209,0,2.6175954768,-2.6175954768,-2.6175954768,0E-7,1,1,0.49324550000000000,0.493245500000,-0.9865810262130424,-0.9865810262130424,-0.9865810262130424,0E-17,ELIGIBLE,R03b_20260811_FULL_v1,L1_ELIGIBILITY,v2026-08-11,2026-03-21..2026-08-06,baccarat_bet02_101_all_pairs_incl_sentinel,round_win = game_pnl > 0 (decisive only),COMPATIBILITY_ONLY_NOT_PRODUCTION,127205.3315,115172.8122,6635.2036,4257,2852,-0.05216136,-0.11437665,-0.04113429,-0.05216136,-6635.2036,127205.3315,OK,0.0000,265.4081,4.0000,96.0000,AG03-UNRESOLVED,ALL5_LEVELS_bet23_to_bet27,265.4081,265.4081,265.4081,331.7602,331.7602,4.000000,4.000000,4.000000,5.000000,5.000000,96.000000,96.000000,96.000000,95.000000,95.000000,5.0,1459.7448,1337.1644,5175.4588,5298.0391,PENDING_AG03,FALSE,NOT_FOR_ENFORCEMENT,6369.7955,110565.8997,6635.2036,6369.7955,265.4081,0.05216136,0.05007491,265.4081,6369.7955,0.05007491,265.4081,265.4081,265.4081,331.7602,331.7602,6369.7955,0.05007491,1459.7448,1337.1644,5175.4588,5298.0391,0.04068586,0.04164951,0.00208645,29.8814,40.3832,2.3265,127.6001,7.3643,2446.2564,54.8462,43.4275,28.3160,5.1431,12.8578,28.9875,66.8604,128.5777,263.3173,7.8995,-2.6176,10.0,20.479237,2.324,28,180,56,8,0.15055597,0.05216136,0.11437665,0E-8,0.000000,0.905409,0.000000,-0.07324236,2026-03-22,2026-08-06,52,901,524,138,0.376812,1.533674,1.453326,0.501853,,,,,,,,GLOBAL_BASELINE_NO_ENTITY_RANKING,,,NOT_APPLICABLE_GLOBAL_BASELINE,HF9g-P5,,,,X 全窗基线 · 不参与实体赏罚,14191206,1420,A168_HF9F_20260827_0900,2026-08-27 09:00:00
2026-04-06,128173484,550,0,3.4028741198,3.2327304138,3.2327304138,1.0000000,1,1,0.50665070000000000,0.506650700000,0.9867858985152569,0.9867858985152569,0.9867858985152569,0E-17,ELIGIBLE,R03b_20260811_FULL_v1,L1_ELIGIBILITY,v2026-08-11,2026-03-21..2026-08-06,baccarat_bet02_101_all_pairs_incl_sentinel,round_win = game_pnl > 0 (decisive only),COMPATIBILITY_ONLY_NOT_PRODUCTION,127205.3315,115172.8122,6635.2036,4257,2852,-0.05216136,-0.11437665,-0.04113429,-0.05216136,-6635.2036,127205.3315,OK,0.0000,265.4081,4.0000,96.0000,AG03-UNRESOLVED,ALL5_LEVELS_bet23_to_bet27,265.4081,265.4081,265.4081,331.7602,331.7602,4.000000,4.000000,4.000000,5.000000,5.000000,96.000000,96.000000,96.000000,95.000000,95.000000,5.0,1459.7448,1337.1644,5175.4588,5298.0391,PENDING_AG03,FALSE,NOT_FOR_ENFORCEMENT,6369.7955,110565.8997,6635.2036,6369.7955,265.4081,0.05216136,0.05007491,265.4081,6369.7955,0.05007491,265.4081,265.4081,265.4081,331.7602,331.7602,6369.7955,0.05007491,1459.7448,1337.1644,5175.4588,5298.0391,0.04068586,0.04164951,0.00208645,29.8814,40.3832,2.3265,127.6001,7.3643,2446.2564,54.8462,43.4275,28.3160,5.1431,12.8578,28.9875,66.8604,128.5777,263.3173,7.8995,-2.6176,10.0,20.479237,2.324,28,180,56,8,0.15055597,0.05216136,0.11437665,0E-8,0.000000,0.905409,0.000000,-0.07324236,2026-03-22,2026-08-06,52,901,524,138,0.376812,1.533674,1.453326,0.501853,,,,,,,,GLOBAL_BASELINE_NO_ENTITY_RANKING,,,NOT_APPLICABLE_GLOBAL_BASELINE,HF9g-P5,,,,X 全窗基线 · 不参与实体赏罚,14191207,1420,A168_HF9F_20260827_0900,2026-08-27 09:00:00
2026-04-06,128173484,986,0,671.1514802503,-241.5386226213,-241.5386226213,0.4000000,15,15,0.50039494000000000,0.500394940000,-0.7776561039208946,-0.7776561039208947,-0.7776561039208946,0E-17,ELIGIBLE,R03b_20260811_FULL_v1,L1_ELIGIBILITY,v2026-08-11,2026-03-21..2026-08-06,baccarat_bet02_101_all_pairs_incl_sentinel,round_win = game_pnl > 0 (decisive only),COMPATIBILITY_ONLY_NOT_PRODUCTION,127205.3315,115172.8122,6635.2036,4257,2852,-0.05216136,-0.11437665,-0.04113429,-0.05216136,-6635.2036,127205.3315,OK,0.0000,265.4081,4.0000,96.0000,AG03-UNRESOLVED,ALL5_LEVELS_bet23_to_bet27,265.4081,265.4081,265.4081,331.7602,331.7602,4.000000,4.000000,4.000000,5.000000,5.000000,96.000000,96.000000,96.000000,95.000000,95.000000,5.0,1459.7448,1337.1644,5175.4588,5298.0391,PENDING_AG03,FALSE,NOT_FOR_ENFORCEMENT,6369.7955,110565.8997,6635.2036,6369.7955,265.4081,0.05216136,0.05007491,265.4081,6369.7955,0.05007491,265.4081,265.4081,265.4081,331.7602,331.7602,6369.7955,0.05007491,1459.7448,1337.1644,5175.4588,5298.0391,0.04068586,0.04164951,0.00208645,29.8814,40.3832,2.3265,127.6001,7.3643,2446.2564,54.8462,43.4275,28.3160,5.1431,12.8578,28.9875,66.8604,128.5777,263.3173,7.8995,-2.6176,10.0,20.479237,2.324,28,180,56,8,0.15055597,0.05216136,0.11437665,0E-8,0.000000,0.905409,0.000000,-0.07324236,2026-03-22,2026-08-06,52,901,524,138,0.376812,1.533674,1.453326,0.501853,,,,,,,,GLOBAL_BASELINE_NO_ENTITY_RANKING,,,NOT_APPLICABLE_GLOBAL_BASELINE,HF9g-P5,,,,X 全窗基线 · 不参与实体赏罚,14191208,1420,A168_HF9F_20260827_0900,2026-08-27 09:00:00
2026-04-09,128173484,1115,0,120.1476323849,103.4211972882,103.4211972882,0.6666667,3,3,0.50665070000000000,0.506650700000,0.5543606114942035,0.5543606114942035,0.5543606114942035,0E-17,ELIGIBLE,R03b_20260811_FULL_v1,L1_ELIGIBILITY,v2026-08-11,2026-03-21..2026-08-06,baccarat_bet02_101_all_pairs_incl_sentinel,round_win = game_pnl > 0 (decisive only),COMPATIBILITY_ONLY_NOT_PRODUCTION,127205.3315,115172.8122,6635.2036,4257,2852,-0.05216136,-0.11437665,-0.04113429,-0.05216136,-6635.2036,127205.3315,OK,0.0000,265.4081,4.0000,96.0000,AG03-UNRESOLVED,ALL5_LEVELS_bet23_to_bet27,265.4081,265.4081,265.4081,331.7602,331.7602,4.000000,4.000000,4.000000,5.000000,5.000000,96.000000,96.000000,96.000000,95.000000,95.000000,5.0,1459.7448,1337.1644,5175.4588,5298.0391,PENDING_AG03,FALSE,NOT_FOR_ENFORCEMENT,6369.7955,110565.8997,6635.2036,6369.7955,265.4081,0.05216136,0.05007491,265.4081,6369.7955,0.05007491,265.4081,265.4081,265.4081,331.7602,331.7602,6369.7955,0.05007491,1459.7448,1337.1644,5175.4588,5298.0391,0.04068586,0.04164951,0.00208645,29.8814,40.3832,2.3265,127.6001,7.3643,2446.2564,54.8462,43.4275,28.3160,5.1431,12.8578,28.9875,66.8604,128.5777,263.3173,7.8995,-2.6176,10.0,20.479237,2.324,28,180,56,8,0.15055597,0.05216136,0.11437665,0E-8,0.000000,0.905409,0.000000,-0.07324236,2026-03-22,2026-08-06,52,901,524,138,0.376812,1.533674,1.453326,0.501853,,,,,,,,GLOBAL_BASELINE_NO_ENTITY_RANKING,,,NOT_APPLICABLE_GLOBAL_BASELINE,HF9g-P5,,,,X 全窗基线 · 不参与实体赏罚,14191209,1420,A168_HF9F_20260827_0900,2026-08-27 09:00:00
2026-04-09,128173484,2235,0,233.2277569825,90.3855718136,90.3855718136,0.5714286,8,8,0.50665070000000000,0.506650700000,0.34280260342128577,0.34280260342128577,0.34280260342128577,0E-17,ELIGIBLE,R03b_20260811_FULL_v1,L1_ELIGIBILITY,v2026-08-11,2026-03-21..2026-08-06,baccarat_bet02_101_all_pairs_incl_sentinel,round_win = game_pnl > 0 (decisive only),COMPATIBILITY_ONLY_NOT_PRODUCTION,127205.3315,115172.8122,6635.2036,4257,2852,-0.05216136,-0.11437665,-0.04113429,-0.05216136,-6635.2036,127205.3315,OK,0.0000,265.4081,4.0000,96.0000,AG03-UNRESOLVED,ALL5_LEVELS_bet23_to_bet27,265.4081,265.4081,265.4081,331.7602,331.7602,4.000000,4.000000,4.000000,5.000000,5.000000,96.000000,96.000000,96.000000,95.000000,95.000000,5.0,1459.7448,1337.1644,5175.4588,5298.0391,PENDING_AG03,FALSE,NOT_FOR_ENFORCEMENT,6369.7955,110565.8997,6635.2036,6369.7955,265.4081,0.05216136,0.05007491,265.4081,6369.7955,0.05007491,265.4081,265.4081,265.4081,331.7602,331.7602,6369.7955,0.05007491,1459.7448,1337.1644,5175.4588,5298.0391,0.04068586,0.04164951,0.00208645,29.8814,40.3832,2.3265,127.6001,7.3643,2446.2564,54.8462,43.4275,28.3160,5.1431,12.8578,28.9875,66.8604,128.5777,263.3173,7.8995,-2.6176,10.0,20.479237,2.324,28,180,56,8,0.15055597,0.05216136,0.11437665,0E-8,0.000000,0.905409,0.000000,-0.07324236,2026-03-22,2026-08-06,52,901,524,138,0.376812,1.533674,1.453326,0.501853,,,,,,,,GLOBAL_BASELINE_NO_ENTITY_RANKING,,,NOT_APPLICABLE_GLOBAL_BASELINE,HF9g-P5,,,,X 全窗基线 · 不参与实体赏罚,14191210,1420,A168_HF9F_20260827_0900,2026-08-27 09:00:00
2026-04-09,128173484,2246,0,448.6558647226,88.4878150930,88.4878150930,0.6923077,14,14,0.50473567142857143,0.504735671429,1.3526617507692806,1.352661750766201,1.3526617507692806,-4.2857E-13,ELIGIBLE,R03b_20260811_FULL_v1,L1_ELIGIBILITY,v2026-08-11,2026-03-21..2026-08-06,baccarat_bet02_101_all_pairs_incl_sentinel,round_win = game_pnl > 0 (decisive only),COMPATIBILITY_ONLY_NOT_PRODUCTION,127205.3315,115172.8122,6635.2036,4257,2852,-0.05216136,-0.11437665,-0.04113429,-0.05216136,-6635.2036,127205.3315,OK,0.0000,265.4081,4.0000,96.0000,AG03-UNRESOLVED,ALL5_LEVELS_bet23_to_bet27,265.4081,265.4081,265.4081,331.7602,331.7602,4.000000,4.000000,4.000000,5.000000,5.000000,96.000000,96.000000,96.000000,95.000000,95.000000,5.0,1459.7448,1337.1644,5175.4588,5298.0391,PENDING_AG03,FALSE,NOT_FOR_ENFORCEMENT,6369.7955,110565.8997,6635.2036,6369.7955,265.4081,0.05216136,0.05007491,265.4081,6369.7955,0.05007491,265.4081,265.4081,265.4081,331.7602,331.7602,6369.7955,0.05007491,1459.7448,1337.1644,5175.4588,5298.0391,0.04068586,0.04164951,0.00208645,29.8814,40.3832,2.3265,127.6001,7.3643,2446.2564,54.8462,43.4275,28.3160,5.1431,12.8578,28.9875,66.8604,128.5777,263.3173,7.8995,-2.6176,10.0,20.479237,2.324,28,180,56,8,0.15055597,0.05216136,0.11437665,0E-8,0.000000,0.905409,0.000000,-0.07324236,2026-03-22,2026-08-06,52,901,524,138,0.376812,1.533674,1.453326,0.501853,,,,,,,,GLOBAL_BASELINE_NO_ENTITY_RANKING,,,NOT_APPLICABLE_GLOBAL_BASELINE,HF9g-P5,,,,X 全窗基线 · 不参与实体赏罚,14191211,1420,A168_HF9F_20260827_0900,2026-08-27 09:00:00
2026-04-10,128173484,1363,0,46.0696803917,30.4949873047,30.4949873047,0.6666667,4,3,0.48188279344248194,0.437976050000,0.6405307386698168,0.7983739908840699,0.6405307386698168,0.04390674344248194,ELIGIBLE,R03b_20260811_FULL_v1,L1_ELIGIBILITY,v2026-08-11,2026-03-21..2026-08-06,baccarat_bet02_101_all_pairs_incl_sentinel,round_win = game_pnl > 0 (decisive only),COMPATIBILITY_ONLY_NOT_PRODUCTION,127205.3315,115172.8122,6635.2036,4257,2852,-0.05216136,-0.11437665,-0.04113429,-0.05216136,-6635.2036,127205.3315,OK,0.0000,265.4081,4.0000,96.0000,AG03-UNRESOLVED,ALL5_LEVELS_bet23_to_bet27,265.4081,265.4081,265.4081,331.7602,331.7602,4.000000,4.000000,4.000000,5.000000,5.000000,96.000000,96.000000,96.000000,95.000000,95.000000,5.0,1459.7448,1337.1644,5175.4588,5298.0391,PENDING_AG03,FALSE,NOT_FOR_ENFORCEMENT,6369.7955,110565.8997,6635.2036,6369.7955,265.4081,0.05216136,0.05007491,265.4081,6369.7955,0.05007491,265.4081,265.4081,265.4081,331.7602,331.7602,6369.7955,0.05007491,1459.7448,1337.1644,5175.4588,5298.0391,0.04068586,0.04164951,0.00208645,29.8814,40.3832,2.3265,127.6001,7.3643,2446.2564,54.8462,43.4275,28.3160,5.1431,12.8578,28.9875,66.8604,128.5777,263.3173,7.8995,-2.6176,10.0,20.479237,2.324,28,180,56,8,0.15055597,0.05216136,0.11437665,0E-8,0.000000,0.905409,0.000000,-0.07324236,2026-03-22,2026-08-06,52,901,524,138,0.376812,1.533674,1.453326,0.501853,,,,,,,,GLOBAL_BASELINE_NO_ENTITY_RANKING,,,NOT_APPLICABLE_GLOBAL_BASELINE,HF9g-P5,,,,X 全窗基线 · 不参与实体赏罚,14191212,1420,A168_HF9F_20260827_0900,2026-08-27 09:00:00
2026-04-10,128173484,1382,0,25.6524356726,2.4212758161,2.4212758161,0.5000000,4,2,0.40181165769153853,0.297275450000,0.28323354423723285,0.6272624026875385,0.28323354423723285,0.10453620769153853,ELIGIBLE,R03b_20260811_FULL_v1,L1_ELIGIBILITY,v2026-08-11,2026-03-21..2026-08-06,baccarat_bet02_101_all_pairs_incl_sentinel,round_win = game_pnl > 0 (decisive only),COMPATIBILITY_ONLY_NOT_PRODUCTION,127205.3315,115172.8122,6635.2036,4257,2852,-0.05216136,-0.11437665,-0.04113429,-0.05216136,-6635.2036,127205.3315,OK,0.0000,265.4081,4.0000,96.0000,AG03-UNRESOLVED,ALL5_LEVELS_bet23_to_bet27,265.4081,265.4081,265.4081,331.7602,331.7602,4.000000,4.000000,4.000000,5.000000,5.000000,96.000000,96.000000,96.000000,95.000000,95.000000,5.0,1459.7448,1337.1644,5175.4588,5298.0391,PENDING_AG03,FALSE,NOT_FOR_ENFORCEMENT,6369.7955,110565.8997,6635.2036,6369.7955,265.4081,0.05216136,0.05007491,265.4081,6369.7955,0.05007491,265.4081,265.4081,265.4081,331.7602,331.7602,6369.7955,0.05007491,1459.7448,1337.1644,5175.4588,5298.0391,0.04068586,0.04164951,0.00208645,29.8814,40.3832,2.3265,127.6001,7.3643,2446.2564,54.8462,43.4275,28.3160,5.1431,12.8578,28.9875,66.8604,128.5777,263.3173,7.8995,-2.6176,10.0,20.479237,2.324,28,180,56,8,0.15055597,0.05216136,0.11437665,0E-8,0.000000,0.905409,0.000000,-0.07324236,2026-03-22,2026-08-06,52,901,524,138,0.376812,1.533674,1.453326,0.501853,,,,,,,,GLOBAL_BASELINE_NO_ENTITY_RANKING,,,NOT_APPLICABLE_GLOBAL_BASELINE,HF9g-P5,,,,X 全窗基线 · 不参与实体赏罚,14191213,1420,A168_HF9F_20260827_0900,2026-08-27 09:00:00
2026-04-10,128173484,1396,0,2.6175954768,0E-10,0E-10,,1,1,0.50665070000000000,0.506650700000,,,,0E-17,NO_DECISIVE_ROUND,R03b_20260811_FULL_v1,L1_ELIGIBILITY,v2026-08-11,2026-03-21..2026-08-06,baccarat_bet02_101_all_pairs_incl_sentinel,round_win = game_pnl > 0 (decisive only),COMPATIBILITY_ONLY_NOT_PRODUCTION,127205.3315,115172.8122,6635.2036,4257,2852,-0.05216136,-0.11437665,-0.04113429,-0.05216136,-6635.2036,127205.3315,OK,0.0000,265.4081,4.0000,96.0000,AG03-UNRESOLVED,ALL5_LEVELS_bet23_to_bet27,265.4081,265.4081,265.4081,331.7602,331.7602,4.000000,4.000000,4.000000,5.000000,5.000000,96.000000,96.000000,96.000000,95.000000,95.000000,5.0,1459.7448,1337.1644,5175.4588,5298.0391,PENDING_AG03,FALSE,NOT_FOR_ENFORCEMENT,6369.7955,110565.8997,6635.2036,6369.7955,265.4081,0.05216136,0.05007491,265.4081,6369.7955,0.05007491,265.4081,265.4081,265.4081,331.7602,331.7602,6369.7955,0.05007491,1459.7448,1337.1644,5175.4588,5298.0391,0.04068586,0.04164951,0.00208645,29.8814,40.3832,2.3265,127.6001,7.3643,2446.2564,54.8462,43.4275,28.3160,5.1431,12.8578,28.9875,66.8604,128.5777,263.3173,7.8995,-2.6176,10.0,20.479237,2.324,28,180,56,8,0.15055597,0.05216136,0.11437665,0E-8,0.000000,0.905409,0.000000,-0.07324236,2026-03-22,2026-08-06,52,901,524,138,0.376812,1.533674,1.453326,0.501853,,,,,,,,GLOBAL_BASELINE_NO_ENTITY_RANKING,,,NOT_APPLICABLE_GLOBAL_BASELINE,HF9g-P5,,,,X 全窗基线 · 不参与实体赏罚,14191214,1420,A168_HF9F_20260827_0900,2026-08-27 09:00:00
2026-04-10,128173484,1399,0,174.5936183023,25.7571394917,25.7571394917,0.8000000,8,5,0.46791744852453351,0.435741850000,1.488185026526238,1.6426336790130411,1.488185026526238,0.03217559852453351,ELIGIBLE,R03b_20260811_FULL_v1,L1_ELIGIBILITY,v2026-08-11,2026-03-21..2026-08-06,baccarat_bet02_101_all_pairs_incl_sentinel,round_win = game_pnl > 0 (decisive only),COMPATIBILITY_ONLY_NOT_PRODUCTION,127205.3315,115172.8122,6635.2036,4257,2852,-0.05216136,-0.11437665,-0.04113429,-0.05216136,-6635.2036,127205.3315,OK,0.0000,265.4081,4.0000,96.0000,AG03-UNRESOLVED,ALL5_LEVELS_bet23_to_bet27,265.4081,265.4081,265.4081,331.7602,331.7602,4.000000,4.000000,4.000000,5.000000,5.000000,96.000000,96.000000,96.000000,95.000000,95.000000,5.0,1459.7448,1337.1644,5175.4588,5298.0391,PENDING_AG03,FALSE,NOT_FOR_ENFORCEMENT,6369.7955,110565.8997,6635.2036,6369.7955,265.4081,0.05216136,0.05007491,265.4081,6369.7955,0.05007491,265.4081,265.4081,265.4081,331.7602,331.7602,6369.7955,0.05007491,1459.7448,1337.1644,5175.4588,5298.0391,0.04068586,0.04164951,0.00208645,29.8814,40.3832,2.3265,127.6001,7.3643,2446.2564,54.8462,43.4275,28.3160,5.1431,12.8578,28.9875,66.8604,128.5777,263.3173,7.8995,-2.6176,10.0,20.479237,2.324,28,180,56,8,0.15055597,0.05216136,0.11437665,0E-8,0.000000,0.905409,0.000000,-0.07324236,2026-03-22,2026-08-06,52,901,524,138,0.376812,1.533674,1.453326,0.501853,,,,,,,,GLOBAL_BASELINE_NO_ENTITY_RANKING,,,NOT_APPLICABLE_GLOBAL_BASELINE,HF9g-P5,,,,X 全窗基线 · 不参与实体赏罚,14191215,1420,A168_HF9F_20260827_0900,2026-08-27 09:00:00
2026-04-10,128173484,1509,0,68.0574823967,49.3416747376,49.3416747376,0.5000000,3,2,0.43797605000000000,0.403638725000,0.17679575212256196,0.27775789067037676,0.17679575212256196,0.03433732500000000,ELIGIBLE,R03b_20260811_FULL_v1,L1_ELIGIBILITY,v2026-08-11,2026-03-21..2026-08-06,baccarat_bet02_101_all_pairs_incl_sentinel,round_win = game_pnl > 0 (decisive only),COMPATIBILITY_ONLY_NOT_PRODUCTION,127205.3315,115172.8122,6635.2036,4257,2852,-0.05216136,-0.11437665,-0.04113429,-0.05216136,-6635.2036,127205.3315,OK,0.0000,265.4081,4.0000,96.0000,AG03-UNRESOLVED,ALL5_LEVELS_bet23_to_bet27,265.4081,265.4081,265.4081,331.7602,331.7602,4.000000,4.000000,4.000000,5.000000,5.000000,96.000000,96.000000,96.000000,95.000000,95.000000,5.0,1459.7448,1337.1644,5175.4588,5298.0391,PENDING_AG03,FALSE,NOT_FOR_ENFORCEMENT,6369.7955,110565.8997,6635.2036,6369.7955,265.4081,0.05216136,0.05007491,265.4081,6369.7955,0.05007491,265.4081,265.4081,265.4081,331.7602,331.7602,6369.7955,0.05007491,1459.7448,1337.1644,5175.4588,5298.0391,0.04068586,0.04164951,0.00208645,29.8814,40.3832,2.3265,127.6001,7.3643,2446.2564,54.8462,43.4275,28.3160,5.1431,12.8578,28.9875,66.8604,128.5777,263.3173,7.8995,-2.6176,10.0,20.479237,2.324,28,180,56,8,0.15055597,0.05216136,0.11437665,0E-8,0.000000,0.905409,0.000000,-0.07324236,2026-03-22,2026-08-06,52,901,524,138,0.376812,1.533674,1.453326,0.501853,,,,,,,,GLOBAL_BASELINE_NO_ENTITY_RANKING,,,NOT_APPLICABLE_GLOBAL_BASELINE,HF9g-P5,,,,X 全窗基线 · 不参与实体赏罚,14191216,1420,A168_HF9F_20260827_0900,2026-08-27 09:00:00
2026-04-10,128173484,1710,0,10.4703819072,-10.4703819072,-10.4703819072,0E-7,2,1,0.39865960000000000,0.290668500000,-0.8142184183124157,-0.6401391097125458,-0.8142184183124157,0.10799110000000000,ELIGIBLE,R03b_20260811_FULL_v1,L1_ELIGIBILITY,v2026-08-11,2026-03-21..2026-08-06,baccarat_bet02_101_all_pairs_incl_sentinel,round_win = game_pnl > 0 (decisive only),COMPATIBILITY_ONLY_NOT_PRODUCTION,127205.3315,115172.8122,6635.2036,4257,2852,-0.05216136,-0.11437665,-0.04113429,-0.05216136,-6635.2036,127205.3315,OK,0.0000,265.4081,4.0000,96.0000,AG03-UNRESOLVED,ALL5_LEVELS_bet23_to_bet27,265.4081,265.4081,265.4081,331.7602,331.7602,4.000000,4.000000,4.000000,5.000000,5.000000,96.000000,96.000000,96.000000,95.000000,95.000000,5.0,1459.7448,1337.1644,5175.4588,5298.0391,PENDING_AG03,FALSE,NOT_FOR_ENFORCEMENT,6369.7955,110565.8997,6635.2036,6369.7955,265.4081,0.05216136,0.05007491,265.4081,6369.7955,0.05007491,265.4081,265.4081,265.4081,331.7602,331.7602,6369.7955,0.05007491,1459.7448,1337.1644,5175.4588,5298.0391,0.04068586,0.04164951,0.00208645,29.8814,40.3832,2.3265,127.6001,7.3643,2446.2564,54.8462,43.4275,28.3160,5.1431,12.8578,28.9875,66.8604,128.5777,263.3173,7.8995,-2.6176,10.0,20.479237,2.324,28,180,56,8,0.15055597,0.05216136,0.11437665,0E-8,0.000000,0.905409,0.000000,-0.07324236,2026-03-22,2026-08-06,52,901,524,138,0.376812,1.533674,1.453326,0.501853,,,,,,,,GLOBAL_BASELINE_NO_ENTITY_RANKING,,,NOT_APPLICABLE_GLOBAL_BASELINE,HF9g-P5,,,,X 全窗基线 · 不参与实体赏罚,14191217,1420,A168_HF9F_20260827_0900,2026-08-27 09:00:00
2026-04-10,128173484,1935,0,34.5522602938,13.4282647959,13.4282647959,0.7500000,6,4,0.42245313037586692,0.401963075000,1.3262352457923274,1.4197054147302135,1.3262352457923274,0.02049005537586692,ELIGIBLE,R03b_20260811_FULL_v1,L1_ELIGIBILITY,v2026-08-11,2026-03-21..2026-08-06,baccarat_bet02_101_all_pairs_incl_sentinel,round_win = game_pnl > 0 (decisive only),COMPATIBILITY_ONLY_NOT_PRODUCTION,127205.3315,115172.8122,6635.2036,4257,2852,-0.05216136,-0.11437665,-0.04113429,-0.05216136,-6635.2036,127205.3315,OK,0.0000,265.4081,4.0000,96.0000,AG03-UNRESOLVED,ALL5_LEVELS_bet23_to_bet27,265.4081,265.4081,265.4081,331.7602,331.7602,4.000000,4.000000,4.000000,5.000000,5.000000,96.000000,96.000000,96.000000,95.000000,95.000000,5.0,1459.7448,1337.1644,5175.4588,5298.0391,PENDING_AG03,FALSE,NOT_FOR_ENFORCEMENT,6369.7955,110565.8997,6635.2036,6369.7955,265.4081,0.05216136,0.05007491,265.4081,6369.7955,0.05007491,265.4081,265.4081,265.4081,331.7602,331.7602,6369.7955,0.05007491,1459.7448,1337.1644,5175.4588,5298.0391,0.04068586,0.04164951,0.00208645,29.8814,40.3832,2.3265,127.6001,7.3643,2446.2564,54.8462,43.4275,28.3160,5.1431,12.8578,28.9875,66.8604,128.5777,263.3173,7.8995,-2.6176,10.0,20.479237,2.324,28,180,56,8,0.15055597,0.05216136,0.11437665,0E-8,0.000000,0.905409,0.000000,-0.07324236,2026-03-22,2026-08-06,52,901,524,138,0.376812,1.533674,1.453326,0.501853,,,,,,,,GLOBAL_BASELINE_NO_ENTITY_RANKING,,,NOT_APPLICABLE_GLOBAL_BASELINE,HF9g-P5,,,,X 全窗基线 · 不参与实体赏罚,14191218,1420,A168_HF9F_20260827_0900,2026-08-27 09:00:00
2026-04-10,128173484,2169,0,164.9085150381,-57.7179802633,-57.7179802633,0.3333333,3,3,0.50665070000000000,0.506650700000,-0.6004420894325239,-0.6004420894325239,-0.6004420894325239,0E-17,ELIGIBLE,R03b_20260811_FULL_v1,L1_ELIGIBILITY,v2026-08-11,2026-03-21..2026-08-06,baccarat_bet02_101_all_pairs_incl_sentinel,round_win = game_pnl > 0 (decisive only),COMPATIBILITY_ONLY_NOT_PRODUCTION,127205.3315,115172.8122,6635.2036,4257,2852,-0.05216136,-0.11437665,-0.04113429,-0.05216136,-6635.2036,127205.3315,OK,0.0000,265.4081,4.0000,96.0000,AG03-UNRESOLVED,ALL5_LEVELS_bet23_to_bet27,265.4081,265.4081,265.4081,331.7602,331.7602,4.000000,4.000000,4.000000,5.000000,5.000000,96.000000,96.000000,96.000000,95.000000,95.000000,5.0,1459.7448,1337.1644,5175.4588,5298.0391,PENDING_AG03,FALSE,NOT_FOR_ENFORCEMENT,6369.7955,110565.8997,6635.2036,6369.7955,265.4081,0.05216136,0.05007491,265.4081,6369.7955,0.05007491,265.4081,265.4081,265.4081,331.7602,331.7602,6369.7955,0.05007491,1459.7448,1337.1644,5175.4588,5298.0391,0.04068586,0.04164951,0.00208645,29.8814,40.3832,2.3265,127.6001,7.3643,2446.2564,54.8462,43.4275,28.3160,5.1431,12.8578,28.9875,66.8604,128.5777,263.3173,7.8995,-2.6176,10.0,20.479237,2.324,28,180,56,8,0.15055597,0.05216136,0.11437665,0E-8,0.000000,0.905409,0.000000,-0.07324236,2026-03-22,2026-08-06,52,901,524,138,0.376812,1.533674,1.453326,0.501853,,,,,,,,GLOBAL_BASELINE_NO_ENTITY_RANKING,,,NOT_APPLICABLE_GLOBAL_BASELINE,HF9g-P5,,,,X 全窗基线 · 不参与实体赏罚,14191219,1420,A168_HF9F_20260827_0900,2026-08-27 09:00:00
2026-04-10,128173484,919,0,10.9939010026,-0.7852786431,-0.7852786431,0.5000000,3,2,0.42268911874938510,0.396936125000,0.22132996531725185,0.29790616794075786,0.22132996531725185,0.02575299374938510,ELIGIBLE,R03b_20260811_FULL_v1,L1_ELIGIBILITY,v2026-08-11,2026-03-21..2026-08-06,baccarat_bet02_101_all_pairs_incl_sentinel,round_win = game_pnl > 0 (decisive only),COMPATIBILITY_ONLY_NOT_PRODUCTION,127205.3315,115172.8122,6635.2036,4257,2852,-0.05216136,-0.11437665,-0.04113429,-0.05216136,-6635.2036,127205.3315,OK,0.0000,265.4081,4.0000,96.0000,AG03-UNRESOLVED,ALL5_LEVELS_bet23_to_bet27,265.4081,265.4081,265.4081,331.7602,331.7602,4.000000,4.000000,4.000000,5.000000,5.000000,96.000000,96.000000,96.000000,95.000000,95.000000,5.0,1459.7448,1337.1644,5175.4588,5298.0391,PENDING_AG03,FALSE,NOT_FOR_ENFORCEMENT,6369.7955,110565.8997,6635.2036,6369.7955,265.4081,0.05216136,0.05007491,265.4081,6369.7955,0.05007491,265.4081,265.4081,265.4081,331.7602,331.7602,6369.7955,0.05007491,1459.7448,1337.1644,5175.4588,5298.0391,0.04068586,0.04164951,0.00208645,29.8814,40.3832,2.3265,127.6001,7.3643,2446.2564,54.8462,43.4275,28.3160,5.1431,12.8578,28.9875,66.8604,128.5777,263.3173,7.8995,-2.6176,10.0,20.479237,2.324,28,180,56,8,0.15055597,0.05216136,0.11437665,0E-8,0.000000,0.905409,0.000000,-0.07324236,2026-03-22,2026-08-06,52,901,524,138,0.376812,1.533674,1.453326,0.501853,,,,,,,,GLOBAL_BASELINE_NO_ENTITY_RANKING,,,NOT_APPLICABLE_GLOBAL_BASELINE,HF9g-P5,,,,X 全窗基线 · 不参与实体赏罚,14191220,1420,A168_HF9F_20260827_0900,2026-08-27 09:00:00
2026-04-10,128173484,986,0,221.9720964324,-69.8897992305,-69.8897992305,0.5000000,9,6,0.47470444585893249,0.400287425000,0.12408129311584985,0.498503263403417,0.12408129311584985,0.07441702085893249,ELIGIBLE,R03b_20260811_FULL_v1,L1_ELIGIBILITY,v2026-08-11,2026-03-21..2026-08-06,baccarat_bet02_101_all_pairs_incl_sentinel,round_win = game_pnl > 0 (decisive only),COMPATIBILITY_ONLY_NOT_PRODUCTION,127205.3315,115172.8122,6635.2036,4257,2852,-0.05216136,-0.11437665,-0.04113429,-0.05216136,-6635.2036,127205.3315,OK,0.0000,265.4081,4.0000,96.0000,AG03-UNRESOLVED,ALL5_LEVELS_bet23_to_bet27,265.4081,265.4081,265.4081,331.7602,331.7602,4.000000,4.000000,4.000000,5.000000,5.000000,96.000000,96.000000,96.000000,95.000000,95.000000,5.0,1459.7448,1337.1644,5175.4588,5298.0391,PENDING_AG03,FALSE,NOT_FOR_ENFORCEMENT,6369.7955,110565.8997,6635.2036,6369.7955,265.4081,0.05216136,0.05007491,265.4081,6369.7955,0.05007491,265.4081,265.4081,265.4081,331.7602,331.7602,6369.7955,0.05007491,1459.7448,1337.1644,5175.4588,5298.0391,0.04068586,0.04164951,0.00208645,29.8814,40.3832,2.3265,127.6001,7.3643,2446.2564,54.8462,43.4275,28.3160,5.1431,12.8578,28.9875,66.8604,128.5777,263.3173,7.8995,-2.6176,10.0,20.479237,2.324,28,180,56,8,0.15055597,0.05216136,0.11437665,0E-8,0.000000,0.905409,0.000000,-0.07324236,2026-03-22,2026-08-06,52,901,524,138,0.376812,1.533674,1.453326,0.501853,,,,,,,,GLOBAL_BASELINE_NO_ENTITY_RANKING,,,NOT_APPLICABLE_GLOBAL_BASELINE,HF9g-P5,,,,X 全窗基线 · 不参与实体赏罚,14191221,1420,A168_HF9F_20260827_0900,2026-08-27 09:00:00
2026-04-12,128173484,-1,1,5.2351909536,-0.1308797738,-0.1308797738,0.5000000,2,2,0.49994810000000000,0.499948100000,0.00014679536856514622,0.00014679536856514622,0.00014679536856514622,0E-17,SENTINEL_DEALER,R03b_20260811_FULL_v1,L1_ELIGIBILITY,v2026-08-11,2026-03-21..2026-08-06,baccarat_bet02_101_all_pairs_incl_sentinel,round_win = game_pnl > 0 (decisive only),COMPATIBILITY_ONLY_NOT_PRODUCTION,127205.3315,115172.8122,6635.2036,4257,2852,-0.05216136,-0.11437665,-0.04113429,-0.05216136,-6635.2036,127205.3315,OK,0.0000,265.4081,4.0000,96.0000,AG03-UNRESOLVED,ALL5_LEVELS_bet23_to_bet27,265.4081,265.4081,265.4081,331.7602,331.7602,4.000000,4.000000,4.000000,5.000000,5.000000,96.000000,96.000000,96.000000,95.000000,95.000000,5.0,1459.7448,1337.1644,5175.4588,5298.0391,PENDING_AG03,FALSE,NOT_FOR_ENFORCEMENT,6369.7955,110565.8997,6635.2036,6369.7955,265.4081,0.05216136,0.05007491,265.4081,6369.7955,0.05007491,265.4081,265.4081,265.4081,331.7602,331.7602,6369.7955,0.05007491,1459.7448,1337.1644,5175.4588,5298.0391,0.04068586,0.04164951,0.00208645,29.8814,40.3832,2.3265,127.6001,7.3643,2446.2564,54.8462,43.4275,28.3160,5.1431,12.8578,28.9875,66.8604,128.5777,263.3173,7.8995,-2.6176,10.0,20.479237,2.324,28,180,56,8,0.15055597,0.05216136,0.11437665,0E-8,0.000000,0.905409,0.000000,-0.07324236,2026-03-22,2026-08-06,52,901,524,138,0.376812,1.533674,1.453326,0.501853,,,,,,,,GLOBAL_BASELINE_NO_ENTITY_RANKING,,,NOT_APPLICABLE_GLOBAL_BASELINE,HF9g-P5,,,,X 全窗基线 · 不参与实体赏罚,14191222,1420,A168_HF9F_20260827_0900,2026-08-27 09:00:00
2026-04-12,128173484,1151,0,34.8140198414,16.8834908254,16.8834908254,1.0000000,4,2,0.46295638858448450,0.391957000000,1.5231747594126013,1.7614200351890508,1.5231747594126013,0.07099938858448450,ELIGIBLE,R03b_20260811_FULL_v1,L1_ELIGIBILITY,v2026-08-11,2026-03-21..2026-08-06,baccarat_bet02_101_all_pairs_incl_sentinel,round_win = game_pnl > 0 (decisive only),COMPATIBILITY_ONLY_NOT_PRODUCTION,127205.3315,115172.8122,6635.2036,4257,2852,-0.05216136,-0.11437665,-0.04113429,-0.05216136,-6635.2036,127205.3315,OK,0.0000,265.4081,4.0000,96.0000,AG03-UNRESOLVED,ALL5_LEVELS_bet23_to_bet27,265.4081,265.4081,265.4081,331.7602,331.7602,4.000000,4.000000,4.000000,5.000000,5.000000,96.000000,96.000000,96.000000,95.000000,95.000000,5.0,1459.7448,1337.1644,5175.4588,5298.0391,PENDING_AG03,FALSE,NOT_FOR_ENFORCEMENT,6369.7955,110565.8997,6635.2036,6369.7955,265.4081,0.05216136,0.05007491,265.4081,6369.7955,0.05007491,265.4081,265.4081,265.4081,331.7602,331.7602,6369.7955,0.05007491,1459.7448,1337.1644,5175.4588,5298.0391,0.04068586,0.04164951,0.00208645,29.8814,40.3832,2.3265,127.6001,7.3643,2446.2564,54.8462,43.4275,28.3160,5.1431,12.8578,28.9875,66.8604,128.5777,263.3173,7.8995,-2.6176,10.0,20.479237,2.324,28,180,56,8,0.15055597,0.05216136,0.11437665,0E-8,0.000000,0.905409,0.000000,-0.07324236,2026-03-22,2026-08-06,52,901,524,138,0.376812,1.533674,1.453326,0.501853,,,,,,,,GLOBAL_BASELINE_NO_ENTITY_RANKING,,,NOT_APPLICABLE_GLOBAL_BASELINE,HF9g-P5,,,,X 全窗基线 · 不参与实体赏罚,14191223,1420,A168_HF9F_20260827_0900,2026-08-27 09:00:00
2026-04-12,128173484,1205,0,5.2351909536,-0.1308797738,-0.1308797738,0.5000000,2,2,0.49994810000000000,0.499948100000,0.00014679536856514622,0.00014679536856514622,0.00014679536856514622,0E-17,ELIGIBLE,R03b_20260811_FULL_v1,L1_ELIGIBILITY,v2026-08-11,2026-03-21..2026-08-06,baccarat_bet02_101_all_pairs_incl_sentinel,round_win = game_pnl > 0 (decisive only),COMPATIBILITY_ONLY_NOT_PRODUCTION,127205.3315,115172.8122,6635.2036,4257,2852,-0.05216136,-0.11437665,-0.04113429,-0.05216136,-6635.2036,127205.3315,OK,0.0000,265.4081,4.0000,96.0000,AG03-UNRESOLVED,ALL5_LEVELS_bet23_to_bet27,265.4081,265.4081,265.4081,331.7602,331.7602,4.000000,4.000000,4.000000,5.000000,5.000000,96.000000,96.000000,96.000000,95.000000,95.000000,5.0,1459.7448,1337.1644,5175.4588,5298.0391,PENDING_AG03,FALSE,NOT_FOR_ENFORCEMENT,6369.7955,110565.8997,6635.2036,6369.7955,265.4081,0.05216136,0.05007491,265.4081,6369.7955,0.05007491,265.4081,265.4081,265.4081,331.7602,331.7602,6369.7955,0.05007491,1459.7448,1337.1644,5175.4588,5298.0391,0.04068586,0.04164951,0.00208645,29.8814,40.3832,2.3265,127.6001,7.3643,2446.2564,54.8462,43.4275,28.3160,5.1431,12.8578,28.9875,66.8604,128.5777,263.3173,7.8995,-2.6176,10.0,20.479237,2.324,28,180,56,8,0.15055597,0.05216136,0.11437665,0E-8,0.000000,0.905409,0.000000,-0.07324236,2026-03-22,2026-08-06,52,901,524,138,0.376812,1.533674,1.453326,0.501853,,,,,,,,GLOBAL_BASELINE_NO_ENTITY_RANKING,,,NOT_APPLICABLE_GLOBAL_BASELINE,HF9g-P5,,,,X 全窗基线 · 不参与实体赏罚,14191224,1420,A168_HF9F_20260827_0900,2026-08-27 09:00:00
2026-04-12,128173484,1942,0,34.0287411984,-34.0287411984,-34.0287411984,0E-7,3,2,0.47422008181818182,0.388605700000,-1.34308336821514,-1.127480107748064,-1.34308336821514,0.08561438181818182,ELIGIBLE,R03b_20260811_FULL_v1,L1_ELIGIBILITY,v2026-08-11,2026-03-21..2026-08-06,baccarat_bet02_101_all_pairs_incl_sentinel,round_win = game_pnl > 0 (decisive only),COMPATIBILITY_ONLY_NOT_PRODUCTION,127205.3315,115172.8122,6635.2036,4257,2852,-0.05216136,-0.11437665,-0.04113429,-0.05216136,-6635.2036,127205.3315,OK,0.0000,265.4081,4.0000,96.0000,AG03-UNRESOLVED,ALL5_LEVELS_bet23_to_bet27,265.4081,265.4081,265.4081,331.7602,331.7602,4.000000,4.000000,4.000000,5.000000,5.000000,96.000000,96.000000,96.000000,95.000000,95.000000,5.0,1459.7448,1337.1644,5175.4588,5298.0391,PENDING_AG03,FALSE,NOT_FOR_ENFORCEMENT,6369.7955,110565.8997,6635.2036,6369.7955,265.4081,0.05216136,0.05007491,265.4081,6369.7955,0.05007491,265.4081,265.4081,265.4081,331.7602,331.7602,6369.7955,0.05007491,1459.7448,1337.1644,5175.4588,5298.0391,0.04068586,0.04164951,0.00208645,29.8814,40.3832,2.3265,127.6001,7.3643,2446.2564,54.8462,43.4275,28.3160,5.1431,12.8578,28.9875,66.8604,128.5777,263.3173,7.8995,-2.6176,10.0,20.479237,2.324,28,180,56,8,0.15055597,0.05216136,0.11437665,0E-8,0.000000,0.905409,0.000000,-0.07324236,2026-03-22,2026-08-06,52,901,524,138,0.376812,1.533674,1.453326,0.501853,,,,,,,,GLOBAL_BASELINE_NO_ENTITY_RANKING,,,NOT_APPLICABLE_GLOBAL_BASELINE,HF9g-P5,,,,X 全窗基线 · 不参与实体赏罚,14191225,1420,A168_HF9F_20260827_0900,2026-08-27 09:00:00
2026-04-12,128173484,1957,0,133.4973693166,121.7181896710,121.7181896710,1.0000000,2,1,0.49857132941175260,0.300626750000,1.0028614350650984,1.5252488199758223,1.0028614350650984,0.19794457941175260,ELIGIBLE,R03b_20260811_FULL_v1,L1_ELIGIBILITY,v2026-08-11,2026-03-21..2026-08-06,baccarat_bet02_101_all_pairs_incl_sentinel,round_win = game_pnl > 0 (decisive only),COMPATIBILITY_ONLY_NOT_PRODUCTION,127205.3315,115172.8122,6635.2036,4257,2852,-0.05216136,-0.11437665,-0.04113429,-0.05216136,-6635.2036,127205.3315,OK,0.0000,265.4081,4.0000,96.0000,AG03-UNRESOLVED,ALL5_LEVELS_bet23_to_bet27,265.4081,265.4081,265.4081,331.7602,331.7602,4.000000,4.000000,4.000000,5.000000,5.000000,96.000000,96.000000,96.000000,95.000000,95.000000,5.0,1459.7448,1337.1644,5175.4588,5298.0391,PENDING_AG03,FALSE,NOT_FOR_ENFORCEMENT,6369.7955,110565.8997,6635.2036,6369.7955,265.4081,0.05216136,0.05007491,265.4081,6369.7955,0.05007491,265.4081,265.4081,265.4081,331.7602,331.7602,6369.7955,0.05007491,1459.7448,1337.1644,5175.4588,5298.0391,0.04068586,0.04164951,0.00208645,29.8814,40.3832,2.3265,127.6001,7.3643,2446.2564,54.8462,43.4275,28.3160,5.1431,12.8578,28.9875,66.8604,128.5777,263.3173,7.8995,-2.6176,10.0,20.479237,2.324,28,180,56,8,0.15055597,0.05216136,0.11437665,0E-8,0.000000,0.905409,0.000000,-0.07324236,2026-03-22,2026-08-06,52,901,524,138,0.376812,1.533674,1.453326,0.501853,,,,,,,,GLOBAL_BASELINE_NO_ENTITY_RANKING,,,NOT_APPLICABLE_GLOBAL_BASELINE,HF9g-P5,,,,X 全窗基线 · 不参与实体赏罚,14191226,1420,A168_HF9F_20260827_0900,2026-08-27 09:00:00
2026-04-12,128173484,1963,0,13.3497369317,-13.3497369317,-13.3497369317,0E-7,3,2,0.45265816250000000,0.398665625000,-1.2860884944449,-1.1514931996934334,-1.2860884944449,0.05399253750000000,ELIGIBLE,R03b_20260811_FULL_v1,L1_ELIGIBILITY,v2026-08-11,2026-03-21..2026-08-06,baccarat_bet02_101_all_pairs_incl_sentinel,round_win = game_pnl > 0 (decisive only),COMPATIBILITY_ONLY_NOT_PRODUCTION,127205.3315,115172.8122,6635.2036,4257,2852,-0.05216136,-0.11437665,-0.04113429,-0.05216136,-6635.2036,127205.3315,OK,0.0000,265.4081,4.0000,96.0000,AG03-UNRESOLVED,ALL5_LEVELS_bet23_to_bet27,265.4081,265.4081,265.4081,331.7602,331.7602,4.000000,4.000000,4.000000,5.000000,5.000000,96.000000,96.000000,96.000000,95.000000,95.000000,5.0,1459.7448,1337.1644,5175.4588,5298.0391,PENDING_AG03,FALSE,NOT_FOR_ENFORCEMENT,6369.7955,110565.8997,6635.2036,6369.7955,265.4081,0.05216136,0.05007491,265.4081,6369.7955,0.05007491,265.4081,265.4081,265.4081,331.7602,331.7602,6369.7955,0.05007491,1459.7448,1337.1644,5175.4588,5298.0391,0.04068586,0.04164951,0.00208645,29.8814,40.3832,2.3265,127.6001,7.3643,2446.2564,54.8462,43.4275,28.3160,5.1431,12.8578,28.9875,66.8604,128.5777,263.3173,7.8995,-2.6176,10.0,20.479237,2.324,28,180,56,8,0.15055597,0.05216136,0.11437665,0E-8,0.000000,0.905409,0.000000,-0.07324236,2026-03-22,2026-08-06,52,901,524,138,0.376812,1.533674,1.453326,0.501853,,,,,,,,GLOBAL_BASELINE_NO_ENTITY_RANKING,,,NOT_APPLICABLE_GLOBAL_BASELINE,HF9g-P5,,,,X 全窗基线 · 不参与实体赏罚,14191227,1420,A168_HF9F_20260827_0900,2026-08-27 09:00:00
2026-04-12,128173484,1990,0,10.4703819072,-0.2617595477,-0.2617595477,0.5000000,2,2,0.49994810000000000,0.499948100000,0.00014679536856514622,0.00014679536856514622,0.00014679536856514622,0E-17,ELIGIBLE,R03b_20260811_FULL_v1,L1_ELIGIBILITY,v2026-08-11,2026-03-21..2026-08-06,baccarat_bet02_101_all_pairs_incl_sentinel,round_win = game_pnl > 0 (decisive only),COMPATIBILITY_ONLY_NOT_PRODUCTION,127205.3315,115172.8122,6635.2036,4257,2852,-0.05216136,-0.11437665,-0.04113429,-0.05216136,-6635.2036,127205.3315,OK,0.0000,265.4081,4.0000,96.0000,AG03-UNRESOLVED,ALL5_LEVELS_bet23_to_bet27,265.4081,265.4081,265.4081,331.7602,331.7602,4.000000,4.000000,4.000000,5.000000,5.000000,96.000000,96.000000,96.000000,95.000000,95.000000,5.0,1459.7448,1337.1644,5175.4588,5298.0391,PENDING_AG03,FALSE,NOT_FOR_ENFORCEMENT,6369.7955,110565.8997,6635.2036,6369.7955,265.4081,0.05216136,0.05007491,265.4081,6369.7955,0.05007491,265.4081,265.4081,265.4081,331.7602,331.7602,6369.7955,0.05007491,1459.7448,1337.1644,5175.4588,5298.0391,0.04068586,0.04164951,0.00208645,29.8814,40.3832,2.3265,127.6001,7.3643,2446.2564,54.8462,43.4275,28.3160,5.1431,12.8578,28.9875,66.8604,128.5777,263.3173,7.8995,-2.6176,10.0,20.479237,2.324,28,180,56,8,0.15055597,0.05216136,0.11437665,0E-8,0.000000,0.905409,0.000000,-0.07324236,2026-03-22,2026-08-06,52,901,524,138,0.376812,1.533674,1.453326,0.501853,,,,,,,,GLOBAL_BASELINE_NO_ENTITY_RANKING,,,NOT_APPLICABLE_GLOBAL_BASELINE,HF9g-P5,,,,X 全窗基线 · 不参与实体赏罚,14191228,1420,A168_HF9F_20260827_0900,2026-08-27 09:00:00
2026-04-12,128173484,1994,0,143.9677512238,31.9346648170,31.9346648170,0.5000000,12,9,0.48218985555555556,0.431297383333,0.10081336783611874,0.39236227760457393,0.10081336783611874,0.05089247222255556,ELIGIBLE,R03b_20260811_FULL_v1,L1_ELIGIBILITY,v2026-08-11,2026-03-21..2026-08-06,baccarat_bet02_101_all_pairs_incl_sentinel,round_win = game_pnl > 0 (decisive only),COMPATIBILITY_ONLY_NOT_PRODUCTION,127205.3315,115172.8122,6635.2036,4257,2852,-0.05216136,-0.11437665,-0.04113429,-0.05216136,-6635.2036,127205.3315,OK,0.0000,265.4081,4.0000,96.0000,AG03-UNRESOLVED,ALL5_LEVELS_bet23_to_bet27,265.4081,265.4081,265.4081,331.7602,331.7602,4.000000,4.000000,4.000000,5.000000,5.000000,96.000000,96.000000,96.000000,95.000000,95.000000,5.0,1459.7448,1337.1644,5175.4588,5298.0391,PENDING_AG03,FALSE,NOT_FOR_ENFORCEMENT,6369.7955,110565.8997,6635.2036,6369.7955,265.4081,0.05216136,0.05007491,265.4081,6369.7955,0.05007491,265.4081,265.4081,265.4081,331.7602,331.7602,6369.7955,0.05007491,1459.7448,1337.1644,5175.4588,5298.0391,0.04068586,0.04164951,0.00208645,29.8814,40.3832,2.3265,127.6001,7.3643,2446.2564,54.8462,43.4275,28.3160,5.1431,12.8578,28.9875,66.8604,128.5777,263.3173,7.8995,-2.6176,10.0,20.479237,2.324,28,180,56,8,0.15055597,0.05216136,0.11437665,0E-8,0.000000,0.905409,0.000000,-0.07324236,2026-03-22,2026-08-06,52,901,524,138,0.376812,1.533674,1.453326,0.501853,,,,,,,,GLOBAL_BASELINE_NO_ENTITY_RANKING,,,NOT_APPLICABLE_GLOBAL_BASELINE,HF9g-P5,,,,X 全窗基线 · 不参与实体赏罚,14191229,1420,A168_HF9F_20260827_0900,2026-08-27 09:00:00
2026-04-12,128173484,2101,0,52.3519095359,60.0738161924,60.0738161924,1.0000000,5,2,0.36949259583327143,0.257994900000,1.8473841928093901,2.3983517722612504,1.8473841928093901,0.11149769583327143,ELIGIBLE,R03b_20260811_FULL_v1,L1_ELIGIBILITY,v2026-08-11,2026-03-21..2026-08-06,baccarat_bet02_101_all_pairs_incl_sentinel,round_win = game_pnl > 0 (decisive only),COMPATIBILITY_ONLY_NOT_PRODUCTION,127205.3315,115172.8122,6635.2036,4257,2852,-0.05216136,-0.11437665,-0.04113429,-0.05216136,-6635.2036,127205.3315,OK,0.0000,265.4081,4.0000,96.0000,AG03-UNRESOLVED,ALL5_LEVELS_bet23_to_bet27,265.4081,265.4081,265.4081,331.7602,331.7602,4.000000,4.000000,4.000000,5.000000,5.000000,96.000000,96.000000,96.000000,95.000000,95.000000,5.0,1459.7448,1337.1644,5175.4588,5298.0391,PENDING_AG03,FALSE,NOT_FOR_ENFORCEMENT,6369.7955,110565.8997,6635.2036,6369.7955,265.4081,0.05216136,0.05007491,265.4081,6369.7955,0.05007491,265.4081,265.4081,265.4081,331.7602,331.7602,6369.7955,0.05007491,1459.7448,1337.1644,5175.4588,5298.0391,0.04068586,0.04164951,0.00208645,29.8814,40.3832,2.3265,127.6001,7.3643,2446.2564,54.8462,43.4275,28.3160,5.1431,12.8578,28.9875,66.8604,128.5777,263.3173,7.8995,-2.6176,10.0,20.479237,2.324,28,180,56,8,0.15055597,0.05216136,0.11437665,0E-8,0.000000,0.905409,0.000000,-0.07324236,2026-03-22,2026-08-06,52,901,524,138,0.376812,1.533674,1.453326,0.501853,,,,,,,,GLOBAL_BASELINE_NO_ENTITY_RANKING,,,NOT_APPLICABLE_GLOBAL_BASELINE,HF9g-P5,,,,X 全窗基线 · 不参与实体赏罚,14191230,1420,A168_HF9F_20260827_0900,2026-08-27 09:00:00
2026-04-12,128173484,2129,0,28.7935502448,-28.7935502448,-28.7935502448,0E-7,2,1,0.45519466363636364,0.283965900000,-0.9140667357725365,-0.6297471965178028,-0.9140667357725365,0.17122876363636364,ELIGIBLE,R03b_20260811_FULL_v1,L1_ELIGIBILITY,v2026-08-11,2026-03-21..2026-08-06,baccarat_bet02_101_all_pairs_incl_sentinel,round_win = game_pnl > 0 (decisive only),COMPATIBILITY_ONLY_NOT_PRODUCTION,127205.3315,115172.8122,6635.2036,4257,2852,-0.05216136,-0.11437665,-0.04113429,-0.05216136,-6635.2036,127205.3315,OK,0.0000,265.4081,4.0000,96.0000,AG03-UNRESOLVED,ALL5_LEVELS_bet23_to_bet27,265.4081,265.4081,265.4081,331.7602,331.7602,4.000000,4.000000,4.000000,5.000000,5.000000,96.000000,96.000000,96.000000,95.000000,95.000000,5.0,1459.7448,1337.1644,5175.4588,5298.0391,PENDING_AG03,FALSE,NOT_FOR_ENFORCEMENT,6369.7955,110565.8997,6635.2036,6369.7955,265.4081,0.05216136,0.05007491,265.4081,6369.7955,0.05007491,265.4081,265.4081,265.4081,331.7602,331.7602,6369.7955,0.05007491,1459.7448,1337.1644,5175.4588,5298.0391,0.04068586,0.04164951,0.00208645,29.8814,40.3832,2.3265,127.6001,7.3643,2446.2564,54.8462,43.4275,28.3160,5.1431,12.8578,28.9875,66.8604,128.5777,263.3173,7.8995,-2.6176,10.0,20.479237,2.324,28,180,56,8,0.15055597,0.05216136,0.11437665,0E-8,0.000000,0.905409,0.000000,-0.07324236,2026-03-22,2026-08-06,52,901,524,138,0.376812,1.533674,1.453326,0.501853,,,,,,,,GLOBAL_BASELINE_NO_ENTITY_RANKING,,,NOT_APPLICABLE_GLOBAL_BASELINE,HF9g-P5,,,,X 全窗基线 · 不参与实体赏罚,14191231,1420,A168_HF9F_20260827_0900,2026-08-27 09:00:00
2026-04-12,128173484,2147,0,5.2351909536,0E-10,0E-10,0.5000000,2,2,0.49324550000000000,0.493245500000,0.01910635448239258,0.01910635448239258,0.01910635448239258,0E-17,ELIGIBLE,R03b_20260811_FULL_v1,L1_ELIGIBILITY,v2026-08-11,2026-03-21..2026-08-06,baccarat_bet02_101_all_pairs_incl_sentinel,round_win = game_pnl > 0 (decisive only),COMPATIBILITY_ONLY_NOT_PRODUCTION,127205.3315,115172.8122,6635.2036,4257,2852,-0.05216136,-0.11437665,-0.04113429,-0.05216136,-6635.2036,127205.3315,OK,0.0000,265.4081,4.0000,96.0000,AG03-UNRESOLVED,ALL5_LEVELS_bet23_to_bet27,265.4081,265.4081,265.4081,331.7602,331.7602,4.000000,4.000000,4.000000,5.000000,5.000000,96.000000,96.000000,96.000000,95.000000,95.000000,5.0,1459.7448,1337.1644,5175.4588,5298.0391,PENDING_AG03,FALSE,NOT_FOR_ENFORCEMENT,6369.7955,110565.8997,6635.2036,6369.7955,265.4081,0.05216136,0.05007491,265.4081,6369.7955,0.05007491,265.4081,265.4081,265.4081,331.7602,331.7602,6369.7955,0.05007491,1459.7448,1337.1644,5175.4588,5298.0391,0.04068586,0.04164951,0.00208645,29.8814,40.3832,2.3265,127.6001,7.3643,2446.2564,54.8462,43.4275,28.3160,5.1431,12.8578,28.9875,66.8604,128.5777,263.3173,7.8995,-2.6176,10.0,20.479237,2.324,28,180,56,8,0.15055597,0.05216136,0.11437665,0E-8,0.000000,0.905409,0.000000,-0.07324236,2026-03-22,2026-08-06,52,901,524,138,0.376812,1.533674,1.453326,0.501853,,,,,,,,GLOBAL_BASELINE_NO_ENTITY_RANKING,,,NOT_APPLICABLE_GLOBAL_BASELINE,HF9g-P5,,,,X 全窗基线 · 不参与实体赏罚,14191232,1420,A168_HF9F_20260827_0900,2026-08-27 09:00:00
2026-04-12,128173484,2155,0,10.4703819072,9.9468628119,9.9468628119,1.0000000,2,2,0.50665070000000000,0.506650700000,1.3955260008387969,1.3955260008387969,1.3955260008387969,0E-17,ELIGIBLE,R03b_20260811_FULL_v1,L1_ELIGIBILITY,v2026-08-11,2026-03-21..2026-08-06,baccarat_bet02_101_all_pairs_incl_sentinel,round_win = game_pnl > 0 (decisive only),COMPATIBILITY_ONLY_NOT_PRODUCTION,127205.3315,115172.8122,6635.2036,4257,2852,-0.05216136,-0.11437665,-0.04113429,-0.05216136,-6635.2036,127205.3315,OK,0.0000,265.4081,4.0000,96.0000,AG03-UNRESOLVED,ALL5_LEVELS_bet23_to_bet27,265.4081,265.4081,265.4081,331.7602,331.7602,4.000000,4.000000,4.000000,5.000000,5.000000,96.000000,96.000000,96.000000,95.000000,95.000000,5.0,1459.7448,1337.1644,5175.4588,5298.0391,PENDING_AG03,FALSE,NOT_FOR_ENFORCEMENT,6369.7955,110565.8997,6635.2036,6369.7955,265.4081,0.05216136,0.05007491,265.4081,6369.7955,0.05007491,265.4081,265.4081,265.4081,331.7602,331.7602,6369.7955,0.05007491,1459.7448,1337.1644,5175.4588,5298.0391,0.04068586,0.04164951,0.00208645,29.8814,40.3832,2.3265,127.6001,7.3643,2446.2564,54.8462,43.4275,28.3160,5.1431,12.8578,28.9875,66.8604,128.5777,263.3173,7.8995,-2.6176,10.0,20.479237,2.324,28,180,56,8,0.15055597,0.05216136,0.11437665,0E-8,0.000000,0.905409,0.000000,-0.07324236,2026-03-22,2026-08-06,52,901,524,138,0.376812,1.533674,1.453326,0.501853,,,,,,,,GLOBAL_BASELINE_NO_ENTITY_RANKING,,,NOT_APPLICABLE_GLOBAL_BASELINE,HF9g-P5,,,,X 全窗基线 · 不参与实体赏罚,14191233,1420,A168_HF9F_20260827_0900,2026-08-27 09:00:00
2026-04-12,128173484,2170,0,90.0452844018,1.8323168337,1.8323168337,0.4000000,8,5,0.44862328549028323,0.381044680000,-0.2186070615683517,0.0872767410886568,-0.2186070615683517,0.06757860549028323,ELIGIBLE,R03b_20260811_FULL_v1,L1_ELIGIBILITY,v2026-08-11,2026-03-21..2026-08-06,baccarat_bet02_101_all_pairs_incl_sentinel,round_win = game_pnl > 0 (decisive only),COMPATIBILITY_ONLY_NOT_PRODUCTION,127205.3315,115172.8122,6635.2036,4257,2852,-0.05216136,-0.11437665,-0.04113429,-0.05216136,-6635.2036,127205.3315,OK,0.0000,265.4081,4.0000,96.0000,AG03-UNRESOLVED,ALL5_LEVELS_bet23_to_bet27,265.4081,265.4081,265.4081,331.7602,331.7602,4.000000,4.000000,4.000000,5.000000,5.000000,96.000000,96.000000,96.000000,95.000000,95.000000,5.0,1459.7448,1337.1644,5175.4588,5298.0391,PENDING_AG03,FALSE,NOT_FOR_ENFORCEMENT,6369.7955,110565.8997,6635.2036,6369.7955,265.4081,0.05216136,0.05007491,265.4081,6369.7955,0.05007491,265.4081,265.4081,265.4081,331.7602,331.7602,6369.7955,0.05007491,1459.7448,1337.1644,5175.4588,5298.0391,0.04068586,0.04164951,0.00208645,29.8814,40.3832,2.3265,127.6001,7.3643,2446.2564,54.8462,43.4275,28.3160,5.1431,12.8578,28.9875,66.8604,128.5777,263.3173,7.8995,-2.6176,10.0,20.479237,2.324,28,180,56,8,0.15055597,0.05216136,0.11437665,0E-8,0.000000,0.905409,0.000000,-0.07324236,2026-03-22,2026-08-06,52,901,524,138,0.376812,1.533674,1.453326,0.501853,,,,,,,,GLOBAL_BASELINE_NO_ENTITY_RANKING,,,NOT_APPLICABLE_GLOBAL_BASELINE,HF9g-P5,,,,X 全窗基线 · 不参与实体赏罚,14191234,1420,A168_HF9F_20260827_0900,2026-08-27 09:00:00
2026-04-12,128173484,2239,0,18.3231683376,-18.3231683376,-18.3231683376,0E-7,2,1,0.40782206428571429,0.293924150000,-0.8298684396186808,-0.6451964315166089,-0.8298684396186808,0.11389791428571429,ELIGIBLE,R03b_20260811_FULL_v1,L1_ELIGIBILITY,v2026-08-11,2026-03-21..2026-08-06,baccarat_bet02_101_all_pairs_incl_sentinel,round_win = game_pnl > 0 (decisive only),COMPATIBILITY_ONLY_NOT_PRODUCTION,127205.3315,115172.8122,6635.2036,4257,2852,-0.05216136,-0.11437665,-0.04113429,-0.05216136,-6635.2036,127205.3315,OK,0.0000,265.4081,4.0000,96.0000,AG03-UNRESOLVED,ALL5_LEVELS_bet23_to_bet27,265.4081,265.4081,265.4081,331.7602,331.7602,4.000000,4.000000,4.000000,5.000000,5.000000,96.000000,96.000000,96.000000,95.000000,95.000000,5.0,1459.7448,1337.1644,5175.4588,5298.0391,PENDING_AG03,FALSE,NOT_FOR_ENFORCEMENT,6369.7955,110565.8997,6635.2036,6369.7955,265.4081,0.05216136,0.05007491,265.4081,6369.7955,0.05007491,265.4081,265.4081,265.4081,331.7602,331.7602,6369.7955,0.05007491,1459.7448,1337.1644,5175.4588,5298.0391,0.04068586,0.04164951,0.00208645,29.8814,40.3832,2.3265,127.6001,7.3643,2446.2564,54.8462,43.4275,28.3160,5.1431,12.8578,28.9875,66.8604,128.5777,263.3173,7.8995,-2.6176,10.0,20.479237,2.324,28,180,56,8,0.15055597,0.05216136,0.11437665,0E-8,0.000000,0.905409,0.000000,-0.07324236,2026-03-22,2026-08-06,52,901,524,138,0.376812,1.533674,1.453326,0.501853,,,,,,,,GLOBAL_BASELINE_NO_ENTITY_RANKING,,,NOT_APPLICABLE_GLOBAL_BASELINE,HF9g-P5,,,,X 全窗基线 · 不参与实体赏罚,14191235,1420,A168_HF9F_20260827_0900,2026-08-27 09:00:00
2026-04-12,128173484,2252,0,5.2351909536,-5.2351909536,-5.2351909536,0E-7,1,1,0.49324550000000000,0.493245500000,-0.9865810262130424,-0.9865810262130424,-0.9865810262130424,0E-17,ELIGIBLE,R03b_20260811_FULL_v1,L1_ELIGIBILITY,v2026-08-11,2026-03-21..2026-08-06,baccarat_bet02_101_all_pairs_incl_sentinel,round_win = game_pnl > 0 (decisive only),COMPATIBILITY_ONLY_NOT_PRODUCTION,127205.3315,115172.8122,6635.2036,4257,2852,-0.05216136,-0.11437665,-0.04113429,-0.05216136,-6635.2036,127205.3315,OK,0.0000,265.4081,4.0000,96.0000,AG03-UNRESOLVED,ALL5_LEVELS_bet23_to_bet27,265.4081,265.4081,265.4081,331.7602,331.7602,4.000000,4.000000,4.000000,5.000000,5.000000,96.000000,96.000000,96.000000,95.000000,95.000000,5.0,1459.7448,1337.1644,5175.4588,5298.0391,PENDING_AG03,FALSE,NOT_FOR_ENFORCEMENT,6369.7955,110565.8997,6635.2036,6369.7955,265.4081,0.05216136,0.05007491,265.4081,6369.7955,0.05007491,265.4081,265.4081,265.4081,331.7602,331.7602,6369.7955,0.05007491,1459.7448,1337.1644,5175.4588,5298.0391,0.04068586,0.04164951,0.00208645,29.8814,40.3832,2.3265,127.6001,7.3643,2446.2564,54.8462,43.4275,28.3160,5.1431,12.8578,28.9875,66.8604,128.5777,263.3173,7.8995,-2.6176,10.0,20.479237,2.324,28,180,56,8,0.15055597,0.05216136,0.11437665,0E-8,0.000000,0.905409,0.000000,-0.07324236,2026-03-22,2026-08-06,52,901,524,138,0.376812,1.533674,1.453326,0.501853,,,,,,,,GLOBAL_BASELINE_NO_ENTITY_RANKING,,,NOT_APPLICABLE_GLOBAL_BASELINE,HF9g-P5,,,,X 全窗基线 · 不参与实体赏罚,14191236,1420,A168_HF9F_20260827_0900,2026-08-27 09:00:00
2026-04-12,128173484,2258,0,2.6175954768,2.6175954768,2.6175954768,1.0000000,1,1,0.49324550000000000,0.493245500000,1.01360149184955,1.01360149184955,1.01360149184955,0E-17,ELIGIBLE,R03b_20260811_FULL_v1,L1_ELIGIBILITY,v2026-08-11,2026-03-21..2026-08-06,baccarat_bet02_101_all_pairs_incl_sentinel,round_win = game_pnl > 0 (decisive only),COMPATIBILITY_ONLY_NOT_PRODUCTION,127205.3315,115172.8122,6635.2036,4257,2852,-0.05216136,-0.11437665,-0.04113429,-0.05216136,-6635.2036,127205.3315,OK,0.0000,265.4081,4.0000,96.0000,AG03-UNRESOLVED,ALL5_LEVELS_bet23_to_bet27,265.4081,265.4081,265.4081,331.7602,331.7602,4.000000,4.000000,4.000000,5.000000,5.000000,96.000000,96.000000,96.000000,95.000000,95.000000,5.0,1459.7448,1337.1644,5175.4588,5298.0391,PENDING_AG03,FALSE,NOT_FOR_ENFORCEMENT,6369.7955,110565.8997,6635.2036,6369.7955,265.4081,0.05216136,0.05007491,265.4081,6369.7955,0.05007491,265.4081,265.4081,265.4081,331.7602,331.7602,6369.7955,0.05007491,1459.7448,1337.1644,5175.4588,5298.0391,0.04068586,0.04164951,0.00208645,29.8814,40.3832,2.3265,127.6001,7.3643,2446.2564,54.8462,43.4275,28.3160,5.1431,12.8578,28.9875,66.8604,128.5777,263.3173,7.8995,-2.6176,10.0,20.479237,2.324,28,180,56,8,0.15055597,0.05216136,0.11437665,0E-8,0.000000,0.905409,0.000000,-0.07324236,2026-03-22,2026-08-06,52,901,524,138,0.376812,1.533674,1.453326,0.501853,,,,,,,,GLOBAL_BASELINE_NO_ENTITY_RANKING,,,NOT_APPLICABLE_GLOBAL_BASELINE,HF9g-P5,,,,X 全窗基线 · 不参与实体赏罚,14191237,1420,A168_HF9F_20260827_0900,2026-08-27 09:00:00
2026-04-12,128173484,595,0,5.2351909536,4.9734314059,4.9734314059,1.0000000,1,1,0.50665070000000000,0.506650700000,0.9867858985152569,0.9867858985152569,0.9867858985152569,0E-17,ELIGIBLE,R03b_20260811_FULL_v1,L1_ELIGIBILITY,v2026-08-11,2026-03-21..2026-08-06,baccarat_bet02_101_all_pairs_incl_sentinel,round_win = game_pnl > 0 (decisive only),COMPATIBILITY_ONLY_NOT_PRODUCTION,127205.3315,115172.8122,6635.2036,4257,2852,-0.05216136,-0.11437665,-0.04113429,-0.05216136,-6635.2036,127205.3315,OK,0.0000,265.4081,4.0000,96.0000,AG03-UNRESOLVED,ALL5_LEVELS_bet23_to_bet27,265.4081,265.4081,265.4081,331.7602,331.7602,4.000000,4.000000,4.000000,5.000000,5.000000,96.000000,96.000000,96.000000,95.000000,95.000000,5.0,1459.7448,1337.1644,5175.4588,5298.0391,PENDING_AG03,FALSE,NOT_FOR_ENFORCEMENT,6369.7955,110565.8997,6635.2036,6369.7955,265.4081,0.05216136,0.05007491,265.4081,6369.7955,0.05007491,265.4081,265.4081,265.4081,331.7602,331.7602,6369.7955,0.05007491,1459.7448,1337.1644,5175.4588,5298.0391,0.04068586,0.04164951,0.00208645,29.8814,40.3832,2.3265,127.6001,7.3643,2446.2564,54.8462,43.4275,28.3160,5.1431,12.8578,28.9875,66.8604,128.5777,263.3173,7.8995,-2.6176,10.0,20.479237,2.324,28,180,56,8,0.15055597,0.05216136,0.11437665,0E-8,0.000000,0.905409,0.000000,-0.07324236,2026-03-22,2026-08-06,52,901,524,138,0.376812,1.533674,1.453326,0.501853,,,,,,,,GLOBAL_BASELINE_NO_ENTITY_RANKING,,,NOT_APPLICABLE_GLOBAL_BASELINE,HF9g-P5,,,,X 全窗基线 · 不参与实体赏罚,14191238,1420,A168_HF9F_20260827_0900,2026-08-27 09:00:00
2026-04-14,128173484,2170,0,21.2025233620,13.8732560270,13.8732560270,1.0000000,2,2,0.49994810000000000,0.499948100000,1.0001038053877793,1.0001038053877793,1.0001038053877793,0E-17,ELIGIBLE,R03b_20260811_FULL_v1,L1_ELIGIBILITY,v2026-08-11,2026-03-21..2026-08-06,baccarat_bet02_101_all_pairs_incl_sentinel,round_win = game_pnl > 0 (decisive only),COMPATIBILITY_ONLY_NOT_PRODUCTION,127205.3315,115172.8122,6635.2036,4257,2852,-0.05216136,-0.11437665,-0.04113429,-0.05216136,-6635.2036,127205.3315,OK,0.0000,265.4081,4.0000,96.0000,AG03-UNRESOLVED,ALL5_LEVELS_bet23_to_bet27,265.4081,265.4081,265.4081,331.7602,331.7602,4.000000,4.000000,4.000000,5.000000,5.000000,96.000000,96.000000,96.000000,95.000000,95.000000,5.0,1459.7448,1337.1644,5175.4588,5298.0391,PENDING_AG03,FALSE,NOT_FOR_ENFORCEMENT,6369.7955,110565.8997,6635.2036,6369.7955,265.4081,0.05216136,0.05007491,265.4081,6369.7955,0.05007491,265.4081,265.4081,265.4081,331.7602,331.7602,6369.7955,0.05007491,1459.7448,1337.1644,5175.4588,5298.0391,0.04068586,0.04164951,0.00208645,29.8814,40.3832,2.3265,127.6001,7.3643,2446.2564,54.8462,43.4275,28.3160,5.1431,12.8578,28.9875,66.8604,128.5777,263.3173,7.8995,-2.6176,10.0,20.479237,2.324,28,180,56,8,0.15055597,0.05216136,0.11437665,0E-8,0.000000,0.905409,0.000000,-0.07324236,2026-03-22,2026-08-06,52,901,524,138,0.376812,1.533674,1.453326,0.501853,,,,,,,,GLOBAL_BASELINE_NO_ENTITY_RANKING,,,NOT_APPLICABLE_GLOBAL_BASELINE,HF9g-P5,,,,X 全窗基线 · 不参与实体赏罚,14191239,1420,A168_HF9F_20260827_0900,2026-08-27 09:00:00
2026-04-14,128173484,2235,0,439.4942805539,-118.0535560035,-118.0535560035,0.3333333,8,8,0.49659680000000000,0.496596800000,-0.7998429013504523,-0.7998429013504523,-0.7998429013504523,0E-17,ELIGIBLE,R03b_20260811_FULL_v1,L1_ELIGIBILITY,v2026-08-11,2026-03-21..2026-08-06,baccarat_bet02_101_all_pairs_incl_sentinel,round_win = game_pnl > 0 (decisive only),COMPATIBILITY_ONLY_NOT_PRODUCTION,127205.3315,115172.8122,6635.2036,4257,2852,-0.05216136,-0.11437665,-0.04113429,-0.05216136,-6635.2036,127205.3315,OK,0.0000,265.4081,4.0000,96.0000,AG03-UNRESOLVED,ALL5_LEVELS_bet23_to_bet27,265.4081,265.4081,265.4081,331.7602,331.7602,4.000000,4.000000,4.000000,5.000000,5.000000,96.000000,96.000000,96.000000,95.000000,95.000000,5.0,1459.7448,1337.1644,5175.4588,5298.0391,PENDING_AG03,FALSE,NOT_FOR_ENFORCEMENT,6369.7955,110565.8997,6635.2036,6369.7955,265.4081,0.05216136,0.05007491,265.4081,6369.7955,0.05007491,265.4081,265.4081,265.4081,331.7602,331.7602,6369.7955,0.05007491,1459.7448,1337.1644,5175.4588,5298.0391,0.04068586,0.04164951,0.00208645,29.8814,40.3832,2.3265,127.6001,7.3643,2446.2564,54.8462,43.4275,28.3160,5.1431,12.8578,28.9875,66.8604,128.5777,263.3173,7.8995,-2.6176,10.0,20.479237,2.324,28,180,56,8,0.15055597,0.05216136,0.11437665,0E-8,0.000000,0.905409,0.000000,-0.07324236,2026-03-22,2026-08-06,52,901,524,138,0.376812,1.533674,1.453326,0.501853,,,,,,,,GLOBAL_BASELINE_NO_ENTITY_RANKING,,,NOT_APPLICABLE_GLOBAL_BASELINE,HF9g-P5,,,,X 全窗基线 · 不参与实体赏罚,14191240,1420,A168_HF9F_20260827_0900,2026-08-27 09:00:00
2026-04-15,128173484,1490,0,146.5853467005,-146.5853467005,-146.5853467005,0E-7,3,1,0.47650826428565260,0.225321300000,-0.954070139777293,-0.539312289199877,-0.954070139777293,0.25118696428565260,ELIGIBLE,R03b_20260811_FULL_v1,L1_ELIGIBILITY,v2026-08-11,2026-03-21..2026-08-06,baccarat_bet02_101_all_pairs_incl_sentinel,round_win = game_pnl > 0 (decisive only),COMPATIBILITY_ONLY_NOT_PRODUCTION,127205.3315,115172.8122,6635.2036,4257,2852,-0.05216136,-0.11437665,-0.04113429,-0.05216136,-6635.2036,127205.3315,OK,0.0000,265.4081,4.0000,96.0000,AG03-UNRESOLVED,ALL5_LEVELS_bet23_to_bet27,265.4081,265.4081,265.4081,331.7602,331.7602,4.000000,4.000000,4.000000,5.000000,5.000000,96.000000,96.000000,96.000000,95.000000,95.000000,5.0,1459.7448,1337.1644,5175.4588,5298.0391,PENDING_AG03,FALSE,NOT_FOR_ENFORCEMENT,6369.7955,110565.8997,6635.2036,6369.7955,265.4081,0.05216136,0.05007491,265.4081,6369.7955,0.05007491,265.4081,265.4081,265.4081,331.7602,331.7602,6369.7955,0.05007491,1459.7448,1337.1644,5175.4588,5298.0391,0.04068586,0.04164951,0.00208645,29.8814,40.3832,2.3265,127.6001,7.3643,2446.2564,54.8462,43.4275,28.3160,5.1431,12.8578,28.9875,66.8604,128.5777,263.3173,7.8995,-2.6176,10.0,20.479237,2.324,28,180,56,8,0.15055597,0.05216136,0.11437665,0E-8,0.000000,0.905409,0.000000,-0.07324236,2026-03-22,2026-08-06,52,901,524,138,0.376812,1.533674,1.453326,0.501853,,,,,,,,GLOBAL_BASELINE_NO_ENTITY_RANKING,,,NOT_APPLICABLE_GLOBAL_BASELINE,HF9g-P5,,,,X 全窗基线 · 不参与实体赏罚,14191241,1420,A168_HF9F_20260827_0900,2026-08-27 09:00:00
2026-04-15,128173484,2088,0,75.9102688272,-10.4703819072,-10.4703819072,0.5000000,6,3,0.45607260507246377,0.334181583333,0.12472772097966812,0.49713988069198656,0.12472772097966812,0.12189102173946377,ELIGIBLE,R03b_20260811_FULL_v1,L1_ELIGIBILITY,v2026-08-11,2026-03-21..2026-08-06,baccarat_bet02_101_all_pairs_incl_sentinel,round_win = game_pnl > 0 (decisive only),COMPATIBILITY_ONLY_NOT_PRODUCTION,127205.3315,115172.8122,6635.2036,4257,2852,-0.05216136,-0.11437665,-0.04113429,-0.05216136,-6635.2036,127205.3315,OK,0.0000,265.4081,4.0000,96.0000,AG03-UNRESOLVED,ALL5_LEVELS_bet23_to_bet27,265.4081,265.4081,265.4081,331.7602,331.7602,4.000000,4.000000,4.000000,5.000000,5.000000,96.000000,96.000000,96.000000,95.000000,95.000000,5.0,1459.7448,1337.1644,5175.4588,5298.0391,PENDING_AG03,FALSE,NOT_FOR_ENFORCEMENT,6369.7955,110565.8997,6635.2036,6369.7955,265.4081,0.05216136,0.05007491,265.4081,6369.7955,0.05007491,265.4081,265.4081,265.4081,331.7602,331.7602,6369.7955,0.05007491,1459.7448,1337.1644,5175.4588,5298.0391,0.04068586,0.04164951,0.00208645,29.8814,40.3832,2.3265,127.6001,7.3643,2446.2564,54.8462,43.4275,28.3160,5.1431,12.8578,28.9875,66.8604,128.5777,263.3173,7.8995,-2.6176,10.0,20.479237,2.324,28,180,56,8,0.15055597,0.05216136,0.11437665,0E-8,0.000000,0.905409,0.000000,-0.07324236,2026-03-22,2026-08-06,52,901,524,138,0.376812,1.533674,1.453326,0.501853,,,,,,,,GLOBAL_BASELINE_NO_ENTITY_RANKING,,,NOT_APPLICABLE_GLOBAL_BASELINE,HF9g-P5,,,,X 全窗基线 · 不参与实体赏罚,14191242,1420,A168_HF9F_20260827_0900,2026-08-27 09:00:00
2026-04-15,128173484,2101,0,208.0988404054,-56.2783027512,-56.2783027512,0.5000000,9,4,0.43709694966553852,0.273472975000,0.2536273083949535,1.0164053039208139,0.2536273083949535,0.16362397466553852,ELIGIBLE,R03b_20260811_FULL_v1,L1_ELIGIBILITY,v2026-08-11,2026-03-21..2026-08-06,baccarat_bet02_101_all_pairs_incl_sentinel,round_win = game_pnl > 0 (decisive only),COMPATIBILITY_ONLY_NOT_PRODUCTION,127205.3315,115172.8122,6635.2036,4257,2852,-0.05216136,-0.11437665,-0.04113429,-0.05216136,-6635.2036,127205.3315,OK,0.0000,265.4081,4.0000,96.0000,AG03-UNRESOLVED,ALL5_LEVELS_bet23_to_bet27,265.4081,265.4081,265.4081,331.7602,331.7602,4.000000,4.000000,4.000000,5.000000,5.000000,96.000000,96.000000,96.000000,95.000000,95.000000,5.0,1459.7448,1337.1644,5175.4588,5298.0391,PENDING_AG03,FALSE,NOT_FOR_ENFORCEMENT,6369.7955,110565.8997,6635.2036,6369.7955,265.4081,0.05216136,0.05007491,265.4081,6369.7955,0.05007491,265.4081,265.4081,265.4081,331.7602,331.7602,6369.7955,0.05007491,1459.7448,1337.1644,5175.4588,5298.0391,0.04068586,0.04164951,0.00208645,29.8814,40.3832,2.3265,127.6001,7.3643,2446.2564,54.8462,43.4275,28.3160,5.1431,12.8578,28.9875,66.8604,128.5777,263.3173,7.8995,-2.6176,10.0,20.479237,2.324,28,180,56,8,0.15055597,0.05216136,0.11437665,0E-8,0.000000,0.905409,0.000000,-0.07324236,2026-03-22,2026-08-06,52,901,524,138,0.376812,1.533674,1.453326,0.501853,,,,,,,,GLOBAL_BASELINE_NO_ENTITY_RANKING,,,NOT_APPLICABLE_GLOBAL_BASELINE,HF9g-P5,,,,X 全窗基线 · 不参与实体赏罚,14191243,1420,A168_HF9F_20260827_0900,2026-08-27 09:00:00
2026-04-15,128173484,2212,0,44.4991231055,96.8510326414,96.8510326414,1.0000000,2,1,0.44400607647047758,0.283977950000,1.1190270009814893,1.587891735934168,1.1190270009814893,0.16002812647047758,ELIGIBLE,R03b_20260811_FULL_v1,L1_ELIGIBILITY,v2026-08-11,2026-03-21..2026-08-06,baccarat_bet02_101_all_pairs_incl_sentinel,round_win = game_pnl > 0 (decisive only),COMPATIBILITY_ONLY_NOT_PRODUCTION,127205.3315,115172.8122,6635.2036,4257,2852,-0.05216136,-0.11437665,-0.04113429,-0.05216136,-6635.2036,127205.3315,OK,0.0000,265.4081,4.0000,96.0000,AG03-UNRESOLVED,ALL5_LEVELS_bet23_to_bet27,265.4081,265.4081,265.4081,331.7602,331.7602,4.000000,4.000000,4.000000,5.000000,5.000000,96.000000,96.000000,96.000000,95.000000,95.000000,5.0,1459.7448,1337.1644,5175.4588,5298.0391,PENDING_AG03,FALSE,NOT_FOR_ENFORCEMENT,6369.7955,110565.8997,6635.2036,6369.7955,265.4081,0.05216136,0.05007491,265.4081,6369.7955,0.05007491,265.4081,265.4081,265.4081,331.7602,331.7602,6369.7955,0.05007491,1459.7448,1337.1644,5175.4588,5298.0391,0.04068586,0.04164951,0.00208645,29.8814,40.3832,2.3265,127.6001,7.3643,2446.2564,54.8462,43.4275,28.3160,5.1431,12.8578,28.9875,66.8604,128.5777,263.3173,7.8995,-2.6176,10.0,20.479237,2.324,28,180,56,8,0.15055597,0.05216136,0.11437665,0E-8,0.000000,0.905409,0.000000,-0.07324236,2026-03-22,2026-08-06,52,901,524,138,0.376812,1.533674,1.453326,0.501853,,,,,,,,GLOBAL_BASELINE_NO_ENTITY_RANKING,,,NOT_APPLICABLE_GLOBAL_BASELINE,HF9g-P5,,,,X 全窗基线 · 不参与实体赏罚,14191244,1420,A168_HF9F_20260827_0900,2026-08-27 09:00:00
2026-04-15,128173484,2224,0,13.0879773840,0E-10,0E-10,,1,1,0.50665070000000000,0.506650700000,,,,0E-17,NO_DECISIVE_ROUND,R03b_20260811_FULL_v1,L1_ELIGIBILITY,v2026-08-11,2026-03-21..2026-08-06,baccarat_bet02_101_all_pairs_incl_sentinel,round_win = game_pnl > 0 (decisive only),COMPATIBILITY_ONLY_NOT_PRODUCTION,127205.3315,115172.8122,6635.2036,4257,2852,-0.05216136,-0.11437665,-0.04113429,-0.05216136,-6635.2036,127205.3315,OK,0.0000,265.4081,4.0000,96.0000,AG03-UNRESOLVED,ALL5_LEVELS_bet23_to_bet27,265.4081,265.4081,265.4081,331.7602,331.7602,4.000000,4.000000,4.000000,5.000000,5.000000,96.000000,96.000000,96.000000,95.000000,95.000000,5.0,1459.7448,1337.1644,5175.4588,5298.0391,PENDING_AG03,FALSE,NOT_FOR_ENFORCEMENT,6369.7955,110565.8997,6635.2036,6369.7955,265.4081,0.05216136,0.05007491,265.4081,6369.7955,0.05007491,265.4081,265.4081,265.4081,331.7602,331.7602,6369.7955,0.05007491,1459.7448,1337.1644,5175.4588,5298.0391,0.04068586,0.04164951,0.00208645,29.8814,40.3832,2.3265,127.6001,7.3643,2446.2564,54.8462,43.4275,28.3160,5.1431,12.8578,28.9875,66.8604,128.5777,263.3173,7.8995,-2.6176,10.0,20.479237,2.324,28,180,56,8,0.15055597,0.05216136,0.11437665,0E-8,0.000000,0.905409,0.000000,-0.07324236,2026-03-22,2026-08-06,52,901,524,138,0.376812,1.533674,1.453326,0.501853,,,,,,,,GLOBAL_BASELINE_NO_ENTITY_RANKING,,,NOT_APPLICABLE_GLOBAL_BASELINE,HF9g-P5,,,,X 全窗基线 · 不参与实体赏罚,14191245,1420,A168_HF9F_20260827_0900,2026-08-27 09:00:00
2026-04-15,128173484,2234,0,17.7996492422,10.9939010026,10.9939010026,1.0000000,2,1,0.41703439558895987,0.293924150000,1.182321339189807,1.549915577879723,1.182321339189807,0.12311024558895987,ELIGIBLE,R03b_20260811_FULL_v1,L1_ELIGIBILITY,v2026-08-11,2026-03-21..2026-08-06,baccarat_bet02_101_all_pairs_incl_sentinel,round_win = game_pnl > 0 (decisive only),COMPATIBILITY_ONLY_NOT_PRODUCTION,127205.3315,115172.8122,6635.2036,4257,2852,-0.05216136,-0.11437665,-0.04113429,-0.05216136,-6635.2036,127205.3315,OK,0.0000,265.4081,4.0000,96.0000,AG03-UNRESOLVED,ALL5_LEVELS_bet23_to_bet27,265.4081,265.4081,265.4081,331.7602,331.7602,4.000000,4.000000,4.000000,5.000000,5.000000,96.000000,96.000000,96.000000,95.000000,95.000000,5.0,1459.7448,1337.1644,5175.4588,5298.0391,PENDING_AG03,FALSE,NOT_FOR_ENFORCEMENT,6369.7955,110565.8997,6635.2036,6369.7955,265.4081,0.05216136,0.05007491,265.4081,6369.7955,0.05007491,265.4081,265.4081,265.4081,331.7602,331.7602,6369.7955,0.05007491,1459.7448,1337.1644,5175.4588,5298.0391,0.04068586,0.04164951,0.00208645,29.8814,40.3832,2.3265,127.6001,7.3643,2446.2564,54.8462,43.4275,28.3160,5.1431,12.8578,28.9875,66.8604,128.5777,263.3173,7.8995,-2.6176,10.0,20.479237,2.324,28,180,56,8,0.15055597,0.05216136,0.11437665,0E-8,0.000000,0.905409,0.000000,-0.07324236,2026-03-22,2026-08-06,52,901,524,138,0.376812,1.533674,1.453326,0.501853,,,,,,,,GLOBAL_BASELINE_NO_ENTITY_RANKING,,,NOT_APPLICABLE_GLOBAL_BASELINE,HF9g-P5,,,,X 全窗基线 · 不参与实体赏罚,14191246,1420,A168_HF9F_20260827_0900,2026-08-27 09:00:00
2026-04-15,128173484,2254,0,274.8475250635,248.6715702955,248.6715702955,1.0000000,2,1,0.47331410952377326,0.283965900000,1.0548752833282455,1.587938788024013,1.0548752833282455,0.18934820952377326,ELIGIBLE,R03b_20260811_FULL_v1,L1_ELIGIBILITY,v2026-08-11,2026-03-21..2026-08-06,baccarat_bet02_101_all_pairs_incl_sentinel,round_win = game_pnl > 0 (decisive only),COMPATIBILITY_ONLY_NOT_PRODUCTION,127205.3315,115172.8122,6635.2036,4257,2852,-0.05216136,-0.11437665,-0.04113429,-0.05216136,-6635.2036,127205.3315,OK,0.0000,265.4081,4.0000,96.0000,AG03-UNRESOLVED,ALL5_LEVELS_bet23_to_bet27,265.4081,265.4081,265.4081,331.7602,331.7602,4.000000,4.000000,4.000000,5.000000,5.000000,96.000000,96.000000,96.000000,95.000000,95.000000,5.0,1459.7448,1337.1644,5175.4588,5298.0391,PENDING_AG03,FALSE,NOT_FOR_ENFORCEMENT,6369.7955,110565.8997,6635.2036,6369.7955,265.4081,0.05216136,0.05007491,265.4081,6369.7955,0.05007491,265.4081,265.4081,265.4081,331.7602,331.7602,6369.7955,0.05007491,1459.7448,1337.1644,5175.4588,5298.0391,0.04068586,0.04164951,0.00208645,29.8814,40.3832,2.3265,127.6001,7.3643,2446.2564,54.8462,43.4275,28.3160,5.1431,12.8578,28.9875,66.8604,128.5777,263.3173,7.8995,-2.6176,10.0,20.479237,2.324,28,180,56,8,0.15055597,0.05216136,0.11437665,0E-8,0.000000,0.905409,0.000000,-0.07324236,2026-03-22,2026-08-06,52,901,524,138,0.376812,1.533674,1.453326,0.501853,,,,,,,,GLOBAL_BASELINE_NO_ENTITY_RANKING,,,NOT_APPLICABLE_GLOBAL_BASELINE,HF9g-P5,,,,X 全窗基线 · 不参与实体赏罚,14191247,1420,A168_HF9F_20260827_0900,2026-08-27 09:00:00
2026-04-15,128173484,526,0,41.8815276287,-41.8815276287,-41.8815276287,0E-7,2,1,0.46833033124994051,0.293924150000,-0.9385452160301092,-0.6451964315166089,-0.9385452160301092,0.17440618124994051,ELIGIBLE,R03b_20260811_FULL_v1,L1_ELIGIBILITY,v2026-08-11,2026-03-21..2026-08-06,baccarat_bet02_101_all_pairs_incl_sentinel,round_win = game_pnl > 0 (decisive only),COMPATIBILITY_ONLY_NOT_PRODUCTION,127205.3315,115172.8122,6635.2036,4257,2852,-0.05216136,-0.11437665,-0.04113429,-0.05216136,-6635.2036,127205.3315,OK,0.0000,265.4081,4.0000,96.0000,AG03-UNRESOLVED,ALL5_LEVELS_bet23_to_bet27,265.4081,265.4081,265.4081,331.7602,331.7602,4.000000,4.000000,4.000000,5.000000,5.000000,96.000000,96.000000,96.000000,95.000000,95.000000,5.0,1459.7448,1337.1644,5175.4588,5298.0391,PENDING_AG03,FALSE,NOT_FOR_ENFORCEMENT,6369.7955,110565.8997,6635.2036,6369.7955,265.4081,0.05216136,0.05007491,265.4081,6369.7955,0.05007491,265.4081,265.4081,265.4081,331.7602,331.7602,6369.7955,0.05007491,1459.7448,1337.1644,5175.4588,5298.0391,0.04068586,0.04164951,0.00208645,29.8814,40.3832,2.3265,127.6001,7.3643,2446.2564,54.8462,43.4275,28.3160,5.1431,12.8578,28.9875,66.8604,128.5777,263.3173,7.8995,-2.6176,10.0,20.479237,2.324,28,180,56,8,0.15055597,0.05216136,0.11437665,0E-8,0.000000,0.905409,0.000000,-0.07324236,2026-03-22,2026-08-06,52,901,524,138,0.376812,1.533674,1.453326,0.501853,,,,,,,,GLOBAL_BASELINE_NO_ENTITY_RANKING,,,NOT_APPLICABLE_GLOBAL_BASELINE,HF9g-P5,,,,X 全窗基线 · 不参与实体赏罚,14191248,1420,A168_HF9F_20260827_0900,2026-08-27 09:00:00
2026-04-15,128173484,986,0,52.3519095359,52.3519095359,52.3519095359,1.0000000,1,1,0.49324550000000000,0.493245500000,1.01360149184955,1.01360149184955,1.01360149184955,0E-17,ELIGIBLE,R03b_20260811_FULL_v1,L1_ELIGIBILITY,v2026-08-11,2026-03-21..2026-08-06,baccarat_bet02_101_all_pairs_incl_sentinel,round_win = game_pnl > 0 (decisive only),COMPATIBILITY_ONLY_NOT_PRODUCTION,127205.3315,115172.8122,6635.2036,4257,2852,-0.05216136,-0.11437665,-0.04113429,-0.05216136,-6635.2036,127205.3315,OK,0.0000,265.4081,4.0000,96.0000,AG03-UNRESOLVED,ALL5_LEVELS_bet23_to_bet27,265.4081,265.4081,265.4081,331.7602,331.7602,4.000000,4.000000,4.000000,5.000000,5.000000,96.000000,96.000000,96.000000,95.000000,95.000000,5.0,1459.7448,1337.1644,5175.4588,5298.0391,PENDING_AG03,FALSE,NOT_FOR_ENFORCEMENT,6369.7955,110565.8997,6635.2036,6369.7955,265.4081,0.05216136,0.05007491,265.4081,6369.7955,0.05007491,265.4081,265.4081,265.4081,331.7602,331.7602,6369.7955,0.05007491,1459.7448,1337.1644,5175.4588,5298.0391,0.04068586,0.04164951,0.00208645,29.8814,40.3832,2.3265,127.6001,7.3643,2446.2564,54.8462,43.4275,28.3160,5.1431,12.8578,28.9875,66.8604,128.5777,263.3173,7.8995,-2.6176,10.0,20.479237,2.324,28,180,56,8,0.15055597,0.05216136,0.11437665,0E-8,0.000000,0.905409,0.000000,-0.07324236,2026-03-22,2026-08-06,52,901,524,138,0.376812,1.533674,1.453326,0.501853,,,,,,,,GLOBAL_BASELINE_NO_ENTITY_RANKING,,,NOT_APPLICABLE_GLOBAL_BASELINE,HF9g-P5,,,,X 全窗基线 · 不参与实体赏罚,14191249,1420,A168_HF9F_20260827_0900,2026-08-27 09:00:00
2026-04-17,128173484,1299,0,29.5788288878,6.8057482397,6.8057482397,0.6666667,5,3,0.42211358989936282,0.361513583333,0.8576258258382896,1.1001204776852003,0.8576258258382896,0.06060000656636282,ELIGIBLE,R03b_20260811_FULL_v1,L1_ELIGIBILITY,v2026-08-11,2026-03-21..2026-08-06,baccarat_bet02_101_all_pairs_incl_sentinel,round_win = game_pnl > 0 (decisive only),COMPATIBILITY_ONLY_NOT_PRODUCTION,127205.3315,115172.8122,6635.2036,4257,2852,-0.05216136,-0.11437665,-0.04113429,-0.05216136,-6635.2036,127205.3315,OK,0.0000,265.4081,4.0000,96.0000,AG03-UNRESOLVED,ALL5_LEVELS_bet23_to_bet27,265.4081,265.4081,265.4081,331.7602,331.7602,4.000000,4.000000,4.000000,5.000000,5.000000,96.000000,96.000000,96.000000,95.000000,95.000000,5.0,1459.7448,1337.1644,5175.4588,5298.0391,PENDING_AG03,FALSE,NOT_FOR_ENFORCEMENT,6369.7955,110565.8997,6635.2036,6369.7955,265.4081,0.05216136,0.05007491,265.4081,6369.7955,0.05007491,265.4081,265.4081,265.4081,331.7602,331.7602,6369.7955,0.05007491,1459.7448,1337.1644,5175.4588,5298.0391,0.04068586,0.04164951,0.00208645,29.8814,40.3832,2.3265,127.6001,7.3643,2446.2564,54.8462,43.4275,28.3160,5.1431,12.8578,28.9875,66.8604,128.5777,263.3173,7.8995,-2.6176,10.0,20.479237,2.324,28,180,56,8,0.15055597,0.05216136,0.11437665,0E-8,0.000000,0.905409,0.000000,-0.07324236,2026-03-22,2026-08-06,52,901,524,138,0.376812,1.533674,1.453326,0.501853,,,,,,,,GLOBAL_BASELINE_NO_ENTITY_RANKING,,,NOT_APPLICABLE_GLOBAL_BASELINE,HF9g-P5,,,,X 全窗基线 · 不参与实体赏罚,14191250,1420,A168_HF9F_20260827_0900,2026-08-27 09:00:00
2026-04-17,128173484,1306,0,170.1437059918,-170.1437059918,-170.1437059918,0E-7,6,4,0.45655071363635105,0.398611775000,-1.833137312169838,-1.628274408805549,-1.833137312169838,0.05793893863635105,ELIGIBLE,R03b_20260811_FULL_v1,L1_ELIGIBILITY,v2026-08-11,2026-03-21..2026-08-06,baccarat_bet02_101_all_pairs_incl_sentinel,round_win = game_pnl > 0 (decisive only),COMPATIBILITY_ONLY_NOT_PRODUCTION,127205.3315,115172.8122,6635.2036,4257,2852,-0.05216136,-0.11437665,-0.04113429,-0.05216136,-6635.2036,127205.3315,OK,0.0000,265.4081,4.0000,96.0000,AG03-UNRESOLVED,ALL5_LEVELS_bet23_to_bet27,265.4081,265.4081,265.4081,331.7602,331.7602,4.000000,4.000000,4.000000,5.000000,5.000000,96.000000,96.000000,96.000000,95.000000,95.000000,5.0,1459.7448,1337.1644,5175.4588,5298.0391,PENDING_AG03,FALSE,NOT_FOR_ENFORCEMENT,6369.7955,110565.8997,6635.2036,6369.7955,265.4081,0.05216136,0.05007491,265.4081,6369.7955,0.05007491,265.4081,265.4081,265.4081,331.7602,331.7602,6369.7955,0.05007491,1459.7448,1337.1644,5175.4588,5298.0391,0.04068586,0.04164951,0.00208645,29.8814,40.3832,2.3265,127.6001,7.3643,2446.2564,54.8462,43.4275,28.3160,5.1431,12.8578,28.9875,66.8604,128.5777,263.3173,7.8995,-2.6176,10.0,20.479237,2.324,28,180,56,8,0.15055597,0.05216136,0.11437665,0E-8,0.000000,0.905409,0.000000,-0.07324236,2026-03-22,2026-08-06,52,901,524,138,0.376812,1.533674,1.453326,0.501853,,,,,,,,GLOBAL_BASELINE_NO_ENTITY_RANKING,,,NOT_APPLICABLE_GLOBAL_BASELINE,HF9g-P5,,,,X 全窗基线 · 不参与实体赏罚,14191251,1420,A168_HF9F_20260827_0900,2026-08-27 09:00:00
2026-04-17,128173484,1384,0,157.8410072509,109.4154909301,109.4154909301,0.5000000,7,6,0.47595141666666667,0.463953075000,0.11795002450391394,0.1770538663132613,0.11795002450391394,0.01199834166666667,ELIGIBLE,R03b_20260811_FULL_v1,L1_ELIGIBILITY,v2026-08-11,2026-03-21..2026-08-06,baccarat_bet02_101_all_pairs_incl_sentinel,round_win = game_pnl > 0 (decisive only),COMPATIBILITY_ONLY_NOT_PRODUCTION,127205.3315,115172.8122,6635.2036,4257,2852,-0.05216136,-0.11437665,-0.04113429,-0.05216136,-6635.2036,127205.3315,OK,0.0000,265.4081,4.0000,96.0000,AG03-UNRESOLVED,ALL5_LEVELS_bet23_to_bet27,265.4081,265.4081,265.4081,331.7602,331.7602,4.000000,4.000000,4.000000,5.000000,5.000000,96.000000,96.000000,96.000000,95.000000,95.000000,5.0,1459.7448,1337.1644,5175.4588,5298.0391,PENDING_AG03,FALSE,NOT_FOR_ENFORCEMENT,6369.7955,110565.8997,6635.2036,6369.7955,265.4081,0.05216136,0.05007491,265.4081,6369.7955,0.05007491,265.4081,265.4081,265.4081,331.7602,331.7602,6369.7955,0.05007491,1459.7448,1337.1644,5175.4588,5298.0391,0.04068586,0.04164951,0.00208645,29.8814,40.3832,2.3265,127.6001,7.3643,2446.2564,54.8462,43.4275,28.3160,5.1431,12.8578,28.9875,66.8604,128.5777,263.3173,7.8995,-2.6176,10.0,20.479237,2.324,28,180,56,8,0.15055597,0.05216136,0.11437665,0E-8,0.000000,0.905409,0.000000,-0.07324236,2026-03-22,2026-08-06,52,901,524,138,0.376812,1.533674,1.453326,0.501853,,,,,,,,GLOBAL_BASELINE_NO_ENTITY_RANKING,,,NOT_APPLICABLE_GLOBAL_BASELINE,HF9g-P5,,,,X 全窗基线 · 不参与实体赏罚,14191252,1420,A168_HF9F_20260827_0900,2026-08-27 09:00:00
2026-04-17,128173484,1385,0,274.8475250635,-274.8475250635,-274.8475250635,0E-7,2,1,0.48702937142853573,0.300626750000,-0.9743866542088822,-0.655630731788307,-0.9743866542088822,0.18640262142853573,ELIGIBLE,R03b_20260811_FULL_v1,L1_ELIGIBILITY,v2026-08-11,2026-03-21..2026-08-06,baccarat_bet02_101_all_pairs_incl_sentinel,round_win = game_pnl > 0 (decisive only),COMPATIBILITY_ONLY_NOT_PRODUCTION,127205.3315,115172.8122,6635.2036,4257,2852,-0.05216136,-0.11437665,-0.04113429,-0.05216136,-6635.2036,127205.3315,OK,0.0000,265.4081,4.0000,96.0000,AG03-UNRESOLVED,ALL5_LEVELS_bet23_to_bet27,265.4081,265.4081,265.4081,331.7602,331.7602,4.000000,4.000000,4.000000,5.000000,5.000000,96.000000,96.000000,96.000000,95.000000,95.000000,5.0,1459.7448,1337.1644,5175.4588,5298.0391,PENDING_AG03,FALSE,NOT_FOR_ENFORCEMENT,6369.7955,110565.8997,6635.2036,6369.7955,265.4081,0.05216136,0.05007491,265.4081,6369.7955,0.05007491,265.4081,265.4081,265.4081,331.7602,331.7602,6369.7955,0.05007491,1459.7448,1337.1644,5175.4588,5298.0391,0.04068586,0.04164951,0.00208645,29.8814,40.3832,2.3265,127.6001,7.3643,2446.2564,54.8462,43.4275,28.3160,5.1431,12.8578,28.9875,66.8604,128.5777,263.3173,7.8995,-2.6176,10.0,20.479237,2.324,28,180,56,8,0.15055597,0.05216136,0.11437665,0E-8,0.000000,0.905409,0.000000,-0.07324236,2026-03-22,2026-08-06,52,901,524,138,0.376812,1.533674,1.453326,0.501853,,,,,,,,GLOBAL_BASELINE_NO_ENTITY_RANKING,,,NOT_APPLICABLE_GLOBAL_BASELINE,HF9g-P5,,,,X 全窗基线 · 不参与实体赏罚,14191253,1420,A168_HF9F_20260827_0900,2026-08-27 09:00:00
2026-04-17,128173484,1399,0,17.0143705992,-17.0143705992,-17.0143705992,0E-7,2,1,0.40125103076923077,0.293924150000,-0.8186262963083062,-0.6451964315166089,-0.8186262963083062,0.10732688076923077,ELIGIBLE,R03b_20260811_FULL_v1,L1_ELIGIBILITY,v2026-08-11,2026-03-21..2026-08-06,baccarat_bet02_101_all_pairs_incl_sentinel,round_win = game_pnl > 0 (decisive only),COMPATIBILITY_ONLY_NOT_PRODUCTION,127205.3315,115172.8122,6635.2036,4257,2852,-0.05216136,-0.11437665,-0.04113429,-0.05216136,-6635.2036,127205.3315,OK,0.0000,265.4081,4.0000,96.0000,AG03-UNRESOLVED,ALL5_LEVELS_bet23_to_bet27,265.4081,265.4081,265.4081,331.7602,331.7602,4.000000,4.000000,4.000000,5.000000,5.000000,96.000000,96.000000,96.000000,95.000000,95.000000,5.0,1459.7448,1337.1644,5175.4588,5298.0391,PENDING_AG03,FALSE,NOT_FOR_ENFORCEMENT,6369.7955,110565.8997,6635.2036,6369.7955,265.4081,0.05216136,0.05007491,265.4081,6369.7955,0.05007491,265.4081,265.4081,265.4081,331.7602,331.7602,6369.7955,0.05007491,1459.7448,1337.1644,5175.4588,5298.0391,0.04068586,0.04164951,0.00208645,29.8814,40.3832,2.3265,127.6001,7.3643,2446.2564,54.8462,43.4275,28.3160,5.1431,12.8578,28.9875,66.8604,128.5777,263.3173,7.8995,-2.6176,10.0,20.479237,2.324,28,180,56,8,0.15055597,0.05216136,0.11437665,0E-8,0.000000,0.905409,0.000000,-0.07324236,2026-03-22,2026-08-06,52,901,524,138,0.376812,1.533674,1.453326,0.501853,,,,,,,,GLOBAL_BASELINE_NO_ENTITY_RANKING,,,NOT_APPLICABLE_GLOBAL_BASELINE,HF9g-P5,,,,X 全窗基线 · 不参与实体赏罚,14191254,1420,A168_HF9F_20260827_0900,2026-08-27 09:00:00
2026-04-17,128173484,1507,0,157.0557286078,104.7038190718,104.7038190718,0.5000000,6,4,0.46468239715907990,0.396122212500,0.1416241581475513,0.4247795113674035,0.1416241581475513,0.06856018465907990,ELIGIBLE,R03b_20260811_FULL_v1,L1_ELIGIBILITY,v2026-08-11,2026-03-21..2026-08-06,baccarat_bet02_101_all_pairs_incl_sentinel,round_win = game_pnl > 0 (decisive only),COMPATIBILITY_ONLY_NOT_PRODUCTION,127205.3315,115172.8122,6635.2036,4257,2852,-0.05216136,-0.11437665,-0.04113429,-0.05216136,-6635.2036,127205.3315,OK,0.0000,265.4081,4.0000,96.0000,AG03-UNRESOLVED,ALL5_LEVELS_bet23_to_bet27,265.4081,265.4081,265.4081,331.7602,331.7602,4.000000,4.000000,4.000000,5.000000,5.000000,96.000000,96.000000,96.000000,95.000000,95.000000,5.0,1459.7448,1337.1644,5175.4588,5298.0391,PENDING_AG03,FALSE,NOT_FOR_ENFORCEMENT,6369.7955,110565.8997,6635.2036,6369.7955,265.4081,0.05216136,0.05007491,265.4081,6369.7955,0.05007491,265.4081,265.4081,265.4081,331.7602,331.7602,6369.7955,0.05007491,1459.7448,1337.1644,5175.4588,5298.0391,0.04068586,0.04164951,0.00208645,29.8814,40.3832,2.3265,127.6001,7.3643,2446.2564,54.8462,43.4275,28.3160,5.1431,12.8578,28.9875,66.8604,128.5777,263.3173,7.8995,-2.6176,10.0,20.479237,2.324,28,180,56,8,0.15055597,0.05216136,0.11437665,0E-8,0.000000,0.905409,0.000000,-0.07324236,2026-03-22,2026-08-06,52,901,524,138,0.376812,1.533674,1.453326,0.501853,,,,,,,,GLOBAL_BASELINE_NO_ENTITY_RANKING,,,NOT_APPLICABLE_GLOBAL_BASELINE,HF9g-P5,,,,X 全窗基线 · 不参与实体赏罚,14191255,1420,A168_HF9F_20260827_0900,2026-08-27 09:00:00
2026-04-17,128173484,1646,0,26.1759547680,-0.6543988692,-0.6543988692,0.5000000,2,2,0.50665070000000000,0.506650700000,-0.018812684590367487,-0.018812684590367487,-0.018812684590367487,0E-17,ELIGIBLE,R03b_20260811_FULL_v1,L1_ELIGIBILITY,v2026-08-11,2026-03-21..2026-08-06,baccarat_bet02_101_all_pairs_incl_sentinel,round_win = game_pnl > 0 (decisive only),COMPATIBILITY_ONLY_NOT_PRODUCTION,127205.3315,115172.8122,6635.2036,4257,2852,-0.05216136,-0.11437665,-0.04113429,-0.05216136,-6635.2036,127205.3315,OK,0.0000,265.4081,4.0000,96.0000,AG03-UNRESOLVED,ALL5_LEVELS_bet23_to_bet27,265.4081,265.4081,265.4081,331.7602,331.7602,4.000000,4.000000,4.000000,5.000000,5.000000,96.000000,96.000000,96.000000,95.000000,95.000000,5.0,1459.7448,1337.1644,5175.4588,5298.0391,PENDING_AG03,FALSE,NOT_FOR_ENFORCEMENT,6369.7955,110565.8997,6635.2036,6369.7955,265.4081,0.05216136,0.05007491,265.4081,6369.7955,0.05007491,265.4081,265.4081,265.4081,331.7602,331.7602,6369.7955,0.05007491,1459.7448,1337.1644,5175.4588,5298.0391,0.04068586,0.04164951,0.00208645,29.8814,40.3832,2.3265,127.6001,7.3643,2446.2564,54.8462,43.4275,28.3160,5.1431,12.8578,28.9875,66.8604,128.5777,263.3173,7.8995,-2.6176,10.0,20.479237,2.324,28,180,56,8,0.15055597,0.05216136,0.11437665,0E-8,0.000000,0.905409,0.000000,-0.07324236,2026-03-22,2026-08-06,52,901,524,138,0.376812,1.533674,1.453326,0.501853,,,,,,,,GLOBAL_BASELINE_NO_ENTITY_RANKING,,,NOT_APPLICABLE_GLOBAL_BASELINE,HF9g-P5,,,,X 全窗基线 · 不参与实体赏罚,14191256,1420,A168_HF9F_20260827_0900,2026-08-27 09:00:00
2026-04-17,128173484,1702,0,26.1759547680,24.8671570296,24.8671570296,1.0000000,2,2,0.50665070000000000,0.506650700000,1.3955260008387969,1.3955260008387969,1.3955260008387969,0E-17,ELIGIBLE,R03b_20260811_FULL_v1,L1_ELIGIBILITY,v2026-08-11,2026-03-21..2026-08-06,baccarat_bet02_101_all_pairs_incl_sentinel,round_win = game_pnl > 0 (decisive only),COMPATIBILITY_ONLY_NOT_PRODUCTION,127205.3315,115172.8122,6635.2036,4257,2852,-0.05216136,-0.11437665,-0.04113429,-0.05216136,-6635.2036,127205.3315,OK,0.0000,265.4081,4.0000,96.0000,AG03-UNRESOLVED,ALL5_LEVELS_bet23_to_bet27,265.4081,265.4081,265.4081,331.7602,331.7602,4.000000,4.000000,4.000000,5.000000,5.000000,96.000000,96.000000,96.000000,95.000000,95.000000,5.0,1459.7448,1337.1644,5175.4588,5298.0391,PENDING_AG03,FALSE,NOT_FOR_ENFORCEMENT,6369.7955,110565.8997,6635.2036,6369.7955,265.4081,0.05216136,0.05007491,265.4081,6369.7955,0.05007491,265.4081,265.4081,265.4081,331.7602,331.7602,6369.7955,0.05007491,1459.7448,1337.1644,5175.4588,5298.0391,0.04068586,0.04164951,0.00208645,29.8814,40.3832,2.3265,127.6001,7.3643,2446.2564,54.8462,43.4275,28.3160,5.1431,12.8578,28.9875,66.8604,128.5777,263.3173,7.8995,-2.6176,10.0,20.479237,2.324,28,180,56,8,0.15055597,0.05216136,0.11437665,0E-8,0.000000,0.905409,0.000000,-0.07324236,2026-03-22,2026-08-06,52,901,524,138,0.376812,1.533674,1.453326,0.501853,,,,,,,,GLOBAL_BASELINE_NO_ENTITY_RANKING,,,NOT_APPLICABLE_GLOBAL_BASELINE,HF9g-P5,,,,X 全窗基线 · 不参与实体赏罚,14191257,1420,A168_HF9F_20260827_0900,2026-08-27 09:00:00
2026-04-17,128173484,1714,0,70.6750778735,-60.2046959663,-60.2046959663,0.5000000,3,2,0.45874330999993704,0.396936125000,0.11709082584044127,0.29790616794075786,0.11709082584044127,0.06180718499993704,ELIGIBLE,R03b_20260811_FULL_v1,L1_ELIGIBILITY,v2026-08-11,2026-03-21..2026-08-06,baccarat_bet02_101_all_pairs_incl_sentinel,round_win = game_pnl > 0 (decisive only),COMPATIBILITY_ONLY_NOT_PRODUCTION,127205.3315,115172.8122,6635.2036,4257,2852,-0.05216136,-0.11437665,-0.04113429,-0.05216136,-6635.2036,127205.3315,OK,0.0000,265.4081,4.0000,96.0000,AG03-UNRESOLVED,ALL5_LEVELS_bet23_to_bet27,265.4081,265.4081,265.4081,331.7602,331.7602,4.000000,4.000000,4.000000,5.000000,5.000000,96.000000,96.000000,96.000000,95.000000,95.000000,5.0,1459.7448,1337.1644,5175.4588,5298.0391,PENDING_AG03,FALSE,NOT_FOR_ENFORCEMENT,6369.7955,110565.8997,6635.2036,6369.7955,265.4081,0.05216136,0.05007491,265.4081,6369.7955,0.05007491,265.4081,265.4081,265.4081,331.7602,331.7602,6369.7955,0.05007491,1459.7448,1337.1644,5175.4588,5298.0391,0.04068586,0.04164951,0.00208645,29.8814,40.3832,2.3265,127.6001,7.3643,2446.2564,54.8462,43.4275,28.3160,5.1431,12.8578,28.9875,66.8604,128.5777,263.3173,7.8995,-2.6176,10.0,20.479237,2.324,28,180,56,8,0.15055597,0.05216136,0.11437665,0E-8,0.000000,0.905409,0.000000,-0.07324236,2026-03-22,2026-08-06,52,901,524,138,0.376812,1.533674,1.453326,0.501853,,,,,,,,GLOBAL_BASELINE_NO_ENTITY_RANKING,,,NOT_APPLICABLE_GLOBAL_BASELINE,HF9g-P5,,,,X 全窗基线 · 不参与实体赏罚,14191258,1420,A168_HF9F_20260827_0900,2026-08-27 09:00:00
2026-04-17,128173484,1750,0,81.1454597807,-81.1454597807,-81.1454597807,0E-7,3,2,0.48031445000000000,0.391963025000,-1.359588565361098,-1.1354618663111085,-1.359588565361098,0.08835142500000000,ELIGIBLE,R03b_20260811_FULL_v1,L1_ELIGIBILITY,v2026-08-11,2026-03-21..2026-08-06,baccarat_bet02_101_all_pairs_incl_sentinel,round_win = game_pnl > 0 (decisive only),COMPATIBILITY_ONLY_NOT_PRODUCTION,127205.3315,115172.8122,6635.2036,4257,2852,-0.05216136,-0.11437665,-0.04113429,-0.05216136,-6635.2036,127205.3315,OK,0.0000,265.4081,4.0000,96.0000,AG03-UNRESOLVED,ALL5_LEVELS_bet23_to_bet27,265.4081,265.4081,265.4081,331.7602,331.7602,4.000000,4.000000,4.000000,5.000000,5.000000,96.000000,96.000000,96.000000,95.000000,95.000000,5.0,1459.7448,1337.1644,5175.4588,5298.0391,PENDING_AG03,FALSE,NOT_FOR_ENFORCEMENT,6369.7955,110565.8997,6635.2036,6369.7955,265.4081,0.05216136,0.05007491,265.4081,6369.7955,0.05007491,265.4081,265.4081,265.4081,331.7602,331.7602,6369.7955,0.05007491,1459.7448,1337.1644,5175.4588,5298.0391,0.04068586,0.04164951,0.00208645,29.8814,40.3832,2.3265,127.6001,7.3643,2446.2564,54.8462,43.4275,28.3160,5.1431,12.8578,28.9875,66.8604,128.5777,263.3173,7.8995,-2.6176,10.0,20.479237,2.324,28,180,56,8,0.15055597,0.05216136,0.11437665,0E-8,0.000000,0.905409,0.000000,-0.07324236,2026-03-22,2026-08-06,52,901,524,138,0.376812,1.533674,1.453326,0.501853,,,,,,,,GLOBAL_BASELINE_NO_ENTITY_RANKING,,,NOT_APPLICABLE_GLOBAL_BASELINE,HF9g-P5,,,,X 全窗基线 · 不参与实体赏罚,14191259,1420,A168_HF9F_20260827_0900,2026-08-27 09:00:00
2026-04-17,128173484,1947,0,39.2639321519,-39.2639321519,-39.2639321519,0E-7,1,1,0.50665070000000000,0.506650700000,-1.013391052207602,-1.013391052207602,-1.013391052207602,0E-17,ELIGIBLE,R03b_20260811_FULL_v1,L1_ELIGIBILITY,v2026-08-11,2026-03-21..2026-08-06,baccarat_bet02_101_all_pairs_incl_sentinel,round_win = game_pnl > 0 (decisive only),COMPATIBILITY_ONLY_NOT_PRODUCTION,127205.3315,115172.8122,6635.2036,4257,2852,-0.05216136,-0.11437665,-0.04113429,-0.05216136,-6635.2036,127205.3315,OK,0.0000,265.4081,4.0000,96.0000,AG03-UNRESOLVED,ALL5_LEVELS_bet23_to_bet27,265.4081,265.4081,265.4081,331.7602,331.7602,4.000000,4.000000,4.000000,5.000000,5.000000,96.000000,96.000000,96.000000,95.000000,95.000000,5.0,1459.7448,1337.1644,5175.4588,5298.0391,PENDING_AG03,FALSE,NOT_FOR_ENFORCEMENT,6369.7955,110565.8997,6635.2036,6369.7955,265.4081,0.05216136,0.05007491,265.4081,6369.7955,0.05007491,265.4081,265.4081,265.4081,331.7602,331.7602,6369.7955,0.05007491,1459.7448,1337.1644,5175.4588,5298.0391,0.04068586,0.04164951,0.00208645,29.8814,40.3832,2.3265,127.6001,7.3643,2446.2564,54.8462,43.4275,28.3160,5.1431,12.8578,28.9875,66.8604,128.5777,263.3173,7.8995,-2.6176,10.0,20.479237,2.324,28,180,56,8,0.15055597,0.05216136,0.11437665,0E-8,0.000000,0.905409,0.000000,-0.07324236,2026-03-22,2026-08-06,52,901,524,138,0.376812,1.533674,1.453326,0.501853,,,,,,,,GLOBAL_BASELINE_NO_ENTITY_RANKING,,,NOT_APPLICABLE_GLOBAL_BASELINE,HF9g-P5,,,,X 全窗基线 · 不参与实体赏罚,14191260,1420,A168_HF9F_20260827_0900,2026-08-27 09:00:00
2026-04-17,128173484,1963,0,30.1023479831,-30.1023479831,-30.1023479831,0E-7,2,1,0.46909067391291870,0.290680550000,-0.9399791537424972,-0.6401578158977228,-0.9399791537424972,0.17841012391291870,ELIGIBLE,R03b_20260811_FULL_v1,L1_ELIGIBILITY,v2026-08-11,2026-03-21..2026-08-06,baccarat_bet02_101_all_pairs_incl_sentinel,round_win = game_pnl > 0 (decisive only),COMPATIBILITY_ONLY_NOT_PRODUCTION,127205.3315,115172.8122,6635.2036,4257,2852,-0.05216136,-0.11437665,-0.04113429,-0.05216136,-6635.2036,127205.3315,OK,0.0000,265.4081,4.0000,96.0000,AG03-UNRESOLVED,ALL5_LEVELS_bet23_to_bet27,265.4081,265.4081,265.4081,331.7602,331.7602,4.000000,4.000000,4.000000,5.000000,5.000000,96.000000,96.000000,96.000000,95.000000,95.000000,5.0,1459.7448,1337.1644,5175.4588,5298.0391,PENDING_AG03,FALSE,NOT_FOR_ENFORCEMENT,6369.7955,110565.8997,6635.2036,6369.7955,265.4081,0.05216136,0.05007491,265.4081,6369.7955,0.05007491,265.4081,265.4081,265.4081,331.7602,331.7602,6369.7955,0.05007491,1459.7448,1337.1644,5175.4588,5298.0391,0.04068586,0.04164951,0.00208645,29.8814,40.3832,2.3265,127.6001,7.3643,2446.2564,54.8462,43.4275,28.3160,5.1431,12.8578,28.9875,66.8604,128.5777,263.3173,7.8995,-2.6176,10.0,20.479237,2.324,28,180,56,8,0.15055597,0.05216136,0.11437665,0E-8,0.000000,0.905409,0.000000,-0.07324236,2026-03-22,2026-08-06,52,901,524,138,0.376812,1.533674,1.453326,0.501853,,,,,,,,GLOBAL_BASELINE_NO_ENTITY_RANKING,,,NOT_APPLICABLE_GLOBAL_BASELINE,HF9g-P5,,,,X 全窗基线 · 不参与实体赏罚,14191261,1420,A168_HF9F_20260827_0900,2026-08-27 09:00:00
2026-04-17,128173484,1966,0,54.9695050127,21.5951626835,21.5951626835,0.5000000,3,2,0.46672787500000000,0.400287425000,0.09431683648296503,0.2878109933178697,0.09431683648296503,0.06644045000000000,ELIGIBLE,R03b_20260811_FULL_v1,L1_ELIGIBILITY,v2026-08-11,2026-03-21..2026-08-06,baccarat_bet02_101_all_pairs_incl_sentinel,round_win = game_pnl > 0 (decisive only),COMPATIBILITY_ONLY_NOT_PRODUCTION,127205.3315,115172.8122,6635.2036,4257,2852,-0.05216136,-0.11437665,-0.04113429,-0.05216136,-6635.2036,127205.3315,OK,0.0000,265.4081,4.0000,96.0000,AG03-UNRESOLVED,ALL5_LEVELS_bet23_to_bet27,265.4081,265.4081,265.4081,331.7602,331.7602,4.000000,4.000000,4.000000,5.000000,5.000000,96.000000,96.000000,96.000000,95.000000,95.000000,5.0,1459.7448,1337.1644,5175.4588,5298.0391,PENDING_AG03,FALSE,NOT_FOR_ENFORCEMENT,6369.7955,110565.8997,6635.2036,6369.7955,265.4081,0.05216136,0.05007491,265.4081,6369.7955,0.05007491,265.4081,265.4081,265.4081,331.7602,331.7602,6369.7955,0.05007491,1459.7448,1337.1644,5175.4588,5298.0391,0.04068586,0.04164951,0.00208645,29.8814,40.3832,2.3265,127.6001,7.3643,2446.2564,54.8462,43.4275,28.3160,5.1431,12.8578,28.9875,66.8604,128.5777,263.3173,7.8995,-2.6176,10.0,20.479237,2.324,28,180,56,8,0.15055597,0.05216136,0.11437665,0E-8,0.000000,0.905409,0.000000,-0.07324236,2026-03-22,2026-08-06,52,901,524,138,0.376812,1.533674,1.453326,0.501853,,,,,,,,GLOBAL_BASELINE_NO_ENTITY_RANKING,,,NOT_APPLICABLE_GLOBAL_BASELINE,HF9g-P5,,,,X 全窗基线 · 不参与实体赏罚,14191262,1420,A168_HF9F_20260827_0900,2026-08-27 09:00:00
2026-04-17,128173484,2115,0,7.8527864304,-7.8527864304,-7.8527864304,0E-7,2,1,0.36036460000000000,0.293924150000,-0.7505935278881406,-0.6451964315166089,-0.7505935278881406,0.06644045000000000,ELIGIBLE,R03b_20260811_FULL_v1,L1_ELIGIBILITY,v2026-08-11,2026-03-21..2026-08-06,baccarat_bet02_101_all_pairs_incl_sentinel,round_win = game_pnl > 0 (decisive only),COMPATIBILITY_ONLY_NOT_PRODUCTION,127205.3315,115172.8122,6635.2036,4257,2852,-0.05216136,-0.11437665,-0.04113429,-0.05216136,-6635.2036,127205.3315,OK,0.0000,265.4081,4.0000,96.0000,AG03-UNRESOLVED,ALL5_LEVELS_bet23_to_bet27,265.4081,265.4081,265.4081,331.7602,331.7602,4.000000,4.000000,4.000000,5.000000,5.000000,96.000000,96.000000,96.000000,95.000000,95.000000,5.0,1459.7448,1337.1644,5175.4588,5298.0391,PENDING_AG03,FALSE,NOT_FOR_ENFORCEMENT,6369.7955,110565.8997,6635.2036,6369.7955,265.4081,0.05216136,0.05007491,265.4081,6369.7955,0.05007491,265.4081,265.4081,265.4081,331.7602,331.7602,6369.7955,0.05007491,1459.7448,1337.1644,5175.4588,5298.0391,0.04068586,0.04164951,0.00208645,29.8814,40.3832,2.3265,127.6001,7.3643,2446.2564,54.8462,43.4275,28.3160,5.1431,12.8578,28.9875,66.8604,128.5777,263.3173,7.8995,-2.6176,10.0,20.479237,2.324,28,180,56,8,0.15055597,0.05216136,0.11437665,0E-8,0.000000,0.905409,0.000000,-0.07324236,2026-03-22,2026-08-06,52,901,524,138,0.376812,1.533674,1.453326,0.501853,,,,,,,,GLOBAL_BASELINE_NO_ENTITY_RANKING,,,NOT_APPLICABLE_GLOBAL_BASELINE,HF9g-P5,,,,X 全窗基线 · 不参与实体赏罚,14191263,1420,A168_HF9F_20260827_0900,2026-08-27 09:00:00
2026-04-17,128173484,2117,0,13.8732560271,-13.8732560271,-13.8732560271,0E-7,3,1,0.33148333773538992,0.225321300000,-0.7041654839753482,-0.539312289199877,-0.7041654839753482,0.10616203773538992,ELIGIBLE,R03b_20260811_FULL_v1,L1_ELIGIBILITY,v2026-08-11,2026-03-21..2026-08-06,baccarat_bet02_101_all_pairs_incl_sentinel,round_win = game_pnl > 0 (decisive only),COMPATIBILITY_ONLY_NOT_PRODUCTION,127205.3315,115172.8122,6635.2036,4257,2852,-0.05216136,-0.11437665,-0.04113429,-0.05216136,-6635.2036,127205.3315,OK,0.0000,265.4081,4.0000,96.0000,AG03-UNRESOLVED,ALL5_LEVELS_bet23_to_bet27,265.4081,265.4081,265.4081,331.7602,331.7602,4.000000,4.000000,4.000000,5.000000,5.000000,96.000000,96.000000,96.000000,95.000000,95.000000,5.0,1459.7448,1337.1644,5175.4588,5298.0391,PENDING_AG03,FALSE,NOT_FOR_ENFORCEMENT,6369.7955,110565.8997,6635.2036,6369.7955,265.4081,0.05216136,0.05007491,265.4081,6369.7955,0.05007491,265.4081,265.4081,265.4081,331.7602,331.7602,6369.7955,0.05007491,1459.7448,1337.1644,5175.4588,5298.0391,0.04068586,0.04164951,0.00208645,29.8814,40.3832,2.3265,127.6001,7.3643,2446.2564,54.8462,43.4275,28.3160,5.1431,12.8578,28.9875,66.8604,128.5777,263.3173,7.8995,-2.6176,10.0,20.479237,2.324,28,180,56,8,0.15055597,0.05216136,0.11437665,0E-8,0.000000,0.905409,0.000000,-0.07324236,2026-03-22,2026-08-06,52,901,524,138,0.376812,1.533674,1.453326,0.501853,,,,,,,,GLOBAL_BASELINE_NO_ENTITY_RANKING,,,NOT_APPLICABLE_GLOBAL_BASELINE,HF9g-P5,,,,X 全窗基线 · 不参与实体赏罚,14191264,1420,A168_HF9F_20260827_0900,2026-08-27 09:00:00
2026-04-17,128173484,2121,0,515.6663089287,438.8398816846,438.8398816846,1.0000000,3,2,0.49501092881353923,0.403638725000,1.4283958963367747,1.7189898101856425,1.4283958963367747,0.09137220381353923,ELIGIBLE,R03b_20260811_FULL_v1,L1_ELIGIBILITY,v2026-08-11,2026-03-21..2026-08-06,baccarat_bet02_101_all_pairs_incl_sentinel,round_win = game_pnl > 0 (decisive only),COMPATIBILITY_ONLY_NOT_PRODUCTION,127205.3315,115172.8122,6635.2036,4257,2852,-0.05216136,-0.11437665,-0.04113429,-0.05216136,-6635.2036,127205.3315,OK,0.0000,265.4081,4.0000,96.0000,AG03-UNRESOLVED,ALL5_LEVELS_bet23_to_bet27,265.4081,265.4081,265.4081,331.7602,331.7602,4.000000,4.000000,4.000000,5.000000,5.000000,96.000000,96.000000,96.000000,95.000000,95.000000,5.0,1459.7448,1337.1644,5175.4588,5298.0391,PENDING_AG03,FALSE,NOT_FOR_ENFORCEMENT,6369.7955,110565.8997,6635.2036,6369.7955,265.4081,0.05216136,0.05007491,265.4081,6369.7955,0.05007491,265.4081,265.4081,265.4081,331.7602,331.7602,6369.7955,0.05007491,1459.7448,1337.1644,5175.4588,5298.0391,0.04068586,0.04164951,0.00208645,29.8814,40.3832,2.3265,127.6001,7.3643,2446.2564,54.8462,43.4275,28.3160,5.1431,12.8578,28.9875,66.8604,128.5777,263.3173,7.8995,-2.6176,10.0,20.479237,2.324,28,180,56,8,0.15055597,0.05216136,0.11437665,0E-8,0.000000,0.905409,0.000000,-0.07324236,2026-03-22,2026-08-06,52,901,524,138,0.376812,1.533674,1.453326,0.501853,,,,,,,,GLOBAL_BASELINE_NO_ENTITY_RANKING,,,NOT_APPLICABLE_GLOBAL_BASELINE,HF9g-P5,,,,X 全窗基线 · 不参与实体赏罚,14191265,1420,A168_HF9F_20260827_0900,2026-08-27 09:00:00
2026-04-17,128173484,2134,0,47.1167185823,-47.1167185823,-47.1167185823,0E-7,2,1,0.42348563333318528,0.283965900000,-0.8570660132830498,-0.6297471965178028,-0.8570660132830498,0.13951973333318528,ELIGIBLE,R03b_20260811_FULL_v1,L1_ELIGIBILITY,v2026-08-11,2026-03-21..2026-08-06,baccarat_bet02_101_all_pairs_incl_sentinel,round_win = game_pnl > 0 (decisive only),COMPATIBILITY_ONLY_NOT_PRODUCTION,127205.3315,115172.8122,6635.2036,4257,2852,-0.05216136,-0.11437665,-0.04113429,-0.05216136,-6635.2036,127205.3315,OK,0.0000,265.4081,4.0000,96.0000,AG03-UNRESOLVED,ALL5_LEVELS_bet23_to_bet27,265.4081,265.4081,265.4081,331.7602,331.7602,4.000000,4.000000,4.000000,5.000000,5.000000,96.000000,96.000000,96.000000,95.000000,95.000000,5.0,1459.7448,1337.1644,5175.4588,5298.0391,PENDING_AG03,FALSE,NOT_FOR_ENFORCEMENT,6369.7955,110565.8997,6635.2036,6369.7955,265.4081,0.05216136,0.05007491,265.4081,6369.7955,0.05007491,265.4081,265.4081,265.4081,331.7602,331.7602,6369.7955,0.05007491,1459.7448,1337.1644,5175.4588,5298.0391,0.04068586,0.04164951,0.00208645,29.8814,40.3832,2.3265,127.6001,7.3643,2446.2564,54.8462,43.4275,28.3160,5.1431,12.8578,28.9875,66.8604,128.5777,263.3173,7.8995,-2.6176,10.0,20.479237,2.324,28,180,56,8,0.15055597,0.05216136,0.11437665,0E-8,0.000000,0.905409,0.000000,-0.07324236,2026-03-22,2026-08-06,52,901,524,138,0.376812,1.533674,1.453326,0.501853,,,,,,,,GLOBAL_BASELINE_NO_ENTITY_RANKING,,,NOT_APPLICABLE_GLOBAL_BASELINE,HF9g-P5,,,,X 全窗基线 · 不参与实体赏罚,14191266,1420,A168_HF9F_20260827_0900,2026-08-27 09:00:00
2026-04-17,128173484,2141,0,190.0374316155,93.9716776169,93.9716776169,0.6666667,6,3,0.39362090310067857,0.295073133333,0.9680212306075999,1.4112108576949243,0.9680212306075999,0.09854776976767857,ELIGIBLE,R03b_20260811_FULL_v1,L1_ELIGIBILITY,v2026-08-11,2026-03-21..2026-08-06,baccarat_bet02_101_all_pairs_incl_sentinel,round_win = game_pnl > 0 (decisive only),COMPATIBILITY_ONLY_NOT_PRODUCTION,127205.3315,115172.8122,6635.2036,4257,2852,-0.05216136,-0.11437665,-0.04113429,-0.05216136,-6635.2036,127205.3315,OK,0.0000,265.4081,4.0000,96.0000,AG03-UNRESOLVED,ALL5_LEVELS_bet23_to_bet27,265.4081,265.4081,265.4081,331.7602,331.7602,4.000000,4.000000,4.000000,5.000000,5.000000,96.000000,96.000000,96.000000,95.000000,95.000000,5.0,1459.7448,1337.1644,5175.4588,5298.0391,PENDING_AG03,FALSE,NOT_FOR_ENFORCEMENT,6369.7955,110565.8997,6635.2036,6369.7955,265.4081,0.05216136,0.05007491,265.4081,6369.7955,0.05007491,265.4081,265.4081,265.4081,331.7602,331.7602,6369.7955,0.05007491,1459.7448,1337.1644,5175.4588,5298.0391,0.04068586,0.04164951,0.00208645,29.8814,40.3832,2.3265,127.6001,7.3643,2446.2564,54.8462,43.4275,28.3160,5.1431,12.8578,28.9875,66.8604,128.5777,263.3173,7.8995,-2.6176,10.0,20.479237,2.324,28,180,56,8,0.15055597,0.05216136,0.11437665,0E-8,0.000000,0.905409,0.000000,-0.07324236,2026-03-22,2026-08-06,52,901,524,138,0.376812,1.533674,1.453326,0.501853,,,,,,,,GLOBAL_BASELINE_NO_ENTITY_RANKING,,,NOT_APPLICABLE_GLOBAL_BASELINE,HF9g-P5,,,,X 全窗基线 · 不参与实体赏罚,14191267,1420,A168_HF9F_20260827_0900,2026-08-27 09:00:00
2026-04-17,128173484,2155,0,13.0879773840,12.4335785148,12.4335785148,1.0000000,1,1,0.50665070000000000,0.506650700000,0.9867858985152569,0.9867858985152569,0.9867858985152569,0E-17,ELIGIBLE,R03b_20260811_FULL_v1,L1_ELIGIBILITY,v2026-08-11,2026-03-21..2026-08-06,baccarat_bet02_101_all_pairs_incl_sentinel,round_win = game_pnl > 0 (decisive only),COMPATIBILITY_ONLY_NOT_PRODUCTION,127205.3315,115172.8122,6635.2036,4257,2852,-0.05216136,-0.11437665,-0.04113429,-0.05216136,-6635.2036,127205.3315,OK,0.0000,265.4081,4.0000,96.0000,AG03-UNRESOLVED,ALL5_LEVELS_bet23_to_bet27,265.4081,265.4081,265.4081,331.7602,331.7602,4.000000,4.000000,4.000000,5.000000,5.000000,96.000000,96.000000,96.000000,95.000000,95.000000,5.0,1459.7448,1337.1644,5175.4588,5298.0391,PENDING_AG03,FALSE,NOT_FOR_ENFORCEMENT,6369.7955,110565.8997,6635.2036,6369.7955,265.4081,0.05216136,0.05007491,265.4081,6369.7955,0.05007491,265.4081,265.4081,265.4081,331.7602,331.7602,6369.7955,0.05007491,1459.7448,1337.1644,5175.4588,5298.0391,0.04068586,0.04164951,0.00208645,29.8814,40.3832,2.3265,127.6001,7.3643,2446.2564,54.8462,43.4275,28.3160,5.1431,12.8578,28.9875,66.8604,128.5777,263.3173,7.8995,-2.6176,10.0,20.479237,2.324,28,180,56,8,0.15055597,0.05216136,0.11437665,0E-8,0.000000,0.905409,0.000000,-0.07324236,2026-03-22,2026-08-06,52,901,524,138,0.376812,1.533674,1.453326,0.501853,,,,,,,,GLOBAL_BASELINE_NO_ENTITY_RANKING,,,NOT_APPLICABLE_GLOBAL_BASELINE,HF9g-P5,,,,X 全窗基线 · 不参与实体赏罚,14191268,1420,A168_HF9F_20260827_0900,2026-08-27 09:00:00
2026-04-17,128173484,2171,0,432.1650132190,-16.0982121823,-16.0982121823,0.5454545,18,11,0.44273905642363669,0.368566659091,0.6858498692716427,1.2161094333350806,0.6858498692716427,0.07417239733263669,ELIGIBLE,R03b_20260811_FULL_v1,L1_ELIGIBILITY,v2026-08-11,2026-03-21..2026-08-06,baccarat_bet02_101_all_pairs_incl_sentinel,round_win = game_pnl > 0 (decisive only),COMPATIBILITY_ONLY_NOT_PRODUCTION,127205.3315,115172.8122,6635.2036,4257,2852,-0.05216136,-0.11437665,-0.04113429,-0.05216136,-6635.2036,127205.3315,OK,0.0000,265.4081,4.0000,96.0000,AG03-UNRESOLVED,ALL5_LEVELS_bet23_to_bet27,265.4081,265.4081,265.4081,331.7602,331.7602,4.000000,4.000000,4.000000,5.000000,5.000000,96.000000,96.000000,96.000000,95.000000,95.000000,5.0,1459.7448,1337.1644,5175.4588,5298.0391,PENDING_AG03,FALSE,NOT_FOR_ENFORCEMENT,6369.7955,110565.8997,6635.2036,6369.7955,265.4081,0.05216136,0.05007491,265.4081,6369.7955,0.05007491,265.4081,265.4081,265.4081,331.7602,331.7602,6369.7955,0.05007491,1459.7448,1337.1644,5175.4588,5298.0391,0.04068586,0.04164951,0.00208645,29.8814,40.3832,2.3265,127.6001,7.3643,2446.2564,54.8462,43.4275,28.3160,5.1431,12.8578,28.9875,66.8604,128.5777,263.3173,7.8995,-2.6176,10.0,20.479237,2.324,28,180,56,8,0.15055597,0.05216136,0.11437665,0E-8,0.000000,0.905409,0.000000,-0.07324236,2026-03-22,2026-08-06,52,901,524,138,0.376812,1.533674,1.453326,0.501853,,,,,,,,GLOBAL_BASELINE_NO_ENTITY_RANKING,,,NOT_APPLICABLE_GLOBAL_BASELINE,HF9g-P5,,,,X 全窗基线 · 不参与实体赏罚,14191269,1420,A168_HF9F_20260827_0900,2026-08-27 09:00:00
2026-04-17,128173484,2175,0,65.4398869199,-50.1269533806,-50.1269533806,0.5000000,3,2,0.48701704999996591,0.398665625000,0.03673371347574239,0.2926910081793089,0.03673371347574239,0.08835142499996591,ELIGIBLE,R03b_20260811_FULL_v1,L1_ELIGIBILITY,v2026-08-11,2026-03-21..2026-08-06,baccarat_bet02_101_all_pairs_incl_sentinel,round_win = game_pnl > 0 (decisive only),COMPATIBILITY_ONLY_NOT_PRODUCTION,127205.3315,115172.8122,6635.2036,4257,2852,-0.05216136,-0.11437665,-0.04113429,-0.05216136,-6635.2036,127205.3315,OK,0.0000,265.4081,4.0000,96.0000,AG03-UNRESOLVED,ALL5_LEVELS_bet23_to_bet27,265.4081,265.4081,265.4081,331.7602,331.7602,4.000000,4.000000,4.000000,5.000000,5.000000,96.000000,96.000000,96.000000,95.000000,95.000000,5.0,1459.7448,1337.1644,5175.4588,5298.0391,PENDING_AG03,FALSE,NOT_FOR_ENFORCEMENT,6369.7955,110565.8997,6635.2036,6369.7955,265.4081,0.05216136,0.05007491,265.4081,6369.7955,0.05007491,265.4081,265.4081,265.4081,331.7602,331.7602,6369.7955,0.05007491,1459.7448,1337.1644,5175.4588,5298.0391,0.04068586,0.04164951,0.00208645,29.8814,40.3832,2.3265,127.6001,7.3643,2446.2564,54.8462,43.4275,28.3160,5.1431,12.8578,28.9875,66.8604,128.5777,263.3173,7.8995,-2.6176,10.0,20.479237,2.324,28,180,56,8,0.15055597,0.05216136,0.11437665,0E-8,0.000000,0.905409,0.000000,-0.07324236,2026-03-22,2026-08-06,52,901,524,138,0.376812,1.533674,1.453326,0.501853,,,,,,,,GLOBAL_BASELINE_NO_ENTITY_RANKING,,,NOT_APPLICABLE_GLOBAL_BASELINE,HF9g-P5,,,,X 全窗基线 · 不参与实体赏罚,14191270,1420,A168_HF9F_20260827_0900,2026-08-27 09:00:00
2026-04-17,128173484,2177,0,125.6445828862,41.8815276287,41.8815276287,1.0000000,5,3,0.45448857083328045,0.360364600000,1.5493710669982013,1.884127040572953,1.5493710669982013,0.09412397083328045,ELIGIBLE,R03b_20260811_FULL_v1,L1_ELIGIBILITY,v2026-08-11,2026-03-21..2026-08-06,baccarat_bet02_101_all_pairs_incl_sentinel,round_win = game_pnl > 0 (decisive only),COMPATIBILITY_ONLY_NOT_PRODUCTION,127205.3315,115172.8122,6635.2036,4257,2852,-0.05216136,-0.11437665,-0.04113429,-0.05216136,-6635.2036,127205.3315,OK,0.0000,265.4081,4.0000,96.0000,AG03-UNRESOLVED,ALL5_LEVELS_bet23_to_bet27,265.4081,265.4081,265.4081,331.7602,331.7602,4.000000,4.000000,4.000000,5.000000,5.000000,96.000000,96.000000,96.000000,95.000000,95.000000,5.0,1459.7448,1337.1644,5175.4588,5298.0391,PENDING_AG03,FALSE,NOT_FOR_ENFORCEMENT,6369.7955,110565.8997,6635.2036,6369.7955,265.4081,0.05216136,0.05007491,265.4081,6369.7955,0.05007491,265.4081,265.4081,265.4081,331.7602,331.7602,6369.7955,0.05007491,1459.7448,1337.1644,5175.4588,5298.0391,0.04068586,0.04164951,0.00208645,29.8814,40.3832,2.3265,127.6001,7.3643,2446.2564,54.8462,43.4275,28.3160,5.1431,12.8578,28.9875,66.8604,128.5777,263.3173,7.8995,-2.6176,10.0,20.479237,2.324,28,180,56,8,0.15055597,0.05216136,0.11437665,0E-8,0.000000,0.905409,0.000000,-0.07324236,2026-03-22,2026-08-06,52,901,524,138,0.376812,1.533674,1.453326,0.501853,,,,,,,,GLOBAL_BASELINE_NO_ENTITY_RANKING,,,NOT_APPLICABLE_GLOBAL_BASELINE,HF9g-P5,,,,X 全窗基线 · 不参与实体赏罚,14191271,1420,A168_HF9F_20260827_0900,2026-08-27 09:00:00
2026-04-17,128173484,2222,0,5.2351909536,0E-10,0E-10,,1,1,0.50665070000000000,0.506650700000,,,,0E-17,NO_DECISIVE_ROUND,R03b_20260811_FULL_v1,L1_ELIGIBILITY,v2026-08-11,2026-03-21..2026-08-06,baccarat_bet02_101_all_pairs_incl_sentinel,round_win = game_pnl > 0 (decisive only),COMPATIBILITY_ONLY_NOT_PRODUCTION,127205.3315,115172.8122,6635.2036,4257,2852,-0.05216136,-0.11437665,-0.04113429,-0.05216136,-6635.2036,127205.3315,OK,0.0000,265.4081,4.0000,96.0000,AG03-UNRESOLVED,ALL5_LEVELS_bet23_to_bet27,265.4081,265.4081,265.4081,331.7602,331.7602,4.000000,4.000000,4.000000,5.000000,5.000000,96.000000,96.000000,96.000000,95.000000,95.000000,5.0,1459.7448,1337.1644,5175.4588,5298.0391,PENDING_AG03,FALSE,NOT_FOR_ENFORCEMENT,6369.7955,110565.8997,6635.2036,6369.7955,265.4081,0.05216136,0.05007491,265.4081,6369.7955,0.05007491,265.4081,265.4081,265.4081,331.7602,331.7602,6369.7955,0.05007491,1459.7448,1337.1644,5175.4588,5298.0391,0.04068586,0.04164951,0.00208645,29.8814,40.3832,2.3265,127.6001,7.3643,2446.2564,54.8462,43.4275,28.3160,5.1431,12.8578,28.9875,66.8604,128.5777,263.3173,7.8995,-2.6176,10.0,20.479237,2.324,28,180,56,8,0.15055597,0.05216136,0.11437665,0E-8,0.000000,0.905409,0.000000,-0.07324236,2026-03-22,2026-08-06,52,901,524,138,0.376812,1.533674,1.453326,0.501853,,,,,,,,GLOBAL_BASELINE_NO_ENTITY_RANKING,,,NOT_APPLICABLE_GLOBAL_BASELINE,HF9g-P5,,,,X 全窗基线 · 不参与实体赏罚,14191272,1420,A168_HF9F_20260827_0900,2026-08-27 09:00:00
2026-04-17,128173484,2235,0,364.3692903698,108.8134439705,108.8134439705,0.7142857,7,7,0.50090561428571429,0.500905614286,1.129103210700875,1.1291032106993646,1.129103210700875,-2.8571E-13,ELIGIBLE,R03b_20260811_FULL_v1,L1_ELIGIBILITY,v2026-08-11,2026-03-21..2026-08-06,baccarat_bet02_101_all_pairs_incl_sentinel,round_win = game_pnl > 0 (decisive only),COMPATIBILITY_ONLY_NOT_PRODUCTION,127205.3315,115172.8122,6635.2036,4257,2852,-0.05216136,-0.11437665,-0.04113429,-0.05216136,-6635.2036,127205.3315,OK,0.0000,265.4081,4.0000,96.0000,AG03-UNRESOLVED,ALL5_LEVELS_bet23_to_bet27,265.4081,265.4081,265.4081,331.7602,331.7602,4.000000,4.000000,4.000000,5.000000,5.000000,96.000000,96.000000,96.000000,95.000000,95.000000,5.0,1459.7448,1337.1644,5175.4588,5298.0391,PENDING_AG03,FALSE,NOT_FOR_ENFORCEMENT,6369.7955,110565.8997,6635.2036,6369.7955,265.4081,0.05216136,0.05007491,265.4081,6369.7955,0.05007491,265.4081,265.4081,265.4081,331.7602,331.7602,6369.7955,0.05007491,1459.7448,1337.1644,5175.4588,5298.0391,0.04068586,0.04164951,0.00208645,29.8814,40.3832,2.3265,127.6001,7.3643,2446.2564,54.8462,43.4275,28.3160,5.1431,12.8578,28.9875,66.8604,128.5777,263.3173,7.8995,-2.6176,10.0,20.479237,2.324,28,180,56,8,0.15055597,0.05216136,0.11437665,0E-8,0.000000,0.905409,0.000000,-0.07324236,2026-03-22,2026-08-06,52,901,524,138,0.376812,1.533674,1.453326,0.501853,,,,,,,,GLOBAL_BASELINE_NO_ENTITY_RANKING,,,NOT_APPLICABLE_GLOBAL_BASELINE,HF9g-P5,,,,X 全窗基线 · 不参与实体赏罚,14191273,1420,A168_HF9F_20260827_0900,2026-08-27 09:00:00
2026-04-17,128173484,2241,0,19.6319660760,13.9386959139,13.9386959139,1.0000000,3,3,0.50218230000000000,0.502182300000,1.4080544974538591,1.4080544974538591,1.4080544974538591,0E-17,ELIGIBLE,R03b_20260811_FULL_v1,L1_ELIGIBILITY,v2026-08-11,2026-03-21..2026-08-06,baccarat_bet02_101_all_pairs_incl_sentinel,round_win = game_pnl > 0 (decisive only),COMPATIBILITY_ONLY_NOT_PRODUCTION,127205.3315,115172.8122,6635.2036,4257,2852,-0.05216136,-0.11437665,-0.04113429,-0.05216136,-6635.2036,127205.3315,OK,0.0000,265.4081,4.0000,96.0000,AG03-UNRESOLVED,ALL5_LEVELS_bet23_to_bet27,265.4081,265.4081,265.4081,331.7602,331.7602,4.000000,4.000000,4.000000,5.000000,5.000000,96.000000,96.000000,96.000000,95.000000,95.000000,5.0,1459.7448,1337.1644,5175.4588,5298.0391,PENDING_AG03,FALSE,NOT_FOR_ENFORCEMENT,6369.7955,110565.8997,6635.2036,6369.7955,265.4081,0.05216136,0.05007491,265.4081,6369.7955,0.05007491,265.4081,265.4081,265.4081,331.7602,331.7602,6369.7955,0.05007491,1459.7448,1337.1644,5175.4588,5298.0391,0.04068586,0.04164951,0.00208645,29.8814,40.3832,2.3265,127.6001,7.3643,2446.2564,54.8462,43.4275,28.3160,5.1431,12.8578,28.9875,66.8604,128.5777,263.3173,7.8995,-2.6176,10.0,20.479237,2.324,28,180,56,8,0.15055597,0.05216136,0.11437665,0E-8,0.000000,0.905409,0.000000,-0.07324236,2026-03-22,2026-08-06,52,901,524,138,0.376812,1.533674,1.453326,0.501853,,,,,,,,GLOBAL_BASELINE_NO_ENTITY_RANKING,,,NOT_APPLICABLE_GLOBAL_BASELINE,HF9g-P5,,,,X 全窗基线 · 不参与实体赏罚,14191274,1420,A168_HF9F_20260827_0900,2026-08-27 09:00:00
2026-04-17,128173484,2242,0,5.2351909536,-5.2351909536,-5.2351909536,0E-7,1,1,0.49324550000000000,0.493245500000,-0.9865810262130424,-0.9865810262130424,-0.9865810262130424,0E-17,ELIGIBLE,R03b_20260811_FULL_v1,L1_ELIGIBILITY,v2026-08-11,2026-03-21..2026-08-06,baccarat_bet02_101_all_pairs_incl_sentinel,round_win = game_pnl > 0 (decisive only),COMPATIBILITY_ONLY_NOT_PRODUCTION,127205.3315,115172.8122,6635.2036,4257,2852,-0.05216136,-0.11437665,-0.04113429,-0.05216136,-6635.2036,127205.3315,OK,0.0000,265.4081,4.0000,96.0000,AG03-UNRESOLVED,ALL5_LEVELS_bet23_to_bet27,265.4081,265.4081,265.4081,331.7602,331.7602,4.000000,4.000000,4.000000,5.000000,5.000000,96.000000,96.000000,96.000000,95.000000,95.000000,5.0,1459.7448,1337.1644,5175.4588,5298.0391,PENDING_AG03,FALSE,NOT_FOR_ENFORCEMENT,6369.7955,110565.8997,6635.2036,6369.7955,265.4081,0.05216136,0.05007491,265.4081,6369.7955,0.05007491,265.4081,265.4081,265.4081,331.7602,331.7602,6369.7955,0.05007491,1459.7448,1337.1644,5175.4588,5298.0391,0.04068586,0.04164951,0.00208645,29.8814,40.3832,2.3265,127.6001,7.3643,2446.2564,54.8462,43.4275,28.3160,5.1431,12.8578,28.9875,66.8604,128.5777,263.3173,7.8995,-2.6176,10.0,20.479237,2.324,28,180,56,8,0.15055597,0.05216136,0.11437665,0E-8,0.000000,0.905409,0.000000,-0.07324236,2026-03-22,2026-08-06,52,901,524,138,0.376812,1.533674,1.453326,0.501853,,,,,,,,GLOBAL_BASELINE_NO_ENTITY_RANKING,,,NOT_APPLICABLE_GLOBAL_BASELINE,HF9g-P5,,,,X 全窗基线 · 不参与实体赏罚,14191275,1420,A168_HF9F_20260827_0900,2026-08-27 09:00:00
2026-04-17,128173484,2251,0,64.9163678246,-49.6034342853,-49.6034342853,0.2500000,5,4,0.48173106730769231,0.452658162500,-0.927543618613527,-0.8142909259566681,-0.927543618613527,0.02907290480769231,ELIGIBLE,R03b_20260811_FULL_v1,L1_ELIGIBILITY,v2026-08-11,2026-03-21..2026-08-06,baccarat_bet02_101_all_pairs_incl_sentinel,round_win = game_pnl > 0 (decisive only),COMPATIBILITY_ONLY_NOT_PRODUCTION,127205.3315,115172.8122,6635.2036,4257,2852,-0.05216136,-0.11437665,-0.04113429,-0.05216136,-6635.2036,127205.3315,OK,0.0000,265.4081,4.0000,96.0000,AG03-UNRESOLVED,ALL5_LEVELS_bet23_to_bet27,265.4081,265.4081,265.4081,331.7602,331.7602,4.000000,4.000000,4.000000,5.000000,5.000000,96.000000,96.000000,96.000000,95.000000,95.000000,5.0,1459.7448,1337.1644,5175.4588,5298.0391,PENDING_AG03,FALSE,NOT_FOR_ENFORCEMENT,6369.7955,110565.8997,6635.2036,6369.7955,265.4081,0.05216136,0.05007491,265.4081,6369.7955,0.05007491,265.4081,265.4081,265.4081,331.7602,331.7602,6369.7955,0.05007491,1459.7448,1337.1644,5175.4588,5298.0391,0.04068586,0.04164951,0.00208645,29.8814,40.3832,2.3265,127.6001,7.3643,2446.2564,54.8462,43.4275,28.3160,5.1431,12.8578,28.9875,66.8604,128.5777,263.3173,7.8995,-2.6176,10.0,20.479237,2.324,28,180,56,8,0.15055597,0.05216136,0.11437665,0E-8,0.000000,0.905409,0.000000,-0.07324236,2026-03-22,2026-08-06,52,901,524,138,0.376812,1.533674,1.453326,0.501853,,,,,,,,GLOBAL_BASELINE_NO_ENTITY_RANKING,,,NOT_APPLICABLE_GLOBAL_BASELINE,HF9g-P5,,,,X 全窗基线 · 不参与实体赏罚,14191276,1420,A168_HF9F_20260827_0900,2026-08-27 09:00:00
2026-04-17,128173484,2256,0,24.8671570295,-2.1202523363,-2.1202523363,0.6666667,5,3,0.41040551874917254,0.362598800000,0.9023189819283819,1.095497863370407,0.9023189819283819,0.04780671874917254,ELIGIBLE,R03b_20260811_FULL_v1,L1_ELIGIBILITY,v2026-08-11,2026-03-21..2026-08-06,baccarat_bet02_101_all_pairs_incl_sentinel,round_win = game_pnl > 0 (decisive only),COMPATIBILITY_ONLY_NOT_PRODUCTION,127205.3315,115172.8122,6635.2036,4257,2852,-0.05216136,-0.11437665,-0.04113429,-0.05216136,-6635.2036,127205.3315,OK,0.0000,265.4081,4.0000,96.0000,AG03-UNRESOLVED,ALL5_LEVELS_bet23_to_bet27,265.4081,265.4081,265.4081,331.7602,331.7602,4.000000,4.000000,4.000000,5.000000,5.000000,96.000000,96.000000,96.000000,95.000000,95.000000,5.0,1459.7448,1337.1644,5175.4588,5298.0391,PENDING_AG03,FALSE,NOT_FOR_ENFORCEMENT,6369.7955,110565.8997,6635.2036,6369.7955,265.4081,0.05216136,0.05007491,265.4081,6369.7955,0.05007491,265.4081,265.4081,265.4081,331.7602,331.7602,6369.7955,0.05007491,1459.7448,1337.1644,5175.4588,5298.0391,0.04068586,0.04164951,0.00208645,29.8814,40.3832,2.3265,127.6001,7.3643,2446.2564,54.8462,43.4275,28.3160,5.1431,12.8578,28.9875,66.8604,128.5777,263.3173,7.8995,-2.6176,10.0,20.479237,2.324,28,180,56,8,0.15055597,0.05216136,0.11437665,0E-8,0.000000,0.905409,0.000000,-0.07324236,2026-03-22,2026-08-06,52,901,524,138,0.376812,1.533674,1.453326,0.501853,,,,,,,,GLOBAL_BASELINE_NO_ENTITY_RANKING,,,NOT_APPLICABLE_GLOBAL_BASELINE,HF9g-P5,,,,X 全窗基线 · 不参与实体赏罚,14191277,1420,A168_HF9F_20260827_0900,2026-08-27 09:00:00
2026-04-17,128173484,763,0,13.0879773840,18.3231683376,18.3231683376,1.0000000,3,1,0.33785306000000000,0.225321300000,1.3999523690158473,1.8542132638653546,1.3999523690158473,0.11253176000000000,ELIGIBLE,R03b_20260811_FULL_v1,L1_ELIGIBILITY,v2026-08-11,2026-03-21..2026-08-06,baccarat_bet02_101_all_pairs_incl_sentinel,round_win = game_pnl > 0 (decisive only),COMPATIBILITY_ONLY_NOT_PRODUCTION,127205.3315,115172.8122,6635.2036,4257,2852,-0.05216136,-0.11437665,-0.04113429,-0.05216136,-6635.2036,127205.3315,OK,0.0000,265.4081,4.0000,96.0000,AG03-UNRESOLVED,ALL5_LEVELS_bet23_to_bet27,265.4081,265.4081,265.4081,331.7602,331.7602,4.000000,4.000000,4.000000,5.000000,5.000000,96.000000,96.000000,96.000000,95.000000,95.000000,5.0,1459.7448,1337.1644,5175.4588,5298.0391,PENDING_AG03,FALSE,NOT_FOR_ENFORCEMENT,6369.7955,110565.8997,6635.2036,6369.7955,265.4081,0.05216136,0.05007491,265.4081,6369.7955,0.05007491,265.4081,265.4081,265.4081,331.7602,331.7602,6369.7955,0.05007491,1459.7448,1337.1644,5175.4588,5298.0391,0.04068586,0.04164951,0.00208645,29.8814,40.3832,2.3265,127.6001,7.3643,2446.2564,54.8462,43.4275,28.3160,5.1431,12.8578,28.9875,66.8604,128.5777,263.3173,7.8995,-2.6176,10.0,20.479237,2.324,28,180,56,8,0.15055597,0.05216136,0.11437665,0E-8,0.000000,0.905409,0.000000,-0.07324236,2026-03-22,2026-08-06,52,901,524,138,0.376812,1.533674,1.453326,0.501853,,,,,,,,GLOBAL_BASELINE_NO_ENTITY_RANKING,,,NOT_APPLICABLE_GLOBAL_BASELINE,HF9g-P5,,,,X 全窗基线 · 不参与实体赏罚,14191278,1420,A168_HF9F_20260827_0900,2026-08-27 09:00:00
2026-04-17,128173484,772,0,26.1759547680,-10.4703819072,-10.4703819072,0.5000000,5,4,0.47859928750000000,0.442604262500,0.08568136848201696,0.23111068173813207,0.08568136848201696,0.03599502500000000,ELIGIBLE,R03b_20260811_FULL_v1,L1_ELIGIBILITY,v2026-08-11,2026-03-21..2026-08-06,baccarat_bet02_101_all_pairs_incl_sentinel,round_win = game_pnl > 0 (decisive only),COMPATIBILITY_ONLY_NOT_PRODUCTION,127205.3315,115172.8122,6635.2036,4257,2852,-0.05216136,-0.11437665,-0.04113429,-0.05216136,-6635.2036,127205.3315,OK,0.0000,265.4081,4.0000,96.0000,AG03-UNRESOLVED,ALL5_LEVELS_bet23_to_bet27,265.4081,265.4081,265.4081,331.7602,331.7602,4.000000,4.000000,4.000000,5.000000,5.000000,96.000000,96.000000,96.000000,95.000000,95.000000,5.0,1459.7448,1337.1644,5175.4588,5298.0391,PENDING_AG03,FALSE,NOT_FOR_ENFORCEMENT,6369.7955,110565.8997,6635.2036,6369.7955,265.4081,0.05216136,0.05007491,265.4081,6369.7955,0.05007491,265.4081,265.4081,265.4081,331.7602,331.7602,6369.7955,0.05007491,1459.7448,1337.1644,5175.4588,5298.0391,0.04068586,0.04164951,0.00208645,29.8814,40.3832,2.3265,127.6001,7.3643,2446.2564,54.8462,43.4275,28.3160,5.1431,12.8578,28.9875,66.8604,128.5777,263.3173,7.8995,-2.6176,10.0,20.479237,2.324,28,180,56,8,0.15055597,0.05216136,0.11437665,0E-8,0.000000,0.905409,0.000000,-0.07324236,2026-03-22,2026-08-06,52,901,524,138,0.376812,1.533674,1.453326,0.501853,,,,,,,,GLOBAL_BASELINE_NO_ENTITY_RANKING,,,NOT_APPLICABLE_GLOBAL_BASELINE,HF9g-P5,,,,X 全窗基线 · 不参与实体赏罚,14191279,1420,A168_HF9F_20260827_0900,2026-08-27 09:00:00
2026-04-18,128173484,-1,1,27.4847525064,-17.0143705992,-17.0143705992,0E-7,4,2,0.36859143269230769,0.297275450000,-0.7640422644973289,-0.6504096251160247,-0.7640422644973289,0.07131598269230769,SENTINEL_DEALER,R03b_20260811_FULL_v1,L1_ELIGIBILITY,v2026-08-11,2026-03-21..2026-08-06,baccarat_bet02_101_all_pairs_incl_sentinel,round_win = game_pnl > 0 (decisive only),COMPATIBILITY_ONLY_NOT_PRODUCTION,127205.3315,115172.8122,6635.2036,4257,2852,-0.05216136,-0.11437665,-0.04113429,-0.05216136,-6635.2036,127205.3315,OK,0.0000,265.4081,4.0000,96.0000,AG03-UNRESOLVED,ALL5_LEVELS_bet23_to_bet27,265.4081,265.4081,265.4081,331.7602,331.7602,4.000000,4.000000,4.000000,5.000000,5.000000,96.000000,96.000000,96.000000,95.000000,95.000000,5.0,1459.7448,1337.1644,5175.4588,5298.0391,PENDING_AG03,FALSE,NOT_FOR_ENFORCEMENT,6369.7955,110565.8997,6635.2036,6369.7955,265.4081,0.05216136,0.05007491,265.4081,6369.7955,0.05007491,265.4081,265.4081,265.4081,331.7602,331.7602,6369.7955,0.05007491,1459.7448,1337.1644,5175.4588,5298.0391,0.04068586,0.04164951,0.00208645,29.8814,40.3832,2.3265,127.6001,7.3643,2446.2564,54.8462,43.4275,28.3160,5.1431,12.8578,28.9875,66.8604,128.5777,263.3173,7.8995,-2.6176,10.0,20.479237,2.324,28,180,56,8,0.15055597,0.05216136,0.11437665,0E-8,0.000000,0.905409,0.000000,-0.07324236,2026-03-22,2026-08-06,52,901,524,138,0.376812,1.533674,1.453326,0.501853,,,,,,,,GLOBAL_BASELINE_NO_ENTITY_RANKING,,,NOT_APPLICABLE_GLOBAL_BASELINE,HF9g-P5,,,,X 全窗基线 · 不参与实体赏罚,14191280,1420,A168_HF9F_20260827_0900,2026-08-27 09:00:00
2026-04-18,128173484,1157,0,29.0553097924,-29.0553097924,-29.0553097924,0E-7,2,1,0.45553746396386014,0.283965900000,-0.9146986729050898,-0.6297471965178028,-0.9146986729050898,0.17157156396386014,ELIGIBLE,R03b_20260811_FULL_v1,L1_ELIGIBILITY,v2026-08-11,2026-03-21..2026-08-06,baccarat_bet02_101_all_pairs_incl_sentinel,round_win = game_pnl > 0 (decisive only),COMPATIBILITY_ONLY_NOT_PRODUCTION,127205.3315,115172.8122,6635.2036,4257,2852,-0.05216136,-0.11437665,-0.04113429,-0.05216136,-6635.2036,127205.3315,OK,0.0000,265.4081,4.0000,96.0000,AG03-UNRESOLVED,ALL5_LEVELS_bet23_to_bet27,265.4081,265.4081,265.4081,331.7602,331.7602,4.000000,4.000000,4.000000,5.000000,5.000000,96.000000,96.000000,96.000000,95.000000,95.000000,5.0,1459.7448,1337.1644,5175.4588,5298.0391,PENDING_AG03,FALSE,NOT_FOR_ENFORCEMENT,6369.7955,110565.8997,6635.2036,6369.7955,265.4081,0.05216136,0.05007491,265.4081,6369.7955,0.05007491,265.4081,265.4081,265.4081,331.7602,331.7602,6369.7955,0.05007491,1459.7448,1337.1644,5175.4588,5298.0391,0.04068586,0.04164951,0.00208645,29.8814,40.3832,2.3265,127.6001,7.3643,2446.2564,54.8462,43.4275,28.3160,5.1431,12.8578,28.9875,66.8604,128.5777,263.3173,7.8995,-2.6176,10.0,20.479237,2.324,28,180,56,8,0.15055597,0.05216136,0.11437665,0E-8,0.000000,0.905409,0.000000,-0.07324236,2026-03-22,2026-08-06,52,901,524,138,0.376812,1.533674,1.453326,0.501853,,,,,,,,GLOBAL_BASELINE_NO_ENTITY_RANKING,,,NOT_APPLICABLE_GLOBAL_BASELINE,HF9g-P5,,,,X 全窗基线 · 不参与实体赏罚,14191281,1420,A168_HF9F_20260827_0900,2026-08-27 09:00:00
2026-04-18,128173484,1299,0,290.5530979243,284.0091092323,284.0091092323,1.0000000,4,3,0.47818561666666667,0.430192250000,1.8093408807298932,1.9933956773227934,1.8093408807298932,0.04799336666666667,ELIGIBLE,R03b_20260811_FULL_v1,L1_ELIGIBILITY,v2026-08-11,2026-03-21..2026-08-06,baccarat_bet02_101_all_pairs_incl_sentinel,round_win = game_pnl > 0 (decisive only),COMPATIBILITY_ONLY_NOT_PRODUCTION,127205.3315,115172.8122,6635.2036,4257,2852,-0.05216136,-0.11437665,-0.04113429,-0.05216136,-6635.2036,127205.3315,OK,0.0000,265.4081,4.0000,96.0000,AG03-UNRESOLVED,ALL5_LEVELS_bet23_to_bet27,265.4081,265.4081,265.4081,331.7602,331.7602,4.000000,4.000000,4.000000,5.000000,5.000000,96.000000,96.000000,96.000000,95.000000,95.000000,5.0,1459.7448,1337.1644,5175.4588,5298.0391,PENDING_AG03,FALSE,NOT_FOR_ENFORCEMENT,6369.7955,110565.8997,6635.2036,6369.7955,265.4081,0.05216136,0.05007491,265.4081,6369.7955,0.05007491,265.4081,265.4081,265.4081,331.7602,331.7602,6369.7955,0.05007491,1459.7448,1337.1644,5175.4588,5298.0391,0.04068586,0.04164951,0.00208645,29.8814,40.3832,2.3265,127.6001,7.3643,2446.2564,54.8462,43.4275,28.3160,5.1431,12.8578,28.9875,66.8604,128.5777,263.3173,7.8995,-2.6176,10.0,20.479237,2.324,28,180,56,8,0.15055597,0.05216136,0.11437665,0E-8,0.000000,0.905409,0.000000,-0.07324236,2026-03-22,2026-08-06,52,901,524,138,0.376812,1.533674,1.453326,0.501853,,,,,,,,GLOBAL_BASELINE_NO_ENTITY_RANKING,,,NOT_APPLICABLE_GLOBAL_BASELINE,HF9g-P5,,,,X 全窗基线 · 不参与实体赏罚,14191282,1420,A168_HF9F_20260827_0900,2026-08-27 09:00:00
2026-04-18,128173484,1302,0,13.0879773840,-13.0879773840,-13.0879773840,0E-7,1,1,0.49324550000000000,0.493245500000,-0.9865810262130424,-0.9865810262130424,-0.9865810262130424,0E-17,ELIGIBLE,R03b_20260811_FULL_v1,L1_ELIGIBILITY,v2026-08-11,2026-03-21..2026-08-06,baccarat_bet02_101_all_pairs_incl_sentinel,round_win = game_pnl > 0 (decisive only),COMPATIBILITY_ONLY_NOT_PRODUCTION,127205.3315,115172.8122,6635.2036,4257,2852,-0.05216136,-0.11437665,-0.04113429,-0.05216136,-6635.2036,127205.3315,OK,0.0000,265.4081,4.0000,96.0000,AG03-UNRESOLVED,ALL5_LEVELS_bet23_to_bet27,265.4081,265.4081,265.4081,331.7602,331.7602,4.000000,4.000000,4.000000,5.000000,5.000000,96.000000,96.000000,96.000000,95.000000,95.000000,5.0,1459.7448,1337.1644,5175.4588,5298.0391,PENDING_AG03,FALSE,NOT_FOR_ENFORCEMENT,6369.7955,110565.8997,6635.2036,6369.7955,265.4081,0.05216136,0.05007491,265.4081,6369.7955,0.05007491,265.4081,265.4081,265.4081,331.7602,331.7602,6369.7955,0.05007491,1459.7448,1337.1644,5175.4588,5298.0391,0.04068586,0.04164951,0.00208645,29.8814,40.3832,2.3265,127.6001,7.3643,2446.2564,54.8462,43.4275,28.3160,5.1431,12.8578,28.9875,66.8604,128.5777,263.3173,7.8995,-2.6176,10.0,20.479237,2.324,28,180,56,8,0.15055597,0.05216136,0.11437665,0E-8,0.000000,0.905409,0.000000,-0.07324236,2026-03-22,2026-08-06,52,901,524,138,0.376812,1.533674,1.453326,0.501853,,,,,,,,GLOBAL_BASELINE_NO_ENTITY_RANKING,,,NOT_APPLICABLE_GLOBAL_BASELINE,HF9g-P5,,,,X 全窗基线 · 不参与实体赏罚,14191283,1420,A168_HF9F_20260827_0900,2026-08-27 09:00:00
2026-04-18,128173484,1307,0,223.5426537184,84.6792136744,84.6792136744,0.6666667,8,6,0.46756185370388889,0.429615750000,0.9774696154751892,1.1729875553970182,0.9774696154751892,0.03794610370388889,ELIGIBLE,R03b_20260811_FULL_v1,L1_ELIGIBILITY,v2026-08-11,2026-03-21..2026-08-06,baccarat_bet02_101_all_pairs_incl_sentinel,round_win = game_pnl > 0 (decisive only),COMPATIBILITY_ONLY_NOT_PRODUCTION,127205.3315,115172.8122,6635.2036,4257,2852,-0.05216136,-0.11437665,-0.04113429,-0.05216136,-6635.2036,127205.3315,OK,0.0000,265.4081,4.0000,96.0000,AG03-UNRESOLVED,ALL5_LEVELS_bet23_to_bet27,265.4081,265.4081,265.4081,331.7602,331.7602,4.000000,4.000000,4.000000,5.000000,5.000000,96.000000,96.000000,96.000000,95.000000,95.000000,5.0,1459.7448,1337.1644,5175.4588,5298.0391,PENDING_AG03,FALSE,NOT_FOR_ENFORCEMENT,6369.7955,110565.8997,6635.2036,6369.7955,265.4081,0.05216136,0.05007491,265.4081,6369.7955,0.05007491,265.4081,265.4081,265.4081,331.7602,331.7602,6369.7955,0.05007491,1459.7448,1337.1644,5175.4588,5298.0391,0.04068586,0.04164951,0.00208645,29.8814,40.3832,2.3265,127.6001,7.3643,2446.2564,54.8462,43.4275,28.3160,5.1431,12.8578,28.9875,66.8604,128.5777,263.3173,7.8995,-2.6176,10.0,20.479237,2.324,28,180,56,8,0.15055597,0.05216136,0.11437665,0E-8,0.000000,0.905409,0.000000,-0.07324236,2026-03-22,2026-08-06,52,901,524,138,0.376812,1.533674,1.453326,0.501853,,,,,,,,GLOBAL_BASELINE_NO_ENTITY_RANKING,,,NOT_APPLICABLE_GLOBAL_BASELINE,HF9g-P5,,,,X 全窗基线 · 不参与实体赏罚,14191284,1420,A168_HF9F_20260827_0900,2026-08-27 09:00:00
2026-04-18,128173484,1374,0,130.8797738398,-130.8797738398,-130.8797738398,0E-7,1,1,0.50665070000000000,0.506650700000,-1.013391052207602,-1.013391052207602,-1.013391052207602,0E-17,ELIGIBLE,R03b_20260811_FULL_v1,L1_ELIGIBILITY,v2026-08-11,2026-03-21..2026-08-06,baccarat_bet02_101_all_pairs_incl_sentinel,round_win = game_pnl > 0 (decisive only),COMPATIBILITY_ONLY_NOT_PRODUCTION,127205.3315,115172.8122,6635.2036,4257,2852,-0.05216136,-0.11437665,-0.04113429,-0.05216136,-6635.2036,127205.3315,OK,0.0000,265.4081,4.0000,96.0000,AG03-UNRESOLVED,ALL5_LEVELS_bet23_to_bet27,265.4081,265.4081,265.4081,331.7602,331.7602,4.000000,4.000000,4.000000,5.000000,5.000000,96.000000,96.000000,96.000000,95.000000,95.000000,5.0,1459.7448,1337.1644,5175.4588,5298.0391,PENDING_AG03,FALSE,NOT_FOR_ENFORCEMENT,6369.7955,110565.8997,6635.2036,6369.7955,265.4081,0.05216136,0.05007491,265.4081,6369.7955,0.05007491,265.4081,265.4081,265.4081,331.7602,331.7602,6369.7955,0.05007491,1459.7448,1337.1644,5175.4588,5298.0391,0.04068586,0.04164951,0.00208645,29.8814,40.3832,2.3265,127.6001,7.3643,2446.2564,54.8462,43.4275,28.3160,5.1431,12.8578,28.9875,66.8604,128.5777,263.3173,7.8995,-2.6176,10.0,20.479237,2.324,28,180,56,8,0.15055597,0.05216136,0.11437665,0E-8,0.000000,0.905409,0.000000,-0.07324236,2026-03-22,2026-08-06,52,901,524,138,0.376812,1.533674,1.453326,0.501853,,,,,,,,GLOBAL_BASELINE_NO_ENTITY_RANKING,,,NOT_APPLICABLE_GLOBAL_BASELINE,HF9g-P5,,,,X 全窗基线 · 不参与实体赏罚,14191285,1420,A168_HF9F_20260827_0900,2026-08-27 09:00:00
2026-04-18,128173484,1385,0,78.5278643039,36.6463366751,36.6463366751,0.5000000,3,3,0.49771390000000000,0.497713900000,0.006466134837551399,0.0064661348375514,0.006466134837551399,0E-17,ELIGIBLE,R03b_20260811_FULL_v1,L1_ELIGIBILITY,v2026-08-11,2026-03-21..2026-08-06,baccarat_bet02_101_all_pairs_incl_sentinel,round_win = game_pnl > 0 (decisive only),COMPATIBILITY_ONLY_NOT_PRODUCTION,127205.3315,115172.8122,6635.2036,4257,2852,-0.05216136,-0.11437665,-0.04113429,-0.05216136,-6635.2036,127205.3315,OK,0.0000,265.4081,4.0000,96.0000,AG03-UNRESOLVED,ALL5_LEVELS_bet23_to_bet27,265.4081,265.4081,265.4081,331.7602,331.7602,4.000000,4.000000,4.000000,5.000000,5.000000,96.000000,96.000000,96.000000,95.000000,95.000000,5.0,1459.7448,1337.1644,5175.4588,5298.0391,PENDING_AG03,FALSE,NOT_FOR_ENFORCEMENT,6369.7955,110565.8997,6635.2036,6369.7955,265.4081,0.05216136,0.05007491,265.4081,6369.7955,0.05007491,265.4081,265.4081,265.4081,331.7602,331.7602,6369.7955,0.05007491,1459.7448,1337.1644,5175.4588,5298.0391,0.04068586,0.04164951,0.00208645,29.8814,40.3832,2.3265,127.6001,7.3643,2446.2564,54.8462,43.4275,28.3160,5.1431,12.8578,28.9875,66.8604,128.5777,263.3173,7.8995,-2.6176,10.0,20.479237,2.324,28,180,56,8,0.15055597,0.05216136,0.11437665,0E-8,0.000000,0.905409,0.000000,-0.07324236,2026-03-22,2026-08-06,52,901,524,138,0.376812,1.533674,1.453326,0.501853,,,,,,,,GLOBAL_BASELINE_NO_ENTITY_RANKING,,,NOT_APPLICABLE_GLOBAL_BASELINE,HF9g-P5,,,,X 全窗基线 · 不参与实体赏罚,14191286,1420,A168_HF9F_20260827_0900,2026-08-27 09:00:00
2026-04-18,128173484,1399,0,31.4111457216,41.8815276287,41.8815276287,1.0000000,2,1,0.43797605000000000,0.300626750000,1.1327973652310617,1.5252488199758223,1.1327973652310617,0.13734930000000000,ELIGIBLE,R03b_20260811_FULL_v1,L1_ELIGIBILITY,v2026-08-11,2026-03-21..2026-08-06,baccarat_bet02_101_all_pairs_incl_sentinel,round_win = game_pnl > 0 (decisive only),COMPATIBILITY_ONLY_NOT_PRODUCTION,127205.3315,115172.8122,6635.2036,4257,2852,-0.05216136,-0.11437665,-0.04113429,-0.05216136,-6635.2036,127205.3315,OK,0.0000,265.4081,4.0000,96.0000,AG03-UNRESOLVED,ALL5_LEVELS_bet23_to_bet27,265.4081,265.4081,265.4081,331.7602,331.7602,4.000000,4.000000,4.000000,5.000000,5.000000,96.000000,96.000000,96.000000,95.000000,95.000000,5.0,1459.7448,1337.1644,5175.4588,5298.0391,PENDING_AG03,FALSE,NOT_FOR_ENFORCEMENT,6369.7955,110565.8997,6635.2036,6369.7955,265.4081,0.05216136,0.05007491,265.4081,6369.7955,0.05007491,265.4081,265.4081,265.4081,331.7602,331.7602,6369.7955,0.05007491,1459.7448,1337.1644,5175.4588,5298.0391,0.04068586,0.04164951,0.00208645,29.8814,40.3832,2.3265,127.6001,7.3643,2446.2564,54.8462,43.4275,28.3160,5.1431,12.8578,28.9875,66.8604,128.5777,263.3173,7.8995,-2.6176,10.0,20.479237,2.324,28,180,56,8,0.15055597,0.05216136,0.11437665,0E-8,0.000000,0.905409,0.000000,-0.07324236,2026-03-22,2026-08-06,52,901,524,138,0.376812,1.533674,1.453326,0.501853,,,,,,,,GLOBAL_BASELINE_NO_ENTITY_RANKING,,,NOT_APPLICABLE_GLOBAL_BASELINE,HF9g-P5,,,,X 全窗基线 · 不参与实体赏罚,14191287,1420,A168_HF9F_20260827_0900,2026-08-27 09:00:00
2026-04-18,128173484,1400,0,248.6715702957,84.7839174934,84.7839174934,0.4285714,7,7,0.50090561428571429,0.500905614286,-0.38275716120403624,-0.38275716120554854,-0.38275716120403624,-2.8571E-13,ELIGIBLE,R03b_20260811_FULL_v1,L1_ELIGIBILITY,v2026-08-11,2026-03-21..2026-08-06,baccarat_bet02_101_all_pairs_incl_sentinel,round_win = game_pnl > 0 (decisive only),COMPATIBILITY_ONLY_NOT_PRODUCTION,127205.3315,115172.8122,6635.2036,4257,2852,-0.05216136,-0.11437665,-0.04113429,-0.05216136,-6635.2036,127205.3315,OK,0.0000,265.4081,4.0000,96.0000,AG03-UNRESOLVED,ALL5_LEVELS_bet23_to_bet27,265.4081,265.4081,265.4081,331.7602,331.7602,4.000000,4.000000,4.000000,5.000000,5.000000,96.000000,96.000000,96.000000,95.000000,95.000000,5.0,1459.7448,1337.1644,5175.4588,5298.0391,PENDING_AG03,FALSE,NOT_FOR_ENFORCEMENT,6369.7955,110565.8997,6635.2036,6369.7955,265.4081,0.05216136,0.05007491,265.4081,6369.7955,0.05007491,265.4081,265.4081,265.4081,331.7602,331.7602,6369.7955,0.05007491,1459.7448,1337.1644,5175.4588,5298.0391,0.04068586,0.04164951,0.00208645,29.8814,40.3832,2.3265,127.6001,7.3643,2446.2564,54.8462,43.4275,28.3160,5.1431,12.8578,28.9875,66.8604,128.5777,263.3173,7.8995,-2.6176,10.0,20.479237,2.324,28,180,56,8,0.15055597,0.05216136,0.11437665,0E-8,0.000000,0.905409,0.000000,-0.07324236,2026-03-22,2026-08-06,52,901,524,138,0.376812,1.533674,1.453326,0.501853,,,,,,,,GLOBAL_BASELINE_NO_ENTITY_RANKING,,,NOT_APPLICABLE_GLOBAL_BASELINE,HF9g-P5,,,,X 全窗基线 · 不参与实体赏罚,14191288,1420,A168_HF9F_20260827_0900,2026-08-27 09:00:00
2026-04-18,128173484,1507,0,5.2351909536,0E-10,0E-10,,1,1,0.50665070000000000,0.506650700000,,,,0E-17,NO_DECISIVE_ROUND,R03b_20260811_FULL_v1,L1_ELIGIBILITY,v2026-08-11,2026-03-21..2026-08-06,baccarat_bet02_101_all_pairs_incl_sentinel,round_win = game_pnl > 0 (decisive only),COMPATIBILITY_ONLY_NOT_PRODUCTION,127205.3315,115172.8122,6635.2036,4257,2852,-0.05216136,-0.11437665,-0.04113429,-0.05216136,-6635.2036,127205.3315,OK,0.0000,265.4081,4.0000,96.0000,AG03-UNRESOLVED,ALL5_LEVELS_bet23_to_bet27,265.4081,265.4081,265.4081,331.7602,331.7602,4.000000,4.000000,4.000000,5.000000,5.000000,96.000000,96.000000,96.000000,95.000000,95.000000,5.0,1459.7448,1337.1644,5175.4588,5298.0391,PENDING_AG03,FALSE,NOT_FOR_ENFORCEMENT,6369.7955,110565.8997,6635.2036,6369.7955,265.4081,0.05216136,0.05007491,265.4081,6369.7955,0.05007491,265.4081,265.4081,265.4081,331.7602,331.7602,6369.7955,0.05007491,1459.7448,1337.1644,5175.4588,5298.0391,0.04068586,0.04164951,0.00208645,29.8814,40.3832,2.3265,127.6001,7.3643,2446.2564,54.8462,43.4275,28.3160,5.1431,12.8578,28.9875,66.8604,128.5777,263.3173,7.8995,-2.6176,10.0,20.479237,2.324,28,180,56,8,0.15055597,0.05216136,0.11437665,0E-8,0.000000,0.905409,0.000000,-0.07324236,2026-03-22,2026-08-06,52,901,524,138,0.376812,1.533674,1.453326,0.501853,,,,,,,,GLOBAL_BASELINE_NO_ENTITY_RANKING,,,NOT_APPLICABLE_GLOBAL_BASELINE,HF9g-P5,,,,X 全窗基线 · 不参与实体赏罚,14191289,1420,A168_HF9F_20260827_0900,2026-08-27 09:00:00
2026-04-18,128173484,1646,0,5.2351909536,-5.2351909536,-5.2351909536,0E-7,1,1,0.50665070000000000,0.506650700000,-1.013391052207602,-1.013391052207602,-1.013391052207602,0E-17,ELIGIBLE,R03b_20260811_FULL_v1,L1_ELIGIBILITY,v2026-08-11,2026-03-21..2026-08-06,baccarat_bet02_101_all_pairs_incl_sentinel,round_win = game_pnl > 0 (decisive only),COMPATIBILITY_ONLY_NOT_PRODUCTION,127205.3315,115172.8122,6635.2036,4257,2852,-0.05216136,-0.11437665,-0.04113429,-0.05216136,-6635.2036,127205.3315,OK,0.0000,265.4081,4.0000,96.0000,AG03-UNRESOLVED,ALL5_LEVELS_bet23_to_bet27,265.4081,265.4081,265.4081,331.7602,331.7602,4.000000,4.000000,4.000000,5.000000,5.000000,96.000000,96.000000,96.000000,95.000000,95.000000,5.0,1459.7448,1337.1644,5175.4588,5298.0391,PENDING_AG03,FALSE,NOT_FOR_ENFORCEMENT,6369.7955,110565.8997,6635.2036,6369.7955,265.4081,0.05216136,0.05007491,265.4081,6369.7955,0.05007491,265.4081,265.4081,265.4081,331.7602,331.7602,6369.7955,0.05007491,1459.7448,1337.1644,5175.4588,5298.0391,0.04068586,0.04164951,0.00208645,29.8814,40.3832,2.3265,127.6001,7.3643,2446.2564,54.8462,43.4275,28.3160,5.1431,12.8578,28.9875,66.8604,128.5777,263.3173,7.8995,-2.6176,10.0,20.479237,2.324,28,180,56,8,0.15055597,0.05216136,0.11437665,0E-8,0.000000,0.905409,0.000000,-0.07324236,2026-03-22,2026-08-06,52,901,524,138,0.376812,1.533674,1.453326,0.501853,,,,,,,,GLOBAL_BASELINE_NO_ENTITY_RANKING,,,NOT_APPLICABLE_GLOBAL_BASELINE,HF9g-P5,,,,X 全窗基线 · 不参与实体赏罚,14191290,1420,A168_HF9F_20260827_0900,2026-08-27 09:00:00
2026-04-18,128173484,1702,0,94.2334371647,-30.1023479831,-30.1023479831,0.3333333,5,4,0.48530188750000000,0.449306862500,-0.5266621175058529,-0.40382494487564824,-0.5266621175058529,0.03599502500000000,ELIGIBLE,R03b_20260811_FULL_v1,L1_ELIGIBILITY,v2026-08-11,2026-03-21..2026-08-06,baccarat_bet02_101_all_pairs_incl_sentinel,round_win = game_pnl > 0 (decisive only),COMPATIBILITY_ONLY_NOT_PRODUCTION,127205.3315,115172.8122,6635.2036,4257,2852,-0.05216136,-0.11437665,-0.04113429,-0.05216136,-6635.2036,127205.3315,OK,0.0000,265.4081,4.0000,96.0000,AG03-UNRESOLVED,ALL5_LEVELS_bet23_to_bet27,265.4081,265.4081,265.4081,331.7602,331.7602,4.000000,4.000000,4.000000,5.000000,5.000000,96.000000,96.000000,96.000000,95.000000,95.000000,5.0,1459.7448,1337.1644,5175.4588,5298.0391,PENDING_AG03,FALSE,NOT_FOR_ENFORCEMENT,6369.7955,110565.8997,6635.2036,6369.7955,265.4081,0.05216136,0.05007491,265.4081,6369.7955,0.05007491,265.4081,265.4081,265.4081,331.7602,331.7602,6369.7955,0.05007491,1459.7448,1337.1644,5175.4588,5298.0391,0.04068586,0.04164951,0.00208645,29.8814,40.3832,2.3265,127.6001,7.3643,2446.2564,54.8462,43.4275,28.3160,5.1431,12.8578,28.9875,66.8604,128.5777,263.3173,7.8995,-2.6176,10.0,20.479237,2.324,28,180,56,8,0.15055597,0.05216136,0.11437665,0E-8,0.000000,0.905409,0.000000,-0.07324236,2026-03-22,2026-08-06,52,901,524,138,0.376812,1.533674,1.453326,0.501853,,,,,,,,GLOBAL_BASELINE_NO_ENTITY_RANKING,,,NOT_APPLICABLE_GLOBAL_BASELINE,HF9g-P5,,,,X 全窗基线 · 不参与实体赏罚,14191291,1420,A168_HF9F_20260827_0900,2026-08-27 09:00:00
2026-04-18,128173484,1710,0,15.7055728608,9.8159830380,9.8159830380,1.0000000,2,1,0.43466065000000000,0.290680550000,1.1404583914031252,1.5621148022658344,1.1404583914031252,0.14398010000000000,ELIGIBLE,R03b_20260811_FULL_v1,L1_ELIGIBILITY,v2026-08-11,2026-03-21..2026-08-06,baccarat_bet02_101_all_pairs_incl_sentinel,round_win = game_pnl > 0 (decisive only),COMPATIBILITY_ONLY_NOT_PRODUCTION,127205.3315,115172.8122,6635.2036,4257,2852,-0.05216136,-0.11437665,-0.04113429,-0.05216136,-6635.2036,127205.3315,OK,0.0000,265.4081,4.0000,96.0000,AG03-UNRESOLVED,ALL5_LEVELS_bet23_to_bet27,265.4081,265.4081,265.4081,331.7602,331.7602,4.000000,4.000000,4.000000,5.000000,5.000000,96.000000,96.000000,96.000000,95.000000,95.000000,5.0,1459.7448,1337.1644,5175.4588,5298.0391,PENDING_AG03,FALSE,NOT_FOR_ENFORCEMENT,6369.7955,110565.8997,6635.2036,6369.7955,265.4081,0.05216136,0.05007491,265.4081,6369.7955,0.05007491,265.4081,265.4081,265.4081,331.7602,331.7602,6369.7955,0.05007491,1459.7448,1337.1644,5175.4588,5298.0391,0.04068586,0.04164951,0.00208645,29.8814,40.3832,2.3265,127.6001,7.3643,2446.2564,54.8462,43.4275,28.3160,5.1431,12.8578,28.9875,66.8604,128.5777,263.3173,7.8995,-2.6176,10.0,20.479237,2.324,28,180,56,8,0.15055597,0.05216136,0.11437665,0E-8,0.000000,0.905409,0.000000,-0.07324236,2026-03-22,2026-08-06,52,901,524,138,0.376812,1.533674,1.453326,0.501853,,,,,,,,GLOBAL_BASELINE_NO_ENTITY_RANKING,,,NOT_APPLICABLE_GLOBAL_BASELINE,HF9g-P5,,,,X 全窗基线 · 不参与实体赏罚,14191292,1420,A168_HF9F_20260827_0900,2026-08-27 09:00:00
2026-04-18,128173484,1714,0,39.2639321520,-2.6175954768,-2.6175954768,0.3333333,5,3,0.44234685833333333,0.364833000000,-0.3801696650244866,-0.11333800532433629,-0.3801696650244866,0.07751385833333333,ELIGIBLE,R03b_20260811_FULL_v1,L1_ELIGIBILITY,v2026-08-11,2026-03-21..2026-08-06,baccarat_bet02_101_all_pairs_incl_sentinel,round_win = game_pnl > 0 (decisive only),COMPATIBILITY_ONLY_NOT_PRODUCTION,127205.3315,115172.8122,6635.2036,4257,2852,-0.05216136,-0.11437665,-0.04113429,-0.05216136,-6635.2036,127205.3315,OK,0.0000,265.4081,4.0000,96.0000,AG03-UNRESOLVED,ALL5_LEVELS_bet23_to_bet27,265.4081,265.4081,265.4081,331.7602,331.7602,4.000000,4.000000,4.000000,5.000000,5.000000,96.000000,96.000000,96.000000,95.000000,95.000000,5.0,1459.7448,1337.1644,5175.4588,5298.0391,PENDING_AG03,FALSE,NOT_FOR_ENFORCEMENT,6369.7955,110565.8997,6635.2036,6369.7955,265.4081,0.05216136,0.05007491,265.4081,6369.7955,0.05007491,265.4081,265.4081,265.4081,331.7602,331.7602,6369.7955,0.05007491,1459.7448,1337.1644,5175.4588,5298.0391,0.04068586,0.04164951,0.00208645,29.8814,40.3832,2.3265,127.6001,7.3643,2446.2564,54.8462,43.4275,28.3160,5.1431,12.8578,28.9875,66.8604,128.5777,263.3173,7.8995,-2.6176,10.0,20.479237,2.324,28,180,56,8,0.15055597,0.05216136,0.11437665,0E-8,0.000000,0.905409,0.000000,-0.07324236,2026-03-22,2026-08-06,52,901,524,138,0.376812,1.533674,1.453326,0.501853,,,,,,,,GLOBAL_BASELINE_NO_ENTITY_RANKING,,,NOT_APPLICABLE_GLOBAL_BASELINE,HF9g-P5,,,,X 全窗基线 · 不参与实体赏罚,14191293,1420,A168_HF9F_20260827_0900,2026-08-27 09:00:00
2026-04-18,128173484,1963,0,13.0879773840,-13.0879773840,-13.0879773840,0E-7,1,1,0.49324550000000000,0.493245500000,-0.9865810262130424,-0.9865810262130424,-0.9865810262130424,0E-17,ELIGIBLE,R03b_20260811_FULL_v1,L1_ELIGIBILITY,v2026-08-11,2026-03-21..2026-08-06,baccarat_bet02_101_all_pairs_incl_sentinel,round_win = game_pnl > 0 (decisive only),COMPATIBILITY_ONLY_NOT_PRODUCTION,127205.3315,115172.8122,6635.2036,4257,2852,-0.05216136,-0.11437665,-0.04113429,-0.05216136,-6635.2036,127205.3315,OK,0.0000,265.4081,4.0000,96.0000,AG03-UNRESOLVED,ALL5_LEVELS_bet23_to_bet27,265.4081,265.4081,265.4081,331.7602,331.7602,4.000000,4.000000,4.000000,5.000000,5.000000,96.000000,96.000000,96.000000,95.000000,95.000000,5.0,1459.7448,1337.1644,5175.4588,5298.0391,PENDING_AG03,FALSE,NOT_FOR_ENFORCEMENT,6369.7955,110565.8997,6635.2036,6369.7955,265.4081,0.05216136,0.05007491,265.4081,6369.7955,0.05007491,265.4081,265.4081,265.4081,331.7602,331.7602,6369.7955,0.05007491,1459.7448,1337.1644,5175.4588,5298.0391,0.04068586,0.04164951,0.00208645,29.8814,40.3832,2.3265,127.6001,7.3643,2446.2564,54.8462,43.4275,28.3160,5.1431,12.8578,28.9875,66.8604,128.5777,263.3173,7.8995,-2.6176,10.0,20.479237,2.324,28,180,56,8,0.15055597,0.05216136,0.11437665,0E-8,0.000000,0.905409,0.000000,-0.07324236,2026-03-22,2026-08-06,52,901,524,138,0.376812,1.533674,1.453326,0.501853,,,,,,,,GLOBAL_BASELINE_NO_ENTITY_RANKING,,,NOT_APPLICABLE_GLOBAL_BASELINE,HF9g-P5,,,,X 全窗基线 · 不参与实体赏罚,14191294,1420,A168_HF9F_20260827_0900,2026-08-27 09:00:00
2026-04-18,128173484,2115,0,71.1985969688,-49.2107949638,-49.2107949638,0.6666667,5,3,0.48872951269841222,0.425719833333,0.6165490352619116,0.8440302260555905,0.6165490352619116,0.06300967936541222,ELIGIBLE,R03b_20260811_FULL_v1,L1_ELIGIBILITY,v2026-08-11,2026-03-21..2026-08-06,baccarat_bet02_101_all_pairs_incl_sentinel,round_win = game_pnl > 0 (decisive only),COMPATIBILITY_ONLY_NOT_PRODUCTION,127205.3315,115172.8122,6635.2036,4257,2852,-0.05216136,-0.11437665,-0.04113429,-0.05216136,-6635.2036,127205.3315,OK,0.0000,265.4081,4.0000,96.0000,AG03-UNRESOLVED,ALL5_LEVELS_bet23_to_bet27,265.4081,265.4081,265.4081,331.7602,331.7602,4.000000,4.000000,4.000000,5.000000,5.000000,96.000000,96.000000,96.000000,95.000000,95.000000,5.0,1459.7448,1337.1644,5175.4588,5298.0391,PENDING_AG03,FALSE,NOT_FOR_ENFORCEMENT,6369.7955,110565.8997,6635.2036,6369.7955,265.4081,0.05216136,0.05007491,265.4081,6369.7955,0.05007491,265.4081,265.4081,265.4081,331.7602,331.7602,6369.7955,0.05007491,1459.7448,1337.1644,5175.4588,5298.0391,0.04068586,0.04164951,0.00208645,29.8814,40.3832,2.3265,127.6001,7.3643,2446.2564,54.8462,43.4275,28.3160,5.1431,12.8578,28.9875,66.8604,128.5777,263.3173,7.8995,-2.6176,10.0,20.479237,2.324,28,180,56,8,0.15055597,0.05216136,0.11437665,0E-8,0.000000,0.905409,0.000000,-0.07324236,2026-03-22,2026-08-06,52,901,524,138,0.376812,1.533674,1.453326,0.501853,,,,,,,,GLOBAL_BASELINE_NO_ENTITY_RANKING,,,NOT_APPLICABLE_GLOBAL_BASELINE,HF9g-P5,,,,X 全窗基线 · 不参与实体赏罚,14191295,1420,A168_HF9F_20260827_0900,2026-08-27 09:00:00
2026-04-18,128173484,2117,0,170.6672250871,139.5178389133,139.5178389133,1.0000000,6,3,0.47461176335408391,0.341965383333,1.822348991186063,2.402668889897283,1.822348991186063,0.13264638002108391,ELIGIBLE,R03b_20260811_FULL_v1,L1_ELIGIBILITY,v2026-08-11,2026-03-21..2026-08-06,baccarat_bet02_101_all_pairs_incl_sentinel,round_win = game_pnl > 0 (decisive only),COMPATIBILITY_ONLY_NOT_PRODUCTION,127205.3315,115172.8122,6635.2036,4257,2852,-0.05216136,-0.11437665,-0.04113429,-0.05216136,-6635.2036,127205.3315,OK,0.0000,265.4081,4.0000,96.0000,AG03-UNRESOLVED,ALL5_LEVELS_bet23_to_bet27,265.4081,265.4081,265.4081,331.7602,331.7602,4.000000,4.000000,4.000000,5.000000,5.000000,96.000000,96.000000,96.000000,95.000000,95.000000,5.0,1459.7448,1337.1644,5175.4588,5298.0391,PENDING_AG03,FALSE,NOT_FOR_ENFORCEMENT,6369.7955,110565.8997,6635.2036,6369.7955,265.4081,0.05216136,0.05007491,265.4081,6369.7955,0.05007491,265.4081,265.4081,265.4081,331.7602,331.7602,6369.7955,0.05007491,1459.7448,1337.1644,5175.4588,5298.0391,0.04068586,0.04164951,0.00208645,29.8814,40.3832,2.3265,127.6001,7.3643,2446.2564,54.8462,43.4275,28.3160,5.1431,12.8578,28.9875,66.8604,128.5777,263.3173,7.8995,-2.6176,10.0,20.479237,2.324,28,180,56,8,0.15055597,0.05216136,0.11437665,0E-8,0.000000,0.905409,0.000000,-0.07324236,2026-03-22,2026-08-06,52,901,524,138,0.376812,1.533674,1.453326,0.501853,,,,,,,,GLOBAL_BASELINE_NO_ENTITY_RANKING,,,NOT_APPLICABLE_GLOBAL_BASELINE,HF9g-P5,,,,X 全窗基线 · 不参与实体赏罚,14191296,1420,A168_HF9F_20260827_0900,2026-08-27 09:00:00
2026-04-18,128173484,2134,0,5.7587100489,-5.7587100489,-5.7587100489,0E-7,1,1,0.50665070000000000,0.506650700000,-1.013391052207602,-1.013391052207602,-1.013391052207602,0E-17,ELIGIBLE,R03b_20260811_FULL_v1,L1_ELIGIBILITY,v2026-08-11,2026-03-21..2026-08-06,baccarat_bet02_101_all_pairs_incl_sentinel,round_win = game_pnl > 0 (decisive only),COMPATIBILITY_ONLY_NOT_PRODUCTION,127205.3315,115172.8122,6635.2036,4257,2852,-0.05216136,-0.11437665,-0.04113429,-0.05216136,-6635.2036,127205.3315,OK,0.0000,265.4081,4.0000,96.0000,AG03-UNRESOLVED,ALL5_LEVELS_bet23_to_bet27,265.4081,265.4081,265.4081,331.7602,331.7602,4.000000,4.000000,4.000000,5.000000,5.000000,96.000000,96.000000,96.000000,95.000000,95.000000,5.0,1459.7448,1337.1644,5175.4588,5298.0391,PENDING_AG03,FALSE,NOT_FOR_ENFORCEMENT,6369.7955,110565.8997,6635.2036,6369.7955,265.4081,0.05216136,0.05007491,265.4081,6369.7955,0.05007491,265.4081,265.4081,265.4081,331.7602,331.7602,6369.7955,0.05007491,1459.7448,1337.1644,5175.4588,5298.0391,0.04068586,0.04164951,0.00208645,29.8814,40.3832,2.3265,127.6001,7.3643,2446.2564,54.8462,43.4275,28.3160,5.1431,12.8578,28.9875,66.8604,128.5777,263.3173,7.8995,-2.6176,10.0,20.479237,2.324,28,180,56,8,0.15055597,0.05216136,0.11437665,0E-8,0.000000,0.905409,0.000000,-0.07324236,2026-03-22,2026-08-06,52,901,524,138,0.376812,1.533674,1.453326,0.501853,,,,,,,,GLOBAL_BASELINE_NO_ENTITY_RANKING,,,NOT_APPLICABLE_GLOBAL_BASELINE,HF9g-P5,,,,X 全窗基线 · 不参与实体赏罚,14191297,1420,A168_HF9F_20260827_0900,2026-08-27 09:00:00
2026-04-18,128173484,2145,0,234.5365547210,184.8022406617,184.8022406617,0.7142857,11,7,0.43223348168757983,0.383177642857,1.5063797540051884,1.8019330612017803,1.5063797540051884,0.04905583883057983,ELIGIBLE,R03b_20260811_FULL_v1,L1_ELIGIBILITY,v2026-08-11,2026-03-21..2026-08-06,baccarat_bet02_101_all_pairs_incl_sentinel,round_win = game_pnl > 0 (decisive only),COMPATIBILITY_ONLY_NOT_PRODUCTION,127205.3315,115172.8122,6635.2036,4257,2852,-0.05216136,-0.11437665,-0.04113429,-0.05216136,-6635.2036,127205.3315,OK,0.0000,265.4081,4.0000,96.0000,AG03-UNRESOLVED,ALL5_LEVELS_bet23_to_bet27,265.4081,265.4081,265.4081,331.7602,331.7602,4.000000,4.000000,4.000000,5.000000,5.000000,96.000000,96.000000,96.000000,95.000000,95.000000,5.0,1459.7448,1337.1644,5175.4588,5298.0391,PENDING_AG03,FALSE,NOT_FOR_ENFORCEMENT,6369.7955,110565.8997,6635.2036,6369.7955,265.4081,0.05216136,0.05007491,265.4081,6369.7955,0.05007491,265.4081,265.4081,265.4081,331.7602,331.7602,6369.7955,0.05007491,1459.7448,1337.1644,5175.4588,5298.0391,0.04068586,0.04164951,0.00208645,29.8814,40.3832,2.3265,127.6001,7.3643,2446.2564,54.8462,43.4275,28.3160,5.1431,12.8578,28.9875,66.8604,128.5777,263.3173,7.8995,-2.6176,10.0,20.479237,2.324,28,180,56,8,0.15055597,0.05216136,0.11437665,0E-8,0.000000,0.905409,0.000000,-0.07324236,2026-03-22,2026-08-06,52,901,524,138,0.376812,1.533674,1.453326,0.501853,,,,,,,,GLOBAL_BASELINE_NO_ENTITY_RANKING,,,NOT_APPLICABLE_GLOBAL_BASELINE,HF9g-P5,,,,X 全窗基线 · 不参与实体赏罚,14191298,1420,A168_HF9F_20260827_0900,2026-08-27 09:00:00
2026-04-18,128173484,2153,0,23.5583592912,23.5583592912,23.5583592912,1.0000000,4,2,0.39917032500000000,0.297275450000,1.7350482683430075,2.1743429183121594,1.7350482683430075,0.10189487500000000,ELIGIBLE,R03b_20260811_FULL_v1,L1_ELIGIBILITY,v2026-08-11,2026-03-21..2026-08-06,baccarat_bet02_101_all_pairs_incl_sentinel,round_win = game_pnl > 0 (decisive only),COMPATIBILITY_ONLY_NOT_PRODUCTION,127205.3315,115172.8122,6635.2036,4257,2852,-0.05216136,-0.11437665,-0.04113429,-0.05216136,-6635.2036,127205.3315,OK,0.0000,265.4081,4.0000,96.0000,AG03-UNRESOLVED,ALL5_LEVELS_bet23_to_bet27,265.4081,265.4081,265.4081,331.7602,331.7602,4.000000,4.000000,4.000000,5.000000,5.000000,96.000000,96.000000,96.000000,95.000000,95.000000,5.0,1459.7448,1337.1644,5175.4588,5298.0391,PENDING_AG03,FALSE,NOT_FOR_ENFORCEMENT,6369.7955,110565.8997,6635.2036,6369.7955,265.4081,0.05216136,0.05007491,265.4081,6369.7955,0.05007491,265.4081,265.4081,265.4081,331.7602,331.7602,6369.7955,0.05007491,1459.7448,1337.1644,5175.4588,5298.0391,0.04068586,0.04164951,0.00208645,29.8814,40.3832,2.3265,127.6001,7.3643,2446.2564,54.8462,43.4275,28.3160,5.1431,12.8578,28.9875,66.8604,128.5777,263.3173,7.8995,-2.6176,10.0,20.479237,2.324,28,180,56,8,0.15055597,0.05216136,0.11437665,0E-8,0.000000,0.905409,0.000000,-0.07324236,2026-03-22,2026-08-06,52,901,524,138,0.376812,1.533674,1.453326,0.501853,,,,,,,,GLOBAL_BASELINE_NO_ENTITY_RANKING,,,NOT_APPLICABLE_GLOBAL_BASELINE,HF9g-P5,,,,X 全窗基线 · 不参与实体赏罚,14191299,1420,A168_HF9F_20260827_0900,2026-08-27 09:00:00
2026-04-18,128173484,2175,0,41.8815276288,29.5788288878,29.5788288878,1.0000000,5,3,0.46319056428571429,0.365986000000,1.8646221802771517,2.279700607373019,1.8646221802771517,0.09720456428571429,ELIGIBLE,R03b_20260811_FULL_v1,L1_ELIGIBILITY,v2026-08-11,2026-03-21..2026-08-06,baccarat_bet02_101_all_pairs_incl_sentinel,round_win = game_pnl > 0 (decisive only),COMPATIBILITY_ONLY_NOT_PRODUCTION,127205.3315,115172.8122,6635.2036,4257,2852,-0.05216136,-0.11437665,-0.04113429,-0.05216136,-6635.2036,127205.3315,OK,0.0000,265.4081,4.0000,96.0000,AG03-UNRESOLVED,ALL5_LEVELS_bet23_to_bet27,265.4081,265.4081,265.4081,331.7602,331.7602,4.000000,4.000000,4.000000,5.000000,5.000000,96.000000,96.000000,96.000000,95.000000,95.000000,5.0,1459.7448,1337.1644,5175.4588,5298.0391,PENDING_AG03,FALSE,NOT_FOR_ENFORCEMENT,6369.7955,110565.8997,6635.2036,6369.7955,265.4081,0.05216136,0.05007491,265.4081,6369.7955,0.05007491,265.4081,265.4081,265.4081,331.7602,331.7602,6369.7955,0.05007491,1459.7448,1337.1644,5175.4588,5298.0391,0.04068586,0.04164951,0.00208645,29.8814,40.3832,2.3265,127.6001,7.3643,2446.2564,54.8462,43.4275,28.3160,5.1431,12.8578,28.9875,66.8604,128.5777,263.3173,7.8995,-2.6176,10.0,20.479237,2.324,28,180,56,8,0.15055597,0.05216136,0.11437665,0E-8,0.000000,0.905409,0.000000,-0.07324236,2026-03-22,2026-08-06,52,901,524,138,0.376812,1.533674,1.453326,0.501853,,,,,,,,GLOBAL_BASELINE_NO_ENTITY_RANKING,,,NOT_APPLICABLE_GLOBAL_BASELINE,HF9g-P5,,,,X 全窗基线 · 不参与实体赏罚,14191300,1420,A168_HF9F_20260827_0900,2026-08-27 09:00:00
2026-04-18,128173484,2193,0,111.2478077640,39.5911315866,39.5911315866,0.8333333,9,6,0.47932905833333333,0.396431425000,1.7357436396407189,2.187823183468277,1.7357436396407189,0.08289763333333333,ELIGIBLE,R03b_20260811_FULL_v1,L1_ELIGIBILITY,v2026-08-11,2026-03-21..2026-08-06,baccarat_bet02_101_all_pairs_incl_sentinel,round_win = game_pnl > 0 (decisive only),COMPATIBILITY_ONLY_NOT_PRODUCTION,127205.3315,115172.8122,6635.2036,4257,2852,-0.05216136,-0.11437665,-0.04113429,-0.05216136,-6635.2036,127205.3315,OK,0.0000,265.4081,4.0000,96.0000,AG03-UNRESOLVED,ALL5_LEVELS_bet23_to_bet27,265.4081,265.4081,265.4081,331.7602,331.7602,4.000000,4.000000,4.000000,5.000000,5.000000,96.000000,96.000000,96.000000,95.000000,95.000000,5.0,1459.7448,1337.1644,5175.4588,5298.0391,PENDING_AG03,FALSE,NOT_FOR_ENFORCEMENT,6369.7955,110565.8997,6635.2036,6369.7955,265.4081,0.05216136,0.05007491,265.4081,6369.7955,0.05007491,265.4081,265.4081,265.4081,331.7602,331.7602,6369.7955,0.05007491,1459.7448,1337.1644,5175.4588,5298.0391,0.04068586,0.04164951,0.00208645,29.8814,40.3832,2.3265,127.6001,7.3643,2446.2564,54.8462,43.4275,28.3160,5.1431,12.8578,28.9875,66.8604,128.5777,263.3173,7.8995,-2.6176,10.0,20.479237,2.324,28,180,56,8,0.15055597,0.05216136,0.11437665,0E-8,0.000000,0.905409,0.000000,-0.07324236,2026-03-22,2026-08-06,52,901,524,138,0.376812,1.533674,1.453326,0.501853,,,,,,,,GLOBAL_BASELINE_NO_ENTITY_RANKING,,,NOT_APPLICABLE_GLOBAL_BASELINE,HF9g-P5,,,,X 全窗基线 · 不参与实体赏罚,14191301,1420,A168_HF9F_20260827_0900,2026-08-27 09:00:00
2026-04-18,128173484,2229,0,5.2351909536,-5.2351909536,-5.2351909536,0E-7,1,1,0.50665070000000000,0.506650700000,-1.013391052207602,-1.013391052207602,-1.013391052207602,0E-17,ELIGIBLE,R03b_20260811_FULL_v1,L1_ELIGIBILITY,v2026-08-11,2026-03-21..2026-08-06,baccarat_bet02_101_all_pairs_incl_sentinel,round_win = game_pnl > 0 (decisive only),COMPATIBILITY_ONLY_NOT_PRODUCTION,127205.3315,115172.8122,6635.2036,4257,2852,-0.05216136,-0.11437665,-0.04113429,-0.05216136,-6635.2036,127205.3315,OK,0.0000,265.4081,4.0000,96.0000,AG03-UNRESOLVED,ALL5_LEVELS_bet23_to_bet27,265.4081,265.4081,265.4081,331.7602,331.7602,4.000000,4.000000,4.000000,5.000000,5.000000,96.000000,96.000000,96.000000,95.000000,95.000000,5.0,1459.7448,1337.1644,5175.4588,5298.0391,PENDING_AG03,FALSE,NOT_FOR_ENFORCEMENT,6369.7955,110565.8997,6635.2036,6369.7955,265.4081,0.05216136,0.05007491,265.4081,6369.7955,0.05007491,265.4081,265.4081,265.4081,331.7602,331.7602,6369.7955,0.05007491,1459.7448,1337.1644,5175.4588,5298.0391,0.04068586,0.04164951,0.00208645,29.8814,40.3832,2.3265,127.6001,7.3643,2446.2564,54.8462,43.4275,28.3160,5.1431,12.8578,28.9875,66.8604,128.5777,263.3173,7.8995,-2.6176,10.0,20.479237,2.324,28,180,56,8,0.15055597,0.05216136,0.11437665,0E-8,0.000000,0.905409,0.000000,-0.07324236,2026-03-22,2026-08-06,52,901,524,138,0.376812,1.533674,1.453326,0.501853,,,,,,,,GLOBAL_BASELINE_NO_ENTITY_RANKING,,,NOT_APPLICABLE_GLOBAL_BASELINE,HF9g-P5,,,,X 全窗基线 · 不参与实体赏罚,14191302,1420,A168_HF9F_20260827_0900,2026-08-27 09:00:00
2026-04-18,128173484,2248,0,34.0287411984,-34.0287411984,-34.0287411984,0E-7,2,2,0.49324550000000000,0.493245500000,-1.3952362676504506,-1.3952362676504506,-1.3952362676504506,0E-17,ELIGIBLE,R03b_20260811_FULL_v1,L1_ELIGIBILITY,v2026-08-11,2026-03-21..2026-08-06,baccarat_bet02_101_all_pairs_incl_sentinel,round_win = game_pnl > 0 (decisive only),COMPATIBILITY_ONLY_NOT_PRODUCTION,127205.3315,115172.8122,6635.2036,4257,2852,-0.05216136,-0.11437665,-0.04113429,-0.05216136,-6635.2036,127205.3315,OK,0.0000,265.4081,4.0000,96.0000,AG03-UNRESOLVED,ALL5_LEVELS_bet23_to_bet27,265.4081,265.4081,265.4081,331.7602,331.7602,4.000000,4.000000,4.000000,5.000000,5.000000,96.000000,96.000000,96.000000,95.000000,95.000000,5.0,1459.7448,1337.1644,5175.4588,5298.0391,PENDING_AG03,FALSE,NOT_FOR_ENFORCEMENT,6369.7955,110565.8997,6635.2036,6369.7955,265.4081,0.05216136,0.05007491,265.4081,6369.7955,0.05007491,265.4081,265.4081,265.4081,331.7602,331.7602,6369.7955,0.05007491,1459.7448,1337.1644,5175.4588,5298.0391,0.04068586,0.04164951,0.00208645,29.8814,40.3832,2.3265,127.6001,7.3643,2446.2564,54.8462,43.4275,28.3160,5.1431,12.8578,28.9875,66.8604,128.5777,263.3173,7.8995,-2.6176,10.0,20.479237,2.324,28,180,56,8,0.15055597,0.05216136,0.11437665,0E-8,0.000000,0.905409,0.000000,-0.07324236,2026-03-22,2026-08-06,52,901,524,138,0.376812,1.533674,1.453326,0.501853,,,,,,,,GLOBAL_BASELINE_NO_ENTITY_RANKING,,,NOT_APPLICABLE_GLOBAL_BASELINE,HF9g-P5,,,,X 全窗基线 · 不参与实体赏罚,14191303,1420,A168_HF9F_20260827_0900,2026-08-27 09:00:00
2026-04-18,128173484,2252,0,51.0431117974,50.0615134937,50.0615134937,1.0000000,3,3,0.50218230000000000,0.502182300000,1.724507524396475,1.7245075243964754,1.724507524396475,0E-17,ELIGIBLE,R03b_20260811_FULL_v1,L1_ELIGIBILITY,v2026-08-11,2026-03-21..2026-08-06,baccarat_bet02_101_all_pairs_incl_sentinel,round_win = game_pnl > 0 (decisive only),COMPATIBILITY_ONLY_NOT_PRODUCTION,127205.3315,115172.8122,6635.2036,4257,2852,-0.05216136,-0.11437665,-0.04113429,-0.05216136,-6635.2036,127205.3315,OK,0.0000,265.4081,4.0000,96.0000,AG03-UNRESOLVED,ALL5_LEVELS_bet23_to_bet27,265.4081,265.4081,265.4081,331.7602,331.7602,4.000000,4.000000,4.000000,5.000000,5.000000,96.000000,96.000000,96.000000,95.000000,95.000000,5.0,1459.7448,1337.1644,5175.4588,5298.0391,PENDING_AG03,FALSE,NOT_FOR_ENFORCEMENT,6369.7955,110565.8997,6635.2036,6369.7955,265.4081,0.05216136,0.05007491,265.4081,6369.7955,0.05007491,265.4081,265.4081,265.4081,331.7602,331.7602,6369.7955,0.05007491,1459.7448,1337.1644,5175.4588,5298.0391,0.04068586,0.04164951,0.00208645,29.8814,40.3832,2.3265,127.6001,7.3643,2446.2564,54.8462,43.4275,28.3160,5.1431,12.8578,28.9875,66.8604,128.5777,263.3173,7.8995,-2.6176,10.0,20.479237,2.324,28,180,56,8,0.15055597,0.05216136,0.11437665,0E-8,0.000000,0.905409,0.000000,-0.07324236,2026-03-22,2026-08-06,52,901,524,138,0.376812,1.533674,1.453326,0.501853,,,,,,,,GLOBAL_BASELINE_NO_ENTITY_RANKING,,,NOT_APPLICABLE_GLOBAL_BASELINE,HF9g-P5,,,,X 全窗基线 · 不参与实体赏罚,14191304,1420,A168_HF9F_20260827_0900,2026-08-27 09:00:00
2026-04-18,128173484,2267,0,62.8222914431,-23.5583592911,-23.5583592911,0.3333333,5,4,0.49122811666663891,0.447628200000,-0.547047766651725,-0.3981189812028988,-0.547047766651725,0.04359991666663891,ELIGIBLE,R03b_20260811_FULL_v1,L1_ELIGIBILITY,v2026-08-11,2026-03-21..2026-08-06,baccarat_bet02_101_all_pairs_incl_sentinel,round_win = game_pnl > 0 (decisive only),COMPATIBILITY_ONLY_NOT_PRODUCTION,127205.3315,115172.8122,6635.2036,4257,2852,-0.05216136,-0.11437665,-0.04113429,-0.05216136,-6635.2036,127205.3315,OK,0.0000,265.4081,4.0000,96.0000,AG03-UNRESOLVED,ALL5_LEVELS_bet23_to_bet27,265.4081,265.4081,265.4081,331.7602,331.7602,4.000000,4.000000,4.000000,5.000000,5.000000,96.000000,96.000000,96.000000,95.000000,95.000000,5.0,1459.7448,1337.1644,5175.4588,5298.0391,PENDING_AG03,FALSE,NOT_FOR_ENFORCEMENT,6369.7955,110565.8997,6635.2036,6369.7955,265.4081,0.05216136,0.05007491,265.4081,6369.7955,0.05007491,265.4081,265.4081,265.4081,331.7602,331.7602,6369.7955,0.05007491,1459.7448,1337.1644,5175.4588,5298.0391,0.04068586,0.04164951,0.00208645,29.8814,40.3832,2.3265,127.6001,7.3643,2446.2564,54.8462,43.4275,28.3160,5.1431,12.8578,28.9875,66.8604,128.5777,263.3173,7.8995,-2.6176,10.0,20.479237,2.324,28,180,56,8,0.15055597,0.05216136,0.11437665,0E-8,0.000000,0.905409,0.000000,-0.07324236,2026-03-22,2026-08-06,52,901,524,138,0.376812,1.533674,1.453326,0.501853,,,,,,,,GLOBAL_BASELINE_NO_ENTITY_RANKING,,,NOT_APPLICABLE_GLOBAL_BASELINE,HF9g-P5,,,,X 全窗基线 · 不参与实体赏罚,14191305,1420,A168_HF9F_20260827_0900,2026-08-27 09:00:00
2026-04-18,128173484,763,0,13.0879773840,-13.0879773840,-13.0879773840,0E-7,1,1,0.50665070000000000,0.506650700000,-1.013391052207602,-1.013391052207602,-1.013391052207602,0E-17,ELIGIBLE,R03b_20260811_FULL_v1,L1_ELIGIBILITY,v2026-08-11,2026-03-21..2026-08-06,baccarat_bet02_101_all_pairs_incl_sentinel,round_win = game_pnl > 0 (decisive only),COMPATIBILITY_ONLY_NOT_PRODUCTION,127205.3315,115172.8122,6635.2036,4257,2852,-0.05216136,-0.11437665,-0.04113429,-0.05216136,-6635.2036,127205.3315,OK,0.0000,265.4081,4.0000,96.0000,AG03-UNRESOLVED,ALL5_LEVELS_bet23_to_bet27,265.4081,265.4081,265.4081,331.7602,331.7602,4.000000,4.000000,4.000000,5.000000,5.000000,96.000000,96.000000,96.000000,95.000000,95.000000,5.0,1459.7448,1337.1644,5175.4588,5298.0391,PENDING_AG03,FALSE,NOT_FOR_ENFORCEMENT,6369.7955,110565.8997,6635.2036,6369.7955,265.4081,0.05216136,0.05007491,265.4081,6369.7955,0.05007491,265.4081,265.4081,265.4081,331.7602,331.7602,6369.7955,0.05007491,1459.7448,1337.1644,5175.4588,5298.0391,0.04068586,0.04164951,0.00208645,29.8814,40.3832,2.3265,127.6001,7.3643,2446.2564,54.8462,43.4275,28.3160,5.1431,12.8578,28.9875,66.8604,128.5777,263.3173,7.8995,-2.6176,10.0,20.479237,2.324,28,180,56,8,0.15055597,0.05216136,0.11437665,0E-8,0.000000,0.905409,0.000000,-0.07324236,2026-03-22,2026-08-06,52,901,524,138,0.376812,1.533674,1.453326,0.501853,,,,,,,,GLOBAL_BASELINE_NO_ENTITY_RANKING,,,NOT_APPLICABLE_GLOBAL_BASELINE,HF9g-P5,,,,X 全窗基线 · 不参与实体赏罚,14191306,1420,A168_HF9F_20260827_0900,2026-08-27 09:00:00
2026-04-18,128173484,772,0,32.7199434600,-22.5113211005,-22.5113211005,0.3333333,3,3,0.50218230000000000,0.502182300000,-0.5849155494134425,-0.5849155494134426,-0.5849155494134425,0E-17,ELIGIBLE,R03b_20260811_FULL_v1,L1_ELIGIBILITY,v2026-08-11,2026-03-21..2026-08-06,baccarat_bet02_101_all_pairs_incl_sentinel,round_win = game_pnl > 0 (decisive only),COMPATIBILITY_ONLY_NOT_PRODUCTION,127205.3315,115172.8122,6635.2036,4257,2852,-0.05216136,-0.11437665,-0.04113429,-0.05216136,-6635.2036,127205.3315,OK,0.0000,265.4081,4.0000,96.0000,AG03-UNRESOLVED,ALL5_LEVELS_bet23_to_bet27,265.4081,265.4081,265.4081,331.7602,331.7602,4.000000,4.000000,4.000000,5.000000,5.000000,96.000000,96.000000,96.000000,95.000000,95.000000,5.0,1459.7448,1337.1644,5175.4588,5298.0391,PENDING_AG03,FALSE,NOT_FOR_ENFORCEMENT,6369.7955,110565.8997,6635.2036,6369.7955,265.4081,0.05216136,0.05007491,265.4081,6369.7955,0.05007491,265.4081,265.4081,265.4081,331.7602,331.7602,6369.7955,0.05007491,1459.7448,1337.1644,5175.4588,5298.0391,0.04068586,0.04164951,0.00208645,29.8814,40.3832,2.3265,127.6001,7.3643,2446.2564,54.8462,43.4275,28.3160,5.1431,12.8578,28.9875,66.8604,128.5777,263.3173,7.8995,-2.6176,10.0,20.479237,2.324,28,180,56,8,0.15055597,0.05216136,0.11437665,0E-8,0.000000,0.905409,0.000000,-0.07324236,2026-03-22,2026-08-06,52,901,524,138,0.376812,1.533674,1.453326,0.501853,,,,,,,,GLOBAL_BASELINE_NO_ENTITY_RANKING,,,NOT_APPLICABLE_GLOBAL_BASELINE,HF9g-P5,,,,X 全窗基线 · 不参与实体赏罚,14191307,1420,A168_HF9F_20260827_0900,2026-08-27 09:00:00
2026-04-18,128173484,994,0,116.7447582652,34.7747559093,34.7747559093,0.7142857,11,7,0.46676489285730806,0.415976321429,1.3126601420038204,1.6012768147985375,1.3126601420038204,0.05078857142830806,ELIGIBLE,R03b_20260811_FULL_v1,L1_ELIGIBILITY,v2026-08-11,2026-03-21..2026-08-06,baccarat_bet02_101_all_pairs_incl_sentinel,round_win = game_pnl > 0 (decisive only),COMPATIBILITY_ONLY_NOT_PRODUCTION,127205.3315,115172.8122,6635.2036,4257,2852,-0.05216136,-0.11437665,-0.04113429,-0.05216136,-6635.2036,127205.3315,OK,0.0000,265.4081,4.0000,96.0000,AG03-UNRESOLVED,ALL5_LEVELS_bet23_to_bet27,265.4081,265.4081,265.4081,331.7602,331.7602,4.000000,4.000000,4.000000,5.000000,5.000000,96.000000,96.000000,96.000000,95.000000,95.000000,5.0,1459.7448,1337.1644,5175.4588,5298.0391,PENDING_AG03,FALSE,NOT_FOR_ENFORCEMENT,6369.7955,110565.8997,6635.2036,6369.7955,265.4081,0.05216136,0.05007491,265.4081,6369.7955,0.05007491,265.4081,265.4081,265.4081,331.7602,331.7602,6369.7955,0.05007491,1459.7448,1337.1644,5175.4588,5298.0391,0.04068586,0.04164951,0.00208645,29.8814,40.3832,2.3265,127.6001,7.3643,2446.2564,54.8462,43.4275,28.3160,5.1431,12.8578,28.9875,66.8604,128.5777,263.3173,7.8995,-2.6176,10.0,20.479237,2.324,28,180,56,8,0.15055597,0.05216136,0.11437665,0E-8,0.000000,0.905409,0.000000,-0.07324236,2026-03-22,2026-08-06,52,901,524,138,0.376812,1.533674,1.453326,0.501853,,,,,,,,GLOBAL_BASELINE_NO_ENTITY_RANKING,,,NOT_APPLICABLE_GLOBAL_BASELINE,HF9g-P5,,,,X 全窗基线 · 不参与实体赏罚,14191308,1420,A168_HF9F_20260827_0900,2026-08-27 09:00:00
2026-04-19,128173484,1302,0,2.6175954768,0E-10,0E-10,,1,1,0.50665070000000000,0.506650700000,,,,0E-17,NO_DECISIVE_ROUND,R03b_20260811_FULL_v1,L1_ELIGIBILITY,v2026-08-11,2026-03-21..2026-08-06,baccarat_bet02_101_all_pairs_incl_sentinel,round_win = game_pnl > 0 (decisive only),COMPATIBILITY_ONLY_NOT_PRODUCTION,127205.3315,115172.8122,6635.2036,4257,2852,-0.05216136,-0.11437665,-0.04113429,-0.05216136,-6635.2036,127205.3315,OK,0.0000,265.4081,4.0000,96.0000,AG03-UNRESOLVED,ALL5_LEVELS_bet23_to_bet27,265.4081,265.4081,265.4081,331.7602,331.7602,4.000000,4.000000,4.000000,5.000000,5.000000,96.000000,96.000000,96.000000,95.000000,95.000000,5.0,1459.7448,1337.1644,5175.4588,5298.0391,PENDING_AG03,FALSE,NOT_FOR_ENFORCEMENT,6369.7955,110565.8997,6635.2036,6369.7955,265.4081,0.05216136,0.05007491,265.4081,6369.7955,0.05007491,265.4081,265.4081,265.4081,331.7602,331.7602,6369.7955,0.05007491,1459.7448,1337.1644,5175.4588,5298.0391,0.04068586,0.04164951,0.00208645,29.8814,40.3832,2.3265,127.6001,7.3643,2446.2564,54.8462,43.4275,28.3160,5.1431,12.8578,28.9875,66.8604,128.5777,263.3173,7.8995,-2.6176,10.0,20.479237,2.324,28,180,56,8,0.15055597,0.05216136,0.11437665,0E-8,0.000000,0.905409,0.000000,-0.07324236,2026-03-22,2026-08-06,52,901,524,138,0.376812,1.533674,1.453326,0.501853,,,,,,,,GLOBAL_BASELINE_NO_ENTITY_RANKING,,,NOT_APPLICABLE_GLOBAL_BASELINE,HF9g-P5,,,,X 全窗基线 · 不参与实体赏罚,14191309,1420,A168_HF9F_20260827_0900,2026-08-27 09:00:00
2026-04-19,128173484,1304,0,10.4703819072,4.8425516321,4.8425516321,1.0000000,2,1,0.39866562500000000,0.290680550000,1.228156243345255,1.5621148022658344,1.228156243345255,0.10798507500000000,ELIGIBLE,R03b_20260811_FULL_v1,L1_ELIGIBILITY,v2026-08-11,2026-03-21..2026-08-06,baccarat_bet02_101_all_pairs_incl_sentinel,round_win = game_pnl > 0 (decisive only),COMPATIBILITY_ONLY_NOT_PRODUCTION,127205.3315,115172.8122,6635.2036,4257,2852,-0.05216136,-0.11437665,-0.04113429,-0.05216136,-6635.2036,127205.3315,OK,0.0000,265.4081,4.0000,96.0000,AG03-UNRESOLVED,ALL5_LEVELS_bet23_to_bet27,265.4081,265.4081,265.4081,331.7602,331.7602,4.000000,4.000000,4.000000,5.000000,5.000000,96.000000,96.000000,96.000000,95.000000,95.000000,5.0,1459.7448,1337.1644,5175.4588,5298.0391,PENDING_AG03,FALSE,NOT_FOR_ENFORCEMENT,6369.7955,110565.8997,6635.2036,6369.7955,265.4081,0.05216136,0.05007491,265.4081,6369.7955,0.05007491,265.4081,265.4081,265.4081,331.7602,331.7602,6369.7955,0.05007491,1459.7448,1337.1644,5175.4588,5298.0391,0.04068586,0.04164951,0.00208645,29.8814,40.3832,2.3265,127.6001,7.3643,2446.2564,54.8462,43.4275,28.3160,5.1431,12.8578,28.9875,66.8604,128.5777,263.3173,7.8995,-2.6176,10.0,20.479237,2.324,28,180,56,8,0.15055597,0.05216136,0.11437665,0E-8,0.000000,0.905409,0.000000,-0.07324236,2026-03-22,2026-08-06,52,901,524,138,0.376812,1.533674,1.453326,0.501853,,,,,,,,GLOBAL_BASELINE_NO_ENTITY_RANKING,,,NOT_APPLICABLE_GLOBAL_BASELINE,HF9g-P5,,,,X 全窗基线 · 不参与实体赏罚,14191310,1420,A168_HF9F_20260827_0900,2026-08-27 09:00:00
2026-04-19,128173484,1307,0,18.3231683376,7.1983875612,7.1983875612,0.5000000,3,2,0.47065567500000000,0.398665625000,0.08314159298543387,0.2926910081793089,0.08314159298543387,0.07199005000000000,ELIGIBLE,R03b_20260811_FULL_v1,L1_ELIGIBILITY,v2026-08-11,2026-03-21..2026-08-06,baccarat_bet02_101_all_pairs_incl_sentinel,round_win = game_pnl > 0 (decisive only),COMPATIBILITY_ONLY_NOT_PRODUCTION,127205.3315,115172.8122,6635.2036,4257,2852,-0.05216136,-0.11437665,-0.04113429,-0.05216136,-6635.2036,127205.3315,OK,0.0000,265.4081,4.0000,96.0000,AG03-UNRESOLVED,ALL5_LEVELS_bet23_to_bet27,265.4081,265.4081,265.4081,331.7602,331.7602,4.000000,4.000000,4.000000,5.000000,5.000000,96.000000,96.000000,96.000000,95.000000,95.000000,5.0,1459.7448,1337.1644,5175.4588,5298.0391,PENDING_AG03,FALSE,NOT_FOR_ENFORCEMENT,6369.7955,110565.8997,6635.2036,6369.7955,265.4081,0.05216136,0.05007491,265.4081,6369.7955,0.05007491,265.4081,265.4081,265.4081,331.7602,331.7602,6369.7955,0.05007491,1459.7448,1337.1644,5175.4588,5298.0391,0.04068586,0.04164951,0.00208645,29.8814,40.3832,2.3265,127.6001,7.3643,2446.2564,54.8462,43.4275,28.3160,5.1431,12.8578,28.9875,66.8604,128.5777,263.3173,7.8995,-2.6176,10.0,20.479237,2.324,28,180,56,8,0.15055597,0.05216136,0.11437665,0E-8,0.000000,0.905409,0.000000,-0.07324236,2026-03-22,2026-08-06,52,901,524,138,0.376812,1.533674,1.453326,0.501853,,,,,,,,GLOBAL_BASELINE_NO_ENTITY_RANKING,,,NOT_APPLICABLE_GLOBAL_BASELINE,HF9g-P5,,,,X 全窗基线 · 不参与实体赏罚,14191311,1420,A168_HF9F_20260827_0900,2026-08-27 09:00:00
2026-04-19,128173484,1714,0,15.7055728608,10.4703819072,10.4703819072,1.0000000,2,1,0.42348563333333333,0.283965900000,1.1667712690754457,1.587938788024013,1.1667712690754457,0.13951973333333333,ELIGIBLE,R03b_20260811_FULL_v1,L1_ELIGIBILITY,v2026-08-11,2026-03-21..2026-08-06,baccarat_bet02_101_all_pairs_incl_sentinel,round_win = game_pnl > 0 (decisive only),COMPATIBILITY_ONLY_NOT_PRODUCTION,127205.3315,115172.8122,6635.2036,4257,2852,-0.05216136,-0.11437665,-0.04113429,-0.05216136,-6635.2036,127205.3315,OK,0.0000,265.4081,4.0000,96.0000,AG03-UNRESOLVED,ALL5_LEVELS_bet23_to_bet27,265.4081,265.4081,265.4081,331.7602,331.7602,4.000000,4.000000,4.000000,5.000000,5.000000,96.000000,96.000000,96.000000,95.000000,95.000000,5.0,1459.7448,1337.1644,5175.4588,5298.0391,PENDING_AG03,FALSE,NOT_FOR_ENFORCEMENT,6369.7955,110565.8997,6635.2036,6369.7955,265.4081,0.05216136,0.05007491,265.4081,6369.7955,0.05007491,265.4081,265.4081,265.4081,331.7602,331.7602,6369.7955,0.05007491,1459.7448,1337.1644,5175.4588,5298.0391,0.04068586,0.04164951,0.00208645,29.8814,40.3832,2.3265,127.6001,7.3643,2446.2564,54.8462,43.4275,28.3160,5.1431,12.8578,28.9875,66.8604,128.5777,263.3173,7.8995,-2.6176,10.0,20.479237,2.324,28,180,56,8,0.15055597,0.05216136,0.11437665,0E-8,0.000000,0.905409,0.000000,-0.07324236,2026-03-22,2026-08-06,52,901,524,138,0.376812,1.533674,1.453326,0.501853,,,,,,,,GLOBAL_BASELINE_NO_ENTITY_RANKING,,,NOT_APPLICABLE_GLOBAL_BASELINE,HF9g-P5,,,,X 全窗基线 · 不参与实体赏罚,14191312,1420,A168_HF9F_20260827_0900,2026-08-27 09:00:00
2026-04-19,128173484,1942,0,7.8527864304,7.4601471089,7.4601471089,1.0000000,1,1,0.50665070000000000,0.506650700000,0.9867858985152569,0.9867858985152569,0.9867858985152569,0E-17,ELIGIBLE,R03b_20260811_FULL_v1,L1_ELIGIBILITY,v2026-08-11,2026-03-21..2026-08-06,baccarat_bet02_101_all_pairs_incl_sentinel,round_win = game_pnl > 0 (decisive only),COMPATIBILITY_ONLY_NOT_PRODUCTION,127205.3315,115172.8122,6635.2036,4257,2852,-0.05216136,-0.11437665,-0.04113429,-0.05216136,-6635.2036,127205.3315,OK,0.0000,265.4081,4.0000,96.0000,AG03-UNRESOLVED,ALL5_LEVELS_bet23_to_bet27,265.4081,265.4081,265.4081,331.7602,331.7602,4.000000,4.000000,4.000000,5.000000,5.000000,96.000000,96.000000,96.000000,95.000000,95.000000,5.0,1459.7448,1337.1644,5175.4588,5298.0391,PENDING_AG03,FALSE,NOT_FOR_ENFORCEMENT,6369.7955,110565.8997,6635.2036,6369.7955,265.4081,0.05216136,0.05007491,265.4081,6369.7955,0.05007491,265.4081,265.4081,265.4081,331.7602,331.7602,6369.7955,0.05007491,1459.7448,1337.1644,5175.4588,5298.0391,0.04068586,0.04164951,0.00208645,29.8814,40.3832,2.3265,127.6001,7.3643,2446.2564,54.8462,43.4275,28.3160,5.1431,12.8578,28.9875,66.8604,128.5777,263.3173,7.8995,-2.6176,10.0,20.479237,2.324,28,180,56,8,0.15055597,0.05216136,0.11437665,0E-8,0.000000,0.905409,0.000000,-0.07324236,2026-03-22,2026-08-06,52,901,524,138,0.376812,1.533674,1.453326,0.501853,,,,,,,,GLOBAL_BASELINE_NO_ENTITY_RANKING,,,NOT_APPLICABLE_GLOBAL_BASELINE,HF9g-P5,,,,X 全窗基线 · 不参与实体赏罚,14191313,1420,A168_HF9F_20260827_0900,2026-08-27 09:00:00
2026-04-19,128173484,2127,0,5.2351909536,-5.2351909536,-5.2351909536,0E-7,1,1,0.50665070000000000,0.506650700000,-1.013391052207602,-1.013391052207602,-1.013391052207602,0E-17,ELIGIBLE,R03b_20260811_FULL_v1,L1_ELIGIBILITY,v2026-08-11,2026-03-21..2026-08-06,baccarat_bet02_101_all_pairs_incl_sentinel,round_win = game_pnl > 0 (decisive only),COMPATIBILITY_ONLY_NOT_PRODUCTION,127205.3315,115172.8122,6635.2036,4257,2852,-0.05216136,-0.11437665,-0.04113429,-0.05216136,-6635.2036,127205.3315,OK,0.0000,265.4081,4.0000,96.0000,AG03-UNRESOLVED,ALL5_LEVELS_bet23_to_bet27,265.4081,265.4081,265.4081,331.7602,331.7602,4.000000,4.000000,4.000000,5.000000,5.000000,96.000000,96.000000,96.000000,95.000000,95.000000,5.0,1459.7448,1337.1644,5175.4588,5298.0391,PENDING_AG03,FALSE,NOT_FOR_ENFORCEMENT,6369.7955,110565.8997,6635.2036,6369.7955,265.4081,0.05216136,0.05007491,265.4081,6369.7955,0.05007491,265.4081,265.4081,265.4081,331.7602,331.7602,6369.7955,0.05007491,1459.7448,1337.1644,5175.4588,5298.0391,0.04068586,0.04164951,0.00208645,29.8814,40.3832,2.3265,127.6001,7.3643,2446.2564,54.8462,43.4275,28.3160,5.1431,12.8578,28.9875,66.8604,128.5777,263.3173,7.8995,-2.6176,10.0,20.479237,2.324,28,180,56,8,0.15055597,0.05216136,0.11437665,0E-8,0.000000,0.905409,0.000000,-0.07324236,2026-03-22,2026-08-06,52,901,524,138,0.376812,1.533674,1.453326,0.501853,,,,,,,,GLOBAL_BASELINE_NO_ENTITY_RANKING,,,NOT_APPLICABLE_GLOBAL_BASELINE,HF9g-P5,,,,X 全窗基线 · 不参与实体赏罚,14191314,1420,A168_HF9F_20260827_0900,2026-08-27 09:00:00
2026-04-19,128173484,2153,0,9.6851032642,25.1289165772,25.1289165772,1.0000000,2,1,0.37301354324209339,0.300626750000,1.2964828606391152,1.5252488199758223,1.2964828606391152,0.07238679324209339,ELIGIBLE,R03b_20260811_FULL_v1,L1_ELIGIBILITY,v2026-08-11,2026-03-21..2026-08-06,baccarat_bet02_101_all_pairs_incl_sentinel,round_win = game_pnl > 0 (decisive only),COMPATIBILITY_ONLY_NOT_PRODUCTION,127205.3315,115172.8122,6635.2036,4257,2852,-0.05216136,-0.11437665,-0.04113429,-0.05216136,-6635.2036,127205.3315,OK,0.0000,265.4081,4.0000,96.0000,AG03-UNRESOLVED,ALL5_LEVELS_bet23_to_bet27,265.4081,265.4081,265.4081,331.7602,331.7602,4.000000,4.000000,4.000000,5.000000,5.000000,96.000000,96.000000,96.000000,95.000000,95.000000,5.0,1459.7448,1337.1644,5175.4588,5298.0391,PENDING_AG03,FALSE,NOT_FOR_ENFORCEMENT,6369.7955,110565.8997,6635.2036,6369.7955,265.4081,0.05216136,0.05007491,265.4081,6369.7955,0.05007491,265.4081,265.4081,265.4081,331.7602,331.7602,6369.7955,0.05007491,1459.7448,1337.1644,5175.4588,5298.0391,0.04068586,0.04164951,0.00208645,29.8814,40.3832,2.3265,127.6001,7.3643,2446.2564,54.8462,43.4275,28.3160,5.1431,12.8578,28.9875,66.8604,128.5777,263.3173,7.8995,-2.6176,10.0,20.479237,2.324,28,180,56,8,0.15055597,0.05216136,0.11437665,0E-8,0.000000,0.905409,0.000000,-0.07324236,2026-03-22,2026-08-06,52,901,524,138,0.376812,1.533674,1.453326,0.501853,,,,,,,,GLOBAL_BASELINE_NO_ENTITY_RANKING,,,NOT_APPLICABLE_GLOBAL_BASELINE,HF9g-P5,,,,X 全窗基线 · 不参与实体赏罚,14191315,1420,A168_HF9F_20260827_0900,2026-08-27 09:00:00
2026-04-19,128173484,2188,0,5.2351909536,-5.2351909536,-5.2351909536,0E-7,1,1,0.50665070000000000,0.506650700000,-1.013391052207602,-1.013391052207602,-1.013391052207602,0E-17,ELIGIBLE,R03b_20260811_FULL_v1,L1_ELIGIBILITY,v2026-08-11,2026-03-21..2026-08-06,baccarat_bet02_101_all_pairs_incl_sentinel,round_win = game_pnl > 0 (decisive only),COMPATIBILITY_ONLY_NOT_PRODUCTION,127205.3315,115172.8122,6635.2036,4257,2852,-0.05216136,-0.11437665,-0.04113429,-0.05216136,-6635.2036,127205.3315,OK,0.0000,265.4081,4.0000,96.0000,AG03-UNRESOLVED,ALL5_LEVELS_bet23_to_bet27,265.4081,265.4081,265.4081,331.7602,331.7602,4.000000,4.000000,4.000000,5.000000,5.000000,96.000000,96.000000,96.000000,95.000000,95.000000,5.0,1459.7448,1337.1644,5175.4588,5298.0391,PENDING_AG03,FALSE,NOT_FOR_ENFORCEMENT,6369.7955,110565.8997,6635.2036,6369.7955,265.4081,0.05216136,0.05007491,265.4081,6369.7955,0.05007491,265.4081,265.4081,265.4081,331.7602,331.7602,6369.7955,0.05007491,1459.7448,1337.1644,5175.4588,5298.0391,0.04068586,0.04164951,0.00208645,29.8814,40.3832,2.3265,127.6001,7.3643,2446.2564,54.8462,43.4275,28.3160,5.1431,12.8578,28.9875,66.8604,128.5777,263.3173,7.8995,-2.6176,10.0,20.479237,2.324,28,180,56,8,0.15055597,0.05216136,0.11437665,0E-8,0.000000,0.905409,0.000000,-0.07324236,2026-03-22,2026-08-06,52,901,524,138,0.376812,1.533674,1.453326,0.501853,,,,,,,,GLOBAL_BASELINE_NO_ENTITY_RANKING,,,NOT_APPLICABLE_GLOBAL_BASELINE,HF9g-P5,,,,X 全窗基线 · 不参与实体赏罚,14191316,1420,A168_HF9F_20260827_0900,2026-08-27 09:00:00
2026-04-19,128173484,2202,0,419.3387953826,-75.5176295056,-75.5176295056,0.6363636,15,13,0.49944479121556937,0.471345615385,0.9082174320983831,1.0964076623303698,0.9082174320983831,0.02809917583056937,ELIGIBLE,R03b_20260811_FULL_v1,L1_ELIGIBILITY,v2026-08-11,2026-03-21..2026-08-06,baccarat_bet02_101_all_pairs_incl_sentinel,round_win = game_pnl > 0 (decisive only),COMPATIBILITY_ONLY_NOT_PRODUCTION,127205.3315,115172.8122,6635.2036,4257,2852,-0.05216136,-0.11437665,-0.04113429,-0.05216136,-6635.2036,127205.3315,OK,0.0000,265.4081,4.0000,96.0000,AG03-UNRESOLVED,ALL5_LEVELS_bet23_to_bet27,265.4081,265.4081,265.4081,331.7602,331.7602,4.000000,4.000000,4.000000,5.000000,5.000000,96.000000,96.000000,96.000000,95.000000,95.000000,5.0,1459.7448,1337.1644,5175.4588,5298.0391,PENDING_AG03,FALSE,NOT_FOR_ENFORCEMENT,6369.7955,110565.8997,6635.2036,6369.7955,265.4081,0.05216136,0.05007491,265.4081,6369.7955,0.05007491,265.4081,265.4081,265.4081,331.7602,331.7602,6369.7955,0.05007491,1459.7448,1337.1644,5175.4588,5298.0391,0.04068586,0.04164951,0.00208645,29.8814,40.3832,2.3265,127.6001,7.3643,2446.2564,54.8462,43.4275,28.3160,5.1431,12.8578,28.9875,66.8604,128.5777,263.3173,7.8995,-2.6176,10.0,20.479237,2.324,28,180,56,8,0.15055597,0.05216136,0.11437665,0E-8,0.000000,0.905409,0.000000,-0.07324236,2026-03-22,2026-08-06,52,901,524,138,0.376812,1.533674,1.453326,0.501853,,,,,,,,GLOBAL_BASELINE_NO_ENTITY_RANKING,,,NOT_APPLICABLE_GLOBAL_BASELINE,HF9g-P5,,,,X 全窗基线 · 不参与实体赏罚,14191317,1420,A168_HF9F_20260827_0900,2026-08-27 09:00:00
2026-04-19,128173484,2229,0,5.2351909536,-5.2351909536,-5.2351909536,0E-7,1,1,0.49324550000000000,0.493245500000,-0.9865810262130424,-0.9865810262130424,-0.9865810262130424,0E-17,ELIGIBLE,R03b_20260811_FULL_v1,L1_ELIGIBILITY,v2026-08-11,2026-03-21..2026-08-06,baccarat_bet02_101_all_pairs_incl_sentinel,round_win = game_pnl > 0 (decisive only),COMPATIBILITY_ONLY_NOT_PRODUCTION,127205.3315,115172.8122,6635.2036,4257,2852,-0.05216136,-0.11437665,-0.04113429,-0.05216136,-6635.2036,127205.3315,OK,0.0000,265.4081,4.0000,96.0000,AG03-UNRESOLVED,ALL5_LEVELS_bet23_to_bet27,265.4081,265.4081,265.4081,331.7602,331.7602,4.000000,4.000000,4.000000,5.000000,5.000000,96.000000,96.000000,96.000000,95.000000,95.000000,5.0,1459.7448,1337.1644,5175.4588,5298.0391,PENDING_AG03,FALSE,NOT_FOR_ENFORCEMENT,6369.7955,110565.8997,6635.2036,6369.7955,265.4081,0.05216136,0.05007491,265.4081,6369.7955,0.05007491,265.4081,265.4081,265.4081,331.7602,331.7602,6369.7955,0.05007491,1459.7448,1337.1644,5175.4588,5298.0391,0.04068586,0.04164951,0.00208645,29.8814,40.3832,2.3265,127.6001,7.3643,2446.2564,54.8462,43.4275,28.3160,5.1431,12.8578,28.9875,66.8604,128.5777,263.3173,7.8995,-2.6176,10.0,20.479237,2.324,28,180,56,8,0.15055597,0.05216136,0.11437665,0E-8,0.000000,0.905409,0.000000,-0.07324236,2026-03-22,2026-08-06,52,901,524,138,0.376812,1.533674,1.453326,0.501853,,,,,,,,GLOBAL_BASELINE_NO_ENTITY_RANKING,,,NOT_APPLICABLE_GLOBAL_BASELINE,HF9g-P5,,,,X 全窗基线 · 不参与实体赏罚,14191318,1420,A168_HF9F_20260827_0900,2026-08-27 09:00:00
2026-04-19,128173484,2246,0,7.8527864304,-7.8527864304,-7.8527864304,0E-7,2,1,0.36930140000000000,0.300626750000,-0.765208073563708,-0.655630731788307,-0.765208073563708,0.06867465000000000,ELIGIBLE,R03b_20260811_FULL_v1,L1_ELIGIBILITY,v2026-08-11,2026-03-21..2026-08-06,baccarat_bet02_101_all_pairs_incl_sentinel,round_win = game_pnl > 0 (decisive only),COMPATIBILITY_ONLY_NOT_PRODUCTION,127205.3315,115172.8122,6635.2036,4257,2852,-0.05216136,-0.11437665,-0.04113429,-0.05216136,-6635.2036,127205.3315,OK,0.0000,265.4081,4.0000,96.0000,AG03-UNRESOLVED,ALL5_LEVELS_bet23_to_bet27,265.4081,265.4081,265.4081,331.7602,331.7602,4.000000,4.000000,4.000000,5.000000,5.000000,96.000000,96.000000,96.000000,95.000000,95.000000,5.0,1459.7448,1337.1644,5175.4588,5298.0391,PENDING_AG03,FALSE,NOT_FOR_ENFORCEMENT,6369.7955,110565.8997,6635.2036,6369.7955,265.4081,0.05216136,0.05007491,265.4081,6369.7955,0.05007491,265.4081,265.4081,265.4081,331.7602,331.7602,6369.7955,0.05007491,1459.7448,1337.1644,5175.4588,5298.0391,0.04068586,0.04164951,0.00208645,29.8814,40.3832,2.3265,127.6001,7.3643,2446.2564,54.8462,43.4275,28.3160,5.1431,12.8578,28.9875,66.8604,128.5777,263.3173,7.8995,-2.6176,10.0,20.479237,2.324,28,180,56,8,0.15055597,0.05216136,0.11437665,0E-8,0.000000,0.905409,0.000000,-0.07324236,2026-03-22,2026-08-06,52,901,524,138,0.376812,1.533674,1.453326,0.501853,,,,,,,,GLOBAL_BASELINE_NO_ENTITY_RANKING,,,NOT_APPLICABLE_GLOBAL_BASELINE,HF9g-P5,,,,X 全窗基线 · 不参与实体赏罚,14191319,1420,A168_HF9F_20260827_0900,2026-08-27 09:00:00
2026-04-19,128173484,2252,0,124.5975446954,116.0249195089,116.0249195089,1.0000000,4,3,0.48608725555551854,0.427954033333,1.7809355532251336,2.002523076086726,1.7809355532251336,0.05813322222251854,ELIGIBLE,R03b_20260811_FULL_v1,L1_ELIGIBILITY,v2026-08-11,2026-03-21..2026-08-06,baccarat_bet02_101_all_pairs_incl_sentinel,round_win = game_pnl > 0 (decisive only),COMPATIBILITY_ONLY_NOT_PRODUCTION,127205.3315,115172.8122,6635.2036,4257,2852,-0.05216136,-0.11437665,-0.04113429,-0.05216136,-6635.2036,127205.3315,OK,0.0000,265.4081,4.0000,96.0000,AG03-UNRESOLVED,ALL5_LEVELS_bet23_to_bet27,265.4081,265.4081,265.4081,331.7602,331.7602,4.000000,4.000000,4.000000,5.000000,5.000000,96.000000,96.000000,96.000000,95.000000,95.000000,5.0,1459.7448,1337.1644,5175.4588,5298.0391,PENDING_AG03,FALSE,NOT_FOR_ENFORCEMENT,6369.7955,110565.8997,6635.2036,6369.7955,265.4081,0.05216136,0.05007491,265.4081,6369.7955,0.05007491,265.4081,265.4081,265.4081,331.7602,331.7602,6369.7955,0.05007491,1459.7448,1337.1644,5175.4588,5298.0391,0.04068586,0.04164951,0.00208645,29.8814,40.3832,2.3265,127.6001,7.3643,2446.2564,54.8462,43.4275,28.3160,5.1431,12.8578,28.9875,66.8604,128.5777,263.3173,7.8995,-2.6176,10.0,20.479237,2.324,28,180,56,8,0.15055597,0.05216136,0.11437665,0E-8,0.000000,0.905409,0.000000,-0.07324236,2026-03-22,2026-08-06,52,901,524,138,0.376812,1.533674,1.453326,0.501853,,,,,,,,GLOBAL_BASELINE_NO_ENTITY_RANKING,,,NOT_APPLICABLE_GLOBAL_BASELINE,HF9g-P5,,,,X 全窗基线 · 不参与实体赏罚,14191320,1420,A168_HF9F_20260827_0900,2026-08-27 09:00:00
2026-04-19,128173484,763,0,5.2351909536,-5.2351909536,-5.2351909536,0E-7,1,1,0.50665070000000000,0.506650700000,-1.013391052207602,-1.013391052207602,-1.013391052207602,0E-17,ELIGIBLE,R03b_20260811_FULL_v1,L1_ELIGIBILITY,v2026-08-11,2026-03-21..2026-08-06,baccarat_bet02_101_all_pairs_incl_sentinel,round_win = game_pnl > 0 (decisive only),COMPATIBILITY_ONLY_NOT_PRODUCTION,127205.3315,115172.8122,6635.2036,4257,2852,-0.05216136,-0.11437665,-0.04113429,-0.05216136,-6635.2036,127205.3315,OK,0.0000,265.4081,4.0000,96.0000,AG03-UNRESOLVED,ALL5_LEVELS_bet23_to_bet27,265.4081,265.4081,265.4081,331.7602,331.7602,4.000000,4.000000,4.000000,5.000000,5.000000,96.000000,96.000000,96.000000,95.000000,95.000000,5.0,1459.7448,1337.1644,5175.4588,5298.0391,PENDING_AG03,FALSE,NOT_FOR_ENFORCEMENT,6369.7955,110565.8997,6635.2036,6369.7955,265.4081,0.05216136,0.05007491,265.4081,6369.7955,0.05007491,265.4081,265.4081,265.4081,331.7602,331.7602,6369.7955,0.05007491,1459.7448,1337.1644,5175.4588,5298.0391,0.04068586,0.04164951,0.00208645,29.8814,40.3832,2.3265,127.6001,7.3643,2446.2564,54.8462,43.4275,28.3160,5.1431,12.8578,28.9875,66.8604,128.5777,263.3173,7.8995,-2.6176,10.0,20.479237,2.324,28,180,56,8,0.15055597,0.05216136,0.11437665,0E-8,0.000000,0.905409,0.000000,-0.07324236,2026-03-22,2026-08-06,52,901,524,138,0.376812,1.533674,1.453326,0.501853,,,,,,,,GLOBAL_BASELINE_NO_ENTITY_RANKING,,,NOT_APPLICABLE_GLOBAL_BASELINE,HF9g-P5,,,,X 全窗基线 · 不参与实体赏罚,14191321,1420,A168_HF9F_20260827_0900,2026-08-27 09:00:00
2026-04-19,128173484,925,0,10.4703819072,-10.4703819072,-10.4703819072,0E-7,2,1,0.39358482500000000,0.293924150000,-0.8056272404023801,-0.6451964315166089,-0.8056272404023801,0.09966067500000000,ELIGIBLE,R03b_20260811_FULL_v1,L1_ELIGIBILITY,v2026-08-11,2026-03-21..2026-08-06,baccarat_bet02_101_all_pairs_incl_sentinel,round_win = game_pnl > 0 (decisive only),COMPATIBILITY_ONLY_NOT_PRODUCTION,127205.3315,115172.8122,6635.2036,4257,2852,-0.05216136,-0.11437665,-0.04113429,-0.05216136,-6635.2036,127205.3315,OK,0.0000,265.4081,4.0000,96.0000,AG03-UNRESOLVED,ALL5_LEVELS_bet23_to_bet27,265.4081,265.4081,265.4081,331.7602,331.7602,4.000000,4.000000,4.000000,5.000000,5.000000,96.000000,96.000000,96.000000,95.000000,95.000000,5.0,1459.7448,1337.1644,5175.4588,5298.0391,PENDING_AG03,FALSE,NOT_FOR_ENFORCEMENT,6369.7955,110565.8997,6635.2036,6369.7955,265.4081,0.05216136,0.05007491,265.4081,6369.7955,0.05007491,265.4081,265.4081,265.4081,331.7602,331.7602,6369.7955,0.05007491,1459.7448,1337.1644,5175.4588,5298.0391,0.04068586,0.04164951,0.00208645,29.8814,40.3832,2.3265,127.6001,7.3643,2446.2564,54.8462,43.4275,28.3160,5.1431,12.8578,28.9875,66.8604,128.5777,263.3173,7.8995,-2.6176,10.0,20.479237,2.324,28,180,56,8,0.15055597,0.05216136,0.11437665,0E-8,0.000000,0.905409,0.000000,-0.07324236,2026-03-22,2026-08-06,52,901,524,138,0.376812,1.533674,1.453326,0.501853,,,,,,,,GLOBAL_BASELINE_NO_ENTITY_RANKING,,,NOT_APPLICABLE_GLOBAL_BASELINE,HF9g-P5,,,,X 全窗基线 · 不参与实体赏罚,14191322,1420,A168_HF9F_20260827_0900,2026-08-27 09:00:00
2026-04-19,128173484,994,0,406.5125775463,-1.9631966077,-1.9631966077,0.3750000,13,8,0.48239339866693284,0.364528356250,-0.6078858004880935,0.06153838658793447,-0.6078858004880935,0.11786504241693284,ELIGIBLE,R03b_20260811_FULL_v1,L1_ELIGIBILITY,v2026-08-11,2026-03-21..2026-08-06,baccarat_bet02_101_all_pairs_incl_sentinel,round_win = game_pnl > 0 (decisive only),COMPATIBILITY_ONLY_NOT_PRODUCTION,127205.3315,115172.8122,6635.2036,4257,2852,-0.05216136,-0.11437665,-0.04113429,-0.05216136,-6635.2036,127205.3315,OK,0.0000,265.4081,4.0000,96.0000,AG03-UNRESOLVED,ALL5_LEVELS_bet23_to_bet27,265.4081,265.4081,265.4081,331.7602,331.7602,4.000000,4.000000,4.000000,5.000000,5.000000,96.000000,96.000000,96.000000,95.000000,95.000000,5.0,1459.7448,1337.1644,5175.4588,5298.0391,PENDING_AG03,FALSE,NOT_FOR_ENFORCEMENT,6369.7955,110565.8997,6635.2036,6369.7955,265.4081,0.05216136,0.05007491,265.4081,6369.7955,0.05007491,265.4081,265.4081,265.4081,331.7602,331.7602,6369.7955,0.05007491,1459.7448,1337.1644,5175.4588,5298.0391,0.04068586,0.04164951,0.00208645,29.8814,40.3832,2.3265,127.6001,7.3643,2446.2564,54.8462,43.4275,28.3160,5.1431,12.8578,28.9875,66.8604,128.5777,263.3173,7.8995,-2.6176,10.0,20.479237,2.324,28,180,56,8,0.15055597,0.05216136,0.11437665,0E-8,0.000000,0.905409,0.000000,-0.07324236,2026-03-22,2026-08-06,52,901,524,138,0.376812,1.533674,1.453326,0.501853,,,,,,,,GLOBAL_BASELINE_NO_ENTITY_RANKING,,,NOT_APPLICABLE_GLOBAL_BASELINE,HF9g-P5,,,,X 全窗基线 · 不参与实体赏罚,14191323,1420,A168_HF9F_20260827_0900,2026-08-27 09:00:00
2026-04-20,128173484,2196,0,47.1167185823,-15.7055728607,-15.7055728607,0.5000000,2,2,0.49324550000000000,0.493245500000,0.01910635448239258,0.01910635448239258,0.01910635448239258,0E-17,ELIGIBLE,R03b_20260811_FULL_v1,L1_ELIGIBILITY,v2026-08-11,2026-03-21..2026-08-06,baccarat_bet02_101_all_pairs_incl_sentinel,round_win = game_pnl > 0 (decisive only),COMPATIBILITY_ONLY_NOT_PRODUCTION,127205.3315,115172.8122,6635.2036,4257,2852,-0.05216136,-0.11437665,-0.04113429,-0.05216136,-6635.2036,127205.3315,OK,0.0000,265.4081,4.0000,96.0000,AG03-UNRESOLVED,ALL5_LEVELS_bet23_to_bet27,265.4081,265.4081,265.4081,331.7602,331.7602,4.000000,4.000000,4.000000,5.000000,5.000000,96.000000,96.000000,96.000000,95.000000,95.000000,5.0,1459.7448,1337.1644,5175.4588,5298.0391,PENDING_AG03,FALSE,NOT_FOR_ENFORCEMENT,6369.7955,110565.8997,6635.2036,6369.7955,265.4081,0.05216136,0.05007491,265.4081,6369.7955,0.05007491,265.4081,265.4081,265.4081,331.7602,331.7602,6369.7955,0.05007491,1459.7448,1337.1644,5175.4588,5298.0391,0.04068586,0.04164951,0.00208645,29.8814,40.3832,2.3265,127.6001,7.3643,2446.2564,54.8462,43.4275,28.3160,5.1431,12.8578,28.9875,66.8604,128.5777,263.3173,7.8995,-2.6176,10.0,20.479237,2.324,28,180,56,8,0.15055597,0.05216136,0.11437665,0E-8,0.000000,0.905409,0.000000,-0.07324236,2026-03-22,2026-08-06,52,901,524,138,0.376812,1.533674,1.453326,0.501853,,,,,,,,GLOBAL_BASELINE_NO_ENTITY_RANKING,,,NOT_APPLICABLE_GLOBAL_BASELINE,HF9g-P5,,,,X 全窗基线 · 不参与实体赏罚,14191324,1420,A168_HF9F_20260827_0900,2026-08-27 09:00:00
2026-04-21,128173484,1017,0,5.2351909536,4.9734314059,4.9734314059,1.0000000,1,1,0.50665070000000000,0.506650700000,0.9867858985152569,0.9867858985152569,0.9867858985152569,0E-17,ELIGIBLE,R03b_20260811_FULL_v1,L1_ELIGIBILITY,v2026-08-11,2026-03-21..2026-08-06,baccarat_bet02_101_all_pairs_incl_sentinel,round_win = game_pnl > 0 (decisive only),COMPATIBILITY_ONLY_NOT_PRODUCTION,127205.3315,115172.8122,6635.2036,4257,2852,-0.05216136,-0.11437665,-0.04113429,-0.05216136,-6635.2036,127205.3315,OK,0.0000,265.4081,4.0000,96.0000,AG03-UNRESOLVED,ALL5_LEVELS_bet23_to_bet27,265.4081,265.4081,265.4081,331.7602,331.7602,4.000000,4.000000,4.000000,5.000000,5.000000,96.000000,96.000000,96.000000,95.000000,95.000000,5.0,1459.7448,1337.1644,5175.4588,5298.0391,PENDING_AG03,FALSE,NOT_FOR_ENFORCEMENT,6369.7955,110565.8997,6635.2036,6369.7955,265.4081,0.05216136,0.05007491,265.4081,6369.7955,0.05007491,265.4081,265.4081,265.4081,331.7602,331.7602,6369.7955,0.05007491,1459.7448,1337.1644,5175.4588,5298.0391,0.04068586,0.04164951,0.00208645,29.8814,40.3832,2.3265,127.6001,7.3643,2446.2564,54.8462,43.4275,28.3160,5.1431,12.8578,28.9875,66.8604,128.5777,263.3173,7.8995,-2.6176,10.0,20.479237,2.324,28,180,56,8,0.15055597,0.05216136,0.11437665,0E-8,0.000000,0.905409,0.000000,-0.07324236,2026-03-22,2026-08-06,52,901,524,138,0.376812,1.533674,1.453326,0.501853,,,,,,,,GLOBAL_BASELINE_NO_ENTITY_RANKING,,,NOT_APPLICABLE_GLOBAL_BASELINE,HF9g-P5,,,,X 全窗基线 · 不参与实体赏罚,14191325,1420,A168_HF9F_20260827_0900,2026-08-27 09:00:00
2026-04-21,128173484,1384,0,10.4703819072,20.9407638144,20.9407638144,1.0000000,2,1,0.40363872500000000,0.300626750000,1.215509351572844,1.5252488199758223,1.215509351572844,0.10301197500000000,ELIGIBLE,R03b_20260811_FULL_v1,L1_ELIGIBILITY,v2026-08-11,2026-03-21..2026-08-06,baccarat_bet02_101_all_pairs_incl_sentinel,round_win = game_pnl > 0 (decisive only),COMPATIBILITY_ONLY_NOT_PRODUCTION,127205.3315,115172.8122,6635.2036,4257,2852,-0.05216136,-0.11437665,-0.04113429,-0.05216136,-6635.2036,127205.3315,OK,0.0000,265.4081,4.0000,96.0000,AG03-UNRESOLVED,ALL5_LEVELS_bet23_to_bet27,265.4081,265.4081,265.4081,331.7602,331.7602,4.000000,4.000000,4.000000,5.000000,5.000000,96.000000,96.000000,96.000000,95.000000,95.000000,5.0,1459.7448,1337.1644,5175.4588,5298.0391,PENDING_AG03,FALSE,NOT_FOR_ENFORCEMENT,6369.7955,110565.8997,6635.2036,6369.7955,265.4081,0.05216136,0.05007491,265.4081,6369.7955,0.05007491,265.4081,265.4081,265.4081,331.7602,331.7602,6369.7955,0.05007491,1459.7448,1337.1644,5175.4588,5298.0391,0.04068586,0.04164951,0.00208645,29.8814,40.3832,2.3265,127.6001,7.3643,2446.2564,54.8462,43.4275,28.3160,5.1431,12.8578,28.9875,66.8604,128.5777,263.3173,7.8995,-2.6176,10.0,20.479237,2.324,28,180,56,8,0.15055597,0.05216136,0.11437665,0E-8,0.000000,0.905409,0.000000,-0.07324236,2026-03-22,2026-08-06,52,901,524,138,0.376812,1.533674,1.453326,0.501853,,,,,,,,GLOBAL_BASELINE_NO_ENTITY_RANKING,,,NOT_APPLICABLE_GLOBAL_BASELINE,HF9g-P5,,,,X 全窗基线 · 不参与实体赏罚,14191326,1420,A168_HF9F_20260827_0900,2026-08-27 09:00:00
2026-04-21,128173484,2103,0,67.7957228490,67.7957228490,67.7957228490,1.0000000,2,2,0.49324550000000000,0.493245500000,1.4334489766152358,1.4334489766152358,1.4334489766152358,0E-17,ELIGIBLE,R03b_20260811_FULL_v1,L1_ELIGIBILITY,v2026-08-11,2026-03-21..2026-08-06,baccarat_bet02_101_all_pairs_incl_sentinel,round_win = game_pnl > 0 (decisive only),COMPATIBILITY_ONLY_NOT_PRODUCTION,127205.3315,115172.8122,6635.2036,4257,2852,-0.05216136,-0.11437665,-0.04113429,-0.05216136,-6635.2036,127205.3315,OK,0.0000,265.4081,4.0000,96.0000,AG03-UNRESOLVED,ALL5_LEVELS_bet23_to_bet27,265.4081,265.4081,265.4081,331.7602,331.7602,4.000000,4.000000,4.000000,5.000000,5.000000,96.000000,96.000000,96.000000,95.000000,95.000000,5.0,1459.7448,1337.1644,5175.4588,5298.0391,PENDING_AG03,FALSE,NOT_FOR_ENFORCEMENT,6369.7955,110565.8997,6635.2036,6369.7955,265.4081,0.05216136,0.05007491,265.4081,6369.7955,0.05007491,265.4081,265.4081,265.4081,331.7602,331.7602,6369.7955,0.05007491,1459.7448,1337.1644,5175.4588,5298.0391,0.04068586,0.04164951,0.00208645,29.8814,40.3832,2.3265,127.6001,7.3643,2446.2564,54.8462,43.4275,28.3160,5.1431,12.8578,28.9875,66.8604,128.5777,263.3173,7.8995,-2.6176,10.0,20.479237,2.324,28,180,56,8,0.15055597,0.05216136,0.11437665,0E-8,0.000000,0.905409,0.000000,-0.07324236,2026-03-22,2026-08-06,52,901,524,138,0.376812,1.533674,1.453326,0.501853,,,,,,,,GLOBAL_BASELINE_NO_ENTITY_RANKING,,,NOT_APPLICABLE_GLOBAL_BASELINE,HF9g-P5,,,,X 全窗基线 · 不参与实体赏罚,14191327,1420,A168_HF9F_20260827_0900,2026-08-27 09:00:00
2026-04-21,128173484,2127,0,18.3231683376,18.3231683376,18.3231683376,1.0000000,1,1,0.49324550000000000,0.493245500000,1.01360149184955,1.01360149184955,1.01360149184955,0E-17,ELIGIBLE,R03b_20260811_FULL_v1,L1_ELIGIBILITY,v2026-08-11,2026-03-21..2026-08-06,baccarat_bet02_101_all_pairs_incl_sentinel,round_win = game_pnl > 0 (decisive only),COMPATIBILITY_ONLY_NOT_PRODUCTION,127205.3315,115172.8122,6635.2036,4257,2852,-0.05216136,-0.11437665,-0.04113429,-0.05216136,-6635.2036,127205.3315,OK,0.0000,265.4081,4.0000,96.0000,AG03-UNRESOLVED,ALL5_LEVELS_bet23_to_bet27,265.4081,265.4081,265.4081,331.7602,331.7602,4.000000,4.000000,4.000000,5.000000,5.000000,96.000000,96.000000,96.000000,95.000000,95.000000,5.0,1459.7448,1337.1644,5175.4588,5298.0391,PENDING_AG03,FALSE,NOT_FOR_ENFORCEMENT,6369.7955,110565.8997,6635.2036,6369.7955,265.4081,0.05216136,0.05007491,265.4081,6369.7955,0.05007491,265.4081,265.4081,265.4081,331.7602,331.7602,6369.7955,0.05007491,1459.7448,1337.1644,5175.4588,5298.0391,0.04068586,0.04164951,0.00208645,29.8814,40.3832,2.3265,127.6001,7.3643,2446.2564,54.8462,43.4275,28.3160,5.1431,12.8578,28.9875,66.8604,128.5777,263.3173,7.8995,-2.6176,10.0,20.479237,2.324,28,180,56,8,0.15055597,0.05216136,0.11437665,0E-8,0.000000,0.905409,0.000000,-0.07324236,2026-03-22,2026-08-06,52,901,524,138,0.376812,1.533674,1.453326,0.501853,,,,,,,,GLOBAL_BASELINE_NO_ENTITY_RANKING,,,NOT_APPLICABLE_GLOBAL_BASELINE,HF9g-P5,,,,X 全窗基线 · 不参与实体赏罚,14191328,1420,A168_HF9F_20260827_0900,2026-08-27 09:00:00
2026-04-21,128173484,2156,0,6.2822291443,-6.2822291443,-6.2822291443,0E-7,2,2,0.49994810000000000,0.499948100000,-1.4140667746232096,-1.4140667746232096,-1.4140667746232096,0E-17,ELIGIBLE,R03b_20260811_FULL_v1,L1_ELIGIBILITY,v2026-08-11,2026-03-21..2026-08-06,baccarat_bet02_101_all_pairs_incl_sentinel,round_win = game_pnl > 0 (decisive only),COMPATIBILITY_ONLY_NOT_PRODUCTION,127205.3315,115172.8122,6635.2036,4257,2852,-0.05216136,-0.11437665,-0.04113429,-0.05216136,-6635.2036,127205.3315,OK,0.0000,265.4081,4.0000,96.0000,AG03-UNRESOLVED,ALL5_LEVELS_bet23_to_bet27,265.4081,265.4081,265.4081,331.7602,331.7602,4.000000,4.000000,4.000000,5.000000,5.000000,96.000000,96.000000,96.000000,95.000000,95.000000,5.0,1459.7448,1337.1644,5175.4588,5298.0391,PENDING_AG03,FALSE,NOT_FOR_ENFORCEMENT,6369.7955,110565.8997,6635.2036,6369.7955,265.4081,0.05216136,0.05007491,265.4081,6369.7955,0.05007491,265.4081,265.4081,265.4081,331.7602,331.7602,6369.7955,0.05007491,1459.7448,1337.1644,5175.4588,5298.0391,0.04068586,0.04164951,0.00208645,29.8814,40.3832,2.3265,127.6001,7.3643,2446.2564,54.8462,43.4275,28.3160,5.1431,12.8578,28.9875,66.8604,128.5777,263.3173,7.8995,-2.6176,10.0,20.479237,2.324,28,180,56,8,0.15055597,0.05216136,0.11437665,0E-8,0.000000,0.905409,0.000000,-0.07324236,2026-03-22,2026-08-06,52,901,524,138,0.376812,1.533674,1.453326,0.501853,,,,,,,,GLOBAL_BASELINE_NO_ENTITY_RANKING,,,NOT_APPLICABLE_GLOBAL_BASELINE,HF9g-P5,,,,X 全窗基线 · 不参与实体赏罚,14191329,1420,A168_HF9F_20260827_0900,2026-08-27 09:00:00
2026-04-21,128173484,2174,0,444.7294715075,-232.8351176609,-232.8351176609,0.2500000,8,8,0.49994810000000000,0.499948100000,-1.4139199792546444,-1.4139199792546444,-1.4139199792546444,0E-17,ELIGIBLE,R03b_20260811_FULL_v1,L1_ELIGIBILITY,v2026-08-11,2026-03-21..2026-08-06,baccarat_bet02_101_all_pairs_incl_sentinel,round_win = game_pnl > 0 (decisive only),COMPATIBILITY_ONLY_NOT_PRODUCTION,127205.3315,115172.8122,6635.2036,4257,2852,-0.05216136,-0.11437665,-0.04113429,-0.05216136,-6635.2036,127205.3315,OK,0.0000,265.4081,4.0000,96.0000,AG03-UNRESOLVED,ALL5_LEVELS_bet23_to_bet27,265.4081,265.4081,265.4081,331.7602,331.7602,4.000000,4.000000,4.000000,5.000000,5.000000,96.000000,96.000000,96.000000,95.000000,95.000000,5.0,1459.7448,1337.1644,5175.4588,5298.0391,PENDING_AG03,FALSE,NOT_FOR_ENFORCEMENT,6369.7955,110565.8997,6635.2036,6369.7955,265.4081,0.05216136,0.05007491,265.4081,6369.7955,0.05007491,265.4081,265.4081,265.4081,331.7602,331.7602,6369.7955,0.05007491,1459.7448,1337.1644,5175.4588,5298.0391,0.04068586,0.04164951,0.00208645,29.8814,40.3832,2.3265,127.6001,7.3643,2446.2564,54.8462,43.4275,28.3160,5.1431,12.8578,28.9875,66.8604,128.5777,263.3173,7.8995,-2.6176,10.0,20.479237,2.324,28,180,56,8,0.15055597,0.05216136,0.11437665,0E-8,0.000000,0.905409,0.000000,-0.07324236,2026-03-22,2026-08-06,52,901,524,138,0.376812,1.533674,1.453326,0.501853,,,,,,,,GLOBAL_BASELINE_NO_ENTITY_RANKING,,,NOT_APPLICABLE_GLOBAL_BASELINE,HF9g-P5,,,,X 全窗基线 · 不参与实体赏罚,14191330,1420,A168_HF9F_20260827_0900,2026-08-27 09:00:00
2026-04-21,128173484,2175,0,13.0879773840,12.4335785148,12.4335785148,1.0000000,1,1,0.50665070000000000,0.506650700000,0.9867858985152569,0.9867858985152569,0.9867858985152569,0E-17,ELIGIBLE,R03b_20260811_FULL_v1,L1_ELIGIBILITY,v2026-08-11,2026-03-21..2026-08-06,baccarat_bet02_101_all_pairs_incl_sentinel,round_win = game_pnl > 0 (decisive only),COMPATIBILITY_ONLY_NOT_PRODUCTION,127205.3315,115172.8122,6635.2036,4257,2852,-0.05216136,-0.11437665,-0.04113429,-0.05216136,-6635.2036,127205.3315,OK,0.0000,265.4081,4.0000,96.0000,AG03-UNRESOLVED,ALL5_LEVELS_bet23_to_bet27,265.4081,265.4081,265.4081,331.7602,331.7602,4.000000,4.000000,4.000000,5.000000,5.000000,96.000000,96.000000,96.000000,95.000000,95.000000,5.0,1459.7448,1337.1644,5175.4588,5298.0391,PENDING_AG03,FALSE,NOT_FOR_ENFORCEMENT,6369.7955,110565.8997,6635.2036,6369.7955,265.4081,0.05216136,0.05007491,265.4081,6369.7955,0.05007491,265.4081,265.4081,265.4081,331.7602,331.7602,6369.7955,0.05007491,1459.7448,1337.1644,5175.4588,5298.0391,0.04068586,0.04164951,0.00208645,29.8814,40.3832,2.3265,127.6001,7.3643,2446.2564,54.8462,43.4275,28.3160,5.1431,12.8578,28.9875,66.8604,128.5777,263.3173,7.8995,-2.6176,10.0,20.479237,2.324,28,180,56,8,0.15055597,0.05216136,0.11437665,0E-8,0.000000,0.905409,0.000000,-0.07324236,2026-03-22,2026-08-06,52,901,524,138,0.376812,1.533674,1.453326,0.501853,,,,,,,,GLOBAL_BASELINE_NO_ENTITY_RANKING,,,NOT_APPLICABLE_GLOBAL_BASELINE,HF9g-P5,,,,X 全窗基线 · 不参与实体赏罚,14191331,1420,A168_HF9F_20260827_0900,2026-08-27 09:00:00
2026-04-21,128173484,2177,0,6.5439886920,-6.5439886920,-6.5439886920,0E-7,2,1,0.34183154000000000,0.300626750000,-0.7206718067376884,-0.655630731788307,-0.7206718067376884,0.04120479000000000,ELIGIBLE,R03b_20260811_FULL_v1,L1_ELIGIBILITY,v2026-08-11,2026-03-21..2026-08-06,baccarat_bet02_101_all_pairs_incl_sentinel,round_win = game_pnl > 0 (decisive only),COMPATIBILITY_ONLY_NOT_PRODUCTION,127205.3315,115172.8122,6635.2036,4257,2852,-0.05216136,-0.11437665,-0.04113429,-0.05216136,-6635.2036,127205.3315,OK,0.0000,265.4081,4.0000,96.0000,AG03-UNRESOLVED,ALL5_LEVELS_bet23_to_bet27,265.4081,265.4081,265.4081,331.7602,331.7602,4.000000,4.000000,4.000000,5.000000,5.000000,96.000000,96.000000,96.000000,95.000000,95.000000,5.0,1459.7448,1337.1644,5175.4588,5298.0391,PENDING_AG03,FALSE,NOT_FOR_ENFORCEMENT,6369.7955,110565.8997,6635.2036,6369.7955,265.4081,0.05216136,0.05007491,265.4081,6369.7955,0.05007491,265.4081,265.4081,265.4081,331.7602,331.7602,6369.7955,0.05007491,1459.7448,1337.1644,5175.4588,5298.0391,0.04068586,0.04164951,0.00208645,29.8814,40.3832,2.3265,127.6001,7.3643,2446.2564,54.8462,43.4275,28.3160,5.1431,12.8578,28.9875,66.8604,128.5777,263.3173,7.8995,-2.6176,10.0,20.479237,2.324,28,180,56,8,0.15055597,0.05216136,0.11437665,0E-8,0.000000,0.905409,0.000000,-0.07324236,2026-03-22,2026-08-06,52,901,524,138,0.376812,1.533674,1.453326,0.501853,,,,,,,,GLOBAL_BASELINE_NO_ENTITY_RANKING,,,NOT_APPLICABLE_GLOBAL_BASELINE,HF9g-P5,,,,X 全窗基线 · 不参与实体赏罚,14191332,1420,A168_HF9F_20260827_0900,2026-08-27 09:00:00
2026-04-21,128173484,2254,0,11.5174200979,-11.5174200979,-11.5174200979,0E-7,2,1,0.38452476363479036,0.293924150000,-0.7904180787446893,-0.6451964315166089,-0.7904180787446893,0.09060061363479036,ELIGIBLE,R03b_20260811_FULL_v1,L1_ELIGIBILITY,v2026-08-11,2026-03-21..2026-08-06,baccarat_bet02_101_all_pairs_incl_sentinel,round_win = game_pnl > 0 (decisive only),COMPATIBILITY_ONLY_NOT_PRODUCTION,127205.3315,115172.8122,6635.2036,4257,2852,-0.05216136,-0.11437665,-0.04113429,-0.05216136,-6635.2036,127205.3315,OK,0.0000,265.4081,4.0000,96.0000,AG03-UNRESOLVED,ALL5_LEVELS_bet23_to_bet27,265.4081,265.4081,265.4081,331.7602,331.7602,4.000000,4.000000,4.000000,5.000000,5.000000,96.000000,96.000000,96.000000,95.000000,95.000000,5.0,1459.7448,1337.1644,5175.4588,5298.0391,PENDING_AG03,FALSE,NOT_FOR_ENFORCEMENT,6369.7955,110565.8997,6635.2036,6369.7955,265.4081,0.05216136,0.05007491,265.4081,6369.7955,0.05007491,265.4081,265.4081,265.4081,331.7602,331.7602,6369.7955,0.05007491,1459.7448,1337.1644,5175.4588,5298.0391,0.04068586,0.04164951,0.00208645,29.8814,40.3832,2.3265,127.6001,7.3643,2446.2564,54.8462,43.4275,28.3160,5.1431,12.8578,28.9875,66.8604,128.5777,263.3173,7.8995,-2.6176,10.0,20.479237,2.324,28,180,56,8,0.15055597,0.05216136,0.11437665,0E-8,0.000000,0.905409,0.000000,-0.07324236,2026-03-22,2026-08-06,52,901,524,138,0.376812,1.533674,1.453326,0.501853,,,,,,,,GLOBAL_BASELINE_NO_ENTITY_RANKING,,,NOT_APPLICABLE_GLOBAL_BASELINE,HF9g-P5,,,,X 全窗基线 · 不参与实体赏罚,14191333,1420,A168_HF9F_20260827_0900,2026-08-27 09:00:00
2026-04-24,128173484,-1,1,141.8736748426,-15.1820537655,-15.1820537655,0.5000000,9,7,0.49251472602033299,0.443029914286,0.036674313574703,0.28092477201581567,0.036674313574703,0.04948481173433299,SENTINEL_DEALER,R03b_20260811_FULL_v1,L1_ELIGIBILITY,v2026-08-11,2026-03-21..2026-08-06,baccarat_bet02_101_all_pairs_incl_sentinel,round_win = game_pnl > 0 (decisive only),COMPATIBILITY_ONLY_NOT_PRODUCTION,127205.3315,115172.8122,6635.2036,4257,2852,-0.05216136,-0.11437665,-0.04113429,-0.05216136,-6635.2036,127205.3315,OK,0.0000,265.4081,4.0000,96.0000,AG03-UNRESOLVED,ALL5_LEVELS_bet23_to_bet27,265.4081,265.4081,265.4081,331.7602,331.7602,4.000000,4.000000,4.000000,5.000000,5.000000,96.000000,96.000000,96.000000,95.000000,95.000000,5.0,1459.7448,1337.1644,5175.4588,5298.0391,PENDING_AG03,FALSE,NOT_FOR_ENFORCEMENT,6369.7955,110565.8997,6635.2036,6369.7955,265.4081,0.05216136,0.05007491,265.4081,6369.7955,0.05007491,265.4081,265.4081,265.4081,331.7602,331.7602,6369.7955,0.05007491,1459.7448,1337.1644,5175.4588,5298.0391,0.04068586,0.04164951,0.00208645,29.8814,40.3832,2.3265,127.6001,7.3643,2446.2564,54.8462,43.4275,28.3160,5.1431,12.8578,28.9875,66.8604,128.5777,263.3173,7.8995,-2.6176,10.0,20.479237,2.324,28,180,56,8,0.15055597,0.05216136,0.11437665,0E-8,0.000000,0.905409,0.000000,-0.07324236,2026-03-22,2026-08-06,52,901,524,138,0.376812,1.533674,1.453326,0.501853,,,,,,,,GLOBAL_BASELINE_NO_ENTITY_RANKING,,,NOT_APPLICABLE_GLOBAL_BASELINE,HF9g-P5,,,,X 全窗基线 · 不参与实体赏罚,14191334,1420,A168_HF9F_20260827_0900,2026-08-27 09:00:00
2026-04-24,128173484,1115,0,13.0879773840,12.4335785148,12.4335785148,1.0000000,1,1,0.50665070000000000,0.506650700000,0.9867858985152569,0.9867858985152569,0.9867858985152569,0E-17,ELIGIBLE,R03b_20260811_FULL_v1,L1_ELIGIBILITY,v2026-08-11,2026-03-21..2026-08-06,baccarat_bet02_101_all_pairs_incl_sentinel,round_win = game_pnl > 0 (decisive only),COMPATIBILITY_ONLY_NOT_PRODUCTION,127205.3315,115172.8122,6635.2036,4257,2852,-0.05216136,-0.11437665,-0.04113429,-0.05216136,-6635.2036,127205.3315,OK,0.0000,265.4081,4.0000,96.0000,AG03-UNRESOLVED,ALL5_LEVELS_bet23_to_bet27,265.4081,265.4081,265.4081,331.7602,331.7602,4.000000,4.000000,4.000000,5.000000,5.000000,96.000000,96.000000,96.000000,95.000000,95.000000,5.0,1459.7448,1337.1644,5175.4588,5298.0391,PENDING_AG03,FALSE,NOT_FOR_ENFORCEMENT,6369.7955,110565.8997,6635.2036,6369.7955,265.4081,0.05216136,0.05007491,265.4081,6369.7955,0.05007491,265.4081,265.4081,265.4081,331.7602,331.7602,6369.7955,0.05007491,1459.7448,1337.1644,5175.4588,5298.0391,0.04068586,0.04164951,0.00208645,29.8814,40.3832,2.3265,127.6001,7.3643,2446.2564,54.8462,43.4275,28.3160,5.1431,12.8578,28.9875,66.8604,128.5777,263.3173,7.8995,-2.6176,10.0,20.479237,2.324,28,180,56,8,0.15055597,0.05216136,0.11437665,0E-8,0.000000,0.905409,0.000000,-0.07324236,2026-03-22,2026-08-06,52,901,524,138,0.376812,1.533674,1.453326,0.501853,,,,,,,,GLOBAL_BASELINE_NO_ENTITY_RANKING,,,NOT_APPLICABLE_GLOBAL_BASELINE,HF9g-P5,,,,X 全窗基线 · 不参与实体赏罚,14191335,1420,A168_HF9F_20260827_0900,2026-08-27 09:00:00
2026-04-24,128173484,1210,0,205.2194853810,30.7043949427,30.7043949427,0.5555556,16,9,0.42995330392932918,0.353150327778,0.7611194458738565,1.2704614511860202,0.7611194458738565,0.07680297615132918,ELIGIBLE,R03b_20260811_FULL_v1,L1_ELIGIBILITY,v2026-08-11,2026-03-21..2026-08-06,baccarat_bet02_101_all_pairs_incl_sentinel,round_win = game_pnl > 0 (decisive only),COMPATIBILITY_ONLY_NOT_PRODUCTION,127205.3315,115172.8122,6635.2036,4257,2852,-0.05216136,-0.11437665,-0.04113429,-0.05216136,-6635.2036,127205.3315,OK,0.0000,265.4081,4.0000,96.0000,AG03-UNRESOLVED,ALL5_LEVELS_bet23_to_bet27,265.4081,265.4081,265.4081,331.7602,331.7602,4.000000,4.000000,4.000000,5.000000,5.000000,96.000000,96.000000,96.000000,95.000000,95.000000,5.0,1459.7448,1337.1644,5175.4588,5298.0391,PENDING_AG03,FALSE,NOT_FOR_ENFORCEMENT,6369.7955,110565.8997,6635.2036,6369.7955,265.4081,0.05216136,0.05007491,265.4081,6369.7955,0.05007491,265.4081,265.4081,265.4081,331.7602,331.7602,6369.7955,0.05007491,1459.7448,1337.1644,5175.4588,5298.0391,0.04068586,0.04164951,0.00208645,29.8814,40.3832,2.3265,127.6001,7.3643,2446.2564,54.8462,43.4275,28.3160,5.1431,12.8578,28.9875,66.8604,128.5777,263.3173,7.8995,-2.6176,10.0,20.479237,2.324,28,180,56,8,0.15055597,0.05216136,0.11437665,0E-8,0.000000,0.905409,0.000000,-0.07324236,2026-03-22,2026-08-06,52,901,524,138,0.376812,1.533674,1.453326,0.501853,,,,,,,,GLOBAL_BASELINE_NO_ENTITY_RANKING,,,NOT_APPLICABLE_GLOBAL_BASELINE,HF9g-P5,,,,X 全窗基线 · 不参与实体赏罚,14191336,1420,A168_HF9F_20260827_0900,2026-08-27 09:00:00
2026-04-24,128173484,1291,0,31.4111457216,19.6319660760,19.6319660760,1.0000000,2,1,0.43797605000000000,0.300626750000,1.1327973652310617,1.5252488199758223,1.1327973652310617,0.13734930000000000,ELIGIBLE,R03b_20260811_FULL_v1,L1_ELIGIBILITY,v2026-08-11,2026-03-21..2026-08-06,baccarat_bet02_101_all_pairs_incl_sentinel,round_win = game_pnl > 0 (decisive only),COMPATIBILITY_ONLY_NOT_PRODUCTION,127205.3315,115172.8122,6635.2036,4257,2852,-0.05216136,-0.11437665,-0.04113429,-0.05216136,-6635.2036,127205.3315,OK,0.0000,265.4081,4.0000,96.0000,AG03-UNRESOLVED,ALL5_LEVELS_bet23_to_bet27,265.4081,265.4081,265.4081,331.7602,331.7602,4.000000,4.000000,4.000000,5.000000,5.000000,96.000000,96.000000,96.000000,95.000000,95.000000,5.0,1459.7448,1337.1644,5175.4588,5298.0391,PENDING_AG03,FALSE,NOT_FOR_ENFORCEMENT,6369.7955,110565.8997,6635.2036,6369.7955,265.4081,0.05216136,0.05007491,265.4081,6369.7955,0.05007491,265.4081,265.4081,265.4081,331.7602,331.7602,6369.7955,0.05007491,1459.7448,1337.1644,5175.4588,5298.0391,0.04068586,0.04164951,0.00208645,29.8814,40.3832,2.3265,127.6001,7.3643,2446.2564,54.8462,43.4275,28.3160,5.1431,12.8578,28.9875,66.8604,128.5777,263.3173,7.8995,-2.6176,10.0,20.479237,2.324,28,180,56,8,0.15055597,0.05216136,0.11437665,0E-8,0.000000,0.905409,0.000000,-0.07324236,2026-03-22,2026-08-06,52,901,524,138,0.376812,1.533674,1.453326,0.501853,,,,,,,,GLOBAL_BASELINE_NO_ENTITY_RANKING,,,NOT_APPLICABLE_GLOBAL_BASELINE,HF9g-P5,,,,X 全窗基线 · 不参与实体赏罚,14191337,1420,A168_HF9F_20260827_0900,2026-08-27 09:00:00
2026-04-24,128173484,1304,0,28.7935502448,-28.7935502448,-28.7935502448,0E-7,2,1,0.45519466363636364,0.283965900000,-0.9140667357725365,-0.6297471965178028,-0.9140667357725365,0.17122876363636364,ELIGIBLE,R03b_20260811_FULL_v1,L1_ELIGIBILITY,v2026-08-11,2026-03-21..2026-08-06,baccarat_bet02_101_all_pairs_incl_sentinel,round_win = game_pnl > 0 (decisive only),COMPATIBILITY_ONLY_NOT_PRODUCTION,127205.3315,115172.8122,6635.2036,4257,2852,-0.05216136,-0.11437665,-0.04113429,-0.05216136,-6635.2036,127205.3315,OK,0.0000,265.4081,4.0000,96.0000,AG03-UNRESOLVED,ALL5_LEVELS_bet23_to_bet27,265.4081,265.4081,265.4081,331.7602,331.7602,4.000000,4.000000,4.000000,5.000000,5.000000,96.000000,96.000000,96.000000,95.000000,95.000000,5.0,1459.7448,1337.1644,5175.4588,5298.0391,PENDING_AG03,FALSE,NOT_FOR_ENFORCEMENT,6369.7955,110565.8997,6635.2036,6369.7955,265.4081,0.05216136,0.05007491,265.4081,6369.7955,0.05007491,265.4081,265.4081,265.4081,331.7602,331.7602,6369.7955,0.05007491,1459.7448,1337.1644,5175.4588,5298.0391,0.04068586,0.04164951,0.00208645,29.8814,40.3832,2.3265,127.6001,7.3643,2446.2564,54.8462,43.4275,28.3160,5.1431,12.8578,28.9875,66.8604,128.5777,263.3173,7.8995,-2.6176,10.0,20.479237,2.324,28,180,56,8,0.15055597,0.05216136,0.11437665,0E-8,0.000000,0.905409,0.000000,-0.07324236,2026-03-22,2026-08-06,52,901,524,138,0.376812,1.533674,1.453326,0.501853,,,,,,,,GLOBAL_BASELINE_NO_ENTITY_RANKING,,,NOT_APPLICABLE_GLOBAL_BASELINE,HF9g-P5,,,,X 全窗基线 · 不参与实体赏罚,14191338,1420,A168_HF9F_20260827_0900,2026-08-27 09:00:00
2026-04-24,128173484,1307,0,170.4054655396,24.8671570297,24.8671570297,0.6250000,17,8,0.38994946692589787,0.285402643750,1.3630731497001707,2.1269123630187776,1.3630731497001707,0.10454682317589787,ELIGIBLE,R03b_20260811_FULL_v1,L1_ELIGIBILITY,v2026-08-11,2026-03-21..2026-08-06,baccarat_bet02_101_all_pairs_incl_sentinel,round_win = game_pnl > 0 (decisive only),COMPATIBILITY_ONLY_NOT_PRODUCTION,127205.3315,115172.8122,6635.2036,4257,2852,-0.05216136,-0.11437665,-0.04113429,-0.05216136,-6635.2036,127205.3315,OK,0.0000,265.4081,4.0000,96.0000,AG03-UNRESOLVED,ALL5_LEVELS_bet23_to_bet27,265.4081,265.4081,265.4081,331.7602,331.7602,4.000000,4.000000,4.000000,5.000000,5.000000,96.000000,96.000000,96.000000,95.000000,95.000000,5.0,1459.7448,1337.1644,5175.4588,5298.0391,PENDING_AG03,FALSE,NOT_FOR_ENFORCEMENT,6369.7955,110565.8997,6635.2036,6369.7955,265.4081,0.05216136,0.05007491,265.4081,6369.7955,0.05007491,265.4081,265.4081,265.4081,331.7602,331.7602,6369.7955,0.05007491,1459.7448,1337.1644,5175.4588,5298.0391,0.04068586,0.04164951,0.00208645,29.8814,40.3832,2.3265,127.6001,7.3643,2446.2564,54.8462,43.4275,28.3160,5.1431,12.8578,28.9875,66.8604,128.5777,263.3173,7.8995,-2.6176,10.0,20.479237,2.324,28,180,56,8,0.15055597,0.05216136,0.11437665,0E-8,0.000000,0.905409,0.000000,-0.07324236,2026-03-22,2026-08-06,52,901,524,138,0.376812,1.533674,1.453326,0.501853,,,,,,,,GLOBAL_BASELINE_NO_ENTITY_RANKING,,,NOT_APPLICABLE_GLOBAL_BASELINE,HF9g-P5,,,,X 全窗基线 · 不参与实体赏罚,14191339,1420,A168_HF9F_20260827_0900,2026-08-27 09:00:00
2026-04-24,128173484,1325,0,799.1518990660,-135.2511582864,-135.2511582864,0.5416667,39,24,0.44970313398024025,0.371218529167,0.9056487456192194,1.7283559553515038,0.9056487456192194,0.07848460481324025,ELIGIBLE,R03b_20260811_FULL_v1,L1_ELIGIBILITY,v2026-08-11,2026-03-21..2026-08-06,baccarat_bet02_101_all_pairs_incl_sentinel,round_win = game_pnl > 0 (decisive only),COMPATIBILITY_ONLY_NOT_PRODUCTION,127205.3315,115172.8122,6635.2036,4257,2852,-0.05216136,-0.11437665,-0.04113429,-0.05216136,-6635.2036,127205.3315,OK,0.0000,265.4081,4.0000,96.0000,AG03-UNRESOLVED,ALL5_LEVELS_bet23_to_bet27,265.4081,265.4081,265.4081,331.7602,331.7602,4.000000,4.000000,4.000000,5.000000,5.000000,96.000000,96.000000,96.000000,95.000000,95.000000,5.0,1459.7448,1337.1644,5175.4588,5298.0391,PENDING_AG03,FALSE,NOT_FOR_ENFORCEMENT,6369.7955,110565.8997,6635.2036,6369.7955,265.4081,0.05216136,0.05007491,265.4081,6369.7955,0.05007491,265.4081,265.4081,265.4081,331.7602,331.7602,6369.7955,0.05007491,1459.7448,1337.1644,5175.4588,5298.0391,0.04068586,0.04164951,0.00208645,29.8814,40.3832,2.3265,127.6001,7.3643,2446.2564,54.8462,43.4275,28.3160,5.1431,12.8578,28.9875,66.8604,128.5777,263.3173,7.8995,-2.6176,10.0,20.479237,2.324,28,180,56,8,0.15055597,0.05216136,0.11437665,0E-8,0.000000,0.905409,0.000000,-0.07324236,2026-03-22,2026-08-06,52,901,524,138,0.376812,1.533674,1.453326,0.501853,,,,,,,,GLOBAL_BASELINE_NO_ENTITY_RANKING,,,NOT_APPLICABLE_GLOBAL_BASELINE,HF9g-P5,,,,X 全窗基线 · 不参与实体赏罚,14191340,1420,A168_HF9F_20260827_0900,2026-08-27 09:00:00
2026-04-24,128173484,1353,0,130.8797738398,-130.8797738398,-130.8797738398,0E-7,1,1,0.50665070000000000,0.506650700000,-1.013391052207602,-1.013391052207602,-1.013391052207602,0E-17,ELIGIBLE,R03b_20260811_FULL_v1,L1_ELIGIBILITY,v2026-08-11,2026-03-21..2026-08-06,baccarat_bet02_101_all_pairs_incl_sentinel,round_win = game_pnl > 0 (decisive only),COMPATIBILITY_ONLY_NOT_PRODUCTION,127205.3315,115172.8122,6635.2036,4257,2852,-0.05216136,-0.11437665,-0.04113429,-0.05216136,-6635.2036,127205.3315,OK,0.0000,265.4081,4.0000,96.0000,AG03-UNRESOLVED,ALL5_LEVELS_bet23_to_bet27,265.4081,265.4081,265.4081,331.7602,331.7602,4.000000,4.000000,4.000000,5.000000,5.000000,96.000000,96.000000,96.000000,95.000000,95.000000,5.0,1459.7448,1337.1644,5175.4588,5298.0391,PENDING_AG03,FALSE,NOT_FOR_ENFORCEMENT,6369.7955,110565.8997,6635.2036,6369.7955,265.4081,0.05216136,0.05007491,265.4081,6369.7955,0.05007491,265.4081,265.4081,265.4081,331.7602,331.7602,6369.7955,0.05007491,1459.7448,1337.1644,5175.4588,5298.0391,0.04068586,0.04164951,0.00208645,29.8814,40.3832,2.3265,127.6001,7.3643,2446.2564,54.8462,43.4275,28.3160,5.1431,12.8578,28.9875,66.8604,128.5777,263.3173,7.8995,-2.6176,10.0,20.479237,2.324,28,180,56,8,0.15055597,0.05216136,0.11437665,0E-8,0.000000,0.905409,0.000000,-0.07324236,2026-03-22,2026-08-06,52,901,524,138,0.376812,1.533674,1.453326,0.501853,,,,,,,,GLOBAL_BASELINE_NO_ENTITY_RANKING,,,NOT_APPLICABLE_GLOBAL_BASELINE,HF9g-P5,,,,X 全窗基线 · 不参与实体赏罚,14191341,1420,A168_HF9F_20260827_0900,2026-08-27 09:00:00
2026-04-24,128173484,1382,0,94.2334371646,-2.6175954768,-2.6175954768,0E-7,3,2,0.48644996562496777,0.391963025000,-0.9732573836823621,-0.8028927854473178,-0.9732573836823621,0.09448694062496777,ELIGIBLE,R03b_20260811_FULL_v1,L1_ELIGIBILITY,v2026-08-11,2026-03-21..2026-08-06,baccarat_bet02_101_all_pairs_incl_sentinel,round_win = game_pnl > 0 (decisive only),COMPATIBILITY_ONLY_NOT_PRODUCTION,127205.3315,115172.8122,6635.2036,4257,2852,-0.05216136,-0.11437665,-0.04113429,-0.05216136,-6635.2036,127205.3315,OK,0.0000,265.4081,4.0000,96.0000,AG03-UNRESOLVED,ALL5_LEVELS_bet23_to_bet27,265.4081,265.4081,265.4081,331.7602,331.7602,4.000000,4.000000,4.000000,5.000000,5.000000,96.000000,96.000000,96.000000,95.000000,95.000000,5.0,1459.7448,1337.1644,5175.4588,5298.0391,PENDING_AG03,FALSE,NOT_FOR_ENFORCEMENT,6369.7955,110565.8997,6635.2036,6369.7955,265.4081,0.05216136,0.05007491,265.4081,6369.7955,0.05007491,265.4081,265.4081,265.4081,331.7602,331.7602,6369.7955,0.05007491,1459.7448,1337.1644,5175.4588,5298.0391,0.04068586,0.04164951,0.00208645,29.8814,40.3832,2.3265,127.6001,7.3643,2446.2564,54.8462,43.4275,28.3160,5.1431,12.8578,28.9875,66.8604,128.5777,263.3173,7.8995,-2.6176,10.0,20.479237,2.324,28,180,56,8,0.15055597,0.05216136,0.11437665,0E-8,0.000000,0.905409,0.000000,-0.07324236,2026-03-22,2026-08-06,52,901,524,138,0.376812,1.533674,1.453326,0.501853,,,,,,,,GLOBAL_BASELINE_NO_ENTITY_RANKING,,,NOT_APPLICABLE_GLOBAL_BASELINE,HF9g-P5,,,,X 全窗基线 · 不参与实体赏罚,14191342,1420,A168_HF9F_20260827_0900,2026-08-27 09:00:00
2026-04-24,128173484,1405,0,65.4398869200,54.8386252389,54.8386252389,1.0000000,8,4,0.42426221820275208,0.300626750000,2.3298350882468357,3.0504976399516446,2.3298350882468357,0.12363546820275208,ELIGIBLE,R03b_20260811_FULL_v1,L1_ELIGIBILITY,v2026-08-11,2026-03-21..2026-08-06,baccarat_bet02_101_all_pairs_incl_sentinel,round_win = game_pnl > 0 (decisive only),COMPATIBILITY_ONLY_NOT_PRODUCTION,127205.3315,115172.8122,6635.2036,4257,2852,-0.05216136,-0.11437665,-0.04113429,-0.05216136,-6635.2036,127205.3315,OK,0.0000,265.4081,4.0000,96.0000,AG03-UNRESOLVED,ALL5_LEVELS_bet23_to_bet27,265.4081,265.4081,265.4081,331.7602,331.7602,4.000000,4.000000,4.000000,5.000000,5.000000,96.000000,96.000000,96.000000,95.000000,95.000000,5.0,1459.7448,1337.1644,5175.4588,5298.0391,PENDING_AG03,FALSE,NOT_FOR_ENFORCEMENT,6369.7955,110565.8997,6635.2036,6369.7955,265.4081,0.05216136,0.05007491,265.4081,6369.7955,0.05007491,265.4081,265.4081,265.4081,331.7602,331.7602,6369.7955,0.05007491,1459.7448,1337.1644,5175.4588,5298.0391,0.04068586,0.04164951,0.00208645,29.8814,40.3832,2.3265,127.6001,7.3643,2446.2564,54.8462,43.4275,28.3160,5.1431,12.8578,28.9875,66.8604,128.5777,263.3173,7.8995,-2.6176,10.0,20.479237,2.324,28,180,56,8,0.15055597,0.05216136,0.11437665,0E-8,0.000000,0.905409,0.000000,-0.07324236,2026-03-22,2026-08-06,52,901,524,138,0.376812,1.533674,1.453326,0.501853,,,,,,,,GLOBAL_BASELINE_NO_ENTITY_RANKING,,,NOT_APPLICABLE_GLOBAL_BASELINE,HF9g-P5,,,,X 全窗基线 · 不参与实体赏罚,14191343,1420,A168_HF9F_20260827_0900,2026-08-27 09:00:00
2026-04-24,128173484,1507,0,17.5378896945,67.0104442060,67.0104442060,1.0000000,2,1,0.30284898656787662,0.293924150000,1.5172263240649824,1.549915577879723,1.5172263240649824,0.00892483656787662,ELIGIBLE,R03b_20260811_FULL_v1,L1_ELIGIBILITY,v2026-08-11,2026-03-21..2026-08-06,baccarat_bet02_101_all_pairs_incl_sentinel,round_win = game_pnl > 0 (decisive only),COMPATIBILITY_ONLY_NOT_PRODUCTION,127205.3315,115172.8122,6635.2036,4257,2852,-0.05216136,-0.11437665,-0.04113429,-0.05216136,-6635.2036,127205.3315,OK,0.0000,265.4081,4.0000,96.0000,AG03-UNRESOLVED,ALL5_LEVELS_bet23_to_bet27,265.4081,265.4081,265.4081,331.7602,331.7602,4.000000,4.000000,4.000000,5.000000,5.000000,96.000000,96.000000,96.000000,95.000000,95.000000,5.0,1459.7448,1337.1644,5175.4588,5298.0391,PENDING_AG03,FALSE,NOT_FOR_ENFORCEMENT,6369.7955,110565.8997,6635.2036,6369.7955,265.4081,0.05216136,0.05007491,265.4081,6369.7955,0.05007491,265.4081,265.4081,265.4081,331.7602,331.7602,6369.7955,0.05007491,1459.7448,1337.1644,5175.4588,5298.0391,0.04068586,0.04164951,0.00208645,29.8814,40.3832,2.3265,127.6001,7.3643,2446.2564,54.8462,43.4275,28.3160,5.1431,12.8578,28.9875,66.8604,128.5777,263.3173,7.8995,-2.6176,10.0,20.479237,2.324,28,180,56,8,0.15055597,0.05216136,0.11437665,0E-8,0.000000,0.905409,0.000000,-0.07324236,2026-03-22,2026-08-06,52,901,524,138,0.376812,1.533674,1.453326,0.501853,,,,,,,,GLOBAL_BASELINE_NO_ENTITY_RANKING,,,NOT_APPLICABLE_GLOBAL_BASELINE,HF9g-P5,,,,X 全窗基线 · 不参与实体赏罚,14191344,1420,A168_HF9F_20260827_0900,2026-08-27 09:00:00
2026-04-24,128173484,1509,0,24.8671570296,-9.5542234903,-9.5542234903,0.5000000,3,2,0.45681143461538462,0.398665625000,0.12261397817934813,0.2926910081793089,0.12261397817934813,0.05814580961538462,ELIGIBLE,R03b_20260811_FULL_v1,L1_ELIGIBILITY,v2026-08-11,2026-03-21..2026-08-06,baccarat_bet02_101_all_pairs_incl_sentinel,round_win = game_pnl > 0 (decisive only),COMPATIBILITY_ONLY_NOT_PRODUCTION,127205.3315,115172.8122,6635.2036,4257,2852,-0.05216136,-0.11437665,-0.04113429,-0.05216136,-6635.2036,127205.3315,OK,0.0000,265.4081,4.0000,96.0000,AG03-UNRESOLVED,ALL5_LEVELS_bet23_to_bet27,265.4081,265.4081,265.4081,331.7602,331.7602,4.000000,4.000000,4.000000,5.000000,5.000000,96.000000,96.000000,96.000000,95.000000,95.000000,5.0,1459.7448,1337.1644,5175.4588,5298.0391,PENDING_AG03,FALSE,NOT_FOR_ENFORCEMENT,6369.7955,110565.8997,6635.2036,6369.7955,265.4081,0.05216136,0.05007491,265.4081,6369.7955,0.05007491,265.4081,265.4081,265.4081,331.7602,331.7602,6369.7955,0.05007491,1459.7448,1337.1644,5175.4588,5298.0391,0.04068586,0.04164951,0.00208645,29.8814,40.3832,2.3265,127.6001,7.3643,2446.2564,54.8462,43.4275,28.3160,5.1431,12.8578,28.9875,66.8604,128.5777,263.3173,7.8995,-2.6176,10.0,20.479237,2.324,28,180,56,8,0.15055597,0.05216136,0.11437665,0E-8,0.000000,0.905409,0.000000,-0.07324236,2026-03-22,2026-08-06,52,901,524,138,0.376812,1.533674,1.453326,0.501853,,,,,,,,GLOBAL_BASELINE_NO_ENTITY_RANKING,,,NOT_APPLICABLE_GLOBAL_BASELINE,HF9g-P5,,,,X 全窗基线 · 不参与实体赏罚,14191345,1420,A168_HF9F_20260827_0900,2026-08-27 09:00:00
2026-04-24,128173484,1623,0,272.2299295867,176.0332958144,176.0332958144,0.6000000,9,5,0.46762938196787954,0.363953680000,0.5932239333464863,1.0970206600425485,0.5932239333464863,0.10367570196787954,ELIGIBLE,R03b_20260811_FULL_v1,L1_ELIGIBILITY,v2026-08-11,2026-03-21..2026-08-06,baccarat_bet02_101_all_pairs_incl_sentinel,round_win = game_pnl > 0 (decisive only),COMPATIBILITY_ONLY_NOT_PRODUCTION,127205.3315,115172.8122,6635.2036,4257,2852,-0.05216136,-0.11437665,-0.04113429,-0.05216136,-6635.2036,127205.3315,OK,0.0000,265.4081,4.0000,96.0000,AG03-UNRESOLVED,ALL5_LEVELS_bet23_to_bet27,265.4081,265.4081,265.4081,331.7602,331.7602,4.000000,4.000000,4.000000,5.000000,5.000000,96.000000,96.000000,96.000000,95.000000,95.000000,5.0,1459.7448,1337.1644,5175.4588,5298.0391,PENDING_AG03,FALSE,NOT_FOR_ENFORCEMENT,6369.7955,110565.8997,6635.2036,6369.7955,265.4081,0.05216136,0.05007491,265.4081,6369.7955,0.05007491,265.4081,265.4081,265.4081,331.7602,331.7602,6369.7955,0.05007491,1459.7448,1337.1644,5175.4588,5298.0391,0.04068586,0.04164951,0.00208645,29.8814,40.3832,2.3265,127.6001,7.3643,2446.2564,54.8462,43.4275,28.3160,5.1431,12.8578,28.9875,66.8604,128.5777,263.3173,7.8995,-2.6176,10.0,20.479237,2.324,28,180,56,8,0.15055597,0.05216136,0.11437665,0E-8,0.000000,0.905409,0.000000,-0.07324236,2026-03-22,2026-08-06,52,901,524,138,0.376812,1.533674,1.453326,0.501853,,,,,,,,GLOBAL_BASELINE_NO_ENTITY_RANKING,,,NOT_APPLICABLE_GLOBAL_BASELINE,HF9g-P5,,,,X 全窗基线 · 不参与实体赏罚,14191346,1420,A168_HF9F_20260827_0900,2026-08-27 09:00:00
2026-04-24,128173484,1646,0,241.6040625084,18.0614087899,18.0614087899,0.6666667,16,9,0.45214317661130409,0.355384527778,1.293077576047082,1.9510834088629874,1.293077576047082,0.09675864883330409,ELIGIBLE,R03b_20260811_FULL_v1,L1_ELIGIBILITY,v2026-08-11,2026-03-21..2026-08-06,baccarat_bet02_101_all_pairs_incl_sentinel,round_win = game_pnl > 0 (decisive only),COMPATIBILITY_ONLY_NOT_PRODUCTION,127205.3315,115172.8122,6635.2036,4257,2852,-0.05216136,-0.11437665,-0.04113429,-0.05216136,-6635.2036,127205.3315,OK,0.0000,265.4081,4.0000,96.0000,AG03-UNRESOLVED,ALL5_LEVELS_bet23_to_bet27,265.4081,265.4081,265.4081,331.7602,331.7602,4.000000,4.000000,4.000000,5.000000,5.000000,96.000000,96.000000,96.000000,95.000000,95.000000,5.0,1459.7448,1337.1644,5175.4588,5298.0391,PENDING_AG03,FALSE,NOT_FOR_ENFORCEMENT,6369.7955,110565.8997,6635.2036,6369.7955,265.4081,0.05216136,0.05007491,265.4081,6369.7955,0.05007491,265.4081,265.4081,265.4081,331.7602,331.7602,6369.7955,0.05007491,1459.7448,1337.1644,5175.4588,5298.0391,0.04068586,0.04164951,0.00208645,29.8814,40.3832,2.3265,127.6001,7.3643,2446.2564,54.8462,43.4275,28.3160,5.1431,12.8578,28.9875,66.8604,128.5777,263.3173,7.8995,-2.6176,10.0,20.479237,2.324,28,180,56,8,0.15055597,0.05216136,0.11437665,0E-8,0.000000,0.905409,0.000000,-0.07324236,2026-03-22,2026-08-06,52,901,524,138,0.376812,1.533674,1.453326,0.501853,,,,,,,,GLOBAL_BASELINE_NO_ENTITY_RANKING,,,NOT_APPLICABLE_GLOBAL_BASELINE,HF9g-P5,,,,X 全窗基线 · 不参与实体赏罚,14191347,1420,A168_HF9F_20260827_0900,2026-08-27 09:00:00
2026-04-24,128173484,1710,0,95.2804753555,11.9100594193,11.9100594193,0.6000000,10,5,0.43855757663368812,0.294659030000,0.7275062827912487,1.4976511016380107,0.7275062827912487,0.14389854663368812,ELIGIBLE,R03b_20260811_FULL_v1,L1_ELIGIBILITY,v2026-08-11,2026-03-21..2026-08-06,baccarat_bet02_101_all_pairs_incl_sentinel,round_win = game_pnl > 0 (decisive only),COMPATIBILITY_ONLY_NOT_PRODUCTION,127205.3315,115172.8122,6635.2036,4257,2852,-0.05216136,-0.11437665,-0.04113429,-0.05216136,-6635.2036,127205.3315,OK,0.0000,265.4081,4.0000,96.0000,AG03-UNRESOLVED,ALL5_LEVELS_bet23_to_bet27,265.4081,265.4081,265.4081,331.7602,331.7602,4.000000,4.000000,4.000000,5.000000,5.000000,96.000000,96.000000,96.000000,95.000000,95.000000,5.0,1459.7448,1337.1644,5175.4588,5298.0391,PENDING_AG03,FALSE,NOT_FOR_ENFORCEMENT,6369.7955,110565.8997,6635.2036,6369.7955,265.4081,0.05216136,0.05007491,265.4081,6369.7955,0.05007491,265.4081,265.4081,265.4081,331.7602,331.7602,6369.7955,0.05007491,1459.7448,1337.1644,5175.4588,5298.0391,0.04068586,0.04164951,0.00208645,29.8814,40.3832,2.3265,127.6001,7.3643,2446.2564,54.8462,43.4275,28.3160,5.1431,12.8578,28.9875,66.8604,128.5777,263.3173,7.8995,-2.6176,10.0,20.479237,2.324,28,180,56,8,0.15055597,0.05216136,0.11437665,0E-8,0.000000,0.905409,0.000000,-0.07324236,2026-03-22,2026-08-06,52,901,524,138,0.376812,1.533674,1.453326,0.501853,,,,,,,,GLOBAL_BASELINE_NO_ENTITY_RANKING,,,NOT_APPLICABLE_GLOBAL_BASELINE,HF9g-P5,,,,X 全窗基线 · 不参与实体赏罚,14191348,1420,A168_HF9F_20260827_0900,2026-08-27 09:00:00
2026-04-24,128173484,1750,0,31.4111457216,-31.4111457216,-31.4111457216,0E-7,3,1,0.43631835000000000,0.225321300000,-0.8798016873769111,-0.539312289199877,-0.8798016873769111,0.21099705000000000,ELIGIBLE,R03b_20260811_FULL_v1,L1_ELIGIBILITY,v2026-08-11,2026-03-21..2026-08-06,baccarat_bet02_101_all_pairs_incl_sentinel,round_win = game_pnl > 0 (decisive only),COMPATIBILITY_ONLY_NOT_PRODUCTION,127205.3315,115172.8122,6635.2036,4257,2852,-0.05216136,-0.11437665,-0.04113429,-0.05216136,-6635.2036,127205.3315,OK,0.0000,265.4081,4.0000,96.0000,AG03-UNRESOLVED,ALL5_LEVELS_bet23_to_bet27,265.4081,265.4081,265.4081,331.7602,331.7602,4.000000,4.000000,4.000000,5.000000,5.000000,96.000000,96.000000,96.000000,95.000000,95.000000,5.0,1459.7448,1337.1644,5175.4588,5298.0391,PENDING_AG03,FALSE,NOT_FOR_ENFORCEMENT,6369.7955,110565.8997,6635.2036,6369.7955,265.4081,0.05216136,0.05007491,265.4081,6369.7955,0.05007491,265.4081,265.4081,265.4081,331.7602,331.7602,6369.7955,0.05007491,1459.7448,1337.1644,5175.4588,5298.0391,0.04068586,0.04164951,0.00208645,29.8814,40.3832,2.3265,127.6001,7.3643,2446.2564,54.8462,43.4275,28.3160,5.1431,12.8578,28.9875,66.8604,128.5777,263.3173,7.8995,-2.6176,10.0,20.479237,2.324,28,180,56,8,0.15055597,0.05216136,0.11437665,0E-8,0.000000,0.905409,0.000000,-0.07324236,2026-03-22,2026-08-06,52,901,524,138,0.376812,1.533674,1.453326,0.501853,,,,,,,,GLOBAL_BASELINE_NO_ENTITY_RANKING,,,NOT_APPLICABLE_GLOBAL_BASELINE,HF9g-P5,,,,X 全窗基线 · 不参与实体赏罚,14191349,1420,A168_HF9F_20260827_0900,2026-08-27 09:00:00
2026-04-24,128173484,1935,0,9.9468628118,-9.9468628118,-9.9468628118,0E-7,2,1,0.31147011579034579,0.300626750000,-0.6725844074549707,-0.655630731788307,-0.6725844074549707,0.01084336579034579,ELIGIBLE,R03b_20260811_FULL_v1,L1_ELIGIBILITY,v2026-08-11,2026-03-21..2026-08-06,baccarat_bet02_101_all_pairs_incl_sentinel,round_win = game_pnl > 0 (decisive only),COMPATIBILITY_ONLY_NOT_PRODUCTION,127205.3315,115172.8122,6635.2036,4257,2852,-0.05216136,-0.11437665,-0.04113429,-0.05216136,-6635.2036,127205.3315,OK,0.0000,265.4081,4.0000,96.0000,AG03-UNRESOLVED,ALL5_LEVELS_bet23_to_bet27,265.4081,265.4081,265.4081,331.7602,331.7602,4.000000,4.000000,4.000000,5.000000,5.000000,96.000000,96.000000,96.000000,95.000000,95.000000,5.0,1459.7448,1337.1644,5175.4588,5298.0391,PENDING_AG03,FALSE,NOT_FOR_ENFORCEMENT,6369.7955,110565.8997,6635.2036,6369.7955,265.4081,0.05216136,0.05007491,265.4081,6369.7955,0.05007491,265.4081,265.4081,265.4081,331.7602,331.7602,6369.7955,0.05007491,1459.7448,1337.1644,5175.4588,5298.0391,0.04068586,0.04164951,0.00208645,29.8814,40.3832,2.3265,127.6001,7.3643,2446.2564,54.8462,43.4275,28.3160,5.1431,12.8578,28.9875,66.8604,128.5777,263.3173,7.8995,-2.6176,10.0,20.479237,2.324,28,180,56,8,0.15055597,0.05216136,0.11437665,0E-8,0.000000,0.905409,0.000000,-0.07324236,2026-03-22,2026-08-06,52,901,524,138,0.376812,1.533674,1.453326,0.501853,,,,,,,,GLOBAL_BASELINE_NO_ENTITY_RANKING,,,NOT_APPLICABLE_GLOBAL_BASELINE,HF9g-P5,,,,X 全窗基线 · 不参与实体赏罚,14191350,1420,A168_HF9F_20260827_0900,2026-08-27 09:00:00
2026-04-24,128173484,1951,0,41.8815276288,-41.8815276288,-41.8815276288,0E-7,3,2,0.45681143461538462,0.398665625000,-1.2969050205117458,-1.1514931996934334,-1.2969050205117458,0.05814580961538462,ELIGIBLE,R03b_20260811_FULL_v1,L1_ELIGIBILITY,v2026-08-11,2026-03-21..2026-08-06,baccarat_bet02_101_all_pairs_incl_sentinel,round_win = game_pnl > 0 (decisive only),COMPATIBILITY_ONLY_NOT_PRODUCTION,127205.3315,115172.8122,6635.2036,4257,2852,-0.05216136,-0.11437665,-0.04113429,-0.05216136,-6635.2036,127205.3315,OK,0.0000,265.4081,4.0000,96.0000,AG03-UNRESOLVED,ALL5_LEVELS_bet23_to_bet27,265.4081,265.4081,265.4081,331.7602,331.7602,4.000000,4.000000,4.000000,5.000000,5.000000,96.000000,96.000000,96.000000,95.000000,95.000000,5.0,1459.7448,1337.1644,5175.4588,5298.0391,PENDING_AG03,FALSE,NOT_FOR_ENFORCEMENT,6369.7955,110565.8997,6635.2036,6369.7955,265.4081,0.05216136,0.05007491,265.4081,6369.7955,0.05007491,265.4081,265.4081,265.4081,331.7602,331.7602,6369.7955,0.05007491,1459.7448,1337.1644,5175.4588,5298.0391,0.04068586,0.04164951,0.00208645,29.8814,40.3832,2.3265,127.6001,7.3643,2446.2564,54.8462,43.4275,28.3160,5.1431,12.8578,28.9875,66.8604,128.5777,263.3173,7.8995,-2.6176,10.0,20.479237,2.324,28,180,56,8,0.15055597,0.05216136,0.11437665,0E-8,0.000000,0.905409,0.000000,-0.07324236,2026-03-22,2026-08-06,52,901,524,138,0.376812,1.533674,1.453326,0.501853,,,,,,,,GLOBAL_BASELINE_NO_ENTITY_RANKING,,,NOT_APPLICABLE_GLOBAL_BASELINE,HF9g-P5,,,,X 全窗基线 · 不参与实体赏罚,14191351,1420,A168_HF9F_20260827_0900,2026-08-27 09:00:00
2026-04-24,128173484,1957,0,45.8079208440,21.8176582990,21.8176582990,0.7500000,8,4,0.36970180090809007,0.294785887500,1.5756343793835257,1.9967876029066505,1.5756343793835257,0.07491591340809007,ELIGIBLE,R03b_20260811_FULL_v1,L1_ELIGIBILITY,v2026-08-11,2026-03-21..2026-08-06,baccarat_bet02_101_all_pairs_incl_sentinel,round_win = game_pnl > 0 (decisive only),COMPATIBILITY_ONLY_NOT_PRODUCTION,127205.3315,115172.8122,6635.2036,4257,2852,-0.05216136,-0.11437665,-0.04113429,-0.05216136,-6635.2036,127205.3315,OK,0.0000,265.4081,4.0000,96.0000,AG03-UNRESOLVED,ALL5_LEVELS_bet23_to_bet27,265.4081,265.4081,265.4081,331.7602,331.7602,4.000000,4.000000,4.000000,5.000000,5.000000,96.000000,96.000000,96.000000,95.000000,95.000000,5.0,1459.7448,1337.1644,5175.4588,5298.0391,PENDING_AG03,FALSE,NOT_FOR_ENFORCEMENT,6369.7955,110565.8997,6635.2036,6369.7955,265.4081,0.05216136,0.05007491,265.4081,6369.7955,0.05007491,265.4081,265.4081,265.4081,331.7602,331.7602,6369.7955,0.05007491,1459.7448,1337.1644,5175.4588,5298.0391,0.04068586,0.04164951,0.00208645,29.8814,40.3832,2.3265,127.6001,7.3643,2446.2564,54.8462,43.4275,28.3160,5.1431,12.8578,28.9875,66.8604,128.5777,263.3173,7.8995,-2.6176,10.0,20.479237,2.324,28,180,56,8,0.15055597,0.05216136,0.11437665,0E-8,0.000000,0.905409,0.000000,-0.07324236,2026-03-22,2026-08-06,52,901,524,138,0.376812,1.533674,1.453326,0.501853,,,,,,,,GLOBAL_BASELINE_NO_ENTITY_RANKING,,,NOT_APPLICABLE_GLOBAL_BASELINE,HF9g-P5,,,,X 全窗基线 · 不参与实体赏罚,14191352,1420,A168_HF9F_20260827_0900,2026-08-27 09:00:00
2026-04-24,128173484,2103,0,543.4128209830,75.0726382744,75.0726382744,0.6000000,20,13,0.46007453656856739,0.390591092308,0.8878012464613817,1.3573116762430606,0.8878012464613817,0.06948344426056739,ELIGIBLE,R03b_20260811_FULL_v1,L1_ELIGIBILITY,v2026-08-11,2026-03-21..2026-08-06,baccarat_bet02_101_all_pairs_incl_sentinel,round_win = game_pnl > 0 (decisive only),COMPATIBILITY_ONLY_NOT_PRODUCTION,127205.3315,115172.8122,6635.2036,4257,2852,-0.05216136,-0.11437665,-0.04113429,-0.05216136,-6635.2036,127205.3315,OK,0.0000,265.4081,4.0000,96.0000,AG03-UNRESOLVED,ALL5_LEVELS_bet23_to_bet27,265.4081,265.4081,265.4081,331.7602,331.7602,4.000000,4.000000,4.000000,5.000000,5.000000,96.000000,96.000000,96.000000,95.000000,95.000000,5.0,1459.7448,1337.1644,5175.4588,5298.0391,PENDING_AG03,FALSE,NOT_FOR_ENFORCEMENT,6369.7955,110565.8997,6635.2036,6369.7955,265.4081,0.05216136,0.05007491,265.4081,6369.7955,0.05007491,265.4081,265.4081,265.4081,331.7602,331.7602,6369.7955,0.05007491,1459.7448,1337.1644,5175.4588,5298.0391,0.04068586,0.04164951,0.00208645,29.8814,40.3832,2.3265,127.6001,7.3643,2446.2564,54.8462,43.4275,28.3160,5.1431,12.8578,28.9875,66.8604,128.5777,263.3173,7.8995,-2.6176,10.0,20.479237,2.324,28,180,56,8,0.15055597,0.05216136,0.11437665,0E-8,0.000000,0.905409,0.000000,-0.07324236,2026-03-22,2026-08-06,52,901,524,138,0.376812,1.533674,1.453326,0.501853,,,,,,,,GLOBAL_BASELINE_NO_ENTITY_RANKING,,,NOT_APPLICABLE_GLOBAL_BASELINE,HF9g-P5,,,,X 全窗基线 · 不参与实体赏罚,14191353,1420,A168_HF9F_20260827_0900,2026-08-27 09:00:00
2026-04-24,128173484,2115,0,13.0879773840,-13.0879773840,-13.0879773840,0E-7,1,1,0.50665070000000000,0.506650700000,-1.013391052207602,-1.013391052207602,-1.013391052207602,0E-17,ELIGIBLE,R03b_20260811_FULL_v1,L1_ELIGIBILITY,v2026-08-11,2026-03-21..2026-08-06,baccarat_bet02_101_all_pairs_incl_sentinel,round_win = game_pnl > 0 (decisive only),COMPATIBILITY_ONLY_NOT_PRODUCTION,127205.3315,115172.8122,6635.2036,4257,2852,-0.05216136,-0.11437665,-0.04113429,-0.05216136,-6635.2036,127205.3315,OK,0.0000,265.4081,4.0000,96.0000,AG03-UNRESOLVED,ALL5_LEVELS_bet23_to_bet27,265.4081,265.4081,265.4081,331.7602,331.7602,4.000000,4.000000,4.000000,5.000000,5.000000,96.000000,96.000000,96.000000,95.000000,95.000000,5.0,1459.7448,1337.1644,5175.4588,5298.0391,PENDING_AG03,FALSE,NOT_FOR_ENFORCEMENT,6369.7955,110565.8997,6635.2036,6369.7955,265.4081,0.05216136,0.05007491,265.4081,6369.7955,0.05007491,265.4081,265.4081,265.4081,331.7602,331.7602,6369.7955,0.05007491,1459.7448,1337.1644,5175.4588,5298.0391,0.04068586,0.04164951,0.00208645,29.8814,40.3832,2.3265,127.6001,7.3643,2446.2564,54.8462,43.4275,28.3160,5.1431,12.8578,28.9875,66.8604,128.5777,263.3173,7.8995,-2.6176,10.0,20.479237,2.324,28,180,56,8,0.15055597,0.05216136,0.11437665,0E-8,0.000000,0.905409,0.000000,-0.07324236,2026-03-22,2026-08-06,52,901,524,138,0.376812,1.533674,1.453326,0.501853,,,,,,,,GLOBAL_BASELINE_NO_ENTITY_RANKING,,,NOT_APPLICABLE_GLOBAL_BASELINE,HF9g-P5,,,,X 全窗基线 · 不参与实体赏罚,14191354,1420,A168_HF9F_20260827_0900,2026-08-27 09:00:00
2026-04-24,128173484,2177,0,301.5469989269,-196.3458367146,-196.3458367146,0.2500000,10,7,0.47241220909067451,0.414059571429,-0.8910061351315469,-0.66615213180155,-0.8910061351315469,0.05835263766167451,ELIGIBLE,R03b_20260811_FULL_v1,L1_ELIGIBILITY,v2026-08-11,2026-03-21..2026-08-06,baccarat_bet02_101_all_pairs_incl_sentinel,round_win = game_pnl > 0 (decisive only),COMPATIBILITY_ONLY_NOT_PRODUCTION,127205.3315,115172.8122,6635.2036,4257,2852,-0.05216136,-0.11437665,-0.04113429,-0.05216136,-6635.2036,127205.3315,OK,0.0000,265.4081,4.0000,96.0000,AG03-UNRESOLVED,ALL5_LEVELS_bet23_to_bet27,265.4081,265.4081,265.4081,331.7602,331.7602,4.000000,4.000000,4.000000,5.000000,5.000000,96.000000,96.000000,96.000000,95.000000,95.000000,5.0,1459.7448,1337.1644,5175.4588,5298.0391,PENDING_AG03,FALSE,NOT_FOR_ENFORCEMENT,6369.7955,110565.8997,6635.2036,6369.7955,265.4081,0.05216136,0.05007491,265.4081,6369.7955,0.05007491,265.4081,265.4081,265.4081,331.7602,331.7602,6369.7955,0.05007491,1459.7448,1337.1644,5175.4588,5298.0391,0.04068586,0.04164951,0.00208645,29.8814,40.3832,2.3265,127.6001,7.3643,2446.2564,54.8462,43.4275,28.3160,5.1431,12.8578,28.9875,66.8604,128.5777,263.3173,7.8995,-2.6176,10.0,20.479237,2.324,28,180,56,8,0.15055597,0.05216136,0.11437665,0E-8,0.000000,0.905409,0.000000,-0.07324236,2026-03-22,2026-08-06,52,901,524,138,0.376812,1.533674,1.453326,0.501853,,,,,,,,GLOBAL_BASELINE_NO_ENTITY_RANKING,,,NOT_APPLICABLE_GLOBAL_BASELINE,HF9g-P5,,,,X 全窗基线 · 不参与实体赏罚,14191355,1420,A168_HF9F_20260827_0900,2026-08-27 09:00:00
2026-04-24,128173484,2209,0,13.0879773840,13.0879773840,13.0879773840,1.0000000,1,1,0.49324550000000000,0.493245500000,1.01360149184955,1.01360149184955,1.01360149184955,0E-17,ELIGIBLE,R03b_20260811_FULL_v1,L1_ELIGIBILITY,v2026-08-11,2026-03-21..2026-08-06,baccarat_bet02_101_all_pairs_incl_sentinel,round_win = game_pnl > 0 (decisive only),COMPATIBILITY_ONLY_NOT_PRODUCTION,127205.3315,115172.8122,6635.2036,4257,2852,-0.05216136,-0.11437665,-0.04113429,-0.05216136,-6635.2036,127205.3315,OK,0.0000,265.4081,4.0000,96.0000,AG03-UNRESOLVED,ALL5_LEVELS_bet23_to_bet27,265.4081,265.4081,265.4081,331.7602,331.7602,4.000000,4.000000,4.000000,5.000000,5.000000,96.000000,96.000000,96.000000,95.000000,95.000000,5.0,1459.7448,1337.1644,5175.4588,5298.0391,PENDING_AG03,FALSE,NOT_FOR_ENFORCEMENT,6369.7955,110565.8997,6635.2036,6369.7955,265.4081,0.05216136,0.05007491,265.4081,6369.7955,0.05007491,265.4081,265.4081,265.4081,331.7602,331.7602,6369.7955,0.05007491,1459.7448,1337.1644,5175.4588,5298.0391,0.04068586,0.04164951,0.00208645,29.8814,40.3832,2.3265,127.6001,7.3643,2446.2564,54.8462,43.4275,28.3160,5.1431,12.8578,28.9875,66.8604,128.5777,263.3173,7.8995,-2.6176,10.0,20.479237,2.324,28,180,56,8,0.15055597,0.05216136,0.11437665,0E-8,0.000000,0.905409,0.000000,-0.07324236,2026-03-22,2026-08-06,52,901,524,138,0.376812,1.533674,1.453326,0.501853,,,,,,,,GLOBAL_BASELINE_NO_ENTITY_RANKING,,,NOT_APPLICABLE_GLOBAL_BASELINE,HF9g-P5,,,,X 全窗基线 · 不参与实体赏罚,14191356,1420,A168_HF9F_20260827_0900,2026-08-27 09:00:00
2026-04-24,128173484,2212,0,443.6824333168,341.5962097216,341.5962097216,0.7142857,10,7,0.47620522151613576,0.412638685714,1.2612325595855902,1.6211023350443958,1.2612325595855902,0.06356653580213576,ELIGIBLE,R03b_20260811_FULL_v1,L1_ELIGIBILITY,v2026-08-11,2026-03-21..2026-08-06,baccarat_bet02_101_all_pairs_incl_sentinel,round_win = game_pnl > 0 (decisive only),COMPATIBILITY_ONLY_NOT_PRODUCTION,127205.3315,115172.8122,6635.2036,4257,2852,-0.05216136,-0.11437665,-0.04113429,-0.05216136,-6635.2036,127205.3315,OK,0.0000,265.4081,4.0000,96.0000,AG03-UNRESOLVED,ALL5_LEVELS_bet23_to_bet27,265.4081,265.4081,265.4081,331.7602,331.7602,4.000000,4.000000,4.000000,5.000000,5.000000,96.000000,96.000000,96.000000,95.000000,95.000000,5.0,1459.7448,1337.1644,5175.4588,5298.0391,PENDING_AG03,FALSE,NOT_FOR_ENFORCEMENT,6369.7955,110565.8997,6635.2036,6369.7955,265.4081,0.05216136,0.05007491,265.4081,6369.7955,0.05007491,265.4081,265.4081,265.4081,331.7602,331.7602,6369.7955,0.05007491,1459.7448,1337.1644,5175.4588,5298.0391,0.04068586,0.04164951,0.00208645,29.8814,40.3832,2.3265,127.6001,7.3643,2446.2564,54.8462,43.4275,28.3160,5.1431,12.8578,28.9875,66.8604,128.5777,263.3173,7.8995,-2.6176,10.0,20.479237,2.324,28,180,56,8,0.15055597,0.05216136,0.11437665,0E-8,0.000000,0.905409,0.000000,-0.07324236,2026-03-22,2026-08-06,52,901,524,138,0.376812,1.533674,1.453326,0.501853,,,,,,,,GLOBAL_BASELINE_NO_ENTITY_RANKING,,,NOT_APPLICABLE_GLOBAL_BASELINE,HF9g-P5,,,,X 全窗基线 · 不参与实体赏罚,14191357,1420,A168_HF9F_20260827_0900,2026-08-27 09:00:00
2026-04-24,128173484,2218,0,226.4220087429,-41.7244719002,-41.7244719002,0.5000000,12,8,0.48202996784813489,0.415660727083,0.10171956895445519,0.4840305927983156,0.10171956895445519,0.06636924076513489,ELIGIBLE,R03b_20260811_FULL_v1,L1_ELIGIBILITY,v2026-08-11,2026-03-21..2026-08-06,baccarat_bet02_101_all_pairs_incl_sentinel,round_win = game_pnl > 0 (decisive only),COMPATIBILITY_ONLY_NOT_PRODUCTION,127205.3315,115172.8122,6635.2036,4257,2852,-0.05216136,-0.11437665,-0.04113429,-0.05216136,-6635.2036,127205.3315,OK,0.0000,265.4081,4.0000,96.0000,AG03-UNRESOLVED,ALL5_LEVELS_bet23_to_bet27,265.4081,265.4081,265.4081,331.7602,331.7602,4.000000,4.000000,4.000000,5.000000,5.000000,96.000000,96.000000,96.000000,95.000000,95.000000,5.0,1459.7448,1337.1644,5175.4588,5298.0391,PENDING_AG03,FALSE,NOT_FOR_ENFORCEMENT,6369.7955,110565.8997,6635.2036,6369.7955,265.4081,0.05216136,0.05007491,265.4081,6369.7955,0.05007491,265.4081,265.4081,265.4081,331.7602,331.7602,6369.7955,0.05007491,1459.7448,1337.1644,5175.4588,5298.0391,0.04068586,0.04164951,0.00208645,29.8814,40.3832,2.3265,127.6001,7.3643,2446.2564,54.8462,43.4275,28.3160,5.1431,12.8578,28.9875,66.8604,128.5777,263.3173,7.8995,-2.6176,10.0,20.479237,2.324,28,180,56,8,0.15055597,0.05216136,0.11437665,0E-8,0.000000,0.905409,0.000000,-0.07324236,2026-03-22,2026-08-06,52,901,524,138,0.376812,1.533674,1.453326,0.501853,,,,,,,,GLOBAL_BASELINE_NO_ENTITY_RANKING,,,NOT_APPLICABLE_GLOBAL_BASELINE,HF9g-P5,,,,X 全窗基线 · 不参与实体赏罚,14191358,1420,A168_HF9F_20260827_0900,2026-08-27 09:00:00
2026-04-24,128173484,2223,0,246.8392534618,9.5934874224,9.5934874224,0.5555556,15,9,0.46949337012749720,0.377147011111,0.5173369342463902,1.1043043760983344,0.5173369342463902,0.09234635901649720,ELIGIBLE,R03b_20260811_FULL_v1,L1_ELIGIBILITY,v2026-08-11,2026-03-21..2026-08-06,baccarat_bet02_101_all_pairs_incl_sentinel,round_win = game_pnl > 0 (decisive only),COMPATIBILITY_ONLY_NOT_PRODUCTION,127205.3315,115172.8122,6635.2036,4257,2852,-0.05216136,-0.11437665,-0.04113429,-0.05216136,-6635.2036,127205.3315,OK,0.0000,265.4081,4.0000,96.0000,AG03-UNRESOLVED,ALL5_LEVELS_bet23_to_bet27,265.4081,265.4081,265.4081,331.7602,331.7602,4.000000,4.000000,4.000000,5.000000,5.000000,96.000000,96.000000,96.000000,95.000000,95.000000,5.0,1459.7448,1337.1644,5175.4588,5298.0391,PENDING_AG03,FALSE,NOT_FOR_ENFORCEMENT,6369.7955,110565.8997,6635.2036,6369.7955,265.4081,0.05216136,0.05007491,265.4081,6369.7955,0.05007491,265.4081,265.4081,265.4081,331.7602,331.7602,6369.7955,0.05007491,1459.7448,1337.1644,5175.4588,5298.0391,0.04068586,0.04164951,0.00208645,29.8814,40.3832,2.3265,127.6001,7.3643,2446.2564,54.8462,43.4275,28.3160,5.1431,12.8578,28.9875,66.8604,128.5777,263.3173,7.8995,-2.6176,10.0,20.479237,2.324,28,180,56,8,0.15055597,0.05216136,0.11437665,0E-8,0.000000,0.905409,0.000000,-0.07324236,2026-03-22,2026-08-06,52,901,524,138,0.376812,1.533674,1.453326,0.501853,,,,,,,,GLOBAL_BASELINE_NO_ENTITY_RANKING,,,NOT_APPLICABLE_GLOBAL_BASELINE,HF9g-P5,,,,X 全窗基线 · 不参与实体赏罚,14191359,1420,A168_HF9F_20260827_0900,2026-08-27 09:00:00
2026-04-24,128173484,2224,0,36.3845771275,98.4870298144,98.4870298144,0.5000000,3,2,0.42414524943831683,0.398665625000,0.2170621007638689,0.2926910081793089,0.2170621007638689,0.02547962443831683,ELIGIBLE,R03b_20260811_FULL_v1,L1_ELIGIBILITY,v2026-08-11,2026-03-21..2026-08-06,baccarat_bet02_101_all_pairs_incl_sentinel,round_win = game_pnl > 0 (decisive only),COMPATIBILITY_ONLY_NOT_PRODUCTION,127205.3315,115172.8122,6635.2036,4257,2852,-0.05216136,-0.11437665,-0.04113429,-0.05216136,-6635.2036,127205.3315,OK,0.0000,265.4081,4.0000,96.0000,AG03-UNRESOLVED,ALL5_LEVELS_bet23_to_bet27,265.4081,265.4081,265.4081,331.7602,331.7602,4.000000,4.000000,4.000000,5.000000,5.000000,96.000000,96.000000,96.000000,95.000000,95.000000,5.0,1459.7448,1337.1644,5175.4588,5298.0391,PENDING_AG03,FALSE,NOT_FOR_ENFORCEMENT,6369.7955,110565.8997,6635.2036,6369.7955,265.4081,0.05216136,0.05007491,265.4081,6369.7955,0.05007491,265.4081,265.4081,265.4081,331.7602,331.7602,6369.7955,0.05007491,1459.7448,1337.1644,5175.4588,5298.0391,0.04068586,0.04164951,0.00208645,29.8814,40.3832,2.3265,127.6001,7.3643,2446.2564,54.8462,43.4275,28.3160,5.1431,12.8578,28.9875,66.8604,128.5777,263.3173,7.8995,-2.6176,10.0,20.479237,2.324,28,180,56,8,0.15055597,0.05216136,0.11437665,0E-8,0.000000,0.905409,0.000000,-0.07324236,2026-03-22,2026-08-06,52,901,524,138,0.376812,1.533674,1.453326,0.501853,,,,,,,,GLOBAL_BASELINE_NO_ENTITY_RANKING,,,NOT_APPLICABLE_GLOBAL_BASELINE,HF9g-P5,,,,X 全窗基线 · 不参与实体赏罚,14191360,1420,A168_HF9F_20260827_0900,2026-08-27 09:00:00
2026-04-24,128173484,2250,0,80.8837002331,-3.2981703008,-3.2981703008,0.5000000,9,4,0.43509977484464401,0.276827287500,0.26181582667042724,0.997575153645112,0.26181582667042724,0.15827248734464401,ELIGIBLE,R03b_20260811_FULL_v1,L1_ELIGIBILITY,v2026-08-11,2026-03-21..2026-08-06,baccarat_bet02_101_all_pairs_incl_sentinel,round_win = game_pnl > 0 (decisive only),COMPATIBILITY_ONLY_NOT_PRODUCTION,127205.3315,115172.8122,6635.2036,4257,2852,-0.05216136,-0.11437665,-0.04113429,-0.05216136,-6635.2036,127205.3315,OK,0.0000,265.4081,4.0000,96.0000,AG03-UNRESOLVED,ALL5_LEVELS_bet23_to_bet27,265.4081,265.4081,265.4081,331.7602,331.7602,4.000000,4.000000,4.000000,5.000000,5.000000,96.000000,96.000000,96.000000,95.000000,95.000000,5.0,1459.7448,1337.1644,5175.4588,5298.0391,PENDING_AG03,FALSE,NOT_FOR_ENFORCEMENT,6369.7955,110565.8997,6635.2036,6369.7955,265.4081,0.05216136,0.05007491,265.4081,6369.7955,0.05007491,265.4081,265.4081,265.4081,331.7602,331.7602,6369.7955,0.05007491,1459.7448,1337.1644,5175.4588,5298.0391,0.04068586,0.04164951,0.00208645,29.8814,40.3832,2.3265,127.6001,7.3643,2446.2564,54.8462,43.4275,28.3160,5.1431,12.8578,28.9875,66.8604,128.5777,263.3173,7.8995,-2.6176,10.0,20.479237,2.324,28,180,56,8,0.15055597,0.05216136,0.11437665,0E-8,0.000000,0.905409,0.000000,-0.07324236,2026-03-22,2026-08-06,52,901,524,138,0.376812,1.533674,1.453326,0.501853,,,,,,,,GLOBAL_BASELINE_NO_ENTITY_RANKING,,,NOT_APPLICABLE_GLOBAL_BASELINE,HF9g-P5,,,,X 全窗基线 · 不参与实体赏罚,14191361,1420,A168_HF9F_20260827_0900,2026-08-27 09:00:00
2026-04-24,128173484,462,0,261.4977881320,-162.5788550638,-162.5788550638,0.4285714,10,8,0.48271727222221540,0.447631212500,-0.28668418577571,-0.10141267704669552,-0.28668418577571,0.03508605972221540,ELIGIBLE,R03b_20260811_FULL_v1,L1_ELIGIBILITY,v2026-08-11,2026-03-21..2026-08-06,baccarat_bet02_101_all_pairs_incl_sentinel,round_win = game_pnl > 0 (decisive only),COMPATIBILITY_ONLY_NOT_PRODUCTION,127205.3315,115172.8122,6635.2036,4257,2852,-0.05216136,-0.11437665,-0.04113429,-0.05216136,-6635.2036,127205.3315,OK,0.0000,265.4081,4.0000,96.0000,AG03-UNRESOLVED,ALL5_LEVELS_bet23_to_bet27,265.4081,265.4081,265.4081,331.7602,331.7602,4.000000,4.000000,4.000000,5.000000,5.000000,96.000000,96.000000,96.000000,95.000000,95.000000,5.0,1459.7448,1337.1644,5175.4588,5298.0391,PENDING_AG03,FALSE,NOT_FOR_ENFORCEMENT,6369.7955,110565.8997,6635.2036,6369.7955,265.4081,0.05216136,0.05007491,265.4081,6369.7955,0.05007491,265.4081,265.4081,265.4081,331.7602,331.7602,6369.7955,0.05007491,1459.7448,1337.1644,5175.4588,5298.0391,0.04068586,0.04164951,0.00208645,29.8814,40.3832,2.3265,127.6001,7.3643,2446.2564,54.8462,43.4275,28.3160,5.1431,12.8578,28.9875,66.8604,128.5777,263.3173,7.8995,-2.6176,10.0,20.479237,2.324,28,180,56,8,0.15055597,0.05216136,0.11437665,0E-8,0.000000,0.905409,0.000000,-0.07324236,2026-03-22,2026-08-06,52,901,524,138,0.376812,1.533674,1.453326,0.501853,,,,,,,,GLOBAL_BASELINE_NO_ENTITY_RANKING,,,NOT_APPLICABLE_GLOBAL_BASELINE,HF9g-P5,,,,X 全窗基线 · 不参与实体赏罚,14191362,1420,A168_HF9F_20260827_0900,2026-08-27 09:00:00
2026-04-24,128173484,529,0,42.1432871765,-16.6217312777,-16.6217312777,0.5000000,3,2,0.46770526311453237,0.398665625000,0.09153444103821787,0.2926910081793089,0.09153444103821787,0.06903963811453237,ELIGIBLE,R03b_20260811_FULL_v1,L1_ELIGIBILITY,v2026-08-11,2026-03-21..2026-08-06,baccarat_bet02_101_all_pairs_incl_sentinel,round_win = game_pnl > 0 (decisive only),COMPATIBILITY_ONLY_NOT_PRODUCTION,127205.3315,115172.8122,6635.2036,4257,2852,-0.05216136,-0.11437665,-0.04113429,-0.05216136,-6635.2036,127205.3315,OK,0.0000,265.4081,4.0000,96.0000,AG03-UNRESOLVED,ALL5_LEVELS_bet23_to_bet27,265.4081,265.4081,265.4081,331.7602,331.7602,4.000000,4.000000,4.000000,5.000000,5.000000,96.000000,96.000000,96.000000,95.000000,95.000000,5.0,1459.7448,1337.1644,5175.4588,5298.0391,PENDING_AG03,FALSE,NOT_FOR_ENFORCEMENT,6369.7955,110565.8997,6635.2036,6369.7955,265.4081,0.05216136,0.05007491,265.4081,6369.7955,0.05007491,265.4081,265.4081,265.4081,331.7602,331.7602,6369.7955,0.05007491,1459.7448,1337.1644,5175.4588,5298.0391,0.04068586,0.04164951,0.00208645,29.8814,40.3832,2.3265,127.6001,7.3643,2446.2564,54.8462,43.4275,28.3160,5.1431,12.8578,28.9875,66.8604,128.5777,263.3173,7.8995,-2.6176,10.0,20.479237,2.324,28,180,56,8,0.15055597,0.05216136,0.11437665,0E-8,0.000000,0.905409,0.000000,-0.07324236,2026-03-22,2026-08-06,52,901,524,138,0.376812,1.533674,1.453326,0.501853,,,,,,,,GLOBAL_BASELINE_NO_ENTITY_RANKING,,,NOT_APPLICABLE_GLOBAL_BASELINE,HF9g-P5,,,,X 全窗基线 · 不参与实体赏罚,14191363,1420,A168_HF9F_20260827_0900,2026-08-27 09:00:00
2026-04-24,128173484,550,0,387.4041305658,349.4489961522,349.4489961522,0.7500000,6,4,0.49106547065215916,0.431847941667,1.0359035142792472,1.2845973264373487,1.0359035142792472,0.05921752898515916,ELIGIBLE,R03b_20260811_FULL_v1,L1_ELIGIBILITY,v2026-08-11,2026-03-21..2026-08-06,baccarat_bet02_101_all_pairs_incl_sentinel,round_win = game_pnl > 0 (decisive only),COMPATIBILITY_ONLY_NOT_PRODUCTION,127205.3315,115172.8122,6635.2036,4257,2852,-0.05216136,-0.11437665,-0.04113429,-0.05216136,-6635.2036,127205.3315,OK,0.0000,265.4081,4.0000,96.0000,AG03-UNRESOLVED,ALL5_LEVELS_bet23_to_bet27,265.4081,265.4081,265.4081,331.7602,331.7602,4.000000,4.000000,4.000000,5.000000,5.000000,96.000000,96.000000,96.000000,95.000000,95.000000,5.0,1459.7448,1337.1644,5175.4588,5298.0391,PENDING_AG03,FALSE,NOT_FOR_ENFORCEMENT,6369.7955,110565.8997,6635.2036,6369.7955,265.4081,0.05216136,0.05007491,265.4081,6369.7955,0.05007491,265.4081,265.4081,265.4081,331.7602,331.7602,6369.7955,0.05007491,1459.7448,1337.1644,5175.4588,5298.0391,0.04068586,0.04164951,0.00208645,29.8814,40.3832,2.3265,127.6001,7.3643,2446.2564,54.8462,43.4275,28.3160,5.1431,12.8578,28.9875,66.8604,128.5777,263.3173,7.8995,-2.6176,10.0,20.479237,2.324,28,180,56,8,0.15055597,0.05216136,0.11437665,0E-8,0.000000,0.905409,0.000000,-0.07324236,2026-03-22,2026-08-06,52,901,524,138,0.376812,1.533674,1.453326,0.501853,,,,,,,,GLOBAL_BASELINE_NO_ENTITY_RANKING,,,NOT_APPLICABLE_GLOBAL_BASELINE,HF9g-P5,,,,X 全窗基线 · 不参与实体赏罚,14191364,1420,A168_HF9F_20260827_0900,2026-08-27 09:00:00
2026-04-24,128173484,752,0,345.5226029370,73.2926733503,73.2926733503,1.0000000,4,3,0.48056188787876585,0.423485633333,1.4703043462638075,1.6500637529148894,1.4703043462638075,0.05707625454576585,ELIGIBLE,R03b_20260811_FULL_v1,L1_ELIGIBILITY,v2026-08-11,2026-03-21..2026-08-06,baccarat_bet02_101_all_pairs_incl_sentinel,round_win = game_pnl > 0 (decisive only),COMPATIBILITY_ONLY_NOT_PRODUCTION,127205.3315,115172.8122,6635.2036,4257,2852,-0.05216136,-0.11437665,-0.04113429,-0.05216136,-6635.2036,127205.3315,OK,0.0000,265.4081,4.0000,96.0000,AG03-UNRESOLVED,ALL5_LEVELS_bet23_to_bet27,265.4081,265.4081,265.4081,331.7602,331.7602,4.000000,4.000000,4.000000,5.000000,5.000000,96.000000,96.000000,96.000000,95.000000,95.000000,5.0,1459.7448,1337.1644,5175.4588,5298.0391,PENDING_AG03,FALSE,NOT_FOR_ENFORCEMENT,6369.7955,110565.8997,6635.2036,6369.7955,265.4081,0.05216136,0.05007491,265.4081,6369.7955,0.05007491,265.4081,265.4081,265.4081,331.7602,331.7602,6369.7955,0.05007491,1459.7448,1337.1644,5175.4588,5298.0391,0.04068586,0.04164951,0.00208645,29.8814,40.3832,2.3265,127.6001,7.3643,2446.2564,54.8462,43.4275,28.3160,5.1431,12.8578,28.9875,66.8604,128.5777,263.3173,7.8995,-2.6176,10.0,20.479237,2.324,28,180,56,8,0.15055597,0.05216136,0.11437665,0E-8,0.000000,0.905409,0.000000,-0.07324236,2026-03-22,2026-08-06,52,901,524,138,0.376812,1.533674,1.453326,0.501853,,,,,,,,GLOBAL_BASELINE_NO_ENTITY_RANKING,,,NOT_APPLICABLE_GLOBAL_BASELINE,HF9g-P5,,,,X 全窗基线 · 不参与实体赏罚,14191365,1420,A168_HF9F_20260827_0900,2026-08-27 09:00:00
2026-04-24,128173484,772,0,53.1371881791,31.5420254954,31.5420254954,0.6666667,5,3,0.44357865697644670,0.365986000000,0.7777672379717641,1.0811463128973875,0.7777672379717641,0.07759265697644670,ELIGIBLE,R03b_20260811_FULL_v1,L1_ELIGIBILITY,v2026-08-11,2026-03-21..2026-08-06,baccarat_bet02_101_all_pairs_incl_sentinel,round_win = game_pnl > 0 (decisive only),COMPATIBILITY_ONLY_NOT_PRODUCTION,127205.3315,115172.8122,6635.2036,4257,2852,-0.05216136,-0.11437665,-0.04113429,-0.05216136,-6635.2036,127205.3315,OK,0.0000,265.4081,4.0000,96.0000,AG03-UNRESOLVED,ALL5_LEVELS_bet23_to_bet27,265.4081,265.4081,265.4081,331.7602,331.7602,4.000000,4.000000,4.000000,5.000000,5.000000,96.000000,96.000000,96.000000,95.000000,95.000000,5.0,1459.7448,1337.1644,5175.4588,5298.0391,PENDING_AG03,FALSE,NOT_FOR_ENFORCEMENT,6369.7955,110565.8997,6635.2036,6369.7955,265.4081,0.05216136,0.05007491,265.4081,6369.7955,0.05007491,265.4081,265.4081,265.4081,331.7602,331.7602,6369.7955,0.05007491,1459.7448,1337.1644,5175.4588,5298.0391,0.04068586,0.04164951,0.00208645,29.8814,40.3832,2.3265,127.6001,7.3643,2446.2564,54.8462,43.4275,28.3160,5.1431,12.8578,28.9875,66.8604,128.5777,263.3173,7.8995,-2.6176,10.0,20.479237,2.324,28,180,56,8,0.15055597,0.05216136,0.11437665,0E-8,0.000000,0.905409,0.000000,-0.07324236,2026-03-22,2026-08-06,52,901,524,138,0.376812,1.533674,1.453326,0.501853,,,,,,,,GLOBAL_BASELINE_NO_ENTITY_RANKING,,,NOT_APPLICABLE_GLOBAL_BASELINE,HF9g-P5,,,,X 全窗基线 · 不参与实体赏罚,14191366,1420,A168_HF9F_20260827_0900,2026-08-27 09:00:00
2026-04-24,128173484,789,0,512.5251943566,-127.1497002853,-127.1497002853,0.4285714,9,7,0.48797787857141928,0.444914171429,-0.3144402920805806,-0.08700731723591153,-0.3144402920805806,0.04306370714241928,ELIGIBLE,R03b_20260811_FULL_v1,L1_ELIGIBILITY,v2026-08-11,2026-03-21..2026-08-06,baccarat_bet02_101_all_pairs_incl_sentinel,round_win = game_pnl > 0 (decisive only),COMPATIBILITY_ONLY_NOT_PRODUCTION,127205.3315,115172.8122,6635.2036,4257,2852,-0.05216136,-0.11437665,-0.04113429,-0.05216136,-6635.2036,127205.3315,OK,0.0000,265.4081,4.0000,96.0000,AG03-UNRESOLVED,ALL5_LEVELS_bet23_to_bet27,265.4081,265.4081,265.4081,331.7602,331.7602,4.000000,4.000000,4.000000,5.000000,5.000000,96.000000,96.000000,96.000000,95.000000,95.000000,5.0,1459.7448,1337.1644,5175.4588,5298.0391,PENDING_AG03,FALSE,NOT_FOR_ENFORCEMENT,6369.7955,110565.8997,6635.2036,6369.7955,265.4081,0.05216136,0.05007491,265.4081,6369.7955,0.05007491,265.4081,265.4081,265.4081,331.7602,331.7602,6369.7955,0.05007491,1459.7448,1337.1644,5175.4588,5298.0391,0.04068586,0.04164951,0.00208645,29.8814,40.3832,2.3265,127.6001,7.3643,2446.2564,54.8462,43.4275,28.3160,5.1431,12.8578,28.9875,66.8604,128.5777,263.3173,7.8995,-2.6176,10.0,20.479237,2.324,28,180,56,8,0.15055597,0.05216136,0.11437665,0E-8,0.000000,0.905409,0.000000,-0.07324236,2026-03-22,2026-08-06,52,901,524,138,0.376812,1.533674,1.453326,0.501853,,,,,,,,GLOBAL_BASELINE_NO_ENTITY_RANKING,,,NOT_APPLICABLE_GLOBAL_BASELINE,HF9g-P5,,,,X 全窗基线 · 不参与实体赏罚,14191367,1420,A168_HF9F_20260827_0900,2026-08-27 09:00:00
2026-04-27,128173484,1994,0,109.1537313824,65.1519514174,65.1519514174,1.0000000,3,3,0.50218230000000000,0.502182300000,1.4080544974538591,1.4080544974538591,1.4080544974538591,0E-17,ELIGIBLE,R03b_20260811_FULL_v1,L1_ELIGIBILITY,v2026-08-11,2026-03-21..2026-08-06,baccarat_bet02_101_all_pairs_incl_sentinel,round_win = game_pnl > 0 (decisive only),COMPATIBILITY_ONLY_NOT_PRODUCTION,127205.3315,115172.8122,6635.2036,4257,2852,-0.05216136,-0.11437665,-0.04113429,-0.05216136,-6635.2036,127205.3315,OK,0.0000,265.4081,4.0000,96.0000,AG03-UNRESOLVED,ALL5_LEVELS_bet23_to_bet27,265.4081,265.4081,265.4081,331.7602,331.7602,4.000000,4.000000,4.000000,5.000000,5.000000,96.000000,96.000000,96.000000,95.000000,95.000000,5.0,1459.7448,1337.1644,5175.4588,5298.0391,PENDING_AG03,FALSE,NOT_FOR_ENFORCEMENT,6369.7955,110565.8997,6635.2036,6369.7955,265.4081,0.05216136,0.05007491,265.4081,6369.7955,0.05007491,265.4081,265.4081,265.4081,331.7602,331.7602,6369.7955,0.05007491,1459.7448,1337.1644,5175.4588,5298.0391,0.04068586,0.04164951,0.00208645,29.8814,40.3832,2.3265,127.6001,7.3643,2446.2564,54.8462,43.4275,28.3160,5.1431,12.8578,28.9875,66.8604,128.5777,263.3173,7.8995,-2.6176,10.0,20.479237,2.324,28,180,56,8,0.15055597,0.05216136,0.11437665,0E-8,0.000000,0.905409,0.000000,-0.07324236,2026-03-22,2026-08-06,52,901,524,138,0.376812,1.533674,1.453326,0.501853,,,,,,,,GLOBAL_BASELINE_NO_ENTITY_RANKING,,,NOT_APPLICABLE_GLOBAL_BASELINE,HF9g-P5,,,,X 全窗基线 · 不参与实体赏罚,14191368,1420,A168_HF9F_20260827_0900,2026-08-27 09:00:00
2026-04-27,128173484,2252,0,649.4254377928,351.0195534381,351.0195534381,0.6923077,18,13,0.49428055938654464,0.420489896154,1.4280873976097228,1.9853691745064628,1.4280873976097228,0.07379066323254464,ELIGIBLE,R03b_20260811_FULL_v1,L1_ELIGIBILITY,v2026-08-11,2026-03-21..2026-08-06,baccarat_bet02_101_all_pairs_incl_sentinel,round_win = game_pnl > 0 (decisive only),COMPATIBILITY_ONLY_NOT_PRODUCTION,127205.3315,115172.8122,6635.2036,4257,2852,-0.05216136,-0.11437665,-0.04113429,-0.05216136,-6635.2036,127205.3315,OK,0.0000,265.4081,4.0000,96.0000,AG03-UNRESOLVED,ALL5_LEVELS_bet23_to_bet27,265.4081,265.4081,265.4081,331.7602,331.7602,4.000000,4.000000,4.000000,5.000000,5.000000,96.000000,96.000000,96.000000,95.000000,95.000000,5.0,1459.7448,1337.1644,5175.4588,5298.0391,PENDING_AG03,FALSE,NOT_FOR_ENFORCEMENT,6369.7955,110565.8997,6635.2036,6369.7955,265.4081,0.05216136,0.05007491,265.4081,6369.7955,0.05007491,265.4081,265.4081,265.4081,331.7602,331.7602,6369.7955,0.05007491,1459.7448,1337.1644,5175.4588,5298.0391,0.04068586,0.04164951,0.00208645,29.8814,40.3832,2.3265,127.6001,7.3643,2446.2564,54.8462,43.4275,28.3160,5.1431,12.8578,28.9875,66.8604,128.5777,263.3173,7.8995,-2.6176,10.0,20.479237,2.324,28,180,56,8,0.15055597,0.05216136,0.11437665,0E-8,0.000000,0.905409,0.000000,-0.07324236,2026-03-22,2026-08-06,52,901,524,138,0.376812,1.533674,1.453326,0.501853,,,,,,,,GLOBAL_BASELINE_NO_ENTITY_RANKING,,,NOT_APPLICABLE_GLOBAL_BASELINE,HF9g-P5,,,,X 全窗基线 · 不参与实体赏罚,14191369,1420,A168_HF9F_20260827_0900,2026-08-27 09:00:00
2026-04-30,128173484,1004,0,103.3950213335,49.7343140591,49.7343140591,0.6666667,6,3,0.46529604399997727,0.340884183333,0.6992546476862993,1.1904305527965087,0.6992546476862993,0.12441186066697727,ELIGIBLE,R03b_20260811_FULL_v1,L1_ELIGIBILITY,v2026-08-11,2026-03-21..2026-08-06,baccarat_bet02_101_all_pairs_incl_sentinel,round_win = game_pnl > 0 (decisive only),COMPATIBILITY_ONLY_NOT_PRODUCTION,127205.3315,115172.8122,6635.2036,4257,2852,-0.05216136,-0.11437665,-0.04113429,-0.05216136,-6635.2036,127205.3315,OK,0.0000,265.4081,4.0000,96.0000,AG03-UNRESOLVED,ALL5_LEVELS_bet23_to_bet27,265.4081,265.4081,265.4081,331.7602,331.7602,4.000000,4.000000,4.000000,5.000000,5.000000,96.000000,96.000000,96.000000,95.000000,95.000000,5.0,1459.7448,1337.1644,5175.4588,5298.0391,PENDING_AG03,FALSE,NOT_FOR_ENFORCEMENT,6369.7955,110565.8997,6635.2036,6369.7955,265.4081,0.05216136,0.05007491,265.4081,6369.7955,0.05007491,265.4081,265.4081,265.4081,331.7602,331.7602,6369.7955,0.05007491,1459.7448,1337.1644,5175.4588,5298.0391,0.04068586,0.04164951,0.00208645,29.8814,40.3832,2.3265,127.6001,7.3643,2446.2564,54.8462,43.4275,28.3160,5.1431,12.8578,28.9875,66.8604,128.5777,263.3173,7.8995,-2.6176,10.0,20.479237,2.324,28,180,56,8,0.15055597,0.05216136,0.11437665,0E-8,0.000000,0.905409,0.000000,-0.07324236,2026-03-22,2026-08-06,52,901,524,138,0.376812,1.533674,1.453326,0.501853,,,,,,,,GLOBAL_BASELINE_NO_ENTITY_RANKING,,,NOT_APPLICABLE_GLOBAL_BASELINE,HF9g-P5,,,,X 全窗基线 · 不参与实体赏罚,14191370,1420,A168_HF9F_20260827_0900,2026-08-27 09:00:00
2026-04-30,128173484,1078,0,74.6014710888,50.1269533807,50.1269533807,1.0000000,9,5,0.40960192794871795,0.332488570000,2.6845807480724444,3.1682977975814284,2.6845807480724444,0.07711335794871795,ELIGIBLE,R03b_20260811_FULL_v1,L1_ELIGIBILITY,v2026-08-11,2026-03-21..2026-08-06,baccarat_bet02_101_all_pairs_incl_sentinel,round_win = game_pnl > 0 (decisive only),COMPATIBILITY_ONLY_NOT_PRODUCTION,127205.3315,115172.8122,6635.2036,4257,2852,-0.05216136,-0.11437665,-0.04113429,-0.05216136,-6635.2036,127205.3315,OK,0.0000,265.4081,4.0000,96.0000,AG03-UNRESOLVED,ALL5_LEVELS_bet23_to_bet27,265.4081,265.4081,265.4081,331.7602,331.7602,4.000000,4.000000,4.000000,5.000000,5.000000,96.000000,96.000000,96.000000,95.000000,95.000000,5.0,1459.7448,1337.1644,5175.4588,5298.0391,PENDING_AG03,FALSE,NOT_FOR_ENFORCEMENT,6369.7955,110565.8997,6635.2036,6369.7955,265.4081,0.05216136,0.05007491,265.4081,6369.7955,0.05007491,265.4081,265.4081,265.4081,331.7602,331.7602,6369.7955,0.05007491,1459.7448,1337.1644,5175.4588,5298.0391,0.04068586,0.04164951,0.00208645,29.8814,40.3832,2.3265,127.6001,7.3643,2446.2564,54.8462,43.4275,28.3160,5.1431,12.8578,28.9875,66.8604,128.5777,263.3173,7.8995,-2.6176,10.0,20.479237,2.324,28,180,56,8,0.15055597,0.05216136,0.11437665,0E-8,0.000000,0.905409,0.000000,-0.07324236,2026-03-22,2026-08-06,52,901,524,138,0.376812,1.533674,1.453326,0.501853,,,,,,,,GLOBAL_BASELINE_NO_ENTITY_RANKING,,,NOT_APPLICABLE_GLOBAL_BASELINE,HF9g-P5,,,,X 全窗基线 · 不参与实体赏罚,14191371,1420,A168_HF9F_20260827_0900,2026-08-27 09:00:00
2026-04-30,128173484,1115,0,15.7055728608,-2.6175954768,-2.6175954768,0E-7,2,1,0.42348563333333333,0.283965900000,-0.8570660132833097,-0.6297471965178028,-0.8570660132833097,0.13951973333333333,ELIGIBLE,R03b_20260811_FULL_v1,L1_ELIGIBILITY,v2026-08-11,2026-03-21..2026-08-06,baccarat_bet02_101_all_pairs_incl_sentinel,round_win = game_pnl > 0 (decisive only),COMPATIBILITY_ONLY_NOT_PRODUCTION,127205.3315,115172.8122,6635.2036,4257,2852,-0.05216136,-0.11437665,-0.04113429,-0.05216136,-6635.2036,127205.3315,OK,0.0000,265.4081,4.0000,96.0000,AG03-UNRESOLVED,ALL5_LEVELS_bet23_to_bet27,265.4081,265.4081,265.4081,331.7602,331.7602,4.000000,4.000000,4.000000,5.000000,5.000000,96.000000,96.000000,96.000000,95.000000,95.000000,5.0,1459.7448,1337.1644,5175.4588,5298.0391,PENDING_AG03,FALSE,NOT_FOR_ENFORCEMENT,6369.7955,110565.8997,6635.2036,6369.7955,265.4081,0.05216136,0.05007491,265.4081,6369.7955,0.05007491,265.4081,265.4081,265.4081,331.7602,331.7602,6369.7955,0.05007491,1459.7448,1337.1644,5175.4588,5298.0391,0.04068586,0.04164951,0.00208645,29.8814,40.3832,2.3265,127.6001,7.3643,2446.2564,54.8462,43.4275,28.3160,5.1431,12.8578,28.9875,66.8604,128.5777,263.3173,7.8995,-2.6176,10.0,20.479237,2.324,28,180,56,8,0.15055597,0.05216136,0.11437665,0E-8,0.000000,0.905409,0.000000,-0.07324236,2026-03-22,2026-08-06,52,901,524,138,0.376812,1.533674,1.453326,0.501853,,,,,,,,GLOBAL_BASELINE_NO_ENTITY_RANKING,,,NOT_APPLICABLE_GLOBAL_BASELINE,HF9g-P5,,,,X 全窗基线 · 不参与实体赏罚,14191372,1420,A168_HF9F_20260827_0900,2026-08-27 09:00:00
2026-04-30,128173484,1157,0,16.4908515038,9.0307043950,9.0307043950,1.0000000,2,1,0.41752016190559342,0.290680550000,1.1811409386640372,1.5621148022658344,1.1811409386640372,0.12683961190559342,ELIGIBLE,R03b_20260811_FULL_v1,L1_ELIGIBILITY,v2026-08-11,2026-03-21..2026-08-06,baccarat_bet02_101_all_pairs_incl_sentinel,round_win = game_pnl > 0 (decisive only),COMPATIBILITY_ONLY_NOT_PRODUCTION,127205.3315,115172.8122,6635.2036,4257,2852,-0.05216136,-0.11437665,-0.04113429,-0.05216136,-6635.2036,127205.3315,OK,0.0000,265.4081,4.0000,96.0000,AG03-UNRESOLVED,ALL5_LEVELS_bet23_to_bet27,265.4081,265.4081,265.4081,331.7602,331.7602,4.000000,4.000000,4.000000,5.000000,5.000000,96.000000,96.000000,96.000000,95.000000,95.000000,5.0,1459.7448,1337.1644,5175.4588,5298.0391,PENDING_AG03,FALSE,NOT_FOR_ENFORCEMENT,6369.7955,110565.8997,6635.2036,6369.7955,265.4081,0.05216136,0.05007491,265.4081,6369.7955,0.05007491,265.4081,265.4081,265.4081,331.7602,331.7602,6369.7955,0.05007491,1459.7448,1337.1644,5175.4588,5298.0391,0.04068586,0.04164951,0.00208645,29.8814,40.3832,2.3265,127.6001,7.3643,2446.2564,54.8462,43.4275,28.3160,5.1431,12.8578,28.9875,66.8604,128.5777,263.3173,7.8995,-2.6176,10.0,20.479237,2.324,28,180,56,8,0.15055597,0.05216136,0.11437665,0E-8,0.000000,0.905409,0.000000,-0.07324236,2026-03-22,2026-08-06,52,901,524,138,0.376812,1.533674,1.453326,0.501853,,,,,,,,GLOBAL_BASELINE_NO_ENTITY_RANKING,,,NOT_APPLICABLE_GLOBAL_BASELINE,HF9g-P5,,,,X 全窗基线 · 不参与实体赏罚,14191373,1420,A168_HF9F_20260827_0900,2026-08-27 09:00:00
2026-04-30,128173484,1205,0,39.2639321520,37.3007355444,37.3007355444,1.0000000,2,2,0.50665070000000000,0.506650700000,1.3955260008387969,1.3955260008387969,1.3955260008387969,0E-17,ELIGIBLE,R03b_20260811_FULL_v1,L1_ELIGIBILITY,v2026-08-11,2026-03-21..2026-08-06,baccarat_bet02_101_all_pairs_incl_sentinel,round_win = game_pnl > 0 (decisive only),COMPATIBILITY_ONLY_NOT_PRODUCTION,127205.3315,115172.8122,6635.2036,4257,2852,-0.05216136,-0.11437665,-0.04113429,-0.05216136,-6635.2036,127205.3315,OK,0.0000,265.4081,4.0000,96.0000,AG03-UNRESOLVED,ALL5_LEVELS_bet23_to_bet27,265.4081,265.4081,265.4081,331.7602,331.7602,4.000000,4.000000,4.000000,5.000000,5.000000,96.000000,96.000000,96.000000,95.000000,95.000000,5.0,1459.7448,1337.1644,5175.4588,5298.0391,PENDING_AG03,FALSE,NOT_FOR_ENFORCEMENT,6369.7955,110565.8997,6635.2036,6369.7955,265.4081,0.05216136,0.05007491,265.4081,6369.7955,0.05007491,265.4081,265.4081,265.4081,331.7602,331.7602,6369.7955,0.05007491,1459.7448,1337.1644,5175.4588,5298.0391,0.04068586,0.04164951,0.00208645,29.8814,40.3832,2.3265,127.6001,7.3643,2446.2564,54.8462,43.4275,28.3160,5.1431,12.8578,28.9875,66.8604,128.5777,263.3173,7.8995,-2.6176,10.0,20.479237,2.324,28,180,56,8,0.15055597,0.05216136,0.11437665,0E-8,0.000000,0.905409,0.000000,-0.07324236,2026-03-22,2026-08-06,52,901,524,138,0.376812,1.533674,1.453326,0.501853,,,,,,,,GLOBAL_BASELINE_NO_ENTITY_RANKING,,,NOT_APPLICABLE_GLOBAL_BASELINE,HF9g-P5,,,,X 全窗基线 · 不参与实体赏罚,14191374,1420,A168_HF9F_20260827_0900,2026-08-27 09:00:00
2026-04-30,128173484,1291,0,44.4991231055,-44.4991231055,-44.4991231055,0E-7,2,1,0.45583419411753286,0.290680550000,-0.9152459716836696,-0.6401578158977228,-0.9152459716836696,0.16515364411753286,ELIGIBLE,R03b_20260811_FULL_v1,L1_ELIGIBILITY,v2026-08-11,2026-03-21..2026-08-06,baccarat_bet02_101_all_pairs_incl_sentinel,round_win = game_pnl > 0 (decisive only),COMPATIBILITY_ONLY_NOT_PRODUCTION,127205.3315,115172.8122,6635.2036,4257,2852,-0.05216136,-0.11437665,-0.04113429,-0.05216136,-6635.2036,127205.3315,OK,0.0000,265.4081,4.0000,96.0000,AG03-UNRESOLVED,ALL5_LEVELS_bet23_to_bet27,265.4081,265.4081,265.4081,331.7602,331.7602,4.000000,4.000000,4.000000,5.000000,5.000000,96.000000,96.000000,96.000000,95.000000,95.000000,5.0,1459.7448,1337.1644,5175.4588,5298.0391,PENDING_AG03,FALSE,NOT_FOR_ENFORCEMENT,6369.7955,110565.8997,6635.2036,6369.7955,265.4081,0.05216136,0.05007491,265.4081,6369.7955,0.05007491,265.4081,265.4081,265.4081,331.7602,331.7602,6369.7955,0.05007491,1459.7448,1337.1644,5175.4588,5298.0391,0.04068586,0.04164951,0.00208645,29.8814,40.3832,2.3265,127.6001,7.3643,2446.2564,54.8462,43.4275,28.3160,5.1431,12.8578,28.9875,66.8604,128.5777,263.3173,7.8995,-2.6176,10.0,20.479237,2.324,28,180,56,8,0.15055597,0.05216136,0.11437665,0E-8,0.000000,0.905409,0.000000,-0.07324236,2026-03-22,2026-08-06,52,901,524,138,0.376812,1.533674,1.453326,0.501853,,,,,,,,GLOBAL_BASELINE_NO_ENTITY_RANKING,,,NOT_APPLICABLE_GLOBAL_BASELINE,HF9g-P5,,,,X 全窗基线 · 不参与实体赏罚,14191375,1420,A168_HF9F_20260827_0900,2026-08-27 09:00:00
2026-04-30,128173484,1299,0,11.7791796456,11.4519802110,11.4519802110,1.0000000,2,2,0.49994810000000000,0.499948100000,1.4143603653603398,1.4143603653603398,1.4143603653603398,0E-17,ELIGIBLE,R03b_20260811_FULL_v1,L1_ELIGIBILITY,v2026-08-11,2026-03-21..2026-08-06,baccarat_bet02_101_all_pairs_incl_sentinel,round_win = game_pnl > 0 (decisive only),COMPATIBILITY_ONLY_NOT_PRODUCTION,127205.3315,115172.8122,6635.2036,4257,2852,-0.05216136,-0.11437665,-0.04113429,-0.05216136,-6635.2036,127205.3315,OK,0.0000,265.4081,4.0000,96.0000,AG03-UNRESOLVED,ALL5_LEVELS_bet23_to_bet27,265.4081,265.4081,265.4081,331.7602,331.7602,4.000000,4.000000,4.000000,5.000000,5.000000,96.000000,96.000000,96.000000,95.000000,95.000000,5.0,1459.7448,1337.1644,5175.4588,5298.0391,PENDING_AG03,FALSE,NOT_FOR_ENFORCEMENT,6369.7955,110565.8997,6635.2036,6369.7955,265.4081,0.05216136,0.05007491,265.4081,6369.7955,0.05007491,265.4081,265.4081,265.4081,331.7602,331.7602,6369.7955,0.05007491,1459.7448,1337.1644,5175.4588,5298.0391,0.04068586,0.04164951,0.00208645,29.8814,40.3832,2.3265,127.6001,7.3643,2446.2564,54.8462,43.4275,28.3160,5.1431,12.8578,28.9875,66.8604,128.5777,263.3173,7.8995,-2.6176,10.0,20.479237,2.324,28,180,56,8,0.15055597,0.05216136,0.11437665,0E-8,0.000000,0.905409,0.000000,-0.07324236,2026-03-22,2026-08-06,52,901,524,138,0.376812,1.533674,1.453326,0.501853,,,,,,,,GLOBAL_BASELINE_NO_ENTITY_RANKING,,,NOT_APPLICABLE_GLOBAL_BASELINE,HF9g-P5,,,,X 全窗基线 · 不参与实体赏罚,14191376,1420,A168_HF9F_20260827_0900,2026-08-27 09:00:00
2026-04-30,128173484,1304,0,62.8222914431,54.5768656912,54.5768656912,1.0000000,3,2,0.45265816250000000,0.398665625000,1.5551029409241683,1.736875216052051,1.5551029409241683,0.05399253750000000,ELIGIBLE,R03b_20260811_FULL_v1,L1_ELIGIBILITY,v2026-08-11,2026-03-21..2026-08-06,baccarat_bet02_101_all_pairs_incl_sentinel,round_win = game_pnl > 0 (decisive only),COMPATIBILITY_ONLY_NOT_PRODUCTION,127205.3315,115172.8122,6635.2036,4257,2852,-0.05216136,-0.11437665,-0.04113429,-0.05216136,-6635.2036,127205.3315,OK,0.0000,265.4081,4.0000,96.0000,AG03-UNRESOLVED,ALL5_LEVELS_bet23_to_bet27,265.4081,265.4081,265.4081,331.7602,331.7602,4.000000,4.000000,4.000000,5.000000,5.000000,96.000000,96.000000,96.000000,95.000000,95.000000,5.0,1459.7448,1337.1644,5175.4588,5298.0391,PENDING_AG03,FALSE,NOT_FOR_ENFORCEMENT,6369.7955,110565.8997,6635.2036,6369.7955,265.4081,0.05216136,0.05007491,265.4081,6369.7955,0.05007491,265.4081,265.4081,265.4081,331.7602,331.7602,6369.7955,0.05007491,1459.7448,1337.1644,5175.4588,5298.0391,0.04068586,0.04164951,0.00208645,29.8814,40.3832,2.3265,127.6001,7.3643,2446.2564,54.8462,43.4275,28.3160,5.1431,12.8578,28.9875,66.8604,128.5777,263.3173,7.8995,-2.6176,10.0,20.479237,2.324,28,180,56,8,0.15055597,0.05216136,0.11437665,0E-8,0.000000,0.905409,0.000000,-0.07324236,2026-03-22,2026-08-06,52,901,524,138,0.376812,1.533674,1.453326,0.501853,,,,,,,,GLOBAL_BASELINE_NO_ENTITY_RANKING,,,NOT_APPLICABLE_GLOBAL_BASELINE,HF9g-P5,,,,X 全窗基线 · 不参与实体赏罚,14191377,1420,A168_HF9F_20260827_0900,2026-08-27 09:00:00
2026-04-30,128173484,1318,0,98.1598303800,-22.6814648066,-22.6814648066,0.3333333,11,6,0.42640416869835151,0.350081783333,-0.4609730364113766,-0.08600746253010112,-0.4609730364113766,0.07632238536535151,ELIGIBLE,R03b_20260811_FULL_v1,L1_ELIGIBILITY,v2026-08-11,2026-03-21..2026-08-06,baccarat_bet02_101_all_pairs_incl_sentinel,round_win = game_pnl > 0 (decisive only),COMPATIBILITY_ONLY_NOT_PRODUCTION,127205.3315,115172.8122,6635.2036,4257,2852,-0.05216136,-0.11437665,-0.04113429,-0.05216136,-6635.2036,127205.3315,OK,0.0000,265.4081,4.0000,96.0000,AG03-UNRESOLVED,ALL5_LEVELS_bet23_to_bet27,265.4081,265.4081,265.4081,331.7602,331.7602,4.000000,4.000000,4.000000,5.000000,5.000000,96.000000,96.000000,96.000000,95.000000,95.000000,5.0,1459.7448,1337.1644,5175.4588,5298.0391,PENDING_AG03,FALSE,NOT_FOR_ENFORCEMENT,6369.7955,110565.8997,6635.2036,6369.7955,265.4081,0.05216136,0.05007491,265.4081,6369.7955,0.05007491,265.4081,265.4081,265.4081,331.7602,331.7602,6369.7955,0.05007491,1459.7448,1337.1644,5175.4588,5298.0391,0.04068586,0.04164951,0.00208645,29.8814,40.3832,2.3265,127.6001,7.3643,2446.2564,54.8462,43.4275,28.3160,5.1431,12.8578,28.9875,66.8604,128.5777,263.3173,7.8995,-2.6176,10.0,20.479237,2.324,28,180,56,8,0.15055597,0.05216136,0.11437665,0E-8,0.000000,0.905409,0.000000,-0.07324236,2026-03-22,2026-08-06,52,901,524,138,0.376812,1.533674,1.453326,0.501853,,,,,,,,GLOBAL_BASELINE_NO_ENTITY_RANKING,,,NOT_APPLICABLE_GLOBAL_BASELINE,HF9g-P5,,,,X 全窗基线 · 不参与实体赏罚,14191378,1420,A168_HF9F_20260827_0900,2026-08-27 09:00:00
2026-04-30,128173484,1353,0,95.0187158078,12.4335785149,12.4335785149,0.5714286,13,7,0.38686661233782216,0.320076607143,1.0026124733072688,1.4255233795949678,1.0026124733072688,0.06679000519482216,ELIGIBLE,R03b_20260811_FULL_v1,L1_ELIGIBILITY,v2026-08-11,2026-03-21..2026-08-06,baccarat_bet02_101_all_pairs_incl_sentinel,round_win = game_pnl > 0 (decisive only),COMPATIBILITY_ONLY_NOT_PRODUCTION,127205.3315,115172.8122,6635.2036,4257,2852,-0.05216136,-0.11437665,-0.04113429,-0.05216136,-6635.2036,127205.3315,OK,0.0000,265.4081,4.0000,96.0000,AG03-UNRESOLVED,ALL5_LEVELS_bet23_to_bet27,265.4081,265.4081,265.4081,331.7602,331.7602,4.000000,4.000000,4.000000,5.000000,5.000000,96.000000,96.000000,96.000000,95.000000,95.000000,5.0,1459.7448,1337.1644,5175.4588,5298.0391,PENDING_AG03,FALSE,NOT_FOR_ENFORCEMENT,6369.7955,110565.8997,6635.2036,6369.7955,265.4081,0.05216136,0.05007491,265.4081,6369.7955,0.05007491,265.4081,265.4081,265.4081,331.7602,331.7602,6369.7955,0.05007491,1459.7448,1337.1644,5175.4588,5298.0391,0.04068586,0.04164951,0.00208645,29.8814,40.3832,2.3265,127.6001,7.3643,2446.2564,54.8462,43.4275,28.3160,5.1431,12.8578,28.9875,66.8604,128.5777,263.3173,7.8995,-2.6176,10.0,20.479237,2.324,28,180,56,8,0.15055597,0.05216136,0.11437665,0E-8,0.000000,0.905409,0.000000,-0.07324236,2026-03-22,2026-08-06,52,901,524,138,0.376812,1.533674,1.453326,0.501853,,,,,,,,GLOBAL_BASELINE_NO_ENTITY_RANKING,,,NOT_APPLICABLE_GLOBAL_BASELINE,HF9g-P5,,,,X 全窗基线 · 不参与实体赏罚,14191379,1420,A168_HF9F_20260827_0900,2026-08-27 09:00:00
2026-04-30,128173484,1363,0,36.6463366752,0E-10,0E-10,0.6666667,5,3,0.42680505000000000,0.360364600000,0.8399538622850082,1.1050279112830825,0.8399538622850082,0.06644045000000000,ELIGIBLE,R03b_20260811_FULL_v1,L1_ELIGIBILITY,v2026-08-11,2026-03-21..2026-08-06,baccarat_bet02_101_all_pairs_incl_sentinel,round_win = game_pnl > 0 (decisive only),COMPATIBILITY_ONLY_NOT_PRODUCTION,127205.3315,115172.8122,6635.2036,4257,2852,-0.05216136,-0.11437665,-0.04113429,-0.05216136,-6635.2036,127205.3315,OK,0.0000,265.4081,4.0000,96.0000,AG03-UNRESOLVED,ALL5_LEVELS_bet23_to_bet27,265.4081,265.4081,265.4081,331.7602,331.7602,4.000000,4.000000,4.000000,5.000000,5.000000,96.000000,96.000000,96.000000,95.000000,95.000000,5.0,1459.7448,1337.1644,5175.4588,5298.0391,PENDING_AG03,FALSE,NOT_FOR_ENFORCEMENT,6369.7955,110565.8997,6635.2036,6369.7955,265.4081,0.05216136,0.05007491,265.4081,6369.7955,0.05007491,265.4081,265.4081,265.4081,331.7602,331.7602,6369.7955,0.05007491,1459.7448,1337.1644,5175.4588,5298.0391,0.04068586,0.04164951,0.00208645,29.8814,40.3832,2.3265,127.6001,7.3643,2446.2564,54.8462,43.4275,28.3160,5.1431,12.8578,28.9875,66.8604,128.5777,263.3173,7.8995,-2.6176,10.0,20.479237,2.324,28,180,56,8,0.15055597,0.05216136,0.11437665,0E-8,0.000000,0.905409,0.000000,-0.07324236,2026-03-22,2026-08-06,52,901,524,138,0.376812,1.533674,1.453326,0.501853,,,,,,,,GLOBAL_BASELINE_NO_ENTITY_RANKING,,,NOT_APPLICABLE_GLOBAL_BASELINE,HF9g-P5,,,,X 全窗基线 · 不参与实体赏罚,14191380,1420,A168_HF9F_20260827_0900,2026-08-27 09:00:00
2026-04-30,128173484,1385,0,36.6463366752,-16.2290919562,-16.2290919562,0.3333333,6,3,0.46191387857142857,0.388493216667,-0.44671392390048104,-0.19601603801960493,-0.44671392390048104,0.07342066190442857,ELIGIBLE,R03b_20260811_FULL_v1,L1_ELIGIBILITY,v2026-08-11,2026-03-21..2026-08-06,baccarat_bet02_101_all_pairs_incl_sentinel,round_win = game_pnl > 0 (decisive only),COMPATIBILITY_ONLY_NOT_PRODUCTION,127205.3315,115172.8122,6635.2036,4257,2852,-0.05216136,-0.11437665,-0.04113429,-0.05216136,-6635.2036,127205.3315,OK,0.0000,265.4081,4.0000,96.0000,AG03-UNRESOLVED,ALL5_LEVELS_bet23_to_bet27,265.4081,265.4081,265.4081,331.7602,331.7602,4.000000,4.000000,4.000000,5.000000,5.000000,96.000000,96.000000,96.000000,95.000000,95.000000,5.0,1459.7448,1337.1644,5175.4588,5298.0391,PENDING_AG03,FALSE,NOT_FOR_ENFORCEMENT,6369.7955,110565.8997,6635.2036,6369.7955,265.4081,0.05216136,0.05007491,265.4081,6369.7955,0.05007491,265.4081,265.4081,265.4081,331.7602,331.7602,6369.7955,0.05007491,1459.7448,1337.1644,5175.4588,5298.0391,0.04068586,0.04164951,0.00208645,29.8814,40.3832,2.3265,127.6001,7.3643,2446.2564,54.8462,43.4275,28.3160,5.1431,12.8578,28.9875,66.8604,128.5777,263.3173,7.8995,-2.6176,10.0,20.479237,2.324,28,180,56,8,0.15055597,0.05216136,0.11437665,0E-8,0.000000,0.905409,0.000000,-0.07324236,2026-03-22,2026-08-06,52,901,524,138,0.376812,1.533674,1.453326,0.501853,,,,,,,,GLOBAL_BASELINE_NO_ENTITY_RANKING,,,NOT_APPLICABLE_GLOBAL_BASELINE,HF9g-P5,,,,X 全窗基线 · 不参与实体赏罚,14191381,1420,A168_HF9F_20260827_0900,2026-08-27 09:00:00
2026-04-30,128173484,1402,0,240.5570243178,53.0063084049,53.0063084049,0.5833333,29,14,0.39473049386505542,0.304534755357,1.3366389539260253,2.0985775838428995,1.3366389539260253,0.09019573850805542,ELIGIBLE,R03b_20260811_FULL_v1,L1_ELIGIBILITY,v2026-08-11,2026-03-21..2026-08-06,baccarat_bet02_101_all_pairs_incl_sentinel,round_win = game_pnl > 0 (decisive only),COMPATIBILITY_ONLY_NOT_PRODUCTION,127205.3315,115172.8122,6635.2036,4257,2852,-0.05216136,-0.11437665,-0.04113429,-0.05216136,-6635.2036,127205.3315,OK,0.0000,265.4081,4.0000,96.0000,AG03-UNRESOLVED,ALL5_LEVELS_bet23_to_bet27,265.4081,265.4081,265.4081,331.7602,331.7602,4.000000,4.000000,4.000000,5.000000,5.000000,96.000000,96.000000,96.000000,95.000000,95.000000,5.0,1459.7448,1337.1644,5175.4588,5298.0391,PENDING_AG03,FALSE,NOT_FOR_ENFORCEMENT,6369.7955,110565.8997,6635.2036,6369.7955,265.4081,0.05216136,0.05007491,265.4081,6369.7955,0.05007491,265.4081,265.4081,265.4081,331.7602,331.7602,6369.7955,0.05007491,1459.7448,1337.1644,5175.4588,5298.0391,0.04068586,0.04164951,0.00208645,29.8814,40.3832,2.3265,127.6001,7.3643,2446.2564,54.8462,43.4275,28.3160,5.1431,12.8578,28.9875,66.8604,128.5777,263.3173,7.8995,-2.6176,10.0,20.479237,2.324,28,180,56,8,0.15055597,0.05216136,0.11437665,0E-8,0.000000,0.905409,0.000000,-0.07324236,2026-03-22,2026-08-06,52,901,524,138,0.376812,1.533674,1.453326,0.501853,,,,,,,,GLOBAL_BASELINE_NO_ENTITY_RANKING,,,NOT_APPLICABLE_GLOBAL_BASELINE,HF9g-P5,,,,X 全窗基线 · 不参与实体赏罚,14191382,1420,A168_HF9F_20260827_0900,2026-08-27 09:00:00
2026-04-30,128173484,1405,0,124.3357851480,66.7486846581,66.7486846581,0.3333333,13,6,0.33532727493647494,0.231033927778,-0.010345457272823485,0.5945074006185297,-0.010345457272823485,0.10429334715847494,ELIGIBLE,R03b_20260811_FULL_v1,L1_ELIGIBILITY,v2026-08-11,2026-03-21..2026-08-06,baccarat_bet02_101_all_pairs_incl_sentinel,round_win = game_pnl > 0 (decisive only),COMPATIBILITY_ONLY_NOT_PRODUCTION,127205.3315,115172.8122,6635.2036,4257,2852,-0.05216136,-0.11437665,-0.04113429,-0.05216136,-6635.2036,127205.3315,OK,0.0000,265.4081,4.0000,96.0000,AG03-UNRESOLVED,ALL5_LEVELS_bet23_to_bet27,265.4081,265.4081,265.4081,331.7602,331.7602,4.000000,4.000000,4.000000,5.000000,5.000000,96.000000,96.000000,96.000000,95.000000,95.000000,5.0,1459.7448,1337.1644,5175.4588,5298.0391,PENDING_AG03,FALSE,NOT_FOR_ENFORCEMENT,6369.7955,110565.8997,6635.2036,6369.7955,265.4081,0.05216136,0.05007491,265.4081,6369.7955,0.05007491,265.4081,265.4081,265.4081,331.7602,331.7602,6369.7955,0.05007491,1459.7448,1337.1644,5175.4588,5298.0391,0.04068586,0.04164951,0.00208645,29.8814,40.3832,2.3265,127.6001,7.3643,2446.2564,54.8462,43.4275,28.3160,5.1431,12.8578,28.9875,66.8604,128.5777,263.3173,7.8995,-2.6176,10.0,20.479237,2.324,28,180,56,8,0.15055597,0.05216136,0.11437665,0E-8,0.000000,0.905409,0.000000,-0.07324236,2026-03-22,2026-08-06,52,901,524,138,0.376812,1.533674,1.453326,0.501853,,,,,,,,GLOBAL_BASELINE_NO_ENTITY_RANKING,,,NOT_APPLICABLE_GLOBAL_BASELINE,HF9g-P5,,,,X 全窗基线 · 不参与实体赏罚,14191383,1420,A168_HF9F_20260827_0900,2026-08-27 09:00:00
2026-04-30,128173484,1505,0,28.7935502448,-28.7935502448,-28.7935502448,0E-7,2,1,0.45519466363636364,0.283965900000,-0.9140667357725365,-0.6297471965178028,-0.9140667357725365,0.17122876363636364,ELIGIBLE,R03b_20260811_FULL_v1,L1_ELIGIBILITY,v2026-08-11,2026-03-21..2026-08-06,baccarat_bet02_101_all_pairs_incl_sentinel,round_win = game_pnl > 0 (decisive only),COMPATIBILITY_ONLY_NOT_PRODUCTION,127205.3315,115172.8122,6635.2036,4257,2852,-0.05216136,-0.11437665,-0.04113429,-0.05216136,-6635.2036,127205.3315,OK,0.0000,265.4081,4.0000,96.0000,AG03-UNRESOLVED,ALL5_LEVELS_bet23_to_bet27,265.4081,265.4081,265.4081,331.7602,331.7602,4.000000,4.000000,4.000000,5.000000,5.000000,96.000000,96.000000,96.000000,95.000000,95.000000,5.0,1459.7448,1337.1644,5175.4588,5298.0391,PENDING_AG03,FALSE,NOT_FOR_ENFORCEMENT,6369.7955,110565.8997,6635.2036,6369.7955,265.4081,0.05216136,0.05007491,265.4081,6369.7955,0.05007491,265.4081,265.4081,265.4081,331.7602,331.7602,6369.7955,0.05007491,1459.7448,1337.1644,5175.4588,5298.0391,0.04068586,0.04164951,0.00208645,29.8814,40.3832,2.3265,127.6001,7.3643,2446.2564,54.8462,43.4275,28.3160,5.1431,12.8578,28.9875,66.8604,128.5777,263.3173,7.8995,-2.6176,10.0,20.479237,2.324,28,180,56,8,0.15055597,0.05216136,0.11437665,0E-8,0.000000,0.905409,0.000000,-0.07324236,2026-03-22,2026-08-06,52,901,524,138,0.376812,1.533674,1.453326,0.501853,,,,,,,,GLOBAL_BASELINE_NO_ENTITY_RANKING,,,NOT_APPLICABLE_GLOBAL_BASELINE,HF9g-P5,,,,X 全窗基线 · 不参与实体赏罚,14191384,1420,A168_HF9F_20260827_0900,2026-08-27 09:00:00
2026-04-30,128173484,1645,0,10.4703819072,-2.6175954768,-2.6175954768,0E-7,2,1,0.39866562500000000,0.290680550000,-0.8142286499934221,-0.6401578158977228,-0.8142286499934221,0.10798507500000000,ELIGIBLE,R03b_20260811_FULL_v1,L1_ELIGIBILITY,v2026-08-11,2026-03-21..2026-08-06,baccarat_bet02_101_all_pairs_incl_sentinel,round_win = game_pnl > 0 (decisive only),COMPATIBILITY_ONLY_NOT_PRODUCTION,127205.3315,115172.8122,6635.2036,4257,2852,-0.05216136,-0.11437665,-0.04113429,-0.05216136,-6635.2036,127205.3315,OK,0.0000,265.4081,4.0000,96.0000,AG03-UNRESOLVED,ALL5_LEVELS_bet23_to_bet27,265.4081,265.4081,265.4081,331.7602,331.7602,4.000000,4.000000,4.000000,5.000000,5.000000,96.000000,96.000000,96.000000,95.000000,95.000000,5.0,1459.7448,1337.1644,5175.4588,5298.0391,PENDING_AG03,FALSE,NOT_FOR_ENFORCEMENT,6369.7955,110565.8997,6635.2036,6369.7955,265.4081,0.05216136,0.05007491,265.4081,6369.7955,0.05007491,265.4081,265.4081,265.4081,331.7602,331.7602,6369.7955,0.05007491,1459.7448,1337.1644,5175.4588,5298.0391,0.04068586,0.04164951,0.00208645,29.8814,40.3832,2.3265,127.6001,7.3643,2446.2564,54.8462,43.4275,28.3160,5.1431,12.8578,28.9875,66.8604,128.5777,263.3173,7.8995,-2.6176,10.0,20.479237,2.324,28,180,56,8,0.15055597,0.05216136,0.11437665,0E-8,0.000000,0.905409,0.000000,-0.07324236,2026-03-22,2026-08-06,52,901,524,138,0.376812,1.533674,1.453326,0.501853,,,,,,,,GLOBAL_BASELINE_NO_ENTITY_RANKING,,,NOT_APPLICABLE_GLOBAL_BASELINE,HF9g-P5,,,,X 全窗基线 · 不参与实体赏罚,14191385,1420,A168_HF9F_20260827_0900,2026-08-27 09:00:00
2026-04-30,128173484,1654,0,13.0879773840,13.0879773840,13.0879773840,1.0000000,1,1,0.49324550000000000,0.493245500000,1.01360149184955,1.01360149184955,1.01360149184955,0E-17,ELIGIBLE,R03b_20260811_FULL_v1,L1_ELIGIBILITY,v2026-08-11,2026-03-21..2026-08-06,baccarat_bet02_101_all_pairs_incl_sentinel,round_win = game_pnl > 0 (decisive only),COMPATIBILITY_ONLY_NOT_PRODUCTION,127205.3315,115172.8122,6635.2036,4257,2852,-0.05216136,-0.11437665,-0.04113429,-0.05216136,-6635.2036,127205.3315,OK,0.0000,265.4081,4.0000,96.0000,AG03-UNRESOLVED,ALL5_LEVELS_bet23_to_bet27,265.4081,265.4081,265.4081,331.7602,331.7602,4.000000,4.000000,4.000000,5.000000,5.000000,96.000000,96.000000,96.000000,95.000000,95.000000,5.0,1459.7448,1337.1644,5175.4588,5298.0391,PENDING_AG03,FALSE,NOT_FOR_ENFORCEMENT,6369.7955,110565.8997,6635.2036,6369.7955,265.4081,0.05216136,0.05007491,265.4081,6369.7955,0.05007491,265.4081,265.4081,265.4081,331.7602,331.7602,6369.7955,0.05007491,1459.7448,1337.1644,5175.4588,5298.0391,0.04068586,0.04164951,0.00208645,29.8814,40.3832,2.3265,127.6001,7.3643,2446.2564,54.8462,43.4275,28.3160,5.1431,12.8578,28.9875,66.8604,128.5777,263.3173,7.8995,-2.6176,10.0,20.479237,2.324,28,180,56,8,0.15055597,0.05216136,0.11437665,0E-8,0.000000,0.905409,0.000000,-0.07324236,2026-03-22,2026-08-06,52,901,524,138,0.376812,1.533674,1.453326,0.501853,,,,,,,,GLOBAL_BASELINE_NO_ENTITY_RANKING,,,NOT_APPLICABLE_GLOBAL_BASELINE,HF9g-P5,,,,X 全窗基线 · 不参与实体赏罚,14191386,1420,A168_HF9F_20260827_0900,2026-08-27 09:00:00
2026-04-30,128173484,1702,0,18.3231683376,-18.3231683376,-18.3231683376,0E-7,2,1,0.37366404285714286,0.283977950000,-0.7723906036366838,-0.629765857060584,-0.7723906036366838,0.08968609285714286,ELIGIBLE,R03b_20260811_FULL_v1,L1_ELIGIBILITY,v2026-08-11,2026-03-21..2026-08-06,baccarat_bet02_101_all_pairs_incl_sentinel,round_win = game_pnl > 0 (decisive only),COMPATIBILITY_ONLY_NOT_PRODUCTION,127205.3315,115172.8122,6635.2036,4257,2852,-0.05216136,-0.11437665,-0.04113429,-0.05216136,-6635.2036,127205.3315,OK,0.0000,265.4081,4.0000,96.0000,AG03-UNRESOLVED,ALL5_LEVELS_bet23_to_bet27,265.4081,265.4081,265.4081,331.7602,331.7602,4.000000,4.000000,4.000000,5.000000,5.000000,96.000000,96.000000,96.000000,95.000000,95.000000,5.0,1459.7448,1337.1644,5175.4588,5298.0391,PENDING_AG03,FALSE,NOT_FOR_ENFORCEMENT,6369.7955,110565.8997,6635.2036,6369.7955,265.4081,0.05216136,0.05007491,265.4081,6369.7955,0.05007491,265.4081,265.4081,265.4081,331.7602,331.7602,6369.7955,0.05007491,1459.7448,1337.1644,5175.4588,5298.0391,0.04068586,0.04164951,0.00208645,29.8814,40.3832,2.3265,127.6001,7.3643,2446.2564,54.8462,43.4275,28.3160,5.1431,12.8578,28.9875,66.8604,128.5777,263.3173,7.8995,-2.6176,10.0,20.479237,2.324,28,180,56,8,0.15055597,0.05216136,0.11437665,0E-8,0.000000,0.905409,0.000000,-0.07324236,2026-03-22,2026-08-06,52,901,524,138,0.376812,1.533674,1.453326,0.501853,,,,,,,,GLOBAL_BASELINE_NO_ENTITY_RANKING,,,NOT_APPLICABLE_GLOBAL_BASELINE,HF9g-P5,,,,X 全窗基线 · 不参与实体赏罚,14191387,1420,A168_HF9F_20260827_0900,2026-08-27 09:00:00
2026-04-30,128173484,1704,0,74.0779519934,-7.3292673350,-7.3292673350,0.5000000,11,6,0.39814855359750687,0.328871866667,0.5096541918213833,0.8922384902002257,0.5096541918213833,0.06927668693050687,ELIGIBLE,R03b_20260811_FULL_v1,L1_ELIGIBILITY,v2026-08-11,2026-03-21..2026-08-06,baccarat_bet02_101_all_pairs_incl_sentinel,round_win = game_pnl > 0 (decisive only),COMPATIBILITY_ONLY_NOT_PRODUCTION,127205.3315,115172.8122,6635.2036,4257,2852,-0.05216136,-0.11437665,-0.04113429,-0.05216136,-6635.2036,127205.3315,OK,0.0000,265.4081,4.0000,96.0000,AG03-UNRESOLVED,ALL5_LEVELS_bet23_to_bet27,265.4081,265.4081,265.4081,331.7602,331.7602,4.000000,4.000000,4.000000,5.000000,5.000000,96.000000,96.000000,96.000000,95.000000,95.000000,5.0,1459.7448,1337.1644,5175.4588,5298.0391,PENDING_AG03,FALSE,NOT_FOR_ENFORCEMENT,6369.7955,110565.8997,6635.2036,6369.7955,265.4081,0.05216136,0.05007491,265.4081,6369.7955,0.05007491,265.4081,265.4081,265.4081,331.7602,331.7602,6369.7955,0.05007491,1459.7448,1337.1644,5175.4588,5298.0391,0.04068586,0.04164951,0.00208645,29.8814,40.3832,2.3265,127.6001,7.3643,2446.2564,54.8462,43.4275,28.3160,5.1431,12.8578,28.9875,66.8604,128.5777,263.3173,7.8995,-2.6176,10.0,20.479237,2.324,28,180,56,8,0.15055597,0.05216136,0.11437665,0E-8,0.000000,0.905409,0.000000,-0.07324236,2026-03-22,2026-08-06,52,901,524,138,0.376812,1.533674,1.453326,0.501853,,,,,,,,GLOBAL_BASELINE_NO_ENTITY_RANKING,,,NOT_APPLICABLE_GLOBAL_BASELINE,HF9g-P5,,,,X 全窗基线 · 不参与实体赏罚,14191388,1420,A168_HF9F_20260827_0900,2026-08-27 09:00:00
2026-04-30,128173484,1710,0,51.5666308929,0.7852786431,0.7852786431,0.5000000,4,2,0.39421575920773452,0.283965900000,0.30613289246634384,0.6775437720299715,0.30613289246634384,0.11024985920773452,ELIGIBLE,R03b_20260811_FULL_v1,L1_ELIGIBILITY,v2026-08-11,2026-03-21..2026-08-06,baccarat_bet02_101_all_pairs_incl_sentinel,round_win = game_pnl > 0 (decisive only),COMPATIBILITY_ONLY_NOT_PRODUCTION,127205.3315,115172.8122,6635.2036,4257,2852,-0.05216136,-0.11437665,-0.04113429,-0.05216136,-6635.2036,127205.3315,OK,0.0000,265.4081,4.0000,96.0000,AG03-UNRESOLVED,ALL5_LEVELS_bet23_to_bet27,265.4081,265.4081,265.4081,331.7602,331.7602,4.000000,4.000000,4.000000,5.000000,5.000000,96.000000,96.000000,96.000000,95.000000,95.000000,5.0,1459.7448,1337.1644,5175.4588,5298.0391,PENDING_AG03,FALSE,NOT_FOR_ENFORCEMENT,6369.7955,110565.8997,6635.2036,6369.7955,265.4081,0.05216136,0.05007491,265.4081,6369.7955,0.05007491,265.4081,265.4081,265.4081,331.7602,331.7602,6369.7955,0.05007491,1459.7448,1337.1644,5175.4588,5298.0391,0.04068586,0.04164951,0.00208645,29.8814,40.3832,2.3265,127.6001,7.3643,2446.2564,54.8462,43.4275,28.3160,5.1431,12.8578,28.9875,66.8604,128.5777,263.3173,7.8995,-2.6176,10.0,20.479237,2.324,28,180,56,8,0.15055597,0.05216136,0.11437665,0E-8,0.000000,0.905409,0.000000,-0.07324236,2026-03-22,2026-08-06,52,901,524,138,0.376812,1.533674,1.453326,0.501853,,,,,,,,GLOBAL_BASELINE_NO_ENTITY_RANKING,,,NOT_APPLICABLE_GLOBAL_BASELINE,HF9g-P5,,,,X 全窗基线 · 不参与实体赏罚,14191389,1420,A168_HF9F_20260827_0900,2026-08-27 09:00:00
2026-04-30,128173484,1940,0,18.3231683376,7.1983875612,7.1983875612,1.0000000,2,1,0.38323918571428571,0.290680550000,1.26859627608787,1.5621148022658344,1.26859627608787,0.09255863571428571,ELIGIBLE,R03b_20260811_FULL_v1,L1_ELIGIBILITY,v2026-08-11,2026-03-21..2026-08-06,baccarat_bet02_101_all_pairs_incl_sentinel,round_win = game_pnl > 0 (decisive only),COMPATIBILITY_ONLY_NOT_PRODUCTION,127205.3315,115172.8122,6635.2036,4257,2852,-0.05216136,-0.11437665,-0.04113429,-0.05216136,-6635.2036,127205.3315,OK,0.0000,265.4081,4.0000,96.0000,AG03-UNRESOLVED,ALL5_LEVELS_bet23_to_bet27,265.4081,265.4081,265.4081,331.7602,331.7602,4.000000,4.000000,4.000000,5.000000,5.000000,96.000000,96.000000,96.000000,95.000000,95.000000,5.0,1459.7448,1337.1644,5175.4588,5298.0391,PENDING_AG03,FALSE,NOT_FOR_ENFORCEMENT,6369.7955,110565.8997,6635.2036,6369.7955,265.4081,0.05216136,0.05007491,265.4081,6369.7955,0.05007491,265.4081,265.4081,265.4081,331.7602,331.7602,6369.7955,0.05007491,1459.7448,1337.1644,5175.4588,5298.0391,0.04068586,0.04164951,0.00208645,29.8814,40.3832,2.3265,127.6001,7.3643,2446.2564,54.8462,43.4275,28.3160,5.1431,12.8578,28.9875,66.8604,128.5777,263.3173,7.8995,-2.6176,10.0,20.479237,2.324,28,180,56,8,0.15055597,0.05216136,0.11437665,0E-8,0.000000,0.905409,0.000000,-0.07324236,2026-03-22,2026-08-06,52,901,524,138,0.376812,1.533674,1.453326,0.501853,,,,,,,,GLOBAL_BASELINE_NO_ENTITY_RANKING,,,NOT_APPLICABLE_GLOBAL_BASELINE,HF9g-P5,,,,X 全窗基线 · 不参与实体赏罚,14191390,1420,A168_HF9F_20260827_0900,2026-08-27 09:00:00
2026-04-30,128173484,1963,0,13.0879773840,-13.0879773840,-13.0879773840,0E-7,1,1,0.50665070000000000,0.506650700000,-1.013391052207602,-1.013391052207602,-1.013391052207602,0E-17,ELIGIBLE,R03b_20260811_FULL_v1,L1_ELIGIBILITY,v2026-08-11,2026-03-21..2026-08-06,baccarat_bet02_101_all_pairs_incl_sentinel,round_win = game_pnl > 0 (decisive only),COMPATIBILITY_ONLY_NOT_PRODUCTION,127205.3315,115172.8122,6635.2036,4257,2852,-0.05216136,-0.11437665,-0.04113429,-0.05216136,-6635.2036,127205.3315,OK,0.0000,265.4081,4.0000,96.0000,AG03-UNRESOLVED,ALL5_LEVELS_bet23_to_bet27,265.4081,265.4081,265.4081,331.7602,331.7602,4.000000,4.000000,4.000000,5.000000,5.000000,96.000000,96.000000,96.000000,95.000000,95.000000,5.0,1459.7448,1337.1644,5175.4588,5298.0391,PENDING_AG03,FALSE,NOT_FOR_ENFORCEMENT,6369.7955,110565.8997,6635.2036,6369.7955,265.4081,0.05216136,0.05007491,265.4081,6369.7955,0.05007491,265.4081,265.4081,265.4081,331.7602,331.7602,6369.7955,0.05007491,1459.7448,1337.1644,5175.4588,5298.0391,0.04068586,0.04164951,0.00208645,29.8814,40.3832,2.3265,127.6001,7.3643,2446.2564,54.8462,43.4275,28.3160,5.1431,12.8578,28.9875,66.8604,128.5777,263.3173,7.8995,-2.6176,10.0,20.479237,2.324,28,180,56,8,0.15055597,0.05216136,0.11437665,0E-8,0.000000,0.905409,0.000000,-0.07324236,2026-03-22,2026-08-06,52,901,524,138,0.376812,1.533674,1.453326,0.501853,,,,,,,,GLOBAL_BASELINE_NO_ENTITY_RANKING,,,NOT_APPLICABLE_GLOBAL_BASELINE,HF9g-P5,,,,X 全窗基线 · 不参与实体赏罚,14191391,1420,A168_HF9F_20260827_0900,2026-08-27 09:00:00
2026-04-30,128173484,2123,0,287.6737429002,67.5339633011,67.5339633011,0.5625000,30,16,0.41979683266666960,0.324356571875,1.156602102423748,2.0348315520160205,1.156602102423748,0.09544026079166960,ELIGIBLE,R03b_20260811_FULL_v1,L1_ELIGIBILITY,v2026-08-11,2026-03-21..2026-08-06,baccarat_bet02_101_all_pairs_incl_sentinel,round_win = game_pnl > 0 (decisive only),COMPATIBILITY_ONLY_NOT_PRODUCTION,127205.3315,115172.8122,6635.2036,4257,2852,-0.05216136,-0.11437665,-0.04113429,-0.05216136,-6635.2036,127205.3315,OK,0.0000,265.4081,4.0000,96.0000,AG03-UNRESOLVED,ALL5_LEVELS_bet23_to_bet27,265.4081,265.4081,265.4081,331.7602,331.7602,4.000000,4.000000,4.000000,5.000000,5.000000,96.000000,96.000000,96.000000,95.000000,95.000000,5.0,1459.7448,1337.1644,5175.4588,5298.0391,PENDING_AG03,FALSE,NOT_FOR_ENFORCEMENT,6369.7955,110565.8997,6635.2036,6369.7955,265.4081,0.05216136,0.05007491,265.4081,6369.7955,0.05007491,265.4081,265.4081,265.4081,331.7602,331.7602,6369.7955,0.05007491,1459.7448,1337.1644,5175.4588,5298.0391,0.04068586,0.04164951,0.00208645,29.8814,40.3832,2.3265,127.6001,7.3643,2446.2564,54.8462,43.4275,28.3160,5.1431,12.8578,28.9875,66.8604,128.5777,263.3173,7.8995,-2.6176,10.0,20.479237,2.324,28,180,56,8,0.15055597,0.05216136,0.11437665,0E-8,0.000000,0.905409,0.000000,-0.07324236,2026-03-22,2026-08-06,52,901,524,138,0.376812,1.533674,1.453326,0.501853,,,,,,,,GLOBAL_BASELINE_NO_ENTITY_RANKING,,,NOT_APPLICABLE_GLOBAL_BASELINE,HF9g-P5,,,,X 全窗基线 · 不参与实体赏罚,14191392,1420,A168_HF9F_20260827_0900,2026-08-27 09:00:00
2026-04-30,128173484,2127,0,112.5566055022,-112.5566055022,-112.5566055022,0E-7,5,3,0.46177153039211998,0.360432383333,-1.6043195332788287,-1.3002572864996143,-1.6043195332788287,0.10133914705911998,ELIGIBLE,R03b_20260811_FULL_v1,L1_ELIGIBILITY,v2026-08-11,2026-03-21..2026-08-06,baccarat_bet02_101_all_pairs_incl_sentinel,round_win = game_pnl > 0 (decisive only),COMPATIBILITY_ONLY_NOT_PRODUCTION,127205.3315,115172.8122,6635.2036,4257,2852,-0.05216136,-0.11437665,-0.04113429,-0.05216136,-6635.2036,127205.3315,OK,0.0000,265.4081,4.0000,96.0000,AG03-UNRESOLVED,ALL5_LEVELS_bet23_to_bet27,265.4081,265.4081,265.4081,331.7602,331.7602,4.000000,4.000000,4.000000,5.000000,5.000000,96.000000,96.000000,96.000000,95.000000,95.000000,5.0,1459.7448,1337.1644,5175.4588,5298.0391,PENDING_AG03,FALSE,NOT_FOR_ENFORCEMENT,6369.7955,110565.8997,6635.2036,6369.7955,265.4081,0.05216136,0.05007491,265.4081,6369.7955,0.05007491,265.4081,265.4081,265.4081,331.7602,331.7602,6369.7955,0.05007491,1459.7448,1337.1644,5175.4588,5298.0391,0.04068586,0.04164951,0.00208645,29.8814,40.3832,2.3265,127.6001,7.3643,2446.2564,54.8462,43.4275,28.3160,5.1431,12.8578,28.9875,66.8604,128.5777,263.3173,7.8995,-2.6176,10.0,20.479237,2.324,28,180,56,8,0.15055597,0.05216136,0.11437665,0E-8,0.000000,0.905409,0.000000,-0.07324236,2026-03-22,2026-08-06,52,901,524,138,0.376812,1.533674,1.453326,0.501853,,,,,,,,GLOBAL_BASELINE_NO_ENTITY_RANKING,,,NOT_APPLICABLE_GLOBAL_BASELINE,HF9g-P5,,,,X 全窗基线 · 不参与实体赏罚,14191393,1420,A168_HF9F_20260827_0900,2026-08-27 09:00:00
2026-04-30,128173484,2130,0,160.4586027277,32.1964243646,32.1964243646,0.5000000,15,8,0.41973800007627405,0.314726450000,0.4599956882158863,1.1283915111595655,0.4599956882158863,0.10501155007627405,ELIGIBLE,R03b_20260811_FULL_v1,L1_ELIGIBILITY,v2026-08-11,2026-03-21..2026-08-06,baccarat_bet02_101_all_pairs_incl_sentinel,round_win = game_pnl > 0 (decisive only),COMPATIBILITY_ONLY_NOT_PRODUCTION,127205.3315,115172.8122,6635.2036,4257,2852,-0.05216136,-0.11437665,-0.04113429,-0.05216136,-6635.2036,127205.3315,OK,0.0000,265.4081,4.0000,96.0000,AG03-UNRESOLVED,ALL5_LEVELS_bet23_to_bet27,265.4081,265.4081,265.4081,331.7602,331.7602,4.000000,4.000000,4.000000,5.000000,5.000000,96.000000,96.000000,96.000000,95.000000,95.000000,5.0,1459.7448,1337.1644,5175.4588,5298.0391,PENDING_AG03,FALSE,NOT_FOR_ENFORCEMENT,6369.7955,110565.8997,6635.2036,6369.7955,265.4081,0.05216136,0.05007491,265.4081,6369.7955,0.05007491,265.4081,265.4081,265.4081,331.7602,331.7602,6369.7955,0.05007491,1459.7448,1337.1644,5175.4588,5298.0391,0.04068586,0.04164951,0.00208645,29.8814,40.3832,2.3265,127.6001,7.3643,2446.2564,54.8462,43.4275,28.3160,5.1431,12.8578,28.9875,66.8604,128.5777,263.3173,7.8995,-2.6176,10.0,20.479237,2.324,28,180,56,8,0.15055597,0.05216136,0.11437665,0E-8,0.000000,0.905409,0.000000,-0.07324236,2026-03-22,2026-08-06,52,901,524,138,0.376812,1.533674,1.453326,0.501853,,,,,,,,GLOBAL_BASELINE_NO_ENTITY_RANKING,,,NOT_APPLICABLE_GLOBAL_BASELINE,HF9g-P5,,,,X 全窗基线 · 不参与实体赏罚,14191394,1420,A168_HF9F_20260827_0900,2026-08-27 09:00:00
2026-04-30,128173484,2134,0,36.6463366752,-36.6463366752,-36.6463366752,0E-7,4,2,0.37650237142857143,0.288945025000,-1.0989589057806588,-0.901510976213405,-1.0989589057806588,0.08755734642857143,ELIGIBLE,R03b_20260811_FULL_v1,L1_ELIGIBILITY,v2026-08-11,2026-03-21..2026-08-06,baccarat_bet02_101_all_pairs_incl_sentinel,round_win = game_pnl > 0 (decisive only),COMPATIBILITY_ONLY_NOT_PRODUCTION,127205.3315,115172.8122,6635.2036,4257,2852,-0.05216136,-0.11437665,-0.04113429,-0.05216136,-6635.2036,127205.3315,OK,0.0000,265.4081,4.0000,96.0000,AG03-UNRESOLVED,ALL5_LEVELS_bet23_to_bet27,265.4081,265.4081,265.4081,331.7602,331.7602,4.000000,4.000000,4.000000,5.000000,5.000000,96.000000,96.000000,96.000000,95.000000,95.000000,5.0,1459.7448,1337.1644,5175.4588,5298.0391,PENDING_AG03,FALSE,NOT_FOR_ENFORCEMENT,6369.7955,110565.8997,6635.2036,6369.7955,265.4081,0.05216136,0.05007491,265.4081,6369.7955,0.05007491,265.4081,265.4081,265.4081,331.7602,331.7602,6369.7955,0.05007491,1459.7448,1337.1644,5175.4588,5298.0391,0.04068586,0.04164951,0.00208645,29.8814,40.3832,2.3265,127.6001,7.3643,2446.2564,54.8462,43.4275,28.3160,5.1431,12.8578,28.9875,66.8604,128.5777,263.3173,7.8995,-2.6176,10.0,20.479237,2.324,28,180,56,8,0.15055597,0.05216136,0.11437665,0E-8,0.000000,0.905409,0.000000,-0.07324236,2026-03-22,2026-08-06,52,901,524,138,0.376812,1.533674,1.453326,0.501853,,,,,,,,GLOBAL_BASELINE_NO_ENTITY_RANKING,,,NOT_APPLICABLE_GLOBAL_BASELINE,HF9g-P5,,,,X 全窗基线 · 不参与实体赏罚,14191395,1420,A168_HF9F_20260827_0900,2026-08-27 09:00:00
2026-04-30,128173484,2142,0,179.8288092559,-42.0124074026,-42.0124074026,0.3750000,15,8,0.41012520109494815,0.315160331250,-0.2019880439355038,0.3643123936330222,-0.2019880439355038,0.09496486984494815,ELIGIBLE,R03b_20260811_FULL_v1,L1_ELIGIBILITY,v2026-08-11,2026-03-21..2026-08-06,baccarat_bet02_101_all_pairs_incl_sentinel,round_win = game_pnl > 0 (decisive only),COMPATIBILITY_ONLY_NOT_PRODUCTION,127205.3315,115172.8122,6635.2036,4257,2852,-0.05216136,-0.11437665,-0.04113429,-0.05216136,-6635.2036,127205.3315,OK,0.0000,265.4081,4.0000,96.0000,AG03-UNRESOLVED,ALL5_LEVELS_bet23_to_bet27,265.4081,265.4081,265.4081,331.7602,331.7602,4.000000,4.000000,4.000000,5.000000,5.000000,96.000000,96.000000,96.000000,95.000000,95.000000,5.0,1459.7448,1337.1644,5175.4588,5298.0391,PENDING_AG03,FALSE,NOT_FOR_ENFORCEMENT,6369.7955,110565.8997,6635.2036,6369.7955,265.4081,0.05216136,0.05007491,265.4081,6369.7955,0.05007491,265.4081,265.4081,265.4081,331.7602,331.7602,6369.7955,0.05007491,1459.7448,1337.1644,5175.4588,5298.0391,0.04068586,0.04164951,0.00208645,29.8814,40.3832,2.3265,127.6001,7.3643,2446.2564,54.8462,43.4275,28.3160,5.1431,12.8578,28.9875,66.8604,128.5777,263.3173,7.8995,-2.6176,10.0,20.479237,2.324,28,180,56,8,0.15055597,0.05216136,0.11437665,0E-8,0.000000,0.905409,0.000000,-0.07324236,2026-03-22,2026-08-06,52,901,524,138,0.376812,1.533674,1.453326,0.501853,,,,,,,,GLOBAL_BASELINE_NO_ENTITY_RANKING,,,NOT_APPLICABLE_GLOBAL_BASELINE,HF9g-P5,,,,X 全窗基线 · 不参与实体赏罚,14191396,1420,A168_HF9F_20260827_0900,2026-08-27 09:00:00
2026-04-30,128173484,2145,0,213.5957909068,25.3906761249,25.3906761249,0.6428571,29,15,0.40343101221576853,0.324837383333,1.8260833148959714,2.540861116298356,1.8260833148959714,0.07859362888276853,ELIGIBLE,R03b_20260811_FULL_v1,L1_ELIGIBILITY,v2026-08-11,2026-03-21..2026-08-06,baccarat_bet02_101_all_pairs_incl_sentinel,round_win = game_pnl > 0 (decisive only),COMPATIBILITY_ONLY_NOT_PRODUCTION,127205.3315,115172.8122,6635.2036,4257,2852,-0.05216136,-0.11437665,-0.04113429,-0.05216136,-6635.2036,127205.3315,OK,0.0000,265.4081,4.0000,96.0000,AG03-UNRESOLVED,ALL5_LEVELS_bet23_to_bet27,265.4081,265.4081,265.4081,331.7602,331.7602,4.000000,4.000000,4.000000,5.000000,5.000000,96.000000,96.000000,96.000000,95.000000,95.000000,5.0,1459.7448,1337.1644,5175.4588,5298.0391,PENDING_AG03,FALSE,NOT_FOR_ENFORCEMENT,6369.7955,110565.8997,6635.2036,6369.7955,265.4081,0.05216136,0.05007491,265.4081,6369.7955,0.05007491,265.4081,265.4081,265.4081,331.7602,331.7602,6369.7955,0.05007491,1459.7448,1337.1644,5175.4588,5298.0391,0.04068586,0.04164951,0.00208645,29.8814,40.3832,2.3265,127.6001,7.3643,2446.2564,54.8462,43.4275,28.3160,5.1431,12.8578,28.9875,66.8604,128.5777,263.3173,7.8995,-2.6176,10.0,20.479237,2.324,28,180,56,8,0.15055597,0.05216136,0.11437665,0E-8,0.000000,0.905409,0.000000,-0.07324236,2026-03-22,2026-08-06,52,901,524,138,0.376812,1.533674,1.453326,0.501853,,,,,,,,GLOBAL_BASELINE_NO_ENTITY_RANKING,,,NOT_APPLICABLE_GLOBAL_BASELINE,HF9g-P5,,,,X 全窗基线 · 不参与实体赏罚,14191397,1420,A168_HF9F_20260827_0900,2026-08-27 09:00:00
2026-04-30,128173484,2209,0,54.9695050128,1.9631966076,1.9631966076,0.5000000,6,4,0.45431586250000000,0.401152175000,0.12975700502192314,0.285212990100671,0.12975700502192314,0.05316368750000000,ELIGIBLE,R03b_20260811_FULL_v1,L1_ELIGIBILITY,v2026-08-11,2026-03-21..2026-08-06,baccarat_bet02_101_all_pairs_incl_sentinel,round_win = game_pnl > 0 (decisive only),COMPATIBILITY_ONLY_NOT_PRODUCTION,127205.3315,115172.8122,6635.2036,4257,2852,-0.05216136,-0.11437665,-0.04113429,-0.05216136,-6635.2036,127205.3315,OK,0.0000,265.4081,4.0000,96.0000,AG03-UNRESOLVED,ALL5_LEVELS_bet23_to_bet27,265.4081,265.4081,265.4081,331.7602,331.7602,4.000000,4.000000,4.000000,5.000000,5.000000,96.000000,96.000000,96.000000,95.000000,95.000000,5.0,1459.7448,1337.1644,5175.4588,5298.0391,PENDING_AG03,FALSE,NOT_FOR_ENFORCEMENT,6369.7955,110565.8997,6635.2036,6369.7955,265.4081,0.05216136,0.05007491,265.4081,6369.7955,0.05007491,265.4081,265.4081,265.4081,331.7602,331.7602,6369.7955,0.05007491,1459.7448,1337.1644,5175.4588,5298.0391,0.04068586,0.04164951,0.00208645,29.8814,40.3832,2.3265,127.6001,7.3643,2446.2564,54.8462,43.4275,28.3160,5.1431,12.8578,28.9875,66.8604,128.5777,263.3173,7.8995,-2.6176,10.0,20.479237,2.324,28,180,56,8,0.15055597,0.05216136,0.11437665,0E-8,0.000000,0.905409,0.000000,-0.07324236,2026-03-22,2026-08-06,52,901,524,138,0.376812,1.533674,1.453326,0.501853,,,,,,,,GLOBAL_BASELINE_NO_ENTITY_RANKING,,,NOT_APPLICABLE_GLOBAL_BASELINE,HF9g-P5,,,,X 全窗基线 · 不参与实体赏罚,14191398,1420,A168_HF9F_20260827_0900,2026-08-27 09:00:00
2026-04-30,128173484,2224,0,65.4398869199,-39.2639321519,-39.2639321519,0.5000000,2,2,0.49324550000000000,0.493245500000,0.01910635448239258,0.01910635448239258,0.01910635448239258,0E-17,ELIGIBLE,R03b_20260811_FULL_v1,L1_ELIGIBILITY,v2026-08-11,2026-03-21..2026-08-06,baccarat_bet02_101_all_pairs_incl_sentinel,round_win = game_pnl > 0 (decisive only),COMPATIBILITY_ONLY_NOT_PRODUCTION,127205.3315,115172.8122,6635.2036,4257,2852,-0.05216136,-0.11437665,-0.04113429,-0.05216136,-6635.2036,127205.3315,OK,0.0000,265.4081,4.0000,96.0000,AG03-UNRESOLVED,ALL5_LEVELS_bet23_to_bet27,265.4081,265.4081,265.4081,331.7602,331.7602,4.000000,4.000000,4.000000,5.000000,5.000000,96.000000,96.000000,96.000000,95.000000,95.000000,5.0,1459.7448,1337.1644,5175.4588,5298.0391,PENDING_AG03,FALSE,NOT_FOR_ENFORCEMENT,6369.7955,110565.8997,6635.2036,6369.7955,265.4081,0.05216136,0.05007491,265.4081,6369.7955,0.05007491,265.4081,265.4081,265.4081,331.7602,331.7602,6369.7955,0.05007491,1459.7448,1337.1644,5175.4588,5298.0391,0.04068586,0.04164951,0.00208645,29.8814,40.3832,2.3265,127.6001,7.3643,2446.2564,54.8462,43.4275,28.3160,5.1431,12.8578,28.9875,66.8604,128.5777,263.3173,7.8995,-2.6176,10.0,20.479237,2.324,28,180,56,8,0.15055597,0.05216136,0.11437665,0E-8,0.000000,0.905409,0.000000,-0.07324236,2026-03-22,2026-08-06,52,901,524,138,0.376812,1.533674,1.453326,0.501853,,,,,,,,GLOBAL_BASELINE_NO_ENTITY_RANKING,,,NOT_APPLICABLE_GLOBAL_BASELINE,HF9g-P5,,,,X 全窗基线 · 不参与实体赏罚,14191399,1420,A168_HF9F_20260827_0900,2026-08-27 09:00:00
2026-04-30,128173484,2234,0,20.9407638144,-20.9407638144,-20.9407638144,0E-7,3,1,0.34964618750000000,0.225321300000,-0.7332288646879535,-0.539312289199877,-0.7332288646879535,0.12432488750000000,ELIGIBLE,R03b_20260811_FULL_v1,L1_ELIGIBILITY,v2026-08-11,2026-03-21..2026-08-06,baccarat_bet02_101_all_pairs_incl_sentinel,round_win = game_pnl > 0 (decisive only),COMPATIBILITY_ONLY_NOT_PRODUCTION,127205.3315,115172.8122,6635.2036,4257,2852,-0.05216136,-0.11437665,-0.04113429,-0.05216136,-6635.2036,127205.3315,OK,0.0000,265.4081,4.0000,96.0000,AG03-UNRESOLVED,ALL5_LEVELS_bet23_to_bet27,265.4081,265.4081,265.4081,331.7602,331.7602,4.000000,4.000000,4.000000,5.000000,5.000000,96.000000,96.000000,96.000000,95.000000,95.000000,5.0,1459.7448,1337.1644,5175.4588,5298.0391,PENDING_AG03,FALSE,NOT_FOR_ENFORCEMENT,6369.7955,110565.8997,6635.2036,6369.7955,265.4081,0.05216136,0.05007491,265.4081,6369.7955,0.05007491,265.4081,265.4081,265.4081,331.7602,331.7602,6369.7955,0.05007491,1459.7448,1337.1644,5175.4588,5298.0391,0.04068586,0.04164951,0.00208645,29.8814,40.3832,2.3265,127.6001,7.3643,2446.2564,54.8462,43.4275,28.3160,5.1431,12.8578,28.9875,66.8604,128.5777,263.3173,7.8995,-2.6176,10.0,20.479237,2.324,28,180,56,8,0.15055597,0.05216136,0.11437665,0E-8,0.000000,0.905409,0.000000,-0.07324236,2026-03-22,2026-08-06,52,901,524,138,0.376812,1.533674,1.453326,0.501853,,,,,,,,GLOBAL_BASELINE_NO_ENTITY_RANKING,,,NOT_APPLICABLE_GLOBAL_BASELINE,HF9g-P5,,,,X 全窗基线 · 不参与实体赏罚,14191400,1420,A168_HF9F_20260827_0900,2026-08-27 09:00:00
2026-04-30,128173484,2239,0,8.6380650734,1.5705572861,1.5705572861,1.0000000,2,1,0.33649240000121223,0.290680550000,1.4042205390439733,1.5621148022658344,1.4042205390439733,0.04581185000121223,ELIGIBLE,R03b_20260811_FULL_v1,L1_ELIGIBILITY,v2026-08-11,2026-03-21..2026-08-06,baccarat_bet02_101_all_pairs_incl_sentinel,round_win = game_pnl > 0 (decisive only),COMPATIBILITY_ONLY_NOT_PRODUCTION,127205.3315,115172.8122,6635.2036,4257,2852,-0.05216136,-0.11437665,-0.04113429,-0.05216136,-6635.2036,127205.3315,OK,0.0000,265.4081,4.0000,96.0000,AG03-UNRESOLVED,ALL5_LEVELS_bet23_to_bet27,265.4081,265.4081,265.4081,331.7602,331.7602,4.000000,4.000000,4.000000,5.000000,5.000000,96.000000,96.000000,96.000000,95.000000,95.000000,5.0,1459.7448,1337.1644,5175.4588,5298.0391,PENDING_AG03,FALSE,NOT_FOR_ENFORCEMENT,6369.7955,110565.8997,6635.2036,6369.7955,265.4081,0.05216136,0.05007491,265.4081,6369.7955,0.05007491,265.4081,265.4081,265.4081,331.7602,331.7602,6369.7955,0.05007491,1459.7448,1337.1644,5175.4588,5298.0391,0.04068586,0.04164951,0.00208645,29.8814,40.3832,2.3265,127.6001,7.3643,2446.2564,54.8462,43.4275,28.3160,5.1431,12.8578,28.9875,66.8604,128.5777,263.3173,7.8995,-2.6176,10.0,20.479237,2.324,28,180,56,8,0.15055597,0.05216136,0.11437665,0E-8,0.000000,0.905409,0.000000,-0.07324236,2026-03-22,2026-08-06,52,901,524,138,0.376812,1.533674,1.453326,0.501853,,,,,,,,GLOBAL_BASELINE_NO_ENTITY_RANKING,,,NOT_APPLICABLE_GLOBAL_BASELINE,HF9g-P5,,,,X 全窗基线 · 不参与实体赏罚,14191401,1420,A168_HF9F_20260827_0900,2026-08-27 09:00:00
2026-04-30,128173484,2256,0,26.1759547680,31.4111457215,31.4111457215,0.5000000,4,2,0.41107763750000000,0.287329250000,0.25558481147265205,0.6646429058374499,0.25558481147265205,0.12374838750000000,ELIGIBLE,R03b_20260811_FULL_v1,L1_ELIGIBILITY,v2026-08-11,2026-03-21..2026-08-06,baccarat_bet02_101_all_pairs_incl_sentinel,round_win = game_pnl > 0 (decisive only),COMPATIBILITY_ONLY_NOT_PRODUCTION,127205.3315,115172.8122,6635.2036,4257,2852,-0.05216136,-0.11437665,-0.04113429,-0.05216136,-6635.2036,127205.3315,OK,0.0000,265.4081,4.0000,96.0000,AG03-UNRESOLVED,ALL5_LEVELS_bet23_to_bet27,265.4081,265.4081,265.4081,331.7602,331.7602,4.000000,4.000000,4.000000,5.000000,5.000000,96.000000,96.000000,96.000000,95.000000,95.000000,5.0,1459.7448,1337.1644,5175.4588,5298.0391,PENDING_AG03,FALSE,NOT_FOR_ENFORCEMENT,6369.7955,110565.8997,6635.2036,6369.7955,265.4081,0.05216136,0.05007491,265.4081,6369.7955,0.05007491,265.4081,265.4081,265.4081,331.7602,331.7602,6369.7955,0.05007491,1459.7448,1337.1644,5175.4588,5298.0391,0.04068586,0.04164951,0.00208645,29.8814,40.3832,2.3265,127.6001,7.3643,2446.2564,54.8462,43.4275,28.3160,5.1431,12.8578,28.9875,66.8604,128.5777,263.3173,7.8995,-2.6176,10.0,20.479237,2.324,28,180,56,8,0.15055597,0.05216136,0.11437665,0E-8,0.000000,0.905409,0.000000,-0.07324236,2026-03-22,2026-08-06,52,901,524,138,0.376812,1.533674,1.453326,0.501853,,,,,,,,GLOBAL_BASELINE_NO_ENTITY_RANKING,,,NOT_APPLICABLE_GLOBAL_BASELINE,HF9g-P5,,,,X 全窗基线 · 不参与实体赏罚,14191402,1420,A168_HF9F_20260827_0900,2026-08-27 09:00:00
2026-04-30,128173484,2267,0,119.1005941943,97.5054315106,97.5054315106,0.6666667,10,6,0.42969666777775679,0.364866891667,1.172559917337442,1.535659505266226,1.172559917337442,0.06482977611075679,ELIGIBLE,R03b_20260811_FULL_v1,L1_ELIGIBILITY,v2026-08-11,2026-03-21..2026-08-06,baccarat_bet02_101_all_pairs_incl_sentinel,round_win = game_pnl > 0 (decisive only),COMPATIBILITY_ONLY_NOT_PRODUCTION,127205.3315,115172.8122,6635.2036,4257,2852,-0.05216136,-0.11437665,-0.04113429,-0.05216136,-6635.2036,127205.3315,OK,0.0000,265.4081,4.0000,96.0000,AG03-UNRESOLVED,ALL5_LEVELS_bet23_to_bet27,265.4081,265.4081,265.4081,331.7602,331.7602,4.000000,4.000000,4.000000,5.000000,5.000000,96.000000,96.000000,96.000000,95.000000,95.000000,5.0,1459.7448,1337.1644,5175.4588,5298.0391,PENDING_AG03,FALSE,NOT_FOR_ENFORCEMENT,6369.7955,110565.8997,6635.2036,6369.7955,265.4081,0.05216136,0.05007491,265.4081,6369.7955,0.05007491,265.4081,265.4081,265.4081,331.7602,331.7602,6369.7955,0.05007491,1459.7448,1337.1644,5175.4588,5298.0391,0.04068586,0.04164951,0.00208645,29.8814,40.3832,2.3265,127.6001,7.3643,2446.2564,54.8462,43.4275,28.3160,5.1431,12.8578,28.9875,66.8604,128.5777,263.3173,7.8995,-2.6176,10.0,20.479237,2.324,28,180,56,8,0.15055597,0.05216136,0.11437665,0E-8,0.000000,0.905409,0.000000,-0.07324236,2026-03-22,2026-08-06,52,901,524,138,0.376812,1.533674,1.453326,0.501853,,,,,,,,GLOBAL_BASELINE_NO_ENTITY_RANKING,,,NOT_APPLICABLE_GLOBAL_BASELINE,HF9g-P5,,,,X 全窗基线 · 不参与实体赏罚,14191403,1420,A168_HF9F_20260827_0900,2026-08-27 09:00:00
2026-04-30,128173484,529,0,18.3231683376,7.1983875612,7.1983875612,1.0000000,2,1,0.38323918571428571,0.290680550000,1.26859627608787,1.5621148022658344,1.26859627608787,0.09255863571428571,ELIGIBLE,R03b_20260811_FULL_v1,L1_ELIGIBILITY,v2026-08-11,2026-03-21..2026-08-06,baccarat_bet02_101_all_pairs_incl_sentinel,round_win = game_pnl > 0 (decisive only),COMPATIBILITY_ONLY_NOT_PRODUCTION,127205.3315,115172.8122,6635.2036,4257,2852,-0.05216136,-0.11437665,-0.04113429,-0.05216136,-6635.2036,127205.3315,OK,0.0000,265.4081,4.0000,96.0000,AG03-UNRESOLVED,ALL5_LEVELS_bet23_to_bet27,265.4081,265.4081,265.4081,331.7602,331.7602,4.000000,4.000000,4.000000,5.000000,5.000000,96.000000,96.000000,96.000000,95.000000,95.000000,5.0,1459.7448,1337.1644,5175.4588,5298.0391,PENDING_AG03,FALSE,NOT_FOR_ENFORCEMENT,6369.7955,110565.8997,6635.2036,6369.7955,265.4081,0.05216136,0.05007491,265.4081,6369.7955,0.05007491,265.4081,265.4081,265.4081,331.7602,331.7602,6369.7955,0.05007491,1459.7448,1337.1644,5175.4588,5298.0391,0.04068586,0.04164951,0.00208645,29.8814,40.3832,2.3265,127.6001,7.3643,2446.2564,54.8462,43.4275,28.3160,5.1431,12.8578,28.9875,66.8604,128.5777,263.3173,7.8995,-2.6176,10.0,20.479237,2.324,28,180,56,8,0.15055597,0.05216136,0.11437665,0E-8,0.000000,0.905409,0.000000,-0.07324236,2026-03-22,2026-08-06,52,901,524,138,0.376812,1.533674,1.453326,0.501853,,,,,,,,GLOBAL_BASELINE_NO_ENTITY_RANKING,,,NOT_APPLICABLE_GLOBAL_BASELINE,HF9g-P5,,,,X 全窗基线 · 不参与实体赏罚,14191404,1420,A168_HF9F_20260827_0900,2026-08-27 09:00:00
2026-04-30,128173484,752,0,22.2495615528,5.8241499359,5.8241499359,0.5000000,2,2,0.50665070000000000,0.506650700000,-0.018812684590367487,-0.018812684590367487,-0.018812684590367487,0E-17,ELIGIBLE,R03b_20260811_FULL_v1,L1_ELIGIBILITY,v2026-08-11,2026-03-21..2026-08-06,baccarat_bet02_101_all_pairs_incl_sentinel,round_win = game_pnl > 0 (decisive only),COMPATIBILITY_ONLY_NOT_PRODUCTION,127205.3315,115172.8122,6635.2036,4257,2852,-0.05216136,-0.11437665,-0.04113429,-0.05216136,-6635.2036,127205.3315,OK,0.0000,265.4081,4.0000,96.0000,AG03-UNRESOLVED,ALL5_LEVELS_bet23_to_bet27,265.4081,265.4081,265.4081,331.7602,331.7602,4.000000,4.000000,4.000000,5.000000,5.000000,96.000000,96.000000,96.000000,95.000000,95.000000,5.0,1459.7448,1337.1644,5175.4588,5298.0391,PENDING_AG03,FALSE,NOT_FOR_ENFORCEMENT,6369.7955,110565.8997,6635.2036,6369.7955,265.4081,0.05216136,0.05007491,265.4081,6369.7955,0.05007491,265.4081,265.4081,265.4081,331.7602,331.7602,6369.7955,0.05007491,1459.7448,1337.1644,5175.4588,5298.0391,0.04068586,0.04164951,0.00208645,29.8814,40.3832,2.3265,127.6001,7.3643,2446.2564,54.8462,43.4275,28.3160,5.1431,12.8578,28.9875,66.8604,128.5777,263.3173,7.8995,-2.6176,10.0,20.479237,2.324,28,180,56,8,0.15055597,0.05216136,0.11437665,0E-8,0.000000,0.905409,0.000000,-0.07324236,2026-03-22,2026-08-06,52,901,524,138,0.376812,1.533674,1.453326,0.501853,,,,,,,,GLOBAL_BASELINE_NO_ENTITY_RANKING,,,NOT_APPLICABLE_GLOBAL_BASELINE,HF9g-P5,,,,X 全窗基线 · 不参与实体赏罚,14191405,1420,A168_HF9F_20260827_0900,2026-08-27 09:00:00
2026-04-30,128173484,925,0,44.4991231056,33.3743423292,33.3743423292,1.0000000,6,4,0.43555691666666667,0.391957000000,2.276761904657105,2.49102410280005,2.276761904657105,0.04359991666666667,ELIGIBLE,R03b_20260811_FULL_v1,L1_ELIGIBILITY,v2026-08-11,2026-03-21..2026-08-06,baccarat_bet02_101_all_pairs_incl_sentinel,round_win = game_pnl > 0 (decisive only),COMPATIBILITY_ONLY_NOT_PRODUCTION,127205.3315,115172.8122,6635.2036,4257,2852,-0.05216136,-0.11437665,-0.04113429,-0.05216136,-6635.2036,127205.3315,OK,0.0000,265.4081,4.0000,96.0000,AG03-UNRESOLVED,ALL5_LEVELS_bet23_to_bet27,265.4081,265.4081,265.4081,331.7602,331.7602,4.000000,4.000000,4.000000,5.000000,5.000000,96.000000,96.000000,96.000000,95.000000,95.000000,5.0,1459.7448,1337.1644,5175.4588,5298.0391,PENDING_AG03,FALSE,NOT_FOR_ENFORCEMENT,6369.7955,110565.8997,6635.2036,6369.7955,265.4081,0.05216136,0.05007491,265.4081,6369.7955,0.05007491,265.4081,265.4081,265.4081,331.7602,331.7602,6369.7955,0.05007491,1459.7448,1337.1644,5175.4588,5298.0391,0.04068586,0.04164951,0.00208645,29.8814,40.3832,2.3265,127.6001,7.3643,2446.2564,54.8462,43.4275,28.3160,5.1431,12.8578,28.9875,66.8604,128.5777,263.3173,7.8995,-2.6176,10.0,20.479237,2.324,28,180,56,8,0.15055597,0.05216136,0.11437665,0E-8,0.000000,0.905409,0.000000,-0.07324236,2026-03-22,2026-08-06,52,901,524,138,0.376812,1.533674,1.453326,0.501853,,,,,,,,GLOBAL_BASELINE_NO_ENTITY_RANKING,,,NOT_APPLICABLE_GLOBAL_BASELINE,HF9g-P5,,,,X 全窗基线 · 不参与实体赏罚,14191406,1420,A168_HF9F_20260827_0900,2026-08-27 09:00:00
2026-05-07,128173484,1094,0,5.1891443101,5.1891443101,5.1891443101,1.0000000,1,1,0.49324550000000000,0.493245500000,1.01360149184955,1.01360149184955,1.01360149184955,0E-17,ELIGIBLE,R03b_20260811_FULL_v1,L1_ELIGIBILITY,v2026-08-11,2026-03-21..2026-08-06,baccarat_bet02_101_all_pairs_incl_sentinel,round_win = game_pnl > 0 (decisive only),COMPATIBILITY_ONLY_NOT_PRODUCTION,127205.3315,115172.8122,6635.2036,4257,2852,-0.05216136,-0.11437665,-0.04113429,-0.05216136,-6635.2036,127205.3315,OK,0.0000,265.4081,4.0000,96.0000,AG03-UNRESOLVED,ALL5_LEVELS_bet23_to_bet27,265.4081,265.4081,265.4081,331.7602,331.7602,4.000000,4.000000,4.000000,5.000000,5.000000,96.000000,96.000000,96.000000,95.000000,95.000000,5.0,1459.7448,1337.1644,5175.4588,5298.0391,PENDING_AG03,FALSE,NOT_FOR_ENFORCEMENT,6369.7955,110565.8997,6635.2036,6369.7955,265.4081,0.05216136,0.05007491,265.4081,6369.7955,0.05007491,265.4081,265.4081,265.4081,331.7602,331.7602,6369.7955,0.05007491,1459.7448,1337.1644,5175.4588,5298.0391,0.04068586,0.04164951,0.00208645,29.8814,40.3832,2.3265,127.6001,7.3643,2446.2564,54.8462,43.4275,28.3160,5.1431,12.8578,28.9875,66.8604,128.5777,263.3173,7.8995,-2.6176,10.0,20.479237,2.324,28,180,56,8,0.15055597,0.05216136,0.11437665,0E-8,0.000000,0.905409,0.000000,-0.07324236,2026-03-22,2026-08-06,52,901,524,138,0.376812,1.533674,1.453326,0.501853,,,,,,,,GLOBAL_BASELINE_NO_ENTITY_RANKING,,,NOT_APPLICABLE_GLOBAL_BASELINE,HF9g-P5,,,,X 全窗基线 · 不参与实体赏罚,14191407,1420,A168_HF9F_20260827_0900,2026-08-27 09:00:00
2026-05-07,128173484,1157,0,10.3782886202,10.1188314047,10.1188314047,1.0000000,2,2,0.49994810000000000,0.499948100000,1.4143603653603398,1.4143603653603398,1.4143603653603398,0E-17,ELIGIBLE,R03b_20260811_FULL_v1,L1_ELIGIBILITY,v2026-08-11,2026-03-21..2026-08-06,baccarat_bet02_101_all_pairs_incl_sentinel,round_win = game_pnl > 0 (decisive only),COMPATIBILITY_ONLY_NOT_PRODUCTION,127205.3315,115172.8122,6635.2036,4257,2852,-0.05216136,-0.11437665,-0.04113429,-0.05216136,-6635.2036,127205.3315,OK,0.0000,265.4081,4.0000,96.0000,AG03-UNRESOLVED,ALL5_LEVELS_bet23_to_bet27,265.4081,265.4081,265.4081,331.7602,331.7602,4.000000,4.000000,4.000000,5.000000,5.000000,96.000000,96.000000,96.000000,95.000000,95.000000,5.0,1459.7448,1337.1644,5175.4588,5298.0391,PENDING_AG03,FALSE,NOT_FOR_ENFORCEMENT,6369.7955,110565.8997,6635.2036,6369.7955,265.4081,0.05216136,0.05007491,265.4081,6369.7955,0.05007491,265.4081,265.4081,265.4081,331.7602,331.7602,6369.7955,0.05007491,1459.7448,1337.1644,5175.4588,5298.0391,0.04068586,0.04164951,0.00208645,29.8814,40.3832,2.3265,127.6001,7.3643,2446.2564,54.8462,43.4275,28.3160,5.1431,12.8578,28.9875,66.8604,128.5777,263.3173,7.8995,-2.6176,10.0,20.479237,2.324,28,180,56,8,0.15055597,0.05216136,0.11437665,0E-8,0.000000,0.905409,0.000000,-0.07324236,2026-03-22,2026-08-06,52,901,524,138,0.376812,1.533674,1.453326,0.501853,,,,,,,,GLOBAL_BASELINE_NO_ENTITY_RANKING,,,NOT_APPLICABLE_GLOBAL_BASELINE,HF9g-P5,,,,X 全窗基线 · 不参与实体赏罚,14191408,1420,A168_HF9F_20260827_0900,2026-08-27 09:00:00
2026-05-07,128173484,1302,0,11.1566602668,2.3351149395,2.3351149395,1.0000000,3,2,0.43466064999907512,0.398665625000,1.1404583914052713,1.228156243345255,1.1404583914052713,0.03599502499907512,ELIGIBLE,R03b_20260811_FULL_v1,L1_ELIGIBILITY,v2026-08-11,2026-03-21..2026-08-06,baccarat_bet02_101_all_pairs_incl_sentinel,round_win = game_pnl > 0 (decisive only),COMPATIBILITY_ONLY_NOT_PRODUCTION,127205.3315,115172.8122,6635.2036,4257,2852,-0.05216136,-0.11437665,-0.04113429,-0.05216136,-6635.2036,127205.3315,OK,0.0000,265.4081,4.0000,96.0000,AG03-UNRESOLVED,ALL5_LEVELS_bet23_to_bet27,265.4081,265.4081,265.4081,331.7602,331.7602,4.000000,4.000000,4.000000,5.000000,5.000000,96.000000,96.000000,96.000000,95.000000,95.000000,5.0,1459.7448,1337.1644,5175.4588,5298.0391,PENDING_AG03,FALSE,NOT_FOR_ENFORCEMENT,6369.7955,110565.8997,6635.2036,6369.7955,265.4081,0.05216136,0.05007491,265.4081,6369.7955,0.05007491,265.4081,265.4081,265.4081,331.7602,331.7602,6369.7955,0.05007491,1459.7448,1337.1644,5175.4588,5298.0391,0.04068586,0.04164951,0.00208645,29.8814,40.3832,2.3265,127.6001,7.3643,2446.2564,54.8462,43.4275,28.3160,5.1431,12.8578,28.9875,66.8604,128.5777,263.3173,7.8995,-2.6176,10.0,20.479237,2.324,28,180,56,8,0.15055597,0.05216136,0.11437665,0E-8,0.000000,0.905409,0.000000,-0.07324236,2026-03-22,2026-08-06,52,901,524,138,0.376812,1.533674,1.453326,0.501853,,,,,,,,GLOBAL_BASELINE_NO_ENTITY_RANKING,,,NOT_APPLICABLE_GLOBAL_BASELINE,HF9g-P5,,,,X 全窗基线 · 不参与实体赏罚,14191409,1420,A168_HF9F_20260827_0900,2026-08-27 09:00:00
2026-05-07,128173484,1325,0,115.9773753309,-4.4107726636,-4.4107726636,0.7500000,5,4,0.46411784782612448,0.448442112500,1.146484683841297,1.212695995033219,1.146484683841297,0.01567573532612448,ELIGIBLE,R03b_20260811_FULL_v1,L1_ELIGIBILITY,v2026-08-11,2026-03-21..2026-08-06,baccarat_bet02_101_all_pairs_incl_sentinel,round_win = game_pnl > 0 (decisive only),COMPATIBILITY_ONLY_NOT_PRODUCTION,127205.3315,115172.8122,6635.2036,4257,2852,-0.05216136,-0.11437665,-0.04113429,-0.05216136,-6635.2036,127205.3315,OK,0.0000,265.4081,4.0000,96.0000,AG03-UNRESOLVED,ALL5_LEVELS_bet23_to_bet27,265.4081,265.4081,265.4081,331.7602,331.7602,4.000000,4.000000,4.000000,5.000000,5.000000,96.000000,96.000000,96.000000,95.000000,95.000000,5.0,1459.7448,1337.1644,5175.4588,5298.0391,PENDING_AG03,FALSE,NOT_FOR_ENFORCEMENT,6369.7955,110565.8997,6635.2036,6369.7955,265.4081,0.05216136,0.05007491,265.4081,6369.7955,0.05007491,265.4081,265.4081,265.4081,331.7602,331.7602,6369.7955,0.05007491,1459.7448,1337.1644,5175.4588,5298.0391,0.04068586,0.04164951,0.00208645,29.8814,40.3832,2.3265,127.6001,7.3643,2446.2564,54.8462,43.4275,28.3160,5.1431,12.8578,28.9875,66.8604,128.5777,263.3173,7.8995,-2.6176,10.0,20.479237,2.324,28,180,56,8,0.15055597,0.05216136,0.11437665,0E-8,0.000000,0.905409,0.000000,-0.07324236,2026-03-22,2026-08-06,52,901,524,138,0.376812,1.533674,1.453326,0.501853,,,,,,,,GLOBAL_BASELINE_NO_ENTITY_RANKING,,,NOT_APPLICABLE_GLOBAL_BASELINE,HF9g-P5,,,,X 全窗基线 · 不参与实体赏罚,14191410,1420,A168_HF9F_20260827_0900,2026-08-27 09:00:00
2026-05-07,128173484,1354,0,6.7458876032,0.8432359503,0.8432359503,1.0000000,2,1,0.32390672692209184,0.290680550000,1.4447520642186704,1.5621148022658344,1.4447520642186704,0.03322617692209184,ELIGIBLE,R03b_20260811_FULL_v1,L1_ELIGIBILITY,v2026-08-11,2026-03-21..2026-08-06,baccarat_bet02_101_all_pairs_incl_sentinel,round_win = game_pnl > 0 (decisive only),COMPATIBILITY_ONLY_NOT_PRODUCTION,127205.3315,115172.8122,6635.2036,4257,2852,-0.05216136,-0.11437665,-0.04113429,-0.05216136,-6635.2036,127205.3315,OK,0.0000,265.4081,4.0000,96.0000,AG03-UNRESOLVED,ALL5_LEVELS_bet23_to_bet27,265.4081,265.4081,265.4081,331.7602,331.7602,4.000000,4.000000,4.000000,5.000000,5.000000,96.000000,96.000000,96.000000,95.000000,95.000000,5.0,1459.7448,1337.1644,5175.4588,5298.0391,PENDING_AG03,FALSE,NOT_FOR_ENFORCEMENT,6369.7955,110565.8997,6635.2036,6369.7955,265.4081,0.05216136,0.05007491,265.4081,6369.7955,0.05007491,265.4081,265.4081,265.4081,331.7602,331.7602,6369.7955,0.05007491,1459.7448,1337.1644,5175.4588,5298.0391,0.04068586,0.04164951,0.00208645,29.8814,40.3832,2.3265,127.6001,7.3643,2446.2564,54.8462,43.4275,28.3160,5.1431,12.8578,28.9875,66.8604,128.5777,263.3173,7.8995,-2.6176,10.0,20.479237,2.324,28,180,56,8,0.15055597,0.05216136,0.11437665,0E-8,0.000000,0.905409,0.000000,-0.07324236,2026-03-22,2026-08-06,52,901,524,138,0.376812,1.533674,1.453326,0.501853,,,,,,,,GLOBAL_BASELINE_NO_ENTITY_RANKING,,,NOT_APPLICABLE_GLOBAL_BASELINE,HF9g-P5,,,,X 全窗基线 · 不参与实体赏罚,14191411,1420,A168_HF9F_20260827_0900,2026-08-27 09:00:00
2026-05-07,128173484,1399,0,23.3511493955,9.9242384930,9.9242384930,1.0000000,5,4,0.45723638214270036,0.450117762500,1.8871029859038757,1.9143987289688298,1.8871029859038757,0.00711861964270036,ELIGIBLE,R03b_20260811_FULL_v1,L1_ELIGIBILITY,v2026-08-11,2026-03-21..2026-08-06,baccarat_bet02_101_all_pairs_incl_sentinel,round_win = game_pnl > 0 (decisive only),COMPATIBILITY_ONLY_NOT_PRODUCTION,127205.3315,115172.8122,6635.2036,4257,2852,-0.05216136,-0.11437665,-0.04113429,-0.05216136,-6635.2036,127205.3315,OK,0.0000,265.4081,4.0000,96.0000,AG03-UNRESOLVED,ALL5_LEVELS_bet23_to_bet27,265.4081,265.4081,265.4081,331.7602,331.7602,4.000000,4.000000,4.000000,5.000000,5.000000,96.000000,96.000000,96.000000,95.000000,95.000000,5.0,1459.7448,1337.1644,5175.4588,5298.0391,PENDING_AG03,FALSE,NOT_FOR_ENFORCEMENT,6369.7955,110565.8997,6635.2036,6369.7955,265.4081,0.05216136,0.05007491,265.4081,6369.7955,0.05007491,265.4081,265.4081,265.4081,331.7602,331.7602,6369.7955,0.05007491,1459.7448,1337.1644,5175.4588,5298.0391,0.04068586,0.04164951,0.00208645,29.8814,40.3832,2.3265,127.6001,7.3643,2446.2564,54.8462,43.4275,28.3160,5.1431,12.8578,28.9875,66.8604,128.5777,263.3173,7.8995,-2.6176,10.0,20.479237,2.324,28,180,56,8,0.15055597,0.05216136,0.11437665,0E-8,0.000000,0.905409,0.000000,-0.07324236,2026-03-22,2026-08-06,52,901,524,138,0.376812,1.533674,1.453326,0.501853,,,,,,,,GLOBAL_BASELINE_NO_ENTITY_RANKING,,,NOT_APPLICABLE_GLOBAL_BASELINE,HF9g-P5,,,,X 全窗基线 · 不参与实体赏罚,14191412,1420,A168_HF9F_20260827_0900,2026-08-27 09:00:00
2026-05-07,128173484,1402,0,27.2430076281,-1.9459291163,-1.9459291163,0.3333333,4,3,0.47818561666635837,0.430192250000,-0.5022612757956466,-0.33884787596079907,-0.5022612757956466,0.04799336666635837,ELIGIBLE,R03b_20260811_FULL_v1,L1_ELIGIBILITY,v2026-08-11,2026-03-21..2026-08-06,baccarat_bet02_101_all_pairs_incl_sentinel,round_win = game_pnl > 0 (decisive only),COMPATIBILITY_ONLY_NOT_PRODUCTION,127205.3315,115172.8122,6635.2036,4257,2852,-0.05216136,-0.11437665,-0.04113429,-0.05216136,-6635.2036,127205.3315,OK,0.0000,265.4081,4.0000,96.0000,AG03-UNRESOLVED,ALL5_LEVELS_bet23_to_bet27,265.4081,265.4081,265.4081,331.7602,331.7602,4.000000,4.000000,4.000000,5.000000,5.000000,96.000000,96.000000,96.000000,95.000000,95.000000,5.0,1459.7448,1337.1644,5175.4588,5298.0391,PENDING_AG03,FALSE,NOT_FOR_ENFORCEMENT,6369.7955,110565.8997,6635.2036,6369.7955,265.4081,0.05216136,0.05007491,265.4081,6369.7955,0.05007491,265.4081,265.4081,265.4081,331.7602,331.7602,6369.7955,0.05007491,1459.7448,1337.1644,5175.4588,5298.0391,0.04068586,0.04164951,0.00208645,29.8814,40.3832,2.3265,127.6001,7.3643,2446.2564,54.8462,43.4275,28.3160,5.1431,12.8578,28.9875,66.8604,128.5777,263.3173,7.8995,-2.6176,10.0,20.479237,2.324,28,180,56,8,0.15055597,0.05216136,0.11437665,0E-8,0.000000,0.905409,0.000000,-0.07324236,2026-03-22,2026-08-06,52,901,524,138,0.376812,1.533674,1.453326,0.501853,,,,,,,,GLOBAL_BASELINE_NO_ENTITY_RANKING,,,NOT_APPLICABLE_GLOBAL_BASELINE,HF9g-P5,,,,X 全窗基线 · 不参与实体赏罚,14191413,1420,A168_HF9F_20260827_0900,2026-08-27 09:00:00
2026-05-07,128173484,1505,0,76.2804213586,50.8536142390,50.8536142390,0.6666667,5,3,0.42085141862690063,0.364833000000,0.8624025859190557,1.0860186579666644,0.8624025859190557,0.05601841862690063,ELIGIBLE,R03b_20260811_FULL_v1,L1_ELIGIBILITY,v2026-08-11,2026-03-21..2026-08-06,baccarat_bet02_101_all_pairs_incl_sentinel,round_win = game_pnl > 0 (decisive only),COMPATIBILITY_ONLY_NOT_PRODUCTION,127205.3315,115172.8122,6635.2036,4257,2852,-0.05216136,-0.11437665,-0.04113429,-0.05216136,-6635.2036,127205.3315,OK,0.0000,265.4081,4.0000,96.0000,AG03-UNRESOLVED,ALL5_LEVELS_bet23_to_bet27,265.4081,265.4081,265.4081,331.7602,331.7602,4.000000,4.000000,4.000000,5.000000,5.000000,96.000000,96.000000,96.000000,95.000000,95.000000,5.0,1459.7448,1337.1644,5175.4588,5298.0391,PENDING_AG03,FALSE,NOT_FOR_ENFORCEMENT,6369.7955,110565.8997,6635.2036,6369.7955,265.4081,0.05216136,0.05007491,265.4081,6369.7955,0.05007491,265.4081,265.4081,265.4081,331.7602,331.7602,6369.7955,0.05007491,1459.7448,1337.1644,5175.4588,5298.0391,0.04068586,0.04164951,0.00208645,29.8814,40.3832,2.3265,127.6001,7.3643,2446.2564,54.8462,43.4275,28.3160,5.1431,12.8578,28.9875,66.8604,128.5777,263.3173,7.8995,-2.6176,10.0,20.479237,2.324,28,180,56,8,0.15055597,0.05216136,0.11437665,0E-8,0.000000,0.905409,0.000000,-0.07324236,2026-03-22,2026-08-06,52,901,524,138,0.376812,1.533674,1.453326,0.501853,,,,,,,,GLOBAL_BASELINE_NO_ENTITY_RANKING,,,NOT_APPLICABLE_GLOBAL_BASELINE,HF9g-P5,,,,X 全窗基线 · 不参与实体赏罚,14191414,1420,A168_HF9F_20260827_0900,2026-08-27 09:00:00
2026-05-07,128173484,1947,0,46.7022987911,7.1350734263,7.1350734263,0.5000000,4,2,0.45265816249924854,0.290680550000,0.13450722324178854,0.6519220370232052,0.13450722324178854,0.16197761249924854,ELIGIBLE,R03b_20260811_FULL_v1,L1_ELIGIBILITY,v2026-08-11,2026-03-21..2026-08-06,baccarat_bet02_101_all_pairs_incl_sentinel,round_win = game_pnl > 0 (decisive only),COMPATIBILITY_ONLY_NOT_PRODUCTION,127205.3315,115172.8122,6635.2036,4257,2852,-0.05216136,-0.11437665,-0.04113429,-0.05216136,-6635.2036,127205.3315,OK,0.0000,265.4081,4.0000,96.0000,AG03-UNRESOLVED,ALL5_LEVELS_bet23_to_bet27,265.4081,265.4081,265.4081,331.7602,331.7602,4.000000,4.000000,4.000000,5.000000,5.000000,96.000000,96.000000,96.000000,95.000000,95.000000,5.0,1459.7448,1337.1644,5175.4588,5298.0391,PENDING_AG03,FALSE,NOT_FOR_ENFORCEMENT,6369.7955,110565.8997,6635.2036,6369.7955,265.4081,0.05216136,0.05007491,265.4081,6369.7955,0.05007491,265.4081,265.4081,265.4081,331.7602,331.7602,6369.7955,0.05007491,1459.7448,1337.1644,5175.4588,5298.0391,0.04068586,0.04164951,0.00208645,29.8814,40.3832,2.3265,127.6001,7.3643,2446.2564,54.8462,43.4275,28.3160,5.1431,12.8578,28.9875,66.8604,128.5777,263.3173,7.8995,-2.6176,10.0,20.479237,2.324,28,180,56,8,0.15055597,0.05216136,0.11437665,0E-8,0.000000,0.905409,0.000000,-0.07324236,2026-03-22,2026-08-06,52,901,524,138,0.376812,1.533674,1.453326,0.501853,,,,,,,,GLOBAL_BASELINE_NO_ENTITY_RANKING,,,NOT_APPLICABLE_GLOBAL_BASELINE,HF9g-P5,,,,X 全窗基线 · 不参与实体赏罚,14191415,1420,A168_HF9F_20260827_0900,2026-08-27 09:00:00
2026-05-07,128173484,1951,0,31.9132375072,-31.9132375072,-31.9132375072,0E-7,3,2,0.48092268181784851,0.395308300000,-1.361245953813192,-1.1434467924800245,-1.361245953813192,0.08561438181784851,ELIGIBLE,R03b_20260811_FULL_v1,L1_ELIGIBILITY,v2026-08-11,2026-03-21..2026-08-06,baccarat_bet02_101_all_pairs_incl_sentinel,round_win = game_pnl > 0 (decisive only),COMPATIBILITY_ONLY_NOT_PRODUCTION,127205.3315,115172.8122,6635.2036,4257,2852,-0.05216136,-0.11437665,-0.04113429,-0.05216136,-6635.2036,127205.3315,OK,0.0000,265.4081,4.0000,96.0000,AG03-UNRESOLVED,ALL5_LEVELS_bet23_to_bet27,265.4081,265.4081,265.4081,331.7602,331.7602,4.000000,4.000000,4.000000,5.000000,5.000000,96.000000,96.000000,96.000000,95.000000,95.000000,5.0,1459.7448,1337.1644,5175.4588,5298.0391,PENDING_AG03,FALSE,NOT_FOR_ENFORCEMENT,6369.7955,110565.8997,6635.2036,6369.7955,265.4081,0.05216136,0.05007491,265.4081,6369.7955,0.05007491,265.4081,265.4081,265.4081,331.7602,331.7602,6369.7955,0.05007491,1459.7448,1337.1644,5175.4588,5298.0391,0.04068586,0.04164951,0.00208645,29.8814,40.3832,2.3265,127.6001,7.3643,2446.2564,54.8462,43.4275,28.3160,5.1431,12.8578,28.9875,66.8604,128.5777,263.3173,7.8995,-2.6176,10.0,20.479237,2.324,28,180,56,8,0.15055597,0.05216136,0.11437665,0E-8,0.000000,0.905409,0.000000,-0.07324236,2026-03-22,2026-08-06,52,901,524,138,0.376812,1.533674,1.453326,0.501853,,,,,,,,GLOBAL_BASELINE_NO_ENTITY_RANKING,,,NOT_APPLICABLE_GLOBAL_BASELINE,HF9g-P5,,,,X 全窗基线 · 不参与实体赏罚,14191416,1420,A168_HF9F_20260827_0900,2026-08-27 09:00:00
2026-05-07,128173484,2108,0,11.4161174823,19.9782055939,19.9782055939,1.0000000,3,1,0.29565364999815176,0.225321300000,1.5434817959365315,1.8542132638653546,1.5434817959365315,0.07033234999815176,ELIGIBLE,R03b_20260811_FULL_v1,L1_ELIGIBILITY,v2026-08-11,2026-03-21..2026-08-06,baccarat_bet02_101_all_pairs_incl_sentinel,round_win = game_pnl > 0 (decisive only),COMPATIBILITY_ONLY_NOT_PRODUCTION,127205.3315,115172.8122,6635.2036,4257,2852,-0.05216136,-0.11437665,-0.04113429,-0.05216136,-6635.2036,127205.3315,OK,0.0000,265.4081,4.0000,96.0000,AG03-UNRESOLVED,ALL5_LEVELS_bet23_to_bet27,265.4081,265.4081,265.4081,331.7602,331.7602,4.000000,4.000000,4.000000,5.000000,5.000000,96.000000,96.000000,96.000000,95.000000,95.000000,5.0,1459.7448,1337.1644,5175.4588,5298.0391,PENDING_AG03,FALSE,NOT_FOR_ENFORCEMENT,6369.7955,110565.8997,6635.2036,6369.7955,265.4081,0.05216136,0.05007491,265.4081,6369.7955,0.05007491,265.4081,265.4081,265.4081,331.7602,331.7602,6369.7955,0.05007491,1459.7448,1337.1644,5175.4588,5298.0391,0.04068586,0.04164951,0.00208645,29.8814,40.3832,2.3265,127.6001,7.3643,2446.2564,54.8462,43.4275,28.3160,5.1431,12.8578,28.9875,66.8604,128.5777,263.3173,7.8995,-2.6176,10.0,20.479237,2.324,28,180,56,8,0.15055597,0.05216136,0.11437665,0E-8,0.000000,0.905409,0.000000,-0.07324236,2026-03-22,2026-08-06,52,901,524,138,0.376812,1.533674,1.453326,0.501853,,,,,,,,GLOBAL_BASELINE_NO_ENTITY_RANKING,,,NOT_APPLICABLE_GLOBAL_BASELINE,HF9g-P5,,,,X 全窗基线 · 不参与实体赏罚,14191417,1420,A168_HF9F_20260827_0900,2026-08-27 09:00:00
2026-05-07,128173484,2117,0,5.1891443101,4.9296870946,4.9296870946,1.0000000,1,1,0.50665070000000000,0.506650700000,0.9867858985152569,0.9867858985152569,0.9867858985152569,0E-17,ELIGIBLE,R03b_20260811_FULL_v1,L1_ELIGIBILITY,v2026-08-11,2026-03-21..2026-08-06,baccarat_bet02_101_all_pairs_incl_sentinel,round_win = game_pnl > 0 (decisive only),COMPATIBILITY_ONLY_NOT_PRODUCTION,127205.3315,115172.8122,6635.2036,4257,2852,-0.05216136,-0.11437665,-0.04113429,-0.05216136,-6635.2036,127205.3315,OK,0.0000,265.4081,4.0000,96.0000,AG03-UNRESOLVED,ALL5_LEVELS_bet23_to_bet27,265.4081,265.4081,265.4081,331.7602,331.7602,4.000000,4.000000,4.000000,5.000000,5.000000,96.000000,96.000000,96.000000,95.000000,95.000000,5.0,1459.7448,1337.1644,5175.4588,5298.0391,PENDING_AG03,FALSE,NOT_FOR_ENFORCEMENT,6369.7955,110565.8997,6635.2036,6369.7955,265.4081,0.05216136,0.05007491,265.4081,6369.7955,0.05007491,265.4081,265.4081,265.4081,331.7602,331.7602,6369.7955,0.05007491,1459.7448,1337.1644,5175.4588,5298.0391,0.04068586,0.04164951,0.00208645,29.8814,40.3832,2.3265,127.6001,7.3643,2446.2564,54.8462,43.4275,28.3160,5.1431,12.8578,28.9875,66.8604,128.5777,263.3173,7.8995,-2.6176,10.0,20.479237,2.324,28,180,56,8,0.15055597,0.05216136,0.11437665,0E-8,0.000000,0.905409,0.000000,-0.07324236,2026-03-22,2026-08-06,52,901,524,138,0.376812,1.533674,1.453326,0.501853,,,,,,,,GLOBAL_BASELINE_NO_ENTITY_RANKING,,,NOT_APPLICABLE_GLOBAL_BASELINE,HF9g-P5,,,,X 全窗基线 · 不参与实体赏罚,14191418,1420,A168_HF9F_20260827_0900,2026-08-27 09:00:00
2026-05-07,128173484,2123,0,140.3663535885,-101.6553370352,-101.6553370352,0.4444444,11,9,0.48618451111090558,0.454188933333,-0.25053605675854096,-0.05871389297908128,-0.25053605675854096,0.03199557777790558,ELIGIBLE,R03b_20260811_FULL_v1,L1_ELIGIBILITY,v2026-08-11,2026-03-21..2026-08-06,baccarat_bet02_101_all_pairs_incl_sentinel,round_win = game_pnl > 0 (decisive only),COMPATIBILITY_ONLY_NOT_PRODUCTION,127205.3315,115172.8122,6635.2036,4257,2852,-0.05216136,-0.11437665,-0.04113429,-0.05216136,-6635.2036,127205.3315,OK,0.0000,265.4081,4.0000,96.0000,AG03-UNRESOLVED,ALL5_LEVELS_bet23_to_bet27,265.4081,265.4081,265.4081,331.7602,331.7602,4.000000,4.000000,4.000000,5.000000,5.000000,96.000000,96.000000,96.000000,95.000000,95.000000,5.0,1459.7448,1337.1644,5175.4588,5298.0391,PENDING_AG03,FALSE,NOT_FOR_ENFORCEMENT,6369.7955,110565.8997,6635.2036,6369.7955,265.4081,0.05216136,0.05007491,265.4081,6369.7955,0.05007491,265.4081,265.4081,265.4081,331.7602,331.7602,6369.7955,0.05007491,1459.7448,1337.1644,5175.4588,5298.0391,0.04068586,0.04164951,0.00208645,29.8814,40.3832,2.3265,127.6001,7.3643,2446.2564,54.8462,43.4275,28.3160,5.1431,12.8578,28.9875,66.8604,128.5777,263.3173,7.8995,-2.6176,10.0,20.479237,2.324,28,180,56,8,0.15055597,0.05216136,0.11437665,0E-8,0.000000,0.905409,0.000000,-0.07324236,2026-03-22,2026-08-06,52,901,524,138,0.376812,1.533674,1.453326,0.501853,,,,,,,,GLOBAL_BASELINE_NO_ENTITY_RANKING,,,NOT_APPLICABLE_GLOBAL_BASELINE,HF9g-P5,,,,X 全窗基线 · 不参与实体赏罚,14191419,1420,A168_HF9F_20260827_0900,2026-08-27 09:00:00
2026-05-07,128173484,2129,0,33.7294380157,16.8647190078,16.8647190078,0.5000000,2,2,0.50665070000000000,0.506650700000,-0.018812684590367487,-0.018812684590367487,-0.018812684590367487,0E-17,ELIGIBLE,R03b_20260811_FULL_v1,L1_ELIGIBILITY,v2026-08-11,2026-03-21..2026-08-06,baccarat_bet02_101_all_pairs_incl_sentinel,round_win = game_pnl > 0 (decisive only),COMPATIBILITY_ONLY_NOT_PRODUCTION,127205.3315,115172.8122,6635.2036,4257,2852,-0.05216136,-0.11437665,-0.04113429,-0.05216136,-6635.2036,127205.3315,OK,0.0000,265.4081,4.0000,96.0000,AG03-UNRESOLVED,ALL5_LEVELS_bet23_to_bet27,265.4081,265.4081,265.4081,331.7602,331.7602,4.000000,4.000000,4.000000,5.000000,5.000000,96.000000,96.000000,96.000000,95.000000,95.000000,5.0,1459.7448,1337.1644,5175.4588,5298.0391,PENDING_AG03,FALSE,NOT_FOR_ENFORCEMENT,6369.7955,110565.8997,6635.2036,6369.7955,265.4081,0.05216136,0.05007491,265.4081,6369.7955,0.05007491,265.4081,265.4081,265.4081,331.7602,331.7602,6369.7955,0.05007491,1459.7448,1337.1644,5175.4588,5298.0391,0.04068586,0.04164951,0.00208645,29.8814,40.3832,2.3265,127.6001,7.3643,2446.2564,54.8462,43.4275,28.3160,5.1431,12.8578,28.9875,66.8604,128.5777,263.3173,7.8995,-2.6176,10.0,20.479237,2.324,28,180,56,8,0.15055597,0.05216136,0.11437665,0E-8,0.000000,0.905409,0.000000,-0.07324236,2026-03-22,2026-08-06,52,901,524,138,0.376812,1.533674,1.453326,0.501853,,,,,,,,GLOBAL_BASELINE_NO_ENTITY_RANKING,,,NOT_APPLICABLE_GLOBAL_BASELINE,HF9g-P5,,,,X 全窗基线 · 不参与实体赏罚,14191420,1420,A168_HF9F_20260827_0900,2026-08-27 09:00:00
2026-05-07,128173484,2142,0,198.4847698615,-194.5929116289,-194.5929116289,0E-7,4,4,0.49994810000000000,0.499948100000,-1.7318710300250217,-1.7318710300250217,-1.7318710300250217,0E-17,ELIGIBLE,R03b_20260811_FULL_v1,L1_ELIGIBILITY,v2026-08-11,2026-03-21..2026-08-06,baccarat_bet02_101_all_pairs_incl_sentinel,round_win = game_pnl > 0 (decisive only),COMPATIBILITY_ONLY_NOT_PRODUCTION,127205.3315,115172.8122,6635.2036,4257,2852,-0.05216136,-0.11437665,-0.04113429,-0.05216136,-6635.2036,127205.3315,OK,0.0000,265.4081,4.0000,96.0000,AG03-UNRESOLVED,ALL5_LEVELS_bet23_to_bet27,265.4081,265.4081,265.4081,331.7602,331.7602,4.000000,4.000000,4.000000,5.000000,5.000000,96.000000,96.000000,96.000000,95.000000,95.000000,5.0,1459.7448,1337.1644,5175.4588,5298.0391,PENDING_AG03,FALSE,NOT_FOR_ENFORCEMENT,6369.7955,110565.8997,6635.2036,6369.7955,265.4081,0.05216136,0.05007491,265.4081,6369.7955,0.05007491,265.4081,265.4081,265.4081,331.7602,331.7602,6369.7955,0.05007491,1459.7448,1337.1644,5175.4588,5298.0391,0.04068586,0.04164951,0.00208645,29.8814,40.3832,2.3265,127.6001,7.3643,2446.2564,54.8462,43.4275,28.3160,5.1431,12.8578,28.9875,66.8604,128.5777,263.3173,7.8995,-2.6176,10.0,20.479237,2.324,28,180,56,8,0.15055597,0.05216136,0.11437665,0E-8,0.000000,0.905409,0.000000,-0.07324236,2026-03-22,2026-08-06,52,901,524,138,0.376812,1.533674,1.453326,0.501853,,,,,,,,GLOBAL_BASELINE_NO_ENTITY_RANKING,,,NOT_APPLICABLE_GLOBAL_BASELINE,HF9g-P5,,,,X 全窗基线 · 不参与实体赏罚,14191421,1420,A168_HF9F_20260827_0900,2026-08-27 09:00:00
2026-05-07,128173484,2145,0,452.4933838410,-168.3877328629,-168.3877328629,0.2857143,7,7,0.49707555714285714,0.497075557143,-1.1184378527242427,-1.1184378527249965,-1.1184378527242427,-1.4286E-13,ELIGIBLE,R03b_20260811_FULL_v1,L1_ELIGIBILITY,v2026-08-11,2026-03-21..2026-08-06,baccarat_bet02_101_all_pairs_incl_sentinel,round_win = game_pnl > 0 (decisive only),COMPATIBILITY_ONLY_NOT_PRODUCTION,127205.3315,115172.8122,6635.2036,4257,2852,-0.05216136,-0.11437665,-0.04113429,-0.05216136,-6635.2036,127205.3315,OK,0.0000,265.4081,4.0000,96.0000,AG03-UNRESOLVED,ALL5_LEVELS_bet23_to_bet27,265.4081,265.4081,265.4081,331.7602,331.7602,4.000000,4.000000,4.000000,5.000000,5.000000,96.000000,96.000000,96.000000,95.000000,95.000000,5.0,1459.7448,1337.1644,5175.4588,5298.0391,PENDING_AG03,FALSE,NOT_FOR_ENFORCEMENT,6369.7955,110565.8997,6635.2036,6369.7955,265.4081,0.05216136,0.05007491,265.4081,6369.7955,0.05007491,265.4081,265.4081,265.4081,331.7602,331.7602,6369.7955,0.05007491,1459.7448,1337.1644,5175.4588,5298.0391,0.04068586,0.04164951,0.00208645,29.8814,40.3832,2.3265,127.6001,7.3643,2446.2564,54.8462,43.4275,28.3160,5.1431,12.8578,28.9875,66.8604,128.5777,263.3173,7.8995,-2.6176,10.0,20.479237,2.324,28,180,56,8,0.15055597,0.05216136,0.11437665,0E-8,0.000000,0.905409,0.000000,-0.07324236,2026-03-22,2026-08-06,52,901,524,138,0.376812,1.533674,1.453326,0.501853,,,,,,,,GLOBAL_BASELINE_NO_ENTITY_RANKING,,,NOT_APPLICABLE_GLOBAL_BASELINE,HF9g-P5,,,,X 全窗基线 · 不参与实体赏罚,14191422,1420,A168_HF9F_20260827_0900,2026-08-27 09:00:00
2026-05-07,128173484,2152,0,21.2754916715,-11.1566602668,-11.1566602668,0.5000000,3,2,0.42565737499934966,0.398659600000,0.21263623992481676,0.292709156083817,0.21263623992481676,0.02699777499934966,ELIGIBLE,R03b_20260811_FULL_v1,L1_ELIGIBILITY,v2026-08-11,2026-03-21..2026-08-06,baccarat_bet02_101_all_pairs_incl_sentinel,round_win = game_pnl > 0 (decisive only),COMPATIBILITY_ONLY_NOT_PRODUCTION,127205.3315,115172.8122,6635.2036,4257,2852,-0.05216136,-0.11437665,-0.04113429,-0.05216136,-6635.2036,127205.3315,OK,0.0000,265.4081,4.0000,96.0000,AG03-UNRESOLVED,ALL5_LEVELS_bet23_to_bet27,265.4081,265.4081,265.4081,331.7602,331.7602,4.000000,4.000000,4.000000,5.000000,5.000000,96.000000,96.000000,96.000000,95.000000,95.000000,5.0,1459.7448,1337.1644,5175.4588,5298.0391,PENDING_AG03,FALSE,NOT_FOR_ENFORCEMENT,6369.7955,110565.8997,6635.2036,6369.7955,265.4081,0.05216136,0.05007491,265.4081,6369.7955,0.05007491,265.4081,265.4081,265.4081,331.7602,331.7602,6369.7955,0.05007491,1459.7448,1337.1644,5175.4588,5298.0391,0.04068586,0.04164951,0.00208645,29.8814,40.3832,2.3265,127.6001,7.3643,2446.2564,54.8462,43.4275,28.3160,5.1431,12.8578,28.9875,66.8604,128.5777,263.3173,7.8995,-2.6176,10.0,20.479237,2.324,28,180,56,8,0.15055597,0.05216136,0.11437665,0E-8,0.000000,0.905409,0.000000,-0.07324236,2026-03-22,2026-08-06,52,901,524,138,0.376812,1.533674,1.453326,0.501853,,,,,,,,GLOBAL_BASELINE_NO_ENTITY_RANKING,,,NOT_APPLICABLE_GLOBAL_BASELINE,HF9g-P5,,,,X 全窗基线 · 不参与实体赏罚,14191423,1420,A168_HF9F_20260827_0900,2026-08-27 09:00:00
2026-05-07,128173484,2155,0,28.5402937056,-28.5402937056,-28.5402937056,0E-7,2,1,0.45519466363569702,0.283965900000,-0.914066735771308,-0.6297471965178028,-0.914066735771308,0.17122876363569702,ELIGIBLE,R03b_20260811_FULL_v1,L1_ELIGIBILITY,v2026-08-11,2026-03-21..2026-08-06,baccarat_bet02_101_all_pairs_incl_sentinel,round_win = game_pnl > 0 (decisive only),COMPATIBILITY_ONLY_NOT_PRODUCTION,127205.3315,115172.8122,6635.2036,4257,2852,-0.05216136,-0.11437665,-0.04113429,-0.05216136,-6635.2036,127205.3315,OK,0.0000,265.4081,4.0000,96.0000,AG03-UNRESOLVED,ALL5_LEVELS_bet23_to_bet27,265.4081,265.4081,265.4081,331.7602,331.7602,4.000000,4.000000,4.000000,5.000000,5.000000,96.000000,96.000000,96.000000,95.000000,95.000000,5.0,1459.7448,1337.1644,5175.4588,5298.0391,PENDING_AG03,FALSE,NOT_FOR_ENFORCEMENT,6369.7955,110565.8997,6635.2036,6369.7955,265.4081,0.05216136,0.05007491,265.4081,6369.7955,0.05007491,265.4081,265.4081,265.4081,331.7602,331.7602,6369.7955,0.05007491,1459.7448,1337.1644,5175.4588,5298.0391,0.04068586,0.04164951,0.00208645,29.8814,40.3832,2.3265,127.6001,7.3643,2446.2564,54.8462,43.4275,28.3160,5.1431,12.8578,28.9875,66.8604,128.5777,263.3173,7.8995,-2.6176,10.0,20.479237,2.324,28,180,56,8,0.15055597,0.05216136,0.11437665,0E-8,0.000000,0.905409,0.000000,-0.07324236,2026-03-22,2026-08-06,52,901,524,138,0.376812,1.533674,1.453326,0.501853,,,,,,,,GLOBAL_BASELINE_NO_ENTITY_RANKING,,,NOT_APPLICABLE_GLOBAL_BASELINE,HF9g-P5,,,,X 全窗基线 · 不参与实体赏罚,14191424,1420,A168_HF9F_20260827_0900,2026-08-27 09:00:00
2026-05-07,128173484,2160,0,5.1891443101,-5.1891443101,-5.1891443101,0E-7,1,1,0.50665070000000000,0.506650700000,-1.013391052207602,-1.013391052207602,-1.013391052207602,0E-17,ELIGIBLE,R03b_20260811_FULL_v1,L1_ELIGIBILITY,v2026-08-11,2026-03-21..2026-08-06,baccarat_bet02_101_all_pairs_incl_sentinel,round_win = game_pnl > 0 (decisive only),COMPATIBILITY_ONLY_NOT_PRODUCTION,127205.3315,115172.8122,6635.2036,4257,2852,-0.05216136,-0.11437665,-0.04113429,-0.05216136,-6635.2036,127205.3315,OK,0.0000,265.4081,4.0000,96.0000,AG03-UNRESOLVED,ALL5_LEVELS_bet23_to_bet27,265.4081,265.4081,265.4081,331.7602,331.7602,4.000000,4.000000,4.000000,5.000000,5.000000,96.000000,96.000000,96.000000,95.000000,95.000000,5.0,1459.7448,1337.1644,5175.4588,5298.0391,PENDING_AG03,FALSE,NOT_FOR_ENFORCEMENT,6369.7955,110565.8997,6635.2036,6369.7955,265.4081,0.05216136,0.05007491,265.4081,6369.7955,0.05007491,265.4081,265.4081,265.4081,331.7602,331.7602,6369.7955,0.05007491,1459.7448,1337.1644,5175.4588,5298.0391,0.04068586,0.04164951,0.00208645,29.8814,40.3832,2.3265,127.6001,7.3643,2446.2564,54.8462,43.4275,28.3160,5.1431,12.8578,28.9875,66.8604,128.5777,263.3173,7.8995,-2.6176,10.0,20.479237,2.324,28,180,56,8,0.15055597,0.05216136,0.11437665,0E-8,0.000000,0.905409,0.000000,-0.07324236,2026-03-22,2026-08-06,52,901,524,138,0.376812,1.533674,1.453326,0.501853,,,,,,,,GLOBAL_BASELINE_NO_ENTITY_RANKING,,,NOT_APPLICABLE_GLOBAL_BASELINE,HF9g-P5,,,,X 全窗基线 · 不参与实体赏罚,14191425,1420,A168_HF9F_20260827_0900,2026-08-27 09:00:00
2026-05-07,128173484,2188,0,16.8647190079,-12.9728607753,-12.9728607753,0E-7,3,2,0.45138957999935472,0.388605700000,-0.9070761304183498,-0.7972488298415954,-0.9070761304183498,0.06278387999935472,ELIGIBLE,R03b_20260811_FULL_v1,L1_ELIGIBILITY,v2026-08-11,2026-03-21..2026-08-06,baccarat_bet02_101_all_pairs_incl_sentinel,round_win = game_pnl > 0 (decisive only),COMPATIBILITY_ONLY_NOT_PRODUCTION,127205.3315,115172.8122,6635.2036,4257,2852,-0.05216136,-0.11437665,-0.04113429,-0.05216136,-6635.2036,127205.3315,OK,0.0000,265.4081,4.0000,96.0000,AG03-UNRESOLVED,ALL5_LEVELS_bet23_to_bet27,265.4081,265.4081,265.4081,331.7602,331.7602,4.000000,4.000000,4.000000,5.000000,5.000000,96.000000,96.000000,96.000000,95.000000,95.000000,5.0,1459.7448,1337.1644,5175.4588,5298.0391,PENDING_AG03,FALSE,NOT_FOR_ENFORCEMENT,6369.7955,110565.8997,6635.2036,6369.7955,265.4081,0.05216136,0.05007491,265.4081,6369.7955,0.05007491,265.4081,265.4081,265.4081,331.7602,331.7602,6369.7955,0.05007491,1459.7448,1337.1644,5175.4588,5298.0391,0.04068586,0.04164951,0.00208645,29.8814,40.3832,2.3265,127.6001,7.3643,2446.2564,54.8462,43.4275,28.3160,5.1431,12.8578,28.9875,66.8604,128.5777,263.3173,7.8995,-2.6176,10.0,20.479237,2.324,28,180,56,8,0.15055597,0.05216136,0.11437665,0E-8,0.000000,0.905409,0.000000,-0.07324236,2026-03-22,2026-08-06,52,901,524,138,0.376812,1.533674,1.453326,0.501853,,,,,,,,GLOBAL_BASELINE_NO_ENTITY_RANKING,,,NOT_APPLICABLE_GLOBAL_BASELINE,HF9g-P5,,,,X 全窗基线 · 不参与实体赏罚,14191426,1420,A168_HF9F_20260827_0900,2026-08-27 09:00:00
2026-05-07,128173484,2201,0,38.9185823258,36.9726532095,36.9726532095,1.0000000,1,1,0.50665070000000000,0.506650700000,0.9867858985152569,0.9867858985152569,0.9867858985152569,0E-17,ELIGIBLE,R03b_20260811_FULL_v1,L1_ELIGIBILITY,v2026-08-11,2026-03-21..2026-08-06,baccarat_bet02_101_all_pairs_incl_sentinel,round_win = game_pnl > 0 (decisive only),COMPATIBILITY_ONLY_NOT_PRODUCTION,127205.3315,115172.8122,6635.2036,4257,2852,-0.05216136,-0.11437665,-0.04113429,-0.05216136,-6635.2036,127205.3315,OK,0.0000,265.4081,4.0000,96.0000,AG03-UNRESOLVED,ALL5_LEVELS_bet23_to_bet27,265.4081,265.4081,265.4081,331.7602,331.7602,4.000000,4.000000,4.000000,5.000000,5.000000,96.000000,96.000000,96.000000,95.000000,95.000000,5.0,1459.7448,1337.1644,5175.4588,5298.0391,PENDING_AG03,FALSE,NOT_FOR_ENFORCEMENT,6369.7955,110565.8997,6635.2036,6369.7955,265.4081,0.05216136,0.05007491,265.4081,6369.7955,0.05007491,265.4081,265.4081,265.4081,331.7602,331.7602,6369.7955,0.05007491,1459.7448,1337.1644,5175.4588,5298.0391,0.04068586,0.04164951,0.00208645,29.8814,40.3832,2.3265,127.6001,7.3643,2446.2564,54.8462,43.4275,28.3160,5.1431,12.8578,28.9875,66.8604,128.5777,263.3173,7.8995,-2.6176,10.0,20.479237,2.324,28,180,56,8,0.15055597,0.05216136,0.11437665,0E-8,0.000000,0.905409,0.000000,-0.07324236,2026-03-22,2026-08-06,52,901,524,138,0.376812,1.533674,1.453326,0.501853,,,,,,,,GLOBAL_BASELINE_NO_ENTITY_RANKING,,,NOT_APPLICABLE_GLOBAL_BASELINE,HF9g-P5,,,,X 全窗基线 · 不参与实体赏罚,14191427,1420,A168_HF9F_20260827_0900,2026-08-27 09:00:00
2026-05-07,128173484,2205,0,5.1891443101,-5.1891443101,-5.1891443101,0E-7,1,1,0.50665070000000000,0.506650700000,-1.013391052207602,-1.013391052207602,-1.013391052207602,0E-17,ELIGIBLE,R03b_20260811_FULL_v1,L1_ELIGIBILITY,v2026-08-11,2026-03-21..2026-08-06,baccarat_bet02_101_all_pairs_incl_sentinel,round_win = game_pnl > 0 (decisive only),COMPATIBILITY_ONLY_NOT_PRODUCTION,127205.3315,115172.8122,6635.2036,4257,2852,-0.05216136,-0.11437665,-0.04113429,-0.05216136,-6635.2036,127205.3315,OK,0.0000,265.4081,4.0000,96.0000,AG03-UNRESOLVED,ALL5_LEVELS_bet23_to_bet27,265.4081,265.4081,265.4081,331.7602,331.7602,4.000000,4.000000,4.000000,5.000000,5.000000,96.000000,96.000000,96.000000,95.000000,95.000000,5.0,1459.7448,1337.1644,5175.4588,5298.0391,PENDING_AG03,FALSE,NOT_FOR_ENFORCEMENT,6369.7955,110565.8997,6635.2036,6369.7955,265.4081,0.05216136,0.05007491,265.4081,6369.7955,0.05007491,265.4081,265.4081,265.4081,331.7602,331.7602,6369.7955,0.05007491,1459.7448,1337.1644,5175.4588,5298.0391,0.04068586,0.04164951,0.00208645,29.8814,40.3832,2.3265,127.6001,7.3643,2446.2564,54.8462,43.4275,28.3160,5.1431,12.8578,28.9875,66.8604,128.5777,263.3173,7.8995,-2.6176,10.0,20.479237,2.324,28,180,56,8,0.15055597,0.05216136,0.11437665,0E-8,0.000000,0.905409,0.000000,-0.07324236,2026-03-22,2026-08-06,52,901,524,138,0.376812,1.533674,1.453326,0.501853,,,,,,,,GLOBAL_BASELINE_NO_ENTITY_RANKING,,,NOT_APPLICABLE_GLOBAL_BASELINE,HF9g-P5,,,,X 全窗基线 · 不参与实体赏罚,14191428,1420,A168_HF9F_20260827_0900,2026-08-27 09:00:00
2026-05-07,128173484,2241,0,10.3782886202,5.1891443101,5.1891443101,1.0000000,2,2,0.49994810000000000,0.499948100000,1.0001038053877793,1.0001038053877793,1.0001038053877793,0E-17,ELIGIBLE,R03b_20260811_FULL_v1,L1_ELIGIBILITY,v2026-08-11,2026-03-21..2026-08-06,baccarat_bet02_101_all_pairs_incl_sentinel,round_win = game_pnl > 0 (decisive only),COMPATIBILITY_ONLY_NOT_PRODUCTION,127205.3315,115172.8122,6635.2036,4257,2852,-0.05216136,-0.11437665,-0.04113429,-0.05216136,-6635.2036,127205.3315,OK,0.0000,265.4081,4.0000,96.0000,AG03-UNRESOLVED,ALL5_LEVELS_bet23_to_bet27,265.4081,265.4081,265.4081,331.7602,331.7602,4.000000,4.000000,4.000000,5.000000,5.000000,96.000000,96.000000,96.000000,95.000000,95.000000,5.0,1459.7448,1337.1644,5175.4588,5298.0391,PENDING_AG03,FALSE,NOT_FOR_ENFORCEMENT,6369.7955,110565.8997,6635.2036,6369.7955,265.4081,0.05216136,0.05007491,265.4081,6369.7955,0.05007491,265.4081,265.4081,265.4081,331.7602,331.7602,6369.7955,0.05007491,1459.7448,1337.1644,5175.4588,5298.0391,0.04068586,0.04164951,0.00208645,29.8814,40.3832,2.3265,127.6001,7.3643,2446.2564,54.8462,43.4275,28.3160,5.1431,12.8578,28.9875,66.8604,128.5777,263.3173,7.8995,-2.6176,10.0,20.479237,2.324,28,180,56,8,0.15055597,0.05216136,0.11437665,0E-8,0.000000,0.905409,0.000000,-0.07324236,2026-03-22,2026-08-06,52,901,524,138,0.376812,1.533674,1.453326,0.501853,,,,,,,,GLOBAL_BASELINE_NO_ENTITY_RANKING,,,NOT_APPLICABLE_GLOBAL_BASELINE,HF9g-P5,,,,X 全窗基线 · 不参与实体赏罚,14191429,1420,A168_HF9F_20260827_0900,2026-08-27 09:00:00
2026-05-07,128173484,462,0,5.1891443101,4.9296870946,4.9296870946,1.0000000,1,1,0.50665070000000000,0.506650700000,0.9867858985152569,0.9867858985152569,0.9867858985152569,0E-17,ELIGIBLE,R03b_20260811_FULL_v1,L1_ELIGIBILITY,v2026-08-11,2026-03-21..2026-08-06,baccarat_bet02_101_all_pairs_incl_sentinel,round_win = game_pnl > 0 (decisive only),COMPATIBILITY_ONLY_NOT_PRODUCTION,127205.3315,115172.8122,6635.2036,4257,2852,-0.05216136,-0.11437665,-0.04113429,-0.05216136,-6635.2036,127205.3315,OK,0.0000,265.4081,4.0000,96.0000,AG03-UNRESOLVED,ALL5_LEVELS_bet23_to_bet27,265.4081,265.4081,265.4081,331.7602,331.7602,4.000000,4.000000,4.000000,5.000000,5.000000,96.000000,96.000000,96.000000,95.000000,95.000000,5.0,1459.7448,1337.1644,5175.4588,5298.0391,PENDING_AG03,FALSE,NOT_FOR_ENFORCEMENT,6369.7955,110565.8997,6635.2036,6369.7955,265.4081,0.05216136,0.05007491,265.4081,6369.7955,0.05007491,265.4081,265.4081,265.4081,331.7602,331.7602,6369.7955,0.05007491,1459.7448,1337.1644,5175.4588,5298.0391,0.04068586,0.04164951,0.00208645,29.8814,40.3832,2.3265,127.6001,7.3643,2446.2564,54.8462,43.4275,28.3160,5.1431,12.8578,28.9875,66.8604,128.5777,263.3173,7.8995,-2.6176,10.0,20.479237,2.324,28,180,56,8,0.15055597,0.05216136,0.11437665,0E-8,0.000000,0.905409,0.000000,-0.07324236,2026-03-22,2026-08-06,52,901,524,138,0.376812,1.533674,1.453326,0.501853,,,,,,,,GLOBAL_BASELINE_NO_ENTITY_RANKING,,,NOT_APPLICABLE_GLOBAL_BASELINE,HF9g-P5,,,,X 全窗基线 · 不参与实体赏罚,14191430,1420,A168_HF9F_20260827_0900,2026-08-27 09:00:00
2026-05-07,128173484,919,0,21.5349488870,5.4486015256,5.4486015256,0.5000000,3,2,0.46340721745993133,0.395308300000,0.10377831677547819,0.3028253860702671,0.10377831677547819,0.06809891745993133,ELIGIBLE,R03b_20260811_FULL_v1,L1_ELIGIBILITY,v2026-08-11,2026-03-21..2026-08-06,baccarat_bet02_101_all_pairs_incl_sentinel,round_win = game_pnl > 0 (decisive only),COMPATIBILITY_ONLY_NOT_PRODUCTION,127205.3315,115172.8122,6635.2036,4257,2852,-0.05216136,-0.11437665,-0.04113429,-0.05216136,-6635.2036,127205.3315,OK,0.0000,265.4081,4.0000,96.0000,AG03-UNRESOLVED,ALL5_LEVELS_bet23_to_bet27,265.4081,265.4081,265.4081,331.7602,331.7602,4.000000,4.000000,4.000000,5.000000,5.000000,96.000000,96.000000,96.000000,95.000000,95.000000,5.0,1459.7448,1337.1644,5175.4588,5298.0391,PENDING_AG03,FALSE,NOT_FOR_ENFORCEMENT,6369.7955,110565.8997,6635.2036,6369.7955,265.4081,0.05216136,0.05007491,265.4081,6369.7955,0.05007491,265.4081,265.4081,265.4081,331.7602,331.7602,6369.7955,0.05007491,1459.7448,1337.1644,5175.4588,5298.0391,0.04068586,0.04164951,0.00208645,29.8814,40.3832,2.3265,127.6001,7.3643,2446.2564,54.8462,43.4275,28.3160,5.1431,12.8578,28.9875,66.8604,128.5777,263.3173,7.8995,-2.6176,10.0,20.479237,2.324,28,180,56,8,0.15055597,0.05216136,0.11437665,0E-8,0.000000,0.905409,0.000000,-0.07324236,2026-03-22,2026-08-06,52,901,524,138,0.376812,1.533674,1.453326,0.501853,,,,,,,,GLOBAL_BASELINE_NO_ENTITY_RANKING,,,NOT_APPLICABLE_GLOBAL_BASELINE,HF9g-P5,,,,X 全窗基线 · 不参与实体赏罚,14191431,1420,A168_HF9F_20260827_0900,2026-08-27 09:00:00
2026-05-08,128173484,-1,1,293.1866535210,-293.1866535210,-293.1866535210,0E-7,5,3,0.47558010882322309,0.363751800000,-1.6494262058487543,-1.3096339339183787,-1.6494262058487543,0.11182830882322309,SENTINEL_DEALER,R03b_20260811_FULL_v1,L1_ELIGIBILITY,v2026-08-11,2026-03-21..2026-08-06,baccarat_bet02_101_all_pairs_incl_sentinel,round_win = game_pnl > 0 (decisive only),COMPATIBILITY_ONLY_NOT_PRODUCTION,127205.3315,115172.8122,6635.2036,4257,2852,-0.05216136,-0.11437665,-0.04113429,-0.05216136,-6635.2036,127205.3315,OK,0.0000,265.4081,4.0000,96.0000,AG03-UNRESOLVED,ALL5_LEVELS_bet23_to_bet27,265.4081,265.4081,265.4081,331.7602,331.7602,4.000000,4.000000,4.000000,5.000000,5.000000,96.000000,96.000000,96.000000,95.000000,95.000000,5.0,1459.7448,1337.1644,5175.4588,5298.0391,PENDING_AG03,FALSE,NOT_FOR_ENFORCEMENT,6369.7955,110565.8997,6635.2036,6369.7955,265.4081,0.05216136,0.05007491,265.4081,6369.7955,0.05007491,265.4081,265.4081,265.4081,331.7602,331.7602,6369.7955,0.05007491,1459.7448,1337.1644,5175.4588,5298.0391,0.04068586,0.04164951,0.00208645,29.8814,40.3832,2.3265,127.6001,7.3643,2446.2564,54.8462,43.4275,28.3160,5.1431,12.8578,28.9875,66.8604,128.5777,263.3173,7.8995,-2.6176,10.0,20.479237,2.324,28,180,56,8,0.15055597,0.05216136,0.11437665,0E-8,0.000000,0.905409,0.000000,-0.07324236,2026-03-22,2026-08-06,52,901,524,138,0.376812,1.533674,1.453326,0.501853,,,,,,,,GLOBAL_BASELINE_NO_ENTITY_RANKING,,,NOT_APPLICABLE_GLOBAL_BASELINE,HF9g-P5,,,,X 全窗基线 · 不参与实体赏罚,14191432,1420,A168_HF9F_20260827_0900,2026-08-27 09:00:00
2026-05-08,128173484,1094,0,101.7072284781,50.0103782885,50.0103782885,0.4000000,9,5,0.40711811343938455,0.333874580000,-0.03239706023278694,0.31353336588441943,-0.03239706023278694,0.07324353343938455,ELIGIBLE,R03b_20260811_FULL_v1,L1_ELIGIBILITY,v2026-08-11,2026-03-21..2026-08-06,baccarat_bet02_101_all_pairs_incl_sentinel,round_win = game_pnl > 0 (decisive only),COMPATIBILITY_ONLY_NOT_PRODUCTION,127205.3315,115172.8122,6635.2036,4257,2852,-0.05216136,-0.11437665,-0.04113429,-0.05216136,-6635.2036,127205.3315,OK,0.0000,265.4081,4.0000,96.0000,AG03-UNRESOLVED,ALL5_LEVELS_bet23_to_bet27,265.4081,265.4081,265.4081,331.7602,331.7602,4.000000,4.000000,4.000000,5.000000,5.000000,96.000000,96.000000,96.000000,95.000000,95.000000,5.0,1459.7448,1337.1644,5175.4588,5298.0391,PENDING_AG03,FALSE,NOT_FOR_ENFORCEMENT,6369.7955,110565.8997,6635.2036,6369.7955,265.4081,0.05216136,0.05007491,265.4081,6369.7955,0.05007491,265.4081,265.4081,265.4081,331.7602,331.7602,6369.7955,0.05007491,1459.7448,1337.1644,5175.4588,5298.0391,0.04068586,0.04164951,0.00208645,29.8814,40.3832,2.3265,127.6001,7.3643,2446.2564,54.8462,43.4275,28.3160,5.1431,12.8578,28.9875,66.8604,128.5777,263.3173,7.8995,-2.6176,10.0,20.479237,2.324,28,180,56,8,0.15055597,0.05216136,0.11437665,0E-8,0.000000,0.905409,0.000000,-0.07324236,2026-03-22,2026-08-06,52,901,524,138,0.376812,1.533674,1.453326,0.501853,,,,,,,,GLOBAL_BASELINE_NO_ENTITY_RANKING,,,NOT_APPLICABLE_GLOBAL_BASELINE,HF9g-P5,,,,X 全窗基线 · 不参与实体赏罚,14191433,1420,A168_HF9F_20260827_0900,2026-08-27 09:00:00
2026-05-08,128173484,1157,0,30.8754086452,-20.7565772405,-20.7565772405,0.2500000,7,4,0.37789707039091576,0.344619237500,-0.5275610287854288,-0.39819228045107,-0.5275610287854288,0.03327783289091576,ELIGIBLE,R03b_20260811_FULL_v1,L1_ELIGIBILITY,v2026-08-11,2026-03-21..2026-08-06,baccarat_bet02_101_all_pairs_incl_sentinel,round_win = game_pnl > 0 (decisive only),COMPATIBILITY_ONLY_NOT_PRODUCTION,127205.3315,115172.8122,6635.2036,4257,2852,-0.05216136,-0.11437665,-0.04113429,-0.05216136,-6635.2036,127205.3315,OK,0.0000,265.4081,4.0000,96.0000,AG03-UNRESOLVED,ALL5_LEVELS_bet23_to_bet27,265.4081,265.4081,265.4081,331.7602,331.7602,4.000000,4.000000,4.000000,5.000000,5.000000,96.000000,96.000000,96.000000,95.000000,95.000000,5.0,1459.7448,1337.1644,5175.4588,5298.0391,PENDING_AG03,FALSE,NOT_FOR_ENFORCEMENT,6369.7955,110565.8997,6635.2036,6369.7955,265.4081,0.05216136,0.05007491,265.4081,6369.7955,0.05007491,265.4081,265.4081,265.4081,331.7602,331.7602,6369.7955,0.05007491,1459.7448,1337.1644,5175.4588,5298.0391,0.04068586,0.04164951,0.00208645,29.8814,40.3832,2.3265,127.6001,7.3643,2446.2564,54.8462,43.4275,28.3160,5.1431,12.8578,28.9875,66.8604,128.5777,263.3173,7.8995,-2.6176,10.0,20.479237,2.324,28,180,56,8,0.15055597,0.05216136,0.11437665,0E-8,0.000000,0.905409,0.000000,-0.07324236,2026-03-22,2026-08-06,52,901,524,138,0.376812,1.533674,1.453326,0.501853,,,,,,,,GLOBAL_BASELINE_NO_ENTITY_RANKING,,,NOT_APPLICABLE_GLOBAL_BASELINE,HF9g-P5,,,,X 全窗基线 · 不参与实体赏罚,14191434,1420,A168_HF9F_20260827_0900,2026-08-27 09:00:00
2026-05-08,128173484,1221,0,15.5674329303,-2.5945721551,-2.5945721551,0.5000000,3,2,0.44015392857044089,0.395308300000,0.17049593765876445,0.3028253860702671,0.17049593765876445,0.04484562857044089,ELIGIBLE,R03b_20260811_FULL_v1,L1_ELIGIBILITY,v2026-08-11,2026-03-21..2026-08-06,baccarat_bet02_101_all_pairs_incl_sentinel,round_win = game_pnl > 0 (decisive only),COMPATIBILITY_ONLY_NOT_PRODUCTION,127205.3315,115172.8122,6635.2036,4257,2852,-0.05216136,-0.11437665,-0.04113429,-0.05216136,-6635.2036,127205.3315,OK,0.0000,265.4081,4.0000,96.0000,AG03-UNRESOLVED,ALL5_LEVELS_bet23_to_bet27,265.4081,265.4081,265.4081,331.7602,331.7602,4.000000,4.000000,4.000000,5.000000,5.000000,96.000000,96.000000,96.000000,95.000000,95.000000,5.0,1459.7448,1337.1644,5175.4588,5298.0391,PENDING_AG03,FALSE,NOT_FOR_ENFORCEMENT,6369.7955,110565.8997,6635.2036,6369.7955,265.4081,0.05216136,0.05007491,265.4081,6369.7955,0.05007491,265.4081,265.4081,265.4081,331.7602,331.7602,6369.7955,0.05007491,1459.7448,1337.1644,5175.4588,5298.0391,0.04068586,0.04164951,0.00208645,29.8814,40.3832,2.3265,127.6001,7.3643,2446.2564,54.8462,43.4275,28.3160,5.1431,12.8578,28.9875,66.8604,128.5777,263.3173,7.8995,-2.6176,10.0,20.479237,2.324,28,180,56,8,0.15055597,0.05216136,0.11437665,0E-8,0.000000,0.905409,0.000000,-0.07324236,2026-03-22,2026-08-06,52,901,524,138,0.376812,1.533674,1.453326,0.501853,,,,,,,,GLOBAL_BASELINE_NO_ENTITY_RANKING,,,NOT_APPLICABLE_GLOBAL_BASELINE,HF9g-P5,,,,X 全窗基线 · 不参与实体赏罚,14191435,1420,A168_HF9F_20260827_0900,2026-08-27 09:00:00
2026-05-08,128173484,1304,0,180.3227647763,-90.6802968191,-90.6802968191,0.7500000,8,4,0.43435418613577305,0.323303312500,1.2736078736213512,1.8245138505621967,1.2736078736213512,0.11105087363577305,ELIGIBLE,R03b_20260811_FULL_v1,L1_ELIGIBILITY,v2026-08-11,2026-03-21..2026-08-06,baccarat_bet02_101_all_pairs_incl_sentinel,round_win = game_pnl > 0 (decisive only),COMPATIBILITY_ONLY_NOT_PRODUCTION,127205.3315,115172.8122,6635.2036,4257,2852,-0.05216136,-0.11437665,-0.04113429,-0.05216136,-6635.2036,127205.3315,OK,0.0000,265.4081,4.0000,96.0000,AG03-UNRESOLVED,ALL5_LEVELS_bet23_to_bet27,265.4081,265.4081,265.4081,331.7602,331.7602,4.000000,4.000000,4.000000,5.000000,5.000000,96.000000,96.000000,96.000000,95.000000,95.000000,5.0,1459.7448,1337.1644,5175.4588,5298.0391,PENDING_AG03,FALSE,NOT_FOR_ENFORCEMENT,6369.7955,110565.8997,6635.2036,6369.7955,265.4081,0.05216136,0.05007491,265.4081,6369.7955,0.05007491,265.4081,265.4081,265.4081,331.7602,331.7602,6369.7955,0.05007491,1459.7448,1337.1644,5175.4588,5298.0391,0.04068586,0.04164951,0.00208645,29.8814,40.3832,2.3265,127.6001,7.3643,2446.2564,54.8462,43.4275,28.3160,5.1431,12.8578,28.9875,66.8604,128.5777,263.3173,7.8995,-2.6176,10.0,20.479237,2.324,28,180,56,8,0.15055597,0.05216136,0.11437665,0E-8,0.000000,0.905409,0.000000,-0.07324236,2026-03-22,2026-08-06,52,901,524,138,0.376812,1.533674,1.453326,0.501853,,,,,,,,GLOBAL_BASELINE_NO_ENTITY_RANKING,,,NOT_APPLICABLE_GLOBAL_BASELINE,HF9g-P5,,,,X 全窗基线 · 不参与实体赏罚,14191436,1420,A168_HF9F_20260827_0900,2026-08-27 09:00:00
2026-05-08,128173484,1306,0,15.5674329304,10.3782886202,10.3782886202,1.0000000,2,1,0.42348563333243711,0.283965900000,1.166771269077587,1.587938788024013,1.166771269077587,0.13951973333243711,ELIGIBLE,R03b_20260811_FULL_v1,L1_ELIGIBILITY,v2026-08-11,2026-03-21..2026-08-06,baccarat_bet02_101_all_pairs_incl_sentinel,round_win = game_pnl > 0 (decisive only),COMPATIBILITY_ONLY_NOT_PRODUCTION,127205.3315,115172.8122,6635.2036,4257,2852,-0.05216136,-0.11437665,-0.04113429,-0.05216136,-6635.2036,127205.3315,OK,0.0000,265.4081,4.0000,96.0000,AG03-UNRESOLVED,ALL5_LEVELS_bet23_to_bet27,265.4081,265.4081,265.4081,331.7602,331.7602,4.000000,4.000000,4.000000,5.000000,5.000000,96.000000,96.000000,96.000000,95.000000,95.000000,5.0,1459.7448,1337.1644,5175.4588,5298.0391,PENDING_AG03,FALSE,NOT_FOR_ENFORCEMENT,6369.7955,110565.8997,6635.2036,6369.7955,265.4081,0.05216136,0.05007491,265.4081,6369.7955,0.05007491,265.4081,265.4081,265.4081,331.7602,331.7602,6369.7955,0.05007491,1459.7448,1337.1644,5175.4588,5298.0391,0.04068586,0.04164951,0.00208645,29.8814,40.3832,2.3265,127.6001,7.3643,2446.2564,54.8462,43.4275,28.3160,5.1431,12.8578,28.9875,66.8604,128.5777,263.3173,7.8995,-2.6176,10.0,20.479237,2.324,28,180,56,8,0.15055597,0.05216136,0.11437665,0E-8,0.000000,0.905409,0.000000,-0.07324236,2026-03-22,2026-08-06,52,901,524,138,0.376812,1.533674,1.453326,0.501853,,,,,,,,GLOBAL_BASELINE_NO_ENTITY_RANKING,,,NOT_APPLICABLE_GLOBAL_BASELINE,HF9g-P5,,,,X 全窗基线 · 不参与实体赏罚,14191437,1420,A168_HF9F_20260827_0900,2026-08-27 09:00:00
2026-05-08,128173484,1353,0,47.9995848686,-1E-10,-1E-10,0.5000000,4,2,0.44110919903807854,0.295653650000,0.16773586043668107,0.6332819735864315,0.16773586043668107,0.14545554903807854,ELIGIBLE,R03b_20260811_FULL_v1,L1_ELIGIBILITY,v2026-08-11,2026-03-21..2026-08-06,baccarat_bet02_101_all_pairs_incl_sentinel,round_win = game_pnl > 0 (decisive only),COMPATIBILITY_ONLY_NOT_PRODUCTION,127205.3315,115172.8122,6635.2036,4257,2852,-0.05216136,-0.11437665,-0.04113429,-0.05216136,-6635.2036,127205.3315,OK,0.0000,265.4081,4.0000,96.0000,AG03-UNRESOLVED,ALL5_LEVELS_bet23_to_bet27,265.4081,265.4081,265.4081,331.7602,331.7602,4.000000,4.000000,4.000000,5.000000,5.000000,96.000000,96.000000,96.000000,95.000000,95.000000,5.0,1459.7448,1337.1644,5175.4588,5298.0391,PENDING_AG03,FALSE,NOT_FOR_ENFORCEMENT,6369.7955,110565.8997,6635.2036,6369.7955,265.4081,0.05216136,0.05007491,265.4081,6369.7955,0.05007491,265.4081,265.4081,265.4081,331.7602,331.7602,6369.7955,0.05007491,1459.7448,1337.1644,5175.4588,5298.0391,0.04068586,0.04164951,0.00208645,29.8814,40.3832,2.3265,127.6001,7.3643,2446.2564,54.8462,43.4275,28.3160,5.1431,12.8578,28.9875,66.8604,128.5777,263.3173,7.8995,-2.6176,10.0,20.479237,2.324,28,180,56,8,0.15055597,0.05216136,0.11437665,0E-8,0.000000,0.905409,0.000000,-0.07324236,2026-03-22,2026-08-06,52,901,524,138,0.376812,1.533674,1.453326,0.501853,,,,,,,,GLOBAL_BASELINE_NO_ENTITY_RANKING,,,NOT_APPLICABLE_GLOBAL_BASELINE,HF9g-P5,,,,X 全窗基线 · 不参与实体赏罚,14191438,1420,A168_HF9F_20260827_0900,2026-08-27 09:00:00
2026-05-08,128173484,1360,0,88.7343677028,-88.7343677028,-88.7343677028,0E-7,5,3,0.47071867483514546,0.360432383333,-1.6334207042125755,-1.3002572864996143,-1.6334207042125755,0.11028629150214546,ELIGIBLE,R03b_20260811_FULL_v1,L1_ELIGIBILITY,v2026-08-11,2026-03-21..2026-08-06,baccarat_bet02_101_all_pairs_incl_sentinel,round_win = game_pnl > 0 (decisive only),COMPATIBILITY_ONLY_NOT_PRODUCTION,127205.3315,115172.8122,6635.2036,4257,2852,-0.05216136,-0.11437665,-0.04113429,-0.05216136,-6635.2036,127205.3315,OK,0.0000,265.4081,4.0000,96.0000,AG03-UNRESOLVED,ALL5_LEVELS_bet23_to_bet27,265.4081,265.4081,265.4081,331.7602,331.7602,4.000000,4.000000,4.000000,5.000000,5.000000,96.000000,96.000000,96.000000,95.000000,95.000000,5.0,1459.7448,1337.1644,5175.4588,5298.0391,PENDING_AG03,FALSE,NOT_FOR_ENFORCEMENT,6369.7955,110565.8997,6635.2036,6369.7955,265.4081,0.05216136,0.05007491,265.4081,6369.7955,0.05007491,265.4081,265.4081,265.4081,331.7602,331.7602,6369.7955,0.05007491,1459.7448,1337.1644,5175.4588,5298.0391,0.04068586,0.04164951,0.00208645,29.8814,40.3832,2.3265,127.6001,7.3643,2446.2564,54.8462,43.4275,28.3160,5.1431,12.8578,28.9875,66.8604,128.5777,263.3173,7.8995,-2.6176,10.0,20.479237,2.324,28,180,56,8,0.15055597,0.05216136,0.11437665,0E-8,0.000000,0.905409,0.000000,-0.07324236,2026-03-22,2026-08-06,52,901,524,138,0.376812,1.533674,1.453326,0.501853,,,,,,,,GLOBAL_BASELINE_NO_ENTITY_RANKING,,,NOT_APPLICABLE_GLOBAL_BASELINE,HF9g-P5,,,,X 全窗基线 · 不参与实体赏罚,14191439,1420,A168_HF9F_20260827_0900,2026-08-27 09:00:00
2026-05-08,128173484,1363,0,27.7619220591,10.5080172279,10.5080172279,0.6666667,4,3,0.46984678387076563,0.425723850000,0.6830472808965506,0.8440151257989519,0.6830472808965506,0.04412293387076563,ELIGIBLE,R03b_20260811_FULL_v1,L1_ELIGIBILITY,v2026-08-11,2026-03-21..2026-08-06,baccarat_bet02_101_all_pairs_incl_sentinel,round_win = game_pnl > 0 (decisive only),COMPATIBILITY_ONLY_NOT_PRODUCTION,127205.3315,115172.8122,6635.2036,4257,2852,-0.05216136,-0.11437665,-0.04113429,-0.05216136,-6635.2036,127205.3315,OK,0.0000,265.4081,4.0000,96.0000,AG03-UNRESOLVED,ALL5_LEVELS_bet23_to_bet27,265.4081,265.4081,265.4081,331.7602,331.7602,4.000000,4.000000,4.000000,5.000000,5.000000,96.000000,96.000000,96.000000,95.000000,95.000000,5.0,1459.7448,1337.1644,5175.4588,5298.0391,PENDING_AG03,FALSE,NOT_FOR_ENFORCEMENT,6369.7955,110565.8997,6635.2036,6369.7955,265.4081,0.05216136,0.05007491,265.4081,6369.7955,0.05007491,265.4081,265.4081,265.4081,331.7602,331.7602,6369.7955,0.05007491,1459.7448,1337.1644,5175.4588,5298.0391,0.04068586,0.04164951,0.00208645,29.8814,40.3832,2.3265,127.6001,7.3643,2446.2564,54.8462,43.4275,28.3160,5.1431,12.8578,28.9875,66.8604,128.5777,263.3173,7.8995,-2.6176,10.0,20.479237,2.324,28,180,56,8,0.15055597,0.05216136,0.11437665,0E-8,0.000000,0.905409,0.000000,-0.07324236,2026-03-22,2026-08-06,52,901,524,138,0.376812,1.533674,1.453326,0.501853,,,,,,,,GLOBAL_BASELINE_NO_ENTITY_RANKING,,,NOT_APPLICABLE_GLOBAL_BASELINE,HF9g-P5,,,,X 全窗基线 · 不参与实体赏罚,14191440,1420,A168_HF9F_20260827_0900,2026-08-27 09:00:00
2026-05-08,128173484,1393,0,76.5398785741,0E-10,0E-10,0.6666667,6,3,0.43922880724599221,0.298392550000,0.7937525451574926,1.3940897689140268,0.7937525451574926,0.14083625724599221,ELIGIBLE,R03b_20260811_FULL_v1,L1_ELIGIBILITY,v2026-08-11,2026-03-21..2026-08-06,baccarat_bet02_101_all_pairs_incl_sentinel,round_win = game_pnl > 0 (decisive only),COMPATIBILITY_ONLY_NOT_PRODUCTION,127205.3315,115172.8122,6635.2036,4257,2852,-0.05216136,-0.11437665,-0.04113429,-0.05216136,-6635.2036,127205.3315,OK,0.0000,265.4081,4.0000,96.0000,AG03-UNRESOLVED,ALL5_LEVELS_bet23_to_bet27,265.4081,265.4081,265.4081,331.7602,331.7602,4.000000,4.000000,4.000000,5.000000,5.000000,96.000000,96.000000,96.000000,95.000000,95.000000,5.0,1459.7448,1337.1644,5175.4588,5298.0391,PENDING_AG03,FALSE,NOT_FOR_ENFORCEMENT,6369.7955,110565.8997,6635.2036,6369.7955,265.4081,0.05216136,0.05007491,265.4081,6369.7955,0.05007491,265.4081,265.4081,265.4081,331.7602,331.7602,6369.7955,0.05007491,1459.7448,1337.1644,5175.4588,5298.0391,0.04068586,0.04164951,0.00208645,29.8814,40.3832,2.3265,127.6001,7.3643,2446.2564,54.8462,43.4275,28.3160,5.1431,12.8578,28.9875,66.8604,128.5777,263.3173,7.8995,-2.6176,10.0,20.479237,2.324,28,180,56,8,0.15055597,0.05216136,0.11437665,0E-8,0.000000,0.905409,0.000000,-0.07324236,2026-03-22,2026-08-06,52,901,524,138,0.376812,1.533674,1.453326,0.501853,,,,,,,,GLOBAL_BASELINE_NO_ENTITY_RANKING,,,NOT_APPLICABLE_GLOBAL_BASELINE,HF9g-P5,,,,X 全窗基线 · 不参与实体赏罚,14191441,1420,A168_HF9F_20260827_0900,2026-08-27 09:00:00
2026-05-08,128173484,1399,0,259.4572155052,0E-10,0E-10,,1,1,0.49324550000000000,0.493245500000,,,,0E-17,NO_DECISIVE_ROUND,R03b_20260811_FULL_v1,L1_ELIGIBILITY,v2026-08-11,2026-03-21..2026-08-06,baccarat_bet02_101_all_pairs_incl_sentinel,round_win = game_pnl > 0 (decisive only),COMPATIBILITY_ONLY_NOT_PRODUCTION,127205.3315,115172.8122,6635.2036,4257,2852,-0.05216136,-0.11437665,-0.04113429,-0.05216136,-6635.2036,127205.3315,OK,0.0000,265.4081,4.0000,96.0000,AG03-UNRESOLVED,ALL5_LEVELS_bet23_to_bet27,265.4081,265.4081,265.4081,331.7602,331.7602,4.000000,4.000000,4.000000,5.000000,5.000000,96.000000,96.000000,96.000000,95.000000,95.000000,5.0,1459.7448,1337.1644,5175.4588,5298.0391,PENDING_AG03,FALSE,NOT_FOR_ENFORCEMENT,6369.7955,110565.8997,6635.2036,6369.7955,265.4081,0.05216136,0.05007491,265.4081,6369.7955,0.05007491,265.4081,265.4081,265.4081,331.7602,331.7602,6369.7955,0.05007491,1459.7448,1337.1644,5175.4588,5298.0391,0.04068586,0.04164951,0.00208645,29.8814,40.3832,2.3265,127.6001,7.3643,2446.2564,54.8462,43.4275,28.3160,5.1431,12.8578,28.9875,66.8604,128.5777,263.3173,7.8995,-2.6176,10.0,20.479237,2.324,28,180,56,8,0.15055597,0.05216136,0.11437665,0E-8,0.000000,0.905409,0.000000,-0.07324236,2026-03-22,2026-08-06,52,901,524,138,0.376812,1.533674,1.453326,0.501853,,,,,,,,GLOBAL_BASELINE_NO_ENTITY_RANKING,,,NOT_APPLICABLE_GLOBAL_BASELINE,HF9g-P5,,,,X 全窗基线 · 不参与实体赏罚,14191442,1420,A168_HF9F_20260827_0900,2026-08-27 09:00:00
2026-05-08,128173484,1402,0,191.9983394740,-46.7022987911,-46.7022987911,0.2500000,6,4,0.45863318173042935,0.396125225000,-0.8374036009875699,-0.5975379527071623,-0.8374036009875699,0.06250795673042935,ELIGIBLE,R03b_20260811_FULL_v1,L1_ELIGIBILITY,v2026-08-11,2026-03-21..2026-08-06,baccarat_bet02_101_all_pairs_incl_sentinel,round_win = game_pnl > 0 (decisive only),COMPATIBILITY_ONLY_NOT_PRODUCTION,127205.3315,115172.8122,6635.2036,4257,2852,-0.05216136,-0.11437665,-0.04113429,-0.05216136,-6635.2036,127205.3315,OK,0.0000,265.4081,4.0000,96.0000,AG03-UNRESOLVED,ALL5_LEVELS_bet23_to_bet27,265.4081,265.4081,265.4081,331.7602,331.7602,4.000000,4.000000,4.000000,5.000000,5.000000,96.000000,96.000000,96.000000,95.000000,95.000000,5.0,1459.7448,1337.1644,5175.4588,5298.0391,PENDING_AG03,FALSE,NOT_FOR_ENFORCEMENT,6369.7955,110565.8997,6635.2036,6369.7955,265.4081,0.05216136,0.05007491,265.4081,6369.7955,0.05007491,265.4081,265.4081,265.4081,331.7602,331.7602,6369.7955,0.05007491,1459.7448,1337.1644,5175.4588,5298.0391,0.04068586,0.04164951,0.00208645,29.8814,40.3832,2.3265,127.6001,7.3643,2446.2564,54.8462,43.4275,28.3160,5.1431,12.8578,28.9875,66.8604,128.5777,263.3173,7.8995,-2.6176,10.0,20.479237,2.324,28,180,56,8,0.15055597,0.05216136,0.11437665,0E-8,0.000000,0.905409,0.000000,-0.07324236,2026-03-22,2026-08-06,52,901,524,138,0.376812,1.533674,1.453326,0.501853,,,,,,,,GLOBAL_BASELINE_NO_ENTITY_RANKING,,,NOT_APPLICABLE_GLOBAL_BASELINE,HF9g-P5,,,,X 全窗基线 · 不参与实体赏罚,14191443,1420,A168_HF9F_20260827_0900,2026-08-27 09:00:00
2026-05-08,128173484,1405,0,12.9728607753,-12.9728607753,-12.9728607753,0E-7,1,1,0.50665070000000000,0.506650700000,-1.013391052207602,-1.013391052207602,-1.013391052207602,0E-17,ELIGIBLE,R03b_20260811_FULL_v1,L1_ELIGIBILITY,v2026-08-11,2026-03-21..2026-08-06,baccarat_bet02_101_all_pairs_incl_sentinel,round_win = game_pnl > 0 (decisive only),COMPATIBILITY_ONLY_NOT_PRODUCTION,127205.3315,115172.8122,6635.2036,4257,2852,-0.05216136,-0.11437665,-0.04113429,-0.05216136,-6635.2036,127205.3315,OK,0.0000,265.4081,4.0000,96.0000,AG03-UNRESOLVED,ALL5_LEVELS_bet23_to_bet27,265.4081,265.4081,265.4081,331.7602,331.7602,4.000000,4.000000,4.000000,5.000000,5.000000,96.000000,96.000000,96.000000,95.000000,95.000000,5.0,1459.7448,1337.1644,5175.4588,5298.0391,PENDING_AG03,FALSE,NOT_FOR_ENFORCEMENT,6369.7955,110565.8997,6635.2036,6369.7955,265.4081,0.05216136,0.05007491,265.4081,6369.7955,0.05007491,265.4081,265.4081,265.4081,331.7602,331.7602,6369.7955,0.05007491,1459.7448,1337.1644,5175.4588,5298.0391,0.04068586,0.04164951,0.00208645,29.8814,40.3832,2.3265,127.6001,7.3643,2446.2564,54.8462,43.4275,28.3160,5.1431,12.8578,28.9875,66.8604,128.5777,263.3173,7.8995,-2.6176,10.0,20.479237,2.324,28,180,56,8,0.15055597,0.05216136,0.11437665,0E-8,0.000000,0.905409,0.000000,-0.07324236,2026-03-22,2026-08-06,52,901,524,138,0.376812,1.533674,1.453326,0.501853,,,,,,,,GLOBAL_BASELINE_NO_ENTITY_RANKING,,,NOT_APPLICABLE_GLOBAL_BASELINE,HF9g-P5,,,,X 全窗基线 · 不参与实体赏罚,14191444,1420,A168_HF9F_20260827_0900,2026-08-27 09:00:00
2026-05-08,128173484,1941,0,25.9457215506,-15.8268901459,-15.8268901459,0.3333333,4,3,0.47818561666635837,0.430192250000,-0.5022612757956466,-0.33884787596079907,-0.5022612757956466,0.04799336666635837,ELIGIBLE,R03b_20260811_FULL_v1,L1_ELIGIBILITY,v2026-08-11,2026-03-21..2026-08-06,baccarat_bet02_101_all_pairs_incl_sentinel,round_win = game_pnl > 0 (decisive only),COMPATIBILITY_ONLY_NOT_PRODUCTION,127205.3315,115172.8122,6635.2036,4257,2852,-0.05216136,-0.11437665,-0.04113429,-0.05216136,-6635.2036,127205.3315,OK,0.0000,265.4081,4.0000,96.0000,AG03-UNRESOLVED,ALL5_LEVELS_bet23_to_bet27,265.4081,265.4081,265.4081,331.7602,331.7602,4.000000,4.000000,4.000000,5.000000,5.000000,96.000000,96.000000,96.000000,95.000000,95.000000,5.0,1459.7448,1337.1644,5175.4588,5298.0391,PENDING_AG03,FALSE,NOT_FOR_ENFORCEMENT,6369.7955,110565.8997,6635.2036,6369.7955,265.4081,0.05216136,0.05007491,265.4081,6369.7955,0.05007491,265.4081,265.4081,265.4081,331.7602,331.7602,6369.7955,0.05007491,1459.7448,1337.1644,5175.4588,5298.0391,0.04068586,0.04164951,0.00208645,29.8814,40.3832,2.3265,127.6001,7.3643,2446.2564,54.8462,43.4275,28.3160,5.1431,12.8578,28.9875,66.8604,128.5777,263.3173,7.8995,-2.6176,10.0,20.479237,2.324,28,180,56,8,0.15055597,0.05216136,0.11437665,0E-8,0.000000,0.905409,0.000000,-0.07324236,2026-03-22,2026-08-06,52,901,524,138,0.376812,1.533674,1.453326,0.501853,,,,,,,,GLOBAL_BASELINE_NO_ENTITY_RANKING,,,NOT_APPLICABLE_GLOBAL_BASELINE,HF9g-P5,,,,X 全窗基线 · 不参与实体赏罚,14191445,1420,A168_HF9F_20260827_0900,2026-08-27 09:00:00
2026-05-08,128173484,2103,0,88.9938249183,99.0477920190,99.0477920190,1.0000000,5,3,0.46412304453986317,0.363751800000,1.861129537633296,2.290716453126795,1.861129537633296,0.10037124453986317,ELIGIBLE,R03b_20260811_FULL_v1,L1_ELIGIBILITY,v2026-08-11,2026-03-21..2026-08-06,baccarat_bet02_101_all_pairs_incl_sentinel,round_win = game_pnl > 0 (decisive only),COMPATIBILITY_ONLY_NOT_PRODUCTION,127205.3315,115172.8122,6635.2036,4257,2852,-0.05216136,-0.11437665,-0.04113429,-0.05216136,-6635.2036,127205.3315,OK,0.0000,265.4081,4.0000,96.0000,AG03-UNRESOLVED,ALL5_LEVELS_bet23_to_bet27,265.4081,265.4081,265.4081,331.7602,331.7602,4.000000,4.000000,4.000000,5.000000,5.000000,96.000000,96.000000,96.000000,95.000000,95.000000,5.0,1459.7448,1337.1644,5175.4588,5298.0391,PENDING_AG03,FALSE,NOT_FOR_ENFORCEMENT,6369.7955,110565.8997,6635.2036,6369.7955,265.4081,0.05216136,0.05007491,265.4081,6369.7955,0.05007491,265.4081,265.4081,265.4081,331.7602,331.7602,6369.7955,0.05007491,1459.7448,1337.1644,5175.4588,5298.0391,0.04068586,0.04164951,0.00208645,29.8814,40.3832,2.3265,127.6001,7.3643,2446.2564,54.8462,43.4275,28.3160,5.1431,12.8578,28.9875,66.8604,128.5777,263.3173,7.8995,-2.6176,10.0,20.479237,2.324,28,180,56,8,0.15055597,0.05216136,0.11437665,0E-8,0.000000,0.905409,0.000000,-0.07324236,2026-03-22,2026-08-06,52,901,524,138,0.376812,1.533674,1.453326,0.501853,,,,,,,,GLOBAL_BASELINE_NO_ENTITY_RANKING,,,NOT_APPLICABLE_GLOBAL_BASELINE,HF9g-P5,,,,X 全窗基线 · 不参与实体赏罚,14191446,1420,A168_HF9F_20260827_0900,2026-08-27 09:00:00
2026-05-08,128173484,2108,0,10.3782886203,-1E-10,-1E-10,0E-7,3,1,0.28894502499803146,0.220844866667,-0.637464524591549,-0.5323922027720716,-0.637464524591549,0.06810015833103146,ELIGIBLE,R03b_20260811_FULL_v1,L1_ELIGIBILITY,v2026-08-11,2026-03-21..2026-08-06,baccarat_bet02_101_all_pairs_incl_sentinel,round_win = game_pnl > 0 (decisive only),COMPATIBILITY_ONLY_NOT_PRODUCTION,127205.3315,115172.8122,6635.2036,4257,2852,-0.05216136,-0.11437665,-0.04113429,-0.05216136,-6635.2036,127205.3315,OK,0.0000,265.4081,4.0000,96.0000,AG03-UNRESOLVED,ALL5_LEVELS_bet23_to_bet27,265.4081,265.4081,265.4081,331.7602,331.7602,4.000000,4.000000,4.000000,5.000000,5.000000,96.000000,96.000000,96.000000,95.000000,95.000000,5.0,1459.7448,1337.1644,5175.4588,5298.0391,PENDING_AG03,FALSE,NOT_FOR_ENFORCEMENT,6369.7955,110565.8997,6635.2036,6369.7955,265.4081,0.05216136,0.05007491,265.4081,6369.7955,0.05007491,265.4081,265.4081,265.4081,331.7602,331.7602,6369.7955,0.05007491,1459.7448,1337.1644,5175.4588,5298.0391,0.04068586,0.04164951,0.00208645,29.8814,40.3832,2.3265,127.6001,7.3643,2446.2564,54.8462,43.4275,28.3160,5.1431,12.8578,28.9875,66.8604,128.5777,263.3173,7.8995,-2.6176,10.0,20.479237,2.324,28,180,56,8,0.15055597,0.05216136,0.11437665,0E-8,0.000000,0.905409,0.000000,-0.07324236,2026-03-22,2026-08-06,52,901,524,138,0.376812,1.533674,1.453326,0.501853,,,,,,,,GLOBAL_BASELINE_NO_ENTITY_RANKING,,,NOT_APPLICABLE_GLOBAL_BASELINE,HF9g-P5,,,,X 全窗基线 · 不参与实体赏罚,14191447,1420,A168_HF9F_20260827_0900,2026-08-27 09:00:00
2026-05-08,128173484,2115,0,16.8647190079,8.4323595039,8.4323595039,1.0000000,2,1,0.40697216923057221,0.290680550000,1.2071331653883324,1.5621148022658344,1.2071331653883324,0.11629161923057221,ELIGIBLE,R03b_20260811_FULL_v1,L1_ELIGIBILITY,v2026-08-11,2026-03-21..2026-08-06,baccarat_bet02_101_all_pairs_incl_sentinel,round_win = game_pnl > 0 (decisive only),COMPATIBILITY_ONLY_NOT_PRODUCTION,127205.3315,115172.8122,6635.2036,4257,2852,-0.05216136,-0.11437665,-0.04113429,-0.05216136,-6635.2036,127205.3315,OK,0.0000,265.4081,4.0000,96.0000,AG03-UNRESOLVED,ALL5_LEVELS_bet23_to_bet27,265.4081,265.4081,265.4081,331.7602,331.7602,4.000000,4.000000,4.000000,5.000000,5.000000,96.000000,96.000000,96.000000,95.000000,95.000000,5.0,1459.7448,1337.1644,5175.4588,5298.0391,PENDING_AG03,FALSE,NOT_FOR_ENFORCEMENT,6369.7955,110565.8997,6635.2036,6369.7955,265.4081,0.05216136,0.05007491,265.4081,6369.7955,0.05007491,265.4081,265.4081,265.4081,331.7602,331.7602,6369.7955,0.05007491,1459.7448,1337.1644,5175.4588,5298.0391,0.04068586,0.04164951,0.00208645,29.8814,40.3832,2.3265,127.6001,7.3643,2446.2564,54.8462,43.4275,28.3160,5.1431,12.8578,28.9875,66.8604,128.5777,263.3173,7.8995,-2.6176,10.0,20.479237,2.324,28,180,56,8,0.15055597,0.05216136,0.11437665,0E-8,0.000000,0.905409,0.000000,-0.07324236,2026-03-22,2026-08-06,52,901,524,138,0.376812,1.533674,1.453326,0.501853,,,,,,,,GLOBAL_BASELINE_NO_ENTITY_RANKING,,,NOT_APPLICABLE_GLOBAL_BASELINE,HF9g-P5,,,,X 全窗基线 · 不参与实体赏罚,14191448,1420,A168_HF9F_20260827_0900,2026-08-27 09:00:00
2026-05-08,128173484,2117,0,46.4428415757,41.1888329613,41.1888329613,0.8000000,8,5,0.44721975279498297,0.376374400000,1.5865454426385308,1.9552180309834886,1.5865454426385308,0.07084535279498297,ELIGIBLE,R03b_20260811_FULL_v1,L1_ELIGIBILITY,v2026-08-11,2026-03-21..2026-08-06,baccarat_bet02_101_all_pairs_incl_sentinel,round_win = game_pnl > 0 (decisive only),COMPATIBILITY_ONLY_NOT_PRODUCTION,127205.3315,115172.8122,6635.2036,4257,2852,-0.05216136,-0.11437665,-0.04113429,-0.05216136,-6635.2036,127205.3315,OK,0.0000,265.4081,4.0000,96.0000,AG03-UNRESOLVED,ALL5_LEVELS_bet23_to_bet27,265.4081,265.4081,265.4081,331.7602,331.7602,4.000000,4.000000,4.000000,5.000000,5.000000,96.000000,96.000000,96.000000,95.000000,95.000000,5.0,1459.7448,1337.1644,5175.4588,5298.0391,PENDING_AG03,FALSE,NOT_FOR_ENFORCEMENT,6369.7955,110565.8997,6635.2036,6369.7955,265.4081,0.05216136,0.05007491,265.4081,6369.7955,0.05007491,265.4081,265.4081,265.4081,331.7602,331.7602,6369.7955,0.05007491,1459.7448,1337.1644,5175.4588,5298.0391,0.04068586,0.04164951,0.00208645,29.8814,40.3832,2.3265,127.6001,7.3643,2446.2564,54.8462,43.4275,28.3160,5.1431,12.8578,28.9875,66.8604,128.5777,263.3173,7.8995,-2.6176,10.0,20.479237,2.324,28,180,56,8,0.15055597,0.05216136,0.11437665,0E-8,0.000000,0.905409,0.000000,-0.07324236,2026-03-22,2026-08-06,52,901,524,138,0.376812,1.533674,1.453326,0.501853,,,,,,,,GLOBAL_BASELINE_NO_ENTITY_RANKING,,,NOT_APPLICABLE_GLOBAL_BASELINE,HF9g-P5,,,,X 全窗基线 · 不参与实体赏罚,14191449,1420,A168_HF9F_20260827_0900,2026-08-27 09:00:00
2026-05-08,128173484,2121,0,450.6771833325,384.1264075554,384.1264075554,0.6666667,4,3,0.45369250229874793,0.434660650000,0.7409487482763563,0.8106438735773013,0.7409487482763563,0.01903185229874793,ELIGIBLE,R03b_20260811_FULL_v1,L1_ELIGIBILITY,v2026-08-11,2026-03-21..2026-08-06,baccarat_bet02_101_all_pairs_incl_sentinel,round_win = game_pnl > 0 (decisive only),COMPATIBILITY_ONLY_NOT_PRODUCTION,127205.3315,115172.8122,6635.2036,4257,2852,-0.05216136,-0.11437665,-0.04113429,-0.05216136,-6635.2036,127205.3315,OK,0.0000,265.4081,4.0000,96.0000,AG03-UNRESOLVED,ALL5_LEVELS_bet23_to_bet27,265.4081,265.4081,265.4081,331.7602,331.7602,4.000000,4.000000,4.000000,5.000000,5.000000,96.000000,96.000000,96.000000,95.000000,95.000000,5.0,1459.7448,1337.1644,5175.4588,5298.0391,PENDING_AG03,FALSE,NOT_FOR_ENFORCEMENT,6369.7955,110565.8997,6635.2036,6369.7955,265.4081,0.05216136,0.05007491,265.4081,6369.7955,0.05007491,265.4081,265.4081,265.4081,331.7602,331.7602,6369.7955,0.05007491,1459.7448,1337.1644,5175.4588,5298.0391,0.04068586,0.04164951,0.00208645,29.8814,40.3832,2.3265,127.6001,7.3643,2446.2564,54.8462,43.4275,28.3160,5.1431,12.8578,28.9875,66.8604,128.5777,263.3173,7.8995,-2.6176,10.0,20.479237,2.324,28,180,56,8,0.15055597,0.05216136,0.11437665,0E-8,0.000000,0.905409,0.000000,-0.07324236,2026-03-22,2026-08-06,52,901,524,138,0.376812,1.533674,1.453326,0.501853,,,,,,,,GLOBAL_BASELINE_NO_ENTITY_RANKING,,,NOT_APPLICABLE_GLOBAL_BASELINE,HF9g-P5,,,,X 全窗基线 · 不参与实体赏罚,14191450,1420,A168_HF9F_20260827_0900,2026-08-27 09:00:00
2026-05-08,128173484,2127,0,237.1438949719,73.8155778112,73.8155778112,0.6666667,9,6,0.45618426301715783,0.397512625000,1.0351311659264113,1.3471845459797465,1.0351311659264113,0.05867163801715783,ELIGIBLE,R03b_20260811_FULL_v1,L1_ELIGIBILITY,v2026-08-11,2026-03-21..2026-08-06,baccarat_bet02_101_all_pairs_incl_sentinel,round_win = game_pnl > 0 (decisive only),COMPATIBILITY_ONLY_NOT_PRODUCTION,127205.3315,115172.8122,6635.2036,4257,2852,-0.05216136,-0.11437665,-0.04113429,-0.05216136,-6635.2036,127205.3315,OK,0.0000,265.4081,4.0000,96.0000,AG03-UNRESOLVED,ALL5_LEVELS_bet23_to_bet27,265.4081,265.4081,265.4081,331.7602,331.7602,4.000000,4.000000,4.000000,5.000000,5.000000,96.000000,96.000000,96.000000,95.000000,95.000000,5.0,1459.7448,1337.1644,5175.4588,5298.0391,PENDING_AG03,FALSE,NOT_FOR_ENFORCEMENT,6369.7955,110565.8997,6635.2036,6369.7955,265.4081,0.05216136,0.05007491,265.4081,6369.7955,0.05007491,265.4081,265.4081,265.4081,331.7602,331.7602,6369.7955,0.05007491,1459.7448,1337.1644,5175.4588,5298.0391,0.04068586,0.04164951,0.00208645,29.8814,40.3832,2.3265,127.6001,7.3643,2446.2564,54.8462,43.4275,28.3160,5.1431,12.8578,28.9875,66.8604,128.5777,263.3173,7.8995,-2.6176,10.0,20.479237,2.324,28,180,56,8,0.15055597,0.05216136,0.11437665,0E-8,0.000000,0.905409,0.000000,-0.07324236,2026-03-22,2026-08-06,52,901,524,138,0.376812,1.533674,1.453326,0.501853,,,,,,,,GLOBAL_BASELINE_NO_ENTITY_RANKING,,,NOT_APPLICABLE_GLOBAL_BASELINE,HF9g-P5,,,,X 全窗基线 · 不参与实体赏罚,14191451,1420,A168_HF9F_20260827_0900,2026-08-27 09:00:00
2026-05-08,128173484,2130,0,259.4572155052,-259.4572155052,-259.4572155052,0E-7,1,1,0.50665070000000000,0.506650700000,-1.013391052207602,-1.013391052207602,-1.013391052207602,0E-17,ELIGIBLE,R03b_20260811_FULL_v1,L1_ELIGIBILITY,v2026-08-11,2026-03-21..2026-08-06,baccarat_bet02_101_all_pairs_incl_sentinel,round_win = game_pnl > 0 (decisive only),COMPATIBILITY_ONLY_NOT_PRODUCTION,127205.3315,115172.8122,6635.2036,4257,2852,-0.05216136,-0.11437665,-0.04113429,-0.05216136,-6635.2036,127205.3315,OK,0.0000,265.4081,4.0000,96.0000,AG03-UNRESOLVED,ALL5_LEVELS_bet23_to_bet27,265.4081,265.4081,265.4081,331.7602,331.7602,4.000000,4.000000,4.000000,5.000000,5.000000,96.000000,96.000000,96.000000,95.000000,95.000000,5.0,1459.7448,1337.1644,5175.4588,5298.0391,PENDING_AG03,FALSE,NOT_FOR_ENFORCEMENT,6369.7955,110565.8997,6635.2036,6369.7955,265.4081,0.05216136,0.05007491,265.4081,6369.7955,0.05007491,265.4081,265.4081,265.4081,331.7602,331.7602,6369.7955,0.05007491,1459.7448,1337.1644,5175.4588,5298.0391,0.04068586,0.04164951,0.00208645,29.8814,40.3832,2.3265,127.6001,7.3643,2446.2564,54.8462,43.4275,28.3160,5.1431,12.8578,28.9875,66.8604,128.5777,263.3173,7.8995,-2.6176,10.0,20.479237,2.324,28,180,56,8,0.15055597,0.05216136,0.11437665,0E-8,0.000000,0.905409,0.000000,-0.07324236,2026-03-22,2026-08-06,52,901,524,138,0.376812,1.533674,1.453326,0.501853,,,,,,,,GLOBAL_BASELINE_NO_ENTITY_RANKING,,,NOT_APPLICABLE_GLOBAL_BASELINE,HF9g-P5,,,,X 全窗基线 · 不参与实体赏罚,14191452,1420,A168_HF9F_20260827_0900,2026-08-27 09:00:00
2026-05-08,128173484,2134,0,32.1726947228,19.5890197706,19.5890197706,1.0000000,4,2,0.42310085624932255,0.292296325000,1.6513646852867132,2.2005388772696888,1.6513646852867132,0.13080453124932255,ELIGIBLE,R03b_20260811_FULL_v1,L1_ELIGIBILITY,v2026-08-11,2026-03-21..2026-08-06,baccarat_bet02_101_all_pairs_incl_sentinel,round_win = game_pnl > 0 (decisive only),COMPATIBILITY_ONLY_NOT_PRODUCTION,127205.3315,115172.8122,6635.2036,4257,2852,-0.05216136,-0.11437665,-0.04113429,-0.05216136,-6635.2036,127205.3315,OK,0.0000,265.4081,4.0000,96.0000,AG03-UNRESOLVED,ALL5_LEVELS_bet23_to_bet27,265.4081,265.4081,265.4081,331.7602,331.7602,4.000000,4.000000,4.000000,5.000000,5.000000,96.000000,96.000000,96.000000,95.000000,95.000000,5.0,1459.7448,1337.1644,5175.4588,5298.0391,PENDING_AG03,FALSE,NOT_FOR_ENFORCEMENT,6369.7955,110565.8997,6635.2036,6369.7955,265.4081,0.05216136,0.05007491,265.4081,6369.7955,0.05007491,265.4081,265.4081,265.4081,331.7602,331.7602,6369.7955,0.05007491,1459.7448,1337.1644,5175.4588,5298.0391,0.04068586,0.04164951,0.00208645,29.8814,40.3832,2.3265,127.6001,7.3643,2446.2564,54.8462,43.4275,28.3160,5.1431,12.8578,28.9875,66.8604,128.5777,263.3173,7.8995,-2.6176,10.0,20.479237,2.324,28,180,56,8,0.15055597,0.05216136,0.11437665,0E-8,0.000000,0.905409,0.000000,-0.07324236,2026-03-22,2026-08-06,52,901,524,138,0.376812,1.533674,1.453326,0.501853,,,,,,,,GLOBAL_BASELINE_NO_ENTITY_RANKING,,,NOT_APPLICABLE_GLOBAL_BASELINE,HF9g-P5,,,,X 全窗基线 · 不参与实体赏罚,14191453,1420,A168_HF9F_20260827_0900,2026-08-27 09:00:00
2026-05-08,128173484,2145,0,50.8536142391,9.0420839602,9.0420839602,0.8000000,6,5,0.49067918923057221,0.460775630000,1.3835651417589687,1.5217473007977818,1.3835651417589687,0.02990355923057221,ELIGIBLE,R03b_20260811_FULL_v1,L1_ELIGIBILITY,v2026-08-11,2026-03-21..2026-08-06,baccarat_bet02_101_all_pairs_incl_sentinel,round_win = game_pnl > 0 (decisive only),COMPATIBILITY_ONLY_NOT_PRODUCTION,127205.3315,115172.8122,6635.2036,4257,2852,-0.05216136,-0.11437665,-0.04113429,-0.05216136,-6635.2036,127205.3315,OK,0.0000,265.4081,4.0000,96.0000,AG03-UNRESOLVED,ALL5_LEVELS_bet23_to_bet27,265.4081,265.4081,265.4081,331.7602,331.7602,4.000000,4.000000,4.000000,5.000000,5.000000,96.000000,96.000000,96.000000,95.000000,95.000000,5.0,1459.7448,1337.1644,5175.4588,5298.0391,PENDING_AG03,FALSE,NOT_FOR_ENFORCEMENT,6369.7955,110565.8997,6635.2036,6369.7955,265.4081,0.05216136,0.05007491,265.4081,6369.7955,0.05007491,265.4081,265.4081,265.4081,331.7602,331.7602,6369.7955,0.05007491,1459.7448,1337.1644,5175.4588,5298.0391,0.04068586,0.04164951,0.00208645,29.8814,40.3832,2.3265,127.6001,7.3643,2446.2564,54.8462,43.4275,28.3160,5.1431,12.8578,28.9875,66.8604,128.5777,263.3173,7.8995,-2.6176,10.0,20.479237,2.324,28,180,56,8,0.15055597,0.05216136,0.11437665,0E-8,0.000000,0.905409,0.000000,-0.07324236,2026-03-22,2026-08-06,52,901,524,138,0.376812,1.533674,1.453326,0.501853,,,,,,,,GLOBAL_BASELINE_NO_ENTITY_RANKING,,,NOT_APPLICABLE_GLOBAL_BASELINE,HF9g-P5,,,,X 全窗基线 · 不参与实体赏罚,14191454,1420,A168_HF9F_20260827_0900,2026-08-27 09:00:00
2026-05-08,128173484,2155,0,23.0916921800,-10.1188314047,-10.1188314047,0E-7,3,2,0.45270462968733743,0.391963025000,-1.28620910206531,-1.1354618663111085,-1.28620910206531,0.06074160468733743,ELIGIBLE,R03b_20260811_FULL_v1,L1_ELIGIBILITY,v2026-08-11,2026-03-21..2026-08-06,baccarat_bet02_101_all_pairs_incl_sentinel,round_win = game_pnl > 0 (decisive only),COMPATIBILITY_ONLY_NOT_PRODUCTION,127205.3315,115172.8122,6635.2036,4257,2852,-0.05216136,-0.11437665,-0.04113429,-0.05216136,-6635.2036,127205.3315,OK,0.0000,265.4081,4.0000,96.0000,AG03-UNRESOLVED,ALL5_LEVELS_bet23_to_bet27,265.4081,265.4081,265.4081,331.7602,331.7602,4.000000,4.000000,4.000000,5.000000,5.000000,96.000000,96.000000,96.000000,95.000000,95.000000,5.0,1459.7448,1337.1644,5175.4588,5298.0391,PENDING_AG03,FALSE,NOT_FOR_ENFORCEMENT,6369.7955,110565.8997,6635.2036,6369.7955,265.4081,0.05216136,0.05007491,265.4081,6369.7955,0.05007491,265.4081,265.4081,265.4081,331.7602,331.7602,6369.7955,0.05007491,1459.7448,1337.1644,5175.4588,5298.0391,0.04068586,0.04164951,0.00208645,29.8814,40.3832,2.3265,127.6001,7.3643,2446.2564,54.8462,43.4275,28.3160,5.1431,12.8578,28.9875,66.8604,128.5777,263.3173,7.8995,-2.6176,10.0,20.479237,2.324,28,180,56,8,0.15055597,0.05216136,0.11437665,0E-8,0.000000,0.905409,0.000000,-0.07324236,2026-03-22,2026-08-06,52,901,524,138,0.376812,1.533674,1.453326,0.501853,,,,,,,,GLOBAL_BASELINE_NO_ENTITY_RANKING,,,NOT_APPLICABLE_GLOBAL_BASELINE,HF9g-P5,,,,X 全窗基线 · 不参与实体赏罚,14191455,1420,A168_HF9F_20260827_0900,2026-08-27 09:00:00
2026-05-08,128173484,2175,0,33.7294380157,7.0053448186,7.0053448186,1.0000000,4,3,0.45865733333312780,0.434660650000,1.0864055063560356,1.1404583914031252,1.0864055063560356,0.02399668333312780,ELIGIBLE,R03b_20260811_FULL_v1,L1_ELIGIBILITY,v2026-08-11,2026-03-21..2026-08-06,baccarat_bet02_101_all_pairs_incl_sentinel,round_win = game_pnl > 0 (decisive only),COMPATIBILITY_ONLY_NOT_PRODUCTION,127205.3315,115172.8122,6635.2036,4257,2852,-0.05216136,-0.11437665,-0.04113429,-0.05216136,-6635.2036,127205.3315,OK,0.0000,265.4081,4.0000,96.0000,AG03-UNRESOLVED,ALL5_LEVELS_bet23_to_bet27,265.4081,265.4081,265.4081,331.7602,331.7602,4.000000,4.000000,4.000000,5.000000,5.000000,96.000000,96.000000,96.000000,95.000000,95.000000,5.0,1459.7448,1337.1644,5175.4588,5298.0391,PENDING_AG03,FALSE,NOT_FOR_ENFORCEMENT,6369.7955,110565.8997,6635.2036,6369.7955,265.4081,0.05216136,0.05007491,265.4081,6369.7955,0.05007491,265.4081,265.4081,265.4081,331.7602,331.7602,6369.7955,0.05007491,1459.7448,1337.1644,5175.4588,5298.0391,0.04068586,0.04164951,0.00208645,29.8814,40.3832,2.3265,127.6001,7.3643,2446.2564,54.8462,43.4275,28.3160,5.1431,12.8578,28.9875,66.8604,128.5777,263.3173,7.8995,-2.6176,10.0,20.479237,2.324,28,180,56,8,0.15055597,0.05216136,0.11437665,0E-8,0.000000,0.905409,0.000000,-0.07324236,2026-03-22,2026-08-06,52,901,524,138,0.376812,1.533674,1.453326,0.501853,,,,,,,,GLOBAL_BASELINE_NO_ENTITY_RANKING,,,NOT_APPLICABLE_GLOBAL_BASELINE,HF9g-P5,,,,X 全窗基线 · 不参与实体赏罚,14191456,1420,A168_HF9F_20260827_0900,2026-08-27 09:00:00
2026-05-08,128173484,2188,0,7.7837164652,-7.7837164652,-7.7837164652,0E-7,2,2,0.49324550000000000,0.493245500000,-1.3952362676504506,-1.3952362676504506,-1.3952362676504506,0E-17,ELIGIBLE,R03b_20260811_FULL_v1,L1_ELIGIBILITY,v2026-08-11,2026-03-21..2026-08-06,baccarat_bet02_101_all_pairs_incl_sentinel,round_win = game_pnl > 0 (decisive only),COMPATIBILITY_ONLY_NOT_PRODUCTION,127205.3315,115172.8122,6635.2036,4257,2852,-0.05216136,-0.11437665,-0.04113429,-0.05216136,-6635.2036,127205.3315,OK,0.0000,265.4081,4.0000,96.0000,AG03-UNRESOLVED,ALL5_LEVELS_bet23_to_bet27,265.4081,265.4081,265.4081,331.7602,331.7602,4.000000,4.000000,4.000000,5.000000,5.000000,96.000000,96.000000,96.000000,95.000000,95.000000,5.0,1459.7448,1337.1644,5175.4588,5298.0391,PENDING_AG03,FALSE,NOT_FOR_ENFORCEMENT,6369.7955,110565.8997,6635.2036,6369.7955,265.4081,0.05216136,0.05007491,265.4081,6369.7955,0.05007491,265.4081,265.4081,265.4081,331.7602,331.7602,6369.7955,0.05007491,1459.7448,1337.1644,5175.4588,5298.0391,0.04068586,0.04164951,0.00208645,29.8814,40.3832,2.3265,127.6001,7.3643,2446.2564,54.8462,43.4275,28.3160,5.1431,12.8578,28.9875,66.8604,128.5777,263.3173,7.8995,-2.6176,10.0,20.479237,2.324,28,180,56,8,0.15055597,0.05216136,0.11437665,0E-8,0.000000,0.905409,0.000000,-0.07324236,2026-03-22,2026-08-06,52,901,524,138,0.376812,1.533674,1.453326,0.501853,,,,,,,,GLOBAL_BASELINE_NO_ENTITY_RANKING,,,NOT_APPLICABLE_GLOBAL_BASELINE,HF9g-P5,,,,X 全窗基线 · 不参与实体赏罚,14191457,1420,A168_HF9F_20260827_0900,2026-08-27 09:00:00
2026-05-08,128173484,2205,0,83.5452233928,46.1833843598,46.1833843598,0.6666667,6,3,0.45176122777731366,0.337156500000,0.7479433128328988,1.2072804746434849,0.7479433128328988,0.11460472777731366,ELIGIBLE,R03b_20260811_FULL_v1,L1_ELIGIBILITY,v2026-08-11,2026-03-21..2026-08-06,baccarat_bet02_101_all_pairs_incl_sentinel,round_win = game_pnl > 0 (decisive only),COMPATIBILITY_ONLY_NOT_PRODUCTION,127205.3315,115172.8122,6635.2036,4257,2852,-0.05216136,-0.11437665,-0.04113429,-0.05216136,-6635.2036,127205.3315,OK,0.0000,265.4081,4.0000,96.0000,AG03-UNRESOLVED,ALL5_LEVELS_bet23_to_bet27,265.4081,265.4081,265.4081,331.7602,331.7602,4.000000,4.000000,4.000000,5.000000,5.000000,96.000000,96.000000,96.000000,95.000000,95.000000,5.0,1459.7448,1337.1644,5175.4588,5298.0391,PENDING_AG03,FALSE,NOT_FOR_ENFORCEMENT,6369.7955,110565.8997,6635.2036,6369.7955,265.4081,0.05216136,0.05007491,265.4081,6369.7955,0.05007491,265.4081,265.4081,265.4081,331.7602,331.7602,6369.7955,0.05007491,1459.7448,1337.1644,5175.4588,5298.0391,0.04068586,0.04164951,0.00208645,29.8814,40.3832,2.3265,127.6001,7.3643,2446.2564,54.8462,43.4275,28.3160,5.1431,12.8578,28.9875,66.8604,128.5777,263.3173,7.8995,-2.6176,10.0,20.479237,2.324,28,180,56,8,0.15055597,0.05216136,0.11437665,0E-8,0.000000,0.905409,0.000000,-0.07324236,2026-03-22,2026-08-06,52,901,524,138,0.376812,1.533674,1.453326,0.501853,,,,,,,,GLOBAL_BASELINE_NO_ENTITY_RANKING,,,NOT_APPLICABLE_GLOBAL_BASELINE,HF9g-P5,,,,X 全窗基线 · 不参与实体赏罚,14191458,1420,A168_HF9F_20260827_0900,2026-08-27 09:00:00
2026-05-08,128173484,2248,0,9.0810025427,-9.0810025427,-9.0810025427,0E-7,2,1,0.32153342857074907,0.290680550000,-0.688412644212149,-0.6401578158977228,-0.688412644212149,0.03085287857074907,ELIGIBLE,R03b_20260811_FULL_v1,L1_ELIGIBILITY,v2026-08-11,2026-03-21..2026-08-06,baccarat_bet02_101_all_pairs_incl_sentinel,round_win = game_pnl > 0 (decisive only),COMPATIBILITY_ONLY_NOT_PRODUCTION,127205.3315,115172.8122,6635.2036,4257,2852,-0.05216136,-0.11437665,-0.04113429,-0.05216136,-6635.2036,127205.3315,OK,0.0000,265.4081,4.0000,96.0000,AG03-UNRESOLVED,ALL5_LEVELS_bet23_to_bet27,265.4081,265.4081,265.4081,331.7602,331.7602,4.000000,4.000000,4.000000,5.000000,5.000000,96.000000,96.000000,96.000000,95.000000,95.000000,5.0,1459.7448,1337.1644,5175.4588,5298.0391,PENDING_AG03,FALSE,NOT_FOR_ENFORCEMENT,6369.7955,110565.8997,6635.2036,6369.7955,265.4081,0.05216136,0.05007491,265.4081,6369.7955,0.05007491,265.4081,265.4081,265.4081,331.7602,331.7602,6369.7955,0.05007491,1459.7448,1337.1644,5175.4588,5298.0391,0.04068586,0.04164951,0.00208645,29.8814,40.3832,2.3265,127.6001,7.3643,2446.2564,54.8462,43.4275,28.3160,5.1431,12.8578,28.9875,66.8604,128.5777,263.3173,7.8995,-2.6176,10.0,20.479237,2.324,28,180,56,8,0.15055597,0.05216136,0.11437665,0E-8,0.000000,0.905409,0.000000,-0.07324236,2026-03-22,2026-08-06,52,901,524,138,0.376812,1.533674,1.453326,0.501853,,,,,,,,GLOBAL_BASELINE_NO_ENTITY_RANKING,,,NOT_APPLICABLE_GLOBAL_BASELINE,HF9g-P5,,,,X 全窗基线 · 不参与实体赏罚,14191459,1420,A168_HF9F_20260827_0900,2026-08-27 09:00:00
2026-05-08,128173484,2267,0,5.7080587411,0E-10,0E-10,,1,1,0.49324550000000000,0.493245500000,,,,0E-17,NO_DECISIVE_ROUND,R03b_20260811_FULL_v1,L1_ELIGIBILITY,v2026-08-11,2026-03-21..2026-08-06,baccarat_bet02_101_all_pairs_incl_sentinel,round_win = game_pnl > 0 (decisive only),COMPATIBILITY_ONLY_NOT_PRODUCTION,127205.3315,115172.8122,6635.2036,4257,2852,-0.05216136,-0.11437665,-0.04113429,-0.05216136,-6635.2036,127205.3315,OK,0.0000,265.4081,4.0000,96.0000,AG03-UNRESOLVED,ALL5_LEVELS_bet23_to_bet27,265.4081,265.4081,265.4081,331.7602,331.7602,4.000000,4.000000,4.000000,5.000000,5.000000,96.000000,96.000000,96.000000,95.000000,95.000000,5.0,1459.7448,1337.1644,5175.4588,5298.0391,PENDING_AG03,FALSE,NOT_FOR_ENFORCEMENT,6369.7955,110565.8997,6635.2036,6369.7955,265.4081,0.05216136,0.05007491,265.4081,6369.7955,0.05007491,265.4081,265.4081,265.4081,331.7602,331.7602,6369.7955,0.05007491,1459.7448,1337.1644,5175.4588,5298.0391,0.04068586,0.04164951,0.00208645,29.8814,40.3832,2.3265,127.6001,7.3643,2446.2564,54.8462,43.4275,28.3160,5.1431,12.8578,28.9875,66.8604,128.5777,263.3173,7.8995,-2.6176,10.0,20.479237,2.324,28,180,56,8,0.15055597,0.05216136,0.11437665,0E-8,0.000000,0.905409,0.000000,-0.07324236,2026-03-22,2026-08-06,52,901,524,138,0.376812,1.533674,1.453326,0.501853,,,,,,,,GLOBAL_BASELINE_NO_ENTITY_RANKING,,,NOT_APPLICABLE_GLOBAL_BASELINE,HF9g-P5,,,,X 全窗基线 · 不参与实体赏罚,14191460,1420,A168_HF9F_20260827_0900,2026-08-27 09:00:00
2026-05-08,128173484,462,0,142.7014685279,-142.7014685279,-142.7014685279,0E-7,2,1,0.46919179999989500,0.300626750000,-0.9401700128631667,-0.655630731788307,-0.9401700128631667,0.16856504999989500,ELIGIBLE,R03b_20260811_FULL_v1,L1_ELIGIBILITY,v2026-08-11,2026-03-21..2026-08-06,baccarat_bet02_101_all_pairs_incl_sentinel,round_win = game_pnl > 0 (decisive only),COMPATIBILITY_ONLY_NOT_PRODUCTION,127205.3315,115172.8122,6635.2036,4257,2852,-0.05216136,-0.11437665,-0.04113429,-0.05216136,-6635.2036,127205.3315,OK,0.0000,265.4081,4.0000,96.0000,AG03-UNRESOLVED,ALL5_LEVELS_bet23_to_bet27,265.4081,265.4081,265.4081,331.7602,331.7602,4.000000,4.000000,4.000000,5.000000,5.000000,96.000000,96.000000,96.000000,95.000000,95.000000,5.0,1459.7448,1337.1644,5175.4588,5298.0391,PENDING_AG03,FALSE,NOT_FOR_ENFORCEMENT,6369.7955,110565.8997,6635.2036,6369.7955,265.4081,0.05216136,0.05007491,265.4081,6369.7955,0.05007491,265.4081,265.4081,265.4081,331.7602,331.7602,6369.7955,0.05007491,1459.7448,1337.1644,5175.4588,5298.0391,0.04068586,0.04164951,0.00208645,29.8814,40.3832,2.3265,127.6001,7.3643,2446.2564,54.8462,43.4275,28.3160,5.1431,12.8578,28.9875,66.8604,128.5777,263.3173,7.8995,-2.6176,10.0,20.479237,2.324,28,180,56,8,0.15055597,0.05216136,0.11437665,0E-8,0.000000,0.905409,0.000000,-0.07324236,2026-03-22,2026-08-06,52,901,524,138,0.376812,1.533674,1.453326,0.501853,,,,,,,,GLOBAL_BASELINE_NO_ENTITY_RANKING,,,NOT_APPLICABLE_GLOBAL_BASELINE,HF9g-P5,,,,X 全窗基线 · 不参与实体赏罚,14191461,1420,A168_HF9F_20260827_0900,2026-08-27 09:00:00
2026-05-08,128173484,763,0,54.4860152561,-3.8918582326,-3.8918582326,0.5000000,3,2,0.48792124999967188,0.403638725000,0.03417383725530625,0.27775789067037676,0.03417383725530625,0.08428252499967188,ELIGIBLE,R03b_20260811_FULL_v1,L1_ELIGIBILITY,v2026-08-11,2026-03-21..2026-08-06,baccarat_bet02_101_all_pairs_incl_sentinel,round_win = game_pnl > 0 (decisive only),COMPATIBILITY_ONLY_NOT_PRODUCTION,127205.3315,115172.8122,6635.2036,4257,2852,-0.05216136,-0.11437665,-0.04113429,-0.05216136,-6635.2036,127205.3315,OK,0.0000,265.4081,4.0000,96.0000,AG03-UNRESOLVED,ALL5_LEVELS_bet23_to_bet27,265.4081,265.4081,265.4081,331.7602,331.7602,4.000000,4.000000,4.000000,5.000000,5.000000,96.000000,96.000000,96.000000,95.000000,95.000000,5.0,1459.7448,1337.1644,5175.4588,5298.0391,PENDING_AG03,FALSE,NOT_FOR_ENFORCEMENT,6369.7955,110565.8997,6635.2036,6369.7955,265.4081,0.05216136,0.05007491,265.4081,6369.7955,0.05007491,265.4081,265.4081,265.4081,331.7602,331.7602,6369.7955,0.05007491,1459.7448,1337.1644,5175.4588,5298.0391,0.04068586,0.04164951,0.00208645,29.8814,40.3832,2.3265,127.6001,7.3643,2446.2564,54.8462,43.4275,28.3160,5.1431,12.8578,28.9875,66.8604,128.5777,263.3173,7.8995,-2.6176,10.0,20.479237,2.324,28,180,56,8,0.15055597,0.05216136,0.11437665,0E-8,0.000000,0.905409,0.000000,-0.07324236,2026-03-22,2026-08-06,52,901,524,138,0.376812,1.533674,1.453326,0.501853,,,,,,,,GLOBAL_BASELINE_NO_ENTITY_RANKING,,,NOT_APPLICABLE_GLOBAL_BASELINE,HF9g-P5,,,,X 全窗基线 · 不参与实体赏罚,14191462,1420,A168_HF9F_20260827_0900,2026-08-27 09:00:00
2026-05-08,128173484,919,0,37.8807534639,13.3620465985,13.3620465985,0.6666667,5,3,0.41589255711526565,0.360432383333,0.8812647117747241,1.1047380221457783,0.8812647117747241,0.05546017378226565,ELIGIBLE,R03b_20260811_FULL_v1,L1_ELIGIBILITY,v2026-08-11,2026-03-21..2026-08-06,baccarat_bet02_101_all_pairs_incl_sentinel,round_win = game_pnl > 0 (decisive only),COMPATIBILITY_ONLY_NOT_PRODUCTION,127205.3315,115172.8122,6635.2036,4257,2852,-0.05216136,-0.11437665,-0.04113429,-0.05216136,-6635.2036,127205.3315,OK,0.0000,265.4081,4.0000,96.0000,AG03-UNRESOLVED,ALL5_LEVELS_bet23_to_bet27,265.4081,265.4081,265.4081,331.7602,331.7602,4.000000,4.000000,4.000000,5.000000,5.000000,96.000000,96.000000,96.000000,95.000000,95.000000,5.0,1459.7448,1337.1644,5175.4588,5298.0391,PENDING_AG03,FALSE,NOT_FOR_ENFORCEMENT,6369.7955,110565.8997,6635.2036,6369.7955,265.4081,0.05216136,0.05007491,265.4081,6369.7955,0.05007491,265.4081,265.4081,265.4081,331.7602,331.7602,6369.7955,0.05007491,1459.7448,1337.1644,5175.4588,5298.0391,0.04068586,0.04164951,0.00208645,29.8814,40.3832,2.3265,127.6001,7.3643,2446.2564,54.8462,43.4275,28.3160,5.1431,12.8578,28.9875,66.8604,128.5777,263.3173,7.8995,-2.6176,10.0,20.479237,2.324,28,180,56,8,0.15055597,0.05216136,0.11437665,0E-8,0.000000,0.905409,0.000000,-0.07324236,2026-03-22,2026-08-06,52,901,524,138,0.376812,1.533674,1.453326,0.501853,,,,,,,,GLOBAL_BASELINE_NO_ENTITY_RANKING,,,NOT_APPLICABLE_GLOBAL_BASELINE,HF9g-P5,,,,X 全窗基线 · 不参与实体赏罚,14191463,1420,A168_HF9F_20260827_0900,2026-08-27 09:00:00
2026-05-08,128173484,970,0,121.6854340720,41.7726116962,41.7726116962,0.2000000,10,5,0.42688411886833440,0.318770410000,-1.025682343136182,-0.5699116114564539,-1.025682343136182,0.10811370886833440,ELIGIBLE,R03b_20260811_FULL_v1,L1_ELIGIBILITY,v2026-08-11,2026-03-21..2026-08-06,baccarat_bet02_101_all_pairs_incl_sentinel,round_win = game_pnl > 0 (decisive only),COMPATIBILITY_ONLY_NOT_PRODUCTION,127205.3315,115172.8122,6635.2036,4257,2852,-0.05216136,-0.11437665,-0.04113429,-0.05216136,-6635.2036,127205.3315,OK,0.0000,265.4081,4.0000,96.0000,AG03-UNRESOLVED,ALL5_LEVELS_bet23_to_bet27,265.4081,265.4081,265.4081,331.7602,331.7602,4.000000,4.000000,4.000000,5.000000,5.000000,96.000000,96.000000,96.000000,95.000000,95.000000,5.0,1459.7448,1337.1644,5175.4588,5298.0391,PENDING_AG03,FALSE,NOT_FOR_ENFORCEMENT,6369.7955,110565.8997,6635.2036,6369.7955,265.4081,0.05216136,0.05007491,265.4081,6369.7955,0.05007491,265.4081,265.4081,265.4081,331.7602,331.7602,6369.7955,0.05007491,1459.7448,1337.1644,5175.4588,5298.0391,0.04068586,0.04164951,0.00208645,29.8814,40.3832,2.3265,127.6001,7.3643,2446.2564,54.8462,43.4275,28.3160,5.1431,12.8578,28.9875,66.8604,128.5777,263.3173,7.8995,-2.6176,10.0,20.479237,2.324,28,180,56,8,0.15055597,0.05216136,0.11437665,0E-8,0.000000,0.905409,0.000000,-0.07324236,2026-03-22,2026-08-06,52,901,524,138,0.376812,1.533674,1.453326,0.501853,,,,,,,,GLOBAL_BASELINE_NO_ENTITY_RANKING,,,NOT_APPLICABLE_GLOBAL_BASELINE,HF9g-P5,,,,X 全窗基线 · 不参与实体赏罚,14191464,1420,A168_HF9F_20260827_0900,2026-08-27 09:00:00
2026-05-08,128173484,994,0,128.9502361066,14.1404182447,14.1404182447,0.4444444,14,10,0.46404840208293293,0.416564235000,-0.11792899142248882,0.16966012110301615,-0.11792899142248882,0.04748416708293293,ELIGIBLE,R03b_20260811_FULL_v1,L1_ELIGIBILITY,v2026-08-11,2026-03-21..2026-08-06,baccarat_bet02_101_all_pairs_incl_sentinel,round_win = game_pnl > 0 (decisive only),COMPATIBILITY_ONLY_NOT_PRODUCTION,127205.3315,115172.8122,6635.2036,4257,2852,-0.05216136,-0.11437665,-0.04113429,-0.05216136,-6635.2036,127205.3315,OK,0.0000,265.4081,4.0000,96.0000,AG03-UNRESOLVED,ALL5_LEVELS_bet23_to_bet27,265.4081,265.4081,265.4081,331.7602,331.7602,4.000000,4.000000,4.000000,5.000000,5.000000,96.000000,96.000000,96.000000,95.000000,95.000000,5.0,1459.7448,1337.1644,5175.4588,5298.0391,PENDING_AG03,FALSE,NOT_FOR_ENFORCEMENT,6369.7955,110565.8997,6635.2036,6369.7955,265.4081,0.05216136,0.05007491,265.4081,6369.7955,0.05007491,265.4081,265.4081,265.4081,331.7602,331.7602,6369.7955,0.05007491,1459.7448,1337.1644,5175.4588,5298.0391,0.04068586,0.04164951,0.00208645,29.8814,40.3832,2.3265,127.6001,7.3643,2446.2564,54.8462,43.4275,28.3160,5.1431,12.8578,28.9875,66.8604,128.5777,263.3173,7.8995,-2.6176,10.0,20.479237,2.324,28,180,56,8,0.15055597,0.05216136,0.11437665,0E-8,0.000000,0.905409,0.000000,-0.07324236,2026-03-22,2026-08-06,52,901,524,138,0.376812,1.533674,1.453326,0.501853,,,,,,,,GLOBAL_BASELINE_NO_ENTITY_RANKING,,,NOT_APPLICABLE_GLOBAL_BASELINE,HF9g-P5,,,,X 全窗基线 · 不参与实体赏罚,14191465,1420,A168_HF9F_20260827_0900,2026-08-27 09:00:00
2026-05-14,128173484,2103,0,334.9592652171,26.2051787661,26.2051787661,0.4285714,7,7,0.49324550000000000,0.493245500000,-0.3422542494892156,-0.3422542494892157,-0.3422542494892156,0E-17,ELIGIBLE,R03b_20260811_FULL_v1,L1_ELIGIBILITY,v2026-08-11,2026-03-21..2026-08-06,baccarat_bet02_101_all_pairs_incl_sentinel,round_win = game_pnl > 0 (decisive only),COMPATIBILITY_ONLY_NOT_PRODUCTION,127205.3315,115172.8122,6635.2036,4257,2852,-0.05216136,-0.11437665,-0.04113429,-0.05216136,-6635.2036,127205.3315,OK,0.0000,265.4081,4.0000,96.0000,AG03-UNRESOLVED,ALL5_LEVELS_bet23_to_bet27,265.4081,265.4081,265.4081,331.7602,331.7602,4.000000,4.000000,4.000000,5.000000,5.000000,96.000000,96.000000,96.000000,95.000000,95.000000,5.0,1459.7448,1337.1644,5175.4588,5298.0391,PENDING_AG03,FALSE,NOT_FOR_ENFORCEMENT,6369.7955,110565.8997,6635.2036,6369.7955,265.4081,0.05216136,0.05007491,265.4081,6369.7955,0.05007491,265.4081,265.4081,265.4081,331.7602,331.7602,6369.7955,0.05007491,1459.7448,1337.1644,5175.4588,5298.0391,0.04068586,0.04164951,0.00208645,29.8814,40.3832,2.3265,127.6001,7.3643,2446.2564,54.8462,43.4275,28.3160,5.1431,12.8578,28.9875,66.8604,128.5777,263.3173,7.8995,-2.6176,10.0,20.479237,2.324,28,180,56,8,0.15055597,0.05216136,0.11437665,0E-8,0.000000,0.905409,0.000000,-0.07324236,2026-03-22,2026-08-06,52,901,524,138,0.376812,1.533674,1.453326,0.501853,,,,,,,,GLOBAL_BASELINE_NO_ENTITY_RANKING,,,NOT_APPLICABLE_GLOBAL_BASELINE,HF9g-P5,,,,X 全窗基线 · 不参与实体赏罚,14191466,1420,A168_HF9F_20260827_0900,2026-08-27 09:00:00
2026-05-18,128173484,-1,1,529.8116340615,-313.1648591147,-313.1648591147,0.3333333,9,6,0.47972274017408075,0.397546516667,-0.7177491738310724,-0.3213986804887246,-0.7177491738310724,0.08217622350708075,SENTINEL_DEALER,R03b_20260811_FULL_v1,L1_ELIGIBILITY,v2026-08-11,2026-03-21..2026-08-06,baccarat_bet02_101_all_pairs_incl_sentinel,round_win = game_pnl > 0 (decisive only),COMPATIBILITY_ONLY_NOT_PRODUCTION,127205.3315,115172.8122,6635.2036,4257,2852,-0.05216136,-0.11437665,-0.04113429,-0.05216136,-6635.2036,127205.3315,OK,0.0000,265.4081,4.0000,96.0000,AG03-UNRESOLVED,ALL5_LEVELS_bet23_to_bet27,265.4081,265.4081,265.4081,331.7602,331.7602,4.000000,4.000000,4.000000,5.000000,5.000000,96.000000,96.000000,96.000000,95.000000,95.000000,5.0,1459.7448,1337.1644,5175.4588,5298.0391,PENDING_AG03,FALSE,NOT_FOR_ENFORCEMENT,6369.7955,110565.8997,6635.2036,6369.7955,265.4081,0.05216136,0.05007491,265.4081,6369.7955,0.05007491,265.4081,265.4081,265.4081,331.7602,331.7602,6369.7955,0.05007491,1459.7448,1337.1644,5175.4588,5298.0391,0.04068586,0.04164951,0.00208645,29.8814,40.3832,2.3265,127.6001,7.3643,2446.2564,54.8462,43.4275,28.3160,5.1431,12.8578,28.9875,66.8604,128.5777,263.3173,7.8995,-2.6176,10.0,20.479237,2.324,28,180,56,8,0.15055597,0.05216136,0.11437665,0E-8,0.000000,0.905409,0.000000,-0.07324236,2026-03-22,2026-08-06,52,901,524,138,0.376812,1.533674,1.453326,0.501853,,,,,,,,GLOBAL_BASELINE_NO_ENTITY_RANKING,,,NOT_APPLICABLE_GLOBAL_BASELINE,HF9g-P5,,,,X 全窗基线 · 不参与实体赏罚,14191467,1420,A168_HF9F_20260827_0900,2026-08-27 09:00:00
2026-05-18,128173484,1299,0,29.8375797831,-29.8375797831,-29.8375797831,0E-7,2,1,0.45031066086925051,0.290680550000,-0.9051018598290507,-0.6401578158977228,-0.9051018598290507,0.15963011086925051,ELIGIBLE,R03b_20260811_FULL_v1,L1_ELIGIBILITY,v2026-08-11,2026-03-21..2026-08-06,baccarat_bet02_101_all_pairs_incl_sentinel,round_win = game_pnl > 0 (decisive only),COMPATIBILITY_ONLY_NOT_PRODUCTION,127205.3315,115172.8122,6635.2036,4257,2852,-0.05216136,-0.11437665,-0.04113429,-0.05216136,-6635.2036,127205.3315,OK,0.0000,265.4081,4.0000,96.0000,AG03-UNRESOLVED,ALL5_LEVELS_bet23_to_bet27,265.4081,265.4081,265.4081,331.7602,331.7602,4.000000,4.000000,4.000000,5.000000,5.000000,96.000000,96.000000,96.000000,95.000000,95.000000,5.0,1459.7448,1337.1644,5175.4588,5298.0391,PENDING_AG03,FALSE,NOT_FOR_ENFORCEMENT,6369.7955,110565.8997,6635.2036,6369.7955,265.4081,0.05216136,0.05007491,265.4081,6369.7955,0.05007491,265.4081,265.4081,265.4081,331.7602,331.7602,6369.7955,0.05007491,1459.7448,1337.1644,5175.4588,5298.0391,0.04068586,0.04164951,0.00208645,29.8814,40.3832,2.3265,127.6001,7.3643,2446.2564,54.8462,43.4275,28.3160,5.1431,12.8578,28.9875,66.8604,128.5777,263.3173,7.8995,-2.6176,10.0,20.479237,2.324,28,180,56,8,0.15055597,0.05216136,0.11437665,0E-8,0.000000,0.905409,0.000000,-0.07324236,2026-03-22,2026-08-06,52,901,524,138,0.376812,1.533674,1.453326,0.501853,,,,,,,,GLOBAL_BASELINE_NO_ENTITY_RANKING,,,NOT_APPLICABLE_GLOBAL_BASELINE,HF9g-P5,,,,X 全窗基线 · 不参与实体赏罚,14191468,1420,A168_HF9F_20260827_0900,2026-08-27 09:00:00
2026-05-18,128173484,1353,0,168.6471900784,-168.6471900784,-168.6471900784,0E-7,2,1,0.46104863846144301,0.283965900000,-0.924908105024243,-0.6297471965178028,-0.924908105024243,0.17708273846144301,ELIGIBLE,R03b_20260811_FULL_v1,L1_ELIGIBILITY,v2026-08-11,2026-03-21..2026-08-06,baccarat_bet02_101_all_pairs_incl_sentinel,round_win = game_pnl > 0 (decisive only),COMPATIBILITY_ONLY_NOT_PRODUCTION,127205.3315,115172.8122,6635.2036,4257,2852,-0.05216136,-0.11437665,-0.04113429,-0.05216136,-6635.2036,127205.3315,OK,0.0000,265.4081,4.0000,96.0000,AG03-UNRESOLVED,ALL5_LEVELS_bet23_to_bet27,265.4081,265.4081,265.4081,331.7602,331.7602,4.000000,4.000000,4.000000,5.000000,5.000000,96.000000,96.000000,96.000000,95.000000,95.000000,5.0,1459.7448,1337.1644,5175.4588,5298.0391,PENDING_AG03,FALSE,NOT_FOR_ENFORCEMENT,6369.7955,110565.8997,6635.2036,6369.7955,265.4081,0.05216136,0.05007491,265.4081,6369.7955,0.05007491,265.4081,265.4081,265.4081,331.7602,331.7602,6369.7955,0.05007491,1459.7448,1337.1644,5175.4588,5298.0391,0.04068586,0.04164951,0.00208645,29.8814,40.3832,2.3265,127.6001,7.3643,2446.2564,54.8462,43.4275,28.3160,5.1431,12.8578,28.9875,66.8604,128.5777,263.3173,7.8995,-2.6176,10.0,20.479237,2.324,28,180,56,8,0.15055597,0.05216136,0.11437665,0E-8,0.000000,0.905409,0.000000,-0.07324236,2026-03-22,2026-08-06,52,901,524,138,0.376812,1.533674,1.453326,0.501853,,,,,,,,GLOBAL_BASELINE_NO_ENTITY_RANKING,,,NOT_APPLICABLE_GLOBAL_BASELINE,HF9g-P5,,,,X 全窗基线 · 不参与实体赏罚,14191469,1420,A168_HF9F_20260827_0900,2026-08-27 09:00:00
2026-05-18,128173484,1383,0,98.5937418920,78.4858076903,78.4858076903,1.0000000,3,2,0.45681143461513835,0.398665625000,1.5421329768712073,1.736875216052051,1.5421329768712073,0.05814580961513835,ELIGIBLE,R03b_20260811_FULL_v1,L1_ELIGIBILITY,v2026-08-11,2026-03-21..2026-08-06,baccarat_bet02_101_all_pairs_incl_sentinel,round_win = game_pnl > 0 (decisive only),COMPATIBILITY_ONLY_NOT_PRODUCTION,127205.3315,115172.8122,6635.2036,4257,2852,-0.05216136,-0.11437665,-0.04113429,-0.05216136,-6635.2036,127205.3315,OK,0.0000,265.4081,4.0000,96.0000,AG03-UNRESOLVED,ALL5_LEVELS_bet23_to_bet27,265.4081,265.4081,265.4081,331.7602,331.7602,4.000000,4.000000,4.000000,5.000000,5.000000,96.000000,96.000000,96.000000,95.000000,95.000000,5.0,1459.7448,1337.1644,5175.4588,5298.0391,PENDING_AG03,FALSE,NOT_FOR_ENFORCEMENT,6369.7955,110565.8997,6635.2036,6369.7955,265.4081,0.05216136,0.05007491,265.4081,6369.7955,0.05007491,265.4081,265.4081,265.4081,331.7602,331.7602,6369.7955,0.05007491,1459.7448,1337.1644,5175.4588,5298.0391,0.04068586,0.04164951,0.00208645,29.8814,40.3832,2.3265,127.6001,7.3643,2446.2564,54.8462,43.4275,28.3160,5.1431,12.8578,28.9875,66.8604,128.5777,263.3173,7.8995,-2.6176,10.0,20.479237,2.324,28,180,56,8,0.15055597,0.05216136,0.11437665,0E-8,0.000000,0.905409,0.000000,-0.07324236,2026-03-22,2026-08-06,52,901,524,138,0.376812,1.533674,1.453326,0.501853,,,,,,,,GLOBAL_BASELINE_NO_ENTITY_RANKING,,,NOT_APPLICABLE_GLOBAL_BASELINE,HF9g-P5,,,,X 全窗基线 · 不参与实体赏罚,14191470,1420,A168_HF9F_20260827_0900,2026-08-27 09:00:00
2026-05-18,128173484,1384,0,74.9831352810,80.9506512376,80.9506512376,1.0000000,2,1,0.45104562006921746,0.300626750000,1.1032092442279986,1.5252488199758223,1.1032092442279986,0.15041887006921746,ELIGIBLE,R03b_20260811_FULL_v1,L1_ELIGIBILITY,v2026-08-11,2026-03-21..2026-08-06,baccarat_bet02_101_all_pairs_incl_sentinel,round_win = game_pnl > 0 (decisive only),COMPATIBILITY_ONLY_NOT_PRODUCTION,127205.3315,115172.8122,6635.2036,4257,2852,-0.05216136,-0.11437665,-0.04113429,-0.05216136,-6635.2036,127205.3315,OK,0.0000,265.4081,4.0000,96.0000,AG03-UNRESOLVED,ALL5_LEVELS_bet23_to_bet27,265.4081,265.4081,265.4081,331.7602,331.7602,4.000000,4.000000,4.000000,5.000000,5.000000,96.000000,96.000000,96.000000,95.000000,95.000000,5.0,1459.7448,1337.1644,5175.4588,5298.0391,PENDING_AG03,FALSE,NOT_FOR_ENFORCEMENT,6369.7955,110565.8997,6635.2036,6369.7955,265.4081,0.05216136,0.05007491,265.4081,6369.7955,0.05007491,265.4081,265.4081,265.4081,331.7602,331.7602,6369.7955,0.05007491,1459.7448,1337.1644,5175.4588,5298.0391,0.04068586,0.04164951,0.00208645,29.8814,40.3832,2.3265,127.6001,7.3643,2446.2564,54.8462,43.4275,28.3160,5.1431,12.8578,28.9875,66.8604,128.5777,263.3173,7.8995,-2.6176,10.0,20.479237,2.324,28,180,56,8,0.15055597,0.05216136,0.11437665,0E-8,0.000000,0.905409,0.000000,-0.07324236,2026-03-22,2026-08-06,52,901,524,138,0.376812,1.533674,1.453326,0.501853,,,,,,,,GLOBAL_BASELINE_NO_ENTITY_RANKING,,,NOT_APPLICABLE_GLOBAL_BASELINE,HF9g-P5,,,,X 全窗基线 · 不参与实体赏罚,14191471,1420,A168_HF9F_20260827_0900,2026-08-27 09:00:00
2026-05-18,128173484,1396,0,236.3655233252,70.2350682373,70.2350682373,0.6666667,5,3,0.46250533594763306,0.362666583333,0.7092325558162238,1.0952095310631544,0.7092325558162238,0.09983875261463306,ELIGIBLE,R03b_20260811_FULL_v1,L1_ELIGIBILITY,v2026-08-11,2026-03-21..2026-08-06,baccarat_bet02_101_all_pairs_incl_sentinel,round_win = game_pnl > 0 (decisive only),COMPATIBILITY_ONLY_NOT_PRODUCTION,127205.3315,115172.8122,6635.2036,4257,2852,-0.05216136,-0.11437665,-0.04113429,-0.05216136,-6635.2036,127205.3315,OK,0.0000,265.4081,4.0000,96.0000,AG03-UNRESOLVED,ALL5_LEVELS_bet23_to_bet27,265.4081,265.4081,265.4081,331.7602,331.7602,4.000000,4.000000,4.000000,5.000000,5.000000,96.000000,96.000000,96.000000,95.000000,95.000000,5.0,1459.7448,1337.1644,5175.4588,5298.0391,PENDING_AG03,FALSE,NOT_FOR_ENFORCEMENT,6369.7955,110565.8997,6635.2036,6369.7955,265.4081,0.05216136,0.05007491,265.4081,6369.7955,0.05007491,265.4081,265.4081,265.4081,331.7602,331.7602,6369.7955,0.05007491,1459.7448,1337.1644,5175.4588,5298.0391,0.04068586,0.04164951,0.00208645,29.8814,40.3832,2.3265,127.6001,7.3643,2446.2564,54.8462,43.4275,28.3160,5.1431,12.8578,28.9875,66.8604,128.5777,263.3173,7.8995,-2.6176,10.0,20.479237,2.324,28,180,56,8,0.15055597,0.05216136,0.11437665,0E-8,0.000000,0.905409,0.000000,-0.07324236,2026-03-22,2026-08-06,52,901,524,138,0.376812,1.533674,1.453326,0.501853,,,,,,,,GLOBAL_BASELINE_NO_ENTITY_RANKING,,,NOT_APPLICABLE_GLOBAL_BASELINE,HF9g-P5,,,,X 全窗基线 · 不参与实体赏罚,14191472,1420,A168_HF9F_20260827_0900,2026-08-27 09:00:00
2026-05-18,128173484,1399,0,430.6989777386,217.5548752011,217.5548752011,0.3333333,6,3,0.46152110432878997,0.286204116667,-0.44537629402188356,0.18060338720045144,-0.44537629402188356,0.17531698766178997,ELIGIBLE,R03b_20260811_FULL_v1,L1_ELIGIBILITY,v2026-08-11,2026-03-21..2026-08-06,baccarat_bet02_101_all_pairs_incl_sentinel,round_win = game_pnl > 0 (decisive only),COMPATIBILITY_ONLY_NOT_PRODUCTION,127205.3315,115172.8122,6635.2036,4257,2852,-0.05216136,-0.11437665,-0.04113429,-0.05216136,-6635.2036,127205.3315,OK,0.0000,265.4081,4.0000,96.0000,AG03-UNRESOLVED,ALL5_LEVELS_bet23_to_bet27,265.4081,265.4081,265.4081,331.7602,331.7602,4.000000,4.000000,4.000000,5.000000,5.000000,96.000000,96.000000,96.000000,95.000000,95.000000,5.0,1459.7448,1337.1644,5175.4588,5298.0391,PENDING_AG03,FALSE,NOT_FOR_ENFORCEMENT,6369.7955,110565.8997,6635.2036,6369.7955,265.4081,0.05216136,0.05007491,265.4081,6369.7955,0.05007491,265.4081,265.4081,265.4081,331.7602,331.7602,6369.7955,0.05007491,1459.7448,1337.1644,5175.4588,5298.0391,0.04068586,0.04164951,0.00208645,29.8814,40.3832,2.3265,127.6001,7.3643,2446.2564,54.8462,43.4275,28.3160,5.1431,12.8578,28.9875,66.8604,128.5777,263.3173,7.8995,-2.6176,10.0,20.479237,2.324,28,180,56,8,0.15055597,0.05216136,0.11437665,0E-8,0.000000,0.905409,0.000000,-0.07324236,2026-03-22,2026-08-06,52,901,524,138,0.376812,1.533674,1.453326,0.501853,,,,,,,,GLOBAL_BASELINE_NO_ENTITY_RANKING,,,NOT_APPLICABLE_GLOBAL_BASELINE,HF9g-P5,,,,X 全窗基线 · 不参与实体赏罚,14191473,1420,A168_HF9F_20260827_0900,2026-08-27 09:00:00
2026-05-18,128173484,1485,0,25.9457215505,24.6484354730,24.6484354730,1.0000000,1,1,0.50665070000000000,0.506650700000,0.9867858985152569,0.9867858985152569,0.9867858985152569,0E-17,ELIGIBLE,R03b_20260811_FULL_v1,L1_ELIGIBILITY,v2026-08-11,2026-03-21..2026-08-06,baccarat_bet02_101_all_pairs_incl_sentinel,round_win = game_pnl > 0 (decisive only),COMPATIBILITY_ONLY_NOT_PRODUCTION,127205.3315,115172.8122,6635.2036,4257,2852,-0.05216136,-0.11437665,-0.04113429,-0.05216136,-6635.2036,127205.3315,OK,0.0000,265.4081,4.0000,96.0000,AG03-UNRESOLVED,ALL5_LEVELS_bet23_to_bet27,265.4081,265.4081,265.4081,331.7602,331.7602,4.000000,4.000000,4.000000,5.000000,5.000000,96.000000,96.000000,96.000000,95.000000,95.000000,5.0,1459.7448,1337.1644,5175.4588,5298.0391,PENDING_AG03,FALSE,NOT_FOR_ENFORCEMENT,6369.7955,110565.8997,6635.2036,6369.7955,265.4081,0.05216136,0.05007491,265.4081,6369.7955,0.05007491,265.4081,265.4081,265.4081,331.7602,331.7602,6369.7955,0.05007491,1459.7448,1337.1644,5175.4588,5298.0391,0.04068586,0.04164951,0.00208645,29.8814,40.3832,2.3265,127.6001,7.3643,2446.2564,54.8462,43.4275,28.3160,5.1431,12.8578,28.9875,66.8604,128.5777,263.3173,7.8995,-2.6176,10.0,20.479237,2.324,28,180,56,8,0.15055597,0.05216136,0.11437665,0E-8,0.000000,0.905409,0.000000,-0.07324236,2026-03-22,2026-08-06,52,901,524,138,0.376812,1.533674,1.453326,0.501853,,,,,,,,GLOBAL_BASELINE_NO_ENTITY_RANKING,,,NOT_APPLICABLE_GLOBAL_BASELINE,HF9g-P5,,,,X 全窗基线 · 不参与实体赏罚,14191474,1420,A168_HF9F_20260827_0900,2026-08-27 09:00:00
2026-05-18,128173484,1509,0,358.0509573971,-215.3494888693,-215.3494888693,0E-7,3,2,0.49214194999995530,0.391963025000,-0.984405479516863,-0.8028927854473178,-0.984405479516863,0.10017892499995530,ELIGIBLE,R03b_20260811_FULL_v1,L1_ELIGIBILITY,v2026-08-11,2026-03-21..2026-08-06,baccarat_bet02_101_all_pairs_incl_sentinel,round_win = game_pnl > 0 (decisive only),COMPATIBILITY_ONLY_NOT_PRODUCTION,127205.3315,115172.8122,6635.2036,4257,2852,-0.05216136,-0.11437665,-0.04113429,-0.05216136,-6635.2036,127205.3315,OK,0.0000,265.4081,4.0000,96.0000,AG03-UNRESOLVED,ALL5_LEVELS_bet23_to_bet27,265.4081,265.4081,265.4081,331.7602,331.7602,4.000000,4.000000,4.000000,5.000000,5.000000,96.000000,96.000000,96.000000,95.000000,95.000000,5.0,1459.7448,1337.1644,5175.4588,5298.0391,PENDING_AG03,FALSE,NOT_FOR_ENFORCEMENT,6369.7955,110565.8997,6635.2036,6369.7955,265.4081,0.05216136,0.05007491,265.4081,6369.7955,0.05007491,265.4081,265.4081,265.4081,331.7602,331.7602,6369.7955,0.05007491,1459.7448,1337.1644,5175.4588,5298.0391,0.04068586,0.04164951,0.00208645,29.8814,40.3832,2.3265,127.6001,7.3643,2446.2564,54.8462,43.4275,28.3160,5.1431,12.8578,28.9875,66.8604,128.5777,263.3173,7.8995,-2.6176,10.0,20.479237,2.324,28,180,56,8,0.15055597,0.05216136,0.11437665,0E-8,0.000000,0.905409,0.000000,-0.07324236,2026-03-22,2026-08-06,52,901,524,138,0.376812,1.533674,1.453326,0.501853,,,,,,,,GLOBAL_BASELINE_NO_ENTITY_RANKING,,,NOT_APPLICABLE_GLOBAL_BASELINE,HF9g-P5,,,,X 全窗基线 · 不参与实体赏罚,14191475,1420,A168_HF9F_20260827_0900,2026-08-27 09:00:00
2026-05-18,128173484,1645,0,467.0229879093,-467.0229879093,-467.0229879093,0E-7,2,1,0.48265401666668208,0.290680550000,-0.9658894480196825,-0.6401578158977228,-0.9658894480196825,0.19197346666668208,ELIGIBLE,R03b_20260811_FULL_v1,L1_ELIGIBILITY,v2026-08-11,2026-03-21..2026-08-06,baccarat_bet02_101_all_pairs_incl_sentinel,round_win = game_pnl > 0 (decisive only),COMPATIBILITY_ONLY_NOT_PRODUCTION,127205.3315,115172.8122,6635.2036,4257,2852,-0.05216136,-0.11437665,-0.04113429,-0.05216136,-6635.2036,127205.3315,OK,0.0000,265.4081,4.0000,96.0000,AG03-UNRESOLVED,ALL5_LEVELS_bet23_to_bet27,265.4081,265.4081,265.4081,331.7602,331.7602,4.000000,4.000000,4.000000,5.000000,5.000000,96.000000,96.000000,96.000000,95.000000,95.000000,5.0,1459.7448,1337.1644,5175.4588,5298.0391,PENDING_AG03,FALSE,NOT_FOR_ENFORCEMENT,6369.7955,110565.8997,6635.2036,6369.7955,265.4081,0.05216136,0.05007491,265.4081,6369.7955,0.05007491,265.4081,265.4081,265.4081,331.7602,331.7602,6369.7955,0.05007491,1459.7448,1337.1644,5175.4588,5298.0391,0.04068586,0.04164951,0.00208645,29.8814,40.3832,2.3265,127.6001,7.3643,2446.2564,54.8462,43.4275,28.3160,5.1431,12.8578,28.9875,66.8604,128.5777,263.3173,7.8995,-2.6176,10.0,20.479237,2.324,28,180,56,8,0.15055597,0.05216136,0.11437665,0E-8,0.000000,0.905409,0.000000,-0.07324236,2026-03-22,2026-08-06,52,901,524,138,0.376812,1.533674,1.453326,0.501853,,,,,,,,GLOBAL_BASELINE_NO_ENTITY_RANKING,,,NOT_APPLICABLE_GLOBAL_BASELINE,HF9g-P5,,,,X 全窗基线 · 不参与实体赏罚,14191476,1420,A168_HF9F_20260827_0900,2026-08-27 09:00:00
2026-05-18,128173484,1704,0,25.9457215505,25.9457215505,25.9457215505,1.0000000,1,1,0.49324550000000000,0.493245500000,1.01360149184955,1.01360149184955,1.01360149184955,0E-17,ELIGIBLE,R03b_20260811_FULL_v1,L1_ELIGIBILITY,v2026-08-11,2026-03-21..2026-08-06,baccarat_bet02_101_all_pairs_incl_sentinel,round_win = game_pnl > 0 (decisive only),COMPATIBILITY_ONLY_NOT_PRODUCTION,127205.3315,115172.8122,6635.2036,4257,2852,-0.05216136,-0.11437665,-0.04113429,-0.05216136,-6635.2036,127205.3315,OK,0.0000,265.4081,4.0000,96.0000,AG03-UNRESOLVED,ALL5_LEVELS_bet23_to_bet27,265.4081,265.4081,265.4081,331.7602,331.7602,4.000000,4.000000,4.000000,5.000000,5.000000,96.000000,96.000000,96.000000,95.000000,95.000000,5.0,1459.7448,1337.1644,5175.4588,5298.0391,PENDING_AG03,FALSE,NOT_FOR_ENFORCEMENT,6369.7955,110565.8997,6635.2036,6369.7955,265.4081,0.05216136,0.05007491,265.4081,6369.7955,0.05007491,265.4081,265.4081,265.4081,331.7602,331.7602,6369.7955,0.05007491,1459.7448,1337.1644,5175.4588,5298.0391,0.04068586,0.04164951,0.00208645,29.8814,40.3832,2.3265,127.6001,7.3643,2446.2564,54.8462,43.4275,28.3160,5.1431,12.8578,28.9875,66.8604,128.5777,263.3173,7.8995,-2.6176,10.0,20.479237,2.324,28,180,56,8,0.15055597,0.05216136,0.11437665,0E-8,0.000000,0.905409,0.000000,-0.07324236,2026-03-22,2026-08-06,52,901,524,138,0.376812,1.533674,1.453326,0.501853,,,,,,,,GLOBAL_BASELINE_NO_ENTITY_RANKING,,,NOT_APPLICABLE_GLOBAL_BASELINE,HF9g-P5,,,,X 全窗基线 · 不参与实体赏罚,14191477,1420,A168_HF9F_20260827_0900,2026-08-27 09:00:00
2026-05-18,128173484,1985,0,220.5386331794,-220.5386331794,-220.5386331794,0E-7,4,3,0.49110889166663110,0.435741850000,-1.701520142585675,-1.5220760190132314,-1.701520142585675,0.05536704166663110,ELIGIBLE,R03b_20260811_FULL_v1,L1_ELIGIBILITY,v2026-08-11,2026-03-21..2026-08-06,baccarat_bet02_101_all_pairs_incl_sentinel,round_win = game_pnl > 0 (decisive only),COMPATIBILITY_ONLY_NOT_PRODUCTION,127205.3315,115172.8122,6635.2036,4257,2852,-0.05216136,-0.11437665,-0.04113429,-0.05216136,-6635.2036,127205.3315,OK,0.0000,265.4081,4.0000,96.0000,AG03-UNRESOLVED,ALL5_LEVELS_bet23_to_bet27,265.4081,265.4081,265.4081,331.7602,331.7602,4.000000,4.000000,4.000000,5.000000,5.000000,96.000000,96.000000,96.000000,95.000000,95.000000,5.0,1459.7448,1337.1644,5175.4588,5298.0391,PENDING_AG03,FALSE,NOT_FOR_ENFORCEMENT,6369.7955,110565.8997,6635.2036,6369.7955,265.4081,0.05216136,0.05007491,265.4081,6369.7955,0.05007491,265.4081,265.4081,265.4081,331.7602,331.7602,6369.7955,0.05007491,1459.7448,1337.1644,5175.4588,5298.0391,0.04068586,0.04164951,0.00208645,29.8814,40.3832,2.3265,127.6001,7.3643,2446.2564,54.8462,43.4275,28.3160,5.1431,12.8578,28.9875,66.8604,128.5777,263.3173,7.8995,-2.6176,10.0,20.479237,2.324,28,180,56,8,0.15055597,0.05216136,0.11437665,0E-8,0.000000,0.905409,0.000000,-0.07324236,2026-03-22,2026-08-06,52,901,524,138,0.376812,1.533674,1.453326,0.501853,,,,,,,,GLOBAL_BASELINE_NO_ENTITY_RANKING,,,NOT_APPLICABLE_GLOBAL_BASELINE,HF9g-P5,,,,X 全窗基线 · 不参与实体赏罚,14191478,1420,A168_HF9F_20260827_0900,2026-08-27 09:00:00
2026-05-18,128173484,2093,0,683.6697628562,311.3486586063,311.3486586063,0.4285714,11,8,0.47172325568545816,0.423146912500,-0.22870403093852185,0.02904904245728204,-0.22870403093852185,0.04857634318545816,ELIGIBLE,R03b_20260811_FULL_v1,L1_ELIGIBILITY,v2026-08-11,2026-03-21..2026-08-06,baccarat_bet02_101_all_pairs_incl_sentinel,round_win = game_pnl > 0 (decisive only),COMPATIBILITY_ONLY_NOT_PRODUCTION,127205.3315,115172.8122,6635.2036,4257,2852,-0.05216136,-0.11437665,-0.04113429,-0.05216136,-6635.2036,127205.3315,OK,0.0000,265.4081,4.0000,96.0000,AG03-UNRESOLVED,ALL5_LEVELS_bet23_to_bet27,265.4081,265.4081,265.4081,331.7602,331.7602,4.000000,4.000000,4.000000,5.000000,5.000000,96.000000,96.000000,96.000000,95.000000,95.000000,5.0,1459.7448,1337.1644,5175.4588,5298.0391,PENDING_AG03,FALSE,NOT_FOR_ENFORCEMENT,6369.7955,110565.8997,6635.2036,6369.7955,265.4081,0.05216136,0.05007491,265.4081,6369.7955,0.05007491,265.4081,265.4081,265.4081,331.7602,331.7602,6369.7955,0.05007491,1459.7448,1337.1644,5175.4588,5298.0391,0.04068586,0.04164951,0.00208645,29.8814,40.3832,2.3265,127.6001,7.3643,2446.2564,54.8462,43.4275,28.3160,5.1431,12.8578,28.9875,66.8604,128.5777,263.3173,7.8995,-2.6176,10.0,20.479237,2.324,28,180,56,8,0.15055597,0.05216136,0.11437665,0E-8,0.000000,0.905409,0.000000,-0.07324236,2026-03-22,2026-08-06,52,901,524,138,0.376812,1.533674,1.453326,0.501853,,,,,,,,GLOBAL_BASELINE_NO_ENTITY_RANKING,,,NOT_APPLICABLE_GLOBAL_BASELINE,HF9g-P5,,,,X 全窗基线 · 不参与实体赏罚,14191479,1420,A168_HF9F_20260827_0900,2026-08-27 09:00:00
2026-05-18,128173484,2108,0,28.5402937056,22.0538633179,22.0538633179,1.0000000,2,1,0.46738339999931207,0.290680550000,1.0675069401900161,1.5621148022658344,1.0675069401900161,0.17670284999931207,ELIGIBLE,R03b_20260811_FULL_v1,L1_ELIGIBILITY,v2026-08-11,2026-03-21..2026-08-06,baccarat_bet02_101_all_pairs_incl_sentinel,round_win = game_pnl > 0 (decisive only),COMPATIBILITY_ONLY_NOT_PRODUCTION,127205.3315,115172.8122,6635.2036,4257,2852,-0.05216136,-0.11437665,-0.04113429,-0.05216136,-6635.2036,127205.3315,OK,0.0000,265.4081,4.0000,96.0000,AG03-UNRESOLVED,ALL5_LEVELS_bet23_to_bet27,265.4081,265.4081,265.4081,331.7602,331.7602,4.000000,4.000000,4.000000,5.000000,5.000000,96.000000,96.000000,96.000000,95.000000,95.000000,5.0,1459.7448,1337.1644,5175.4588,5298.0391,PENDING_AG03,FALSE,NOT_FOR_ENFORCEMENT,6369.7955,110565.8997,6635.2036,6369.7955,265.4081,0.05216136,0.05007491,265.4081,6369.7955,0.05007491,265.4081,265.4081,265.4081,331.7602,331.7602,6369.7955,0.05007491,1459.7448,1337.1644,5175.4588,5298.0391,0.04068586,0.04164951,0.00208645,29.8814,40.3832,2.3265,127.6001,7.3643,2446.2564,54.8462,43.4275,28.3160,5.1431,12.8578,28.9875,66.8604,128.5777,263.3173,7.8995,-2.6176,10.0,20.479237,2.324,28,180,56,8,0.15055597,0.05216136,0.11437665,0E-8,0.000000,0.905409,0.000000,-0.07324236,2026-03-22,2026-08-06,52,901,524,138,0.376812,1.533674,1.453326,0.501853,,,,,,,,GLOBAL_BASELINE_NO_ENTITY_RANKING,,,NOT_APPLICABLE_GLOBAL_BASELINE,HF9g-P5,,,,X 全窗基线 · 不参与实体赏罚,14191480,1420,A168_HF9F_20260827_0900,2026-08-27 09:00:00
2026-05-18,128173484,2130,0,299.6730839084,82.8965803539,82.8965803539,0.6000000,9,5,0.45865614808262600,0.327167160000,0.6342810122744705,1.3002989252017716,0.6342810122744705,0.13148898808262600,ELIGIBLE,R03b_20260811_FULL_v1,L1_ELIGIBILITY,v2026-08-11,2026-03-21..2026-08-06,baccarat_bet02_101_all_pairs_incl_sentinel,round_win = game_pnl > 0 (decisive only),COMPATIBILITY_ONLY_NOT_PRODUCTION,127205.3315,115172.8122,6635.2036,4257,2852,-0.05216136,-0.11437665,-0.04113429,-0.05216136,-6635.2036,127205.3315,OK,0.0000,265.4081,4.0000,96.0000,AG03-UNRESOLVED,ALL5_LEVELS_bet23_to_bet27,265.4081,265.4081,265.4081,331.7602,331.7602,4.000000,4.000000,4.000000,5.000000,5.000000,96.000000,96.000000,96.000000,95.000000,95.000000,5.0,1459.7448,1337.1644,5175.4588,5298.0391,PENDING_AG03,FALSE,NOT_FOR_ENFORCEMENT,6369.7955,110565.8997,6635.2036,6369.7955,265.4081,0.05216136,0.05007491,265.4081,6369.7955,0.05007491,265.4081,265.4081,265.4081,331.7602,331.7602,6369.7955,0.05007491,1459.7448,1337.1644,5175.4588,5298.0391,0.04068586,0.04164951,0.00208645,29.8814,40.3832,2.3265,127.6001,7.3643,2446.2564,54.8462,43.4275,28.3160,5.1431,12.8578,28.9875,66.8604,128.5777,263.3173,7.8995,-2.6176,10.0,20.479237,2.324,28,180,56,8,0.15055597,0.05216136,0.11437665,0E-8,0.000000,0.905409,0.000000,-0.07324236,2026-03-22,2026-08-06,52,901,524,138,0.376812,1.533674,1.453326,0.501853,,,,,,,,GLOBAL_BASELINE_NO_ENTITY_RANKING,,,NOT_APPLICABLE_GLOBAL_BASELINE,HF9g-P5,,,,X 全窗基线 · 不参与实体赏罚,14191481,1420,A168_HF9F_20260827_0900,2026-08-27 09:00:00
2026-05-18,128173484,2174,0,88.2154532718,-88.2154532718,-88.2154532718,0E-7,6,3,0.45493299722184880,0.337181772222,-1.5823749556845166,-1.2353654476708988,-1.5823749556845166,0.11775122499984880,ELIGIBLE,R03b_20260811_FULL_v1,L1_ELIGIBILITY,v2026-08-11,2026-03-21..2026-08-06,baccarat_bet02_101_all_pairs_incl_sentinel,round_win = game_pnl > 0 (decisive only),COMPATIBILITY_ONLY_NOT_PRODUCTION,127205.3315,115172.8122,6635.2036,4257,2852,-0.05216136,-0.11437665,-0.04113429,-0.05216136,-6635.2036,127205.3315,OK,0.0000,265.4081,4.0000,96.0000,AG03-UNRESOLVED,ALL5_LEVELS_bet23_to_bet27,265.4081,265.4081,265.4081,331.7602,331.7602,4.000000,4.000000,4.000000,5.000000,5.000000,96.000000,96.000000,96.000000,95.000000,95.000000,5.0,1459.7448,1337.1644,5175.4588,5298.0391,PENDING_AG03,FALSE,NOT_FOR_ENFORCEMENT,6369.7955,110565.8997,6635.2036,6369.7955,265.4081,0.05216136,0.05007491,265.4081,6369.7955,0.05007491,265.4081,265.4081,265.4081,331.7602,331.7602,6369.7955,0.05007491,1459.7448,1337.1644,5175.4588,5298.0391,0.04068586,0.04164951,0.00208645,29.8814,40.3832,2.3265,127.6001,7.3643,2446.2564,54.8462,43.4275,28.3160,5.1431,12.8578,28.9875,66.8604,128.5777,263.3173,7.8995,-2.6176,10.0,20.479237,2.324,28,180,56,8,0.15055597,0.05216136,0.11437665,0E-8,0.000000,0.905409,0.000000,-0.07324236,2026-03-22,2026-08-06,52,901,524,138,0.376812,1.533674,1.453326,0.501853,,,,,,,,GLOBAL_BASELINE_NO_ENTITY_RANKING,,,NOT_APPLICABLE_GLOBAL_BASELINE,HF9g-P5,,,,X 全窗基线 · 不参与实体赏罚,14191482,1420,A168_HF9F_20260827_0900,2026-08-27 09:00:00
2026-05-18,128173484,2177,0,947.5377510249,243.5005967516,243.5005967516,0.7500000,10,8,0.48616253755103440,0.450548631250,1.4930619493208537,1.7022989406784992,1.4930619493208537,0.03561390630103440,ELIGIBLE,R03b_20260811_FULL_v1,L1_ELIGIBILITY,v2026-08-11,2026-03-21..2026-08-06,baccarat_bet02_101_all_pairs_incl_sentinel,round_win = game_pnl > 0 (decisive only),COMPATIBILITY_ONLY_NOT_PRODUCTION,127205.3315,115172.8122,6635.2036,4257,2852,-0.05216136,-0.11437665,-0.04113429,-0.05216136,-6635.2036,127205.3315,OK,0.0000,265.4081,4.0000,96.0000,AG03-UNRESOLVED,ALL5_LEVELS_bet23_to_bet27,265.4081,265.4081,265.4081,331.7602,331.7602,4.000000,4.000000,4.000000,5.000000,5.000000,96.000000,96.000000,96.000000,95.000000,95.000000,5.0,1459.7448,1337.1644,5175.4588,5298.0391,PENDING_AG03,FALSE,NOT_FOR_ENFORCEMENT,6369.7955,110565.8997,6635.2036,6369.7955,265.4081,0.05216136,0.05007491,265.4081,6369.7955,0.05007491,265.4081,265.4081,265.4081,331.7602,331.7602,6369.7955,0.05007491,1459.7448,1337.1644,5175.4588,5298.0391,0.04068586,0.04164951,0.00208645,29.8814,40.3832,2.3265,127.6001,7.3643,2446.2564,54.8462,43.4275,28.3160,5.1431,12.8578,28.9875,66.8604,128.5777,263.3173,7.8995,-2.6176,10.0,20.479237,2.324,28,180,56,8,0.15055597,0.05216136,0.11437665,0E-8,0.000000,0.905409,0.000000,-0.07324236,2026-03-22,2026-08-06,52,901,524,138,0.376812,1.533674,1.453326,0.501853,,,,,,,,GLOBAL_BASELINE_NO_ENTITY_RANKING,,,NOT_APPLICABLE_GLOBAL_BASELINE,HF9g-P5,,,,X 全窗基线 · 不参与实体赏罚,14191483,1420,A168_HF9F_20260827_0900,2026-08-27 09:00:00
2026-05-18,128173484,2218,0,124.5394634425,-7.7837164652,-7.7837164652,0E-7,4,3,0.48787068695641684,0.434660650000,-0.9760286032910945,-0.876840406925923,-0.9760286032910945,0.05321003695641684,ELIGIBLE,R03b_20260811_FULL_v1,L1_ELIGIBILITY,v2026-08-11,2026-03-21..2026-08-06,baccarat_bet02_101_all_pairs_incl_sentinel,round_win = game_pnl > 0 (decisive only),COMPATIBILITY_ONLY_NOT_PRODUCTION,127205.3315,115172.8122,6635.2036,4257,2852,-0.05216136,-0.11437665,-0.04113429,-0.05216136,-6635.2036,127205.3315,OK,0.0000,265.4081,4.0000,96.0000,AG03-UNRESOLVED,ALL5_LEVELS_bet23_to_bet27,265.4081,265.4081,265.4081,331.7602,331.7602,4.000000,4.000000,4.000000,5.000000,5.000000,96.000000,96.000000,96.000000,95.000000,95.000000,5.0,1459.7448,1337.1644,5175.4588,5298.0391,PENDING_AG03,FALSE,NOT_FOR_ENFORCEMENT,6369.7955,110565.8997,6635.2036,6369.7955,265.4081,0.05216136,0.05007491,265.4081,6369.7955,0.05007491,265.4081,265.4081,265.4081,331.7602,331.7602,6369.7955,0.05007491,1459.7448,1337.1644,5175.4588,5298.0391,0.04068586,0.04164951,0.00208645,29.8814,40.3832,2.3265,127.6001,7.3643,2446.2564,54.8462,43.4275,28.3160,5.1431,12.8578,28.9875,66.8604,128.5777,263.3173,7.8995,-2.6176,10.0,20.479237,2.324,28,180,56,8,0.15055597,0.05216136,0.11437665,0E-8,0.000000,0.905409,0.000000,-0.07324236,2026-03-22,2026-08-06,52,901,524,138,0.376812,1.533674,1.453326,0.501853,,,,,,,,GLOBAL_BASELINE_NO_ENTITY_RANKING,,,NOT_APPLICABLE_GLOBAL_BASELINE,HF9g-P5,,,,X 全窗基线 · 不参与实体赏罚,14191484,1420,A168_HF9F_20260827_0900,2026-08-27 09:00:00
2026-05-18,128173484,2244,0,38.9185823258,-38.9185823258,-38.9185823258,0E-7,1,1,0.50665070000000000,0.506650700000,-1.013391052207602,-1.013391052207602,-1.013391052207602,0E-17,ELIGIBLE,R03b_20260811_FULL_v1,L1_ELIGIBILITY,v2026-08-11,2026-03-21..2026-08-06,baccarat_bet02_101_all_pairs_incl_sentinel,round_win = game_pnl > 0 (decisive only),COMPATIBILITY_ONLY_NOT_PRODUCTION,127205.3315,115172.8122,6635.2036,4257,2852,-0.05216136,-0.11437665,-0.04113429,-0.05216136,-6635.2036,127205.3315,OK,0.0000,265.4081,4.0000,96.0000,AG03-UNRESOLVED,ALL5_LEVELS_bet23_to_bet27,265.4081,265.4081,265.4081,331.7602,331.7602,4.000000,4.000000,4.000000,5.000000,5.000000,96.000000,96.000000,96.000000,95.000000,95.000000,5.0,1459.7448,1337.1644,5175.4588,5298.0391,PENDING_AG03,FALSE,NOT_FOR_ENFORCEMENT,6369.7955,110565.8997,6635.2036,6369.7955,265.4081,0.05216136,0.05007491,265.4081,6369.7955,0.05007491,265.4081,265.4081,265.4081,331.7602,331.7602,6369.7955,0.05007491,1459.7448,1337.1644,5175.4588,5298.0391,0.04068586,0.04164951,0.00208645,29.8814,40.3832,2.3265,127.6001,7.3643,2446.2564,54.8462,43.4275,28.3160,5.1431,12.8578,28.9875,66.8604,128.5777,263.3173,7.8995,-2.6176,10.0,20.479237,2.324,28,180,56,8,0.15055597,0.05216136,0.11437665,0E-8,0.000000,0.905409,0.000000,-0.07324236,2026-03-22,2026-08-06,52,901,524,138,0.376812,1.533674,1.453326,0.501853,,,,,,,,GLOBAL_BASELINE_NO_ENTITY_RANKING,,,NOT_APPLICABLE_GLOBAL_BASELINE,HF9g-P5,,,,X 全窗基线 · 不参与实体赏罚,14191485,1420,A168_HF9F_20260827_0900,2026-08-27 09:00:00
2026-05-18,128173484,2258,0,275.5435628665,-200.3009703700,-200.3009703700,0E-7,4,4,0.49994810000000000,0.499948100000,-1.7318710300250217,-1.7318710300250217,-1.7318710300250217,0E-17,ELIGIBLE,R03b_20260811_FULL_v1,L1_ELIGIBILITY,v2026-08-11,2026-03-21..2026-08-06,baccarat_bet02_101_all_pairs_incl_sentinel,round_win = game_pnl > 0 (decisive only),COMPATIBILITY_ONLY_NOT_PRODUCTION,127205.3315,115172.8122,6635.2036,4257,2852,-0.05216136,-0.11437665,-0.04113429,-0.05216136,-6635.2036,127205.3315,OK,0.0000,265.4081,4.0000,96.0000,AG03-UNRESOLVED,ALL5_LEVELS_bet23_to_bet27,265.4081,265.4081,265.4081,331.7602,331.7602,4.000000,4.000000,4.000000,5.000000,5.000000,96.000000,96.000000,96.000000,95.000000,95.000000,5.0,1459.7448,1337.1644,5175.4588,5298.0391,PENDING_AG03,FALSE,NOT_FOR_ENFORCEMENT,6369.7955,110565.8997,6635.2036,6369.7955,265.4081,0.05216136,0.05007491,265.4081,6369.7955,0.05007491,265.4081,265.4081,265.4081,331.7602,331.7602,6369.7955,0.05007491,1459.7448,1337.1644,5175.4588,5298.0391,0.04068586,0.04164951,0.00208645,29.8814,40.3832,2.3265,127.6001,7.3643,2446.2564,54.8462,43.4275,28.3160,5.1431,12.8578,28.9875,66.8604,128.5777,263.3173,7.8995,-2.6176,10.0,20.479237,2.324,28,180,56,8,0.15055597,0.05216136,0.11437665,0E-8,0.000000,0.905409,0.000000,-0.07324236,2026-03-22,2026-08-06,52,901,524,138,0.376812,1.533674,1.453326,0.501853,,,,,,,,GLOBAL_BASELINE_NO_ENTITY_RANKING,,,NOT_APPLICABLE_GLOBAL_BASELINE,HF9g-P5,,,,X 全窗基线 · 不参与实体赏罚,14191486,1420,A168_HF9F_20260827_0900,2026-08-27 09:00:00
2026-05-18,128173484,2267,0,67.4588760315,-67.4588760315,-67.4588760315,0E-7,5,3,0.41912578557667887,0.363751800000,-1.471267929932586,-1.3096339339183787,-1.471267929932586,0.05537398557667887,ELIGIBLE,R03b_20260811_FULL_v1,L1_ELIGIBILITY,v2026-08-11,2026-03-21..2026-08-06,baccarat_bet02_101_all_pairs_incl_sentinel,round_win = game_pnl > 0 (decisive only),COMPATIBILITY_ONLY_NOT_PRODUCTION,127205.3315,115172.8122,6635.2036,4257,2852,-0.05216136,-0.11437665,-0.04113429,-0.05216136,-6635.2036,127205.3315,OK,0.0000,265.4081,4.0000,96.0000,AG03-UNRESOLVED,ALL5_LEVELS_bet23_to_bet27,265.4081,265.4081,265.4081,331.7602,331.7602,4.000000,4.000000,4.000000,5.000000,5.000000,96.000000,96.000000,96.000000,95.000000,95.000000,5.0,1459.7448,1337.1644,5175.4588,5298.0391,PENDING_AG03,FALSE,NOT_FOR_ENFORCEMENT,6369.7955,110565.8997,6635.2036,6369.7955,265.4081,0.05216136,0.05007491,265.4081,6369.7955,0.05007491,265.4081,265.4081,265.4081,331.7602,331.7602,6369.7955,0.05007491,1459.7448,1337.1644,5175.4588,5298.0391,0.04068586,0.04164951,0.00208645,29.8814,40.3832,2.3265,127.6001,7.3643,2446.2564,54.8462,43.4275,28.3160,5.1431,12.8578,28.9875,66.8604,128.5777,263.3173,7.8995,-2.6176,10.0,20.479237,2.324,28,180,56,8,0.15055597,0.05216136,0.11437665,0E-8,0.000000,0.905409,0.000000,-0.07324236,2026-03-22,2026-08-06,52,901,524,138,0.376812,1.533674,1.453326,0.501853,,,,,,,,GLOBAL_BASELINE_NO_ENTITY_RANKING,,,NOT_APPLICABLE_GLOBAL_BASELINE,HF9g-P5,,,,X 全窗基线 · 不参与实体赏罚,14191487,1420,A168_HF9F_20260827_0900,2026-08-27 09:00:00
2026-05-18,128173484,462,0,129.7286077526,129.7286077526,129.7286077526,1.0000000,1,1,0.49324550000000000,0.493245500000,1.01360149184955,1.01360149184955,1.01360149184955,0E-17,ELIGIBLE,R03b_20260811_FULL_v1,L1_ELIGIBILITY,v2026-08-11,2026-03-21..2026-08-06,baccarat_bet02_101_all_pairs_incl_sentinel,round_win = game_pnl > 0 (decisive only),COMPATIBILITY_ONLY_NOT_PRODUCTION,127205.3315,115172.8122,6635.2036,4257,2852,-0.05216136,-0.11437665,-0.04113429,-0.05216136,-6635.2036,127205.3315,OK,0.0000,265.4081,4.0000,96.0000,AG03-UNRESOLVED,ALL5_LEVELS_bet23_to_bet27,265.4081,265.4081,265.4081,331.7602,331.7602,4.000000,4.000000,4.000000,5.000000,5.000000,96.000000,96.000000,96.000000,95.000000,95.000000,5.0,1459.7448,1337.1644,5175.4588,5298.0391,PENDING_AG03,FALSE,NOT_FOR_ENFORCEMENT,6369.7955,110565.8997,6635.2036,6369.7955,265.4081,0.05216136,0.05007491,265.4081,6369.7955,0.05007491,265.4081,265.4081,265.4081,331.7602,331.7602,6369.7955,0.05007491,1459.7448,1337.1644,5175.4588,5298.0391,0.04068586,0.04164951,0.00208645,29.8814,40.3832,2.3265,127.6001,7.3643,2446.2564,54.8462,43.4275,28.3160,5.1431,12.8578,28.9875,66.8604,128.5777,263.3173,7.8995,-2.6176,10.0,20.479237,2.324,28,180,56,8,0.15055597,0.05216136,0.11437665,0E-8,0.000000,0.905409,0.000000,-0.07324236,2026-03-22,2026-08-06,52,901,524,138,0.376812,1.533674,1.453326,0.501853,,,,,,,,GLOBAL_BASELINE_NO_ENTITY_RANKING,,,NOT_APPLICABLE_GLOBAL_BASELINE,HF9g-P5,,,,X 全窗基线 · 不参与实体赏罚,14191488,1420,A168_HF9F_20260827_0900,2026-08-27 09:00:00
2026-05-18,128173484,550,0,995.5373358934,-528.5143479841,-528.5143479841,0E-7,7,4,0.46786735792395099,0.343802312500,-1.8753460531545334,-1.4476615666389658,-1.8753460531545334,0.12406504542395099,ELIGIBLE,R03b_20260811_FULL_v1,L1_ELIGIBILITY,v2026-08-11,2026-03-21..2026-08-06,baccarat_bet02_101_all_pairs_incl_sentinel,round_win = game_pnl > 0 (decisive only),COMPATIBILITY_ONLY_NOT_PRODUCTION,127205.3315,115172.8122,6635.2036,4257,2852,-0.05216136,-0.11437665,-0.04113429,-0.05216136,-6635.2036,127205.3315,OK,0.0000,265.4081,4.0000,96.0000,AG03-UNRESOLVED,ALL5_LEVELS_bet23_to_bet27,265.4081,265.4081,265.4081,331.7602,331.7602,4.000000,4.000000,4.000000,5.000000,5.000000,96.000000,96.000000,96.000000,95.000000,95.000000,5.0,1459.7448,1337.1644,5175.4588,5298.0391,PENDING_AG03,FALSE,NOT_FOR_ENFORCEMENT,6369.7955,110565.8997,6635.2036,6369.7955,265.4081,0.05216136,0.05007491,265.4081,6369.7955,0.05007491,265.4081,265.4081,265.4081,331.7602,331.7602,6369.7955,0.05007491,1459.7448,1337.1644,5175.4588,5298.0391,0.04068586,0.04164951,0.00208645,29.8814,40.3832,2.3265,127.6001,7.3643,2446.2564,54.8462,43.4275,28.3160,5.1431,12.8578,28.9875,66.8604,128.5777,263.3173,7.8995,-2.6176,10.0,20.479237,2.324,28,180,56,8,0.15055597,0.05216136,0.11437665,0E-8,0.000000,0.905409,0.000000,-0.07324236,2026-03-22,2026-08-06,52,901,524,138,0.376812,1.533674,1.453326,0.501853,,,,,,,,GLOBAL_BASELINE_NO_ENTITY_RANKING,,,NOT_APPLICABLE_GLOBAL_BASELINE,HF9g-P5,,,,X 全窗基线 · 不参与实体赏罚,14191489,1420,A168_HF9F_20260827_0900,2026-08-27 09:00:00
2026-05-18,128173484,763,0,254.2680711951,-150.4851849931,-150.4851849931,0.2500000,8,4,0.46134291793458518,0.326654612500,-0.847909651585527,-0.32689249205768417,-0.847909651585527,0.13468830543458518,ELIGIBLE,R03b_20260811_FULL_v1,L1_ELIGIBILITY,v2026-08-11,2026-03-21..2026-08-06,baccarat_bet02_101_all_pairs_incl_sentinel,round_win = game_pnl > 0 (decisive only),COMPATIBILITY_ONLY_NOT_PRODUCTION,127205.3315,115172.8122,6635.2036,4257,2852,-0.05216136,-0.11437665,-0.04113429,-0.05216136,-6635.2036,127205.3315,OK,0.0000,265.4081,4.0000,96.0000,AG03-UNRESOLVED,ALL5_LEVELS_bet23_to_bet27,265.4081,265.4081,265.4081,331.7602,331.7602,4.000000,4.000000,4.000000,5.000000,5.000000,96.000000,96.000000,96.000000,95.000000,95.000000,5.0,1459.7448,1337.1644,5175.4588,5298.0391,PENDING_AG03,FALSE,NOT_FOR_ENFORCEMENT,6369.7955,110565.8997,6635.2036,6369.7955,265.4081,0.05216136,0.05007491,265.4081,6369.7955,0.05007491,265.4081,265.4081,265.4081,331.7602,331.7602,6369.7955,0.05007491,1459.7448,1337.1644,5175.4588,5298.0391,0.04068586,0.04164951,0.00208645,29.8814,40.3832,2.3265,127.6001,7.3643,2446.2564,54.8462,43.4275,28.3160,5.1431,12.8578,28.9875,66.8604,128.5777,263.3173,7.8995,-2.6176,10.0,20.479237,2.324,28,180,56,8,0.15055597,0.05216136,0.11437665,0E-8,0.000000,0.905409,0.000000,-0.07324236,2026-03-22,2026-08-06,52,901,524,138,0.376812,1.533674,1.453326,0.501853,,,,,,,,GLOBAL_BASELINE_NO_ENTITY_RANKING,,,NOT_APPLICABLE_GLOBAL_BASELINE,HF9g-P5,,,,X 全窗基线 · 不参与实体赏罚,14191490,1420,A168_HF9F_20260827_0900,2026-08-27 09:00:00
2026-05-18,128173484,919,0,88.2154532717,15.5674329303,15.5674329303,0.5000000,3,2,0.46909522142857143,0.391963025000,0.08757936913205709,0.3129679521789244,0.08757936913205709,0.07713219642857143,ELIGIBLE,R03b_20260811_FULL_v1,L1_ELIGIBILITY,v2026-08-11,2026-03-21..2026-08-06,baccarat_bet02_101_all_pairs_incl_sentinel,round_win = game_pnl > 0 (decisive only),COMPATIBILITY_ONLY_NOT_PRODUCTION,127205.3315,115172.8122,6635.2036,4257,2852,-0.05216136,-0.11437665,-0.04113429,-0.05216136,-6635.2036,127205.3315,OK,0.0000,265.4081,4.0000,96.0000,AG03-UNRESOLVED,ALL5_LEVELS_bet23_to_bet27,265.4081,265.4081,265.4081,331.7602,331.7602,4.000000,4.000000,4.000000,5.000000,5.000000,96.000000,96.000000,96.000000,95.000000,95.000000,5.0,1459.7448,1337.1644,5175.4588,5298.0391,PENDING_AG03,FALSE,NOT_FOR_ENFORCEMENT,6369.7955,110565.8997,6635.2036,6369.7955,265.4081,0.05216136,0.05007491,265.4081,6369.7955,0.05007491,265.4081,265.4081,265.4081,331.7602,331.7602,6369.7955,0.05007491,1459.7448,1337.1644,5175.4588,5298.0391,0.04068586,0.04164951,0.00208645,29.8814,40.3832,2.3265,127.6001,7.3643,2446.2564,54.8462,43.4275,28.3160,5.1431,12.8578,28.9875,66.8604,128.5777,263.3173,7.8995,-2.6176,10.0,20.479237,2.324,28,180,56,8,0.15055597,0.05216136,0.11437665,0E-8,0.000000,0.905409,0.000000,-0.07324236,2026-03-22,2026-08-06,52,901,524,138,0.376812,1.533674,1.453326,0.501853,,,,,,,,GLOBAL_BASELINE_NO_ENTITY_RANKING,,,NOT_APPLICABLE_GLOBAL_BASELINE,HF9g-P5,,,,X 全窗基线 · 不参与实体赏罚,14191491,1420,A168_HF9F_20260827_0900,2026-08-27 09:00:00
2026-05-23,128173484,2177,0,39.4374967568,-39.4374967568,-39.4374967568,0E-7,1,1,0.49324550000000000,0.493245500000,-0.9865810262130424,-0.9865810262130424,-0.9865810262130424,0E-17,ELIGIBLE,R03b_20260811_FULL_v1,L1_ELIGIBILITY,v2026-08-11,2026-03-21..2026-08-06,baccarat_bet02_101_all_pairs_incl_sentinel,round_win = game_pnl > 0 (decisive only),COMPATIBILITY_ONLY_NOT_PRODUCTION,127205.3315,115172.8122,6635.2036,4257,2852,-0.05216136,-0.11437665,-0.04113429,-0.05216136,-6635.2036,127205.3315,OK,0.0000,265.4081,4.0000,96.0000,AG03-UNRESOLVED,ALL5_LEVELS_bet23_to_bet27,265.4081,265.4081,265.4081,331.7602,331.7602,4.000000,4.000000,4.000000,5.000000,5.000000,96.000000,96.000000,96.000000,95.000000,95.000000,5.0,1459.7448,1337.1644,5175.4588,5298.0391,PENDING_AG03,FALSE,NOT_FOR_ENFORCEMENT,6369.7955,110565.8997,6635.2036,6369.7955,265.4081,0.05216136,0.05007491,265.4081,6369.7955,0.05007491,265.4081,265.4081,265.4081,331.7602,331.7602,6369.7955,0.05007491,1459.7448,1337.1644,5175.4588,5298.0391,0.04068586,0.04164951,0.00208645,29.8814,40.3832,2.3265,127.6001,7.3643,2446.2564,54.8462,43.4275,28.3160,5.1431,12.8578,28.9875,66.8604,128.5777,263.3173,7.8995,-2.6176,10.0,20.479237,2.324,28,180,56,8,0.15055597,0.05216136,0.11437665,0E-8,0.000000,0.905409,0.000000,-0.07324236,2026-03-22,2026-08-06,52,901,524,138,0.376812,1.533674,1.453326,0.501853,,,,,,,,GLOBAL_BASELINE_NO_ENTITY_RANKING,,,NOT_APPLICABLE_GLOBAL_BASELINE,HF9g-P5,,,,X 全窗基线 · 不参与实体赏罚,14191492,1420,A168_HF9F_20260827_0900,2026-08-27 09:00:00
2026-05-24,128173484,2088,0,5.1891443101,0E-10,0E-10,,1,1,0.50665070000000000,0.506650700000,,,,0E-17,NO_DECISIVE_ROUND,R03b_20260811_FULL_v1,L1_ELIGIBILITY,v2026-08-11,2026-03-21..2026-08-06,baccarat_bet02_101_all_pairs_incl_sentinel,round_win = game_pnl > 0 (decisive only),COMPATIBILITY_ONLY_NOT_PRODUCTION,127205.3315,115172.8122,6635.2036,4257,2852,-0.05216136,-0.11437665,-0.04113429,-0.05216136,-6635.2036,127205.3315,OK,0.0000,265.4081,4.0000,96.0000,AG03-UNRESOLVED,ALL5_LEVELS_bet23_to_bet27,265.4081,265.4081,265.4081,331.7602,331.7602,4.000000,4.000000,4.000000,5.000000,5.000000,96.000000,96.000000,96.000000,95.000000,95.000000,5.0,1459.7448,1337.1644,5175.4588,5298.0391,PENDING_AG03,FALSE,NOT_FOR_ENFORCEMENT,6369.7955,110565.8997,6635.2036,6369.7955,265.4081,0.05216136,0.05007491,265.4081,6369.7955,0.05007491,265.4081,265.4081,265.4081,331.7602,331.7602,6369.7955,0.05007491,1459.7448,1337.1644,5175.4588,5298.0391,0.04068586,0.04164951,0.00208645,29.8814,40.3832,2.3265,127.6001,7.3643,2446.2564,54.8462,43.4275,28.3160,5.1431,12.8578,28.9875,66.8604,128.5777,263.3173,7.8995,-2.6176,10.0,20.479237,2.324,28,180,56,8,0.15055597,0.05216136,0.11437665,0E-8,0.000000,0.905409,0.000000,-0.07324236,2026-03-22,2026-08-06,52,901,524,138,0.376812,1.533674,1.453326,0.501853,,,,,,,,GLOBAL_BASELINE_NO_ENTITY_RANKING,,,NOT_APPLICABLE_GLOBAL_BASELINE,HF9g-P5,,,,X 全窗基线 · 不参与实体赏罚,14191493,1420,A168_HF9F_20260827_0900,2026-08-27 09:00:00
2026-05-24,128173484,2118,0,5.1891443101,4.9296870946,4.9296870946,1.0000000,1,1,0.50665070000000000,0.506650700000,0.9867858985152569,0.9867858985152569,0.9867858985152569,0E-17,ELIGIBLE,R03b_20260811_FULL_v1,L1_ELIGIBILITY,v2026-08-11,2026-03-21..2026-08-06,baccarat_bet02_101_all_pairs_incl_sentinel,round_win = game_pnl > 0 (decisive only),COMPATIBILITY_ONLY_NOT_PRODUCTION,127205.3315,115172.8122,6635.2036,4257,2852,-0.05216136,-0.11437665,-0.04113429,-0.05216136,-6635.2036,127205.3315,OK,0.0000,265.4081,4.0000,96.0000,AG03-UNRESOLVED,ALL5_LEVELS_bet23_to_bet27,265.4081,265.4081,265.4081,331.7602,331.7602,4.000000,4.000000,4.000000,5.000000,5.000000,96.000000,96.000000,96.000000,95.000000,95.000000,5.0,1459.7448,1337.1644,5175.4588,5298.0391,PENDING_AG03,FALSE,NOT_FOR_ENFORCEMENT,6369.7955,110565.8997,6635.2036,6369.7955,265.4081,0.05216136,0.05007491,265.4081,6369.7955,0.05007491,265.4081,265.4081,265.4081,331.7602,331.7602,6369.7955,0.05007491,1459.7448,1337.1644,5175.4588,5298.0391,0.04068586,0.04164951,0.00208645,29.8814,40.3832,2.3265,127.6001,7.3643,2446.2564,54.8462,43.4275,28.3160,5.1431,12.8578,28.9875,66.8604,128.5777,263.3173,7.8995,-2.6176,10.0,20.479237,2.324,28,180,56,8,0.15055597,0.05216136,0.11437665,0E-8,0.000000,0.905409,0.000000,-0.07324236,2026-03-22,2026-08-06,52,901,524,138,0.376812,1.533674,1.453326,0.501853,,,,,,,,GLOBAL_BASELINE_NO_ENTITY_RANKING,,,NOT_APPLICABLE_GLOBAL_BASELINE,HF9g-P5,,,,X 全窗基线 · 不参与实体赏罚,14191494,1420,A168_HF9F_20260827_0900,2026-08-27 09:00:00
2026-05-24,128173484,2134,0,20.7565772405,5.1891443101,5.1891443101,0.5000000,3,2,0.46672787499957321,0.400287425000,0.09431683648418022,0.2878109933178697,0.09431683648418022,0.06644044999957321,ELIGIBLE,R03b_20260811_FULL_v1,L1_ELIGIBILITY,v2026-08-11,2026-03-21..2026-08-06,baccarat_bet02_101_all_pairs_incl_sentinel,round_win = game_pnl > 0 (decisive only),COMPATIBILITY_ONLY_NOT_PRODUCTION,127205.3315,115172.8122,6635.2036,4257,2852,-0.05216136,-0.11437665,-0.04113429,-0.05216136,-6635.2036,127205.3315,OK,0.0000,265.4081,4.0000,96.0000,AG03-UNRESOLVED,ALL5_LEVELS_bet23_to_bet27,265.4081,265.4081,265.4081,331.7602,331.7602,4.000000,4.000000,4.000000,5.000000,5.000000,96.000000,96.000000,96.000000,95.000000,95.000000,5.0,1459.7448,1337.1644,5175.4588,5298.0391,PENDING_AG03,FALSE,NOT_FOR_ENFORCEMENT,6369.7955,110565.8997,6635.2036,6369.7955,265.4081,0.05216136,0.05007491,265.4081,6369.7955,0.05007491,265.4081,265.4081,265.4081,331.7602,331.7602,6369.7955,0.05007491,1459.7448,1337.1644,5175.4588,5298.0391,0.04068586,0.04164951,0.00208645,29.8814,40.3832,2.3265,127.6001,7.3643,2446.2564,54.8462,43.4275,28.3160,5.1431,12.8578,28.9875,66.8604,128.5777,263.3173,7.8995,-2.6176,10.0,20.479237,2.324,28,180,56,8,0.15055597,0.05216136,0.11437665,0E-8,0.000000,0.905409,0.000000,-0.07324236,2026-03-22,2026-08-06,52,901,524,138,0.376812,1.533674,1.453326,0.501853,,,,,,,,GLOBAL_BASELINE_NO_ENTITY_RANKING,,,NOT_APPLICABLE_GLOBAL_BASELINE,HF9g-P5,,,,X 全窗基线 · 不参与实体赏罚,14191495,1420,A168_HF9F_20260827_0900,2026-08-27 09:00:00
2026-05-24,128173484,2141,0,81.7290228841,-81.7290228841,-81.7290228841,0E-7,2,2,0.50665070000000000,0.506650700000,-1.4331513700195317,-1.4331513700195317,-1.4331513700195317,0E-17,ELIGIBLE,R03b_20260811_FULL_v1,L1_ELIGIBILITY,v2026-08-11,2026-03-21..2026-08-06,baccarat_bet02_101_all_pairs_incl_sentinel,round_win = game_pnl > 0 (decisive only),COMPATIBILITY_ONLY_NOT_PRODUCTION,127205.3315,115172.8122,6635.2036,4257,2852,-0.05216136,-0.11437665,-0.04113429,-0.05216136,-6635.2036,127205.3315,OK,0.0000,265.4081,4.0000,96.0000,AG03-UNRESOLVED,ALL5_LEVELS_bet23_to_bet27,265.4081,265.4081,265.4081,331.7602,331.7602,4.000000,4.000000,4.000000,5.000000,5.000000,96.000000,96.000000,96.000000,95.000000,95.000000,5.0,1459.7448,1337.1644,5175.4588,5298.0391,PENDING_AG03,FALSE,NOT_FOR_ENFORCEMENT,6369.7955,110565.8997,6635.2036,6369.7955,265.4081,0.05216136,0.05007491,265.4081,6369.7955,0.05007491,265.4081,265.4081,265.4081,331.7602,331.7602,6369.7955,0.05007491,1459.7448,1337.1644,5175.4588,5298.0391,0.04068586,0.04164951,0.00208645,29.8814,40.3832,2.3265,127.6001,7.3643,2446.2564,54.8462,43.4275,28.3160,5.1431,12.8578,28.9875,66.8604,128.5777,263.3173,7.8995,-2.6176,10.0,20.479237,2.324,28,180,56,8,0.15055597,0.05216136,0.11437665,0E-8,0.000000,0.905409,0.000000,-0.07324236,2026-03-22,2026-08-06,52,901,524,138,0.376812,1.533674,1.453326,0.501853,,,,,,,,GLOBAL_BASELINE_NO_ENTITY_RANKING,,,NOT_APPLICABLE_GLOBAL_BASELINE,HF9g-P5,,,,X 全窗基线 · 不参与实体赏罚,14191496,1420,A168_HF9F_20260827_0900,2026-08-27 09:00:00
2026-05-24,128173484,2171,0,558.0924705515,98.8013076646,98.8013076646,0.6666667,12,12,0.50106520000000000,0.501065200000,0.9936110548061918,0.9936110548061918,0.9936110548061918,0E-17,ELIGIBLE,R03b_20260811_FULL_v1,L1_ELIGIBILITY,v2026-08-11,2026-03-21..2026-08-06,baccarat_bet02_101_all_pairs_incl_sentinel,round_win = game_pnl > 0 (decisive only),COMPATIBILITY_ONLY_NOT_PRODUCTION,127205.3315,115172.8122,6635.2036,4257,2852,-0.05216136,-0.11437665,-0.04113429,-0.05216136,-6635.2036,127205.3315,OK,0.0000,265.4081,4.0000,96.0000,AG03-UNRESOLVED,ALL5_LEVELS_bet23_to_bet27,265.4081,265.4081,265.4081,331.7602,331.7602,4.000000,4.000000,4.000000,5.000000,5.000000,96.000000,96.000000,96.000000,95.000000,95.000000,5.0,1459.7448,1337.1644,5175.4588,5298.0391,PENDING_AG03,FALSE,NOT_FOR_ENFORCEMENT,6369.7955,110565.8997,6635.2036,6369.7955,265.4081,0.05216136,0.05007491,265.4081,6369.7955,0.05007491,265.4081,265.4081,265.4081,331.7602,331.7602,6369.7955,0.05007491,1459.7448,1337.1644,5175.4588,5298.0391,0.04068586,0.04164951,0.00208645,29.8814,40.3832,2.3265,127.6001,7.3643,2446.2564,54.8462,43.4275,28.3160,5.1431,12.8578,28.9875,66.8604,128.5777,263.3173,7.8995,-2.6176,10.0,20.479237,2.324,28,180,56,8,0.15055597,0.05216136,0.11437665,0E-8,0.000000,0.905409,0.000000,-0.07324236,2026-03-22,2026-08-06,52,901,524,138,0.376812,1.533674,1.453326,0.501853,,,,,,,,GLOBAL_BASELINE_NO_ENTITY_RANKING,,,NOT_APPLICABLE_GLOBAL_BASELINE,HF9g-P5,,,,X 全窗基线 · 不参与实体赏罚,14191497,1420,A168_HF9F_20260827_0900,2026-08-27 09:00:00
2026-05-25,128173484,2239,0,365.5752166468,-126.8745783820,-126.8745783820,0.2857143,7,7,0.49324550000000000,0.493245500000,-1.0982521808510124,-1.0982521808510126,-1.0982521808510124,0E-17,ELIGIBLE,R03b_20260811_FULL_v1,L1_ELIGIBILITY,v2026-08-11,2026-03-21..2026-08-06,baccarat_bet02_101_all_pairs_incl_sentinel,round_win = game_pnl > 0 (decisive only),COMPATIBILITY_ONLY_NOT_PRODUCTION,127205.3315,115172.8122,6635.2036,4257,2852,-0.05216136,-0.11437665,-0.04113429,-0.05216136,-6635.2036,127205.3315,OK,0.0000,265.4081,4.0000,96.0000,AG03-UNRESOLVED,ALL5_LEVELS_bet23_to_bet27,265.4081,265.4081,265.4081,331.7602,331.7602,4.000000,4.000000,4.000000,5.000000,5.000000,96.000000,96.000000,96.000000,95.000000,95.000000,5.0,1459.7448,1337.1644,5175.4588,5298.0391,PENDING_AG03,FALSE,NOT_FOR_ENFORCEMENT,6369.7955,110565.8997,6635.2036,6369.7955,265.4081,0.05216136,0.05007491,265.4081,6369.7955,0.05007491,265.4081,265.4081,265.4081,331.7602,331.7602,6369.7955,0.05007491,1459.7448,1337.1644,5175.4588,5298.0391,0.04068586,0.04164951,0.00208645,29.8814,40.3832,2.3265,127.6001,7.3643,2446.2564,54.8462,43.4275,28.3160,5.1431,12.8578,28.9875,66.8604,128.5777,263.3173,7.8995,-2.6176,10.0,20.479237,2.324,28,180,56,8,0.15055597,0.05216136,0.11437665,0E-8,0.000000,0.905409,0.000000,-0.07324236,2026-03-22,2026-08-06,52,901,524,138,0.376812,1.533674,1.453326,0.501853,,,,,,,,GLOBAL_BASELINE_NO_ENTITY_RANKING,,,NOT_APPLICABLE_GLOBAL_BASELINE,HF9g-P5,,,,X 全窗基线 · 不参与实体赏罚,14191498,1420,A168_HF9F_20260827_0900,2026-08-27 09:00:00
2026-05-25,128173484,2242,0,173.0579627419,11.1566602667,11.1566602667,0.6666667,4,4,0.49324550000000000,0.493245500000,0.6008033672792107,0.6008033672792106,0.6008033672792107,0E-17,ELIGIBLE,R03b_20260811_FULL_v1,L1_ELIGIBILITY,v2026-08-11,2026-03-21..2026-08-06,baccarat_bet02_101_all_pairs_incl_sentinel,round_win = game_pnl > 0 (decisive only),COMPATIBILITY_ONLY_NOT_PRODUCTION,127205.3315,115172.8122,6635.2036,4257,2852,-0.05216136,-0.11437665,-0.04113429,-0.05216136,-6635.2036,127205.3315,OK,0.0000,265.4081,4.0000,96.0000,AG03-UNRESOLVED,ALL5_LEVELS_bet23_to_bet27,265.4081,265.4081,265.4081,331.7602,331.7602,4.000000,4.000000,4.000000,5.000000,5.000000,96.000000,96.000000,96.000000,95.000000,95.000000,5.0,1459.7448,1337.1644,5175.4588,5298.0391,PENDING_AG03,FALSE,NOT_FOR_ENFORCEMENT,6369.7955,110565.8997,6635.2036,6369.7955,265.4081,0.05216136,0.05007491,265.4081,6369.7955,0.05007491,265.4081,265.4081,265.4081,331.7602,331.7602,6369.7955,0.05007491,1459.7448,1337.1644,5175.4588,5298.0391,0.04068586,0.04164951,0.00208645,29.8814,40.3832,2.3265,127.6001,7.3643,2446.2564,54.8462,43.4275,28.3160,5.1431,12.8578,28.9875,66.8604,128.5777,263.3173,7.8995,-2.6176,10.0,20.479237,2.324,28,180,56,8,0.15055597,0.05216136,0.11437665,0E-8,0.000000,0.905409,0.000000,-0.07324236,2026-03-22,2026-08-06,52,901,524,138,0.376812,1.533674,1.453326,0.501853,,,,,,,,GLOBAL_BASELINE_NO_ENTITY_RANKING,,,NOT_APPLICABLE_GLOBAL_BASELINE,HF9g-P5,,,,X 全窗基线 · 不参与实体赏罚,14191499,1420,A168_HF9F_20260827_0900,2026-08-27 09:00:00
2026-05-28,128173484,-1,1,28.5402937056,22.0538633179,22.0538633179,1.0000000,2,1,0.46738339999931207,0.290680550000,1.0675069401900161,1.5621148022658344,1.0675069401900161,0.17670284999931207,SENTINEL_DEALER,R03b_20260811_FULL_v1,L1_ELIGIBILITY,v2026-08-11,2026-03-21..2026-08-06,baccarat_bet02_101_all_pairs_incl_sentinel,round_win = game_pnl > 0 (decisive only),COMPATIBILITY_ONLY_NOT_PRODUCTION,127205.3315,115172.8122,6635.2036,4257,2852,-0.05216136,-0.11437665,-0.04113429,-0.05216136,-6635.2036,127205.3315,OK,0.0000,265.4081,4.0000,96.0000,AG03-UNRESOLVED,ALL5_LEVELS_bet23_to_bet27,265.4081,265.4081,265.4081,331.7602,331.7602,4.000000,4.000000,4.000000,5.000000,5.000000,96.000000,96.000000,96.000000,95.000000,95.000000,5.0,1459.7448,1337.1644,5175.4588,5298.0391,PENDING_AG03,FALSE,NOT_FOR_ENFORCEMENT,6369.7955,110565.8997,6635.2036,6369.7955,265.4081,0.05216136,0.05007491,265.4081,6369.7955,0.05007491,265.4081,265.4081,265.4081,331.7602,331.7602,6369.7955,0.05007491,1459.7448,1337.1644,5175.4588,5298.0391,0.04068586,0.04164951,0.00208645,29.8814,40.3832,2.3265,127.6001,7.3643,2446.2564,54.8462,43.4275,28.3160,5.1431,12.8578,28.9875,66.8604,128.5777,263.3173,7.8995,-2.6176,10.0,20.479237,2.324,28,180,56,8,0.15055597,0.05216136,0.11437665,0E-8,0.000000,0.905409,0.000000,-0.07324236,2026-03-22,2026-08-06,52,901,524,138,0.376812,1.533674,1.453326,0.501853,,,,,,,,GLOBAL_BASELINE_NO_ENTITY_RANKING,,,NOT_APPLICABLE_GLOBAL_BASELINE,HF9g-P5,,,,X 全窗基线 · 不参与实体赏罚,14191500,1420,A168_HF9F_20260827_0900,2026-08-27 09:00:00
2026-05-28,128173484,1210,0,5.1891443102,-2.5945721551,-2.5945721551,0E-7,2,2,0.50665070000000000,0.506650700000,-1.013391052207602,-1.013391052207602,-1.013391052207602,0E-17,ELIGIBLE,R03b_20260811_FULL_v1,L1_ELIGIBILITY,v2026-08-11,2026-03-21..2026-08-06,baccarat_bet02_101_all_pairs_incl_sentinel,round_win = game_pnl > 0 (decisive only),COMPATIBILITY_ONLY_NOT_PRODUCTION,127205.3315,115172.8122,6635.2036,4257,2852,-0.05216136,-0.11437665,-0.04113429,-0.05216136,-6635.2036,127205.3315,OK,0.0000,265.4081,4.0000,96.0000,AG03-UNRESOLVED,ALL5_LEVELS_bet23_to_bet27,265.4081,265.4081,265.4081,331.7602,331.7602,4.000000,4.000000,4.000000,5.000000,5.000000,96.000000,96.000000,96.000000,95.000000,95.000000,5.0,1459.7448,1337.1644,5175.4588,5298.0391,PENDING_AG03,FALSE,NOT_FOR_ENFORCEMENT,6369.7955,110565.8997,6635.2036,6369.7955,265.4081,0.05216136,0.05007491,265.4081,6369.7955,0.05007491,265.4081,265.4081,265.4081,331.7602,331.7602,6369.7955,0.05007491,1459.7448,1337.1644,5175.4588,5298.0391,0.04068586,0.04164951,0.00208645,29.8814,40.3832,2.3265,127.6001,7.3643,2446.2564,54.8462,43.4275,28.3160,5.1431,12.8578,28.9875,66.8604,128.5777,263.3173,7.8995,-2.6176,10.0,20.479237,2.324,28,180,56,8,0.15055597,0.05216136,0.11437665,0E-8,0.000000,0.905409,0.000000,-0.07324236,2026-03-22,2026-08-06,52,901,524,138,0.376812,1.533674,1.453326,0.501853,,,,,,,,GLOBAL_BASELINE_NO_ENTITY_RANKING,,,NOT_APPLICABLE_GLOBAL_BASELINE,HF9g-P5,,,,X 全窗基线 · 不参与实体赏罚,14191501,1420,A168_HF9F_20260827_0900,2026-08-27 09:00:00
2026-05-28,128173484,1304,0,18.6809195164,-12.9728607753,-12.9728607753,0E-7,2,2,0.49994810000000000,0.499948100000,-0.9998962053866608,-0.9998962053866608,-0.9998962053866608,0E-17,ELIGIBLE,R03b_20260811_FULL_v1,L1_ELIGIBILITY,v2026-08-11,2026-03-21..2026-08-06,baccarat_bet02_101_all_pairs_incl_sentinel,round_win = game_pnl > 0 (decisive only),COMPATIBILITY_ONLY_NOT_PRODUCTION,127205.3315,115172.8122,6635.2036,4257,2852,-0.05216136,-0.11437665,-0.04113429,-0.05216136,-6635.2036,127205.3315,OK,0.0000,265.4081,4.0000,96.0000,AG03-UNRESOLVED,ALL5_LEVELS_bet23_to_bet27,265.4081,265.4081,265.4081,331.7602,331.7602,4.000000,4.000000,4.000000,5.000000,5.000000,96.000000,96.000000,96.000000,95.000000,95.000000,5.0,1459.7448,1337.1644,5175.4588,5298.0391,PENDING_AG03,FALSE,NOT_FOR_ENFORCEMENT,6369.7955,110565.8997,6635.2036,6369.7955,265.4081,0.05216136,0.05007491,265.4081,6369.7955,0.05007491,265.4081,265.4081,265.4081,331.7602,331.7602,6369.7955,0.05007491,1459.7448,1337.1644,5175.4588,5298.0391,0.04068586,0.04164951,0.00208645,29.8814,40.3832,2.3265,127.6001,7.3643,2446.2564,54.8462,43.4275,28.3160,5.1431,12.8578,28.9875,66.8604,128.5777,263.3173,7.8995,-2.6176,10.0,20.479237,2.324,28,180,56,8,0.15055597,0.05216136,0.11437665,0E-8,0.000000,0.905409,0.000000,-0.07324236,2026-03-22,2026-08-06,52,901,524,138,0.376812,1.533674,1.453326,0.501853,,,,,,,,GLOBAL_BASELINE_NO_ENTITY_RANKING,,,NOT_APPLICABLE_GLOBAL_BASELINE,HF9g-P5,,,,X 全窗基线 · 不参与实体赏罚,14191502,1420,A168_HF9F_20260827_0900,2026-08-27 09:00:00
2026-05-28,128173484,1306,0,60.9724456438,-50.8536142391,-50.8536142391,0.5000000,3,2,0.42795804999907512,0.391963025000,0.20591402044981852,0.3129679521789244,0.20591402044981852,0.03599502499907512,ELIGIBLE,R03b_20260811_FULL_v1,L1_ELIGIBILITY,v2026-08-11,2026-03-21..2026-08-06,baccarat_bet02_101_all_pairs_incl_sentinel,round_win = game_pnl > 0 (decisive only),COMPATIBILITY_ONLY_NOT_PRODUCTION,127205.3315,115172.8122,6635.2036,4257,2852,-0.05216136,-0.11437665,-0.04113429,-0.05216136,-6635.2036,127205.3315,OK,0.0000,265.4081,4.0000,96.0000,AG03-UNRESOLVED,ALL5_LEVELS_bet23_to_bet27,265.4081,265.4081,265.4081,331.7602,331.7602,4.000000,4.000000,4.000000,5.000000,5.000000,96.000000,96.000000,96.000000,95.000000,95.000000,5.0,1459.7448,1337.1644,5175.4588,5298.0391,PENDING_AG03,FALSE,NOT_FOR_ENFORCEMENT,6369.7955,110565.8997,6635.2036,6369.7955,265.4081,0.05216136,0.05007491,265.4081,6369.7955,0.05007491,265.4081,265.4081,265.4081,331.7602,331.7602,6369.7955,0.05007491,1459.7448,1337.1644,5175.4588,5298.0391,0.04068586,0.04164951,0.00208645,29.8814,40.3832,2.3265,127.6001,7.3643,2446.2564,54.8462,43.4275,28.3160,5.1431,12.8578,28.9875,66.8604,128.5777,263.3173,7.8995,-2.6176,10.0,20.479237,2.324,28,180,56,8,0.15055597,0.05216136,0.11437665,0E-8,0.000000,0.905409,0.000000,-0.07324236,2026-03-22,2026-08-06,52,901,524,138,0.376812,1.533674,1.453326,0.501853,,,,,,,,GLOBAL_BASELINE_NO_ENTITY_RANKING,,,NOT_APPLICABLE_GLOBAL_BASELINE,HF9g-P5,,,,X 全窗基线 · 不参与实体赏罚,14191503,1420,A168_HF9F_20260827_0900,2026-08-27 09:00:00
2026-05-28,128173484,1318,0,10.3782886202,-0.2594572155,-0.2594572155,0.5000000,2,2,0.49994810000000000,0.499948100000,0.00014679536856514622,0.00014679536856514622,0.00014679536856514622,0E-17,ELIGIBLE,R03b_20260811_FULL_v1,L1_ELIGIBILITY,v2026-08-11,2026-03-21..2026-08-06,baccarat_bet02_101_all_pairs_incl_sentinel,round_win = game_pnl > 0 (decisive only),COMPATIBILITY_ONLY_NOT_PRODUCTION,127205.3315,115172.8122,6635.2036,4257,2852,-0.05216136,-0.11437665,-0.04113429,-0.05216136,-6635.2036,127205.3315,OK,0.0000,265.4081,4.0000,96.0000,AG03-UNRESOLVED,ALL5_LEVELS_bet23_to_bet27,265.4081,265.4081,265.4081,331.7602,331.7602,4.000000,4.000000,4.000000,5.000000,5.000000,96.000000,96.000000,96.000000,95.000000,95.000000,5.0,1459.7448,1337.1644,5175.4588,5298.0391,PENDING_AG03,FALSE,NOT_FOR_ENFORCEMENT,6369.7955,110565.8997,6635.2036,6369.7955,265.4081,0.05216136,0.05007491,265.4081,6369.7955,0.05007491,265.4081,265.4081,265.4081,331.7602,331.7602,6369.7955,0.05007491,1459.7448,1337.1644,5175.4588,5298.0391,0.04068586,0.04164951,0.00208645,29.8814,40.3832,2.3265,127.6001,7.3643,2446.2564,54.8462,43.4275,28.3160,5.1431,12.8578,28.9875,66.8604,128.5777,263.3173,7.8995,-2.6176,10.0,20.479237,2.324,28,180,56,8,0.15055597,0.05216136,0.11437665,0E-8,0.000000,0.905409,0.000000,-0.07324236,2026-03-22,2026-08-06,52,901,524,138,0.376812,1.533674,1.453326,0.501853,,,,,,,,GLOBAL_BASELINE_NO_ENTITY_RANKING,,,NOT_APPLICABLE_GLOBAL_BASELINE,HF9g-P5,,,,X 全窗基线 · 不参与实体赏罚,14191504,1420,A168_HF9F_20260827_0900,2026-08-27 09:00:00
2026-05-28,128173484,1490,0,8.5620881117,-8.5620881117,-8.5620881117,0E-7,2,1,0.34432879999897917,0.300626750000,-0.7246755696071114,-0.655630731788307,-0.7246755696071114,0.04370204999897917,ELIGIBLE,R03b_20260811_FULL_v1,L1_ELIGIBILITY,v2026-08-11,2026-03-21..2026-08-06,baccarat_bet02_101_all_pairs_incl_sentinel,round_win = game_pnl > 0 (decisive only),COMPATIBILITY_ONLY_NOT_PRODUCTION,127205.3315,115172.8122,6635.2036,4257,2852,-0.05216136,-0.11437665,-0.04113429,-0.05216136,-6635.2036,127205.3315,OK,0.0000,265.4081,4.0000,96.0000,AG03-UNRESOLVED,ALL5_LEVELS_bet23_to_bet27,265.4081,265.4081,265.4081,331.7602,331.7602,4.000000,4.000000,4.000000,5.000000,5.000000,96.000000,96.000000,96.000000,95.000000,95.000000,5.0,1459.7448,1337.1644,5175.4588,5298.0391,PENDING_AG03,FALSE,NOT_FOR_ENFORCEMENT,6369.7955,110565.8997,6635.2036,6369.7955,265.4081,0.05216136,0.05007491,265.4081,6369.7955,0.05007491,265.4081,265.4081,265.4081,331.7602,331.7602,6369.7955,0.05007491,1459.7448,1337.1644,5175.4588,5298.0391,0.04068586,0.04164951,0.00208645,29.8814,40.3832,2.3265,127.6001,7.3643,2446.2564,54.8462,43.4275,28.3160,5.1431,12.8578,28.9875,66.8604,128.5777,263.3173,7.8995,-2.6176,10.0,20.479237,2.324,28,180,56,8,0.15055597,0.05216136,0.11437665,0E-8,0.000000,0.905409,0.000000,-0.07324236,2026-03-22,2026-08-06,52,901,524,138,0.376812,1.533674,1.453326,0.501853,,,,,,,,GLOBAL_BASELINE_NO_ENTITY_RANKING,,,NOT_APPLICABLE_GLOBAL_BASELINE,HF9g-P5,,,,X 全窗基线 · 不参与实体赏罚,14191505,1420,A168_HF9F_20260827_0900,2026-08-27 09:00:00
2026-05-28,128173484,1645,0,2.5945721551,2.5945721551,2.5945721551,1.0000000,1,1,0.49324550000000000,0.493245500000,1.01360149184955,1.01360149184955,1.01360149184955,0E-17,ELIGIBLE,R03b_20260811_FULL_v1,L1_ELIGIBILITY,v2026-08-11,2026-03-21..2026-08-06,baccarat_bet02_101_all_pairs_incl_sentinel,round_win = game_pnl > 0 (decisive only),COMPATIBILITY_ONLY_NOT_PRODUCTION,127205.3315,115172.8122,6635.2036,4257,2852,-0.05216136,-0.11437665,-0.04113429,-0.05216136,-6635.2036,127205.3315,OK,0.0000,265.4081,4.0000,96.0000,AG03-UNRESOLVED,ALL5_LEVELS_bet23_to_bet27,265.4081,265.4081,265.4081,331.7602,331.7602,4.000000,4.000000,4.000000,5.000000,5.000000,96.000000,96.000000,96.000000,95.000000,95.000000,5.0,1459.7448,1337.1644,5175.4588,5298.0391,PENDING_AG03,FALSE,NOT_FOR_ENFORCEMENT,6369.7955,110565.8997,6635.2036,6369.7955,265.4081,0.05216136,0.05007491,265.4081,6369.7955,0.05007491,265.4081,265.4081,265.4081,331.7602,331.7602,6369.7955,0.05007491,1459.7448,1337.1644,5175.4588,5298.0391,0.04068586,0.04164951,0.00208645,29.8814,40.3832,2.3265,127.6001,7.3643,2446.2564,54.8462,43.4275,28.3160,5.1431,12.8578,28.9875,66.8604,128.5777,263.3173,7.8995,-2.6176,10.0,20.479237,2.324,28,180,56,8,0.15055597,0.05216136,0.11437665,0E-8,0.000000,0.905409,0.000000,-0.07324236,2026-03-22,2026-08-06,52,901,524,138,0.376812,1.533674,1.453326,0.501853,,,,,,,,GLOBAL_BASELINE_NO_ENTITY_RANKING,,,NOT_APPLICABLE_GLOBAL_BASELINE,HF9g-P5,,,,X 全窗基线 · 不参与实体赏罚,14191506,1420,A168_HF9F_20260827_0900,2026-08-27 09:00:00
2026-05-28,128173484,1990,0,15.5674329304,4.6702298790,4.6702298790,0.6666667,4,3,0.45418893333271675,0.430192250000,0.7391534521189582,0.8272739006809972,0.7391534521189582,0.02399668333271675,ELIGIBLE,R03b_20260811_FULL_v1,L1_ELIGIBILITY,v2026-08-11,2026-03-21..2026-08-06,baccarat_bet02_101_all_pairs_incl_sentinel,round_win = game_pnl > 0 (decisive only),COMPATIBILITY_ONLY_NOT_PRODUCTION,127205.3315,115172.8122,6635.2036,4257,2852,-0.05216136,-0.11437665,-0.04113429,-0.05216136,-6635.2036,127205.3315,OK,0.0000,265.4081,4.0000,96.0000,AG03-UNRESOLVED,ALL5_LEVELS_bet23_to_bet27,265.4081,265.4081,265.4081,331.7602,331.7602,4.000000,4.000000,4.000000,5.000000,5.000000,96.000000,96.000000,96.000000,95.000000,95.000000,5.0,1459.7448,1337.1644,5175.4588,5298.0391,PENDING_AG03,FALSE,NOT_FOR_ENFORCEMENT,6369.7955,110565.8997,6635.2036,6369.7955,265.4081,0.05216136,0.05007491,265.4081,6369.7955,0.05007491,265.4081,265.4081,265.4081,331.7602,331.7602,6369.7955,0.05007491,1459.7448,1337.1644,5175.4588,5298.0391,0.04068586,0.04164951,0.00208645,29.8814,40.3832,2.3265,127.6001,7.3643,2446.2564,54.8462,43.4275,28.3160,5.1431,12.8578,28.9875,66.8604,128.5777,263.3173,7.8995,-2.6176,10.0,20.479237,2.324,28,180,56,8,0.15055597,0.05216136,0.11437665,0E-8,0.000000,0.905409,0.000000,-0.07324236,2026-03-22,2026-08-06,52,901,524,138,0.376812,1.533674,1.453326,0.501853,,,,,,,,GLOBAL_BASELINE_NO_ENTITY_RANKING,,,NOT_APPLICABLE_GLOBAL_BASELINE,HF9g-P5,,,,X 全窗基线 · 不参与实体赏罚,14191507,1420,A168_HF9F_20260827_0900,2026-08-27 09:00:00
2026-05-28,128173484,2123,0,63.5670177989,12.9728607752,12.9728607752,0.5000000,6,4,0.46655034293449416,0.395260475000,0.13409904613325072,0.4284643812454088,0.13409904613325072,0.07128986793449416,ELIGIBLE,R03b_20260811_FULL_v1,L1_ELIGIBILITY,v2026-08-11,2026-03-21..2026-08-06,baccarat_bet02_101_all_pairs_incl_sentinel,round_win = game_pnl > 0 (decisive only),COMPATIBILITY_ONLY_NOT_PRODUCTION,127205.3315,115172.8122,6635.2036,4257,2852,-0.05216136,-0.11437665,-0.04113429,-0.05216136,-6635.2036,127205.3315,OK,0.0000,265.4081,4.0000,96.0000,AG03-UNRESOLVED,ALL5_LEVELS_bet23_to_bet27,265.4081,265.4081,265.4081,331.7602,331.7602,4.000000,4.000000,4.000000,5.000000,5.000000,96.000000,96.000000,96.000000,95.000000,95.000000,5.0,1459.7448,1337.1644,5175.4588,5298.0391,PENDING_AG03,FALSE,NOT_FOR_ENFORCEMENT,6369.7955,110565.8997,6635.2036,6369.7955,265.4081,0.05216136,0.05007491,265.4081,6369.7955,0.05007491,265.4081,265.4081,265.4081,331.7602,331.7602,6369.7955,0.05007491,1459.7448,1337.1644,5175.4588,5298.0391,0.04068586,0.04164951,0.00208645,29.8814,40.3832,2.3265,127.6001,7.3643,2446.2564,54.8462,43.4275,28.3160,5.1431,12.8578,28.9875,66.8604,128.5777,263.3173,7.8995,-2.6176,10.0,20.479237,2.324,28,180,56,8,0.15055597,0.05216136,0.11437665,0E-8,0.000000,0.905409,0.000000,-0.07324236,2026-03-22,2026-08-06,52,901,524,138,0.376812,1.533674,1.453326,0.501853,,,,,,,,GLOBAL_BASELINE_NO_ENTITY_RANKING,,,NOT_APPLICABLE_GLOBAL_BASELINE,HF9g-P5,,,,X 全窗基线 · 不参与实体赏罚,14191508,1420,A168_HF9F_20260827_0900,2026-08-27 09:00:00
2026-05-28,128173484,2127,0,2.5945721551,2.4648435473,2.4648435473,1.0000000,1,1,0.50665070000000000,0.506650700000,0.9867858985152569,0.9867858985152569,0.9867858985152569,0E-17,ELIGIBLE,R03b_20260811_FULL_v1,L1_ELIGIBILITY,v2026-08-11,2026-03-21..2026-08-06,baccarat_bet02_101_all_pairs_incl_sentinel,round_win = game_pnl > 0 (decisive only),COMPATIBILITY_ONLY_NOT_PRODUCTION,127205.3315,115172.8122,6635.2036,4257,2852,-0.05216136,-0.11437665,-0.04113429,-0.05216136,-6635.2036,127205.3315,OK,0.0000,265.4081,4.0000,96.0000,AG03-UNRESOLVED,ALL5_LEVELS_bet23_to_bet27,265.4081,265.4081,265.4081,331.7602,331.7602,4.000000,4.000000,4.000000,5.000000,5.000000,96.000000,96.000000,96.000000,95.000000,95.000000,5.0,1459.7448,1337.1644,5175.4588,5298.0391,PENDING_AG03,FALSE,NOT_FOR_ENFORCEMENT,6369.7955,110565.8997,6635.2036,6369.7955,265.4081,0.05216136,0.05007491,265.4081,6369.7955,0.05007491,265.4081,265.4081,265.4081,331.7602,331.7602,6369.7955,0.05007491,1459.7448,1337.1644,5175.4588,5298.0391,0.04068586,0.04164951,0.00208645,29.8814,40.3832,2.3265,127.6001,7.3643,2446.2564,54.8462,43.4275,28.3160,5.1431,12.8578,28.9875,66.8604,128.5777,263.3173,7.8995,-2.6176,10.0,20.479237,2.324,28,180,56,8,0.15055597,0.05216136,0.11437665,0E-8,0.000000,0.905409,0.000000,-0.07324236,2026-03-22,2026-08-06,52,901,524,138,0.376812,1.533674,1.453326,0.501853,,,,,,,,GLOBAL_BASELINE_NO_ENTITY_RANKING,,,NOT_APPLICABLE_GLOBAL_BASELINE,HF9g-P5,,,,X 全窗基线 · 不参与实体赏罚,14191509,1420,A168_HF9F_20260827_0900,2026-08-27 09:00:00
2026-05-28,128173484,2142,0,8.5620881118,4.9296870946,4.9296870946,1.0000000,3,3,0.50665070000000000,0.506650700000,1.3955260008387969,1.3955260008387969,1.3955260008387969,0E-17,ELIGIBLE,R03b_20260811_FULL_v1,L1_ELIGIBILITY,v2026-08-11,2026-03-21..2026-08-06,baccarat_bet02_101_all_pairs_incl_sentinel,round_win = game_pnl > 0 (decisive only),COMPATIBILITY_ONLY_NOT_PRODUCTION,127205.3315,115172.8122,6635.2036,4257,2852,-0.05216136,-0.11437665,-0.04113429,-0.05216136,-6635.2036,127205.3315,OK,0.0000,265.4081,4.0000,96.0000,AG03-UNRESOLVED,ALL5_LEVELS_bet23_to_bet27,265.4081,265.4081,265.4081,331.7602,331.7602,4.000000,4.000000,4.000000,5.000000,5.000000,96.000000,96.000000,96.000000,95.000000,95.000000,5.0,1459.7448,1337.1644,5175.4588,5298.0391,PENDING_AG03,FALSE,NOT_FOR_ENFORCEMENT,6369.7955,110565.8997,6635.2036,6369.7955,265.4081,0.05216136,0.05007491,265.4081,6369.7955,0.05007491,265.4081,265.4081,265.4081,331.7602,331.7602,6369.7955,0.05007491,1459.7448,1337.1644,5175.4588,5298.0391,0.04068586,0.04164951,0.00208645,29.8814,40.3832,2.3265,127.6001,7.3643,2446.2564,54.8462,43.4275,28.3160,5.1431,12.8578,28.9875,66.8604,128.5777,263.3173,7.8995,-2.6176,10.0,20.479237,2.324,28,180,56,8,0.15055597,0.05216136,0.11437665,0E-8,0.000000,0.905409,0.000000,-0.07324236,2026-03-22,2026-08-06,52,901,524,138,0.376812,1.533674,1.453326,0.501853,,,,,,,,GLOBAL_BASELINE_NO_ENTITY_RANKING,,,NOT_APPLICABLE_GLOBAL_BASELINE,HF9g-P5,,,,X 全窗基线 · 不参与实体赏罚,14191510,1420,A168_HF9F_20260827_0900,2026-08-27 09:00:00
2026-05-28,128173484,2147,0,6.4864303876,6.1621088682,6.1621088682,1.0000000,1,1,0.50665070000000000,0.506650700000,0.9867858985152569,0.9867858985152569,0.9867858985152569,0E-17,ELIGIBLE,R03b_20260811_FULL_v1,L1_ELIGIBILITY,v2026-08-11,2026-03-21..2026-08-06,baccarat_bet02_101_all_pairs_incl_sentinel,round_win = game_pnl > 0 (decisive only),COMPATIBILITY_ONLY_NOT_PRODUCTION,127205.3315,115172.8122,6635.2036,4257,2852,-0.05216136,-0.11437665,-0.04113429,-0.05216136,-6635.2036,127205.3315,OK,0.0000,265.4081,4.0000,96.0000,AG03-UNRESOLVED,ALL5_LEVELS_bet23_to_bet27,265.4081,265.4081,265.4081,331.7602,331.7602,4.000000,4.000000,4.000000,5.000000,5.000000,96.000000,96.000000,96.000000,95.000000,95.000000,5.0,1459.7448,1337.1644,5175.4588,5298.0391,PENDING_AG03,FALSE,NOT_FOR_ENFORCEMENT,6369.7955,110565.8997,6635.2036,6369.7955,265.4081,0.05216136,0.05007491,265.4081,6369.7955,0.05007491,265.4081,265.4081,265.4081,331.7602,331.7602,6369.7955,0.05007491,1459.7448,1337.1644,5175.4588,5298.0391,0.04068586,0.04164951,0.00208645,29.8814,40.3832,2.3265,127.6001,7.3643,2446.2564,54.8462,43.4275,28.3160,5.1431,12.8578,28.9875,66.8604,128.5777,263.3173,7.8995,-2.6176,10.0,20.479237,2.324,28,180,56,8,0.15055597,0.05216136,0.11437665,0E-8,0.000000,0.905409,0.000000,-0.07324236,2026-03-22,2026-08-06,52,901,524,138,0.376812,1.533674,1.453326,0.501853,,,,,,,,GLOBAL_BASELINE_NO_ENTITY_RANKING,,,NOT_APPLICABLE_GLOBAL_BASELINE,HF9g-P5,,,,X 全窗基线 · 不参与实体赏罚,14191511,1420,A168_HF9F_20260827_0900,2026-08-27 09:00:00
2026-05-28,128173484,2153,0,12.9728607753,12.3242177365,12.3242177365,1.0000000,1,1,0.50665070000000000,0.506650700000,0.9867858985152569,0.9867858985152569,0.9867858985152569,0E-17,ELIGIBLE,R03b_20260811_FULL_v1,L1_ELIGIBILITY,v2026-08-11,2026-03-21..2026-08-06,baccarat_bet02_101_all_pairs_incl_sentinel,round_win = game_pnl > 0 (decisive only),COMPATIBILITY_ONLY_NOT_PRODUCTION,127205.3315,115172.8122,6635.2036,4257,2852,-0.05216136,-0.11437665,-0.04113429,-0.05216136,-6635.2036,127205.3315,OK,0.0000,265.4081,4.0000,96.0000,AG03-UNRESOLVED,ALL5_LEVELS_bet23_to_bet27,265.4081,265.4081,265.4081,331.7602,331.7602,4.000000,4.000000,4.000000,5.000000,5.000000,96.000000,96.000000,96.000000,95.000000,95.000000,5.0,1459.7448,1337.1644,5175.4588,5298.0391,PENDING_AG03,FALSE,NOT_FOR_ENFORCEMENT,6369.7955,110565.8997,6635.2036,6369.7955,265.4081,0.05216136,0.05007491,265.4081,6369.7955,0.05007491,265.4081,265.4081,265.4081,331.7602,331.7602,6369.7955,0.05007491,1459.7448,1337.1644,5175.4588,5298.0391,0.04068586,0.04164951,0.00208645,29.8814,40.3832,2.3265,127.6001,7.3643,2446.2564,54.8462,43.4275,28.3160,5.1431,12.8578,28.9875,66.8604,128.5777,263.3173,7.8995,-2.6176,10.0,20.479237,2.324,28,180,56,8,0.15055597,0.05216136,0.11437665,0E-8,0.000000,0.905409,0.000000,-0.07324236,2026-03-22,2026-08-06,52,901,524,138,0.376812,1.533674,1.453326,0.501853,,,,,,,,GLOBAL_BASELINE_NO_ENTITY_RANKING,,,NOT_APPLICABLE_GLOBAL_BASELINE,HF9g-P5,,,,X 全窗基线 · 不参与实体赏罚,14191512,1420,A168_HF9F_20260827_0900,2026-08-27 09:00:00
2026-05-28,128173484,2155,0,2.5945721551,-2.5945721551,-2.5945721551,0E-7,1,1,0.49324550000000000,0.493245500000,-0.9865810262130424,-0.9865810262130424,-0.9865810262130424,0E-17,ELIGIBLE,R03b_20260811_FULL_v1,L1_ELIGIBILITY,v2026-08-11,2026-03-21..2026-08-06,baccarat_bet02_101_all_pairs_incl_sentinel,round_win = game_pnl > 0 (decisive only),COMPATIBILITY_ONLY_NOT_PRODUCTION,127205.3315,115172.8122,6635.2036,4257,2852,-0.05216136,-0.11437665,-0.04113429,-0.05216136,-6635.2036,127205.3315,OK,0.0000,265.4081,4.0000,96.0000,AG03-UNRESOLVED,ALL5_LEVELS_bet23_to_bet27,265.4081,265.4081,265.4081,331.7602,331.7602,4.000000,4.000000,4.000000,5.000000,5.000000,96.000000,96.000000,96.000000,95.000000,95.000000,5.0,1459.7448,1337.1644,5175.4588,5298.0391,PENDING_AG03,FALSE,NOT_FOR_ENFORCEMENT,6369.7955,110565.8997,6635.2036,6369.7955,265.4081,0.05216136,0.05007491,265.4081,6369.7955,0.05007491,265.4081,265.4081,265.4081,331.7602,331.7602,6369.7955,0.05007491,1459.7448,1337.1644,5175.4588,5298.0391,0.04068586,0.04164951,0.00208645,29.8814,40.3832,2.3265,127.6001,7.3643,2446.2564,54.8462,43.4275,28.3160,5.1431,12.8578,28.9875,66.8604,128.5777,263.3173,7.8995,-2.6176,10.0,20.479237,2.324,28,180,56,8,0.15055597,0.05216136,0.11437665,0E-8,0.000000,0.905409,0.000000,-0.07324236,2026-03-22,2026-08-06,52,901,524,138,0.376812,1.533674,1.453326,0.501853,,,,,,,,GLOBAL_BASELINE_NO_ENTITY_RANKING,,,NOT_APPLICABLE_GLOBAL_BASELINE,HF9g-P5,,,,X 全窗基线 · 不参与实体赏罚,14191513,1420,A168_HF9F_20260827_0900,2026-08-27 09:00:00
2026-05-28,128173484,2212,0,12.9728607753,-12.9728607753,-12.9728607753,0E-7,3,3,0.50218230000000000,0.502182300000,-1.7396270863184011,-1.7396270863184016,-1.7396270863184011,0E-17,ELIGIBLE,R03b_20260811_FULL_v1,L1_ELIGIBILITY,v2026-08-11,2026-03-21..2026-08-06,baccarat_bet02_101_all_pairs_incl_sentinel,round_win = game_pnl > 0 (decisive only),COMPATIBILITY_ONLY_NOT_PRODUCTION,127205.3315,115172.8122,6635.2036,4257,2852,-0.05216136,-0.11437665,-0.04113429,-0.05216136,-6635.2036,127205.3315,OK,0.0000,265.4081,4.0000,96.0000,AG03-UNRESOLVED,ALL5_LEVELS_bet23_to_bet27,265.4081,265.4081,265.4081,331.7602,331.7602,4.000000,4.000000,4.000000,5.000000,5.000000,96.000000,96.000000,96.000000,95.000000,95.000000,5.0,1459.7448,1337.1644,5175.4588,5298.0391,PENDING_AG03,FALSE,NOT_FOR_ENFORCEMENT,6369.7955,110565.8997,6635.2036,6369.7955,265.4081,0.05216136,0.05007491,265.4081,6369.7955,0.05007491,265.4081,265.4081,265.4081,331.7602,331.7602,6369.7955,0.05007491,1459.7448,1337.1644,5175.4588,5298.0391,0.04068586,0.04164951,0.00208645,29.8814,40.3832,2.3265,127.6001,7.3643,2446.2564,54.8462,43.4275,28.3160,5.1431,12.8578,28.9875,66.8604,128.5777,263.3173,7.8995,-2.6176,10.0,20.479237,2.324,28,180,56,8,0.15055597,0.05216136,0.11437665,0E-8,0.000000,0.905409,0.000000,-0.07324236,2026-03-22,2026-08-06,52,901,524,138,0.376812,1.533674,1.453326,0.501853,,,,,,,,GLOBAL_BASELINE_NO_ENTITY_RANKING,,,NOT_APPLICABLE_GLOBAL_BASELINE,HF9g-P5,,,,X 全窗基线 · 不参与实体赏罚,14191514,1420,A168_HF9F_20260827_0900,2026-08-27 09:00:00
2026-05-28,128173484,2229,0,2.5945721551,-2.5945721551,-2.5945721551,0E-7,1,1,0.50665070000000000,0.506650700000,-1.013391052207602,-1.013391052207602,-1.013391052207602,0E-17,ELIGIBLE,R03b_20260811_FULL_v1,L1_ELIGIBILITY,v2026-08-11,2026-03-21..2026-08-06,baccarat_bet02_101_all_pairs_incl_sentinel,round_win = game_pnl > 0 (decisive only),COMPATIBILITY_ONLY_NOT_PRODUCTION,127205.3315,115172.8122,6635.2036,4257,2852,-0.05216136,-0.11437665,-0.04113429,-0.05216136,-6635.2036,127205.3315,OK,0.0000,265.4081,4.0000,96.0000,AG03-UNRESOLVED,ALL5_LEVELS_bet23_to_bet27,265.4081,265.4081,265.4081,331.7602,331.7602,4.000000,4.000000,4.000000,5.000000,5.000000,96.000000,96.000000,96.000000,95.000000,95.000000,5.0,1459.7448,1337.1644,5175.4588,5298.0391,PENDING_AG03,FALSE,NOT_FOR_ENFORCEMENT,6369.7955,110565.8997,6635.2036,6369.7955,265.4081,0.05216136,0.05007491,265.4081,6369.7955,0.05007491,265.4081,265.4081,265.4081,331.7602,331.7602,6369.7955,0.05007491,1459.7448,1337.1644,5175.4588,5298.0391,0.04068586,0.04164951,0.00208645,29.8814,40.3832,2.3265,127.6001,7.3643,2446.2564,54.8462,43.4275,28.3160,5.1431,12.8578,28.9875,66.8604,128.5777,263.3173,7.8995,-2.6176,10.0,20.479237,2.324,28,180,56,8,0.15055597,0.05216136,0.11437665,0E-8,0.000000,0.905409,0.000000,-0.07324236,2026-03-22,2026-08-06,52,901,524,138,0.376812,1.533674,1.453326,0.501853,,,,,,,,GLOBAL_BASELINE_NO_ENTITY_RANKING,,,NOT_APPLICABLE_GLOBAL_BASELINE,HF9g-P5,,,,X 全窗基线 · 不参与实体赏罚,14191515,1420,A168_HF9F_20260827_0900,2026-08-27 09:00:00
2026-05-28,128173484,2234,0,10.3782886203,-0.2594572156,-0.2594572156,0.5000000,3,2,0.43466064999907512,0.398665625000,0.1864060644692441,0.2926910081793089,0.1864060644692441,0.03599502499907512,ELIGIBLE,R03b_20260811_FULL_v1,L1_ELIGIBILITY,v2026-08-11,2026-03-21..2026-08-06,baccarat_bet02_101_all_pairs_incl_sentinel,round_win = game_pnl > 0 (decisive only),COMPATIBILITY_ONLY_NOT_PRODUCTION,127205.3315,115172.8122,6635.2036,4257,2852,-0.05216136,-0.11437665,-0.04113429,-0.05216136,-6635.2036,127205.3315,OK,0.0000,265.4081,4.0000,96.0000,AG03-UNRESOLVED,ALL5_LEVELS_bet23_to_bet27,265.4081,265.4081,265.4081,331.7602,331.7602,4.000000,4.000000,4.000000,5.000000,5.000000,96.000000,96.000000,96.000000,95.000000,95.000000,5.0,1459.7448,1337.1644,5175.4588,5298.0391,PENDING_AG03,FALSE,NOT_FOR_ENFORCEMENT,6369.7955,110565.8997,6635.2036,6369.7955,265.4081,0.05216136,0.05007491,265.4081,6369.7955,0.05007491,265.4081,265.4081,265.4081,331.7602,331.7602,6369.7955,0.05007491,1459.7448,1337.1644,5175.4588,5298.0391,0.04068586,0.04164951,0.00208645,29.8814,40.3832,2.3265,127.6001,7.3643,2446.2564,54.8462,43.4275,28.3160,5.1431,12.8578,28.9875,66.8604,128.5777,263.3173,7.8995,-2.6176,10.0,20.479237,2.324,28,180,56,8,0.15055597,0.05216136,0.11437665,0E-8,0.000000,0.905409,0.000000,-0.07324236,2026-03-22,2026-08-06,52,901,524,138,0.376812,1.533674,1.453326,0.501853,,,,,,,,GLOBAL_BASELINE_NO_ENTITY_RANKING,,,NOT_APPLICABLE_GLOBAL_BASELINE,HF9g-P5,,,,X 全窗基线 · 不参与实体赏罚,14191516,1420,A168_HF9F_20260827_0900,2026-08-27 09:00:00
2026-05-28,128173484,2256,0,12.9728607753,-7.9134450729,-7.9134450729,0.3333333,3,3,0.49771390000000000,0.497713900000,-0.5694369385616226,-0.5694369385616226,-0.5694369385616226,0E-17,ELIGIBLE,R03b_20260811_FULL_v1,L1_ELIGIBILITY,v2026-08-11,2026-03-21..2026-08-06,baccarat_bet02_101_all_pairs_incl_sentinel,round_win = game_pnl > 0 (decisive only),COMPATIBILITY_ONLY_NOT_PRODUCTION,127205.3315,115172.8122,6635.2036,4257,2852,-0.05216136,-0.11437665,-0.04113429,-0.05216136,-6635.2036,127205.3315,OK,0.0000,265.4081,4.0000,96.0000,AG03-UNRESOLVED,ALL5_LEVELS_bet23_to_bet27,265.4081,265.4081,265.4081,331.7602,331.7602,4.000000,4.000000,4.000000,5.000000,5.000000,96.000000,96.000000,96.000000,95.000000,95.000000,5.0,1459.7448,1337.1644,5175.4588,5298.0391,PENDING_AG03,FALSE,NOT_FOR_ENFORCEMENT,6369.7955,110565.8997,6635.2036,6369.7955,265.4081,0.05216136,0.05007491,265.4081,6369.7955,0.05007491,265.4081,265.4081,265.4081,331.7602,331.7602,6369.7955,0.05007491,1459.7448,1337.1644,5175.4588,5298.0391,0.04068586,0.04164951,0.00208645,29.8814,40.3832,2.3265,127.6001,7.3643,2446.2564,54.8462,43.4275,28.3160,5.1431,12.8578,28.9875,66.8604,128.5777,263.3173,7.8995,-2.6176,10.0,20.479237,2.324,28,180,56,8,0.15055597,0.05216136,0.11437665,0E-8,0.000000,0.905409,0.000000,-0.07324236,2026-03-22,2026-08-06,52,901,524,138,0.376812,1.533674,1.453326,0.501853,,,,,,,,GLOBAL_BASELINE_NO_ENTITY_RANKING,,,NOT_APPLICABLE_GLOBAL_BASELINE,HF9g-P5,,,,X 全窗基线 · 不参与实体赏罚,14191517,1420,A168_HF9F_20260827_0900,2026-08-27 09:00:00
2026-05-28,128173484,2258,0,3.3729438016,3.2042966115,3.2042966115,1.0000000,1,1,0.50665070000000000,0.506650700000,0.9867858985152569,0.9867858985152569,0.9867858985152569,0E-17,ELIGIBLE,R03b_20260811_FULL_v1,L1_ELIGIBILITY,v2026-08-11,2026-03-21..2026-08-06,baccarat_bet02_101_all_pairs_incl_sentinel,round_win = game_pnl > 0 (decisive only),COMPATIBILITY_ONLY_NOT_PRODUCTION,127205.3315,115172.8122,6635.2036,4257,2852,-0.05216136,-0.11437665,-0.04113429,-0.05216136,-6635.2036,127205.3315,OK,0.0000,265.4081,4.0000,96.0000,AG03-UNRESOLVED,ALL5_LEVELS_bet23_to_bet27,265.4081,265.4081,265.4081,331.7602,331.7602,4.000000,4.000000,4.000000,5.000000,5.000000,96.000000,96.000000,96.000000,95.000000,95.000000,5.0,1459.7448,1337.1644,5175.4588,5298.0391,PENDING_AG03,FALSE,NOT_FOR_ENFORCEMENT,6369.7955,110565.8997,6635.2036,6369.7955,265.4081,0.05216136,0.05007491,265.4081,6369.7955,0.05007491,265.4081,265.4081,265.4081,331.7602,331.7602,6369.7955,0.05007491,1459.7448,1337.1644,5175.4588,5298.0391,0.04068586,0.04164951,0.00208645,29.8814,40.3832,2.3265,127.6001,7.3643,2446.2564,54.8462,43.4275,28.3160,5.1431,12.8578,28.9875,66.8604,128.5777,263.3173,7.8995,-2.6176,10.0,20.479237,2.324,28,180,56,8,0.15055597,0.05216136,0.11437665,0E-8,0.000000,0.905409,0.000000,-0.07324236,2026-03-22,2026-08-06,52,901,524,138,0.376812,1.533674,1.453326,0.501853,,,,,,,,GLOBAL_BASELINE_NO_ENTITY_RANKING,,,NOT_APPLICABLE_GLOBAL_BASELINE,HF9g-P5,,,,X 全窗基线 · 不参与实体赏罚,14191518,1420,A168_HF9F_20260827_0900,2026-08-27 09:00:00
2026-05-28,128173484,583,0,5.1891443101,-5.1891443101,-5.1891443101,0E-7,1,1,0.49324550000000000,0.493245500000,-0.9865810262130424,-0.9865810262130424,-0.9865810262130424,0E-17,ELIGIBLE,R03b_20260811_FULL_v1,L1_ELIGIBILITY,v2026-08-11,2026-03-21..2026-08-06,baccarat_bet02_101_all_pairs_incl_sentinel,round_win = game_pnl > 0 (decisive only),COMPATIBILITY_ONLY_NOT_PRODUCTION,127205.3315,115172.8122,6635.2036,4257,2852,-0.05216136,-0.11437665,-0.04113429,-0.05216136,-6635.2036,127205.3315,OK,0.0000,265.4081,4.0000,96.0000,AG03-UNRESOLVED,ALL5_LEVELS_bet23_to_bet27,265.4081,265.4081,265.4081,331.7602,331.7602,4.000000,4.000000,4.000000,5.000000,5.000000,96.000000,96.000000,96.000000,95.000000,95.000000,5.0,1459.7448,1337.1644,5175.4588,5298.0391,PENDING_AG03,FALSE,NOT_FOR_ENFORCEMENT,6369.7955,110565.8997,6635.2036,6369.7955,265.4081,0.05216136,0.05007491,265.4081,6369.7955,0.05007491,265.4081,265.4081,265.4081,331.7602,331.7602,6369.7955,0.05007491,1459.7448,1337.1644,5175.4588,5298.0391,0.04068586,0.04164951,0.00208645,29.8814,40.3832,2.3265,127.6001,7.3643,2446.2564,54.8462,43.4275,28.3160,5.1431,12.8578,28.9875,66.8604,128.5777,263.3173,7.8995,-2.6176,10.0,20.479237,2.324,28,180,56,8,0.15055597,0.05216136,0.11437665,0E-8,0.000000,0.905409,0.000000,-0.07324236,2026-03-22,2026-08-06,52,901,524,138,0.376812,1.533674,1.453326,0.501853,,,,,,,,GLOBAL_BASELINE_NO_ENTITY_RANKING,,,NOT_APPLICABLE_GLOBAL_BASELINE,HF9g-P5,,,,X 全窗基线 · 不参与实体赏罚,14191519,1420,A168_HF9F_20260827_0900,2026-08-27 09:00:00
2026-05-28,128173484,970,0,7.7837164652,2.5945721550,2.5945721550,1.0000000,2,1,0.35372576666487421,0.283965900000,1.3516836864391488,1.587938788024013,1.3516836864391488,0.06975986666487421,ELIGIBLE,R03b_20260811_FULL_v1,L1_ELIGIBILITY,v2026-08-11,2026-03-21..2026-08-06,baccarat_bet02_101_all_pairs_incl_sentinel,round_win = game_pnl > 0 (decisive only),COMPATIBILITY_ONLY_NOT_PRODUCTION,127205.3315,115172.8122,6635.2036,4257,2852,-0.05216136,-0.11437665,-0.04113429,-0.05216136,-6635.2036,127205.3315,OK,0.0000,265.4081,4.0000,96.0000,AG03-UNRESOLVED,ALL5_LEVELS_bet23_to_bet27,265.4081,265.4081,265.4081,331.7602,331.7602,4.000000,4.000000,4.000000,5.000000,5.000000,96.000000,96.000000,96.000000,95.000000,95.000000,5.0,1459.7448,1337.1644,5175.4588,5298.0391,PENDING_AG03,FALSE,NOT_FOR_ENFORCEMENT,6369.7955,110565.8997,6635.2036,6369.7955,265.4081,0.05216136,0.05007491,265.4081,6369.7955,0.05007491,265.4081,265.4081,265.4081,331.7602,331.7602,6369.7955,0.05007491,1459.7448,1337.1644,5175.4588,5298.0391,0.04068586,0.04164951,0.00208645,29.8814,40.3832,2.3265,127.6001,7.3643,2446.2564,54.8462,43.4275,28.3160,5.1431,12.8578,28.9875,66.8604,128.5777,263.3173,7.8995,-2.6176,10.0,20.479237,2.324,28,180,56,8,0.15055597,0.05216136,0.11437665,0E-8,0.000000,0.905409,0.000000,-0.07324236,2026-03-22,2026-08-06,52,901,524,138,0.376812,1.533674,1.453326,0.501853,,,,,,,,GLOBAL_BASELINE_NO_ENTITY_RANKING,,,NOT_APPLICABLE_GLOBAL_BASELINE,HF9g-P5,,,,X 全窗基线 · 不参与实体赏罚,14191520,1420,A168_HF9F_20260827_0900,2026-08-27 09:00:00
2026-06-02,128173484,-1,1,7.7146604264,-7.7146604264,-7.7146604264,0E-7,2,1,0.36267059999813368,0.290680550000,-0.754352265424006,-0.6401578158977228,-0.754352265424006,0.07199004999813368,SENTINEL_DEALER,R03b_20260811_FULL_v1,L1_ELIGIBILITY,v2026-08-11,2026-03-21..2026-08-06,baccarat_bet02_101_all_pairs_incl_sentinel,round_win = game_pnl > 0 (decisive only),COMPATIBILITY_ONLY_NOT_PRODUCTION,127205.3315,115172.8122,6635.2036,4257,2852,-0.05216136,-0.11437665,-0.04113429,-0.05216136,-6635.2036,127205.3315,OK,0.0000,265.4081,4.0000,96.0000,AG03-UNRESOLVED,ALL5_LEVELS_bet23_to_bet27,265.4081,265.4081,265.4081,331.7602,331.7602,4.000000,4.000000,4.000000,5.000000,5.000000,96.000000,96.000000,96.000000,95.000000,95.000000,5.0,1459.7448,1337.1644,5175.4588,5298.0391,PENDING_AG03,FALSE,NOT_FOR_ENFORCEMENT,6369.7955,110565.8997,6635.2036,6369.7955,265.4081,0.05216136,0.05007491,265.4081,6369.7955,0.05007491,265.4081,265.4081,265.4081,331.7602,331.7602,6369.7955,0.05007491,1459.7448,1337.1644,5175.4588,5298.0391,0.04068586,0.04164951,0.00208645,29.8814,40.3832,2.3265,127.6001,7.3643,2446.2564,54.8462,43.4275,28.3160,5.1431,12.8578,28.9875,66.8604,128.5777,263.3173,7.8995,-2.6176,10.0,20.479237,2.324,28,180,56,8,0.15055597,0.05216136,0.11437665,0E-8,0.000000,0.905409,0.000000,-0.07324236,2026-03-22,2026-08-06,52,901,524,138,0.376812,1.533674,1.453326,0.501853,,,,,,,,GLOBAL_BASELINE_NO_ENTITY_RANKING,,,NOT_APPLICABLE_GLOBAL_BASELINE,HF9g-P5,,,,X 全窗基线 · 不参与实体赏罚,14191521,1420,A168_HF9F_20260827_0900,2026-08-27 09:00:00
2026-06-02,128173484,1157,0,10.8005245969,2.0572427804,2.0572427804,1.0000000,3,2,0.42146825000063580,0.395308300000,1.1716048669022836,1.2367987489000727,1.1716048669022836,0.02615995000063580,ELIGIBLE,R03b_20260811_FULL_v1,L1_ELIGIBILITY,v2026-08-11,2026-03-21..2026-08-06,baccarat_bet02_101_all_pairs_incl_sentinel,round_win = game_pnl > 0 (decisive only),COMPATIBILITY_ONLY_NOT_PRODUCTION,127205.3315,115172.8122,6635.2036,4257,2852,-0.05216136,-0.11437665,-0.04113429,-0.05216136,-6635.2036,127205.3315,OK,0.0000,265.4081,4.0000,96.0000,AG03-UNRESOLVED,ALL5_LEVELS_bet23_to_bet27,265.4081,265.4081,265.4081,331.7602,331.7602,4.000000,4.000000,4.000000,5.000000,5.000000,96.000000,96.000000,96.000000,95.000000,95.000000,5.0,1459.7448,1337.1644,5175.4588,5298.0391,PENDING_AG03,FALSE,NOT_FOR_ENFORCEMENT,6369.7955,110565.8997,6635.2036,6369.7955,265.4081,0.05216136,0.05007491,265.4081,6369.7955,0.05007491,265.4081,265.4081,265.4081,331.7602,331.7602,6369.7955,0.05007491,1459.7448,1337.1644,5175.4588,5298.0391,0.04068586,0.04164951,0.00208645,29.8814,40.3832,2.3265,127.6001,7.3643,2446.2564,54.8462,43.4275,28.3160,5.1431,12.8578,28.9875,66.8604,128.5777,263.3173,7.8995,-2.6176,10.0,20.479237,2.324,28,180,56,8,0.15055597,0.05216136,0.11437665,0E-8,0.000000,0.905409,0.000000,-0.07324236,2026-03-22,2026-08-06,52,901,524,138,0.376812,1.533674,1.453326,0.501853,,,,,,,,GLOBAL_BASELINE_NO_ENTITY_RANKING,,,NOT_APPLICABLE_GLOBAL_BASELINE,HF9g-P5,,,,X 全窗基线 · 不参与实体赏罚,14191522,1420,A168_HF9F_20260827_0900,2026-08-27 09:00:00
2026-06-02,128173484,1384,0,20.5724278037,14.7864324838,14.7864324838,1.0000000,3,2,0.46395307499953342,0.391963025000,1.5201252524606867,1.7613977706689572,1.5201252524606867,0.07199004999953342,ELIGIBLE,R03b_20260811_FULL_v1,L1_ELIGIBILITY,v2026-08-11,2026-03-21..2026-08-06,baccarat_bet02_101_all_pairs_incl_sentinel,round_win = game_pnl > 0 (decisive only),COMPATIBILITY_ONLY_NOT_PRODUCTION,127205.3315,115172.8122,6635.2036,4257,2852,-0.05216136,-0.11437665,-0.04113429,-0.05216136,-6635.2036,127205.3315,OK,0.0000,265.4081,4.0000,96.0000,AG03-UNRESOLVED,ALL5_LEVELS_bet23_to_bet27,265.4081,265.4081,265.4081,331.7602,331.7602,4.000000,4.000000,4.000000,5.000000,5.000000,96.000000,96.000000,96.000000,95.000000,95.000000,5.0,1459.7448,1337.1644,5175.4588,5298.0391,PENDING_AG03,FALSE,NOT_FOR_ENFORCEMENT,6369.7955,110565.8997,6635.2036,6369.7955,265.4081,0.05216136,0.05007491,265.4081,6369.7955,0.05007491,265.4081,265.4081,265.4081,331.7602,331.7602,6369.7955,0.05007491,1459.7448,1337.1644,5175.4588,5298.0391,0.04068586,0.04164951,0.00208645,29.8814,40.3832,2.3265,127.6001,7.3643,2446.2564,54.8462,43.4275,28.3160,5.1431,12.8578,28.9875,66.8604,128.5777,263.3173,7.8995,-2.6176,10.0,20.479237,2.324,28,180,56,8,0.15055597,0.05216136,0.11437665,0E-8,0.000000,0.905409,0.000000,-0.07324236,2026-03-22,2026-08-06,52,901,524,138,0.376812,1.533674,1.453326,0.501853,,,,,,,,GLOBAL_BASELINE_NO_ENTITY_RANKING,,,NOT_APPLICABLE_GLOBAL_BASELINE,HF9g-P5,,,,X 全窗基线 · 不参与实体赏罚,14191523,1420,A168_HF9F_20260827_0900,2026-08-27 09:00:00
2026-06-02,128173484,1485,0,28.2870882300,-28.2870882300,-28.2870882300,0E-7,2,1,0.45519466363569105,0.283965900000,-0.9140667357712969,-0.6297471965178028,-0.9140667357712969,0.17122876363569105,ELIGIBLE,R03b_20260811_FULL_v1,L1_ELIGIBILITY,v2026-08-11,2026-03-21..2026-08-06,baccarat_bet02_101_all_pairs_incl_sentinel,round_win = game_pnl > 0 (decisive only),COMPATIBILITY_ONLY_NOT_PRODUCTION,127205.3315,115172.8122,6635.2036,4257,2852,-0.05216136,-0.11437665,-0.04113429,-0.05216136,-6635.2036,127205.3315,OK,0.0000,265.4081,4.0000,96.0000,AG03-UNRESOLVED,ALL5_LEVELS_bet23_to_bet27,265.4081,265.4081,265.4081,331.7602,331.7602,4.000000,4.000000,4.000000,5.000000,5.000000,96.000000,96.000000,96.000000,95.000000,95.000000,5.0,1459.7448,1337.1644,5175.4588,5298.0391,PENDING_AG03,FALSE,NOT_FOR_ENFORCEMENT,6369.7955,110565.8997,6635.2036,6369.7955,265.4081,0.05216136,0.05007491,265.4081,6369.7955,0.05007491,265.4081,265.4081,265.4081,331.7602,331.7602,6369.7955,0.05007491,1459.7448,1337.1644,5175.4588,5298.0391,0.04068586,0.04164951,0.00208645,29.8814,40.3832,2.3265,127.6001,7.3643,2446.2564,54.8462,43.4275,28.3160,5.1431,12.8578,28.9875,66.8604,128.5777,263.3173,7.8995,-2.6176,10.0,20.479237,2.324,28,180,56,8,0.15055597,0.05216136,0.11437665,0E-8,0.000000,0.905409,0.000000,-0.07324236,2026-03-22,2026-08-06,52,901,524,138,0.376812,1.533674,1.453326,0.501853,,,,,,,,GLOBAL_BASELINE_NO_ENTITY_RANKING,,,NOT_APPLICABLE_GLOBAL_BASELINE,HF9g-P5,,,,X 全窗基线 · 不参与实体赏罚,14191524,1420,A168_HF9F_20260827_0900,2026-08-27 09:00:00
2026-06-02,128173484,1994,0,240.4402499550,-110.0624887495,-110.0624887495,0.2500000,5,4,0.49948414166660073,0.451793412500,-0.9979370977882674,-0.8109515500592663,-0.9979370977882674,0.04769072916660073,ELIGIBLE,R03b_20260811_FULL_v1,L1_ELIGIBILITY,v2026-08-11,2026-03-21..2026-08-06,baccarat_bet02_101_all_pairs_incl_sentinel,round_win = game_pnl > 0 (decisive only),COMPATIBILITY_ONLY_NOT_PRODUCTION,127205.3315,115172.8122,6635.2036,4257,2852,-0.05216136,-0.11437665,-0.04113429,-0.05216136,-6635.2036,127205.3315,OK,0.0000,265.4081,4.0000,96.0000,AG03-UNRESOLVED,ALL5_LEVELS_bet23_to_bet27,265.4081,265.4081,265.4081,331.7602,331.7602,4.000000,4.000000,4.000000,5.000000,5.000000,96.000000,96.000000,96.000000,95.000000,95.000000,5.0,1459.7448,1337.1644,5175.4588,5298.0391,PENDING_AG03,FALSE,NOT_FOR_ENFORCEMENT,6369.7955,110565.8997,6635.2036,6369.7955,265.4081,0.05216136,0.05007491,265.4081,6369.7955,0.05007491,265.4081,265.4081,265.4081,331.7602,331.7602,6369.7955,0.05007491,1459.7448,1337.1644,5175.4588,5298.0391,0.04068586,0.04164951,0.00208645,29.8814,40.3832,2.3265,127.6001,7.3643,2446.2564,54.8462,43.4275,28.3160,5.1431,12.8578,28.9875,66.8604,128.5777,263.3173,7.8995,-2.6176,10.0,20.479237,2.324,28,180,56,8,0.15055597,0.05216136,0.11437665,0E-8,0.000000,0.905409,0.000000,-0.07324236,2026-03-22,2026-08-06,52,901,524,138,0.376812,1.533674,1.453326,0.501853,,,,,,,,GLOBAL_BASELINE_NO_ENTITY_RANKING,,,NOT_APPLICABLE_GLOBAL_BASELINE,HF9g-P5,,,,X 全窗基线 · 不参与实体赏罚,14191525,1420,A168_HF9F_20260827_0900,2026-08-27 09:00:00
2026-06-02,128173484,2088,0,471.8800627461,240.9417028825,240.9417028825,0.6363636,14,12,0.48844694080812696,0.466457575000,0.9814303830134302,1.1295739307920316,0.9814303830134302,0.02198936580812696,ELIGIBLE,R03b_20260811_FULL_v1,L1_ELIGIBILITY,v2026-08-11,2026-03-21..2026-08-06,baccarat_bet02_101_all_pairs_incl_sentinel,round_win = game_pnl > 0 (decisive only),COMPATIBILITY_ONLY_NOT_PRODUCTION,127205.3315,115172.8122,6635.2036,4257,2852,-0.05216136,-0.11437665,-0.04113429,-0.05216136,-6635.2036,127205.3315,OK,0.0000,265.4081,4.0000,96.0000,AG03-UNRESOLVED,ALL5_LEVELS_bet23_to_bet27,265.4081,265.4081,265.4081,331.7602,331.7602,4.000000,4.000000,4.000000,5.000000,5.000000,96.000000,96.000000,96.000000,95.000000,95.000000,5.0,1459.7448,1337.1644,5175.4588,5298.0391,PENDING_AG03,FALSE,NOT_FOR_ENFORCEMENT,6369.7955,110565.8997,6635.2036,6369.7955,265.4081,0.05216136,0.05007491,265.4081,6369.7955,0.05007491,265.4081,265.4081,265.4081,331.7602,331.7602,6369.7955,0.05007491,1459.7448,1337.1644,5175.4588,5298.0391,0.04068586,0.04164951,0.00208645,29.8814,40.3832,2.3265,127.6001,7.3643,2446.2564,54.8462,43.4275,28.3160,5.1431,12.8578,28.9875,66.8604,128.5777,263.3173,7.8995,-2.6176,10.0,20.479237,2.324,28,180,56,8,0.15055597,0.05216136,0.11437665,0E-8,0.000000,0.905409,0.000000,-0.07324236,2026-03-22,2026-08-06,52,901,524,138,0.376812,1.533674,1.453326,0.501853,,,,,,,,GLOBAL_BASELINE_NO_ENTITY_RANKING,,,NOT_APPLICABLE_GLOBAL_BASELINE,HF9g-P5,,,,X 全窗基线 · 不参与实体赏罚,14191526,1420,A168_HF9F_20260827_0900,2026-08-27 09:00:00
2026-06-02,128173484,2101,0,612.0297271582,-90.1843803841,-90.1843803841,0.5333333,20,17,0.49164350119724502,0.467749779412,0.32297316141315724,0.509068067620564,0.32297316141315724,0.02389372178524502,ELIGIBLE,R03b_20260811_FULL_v1,L1_ELIGIBILITY,v2026-08-11,2026-03-21..2026-08-06,baccarat_bet02_101_all_pairs_incl_sentinel,round_win = game_pnl > 0 (decisive only),COMPATIBILITY_ONLY_NOT_PRODUCTION,127205.3315,115172.8122,6635.2036,4257,2852,-0.05216136,-0.11437665,-0.04113429,-0.05216136,-6635.2036,127205.3315,OK,0.0000,265.4081,4.0000,96.0000,AG03-UNRESOLVED,ALL5_LEVELS_bet23_to_bet27,265.4081,265.4081,265.4081,331.7602,331.7602,4.000000,4.000000,4.000000,5.000000,5.000000,96.000000,96.000000,96.000000,95.000000,95.000000,5.0,1459.7448,1337.1644,5175.4588,5298.0391,PENDING_AG03,FALSE,NOT_FOR_ENFORCEMENT,6369.7955,110565.8997,6635.2036,6369.7955,265.4081,0.05216136,0.05007491,265.4081,6369.7955,0.05007491,265.4081,265.4081,265.4081,331.7602,331.7602,6369.7955,0.05007491,1459.7448,1337.1644,5175.4588,5298.0391,0.04068586,0.04164951,0.00208645,29.8814,40.3832,2.3265,127.6001,7.3643,2446.2564,54.8462,43.4275,28.3160,5.1431,12.8578,28.9875,66.8604,128.5777,263.3173,7.8995,-2.6176,10.0,20.479237,2.324,28,180,56,8,0.15055597,0.05216136,0.11437665,0E-8,0.000000,0.905409,0.000000,-0.07324236,2026-03-22,2026-08-06,52,901,524,138,0.376812,1.533674,1.453326,0.501853,,,,,,,,GLOBAL_BASELINE_NO_ENTITY_RANKING,,,NOT_APPLICABLE_GLOBAL_BASELINE,HF9g-P5,,,,X 全窗基线 · 不参与实体赏罚,14191527,1420,A168_HF9F_20260827_0900,2026-08-27 09:00:00
2026-06-02,128173484,2156,0,7.7146604264,-7.7146604264,-7.7146604264,0E-7,2,1,0.36267059999813368,0.290680550000,-0.754352265424006,-0.6401578158977228,-0.754352265424006,0.07199004999813368,ELIGIBLE,R03b_20260811_FULL_v1,L1_ELIGIBILITY,v2026-08-11,2026-03-21..2026-08-06,baccarat_bet02_101_all_pairs_incl_sentinel,round_win = game_pnl > 0 (decisive only),COMPATIBILITY_ONLY_NOT_PRODUCTION,127205.3315,115172.8122,6635.2036,4257,2852,-0.05216136,-0.11437665,-0.04113429,-0.05216136,-6635.2036,127205.3315,OK,0.0000,265.4081,4.0000,96.0000,AG03-UNRESOLVED,ALL5_LEVELS_bet23_to_bet27,265.4081,265.4081,265.4081,331.7602,331.7602,4.000000,4.000000,4.000000,5.000000,5.000000,96.000000,96.000000,96.000000,95.000000,95.000000,5.0,1459.7448,1337.1644,5175.4588,5298.0391,PENDING_AG03,FALSE,NOT_FOR_ENFORCEMENT,6369.7955,110565.8997,6635.2036,6369.7955,265.4081,0.05216136,0.05007491,265.4081,6369.7955,0.05007491,265.4081,265.4081,265.4081,331.7602,331.7602,6369.7955,0.05007491,1459.7448,1337.1644,5175.4588,5298.0391,0.04068586,0.04164951,0.00208645,29.8814,40.3832,2.3265,127.6001,7.3643,2446.2564,54.8462,43.4275,28.3160,5.1431,12.8578,28.9875,66.8604,128.5777,263.3173,7.8995,-2.6176,10.0,20.479237,2.324,28,180,56,8,0.15055597,0.05216136,0.11437665,0E-8,0.000000,0.905409,0.000000,-0.07324236,2026-03-22,2026-08-06,52,901,524,138,0.376812,1.533674,1.453326,0.501853,,,,,,,,GLOBAL_BASELINE_NO_ENTITY_RANKING,,,NOT_APPLICABLE_GLOBAL_BASELINE,HF9g-P5,,,,X 全窗基线 · 不参与实体赏罚,14191528,1420,A168_HF9F_20260827_0900,2026-08-27 09:00:00
2026-06-02,128173484,2188,0,62.4887494535,10.7619512947,10.7619512947,0.6000000,6,5,0.49225269000000000,0.463456670000,0.4819184728544677,0.6122778150680894,0.4819184728544677,0.02879602000000000,ELIGIBLE,R03b_20260811_FULL_v1,L1_ELIGIBILITY,v2026-08-11,2026-03-21..2026-08-06,baccarat_bet02_101_all_pairs_incl_sentinel,round_win = game_pnl > 0 (decisive only),COMPATIBILITY_ONLY_NOT_PRODUCTION,127205.3315,115172.8122,6635.2036,4257,2852,-0.05216136,-0.11437665,-0.04113429,-0.05216136,-6635.2036,127205.3315,OK,0.0000,265.4081,4.0000,96.0000,AG03-UNRESOLVED,ALL5_LEVELS_bet23_to_bet27,265.4081,265.4081,265.4081,331.7602,331.7602,4.000000,4.000000,4.000000,5.000000,5.000000,96.000000,96.000000,96.000000,95.000000,95.000000,5.0,1459.7448,1337.1644,5175.4588,5298.0391,PENDING_AG03,FALSE,NOT_FOR_ENFORCEMENT,6369.7955,110565.8997,6635.2036,6369.7955,265.4081,0.05216136,0.05007491,265.4081,6369.7955,0.05007491,265.4081,265.4081,265.4081,331.7602,331.7602,6369.7955,0.05007491,1459.7448,1337.1644,5175.4588,5298.0391,0.04068586,0.04164951,0.00208645,29.8814,40.3832,2.3265,127.6001,7.3643,2446.2564,54.8462,43.4275,28.3160,5.1431,12.8578,28.9875,66.8604,128.5777,263.3173,7.8995,-2.6176,10.0,20.479237,2.324,28,180,56,8,0.15055597,0.05216136,0.11437665,0E-8,0.000000,0.905409,0.000000,-0.07324236,2026-03-22,2026-08-06,52,901,524,138,0.376812,1.533674,1.453326,0.501853,,,,,,,,GLOBAL_BASELINE_NO_ENTITY_RANKING,,,NOT_APPLICABLE_GLOBAL_BASELINE,HF9g-P5,,,,X 全窗基线 · 不参与实体赏罚,14191529,1420,A168_HF9F_20260827_0900,2026-08-27 09:00:00
2026-06-02,128173484,2189,0,5.1431069509,4.8859516034,4.8859516034,1.0000000,1,1,0.50665070000000000,0.506650700000,0.9867858985152569,0.9867858985152569,0.9867858985152569,0E-17,ELIGIBLE,R03b_20260811_FULL_v1,L1_ELIGIBILITY,v2026-08-11,2026-03-21..2026-08-06,baccarat_bet02_101_all_pairs_incl_sentinel,round_win = game_pnl > 0 (decisive only),COMPATIBILITY_ONLY_NOT_PRODUCTION,127205.3315,115172.8122,6635.2036,4257,2852,-0.05216136,-0.11437665,-0.04113429,-0.05216136,-6635.2036,127205.3315,OK,0.0000,265.4081,4.0000,96.0000,AG03-UNRESOLVED,ALL5_LEVELS_bet23_to_bet27,265.4081,265.4081,265.4081,331.7602,331.7602,4.000000,4.000000,4.000000,5.000000,5.000000,96.000000,96.000000,96.000000,95.000000,95.000000,5.0,1459.7448,1337.1644,5175.4588,5298.0391,PENDING_AG03,FALSE,NOT_FOR_ENFORCEMENT,6369.7955,110565.8997,6635.2036,6369.7955,265.4081,0.05216136,0.05007491,265.4081,6369.7955,0.05007491,265.4081,265.4081,265.4081,331.7602,331.7602,6369.7955,0.05007491,1459.7448,1337.1644,5175.4588,5298.0391,0.04068586,0.04164951,0.00208645,29.8814,40.3832,2.3265,127.6001,7.3643,2446.2564,54.8462,43.4275,28.3160,5.1431,12.8578,28.9875,66.8604,128.5777,263.3173,7.8995,-2.6176,10.0,20.479237,2.324,28,180,56,8,0.15055597,0.05216136,0.11437665,0E-8,0.000000,0.905409,0.000000,-0.07324236,2026-03-22,2026-08-06,52,901,524,138,0.376812,1.533674,1.453326,0.501853,,,,,,,,GLOBAL_BASELINE_NO_ENTITY_RANKING,,,NOT_APPLICABLE_GLOBAL_BASELINE,HF9g-P5,,,,X 全窗基线 · 不参与实体赏罚,14191530,1420,A168_HF9F_20260827_0900,2026-08-27 09:00:00
2026-06-02,128173484,2198,0,10.5433692494,5.2588268572,5.2588268572,1.0000000,3,2,0.43018823333242909,0.395308300000,1.6276140900346114,1.7490975646205589,1.6276140900346114,0.03487993333242909,ELIGIBLE,R03b_20260811_FULL_v1,L1_ELIGIBILITY,v2026-08-11,2026-03-21..2026-08-06,baccarat_bet02_101_all_pairs_incl_sentinel,round_win = game_pnl > 0 (decisive only),COMPATIBILITY_ONLY_NOT_PRODUCTION,127205.3315,115172.8122,6635.2036,4257,2852,-0.05216136,-0.11437665,-0.04113429,-0.05216136,-6635.2036,127205.3315,OK,0.0000,265.4081,4.0000,96.0000,AG03-UNRESOLVED,ALL5_LEVELS_bet23_to_bet27,265.4081,265.4081,265.4081,331.7602,331.7602,4.000000,4.000000,4.000000,5.000000,5.000000,96.000000,96.000000,96.000000,95.000000,95.000000,5.0,1459.7448,1337.1644,5175.4588,5298.0391,PENDING_AG03,FALSE,NOT_FOR_ENFORCEMENT,6369.7955,110565.8997,6635.2036,6369.7955,265.4081,0.05216136,0.05007491,265.4081,6369.7955,0.05007491,265.4081,265.4081,265.4081,331.7602,331.7602,6369.7955,0.05007491,1459.7448,1337.1644,5175.4588,5298.0391,0.04068586,0.04164951,0.00208645,29.8814,40.3832,2.3265,127.6001,7.3643,2446.2564,54.8462,43.4275,28.3160,5.1431,12.8578,28.9875,66.8604,128.5777,263.3173,7.8995,-2.6176,10.0,20.479237,2.324,28,180,56,8,0.15055597,0.05216136,0.11437665,0E-8,0.000000,0.905409,0.000000,-0.07324236,2026-03-22,2026-08-06,52,901,524,138,0.376812,1.533674,1.453326,0.501853,,,,,,,,GLOBAL_BASELINE_NO_ENTITY_RANKING,,,NOT_APPLICABLE_GLOBAL_BASELINE,HF9g-P5,,,,X 全窗基线 · 不参与实体赏罚,14191531,1420,A168_HF9F_20260827_0900,2026-08-27 09:00:00
2026-06-02,128173484,2261,0,7.7146604264,-2.5715534755,-2.5715534755,0E-7,2,1,0.36267059999813368,0.290680550000,-0.754352265424006,-0.6401578158977228,-0.754352265424006,0.07199004999813368,ELIGIBLE,R03b_20260811_FULL_v1,L1_ELIGIBILITY,v2026-08-11,2026-03-21..2026-08-06,baccarat_bet02_101_all_pairs_incl_sentinel,round_win = game_pnl > 0 (decisive only),COMPATIBILITY_ONLY_NOT_PRODUCTION,127205.3315,115172.8122,6635.2036,4257,2852,-0.05216136,-0.11437665,-0.04113429,-0.05216136,-6635.2036,127205.3315,OK,0.0000,265.4081,4.0000,96.0000,AG03-UNRESOLVED,ALL5_LEVELS_bet23_to_bet27,265.4081,265.4081,265.4081,331.7602,331.7602,4.000000,4.000000,4.000000,5.000000,5.000000,96.000000,96.000000,96.000000,95.000000,95.000000,5.0,1459.7448,1337.1644,5175.4588,5298.0391,PENDING_AG03,FALSE,NOT_FOR_ENFORCEMENT,6369.7955,110565.8997,6635.2036,6369.7955,265.4081,0.05216136,0.05007491,265.4081,6369.7955,0.05007491,265.4081,265.4081,265.4081,331.7602,331.7602,6369.7955,0.05007491,1459.7448,1337.1644,5175.4588,5298.0391,0.04068586,0.04164951,0.00208645,29.8814,40.3832,2.3265,127.6001,7.3643,2446.2564,54.8462,43.4275,28.3160,5.1431,12.8578,28.9875,66.8604,128.5777,263.3173,7.8995,-2.6176,10.0,20.479237,2.324,28,180,56,8,0.15055597,0.05216136,0.11437665,0E-8,0.000000,0.905409,0.000000,-0.07324236,2026-03-22,2026-08-06,52,901,524,138,0.376812,1.533674,1.453326,0.501853,,,,,,,,GLOBAL_BASELINE_NO_ENTITY_RANKING,,,NOT_APPLICABLE_GLOBAL_BASELINE,HF9g-P5,,,,X 全窗基线 · 不参与实体赏罚,14191532,1420,A168_HF9F_20260827_0900,2026-08-27 09:00:00
2026-06-02,128173484,550,0,13.6292334199,-3.6001748656,-3.6001748656,0.5000000,3,2,0.41486894999976864,0.391963025000,0.24435484213961217,0.3129679521789244,0.24435484213961217,0.02290592499976864,ELIGIBLE,R03b_20260811_FULL_v1,L1_ELIGIBILITY,v2026-08-11,2026-03-21..2026-08-06,baccarat_bet02_101_all_pairs_incl_sentinel,round_win = game_pnl > 0 (decisive only),COMPATIBILITY_ONLY_NOT_PRODUCTION,127205.3315,115172.8122,6635.2036,4257,2852,-0.05216136,-0.11437665,-0.04113429,-0.05216136,-6635.2036,127205.3315,OK,0.0000,265.4081,4.0000,96.0000,AG03-UNRESOLVED,ALL5_LEVELS_bet23_to_bet27,265.4081,265.4081,265.4081,331.7602,331.7602,4.000000,4.000000,4.000000,5.000000,5.000000,96.000000,96.000000,96.000000,95.000000,95.000000,5.0,1459.7448,1337.1644,5175.4588,5298.0391,PENDING_AG03,FALSE,NOT_FOR_ENFORCEMENT,6369.7955,110565.8997,6635.2036,6369.7955,265.4081,0.05216136,0.05007491,265.4081,6369.7955,0.05007491,265.4081,265.4081,265.4081,331.7602,331.7602,6369.7955,0.05007491,1459.7448,1337.1644,5175.4588,5298.0391,0.04068586,0.04164951,0.00208645,29.8814,40.3832,2.3265,127.6001,7.3643,2446.2564,54.8462,43.4275,28.3160,5.1431,12.8578,28.9875,66.8604,128.5777,263.3173,7.8995,-2.6176,10.0,20.479237,2.324,28,180,56,8,0.15055597,0.05216136,0.11437665,0E-8,0.000000,0.905409,0.000000,-0.07324236,2026-03-22,2026-08-06,52,901,524,138,0.376812,1.533674,1.453326,0.501853,,,,,,,,GLOBAL_BASELINE_NO_ENTITY_RANKING,,,NOT_APPLICABLE_GLOBAL_BASELINE,HF9g-P5,,,,X 全窗基线 · 不参与实体赏罚,14191533,1420,A168_HF9F_20260827_0900,2026-08-27 09:00:00
2026-06-02,128173484,595,0,5.1431069509,5.1431069509,5.1431069509,1.0000000,1,1,0.49324550000000000,0.493245500000,1.01360149184955,1.01360149184955,1.01360149184955,0E-17,ELIGIBLE,R03b_20260811_FULL_v1,L1_ELIGIBILITY,v2026-08-11,2026-03-21..2026-08-06,baccarat_bet02_101_all_pairs_incl_sentinel,round_win = game_pnl > 0 (decisive only),COMPATIBILITY_ONLY_NOT_PRODUCTION,127205.3315,115172.8122,6635.2036,4257,2852,-0.05216136,-0.11437665,-0.04113429,-0.05216136,-6635.2036,127205.3315,OK,0.0000,265.4081,4.0000,96.0000,AG03-UNRESOLVED,ALL5_LEVELS_bet23_to_bet27,265.4081,265.4081,265.4081,331.7602,331.7602,4.000000,4.000000,4.000000,5.000000,5.000000,96.000000,96.000000,96.000000,95.000000,95.000000,5.0,1459.7448,1337.1644,5175.4588,5298.0391,PENDING_AG03,FALSE,NOT_FOR_ENFORCEMENT,6369.7955,110565.8997,6635.2036,6369.7955,265.4081,0.05216136,0.05007491,265.4081,6369.7955,0.05007491,265.4081,265.4081,265.4081,331.7602,331.7602,6369.7955,0.05007491,1459.7448,1337.1644,5175.4588,5298.0391,0.04068586,0.04164951,0.00208645,29.8814,40.3832,2.3265,127.6001,7.3643,2446.2564,54.8462,43.4275,28.3160,5.1431,12.8578,28.9875,66.8604,128.5777,263.3173,7.8995,-2.6176,10.0,20.479237,2.324,28,180,56,8,0.15055597,0.05216136,0.11437665,0E-8,0.000000,0.905409,0.000000,-0.07324236,2026-03-22,2026-08-06,52,901,524,138,0.376812,1.533674,1.453326,0.501853,,,,,,,,GLOBAL_BASELINE_NO_ENTITY_RANKING,,,NOT_APPLICABLE_GLOBAL_BASELINE,HF9g-P5,,,,X 全窗基线 · 不参与实体赏罚,14191534,1420,A168_HF9F_20260827_0900,2026-08-27 09:00:00
2026-06-02,128173484,986,0,356.6744670456,-102.0906729755,-102.0906729755,0.4000000,15,10,0.49041312031499128,0.395637480000,-0.5719279205829482,0.028212395004185754,-0.5719279205829482,0.09477564031499128,ELIGIBLE,R03b_20260811_FULL_v1,L1_ELIGIBILITY,v2026-08-11,2026-03-21..2026-08-06,baccarat_bet02_101_all_pairs_incl_sentinel,round_win = game_pnl > 0 (decisive only),COMPATIBILITY_ONLY_NOT_PRODUCTION,127205.3315,115172.8122,6635.2036,4257,2852,-0.05216136,-0.11437665,-0.04113429,-0.05216136,-6635.2036,127205.3315,OK,0.0000,265.4081,4.0000,96.0000,AG03-UNRESOLVED,ALL5_LEVELS_bet23_to_bet27,265.4081,265.4081,265.4081,331.7602,331.7602,4.000000,4.000000,4.000000,5.000000,5.000000,96.000000,96.000000,96.000000,95.000000,95.000000,5.0,1459.7448,1337.1644,5175.4588,5298.0391,PENDING_AG03,FALSE,NOT_FOR_ENFORCEMENT,6369.7955,110565.8997,6635.2036,6369.7955,265.4081,0.05216136,0.05007491,265.4081,6369.7955,0.05007491,265.4081,265.4081,265.4081,331.7602,331.7602,6369.7955,0.05007491,1459.7448,1337.1644,5175.4588,5298.0391,0.04068586,0.04164951,0.00208645,29.8814,40.3832,2.3265,127.6001,7.3643,2446.2564,54.8462,43.4275,28.3160,5.1431,12.8578,28.9875,66.8604,128.5777,263.3173,7.8995,-2.6176,10.0,20.479237,2.324,28,180,56,8,0.15055597,0.05216136,0.11437665,0E-8,0.000000,0.905409,0.000000,-0.07324236,2026-03-22,2026-08-06,52,901,524,138,0.376812,1.533674,1.453326,0.501853,,,,,,,,GLOBAL_BASELINE_NO_ENTITY_RANKING,,,NOT_APPLICABLE_GLOBAL_BASELINE,HF9g-P5,,,,X 全窗基线 · 不参与实体赏罚,14191535,1420,A168_HF9F_20260827_0900,2026-08-27 09:00:00
2026-06-06,128173484,-1,1,80.2324684342,-27.7727775349,-27.7727775349,0.2500000,7,4,0.45273298444774773,0.339643125000,-0.8145799276247276,-0.37857001965110937,-0.8145799276247276,0.11308985944774773,SENTINEL_DEALER,R03b_20260811_FULL_v1,L1_ELIGIBILITY,v2026-08-11,2026-03-21..2026-08-06,baccarat_bet02_101_all_pairs_incl_sentinel,round_win = game_pnl > 0 (decisive only),COMPATIBILITY_ONLY_NOT_PRODUCTION,127205.3315,115172.8122,6635.2036,4257,2852,-0.05216136,-0.11437665,-0.04113429,-0.05216136,-6635.2036,127205.3315,OK,0.0000,265.4081,4.0000,96.0000,AG03-UNRESOLVED,ALL5_LEVELS_bet23_to_bet27,265.4081,265.4081,265.4081,331.7602,331.7602,4.000000,4.000000,4.000000,5.000000,5.000000,96.000000,96.000000,96.000000,95.000000,95.000000,5.0,1459.7448,1337.1644,5175.4588,5298.0391,PENDING_AG03,FALSE,NOT_FOR_ENFORCEMENT,6369.7955,110565.8997,6635.2036,6369.7955,265.4081,0.05216136,0.05007491,265.4081,6369.7955,0.05007491,265.4081,265.4081,265.4081,331.7602,331.7602,6369.7955,0.05007491,1459.7448,1337.1644,5175.4588,5298.0391,0.04068586,0.04164951,0.00208645,29.8814,40.3832,2.3265,127.6001,7.3643,2446.2564,54.8462,43.4275,28.3160,5.1431,12.8578,28.9875,66.8604,128.5777,263.3173,7.8995,-2.6176,10.0,20.479237,2.324,28,180,56,8,0.15055597,0.05216136,0.11437665,0E-8,0.000000,0.905409,0.000000,-0.07324236,2026-03-22,2026-08-06,52,901,524,138,0.376812,1.533674,1.453326,0.501853,,,,,,,,GLOBAL_BASELINE_NO_ENTITY_RANKING,,,NOT_APPLICABLE_GLOBAL_BASELINE,HF9g-P5,,,,X 全窗基线 · 不参与实体赏罚,14191536,1420,A168_HF9F_20260827_0900,2026-08-27 09:00:00
2026-06-06,128173484,1017,0,16.7150975905,-16.7150975905,-16.7150975905,0E-7,2,1,0.44019834615285226,0.290680550000,-0.8867620826167012,-0.6401578158977228,-0.8867620826167012,0.14951779615285226,ELIGIBLE,R03b_20260811_FULL_v1,L1_ELIGIBILITY,v2026-08-11,2026-03-21..2026-08-06,baccarat_bet02_101_all_pairs_incl_sentinel,round_win = game_pnl > 0 (decisive only),COMPATIBILITY_ONLY_NOT_PRODUCTION,127205.3315,115172.8122,6635.2036,4257,2852,-0.05216136,-0.11437665,-0.04113429,-0.05216136,-6635.2036,127205.3315,OK,0.0000,265.4081,4.0000,96.0000,AG03-UNRESOLVED,ALL5_LEVELS_bet23_to_bet27,265.4081,265.4081,265.4081,331.7602,331.7602,4.000000,4.000000,4.000000,5.000000,5.000000,96.000000,96.000000,96.000000,95.000000,95.000000,5.0,1459.7448,1337.1644,5175.4588,5298.0391,PENDING_AG03,FALSE,NOT_FOR_ENFORCEMENT,6369.7955,110565.8997,6635.2036,6369.7955,265.4081,0.05216136,0.05007491,265.4081,6369.7955,0.05007491,265.4081,265.4081,265.4081,331.7602,331.7602,6369.7955,0.05007491,1459.7448,1337.1644,5175.4588,5298.0391,0.04068586,0.04164951,0.00208645,29.8814,40.3832,2.3265,127.6001,7.3643,2446.2564,54.8462,43.4275,28.3160,5.1431,12.8578,28.9875,66.8604,128.5777,263.3173,7.8995,-2.6176,10.0,20.479237,2.324,28,180,56,8,0.15055597,0.05216136,0.11437665,0E-8,0.000000,0.905409,0.000000,-0.07324236,2026-03-22,2026-08-06,52,901,524,138,0.376812,1.533674,1.453326,0.501853,,,,,,,,GLOBAL_BASELINE_NO_ENTITY_RANKING,,,NOT_APPLICABLE_GLOBAL_BASELINE,HF9g-P5,,,,X 全窗基线 · 不参与实体赏罚,14191537,1420,A168_HF9F_20260827_0900,2026-08-27 09:00:00
2026-06-06,128173484,1094,0,7.7146604264,7.7146604264,7.7146604264,1.0000000,1,1,0.49324550000000000,0.493245500000,1.01360149184955,1.01360149184955,1.01360149184955,0E-17,ELIGIBLE,R03b_20260811_FULL_v1,L1_ELIGIBILITY,v2026-08-11,2026-03-21..2026-08-06,baccarat_bet02_101_all_pairs_incl_sentinel,round_win = game_pnl > 0 (decisive only),COMPATIBILITY_ONLY_NOT_PRODUCTION,127205.3315,115172.8122,6635.2036,4257,2852,-0.05216136,-0.11437665,-0.04113429,-0.05216136,-6635.2036,127205.3315,OK,0.0000,265.4081,4.0000,96.0000,AG03-UNRESOLVED,ALL5_LEVELS_bet23_to_bet27,265.4081,265.4081,265.4081,331.7602,331.7602,4.000000,4.000000,4.000000,5.000000,5.000000,96.000000,96.000000,96.000000,95.000000,95.000000,5.0,1459.7448,1337.1644,5175.4588,5298.0391,PENDING_AG03,FALSE,NOT_FOR_ENFORCEMENT,6369.7955,110565.8997,6635.2036,6369.7955,265.4081,0.05216136,0.05007491,265.4081,6369.7955,0.05007491,265.4081,265.4081,265.4081,331.7602,331.7602,6369.7955,0.05007491,1459.7448,1337.1644,5175.4588,5298.0391,0.04068586,0.04164951,0.00208645,29.8814,40.3832,2.3265,127.6001,7.3643,2446.2564,54.8462,43.4275,28.3160,5.1431,12.8578,28.9875,66.8604,128.5777,263.3173,7.8995,-2.6176,10.0,20.479237,2.324,28,180,56,8,0.15055597,0.05216136,0.11437665,0E-8,0.000000,0.905409,0.000000,-0.07324236,2026-03-22,2026-08-06,52,901,524,138,0.376812,1.533674,1.453326,0.501853,,,,,,,,GLOBAL_BASELINE_NO_ENTITY_RANKING,,,NOT_APPLICABLE_GLOBAL_BASELINE,HF9g-P5,,,,X 全窗基线 · 不参与实体赏罚,14191538,1420,A168_HF9F_20260827_0900,2026-08-27 09:00:00
2026-06-06,128173484,1151,0,198.0096176099,136.2923341991,136.2923341991,0.6666667,5,3,0.45841507121209431,0.357045183333,0.7239127667514713,1.1192829748797262,0.7239127667514713,0.10136988787909431,ELIGIBLE,R03b_20260811_FULL_v1,L1_ELIGIBILITY,v2026-08-11,2026-03-21..2026-08-06,baccarat_bet02_101_all_pairs_incl_sentinel,round_win = game_pnl > 0 (decisive only),COMPATIBILITY_ONLY_NOT_PRODUCTION,127205.3315,115172.8122,6635.2036,4257,2852,-0.05216136,-0.11437665,-0.04113429,-0.05216136,-6635.2036,127205.3315,OK,0.0000,265.4081,4.0000,96.0000,AG03-UNRESOLVED,ALL5_LEVELS_bet23_to_bet27,265.4081,265.4081,265.4081,331.7602,331.7602,4.000000,4.000000,4.000000,5.000000,5.000000,96.000000,96.000000,96.000000,95.000000,95.000000,5.0,1459.7448,1337.1644,5175.4588,5298.0391,PENDING_AG03,FALSE,NOT_FOR_ENFORCEMENT,6369.7955,110565.8997,6635.2036,6369.7955,265.4081,0.05216136,0.05007491,265.4081,6369.7955,0.05007491,265.4081,265.4081,265.4081,331.7602,331.7602,6369.7955,0.05007491,1459.7448,1337.1644,5175.4588,5298.0391,0.04068586,0.04164951,0.00208645,29.8814,40.3832,2.3265,127.6001,7.3643,2446.2564,54.8462,43.4275,28.3160,5.1431,12.8578,28.9875,66.8604,128.5777,263.3173,7.8995,-2.6176,10.0,20.479237,2.324,28,180,56,8,0.15055597,0.05216136,0.11437665,0E-8,0.000000,0.905409,0.000000,-0.07324236,2026-03-22,2026-08-06,52,901,524,138,0.376812,1.533674,1.453326,0.501853,,,,,,,,GLOBAL_BASELINE_NO_ENTITY_RANKING,,,NOT_APPLICABLE_GLOBAL_BASELINE,HF9g-P5,,,,X 全窗基线 · 不参与实体赏罚,14191539,1420,A168_HF9F_20260827_0900,2026-08-27 09:00:00
2026-06-06,128173484,1383,0,12.8577673773,12.2148790084,12.2148790084,1.0000000,1,1,0.50665070000000000,0.506650700000,0.9867858985152569,0.9867858985152569,0.9867858985152569,0E-17,ELIGIBLE,R03b_20260811_FULL_v1,L1_ELIGIBILITY,v2026-08-11,2026-03-21..2026-08-06,baccarat_bet02_101_all_pairs_incl_sentinel,round_win = game_pnl > 0 (decisive only),COMPATIBILITY_ONLY_NOT_PRODUCTION,127205.3315,115172.8122,6635.2036,4257,2852,-0.05216136,-0.11437665,-0.04113429,-0.05216136,-6635.2036,127205.3315,OK,0.0000,265.4081,4.0000,96.0000,AG03-UNRESOLVED,ALL5_LEVELS_bet23_to_bet27,265.4081,265.4081,265.4081,331.7602,331.7602,4.000000,4.000000,4.000000,5.000000,5.000000,96.000000,96.000000,96.000000,95.000000,95.000000,5.0,1459.7448,1337.1644,5175.4588,5298.0391,PENDING_AG03,FALSE,NOT_FOR_ENFORCEMENT,6369.7955,110565.8997,6635.2036,6369.7955,265.4081,0.05216136,0.05007491,265.4081,6369.7955,0.05007491,265.4081,265.4081,265.4081,331.7602,331.7602,6369.7955,0.05007491,1459.7448,1337.1644,5175.4588,5298.0391,0.04068586,0.04164951,0.00208645,29.8814,40.3832,2.3265,127.6001,7.3643,2446.2564,54.8462,43.4275,28.3160,5.1431,12.8578,28.9875,66.8604,128.5777,263.3173,7.8995,-2.6176,10.0,20.479237,2.324,28,180,56,8,0.15055597,0.05216136,0.11437665,0E-8,0.000000,0.905409,0.000000,-0.07324236,2026-03-22,2026-08-06,52,901,524,138,0.376812,1.533674,1.453326,0.501853,,,,,,,,GLOBAL_BASELINE_NO_ENTITY_RANKING,,,NOT_APPLICABLE_GLOBAL_BASELINE,HF9g-P5,,,,X 全窗基线 · 不参与实体赏罚,14191540,1420,A168_HF9F_20260827_0900,2026-08-27 09:00:00
2026-06-06,128173484,1400,0,356.6744670456,-73.7392959086,-73.7392959086,0.5000000,8,7,0.49999672762696013,0.474346164286,1.6031288391786888e-05,0.1258433639333534,1.6031288391786888e-05,0.02565056334096013,ELIGIBLE,R03b_20260811_FULL_v1,L1_ELIGIBILITY,v2026-08-11,2026-03-21..2026-08-06,baccarat_bet02_101_all_pairs_incl_sentinel,round_win = game_pnl > 0 (decisive only),COMPATIBILITY_ONLY_NOT_PRODUCTION,127205.3315,115172.8122,6635.2036,4257,2852,-0.05216136,-0.11437665,-0.04113429,-0.05216136,-6635.2036,127205.3315,OK,0.0000,265.4081,4.0000,96.0000,AG03-UNRESOLVED,ALL5_LEVELS_bet23_to_bet27,265.4081,265.4081,265.4081,331.7602,331.7602,4.000000,4.000000,4.000000,5.000000,5.000000,96.000000,96.000000,96.000000,95.000000,95.000000,5.0,1459.7448,1337.1644,5175.4588,5298.0391,PENDING_AG03,FALSE,NOT_FOR_ENFORCEMENT,6369.7955,110565.8997,6635.2036,6369.7955,265.4081,0.05216136,0.05007491,265.4081,6369.7955,0.05007491,265.4081,265.4081,265.4081,331.7602,331.7602,6369.7955,0.05007491,1459.7448,1337.1644,5175.4588,5298.0391,0.04068586,0.04164951,0.00208645,29.8814,40.3832,2.3265,127.6001,7.3643,2446.2564,54.8462,43.4275,28.3160,5.1431,12.8578,28.9875,66.8604,128.5777,263.3173,7.8995,-2.6176,10.0,20.479237,2.324,28,180,56,8,0.15055597,0.05216136,0.11437665,0E-8,0.000000,0.905409,0.000000,-0.07324236,2026-03-22,2026-08-06,52,901,524,138,0.376812,1.533674,1.453326,0.501853,,,,,,,,GLOBAL_BASELINE_NO_ENTITY_RANKING,,,NOT_APPLICABLE_GLOBAL_BASELINE,HF9g-P5,,,,X 全窗基线 · 不参与实体赏罚,14191541,1420,A168_HF9F_20260827_0900,2026-08-27 09:00:00
2026-06-06,128173484,1623,0,28.2870882300,-28.2870882300,-28.2870882300,0E-7,2,1,0.46919179999933788,0.300626750000,-0.9401700128621151,-0.655630731788307,-0.9401700128621151,0.16856504999933788,ELIGIBLE,R03b_20260811_FULL_v1,L1_ELIGIBILITY,v2026-08-11,2026-03-21..2026-08-06,baccarat_bet02_101_all_pairs_incl_sentinel,round_win = game_pnl > 0 (decisive only),COMPATIBILITY_ONLY_NOT_PRODUCTION,127205.3315,115172.8122,6635.2036,4257,2852,-0.05216136,-0.11437665,-0.04113429,-0.05216136,-6635.2036,127205.3315,OK,0.0000,265.4081,4.0000,96.0000,AG03-UNRESOLVED,ALL5_LEVELS_bet23_to_bet27,265.4081,265.4081,265.4081,331.7602,331.7602,4.000000,4.000000,4.000000,5.000000,5.000000,96.000000,96.000000,96.000000,95.000000,95.000000,5.0,1459.7448,1337.1644,5175.4588,5298.0391,PENDING_AG03,FALSE,NOT_FOR_ENFORCEMENT,6369.7955,110565.8997,6635.2036,6369.7955,265.4081,0.05216136,0.05007491,265.4081,6369.7955,0.05007491,265.4081,265.4081,265.4081,331.7602,331.7602,6369.7955,0.05007491,1459.7448,1337.1644,5175.4588,5298.0391,0.04068586,0.04164951,0.00208645,29.8814,40.3832,2.3265,127.6001,7.3643,2446.2564,54.8462,43.4275,28.3160,5.1431,12.8578,28.9875,66.8604,128.5777,263.3173,7.8995,-2.6176,10.0,20.479237,2.324,28,180,56,8,0.15055597,0.05216136,0.11437665,0E-8,0.000000,0.905409,0.000000,-0.07324236,2026-03-22,2026-08-06,52,901,524,138,0.376812,1.533674,1.453326,0.501853,,,,,,,,GLOBAL_BASELINE_NO_ENTITY_RANKING,,,NOT_APPLICABLE_GLOBAL_BASELINE,HF9g-P5,,,,X 全窗基线 · 不参与实体赏罚,14191542,1420,A168_HF9F_20260827_0900,2026-08-27 09:00:00
2026-06-06,128173484,1940,0,7.7146604264,7.3289274050,7.3289274050,1.0000000,1,1,0.50665070000000000,0.506650700000,0.9867858985152569,0.9867858985152569,0.9867858985152569,0E-17,ELIGIBLE,R03b_20260811_FULL_v1,L1_ELIGIBILITY,v2026-08-11,2026-03-21..2026-08-06,baccarat_bet02_101_all_pairs_incl_sentinel,round_win = game_pnl > 0 (decisive only),COMPATIBILITY_ONLY_NOT_PRODUCTION,127205.3315,115172.8122,6635.2036,4257,2852,-0.05216136,-0.11437665,-0.04113429,-0.05216136,-6635.2036,127205.3315,OK,0.0000,265.4081,4.0000,96.0000,AG03-UNRESOLVED,ALL5_LEVELS_bet23_to_bet27,265.4081,265.4081,265.4081,331.7602,331.7602,4.000000,4.000000,4.000000,5.000000,5.000000,96.000000,96.000000,96.000000,95.000000,95.000000,5.0,1459.7448,1337.1644,5175.4588,5298.0391,PENDING_AG03,FALSE,NOT_FOR_ENFORCEMENT,6369.7955,110565.8997,6635.2036,6369.7955,265.4081,0.05216136,0.05007491,265.4081,6369.7955,0.05007491,265.4081,265.4081,265.4081,331.7602,331.7602,6369.7955,0.05007491,1459.7448,1337.1644,5175.4588,5298.0391,0.04068586,0.04164951,0.00208645,29.8814,40.3832,2.3265,127.6001,7.3643,2446.2564,54.8462,43.4275,28.3160,5.1431,12.8578,28.9875,66.8604,128.5777,263.3173,7.8995,-2.6176,10.0,20.479237,2.324,28,180,56,8,0.15055597,0.05216136,0.11437665,0E-8,0.000000,0.905409,0.000000,-0.07324236,2026-03-22,2026-08-06,52,901,524,138,0.376812,1.533674,1.453326,0.501853,,,,,,,,GLOBAL_BASELINE_NO_ENTITY_RANKING,,,NOT_APPLICABLE_GLOBAL_BASELINE,HF9g-P5,,,,X 全窗基线 · 不参与实体赏罚,14191543,1420,A168_HF9F_20260827_0900,2026-08-27 09:00:00
2026-06-06,128173484,1947,0,41.1448556073,34.0730835497,34.0730835497,1.0000000,2,1,0.47965443124954071,0.290680550000,1.0415537807930488,1.5621148022658344,1.0415537807930488,0.18897388124954071,ELIGIBLE,R03b_20260811_FULL_v1,L1_ELIGIBILITY,v2026-08-11,2026-03-21..2026-08-06,baccarat_bet02_101_all_pairs_incl_sentinel,round_win = game_pnl > 0 (decisive only),COMPATIBILITY_ONLY_NOT_PRODUCTION,127205.3315,115172.8122,6635.2036,4257,2852,-0.05216136,-0.11437665,-0.04113429,-0.05216136,-6635.2036,127205.3315,OK,0.0000,265.4081,4.0000,96.0000,AG03-UNRESOLVED,ALL5_LEVELS_bet23_to_bet27,265.4081,265.4081,265.4081,331.7602,331.7602,4.000000,4.000000,4.000000,5.000000,5.000000,96.000000,96.000000,96.000000,95.000000,95.000000,5.0,1459.7448,1337.1644,5175.4588,5298.0391,PENDING_AG03,FALSE,NOT_FOR_ENFORCEMENT,6369.7955,110565.8997,6635.2036,6369.7955,265.4081,0.05216136,0.05007491,265.4081,6369.7955,0.05007491,265.4081,265.4081,265.4081,331.7602,331.7602,6369.7955,0.05007491,1459.7448,1337.1644,5175.4588,5298.0391,0.04068586,0.04164951,0.00208645,29.8814,40.3832,2.3265,127.6001,7.3643,2446.2564,54.8462,43.4275,28.3160,5.1431,12.8578,28.9875,66.8604,128.5777,263.3173,7.8995,-2.6176,10.0,20.479237,2.324,28,180,56,8,0.15055597,0.05216136,0.11437665,0E-8,0.000000,0.905409,0.000000,-0.07324236,2026-03-22,2026-08-06,52,901,524,138,0.376812,1.533674,1.453326,0.501853,,,,,,,,GLOBAL_BASELINE_NO_ENTITY_RANKING,,,NOT_APPLICABLE_GLOBAL_BASELINE,HF9g-P5,,,,X 全窗基线 · 不参与实体赏罚,14191544,1420,A168_HF9F_20260827_0900,2026-08-27 09:00:00
2026-06-06,128173484,1994,0,126.5204309923,95.4046339394,95.4046339394,0.7500000,6,4,0.47884005113754090,0.396122212500,1.0856123827511044,1.447085438338084,1.0856123827511044,0.08271783863754090,ELIGIBLE,R03b_20260811_FULL_v1,L1_ELIGIBILITY,v2026-08-11,2026-03-21..2026-08-06,baccarat_bet02_101_all_pairs_incl_sentinel,round_win = game_pnl > 0 (decisive only),COMPATIBILITY_ONLY_NOT_PRODUCTION,127205.3315,115172.8122,6635.2036,4257,2852,-0.05216136,-0.11437665,-0.04113429,-0.05216136,-6635.2036,127205.3315,OK,0.0000,265.4081,4.0000,96.0000,AG03-UNRESOLVED,ALL5_LEVELS_bet23_to_bet27,265.4081,265.4081,265.4081,331.7602,331.7602,4.000000,4.000000,4.000000,5.000000,5.000000,96.000000,96.000000,96.000000,95.000000,95.000000,5.0,1459.7448,1337.1644,5175.4588,5298.0391,PENDING_AG03,FALSE,NOT_FOR_ENFORCEMENT,6369.7955,110565.8997,6635.2036,6369.7955,265.4081,0.05216136,0.05007491,265.4081,6369.7955,0.05007491,265.4081,265.4081,265.4081,331.7602,331.7602,6369.7955,0.05007491,1459.7448,1337.1644,5175.4588,5298.0391,0.04068586,0.04164951,0.00208645,29.8814,40.3832,2.3265,127.6001,7.3643,2446.2564,54.8462,43.4275,28.3160,5.1431,12.8578,28.9875,66.8604,128.5777,263.3173,7.8995,-2.6176,10.0,20.479237,2.324,28,180,56,8,0.15055597,0.05216136,0.11437665,0E-8,0.000000,0.905409,0.000000,-0.07324236,2026-03-22,2026-08-06,52,901,524,138,0.376812,1.533674,1.453326,0.501853,,,,,,,,GLOBAL_BASELINE_NO_ENTITY_RANKING,,,NOT_APPLICABLE_GLOBAL_BASELINE,HF9g-P5,,,,X 全窗基线 · 不参与实体赏罚,14191545,1420,A168_HF9F_20260827_0900,2026-08-27 09:00:00
2026-06-06,128173484,2101,0,166.6366652096,-126.5204309925,-126.5204309925,0.5000000,6,4,0.47927696915211176,0.395314325000,0.08296341029723717,0.42823399172045257,0.08296341029723717,0.08396264415211176,ELIGIBLE,R03b_20260811_FULL_v1,L1_ELIGIBILITY,v2026-08-11,2026-03-21..2026-08-06,baccarat_bet02_101_all_pairs_incl_sentinel,round_win = game_pnl > 0 (decisive only),COMPATIBILITY_ONLY_NOT_PRODUCTION,127205.3315,115172.8122,6635.2036,4257,2852,-0.05216136,-0.11437665,-0.04113429,-0.05216136,-6635.2036,127205.3315,OK,0.0000,265.4081,4.0000,96.0000,AG03-UNRESOLVED,ALL5_LEVELS_bet23_to_bet27,265.4081,265.4081,265.4081,331.7602,331.7602,4.000000,4.000000,4.000000,5.000000,5.000000,96.000000,96.000000,96.000000,95.000000,95.000000,5.0,1459.7448,1337.1644,5175.4588,5298.0391,PENDING_AG03,FALSE,NOT_FOR_ENFORCEMENT,6369.7955,110565.8997,6635.2036,6369.7955,265.4081,0.05216136,0.05007491,265.4081,6369.7955,0.05007491,265.4081,265.4081,265.4081,331.7602,331.7602,6369.7955,0.05007491,1459.7448,1337.1644,5175.4588,5298.0391,0.04068586,0.04164951,0.00208645,29.8814,40.3832,2.3265,127.6001,7.3643,2446.2564,54.8462,43.4275,28.3160,5.1431,12.8578,28.9875,66.8604,128.5777,263.3173,7.8995,-2.6176,10.0,20.479237,2.324,28,180,56,8,0.15055597,0.05216136,0.11437665,0E-8,0.000000,0.905409,0.000000,-0.07324236,2026-03-22,2026-08-06,52,901,524,138,0.376812,1.533674,1.453326,0.501853,,,,,,,,GLOBAL_BASELINE_NO_ENTITY_RANKING,,,NOT_APPLICABLE_GLOBAL_BASELINE,HF9g-P5,,,,X 全窗基线 · 不参与实体赏罚,14191546,1420,A168_HF9F_20260827_0900,2026-08-27 09:00:00
2026-06-06,128173484,2152,0,287.7568339034,280.5564841722,280.5564841722,1.0000000,3,2,0.46862578823553548,0.388611725000,1.5059208377009112,1.7738447249019722,1.5059208377009112,0.08001406323553548,ELIGIBLE,R03b_20260811_FULL_v1,L1_ELIGIBILITY,v2026-08-11,2026-03-21..2026-08-06,baccarat_bet02_101_all_pairs_incl_sentinel,round_win = game_pnl > 0 (decisive only),COMPATIBILITY_ONLY_NOT_PRODUCTION,127205.3315,115172.8122,6635.2036,4257,2852,-0.05216136,-0.11437665,-0.04113429,-0.05216136,-6635.2036,127205.3315,OK,0.0000,265.4081,4.0000,96.0000,AG03-UNRESOLVED,ALL5_LEVELS_bet23_to_bet27,265.4081,265.4081,265.4081,331.7602,331.7602,4.000000,4.000000,4.000000,5.000000,5.000000,96.000000,96.000000,96.000000,95.000000,95.000000,5.0,1459.7448,1337.1644,5175.4588,5298.0391,PENDING_AG03,FALSE,NOT_FOR_ENFORCEMENT,6369.7955,110565.8997,6635.2036,6369.7955,265.4081,0.05216136,0.05007491,265.4081,6369.7955,0.05007491,265.4081,265.4081,265.4081,331.7602,331.7602,6369.7955,0.05007491,1459.7448,1337.1644,5175.4588,5298.0391,0.04068586,0.04164951,0.00208645,29.8814,40.3832,2.3265,127.6001,7.3643,2446.2564,54.8462,43.4275,28.3160,5.1431,12.8578,28.9875,66.8604,128.5777,263.3173,7.8995,-2.6176,10.0,20.479237,2.324,28,180,56,8,0.15055597,0.05216136,0.11437665,0E-8,0.000000,0.905409,0.000000,-0.07324236,2026-03-22,2026-08-06,52,901,524,138,0.376812,1.533674,1.453326,0.501853,,,,,,,,GLOBAL_BASELINE_NO_ENTITY_RANKING,,,NOT_APPLICABLE_GLOBAL_BASELINE,HF9g-P5,,,,X 全窗基线 · 不参与实体赏罚,14191547,1420,A168_HF9F_20260827_0900,2026-08-27 09:00:00
2026-06-06,128173484,2170,0,763.4942268626,-22.4368040735,-22.4368040735,0.5555556,18,9,0.47209522438992376,0.309487040741,0.5015436767033056,1.5968721684056286,0.5015436767033056,0.16260818364892376,ELIGIBLE,R03b_20260811_FULL_v1,L1_ELIGIBILITY,v2026-08-11,2026-03-21..2026-08-06,baccarat_bet02_101_all_pairs_incl_sentinel,round_win = game_pnl > 0 (decisive only),COMPATIBILITY_ONLY_NOT_PRODUCTION,127205.3315,115172.8122,6635.2036,4257,2852,-0.05216136,-0.11437665,-0.04113429,-0.05216136,-6635.2036,127205.3315,OK,0.0000,265.4081,4.0000,96.0000,AG03-UNRESOLVED,ALL5_LEVELS_bet23_to_bet27,265.4081,265.4081,265.4081,331.7602,331.7602,4.000000,4.000000,4.000000,5.000000,5.000000,96.000000,96.000000,96.000000,95.000000,95.000000,5.0,1459.7448,1337.1644,5175.4588,5298.0391,PENDING_AG03,FALSE,NOT_FOR_ENFORCEMENT,6369.7955,110565.8997,6635.2036,6369.7955,265.4081,0.05216136,0.05007491,265.4081,6369.7955,0.05007491,265.4081,265.4081,265.4081,331.7602,331.7602,6369.7955,0.05007491,1459.7448,1337.1644,5175.4588,5298.0391,0.04068586,0.04164951,0.00208645,29.8814,40.3832,2.3265,127.6001,7.3643,2446.2564,54.8462,43.4275,28.3160,5.1431,12.8578,28.9875,66.8604,128.5777,263.3173,7.8995,-2.6176,10.0,20.479237,2.324,28,180,56,8,0.15055597,0.05216136,0.11437665,0E-8,0.000000,0.905409,0.000000,-0.07324236,2026-03-22,2026-08-06,52,901,524,138,0.376812,1.533674,1.453326,0.501853,,,,,,,,GLOBAL_BASELINE_NO_ENTITY_RANKING,,,NOT_APPLICABLE_GLOBAL_BASELINE,HF9g-P5,,,,X 全窗基线 · 不参与实体赏罚,14191548,1420,A168_HF9F_20260827_0900,2026-08-27 09:00:00
2026-06-06,128173484,2177,0,547.2265795765,404.7882325714,404.7882325714,0.8181818,15,12,0.48413979960779463,0.448730362500,2.216899664630571,2.463649718100798,2.216899664630571,0.03540943710779463,ELIGIBLE,R03b_20260811_FULL_v1,L1_ELIGIBILITY,v2026-08-11,2026-03-21..2026-08-06,baccarat_bet02_101_all_pairs_incl_sentinel,round_win = game_pnl > 0 (decisive only),COMPATIBILITY_ONLY_NOT_PRODUCTION,127205.3315,115172.8122,6635.2036,4257,2852,-0.05216136,-0.11437665,-0.04113429,-0.05216136,-6635.2036,127205.3315,OK,0.0000,265.4081,4.0000,96.0000,AG03-UNRESOLVED,ALL5_LEVELS_bet23_to_bet27,265.4081,265.4081,265.4081,331.7602,331.7602,4.000000,4.000000,4.000000,5.000000,5.000000,96.000000,96.000000,96.000000,95.000000,95.000000,5.0,1459.7448,1337.1644,5175.4588,5298.0391,PENDING_AG03,FALSE,NOT_FOR_ENFORCEMENT,6369.7955,110565.8997,6635.2036,6369.7955,265.4081,0.05216136,0.05007491,265.4081,6369.7955,0.05007491,265.4081,265.4081,265.4081,331.7602,331.7602,6369.7955,0.05007491,1459.7448,1337.1644,5175.4588,5298.0391,0.04068586,0.04164951,0.00208645,29.8814,40.3832,2.3265,127.6001,7.3643,2446.2564,54.8462,43.4275,28.3160,5.1431,12.8578,28.9875,66.8604,128.5777,263.3173,7.8995,-2.6176,10.0,20.479237,2.324,28,180,56,8,0.15055597,0.05216136,0.11437665,0E-8,0.000000,0.905409,0.000000,-0.07324236,2026-03-22,2026-08-06,52,901,524,138,0.376812,1.533674,1.453326,0.501853,,,,,,,,GLOBAL_BASELINE_NO_ENTITY_RANKING,,,NOT_APPLICABLE_GLOBAL_BASELINE,HF9g-P5,,,,X 全窗基线 · 不参与实体赏罚,14191549,1420,A168_HF9F_20260827_0900,2026-08-27 09:00:00
2026-06-06,128173484,2216,0,33.4301951811,-7.7146604265,-7.7146604265,0.5000000,5,2,0.40165371071320657,0.257384508334,0.28370747802249485,0.7848023989550992,0.28370747802249485,0.14426920237920657,ELIGIBLE,R03b_20260811_FULL_v1,L1_ELIGIBILITY,v2026-08-11,2026-03-21..2026-08-06,baccarat_bet02_101_all_pairs_incl_sentinel,round_win = game_pnl > 0 (decisive only),COMPATIBILITY_ONLY_NOT_PRODUCTION,127205.3315,115172.8122,6635.2036,4257,2852,-0.05216136,-0.11437665,-0.04113429,-0.05216136,-6635.2036,127205.3315,OK,0.0000,265.4081,4.0000,96.0000,AG03-UNRESOLVED,ALL5_LEVELS_bet23_to_bet27,265.4081,265.4081,265.4081,331.7602,331.7602,4.000000,4.000000,4.000000,5.000000,5.000000,96.000000,96.000000,96.000000,95.000000,95.000000,5.0,1459.7448,1337.1644,5175.4588,5298.0391,PENDING_AG03,FALSE,NOT_FOR_ENFORCEMENT,6369.7955,110565.8997,6635.2036,6369.7955,265.4081,0.05216136,0.05007491,265.4081,6369.7955,0.05007491,265.4081,265.4081,265.4081,331.7602,331.7602,6369.7955,0.05007491,1459.7448,1337.1644,5175.4588,5298.0391,0.04068586,0.04164951,0.00208645,29.8814,40.3832,2.3265,127.6001,7.3643,2446.2564,54.8462,43.4275,28.3160,5.1431,12.8578,28.9875,66.8604,128.5777,263.3173,7.8995,-2.6176,10.0,20.479237,2.324,28,180,56,8,0.15055597,0.05216136,0.11437665,0E-8,0.000000,0.905409,0.000000,-0.07324236,2026-03-22,2026-08-06,52,901,524,138,0.376812,1.533674,1.453326,0.501853,,,,,,,,GLOBAL_BASELINE_NO_ENTITY_RANKING,,,NOT_APPLICABLE_GLOBAL_BASELINE,HF9g-P5,,,,X 全窗基线 · 不参与实体赏罚,14191550,1420,A168_HF9F_20260827_0900,2026-08-27 09:00:00
2026-06-06,128173484,2235,0,164.8365777767,-69.6890991848,-69.6890991848,0.2000000,9,5,0.44530033600784603,0.331188720000,-1.103640635078935,-0.6232925471093089,-1.103640635078935,0.11411161600784603,ELIGIBLE,R03b_20260811_FULL_v1,L1_ELIGIBILITY,v2026-08-11,2026-03-21..2026-08-06,baccarat_bet02_101_all_pairs_incl_sentinel,round_win = game_pnl > 0 (decisive only),COMPATIBILITY_ONLY_NOT_PRODUCTION,127205.3315,115172.8122,6635.2036,4257,2852,-0.05216136,-0.11437665,-0.04113429,-0.05216136,-6635.2036,127205.3315,OK,0.0000,265.4081,4.0000,96.0000,AG03-UNRESOLVED,ALL5_LEVELS_bet23_to_bet27,265.4081,265.4081,265.4081,331.7602,331.7602,4.000000,4.000000,4.000000,5.000000,5.000000,96.000000,96.000000,96.000000,95.000000,95.000000,5.0,1459.7448,1337.1644,5175.4588,5298.0391,PENDING_AG03,FALSE,NOT_FOR_ENFORCEMENT,6369.7955,110565.8997,6635.2036,6369.7955,265.4081,0.05216136,0.05007491,265.4081,6369.7955,0.05007491,265.4081,265.4081,265.4081,331.7602,331.7602,6369.7955,0.05007491,1459.7448,1337.1644,5175.4588,5298.0391,0.04068586,0.04164951,0.00208645,29.8814,40.3832,2.3265,127.6001,7.3643,2446.2564,54.8462,43.4275,28.3160,5.1431,12.8578,28.9875,66.8604,128.5777,263.3173,7.8995,-2.6176,10.0,20.479237,2.324,28,180,56,8,0.15055597,0.05216136,0.11437665,0E-8,0.000000,0.905409,0.000000,-0.07324236,2026-03-22,2026-08-06,52,901,524,138,0.376812,1.533674,1.453326,0.501853,,,,,,,,GLOBAL_BASELINE_NO_ENTITY_RANKING,,,NOT_APPLICABLE_GLOBAL_BASELINE,HF9g-P5,,,,X 全窗基线 · 不参与实体赏罚,14191551,1420,A168_HF9F_20260827_0900,2026-08-27 09:00:00
2026-06-06,128173484,2248,0,12.8577673773,0E-10,0E-10,,1,1,0.49324550000000000,0.493245500000,,,,0E-17,NO_DECISIVE_ROUND,R03b_20260811_FULL_v1,L1_ELIGIBILITY,v2026-08-11,2026-03-21..2026-08-06,baccarat_bet02_101_all_pairs_incl_sentinel,round_win = game_pnl > 0 (decisive only),COMPATIBILITY_ONLY_NOT_PRODUCTION,127205.3315,115172.8122,6635.2036,4257,2852,-0.05216136,-0.11437665,-0.04113429,-0.05216136,-6635.2036,127205.3315,OK,0.0000,265.4081,4.0000,96.0000,AG03-UNRESOLVED,ALL5_LEVELS_bet23_to_bet27,265.4081,265.4081,265.4081,331.7602,331.7602,4.000000,4.000000,4.000000,5.000000,5.000000,96.000000,96.000000,96.000000,95.000000,95.000000,5.0,1459.7448,1337.1644,5175.4588,5298.0391,PENDING_AG03,FALSE,NOT_FOR_ENFORCEMENT,6369.7955,110565.8997,6635.2036,6369.7955,265.4081,0.05216136,0.05007491,265.4081,6369.7955,0.05007491,265.4081,265.4081,265.4081,331.7602,331.7602,6369.7955,0.05007491,1459.7448,1337.1644,5175.4588,5298.0391,0.04068586,0.04164951,0.00208645,29.8814,40.3832,2.3265,127.6001,7.3643,2446.2564,54.8462,43.4275,28.3160,5.1431,12.8578,28.9875,66.8604,128.5777,263.3173,7.8995,-2.6176,10.0,20.479237,2.324,28,180,56,8,0.15055597,0.05216136,0.11437665,0E-8,0.000000,0.905409,0.000000,-0.07324236,2026-03-22,2026-08-06,52,901,524,138,0.376812,1.533674,1.453326,0.501853,,,,,,,,GLOBAL_BASELINE_NO_ENTITY_RANKING,,,NOT_APPLICABLE_GLOBAL_BASELINE,HF9g-P5,,,,X 全窗基线 · 不参与实体赏罚,14191552,1420,A168_HF9F_20260827_0900,2026-08-27 09:00:00
2026-06-06,128173484,2276,0,28.2870882300,23.1439812790,23.1439812790,1.0000000,2,1,0.45700525454481397,0.293924150000,1.0900269025069476,1.549915577879723,1.0900269025069476,0.16308110454481397,ELIGIBLE,R03b_20260811_FULL_v1,L1_ELIGIBILITY,v2026-08-11,2026-03-21..2026-08-06,baccarat_bet02_101_all_pairs_incl_sentinel,round_win = game_pnl > 0 (decisive only),COMPATIBILITY_ONLY_NOT_PRODUCTION,127205.3315,115172.8122,6635.2036,4257,2852,-0.05216136,-0.11437665,-0.04113429,-0.05216136,-6635.2036,127205.3315,OK,0.0000,265.4081,4.0000,96.0000,AG03-UNRESOLVED,ALL5_LEVELS_bet23_to_bet27,265.4081,265.4081,265.4081,331.7602,331.7602,4.000000,4.000000,4.000000,5.000000,5.000000,96.000000,96.000000,96.000000,95.000000,95.000000,5.0,1459.7448,1337.1644,5175.4588,5298.0391,PENDING_AG03,FALSE,NOT_FOR_ENFORCEMENT,6369.7955,110565.8997,6635.2036,6369.7955,265.4081,0.05216136,0.05007491,265.4081,6369.7955,0.05007491,265.4081,265.4081,265.4081,331.7602,331.7602,6369.7955,0.05007491,1459.7448,1337.1644,5175.4588,5298.0391,0.04068586,0.04164951,0.00208645,29.8814,40.3832,2.3265,127.6001,7.3643,2446.2564,54.8462,43.4275,28.3160,5.1431,12.8578,28.9875,66.8604,128.5777,263.3173,7.8995,-2.6176,10.0,20.479237,2.324,28,180,56,8,0.15055597,0.05216136,0.11437665,0E-8,0.000000,0.905409,0.000000,-0.07324236,2026-03-22,2026-08-06,52,901,524,138,0.376812,1.533674,1.453326,0.501853,,,,,,,,GLOBAL_BASELINE_NO_ENTITY_RANKING,,,NOT_APPLICABLE_GLOBAL_BASELINE,HF9g-P5,,,,X 全窗基线 · 不参与实体赏罚,14191553,1420,A168_HF9F_20260827_0900,2026-08-27 09:00:00
2026-06-06,128173484,471,0,15.4293208528,9.6433255329,9.6433255329,1.0000000,2,1,0.43465663333240012,0.290668500000,1.1404677123072473,1.562160450482473,1.1404677123072473,0.14398813333240012,ELIGIBLE,R03b_20260811_FULL_v1,L1_ELIGIBILITY,v2026-08-11,2026-03-21..2026-08-06,baccarat_bet02_101_all_pairs_incl_sentinel,round_win = game_pnl > 0 (decisive only),COMPATIBILITY_ONLY_NOT_PRODUCTION,127205.3315,115172.8122,6635.2036,4257,2852,-0.05216136,-0.11437665,-0.04113429,-0.05216136,-6635.2036,127205.3315,OK,0.0000,265.4081,4.0000,96.0000,AG03-UNRESOLVED,ALL5_LEVELS_bet23_to_bet27,265.4081,265.4081,265.4081,331.7602,331.7602,4.000000,4.000000,4.000000,5.000000,5.000000,96.000000,96.000000,96.000000,95.000000,95.000000,5.0,1459.7448,1337.1644,5175.4588,5298.0391,PENDING_AG03,FALSE,NOT_FOR_ENFORCEMENT,6369.7955,110565.8997,6635.2036,6369.7955,265.4081,0.05216136,0.05007491,265.4081,6369.7955,0.05007491,265.4081,265.4081,265.4081,331.7602,331.7602,6369.7955,0.05007491,1459.7448,1337.1644,5175.4588,5298.0391,0.04068586,0.04164951,0.00208645,29.8814,40.3832,2.3265,127.6001,7.3643,2446.2564,54.8462,43.4275,28.3160,5.1431,12.8578,28.9875,66.8604,128.5777,263.3173,7.8995,-2.6176,10.0,20.479237,2.324,28,180,56,8,0.15055597,0.05216136,0.11437665,0E-8,0.000000,0.905409,0.000000,-0.07324236,2026-03-22,2026-08-06,52,901,524,138,0.376812,1.533674,1.453326,0.501853,,,,,,,,GLOBAL_BASELINE_NO_ENTITY_RANKING,,,NOT_APPLICABLE_GLOBAL_BASELINE,HF9g-P5,,,,X 全窗基线 · 不参与实体赏罚,14191554,1420,A168_HF9F_20260827_0900,2026-08-27 09:00:00
2026-06-06,128173484,526,0,128.5776737728,-25.7155347546,-25.7155347546,0.3333333,6,3,0.45301570454518798,0.291757733333,-0.41643455068999674,0.15841527082004367,-0.41643455068999674,0.16125797121218798,ELIGIBLE,R03b_20260811_FULL_v1,L1_ELIGIBILITY,v2026-08-11,2026-03-21..2026-08-06,baccarat_bet02_101_all_pairs_incl_sentinel,round_win = game_pnl > 0 (decisive only),COMPATIBILITY_ONLY_NOT_PRODUCTION,127205.3315,115172.8122,6635.2036,4257,2852,-0.05216136,-0.11437665,-0.04113429,-0.05216136,-6635.2036,127205.3315,OK,0.0000,265.4081,4.0000,96.0000,AG03-UNRESOLVED,ALL5_LEVELS_bet23_to_bet27,265.4081,265.4081,265.4081,331.7602,331.7602,4.000000,4.000000,4.000000,5.000000,5.000000,96.000000,96.000000,96.000000,95.000000,95.000000,5.0,1459.7448,1337.1644,5175.4588,5298.0391,PENDING_AG03,FALSE,NOT_FOR_ENFORCEMENT,6369.7955,110565.8997,6635.2036,6369.7955,265.4081,0.05216136,0.05007491,265.4081,6369.7955,0.05007491,265.4081,265.4081,265.4081,331.7602,331.7602,6369.7955,0.05007491,1459.7448,1337.1644,5175.4588,5298.0391,0.04068586,0.04164951,0.00208645,29.8814,40.3832,2.3265,127.6001,7.3643,2446.2564,54.8462,43.4275,28.3160,5.1431,12.8578,28.9875,66.8604,128.5777,263.3173,7.8995,-2.6176,10.0,20.479237,2.324,28,180,56,8,0.15055597,0.05216136,0.11437665,0E-8,0.000000,0.905409,0.000000,-0.07324236,2026-03-22,2026-08-06,52,901,524,138,0.376812,1.533674,1.453326,0.501853,,,,,,,,GLOBAL_BASELINE_NO_ENTITY_RANKING,,,NOT_APPLICABLE_GLOBAL_BASELINE,HF9g-P5,,,,X 全窗基线 · 不参与实体赏罚,14191555,1420,A168_HF9F_20260827_0900,2026-08-27 09:00:00
2026-06-06,128173484,583,0,128.5776737727,-128.5776737727,-128.5776737727,0E-7,1,1,0.50665070000000000,0.506650700000,-1.013391052207602,-1.013391052207602,-1.013391052207602,0E-17,ELIGIBLE,R03b_20260811_FULL_v1,L1_ELIGIBILITY,v2026-08-11,2026-03-21..2026-08-06,baccarat_bet02_101_all_pairs_incl_sentinel,round_win = game_pnl > 0 (decisive only),COMPATIBILITY_ONLY_NOT_PRODUCTION,127205.3315,115172.8122,6635.2036,4257,2852,-0.05216136,-0.11437665,-0.04113429,-0.05216136,-6635.2036,127205.3315,OK,0.0000,265.4081,4.0000,96.0000,AG03-UNRESOLVED,ALL5_LEVELS_bet23_to_bet27,265.4081,265.4081,265.4081,331.7602,331.7602,4.000000,4.000000,4.000000,5.000000,5.000000,96.000000,96.000000,96.000000,95.000000,95.000000,5.0,1459.7448,1337.1644,5175.4588,5298.0391,PENDING_AG03,FALSE,NOT_FOR_ENFORCEMENT,6369.7955,110565.8997,6635.2036,6369.7955,265.4081,0.05216136,0.05007491,265.4081,6369.7955,0.05007491,265.4081,265.4081,265.4081,331.7602,331.7602,6369.7955,0.05007491,1459.7448,1337.1644,5175.4588,5298.0391,0.04068586,0.04164951,0.00208645,29.8814,40.3832,2.3265,127.6001,7.3643,2446.2564,54.8462,43.4275,28.3160,5.1431,12.8578,28.9875,66.8604,128.5777,263.3173,7.8995,-2.6176,10.0,20.479237,2.324,28,180,56,8,0.15055597,0.05216136,0.11437665,0E-8,0.000000,0.905409,0.000000,-0.07324236,2026-03-22,2026-08-06,52,901,524,138,0.376812,1.533674,1.453326,0.501853,,,,,,,,GLOBAL_BASELINE_NO_ENTITY_RANKING,,,NOT_APPLICABLE_GLOBAL_BASELINE,HF9g-P5,,,,X 全窗基线 · 不参与实体赏罚,14191556,1420,A168_HF9F_20260827_0900,2026-08-27 09:00:00
2026-06-09,128173484,-1,1,154.2932085273,128.5776737727,128.5776737727,1.0000000,3,2,0.47422008181814147,0.388605700000,1.489110838039798,1.7738672161539373,1.489110838039798,0.08561438181814147,SENTINEL_DEALER,R03b_20260811_FULL_v1,L1_ELIGIBILITY,v2026-08-11,2026-03-21..2026-08-06,baccarat_bet02_101_all_pairs_incl_sentinel,round_win = game_pnl > 0 (decisive only),COMPATIBILITY_ONLY_NOT_PRODUCTION,127205.3315,115172.8122,6635.2036,4257,2852,-0.05216136,-0.11437665,-0.04113429,-0.05216136,-6635.2036,127205.3315,OK,0.0000,265.4081,4.0000,96.0000,AG03-UNRESOLVED,ALL5_LEVELS_bet23_to_bet27,265.4081,265.4081,265.4081,331.7602,331.7602,4.000000,4.000000,4.000000,5.000000,5.000000,96.000000,96.000000,96.000000,95.000000,95.000000,5.0,1459.7448,1337.1644,5175.4588,5298.0391,PENDING_AG03,FALSE,NOT_FOR_ENFORCEMENT,6369.7955,110565.8997,6635.2036,6369.7955,265.4081,0.05216136,0.05007491,265.4081,6369.7955,0.05007491,265.4081,265.4081,265.4081,331.7602,331.7602,6369.7955,0.05007491,1459.7448,1337.1644,5175.4588,5298.0391,0.04068586,0.04164951,0.00208645,29.8814,40.3832,2.3265,127.6001,7.3643,2446.2564,54.8462,43.4275,28.3160,5.1431,12.8578,28.9875,66.8604,128.5777,263.3173,7.8995,-2.6176,10.0,20.479237,2.324,28,180,56,8,0.15055597,0.05216136,0.11437665,0E-8,0.000000,0.905409,0.000000,-0.07324236,2026-03-22,2026-08-06,52,901,524,138,0.376812,1.533674,1.453326,0.501853,,,,,,,,GLOBAL_BASELINE_NO_ENTITY_RANKING,,,NOT_APPLICABLE_GLOBAL_BASELINE,HF9g-P5,,,,X 全窗基线 · 不参与实体赏罚,14191557,1420,A168_HF9F_20260827_0900,2026-08-27 09:00:00
2026-06-09,128173484,1157,0,69.9462545324,18.1294520019,18.1294520019,0.3333333,6,4,0.43815984852855869,0.391963025000,-0.3659393402622512,-0.2080131029143735,-0.3659393402622512,0.04619682352855869,ELIGIBLE,R03b_20260811_FULL_v1,L1_ELIGIBILITY,v2026-08-11,2026-03-21..2026-08-06,baccarat_bet02_101_all_pairs_incl_sentinel,round_win = game_pnl > 0 (decisive only),COMPATIBILITY_ONLY_NOT_PRODUCTION,127205.3315,115172.8122,6635.2036,4257,2852,-0.05216136,-0.11437665,-0.04113429,-0.05216136,-6635.2036,127205.3315,OK,0.0000,265.4081,4.0000,96.0000,AG03-UNRESOLVED,ALL5_LEVELS_bet23_to_bet27,265.4081,265.4081,265.4081,331.7602,331.7602,4.000000,4.000000,4.000000,5.000000,5.000000,96.000000,96.000000,96.000000,95.000000,95.000000,5.0,1459.7448,1337.1644,5175.4588,5298.0391,PENDING_AG03,FALSE,NOT_FOR_ENFORCEMENT,6369.7955,110565.8997,6635.2036,6369.7955,265.4081,0.05216136,0.05007491,265.4081,6369.7955,0.05007491,265.4081,265.4081,265.4081,331.7602,331.7602,6369.7955,0.05007491,1459.7448,1337.1644,5175.4588,5298.0391,0.04068586,0.04164951,0.00208645,29.8814,40.3832,2.3265,127.6001,7.3643,2446.2564,54.8462,43.4275,28.3160,5.1431,12.8578,28.9875,66.8604,128.5777,263.3173,7.8995,-2.6176,10.0,20.479237,2.324,28,180,56,8,0.15055597,0.05216136,0.11437665,0E-8,0.000000,0.905409,0.000000,-0.07324236,2026-03-22,2026-08-06,52,901,524,138,0.376812,1.533674,1.453326,0.501853,,,,,,,,GLOBAL_BASELINE_NO_ENTITY_RANKING,,,NOT_APPLICABLE_GLOBAL_BASELINE,HF9g-P5,,,,X 全窗基线 · 不参与实体赏罚,14191558,1420,A168_HF9F_20260827_0900,2026-08-27 09:00:00
2026-06-09,128173484,1299,0,28.2870882300,-28.2870882300,-28.2870882300,0E-7,2,1,0.46919179999933788,0.300626750000,-0.9401700128621151,-0.655630731788307,-0.9401700128621151,0.16856504999933788,ELIGIBLE,R03b_20260811_FULL_v1,L1_ELIGIBILITY,v2026-08-11,2026-03-21..2026-08-06,baccarat_bet02_101_all_pairs_incl_sentinel,round_win = game_pnl > 0 (decisive only),COMPATIBILITY_ONLY_NOT_PRODUCTION,127205.3315,115172.8122,6635.2036,4257,2852,-0.05216136,-0.11437665,-0.04113429,-0.05216136,-6635.2036,127205.3315,OK,0.0000,265.4081,4.0000,96.0000,AG03-UNRESOLVED,ALL5_LEVELS_bet23_to_bet27,265.4081,265.4081,265.4081,331.7602,331.7602,4.000000,4.000000,4.000000,5.000000,5.000000,96.000000,96.000000,96.000000,95.000000,95.000000,5.0,1459.7448,1337.1644,5175.4588,5298.0391,PENDING_AG03,FALSE,NOT_FOR_ENFORCEMENT,6369.7955,110565.8997,6635.2036,6369.7955,265.4081,0.05216136,0.05007491,265.4081,6369.7955,0.05007491,265.4081,265.4081,265.4081,331.7602,331.7602,6369.7955,0.05007491,1459.7448,1337.1644,5175.4588,5298.0391,0.04068586,0.04164951,0.00208645,29.8814,40.3832,2.3265,127.6001,7.3643,2446.2564,54.8462,43.4275,28.3160,5.1431,12.8578,28.9875,66.8604,128.5777,263.3173,7.8995,-2.6176,10.0,20.479237,2.324,28,180,56,8,0.15055597,0.05216136,0.11437665,0E-8,0.000000,0.905409,0.000000,-0.07324236,2026-03-22,2026-08-06,52,901,524,138,0.376812,1.533674,1.453326,0.501853,,,,,,,,GLOBAL_BASELINE_NO_ENTITY_RANKING,,,NOT_APPLICABLE_GLOBAL_BASELINE,HF9g-P5,,,,X 全窗基线 · 不参与实体赏罚,14191559,1420,A168_HF9F_20260827_0900,2026-08-27 09:00:00
2026-06-09,128173484,1318,0,47.0594286009,-10.3247872039,-10.3247872039,0.7500000,5,4,0.48613073749977746,0.451793412500,1.0558833400940149,1.1984092611100932,1.0558833400940149,0.03433732499977746,ELIGIBLE,R03b_20260811_FULL_v1,L1_ELIGIBILITY,v2026-08-11,2026-03-21..2026-08-06,baccarat_bet02_101_all_pairs_incl_sentinel,round_win = game_pnl > 0 (decisive only),COMPATIBILITY_ONLY_NOT_PRODUCTION,127205.3315,115172.8122,6635.2036,4257,2852,-0.05216136,-0.11437665,-0.04113429,-0.05216136,-6635.2036,127205.3315,OK,0.0000,265.4081,4.0000,96.0000,AG03-UNRESOLVED,ALL5_LEVELS_bet23_to_bet27,265.4081,265.4081,265.4081,331.7602,331.7602,4.000000,4.000000,4.000000,5.000000,5.000000,96.000000,96.000000,96.000000,95.000000,95.000000,5.0,1459.7448,1337.1644,5175.4588,5298.0391,PENDING_AG03,FALSE,NOT_FOR_ENFORCEMENT,6369.7955,110565.8997,6635.2036,6369.7955,265.4081,0.05216136,0.05007491,265.4081,6369.7955,0.05007491,265.4081,265.4081,265.4081,331.7602,331.7602,6369.7955,0.05007491,1459.7448,1337.1644,5175.4588,5298.0391,0.04068586,0.04164951,0.00208645,29.8814,40.3832,2.3265,127.6001,7.3643,2446.2564,54.8462,43.4275,28.3160,5.1431,12.8578,28.9875,66.8604,128.5777,263.3173,7.8995,-2.6176,10.0,20.479237,2.324,28,180,56,8,0.15055597,0.05216136,0.11437665,0E-8,0.000000,0.905409,0.000000,-0.07324236,2026-03-22,2026-08-06,52,901,524,138,0.376812,1.533674,1.453326,0.501853,,,,,,,,GLOBAL_BASELINE_NO_ENTITY_RANKING,,,NOT_APPLICABLE_GLOBAL_BASELINE,HF9g-P5,,,,X 全窗基线 · 不参与实体赏罚,14191560,1420,A168_HF9F_20260827_0900,2026-08-27 09:00:00
2026-06-09,128173484,1331,0,108.7767120120,-13.0120605860,-13.0120605860,0.6000000,9,5,0.42321465666609573,0.331188720000,0.8000991345294655,1.2771530006765341,0.8000991345294655,0.09202593666609573,ELIGIBLE,R03b_20260811_FULL_v1,L1_ELIGIBILITY,v2026-08-11,2026-03-21..2026-08-06,baccarat_bet02_101_all_pairs_incl_sentinel,round_win = game_pnl > 0 (decisive only),COMPATIBILITY_ONLY_NOT_PRODUCTION,127205.3315,115172.8122,6635.2036,4257,2852,-0.05216136,-0.11437665,-0.04113429,-0.05216136,-6635.2036,127205.3315,OK,0.0000,265.4081,4.0000,96.0000,AG03-UNRESOLVED,ALL5_LEVELS_bet23_to_bet27,265.4081,265.4081,265.4081,331.7602,331.7602,4.000000,4.000000,4.000000,5.000000,5.000000,96.000000,96.000000,96.000000,95.000000,95.000000,5.0,1459.7448,1337.1644,5175.4588,5298.0391,PENDING_AG03,FALSE,NOT_FOR_ENFORCEMENT,6369.7955,110565.8997,6635.2036,6369.7955,265.4081,0.05216136,0.05007491,265.4081,6369.7955,0.05007491,265.4081,265.4081,265.4081,331.7602,331.7602,6369.7955,0.05007491,1459.7448,1337.1644,5175.4588,5298.0391,0.04068586,0.04164951,0.00208645,29.8814,40.3832,2.3265,127.6001,7.3643,2446.2564,54.8462,43.4275,28.3160,5.1431,12.8578,28.9875,66.8604,128.5777,263.3173,7.8995,-2.6176,10.0,20.479237,2.324,28,180,56,8,0.15055597,0.05216136,0.11437665,0E-8,0.000000,0.905409,0.000000,-0.07324236,2026-03-22,2026-08-06,52,901,524,138,0.376812,1.533674,1.453326,0.501853,,,,,,,,GLOBAL_BASELINE_NO_ENTITY_RANKING,,,NOT_APPLICABLE_GLOBAL_BASELINE,HF9g-P5,,,,X 全窗基线 · 不参与实体赏罚,14191561,1420,A168_HF9F_20260827_0900,2026-08-27 09:00:00
2026-06-09,128173484,1505,0,213.4389384629,60.3029289993,60.3029289993,0.5000000,8,6,0.49456840876349576,0.427958050000,0.026610824242774368,0.3566535454051867,0.026610824242774368,0.06661035876349576,ELIGIBLE,R03b_20260811_FULL_v1,L1_ELIGIBILITY,v2026-08-11,2026-03-21..2026-08-06,baccarat_bet02_101_all_pairs_incl_sentinel,round_win = game_pnl > 0 (decisive only),COMPATIBILITY_ONLY_NOT_PRODUCTION,127205.3315,115172.8122,6635.2036,4257,2852,-0.05216136,-0.11437665,-0.04113429,-0.05216136,-6635.2036,127205.3315,OK,0.0000,265.4081,4.0000,96.0000,AG03-UNRESOLVED,ALL5_LEVELS_bet23_to_bet27,265.4081,265.4081,265.4081,331.7602,331.7602,4.000000,4.000000,4.000000,5.000000,5.000000,96.000000,96.000000,96.000000,95.000000,95.000000,5.0,1459.7448,1337.1644,5175.4588,5298.0391,PENDING_AG03,FALSE,NOT_FOR_ENFORCEMENT,6369.7955,110565.8997,6635.2036,6369.7955,265.4081,0.05216136,0.05007491,265.4081,6369.7955,0.05007491,265.4081,265.4081,265.4081,331.7602,331.7602,6369.7955,0.05007491,1459.7448,1337.1644,5175.4588,5298.0391,0.04068586,0.04164951,0.00208645,29.8814,40.3832,2.3265,127.6001,7.3643,2446.2564,54.8462,43.4275,28.3160,5.1431,12.8578,28.9875,66.8604,128.5777,263.3173,7.8995,-2.6176,10.0,20.479237,2.324,28,180,56,8,0.15055597,0.05216136,0.11437665,0E-8,0.000000,0.905409,0.000000,-0.07324236,2026-03-22,2026-08-06,52,901,524,138,0.376812,1.533674,1.453326,0.501853,,,,,,,,GLOBAL_BASELINE_NO_ENTITY_RANKING,,,NOT_APPLICABLE_GLOBAL_BASELINE,HF9g-P5,,,,X 全窗基线 · 不参与实体赏罚,14191562,1420,A168_HF9F_20260827_0900,2026-08-27 09:00:00
2026-06-09,128173484,1623,0,36.0017486564,-5.2716846247,-5.2716846247,0.5000000,4,3,0.45567572222161939,0.432422433333,0.12586351841854237,0.19290826206563597,0.12586351841854237,0.02325328888861939,ELIGIBLE,R03b_20260811_FULL_v1,L1_ELIGIBILITY,v2026-08-11,2026-03-21..2026-08-06,baccarat_bet02_101_all_pairs_incl_sentinel,round_win = game_pnl > 0 (decisive only),COMPATIBILITY_ONLY_NOT_PRODUCTION,127205.3315,115172.8122,6635.2036,4257,2852,-0.05216136,-0.11437665,-0.04113429,-0.05216136,-6635.2036,127205.3315,OK,0.0000,265.4081,4.0000,96.0000,AG03-UNRESOLVED,ALL5_LEVELS_bet23_to_bet27,265.4081,265.4081,265.4081,331.7602,331.7602,4.000000,4.000000,4.000000,5.000000,5.000000,96.000000,96.000000,96.000000,95.000000,95.000000,5.0,1459.7448,1337.1644,5175.4588,5298.0391,PENDING_AG03,FALSE,NOT_FOR_ENFORCEMENT,6369.7955,110565.8997,6635.2036,6369.7955,265.4081,0.05216136,0.05007491,265.4081,6369.7955,0.05007491,265.4081,265.4081,265.4081,331.7602,331.7602,6369.7955,0.05007491,1459.7448,1337.1644,5175.4588,5298.0391,0.04068586,0.04164951,0.00208645,29.8814,40.3832,2.3265,127.6001,7.3643,2446.2564,54.8462,43.4275,28.3160,5.1431,12.8578,28.9875,66.8604,128.5777,263.3173,7.8995,-2.6176,10.0,20.479237,2.324,28,180,56,8,0.15055597,0.05216136,0.11437665,0E-8,0.000000,0.905409,0.000000,-0.07324236,2026-03-22,2026-08-06,52,901,524,138,0.376812,1.533674,1.453326,0.501853,,,,,,,,GLOBAL_BASELINE_NO_ENTITY_RANKING,,,NOT_APPLICABLE_GLOBAL_BASELINE,HF9g-P5,,,,X 全窗基线 · 不参与实体赏罚,14191563,1420,A168_HF9F_20260827_0900,2026-08-27 09:00:00
2026-06-09,128173484,1645,0,10.2862139019,4.7573739295,4.7573739295,1.0000000,2,1,0.39866562499895020,0.290680550000,1.2281562433479443,1.5621148022658344,1.2281562433479443,0.10798507499895020,ELIGIBLE,R03b_20260811_FULL_v1,L1_ELIGIBILITY,v2026-08-11,2026-03-21..2026-08-06,baccarat_bet02_101_all_pairs_incl_sentinel,round_win = game_pnl > 0 (decisive only),COMPATIBILITY_ONLY_NOT_PRODUCTION,127205.3315,115172.8122,6635.2036,4257,2852,-0.05216136,-0.11437665,-0.04113429,-0.05216136,-6635.2036,127205.3315,OK,0.0000,265.4081,4.0000,96.0000,AG03-UNRESOLVED,ALL5_LEVELS_bet23_to_bet27,265.4081,265.4081,265.4081,331.7602,331.7602,4.000000,4.000000,4.000000,5.000000,5.000000,96.000000,96.000000,96.000000,95.000000,95.000000,5.0,1459.7448,1337.1644,5175.4588,5298.0391,PENDING_AG03,FALSE,NOT_FOR_ENFORCEMENT,6369.7955,110565.8997,6635.2036,6369.7955,265.4081,0.05216136,0.05007491,265.4081,6369.7955,0.05007491,265.4081,265.4081,265.4081,331.7602,331.7602,6369.7955,0.05007491,1459.7448,1337.1644,5175.4588,5298.0391,0.04068586,0.04164951,0.00208645,29.8814,40.3832,2.3265,127.6001,7.3643,2446.2564,54.8462,43.4275,28.3160,5.1431,12.8578,28.9875,66.8604,128.5777,263.3173,7.8995,-2.6176,10.0,20.479237,2.324,28,180,56,8,0.15055597,0.05216136,0.11437665,0E-8,0.000000,0.905409,0.000000,-0.07324236,2026-03-22,2026-08-06,52,901,524,138,0.376812,1.533674,1.453326,0.501853,,,,,,,,GLOBAL_BASELINE_NO_ENTITY_RANKING,,,NOT_APPLICABLE_GLOBAL_BASELINE,HF9g-P5,,,,X 全窗基线 · 不参与实体赏罚,14191564,1420,A168_HF9F_20260827_0900,2026-08-27 09:00:00
2026-06-09,128173484,1704,0,3.8573302132,-3.8573302132,-3.8573302132,0E-7,1,1,0.49324550000000000,0.493245500000,-0.9865810262130424,-0.9865810262130424,-0.9865810262130424,0E-17,ELIGIBLE,R03b_20260811_FULL_v1,L1_ELIGIBILITY,v2026-08-11,2026-03-21..2026-08-06,baccarat_bet02_101_all_pairs_incl_sentinel,round_win = game_pnl > 0 (decisive only),COMPATIBILITY_ONLY_NOT_PRODUCTION,127205.3315,115172.8122,6635.2036,4257,2852,-0.05216136,-0.11437665,-0.04113429,-0.05216136,-6635.2036,127205.3315,OK,0.0000,265.4081,4.0000,96.0000,AG03-UNRESOLVED,ALL5_LEVELS_bet23_to_bet27,265.4081,265.4081,265.4081,331.7602,331.7602,4.000000,4.000000,4.000000,5.000000,5.000000,96.000000,96.000000,96.000000,95.000000,95.000000,5.0,1459.7448,1337.1644,5175.4588,5298.0391,PENDING_AG03,FALSE,NOT_FOR_ENFORCEMENT,6369.7955,110565.8997,6635.2036,6369.7955,265.4081,0.05216136,0.05007491,265.4081,6369.7955,0.05007491,265.4081,265.4081,265.4081,331.7602,331.7602,6369.7955,0.05007491,1459.7448,1337.1644,5175.4588,5298.0391,0.04068586,0.04164951,0.00208645,29.8814,40.3832,2.3265,127.6001,7.3643,2446.2564,54.8462,43.4275,28.3160,5.1431,12.8578,28.9875,66.8604,128.5777,263.3173,7.8995,-2.6176,10.0,20.479237,2.324,28,180,56,8,0.15055597,0.05216136,0.11437665,0E-8,0.000000,0.905409,0.000000,-0.07324236,2026-03-22,2026-08-06,52,901,524,138,0.376812,1.533674,1.453326,0.501853,,,,,,,,GLOBAL_BASELINE_NO_ENTITY_RANKING,,,NOT_APPLICABLE_GLOBAL_BASELINE,HF9g-P5,,,,X 全窗基线 · 不参与实体赏罚,14191565,1420,A168_HF9F_20260827_0900,2026-08-27 09:00:00
2026-06-09,128173484,1952,0,12.0863013347,-12.0863013347,-12.0863013347,0E-7,3,2,0.42424111999935907,0.403638725000,-1.2139507163519487,-1.1634740288448888,-1.2139507163519487,0.02060239499935907,ELIGIBLE,R03b_20260811_FULL_v1,L1_ELIGIBILITY,v2026-08-11,2026-03-21..2026-08-06,baccarat_bet02_101_all_pairs_incl_sentinel,round_win = game_pnl > 0 (decisive only),COMPATIBILITY_ONLY_NOT_PRODUCTION,127205.3315,115172.8122,6635.2036,4257,2852,-0.05216136,-0.11437665,-0.04113429,-0.05216136,-6635.2036,127205.3315,OK,0.0000,265.4081,4.0000,96.0000,AG03-UNRESOLVED,ALL5_LEVELS_bet23_to_bet27,265.4081,265.4081,265.4081,331.7602,331.7602,4.000000,4.000000,4.000000,5.000000,5.000000,96.000000,96.000000,96.000000,95.000000,95.000000,5.0,1459.7448,1337.1644,5175.4588,5298.0391,PENDING_AG03,FALSE,NOT_FOR_ENFORCEMENT,6369.7955,110565.8997,6635.2036,6369.7955,265.4081,0.05216136,0.05007491,265.4081,6369.7955,0.05007491,265.4081,265.4081,265.4081,331.7602,331.7602,6369.7955,0.05007491,1459.7448,1337.1644,5175.4588,5298.0391,0.04068586,0.04164951,0.00208645,29.8814,40.3832,2.3265,127.6001,7.3643,2446.2564,54.8462,43.4275,28.3160,5.1431,12.8578,28.9875,66.8604,128.5777,263.3173,7.8995,-2.6176,10.0,20.479237,2.324,28,180,56,8,0.15055597,0.05216136,0.11437665,0E-8,0.000000,0.905409,0.000000,-0.07324236,2026-03-22,2026-08-06,52,901,524,138,0.376812,1.533674,1.453326,0.501853,,,,,,,,GLOBAL_BASELINE_NO_ENTITY_RANKING,,,NOT_APPLICABLE_GLOBAL_BASELINE,HF9g-P5,,,,X 全窗基线 · 不参与实体赏罚,14191566,1420,A168_HF9F_20260827_0900,2026-08-27 09:00:00
2026-06-09,128173484,1990,0,15.4293208528,15.4293208527,15.4293208527,1.0000000,2,1,0.43466064999906684,0.290680550000,1.1404583914052906,1.5621148022658344,1.1404583914052906,0.14398009999906684,ELIGIBLE,R03b_20260811_FULL_v1,L1_ELIGIBILITY,v2026-08-11,2026-03-21..2026-08-06,baccarat_bet02_101_all_pairs_incl_sentinel,round_win = game_pnl > 0 (decisive only),COMPATIBILITY_ONLY_NOT_PRODUCTION,127205.3315,115172.8122,6635.2036,4257,2852,-0.05216136,-0.11437665,-0.04113429,-0.05216136,-6635.2036,127205.3315,OK,0.0000,265.4081,4.0000,96.0000,AG03-UNRESOLVED,ALL5_LEVELS_bet23_to_bet27,265.4081,265.4081,265.4081,331.7602,331.7602,4.000000,4.000000,4.000000,5.000000,5.000000,96.000000,96.000000,96.000000,95.000000,95.000000,5.0,1459.7448,1337.1644,5175.4588,5298.0391,PENDING_AG03,FALSE,NOT_FOR_ENFORCEMENT,6369.7955,110565.8997,6635.2036,6369.7955,265.4081,0.05216136,0.05007491,265.4081,6369.7955,0.05007491,265.4081,265.4081,265.4081,331.7602,331.7602,6369.7955,0.05007491,1459.7448,1337.1644,5175.4588,5298.0391,0.04068586,0.04164951,0.00208645,29.8814,40.3832,2.3265,127.6001,7.3643,2446.2564,54.8462,43.4275,28.3160,5.1431,12.8578,28.9875,66.8604,128.5777,263.3173,7.8995,-2.6176,10.0,20.479237,2.324,28,180,56,8,0.15055597,0.05216136,0.11437665,0E-8,0.000000,0.905409,0.000000,-0.07324236,2026-03-22,2026-08-06,52,901,524,138,0.376812,1.533674,1.453326,0.501853,,,,,,,,GLOBAL_BASELINE_NO_ENTITY_RANKING,,,NOT_APPLICABLE_GLOBAL_BASELINE,HF9g-P5,,,,X 全窗基线 · 不参与实体赏罚,14191567,1420,A168_HF9F_20260827_0900,2026-08-27 09:00:00
2026-06-09,128173484,2103,0,5.1431069509,4.8859516034,4.8859516034,1.0000000,1,1,0.50665070000000000,0.506650700000,0.9867858985152569,0.9867858985152569,0.9867858985152569,0E-17,ELIGIBLE,R03b_20260811_FULL_v1,L1_ELIGIBILITY,v2026-08-11,2026-03-21..2026-08-06,baccarat_bet02_101_all_pairs_incl_sentinel,round_win = game_pnl > 0 (decisive only),COMPATIBILITY_ONLY_NOT_PRODUCTION,127205.3315,115172.8122,6635.2036,4257,2852,-0.05216136,-0.11437665,-0.04113429,-0.05216136,-6635.2036,127205.3315,OK,0.0000,265.4081,4.0000,96.0000,AG03-UNRESOLVED,ALL5_LEVELS_bet23_to_bet27,265.4081,265.4081,265.4081,331.7602,331.7602,4.000000,4.000000,4.000000,5.000000,5.000000,96.000000,96.000000,96.000000,95.000000,95.000000,5.0,1459.7448,1337.1644,5175.4588,5298.0391,PENDING_AG03,FALSE,NOT_FOR_ENFORCEMENT,6369.7955,110565.8997,6635.2036,6369.7955,265.4081,0.05216136,0.05007491,265.4081,6369.7955,0.05007491,265.4081,265.4081,265.4081,331.7602,331.7602,6369.7955,0.05007491,1459.7448,1337.1644,5175.4588,5298.0391,0.04068586,0.04164951,0.00208645,29.8814,40.3832,2.3265,127.6001,7.3643,2446.2564,54.8462,43.4275,28.3160,5.1431,12.8578,28.9875,66.8604,128.5777,263.3173,7.8995,-2.6176,10.0,20.479237,2.324,28,180,56,8,0.15055597,0.05216136,0.11437665,0E-8,0.000000,0.905409,0.000000,-0.07324236,2026-03-22,2026-08-06,52,901,524,138,0.376812,1.533674,1.453326,0.501853,,,,,,,,GLOBAL_BASELINE_NO_ENTITY_RANKING,,,NOT_APPLICABLE_GLOBAL_BASELINE,HF9g-P5,,,,X 全窗基线 · 不参与实体赏罚,14191568,1420,A168_HF9F_20260827_0900,2026-08-27 09:00:00
2026-06-09,128173484,2152,0,95.9189446345,64.5459922339,64.5459922339,0.7500000,4,4,0.50665070000000000,0.506650700000,0.9734833216690844,0.9734833216690844,0.9734833216690844,0E-17,ELIGIBLE,R03b_20260811_FULL_v1,L1_ELIGIBILITY,v2026-08-11,2026-03-21..2026-08-06,baccarat_bet02_101_all_pairs_incl_sentinel,round_win = game_pnl > 0 (decisive only),COMPATIBILITY_ONLY_NOT_PRODUCTION,127205.3315,115172.8122,6635.2036,4257,2852,-0.05216136,-0.11437665,-0.04113429,-0.05216136,-6635.2036,127205.3315,OK,0.0000,265.4081,4.0000,96.0000,AG03-UNRESOLVED,ALL5_LEVELS_bet23_to_bet27,265.4081,265.4081,265.4081,331.7602,331.7602,4.000000,4.000000,4.000000,5.000000,5.000000,96.000000,96.000000,96.000000,95.000000,95.000000,5.0,1459.7448,1337.1644,5175.4588,5298.0391,PENDING_AG03,FALSE,NOT_FOR_ENFORCEMENT,6369.7955,110565.8997,6635.2036,6369.7955,265.4081,0.05216136,0.05007491,265.4081,6369.7955,0.05007491,265.4081,265.4081,265.4081,331.7602,331.7602,6369.7955,0.05007491,1459.7448,1337.1644,5175.4588,5298.0391,0.04068586,0.04164951,0.00208645,29.8814,40.3832,2.3265,127.6001,7.3643,2446.2564,54.8462,43.4275,28.3160,5.1431,12.8578,28.9875,66.8604,128.5777,263.3173,7.8995,-2.6176,10.0,20.479237,2.324,28,180,56,8,0.15055597,0.05216136,0.11437665,0E-8,0.000000,0.905409,0.000000,-0.07324236,2026-03-22,2026-08-06,52,901,524,138,0.376812,1.533674,1.453326,0.501853,,,,,,,,GLOBAL_BASELINE_NO_ENTITY_RANKING,,,NOT_APPLICABLE_GLOBAL_BASELINE,HF9g-P5,,,,X 全窗基线 · 不参与实体赏罚,14191569,1420,A168_HF9F_20260827_0900,2026-08-27 09:00:00
2026-06-09,128173484,2160,0,2.5715534755,2.4429758017,2.4429758017,1.0000000,1,1,0.50665070000000000,0.506650700000,0.9867858985152569,0.9867858985152569,0.9867858985152569,0E-17,ELIGIBLE,R03b_20260811_FULL_v1,L1_ELIGIBILITY,v2026-08-11,2026-03-21..2026-08-06,baccarat_bet02_101_all_pairs_incl_sentinel,round_win = game_pnl > 0 (decisive only),COMPATIBILITY_ONLY_NOT_PRODUCTION,127205.3315,115172.8122,6635.2036,4257,2852,-0.05216136,-0.11437665,-0.04113429,-0.05216136,-6635.2036,127205.3315,OK,0.0000,265.4081,4.0000,96.0000,AG03-UNRESOLVED,ALL5_LEVELS_bet23_to_bet27,265.4081,265.4081,265.4081,331.7602,331.7602,4.000000,4.000000,4.000000,5.000000,5.000000,96.000000,96.000000,96.000000,95.000000,95.000000,5.0,1459.7448,1337.1644,5175.4588,5298.0391,PENDING_AG03,FALSE,NOT_FOR_ENFORCEMENT,6369.7955,110565.8997,6635.2036,6369.7955,265.4081,0.05216136,0.05007491,265.4081,6369.7955,0.05007491,265.4081,265.4081,265.4081,331.7602,331.7602,6369.7955,0.05007491,1459.7448,1337.1644,5175.4588,5298.0391,0.04068586,0.04164951,0.00208645,29.8814,40.3832,2.3265,127.6001,7.3643,2446.2564,54.8462,43.4275,28.3160,5.1431,12.8578,28.9875,66.8604,128.5777,263.3173,7.8995,-2.6176,10.0,20.479237,2.324,28,180,56,8,0.15055597,0.05216136,0.11437665,0E-8,0.000000,0.905409,0.000000,-0.07324236,2026-03-22,2026-08-06,52,901,524,138,0.376812,1.533674,1.453326,0.501853,,,,,,,,GLOBAL_BASELINE_NO_ENTITY_RANKING,,,NOT_APPLICABLE_GLOBAL_BASELINE,HF9g-P5,,,,X 全窗基线 · 不参与实体赏罚,14191570,1420,A168_HF9F_20260827_0900,2026-08-27 09:00:00
2026-06-09,128173484,2171,0,476.7660143493,-27.0656003292,-27.0656003292,0.4444444,15,9,0.47377818097077178,0.360052066667,-0.17624495238047866,0.5274356776074028,-0.17624495238047866,0.11372611430377178,ELIGIBLE,R03b_20260811_FULL_v1,L1_ELIGIBILITY,v2026-08-11,2026-03-21..2026-08-06,baccarat_bet02_101_all_pairs_incl_sentinel,round_win = game_pnl > 0 (decisive only),COMPATIBILITY_ONLY_NOT_PRODUCTION,127205.3315,115172.8122,6635.2036,4257,2852,-0.05216136,-0.11437665,-0.04113429,-0.05216136,-6635.2036,127205.3315,OK,0.0000,265.4081,4.0000,96.0000,AG03-UNRESOLVED,ALL5_LEVELS_bet23_to_bet27,265.4081,265.4081,265.4081,331.7602,331.7602,4.000000,4.000000,4.000000,5.000000,5.000000,96.000000,96.000000,96.000000,95.000000,95.000000,5.0,1459.7448,1337.1644,5175.4588,5298.0391,PENDING_AG03,FALSE,NOT_FOR_ENFORCEMENT,6369.7955,110565.8997,6635.2036,6369.7955,265.4081,0.05216136,0.05007491,265.4081,6369.7955,0.05007491,265.4081,265.4081,265.4081,331.7602,331.7602,6369.7955,0.05007491,1459.7448,1337.1644,5175.4588,5298.0391,0.04068586,0.04164951,0.00208645,29.8814,40.3832,2.3265,127.6001,7.3643,2446.2564,54.8462,43.4275,28.3160,5.1431,12.8578,28.9875,66.8604,128.5777,263.3173,7.8995,-2.6176,10.0,20.479237,2.324,28,180,56,8,0.15055597,0.05216136,0.11437665,0E-8,0.000000,0.905409,0.000000,-0.07324236,2026-03-22,2026-08-06,52,901,524,138,0.376812,1.533674,1.453326,0.501853,,,,,,,,GLOBAL_BASELINE_NO_ENTITY_RANKING,,,NOT_APPLICABLE_GLOBAL_BASELINE,HF9g-P5,,,,X 全窗基线 · 不参与实体赏罚,14191571,1420,A168_HF9F_20260827_0900,2026-08-27 09:00:00
2026-06-09,128173484,2205,0,162.7793349963,-32.4015737908,-32.4015737908,0.5000000,3,2,0.49788438394833720,0.398665625000,0.0059839193923384194,0.2926910081793089,0.0059839193923384194,0.09921875894833720,ELIGIBLE,R03b_20260811_FULL_v1,L1_ELIGIBILITY,v2026-08-11,2026-03-21..2026-08-06,baccarat_bet02_101_all_pairs_incl_sentinel,round_win = game_pnl > 0 (decisive only),COMPATIBILITY_ONLY_NOT_PRODUCTION,127205.3315,115172.8122,6635.2036,4257,2852,-0.05216136,-0.11437665,-0.04113429,-0.05216136,-6635.2036,127205.3315,OK,0.0000,265.4081,4.0000,96.0000,AG03-UNRESOLVED,ALL5_LEVELS_bet23_to_bet27,265.4081,265.4081,265.4081,331.7602,331.7602,4.000000,4.000000,4.000000,5.000000,5.000000,96.000000,96.000000,96.000000,95.000000,95.000000,5.0,1459.7448,1337.1644,5175.4588,5298.0391,PENDING_AG03,FALSE,NOT_FOR_ENFORCEMENT,6369.7955,110565.8997,6635.2036,6369.7955,265.4081,0.05216136,0.05007491,265.4081,6369.7955,0.05007491,265.4081,265.4081,265.4081,331.7602,331.7602,6369.7955,0.05007491,1459.7448,1337.1644,5175.4588,5298.0391,0.04068586,0.04164951,0.00208645,29.8814,40.3832,2.3265,127.6001,7.3643,2446.2564,54.8462,43.4275,28.3160,5.1431,12.8578,28.9875,66.8604,128.5777,263.3173,7.8995,-2.6176,10.0,20.479237,2.324,28,180,56,8,0.15055597,0.05216136,0.11437665,0E-8,0.000000,0.905409,0.000000,-0.07324236,2026-03-22,2026-08-06,52,901,524,138,0.376812,1.533674,1.453326,0.501853,,,,,,,,GLOBAL_BASELINE_NO_ENTITY_RANKING,,,NOT_APPLICABLE_GLOBAL_BASELINE,HF9g-P5,,,,X 全窗基线 · 不参与实体赏罚,14191572,1420,A168_HF9F_20260827_0900,2026-08-27 09:00:00
2026-06-09,128173484,2276,0,5.1431069509,-5.1431069509,-5.1431069509,0E-7,1,1,0.50665070000000000,0.506650700000,-1.013391052207602,-1.013391052207602,-1.013391052207602,0E-17,ELIGIBLE,R03b_20260811_FULL_v1,L1_ELIGIBILITY,v2026-08-11,2026-03-21..2026-08-06,baccarat_bet02_101_all_pairs_incl_sentinel,round_win = game_pnl > 0 (decisive only),COMPATIBILITY_ONLY_NOT_PRODUCTION,127205.3315,115172.8122,6635.2036,4257,2852,-0.05216136,-0.11437665,-0.04113429,-0.05216136,-6635.2036,127205.3315,OK,0.0000,265.4081,4.0000,96.0000,AG03-UNRESOLVED,ALL5_LEVELS_bet23_to_bet27,265.4081,265.4081,265.4081,331.7602,331.7602,4.000000,4.000000,4.000000,5.000000,5.000000,96.000000,96.000000,96.000000,95.000000,95.000000,5.0,1459.7448,1337.1644,5175.4588,5298.0391,PENDING_AG03,FALSE,NOT_FOR_ENFORCEMENT,6369.7955,110565.8997,6635.2036,6369.7955,265.4081,0.05216136,0.05007491,265.4081,6369.7955,0.05007491,265.4081,265.4081,265.4081,331.7602,331.7602,6369.7955,0.05007491,1459.7448,1337.1644,5175.4588,5298.0391,0.04068586,0.04164951,0.00208645,29.8814,40.3832,2.3265,127.6001,7.3643,2446.2564,54.8462,43.4275,28.3160,5.1431,12.8578,28.9875,66.8604,128.5777,263.3173,7.8995,-2.6176,10.0,20.479237,2.324,28,180,56,8,0.15055597,0.05216136,0.11437665,0E-8,0.000000,0.905409,0.000000,-0.07324236,2026-03-22,2026-08-06,52,901,524,138,0.376812,1.533674,1.453326,0.501853,,,,,,,,GLOBAL_BASELINE_NO_ENTITY_RANKING,,,NOT_APPLICABLE_GLOBAL_BASELINE,HF9g-P5,,,,X 全窗基线 · 不参与实体赏罚,14191573,1420,A168_HF9F_20260827_0900,2026-08-27 09:00:00
2026-06-09,128173484,526,0,15.4293208528,-15.4293208528,-15.4293208528,0E-7,2,1,0.42348563333242908,0.283965900000,-0.8570660132817226,-0.6297471965178028,-0.8570660132817226,0.13951973333242908,ELIGIBLE,R03b_20260811_FULL_v1,L1_ELIGIBILITY,v2026-08-11,2026-03-21..2026-08-06,baccarat_bet02_101_all_pairs_incl_sentinel,round_win = game_pnl > 0 (decisive only),COMPATIBILITY_ONLY_NOT_PRODUCTION,127205.3315,115172.8122,6635.2036,4257,2852,-0.05216136,-0.11437665,-0.04113429,-0.05216136,-6635.2036,127205.3315,OK,0.0000,265.4081,4.0000,96.0000,AG03-UNRESOLVED,ALL5_LEVELS_bet23_to_bet27,265.4081,265.4081,265.4081,331.7602,331.7602,4.000000,4.000000,4.000000,5.000000,5.000000,96.000000,96.000000,96.000000,95.000000,95.000000,5.0,1459.7448,1337.1644,5175.4588,5298.0391,PENDING_AG03,FALSE,NOT_FOR_ENFORCEMENT,6369.7955,110565.8997,6635.2036,6369.7955,265.4081,0.05216136,0.05007491,265.4081,6369.7955,0.05007491,265.4081,265.4081,265.4081,331.7602,331.7602,6369.7955,0.05007491,1459.7448,1337.1644,5175.4588,5298.0391,0.04068586,0.04164951,0.00208645,29.8814,40.3832,2.3265,127.6001,7.3643,2446.2564,54.8462,43.4275,28.3160,5.1431,12.8578,28.9875,66.8604,128.5777,263.3173,7.8995,-2.6176,10.0,20.479237,2.324,28,180,56,8,0.15055597,0.05216136,0.11437665,0E-8,0.000000,0.905409,0.000000,-0.07324236,2026-03-22,2026-08-06,52,901,524,138,0.376812,1.533674,1.453326,0.501853,,,,,,,,GLOBAL_BASELINE_NO_ENTITY_RANKING,,,NOT_APPLICABLE_GLOBAL_BASELINE,HF9g-P5,,,,X 全窗基线 · 不参与实体赏罚,14191574,1420,A168_HF9F_20260827_0900,2026-08-27 09:00:00
2026-06-09,128173484,550,0,13.6292334199,7.6889448916,7.6889448916,1.0000000,3,2,0.42795805000000000,0.391963025000,1.6350398314996994,1.7613977706689572,1.6350398314996994,0.03599502500000000,ELIGIBLE,R03b_20260811_FULL_v1,L1_ELIGIBILITY,v2026-08-11,2026-03-21..2026-08-06,baccarat_bet02_101_all_pairs_incl_sentinel,round_win = game_pnl > 0 (decisive only),COMPATIBILITY_ONLY_NOT_PRODUCTION,127205.3315,115172.8122,6635.2036,4257,2852,-0.05216136,-0.11437665,-0.04113429,-0.05216136,-6635.2036,127205.3315,OK,0.0000,265.4081,4.0000,96.0000,AG03-UNRESOLVED,ALL5_LEVELS_bet23_to_bet27,265.4081,265.4081,265.4081,331.7602,331.7602,4.000000,4.000000,4.000000,5.000000,5.000000,96.000000,96.000000,96.000000,95.000000,95.000000,5.0,1459.7448,1337.1644,5175.4588,5298.0391,PENDING_AG03,FALSE,NOT_FOR_ENFORCEMENT,6369.7955,110565.8997,6635.2036,6369.7955,265.4081,0.05216136,0.05007491,265.4081,6369.7955,0.05007491,265.4081,265.4081,265.4081,331.7602,331.7602,6369.7955,0.05007491,1459.7448,1337.1644,5175.4588,5298.0391,0.04068586,0.04164951,0.00208645,29.8814,40.3832,2.3265,127.6001,7.3643,2446.2564,54.8462,43.4275,28.3160,5.1431,12.8578,28.9875,66.8604,128.5777,263.3173,7.8995,-2.6176,10.0,20.479237,2.324,28,180,56,8,0.15055597,0.05216136,0.11437665,0E-8,0.000000,0.905409,0.000000,-0.07324236,2026-03-22,2026-08-06,52,901,524,138,0.376812,1.533674,1.453326,0.501853,,,,,,,,GLOBAL_BASELINE_NO_ENTITY_RANKING,,,NOT_APPLICABLE_GLOBAL_BASELINE,HF9g-P5,,,,X 全窗基线 · 不参与实体赏罚,14191575,1420,A168_HF9F_20260827_0900,2026-08-27 09:00:00
2026-06-14,128173484,2171,0,18.7723403709,-8.2418288889,-8.2418288889,0.5000000,2,2,0.50665070000000000,0.506650700000,-0.018812684590367487,-0.018812684590367487,-0.018812684590367487,0E-17,ELIGIBLE,R03b_20260811_FULL_v1,L1_ELIGIBILITY,v2026-08-11,2026-03-21..2026-08-06,baccarat_bet02_101_all_pairs_incl_sentinel,round_win = game_pnl > 0 (decisive only),COMPATIBILITY_ONLY_NOT_PRODUCTION,127205.3315,115172.8122,6635.2036,4257,2852,-0.05216136,-0.11437665,-0.04113429,-0.05216136,-6635.2036,127205.3315,OK,0.0000,265.4081,4.0000,96.0000,AG03-UNRESOLVED,ALL5_LEVELS_bet23_to_bet27,265.4081,265.4081,265.4081,331.7602,331.7602,4.000000,4.000000,4.000000,5.000000,5.000000,96.000000,96.000000,96.000000,95.000000,95.000000,5.0,1459.7448,1337.1644,5175.4588,5298.0391,PENDING_AG03,FALSE,NOT_FOR_ENFORCEMENT,6369.7955,110565.8997,6635.2036,6369.7955,265.4081,0.05216136,0.05007491,265.4081,6369.7955,0.05007491,265.4081,265.4081,265.4081,331.7602,331.7602,6369.7955,0.05007491,1459.7448,1337.1644,5175.4588,5298.0391,0.04068586,0.04164951,0.00208645,29.8814,40.3832,2.3265,127.6001,7.3643,2446.2564,54.8462,43.4275,28.3160,5.1431,12.8578,28.9875,66.8604,128.5777,263.3173,7.8995,-2.6176,10.0,20.479237,2.324,28,180,56,8,0.15055597,0.05216136,0.11437665,0E-8,0.000000,0.905409,0.000000,-0.07324236,2026-03-22,2026-08-06,52,901,524,138,0.376812,1.533674,1.453326,0.501853,,,,,,,,GLOBAL_BASELINE_NO_ENTITY_RANKING,,,NOT_APPLICABLE_GLOBAL_BASELINE,HF9g-P5,,,,X 全窗基线 · 不参与实体赏罚,14191576,1420,A168_HF9F_20260827_0900,2026-08-27 09:00:00
2026-06-14,128173484,2252,0,201.6097924756,-49.6309820763,-49.6309820763,0.3333333,8,8,0.50162375000000000,0.501623750000,-0.8244556463391333,-0.8244556463391335,-0.8244556463391333,0E-17,ELIGIBLE,R03b_20260811_FULL_v1,L1_ELIGIBILITY,v2026-08-11,2026-03-21..2026-08-06,baccarat_bet02_101_all_pairs_incl_sentinel,round_win = game_pnl > 0 (decisive only),COMPATIBILITY_ONLY_NOT_PRODUCTION,127205.3315,115172.8122,6635.2036,4257,2852,-0.05216136,-0.11437665,-0.04113429,-0.05216136,-6635.2036,127205.3315,OK,0.0000,265.4081,4.0000,96.0000,AG03-UNRESOLVED,ALL5_LEVELS_bet23_to_bet27,265.4081,265.4081,265.4081,331.7602,331.7602,4.000000,4.000000,4.000000,5.000000,5.000000,96.000000,96.000000,96.000000,95.000000,95.000000,5.0,1459.7448,1337.1644,5175.4588,5298.0391,PENDING_AG03,FALSE,NOT_FOR_ENFORCEMENT,6369.7955,110565.8997,6635.2036,6369.7955,265.4081,0.05216136,0.05007491,265.4081,6369.7955,0.05007491,265.4081,265.4081,265.4081,331.7602,331.7602,6369.7955,0.05007491,1459.7448,1337.1644,5175.4588,5298.0391,0.04068586,0.04164951,0.00208645,29.8814,40.3832,2.3265,127.6001,7.3643,2446.2564,54.8462,43.4275,28.3160,5.1431,12.8578,28.9875,66.8604,128.5777,263.3173,7.8995,-2.6176,10.0,20.479237,2.324,28,180,56,8,0.15055597,0.05216136,0.11437665,0E-8,0.000000,0.905409,0.000000,-0.07324236,2026-03-22,2026-08-06,52,901,524,138,0.376812,1.533674,1.453326,0.501853,,,,,,,,GLOBAL_BASELINE_NO_ENTITY_RANKING,,,NOT_APPLICABLE_GLOBAL_BASELINE,HF9g-P5,,,,X 全窗基线 · 不参与实体赏罚,14191577,1420,A168_HF9F_20260827_0900,2026-08-27 09:00:00
2026-06-18,128173484,1306,0,74.8322061358,-74.8322061358,-74.8322061358,0E-7,3,2,0.49679314128631429,0.398665625000,-1.4051720979182896,-1.1514931996934334,-1.4051720979182896,0.09812751628631429,ELIGIBLE,R03b_20260811_FULL_v1,L1_ELIGIBILITY,v2026-08-11,2026-03-21..2026-08-06,baccarat_bet02_101_all_pairs_incl_sentinel,round_win = game_pnl > 0 (decisive only),COMPATIBILITY_ONLY_NOT_PRODUCTION,127205.3315,115172.8122,6635.2036,4257,2852,-0.05216136,-0.11437665,-0.04113429,-0.05216136,-6635.2036,127205.3315,OK,0.0000,265.4081,4.0000,96.0000,AG03-UNRESOLVED,ALL5_LEVELS_bet23_to_bet27,265.4081,265.4081,265.4081,331.7602,331.7602,4.000000,4.000000,4.000000,5.000000,5.000000,96.000000,96.000000,96.000000,95.000000,95.000000,5.0,1459.7448,1337.1644,5175.4588,5298.0391,PENDING_AG03,FALSE,NOT_FOR_ENFORCEMENT,6369.7955,110565.8997,6635.2036,6369.7955,265.4081,0.05216136,0.05007491,265.4081,6369.7955,0.05007491,265.4081,265.4081,265.4081,331.7602,331.7602,6369.7955,0.05007491,1459.7448,1337.1644,5175.4588,5298.0391,0.04068586,0.04164951,0.00208645,29.8814,40.3832,2.3265,127.6001,7.3643,2446.2564,54.8462,43.4275,28.3160,5.1431,12.8578,28.9875,66.8604,128.5777,263.3173,7.8995,-2.6176,10.0,20.479237,2.324,28,180,56,8,0.15055597,0.05216136,0.11437665,0E-8,0.000000,0.905409,0.000000,-0.07324236,2026-03-22,2026-08-06,52,901,524,138,0.376812,1.533674,1.453326,0.501853,,,,,,,,GLOBAL_BASELINE_NO_ENTITY_RANKING,,,NOT_APPLICABLE_GLOBAL_BASELINE,HF9g-P5,,,,X 全窗基线 · 不参与实体赏罚,14191578,1420,A168_HF9F_20260827_0900,2026-08-27 09:00:00
2026-06-18,128173484,1957,0,6.1717283411,-6.1717283411,-6.1717283411,0E-7,1,1,0.50665070000000000,0.506650700000,-1.013391052207602,-1.013391052207602,-1.013391052207602,0E-17,ELIGIBLE,R03b_20260811_FULL_v1,L1_ELIGIBILITY,v2026-08-11,2026-03-21..2026-08-06,baccarat_bet02_101_all_pairs_incl_sentinel,round_win = game_pnl > 0 (decisive only),COMPATIBILITY_ONLY_NOT_PRODUCTION,127205.3315,115172.8122,6635.2036,4257,2852,-0.05216136,-0.11437665,-0.04113429,-0.05216136,-6635.2036,127205.3315,OK,0.0000,265.4081,4.0000,96.0000,AG03-UNRESOLVED,ALL5_LEVELS_bet23_to_bet27,265.4081,265.4081,265.4081,331.7602,331.7602,4.000000,4.000000,4.000000,5.000000,5.000000,96.000000,96.000000,96.000000,95.000000,95.000000,5.0,1459.7448,1337.1644,5175.4588,5298.0391,PENDING_AG03,FALSE,NOT_FOR_ENFORCEMENT,6369.7955,110565.8997,6635.2036,6369.7955,265.4081,0.05216136,0.05007491,265.4081,6369.7955,0.05007491,265.4081,265.4081,265.4081,331.7602,331.7602,6369.7955,0.05007491,1459.7448,1337.1644,5175.4588,5298.0391,0.04068586,0.04164951,0.00208645,29.8814,40.3832,2.3265,127.6001,7.3643,2446.2564,54.8462,43.4275,28.3160,5.1431,12.8578,28.9875,66.8604,128.5777,263.3173,7.8995,-2.6176,10.0,20.479237,2.324,28,180,56,8,0.15055597,0.05216136,0.11437665,0E-8,0.000000,0.905409,0.000000,-0.07324236,2026-03-22,2026-08-06,52,901,524,138,0.376812,1.533674,1.453326,0.501853,,,,,,,,GLOBAL_BASELINE_NO_ENTITY_RANKING,,,NOT_APPLICABLE_GLOBAL_BASELINE,HF9g-P5,,,,X 全窗基线 · 不参与实体赏罚,14191579,1420,A168_HF9F_20260827_0900,2026-08-27 09:00:00
2026-06-18,128173484,2088,0,584.5141049709,-119.3200812611,-119.3200812611,0.3000000,13,10,0.49401703376191324,0.437489785000,-1.2271593207677807,-0.8764381380436189,-1.2271593207677807,0.05652724876191324,ELIGIBLE,R03b_20260811_FULL_v1,L1_ELIGIBILITY,v2026-08-11,2026-03-21..2026-08-06,baccarat_bet02_101_all_pairs_incl_sentinel,round_win = game_pnl > 0 (decisive only),COMPATIBILITY_ONLY_NOT_PRODUCTION,127205.3315,115172.8122,6635.2036,4257,2852,-0.05216136,-0.11437665,-0.04113429,-0.05216136,-6635.2036,127205.3315,OK,0.0000,265.4081,4.0000,96.0000,AG03-UNRESOLVED,ALL5_LEVELS_bet23_to_bet27,265.4081,265.4081,265.4081,331.7602,331.7602,4.000000,4.000000,4.000000,5.000000,5.000000,96.000000,96.000000,96.000000,95.000000,95.000000,5.0,1459.7448,1337.1644,5175.4588,5298.0391,PENDING_AG03,FALSE,NOT_FOR_ENFORCEMENT,6369.7955,110565.8997,6635.2036,6369.7955,265.4081,0.05216136,0.05007491,265.4081,6369.7955,0.05007491,265.4081,265.4081,265.4081,331.7602,331.7602,6369.7955,0.05007491,1459.7448,1337.1644,5175.4588,5298.0391,0.04068586,0.04164951,0.00208645,29.8814,40.3832,2.3265,127.6001,7.3643,2446.2564,54.8462,43.4275,28.3160,5.1431,12.8578,28.9875,66.8604,128.5777,263.3173,7.8995,-2.6176,10.0,20.479237,2.324,28,180,56,8,0.15055597,0.05216136,0.11437665,0E-8,0.000000,0.905409,0.000000,-0.07324236,2026-03-22,2026-08-06,52,901,524,138,0.376812,1.533674,1.453326,0.501853,,,,,,,,GLOBAL_BASELINE_NO_ENTITY_RANKING,,,NOT_APPLICABLE_GLOBAL_BASELINE,HF9g-P5,,,,X 全窗基线 · 不参与实体赏罚,14191580,1420,A168_HF9F_20260827_0900,2026-08-27 09:00:00
2026-06-18,128173484,2235,0,15.4293208528,10.2862139018,10.2862139018,1.0000000,2,1,0.42348563333242908,0.283965900000,1.1667712690776062,1.587938788024013,1.1667712690776062,0.13951973333242908,ELIGIBLE,R03b_20260811_FULL_v1,L1_ELIGIBILITY,v2026-08-11,2026-03-21..2026-08-06,baccarat_bet02_101_all_pairs_incl_sentinel,round_win = game_pnl > 0 (decisive only),COMPATIBILITY_ONLY_NOT_PRODUCTION,127205.3315,115172.8122,6635.2036,4257,2852,-0.05216136,-0.11437665,-0.04113429,-0.05216136,-6635.2036,127205.3315,OK,0.0000,265.4081,4.0000,96.0000,AG03-UNRESOLVED,ALL5_LEVELS_bet23_to_bet27,265.4081,265.4081,265.4081,331.7602,331.7602,4.000000,4.000000,4.000000,5.000000,5.000000,96.000000,96.000000,96.000000,95.000000,95.000000,5.0,1459.7448,1337.1644,5175.4588,5298.0391,PENDING_AG03,FALSE,NOT_FOR_ENFORCEMENT,6369.7955,110565.8997,6635.2036,6369.7955,265.4081,0.05216136,0.05007491,265.4081,6369.7955,0.05007491,265.4081,265.4081,265.4081,331.7602,331.7602,6369.7955,0.05007491,1459.7448,1337.1644,5175.4588,5298.0391,0.04068586,0.04164951,0.00208645,29.8814,40.3832,2.3265,127.6001,7.3643,2446.2564,54.8462,43.4275,28.3160,5.1431,12.8578,28.9875,66.8604,128.5777,263.3173,7.8995,-2.6176,10.0,20.479237,2.324,28,180,56,8,0.15055597,0.05216136,0.11437665,0E-8,0.000000,0.905409,0.000000,-0.07324236,2026-03-22,2026-08-06,52,901,524,138,0.376812,1.533674,1.453326,0.501853,,,,,,,,GLOBAL_BASELINE_NO_ENTITY_RANKING,,,NOT_APPLICABLE_GLOBAL_BASELINE,HF9g-P5,,,,X 全窗基线 · 不参与实体赏罚,14191581,1420,A168_HF9F_20260827_0900,2026-08-27 09:00:00
2026-06-18,128173484,2251,0,778.1520816727,-280.2350399878,-280.2350399878,0.3000000,12,12,0.50329940000000000,0.503299400000,-1.2858062968745143,-1.2858062968745145,-1.2858062968745143,0E-17,ELIGIBLE,R03b_20260811_FULL_v1,L1_ELIGIBILITY,v2026-08-11,2026-03-21..2026-08-06,baccarat_bet02_101_all_pairs_incl_sentinel,round_win = game_pnl > 0 (decisive only),COMPATIBILITY_ONLY_NOT_PRODUCTION,127205.3315,115172.8122,6635.2036,4257,2852,-0.05216136,-0.11437665,-0.04113429,-0.05216136,-6635.2036,127205.3315,OK,0.0000,265.4081,4.0000,96.0000,AG03-UNRESOLVED,ALL5_LEVELS_bet23_to_bet27,265.4081,265.4081,265.4081,331.7602,331.7602,4.000000,4.000000,4.000000,5.000000,5.000000,96.000000,96.000000,96.000000,95.000000,95.000000,5.0,1459.7448,1337.1644,5175.4588,5298.0391,PENDING_AG03,FALSE,NOT_FOR_ENFORCEMENT,6369.7955,110565.8997,6635.2036,6369.7955,265.4081,0.05216136,0.05007491,265.4081,6369.7955,0.05007491,265.4081,265.4081,265.4081,331.7602,331.7602,6369.7955,0.05007491,1459.7448,1337.1644,5175.4588,5298.0391,0.04068586,0.04164951,0.00208645,29.8814,40.3832,2.3265,127.6001,7.3643,2446.2564,54.8462,43.4275,28.3160,5.1431,12.8578,28.9875,66.8604,128.5777,263.3173,7.8995,-2.6176,10.0,20.479237,2.324,28,180,56,8,0.15055597,0.05216136,0.11437665,0E-8,0.000000,0.905409,0.000000,-0.07324236,2026-03-22,2026-08-06,52,901,524,138,0.376812,1.533674,1.453326,0.501853,,,,,,,,GLOBAL_BASELINE_NO_ENTITY_RANKING,,,NOT_APPLICABLE_GLOBAL_BASELINE,HF9g-P5,,,,X 全窗基线 · 不参与实体赏罚,14191582,1420,A168_HF9F_20260827_0900,2026-08-27 09:00:00
2026-06-18,128173484,2254,0,15.4293208528,9.6433255329,9.6433255329,1.0000000,2,1,0.43466064999906684,0.290680550000,1.1404583914052906,1.5621148022658344,1.1404583914052906,0.14398009999906684,ELIGIBLE,R03b_20260811_FULL_v1,L1_ELIGIBILITY,v2026-08-11,2026-03-21..2026-08-06,baccarat_bet02_101_all_pairs_incl_sentinel,round_win = game_pnl > 0 (decisive only),COMPATIBILITY_ONLY_NOT_PRODUCTION,127205.3315,115172.8122,6635.2036,4257,2852,-0.05216136,-0.11437665,-0.04113429,-0.05216136,-6635.2036,127205.3315,OK,0.0000,265.4081,4.0000,96.0000,AG03-UNRESOLVED,ALL5_LEVELS_bet23_to_bet27,265.4081,265.4081,265.4081,331.7602,331.7602,4.000000,4.000000,4.000000,5.000000,5.000000,96.000000,96.000000,96.000000,95.000000,95.000000,5.0,1459.7448,1337.1644,5175.4588,5298.0391,PENDING_AG03,FALSE,NOT_FOR_ENFORCEMENT,6369.7955,110565.8997,6635.2036,6369.7955,265.4081,0.05216136,0.05007491,265.4081,6369.7955,0.05007491,265.4081,265.4081,265.4081,331.7602,331.7602,6369.7955,0.05007491,1459.7448,1337.1644,5175.4588,5298.0391,0.04068586,0.04164951,0.00208645,29.8814,40.3832,2.3265,127.6001,7.3643,2446.2564,54.8462,43.4275,28.3160,5.1431,12.8578,28.9875,66.8604,128.5777,263.3173,7.8995,-2.6176,10.0,20.479237,2.324,28,180,56,8,0.15055597,0.05216136,0.11437665,0E-8,0.000000,0.905409,0.000000,-0.07324236,2026-03-22,2026-08-06,52,901,524,138,0.376812,1.533674,1.453326,0.501853,,,,,,,,GLOBAL_BASELINE_NO_ENTITY_RANKING,,,NOT_APPLICABLE_GLOBAL_BASELINE,HF9g-P5,,,,X 全窗基线 · 不参与实体赏罚,14191583,1420,A168_HF9F_20260827_0900,2026-08-27 09:00:00
2026-06-18,128173484,2271,0,6.4288836886,-6.4288836886,-6.4288836886,0E-7,1,1,0.49324550000000000,0.493245500000,-0.9865810262130424,-0.9865810262130424,-0.9865810262130424,0E-17,ELIGIBLE,R03b_20260811_FULL_v1,L1_ELIGIBILITY,v2026-08-11,2026-03-21..2026-08-06,baccarat_bet02_101_all_pairs_incl_sentinel,round_win = game_pnl > 0 (decisive only),COMPATIBILITY_ONLY_NOT_PRODUCTION,127205.3315,115172.8122,6635.2036,4257,2852,-0.05216136,-0.11437665,-0.04113429,-0.05216136,-6635.2036,127205.3315,OK,0.0000,265.4081,4.0000,96.0000,AG03-UNRESOLVED,ALL5_LEVELS_bet23_to_bet27,265.4081,265.4081,265.4081,331.7602,331.7602,4.000000,4.000000,4.000000,5.000000,5.000000,96.000000,96.000000,96.000000,95.000000,95.000000,5.0,1459.7448,1337.1644,5175.4588,5298.0391,PENDING_AG03,FALSE,NOT_FOR_ENFORCEMENT,6369.7955,110565.8997,6635.2036,6369.7955,265.4081,0.05216136,0.05007491,265.4081,6369.7955,0.05007491,265.4081,265.4081,265.4081,331.7602,331.7602,6369.7955,0.05007491,1459.7448,1337.1644,5175.4588,5298.0391,0.04068586,0.04164951,0.00208645,29.8814,40.3832,2.3265,127.6001,7.3643,2446.2564,54.8462,43.4275,28.3160,5.1431,12.8578,28.9875,66.8604,128.5777,263.3173,7.8995,-2.6176,10.0,20.479237,2.324,28,180,56,8,0.15055597,0.05216136,0.11437665,0E-8,0.000000,0.905409,0.000000,-0.07324236,2026-03-22,2026-08-06,52,901,524,138,0.376812,1.533674,1.453326,0.501853,,,,,,,,GLOBAL_BASELINE_NO_ENTITY_RANKING,,,NOT_APPLICABLE_GLOBAL_BASELINE,HF9g-P5,,,,X 全窗基线 · 不参与实体赏罚,14191584,1420,A168_HF9F_20260827_0900,2026-08-27 09:00:00
2026-06-21,128173484,-1,1,128.5776737727,122.1487900841,122.1487900841,1.0000000,1,1,0.50665070000000000,0.506650700000,0.9867858985152569,0.9867858985152569,0.9867858985152569,0E-17,SENTINEL_DEALER,R03b_20260811_FULL_v1,L1_ELIGIBILITY,v2026-08-11,2026-03-21..2026-08-06,baccarat_bet02_101_all_pairs_incl_sentinel,round_win = game_pnl > 0 (decisive only),COMPATIBILITY_ONLY_NOT_PRODUCTION,127205.3315,115172.8122,6635.2036,4257,2852,-0.05216136,-0.11437665,-0.04113429,-0.05216136,-6635.2036,127205.3315,OK,0.0000,265.4081,4.0000,96.0000,AG03-UNRESOLVED,ALL5_LEVELS_bet23_to_bet27,265.4081,265.4081,265.4081,331.7602,331.7602,4.000000,4.000000,4.000000,5.000000,5.000000,96.000000,96.000000,96.000000,95.000000,95.000000,5.0,1459.7448,1337.1644,5175.4588,5298.0391,PENDING_AG03,FALSE,NOT_FOR_ENFORCEMENT,6369.7955,110565.8997,6635.2036,6369.7955,265.4081,0.05216136,0.05007491,265.4081,6369.7955,0.05007491,265.4081,265.4081,265.4081,331.7602,331.7602,6369.7955,0.05007491,1459.7448,1337.1644,5175.4588,5298.0391,0.04068586,0.04164951,0.00208645,29.8814,40.3832,2.3265,127.6001,7.3643,2446.2564,54.8462,43.4275,28.3160,5.1431,12.8578,28.9875,66.8604,128.5777,263.3173,7.8995,-2.6176,10.0,20.479237,2.324,28,180,56,8,0.15055597,0.05216136,0.11437665,0E-8,0.000000,0.905409,0.000000,-0.07324236,2026-03-22,2026-08-06,52,901,524,138,0.376812,1.533674,1.453326,0.501853,,,,,,,,GLOBAL_BASELINE_NO_ENTITY_RANKING,,,NOT_APPLICABLE_GLOBAL_BASELINE,HF9g-P5,,,,X 全窗基线 · 不参与实体赏罚,14191585,1420,A168_HF9F_20260827_0900,2026-08-27 09:00:00
2026-06-21,128173484,1094,0,15.4293208528,-10.4147915756,-10.4147915756,0.5000000,3,2,0.45809217999934894,0.395308300000,0.11895177298450373,0.3028253860702671,0.11895177298450373,0.06278387999934894,ELIGIBLE,R03b_20260811_FULL_v1,L1_ELIGIBILITY,v2026-08-11,2026-03-21..2026-08-06,baccarat_bet02_101_all_pairs_incl_sentinel,round_win = game_pnl > 0 (decisive only),COMPATIBILITY_ONLY_NOT_PRODUCTION,127205.3315,115172.8122,6635.2036,4257,2852,-0.05216136,-0.11437665,-0.04113429,-0.05216136,-6635.2036,127205.3315,OK,0.0000,265.4081,4.0000,96.0000,AG03-UNRESOLVED,ALL5_LEVELS_bet23_to_bet27,265.4081,265.4081,265.4081,331.7602,331.7602,4.000000,4.000000,4.000000,5.000000,5.000000,96.000000,96.000000,96.000000,95.000000,95.000000,5.0,1459.7448,1337.1644,5175.4588,5298.0391,PENDING_AG03,FALSE,NOT_FOR_ENFORCEMENT,6369.7955,110565.8997,6635.2036,6369.7955,265.4081,0.05216136,0.05007491,265.4081,6369.7955,0.05007491,265.4081,265.4081,265.4081,331.7602,331.7602,6369.7955,0.05007491,1459.7448,1337.1644,5175.4588,5298.0391,0.04068586,0.04164951,0.00208645,29.8814,40.3832,2.3265,127.6001,7.3643,2446.2564,54.8462,43.4275,28.3160,5.1431,12.8578,28.9875,66.8604,128.5777,263.3173,7.8995,-2.6176,10.0,20.479237,2.324,28,180,56,8,0.15055597,0.05216136,0.11437665,0E-8,0.000000,0.905409,0.000000,-0.07324236,2026-03-22,2026-08-06,52,901,524,138,0.376812,1.533674,1.453326,0.501853,,,,,,,,GLOBAL_BASELINE_NO_ENTITY_RANKING,,,NOT_APPLICABLE_GLOBAL_BASELINE,HF9g-P5,,,,X 全窗基线 · 不参与实体赏罚,14191586,1420,A168_HF9F_20260827_0900,2026-08-27 09:00:00
2026-06-21,128173484,1109,0,97.7190320675,156.8647620027,156.8647620027,1.0000000,9,6,0.44868741261889497,0.395312316667,2.7152050722148084,3.029500396377071,2.7152050722148084,0.05337509595189497,ELIGIBLE,R03b_20260811_FULL_v1,L1_ELIGIBILITY,v2026-08-11,2026-03-21..2026-08-06,baccarat_bet02_101_all_pairs_incl_sentinel,round_win = game_pnl > 0 (decisive only),COMPATIBILITY_ONLY_NOT_PRODUCTION,127205.3315,115172.8122,6635.2036,4257,2852,-0.05216136,-0.11437665,-0.04113429,-0.05216136,-6635.2036,127205.3315,OK,0.0000,265.4081,4.0000,96.0000,AG03-UNRESOLVED,ALL5_LEVELS_bet23_to_bet27,265.4081,265.4081,265.4081,331.7602,331.7602,4.000000,4.000000,4.000000,5.000000,5.000000,96.000000,96.000000,96.000000,95.000000,95.000000,5.0,1459.7448,1337.1644,5175.4588,5298.0391,PENDING_AG03,FALSE,NOT_FOR_ENFORCEMENT,6369.7955,110565.8997,6635.2036,6369.7955,265.4081,0.05216136,0.05007491,265.4081,6369.7955,0.05007491,265.4081,265.4081,265.4081,331.7602,331.7602,6369.7955,0.05007491,1459.7448,1337.1644,5175.4588,5298.0391,0.04068586,0.04164951,0.00208645,29.8814,40.3832,2.3265,127.6001,7.3643,2446.2564,54.8462,43.4275,28.3160,5.1431,12.8578,28.9875,66.8604,128.5777,263.3173,7.8995,-2.6176,10.0,20.479237,2.324,28,180,56,8,0.15055597,0.05216136,0.11437665,0E-8,0.000000,0.905409,0.000000,-0.07324236,2026-03-22,2026-08-06,52,901,524,138,0.376812,1.533674,1.453326,0.501853,,,,,,,,GLOBAL_BASELINE_NO_ENTITY_RANKING,,,NOT_APPLICABLE_GLOBAL_BASELINE,HF9g-P5,,,,X 全窗基线 · 不参与实体赏罚,14191587,1420,A168_HF9F_20260827_0900,2026-08-27 09:00:00
2026-06-21,128173484,1151,0,218.5820454136,48.8595160336,48.8595160336,0.6000000,9,6,0.46140705987168965,0.396431425000,0.621661059685052,0.9305685952815049,0.621661059685052,0.06497563487168965,ELIGIBLE,R03b_20260811_FULL_v1,L1_ELIGIBILITY,v2026-08-11,2026-03-21..2026-08-06,baccarat_bet02_101_all_pairs_incl_sentinel,round_win = game_pnl > 0 (decisive only),COMPATIBILITY_ONLY_NOT_PRODUCTION,127205.3315,115172.8122,6635.2036,4257,2852,-0.05216136,-0.11437665,-0.04113429,-0.05216136,-6635.2036,127205.3315,OK,0.0000,265.4081,4.0000,96.0000,AG03-UNRESOLVED,ALL5_LEVELS_bet23_to_bet27,265.4081,265.4081,265.4081,331.7602,331.7602,4.000000,4.000000,4.000000,5.000000,5.000000,96.000000,96.000000,96.000000,95.000000,95.000000,5.0,1459.7448,1337.1644,5175.4588,5298.0391,PENDING_AG03,FALSE,NOT_FOR_ENFORCEMENT,6369.7955,110565.8997,6635.2036,6369.7955,265.4081,0.05216136,0.05007491,265.4081,6369.7955,0.05007491,265.4081,265.4081,265.4081,331.7602,331.7602,6369.7955,0.05007491,1459.7448,1337.1644,5175.4588,5298.0391,0.04068586,0.04164951,0.00208645,29.8814,40.3832,2.3265,127.6001,7.3643,2446.2564,54.8462,43.4275,28.3160,5.1431,12.8578,28.9875,66.8604,128.5777,263.3173,7.8995,-2.6176,10.0,20.479237,2.324,28,180,56,8,0.15055597,0.05216136,0.11437665,0E-8,0.000000,0.905409,0.000000,-0.07324236,2026-03-22,2026-08-06,52,901,524,138,0.376812,1.533674,1.453326,0.501853,,,,,,,,GLOBAL_BASELINE_NO_ENTITY_RANKING,,,NOT_APPLICABLE_GLOBAL_BASELINE,HF9g-P5,,,,X 全窗基线 · 不参与实体赏罚,14191588,1420,A168_HF9F_20260827_0900,2026-08-27 09:00:00
2026-06-21,128173484,1157,0,171.0083061178,-0.5143106954,-0.5143106954,0.4444444,14,9,0.44723512253061827,0.383688350000,-0.016838089958112507,0.3748190091471562,-0.016838089958112507,0.06354677253061827,ELIGIBLE,R03b_20260811_FULL_v1,L1_ELIGIBILITY,v2026-08-11,2026-03-21..2026-08-06,baccarat_bet02_101_all_pairs_incl_sentinel,round_win = game_pnl > 0 (decisive only),COMPATIBILITY_ONLY_NOT_PRODUCTION,127205.3315,115172.8122,6635.2036,4257,2852,-0.05216136,-0.11437665,-0.04113429,-0.05216136,-6635.2036,127205.3315,OK,0.0000,265.4081,4.0000,96.0000,AG03-UNRESOLVED,ALL5_LEVELS_bet23_to_bet27,265.4081,265.4081,265.4081,331.7602,331.7602,4.000000,4.000000,4.000000,5.000000,5.000000,96.000000,96.000000,96.000000,95.000000,95.000000,5.0,1459.7448,1337.1644,5175.4588,5298.0391,PENDING_AG03,FALSE,NOT_FOR_ENFORCEMENT,6369.7955,110565.8997,6635.2036,6369.7955,265.4081,0.05216136,0.05007491,265.4081,6369.7955,0.05007491,265.4081,265.4081,265.4081,331.7602,331.7602,6369.7955,0.05007491,1459.7448,1337.1644,5175.4588,5298.0391,0.04068586,0.04164951,0.00208645,29.8814,40.3832,2.3265,127.6001,7.3643,2446.2564,54.8462,43.4275,28.3160,5.1431,12.8578,28.9875,66.8604,128.5777,263.3173,7.8995,-2.6176,10.0,20.479237,2.324,28,180,56,8,0.15055597,0.05216136,0.11437665,0E-8,0.000000,0.905409,0.000000,-0.07324236,2026-03-22,2026-08-06,52,901,524,138,0.376812,1.533674,1.453326,0.501853,,,,,,,,GLOBAL_BASELINE_NO_ENTITY_RANKING,,,NOT_APPLICABLE_GLOBAL_BASELINE,HF9g-P5,,,,X 全窗基线 · 不参与实体赏罚,14191589,1420,A168_HF9F_20260827_0900,2026-08-27 09:00:00
2026-06-21,128173484,1210,0,1197.5724535193,432.9210275926,432.9210275926,0.6250000,28,16,0.44147230285256240,0.352130841667,1.4783849009688397,2.285171280314301,1.4783849009688397,0.08934146118556240,ELIGIBLE,R03b_20260811_FULL_v1,L1_ELIGIBILITY,v2026-08-11,2026-03-21..2026-08-06,baccarat_bet02_101_all_pairs_incl_sentinel,round_win = game_pnl > 0 (decisive only),COMPATIBILITY_ONLY_NOT_PRODUCTION,127205.3315,115172.8122,6635.2036,4257,2852,-0.05216136,-0.11437665,-0.04113429,-0.05216136,-6635.2036,127205.3315,OK,0.0000,265.4081,4.0000,96.0000,AG03-UNRESOLVED,ALL5_LEVELS_bet23_to_bet27,265.4081,265.4081,265.4081,331.7602,331.7602,4.000000,4.000000,4.000000,5.000000,5.000000,96.000000,96.000000,96.000000,95.000000,95.000000,5.0,1459.7448,1337.1644,5175.4588,5298.0391,PENDING_AG03,FALSE,NOT_FOR_ENFORCEMENT,6369.7955,110565.8997,6635.2036,6369.7955,265.4081,0.05216136,0.05007491,265.4081,6369.7955,0.05007491,265.4081,265.4081,265.4081,331.7602,331.7602,6369.7955,0.05007491,1459.7448,1337.1644,5175.4588,5298.0391,0.04068586,0.04164951,0.00208645,29.8814,40.3832,2.3265,127.6001,7.3643,2446.2564,54.8462,43.4275,28.3160,5.1431,12.8578,28.9875,66.8604,128.5777,263.3173,7.8995,-2.6176,10.0,20.479237,2.324,28,180,56,8,0.15055597,0.05216136,0.11437665,0E-8,0.000000,0.905409,0.000000,-0.07324236,2026-03-22,2026-08-06,52,901,524,138,0.376812,1.533674,1.453326,0.501853,,,,,,,,GLOBAL_BASELINE_NO_ENTITY_RANKING,,,NOT_APPLICABLE_GLOBAL_BASELINE,HF9g-P5,,,,X 全窗基线 · 不参与实体赏罚,14191590,1420,A168_HF9F_20260827_0900,2026-08-27 09:00:00
2026-06-21,128173484,1299,0,53.2311569419,16.2007868954,16.2007868954,0.5000000,8,5,0.42517793844091354,0.370363600000,0.30269663347122633,0.536905553149563,0.30269663347122633,0.05481433844091354,ELIGIBLE,R03b_20260811_FULL_v1,L1_ELIGIBILITY,v2026-08-11,2026-03-21..2026-08-06,baccarat_bet02_101_all_pairs_incl_sentinel,round_win = game_pnl > 0 (decisive only),COMPATIBILITY_ONLY_NOT_PRODUCTION,127205.3315,115172.8122,6635.2036,4257,2852,-0.05216136,-0.11437665,-0.04113429,-0.05216136,-6635.2036,127205.3315,OK,0.0000,265.4081,4.0000,96.0000,AG03-UNRESOLVED,ALL5_LEVELS_bet23_to_bet27,265.4081,265.4081,265.4081,331.7602,331.7602,4.000000,4.000000,4.000000,5.000000,5.000000,96.000000,96.000000,96.000000,95.000000,95.000000,5.0,1459.7448,1337.1644,5175.4588,5298.0391,PENDING_AG03,FALSE,NOT_FOR_ENFORCEMENT,6369.7955,110565.8997,6635.2036,6369.7955,265.4081,0.05216136,0.05007491,265.4081,6369.7955,0.05007491,265.4081,265.4081,265.4081,331.7602,331.7602,6369.7955,0.05007491,1459.7448,1337.1644,5175.4588,5298.0391,0.04068586,0.04164951,0.00208645,29.8814,40.3832,2.3265,127.6001,7.3643,2446.2564,54.8462,43.4275,28.3160,5.1431,12.8578,28.9875,66.8604,128.5777,263.3173,7.8995,-2.6176,10.0,20.479237,2.324,28,180,56,8,0.15055597,0.05216136,0.11437665,0E-8,0.000000,0.905409,0.000000,-0.07324236,2026-03-22,2026-08-06,52,901,524,138,0.376812,1.533674,1.453326,0.501853,,,,,,,,GLOBAL_BASELINE_NO_ENTITY_RANKING,,,NOT_APPLICABLE_GLOBAL_BASELINE,HF9g-P5,,,,X 全窗基线 · 不参与实体赏罚,14191591,1420,A168_HF9F_20260827_0900,2026-08-27 09:00:00
2026-06-21,128173484,1330,0,424.8206341451,-271.1703139867,-271.1703139867,0.1666667,12,7,0.44563529273667873,0.349973692857,-1.374812311935253,-0.9413943129147779,-1.374812311935253,0.09566159987967873,ELIGIBLE,R03b_20260811_FULL_v1,L1_ELIGIBILITY,v2026-08-11,2026-03-21..2026-08-06,baccarat_bet02_101_all_pairs_incl_sentinel,round_win = game_pnl > 0 (decisive only),COMPATIBILITY_ONLY_NOT_PRODUCTION,127205.3315,115172.8122,6635.2036,4257,2852,-0.05216136,-0.11437665,-0.04113429,-0.05216136,-6635.2036,127205.3315,OK,0.0000,265.4081,4.0000,96.0000,AG03-UNRESOLVED,ALL5_LEVELS_bet23_to_bet27,265.4081,265.4081,265.4081,331.7602,331.7602,4.000000,4.000000,4.000000,5.000000,5.000000,96.000000,96.000000,96.000000,95.000000,95.000000,5.0,1459.7448,1337.1644,5175.4588,5298.0391,PENDING_AG03,FALSE,NOT_FOR_ENFORCEMENT,6369.7955,110565.8997,6635.2036,6369.7955,265.4081,0.05216136,0.05007491,265.4081,6369.7955,0.05007491,265.4081,265.4081,265.4081,331.7602,331.7602,6369.7955,0.05007491,1459.7448,1337.1644,5175.4588,5298.0391,0.04068586,0.04164951,0.00208645,29.8814,40.3832,2.3265,127.6001,7.3643,2446.2564,54.8462,43.4275,28.3160,5.1431,12.8578,28.9875,66.8604,128.5777,263.3173,7.8995,-2.6176,10.0,20.479237,2.324,28,180,56,8,0.15055597,0.05216136,0.11437665,0E-8,0.000000,0.905409,0.000000,-0.07324236,2026-03-22,2026-08-06,52,901,524,138,0.376812,1.533674,1.453326,0.501853,,,,,,,,GLOBAL_BASELINE_NO_ENTITY_RANKING,,,NOT_APPLICABLE_GLOBAL_BASELINE,HF9g-P5,,,,X 全窗基线 · 不参与实体赏罚,14191592,1420,A168_HF9F_20260827_0900,2026-08-27 09:00:00
2026-06-21,128173484,1331,0,203.9241906035,-98.8376578291,-98.8376578291,0.4166667,21,12,0.42267990189890342,0.354987787500,-0.04216816271713392,0.44651537852976414,-0.04216816271713392,0.06769211439890342,ELIGIBLE,R03b_20260811_FULL_v1,L1_ELIGIBILITY,v2026-08-11,2026-03-21..2026-08-06,baccarat_bet02_101_all_pairs_incl_sentinel,round_win = game_pnl > 0 (decisive only),COMPATIBILITY_ONLY_NOT_PRODUCTION,127205.3315,115172.8122,6635.2036,4257,2852,-0.05216136,-0.11437665,-0.04113429,-0.05216136,-6635.2036,127205.3315,OK,0.0000,265.4081,4.0000,96.0000,AG03-UNRESOLVED,ALL5_LEVELS_bet23_to_bet27,265.4081,265.4081,265.4081,331.7602,331.7602,4.000000,4.000000,4.000000,5.000000,5.000000,96.000000,96.000000,96.000000,95.000000,95.000000,5.0,1459.7448,1337.1644,5175.4588,5298.0391,PENDING_AG03,FALSE,NOT_FOR_ENFORCEMENT,6369.7955,110565.8997,6635.2036,6369.7955,265.4081,0.05216136,0.05007491,265.4081,6369.7955,0.05007491,265.4081,265.4081,265.4081,331.7602,331.7602,6369.7955,0.05007491,1459.7448,1337.1644,5175.4588,5298.0391,0.04068586,0.04164951,0.00208645,29.8814,40.3832,2.3265,127.6001,7.3643,2446.2564,54.8462,43.4275,28.3160,5.1431,12.8578,28.9875,66.8604,128.5777,263.3173,7.8995,-2.6176,10.0,20.479237,2.324,28,180,56,8,0.15055597,0.05216136,0.11437665,0E-8,0.000000,0.905409,0.000000,-0.07324236,2026-03-22,2026-08-06,52,901,524,138,0.376812,1.533674,1.453326,0.501853,,,,,,,,GLOBAL_BASELINE_NO_ENTITY_RANKING,,,NOT_APPLICABLE_GLOBAL_BASELINE,HF9g-P5,,,,X 全窗基线 · 不参与实体赏罚,14191593,1420,A168_HF9F_20260827_0900,2026-08-27 09:00:00
2026-06-21,128173484,1353,0,60.9458173684,-15.8150538741,-15.8150538741,0.6000000,9,5,0.39798000547592465,0.333874580000,0.9228758312582784,1.2618324190607,0.9228758312582784,0.06410542547592465,ELIGIBLE,R03b_20260811_FULL_v1,L1_ELIGIBILITY,v2026-08-11,2026-03-21..2026-08-06,baccarat_bet02_101_all_pairs_incl_sentinel,round_win = game_pnl > 0 (decisive only),COMPATIBILITY_ONLY_NOT_PRODUCTION,127205.3315,115172.8122,6635.2036,4257,2852,-0.05216136,-0.11437665,-0.04113429,-0.05216136,-6635.2036,127205.3315,OK,0.0000,265.4081,4.0000,96.0000,AG03-UNRESOLVED,ALL5_LEVELS_bet23_to_bet27,265.4081,265.4081,265.4081,331.7602,331.7602,4.000000,4.000000,4.000000,5.000000,5.000000,96.000000,96.000000,96.000000,95.000000,95.000000,5.0,1459.7448,1337.1644,5175.4588,5298.0391,PENDING_AG03,FALSE,NOT_FOR_ENFORCEMENT,6369.7955,110565.8997,6635.2036,6369.7955,265.4081,0.05216136,0.05007491,265.4081,6369.7955,0.05007491,265.4081,265.4081,265.4081,331.7602,331.7602,6369.7955,0.05007491,1459.7448,1337.1644,5175.4588,5298.0391,0.04068586,0.04164951,0.00208645,29.8814,40.3832,2.3265,127.6001,7.3643,2446.2564,54.8462,43.4275,28.3160,5.1431,12.8578,28.9875,66.8604,128.5777,263.3173,7.8995,-2.6176,10.0,20.479237,2.324,28,180,56,8,0.15055597,0.05216136,0.11437665,0E-8,0.000000,0.905409,0.000000,-0.07324236,2026-03-22,2026-08-06,52,901,524,138,0.376812,1.533674,1.453326,0.501853,,,,,,,,GLOBAL_BASELINE_NO_ENTITY_RANKING,,,NOT_APPLICABLE_GLOBAL_BASELINE,HF9g-P5,,,,X 全窗基线 · 不参与实体赏罚,14191594,1420,A168_HF9F_20260827_0900,2026-08-27 09:00:00
2026-06-21,128173484,1374,0,406.8197598169,53.4883122894,53.4883122894,0.5555556,14,9,0.43949074337371016,0.382555266667,0.7015450536280936,1.067878751682595,0.7015450536280936,0.05693547670671016,ELIGIBLE,R03b_20260811_FULL_v1,L1_ELIGIBILITY,v2026-08-11,2026-03-21..2026-08-06,baccarat_bet02_101_all_pairs_incl_sentinel,round_win = game_pnl > 0 (decisive only),COMPATIBILITY_ONLY_NOT_PRODUCTION,127205.3315,115172.8122,6635.2036,4257,2852,-0.05216136,-0.11437665,-0.04113429,-0.05216136,-6635.2036,127205.3315,OK,0.0000,265.4081,4.0000,96.0000,AG03-UNRESOLVED,ALL5_LEVELS_bet23_to_bet27,265.4081,265.4081,265.4081,331.7602,331.7602,4.000000,4.000000,4.000000,5.000000,5.000000,96.000000,96.000000,96.000000,95.000000,95.000000,5.0,1459.7448,1337.1644,5175.4588,5298.0391,PENDING_AG03,FALSE,NOT_FOR_ENFORCEMENT,6369.7955,110565.8997,6635.2036,6369.7955,265.4081,0.05216136,0.05007491,265.4081,6369.7955,0.05007491,265.4081,265.4081,265.4081,331.7602,331.7602,6369.7955,0.05007491,1459.7448,1337.1644,5175.4588,5298.0391,0.04068586,0.04164951,0.00208645,29.8814,40.3832,2.3265,127.6001,7.3643,2446.2564,54.8462,43.4275,28.3160,5.1431,12.8578,28.9875,66.8604,128.5777,263.3173,7.8995,-2.6176,10.0,20.479237,2.324,28,180,56,8,0.15055597,0.05216136,0.11437665,0E-8,0.000000,0.905409,0.000000,-0.07324236,2026-03-22,2026-08-06,52,901,524,138,0.376812,1.533674,1.453326,0.501853,,,,,,,,GLOBAL_BASELINE_NO_ENTITY_RANKING,,,NOT_APPLICABLE_GLOBAL_BASELINE,HF9g-P5,,,,X 全窗基线 · 不参与实体赏罚,14191595,1420,A168_HF9F_20260827_0900,2026-08-27 09:00:00
2026-06-21,128173484,1383,0,401.1623421708,185.1518502328,185.1518502328,0.5000000,16,10,0.45731091513637943,0.392129700000,0.2709789264309435,0.6986852190199047,0.2709789264309435,0.06518121513637943,ELIGIBLE,R03b_20260811_FULL_v1,L1_ELIGIBILITY,v2026-08-11,2026-03-21..2026-08-06,baccarat_bet02_101_all_pairs_incl_sentinel,round_win = game_pnl > 0 (decisive only),COMPATIBILITY_ONLY_NOT_PRODUCTION,127205.3315,115172.8122,6635.2036,4257,2852,-0.05216136,-0.11437665,-0.04113429,-0.05216136,-6635.2036,127205.3315,OK,0.0000,265.4081,4.0000,96.0000,AG03-UNRESOLVED,ALL5_LEVELS_bet23_to_bet27,265.4081,265.4081,265.4081,331.7602,331.7602,4.000000,4.000000,4.000000,5.000000,5.000000,96.000000,96.000000,96.000000,95.000000,95.000000,5.0,1459.7448,1337.1644,5175.4588,5298.0391,PENDING_AG03,FALSE,NOT_FOR_ENFORCEMENT,6369.7955,110565.8997,6635.2036,6369.7955,265.4081,0.05216136,0.05007491,265.4081,6369.7955,0.05007491,265.4081,265.4081,265.4081,331.7602,331.7602,6369.7955,0.05007491,1459.7448,1337.1644,5175.4588,5298.0391,0.04068586,0.04164951,0.00208645,29.8814,40.3832,2.3265,127.6001,7.3643,2446.2564,54.8462,43.4275,28.3160,5.1431,12.8578,28.9875,66.8604,128.5777,263.3173,7.8995,-2.6176,10.0,20.479237,2.324,28,180,56,8,0.15055597,0.05216136,0.11437665,0E-8,0.000000,0.905409,0.000000,-0.07324236,2026-03-22,2026-08-06,52,901,524,138,0.376812,1.533674,1.453326,0.501853,,,,,,,,GLOBAL_BASELINE_NO_ENTITY_RANKING,,,NOT_APPLICABLE_GLOBAL_BASELINE,HF9g-P5,,,,X 全窗基线 · 不参与实体赏罚,14191596,1420,A168_HF9F_20260827_0900,2026-08-27 09:00:00
2026-06-21,128173484,1399,0,82.2897112145,4.8859516034,4.8859516034,1.0000000,2,2,0.49994810000000000,0.499948100000,1.0001038053877793,1.0001038053877793,1.0001038053877793,0E-17,ELIGIBLE,R03b_20260811_FULL_v1,L1_ELIGIBILITY,v2026-08-11,2026-03-21..2026-08-06,baccarat_bet02_101_all_pairs_incl_sentinel,round_win = game_pnl > 0 (decisive only),COMPATIBILITY_ONLY_NOT_PRODUCTION,127205.3315,115172.8122,6635.2036,4257,2852,-0.05216136,-0.11437665,-0.04113429,-0.05216136,-6635.2036,127205.3315,OK,0.0000,265.4081,4.0000,96.0000,AG03-UNRESOLVED,ALL5_LEVELS_bet23_to_bet27,265.4081,265.4081,265.4081,331.7602,331.7602,4.000000,4.000000,4.000000,5.000000,5.000000,96.000000,96.000000,96.000000,95.000000,95.000000,5.0,1459.7448,1337.1644,5175.4588,5298.0391,PENDING_AG03,FALSE,NOT_FOR_ENFORCEMENT,6369.7955,110565.8997,6635.2036,6369.7955,265.4081,0.05216136,0.05007491,265.4081,6369.7955,0.05007491,265.4081,265.4081,265.4081,331.7602,331.7602,6369.7955,0.05007491,1459.7448,1337.1644,5175.4588,5298.0391,0.04068586,0.04164951,0.00208645,29.8814,40.3832,2.3265,127.6001,7.3643,2446.2564,54.8462,43.4275,28.3160,5.1431,12.8578,28.9875,66.8604,128.5777,263.3173,7.8995,-2.6176,10.0,20.479237,2.324,28,180,56,8,0.15055597,0.05216136,0.11437665,0E-8,0.000000,0.905409,0.000000,-0.07324236,2026-03-22,2026-08-06,52,901,524,138,0.376812,1.533674,1.453326,0.501853,,,,,,,,GLOBAL_BASELINE_NO_ENTITY_RANKING,,,NOT_APPLICABLE_GLOBAL_BASELINE,HF9g-P5,,,,X 全窗基线 · 不参与实体赏罚,14191597,1420,A168_HF9F_20260827_0900,2026-08-27 09:00:00
2026-06-21,128173484,1401,0,85.3755753853,-32.0158407695,-32.0158407695,0.3750000,16,9,0.42563920796313145,0.352426850000,-0.28968012005880817,0.13364670323558195,-0.28968012005880817,0.07321235796313145,ELIGIBLE,R03b_20260811_FULL_v1,L1_ELIGIBILITY,v2026-08-11,2026-03-21..2026-08-06,baccarat_bet02_101_all_pairs_incl_sentinel,round_win = game_pnl > 0 (decisive only),COMPATIBILITY_ONLY_NOT_PRODUCTION,127205.3315,115172.8122,6635.2036,4257,2852,-0.05216136,-0.11437665,-0.04113429,-0.05216136,-6635.2036,127205.3315,OK,0.0000,265.4081,4.0000,96.0000,AG03-UNRESOLVED,ALL5_LEVELS_bet23_to_bet27,265.4081,265.4081,265.4081,331.7602,331.7602,4.000000,4.000000,4.000000,5.000000,5.000000,96.000000,96.000000,96.000000,95.000000,95.000000,5.0,1459.7448,1337.1644,5175.4588,5298.0391,PENDING_AG03,FALSE,NOT_FOR_ENFORCEMENT,6369.7955,110565.8997,6635.2036,6369.7955,265.4081,0.05216136,0.05007491,265.4081,6369.7955,0.05007491,265.4081,265.4081,265.4081,331.7602,331.7602,6369.7955,0.05007491,1459.7448,1337.1644,5175.4588,5298.0391,0.04068586,0.04164951,0.00208645,29.8814,40.3832,2.3265,127.6001,7.3643,2446.2564,54.8462,43.4275,28.3160,5.1431,12.8578,28.9875,66.8604,128.5777,263.3173,7.8995,-2.6176,10.0,20.479237,2.324,28,180,56,8,0.15055597,0.05216136,0.11437665,0E-8,0.000000,0.905409,0.000000,-0.07324236,2026-03-22,2026-08-06,52,901,524,138,0.376812,1.533674,1.453326,0.501853,,,,,,,,GLOBAL_BASELINE_NO_ENTITY_RANKING,,,NOT_APPLICABLE_GLOBAL_BASELINE,HF9g-P5,,,,X 全窗基线 · 不参与实体赏罚,14191598,1420,A168_HF9F_20260827_0900,2026-08-27 09:00:00
2026-06-21,128173484,1402,0,235.2971430045,-53.7454676373,-53.7454676373,0.4000000,21,11,0.42711369459787190,0.347540816667,-0.17333358973244095,0.34837095783539096,-0.17333358973244095,0.07957287793087190,ELIGIBLE,R03b_20260811_FULL_v1,L1_ELIGIBILITY,v2026-08-11,2026-03-21..2026-08-06,baccarat_bet02_101_all_pairs_incl_sentinel,round_win = game_pnl > 0 (decisive only),COMPATIBILITY_ONLY_NOT_PRODUCTION,127205.3315,115172.8122,6635.2036,4257,2852,-0.05216136,-0.11437665,-0.04113429,-0.05216136,-6635.2036,127205.3315,OK,0.0000,265.4081,4.0000,96.0000,AG03-UNRESOLVED,ALL5_LEVELS_bet23_to_bet27,265.4081,265.4081,265.4081,331.7602,331.7602,4.000000,4.000000,4.000000,5.000000,5.000000,96.000000,96.000000,96.000000,95.000000,95.000000,5.0,1459.7448,1337.1644,5175.4588,5298.0391,PENDING_AG03,FALSE,NOT_FOR_ENFORCEMENT,6369.7955,110565.8997,6635.2036,6369.7955,265.4081,0.05216136,0.05007491,265.4081,6369.7955,0.05007491,265.4081,265.4081,265.4081,331.7602,331.7602,6369.7955,0.05007491,1459.7448,1337.1644,5175.4588,5298.0391,0.04068586,0.04164951,0.00208645,29.8814,40.3832,2.3265,127.6001,7.3643,2446.2564,54.8462,43.4275,28.3160,5.1431,12.8578,28.9875,66.8604,128.5777,263.3173,7.8995,-2.6176,10.0,20.479237,2.324,28,180,56,8,0.15055597,0.05216136,0.11437665,0E-8,0.000000,0.905409,0.000000,-0.07324236,2026-03-22,2026-08-06,52,901,524,138,0.376812,1.533674,1.453326,0.501853,,,,,,,,GLOBAL_BASELINE_NO_ENTITY_RANKING,,,NOT_APPLICABLE_GLOBAL_BASELINE,HF9g-P5,,,,X 全窗基线 · 不参与实体赏罚,14191599,1420,A168_HF9F_20260827_0900,2026-08-27 09:00:00
2026-06-21,128173484,1405,0,43.9735644304,-18.2580296758,-18.2580296758,0.3333333,6,3,0.39669909311065542,0.286208133333,-0.22434566443282347,0.18058723587904965,-0.22434566443282347,0.11049095977765542,ELIGIBLE,R03b_20260811_FULL_v1,L1_ELIGIBILITY,v2026-08-11,2026-03-21..2026-08-06,baccarat_bet02_101_all_pairs_incl_sentinel,round_win = game_pnl > 0 (decisive only),COMPATIBILITY_ONLY_NOT_PRODUCTION,127205.3315,115172.8122,6635.2036,4257,2852,-0.05216136,-0.11437665,-0.04113429,-0.05216136,-6635.2036,127205.3315,OK,0.0000,265.4081,4.0000,96.0000,AG03-UNRESOLVED,ALL5_LEVELS_bet23_to_bet27,265.4081,265.4081,265.4081,331.7602,331.7602,4.000000,4.000000,4.000000,5.000000,5.000000,96.000000,96.000000,96.000000,95.000000,95.000000,5.0,1459.7448,1337.1644,5175.4588,5298.0391,PENDING_AG03,FALSE,NOT_FOR_ENFORCEMENT,6369.7955,110565.8997,6635.2036,6369.7955,265.4081,0.05216136,0.05007491,265.4081,6369.7955,0.05007491,265.4081,265.4081,265.4081,331.7602,331.7602,6369.7955,0.05007491,1459.7448,1337.1644,5175.4588,5298.0391,0.04068586,0.04164951,0.00208645,29.8814,40.3832,2.3265,127.6001,7.3643,2446.2564,54.8462,43.4275,28.3160,5.1431,12.8578,28.9875,66.8604,128.5777,263.3173,7.8995,-2.6176,10.0,20.479237,2.324,28,180,56,8,0.15055597,0.05216136,0.11437665,0E-8,0.000000,0.905409,0.000000,-0.07324236,2026-03-22,2026-08-06,52,901,524,138,0.376812,1.533674,1.453326,0.501853,,,,,,,,GLOBAL_BASELINE_NO_ENTITY_RANKING,,,NOT_APPLICABLE_GLOBAL_BASELINE,HF9g-P5,,,,X 全窗基线 · 不参与实体赏罚,14191600,1420,A168_HF9F_20260827_0900,2026-08-27 09:00:00
2026-06-21,128173484,1485,0,244.2975801681,90.0043716410,90.0043716410,0.5000000,4,3,0.47727068461541519,0.431273450000,0.06435474066959768,0.19625079655879635,0.06435474066959768,0.04599723461541519,ELIGIBLE,R03b_20260811_FULL_v1,L1_ELIGIBILITY,v2026-08-11,2026-03-21..2026-08-06,baccarat_bet02_101_all_pairs_incl_sentinel,round_win = game_pnl > 0 (decisive only),COMPATIBILITY_ONLY_NOT_PRODUCTION,127205.3315,115172.8122,6635.2036,4257,2852,-0.05216136,-0.11437665,-0.04113429,-0.05216136,-6635.2036,127205.3315,OK,0.0000,265.4081,4.0000,96.0000,AG03-UNRESOLVED,ALL5_LEVELS_bet23_to_bet27,265.4081,265.4081,265.4081,331.7602,331.7602,4.000000,4.000000,4.000000,5.000000,5.000000,96.000000,96.000000,96.000000,95.000000,95.000000,5.0,1459.7448,1337.1644,5175.4588,5298.0391,PENDING_AG03,FALSE,NOT_FOR_ENFORCEMENT,6369.7955,110565.8997,6635.2036,6369.7955,265.4081,0.05216136,0.05007491,265.4081,6369.7955,0.05007491,265.4081,265.4081,265.4081,331.7602,331.7602,6369.7955,0.05007491,1459.7448,1337.1644,5175.4588,5298.0391,0.04068586,0.04164951,0.00208645,29.8814,40.3832,2.3265,127.6001,7.3643,2446.2564,54.8462,43.4275,28.3160,5.1431,12.8578,28.9875,66.8604,128.5777,263.3173,7.8995,-2.6176,10.0,20.479237,2.324,28,180,56,8,0.15055597,0.05216136,0.11437665,0E-8,0.000000,0.905409,0.000000,-0.07324236,2026-03-22,2026-08-06,52,901,524,138,0.376812,1.533674,1.453326,0.501853,,,,,,,,GLOBAL_BASELINE_NO_ENTITY_RANKING,,,NOT_APPLICABLE_GLOBAL_BASELINE,HF9g-P5,,,,X 全窗基线 · 不参与实体赏罚,14191601,1420,A168_HF9F_20260827_0900,2026-08-27 09:00:00
2026-06-21,128173484,1490,0,104.6622264510,-16.5865199167,-16.5865199167,0.2500000,7,5,0.47871078111860113,0.418919710000,-0.9156735239697312,-0.6847418209239531,-0.9156735239697312,0.05979107111860113,ELIGIBLE,R03b_20260811_FULL_v1,L1_ELIGIBILITY,v2026-08-11,2026-03-21..2026-08-06,baccarat_bet02_101_all_pairs_incl_sentinel,round_win = game_pnl > 0 (decisive only),COMPATIBILITY_ONLY_NOT_PRODUCTION,127205.3315,115172.8122,6635.2036,4257,2852,-0.05216136,-0.11437665,-0.04113429,-0.05216136,-6635.2036,127205.3315,OK,0.0000,265.4081,4.0000,96.0000,AG03-UNRESOLVED,ALL5_LEVELS_bet23_to_bet27,265.4081,265.4081,265.4081,331.7602,331.7602,4.000000,4.000000,4.000000,5.000000,5.000000,96.000000,96.000000,96.000000,95.000000,95.000000,5.0,1459.7448,1337.1644,5175.4588,5298.0391,PENDING_AG03,FALSE,NOT_FOR_ENFORCEMENT,6369.7955,110565.8997,6635.2036,6369.7955,265.4081,0.05216136,0.05007491,265.4081,6369.7955,0.05007491,265.4081,265.4081,265.4081,331.7602,331.7602,6369.7955,0.05007491,1459.7448,1337.1644,5175.4588,5298.0391,0.04068586,0.04164951,0.00208645,29.8814,40.3832,2.3265,127.6001,7.3643,2446.2564,54.8462,43.4275,28.3160,5.1431,12.8578,28.9875,66.8604,128.5777,263.3173,7.8995,-2.6176,10.0,20.479237,2.324,28,180,56,8,0.15055597,0.05216136,0.11437665,0E-8,0.000000,0.905409,0.000000,-0.07324236,2026-03-22,2026-08-06,52,901,524,138,0.376812,1.533674,1.453326,0.501853,,,,,,,,GLOBAL_BASELINE_NO_ENTITY_RANKING,,,NOT_APPLICABLE_GLOBAL_BASELINE,HF9g-P5,,,,X 全窗基线 · 不参与实体赏罚,14191602,1420,A168_HF9F_20260827_0900,2026-08-27 09:00:00
2026-06-21,128173484,1507,0,125.4918096023,54.5169336795,54.5169336795,0.6000000,8,5,0.44435536178545487,0.402922663333,0.7004149221972517,0.8984533766484525,0.7004149221972517,0.04143269845245487,ELIGIBLE,R03b_20260811_FULL_v1,L1_ELIGIBILITY,v2026-08-11,2026-03-21..2026-08-06,baccarat_bet02_101_all_pairs_incl_sentinel,round_win = game_pnl > 0 (decisive only),COMPATIBILITY_ONLY_NOT_PRODUCTION,127205.3315,115172.8122,6635.2036,4257,2852,-0.05216136,-0.11437665,-0.04113429,-0.05216136,-6635.2036,127205.3315,OK,0.0000,265.4081,4.0000,96.0000,AG03-UNRESOLVED,ALL5_LEVELS_bet23_to_bet27,265.4081,265.4081,265.4081,331.7602,331.7602,4.000000,4.000000,4.000000,5.000000,5.000000,96.000000,96.000000,96.000000,95.000000,95.000000,5.0,1459.7448,1337.1644,5175.4588,5298.0391,PENDING_AG03,FALSE,NOT_FOR_ENFORCEMENT,6369.7955,110565.8997,6635.2036,6369.7955,265.4081,0.05216136,0.05007491,265.4081,6369.7955,0.05007491,265.4081,265.4081,265.4081,331.7602,331.7602,6369.7955,0.05007491,1459.7448,1337.1644,5175.4588,5298.0391,0.04068586,0.04164951,0.00208645,29.8814,40.3832,2.3265,127.6001,7.3643,2446.2564,54.8462,43.4275,28.3160,5.1431,12.8578,28.9875,66.8604,128.5777,263.3173,7.8995,-2.6176,10.0,20.479237,2.324,28,180,56,8,0.15055597,0.05216136,0.11437665,0E-8,0.000000,0.905409,0.000000,-0.07324236,2026-03-22,2026-08-06,52,901,524,138,0.376812,1.533674,1.453326,0.501853,,,,,,,,GLOBAL_BASELINE_NO_ENTITY_RANKING,,,NOT_APPLICABLE_GLOBAL_BASELINE,HF9g-P5,,,,X 全窗基线 · 不参与实体赏罚,14191603,1420,A168_HF9F_20260827_0900,2026-08-27 09:00:00
2026-06-21,128173484,1509,0,45.0021858206,8.7432818165,8.7432818165,0.6666667,7,4,0.41823130297555973,0.339643125000,0.872349669563519,1.1960212036911404,0.872349669563519,0.07858817797555973,ELIGIBLE,R03b_20260811_FULL_v1,L1_ELIGIBILITY,v2026-08-11,2026-03-21..2026-08-06,baccarat_bet02_101_all_pairs_incl_sentinel,round_win = game_pnl > 0 (decisive only),COMPATIBILITY_ONLY_NOT_PRODUCTION,127205.3315,115172.8122,6635.2036,4257,2852,-0.05216136,-0.11437665,-0.04113429,-0.05216136,-6635.2036,127205.3315,OK,0.0000,265.4081,4.0000,96.0000,AG03-UNRESOLVED,ALL5_LEVELS_bet23_to_bet27,265.4081,265.4081,265.4081,331.7602,331.7602,4.000000,4.000000,4.000000,5.000000,5.000000,96.000000,96.000000,96.000000,95.000000,95.000000,5.0,1459.7448,1337.1644,5175.4588,5298.0391,PENDING_AG03,FALSE,NOT_FOR_ENFORCEMENT,6369.7955,110565.8997,6635.2036,6369.7955,265.4081,0.05216136,0.05007491,265.4081,6369.7955,0.05007491,265.4081,265.4081,265.4081,331.7602,331.7602,6369.7955,0.05007491,1459.7448,1337.1644,5175.4588,5298.0391,0.04068586,0.04164951,0.00208645,29.8814,40.3832,2.3265,127.6001,7.3643,2446.2564,54.8462,43.4275,28.3160,5.1431,12.8578,28.9875,66.8604,128.5777,263.3173,7.8995,-2.6176,10.0,20.479237,2.324,28,180,56,8,0.15055597,0.05216136,0.11437665,0E-8,0.000000,0.905409,0.000000,-0.07324236,2026-03-22,2026-08-06,52,901,524,138,0.376812,1.533674,1.453326,0.501853,,,,,,,,GLOBAL_BASELINE_NO_ENTITY_RANKING,,,NOT_APPLICABLE_GLOBAL_BASELINE,HF9g-P5,,,,X 全窗基线 · 不参与实体赏罚,14191604,1420,A168_HF9F_20260827_0900,2026-08-27 09:00:00
2026-06-21,128173484,1623,0,1152.0559570037,744.4647311441,744.4647311441,0.6000000,7,5,0.47739743707503960,0.412214700000,0.5488564115939799,0.8530519825633139,0.5488564115939799,0.06518273707503960,ELIGIBLE,R03b_20260811_FULL_v1,L1_ELIGIBILITY,v2026-08-11,2026-03-21..2026-08-06,baccarat_bet02_101_all_pairs_incl_sentinel,round_win = game_pnl > 0 (decisive only),COMPATIBILITY_ONLY_NOT_PRODUCTION,127205.3315,115172.8122,6635.2036,4257,2852,-0.05216136,-0.11437665,-0.04113429,-0.05216136,-6635.2036,127205.3315,OK,0.0000,265.4081,4.0000,96.0000,AG03-UNRESOLVED,ALL5_LEVELS_bet23_to_bet27,265.4081,265.4081,265.4081,331.7602,331.7602,4.000000,4.000000,4.000000,5.000000,5.000000,96.000000,96.000000,96.000000,95.000000,95.000000,5.0,1459.7448,1337.1644,5175.4588,5298.0391,PENDING_AG03,FALSE,NOT_FOR_ENFORCEMENT,6369.7955,110565.8997,6635.2036,6369.7955,265.4081,0.05216136,0.05007491,265.4081,6369.7955,0.05007491,265.4081,265.4081,265.4081,331.7602,331.7602,6369.7955,0.05007491,1459.7448,1337.1644,5175.4588,5298.0391,0.04068586,0.04164951,0.00208645,29.8814,40.3832,2.3265,127.6001,7.3643,2446.2564,54.8462,43.4275,28.3160,5.1431,12.8578,28.9875,66.8604,128.5777,263.3173,7.8995,-2.6176,10.0,20.479237,2.324,28,180,56,8,0.15055597,0.05216136,0.11437665,0E-8,0.000000,0.905409,0.000000,-0.07324236,2026-03-22,2026-08-06,52,901,524,138,0.376812,1.533674,1.453326,0.501853,,,,,,,,GLOBAL_BASELINE_NO_ENTITY_RANKING,,,NOT_APPLICABLE_GLOBAL_BASELINE,HF9g-P5,,,,X 全窗基线 · 不参与实体赏罚,14191605,1420,A168_HF9F_20260827_0900,2026-08-27 09:00:00
2026-06-21,128173484,1646,0,156.8647620029,81.6468228455,81.6468228455,0.4000000,7,5,0.46342035523798082,0.417579190000,-0.28438653042600015,-0.0797069142898485,-0.28438653042600015,0.04584116523798082,ELIGIBLE,R03b_20260811_FULL_v1,L1_ELIGIBILITY,v2026-08-11,2026-03-21..2026-08-06,baccarat_bet02_101_all_pairs_incl_sentinel,round_win = game_pnl > 0 (decisive only),COMPATIBILITY_ONLY_NOT_PRODUCTION,127205.3315,115172.8122,6635.2036,4257,2852,-0.05216136,-0.11437665,-0.04113429,-0.05216136,-6635.2036,127205.3315,OK,0.0000,265.4081,4.0000,96.0000,AG03-UNRESOLVED,ALL5_LEVELS_bet23_to_bet27,265.4081,265.4081,265.4081,331.7602,331.7602,4.000000,4.000000,4.000000,5.000000,5.000000,96.000000,96.000000,96.000000,95.000000,95.000000,5.0,1459.7448,1337.1644,5175.4588,5298.0391,PENDING_AG03,FALSE,NOT_FOR_ENFORCEMENT,6369.7955,110565.8997,6635.2036,6369.7955,265.4081,0.05216136,0.05007491,265.4081,6369.7955,0.05007491,265.4081,265.4081,265.4081,331.7602,331.7602,6369.7955,0.05007491,1459.7448,1337.1644,5175.4588,5298.0391,0.04068586,0.04164951,0.00208645,29.8814,40.3832,2.3265,127.6001,7.3643,2446.2564,54.8462,43.4275,28.3160,5.1431,12.8578,28.9875,66.8604,128.5777,263.3173,7.8995,-2.6176,10.0,20.479237,2.324,28,180,56,8,0.15055597,0.05216136,0.11437665,0E-8,0.000000,0.905409,0.000000,-0.07324236,2026-03-22,2026-08-06,52,901,524,138,0.376812,1.533674,1.453326,0.501853,,,,,,,,GLOBAL_BASELINE_NO_ENTITY_RANKING,,,NOT_APPLICABLE_GLOBAL_BASELINE,HF9g-P5,,,,X 全窗基线 · 不参与实体赏罚,14191606,1420,A168_HF9F_20260827_0900,2026-08-27 09:00:00
2026-06-21,128173484,1704,0,33.4301951809,16.7150975904,16.7150975904,0.5000000,3,2,0.43018823333242909,0.395308300000,0.1994107909404353,0.3028253860702671,0.1994107909404353,0.03487993333242909,ELIGIBLE,R03b_20260811_FULL_v1,L1_ELIGIBILITY,v2026-08-11,2026-03-21..2026-08-06,baccarat_bet02_101_all_pairs_incl_sentinel,round_win = game_pnl > 0 (decisive only),COMPATIBILITY_ONLY_NOT_PRODUCTION,127205.3315,115172.8122,6635.2036,4257,2852,-0.05216136,-0.11437665,-0.04113429,-0.05216136,-6635.2036,127205.3315,OK,0.0000,265.4081,4.0000,96.0000,AG03-UNRESOLVED,ALL5_LEVELS_bet23_to_bet27,265.4081,265.4081,265.4081,331.7602,331.7602,4.000000,4.000000,4.000000,5.000000,5.000000,96.000000,96.000000,96.000000,95.000000,95.000000,5.0,1459.7448,1337.1644,5175.4588,5298.0391,PENDING_AG03,FALSE,NOT_FOR_ENFORCEMENT,6369.7955,110565.8997,6635.2036,6369.7955,265.4081,0.05216136,0.05007491,265.4081,6369.7955,0.05007491,265.4081,265.4081,265.4081,331.7602,331.7602,6369.7955,0.05007491,1459.7448,1337.1644,5175.4588,5298.0391,0.04068586,0.04164951,0.00208645,29.8814,40.3832,2.3265,127.6001,7.3643,2446.2564,54.8462,43.4275,28.3160,5.1431,12.8578,28.9875,66.8604,128.5777,263.3173,7.8995,-2.6176,10.0,20.479237,2.324,28,180,56,8,0.15055597,0.05216136,0.11437665,0E-8,0.000000,0.905409,0.000000,-0.07324236,2026-03-22,2026-08-06,52,901,524,138,0.376812,1.533674,1.453326,0.501853,,,,,,,,GLOBAL_BASELINE_NO_ENTITY_RANKING,,,NOT_APPLICABLE_GLOBAL_BASELINE,HF9g-P5,,,,X 全窗基线 · 不参与实体赏罚,14191607,1420,A168_HF9F_20260827_0900,2026-08-27 09:00:00
2026-06-21,128173484,1710,0,594.0288528301,228.2253709465,228.2253709465,0.6250000,14,9,0.46377564993196096,0.397441283333,0.9144256322541363,1.3152317807034573,0.9144256322541363,0.06633436659896096,ELIGIBLE,R03b_20260811_FULL_v1,L1_ELIGIBILITY,v2026-08-11,2026-03-21..2026-08-06,baccarat_bet02_101_all_pairs_incl_sentinel,round_win = game_pnl > 0 (decisive only),COMPATIBILITY_ONLY_NOT_PRODUCTION,127205.3315,115172.8122,6635.2036,4257,2852,-0.05216136,-0.11437665,-0.04113429,-0.05216136,-6635.2036,127205.3315,OK,0.0000,265.4081,4.0000,96.0000,AG03-UNRESOLVED,ALL5_LEVELS_bet23_to_bet27,265.4081,265.4081,265.4081,331.7602,331.7602,4.000000,4.000000,4.000000,5.000000,5.000000,96.000000,96.000000,96.000000,95.000000,95.000000,5.0,1459.7448,1337.1644,5175.4588,5298.0391,PENDING_AG03,FALSE,NOT_FOR_ENFORCEMENT,6369.7955,110565.8997,6635.2036,6369.7955,265.4081,0.05216136,0.05007491,265.4081,6369.7955,0.05007491,265.4081,265.4081,265.4081,331.7602,331.7602,6369.7955,0.05007491,1459.7448,1337.1644,5175.4588,5298.0391,0.04068586,0.04164951,0.00208645,29.8814,40.3832,2.3265,127.6001,7.3643,2446.2564,54.8462,43.4275,28.3160,5.1431,12.8578,28.9875,66.8604,128.5777,263.3173,7.8995,-2.6176,10.0,20.479237,2.324,28,180,56,8,0.15055597,0.05216136,0.11437665,0E-8,0.000000,0.905409,0.000000,-0.07324236,2026-03-22,2026-08-06,52,901,524,138,0.376812,1.533674,1.453326,0.501853,,,,,,,,GLOBAL_BASELINE_NO_ENTITY_RANKING,,,NOT_APPLICABLE_GLOBAL_BASELINE,HF9g-P5,,,,X 全窗基线 · 不参与实体赏罚,14191608,1420,A168_HF9F_20260827_0900,2026-08-27 09:00:00
2026-06-21,128173484,1714,0,68.1461670999,46.1593848841,46.1593848841,0.8333333,13,6,0.39810777095178863,0.327010702778,2.177861836784669,2.6437348862408743,2.177861836784669,0.07109706817378863,ELIGIBLE,R03b_20260811_FULL_v1,L1_ELIGIBILITY,v2026-08-11,2026-03-21..2026-08-06,baccarat_bet02_101_all_pairs_incl_sentinel,round_win = game_pnl > 0 (decisive only),COMPATIBILITY_ONLY_NOT_PRODUCTION,127205.3315,115172.8122,6635.2036,4257,2852,-0.05216136,-0.11437665,-0.04113429,-0.05216136,-6635.2036,127205.3315,OK,0.0000,265.4081,4.0000,96.0000,AG03-UNRESOLVED,ALL5_LEVELS_bet23_to_bet27,265.4081,265.4081,265.4081,331.7602,331.7602,4.000000,4.000000,4.000000,5.000000,5.000000,96.000000,96.000000,96.000000,95.000000,95.000000,5.0,1459.7448,1337.1644,5175.4588,5298.0391,PENDING_AG03,FALSE,NOT_FOR_ENFORCEMENT,6369.7955,110565.8997,6635.2036,6369.7955,265.4081,0.05216136,0.05007491,265.4081,6369.7955,0.05007491,265.4081,265.4081,265.4081,331.7602,331.7602,6369.7955,0.05007491,1459.7448,1337.1644,5175.4588,5298.0391,0.04068586,0.04164951,0.00208645,29.8814,40.3832,2.3265,127.6001,7.3643,2446.2564,54.8462,43.4275,28.3160,5.1431,12.8578,28.9875,66.8604,128.5777,263.3173,7.8995,-2.6176,10.0,20.479237,2.324,28,180,56,8,0.15055597,0.05216136,0.11437665,0E-8,0.000000,0.905409,0.000000,-0.07324236,2026-03-22,2026-08-06,52,901,524,138,0.376812,1.533674,1.453326,0.501853,,,,,,,,GLOBAL_BASELINE_NO_ENTITY_RANKING,,,NOT_APPLICABLE_GLOBAL_BASELINE,HF9g-P5,,,,X 全窗基线 · 不参与实体赏罚,14191609,1420,A168_HF9F_20260827_0900,2026-08-27 09:00:00
2026-06-21,128173484,1750,0,409.9056239875,250.5335973462,250.5335973462,0.7142857,9,7,0.45758890454889922,0.444450800000,1.3632247621749731,1.4367263386624418,1.3632247621749731,0.01313810454889922,ELIGIBLE,R03b_20260811_FULL_v1,L1_ELIGIBILITY,v2026-08-11,2026-03-21..2026-08-06,baccarat_bet02_101_all_pairs_incl_sentinel,round_win = game_pnl > 0 (decisive only),COMPATIBILITY_ONLY_NOT_PRODUCTION,127205.3315,115172.8122,6635.2036,4257,2852,-0.05216136,-0.11437665,-0.04113429,-0.05216136,-6635.2036,127205.3315,OK,0.0000,265.4081,4.0000,96.0000,AG03-UNRESOLVED,ALL5_LEVELS_bet23_to_bet27,265.4081,265.4081,265.4081,331.7602,331.7602,4.000000,4.000000,4.000000,5.000000,5.000000,96.000000,96.000000,96.000000,95.000000,95.000000,5.0,1459.7448,1337.1644,5175.4588,5298.0391,PENDING_AG03,FALSE,NOT_FOR_ENFORCEMENT,6369.7955,110565.8997,6635.2036,6369.7955,265.4081,0.05216136,0.05007491,265.4081,6369.7955,0.05007491,265.4081,265.4081,265.4081,331.7602,331.7602,6369.7955,0.05007491,1459.7448,1337.1644,5175.4588,5298.0391,0.04068586,0.04164951,0.00208645,29.8814,40.3832,2.3265,127.6001,7.3643,2446.2564,54.8462,43.4275,28.3160,5.1431,12.8578,28.9875,66.8604,128.5777,263.3173,7.8995,-2.6176,10.0,20.479237,2.324,28,180,56,8,0.15055597,0.05216136,0.11437665,0E-8,0.000000,0.905409,0.000000,-0.07324236,2026-03-22,2026-08-06,52,901,524,138,0.376812,1.533674,1.453326,0.501853,,,,,,,,GLOBAL_BASELINE_NO_ENTITY_RANKING,,,NOT_APPLICABLE_GLOBAL_BASELINE,HF9g-P5,,,,X 全窗基线 · 不参与实体赏罚,14191610,1420,A168_HF9F_20260827_0900,2026-08-27 09:00:00
2026-06-21,128173484,1940,0,38.5733021319,12.2148790084,12.2148790084,0.6666667,3,3,0.49771390000000000,0.497713900000,0.5852756695216578,0.5852756695216578,0.5852756695216578,0E-17,ELIGIBLE,R03b_20260811_FULL_v1,L1_ELIGIBILITY,v2026-08-11,2026-03-21..2026-08-06,baccarat_bet02_101_all_pairs_incl_sentinel,round_win = game_pnl > 0 (decisive only),COMPATIBILITY_ONLY_NOT_PRODUCTION,127205.3315,115172.8122,6635.2036,4257,2852,-0.05216136,-0.11437665,-0.04113429,-0.05216136,-6635.2036,127205.3315,OK,0.0000,265.4081,4.0000,96.0000,AG03-UNRESOLVED,ALL5_LEVELS_bet23_to_bet27,265.4081,265.4081,265.4081,331.7602,331.7602,4.000000,4.000000,4.000000,5.000000,5.000000,96.000000,96.000000,96.000000,95.000000,95.000000,5.0,1459.7448,1337.1644,5175.4588,5298.0391,PENDING_AG03,FALSE,NOT_FOR_ENFORCEMENT,6369.7955,110565.8997,6635.2036,6369.7955,265.4081,0.05216136,0.05007491,265.4081,6369.7955,0.05007491,265.4081,265.4081,265.4081,331.7602,331.7602,6369.7955,0.05007491,1459.7448,1337.1644,5175.4588,5298.0391,0.04068586,0.04164951,0.00208645,29.8814,40.3832,2.3265,127.6001,7.3643,2446.2564,54.8462,43.4275,28.3160,5.1431,12.8578,28.9875,66.8604,128.5777,263.3173,7.8995,-2.6176,10.0,20.479237,2.324,28,180,56,8,0.15055597,0.05216136,0.11437665,0E-8,0.000000,0.905409,0.000000,-0.07324236,2026-03-22,2026-08-06,52,901,524,138,0.376812,1.533674,1.453326,0.501853,,,,,,,,GLOBAL_BASELINE_NO_ENTITY_RANKING,,,NOT_APPLICABLE_GLOBAL_BASELINE,HF9g-P5,,,,X 全窗基线 · 不参与实体赏罚,14191611,1420,A168_HF9F_20260827_0900,2026-08-27 09:00:00
2026-06-21,128173484,1947,0,457.7365186309,-457.7365186309,-457.7365186309,0E-7,9,5,0.43983337897970174,0.329845790000,-1.9813923472207748,-1.5687476914040326,-1.9813923472207748,0.10998758897970174,ELIGIBLE,R03b_20260811_FULL_v1,L1_ELIGIBILITY,v2026-08-11,2026-03-21..2026-08-06,baccarat_bet02_101_all_pairs_incl_sentinel,round_win = game_pnl > 0 (decisive only),COMPATIBILITY_ONLY_NOT_PRODUCTION,127205.3315,115172.8122,6635.2036,4257,2852,-0.05216136,-0.11437665,-0.04113429,-0.05216136,-6635.2036,127205.3315,OK,0.0000,265.4081,4.0000,96.0000,AG03-UNRESOLVED,ALL5_LEVELS_bet23_to_bet27,265.4081,265.4081,265.4081,331.7602,331.7602,4.000000,4.000000,4.000000,5.000000,5.000000,96.000000,96.000000,96.000000,95.000000,95.000000,5.0,1459.7448,1337.1644,5175.4588,5298.0391,PENDING_AG03,FALSE,NOT_FOR_ENFORCEMENT,6369.7955,110565.8997,6635.2036,6369.7955,265.4081,0.05216136,0.05007491,265.4081,6369.7955,0.05007491,265.4081,265.4081,265.4081,331.7602,331.7602,6369.7955,0.05007491,1459.7448,1337.1644,5175.4588,5298.0391,0.04068586,0.04164951,0.00208645,29.8814,40.3832,2.3265,127.6001,7.3643,2446.2564,54.8462,43.4275,28.3160,5.1431,12.8578,28.9875,66.8604,128.5777,263.3173,7.8995,-2.6176,10.0,20.479237,2.324,28,180,56,8,0.15055597,0.05216136,0.11437665,0E-8,0.000000,0.905409,0.000000,-0.07324236,2026-03-22,2026-08-06,52,901,524,138,0.376812,1.533674,1.453326,0.501853,,,,,,,,GLOBAL_BASELINE_NO_ENTITY_RANKING,,,NOT_APPLICABLE_GLOBAL_BASELINE,HF9g-P5,,,,X 全窗基线 · 不参与实体赏罚,14191612,1420,A168_HF9F_20260827_0900,2026-08-27 09:00:00
2026-06-21,128173484,1957,0,55.8027104176,23.4011366265,23.4011366265,0.5000000,8,4,0.29185332558730802,0.218666525000,0.915704901848114,1.3612629957807378,0.915704901848114,0.07318680058730802,ELIGIBLE,R03b_20260811_FULL_v1,L1_ELIGIBILITY,v2026-08-11,2026-03-21..2026-08-06,baccarat_bet02_101_all_pairs_incl_sentinel,round_win = game_pnl > 0 (decisive only),COMPATIBILITY_ONLY_NOT_PRODUCTION,127205.3315,115172.8122,6635.2036,4257,2852,-0.05216136,-0.11437665,-0.04113429,-0.05216136,-6635.2036,127205.3315,OK,0.0000,265.4081,4.0000,96.0000,AG03-UNRESOLVED,ALL5_LEVELS_bet23_to_bet27,265.4081,265.4081,265.4081,331.7602,331.7602,4.000000,4.000000,4.000000,5.000000,5.000000,96.000000,96.000000,96.000000,95.000000,95.000000,5.0,1459.7448,1337.1644,5175.4588,5298.0391,PENDING_AG03,FALSE,NOT_FOR_ENFORCEMENT,6369.7955,110565.8997,6635.2036,6369.7955,265.4081,0.05216136,0.05007491,265.4081,6369.7955,0.05007491,265.4081,265.4081,265.4081,331.7602,331.7602,6369.7955,0.05007491,1459.7448,1337.1644,5175.4588,5298.0391,0.04068586,0.04164951,0.00208645,29.8814,40.3832,2.3265,127.6001,7.3643,2446.2564,54.8462,43.4275,28.3160,5.1431,12.8578,28.9875,66.8604,128.5777,263.3173,7.8995,-2.6176,10.0,20.479237,2.324,28,180,56,8,0.15055597,0.05216136,0.11437665,0E-8,0.000000,0.905409,0.000000,-0.07324236,2026-03-22,2026-08-06,52,901,524,138,0.376812,1.533674,1.453326,0.501853,,,,,,,,GLOBAL_BASELINE_NO_ENTITY_RANKING,,,NOT_APPLICABLE_GLOBAL_BASELINE,HF9g-P5,,,,X 全窗基线 · 不参与实体赏罚,14191613,1420,A168_HF9F_20260827_0900,2026-08-27 09:00:00
2026-06-21,128173484,1966,0,7.7146604264,-7.7146604264,-7.7146604264,0E-7,1,1,0.50665070000000000,0.506650700000,-1.013391052207602,-1.013391052207602,-1.013391052207602,0E-17,ELIGIBLE,R03b_20260811_FULL_v1,L1_ELIGIBILITY,v2026-08-11,2026-03-21..2026-08-06,baccarat_bet02_101_all_pairs_incl_sentinel,round_win = game_pnl > 0 (decisive only),COMPATIBILITY_ONLY_NOT_PRODUCTION,127205.3315,115172.8122,6635.2036,4257,2852,-0.05216136,-0.11437665,-0.04113429,-0.05216136,-6635.2036,127205.3315,OK,0.0000,265.4081,4.0000,96.0000,AG03-UNRESOLVED,ALL5_LEVELS_bet23_to_bet27,265.4081,265.4081,265.4081,331.7602,331.7602,4.000000,4.000000,4.000000,5.000000,5.000000,96.000000,96.000000,96.000000,95.000000,95.000000,5.0,1459.7448,1337.1644,5175.4588,5298.0391,PENDING_AG03,FALSE,NOT_FOR_ENFORCEMENT,6369.7955,110565.8997,6635.2036,6369.7955,265.4081,0.05216136,0.05007491,265.4081,6369.7955,0.05007491,265.4081,265.4081,265.4081,331.7602,331.7602,6369.7955,0.05007491,1459.7448,1337.1644,5175.4588,5298.0391,0.04068586,0.04164951,0.00208645,29.8814,40.3832,2.3265,127.6001,7.3643,2446.2564,54.8462,43.4275,28.3160,5.1431,12.8578,28.9875,66.8604,128.5777,263.3173,7.8995,-2.6176,10.0,20.479237,2.324,28,180,56,8,0.15055597,0.05216136,0.11437665,0E-8,0.000000,0.905409,0.000000,-0.07324236,2026-03-22,2026-08-06,52,901,524,138,0.376812,1.533674,1.453326,0.501853,,,,,,,,GLOBAL_BASELINE_NO_ENTITY_RANKING,,,NOT_APPLICABLE_GLOBAL_BASELINE,HF9g-P5,,,,X 全窗基线 · 不参与实体赏罚,14191614,1420,A168_HF9F_20260827_0900,2026-08-27 09:00:00
2026-06-21,128173484,1985,0,501.4529277138,-372.8752539410,-372.8752539410,0.4000000,7,5,0.37116746857141199,0.329850610000,0.1334489998613048,0.33362949796144276,0.1334489998613048,0.04131685857141199,ELIGIBLE,R03b_20260811_FULL_v1,L1_ELIGIBILITY,v2026-08-11,2026-03-21..2026-08-06,baccarat_bet02_101_all_pairs_incl_sentinel,round_win = game_pnl > 0 (decisive only),COMPATIBILITY_ONLY_NOT_PRODUCTION,127205.3315,115172.8122,6635.2036,4257,2852,-0.05216136,-0.11437665,-0.04113429,-0.05216136,-6635.2036,127205.3315,OK,0.0000,265.4081,4.0000,96.0000,AG03-UNRESOLVED,ALL5_LEVELS_bet23_to_bet27,265.4081,265.4081,265.4081,331.7602,331.7602,4.000000,4.000000,4.000000,5.000000,5.000000,96.000000,96.000000,96.000000,95.000000,95.000000,5.0,1459.7448,1337.1644,5175.4588,5298.0391,PENDING_AG03,FALSE,NOT_FOR_ENFORCEMENT,6369.7955,110565.8997,6635.2036,6369.7955,265.4081,0.05216136,0.05007491,265.4081,6369.7955,0.05007491,265.4081,265.4081,265.4081,331.7602,331.7602,6369.7955,0.05007491,1459.7448,1337.1644,5175.4588,5298.0391,0.04068586,0.04164951,0.00208645,29.8814,40.3832,2.3265,127.6001,7.3643,2446.2564,54.8462,43.4275,28.3160,5.1431,12.8578,28.9875,66.8604,128.5777,263.3173,7.8995,-2.6176,10.0,20.479237,2.324,28,180,56,8,0.15055597,0.05216136,0.11437665,0E-8,0.000000,0.905409,0.000000,-0.07324236,2026-03-22,2026-08-06,52,901,524,138,0.376812,1.533674,1.453326,0.501853,,,,,,,,GLOBAL_BASELINE_NO_ENTITY_RANKING,,,NOT_APPLICABLE_GLOBAL_BASELINE,HF9g-P5,,,,X 全窗基线 · 不参与实体赏罚,14191615,1420,A168_HF9F_20260827_0900,2026-08-27 09:00:00
2026-06-21,128173484,1990,0,236.5829197419,169.0796410109,169.0796410109,0.8571429,13,8,0.44399453920423756,0.368315043750,2.200020188328566,2.681297062931538,2.200020188328566,0.07567949545423756,ELIGIBLE,R03b_20260811_FULL_v1,L1_ELIGIBILITY,v2026-08-11,2026-03-21..2026-08-06,baccarat_bet02_101_all_pairs_incl_sentinel,round_win = game_pnl > 0 (decisive only),COMPATIBILITY_ONLY_NOT_PRODUCTION,127205.3315,115172.8122,6635.2036,4257,2852,-0.05216136,-0.11437665,-0.04113429,-0.05216136,-6635.2036,127205.3315,OK,0.0000,265.4081,4.0000,96.0000,AG03-UNRESOLVED,ALL5_LEVELS_bet23_to_bet27,265.4081,265.4081,265.4081,331.7602,331.7602,4.000000,4.000000,4.000000,5.000000,5.000000,96.000000,96.000000,96.000000,95.000000,95.000000,5.0,1459.7448,1337.1644,5175.4588,5298.0391,PENDING_AG03,FALSE,NOT_FOR_ENFORCEMENT,6369.7955,110565.8997,6635.2036,6369.7955,265.4081,0.05216136,0.05007491,265.4081,6369.7955,0.05007491,265.4081,265.4081,265.4081,331.7602,331.7602,6369.7955,0.05007491,1459.7448,1337.1644,5175.4588,5298.0391,0.04068586,0.04164951,0.00208645,29.8814,40.3832,2.3265,127.6001,7.3643,2446.2564,54.8462,43.4275,28.3160,5.1431,12.8578,28.9875,66.8604,128.5777,263.3173,7.8995,-2.6176,10.0,20.479237,2.324,28,180,56,8,0.15055597,0.05216136,0.11437665,0E-8,0.000000,0.905409,0.000000,-0.07324236,2026-03-22,2026-08-06,52,901,524,138,0.376812,1.533674,1.453326,0.501853,,,,,,,,GLOBAL_BASELINE_NO_ENTITY_RANKING,,,NOT_APPLICABLE_GLOBAL_BASELINE,HF9g-P5,,,,X 全窗基线 · 不参与实体赏罚,14191616,1420,A168_HF9F_20260827_0900,2026-08-27 09:00:00
2026-06-21,128173484,2103,0,428.9351197063,-19.5438064139,-19.5438064139,0.5555556,39,18,0.40452651658818812,0.293843481482,1.305545465123652,2.43753856279044,1.305545465123652,0.11068303510618812,ELIGIBLE,R03b_20260811_FULL_v1,L1_ELIGIBILITY,v2026-08-11,2026-03-21..2026-08-06,baccarat_bet02_101_all_pairs_incl_sentinel,round_win = game_pnl > 0 (decisive only),COMPATIBILITY_ONLY_NOT_PRODUCTION,127205.3315,115172.8122,6635.2036,4257,2852,-0.05216136,-0.11437665,-0.04113429,-0.05216136,-6635.2036,127205.3315,OK,0.0000,265.4081,4.0000,96.0000,AG03-UNRESOLVED,ALL5_LEVELS_bet23_to_bet27,265.4081,265.4081,265.4081,331.7602,331.7602,4.000000,4.000000,4.000000,5.000000,5.000000,96.000000,96.000000,96.000000,95.000000,95.000000,5.0,1459.7448,1337.1644,5175.4588,5298.0391,PENDING_AG03,FALSE,NOT_FOR_ENFORCEMENT,6369.7955,110565.8997,6635.2036,6369.7955,265.4081,0.05216136,0.05007491,265.4081,6369.7955,0.05007491,265.4081,265.4081,265.4081,331.7602,331.7602,6369.7955,0.05007491,1459.7448,1337.1644,5175.4588,5298.0391,0.04068586,0.04164951,0.00208645,29.8814,40.3832,2.3265,127.6001,7.3643,2446.2564,54.8462,43.4275,28.3160,5.1431,12.8578,28.9875,66.8604,128.5777,263.3173,7.8995,-2.6176,10.0,20.479237,2.324,28,180,56,8,0.15055597,0.05216136,0.11437665,0E-8,0.000000,0.905409,0.000000,-0.07324236,2026-03-22,2026-08-06,52,901,524,138,0.376812,1.533674,1.453326,0.501853,,,,,,,,GLOBAL_BASELINE_NO_ENTITY_RANKING,,,NOT_APPLICABLE_GLOBAL_BASELINE,HF9g-P5,,,,X 全窗基线 · 不参与实体赏罚,14191617,1420,A168_HF9F_20260827_0900,2026-08-27 09:00:00
2026-06-21,128173484,2104,0,5.1431069509,-5.1431069509,-5.1431069509,0E-7,1,1,0.50665070000000000,0.506650700000,-1.013391052207602,-1.013391052207602,-1.013391052207602,0E-17,ELIGIBLE,R03b_20260811_FULL_v1,L1_ELIGIBILITY,v2026-08-11,2026-03-21..2026-08-06,baccarat_bet02_101_all_pairs_incl_sentinel,round_win = game_pnl > 0 (decisive only),COMPATIBILITY_ONLY_NOT_PRODUCTION,127205.3315,115172.8122,6635.2036,4257,2852,-0.05216136,-0.11437665,-0.04113429,-0.05216136,-6635.2036,127205.3315,OK,0.0000,265.4081,4.0000,96.0000,AG03-UNRESOLVED,ALL5_LEVELS_bet23_to_bet27,265.4081,265.4081,265.4081,331.7602,331.7602,4.000000,4.000000,4.000000,5.000000,5.000000,96.000000,96.000000,96.000000,95.000000,95.000000,5.0,1459.7448,1337.1644,5175.4588,5298.0391,PENDING_AG03,FALSE,NOT_FOR_ENFORCEMENT,6369.7955,110565.8997,6635.2036,6369.7955,265.4081,0.05216136,0.05007491,265.4081,6369.7955,0.05007491,265.4081,265.4081,265.4081,331.7602,331.7602,6369.7955,0.05007491,1459.7448,1337.1644,5175.4588,5298.0391,0.04068586,0.04164951,0.00208645,29.8814,40.3832,2.3265,127.6001,7.3643,2446.2564,54.8462,43.4275,28.3160,5.1431,12.8578,28.9875,66.8604,128.5777,263.3173,7.8995,-2.6176,10.0,20.479237,2.324,28,180,56,8,0.15055597,0.05216136,0.11437665,0E-8,0.000000,0.905409,0.000000,-0.07324236,2026-03-22,2026-08-06,52,901,524,138,0.376812,1.533674,1.453326,0.501853,,,,,,,,GLOBAL_BASELINE_NO_ENTITY_RANKING,,,NOT_APPLICABLE_GLOBAL_BASELINE,HF9g-P5,,,,X 全窗基线 · 不参与实体赏罚,14191618,1420,A168_HF9F_20260827_0900,2026-08-27 09:00:00
2026-06-21,128173484,2117,0,3.3430195181,3.1758685422,3.1758685422,1.0000000,1,1,0.50665070000000000,0.506650700000,0.9867858985152569,0.9867858985152569,0.9867858985152569,0E-17,ELIGIBLE,R03b_20260811_FULL_v1,L1_ELIGIBILITY,v2026-08-11,2026-03-21..2026-08-06,baccarat_bet02_101_all_pairs_incl_sentinel,round_win = game_pnl > 0 (decisive only),COMPATIBILITY_ONLY_NOT_PRODUCTION,127205.3315,115172.8122,6635.2036,4257,2852,-0.05216136,-0.11437665,-0.04113429,-0.05216136,-6635.2036,127205.3315,OK,0.0000,265.4081,4.0000,96.0000,AG03-UNRESOLVED,ALL5_LEVELS_bet23_to_bet27,265.4081,265.4081,265.4081,331.7602,331.7602,4.000000,4.000000,4.000000,5.000000,5.000000,96.000000,96.000000,96.000000,95.000000,95.000000,5.0,1459.7448,1337.1644,5175.4588,5298.0391,PENDING_AG03,FALSE,NOT_FOR_ENFORCEMENT,6369.7955,110565.8997,6635.2036,6369.7955,265.4081,0.05216136,0.05007491,265.4081,6369.7955,0.05007491,265.4081,265.4081,265.4081,331.7602,331.7602,6369.7955,0.05007491,1459.7448,1337.1644,5175.4588,5298.0391,0.04068586,0.04164951,0.00208645,29.8814,40.3832,2.3265,127.6001,7.3643,2446.2564,54.8462,43.4275,28.3160,5.1431,12.8578,28.9875,66.8604,128.5777,263.3173,7.8995,-2.6176,10.0,20.479237,2.324,28,180,56,8,0.15055597,0.05216136,0.11437665,0E-8,0.000000,0.905409,0.000000,-0.07324236,2026-03-22,2026-08-06,52,901,524,138,0.376812,1.533674,1.453326,0.501853,,,,,,,,GLOBAL_BASELINE_NO_ENTITY_RANKING,,,NOT_APPLICABLE_GLOBAL_BASELINE,HF9g-P5,,,,X 全窗基线 · 不参与实体赏罚,14191619,1420,A168_HF9F_20260827_0900,2026-08-27 09:00:00
2026-06-21,128173484,2127,0,30.8586417055,25.4583794070,25.4583794070,1.0000000,4,3,0.47446061111080969,0.427954033333,1.8229014117324513,2.002523076086726,1.8229014117324513,0.04650657777780969,ELIGIBLE,R03b_20260811_FULL_v1,L1_ELIGIBILITY,v2026-08-11,2026-03-21..2026-08-06,baccarat_bet02_101_all_pairs_incl_sentinel,round_win = game_pnl > 0 (decisive only),COMPATIBILITY_ONLY_NOT_PRODUCTION,127205.3315,115172.8122,6635.2036,4257,2852,-0.05216136,-0.11437665,-0.04113429,-0.05216136,-6635.2036,127205.3315,OK,0.0000,265.4081,4.0000,96.0000,AG03-UNRESOLVED,ALL5_LEVELS_bet23_to_bet27,265.4081,265.4081,265.4081,331.7602,331.7602,4.000000,4.000000,4.000000,5.000000,5.000000,96.000000,96.000000,96.000000,95.000000,95.000000,5.0,1459.7448,1337.1644,5175.4588,5298.0391,PENDING_AG03,FALSE,NOT_FOR_ENFORCEMENT,6369.7955,110565.8997,6635.2036,6369.7955,265.4081,0.05216136,0.05007491,265.4081,6369.7955,0.05007491,265.4081,265.4081,265.4081,331.7602,331.7602,6369.7955,0.05007491,1459.7448,1337.1644,5175.4588,5298.0391,0.04068586,0.04164951,0.00208645,29.8814,40.3832,2.3265,127.6001,7.3643,2446.2564,54.8462,43.4275,28.3160,5.1431,12.8578,28.9875,66.8604,128.5777,263.3173,7.8995,-2.6176,10.0,20.479237,2.324,28,180,56,8,0.15055597,0.05216136,0.11437665,0E-8,0.000000,0.905409,0.000000,-0.07324236,2026-03-22,2026-08-06,52,901,524,138,0.376812,1.533674,1.453326,0.501853,,,,,,,,GLOBAL_BASELINE_NO_ENTITY_RANKING,,,NOT_APPLICABLE_GLOBAL_BASELINE,HF9g-P5,,,,X 全窗基线 · 不参与实体赏罚,14191620,1420,A168_HF9F_20260827_0900,2026-08-27 09:00:00
2026-06-21,128173484,2130,0,33.4301951809,110.5767994445,110.5767994445,1.0000000,2,1,0.39665491538413383,0.283965900000,1.2333219736365166,1.587938788024013,1.2333219736365166,0.11268901538413383,ELIGIBLE,R03b_20260811_FULL_v1,L1_ELIGIBILITY,v2026-08-11,2026-03-21..2026-08-06,baccarat_bet02_101_all_pairs_incl_sentinel,round_win = game_pnl > 0 (decisive only),COMPATIBILITY_ONLY_NOT_PRODUCTION,127205.3315,115172.8122,6635.2036,4257,2852,-0.05216136,-0.11437665,-0.04113429,-0.05216136,-6635.2036,127205.3315,OK,0.0000,265.4081,4.0000,96.0000,AG03-UNRESOLVED,ALL5_LEVELS_bet23_to_bet27,265.4081,265.4081,265.4081,331.7602,331.7602,4.000000,4.000000,4.000000,5.000000,5.000000,96.000000,96.000000,96.000000,95.000000,95.000000,5.0,1459.7448,1337.1644,5175.4588,5298.0391,PENDING_AG03,FALSE,NOT_FOR_ENFORCEMENT,6369.7955,110565.8997,6635.2036,6369.7955,265.4081,0.05216136,0.05007491,265.4081,6369.7955,0.05007491,265.4081,265.4081,265.4081,331.7602,331.7602,6369.7955,0.05007491,1459.7448,1337.1644,5175.4588,5298.0391,0.04068586,0.04164951,0.00208645,29.8814,40.3832,2.3265,127.6001,7.3643,2446.2564,54.8462,43.4275,28.3160,5.1431,12.8578,28.9875,66.8604,128.5777,263.3173,7.8995,-2.6176,10.0,20.479237,2.324,28,180,56,8,0.15055597,0.05216136,0.11437665,0E-8,0.000000,0.905409,0.000000,-0.07324236,2026-03-22,2026-08-06,52,901,524,138,0.376812,1.533674,1.453326,0.501853,,,,,,,,GLOBAL_BASELINE_NO_ENTITY_RANKING,,,NOT_APPLICABLE_GLOBAL_BASELINE,HF9g-P5,,,,X 全窗基线 · 不参与实体赏罚,14191621,1420,A168_HF9F_20260827_0900,2026-08-27 09:00:00
2026-06-21,128173484,2141,0,64.2888368864,-38.5733021318,-38.5733021318,0.5000000,5,2,0.39730477830874358,0.255762708334,0.2967935553442634,0.7916854228820893,0.2967935553442634,0.14154206997474358,ELIGIBLE,R03b_20260811_FULL_v1,L1_ELIGIBILITY,v2026-08-11,2026-03-21..2026-08-06,baccarat_bet02_101_all_pairs_incl_sentinel,round_win = game_pnl > 0 (decisive only),COMPATIBILITY_ONLY_NOT_PRODUCTION,127205.3315,115172.8122,6635.2036,4257,2852,-0.05216136,-0.11437665,-0.04113429,-0.05216136,-6635.2036,127205.3315,OK,0.0000,265.4081,4.0000,96.0000,AG03-UNRESOLVED,ALL5_LEVELS_bet23_to_bet27,265.4081,265.4081,265.4081,331.7602,331.7602,4.000000,4.000000,4.000000,5.000000,5.000000,96.000000,96.000000,96.000000,95.000000,95.000000,5.0,1459.7448,1337.1644,5175.4588,5298.0391,PENDING_AG03,FALSE,NOT_FOR_ENFORCEMENT,6369.7955,110565.8997,6635.2036,6369.7955,265.4081,0.05216136,0.05007491,265.4081,6369.7955,0.05007491,265.4081,265.4081,265.4081,331.7602,331.7602,6369.7955,0.05007491,1459.7448,1337.1644,5175.4588,5298.0391,0.04068586,0.04164951,0.00208645,29.8814,40.3832,2.3265,127.6001,7.3643,2446.2564,54.8462,43.4275,28.3160,5.1431,12.8578,28.9875,66.8604,128.5777,263.3173,7.8995,-2.6176,10.0,20.479237,2.324,28,180,56,8,0.15055597,0.05216136,0.11437665,0E-8,0.000000,0.905409,0.000000,-0.07324236,2026-03-22,2026-08-06,52,901,524,138,0.376812,1.533674,1.453326,0.501853,,,,,,,,GLOBAL_BASELINE_NO_ENTITY_RANKING,,,NOT_APPLICABLE_GLOBAL_BASELINE,HF9g-P5,,,,X 全窗基线 · 不参与实体赏罚,14191622,1420,A168_HF9F_20260827_0900,2026-08-27 09:00:00
2026-06-21,128173484,2147,0,2.5715534755,2.4429758017,2.4429758017,1.0000000,1,1,0.50665070000000000,0.506650700000,0.9867858985152569,0.9867858985152569,0.9867858985152569,0E-17,ELIGIBLE,R03b_20260811_FULL_v1,L1_ELIGIBILITY,v2026-08-11,2026-03-21..2026-08-06,baccarat_bet02_101_all_pairs_incl_sentinel,round_win = game_pnl > 0 (decisive only),COMPATIBILITY_ONLY_NOT_PRODUCTION,127205.3315,115172.8122,6635.2036,4257,2852,-0.05216136,-0.11437665,-0.04113429,-0.05216136,-6635.2036,127205.3315,OK,0.0000,265.4081,4.0000,96.0000,AG03-UNRESOLVED,ALL5_LEVELS_bet23_to_bet27,265.4081,265.4081,265.4081,331.7602,331.7602,4.000000,4.000000,4.000000,5.000000,5.000000,96.000000,96.000000,96.000000,95.000000,95.000000,5.0,1459.7448,1337.1644,5175.4588,5298.0391,PENDING_AG03,FALSE,NOT_FOR_ENFORCEMENT,6369.7955,110565.8997,6635.2036,6369.7955,265.4081,0.05216136,0.05007491,265.4081,6369.7955,0.05007491,265.4081,265.4081,265.4081,331.7602,331.7602,6369.7955,0.05007491,1459.7448,1337.1644,5175.4588,5298.0391,0.04068586,0.04164951,0.00208645,29.8814,40.3832,2.3265,127.6001,7.3643,2446.2564,54.8462,43.4275,28.3160,5.1431,12.8578,28.9875,66.8604,128.5777,263.3173,7.8995,-2.6176,10.0,20.479237,2.324,28,180,56,8,0.15055597,0.05216136,0.11437665,0E-8,0.000000,0.905409,0.000000,-0.07324236,2026-03-22,2026-08-06,52,901,524,138,0.376812,1.533674,1.453326,0.501853,,,,,,,,GLOBAL_BASELINE_NO_ENTITY_RANKING,,,NOT_APPLICABLE_GLOBAL_BASELINE,HF9g-P5,,,,X 全窗基线 · 不参与实体赏罚,14191623,1420,A168_HF9F_20260827_0900,2026-08-27 09:00:00
2026-06-21,128173484,2153,0,30.8586417056,19.2866510658,19.2866510658,1.0000000,5,3,0.44665899166600568,0.362670600000,1.9278312476840436,2.2960768953061126,1.9278312476840436,0.08398839166600568,ELIGIBLE,R03b_20260811_FULL_v1,L1_ELIGIBILITY,v2026-08-11,2026-03-21..2026-08-06,baccarat_bet02_101_all_pairs_incl_sentinel,round_win = game_pnl > 0 (decisive only),COMPATIBILITY_ONLY_NOT_PRODUCTION,127205.3315,115172.8122,6635.2036,4257,2852,-0.05216136,-0.11437665,-0.04113429,-0.05216136,-6635.2036,127205.3315,OK,0.0000,265.4081,4.0000,96.0000,AG03-UNRESOLVED,ALL5_LEVELS_bet23_to_bet27,265.4081,265.4081,265.4081,331.7602,331.7602,4.000000,4.000000,4.000000,5.000000,5.000000,96.000000,96.000000,96.000000,95.000000,95.000000,5.0,1459.7448,1337.1644,5175.4588,5298.0391,PENDING_AG03,FALSE,NOT_FOR_ENFORCEMENT,6369.7955,110565.8997,6635.2036,6369.7955,265.4081,0.05216136,0.05007491,265.4081,6369.7955,0.05007491,265.4081,265.4081,265.4081,331.7602,331.7602,6369.7955,0.05007491,1459.7448,1337.1644,5175.4588,5298.0391,0.04068586,0.04164951,0.00208645,29.8814,40.3832,2.3265,127.6001,7.3643,2446.2564,54.8462,43.4275,28.3160,5.1431,12.8578,28.9875,66.8604,128.5777,263.3173,7.8995,-2.6176,10.0,20.479237,2.324,28,180,56,8,0.15055597,0.05216136,0.11437665,0E-8,0.000000,0.905409,0.000000,-0.07324236,2026-03-22,2026-08-06,52,901,524,138,0.376812,1.533674,1.453326,0.501853,,,,,,,,GLOBAL_BASELINE_NO_ENTITY_RANKING,,,NOT_APPLICABLE_GLOBAL_BASELINE,HF9g-P5,,,,X 全窗基线 · 不参与实体赏罚,14191624,1420,A168_HF9F_20260827_0900,2026-08-27 09:00:00
2026-06-21,128173484,2156,0,108.0052459691,17.3579859592,17.3579859592,0.7500000,7,4,0.43881392211490285,0.344673087500,1.2541702983675418,1.705700383779965,1.2541702983675418,0.09414083461490285,ELIGIBLE,R03b_20260811_FULL_v1,L1_ELIGIBILITY,v2026-08-11,2026-03-21..2026-08-06,baccarat_bet02_101_all_pairs_incl_sentinel,round_win = game_pnl > 0 (decisive only),COMPATIBILITY_ONLY_NOT_PRODUCTION,127205.3315,115172.8122,6635.2036,4257,2852,-0.05216136,-0.11437665,-0.04113429,-0.05216136,-6635.2036,127205.3315,OK,0.0000,265.4081,4.0000,96.0000,AG03-UNRESOLVED,ALL5_LEVELS_bet23_to_bet27,265.4081,265.4081,265.4081,331.7602,331.7602,4.000000,4.000000,4.000000,5.000000,5.000000,96.000000,96.000000,96.000000,95.000000,95.000000,5.0,1459.7448,1337.1644,5175.4588,5298.0391,PENDING_AG03,FALSE,NOT_FOR_ENFORCEMENT,6369.7955,110565.8997,6635.2036,6369.7955,265.4081,0.05216136,0.05007491,265.4081,6369.7955,0.05007491,265.4081,265.4081,265.4081,331.7602,331.7602,6369.7955,0.05007491,1459.7448,1337.1644,5175.4588,5298.0391,0.04068586,0.04164951,0.00208645,29.8814,40.3832,2.3265,127.6001,7.3643,2446.2564,54.8462,43.4275,28.3160,5.1431,12.8578,28.9875,66.8604,128.5777,263.3173,7.8995,-2.6176,10.0,20.479237,2.324,28,180,56,8,0.15055597,0.05216136,0.11437665,0E-8,0.000000,0.905409,0.000000,-0.07324236,2026-03-22,2026-08-06,52,901,524,138,0.376812,1.533674,1.453326,0.501853,,,,,,,,GLOBAL_BASELINE_NO_ENTITY_RANKING,,,NOT_APPLICABLE_GLOBAL_BASELINE,HF9g-P5,,,,X 全窗基线 · 不参与实体赏罚,14191625,1420,A168_HF9F_20260827_0900,2026-08-27 09:00:00
2026-06-21,128173484,2160,0,103.3764497135,52.8454239205,52.8454239205,0.6000000,10,5,0.36235118610330116,0.289337620000,1.105515997638414,1.5319322249154546,1.105515997638414,0.07301356610330116,ELIGIBLE,R03b_20260811_FULL_v1,L1_ELIGIBILITY,v2026-08-11,2026-03-21..2026-08-06,baccarat_bet02_101_all_pairs_incl_sentinel,round_win = game_pnl > 0 (decisive only),COMPATIBILITY_ONLY_NOT_PRODUCTION,127205.3315,115172.8122,6635.2036,4257,2852,-0.05216136,-0.11437665,-0.04113429,-0.05216136,-6635.2036,127205.3315,OK,0.0000,265.4081,4.0000,96.0000,AG03-UNRESOLVED,ALL5_LEVELS_bet23_to_bet27,265.4081,265.4081,265.4081,331.7602,331.7602,4.000000,4.000000,4.000000,5.000000,5.000000,96.000000,96.000000,96.000000,95.000000,95.000000,5.0,1459.7448,1337.1644,5175.4588,5298.0391,PENDING_AG03,FALSE,NOT_FOR_ENFORCEMENT,6369.7955,110565.8997,6635.2036,6369.7955,265.4081,0.05216136,0.05007491,265.4081,6369.7955,0.05007491,265.4081,265.4081,265.4081,331.7602,331.7602,6369.7955,0.05007491,1459.7448,1337.1644,5175.4588,5298.0391,0.04068586,0.04164951,0.00208645,29.8814,40.3832,2.3265,127.6001,7.3643,2446.2564,54.8462,43.4275,28.3160,5.1431,12.8578,28.9875,66.8604,128.5777,263.3173,7.8995,-2.6176,10.0,20.479237,2.324,28,180,56,8,0.15055597,0.05216136,0.11437665,0E-8,0.000000,0.905409,0.000000,-0.07324236,2026-03-22,2026-08-06,52,901,524,138,0.376812,1.533674,1.453326,0.501853,,,,,,,,GLOBAL_BASELINE_NO_ENTITY_RANKING,,,NOT_APPLICABLE_GLOBAL_BASELINE,HF9g-P5,,,,X 全窗基线 · 不参与实体赏罚,14191626,1420,A168_HF9F_20260827_0900,2026-08-27 09:00:00
2026-06-21,128173484,2162,0,15.4293208528,9.6433255329,9.6433255329,1.0000000,2,1,0.43466064999906684,0.290680550000,1.1404583914052906,1.5621148022658344,1.1404583914052906,0.14398009999906684,ELIGIBLE,R03b_20260811_FULL_v1,L1_ELIGIBILITY,v2026-08-11,2026-03-21..2026-08-06,baccarat_bet02_101_all_pairs_incl_sentinel,round_win = game_pnl > 0 (decisive only),COMPATIBILITY_ONLY_NOT_PRODUCTION,127205.3315,115172.8122,6635.2036,4257,2852,-0.05216136,-0.11437665,-0.04113429,-0.05216136,-6635.2036,127205.3315,OK,0.0000,265.4081,4.0000,96.0000,AG03-UNRESOLVED,ALL5_LEVELS_bet23_to_bet27,265.4081,265.4081,265.4081,331.7602,331.7602,4.000000,4.000000,4.000000,5.000000,5.000000,96.000000,96.000000,96.000000,95.000000,95.000000,5.0,1459.7448,1337.1644,5175.4588,5298.0391,PENDING_AG03,FALSE,NOT_FOR_ENFORCEMENT,6369.7955,110565.8997,6635.2036,6369.7955,265.4081,0.05216136,0.05007491,265.4081,6369.7955,0.05007491,265.4081,265.4081,265.4081,331.7602,331.7602,6369.7955,0.05007491,1459.7448,1337.1644,5175.4588,5298.0391,0.04068586,0.04164951,0.00208645,29.8814,40.3832,2.3265,127.6001,7.3643,2446.2564,54.8462,43.4275,28.3160,5.1431,12.8578,28.9875,66.8604,128.5777,263.3173,7.8995,-2.6176,10.0,20.479237,2.324,28,180,56,8,0.15055597,0.05216136,0.11437665,0E-8,0.000000,0.905409,0.000000,-0.07324236,2026-03-22,2026-08-06,52,901,524,138,0.376812,1.533674,1.453326,0.501853,,,,,,,,GLOBAL_BASELINE_NO_ENTITY_RANKING,,,NOT_APPLICABLE_GLOBAL_BASELINE,HF9g-P5,,,,X 全窗基线 · 不参与实体赏罚,14191627,1420,A168_HF9F_20260827_0900,2026-08-27 09:00:00
2026-06-21,128173484,2167,0,133.7207807237,-82.2897112146,-82.2897112146,0E-7,5,3,0.46162333999998041,0.361517600000,-1.603841308275883,-1.3033194750413652,-1.603841308275883,0.10010573999998041,ELIGIBLE,R03b_20260811_FULL_v1,L1_ELIGIBILITY,v2026-08-11,2026-03-21..2026-08-06,baccarat_bet02_101_all_pairs_incl_sentinel,round_win = game_pnl > 0 (decisive only),COMPATIBILITY_ONLY_NOT_PRODUCTION,127205.3315,115172.8122,6635.2036,4257,2852,-0.05216136,-0.11437665,-0.04113429,-0.05216136,-6635.2036,127205.3315,OK,0.0000,265.4081,4.0000,96.0000,AG03-UNRESOLVED,ALL5_LEVELS_bet23_to_bet27,265.4081,265.4081,265.4081,331.7602,331.7602,4.000000,4.000000,4.000000,5.000000,5.000000,96.000000,96.000000,96.000000,95.000000,95.000000,5.0,1459.7448,1337.1644,5175.4588,5298.0391,PENDING_AG03,FALSE,NOT_FOR_ENFORCEMENT,6369.7955,110565.8997,6635.2036,6369.7955,265.4081,0.05216136,0.05007491,265.4081,6369.7955,0.05007491,265.4081,265.4081,265.4081,331.7602,331.7602,6369.7955,0.05007491,1459.7448,1337.1644,5175.4588,5298.0391,0.04068586,0.04164951,0.00208645,29.8814,40.3832,2.3265,127.6001,7.3643,2446.2564,54.8462,43.4275,28.3160,5.1431,12.8578,28.9875,66.8604,128.5777,263.3173,7.8995,-2.6176,10.0,20.479237,2.324,28,180,56,8,0.15055597,0.05216136,0.11437665,0E-8,0.000000,0.905409,0.000000,-0.07324236,2026-03-22,2026-08-06,52,901,524,138,0.376812,1.533674,1.453326,0.501853,,,,,,,,GLOBAL_BASELINE_NO_ENTITY_RANKING,,,NOT_APPLICABLE_GLOBAL_BASELINE,HF9g-P5,,,,X 全窗基线 · 不参与实体赏罚,14191628,1420,A168_HF9F_20260827_0900,2026-08-27 09:00:00
2026-06-21,128173484,2169,0,25.7155347547,25.2012240594,25.2012240594,1.0000000,6,3,0.37687920833176784,0.293995950000,2.227130467510154,2.6840682183990996,2.227130467510154,0.08288325833176784,ELIGIBLE,R03b_20260811_FULL_v1,L1_ELIGIBILITY,v2026-08-11,2026-03-21..2026-08-06,baccarat_bet02_101_all_pairs_incl_sentinel,round_win = game_pnl > 0 (decisive only),COMPATIBILITY_ONLY_NOT_PRODUCTION,127205.3315,115172.8122,6635.2036,4257,2852,-0.05216136,-0.11437665,-0.04113429,-0.05216136,-6635.2036,127205.3315,OK,0.0000,265.4081,4.0000,96.0000,AG03-UNRESOLVED,ALL5_LEVELS_bet23_to_bet27,265.4081,265.4081,265.4081,331.7602,331.7602,4.000000,4.000000,4.000000,5.000000,5.000000,96.000000,96.000000,96.000000,95.000000,95.000000,5.0,1459.7448,1337.1644,5175.4588,5298.0391,PENDING_AG03,FALSE,NOT_FOR_ENFORCEMENT,6369.7955,110565.8997,6635.2036,6369.7955,265.4081,0.05216136,0.05007491,265.4081,6369.7955,0.05007491,265.4081,265.4081,265.4081,331.7602,331.7602,6369.7955,0.05007491,1459.7448,1337.1644,5175.4588,5298.0391,0.04068586,0.04164951,0.00208645,29.8814,40.3832,2.3265,127.6001,7.3643,2446.2564,54.8462,43.4275,28.3160,5.1431,12.8578,28.9875,66.8604,128.5777,263.3173,7.8995,-2.6176,10.0,20.479237,2.324,28,180,56,8,0.15055597,0.05216136,0.11437665,0E-8,0.000000,0.905409,0.000000,-0.07324236,2026-03-22,2026-08-06,52,901,524,138,0.376812,1.533674,1.453326,0.501853,,,,,,,,GLOBAL_BASELINE_NO_ENTITY_RANKING,,,NOT_APPLICABLE_GLOBAL_BASELINE,HF9g-P5,,,,X 全窗基线 · 不参与实体赏罚,14191629,1420,A168_HF9F_20260827_0900,2026-08-27 09:00:00
2026-06-21,128173484,2171,0,1521.5881914266,-65.2145961377,-65.2145961377,0.4615385,42,26,0.45284988236651763,0.372047776923,0.08900308467863079,0.9440648900140689,0.08900308467863079,0.08080210544351763,ELIGIBLE,R03b_20260811_FULL_v1,L1_ELIGIBILITY,v2026-08-11,2026-03-21..2026-08-06,baccarat_bet02_101_all_pairs_incl_sentinel,round_win = game_pnl > 0 (decisive only),COMPATIBILITY_ONLY_NOT_PRODUCTION,127205.3315,115172.8122,6635.2036,4257,2852,-0.05216136,-0.11437665,-0.04113429,-0.05216136,-6635.2036,127205.3315,OK,0.0000,265.4081,4.0000,96.0000,AG03-UNRESOLVED,ALL5_LEVELS_bet23_to_bet27,265.4081,265.4081,265.4081,331.7602,331.7602,4.000000,4.000000,4.000000,5.000000,5.000000,96.000000,96.000000,96.000000,95.000000,95.000000,5.0,1459.7448,1337.1644,5175.4588,5298.0391,PENDING_AG03,FALSE,NOT_FOR_ENFORCEMENT,6369.7955,110565.8997,6635.2036,6369.7955,265.4081,0.05216136,0.05007491,265.4081,6369.7955,0.05007491,265.4081,265.4081,265.4081,331.7602,331.7602,6369.7955,0.05007491,1459.7448,1337.1644,5175.4588,5298.0391,0.04068586,0.04164951,0.00208645,29.8814,40.3832,2.3265,127.6001,7.3643,2446.2564,54.8462,43.4275,28.3160,5.1431,12.8578,28.9875,66.8604,128.5777,263.3173,7.8995,-2.6176,10.0,20.479237,2.324,28,180,56,8,0.15055597,0.05216136,0.11437665,0E-8,0.000000,0.905409,0.000000,-0.07324236,2026-03-22,2026-08-06,52,901,524,138,0.376812,1.533674,1.453326,0.501853,,,,,,,,GLOBAL_BASELINE_NO_ENTITY_RANKING,,,NOT_APPLICABLE_GLOBAL_BASELINE,HF9g-P5,,,,X 全窗基线 · 不参与实体赏罚,14191630,1420,A168_HF9F_20260827_0900,2026-08-27 09:00:00
2026-06-21,128173484,2175,0,67.8890117520,-47.5737392959,-47.5737392959,0.5000000,5,4,0.46207766060594851,0.450979500000,0.15212753902702508,0.19703122226415376,0.15212753902702508,0.01109816060594851,ELIGIBLE,R03b_20260811_FULL_v1,L1_ELIGIBILITY,v2026-08-11,2026-03-21..2026-08-06,baccarat_bet02_101_all_pairs_incl_sentinel,round_win = game_pnl > 0 (decisive only),COMPATIBILITY_ONLY_NOT_PRODUCTION,127205.3315,115172.8122,6635.2036,4257,2852,-0.05216136,-0.11437665,-0.04113429,-0.05216136,-6635.2036,127205.3315,OK,0.0000,265.4081,4.0000,96.0000,AG03-UNRESOLVED,ALL5_LEVELS_bet23_to_bet27,265.4081,265.4081,265.4081,331.7602,331.7602,4.000000,4.000000,4.000000,5.000000,5.000000,96.000000,96.000000,96.000000,95.000000,95.000000,5.0,1459.7448,1337.1644,5175.4588,5298.0391,PENDING_AG03,FALSE,NOT_FOR_ENFORCEMENT,6369.7955,110565.8997,6635.2036,6369.7955,265.4081,0.05216136,0.05007491,265.4081,6369.7955,0.05007491,265.4081,265.4081,265.4081,331.7602,331.7602,6369.7955,0.05007491,1459.7448,1337.1644,5175.4588,5298.0391,0.04068586,0.04164951,0.00208645,29.8814,40.3832,2.3265,127.6001,7.3643,2446.2564,54.8462,43.4275,28.3160,5.1431,12.8578,28.9875,66.8604,128.5777,263.3173,7.8995,-2.6176,10.0,20.479237,2.324,28,180,56,8,0.15055597,0.05216136,0.11437665,0E-8,0.000000,0.905409,0.000000,-0.07324236,2026-03-22,2026-08-06,52,901,524,138,0.376812,1.533674,1.453326,0.501853,,,,,,,,GLOBAL_BASELINE_NO_ENTITY_RANKING,,,NOT_APPLICABLE_GLOBAL_BASELINE,HF9g-P5,,,,X 全窗基线 · 不参与实体赏罚,14191631,1420,A168_HF9F_20260827_0900,2026-08-27 09:00:00
2026-06-21,128173484,2201,0,32.1444184433,64.9317252552,64.9317252552,1.0000000,4,2,0.41565778269174480,0.287323225000,1.6767977078724596,2.2272857302690636,1.6767977078724596,0.12833455769174480,ELIGIBLE,R03b_20260811_FULL_v1,L1_ELIGIBILITY,v2026-08-11,2026-03-21..2026-08-06,baccarat_bet02_101_all_pairs_incl_sentinel,round_win = game_pnl > 0 (decisive only),COMPATIBILITY_ONLY_NOT_PRODUCTION,127205.3315,115172.8122,6635.2036,4257,2852,-0.05216136,-0.11437665,-0.04113429,-0.05216136,-6635.2036,127205.3315,OK,0.0000,265.4081,4.0000,96.0000,AG03-UNRESOLVED,ALL5_LEVELS_bet23_to_bet27,265.4081,265.4081,265.4081,331.7602,331.7602,4.000000,4.000000,4.000000,5.000000,5.000000,96.000000,96.000000,96.000000,95.000000,95.000000,5.0,1459.7448,1337.1644,5175.4588,5298.0391,PENDING_AG03,FALSE,NOT_FOR_ENFORCEMENT,6369.7955,110565.8997,6635.2036,6369.7955,265.4081,0.05216136,0.05007491,265.4081,6369.7955,0.05007491,265.4081,265.4081,265.4081,331.7602,331.7602,6369.7955,0.05007491,1459.7448,1337.1644,5175.4588,5298.0391,0.04068586,0.04164951,0.00208645,29.8814,40.3832,2.3265,127.6001,7.3643,2446.2564,54.8462,43.4275,28.3160,5.1431,12.8578,28.9875,66.8604,128.5777,263.3173,7.8995,-2.6176,10.0,20.479237,2.324,28,180,56,8,0.15055597,0.05216136,0.11437665,0E-8,0.000000,0.905409,0.000000,-0.07324236,2026-03-22,2026-08-06,52,901,524,138,0.376812,1.533674,1.453326,0.501853,,,,,,,,GLOBAL_BASELINE_NO_ENTITY_RANKING,,,NOT_APPLICABLE_GLOBAL_BASELINE,HF9g-P5,,,,X 全窗基线 · 不参与实体赏罚,14191632,1420,A168_HF9F_20260827_0900,2026-08-27 09:00:00
2026-06-21,128173484,2205,0,15.4293208528,-10.4147915756,-10.4147915756,0.5000000,2,2,0.50665070000000000,0.506650700000,-0.018812684590367487,-0.018812684590367487,-0.018812684590367487,0E-17,ELIGIBLE,R03b_20260811_FULL_v1,L1_ELIGIBILITY,v2026-08-11,2026-03-21..2026-08-06,baccarat_bet02_101_all_pairs_incl_sentinel,round_win = game_pnl > 0 (decisive only),COMPATIBILITY_ONLY_NOT_PRODUCTION,127205.3315,115172.8122,6635.2036,4257,2852,-0.05216136,-0.11437665,-0.04113429,-0.05216136,-6635.2036,127205.3315,OK,0.0000,265.4081,4.0000,96.0000,AG03-UNRESOLVED,ALL5_LEVELS_bet23_to_bet27,265.4081,265.4081,265.4081,331.7602,331.7602,4.000000,4.000000,4.000000,5.000000,5.000000,96.000000,96.000000,96.000000,95.000000,95.000000,5.0,1459.7448,1337.1644,5175.4588,5298.0391,PENDING_AG03,FALSE,NOT_FOR_ENFORCEMENT,6369.7955,110565.8997,6635.2036,6369.7955,265.4081,0.05216136,0.05007491,265.4081,6369.7955,0.05007491,265.4081,265.4081,265.4081,331.7602,331.7602,6369.7955,0.05007491,1459.7448,1337.1644,5175.4588,5298.0391,0.04068586,0.04164951,0.00208645,29.8814,40.3832,2.3265,127.6001,7.3643,2446.2564,54.8462,43.4275,28.3160,5.1431,12.8578,28.9875,66.8604,128.5777,263.3173,7.8995,-2.6176,10.0,20.479237,2.324,28,180,56,8,0.15055597,0.05216136,0.11437665,0E-8,0.000000,0.905409,0.000000,-0.07324236,2026-03-22,2026-08-06,52,901,524,138,0.376812,1.533674,1.453326,0.501853,,,,,,,,GLOBAL_BASELINE_NO_ENTITY_RANKING,,,NOT_APPLICABLE_GLOBAL_BASELINE,HF9g-P5,,,,X 全窗基线 · 不参与实体赏罚,14191633,1420,A168_HF9F_20260827_0900,2026-08-27 09:00:00
2026-06-21,128173484,2209,0,74.5750507884,37.2875253939,37.2875253939,0.7500000,9,4,0.40405213839217995,0.271542966667,1.4099957657629165,2.1515512187287005,1.4099957657629165,0.13250917172517995,ELIGIBLE,R03b_20260811_FULL_v1,L1_ELIGIBILITY,v2026-08-11,2026-03-21..2026-08-06,baccarat_bet02_101_all_pairs_incl_sentinel,round_win = game_pnl > 0 (decisive only),COMPATIBILITY_ONLY_NOT_PRODUCTION,127205.3315,115172.8122,6635.2036,4257,2852,-0.05216136,-0.11437665,-0.04113429,-0.05216136,-6635.2036,127205.3315,OK,0.0000,265.4081,4.0000,96.0000,AG03-UNRESOLVED,ALL5_LEVELS_bet23_to_bet27,265.4081,265.4081,265.4081,331.7602,331.7602,4.000000,4.000000,4.000000,5.000000,5.000000,96.000000,96.000000,96.000000,95.000000,95.000000,5.0,1459.7448,1337.1644,5175.4588,5298.0391,PENDING_AG03,FALSE,NOT_FOR_ENFORCEMENT,6369.7955,110565.8997,6635.2036,6369.7955,265.4081,0.05216136,0.05007491,265.4081,6369.7955,0.05007491,265.4081,265.4081,265.4081,331.7602,331.7602,6369.7955,0.05007491,1459.7448,1337.1644,5175.4588,5298.0391,0.04068586,0.04164951,0.00208645,29.8814,40.3832,2.3265,127.6001,7.3643,2446.2564,54.8462,43.4275,28.3160,5.1431,12.8578,28.9875,66.8604,128.5777,263.3173,7.8995,-2.6176,10.0,20.479237,2.324,28,180,56,8,0.15055597,0.05216136,0.11437665,0E-8,0.000000,0.905409,0.000000,-0.07324236,2026-03-22,2026-08-06,52,901,524,138,0.376812,1.533674,1.453326,0.501853,,,,,,,,GLOBAL_BASELINE_NO_ENTITY_RANKING,,,NOT_APPLICABLE_GLOBAL_BASELINE,HF9g-P5,,,,X 全窗基线 · 不参与实体赏罚,14191634,1420,A168_HF9F_20260827_0900,2026-08-27 09:00:00
2026-06-21,128173484,2212,0,138.8638876746,37.9304137629,37.9304137629,0.6666667,5,4,0.48921439021733574,0.449306862500,0.6148557856856622,0.7568564272079978,0.6148557856856622,0.03990752771733574,ELIGIBLE,R03b_20260811_FULL_v1,L1_ELIGIBILITY,v2026-08-11,2026-03-21..2026-08-06,baccarat_bet02_101_all_pairs_incl_sentinel,round_win = game_pnl > 0 (decisive only),COMPATIBILITY_ONLY_NOT_PRODUCTION,127205.3315,115172.8122,6635.2036,4257,2852,-0.05216136,-0.11437665,-0.04113429,-0.05216136,-6635.2036,127205.3315,OK,0.0000,265.4081,4.0000,96.0000,AG03-UNRESOLVED,ALL5_LEVELS_bet23_to_bet27,265.4081,265.4081,265.4081,331.7602,331.7602,4.000000,4.000000,4.000000,5.000000,5.000000,96.000000,96.000000,96.000000,95.000000,95.000000,5.0,1459.7448,1337.1644,5175.4588,5298.0391,PENDING_AG03,FALSE,NOT_FOR_ENFORCEMENT,6369.7955,110565.8997,6635.2036,6369.7955,265.4081,0.05216136,0.05007491,265.4081,6369.7955,0.05007491,265.4081,265.4081,265.4081,331.7602,331.7602,6369.7955,0.05007491,1459.7448,1337.1644,5175.4588,5298.0391,0.04068586,0.04164951,0.00208645,29.8814,40.3832,2.3265,127.6001,7.3643,2446.2564,54.8462,43.4275,28.3160,5.1431,12.8578,28.9875,66.8604,128.5777,263.3173,7.8995,-2.6176,10.0,20.479237,2.324,28,180,56,8,0.15055597,0.05216136,0.11437665,0E-8,0.000000,0.905409,0.000000,-0.07324236,2026-03-22,2026-08-06,52,901,524,138,0.376812,1.533674,1.453326,0.501853,,,,,,,,GLOBAL_BASELINE_NO_ENTITY_RANKING,,,NOT_APPLICABLE_GLOBAL_BASELINE,HF9g-P5,,,,X 全窗基线 · 不参与实体赏罚,14191635,1420,A168_HF9F_20260827_0900,2026-08-27 09:00:00
2026-06-21,128173484,2216,0,135.2637128091,85.8898860800,85.8898860800,0.8750000,13,8,0.44424526169309377,0.387980737500,2.452009043720763,2.826854817731244,2.452009043720763,0.05626452419309377,ELIGIBLE,R03b_20260811_FULL_v1,L1_ELIGIBILITY,v2026-08-11,2026-03-21..2026-08-06,baccarat_bet02_101_all_pairs_incl_sentinel,round_win = game_pnl > 0 (decisive only),COMPATIBILITY_ONLY_NOT_PRODUCTION,127205.3315,115172.8122,6635.2036,4257,2852,-0.05216136,-0.11437665,-0.04113429,-0.05216136,-6635.2036,127205.3315,OK,0.0000,265.4081,4.0000,96.0000,AG03-UNRESOLVED,ALL5_LEVELS_bet23_to_bet27,265.4081,265.4081,265.4081,331.7602,331.7602,4.000000,4.000000,4.000000,5.000000,5.000000,96.000000,96.000000,96.000000,95.000000,95.000000,5.0,1459.7448,1337.1644,5175.4588,5298.0391,PENDING_AG03,FALSE,NOT_FOR_ENFORCEMENT,6369.7955,110565.8997,6635.2036,6369.7955,265.4081,0.05216136,0.05007491,265.4081,6369.7955,0.05007491,265.4081,265.4081,265.4081,331.7602,331.7602,6369.7955,0.05007491,1459.7448,1337.1644,5175.4588,5298.0391,0.04068586,0.04164951,0.00208645,29.8814,40.3832,2.3265,127.6001,7.3643,2446.2564,54.8462,43.4275,28.3160,5.1431,12.8578,28.9875,66.8604,128.5777,263.3173,7.8995,-2.6176,10.0,20.479237,2.324,28,180,56,8,0.15055597,0.05216136,0.11437665,0E-8,0.000000,0.905409,0.000000,-0.07324236,2026-03-22,2026-08-06,52,901,524,138,0.376812,1.533674,1.453326,0.501853,,,,,,,,GLOBAL_BASELINE_NO_ENTITY_RANKING,,,NOT_APPLICABLE_GLOBAL_BASELINE,HF9g-P5,,,,X 全窗基线 · 不参与实体赏罚,14191636,1420,A168_HF9F_20260827_0900,2026-08-27 09:00:00
2026-06-21,128173484,2222,0,90.0043716409,60.4315066731,60.4315066731,1.0000000,3,2,0.46345666999993282,0.398665625000,1.5216432001202507,1.736875216052051,1.5216432001202507,0.06479104499993282,ELIGIBLE,R03b_20260811_FULL_v1,L1_ELIGIBILITY,v2026-08-11,2026-03-21..2026-08-06,baccarat_bet02_101_all_pairs_incl_sentinel,round_win = game_pnl > 0 (decisive only),COMPATIBILITY_ONLY_NOT_PRODUCTION,127205.3315,115172.8122,6635.2036,4257,2852,-0.05216136,-0.11437665,-0.04113429,-0.05216136,-6635.2036,127205.3315,OK,0.0000,265.4081,4.0000,96.0000,AG03-UNRESOLVED,ALL5_LEVELS_bet23_to_bet27,265.4081,265.4081,265.4081,331.7602,331.7602,4.000000,4.000000,4.000000,5.000000,5.000000,96.000000,96.000000,96.000000,95.000000,95.000000,5.0,1459.7448,1337.1644,5175.4588,5298.0391,PENDING_AG03,FALSE,NOT_FOR_ENFORCEMENT,6369.7955,110565.8997,6635.2036,6369.7955,265.4081,0.05216136,0.05007491,265.4081,6369.7955,0.05007491,265.4081,265.4081,265.4081,331.7602,331.7602,6369.7955,0.05007491,1459.7448,1337.1644,5175.4588,5298.0391,0.04068586,0.04164951,0.00208645,29.8814,40.3832,2.3265,127.6001,7.3643,2446.2564,54.8462,43.4275,28.3160,5.1431,12.8578,28.9875,66.8604,128.5777,263.3173,7.8995,-2.6176,10.0,20.479237,2.324,28,180,56,8,0.15055597,0.05216136,0.11437665,0E-8,0.000000,0.905409,0.000000,-0.07324236,2026-03-22,2026-08-06,52,901,524,138,0.376812,1.533674,1.453326,0.501853,,,,,,,,GLOBAL_BASELINE_NO_ENTITY_RANKING,,,NOT_APPLICABLE_GLOBAL_BASELINE,HF9g-P5,,,,X 全窗基线 · 不参与实体赏罚,14191637,1420,A168_HF9F_20260827_0900,2026-08-27 09:00:00
2026-06-21,128173484,2223,0,60.1743513257,30.4729086841,30.4729086841,0.7500000,7,4,0.42123276981693671,0.342994425000,1.3316971701813356,1.7147558603582918,1.3316971701813356,0.07823834481693671,ELIGIBLE,R03b_20260811_FULL_v1,L1_ELIGIBILITY,v2026-08-11,2026-03-21..2026-08-06,baccarat_bet02_101_all_pairs_incl_sentinel,round_win = game_pnl > 0 (decisive only),COMPATIBILITY_ONLY_NOT_PRODUCTION,127205.3315,115172.8122,6635.2036,4257,2852,-0.05216136,-0.11437665,-0.04113429,-0.05216136,-6635.2036,127205.3315,OK,0.0000,265.4081,4.0000,96.0000,AG03-UNRESOLVED,ALL5_LEVELS_bet23_to_bet27,265.4081,265.4081,265.4081,331.7602,331.7602,4.000000,4.000000,4.000000,5.000000,5.000000,96.000000,96.000000,96.000000,95.000000,95.000000,5.0,1459.7448,1337.1644,5175.4588,5298.0391,PENDING_AG03,FALSE,NOT_FOR_ENFORCEMENT,6369.7955,110565.8997,6635.2036,6369.7955,265.4081,0.05216136,0.05007491,265.4081,6369.7955,0.05007491,265.4081,265.4081,265.4081,331.7602,331.7602,6369.7955,0.05007491,1459.7448,1337.1644,5175.4588,5298.0391,0.04068586,0.04164951,0.00208645,29.8814,40.3832,2.3265,127.6001,7.3643,2446.2564,54.8462,43.4275,28.3160,5.1431,12.8578,28.9875,66.8604,128.5777,263.3173,7.8995,-2.6176,10.0,20.479237,2.324,28,180,56,8,0.15055597,0.05216136,0.11437665,0E-8,0.000000,0.905409,0.000000,-0.07324236,2026-03-22,2026-08-06,52,901,524,138,0.376812,1.533674,1.453326,0.501853,,,,,,,,GLOBAL_BASELINE_NO_ENTITY_RANKING,,,NOT_APPLICABLE_GLOBAL_BASELINE,HF9g-P5,,,,X 全窗基线 · 不参与实体赏罚,14191638,1420,A168_HF9F_20260827_0900,2026-08-27 09:00:00
2026-06-21,128173484,2229,0,77.1466042637,25.7155347543,25.7155347543,0.5000000,8,4,0.41261566971073189,0.324673766667,0.3550009547357102,0.7488528523871602,0.3550009547357102,0.08794190304373189,ELIGIBLE,R03b_20260811_FULL_v1,L1_ELIGIBILITY,v2026-08-11,2026-03-21..2026-08-06,baccarat_bet02_101_all_pairs_incl_sentinel,round_win = game_pnl > 0 (decisive only),COMPATIBILITY_ONLY_NOT_PRODUCTION,127205.3315,115172.8122,6635.2036,4257,2852,-0.05216136,-0.11437665,-0.04113429,-0.05216136,-6635.2036,127205.3315,OK,0.0000,265.4081,4.0000,96.0000,AG03-UNRESOLVED,ALL5_LEVELS_bet23_to_bet27,265.4081,265.4081,265.4081,331.7602,331.7602,4.000000,4.000000,4.000000,5.000000,5.000000,96.000000,96.000000,96.000000,95.000000,95.000000,5.0,1459.7448,1337.1644,5175.4588,5298.0391,PENDING_AG03,FALSE,NOT_FOR_ENFORCEMENT,6369.7955,110565.8997,6635.2036,6369.7955,265.4081,0.05216136,0.05007491,265.4081,6369.7955,0.05007491,265.4081,265.4081,265.4081,331.7602,331.7602,6369.7955,0.05007491,1459.7448,1337.1644,5175.4588,5298.0391,0.04068586,0.04164951,0.00208645,29.8814,40.3832,2.3265,127.6001,7.3643,2446.2564,54.8462,43.4275,28.3160,5.1431,12.8578,28.9875,66.8604,128.5777,263.3173,7.8995,-2.6176,10.0,20.479237,2.324,28,180,56,8,0.15055597,0.05216136,0.11437665,0E-8,0.000000,0.905409,0.000000,-0.07324236,2026-03-22,2026-08-06,52,901,524,138,0.376812,1.533674,1.453326,0.501853,,,,,,,,GLOBAL_BASELINE_NO_ENTITY_RANKING,,,NOT_APPLICABLE_GLOBAL_BASELINE,HF9g-P5,,,,X 全窗基线 · 不参与实体赏罚,14191639,1420,A168_HF9F_20260827_0900,2026-08-27 09:00:00
2026-06-21,128173484,2235,0,138.8638876745,66.2175019930,66.2175019930,0.6666667,5,3,0.45350352136434752,0.360432383333,0.7416324625665364,1.1047380221457783,0.7416324625665364,0.09307113803134752,ELIGIBLE,R03b_20260811_FULL_v1,L1_ELIGIBILITY,v2026-08-11,2026-03-21..2026-08-06,baccarat_bet02_101_all_pairs_incl_sentinel,round_win = game_pnl > 0 (decisive only),COMPATIBILITY_ONLY_NOT_PRODUCTION,127205.3315,115172.8122,6635.2036,4257,2852,-0.05216136,-0.11437665,-0.04113429,-0.05216136,-6635.2036,127205.3315,OK,0.0000,265.4081,4.0000,96.0000,AG03-UNRESOLVED,ALL5_LEVELS_bet23_to_bet27,265.4081,265.4081,265.4081,331.7602,331.7602,4.000000,4.000000,4.000000,5.000000,5.000000,96.000000,96.000000,96.000000,95.000000,95.000000,5.0,1459.7448,1337.1644,5175.4588,5298.0391,PENDING_AG03,FALSE,NOT_FOR_ENFORCEMENT,6369.7955,110565.8997,6635.2036,6369.7955,265.4081,0.05216136,0.05007491,265.4081,6369.7955,0.05007491,265.4081,265.4081,265.4081,331.7602,331.7602,6369.7955,0.05007491,1459.7448,1337.1644,5175.4588,5298.0391,0.04068586,0.04164951,0.00208645,29.8814,40.3832,2.3265,127.6001,7.3643,2446.2564,54.8462,43.4275,28.3160,5.1431,12.8578,28.9875,66.8604,128.5777,263.3173,7.8995,-2.6176,10.0,20.479237,2.324,28,180,56,8,0.15055597,0.05216136,0.11437665,0E-8,0.000000,0.905409,0.000000,-0.07324236,2026-03-22,2026-08-06,52,901,524,138,0.376812,1.533674,1.453326,0.501853,,,,,,,,GLOBAL_BASELINE_NO_ENTITY_RANKING,,,NOT_APPLICABLE_GLOBAL_BASELINE,HF9g-P5,,,,X 全窗基线 · 不参与实体赏罚,14191640,1420,A168_HF9F_20260827_0900,2026-08-27 09:00:00
2026-06-21,128173484,2241,0,151.7216550518,118.2914598709,118.2914598709,0.6666667,5,3,0.44389311645035313,0.355963983333,0.7766152472163801,1.123951379572355,0.7766152472163801,0.08792913311735313,ELIGIBLE,R03b_20260811_FULL_v1,L1_ELIGIBILITY,v2026-08-11,2026-03-21..2026-08-06,baccarat_bet02_101_all_pairs_incl_sentinel,round_win = game_pnl > 0 (decisive only),COMPATIBILITY_ONLY_NOT_PRODUCTION,127205.3315,115172.8122,6635.2036,4257,2852,-0.05216136,-0.11437665,-0.04113429,-0.05216136,-6635.2036,127205.3315,OK,0.0000,265.4081,4.0000,96.0000,AG03-UNRESOLVED,ALL5_LEVELS_bet23_to_bet27,265.4081,265.4081,265.4081,331.7602,331.7602,4.000000,4.000000,4.000000,5.000000,5.000000,96.000000,96.000000,96.000000,95.000000,95.000000,5.0,1459.7448,1337.1644,5175.4588,5298.0391,PENDING_AG03,FALSE,NOT_FOR_ENFORCEMENT,6369.7955,110565.8997,6635.2036,6369.7955,265.4081,0.05216136,0.05007491,265.4081,6369.7955,0.05007491,265.4081,265.4081,265.4081,331.7602,331.7602,6369.7955,0.05007491,1459.7448,1337.1644,5175.4588,5298.0391,0.04068586,0.04164951,0.00208645,29.8814,40.3832,2.3265,127.6001,7.3643,2446.2564,54.8462,43.4275,28.3160,5.1431,12.8578,28.9875,66.8604,128.5777,263.3173,7.8995,-2.6176,10.0,20.479237,2.324,28,180,56,8,0.15055597,0.05216136,0.11437665,0E-8,0.000000,0.905409,0.000000,-0.07324236,2026-03-22,2026-08-06,52,901,524,138,0.376812,1.533674,1.453326,0.501853,,,,,,,,GLOBAL_BASELINE_NO_ENTITY_RANKING,,,NOT_APPLICABLE_GLOBAL_BASELINE,HF9g-P5,,,,X 全窗基线 · 不参与实体赏罚,14191641,1420,A168_HF9F_20260827_0900,2026-08-27 09:00:00
2026-06-21,128173484,2242,0,38.5733021319,-38.5733021319,-38.5733021319,0E-7,2,1,0.42026263999977604,0.290680550000,-0.8514217650206793,-0.6401578158977228,-0.8514217650206793,0.12958208999977604,ELIGIBLE,R03b_20260811_FULL_v1,L1_ELIGIBILITY,v2026-08-11,2026-03-21..2026-08-06,baccarat_bet02_101_all_pairs_incl_sentinel,round_win = game_pnl > 0 (decisive only),COMPATIBILITY_ONLY_NOT_PRODUCTION,127205.3315,115172.8122,6635.2036,4257,2852,-0.05216136,-0.11437665,-0.04113429,-0.05216136,-6635.2036,127205.3315,OK,0.0000,265.4081,4.0000,96.0000,AG03-UNRESOLVED,ALL5_LEVELS_bet23_to_bet27,265.4081,265.4081,265.4081,331.7602,331.7602,4.000000,4.000000,4.000000,5.000000,5.000000,96.000000,96.000000,96.000000,95.000000,95.000000,5.0,1459.7448,1337.1644,5175.4588,5298.0391,PENDING_AG03,FALSE,NOT_FOR_ENFORCEMENT,6369.7955,110565.8997,6635.2036,6369.7955,265.4081,0.05216136,0.05007491,265.4081,6369.7955,0.05007491,265.4081,265.4081,265.4081,331.7602,331.7602,6369.7955,0.05007491,1459.7448,1337.1644,5175.4588,5298.0391,0.04068586,0.04164951,0.00208645,29.8814,40.3832,2.3265,127.6001,7.3643,2446.2564,54.8462,43.4275,28.3160,5.1431,12.8578,28.9875,66.8604,128.5777,263.3173,7.8995,-2.6176,10.0,20.479237,2.324,28,180,56,8,0.15055597,0.05216136,0.11437665,0E-8,0.000000,0.905409,0.000000,-0.07324236,2026-03-22,2026-08-06,52,901,524,138,0.376812,1.533674,1.453326,0.501853,,,,,,,,GLOBAL_BASELINE_NO_ENTITY_RANKING,,,NOT_APPLICABLE_GLOBAL_BASELINE,HF9g-P5,,,,X 全窗基线 · 不参与实体赏罚,14191642,1420,A168_HF9F_20260827_0900,2026-08-27 09:00:00
2026-06-21,128173484,2248,0,33.4301951809,-33.4301951809,-33.4301951809,0E-7,2,1,0.40697216923027228,0.290680550000,-0.8284090178879979,-0.6401578158977228,-0.8284090178879979,0.11629161923027228,ELIGIBLE,R03b_20260811_FULL_v1,L1_ELIGIBILITY,v2026-08-11,2026-03-21..2026-08-06,baccarat_bet02_101_all_pairs_incl_sentinel,round_win = game_pnl > 0 (decisive only),COMPATIBILITY_ONLY_NOT_PRODUCTION,127205.3315,115172.8122,6635.2036,4257,2852,-0.05216136,-0.11437665,-0.04113429,-0.05216136,-6635.2036,127205.3315,OK,0.0000,265.4081,4.0000,96.0000,AG03-UNRESOLVED,ALL5_LEVELS_bet23_to_bet27,265.4081,265.4081,265.4081,331.7602,331.7602,4.000000,4.000000,4.000000,5.000000,5.000000,96.000000,96.000000,96.000000,95.000000,95.000000,5.0,1459.7448,1337.1644,5175.4588,5298.0391,PENDING_AG03,FALSE,NOT_FOR_ENFORCEMENT,6369.7955,110565.8997,6635.2036,6369.7955,265.4081,0.05216136,0.05007491,265.4081,6369.7955,0.05007491,265.4081,265.4081,265.4081,331.7602,331.7602,6369.7955,0.05007491,1459.7448,1337.1644,5175.4588,5298.0391,0.04068586,0.04164951,0.00208645,29.8814,40.3832,2.3265,127.6001,7.3643,2446.2564,54.8462,43.4275,28.3160,5.1431,12.8578,28.9875,66.8604,128.5777,263.3173,7.8995,-2.6176,10.0,20.479237,2.324,28,180,56,8,0.15055597,0.05216136,0.11437665,0E-8,0.000000,0.905409,0.000000,-0.07324236,2026-03-22,2026-08-06,52,901,524,138,0.376812,1.533674,1.453326,0.501853,,,,,,,,GLOBAL_BASELINE_NO_ENTITY_RANKING,,,NOT_APPLICABLE_GLOBAL_BASELINE,HF9g-P5,,,,X 全窗基线 · 不参与实体赏罚,14191643,1420,A168_HF9F_20260827_0900,2026-08-27 09:00:00
2026-06-21,128173484,2250,0,33.4301951809,-33.4301951809,-33.4301951809,0E-7,2,1,0.39665491538413383,0.283965900000,-0.8108182789052607,-0.6297471965178028,-0.8108182789052607,0.11268901538413383,ELIGIBLE,R03b_20260811_FULL_v1,L1_ELIGIBILITY,v2026-08-11,2026-03-21..2026-08-06,baccarat_bet02_101_all_pairs_incl_sentinel,round_win = game_pnl > 0 (decisive only),COMPATIBILITY_ONLY_NOT_PRODUCTION,127205.3315,115172.8122,6635.2036,4257,2852,-0.05216136,-0.11437665,-0.04113429,-0.05216136,-6635.2036,127205.3315,OK,0.0000,265.4081,4.0000,96.0000,AG03-UNRESOLVED,ALL5_LEVELS_bet23_to_bet27,265.4081,265.4081,265.4081,331.7602,331.7602,4.000000,4.000000,4.000000,5.000000,5.000000,96.000000,96.000000,96.000000,95.000000,95.000000,5.0,1459.7448,1337.1644,5175.4588,5298.0391,PENDING_AG03,FALSE,NOT_FOR_ENFORCEMENT,6369.7955,110565.8997,6635.2036,6369.7955,265.4081,0.05216136,0.05007491,265.4081,6369.7955,0.05007491,265.4081,265.4081,265.4081,331.7602,331.7602,6369.7955,0.05007491,1459.7448,1337.1644,5175.4588,5298.0391,0.04068586,0.04164951,0.00208645,29.8814,40.3832,2.3265,127.6001,7.3643,2446.2564,54.8462,43.4275,28.3160,5.1431,12.8578,28.9875,66.8604,128.5777,263.3173,7.8995,-2.6176,10.0,20.479237,2.324,28,180,56,8,0.15055597,0.05216136,0.11437665,0E-8,0.000000,0.905409,0.000000,-0.07324236,2026-03-22,2026-08-06,52,901,524,138,0.376812,1.533674,1.453326,0.501853,,,,,,,,GLOBAL_BASELINE_NO_ENTITY_RANKING,,,NOT_APPLICABLE_GLOBAL_BASELINE,HF9g-P5,,,,X 全窗基线 · 不参与实体赏罚,14191644,1420,A168_HF9F_20260827_0900,2026-08-27 09:00:00
2026-06-21,128173484,2251,0,128.5776737727,122.1487900841,122.1487900841,1.0000000,1,1,0.50665070000000000,0.506650700000,0.9867858985152569,0.9867858985152569,0.9867858985152569,0E-17,ELIGIBLE,R03b_20260811_FULL_v1,L1_ELIGIBILITY,v2026-08-11,2026-03-21..2026-08-06,baccarat_bet02_101_all_pairs_incl_sentinel,round_win = game_pnl > 0 (decisive only),COMPATIBILITY_ONLY_NOT_PRODUCTION,127205.3315,115172.8122,6635.2036,4257,2852,-0.05216136,-0.11437665,-0.04113429,-0.05216136,-6635.2036,127205.3315,OK,0.0000,265.4081,4.0000,96.0000,AG03-UNRESOLVED,ALL5_LEVELS_bet23_to_bet27,265.4081,265.4081,265.4081,331.7602,331.7602,4.000000,4.000000,4.000000,5.000000,5.000000,96.000000,96.000000,96.000000,95.000000,95.000000,5.0,1459.7448,1337.1644,5175.4588,5298.0391,PENDING_AG03,FALSE,NOT_FOR_ENFORCEMENT,6369.7955,110565.8997,6635.2036,6369.7955,265.4081,0.05216136,0.05007491,265.4081,6369.7955,0.05007491,265.4081,265.4081,265.4081,331.7602,331.7602,6369.7955,0.05007491,1459.7448,1337.1644,5175.4588,5298.0391,0.04068586,0.04164951,0.00208645,29.8814,40.3832,2.3265,127.6001,7.3643,2446.2564,54.8462,43.4275,28.3160,5.1431,12.8578,28.9875,66.8604,128.5777,263.3173,7.8995,-2.6176,10.0,20.479237,2.324,28,180,56,8,0.15055597,0.05216136,0.11437665,0E-8,0.000000,0.905409,0.000000,-0.07324236,2026-03-22,2026-08-06,52,901,524,138,0.376812,1.533674,1.453326,0.501853,,,,,,,,GLOBAL_BASELINE_NO_ENTITY_RANKING,,,NOT_APPLICABLE_GLOBAL_BASELINE,HF9g-P5,,,,X 全窗基线 · 不参与实体赏罚,14191645,1420,A168_HF9F_20260827_0900,2026-08-27 09:00:00
2026-06-21,128173484,2256,0,12.8577673773,12.2148790084,12.2148790084,1.0000000,1,1,0.50665070000000000,0.506650700000,0.9867858985152569,0.9867858985152569,0.9867858985152569,0E-17,ELIGIBLE,R03b_20260811_FULL_v1,L1_ELIGIBILITY,v2026-08-11,2026-03-21..2026-08-06,baccarat_bet02_101_all_pairs_incl_sentinel,round_win = game_pnl > 0 (decisive only),COMPATIBILITY_ONLY_NOT_PRODUCTION,127205.3315,115172.8122,6635.2036,4257,2852,-0.05216136,-0.11437665,-0.04113429,-0.05216136,-6635.2036,127205.3315,OK,0.0000,265.4081,4.0000,96.0000,AG03-UNRESOLVED,ALL5_LEVELS_bet23_to_bet27,265.4081,265.4081,265.4081,331.7602,331.7602,4.000000,4.000000,4.000000,5.000000,5.000000,96.000000,96.000000,96.000000,95.000000,95.000000,5.0,1459.7448,1337.1644,5175.4588,5298.0391,PENDING_AG03,FALSE,NOT_FOR_ENFORCEMENT,6369.7955,110565.8997,6635.2036,6369.7955,265.4081,0.05216136,0.05007491,265.4081,6369.7955,0.05007491,265.4081,265.4081,265.4081,331.7602,331.7602,6369.7955,0.05007491,1459.7448,1337.1644,5175.4588,5298.0391,0.04068586,0.04164951,0.00208645,29.8814,40.3832,2.3265,127.6001,7.3643,2446.2564,54.8462,43.4275,28.3160,5.1431,12.8578,28.9875,66.8604,128.5777,263.3173,7.8995,-2.6176,10.0,20.479237,2.324,28,180,56,8,0.15055597,0.05216136,0.11437665,0E-8,0.000000,0.905409,0.000000,-0.07324236,2026-03-22,2026-08-06,52,901,524,138,0.376812,1.533674,1.453326,0.501853,,,,,,,,GLOBAL_BASELINE_NO_ENTITY_RANKING,,,NOT_APPLICABLE_GLOBAL_BASELINE,HF9g-P5,,,,X 全窗基线 · 不参与实体赏罚,14191646,1420,A168_HF9F_20260827_0900,2026-08-27 09:00:00
2026-06-21,128173484,2261,0,177.9515005016,-77.6609149589,-77.6609149589,0.3333333,11,6,0.43095568474383977,0.348424083333,-0.48287590812839576,-0.07758001419463205,-0.48287590812839576,0.08253160141083977,ELIGIBLE,R03b_20260811_FULL_v1,L1_ELIGIBILITY,v2026-08-11,2026-03-21..2026-08-06,baccarat_bet02_101_all_pairs_incl_sentinel,round_win = game_pnl > 0 (decisive only),COMPATIBILITY_ONLY_NOT_PRODUCTION,127205.3315,115172.8122,6635.2036,4257,2852,-0.05216136,-0.11437665,-0.04113429,-0.05216136,-6635.2036,127205.3315,OK,0.0000,265.4081,4.0000,96.0000,AG03-UNRESOLVED,ALL5_LEVELS_bet23_to_bet27,265.4081,265.4081,265.4081,331.7602,331.7602,4.000000,4.000000,4.000000,5.000000,5.000000,96.000000,96.000000,96.000000,95.000000,95.000000,5.0,1459.7448,1337.1644,5175.4588,5298.0391,PENDING_AG03,FALSE,NOT_FOR_ENFORCEMENT,6369.7955,110565.8997,6635.2036,6369.7955,265.4081,0.05216136,0.05007491,265.4081,6369.7955,0.05007491,265.4081,265.4081,265.4081,331.7602,331.7602,6369.7955,0.05007491,1459.7448,1337.1644,5175.4588,5298.0391,0.04068586,0.04164951,0.00208645,29.8814,40.3832,2.3265,127.6001,7.3643,2446.2564,54.8462,43.4275,28.3160,5.1431,12.8578,28.9875,66.8604,128.5777,263.3173,7.8995,-2.6176,10.0,20.479237,2.324,28,180,56,8,0.15055597,0.05216136,0.11437665,0E-8,0.000000,0.905409,0.000000,-0.07324236,2026-03-22,2026-08-06,52,901,524,138,0.376812,1.533674,1.453326,0.501853,,,,,,,,GLOBAL_BASELINE_NO_ENTITY_RANKING,,,NOT_APPLICABLE_GLOBAL_BASELINE,HF9g-P5,,,,X 全窗基线 · 不参与实体赏罚,14191647,1420,A168_HF9F_20260827_0900,2026-08-27 09:00:00
2026-06-21,128173484,2266,0,94.6331678967,-16.9079641012,-16.9079641012,0.5000000,6,4,0.43788536418256807,0.395314325000,0.25039824319085663,0.42823399172045257,0.25039824319085663,0.04257103918256807,ELIGIBLE,R03b_20260811_FULL_v1,L1_ELIGIBILITY,v2026-08-11,2026-03-21..2026-08-06,baccarat_bet02_101_all_pairs_incl_sentinel,round_win = game_pnl > 0 (decisive only),COMPATIBILITY_ONLY_NOT_PRODUCTION,127205.3315,115172.8122,6635.2036,4257,2852,-0.05216136,-0.11437665,-0.04113429,-0.05216136,-6635.2036,127205.3315,OK,0.0000,265.4081,4.0000,96.0000,AG03-UNRESOLVED,ALL5_LEVELS_bet23_to_bet27,265.4081,265.4081,265.4081,331.7602,331.7602,4.000000,4.000000,4.000000,5.000000,5.000000,96.000000,96.000000,96.000000,95.000000,95.000000,5.0,1459.7448,1337.1644,5175.4588,5298.0391,PENDING_AG03,FALSE,NOT_FOR_ENFORCEMENT,6369.7955,110565.8997,6635.2036,6369.7955,265.4081,0.05216136,0.05007491,265.4081,6369.7955,0.05007491,265.4081,265.4081,265.4081,331.7602,331.7602,6369.7955,0.05007491,1459.7448,1337.1644,5175.4588,5298.0391,0.04068586,0.04164951,0.00208645,29.8814,40.3832,2.3265,127.6001,7.3643,2446.2564,54.8462,43.4275,28.3160,5.1431,12.8578,28.9875,66.8604,128.5777,263.3173,7.8995,-2.6176,10.0,20.479237,2.324,28,180,56,8,0.15055597,0.05216136,0.11437665,0E-8,0.000000,0.905409,0.000000,-0.07324236,2026-03-22,2026-08-06,52,901,524,138,0.376812,1.533674,1.453326,0.501853,,,,,,,,GLOBAL_BASELINE_NO_ENTITY_RANKING,,,NOT_APPLICABLE_GLOBAL_BASELINE,HF9g-P5,,,,X 全窗基线 · 不参与实体赏罚,14191648,1420,A168_HF9F_20260827_0900,2026-08-27 09:00:00
2026-06-21,128173484,2267,0,20.5724278037,-20.5724278037,-20.5724278037,0E-7,3,1,0.34715963749977381,0.225321300000,-0.7292242701465665,-0.539312289199877,-0.7292242701465665,0.12183833749977381,ELIGIBLE,R03b_20260811_FULL_v1,L1_ELIGIBILITY,v2026-08-11,2026-03-21..2026-08-06,baccarat_bet02_101_all_pairs_incl_sentinel,round_win = game_pnl > 0 (decisive only),COMPATIBILITY_ONLY_NOT_PRODUCTION,127205.3315,115172.8122,6635.2036,4257,2852,-0.05216136,-0.11437665,-0.04113429,-0.05216136,-6635.2036,127205.3315,OK,0.0000,265.4081,4.0000,96.0000,AG03-UNRESOLVED,ALL5_LEVELS_bet23_to_bet27,265.4081,265.4081,265.4081,331.7602,331.7602,4.000000,4.000000,4.000000,5.000000,5.000000,96.000000,96.000000,96.000000,95.000000,95.000000,5.0,1459.7448,1337.1644,5175.4588,5298.0391,PENDING_AG03,FALSE,NOT_FOR_ENFORCEMENT,6369.7955,110565.8997,6635.2036,6369.7955,265.4081,0.05216136,0.05007491,265.4081,6369.7955,0.05007491,265.4081,265.4081,265.4081,331.7602,331.7602,6369.7955,0.05007491,1459.7448,1337.1644,5175.4588,5298.0391,0.04068586,0.04164951,0.00208645,29.8814,40.3832,2.3265,127.6001,7.3643,2446.2564,54.8462,43.4275,28.3160,5.1431,12.8578,28.9875,66.8604,128.5777,263.3173,7.8995,-2.6176,10.0,20.479237,2.324,28,180,56,8,0.15055597,0.05216136,0.11437665,0E-8,0.000000,0.905409,0.000000,-0.07324236,2026-03-22,2026-08-06,52,901,524,138,0.376812,1.533674,1.453326,0.501853,,,,,,,,GLOBAL_BASELINE_NO_ENTITY_RANKING,,,NOT_APPLICABLE_GLOBAL_BASELINE,HF9g-P5,,,,X 全窗基线 · 不参与实体赏罚,14191649,1420,A168_HF9F_20260827_0900,2026-08-27 09:00:00
2026-06-21,128173484,2276,0,306.5291742743,-131.0206495746,-131.0206495746,0.3333333,12,6,0.41189951040790925,0.288442333333,-0.3910117770670871,0.24271708850260088,-0.3910117770670871,0.12345717707490925,ELIGIBLE,R03b_20260811_FULL_v1,L1_ELIGIBILITY,v2026-08-11,2026-03-21..2026-08-06,baccarat_bet02_101_all_pairs_incl_sentinel,round_win = game_pnl > 0 (decisive only),COMPATIBILITY_ONLY_NOT_PRODUCTION,127205.3315,115172.8122,6635.2036,4257,2852,-0.05216136,-0.11437665,-0.04113429,-0.05216136,-6635.2036,127205.3315,OK,0.0000,265.4081,4.0000,96.0000,AG03-UNRESOLVED,ALL5_LEVELS_bet23_to_bet27,265.4081,265.4081,265.4081,331.7602,331.7602,4.000000,4.000000,4.000000,5.000000,5.000000,96.000000,96.000000,96.000000,95.000000,95.000000,5.0,1459.7448,1337.1644,5175.4588,5298.0391,PENDING_AG03,FALSE,NOT_FOR_ENFORCEMENT,6369.7955,110565.8997,6635.2036,6369.7955,265.4081,0.05216136,0.05007491,265.4081,6369.7955,0.05007491,265.4081,265.4081,265.4081,331.7602,331.7602,6369.7955,0.05007491,1459.7448,1337.1644,5175.4588,5298.0391,0.04068586,0.04164951,0.00208645,29.8814,40.3832,2.3265,127.6001,7.3643,2446.2564,54.8462,43.4275,28.3160,5.1431,12.8578,28.9875,66.8604,128.5777,263.3173,7.8995,-2.6176,10.0,20.479237,2.324,28,180,56,8,0.15055597,0.05216136,0.11437665,0E-8,0.000000,0.905409,0.000000,-0.07324236,2026-03-22,2026-08-06,52,901,524,138,0.376812,1.533674,1.453326,0.501853,,,,,,,,GLOBAL_BASELINE_NO_ENTITY_RANKING,,,NOT_APPLICABLE_GLOBAL_BASELINE,HF9g-P5,,,,X 全窗基线 · 不参与实体赏罚,14191650,1420,A168_HF9F_20260827_0900,2026-08-27 09:00:00
2026-06-21,128173484,2281,0,582.9711728859,-337.7735490012,-337.7735490012,0.3076923,25,13,0.43023507653094640,0.329415880769,-0.892398030232835,-0.16664950850637555,-0.892398030232835,0.10081919576194640,ELIGIBLE,R03b_20260811_FULL_v1,L1_ELIGIBILITY,v2026-08-11,2026-03-21..2026-08-06,baccarat_bet02_101_all_pairs_incl_sentinel,round_win = game_pnl > 0 (decisive only),COMPATIBILITY_ONLY_NOT_PRODUCTION,127205.3315,115172.8122,6635.2036,4257,2852,-0.05216136,-0.11437665,-0.04113429,-0.05216136,-6635.2036,127205.3315,OK,0.0000,265.4081,4.0000,96.0000,AG03-UNRESOLVED,ALL5_LEVELS_bet23_to_bet27,265.4081,265.4081,265.4081,331.7602,331.7602,4.000000,4.000000,4.000000,5.000000,5.000000,96.000000,96.000000,96.000000,95.000000,95.000000,5.0,1459.7448,1337.1644,5175.4588,5298.0391,PENDING_AG03,FALSE,NOT_FOR_ENFORCEMENT,6369.7955,110565.8997,6635.2036,6369.7955,265.4081,0.05216136,0.05007491,265.4081,6369.7955,0.05007491,265.4081,265.4081,265.4081,331.7602,331.7602,6369.7955,0.05007491,1459.7448,1337.1644,5175.4588,5298.0391,0.04068586,0.04164951,0.00208645,29.8814,40.3832,2.3265,127.6001,7.3643,2446.2564,54.8462,43.4275,28.3160,5.1431,12.8578,28.9875,66.8604,128.5777,263.3173,7.8995,-2.6176,10.0,20.479237,2.324,28,180,56,8,0.15055597,0.05216136,0.11437665,0E-8,0.000000,0.905409,0.000000,-0.07324236,2026-03-22,2026-08-06,52,901,524,138,0.376812,1.533674,1.453326,0.501853,,,,,,,,GLOBAL_BASELINE_NO_ENTITY_RANKING,,,NOT_APPLICABLE_GLOBAL_BASELINE,HF9g-P5,,,,X 全窗基线 · 不参与实体赏罚,14191651,1420,A168_HF9F_20260827_0900,2026-08-27 09:00:00
2026-06-21,128173484,2287,0,30.0871756628,18.7723403708,18.7723403708,1.0000000,4,2,0.41569023373112389,0.288945025000,1.6766856978955658,2.218497669768318,1.6766856978955658,0.12674520873112389,ELIGIBLE,R03b_20260811_FULL_v1,L1_ELIGIBILITY,v2026-08-11,2026-03-21..2026-08-06,baccarat_bet02_101_all_pairs_incl_sentinel,round_win = game_pnl > 0 (decisive only),COMPATIBILITY_ONLY_NOT_PRODUCTION,127205.3315,115172.8122,6635.2036,4257,2852,-0.05216136,-0.11437665,-0.04113429,-0.05216136,-6635.2036,127205.3315,OK,0.0000,265.4081,4.0000,96.0000,AG03-UNRESOLVED,ALL5_LEVELS_bet23_to_bet27,265.4081,265.4081,265.4081,331.7602,331.7602,4.000000,4.000000,4.000000,5.000000,5.000000,96.000000,96.000000,96.000000,95.000000,95.000000,5.0,1459.7448,1337.1644,5175.4588,5298.0391,PENDING_AG03,FALSE,NOT_FOR_ENFORCEMENT,6369.7955,110565.8997,6635.2036,6369.7955,265.4081,0.05216136,0.05007491,265.4081,6369.7955,0.05007491,265.4081,265.4081,265.4081,331.7602,331.7602,6369.7955,0.05007491,1459.7448,1337.1644,5175.4588,5298.0391,0.04068586,0.04164951,0.00208645,29.8814,40.3832,2.3265,127.6001,7.3643,2446.2564,54.8462,43.4275,28.3160,5.1431,12.8578,28.9875,66.8604,128.5777,263.3173,7.8995,-2.6176,10.0,20.479237,2.324,28,180,56,8,0.15055597,0.05216136,0.11437665,0E-8,0.000000,0.905409,0.000000,-0.07324236,2026-03-22,2026-08-06,52,901,524,138,0.376812,1.533674,1.453326,0.501853,,,,,,,,GLOBAL_BASELINE_NO_ENTITY_RANKING,,,NOT_APPLICABLE_GLOBAL_BASELINE,HF9g-P5,,,,X 全窗基线 · 不参与实体赏罚,14191652,1420,A168_HF9F_20260827_0900,2026-08-27 09:00:00
2026-06-21,128173484,462,0,228.8682593156,-90.0043716411,-90.0043716411,0.3750000,14,8,0.41746755343725745,0.343401381250,-0.24357393479602815,0.1882184060669962,-0.24357393479602815,0.07406617218725745,ELIGIBLE,R03b_20260811_FULL_v1,L1_ELIGIBILITY,v2026-08-11,2026-03-21..2026-08-06,baccarat_bet02_101_all_pairs_incl_sentinel,round_win = game_pnl > 0 (decisive only),COMPATIBILITY_ONLY_NOT_PRODUCTION,127205.3315,115172.8122,6635.2036,4257,2852,-0.05216136,-0.11437665,-0.04113429,-0.05216136,-6635.2036,127205.3315,OK,0.0000,265.4081,4.0000,96.0000,AG03-UNRESOLVED,ALL5_LEVELS_bet23_to_bet27,265.4081,265.4081,265.4081,331.7602,331.7602,4.000000,4.000000,4.000000,5.000000,5.000000,96.000000,96.000000,96.000000,95.000000,95.000000,5.0,1459.7448,1337.1644,5175.4588,5298.0391,PENDING_AG03,FALSE,NOT_FOR_ENFORCEMENT,6369.7955,110565.8997,6635.2036,6369.7955,265.4081,0.05216136,0.05007491,265.4081,6369.7955,0.05007491,265.4081,265.4081,265.4081,331.7602,331.7602,6369.7955,0.05007491,1459.7448,1337.1644,5175.4588,5298.0391,0.04068586,0.04164951,0.00208645,29.8814,40.3832,2.3265,127.6001,7.3643,2446.2564,54.8462,43.4275,28.3160,5.1431,12.8578,28.9875,66.8604,128.5777,263.3173,7.8995,-2.6176,10.0,20.479237,2.324,28,180,56,8,0.15055597,0.05216136,0.11437665,0E-8,0.000000,0.905409,0.000000,-0.07324236,2026-03-22,2026-08-06,52,901,524,138,0.376812,1.533674,1.453326,0.501853,,,,,,,,GLOBAL_BASELINE_NO_ENTITY_RANKING,,,NOT_APPLICABLE_GLOBAL_BASELINE,HF9g-P5,,,,X 全窗基线 · 不参与实体赏罚,14191653,1420,A168_HF9F_20260827_0900,2026-08-27 09:00:00
2026-06-21,128173484,471,0,257.1553475455,-190.2949571836,-190.2949571836,0.3333333,9,6,0.45791478903581383,0.391384516667,-0.612495513479636,-0.2913489004437419,-0.612495513479636,0.06653027236881383,ELIGIBLE,R03b_20260811_FULL_v1,L1_ELIGIBILITY,v2026-08-11,2026-03-21..2026-08-06,baccarat_bet02_101_all_pairs_incl_sentinel,round_win = game_pnl > 0 (decisive only),COMPATIBILITY_ONLY_NOT_PRODUCTION,127205.3315,115172.8122,6635.2036,4257,2852,-0.05216136,-0.11437665,-0.04113429,-0.05216136,-6635.2036,127205.3315,OK,0.0000,265.4081,4.0000,96.0000,AG03-UNRESOLVED,ALL5_LEVELS_bet23_to_bet27,265.4081,265.4081,265.4081,331.7602,331.7602,4.000000,4.000000,4.000000,5.000000,5.000000,96.000000,96.000000,96.000000,95.000000,95.000000,5.0,1459.7448,1337.1644,5175.4588,5298.0391,PENDING_AG03,FALSE,NOT_FOR_ENFORCEMENT,6369.7955,110565.8997,6635.2036,6369.7955,265.4081,0.05216136,0.05007491,265.4081,6369.7955,0.05007491,265.4081,265.4081,265.4081,331.7602,331.7602,6369.7955,0.05007491,1459.7448,1337.1644,5175.4588,5298.0391,0.04068586,0.04164951,0.00208645,29.8814,40.3832,2.3265,127.6001,7.3643,2446.2564,54.8462,43.4275,28.3160,5.1431,12.8578,28.9875,66.8604,128.5777,263.3173,7.8995,-2.6176,10.0,20.479237,2.324,28,180,56,8,0.15055597,0.05216136,0.11437665,0E-8,0.000000,0.905409,0.000000,-0.07324236,2026-03-22,2026-08-06,52,901,524,138,0.376812,1.533674,1.453326,0.501853,,,,,,,,GLOBAL_BASELINE_NO_ENTITY_RANKING,,,NOT_APPLICABLE_GLOBAL_BASELINE,HF9g-P5,,,,X 全窗基线 · 不参与实体赏罚,14191654,1420,A168_HF9F_20260827_0900,2026-08-27 09:00:00
2026-06-21,128173484,529,0,2.5715534755,2.5715534755,2.5715534755,1.0000000,1,1,0.49324550000000000,0.493245500000,1.01360149184955,1.01360149184955,1.01360149184955,0E-17,ELIGIBLE,R03b_20260811_FULL_v1,L1_ELIGIBILITY,v2026-08-11,2026-03-21..2026-08-06,baccarat_bet02_101_all_pairs_incl_sentinel,round_win = game_pnl > 0 (decisive only),COMPATIBILITY_ONLY_NOT_PRODUCTION,127205.3315,115172.8122,6635.2036,4257,2852,-0.05216136,-0.11437665,-0.04113429,-0.05216136,-6635.2036,127205.3315,OK,0.0000,265.4081,4.0000,96.0000,AG03-UNRESOLVED,ALL5_LEVELS_bet23_to_bet27,265.4081,265.4081,265.4081,331.7602,331.7602,4.000000,4.000000,4.000000,5.000000,5.000000,96.000000,96.000000,96.000000,95.000000,95.000000,5.0,1459.7448,1337.1644,5175.4588,5298.0391,PENDING_AG03,FALSE,NOT_FOR_ENFORCEMENT,6369.7955,110565.8997,6635.2036,6369.7955,265.4081,0.05216136,0.05007491,265.4081,6369.7955,0.05007491,265.4081,265.4081,265.4081,331.7602,331.7602,6369.7955,0.05007491,1459.7448,1337.1644,5175.4588,5298.0391,0.04068586,0.04164951,0.00208645,29.8814,40.3832,2.3265,127.6001,7.3643,2446.2564,54.8462,43.4275,28.3160,5.1431,12.8578,28.9875,66.8604,128.5777,263.3173,7.8995,-2.6176,10.0,20.479237,2.324,28,180,56,8,0.15055597,0.05216136,0.11437665,0E-8,0.000000,0.905409,0.000000,-0.07324236,2026-03-22,2026-08-06,52,901,524,138,0.376812,1.533674,1.453326,0.501853,,,,,,,,GLOBAL_BASELINE_NO_ENTITY_RANKING,,,NOT_APPLICABLE_GLOBAL_BASELINE,HF9g-P5,,,,X 全窗基线 · 不参与实体赏罚,14191655,1420,A168_HF9F_20260827_0900,2026-08-27 09:00:00
2026-06-21,128173484,919,0,321.4441844319,136.1637565251,136.1637565251,0.6250000,14,8,0.44373676071416936,0.342997437500,1.0319338193800487,1.6802313312009247,1.0319338193800487,0.10073932321416936,ELIGIBLE,R03b_20260811_FULL_v1,L1_ELIGIBILITY,v2026-08-11,2026-03-21..2026-08-06,baccarat_bet02_101_all_pairs_incl_sentinel,round_win = game_pnl > 0 (decisive only),COMPATIBILITY_ONLY_NOT_PRODUCTION,127205.3315,115172.8122,6635.2036,4257,2852,-0.05216136,-0.11437665,-0.04113429,-0.05216136,-6635.2036,127205.3315,OK,0.0000,265.4081,4.0000,96.0000,AG03-UNRESOLVED,ALL5_LEVELS_bet23_to_bet27,265.4081,265.4081,265.4081,331.7602,331.7602,4.000000,4.000000,4.000000,5.000000,5.000000,96.000000,96.000000,96.000000,95.000000,95.000000,5.0,1459.7448,1337.1644,5175.4588,5298.0391,PENDING_AG03,FALSE,NOT_FOR_ENFORCEMENT,6369.7955,110565.8997,6635.2036,6369.7955,265.4081,0.05216136,0.05007491,265.4081,6369.7955,0.05007491,265.4081,265.4081,265.4081,331.7602,331.7602,6369.7955,0.05007491,1459.7448,1337.1644,5175.4588,5298.0391,0.04068586,0.04164951,0.00208645,29.8814,40.3832,2.3265,127.6001,7.3643,2446.2564,54.8462,43.4275,28.3160,5.1431,12.8578,28.9875,66.8604,128.5777,263.3173,7.8995,-2.6176,10.0,20.479237,2.324,28,180,56,8,0.15055597,0.05216136,0.11437665,0E-8,0.000000,0.905409,0.000000,-0.07324236,2026-03-22,2026-08-06,52,901,524,138,0.376812,1.533674,1.453326,0.501853,,,,,,,,GLOBAL_BASELINE_NO_ENTITY_RANKING,,,NOT_APPLICABLE_GLOBAL_BASELINE,HF9g-P5,,,,X 全窗基线 · 不参与实体赏罚,14191656,1420,A168_HF9F_20260827_0900,2026-08-27 09:00:00
2026-06-21,128173484,948,0,378.0183608918,236.5829197417,236.5829197417,0.6000000,6,5,0.47588036705881191,0.458094590000,0.5557268454211247,0.6368609644217097,0.5557268454211247,0.01778577705881191,ELIGIBLE,R03b_20260811_FULL_v1,L1_ELIGIBILITY,v2026-08-11,2026-03-21..2026-08-06,baccarat_bet02_101_all_pairs_incl_sentinel,round_win = game_pnl > 0 (decisive only),COMPATIBILITY_ONLY_NOT_PRODUCTION,127205.3315,115172.8122,6635.2036,4257,2852,-0.05216136,-0.11437665,-0.04113429,-0.05216136,-6635.2036,127205.3315,OK,0.0000,265.4081,4.0000,96.0000,AG03-UNRESOLVED,ALL5_LEVELS_bet23_to_bet27,265.4081,265.4081,265.4081,331.7602,331.7602,4.000000,4.000000,4.000000,5.000000,5.000000,96.000000,96.000000,96.000000,95.000000,95.000000,5.0,1459.7448,1337.1644,5175.4588,5298.0391,PENDING_AG03,FALSE,NOT_FOR_ENFORCEMENT,6369.7955,110565.8997,6635.2036,6369.7955,265.4081,0.05216136,0.05007491,265.4081,6369.7955,0.05007491,265.4081,265.4081,265.4081,331.7602,331.7602,6369.7955,0.05007491,1459.7448,1337.1644,5175.4588,5298.0391,0.04068586,0.04164951,0.00208645,29.8814,40.3832,2.3265,127.6001,7.3643,2446.2564,54.8462,43.4275,28.3160,5.1431,12.8578,28.9875,66.8604,128.5777,263.3173,7.8995,-2.6176,10.0,20.479237,2.324,28,180,56,8,0.15055597,0.05216136,0.11437665,0E-8,0.000000,0.905409,0.000000,-0.07324236,2026-03-22,2026-08-06,52,901,524,138,0.376812,1.533674,1.453326,0.501853,,,,,,,,GLOBAL_BASELINE_NO_ENTITY_RANKING,,,NOT_APPLICABLE_GLOBAL_BASELINE,HF9g-P5,,,,X 全窗基线 · 不参与实体赏罚,14191657,1420,A168_HF9F_20260827_0900,2026-08-27 09:00:00
2026-06-21,128173484,986,0,337.6449713272,-151.7473705866,-151.7473705866,0.3750000,12,8,0.47275355661987291,0.396150643750,-0.5538004817492308,-0.12231341643128643,-0.5538004817492308,0.07660291286987291,ELIGIBLE,R03b_20260811_FULL_v1,L1_ELIGIBILITY,v2026-08-11,2026-03-21..2026-08-06,baccarat_bet02_101_all_pairs_incl_sentinel,round_win = game_pnl > 0 (decisive only),COMPATIBILITY_ONLY_NOT_PRODUCTION,127205.3315,115172.8122,6635.2036,4257,2852,-0.05216136,-0.11437665,-0.04113429,-0.05216136,-6635.2036,127205.3315,OK,0.0000,265.4081,4.0000,96.0000,AG03-UNRESOLVED,ALL5_LEVELS_bet23_to_bet27,265.4081,265.4081,265.4081,331.7602,331.7602,4.000000,4.000000,4.000000,5.000000,5.000000,96.000000,96.000000,96.000000,95.000000,95.000000,5.0,1459.7448,1337.1644,5175.4588,5298.0391,PENDING_AG03,FALSE,NOT_FOR_ENFORCEMENT,6369.7955,110565.8997,6635.2036,6369.7955,265.4081,0.05216136,0.05007491,265.4081,6369.7955,0.05007491,265.4081,265.4081,265.4081,331.7602,331.7602,6369.7955,0.05007491,1459.7448,1337.1644,5175.4588,5298.0391,0.04068586,0.04164951,0.00208645,29.8814,40.3832,2.3265,127.6001,7.3643,2446.2564,54.8462,43.4275,28.3160,5.1431,12.8578,28.9875,66.8604,128.5777,263.3173,7.8995,-2.6176,10.0,20.479237,2.324,28,180,56,8,0.15055597,0.05216136,0.11437665,0E-8,0.000000,0.905409,0.000000,-0.07324236,2026-03-22,2026-08-06,52,901,524,138,0.376812,1.533674,1.453326,0.501853,,,,,,,,GLOBAL_BASELINE_NO_ENTITY_RANKING,,,NOT_APPLICABLE_GLOBAL_BASELINE,HF9g-P5,,,,X 全窗基线 · 不参与实体赏罚,14191658,1420,A168_HF9F_20260827_0900,2026-08-27 09:00:00
2026-06-21,128173484,994,0,238.1258518274,-72.6463856820,-72.6463856820,0.3000000,17,10,0.42687229230124949,0.381802815000,-0.8111330571865403,-0.5324577765142893,-0.8111330571865403,0.04506947730124949,ELIGIBLE,R03b_20260811_FULL_v1,L1_ELIGIBILITY,v2026-08-11,2026-03-21..2026-08-06,baccarat_bet02_101_all_pairs_incl_sentinel,round_win = game_pnl > 0 (decisive only),COMPATIBILITY_ONLY_NOT_PRODUCTION,127205.3315,115172.8122,6635.2036,4257,2852,-0.05216136,-0.11437665,-0.04113429,-0.05216136,-6635.2036,127205.3315,OK,0.0000,265.4081,4.0000,96.0000,AG03-UNRESOLVED,ALL5_LEVELS_bet23_to_bet27,265.4081,265.4081,265.4081,331.7602,331.7602,4.000000,4.000000,4.000000,5.000000,5.000000,96.000000,96.000000,96.000000,95.000000,95.000000,5.0,1459.7448,1337.1644,5175.4588,5298.0391,PENDING_AG03,FALSE,NOT_FOR_ENFORCEMENT,6369.7955,110565.8997,6635.2036,6369.7955,265.4081,0.05216136,0.05007491,265.4081,6369.7955,0.05007491,265.4081,265.4081,265.4081,331.7602,331.7602,6369.7955,0.05007491,1459.7448,1337.1644,5175.4588,5298.0391,0.04068586,0.04164951,0.00208645,29.8814,40.3832,2.3265,127.6001,7.3643,2446.2564,54.8462,43.4275,28.3160,5.1431,12.8578,28.9875,66.8604,128.5777,263.3173,7.8995,-2.6176,10.0,20.479237,2.324,28,180,56,8,0.15055597,0.05216136,0.11437665,0E-8,0.000000,0.905409,0.000000,-0.07324236,2026-03-22,2026-08-06,52,901,524,138,0.376812,1.533674,1.453326,0.501853,,,,,,,,GLOBAL_BASELINE_NO_ENTITY_RANKING,,,NOT_APPLICABLE_GLOBAL_BASELINE,HF9g-P5,,,,X 全窗基线 · 不参与实体赏罚,14191659,1420,A168_HF9F_20260827_0900,2026-08-27 09:00:00
2026-06-22,128173484,2088,0,10.8005245969,-10.8005245969,-10.8005245969,0E-7,1,1,0.50665070000000000,0.506650700000,-1.013391052207602,-1.013391052207602,-1.013391052207602,0E-17,ELIGIBLE,R03b_20260811_FULL_v1,L1_ELIGIBILITY,v2026-08-11,2026-03-21..2026-08-06,baccarat_bet02_101_all_pairs_incl_sentinel,round_win = game_pnl > 0 (decisive only),COMPATIBILITY_ONLY_NOT_PRODUCTION,127205.3315,115172.8122,6635.2036,4257,2852,-0.05216136,-0.11437665,-0.04113429,-0.05216136,-6635.2036,127205.3315,OK,0.0000,265.4081,4.0000,96.0000,AG03-UNRESOLVED,ALL5_LEVELS_bet23_to_bet27,265.4081,265.4081,265.4081,331.7602,331.7602,4.000000,4.000000,4.000000,5.000000,5.000000,96.000000,96.000000,96.000000,95.000000,95.000000,5.0,1459.7448,1337.1644,5175.4588,5298.0391,PENDING_AG03,FALSE,NOT_FOR_ENFORCEMENT,6369.7955,110565.8997,6635.2036,6369.7955,265.4081,0.05216136,0.05007491,265.4081,6369.7955,0.05007491,265.4081,265.4081,265.4081,331.7602,331.7602,6369.7955,0.05007491,1459.7448,1337.1644,5175.4588,5298.0391,0.04068586,0.04164951,0.00208645,29.8814,40.3832,2.3265,127.6001,7.3643,2446.2564,54.8462,43.4275,28.3160,5.1431,12.8578,28.9875,66.8604,128.5777,263.3173,7.8995,-2.6176,10.0,20.479237,2.324,28,180,56,8,0.15055597,0.05216136,0.11437665,0E-8,0.000000,0.905409,0.000000,-0.07324236,2026-03-22,2026-08-06,52,901,524,138,0.376812,1.533674,1.453326,0.501853,,,,,,,,GLOBAL_BASELINE_NO_ENTITY_RANKING,,,NOT_APPLICABLE_GLOBAL_BASELINE,HF9g-P5,,,,X 全窗基线 · 不参与实体赏罚,14191660,1420,A168_HF9F_20260827_0900,2026-08-27 09:00:00
2026-06-25,128173484,1004,0,72.7749633554,52.5882685730,52.5882685730,1.0000000,2,1,0.45628310318023718,0.290680550000,1.0916143132913088,1.5621148022658344,1.0916143132913088,0.16560255318023718,ELIGIBLE,R03b_20260811_FULL_v1,L1_ELIGIBILITY,v2026-08-11,2026-03-21..2026-08-06,baccarat_bet02_101_all_pairs_incl_sentinel,round_win = game_pnl > 0 (decisive only),COMPATIBILITY_ONLY_NOT_PRODUCTION,127205.3315,115172.8122,6635.2036,4257,2852,-0.05216136,-0.11437665,-0.04113429,-0.05216136,-6635.2036,127205.3315,OK,0.0000,265.4081,4.0000,96.0000,AG03-UNRESOLVED,ALL5_LEVELS_bet23_to_bet27,265.4081,265.4081,265.4081,331.7602,331.7602,4.000000,4.000000,4.000000,5.000000,5.000000,96.000000,96.000000,96.000000,95.000000,95.000000,5.0,1459.7448,1337.1644,5175.4588,5298.0391,PENDING_AG03,FALSE,NOT_FOR_ENFORCEMENT,6369.7955,110565.8997,6635.2036,6369.7955,265.4081,0.05216136,0.05007491,265.4081,6369.7955,0.05007491,265.4081,265.4081,265.4081,331.7602,331.7602,6369.7955,0.05007491,1459.7448,1337.1644,5175.4588,5298.0391,0.04068586,0.04164951,0.00208645,29.8814,40.3832,2.3265,127.6001,7.3643,2446.2564,54.8462,43.4275,28.3160,5.1431,12.8578,28.9875,66.8604,128.5777,263.3173,7.8995,-2.6176,10.0,20.479237,2.324,28,180,56,8,0.15055597,0.05216136,0.11437665,0E-8,0.000000,0.905409,0.000000,-0.07324236,2026-03-22,2026-08-06,52,901,524,138,0.376812,1.533674,1.453326,0.501853,,,,,,,,GLOBAL_BASELINE_NO_ENTITY_RANKING,,,NOT_APPLICABLE_GLOBAL_BASELINE,HF9g-P5,,,,X 全窗基线 · 不参与实体赏罚,14191661,1420,A168_HF9F_20260827_0900,2026-08-27 09:00:00
2026-06-25,128173484,1306,0,1787.2296654406,712.3203127010,712.3203127010,0.5714286,13,9,0.48275224562515814,0.406192888889,0.4695104383144455,0.890151654979938,0.4695104383144455,0.07655935673615814,ELIGIBLE,R03b_20260811_FULL_v1,L1_ELIGIBILITY,v2026-08-11,2026-03-21..2026-08-06,baccarat_bet02_101_all_pairs_incl_sentinel,round_win = game_pnl > 0 (decisive only),COMPATIBILITY_ONLY_NOT_PRODUCTION,127205.3315,115172.8122,6635.2036,4257,2852,-0.05216136,-0.11437665,-0.04113429,-0.05216136,-6635.2036,127205.3315,OK,0.0000,265.4081,4.0000,96.0000,AG03-UNRESOLVED,ALL5_LEVELS_bet23_to_bet27,265.4081,265.4081,265.4081,331.7602,331.7602,4.000000,4.000000,4.000000,5.000000,5.000000,96.000000,96.000000,96.000000,95.000000,95.000000,5.0,1459.7448,1337.1644,5175.4588,5298.0391,PENDING_AG03,FALSE,NOT_FOR_ENFORCEMENT,6369.7955,110565.8997,6635.2036,6369.7955,265.4081,0.05216136,0.05007491,265.4081,6369.7955,0.05007491,265.4081,265.4081,265.4081,331.7602,331.7602,6369.7955,0.05007491,1459.7448,1337.1644,5175.4588,5298.0391,0.04068586,0.04164951,0.00208645,29.8814,40.3832,2.3265,127.6001,7.3643,2446.2564,54.8462,43.4275,28.3160,5.1431,12.8578,28.9875,66.8604,128.5777,263.3173,7.8995,-2.6176,10.0,20.479237,2.324,28,180,56,8,0.15055597,0.05216136,0.11437665,0E-8,0.000000,0.905409,0.000000,-0.07324236,2026-03-22,2026-08-06,52,901,524,138,0.376812,1.533674,1.453326,0.501853,,,,,,,,GLOBAL_BASELINE_NO_ENTITY_RANKING,,,NOT_APPLICABLE_GLOBAL_BASELINE,HF9g-P5,,,,X 全窗基线 · 不参与实体赏罚,14191662,1420,A168_HF9F_20260827_0900,2026-08-27 09:00:00
2026-06-25,128173484,1385,0,540.0262298456,-25.7155347546,-25.7155347546,0.5000000,4,2,0.48137532954542172,0.363747783334,0.05271510725664615,0.4005380161012808,0.05271510725664615,0.11762754621142172,ELIGIBLE,R03b_20260811_FULL_v1,L1_ELIGIBILITY,v2026-08-11,2026-03-21..2026-08-06,baccarat_bet02_101_all_pairs_incl_sentinel,round_win = game_pnl > 0 (decisive only),COMPATIBILITY_ONLY_NOT_PRODUCTION,127205.3315,115172.8122,6635.2036,4257,2852,-0.05216136,-0.11437665,-0.04113429,-0.05216136,-6635.2036,127205.3315,OK,0.0000,265.4081,4.0000,96.0000,AG03-UNRESOLVED,ALL5_LEVELS_bet23_to_bet27,265.4081,265.4081,265.4081,331.7602,331.7602,4.000000,4.000000,4.000000,5.000000,5.000000,96.000000,96.000000,96.000000,95.000000,95.000000,5.0,1459.7448,1337.1644,5175.4588,5298.0391,PENDING_AG03,FALSE,NOT_FOR_ENFORCEMENT,6369.7955,110565.8997,6635.2036,6369.7955,265.4081,0.05216136,0.05007491,265.4081,6369.7955,0.05007491,265.4081,265.4081,265.4081,331.7602,331.7602,6369.7955,0.05007491,1459.7448,1337.1644,5175.4588,5298.0391,0.04068586,0.04164951,0.00208645,29.8814,40.3832,2.3265,127.6001,7.3643,2446.2564,54.8462,43.4275,28.3160,5.1431,12.8578,28.9875,66.8604,128.5777,263.3173,7.8995,-2.6176,10.0,20.479237,2.324,28,180,56,8,0.15055597,0.05216136,0.11437665,0E-8,0.000000,0.905409,0.000000,-0.07324236,2026-03-22,2026-08-06,52,901,524,138,0.376812,1.533674,1.453326,0.501853,,,,,,,,GLOBAL_BASELINE_NO_ENTITY_RANKING,,,NOT_APPLICABLE_GLOBAL_BASELINE,HF9g-P5,,,,X 全窗基线 · 不参与实体赏罚,14191663,1420,A168_HF9F_20260827_0900,2026-08-27 09:00:00
2026-06-25,128173484,1399,0,127.8062077301,-127.8062077301,-127.8062077301,0E-7,5,3,0.46455725323316183,0.360432383333,-1.6133319331780196,-1.3002572864996143,-1.6133319331780196,0.10412486990016183,ELIGIBLE,R03b_20260811_FULL_v1,L1_ELIGIBILITY,v2026-08-11,2026-03-21..2026-08-06,baccarat_bet02_101_all_pairs_incl_sentinel,round_win = game_pnl > 0 (decisive only),COMPATIBILITY_ONLY_NOT_PRODUCTION,127205.3315,115172.8122,6635.2036,4257,2852,-0.05216136,-0.11437665,-0.04113429,-0.05216136,-6635.2036,127205.3315,OK,0.0000,265.4081,4.0000,96.0000,AG03-UNRESOLVED,ALL5_LEVELS_bet23_to_bet27,265.4081,265.4081,265.4081,331.7602,331.7602,4.000000,4.000000,4.000000,5.000000,5.000000,96.000000,96.000000,96.000000,95.000000,95.000000,5.0,1459.7448,1337.1644,5175.4588,5298.0391,PENDING_AG03,FALSE,NOT_FOR_ENFORCEMENT,6369.7955,110565.8997,6635.2036,6369.7955,265.4081,0.05216136,0.05007491,265.4081,6369.7955,0.05007491,265.4081,265.4081,265.4081,331.7602,331.7602,6369.7955,0.05007491,1459.7448,1337.1644,5175.4588,5298.0391,0.04068586,0.04164951,0.00208645,29.8814,40.3832,2.3265,127.6001,7.3643,2446.2564,54.8462,43.4275,28.3160,5.1431,12.8578,28.9875,66.8604,128.5777,263.3173,7.8995,-2.6176,10.0,20.479237,2.324,28,180,56,8,0.15055597,0.05216136,0.11437665,0E-8,0.000000,0.905409,0.000000,-0.07324236,2026-03-22,2026-08-06,52,901,524,138,0.376812,1.533674,1.453326,0.501853,,,,,,,,GLOBAL_BASELINE_NO_ENTITY_RANKING,,,NOT_APPLICABLE_GLOBAL_BASELINE,HF9g-P5,,,,X 全窗基线 · 不参与实体赏罚,14191664,1420,A168_HF9F_20260827_0900,2026-08-27 09:00:00
2026-06-25,128173484,1405,0,300.8717566283,27.6441998610,27.6441998610,0.7500000,9,4,0.42806806863627983,0.277638187500,1.301264140804805,2.1095401048330693,1.301264140804805,0.15042988113627983,ELIGIBLE,R03b_20260811_FULL_v1,L1_ELIGIBILITY,v2026-08-11,2026-03-21..2026-08-06,baccarat_bet02_101_all_pairs_incl_sentinel,round_win = game_pnl > 0 (decisive only),COMPATIBILITY_ONLY_NOT_PRODUCTION,127205.3315,115172.8122,6635.2036,4257,2852,-0.05216136,-0.11437665,-0.04113429,-0.05216136,-6635.2036,127205.3315,OK,0.0000,265.4081,4.0000,96.0000,AG03-UNRESOLVED,ALL5_LEVELS_bet23_to_bet27,265.4081,265.4081,265.4081,331.7602,331.7602,4.000000,4.000000,4.000000,5.000000,5.000000,96.000000,96.000000,96.000000,95.000000,95.000000,5.0,1459.7448,1337.1644,5175.4588,5298.0391,PENDING_AG03,FALSE,NOT_FOR_ENFORCEMENT,6369.7955,110565.8997,6635.2036,6369.7955,265.4081,0.05216136,0.05007491,265.4081,6369.7955,0.05007491,265.4081,265.4081,265.4081,331.7602,331.7602,6369.7955,0.05007491,1459.7448,1337.1644,5175.4588,5298.0391,0.04068586,0.04164951,0.00208645,29.8814,40.3832,2.3265,127.6001,7.3643,2446.2564,54.8462,43.4275,28.3160,5.1431,12.8578,28.9875,66.8604,128.5777,263.3173,7.8995,-2.6176,10.0,20.479237,2.324,28,180,56,8,0.15055597,0.05216136,0.11437665,0E-8,0.000000,0.905409,0.000000,-0.07324236,2026-03-22,2026-08-06,52,901,524,138,0.376812,1.533674,1.453326,0.501853,,,,,,,,GLOBAL_BASELINE_NO_ENTITY_RANKING,,,NOT_APPLICABLE_GLOBAL_BASELINE,HF9g-P5,,,,X 全窗基线 · 不参与实体赏罚,14191665,1420,A168_HF9F_20260827_0900,2026-08-27 09:00:00
2026-06-25,128173484,1654,0,51.4310695091,48.8595160336,48.8595160336,1.0000000,1,1,0.50665070000000000,0.506650700000,0.9867858985152569,0.9867858985152569,0.9867858985152569,0E-17,ELIGIBLE,R03b_20260811_FULL_v1,L1_ELIGIBILITY,v2026-08-11,2026-03-21..2026-08-06,baccarat_bet02_101_all_pairs_incl_sentinel,round_win = game_pnl > 0 (decisive only),COMPATIBILITY_ONLY_NOT_PRODUCTION,127205.3315,115172.8122,6635.2036,4257,2852,-0.05216136,-0.11437665,-0.04113429,-0.05216136,-6635.2036,127205.3315,OK,0.0000,265.4081,4.0000,96.0000,AG03-UNRESOLVED,ALL5_LEVELS_bet23_to_bet27,265.4081,265.4081,265.4081,331.7602,331.7602,4.000000,4.000000,4.000000,5.000000,5.000000,96.000000,96.000000,96.000000,95.000000,95.000000,5.0,1459.7448,1337.1644,5175.4588,5298.0391,PENDING_AG03,FALSE,NOT_FOR_ENFORCEMENT,6369.7955,110565.8997,6635.2036,6369.7955,265.4081,0.05216136,0.05007491,265.4081,6369.7955,0.05007491,265.4081,265.4081,265.4081,331.7602,331.7602,6369.7955,0.05007491,1459.7448,1337.1644,5175.4588,5298.0391,0.04068586,0.04164951,0.00208645,29.8814,40.3832,2.3265,127.6001,7.3643,2446.2564,54.8462,43.4275,28.3160,5.1431,12.8578,28.9875,66.8604,128.5777,263.3173,7.8995,-2.6176,10.0,20.479237,2.324,28,180,56,8,0.15055597,0.05216136,0.11437665,0E-8,0.000000,0.905409,0.000000,-0.07324236,2026-03-22,2026-08-06,52,901,524,138,0.376812,1.533674,1.453326,0.501853,,,,,,,,GLOBAL_BASELINE_NO_ENTITY_RANKING,,,NOT_APPLICABLE_GLOBAL_BASELINE,HF9g-P5,,,,X 全窗基线 · 不参与实体赏罚,14191666,1420,A168_HF9F_20260827_0900,2026-08-27 09:00:00
2026-06-25,128173484,1702,0,630.0306014863,488.5951603363,488.5951603363,1.0000000,6,4,0.49087600833331267,0.447631212500,2.036835116640536,2.2216947050177374,2.036835116640536,0.04324479583331267,ELIGIBLE,R03b_20260811_FULL_v1,L1_ELIGIBILITY,v2026-08-11,2026-03-21..2026-08-06,baccarat_bet02_101_all_pairs_incl_sentinel,round_win = game_pnl > 0 (decisive only),COMPATIBILITY_ONLY_NOT_PRODUCTION,127205.3315,115172.8122,6635.2036,4257,2852,-0.05216136,-0.11437665,-0.04113429,-0.05216136,-6635.2036,127205.3315,OK,0.0000,265.4081,4.0000,96.0000,AG03-UNRESOLVED,ALL5_LEVELS_bet23_to_bet27,265.4081,265.4081,265.4081,331.7602,331.7602,4.000000,4.000000,4.000000,5.000000,5.000000,96.000000,96.000000,96.000000,95.000000,95.000000,5.0,1459.7448,1337.1644,5175.4588,5298.0391,PENDING_AG03,FALSE,NOT_FOR_ENFORCEMENT,6369.7955,110565.8997,6635.2036,6369.7955,265.4081,0.05216136,0.05007491,265.4081,6369.7955,0.05007491,265.4081,265.4081,265.4081,331.7602,331.7602,6369.7955,0.05007491,1459.7448,1337.1644,5175.4588,5298.0391,0.04068586,0.04164951,0.00208645,29.8814,40.3832,2.3265,127.6001,7.3643,2446.2564,54.8462,43.4275,28.3160,5.1431,12.8578,28.9875,66.8604,128.5777,263.3173,7.8995,-2.6176,10.0,20.479237,2.324,28,180,56,8,0.15055597,0.05216136,0.11437665,0E-8,0.000000,0.905409,0.000000,-0.07324236,2026-03-22,2026-08-06,52,901,524,138,0.376812,1.533674,1.453326,0.501853,,,,,,,,GLOBAL_BASELINE_NO_ENTITY_RANKING,,,NOT_APPLICABLE_GLOBAL_BASELINE,HF9g-P5,,,,X 全窗基线 · 不参与实体赏罚,14191667,1420,A168_HF9F_20260827_0900,2026-08-27 09:00:00
2026-06-25,128173484,1704,0,1748.6563633091,-1240.7745519069,-1240.7745519069,0.2857143,11,7,0.47179275019967206,0.383204971429,-0.9862052797593936,-0.5305497881371227,-0.9862052797593936,0.08858777877067206,ELIGIBLE,R03b_20260811_FULL_v1,L1_ELIGIBILITY,v2026-08-11,2026-03-21..2026-08-06,baccarat_bet02_101_all_pairs_incl_sentinel,round_win = game_pnl > 0 (decisive only),COMPATIBILITY_ONLY_NOT_PRODUCTION,127205.3315,115172.8122,6635.2036,4257,2852,-0.05216136,-0.11437665,-0.04113429,-0.05216136,-6635.2036,127205.3315,OK,0.0000,265.4081,4.0000,96.0000,AG03-UNRESOLVED,ALL5_LEVELS_bet23_to_bet27,265.4081,265.4081,265.4081,331.7602,331.7602,4.000000,4.000000,4.000000,5.000000,5.000000,96.000000,96.000000,96.000000,95.000000,95.000000,5.0,1459.7448,1337.1644,5175.4588,5298.0391,PENDING_AG03,FALSE,NOT_FOR_ENFORCEMENT,6369.7955,110565.8997,6635.2036,6369.7955,265.4081,0.05216136,0.05007491,265.4081,6369.7955,0.05007491,265.4081,265.4081,265.4081,331.7602,331.7602,6369.7955,0.05007491,1459.7448,1337.1644,5175.4588,5298.0391,0.04068586,0.04164951,0.00208645,29.8814,40.3832,2.3265,127.6001,7.3643,2446.2564,54.8462,43.4275,28.3160,5.1431,12.8578,28.9875,66.8604,128.5777,263.3173,7.8995,-2.6176,10.0,20.479237,2.324,28,180,56,8,0.15055597,0.05216136,0.11437665,0E-8,0.000000,0.905409,0.000000,-0.07324236,2026-03-22,2026-08-06,52,901,524,138,0.376812,1.533674,1.453326,0.501853,,,,,,,,GLOBAL_BASELINE_NO_ENTITY_RANKING,,,NOT_APPLICABLE_GLOBAL_BASELINE,HF9g-P5,,,,X 全窗基线 · 不参与实体赏罚,14191668,1420,A168_HF9F_20260827_0900,2026-08-27 09:00:00
2026-06-25,128173484,1996,0,213.4389384628,-213.4389384628,-213.4389384628,0E-7,5,2,0.42708739999983178,0.258000925000,-1.221038029789159,-0.8339191507287994,-1.221038029789159,0.16908647499983178,ELIGIBLE,R03b_20260811_FULL_v1,L1_ELIGIBILITY,v2026-08-11,2026-03-21..2026-08-06,baccarat_bet02_101_all_pairs_incl_sentinel,round_win = game_pnl > 0 (decisive only),COMPATIBILITY_ONLY_NOT_PRODUCTION,127205.3315,115172.8122,6635.2036,4257,2852,-0.05216136,-0.11437665,-0.04113429,-0.05216136,-6635.2036,127205.3315,OK,0.0000,265.4081,4.0000,96.0000,AG03-UNRESOLVED,ALL5_LEVELS_bet23_to_bet27,265.4081,265.4081,265.4081,331.7602,331.7602,4.000000,4.000000,4.000000,5.000000,5.000000,96.000000,96.000000,96.000000,95.000000,95.000000,5.0,1459.7448,1337.1644,5175.4588,5298.0391,PENDING_AG03,FALSE,NOT_FOR_ENFORCEMENT,6369.7955,110565.8997,6635.2036,6369.7955,265.4081,0.05216136,0.05007491,265.4081,6369.7955,0.05007491,265.4081,265.4081,265.4081,331.7602,331.7602,6369.7955,0.05007491,1459.7448,1337.1644,5175.4588,5298.0391,0.04068586,0.04164951,0.00208645,29.8814,40.3832,2.3265,127.6001,7.3643,2446.2564,54.8462,43.4275,28.3160,5.1431,12.8578,28.9875,66.8604,128.5777,263.3173,7.8995,-2.6176,10.0,20.479237,2.324,28,180,56,8,0.15055597,0.05216136,0.11437665,0E-8,0.000000,0.905409,0.000000,-0.07324236,2026-03-22,2026-08-06,52,901,524,138,0.376812,1.533674,1.453326,0.501853,,,,,,,,GLOBAL_BASELINE_NO_ENTITY_RANKING,,,NOT_APPLICABLE_GLOBAL_BASELINE,HF9g-P5,,,,X 全窗基线 · 不参与实体赏罚,14191669,1420,A168_HF9F_20260827_0900,2026-08-27 09:00:00
2026-06-25,128173484,2093,0,674.0041659166,-316.5582328285,-316.5582328285,0.3333333,10,6,0.46240071484909870,0.358202200000,-0.6340938408932407,-0.1270481608614872,-0.6340938408932407,0.10419851484909870,ELIGIBLE,R03b_20260811_FULL_v1,L1_ELIGIBILITY,v2026-08-11,2026-03-21..2026-08-06,baccarat_bet02_101_all_pairs_incl_sentinel,round_win = game_pnl > 0 (decisive only),COMPATIBILITY_ONLY_NOT_PRODUCTION,127205.3315,115172.8122,6635.2036,4257,2852,-0.05216136,-0.11437665,-0.04113429,-0.05216136,-6635.2036,127205.3315,OK,0.0000,265.4081,4.0000,96.0000,AG03-UNRESOLVED,ALL5_LEVELS_bet23_to_bet27,265.4081,265.4081,265.4081,331.7602,331.7602,4.000000,4.000000,4.000000,5.000000,5.000000,96.000000,96.000000,96.000000,95.000000,95.000000,5.0,1459.7448,1337.1644,5175.4588,5298.0391,PENDING_AG03,FALSE,NOT_FOR_ENFORCEMENT,6369.7955,110565.8997,6635.2036,6369.7955,265.4081,0.05216136,0.05007491,265.4081,6369.7955,0.05007491,265.4081,265.4081,265.4081,331.7602,331.7602,6369.7955,0.05007491,1459.7448,1337.1644,5175.4588,5298.0391,0.04068586,0.04164951,0.00208645,29.8814,40.3832,2.3265,127.6001,7.3643,2446.2564,54.8462,43.4275,28.3160,5.1431,12.8578,28.9875,66.8604,128.5777,263.3173,7.8995,-2.6176,10.0,20.479237,2.324,28,180,56,8,0.15055597,0.05216136,0.11437665,0E-8,0.000000,0.905409,0.000000,-0.07324236,2026-03-22,2026-08-06,52,901,524,138,0.376812,1.533674,1.453326,0.501853,,,,,,,,GLOBAL_BASELINE_NO_ENTITY_RANKING,,,NOT_APPLICABLE_GLOBAL_BASELINE,HF9g-P5,,,,X 全窗基线 · 不参与实体赏罚,14191670,1420,A168_HF9F_20260827_0900,2026-08-27 09:00:00
2026-06-25,128173484,2106,0,282.8708822999,-154.2932085272,-154.2932085272,0E-7,3,3,0.50218230000000000,0.502182300000,-1.4203995680682369,-1.4203995680682369,-1.4203995680682369,0E-17,ELIGIBLE,R03b_20260811_FULL_v1,L1_ELIGIBILITY,v2026-08-11,2026-03-21..2026-08-06,baccarat_bet02_101_all_pairs_incl_sentinel,round_win = game_pnl > 0 (decisive only),COMPATIBILITY_ONLY_NOT_PRODUCTION,127205.3315,115172.8122,6635.2036,4257,2852,-0.05216136,-0.11437665,-0.04113429,-0.05216136,-6635.2036,127205.3315,OK,0.0000,265.4081,4.0000,96.0000,AG03-UNRESOLVED,ALL5_LEVELS_bet23_to_bet27,265.4081,265.4081,265.4081,331.7602,331.7602,4.000000,4.000000,4.000000,5.000000,5.000000,96.000000,96.000000,96.000000,95.000000,95.000000,5.0,1459.7448,1337.1644,5175.4588,5298.0391,PENDING_AG03,FALSE,NOT_FOR_ENFORCEMENT,6369.7955,110565.8997,6635.2036,6369.7955,265.4081,0.05216136,0.05007491,265.4081,6369.7955,0.05007491,265.4081,265.4081,265.4081,331.7602,331.7602,6369.7955,0.05007491,1459.7448,1337.1644,5175.4588,5298.0391,0.04068586,0.04164951,0.00208645,29.8814,40.3832,2.3265,127.6001,7.3643,2446.2564,54.8462,43.4275,28.3160,5.1431,12.8578,28.9875,66.8604,128.5777,263.3173,7.8995,-2.6176,10.0,20.479237,2.324,28,180,56,8,0.15055597,0.05216136,0.11437665,0E-8,0.000000,0.905409,0.000000,-0.07324236,2026-03-22,2026-08-06,52,901,524,138,0.376812,1.533674,1.453326,0.501853,,,,,,,,GLOBAL_BASELINE_NO_ENTITY_RANKING,,,NOT_APPLICABLE_GLOBAL_BASELINE,HF9g-P5,,,,X 全窗基线 · 不参与实体赏罚,14191671,1420,A168_HF9F_20260827_0900,2026-08-27 09:00:00
2026-06-25,128173484,2129,0,771.4660426364,-771.4660426364,-771.4660426364,0E-7,1,1,0.50665070000000000,0.506650700000,-1.013391052207602,-1.013391052207602,-1.013391052207602,0E-17,ELIGIBLE,R03b_20260811_FULL_v1,L1_ELIGIBILITY,v2026-08-11,2026-03-21..2026-08-06,baccarat_bet02_101_all_pairs_incl_sentinel,round_win = game_pnl > 0 (decisive only),COMPATIBILITY_ONLY_NOT_PRODUCTION,127205.3315,115172.8122,6635.2036,4257,2852,-0.05216136,-0.11437665,-0.04113429,-0.05216136,-6635.2036,127205.3315,OK,0.0000,265.4081,4.0000,96.0000,AG03-UNRESOLVED,ALL5_LEVELS_bet23_to_bet27,265.4081,265.4081,265.4081,331.7602,331.7602,4.000000,4.000000,4.000000,5.000000,5.000000,96.000000,96.000000,96.000000,95.000000,95.000000,5.0,1459.7448,1337.1644,5175.4588,5298.0391,PENDING_AG03,FALSE,NOT_FOR_ENFORCEMENT,6369.7955,110565.8997,6635.2036,6369.7955,265.4081,0.05216136,0.05007491,265.4081,6369.7955,0.05007491,265.4081,265.4081,265.4081,331.7602,331.7602,6369.7955,0.05007491,1459.7448,1337.1644,5175.4588,5298.0391,0.04068586,0.04164951,0.00208645,29.8814,40.3832,2.3265,127.6001,7.3643,2446.2564,54.8462,43.4275,28.3160,5.1431,12.8578,28.9875,66.8604,128.5777,263.3173,7.8995,-2.6176,10.0,20.479237,2.324,28,180,56,8,0.15055597,0.05216136,0.11437665,0E-8,0.000000,0.905409,0.000000,-0.07324236,2026-03-22,2026-08-06,52,901,524,138,0.376812,1.533674,1.453326,0.501853,,,,,,,,GLOBAL_BASELINE_NO_ENTITY_RANKING,,,NOT_APPLICABLE_GLOBAL_BASELINE,HF9g-P5,,,,X 全窗基线 · 不参与实体赏罚,14191672,1420,A168_HF9F_20260827_0900,2026-08-27 09:00:00
2026-06-25,128173484,2134,0,43.7164090827,31.5015300743,31.5015300743,1.0000000,2,1,0.45583419411770518,0.290680550000,1.0926024598175188,1.5621148022658344,1.0926024598175188,0.16515364411770518,ELIGIBLE,R03b_20260811_FULL_v1,L1_ELIGIBILITY,v2026-08-11,2026-03-21..2026-08-06,baccarat_bet02_101_all_pairs_incl_sentinel,round_win = game_pnl > 0 (decisive only),COMPATIBILITY_ONLY_NOT_PRODUCTION,127205.3315,115172.8122,6635.2036,4257,2852,-0.05216136,-0.11437665,-0.04113429,-0.05216136,-6635.2036,127205.3315,OK,0.0000,265.4081,4.0000,96.0000,AG03-UNRESOLVED,ALL5_LEVELS_bet23_to_bet27,265.4081,265.4081,265.4081,331.7602,331.7602,4.000000,4.000000,4.000000,5.000000,5.000000,96.000000,96.000000,96.000000,95.000000,95.000000,5.0,1459.7448,1337.1644,5175.4588,5298.0391,PENDING_AG03,FALSE,NOT_FOR_ENFORCEMENT,6369.7955,110565.8997,6635.2036,6369.7955,265.4081,0.05216136,0.05007491,265.4081,6369.7955,0.05007491,265.4081,265.4081,265.4081,331.7602,331.7602,6369.7955,0.05007491,1459.7448,1337.1644,5175.4588,5298.0391,0.04068586,0.04164951,0.00208645,29.8814,40.3832,2.3265,127.6001,7.3643,2446.2564,54.8462,43.4275,28.3160,5.1431,12.8578,28.9875,66.8604,128.5777,263.3173,7.8995,-2.6176,10.0,20.479237,2.324,28,180,56,8,0.15055597,0.05216136,0.11437665,0E-8,0.000000,0.905409,0.000000,-0.07324236,2026-03-22,2026-08-06,52,901,524,138,0.376812,1.533674,1.453326,0.501853,,,,,,,,GLOBAL_BASELINE_NO_ENTITY_RANKING,,,NOT_APPLICABLE_GLOBAL_BASELINE,HF9g-P5,,,,X 全窗基线 · 不参与实体赏罚,14191673,1420,A168_HF9F_20260827_0900,2026-08-27 09:00:00
2026-06-25,128173484,2145,0,534.8831228946,317.5868542186,317.5868542186,0.6666667,5,3,0.47887193070646296,0.362670600000,0.6511216231627985,1.095192446695963,0.6511216231627985,0.11620133070646296,ELIGIBLE,R03b_20260811_FULL_v1,L1_ELIGIBILITY,v2026-08-11,2026-03-21..2026-08-06,baccarat_bet02_101_all_pairs_incl_sentinel,round_win = game_pnl > 0 (decisive only),COMPATIBILITY_ONLY_NOT_PRODUCTION,127205.3315,115172.8122,6635.2036,4257,2852,-0.05216136,-0.11437665,-0.04113429,-0.05216136,-6635.2036,127205.3315,OK,0.0000,265.4081,4.0000,96.0000,AG03-UNRESOLVED,ALL5_LEVELS_bet23_to_bet27,265.4081,265.4081,265.4081,331.7602,331.7602,4.000000,4.000000,4.000000,5.000000,5.000000,96.000000,96.000000,96.000000,95.000000,95.000000,5.0,1459.7448,1337.1644,5175.4588,5298.0391,PENDING_AG03,FALSE,NOT_FOR_ENFORCEMENT,6369.7955,110565.8997,6635.2036,6369.7955,265.4081,0.05216136,0.05007491,265.4081,6369.7955,0.05007491,265.4081,265.4081,265.4081,331.7602,331.7602,6369.7955,0.05007491,1459.7448,1337.1644,5175.4588,5298.0391,0.04068586,0.04164951,0.00208645,29.8814,40.3832,2.3265,127.6001,7.3643,2446.2564,54.8462,43.4275,28.3160,5.1431,12.8578,28.9875,66.8604,128.5777,263.3173,7.8995,-2.6176,10.0,20.479237,2.324,28,180,56,8,0.15055597,0.05216136,0.11437665,0E-8,0.000000,0.905409,0.000000,-0.07324236,2026-03-22,2026-08-06,52,901,524,138,0.376812,1.533674,1.453326,0.501853,,,,,,,,GLOBAL_BASELINE_NO_ENTITY_RANKING,,,NOT_APPLICABLE_GLOBAL_BASELINE,HF9g-P5,,,,X 全窗基线 · 不参与实体赏罚,14191674,1420,A168_HF9F_20260827_0900,2026-08-27 09:00:00
2026-06-25,128173484,2153,0,565.7417645999,87.4328181655,87.4328181655,0.6666667,7,7,0.50473567142857143,0.504735671429,0.7933322080094374,0.7933322080073443,0.7933322080094374,-4.2857E-13,ELIGIBLE,R03b_20260811_FULL_v1,L1_ELIGIBILITY,v2026-08-11,2026-03-21..2026-08-06,baccarat_bet02_101_all_pairs_incl_sentinel,round_win = game_pnl > 0 (decisive only),COMPATIBILITY_ONLY_NOT_PRODUCTION,127205.3315,115172.8122,6635.2036,4257,2852,-0.05216136,-0.11437665,-0.04113429,-0.05216136,-6635.2036,127205.3315,OK,0.0000,265.4081,4.0000,96.0000,AG03-UNRESOLVED,ALL5_LEVELS_bet23_to_bet27,265.4081,265.4081,265.4081,331.7602,331.7602,4.000000,4.000000,4.000000,5.000000,5.000000,96.000000,96.000000,96.000000,95.000000,95.000000,5.0,1459.7448,1337.1644,5175.4588,5298.0391,PENDING_AG03,FALSE,NOT_FOR_ENFORCEMENT,6369.7955,110565.8997,6635.2036,6369.7955,265.4081,0.05216136,0.05007491,265.4081,6369.7955,0.05007491,265.4081,265.4081,265.4081,331.7602,331.7602,6369.7955,0.05007491,1459.7448,1337.1644,5175.4588,5298.0391,0.04068586,0.04164951,0.00208645,29.8814,40.3832,2.3265,127.6001,7.3643,2446.2564,54.8462,43.4275,28.3160,5.1431,12.8578,28.9875,66.8604,128.5777,263.3173,7.8995,-2.6176,10.0,20.479237,2.324,28,180,56,8,0.15055597,0.05216136,0.11437665,0E-8,0.000000,0.905409,0.000000,-0.07324236,2026-03-22,2026-08-06,52,901,524,138,0.376812,1.533674,1.453326,0.501853,,,,,,,,GLOBAL_BASELINE_NO_ENTITY_RANKING,,,NOT_APPLICABLE_GLOBAL_BASELINE,HF9g-P5,,,,X 全窗基线 · 不参与实体赏罚,14191675,1420,A168_HF9F_20260827_0900,2026-08-27 09:00:00
2026-06-25,128173484,2188,0,64.2888368863,-64.2888368863,-64.2888368863,0E-7,5,2,0.41599399358950885,0.254643600000,-1.1935754321278302,-0.8266075888838049,-1.1935754321278302,0.16135039358950885,ELIGIBLE,R03b_20260811_FULL_v1,L1_ELIGIBILITY,v2026-08-11,2026-03-21..2026-08-06,baccarat_bet02_101_all_pairs_incl_sentinel,round_win = game_pnl > 0 (decisive only),COMPATIBILITY_ONLY_NOT_PRODUCTION,127205.3315,115172.8122,6635.2036,4257,2852,-0.05216136,-0.11437665,-0.04113429,-0.05216136,-6635.2036,127205.3315,OK,0.0000,265.4081,4.0000,96.0000,AG03-UNRESOLVED,ALL5_LEVELS_bet23_to_bet27,265.4081,265.4081,265.4081,331.7602,331.7602,4.000000,4.000000,4.000000,5.000000,5.000000,96.000000,96.000000,96.000000,95.000000,95.000000,5.0,1459.7448,1337.1644,5175.4588,5298.0391,PENDING_AG03,FALSE,NOT_FOR_ENFORCEMENT,6369.7955,110565.8997,6635.2036,6369.7955,265.4081,0.05216136,0.05007491,265.4081,6369.7955,0.05007491,265.4081,265.4081,265.4081,331.7602,331.7602,6369.7955,0.05007491,1459.7448,1337.1644,5175.4588,5298.0391,0.04068586,0.04164951,0.00208645,29.8814,40.3832,2.3265,127.6001,7.3643,2446.2564,54.8462,43.4275,28.3160,5.1431,12.8578,28.9875,66.8604,128.5777,263.3173,7.8995,-2.6176,10.0,20.479237,2.324,28,180,56,8,0.15055597,0.05216136,0.11437665,0E-8,0.000000,0.905409,0.000000,-0.07324236,2026-03-22,2026-08-06,52,901,524,138,0.376812,1.533674,1.453326,0.501853,,,,,,,,GLOBAL_BASELINE_NO_ENTITY_RANKING,,,NOT_APPLICABLE_GLOBAL_BASELINE,HF9g-P5,,,,X 全窗基线 · 不参与实体赏罚,14191676,1420,A168_HF9F_20260827_0900,2026-08-27 09:00:00
2026-06-25,128173484,2246,0,411.4485560728,-411.4485560728,-411.4485560728,0E-7,4,2,0.47673275714279646,0.290680550000,-1.349866193158213,-0.9053198653016986,-1.349866193158213,0.18605220714279646,ELIGIBLE,R03b_20260811_FULL_v1,L1_ELIGIBILITY,v2026-08-11,2026-03-21..2026-08-06,baccarat_bet02_101_all_pairs_incl_sentinel,round_win = game_pnl > 0 (decisive only),COMPATIBILITY_ONLY_NOT_PRODUCTION,127205.3315,115172.8122,6635.2036,4257,2852,-0.05216136,-0.11437665,-0.04113429,-0.05216136,-6635.2036,127205.3315,OK,0.0000,265.4081,4.0000,96.0000,AG03-UNRESOLVED,ALL5_LEVELS_bet23_to_bet27,265.4081,265.4081,265.4081,331.7602,331.7602,4.000000,4.000000,4.000000,5.000000,5.000000,96.000000,96.000000,96.000000,95.000000,95.000000,5.0,1459.7448,1337.1644,5175.4588,5298.0391,PENDING_AG03,FALSE,NOT_FOR_ENFORCEMENT,6369.7955,110565.8997,6635.2036,6369.7955,265.4081,0.05216136,0.05007491,265.4081,6369.7955,0.05007491,265.4081,265.4081,265.4081,331.7602,331.7602,6369.7955,0.05007491,1459.7448,1337.1644,5175.4588,5298.0391,0.04068586,0.04164951,0.00208645,29.8814,40.3832,2.3265,127.6001,7.3643,2446.2564,54.8462,43.4275,28.3160,5.1431,12.8578,28.9875,66.8604,128.5777,263.3173,7.8995,-2.6176,10.0,20.479237,2.324,28,180,56,8,0.15055597,0.05216136,0.11437665,0E-8,0.000000,0.905409,0.000000,-0.07324236,2026-03-22,2026-08-06,52,901,524,138,0.376812,1.533674,1.453326,0.501853,,,,,,,,GLOBAL_BASELINE_NO_ENTITY_RANKING,,,NOT_APPLICABLE_GLOBAL_BASELINE,HF9g-P5,,,,X 全窗基线 · 不参与实体赏罚,14191677,1420,A168_HF9F_20260827_0900,2026-08-27 09:00:00
2026-06-25,128173484,2261,0,270.0131149228,-270.0131149228,-270.0131149228,0E-7,2,1,0.48608211428567620,0.290680550000,-0.9725410786693631,-0.6401578158977228,-0.9725410786693631,0.19540156428567620,ELIGIBLE,R03b_20260811_FULL_v1,L1_ELIGIBILITY,v2026-08-11,2026-03-21..2026-08-06,baccarat_bet02_101_all_pairs_incl_sentinel,round_win = game_pnl > 0 (decisive only),COMPATIBILITY_ONLY_NOT_PRODUCTION,127205.3315,115172.8122,6635.2036,4257,2852,-0.05216136,-0.11437665,-0.04113429,-0.05216136,-6635.2036,127205.3315,OK,0.0000,265.4081,4.0000,96.0000,AG03-UNRESOLVED,ALL5_LEVELS_bet23_to_bet27,265.4081,265.4081,265.4081,331.7602,331.7602,4.000000,4.000000,4.000000,5.000000,5.000000,96.000000,96.000000,96.000000,95.000000,95.000000,5.0,1459.7448,1337.1644,5175.4588,5298.0391,PENDING_AG03,FALSE,NOT_FOR_ENFORCEMENT,6369.7955,110565.8997,6635.2036,6369.7955,265.4081,0.05216136,0.05007491,265.4081,6369.7955,0.05007491,265.4081,265.4081,265.4081,331.7602,331.7602,6369.7955,0.05007491,1459.7448,1337.1644,5175.4588,5298.0391,0.04068586,0.04164951,0.00208645,29.8814,40.3832,2.3265,127.6001,7.3643,2446.2564,54.8462,43.4275,28.3160,5.1431,12.8578,28.9875,66.8604,128.5777,263.3173,7.8995,-2.6176,10.0,20.479237,2.324,28,180,56,8,0.15055597,0.05216136,0.11437665,0E-8,0.000000,0.905409,0.000000,-0.07324236,2026-03-22,2026-08-06,52,901,524,138,0.376812,1.533674,1.453326,0.501853,,,,,,,,GLOBAL_BASELINE_NO_ENTITY_RANKING,,,NOT_APPLICABLE_GLOBAL_BASELINE,HF9g-P5,,,,X 全窗基线 · 不参与实体赏罚,14191678,1420,A168_HF9F_20260827_0900,2026-08-27 09:00:00
2026-06-25,128173484,2288,0,262.8127651914,-95.4046339393,-95.4046339393,0.5000000,6,4,0.48001132094596632,0.429615750000,0.05658175427713205,0.2010789576956877,0.05658175427713205,0.05039557094596632,ELIGIBLE,R03b_20260811_FULL_v1,L1_ELIGIBILITY,v2026-08-11,2026-03-21..2026-08-06,baccarat_bet02_101_all_pairs_incl_sentinel,round_win = game_pnl > 0 (decisive only),COMPATIBILITY_ONLY_NOT_PRODUCTION,127205.3315,115172.8122,6635.2036,4257,2852,-0.05216136,-0.11437665,-0.04113429,-0.05216136,-6635.2036,127205.3315,OK,0.0000,265.4081,4.0000,96.0000,AG03-UNRESOLVED,ALL5_LEVELS_bet23_to_bet27,265.4081,265.4081,265.4081,331.7602,331.7602,4.000000,4.000000,4.000000,5.000000,5.000000,96.000000,96.000000,96.000000,95.000000,95.000000,5.0,1459.7448,1337.1644,5175.4588,5298.0391,PENDING_AG03,FALSE,NOT_FOR_ENFORCEMENT,6369.7955,110565.8997,6635.2036,6369.7955,265.4081,0.05216136,0.05007491,265.4081,6369.7955,0.05007491,265.4081,265.4081,265.4081,331.7602,331.7602,6369.7955,0.05007491,1459.7448,1337.1644,5175.4588,5298.0391,0.04068586,0.04164951,0.00208645,29.8814,40.3832,2.3265,127.6001,7.3643,2446.2564,54.8462,43.4275,28.3160,5.1431,12.8578,28.9875,66.8604,128.5777,263.3173,7.8995,-2.6176,10.0,20.479237,2.324,28,180,56,8,0.15055597,0.05216136,0.11437665,0E-8,0.000000,0.905409,0.000000,-0.07324236,2026-03-22,2026-08-06,52,901,524,138,0.376812,1.533674,1.453326,0.501853,,,,,,,,GLOBAL_BASELINE_NO_ENTITY_RANKING,,,NOT_APPLICABLE_GLOBAL_BASELINE,HF9g-P5,,,,X 全窗基线 · 不参与实体赏罚,14191679,1420,A168_HF9F_20260827_0900,2026-08-27 09:00:00
2026-06-25,128173484,529,0,925.7592511636,452.5934116800,452.5934116800,0.6666667,9,7,0.49085813571426618,0.460715700000,0.8614263837091318,1.0120781884129866,0.8614263837091318,0.03014243571426618,ELIGIBLE,R03b_20260811_FULL_v1,L1_ELIGIBILITY,v2026-08-11,2026-03-21..2026-08-06,baccarat_bet02_101_all_pairs_incl_sentinel,round_win = game_pnl > 0 (decisive only),COMPATIBILITY_ONLY_NOT_PRODUCTION,127205.3315,115172.8122,6635.2036,4257,2852,-0.05216136,-0.11437665,-0.04113429,-0.05216136,-6635.2036,127205.3315,OK,0.0000,265.4081,4.0000,96.0000,AG03-UNRESOLVED,ALL5_LEVELS_bet23_to_bet27,265.4081,265.4081,265.4081,331.7602,331.7602,4.000000,4.000000,4.000000,5.000000,5.000000,96.000000,96.000000,96.000000,95.000000,95.000000,5.0,1459.7448,1337.1644,5175.4588,5298.0391,PENDING_AG03,FALSE,NOT_FOR_ENFORCEMENT,6369.7955,110565.8997,6635.2036,6369.7955,265.4081,0.05216136,0.05007491,265.4081,6369.7955,0.05007491,265.4081,265.4081,265.4081,331.7602,331.7602,6369.7955,0.05007491,1459.7448,1337.1644,5175.4588,5298.0391,0.04068586,0.04164951,0.00208645,29.8814,40.3832,2.3265,127.6001,7.3643,2446.2564,54.8462,43.4275,28.3160,5.1431,12.8578,28.9875,66.8604,128.5777,263.3173,7.8995,-2.6176,10.0,20.479237,2.324,28,180,56,8,0.15055597,0.05216136,0.11437665,0E-8,0.000000,0.905409,0.000000,-0.07324236,2026-03-22,2026-08-06,52,901,524,138,0.376812,1.533674,1.453326,0.501853,,,,,,,,GLOBAL_BASELINE_NO_ENTITY_RANKING,,,NOT_APPLICABLE_GLOBAL_BASELINE,HF9g-P5,,,,X 全窗基线 · 不参与实体赏罚,14191680,1420,A168_HF9F_20260827_0900,2026-08-27 09:00:00
2026-06-25,128173484,989,0,372.8752539409,167.1509759044,167.1509759044,0.6666667,6,3,0.46104966262618920,0.332936827778,0.7144493179270739,1.2265669695541064,0.7144493179270739,0.12811283484818920,ELIGIBLE,R03b_20260811_FULL_v1,L1_ELIGIBILITY,v2026-08-11,2026-03-21..2026-08-06,baccarat_bet02_101_all_pairs_incl_sentinel,round_win = game_pnl > 0 (decisive only),COMPATIBILITY_ONLY_NOT_PRODUCTION,127205.3315,115172.8122,6635.2036,4257,2852,-0.05216136,-0.11437665,-0.04113429,-0.05216136,-6635.2036,127205.3315,OK,0.0000,265.4081,4.0000,96.0000,AG03-UNRESOLVED,ALL5_LEVELS_bet23_to_bet27,265.4081,265.4081,265.4081,331.7602,331.7602,4.000000,4.000000,4.000000,5.000000,5.000000,96.000000,96.000000,96.000000,95.000000,95.000000,5.0,1459.7448,1337.1644,5175.4588,5298.0391,PENDING_AG03,FALSE,NOT_FOR_ENFORCEMENT,6369.7955,110565.8997,6635.2036,6369.7955,265.4081,0.05216136,0.05007491,265.4081,6369.7955,0.05007491,265.4081,265.4081,265.4081,331.7602,331.7602,6369.7955,0.05007491,1459.7448,1337.1644,5175.4588,5298.0391,0.04068586,0.04164951,0.00208645,29.8814,40.3832,2.3265,127.6001,7.3643,2446.2564,54.8462,43.4275,28.3160,5.1431,12.8578,28.9875,66.8604,128.5777,263.3173,7.8995,-2.6176,10.0,20.479237,2.324,28,180,56,8,0.15055597,0.05216136,0.11437665,0E-8,0.000000,0.905409,0.000000,-0.07324236,2026-03-22,2026-08-06,52,901,524,138,0.376812,1.533674,1.453326,0.501853,,,,,,,,GLOBAL_BASELINE_NO_ENTITY_RANKING,,,NOT_APPLICABLE_GLOBAL_BASELINE,HF9g-P5,,,,X 全窗基线 · 不参与实体赏罚,14191681,1420,A168_HF9F_20260827_0900,2026-08-27 09:00:00
2026-06-26,128173484,1004,0,51.4310695091,48.8595160336,48.8595160336,1.0000000,1,1,0.50665070000000000,0.506650700000,0.9867858985152569,0.9867858985152569,0.9867858985152569,0E-17,ELIGIBLE,R03b_20260811_FULL_v1,L1_ELIGIBILITY,v2026-08-11,2026-03-21..2026-08-06,baccarat_bet02_101_all_pairs_incl_sentinel,round_win = game_pnl > 0 (decisive only),COMPATIBILITY_ONLY_NOT_PRODUCTION,127205.3315,115172.8122,6635.2036,4257,2852,-0.05216136,-0.11437665,-0.04113429,-0.05216136,-6635.2036,127205.3315,OK,0.0000,265.4081,4.0000,96.0000,AG03-UNRESOLVED,ALL5_LEVELS_bet23_to_bet27,265.4081,265.4081,265.4081,331.7602,331.7602,4.000000,4.000000,4.000000,5.000000,5.000000,96.000000,96.000000,96.000000,95.000000,95.000000,5.0,1459.7448,1337.1644,5175.4588,5298.0391,PENDING_AG03,FALSE,NOT_FOR_ENFORCEMENT,6369.7955,110565.8997,6635.2036,6369.7955,265.4081,0.05216136,0.05007491,265.4081,6369.7955,0.05007491,265.4081,265.4081,265.4081,331.7602,331.7602,6369.7955,0.05007491,1459.7448,1337.1644,5175.4588,5298.0391,0.04068586,0.04164951,0.00208645,29.8814,40.3832,2.3265,127.6001,7.3643,2446.2564,54.8462,43.4275,28.3160,5.1431,12.8578,28.9875,66.8604,128.5777,263.3173,7.8995,-2.6176,10.0,20.479237,2.324,28,180,56,8,0.15055597,0.05216136,0.11437665,0E-8,0.000000,0.905409,0.000000,-0.07324236,2026-03-22,2026-08-06,52,901,524,138,0.376812,1.533674,1.453326,0.501853,,,,,,,,GLOBAL_BASELINE_NO_ENTITY_RANKING,,,NOT_APPLICABLE_GLOBAL_BASELINE,HF9g-P5,,,,X 全窗基线 · 不参与实体赏罚,14191682,1420,A168_HF9F_20260827_0900,2026-08-27 09:00:00
2026-06-26,128173484,1017,0,313.2152133104,-313.2152133104,-313.2152133104,0E-7,1,1,0.50665070000000000,0.506650700000,-1.013391052207602,-1.013391052207602,-1.013391052207602,0E-17,ELIGIBLE,R03b_20260811_FULL_v1,L1_ELIGIBILITY,v2026-08-11,2026-03-21..2026-08-06,baccarat_bet02_101_all_pairs_incl_sentinel,round_win = game_pnl > 0 (decisive only),COMPATIBILITY_ONLY_NOT_PRODUCTION,127205.3315,115172.8122,6635.2036,4257,2852,-0.05216136,-0.11437665,-0.04113429,-0.05216136,-6635.2036,127205.3315,OK,0.0000,265.4081,4.0000,96.0000,AG03-UNRESOLVED,ALL5_LEVELS_bet23_to_bet27,265.4081,265.4081,265.4081,331.7602,331.7602,4.000000,4.000000,4.000000,5.000000,5.000000,96.000000,96.000000,96.000000,95.000000,95.000000,5.0,1459.7448,1337.1644,5175.4588,5298.0391,PENDING_AG03,FALSE,NOT_FOR_ENFORCEMENT,6369.7955,110565.8997,6635.2036,6369.7955,265.4081,0.05216136,0.05007491,265.4081,6369.7955,0.05007491,265.4081,265.4081,265.4081,331.7602,331.7602,6369.7955,0.05007491,1459.7448,1337.1644,5175.4588,5298.0391,0.04068586,0.04164951,0.00208645,29.8814,40.3832,2.3265,127.6001,7.3643,2446.2564,54.8462,43.4275,28.3160,5.1431,12.8578,28.9875,66.8604,128.5777,263.3173,7.8995,-2.6176,10.0,20.479237,2.324,28,180,56,8,0.15055597,0.05216136,0.11437665,0E-8,0.000000,0.905409,0.000000,-0.07324236,2026-03-22,2026-08-06,52,901,524,138,0.376812,1.533674,1.453326,0.501853,,,,,,,,GLOBAL_BASELINE_NO_ENTITY_RANKING,,,NOT_APPLICABLE_GLOBAL_BASELINE,HF9g-P5,,,,X 全窗基线 · 不参与实体赏罚,14191683,1420,A168_HF9F_20260827_0900,2026-08-27 09:00:00
2026-06-26,128173484,1330,0,128.5776737727,-128.5776737727,-128.5776737727,0E-7,2,2,0.50665070000000000,0.506650700000,-1.4331513700195317,-1.4331513700195317,-1.4331513700195317,0E-17,ELIGIBLE,R03b_20260811_FULL_v1,L1_ELIGIBILITY,v2026-08-11,2026-03-21..2026-08-06,baccarat_bet02_101_all_pairs_incl_sentinel,round_win = game_pnl > 0 (decisive only),COMPATIBILITY_ONLY_NOT_PRODUCTION,127205.3315,115172.8122,6635.2036,4257,2852,-0.05216136,-0.11437665,-0.04113429,-0.05216136,-6635.2036,127205.3315,OK,0.0000,265.4081,4.0000,96.0000,AG03-UNRESOLVED,ALL5_LEVELS_bet23_to_bet27,265.4081,265.4081,265.4081,331.7602,331.7602,4.000000,4.000000,4.000000,5.000000,5.000000,96.000000,96.000000,96.000000,95.000000,95.000000,5.0,1459.7448,1337.1644,5175.4588,5298.0391,PENDING_AG03,FALSE,NOT_FOR_ENFORCEMENT,6369.7955,110565.8997,6635.2036,6369.7955,265.4081,0.05216136,0.05007491,265.4081,6369.7955,0.05007491,265.4081,265.4081,265.4081,331.7602,331.7602,6369.7955,0.05007491,1459.7448,1337.1644,5175.4588,5298.0391,0.04068586,0.04164951,0.00208645,29.8814,40.3832,2.3265,127.6001,7.3643,2446.2564,54.8462,43.4275,28.3160,5.1431,12.8578,28.9875,66.8604,128.5777,263.3173,7.8995,-2.6176,10.0,20.479237,2.324,28,180,56,8,0.15055597,0.05216136,0.11437665,0E-8,0.000000,0.905409,0.000000,-0.07324236,2026-03-22,2026-08-06,52,901,524,138,0.376812,1.533674,1.453326,0.501853,,,,,,,,GLOBAL_BASELINE_NO_ENTITY_RANKING,,,NOT_APPLICABLE_GLOBAL_BASELINE,HF9g-P5,,,,X 全窗基线 · 不参与实体赏罚,14191684,1420,A168_HF9F_20260827_0900,2026-08-27 09:00:00
2026-06-26,128173484,1382,0,205.7242780363,-55.2883997222,-55.2883997222,0.5000000,2,2,0.50665070000000000,0.506650700000,-0.018812684590367487,-0.018812684590367487,-0.018812684590367487,0E-17,ELIGIBLE,R03b_20260811_FULL_v1,L1_ELIGIBILITY,v2026-08-11,2026-03-21..2026-08-06,baccarat_bet02_101_all_pairs_incl_sentinel,round_win = game_pnl > 0 (decisive only),COMPATIBILITY_ONLY_NOT_PRODUCTION,127205.3315,115172.8122,6635.2036,4257,2852,-0.05216136,-0.11437665,-0.04113429,-0.05216136,-6635.2036,127205.3315,OK,0.0000,265.4081,4.0000,96.0000,AG03-UNRESOLVED,ALL5_LEVELS_bet23_to_bet27,265.4081,265.4081,265.4081,331.7602,331.7602,4.000000,4.000000,4.000000,5.000000,5.000000,96.000000,96.000000,96.000000,95.000000,95.000000,5.0,1459.7448,1337.1644,5175.4588,5298.0391,PENDING_AG03,FALSE,NOT_FOR_ENFORCEMENT,6369.7955,110565.8997,6635.2036,6369.7955,265.4081,0.05216136,0.05007491,265.4081,6369.7955,0.05007491,265.4081,265.4081,265.4081,331.7602,331.7602,6369.7955,0.05007491,1459.7448,1337.1644,5175.4588,5298.0391,0.04068586,0.04164951,0.00208645,29.8814,40.3832,2.3265,127.6001,7.3643,2446.2564,54.8462,43.4275,28.3160,5.1431,12.8578,28.9875,66.8604,128.5777,263.3173,7.8995,-2.6176,10.0,20.479237,2.324,28,180,56,8,0.15055597,0.05216136,0.11437665,0E-8,0.000000,0.905409,0.000000,-0.07324236,2026-03-22,2026-08-06,52,901,524,138,0.376812,1.533674,1.453326,0.501853,,,,,,,,GLOBAL_BASELINE_NO_ENTITY_RANKING,,,NOT_APPLICABLE_GLOBAL_BASELINE,HF9g-P5,,,,X 全窗基线 · 不参与实体赏罚,14191685,1420,A168_HF9F_20260827_0900,2026-08-27 09:00:00
2026-06-26,128173484,1687,0,33.4301951809,-7.7146604264,-7.7146604264,0E-7,2,1,0.40697216923027228,0.290680550000,-0.8284090178879979,-0.6401578158977228,-0.8284090178879979,0.11629161923027228,ELIGIBLE,R03b_20260811_FULL_v1,L1_ELIGIBILITY,v2026-08-11,2026-03-21..2026-08-06,baccarat_bet02_101_all_pairs_incl_sentinel,round_win = game_pnl > 0 (decisive only),COMPATIBILITY_ONLY_NOT_PRODUCTION,127205.3315,115172.8122,6635.2036,4257,2852,-0.05216136,-0.11437665,-0.04113429,-0.05216136,-6635.2036,127205.3315,OK,0.0000,265.4081,4.0000,96.0000,AG03-UNRESOLVED,ALL5_LEVELS_bet23_to_bet27,265.4081,265.4081,265.4081,331.7602,331.7602,4.000000,4.000000,4.000000,5.000000,5.000000,96.000000,96.000000,96.000000,95.000000,95.000000,5.0,1459.7448,1337.1644,5175.4588,5298.0391,PENDING_AG03,FALSE,NOT_FOR_ENFORCEMENT,6369.7955,110565.8997,6635.2036,6369.7955,265.4081,0.05216136,0.05007491,265.4081,6369.7955,0.05007491,265.4081,265.4081,265.4081,331.7602,331.7602,6369.7955,0.05007491,1459.7448,1337.1644,5175.4588,5298.0391,0.04068586,0.04164951,0.00208645,29.8814,40.3832,2.3265,127.6001,7.3643,2446.2564,54.8462,43.4275,28.3160,5.1431,12.8578,28.9875,66.8604,128.5777,263.3173,7.8995,-2.6176,10.0,20.479237,2.324,28,180,56,8,0.15055597,0.05216136,0.11437665,0E-8,0.000000,0.905409,0.000000,-0.07324236,2026-03-22,2026-08-06,52,901,524,138,0.376812,1.533674,1.453326,0.501853,,,,,,,,GLOBAL_BASELINE_NO_ENTITY_RANKING,,,NOT_APPLICABLE_GLOBAL_BASELINE,HF9g-P5,,,,X 全窗基线 · 不参与实体赏罚,14191686,1420,A168_HF9F_20260827_0900,2026-08-27 09:00:00
2026-06-26,128173484,1957,0,51.4310695091,-51.4310695091,-51.4310695091,0E-7,1,1,0.50665070000000000,0.506650700000,-1.013391052207602,-1.013391052207602,-1.013391052207602,0E-17,ELIGIBLE,R03b_20260811_FULL_v1,L1_ELIGIBILITY,v2026-08-11,2026-03-21..2026-08-06,baccarat_bet02_101_all_pairs_incl_sentinel,round_win = game_pnl > 0 (decisive only),COMPATIBILITY_ONLY_NOT_PRODUCTION,127205.3315,115172.8122,6635.2036,4257,2852,-0.05216136,-0.11437665,-0.04113429,-0.05216136,-6635.2036,127205.3315,OK,0.0000,265.4081,4.0000,96.0000,AG03-UNRESOLVED,ALL5_LEVELS_bet23_to_bet27,265.4081,265.4081,265.4081,331.7602,331.7602,4.000000,4.000000,4.000000,5.000000,5.000000,96.000000,96.000000,96.000000,95.000000,95.000000,5.0,1459.7448,1337.1644,5175.4588,5298.0391,PENDING_AG03,FALSE,NOT_FOR_ENFORCEMENT,6369.7955,110565.8997,6635.2036,6369.7955,265.4081,0.05216136,0.05007491,265.4081,6369.7955,0.05007491,265.4081,265.4081,265.4081,331.7602,331.7602,6369.7955,0.05007491,1459.7448,1337.1644,5175.4588,5298.0391,0.04068586,0.04164951,0.00208645,29.8814,40.3832,2.3265,127.6001,7.3643,2446.2564,54.8462,43.4275,28.3160,5.1431,12.8578,28.9875,66.8604,128.5777,263.3173,7.8995,-2.6176,10.0,20.479237,2.324,28,180,56,8,0.15055597,0.05216136,0.11437665,0E-8,0.000000,0.905409,0.000000,-0.07324236,2026-03-22,2026-08-06,52,901,524,138,0.376812,1.533674,1.453326,0.501853,,,,,,,,GLOBAL_BASELINE_NO_ENTITY_RANKING,,,NOT_APPLICABLE_GLOBAL_BASELINE,HF9g-P5,,,,X 全窗基线 · 不参与实体赏罚,14191687,1420,A168_HF9F_20260827_0900,2026-08-27 09:00:00
2026-06-26,128173484,1966,0,295.7286496773,-245.5833569060,-245.5833569060,0.5000000,3,2,0.43797604999982197,0.403638725000,0.17679575212307735,0.27775789067037676,0.17679575212307735,0.03433732499982197,ELIGIBLE,R03b_20260811_FULL_v1,L1_ELIGIBILITY,v2026-08-11,2026-03-21..2026-08-06,baccarat_bet02_101_all_pairs_incl_sentinel,round_win = game_pnl > 0 (decisive only),COMPATIBILITY_ONLY_NOT_PRODUCTION,127205.3315,115172.8122,6635.2036,4257,2852,-0.05216136,-0.11437665,-0.04113429,-0.05216136,-6635.2036,127205.3315,OK,0.0000,265.4081,4.0000,96.0000,AG03-UNRESOLVED,ALL5_LEVELS_bet23_to_bet27,265.4081,265.4081,265.4081,331.7602,331.7602,4.000000,4.000000,4.000000,5.000000,5.000000,96.000000,96.000000,96.000000,95.000000,95.000000,5.0,1459.7448,1337.1644,5175.4588,5298.0391,PENDING_AG03,FALSE,NOT_FOR_ENFORCEMENT,6369.7955,110565.8997,6635.2036,6369.7955,265.4081,0.05216136,0.05007491,265.4081,6369.7955,0.05007491,265.4081,265.4081,265.4081,331.7602,331.7602,6369.7955,0.05007491,1459.7448,1337.1644,5175.4588,5298.0391,0.04068586,0.04164951,0.00208645,29.8814,40.3832,2.3265,127.6001,7.3643,2446.2564,54.8462,43.4275,28.3160,5.1431,12.8578,28.9875,66.8604,128.5777,263.3173,7.8995,-2.6176,10.0,20.479237,2.324,28,180,56,8,0.15055597,0.05216136,0.11437665,0E-8,0.000000,0.905409,0.000000,-0.07324236,2026-03-22,2026-08-06,52,901,524,138,0.376812,1.533674,1.453326,0.501853,,,,,,,,GLOBAL_BASELINE_NO_ENTITY_RANKING,,,NOT_APPLICABLE_GLOBAL_BASELINE,HF9g-P5,,,,X 全窗基线 · 不参与实体赏罚,14191688,1420,A168_HF9F_20260827_0900,2026-08-27 09:00:00
2026-06-26,128173484,1994,0,605.8579988171,-304.9862421889,-304.9862421889,0.2500000,6,4,0.48124886189835606,0.396125225000,-0.9256466009025085,-0.5975379527071623,-0.9256466009025085,0.08512363689835606,ELIGIBLE,R03b_20260811_FULL_v1,L1_ELIGIBILITY,v2026-08-11,2026-03-21..2026-08-06,baccarat_bet02_101_all_pairs_incl_sentinel,round_win = game_pnl > 0 (decisive only),COMPATIBILITY_ONLY_NOT_PRODUCTION,127205.3315,115172.8122,6635.2036,4257,2852,-0.05216136,-0.11437665,-0.04113429,-0.05216136,-6635.2036,127205.3315,OK,0.0000,265.4081,4.0000,96.0000,AG03-UNRESOLVED,ALL5_LEVELS_bet23_to_bet27,265.4081,265.4081,265.4081,331.7602,331.7602,4.000000,4.000000,4.000000,5.000000,5.000000,96.000000,96.000000,96.000000,95.000000,95.000000,5.0,1459.7448,1337.1644,5175.4588,5298.0391,PENDING_AG03,FALSE,NOT_FOR_ENFORCEMENT,6369.7955,110565.8997,6635.2036,6369.7955,265.4081,0.05216136,0.05007491,265.4081,6369.7955,0.05007491,265.4081,265.4081,265.4081,331.7602,331.7602,6369.7955,0.05007491,1459.7448,1337.1644,5175.4588,5298.0391,0.04068586,0.04164951,0.00208645,29.8814,40.3832,2.3265,127.6001,7.3643,2446.2564,54.8462,43.4275,28.3160,5.1431,12.8578,28.9875,66.8604,128.5777,263.3173,7.8995,-2.6176,10.0,20.479237,2.324,28,180,56,8,0.15055597,0.05216136,0.11437665,0E-8,0.000000,0.905409,0.000000,-0.07324236,2026-03-22,2026-08-06,52,901,524,138,0.376812,1.533674,1.453326,0.501853,,,,,,,,GLOBAL_BASELINE_NO_ENTITY_RANKING,,,NOT_APPLICABLE_GLOBAL_BASELINE,HF9g-P5,,,,X 全窗基线 · 不参与实体赏罚,14191689,1420,A168_HF9F_20260827_0900,2026-08-27 09:00:00
2026-06-26,128173484,2134,0,213.4389384627,93.8617018540,93.8617018540,0.6666667,4,3,0.47951567391297169,0.427954033333,0.648854813795217,0.8356453583429717,0.648854813795217,0.05156164057997169,ELIGIBLE,R03b_20260811_FULL_v1,L1_ELIGIBILITY,v2026-08-11,2026-03-21..2026-08-06,baccarat_bet02_101_all_pairs_incl_sentinel,round_win = game_pnl > 0 (decisive only),COMPATIBILITY_ONLY_NOT_PRODUCTION,127205.3315,115172.8122,6635.2036,4257,2852,-0.05216136,-0.11437665,-0.04113429,-0.05216136,-6635.2036,127205.3315,OK,0.0000,265.4081,4.0000,96.0000,AG03-UNRESOLVED,ALL5_LEVELS_bet23_to_bet27,265.4081,265.4081,265.4081,331.7602,331.7602,4.000000,4.000000,4.000000,5.000000,5.000000,96.000000,96.000000,96.000000,95.000000,95.000000,5.0,1459.7448,1337.1644,5175.4588,5298.0391,PENDING_AG03,FALSE,NOT_FOR_ENFORCEMENT,6369.7955,110565.8997,6635.2036,6369.7955,265.4081,0.05216136,0.05007491,265.4081,6369.7955,0.05007491,265.4081,265.4081,265.4081,331.7602,331.7602,6369.7955,0.05007491,1459.7448,1337.1644,5175.4588,5298.0391,0.04068586,0.04164951,0.00208645,29.8814,40.3832,2.3265,127.6001,7.3643,2446.2564,54.8462,43.4275,28.3160,5.1431,12.8578,28.9875,66.8604,128.5777,263.3173,7.8995,-2.6176,10.0,20.479237,2.324,28,180,56,8,0.15055597,0.05216136,0.11437665,0E-8,0.000000,0.905409,0.000000,-0.07324236,2026-03-22,2026-08-06,52,901,524,138,0.376812,1.533674,1.453326,0.501853,,,,,,,,GLOBAL_BASELINE_NO_ENTITY_RANKING,,,NOT_APPLICABLE_GLOBAL_BASELINE,HF9g-P5,,,,X 全窗基线 · 不参与实体赏罚,14191690,1420,A168_HF9F_20260827_0900,2026-08-27 09:00:00
2026-06-26,128173484,2153,0,141.4354411500,-141.4354411500,-141.4354411500,0E-7,2,1,0.45519466363628293,0.283965900000,-0.9140667357723877,-0.6297471965178028,-0.9140667357723877,0.17122876363628293,ELIGIBLE,R03b_20260811_FULL_v1,L1_ELIGIBILITY,v2026-08-11,2026-03-21..2026-08-06,baccarat_bet02_101_all_pairs_incl_sentinel,round_win = game_pnl > 0 (decisive only),COMPATIBILITY_ONLY_NOT_PRODUCTION,127205.3315,115172.8122,6635.2036,4257,2852,-0.05216136,-0.11437665,-0.04113429,-0.05216136,-6635.2036,127205.3315,OK,0.0000,265.4081,4.0000,96.0000,AG03-UNRESOLVED,ALL5_LEVELS_bet23_to_bet27,265.4081,265.4081,265.4081,331.7602,331.7602,4.000000,4.000000,4.000000,5.000000,5.000000,96.000000,96.000000,96.000000,95.000000,95.000000,5.0,1459.7448,1337.1644,5175.4588,5298.0391,PENDING_AG03,FALSE,NOT_FOR_ENFORCEMENT,6369.7955,110565.8997,6635.2036,6369.7955,265.4081,0.05216136,0.05007491,265.4081,6369.7955,0.05007491,265.4081,265.4081,265.4081,331.7602,331.7602,6369.7955,0.05007491,1459.7448,1337.1644,5175.4588,5298.0391,0.04068586,0.04164951,0.00208645,29.8814,40.3832,2.3265,127.6001,7.3643,2446.2564,54.8462,43.4275,28.3160,5.1431,12.8578,28.9875,66.8604,128.5777,263.3173,7.8995,-2.6176,10.0,20.479237,2.324,28,180,56,8,0.15055597,0.05216136,0.11437665,0E-8,0.000000,0.905409,0.000000,-0.07324236,2026-03-22,2026-08-06,52,901,524,138,0.376812,1.533674,1.453326,0.501853,,,,,,,,GLOBAL_BASELINE_NO_ENTITY_RANKING,,,NOT_APPLICABLE_GLOBAL_BASELINE,HF9g-P5,,,,X 全窗基线 · 不参与实体赏罚,14191691,1420,A168_HF9F_20260827_0900,2026-08-27 09:00:00
2026-06-26,128173484,2171,0,1197.5724535192,-796.4101113484,-796.4101113484,0.6000000,9,5,0.45259160966128020,0.334523300000,0.6622138076371652,1.2581481963167778,0.6622138076371652,0.11806830966128020,ELIGIBLE,R03b_20260811_FULL_v1,L1_ELIGIBILITY,v2026-08-11,2026-03-21..2026-08-06,baccarat_bet02_101_all_pairs_incl_sentinel,round_win = game_pnl > 0 (decisive only),COMPATIBILITY_ONLY_NOT_PRODUCTION,127205.3315,115172.8122,6635.2036,4257,2852,-0.05216136,-0.11437665,-0.04113429,-0.05216136,-6635.2036,127205.3315,OK,0.0000,265.4081,4.0000,96.0000,AG03-UNRESOLVED,ALL5_LEVELS_bet23_to_bet27,265.4081,265.4081,265.4081,331.7602,331.7602,4.000000,4.000000,4.000000,5.000000,5.000000,96.000000,96.000000,96.000000,95.000000,95.000000,5.0,1459.7448,1337.1644,5175.4588,5298.0391,PENDING_AG03,FALSE,NOT_FOR_ENFORCEMENT,6369.7955,110565.8997,6635.2036,6369.7955,265.4081,0.05216136,0.05007491,265.4081,6369.7955,0.05007491,265.4081,265.4081,265.4081,331.7602,331.7602,6369.7955,0.05007491,1459.7448,1337.1644,5175.4588,5298.0391,0.04068586,0.04164951,0.00208645,29.8814,40.3832,2.3265,127.6001,7.3643,2446.2564,54.8462,43.4275,28.3160,5.1431,12.8578,28.9875,66.8604,128.5777,263.3173,7.8995,-2.6176,10.0,20.479237,2.324,28,180,56,8,0.15055597,0.05216136,0.11437665,0E-8,0.000000,0.905409,0.000000,-0.07324236,2026-03-22,2026-08-06,52,901,524,138,0.376812,1.533674,1.453326,0.501853,,,,,,,,GLOBAL_BASELINE_NO_ENTITY_RANKING,,,NOT_APPLICABLE_GLOBAL_BASELINE,HF9g-P5,,,,X 全窗基线 · 不参与实体赏罚,14191692,1420,A168_HF9F_20260827_0900,2026-08-27 09:00:00
2026-06-26,128173484,2239,0,38.5733021318,0E-10,0E-10,,1,1,0.50665070000000000,0.506650700000,,,,0E-17,NO_DECISIVE_ROUND,R03b_20260811_FULL_v1,L1_ELIGIBILITY,v2026-08-11,2026-03-21..2026-08-06,baccarat_bet02_101_all_pairs_incl_sentinel,round_win = game_pnl > 0 (decisive only),COMPATIBILITY_ONLY_NOT_PRODUCTION,127205.3315,115172.8122,6635.2036,4257,2852,-0.05216136,-0.11437665,-0.04113429,-0.05216136,-6635.2036,127205.3315,OK,0.0000,265.4081,4.0000,96.0000,AG03-UNRESOLVED,ALL5_LEVELS_bet23_to_bet27,265.4081,265.4081,265.4081,331.7602,331.7602,4.000000,4.000000,4.000000,5.000000,5.000000,96.000000,96.000000,96.000000,95.000000,95.000000,5.0,1459.7448,1337.1644,5175.4588,5298.0391,PENDING_AG03,FALSE,NOT_FOR_ENFORCEMENT,6369.7955,110565.8997,6635.2036,6369.7955,265.4081,0.05216136,0.05007491,265.4081,6369.7955,0.05007491,265.4081,265.4081,265.4081,331.7602,331.7602,6369.7955,0.05007491,1459.7448,1337.1644,5175.4588,5298.0391,0.04068586,0.04164951,0.00208645,29.8814,40.3832,2.3265,127.6001,7.3643,2446.2564,54.8462,43.4275,28.3160,5.1431,12.8578,28.9875,66.8604,128.5777,263.3173,7.8995,-2.6176,10.0,20.479237,2.324,28,180,56,8,0.15055597,0.05216136,0.11437665,0E-8,0.000000,0.905409,0.000000,-0.07324236,2026-03-22,2026-08-06,52,901,524,138,0.376812,1.533674,1.453326,0.501853,,,,,,,,GLOBAL_BASELINE_NO_ENTITY_RANKING,,,NOT_APPLICABLE_GLOBAL_BASELINE,HF9g-P5,,,,X 全窗基线 · 不参与实体赏罚,14191693,1420,A168_HF9F_20260827_0900,2026-08-27 09:00:00
2026-06-26,128173484,2246,0,530.5114819862,230.7583511200,230.7583511200,0.8000000,6,5,0.49162850857140115,0.460775630000,1.3792725718637615,1.5217473007977818,1.3792725718637615,0.03085287857140115,ELIGIBLE,R03b_20260811_FULL_v1,L1_ELIGIBILITY,v2026-08-11,2026-03-21..2026-08-06,baccarat_bet02_101_all_pairs_incl_sentinel,round_win = game_pnl > 0 (decisive only),COMPATIBILITY_ONLY_NOT_PRODUCTION,127205.3315,115172.8122,6635.2036,4257,2852,-0.05216136,-0.11437665,-0.04113429,-0.05216136,-6635.2036,127205.3315,OK,0.0000,265.4081,4.0000,96.0000,AG03-UNRESOLVED,ALL5_LEVELS_bet23_to_bet27,265.4081,265.4081,265.4081,331.7602,331.7602,4.000000,4.000000,4.000000,5.000000,5.000000,96.000000,96.000000,96.000000,95.000000,95.000000,5.0,1459.7448,1337.1644,5175.4588,5298.0391,PENDING_AG03,FALSE,NOT_FOR_ENFORCEMENT,6369.7955,110565.8997,6635.2036,6369.7955,265.4081,0.05216136,0.05007491,265.4081,6369.7955,0.05007491,265.4081,265.4081,265.4081,331.7602,331.7602,6369.7955,0.05007491,1459.7448,1337.1644,5175.4588,5298.0391,0.04068586,0.04164951,0.00208645,29.8814,40.3832,2.3265,127.6001,7.3643,2446.2564,54.8462,43.4275,28.3160,5.1431,12.8578,28.9875,66.8604,128.5777,263.3173,7.8995,-2.6176,10.0,20.479237,2.324,28,180,56,8,0.15055597,0.05216136,0.11437665,0E-8,0.000000,0.905409,0.000000,-0.07324236,2026-03-22,2026-08-06,52,901,524,138,0.376812,1.533674,1.453326,0.501853,,,,,,,,GLOBAL_BASELINE_NO_ENTITY_RANKING,,,NOT_APPLICABLE_GLOBAL_BASELINE,HF9g-P5,,,,X 全窗基线 · 不参与实体赏罚,14191694,1420,A168_HF9F_20260827_0900,2026-08-27 09:00:00
2026-06-26,128173484,2252,0,1589.2200478310,291.2284310951,291.2284310951,0.6666667,14,9,0.47670208605218879,0.382918344444,1.1410268390583056,1.7511774360241184,1.1410268390583056,0.09378374160818879,ELIGIBLE,R03b_20260811_FULL_v1,L1_ELIGIBILITY,v2026-08-11,2026-03-21..2026-08-06,baccarat_bet02_101_all_pairs_incl_sentinel,round_win = game_pnl > 0 (decisive only),COMPATIBILITY_ONLY_NOT_PRODUCTION,127205.3315,115172.8122,6635.2036,4257,2852,-0.05216136,-0.11437665,-0.04113429,-0.05216136,-6635.2036,127205.3315,OK,0.0000,265.4081,4.0000,96.0000,AG03-UNRESOLVED,ALL5_LEVELS_bet23_to_bet27,265.4081,265.4081,265.4081,331.7602,331.7602,4.000000,4.000000,4.000000,5.000000,5.000000,96.000000,96.000000,96.000000,95.000000,95.000000,5.0,1459.7448,1337.1644,5175.4588,5298.0391,PENDING_AG03,FALSE,NOT_FOR_ENFORCEMENT,6369.7955,110565.8997,6635.2036,6369.7955,265.4081,0.05216136,0.05007491,265.4081,6369.7955,0.05007491,265.4081,265.4081,265.4081,331.7602,331.7602,6369.7955,0.05007491,1459.7448,1337.1644,5175.4588,5298.0391,0.04068586,0.04164951,0.00208645,29.8814,40.3832,2.3265,127.6001,7.3643,2446.2564,54.8462,43.4275,28.3160,5.1431,12.8578,28.9875,66.8604,128.5777,263.3173,7.8995,-2.6176,10.0,20.479237,2.324,28,180,56,8,0.15055597,0.05216136,0.11437665,0E-8,0.000000,0.905409,0.000000,-0.07324236,2026-03-22,2026-08-06,52,901,524,138,0.376812,1.533674,1.453326,0.501853,,,,,,,,GLOBAL_BASELINE_NO_ENTITY_RANKING,,,NOT_APPLICABLE_GLOBAL_BASELINE,HF9g-P5,,,,X 全窗基线 · 不参与实体赏罚,14191695,1420,A168_HF9F_20260827_0900,2026-08-27 09:00:00
2026-06-26,128173484,2266,0,321.4441844318,129.8634505104,129.8634505104,0.6666667,4,3,0.49371288235292568,0.430192250000,0.5991768538015073,0.8272739006809972,0.5991768538015073,0.06352063235292568,ELIGIBLE,R03b_20260811_FULL_v1,L1_ELIGIBILITY,v2026-08-11,2026-03-21..2026-08-06,baccarat_bet02_101_all_pairs_incl_sentinel,round_win = game_pnl > 0 (decisive only),COMPATIBILITY_ONLY_NOT_PRODUCTION,127205.3315,115172.8122,6635.2036,4257,2852,-0.05216136,-0.11437665,-0.04113429,-0.05216136,-6635.2036,127205.3315,OK,0.0000,265.4081,4.0000,96.0000,AG03-UNRESOLVED,ALL5_LEVELS_bet23_to_bet27,265.4081,265.4081,265.4081,331.7602,331.7602,4.000000,4.000000,4.000000,5.000000,5.000000,96.000000,96.000000,96.000000,95.000000,95.000000,5.0,1459.7448,1337.1644,5175.4588,5298.0391,PENDING_AG03,FALSE,NOT_FOR_ENFORCEMENT,6369.7955,110565.8997,6635.2036,6369.7955,265.4081,0.05216136,0.05007491,265.4081,6369.7955,0.05007491,265.4081,265.4081,265.4081,331.7602,331.7602,6369.7955,0.05007491,1459.7448,1337.1644,5175.4588,5298.0391,0.04068586,0.04164951,0.00208645,29.8814,40.3832,2.3265,127.6001,7.3643,2446.2564,54.8462,43.4275,28.3160,5.1431,12.8578,28.9875,66.8604,128.5777,263.3173,7.8995,-2.6176,10.0,20.479237,2.324,28,180,56,8,0.15055597,0.05216136,0.11437665,0E-8,0.000000,0.905409,0.000000,-0.07324236,2026-03-22,2026-08-06,52,901,524,138,0.376812,1.533674,1.453326,0.501853,,,,,,,,GLOBAL_BASELINE_NO_ENTITY_RANKING,,,NOT_APPLICABLE_GLOBAL_BASELINE,HF9g-P5,,,,X 全窗基线 · 不参与实体赏罚,14191696,1420,A168_HF9F_20260827_0900,2026-08-27 09:00:00
2026-06-26,128173484,595,0,454.6506544604,115.7199063954,115.7199063954,1.0000000,3,2,0.48092268181814147,0.395308300000,1.0389111228655612,1.2367987489000727,1.0389111228655612,0.08561438181814147,ELIGIBLE,R03b_20260811_FULL_v1,L1_ELIGIBILITY,v2026-08-11,2026-03-21..2026-08-06,baccarat_bet02_101_all_pairs_incl_sentinel,round_win = game_pnl > 0 (decisive only),COMPATIBILITY_ONLY_NOT_PRODUCTION,127205.3315,115172.8122,6635.2036,4257,2852,-0.05216136,-0.11437665,-0.04113429,-0.05216136,-6635.2036,127205.3315,OK,0.0000,265.4081,4.0000,96.0000,AG03-UNRESOLVED,ALL5_LEVELS_bet23_to_bet27,265.4081,265.4081,265.4081,331.7602,331.7602,4.000000,4.000000,4.000000,5.000000,5.000000,96.000000,96.000000,96.000000,95.000000,95.000000,5.0,1459.7448,1337.1644,5175.4588,5298.0391,PENDING_AG03,FALSE,NOT_FOR_ENFORCEMENT,6369.7955,110565.8997,6635.2036,6369.7955,265.4081,0.05216136,0.05007491,265.4081,6369.7955,0.05007491,265.4081,265.4081,265.4081,331.7602,331.7602,6369.7955,0.05007491,1459.7448,1337.1644,5175.4588,5298.0391,0.04068586,0.04164951,0.00208645,29.8814,40.3832,2.3265,127.6001,7.3643,2446.2564,54.8462,43.4275,28.3160,5.1431,12.8578,28.9875,66.8604,128.5777,263.3173,7.8995,-2.6176,10.0,20.479237,2.324,28,180,56,8,0.15055597,0.05216136,0.11437665,0E-8,0.000000,0.905409,0.000000,-0.07324236,2026-03-22,2026-08-06,52,901,524,138,0.376812,1.533674,1.453326,0.501853,,,,,,,,GLOBAL_BASELINE_NO_ENTITY_RANKING,,,NOT_APPLICABLE_GLOBAL_BASELINE,HF9g-P5,,,,X 全窗基线 · 不参与实体赏罚,14191697,1420,A168_HF9F_20260827_0900,2026-08-27 09:00:00
2026-06-26,128173484,752,0,282.8708823000,-231.4398127909,-231.4398127909,0E-7,4,4,0.50329940000000000,0.503299400000,-1.743518224870635,-1.743518224870635,-1.743518224870635,0E-17,ELIGIBLE,R03b_20260811_FULL_v1,L1_ELIGIBILITY,v2026-08-11,2026-03-21..2026-08-06,baccarat_bet02_101_all_pairs_incl_sentinel,round_win = game_pnl > 0 (decisive only),COMPATIBILITY_ONLY_NOT_PRODUCTION,127205.3315,115172.8122,6635.2036,4257,2852,-0.05216136,-0.11437665,-0.04113429,-0.05216136,-6635.2036,127205.3315,OK,0.0000,265.4081,4.0000,96.0000,AG03-UNRESOLVED,ALL5_LEVELS_bet23_to_bet27,265.4081,265.4081,265.4081,331.7602,331.7602,4.000000,4.000000,4.000000,5.000000,5.000000,96.000000,96.000000,96.000000,95.000000,95.000000,5.0,1459.7448,1337.1644,5175.4588,5298.0391,PENDING_AG03,FALSE,NOT_FOR_ENFORCEMENT,6369.7955,110565.8997,6635.2036,6369.7955,265.4081,0.05216136,0.05007491,265.4081,6369.7955,0.05007491,265.4081,265.4081,265.4081,331.7602,331.7602,6369.7955,0.05007491,1459.7448,1337.1644,5175.4588,5298.0391,0.04068586,0.04164951,0.00208645,29.8814,40.3832,2.3265,127.6001,7.3643,2446.2564,54.8462,43.4275,28.3160,5.1431,12.8578,28.9875,66.8604,128.5777,263.3173,7.8995,-2.6176,10.0,20.479237,2.324,28,180,56,8,0.15055597,0.05216136,0.11437665,0E-8,0.000000,0.905409,0.000000,-0.07324236,2026-03-22,2026-08-06,52,901,524,138,0.376812,1.533674,1.453326,0.501853,,,,,,,,GLOBAL_BASELINE_NO_ENTITY_RANKING,,,NOT_APPLICABLE_GLOBAL_BASELINE,HF9g-P5,,,,X 全窗基线 · 不参与实体赏罚,14191698,1420,A168_HF9F_20260827_0900,2026-08-27 09:00:00
2026-06-26,128173484,925,0,25.7155347545,25.7155347545,25.7155347545,1.0000000,1,1,0.49324550000000000,0.493245500000,1.01360149184955,1.01360149184955,1.01360149184955,0E-17,ELIGIBLE,R03b_20260811_FULL_v1,L1_ELIGIBILITY,v2026-08-11,2026-03-21..2026-08-06,baccarat_bet02_101_all_pairs_incl_sentinel,round_win = game_pnl > 0 (decisive only),COMPATIBILITY_ONLY_NOT_PRODUCTION,127205.3315,115172.8122,6635.2036,4257,2852,-0.05216136,-0.11437665,-0.04113429,-0.05216136,-6635.2036,127205.3315,OK,0.0000,265.4081,4.0000,96.0000,AG03-UNRESOLVED,ALL5_LEVELS_bet23_to_bet27,265.4081,265.4081,265.4081,331.7602,331.7602,4.000000,4.000000,4.000000,5.000000,5.000000,96.000000,96.000000,96.000000,95.000000,95.000000,5.0,1459.7448,1337.1644,5175.4588,5298.0391,PENDING_AG03,FALSE,NOT_FOR_ENFORCEMENT,6369.7955,110565.8997,6635.2036,6369.7955,265.4081,0.05216136,0.05007491,265.4081,6369.7955,0.05007491,265.4081,265.4081,265.4081,331.7602,331.7602,6369.7955,0.05007491,1459.7448,1337.1644,5175.4588,5298.0391,0.04068586,0.04164951,0.00208645,29.8814,40.3832,2.3265,127.6001,7.3643,2446.2564,54.8462,43.4275,28.3160,5.1431,12.8578,28.9875,66.8604,128.5777,263.3173,7.8995,-2.6176,10.0,20.479237,2.324,28,180,56,8,0.15055597,0.05216136,0.11437665,0E-8,0.000000,0.905409,0.000000,-0.07324236,2026-03-22,2026-08-06,52,901,524,138,0.376812,1.533674,1.453326,0.501853,,,,,,,,GLOBAL_BASELINE_NO_ENTITY_RANKING,,,NOT_APPLICABLE_GLOBAL_BASELINE,HF9g-P5,,,,X 全窗基线 · 不参与实体赏罚,14191699,1420,A168_HF9F_20260827_0900,2026-08-27 09:00:00
2026-06-27,128173484,2103,0,119.0629259135,-30.3057577082,-30.3057577082,0.5000000,3,3,0.49771390000000000,0.497713900000,0.006466134837551399,0.0064661348375514,0.006466134837551399,0E-17,ELIGIBLE,R03b_20260811_FULL_v1,L1_ELIGIBILITY,v2026-08-11,2026-03-21..2026-08-06,baccarat_bet02_101_all_pairs_incl_sentinel,round_win = game_pnl > 0 (decisive only),COMPATIBILITY_ONLY_NOT_PRODUCTION,127205.3315,115172.8122,6635.2036,4257,2852,-0.05216136,-0.11437665,-0.04113429,-0.05216136,-6635.2036,127205.3315,OK,0.0000,265.4081,4.0000,96.0000,AG03-UNRESOLVED,ALL5_LEVELS_bet23_to_bet27,265.4081,265.4081,265.4081,331.7602,331.7602,4.000000,4.000000,4.000000,5.000000,5.000000,96.000000,96.000000,96.000000,95.000000,95.000000,5.0,1459.7448,1337.1644,5175.4588,5298.0391,PENDING_AG03,FALSE,NOT_FOR_ENFORCEMENT,6369.7955,110565.8997,6635.2036,6369.7955,265.4081,0.05216136,0.05007491,265.4081,6369.7955,0.05007491,265.4081,265.4081,265.4081,331.7602,331.7602,6369.7955,0.05007491,1459.7448,1337.1644,5175.4588,5298.0391,0.04068586,0.04164951,0.00208645,29.8814,40.3832,2.3265,127.6001,7.3643,2446.2564,54.8462,43.4275,28.3160,5.1431,12.8578,28.9875,66.8604,128.5777,263.3173,7.8995,-2.6176,10.0,20.479237,2.324,28,180,56,8,0.15055597,0.05216136,0.11437665,0E-8,0.000000,0.905409,0.000000,-0.07324236,2026-03-22,2026-08-06,52,901,524,138,0.376812,1.533674,1.453326,0.501853,,,,,,,,GLOBAL_BASELINE_NO_ENTITY_RANKING,,,NOT_APPLICABLE_GLOBAL_BASELINE,HF9g-P5,,,,X 全窗基线 · 不参与实体赏罚,14191700,1420,A168_HF9F_20260827_0900,2026-08-27 09:00:00
2026-06-29,128173484,1017,0,15.4293208527,14.6578548101,14.6578548101,1.0000000,1,1,0.50665070000000000,0.506650700000,0.9867858985152569,0.9867858985152569,0.9867858985152569,0E-17,ELIGIBLE,R03b_20260811_FULL_v1,L1_ELIGIBILITY,v2026-08-11,2026-03-21..2026-08-06,baccarat_bet02_101_all_pairs_incl_sentinel,round_win = game_pnl > 0 (decisive only),COMPATIBILITY_ONLY_NOT_PRODUCTION,127205.3315,115172.8122,6635.2036,4257,2852,-0.05216136,-0.11437665,-0.04113429,-0.05216136,-6635.2036,127205.3315,OK,0.0000,265.4081,4.0000,96.0000,AG03-UNRESOLVED,ALL5_LEVELS_bet23_to_bet27,265.4081,265.4081,265.4081,331.7602,331.7602,4.000000,4.000000,4.000000,5.000000,5.000000,96.000000,96.000000,96.000000,95.000000,95.000000,5.0,1459.7448,1337.1644,5175.4588,5298.0391,PENDING_AG03,FALSE,NOT_FOR_ENFORCEMENT,6369.7955,110565.8997,6635.2036,6369.7955,265.4081,0.05216136,0.05007491,265.4081,6369.7955,0.05007491,265.4081,265.4081,265.4081,331.7602,331.7602,6369.7955,0.05007491,1459.7448,1337.1644,5175.4588,5298.0391,0.04068586,0.04164951,0.00208645,29.8814,40.3832,2.3265,127.6001,7.3643,2446.2564,54.8462,43.4275,28.3160,5.1431,12.8578,28.9875,66.8604,128.5777,263.3173,7.8995,-2.6176,10.0,20.479237,2.324,28,180,56,8,0.15055597,0.05216136,0.11437665,0E-8,0.000000,0.905409,0.000000,-0.07324236,2026-03-22,2026-08-06,52,901,524,138,0.376812,1.533674,1.453326,0.501853,,,,,,,,GLOBAL_BASELINE_NO_ENTITY_RANKING,,,NOT_APPLICABLE_GLOBAL_BASELINE,HF9g-P5,,,,X 全窗基线 · 不参与实体赏罚,14191701,1420,A168_HF9F_20260827_0900,2026-08-27 09:00:00
2026-06-29,128173484,1109,0,66.8603903618,-66.8603903618,-66.8603903618,0E-7,1,1,0.50665070000000000,0.506650700000,-1.013391052207602,-1.013391052207602,-1.013391052207602,0E-17,ELIGIBLE,R03b_20260811_FULL_v1,L1_ELIGIBILITY,v2026-08-11,2026-03-21..2026-08-06,baccarat_bet02_101_all_pairs_incl_sentinel,round_win = game_pnl > 0 (decisive only),COMPATIBILITY_ONLY_NOT_PRODUCTION,127205.3315,115172.8122,6635.2036,4257,2852,-0.05216136,-0.11437665,-0.04113429,-0.05216136,-6635.2036,127205.3315,OK,0.0000,265.4081,4.0000,96.0000,AG03-UNRESOLVED,ALL5_LEVELS_bet23_to_bet27,265.4081,265.4081,265.4081,331.7602,331.7602,4.000000,4.000000,4.000000,5.000000,5.000000,96.000000,96.000000,96.000000,95.000000,95.000000,5.0,1459.7448,1337.1644,5175.4588,5298.0391,PENDING_AG03,FALSE,NOT_FOR_ENFORCEMENT,6369.7955,110565.8997,6635.2036,6369.7955,265.4081,0.05216136,0.05007491,265.4081,6369.7955,0.05007491,265.4081,265.4081,265.4081,331.7602,331.7602,6369.7955,0.05007491,1459.7448,1337.1644,5175.4588,5298.0391,0.04068586,0.04164951,0.00208645,29.8814,40.3832,2.3265,127.6001,7.3643,2446.2564,54.8462,43.4275,28.3160,5.1431,12.8578,28.9875,66.8604,128.5777,263.3173,7.8995,-2.6176,10.0,20.479237,2.324,28,180,56,8,0.15055597,0.05216136,0.11437665,0E-8,0.000000,0.905409,0.000000,-0.07324236,2026-03-22,2026-08-06,52,901,524,138,0.376812,1.533674,1.453326,0.501853,,,,,,,,GLOBAL_BASELINE_NO_ENTITY_RANKING,,,NOT_APPLICABLE_GLOBAL_BASELINE,HF9g-P5,,,,X 全窗基线 · 不参与实体赏罚,14191702,1420,A168_HF9F_20260827_0900,2026-08-27 09:00:00
2026-06-29,128173484,1306,0,2.5715534755,-2.5715534755,-2.5715534755,0E-7,1,1,0.50665070000000000,0.506650700000,-1.013391052207602,-1.013391052207602,-1.013391052207602,0E-17,ELIGIBLE,R03b_20260811_FULL_v1,L1_ELIGIBILITY,v2026-08-11,2026-03-21..2026-08-06,baccarat_bet02_101_all_pairs_incl_sentinel,round_win = game_pnl > 0 (decisive only),COMPATIBILITY_ONLY_NOT_PRODUCTION,127205.3315,115172.8122,6635.2036,4257,2852,-0.05216136,-0.11437665,-0.04113429,-0.05216136,-6635.2036,127205.3315,OK,0.0000,265.4081,4.0000,96.0000,AG03-UNRESOLVED,ALL5_LEVELS_bet23_to_bet27,265.4081,265.4081,265.4081,331.7602,331.7602,4.000000,4.000000,4.000000,5.000000,5.000000,96.000000,96.000000,96.000000,95.000000,95.000000,5.0,1459.7448,1337.1644,5175.4588,5298.0391,PENDING_AG03,FALSE,NOT_FOR_ENFORCEMENT,6369.7955,110565.8997,6635.2036,6369.7955,265.4081,0.05216136,0.05007491,265.4081,6369.7955,0.05007491,265.4081,265.4081,265.4081,331.7602,331.7602,6369.7955,0.05007491,1459.7448,1337.1644,5175.4588,5298.0391,0.04068586,0.04164951,0.00208645,29.8814,40.3832,2.3265,127.6001,7.3643,2446.2564,54.8462,43.4275,28.3160,5.1431,12.8578,28.9875,66.8604,128.5777,263.3173,7.8995,-2.6176,10.0,20.479237,2.324,28,180,56,8,0.15055597,0.05216136,0.11437665,0E-8,0.000000,0.905409,0.000000,-0.07324236,2026-03-22,2026-08-06,52,901,524,138,0.376812,1.533674,1.453326,0.501853,,,,,,,,GLOBAL_BASELINE_NO_ENTITY_RANKING,,,NOT_APPLICABLE_GLOBAL_BASELINE,HF9g-P5,,,,X 全窗基线 · 不参与实体赏罚,14191703,1420,A168_HF9F_20260827_0900,2026-08-27 09:00:00
2026-06-29,128173484,1382,0,5.1431069509,-5.1431069509,-5.1431069509,0E-7,1,1,0.50665070000000000,0.506650700000,-1.013391052207602,-1.013391052207602,-1.013391052207602,0E-17,ELIGIBLE,R03b_20260811_FULL_v1,L1_ELIGIBILITY,v2026-08-11,2026-03-21..2026-08-06,baccarat_bet02_101_all_pairs_incl_sentinel,round_win = game_pnl > 0 (decisive only),COMPATIBILITY_ONLY_NOT_PRODUCTION,127205.3315,115172.8122,6635.2036,4257,2852,-0.05216136,-0.11437665,-0.04113429,-0.05216136,-6635.2036,127205.3315,OK,0.0000,265.4081,4.0000,96.0000,AG03-UNRESOLVED,ALL5_LEVELS_bet23_to_bet27,265.4081,265.4081,265.4081,331.7602,331.7602,4.000000,4.000000,4.000000,5.000000,5.000000,96.000000,96.000000,96.000000,95.000000,95.000000,5.0,1459.7448,1337.1644,5175.4588,5298.0391,PENDING_AG03,FALSE,NOT_FOR_ENFORCEMENT,6369.7955,110565.8997,6635.2036,6369.7955,265.4081,0.05216136,0.05007491,265.4081,6369.7955,0.05007491,265.4081,265.4081,265.4081,331.7602,331.7602,6369.7955,0.05007491,1459.7448,1337.1644,5175.4588,5298.0391,0.04068586,0.04164951,0.00208645,29.8814,40.3832,2.3265,127.6001,7.3643,2446.2564,54.8462,43.4275,28.3160,5.1431,12.8578,28.9875,66.8604,128.5777,263.3173,7.8995,-2.6176,10.0,20.479237,2.324,28,180,56,8,0.15055597,0.05216136,0.11437665,0E-8,0.000000,0.905409,0.000000,-0.07324236,2026-03-22,2026-08-06,52,901,524,138,0.376812,1.533674,1.453326,0.501853,,,,,,,,GLOBAL_BASELINE_NO_ENTITY_RANKING,,,NOT_APPLICABLE_GLOBAL_BASELINE,HF9g-P5,,,,X 全窗基线 · 不参与实体赏罚,14191704,1420,A168_HF9F_20260827_0900,2026-08-27 09:00:00
2026-06-29,128173484,1509,0,192.0950446164,-192.0950446164,-192.0950446164,0E-7,3,3,0.49771390000000000,0.497713900000,-1.724149546644903,-1.724149546644903,-1.724149546644903,0E-17,ELIGIBLE,R03b_20260811_FULL_v1,L1_ELIGIBILITY,v2026-08-11,2026-03-21..2026-08-06,baccarat_bet02_101_all_pairs_incl_sentinel,round_win = game_pnl > 0 (decisive only),COMPATIBILITY_ONLY_NOT_PRODUCTION,127205.3315,115172.8122,6635.2036,4257,2852,-0.05216136,-0.11437665,-0.04113429,-0.05216136,-6635.2036,127205.3315,OK,0.0000,265.4081,4.0000,96.0000,AG03-UNRESOLVED,ALL5_LEVELS_bet23_to_bet27,265.4081,265.4081,265.4081,331.7602,331.7602,4.000000,4.000000,4.000000,5.000000,5.000000,96.000000,96.000000,96.000000,95.000000,95.000000,5.0,1459.7448,1337.1644,5175.4588,5298.0391,PENDING_AG03,FALSE,NOT_FOR_ENFORCEMENT,6369.7955,110565.8997,6635.2036,6369.7955,265.4081,0.05216136,0.05007491,265.4081,6369.7955,0.05007491,265.4081,265.4081,265.4081,331.7602,331.7602,6369.7955,0.05007491,1459.7448,1337.1644,5175.4588,5298.0391,0.04068586,0.04164951,0.00208645,29.8814,40.3832,2.3265,127.6001,7.3643,2446.2564,54.8462,43.4275,28.3160,5.1431,12.8578,28.9875,66.8604,128.5777,263.3173,7.8995,-2.6176,10.0,20.479237,2.324,28,180,56,8,0.15055597,0.05216136,0.11437665,0E-8,0.000000,0.905409,0.000000,-0.07324236,2026-03-22,2026-08-06,52,901,524,138,0.376812,1.533674,1.453326,0.501853,,,,,,,,GLOBAL_BASELINE_NO_ENTITY_RANKING,,,NOT_APPLICABLE_GLOBAL_BASELINE,HF9g-P5,,,,X 全窗基线 · 不参与实体赏罚,14191705,1420,A168_HF9F_20260827_0900,2026-08-27 09:00:00
2026-06-29,128173484,2222,0,61.7172834109,61.7172834109,61.7172834109,1.0000000,1,1,0.49324550000000000,0.493245500000,1.01360149184955,1.01360149184955,1.01360149184955,0E-17,ELIGIBLE,R03b_20260811_FULL_v1,L1_ELIGIBILITY,v2026-08-11,2026-03-21..2026-08-06,baccarat_bet02_101_all_pairs_incl_sentinel,round_win = game_pnl > 0 (decisive only),COMPATIBILITY_ONLY_NOT_PRODUCTION,127205.3315,115172.8122,6635.2036,4257,2852,-0.05216136,-0.11437665,-0.04113429,-0.05216136,-6635.2036,127205.3315,OK,0.0000,265.4081,4.0000,96.0000,AG03-UNRESOLVED,ALL5_LEVELS_bet23_to_bet27,265.4081,265.4081,265.4081,331.7602,331.7602,4.000000,4.000000,4.000000,5.000000,5.000000,96.000000,96.000000,96.000000,95.000000,95.000000,5.0,1459.7448,1337.1644,5175.4588,5298.0391,PENDING_AG03,FALSE,NOT_FOR_ENFORCEMENT,6369.7955,110565.8997,6635.2036,6369.7955,265.4081,0.05216136,0.05007491,265.4081,6369.7955,0.05007491,265.4081,265.4081,265.4081,331.7602,331.7602,6369.7955,0.05007491,1459.7448,1337.1644,5175.4588,5298.0391,0.04068586,0.04164951,0.00208645,29.8814,40.3832,2.3265,127.6001,7.3643,2446.2564,54.8462,43.4275,28.3160,5.1431,12.8578,28.9875,66.8604,128.5777,263.3173,7.8995,-2.6176,10.0,20.479237,2.324,28,180,56,8,0.15055597,0.05216136,0.11437665,0E-8,0.000000,0.905409,0.000000,-0.07324236,2026-03-22,2026-08-06,52,901,524,138,0.376812,1.533674,1.453326,0.501853,,,,,,,,GLOBAL_BASELINE_NO_ENTITY_RANKING,,,NOT_APPLICABLE_GLOBAL_BASELINE,HF9g-P5,,,,X 全窗基线 · 不参与实体赏罚,14191706,1420,A168_HF9F_20260827_0900,2026-08-27 09:00:00
2026-06-29,128173484,2252,0,59.1457299355,-59.1457299355,-59.1457299355,0E-7,1,1,0.50665070000000000,0.506650700000,-1.013391052207602,-1.013391052207602,-1.013391052207602,0E-17,ELIGIBLE,R03b_20260811_FULL_v1,L1_ELIGIBILITY,v2026-08-11,2026-03-21..2026-08-06,baccarat_bet02_101_all_pairs_incl_sentinel,round_win = game_pnl > 0 (decisive only),COMPATIBILITY_ONLY_NOT_PRODUCTION,127205.3315,115172.8122,6635.2036,4257,2852,-0.05216136,-0.11437665,-0.04113429,-0.05216136,-6635.2036,127205.3315,OK,0.0000,265.4081,4.0000,96.0000,AG03-UNRESOLVED,ALL5_LEVELS_bet23_to_bet27,265.4081,265.4081,265.4081,331.7602,331.7602,4.000000,4.000000,4.000000,5.000000,5.000000,96.000000,96.000000,96.000000,95.000000,95.000000,5.0,1459.7448,1337.1644,5175.4588,5298.0391,PENDING_AG03,FALSE,NOT_FOR_ENFORCEMENT,6369.7955,110565.8997,6635.2036,6369.7955,265.4081,0.05216136,0.05007491,265.4081,6369.7955,0.05007491,265.4081,265.4081,265.4081,331.7602,331.7602,6369.7955,0.05007491,1459.7448,1337.1644,5175.4588,5298.0391,0.04068586,0.04164951,0.00208645,29.8814,40.3832,2.3265,127.6001,7.3643,2446.2564,54.8462,43.4275,28.3160,5.1431,12.8578,28.9875,66.8604,128.5777,263.3173,7.8995,-2.6176,10.0,20.479237,2.324,28,180,56,8,0.15055597,0.05216136,0.11437665,0E-8,0.000000,0.905409,0.000000,-0.07324236,2026-03-22,2026-08-06,52,901,524,138,0.376812,1.533674,1.453326,0.501853,,,,,,,,GLOBAL_BASELINE_NO_ENTITY_RANKING,,,NOT_APPLICABLE_GLOBAL_BASELINE,HF9g-P5,,,,X 全窗基线 · 不参与实体赏罚,14191707,1420,A168_HF9F_20260827_0900,2026-08-27 09:00:00
2026-07-02,128173484,1004,0,113.5982237368,-72.2897787416,-72.2897787416,0.4000000,12,5,0.40825330059006211,0.263392586667,-0.037547401826174095,0.693488803742159,-0.037547401826174095,0.14486071392306211,ELIGIBLE,R03b_20260811_FULL_v1,L1_ELIGIBILITY,v2026-08-11,2026-03-21..2026-08-06,baccarat_bet02_101_all_pairs_incl_sentinel,round_win = game_pnl > 0 (decisive only),COMPATIBILITY_ONLY_NOT_PRODUCTION,127205.3315,115172.8122,6635.2036,4257,2852,-0.05216136,-0.11437665,-0.04113429,-0.05216136,-6635.2036,127205.3315,OK,0.0000,265.4081,4.0000,96.0000,AG03-UNRESOLVED,ALL5_LEVELS_bet23_to_bet27,265.4081,265.4081,265.4081,331.7602,331.7602,4.000000,4.000000,4.000000,5.000000,5.000000,96.000000,96.000000,96.000000,95.000000,95.000000,5.0,1459.7448,1337.1644,5175.4588,5298.0391,PENDING_AG03,FALSE,NOT_FOR_ENFORCEMENT,6369.7955,110565.8997,6635.2036,6369.7955,265.4081,0.05216136,0.05007491,265.4081,6369.7955,0.05007491,265.4081,265.4081,265.4081,331.7602,331.7602,6369.7955,0.05007491,1459.7448,1337.1644,5175.4588,5298.0391,0.04068586,0.04164951,0.00208645,29.8814,40.3832,2.3265,127.6001,7.3643,2446.2564,54.8462,43.4275,28.3160,5.1431,12.8578,28.9875,66.8604,128.5777,263.3173,7.8995,-2.6176,10.0,20.479237,2.324,28,180,56,8,0.15055597,0.05216136,0.11437665,0E-8,0.000000,0.905409,0.000000,-0.07324236,2026-03-22,2026-08-06,52,901,524,138,0.376812,1.533674,1.453326,0.501853,,,,,,,,GLOBAL_BASELINE_NO_ENTITY_RANKING,,,NOT_APPLICABLE_GLOBAL_BASELINE,HF9g-P5,,,,X 全窗基线 · 不参与实体赏罚,14191708,1420,A168_HF9F_20260827_0900,2026-08-27 09:00:00
2026-07-02,128173484,1109,0,139.4160018588,-12.9088890610,-12.9088890610,0.5000000,5,3,0.46177019150326797,0.360428366667,0.10844768853505823,0.41111003713252803,0.10844768853505823,0.10134182483626797,ELIGIBLE,R03b_20260811_FULL_v1,L1_ELIGIBILITY,v2026-08-11,2026-03-21..2026-08-06,baccarat_bet02_101_all_pairs_incl_sentinel,round_win = game_pnl > 0 (decisive only),COMPATIBILITY_ONLY_NOT_PRODUCTION,127205.3315,115172.8122,6635.2036,4257,2852,-0.05216136,-0.11437665,-0.04113429,-0.05216136,-6635.2036,127205.3315,OK,0.0000,265.4081,4.0000,96.0000,AG03-UNRESOLVED,ALL5_LEVELS_bet23_to_bet27,265.4081,265.4081,265.4081,331.7602,331.7602,4.000000,4.000000,4.000000,5.000000,5.000000,96.000000,96.000000,96.000000,95.000000,95.000000,5.0,1459.7448,1337.1644,5175.4588,5298.0391,PENDING_AG03,FALSE,NOT_FOR_ENFORCEMENT,6369.7955,110565.8997,6635.2036,6369.7955,265.4081,0.05216136,0.05007491,265.4081,6369.7955,0.05007491,265.4081,265.4081,265.4081,331.7602,331.7602,6369.7955,0.05007491,1459.7448,1337.1644,5175.4588,5298.0391,0.04068586,0.04164951,0.00208645,29.8814,40.3832,2.3265,127.6001,7.3643,2446.2564,54.8462,43.4275,28.3160,5.1431,12.8578,28.9875,66.8604,128.5777,263.3173,7.8995,-2.6176,10.0,20.479237,2.324,28,180,56,8,0.15055597,0.05216136,0.11437665,0E-8,0.000000,0.905409,0.000000,-0.07324236,2026-03-22,2026-08-06,52,901,524,138,0.376812,1.533674,1.453326,0.501853,,,,,,,,GLOBAL_BASELINE_NO_ENTITY_RANKING,,,NOT_APPLICABLE_GLOBAL_BASELINE,HF9g-P5,,,,X 全窗基线 · 不参与实体赏罚,14191709,1420,A168_HF9F_20260827_0900,2026-08-27 09:00:00
2026-07-02,128173484,1205,0,185.8880024784,9.6816667958,9.6816667958,0.6666667,6,5,0.49677065500000000,0.460775630000,0.5885493241203181,0.715432328717096,0.5885493241203181,0.03599502500000000,ELIGIBLE,R03b_20260811_FULL_v1,L1_ELIGIBILITY,v2026-08-11,2026-03-21..2026-08-06,baccarat_bet02_101_all_pairs_incl_sentinel,round_win = game_pnl > 0 (decisive only),COMPATIBILITY_ONLY_NOT_PRODUCTION,127205.3315,115172.8122,6635.2036,4257,2852,-0.05216136,-0.11437665,-0.04113429,-0.05216136,-6635.2036,127205.3315,OK,0.0000,265.4081,4.0000,96.0000,AG03-UNRESOLVED,ALL5_LEVELS_bet23_to_bet27,265.4081,265.4081,265.4081,331.7602,331.7602,4.000000,4.000000,4.000000,5.000000,5.000000,96.000000,96.000000,96.000000,95.000000,95.000000,5.0,1459.7448,1337.1644,5175.4588,5298.0391,PENDING_AG03,FALSE,NOT_FOR_ENFORCEMENT,6369.7955,110565.8997,6635.2036,6369.7955,265.4081,0.05216136,0.05007491,265.4081,6369.7955,0.05007491,265.4081,265.4081,265.4081,331.7602,331.7602,6369.7955,0.05007491,1459.7448,1337.1644,5175.4588,5298.0391,0.04068586,0.04164951,0.00208645,29.8814,40.3832,2.3265,127.6001,7.3643,2446.2564,54.8462,43.4275,28.3160,5.1431,12.8578,28.9875,66.8604,128.5777,263.3173,7.8995,-2.6176,10.0,20.479237,2.324,28,180,56,8,0.15055597,0.05216136,0.11437665,0E-8,0.000000,0.905409,0.000000,-0.07324236,2026-03-22,2026-08-06,52,901,524,138,0.376812,1.533674,1.453326,0.501853,,,,,,,,GLOBAL_BASELINE_NO_ENTITY_RANKING,,,NOT_APPLICABLE_GLOBAL_BASELINE,HF9g-P5,,,,X 全窗基线 · 不参与实体赏罚,14191710,1420,A168_HF9F_20260827_0900,2026-08-27 09:00:00
2026-07-02,128173484,1304,0,172.9791134175,140.7068907650,140.7068907650,0.6666667,4,3,0.47818561666666667,0.430192250000,0.6535398024665956,0.8272739006809972,0.6535398024665956,0.04799336666666667,ELIGIBLE,R03b_20260811_FULL_v1,L1_ELIGIBILITY,v2026-08-11,2026-03-21..2026-08-06,baccarat_bet02_101_all_pairs_incl_sentinel,round_win = game_pnl > 0 (decisive only),COMPATIBILITY_ONLY_NOT_PRODUCTION,127205.3315,115172.8122,6635.2036,4257,2852,-0.05216136,-0.11437665,-0.04113429,-0.05216136,-6635.2036,127205.3315,OK,0.0000,265.4081,4.0000,96.0000,AG03-UNRESOLVED,ALL5_LEVELS_bet23_to_bet27,265.4081,265.4081,265.4081,331.7602,331.7602,4.000000,4.000000,4.000000,5.000000,5.000000,96.000000,96.000000,96.000000,95.000000,95.000000,5.0,1459.7448,1337.1644,5175.4588,5298.0391,PENDING_AG03,FALSE,NOT_FOR_ENFORCEMENT,6369.7955,110565.8997,6635.2036,6369.7955,265.4081,0.05216136,0.05007491,265.4081,6369.7955,0.05007491,265.4081,265.4081,265.4081,331.7602,331.7602,6369.7955,0.05007491,1459.7448,1337.1644,5175.4588,5298.0391,0.04068586,0.04164951,0.00208645,29.8814,40.3832,2.3265,127.6001,7.3643,2446.2564,54.8462,43.4275,28.3160,5.1431,12.8578,28.9875,66.8604,128.5777,263.3173,7.8995,-2.6176,10.0,20.479237,2.324,28,180,56,8,0.15055597,0.05216136,0.11437665,0E-8,0.000000,0.905409,0.000000,-0.07324236,2026-03-22,2026-08-06,52,901,524,138,0.376812,1.533674,1.453326,0.501853,,,,,,,,GLOBAL_BASELINE_NO_ENTITY_RANKING,,,NOT_APPLICABLE_GLOBAL_BASELINE,HF9g-P5,,,,X 全窗基线 · 不参与实体赏罚,14191711,1420,A168_HF9F_20260827_0900,2026-08-27 09:00:00
2026-07-02,128173484,1318,0,1123.3315260885,122.3633594095,122.3633594095,0.5714286,40,22,0.44691611926417842,0.350861632576,1.1476617922411492,2.1179391768082465,1.1476617922411492,0.09605448668817842,ELIGIBLE,R03b_20260811_FULL_v1,L1_ELIGIBILITY,v2026-08-11,2026-03-21..2026-08-06,baccarat_bet02_101_all_pairs_incl_sentinel,round_win = game_pnl > 0 (decisive only),COMPATIBILITY_ONLY_NOT_PRODUCTION,127205.3315,115172.8122,6635.2036,4257,2852,-0.05216136,-0.11437665,-0.04113429,-0.05216136,-6635.2036,127205.3315,OK,0.0000,265.4081,4.0000,96.0000,AG03-UNRESOLVED,ALL5_LEVELS_bet23_to_bet27,265.4081,265.4081,265.4081,331.7602,331.7602,4.000000,4.000000,4.000000,5.000000,5.000000,96.000000,96.000000,96.000000,95.000000,95.000000,5.0,1459.7448,1337.1644,5175.4588,5298.0391,PENDING_AG03,FALSE,NOT_FOR_ENFORCEMENT,6369.7955,110565.8997,6635.2036,6369.7955,265.4081,0.05216136,0.05007491,265.4081,6369.7955,0.05007491,265.4081,265.4081,265.4081,331.7602,331.7602,6369.7955,0.05007491,1459.7448,1337.1644,5175.4588,5298.0391,0.04068586,0.04164951,0.00208645,29.8814,40.3832,2.3265,127.6001,7.3643,2446.2564,54.8462,43.4275,28.3160,5.1431,12.8578,28.9875,66.8604,128.5777,263.3173,7.8995,-2.6176,10.0,20.479237,2.324,28,180,56,8,0.15055597,0.05216136,0.11437665,0E-8,0.000000,0.905409,0.000000,-0.07324236,2026-03-22,2026-08-06,52,901,524,138,0.376812,1.533674,1.453326,0.501853,,,,,,,,GLOBAL_BASELINE_NO_ENTITY_RANKING,,,NOT_APPLICABLE_GLOBAL_BASELINE,HF9g-P5,,,,X 全窗基线 · 不参与实体赏罚,14191712,1420,A168_HF9F_20260827_0900,2026-08-27 09:00:00
2026-07-02,128173484,1323,0,247.8506699712,149.7431131077,149.7431131077,0.8000000,10,6,0.44341162888888889,0.361513583333,1.6050241622759565,2.040812029062189,1.6050241622759565,0.08189804555588889,ELIGIBLE,R03b_20260811_FULL_v1,L1_ELIGIBILITY,v2026-08-11,2026-03-21..2026-08-06,baccarat_bet02_101_all_pairs_incl_sentinel,round_win = game_pnl > 0 (decisive only),COMPATIBILITY_ONLY_NOT_PRODUCTION,127205.3315,115172.8122,6635.2036,4257,2852,-0.05216136,-0.11437665,-0.04113429,-0.05216136,-6635.2036,127205.3315,OK,0.0000,265.4081,4.0000,96.0000,AG03-UNRESOLVED,ALL5_LEVELS_bet23_to_bet27,265.4081,265.4081,265.4081,331.7602,331.7602,4.000000,4.000000,4.000000,5.000000,5.000000,96.000000,96.000000,96.000000,95.000000,95.000000,5.0,1459.7448,1337.1644,5175.4588,5298.0391,PENDING_AG03,FALSE,NOT_FOR_ENFORCEMENT,6369.7955,110565.8997,6635.2036,6369.7955,265.4081,0.05216136,0.05007491,265.4081,6369.7955,0.05007491,265.4081,265.4081,265.4081,331.7602,331.7602,6369.7955,0.05007491,1459.7448,1337.1644,5175.4588,5298.0391,0.04068586,0.04164951,0.00208645,29.8814,40.3832,2.3265,127.6001,7.3643,2446.2564,54.8462,43.4275,28.3160,5.1431,12.8578,28.9875,66.8604,128.5777,263.3173,7.8995,-2.6176,10.0,20.479237,2.324,28,180,56,8,0.15055597,0.05216136,0.11437665,0E-8,0.000000,0.905409,0.000000,-0.07324236,2026-03-22,2026-08-06,52,901,524,138,0.376812,1.533674,1.453326,0.501853,,,,,,,,GLOBAL_BASELINE_NO_ENTITY_RANKING,,,NOT_APPLICABLE_GLOBAL_BASELINE,HF9g-P5,,,,X 全窗基线 · 不参与实体赏罚,14191713,1420,A168_HF9F_20260827_0900,2026-08-27 09:00:00
2026-07-02,128173484,1354,0,89.3295123021,1.3683422404,1.3683422404,0.6000000,7,5,0.47659859939393939,0.413555220000,0.5524732692338599,0.8465544849341061,0.5524732692338599,0.06304337939393939,ELIGIBLE,R03b_20260811_FULL_v1,L1_ELIGIBILITY,v2026-08-11,2026-03-21..2026-08-06,baccarat_bet02_101_all_pairs_incl_sentinel,round_win = game_pnl > 0 (decisive only),COMPATIBILITY_ONLY_NOT_PRODUCTION,127205.3315,115172.8122,6635.2036,4257,2852,-0.05216136,-0.11437665,-0.04113429,-0.05216136,-6635.2036,127205.3315,OK,0.0000,265.4081,4.0000,96.0000,AG03-UNRESOLVED,ALL5_LEVELS_bet23_to_bet27,265.4081,265.4081,265.4081,331.7602,331.7602,4.000000,4.000000,4.000000,5.000000,5.000000,96.000000,96.000000,96.000000,95.000000,95.000000,5.0,1459.7448,1337.1644,5175.4588,5298.0391,PENDING_AG03,FALSE,NOT_FOR_ENFORCEMENT,6369.7955,110565.8997,6635.2036,6369.7955,265.4081,0.05216136,0.05007491,265.4081,6369.7955,0.05007491,265.4081,265.4081,265.4081,331.7602,331.7602,6369.7955,0.05007491,1459.7448,1337.1644,5175.4588,5298.0391,0.04068586,0.04164951,0.00208645,29.8814,40.3832,2.3265,127.6001,7.3643,2446.2564,54.8462,43.4275,28.3160,5.1431,12.8578,28.9875,66.8604,128.5777,263.3173,7.8995,-2.6176,10.0,20.479237,2.324,28,180,56,8,0.15055597,0.05216136,0.11437665,0E-8,0.000000,0.905409,0.000000,-0.07324236,2026-03-22,2026-08-06,52,901,524,138,0.376812,1.533674,1.453326,0.501853,,,,,,,,GLOBAL_BASELINE_NO_ENTITY_RANKING,,,NOT_APPLICABLE_GLOBAL_BASELINE,HF9g-P5,,,,X 全窗基线 · 不参与实体赏罚,14191714,1420,A168_HF9F_20260827_0900,2026-08-27 09:00:00
2026-07-02,128173484,1485,0,312.3951152763,167.8155577932,167.8155577932,0.7142857,9,8,0.49765194375000000,0.479654431250,1.1463308051886636,1.2425811890998848,1.1463308051886636,0.01799751250000000,ELIGIBLE,R03b_20260811_FULL_v1,L1_ELIGIBILITY,v2026-08-11,2026-03-21..2026-08-06,baccarat_bet02_101_all_pairs_incl_sentinel,round_win = game_pnl > 0 (decisive only),COMPATIBILITY_ONLY_NOT_PRODUCTION,127205.3315,115172.8122,6635.2036,4257,2852,-0.05216136,-0.11437665,-0.04113429,-0.05216136,-6635.2036,127205.3315,OK,0.0000,265.4081,4.0000,96.0000,AG03-UNRESOLVED,ALL5_LEVELS_bet23_to_bet27,265.4081,265.4081,265.4081,331.7602,331.7602,4.000000,4.000000,4.000000,5.000000,5.000000,96.000000,96.000000,96.000000,95.000000,95.000000,5.0,1459.7448,1337.1644,5175.4588,5298.0391,PENDING_AG03,FALSE,NOT_FOR_ENFORCEMENT,6369.7955,110565.8997,6635.2036,6369.7955,265.4081,0.05216136,0.05007491,265.4081,6369.7955,0.05007491,265.4081,265.4081,265.4081,331.7602,331.7602,6369.7955,0.05007491,1459.7448,1337.1644,5175.4588,5298.0391,0.04068586,0.04164951,0.00208645,29.8814,40.3832,2.3265,127.6001,7.3643,2446.2564,54.8462,43.4275,28.3160,5.1431,12.8578,28.9875,66.8604,128.5777,263.3173,7.8995,-2.6176,10.0,20.479237,2.324,28,180,56,8,0.15055597,0.05216136,0.11437665,0E-8,0.000000,0.905409,0.000000,-0.07324236,2026-03-22,2026-08-06,52,901,524,138,0.376812,1.533674,1.453326,0.501853,,,,,,,,GLOBAL_BASELINE_NO_ENTITY_RANKING,,,NOT_APPLICABLE_GLOBAL_BASELINE,HF9g-P5,,,,X 全窗基线 · 不参与实体赏罚,14191715,1420,A168_HF9F_20260827_0900,2026-08-27 09:00:00
2026-07-02,128173484,1507,0,15.4906668732,9.6816667958,9.6816667958,1.0000000,2,1,0.43466065000000000,0.290680550000,1.1404583914031252,1.5621148022658344,1.1404583914031252,0.14398010000000000,ELIGIBLE,R03b_20260811_FULL_v1,L1_ELIGIBILITY,v2026-08-11,2026-03-21..2026-08-06,baccarat_bet02_101_all_pairs_incl_sentinel,round_win = game_pnl > 0 (decisive only),COMPATIBILITY_ONLY_NOT_PRODUCTION,127205.3315,115172.8122,6635.2036,4257,2852,-0.05216136,-0.11437665,-0.04113429,-0.05216136,-6635.2036,127205.3315,OK,0.0000,265.4081,4.0000,96.0000,AG03-UNRESOLVED,ALL5_LEVELS_bet23_to_bet27,265.4081,265.4081,265.4081,331.7602,331.7602,4.000000,4.000000,4.000000,5.000000,5.000000,96.000000,96.000000,96.000000,95.000000,95.000000,5.0,1459.7448,1337.1644,5175.4588,5298.0391,PENDING_AG03,FALSE,NOT_FOR_ENFORCEMENT,6369.7955,110565.8997,6635.2036,6369.7955,265.4081,0.05216136,0.05007491,265.4081,6369.7955,0.05007491,265.4081,265.4081,265.4081,331.7602,331.7602,6369.7955,0.05007491,1459.7448,1337.1644,5175.4588,5298.0391,0.04068586,0.04164951,0.00208645,29.8814,40.3832,2.3265,127.6001,7.3643,2446.2564,54.8462,43.4275,28.3160,5.1431,12.8578,28.9875,66.8604,128.5777,263.3173,7.8995,-2.6176,10.0,20.479237,2.324,28,180,56,8,0.15055597,0.05216136,0.11437665,0E-8,0.000000,0.905409,0.000000,-0.07324236,2026-03-22,2026-08-06,52,901,524,138,0.376812,1.533674,1.453326,0.501853,,,,,,,,GLOBAL_BASELINE_NO_ENTITY_RANKING,,,NOT_APPLICABLE_GLOBAL_BASELINE,HF9g-P5,,,,X 全窗基线 · 不参与实体赏罚,14191716,1420,A168_HF9F_20260827_0900,2026-08-27 09:00:00
2026-07-02,128173484,1935,0,389.8484496423,-224.6146696615,-224.6146696615,0.4000000,8,5,0.47641459362318841,0.403166820000,-0.3421172837095234,-0.014435755246274686,-0.3421172837095234,0.07324777362318841,ELIGIBLE,R03b_20260811_FULL_v1,L1_ELIGIBILITY,v2026-08-11,2026-03-21..2026-08-06,baccarat_bet02_101_all_pairs_incl_sentinel,round_win = game_pnl > 0 (decisive only),COMPATIBILITY_ONLY_NOT_PRODUCTION,127205.3315,115172.8122,6635.2036,4257,2852,-0.05216136,-0.11437665,-0.04113429,-0.05216136,-6635.2036,127205.3315,OK,0.0000,265.4081,4.0000,96.0000,AG03-UNRESOLVED,ALL5_LEVELS_bet23_to_bet27,265.4081,265.4081,265.4081,331.7602,331.7602,4.000000,4.000000,4.000000,5.000000,5.000000,96.000000,96.000000,96.000000,95.000000,95.000000,5.0,1459.7448,1337.1644,5175.4588,5298.0391,PENDING_AG03,FALSE,NOT_FOR_ENFORCEMENT,6369.7955,110565.8997,6635.2036,6369.7955,265.4081,0.05216136,0.05007491,265.4081,6369.7955,0.05007491,265.4081,265.4081,265.4081,331.7602,331.7602,6369.7955,0.05007491,1459.7448,1337.1644,5175.4588,5298.0391,0.04068586,0.04164951,0.00208645,29.8814,40.3832,2.3265,127.6001,7.3643,2446.2564,54.8462,43.4275,28.3160,5.1431,12.8578,28.9875,66.8604,128.5777,263.3173,7.8995,-2.6176,10.0,20.479237,2.324,28,180,56,8,0.15055597,0.05216136,0.11437665,0E-8,0.000000,0.905409,0.000000,-0.07324236,2026-03-22,2026-08-06,52,901,524,138,0.376812,1.533674,1.453326,0.501853,,,,,,,,GLOBAL_BASELINE_NO_ENTITY_RANKING,,,NOT_APPLICABLE_GLOBAL_BASELINE,HF9g-P5,,,,X 全窗基线 · 不参与实体赏罚,14191717,1420,A168_HF9F_20260827_0900,2026-08-27 09:00:00
2026-07-02,128173484,1942,0,7.7453334366,-7.7453334366,-7.7453334366,0E-7,1,1,0.50665070000000000,0.506650700000,-1.013391052207602,-1.013391052207602,-1.013391052207602,0E-17,ELIGIBLE,R03b_20260811_FULL_v1,L1_ELIGIBILITY,v2026-08-11,2026-03-21..2026-08-06,baccarat_bet02_101_all_pairs_incl_sentinel,round_win = game_pnl > 0 (decisive only),COMPATIBILITY_ONLY_NOT_PRODUCTION,127205.3315,115172.8122,6635.2036,4257,2852,-0.05216136,-0.11437665,-0.04113429,-0.05216136,-6635.2036,127205.3315,OK,0.0000,265.4081,4.0000,96.0000,AG03-UNRESOLVED,ALL5_LEVELS_bet23_to_bet27,265.4081,265.4081,265.4081,331.7602,331.7602,4.000000,4.000000,4.000000,5.000000,5.000000,96.000000,96.000000,96.000000,95.000000,95.000000,5.0,1459.7448,1337.1644,5175.4588,5298.0391,PENDING_AG03,FALSE,NOT_FOR_ENFORCEMENT,6369.7955,110565.8997,6635.2036,6369.7955,265.4081,0.05216136,0.05007491,265.4081,6369.7955,0.05007491,265.4081,265.4081,265.4081,331.7602,331.7602,6369.7955,0.05007491,1459.7448,1337.1644,5175.4588,5298.0391,0.04068586,0.04164951,0.00208645,29.8814,40.3832,2.3265,127.6001,7.3643,2446.2564,54.8462,43.4275,28.3160,5.1431,12.8578,28.9875,66.8604,128.5777,263.3173,7.8995,-2.6176,10.0,20.479237,2.324,28,180,56,8,0.15055597,0.05216136,0.11437665,0E-8,0.000000,0.905409,0.000000,-0.07324236,2026-03-22,2026-08-06,52,901,524,138,0.376812,1.533674,1.453326,0.501853,,,,,,,,GLOBAL_BASELINE_NO_ENTITY_RANKING,,,NOT_APPLICABLE_GLOBAL_BASELINE,HF9g-P5,,,,X 全窗基线 · 不参与实体赏罚,14191718,1420,A168_HF9F_20260827_0900,2026-08-27 09:00:00
2026-07-02,128173484,1990,0,219.9674695995,38.2103116207,38.2103116207,0.2000000,7,5,0.48971425734266270,0.418919710000,-1.2959157826677932,-0.992170698346127,-1.2959157826677932,0.07079454734266270,ELIGIBLE,R03b_20260811_FULL_v1,L1_ELIGIBILITY,v2026-08-11,2026-03-21..2026-08-06,baccarat_bet02_101_all_pairs_incl_sentinel,round_win = game_pnl > 0 (decisive only),COMPATIBILITY_ONLY_NOT_PRODUCTION,127205.3315,115172.8122,6635.2036,4257,2852,-0.05216136,-0.11437665,-0.04113429,-0.05216136,-6635.2036,127205.3315,OK,0.0000,265.4081,4.0000,96.0000,AG03-UNRESOLVED,ALL5_LEVELS_bet23_to_bet27,265.4081,265.4081,265.4081,331.7602,331.7602,4.000000,4.000000,4.000000,5.000000,5.000000,96.000000,96.000000,96.000000,95.000000,95.000000,5.0,1459.7448,1337.1644,5175.4588,5298.0391,PENDING_AG03,FALSE,NOT_FOR_ENFORCEMENT,6369.7955,110565.8997,6635.2036,6369.7955,265.4081,0.05216136,0.05007491,265.4081,6369.7955,0.05007491,265.4081,265.4081,265.4081,331.7602,331.7602,6369.7955,0.05007491,1459.7448,1337.1644,5175.4588,5298.0391,0.04068586,0.04164951,0.00208645,29.8814,40.3832,2.3265,127.6001,7.3643,2446.2564,54.8462,43.4275,28.3160,5.1431,12.8578,28.9875,66.8604,128.5777,263.3173,7.8995,-2.6176,10.0,20.479237,2.324,28,180,56,8,0.15055597,0.05216136,0.11437665,0E-8,0.000000,0.905409,0.000000,-0.07324236,2026-03-22,2026-08-06,52,901,524,138,0.376812,1.533674,1.453326,0.501853,,,,,,,,GLOBAL_BASELINE_NO_ENTITY_RANKING,,,NOT_APPLICABLE_GLOBAL_BASELINE,HF9g-P5,,,,X 全窗基线 · 不参与实体赏罚,14191719,1420,A168_HF9F_20260827_0900,2026-08-27 09:00:00
2026-07-02,128173484,2059,0,28.3995559342,-3.2272222652,-3.2272222652,0.5000000,3,2,0.47065567500000000,0.398665625000,0.08314159298543387,0.2926910081793089,0.08314159298543387,0.07199005000000000,ELIGIBLE,R03b_20260811_FULL_v1,L1_ELIGIBILITY,v2026-08-11,2026-03-21..2026-08-06,baccarat_bet02_101_all_pairs_incl_sentinel,round_win = game_pnl > 0 (decisive only),COMPATIBILITY_ONLY_NOT_PRODUCTION,127205.3315,115172.8122,6635.2036,4257,2852,-0.05216136,-0.11437665,-0.04113429,-0.05216136,-6635.2036,127205.3315,OK,0.0000,265.4081,4.0000,96.0000,AG03-UNRESOLVED,ALL5_LEVELS_bet23_to_bet27,265.4081,265.4081,265.4081,331.7602,331.7602,4.000000,4.000000,4.000000,5.000000,5.000000,96.000000,96.000000,96.000000,95.000000,95.000000,5.0,1459.7448,1337.1644,5175.4588,5298.0391,PENDING_AG03,FALSE,NOT_FOR_ENFORCEMENT,6369.7955,110565.8997,6635.2036,6369.7955,265.4081,0.05216136,0.05007491,265.4081,6369.7955,0.05007491,265.4081,265.4081,265.4081,331.7602,331.7602,6369.7955,0.05007491,1459.7448,1337.1644,5175.4588,5298.0391,0.04068586,0.04164951,0.00208645,29.8814,40.3832,2.3265,127.6001,7.3643,2446.2564,54.8462,43.4275,28.3160,5.1431,12.8578,28.9875,66.8604,128.5777,263.3173,7.8995,-2.6176,10.0,20.479237,2.324,28,180,56,8,0.15055597,0.05216136,0.11437665,0E-8,0.000000,0.905409,0.000000,-0.07324236,2026-03-22,2026-08-06,52,901,524,138,0.376812,1.533674,1.453326,0.501853,,,,,,,,GLOBAL_BASELINE_NO_ENTITY_RANKING,,,NOT_APPLICABLE_GLOBAL_BASELINE,HF9g-P5,,,,X 全窗基线 · 不参与实体赏罚,14191720,1420,A168_HF9F_20260827_0900,2026-08-27 09:00:00
2026-07-02,128173484,2068,0,38.7266671830,-12.9088890610,-12.9088890610,0.3333333,4,3,0.48161256666666667,0.430188233333,-0.5140020150750165,-0.33883421178755047,-0.5140020150750165,0.05142433333366667,ELIGIBLE,R03b_20260811_FULL_v1,L1_ELIGIBILITY,v2026-08-11,2026-03-21..2026-08-06,baccarat_bet02_101_all_pairs_incl_sentinel,round_win = game_pnl > 0 (decisive only),COMPATIBILITY_ONLY_NOT_PRODUCTION,127205.3315,115172.8122,6635.2036,4257,2852,-0.05216136,-0.11437665,-0.04113429,-0.05216136,-6635.2036,127205.3315,OK,0.0000,265.4081,4.0000,96.0000,AG03-UNRESOLVED,ALL5_LEVELS_bet23_to_bet27,265.4081,265.4081,265.4081,331.7602,331.7602,4.000000,4.000000,4.000000,5.000000,5.000000,96.000000,96.000000,96.000000,95.000000,95.000000,5.0,1459.7448,1337.1644,5175.4588,5298.0391,PENDING_AG03,FALSE,NOT_FOR_ENFORCEMENT,6369.7955,110565.8997,6635.2036,6369.7955,265.4081,0.05216136,0.05007491,265.4081,6369.7955,0.05007491,265.4081,265.4081,265.4081,331.7602,331.7602,6369.7955,0.05007491,1459.7448,1337.1644,5175.4588,5298.0391,0.04068586,0.04164951,0.00208645,29.8814,40.3832,2.3265,127.6001,7.3643,2446.2564,54.8462,43.4275,28.3160,5.1431,12.8578,28.9875,66.8604,128.5777,263.3173,7.8995,-2.6176,10.0,20.479237,2.324,28,180,56,8,0.15055597,0.05216136,0.11437665,0E-8,0.000000,0.905409,0.000000,-0.07324236,2026-03-22,2026-08-06,52,901,524,138,0.376812,1.533674,1.453326,0.501853,,,,,,,,GLOBAL_BASELINE_NO_ENTITY_RANKING,,,NOT_APPLICABLE_GLOBAL_BASELINE,HF9g-P5,,,,X 全窗基线 · 不参与实体赏罚,14191721,1420,A168_HF9F_20260827_0900,2026-08-27 09:00:00
2026-07-02,128173484,2092,0,5.1635556244,4.9053778432,4.9053778432,1.0000000,1,1,0.50665070000000000,0.506650700000,0.9867858985152569,0.9867858985152569,0.9867858985152569,0E-17,ELIGIBLE,R03b_20260811_FULL_v1,L1_ELIGIBILITY,v2026-08-11,2026-03-21..2026-08-06,baccarat_bet02_101_all_pairs_incl_sentinel,round_win = game_pnl > 0 (decisive only),COMPATIBILITY_ONLY_NOT_PRODUCTION,127205.3315,115172.8122,6635.2036,4257,2852,-0.05216136,-0.11437665,-0.04113429,-0.05216136,-6635.2036,127205.3315,OK,0.0000,265.4081,4.0000,96.0000,AG03-UNRESOLVED,ALL5_LEVELS_bet23_to_bet27,265.4081,265.4081,265.4081,331.7602,331.7602,4.000000,4.000000,4.000000,5.000000,5.000000,96.000000,96.000000,96.000000,95.000000,95.000000,5.0,1459.7448,1337.1644,5175.4588,5298.0391,PENDING_AG03,FALSE,NOT_FOR_ENFORCEMENT,6369.7955,110565.8997,6635.2036,6369.7955,265.4081,0.05216136,0.05007491,265.4081,6369.7955,0.05007491,265.4081,265.4081,265.4081,331.7602,331.7602,6369.7955,0.05007491,1459.7448,1337.1644,5175.4588,5298.0391,0.04068586,0.04164951,0.00208645,29.8814,40.3832,2.3265,127.6001,7.3643,2446.2564,54.8462,43.4275,28.3160,5.1431,12.8578,28.9875,66.8604,128.5777,263.3173,7.8995,-2.6176,10.0,20.479237,2.324,28,180,56,8,0.15055597,0.05216136,0.11437665,0E-8,0.000000,0.905409,0.000000,-0.07324236,2026-03-22,2026-08-06,52,901,524,138,0.376812,1.533674,1.453326,0.501853,,,,,,,,GLOBAL_BASELINE_NO_ENTITY_RANKING,,,NOT_APPLICABLE_GLOBAL_BASELINE,HF9g-P5,,,,X 全窗基线 · 不参与实体赏罚,14191722,1420,A168_HF9F_20260827_0900,2026-08-27 09:00:00
2026-07-02,128173484,2106,0,227.1964474737,-94.8803345984,-94.8803345984,0.3333333,6,3,0.48045689064171188,0.384024816667,-0.510040704291276,-0.18052376147645616,-0.510040704291276,0.09643207397471188,ELIGIBLE,R03b_20260811_FULL_v1,L1_ELIGIBILITY,v2026-08-11,2026-03-21..2026-08-06,baccarat_bet02_101_all_pairs_incl_sentinel,round_win = game_pnl > 0 (decisive only),COMPATIBILITY_ONLY_NOT_PRODUCTION,127205.3315,115172.8122,6635.2036,4257,2852,-0.05216136,-0.11437665,-0.04113429,-0.05216136,-6635.2036,127205.3315,OK,0.0000,265.4081,4.0000,96.0000,AG03-UNRESOLVED,ALL5_LEVELS_bet23_to_bet27,265.4081,265.4081,265.4081,331.7602,331.7602,4.000000,4.000000,4.000000,5.000000,5.000000,96.000000,96.000000,96.000000,95.000000,95.000000,5.0,1459.7448,1337.1644,5175.4588,5298.0391,PENDING_AG03,FALSE,NOT_FOR_ENFORCEMENT,6369.7955,110565.8997,6635.2036,6369.7955,265.4081,0.05216136,0.05007491,265.4081,6369.7955,0.05007491,265.4081,265.4081,265.4081,331.7602,331.7602,6369.7955,0.05007491,1459.7448,1337.1644,5175.4588,5298.0391,0.04068586,0.04164951,0.00208645,29.8814,40.3832,2.3265,127.6001,7.3643,2446.2564,54.8462,43.4275,28.3160,5.1431,12.8578,28.9875,66.8604,128.5777,263.3173,7.8995,-2.6176,10.0,20.479237,2.324,28,180,56,8,0.15055597,0.05216136,0.11437665,0E-8,0.000000,0.905409,0.000000,-0.07324236,2026-03-22,2026-08-06,52,901,524,138,0.376812,1.533674,1.453326,0.501853,,,,,,,,GLOBAL_BASELINE_NO_ENTITY_RANKING,,,NOT_APPLICABLE_GLOBAL_BASELINE,HF9g-P5,,,,X 全窗基线 · 不参与实体赏罚,14191723,1420,A168_HF9F_20260827_0900,2026-08-27 09:00:00
2026-07-02,128173484,2121,0,134.2524462344,-3.3563111558,-3.3563111558,0.5000000,7,4,0.45613488333333333,0.343808337500,0.17613961350236,0.6576794728065475,0.17613961350236,0.11232654583333333,ELIGIBLE,R03b_20260811_FULL_v1,L1_ELIGIBILITY,v2026-08-11,2026-03-21..2026-08-06,baccarat_bet02_101_all_pairs_incl_sentinel,round_win = game_pnl > 0 (decisive only),COMPATIBILITY_ONLY_NOT_PRODUCTION,127205.3315,115172.8122,6635.2036,4257,2852,-0.05216136,-0.11437665,-0.04113429,-0.05216136,-6635.2036,127205.3315,OK,0.0000,265.4081,4.0000,96.0000,AG03-UNRESOLVED,ALL5_LEVELS_bet23_to_bet27,265.4081,265.4081,265.4081,331.7602,331.7602,4.000000,4.000000,4.000000,5.000000,5.000000,96.000000,96.000000,96.000000,95.000000,95.000000,5.0,1459.7448,1337.1644,5175.4588,5298.0391,PENDING_AG03,FALSE,NOT_FOR_ENFORCEMENT,6369.7955,110565.8997,6635.2036,6369.7955,265.4081,0.05216136,0.05007491,265.4081,6369.7955,0.05007491,265.4081,265.4081,265.4081,331.7602,331.7602,6369.7955,0.05007491,1459.7448,1337.1644,5175.4588,5298.0391,0.04068586,0.04164951,0.00208645,29.8814,40.3832,2.3265,127.6001,7.3643,2446.2564,54.8462,43.4275,28.3160,5.1431,12.8578,28.9875,66.8604,128.5777,263.3173,7.8995,-2.6176,10.0,20.479237,2.324,28,180,56,8,0.15055597,0.05216136,0.11437665,0E-8,0.000000,0.905409,0.000000,-0.07324236,2026-03-22,2026-08-06,52,901,524,138,0.376812,1.533674,1.453326,0.501853,,,,,,,,GLOBAL_BASELINE_NO_ENTITY_RANKING,,,NOT_APPLICABLE_GLOBAL_BASELINE,HF9g-P5,,,,X 全窗基线 · 不参与实体赏罚,14191724,1420,A168_HF9F_20260827_0900,2026-08-27 09:00:00
2026-07-02,128173484,2123,0,885.8079673662,-271.4610280637,-271.4610280637,0.2857143,19,15,0.48241526887057861,0.444589456667,-1.4728865551879935,-1.1962815623044023,-1.4728865551879935,0.03782581220357861,ELIGIBLE,R03b_20260811_FULL_v1,L1_ELIGIBILITY,v2026-08-11,2026-03-21..2026-08-06,baccarat_bet02_101_all_pairs_incl_sentinel,round_win = game_pnl > 0 (decisive only),COMPATIBILITY_ONLY_NOT_PRODUCTION,127205.3315,115172.8122,6635.2036,4257,2852,-0.05216136,-0.11437665,-0.04113429,-0.05216136,-6635.2036,127205.3315,OK,0.0000,265.4081,4.0000,96.0000,AG03-UNRESOLVED,ALL5_LEVELS_bet23_to_bet27,265.4081,265.4081,265.4081,331.7602,331.7602,4.000000,4.000000,4.000000,5.000000,5.000000,96.000000,96.000000,96.000000,95.000000,95.000000,5.0,1459.7448,1337.1644,5175.4588,5298.0391,PENDING_AG03,FALSE,NOT_FOR_ENFORCEMENT,6369.7955,110565.8997,6635.2036,6369.7955,265.4081,0.05216136,0.05007491,265.4081,6369.7955,0.05007491,265.4081,265.4081,265.4081,331.7602,331.7602,6369.7955,0.05007491,1459.7448,1337.1644,5175.4588,5298.0391,0.04068586,0.04164951,0.00208645,29.8814,40.3832,2.3265,127.6001,7.3643,2446.2564,54.8462,43.4275,28.3160,5.1431,12.8578,28.9875,66.8604,128.5777,263.3173,7.8995,-2.6176,10.0,20.479237,2.324,28,180,56,8,0.15055597,0.05216136,0.11437665,0E-8,0.000000,0.905409,0.000000,-0.07324236,2026-03-22,2026-08-06,52,901,524,138,0.376812,1.533674,1.453326,0.501853,,,,,,,,GLOBAL_BASELINE_NO_ENTITY_RANKING,,,NOT_APPLICABLE_GLOBAL_BASELINE,HF9g-P5,,,,X 全窗基线 · 不参与实体赏罚,14191725,1420,A168_HF9F_20260827_0900,2026-08-27 09:00:00
2026-07-02,128173484,2152,0,157.7466243255,145.6122686082,145.6122686082,1.0000000,3,2,0.47920868018031176,0.395308300000,1.474295460651477,1.7490975646205589,1.474295460651477,0.08390038018031176,ELIGIBLE,R03b_20260811_FULL_v1,L1_ELIGIBILITY,v2026-08-11,2026-03-21..2026-08-06,baccarat_bet02_101_all_pairs_incl_sentinel,round_win = game_pnl > 0 (decisive only),COMPATIBILITY_ONLY_NOT_PRODUCTION,127205.3315,115172.8122,6635.2036,4257,2852,-0.05216136,-0.11437665,-0.04113429,-0.05216136,-6635.2036,127205.3315,OK,0.0000,265.4081,4.0000,96.0000,AG03-UNRESOLVED,ALL5_LEVELS_bet23_to_bet27,265.4081,265.4081,265.4081,331.7602,331.7602,4.000000,4.000000,4.000000,5.000000,5.000000,96.000000,96.000000,96.000000,95.000000,95.000000,5.0,1459.7448,1337.1644,5175.4588,5298.0391,PENDING_AG03,FALSE,NOT_FOR_ENFORCEMENT,6369.7955,110565.8997,6635.2036,6369.7955,265.4081,0.05216136,0.05007491,265.4081,6369.7955,0.05007491,265.4081,265.4081,265.4081,331.7602,331.7602,6369.7955,0.05007491,1459.7448,1337.1644,5175.4588,5298.0391,0.04068586,0.04164951,0.00208645,29.8814,40.3832,2.3265,127.6001,7.3643,2446.2564,54.8462,43.4275,28.3160,5.1431,12.8578,28.9875,66.8604,128.5777,263.3173,7.8995,-2.6176,10.0,20.479237,2.324,28,180,56,8,0.15055597,0.05216136,0.11437665,0E-8,0.000000,0.905409,0.000000,-0.07324236,2026-03-22,2026-08-06,52,901,524,138,0.376812,1.533674,1.453326,0.501853,,,,,,,,GLOBAL_BASELINE_NO_ENTITY_RANKING,,,NOT_APPLICABLE_GLOBAL_BASELINE,HF9g-P5,,,,X 全窗基线 · 不参与实体赏罚,14191726,1420,A168_HF9F_20260827_0900,2026-08-27 09:00:00
2026-07-02,128173484,2160,0,277.2829370303,-83.1332455527,-83.1332455527,0.5000000,14,9,0.47596080779543392,0.401414979630,0.13614364774627508,0.5688479722140924,0.13614364774627508,0.07454582816543392,ELIGIBLE,R03b_20260811_FULL_v1,L1_ELIGIBILITY,v2026-08-11,2026-03-21..2026-08-06,baccarat_bet02_101_all_pairs_incl_sentinel,round_win = game_pnl > 0 (decisive only),COMPATIBILITY_ONLY_NOT_PRODUCTION,127205.3315,115172.8122,6635.2036,4257,2852,-0.05216136,-0.11437665,-0.04113429,-0.05216136,-6635.2036,127205.3315,OK,0.0000,265.4081,4.0000,96.0000,AG03-UNRESOLVED,ALL5_LEVELS_bet23_to_bet27,265.4081,265.4081,265.4081,331.7602,331.7602,4.000000,4.000000,4.000000,5.000000,5.000000,96.000000,96.000000,96.000000,95.000000,95.000000,5.0,1459.7448,1337.1644,5175.4588,5298.0391,PENDING_AG03,FALSE,NOT_FOR_ENFORCEMENT,6369.7955,110565.8997,6635.2036,6369.7955,265.4081,0.05216136,0.05007491,265.4081,6369.7955,0.05007491,265.4081,265.4081,265.4081,331.7602,331.7602,6369.7955,0.05007491,1459.7448,1337.1644,5175.4588,5298.0391,0.04068586,0.04164951,0.00208645,29.8814,40.3832,2.3265,127.6001,7.3643,2446.2564,54.8462,43.4275,28.3160,5.1431,12.8578,28.9875,66.8604,128.5777,263.3173,7.8995,-2.6176,10.0,20.479237,2.324,28,180,56,8,0.15055597,0.05216136,0.11437665,0E-8,0.000000,0.905409,0.000000,-0.07324236,2026-03-22,2026-08-06,52,901,524,138,0.376812,1.533674,1.453326,0.501853,,,,,,,,GLOBAL_BASELINE_NO_ENTITY_RANKING,,,NOT_APPLICABLE_GLOBAL_BASELINE,HF9g-P5,,,,X 全窗基线 · 不参与实体赏罚,14191727,1420,A168_HF9F_20260827_0900,2026-08-27 09:00:00
2026-07-02,128173484,2170,0,359.3834714583,85.5213900294,85.5213900294,0.6363636,18,11,0.44739293608997077,0.381850515152,1.2604860324742466,1.737453031971075,1.2604860324742466,0.06554242093797077,ELIGIBLE,R03b_20260811_FULL_v1,L1_ELIGIBILITY,v2026-08-11,2026-03-21..2026-08-06,baccarat_bet02_101_all_pairs_incl_sentinel,round_win = game_pnl > 0 (decisive only),COMPATIBILITY_ONLY_NOT_PRODUCTION,127205.3315,115172.8122,6635.2036,4257,2852,-0.05216136,-0.11437665,-0.04113429,-0.05216136,-6635.2036,127205.3315,OK,0.0000,265.4081,4.0000,96.0000,AG03-UNRESOLVED,ALL5_LEVELS_bet23_to_bet27,265.4081,265.4081,265.4081,331.7602,331.7602,4.000000,4.000000,4.000000,5.000000,5.000000,96.000000,96.000000,96.000000,95.000000,95.000000,5.0,1459.7448,1337.1644,5175.4588,5298.0391,PENDING_AG03,FALSE,NOT_FOR_ENFORCEMENT,6369.7955,110565.8997,6635.2036,6369.7955,265.4081,0.05216136,0.05007491,265.4081,6369.7955,0.05007491,265.4081,265.4081,265.4081,331.7602,331.7602,6369.7955,0.05007491,1459.7448,1337.1644,5175.4588,5298.0391,0.04068586,0.04164951,0.00208645,29.8814,40.3832,2.3265,127.6001,7.3643,2446.2564,54.8462,43.4275,28.3160,5.1431,12.8578,28.9875,66.8604,128.5777,263.3173,7.8995,-2.6176,10.0,20.479237,2.324,28,180,56,8,0.15055597,0.05216136,0.11437665,0E-8,0.000000,0.905409,0.000000,-0.07324236,2026-03-22,2026-08-06,52,901,524,138,0.376812,1.533674,1.453326,0.501853,,,,,,,,GLOBAL_BASELINE_NO_ENTITY_RANKING,,,NOT_APPLICABLE_GLOBAL_BASELINE,HF9g-P5,,,,X 全窗基线 · 不参与实体赏罚,14191728,1420,A168_HF9F_20260827_0900,2026-08-27 09:00:00
2026-07-02,128173484,2174,0,152.5830687010,8.5198667804,8.5198667804,0.5000000,16,9,0.45703923546149786,0.355767522222,0.24392484006845014,0.8521255762526281,0.24392484006845014,0.10127171323949786,ELIGIBLE,R03b_20260811_FULL_v1,L1_ELIGIBILITY,v2026-08-11,2026-03-21..2026-08-06,baccarat_bet02_101_all_pairs_incl_sentinel,round_win = game_pnl > 0 (decisive only),COMPATIBILITY_ONLY_NOT_PRODUCTION,127205.3315,115172.8122,6635.2036,4257,2852,-0.05216136,-0.11437665,-0.04113429,-0.05216136,-6635.2036,127205.3315,OK,0.0000,265.4081,4.0000,96.0000,AG03-UNRESOLVED,ALL5_LEVELS_bet23_to_bet27,265.4081,265.4081,265.4081,331.7602,331.7602,4.000000,4.000000,4.000000,5.000000,5.000000,96.000000,96.000000,96.000000,95.000000,95.000000,5.0,1459.7448,1337.1644,5175.4588,5298.0391,PENDING_AG03,FALSE,NOT_FOR_ENFORCEMENT,6369.7955,110565.8997,6635.2036,6369.7955,265.4081,0.05216136,0.05007491,265.4081,6369.7955,0.05007491,265.4081,265.4081,265.4081,331.7602,331.7602,6369.7955,0.05007491,1459.7448,1337.1644,5175.4588,5298.0391,0.04068586,0.04164951,0.00208645,29.8814,40.3832,2.3265,127.6001,7.3643,2446.2564,54.8462,43.4275,28.3160,5.1431,12.8578,28.9875,66.8604,128.5777,263.3173,7.8995,-2.6176,10.0,20.479237,2.324,28,180,56,8,0.15055597,0.05216136,0.11437665,0E-8,0.000000,0.905409,0.000000,-0.07324236,2026-03-22,2026-08-06,52,901,524,138,0.376812,1.533674,1.453326,0.501853,,,,,,,,GLOBAL_BASELINE_NO_ENTITY_RANKING,,,NOT_APPLICABLE_GLOBAL_BASELINE,HF9g-P5,,,,X 全窗基线 · 不参与实体赏罚,14191729,1420,A168_HF9F_20260827_0900,2026-08-27 09:00:00
2026-07-02,128173484,2175,0,38.7266671830,12.9088890610,12.9088890610,0.3333333,4,3,0.48056188787878788,0.423485633333,-0.5104005191097166,-0.31601888068023115,-0.5104005191097166,0.05707625454578788,ELIGIBLE,R03b_20260811_FULL_v1,L1_ELIGIBILITY,v2026-08-11,2026-03-21..2026-08-06,baccarat_bet02_101_all_pairs_incl_sentinel,round_win = game_pnl > 0 (decisive only),COMPATIBILITY_ONLY_NOT_PRODUCTION,127205.3315,115172.8122,6635.2036,4257,2852,-0.05216136,-0.11437665,-0.04113429,-0.05216136,-6635.2036,127205.3315,OK,0.0000,265.4081,4.0000,96.0000,AG03-UNRESOLVED,ALL5_LEVELS_bet23_to_bet27,265.4081,265.4081,265.4081,331.7602,331.7602,4.000000,4.000000,4.000000,5.000000,5.000000,96.000000,96.000000,96.000000,95.000000,95.000000,5.0,1459.7448,1337.1644,5175.4588,5298.0391,PENDING_AG03,FALSE,NOT_FOR_ENFORCEMENT,6369.7955,110565.8997,6635.2036,6369.7955,265.4081,0.05216136,0.05007491,265.4081,6369.7955,0.05007491,265.4081,265.4081,265.4081,331.7602,331.7602,6369.7955,0.05007491,1459.7448,1337.1644,5175.4588,5298.0391,0.04068586,0.04164951,0.00208645,29.8814,40.3832,2.3265,127.6001,7.3643,2446.2564,54.8462,43.4275,28.3160,5.1431,12.8578,28.9875,66.8604,128.5777,263.3173,7.8995,-2.6176,10.0,20.479237,2.324,28,180,56,8,0.15055597,0.05216136,0.11437665,0E-8,0.000000,0.905409,0.000000,-0.07324236,2026-03-22,2026-08-06,52,901,524,138,0.376812,1.533674,1.453326,0.501853,,,,,,,,GLOBAL_BASELINE_NO_ENTITY_RANKING,,,NOT_APPLICABLE_GLOBAL_BASELINE,HF9g-P5,,,,X 全窗基线 · 不参与实体赏罚,14191730,1420,A168_HF9F_20260827_0900,2026-08-27 09:00:00
2026-07-02,128173484,2222,0,30.9813337464,19.3633335915,19.3633335915,1.0000000,2,1,0.43797605000000000,0.300626750000,1.1327973652310617,1.5252488199758223,1.1327973652310617,0.13734930000000000,ELIGIBLE,R03b_20260811_FULL_v1,L1_ELIGIBILITY,v2026-08-11,2026-03-21..2026-08-06,baccarat_bet02_101_all_pairs_incl_sentinel,round_win = game_pnl > 0 (decisive only),COMPATIBILITY_ONLY_NOT_PRODUCTION,127205.3315,115172.8122,6635.2036,4257,2852,-0.05216136,-0.11437665,-0.04113429,-0.05216136,-6635.2036,127205.3315,OK,0.0000,265.4081,4.0000,96.0000,AG03-UNRESOLVED,ALL5_LEVELS_bet23_to_bet27,265.4081,265.4081,265.4081,331.7602,331.7602,4.000000,4.000000,4.000000,5.000000,5.000000,96.000000,96.000000,96.000000,95.000000,95.000000,5.0,1459.7448,1337.1644,5175.4588,5298.0391,PENDING_AG03,FALSE,NOT_FOR_ENFORCEMENT,6369.7955,110565.8997,6635.2036,6369.7955,265.4081,0.05216136,0.05007491,265.4081,6369.7955,0.05007491,265.4081,265.4081,265.4081,331.7602,331.7602,6369.7955,0.05007491,1459.7448,1337.1644,5175.4588,5298.0391,0.04068586,0.04164951,0.00208645,29.8814,40.3832,2.3265,127.6001,7.3643,2446.2564,54.8462,43.4275,28.3160,5.1431,12.8578,28.9875,66.8604,128.5777,263.3173,7.8995,-2.6176,10.0,20.479237,2.324,28,180,56,8,0.15055597,0.05216136,0.11437665,0E-8,0.000000,0.905409,0.000000,-0.07324236,2026-03-22,2026-08-06,52,901,524,138,0.376812,1.533674,1.453326,0.501853,,,,,,,,GLOBAL_BASELINE_NO_ENTITY_RANKING,,,NOT_APPLICABLE_GLOBAL_BASELINE,HF9g-P5,,,,X 全窗基线 · 不参与实体赏罚,14191731,1420,A168_HF9F_20260827_0900,2026-08-27 09:00:00
2026-07-02,128173484,2235,0,232.6181808791,-95.6548679418,-95.6548679418,0.4000000,18,12,0.46201013336751716,0.395582616667,-0.3933234746183137,0.028567880176689354,-0.3933234746183137,0.06642751670051716,ELIGIBLE,R03b_20260811_FULL_v1,L1_ELIGIBILITY,v2026-08-11,2026-03-21..2026-08-06,baccarat_bet02_101_all_pairs_incl_sentinel,round_win = game_pnl > 0 (decisive only),COMPATIBILITY_ONLY_NOT_PRODUCTION,127205.3315,115172.8122,6635.2036,4257,2852,-0.05216136,-0.11437665,-0.04113429,-0.05216136,-6635.2036,127205.3315,OK,0.0000,265.4081,4.0000,96.0000,AG03-UNRESOLVED,ALL5_LEVELS_bet23_to_bet27,265.4081,265.4081,265.4081,331.7602,331.7602,4.000000,4.000000,4.000000,5.000000,5.000000,96.000000,96.000000,96.000000,95.000000,95.000000,5.0,1459.7448,1337.1644,5175.4588,5298.0391,PENDING_AG03,FALSE,NOT_FOR_ENFORCEMENT,6369.7955,110565.8997,6635.2036,6369.7955,265.4081,0.05216136,0.05007491,265.4081,6369.7955,0.05007491,265.4081,265.4081,265.4081,331.7602,331.7602,6369.7955,0.05007491,1459.7448,1337.1644,5175.4588,5298.0391,0.04068586,0.04164951,0.00208645,29.8814,40.3832,2.3265,127.6001,7.3643,2446.2564,54.8462,43.4275,28.3160,5.1431,12.8578,28.9875,66.8604,128.5777,263.3173,7.8995,-2.6176,10.0,20.479237,2.324,28,180,56,8,0.15055597,0.05216136,0.11437665,0E-8,0.000000,0.905409,0.000000,-0.07324236,2026-03-22,2026-08-06,52,901,524,138,0.376812,1.533674,1.453326,0.501853,,,,,,,,GLOBAL_BASELINE_NO_ENTITY_RANKING,,,NOT_APPLICABLE_GLOBAL_BASELINE,HF9g-P5,,,,X 全窗基线 · 不参与实体赏罚,14191732,1420,A168_HF9F_20260827_0900,2026-08-27 09:00:00
2026-07-02,128173484,2261,0,83.1332455528,-44.7938450416,-44.7938450416,0.5000000,6,5,0.47124423714308477,0.452732510000,0.11521374833518483,0.18992051132228674,0.11521374833518483,0.01851172714308477,ELIGIBLE,R03b_20260811_FULL_v1,L1_ELIGIBILITY,v2026-08-11,2026-03-21..2026-08-06,baccarat_bet02_101_all_pairs_incl_sentinel,round_win = game_pnl > 0 (decisive only),COMPATIBILITY_ONLY_NOT_PRODUCTION,127205.3315,115172.8122,6635.2036,4257,2852,-0.05216136,-0.11437665,-0.04113429,-0.05216136,-6635.2036,127205.3315,OK,0.0000,265.4081,4.0000,96.0000,AG03-UNRESOLVED,ALL5_LEVELS_bet23_to_bet27,265.4081,265.4081,265.4081,331.7602,331.7602,4.000000,4.000000,4.000000,5.000000,5.000000,96.000000,96.000000,96.000000,95.000000,95.000000,5.0,1459.7448,1337.1644,5175.4588,5298.0391,PENDING_AG03,FALSE,NOT_FOR_ENFORCEMENT,6369.7955,110565.8997,6635.2036,6369.7955,265.4081,0.05216136,0.05007491,265.4081,6369.7955,0.05007491,265.4081,265.4081,265.4081,331.7602,331.7602,6369.7955,0.05007491,1459.7448,1337.1644,5175.4588,5298.0391,0.04068586,0.04164951,0.00208645,29.8814,40.3832,2.3265,127.6001,7.3643,2446.2564,54.8462,43.4275,28.3160,5.1431,12.8578,28.9875,66.8604,128.5777,263.3173,7.8995,-2.6176,10.0,20.479237,2.324,28,180,56,8,0.15055597,0.05216136,0.11437665,0E-8,0.000000,0.905409,0.000000,-0.07324236,2026-03-22,2026-08-06,52,901,524,138,0.376812,1.533674,1.453326,0.501853,,,,,,,,GLOBAL_BASELINE_NO_ENTITY_RANKING,,,NOT_APPLICABLE_GLOBAL_BASELINE,HF9g-P5,,,,X 全窗基线 · 不参与实体赏罚,14191733,1420,A168_HF9F_20260827_0900,2026-08-27 09:00:00
2026-07-02,128173484,2280,0,45.9556450572,-20.1378669352,-20.1378669352,0.5000000,4,2,0.42644155988677279,0.283965900000,0.21034340973335183,0.6775437720299715,0.21034340973335183,0.14247565988677279,ELIGIBLE,R03b_20260811_FULL_v1,L1_ELIGIBILITY,v2026-08-11,2026-03-21..2026-08-06,baccarat_bet02_101_all_pairs_incl_sentinel,round_win = game_pnl > 0 (decisive only),COMPATIBILITY_ONLY_NOT_PRODUCTION,127205.3315,115172.8122,6635.2036,4257,2852,-0.05216136,-0.11437665,-0.04113429,-0.05216136,-6635.2036,127205.3315,OK,0.0000,265.4081,4.0000,96.0000,AG03-UNRESOLVED,ALL5_LEVELS_bet23_to_bet27,265.4081,265.4081,265.4081,331.7602,331.7602,4.000000,4.000000,4.000000,5.000000,5.000000,96.000000,96.000000,96.000000,95.000000,95.000000,5.0,1459.7448,1337.1644,5175.4588,5298.0391,PENDING_AG03,FALSE,NOT_FOR_ENFORCEMENT,6369.7955,110565.8997,6635.2036,6369.7955,265.4081,0.05216136,0.05007491,265.4081,6369.7955,0.05007491,265.4081,265.4081,265.4081,331.7602,331.7602,6369.7955,0.05007491,1459.7448,1337.1644,5175.4588,5298.0391,0.04068586,0.04164951,0.00208645,29.8814,40.3832,2.3265,127.6001,7.3643,2446.2564,54.8462,43.4275,28.3160,5.1431,12.8578,28.9875,66.8604,128.5777,263.3173,7.8995,-2.6176,10.0,20.479237,2.324,28,180,56,8,0.15055597,0.05216136,0.11437665,0E-8,0.000000,0.905409,0.000000,-0.07324236,2026-03-22,2026-08-06,52,901,524,138,0.376812,1.533674,1.453326,0.501853,,,,,,,,GLOBAL_BASELINE_NO_ENTITY_RANKING,,,NOT_APPLICABLE_GLOBAL_BASELINE,HF9g-P5,,,,X 全窗基线 · 不参与实体赏罚,14191734,1420,A168_HF9F_20260827_0900,2026-08-27 09:00:00
2026-07-02,128173484,583,0,46.4720006196,3.8726667183,3.8726667183,0.5000000,3,2,0.47378815000000000,0.395308300000,0.07424039308641726,0.3028253860702671,0.07424039308641726,0.07847985000000000,ELIGIBLE,R03b_20260811_FULL_v1,L1_ELIGIBILITY,v2026-08-11,2026-03-21..2026-08-06,baccarat_bet02_101_all_pairs_incl_sentinel,round_win = game_pnl > 0 (decisive only),COMPATIBILITY_ONLY_NOT_PRODUCTION,127205.3315,115172.8122,6635.2036,4257,2852,-0.05216136,-0.11437665,-0.04113429,-0.05216136,-6635.2036,127205.3315,OK,0.0000,265.4081,4.0000,96.0000,AG03-UNRESOLVED,ALL5_LEVELS_bet23_to_bet27,265.4081,265.4081,265.4081,331.7602,331.7602,4.000000,4.000000,4.000000,5.000000,5.000000,96.000000,96.000000,96.000000,95.000000,95.000000,5.0,1459.7448,1337.1644,5175.4588,5298.0391,PENDING_AG03,FALSE,NOT_FOR_ENFORCEMENT,6369.7955,110565.8997,6635.2036,6369.7955,265.4081,0.05216136,0.05007491,265.4081,6369.7955,0.05007491,265.4081,265.4081,265.4081,331.7602,331.7602,6369.7955,0.05007491,1459.7448,1337.1644,5175.4588,5298.0391,0.04068586,0.04164951,0.00208645,29.8814,40.3832,2.3265,127.6001,7.3643,2446.2564,54.8462,43.4275,28.3160,5.1431,12.8578,28.9875,66.8604,128.5777,263.3173,7.8995,-2.6176,10.0,20.479237,2.324,28,180,56,8,0.15055597,0.05216136,0.11437665,0E-8,0.000000,0.905409,0.000000,-0.07324236,2026-03-22,2026-08-06,52,901,524,138,0.376812,1.533674,1.453326,0.501853,,,,,,,,GLOBAL_BASELINE_NO_ENTITY_RANKING,,,NOT_APPLICABLE_GLOBAL_BASELINE,HF9g-P5,,,,X 全窗基线 · 不参与实体赏罚,14191735,1420,A168_HF9F_20260827_0900,2026-08-27 09:00:00
2026-07-02,128173484,595,0,70.9988898355,4.5181111714,4.5181111714,0.3333333,5,3,0.46098618012820513,0.360428366667,-0.4435547441861289,-0.09774537979022194,-0.4435547441861289,0.10055781346120513,ELIGIBLE,R03b_20260811_FULL_v1,L1_ELIGIBILITY,v2026-08-11,2026-03-21..2026-08-06,baccarat_bet02_101_all_pairs_incl_sentinel,round_win = game_pnl > 0 (decisive only),COMPATIBILITY_ONLY_NOT_PRODUCTION,127205.3315,115172.8122,6635.2036,4257,2852,-0.05216136,-0.11437665,-0.04113429,-0.05216136,-6635.2036,127205.3315,OK,0.0000,265.4081,4.0000,96.0000,AG03-UNRESOLVED,ALL5_LEVELS_bet23_to_bet27,265.4081,265.4081,265.4081,331.7602,331.7602,4.000000,4.000000,4.000000,5.000000,5.000000,96.000000,96.000000,96.000000,95.000000,95.000000,5.0,1459.7448,1337.1644,5175.4588,5298.0391,PENDING_AG03,FALSE,NOT_FOR_ENFORCEMENT,6369.7955,110565.8997,6635.2036,6369.7955,265.4081,0.05216136,0.05007491,265.4081,6369.7955,0.05007491,265.4081,265.4081,265.4081,331.7602,331.7602,6369.7955,0.05007491,1459.7448,1337.1644,5175.4588,5298.0391,0.04068586,0.04164951,0.00208645,29.8814,40.3832,2.3265,127.6001,7.3643,2446.2564,54.8462,43.4275,28.3160,5.1431,12.8578,28.9875,66.8604,128.5777,263.3173,7.8995,-2.6176,10.0,20.479237,2.324,28,180,56,8,0.15055597,0.05216136,0.11437665,0E-8,0.000000,0.905409,0.000000,-0.07324236,2026-03-22,2026-08-06,52,901,524,138,0.376812,1.533674,1.453326,0.501853,,,,,,,,GLOBAL_BASELINE_NO_ENTITY_RANKING,,,NOT_APPLICABLE_GLOBAL_BASELINE,HF9g-P5,,,,X 全窗基线 · 不参与实体赏罚,14191736,1420,A168_HF9F_20260827_0900,2026-08-27 09:00:00
2026-07-02,128173484,763,0,619.6266749283,245.2688921591,245.2688921591,0.4000000,8,5,0.49089603535354215,0.431733043333,-0.4065668277419232,-0.14325601975131477,-0.4065668277419232,0.05916299202054215,ELIGIBLE,R03b_20260811_FULL_v1,L1_ELIGIBILITY,v2026-08-11,2026-03-21..2026-08-06,baccarat_bet02_101_all_pairs_incl_sentinel,round_win = game_pnl > 0 (decisive only),COMPATIBILITY_ONLY_NOT_PRODUCTION,127205.3315,115172.8122,6635.2036,4257,2852,-0.05216136,-0.11437665,-0.04113429,-0.05216136,-6635.2036,127205.3315,OK,0.0000,265.4081,4.0000,96.0000,AG03-UNRESOLVED,ALL5_LEVELS_bet23_to_bet27,265.4081,265.4081,265.4081,331.7602,331.7602,4.000000,4.000000,4.000000,5.000000,5.000000,96.000000,96.000000,96.000000,95.000000,95.000000,5.0,1459.7448,1337.1644,5175.4588,5298.0391,PENDING_AG03,FALSE,NOT_FOR_ENFORCEMENT,6369.7955,110565.8997,6635.2036,6369.7955,265.4081,0.05216136,0.05007491,265.4081,6369.7955,0.05007491,265.4081,265.4081,265.4081,331.7602,331.7602,6369.7955,0.05007491,1459.7448,1337.1644,5175.4588,5298.0391,0.04068586,0.04164951,0.00208645,29.8814,40.3832,2.3265,127.6001,7.3643,2446.2564,54.8462,43.4275,28.3160,5.1431,12.8578,28.9875,66.8604,128.5777,263.3173,7.8995,-2.6176,10.0,20.479237,2.324,28,180,56,8,0.15055597,0.05216136,0.11437665,0E-8,0.000000,0.905409,0.000000,-0.07324236,2026-03-22,2026-08-06,52,901,524,138,0.376812,1.533674,1.453326,0.501853,,,,,,,,GLOBAL_BASELINE_NO_ENTITY_RANKING,,,NOT_APPLICABLE_GLOBAL_BASELINE,HF9g-P5,,,,X 全窗基线 · 不参与实体赏罚,14191737,1420,A168_HF9F_20260827_0900,2026-08-27 09:00:00
2026-07-02,128173484,986,0,524.8754292203,97.3846590764,97.3846590764,0.5000000,32,16,0.44574246552554180,0.335366625000,0.43663871287288153,1.394847985648301,0.43663871287288153,0.11037584052554180,ELIGIBLE,R03b_20260811_FULL_v1,L1_ELIGIBILITY,v2026-08-11,2026-03-21..2026-08-06,baccarat_bet02_101_all_pairs_incl_sentinel,round_win = game_pnl > 0 (decisive only),COMPATIBILITY_ONLY_NOT_PRODUCTION,127205.3315,115172.8122,6635.2036,4257,2852,-0.05216136,-0.11437665,-0.04113429,-0.05216136,-6635.2036,127205.3315,OK,0.0000,265.4081,4.0000,96.0000,AG03-UNRESOLVED,ALL5_LEVELS_bet23_to_bet27,265.4081,265.4081,265.4081,331.7602,331.7602,4.000000,4.000000,4.000000,5.000000,5.000000,96.000000,96.000000,96.000000,95.000000,95.000000,5.0,1459.7448,1337.1644,5175.4588,5298.0391,PENDING_AG03,FALSE,NOT_FOR_ENFORCEMENT,6369.7955,110565.8997,6635.2036,6369.7955,265.4081,0.05216136,0.05007491,265.4081,6369.7955,0.05007491,265.4081,265.4081,265.4081,331.7602,331.7602,6369.7955,0.05007491,1459.7448,1337.1644,5175.4588,5298.0391,0.04068586,0.04164951,0.00208645,29.8814,40.3832,2.3265,127.6001,7.3643,2446.2564,54.8462,43.4275,28.3160,5.1431,12.8578,28.9875,66.8604,128.5777,263.3173,7.8995,-2.6176,10.0,20.479237,2.324,28,180,56,8,0.15055597,0.05216136,0.11437665,0E-8,0.000000,0.905409,0.000000,-0.07324236,2026-03-22,2026-08-06,52,901,524,138,0.376812,1.533674,1.453326,0.501853,,,,,,,,GLOBAL_BASELINE_NO_ENTITY_RANKING,,,NOT_APPLICABLE_GLOBAL_BASELINE,HF9g-P5,,,,X 全窗基线 · 不参与实体赏罚,14191738,1420,A168_HF9F_20260827_0900,2026-08-27 09:00:00
2026-07-02,128173484,987,0,121.3435571734,-20.0087780445,-20.0087780445,0.5000000,10,6,0.44437493202075702,0.363209191667,0.2742082318692762,0.6967159175996998,0.2742082318692762,0.08116574035375702,ELIGIBLE,R03b_20260811_FULL_v1,L1_ELIGIBILITY,v2026-08-11,2026-03-21..2026-08-06,baccarat_bet02_101_all_pairs_incl_sentinel,round_win = game_pnl > 0 (decisive only),COMPATIBILITY_ONLY_NOT_PRODUCTION,127205.3315,115172.8122,6635.2036,4257,2852,-0.05216136,-0.11437665,-0.04113429,-0.05216136,-6635.2036,127205.3315,OK,0.0000,265.4081,4.0000,96.0000,AG03-UNRESOLVED,ALL5_LEVELS_bet23_to_bet27,265.4081,265.4081,265.4081,331.7602,331.7602,4.000000,4.000000,4.000000,5.000000,5.000000,96.000000,96.000000,96.000000,95.000000,95.000000,5.0,1459.7448,1337.1644,5175.4588,5298.0391,PENDING_AG03,FALSE,NOT_FOR_ENFORCEMENT,6369.7955,110565.8997,6635.2036,6369.7955,265.4081,0.05216136,0.05007491,265.4081,6369.7955,0.05007491,265.4081,265.4081,265.4081,331.7602,331.7602,6369.7955,0.05007491,1459.7448,1337.1644,5175.4588,5298.0391,0.04068586,0.04164951,0.00208645,29.8814,40.3832,2.3265,127.6001,7.3643,2446.2564,54.8462,43.4275,28.3160,5.1431,12.8578,28.9875,66.8604,128.5777,263.3173,7.8995,-2.6176,10.0,20.479237,2.324,28,180,56,8,0.15055597,0.05216136,0.11437665,0E-8,0.000000,0.905409,0.000000,-0.07324236,2026-03-22,2026-08-06,52,901,524,138,0.376812,1.533674,1.453326,0.501853,,,,,,,,GLOBAL_BASELINE_NO_ENTITY_RANKING,,,NOT_APPLICABLE_GLOBAL_BASELINE,HF9g-P5,,,,X 全窗基线 · 不参与实体赏罚,14191739,1420,A168_HF9F_20260827_0900,2026-08-27 09:00:00
2026-07-03,128173484,1490,0,32.2722226525,-6.4544445305,-6.4544445305,0.5000000,4,2,0.43184013589743590,0.287317200000,0.19460183727476163,0.6646888835166498,0.19460183727476163,0.14452293589743590,ELIGIBLE,R03b_20260811_FULL_v1,L1_ELIGIBILITY,v2026-08-11,2026-03-21..2026-08-06,baccarat_bet02_101_all_pairs_incl_sentinel,round_win = game_pnl > 0 (decisive only),COMPATIBILITY_ONLY_NOT_PRODUCTION,127205.3315,115172.8122,6635.2036,4257,2852,-0.05216136,-0.11437665,-0.04113429,-0.05216136,-6635.2036,127205.3315,OK,0.0000,265.4081,4.0000,96.0000,AG03-UNRESOLVED,ALL5_LEVELS_bet23_to_bet27,265.4081,265.4081,265.4081,331.7602,331.7602,4.000000,4.000000,4.000000,5.000000,5.000000,96.000000,96.000000,96.000000,95.000000,95.000000,5.0,1459.7448,1337.1644,5175.4588,5298.0391,PENDING_AG03,FALSE,NOT_FOR_ENFORCEMENT,6369.7955,110565.8997,6635.2036,6369.7955,265.4081,0.05216136,0.05007491,265.4081,6369.7955,0.05007491,265.4081,265.4081,265.4081,331.7602,331.7602,6369.7955,0.05007491,1459.7448,1337.1644,5175.4588,5298.0391,0.04068586,0.04164951,0.00208645,29.8814,40.3832,2.3265,127.6001,7.3643,2446.2564,54.8462,43.4275,28.3160,5.1431,12.8578,28.9875,66.8604,128.5777,263.3173,7.8995,-2.6176,10.0,20.479237,2.324,28,180,56,8,0.15055597,0.05216136,0.11437665,0E-8,0.000000,0.905409,0.000000,-0.07324236,2026-03-22,2026-08-06,52,901,524,138,0.376812,1.533674,1.453326,0.501853,,,,,,,,GLOBAL_BASELINE_NO_ENTITY_RANKING,,,NOT_APPLICABLE_GLOBAL_BASELINE,HF9g-P5,,,,X 全窗基线 · 不参与实体赏罚,14191740,1420,A168_HF9F_20260827_0900,2026-08-27 09:00:00
2026-07-03,128173484,1710,0,15.4906668732,10.3271112488,10.3271112488,1.0000000,2,1,0.42348563333333333,0.283965900000,1.1667712690754457,1.587938788024013,1.1667712690754457,0.13951973333333333,ELIGIBLE,R03b_20260811_FULL_v1,L1_ELIGIBILITY,v2026-08-11,2026-03-21..2026-08-06,baccarat_bet02_101_all_pairs_incl_sentinel,round_win = game_pnl > 0 (decisive only),COMPATIBILITY_ONLY_NOT_PRODUCTION,127205.3315,115172.8122,6635.2036,4257,2852,-0.05216136,-0.11437665,-0.04113429,-0.05216136,-6635.2036,127205.3315,OK,0.0000,265.4081,4.0000,96.0000,AG03-UNRESOLVED,ALL5_LEVELS_bet23_to_bet27,265.4081,265.4081,265.4081,331.7602,331.7602,4.000000,4.000000,4.000000,5.000000,5.000000,96.000000,96.000000,96.000000,95.000000,95.000000,5.0,1459.7448,1337.1644,5175.4588,5298.0391,PENDING_AG03,FALSE,NOT_FOR_ENFORCEMENT,6369.7955,110565.8997,6635.2036,6369.7955,265.4081,0.05216136,0.05007491,265.4081,6369.7955,0.05007491,265.4081,265.4081,265.4081,331.7602,331.7602,6369.7955,0.05007491,1459.7448,1337.1644,5175.4588,5298.0391,0.04068586,0.04164951,0.00208645,29.8814,40.3832,2.3265,127.6001,7.3643,2446.2564,54.8462,43.4275,28.3160,5.1431,12.8578,28.9875,66.8604,128.5777,263.3173,7.8995,-2.6176,10.0,20.479237,2.324,28,180,56,8,0.15055597,0.05216136,0.11437665,0E-8,0.000000,0.905409,0.000000,-0.07324236,2026-03-22,2026-08-06,52,901,524,138,0.376812,1.533674,1.453326,0.501853,,,,,,,,GLOBAL_BASELINE_NO_ENTITY_RANKING,,,NOT_APPLICABLE_GLOBAL_BASELINE,HF9g-P5,,,,X 全窗基线 · 不参与实体赏罚,14191741,1420,A168_HF9F_20260827_0900,2026-08-27 09:00:00
2026-07-03,128173484,1985,0,5.9380889681,-5.9380889681,-5.9380889681,0E-7,1,1,0.50665070000000000,0.506650700000,-1.013391052207602,-1.013391052207602,-1.013391052207602,0E-17,ELIGIBLE,R03b_20260811_FULL_v1,L1_ELIGIBILITY,v2026-08-11,2026-03-21..2026-08-06,baccarat_bet02_101_all_pairs_incl_sentinel,round_win = game_pnl > 0 (decisive only),COMPATIBILITY_ONLY_NOT_PRODUCTION,127205.3315,115172.8122,6635.2036,4257,2852,-0.05216136,-0.11437665,-0.04113429,-0.05216136,-6635.2036,127205.3315,OK,0.0000,265.4081,4.0000,96.0000,AG03-UNRESOLVED,ALL5_LEVELS_bet23_to_bet27,265.4081,265.4081,265.4081,331.7602,331.7602,4.000000,4.000000,4.000000,5.000000,5.000000,96.000000,96.000000,96.000000,95.000000,95.000000,5.0,1459.7448,1337.1644,5175.4588,5298.0391,PENDING_AG03,FALSE,NOT_FOR_ENFORCEMENT,6369.7955,110565.8997,6635.2036,6369.7955,265.4081,0.05216136,0.05007491,265.4081,6369.7955,0.05007491,265.4081,265.4081,265.4081,331.7602,331.7602,6369.7955,0.05007491,1459.7448,1337.1644,5175.4588,5298.0391,0.04068586,0.04164951,0.00208645,29.8814,40.3832,2.3265,127.6001,7.3643,2446.2564,54.8462,43.4275,28.3160,5.1431,12.8578,28.9875,66.8604,128.5777,263.3173,7.8995,-2.6176,10.0,20.479237,2.324,28,180,56,8,0.15055597,0.05216136,0.11437665,0E-8,0.000000,0.905409,0.000000,-0.07324236,2026-03-22,2026-08-06,52,901,524,138,0.376812,1.533674,1.453326,0.501853,,,,,,,,GLOBAL_BASELINE_NO_ENTITY_RANKING,,,NOT_APPLICABLE_GLOBAL_BASELINE,HF9g-P5,,,,X 全窗基线 · 不参与实体赏罚,14191742,1420,A168_HF9F_20260827_0900,2026-08-27 09:00:00
2026-07-03,128173484,2088,0,207.5749361009,43.7224072497,43.7224072497,0.6000000,7,5,0.47119951278795095,0.416238670000,0.5769712435750284,0.8335856959713839,0.5769712435750284,0.05496084278795095,ELIGIBLE,R03b_20260811_FULL_v1,L1_ELIGIBILITY,v2026-08-11,2026-03-21..2026-08-06,baccarat_bet02_101_all_pairs_incl_sentinel,round_win = game_pnl > 0 (decisive only),COMPATIBILITY_ONLY_NOT_PRODUCTION,127205.3315,115172.8122,6635.2036,4257,2852,-0.05216136,-0.11437665,-0.04113429,-0.05216136,-6635.2036,127205.3315,OK,0.0000,265.4081,4.0000,96.0000,AG03-UNRESOLVED,ALL5_LEVELS_bet23_to_bet27,265.4081,265.4081,265.4081,331.7602,331.7602,4.000000,4.000000,4.000000,5.000000,5.000000,96.000000,96.000000,96.000000,95.000000,95.000000,5.0,1459.7448,1337.1644,5175.4588,5298.0391,PENDING_AG03,FALSE,NOT_FOR_ENFORCEMENT,6369.7955,110565.8997,6635.2036,6369.7955,265.4081,0.05216136,0.05007491,265.4081,6369.7955,0.05007491,265.4081,265.4081,265.4081,331.7602,331.7602,6369.7955,0.05007491,1459.7448,1337.1644,5175.4588,5298.0391,0.04068586,0.04164951,0.00208645,29.8814,40.3832,2.3265,127.6001,7.3643,2446.2564,54.8462,43.4275,28.3160,5.1431,12.8578,28.9875,66.8604,128.5777,263.3173,7.8995,-2.6176,10.0,20.479237,2.324,28,180,56,8,0.15055597,0.05216136,0.11437665,0E-8,0.000000,0.905409,0.000000,-0.07324236,2026-03-22,2026-08-06,52,901,524,138,0.376812,1.533674,1.453326,0.501853,,,,,,,,GLOBAL_BASELINE_NO_ENTITY_RANKING,,,NOT_APPLICABLE_GLOBAL_BASELINE,HF9g-P5,,,,X 全窗基线 · 不参与实体赏罚,14191743,1420,A168_HF9F_20260827_0900,2026-08-27 09:00:00
2026-07-03,128173484,2123,0,248.1088477526,-21.1963958382,-21.1963958382,0.5000000,4,4,0.49994810000000000,0.499948100000,0.00020760000111838688,0.00020760000111838688,0.00020760000111838688,0E-17,ELIGIBLE,R03b_20260811_FULL_v1,L1_ELIGIBILITY,v2026-08-11,2026-03-21..2026-08-06,baccarat_bet02_101_all_pairs_incl_sentinel,round_win = game_pnl > 0 (decisive only),COMPATIBILITY_ONLY_NOT_PRODUCTION,127205.3315,115172.8122,6635.2036,4257,2852,-0.05216136,-0.11437665,-0.04113429,-0.05216136,-6635.2036,127205.3315,OK,0.0000,265.4081,4.0000,96.0000,AG03-UNRESOLVED,ALL5_LEVELS_bet23_to_bet27,265.4081,265.4081,265.4081,331.7602,331.7602,4.000000,4.000000,4.000000,5.000000,5.000000,96.000000,96.000000,96.000000,95.000000,95.000000,5.0,1459.7448,1337.1644,5175.4588,5298.0391,PENDING_AG03,FALSE,NOT_FOR_ENFORCEMENT,6369.7955,110565.8997,6635.2036,6369.7955,265.4081,0.05216136,0.05007491,265.4081,6369.7955,0.05007491,265.4081,265.4081,265.4081,331.7602,331.7602,6369.7955,0.05007491,1459.7448,1337.1644,5175.4588,5298.0391,0.04068586,0.04164951,0.00208645,29.8814,40.3832,2.3265,127.6001,7.3643,2446.2564,54.8462,43.4275,28.3160,5.1431,12.8578,28.9875,66.8604,128.5777,263.3173,7.8995,-2.6176,10.0,20.479237,2.324,28,180,56,8,0.15055597,0.05216136,0.11437665,0E-8,0.000000,0.905409,0.000000,-0.07324236,2026-03-22,2026-08-06,52,901,524,138,0.376812,1.533674,1.453326,0.501853,,,,,,,,GLOBAL_BASELINE_NO_ENTITY_RANKING,,,NOT_APPLICABLE_GLOBAL_BASELINE,HF9g-P5,,,,X 全窗基线 · 不参与实体赏罚,14191744,1420,A168_HF9F_20260827_0900,2026-08-27 09:00:00
2026-07-03,128173484,2127,0,7.7453334366,-7.7453334366,-7.7453334366,0E-7,1,1,0.49324550000000000,0.493245500000,-0.9865810262130424,-0.9865810262130424,-0.9865810262130424,0E-17,ELIGIBLE,R03b_20260811_FULL_v1,L1_ELIGIBILITY,v2026-08-11,2026-03-21..2026-08-06,baccarat_bet02_101_all_pairs_incl_sentinel,round_win = game_pnl > 0 (decisive only),COMPATIBILITY_ONLY_NOT_PRODUCTION,127205.3315,115172.8122,6635.2036,4257,2852,-0.05216136,-0.11437665,-0.04113429,-0.05216136,-6635.2036,127205.3315,OK,0.0000,265.4081,4.0000,96.0000,AG03-UNRESOLVED,ALL5_LEVELS_bet23_to_bet27,265.4081,265.4081,265.4081,331.7602,331.7602,4.000000,4.000000,4.000000,5.000000,5.000000,96.000000,96.000000,96.000000,95.000000,95.000000,5.0,1459.7448,1337.1644,5175.4588,5298.0391,PENDING_AG03,FALSE,NOT_FOR_ENFORCEMENT,6369.7955,110565.8997,6635.2036,6369.7955,265.4081,0.05216136,0.05007491,265.4081,6369.7955,0.05007491,265.4081,265.4081,265.4081,331.7602,331.7602,6369.7955,0.05007491,1459.7448,1337.1644,5175.4588,5298.0391,0.04068586,0.04164951,0.00208645,29.8814,40.3832,2.3265,127.6001,7.3643,2446.2564,54.8462,43.4275,28.3160,5.1431,12.8578,28.9875,66.8604,128.5777,263.3173,7.8995,-2.6176,10.0,20.479237,2.324,28,180,56,8,0.15055597,0.05216136,0.11437665,0E-8,0.000000,0.905409,0.000000,-0.07324236,2026-03-22,2026-08-06,52,901,524,138,0.376812,1.533674,1.453326,0.501853,,,,,,,,GLOBAL_BASELINE_NO_ENTITY_RANKING,,,NOT_APPLICABLE_GLOBAL_BASELINE,HF9g-P5,,,,X 全窗基线 · 不参与实体赏罚,14191745,1420,A168_HF9F_20260827_0900,2026-08-27 09:00:00
2026-07-03,128173484,2170,0,201.3786693516,9.6816667958,9.6816667958,0.5000000,7,5,0.48313460739130435,0.414900560000,0.06749998095075793,0.3454377896965074,0.06749998095075793,0.06823404739130435,ELIGIBLE,R03b_20260811_FULL_v1,L1_ELIGIBILITY,v2026-08-11,2026-03-21..2026-08-06,baccarat_bet02_101_all_pairs_incl_sentinel,round_win = game_pnl > 0 (decisive only),COMPATIBILITY_ONLY_NOT_PRODUCTION,127205.3315,115172.8122,6635.2036,4257,2852,-0.05216136,-0.11437665,-0.04113429,-0.05216136,-6635.2036,127205.3315,OK,0.0000,265.4081,4.0000,96.0000,AG03-UNRESOLVED,ALL5_LEVELS_bet23_to_bet27,265.4081,265.4081,265.4081,331.7602,331.7602,4.000000,4.000000,4.000000,5.000000,5.000000,96.000000,96.000000,96.000000,95.000000,95.000000,5.0,1459.7448,1337.1644,5175.4588,5298.0391,PENDING_AG03,FALSE,NOT_FOR_ENFORCEMENT,6369.7955,110565.8997,6635.2036,6369.7955,265.4081,0.05216136,0.05007491,265.4081,6369.7955,0.05007491,265.4081,265.4081,265.4081,331.7602,331.7602,6369.7955,0.05007491,1459.7448,1337.1644,5175.4588,5298.0391,0.04068586,0.04164951,0.00208645,29.8814,40.3832,2.3265,127.6001,7.3643,2446.2564,54.8462,43.4275,28.3160,5.1431,12.8578,28.9875,66.8604,128.5777,263.3173,7.8995,-2.6176,10.0,20.479237,2.324,28,180,56,8,0.15055597,0.05216136,0.11437665,0E-8,0.000000,0.905409,0.000000,-0.07324236,2026-03-22,2026-08-06,52,901,524,138,0.376812,1.533674,1.453326,0.501853,,,,,,,,GLOBAL_BASELINE_NO_ENTITY_RANKING,,,NOT_APPLICABLE_GLOBAL_BASELINE,HF9g-P5,,,,X 全窗基线 · 不参与实体赏罚,14191746,1420,A168_HF9F_20260827_0900,2026-08-27 09:00:00
2026-07-05,128173484,-1,1,56.7991118684,-56.7991118684,-56.7991118684,0E-7,2,1,0.46738340000000000,0.290680550000,-0.9367620596671546,-0.6401578158977228,-0.9367620596671546,0.17670285000000000,SENTINEL_DEALER,R03b_20260811_FULL_v1,L1_ELIGIBILITY,v2026-08-11,2026-03-21..2026-08-06,baccarat_bet02_101_all_pairs_incl_sentinel,round_win = game_pnl > 0 (decisive only),COMPATIBILITY_ONLY_NOT_PRODUCTION,127205.3315,115172.8122,6635.2036,4257,2852,-0.05216136,-0.11437665,-0.04113429,-0.05216136,-6635.2036,127205.3315,OK,0.0000,265.4081,4.0000,96.0000,AG03-UNRESOLVED,ALL5_LEVELS_bet23_to_bet27,265.4081,265.4081,265.4081,331.7602,331.7602,4.000000,4.000000,4.000000,5.000000,5.000000,96.000000,96.000000,96.000000,95.000000,95.000000,5.0,1459.7448,1337.1644,5175.4588,5298.0391,PENDING_AG03,FALSE,NOT_FOR_ENFORCEMENT,6369.7955,110565.8997,6635.2036,6369.7955,265.4081,0.05216136,0.05007491,265.4081,6369.7955,0.05007491,265.4081,265.4081,265.4081,331.7602,331.7602,6369.7955,0.05007491,1459.7448,1337.1644,5175.4588,5298.0391,0.04068586,0.04164951,0.00208645,29.8814,40.3832,2.3265,127.6001,7.3643,2446.2564,54.8462,43.4275,28.3160,5.1431,12.8578,28.9875,66.8604,128.5777,263.3173,7.8995,-2.6176,10.0,20.479237,2.324,28,180,56,8,0.15055597,0.05216136,0.11437665,0E-8,0.000000,0.905409,0.000000,-0.07324236,2026-03-22,2026-08-06,52,901,524,138,0.376812,1.533674,1.453326,0.501853,,,,,,,,GLOBAL_BASELINE_NO_ENTITY_RANKING,,,NOT_APPLICABLE_GLOBAL_BASELINE,HF9g-P5,,,,X 全窗基线 · 不参与实体赏罚,14191747,1420,A168_HF9F_20260827_0900,2026-08-27 09:00:00
2026-07-05,128173484,1004,0,51.6355562440,-1.2908889061,-1.2908889061,0.5000000,3,2,0.43797605000000000,0.403638725000,0.17679575212256196,0.27775789067037676,0.17679575212256196,0.03433732500000000,ELIGIBLE,R03b_20260811_FULL_v1,L1_ELIGIBILITY,v2026-08-11,2026-03-21..2026-08-06,baccarat_bet02_101_all_pairs_incl_sentinel,round_win = game_pnl > 0 (decisive only),COMPATIBILITY_ONLY_NOT_PRODUCTION,127205.3315,115172.8122,6635.2036,4257,2852,-0.05216136,-0.11437665,-0.04113429,-0.05216136,-6635.2036,127205.3315,OK,0.0000,265.4081,4.0000,96.0000,AG03-UNRESOLVED,ALL5_LEVELS_bet23_to_bet27,265.4081,265.4081,265.4081,331.7602,331.7602,4.000000,4.000000,4.000000,5.000000,5.000000,96.000000,96.000000,96.000000,95.000000,95.000000,5.0,1459.7448,1337.1644,5175.4588,5298.0391,PENDING_AG03,FALSE,NOT_FOR_ENFORCEMENT,6369.7955,110565.8997,6635.2036,6369.7955,265.4081,0.05216136,0.05007491,265.4081,6369.7955,0.05007491,265.4081,265.4081,265.4081,331.7602,331.7602,6369.7955,0.05007491,1459.7448,1337.1644,5175.4588,5298.0391,0.04068586,0.04164951,0.00208645,29.8814,40.3832,2.3265,127.6001,7.3643,2446.2564,54.8462,43.4275,28.3160,5.1431,12.8578,28.9875,66.8604,128.5777,263.3173,7.8995,-2.6176,10.0,20.479237,2.324,28,180,56,8,0.15055597,0.05216136,0.11437665,0E-8,0.000000,0.905409,0.000000,-0.07324236,2026-03-22,2026-08-06,52,901,524,138,0.376812,1.533674,1.453326,0.501853,,,,,,,,GLOBAL_BASELINE_NO_ENTITY_RANKING,,,NOT_APPLICABLE_GLOBAL_BASELINE,HF9g-P5,,,,X 全窗基线 · 不参与实体赏罚,14191748,1420,A168_HF9F_20260827_0900,2026-08-27 09:00:00
2026-07-05,128173484,1157,0,56.7991118684,43.8902228074,43.8902228074,1.0000000,2,1,0.46738340000000000,0.290680550000,1.067506940188541,1.5621148022658344,1.067506940188541,0.17670285000000000,ELIGIBLE,R03b_20260811_FULL_v1,L1_ELIGIBILITY,v2026-08-11,2026-03-21..2026-08-06,baccarat_bet02_101_all_pairs_incl_sentinel,round_win = game_pnl > 0 (decisive only),COMPATIBILITY_ONLY_NOT_PRODUCTION,127205.3315,115172.8122,6635.2036,4257,2852,-0.05216136,-0.11437665,-0.04113429,-0.05216136,-6635.2036,127205.3315,OK,0.0000,265.4081,4.0000,96.0000,AG03-UNRESOLVED,ALL5_LEVELS_bet23_to_bet27,265.4081,265.4081,265.4081,331.7602,331.7602,4.000000,4.000000,4.000000,5.000000,5.000000,96.000000,96.000000,96.000000,95.000000,95.000000,5.0,1459.7448,1337.1644,5175.4588,5298.0391,PENDING_AG03,FALSE,NOT_FOR_ENFORCEMENT,6369.7955,110565.8997,6635.2036,6369.7955,265.4081,0.05216136,0.05007491,265.4081,6369.7955,0.05007491,265.4081,265.4081,265.4081,331.7602,331.7602,6369.7955,0.05007491,1459.7448,1337.1644,5175.4588,5298.0391,0.04068586,0.04164951,0.00208645,29.8814,40.3832,2.3265,127.6001,7.3643,2446.2564,54.8462,43.4275,28.3160,5.1431,12.8578,28.9875,66.8604,128.5777,263.3173,7.8995,-2.6176,10.0,20.479237,2.324,28,180,56,8,0.15055597,0.05216136,0.11437665,0E-8,0.000000,0.905409,0.000000,-0.07324236,2026-03-22,2026-08-06,52,901,524,138,0.376812,1.533674,1.453326,0.501853,,,,,,,,GLOBAL_BASELINE_NO_ENTITY_RANKING,,,NOT_APPLICABLE_GLOBAL_BASELINE,HF9g-P5,,,,X 全窗基线 · 不参与实体赏罚,14191749,1420,A168_HF9F_20260827_0900,2026-08-27 09:00:00
2026-07-05,128173484,1318,0,506.8029845351,-117.2127126740,-117.2127126740,0.3333333,10,7,0.48020294018838305,0.431777850000,-0.7200758418223838,-0.48683063224287576,-0.7200758418223838,0.04842509018838305,ELIGIBLE,R03b_20260811_FULL_v1,L1_ELIGIBILITY,v2026-08-11,2026-03-21..2026-08-06,baccarat_bet02_101_all_pairs_incl_sentinel,round_win = game_pnl > 0 (decisive only),COMPATIBILITY_ONLY_NOT_PRODUCTION,127205.3315,115172.8122,6635.2036,4257,2852,-0.05216136,-0.11437665,-0.04113429,-0.05216136,-6635.2036,127205.3315,OK,0.0000,265.4081,4.0000,96.0000,AG03-UNRESOLVED,ALL5_LEVELS_bet23_to_bet27,265.4081,265.4081,265.4081,331.7602,331.7602,4.000000,4.000000,4.000000,5.000000,5.000000,96.000000,96.000000,96.000000,95.000000,95.000000,5.0,1459.7448,1337.1644,5175.4588,5298.0391,PENDING_AG03,FALSE,NOT_FOR_ENFORCEMENT,6369.7955,110565.8997,6635.2036,6369.7955,265.4081,0.05216136,0.05007491,265.4081,6369.7955,0.05007491,265.4081,265.4081,265.4081,331.7602,331.7602,6369.7955,0.05007491,1459.7448,1337.1644,5175.4588,5298.0391,0.04068586,0.04164951,0.00208645,29.8814,40.3832,2.3265,127.6001,7.3643,2446.2564,54.8462,43.4275,28.3160,5.1431,12.8578,28.9875,66.8604,128.5777,263.3173,7.8995,-2.6176,10.0,20.479237,2.324,28,180,56,8,0.15055597,0.05216136,0.11437665,0E-8,0.000000,0.905409,0.000000,-0.07324236,2026-03-22,2026-08-06,52,901,524,138,0.376812,1.533674,1.453326,0.501853,,,,,,,,GLOBAL_BASELINE_NO_ENTITY_RANKING,,,NOT_APPLICABLE_GLOBAL_BASELINE,HF9g-P5,,,,X 全窗基线 · 不参与实体赏罚,14191750,1420,A168_HF9F_20260827_0900,2026-08-27 09:00:00
2026-07-05,128173484,1490,0,74.3552009914,-74.3552009914,-74.3552009914,0E-7,4,2,0.44751601607125074,0.290680550000,-1.2727978789107304,-0.9053198653016986,-1.2727978789107304,0.15683546607125074,ELIGIBLE,R03b_20260811_FULL_v1,L1_ELIGIBILITY,v2026-08-11,2026-03-21..2026-08-06,baccarat_bet02_101_all_pairs_incl_sentinel,round_win = game_pnl > 0 (decisive only),COMPATIBILITY_ONLY_NOT_PRODUCTION,127205.3315,115172.8122,6635.2036,4257,2852,-0.05216136,-0.11437665,-0.04113429,-0.05216136,-6635.2036,127205.3315,OK,0.0000,265.4081,4.0000,96.0000,AG03-UNRESOLVED,ALL5_LEVELS_bet23_to_bet27,265.4081,265.4081,265.4081,331.7602,331.7602,4.000000,4.000000,4.000000,5.000000,5.000000,96.000000,96.000000,96.000000,95.000000,95.000000,5.0,1459.7448,1337.1644,5175.4588,5298.0391,PENDING_AG03,FALSE,NOT_FOR_ENFORCEMENT,6369.7955,110565.8997,6635.2036,6369.7955,265.4081,0.05216136,0.05007491,265.4081,6369.7955,0.05007491,265.4081,265.4081,265.4081,331.7602,331.7602,6369.7955,0.05007491,1459.7448,1337.1644,5175.4588,5298.0391,0.04068586,0.04164951,0.00208645,29.8814,40.3832,2.3265,127.6001,7.3643,2446.2564,54.8462,43.4275,28.3160,5.1431,12.8578,28.9875,66.8604,128.5777,263.3173,7.8995,-2.6176,10.0,20.479237,2.324,28,180,56,8,0.15055597,0.05216136,0.11437665,0E-8,0.000000,0.905409,0.000000,-0.07324236,2026-03-22,2026-08-06,52,901,524,138,0.376812,1.533674,1.453326,0.501853,,,,,,,,GLOBAL_BASELINE_NO_ENTITY_RANKING,,,NOT_APPLICABLE_GLOBAL_BASELINE,HF9g-P5,,,,X 全窗基线 · 不参与实体赏罚,14191751,1420,A168_HF9F_20260827_0900,2026-08-27 09:00:00
2026-07-05,128173484,1985,0,94.4930679265,8.7780445615,8.7780445615,0.5000000,5,2,0.42024400020330593,0.252405383334,0.22850987600310085,0.8060719454748385,0.22850987600310085,0.16783861686930593,ELIGIBLE,R03b_20260811_FULL_v1,L1_ELIGIBILITY,v2026-08-11,2026-03-21..2026-08-06,baccarat_bet02_101_all_pairs_incl_sentinel,round_win = game_pnl > 0 (decisive only),COMPATIBILITY_ONLY_NOT_PRODUCTION,127205.3315,115172.8122,6635.2036,4257,2852,-0.05216136,-0.11437665,-0.04113429,-0.05216136,-6635.2036,127205.3315,OK,0.0000,265.4081,4.0000,96.0000,AG03-UNRESOLVED,ALL5_LEVELS_bet23_to_bet27,265.4081,265.4081,265.4081,331.7602,331.7602,4.000000,4.000000,4.000000,5.000000,5.000000,96.000000,96.000000,96.000000,95.000000,95.000000,5.0,1459.7448,1337.1644,5175.4588,5298.0391,PENDING_AG03,FALSE,NOT_FOR_ENFORCEMENT,6369.7955,110565.8997,6635.2036,6369.7955,265.4081,0.05216136,0.05007491,265.4081,6369.7955,0.05007491,265.4081,265.4081,265.4081,331.7602,331.7602,6369.7955,0.05007491,1459.7448,1337.1644,5175.4588,5298.0391,0.04068586,0.04164951,0.00208645,29.8814,40.3832,2.3265,127.6001,7.3643,2446.2564,54.8462,43.4275,28.3160,5.1431,12.8578,28.9875,66.8604,128.5777,263.3173,7.8995,-2.6176,10.0,20.479237,2.324,28,180,56,8,0.15055597,0.05216136,0.11437665,0E-8,0.000000,0.905409,0.000000,-0.07324236,2026-03-22,2026-08-06,52,901,524,138,0.376812,1.533674,1.453326,0.501853,,,,,,,,GLOBAL_BASELINE_NO_ENTITY_RANKING,,,NOT_APPLICABLE_GLOBAL_BASELINE,HF9g-P5,,,,X 全窗基线 · 不参与实体赏罚,14191752,1420,A168_HF9F_20260827_0900,2026-08-27 09:00:00
2026-07-05,128173484,1990,0,64.5444453050,-12.9088890610,-12.9088890610,0.5000000,4,2,0.41236833205128205,0.288945025000,0.2517565779011403,0.6584933467774563,0.2517565779011403,0.12342330705128205,ELIGIBLE,R03b_20260811_FULL_v1,L1_ELIGIBILITY,v2026-08-11,2026-03-21..2026-08-06,baccarat_bet02_101_all_pairs_incl_sentinel,round_win = game_pnl > 0 (decisive only),COMPATIBILITY_ONLY_NOT_PRODUCTION,127205.3315,115172.8122,6635.2036,4257,2852,-0.05216136,-0.11437665,-0.04113429,-0.05216136,-6635.2036,127205.3315,OK,0.0000,265.4081,4.0000,96.0000,AG03-UNRESOLVED,ALL5_LEVELS_bet23_to_bet27,265.4081,265.4081,265.4081,331.7602,331.7602,4.000000,4.000000,4.000000,5.000000,5.000000,96.000000,96.000000,96.000000,95.000000,95.000000,5.0,1459.7448,1337.1644,5175.4588,5298.0391,PENDING_AG03,FALSE,NOT_FOR_ENFORCEMENT,6369.7955,110565.8997,6635.2036,6369.7955,265.4081,0.05216136,0.05007491,265.4081,6369.7955,0.05007491,265.4081,265.4081,265.4081,331.7602,331.7602,6369.7955,0.05007491,1459.7448,1337.1644,5175.4588,5298.0391,0.04068586,0.04164951,0.00208645,29.8814,40.3832,2.3265,127.6001,7.3643,2446.2564,54.8462,43.4275,28.3160,5.1431,12.8578,28.9875,66.8604,128.5777,263.3173,7.8995,-2.6176,10.0,20.479237,2.324,28,180,56,8,0.15055597,0.05216136,0.11437665,0E-8,0.000000,0.905409,0.000000,-0.07324236,2026-03-22,2026-08-06,52,901,524,138,0.376812,1.533674,1.453326,0.501853,,,,,,,,GLOBAL_BASELINE_NO_ENTITY_RANKING,,,NOT_APPLICABLE_GLOBAL_BASELINE,HF9g-P5,,,,X 全窗基线 · 不参与实体赏罚,14191753,1420,A168_HF9F_20260827_0900,2026-08-27 09:00:00
2026-07-05,128173484,2088,0,490.5377843181,229.5200475047,229.5200475047,0.6250000,15,8,0.45475993096516458,0.332996270833,0.9669895976991092,1.7524658970031883,0.9669895976991092,0.12176366013216458,ELIGIBLE,R03b_20260811_FULL_v1,L1_ELIGIBILITY,v2026-08-11,2026-03-21..2026-08-06,baccarat_bet02_101_all_pairs_incl_sentinel,round_win = game_pnl > 0 (decisive only),COMPATIBILITY_ONLY_NOT_PRODUCTION,127205.3315,115172.8122,6635.2036,4257,2852,-0.05216136,-0.11437665,-0.04113429,-0.05216136,-6635.2036,127205.3315,OK,0.0000,265.4081,4.0000,96.0000,AG03-UNRESOLVED,ALL5_LEVELS_bet23_to_bet27,265.4081,265.4081,265.4081,331.7602,331.7602,4.000000,4.000000,4.000000,5.000000,5.000000,96.000000,96.000000,96.000000,95.000000,95.000000,5.0,1459.7448,1337.1644,5175.4588,5298.0391,PENDING_AG03,FALSE,NOT_FOR_ENFORCEMENT,6369.7955,110565.8997,6635.2036,6369.7955,265.4081,0.05216136,0.05007491,265.4081,6369.7955,0.05007491,265.4081,265.4081,265.4081,331.7602,331.7602,6369.7955,0.05007491,1459.7448,1337.1644,5175.4588,5298.0391,0.04068586,0.04164951,0.00208645,29.8814,40.3832,2.3265,127.6001,7.3643,2446.2564,54.8462,43.4275,28.3160,5.1431,12.8578,28.9875,66.8604,128.5777,263.3173,7.8995,-2.6176,10.0,20.479237,2.324,28,180,56,8,0.15055597,0.05216136,0.11437665,0E-8,0.000000,0.905409,0.000000,-0.07324236,2026-03-22,2026-08-06,52,901,524,138,0.376812,1.533674,1.453326,0.501853,,,,,,,,GLOBAL_BASELINE_NO_ENTITY_RANKING,,,NOT_APPLICABLE_GLOBAL_BASELINE,HF9g-P5,,,,X 全窗基线 · 不参与实体赏罚,14191754,1420,A168_HF9F_20260827_0900,2026-08-27 09:00:00
2026-07-05,128173484,2123,0,837.7869000593,-340.7946712105,-340.7946712105,0.3333333,16,9,0.47601248738515963,0.353869788889,-0.8570618005126375,-0.1288442307520624,-0.8570618005126375,0.12214269849615963,ELIGIBLE,R03b_20260811_FULL_v1,L1_ELIGIBILITY,v2026-08-11,2026-03-21..2026-08-06,baccarat_bet02_101_all_pairs_incl_sentinel,round_win = game_pnl > 0 (decisive only),COMPATIBILITY_ONLY_NOT_PRODUCTION,127205.3315,115172.8122,6635.2036,4257,2852,-0.05216136,-0.11437665,-0.04113429,-0.05216136,-6635.2036,127205.3315,OK,0.0000,265.4081,4.0000,96.0000,AG03-UNRESOLVED,ALL5_LEVELS_bet23_to_bet27,265.4081,265.4081,265.4081,331.7602,331.7602,4.000000,4.000000,4.000000,5.000000,5.000000,96.000000,96.000000,96.000000,95.000000,95.000000,5.0,1459.7448,1337.1644,5175.4588,5298.0391,PENDING_AG03,FALSE,NOT_FOR_ENFORCEMENT,6369.7955,110565.8997,6635.2036,6369.7955,265.4081,0.05216136,0.05007491,265.4081,6369.7955,0.05007491,265.4081,265.4081,265.4081,331.7602,331.7602,6369.7955,0.05007491,1459.7448,1337.1644,5175.4588,5298.0391,0.04068586,0.04164951,0.00208645,29.8814,40.3832,2.3265,127.6001,7.3643,2446.2564,54.8462,43.4275,28.3160,5.1431,12.8578,28.9875,66.8604,128.5777,263.3173,7.8995,-2.6176,10.0,20.479237,2.324,28,180,56,8,0.15055597,0.05216136,0.11437665,0E-8,0.000000,0.905409,0.000000,-0.07324236,2026-03-22,2026-08-06,52,901,524,138,0.376812,1.533674,1.453326,0.501853,,,,,,,,GLOBAL_BASELINE_NO_ENTITY_RANKING,,,NOT_APPLICABLE_GLOBAL_BASELINE,HF9g-P5,,,,X 全窗基线 · 不参与实体赏罚,14191755,1420,A168_HF9F_20260827_0900,2026-08-27 09:00:00
2026-07-05,128173484,2196,0,356.2853380838,-83.7915988952,-83.7915988952,0.6666667,9,6,0.48161110863236653,0.393080125000,0.907197129934179,1.3720316578064162,0.907197129934179,0.08853098363236653,ELIGIBLE,R03b_20260811_FULL_v1,L1_ELIGIBILITY,v2026-08-11,2026-03-21..2026-08-06,baccarat_bet02_101_all_pairs_incl_sentinel,round_win = game_pnl > 0 (decisive only),COMPATIBILITY_ONLY_NOT_PRODUCTION,127205.3315,115172.8122,6635.2036,4257,2852,-0.05216136,-0.11437665,-0.04113429,-0.05216136,-6635.2036,127205.3315,OK,0.0000,265.4081,4.0000,96.0000,AG03-UNRESOLVED,ALL5_LEVELS_bet23_to_bet27,265.4081,265.4081,265.4081,331.7602,331.7602,4.000000,4.000000,4.000000,5.000000,5.000000,96.000000,96.000000,96.000000,95.000000,95.000000,5.0,1459.7448,1337.1644,5175.4588,5298.0391,PENDING_AG03,FALSE,NOT_FOR_ENFORCEMENT,6369.7955,110565.8997,6635.2036,6369.7955,265.4081,0.05216136,0.05007491,265.4081,6369.7955,0.05007491,265.4081,265.4081,265.4081,331.7602,331.7602,6369.7955,0.05007491,1459.7448,1337.1644,5175.4588,5298.0391,0.04068586,0.04164951,0.00208645,29.8814,40.3832,2.3265,127.6001,7.3643,2446.2564,54.8462,43.4275,28.3160,5.1431,12.8578,28.9875,66.8604,128.5777,263.3173,7.8995,-2.6176,10.0,20.479237,2.324,28,180,56,8,0.15055597,0.05216136,0.11437665,0E-8,0.000000,0.905409,0.000000,-0.07324236,2026-03-22,2026-08-06,52,901,524,138,0.376812,1.533674,1.453326,0.501853,,,,,,,,GLOBAL_BASELINE_NO_ENTITY_RANKING,,,NOT_APPLICABLE_GLOBAL_BASELINE,HF9g-P5,,,,X 全窗基线 · 不参与实体赏罚,14191756,1420,A168_HF9F_20260827_0900,2026-08-27 09:00:00
2026-07-05,128173484,2229,0,3.3563111559,3.1884955981,3.1884955981,1.0000000,1,1,0.50665070000000000,0.506650700000,0.9867858985152569,0.9867858985152569,0.9867858985152569,0E-17,ELIGIBLE,R03b_20260811_FULL_v1,L1_ELIGIBILITY,v2026-08-11,2026-03-21..2026-08-06,baccarat_bet02_101_all_pairs_incl_sentinel,round_win = game_pnl > 0 (decisive only),COMPATIBILITY_ONLY_NOT_PRODUCTION,127205.3315,115172.8122,6635.2036,4257,2852,-0.05216136,-0.11437665,-0.04113429,-0.05216136,-6635.2036,127205.3315,OK,0.0000,265.4081,4.0000,96.0000,AG03-UNRESOLVED,ALL5_LEVELS_bet23_to_bet27,265.4081,265.4081,265.4081,331.7602,331.7602,4.000000,4.000000,4.000000,5.000000,5.000000,96.000000,96.000000,96.000000,95.000000,95.000000,5.0,1459.7448,1337.1644,5175.4588,5298.0391,PENDING_AG03,FALSE,NOT_FOR_ENFORCEMENT,6369.7955,110565.8997,6635.2036,6369.7955,265.4081,0.05216136,0.05007491,265.4081,6369.7955,0.05007491,265.4081,265.4081,265.4081,331.7602,331.7602,6369.7955,0.05007491,1459.7448,1337.1644,5175.4588,5298.0391,0.04068586,0.04164951,0.00208645,29.8814,40.3832,2.3265,127.6001,7.3643,2446.2564,54.8462,43.4275,28.3160,5.1431,12.8578,28.9875,66.8604,128.5777,263.3173,7.8995,-2.6176,10.0,20.479237,2.324,28,180,56,8,0.15055597,0.05216136,0.11437665,0E-8,0.000000,0.905409,0.000000,-0.07324236,2026-03-22,2026-08-06,52,901,524,138,0.376812,1.533674,1.453326,0.501853,,,,,,,,GLOBAL_BASELINE_NO_ENTITY_RANKING,,,NOT_APPLICABLE_GLOBAL_BASELINE,HF9g-P5,,,,X 全窗基线 · 不参与实体赏罚,14191757,1420,A168_HF9F_20260827_0900,2026-08-27 09:00:00
2026-07-05,128173484,2235,0,682.1056979836,134.8978906875,134.8978906875,0.7142857,11,9,0.49051379126984261,0.453804600000,1.1843028830468372,1.3842572124859058,1.1843028830468372,0.03670919126984261,ELIGIBLE,R03b_20260811_FULL_v1,L1_ELIGIBILITY,v2026-08-11,2026-03-21..2026-08-06,baccarat_bet02_101_all_pairs_incl_sentinel,round_win = game_pnl > 0 (decisive only),COMPATIBILITY_ONLY_NOT_PRODUCTION,127205.3315,115172.8122,6635.2036,4257,2852,-0.05216136,-0.11437665,-0.04113429,-0.05216136,-6635.2036,127205.3315,OK,0.0000,265.4081,4.0000,96.0000,AG03-UNRESOLVED,ALL5_LEVELS_bet23_to_bet27,265.4081,265.4081,265.4081,331.7602,331.7602,4.000000,4.000000,4.000000,5.000000,5.000000,96.000000,96.000000,96.000000,95.000000,95.000000,5.0,1459.7448,1337.1644,5175.4588,5298.0391,PENDING_AG03,FALSE,NOT_FOR_ENFORCEMENT,6369.7955,110565.8997,6635.2036,6369.7955,265.4081,0.05216136,0.05007491,265.4081,6369.7955,0.05007491,265.4081,265.4081,265.4081,331.7602,331.7602,6369.7955,0.05007491,1459.7448,1337.1644,5175.4588,5298.0391,0.04068586,0.04164951,0.00208645,29.8814,40.3832,2.3265,127.6001,7.3643,2446.2564,54.8462,43.4275,28.3160,5.1431,12.8578,28.9875,66.8604,128.5777,263.3173,7.8995,-2.6176,10.0,20.479237,2.324,28,180,56,8,0.15055597,0.05216136,0.11437665,0E-8,0.000000,0.905409,0.000000,-0.07324236,2026-03-22,2026-08-06,52,901,524,138,0.376812,1.533674,1.453326,0.501853,,,,,,,,GLOBAL_BASELINE_NO_ENTITY_RANKING,,,NOT_APPLICABLE_GLOBAL_BASELINE,HF9g-P5,,,,X 全窗基线 · 不参与实体赏罚,14191758,1420,A168_HF9F_20260827_0900,2026-08-27 09:00:00
2026-07-05,128173484,2271,0,36.6612449332,-10.8434668112,-10.8434668112,0.5000000,4,2,0.40415890357181585,0.287323225000,0.2762011413267425,0.6646658944612645,0.2762011413267425,0.11683567857181585,ELIGIBLE,R03b_20260811_FULL_v1,L1_ELIGIBILITY,v2026-08-11,2026-03-21..2026-08-06,baccarat_bet02_101_all_pairs_incl_sentinel,round_win = game_pnl > 0 (decisive only),COMPATIBILITY_ONLY_NOT_PRODUCTION,127205.3315,115172.8122,6635.2036,4257,2852,-0.05216136,-0.11437665,-0.04113429,-0.05216136,-6635.2036,127205.3315,OK,0.0000,265.4081,4.0000,96.0000,AG03-UNRESOLVED,ALL5_LEVELS_bet23_to_bet27,265.4081,265.4081,265.4081,331.7602,331.7602,4.000000,4.000000,4.000000,5.000000,5.000000,96.000000,96.000000,96.000000,95.000000,95.000000,5.0,1459.7448,1337.1644,5175.4588,5298.0391,PENDING_AG03,FALSE,NOT_FOR_ENFORCEMENT,6369.7955,110565.8997,6635.2036,6369.7955,265.4081,0.05216136,0.05007491,265.4081,6369.7955,0.05007491,265.4081,265.4081,265.4081,331.7602,331.7602,6369.7955,0.05007491,1459.7448,1337.1644,5175.4588,5298.0391,0.04068586,0.04164951,0.00208645,29.8814,40.3832,2.3265,127.6001,7.3643,2446.2564,54.8462,43.4275,28.3160,5.1431,12.8578,28.9875,66.8604,128.5777,263.3173,7.8995,-2.6176,10.0,20.479237,2.324,28,180,56,8,0.15055597,0.05216136,0.11437665,0E-8,0.000000,0.905409,0.000000,-0.07324236,2026-03-22,2026-08-06,52,901,524,138,0.376812,1.533674,1.453326,0.501853,,,,,,,,GLOBAL_BASELINE_NO_ENTITY_RANKING,,,NOT_APPLICABLE_GLOBAL_BASELINE,HF9g-P5,,,,X 全窗基线 · 不参与实体赏罚,14191759,1420,A168_HF9F_20260827_0900,2026-08-27 09:00:00
2026-07-05,128173484,2281,0,70.9988898355,4.5181111714,4.5181111714,0.5000000,3,2,0.47579782142857143,0.398665625000,0.06853443289671654,0.2926910081793089,0.06853443289671654,0.07713219642857143,ELIGIBLE,R03b_20260811_FULL_v1,L1_ELIGIBILITY,v2026-08-11,2026-03-21..2026-08-06,baccarat_bet02_101_all_pairs_incl_sentinel,round_win = game_pnl > 0 (decisive only),COMPATIBILITY_ONLY_NOT_PRODUCTION,127205.3315,115172.8122,6635.2036,4257,2852,-0.05216136,-0.11437665,-0.04113429,-0.05216136,-6635.2036,127205.3315,OK,0.0000,265.4081,4.0000,96.0000,AG03-UNRESOLVED,ALL5_LEVELS_bet23_to_bet27,265.4081,265.4081,265.4081,331.7602,331.7602,4.000000,4.000000,4.000000,5.000000,5.000000,96.000000,96.000000,96.000000,95.000000,95.000000,5.0,1459.7448,1337.1644,5175.4588,5298.0391,PENDING_AG03,FALSE,NOT_FOR_ENFORCEMENT,6369.7955,110565.8997,6635.2036,6369.7955,265.4081,0.05216136,0.05007491,265.4081,6369.7955,0.05007491,265.4081,265.4081,265.4081,331.7602,331.7602,6369.7955,0.05007491,1459.7448,1337.1644,5175.4588,5298.0391,0.04068586,0.04164951,0.00208645,29.8814,40.3832,2.3265,127.6001,7.3643,2446.2564,54.8462,43.4275,28.3160,5.1431,12.8578,28.9875,66.8604,128.5777,263.3173,7.8995,-2.6176,10.0,20.479237,2.324,28,180,56,8,0.15055597,0.05216136,0.11437665,0E-8,0.000000,0.905409,0.000000,-0.07324236,2026-03-22,2026-08-06,52,901,524,138,0.376812,1.533674,1.453326,0.501853,,,,,,,,GLOBAL_BASELINE_NO_ENTITY_RANKING,,,NOT_APPLICABLE_GLOBAL_BASELINE,HF9g-P5,,,,X 全窗基线 · 不参与实体赏罚,14191760,1420,A168_HF9F_20260827_0900,2026-08-27 09:00:00
2026-07-05,128173484,462,0,43.8902228074,-43.8902228074,-43.8902228074,0E-7,2,1,0.44400324117647059,0.283965900000,-0.8936283543900695,-0.6297471965178028,-0.8936283543900695,0.16003734117647059,ELIGIBLE,R03b_20260811_FULL_v1,L1_ELIGIBILITY,v2026-08-11,2026-03-21..2026-08-06,baccarat_bet02_101_all_pairs_incl_sentinel,round_win = game_pnl > 0 (decisive only),COMPATIBILITY_ONLY_NOT_PRODUCTION,127205.3315,115172.8122,6635.2036,4257,2852,-0.05216136,-0.11437665,-0.04113429,-0.05216136,-6635.2036,127205.3315,OK,0.0000,265.4081,4.0000,96.0000,AG03-UNRESOLVED,ALL5_LEVELS_bet23_to_bet27,265.4081,265.4081,265.4081,331.7602,331.7602,4.000000,4.000000,4.000000,5.000000,5.000000,96.000000,96.000000,96.000000,95.000000,95.000000,5.0,1459.7448,1337.1644,5175.4588,5298.0391,PENDING_AG03,FALSE,NOT_FOR_ENFORCEMENT,6369.7955,110565.8997,6635.2036,6369.7955,265.4081,0.05216136,0.05007491,265.4081,6369.7955,0.05007491,265.4081,265.4081,265.4081,331.7602,331.7602,6369.7955,0.05007491,1459.7448,1337.1644,5175.4588,5298.0391,0.04068586,0.04164951,0.00208645,29.8814,40.3832,2.3265,127.6001,7.3643,2446.2564,54.8462,43.4275,28.3160,5.1431,12.8578,28.9875,66.8604,128.5777,263.3173,7.8995,-2.6176,10.0,20.479237,2.324,28,180,56,8,0.15055597,0.05216136,0.11437665,0E-8,0.000000,0.905409,0.000000,-0.07324236,2026-03-22,2026-08-06,52,901,524,138,0.376812,1.533674,1.453326,0.501853,,,,,,,,GLOBAL_BASELINE_NO_ENTITY_RANKING,,,NOT_APPLICABLE_GLOBAL_BASELINE,HF9g-P5,,,,X 全窗基线 · 不参与实体赏罚,14191761,1420,A168_HF9F_20260827_0900,2026-08-27 09:00:00
2026-07-05,128173484,550,0,129.0888906100,21.9451114037,21.9451114037,0.5000000,4,2,0.41960076666666667,0.287323225000,0.23040152733945532,0.6646658944612645,0.23040152733945532,0.13227754166666667,ELIGIBLE,R03b_20260811_FULL_v1,L1_ELIGIBILITY,v2026-08-11,2026-03-21..2026-08-06,baccarat_bet02_101_all_pairs_incl_sentinel,round_win = game_pnl > 0 (decisive only),COMPATIBILITY_ONLY_NOT_PRODUCTION,127205.3315,115172.8122,6635.2036,4257,2852,-0.05216136,-0.11437665,-0.04113429,-0.05216136,-6635.2036,127205.3315,OK,0.0000,265.4081,4.0000,96.0000,AG03-UNRESOLVED,ALL5_LEVELS_bet23_to_bet27,265.4081,265.4081,265.4081,331.7602,331.7602,4.000000,4.000000,4.000000,5.000000,5.000000,96.000000,96.000000,96.000000,95.000000,95.000000,5.0,1459.7448,1337.1644,5175.4588,5298.0391,PENDING_AG03,FALSE,NOT_FOR_ENFORCEMENT,6369.7955,110565.8997,6635.2036,6369.7955,265.4081,0.05216136,0.05007491,265.4081,6369.7955,0.05007491,265.4081,265.4081,265.4081,331.7602,331.7602,6369.7955,0.05007491,1459.7448,1337.1644,5175.4588,5298.0391,0.04068586,0.04164951,0.00208645,29.8814,40.3832,2.3265,127.6001,7.3643,2446.2564,54.8462,43.4275,28.3160,5.1431,12.8578,28.9875,66.8604,128.5777,263.3173,7.8995,-2.6176,10.0,20.479237,2.324,28,180,56,8,0.15055597,0.05216136,0.11437665,0E-8,0.000000,0.905409,0.000000,-0.07324236,2026-03-22,2026-08-06,52,901,524,138,0.376812,1.533674,1.453326,0.501853,,,,,,,,GLOBAL_BASELINE_NO_ENTITY_RANKING,,,NOT_APPLICABLE_GLOBAL_BASELINE,HF9g-P5,,,,X 全窗基线 · 不参与实体赏罚,14191762,1420,A168_HF9F_20260827_0900,2026-08-27 09:00:00
2026-07-05,128173484,583,0,64.5444453050,10.9725557019,10.9725557019,0.5000000,2,2,0.49994810000000000,0.499948100000,0.00014679536856514622,0.00014679536856514622,0.00014679536856514622,0E-17,ELIGIBLE,R03b_20260811_FULL_v1,L1_ELIGIBILITY,v2026-08-11,2026-03-21..2026-08-06,baccarat_bet02_101_all_pairs_incl_sentinel,round_win = game_pnl > 0 (decisive only),COMPATIBILITY_ONLY_NOT_PRODUCTION,127205.3315,115172.8122,6635.2036,4257,2852,-0.05216136,-0.11437665,-0.04113429,-0.05216136,-6635.2036,127205.3315,OK,0.0000,265.4081,4.0000,96.0000,AG03-UNRESOLVED,ALL5_LEVELS_bet23_to_bet27,265.4081,265.4081,265.4081,331.7602,331.7602,4.000000,4.000000,4.000000,5.000000,5.000000,96.000000,96.000000,96.000000,95.000000,95.000000,5.0,1459.7448,1337.1644,5175.4588,5298.0391,PENDING_AG03,FALSE,NOT_FOR_ENFORCEMENT,6369.7955,110565.8997,6635.2036,6369.7955,265.4081,0.05216136,0.05007491,265.4081,6369.7955,0.05007491,265.4081,265.4081,265.4081,331.7602,331.7602,6369.7955,0.05007491,1459.7448,1337.1644,5175.4588,5298.0391,0.04068586,0.04164951,0.00208645,29.8814,40.3832,2.3265,127.6001,7.3643,2446.2564,54.8462,43.4275,28.3160,5.1431,12.8578,28.9875,66.8604,128.5777,263.3173,7.8995,-2.6176,10.0,20.479237,2.324,28,180,56,8,0.15055597,0.05216136,0.11437665,0E-8,0.000000,0.905409,0.000000,-0.07324236,2026-03-22,2026-08-06,52,901,524,138,0.376812,1.533674,1.453326,0.501853,,,,,,,,GLOBAL_BASELINE_NO_ENTITY_RANKING,,,NOT_APPLICABLE_GLOBAL_BASELINE,HF9g-P5,,,,X 全窗基线 · 不参与实体赏罚,14191763,1420,A168_HF9F_20260827_0900,2026-08-27 09:00:00
2026-07-05,128173484,752,0,64.5444453050,61.3172230398,61.3172230398,1.0000000,1,1,0.50665070000000000,0.506650700000,0.9867858985152569,0.9867858985152569,0.9867858985152569,0E-17,ELIGIBLE,R03b_20260811_FULL_v1,L1_ELIGIBILITY,v2026-08-11,2026-03-21..2026-08-06,baccarat_bet02_101_all_pairs_incl_sentinel,round_win = game_pnl > 0 (decisive only),COMPATIBILITY_ONLY_NOT_PRODUCTION,127205.3315,115172.8122,6635.2036,4257,2852,-0.05216136,-0.11437665,-0.04113429,-0.05216136,-6635.2036,127205.3315,OK,0.0000,265.4081,4.0000,96.0000,AG03-UNRESOLVED,ALL5_LEVELS_bet23_to_bet27,265.4081,265.4081,265.4081,331.7602,331.7602,4.000000,4.000000,4.000000,5.000000,5.000000,96.000000,96.000000,96.000000,95.000000,95.000000,5.0,1459.7448,1337.1644,5175.4588,5298.0391,PENDING_AG03,FALSE,NOT_FOR_ENFORCEMENT,6369.7955,110565.8997,6635.2036,6369.7955,265.4081,0.05216136,0.05007491,265.4081,6369.7955,0.05007491,265.4081,265.4081,265.4081,331.7602,331.7602,6369.7955,0.05007491,1459.7448,1337.1644,5175.4588,5298.0391,0.04068586,0.04164951,0.00208645,29.8814,40.3832,2.3265,127.6001,7.3643,2446.2564,54.8462,43.4275,28.3160,5.1431,12.8578,28.9875,66.8604,128.5777,263.3173,7.8995,-2.6176,10.0,20.479237,2.324,28,180,56,8,0.15055597,0.05216136,0.11437665,0E-8,0.000000,0.905409,0.000000,-0.07324236,2026-03-22,2026-08-06,52,901,524,138,0.376812,1.533674,1.453326,0.501853,,,,,,,,GLOBAL_BASELINE_NO_ENTITY_RANKING,,,NOT_APPLICABLE_GLOBAL_BASELINE,HF9g-P5,,,,X 全窗基线 · 不参与实体赏罚,14191764,1420,A168_HF9F_20260827_0900,2026-08-27 09:00:00
2026-07-05,128173484,919,0,30.9813337464,20.6542224976,20.6542224976,1.0000000,2,1,0.42680505000000000,0.293924150000,1.158874490233742,1.549915577879723,1.158874490233742,0.13288090000000000,ELIGIBLE,R03b_20260811_FULL_v1,L1_ELIGIBILITY,v2026-08-11,2026-03-21..2026-08-06,baccarat_bet02_101_all_pairs_incl_sentinel,round_win = game_pnl > 0 (decisive only),COMPATIBILITY_ONLY_NOT_PRODUCTION,127205.3315,115172.8122,6635.2036,4257,2852,-0.05216136,-0.11437665,-0.04113429,-0.05216136,-6635.2036,127205.3315,OK,0.0000,265.4081,4.0000,96.0000,AG03-UNRESOLVED,ALL5_LEVELS_bet23_to_bet27,265.4081,265.4081,265.4081,331.7602,331.7602,4.000000,4.000000,4.000000,5.000000,5.000000,96.000000,96.000000,96.000000,95.000000,95.000000,5.0,1459.7448,1337.1644,5175.4588,5298.0391,PENDING_AG03,FALSE,NOT_FOR_ENFORCEMENT,6369.7955,110565.8997,6635.2036,6369.7955,265.4081,0.05216136,0.05007491,265.4081,6369.7955,0.05007491,265.4081,265.4081,265.4081,331.7602,331.7602,6369.7955,0.05007491,1459.7448,1337.1644,5175.4588,5298.0391,0.04068586,0.04164951,0.00208645,29.8814,40.3832,2.3265,127.6001,7.3643,2446.2564,54.8462,43.4275,28.3160,5.1431,12.8578,28.9875,66.8604,128.5777,263.3173,7.8995,-2.6176,10.0,20.479237,2.324,28,180,56,8,0.15055597,0.05216136,0.11437665,0E-8,0.000000,0.905409,0.000000,-0.07324236,2026-03-22,2026-08-06,52,901,524,138,0.376812,1.533674,1.453326,0.501853,,,,,,,,GLOBAL_BASELINE_NO_ENTITY_RANKING,,,NOT_APPLICABLE_GLOBAL_BASELINE,HF9g-P5,,,,X 全窗基线 · 不参与实体赏罚,14191765,1420,A168_HF9F_20260827_0900,2026-08-27 09:00:00
2026-07-07,128173484,1947,0,198.7968915395,-85.1986678027,-85.1986678027,0.5000000,3,2,0.48031445000001383,0.391963025000,0.05572234748054182,0.3129679521789244,0.05572234748054182,0.08835142500001383,ELIGIBLE,R03b_20260811_FULL_v1,L1_ELIGIBILITY,v2026-08-11,2026-03-21..2026-08-06,baccarat_bet02_101_all_pairs_incl_sentinel,round_win = game_pnl > 0 (decisive only),COMPATIBILITY_ONLY_NOT_PRODUCTION,127205.3315,115172.8122,6635.2036,4257,2852,-0.05216136,-0.11437665,-0.04113429,-0.05216136,-6635.2036,127205.3315,OK,0.0000,265.4081,4.0000,96.0000,AG03-UNRESOLVED,ALL5_LEVELS_bet23_to_bet27,265.4081,265.4081,265.4081,331.7602,331.7602,4.000000,4.000000,4.000000,5.000000,5.000000,96.000000,96.000000,96.000000,95.000000,95.000000,5.0,1459.7448,1337.1644,5175.4588,5298.0391,PENDING_AG03,FALSE,NOT_FOR_ENFORCEMENT,6369.7955,110565.8997,6635.2036,6369.7955,265.4081,0.05216136,0.05007491,265.4081,6369.7955,0.05007491,265.4081,265.4081,265.4081,331.7602,331.7602,6369.7955,0.05007491,1459.7448,1337.1644,5175.4588,5298.0391,0.04068586,0.04164951,0.00208645,29.8814,40.3832,2.3265,127.6001,7.3643,2446.2564,54.8462,43.4275,28.3160,5.1431,12.8578,28.9875,66.8604,128.5777,263.3173,7.8995,-2.6176,10.0,20.479237,2.324,28,180,56,8,0.15055597,0.05216136,0.11437665,0E-8,0.000000,0.905409,0.000000,-0.07324236,2026-03-22,2026-08-06,52,901,524,138,0.376812,1.533674,1.453326,0.501853,,,,,,,,GLOBAL_BASELINE_NO_ENTITY_RANKING,,,NOT_APPLICABLE_GLOBAL_BASELINE,HF9g-P5,,,,X 全窗基线 · 不参与实体赏罚,14191766,1420,A168_HF9F_20260827_0900,2026-08-27 09:00:00
2026-07-07,128173484,2106,0,170.3973356053,-113.5982237369,-113.5982237369,0.5000000,3,2,0.48121865000001319,0.396936125000,0.05315919567181583,0.29790616794075786,0.05315919567181583,0.08428252500001319,ELIGIBLE,R03b_20260811_FULL_v1,L1_ELIGIBILITY,v2026-08-11,2026-03-21..2026-08-06,baccarat_bet02_101_all_pairs_incl_sentinel,round_win = game_pnl > 0 (decisive only),COMPATIBILITY_ONLY_NOT_PRODUCTION,127205.3315,115172.8122,6635.2036,4257,2852,-0.05216136,-0.11437665,-0.04113429,-0.05216136,-6635.2036,127205.3315,OK,0.0000,265.4081,4.0000,96.0000,AG03-UNRESOLVED,ALL5_LEVELS_bet23_to_bet27,265.4081,265.4081,265.4081,331.7602,331.7602,4.000000,4.000000,4.000000,5.000000,5.000000,96.000000,96.000000,96.000000,95.000000,95.000000,5.0,1459.7448,1337.1644,5175.4588,5298.0391,PENDING_AG03,FALSE,NOT_FOR_ENFORCEMENT,6369.7955,110565.8997,6635.2036,6369.7955,265.4081,0.05216136,0.05007491,265.4081,6369.7955,0.05007491,265.4081,265.4081,265.4081,331.7602,331.7602,6369.7955,0.05007491,1459.7448,1337.1644,5175.4588,5298.0391,0.04068586,0.04164951,0.00208645,29.8814,40.3832,2.3265,127.6001,7.3643,2446.2564,54.8462,43.4275,28.3160,5.1431,12.8578,28.9875,66.8604,128.5777,263.3173,7.8995,-2.6176,10.0,20.479237,2.324,28,180,56,8,0.15055597,0.05216136,0.11437665,0E-8,0.000000,0.905409,0.000000,-0.07324236,2026-03-22,2026-08-06,52,901,524,138,0.376812,1.533674,1.453326,0.501853,,,,,,,,GLOBAL_BASELINE_NO_ENTITY_RANKING,,,NOT_APPLICABLE_GLOBAL_BASELINE,HF9g-P5,,,,X 全窗基线 · 不参与实体赏罚,14191767,1420,A168_HF9F_20260827_0900,2026-08-27 09:00:00
2026-07-07,128173484,2281,0,608.2668525547,-183.1771357757,-183.1771357757,0.3750000,10,9,0.49806038553459312,0.477439544444,-0.6961399027770471,-0.5800763609045672,-0.6961399027770471,0.02062084109059312,ELIGIBLE,R03b_20260811_FULL_v1,L1_ELIGIBILITY,v2026-08-11,2026-03-21..2026-08-06,baccarat_bet02_101_all_pairs_incl_sentinel,round_win = game_pnl > 0 (decisive only),COMPATIBILITY_ONLY_NOT_PRODUCTION,127205.3315,115172.8122,6635.2036,4257,2852,-0.05216136,-0.11437665,-0.04113429,-0.05216136,-6635.2036,127205.3315,OK,0.0000,265.4081,4.0000,96.0000,AG03-UNRESOLVED,ALL5_LEVELS_bet23_to_bet27,265.4081,265.4081,265.4081,331.7602,331.7602,4.000000,4.000000,4.000000,5.000000,5.000000,96.000000,96.000000,96.000000,95.000000,95.000000,5.0,1459.7448,1337.1644,5175.4588,5298.0391,PENDING_AG03,FALSE,NOT_FOR_ENFORCEMENT,6369.7955,110565.8997,6635.2036,6369.7955,265.4081,0.05216136,0.05007491,265.4081,6369.7955,0.05007491,265.4081,265.4081,265.4081,331.7602,331.7602,6369.7955,0.05007491,1459.7448,1337.1644,5175.4588,5298.0391,0.04068586,0.04164951,0.00208645,29.8814,40.3832,2.3265,127.6001,7.3643,2446.2564,54.8462,43.4275,28.3160,5.1431,12.8578,28.9875,66.8604,128.5777,263.3173,7.8995,-2.6176,10.0,20.479237,2.324,28,180,56,8,0.15055597,0.05216136,0.11437665,0E-8,0.000000,0.905409,0.000000,-0.07324236,2026-03-22,2026-08-06,52,901,524,138,0.376812,1.533674,1.453326,0.501853,,,,,,,,GLOBAL_BASELINE_NO_ENTITY_RANKING,,,NOT_APPLICABLE_GLOBAL_BASELINE,HF9g-P5,,,,X 全窗基线 · 不参与实体赏罚,14191768,1420,A168_HF9F_20260827_0900,2026-08-27 09:00:00
2026-07-07,128173484,595,0,2.8399555934,-2.8399555934,-2.8399555934,0E-7,1,1,0.49324550000000000,0.493245500000,-0.9865810262130424,-0.9865810262130424,-0.9865810262130424,0E-17,ELIGIBLE,R03b_20260811_FULL_v1,L1_ELIGIBILITY,v2026-08-11,2026-03-21..2026-08-06,baccarat_bet02_101_all_pairs_incl_sentinel,round_win = game_pnl > 0 (decisive only),COMPATIBILITY_ONLY_NOT_PRODUCTION,127205.3315,115172.8122,6635.2036,4257,2852,-0.05216136,-0.11437665,-0.04113429,-0.05216136,-6635.2036,127205.3315,OK,0.0000,265.4081,4.0000,96.0000,AG03-UNRESOLVED,ALL5_LEVELS_bet23_to_bet27,265.4081,265.4081,265.4081,331.7602,331.7602,4.000000,4.000000,4.000000,5.000000,5.000000,96.000000,96.000000,96.000000,95.000000,95.000000,5.0,1459.7448,1337.1644,5175.4588,5298.0391,PENDING_AG03,FALSE,NOT_FOR_ENFORCEMENT,6369.7955,110565.8997,6635.2036,6369.7955,265.4081,0.05216136,0.05007491,265.4081,6369.7955,0.05007491,265.4081,265.4081,265.4081,331.7602,331.7602,6369.7955,0.05007491,1459.7448,1337.1644,5175.4588,5298.0391,0.04068586,0.04164951,0.00208645,29.8814,40.3832,2.3265,127.6001,7.3643,2446.2564,54.8462,43.4275,28.3160,5.1431,12.8578,28.9875,66.8604,128.5777,263.3173,7.8995,-2.6176,10.0,20.479237,2.324,28,180,56,8,0.15055597,0.05216136,0.11437665,0E-8,0.000000,0.905409,0.000000,-0.07324236,2026-03-22,2026-08-06,52,901,524,138,0.376812,1.533674,1.453326,0.501853,,,,,,,,GLOBAL_BASELINE_NO_ENTITY_RANKING,,,NOT_APPLICABLE_GLOBAL_BASELINE,HF9g-P5,,,,X 全窗基线 · 不参与实体赏罚,14191769,1420,A168_HF9F_20260827_0900,2026-08-27 09:00:00
2026-07-07,128173484,627,0,40.2757338703,-40.2757338703,-40.2757338703,0E-7,1,1,0.50665070000000000,0.506650700000,-1.013391052207602,-1.013391052207602,-1.013391052207602,0E-17,ELIGIBLE,R03b_20260811_FULL_v1,L1_ELIGIBILITY,v2026-08-11,2026-03-21..2026-08-06,baccarat_bet02_101_all_pairs_incl_sentinel,round_win = game_pnl > 0 (decisive only),COMPATIBILITY_ONLY_NOT_PRODUCTION,127205.3315,115172.8122,6635.2036,4257,2852,-0.05216136,-0.11437665,-0.04113429,-0.05216136,-6635.2036,127205.3315,OK,0.0000,265.4081,4.0000,96.0000,AG03-UNRESOLVED,ALL5_LEVELS_bet23_to_bet27,265.4081,265.4081,265.4081,331.7602,331.7602,4.000000,4.000000,4.000000,5.000000,5.000000,96.000000,96.000000,96.000000,95.000000,95.000000,5.0,1459.7448,1337.1644,5175.4588,5298.0391,PENDING_AG03,FALSE,NOT_FOR_ENFORCEMENT,6369.7955,110565.8997,6635.2036,6369.7955,265.4081,0.05216136,0.05007491,265.4081,6369.7955,0.05007491,265.4081,265.4081,265.4081,331.7602,331.7602,6369.7955,0.05007491,1459.7448,1337.1644,5175.4588,5298.0391,0.04068586,0.04164951,0.00208645,29.8814,40.3832,2.3265,127.6001,7.3643,2446.2564,54.8462,43.4275,28.3160,5.1431,12.8578,28.9875,66.8604,128.5777,263.3173,7.8995,-2.6176,10.0,20.479237,2.324,28,180,56,8,0.15055597,0.05216136,0.11437665,0E-8,0.000000,0.905409,0.000000,-0.07324236,2026-03-22,2026-08-06,52,901,524,138,0.376812,1.533674,1.453326,0.501853,,,,,,,,GLOBAL_BASELINE_NO_ENTITY_RANKING,,,NOT_APPLICABLE_GLOBAL_BASELINE,HF9g-P5,,,,X 全窗基线 · 不参与实体赏罚,14191770,1420,A168_HF9F_20260827_0900,2026-08-27 09:00:00
2026-07-07,128173484,789,0,43.8902228074,-43.8902228074,-43.8902228074,0E-7,3,2,0.48701705000000000,0.398665625000,-1.3779568412767744,-1.1514931996934334,-1.3779568412767744,0.08835142500000000,ELIGIBLE,R03b_20260811_FULL_v1,L1_ELIGIBILITY,v2026-08-11,2026-03-21..2026-08-06,baccarat_bet02_101_all_pairs_incl_sentinel,round_win = game_pnl > 0 (decisive only),COMPATIBILITY_ONLY_NOT_PRODUCTION,127205.3315,115172.8122,6635.2036,4257,2852,-0.05216136,-0.11437665,-0.04113429,-0.05216136,-6635.2036,127205.3315,OK,0.0000,265.4081,4.0000,96.0000,AG03-UNRESOLVED,ALL5_LEVELS_bet23_to_bet27,265.4081,265.4081,265.4081,331.7602,331.7602,4.000000,4.000000,4.000000,5.000000,5.000000,96.000000,96.000000,96.000000,95.000000,95.000000,5.0,1459.7448,1337.1644,5175.4588,5298.0391,PENDING_AG03,FALSE,NOT_FOR_ENFORCEMENT,6369.7955,110565.8997,6635.2036,6369.7955,265.4081,0.05216136,0.05007491,265.4081,6369.7955,0.05007491,265.4081,265.4081,265.4081,331.7602,331.7602,6369.7955,0.05007491,1459.7448,1337.1644,5175.4588,5298.0391,0.04068586,0.04164951,0.00208645,29.8814,40.3832,2.3265,127.6001,7.3643,2446.2564,54.8462,43.4275,28.3160,5.1431,12.8578,28.9875,66.8604,128.5777,263.3173,7.8995,-2.6176,10.0,20.479237,2.324,28,180,56,8,0.15055597,0.05216136,0.11437665,0E-8,0.000000,0.905409,0.000000,-0.07324236,2026-03-22,2026-08-06,52,901,524,138,0.376812,1.533674,1.453326,0.501853,,,,,,,,GLOBAL_BASELINE_NO_ENTITY_RANKING,,,NOT_APPLICABLE_GLOBAL_BASELINE,HF9g-P5,,,,X 全窗基线 · 不参与实体赏罚,14191771,1420,A168_HF9F_20260827_0900,2026-08-27 09:00:00
2026-07-07,128173484,925,0,16.5233779981,-9.4751245708,-9.4751245708,0.5000000,2,2,0.49994810000000000,0.499948100000,0.00014679536856514622,0.00014679536856514622,0.00014679536856514622,0E-17,ELIGIBLE,R03b_20260811_FULL_v1,L1_ELIGIBILITY,v2026-08-11,2026-03-21..2026-08-06,baccarat_bet02_101_all_pairs_incl_sentinel,round_win = game_pnl > 0 (decisive only),COMPATIBILITY_ONLY_NOT_PRODUCTION,127205.3315,115172.8122,6635.2036,4257,2852,-0.05216136,-0.11437665,-0.04113429,-0.05216136,-6635.2036,127205.3315,OK,0.0000,265.4081,4.0000,96.0000,AG03-UNRESOLVED,ALL5_LEVELS_bet23_to_bet27,265.4081,265.4081,265.4081,331.7602,331.7602,4.000000,4.000000,4.000000,5.000000,5.000000,96.000000,96.000000,96.000000,95.000000,95.000000,5.0,1459.7448,1337.1644,5175.4588,5298.0391,PENDING_AG03,FALSE,NOT_FOR_ENFORCEMENT,6369.7955,110565.8997,6635.2036,6369.7955,265.4081,0.05216136,0.05007491,265.4081,6369.7955,0.05007491,265.4081,265.4081,265.4081,331.7602,331.7602,6369.7955,0.05007491,1459.7448,1337.1644,5175.4588,5298.0391,0.04068586,0.04164951,0.00208645,29.8814,40.3832,2.3265,127.6001,7.3643,2446.2564,54.8462,43.4275,28.3160,5.1431,12.8578,28.9875,66.8604,128.5777,263.3173,7.8995,-2.6176,10.0,20.479237,2.324,28,180,56,8,0.15055597,0.05216136,0.11437665,0E-8,0.000000,0.905409,0.000000,-0.07324236,2026-03-22,2026-08-06,52,901,524,138,0.376812,1.533674,1.453326,0.501853,,,,,,,,GLOBAL_BASELINE_NO_ENTITY_RANKING,,,NOT_APPLICABLE_GLOBAL_BASELINE,HF9g-P5,,,,X 全窗基线 · 不参与实体赏罚,14191772,1420,A168_HF9F_20260827_0900,2026-08-27 09:00:00
2026-07-07,128173484,986,0,333.3075155550,-52.2164562517,-52.2164562517,0.3333333,7,7,0.50665070000000000,0.506650700000,-0.8491533462951141,-0.8491533462951141,-0.8491533462951141,0E-17,ELIGIBLE,R03b_20260811_FULL_v1,L1_ELIGIBILITY,v2026-08-11,2026-03-21..2026-08-06,baccarat_bet02_101_all_pairs_incl_sentinel,round_win = game_pnl > 0 (decisive only),COMPATIBILITY_ONLY_NOT_PRODUCTION,127205.3315,115172.8122,6635.2036,4257,2852,-0.05216136,-0.11437665,-0.04113429,-0.05216136,-6635.2036,127205.3315,OK,0.0000,265.4081,4.0000,96.0000,AG03-UNRESOLVED,ALL5_LEVELS_bet23_to_bet27,265.4081,265.4081,265.4081,331.7602,331.7602,4.000000,4.000000,4.000000,5.000000,5.000000,96.000000,96.000000,96.000000,95.000000,95.000000,5.0,1459.7448,1337.1644,5175.4588,5298.0391,PENDING_AG03,FALSE,NOT_FOR_ENFORCEMENT,6369.7955,110565.8997,6635.2036,6369.7955,265.4081,0.05216136,0.05007491,265.4081,6369.7955,0.05007491,265.4081,265.4081,265.4081,331.7602,331.7602,6369.7955,0.05007491,1459.7448,1337.1644,5175.4588,5298.0391,0.04068586,0.04164951,0.00208645,29.8814,40.3832,2.3265,127.6001,7.3643,2446.2564,54.8462,43.4275,28.3160,5.1431,12.8578,28.9875,66.8604,128.5777,263.3173,7.8995,-2.6176,10.0,20.479237,2.324,28,180,56,8,0.15055597,0.05216136,0.11437665,0E-8,0.000000,0.905409,0.000000,-0.07324236,2026-03-22,2026-08-06,52,901,524,138,0.376812,1.533674,1.453326,0.501853,,,,,,,,GLOBAL_BASELINE_NO_ENTITY_RANKING,,,NOT_APPLICABLE_GLOBAL_BASELINE,HF9g-P5,,,,X 全窗基线 · 不参与实体赏罚,14191773,1420,A168_HF9F_20260827_0900,2026-08-27 09:00:00
2026-07-08,128173484,2177,0,633.5682751141,173.4438334238,173.4438334238,0.7000000,10,10,0.50531018000000000,0.505310180000,1.2313959846913516,1.2313959846913516,1.2313959846913516,0E-17,ELIGIBLE,R03b_20260811_FULL_v1,L1_ELIGIBILITY,v2026-08-11,2026-03-21..2026-08-06,baccarat_bet02_101_all_pairs_incl_sentinel,round_win = game_pnl > 0 (decisive only),COMPATIBILITY_ONLY_NOT_PRODUCTION,127205.3315,115172.8122,6635.2036,4257,2852,-0.05216136,-0.11437665,-0.04113429,-0.05216136,-6635.2036,127205.3315,OK,0.0000,265.4081,4.0000,96.0000,AG03-UNRESOLVED,ALL5_LEVELS_bet23_to_bet27,265.4081,265.4081,265.4081,331.7602,331.7602,4.000000,4.000000,4.000000,5.000000,5.000000,96.000000,96.000000,96.000000,95.000000,95.000000,5.0,1459.7448,1337.1644,5175.4588,5298.0391,PENDING_AG03,FALSE,NOT_FOR_ENFORCEMENT,6369.7955,110565.8997,6635.2036,6369.7955,265.4081,0.05216136,0.05007491,265.4081,6369.7955,0.05007491,265.4081,265.4081,265.4081,331.7602,331.7602,6369.7955,0.05007491,1459.7448,1337.1644,5175.4588,5298.0391,0.04068586,0.04164951,0.00208645,29.8814,40.3832,2.3265,127.6001,7.3643,2446.2564,54.8462,43.4275,28.3160,5.1431,12.8578,28.9875,66.8604,128.5777,263.3173,7.8995,-2.6176,10.0,20.479237,2.324,28,180,56,8,0.15055597,0.05216136,0.11437665,0E-8,0.000000,0.905409,0.000000,-0.07324236,2026-03-22,2026-08-06,52,901,524,138,0.376812,1.533674,1.453326,0.501853,,,,,,,,GLOBAL_BASELINE_NO_ENTITY_RANKING,,,NOT_APPLICABLE_GLOBAL_BASELINE,HF9g-P5,,,,X 全窗基线 · 不参与实体赏罚,14191774,1420,A168_HF9F_20260827_0900,2026-08-27 09:00:00
2026-07-08,128173484,2196,0,10.0689334676,-10.0689334676,-10.0689334676,0E-7,1,1,0.49324550000000000,0.493245500000,-0.9865810262130424,-0.9865810262130424,-0.9865810262130424,0E-17,ELIGIBLE,R03b_20260811_FULL_v1,L1_ELIGIBILITY,v2026-08-11,2026-03-21..2026-08-06,baccarat_bet02_101_all_pairs_incl_sentinel,round_win = game_pnl > 0 (decisive only),COMPATIBILITY_ONLY_NOT_PRODUCTION,127205.3315,115172.8122,6635.2036,4257,2852,-0.05216136,-0.11437665,-0.04113429,-0.05216136,-6635.2036,127205.3315,OK,0.0000,265.4081,4.0000,96.0000,AG03-UNRESOLVED,ALL5_LEVELS_bet23_to_bet27,265.4081,265.4081,265.4081,331.7602,331.7602,4.000000,4.000000,4.000000,5.000000,5.000000,96.000000,96.000000,96.000000,95.000000,95.000000,5.0,1459.7448,1337.1644,5175.4588,5298.0391,PENDING_AG03,FALSE,NOT_FOR_ENFORCEMENT,6369.7955,110565.8997,6635.2036,6369.7955,265.4081,0.05216136,0.05007491,265.4081,6369.7955,0.05007491,265.4081,265.4081,265.4081,331.7602,331.7602,6369.7955,0.05007491,1459.7448,1337.1644,5175.4588,5298.0391,0.04068586,0.04164951,0.00208645,29.8814,40.3832,2.3265,127.6001,7.3643,2446.2564,54.8462,43.4275,28.3160,5.1431,12.8578,28.9875,66.8604,128.5777,263.3173,7.8995,-2.6176,10.0,20.479237,2.324,28,180,56,8,0.15055597,0.05216136,0.11437665,0E-8,0.000000,0.905409,0.000000,-0.07324236,2026-03-22,2026-08-06,52,901,524,138,0.376812,1.533674,1.453326,0.501853,,,,,,,,GLOBAL_BASELINE_NO_ENTITY_RANKING,,,NOT_APPLICABLE_GLOBAL_BASELINE,HF9g-P5,,,,X 全窗基线 · 不参与实体赏罚,14191775,1420,A168_HF9F_20260827_0900,2026-08-27 09:00:00
2026-07-11,128173484,1509,0,6.1962667493,-6.1962667493,-6.1962667493,0E-7,1,1,0.49324550000000000,0.493245500000,-0.9865810262130424,-0.9865810262130424,-0.9865810262130424,0E-17,ELIGIBLE,R03b_20260811_FULL_v1,L1_ELIGIBILITY,v2026-08-11,2026-03-21..2026-08-06,baccarat_bet02_101_all_pairs_incl_sentinel,round_win = game_pnl > 0 (decisive only),COMPATIBILITY_ONLY_NOT_PRODUCTION,127205.3315,115172.8122,6635.2036,4257,2852,-0.05216136,-0.11437665,-0.04113429,-0.05216136,-6635.2036,127205.3315,OK,0.0000,265.4081,4.0000,96.0000,AG03-UNRESOLVED,ALL5_LEVELS_bet23_to_bet27,265.4081,265.4081,265.4081,331.7602,331.7602,4.000000,4.000000,4.000000,5.000000,5.000000,96.000000,96.000000,96.000000,95.000000,95.000000,5.0,1459.7448,1337.1644,5175.4588,5298.0391,PENDING_AG03,FALSE,NOT_FOR_ENFORCEMENT,6369.7955,110565.8997,6635.2036,6369.7955,265.4081,0.05216136,0.05007491,265.4081,6369.7955,0.05007491,265.4081,265.4081,265.4081,331.7602,331.7602,6369.7955,0.05007491,1459.7448,1337.1644,5175.4588,5298.0391,0.04068586,0.04164951,0.00208645,29.8814,40.3832,2.3265,127.6001,7.3643,2446.2564,54.8462,43.4275,28.3160,5.1431,12.8578,28.9875,66.8604,128.5777,263.3173,7.8995,-2.6176,10.0,20.479237,2.324,28,180,56,8,0.15055597,0.05216136,0.11437665,0E-8,0.000000,0.905409,0.000000,-0.07324236,2026-03-22,2026-08-06,52,901,524,138,0.376812,1.533674,1.453326,0.501853,,,,,,,,GLOBAL_BASELINE_NO_ENTITY_RANKING,,,NOT_APPLICABLE_GLOBAL_BASELINE,HF9g-P5,,,,X 全窗基线 · 不参与实体赏罚,14191776,1420,A168_HF9F_20260827_0900,2026-08-27 09:00:00
2026-07-14,128173484,1307,0,173.4954689799,-69.1916453669,-69.1916453669,0.3333333,3,3,0.49324550000000000,0.493245500000,-0.5540025479526107,-0.5540025479526106,-0.5540025479526107,0E-17,ELIGIBLE,R03b_20260811_FULL_v1,L1_ELIGIBILITY,v2026-08-11,2026-03-21..2026-08-06,baccarat_bet02_101_all_pairs_incl_sentinel,round_win = game_pnl > 0 (decisive only),COMPATIBILITY_ONLY_NOT_PRODUCTION,127205.3315,115172.8122,6635.2036,4257,2852,-0.05216136,-0.11437665,-0.04113429,-0.05216136,-6635.2036,127205.3315,OK,0.0000,265.4081,4.0000,96.0000,AG03-UNRESOLVED,ALL5_LEVELS_bet23_to_bet27,265.4081,265.4081,265.4081,331.7602,331.7602,4.000000,4.000000,4.000000,5.000000,5.000000,96.000000,96.000000,96.000000,95.000000,95.000000,5.0,1459.7448,1337.1644,5175.4588,5298.0391,PENDING_AG03,FALSE,NOT_FOR_ENFORCEMENT,6369.7955,110565.8997,6635.2036,6369.7955,265.4081,0.05216136,0.05007491,265.4081,6369.7955,0.05007491,265.4081,265.4081,265.4081,331.7602,331.7602,6369.7955,0.05007491,1459.7448,1337.1644,5175.4588,5298.0391,0.04068586,0.04164951,0.00208645,29.8814,40.3832,2.3265,127.6001,7.3643,2446.2564,54.8462,43.4275,28.3160,5.1431,12.8578,28.9875,66.8604,128.5777,263.3173,7.8995,-2.6176,10.0,20.479237,2.324,28,180,56,8,0.15055597,0.05216136,0.11437665,0E-8,0.000000,0.905409,0.000000,-0.07324236,2026-03-22,2026-08-06,52,901,524,138,0.376812,1.533674,1.453326,0.501853,,,,,,,,GLOBAL_BASELINE_NO_ENTITY_RANKING,,,NOT_APPLICABLE_GLOBAL_BASELINE,HF9g-P5,,,,X 全窗基线 · 不参与实体赏罚,14191777,1420,A168_HF9F_20260827_0900,2026-08-27 09:00:00
2026-07-14,128173484,2288,0,232.3600030980,-103.2711124880,-103.2711124880,0.2500000,4,4,0.49659680000000000,0.496596800000,-0.9864100490137353,-0.9864100490137354,-0.9864100490137353,0E-17,ELIGIBLE,R03b_20260811_FULL_v1,L1_ELIGIBILITY,v2026-08-11,2026-03-21..2026-08-06,baccarat_bet02_101_all_pairs_incl_sentinel,round_win = game_pnl > 0 (decisive only),COMPATIBILITY_ONLY_NOT_PRODUCTION,127205.3315,115172.8122,6635.2036,4257,2852,-0.05216136,-0.11437665,-0.04113429,-0.05216136,-6635.2036,127205.3315,OK,0.0000,265.4081,4.0000,96.0000,AG03-UNRESOLVED,ALL5_LEVELS_bet23_to_bet27,265.4081,265.4081,265.4081,331.7602,331.7602,4.000000,4.000000,4.000000,5.000000,5.000000,96.000000,96.000000,96.000000,95.000000,95.000000,5.0,1459.7448,1337.1644,5175.4588,5298.0391,PENDING_AG03,FALSE,NOT_FOR_ENFORCEMENT,6369.7955,110565.8997,6635.2036,6369.7955,265.4081,0.05216136,0.05007491,265.4081,6369.7955,0.05007491,265.4081,265.4081,265.4081,331.7602,331.7602,6369.7955,0.05007491,1459.7448,1337.1644,5175.4588,5298.0391,0.04068586,0.04164951,0.00208645,29.8814,40.3832,2.3265,127.6001,7.3643,2446.2564,54.8462,43.4275,28.3160,5.1431,12.8578,28.9875,66.8604,128.5777,263.3173,7.8995,-2.6176,10.0,20.479237,2.324,28,180,56,8,0.15055597,0.05216136,0.11437665,0E-8,0.000000,0.905409,0.000000,-0.07324236,2026-03-22,2026-08-06,52,901,524,138,0.376812,1.533674,1.453326,0.501853,,,,,,,,GLOBAL_BASELINE_NO_ENTITY_RANKING,,,NOT_APPLICABLE_GLOBAL_BASELINE,HF9g-P5,,,,X 全窗基线 · 不参与实体赏罚,14191778,1420,A168_HF9F_20260827_0900,2026-08-27 09:00:00
2026-07-14,128173484,986,0,41.3084449952,0E-10,0E-10,,1,1,0.50665070000000000,0.506650700000,,,,0E-17,NO_DECISIVE_ROUND,R03b_20260811_FULL_v1,L1_ELIGIBILITY,v2026-08-11,2026-03-21..2026-08-06,baccarat_bet02_101_all_pairs_incl_sentinel,round_win = game_pnl > 0 (decisive only),COMPATIBILITY_ONLY_NOT_PRODUCTION,127205.3315,115172.8122,6635.2036,4257,2852,-0.05216136,-0.11437665,-0.04113429,-0.05216136,-6635.2036,127205.3315,OK,0.0000,265.4081,4.0000,96.0000,AG03-UNRESOLVED,ALL5_LEVELS_bet23_to_bet27,265.4081,265.4081,265.4081,331.7602,331.7602,4.000000,4.000000,4.000000,5.000000,5.000000,96.000000,96.000000,96.000000,95.000000,95.000000,5.0,1459.7448,1337.1644,5175.4588,5298.0391,PENDING_AG03,FALSE,NOT_FOR_ENFORCEMENT,6369.7955,110565.8997,6635.2036,6369.7955,265.4081,0.05216136,0.05007491,265.4081,6369.7955,0.05007491,265.4081,265.4081,265.4081,331.7602,331.7602,6369.7955,0.05007491,1459.7448,1337.1644,5175.4588,5298.0391,0.04068586,0.04164951,0.00208645,29.8814,40.3832,2.3265,127.6001,7.3643,2446.2564,54.8462,43.4275,28.3160,5.1431,12.8578,28.9875,66.8604,128.5777,263.3173,7.8995,-2.6176,10.0,20.479237,2.324,28,180,56,8,0.15055597,0.05216136,0.11437665,0E-8,0.000000,0.905409,0.000000,-0.07324236,2026-03-22,2026-08-06,52,901,524,138,0.376812,1.533674,1.453326,0.501853,,,,,,,,GLOBAL_BASELINE_NO_ENTITY_RANKING,,,NOT_APPLICABLE_GLOBAL_BASELINE,HF9g-P5,,,,X 全窗基线 · 不参与实体赏罚,14191779,1420,A168_HF9F_20260827_0900,2026-08-27 09:00:00
2026-07-21,128173484,1151,0,30.9813337464,-5.1635556244,-5.1635556244,0E-7,2,2,0.49994810000000000,0.499948100000,-0.9998962053866608,-0.9998962053866608,-0.9998962053866608,0E-17,ELIGIBLE,R03b_20260811_FULL_v1,L1_ELIGIBILITY,v2026-08-11,2026-03-21..2026-08-06,baccarat_bet02_101_all_pairs_incl_sentinel,round_win = game_pnl > 0 (decisive only),COMPATIBILITY_ONLY_NOT_PRODUCTION,127205.3315,115172.8122,6635.2036,4257,2852,-0.05216136,-0.11437665,-0.04113429,-0.05216136,-6635.2036,127205.3315,OK,0.0000,265.4081,4.0000,96.0000,AG03-UNRESOLVED,ALL5_LEVELS_bet23_to_bet27,265.4081,265.4081,265.4081,331.7602,331.7602,4.000000,4.000000,4.000000,5.000000,5.000000,96.000000,96.000000,96.000000,95.000000,95.000000,5.0,1459.7448,1337.1644,5175.4588,5298.0391,PENDING_AG03,FALSE,NOT_FOR_ENFORCEMENT,6369.7955,110565.8997,6635.2036,6369.7955,265.4081,0.05216136,0.05007491,265.4081,6369.7955,0.05007491,265.4081,265.4081,265.4081,331.7602,331.7602,6369.7955,0.05007491,1459.7448,1337.1644,5175.4588,5298.0391,0.04068586,0.04164951,0.00208645,29.8814,40.3832,2.3265,127.6001,7.3643,2446.2564,54.8462,43.4275,28.3160,5.1431,12.8578,28.9875,66.8604,128.5777,263.3173,7.8995,-2.6176,10.0,20.479237,2.324,28,180,56,8,0.15055597,0.05216136,0.11437665,0E-8,0.000000,0.905409,0.000000,-0.07324236,2026-03-22,2026-08-06,52,901,524,138,0.376812,1.533674,1.453326,0.501853,,,,,,,,GLOBAL_BASELINE_NO_ENTITY_RANKING,,,NOT_APPLICABLE_GLOBAL_BASELINE,HF9g-P5,,,,X 全窗基线 · 不参与实体赏罚,14191780,1420,A168_HF9F_20260827_0900,2026-08-27 09:00:00
2026-07-21,128173484,1330,0,842.6922779024,-640.9263418789,-640.9263418789,0.2142857,22,14,0.48283652396809030,0.390875771429,-2.010835314229917,-1.3541224928427824,-2.010835314229917,0.09196075253909030,ELIGIBLE,R03b_20260811_FULL_v1,L1_ELIGIBILITY,v2026-08-11,2026-03-21..2026-08-06,baccarat_bet02_101_all_pairs_incl_sentinel,round_win = game_pnl > 0 (decisive only),COMPATIBILITY_ONLY_NOT_PRODUCTION,127205.3315,115172.8122,6635.2036,4257,2852,-0.05216136,-0.11437665,-0.04113429,-0.05216136,-6635.2036,127205.3315,OK,0.0000,265.4081,4.0000,96.0000,AG03-UNRESOLVED,ALL5_LEVELS_bet23_to_bet27,265.4081,265.4081,265.4081,331.7602,331.7602,4.000000,4.000000,4.000000,5.000000,5.000000,96.000000,96.000000,96.000000,95.000000,95.000000,5.0,1459.7448,1337.1644,5175.4588,5298.0391,PENDING_AG03,FALSE,NOT_FOR_ENFORCEMENT,6369.7955,110565.8997,6635.2036,6369.7955,265.4081,0.05216136,0.05007491,265.4081,6369.7955,0.05007491,265.4081,265.4081,265.4081,331.7602,331.7602,6369.7955,0.05007491,1459.7448,1337.1644,5175.4588,5298.0391,0.04068586,0.04164951,0.00208645,29.8814,40.3832,2.3265,127.6001,7.3643,2446.2564,54.8462,43.4275,28.3160,5.1431,12.8578,28.9875,66.8604,128.5777,263.3173,7.8995,-2.6176,10.0,20.479237,2.324,28,180,56,8,0.15055597,0.05216136,0.11437665,0E-8,0.000000,0.905409,0.000000,-0.07324236,2026-03-22,2026-08-06,52,901,524,138,0.376812,1.533674,1.453326,0.501853,,,,,,,,GLOBAL_BASELINE_NO_ENTITY_RANKING,,,NOT_APPLICABLE_GLOBAL_BASELINE,HF9g-P5,,,,X 全窗基线 · 不参与实体赏罚,14191781,1420,A168_HF9F_20260827_0900,2026-08-27 09:00:00
2026-07-21,128173484,1331,0,295.6135594969,-107.4019569875,-107.4019569875,0.2857143,9,7,0.49208859690026936,0.472431135714,-1.0921669354491441,-0.9895179973543605,-1.0921669354491441,0.01965746118626936,ELIGIBLE,R03b_20260811_FULL_v1,L1_ELIGIBILITY,v2026-08-11,2026-03-21..2026-08-06,baccarat_bet02_101_all_pairs_incl_sentinel,round_win = game_pnl > 0 (decisive only),COMPATIBILITY_ONLY_NOT_PRODUCTION,127205.3315,115172.8122,6635.2036,4257,2852,-0.05216136,-0.11437665,-0.04113429,-0.05216136,-6635.2036,127205.3315,OK,0.0000,265.4081,4.0000,96.0000,AG03-UNRESOLVED,ALL5_LEVELS_bet23_to_bet27,265.4081,265.4081,265.4081,331.7602,331.7602,4.000000,4.000000,4.000000,5.000000,5.000000,96.000000,96.000000,96.000000,95.000000,95.000000,5.0,1459.7448,1337.1644,5175.4588,5298.0391,PENDING_AG03,FALSE,NOT_FOR_ENFORCEMENT,6369.7955,110565.8997,6635.2036,6369.7955,265.4081,0.05216136,0.05007491,265.4081,6369.7955,0.05007491,265.4081,265.4081,265.4081,331.7602,331.7602,6369.7955,0.05007491,1459.7448,1337.1644,5175.4588,5298.0391,0.04068586,0.04164951,0.00208645,29.8814,40.3832,2.3265,127.6001,7.3643,2446.2564,54.8462,43.4275,28.3160,5.1431,12.8578,28.9875,66.8604,128.5777,263.3173,7.8995,-2.6176,10.0,20.479237,2.324,28,180,56,8,0.15055597,0.05216136,0.11437665,0E-8,0.000000,0.905409,0.000000,-0.07324236,2026-03-22,2026-08-06,52,901,524,138,0.376812,1.533674,1.453326,0.501853,,,,,,,,GLOBAL_BASELINE_NO_ENTITY_RANKING,,,NOT_APPLICABLE_GLOBAL_BASELINE,HF9g-P5,,,,X 全窗基线 · 不参与实体赏罚,14191782,1420,A168_HF9F_20260827_0900,2026-08-27 09:00:00
2026-07-21,128173484,1401,0,87.7804456148,67.1262231172,67.1262231172,0.6666667,4,3,0.46171887500000000,0.425723850000,0.7120499829289404,0.8440151257989519,0.7120499829289404,0.03599502500000000,ELIGIBLE,R03b_20260811_FULL_v1,L1_ELIGIBILITY,v2026-08-11,2026-03-21..2026-08-06,baccarat_bet02_101_all_pairs_incl_sentinel,round_win = game_pnl > 0 (decisive only),COMPATIBILITY_ONLY_NOT_PRODUCTION,127205.3315,115172.8122,6635.2036,4257,2852,-0.05216136,-0.11437665,-0.04113429,-0.05216136,-6635.2036,127205.3315,OK,0.0000,265.4081,4.0000,96.0000,AG03-UNRESOLVED,ALL5_LEVELS_bet23_to_bet27,265.4081,265.4081,265.4081,331.7602,331.7602,4.000000,4.000000,4.000000,5.000000,5.000000,96.000000,96.000000,96.000000,95.000000,95.000000,5.0,1459.7448,1337.1644,5175.4588,5298.0391,PENDING_AG03,FALSE,NOT_FOR_ENFORCEMENT,6369.7955,110565.8997,6635.2036,6369.7955,265.4081,0.05216136,0.05007491,265.4081,6369.7955,0.05007491,265.4081,265.4081,265.4081,331.7602,331.7602,6369.7955,0.05007491,1459.7448,1337.1644,5175.4588,5298.0391,0.04068586,0.04164951,0.00208645,29.8814,40.3832,2.3265,127.6001,7.3643,2446.2564,54.8462,43.4275,28.3160,5.1431,12.8578,28.9875,66.8604,128.5777,263.3173,7.8995,-2.6176,10.0,20.479237,2.324,28,180,56,8,0.15055597,0.05216136,0.11437665,0E-8,0.000000,0.905409,0.000000,-0.07324236,2026-03-22,2026-08-06,52,901,524,138,0.376812,1.533674,1.453326,0.501853,,,,,,,,GLOBAL_BASELINE_NO_ENTITY_RANKING,,,NOT_APPLICABLE_GLOBAL_BASELINE,HF9g-P5,,,,X 全窗基线 · 不参与实体赏罚,14191783,1420,A168_HF9F_20260827_0900,2026-08-27 09:00:00
2026-07-21,128173484,1509,0,83.1332455529,77.3242454755,77.3242454755,1.0000000,3,2,0.46561077500000000,0.396936125000,1.5150687246292598,1.7431563486697372,1.5150687246292598,0.06867465000000000,ELIGIBLE,R03b_20260811_FULL_v1,L1_ELIGIBILITY,v2026-08-11,2026-03-21..2026-08-06,baccarat_bet02_101_all_pairs_incl_sentinel,round_win = game_pnl > 0 (decisive only),COMPATIBILITY_ONLY_NOT_PRODUCTION,127205.3315,115172.8122,6635.2036,4257,2852,-0.05216136,-0.11437665,-0.04113429,-0.05216136,-6635.2036,127205.3315,OK,0.0000,265.4081,4.0000,96.0000,AG03-UNRESOLVED,ALL5_LEVELS_bet23_to_bet27,265.4081,265.4081,265.4081,331.7602,331.7602,4.000000,4.000000,4.000000,5.000000,5.000000,96.000000,96.000000,96.000000,95.000000,95.000000,5.0,1459.7448,1337.1644,5175.4588,5298.0391,PENDING_AG03,FALSE,NOT_FOR_ENFORCEMENT,6369.7955,110565.8997,6635.2036,6369.7955,265.4081,0.05216136,0.05007491,265.4081,6369.7955,0.05007491,265.4081,265.4081,265.4081,331.7602,331.7602,6369.7955,0.05007491,1459.7448,1337.1644,5175.4588,5298.0391,0.04068586,0.04164951,0.00208645,29.8814,40.3832,2.3265,127.6001,7.3643,2446.2564,54.8462,43.4275,28.3160,5.1431,12.8578,28.9875,66.8604,128.5777,263.3173,7.8995,-2.6176,10.0,20.479237,2.324,28,180,56,8,0.15055597,0.05216136,0.11437665,0E-8,0.000000,0.905409,0.000000,-0.07324236,2026-03-22,2026-08-06,52,901,524,138,0.376812,1.533674,1.453326,0.501853,,,,,,,,GLOBAL_BASELINE_NO_ENTITY_RANKING,,,NOT_APPLICABLE_GLOBAL_BASELINE,HF9g-P5,,,,X 全窗基线 · 不参与实体赏罚,14191784,1420,A168_HF9F_20260827_0900,2026-08-27 09:00:00
2026-07-21,128173484,1704,0,18.0724446854,-18.0724446854,-18.0724446854,0E-7,3,3,0.50218230000000000,0.502182300000,-1.7396270863184011,-1.7396270863184016,-1.7396270863184011,0E-17,ELIGIBLE,R03b_20260811_FULL_v1,L1_ELIGIBILITY,v2026-08-11,2026-03-21..2026-08-06,baccarat_bet02_101_all_pairs_incl_sentinel,round_win = game_pnl > 0 (decisive only),COMPATIBILITY_ONLY_NOT_PRODUCTION,127205.3315,115172.8122,6635.2036,4257,2852,-0.05216136,-0.11437665,-0.04113429,-0.05216136,-6635.2036,127205.3315,OK,0.0000,265.4081,4.0000,96.0000,AG03-UNRESOLVED,ALL5_LEVELS_bet23_to_bet27,265.4081,265.4081,265.4081,331.7602,331.7602,4.000000,4.000000,4.000000,5.000000,5.000000,96.000000,96.000000,96.000000,95.000000,95.000000,5.0,1459.7448,1337.1644,5175.4588,5298.0391,PENDING_AG03,FALSE,NOT_FOR_ENFORCEMENT,6369.7955,110565.8997,6635.2036,6369.7955,265.4081,0.05216136,0.05007491,265.4081,6369.7955,0.05007491,265.4081,265.4081,265.4081,331.7602,331.7602,6369.7955,0.05007491,1459.7448,1337.1644,5175.4588,5298.0391,0.04068586,0.04164951,0.00208645,29.8814,40.3832,2.3265,127.6001,7.3643,2446.2564,54.8462,43.4275,28.3160,5.1431,12.8578,28.9875,66.8604,128.5777,263.3173,7.8995,-2.6176,10.0,20.479237,2.324,28,180,56,8,0.15055597,0.05216136,0.11437665,0E-8,0.000000,0.905409,0.000000,-0.07324236,2026-03-22,2026-08-06,52,901,524,138,0.376812,1.533674,1.453326,0.501853,,,,,,,,GLOBAL_BASELINE_NO_ENTITY_RANKING,,,NOT_APPLICABLE_GLOBAL_BASELINE,HF9g-P5,,,,X 全窗基线 · 不参与实体赏罚,14191785,1420,A168_HF9F_20260827_0900,2026-08-27 09:00:00
2026-07-21,128173484,1942,0,12.9088890610,-12.9088890610,-12.9088890610,0E-7,1,1,0.50665070000000000,0.506650700000,-1.013391052207602,-1.013391052207602,-1.013391052207602,0E-17,ELIGIBLE,R03b_20260811_FULL_v1,L1_ELIGIBILITY,v2026-08-11,2026-03-21..2026-08-06,baccarat_bet02_101_all_pairs_incl_sentinel,round_win = game_pnl > 0 (decisive only),COMPATIBILITY_ONLY_NOT_PRODUCTION,127205.3315,115172.8122,6635.2036,4257,2852,-0.05216136,-0.11437665,-0.04113429,-0.05216136,-6635.2036,127205.3315,OK,0.0000,265.4081,4.0000,96.0000,AG03-UNRESOLVED,ALL5_LEVELS_bet23_to_bet27,265.4081,265.4081,265.4081,331.7602,331.7602,4.000000,4.000000,4.000000,5.000000,5.000000,96.000000,96.000000,96.000000,95.000000,95.000000,5.0,1459.7448,1337.1644,5175.4588,5298.0391,PENDING_AG03,FALSE,NOT_FOR_ENFORCEMENT,6369.7955,110565.8997,6635.2036,6369.7955,265.4081,0.05216136,0.05007491,265.4081,6369.7955,0.05007491,265.4081,265.4081,265.4081,331.7602,331.7602,6369.7955,0.05007491,1459.7448,1337.1644,5175.4588,5298.0391,0.04068586,0.04164951,0.00208645,29.8814,40.3832,2.3265,127.6001,7.3643,2446.2564,54.8462,43.4275,28.3160,5.1431,12.8578,28.9875,66.8604,128.5777,263.3173,7.8995,-2.6176,10.0,20.479237,2.324,28,180,56,8,0.15055597,0.05216136,0.11437665,0E-8,0.000000,0.905409,0.000000,-0.07324236,2026-03-22,2026-08-06,52,901,524,138,0.376812,1.533674,1.453326,0.501853,,,,,,,,GLOBAL_BASELINE_NO_ENTITY_RANKING,,,NOT_APPLICABLE_GLOBAL_BASELINE,HF9g-P5,,,,X 全窗基线 · 不参与实体赏罚,14191786,1420,A168_HF9F_20260827_0900,2026-08-27 09:00:00
2026-07-21,128173484,1985,0,77.4533343660,-0.6454444530,-0.6454444530,0.4000000,7,5,0.47274087800000000,0.418922120000,-0.3257916214714151,-0.08575727578180212,-0.3257916214714151,0.05381875800000000,ELIGIBLE,R03b_20260811_FULL_v1,L1_ELIGIBILITY,v2026-08-11,2026-03-21..2026-08-06,baccarat_bet02_101_all_pairs_incl_sentinel,round_win = game_pnl > 0 (decisive only),COMPATIBILITY_ONLY_NOT_PRODUCTION,127205.3315,115172.8122,6635.2036,4257,2852,-0.05216136,-0.11437665,-0.04113429,-0.05216136,-6635.2036,127205.3315,OK,0.0000,265.4081,4.0000,96.0000,AG03-UNRESOLVED,ALL5_LEVELS_bet23_to_bet27,265.4081,265.4081,265.4081,331.7602,331.7602,4.000000,4.000000,4.000000,5.000000,5.000000,96.000000,96.000000,96.000000,95.000000,95.000000,5.0,1459.7448,1337.1644,5175.4588,5298.0391,PENDING_AG03,FALSE,NOT_FOR_ENFORCEMENT,6369.7955,110565.8997,6635.2036,6369.7955,265.4081,0.05216136,0.05007491,265.4081,6369.7955,0.05007491,265.4081,265.4081,265.4081,331.7602,331.7602,6369.7955,0.05007491,1459.7448,1337.1644,5175.4588,5298.0391,0.04068586,0.04164951,0.00208645,29.8814,40.3832,2.3265,127.6001,7.3643,2446.2564,54.8462,43.4275,28.3160,5.1431,12.8578,28.9875,66.8604,128.5777,263.3173,7.8995,-2.6176,10.0,20.479237,2.324,28,180,56,8,0.15055597,0.05216136,0.11437665,0E-8,0.000000,0.905409,0.000000,-0.07324236,2026-03-22,2026-08-06,52,901,524,138,0.376812,1.533674,1.453326,0.501853,,,,,,,,GLOBAL_BASELINE_NO_ENTITY_RANKING,,,NOT_APPLICABLE_GLOBAL_BASELINE,HF9g-P5,,,,X 全窗基线 · 不参与实体赏罚,14191787,1420,A168_HF9F_20260827_0900,2026-08-27 09:00:00
2026-07-21,128173484,1990,0,15.4906668732,-15.4906668732,-15.4906668732,0E-7,2,1,0.42348563333333333,0.283965900000,-0.8570660132833097,-0.6297471965178028,-0.8570660132833097,0.13951973333333333,ELIGIBLE,R03b_20260811_FULL_v1,L1_ELIGIBILITY,v2026-08-11,2026-03-21..2026-08-06,baccarat_bet02_101_all_pairs_incl_sentinel,round_win = game_pnl > 0 (decisive only),COMPATIBILITY_ONLY_NOT_PRODUCTION,127205.3315,115172.8122,6635.2036,4257,2852,-0.05216136,-0.11437665,-0.04113429,-0.05216136,-6635.2036,127205.3315,OK,0.0000,265.4081,4.0000,96.0000,AG03-UNRESOLVED,ALL5_LEVELS_bet23_to_bet27,265.4081,265.4081,265.4081,331.7602,331.7602,4.000000,4.000000,4.000000,5.000000,5.000000,96.000000,96.000000,96.000000,95.000000,95.000000,5.0,1459.7448,1337.1644,5175.4588,5298.0391,PENDING_AG03,FALSE,NOT_FOR_ENFORCEMENT,6369.7955,110565.8997,6635.2036,6369.7955,265.4081,0.05216136,0.05007491,265.4081,6369.7955,0.05007491,265.4081,265.4081,265.4081,331.7602,331.7602,6369.7955,0.05007491,1459.7448,1337.1644,5175.4588,5298.0391,0.04068586,0.04164951,0.00208645,29.8814,40.3832,2.3265,127.6001,7.3643,2446.2564,54.8462,43.4275,28.3160,5.1431,12.8578,28.9875,66.8604,128.5777,263.3173,7.8995,-2.6176,10.0,20.479237,2.324,28,180,56,8,0.15055597,0.05216136,0.11437665,0E-8,0.000000,0.905409,0.000000,-0.07324236,2026-03-22,2026-08-06,52,901,524,138,0.376812,1.533674,1.453326,0.501853,,,,,,,,GLOBAL_BASELINE_NO_ENTITY_RANKING,,,NOT_APPLICABLE_GLOBAL_BASELINE,HF9g-P5,,,,X 全窗基线 · 不参与实体赏罚,14191788,1420,A168_HF9F_20260827_0900,2026-08-27 09:00:00
2026-07-21,128173484,2101,0,830.5579221851,-161.3740221515,-161.3740221515,0.5000000,16,14,0.49810892599075611,0.471241935714,0.01310183876843596,0.19957209005792353,0.01310183876843596,0.02686699027675611,ELIGIBLE,R03b_20260811_FULL_v1,L1_ELIGIBILITY,v2026-08-11,2026-03-21..2026-08-06,baccarat_bet02_101_all_pairs_incl_sentinel,round_win = game_pnl > 0 (decisive only),COMPATIBILITY_ONLY_NOT_PRODUCTION,127205.3315,115172.8122,6635.2036,4257,2852,-0.05216136,-0.11437665,-0.04113429,-0.05216136,-6635.2036,127205.3315,OK,0.0000,265.4081,4.0000,96.0000,AG03-UNRESOLVED,ALL5_LEVELS_bet23_to_bet27,265.4081,265.4081,265.4081,331.7602,331.7602,4.000000,4.000000,4.000000,5.000000,5.000000,96.000000,96.000000,96.000000,95.000000,95.000000,5.0,1459.7448,1337.1644,5175.4588,5298.0391,PENDING_AG03,FALSE,NOT_FOR_ENFORCEMENT,6369.7955,110565.8997,6635.2036,6369.7955,265.4081,0.05216136,0.05007491,265.4081,6369.7955,0.05007491,265.4081,265.4081,265.4081,331.7602,331.7602,6369.7955,0.05007491,1459.7448,1337.1644,5175.4588,5298.0391,0.04068586,0.04164951,0.00208645,29.8814,40.3832,2.3265,127.6001,7.3643,2446.2564,54.8462,43.4275,28.3160,5.1431,12.8578,28.9875,66.8604,128.5777,263.3173,7.8995,-2.6176,10.0,20.479237,2.324,28,180,56,8,0.15055597,0.05216136,0.11437665,0E-8,0.000000,0.905409,0.000000,-0.07324236,2026-03-22,2026-08-06,52,901,524,138,0.376812,1.533674,1.453326,0.501853,,,,,,,,GLOBAL_BASELINE_NO_ENTITY_RANKING,,,NOT_APPLICABLE_GLOBAL_BASELINE,HF9g-P5,,,,X 全窗基线 · 不参与实体赏罚,14191789,1420,A168_HF9F_20260827_0900,2026-08-27 09:00:00
2026-07-21,128173484,2124,0,30.9813337464,-30.9813337464,-30.9813337464,0E-7,2,1,0.43797605000000000,0.300626750000,-0.8827704148093826,-0.655630731788307,-0.8827704148093826,0.13734930000000000,ELIGIBLE,R03b_20260811_FULL_v1,L1_ELIGIBILITY,v2026-08-11,2026-03-21..2026-08-06,baccarat_bet02_101_all_pairs_incl_sentinel,round_win = game_pnl > 0 (decisive only),COMPATIBILITY_ONLY_NOT_PRODUCTION,127205.3315,115172.8122,6635.2036,4257,2852,-0.05216136,-0.11437665,-0.04113429,-0.05216136,-6635.2036,127205.3315,OK,0.0000,265.4081,4.0000,96.0000,AG03-UNRESOLVED,ALL5_LEVELS_bet23_to_bet27,265.4081,265.4081,265.4081,331.7602,331.7602,4.000000,4.000000,4.000000,5.000000,5.000000,96.000000,96.000000,96.000000,95.000000,95.000000,5.0,1459.7448,1337.1644,5175.4588,5298.0391,PENDING_AG03,FALSE,NOT_FOR_ENFORCEMENT,6369.7955,110565.8997,6635.2036,6369.7955,265.4081,0.05216136,0.05007491,265.4081,6369.7955,0.05007491,265.4081,265.4081,265.4081,331.7602,331.7602,6369.7955,0.05007491,1459.7448,1337.1644,5175.4588,5298.0391,0.04068586,0.04164951,0.00208645,29.8814,40.3832,2.3265,127.6001,7.3643,2446.2564,54.8462,43.4275,28.3160,5.1431,12.8578,28.9875,66.8604,128.5777,263.3173,7.8995,-2.6176,10.0,20.479237,2.324,28,180,56,8,0.15055597,0.05216136,0.11437665,0E-8,0.000000,0.905409,0.000000,-0.07324236,2026-03-22,2026-08-06,52,901,524,138,0.376812,1.533674,1.453326,0.501853,,,,,,,,GLOBAL_BASELINE_NO_ENTITY_RANKING,,,NOT_APPLICABLE_GLOBAL_BASELINE,HF9g-P5,,,,X 全窗基线 · 不参与实体赏罚,14191790,1420,A168_HF9F_20260827_0900,2026-08-27 09:00:00
2026-07-21,128173484,2127,0,61.9626674928,-46.8592672914,-46.8592672914,0.5000000,3,2,0.44595556250000000,0.391963025000,0.15376160608474093,0.3129679521789244,0.15376160608474093,0.05399253750000000,ELIGIBLE,R03b_20260811_FULL_v1,L1_ELIGIBILITY,v2026-08-11,2026-03-21..2026-08-06,baccarat_bet02_101_all_pairs_incl_sentinel,round_win = game_pnl > 0 (decisive only),COMPATIBILITY_ONLY_NOT_PRODUCTION,127205.3315,115172.8122,6635.2036,4257,2852,-0.05216136,-0.11437665,-0.04113429,-0.05216136,-6635.2036,127205.3315,OK,0.0000,265.4081,4.0000,96.0000,AG03-UNRESOLVED,ALL5_LEVELS_bet23_to_bet27,265.4081,265.4081,265.4081,331.7602,331.7602,4.000000,4.000000,4.000000,5.000000,5.000000,96.000000,96.000000,96.000000,95.000000,95.000000,5.0,1459.7448,1337.1644,5175.4588,5298.0391,PENDING_AG03,FALSE,NOT_FOR_ENFORCEMENT,6369.7955,110565.8997,6635.2036,6369.7955,265.4081,0.05216136,0.05007491,265.4081,6369.7955,0.05007491,265.4081,265.4081,265.4081,331.7602,331.7602,6369.7955,0.05007491,1459.7448,1337.1644,5175.4588,5298.0391,0.04068586,0.04164951,0.00208645,29.8814,40.3832,2.3265,127.6001,7.3643,2446.2564,54.8462,43.4275,28.3160,5.1431,12.8578,28.9875,66.8604,128.5777,263.3173,7.8995,-2.6176,10.0,20.479237,2.324,28,180,56,8,0.15055597,0.05216136,0.11437665,0E-8,0.000000,0.905409,0.000000,-0.07324236,2026-03-22,2026-08-06,52,901,524,138,0.376812,1.533674,1.453326,0.501853,,,,,,,,GLOBAL_BASELINE_NO_ENTITY_RANKING,,,NOT_APPLICABLE_GLOBAL_BASELINE,HF9g-P5,,,,X 全窗基线 · 不参与实体赏罚,14191791,1420,A168_HF9F_20260827_0900,2026-08-27 09:00:00
2026-07-21,128173484,2129,0,30.9813337464,24.5268892160,24.5268892160,1.0000000,3,3,0.50218230000000000,0.502182300000,1.4080544974538591,1.4080544974538591,1.4080544974538591,0E-17,ELIGIBLE,R03b_20260811_FULL_v1,L1_ELIGIBILITY,v2026-08-11,2026-03-21..2026-08-06,baccarat_bet02_101_all_pairs_incl_sentinel,round_win = game_pnl > 0 (decisive only),COMPATIBILITY_ONLY_NOT_PRODUCTION,127205.3315,115172.8122,6635.2036,4257,2852,-0.05216136,-0.11437665,-0.04113429,-0.05216136,-6635.2036,127205.3315,OK,0.0000,265.4081,4.0000,96.0000,AG03-UNRESOLVED,ALL5_LEVELS_bet23_to_bet27,265.4081,265.4081,265.4081,331.7602,331.7602,4.000000,4.000000,4.000000,5.000000,5.000000,96.000000,96.000000,96.000000,95.000000,95.000000,5.0,1459.7448,1337.1644,5175.4588,5298.0391,PENDING_AG03,FALSE,NOT_FOR_ENFORCEMENT,6369.7955,110565.8997,6635.2036,6369.7955,265.4081,0.05216136,0.05007491,265.4081,6369.7955,0.05007491,265.4081,265.4081,265.4081,331.7602,331.7602,6369.7955,0.05007491,1459.7448,1337.1644,5175.4588,5298.0391,0.04068586,0.04164951,0.00208645,29.8814,40.3832,2.3265,127.6001,7.3643,2446.2564,54.8462,43.4275,28.3160,5.1431,12.8578,28.9875,66.8604,128.5777,263.3173,7.8995,-2.6176,10.0,20.479237,2.324,28,180,56,8,0.15055597,0.05216136,0.11437665,0E-8,0.000000,0.905409,0.000000,-0.07324236,2026-03-22,2026-08-06,52,901,524,138,0.376812,1.533674,1.453326,0.501853,,,,,,,,GLOBAL_BASELINE_NO_ENTITY_RANKING,,,NOT_APPLICABLE_GLOBAL_BASELINE,HF9g-P5,,,,X 全窗基线 · 不参与实体赏罚,14191792,1420,A168_HF9F_20260827_0900,2026-08-27 09:00:00
2026-07-21,128173484,2141,0,533.6534737819,-44.6647561512,-44.6647561512,0.4615385,17,14,0.49382096406153456,0.469558592857,-0.2328102145871523,-0.05794147543562029,-0.2328102145871523,0.02426237120453456,ELIGIBLE,R03b_20260811_FULL_v1,L1_ELIGIBILITY,v2026-08-11,2026-03-21..2026-08-06,baccarat_bet02_101_all_pairs_incl_sentinel,round_win = game_pnl > 0 (decisive only),COMPATIBILITY_ONLY_NOT_PRODUCTION,127205.3315,115172.8122,6635.2036,4257,2852,-0.05216136,-0.11437665,-0.04113429,-0.05216136,-6635.2036,127205.3315,OK,0.0000,265.4081,4.0000,96.0000,AG03-UNRESOLVED,ALL5_LEVELS_bet23_to_bet27,265.4081,265.4081,265.4081,331.7602,331.7602,4.000000,4.000000,4.000000,5.000000,5.000000,96.000000,96.000000,96.000000,95.000000,95.000000,5.0,1459.7448,1337.1644,5175.4588,5298.0391,PENDING_AG03,FALSE,NOT_FOR_ENFORCEMENT,6369.7955,110565.8997,6635.2036,6369.7955,265.4081,0.05216136,0.05007491,265.4081,6369.7955,0.05007491,265.4081,265.4081,265.4081,331.7602,331.7602,6369.7955,0.05007491,1459.7448,1337.1644,5175.4588,5298.0391,0.04068586,0.04164951,0.00208645,29.8814,40.3832,2.3265,127.6001,7.3643,2446.2564,54.8462,43.4275,28.3160,5.1431,12.8578,28.9875,66.8604,128.5777,263.3173,7.8995,-2.6176,10.0,20.479237,2.324,28,180,56,8,0.15055597,0.05216136,0.11437665,0E-8,0.000000,0.905409,0.000000,-0.07324236,2026-03-22,2026-08-06,52,901,524,138,0.376812,1.533674,1.453326,0.501853,,,,,,,,GLOBAL_BASELINE_NO_ENTITY_RANKING,,,NOT_APPLICABLE_GLOBAL_BASELINE,HF9g-P5,,,,X 全窗基线 · 不参与实体赏罚,14191793,1420,A168_HF9F_20260827_0900,2026-08-27 09:00:00
2026-07-21,128173484,2152,0,15.4906668732,-2.5817778122,-2.5817778122,0E-7,2,1,0.42348563333333333,0.283965900000,-0.8570660132833097,-0.6297471965178028,-0.8570660132833097,0.13951973333333333,ELIGIBLE,R03b_20260811_FULL_v1,L1_ELIGIBILITY,v2026-08-11,2026-03-21..2026-08-06,baccarat_bet02_101_all_pairs_incl_sentinel,round_win = game_pnl > 0 (decisive only),COMPATIBILITY_ONLY_NOT_PRODUCTION,127205.3315,115172.8122,6635.2036,4257,2852,-0.05216136,-0.11437665,-0.04113429,-0.05216136,-6635.2036,127205.3315,OK,0.0000,265.4081,4.0000,96.0000,AG03-UNRESOLVED,ALL5_LEVELS_bet23_to_bet27,265.4081,265.4081,265.4081,331.7602,331.7602,4.000000,4.000000,4.000000,5.000000,5.000000,96.000000,96.000000,96.000000,95.000000,95.000000,5.0,1459.7448,1337.1644,5175.4588,5298.0391,PENDING_AG03,FALSE,NOT_FOR_ENFORCEMENT,6369.7955,110565.8997,6635.2036,6369.7955,265.4081,0.05216136,0.05007491,265.4081,6369.7955,0.05007491,265.4081,265.4081,265.4081,331.7602,331.7602,6369.7955,0.05007491,1459.7448,1337.1644,5175.4588,5298.0391,0.04068586,0.04164951,0.00208645,29.8814,40.3832,2.3265,127.6001,7.3643,2446.2564,54.8462,43.4275,28.3160,5.1431,12.8578,28.9875,66.8604,128.5777,263.3173,7.8995,-2.6176,10.0,20.479237,2.324,28,180,56,8,0.15055597,0.05216136,0.11437665,0E-8,0.000000,0.905409,0.000000,-0.07324236,2026-03-22,2026-08-06,52,901,524,138,0.376812,1.533674,1.453326,0.501853,,,,,,,,GLOBAL_BASELINE_NO_ENTITY_RANKING,,,NOT_APPLICABLE_GLOBAL_BASELINE,HF9g-P5,,,,X 全窗基线 · 不参与实体赏罚,14191794,1420,A168_HF9F_20260827_0900,2026-08-27 09:00:00
2026-07-21,128173484,2201,0,77.7115121472,-62.2208452740,-62.2208452740,0.3333333,6,4,0.46722582600353084,0.393635662500,-0.46481683776811367,-0.21378669335505454,-0.46481683776811367,0.07359016350353084,ELIGIBLE,R03b_20260811_FULL_v1,L1_ELIGIBILITY,v2026-08-11,2026-03-21..2026-08-06,baccarat_bet02_101_all_pairs_incl_sentinel,round_win = game_pnl > 0 (decisive only),COMPATIBILITY_ONLY_NOT_PRODUCTION,127205.3315,115172.8122,6635.2036,4257,2852,-0.05216136,-0.11437665,-0.04113429,-0.05216136,-6635.2036,127205.3315,OK,0.0000,265.4081,4.0000,96.0000,AG03-UNRESOLVED,ALL5_LEVELS_bet23_to_bet27,265.4081,265.4081,265.4081,331.7602,331.7602,4.000000,4.000000,4.000000,5.000000,5.000000,96.000000,96.000000,96.000000,95.000000,95.000000,5.0,1459.7448,1337.1644,5175.4588,5298.0391,PENDING_AG03,FALSE,NOT_FOR_ENFORCEMENT,6369.7955,110565.8997,6635.2036,6369.7955,265.4081,0.05216136,0.05007491,265.4081,6369.7955,0.05007491,265.4081,265.4081,265.4081,331.7602,331.7602,6369.7955,0.05007491,1459.7448,1337.1644,5175.4588,5298.0391,0.04068586,0.04164951,0.00208645,29.8814,40.3832,2.3265,127.6001,7.3643,2446.2564,54.8462,43.4275,28.3160,5.1431,12.8578,28.9875,66.8604,128.5777,263.3173,7.8995,-2.6176,10.0,20.479237,2.324,28,180,56,8,0.15055597,0.05216136,0.11437665,0E-8,0.000000,0.905409,0.000000,-0.07324236,2026-03-22,2026-08-06,52,901,524,138,0.376812,1.533674,1.453326,0.501853,,,,,,,,GLOBAL_BASELINE_NO_ENTITY_RANKING,,,NOT_APPLICABLE_GLOBAL_BASELINE,HF9g-P5,,,,X 全窗基线 · 不参与实体赏罚,14191795,1420,A168_HF9F_20260827_0900,2026-08-27 09:00:00
2026-07-21,128173484,2212,0,122.6344460795,97.4621124106,97.4621124106,0.8333333,8,6,0.47794163750000000,0.431849950000,1.7427534010033925,1.9853872981390905,1.7427534010033925,0.04609168750000000,ELIGIBLE,R03b_20260811_FULL_v1,L1_ELIGIBILITY,v2026-08-11,2026-03-21..2026-08-06,baccarat_bet02_101_all_pairs_incl_sentinel,round_win = game_pnl > 0 (decisive only),COMPATIBILITY_ONLY_NOT_PRODUCTION,127205.3315,115172.8122,6635.2036,4257,2852,-0.05216136,-0.11437665,-0.04113429,-0.05216136,-6635.2036,127205.3315,OK,0.0000,265.4081,4.0000,96.0000,AG03-UNRESOLVED,ALL5_LEVELS_bet23_to_bet27,265.4081,265.4081,265.4081,331.7602,331.7602,4.000000,4.000000,4.000000,5.000000,5.000000,96.000000,96.000000,96.000000,95.000000,95.000000,5.0,1459.7448,1337.1644,5175.4588,5298.0391,PENDING_AG03,FALSE,NOT_FOR_ENFORCEMENT,6369.7955,110565.8997,6635.2036,6369.7955,265.4081,0.05216136,0.05007491,265.4081,6369.7955,0.05007491,265.4081,265.4081,265.4081,331.7602,331.7602,6369.7955,0.05007491,1459.7448,1337.1644,5175.4588,5298.0391,0.04068586,0.04164951,0.00208645,29.8814,40.3832,2.3265,127.6001,7.3643,2446.2564,54.8462,43.4275,28.3160,5.1431,12.8578,28.9875,66.8604,128.5777,263.3173,7.8995,-2.6176,10.0,20.479237,2.324,28,180,56,8,0.15055597,0.05216136,0.11437665,0E-8,0.000000,0.905409,0.000000,-0.07324236,2026-03-22,2026-08-06,52,901,524,138,0.376812,1.533674,1.453326,0.501853,,,,,,,,GLOBAL_BASELINE_NO_ENTITY_RANKING,,,NOT_APPLICABLE_GLOBAL_BASELINE,HF9g-P5,,,,X 全窗基线 · 不参与实体赏罚,14191796,1420,A168_HF9F_20260827_0900,2026-08-27 09:00:00
2026-07-21,128173484,2214,0,5.1635556244,-5.1635556244,-5.1635556244,0E-7,1,1,0.50665070000000000,0.506650700000,-1.013391052207602,-1.013391052207602,-1.013391052207602,0E-17,ELIGIBLE,R03b_20260811_FULL_v1,L1_ELIGIBILITY,v2026-08-11,2026-03-21..2026-08-06,baccarat_bet02_101_all_pairs_incl_sentinel,round_win = game_pnl > 0 (decisive only),COMPATIBILITY_ONLY_NOT_PRODUCTION,127205.3315,115172.8122,6635.2036,4257,2852,-0.05216136,-0.11437665,-0.04113429,-0.05216136,-6635.2036,127205.3315,OK,0.0000,265.4081,4.0000,96.0000,AG03-UNRESOLVED,ALL5_LEVELS_bet23_to_bet27,265.4081,265.4081,265.4081,331.7602,331.7602,4.000000,4.000000,4.000000,5.000000,5.000000,96.000000,96.000000,96.000000,95.000000,95.000000,5.0,1459.7448,1337.1644,5175.4588,5298.0391,PENDING_AG03,FALSE,NOT_FOR_ENFORCEMENT,6369.7955,110565.8997,6635.2036,6369.7955,265.4081,0.05216136,0.05007491,265.4081,6369.7955,0.05007491,265.4081,265.4081,265.4081,331.7602,331.7602,6369.7955,0.05007491,1459.7448,1337.1644,5175.4588,5298.0391,0.04068586,0.04164951,0.00208645,29.8814,40.3832,2.3265,127.6001,7.3643,2446.2564,54.8462,43.4275,28.3160,5.1431,12.8578,28.9875,66.8604,128.5777,263.3173,7.8995,-2.6176,10.0,20.479237,2.324,28,180,56,8,0.15055597,0.05216136,0.11437665,0E-8,0.000000,0.905409,0.000000,-0.07324236,2026-03-22,2026-08-06,52,901,524,138,0.376812,1.533674,1.453326,0.501853,,,,,,,,GLOBAL_BASELINE_NO_ENTITY_RANKING,,,NOT_APPLICABLE_GLOBAL_BASELINE,HF9g-P5,,,,X 全窗基线 · 不参与实体赏罚,14191797,1420,A168_HF9F_20260827_0900,2026-08-27 09:00:00
2026-07-21,128173484,2229,0,2.5817778122,2.4526889216,2.4526889216,1.0000000,1,1,0.50665070000000000,0.506650700000,0.9867858985152569,0.9867858985152569,0.9867858985152569,0E-17,ELIGIBLE,R03b_20260811_FULL_v1,L1_ELIGIBILITY,v2026-08-11,2026-03-21..2026-08-06,baccarat_bet02_101_all_pairs_incl_sentinel,round_win = game_pnl > 0 (decisive only),COMPATIBILITY_ONLY_NOT_PRODUCTION,127205.3315,115172.8122,6635.2036,4257,2852,-0.05216136,-0.11437665,-0.04113429,-0.05216136,-6635.2036,127205.3315,OK,0.0000,265.4081,4.0000,96.0000,AG03-UNRESOLVED,ALL5_LEVELS_bet23_to_bet27,265.4081,265.4081,265.4081,331.7602,331.7602,4.000000,4.000000,4.000000,5.000000,5.000000,96.000000,96.000000,96.000000,95.000000,95.000000,5.0,1459.7448,1337.1644,5175.4588,5298.0391,PENDING_AG03,FALSE,NOT_FOR_ENFORCEMENT,6369.7955,110565.8997,6635.2036,6369.7955,265.4081,0.05216136,0.05007491,265.4081,6369.7955,0.05007491,265.4081,265.4081,265.4081,331.7602,331.7602,6369.7955,0.05007491,1459.7448,1337.1644,5175.4588,5298.0391,0.04068586,0.04164951,0.00208645,29.8814,40.3832,2.3265,127.6001,7.3643,2446.2564,54.8462,43.4275,28.3160,5.1431,12.8578,28.9875,66.8604,128.5777,263.3173,7.8995,-2.6176,10.0,20.479237,2.324,28,180,56,8,0.15055597,0.05216136,0.11437665,0E-8,0.000000,0.905409,0.000000,-0.07324236,2026-03-22,2026-08-06,52,901,524,138,0.376812,1.533674,1.453326,0.501853,,,,,,,,GLOBAL_BASELINE_NO_ENTITY_RANKING,,,NOT_APPLICABLE_GLOBAL_BASELINE,HF9g-P5,,,,X 全窗基线 · 不参与实体赏罚,14191798,1420,A168_HF9F_20260827_0900,2026-08-27 09:00:00
2026-07-21,128173484,2238,0,30.9813337464,-5.8090000774,-5.8090000774,0.5000000,4,2,0.43073084166666667,0.292296325000,0.19783043046058216,0.6458352951032624,0.19783043046058216,0.13843451666666667,ELIGIBLE,R03b_20260811_FULL_v1,L1_ELIGIBILITY,v2026-08-11,2026-03-21..2026-08-06,baccarat_bet02_101_all_pairs_incl_sentinel,round_win = game_pnl > 0 (decisive only),COMPATIBILITY_ONLY_NOT_PRODUCTION,127205.3315,115172.8122,6635.2036,4257,2852,-0.05216136,-0.11437665,-0.04113429,-0.05216136,-6635.2036,127205.3315,OK,0.0000,265.4081,4.0000,96.0000,AG03-UNRESOLVED,ALL5_LEVELS_bet23_to_bet27,265.4081,265.4081,265.4081,331.7602,331.7602,4.000000,4.000000,4.000000,5.000000,5.000000,96.000000,96.000000,96.000000,95.000000,95.000000,5.0,1459.7448,1337.1644,5175.4588,5298.0391,PENDING_AG03,FALSE,NOT_FOR_ENFORCEMENT,6369.7955,110565.8997,6635.2036,6369.7955,265.4081,0.05216136,0.05007491,265.4081,6369.7955,0.05007491,265.4081,265.4081,265.4081,331.7602,331.7602,6369.7955,0.05007491,1459.7448,1337.1644,5175.4588,5298.0391,0.04068586,0.04164951,0.00208645,29.8814,40.3832,2.3265,127.6001,7.3643,2446.2564,54.8462,43.4275,28.3160,5.1431,12.8578,28.9875,66.8604,128.5777,263.3173,7.8995,-2.6176,10.0,20.479237,2.324,28,180,56,8,0.15055597,0.05216136,0.11437665,0E-8,0.000000,0.905409,0.000000,-0.07324236,2026-03-22,2026-08-06,52,901,524,138,0.376812,1.533674,1.453326,0.501853,,,,,,,,GLOBAL_BASELINE_NO_ENTITY_RANKING,,,NOT_APPLICABLE_GLOBAL_BASELINE,HF9g-P5,,,,X 全窗基线 · 不参与实体赏罚,14191799,1420,A168_HF9F_20260827_0900,2026-08-27 09:00:00
2026-07-21,128173484,2243,0,28.3995559342,-28.3995559342,-28.3995559342,0E-7,3,2,0.46395307500000000,0.391963025000,-1.3156810577052098,-1.1354618663111085,-1.3156810577052098,0.07199005000000000,ELIGIBLE,R03b_20260811_FULL_v1,L1_ELIGIBILITY,v2026-08-11,2026-03-21..2026-08-06,baccarat_bet02_101_all_pairs_incl_sentinel,round_win = game_pnl > 0 (decisive only),COMPATIBILITY_ONLY_NOT_PRODUCTION,127205.3315,115172.8122,6635.2036,4257,2852,-0.05216136,-0.11437665,-0.04113429,-0.05216136,-6635.2036,127205.3315,OK,0.0000,265.4081,4.0000,96.0000,AG03-UNRESOLVED,ALL5_LEVELS_bet23_to_bet27,265.4081,265.4081,265.4081,331.7602,331.7602,4.000000,4.000000,4.000000,5.000000,5.000000,96.000000,96.000000,96.000000,95.000000,95.000000,5.0,1459.7448,1337.1644,5175.4588,5298.0391,PENDING_AG03,FALSE,NOT_FOR_ENFORCEMENT,6369.7955,110565.8997,6635.2036,6369.7955,265.4081,0.05216136,0.05007491,265.4081,6369.7955,0.05007491,265.4081,265.4081,265.4081,331.7602,331.7602,6369.7955,0.05007491,1459.7448,1337.1644,5175.4588,5298.0391,0.04068586,0.04164951,0.00208645,29.8814,40.3832,2.3265,127.6001,7.3643,2446.2564,54.8462,43.4275,28.3160,5.1431,12.8578,28.9875,66.8604,128.5777,263.3173,7.8995,-2.6176,10.0,20.479237,2.324,28,180,56,8,0.15055597,0.05216136,0.11437665,0E-8,0.000000,0.905409,0.000000,-0.07324236,2026-03-22,2026-08-06,52,901,524,138,0.376812,1.533674,1.453326,0.501853,,,,,,,,GLOBAL_BASELINE_NO_ENTITY_RANKING,,,NOT_APPLICABLE_GLOBAL_BASELINE,HF9g-P5,,,,X 全窗基线 · 不参与实体赏罚,14191800,1420,A168_HF9F_20260827_0900,2026-08-27 09:00:00
2026-07-21,128173484,2267,0,32.2722226525,-19.6860558180,-19.6860558180,0.5000000,2,2,0.49994810000000000,0.499948100000,0.00014679536856514622,0.00014679536856514622,0.00014679536856514622,0E-17,ELIGIBLE,R03b_20260811_FULL_v1,L1_ELIGIBILITY,v2026-08-11,2026-03-21..2026-08-06,baccarat_bet02_101_all_pairs_incl_sentinel,round_win = game_pnl > 0 (decisive only),COMPATIBILITY_ONLY_NOT_PRODUCTION,127205.3315,115172.8122,6635.2036,4257,2852,-0.05216136,-0.11437665,-0.04113429,-0.05216136,-6635.2036,127205.3315,OK,0.0000,265.4081,4.0000,96.0000,AG03-UNRESOLVED,ALL5_LEVELS_bet23_to_bet27,265.4081,265.4081,265.4081,331.7602,331.7602,4.000000,4.000000,4.000000,5.000000,5.000000,96.000000,96.000000,96.000000,95.000000,95.000000,5.0,1459.7448,1337.1644,5175.4588,5298.0391,PENDING_AG03,FALSE,NOT_FOR_ENFORCEMENT,6369.7955,110565.8997,6635.2036,6369.7955,265.4081,0.05216136,0.05007491,265.4081,6369.7955,0.05007491,265.4081,265.4081,265.4081,331.7602,331.7602,6369.7955,0.05007491,1459.7448,1337.1644,5175.4588,5298.0391,0.04068586,0.04164951,0.00208645,29.8814,40.3832,2.3265,127.6001,7.3643,2446.2564,54.8462,43.4275,28.3160,5.1431,12.8578,28.9875,66.8604,128.5777,263.3173,7.8995,-2.6176,10.0,20.479237,2.324,28,180,56,8,0.15055597,0.05216136,0.11437665,0E-8,0.000000,0.905409,0.000000,-0.07324236,2026-03-22,2026-08-06,52,901,524,138,0.376812,1.533674,1.453326,0.501853,,,,,,,,GLOBAL_BASELINE_NO_ENTITY_RANKING,,,NOT_APPLICABLE_GLOBAL_BASELINE,HF9g-P5,,,,X 全窗基线 · 不参与实体赏罚,14191801,1420,A168_HF9F_20260827_0900,2026-08-27 09:00:00
2026-07-21,128173484,2271,0,149.7431131076,140.7068907649,140.7068907649,1.0000000,4,3,0.49306938064516129,0.425723850000,1.7562279008664574,2.0116713321905957,1.7562279008664574,0.06734553064516129,ELIGIBLE,R03b_20260811_FULL_v1,L1_ELIGIBILITY,v2026-08-11,2026-03-21..2026-08-06,baccarat_bet02_101_all_pairs_incl_sentinel,round_win = game_pnl > 0 (decisive only),COMPATIBILITY_ONLY_NOT_PRODUCTION,127205.3315,115172.8122,6635.2036,4257,2852,-0.05216136,-0.11437665,-0.04113429,-0.05216136,-6635.2036,127205.3315,OK,0.0000,265.4081,4.0000,96.0000,AG03-UNRESOLVED,ALL5_LEVELS_bet23_to_bet27,265.4081,265.4081,265.4081,331.7602,331.7602,4.000000,4.000000,4.000000,5.000000,5.000000,96.000000,96.000000,96.000000,95.000000,95.000000,5.0,1459.7448,1337.1644,5175.4588,5298.0391,PENDING_AG03,FALSE,NOT_FOR_ENFORCEMENT,6369.7955,110565.8997,6635.2036,6369.7955,265.4081,0.05216136,0.05007491,265.4081,6369.7955,0.05007491,265.4081,265.4081,265.4081,331.7602,331.7602,6369.7955,0.05007491,1459.7448,1337.1644,5175.4588,5298.0391,0.04068586,0.04164951,0.00208645,29.8814,40.3832,2.3265,127.6001,7.3643,2446.2564,54.8462,43.4275,28.3160,5.1431,12.8578,28.9875,66.8604,128.5777,263.3173,7.8995,-2.6176,10.0,20.479237,2.324,28,180,56,8,0.15055597,0.05216136,0.11437665,0E-8,0.000000,0.905409,0.000000,-0.07324236,2026-03-22,2026-08-06,52,901,524,138,0.376812,1.533674,1.453326,0.501853,,,,,,,,GLOBAL_BASELINE_NO_ENTITY_RANKING,,,NOT_APPLICABLE_GLOBAL_BASELINE,HF9g-P5,,,,X 全窗基线 · 不参与实体赏罚,14191802,1420,A168_HF9F_20260827_0900,2026-08-27 09:00:00
2026-07-21,128173484,2289,0,10.3271112488,-10.3271112488,-10.3271112488,0E-7,2,2,0.50665070000000000,0.506650700000,-1.4331513700195317,-1.4331513700195317,-1.4331513700195317,0E-17,ELIGIBLE,R03b_20260811_FULL_v1,L1_ELIGIBILITY,v2026-08-11,2026-03-21..2026-08-06,baccarat_bet02_101_all_pairs_incl_sentinel,round_win = game_pnl > 0 (decisive only),COMPATIBILITY_ONLY_NOT_PRODUCTION,127205.3315,115172.8122,6635.2036,4257,2852,-0.05216136,-0.11437665,-0.04113429,-0.05216136,-6635.2036,127205.3315,OK,0.0000,265.4081,4.0000,96.0000,AG03-UNRESOLVED,ALL5_LEVELS_bet23_to_bet27,265.4081,265.4081,265.4081,331.7602,331.7602,4.000000,4.000000,4.000000,5.000000,5.000000,96.000000,96.000000,96.000000,95.000000,95.000000,5.0,1459.7448,1337.1644,5175.4588,5298.0391,PENDING_AG03,FALSE,NOT_FOR_ENFORCEMENT,6369.7955,110565.8997,6635.2036,6369.7955,265.4081,0.05216136,0.05007491,265.4081,6369.7955,0.05007491,265.4081,265.4081,265.4081,331.7602,331.7602,6369.7955,0.05007491,1459.7448,1337.1644,5175.4588,5298.0391,0.04068586,0.04164951,0.00208645,29.8814,40.3832,2.3265,127.6001,7.3643,2446.2564,54.8462,43.4275,28.3160,5.1431,12.8578,28.9875,66.8604,128.5777,263.3173,7.8995,-2.6176,10.0,20.479237,2.324,28,180,56,8,0.15055597,0.05216136,0.11437665,0E-8,0.000000,0.905409,0.000000,-0.07324236,2026-03-22,2026-08-06,52,901,524,138,0.376812,1.533674,1.453326,0.501853,,,,,,,,GLOBAL_BASELINE_NO_ENTITY_RANKING,,,NOT_APPLICABLE_GLOBAL_BASELINE,HF9g-P5,,,,X 全窗基线 · 不参与实体赏罚,14191803,1420,A168_HF9F_20260827_0900,2026-08-27 09:00:00
2026-07-21,128173484,550,0,264.8904035318,85.4568455840,85.4568455840,0.7142857,11,8,0.47084915089285714,0.423957812500,1.290340069963946,1.554351829352185,1.290340069963946,0.04689133839285714,ELIGIBLE,R03b_20260811_FULL_v1,L1_ELIGIBILITY,v2026-08-11,2026-03-21..2026-08-06,baccarat_bet02_101_all_pairs_incl_sentinel,round_win = game_pnl > 0 (decisive only),COMPATIBILITY_ONLY_NOT_PRODUCTION,127205.3315,115172.8122,6635.2036,4257,2852,-0.05216136,-0.11437665,-0.04113429,-0.05216136,-6635.2036,127205.3315,OK,0.0000,265.4081,4.0000,96.0000,AG03-UNRESOLVED,ALL5_LEVELS_bet23_to_bet27,265.4081,265.4081,265.4081,331.7602,331.7602,4.000000,4.000000,4.000000,5.000000,5.000000,96.000000,96.000000,96.000000,95.000000,95.000000,5.0,1459.7448,1337.1644,5175.4588,5298.0391,PENDING_AG03,FALSE,NOT_FOR_ENFORCEMENT,6369.7955,110565.8997,6635.2036,6369.7955,265.4081,0.05216136,0.05007491,265.4081,6369.7955,0.05007491,265.4081,265.4081,265.4081,331.7602,331.7602,6369.7955,0.05007491,1459.7448,1337.1644,5175.4588,5298.0391,0.04068586,0.04164951,0.00208645,29.8814,40.3832,2.3265,127.6001,7.3643,2446.2564,54.8462,43.4275,28.3160,5.1431,12.8578,28.9875,66.8604,128.5777,263.3173,7.8995,-2.6176,10.0,20.479237,2.324,28,180,56,8,0.15055597,0.05216136,0.11437665,0E-8,0.000000,0.905409,0.000000,-0.07324236,2026-03-22,2026-08-06,52,901,524,138,0.376812,1.533674,1.453326,0.501853,,,,,,,,GLOBAL_BASELINE_NO_ENTITY_RANKING,,,NOT_APPLICABLE_GLOBAL_BASELINE,HF9g-P5,,,,X 全窗基线 · 不参与实体赏罚,14191804,1420,A168_HF9F_20260827_0900,2026-08-27 09:00:00
2026-07-21,128173484,583,0,154.9066687321,129.0888906101,129.0888906101,0.6666667,5,3,0.44122975833333333,0.362598800000,0.786387524467099,1.095497863370407,0.786387524467099,0.07863095833333333,ELIGIBLE,R03b_20260811_FULL_v1,L1_ELIGIBILITY,v2026-08-11,2026-03-21..2026-08-06,baccarat_bet02_101_all_pairs_incl_sentinel,round_win = game_pnl > 0 (decisive only),COMPATIBILITY_ONLY_NOT_PRODUCTION,127205.3315,115172.8122,6635.2036,4257,2852,-0.05216136,-0.11437665,-0.04113429,-0.05216136,-6635.2036,127205.3315,OK,0.0000,265.4081,4.0000,96.0000,AG03-UNRESOLVED,ALL5_LEVELS_bet23_to_bet27,265.4081,265.4081,265.4081,331.7602,331.7602,4.000000,4.000000,4.000000,5.000000,5.000000,96.000000,96.000000,96.000000,95.000000,95.000000,5.0,1459.7448,1337.1644,5175.4588,5298.0391,PENDING_AG03,FALSE,NOT_FOR_ENFORCEMENT,6369.7955,110565.8997,6635.2036,6369.7955,265.4081,0.05216136,0.05007491,265.4081,6369.7955,0.05007491,265.4081,265.4081,265.4081,331.7602,331.7602,6369.7955,0.05007491,1459.7448,1337.1644,5175.4588,5298.0391,0.04068586,0.04164951,0.00208645,29.8814,40.3832,2.3265,127.6001,7.3643,2446.2564,54.8462,43.4275,28.3160,5.1431,12.8578,28.9875,66.8604,128.5777,263.3173,7.8995,-2.6176,10.0,20.479237,2.324,28,180,56,8,0.15055597,0.05216136,0.11437665,0E-8,0.000000,0.905409,0.000000,-0.07324236,2026-03-22,2026-08-06,52,901,524,138,0.376812,1.533674,1.453326,0.501853,,,,,,,,GLOBAL_BASELINE_NO_ENTITY_RANKING,,,NOT_APPLICABLE_GLOBAL_BASELINE,HF9g-P5,,,,X 全窗基线 · 不参与实体赏罚,14191805,1420,A168_HF9F_20260827_0900,2026-08-27 09:00:00
2026-07-21,128173484,919,0,23.2360003098,18.0724446854,18.0724446854,1.0000000,3,2,0.46334841428571429,0.388605700000,1.5219744638683967,1.7738672161539373,1.5219744638683967,0.07474271428571429,ELIGIBLE,R03b_20260811_FULL_v1,L1_ELIGIBILITY,v2026-08-11,2026-03-21..2026-08-06,baccarat_bet02_101_all_pairs_incl_sentinel,round_win = game_pnl > 0 (decisive only),COMPATIBILITY_ONLY_NOT_PRODUCTION,127205.3315,115172.8122,6635.2036,4257,2852,-0.05216136,-0.11437665,-0.04113429,-0.05216136,-6635.2036,127205.3315,OK,0.0000,265.4081,4.0000,96.0000,AG03-UNRESOLVED,ALL5_LEVELS_bet23_to_bet27,265.4081,265.4081,265.4081,331.7602,331.7602,4.000000,4.000000,4.000000,5.000000,5.000000,96.000000,96.000000,96.000000,95.000000,95.000000,5.0,1459.7448,1337.1644,5175.4588,5298.0391,PENDING_AG03,FALSE,NOT_FOR_ENFORCEMENT,6369.7955,110565.8997,6635.2036,6369.7955,265.4081,0.05216136,0.05007491,265.4081,6369.7955,0.05007491,265.4081,265.4081,265.4081,331.7602,331.7602,6369.7955,0.05007491,1459.7448,1337.1644,5175.4588,5298.0391,0.04068586,0.04164951,0.00208645,29.8814,40.3832,2.3265,127.6001,7.3643,2446.2564,54.8462,43.4275,28.3160,5.1431,12.8578,28.9875,66.8604,128.5777,263.3173,7.8995,-2.6176,10.0,20.479237,2.324,28,180,56,8,0.15055597,0.05216136,0.11437665,0E-8,0.000000,0.905409,0.000000,-0.07324236,2026-03-22,2026-08-06,52,901,524,138,0.376812,1.533674,1.453326,0.501853,,,,,,,,GLOBAL_BASELINE_NO_ENTITY_RANKING,,,NOT_APPLICABLE_GLOBAL_BASELINE,HF9g-P5,,,,X 全窗基线 · 不参与实体赏罚,14191806,1420,A168_HF9F_20260827_0900,2026-08-27 09:00:00
2026-07-21,128173484,994,0,668.9386311415,386.6986807115,386.6986807115,0.8333333,25,19,0.47656838543628422,0.434898607895,3.0305806198588514,3.409857558576812,3.0305806198588514,0.04166977754128422,ELIGIBLE,R03b_20260811_FULL_v1,L1_ELIGIBILITY,v2026-08-11,2026-03-21..2026-08-06,baccarat_bet02_101_all_pairs_incl_sentinel,round_win = game_pnl > 0 (decisive only),COMPATIBILITY_ONLY_NOT_PRODUCTION,127205.3315,115172.8122,6635.2036,4257,2852,-0.05216136,-0.11437665,-0.04113429,-0.05216136,-6635.2036,127205.3315,OK,0.0000,265.4081,4.0000,96.0000,AG03-UNRESOLVED,ALL5_LEVELS_bet23_to_bet27,265.4081,265.4081,265.4081,331.7602,331.7602,4.000000,4.000000,4.000000,5.000000,5.000000,96.000000,96.000000,96.000000,95.000000,95.000000,5.0,1459.7448,1337.1644,5175.4588,5298.0391,PENDING_AG03,FALSE,NOT_FOR_ENFORCEMENT,6369.7955,110565.8997,6635.2036,6369.7955,265.4081,0.05216136,0.05007491,265.4081,6369.7955,0.05007491,265.4081,265.4081,265.4081,331.7602,331.7602,6369.7955,0.05007491,1459.7448,1337.1644,5175.4588,5298.0391,0.04068586,0.04164951,0.00208645,29.8814,40.3832,2.3265,127.6001,7.3643,2446.2564,54.8462,43.4275,28.3160,5.1431,12.8578,28.9875,66.8604,128.5777,263.3173,7.8995,-2.6176,10.0,20.479237,2.324,28,180,56,8,0.15055597,0.05216136,0.11437665,0E-8,0.000000,0.905409,0.000000,-0.07324236,2026-03-22,2026-08-06,52,901,524,138,0.376812,1.533674,1.453326,0.501853,,,,,,,,GLOBAL_BASELINE_NO_ENTITY_RANKING,,,NOT_APPLICABLE_GLOBAL_BASELINE,HF9g-P5,,,,X 全窗基线 · 不参与实体赏罚,14191807,1420,A168_HF9F_20260827_0900,2026-08-27 09:00:00
2026-07-23,128173484,1110,0,59.3808896806,-59.3808896806,-59.3808896806,0E-7,2,1,0.43865082173913043,0.283965900000,-0.8839809948924607,-0.6297471965178028,-0.8839809948924607,0.15468492173913043,ELIGIBLE,R03b_20260811_FULL_v1,L1_ELIGIBILITY,v2026-08-11,2026-03-21..2026-08-06,baccarat_bet02_101_all_pairs_incl_sentinel,round_win = game_pnl > 0 (decisive only),COMPATIBILITY_ONLY_NOT_PRODUCTION,127205.3315,115172.8122,6635.2036,4257,2852,-0.05216136,-0.11437665,-0.04113429,-0.05216136,-6635.2036,127205.3315,OK,0.0000,265.4081,4.0000,96.0000,AG03-UNRESOLVED,ALL5_LEVELS_bet23_to_bet27,265.4081,265.4081,265.4081,331.7602,331.7602,4.000000,4.000000,4.000000,5.000000,5.000000,96.000000,96.000000,96.000000,95.000000,95.000000,5.0,1459.7448,1337.1644,5175.4588,5298.0391,PENDING_AG03,FALSE,NOT_FOR_ENFORCEMENT,6369.7955,110565.8997,6635.2036,6369.7955,265.4081,0.05216136,0.05007491,265.4081,6369.7955,0.05007491,265.4081,265.4081,265.4081,331.7602,331.7602,6369.7955,0.05007491,1459.7448,1337.1644,5175.4588,5298.0391,0.04068586,0.04164951,0.00208645,29.8814,40.3832,2.3265,127.6001,7.3643,2446.2564,54.8462,43.4275,28.3160,5.1431,12.8578,28.9875,66.8604,128.5777,263.3173,7.8995,-2.6176,10.0,20.479237,2.324,28,180,56,8,0.15055597,0.05216136,0.11437665,0E-8,0.000000,0.905409,0.000000,-0.07324236,2026-03-22,2026-08-06,52,901,524,138,0.376812,1.533674,1.453326,0.501853,,,,,,,,GLOBAL_BASELINE_NO_ENTITY_RANKING,,,NOT_APPLICABLE_GLOBAL_BASELINE,HF9g-P5,,,,X 全窗基线 · 不参与实体赏罚,14191808,1420,A168_HF9F_20260827_0900,2026-08-27 09:00:00
2026-07-23,128173484,1306,0,788.4749438463,-788.4749438463,-788.4749438463,0E-7,4,3,0.47338628000000000,0.430192250000,-1.6421861154676316,-1.5049696526025953,-1.6421861154676316,0.04319403000000000,ELIGIBLE,R03b_20260811_FULL_v1,L1_ELIGIBILITY,v2026-08-11,2026-03-21..2026-08-06,baccarat_bet02_101_all_pairs_incl_sentinel,round_win = game_pnl > 0 (decisive only),COMPATIBILITY_ONLY_NOT_PRODUCTION,127205.3315,115172.8122,6635.2036,4257,2852,-0.05216136,-0.11437665,-0.04113429,-0.05216136,-6635.2036,127205.3315,OK,0.0000,265.4081,4.0000,96.0000,AG03-UNRESOLVED,ALL5_LEVELS_bet23_to_bet27,265.4081,265.4081,265.4081,331.7602,331.7602,4.000000,4.000000,4.000000,5.000000,5.000000,96.000000,96.000000,96.000000,95.000000,95.000000,5.0,1459.7448,1337.1644,5175.4588,5298.0391,PENDING_AG03,FALSE,NOT_FOR_ENFORCEMENT,6369.7955,110565.8997,6635.2036,6369.7955,265.4081,0.05216136,0.05007491,265.4081,6369.7955,0.05007491,265.4081,265.4081,265.4081,331.7602,331.7602,6369.7955,0.05007491,1459.7448,1337.1644,5175.4588,5298.0391,0.04068586,0.04164951,0.00208645,29.8814,40.3832,2.3265,127.6001,7.3643,2446.2564,54.8462,43.4275,28.3160,5.1431,12.8578,28.9875,66.8604,128.5777,263.3173,7.8995,-2.6176,10.0,20.479237,2.324,28,180,56,8,0.15055597,0.05216136,0.11437665,0E-8,0.000000,0.905409,0.000000,-0.07324236,2026-03-22,2026-08-06,52,901,524,138,0.376812,1.533674,1.453326,0.501853,,,,,,,,GLOBAL_BASELINE_NO_ENTITY_RANKING,,,NOT_APPLICABLE_GLOBAL_BASELINE,HF9g-P5,,,,X 全窗基线 · 不参与实体赏罚,14191809,1420,A168_HF9F_20260827_0900,2026-08-27 09:00:00
2026-07-23,128173484,1363,0,258.1777812201,-258.1777812201,-258.1777812201,0E-7,1,1,0.50665070000000000,0.506650700000,-1.013391052207602,-1.013391052207602,-1.013391052207602,0E-17,ELIGIBLE,R03b_20260811_FULL_v1,L1_ELIGIBILITY,v2026-08-11,2026-03-21..2026-08-06,baccarat_bet02_101_all_pairs_incl_sentinel,round_win = game_pnl > 0 (decisive only),COMPATIBILITY_ONLY_NOT_PRODUCTION,127205.3315,115172.8122,6635.2036,4257,2852,-0.05216136,-0.11437665,-0.04113429,-0.05216136,-6635.2036,127205.3315,OK,0.0000,265.4081,4.0000,96.0000,AG03-UNRESOLVED,ALL5_LEVELS_bet23_to_bet27,265.4081,265.4081,265.4081,331.7602,331.7602,4.000000,4.000000,4.000000,5.000000,5.000000,96.000000,96.000000,96.000000,95.000000,95.000000,5.0,1459.7448,1337.1644,5175.4588,5298.0391,PENDING_AG03,FALSE,NOT_FOR_ENFORCEMENT,6369.7955,110565.8997,6635.2036,6369.7955,265.4081,0.05216136,0.05007491,265.4081,6369.7955,0.05007491,265.4081,265.4081,265.4081,331.7602,331.7602,6369.7955,0.05007491,1459.7448,1337.1644,5175.4588,5298.0391,0.04068586,0.04164951,0.00208645,29.8814,40.3832,2.3265,127.6001,7.3643,2446.2564,54.8462,43.4275,28.3160,5.1431,12.8578,28.9875,66.8604,128.5777,263.3173,7.8995,-2.6176,10.0,20.479237,2.324,28,180,56,8,0.15055597,0.05216136,0.11437665,0E-8,0.000000,0.905409,0.000000,-0.07324236,2026-03-22,2026-08-06,52,901,524,138,0.376812,1.533674,1.453326,0.501853,,,,,,,,GLOBAL_BASELINE_NO_ENTITY_RANKING,,,NOT_APPLICABLE_GLOBAL_BASELINE,HF9g-P5,,,,X 全窗基线 · 不参与实体赏罚,14191810,1420,A168_HF9F_20260827_0900,2026-08-27 09:00:00
2026-07-23,128173484,1401,0,224.6146696615,-20.0087780445,-20.0087780445,0.6666667,7,4,0.43645149642857143,0.341321787500,0.8040090216847485,1.188463772983401,0.8040090216847485,0.09512970892857143,ELIGIBLE,R03b_20260811_FULL_v1,L1_ELIGIBILITY,v2026-08-11,2026-03-21..2026-08-06,baccarat_bet02_101_all_pairs_incl_sentinel,round_win = game_pnl > 0 (decisive only),COMPATIBILITY_ONLY_NOT_PRODUCTION,127205.3315,115172.8122,6635.2036,4257,2852,-0.05216136,-0.11437665,-0.04113429,-0.05216136,-6635.2036,127205.3315,OK,0.0000,265.4081,4.0000,96.0000,AG03-UNRESOLVED,ALL5_LEVELS_bet23_to_bet27,265.4081,265.4081,265.4081,331.7602,331.7602,4.000000,4.000000,4.000000,5.000000,5.000000,96.000000,96.000000,96.000000,95.000000,95.000000,5.0,1459.7448,1337.1644,5175.4588,5298.0391,PENDING_AG03,FALSE,NOT_FOR_ENFORCEMENT,6369.7955,110565.8997,6635.2036,6369.7955,265.4081,0.05216136,0.05007491,265.4081,6369.7955,0.05007491,265.4081,265.4081,265.4081,331.7602,331.7602,6369.7955,0.05007491,1459.7448,1337.1644,5175.4588,5298.0391,0.04068586,0.04164951,0.00208645,29.8814,40.3832,2.3265,127.6001,7.3643,2446.2564,54.8462,43.4275,28.3160,5.1431,12.8578,28.9875,66.8604,128.5777,263.3173,7.8995,-2.6176,10.0,20.479237,2.324,28,180,56,8,0.15055597,0.05216136,0.11437665,0E-8,0.000000,0.905409,0.000000,-0.07324236,2026-03-22,2026-08-06,52,901,524,138,0.376812,1.533674,1.453326,0.501853,,,,,,,,GLOBAL_BASELINE_NO_ENTITY_RANKING,,,NOT_APPLICABLE_GLOBAL_BASELINE,HF9g-P5,,,,X 全窗基线 · 不参与实体赏罚,14191811,1420,A168_HF9F_20260827_0900,2026-08-27 09:00:00
2026-07-23,128173484,1947,0,100.6893346758,27.1086670281,27.1086670281,0.6666667,5,3,0.46255256960784314,0.363751800000,0.7090634233708526,1.0905996574450705,0.7090634233708526,0.09880076960784314,ELIGIBLE,R03b_20260811_FULL_v1,L1_ELIGIBILITY,v2026-08-11,2026-03-21..2026-08-06,baccarat_bet02_101_all_pairs_incl_sentinel,round_win = game_pnl > 0 (decisive only),COMPATIBILITY_ONLY_NOT_PRODUCTION,127205.3315,115172.8122,6635.2036,4257,2852,-0.05216136,-0.11437665,-0.04113429,-0.05216136,-6635.2036,127205.3315,OK,0.0000,265.4081,4.0000,96.0000,AG03-UNRESOLVED,ALL5_LEVELS_bet23_to_bet27,265.4081,265.4081,265.4081,331.7602,331.7602,4.000000,4.000000,4.000000,5.000000,5.000000,96.000000,96.000000,96.000000,95.000000,95.000000,5.0,1459.7448,1337.1644,5175.4588,5298.0391,PENDING_AG03,FALSE,NOT_FOR_ENFORCEMENT,6369.7955,110565.8997,6635.2036,6369.7955,265.4081,0.05216136,0.05007491,265.4081,6369.7955,0.05007491,265.4081,265.4081,265.4081,331.7602,331.7602,6369.7955,0.05007491,1459.7448,1337.1644,5175.4588,5298.0391,0.04068586,0.04164951,0.00208645,29.8814,40.3832,2.3265,127.6001,7.3643,2446.2564,54.8462,43.4275,28.3160,5.1431,12.8578,28.9875,66.8604,128.5777,263.3173,7.8995,-2.6176,10.0,20.479237,2.324,28,180,56,8,0.15055597,0.05216136,0.11437665,0E-8,0.000000,0.905409,0.000000,-0.07324236,2026-03-22,2026-08-06,52,901,524,138,0.376812,1.533674,1.453326,0.501853,,,,,,,,GLOBAL_BASELINE_NO_ENTITY_RANKING,,,NOT_APPLICABLE_GLOBAL_BASELINE,HF9g-P5,,,,X 全窗基线 · 不参与实体赏罚,14191812,1420,A168_HF9F_20260827_0900,2026-08-27 09:00:00
2026-07-23,128173484,2093,0,932.5381457672,472.9816951954,472.9816951954,0.6000000,8,5,0.47812748928354821,0.369669390000,0.5455526792060854,1.0669540483925053,0.5455526792060854,0.10845809928354821,ELIGIBLE,R03b_20260811_FULL_v1,L1_ELIGIBILITY,v2026-08-11,2026-03-21..2026-08-06,baccarat_bet02_101_all_pairs_incl_sentinel,round_win = game_pnl > 0 (decisive only),COMPATIBILITY_ONLY_NOT_PRODUCTION,127205.3315,115172.8122,6635.2036,4257,2852,-0.05216136,-0.11437665,-0.04113429,-0.05216136,-6635.2036,127205.3315,OK,0.0000,265.4081,4.0000,96.0000,AG03-UNRESOLVED,ALL5_LEVELS_bet23_to_bet27,265.4081,265.4081,265.4081,331.7602,331.7602,4.000000,4.000000,4.000000,5.000000,5.000000,96.000000,96.000000,96.000000,95.000000,95.000000,5.0,1459.7448,1337.1644,5175.4588,5298.0391,PENDING_AG03,FALSE,NOT_FOR_ENFORCEMENT,6369.7955,110565.8997,6635.2036,6369.7955,265.4081,0.05216136,0.05007491,265.4081,6369.7955,0.05007491,265.4081,265.4081,265.4081,331.7602,331.7602,6369.7955,0.05007491,1459.7448,1337.1644,5175.4588,5298.0391,0.04068586,0.04164951,0.00208645,29.8814,40.3832,2.3265,127.6001,7.3643,2446.2564,54.8462,43.4275,28.3160,5.1431,12.8578,28.9875,66.8604,128.5777,263.3173,7.8995,-2.6176,10.0,20.479237,2.324,28,180,56,8,0.15055597,0.05216136,0.11437665,0E-8,0.000000,0.905409,0.000000,-0.07324236,2026-03-22,2026-08-06,52,901,524,138,0.376812,1.533674,1.453326,0.501853,,,,,,,,GLOBAL_BASELINE_NO_ENTITY_RANKING,,,NOT_APPLICABLE_GLOBAL_BASELINE,HF9g-P5,,,,X 全窗基线 · 不参与实体赏罚,14191813,1420,A168_HF9F_20260827_0900,2026-08-27 09:00:00
2026-07-23,128173484,2108,0,51.6355562440,51.6355562440,51.6355562440,1.0000000,1,1,0.49324550000000000,0.493245500000,1.01360149184955,1.01360149184955,1.01360149184955,0E-17,ELIGIBLE,R03b_20260811_FULL_v1,L1_ELIGIBILITY,v2026-08-11,2026-03-21..2026-08-06,baccarat_bet02_101_all_pairs_incl_sentinel,round_win = game_pnl > 0 (decisive only),COMPATIBILITY_ONLY_NOT_PRODUCTION,127205.3315,115172.8122,6635.2036,4257,2852,-0.05216136,-0.11437665,-0.04113429,-0.05216136,-6635.2036,127205.3315,OK,0.0000,265.4081,4.0000,96.0000,AG03-UNRESOLVED,ALL5_LEVELS_bet23_to_bet27,265.4081,265.4081,265.4081,331.7602,331.7602,4.000000,4.000000,4.000000,5.000000,5.000000,96.000000,96.000000,96.000000,95.000000,95.000000,5.0,1459.7448,1337.1644,5175.4588,5298.0391,PENDING_AG03,FALSE,NOT_FOR_ENFORCEMENT,6369.7955,110565.8997,6635.2036,6369.7955,265.4081,0.05216136,0.05007491,265.4081,6369.7955,0.05007491,265.4081,265.4081,265.4081,331.7602,331.7602,6369.7955,0.05007491,1459.7448,1337.1644,5175.4588,5298.0391,0.04068586,0.04164951,0.00208645,29.8814,40.3832,2.3265,127.6001,7.3643,2446.2564,54.8462,43.4275,28.3160,5.1431,12.8578,28.9875,66.8604,128.5777,263.3173,7.8995,-2.6176,10.0,20.479237,2.324,28,180,56,8,0.15055597,0.05216136,0.11437665,0E-8,0.000000,0.905409,0.000000,-0.07324236,2026-03-22,2026-08-06,52,901,524,138,0.376812,1.533674,1.453326,0.501853,,,,,,,,GLOBAL_BASELINE_NO_ENTITY_RANKING,,,NOT_APPLICABLE_GLOBAL_BASELINE,HF9g-P5,,,,X 全窗基线 · 不参与实体赏罚,14191814,1420,A168_HF9F_20260827_0900,2026-08-27 09:00:00
2026-07-23,128173484,2153,0,364.5470270827,-111.4037125965,-111.4037125965,0.5714286,10,7,0.48001636970663043,0.414061292857,0.4840947016951956,0.8452886610840351,0.4840947016951956,0.06595507684963043,ELIGIBLE,R03b_20260811_FULL_v1,L1_ELIGIBILITY,v2026-08-11,2026-03-21..2026-08-06,baccarat_bet02_101_all_pairs_incl_sentinel,round_win = game_pnl > 0 (decisive only),COMPATIBILITY_ONLY_NOT_PRODUCTION,127205.3315,115172.8122,6635.2036,4257,2852,-0.05216136,-0.11437665,-0.04113429,-0.05216136,-6635.2036,127205.3315,OK,0.0000,265.4081,4.0000,96.0000,AG03-UNRESOLVED,ALL5_LEVELS_bet23_to_bet27,265.4081,265.4081,265.4081,331.7602,331.7602,4.000000,4.000000,4.000000,5.000000,5.000000,96.000000,96.000000,96.000000,95.000000,95.000000,5.0,1459.7448,1337.1644,5175.4588,5298.0391,PENDING_AG03,FALSE,NOT_FOR_ENFORCEMENT,6369.7955,110565.8997,6635.2036,6369.7955,265.4081,0.05216136,0.05007491,265.4081,6369.7955,0.05007491,265.4081,265.4081,265.4081,331.7602,331.7602,6369.7955,0.05007491,1459.7448,1337.1644,5175.4588,5298.0391,0.04068586,0.04164951,0.00208645,29.8814,40.3832,2.3265,127.6001,7.3643,2446.2564,54.8462,43.4275,28.3160,5.1431,12.8578,28.9875,66.8604,128.5777,263.3173,7.8995,-2.6176,10.0,20.479237,2.324,28,180,56,8,0.15055597,0.05216136,0.11437665,0E-8,0.000000,0.905409,0.000000,-0.07324236,2026-03-22,2026-08-06,52,901,524,138,0.376812,1.533674,1.453326,0.501853,,,,,,,,GLOBAL_BASELINE_NO_ENTITY_RANKING,,,NOT_APPLICABLE_GLOBAL_BASELINE,HF9g-P5,,,,X 全窗基线 · 不参与实体赏罚,14191815,1420,A168_HF9F_20260827_0900,2026-08-27 09:00:00
2026-07-23,128173484,2156,0,271.0866702812,-12.9088890610,-12.9088890610,0.5000000,3,2,0.47422008181819522,0.388605700000,0.07301373491223062,0.3231935542029367,0.07301373491223062,0.08561438181819522,ELIGIBLE,R03b_20260811_FULL_v1,L1_ELIGIBILITY,v2026-08-11,2026-03-21..2026-08-06,baccarat_bet02_101_all_pairs_incl_sentinel,round_win = game_pnl > 0 (decisive only),COMPATIBILITY_ONLY_NOT_PRODUCTION,127205.3315,115172.8122,6635.2036,4257,2852,-0.05216136,-0.11437665,-0.04113429,-0.05216136,-6635.2036,127205.3315,OK,0.0000,265.4081,4.0000,96.0000,AG03-UNRESOLVED,ALL5_LEVELS_bet23_to_bet27,265.4081,265.4081,265.4081,331.7602,331.7602,4.000000,4.000000,4.000000,5.000000,5.000000,96.000000,96.000000,96.000000,95.000000,95.000000,5.0,1459.7448,1337.1644,5175.4588,5298.0391,PENDING_AG03,FALSE,NOT_FOR_ENFORCEMENT,6369.7955,110565.8997,6635.2036,6369.7955,265.4081,0.05216136,0.05007491,265.4081,6369.7955,0.05007491,265.4081,265.4081,265.4081,331.7602,331.7602,6369.7955,0.05007491,1459.7448,1337.1644,5175.4588,5298.0391,0.04068586,0.04164951,0.00208645,29.8814,40.3832,2.3265,127.6001,7.3643,2446.2564,54.8462,43.4275,28.3160,5.1431,12.8578,28.9875,66.8604,128.5777,263.3173,7.8995,-2.6176,10.0,20.479237,2.324,28,180,56,8,0.15055597,0.05216136,0.11437665,0E-8,0.000000,0.905409,0.000000,-0.07324236,2026-03-22,2026-08-06,52,901,524,138,0.376812,1.533674,1.453326,0.501853,,,,,,,,GLOBAL_BASELINE_NO_ENTITY_RANKING,,,NOT_APPLICABLE_GLOBAL_BASELINE,HF9g-P5,,,,X 全窗基线 · 不参与实体赏罚,14191816,1420,A168_HF9F_20260827_0900,2026-08-27 09:00:00
2026-07-23,128173484,2160,0,72.2897787416,-46.4720006196,-46.4720006196,0.5000000,3,2,0.47177808043478261,0.391963025000,0.07995110279863261,0.3129679521789244,0.07995110279863261,0.07981505543478261,ELIGIBLE,R03b_20260811_FULL_v1,L1_ELIGIBILITY,v2026-08-11,2026-03-21..2026-08-06,baccarat_bet02_101_all_pairs_incl_sentinel,round_win = game_pnl > 0 (decisive only),COMPATIBILITY_ONLY_NOT_PRODUCTION,127205.3315,115172.8122,6635.2036,4257,2852,-0.05216136,-0.11437665,-0.04113429,-0.05216136,-6635.2036,127205.3315,OK,0.0000,265.4081,4.0000,96.0000,AG03-UNRESOLVED,ALL5_LEVELS_bet23_to_bet27,265.4081,265.4081,265.4081,331.7602,331.7602,4.000000,4.000000,4.000000,5.000000,5.000000,96.000000,96.000000,96.000000,95.000000,95.000000,5.0,1459.7448,1337.1644,5175.4588,5298.0391,PENDING_AG03,FALSE,NOT_FOR_ENFORCEMENT,6369.7955,110565.8997,6635.2036,6369.7955,265.4081,0.05216136,0.05007491,265.4081,6369.7955,0.05007491,265.4081,265.4081,265.4081,331.7602,331.7602,6369.7955,0.05007491,1459.7448,1337.1644,5175.4588,5298.0391,0.04068586,0.04164951,0.00208645,29.8814,40.3832,2.3265,127.6001,7.3643,2446.2564,54.8462,43.4275,28.3160,5.1431,12.8578,28.9875,66.8604,128.5777,263.3173,7.8995,-2.6176,10.0,20.479237,2.324,28,180,56,8,0.15055597,0.05216136,0.11437665,0E-8,0.000000,0.905409,0.000000,-0.07324236,2026-03-22,2026-08-06,52,901,524,138,0.376812,1.533674,1.453326,0.501853,,,,,,,,GLOBAL_BASELINE_NO_ENTITY_RANKING,,,NOT_APPLICABLE_GLOBAL_BASELINE,HF9g-P5,,,,X 全窗基线 · 不参与实体赏罚,14191817,1420,A168_HF9F_20260827_0900,2026-08-27 09:00:00
2026-07-23,128173484,2246,0,293.0317816847,10.7143779207,10.7143779207,0.5000000,8,5,0.45926077151515152,0.374382750000,0.1635005363732756,0.5191190959507134,0.1635005363732756,0.08487802151515152,ELIGIBLE,R03b_20260811_FULL_v1,L1_ELIGIBILITY,v2026-08-11,2026-03-21..2026-08-06,baccarat_bet02_101_all_pairs_incl_sentinel,round_win = game_pnl > 0 (decisive only),COMPATIBILITY_ONLY_NOT_PRODUCTION,127205.3315,115172.8122,6635.2036,4257,2852,-0.05216136,-0.11437665,-0.04113429,-0.05216136,-6635.2036,127205.3315,OK,0.0000,265.4081,4.0000,96.0000,AG03-UNRESOLVED,ALL5_LEVELS_bet23_to_bet27,265.4081,265.4081,265.4081,331.7602,331.7602,4.000000,4.000000,4.000000,5.000000,5.000000,96.000000,96.000000,96.000000,95.000000,95.000000,5.0,1459.7448,1337.1644,5175.4588,5298.0391,PENDING_AG03,FALSE,NOT_FOR_ENFORCEMENT,6369.7955,110565.8997,6635.2036,6369.7955,265.4081,0.05216136,0.05007491,265.4081,6369.7955,0.05007491,265.4081,265.4081,265.4081,331.7602,331.7602,6369.7955,0.05007491,1459.7448,1337.1644,5175.4588,5298.0391,0.04068586,0.04164951,0.00208645,29.8814,40.3832,2.3265,127.6001,7.3643,2446.2564,54.8462,43.4275,28.3160,5.1431,12.8578,28.9875,66.8604,128.5777,263.3173,7.8995,-2.6176,10.0,20.479237,2.324,28,180,56,8,0.15055597,0.05216136,0.11437665,0E-8,0.000000,0.905409,0.000000,-0.07324236,2026-03-22,2026-08-06,52,901,524,138,0.376812,1.533674,1.453326,0.501853,,,,,,,,GLOBAL_BASELINE_NO_ENTITY_RANKING,,,NOT_APPLICABLE_GLOBAL_BASELINE,HF9g-P5,,,,X 全窗基线 · 不参与实体赏罚,14191818,1420,A168_HF9F_20260827_0900,2026-08-27 09:00:00
2026-07-23,128173484,2250,0,22.7196447474,21.5836625100,21.5836625100,1.0000000,1,1,0.50665070000000000,0.506650700000,0.9867858985152569,0.9867858985152569,0.9867858985152569,0E-17,ELIGIBLE,R03b_20260811_FULL_v1,L1_ELIGIBILITY,v2026-08-11,2026-03-21..2026-08-06,baccarat_bet02_101_all_pairs_incl_sentinel,round_win = game_pnl > 0 (decisive only),COMPATIBILITY_ONLY_NOT_PRODUCTION,127205.3315,115172.8122,6635.2036,4257,2852,-0.05216136,-0.11437665,-0.04113429,-0.05216136,-6635.2036,127205.3315,OK,0.0000,265.4081,4.0000,96.0000,AG03-UNRESOLVED,ALL5_LEVELS_bet23_to_bet27,265.4081,265.4081,265.4081,331.7602,331.7602,4.000000,4.000000,4.000000,5.000000,5.000000,96.000000,96.000000,96.000000,95.000000,95.000000,5.0,1459.7448,1337.1644,5175.4588,5298.0391,PENDING_AG03,FALSE,NOT_FOR_ENFORCEMENT,6369.7955,110565.8997,6635.2036,6369.7955,265.4081,0.05216136,0.05007491,265.4081,6369.7955,0.05007491,265.4081,265.4081,265.4081,331.7602,331.7602,6369.7955,0.05007491,1459.7448,1337.1644,5175.4588,5298.0391,0.04068586,0.04164951,0.00208645,29.8814,40.3832,2.3265,127.6001,7.3643,2446.2564,54.8462,43.4275,28.3160,5.1431,12.8578,28.9875,66.8604,128.5777,263.3173,7.8995,-2.6176,10.0,20.479237,2.324,28,180,56,8,0.15055597,0.05216136,0.11437665,0E-8,0.000000,0.905409,0.000000,-0.07324236,2026-03-22,2026-08-06,52,901,524,138,0.376812,1.533674,1.453326,0.501853,,,,,,,,GLOBAL_BASELINE_NO_ENTITY_RANKING,,,NOT_APPLICABLE_GLOBAL_BASELINE,HF9g-P5,,,,X 全窗基线 · 不参与实体赏罚,14191819,1420,A168_HF9F_20260827_0900,2026-08-27 09:00:00
2026-07-23,128173484,2251,0,216.6111584437,136.4469573749,136.4469573749,0.6666667,6,4,0.48092970555557298,0.391960012500,0.64388020514196,0.9746369106736852,0.64388020514196,0.08896969305557298,ELIGIBLE,R03b_20260811_FULL_v1,L1_ELIGIBILITY,v2026-08-11,2026-03-21..2026-08-06,baccarat_bet02_101_all_pairs_incl_sentinel,round_win = game_pnl > 0 (decisive only),COMPATIBILITY_ONLY_NOT_PRODUCTION,127205.3315,115172.8122,6635.2036,4257,2852,-0.05216136,-0.11437665,-0.04113429,-0.05216136,-6635.2036,127205.3315,OK,0.0000,265.4081,4.0000,96.0000,AG03-UNRESOLVED,ALL5_LEVELS_bet23_to_bet27,265.4081,265.4081,265.4081,331.7602,331.7602,4.000000,4.000000,4.000000,5.000000,5.000000,96.000000,96.000000,96.000000,95.000000,95.000000,5.0,1459.7448,1337.1644,5175.4588,5298.0391,PENDING_AG03,FALSE,NOT_FOR_ENFORCEMENT,6369.7955,110565.8997,6635.2036,6369.7955,265.4081,0.05216136,0.05007491,265.4081,6369.7955,0.05007491,265.4081,265.4081,265.4081,331.7602,331.7602,6369.7955,0.05007491,1459.7448,1337.1644,5175.4588,5298.0391,0.04068586,0.04164951,0.00208645,29.8814,40.3832,2.3265,127.6001,7.3643,2446.2564,54.8462,43.4275,28.3160,5.1431,12.8578,28.9875,66.8604,128.5777,263.3173,7.8995,-2.6176,10.0,20.479237,2.324,28,180,56,8,0.15055597,0.05216136,0.11437665,0E-8,0.000000,0.905409,0.000000,-0.07324236,2026-03-22,2026-08-06,52,901,524,138,0.376812,1.533674,1.453326,0.501853,,,,,,,,GLOBAL_BASELINE_NO_ENTITY_RANKING,,,NOT_APPLICABLE_GLOBAL_BASELINE,HF9g-P5,,,,X 全窗基线 · 不参与实体赏罚,14191820,1420,A168_HF9F_20260827_0900,2026-08-27 09:00:00
2026-07-23,128173484,2252,0,860.7647225878,-116.5672682208,-116.5672682208,0.1666667,10,6,0.47585749293581242,0.363209191667,-1.516488349365413,-1.0010490275020516,-1.516488349365413,0.11264830126881242,ELIGIBLE,R03b_20260811_FULL_v1,L1_ELIGIBILITY,v2026-08-11,2026-03-21..2026-08-06,baccarat_bet02_101_all_pairs_incl_sentinel,round_win = game_pnl > 0 (decisive only),COMPATIBILITY_ONLY_NOT_PRODUCTION,127205.3315,115172.8122,6635.2036,4257,2852,-0.05216136,-0.11437665,-0.04113429,-0.05216136,-6635.2036,127205.3315,OK,0.0000,265.4081,4.0000,96.0000,AG03-UNRESOLVED,ALL5_LEVELS_bet23_to_bet27,265.4081,265.4081,265.4081,331.7602,331.7602,4.000000,4.000000,4.000000,5.000000,5.000000,96.000000,96.000000,96.000000,95.000000,95.000000,5.0,1459.7448,1337.1644,5175.4588,5298.0391,PENDING_AG03,FALSE,NOT_FOR_ENFORCEMENT,6369.7955,110565.8997,6635.2036,6369.7955,265.4081,0.05216136,0.05007491,265.4081,6369.7955,0.05007491,265.4081,265.4081,265.4081,331.7602,331.7602,6369.7955,0.05007491,1459.7448,1337.1644,5175.4588,5298.0391,0.04068586,0.04164951,0.00208645,29.8814,40.3832,2.3265,127.6001,7.3643,2446.2564,54.8462,43.4275,28.3160,5.1431,12.8578,28.9875,66.8604,128.5777,263.3173,7.8995,-2.6176,10.0,20.479237,2.324,28,180,56,8,0.15055597,0.05216136,0.11437665,0E-8,0.000000,0.905409,0.000000,-0.07324236,2026-03-22,2026-08-06,52,901,524,138,0.376812,1.533674,1.453326,0.501853,,,,,,,,GLOBAL_BASELINE_NO_ENTITY_RANKING,,,NOT_APPLICABLE_GLOBAL_BASELINE,HF9g-P5,,,,X 全窗基线 · 不参与实体赏罚,14191821,1420,A168_HF9F_20260827_0900,2026-08-27 09:00:00
2026-07-23,128173484,2258,0,167.0410244494,52.4100895878,52.4100895878,0.5000000,3,2,0.47854565270283849,0.391963025000,0.06073799766596289,0.3129679521789244,0.06073799766596289,0.08658262770283849,ELIGIBLE,R03b_20260811_FULL_v1,L1_ELIGIBILITY,v2026-08-11,2026-03-21..2026-08-06,baccarat_bet02_101_all_pairs_incl_sentinel,round_win = game_pnl > 0 (decisive only),COMPATIBILITY_ONLY_NOT_PRODUCTION,127205.3315,115172.8122,6635.2036,4257,2852,-0.05216136,-0.11437665,-0.04113429,-0.05216136,-6635.2036,127205.3315,OK,0.0000,265.4081,4.0000,96.0000,AG03-UNRESOLVED,ALL5_LEVELS_bet23_to_bet27,265.4081,265.4081,265.4081,331.7602,331.7602,4.000000,4.000000,4.000000,5.000000,5.000000,96.000000,96.000000,96.000000,95.000000,95.000000,5.0,1459.7448,1337.1644,5175.4588,5298.0391,PENDING_AG03,FALSE,NOT_FOR_ENFORCEMENT,6369.7955,110565.8997,6635.2036,6369.7955,265.4081,0.05216136,0.05007491,265.4081,6369.7955,0.05007491,265.4081,265.4081,265.4081,331.7602,331.7602,6369.7955,0.05007491,1459.7448,1337.1644,5175.4588,5298.0391,0.04068586,0.04164951,0.00208645,29.8814,40.3832,2.3265,127.6001,7.3643,2446.2564,54.8462,43.4275,28.3160,5.1431,12.8578,28.9875,66.8604,128.5777,263.3173,7.8995,-2.6176,10.0,20.479237,2.324,28,180,56,8,0.15055597,0.05216136,0.11437665,0E-8,0.000000,0.905409,0.000000,-0.07324236,2026-03-22,2026-08-06,52,901,524,138,0.376812,1.533674,1.453326,0.501853,,,,,,,,GLOBAL_BASELINE_NO_ENTITY_RANKING,,,NOT_APPLICABLE_GLOBAL_BASELINE,HF9g-P5,,,,X 全窗基线 · 不参与实体赏罚,14191822,1420,A168_HF9F_20260827_0900,2026-08-27 09:00:00
2026-07-23,128173484,2280,0,141.9977796711,-141.9977796711,-141.9977796711,0E-7,2,1,0.45519466363639043,0.283965900000,-0.9140667357725858,-0.6297471965178028,-0.9140667357725858,0.17122876363639043,ELIGIBLE,R03b_20260811_FULL_v1,L1_ELIGIBILITY,v2026-08-11,2026-03-21..2026-08-06,baccarat_bet02_101_all_pairs_incl_sentinel,round_win = game_pnl > 0 (decisive only),COMPATIBILITY_ONLY_NOT_PRODUCTION,127205.3315,115172.8122,6635.2036,4257,2852,-0.05216136,-0.11437665,-0.04113429,-0.05216136,-6635.2036,127205.3315,OK,0.0000,265.4081,4.0000,96.0000,AG03-UNRESOLVED,ALL5_LEVELS_bet23_to_bet27,265.4081,265.4081,265.4081,331.7602,331.7602,4.000000,4.000000,4.000000,5.000000,5.000000,96.000000,96.000000,96.000000,95.000000,95.000000,5.0,1459.7448,1337.1644,5175.4588,5298.0391,PENDING_AG03,FALSE,NOT_FOR_ENFORCEMENT,6369.7955,110565.8997,6635.2036,6369.7955,265.4081,0.05216136,0.05007491,265.4081,6369.7955,0.05007491,265.4081,265.4081,265.4081,331.7602,331.7602,6369.7955,0.05007491,1459.7448,1337.1644,5175.4588,5298.0391,0.04068586,0.04164951,0.00208645,29.8814,40.3832,2.3265,127.6001,7.3643,2446.2564,54.8462,43.4275,28.3160,5.1431,12.8578,28.9875,66.8604,128.5777,263.3173,7.8995,-2.6176,10.0,20.479237,2.324,28,180,56,8,0.15055597,0.05216136,0.11437665,0E-8,0.000000,0.905409,0.000000,-0.07324236,2026-03-22,2026-08-06,52,901,524,138,0.376812,1.533674,1.453326,0.501853,,,,,,,,GLOBAL_BASELINE_NO_ENTITY_RANKING,,,NOT_APPLICABLE_GLOBAL_BASELINE,HF9g-P5,,,,X 全窗基线 · 不参与实体赏罚,14191823,1420,A168_HF9F_20260827_0900,2026-08-27 09:00:00
2026-07-23,128173484,529,0,196.7314692896,208.9949138977,208.9949138977,0.8000000,8,6,0.48663899375000000,0.430192250000,1.4018936345852906,1.6701887094409813,1.4018936345852906,0.05644674375000000,ELIGIBLE,R03b_20260811_FULL_v1,L1_ELIGIBILITY,v2026-08-11,2026-03-21..2026-08-06,baccarat_bet02_101_all_pairs_incl_sentinel,round_win = game_pnl > 0 (decisive only),COMPATIBILITY_ONLY_NOT_PRODUCTION,127205.3315,115172.8122,6635.2036,4257,2852,-0.05216136,-0.11437665,-0.04113429,-0.05216136,-6635.2036,127205.3315,OK,0.0000,265.4081,4.0000,96.0000,AG03-UNRESOLVED,ALL5_LEVELS_bet23_to_bet27,265.4081,265.4081,265.4081,331.7602,331.7602,4.000000,4.000000,4.000000,5.000000,5.000000,96.000000,96.000000,96.000000,95.000000,95.000000,5.0,1459.7448,1337.1644,5175.4588,5298.0391,PENDING_AG03,FALSE,NOT_FOR_ENFORCEMENT,6369.7955,110565.8997,6635.2036,6369.7955,265.4081,0.05216136,0.05007491,265.4081,6369.7955,0.05007491,265.4081,265.4081,265.4081,331.7602,331.7602,6369.7955,0.05007491,1459.7448,1337.1644,5175.4588,5298.0391,0.04068586,0.04164951,0.00208645,29.8814,40.3832,2.3265,127.6001,7.3643,2446.2564,54.8462,43.4275,28.3160,5.1431,12.8578,28.9875,66.8604,128.5777,263.3173,7.8995,-2.6176,10.0,20.479237,2.324,28,180,56,8,0.15055597,0.05216136,0.11437665,0E-8,0.000000,0.905409,0.000000,-0.07324236,2026-03-22,2026-08-06,52,901,524,138,0.376812,1.533674,1.453326,0.501853,,,,,,,,GLOBAL_BASELINE_NO_ENTITY_RANKING,,,NOT_APPLICABLE_GLOBAL_BASELINE,HF9g-P5,,,,X 全窗基线 · 不参与实体赏罚,14191824,1420,A168_HF9F_20260827_0900,2026-08-27 09:00:00
2026-07-23,128173484,595,0,103.2711124880,-2.5817778122,-2.5817778122,0.5000000,4,2,0.44832850984654732,0.292302350000,0.14693577071298916,0.6458126540874517,0.14693577071298916,0.15602615984654732,ELIGIBLE,R03b_20260811_FULL_v1,L1_ELIGIBILITY,v2026-08-11,2026-03-21..2026-08-06,baccarat_bet02_101_all_pairs_incl_sentinel,round_win = game_pnl > 0 (decisive only),COMPATIBILITY_ONLY_NOT_PRODUCTION,127205.3315,115172.8122,6635.2036,4257,2852,-0.05216136,-0.11437665,-0.04113429,-0.05216136,-6635.2036,127205.3315,OK,0.0000,265.4081,4.0000,96.0000,AG03-UNRESOLVED,ALL5_LEVELS_bet23_to_bet27,265.4081,265.4081,265.4081,331.7602,331.7602,4.000000,4.000000,4.000000,5.000000,5.000000,96.000000,96.000000,96.000000,95.000000,95.000000,5.0,1459.7448,1337.1644,5175.4588,5298.0391,PENDING_AG03,FALSE,NOT_FOR_ENFORCEMENT,6369.7955,110565.8997,6635.2036,6369.7955,265.4081,0.05216136,0.05007491,265.4081,6369.7955,0.05007491,265.4081,265.4081,265.4081,331.7602,331.7602,6369.7955,0.05007491,1459.7448,1337.1644,5175.4588,5298.0391,0.04068586,0.04164951,0.00208645,29.8814,40.3832,2.3265,127.6001,7.3643,2446.2564,54.8462,43.4275,28.3160,5.1431,12.8578,28.9875,66.8604,128.5777,263.3173,7.8995,-2.6176,10.0,20.479237,2.324,28,180,56,8,0.15055597,0.05216136,0.11437665,0E-8,0.000000,0.905409,0.000000,-0.07324236,2026-03-22,2026-08-06,52,901,524,138,0.376812,1.533674,1.453326,0.501853,,,,,,,,GLOBAL_BASELINE_NO_ENTITY_RANKING,,,NOT_APPLICABLE_GLOBAL_BASELINE,HF9g-P5,,,,X 全窗基线 · 不参与实体赏罚,14191825,1420,A168_HF9F_20260827_0900,2026-08-27 09:00:00
2026-07-23,128173484,925,0,356.2853380837,-230.4236697389,-230.4236697389,0.6666667,5,3,0.47478158695652635,0.362670600000,0.665556499352923,1.095192446695963,0.665556499352923,0.11211098695652635,ELIGIBLE,R03b_20260811_FULL_v1,L1_ELIGIBILITY,v2026-08-11,2026-03-21..2026-08-06,baccarat_bet02_101_all_pairs_incl_sentinel,round_win = game_pnl > 0 (decisive only),COMPATIBILITY_ONLY_NOT_PRODUCTION,127205.3315,115172.8122,6635.2036,4257,2852,-0.05216136,-0.11437665,-0.04113429,-0.05216136,-6635.2036,127205.3315,OK,0.0000,265.4081,4.0000,96.0000,AG03-UNRESOLVED,ALL5_LEVELS_bet23_to_bet27,265.4081,265.4081,265.4081,331.7602,331.7602,4.000000,4.000000,4.000000,5.000000,5.000000,96.000000,96.000000,96.000000,95.000000,95.000000,5.0,1459.7448,1337.1644,5175.4588,5298.0391,PENDING_AG03,FALSE,NOT_FOR_ENFORCEMENT,6369.7955,110565.8997,6635.2036,6369.7955,265.4081,0.05216136,0.05007491,265.4081,6369.7955,0.05007491,265.4081,265.4081,265.4081,331.7602,331.7602,6369.7955,0.05007491,1459.7448,1337.1644,5175.4588,5298.0391,0.04068586,0.04164951,0.00208645,29.8814,40.3832,2.3265,127.6001,7.3643,2446.2564,54.8462,43.4275,28.3160,5.1431,12.8578,28.9875,66.8604,128.5777,263.3173,7.8995,-2.6176,10.0,20.479237,2.324,28,180,56,8,0.15055597,0.05216136,0.11437665,0E-8,0.000000,0.905409,0.000000,-0.07324236,2026-03-22,2026-08-06,52,901,524,138,0.376812,1.533674,1.453326,0.501853,,,,,,,,GLOBAL_BASELINE_NO_ENTITY_RANKING,,,NOT_APPLICABLE_GLOBAL_BASELINE,HF9g-P5,,,,X 全窗基线 · 不参与实体赏罚,14191826,1420,A168_HF9F_20260827_0900,2026-08-27 09:00:00
2026-07-28,128173484,1396,0,18.8469780291,-3.7435778277,-3.7435778277,0.5000000,3,2,0.45642508372111120,0.398665625000,0.12371920010011007,0.2926910081793089,0.12371920010011007,0.05775945872111120,ELIGIBLE,R03b_20260811_FULL_v1,L1_ELIGIBILITY,v2026-08-11,2026-03-21..2026-08-06,baccarat_bet02_101_all_pairs_incl_sentinel,round_win = game_pnl > 0 (decisive only),COMPATIBILITY_ONLY_NOT_PRODUCTION,127205.3315,115172.8122,6635.2036,4257,2852,-0.05216136,-0.11437665,-0.04113429,-0.05216136,-6635.2036,127205.3315,OK,0.0000,265.4081,4.0000,96.0000,AG03-UNRESOLVED,ALL5_LEVELS_bet23_to_bet27,265.4081,265.4081,265.4081,331.7602,331.7602,4.000000,4.000000,4.000000,5.000000,5.000000,96.000000,96.000000,96.000000,95.000000,95.000000,5.0,1459.7448,1337.1644,5175.4588,5298.0391,PENDING_AG03,FALSE,NOT_FOR_ENFORCEMENT,6369.7955,110565.8997,6635.2036,6369.7955,265.4081,0.05216136,0.05007491,265.4081,6369.7955,0.05007491,265.4081,265.4081,265.4081,331.7602,331.7602,6369.7955,0.05007491,1459.7448,1337.1644,5175.4588,5298.0391,0.04068586,0.04164951,0.00208645,29.8814,40.3832,2.3265,127.6001,7.3643,2446.2564,54.8462,43.4275,28.3160,5.1431,12.8578,28.9875,66.8604,128.5777,263.3173,7.8995,-2.6176,10.0,20.479237,2.324,28,180,56,8,0.15055597,0.05216136,0.11437665,0E-8,0.000000,0.905409,0.000000,-0.07324236,2026-03-22,2026-08-06,52,901,524,138,0.376812,1.533674,1.453326,0.501853,,,,,,,,GLOBAL_BASELINE_NO_ENTITY_RANKING,,,NOT_APPLICABLE_GLOBAL_BASELINE,HF9g-P5,,,,X 全窗基线 · 不参与实体赏罚,14191827,1420,A168_HF9F_20260827_0900,2026-08-27 09:00:00
2026-07-28,128173484,1505,0,245.2688921590,-184.5971135723,-184.5971135723,0E-7,5,4,0.49319903281250000,0.445955562500,-1.7086496343333302,-1.5539395510098797,-1.7086496343333302,0.04724347031250000,ELIGIBLE,R03b_20260811_FULL_v1,L1_ELIGIBILITY,v2026-08-11,2026-03-21..2026-08-06,baccarat_bet02_101_all_pairs_incl_sentinel,round_win = game_pnl > 0 (decisive only),COMPATIBILITY_ONLY_NOT_PRODUCTION,127205.3315,115172.8122,6635.2036,4257,2852,-0.05216136,-0.11437665,-0.04113429,-0.05216136,-6635.2036,127205.3315,OK,0.0000,265.4081,4.0000,96.0000,AG03-UNRESOLVED,ALL5_LEVELS_bet23_to_bet27,265.4081,265.4081,265.4081,331.7602,331.7602,4.000000,4.000000,4.000000,5.000000,5.000000,96.000000,96.000000,96.000000,95.000000,95.000000,5.0,1459.7448,1337.1644,5175.4588,5298.0391,PENDING_AG03,FALSE,NOT_FOR_ENFORCEMENT,6369.7955,110565.8997,6635.2036,6369.7955,265.4081,0.05216136,0.05007491,265.4081,6369.7955,0.05007491,265.4081,265.4081,265.4081,331.7602,331.7602,6369.7955,0.05007491,1459.7448,1337.1644,5175.4588,5298.0391,0.04068586,0.04164951,0.00208645,29.8814,40.3832,2.3265,127.6001,7.3643,2446.2564,54.8462,43.4275,28.3160,5.1431,12.8578,28.9875,66.8604,128.5777,263.3173,7.8995,-2.6176,10.0,20.479237,2.324,28,180,56,8,0.15055597,0.05216136,0.11437665,0E-8,0.000000,0.905409,0.000000,-0.07324236,2026-03-22,2026-08-06,52,901,524,138,0.376812,1.533674,1.453326,0.501853,,,,,,,,GLOBAL_BASELINE_NO_ENTITY_RANKING,,,NOT_APPLICABLE_GLOBAL_BASELINE,HF9g-P5,,,,X 全窗基线 · 不参与实体赏罚,14191828,1420,A168_HF9F_20260827_0900,2026-08-27 09:00:00
2026-07-28,128173484,2252,0,410.5026721400,278.6254614927,278.6254614927,0.7500000,9,9,0.49771390000000000,0.497713900000,1.4271606143563065,1.4271606143563067,1.4271606143563065,0E-17,ELIGIBLE,R03b_20260811_FULL_v1,L1_ELIGIBILITY,v2026-08-11,2026-03-21..2026-08-06,baccarat_bet02_101_all_pairs_incl_sentinel,round_win = game_pnl > 0 (decisive only),COMPATIBILITY_ONLY_NOT_PRODUCTION,127205.3315,115172.8122,6635.2036,4257,2852,-0.05216136,-0.11437665,-0.04113429,-0.05216136,-6635.2036,127205.3315,OK,0.0000,265.4081,4.0000,96.0000,AG03-UNRESOLVED,ALL5_LEVELS_bet23_to_bet27,265.4081,265.4081,265.4081,331.7602,331.7602,4.000000,4.000000,4.000000,5.000000,5.000000,96.000000,96.000000,96.000000,95.000000,95.000000,5.0,1459.7448,1337.1644,5175.4588,5298.0391,PENDING_AG03,FALSE,NOT_FOR_ENFORCEMENT,6369.7955,110565.8997,6635.2036,6369.7955,265.4081,0.05216136,0.05007491,265.4081,6369.7955,0.05007491,265.4081,265.4081,265.4081,331.7602,331.7602,6369.7955,0.05007491,1459.7448,1337.1644,5175.4588,5298.0391,0.04068586,0.04164951,0.00208645,29.8814,40.3832,2.3265,127.6001,7.3643,2446.2564,54.8462,43.4275,28.3160,5.1431,12.8578,28.9875,66.8604,128.5777,263.3173,7.8995,-2.6176,10.0,20.479237,2.324,28,180,56,8,0.15055597,0.05216136,0.11437665,0E-8,0.000000,0.905409,0.000000,-0.07324236,2026-03-22,2026-08-06,52,901,524,138,0.376812,1.533674,1.453326,0.501853,,,,,,,,GLOBAL_BASELINE_NO_ENTITY_RANKING,,,NOT_APPLICABLE_GLOBAL_BASELINE,HF9g-P5,,,,X 全窗基线 · 不参与实体赏罚,14191829,1420,A168_HF9F_20260827_0900,2026-08-27 09:00:00
2026-07-28,128173484,550,0,15.4906668732,-2.5817778122,-2.5817778122,0E-7,2,1,0.43466065000000000,0.290680550000,-0.8768404069259229,-0.6401578158977228,-0.8768404069259229,0.14398010000000000,ELIGIBLE,R03b_20260811_FULL_v1,L1_ELIGIBILITY,v2026-08-11,2026-03-21..2026-08-06,baccarat_bet02_101_all_pairs_incl_sentinel,round_win = game_pnl > 0 (decisive only),COMPATIBILITY_ONLY_NOT_PRODUCTION,127205.3315,115172.8122,6635.2036,4257,2852,-0.05216136,-0.11437665,-0.04113429,-0.05216136,-6635.2036,127205.3315,OK,0.0000,265.4081,4.0000,96.0000,AG03-UNRESOLVED,ALL5_LEVELS_bet23_to_bet27,265.4081,265.4081,265.4081,331.7602,331.7602,4.000000,4.000000,4.000000,5.000000,5.000000,96.000000,96.000000,96.000000,95.000000,95.000000,5.0,1459.7448,1337.1644,5175.4588,5298.0391,PENDING_AG03,FALSE,NOT_FOR_ENFORCEMENT,6369.7955,110565.8997,6635.2036,6369.7955,265.4081,0.05216136,0.05007491,265.4081,6369.7955,0.05007491,265.4081,265.4081,265.4081,331.7602,331.7602,6369.7955,0.05007491,1459.7448,1337.1644,5175.4588,5298.0391,0.04068586,0.04164951,0.00208645,29.8814,40.3832,2.3265,127.6001,7.3643,2446.2564,54.8462,43.4275,28.3160,5.1431,12.8578,28.9875,66.8604,128.5777,263.3173,7.8995,-2.6176,10.0,20.479237,2.324,28,180,56,8,0.15055597,0.05216136,0.11437665,0E-8,0.000000,0.905409,0.000000,-0.07324236,2026-03-22,2026-08-06,52,901,524,138,0.376812,1.533674,1.453326,0.501853,,,,,,,,GLOBAL_BASELINE_NO_ENTITY_RANKING,,,NOT_APPLICABLE_GLOBAL_BASELINE,HF9g-P5,,,,X 全窗基线 · 不参与实体赏罚,14191830,1420,A168_HF9F_20260827_0900,2026-08-27 09:00:00
2026-07-31,128173484,1299,0,353.7035602716,-69.7080009295,-69.7080009295,0.5000000,4,3,0.48057989766083036,0.427954033333,0.05496982254947565,0.20592574450589915,0.05496982254947565,0.05262586432783036,ELIGIBLE,R03b_20260811_FULL_v1,L1_ELIGIBILITY,v2026-08-11,2026-03-21..2026-08-06,baccarat_bet02_101_all_pairs_incl_sentinel,round_win = game_pnl > 0 (decisive only),COMPATIBILITY_ONLY_NOT_PRODUCTION,127205.3315,115172.8122,6635.2036,4257,2852,-0.05216136,-0.11437665,-0.04113429,-0.05216136,-6635.2036,127205.3315,OK,0.0000,265.4081,4.0000,96.0000,AG03-UNRESOLVED,ALL5_LEVELS_bet23_to_bet27,265.4081,265.4081,265.4081,331.7602,331.7602,4.000000,4.000000,4.000000,5.000000,5.000000,96.000000,96.000000,96.000000,95.000000,95.000000,5.0,1459.7448,1337.1644,5175.4588,5298.0391,PENDING_AG03,FALSE,NOT_FOR_ENFORCEMENT,6369.7955,110565.8997,6635.2036,6369.7955,265.4081,0.05216136,0.05007491,265.4081,6369.7955,0.05007491,265.4081,265.4081,265.4081,331.7602,331.7602,6369.7955,0.05007491,1459.7448,1337.1644,5175.4588,5298.0391,0.04068586,0.04164951,0.00208645,29.8814,40.3832,2.3265,127.6001,7.3643,2446.2564,54.8462,43.4275,28.3160,5.1431,12.8578,28.9875,66.8604,128.5777,263.3173,7.8995,-2.6176,10.0,20.479237,2.324,28,180,56,8,0.15055597,0.05216136,0.11437665,0E-8,0.000000,0.905409,0.000000,-0.07324236,2026-03-22,2026-08-06,52,901,524,138,0.376812,1.533674,1.453326,0.501853,,,,,,,,GLOBAL_BASELINE_NO_ENTITY_RANKING,,,NOT_APPLICABLE_GLOBAL_BASELINE,HF9g-P5,,,,X 全窗基线 · 不参与实体赏罚,14191831,1420,A168_HF9F_20260827_0900,2026-08-27 09:00:00
2026-07-31,128173484,1306,0,756.4608989749,-163.2974466215,-163.2974466215,0.4285714,10,7,0.47515393857143055,0.411682892857,-0.24679637015872538,0.09079331388129284,-0.24679637015872538,0.06347104571443055,ELIGIBLE,R03b_20260811_FULL_v1,L1_ELIGIBILITY,v2026-08-11,2026-03-21..2026-08-06,baccarat_bet02_101_all_pairs_incl_sentinel,round_win = game_pnl > 0 (decisive only),COMPATIBILITY_ONLY_NOT_PRODUCTION,127205.3315,115172.8122,6635.2036,4257,2852,-0.05216136,-0.11437665,-0.04113429,-0.05216136,-6635.2036,127205.3315,OK,0.0000,265.4081,4.0000,96.0000,AG03-UNRESOLVED,ALL5_LEVELS_bet23_to_bet27,265.4081,265.4081,265.4081,331.7602,331.7602,4.000000,4.000000,4.000000,5.000000,5.000000,96.000000,96.000000,96.000000,95.000000,95.000000,5.0,1459.7448,1337.1644,5175.4588,5298.0391,PENDING_AG03,FALSE,NOT_FOR_ENFORCEMENT,6369.7955,110565.8997,6635.2036,6369.7955,265.4081,0.05216136,0.05007491,265.4081,6369.7955,0.05007491,265.4081,265.4081,265.4081,331.7602,331.7602,6369.7955,0.05007491,1459.7448,1337.1644,5175.4588,5298.0391,0.04068586,0.04164951,0.00208645,29.8814,40.3832,2.3265,127.6001,7.3643,2446.2564,54.8462,43.4275,28.3160,5.1431,12.8578,28.9875,66.8604,128.5777,263.3173,7.8995,-2.6176,10.0,20.479237,2.324,28,180,56,8,0.15055597,0.05216136,0.11437665,0E-8,0.000000,0.905409,0.000000,-0.07324236,2026-03-22,2026-08-06,52,901,524,138,0.376812,1.533674,1.453326,0.501853,,,,,,,,GLOBAL_BASELINE_NO_ENTITY_RANKING,,,NOT_APPLICABLE_GLOBAL_BASELINE,HF9g-P5,,,,X 全窗基线 · 不参与实体赏罚,14191832,1420,A168_HF9F_20260827_0900,2026-08-27 09:00:00
2026-07-31,128173484,1331,0,1063.6924586270,580.2545632923,580.2545632923,0.7142857,10,7,0.48585155964286259,0.410262007143,1.2092441542617478,1.6352955933175264,1.2092441542617478,0.07558955249986259,ELIGIBLE,R03b_20260811_FULL_v1,L1_ELIGIBILITY,v2026-08-11,2026-03-21..2026-08-06,baccarat_bet02_101_all_pairs_incl_sentinel,round_win = game_pnl > 0 (decisive only),COMPATIBILITY_ONLY_NOT_PRODUCTION,127205.3315,115172.8122,6635.2036,4257,2852,-0.05216136,-0.11437665,-0.04113429,-0.05216136,-6635.2036,127205.3315,OK,0.0000,265.4081,4.0000,96.0000,AG03-UNRESOLVED,ALL5_LEVELS_bet23_to_bet27,265.4081,265.4081,265.4081,331.7602,331.7602,4.000000,4.000000,4.000000,5.000000,5.000000,96.000000,96.000000,96.000000,95.000000,95.000000,5.0,1459.7448,1337.1644,5175.4588,5298.0391,PENDING_AG03,FALSE,NOT_FOR_ENFORCEMENT,6369.7955,110565.8997,6635.2036,6369.7955,265.4081,0.05216136,0.05007491,265.4081,6369.7955,0.05007491,265.4081,265.4081,265.4081,331.7602,331.7602,6369.7955,0.05007491,1459.7448,1337.1644,5175.4588,5298.0391,0.04068586,0.04164951,0.00208645,29.8814,40.3832,2.3265,127.6001,7.3643,2446.2564,54.8462,43.4275,28.3160,5.1431,12.8578,28.9875,66.8604,128.5777,263.3173,7.8995,-2.6176,10.0,20.479237,2.324,28,180,56,8,0.15055597,0.05216136,0.11437665,0E-8,0.000000,0.905409,0.000000,-0.07324236,2026-03-22,2026-08-06,52,901,524,138,0.376812,1.533674,1.453326,0.501853,,,,,,,,GLOBAL_BASELINE_NO_ENTITY_RANKING,,,NOT_APPLICABLE_GLOBAL_BASELINE,HF9g-P5,,,,X 全窗基线 · 不参与实体赏罚,14191833,1420,A168_HF9F_20260827_0900,2026-08-27 09:00:00
2026-07-31,128173484,1384,0,451.8111171352,-96.8166679575,-96.8166679575,0.5000000,4,2,0.48865706290322978,0.425723850000,0.03209092980220017,0.2124418143572207,0.03209092980220017,0.06293321290322978,ELIGIBLE,R03b_20260811_FULL_v1,L1_ELIGIBILITY,v2026-08-11,2026-03-21..2026-08-06,baccarat_bet02_101_all_pairs_incl_sentinel,round_win = game_pnl > 0 (decisive only),COMPATIBILITY_ONLY_NOT_PRODUCTION,127205.3315,115172.8122,6635.2036,4257,2852,-0.05216136,-0.11437665,-0.04113429,-0.05216136,-6635.2036,127205.3315,OK,0.0000,265.4081,4.0000,96.0000,AG03-UNRESOLVED,ALL5_LEVELS_bet23_to_bet27,265.4081,265.4081,265.4081,331.7602,331.7602,4.000000,4.000000,4.000000,5.000000,5.000000,96.000000,96.000000,96.000000,95.000000,95.000000,5.0,1459.7448,1337.1644,5175.4588,5298.0391,PENDING_AG03,FALSE,NOT_FOR_ENFORCEMENT,6369.7955,110565.8997,6635.2036,6369.7955,265.4081,0.05216136,0.05007491,265.4081,6369.7955,0.05007491,265.4081,265.4081,265.4081,331.7602,331.7602,6369.7955,0.05007491,1459.7448,1337.1644,5175.4588,5298.0391,0.04068586,0.04164951,0.00208645,29.8814,40.3832,2.3265,127.6001,7.3643,2446.2564,54.8462,43.4275,28.3160,5.1431,12.8578,28.9875,66.8604,128.5777,263.3173,7.8995,-2.6176,10.0,20.479237,2.324,28,180,56,8,0.15055597,0.05216136,0.11437665,0E-8,0.000000,0.905409,0.000000,-0.07324236,2026-03-22,2026-08-06,52,901,524,138,0.376812,1.533674,1.453326,0.501853,,,,,,,,GLOBAL_BASELINE_NO_ENTITY_RANKING,,,NOT_APPLICABLE_GLOBAL_BASELINE,HF9g-P5,,,,X 全窗基线 · 不参与实体赏罚,14191834,1420,A168_HF9F_20260827_0900,2026-08-27 09:00:00
2026-07-31,128173484,1646,0,490.5377843182,-413.0844499522,-413.0844499522,0E-7,4,3,0.49387724375000402,0.435741850000,-0.9878285539950779,-0.8787709993043631,-0.9878285539950779,0.05813539375000402,ELIGIBLE,R03b_20260811_FULL_v1,L1_ELIGIBILITY,v2026-08-11,2026-03-21..2026-08-06,baccarat_bet02_101_all_pairs_incl_sentinel,round_win = game_pnl > 0 (decisive only),COMPATIBILITY_ONLY_NOT_PRODUCTION,127205.3315,115172.8122,6635.2036,4257,2852,-0.05216136,-0.11437665,-0.04113429,-0.05216136,-6635.2036,127205.3315,OK,0.0000,265.4081,4.0000,96.0000,AG03-UNRESOLVED,ALL5_LEVELS_bet23_to_bet27,265.4081,265.4081,265.4081,331.7602,331.7602,4.000000,4.000000,4.000000,5.000000,5.000000,96.000000,96.000000,96.000000,95.000000,95.000000,5.0,1459.7448,1337.1644,5175.4588,5298.0391,PENDING_AG03,FALSE,NOT_FOR_ENFORCEMENT,6369.7955,110565.8997,6635.2036,6369.7955,265.4081,0.05216136,0.05007491,265.4081,6369.7955,0.05007491,265.4081,265.4081,265.4081,331.7602,331.7602,6369.7955,0.05007491,1459.7448,1337.1644,5175.4588,5298.0391,0.04068586,0.04164951,0.00208645,29.8814,40.3832,2.3265,127.6001,7.3643,2446.2564,54.8462,43.4275,28.3160,5.1431,12.8578,28.9875,66.8604,128.5777,263.3173,7.8995,-2.6176,10.0,20.479237,2.324,28,180,56,8,0.15055597,0.05216136,0.11437665,0E-8,0.000000,0.905409,0.000000,-0.07324236,2026-03-22,2026-08-06,52,901,524,138,0.376812,1.533674,1.453326,0.501853,,,,,,,,GLOBAL_BASELINE_NO_ENTITY_RANKING,,,NOT_APPLICABLE_GLOBAL_BASELINE,HF9g-P5,,,,X 全窗基线 · 不参与实体赏罚,14191835,1420,A168_HF9F_20260827_0900,2026-08-27 09:00:00
2026-07-31,128173484,1942,0,259.4686701262,-207.8331138822,-207.8331138822,0E-7,5,3,0.45457928680927767,0.359283400000,-1.5812467116659794,-1.2970186332471205,-1.5812467116659794,0.09529588680927767,ELIGIBLE,R03b_20260811_FULL_v1,L1_ELIGIBILITY,v2026-08-11,2026-03-21..2026-08-06,baccarat_bet02_101_all_pairs_incl_sentinel,round_win = game_pnl > 0 (decisive only),COMPATIBILITY_ONLY_NOT_PRODUCTION,127205.3315,115172.8122,6635.2036,4257,2852,-0.05216136,-0.11437665,-0.04113429,-0.05216136,-6635.2036,127205.3315,OK,0.0000,265.4081,4.0000,96.0000,AG03-UNRESOLVED,ALL5_LEVELS_bet23_to_bet27,265.4081,265.4081,265.4081,331.7602,331.7602,4.000000,4.000000,4.000000,5.000000,5.000000,96.000000,96.000000,96.000000,95.000000,95.000000,5.0,1459.7448,1337.1644,5175.4588,5298.0391,PENDING_AG03,FALSE,NOT_FOR_ENFORCEMENT,6369.7955,110565.8997,6635.2036,6369.7955,265.4081,0.05216136,0.05007491,265.4081,6369.7955,0.05007491,265.4081,265.4081,265.4081,331.7602,331.7602,6369.7955,0.05007491,1459.7448,1337.1644,5175.4588,5298.0391,0.04068586,0.04164951,0.00208645,29.8814,40.3832,2.3265,127.6001,7.3643,2446.2564,54.8462,43.4275,28.3160,5.1431,12.8578,28.9875,66.8604,128.5777,263.3173,7.8995,-2.6176,10.0,20.479237,2.324,28,180,56,8,0.15055597,0.05216136,0.11437665,0E-8,0.000000,0.905409,0.000000,-0.07324236,2026-03-22,2026-08-06,52,901,524,138,0.376812,1.533674,1.453326,0.501853,,,,,,,,GLOBAL_BASELINE_NO_ENTITY_RANKING,,,NOT_APPLICABLE_GLOBAL_BASELINE,HF9g-P5,,,,X 全窗基线 · 不参与实体赏罚,14191836,1420,A168_HF9F_20260827_0900,2026-08-27 09:00:00
2026-07-31,128173484,2212,0,219.4511140371,187.1788913846,187.1788913846,1.0000000,3,2,0.47005101428571429,0.395308300000,1.5016182345474125,1.7490975646205589,1.5016182345474125,0.07474271428571429,ELIGIBLE,R03b_20260811_FULL_v1,L1_ELIGIBILITY,v2026-08-11,2026-03-21..2026-08-06,baccarat_bet02_101_all_pairs_incl_sentinel,round_win = game_pnl > 0 (decisive only),COMPATIBILITY_ONLY_NOT_PRODUCTION,127205.3315,115172.8122,6635.2036,4257,2852,-0.05216136,-0.11437665,-0.04113429,-0.05216136,-6635.2036,127205.3315,OK,0.0000,265.4081,4.0000,96.0000,AG03-UNRESOLVED,ALL5_LEVELS_bet23_to_bet27,265.4081,265.4081,265.4081,331.7602,331.7602,4.000000,4.000000,4.000000,5.000000,5.000000,96.000000,96.000000,96.000000,95.000000,95.000000,5.0,1459.7448,1337.1644,5175.4588,5298.0391,PENDING_AG03,FALSE,NOT_FOR_ENFORCEMENT,6369.7955,110565.8997,6635.2036,6369.7955,265.4081,0.05216136,0.05007491,265.4081,6369.7955,0.05007491,265.4081,265.4081,265.4081,331.7602,331.7602,6369.7955,0.05007491,1459.7448,1337.1644,5175.4588,5298.0391,0.04068586,0.04164951,0.00208645,29.8814,40.3832,2.3265,127.6001,7.3643,2446.2564,54.8462,43.4275,28.3160,5.1431,12.8578,28.9875,66.8604,128.5777,263.3173,7.8995,-2.6176,10.0,20.479237,2.324,28,180,56,8,0.15055597,0.05216136,0.11437665,0E-8,0.000000,0.905409,0.000000,-0.07324236,2026-03-22,2026-08-06,52,901,524,138,0.376812,1.533674,1.453326,0.501853,,,,,,,,GLOBAL_BASELINE_NO_ENTITY_RANKING,,,NOT_APPLICABLE_GLOBAL_BASELINE,HF9g-P5,,,,X 全窗基线 · 不参与实体赏罚,14191837,1420,A168_HF9F_20260827_0900,2026-08-27 09:00:00
2026-07-31,128173484,2250,0,64.5444453050,-51.6355562440,-51.6355562440,0E-7,2,2,0.49324550000000000,0.493245500000,-0.9865810262130424,-0.9865810262130424,-0.9865810262130424,0E-17,ELIGIBLE,R03b_20260811_FULL_v1,L1_ELIGIBILITY,v2026-08-11,2026-03-21..2026-08-06,baccarat_bet02_101_all_pairs_incl_sentinel,round_win = game_pnl > 0 (decisive only),COMPATIBILITY_ONLY_NOT_PRODUCTION,127205.3315,115172.8122,6635.2036,4257,2852,-0.05216136,-0.11437665,-0.04113429,-0.05216136,-6635.2036,127205.3315,OK,0.0000,265.4081,4.0000,96.0000,AG03-UNRESOLVED,ALL5_LEVELS_bet23_to_bet27,265.4081,265.4081,265.4081,331.7602,331.7602,4.000000,4.000000,4.000000,5.000000,5.000000,96.000000,96.000000,96.000000,95.000000,95.000000,5.0,1459.7448,1337.1644,5175.4588,5298.0391,PENDING_AG03,FALSE,NOT_FOR_ENFORCEMENT,6369.7955,110565.8997,6635.2036,6369.7955,265.4081,0.05216136,0.05007491,265.4081,6369.7955,0.05007491,265.4081,265.4081,265.4081,331.7602,331.7602,6369.7955,0.05007491,1459.7448,1337.1644,5175.4588,5298.0391,0.04068586,0.04164951,0.00208645,29.8814,40.3832,2.3265,127.6001,7.3643,2446.2564,54.8462,43.4275,28.3160,5.1431,12.8578,28.9875,66.8604,128.5777,263.3173,7.8995,-2.6176,10.0,20.479237,2.324,28,180,56,8,0.15055597,0.05216136,0.11437665,0E-8,0.000000,0.905409,0.000000,-0.07324236,2026-03-22,2026-08-06,52,901,524,138,0.376812,1.533674,1.453326,0.501853,,,,,,,,GLOBAL_BASELINE_NO_ENTITY_RANKING,,,NOT_APPLICABLE_GLOBAL_BASELINE,HF9g-P5,,,,X 全窗基线 · 不参与实体赏罚,14191838,1420,A168_HF9F_20260827_0900,2026-08-27 09:00:00
2026-07-31,128173484,2271,0,198.7968915394,-121.3435571734,-121.3435571734,0.2500000,6,4,0.46272555833333333,0.388605700000,-0.8532765945276971,-0.5687164760289168,-0.8532765945276971,0.07411985833333333,ELIGIBLE,R03b_20260811_FULL_v1,L1_ELIGIBILITY,v2026-08-11,2026-03-21..2026-08-06,baccarat_bet02_101_all_pairs_incl_sentinel,round_win = game_pnl > 0 (decisive only),COMPATIBILITY_ONLY_NOT_PRODUCTION,127205.3315,115172.8122,6635.2036,4257,2852,-0.05216136,-0.11437665,-0.04113429,-0.05216136,-6635.2036,127205.3315,OK,0.0000,265.4081,4.0000,96.0000,AG03-UNRESOLVED,ALL5_LEVELS_bet23_to_bet27,265.4081,265.4081,265.4081,331.7602,331.7602,4.000000,4.000000,4.000000,5.000000,5.000000,96.000000,96.000000,96.000000,95.000000,95.000000,5.0,1459.7448,1337.1644,5175.4588,5298.0391,PENDING_AG03,FALSE,NOT_FOR_ENFORCEMENT,6369.7955,110565.8997,6635.2036,6369.7955,265.4081,0.05216136,0.05007491,265.4081,6369.7955,0.05007491,265.4081,265.4081,265.4081,331.7602,331.7602,6369.7955,0.05007491,1459.7448,1337.1644,5175.4588,5298.0391,0.04068586,0.04164951,0.00208645,29.8814,40.3832,2.3265,127.6001,7.3643,2446.2564,54.8462,43.4275,28.3160,5.1431,12.8578,28.9875,66.8604,128.5777,263.3173,7.8995,-2.6176,10.0,20.479237,2.324,28,180,56,8,0.15055597,0.05216136,0.11437665,0E-8,0.000000,0.905409,0.000000,-0.07324236,2026-03-22,2026-08-06,52,901,524,138,0.376812,1.533674,1.453326,0.501853,,,,,,,,GLOBAL_BASELINE_NO_ENTITY_RANKING,,,NOT_APPLICABLE_GLOBAL_BASELINE,HF9g-P5,,,,X 全窗基线 · 不参与实体赏罚,14191839,1420,A168_HF9F_20260827_0900,2026-08-27 09:00:00
2026-07-31,128173484,919,0,980.5592130741,-829.5252110604,-829.5252110604,0.2000000,6,5,0.49915892000000528,0.465445910000,-1.337881255268257,-1.1899551767325593,-1.337881255268257,0.03371301000000528,ELIGIBLE,R03b_20260811_FULL_v1,L1_ELIGIBILITY,v2026-08-11,2026-03-21..2026-08-06,baccarat_bet02_101_all_pairs_incl_sentinel,round_win = game_pnl > 0 (decisive only),COMPATIBILITY_ONLY_NOT_PRODUCTION,127205.3315,115172.8122,6635.2036,4257,2852,-0.05216136,-0.11437665,-0.04113429,-0.05216136,-6635.2036,127205.3315,OK,0.0000,265.4081,4.0000,96.0000,AG03-UNRESOLVED,ALL5_LEVELS_bet23_to_bet27,265.4081,265.4081,265.4081,331.7602,331.7602,4.000000,4.000000,4.000000,5.000000,5.000000,96.000000,96.000000,96.000000,95.000000,95.000000,5.0,1459.7448,1337.1644,5175.4588,5298.0391,PENDING_AG03,FALSE,NOT_FOR_ENFORCEMENT,6369.7955,110565.8997,6635.2036,6369.7955,265.4081,0.05216136,0.05007491,265.4081,6369.7955,0.05007491,265.4081,265.4081,265.4081,331.7602,331.7602,6369.7955,0.05007491,1459.7448,1337.1644,5175.4588,5298.0391,0.04068586,0.04164951,0.00208645,29.8814,40.3832,2.3265,127.6001,7.3643,2446.2564,54.8462,43.4275,28.3160,5.1431,12.8578,28.9875,66.8604,128.5777,263.3173,7.8995,-2.6176,10.0,20.479237,2.324,28,180,56,8,0.15055597,0.05216136,0.11437665,0E-8,0.000000,0.905409,0.000000,-0.07324236,2026-03-22,2026-08-06,52,901,524,138,0.376812,1.533674,1.453326,0.501853,,,,,,,,GLOBAL_BASELINE_NO_ENTITY_RANKING,,,NOT_APPLICABLE_GLOBAL_BASELINE,HF9g-P5,,,,X 全窗基线 · 不参与实体赏罚,14191840,1420,A168_HF9F_20260827_0900,2026-08-27 09:00:00
2026-07-31,128173484,925,0,336.6638267111,-34.5958226835,-34.5958226835,0.5000000,5,4,0.49612507897111287,0.452658162500,0.015500149592432415,0.19022193934263623,0.015500149592432415,0.04346691647111287,ELIGIBLE,R03b_20260811_FULL_v1,L1_ELIGIBILITY,v2026-08-11,2026-03-21..2026-08-06,baccarat_bet02_101_all_pairs_incl_sentinel,round_win = game_pnl > 0 (decisive only),COMPATIBILITY_ONLY_NOT_PRODUCTION,127205.3315,115172.8122,6635.2036,4257,2852,-0.05216136,-0.11437665,-0.04113429,-0.05216136,-6635.2036,127205.3315,OK,0.0000,265.4081,4.0000,96.0000,AG03-UNRESOLVED,ALL5_LEVELS_bet23_to_bet27,265.4081,265.4081,265.4081,331.7602,331.7602,4.000000,4.000000,4.000000,5.000000,5.000000,96.000000,96.000000,96.000000,95.000000,95.000000,5.0,1459.7448,1337.1644,5175.4588,5298.0391,PENDING_AG03,FALSE,NOT_FOR_ENFORCEMENT,6369.7955,110565.8997,6635.2036,6369.7955,265.4081,0.05216136,0.05007491,265.4081,6369.7955,0.05007491,265.4081,265.4081,265.4081,331.7602,331.7602,6369.7955,0.05007491,1459.7448,1337.1644,5175.4588,5298.0391,0.04068586,0.04164951,0.00208645,29.8814,40.3832,2.3265,127.6001,7.3643,2446.2564,54.8462,43.4275,28.3160,5.1431,12.8578,28.9875,66.8604,128.5777,263.3173,7.8995,-2.6176,10.0,20.479237,2.324,28,180,56,8,0.15055597,0.05216136,0.11437665,0E-8,0.000000,0.905409,0.000000,-0.07324236,2026-03-22,2026-08-06,52,901,524,138,0.376812,1.533674,1.453326,0.501853,,,,,,,,GLOBAL_BASELINE_NO_ENTITY_RANKING,,,NOT_APPLICABLE_GLOBAL_BASELINE,HF9g-P5,,,,X 全窗基线 · 不参与实体赏罚,14191841,1420,A168_HF9F_20260827_0900,2026-08-27 09:00:00
2026-07-31,128173484,970,0,296.9044484031,-79.3896677251,-79.3896677251,0.2500000,8,5,0.46222111786667493,0.371701710000,-0.851318026696188,-0.5036704336042682,-0.851318026696188,0.09051940786667493,ELIGIBLE,R03b_20260811_FULL_v1,L1_ELIGIBILITY,v2026-08-11,2026-03-21..2026-08-06,baccarat_bet02_101_all_pairs_incl_sentinel,round_win = game_pnl > 0 (decisive only),COMPATIBILITY_ONLY_NOT_PRODUCTION,127205.3315,115172.8122,6635.2036,4257,2852,-0.05216136,-0.11437665,-0.04113429,-0.05216136,-6635.2036,127205.3315,OK,0.0000,265.4081,4.0000,96.0000,AG03-UNRESOLVED,ALL5_LEVELS_bet23_to_bet27,265.4081,265.4081,265.4081,331.7602,331.7602,4.000000,4.000000,4.000000,5.000000,5.000000,96.000000,96.000000,96.000000,95.000000,95.000000,5.0,1459.7448,1337.1644,5175.4588,5298.0391,PENDING_AG03,FALSE,NOT_FOR_ENFORCEMENT,6369.7955,110565.8997,6635.2036,6369.7955,265.4081,0.05216136,0.05007491,265.4081,6369.7955,0.05007491,265.4081,265.4081,265.4081,331.7602,331.7602,6369.7955,0.05007491,1459.7448,1337.1644,5175.4588,5298.0391,0.04068586,0.04164951,0.00208645,29.8814,40.3832,2.3265,127.6001,7.3643,2446.2564,54.8462,43.4275,28.3160,5.1431,12.8578,28.9875,66.8604,128.5777,263.3173,7.8995,-2.6176,10.0,20.479237,2.324,28,180,56,8,0.15055597,0.05216136,0.11437665,0E-8,0.000000,0.905409,0.000000,-0.07324236,2026-03-22,2026-08-06,52,901,524,138,0.376812,1.533674,1.453326,0.501853,,,,,,,,GLOBAL_BASELINE_NO_ENTITY_RANKING,,,NOT_APPLICABLE_GLOBAL_BASELINE,HF9g-P5,,,,X 全窗基线 · 不参与实体赏罚,14191842,1420,A168_HF9F_20260827_0900,2026-08-27 09:00:00
2026-08-06,128173484,-1,1,10.2740605656,20.5481211312,20.5481211312,1.0000000,2,1,0.38860570000000000,0.283965900000,1.2543135374669525,1.587938788024013,1.2543135374669525,0.10463980000000000,SENTINEL_DEALER,R03b_20260811_FULL_v1,L1_ELIGIBILITY,v2026-08-11,2026-03-21..2026-08-06,baccarat_bet02_101_all_pairs_incl_sentinel,round_win = game_pnl > 0 (decisive only),COMPATIBILITY_ONLY_NOT_PRODUCTION,127205.3315,115172.8122,6635.2036,4257,2852,-0.05216136,-0.11437665,-0.04113429,-0.05216136,-6635.2036,127205.3315,OK,0.0000,265.4081,4.0000,96.0000,AG03-UNRESOLVED,ALL5_LEVELS_bet23_to_bet27,265.4081,265.4081,265.4081,331.7602,331.7602,4.000000,4.000000,4.000000,5.000000,5.000000,96.000000,96.000000,96.000000,95.000000,95.000000,5.0,1459.7448,1337.1644,5175.4588,5298.0391,PENDING_AG03,FALSE,NOT_FOR_ENFORCEMENT,6369.7955,110565.8997,6635.2036,6369.7955,265.4081,0.05216136,0.05007491,265.4081,6369.7955,0.05007491,265.4081,265.4081,265.4081,331.7602,331.7602,6369.7955,0.05007491,1459.7448,1337.1644,5175.4588,5298.0391,0.04068586,0.04164951,0.00208645,29.8814,40.3832,2.3265,127.6001,7.3643,2446.2564,54.8462,43.4275,28.3160,5.1431,12.8578,28.9875,66.8604,128.5777,263.3173,7.8995,-2.6176,10.0,20.479237,2.324,28,180,56,8,0.15055597,0.05216136,0.11437665,0E-8,0.000000,0.905409,0.000000,-0.07324236,2026-03-22,2026-08-06,52,901,524,138,0.376812,1.533674,1.453326,0.501853,,,,,,,,GLOBAL_BASELINE_NO_ENTITY_RANKING,,,NOT_APPLICABLE_GLOBAL_BASELINE,HF9g-P5,,,,X 全窗基线 · 不参与实体赏罚,14191843,1420,A168_HF9F_20260827_0900,2026-08-27 09:00:00
2026-08-06,128173484,1323,0,2.5685151414,2.4400893843,2.4400893843,1.0000000,1,1,0.50665070000000000,0.506650700000,0.9867858985152569,0.9867858985152569,0.9867858985152569,0E-17,ELIGIBLE,R03b_20260811_FULL_v1,L1_ELIGIBILITY,v2026-08-11,2026-03-21..2026-08-06,baccarat_bet02_101_all_pairs_incl_sentinel,round_win = game_pnl > 0 (decisive only),COMPATIBILITY_ONLY_NOT_PRODUCTION,127205.3315,115172.8122,6635.2036,4257,2852,-0.05216136,-0.11437665,-0.04113429,-0.05216136,-6635.2036,127205.3315,OK,0.0000,265.4081,4.0000,96.0000,AG03-UNRESOLVED,ALL5_LEVELS_bet23_to_bet27,265.4081,265.4081,265.4081,331.7602,331.7602,4.000000,4.000000,4.000000,5.000000,5.000000,96.000000,96.000000,96.000000,95.000000,95.000000,5.0,1459.7448,1337.1644,5175.4588,5298.0391,PENDING_AG03,FALSE,NOT_FOR_ENFORCEMENT,6369.7955,110565.8997,6635.2036,6369.7955,265.4081,0.05216136,0.05007491,265.4081,6369.7955,0.05007491,265.4081,265.4081,265.4081,331.7602,331.7602,6369.7955,0.05007491,1459.7448,1337.1644,5175.4588,5298.0391,0.04068586,0.04164951,0.00208645,29.8814,40.3832,2.3265,127.6001,7.3643,2446.2564,54.8462,43.4275,28.3160,5.1431,12.8578,28.9875,66.8604,128.5777,263.3173,7.8995,-2.6176,10.0,20.479237,2.324,28,180,56,8,0.15055597,0.05216136,0.11437665,0E-8,0.000000,0.905409,0.000000,-0.07324236,2026-03-22,2026-08-06,52,901,524,138,0.376812,1.533674,1.453326,0.501853,,,,,,,,GLOBAL_BASELINE_NO_ENTITY_RANKING,,,NOT_APPLICABLE_GLOBAL_BASELINE,HF9g-P5,,,,X 全窗基线 · 不参与实体赏罚,14191844,1420,A168_HF9F_20260827_0900,2026-08-27 09:00:00
2026-08-06,128173484,1325,0,169.7788508464,15.1670819100,15.1670819100,0.6666667,5,4,0.47630313125000000,0.449306862500,0.6601804849129664,0.7568564272079978,0.6601804849129664,0.02699626875000000,ELIGIBLE,R03b_20260811_FULL_v1,L1_ELIGIBILITY,v2026-08-11,2026-03-21..2026-08-06,baccarat_bet02_101_all_pairs_incl_sentinel,round_win = game_pnl > 0 (decisive only),COMPATIBILITY_ONLY_NOT_PRODUCTION,127205.3315,115172.8122,6635.2036,4257,2852,-0.05216136,-0.11437665,-0.04113429,-0.05216136,-6635.2036,127205.3315,OK,0.0000,265.4081,4.0000,96.0000,AG03-UNRESOLVED,ALL5_LEVELS_bet23_to_bet27,265.4081,265.4081,265.4081,331.7602,331.7602,4.000000,4.000000,4.000000,5.000000,5.000000,96.000000,96.000000,96.000000,95.000000,95.000000,5.0,1459.7448,1337.1644,5175.4588,5298.0391,PENDING_AG03,FALSE,NOT_FOR_ENFORCEMENT,6369.7955,110565.8997,6635.2036,6369.7955,265.4081,0.05216136,0.05007491,265.4081,6369.7955,0.05007491,265.4081,265.4081,265.4081,331.7602,331.7602,6369.7955,0.05007491,1459.7448,1337.1644,5175.4588,5298.0391,0.04068586,0.04164951,0.00208645,29.8814,40.3832,2.3265,127.6001,7.3643,2446.2564,54.8462,43.4275,28.3160,5.1431,12.8578,28.9875,66.8604,128.5777,263.3173,7.8995,-2.6176,10.0,20.479237,2.324,28,180,56,8,0.15055597,0.05216136,0.11437665,0E-8,0.000000,0.905409,0.000000,-0.07324236,2026-03-22,2026-08-06,52,901,524,138,0.376812,1.533674,1.453326,0.501853,,,,,,,,GLOBAL_BASELINE_NO_ENTITY_RANKING,,,NOT_APPLICABLE_GLOBAL_BASELINE,HF9g-P5,,,,X 全窗基线 · 不参与实体赏罚,14191845,1420,A168_HF9F_20260827_0900,2026-08-27 09:00:00
2026-08-06,128173484,1374,0,282.7935170678,66.2548480723,66.2548480723,0.8000000,7,6,0.49465235833333333,0.470655675000,1.3656342761336397,1.4754157188522596,1.3656342761336397,0.02399668333333333,ELIGIBLE,R03b_20260811_FULL_v1,L1_ELIGIBILITY,v2026-08-11,2026-03-21..2026-08-06,baccarat_bet02_101_all_pairs_incl_sentinel,round_win = game_pnl > 0 (decisive only),COMPATIBILITY_ONLY_NOT_PRODUCTION,127205.3315,115172.8122,6635.2036,4257,2852,-0.05216136,-0.11437665,-0.04113429,-0.05216136,-6635.2036,127205.3315,OK,0.0000,265.4081,4.0000,96.0000,AG03-UNRESOLVED,ALL5_LEVELS_bet23_to_bet27,265.4081,265.4081,265.4081,331.7602,331.7602,4.000000,4.000000,4.000000,5.000000,5.000000,96.000000,96.000000,96.000000,95.000000,95.000000,5.0,1459.7448,1337.1644,5175.4588,5298.0391,PENDING_AG03,FALSE,NOT_FOR_ENFORCEMENT,6369.7955,110565.8997,6635.2036,6369.7955,265.4081,0.05216136,0.05007491,265.4081,6369.7955,0.05007491,265.4081,265.4081,265.4081,331.7602,331.7602,6369.7955,0.05007491,1459.7448,1337.1644,5175.4588,5298.0391,0.04068586,0.04164951,0.00208645,29.8814,40.3832,2.3265,127.6001,7.3643,2446.2564,54.8462,43.4275,28.3160,5.1431,12.8578,28.9875,66.8604,128.5777,263.3173,7.8995,-2.6176,10.0,20.479237,2.324,28,180,56,8,0.15055597,0.05216136,0.11437665,0E-8,0.000000,0.905409,0.000000,-0.07324236,2026-03-22,2026-08-06,52,901,524,138,0.376812,1.533674,1.453326,0.501853,,,,,,,,GLOBAL_BASELINE_NO_ENTITY_RANKING,,,NOT_APPLICABLE_GLOBAL_BASELINE,HF9g-P5,,,,X 全窗基线 · 不参与实体赏罚,14191846,1420,A168_HF9F_20260827_0900,2026-08-27 09:00:00
2026-08-06,128173484,1710,0,24.4008938433,11.4298923792,11.4298923792,0.7500000,5,4,0.49899058571428572,0.498272450000,1.0040397032115884,1.0069162101578184,1.0040397032115884,0.00071813571428572,ELIGIBLE,R03b_20260811_FULL_v1,L1_ELIGIBILITY,v2026-08-11,2026-03-21..2026-08-06,baccarat_bet02_101_all_pairs_incl_sentinel,round_win = game_pnl > 0 (decisive only),COMPATIBILITY_ONLY_NOT_PRODUCTION,127205.3315,115172.8122,6635.2036,4257,2852,-0.05216136,-0.11437665,-0.04113429,-0.05216136,-6635.2036,127205.3315,OK,0.0000,265.4081,4.0000,96.0000,AG03-UNRESOLVED,ALL5_LEVELS_bet23_to_bet27,265.4081,265.4081,265.4081,331.7602,331.7602,4.000000,4.000000,4.000000,5.000000,5.000000,96.000000,96.000000,96.000000,95.000000,95.000000,5.0,1459.7448,1337.1644,5175.4588,5298.0391,PENDING_AG03,FALSE,NOT_FOR_ENFORCEMENT,6369.7955,110565.8997,6635.2036,6369.7955,265.4081,0.05216136,0.05007491,265.4081,6369.7955,0.05007491,265.4081,265.4081,265.4081,331.7602,331.7602,6369.7955,0.05007491,1459.7448,1337.1644,5175.4588,5298.0391,0.04068586,0.04164951,0.00208645,29.8814,40.3832,2.3265,127.6001,7.3643,2446.2564,54.8462,43.4275,28.3160,5.1431,12.8578,28.9875,66.8604,128.5777,263.3173,7.8995,-2.6176,10.0,20.479237,2.324,28,180,56,8,0.15055597,0.05216136,0.11437665,0E-8,0.000000,0.905409,0.000000,-0.07324236,2026-03-22,2026-08-06,52,901,524,138,0.376812,1.533674,1.453326,0.501853,,,,,,,,GLOBAL_BASELINE_NO_ENTITY_RANKING,,,NOT_APPLICABLE_GLOBAL_BASELINE,HF9g-P5,,,,X 全窗基线 · 不参与实体赏罚,14191847,1420,A168_HF9F_20260827_0900,2026-08-27 09:00:00
2026-08-06,128173484,2101,0,113.7852207639,103.9221226209,103.9221226209,0.8333333,6,6,0.50218230000000000,0.502182300000,1.6223175713561095,1.6223175713561095,1.6223175713561095,0E-17,ELIGIBLE,R03b_20260811_FULL_v1,L1_ELIGIBILITY,v2026-08-11,2026-03-21..2026-08-06,baccarat_bet02_101_all_pairs_incl_sentinel,round_win = game_pnl > 0 (decisive only),COMPATIBILITY_ONLY_NOT_PRODUCTION,127205.3315,115172.8122,6635.2036,4257,2852,-0.05216136,-0.11437665,-0.04113429,-0.05216136,-6635.2036,127205.3315,OK,0.0000,265.4081,4.0000,96.0000,AG03-UNRESOLVED,ALL5_LEVELS_bet23_to_bet27,265.4081,265.4081,265.4081,331.7602,331.7602,4.000000,4.000000,4.000000,5.000000,5.000000,96.000000,96.000000,96.000000,95.000000,95.000000,5.0,1459.7448,1337.1644,5175.4588,5298.0391,PENDING_AG03,FALSE,NOT_FOR_ENFORCEMENT,6369.7955,110565.8997,6635.2036,6369.7955,265.4081,0.05216136,0.05007491,265.4081,6369.7955,0.05007491,265.4081,265.4081,265.4081,331.7602,331.7602,6369.7955,0.05007491,1459.7448,1337.1644,5175.4588,5298.0391,0.04068586,0.04164951,0.00208645,29.8814,40.3832,2.3265,127.6001,7.3643,2446.2564,54.8462,43.4275,28.3160,5.1431,12.8578,28.9875,66.8604,128.5777,263.3173,7.8995,-2.6176,10.0,20.479237,2.324,28,180,56,8,0.15055597,0.05216136,0.11437665,0E-8,0.000000,0.905409,0.000000,-0.07324236,2026-03-22,2026-08-06,52,901,524,138,0.376812,1.533674,1.453326,0.501853,,,,,,,,GLOBAL_BASELINE_NO_ENTITY_RANKING,,,NOT_APPLICABLE_GLOBAL_BASELINE,HF9g-P5,,,,X 全窗基线 · 不参与实体赏罚,14191848,1420,A168_HF9F_20260827_0900,2026-08-27 09:00:00
2026-08-06,128173484,2115,0,13.3562787353,-3.3390696838,-3.3390696838,0.5000000,3,2,0.43466065000000000,0.398665625000,0.1864060644665597,0.2926910081793089,0.1864060644665597,0.03599502500000000,ELIGIBLE,R03b_20260811_FULL_v1,L1_ELIGIBILITY,v2026-08-11,2026-03-21..2026-08-06,baccarat_bet02_101_all_pairs_incl_sentinel,round_win = game_pnl > 0 (decisive only),COMPATIBILITY_ONLY_NOT_PRODUCTION,127205.3315,115172.8122,6635.2036,4257,2852,-0.05216136,-0.11437665,-0.04113429,-0.05216136,-6635.2036,127205.3315,OK,0.0000,265.4081,4.0000,96.0000,AG03-UNRESOLVED,ALL5_LEVELS_bet23_to_bet27,265.4081,265.4081,265.4081,331.7602,331.7602,4.000000,4.000000,4.000000,5.000000,5.000000,96.000000,96.000000,96.000000,95.000000,95.000000,5.0,1459.7448,1337.1644,5175.4588,5298.0391,PENDING_AG03,FALSE,NOT_FOR_ENFORCEMENT,6369.7955,110565.8997,6635.2036,6369.7955,265.4081,0.05216136,0.05007491,265.4081,6369.7955,0.05007491,265.4081,265.4081,265.4081,331.7602,331.7602,6369.7955,0.05007491,1459.7448,1337.1644,5175.4588,5298.0391,0.04068586,0.04164951,0.00208645,29.8814,40.3832,2.3265,127.6001,7.3643,2446.2564,54.8462,43.4275,28.3160,5.1431,12.8578,28.9875,66.8604,128.5777,263.3173,7.8995,-2.6176,10.0,20.479237,2.324,28,180,56,8,0.15055597,0.05216136,0.11437665,0E-8,0.000000,0.905409,0.000000,-0.07324236,2026-03-22,2026-08-06,52,901,524,138,0.376812,1.533674,1.453326,0.501853,,,,,,,,GLOBAL_BASELINE_NO_ENTITY_RANKING,,,NOT_APPLICABLE_GLOBAL_BASELINE,HF9g-P5,,,,X 全窗基线 · 不参与实体赏罚,14191849,1420,A168_HF9F_20260827_0900,2026-08-27 09:00:00
2026-08-06,128173484,2117,0,5.1370302828,-5.1370302828,-5.1370302828,0E-7,1,1,0.49324550000000000,0.493245500000,-0.9865810262130424,-0.9865810262130424,-0.9865810262130424,0E-17,ELIGIBLE,R03b_20260811_FULL_v1,L1_ELIGIBILITY,v2026-08-11,2026-03-21..2026-08-06,baccarat_bet02_101_all_pairs_incl_sentinel,round_win = game_pnl > 0 (decisive only),COMPATIBILITY_ONLY_NOT_PRODUCTION,127205.3315,115172.8122,6635.2036,4257,2852,-0.05216136,-0.11437665,-0.04113429,-0.05216136,-6635.2036,127205.3315,OK,0.0000,265.4081,4.0000,96.0000,AG03-UNRESOLVED,ALL5_LEVELS_bet23_to_bet27,265.4081,265.4081,265.4081,331.7602,331.7602,4.000000,4.000000,4.000000,5.000000,5.000000,96.000000,96.000000,96.000000,95.000000,95.000000,5.0,1459.7448,1337.1644,5175.4588,5298.0391,PENDING_AG03,FALSE,NOT_FOR_ENFORCEMENT,6369.7955,110565.8997,6635.2036,6369.7955,265.4081,0.05216136,0.05007491,265.4081,6369.7955,0.05007491,265.4081,265.4081,265.4081,331.7602,331.7602,6369.7955,0.05007491,1459.7448,1337.1644,5175.4588,5298.0391,0.04068586,0.04164951,0.00208645,29.8814,40.3832,2.3265,127.6001,7.3643,2446.2564,54.8462,43.4275,28.3160,5.1431,12.8578,28.9875,66.8604,128.5777,263.3173,7.8995,-2.6176,10.0,20.479237,2.324,28,180,56,8,0.15055597,0.05216136,0.11437665,0E-8,0.000000,0.905409,0.000000,-0.07324236,2026-03-22,2026-08-06,52,901,524,138,0.376812,1.533674,1.453326,0.501853,,,,,,,,GLOBAL_BASELINE_NO_ENTITY_RANKING,,,NOT_APPLICABLE_GLOBAL_BASELINE,HF9g-P5,,,,X 全窗基线 · 不参与实体赏罚,14191850,1420,A168_HF9F_20260827_0900,2026-08-27 09:00:00
2026-08-06,128173484,2169,0,17.4659029615,-4.6233272545,-4.6233272545,0.3333333,4,4,0.50329940000000000,0.503299400000,-0.5887925454369916,-0.5887925454369916,-0.5887925454369916,0E-17,ELIGIBLE,R03b_20260811_FULL_v1,L1_ELIGIBILITY,v2026-08-11,2026-03-21..2026-08-06,baccarat_bet02_101_all_pairs_incl_sentinel,round_win = game_pnl > 0 (decisive only),COMPATIBILITY_ONLY_NOT_PRODUCTION,127205.3315,115172.8122,6635.2036,4257,2852,-0.05216136,-0.11437665,-0.04113429,-0.05216136,-6635.2036,127205.3315,OK,0.0000,265.4081,4.0000,96.0000,AG03-UNRESOLVED,ALL5_LEVELS_bet23_to_bet27,265.4081,265.4081,265.4081,331.7602,331.7602,4.000000,4.000000,4.000000,5.000000,5.000000,96.000000,96.000000,96.000000,95.000000,95.000000,5.0,1459.7448,1337.1644,5175.4588,5298.0391,PENDING_AG03,FALSE,NOT_FOR_ENFORCEMENT,6369.7955,110565.8997,6635.2036,6369.7955,265.4081,0.05216136,0.05007491,265.4081,6369.7955,0.05007491,265.4081,265.4081,265.4081,331.7602,331.7602,6369.7955,0.05007491,1459.7448,1337.1644,5175.4588,5298.0391,0.04068586,0.04164951,0.00208645,29.8814,40.3832,2.3265,127.6001,7.3643,2446.2564,54.8462,43.4275,28.3160,5.1431,12.8578,28.9875,66.8604,128.5777,263.3173,7.8995,-2.6176,10.0,20.479237,2.324,28,180,56,8,0.15055597,0.05216136,0.11437665,0E-8,0.000000,0.905409,0.000000,-0.07324236,2026-03-22,2026-08-06,52,901,524,138,0.376812,1.533674,1.453326,0.501853,,,,,,,,GLOBAL_BASELINE_NO_ENTITY_RANKING,,,NOT_APPLICABLE_GLOBAL_BASELINE,HF9g-P5,,,,X 全窗基线 · 不参与实体赏罚,14191851,1420,A168_HF9F_20260827_0900,2026-08-27 09:00:00
2026-08-06,128173484,2188,0,12.8425757070,-12.8425757070,-12.8425757070,0E-7,3,2,0.43018823333333334,0.395308300000,-1.2287925081560076,-1.1434467924800245,-1.2287925081560076,0.03487993333333334,ELIGIBLE,R03b_20260811_FULL_v1,L1_ELIGIBILITY,v2026-08-11,2026-03-21..2026-08-06,baccarat_bet02_101_all_pairs_incl_sentinel,round_win = game_pnl > 0 (decisive only),COMPATIBILITY_ONLY_NOT_PRODUCTION,127205.3315,115172.8122,6635.2036,4257,2852,-0.05216136,-0.11437665,-0.04113429,-0.05216136,-6635.2036,127205.3315,OK,0.0000,265.4081,4.0000,96.0000,AG03-UNRESOLVED,ALL5_LEVELS_bet23_to_bet27,265.4081,265.4081,265.4081,331.7602,331.7602,4.000000,4.000000,4.000000,5.000000,5.000000,96.000000,96.000000,96.000000,95.000000,95.000000,5.0,1459.7448,1337.1644,5175.4588,5298.0391,PENDING_AG03,FALSE,NOT_FOR_ENFORCEMENT,6369.7955,110565.8997,6635.2036,6369.7955,265.4081,0.05216136,0.05007491,265.4081,6369.7955,0.05007491,265.4081,265.4081,265.4081,331.7602,331.7602,6369.7955,0.05007491,1459.7448,1337.1644,5175.4588,5298.0391,0.04068586,0.04164951,0.00208645,29.8814,40.3832,2.3265,127.6001,7.3643,2446.2564,54.8462,43.4275,28.3160,5.1431,12.8578,28.9875,66.8604,128.5777,263.3173,7.8995,-2.6176,10.0,20.479237,2.324,28,180,56,8,0.15055597,0.05216136,0.11437665,0E-8,0.000000,0.905409,0.000000,-0.07324236,2026-03-22,2026-08-06,52,901,524,138,0.376812,1.533674,1.453326,0.501853,,,,,,,,GLOBAL_BASELINE_NO_ENTITY_RANKING,,,NOT_APPLICABLE_GLOBAL_BASELINE,HF9g-P5,,,,X 全窗基线 · 不参与实体赏罚,14191852,1420,A168_HF9F_20260827_0900,2026-08-27 09:00:00
2026-08-06,128173484,2196,0,1182.5443710990,-198.7260164898,-198.7260164898,0.3684211,29,19,0.47984680270702553,0.405774873684,-0.9721771917529785,-0.3315841425388539,-0.9721771917529785,0.07407192902302553,ELIGIBLE,R03b_20260811_FULL_v1,L1_ELIGIBILITY,v2026-08-11,2026-03-21..2026-08-06,baccarat_bet02_101_all_pairs_incl_sentinel,round_win = game_pnl > 0 (decisive only),COMPATIBILITY_ONLY_NOT_PRODUCTION,127205.3315,115172.8122,6635.2036,4257,2852,-0.05216136,-0.11437665,-0.04113429,-0.05216136,-6635.2036,127205.3315,OK,0.0000,265.4081,4.0000,96.0000,AG03-UNRESOLVED,ALL5_LEVELS_bet23_to_bet27,265.4081,265.4081,265.4081,331.7602,331.7602,4.000000,4.000000,4.000000,5.000000,5.000000,96.000000,96.000000,96.000000,95.000000,95.000000,5.0,1459.7448,1337.1644,5175.4588,5298.0391,PENDING_AG03,FALSE,NOT_FOR_ENFORCEMENT,6369.7955,110565.8997,6635.2036,6369.7955,265.4081,0.05216136,0.05007491,265.4081,6369.7955,0.05007491,265.4081,265.4081,265.4081,331.7602,331.7602,6369.7955,0.05007491,1459.7448,1337.1644,5175.4588,5298.0391,0.04068586,0.04164951,0.00208645,29.8814,40.3832,2.3265,127.6001,7.3643,2446.2564,54.8462,43.4275,28.3160,5.1431,12.8578,28.9875,66.8604,128.5777,263.3173,7.8995,-2.6176,10.0,20.479237,2.324,28,180,56,8,0.15055597,0.05216136,0.11437665,0E-8,0.000000,0.905409,0.000000,-0.07324236,2026-03-22,2026-08-06,52,901,524,138,0.376812,1.533674,1.453326,0.501853,,,,,,,,GLOBAL_BASELINE_NO_ENTITY_RANKING,,,NOT_APPLICABLE_GLOBAL_BASELINE,HF9g-P5,,,,X 全窗基线 · 不参与实体赏罚,14191853,1420,A168_HF9F_20260827_0900,2026-08-27 09:00:00
2026-08-06,128173484,2229,0,5.1370302828,0E-10,0E-10,,1,1,0.50665070000000000,0.506650700000,,,,0E-17,NO_DECISIVE_ROUND,R03b_20260811_FULL_v1,L1_ELIGIBILITY,v2026-08-11,2026-03-21..2026-08-06,baccarat_bet02_101_all_pairs_incl_sentinel,round_win = game_pnl > 0 (decisive only),COMPATIBILITY_ONLY_NOT_PRODUCTION,127205.3315,115172.8122,6635.2036,4257,2852,-0.05216136,-0.11437665,-0.04113429,-0.05216136,-6635.2036,127205.3315,OK,0.0000,265.4081,4.0000,96.0000,AG03-UNRESOLVED,ALL5_LEVELS_bet23_to_bet27,265.4081,265.4081,265.4081,331.7602,331.7602,4.000000,4.000000,4.000000,5.000000,5.000000,96.000000,96.000000,96.000000,95.000000,95.000000,5.0,1459.7448,1337.1644,5175.4588,5298.0391,PENDING_AG03,FALSE,NOT_FOR_ENFORCEMENT,6369.7955,110565.8997,6635.2036,6369.7955,265.4081,0.05216136,0.05007491,265.4081,6369.7955,0.05007491,265.4081,265.4081,265.4081,331.7602,331.7602,6369.7955,0.05007491,1459.7448,1337.1644,5175.4588,5298.0391,0.04068586,0.04164951,0.00208645,29.8814,40.3832,2.3265,127.6001,7.3643,2446.2564,54.8462,43.4275,28.3160,5.1431,12.8578,28.9875,66.8604,128.5777,263.3173,7.8995,-2.6176,10.0,20.479237,2.324,28,180,56,8,0.15055597,0.05216136,0.11437665,0E-8,0.000000,0.905409,0.000000,-0.07324236,2026-03-22,2026-08-06,52,901,524,138,0.376812,1.533674,1.453326,0.501853,,,,,,,,GLOBAL_BASELINE_NO_ENTITY_RANKING,,,NOT_APPLICABLE_GLOBAL_BASELINE,HF9g-P5,,,,X 全窗基线 · 不参与实体赏罚,14191854,1420,A168_HF9F_20260827_0900,2026-08-27 09:00:00
2026-08-06,128173484,2241,0,5.1370302828,4.8801787687,4.8801787687,1.0000000,1,1,0.50665070000000000,0.506650700000,0.9867858985152569,0.9867858985152569,0.9867858985152569,0E-17,ELIGIBLE,R03b_20260811_FULL_v1,L1_ELIGIBILITY,v2026-08-11,2026-03-21..2026-08-06,baccarat_bet02_101_all_pairs_incl_sentinel,round_win = game_pnl > 0 (decisive only),COMPATIBILITY_ONLY_NOT_PRODUCTION,127205.3315,115172.8122,6635.2036,4257,2852,-0.05216136,-0.11437665,-0.04113429,-0.05216136,-6635.2036,127205.3315,OK,0.0000,265.4081,4.0000,96.0000,AG03-UNRESOLVED,ALL5_LEVELS_bet23_to_bet27,265.4081,265.4081,265.4081,331.7602,331.7602,4.000000,4.000000,4.000000,5.000000,5.000000,96.000000,96.000000,96.000000,95.000000,95.000000,5.0,1459.7448,1337.1644,5175.4588,5298.0391,PENDING_AG03,FALSE,NOT_FOR_ENFORCEMENT,6369.7955,110565.8997,6635.2036,6369.7955,265.4081,0.05216136,0.05007491,265.4081,6369.7955,0.05007491,265.4081,265.4081,265.4081,331.7602,331.7602,6369.7955,0.05007491,1459.7448,1337.1644,5175.4588,5298.0391,0.04068586,0.04164951,0.00208645,29.8814,40.3832,2.3265,127.6001,7.3643,2446.2564,54.8462,43.4275,28.3160,5.1431,12.8578,28.9875,66.8604,128.5777,263.3173,7.8995,-2.6176,10.0,20.479237,2.324,28,180,56,8,0.15055597,0.05216136,0.11437665,0E-8,0.000000,0.905409,0.000000,-0.07324236,2026-03-22,2026-08-06,52,901,524,138,0.376812,1.533674,1.453326,0.501853,,,,,,,,GLOBAL_BASELINE_NO_ENTITY_RANKING,,,NOT_APPLICABLE_GLOBAL_BASELINE,HF9g-P5,,,,X 全窗基线 · 不参与实体赏罚,14191855,1420,A168_HF9F_20260827_0900,2026-08-27 09:00:00
2026-08-06,128173484,2281,0,25.1714483857,33.1980582026,33.1980582026,0.6666667,5,3,0.41829927499953673,0.362670600000,0.8720910817696157,1.095192446695963,0.8720910817696157,0.05562867499953673,ELIGIBLE,R03b_20260811_FULL_v1,L1_ELIGIBILITY,v2026-08-11,2026-03-21..2026-08-06,baccarat_bet02_101_all_pairs_incl_sentinel,round_win = game_pnl > 0 (decisive only),COMPATIBILITY_ONLY_NOT_PRODUCTION,127205.3315,115172.8122,6635.2036,4257,2852,-0.05216136,-0.11437665,-0.04113429,-0.05216136,-6635.2036,127205.3315,OK,0.0000,265.4081,4.0000,96.0000,AG03-UNRESOLVED,ALL5_LEVELS_bet23_to_bet27,265.4081,265.4081,265.4081,331.7602,331.7602,4.000000,4.000000,4.000000,5.000000,5.000000,96.000000,96.000000,96.000000,95.000000,95.000000,5.0,1459.7448,1337.1644,5175.4588,5298.0391,PENDING_AG03,FALSE,NOT_FOR_ENFORCEMENT,6369.7955,110565.8997,6635.2036,6369.7955,265.4081,0.05216136,0.05007491,265.4081,6369.7955,0.05007491,265.4081,265.4081,265.4081,331.7602,331.7602,6369.7955,0.05007491,1459.7448,1337.1644,5175.4588,5298.0391,0.04068586,0.04164951,0.00208645,29.8814,40.3832,2.3265,127.6001,7.3643,2446.2564,54.8462,43.4275,28.3160,5.1431,12.8578,28.9875,66.8604,128.5777,263.3173,7.8995,-2.6176,10.0,20.479237,2.324,28,180,56,8,0.15055597,0.05216136,0.11437665,0E-8,0.000000,0.905409,0.000000,-0.07324236,2026-03-22,2026-08-06,52,901,524,138,0.376812,1.533674,1.453326,0.501853,,,,,,,,GLOBAL_BASELINE_NO_ENTITY_RANKING,,,NOT_APPLICABLE_GLOBAL_BASELINE,HF9g-P5,,,,X 全窗基线 · 不参与实体赏罚,14191856,1420,A168_HF9F_20260827_0900,2026-08-27 09:00:00
2026-03-29,130666317,2115,0,100.0000000000,-100.0000000000,-100.0000000000,0E-7,1,1,0.50665070000000000,0.506650700000,-1.013391052207602,-1.013391052207602,-1.013391052207602,0E-17,ELIGIBLE,R03b_20260811_FULL_v1,L1_ELIGIBILITY,v2026-08-11,2026-03-21..2026-08-06,baccarat_bet02_101_all_pairs_incl_sentinel,round_win = game_pnl > 0 (decisive only),COMPATIBILITY_ONLY_NOT_PRODUCTION,7653.0000,6643.0000,6566.9500,8,8,-0.85808833,-0.50000000,-0.98649920,-0.85808833,-6566.9500,7653.0000,THIN_EXPOSURE,0.0000,197.0085,3.0000,97.0000,AG03-UNRESOLVED,ALL5_LEVELS_bet23_to_bet27,197.0085,197.0085,197.0085,197.0085,197.0085,3.000000,3.000000,3.000000,3.000000,3.000000,97.000000,97.000000,97.000000,97.000000,97.000000,5.0,985.0425,927.6866,5581.9075,5639.2634,PENDING_AG03,FALSE,NOT_FOR_ENFORCEMENT,6369.9415,6443.7100,6566.9500,6369.9415,197.0085,0.85808833,0.83234568,197.0085,6369.9415,0.83234568,197.0085,197.0085,197.0085,197.0085,197.0085,6369.9415,0.83234568,985.0425,927.6866,5581.9075,5639.2634,0.72937508,0.73686965,0.02574265,956.6250,830.3750,820.8688,1641.7375,938.1357,1913.2500,2.0000,1010.0000,938.8333,88.5,1010.0,1704.5,2005.6,2008.0,2008.0,555.0,-555.0,1.988119,1.988119,0.947153,7,7,3,2,0.26394878,0.85808833,0.50000000,0E-8,0.000000,0.868026,0.000000,0.48649920,2026-03-29,2026-07-25,4,7,7,119,0.033613,1.075803,1.055795,0.879829,,,,,,,,GLOBAL_BASELINE_NO_ENTITY_RANKING,,,NOT_APPLICABLE_GLOBAL_BASELINE,HF9g-P5,,,,X 全窗基线 · 不参与实体赏罚,14191857,1420,A168_HF9F_20260827_0900,2026-08-27 09:00:00
2026-03-29,130666317,2123,0,2008.0000000000,-2008.0000000000,-2008.0000000000,0E-7,1,1,0.50665070000000000,0.506650700000,-1.013391052207602,-1.013391052207602,-1.013391052207602,0E-17,ELIGIBLE,R03b_20260811_FULL_v1,L1_ELIGIBILITY,v2026-08-11,2026-03-21..2026-08-06,baccarat_bet02_101_all_pairs_incl_sentinel,round_win = game_pnl > 0 (decisive only),COMPATIBILITY_ONLY_NOT_PRODUCTION,7653.0000,6643.0000,6566.9500,8,8,-0.85808833,-0.50000000,-0.98649920,-0.85808833,-6566.9500,7653.0000,THIN_EXPOSURE,0.0000,197.0085,3.0000,97.0000,AG03-UNRESOLVED,ALL5_LEVELS_bet23_to_bet27,197.0085,197.0085,197.0085,197.0085,197.0085,3.000000,3.000000,3.000000,3.000000,3.000000,97.000000,97.000000,97.000000,97.000000,97.000000,5.0,985.0425,927.6866,5581.9075,5639.2634,PENDING_AG03,FALSE,NOT_FOR_ENFORCEMENT,6369.9415,6443.7100,6566.9500,6369.9415,197.0085,0.85808833,0.83234568,197.0085,6369.9415,0.83234568,197.0085,197.0085,197.0085,197.0085,197.0085,6369.9415,0.83234568,985.0425,927.6866,5581.9075,5639.2634,0.72937508,0.73686965,0.02574265,956.6250,830.3750,820.8688,1641.7375,938.1357,1913.2500,2.0000,1010.0000,938.8333,88.5,1010.0,1704.5,2005.6,2008.0,2008.0,555.0,-555.0,1.988119,1.988119,0.947153,7,7,3,2,0.26394878,0.85808833,0.50000000,0E-8,0.000000,0.868026,0.000000,0.48649920,2026-03-29,2026-07-25,4,7,7,119,0.033613,1.075803,1.055795,0.879829,,,,,,,,GLOBAL_BASELINE_NO_ENTITY_RANKING,,,NOT_APPLICABLE_GLOBAL_BASELINE,HF9g-P5,,,,X 全窗基线 · 不参与实体赏罚,14191858,1420,A168_HF9F_20260827_0900,2026-08-27 09:00:00
2026-04-01,130666317,2142,0,2000.0000000000,-2000.0000000000,-2000.0000000000,0E-7,1,1,0.50665070000000000,0.506650700000,-1.013391052207602,-1.013391052207602,-1.013391052207602,0E-17,ELIGIBLE,R03b_20260811_FULL_v1,L1_ELIGIBILITY,v2026-08-11,2026-03-21..2026-08-06,baccarat_bet02_101_all_pairs_incl_sentinel,round_win = game_pnl > 0 (decisive only),COMPATIBILITY_ONLY_NOT_PRODUCTION,7653.0000,6643.0000,6566.9500,8,8,-0.85808833,-0.50000000,-0.98649920,-0.85808833,-6566.9500,7653.0000,THIN_EXPOSURE,0.0000,197.0085,3.0000,97.0000,AG03-UNRESOLVED,ALL5_LEVELS_bet23_to_bet27,197.0085,197.0085,197.0085,197.0085,197.0085,3.000000,3.000000,3.000000,3.000000,3.000000,97.000000,97.000000,97.000000,97.000000,97.000000,5.0,985.0425,927.6866,5581.9075,5639.2634,PENDING_AG03,FALSE,NOT_FOR_ENFORCEMENT,6369.9415,6443.7100,6566.9500,6369.9415,197.0085,0.85808833,0.83234568,197.0085,6369.9415,0.83234568,197.0085,197.0085,197.0085,197.0085,197.0085,6369.9415,0.83234568,985.0425,927.6866,5581.9075,5639.2634,0.72937508,0.73686965,0.02574265,956.6250,830.3750,820.8688,1641.7375,938.1357,1913.2500,2.0000,1010.0000,938.8333,88.5,1010.0,1704.5,2005.6,2008.0,2008.0,555.0,-555.0,1.988119,1.988119,0.947153,7,7,3,2,0.26394878,0.85808833,0.50000000,0E-8,0.000000,0.868026,0.000000,0.48649920,2026-03-29,2026-07-25,4,7,7,119,0.033613,1.075803,1.055795,0.879829,,,,,,,,GLOBAL_BASELINE_NO_ENTITY_RANKING,,,NOT_APPLICABLE_GLOBAL_BASELINE,HF9g-P5,,,,X 全窗基线 · 不参与实体赏罚,14191859,1420,A168_HF9F_20260827_0900,2026-08-27 09:00:00
2026-04-01,130666317,2251,0,1409.0000000000,-1409.0000000000,-1409.0000000000,0E-7,1,1,0.49324550000000000,0.493245500000,-0.9865810262130424,-0.9865810262130424,-0.9865810262130424,0E-17,ELIGIBLE,R03b_20260811_FULL_v1,L1_ELIGIBILITY,v2026-08-11,2026-03-21..2026-08-06,baccarat_bet02_101_all_pairs_incl_sentinel,round_win = game_pnl > 0 (decisive only),COMPATIBILITY_ONLY_NOT_PRODUCTION,7653.0000,6643.0000,6566.9500,8,8,-0.85808833,-0.50000000,-0.98649920,-0.85808833,-6566.9500,7653.0000,THIN_EXPOSURE,0.0000,197.0085,3.0000,97.0000,AG03-UNRESOLVED,ALL5_LEVELS_bet23_to_bet27,197.0085,197.0085,197.0085,197.0085,197.0085,3.000000,3.000000,3.000000,3.000000,3.000000,97.000000,97.000000,97.000000,97.000000,97.000000,5.0,985.0425,927.6866,5581.9075,5639.2634,PENDING_AG03,FALSE,NOT_FOR_ENFORCEMENT,6369.9415,6443.7100,6566.9500,6369.9415,197.0085,0.85808833,0.83234568,197.0085,6369.9415,0.83234568,197.0085,197.0085,197.0085,197.0085,197.0085,6369.9415,0.83234568,985.0425,927.6866,5581.9075,5639.2634,0.72937508,0.73686965,0.02574265,956.6250,830.3750,820.8688,1641.7375,938.1357,1913.2500,2.0000,1010.0000,938.8333,88.5,1010.0,1704.5,2005.6,2008.0,2008.0,555.0,-555.0,1.988119,1.988119,0.947153,7,7,3,2,0.26394878,0.85808833,0.50000000,0E-8,0.000000,0.868026,0.000000,0.48649920,2026-03-29,2026-07-25,4,7,7,119,0.033613,1.075803,1.055795,0.879829,,,,,,,,GLOBAL_BASELINE_NO_ENTITY_RANKING,,,NOT_APPLICABLE_GLOBAL_BASELINE,HF9g-P5,,,,X 全窗基线 · 不参与实体赏罚,14191860,1420,A168_HF9F_20260827_0900,2026-08-27 09:00:00
2026-07-03,130666317,1325,0,116.0000000000,-39.9500000000,-39.9500000000,0.5000000,2,2,0.49994810000000000,0.499948100000,0.00014679536856514622,0.00014679536856514622,0.00014679536856514622,0E-17,ELIGIBLE,R03b_20260811_FULL_v1,L1_ELIGIBILITY,v2026-08-11,2026-03-21..2026-08-06,baccarat_bet02_101_all_pairs_incl_sentinel,round_win = game_pnl > 0 (decisive only),COMPATIBILITY_ONLY_NOT_PRODUCTION,7653.0000,6643.0000,6566.9500,8,8,-0.85808833,-0.50000000,-0.98649920,-0.85808833,-6566.9500,7653.0000,THIN_EXPOSURE,0.0000,197.0085,3.0000,97.0000,AG03-UNRESOLVED,ALL5_LEVELS_bet23_to_bet27,197.0085,197.0085,197.0085,197.0085,197.0085,3.000000,3.000000,3.000000,3.000000,3.000000,97.000000,97.000000,97.000000,97.000000,97.000000,5.0,985.0425,927.6866,5581.9075,5639.2634,PENDING_AG03,FALSE,NOT_FOR_ENFORCEMENT,6369.9415,6443.7100,6566.9500,6369.9415,197.0085,0.85808833,0.83234568,197.0085,6369.9415,0.83234568,197.0085,197.0085,197.0085,197.0085,197.0085,6369.9415,0.83234568,985.0425,927.6866,5581.9075,5639.2634,0.72937508,0.73686965,0.02574265,956.6250,830.3750,820.8688,1641.7375,938.1357,1913.2500,2.0000,1010.0000,938.8333,88.5,1010.0,1704.5,2005.6,2008.0,2008.0,555.0,-555.0,1.988119,1.988119,0.947153,7,7,3,2,0.26394878,0.85808833,0.50000000,0E-8,0.000000,0.868026,0.000000,0.48649920,2026-03-29,2026-07-25,4,7,7,119,0.033613,1.075803,1.055795,0.879829,,,,,,,,GLOBAL_BASELINE_NO_ENTITY_RANKING,,,NOT_APPLICABLE_GLOBAL_BASELINE,HF9g-P5,,,,X 全窗基线 · 不参与实体赏罚,14191861,1420,A168_HF9F_20260827_0900,2026-08-27 09:00:00
2026-07-25,130666317,1654,0,1010.0000000000,0E-10,0E-10,,1,1,0.49324550000000000,0.493245500000,,,,0E-17,NO_DECISIVE_ROUND,R03b_20260811_FULL_v1,L1_ELIGIBILITY,v2026-08-11,2026-03-21..2026-08-06,baccarat_bet02_101_all_pairs_incl_sentinel,round_win = game_pnl > 0 (decisive only),COMPATIBILITY_ONLY_NOT_PRODUCTION,7653.0000,6643.0000,6566.9500,8,8,-0.85808833,-0.50000000,-0.98649920,-0.85808833,-6566.9500,7653.0000,THIN_EXPOSURE,0.0000,197.0085,3.0000,97.0000,AG03-UNRESOLVED,ALL5_LEVELS_bet23_to_bet27,197.0085,197.0085,197.0085,197.0085,197.0085,3.000000,3.000000,3.000000,3.000000,3.000000,97.000000,97.000000,97.000000,97.000000,97.000000,5.0,985.0425,927.6866,5581.9075,5639.2634,PENDING_AG03,FALSE,NOT_FOR_ENFORCEMENT,6369.9415,6443.7100,6566.9500,6369.9415,197.0085,0.85808833,0.83234568,197.0085,6369.9415,0.83234568,197.0085,197.0085,197.0085,197.0085,197.0085,6369.9415,0.83234568,985.0425,927.6866,5581.9075,5639.2634,0.72937508,0.73686965,0.02574265,956.6250,830.3750,820.8688,1641.7375,938.1357,1913.2500,2.0000,1010.0000,938.8333,88.5,1010.0,1704.5,2005.6,2008.0,2008.0,555.0,-555.0,1.988119,1.988119,0.947153,7,7,3,2,0.26394878,0.85808833,0.50000000,0E-8,0.000000,0.868026,0.000000,0.48649920,2026-03-29,2026-07-25,4,7,7,119,0.033613,1.075803,1.055795,0.879829,,,,,,,,GLOBAL_BASELINE_NO_ENTITY_RANKING,,,NOT_APPLICABLE_GLOBAL_BASELINE,HF9g-P5,,,,X 全窗基线 · 不参与实体赏罚,14191862,1420,A168_HF9F_20260827_0900,2026-08-27 09:00:00
2026-07-25,130666317,583,0,1010.0000000000,-1010.0000000000,-1010.0000000000,0E-7,1,1,0.50665070000000000,0.506650700000,-1.013391052207602,-1.013391052207602,-1.013391052207602,0E-17,ELIGIBLE,R03b_20260811_FULL_v1,L1_ELIGIBILITY,v2026-08-11,2026-03-21..2026-08-06,baccarat_bet02_101_all_pairs_incl_sentinel,round_win = game_pnl > 0 (decisive only),COMPATIBILITY_ONLY_NOT_PRODUCTION,7653.0000,6643.0000,6566.9500,8,8,-0.85808833,-0.50000000,-0.98649920,-0.85808833,-6566.9500,7653.0000,THIN_EXPOSURE,0.0000,197.0085,3.0000,97.0000,AG03-UNRESOLVED,ALL5_LEVELS_bet23_to_bet27,197.0085,197.0085,197.0085,197.0085,197.0085,3.000000,3.000000,3.000000,3.000000,3.000000,97.000000,97.000000,97.000000,97.000000,97.000000,5.0,985.0425,927.6866,5581.9075,5639.2634,PENDING_AG03,FALSE,NOT_FOR_ENFORCEMENT,6369.9415,6443.7100,6566.9500,6369.9415,197.0085,0.85808833,0.83234568,197.0085,6369.9415,0.83234568,197.0085,197.0085,197.0085,197.0085,197.0085,6369.9415,0.83234568,985.0425,927.6866,5581.9075,5639.2634,0.72937508,0.73686965,0.02574265,956.6250,830.3750,820.8688,1641.7375,938.1357,1913.2500,2.0000,1010.0000,938.8333,88.5,1010.0,1704.5,2005.6,2008.0,2008.0,555.0,-555.0,1.988119,1.988119,0.947153,7,7,3,2,0.26394878,0.85808833,0.50000000,0E-8,0.000000,0.868026,0.000000,0.48649920,2026-03-29,2026-07-25,4,7,7,119,0.033613,1.075803,1.055795,0.879829,,,,,,,,GLOBAL_BASELINE_NO_ENTITY_RANKING,,,NOT_APPLICABLE_GLOBAL_BASELINE,HF9g-P5,,,,X 全窗基线 · 不参与实体赏罚,14191863,1420,A168_HF9F_20260827_0900,2026-08-27 09:00:00
2026-04-25,148896725,-1,1,88.0000000000,86.1000000000,86.1000000000,1.0000000,2,2,0.49994810000000000,0.499948100000,1.4143603653603398,1.4143603653603398,1.4143603653603398,0E-17,SENTINEL_DEALER,R03b_20260811_FULL_v1,L1_ELIGIBILITY,v2026-08-11,2026-03-21..2026-08-06,baccarat_bet02_101_all_pairs_incl_sentinel,round_win = game_pnl > 0 (decisive only),COMPATIBILITY_ONLY_NOT_PRODUCTION,17196.0000,14432.0000,6567.8000,33,33,-0.38193766,,-0.38193766,-0.38193766,-6567.8000,17196.0000,OK,0.0000,197.0340,3.0000,97.0000,AG03-UNRESOLVED,ALL5_LEVELS_bet23_to_bet27,197.0340,197.0340,197.0340,197.0340,197.0340,3.000000,3.000000,3.000000,3.000000,3.000000,97.000000,97.000000,97.000000,97.000000,97.000000,5.0,985.1700,927.8067,5582.6300,5639.9933,PENDING_AG03,FALSE,NOT_FOR_ENFORCEMENT,6370.7660,13999.0400,6567.8000,6370.7660,197.0340,0.38193766,0.37047953,197.0340,6370.7660,0.37047953,197.0340,197.0340,197.0340,197.0340,197.0340,6370.7660,0.37047953,985.1700,927.8067,5582.6300,5639.9933,0.32464701,0.32798286,0.01145813,521.0909,437.3333,199.0242,1313.5600,273.6583,3439.2000,6.6000,,521.0909,98.0,500.0,1000.0,1126.7999,1210.0,2000.0,142.0,-38.0,2.42,4.0,1.042182,17,21,6,3,0E-8,0.38193766,,0E-8,0.000000,0.839265,0.000000,,2026-04-25,2026-05-09,5,24,23,15,0.333333,,,0.000000,,,,,,,,GLOBAL_BASELINE_NO_ENTITY_RANKING,,,NOT_APPLICABLE_GLOBAL_BASELINE,HF9g-P5,,,,X 全窗基线 · 不参与实体赏罚,14191864,1420,A168_HF9F_20260827_0900,2026-08-27 09:00:00
2026-04-25,148896725,1990,0,74.0000000000,-74.0000000000,-74.0000000000,0E-7,1,1,0.50665070000000000,0.506650700000,-1.013391052207602,-1.013391052207602,-1.013391052207602,0E-17,ELIGIBLE,R03b_20260811_FULL_v1,L1_ELIGIBILITY,v2026-08-11,2026-03-21..2026-08-06,baccarat_bet02_101_all_pairs_incl_sentinel,round_win = game_pnl > 0 (decisive only),COMPATIBILITY_ONLY_NOT_PRODUCTION,17196.0000,14432.0000,6567.8000,33,33,-0.38193766,,-0.38193766,-0.38193766,-6567.8000,17196.0000,OK,0.0000,197.0340,3.0000,97.0000,AG03-UNRESOLVED,ALL5_LEVELS_bet23_to_bet27,197.0340,197.0340,197.0340,197.0340,197.0340,3.000000,3.000000,3.000000,3.000000,3.000000,97.000000,97.000000,97.000000,97.000000,97.000000,5.0,985.1700,927.8067,5582.6300,5639.9933,PENDING_AG03,FALSE,NOT_FOR_ENFORCEMENT,6370.7660,13999.0400,6567.8000,6370.7660,197.0340,0.38193766,0.37047953,197.0340,6370.7660,0.37047953,197.0340,197.0340,197.0340,197.0340,197.0340,6370.7660,0.37047953,985.1700,927.8067,5582.6300,5639.9933,0.32464701,0.32798286,0.01145813,521.0909,437.3333,199.0242,1313.5600,273.6583,3439.2000,6.6000,,521.0909,98.0,500.0,1000.0,1126.7999,1210.0,2000.0,142.0,-38.0,2.42,4.0,1.042182,17,21,6,3,0E-8,0.38193766,,0E-8,0.000000,0.839265,0.000000,,2026-04-25,2026-05-09,5,24,23,15,0.333333,,,0.000000,,,,,,,,GLOBAL_BASELINE_NO_ENTITY_RANKING,,,NOT_APPLICABLE_GLOBAL_BASELINE,HF9g-P5,,,,X 全窗基线 · 不参与实体赏罚,14191865,1420,A168_HF9F_20260827_0900,2026-08-27 09:00:00
2026-04-25,148896725,2088,0,50.0000000000,-50.0000000000,-50.0000000000,0E-7,1,1,0.50665070000000000,0.506650700000,-1.013391052207602,-1.013391052207602,-1.013391052207602,0E-17,ELIGIBLE,R03b_20260811_FULL_v1,L1_ELIGIBILITY,v2026-08-11,2026-03-21..2026-08-06,baccarat_bet02_101_all_pairs_incl_sentinel,round_win = game_pnl > 0 (decisive only),COMPATIBILITY_ONLY_NOT_PRODUCTION,17196.0000,14432.0000,6567.8000,33,33,-0.38193766,,-0.38193766,-0.38193766,-6567.8000,17196.0000,OK,0.0000,197.0340,3.0000,97.0000,AG03-UNRESOLVED,ALL5_LEVELS_bet23_to_bet27,197.0340,197.0340,197.0340,197.0340,197.0340,3.000000,3.000000,3.000000,3.000000,3.000000,97.000000,97.000000,97.000000,97.000000,97.000000,5.0,985.1700,927.8067,5582.6300,5639.9933,PENDING_AG03,FALSE,NOT_FOR_ENFORCEMENT,6370.7660,13999.0400,6567.8000,6370.7660,197.0340,0.38193766,0.37047953,197.0340,6370.7660,0.37047953,197.0340,197.0340,197.0340,197.0340,197.0340,6370.7660,0.37047953,985.1700,927.8067,5582.6300,5639.9933,0.32464701,0.32798286,0.01145813,521.0909,437.3333,199.0242,1313.5600,273.6583,3439.2000,6.6000,,521.0909,98.0,500.0,1000.0,1126.7999,1210.0,2000.0,142.0,-38.0,2.42,4.0,1.042182,17,21,6,3,0E-8,0.38193766,,0E-8,0.000000,0.839265,0.000000,,2026-04-25,2026-05-09,5,24,23,15,0.333333,,,0.000000,,,,,,,,GLOBAL_BASELINE_NO_ENTITY_RANKING,,,NOT_APPLICABLE_GLOBAL_BASELINE,HF9g-P5,,,,X 全窗基线 · 不参与实体赏罚,14191866,1420,A168_HF9F_20260827_0900,2026-08-27 09:00:00
2026-05-03,148896725,987,0,38.0000000000,-38.0000000000,-38.0000000000,0E-7,1,1,0.49324550000000000,0.493245500000,-0.9865810262130424,-0.9865810262130424,-0.9865810262130424,0E-17,ELIGIBLE,R03b_20260811_FULL_v1,L1_ELIGIBILITY,v2026-08-11,2026-03-21..2026-08-06,baccarat_bet02_101_all_pairs_incl_sentinel,round_win = game_pnl > 0 (decisive only),COMPATIBILITY_ONLY_NOT_PRODUCTION,17196.0000,14432.0000,6567.8000,33,33,-0.38193766,,-0.38193766,-0.38193766,-6567.8000,17196.0000,OK,0.0000,197.0340,3.0000,97.0000,AG03-UNRESOLVED,ALL5_LEVELS_bet23_to_bet27,197.0340,197.0340,197.0340,197.0340,197.0340,3.000000,3.000000,3.000000,3.000000,3.000000,97.000000,97.000000,97.000000,97.000000,97.000000,5.0,985.1700,927.8067,5582.6300,5639.9933,PENDING_AG03,FALSE,NOT_FOR_ENFORCEMENT,6370.7660,13999.0400,6567.8000,6370.7660,197.0340,0.38193766,0.37047953,197.0340,6370.7660,0.37047953,197.0340,197.0340,197.0340,197.0340,197.0340,6370.7660,0.37047953,985.1700,927.8067,5582.6300,5639.9933,0.32464701,0.32798286,0.01145813,521.0909,437.3333,199.0242,1313.5600,273.6583,3439.2000,6.6000,,521.0909,98.0,500.0,1000.0,1126.7999,1210.0,2000.0,142.0,-38.0,2.42,4.0,1.042182,17,21,6,3,0E-8,0.38193766,,0E-8,0.000000,0.839265,0.000000,,2026-04-25,2026-05-09,5,24,23,15,0.333333,,,0.000000,,,,,,,,GLOBAL_BASELINE_NO_ENTITY_RANKING,,,NOT_APPLICABLE_GLOBAL_BASELINE,HF9g-P5,,,,X 全窗基线 · 不参与实体赏罚,14191867,1420,A168_HF9F_20260827_0900,2026-08-27 09:00:00
2026-05-07,148896725,-1,1,3710.0000000000,-2000.0000000000,-2000.0000000000,0E-7,3,3,0.49771390000000000,0.497713900000,-0.9954382048786059,-0.995438204878606,-0.9954382048786059,0E-17,SENTINEL_DEALER,R03b_20260811_FULL_v1,L1_ELIGIBILITY,v2026-08-11,2026-03-21..2026-08-06,baccarat_bet02_101_all_pairs_incl_sentinel,round_win = game_pnl > 0 (decisive only),COMPATIBILITY_ONLY_NOT_PRODUCTION,17196.0000,14432.0000,6567.8000,33,33,-0.38193766,,-0.38193766,-0.38193766,-6567.8000,17196.0000,OK,0.0000,197.0340,3.0000,97.0000,AG03-UNRESOLVED,ALL5_LEVELS_bet23_to_bet27,197.0340,197.0340,197.0340,197.0340,197.0340,3.000000,3.000000,3.000000,3.000000,3.000000,97.000000,97.000000,97.000000,97.000000,97.000000,5.0,985.1700,927.8067,5582.6300,5639.9933,PENDING_AG03,FALSE,NOT_FOR_ENFORCEMENT,6370.7660,13999.0400,6567.8000,6370.7660,197.0340,0.38193766,0.37047953,197.0340,6370.7660,0.37047953,197.0340,197.0340,197.0340,197.0340,197.0340,6370.7660,0.37047953,985.1700,927.8067,5582.6300,5639.9933,0.32464701,0.32798286,0.01145813,521.0909,437.3333,199.0242,1313.5600,273.6583,3439.2000,6.6000,,521.0909,98.0,500.0,1000.0,1126.7999,1210.0,2000.0,142.0,-38.0,2.42,4.0,1.042182,17,21,6,3,0E-8,0.38193766,,0E-8,0.000000,0.839265,0.000000,,2026-04-25,2026-05-09,5,24,23,15,0.333333,,,0.000000,,,,,,,,GLOBAL_BASELINE_NO_ENTITY_RANKING,,,NOT_APPLICABLE_GLOBAL_BASELINE,HF9g-P5,,,,X 全窗基线 · 不参与实体赏罚,14191868,1420,A168_HF9F_20260827_0900,2026-08-27 09:00:00
2026-05-07,148896725,1017,0,1500.0000000000,-1500.0000000000,-1500.0000000000,0E-7,2,2,0.50665070000000000,0.506650700000,-1.4331513700195317,-1.4331513700195317,-1.4331513700195317,0E-17,ELIGIBLE,R03b_20260811_FULL_v1,L1_ELIGIBILITY,v2026-08-11,2026-03-21..2026-08-06,baccarat_bet02_101_all_pairs_incl_sentinel,round_win = game_pnl > 0 (decisive only),COMPATIBILITY_ONLY_NOT_PRODUCTION,17196.0000,14432.0000,6567.8000,33,33,-0.38193766,,-0.38193766,-0.38193766,-6567.8000,17196.0000,OK,0.0000,197.0340,3.0000,97.0000,AG03-UNRESOLVED,ALL5_LEVELS_bet23_to_bet27,197.0340,197.0340,197.0340,197.0340,197.0340,3.000000,3.000000,3.000000,3.000000,3.000000,97.000000,97.000000,97.000000,97.000000,97.000000,5.0,985.1700,927.8067,5582.6300,5639.9933,PENDING_AG03,FALSE,NOT_FOR_ENFORCEMENT,6370.7660,13999.0400,6567.8000,6370.7660,197.0340,0.38193766,0.37047953,197.0340,6370.7660,0.37047953,197.0340,197.0340,197.0340,197.0340,197.0340,6370.7660,0.37047953,985.1700,927.8067,5582.6300,5639.9933,0.32464701,0.32798286,0.01145813,521.0909,437.3333,199.0242,1313.5600,273.6583,3439.2000,6.6000,,521.0909,98.0,500.0,1000.0,1126.7999,1210.0,2000.0,142.0,-38.0,2.42,4.0,1.042182,17,21,6,3,0E-8,0.38193766,,0E-8,0.000000,0.839265,0.000000,,2026-04-25,2026-05-09,5,24,23,15,0.333333,,,0.000000,,,,,,,,GLOBAL_BASELINE_NO_ENTITY_RANKING,,,NOT_APPLICABLE_GLOBAL_BASELINE,HF9g-P5,,,,X 全窗基线 · 不参与实体赏罚,14191869,1420,A168_HF9F_20260827_0900,2026-08-27 09:00:00
2026-05-07,148896725,1507,0,1000.0000000000,-1000.0000000000,-1000.0000000000,0E-7,1,1,0.49324550000000000,0.493245500000,-0.9865810262130424,-0.9865810262130424,-0.9865810262130424,0E-17,ELIGIBLE,R03b_20260811_FULL_v1,L1_ELIGIBILITY,v2026-08-11,2026-03-21..2026-08-06,baccarat_bet02_101_all_pairs_incl_sentinel,round_win = game_pnl > 0 (decisive only),COMPATIBILITY_ONLY_NOT_PRODUCTION,17196.0000,14432.0000,6567.8000,33,33,-0.38193766,,-0.38193766,-0.38193766,-6567.8000,17196.0000,OK,0.0000,197.0340,3.0000,97.0000,AG03-UNRESOLVED,ALL5_LEVELS_bet23_to_bet27,197.0340,197.0340,197.0340,197.0340,197.0340,3.000000,3.000000,3.000000,3.000000,3.000000,97.000000,97.000000,97.000000,97.000000,97.000000,5.0,985.1700,927.8067,5582.6300,5639.9933,PENDING_AG03,FALSE,NOT_FOR_ENFORCEMENT,6370.7660,13999.0400,6567.8000,6370.7660,197.0340,0.38193766,0.37047953,197.0340,6370.7660,0.37047953,197.0340,197.0340,197.0340,197.0340,197.0340,6370.7660,0.37047953,985.1700,927.8067,5582.6300,5639.9933,0.32464701,0.32798286,0.01145813,521.0909,437.3333,199.0242,1313.5600,273.6583,3439.2000,6.6000,,521.0909,98.0,500.0,1000.0,1126.7999,1210.0,2000.0,142.0,-38.0,2.42,4.0,1.042182,17,21,6,3,0E-8,0.38193766,,0E-8,0.000000,0.839265,0.000000,,2026-04-25,2026-05-09,5,24,23,15,0.333333,,,0.000000,,,,,,,,GLOBAL_BASELINE_NO_ENTITY_RANKING,,,NOT_APPLICABLE_GLOBAL_BASELINE,HF9g-P5,,,,X 全窗基线 · 不参与实体赏罚,14191870,1420,A168_HF9F_20260827_0900,2026-08-27 09:00:00
2026-05-07,148896725,1996,0,1210.0000000000,-1210.0000000000,-1210.0000000000,0E-7,1,1,0.50665070000000000,0.506650700000,-1.013391052207602,-1.013391052207602,-1.013391052207602,0E-17,ELIGIBLE,R03b_20260811_FULL_v1,L1_ELIGIBILITY,v2026-08-11,2026-03-21..2026-08-06,baccarat_bet02_101_all_pairs_incl_sentinel,round_win = game_pnl > 0 (decisive only),COMPATIBILITY_ONLY_NOT_PRODUCTION,17196.0000,14432.0000,6567.8000,33,33,-0.38193766,,-0.38193766,-0.38193766,-6567.8000,17196.0000,OK,0.0000,197.0340,3.0000,97.0000,AG03-UNRESOLVED,ALL5_LEVELS_bet23_to_bet27,197.0340,197.0340,197.0340,197.0340,197.0340,3.000000,3.000000,3.000000,3.000000,3.000000,97.000000,97.000000,97.000000,97.000000,97.000000,5.0,985.1700,927.8067,5582.6300,5639.9933,PENDING_AG03,FALSE,NOT_FOR_ENFORCEMENT,6370.7660,13999.0400,6567.8000,6370.7660,197.0340,0.38193766,0.37047953,197.0340,6370.7660,0.37047953,197.0340,197.0340,197.0340,197.0340,197.0340,6370.7660,0.37047953,985.1700,927.8067,5582.6300,5639.9933,0.32464701,0.32798286,0.01145813,521.0909,437.3333,199.0242,1313.5600,273.6583,3439.2000,6.6000,,521.0909,98.0,500.0,1000.0,1126.7999,1210.0,2000.0,142.0,-38.0,2.42,4.0,1.042182,17,21,6,3,0E-8,0.38193766,,0E-8,0.000000,0.839265,0.000000,,2026-04-25,2026-05-09,5,24,23,15,0.333333,,,0.000000,,,,,,,,GLOBAL_BASELINE_NO_ENTITY_RANKING,,,NOT_APPLICABLE_GLOBAL_BASELINE,HF9g-P5,,,,X 全窗基线 · 不参与实体赏罚,14191871,1420,A168_HF9F_20260827_0900,2026-08-27 09:00:00
2026-05-07,148896725,2152,0,500.0000000000,0E-10,0E-10,,1,1,0.50665070000000000,0.506650700000,,,,0E-17,NO_DECISIVE_ROUND,R03b_20260811_FULL_v1,L1_ELIGIBILITY,v2026-08-11,2026-03-21..2026-08-06,baccarat_bet02_101_all_pairs_incl_sentinel,round_win = game_pnl > 0 (decisive only),COMPATIBILITY_ONLY_NOT_PRODUCTION,17196.0000,14432.0000,6567.8000,33,33,-0.38193766,,-0.38193766,-0.38193766,-6567.8000,17196.0000,OK,0.0000,197.0340,3.0000,97.0000,AG03-UNRESOLVED,ALL5_LEVELS_bet23_to_bet27,197.0340,197.0340,197.0340,197.0340,197.0340,3.000000,3.000000,3.000000,3.000000,3.000000,97.000000,97.000000,97.000000,97.000000,97.000000,5.0,985.1700,927.8067,5582.6300,5639.9933,PENDING_AG03,FALSE,NOT_FOR_ENFORCEMENT,6370.7660,13999.0400,6567.8000,6370.7660,197.0340,0.38193766,0.37047953,197.0340,6370.7660,0.37047953,197.0340,197.0340,197.0340,197.0340,197.0340,6370.7660,0.37047953,985.1700,927.8067,5582.6300,5639.9933,0.32464701,0.32798286,0.01145813,521.0909,437.3333,199.0242,1313.5600,273.6583,3439.2000,6.6000,,521.0909,98.0,500.0,1000.0,1126.7999,1210.0,2000.0,142.0,-38.0,2.42,4.0,1.042182,17,21,6,3,0E-8,0.38193766,,0E-8,0.000000,0.839265,0.000000,,2026-04-25,2026-05-09,5,24,23,15,0.333333,,,0.000000,,,,,,,,GLOBAL_BASELINE_NO_ENTITY_RANKING,,,NOT_APPLICABLE_GLOBAL_BASELINE,HF9g-P5,,,,X 全窗基线 · 不参与实体赏罚,14191872,1420,A168_HF9F_20260827_0900,2026-08-27 09:00:00
2026-05-07,148896725,2209,0,700.0000000000,-700.0000000000,-700.0000000000,0E-7,2,2,0.49994810000000000,0.499948100000,-1.4140667746232096,-1.4140667746232096,-1.4140667746232096,0E-17,ELIGIBLE,R03b_20260811_FULL_v1,L1_ELIGIBILITY,v2026-08-11,2026-03-21..2026-08-06,baccarat_bet02_101_all_pairs_incl_sentinel,round_win = game_pnl > 0 (decisive only),COMPATIBILITY_ONLY_NOT_PRODUCTION,17196.0000,14432.0000,6567.8000,33,33,-0.38193766,,-0.38193766,-0.38193766,-6567.8000,17196.0000,OK,0.0000,197.0340,3.0000,97.0000,AG03-UNRESOLVED,ALL5_LEVELS_bet23_to_bet27,197.0340,197.0340,197.0340,197.0340,197.0340,3.000000,3.000000,3.000000,3.000000,3.000000,97.000000,97.000000,97.000000,97.000000,97.000000,5.0,985.1700,927.8067,5582.6300,5639.9933,PENDING_AG03,FALSE,NOT_FOR_ENFORCEMENT,6370.7660,13999.0400,6567.8000,6370.7660,197.0340,0.38193766,0.37047953,197.0340,6370.7660,0.37047953,197.0340,197.0340,197.0340,197.0340,197.0340,6370.7660,0.37047953,985.1700,927.8067,5582.6300,5639.9933,0.32464701,0.32798286,0.01145813,521.0909,437.3333,199.0242,1313.5600,273.6583,3439.2000,6.6000,,521.0909,98.0,500.0,1000.0,1126.7999,1210.0,2000.0,142.0,-38.0,2.42,4.0,1.042182,17,21,6,3,0E-8,0.38193766,,0E-8,0.000000,0.839265,0.000000,,2026-04-25,2026-05-09,5,24,23,15,0.333333,,,0.000000,,,,,,,,GLOBAL_BASELINE_NO_ENTITY_RANKING,,,NOT_APPLICABLE_GLOBAL_BASELINE,HF9g-P5,,,,X 全窗基线 · 不参与实体赏罚,14191873,1420,A168_HF9F_20260827_0900,2026-08-27 09:00:00
2026-05-07,148896725,2233,0,200.0000000000,195.0000000000,195.0000000000,1.0000000,2,2,0.49994810000000000,0.499948100000,1.4143603653603398,1.4143603653603398,1.4143603653603398,0E-17,ELIGIBLE,R03b_20260811_FULL_v1,L1_ELIGIBILITY,v2026-08-11,2026-03-21..2026-08-06,baccarat_bet02_101_all_pairs_incl_sentinel,round_win = game_pnl > 0 (decisive only),COMPATIBILITY_ONLY_NOT_PRODUCTION,17196.0000,14432.0000,6567.8000,33,33,-0.38193766,,-0.38193766,-0.38193766,-6567.8000,17196.0000,OK,0.0000,197.0340,3.0000,97.0000,AG03-UNRESOLVED,ALL5_LEVELS_bet23_to_bet27,197.0340,197.0340,197.0340,197.0340,197.0340,3.000000,3.000000,3.000000,3.000000,3.000000,97.000000,97.000000,97.000000,97.000000,97.000000,5.0,985.1700,927.8067,5582.6300,5639.9933,PENDING_AG03,FALSE,NOT_FOR_ENFORCEMENT,6370.7660,13999.0400,6567.8000,6370.7660,197.0340,0.38193766,0.37047953,197.0340,6370.7660,0.37047953,197.0340,197.0340,197.0340,197.0340,197.0340,6370.7660,0.37047953,985.1700,927.8067,5582.6300,5639.9933,0.32464701,0.32798286,0.01145813,521.0909,437.3333,199.0242,1313.5600,273.6583,3439.2000,6.6000,,521.0909,98.0,500.0,1000.0,1126.7999,1210.0,2000.0,142.0,-38.0,2.42,4.0,1.042182,17,21,6,3,0E-8,0.38193766,,0E-8,0.000000,0.839265,0.000000,,2026-04-25,2026-05-09,5,24,23,15,0.333333,,,0.000000,,,,,,,,GLOBAL_BASELINE_NO_ENTITY_RANKING,,,NOT_APPLICABLE_GLOBAL_BASELINE,HF9g-P5,,,,X 全窗基线 · 不参与实体赏罚,14191874,1420,A168_HF9F_20260827_0900,2026-08-27 09:00:00
2026-05-07,148896725,2234,0,100.0000000000,-100.0000000000,-100.0000000000,0E-7,1,1,0.09460280000000000,0.094602800000,-0.32324545095860213,-0.32324545095860213,-0.32324545095860213,0E-17,ELIGIBLE,R03b_20260811_FULL_v1,L1_ELIGIBILITY,v2026-08-11,2026-03-21..2026-08-06,baccarat_bet02_101_all_pairs_incl_sentinel,round_win = game_pnl > 0 (decisive only),COMPATIBILITY_ONLY_NOT_PRODUCTION,17196.0000,14432.0000,6567.8000,33,33,-0.38193766,,-0.38193766,-0.38193766,-6567.8000,17196.0000,OK,0.0000,197.0340,3.0000,97.0000,AG03-UNRESOLVED,ALL5_LEVELS_bet23_to_bet27,197.0340,197.0340,197.0340,197.0340,197.0340,3.000000,3.000000,3.000000,3.000000,3.000000,97.000000,97.000000,97.000000,97.000000,97.000000,5.0,985.1700,927.8067,5582.6300,5639.9933,PENDING_AG03,FALSE,NOT_FOR_ENFORCEMENT,6370.7660,13999.0400,6567.8000,6370.7660,197.0340,0.38193766,0.37047953,197.0340,6370.7660,0.37047953,197.0340,197.0340,197.0340,197.0340,197.0340,6370.7660,0.37047953,985.1700,927.8067,5582.6300,5639.9933,0.32464701,0.32798286,0.01145813,521.0909,437.3333,199.0242,1313.5600,273.6583,3439.2000,6.6000,,521.0909,98.0,500.0,1000.0,1126.7999,1210.0,2000.0,142.0,-38.0,2.42,4.0,1.042182,17,21,6,3,0E-8,0.38193766,,0E-8,0.000000,0.839265,0.000000,,2026-04-25,2026-05-09,5,24,23,15,0.333333,,,0.000000,,,,,,,,GLOBAL_BASELINE_NO_ENTITY_RANKING,,,NOT_APPLICABLE_GLOBAL_BASELINE,HF9g-P5,,,,X 全窗基线 · 不参与实体赏罚,14191875,1420,A168_HF9F_20260827_0900,2026-08-27 09:00:00
2026-05-07,148896725,2246,0,100.0000000000,95.0000000000,95.0000000000,1.0000000,1,1,0.50665070000000000,0.506650700000,0.9867858985152569,0.9867858985152569,0.9867858985152569,0E-17,ELIGIBLE,R03b_20260811_FULL_v1,L1_ELIGIBILITY,v2026-08-11,2026-03-21..2026-08-06,baccarat_bet02_101_all_pairs_incl_sentinel,round_win = game_pnl > 0 (decisive only),COMPATIBILITY_ONLY_NOT_PRODUCTION,17196.0000,14432.0000,6567.8000,33,33,-0.38193766,,-0.38193766,-0.38193766,-6567.8000,17196.0000,OK,0.0000,197.0340,3.0000,97.0000,AG03-UNRESOLVED,ALL5_LEVELS_bet23_to_bet27,197.0340,197.0340,197.0340,197.0340,197.0340,3.000000,3.000000,3.000000,3.000000,3.000000,97.000000,97.000000,97.000000,97.000000,97.000000,5.0,985.1700,927.8067,5582.6300,5639.9933,PENDING_AG03,FALSE,NOT_FOR_ENFORCEMENT,6370.7660,13999.0400,6567.8000,6370.7660,197.0340,0.38193766,0.37047953,197.0340,6370.7660,0.37047953,197.0340,197.0340,197.0340,197.0340,197.0340,6370.7660,0.37047953,985.1700,927.8067,5582.6300,5639.9933,0.32464701,0.32798286,0.01145813,521.0909,437.3333,199.0242,1313.5600,273.6583,3439.2000,6.6000,,521.0909,98.0,500.0,1000.0,1126.7999,1210.0,2000.0,142.0,-38.0,2.42,4.0,1.042182,17,21,6,3,0E-8,0.38193766,,0E-8,0.000000,0.839265,0.000000,,2026-04-25,2026-05-09,5,24,23,15,0.333333,,,0.000000,,,,,,,,GLOBAL_BASELINE_NO_ENTITY_RANKING,,,NOT_APPLICABLE_GLOBAL_BASELINE,HF9g-P5,,,,X 全窗基线 · 不参与实体赏罚,14191876,1420,A168_HF9F_20260827_0900,2026-08-27 09:00:00
2026-05-08,148896725,1396,0,3106.0000000000,-3106.0000000000,-3106.0000000000,0E-7,3,3,0.50218230000000000,0.502182300000,-1.7396270863184011,-1.7396270863184016,-1.7396270863184011,0E-17,ELIGIBLE,R03b_20260811_FULL_v1,L1_ELIGIBILITY,v2026-08-11,2026-03-21..2026-08-06,baccarat_bet02_101_all_pairs_incl_sentinel,round_win = game_pnl > 0 (decisive only),COMPATIBILITY_ONLY_NOT_PRODUCTION,17196.0000,14432.0000,6567.8000,33,33,-0.38193766,,-0.38193766,-0.38193766,-6567.8000,17196.0000,OK,0.0000,197.0340,3.0000,97.0000,AG03-UNRESOLVED,ALL5_LEVELS_bet23_to_bet27,197.0340,197.0340,197.0340,197.0340,197.0340,3.000000,3.000000,3.000000,3.000000,3.000000,97.000000,97.000000,97.000000,97.000000,97.000000,5.0,985.1700,927.8067,5582.6300,5639.9933,PENDING_AG03,FALSE,NOT_FOR_ENFORCEMENT,6370.7660,13999.0400,6567.8000,6370.7660,197.0340,0.38193766,0.37047953,197.0340,6370.7660,0.37047953,197.0340,197.0340,197.0340,197.0340,197.0340,6370.7660,0.37047953,985.1700,927.8067,5582.6300,5639.9933,0.32464701,0.32798286,0.01145813,521.0909,437.3333,199.0242,1313.5600,273.6583,3439.2000,6.6000,,521.0909,98.0,500.0,1000.0,1126.7999,1210.0,2000.0,142.0,-38.0,2.42,4.0,1.042182,17,21,6,3,0E-8,0.38193766,,0E-8,0.000000,0.839265,0.000000,,2026-04-25,2026-05-09,5,24,23,15,0.333333,,,0.000000,,,,,,,,GLOBAL_BASELINE_NO_ENTITY_RANKING,,,NOT_APPLICABLE_GLOBAL_BASELINE,HF9g-P5,,,,X 全窗基线 · 不参与实体赏罚,14191877,1420,A168_HF9F_20260827_0900,2026-08-27 09:00:00
2026-05-08,148896725,1401,0,554.0000000000,526.3000000000,526.3000000000,1.0000000,1,1,0.50665070000000000,0.506650700000,0.9867858985152569,0.9867858985152569,0.9867858985152569,0E-17,ELIGIBLE,R03b_20260811_FULL_v1,L1_ELIGIBILITY,v2026-08-11,2026-03-21..2026-08-06,baccarat_bet02_101_all_pairs_incl_sentinel,round_win = game_pnl > 0 (decisive only),COMPATIBILITY_ONLY_NOT_PRODUCTION,17196.0000,14432.0000,6567.8000,33,33,-0.38193766,,-0.38193766,-0.38193766,-6567.8000,17196.0000,OK,0.0000,197.0340,3.0000,97.0000,AG03-UNRESOLVED,ALL5_LEVELS_bet23_to_bet27,197.0340,197.0340,197.0340,197.0340,197.0340,3.000000,3.000000,3.000000,3.000000,3.000000,97.000000,97.000000,97.000000,97.000000,97.000000,5.0,985.1700,927.8067,5582.6300,5639.9933,PENDING_AG03,FALSE,NOT_FOR_ENFORCEMENT,6370.7660,13999.0400,6567.8000,6370.7660,197.0340,0.38193766,0.37047953,197.0340,6370.7660,0.37047953,197.0340,197.0340,197.0340,197.0340,197.0340,6370.7660,0.37047953,985.1700,927.8067,5582.6300,5639.9933,0.32464701,0.32798286,0.01145813,521.0909,437.3333,199.0242,1313.5600,273.6583,3439.2000,6.6000,,521.0909,98.0,500.0,1000.0,1126.7999,1210.0,2000.0,142.0,-38.0,2.42,4.0,1.042182,17,21,6,3,0E-8,0.38193766,,0E-8,0.000000,0.839265,0.000000,,2026-04-25,2026-05-09,5,24,23,15,0.333333,,,0.000000,,,,,,,,GLOBAL_BASELINE_NO_ENTITY_RANKING,,,NOT_APPLICABLE_GLOBAL_BASELINE,HF9g-P5,,,,X 全窗基线 · 不参与实体赏罚,14191878,1420,A168_HF9F_20260827_0900,2026-08-27 09:00:00
2026-05-08,148896725,1645,0,1000.0000000000,1000.0000000000,1000.0000000000,1.0000000,1,1,0.49324550000000000,0.493245500000,1.01360149184955,1.01360149184955,1.01360149184955,0E-17,ELIGIBLE,R03b_20260811_FULL_v1,L1_ELIGIBILITY,v2026-08-11,2026-03-21..2026-08-06,baccarat_bet02_101_all_pairs_incl_sentinel,round_win = game_pnl > 0 (decisive only),COMPATIBILITY_ONLY_NOT_PRODUCTION,17196.0000,14432.0000,6567.8000,33,33,-0.38193766,,-0.38193766,-0.38193766,-6567.8000,17196.0000,OK,0.0000,197.0340,3.0000,97.0000,AG03-UNRESOLVED,ALL5_LEVELS_bet23_to_bet27,197.0340,197.0340,197.0340,197.0340,197.0340,3.000000,3.000000,3.000000,3.000000,3.000000,97.000000,97.000000,97.000000,97.000000,97.000000,5.0,985.1700,927.8067,5582.6300,5639.9933,PENDING_AG03,FALSE,NOT_FOR_ENFORCEMENT,6370.7660,13999.0400,6567.8000,6370.7660,197.0340,0.38193766,0.37047953,197.0340,6370.7660,0.37047953,197.0340,197.0340,197.0340,197.0340,197.0340,6370.7660,0.37047953,985.1700,927.8067,5582.6300,5639.9933,0.32464701,0.32798286,0.01145813,521.0909,437.3333,199.0242,1313.5600,273.6583,3439.2000,6.6000,,521.0909,98.0,500.0,1000.0,1126.7999,1210.0,2000.0,142.0,-38.0,2.42,4.0,1.042182,17,21,6,3,0E-8,0.38193766,,0E-8,0.000000,0.839265,0.000000,,2026-04-25,2026-05-09,5,24,23,15,0.333333,,,0.000000,,,,,,,,GLOBAL_BASELINE_NO_ENTITY_RANKING,,,NOT_APPLICABLE_GLOBAL_BASELINE,HF9g-P5,,,,X 全窗基线 · 不参与实体赏罚,14191879,1420,A168_HF9F_20260827_0900,2026-08-27 09:00:00
2026-05-08,148896725,2152,0,284.0000000000,269.8000000000,269.8000000000,1.0000000,1,1,0.50665070000000000,0.506650700000,0.9867858985152569,0.9867858985152569,0.9867858985152569,0E-17,ELIGIBLE,R03b_20260811_FULL_v1,L1_ELIGIBILITY,v2026-08-11,2026-03-21..2026-08-06,baccarat_bet02_101_all_pairs_incl_sentinel,round_win = game_pnl > 0 (decisive only),COMPATIBILITY_ONLY_NOT_PRODUCTION,17196.0000,14432.0000,6567.8000,33,33,-0.38193766,,-0.38193766,-0.38193766,-6567.8000,17196.0000,OK,0.0000,197.0340,3.0000,97.0000,AG03-UNRESOLVED,ALL5_LEVELS_bet23_to_bet27,197.0340,197.0340,197.0340,197.0340,197.0340,3.000000,3.000000,3.000000,3.000000,3.000000,97.000000,97.000000,97.000000,97.000000,97.000000,5.0,985.1700,927.8067,5582.6300,5639.9933,PENDING_AG03,FALSE,NOT_FOR_ENFORCEMENT,6370.7660,13999.0400,6567.8000,6370.7660,197.0340,0.38193766,0.37047953,197.0340,6370.7660,0.37047953,197.0340,197.0340,197.0340,197.0340,197.0340,6370.7660,0.37047953,985.1700,927.8067,5582.6300,5639.9933,0.32464701,0.32798286,0.01145813,521.0909,437.3333,199.0242,1313.5600,273.6583,3439.2000,6.6000,,521.0909,98.0,500.0,1000.0,1126.7999,1210.0,2000.0,142.0,-38.0,2.42,4.0,1.042182,17,21,6,3,0E-8,0.38193766,,0E-8,0.000000,0.839265,0.000000,,2026-04-25,2026-05-09,5,24,23,15,0.333333,,,0.000000,,,,,,,,GLOBAL_BASELINE_NO_ENTITY_RANKING,,,NOT_APPLICABLE_GLOBAL_BASELINE,HF9g-P5,,,,X 全窗基线 · 不参与实体赏罚,14191880,1420,A168_HF9F_20260827_0900,2026-08-27 09:00:00
2026-05-08,148896725,2242,0,142.0000000000,142.0000000000,142.0000000000,1.0000000,1,1,0.49324550000000000,0.493245500000,1.01360149184955,1.01360149184955,1.01360149184955,0E-17,ELIGIBLE,R03b_20260811_FULL_v1,L1_ELIGIBILITY,v2026-08-11,2026-03-21..2026-08-06,baccarat_bet02_101_all_pairs_incl_sentinel,round_win = game_pnl > 0 (decisive only),COMPATIBILITY_ONLY_NOT_PRODUCTION,17196.0000,14432.0000,6567.8000,33,33,-0.38193766,,-0.38193766,-0.38193766,-6567.8000,17196.0000,OK,0.0000,197.0340,3.0000,97.0000,AG03-UNRESOLVED,ALL5_LEVELS_bet23_to_bet27,197.0340,197.0340,197.0340,197.0340,197.0340,3.000000,3.000000,3.000000,3.000000,3.000000,97.000000,97.000000,97.000000,97.000000,97.000000,5.0,985.1700,927.8067,5582.6300,5639.9933,PENDING_AG03,FALSE,NOT_FOR_ENFORCEMENT,6370.7660,13999.0400,6567.8000,6370.7660,197.0340,0.38193766,0.37047953,197.0340,6370.7660,0.37047953,197.0340,197.0340,197.0340,197.0340,197.0340,6370.7660,0.37047953,985.1700,927.8067,5582.6300,5639.9933,0.32464701,0.32798286,0.01145813,521.0909,437.3333,199.0242,1313.5600,273.6583,3439.2000,6.6000,,521.0909,98.0,500.0,1000.0,1126.7999,1210.0,2000.0,142.0,-38.0,2.42,4.0,1.042182,17,21,6,3,0E-8,0.38193766,,0E-8,0.000000,0.839265,0.000000,,2026-04-25,2026-05-09,5,24,23,15,0.333333,,,0.000000,,,,,,,,GLOBAL_BASELINE_NO_ENTITY_RANKING,,,NOT_APPLICABLE_GLOBAL_BASELINE,HF9g-P5,,,,X 全窗基线 · 不参与实体赏罚,14191881,1420,A168_HF9F_20260827_0900,2026-08-27 09:00:00
2026-05-08,148896725,550,0,500.0000000000,500.0000000000,500.0000000000,1.0000000,1,1,0.49324550000000000,0.493245500000,1.01360149184955,1.01360149184955,1.01360149184955,0E-17,ELIGIBLE,R03b_20260811_FULL_v1,L1_ELIGIBILITY,v2026-08-11,2026-03-21..2026-08-06,baccarat_bet02_101_all_pairs_incl_sentinel,round_win = game_pnl > 0 (decisive only),COMPATIBILITY_ONLY_NOT_PRODUCTION,17196.0000,14432.0000,6567.8000,33,33,-0.38193766,,-0.38193766,-0.38193766,-6567.8000,17196.0000,OK,0.0000,197.0340,3.0000,97.0000,AG03-UNRESOLVED,ALL5_LEVELS_bet23_to_bet27,197.0340,197.0340,197.0340,197.0340,197.0340,3.000000,3.000000,3.000000,3.000000,3.000000,97.000000,97.000000,97.000000,97.000000,97.000000,5.0,985.1700,927.8067,5582.6300,5639.9933,PENDING_AG03,FALSE,NOT_FOR_ENFORCEMENT,6370.7660,13999.0400,6567.8000,6370.7660,197.0340,0.38193766,0.37047953,197.0340,6370.7660,0.37047953,197.0340,197.0340,197.0340,197.0340,197.0340,6370.7660,0.37047953,985.1700,927.8067,5582.6300,5639.9933,0.32464701,0.32798286,0.01145813,521.0909,437.3333,199.0242,1313.5600,273.6583,3439.2000,6.6000,,521.0909,98.0,500.0,1000.0,1126.7999,1210.0,2000.0,142.0,-38.0,2.42,4.0,1.042182,17,21,6,3,0E-8,0.38193766,,0E-8,0.000000,0.839265,0.000000,,2026-04-25,2026-05-09,5,24,23,15,0.333333,,,0.000000,,,,,,,,GLOBAL_BASELINE_NO_ENTITY_RANKING,,,NOT_APPLICABLE_GLOBAL_BASELINE,HF9g-P5,,,,X 全窗基线 · 不参与实体赏罚,14191882,1420,A168_HF9F_20260827_0900,2026-08-27 09:00:00
2026-05-08,148896725,752,0,1580.0000000000,526.0000000000,526.0000000000,0.5000000,2,2,0.49994810000000000,0.499948100000,0.00014679536856514622,0.00014679536856514622,0.00014679536856514622,0E-17,ELIGIBLE,R03b_20260811_FULL_v1,L1_ELIGIBILITY,v2026-08-11,2026-03-21..2026-08-06,baccarat_bet02_101_all_pairs_incl_sentinel,round_win = game_pnl > 0 (decisive only),COMPATIBILITY_ONLY_NOT_PRODUCTION,17196.0000,14432.0000,6567.8000,33,33,-0.38193766,,-0.38193766,-0.38193766,-6567.8000,17196.0000,OK,0.0000,197.0340,3.0000,97.0000,AG03-UNRESOLVED,ALL5_LEVELS_bet23_to_bet27,197.0340,197.0340,197.0340,197.0340,197.0340,3.000000,3.000000,3.000000,3.000000,3.000000,97.000000,97.000000,97.000000,97.000000,97.000000,5.0,985.1700,927.8067,5582.6300,5639.9933,PENDING_AG03,FALSE,NOT_FOR_ENFORCEMENT,6370.7660,13999.0400,6567.8000,6370.7660,197.0340,0.38193766,0.37047953,197.0340,6370.7660,0.37047953,197.0340,197.0340,197.0340,197.0340,197.0340,6370.7660,0.37047953,985.1700,927.8067,5582.6300,5639.9933,0.32464701,0.32798286,0.01145813,521.0909,437.3333,199.0242,1313.5600,273.6583,3439.2000,6.6000,,521.0909,98.0,500.0,1000.0,1126.7999,1210.0,2000.0,142.0,-38.0,2.42,4.0,1.042182,17,21,6,3,0E-8,0.38193766,,0E-8,0.000000,0.839265,0.000000,,2026-04-25,2026-05-09,5,24,23,15,0.333333,,,0.000000,,,,,,,,GLOBAL_BASELINE_NO_ENTITY_RANKING,,,NOT_APPLICABLE_GLOBAL_BASELINE,HF9g-P5,,,,X 全窗基线 · 不参与实体赏罚,14191883,1420,A168_HF9F_20260827_0900,2026-08-27 09:00:00
2026-05-08,148896725,986,0,554.0000000000,0E-10,0E-10,,1,1,0.50665070000000000,0.506650700000,,,,0E-17,NO_DECISIVE_ROUND,R03b_20260811_FULL_v1,L1_ELIGIBILITY,v2026-08-11,2026-03-21..2026-08-06,baccarat_bet02_101_all_pairs_incl_sentinel,round_win = game_pnl > 0 (decisive only),COMPATIBILITY_ONLY_NOT_PRODUCTION,17196.0000,14432.0000,6567.8000,33,33,-0.38193766,,-0.38193766,-0.38193766,-6567.8000,17196.0000,OK,0.0000,197.0340,3.0000,97.0000,AG03-UNRESOLVED,ALL5_LEVELS_bet23_to_bet27,197.0340,197.0340,197.0340,197.0340,197.0340,3.000000,3.000000,3.000000,3.000000,3.000000,97.000000,97.000000,97.000000,97.000000,97.000000,5.0,985.1700,927.8067,5582.6300,5639.9933,PENDING_AG03,FALSE,NOT_FOR_ENFORCEMENT,6370.7660,13999.0400,6567.8000,6370.7660,197.0340,0.38193766,0.37047953,197.0340,6370.7660,0.37047953,197.0340,197.0340,197.0340,197.0340,197.0340,6370.7660,0.37047953,985.1700,927.8067,5582.6300,5639.9933,0.32464701,0.32798286,0.01145813,521.0909,437.3333,199.0242,1313.5600,273.6583,3439.2000,6.6000,,521.0909,98.0,500.0,1000.0,1126.7999,1210.0,2000.0,142.0,-38.0,2.42,4.0,1.042182,17,21,6,3,0E-8,0.38193766,,0E-8,0.000000,0.839265,0.000000,,2026-04-25,2026-05-09,5,24,23,15,0.333333,,,0.000000,,,,,,,,GLOBAL_BASELINE_NO_ENTITY_RANKING,,,NOT_APPLICABLE_GLOBAL_BASELINE,HF9g-P5,,,,X 全窗基线 · 不参与实体赏罚,14191884,1420,A168_HF9F_20260827_0900,2026-08-27 09:00:00
2026-05-09,148896725,1704,0,92.0000000000,-92.0000000000,-92.0000000000,0E-7,1,1,0.49324550000000000,0.493245500000,-0.9865810262130424,-0.9865810262130424,-0.9865810262130424,0E-17,ELIGIBLE,R03b_20260811_FULL_v1,L1_ELIGIBILITY,v2026-08-11,2026-03-21..2026-08-06,baccarat_bet02_101_all_pairs_incl_sentinel,round_win = game_pnl > 0 (decisive only),COMPATIBILITY_ONLY_NOT_PRODUCTION,17196.0000,14432.0000,6567.8000,33,33,-0.38193766,,-0.38193766,-0.38193766,-6567.8000,17196.0000,OK,0.0000,197.0340,3.0000,97.0000,AG03-UNRESOLVED,ALL5_LEVELS_bet23_to_bet27,197.0340,197.0340,197.0340,197.0340,197.0340,3.000000,3.000000,3.000000,3.000000,3.000000,97.000000,97.000000,97.000000,97.000000,97.000000,5.0,985.1700,927.8067,5582.6300,5639.9933,PENDING_AG03,FALSE,NOT_FOR_ENFORCEMENT,6370.7660,13999.0400,6567.8000,6370.7660,197.0340,0.38193766,0.37047953,197.0340,6370.7660,0.37047953,197.0340,197.0340,197.0340,197.0340,197.0340,6370.7660,0.37047953,985.1700,927.8067,5582.6300,5639.9933,0.32464701,0.32798286,0.01145813,521.0909,437.3333,199.0242,1313.5600,273.6583,3439.2000,6.6000,,521.0909,98.0,500.0,1000.0,1126.7999,1210.0,2000.0,142.0,-38.0,2.42,4.0,1.042182,17,21,6,3,0E-8,0.38193766,,0E-8,0.000000,0.839265,0.000000,,2026-04-25,2026-05-09,5,24,23,15,0.333333,,,0.000000,,,,,,,,GLOBAL_BASELINE_NO_ENTITY_RANKING,,,NOT_APPLICABLE_GLOBAL_BASELINE,HF9g-P5,,,,X 全窗基线 · 不参与实体赏罚,14191885,1420,A168_HF9F_20260827_0900,2026-08-27 09:00:00
2026-05-09,148896725,1942,0,114.0000000000,-38.0000000000,-38.0000000000,0.5000000,2,2,0.49994810000000000,0.499948100000,0.00014679536856514622,0.00014679536856514622,0.00014679536856514622,0E-17,ELIGIBLE,R03b_20260811_FULL_v1,L1_ELIGIBILITY,v2026-08-11,2026-03-21..2026-08-06,baccarat_bet02_101_all_pairs_incl_sentinel,round_win = game_pnl > 0 (decisive only),COMPATIBILITY_ONLY_NOT_PRODUCTION,17196.0000,14432.0000,6567.8000,33,33,-0.38193766,,-0.38193766,-0.38193766,-6567.8000,17196.0000,OK,0.0000,197.0340,3.0000,97.0000,AG03-UNRESOLVED,ALL5_LEVELS_bet23_to_bet27,197.0340,197.0340,197.0340,197.0340,197.0340,3.000000,3.000000,3.000000,3.000000,3.000000,97.000000,97.000000,97.000000,97.000000,97.000000,5.0,985.1700,927.8067,5582.6300,5639.9933,PENDING_AG03,FALSE,NOT_FOR_ENFORCEMENT,6370.7660,13999.0400,6567.8000,6370.7660,197.0340,0.38193766,0.37047953,197.0340,6370.7660,0.37047953,197.0340,197.0340,197.0340,197.0340,197.0340,6370.7660,0.37047953,985.1700,927.8067,5582.6300,5639.9933,0.32464701,0.32798286,0.01145813,521.0909,437.3333,199.0242,1313.5600,273.6583,3439.2000,6.6000,,521.0909,98.0,500.0,1000.0,1126.7999,1210.0,2000.0,142.0,-38.0,2.42,4.0,1.042182,17,21,6,3,0E-8,0.38193766,,0E-8,0.000000,0.839265,0.000000,,2026-04-25,2026-05-09,5,24,23,15,0.333333,,,0.000000,,,,,,,,GLOBAL_BASELINE_NO_ENTITY_RANKING,,,NOT_APPLICABLE_GLOBAL_BASELINE,HF9g-P5,,,,X 全窗基线 · 不参与实体赏罚,14191886,1420,A168_HF9F_20260827_0900,2026-08-27 09:00:00
2026-05-31,145912402,2160,0,344.4860698448,34.4486069842,34.4486069842,0.5714286,8,8,0.50665070000000000,0.506650700000,0.34280260342128577,0.34280260342128577,0.34280260342128577,0E-17,ELIGIBLE,R03b_20260811_FULL_v1,L1_ELIGIBILITY,v2026-08-11,2026-03-21..2026-08-06,baccarat_bet02_101_all_pairs_incl_sentinel,round_win = game_pnl > 0 (decisive only),COMPATIBILITY_ONLY_NOT_PRODUCTION,21627.4814,16632.4334,6636.7825,37,37,-0.30686803,,-0.30686803,-0.30686803,-6636.7825,21627.4814,OK,0.0000,265.4713,4.0000,96.0000,AG03-UNRESOLVED,ALL5_LEVELS_bet23_to_bet27,265.4713,265.4713,331.8391,365.0230,365.0230,4.000000,4.000000,5.000000,5.500000,5.500000,96.000000,96.000000,95.000000,94.500000,94.500000,5.0,1592.8278,1447.7395,5043.9547,5189.043,PENDING_AG03,FALSE,NOT_FOR_ENFORCEMENT,6371.3112,15967.1360,6636.7825,6371.3112,265.4713,0.30686803,0.29459330,265.4713,6371.3112,0.29459330,265.4713,265.4713,331.8391,365.0230,365.0230,6371.3112,0.29459330,1592.8278,1447.7395,5043.9547,5189.043,0.23321970,0.23992822,0.01227472,584.5265,449.5252,179.3725,2212.2608,510.5217,7209.1605,12.3333,,584.5265,68.4666,430.6076,1076.5189,1076.5189,1076.5189,1076.5189,211.8589,-43.0608,2.5,2.5,1.357446,12,12,3,2,0E-8,0.30686803,,0E-8,0.000000,0.769042,0.189189,,2026-05-31,2026-06-28,3,13,13,29,0.103448,,,0.000000,,,,,,,,GLOBAL_BASELINE_NO_ENTITY_RANKING,,,NOT_APPLICABLE_GLOBAL_BASELINE,HF9g-P5,,,,X 全窗基线 · 不参与实体赏罚,14191887,1420,A168_HF9F_20260827_0900,2026-08-27 09:00:00
2026-05-31,145912402,2252,0,382.3795375275,-170.5206045731,-170.5206045731,0.3333333,3,3,0.49324550000000000,0.493245500000,-0.5540025479526107,-0.5540025479526106,-0.5540025479526107,0E-17,ELIGIBLE,R03b_20260811_FULL_v1,L1_ELIGIBILITY,v2026-08-11,2026-03-21..2026-08-06,baccarat_bet02_101_all_pairs_incl_sentinel,round_win = game_pnl > 0 (decisive only),COMPATIBILITY_ONLY_NOT_PRODUCTION,21627.4814,16632.4334,6636.7825,37,37,-0.30686803,,-0.30686803,-0.30686803,-6636.7825,21627.4814,OK,0.0000,265.4713,4.0000,96.0000,AG03-UNRESOLVED,ALL5_LEVELS_bet23_to_bet27,265.4713,265.4713,331.8391,365.0230,365.0230,4.000000,4.000000,5.000000,5.500000,5.500000,96.000000,96.000000,95.000000,94.500000,94.500000,5.0,1592.8278,1447.7395,5043.9547,5189.043,PENDING_AG03,FALSE,NOT_FOR_ENFORCEMENT,6371.3112,15967.1360,6636.7825,6371.3112,265.4713,0.30686803,0.29459330,265.4713,6371.3112,0.29459330,265.4713,265.4713,331.8391,365.0230,365.0230,6371.3112,0.29459330,1592.8278,1447.7395,5043.9547,5189.043,0.23321970,0.23992822,0.01227472,584.5265,449.5252,179.3725,2212.2608,510.5217,7209.1605,12.3333,,584.5265,68.4666,430.6076,1076.5189,1076.5189,1076.5189,1076.5189,211.8589,-43.0608,2.5,2.5,1.357446,12,12,3,2,0E-8,0.30686803,,0E-8,0.000000,0.769042,0.189189,,2026-05-31,2026-06-28,3,13,13,29,0.103448,,,0.000000,,,,,,,,GLOBAL_BASELINE_NO_ENTITY_RANKING,,,NOT_APPLICABLE_GLOBAL_BASELINE,HF9g-P5,,,,X 全窗基线 · 不参与实体赏罚,14191888,1420,A168_HF9F_20260827_0900,2026-08-27 09:00:00
2026-05-31,145912402,583,0,69.7584291435,66.2705076863,66.2705076863,1.0000000,1,1,0.50665070000000000,0.506650700000,0.9867858985152569,0.9867858985152569,0.9867858985152569,0E-17,ELIGIBLE,R03b_20260811_FULL_v1,L1_ELIGIBILITY,v2026-08-11,2026-03-21..2026-08-06,baccarat_bet02_101_all_pairs_incl_sentinel,round_win = game_pnl > 0 (decisive only),COMPATIBILITY_ONLY_NOT_PRODUCTION,21627.4814,16632.4334,6636.7825,37,37,-0.30686803,,-0.30686803,-0.30686803,-6636.7825,21627.4814,OK,0.0000,265.4713,4.0000,96.0000,AG03-UNRESOLVED,ALL5_LEVELS_bet23_to_bet27,265.4713,265.4713,331.8391,365.0230,365.0230,4.000000,4.000000,5.000000,5.500000,5.500000,96.000000,96.000000,95.000000,94.500000,94.500000,5.0,1592.8278,1447.7395,5043.9547,5189.043,PENDING_AG03,FALSE,NOT_FOR_ENFORCEMENT,6371.3112,15967.1360,6636.7825,6371.3112,265.4713,0.30686803,0.29459330,265.4713,6371.3112,0.29459330,265.4713,265.4713,331.8391,365.0230,365.0230,6371.3112,0.29459330,1592.8278,1447.7395,5043.9547,5189.043,0.23321970,0.23992822,0.01227472,584.5265,449.5252,179.3725,2212.2608,510.5217,7209.1605,12.3333,,584.5265,68.4666,430.6076,1076.5189,1076.5189,1076.5189,1076.5189,211.8589,-43.0608,2.5,2.5,1.357446,12,12,3,2,0E-8,0.30686803,,0E-8,0.000000,0.769042,0.189189,,2026-05-31,2026-06-28,3,13,13,29,0.103448,,,0.000000,,,,,,,,GLOBAL_BASELINE_NO_ENTITY_RANKING,,,NOT_APPLICABLE_GLOBAL_BASELINE,HF9g-P5,,,,X 全窗基线 · 不参与实体赏罚,14191889,1420,A168_HF9F_20260827_0900,2026-08-27 09:00:00
2026-06-21,145912402,2250,0,107.6518968264,-107.6518968264,-107.6518968264,0E-7,1,1,0.49324550000000000,0.493245500000,-0.9865810262130424,-0.9865810262130424,-0.9865810262130424,0E-17,ELIGIBLE,R03b_20260811_FULL_v1,L1_ELIGIBILITY,v2026-08-11,2026-03-21..2026-08-06,baccarat_bet02_101_all_pairs_incl_sentinel,round_win = game_pnl > 0 (decisive only),COMPATIBILITY_ONLY_NOT_PRODUCTION,21627.4814,16632.4334,6636.7825,37,37,-0.30686803,,-0.30686803,-0.30686803,-6636.7825,21627.4814,OK,0.0000,265.4713,4.0000,96.0000,AG03-UNRESOLVED,ALL5_LEVELS_bet23_to_bet27,265.4713,265.4713,331.8391,365.0230,365.0230,4.000000,4.000000,5.000000,5.500000,5.500000,96.000000,96.000000,95.000000,94.500000,94.500000,5.0,1592.8278,1447.7395,5043.9547,5189.043,PENDING_AG03,FALSE,NOT_FOR_ENFORCEMENT,6371.3112,15967.1360,6636.7825,6371.3112,265.4713,0.30686803,0.29459330,265.4713,6371.3112,0.29459330,265.4713,265.4713,331.8391,365.0230,365.0230,6371.3112,0.29459330,1592.8278,1447.7395,5043.9547,5189.043,0.23321970,0.23992822,0.01227472,584.5265,449.5252,179.3725,2212.2608,510.5217,7209.1605,12.3333,,584.5265,68.4666,430.6076,1076.5189,1076.5189,1076.5189,1076.5189,211.8589,-43.0608,2.5,2.5,1.357446,12,12,3,2,0E-8,0.30686803,,0E-8,0.000000,0.769042,0.189189,,2026-05-31,2026-06-28,3,13,13,29,0.103448,,,0.000000,,,,,,,,GLOBAL_BASELINE_NO_ENTITY_RANKING,,,NOT_APPLICABLE_GLOBAL_BASELINE,HF9g-P5,,,,X 全窗基线 · 不参与实体赏罚,14191890,1420,A168_HF9F_20260827_0900,2026-08-27 09:00:00
2026-06-28,145912402,-1,1,3014.2531111397,-861.2151746113,-861.2151746113,0.3333333,5,5,0.49324550000000000,0.493245500000,-0.5540025479526107,-0.5540025479526106,-0.5540025479526107,0E-17,SENTINEL_DEALER,R03b_20260811_FULL_v1,L1_ELIGIBILITY,v2026-08-11,2026-03-21..2026-08-06,baccarat_bet02_101_all_pairs_incl_sentinel,round_win = game_pnl > 0 (decisive only),COMPATIBILITY_ONLY_NOT_PRODUCTION,21627.4814,16632.4334,6636.7825,37,37,-0.30686803,,-0.30686803,-0.30686803,-6636.7825,21627.4814,OK,0.0000,265.4713,4.0000,96.0000,AG03-UNRESOLVED,ALL5_LEVELS_bet23_to_bet27,265.4713,265.4713,331.8391,365.0230,365.0230,4.000000,4.000000,5.000000,5.500000,5.500000,96.000000,96.000000,95.000000,94.500000,94.500000,5.0,1592.8278,1447.7395,5043.9547,5189.043,PENDING_AG03,FALSE,NOT_FOR_ENFORCEMENT,6371.3112,15967.1360,6636.7825,6371.3112,265.4713,0.30686803,0.29459330,265.4713,6371.3112,0.29459330,265.4713,265.4713,331.8391,365.0230,365.0230,6371.3112,0.29459330,1592.8278,1447.7395,5043.9547,5189.043,0.23321970,0.23992822,0.01227472,584.5265,449.5252,179.3725,2212.2608,510.5217,7209.1605,12.3333,,584.5265,68.4666,430.6076,1076.5189,1076.5189,1076.5189,1076.5189,211.8589,-43.0608,2.5,2.5,1.357446,12,12,3,2,0E-8,0.30686803,,0E-8,0.000000,0.769042,0.189189,,2026-05-31,2026-06-28,3,13,13,29,0.103448,,,0.000000,,,,,,,,GLOBAL_BASELINE_NO_ENTITY_RANKING,,,NOT_APPLICABLE_GLOBAL_BASELINE,HF9g-P5,,,,X 全窗基线 · 不参与实体赏罚,14191891,1420,A168_HF9F_20260827_0900,2026-08-27 09:00:00
2026-06-28,145912402,1382,0,430.6075873057,0E-10,0E-10,,1,1,0.50665070000000000,0.506650700000,,,,0E-17,NO_DECISIVE_ROUND,R03b_20260811_FULL_v1,L1_ELIGIBILITY,v2026-08-11,2026-03-21..2026-08-06,baccarat_bet02_101_all_pairs_incl_sentinel,round_win = game_pnl > 0 (decisive only),COMPATIBILITY_ONLY_NOT_PRODUCTION,21627.4814,16632.4334,6636.7825,37,37,-0.30686803,,-0.30686803,-0.30686803,-6636.7825,21627.4814,OK,0.0000,265.4713,4.0000,96.0000,AG03-UNRESOLVED,ALL5_LEVELS_bet23_to_bet27,265.4713,265.4713,331.8391,365.0230,365.0230,4.000000,4.000000,5.000000,5.500000,5.500000,96.000000,96.000000,95.000000,94.500000,94.500000,5.0,1592.8278,1447.7395,5043.9547,5189.043,PENDING_AG03,FALSE,NOT_FOR_ENFORCEMENT,6371.3112,15967.1360,6636.7825,6371.3112,265.4713,0.30686803,0.29459330,265.4713,6371.3112,0.29459330,265.4713,265.4713,331.8391,365.0230,365.0230,6371.3112,0.29459330,1592.8278,1447.7395,5043.9547,5189.043,0.23321970,0.23992822,0.01227472,584.5265,449.5252,179.3725,2212.2608,510.5217,7209.1605,12.3333,,584.5265,68.4666,430.6076,1076.5189,1076.5189,1076.5189,1076.5189,211.8589,-43.0608,2.5,2.5,1.357446,12,12,3,2,0E-8,0.30686803,,0E-8,0.000000,0.769042,0.189189,,2026-05-31,2026-06-28,3,13,13,29,0.103448,,,0.000000,,,,,,,,GLOBAL_BASELINE_NO_ENTITY_RANKING,,,NOT_APPLICABLE_GLOBAL_BASELINE,HF9g-P5,,,,X 全窗基线 · 不参与实体赏罚,14191892,1420,A168_HF9F_20260827_0900,2026-08-27 09:00:00
2026-06-28,145912402,2106,0,968.8670714378,-968.8670714378,-968.8670714378,0E-7,1,1,0.49324550000000000,0.493245500000,-0.9865810262130424,-0.9865810262130424,-0.9865810262130424,0E-17,ELIGIBLE,R03b_20260811_FULL_v1,L1_ELIGIBILITY,v2026-08-11,2026-03-21..2026-08-06,baccarat_bet02_101_all_pairs_incl_sentinel,round_win = game_pnl > 0 (decisive only),COMPATIBILITY_ONLY_NOT_PRODUCTION,21627.4814,16632.4334,6636.7825,37,37,-0.30686803,,-0.30686803,-0.30686803,-6636.7825,21627.4814,OK,0.0000,265.4713,4.0000,96.0000,AG03-UNRESOLVED,ALL5_LEVELS_bet23_to_bet27,265.4713,265.4713,331.8391,365.0230,365.0230,4.000000,4.000000,5.000000,5.500000,5.500000,96.000000,96.000000,95.000000,94.500000,94.500000,5.0,1592.8278,1447.7395,5043.9547,5189.043,PENDING_AG03,FALSE,NOT_FOR_ENFORCEMENT,6371.3112,15967.1360,6636.7825,6371.3112,265.4713,0.30686803,0.29459330,265.4713,6371.3112,0.29459330,265.4713,265.4713,331.8391,365.0230,365.0230,6371.3112,0.29459330,1592.8278,1447.7395,5043.9547,5189.043,0.23321970,0.23992822,0.01227472,584.5265,449.5252,179.3725,2212.2608,510.5217,7209.1605,12.3333,,584.5265,68.4666,430.6076,1076.5189,1076.5189,1076.5189,1076.5189,211.8589,-43.0608,2.5,2.5,1.357446,12,12,3,2,0E-8,0.30686803,,0E-8,0.000000,0.769042,0.189189,,2026-05-31,2026-06-28,3,13,13,29,0.103448,,,0.000000,,,,,,,,GLOBAL_BASELINE_NO_ENTITY_RANKING,,,NOT_APPLICABLE_GLOBAL_BASELINE,HF9g-P5,,,,X 全窗基线 · 不参与实体赏罚,14191893,1420,A168_HF9F_20260827_0900,2026-08-27 09:00:00
2026-06-28,145912402,2129,0,1076.5189682642,-1076.5189682642,-1076.5189682642,0E-7,1,1,0.49324550000000000,0.493245500000,-0.9865810262130424,-0.9865810262130424,-0.9865810262130424,0E-17,ELIGIBLE,R03b_20260811_FULL_v1,L1_ELIGIBILITY,v2026-08-11,2026-03-21..2026-08-06,baccarat_bet02_101_all_pairs_incl_sentinel,round_win = game_pnl > 0 (decisive only),COMPATIBILITY_ONLY_NOT_PRODUCTION,21627.4814,16632.4334,6636.7825,37,37,-0.30686803,,-0.30686803,-0.30686803,-6636.7825,21627.4814,OK,0.0000,265.4713,4.0000,96.0000,AG03-UNRESOLVED,ALL5_LEVELS_bet23_to_bet27,265.4713,265.4713,331.8391,365.0230,365.0230,4.000000,4.000000,5.000000,5.500000,5.500000,96.000000,96.000000,95.000000,94.500000,94.500000,5.0,1592.8278,1447.7395,5043.9547,5189.043,PENDING_AG03,FALSE,NOT_FOR_ENFORCEMENT,6371.3112,15967.1360,6636.7825,6371.3112,265.4713,0.30686803,0.29459330,265.4713,6371.3112,0.29459330,265.4713,265.4713,331.8391,365.0230,365.0230,6371.3112,0.29459330,1592.8278,1447.7395,5043.9547,5189.043,0.23321970,0.23992822,0.01227472,584.5265,449.5252,179.3725,2212.2608,510.5217,7209.1605,12.3333,,584.5265,68.4666,430.6076,1076.5189,1076.5189,1076.5189,1076.5189,211.8589,-43.0608,2.5,2.5,1.357446,12,12,3,2,0E-8,0.30686803,,0E-8,0.000000,0.769042,0.189189,,2026-05-31,2026-06-28,3,13,13,29,0.103448,,,0.000000,,,,,,,,GLOBAL_BASELINE_NO_ENTITY_RANKING,,,NOT_APPLICABLE_GLOBAL_BASELINE,HF9g-P5,,,,X 全窗基线 · 不参与实体赏罚,14191894,1420,A168_HF9F_20260827_0900,2026-08-27 09:00:00
2026-06-28,145912402,2216,0,3175.9462601731,968.6517676441,968.6517676441,0.5000000,4,4,0.50329940000000000,0.503299400000,-0.01319788734859681,-0.01319788734859681,-0.01319788734859681,0E-17,ELIGIBLE,R03b_20260811_FULL_v1,L1_ELIGIBILITY,v2026-08-11,2026-03-21..2026-08-06,baccarat_bet02_101_all_pairs_incl_sentinel,round_win = game_pnl > 0 (decisive only),COMPATIBILITY_ONLY_NOT_PRODUCTION,21627.4814,16632.4334,6636.7825,37,37,-0.30686803,,-0.30686803,-0.30686803,-6636.7825,21627.4814,OK,0.0000,265.4713,4.0000,96.0000,AG03-UNRESOLVED,ALL5_LEVELS_bet23_to_bet27,265.4713,265.4713,331.8391,365.0230,365.0230,4.000000,4.000000,5.000000,5.500000,5.500000,96.000000,96.000000,95.000000,94.500000,94.500000,5.0,1592.8278,1447.7395,5043.9547,5189.043,PENDING_AG03,FALSE,NOT_FOR_ENFORCEMENT,6371.3112,15967.1360,6636.7825,6371.3112,265.4713,0.30686803,0.29459330,265.4713,6371.3112,0.29459330,265.4713,265.4713,331.8391,365.0230,365.0230,6371.3112,0.29459330,1592.8278,1447.7395,5043.9547,5189.043,0.23321970,0.23992822,0.01227472,584.5265,449.5252,179.3725,2212.2608,510.5217,7209.1605,12.3333,,584.5265,68.4666,430.6076,1076.5189,1076.5189,1076.5189,1076.5189,211.8589,-43.0608,2.5,2.5,1.357446,12,12,3,2,0E-8,0.30686803,,0E-8,0.000000,0.769042,0.189189,,2026-05-31,2026-06-28,3,13,13,29,0.103448,,,0.000000,,,,,,,,GLOBAL_BASELINE_NO_ENTITY_RANKING,,,NOT_APPLICABLE_GLOBAL_BASELINE,HF9g-P5,,,,X 全窗基线 · 不参与实体赏罚,14191895,1420,A168_HF9F_20260827_0900,2026-08-27 09:00:00
2026-06-28,145912402,2222,0,215.3037936528,-215.3037936528,-215.3037936528,0E-7,1,1,0.50665070000000000,0.506650700000,-1.013391052207602,-1.013391052207602,-1.013391052207602,0E-17,ELIGIBLE,R03b_20260811_FULL_v1,L1_ELIGIBILITY,v2026-08-11,2026-03-21..2026-08-06,baccarat_bet02_101_all_pairs_incl_sentinel,round_win = game_pnl > 0 (decisive only),COMPATIBILITY_ONLY_NOT_PRODUCTION,21627.4814,16632.4334,6636.7825,37,37,-0.30686803,,-0.30686803,-0.30686803,-6636.7825,21627.4814,OK,0.0000,265.4713,4.0000,96.0000,AG03-UNRESOLVED,ALL5_LEVELS_bet23_to_bet27,265.4713,265.4713,331.8391,365.0230,365.0230,4.000000,4.000000,5.000000,5.500000,5.500000,96.000000,96.000000,95.000000,94.500000,94.500000,5.0,1592.8278,1447.7395,5043.9547,5189.043,PENDING_AG03,FALSE,NOT_FOR_ENFORCEMENT,6371.3112,15967.1360,6636.7825,6371.3112,265.4713,0.30686803,0.29459330,265.4713,6371.3112,0.29459330,265.4713,265.4713,331.8391,365.0230,365.0230,6371.3112,0.29459330,1592.8278,1447.7395,5043.9547,5189.043,0.23321970,0.23992822,0.01227472,584.5265,449.5252,179.3725,2212.2608,510.5217,7209.1605,12.3333,,584.5265,68.4666,430.6076,1076.5189,1076.5189,1076.5189,1076.5189,211.8589,-43.0608,2.5,2.5,1.357446,12,12,3,2,0E-8,0.30686803,,0E-8,0.000000,0.769042,0.189189,,2026-05-31,2026-06-28,3,13,13,29,0.103448,,,0.000000,,,,,,,,GLOBAL_BASELINE_NO_ENTITY_RANKING,,,NOT_APPLICABLE_GLOBAL_BASELINE,HF9g-P5,,,,X 全窗基线 · 不参与实体赏罚,14191896,1420,A168_HF9F_20260827_0900,2026-08-27 09:00:00
2026-06-28,145912402,2223,0,4306.0758730568,-2153.0379365284,-2153.0379365284,0E-7,4,4,0.49324550000000000,0.493245500000,-1.3952362676504506,-1.3952362676504506,-1.3952362676504506,0E-17,ELIGIBLE,R03b_20260811_FULL_v1,L1_ELIGIBILITY,v2026-08-11,2026-03-21..2026-08-06,baccarat_bet02_101_all_pairs_incl_sentinel,round_win = game_pnl > 0 (decisive only),COMPATIBILITY_ONLY_NOT_PRODUCTION,21627.4814,16632.4334,6636.7825,37,37,-0.30686803,,-0.30686803,-0.30686803,-6636.7825,21627.4814,OK,0.0000,265.4713,4.0000,96.0000,AG03-UNRESOLVED,ALL5_LEVELS_bet23_to_bet27,265.4713,265.4713,331.8391,365.0230,365.0230,4.000000,4.000000,5.000000,5.500000,5.500000,96.000000,96.000000,95.000000,94.500000,94.500000,5.0,1592.8278,1447.7395,5043.9547,5189.043,PENDING_AG03,FALSE,NOT_FOR_ENFORCEMENT,6371.3112,15967.1360,6636.7825,6371.3112,265.4713,0.30686803,0.29459330,265.4713,6371.3112,0.29459330,265.4713,265.4713,331.8391,365.0230,365.0230,6371.3112,0.29459330,1592.8278,1447.7395,5043.9547,5189.043,0.23321970,0.23992822,0.01227472,584.5265,449.5252,179.3725,2212.2608,510.5217,7209.1605,12.3333,,584.5265,68.4666,430.6076,1076.5189,1076.5189,1076.5189,1076.5189,211.8589,-43.0608,2.5,2.5,1.357446,12,12,3,2,0E-8,0.30686803,,0E-8,0.000000,0.769042,0.189189,,2026-05-31,2026-06-28,3,13,13,29,0.103448,,,0.000000,,,,,,,,GLOBAL_BASELINE_NO_ENTITY_RANKING,,,NOT_APPLICABLE_GLOBAL_BASELINE,HF9g-P5,,,,X 全窗基线 · 不参与实体赏罚,14191897,1420,A168_HF9F_20260827_0900,2026-08-27 09:00:00
2026-06-28,145912402,970,0,7535.6327778494,-2153.0379365284,-2153.0379365284,0.3333333,7,7,0.49899058571428571,0.498990585714,-0.8115531348621552,-0.8115531348607564,-0.8115531348621552,2.8571E-13,ELIGIBLE,R03b_20260811_FULL_v1,L1_ELIGIBILITY,v2026-08-11,2026-03-21..2026-08-06,baccarat_bet02_101_all_pairs_incl_sentinel,round_win = game_pnl > 0 (decisive only),COMPATIBILITY_ONLY_NOT_PRODUCTION,21627.4814,16632.4334,6636.7825,37,37,-0.30686803,,-0.30686803,-0.30686803,-6636.7825,21627.4814,OK,0.0000,265.4713,4.0000,96.0000,AG03-UNRESOLVED,ALL5_LEVELS_bet23_to_bet27,265.4713,265.4713,331.8391,365.0230,365.0230,4.000000,4.000000,5.000000,5.500000,5.500000,96.000000,96.000000,95.000000,94.500000,94.500000,5.0,1592.8278,1447.7395,5043.9547,5189.043,PENDING_AG03,FALSE,NOT_FOR_ENFORCEMENT,6371.3112,15967.1360,6636.7825,6371.3112,265.4713,0.30686803,0.29459330,265.4713,6371.3112,0.29459330,265.4713,265.4713,331.8391,365.0230,365.0230,6371.3112,0.29459330,1592.8278,1447.7395,5043.9547,5189.043,0.23321970,0.23992822,0.01227472,584.5265,449.5252,179.3725,2212.2608,510.5217,7209.1605,12.3333,,584.5265,68.4666,430.6076,1076.5189,1076.5189,1076.5189,1076.5189,211.8589,-43.0608,2.5,2.5,1.357446,12,12,3,2,0E-8,0.30686803,,0E-8,0.000000,0.769042,0.189189,,2026-05-31,2026-06-28,3,13,13,29,0.103448,,,0.000000,,,,,,,,GLOBAL_BASELINE_NO_ENTITY_RANKING,,,NOT_APPLICABLE_GLOBAL_BASELINE,HF9g-P5,,,,X 全窗基线 · 不参与实体赏罚,14191898,1420,A168_HF9F_20260827_0900,2026-08-27 09:00:00
2026-03-21,112874672,1346,0,10.2693735682,-10.2693735682,-10.2693735682,0E-7,1,1,0.50665070000000000,0.506650700000,-1.013391052207602,-1.013391052207602,-1.013391052207602,0E-17,ELIGIBLE,R03b_20260811_FULL_v1,L1_ELIGIBILITY,v2026-08-11,2026-03-21..2026-08-06,baccarat_bet02_101_all_pairs_incl_sentinel,round_win = game_pnl > 0 (decisive only),COMPATIBILITY_ONLY_NOT_PRODUCTION,106707.5342,95075.1759,6638.5039,1274,1273,-0.06221214,,-0.06221214,-0.06221214,-6638.5039,106707.5342,OK,0.0000,265.5402,4.0000,96.0000,AG03-UNRESOLVED,ALL5_LEVELS_bet23_to_bet27,265.5402,265.5402,331.9252,0.0000,0.0000,4.000000,4.000000,5.000000,0.000000,0.000000,96.000000,96.000000,95.000000,100.000000,100.000000,5.0,863.0055,826.361,5775.4984,5812.1429,PENDING_AG03,FALSE,NOT_FOR_ENFORCEMENT,6372.9637,91272.1688,6638.5039,6372.9637,265.5402,0.06221214,0.05972365,265.5402,6372.9637,0.05972365,265.5402,265.5402,331.9252,0.0000,0.0000,6372.9637,0.05972365,863.0055,826.361,5775.4984,5812.1429,0.05412456,0.05446797,0.00248849,83.7579,74.6859,5.2148,265.5402,16.3108,4268.3014,50.9200,,83.7579,52.3519,78.5279,109.939,141.1146,183.2317,261.7596,73.2927,0.0,2.333333,3.333333,1.066601,30,136,60,3,0E-8,0.06221214,,0E-8,0.000000,0.890988,0.000000,,2026-03-21,2026-06-26,25,407,206,98,0.255102,,,0.000000,,,,,,,,GLOBAL_BASELINE_NO_ENTITY_RANKING,,,NOT_APPLICABLE_GLOBAL_BASELINE,HF9g-P5,,,,X 全窗基线 · 不参与实体赏罚,14191899,1420,A168_HF9F_20260827_0900,2026-08-27 09:00:00
2026-03-21,112874672,1396,0,15.7990362588,-15.7990362588,-15.7990362588,0E-7,1,1,0.49324550000000000,0.493245500000,-0.9865810262130424,-0.9865810262130424,-0.9865810262130424,0E-17,ELIGIBLE,R03b_20260811_FULL_v1,L1_ELIGIBILITY,v2026-08-11,2026-03-21..2026-08-06,baccarat_bet02_101_all_pairs_incl_sentinel,round_win = game_pnl > 0 (decisive only),COMPATIBILITY_ONLY_NOT_PRODUCTION,106707.5342,95075.1759,6638.5039,1274,1273,-0.06221214,,-0.06221214,-0.06221214,-6638.5039,106707.5342,OK,0.0000,265.5402,4.0000,96.0000,AG03-UNRESOLVED,ALL5_LEVELS_bet23_to_bet27,265.5402,265.5402,331.9252,0.0000,0.0000,4.000000,4.000000,5.000000,0.000000,0.000000,96.000000,96.000000,95.000000,100.000000,100.000000,5.0,863.0055,826.361,5775.4984,5812.1429,PENDING_AG03,FALSE,NOT_FOR_ENFORCEMENT,6372.9637,91272.1688,6638.5039,6372.9637,265.5402,0.06221214,0.05972365,265.5402,6372.9637,0.05972365,265.5402,265.5402,331.9252,0.0000,0.0000,6372.9637,0.05972365,863.0055,826.361,5775.4984,5812.1429,0.05412456,0.05446797,0.00248849,83.7579,74.6859,5.2148,265.5402,16.3108,4268.3014,50.9200,,83.7579,52.3519,78.5279,109.939,141.1146,183.2317,261.7596,73.2927,0.0,2.333333,3.333333,1.066601,30,136,60,3,0E-8,0.06221214,,0E-8,0.000000,0.890988,0.000000,,2026-03-21,2026-06-26,25,407,206,98,0.255102,,,0.000000,,,,,,,,GLOBAL_BASELINE_NO_ENTITY_RANKING,,,NOT_APPLICABLE_GLOBAL_BASELINE,HF9g-P5,,,,X 全窗基线 · 不参与实体赏罚,14191900,1420,A168_HF9F_20260827_0900,2026-08-27 09:00:00
2026-03-21,112874672,2153,0,13.1658635490,-13.1658635490,-13.1658635490,0E-7,1,1,0.49324550000000000,0.493245500000,-0.9865810262130424,-0.9865810262130424,-0.9865810262130424,0E-17,ELIGIBLE,R03b_20260811_FULL_v1,L1_ELIGIBILITY,v2026-08-11,2026-03-21..2026-08-06,baccarat_bet02_101_all_pairs_incl_sentinel,round_win = game_pnl > 0 (decisive only),COMPATIBILITY_ONLY_NOT_PRODUCTION,106707.5342,95075.1759,6638.5039,1274,1273,-0.06221214,,-0.06221214,-0.06221214,-6638.5039,106707.5342,OK,0.0000,265.5402,4.0000,96.0000,AG03-UNRESOLVED,ALL5_LEVELS_bet23_to_bet27,265.5402,265.5402,331.9252,0.0000,0.0000,4.000000,4.000000,5.000000,0.000000,0.000000,96.000000,96.000000,95.000000,100.000000,100.000000,5.0,863.0055,826.361,5775.4984,5812.1429,PENDING_AG03,FALSE,NOT_FOR_ENFORCEMENT,6372.9637,91272.1688,6638.5039,6372.9637,265.5402,0.06221214,0.05972365,265.5402,6372.9637,0.05972365,265.5402,265.5402,331.9252,0.0000,0.0000,6372.9637,0.05972365,863.0055,826.361,5775.4984,5812.1429,0.05412456,0.05446797,0.00248849,83.7579,74.6859,5.2148,265.5402,16.3108,4268.3014,50.9200,,83.7579,52.3519,78.5279,109.939,141.1146,183.2317,261.7596,73.2927,0.0,2.333333,3.333333,1.066601,30,136,60,3,0E-8,0.06221214,,0E-8,0.000000,0.890988,0.000000,,2026-03-21,2026-06-26,25,407,206,98,0.255102,,,0.000000,,,,,,,,GLOBAL_BASELINE_NO_ENTITY_RANKING,,,NOT_APPLICABLE_GLOBAL_BASELINE,HF9g-P5,,,,X 全窗基线 · 不参与实体赏罚,14191901,1420,A168_HF9F_20260827_0900,2026-08-27 09:00:00
2026-03-21,112874672,2254,0,14.7457671749,-14.7457671749,-14.7457671749,0E-7,1,1,0.49324550000000000,0.493245500000,-0.9865810262130424,-0.9865810262130424,-0.9865810262130424,0E-17,ELIGIBLE,R03b_20260811_FULL_v1,L1_ELIGIBILITY,v2026-08-11,2026-03-21..2026-08-06,baccarat_bet02_101_all_pairs_incl_sentinel,round_win = game_pnl > 0 (decisive only),COMPATIBILITY_ONLY_NOT_PRODUCTION,106707.5342,95075.1759,6638.5039,1274,1273,-0.06221214,,-0.06221214,-0.06221214,-6638.5039,106707.5342,OK,0.0000,265.5402,4.0000,96.0000,AG03-UNRESOLVED,ALL5_LEVELS_bet23_to_bet27,265.5402,265.5402,331.9252,0.0000,0.0000,4.000000,4.000000,5.000000,0.000000,0.000000,96.000000,96.000000,95.000000,100.000000,100.000000,5.0,863.0055,826.361,5775.4984,5812.1429,PENDING_AG03,FALSE,NOT_FOR_ENFORCEMENT,6372.9637,91272.1688,6638.5039,6372.9637,265.5402,0.06221214,0.05972365,265.5402,6372.9637,0.05972365,265.5402,265.5402,331.9252,0.0000,0.0000,6372.9637,0.05972365,863.0055,826.361,5775.4984,5812.1429,0.05412456,0.05446797,0.00248849,83.7579,74.6859,5.2148,265.5402,16.3108,4268.3014,50.9200,,83.7579,52.3519,78.5279,109.939,141.1146,183.2317,261.7596,73.2927,0.0,2.333333,3.333333,1.066601,30,136,60,3,0E-8,0.06221214,,0E-8,0.000000,0.890988,0.000000,,2026-03-21,2026-06-26,25,407,206,98,0.255102,,,0.000000,,,,,,,,GLOBAL_BASELINE_NO_ENTITY_RANKING,,,NOT_APPLICABLE_GLOBAL_BASELINE,HF9g-P5,,,,X 全窗基线 · 不参与实体赏罚,14191902,1420,A168_HF9F_20260827_0900,2026-08-27 09:00:00
2026-03-22,112874672,2101,0,150.3541617296,74.6504463227,74.6504463227,0.6666667,6,6,0.49994810000000000,0.499948100000,0.8167508423630434,0.8167508423630434,0.8167508423630434,0E-17,ELIGIBLE,R03b_20260811_FULL_v1,L1_ELIGIBILITY,v2026-08-11,2026-03-21..2026-08-06,baccarat_bet02_101_all_pairs_incl_sentinel,round_win = game_pnl > 0 (decisive only),COMPATIBILITY_ONLY_NOT_PRODUCTION,106707.5342,95075.1759,6638.5039,1274,1273,-0.06221214,,-0.06221214,-0.06221214,-6638.5039,106707.5342,OK,0.0000,265.5402,4.0000,96.0000,AG03-UNRESOLVED,ALL5_LEVELS_bet23_to_bet27,265.5402,265.5402,331.9252,0.0000,0.0000,4.000000,4.000000,5.000000,0.000000,0.000000,96.000000,96.000000,95.000000,100.000000,100.000000,5.0,863.0055,826.361,5775.4984,5812.1429,PENDING_AG03,FALSE,NOT_FOR_ENFORCEMENT,6372.9637,91272.1688,6638.5039,6372.9637,265.5402,0.06221214,0.05972365,265.5402,6372.9637,0.05972365,265.5402,265.5402,331.9252,0.0000,0.0000,6372.9637,0.05972365,863.0055,826.361,5775.4984,5812.1429,0.05412456,0.05446797,0.00248849,83.7579,74.6859,5.2148,265.5402,16.3108,4268.3014,50.9200,,83.7579,52.3519,78.5279,109.939,141.1146,183.2317,261.7596,73.2927,0.0,2.333333,3.333333,1.066601,30,136,60,3,0E-8,0.06221214,,0E-8,0.000000,0.890988,0.000000,,2026-03-21,2026-06-26,25,407,206,98,0.255102,,,0.000000,,,,,,,,GLOBAL_BASELINE_NO_ENTITY_RANKING,,,NOT_APPLICABLE_GLOBAL_BASELINE,HF9g-P5,,,,X 全窗基线 · 不参与实体赏罚,14191903,1420,A168_HF9F_20260827_0900,2026-08-27 09:00:00
2026-03-22,112874672,526,0,264.6338573347,-264.6338573347,-264.6338573347,0E-7,3,3,0.50665070000000000,0.506650700000,-1.7552447903592512,-1.7552447903592512,-1.7552447903592512,0E-17,ELIGIBLE,R03b_20260811_FULL_v1,L1_ELIGIBILITY,v2026-08-11,2026-03-21..2026-08-06,baccarat_bet02_101_all_pairs_incl_sentinel,round_win = game_pnl > 0 (decisive only),COMPATIBILITY_ONLY_NOT_PRODUCTION,106707.5342,95075.1759,6638.5039,1274,1273,-0.06221214,,-0.06221214,-0.06221214,-6638.5039,106707.5342,OK,0.0000,265.5402,4.0000,96.0000,AG03-UNRESOLVED,ALL5_LEVELS_bet23_to_bet27,265.5402,265.5402,331.9252,0.0000,0.0000,4.000000,4.000000,5.000000,0.000000,0.000000,96.000000,96.000000,95.000000,100.000000,100.000000,5.0,863.0055,826.361,5775.4984,5812.1429,PENDING_AG03,FALSE,NOT_FOR_ENFORCEMENT,6372.9637,91272.1688,6638.5039,6372.9637,265.5402,0.06221214,0.05972365,265.5402,6372.9637,0.05972365,265.5402,265.5402,331.9252,0.0000,0.0000,6372.9637,0.05972365,863.0055,826.361,5775.4984,5812.1429,0.05412456,0.05446797,0.00248849,83.7579,74.6859,5.2148,265.5402,16.3108,4268.3014,50.9200,,83.7579,52.3519,78.5279,109.939,141.1146,183.2317,261.7596,73.2927,0.0,2.333333,3.333333,1.066601,30,136,60,3,0E-8,0.06221214,,0E-8,0.000000,0.890988,0.000000,,2026-03-21,2026-06-26,25,407,206,98,0.255102,,,0.000000,,,,,,,,GLOBAL_BASELINE_NO_ENTITY_RANKING,,,NOT_APPLICABLE_GLOBAL_BASELINE,HF9g-P5,,,,X 全窗基线 · 不参与实体赏罚,14191904,1420,A168_HF9F_20260827_0900,2026-08-27 09:00:00
2026-03-25,112874672,-1,1,497.6696421518,13.1658635489,13.1658635489,0.5000000,8,8,0.49492115000000000,0.494921150000,0.02488246566571863,0.02488246566571863,0.02488246566571863,0E-17,SENTINEL_DEALER,R03b_20260811_FULL_v1,L1_ELIGIBILITY,v2026-08-11,2026-03-21..2026-08-06,baccarat_bet02_101_all_pairs_incl_sentinel,round_win = game_pnl > 0 (decisive only),COMPATIBILITY_ONLY_NOT_PRODUCTION,106707.5342,95075.1759,6638.5039,1274,1273,-0.06221214,,-0.06221214,-0.06221214,-6638.5039,106707.5342,OK,0.0000,265.5402,4.0000,96.0000,AG03-UNRESOLVED,ALL5_LEVELS_bet23_to_bet27,265.5402,265.5402,331.9252,0.0000,0.0000,4.000000,4.000000,5.000000,0.000000,0.000000,96.000000,96.000000,95.000000,100.000000,100.000000,5.0,863.0055,826.361,5775.4984,5812.1429,PENDING_AG03,FALSE,NOT_FOR_ENFORCEMENT,6372.9637,91272.1688,6638.5039,6372.9637,265.5402,0.06221214,0.05972365,265.5402,6372.9637,0.05972365,265.5402,265.5402,331.9252,0.0000,0.0000,6372.9637,0.05972365,863.0055,826.361,5775.4984,5812.1429,0.05412456,0.05446797,0.00248849,83.7579,74.6859,5.2148,265.5402,16.3108,4268.3014,50.9200,,83.7579,52.3519,78.5279,109.939,141.1146,183.2317,261.7596,73.2927,0.0,2.333333,3.333333,1.066601,30,136,60,3,0E-8,0.06221214,,0E-8,0.000000,0.890988,0.000000,,2026-03-21,2026-06-26,25,407,206,98,0.255102,,,0.000000,,,,,,,,GLOBAL_BASELINE_NO_ENTITY_RANKING,,,NOT_APPLICABLE_GLOBAL_BASELINE,HF9g-P5,,,,X 全窗基线 · 不参与实体赏罚,14191905,1420,A168_HF9F_20260827_0900,2026-08-27 09:00:00
2026-03-25,112874672,1307,0,426.5739789874,-2.6331727098,-2.6331727098,0.5000000,6,6,0.49994810000000000,0.499948100000,0.00020760000111838688,0.00020760000111838688,0.00020760000111838688,0E-17,ELIGIBLE,R03b_20260811_FULL_v1,L1_ELIGIBILITY,v2026-08-11,2026-03-21..2026-08-06,baccarat_bet02_101_all_pairs_incl_sentinel,round_win = game_pnl > 0 (decisive only),COMPATIBILITY_ONLY_NOT_PRODUCTION,106707.5342,95075.1759,6638.5039,1274,1273,-0.06221214,,-0.06221214,-0.06221214,-6638.5039,106707.5342,OK,0.0000,265.5402,4.0000,96.0000,AG03-UNRESOLVED,ALL5_LEVELS_bet23_to_bet27,265.5402,265.5402,331.9252,0.0000,0.0000,4.000000,4.000000,5.000000,0.000000,0.000000,96.000000,96.000000,95.000000,100.000000,100.000000,5.0,863.0055,826.361,5775.4984,5812.1429,PENDING_AG03,FALSE,NOT_FOR_ENFORCEMENT,6372.9637,91272.1688,6638.5039,6372.9637,265.5402,0.06221214,0.05972365,265.5402,6372.9637,0.05972365,265.5402,265.5402,331.9252,0.0000,0.0000,6372.9637,0.05972365,863.0055,826.361,5775.4984,5812.1429,0.05412456,0.05446797,0.00248849,83.7579,74.6859,5.2148,265.5402,16.3108,4268.3014,50.9200,,83.7579,52.3519,78.5279,109.939,141.1146,183.2317,261.7596,73.2927,0.0,2.333333,3.333333,1.066601,30,136,60,3,0E-8,0.06221214,,0E-8,0.000000,0.890988,0.000000,,2026-03-21,2026-06-26,25,407,206,98,0.255102,,,0.000000,,,,,,,,GLOBAL_BASELINE_NO_ENTITY_RANKING,,,NOT_APPLICABLE_GLOBAL_BASELINE,HF9g-P5,,,,X 全窗基线 · 不参与实体赏罚,14191906,1420,A168_HF9F_20260827_0900,2026-08-27 09:00:00
2026-03-25,112874672,1323,0,26.3317270980,-26.3317270980,-26.3317270980,0E-7,1,1,0.49324550000000000,0.493245500000,-0.9865810262130424,-0.9865810262130424,-0.9865810262130424,0E-17,ELIGIBLE,R03b_20260811_FULL_v1,L1_ELIGIBILITY,v2026-08-11,2026-03-21..2026-08-06,baccarat_bet02_101_all_pairs_incl_sentinel,round_win = game_pnl > 0 (decisive only),COMPATIBILITY_ONLY_NOT_PRODUCTION,106707.5342,95075.1759,6638.5039,1274,1273,-0.06221214,,-0.06221214,-0.06221214,-6638.5039,106707.5342,OK,0.0000,265.5402,4.0000,96.0000,AG03-UNRESOLVED,ALL5_LEVELS_bet23_to_bet27,265.5402,265.5402,331.9252,0.0000,0.0000,4.000000,4.000000,5.000000,0.000000,0.000000,96.000000,96.000000,95.000000,100.000000,100.000000,5.0,863.0055,826.361,5775.4984,5812.1429,PENDING_AG03,FALSE,NOT_FOR_ENFORCEMENT,6372.9637,91272.1688,6638.5039,6372.9637,265.5402,0.06221214,0.05972365,265.5402,6372.9637,0.05972365,265.5402,265.5402,331.9252,0.0000,0.0000,6372.9637,0.05972365,863.0055,826.361,5775.4984,5812.1429,0.05412456,0.05446797,0.00248849,83.7579,74.6859,5.2148,265.5402,16.3108,4268.3014,50.9200,,83.7579,52.3519,78.5279,109.939,141.1146,183.2317,261.7596,73.2927,0.0,2.333333,3.333333,1.066601,30,136,60,3,0E-8,0.06221214,,0E-8,0.000000,0.890988,0.000000,,2026-03-21,2026-06-26,25,407,206,98,0.255102,,,0.000000,,,,,,,,GLOBAL_BASELINE_NO_ENTITY_RANKING,,,NOT_APPLICABLE_GLOBAL_BASELINE,HF9g-P5,,,,X 全窗基线 · 不参与实体赏罚,14191907,1420,A168_HF9F_20260827_0900,2026-08-27 09:00:00
2026-03-25,112874672,1330,0,284.3826526582,148.1159649261,148.1159649261,0.6666667,3,3,0.49771390000000000,0.497713900000,0.5852756695216578,0.5852756695216578,0.5852756695216578,0E-17,ELIGIBLE,R03b_20260811_FULL_v1,L1_ELIGIBILITY,v2026-08-11,2026-03-21..2026-08-06,baccarat_bet02_101_all_pairs_incl_sentinel,round_win = game_pnl > 0 (decisive only),COMPATIBILITY_ONLY_NOT_PRODUCTION,106707.5342,95075.1759,6638.5039,1274,1273,-0.06221214,,-0.06221214,-0.06221214,-6638.5039,106707.5342,OK,0.0000,265.5402,4.0000,96.0000,AG03-UNRESOLVED,ALL5_LEVELS_bet23_to_bet27,265.5402,265.5402,331.9252,0.0000,0.0000,4.000000,4.000000,5.000000,0.000000,0.000000,96.000000,96.000000,95.000000,100.000000,100.000000,5.0,863.0055,826.361,5775.4984,5812.1429,PENDING_AG03,FALSE,NOT_FOR_ENFORCEMENT,6372.9637,91272.1688,6638.5039,6372.9637,265.5402,0.06221214,0.05972365,265.5402,6372.9637,0.05972365,265.5402,265.5402,331.9252,0.0000,0.0000,6372.9637,0.05972365,863.0055,826.361,5775.4984,5812.1429,0.05412456,0.05446797,0.00248849,83.7579,74.6859,5.2148,265.5402,16.3108,4268.3014,50.9200,,83.7579,52.3519,78.5279,109.939,141.1146,183.2317,261.7596,73.2927,0.0,2.333333,3.333333,1.066601,30,136,60,3,0E-8,0.06221214,,0E-8,0.000000,0.890988,0.000000,,2026-03-21,2026-06-26,25,407,206,98,0.255102,,,0.000000,,,,,,,,GLOBAL_BASELINE_NO_ENTITY_RANKING,,,NOT_APPLICABLE_GLOBAL_BASELINE,HF9g-P5,,,,X 全窗基线 · 不参与实体赏罚,14191908,1420,A168_HF9F_20260827_0900,2026-08-27 09:00:00
2026-03-25,112874672,1382,0,78.9951812940,49.3719883087,49.3719883087,0.5000000,2,2,0.49994810000000000,0.499948100000,0.00014679536856514622,0.00014679536856514622,0.00014679536856514622,0E-17,ELIGIBLE,R03b_20260811_FULL_v1,L1_ELIGIBILITY,v2026-08-11,2026-03-21..2026-08-06,baccarat_bet02_101_all_pairs_incl_sentinel,round_win = game_pnl > 0 (decisive only),COMPATIBILITY_ONLY_NOT_PRODUCTION,106707.5342,95075.1759,6638.5039,1274,1273,-0.06221214,,-0.06221214,-0.06221214,-6638.5039,106707.5342,OK,0.0000,265.5402,4.0000,96.0000,AG03-UNRESOLVED,ALL5_LEVELS_bet23_to_bet27,265.5402,265.5402,331.9252,0.0000,0.0000,4.000000,4.000000,5.000000,0.000000,0.000000,96.000000,96.000000,95.000000,100.000000,100.000000,5.0,863.0055,826.361,5775.4984,5812.1429,PENDING_AG03,FALSE,NOT_FOR_ENFORCEMENT,6372.9637,91272.1688,6638.5039,6372.9637,265.5402,0.06221214,0.05972365,265.5402,6372.9637,0.05972365,265.5402,265.5402,331.9252,0.0000,0.0000,6372.9637,0.05972365,863.0055,826.361,5775.4984,5812.1429,0.05412456,0.05446797,0.00248849,83.7579,74.6859,5.2148,265.5402,16.3108,4268.3014,50.9200,,83.7579,52.3519,78.5279,109.939,141.1146,183.2317,261.7596,73.2927,0.0,2.333333,3.333333,1.066601,30,136,60,3,0E-8,0.06221214,,0E-8,0.000000,0.890988,0.000000,,2026-03-21,2026-06-26,25,407,206,98,0.255102,,,0.000000,,,,,,,,GLOBAL_BASELINE_NO_ENTITY_RANKING,,,NOT_APPLICABLE_GLOBAL_BASELINE,HF9g-P5,,,,X 全窗基线 · 不参与实体赏罚,14191909,1420,A168_HF9F_20260827_0900,2026-08-27 09:00:00
2026-03-25,112874672,1645,0,89.5278721331,-89.5278721331,-89.5278721331,0E-7,1,1,0.49324550000000000,0.493245500000,-0.9865810262130424,-0.9865810262130424,-0.9865810262130424,0E-17,ELIGIBLE,R03b_20260811_FULL_v1,L1_ELIGIBILITY,v2026-08-11,2026-03-21..2026-08-06,baccarat_bet02_101_all_pairs_incl_sentinel,round_win = game_pnl > 0 (decisive only),COMPATIBILITY_ONLY_NOT_PRODUCTION,106707.5342,95075.1759,6638.5039,1274,1273,-0.06221214,,-0.06221214,-0.06221214,-6638.5039,106707.5342,OK,0.0000,265.5402,4.0000,96.0000,AG03-UNRESOLVED,ALL5_LEVELS_bet23_to_bet27,265.5402,265.5402,331.9252,0.0000,0.0000,4.000000,4.000000,5.000000,0.000000,0.000000,96.000000,96.000000,95.000000,100.000000,100.000000,5.0,863.0055,826.361,5775.4984,5812.1429,PENDING_AG03,FALSE,NOT_FOR_ENFORCEMENT,6372.9637,91272.1688,6638.5039,6372.9637,265.5402,0.06221214,0.05972365,265.5402,6372.9637,0.05972365,265.5402,265.5402,331.9252,0.0000,0.0000,6372.9637,0.05972365,863.0055,826.361,5775.4984,5812.1429,0.05412456,0.05446797,0.00248849,83.7579,74.6859,5.2148,265.5402,16.3108,4268.3014,50.9200,,83.7579,52.3519,78.5279,109.939,141.1146,183.2317,261.7596,73.2927,0.0,2.333333,3.333333,1.066601,30,136,60,3,0E-8,0.06221214,,0E-8,0.000000,0.890988,0.000000,,2026-03-21,2026-06-26,25,407,206,98,0.255102,,,0.000000,,,,,,,,GLOBAL_BASELINE_NO_ENTITY_RANKING,,,NOT_APPLICABLE_GLOBAL_BASELINE,HF9g-P5,,,,X 全窗基线 · 不参与实体赏罚,14191910,1420,A168_HF9F_20260827_0900,2026-08-27 09:00:00
2026-03-25,112874672,1654,0,105.3269083920,-105.3269083920,-105.3269083920,0E-7,2,2,0.49324550000000000,0.493245500000,-1.3952362676504506,-1.3952362676504506,-1.3952362676504506,0E-17,ELIGIBLE,R03b_20260811_FULL_v1,L1_ELIGIBILITY,v2026-08-11,2026-03-21..2026-08-06,baccarat_bet02_101_all_pairs_incl_sentinel,round_win = game_pnl > 0 (decisive only),COMPATIBILITY_ONLY_NOT_PRODUCTION,106707.5342,95075.1759,6638.5039,1274,1273,-0.06221214,,-0.06221214,-0.06221214,-6638.5039,106707.5342,OK,0.0000,265.5402,4.0000,96.0000,AG03-UNRESOLVED,ALL5_LEVELS_bet23_to_bet27,265.5402,265.5402,331.9252,0.0000,0.0000,4.000000,4.000000,5.000000,0.000000,0.000000,96.000000,96.000000,95.000000,100.000000,100.000000,5.0,863.0055,826.361,5775.4984,5812.1429,PENDING_AG03,FALSE,NOT_FOR_ENFORCEMENT,6372.9637,91272.1688,6638.5039,6372.9637,265.5402,0.06221214,0.05972365,265.5402,6372.9637,0.05972365,265.5402,265.5402,331.9252,0.0000,0.0000,6372.9637,0.05972365,863.0055,826.361,5775.4984,5812.1429,0.05412456,0.05446797,0.00248849,83.7579,74.6859,5.2148,265.5402,16.3108,4268.3014,50.9200,,83.7579,52.3519,78.5279,109.939,141.1146,183.2317,261.7596,73.2927,0.0,2.333333,3.333333,1.066601,30,136,60,3,0E-8,0.06221214,,0E-8,0.000000,0.890988,0.000000,,2026-03-21,2026-06-26,25,407,206,98,0.255102,,,0.000000,,,,,,,,GLOBAL_BASELINE_NO_ENTITY_RANKING,,,NOT_APPLICABLE_GLOBAL_BASELINE,HF9g-P5,,,,X 全窗基线 · 不参与实体赏罚,14191911,1420,A168_HF9F_20260827_0900,2026-08-27 09:00:00
2026-03-25,112874672,2106,0,513.9953129525,214.4455854859,214.4455854859,0.7500000,5,5,0.49860758000000000,0.498607580000,1.005573579286957,1.005573579286957,1.005573579286957,0E-17,ELIGIBLE,R03b_20260811_FULL_v1,L1_ELIGIBILITY,v2026-08-11,2026-03-21..2026-08-06,baccarat_bet02_101_all_pairs_incl_sentinel,round_win = game_pnl > 0 (decisive only),COMPATIBILITY_ONLY_NOT_PRODUCTION,106707.5342,95075.1759,6638.5039,1274,1273,-0.06221214,,-0.06221214,-0.06221214,-6638.5039,106707.5342,OK,0.0000,265.5402,4.0000,96.0000,AG03-UNRESOLVED,ALL5_LEVELS_bet23_to_bet27,265.5402,265.5402,331.9252,0.0000,0.0000,4.000000,4.000000,5.000000,0.000000,0.000000,96.000000,96.000000,95.000000,100.000000,100.000000,5.0,863.0055,826.361,5775.4984,5812.1429,PENDING_AG03,FALSE,NOT_FOR_ENFORCEMENT,6372.9637,91272.1688,6638.5039,6372.9637,265.5402,0.06221214,0.05972365,265.5402,6372.9637,0.05972365,265.5402,265.5402,331.9252,0.0000,0.0000,6372.9637,0.05972365,863.0055,826.361,5775.4984,5812.1429,0.05412456,0.05446797,0.00248849,83.7579,74.6859,5.2148,265.5402,16.3108,4268.3014,50.9200,,83.7579,52.3519,78.5279,109.939,141.1146,183.2317,261.7596,73.2927,0.0,2.333333,3.333333,1.066601,30,136,60,3,0E-8,0.06221214,,0E-8,0.000000,0.890988,0.000000,,2026-03-21,2026-06-26,25,407,206,98,0.255102,,,0.000000,,,,,,,,GLOBAL_BASELINE_NO_ENTITY_RANKING,,,NOT_APPLICABLE_GLOBAL_BASELINE,HF9g-P5,,,,X 全窗基线 · 不参与实体赏罚,14191912,1420,A168_HF9F_20260827_0900,2026-08-27 09:00:00
2026-03-25,112874672,2117,0,513.9953129525,84.4985122574,84.4985122574,0.6000000,6,6,0.50218230000000000,0.502182300000,0.4374582199563857,0.4374582199563857,0.4374582199563857,0E-17,ELIGIBLE,R03b_20260811_FULL_v1,L1_ELIGIBILITY,v2026-08-11,2026-03-21..2026-08-06,baccarat_bet02_101_all_pairs_incl_sentinel,round_win = game_pnl > 0 (decisive only),COMPATIBILITY_ONLY_NOT_PRODUCTION,106707.5342,95075.1759,6638.5039,1274,1273,-0.06221214,,-0.06221214,-0.06221214,-6638.5039,106707.5342,OK,0.0000,265.5402,4.0000,96.0000,AG03-UNRESOLVED,ALL5_LEVELS_bet23_to_bet27,265.5402,265.5402,331.9252,0.0000,0.0000,4.000000,4.000000,5.000000,0.000000,0.000000,96.000000,96.000000,95.000000,100.000000,100.000000,5.0,863.0055,826.361,5775.4984,5812.1429,PENDING_AG03,FALSE,NOT_FOR_ENFORCEMENT,6372.9637,91272.1688,6638.5039,6372.9637,265.5402,0.06221214,0.05972365,265.5402,6372.9637,0.05972365,265.5402,265.5402,331.9252,0.0000,0.0000,6372.9637,0.05972365,863.0055,826.361,5775.4984,5812.1429,0.05412456,0.05446797,0.00248849,83.7579,74.6859,5.2148,265.5402,16.3108,4268.3014,50.9200,,83.7579,52.3519,78.5279,109.939,141.1146,183.2317,261.7596,73.2927,0.0,2.333333,3.333333,1.066601,30,136,60,3,0E-8,0.06221214,,0E-8,0.000000,0.890988,0.000000,,2026-03-21,2026-06-26,25,407,206,98,0.255102,,,0.000000,,,,,,,,GLOBAL_BASELINE_NO_ENTITY_RANKING,,,NOT_APPLICABLE_GLOBAL_BASELINE,HF9g-P5,,,,X 全窗基线 · 不参与实体赏罚,14191913,1420,A168_HF9F_20260827_0900,2026-08-27 09:00:00
2026-03-25,112874672,2121,0,455.5388787953,129.0254627801,129.0254627801,0.6000000,12,12,0.49883100000000000,0.498831000000,0.639850685995526,0.639850685995526,0.639850685995526,0E-17,ELIGIBLE,R03b_20260811_FULL_v1,L1_ELIGIBILITY,v2026-08-11,2026-03-21..2026-08-06,baccarat_bet02_101_all_pairs_incl_sentinel,round_win = game_pnl > 0 (decisive only),COMPATIBILITY_ONLY_NOT_PRODUCTION,106707.5342,95075.1759,6638.5039,1274,1273,-0.06221214,,-0.06221214,-0.06221214,-6638.5039,106707.5342,OK,0.0000,265.5402,4.0000,96.0000,AG03-UNRESOLVED,ALL5_LEVELS_bet23_to_bet27,265.5402,265.5402,331.9252,0.0000,0.0000,4.000000,4.000000,5.000000,0.000000,0.000000,96.000000,96.000000,95.000000,100.000000,100.000000,5.0,863.0055,826.361,5775.4984,5812.1429,PENDING_AG03,FALSE,NOT_FOR_ENFORCEMENT,6372.9637,91272.1688,6638.5039,6372.9637,265.5402,0.06221214,0.05972365,265.5402,6372.9637,0.05972365,265.5402,265.5402,331.9252,0.0000,0.0000,6372.9637,0.05972365,863.0055,826.361,5775.4984,5812.1429,0.05412456,0.05446797,0.00248849,83.7579,74.6859,5.2148,265.5402,16.3108,4268.3014,50.9200,,83.7579,52.3519,78.5279,109.939,141.1146,183.2317,261.7596,73.2927,0.0,2.333333,3.333333,1.066601,30,136,60,3,0E-8,0.06221214,,0E-8,0.000000,0.890988,0.000000,,2026-03-21,2026-06-26,25,407,206,98,0.255102,,,0.000000,,,,,,,,GLOBAL_BASELINE_NO_ENTITY_RANKING,,,NOT_APPLICABLE_GLOBAL_BASELINE,HF9g-P5,,,,X 全窗基线 · 不参与实体赏罚,14191914,1420,A168_HF9F_20260827_0900,2026-08-27 09:00:00
2026-03-25,112874672,2175,0,84.2615267136,28.7015825368,28.7015825368,0.5000000,2,2,0.50665070000000000,0.506650700000,-0.018812684590367487,-0.018812684590367487,-0.018812684590367487,0E-17,ELIGIBLE,R03b_20260811_FULL_v1,L1_ELIGIBILITY,v2026-08-11,2026-03-21..2026-08-06,baccarat_bet02_101_all_pairs_incl_sentinel,round_win = game_pnl > 0 (decisive only),COMPATIBILITY_ONLY_NOT_PRODUCTION,106707.5342,95075.1759,6638.5039,1274,1273,-0.06221214,,-0.06221214,-0.06221214,-6638.5039,106707.5342,OK,0.0000,265.5402,4.0000,96.0000,AG03-UNRESOLVED,ALL5_LEVELS_bet23_to_bet27,265.5402,265.5402,331.9252,0.0000,0.0000,4.000000,4.000000,5.000000,0.000000,0.000000,96.000000,96.000000,95.000000,100.000000,100.000000,5.0,863.0055,826.361,5775.4984,5812.1429,PENDING_AG03,FALSE,NOT_FOR_ENFORCEMENT,6372.9637,91272.1688,6638.5039,6372.9637,265.5402,0.06221214,0.05972365,265.5402,6372.9637,0.05972365,265.5402,265.5402,331.9252,0.0000,0.0000,6372.9637,0.05972365,863.0055,826.361,5775.4984,5812.1429,0.05412456,0.05446797,0.00248849,83.7579,74.6859,5.2148,265.5402,16.3108,4268.3014,50.9200,,83.7579,52.3519,78.5279,109.939,141.1146,183.2317,261.7596,73.2927,0.0,2.333333,3.333333,1.066601,30,136,60,3,0E-8,0.06221214,,0E-8,0.000000,0.890988,0.000000,,2026-03-21,2026-06-26,25,407,206,98,0.255102,,,0.000000,,,,,,,,GLOBAL_BASELINE_NO_ENTITY_RANKING,,,NOT_APPLICABLE_GLOBAL_BASELINE,HF9g-P5,,,,X 全窗基线 · 不参与实体赏罚,14191915,1420,A168_HF9F_20260827_0900,2026-08-27 09:00:00
2026-03-25,112874672,2201,0,78.9951812939,78.9951812939,78.9951812939,1.0000000,1,1,0.49324550000000000,0.493245500000,1.01360149184955,1.01360149184955,1.01360149184955,0E-17,ELIGIBLE,R03b_20260811_FULL_v1,L1_ELIGIBILITY,v2026-08-11,2026-03-21..2026-08-06,baccarat_bet02_101_all_pairs_incl_sentinel,round_win = game_pnl > 0 (decisive only),COMPATIBILITY_ONLY_NOT_PRODUCTION,106707.5342,95075.1759,6638.5039,1274,1273,-0.06221214,,-0.06221214,-0.06221214,-6638.5039,106707.5342,OK,0.0000,265.5402,4.0000,96.0000,AG03-UNRESOLVED,ALL5_LEVELS_bet23_to_bet27,265.5402,265.5402,331.9252,0.0000,0.0000,4.000000,4.000000,5.000000,0.000000,0.000000,96.000000,96.000000,95.000000,100.000000,100.000000,5.0,863.0055,826.361,5775.4984,5812.1429,PENDING_AG03,FALSE,NOT_FOR_ENFORCEMENT,6372.9637,91272.1688,6638.5039,6372.9637,265.5402,0.06221214,0.05972365,265.5402,6372.9637,0.05972365,265.5402,265.5402,331.9252,0.0000,0.0000,6372.9637,0.05972365,863.0055,826.361,5775.4984,5812.1429,0.05412456,0.05446797,0.00248849,83.7579,74.6859,5.2148,265.5402,16.3108,4268.3014,50.9200,,83.7579,52.3519,78.5279,109.939,141.1146,183.2317,261.7596,73.2927,0.0,2.333333,3.333333,1.066601,30,136,60,3,0E-8,0.06221214,,0E-8,0.000000,0.890988,0.000000,,2026-03-21,2026-06-26,25,407,206,98,0.255102,,,0.000000,,,,,,,,GLOBAL_BASELINE_NO_ENTITY_RANKING,,,NOT_APPLICABLE_GLOBAL_BASELINE,HF9g-P5,,,,X 全窗基线 · 不参与实体赏罚,14191916,1420,A168_HF9F_20260827_0900,2026-08-27 09:00:00
2026-03-25,112874672,2216,0,263.3172709798,-52.6634541960,-52.6634541960,0.3333333,3,3,0.49771390000000000,0.497713900000,-0.5694369385616226,-0.5694369385616226,-0.5694369385616226,0E-17,ELIGIBLE,R03b_20260811_FULL_v1,L1_ELIGIBILITY,v2026-08-11,2026-03-21..2026-08-06,baccarat_bet02_101_all_pairs_incl_sentinel,round_win = game_pnl > 0 (decisive only),COMPATIBILITY_ONLY_NOT_PRODUCTION,106707.5342,95075.1759,6638.5039,1274,1273,-0.06221214,,-0.06221214,-0.06221214,-6638.5039,106707.5342,OK,0.0000,265.5402,4.0000,96.0000,AG03-UNRESOLVED,ALL5_LEVELS_bet23_to_bet27,265.5402,265.5402,331.9252,0.0000,0.0000,4.000000,4.000000,5.000000,0.000000,0.000000,96.000000,96.000000,95.000000,100.000000,100.000000,5.0,863.0055,826.361,5775.4984,5812.1429,PENDING_AG03,FALSE,NOT_FOR_ENFORCEMENT,6372.9637,91272.1688,6638.5039,6372.9637,265.5402,0.06221214,0.05972365,265.5402,6372.9637,0.05972365,265.5402,265.5402,331.9252,0.0000,0.0000,6372.9637,0.05972365,863.0055,826.361,5775.4984,5812.1429,0.05412456,0.05446797,0.00248849,83.7579,74.6859,5.2148,265.5402,16.3108,4268.3014,50.9200,,83.7579,52.3519,78.5279,109.939,141.1146,183.2317,261.7596,73.2927,0.0,2.333333,3.333333,1.066601,30,136,60,3,0E-8,0.06221214,,0E-8,0.000000,0.890988,0.000000,,2026-03-21,2026-06-26,25,407,206,98,0.255102,,,0.000000,,,,,,,,GLOBAL_BASELINE_NO_ENTITY_RANKING,,,NOT_APPLICABLE_GLOBAL_BASELINE,HF9g-P5,,,,X 全窗基线 · 不参与实体赏罚,14191917,1420,A168_HF9F_20260827_0900,2026-08-27 09:00:00
2026-03-25,112874672,2232,0,52.6634541960,0E-10,0E-10,,1,1,0.49324550000000000,0.493245500000,,,,0E-17,NO_DECISIVE_ROUND,R03b_20260811_FULL_v1,L1_ELIGIBILITY,v2026-08-11,2026-03-21..2026-08-06,baccarat_bet02_101_all_pairs_incl_sentinel,round_win = game_pnl > 0 (decisive only),COMPATIBILITY_ONLY_NOT_PRODUCTION,106707.5342,95075.1759,6638.5039,1274,1273,-0.06221214,,-0.06221214,-0.06221214,-6638.5039,106707.5342,OK,0.0000,265.5402,4.0000,96.0000,AG03-UNRESOLVED,ALL5_LEVELS_bet23_to_bet27,265.5402,265.5402,331.9252,0.0000,0.0000,4.000000,4.000000,5.000000,0.000000,0.000000,96.000000,96.000000,95.000000,100.000000,100.000000,5.0,863.0055,826.361,5775.4984,5812.1429,PENDING_AG03,FALSE,NOT_FOR_ENFORCEMENT,6372.9637,91272.1688,6638.5039,6372.9637,265.5402,0.06221214,0.05972365,265.5402,6372.9637,0.05972365,265.5402,265.5402,331.9252,0.0000,0.0000,6372.9637,0.05972365,863.0055,826.361,5775.4984,5812.1429,0.05412456,0.05446797,0.00248849,83.7579,74.6859,5.2148,265.5402,16.3108,4268.3014,50.9200,,83.7579,52.3519,78.5279,109.939,141.1146,183.2317,261.7596,73.2927,0.0,2.333333,3.333333,1.066601,30,136,60,3,0E-8,0.06221214,,0E-8,0.000000,0.890988,0.000000,,2026-03-21,2026-06-26,25,407,206,98,0.255102,,,0.000000,,,,,,,,GLOBAL_BASELINE_NO_ENTITY_RANKING,,,NOT_APPLICABLE_GLOBAL_BASELINE,HF9g-P5,,,,X 全窗基线 · 不参与实体赏罚,14191918,1420,A168_HF9F_20260827_0900,2026-08-27 09:00:00
2026-03-25,112874672,2234,0,138.5048845353,-109.0133501857,-109.0133501857,0.5000000,5,5,0.49324550000000000,0.493245500000,0.027020465636507562,0.027020465636507562,0.027020465636507562,0E-17,ELIGIBLE,R03b_20260811_FULL_v1,L1_ELIGIBILITY,v2026-08-11,2026-03-21..2026-08-06,baccarat_bet02_101_all_pairs_incl_sentinel,round_win = game_pnl > 0 (decisive only),COMPATIBILITY_ONLY_NOT_PRODUCTION,106707.5342,95075.1759,6638.5039,1274,1273,-0.06221214,,-0.06221214,-0.06221214,-6638.5039,106707.5342,OK,0.0000,265.5402,4.0000,96.0000,AG03-UNRESOLVED,ALL5_LEVELS_bet23_to_bet27,265.5402,265.5402,331.9252,0.0000,0.0000,4.000000,4.000000,5.000000,0.000000,0.000000,96.000000,96.000000,95.000000,100.000000,100.000000,5.0,863.0055,826.361,5775.4984,5812.1429,PENDING_AG03,FALSE,NOT_FOR_ENFORCEMENT,6372.9637,91272.1688,6638.5039,6372.9637,265.5402,0.06221214,0.05972365,265.5402,6372.9637,0.05972365,265.5402,265.5402,331.9252,0.0000,0.0000,6372.9637,0.05972365,863.0055,826.361,5775.4984,5812.1429,0.05412456,0.05446797,0.00248849,83.7579,74.6859,5.2148,265.5402,16.3108,4268.3014,50.9200,,83.7579,52.3519,78.5279,109.939,141.1146,183.2317,261.7596,73.2927,0.0,2.333333,3.333333,1.066601,30,136,60,3,0E-8,0.06221214,,0E-8,0.000000,0.890988,0.000000,,2026-03-21,2026-06-26,25,407,206,98,0.255102,,,0.000000,,,,,,,,GLOBAL_BASELINE_NO_ENTITY_RANKING,,,NOT_APPLICABLE_GLOBAL_BASELINE,HF9g-P5,,,,X 全窗基线 · 不参与实体赏罚,14191919,1420,A168_HF9F_20260827_0900,2026-08-27 09:00:00
2026-03-25,112874672,2246,0,171.1562261369,85.5781130684,85.5781130684,0.5000000,2,2,0.49994810000000000,0.499948100000,0.00014679536856514622,0.00014679536856514622,0.00014679536856514622,0E-17,ELIGIBLE,R03b_20260811_FULL_v1,L1_ELIGIBILITY,v2026-08-11,2026-03-21..2026-08-06,baccarat_bet02_101_all_pairs_incl_sentinel,round_win = game_pnl > 0 (decisive only),COMPATIBILITY_ONLY_NOT_PRODUCTION,106707.5342,95075.1759,6638.5039,1274,1273,-0.06221214,,-0.06221214,-0.06221214,-6638.5039,106707.5342,OK,0.0000,265.5402,4.0000,96.0000,AG03-UNRESOLVED,ALL5_LEVELS_bet23_to_bet27,265.5402,265.5402,331.9252,0.0000,0.0000,4.000000,4.000000,5.000000,0.000000,0.000000,96.000000,96.000000,95.000000,100.000000,100.000000,5.0,863.0055,826.361,5775.4984,5812.1429,PENDING_AG03,FALSE,NOT_FOR_ENFORCEMENT,6372.9637,91272.1688,6638.5039,6372.9637,265.5402,0.06221214,0.05972365,265.5402,6372.9637,0.05972365,265.5402,265.5402,331.9252,0.0000,0.0000,6372.9637,0.05972365,863.0055,826.361,5775.4984,5812.1429,0.05412456,0.05446797,0.00248849,83.7579,74.6859,5.2148,265.5402,16.3108,4268.3014,50.9200,,83.7579,52.3519,78.5279,109.939,141.1146,183.2317,261.7596,73.2927,0.0,2.333333,3.333333,1.066601,30,136,60,3,0E-8,0.06221214,,0E-8,0.000000,0.890988,0.000000,,2026-03-21,2026-06-26,25,407,206,98,0.255102,,,0.000000,,,,,,,,GLOBAL_BASELINE_NO_ENTITY_RANKING,,,NOT_APPLICABLE_GLOBAL_BASELINE,HF9g-P5,,,,X 全窗基线 · 不参与实体赏罚,14191920,1420,A168_HF9F_20260827_0900,2026-08-27 09:00:00
2026-03-25,112874672,2256,0,157.9903625879,52.6634541959,52.6634541959,0.5000000,2,2,0.49324550000000000,0.493245500000,0.01910635448239258,0.01910635448239258,0.01910635448239258,0E-17,ELIGIBLE,R03b_20260811_FULL_v1,L1_ELIGIBILITY,v2026-08-11,2026-03-21..2026-08-06,baccarat_bet02_101_all_pairs_incl_sentinel,round_win = game_pnl > 0 (decisive only),COMPATIBILITY_ONLY_NOT_PRODUCTION,106707.5342,95075.1759,6638.5039,1274,1273,-0.06221214,,-0.06221214,-0.06221214,-6638.5039,106707.5342,OK,0.0000,265.5402,4.0000,96.0000,AG03-UNRESOLVED,ALL5_LEVELS_bet23_to_bet27,265.5402,265.5402,331.9252,0.0000,0.0000,4.000000,4.000000,5.000000,0.000000,0.000000,96.000000,96.000000,95.000000,100.000000,100.000000,5.0,863.0055,826.361,5775.4984,5812.1429,PENDING_AG03,FALSE,NOT_FOR_ENFORCEMENT,6372.9637,91272.1688,6638.5039,6372.9637,265.5402,0.06221214,0.05972365,265.5402,6372.9637,0.05972365,265.5402,265.5402,331.9252,0.0000,0.0000,6372.9637,0.05972365,863.0055,826.361,5775.4984,5812.1429,0.05412456,0.05446797,0.00248849,83.7579,74.6859,5.2148,265.5402,16.3108,4268.3014,50.9200,,83.7579,52.3519,78.5279,109.939,141.1146,183.2317,261.7596,73.2927,0.0,2.333333,3.333333,1.066601,30,136,60,3,0E-8,0.06221214,,0E-8,0.000000,0.890988,0.000000,,2026-03-21,2026-06-26,25,407,206,98,0.255102,,,0.000000,,,,,,,,GLOBAL_BASELINE_NO_ENTITY_RANKING,,,NOT_APPLICABLE_GLOBAL_BASELINE,HF9g-P5,,,,X 全窗基线 · 不参与实体赏罚,14191921,1420,A168_HF9F_20260827_0900,2026-08-27 09:00:00
2026-03-28,112874672,-1,1,26.3317270980,-26.3317270980,-26.3317270980,0E-7,1,1,0.50665070000000000,0.506650700000,-1.013391052207602,-1.013391052207602,-1.013391052207602,0E-17,SENTINEL_DEALER,R03b_20260811_FULL_v1,L1_ELIGIBILITY,v2026-08-11,2026-03-21..2026-08-06,baccarat_bet02_101_all_pairs_incl_sentinel,round_win = game_pnl > 0 (decisive only),COMPATIBILITY_ONLY_NOT_PRODUCTION,106707.5342,95075.1759,6638.5039,1274,1273,-0.06221214,,-0.06221214,-0.06221214,-6638.5039,106707.5342,OK,0.0000,265.5402,4.0000,96.0000,AG03-UNRESOLVED,ALL5_LEVELS_bet23_to_bet27,265.5402,265.5402,331.9252,0.0000,0.0000,4.000000,4.000000,5.000000,0.000000,0.000000,96.000000,96.000000,95.000000,100.000000,100.000000,5.0,863.0055,826.361,5775.4984,5812.1429,PENDING_AG03,FALSE,NOT_FOR_ENFORCEMENT,6372.9637,91272.1688,6638.5039,6372.9637,265.5402,0.06221214,0.05972365,265.5402,6372.9637,0.05972365,265.5402,265.5402,331.9252,0.0000,0.0000,6372.9637,0.05972365,863.0055,826.361,5775.4984,5812.1429,0.05412456,0.05446797,0.00248849,83.7579,74.6859,5.2148,265.5402,16.3108,4268.3014,50.9200,,83.7579,52.3519,78.5279,109.939,141.1146,183.2317,261.7596,73.2927,0.0,2.333333,3.333333,1.066601,30,136,60,3,0E-8,0.06221214,,0E-8,0.000000,0.890988,0.000000,,2026-03-21,2026-06-26,25,407,206,98,0.255102,,,0.000000,,,,,,,,GLOBAL_BASELINE_NO_ENTITY_RANKING,,,NOT_APPLICABLE_GLOBAL_BASELINE,HF9g-P5,,,,X 全窗基线 · 不参与实体赏罚,14191922,1420,A168_HF9F_20260827_0900,2026-08-27 09:00:00
2026-03-28,112874672,1382,0,118.4927719410,26.3317270980,26.3317270980,0.5000000,4,4,0.49659680000000000,0.496596800000,0.013613115331600182,0.013613115331600183,0.013613115331600182,0E-17,ELIGIBLE,R03b_20260811_FULL_v1,L1_ELIGIBILITY,v2026-08-11,2026-03-21..2026-08-06,baccarat_bet02_101_all_pairs_incl_sentinel,round_win = game_pnl > 0 (decisive only),COMPATIBILITY_ONLY_NOT_PRODUCTION,106707.5342,95075.1759,6638.5039,1274,1273,-0.06221214,,-0.06221214,-0.06221214,-6638.5039,106707.5342,OK,0.0000,265.5402,4.0000,96.0000,AG03-UNRESOLVED,ALL5_LEVELS_bet23_to_bet27,265.5402,265.5402,331.9252,0.0000,0.0000,4.000000,4.000000,5.000000,0.000000,0.000000,96.000000,96.000000,95.000000,100.000000,100.000000,5.0,863.0055,826.361,5775.4984,5812.1429,PENDING_AG03,FALSE,NOT_FOR_ENFORCEMENT,6372.9637,91272.1688,6638.5039,6372.9637,265.5402,0.06221214,0.05972365,265.5402,6372.9637,0.05972365,265.5402,265.5402,331.9252,0.0000,0.0000,6372.9637,0.05972365,863.0055,826.361,5775.4984,5812.1429,0.05412456,0.05446797,0.00248849,83.7579,74.6859,5.2148,265.5402,16.3108,4268.3014,50.9200,,83.7579,52.3519,78.5279,109.939,141.1146,183.2317,261.7596,73.2927,0.0,2.333333,3.333333,1.066601,30,136,60,3,0E-8,0.06221214,,0E-8,0.000000,0.890988,0.000000,,2026-03-21,2026-06-26,25,407,206,98,0.255102,,,0.000000,,,,,,,,GLOBAL_BASELINE_NO_ENTITY_RANKING,,,NOT_APPLICABLE_GLOBAL_BASELINE,HF9g-P5,,,,X 全窗基线 · 不参与实体赏罚,14191923,1420,A168_HF9F_20260827_0900,2026-08-27 09:00:00
2026-03-28,112874672,1645,0,105.3269083920,0E-10,0E-10,0.6666667,3,3,0.49324550000000000,0.493245500000,0.6008033672792107,0.6008033672792106,0.6008033672792107,0E-17,ELIGIBLE,R03b_20260811_FULL_v1,L1_ELIGIBILITY,v2026-08-11,2026-03-21..2026-08-06,baccarat_bet02_101_all_pairs_incl_sentinel,round_win = game_pnl > 0 (decisive only),COMPATIBILITY_ONLY_NOT_PRODUCTION,106707.5342,95075.1759,6638.5039,1274,1273,-0.06221214,,-0.06221214,-0.06221214,-6638.5039,106707.5342,OK,0.0000,265.5402,4.0000,96.0000,AG03-UNRESOLVED,ALL5_LEVELS_bet23_to_bet27,265.5402,265.5402,331.9252,0.0000,0.0000,4.000000,4.000000,5.000000,0.000000,0.000000,96.000000,96.000000,95.000000,100.000000,100.000000,5.0,863.0055,826.361,5775.4984,5812.1429,PENDING_AG03,FALSE,NOT_FOR_ENFORCEMENT,6372.9637,91272.1688,6638.5039,6372.9637,265.5402,0.06221214,0.05972365,265.5402,6372.9637,0.05972365,265.5402,265.5402,331.9252,0.0000,0.0000,6372.9637,0.05972365,863.0055,826.361,5775.4984,5812.1429,0.05412456,0.05446797,0.00248849,83.7579,74.6859,5.2148,265.5402,16.3108,4268.3014,50.9200,,83.7579,52.3519,78.5279,109.939,141.1146,183.2317,261.7596,73.2927,0.0,2.333333,3.333333,1.066601,30,136,60,3,0E-8,0.06221214,,0E-8,0.000000,0.890988,0.000000,,2026-03-21,2026-06-26,25,407,206,98,0.255102,,,0.000000,,,,,,,,GLOBAL_BASELINE_NO_ENTITY_RANKING,,,NOT_APPLICABLE_GLOBAL_BASELINE,HF9g-P5,,,,X 全窗基线 · 不参与实体赏罚,14191924,1420,A168_HF9F_20260827_0900,2026-08-27 09:00:00
2026-03-28,112874672,2127,0,45.8172051505,13.2185270031,13.2185270031,0.6666667,3,3,0.50218230000000000,0.502182300000,0.5697959874915163,0.5697959874915164,0.5697959874915163,0E-17,ELIGIBLE,R03b_20260811_FULL_v1,L1_ELIGIBILITY,v2026-08-11,2026-03-21..2026-08-06,baccarat_bet02_101_all_pairs_incl_sentinel,round_win = game_pnl > 0 (decisive only),COMPATIBILITY_ONLY_NOT_PRODUCTION,106707.5342,95075.1759,6638.5039,1274,1273,-0.06221214,,-0.06221214,-0.06221214,-6638.5039,106707.5342,OK,0.0000,265.5402,4.0000,96.0000,AG03-UNRESOLVED,ALL5_LEVELS_bet23_to_bet27,265.5402,265.5402,331.9252,0.0000,0.0000,4.000000,4.000000,5.000000,0.000000,0.000000,96.000000,96.000000,95.000000,100.000000,100.000000,5.0,863.0055,826.361,5775.4984,5812.1429,PENDING_AG03,FALSE,NOT_FOR_ENFORCEMENT,6372.9637,91272.1688,6638.5039,6372.9637,265.5402,0.06221214,0.05972365,265.5402,6372.9637,0.05972365,265.5402,265.5402,331.9252,0.0000,0.0000,6372.9637,0.05972365,863.0055,826.361,5775.4984,5812.1429,0.05412456,0.05446797,0.00248849,83.7579,74.6859,5.2148,265.5402,16.3108,4268.3014,50.9200,,83.7579,52.3519,78.5279,109.939,141.1146,183.2317,261.7596,73.2927,0.0,2.333333,3.333333,1.066601,30,136,60,3,0E-8,0.06221214,,0E-8,0.000000,0.890988,0.000000,,2026-03-21,2026-06-26,25,407,206,98,0.255102,,,0.000000,,,,,,,,GLOBAL_BASELINE_NO_ENTITY_RANKING,,,NOT_APPLICABLE_GLOBAL_BASELINE,HF9g-P5,,,,X 全窗基线 · 不参与实体赏罚,14191925,1420,A168_HF9F_20260827_0900,2026-08-27 09:00:00
2026-03-28,112874672,2156,0,135.3450772836,109.0133501856,109.0133501856,1.0000000,4,4,0.49324550000000000,0.493245500000,1.755609282511032,1.7556092825110319,1.755609282511032,0E-17,ELIGIBLE,R03b_20260811_FULL_v1,L1_ELIGIBILITY,v2026-08-11,2026-03-21..2026-08-06,baccarat_bet02_101_all_pairs_incl_sentinel,round_win = game_pnl > 0 (decisive only),COMPATIBILITY_ONLY_NOT_PRODUCTION,106707.5342,95075.1759,6638.5039,1274,1273,-0.06221214,,-0.06221214,-0.06221214,-6638.5039,106707.5342,OK,0.0000,265.5402,4.0000,96.0000,AG03-UNRESOLVED,ALL5_LEVELS_bet23_to_bet27,265.5402,265.5402,331.9252,0.0000,0.0000,4.000000,4.000000,5.000000,0.000000,0.000000,96.000000,96.000000,95.000000,100.000000,100.000000,5.0,863.0055,826.361,5775.4984,5812.1429,PENDING_AG03,FALSE,NOT_FOR_ENFORCEMENT,6372.9637,91272.1688,6638.5039,6372.9637,265.5402,0.06221214,0.05972365,265.5402,6372.9637,0.05972365,265.5402,265.5402,331.9252,0.0000,0.0000,6372.9637,0.05972365,863.0055,826.361,5775.4984,5812.1429,0.05412456,0.05446797,0.00248849,83.7579,74.6859,5.2148,265.5402,16.3108,4268.3014,50.9200,,83.7579,52.3519,78.5279,109.939,141.1146,183.2317,261.7596,73.2927,0.0,2.333333,3.333333,1.066601,30,136,60,3,0E-8,0.06221214,,0E-8,0.000000,0.890988,0.000000,,2026-03-21,2026-06-26,25,407,206,98,0.255102,,,0.000000,,,,,,,,GLOBAL_BASELINE_NO_ENTITY_RANKING,,,NOT_APPLICABLE_GLOBAL_BASELINE,HF9g-P5,,,,X 全窗基线 · 不参与实体赏罚,14191926,1420,A168_HF9F_20260827_0900,2026-08-27 09:00:00
2026-03-30,112874672,-1,1,2461.4898491192,155.0938726072,155.0938726072,0.5428571,38,38,0.49783148947368421,0.497831489474,0.5327557259304598,0.5327557259267219,0.5327557259304598,-3.1579E-13,SENTINEL_DEALER,R03b_20260811_FULL_v1,L1_ELIGIBILITY,v2026-08-11,2026-03-21..2026-08-06,baccarat_bet02_101_all_pairs_incl_sentinel,round_win = game_pnl > 0 (decisive only),COMPATIBILITY_ONLY_NOT_PRODUCTION,106707.5342,95075.1759,6638.5039,1274,1273,-0.06221214,,-0.06221214,-0.06221214,-6638.5039,106707.5342,OK,0.0000,265.5402,4.0000,96.0000,AG03-UNRESOLVED,ALL5_LEVELS_bet23_to_bet27,265.5402,265.5402,331.9252,0.0000,0.0000,4.000000,4.000000,5.000000,0.000000,0.000000,96.000000,96.000000,95.000000,100.000000,100.000000,5.0,863.0055,826.361,5775.4984,5812.1429,PENDING_AG03,FALSE,NOT_FOR_ENFORCEMENT,6372.9637,91272.1688,6638.5039,6372.9637,265.5402,0.06221214,0.05972365,265.5402,6372.9637,0.05972365,265.5402,265.5402,331.9252,0.0000,0.0000,6372.9637,0.05972365,863.0055,826.361,5775.4984,5812.1429,0.05412456,0.05446797,0.00248849,83.7579,74.6859,5.2148,265.5402,16.3108,4268.3014,50.9200,,83.7579,52.3519,78.5279,109.939,141.1146,183.2317,261.7596,73.2927,0.0,2.333333,3.333333,1.066601,30,136,60,3,0E-8,0.06221214,,0E-8,0.000000,0.890988,0.000000,,2026-03-21,2026-06-26,25,407,206,98,0.255102,,,0.000000,,,,,,,,GLOBAL_BASELINE_NO_ENTITY_RANKING,,,NOT_APPLICABLE_GLOBAL_BASELINE,HF9g-P5,,,,X 全窗基线 · 不参与实体赏罚,14191927,1420,A168_HF9F_20260827_0900,2026-08-27 09:00:00
2026-03-30,112874672,1017,0,236.9855438819,124.8123864444,124.8123864444,0.7500000,4,4,0.50329940000000000,0.503299400000,0.9868238854431842,0.9868238854431842,0.9868238854431842,0E-17,ELIGIBLE,R03b_20260811_FULL_v1,L1_ELIGIBILITY,v2026-08-11,2026-03-21..2026-08-06,baccarat_bet02_101_all_pairs_incl_sentinel,round_win = game_pnl > 0 (decisive only),COMPATIBILITY_ONLY_NOT_PRODUCTION,106707.5342,95075.1759,6638.5039,1274,1273,-0.06221214,,-0.06221214,-0.06221214,-6638.5039,106707.5342,OK,0.0000,265.5402,4.0000,96.0000,AG03-UNRESOLVED,ALL5_LEVELS_bet23_to_bet27,265.5402,265.5402,331.9252,0.0000,0.0000,4.000000,4.000000,5.000000,0.000000,0.000000,96.000000,96.000000,95.000000,100.000000,100.000000,5.0,863.0055,826.361,5775.4984,5812.1429,PENDING_AG03,FALSE,NOT_FOR_ENFORCEMENT,6372.9637,91272.1688,6638.5039,6372.9637,265.5402,0.06221214,0.05972365,265.5402,6372.9637,0.05972365,265.5402,265.5402,331.9252,0.0000,0.0000,6372.9637,0.05972365,863.0055,826.361,5775.4984,5812.1429,0.05412456,0.05446797,0.00248849,83.7579,74.6859,5.2148,265.5402,16.3108,4268.3014,50.9200,,83.7579,52.3519,78.5279,109.939,141.1146,183.2317,261.7596,73.2927,0.0,2.333333,3.333333,1.066601,30,136,60,3,0E-8,0.06221214,,0E-8,0.000000,0.890988,0.000000,,2026-03-21,2026-06-26,25,407,206,98,0.255102,,,0.000000,,,,,,,,GLOBAL_BASELINE_NO_ENTITY_RANKING,,,NOT_APPLICABLE_GLOBAL_BASELINE,HF9g-P5,,,,X 全窗基线 · 不参与实体赏罚,14191928,1420,A168_HF9F_20260827_0900,2026-08-27 09:00:00
2026-03-30,112874672,1078,0,135.3450772836,-135.3450772836,-135.3450772836,0E-7,2,2,0.49994810000000000,0.499948100000,-1.4140667746232096,-1.4140667746232096,-1.4140667746232096,0E-17,ELIGIBLE,R03b_20260811_FULL_v1,L1_ELIGIBILITY,v2026-08-11,2026-03-21..2026-08-06,baccarat_bet02_101_all_pairs_incl_sentinel,round_win = game_pnl > 0 (decisive only),COMPATIBILITY_ONLY_NOT_PRODUCTION,106707.5342,95075.1759,6638.5039,1274,1273,-0.06221214,,-0.06221214,-0.06221214,-6638.5039,106707.5342,OK,0.0000,265.5402,4.0000,96.0000,AG03-UNRESOLVED,ALL5_LEVELS_bet23_to_bet27,265.5402,265.5402,331.9252,0.0000,0.0000,4.000000,4.000000,5.000000,0.000000,0.000000,96.000000,96.000000,95.000000,100.000000,100.000000,5.0,863.0055,826.361,5775.4984,5812.1429,PENDING_AG03,FALSE,NOT_FOR_ENFORCEMENT,6372.9637,91272.1688,6638.5039,6372.9637,265.5402,0.06221214,0.05972365,265.5402,6372.9637,0.05972365,265.5402,265.5402,331.9252,0.0000,0.0000,6372.9637,0.05972365,863.0055,826.361,5775.4984,5812.1429,0.05412456,0.05446797,0.00248849,83.7579,74.6859,5.2148,265.5402,16.3108,4268.3014,50.9200,,83.7579,52.3519,78.5279,109.939,141.1146,183.2317,261.7596,73.2927,0.0,2.333333,3.333333,1.066601,30,136,60,3,0E-8,0.06221214,,0E-8,0.000000,0.890988,0.000000,,2026-03-21,2026-06-26,25,407,206,98,0.255102,,,0.000000,,,,,,,,GLOBAL_BASELINE_NO_ENTITY_RANKING,,,NOT_APPLICABLE_GLOBAL_BASELINE,HF9g-P5,,,,X 全窗基线 · 不参与实体赏罚,14191929,1420,A168_HF9F_20260827_0900,2026-08-27 09:00:00
2026-03-30,112874672,1087,0,78.9951812939,78.9951812939,78.9951812939,1.0000000,1,1,0.49324550000000000,0.493245500000,1.01360149184955,1.01360149184955,1.01360149184955,0E-17,ELIGIBLE,R03b_20260811_FULL_v1,L1_ELIGIBILITY,v2026-08-11,2026-03-21..2026-08-06,baccarat_bet02_101_all_pairs_incl_sentinel,round_win = game_pnl > 0 (decisive only),COMPATIBILITY_ONLY_NOT_PRODUCTION,106707.5342,95075.1759,6638.5039,1274,1273,-0.06221214,,-0.06221214,-0.06221214,-6638.5039,106707.5342,OK,0.0000,265.5402,4.0000,96.0000,AG03-UNRESOLVED,ALL5_LEVELS_bet23_to_bet27,265.5402,265.5402,331.9252,0.0000,0.0000,4.000000,4.000000,5.000000,0.000000,0.000000,96.000000,96.000000,95.000000,100.000000,100.000000,5.0,863.0055,826.361,5775.4984,5812.1429,PENDING_AG03,FALSE,NOT_FOR_ENFORCEMENT,6372.9637,91272.1688,6638.5039,6372.9637,265.5402,0.06221214,0.05972365,265.5402,6372.9637,0.05972365,265.5402,265.5402,331.9252,0.0000,0.0000,6372.9637,0.05972365,863.0055,826.361,5775.4984,5812.1429,0.05412456,0.05446797,0.00248849,83.7579,74.6859,5.2148,265.5402,16.3108,4268.3014,50.9200,,83.7579,52.3519,78.5279,109.939,141.1146,183.2317,261.7596,73.2927,0.0,2.333333,3.333333,1.066601,30,136,60,3,0E-8,0.06221214,,0E-8,0.000000,0.890988,0.000000,,2026-03-21,2026-06-26,25,407,206,98,0.255102,,,0.000000,,,,,,,,GLOBAL_BASELINE_NO_ENTITY_RANKING,,,NOT_APPLICABLE_GLOBAL_BASELINE,HF9g-P5,,,,X 全窗基线 · 不参与实体赏罚,14191930,1420,A168_HF9F_20260827_0900,2026-08-27 09:00:00
2026-03-30,112874672,1094,0,47.3971087764,-47.3971087764,-47.3971087764,0E-7,1,1,0.49324550000000000,0.493245500000,-0.9865810262130424,-0.9865810262130424,-0.9865810262130424,0E-17,ELIGIBLE,R03b_20260811_FULL_v1,L1_ELIGIBILITY,v2026-08-11,2026-03-21..2026-08-06,baccarat_bet02_101_all_pairs_incl_sentinel,round_win = game_pnl > 0 (decisive only),COMPATIBILITY_ONLY_NOT_PRODUCTION,106707.5342,95075.1759,6638.5039,1274,1273,-0.06221214,,-0.06221214,-0.06221214,-6638.5039,106707.5342,OK,0.0000,265.5402,4.0000,96.0000,AG03-UNRESOLVED,ALL5_LEVELS_bet23_to_bet27,265.5402,265.5402,331.9252,0.0000,0.0000,4.000000,4.000000,5.000000,0.000000,0.000000,96.000000,96.000000,95.000000,100.000000,100.000000,5.0,863.0055,826.361,5775.4984,5812.1429,PENDING_AG03,FALSE,NOT_FOR_ENFORCEMENT,6372.9637,91272.1688,6638.5039,6372.9637,265.5402,0.06221214,0.05972365,265.5402,6372.9637,0.05972365,265.5402,265.5402,331.9252,0.0000,0.0000,6372.9637,0.05972365,863.0055,826.361,5775.4984,5812.1429,0.05412456,0.05446797,0.00248849,83.7579,74.6859,5.2148,265.5402,16.3108,4268.3014,50.9200,,83.7579,52.3519,78.5279,109.939,141.1146,183.2317,261.7596,73.2927,0.0,2.333333,3.333333,1.066601,30,136,60,3,0E-8,0.06221214,,0E-8,0.000000,0.890988,0.000000,,2026-03-21,2026-06-26,25,407,206,98,0.255102,,,0.000000,,,,,,,,GLOBAL_BASELINE_NO_ENTITY_RANKING,,,NOT_APPLICABLE_GLOBAL_BASELINE,HF9g-P5,,,,X 全窗基线 · 不参与实体赏罚,14191931,1420,A168_HF9F_20260827_0900,2026-08-27 09:00:00
2026-03-30,112874672,1109,0,63.1961450352,0E-10,0E-10,0.5000000,2,2,0.49324550000000000,0.493245500000,0.01910635448239258,0.01910635448239258,0.01910635448239258,0E-17,ELIGIBLE,R03b_20260811_FULL_v1,L1_ELIGIBILITY,v2026-08-11,2026-03-21..2026-08-06,baccarat_bet02_101_all_pairs_incl_sentinel,round_win = game_pnl > 0 (decisive only),COMPATIBILITY_ONLY_NOT_PRODUCTION,106707.5342,95075.1759,6638.5039,1274,1273,-0.06221214,,-0.06221214,-0.06221214,-6638.5039,106707.5342,OK,0.0000,265.5402,4.0000,96.0000,AG03-UNRESOLVED,ALL5_LEVELS_bet23_to_bet27,265.5402,265.5402,331.9252,0.0000,0.0000,4.000000,4.000000,5.000000,0.000000,0.000000,96.000000,96.000000,95.000000,100.000000,100.000000,5.0,863.0055,826.361,5775.4984,5812.1429,PENDING_AG03,FALSE,NOT_FOR_ENFORCEMENT,6372.9637,91272.1688,6638.5039,6372.9637,265.5402,0.06221214,0.05972365,265.5402,6372.9637,0.05972365,265.5402,265.5402,331.9252,0.0000,0.0000,6372.9637,0.05972365,863.0055,826.361,5775.4984,5812.1429,0.05412456,0.05446797,0.00248849,83.7579,74.6859,5.2148,265.5402,16.3108,4268.3014,50.9200,,83.7579,52.3519,78.5279,109.939,141.1146,183.2317,261.7596,73.2927,0.0,2.333333,3.333333,1.066601,30,136,60,3,0E-8,0.06221214,,0E-8,0.000000,0.890988,0.000000,,2026-03-21,2026-06-26,25,407,206,98,0.255102,,,0.000000,,,,,,,,GLOBAL_BASELINE_NO_ENTITY_RANKING,,,NOT_APPLICABLE_GLOBAL_BASELINE,HF9g-P5,,,,X 全窗基线 · 不参与实体赏罚,14191932,1420,A168_HF9F_20260827_0900,2026-08-27 09:00:00
2026-03-30,112874672,1115,0,210.6538167838,-210.6538167838,-210.6538167838,0E-7,2,2,0.49994810000000000,0.499948100000,-1.4140667746232096,-1.4140667746232096,-1.4140667746232096,0E-17,ELIGIBLE,R03b_20260811_FULL_v1,L1_ELIGIBILITY,v2026-08-11,2026-03-21..2026-08-06,baccarat_bet02_101_all_pairs_incl_sentinel,round_win = game_pnl > 0 (decisive only),COMPATIBILITY_ONLY_NOT_PRODUCTION,106707.5342,95075.1759,6638.5039,1274,1273,-0.06221214,,-0.06221214,-0.06221214,-6638.5039,106707.5342,OK,0.0000,265.5402,4.0000,96.0000,AG03-UNRESOLVED,ALL5_LEVELS_bet23_to_bet27,265.5402,265.5402,331.9252,0.0000,0.0000,4.000000,4.000000,5.000000,0.000000,0.000000,96.000000,96.000000,95.000000,100.000000,100.000000,5.0,863.0055,826.361,5775.4984,5812.1429,PENDING_AG03,FALSE,NOT_FOR_ENFORCEMENT,6372.9637,91272.1688,6638.5039,6372.9637,265.5402,0.06221214,0.05972365,265.5402,6372.9637,0.05972365,265.5402,265.5402,331.9252,0.0000,0.0000,6372.9637,0.05972365,863.0055,826.361,5775.4984,5812.1429,0.05412456,0.05446797,0.00248849,83.7579,74.6859,5.2148,265.5402,16.3108,4268.3014,50.9200,,83.7579,52.3519,78.5279,109.939,141.1146,183.2317,261.7596,73.2927,0.0,2.333333,3.333333,1.066601,30,136,60,3,0E-8,0.06221214,,0E-8,0.000000,0.890988,0.000000,,2026-03-21,2026-06-26,25,407,206,98,0.255102,,,0.000000,,,,,,,,GLOBAL_BASELINE_NO_ENTITY_RANKING,,,NOT_APPLICABLE_GLOBAL_BASELINE,HF9g-P5,,,,X 全窗基线 · 不参与实体赏罚,14191933,1420,A168_HF9F_20260827_0900,2026-08-27 09:00:00
2026-03-30,112874672,1158,0,105.3269083920,105.3269083920,105.3269083920,1.0000000,2,2,0.49324550000000000,0.493245500000,1.4334489766152358,1.4334489766152358,1.4334489766152358,0E-17,ELIGIBLE,R03b_20260811_FULL_v1,L1_ELIGIBILITY,v2026-08-11,2026-03-21..2026-08-06,baccarat_bet02_101_all_pairs_incl_sentinel,round_win = game_pnl > 0 (decisive only),COMPATIBILITY_ONLY_NOT_PRODUCTION,106707.5342,95075.1759,6638.5039,1274,1273,-0.06221214,,-0.06221214,-0.06221214,-6638.5039,106707.5342,OK,0.0000,265.5402,4.0000,96.0000,AG03-UNRESOLVED,ALL5_LEVELS_bet23_to_bet27,265.5402,265.5402,331.9252,0.0000,0.0000,4.000000,4.000000,5.000000,0.000000,0.000000,96.000000,96.000000,95.000000,100.000000,100.000000,5.0,863.0055,826.361,5775.4984,5812.1429,PENDING_AG03,FALSE,NOT_FOR_ENFORCEMENT,6372.9637,91272.1688,6638.5039,6372.9637,265.5402,0.06221214,0.05972365,265.5402,6372.9637,0.05972365,265.5402,265.5402,331.9252,0.0000,0.0000,6372.9637,0.05972365,863.0055,826.361,5775.4984,5812.1429,0.05412456,0.05446797,0.00248849,83.7579,74.6859,5.2148,265.5402,16.3108,4268.3014,50.9200,,83.7579,52.3519,78.5279,109.939,141.1146,183.2317,261.7596,73.2927,0.0,2.333333,3.333333,1.066601,30,136,60,3,0E-8,0.06221214,,0E-8,0.000000,0.890988,0.000000,,2026-03-21,2026-06-26,25,407,206,98,0.255102,,,0.000000,,,,,,,,GLOBAL_BASELINE_NO_ENTITY_RANKING,,,NOT_APPLICABLE_GLOBAL_BASELINE,HF9g-P5,,,,X 全窗基线 · 不参与实体赏罚,14191934,1420,A168_HF9F_20260827_0900,2026-08-27 09:00:00
2026-03-30,112874672,1185,0,763.6200858414,75.8353740422,75.8353740422,0.5555556,10,10,0.49994810000000000,0.499948100000,0.33364473513075094,0.33364473513075094,0.33364473513075094,0E-17,ELIGIBLE,R03b_20260811_FULL_v1,L1_ELIGIBILITY,v2026-08-11,2026-03-21..2026-08-06,baccarat_bet02_101_all_pairs_incl_sentinel,round_win = game_pnl > 0 (decisive only),COMPATIBILITY_ONLY_NOT_PRODUCTION,106707.5342,95075.1759,6638.5039,1274,1273,-0.06221214,,-0.06221214,-0.06221214,-6638.5039,106707.5342,OK,0.0000,265.5402,4.0000,96.0000,AG03-UNRESOLVED,ALL5_LEVELS_bet23_to_bet27,265.5402,265.5402,331.9252,0.0000,0.0000,4.000000,4.000000,5.000000,0.000000,0.000000,96.000000,96.000000,95.000000,100.000000,100.000000,5.0,863.0055,826.361,5775.4984,5812.1429,PENDING_AG03,FALSE,NOT_FOR_ENFORCEMENT,6372.9637,91272.1688,6638.5039,6372.9637,265.5402,0.06221214,0.05972365,265.5402,6372.9637,0.05972365,265.5402,265.5402,331.9252,0.0000,0.0000,6372.9637,0.05972365,863.0055,826.361,5775.4984,5812.1429,0.05412456,0.05446797,0.00248849,83.7579,74.6859,5.2148,265.5402,16.3108,4268.3014,50.9200,,83.7579,52.3519,78.5279,109.939,141.1146,183.2317,261.7596,73.2927,0.0,2.333333,3.333333,1.066601,30,136,60,3,0E-8,0.06221214,,0E-8,0.000000,0.890988,0.000000,,2026-03-21,2026-06-26,25,407,206,98,0.255102,,,0.000000,,,,,,,,GLOBAL_BASELINE_NO_ENTITY_RANKING,,,NOT_APPLICABLE_GLOBAL_BASELINE,HF9g-P5,,,,X 全窗基线 · 不参与实体赏罚,14191935,1420,A168_HF9F_20260827_0900,2026-08-27 09:00:00
2026-03-30,112874672,1291,0,268.5836163995,131.9219527608,131.9219527608,0.7500000,4,4,0.50665070000000000,0.506650700000,0.9734833216690844,0.9734833216690844,0.9734833216690844,0E-17,ELIGIBLE,R03b_20260811_FULL_v1,L1_ELIGIBILITY,v2026-08-11,2026-03-21..2026-08-06,baccarat_bet02_101_all_pairs_incl_sentinel,round_win = game_pnl > 0 (decisive only),COMPATIBILITY_ONLY_NOT_PRODUCTION,106707.5342,95075.1759,6638.5039,1274,1273,-0.06221214,,-0.06221214,-0.06221214,-6638.5039,106707.5342,OK,0.0000,265.5402,4.0000,96.0000,AG03-UNRESOLVED,ALL5_LEVELS_bet23_to_bet27,265.5402,265.5402,331.9252,0.0000,0.0000,4.000000,4.000000,5.000000,0.000000,0.000000,96.000000,96.000000,95.000000,100.000000,100.000000,5.0,863.0055,826.361,5775.4984,5812.1429,PENDING_AG03,FALSE,NOT_FOR_ENFORCEMENT,6372.9637,91272.1688,6638.5039,6372.9637,265.5402,0.06221214,0.05972365,265.5402,6372.9637,0.05972365,265.5402,265.5402,331.9252,0.0000,0.0000,6372.9637,0.05972365,863.0055,826.361,5775.4984,5812.1429,0.05412456,0.05446797,0.00248849,83.7579,74.6859,5.2148,265.5402,16.3108,4268.3014,50.9200,,83.7579,52.3519,78.5279,109.939,141.1146,183.2317,261.7596,73.2927,0.0,2.333333,3.333333,1.066601,30,136,60,3,0E-8,0.06221214,,0E-8,0.000000,0.890988,0.000000,,2026-03-21,2026-06-26,25,407,206,98,0.255102,,,0.000000,,,,,,,,GLOBAL_BASELINE_NO_ENTITY_RANKING,,,NOT_APPLICABLE_GLOBAL_BASELINE,HF9g-P5,,,,X 全窗基线 · 不参与实体赏罚,14191936,1420,A168_HF9F_20260827_0900,2026-08-27 09:00:00
2026-03-30,112874672,1304,0,210.6538167838,-210.6538167838,-210.6538167838,0E-7,2,2,0.49324550000000000,0.493245500000,-1.3952362676504506,-1.3952362676504506,-1.3952362676504506,0E-17,ELIGIBLE,R03b_20260811_FULL_v1,L1_ELIGIBILITY,v2026-08-11,2026-03-21..2026-08-06,baccarat_bet02_101_all_pairs_incl_sentinel,round_win = game_pnl > 0 (decisive only),COMPATIBILITY_ONLY_NOT_PRODUCTION,106707.5342,95075.1759,6638.5039,1274,1273,-0.06221214,,-0.06221214,-0.06221214,-6638.5039,106707.5342,OK,0.0000,265.5402,4.0000,96.0000,AG03-UNRESOLVED,ALL5_LEVELS_bet23_to_bet27,265.5402,265.5402,331.9252,0.0000,0.0000,4.000000,4.000000,5.000000,0.000000,0.000000,96.000000,96.000000,95.000000,100.000000,100.000000,5.0,863.0055,826.361,5775.4984,5812.1429,PENDING_AG03,FALSE,NOT_FOR_ENFORCEMENT,6372.9637,91272.1688,6638.5039,6372.9637,265.5402,0.06221214,0.05972365,265.5402,6372.9637,0.05972365,265.5402,265.5402,331.9252,0.0000,0.0000,6372.9637,0.05972365,863.0055,826.361,5775.4984,5812.1429,0.05412456,0.05446797,0.00248849,83.7579,74.6859,5.2148,265.5402,16.3108,4268.3014,50.9200,,83.7579,52.3519,78.5279,109.939,141.1146,183.2317,261.7596,73.2927,0.0,2.333333,3.333333,1.066601,30,136,60,3,0E-8,0.06221214,,0E-8,0.000000,0.890988,0.000000,,2026-03-21,2026-06-26,25,407,206,98,0.255102,,,0.000000,,,,,,,,GLOBAL_BASELINE_NO_ENTITY_RANKING,,,NOT_APPLICABLE_GLOBAL_BASELINE,HF9g-P5,,,,X 全窗基线 · 不参与实体赏罚,14191937,1420,A168_HF9F_20260827_0900,2026-08-27 09:00:00
2026-03-30,112874672,1318,0,1237.5911736050,-545.0667509283,-545.0667509283,0.2857143,15,15,0.49860758000000000,0.498607580000,-1.5931537120489765,-1.5931537120489765,-1.5931537120489765,0E-17,ELIGIBLE,R03b_20260811_FULL_v1,L1_ELIGIBILITY,v2026-08-11,2026-03-21..2026-08-06,baccarat_bet02_101_all_pairs_incl_sentinel,round_win = game_pnl > 0 (decisive only),COMPATIBILITY_ONLY_NOT_PRODUCTION,106707.5342,95075.1759,6638.5039,1274,1273,-0.06221214,,-0.06221214,-0.06221214,-6638.5039,106707.5342,OK,0.0000,265.5402,4.0000,96.0000,AG03-UNRESOLVED,ALL5_LEVELS_bet23_to_bet27,265.5402,265.5402,331.9252,0.0000,0.0000,4.000000,4.000000,5.000000,0.000000,0.000000,96.000000,96.000000,95.000000,100.000000,100.000000,5.0,863.0055,826.361,5775.4984,5812.1429,PENDING_AG03,FALSE,NOT_FOR_ENFORCEMENT,6372.9637,91272.1688,6638.5039,6372.9637,265.5402,0.06221214,0.05972365,265.5402,6372.9637,0.05972365,265.5402,265.5402,331.9252,0.0000,0.0000,6372.9637,0.05972365,863.0055,826.361,5775.4984,5812.1429,0.05412456,0.05446797,0.00248849,83.7579,74.6859,5.2148,265.5402,16.3108,4268.3014,50.9200,,83.7579,52.3519,78.5279,109.939,141.1146,183.2317,261.7596,73.2927,0.0,2.333333,3.333333,1.066601,30,136,60,3,0E-8,0.06221214,,0E-8,0.000000,0.890988,0.000000,,2026-03-21,2026-06-26,25,407,206,98,0.255102,,,0.000000,,,,,,,,GLOBAL_BASELINE_NO_ENTITY_RANKING,,,NOT_APPLICABLE_GLOBAL_BASELINE,HF9g-P5,,,,X 全窗基线 · 不参与实体赏罚,14191938,1420,A168_HF9F_20260827_0900,2026-08-27 09:00:00
2026-03-30,112874672,1331,0,300.1816889168,1.3165863549,1.3165863549,0.5000000,4,4,0.49994810000000000,0.499948100000,0.00020760000111838688,0.00020760000111838688,0.00020760000111838688,0E-17,ELIGIBLE,R03b_20260811_FULL_v1,L1_ELIGIBILITY,v2026-08-11,2026-03-21..2026-08-06,baccarat_bet02_101_all_pairs_incl_sentinel,round_win = game_pnl > 0 (decisive only),COMPATIBILITY_ONLY_NOT_PRODUCTION,106707.5342,95075.1759,6638.5039,1274,1273,-0.06221214,,-0.06221214,-0.06221214,-6638.5039,106707.5342,OK,0.0000,265.5402,4.0000,96.0000,AG03-UNRESOLVED,ALL5_LEVELS_bet23_to_bet27,265.5402,265.5402,331.9252,0.0000,0.0000,4.000000,4.000000,5.000000,0.000000,0.000000,96.000000,96.000000,95.000000,100.000000,100.000000,5.0,863.0055,826.361,5775.4984,5812.1429,PENDING_AG03,FALSE,NOT_FOR_ENFORCEMENT,6372.9637,91272.1688,6638.5039,6372.9637,265.5402,0.06221214,0.05972365,265.5402,6372.9637,0.05972365,265.5402,265.5402,331.9252,0.0000,0.0000,6372.9637,0.05972365,863.0055,826.361,5775.4984,5812.1429,0.05412456,0.05446797,0.00248849,83.7579,74.6859,5.2148,265.5402,16.3108,4268.3014,50.9200,,83.7579,52.3519,78.5279,109.939,141.1146,183.2317,261.7596,73.2927,0.0,2.333333,3.333333,1.066601,30,136,60,3,0E-8,0.06221214,,0E-8,0.000000,0.890988,0.000000,,2026-03-21,2026-06-26,25,407,206,98,0.255102,,,0.000000,,,,,,,,GLOBAL_BASELINE_NO_ENTITY_RANKING,,,NOT_APPLICABLE_GLOBAL_BASELINE,HF9g-P5,,,,X 全窗基线 · 不参与实体赏罚,14191939,1420,A168_HF9F_20260827_0900,2026-08-27 09:00:00
2026-03-30,112874672,1363,0,78.9951812939,-78.9951812939,-78.9951812939,0E-7,1,1,0.49324550000000000,0.493245500000,-0.9865810262130424,-0.9865810262130424,-0.9865810262130424,0E-17,ELIGIBLE,R03b_20260811_FULL_v1,L1_ELIGIBILITY,v2026-08-11,2026-03-21..2026-08-06,baccarat_bet02_101_all_pairs_incl_sentinel,round_win = game_pnl > 0 (decisive only),COMPATIBILITY_ONLY_NOT_PRODUCTION,106707.5342,95075.1759,6638.5039,1274,1273,-0.06221214,,-0.06221214,-0.06221214,-6638.5039,106707.5342,OK,0.0000,265.5402,4.0000,96.0000,AG03-UNRESOLVED,ALL5_LEVELS_bet23_to_bet27,265.5402,265.5402,331.9252,0.0000,0.0000,4.000000,4.000000,5.000000,0.000000,0.000000,96.000000,96.000000,95.000000,100.000000,100.000000,5.0,863.0055,826.361,5775.4984,5812.1429,PENDING_AG03,FALSE,NOT_FOR_ENFORCEMENT,6372.9637,91272.1688,6638.5039,6372.9637,265.5402,0.06221214,0.05972365,265.5402,6372.9637,0.05972365,265.5402,265.5402,331.9252,0.0000,0.0000,6372.9637,0.05972365,863.0055,826.361,5775.4984,5812.1429,0.05412456,0.05446797,0.00248849,83.7579,74.6859,5.2148,265.5402,16.3108,4268.3014,50.9200,,83.7579,52.3519,78.5279,109.939,141.1146,183.2317,261.7596,73.2927,0.0,2.333333,3.333333,1.066601,30,136,60,3,0E-8,0.06221214,,0E-8,0.000000,0.890988,0.000000,,2026-03-21,2026-06-26,25,407,206,98,0.255102,,,0.000000,,,,,,,,GLOBAL_BASELINE_NO_ENTITY_RANKING,,,NOT_APPLICABLE_GLOBAL_BASELINE,HF9g-P5,,,,X 全窗基线 · 不参与实体赏罚,14191940,1420,A168_HF9F_20260827_0900,2026-08-27 09:00:00
2026-03-30,112874672,1384,0,705.4269689549,-192.7482423572,-192.7482423572,0.3750000,10,10,0.49994810000000000,0.499948100000,-0.7068131942587571,-0.7068131942587571,-0.7068131942587571,0E-17,ELIGIBLE,R03b_20260811_FULL_v1,L1_ELIGIBILITY,v2026-08-11,2026-03-21..2026-08-06,baccarat_bet02_101_all_pairs_incl_sentinel,round_win = game_pnl > 0 (decisive only),COMPATIBILITY_ONLY_NOT_PRODUCTION,106707.5342,95075.1759,6638.5039,1274,1273,-0.06221214,,-0.06221214,-0.06221214,-6638.5039,106707.5342,OK,0.0000,265.5402,4.0000,96.0000,AG03-UNRESOLVED,ALL5_LEVELS_bet23_to_bet27,265.5402,265.5402,331.9252,0.0000,0.0000,4.000000,4.000000,5.000000,0.000000,0.000000,96.000000,96.000000,95.000000,100.000000,100.000000,5.0,863.0055,826.361,5775.4984,5812.1429,PENDING_AG03,FALSE,NOT_FOR_ENFORCEMENT,6372.9637,91272.1688,6638.5039,6372.9637,265.5402,0.06221214,0.05972365,265.5402,6372.9637,0.05972365,265.5402,265.5402,331.9252,0.0000,0.0000,6372.9637,0.05972365,863.0055,826.361,5775.4984,5812.1429,0.05412456,0.05446797,0.00248849,83.7579,74.6859,5.2148,265.5402,16.3108,4268.3014,50.9200,,83.7579,52.3519,78.5279,109.939,141.1146,183.2317,261.7596,73.2927,0.0,2.333333,3.333333,1.066601,30,136,60,3,0E-8,0.06221214,,0E-8,0.000000,0.890988,0.000000,,2026-03-21,2026-06-26,25,407,206,98,0.255102,,,0.000000,,,,,,,,GLOBAL_BASELINE_NO_ENTITY_RANKING,,,NOT_APPLICABLE_GLOBAL_BASELINE,HF9g-P5,,,,X 全窗基线 · 不参与实体赏罚,14191941,1420,A168_HF9F_20260827_0900,2026-08-27 09:00:00
2026-03-30,112874672,1396,0,213.2869894936,-105.4585670273,-105.4585670273,0.3333333,3,3,0.49771390000000000,0.497713900000,-0.5694369385616226,-0.5694369385616226,-0.5694369385616226,0E-17,ELIGIBLE,R03b_20260811_FULL_v1,L1_ELIGIBILITY,v2026-08-11,2026-03-21..2026-08-06,baccarat_bet02_101_all_pairs_incl_sentinel,round_win = game_pnl > 0 (decisive only),COMPATIBILITY_ONLY_NOT_PRODUCTION,106707.5342,95075.1759,6638.5039,1274,1273,-0.06221214,,-0.06221214,-0.06221214,-6638.5039,106707.5342,OK,0.0000,265.5402,4.0000,96.0000,AG03-UNRESOLVED,ALL5_LEVELS_bet23_to_bet27,265.5402,265.5402,331.9252,0.0000,0.0000,4.000000,4.000000,5.000000,0.000000,0.000000,96.000000,96.000000,95.000000,100.000000,100.000000,5.0,863.0055,826.361,5775.4984,5812.1429,PENDING_AG03,FALSE,NOT_FOR_ENFORCEMENT,6372.9637,91272.1688,6638.5039,6372.9637,265.5402,0.06221214,0.05972365,265.5402,6372.9637,0.05972365,265.5402,265.5402,331.9252,0.0000,0.0000,6372.9637,0.05972365,863.0055,826.361,5775.4984,5812.1429,0.05412456,0.05446797,0.00248849,83.7579,74.6859,5.2148,265.5402,16.3108,4268.3014,50.9200,,83.7579,52.3519,78.5279,109.939,141.1146,183.2317,261.7596,73.2927,0.0,2.333333,3.333333,1.066601,30,136,60,3,0E-8,0.06221214,,0E-8,0.000000,0.890988,0.000000,,2026-03-21,2026-06-26,25,407,206,98,0.255102,,,0.000000,,,,,,,,GLOBAL_BASELINE_NO_ENTITY_RANKING,,,NOT_APPLICABLE_GLOBAL_BASELINE,HF9g-P5,,,,X 全窗基线 · 不参与实体赏罚,14191942,1420,A168_HF9F_20260827_0900,2026-08-27 09:00:00
2026-03-30,112874672,1402,0,388.6562919661,128.7621455093,128.7621455093,0.6666667,8,8,0.50162375000000000,0.501623750000,0.8085461265665992,0.8085461265665994,0.8085461265665992,0E-17,ELIGIBLE,R03b_20260811_FULL_v1,L1_ELIGIBILITY,v2026-08-11,2026-03-21..2026-08-06,baccarat_bet02_101_all_pairs_incl_sentinel,round_win = game_pnl > 0 (decisive only),COMPATIBILITY_ONLY_NOT_PRODUCTION,106707.5342,95075.1759,6638.5039,1274,1273,-0.06221214,,-0.06221214,-0.06221214,-6638.5039,106707.5342,OK,0.0000,265.5402,4.0000,96.0000,AG03-UNRESOLVED,ALL5_LEVELS_bet23_to_bet27,265.5402,265.5402,331.9252,0.0000,0.0000,4.000000,4.000000,5.000000,0.000000,0.000000,96.000000,96.000000,95.000000,100.000000,100.000000,5.0,863.0055,826.361,5775.4984,5812.1429,PENDING_AG03,FALSE,NOT_FOR_ENFORCEMENT,6372.9637,91272.1688,6638.5039,6372.9637,265.5402,0.06221214,0.05972365,265.5402,6372.9637,0.05972365,265.5402,265.5402,331.9252,0.0000,0.0000,6372.9637,0.05972365,863.0055,826.361,5775.4984,5812.1429,0.05412456,0.05446797,0.00248849,83.7579,74.6859,5.2148,265.5402,16.3108,4268.3014,50.9200,,83.7579,52.3519,78.5279,109.939,141.1146,183.2317,261.7596,73.2927,0.0,2.333333,3.333333,1.066601,30,136,60,3,0E-8,0.06221214,,0E-8,0.000000,0.890988,0.000000,,2026-03-21,2026-06-26,25,407,206,98,0.255102,,,0.000000,,,,,,,,GLOBAL_BASELINE_NO_ENTITY_RANKING,,,NOT_APPLICABLE_GLOBAL_BASELINE,HF9g-P5,,,,X 全窗基线 · 不参与实体赏罚,14191943,1420,A168_HF9F_20260827_0900,2026-08-27 09:00:00
2026-03-30,112874672,1405,0,76.3620085842,25.0151407431,25.0151407431,1.0000000,2,2,0.50665070000000000,0.506650700000,0.9867858985152569,0.9867858985152569,0.9867858985152569,0E-17,ELIGIBLE,R03b_20260811_FULL_v1,L1_ELIGIBILITY,v2026-08-11,2026-03-21..2026-08-06,baccarat_bet02_101_all_pairs_incl_sentinel,round_win = game_pnl > 0 (decisive only),COMPATIBILITY_ONLY_NOT_PRODUCTION,106707.5342,95075.1759,6638.5039,1274,1273,-0.06221214,,-0.06221214,-0.06221214,-6638.5039,106707.5342,OK,0.0000,265.5402,4.0000,96.0000,AG03-UNRESOLVED,ALL5_LEVELS_bet23_to_bet27,265.5402,265.5402,331.9252,0.0000,0.0000,4.000000,4.000000,5.000000,0.000000,0.000000,96.000000,96.000000,95.000000,100.000000,100.000000,5.0,863.0055,826.361,5775.4984,5812.1429,PENDING_AG03,FALSE,NOT_FOR_ENFORCEMENT,6372.9637,91272.1688,6638.5039,6372.9637,265.5402,0.06221214,0.05972365,265.5402,6372.9637,0.05972365,265.5402,265.5402,331.9252,0.0000,0.0000,6372.9637,0.05972365,863.0055,826.361,5775.4984,5812.1429,0.05412456,0.05446797,0.00248849,83.7579,74.6859,5.2148,265.5402,16.3108,4268.3014,50.9200,,83.7579,52.3519,78.5279,109.939,141.1146,183.2317,261.7596,73.2927,0.0,2.333333,3.333333,1.066601,30,136,60,3,0E-8,0.06221214,,0E-8,0.000000,0.890988,0.000000,,2026-03-21,2026-06-26,25,407,206,98,0.255102,,,0.000000,,,,,,,,GLOBAL_BASELINE_NO_ENTITY_RANKING,,,NOT_APPLICABLE_GLOBAL_BASELINE,HF9g-P5,,,,X 全窗基线 · 不参与实体赏罚,14191944,1420,A168_HF9F_20260827_0900,2026-08-27 09:00:00
2026-03-30,112874672,1505,0,1037.4700476605,-160.6235352977,-160.6235352977,0.4166667,13,13,0.50046368461538462,0.500463684615,-0.5805630200858888,-0.5805630200832237,-0.5805630200858888,3.8462E-13,ELIGIBLE,R03b_20260811_FULL_v1,L1_ELIGIBILITY,v2026-08-11,2026-03-21..2026-08-06,baccarat_bet02_101_all_pairs_incl_sentinel,round_win = game_pnl > 0 (decisive only),COMPATIBILITY_ONLY_NOT_PRODUCTION,106707.5342,95075.1759,6638.5039,1274,1273,-0.06221214,,-0.06221214,-0.06221214,-6638.5039,106707.5342,OK,0.0000,265.5402,4.0000,96.0000,AG03-UNRESOLVED,ALL5_LEVELS_bet23_to_bet27,265.5402,265.5402,331.9252,0.0000,0.0000,4.000000,4.000000,5.000000,0.000000,0.000000,96.000000,96.000000,95.000000,100.000000,100.000000,5.0,863.0055,826.361,5775.4984,5812.1429,PENDING_AG03,FALSE,NOT_FOR_ENFORCEMENT,6372.9637,91272.1688,6638.5039,6372.9637,265.5402,0.06221214,0.05972365,265.5402,6372.9637,0.05972365,265.5402,265.5402,331.9252,0.0000,0.0000,6372.9637,0.05972365,863.0055,826.361,5775.4984,5812.1429,0.05412456,0.05446797,0.00248849,83.7579,74.6859,5.2148,265.5402,16.3108,4268.3014,50.9200,,83.7579,52.3519,78.5279,109.939,141.1146,183.2317,261.7596,73.2927,0.0,2.333333,3.333333,1.066601,30,136,60,3,0E-8,0.06221214,,0E-8,0.000000,0.890988,0.000000,,2026-03-21,2026-06-26,25,407,206,98,0.255102,,,0.000000,,,,,,,,GLOBAL_BASELINE_NO_ENTITY_RANKING,,,NOT_APPLICABLE_GLOBAL_BASELINE,HF9g-P5,,,,X 全窗基线 · 不参与实体赏罚,14191945,1420,A168_HF9F_20260827_0900,2026-08-27 09:00:00
2026-03-30,112874672,1507,0,78.9951812939,78.9951812939,78.9951812939,1.0000000,1,1,0.49324550000000000,0.493245500000,1.01360149184955,1.01360149184955,1.01360149184955,0E-17,ELIGIBLE,R03b_20260811_FULL_v1,L1_ELIGIBILITY,v2026-08-11,2026-03-21..2026-08-06,baccarat_bet02_101_all_pairs_incl_sentinel,round_win = game_pnl > 0 (decisive only),COMPATIBILITY_ONLY_NOT_PRODUCTION,106707.5342,95075.1759,6638.5039,1274,1273,-0.06221214,,-0.06221214,-0.06221214,-6638.5039,106707.5342,OK,0.0000,265.5402,4.0000,96.0000,AG03-UNRESOLVED,ALL5_LEVELS_bet23_to_bet27,265.5402,265.5402,331.9252,0.0000,0.0000,4.000000,4.000000,5.000000,0.000000,0.000000,96.000000,96.000000,95.000000,100.000000,100.000000,5.0,863.0055,826.361,5775.4984,5812.1429,PENDING_AG03,FALSE,NOT_FOR_ENFORCEMENT,6372.9637,91272.1688,6638.5039,6372.9637,265.5402,0.06221214,0.05972365,265.5402,6372.9637,0.05972365,265.5402,265.5402,331.9252,0.0000,0.0000,6372.9637,0.05972365,863.0055,826.361,5775.4984,5812.1429,0.05412456,0.05446797,0.00248849,83.7579,74.6859,5.2148,265.5402,16.3108,4268.3014,50.9200,,83.7579,52.3519,78.5279,109.939,141.1146,183.2317,261.7596,73.2927,0.0,2.333333,3.333333,1.066601,30,136,60,3,0E-8,0.06221214,,0E-8,0.000000,0.890988,0.000000,,2026-03-21,2026-06-26,25,407,206,98,0.255102,,,0.000000,,,,,,,,GLOBAL_BASELINE_NO_ENTITY_RANKING,,,NOT_APPLICABLE_GLOBAL_BASELINE,HF9g-P5,,,,X 全窗基线 · 不参与实体赏罚,14191946,1420,A168_HF9F_20260827_0900,2026-08-27 09:00:00
2026-03-30,112874672,1654,0,78.9951812940,-27.6483134529,-27.6483134529,0.5000000,2,2,0.50665070000000000,0.506650700000,-0.018812684590367487,-0.018812684590367487,-0.018812684590367487,0E-17,ELIGIBLE,R03b_20260811_FULL_v1,L1_ELIGIBILITY,v2026-08-11,2026-03-21..2026-08-06,baccarat_bet02_101_all_pairs_incl_sentinel,round_win = game_pnl > 0 (decisive only),COMPATIBILITY_ONLY_NOT_PRODUCTION,106707.5342,95075.1759,6638.5039,1274,1273,-0.06221214,,-0.06221214,-0.06221214,-6638.5039,106707.5342,OK,0.0000,265.5402,4.0000,96.0000,AG03-UNRESOLVED,ALL5_LEVELS_bet23_to_bet27,265.5402,265.5402,331.9252,0.0000,0.0000,4.000000,4.000000,5.000000,0.000000,0.000000,96.000000,96.000000,95.000000,100.000000,100.000000,5.0,863.0055,826.361,5775.4984,5812.1429,PENDING_AG03,FALSE,NOT_FOR_ENFORCEMENT,6372.9637,91272.1688,6638.5039,6372.9637,265.5402,0.06221214,0.05972365,265.5402,6372.9637,0.05972365,265.5402,265.5402,331.9252,0.0000,0.0000,6372.9637,0.05972365,863.0055,826.361,5775.4984,5812.1429,0.05412456,0.05446797,0.00248849,83.7579,74.6859,5.2148,265.5402,16.3108,4268.3014,50.9200,,83.7579,52.3519,78.5279,109.939,141.1146,183.2317,261.7596,73.2927,0.0,2.333333,3.333333,1.066601,30,136,60,3,0E-8,0.06221214,,0E-8,0.000000,0.890988,0.000000,,2026-03-21,2026-06-26,25,407,206,98,0.255102,,,0.000000,,,,,,,,GLOBAL_BASELINE_NO_ENTITY_RANKING,,,NOT_APPLICABLE_GLOBAL_BASELINE,HF9g-P5,,,,X 全窗基线 · 不参与实体赏罚,14191947,1420,A168_HF9F_20260827_0900,2026-08-27 09:00:00
2026-03-30,112874672,1702,0,118.4927719410,57.5348237091,57.5348237091,1.0000000,2,2,0.50665070000000000,0.506650700000,0.9867858985152569,0.9867858985152569,0.9867858985152569,0E-17,ELIGIBLE,R03b_20260811_FULL_v1,L1_ELIGIBILITY,v2026-08-11,2026-03-21..2026-08-06,baccarat_bet02_101_all_pairs_incl_sentinel,round_win = game_pnl > 0 (decisive only),COMPATIBILITY_ONLY_NOT_PRODUCTION,106707.5342,95075.1759,6638.5039,1274,1273,-0.06221214,,-0.06221214,-0.06221214,-6638.5039,106707.5342,OK,0.0000,265.5402,4.0000,96.0000,AG03-UNRESOLVED,ALL5_LEVELS_bet23_to_bet27,265.5402,265.5402,331.9252,0.0000,0.0000,4.000000,4.000000,5.000000,0.000000,0.000000,96.000000,96.000000,95.000000,100.000000,100.000000,5.0,863.0055,826.361,5775.4984,5812.1429,PENDING_AG03,FALSE,NOT_FOR_ENFORCEMENT,6372.9637,91272.1688,6638.5039,6372.9637,265.5402,0.06221214,0.05972365,265.5402,6372.9637,0.05972365,265.5402,265.5402,331.9252,0.0000,0.0000,6372.9637,0.05972365,863.0055,826.361,5775.4984,5812.1429,0.05412456,0.05446797,0.00248849,83.7579,74.6859,5.2148,265.5402,16.3108,4268.3014,50.9200,,83.7579,52.3519,78.5279,109.939,141.1146,183.2317,261.7596,73.2927,0.0,2.333333,3.333333,1.066601,30,136,60,3,0E-8,0.06221214,,0E-8,0.000000,0.890988,0.000000,,2026-03-21,2026-06-26,25,407,206,98,0.255102,,,0.000000,,,,,,,,GLOBAL_BASELINE_NO_ENTITY_RANKING,,,NOT_APPLICABLE_GLOBAL_BASELINE,HF9g-P5,,,,X 全窗基线 · 不参与实体赏罚,14191948,1420,A168_HF9F_20260827_0900,2026-08-27 09:00:00
2026-03-30,112874672,1704,0,918.9772757197,333.4913236960,333.4913236960,0.7692308,16,16,0.50078592500000000,0.500785925000,1.9357856924023196,1.9357856924023196,1.9357856924023196,0E-17,ELIGIBLE,R03b_20260811_FULL_v1,L1_ELIGIBILITY,v2026-08-11,2026-03-21..2026-08-06,baccarat_bet02_101_all_pairs_incl_sentinel,round_win = game_pnl > 0 (decisive only),COMPATIBILITY_ONLY_NOT_PRODUCTION,106707.5342,95075.1759,6638.5039,1274,1273,-0.06221214,,-0.06221214,-0.06221214,-6638.5039,106707.5342,OK,0.0000,265.5402,4.0000,96.0000,AG03-UNRESOLVED,ALL5_LEVELS_bet23_to_bet27,265.5402,265.5402,331.9252,0.0000,0.0000,4.000000,4.000000,5.000000,0.000000,0.000000,96.000000,96.000000,95.000000,100.000000,100.000000,5.0,863.0055,826.361,5775.4984,5812.1429,PENDING_AG03,FALSE,NOT_FOR_ENFORCEMENT,6372.9637,91272.1688,6638.5039,6372.9637,265.5402,0.06221214,0.05972365,265.5402,6372.9637,0.05972365,265.5402,265.5402,331.9252,0.0000,0.0000,6372.9637,0.05972365,863.0055,826.361,5775.4984,5812.1429,0.05412456,0.05446797,0.00248849,83.7579,74.6859,5.2148,265.5402,16.3108,4268.3014,50.9200,,83.7579,52.3519,78.5279,109.939,141.1146,183.2317,261.7596,73.2927,0.0,2.333333,3.333333,1.066601,30,136,60,3,0E-8,0.06221214,,0E-8,0.000000,0.890988,0.000000,,2026-03-21,2026-06-26,25,407,206,98,0.255102,,,0.000000,,,,,,,,GLOBAL_BASELINE_NO_ENTITY_RANKING,,,NOT_APPLICABLE_GLOBAL_BASELINE,HF9g-P5,,,,X 全窗基线 · 不参与实体赏罚,14191949,1420,A168_HF9F_20260827_0900,2026-08-27 09:00:00
2026-03-30,112874672,1711,0,171.1562261369,85.5781130684,85.5781130684,0.5000000,2,2,0.50665070000000000,0.506650700000,-0.018812684590367487,-0.018812684590367487,-0.018812684590367487,0E-17,ELIGIBLE,R03b_20260811_FULL_v1,L1_ELIGIBILITY,v2026-08-11,2026-03-21..2026-08-06,baccarat_bet02_101_all_pairs_incl_sentinel,round_win = game_pnl > 0 (decisive only),COMPATIBILITY_ONLY_NOT_PRODUCTION,106707.5342,95075.1759,6638.5039,1274,1273,-0.06221214,,-0.06221214,-0.06221214,-6638.5039,106707.5342,OK,0.0000,265.5402,4.0000,96.0000,AG03-UNRESOLVED,ALL5_LEVELS_bet23_to_bet27,265.5402,265.5402,331.9252,0.0000,0.0000,4.000000,4.000000,5.000000,0.000000,0.000000,96.000000,96.000000,95.000000,100.000000,100.000000,5.0,863.0055,826.361,5775.4984,5812.1429,PENDING_AG03,FALSE,NOT_FOR_ENFORCEMENT,6372.9637,91272.1688,6638.5039,6372.9637,265.5402,0.06221214,0.05972365,265.5402,6372.9637,0.05972365,265.5402,265.5402,331.9252,0.0000,0.0000,6372.9637,0.05972365,863.0055,826.361,5775.4984,5812.1429,0.05412456,0.05446797,0.00248849,83.7579,74.6859,5.2148,265.5402,16.3108,4268.3014,50.9200,,83.7579,52.3519,78.5279,109.939,141.1146,183.2317,261.7596,73.2927,0.0,2.333333,3.333333,1.066601,30,136,60,3,0E-8,0.06221214,,0E-8,0.000000,0.890988,0.000000,,2026-03-21,2026-06-26,25,407,206,98,0.255102,,,0.000000,,,,,,,,GLOBAL_BASELINE_NO_ENTITY_RANKING,,,NOT_APPLICABLE_GLOBAL_BASELINE,HF9g-P5,,,,X 全窗基线 · 不参与实体赏罚,14191950,1420,A168_HF9F_20260827_0900,2026-08-27 09:00:00
2026-03-30,112874672,1941,0,52.6634541960,0E-10,0E-10,,1,1,0.50665070000000000,0.506650700000,,,,0E-17,NO_DECISIVE_ROUND,R03b_20260811_FULL_v1,L1_ELIGIBILITY,v2026-08-11,2026-03-21..2026-08-06,baccarat_bet02_101_all_pairs_incl_sentinel,round_win = game_pnl > 0 (decisive only),COMPATIBILITY_ONLY_NOT_PRODUCTION,106707.5342,95075.1759,6638.5039,1274,1273,-0.06221214,,-0.06221214,-0.06221214,-6638.5039,106707.5342,OK,0.0000,265.5402,4.0000,96.0000,AG03-UNRESOLVED,ALL5_LEVELS_bet23_to_bet27,265.5402,265.5402,331.9252,0.0000,0.0000,4.000000,4.000000,5.000000,0.000000,0.000000,96.000000,96.000000,95.000000,100.000000,100.000000,5.0,863.0055,826.361,5775.4984,5812.1429,PENDING_AG03,FALSE,NOT_FOR_ENFORCEMENT,6372.9637,91272.1688,6638.5039,6372.9637,265.5402,0.06221214,0.05972365,265.5402,6372.9637,0.05972365,265.5402,265.5402,331.9252,0.0000,0.0000,6372.9637,0.05972365,863.0055,826.361,5775.4984,5812.1429,0.05412456,0.05446797,0.00248849,83.7579,74.6859,5.2148,265.5402,16.3108,4268.3014,50.9200,,83.7579,52.3519,78.5279,109.939,141.1146,183.2317,261.7596,73.2927,0.0,2.333333,3.333333,1.066601,30,136,60,3,0E-8,0.06221214,,0E-8,0.000000,0.890988,0.000000,,2026-03-21,2026-06-26,25,407,206,98,0.255102,,,0.000000,,,,,,,,GLOBAL_BASELINE_NO_ENTITY_RANKING,,,NOT_APPLICABLE_GLOBAL_BASELINE,HF9g-P5,,,,X 全窗基线 · 不参与实体赏罚,14191951,1420,A168_HF9F_20260827_0900,2026-08-27 09:00:00
2026-03-30,112874672,1949,0,184.3220896859,-184.3220896859,-184.3220896859,0E-7,1,1,0.50665070000000000,0.506650700000,-1.013391052207602,-1.013391052207602,-1.013391052207602,0E-17,ELIGIBLE,R03b_20260811_FULL_v1,L1_ELIGIBILITY,v2026-08-11,2026-03-21..2026-08-06,baccarat_bet02_101_all_pairs_incl_sentinel,round_win = game_pnl > 0 (decisive only),COMPATIBILITY_ONLY_NOT_PRODUCTION,106707.5342,95075.1759,6638.5039,1274,1273,-0.06221214,,-0.06221214,-0.06221214,-6638.5039,106707.5342,OK,0.0000,265.5402,4.0000,96.0000,AG03-UNRESOLVED,ALL5_LEVELS_bet23_to_bet27,265.5402,265.5402,331.9252,0.0000,0.0000,4.000000,4.000000,5.000000,0.000000,0.000000,96.000000,96.000000,95.000000,100.000000,100.000000,5.0,863.0055,826.361,5775.4984,5812.1429,PENDING_AG03,FALSE,NOT_FOR_ENFORCEMENT,6372.9637,91272.1688,6638.5039,6372.9637,265.5402,0.06221214,0.05972365,265.5402,6372.9637,0.05972365,265.5402,265.5402,331.9252,0.0000,0.0000,6372.9637,0.05972365,863.0055,826.361,5775.4984,5812.1429,0.05412456,0.05446797,0.00248849,83.7579,74.6859,5.2148,265.5402,16.3108,4268.3014,50.9200,,83.7579,52.3519,78.5279,109.939,141.1146,183.2317,261.7596,73.2927,0.0,2.333333,3.333333,1.066601,30,136,60,3,0E-8,0.06221214,,0E-8,0.000000,0.890988,0.000000,,2026-03-21,2026-06-26,25,407,206,98,0.255102,,,0.000000,,,,,,,,GLOBAL_BASELINE_NO_ENTITY_RANKING,,,NOT_APPLICABLE_GLOBAL_BASELINE,HF9g-P5,,,,X 全窗基线 · 不参与实体赏罚,14191952,1420,A168_HF9F_20260827_0900,2026-08-27 09:00:00
2026-03-30,112874672,1951,0,610.8960686732,316.5073597178,316.5073597178,0.7142857,7,7,0.50090561428571429,0.500905614286,1.129103210700875,1.1291032106993646,1.129103210700875,-2.8571E-13,ELIGIBLE,R03b_20260811_FULL_v1,L1_ELIGIBILITY,v2026-08-11,2026-03-21..2026-08-06,baccarat_bet02_101_all_pairs_incl_sentinel,round_win = game_pnl > 0 (decisive only),COMPATIBILITY_ONLY_NOT_PRODUCTION,106707.5342,95075.1759,6638.5039,1274,1273,-0.06221214,,-0.06221214,-0.06221214,-6638.5039,106707.5342,OK,0.0000,265.5402,4.0000,96.0000,AG03-UNRESOLVED,ALL5_LEVELS_bet23_to_bet27,265.5402,265.5402,331.9252,0.0000,0.0000,4.000000,4.000000,5.000000,0.000000,0.000000,96.000000,96.000000,95.000000,100.000000,100.000000,5.0,863.0055,826.361,5775.4984,5812.1429,PENDING_AG03,FALSE,NOT_FOR_ENFORCEMENT,6372.9637,91272.1688,6638.5039,6372.9637,265.5402,0.06221214,0.05972365,265.5402,6372.9637,0.05972365,265.5402,265.5402,331.9252,0.0000,0.0000,6372.9637,0.05972365,863.0055,826.361,5775.4984,5812.1429,0.05412456,0.05446797,0.00248849,83.7579,74.6859,5.2148,265.5402,16.3108,4268.3014,50.9200,,83.7579,52.3519,78.5279,109.939,141.1146,183.2317,261.7596,73.2927,0.0,2.333333,3.333333,1.066601,30,136,60,3,0E-8,0.06221214,,0E-8,0.000000,0.890988,0.000000,,2026-03-21,2026-06-26,25,407,206,98,0.255102,,,0.000000,,,,,,,,GLOBAL_BASELINE_NO_ENTITY_RANKING,,,NOT_APPLICABLE_GLOBAL_BASELINE,HF9g-P5,,,,X 全窗基线 · 不参与实体赏罚,14191953,1420,A168_HF9F_20260827_0900,2026-08-27 09:00:00
2026-03-30,112874672,2093,0,776.7859493904,330.7264923505,330.7264923505,0.6428571,14,14,0.50090561428571429,0.500905614286,1.0622697133015946,1.0622697132994576,1.0622697133015946,-2.8571E-13,ELIGIBLE,R03b_20260811_FULL_v1,L1_ELIGIBILITY,v2026-08-11,2026-03-21..2026-08-06,baccarat_bet02_101_all_pairs_incl_sentinel,round_win = game_pnl > 0 (decisive only),COMPATIBILITY_ONLY_NOT_PRODUCTION,106707.5342,95075.1759,6638.5039,1274,1273,-0.06221214,,-0.06221214,-0.06221214,-6638.5039,106707.5342,OK,0.0000,265.5402,4.0000,96.0000,AG03-UNRESOLVED,ALL5_LEVELS_bet23_to_bet27,265.5402,265.5402,331.9252,0.0000,0.0000,4.000000,4.000000,5.000000,0.000000,0.000000,96.000000,96.000000,95.000000,100.000000,100.000000,5.0,863.0055,826.361,5775.4984,5812.1429,PENDING_AG03,FALSE,NOT_FOR_ENFORCEMENT,6372.9637,91272.1688,6638.5039,6372.9637,265.5402,0.06221214,0.05972365,265.5402,6372.9637,0.05972365,265.5402,265.5402,331.9252,0.0000,0.0000,6372.9637,0.05972365,863.0055,826.361,5775.4984,5812.1429,0.05412456,0.05446797,0.00248849,83.7579,74.6859,5.2148,265.5402,16.3108,4268.3014,50.9200,,83.7579,52.3519,78.5279,109.939,141.1146,183.2317,261.7596,73.2927,0.0,2.333333,3.333333,1.066601,30,136,60,3,0E-8,0.06221214,,0E-8,0.000000,0.890988,0.000000,,2026-03-21,2026-06-26,25,407,206,98,0.255102,,,0.000000,,,,,,,,GLOBAL_BASELINE_NO_ENTITY_RANKING,,,NOT_APPLICABLE_GLOBAL_BASELINE,HF9g-P5,,,,X 全窗基线 · 不参与实体赏罚,14191954,1420,A168_HF9F_20260827_0900,2026-08-27 09:00:00
2026-03-30,112874672,2108,0,389.7095610501,89.0012375912,89.0012375912,0.6000000,6,6,0.50441650000000000,0.504416500000,0.42747908374280613,0.42747908374280613,0.42747908374280613,0E-17,ELIGIBLE,R03b_20260811_FULL_v1,L1_ELIGIBILITY,v2026-08-11,2026-03-21..2026-08-06,baccarat_bet02_101_all_pairs_incl_sentinel,round_win = game_pnl > 0 (decisive only),COMPATIBILITY_ONLY_NOT_PRODUCTION,106707.5342,95075.1759,6638.5039,1274,1273,-0.06221214,,-0.06221214,-0.06221214,-6638.5039,106707.5342,OK,0.0000,265.5402,4.0000,96.0000,AG03-UNRESOLVED,ALL5_LEVELS_bet23_to_bet27,265.5402,265.5402,331.9252,0.0000,0.0000,4.000000,4.000000,5.000000,0.000000,0.000000,96.000000,96.000000,95.000000,100.000000,100.000000,5.0,863.0055,826.361,5775.4984,5812.1429,PENDING_AG03,FALSE,NOT_FOR_ENFORCEMENT,6372.9637,91272.1688,6638.5039,6372.9637,265.5402,0.06221214,0.05972365,265.5402,6372.9637,0.05972365,265.5402,265.5402,331.9252,0.0000,0.0000,6372.9637,0.05972365,863.0055,826.361,5775.4984,5812.1429,0.05412456,0.05446797,0.00248849,83.7579,74.6859,5.2148,265.5402,16.3108,4268.3014,50.9200,,83.7579,52.3519,78.5279,109.939,141.1146,183.2317,261.7596,73.2927,0.0,2.333333,3.333333,1.066601,30,136,60,3,0E-8,0.06221214,,0E-8,0.000000,0.890988,0.000000,,2026-03-21,2026-06-26,25,407,206,98,0.255102,,,0.000000,,,,,,,,GLOBAL_BASELINE_NO_ENTITY_RANKING,,,NOT_APPLICABLE_GLOBAL_BASELINE,HF9g-P5,,,,X 全窗基线 · 不参与实体赏罚,14191955,1420,A168_HF9F_20260827_0900,2026-08-27 09:00:00
2026-03-30,112874672,2115,0,78.9951812939,0E-10,0E-10,,1,1,0.49324550000000000,0.493245500000,,,,0E-17,NO_DECISIVE_ROUND,R03b_20260811_FULL_v1,L1_ELIGIBILITY,v2026-08-11,2026-03-21..2026-08-06,baccarat_bet02_101_all_pairs_incl_sentinel,round_win = game_pnl > 0 (decisive only),COMPATIBILITY_ONLY_NOT_PRODUCTION,106707.5342,95075.1759,6638.5039,1274,1273,-0.06221214,,-0.06221214,-0.06221214,-6638.5039,106707.5342,OK,0.0000,265.5402,4.0000,96.0000,AG03-UNRESOLVED,ALL5_LEVELS_bet23_to_bet27,265.5402,265.5402,331.9252,0.0000,0.0000,4.000000,4.000000,5.000000,0.000000,0.000000,96.000000,96.000000,95.000000,100.000000,100.000000,5.0,863.0055,826.361,5775.4984,5812.1429,PENDING_AG03,FALSE,NOT_FOR_ENFORCEMENT,6372.9637,91272.1688,6638.5039,6372.9637,265.5402,0.06221214,0.05972365,265.5402,6372.9637,0.05972365,265.5402,265.5402,331.9252,0.0000,0.0000,6372.9637,0.05972365,863.0055,826.361,5775.4984,5812.1429,0.05412456,0.05446797,0.00248849,83.7579,74.6859,5.2148,265.5402,16.3108,4268.3014,50.9200,,83.7579,52.3519,78.5279,109.939,141.1146,183.2317,261.7596,73.2927,0.0,2.333333,3.333333,1.066601,30,136,60,3,0E-8,0.06221214,,0E-8,0.000000,0.890988,0.000000,,2026-03-21,2026-06-26,25,407,206,98,0.255102,,,0.000000,,,,,,,,GLOBAL_BASELINE_NO_ENTITY_RANKING,,,NOT_APPLICABLE_GLOBAL_BASELINE,HF9g-P5,,,,X 全窗基线 · 不参与实体赏罚,14191956,1420,A168_HF9F_20260827_0900,2026-08-27 09:00:00
2026-03-30,112874672,2117,0,157.9903625879,157.9903625879,157.9903625879,1.0000000,1,1,0.49324550000000000,0.493245500000,1.01360149184955,1.01360149184955,1.01360149184955,0E-17,ELIGIBLE,R03b_20260811_FULL_v1,L1_ELIGIBILITY,v2026-08-11,2026-03-21..2026-08-06,baccarat_bet02_101_all_pairs_incl_sentinel,round_win = game_pnl > 0 (decisive only),COMPATIBILITY_ONLY_NOT_PRODUCTION,106707.5342,95075.1759,6638.5039,1274,1273,-0.06221214,,-0.06221214,-0.06221214,-6638.5039,106707.5342,OK,0.0000,265.5402,4.0000,96.0000,AG03-UNRESOLVED,ALL5_LEVELS_bet23_to_bet27,265.5402,265.5402,331.9252,0.0000,0.0000,4.000000,4.000000,5.000000,0.000000,0.000000,96.000000,96.000000,95.000000,100.000000,100.000000,5.0,863.0055,826.361,5775.4984,5812.1429,PENDING_AG03,FALSE,NOT_FOR_ENFORCEMENT,6372.9637,91272.1688,6638.5039,6372.9637,265.5402,0.06221214,0.05972365,265.5402,6372.9637,0.05972365,265.5402,265.5402,331.9252,0.0000,0.0000,6372.9637,0.05972365,863.0055,826.361,5775.4984,5812.1429,0.05412456,0.05446797,0.00248849,83.7579,74.6859,5.2148,265.5402,16.3108,4268.3014,50.9200,,83.7579,52.3519,78.5279,109.939,141.1146,183.2317,261.7596,73.2927,0.0,2.333333,3.333333,1.066601,30,136,60,3,0E-8,0.06221214,,0E-8,0.000000,0.890988,0.000000,,2026-03-21,2026-06-26,25,407,206,98,0.255102,,,0.000000,,,,,,,,GLOBAL_BASELINE_NO_ENTITY_RANKING,,,NOT_APPLICABLE_GLOBAL_BASELINE,HF9g-P5,,,,X 全窗基线 · 不参与实体赏罚,14191957,1420,A168_HF9F_20260827_0900,2026-08-27 09:00:00
2026-03-30,112874672,2121,0,105.3269083919,-105.3269083919,-105.3269083919,0E-7,1,1,0.50665070000000000,0.506650700000,-1.013391052207602,-1.013391052207602,-1.013391052207602,0E-17,ELIGIBLE,R03b_20260811_FULL_v1,L1_ELIGIBILITY,v2026-08-11,2026-03-21..2026-08-06,baccarat_bet02_101_all_pairs_incl_sentinel,round_win = game_pnl > 0 (decisive only),COMPATIBILITY_ONLY_NOT_PRODUCTION,106707.5342,95075.1759,6638.5039,1274,1273,-0.06221214,,-0.06221214,-0.06221214,-6638.5039,106707.5342,OK,0.0000,265.5402,4.0000,96.0000,AG03-UNRESOLVED,ALL5_LEVELS_bet23_to_bet27,265.5402,265.5402,331.9252,0.0000,0.0000,4.000000,4.000000,5.000000,0.000000,0.000000,96.000000,96.000000,95.000000,100.000000,100.000000,5.0,863.0055,826.361,5775.4984,5812.1429,PENDING_AG03,FALSE,NOT_FOR_ENFORCEMENT,6372.9637,91272.1688,6638.5039,6372.9637,265.5402,0.06221214,0.05972365,265.5402,6372.9637,0.05972365,265.5402,265.5402,331.9252,0.0000,0.0000,6372.9637,0.05972365,863.0055,826.361,5775.4984,5812.1429,0.05412456,0.05446797,0.00248849,83.7579,74.6859,5.2148,265.5402,16.3108,4268.3014,50.9200,,83.7579,52.3519,78.5279,109.939,141.1146,183.2317,261.7596,73.2927,0.0,2.333333,3.333333,1.066601,30,136,60,3,0E-8,0.06221214,,0E-8,0.000000,0.890988,0.000000,,2026-03-21,2026-06-26,25,407,206,98,0.255102,,,0.000000,,,,,,,,GLOBAL_BASELINE_NO_ENTITY_RANKING,,,NOT_APPLICABLE_GLOBAL_BASELINE,HF9g-P5,,,,X 全窗基线 · 不参与实体赏罚,14191958,1420,A168_HF9F_20260827_0900,2026-08-27 09:00:00
2026-03-30,112874672,2129,0,105.3269083920,0E-10,0E-10,0.5000000,2,2,0.49324550000000000,0.493245500000,0.01910635448239258,0.01910635448239258,0.01910635448239258,0E-17,ELIGIBLE,R03b_20260811_FULL_v1,L1_ELIGIBILITY,v2026-08-11,2026-03-21..2026-08-06,baccarat_bet02_101_all_pairs_incl_sentinel,round_win = game_pnl > 0 (decisive only),COMPATIBILITY_ONLY_NOT_PRODUCTION,106707.5342,95075.1759,6638.5039,1274,1273,-0.06221214,,-0.06221214,-0.06221214,-6638.5039,106707.5342,OK,0.0000,265.5402,4.0000,96.0000,AG03-UNRESOLVED,ALL5_LEVELS_bet23_to_bet27,265.5402,265.5402,331.9252,0.0000,0.0000,4.000000,4.000000,5.000000,0.000000,0.000000,96.000000,96.000000,95.000000,100.000000,100.000000,5.0,863.0055,826.361,5775.4984,5812.1429,PENDING_AG03,FALSE,NOT_FOR_ENFORCEMENT,6372.9637,91272.1688,6638.5039,6372.9637,265.5402,0.06221214,0.05972365,265.5402,6372.9637,0.05972365,265.5402,265.5402,331.9252,0.0000,0.0000,6372.9637,0.05972365,863.0055,826.361,5775.4984,5812.1429,0.05412456,0.05446797,0.00248849,83.7579,74.6859,5.2148,265.5402,16.3108,4268.3014,50.9200,,83.7579,52.3519,78.5279,109.939,141.1146,183.2317,261.7596,73.2927,0.0,2.333333,3.333333,1.066601,30,136,60,3,0E-8,0.06221214,,0E-8,0.000000,0.890988,0.000000,,2026-03-21,2026-06-26,25,407,206,98,0.255102,,,0.000000,,,,,,,,GLOBAL_BASELINE_NO_ENTITY_RANKING,,,NOT_APPLICABLE_GLOBAL_BASELINE,HF9g-P5,,,,X 全窗基线 · 不参与实体赏罚,14191959,1420,A168_HF9F_20260827_0900,2026-08-27 09:00:00
2026-03-30,112874672,2147,0,552.9662690575,0E-10,0E-10,0.4000000,6,6,0.49771390000000000,0.497713900000,-0.4369944132040151,-0.436994413204015,-0.4369944132040151,0E-17,ELIGIBLE,R03b_20260811_FULL_v1,L1_ELIGIBILITY,v2026-08-11,2026-03-21..2026-08-06,baccarat_bet02_101_all_pairs_incl_sentinel,round_win = game_pnl > 0 (decisive only),COMPATIBILITY_ONLY_NOT_PRODUCTION,106707.5342,95075.1759,6638.5039,1274,1273,-0.06221214,,-0.06221214,-0.06221214,-6638.5039,106707.5342,OK,0.0000,265.5402,4.0000,96.0000,AG03-UNRESOLVED,ALL5_LEVELS_bet23_to_bet27,265.5402,265.5402,331.9252,0.0000,0.0000,4.000000,4.000000,5.000000,0.000000,0.000000,96.000000,96.000000,95.000000,100.000000,100.000000,5.0,863.0055,826.361,5775.4984,5812.1429,PENDING_AG03,FALSE,NOT_FOR_ENFORCEMENT,6372.9637,91272.1688,6638.5039,6372.9637,265.5402,0.06221214,0.05972365,265.5402,6372.9637,0.05972365,265.5402,265.5402,331.9252,0.0000,0.0000,6372.9637,0.05972365,863.0055,826.361,5775.4984,5812.1429,0.05412456,0.05446797,0.00248849,83.7579,74.6859,5.2148,265.5402,16.3108,4268.3014,50.9200,,83.7579,52.3519,78.5279,109.939,141.1146,183.2317,261.7596,73.2927,0.0,2.333333,3.333333,1.066601,30,136,60,3,0E-8,0.06221214,,0E-8,0.000000,0.890988,0.000000,,2026-03-21,2026-06-26,25,407,206,98,0.255102,,,0.000000,,,,,,,,GLOBAL_BASELINE_NO_ENTITY_RANKING,,,NOT_APPLICABLE_GLOBAL_BASELINE,HF9g-P5,,,,X 全窗基线 · 不参与实体赏罚,14191960,1420,A168_HF9F_20260827_0900,2026-08-27 09:00:00
2026-03-30,112874672,2152,0,742.5547041629,-22.1186507623,-22.1186507623,0.5000000,10,10,0.49994810000000000,0.499948100000,0.00029359073713029245,0.00029359073713029245,0.00029359073713029245,0E-17,ELIGIBLE,R03b_20260811_FULL_v1,L1_ELIGIBILITY,v2026-08-11,2026-03-21..2026-08-06,baccarat_bet02_101_all_pairs_incl_sentinel,round_win = game_pnl > 0 (decisive only),COMPATIBILITY_ONLY_NOT_PRODUCTION,106707.5342,95075.1759,6638.5039,1274,1273,-0.06221214,,-0.06221214,-0.06221214,-6638.5039,106707.5342,OK,0.0000,265.5402,4.0000,96.0000,AG03-UNRESOLVED,ALL5_LEVELS_bet23_to_bet27,265.5402,265.5402,331.9252,0.0000,0.0000,4.000000,4.000000,5.000000,0.000000,0.000000,96.000000,96.000000,95.000000,100.000000,100.000000,5.0,863.0055,826.361,5775.4984,5812.1429,PENDING_AG03,FALSE,NOT_FOR_ENFORCEMENT,6372.9637,91272.1688,6638.5039,6372.9637,265.5402,0.06221214,0.05972365,265.5402,6372.9637,0.05972365,265.5402,265.5402,331.9252,0.0000,0.0000,6372.9637,0.05972365,863.0055,826.361,5775.4984,5812.1429,0.05412456,0.05446797,0.00248849,83.7579,74.6859,5.2148,265.5402,16.3108,4268.3014,50.9200,,83.7579,52.3519,78.5279,109.939,141.1146,183.2317,261.7596,73.2927,0.0,2.333333,3.333333,1.066601,30,136,60,3,0E-8,0.06221214,,0E-8,0.000000,0.890988,0.000000,,2026-03-21,2026-06-26,25,407,206,98,0.255102,,,0.000000,,,,,,,,GLOBAL_BASELINE_NO_ENTITY_RANKING,,,NOT_APPLICABLE_GLOBAL_BASELINE,HF9g-P5,,,,X 全窗基线 · 不参与实体赏罚,14191961,1420,A168_HF9F_20260827_0900,2026-08-27 09:00:00
2026-03-30,112874672,2156,0,26.3317270980,25.0151407431,25.0151407431,1.0000000,1,1,0.50665070000000000,0.506650700000,0.9867858985152569,0.9867858985152569,0.9867858985152569,0E-17,ELIGIBLE,R03b_20260811_FULL_v1,L1_ELIGIBILITY,v2026-08-11,2026-03-21..2026-08-06,baccarat_bet02_101_all_pairs_incl_sentinel,round_win = game_pnl > 0 (decisive only),COMPATIBILITY_ONLY_NOT_PRODUCTION,106707.5342,95075.1759,6638.5039,1274,1273,-0.06221214,,-0.06221214,-0.06221214,-6638.5039,106707.5342,OK,0.0000,265.5402,4.0000,96.0000,AG03-UNRESOLVED,ALL5_LEVELS_bet23_to_bet27,265.5402,265.5402,331.9252,0.0000,0.0000,4.000000,4.000000,5.000000,0.000000,0.000000,96.000000,96.000000,95.000000,100.000000,100.000000,5.0,863.0055,826.361,5775.4984,5812.1429,PENDING_AG03,FALSE,NOT_FOR_ENFORCEMENT,6372.9637,91272.1688,6638.5039,6372.9637,265.5402,0.06221214,0.05972365,265.5402,6372.9637,0.05972365,265.5402,265.5402,331.9252,0.0000,0.0000,6372.9637,0.05972365,863.0055,826.361,5775.4984,5812.1429,0.05412456,0.05446797,0.00248849,83.7579,74.6859,5.2148,265.5402,16.3108,4268.3014,50.9200,,83.7579,52.3519,78.5279,109.939,141.1146,183.2317,261.7596,73.2927,0.0,2.333333,3.333333,1.066601,30,136,60,3,0E-8,0.06221214,,0E-8,0.000000,0.890988,0.000000,,2026-03-21,2026-06-26,25,407,206,98,0.255102,,,0.000000,,,,,,,,GLOBAL_BASELINE_NO_ENTITY_RANKING,,,NOT_APPLICABLE_GLOBAL_BASELINE,HF9g-P5,,,,X 全窗基线 · 不参与实体赏罚,14191962,1420,A168_HF9F_20260827_0900,2026-08-27 09:00:00
2026-03-30,112874672,2167,0,28.9648998078,6.9779076810,6.9779076810,0.5000000,2,2,0.50665070000000000,0.506650700000,-0.018812684590367487,-0.018812684590367487,-0.018812684590367487,0E-17,ELIGIBLE,R03b_20260811_FULL_v1,L1_ELIGIBILITY,v2026-08-11,2026-03-21..2026-08-06,baccarat_bet02_101_all_pairs_incl_sentinel,round_win = game_pnl > 0 (decisive only),COMPATIBILITY_ONLY_NOT_PRODUCTION,106707.5342,95075.1759,6638.5039,1274,1273,-0.06221214,,-0.06221214,-0.06221214,-6638.5039,106707.5342,OK,0.0000,265.5402,4.0000,96.0000,AG03-UNRESOLVED,ALL5_LEVELS_bet23_to_bet27,265.5402,265.5402,331.9252,0.0000,0.0000,4.000000,4.000000,5.000000,0.000000,0.000000,96.000000,96.000000,95.000000,100.000000,100.000000,5.0,863.0055,826.361,5775.4984,5812.1429,PENDING_AG03,FALSE,NOT_FOR_ENFORCEMENT,6372.9637,91272.1688,6638.5039,6372.9637,265.5402,0.06221214,0.05972365,265.5402,6372.9637,0.05972365,265.5402,265.5402,331.9252,0.0000,0.0000,6372.9637,0.05972365,863.0055,826.361,5775.4984,5812.1429,0.05412456,0.05446797,0.00248849,83.7579,74.6859,5.2148,265.5402,16.3108,4268.3014,50.9200,,83.7579,52.3519,78.5279,109.939,141.1146,183.2317,261.7596,73.2927,0.0,2.333333,3.333333,1.066601,30,136,60,3,0E-8,0.06221214,,0E-8,0.000000,0.890988,0.000000,,2026-03-21,2026-06-26,25,407,206,98,0.255102,,,0.000000,,,,,,,,GLOBAL_BASELINE_NO_ENTITY_RANKING,,,NOT_APPLICABLE_GLOBAL_BASELINE,HF9g-P5,,,,X 全窗基线 · 不参与实体赏罚,14191963,1420,A168_HF9F_20260827_0900,2026-08-27 09:00:00
2026-03-30,112874672,2175,0,78.9951812939,75.0454222292,75.0454222292,1.0000000,1,1,0.50665070000000000,0.506650700000,0.9867858985152569,0.9867858985152569,0.9867858985152569,0E-17,ELIGIBLE,R03b_20260811_FULL_v1,L1_ELIGIBILITY,v2026-08-11,2026-03-21..2026-08-06,baccarat_bet02_101_all_pairs_incl_sentinel,round_win = game_pnl > 0 (decisive only),COMPATIBILITY_ONLY_NOT_PRODUCTION,106707.5342,95075.1759,6638.5039,1274,1273,-0.06221214,,-0.06221214,-0.06221214,-6638.5039,106707.5342,OK,0.0000,265.5402,4.0000,96.0000,AG03-UNRESOLVED,ALL5_LEVELS_bet23_to_bet27,265.5402,265.5402,331.9252,0.0000,0.0000,4.000000,4.000000,5.000000,0.000000,0.000000,96.000000,96.000000,95.000000,100.000000,100.000000,5.0,863.0055,826.361,5775.4984,5812.1429,PENDING_AG03,FALSE,NOT_FOR_ENFORCEMENT,6372.9637,91272.1688,6638.5039,6372.9637,265.5402,0.06221214,0.05972365,265.5402,6372.9637,0.05972365,265.5402,265.5402,331.9252,0.0000,0.0000,6372.9637,0.05972365,863.0055,826.361,5775.4984,5812.1429,0.05412456,0.05446797,0.00248849,83.7579,74.6859,5.2148,265.5402,16.3108,4268.3014,50.9200,,83.7579,52.3519,78.5279,109.939,141.1146,183.2317,261.7596,73.2927,0.0,2.333333,3.333333,1.066601,30,136,60,3,0E-8,0.06221214,,0E-8,0.000000,0.890988,0.000000,,2026-03-21,2026-06-26,25,407,206,98,0.255102,,,0.000000,,,,,,,,GLOBAL_BASELINE_NO_ENTITY_RANKING,,,NOT_APPLICABLE_GLOBAL_BASELINE,HF9g-P5,,,,X 全窗基线 · 不参与实体赏罚,14191964,1420,A168_HF9F_20260827_0900,2026-08-27 09:00:00
2026-03-30,112874672,2196,0,289.6489980778,-131.6586354900,-131.6586354900,0.2000000,5,5,0.49592654000000000,0.495926540000,-1.323467641100715,-1.323467641100715,-1.323467641100715,0E-17,ELIGIBLE,R03b_20260811_FULL_v1,L1_ELIGIBILITY,v2026-08-11,2026-03-21..2026-08-06,baccarat_bet02_101_all_pairs_incl_sentinel,round_win = game_pnl > 0 (decisive only),COMPATIBILITY_ONLY_NOT_PRODUCTION,106707.5342,95075.1759,6638.5039,1274,1273,-0.06221214,,-0.06221214,-0.06221214,-6638.5039,106707.5342,OK,0.0000,265.5402,4.0000,96.0000,AG03-UNRESOLVED,ALL5_LEVELS_bet23_to_bet27,265.5402,265.5402,331.9252,0.0000,0.0000,4.000000,4.000000,5.000000,0.000000,0.000000,96.000000,96.000000,95.000000,100.000000,100.000000,5.0,863.0055,826.361,5775.4984,5812.1429,PENDING_AG03,FALSE,NOT_FOR_ENFORCEMENT,6372.9637,91272.1688,6638.5039,6372.9637,265.5402,0.06221214,0.05972365,265.5402,6372.9637,0.05972365,265.5402,265.5402,331.9252,0.0000,0.0000,6372.9637,0.05972365,863.0055,826.361,5775.4984,5812.1429,0.05412456,0.05446797,0.00248849,83.7579,74.6859,5.2148,265.5402,16.3108,4268.3014,50.9200,,83.7579,52.3519,78.5279,109.939,141.1146,183.2317,261.7596,73.2927,0.0,2.333333,3.333333,1.066601,30,136,60,3,0E-8,0.06221214,,0E-8,0.000000,0.890988,0.000000,,2026-03-21,2026-06-26,25,407,206,98,0.255102,,,0.000000,,,,,,,,GLOBAL_BASELINE_NO_ENTITY_RANKING,,,NOT_APPLICABLE_GLOBAL_BASELINE,HF9g-P5,,,,X 全窗基线 · 不参与实体赏罚,14191965,1420,A168_HF9F_20260827_0900,2026-08-27 09:00:00
2026-03-30,112874672,2201,0,26.3317270980,-26.3317270980,-26.3317270980,0E-7,1,1,0.50665070000000000,0.506650700000,-1.013391052207602,-1.013391052207602,-1.013391052207602,0E-17,ELIGIBLE,R03b_20260811_FULL_v1,L1_ELIGIBILITY,v2026-08-11,2026-03-21..2026-08-06,baccarat_bet02_101_all_pairs_incl_sentinel,round_win = game_pnl > 0 (decisive only),COMPATIBILITY_ONLY_NOT_PRODUCTION,106707.5342,95075.1759,6638.5039,1274,1273,-0.06221214,,-0.06221214,-0.06221214,-6638.5039,106707.5342,OK,0.0000,265.5402,4.0000,96.0000,AG03-UNRESOLVED,ALL5_LEVELS_bet23_to_bet27,265.5402,265.5402,331.9252,0.0000,0.0000,4.000000,4.000000,5.000000,0.000000,0.000000,96.000000,96.000000,95.000000,100.000000,100.000000,5.0,863.0055,826.361,5775.4984,5812.1429,PENDING_AG03,FALSE,NOT_FOR_ENFORCEMENT,6372.9637,91272.1688,6638.5039,6372.9637,265.5402,0.06221214,0.05972365,265.5402,6372.9637,0.05972365,265.5402,265.5402,331.9252,0.0000,0.0000,6372.9637,0.05972365,863.0055,826.361,5775.4984,5812.1429,0.05412456,0.05446797,0.00248849,83.7579,74.6859,5.2148,265.5402,16.3108,4268.3014,50.9200,,83.7579,52.3519,78.5279,109.939,141.1146,183.2317,261.7596,73.2927,0.0,2.333333,3.333333,1.066601,30,136,60,3,0E-8,0.06221214,,0E-8,0.000000,0.890988,0.000000,,2026-03-21,2026-06-26,25,407,206,98,0.255102,,,0.000000,,,,,,,,GLOBAL_BASELINE_NO_ENTITY_RANKING,,,NOT_APPLICABLE_GLOBAL_BASELINE,HF9g-P5,,,,X 全窗基线 · 不参与实体赏罚,14191966,1420,A168_HF9F_20260827_0900,2026-08-27 09:00:00
2026-03-30,112874672,2202,0,768.8864312610,-73.2022013324,-73.2022013324,0.3333333,11,11,0.50177608181818182,0.501776081818,-1.0106628671337714,-1.010662867132679,-1.0106628671337714,1.8182E-13,ELIGIBLE,R03b_20260811_FULL_v1,L1_ELIGIBILITY,v2026-08-11,2026-03-21..2026-08-06,baccarat_bet02_101_all_pairs_incl_sentinel,round_win = game_pnl > 0 (decisive only),COMPATIBILITY_ONLY_NOT_PRODUCTION,106707.5342,95075.1759,6638.5039,1274,1273,-0.06221214,,-0.06221214,-0.06221214,-6638.5039,106707.5342,OK,0.0000,265.5402,4.0000,96.0000,AG03-UNRESOLVED,ALL5_LEVELS_bet23_to_bet27,265.5402,265.5402,331.9252,0.0000,0.0000,4.000000,4.000000,5.000000,0.000000,0.000000,96.000000,96.000000,95.000000,100.000000,100.000000,5.0,863.0055,826.361,5775.4984,5812.1429,PENDING_AG03,FALSE,NOT_FOR_ENFORCEMENT,6372.9637,91272.1688,6638.5039,6372.9637,265.5402,0.06221214,0.05972365,265.5402,6372.9637,0.05972365,265.5402,265.5402,331.9252,0.0000,0.0000,6372.9637,0.05972365,863.0055,826.361,5775.4984,5812.1429,0.05412456,0.05446797,0.00248849,83.7579,74.6859,5.2148,265.5402,16.3108,4268.3014,50.9200,,83.7579,52.3519,78.5279,109.939,141.1146,183.2317,261.7596,73.2927,0.0,2.333333,3.333333,1.066601,30,136,60,3,0E-8,0.06221214,,0E-8,0.000000,0.890988,0.000000,,2026-03-21,2026-06-26,25,407,206,98,0.255102,,,0.000000,,,,,,,,GLOBAL_BASELINE_NO_ENTITY_RANKING,,,NOT_APPLICABLE_GLOBAL_BASELINE,HF9g-P5,,,,X 全窗基线 · 不参与实体赏罚,14191967,1420,A168_HF9F_20260827_0900,2026-08-27 09:00:00
2026-03-30,112874672,2209,0,437.1066698265,150.8807962713,150.8807962713,0.5714286,7,7,0.50282064285714286,0.502820642857,0.36304481076852674,0.3630448107692821,0.36304481076852674,1.4286E-13,ELIGIBLE,R03b_20260811_FULL_v1,L1_ELIGIBILITY,v2026-08-11,2026-03-21..2026-08-06,baccarat_bet02_101_all_pairs_incl_sentinel,round_win = game_pnl > 0 (decisive only),COMPATIBILITY_ONLY_NOT_PRODUCTION,106707.5342,95075.1759,6638.5039,1274,1273,-0.06221214,,-0.06221214,-0.06221214,-6638.5039,106707.5342,OK,0.0000,265.5402,4.0000,96.0000,AG03-UNRESOLVED,ALL5_LEVELS_bet23_to_bet27,265.5402,265.5402,331.9252,0.0000,0.0000,4.000000,4.000000,5.000000,0.000000,0.000000,96.000000,96.000000,95.000000,100.000000,100.000000,5.0,863.0055,826.361,5775.4984,5812.1429,PENDING_AG03,FALSE,NOT_FOR_ENFORCEMENT,6372.9637,91272.1688,6638.5039,6372.9637,265.5402,0.06221214,0.05972365,265.5402,6372.9637,0.05972365,265.5402,265.5402,331.9252,0.0000,0.0000,6372.9637,0.05972365,863.0055,826.361,5775.4984,5812.1429,0.05412456,0.05446797,0.00248849,83.7579,74.6859,5.2148,265.5402,16.3108,4268.3014,50.9200,,83.7579,52.3519,78.5279,109.939,141.1146,183.2317,261.7596,73.2927,0.0,2.333333,3.333333,1.066601,30,136,60,3,0E-8,0.06221214,,0E-8,0.000000,0.890988,0.000000,,2026-03-21,2026-06-26,25,407,206,98,0.255102,,,0.000000,,,,,,,,GLOBAL_BASELINE_NO_ENTITY_RANKING,,,NOT_APPLICABLE_GLOBAL_BASELINE,HF9g-P5,,,,X 全窗基线 · 不参与实体赏罚,14191968,1420,A168_HF9F_20260827_0900,2026-08-27 09:00:00
2026-03-30,112874672,2218,0,84.2615267136,42.1307633568,42.1307633568,0.5000000,2,2,0.49324550000000000,0.493245500000,0.01910635448239258,0.01910635448239258,0.01910635448239258,0E-17,ELIGIBLE,R03b_20260811_FULL_v1,L1_ELIGIBILITY,v2026-08-11,2026-03-21..2026-08-06,baccarat_bet02_101_all_pairs_incl_sentinel,round_win = game_pnl > 0 (decisive only),COMPATIBILITY_ONLY_NOT_PRODUCTION,106707.5342,95075.1759,6638.5039,1274,1273,-0.06221214,,-0.06221214,-0.06221214,-6638.5039,106707.5342,OK,0.0000,265.5402,4.0000,96.0000,AG03-UNRESOLVED,ALL5_LEVELS_bet23_to_bet27,265.5402,265.5402,331.9252,0.0000,0.0000,4.000000,4.000000,5.000000,0.000000,0.000000,96.000000,96.000000,95.000000,100.000000,100.000000,5.0,863.0055,826.361,5775.4984,5812.1429,PENDING_AG03,FALSE,NOT_FOR_ENFORCEMENT,6372.9637,91272.1688,6638.5039,6372.9637,265.5402,0.06221214,0.05972365,265.5402,6372.9637,0.05972365,265.5402,265.5402,331.9252,0.0000,0.0000,6372.9637,0.05972365,863.0055,826.361,5775.4984,5812.1429,0.05412456,0.05446797,0.00248849,83.7579,74.6859,5.2148,265.5402,16.3108,4268.3014,50.9200,,83.7579,52.3519,78.5279,109.939,141.1146,183.2317,261.7596,73.2927,0.0,2.333333,3.333333,1.066601,30,136,60,3,0E-8,0.06221214,,0E-8,0.000000,0.890988,0.000000,,2026-03-21,2026-06-26,25,407,206,98,0.255102,,,0.000000,,,,,,,,GLOBAL_BASELINE_NO_ENTITY_RANKING,,,NOT_APPLICABLE_GLOBAL_BASELINE,HF9g-P5,,,,X 全窗基线 · 不参与实体赏罚,14191969,1420,A168_HF9F_20260827_0900,2026-08-27 09:00:00
2026-03-30,112874672,2220,0,52.6634541960,52.6634541960,52.6634541960,1.0000000,1,1,0.49324550000000000,0.493245500000,1.01360149184955,1.01360149184955,1.01360149184955,0E-17,ELIGIBLE,R03b_20260811_FULL_v1,L1_ELIGIBILITY,v2026-08-11,2026-03-21..2026-08-06,baccarat_bet02_101_all_pairs_incl_sentinel,round_win = game_pnl > 0 (decisive only),COMPATIBILITY_ONLY_NOT_PRODUCTION,106707.5342,95075.1759,6638.5039,1274,1273,-0.06221214,,-0.06221214,-0.06221214,-6638.5039,106707.5342,OK,0.0000,265.5402,4.0000,96.0000,AG03-UNRESOLVED,ALL5_LEVELS_bet23_to_bet27,265.5402,265.5402,331.9252,0.0000,0.0000,4.000000,4.000000,5.000000,0.000000,0.000000,96.000000,96.000000,95.000000,100.000000,100.000000,5.0,863.0055,826.361,5775.4984,5812.1429,PENDING_AG03,FALSE,NOT_FOR_ENFORCEMENT,6372.9637,91272.1688,6638.5039,6372.9637,265.5402,0.06221214,0.05972365,265.5402,6372.9637,0.05972365,265.5402,265.5402,331.9252,0.0000,0.0000,6372.9637,0.05972365,863.0055,826.361,5775.4984,5812.1429,0.05412456,0.05446797,0.00248849,83.7579,74.6859,5.2148,265.5402,16.3108,4268.3014,50.9200,,83.7579,52.3519,78.5279,109.939,141.1146,183.2317,261.7596,73.2927,0.0,2.333333,3.333333,1.066601,30,136,60,3,0E-8,0.06221214,,0E-8,0.000000,0.890988,0.000000,,2026-03-21,2026-06-26,25,407,206,98,0.255102,,,0.000000,,,,,,,,GLOBAL_BASELINE_NO_ENTITY_RANKING,,,NOT_APPLICABLE_GLOBAL_BASELINE,HF9g-P5,,,,X 全窗基线 · 不参与实体赏罚,14191970,1420,A168_HF9F_20260827_0900,2026-08-27 09:00:00
2026-03-30,112874672,2222,0,157.9903625879,-157.9903625879,-157.9903625879,0E-7,2,2,0.50665070000000000,0.506650700000,-1.4331513700195317,-1.4331513700195317,-1.4331513700195317,0E-17,ELIGIBLE,R03b_20260811_FULL_v1,L1_ELIGIBILITY,v2026-08-11,2026-03-21..2026-08-06,baccarat_bet02_101_all_pairs_incl_sentinel,round_win = game_pnl > 0 (decisive only),COMPATIBILITY_ONLY_NOT_PRODUCTION,106707.5342,95075.1759,6638.5039,1274,1273,-0.06221214,,-0.06221214,-0.06221214,-6638.5039,106707.5342,OK,0.0000,265.5402,4.0000,96.0000,AG03-UNRESOLVED,ALL5_LEVELS_bet23_to_bet27,265.5402,265.5402,331.9252,0.0000,0.0000,4.000000,4.000000,5.000000,0.000000,0.000000,96.000000,96.000000,95.000000,100.000000,100.000000,5.0,863.0055,826.361,5775.4984,5812.1429,PENDING_AG03,FALSE,NOT_FOR_ENFORCEMENT,6372.9637,91272.1688,6638.5039,6372.9637,265.5402,0.06221214,0.05972365,265.5402,6372.9637,0.05972365,265.5402,265.5402,331.9252,0.0000,0.0000,6372.9637,0.05972365,863.0055,826.361,5775.4984,5812.1429,0.05412456,0.05446797,0.00248849,83.7579,74.6859,5.2148,265.5402,16.3108,4268.3014,50.9200,,83.7579,52.3519,78.5279,109.939,141.1146,183.2317,261.7596,73.2927,0.0,2.333333,3.333333,1.066601,30,136,60,3,0E-8,0.06221214,,0E-8,0.000000,0.890988,0.000000,,2026-03-21,2026-06-26,25,407,206,98,0.255102,,,0.000000,,,,,,,,GLOBAL_BASELINE_NO_ENTITY_RANKING,,,NOT_APPLICABLE_GLOBAL_BASELINE,HF9g-P5,,,,X 全窗基线 · 不参与实体赏罚,14191971,1420,A168_HF9F_20260827_0900,2026-08-27 09:00:00
2026-03-30,112874672,2223,0,1411.3805724516,155.8838244201,155.8838244201,0.5714286,17,17,0.50113091176470588,0.501130911765,0.5260608607332576,0.5260608607310573,0.5260608607332576,-2.9412E-13,ELIGIBLE,R03b_20260811_FULL_v1,L1_ELIGIBILITY,v2026-08-11,2026-03-21..2026-08-06,baccarat_bet02_101_all_pairs_incl_sentinel,round_win = game_pnl > 0 (decisive only),COMPATIBILITY_ONLY_NOT_PRODUCTION,106707.5342,95075.1759,6638.5039,1274,1273,-0.06221214,,-0.06221214,-0.06221214,-6638.5039,106707.5342,OK,0.0000,265.5402,4.0000,96.0000,AG03-UNRESOLVED,ALL5_LEVELS_bet23_to_bet27,265.5402,265.5402,331.9252,0.0000,0.0000,4.000000,4.000000,5.000000,0.000000,0.000000,96.000000,96.000000,95.000000,100.000000,100.000000,5.0,863.0055,826.361,5775.4984,5812.1429,PENDING_AG03,FALSE,NOT_FOR_ENFORCEMENT,6372.9637,91272.1688,6638.5039,6372.9637,265.5402,0.06221214,0.05972365,265.5402,6372.9637,0.05972365,265.5402,265.5402,331.9252,0.0000,0.0000,6372.9637,0.05972365,863.0055,826.361,5775.4984,5812.1429,0.05412456,0.05446797,0.00248849,83.7579,74.6859,5.2148,265.5402,16.3108,4268.3014,50.9200,,83.7579,52.3519,78.5279,109.939,141.1146,183.2317,261.7596,73.2927,0.0,2.333333,3.333333,1.066601,30,136,60,3,0E-8,0.06221214,,0E-8,0.000000,0.890988,0.000000,,2026-03-21,2026-06-26,25,407,206,98,0.255102,,,0.000000,,,,,,,,GLOBAL_BASELINE_NO_ENTITY_RANKING,,,NOT_APPLICABLE_GLOBAL_BASELINE,HF9g-P5,,,,X 全窗基线 · 不参与实体赏罚,14191972,1420,A168_HF9F_20260827_0900,2026-08-27 09:00:00
2026-03-30,112874672,2233,0,663.5595228691,26.0684098269,26.0684098269,0.5000000,8,8,0.49659680000000000,0.496596800000,0.019251852328098087,0.01925185232809809,0.019251852328098087,0E-17,ELIGIBLE,R03b_20260811_FULL_v1,L1_ELIGIBILITY,v2026-08-11,2026-03-21..2026-08-06,baccarat_bet02_101_all_pairs_incl_sentinel,round_win = game_pnl > 0 (decisive only),COMPATIBILITY_ONLY_NOT_PRODUCTION,106707.5342,95075.1759,6638.5039,1274,1273,-0.06221214,,-0.06221214,-0.06221214,-6638.5039,106707.5342,OK,0.0000,265.5402,4.0000,96.0000,AG03-UNRESOLVED,ALL5_LEVELS_bet23_to_bet27,265.5402,265.5402,331.9252,0.0000,0.0000,4.000000,4.000000,5.000000,0.000000,0.000000,96.000000,96.000000,95.000000,100.000000,100.000000,5.0,863.0055,826.361,5775.4984,5812.1429,PENDING_AG03,FALSE,NOT_FOR_ENFORCEMENT,6372.9637,91272.1688,6638.5039,6372.9637,265.5402,0.06221214,0.05972365,265.5402,6372.9637,0.05972365,265.5402,265.5402,331.9252,0.0000,0.0000,6372.9637,0.05972365,863.0055,826.361,5775.4984,5812.1429,0.05412456,0.05446797,0.00248849,83.7579,74.6859,5.2148,265.5402,16.3108,4268.3014,50.9200,,83.7579,52.3519,78.5279,109.939,141.1146,183.2317,261.7596,73.2927,0.0,2.333333,3.333333,1.066601,30,136,60,3,0E-8,0.06221214,,0E-8,0.000000,0.890988,0.000000,,2026-03-21,2026-06-26,25,407,206,98,0.255102,,,0.000000,,,,,,,,GLOBAL_BASELINE_NO_ENTITY_RANKING,,,NOT_APPLICABLE_GLOBAL_BASELINE,HF9g-P5,,,,X 全窗基线 · 不参与实体赏罚,14191973,1420,A168_HF9F_20260827_0900,2026-08-27 09:00:00
2026-03-30,112874672,2235,0,226.4528530427,47.3971087763,47.3971087763,0.5000000,4,4,0.49659680000000000,0.496596800000,0.013613115331600182,0.013613115331600183,0.013613115331600182,0E-17,ELIGIBLE,R03b_20260811_FULL_v1,L1_ELIGIBILITY,v2026-08-11,2026-03-21..2026-08-06,baccarat_bet02_101_all_pairs_incl_sentinel,round_win = game_pnl > 0 (decisive only),COMPATIBILITY_ONLY_NOT_PRODUCTION,106707.5342,95075.1759,6638.5039,1274,1273,-0.06221214,,-0.06221214,-0.06221214,-6638.5039,106707.5342,OK,0.0000,265.5402,4.0000,96.0000,AG03-UNRESOLVED,ALL5_LEVELS_bet23_to_bet27,265.5402,265.5402,331.9252,0.0000,0.0000,4.000000,4.000000,5.000000,0.000000,0.000000,96.000000,96.000000,95.000000,100.000000,100.000000,5.0,863.0055,826.361,5775.4984,5812.1429,PENDING_AG03,FALSE,NOT_FOR_ENFORCEMENT,6372.9637,91272.1688,6638.5039,6372.9637,265.5402,0.06221214,0.05972365,265.5402,6372.9637,0.05972365,265.5402,265.5402,331.9252,0.0000,0.0000,6372.9637,0.05972365,863.0055,826.361,5775.4984,5812.1429,0.05412456,0.05446797,0.00248849,83.7579,74.6859,5.2148,265.5402,16.3108,4268.3014,50.9200,,83.7579,52.3519,78.5279,109.939,141.1146,183.2317,261.7596,73.2927,0.0,2.333333,3.333333,1.066601,30,136,60,3,0E-8,0.06221214,,0E-8,0.000000,0.890988,0.000000,,2026-03-21,2026-06-26,25,407,206,98,0.255102,,,0.000000,,,,,,,,GLOBAL_BASELINE_NO_ENTITY_RANKING,,,NOT_APPLICABLE_GLOBAL_BASELINE,HF9g-P5,,,,X 全窗基线 · 不参与实体赏罚,14191974,1420,A168_HF9F_20260827_0900,2026-08-27 09:00:00
2026-03-30,112874672,2239,0,331.7797614346,27.6483134529,27.6483134529,0.5000000,4,4,0.50665070000000000,0.506650700000,-0.02660515369234503,-0.02660515369234503,-0.02660515369234503,0E-17,ELIGIBLE,R03b_20260811_FULL_v1,L1_ELIGIBILITY,v2026-08-11,2026-03-21..2026-08-06,baccarat_bet02_101_all_pairs_incl_sentinel,round_win = game_pnl > 0 (decisive only),COMPATIBILITY_ONLY_NOT_PRODUCTION,106707.5342,95075.1759,6638.5039,1274,1273,-0.06221214,,-0.06221214,-0.06221214,-6638.5039,106707.5342,OK,0.0000,265.5402,4.0000,96.0000,AG03-UNRESOLVED,ALL5_LEVELS_bet23_to_bet27,265.5402,265.5402,331.9252,0.0000,0.0000,4.000000,4.000000,5.000000,0.000000,0.000000,96.000000,96.000000,95.000000,100.000000,100.000000,5.0,863.0055,826.361,5775.4984,5812.1429,PENDING_AG03,FALSE,NOT_FOR_ENFORCEMENT,6372.9637,91272.1688,6638.5039,6372.9637,265.5402,0.06221214,0.05972365,265.5402,6372.9637,0.05972365,265.5402,265.5402,331.9252,0.0000,0.0000,6372.9637,0.05972365,863.0055,826.361,5775.4984,5812.1429,0.05412456,0.05446797,0.00248849,83.7579,74.6859,5.2148,265.5402,16.3108,4268.3014,50.9200,,83.7579,52.3519,78.5279,109.939,141.1146,183.2317,261.7596,73.2927,0.0,2.333333,3.333333,1.066601,30,136,60,3,0E-8,0.06221214,,0E-8,0.000000,0.890988,0.000000,,2026-03-21,2026-06-26,25,407,206,98,0.255102,,,0.000000,,,,,,,,GLOBAL_BASELINE_NO_ENTITY_RANKING,,,NOT_APPLICABLE_GLOBAL_BASELINE,HF9g-P5,,,,X 全窗基线 · 不参与实体赏罚,14191975,1420,A168_HF9F_20260827_0900,2026-08-27 09:00:00
2026-03-30,112874672,2256,0,489.7701240224,-110.5932538115,-110.5932538115,0.2500000,5,5,0.49860758000000000,0.498607580000,-0.9944341760919779,-0.9944341760919779,-0.9944341760919779,0E-17,ELIGIBLE,R03b_20260811_FULL_v1,L1_ELIGIBILITY,v2026-08-11,2026-03-21..2026-08-06,baccarat_bet02_101_all_pairs_incl_sentinel,round_win = game_pnl > 0 (decisive only),COMPATIBILITY_ONLY_NOT_PRODUCTION,106707.5342,95075.1759,6638.5039,1274,1273,-0.06221214,,-0.06221214,-0.06221214,-6638.5039,106707.5342,OK,0.0000,265.5402,4.0000,96.0000,AG03-UNRESOLVED,ALL5_LEVELS_bet23_to_bet27,265.5402,265.5402,331.9252,0.0000,0.0000,4.000000,4.000000,5.000000,0.000000,0.000000,96.000000,96.000000,95.000000,100.000000,100.000000,5.0,863.0055,826.361,5775.4984,5812.1429,PENDING_AG03,FALSE,NOT_FOR_ENFORCEMENT,6372.9637,91272.1688,6638.5039,6372.9637,265.5402,0.06221214,0.05972365,265.5402,6372.9637,0.05972365,265.5402,265.5402,331.9252,0.0000,0.0000,6372.9637,0.05972365,863.0055,826.361,5775.4984,5812.1429,0.05412456,0.05446797,0.00248849,83.7579,74.6859,5.2148,265.5402,16.3108,4268.3014,50.9200,,83.7579,52.3519,78.5279,109.939,141.1146,183.2317,261.7596,73.2927,0.0,2.333333,3.333333,1.066601,30,136,60,3,0E-8,0.06221214,,0E-8,0.000000,0.890988,0.000000,,2026-03-21,2026-06-26,25,407,206,98,0.255102,,,0.000000,,,,,,,,GLOBAL_BASELINE_NO_ENTITY_RANKING,,,NOT_APPLICABLE_GLOBAL_BASELINE,HF9g-P5,,,,X 全窗基线 · 不参与实体赏罚,14191976,1420,A168_HF9F_20260827_0900,2026-08-27 09:00:00
2026-03-30,112874672,2258,0,863.6806488134,618.0056349895,618.0056349895,0.8888889,10,10,0.49726706000000000,0.497267060000,2.349766074218042,2.349766074218042,2.349766074218042,0E-17,ELIGIBLE,R03b_20260811_FULL_v1,L1_ELIGIBILITY,v2026-08-11,2026-03-21..2026-08-06,baccarat_bet02_101_all_pairs_incl_sentinel,round_win = game_pnl > 0 (decisive only),COMPATIBILITY_ONLY_NOT_PRODUCTION,106707.5342,95075.1759,6638.5039,1274,1273,-0.06221214,,-0.06221214,-0.06221214,-6638.5039,106707.5342,OK,0.0000,265.5402,4.0000,96.0000,AG03-UNRESOLVED,ALL5_LEVELS_bet23_to_bet27,265.5402,265.5402,331.9252,0.0000,0.0000,4.000000,4.000000,5.000000,0.000000,0.000000,96.000000,96.000000,95.000000,100.000000,100.000000,5.0,863.0055,826.361,5775.4984,5812.1429,PENDING_AG03,FALSE,NOT_FOR_ENFORCEMENT,6372.9637,91272.1688,6638.5039,6372.9637,265.5402,0.06221214,0.05972365,265.5402,6372.9637,0.05972365,265.5402,265.5402,331.9252,0.0000,0.0000,6372.9637,0.05972365,863.0055,826.361,5775.4984,5812.1429,0.05412456,0.05446797,0.00248849,83.7579,74.6859,5.2148,265.5402,16.3108,4268.3014,50.9200,,83.7579,52.3519,78.5279,109.939,141.1146,183.2317,261.7596,73.2927,0.0,2.333333,3.333333,1.066601,30,136,60,3,0E-8,0.06221214,,0E-8,0.000000,0.890988,0.000000,,2026-03-21,2026-06-26,25,407,206,98,0.255102,,,0.000000,,,,,,,,GLOBAL_BASELINE_NO_ENTITY_RANKING,,,NOT_APPLICABLE_GLOBAL_BASELINE,HF9g-P5,,,,X 全窗基线 · 不参与实体赏罚,14191977,1420,A168_HF9F_20260827_0900,2026-08-27 09:00:00
2026-03-30,112874672,462,0,194.8547805250,98.4806593464,98.4806593464,1.0000000,3,3,0.49771390000000000,0.497713900000,1.4206944795187548,1.420694479518755,1.4206944795187548,0E-17,ELIGIBLE,R03b_20260811_FULL_v1,L1_ELIGIBILITY,v2026-08-11,2026-03-21..2026-08-06,baccarat_bet02_101_all_pairs_incl_sentinel,round_win = game_pnl > 0 (decisive only),COMPATIBILITY_ONLY_NOT_PRODUCTION,106707.5342,95075.1759,6638.5039,1274,1273,-0.06221214,,-0.06221214,-0.06221214,-6638.5039,106707.5342,OK,0.0000,265.5402,4.0000,96.0000,AG03-UNRESOLVED,ALL5_LEVELS_bet23_to_bet27,265.5402,265.5402,331.9252,0.0000,0.0000,4.000000,4.000000,5.000000,0.000000,0.000000,96.000000,96.000000,95.000000,100.000000,100.000000,5.0,863.0055,826.361,5775.4984,5812.1429,PENDING_AG03,FALSE,NOT_FOR_ENFORCEMENT,6372.9637,91272.1688,6638.5039,6372.9637,265.5402,0.06221214,0.05972365,265.5402,6372.9637,0.05972365,265.5402,265.5402,331.9252,0.0000,0.0000,6372.9637,0.05972365,863.0055,826.361,5775.4984,5812.1429,0.05412456,0.05446797,0.00248849,83.7579,74.6859,5.2148,265.5402,16.3108,4268.3014,50.9200,,83.7579,52.3519,78.5279,109.939,141.1146,183.2317,261.7596,73.2927,0.0,2.333333,3.333333,1.066601,30,136,60,3,0E-8,0.06221214,,0E-8,0.000000,0.890988,0.000000,,2026-03-21,2026-06-26,25,407,206,98,0.255102,,,0.000000,,,,,,,,GLOBAL_BASELINE_NO_ENTITY_RANKING,,,NOT_APPLICABLE_GLOBAL_BASELINE,HF9g-P5,,,,X 全窗基线 · 不参与实体赏罚,14191978,1420,A168_HF9F_20260827_0900,2026-08-27 09:00:00
2026-03-30,112874672,471,0,78.9951812939,-78.9951812939,-78.9951812939,0E-7,1,1,0.49324550000000000,0.493245500000,-0.9865810262130424,-0.9865810262130424,-0.9865810262130424,0E-17,ELIGIBLE,R03b_20260811_FULL_v1,L1_ELIGIBILITY,v2026-08-11,2026-03-21..2026-08-06,baccarat_bet02_101_all_pairs_incl_sentinel,round_win = game_pnl > 0 (decisive only),COMPATIBILITY_ONLY_NOT_PRODUCTION,106707.5342,95075.1759,6638.5039,1274,1273,-0.06221214,,-0.06221214,-0.06221214,-6638.5039,106707.5342,OK,0.0000,265.5402,4.0000,96.0000,AG03-UNRESOLVED,ALL5_LEVELS_bet23_to_bet27,265.5402,265.5402,331.9252,0.0000,0.0000,4.000000,4.000000,5.000000,0.000000,0.000000,96.000000,96.000000,95.000000,100.000000,100.000000,5.0,863.0055,826.361,5775.4984,5812.1429,PENDING_AG03,FALSE,NOT_FOR_ENFORCEMENT,6372.9637,91272.1688,6638.5039,6372.9637,265.5402,0.06221214,0.05972365,265.5402,6372.9637,0.05972365,265.5402,265.5402,331.9252,0.0000,0.0000,6372.9637,0.05972365,863.0055,826.361,5775.4984,5812.1429,0.05412456,0.05446797,0.00248849,83.7579,74.6859,5.2148,265.5402,16.3108,4268.3014,50.9200,,83.7579,52.3519,78.5279,109.939,141.1146,183.2317,261.7596,73.2927,0.0,2.333333,3.333333,1.066601,30,136,60,3,0E-8,0.06221214,,0E-8,0.000000,0.890988,0.000000,,2026-03-21,2026-06-26,25,407,206,98,0.255102,,,0.000000,,,,,,,,GLOBAL_BASELINE_NO_ENTITY_RANKING,,,NOT_APPLICABLE_GLOBAL_BASELINE,HF9g-P5,,,,X 全窗基线 · 不参与实体赏罚,14191979,1420,A168_HF9F_20260827_0900,2026-08-27 09:00:00
2026-03-30,112874672,526,0,753.0873950022,-86.3680648813,-86.3680648813,0.5000000,10,10,0.50262914000000000,0.502629140000,-0.014872867396668881,-0.014872867396668881,-0.014872867396668881,0E-17,ELIGIBLE,R03b_20260811_FULL_v1,L1_ELIGIBILITY,v2026-08-11,2026-03-21..2026-08-06,baccarat_bet02_101_all_pairs_incl_sentinel,round_win = game_pnl > 0 (decisive only),COMPATIBILITY_ONLY_NOT_PRODUCTION,106707.5342,95075.1759,6638.5039,1274,1273,-0.06221214,,-0.06221214,-0.06221214,-6638.5039,106707.5342,OK,0.0000,265.5402,4.0000,96.0000,AG03-UNRESOLVED,ALL5_LEVELS_bet23_to_bet27,265.5402,265.5402,331.9252,0.0000,0.0000,4.000000,4.000000,5.000000,0.000000,0.000000,96.000000,96.000000,95.000000,100.000000,100.000000,5.0,863.0055,826.361,5775.4984,5812.1429,PENDING_AG03,FALSE,NOT_FOR_ENFORCEMENT,6372.9637,91272.1688,6638.5039,6372.9637,265.5402,0.06221214,0.05972365,265.5402,6372.9637,0.05972365,265.5402,265.5402,331.9252,0.0000,0.0000,6372.9637,0.05972365,863.0055,826.361,5775.4984,5812.1429,0.05412456,0.05446797,0.00248849,83.7579,74.6859,5.2148,265.5402,16.3108,4268.3014,50.9200,,83.7579,52.3519,78.5279,109.939,141.1146,183.2317,261.7596,73.2927,0.0,2.333333,3.333333,1.066601,30,136,60,3,0E-8,0.06221214,,0E-8,0.000000,0.890988,0.000000,,2026-03-21,2026-06-26,25,407,206,98,0.255102,,,0.000000,,,,,,,,GLOBAL_BASELINE_NO_ENTITY_RANKING,,,NOT_APPLICABLE_GLOBAL_BASELINE,HF9g-P5,,,,X 全窗基线 · 不参与实体赏罚,14191980,1420,A168_HF9F_20260827_0900,2026-08-27 09:00:00
2026-03-30,112874672,550,0,78.9951812939,-78.9951812939,-78.9951812939,0E-7,1,1,0.49324550000000000,0.493245500000,-0.9865810262130424,-0.9865810262130424,-0.9865810262130424,0E-17,ELIGIBLE,R03b_20260811_FULL_v1,L1_ELIGIBILITY,v2026-08-11,2026-03-21..2026-08-06,baccarat_bet02_101_all_pairs_incl_sentinel,round_win = game_pnl > 0 (decisive only),COMPATIBILITY_ONLY_NOT_PRODUCTION,106707.5342,95075.1759,6638.5039,1274,1273,-0.06221214,,-0.06221214,-0.06221214,-6638.5039,106707.5342,OK,0.0000,265.5402,4.0000,96.0000,AG03-UNRESOLVED,ALL5_LEVELS_bet23_to_bet27,265.5402,265.5402,331.9252,0.0000,0.0000,4.000000,4.000000,5.000000,0.000000,0.000000,96.000000,96.000000,95.000000,100.000000,100.000000,5.0,863.0055,826.361,5775.4984,5812.1429,PENDING_AG03,FALSE,NOT_FOR_ENFORCEMENT,6372.9637,91272.1688,6638.5039,6372.9637,265.5402,0.06221214,0.05972365,265.5402,6372.9637,0.05972365,265.5402,265.5402,331.9252,0.0000,0.0000,6372.9637,0.05972365,863.0055,826.361,5775.4984,5812.1429,0.05412456,0.05446797,0.00248849,83.7579,74.6859,5.2148,265.5402,16.3108,4268.3014,50.9200,,83.7579,52.3519,78.5279,109.939,141.1146,183.2317,261.7596,73.2927,0.0,2.333333,3.333333,1.066601,30,136,60,3,0E-8,0.06221214,,0E-8,0.000000,0.890988,0.000000,,2026-03-21,2026-06-26,25,407,206,98,0.255102,,,0.000000,,,,,,,,GLOBAL_BASELINE_NO_ENTITY_RANKING,,,NOT_APPLICABLE_GLOBAL_BASELINE,HF9g-P5,,,,X 全窗基线 · 不参与实体赏罚,14191981,1420,A168_HF9F_20260827_0900,2026-08-27 09:00:00
2026-03-30,112874672,583,0,78.9951812939,-78.9951812939,-78.9951812939,0E-7,1,1,0.50665070000000000,0.506650700000,-1.013391052207602,-1.013391052207602,-1.013391052207602,0E-17,ELIGIBLE,R03b_20260811_FULL_v1,L1_ELIGIBILITY,v2026-08-11,2026-03-21..2026-08-06,baccarat_bet02_101_all_pairs_incl_sentinel,round_win = game_pnl > 0 (decisive only),COMPATIBILITY_ONLY_NOT_PRODUCTION,106707.5342,95075.1759,6638.5039,1274,1273,-0.06221214,,-0.06221214,-0.06221214,-6638.5039,106707.5342,OK,0.0000,265.5402,4.0000,96.0000,AG03-UNRESOLVED,ALL5_LEVELS_bet23_to_bet27,265.5402,265.5402,331.9252,0.0000,0.0000,4.000000,4.000000,5.000000,0.000000,0.000000,96.000000,96.000000,95.000000,100.000000,100.000000,5.0,863.0055,826.361,5775.4984,5812.1429,PENDING_AG03,FALSE,NOT_FOR_ENFORCEMENT,6372.9637,91272.1688,6638.5039,6372.9637,265.5402,0.06221214,0.05972365,265.5402,6372.9637,0.05972365,265.5402,265.5402,331.9252,0.0000,0.0000,6372.9637,0.05972365,863.0055,826.361,5775.4984,5812.1429,0.05412456,0.05446797,0.00248849,83.7579,74.6859,5.2148,265.5402,16.3108,4268.3014,50.9200,,83.7579,52.3519,78.5279,109.939,141.1146,183.2317,261.7596,73.2927,0.0,2.333333,3.333333,1.066601,30,136,60,3,0E-8,0.06221214,,0E-8,0.000000,0.890988,0.000000,,2026-03-21,2026-06-26,25,407,206,98,0.255102,,,0.000000,,,,,,,,GLOBAL_BASELINE_NO_ENTITY_RANKING,,,NOT_APPLICABLE_GLOBAL_BASELINE,HF9g-P5,,,,X 全窗基线 · 不参与实体赏罚,14191982,1420,A168_HF9F_20260827_0900,2026-08-27 09:00:00
2026-03-30,112874672,595,0,658.2931774496,-500.3028148617,-500.3028148617,0E-7,7,7,0.49707555714285714,0.497075557143,-2.435204611097925,-2.4352046110986203,-2.435204611097925,-1.4286E-13,ELIGIBLE,R03b_20260811_FULL_v1,L1_ELIGIBILITY,v2026-08-11,2026-03-21..2026-08-06,baccarat_bet02_101_all_pairs_incl_sentinel,round_win = game_pnl > 0 (decisive only),COMPATIBILITY_ONLY_NOT_PRODUCTION,106707.5342,95075.1759,6638.5039,1274,1273,-0.06221214,,-0.06221214,-0.06221214,-6638.5039,106707.5342,OK,0.0000,265.5402,4.0000,96.0000,AG03-UNRESOLVED,ALL5_LEVELS_bet23_to_bet27,265.5402,265.5402,331.9252,0.0000,0.0000,4.000000,4.000000,5.000000,0.000000,0.000000,96.000000,96.000000,95.000000,100.000000,100.000000,5.0,863.0055,826.361,5775.4984,5812.1429,PENDING_AG03,FALSE,NOT_FOR_ENFORCEMENT,6372.9637,91272.1688,6638.5039,6372.9637,265.5402,0.06221214,0.05972365,265.5402,6372.9637,0.05972365,265.5402,265.5402,331.9252,0.0000,0.0000,6372.9637,0.05972365,863.0055,826.361,5775.4984,5812.1429,0.05412456,0.05446797,0.00248849,83.7579,74.6859,5.2148,265.5402,16.3108,4268.3014,50.9200,,83.7579,52.3519,78.5279,109.939,141.1146,183.2317,261.7596,73.2927,0.0,2.333333,3.333333,1.066601,30,136,60,3,0E-8,0.06221214,,0E-8,0.000000,0.890988,0.000000,,2026-03-21,2026-06-26,25,407,206,98,0.255102,,,0.000000,,,,,,,,GLOBAL_BASELINE_NO_ENTITY_RANKING,,,NOT_APPLICABLE_GLOBAL_BASELINE,HF9g-P5,,,,X 全窗基线 · 不参与实体赏罚,14191983,1420,A168_HF9F_20260827_0900,2026-08-27 09:00:00
2026-03-30,112874672,763,0,231.7191984622,-149.5642099165,-149.5642099165,0.3333333,3,3,0.50218230000000000,0.502182300000,-0.5849155494134425,-0.5849155494134426,-0.5849155494134425,0E-17,ELIGIBLE,R03b_20260811_FULL_v1,L1_ELIGIBILITY,v2026-08-11,2026-03-21..2026-08-06,baccarat_bet02_101_all_pairs_incl_sentinel,round_win = game_pnl > 0 (decisive only),COMPATIBILITY_ONLY_NOT_PRODUCTION,106707.5342,95075.1759,6638.5039,1274,1273,-0.06221214,,-0.06221214,-0.06221214,-6638.5039,106707.5342,OK,0.0000,265.5402,4.0000,96.0000,AG03-UNRESOLVED,ALL5_LEVELS_bet23_to_bet27,265.5402,265.5402,331.9252,0.0000,0.0000,4.000000,4.000000,5.000000,0.000000,0.000000,96.000000,96.000000,95.000000,100.000000,100.000000,5.0,863.0055,826.361,5775.4984,5812.1429,PENDING_AG03,FALSE,NOT_FOR_ENFORCEMENT,6372.9637,91272.1688,6638.5039,6372.9637,265.5402,0.06221214,0.05972365,265.5402,6372.9637,0.05972365,265.5402,265.5402,331.9252,0.0000,0.0000,6372.9637,0.05972365,863.0055,826.361,5775.4984,5812.1429,0.05412456,0.05446797,0.00248849,83.7579,74.6859,5.2148,265.5402,16.3108,4268.3014,50.9200,,83.7579,52.3519,78.5279,109.939,141.1146,183.2317,261.7596,73.2927,0.0,2.333333,3.333333,1.066601,30,136,60,3,0E-8,0.06221214,,0E-8,0.000000,0.890988,0.000000,,2026-03-21,2026-06-26,25,407,206,98,0.255102,,,0.000000,,,,,,,,GLOBAL_BASELINE_NO_ENTITY_RANKING,,,NOT_APPLICABLE_GLOBAL_BASELINE,HF9g-P5,,,,X 全窗基线 · 不参与实体赏罚,14191984,1420,A168_HF9F_20260827_0900,2026-08-27 09:00:00
2026-03-30,112874672,772,0,52.6634541960,-52.6634541960,-52.6634541960,0E-7,1,1,0.50665070000000000,0.506650700000,-1.013391052207602,-1.013391052207602,-1.013391052207602,0E-17,ELIGIBLE,R03b_20260811_FULL_v1,L1_ELIGIBILITY,v2026-08-11,2026-03-21..2026-08-06,baccarat_bet02_101_all_pairs_incl_sentinel,round_win = game_pnl > 0 (decisive only),COMPATIBILITY_ONLY_NOT_PRODUCTION,106707.5342,95075.1759,6638.5039,1274,1273,-0.06221214,,-0.06221214,-0.06221214,-6638.5039,106707.5342,OK,0.0000,265.5402,4.0000,96.0000,AG03-UNRESOLVED,ALL5_LEVELS_bet23_to_bet27,265.5402,265.5402,331.9252,0.0000,0.0000,4.000000,4.000000,5.000000,0.000000,0.000000,96.000000,96.000000,95.000000,100.000000,100.000000,5.0,863.0055,826.361,5775.4984,5812.1429,PENDING_AG03,FALSE,NOT_FOR_ENFORCEMENT,6372.9637,91272.1688,6638.5039,6372.9637,265.5402,0.06221214,0.05972365,265.5402,6372.9637,0.05972365,265.5402,265.5402,331.9252,0.0000,0.0000,6372.9637,0.05972365,863.0055,826.361,5775.4984,5812.1429,0.05412456,0.05446797,0.00248849,83.7579,74.6859,5.2148,265.5402,16.3108,4268.3014,50.9200,,83.7579,52.3519,78.5279,109.939,141.1146,183.2317,261.7596,73.2927,0.0,2.333333,3.333333,1.066601,30,136,60,3,0E-8,0.06221214,,0E-8,0.000000,0.890988,0.000000,,2026-03-21,2026-06-26,25,407,206,98,0.255102,,,0.000000,,,,,,,,GLOBAL_BASELINE_NO_ENTITY_RANKING,,,NOT_APPLICABLE_GLOBAL_BASELINE,HF9g-P5,,,,X 全窗基线 · 不参与实体赏罚,14191985,1420,A168_HF9F_20260827_0900,2026-08-27 09:00:00
2026-03-30,112874672,925,0,18.9588435105,-18.9588435105,-18.9588435105,0E-7,1,1,0.49324550000000000,0.493245500000,-0.9865810262130424,-0.9865810262130424,-0.9865810262130424,0E-17,ELIGIBLE,R03b_20260811_FULL_v1,L1_ELIGIBILITY,v2026-08-11,2026-03-21..2026-08-06,baccarat_bet02_101_all_pairs_incl_sentinel,round_win = game_pnl > 0 (decisive only),COMPATIBILITY_ONLY_NOT_PRODUCTION,106707.5342,95075.1759,6638.5039,1274,1273,-0.06221214,,-0.06221214,-0.06221214,-6638.5039,106707.5342,OK,0.0000,265.5402,4.0000,96.0000,AG03-UNRESOLVED,ALL5_LEVELS_bet23_to_bet27,265.5402,265.5402,331.9252,0.0000,0.0000,4.000000,4.000000,5.000000,0.000000,0.000000,96.000000,96.000000,95.000000,100.000000,100.000000,5.0,863.0055,826.361,5775.4984,5812.1429,PENDING_AG03,FALSE,NOT_FOR_ENFORCEMENT,6372.9637,91272.1688,6638.5039,6372.9637,265.5402,0.06221214,0.05972365,265.5402,6372.9637,0.05972365,265.5402,265.5402,331.9252,0.0000,0.0000,6372.9637,0.05972365,863.0055,826.361,5775.4984,5812.1429,0.05412456,0.05446797,0.00248849,83.7579,74.6859,5.2148,265.5402,16.3108,4268.3014,50.9200,,83.7579,52.3519,78.5279,109.939,141.1146,183.2317,261.7596,73.2927,0.0,2.333333,3.333333,1.066601,30,136,60,3,0E-8,0.06221214,,0E-8,0.000000,0.890988,0.000000,,2026-03-21,2026-06-26,25,407,206,98,0.255102,,,0.000000,,,,,,,,GLOBAL_BASELINE_NO_ENTITY_RANKING,,,NOT_APPLICABLE_GLOBAL_BASELINE,HF9g-P5,,,,X 全窗基线 · 不参与实体赏罚,14191986,1420,A168_HF9F_20260827_0900,2026-08-27 09:00:00
2026-03-30,112874672,994,0,821.5498854571,580.6145825107,580.6145825107,0.9230769,14,14,0.49899058571428571,0.498990585714,3.0581363011511233,3.0581363011531866,3.0581363011511233,2.8571E-13,ELIGIBLE,R03b_20260811_FULL_v1,L1_ELIGIBILITY,v2026-08-11,2026-03-21..2026-08-06,baccarat_bet02_101_all_pairs_incl_sentinel,round_win = game_pnl > 0 (decisive only),COMPATIBILITY_ONLY_NOT_PRODUCTION,106707.5342,95075.1759,6638.5039,1274,1273,-0.06221214,,-0.06221214,-0.06221214,-6638.5039,106707.5342,OK,0.0000,265.5402,4.0000,96.0000,AG03-UNRESOLVED,ALL5_LEVELS_bet23_to_bet27,265.5402,265.5402,331.9252,0.0000,0.0000,4.000000,4.000000,5.000000,0.000000,0.000000,96.000000,96.000000,95.000000,100.000000,100.000000,5.0,863.0055,826.361,5775.4984,5812.1429,PENDING_AG03,FALSE,NOT_FOR_ENFORCEMENT,6372.9637,91272.1688,6638.5039,6372.9637,265.5402,0.06221214,0.05972365,265.5402,6372.9637,0.05972365,265.5402,265.5402,331.9252,0.0000,0.0000,6372.9637,0.05972365,863.0055,826.361,5775.4984,5812.1429,0.05412456,0.05446797,0.00248849,83.7579,74.6859,5.2148,265.5402,16.3108,4268.3014,50.9200,,83.7579,52.3519,78.5279,109.939,141.1146,183.2317,261.7596,73.2927,0.0,2.333333,3.333333,1.066601,30,136,60,3,0E-8,0.06221214,,0E-8,0.000000,0.890988,0.000000,,2026-03-21,2026-06-26,25,407,206,98,0.255102,,,0.000000,,,,,,,,GLOBAL_BASELINE_NO_ENTITY_RANKING,,,NOT_APPLICABLE_GLOBAL_BASELINE,HF9g-P5,,,,X 全窗基线 · 不参与实体赏罚,14191987,1420,A168_HF9F_20260827_0900,2026-08-27 09:00:00
2026-03-31,112874672,-1,1,191.4316560023,-191.4316560023,-191.4316560023,0E-7,2,2,0.50665070000000000,0.506650700000,-1.4331513700195317,-1.4331513700195317,-1.4331513700195317,0E-17,SENTINEL_DEALER,R03b_20260811_FULL_v1,L1_ELIGIBILITY,v2026-08-11,2026-03-21..2026-08-06,baccarat_bet02_101_all_pairs_incl_sentinel,round_win = game_pnl > 0 (decisive only),COMPATIBILITY_ONLY_NOT_PRODUCTION,106707.5342,95075.1759,6638.5039,1274,1273,-0.06221214,,-0.06221214,-0.06221214,-6638.5039,106707.5342,OK,0.0000,265.5402,4.0000,96.0000,AG03-UNRESOLVED,ALL5_LEVELS_bet23_to_bet27,265.5402,265.5402,331.9252,0.0000,0.0000,4.000000,4.000000,5.000000,0.000000,0.000000,96.000000,96.000000,95.000000,100.000000,100.000000,5.0,863.0055,826.361,5775.4984,5812.1429,PENDING_AG03,FALSE,NOT_FOR_ENFORCEMENT,6372.9637,91272.1688,6638.5039,6372.9637,265.5402,0.06221214,0.05972365,265.5402,6372.9637,0.05972365,265.5402,265.5402,331.9252,0.0000,0.0000,6372.9637,0.05972365,863.0055,826.361,5775.4984,5812.1429,0.05412456,0.05446797,0.00248849,83.7579,74.6859,5.2148,265.5402,16.3108,4268.3014,50.9200,,83.7579,52.3519,78.5279,109.939,141.1146,183.2317,261.7596,73.2927,0.0,2.333333,3.333333,1.066601,30,136,60,3,0E-8,0.06221214,,0E-8,0.000000,0.890988,0.000000,,2026-03-21,2026-06-26,25,407,206,98,0.255102,,,0.000000,,,,,,,,GLOBAL_BASELINE_NO_ENTITY_RANKING,,,NOT_APPLICABLE_GLOBAL_BASELINE,HF9g-P5,,,,X 全窗基线 · 不参与实体赏罚,14191988,1420,A168_HF9F_20260827_0900,2026-08-27 09:00:00
2026-03-31,112874672,1017,0,159.0436316718,-93.7409484688,-93.7409484688,0.5000000,2,2,0.49994810000000000,0.499948100000,0.00014679536856514622,0.00014679536856514622,0.00014679536856514622,0E-17,ELIGIBLE,R03b_20260811_FULL_v1,L1_ELIGIBILITY,v2026-08-11,2026-03-21..2026-08-06,baccarat_bet02_101_all_pairs_incl_sentinel,round_win = game_pnl > 0 (decisive only),COMPATIBILITY_ONLY_NOT_PRODUCTION,106707.5342,95075.1759,6638.5039,1274,1273,-0.06221214,,-0.06221214,-0.06221214,-6638.5039,106707.5342,OK,0.0000,265.5402,4.0000,96.0000,AG03-UNRESOLVED,ALL5_LEVELS_bet23_to_bet27,265.5402,265.5402,331.9252,0.0000,0.0000,4.000000,4.000000,5.000000,0.000000,0.000000,96.000000,96.000000,95.000000,100.000000,100.000000,5.0,863.0055,826.361,5775.4984,5812.1429,PENDING_AG03,FALSE,NOT_FOR_ENFORCEMENT,6372.9637,91272.1688,6638.5039,6372.9637,265.5402,0.06221214,0.05972365,265.5402,6372.9637,0.05972365,265.5402,265.5402,331.9252,0.0000,0.0000,6372.9637,0.05972365,863.0055,826.361,5775.4984,5812.1429,0.05412456,0.05446797,0.00248849,83.7579,74.6859,5.2148,265.5402,16.3108,4268.3014,50.9200,,83.7579,52.3519,78.5279,109.939,141.1146,183.2317,261.7596,73.2927,0.0,2.333333,3.333333,1.066601,30,136,60,3,0E-8,0.06221214,,0E-8,0.000000,0.890988,0.000000,,2026-03-21,2026-06-26,25,407,206,98,0.255102,,,0.000000,,,,,,,,GLOBAL_BASELINE_NO_ENTITY_RANKING,,,NOT_APPLICABLE_GLOBAL_BASELINE,HF9g-P5,,,,X 全窗基线 · 不参与实体赏罚,14191989,1420,A168_HF9F_20260827_0900,2026-08-27 09:00:00
2026-03-31,112874672,1304,0,361.2712957843,29.4915343498,29.4915343498,0.5000000,3,3,0.49771390000000000,0.497713900000,0.006466134837551399,0.0064661348375514,0.006466134837551399,0E-17,ELIGIBLE,R03b_20260811_FULL_v1,L1_ELIGIBILITY,v2026-08-11,2026-03-21..2026-08-06,baccarat_bet02_101_all_pairs_incl_sentinel,round_win = game_pnl > 0 (decisive only),COMPATIBILITY_ONLY_NOT_PRODUCTION,106707.5342,95075.1759,6638.5039,1274,1273,-0.06221214,,-0.06221214,-0.06221214,-6638.5039,106707.5342,OK,0.0000,265.5402,4.0000,96.0000,AG03-UNRESOLVED,ALL5_LEVELS_bet23_to_bet27,265.5402,265.5402,331.9252,0.0000,0.0000,4.000000,4.000000,5.000000,0.000000,0.000000,96.000000,96.000000,95.000000,100.000000,100.000000,5.0,863.0055,826.361,5775.4984,5812.1429,PENDING_AG03,FALSE,NOT_FOR_ENFORCEMENT,6372.9637,91272.1688,6638.5039,6372.9637,265.5402,0.06221214,0.05972365,265.5402,6372.9637,0.05972365,265.5402,265.5402,331.9252,0.0000,0.0000,6372.9637,0.05972365,863.0055,826.361,5775.4984,5812.1429,0.05412456,0.05446797,0.00248849,83.7579,74.6859,5.2148,265.5402,16.3108,4268.3014,50.9200,,83.7579,52.3519,78.5279,109.939,141.1146,183.2317,261.7596,73.2927,0.0,2.333333,3.333333,1.066601,30,136,60,3,0E-8,0.06221214,,0E-8,0.000000,0.890988,0.000000,,2026-03-21,2026-06-26,25,407,206,98,0.255102,,,0.000000,,,,,,,,GLOBAL_BASELINE_NO_ENTITY_RANKING,,,NOT_APPLICABLE_GLOBAL_BASELINE,HF9g-P5,,,,X 全窗基线 · 不参与实体赏罚,14191990,1420,A168_HF9F_20260827_0900,2026-08-27 09:00:00
2026-03-31,112874672,1505,0,51.3468678411,-51.3468678411,-51.3468678411,0E-7,1,1,0.50665070000000000,0.506650700000,-1.013391052207602,-1.013391052207602,-1.013391052207602,0E-17,ELIGIBLE,R03b_20260811_FULL_v1,L1_ELIGIBILITY,v2026-08-11,2026-03-21..2026-08-06,baccarat_bet02_101_all_pairs_incl_sentinel,round_win = game_pnl > 0 (decisive only),COMPATIBILITY_ONLY_NOT_PRODUCTION,106707.5342,95075.1759,6638.5039,1274,1273,-0.06221214,,-0.06221214,-0.06221214,-6638.5039,106707.5342,OK,0.0000,265.5402,4.0000,96.0000,AG03-UNRESOLVED,ALL5_LEVELS_bet23_to_bet27,265.5402,265.5402,331.9252,0.0000,0.0000,4.000000,4.000000,5.000000,0.000000,0.000000,96.000000,96.000000,95.000000,100.000000,100.000000,5.0,863.0055,826.361,5775.4984,5812.1429,PENDING_AG03,FALSE,NOT_FOR_ENFORCEMENT,6372.9637,91272.1688,6638.5039,6372.9637,265.5402,0.06221214,0.05972365,265.5402,6372.9637,0.05972365,265.5402,265.5402,331.9252,0.0000,0.0000,6372.9637,0.05972365,863.0055,826.361,5775.4984,5812.1429,0.05412456,0.05446797,0.00248849,83.7579,74.6859,5.2148,265.5402,16.3108,4268.3014,50.9200,,83.7579,52.3519,78.5279,109.939,141.1146,183.2317,261.7596,73.2927,0.0,2.333333,3.333333,1.066601,30,136,60,3,0E-8,0.06221214,,0E-8,0.000000,0.890988,0.000000,,2026-03-21,2026-06-26,25,407,206,98,0.255102,,,0.000000,,,,,,,,GLOBAL_BASELINE_NO_ENTITY_RANKING,,,NOT_APPLICABLE_GLOBAL_BASELINE,HF9g-P5,,,,X 全窗基线 · 不参与实体赏罚,14191991,1420,A168_HF9F_20260827_0900,2026-08-27 09:00:00
2026-03-31,112874672,2202,0,6.3196145036,-3.1598072518,-3.1598072518,0E-7,2,2,0.49994810000000000,0.499948100000,-0.9998962053866608,-0.9998962053866608,-0.9998962053866608,0E-17,ELIGIBLE,R03b_20260811_FULL_v1,L1_ELIGIBILITY,v2026-08-11,2026-03-21..2026-08-06,baccarat_bet02_101_all_pairs_incl_sentinel,round_win = game_pnl > 0 (decisive only),COMPATIBILITY_ONLY_NOT_PRODUCTION,106707.5342,95075.1759,6638.5039,1274,1273,-0.06221214,,-0.06221214,-0.06221214,-6638.5039,106707.5342,OK,0.0000,265.5402,4.0000,96.0000,AG03-UNRESOLVED,ALL5_LEVELS_bet23_to_bet27,265.5402,265.5402,331.9252,0.0000,0.0000,4.000000,4.000000,5.000000,0.000000,0.000000,96.000000,96.000000,95.000000,100.000000,100.000000,5.0,863.0055,826.361,5775.4984,5812.1429,PENDING_AG03,FALSE,NOT_FOR_ENFORCEMENT,6372.9637,91272.1688,6638.5039,6372.9637,265.5402,0.06221214,0.05972365,265.5402,6372.9637,0.05972365,265.5402,265.5402,331.9252,0.0000,0.0000,6372.9637,0.05972365,863.0055,826.361,5775.4984,5812.1429,0.05412456,0.05446797,0.00248849,83.7579,74.6859,5.2148,265.5402,16.3108,4268.3014,50.9200,,83.7579,52.3519,78.5279,109.939,141.1146,183.2317,261.7596,73.2927,0.0,2.333333,3.333333,1.066601,30,136,60,3,0E-8,0.06221214,,0E-8,0.000000,0.890988,0.000000,,2026-03-21,2026-06-26,25,407,206,98,0.255102,,,0.000000,,,,,,,,GLOBAL_BASELINE_NO_ENTITY_RANKING,,,NOT_APPLICABLE_GLOBAL_BASELINE,HF9g-P5,,,,X 全窗基线 · 不参与实体赏罚,14191992,1420,A168_HF9F_20260827_0900,2026-08-27 09:00:00
2026-03-31,112874672,2220,0,52.6634541960,-10.5326908392,-10.5326908392,0.5000000,2,2,0.49994810000000000,0.499948100000,0.00014679536856514622,0.00014679536856514622,0.00014679536856514622,0E-17,ELIGIBLE,R03b_20260811_FULL_v1,L1_ELIGIBILITY,v2026-08-11,2026-03-21..2026-08-06,baccarat_bet02_101_all_pairs_incl_sentinel,round_win = game_pnl > 0 (decisive only),COMPATIBILITY_ONLY_NOT_PRODUCTION,106707.5342,95075.1759,6638.5039,1274,1273,-0.06221214,,-0.06221214,-0.06221214,-6638.5039,106707.5342,OK,0.0000,265.5402,4.0000,96.0000,AG03-UNRESOLVED,ALL5_LEVELS_bet23_to_bet27,265.5402,265.5402,331.9252,0.0000,0.0000,4.000000,4.000000,5.000000,0.000000,0.000000,96.000000,96.000000,95.000000,100.000000,100.000000,5.0,863.0055,826.361,5775.4984,5812.1429,PENDING_AG03,FALSE,NOT_FOR_ENFORCEMENT,6372.9637,91272.1688,6638.5039,6372.9637,265.5402,0.06221214,0.05972365,265.5402,6372.9637,0.05972365,265.5402,265.5402,331.9252,0.0000,0.0000,6372.9637,0.05972365,863.0055,826.361,5775.4984,5812.1429,0.05412456,0.05446797,0.00248849,83.7579,74.6859,5.2148,265.5402,16.3108,4268.3014,50.9200,,83.7579,52.3519,78.5279,109.939,141.1146,183.2317,261.7596,73.2927,0.0,2.333333,3.333333,1.066601,30,136,60,3,0E-8,0.06221214,,0E-8,0.000000,0.890988,0.000000,,2026-03-21,2026-06-26,25,407,206,98,0.255102,,,0.000000,,,,,,,,GLOBAL_BASELINE_NO_ENTITY_RANKING,,,NOT_APPLICABLE_GLOBAL_BASELINE,HF9g-P5,,,,X 全窗基线 · 不参与实体赏罚,14191993,1420,A168_HF9F_20260827_0900,2026-08-27 09:00:00
2026-03-31,112874672,2233,0,337.0461068542,-150.0908444586,-150.0908444586,0.2500000,5,5,0.49860758000000000,0.498607580000,-0.9944341760919779,-0.9944341760919779,-0.9944341760919779,0E-17,ELIGIBLE,R03b_20260811_FULL_v1,L1_ELIGIBILITY,v2026-08-11,2026-03-21..2026-08-06,baccarat_bet02_101_all_pairs_incl_sentinel,round_win = game_pnl > 0 (decisive only),COMPATIBILITY_ONLY_NOT_PRODUCTION,106707.5342,95075.1759,6638.5039,1274,1273,-0.06221214,,-0.06221214,-0.06221214,-6638.5039,106707.5342,OK,0.0000,265.5402,4.0000,96.0000,AG03-UNRESOLVED,ALL5_LEVELS_bet23_to_bet27,265.5402,265.5402,331.9252,0.0000,0.0000,4.000000,4.000000,5.000000,0.000000,0.000000,96.000000,96.000000,95.000000,100.000000,100.000000,5.0,863.0055,826.361,5775.4984,5812.1429,PENDING_AG03,FALSE,NOT_FOR_ENFORCEMENT,6372.9637,91272.1688,6638.5039,6372.9637,265.5402,0.06221214,0.05972365,265.5402,6372.9637,0.05972365,265.5402,265.5402,331.9252,0.0000,0.0000,6372.9637,0.05972365,863.0055,826.361,5775.4984,5812.1429,0.05412456,0.05446797,0.00248849,83.7579,74.6859,5.2148,265.5402,16.3108,4268.3014,50.9200,,83.7579,52.3519,78.5279,109.939,141.1146,183.2317,261.7596,73.2927,0.0,2.333333,3.333333,1.066601,30,136,60,3,0E-8,0.06221214,,0E-8,0.000000,0.890988,0.000000,,2026-03-21,2026-06-26,25,407,206,98,0.255102,,,0.000000,,,,,,,,GLOBAL_BASELINE_NO_ENTITY_RANKING,,,NOT_APPLICABLE_GLOBAL_BASELINE,HF9g-P5,,,,X 全窗基线 · 不参与实体赏罚,14191994,1420,A168_HF9F_20260827_0900,2026-08-27 09:00:00
2026-03-31,112874672,2239,0,26.3317270980,25.0151407431,25.0151407431,1.0000000,1,1,0.50665070000000000,0.506650700000,0.9867858985152569,0.9867858985152569,0.9867858985152569,0E-17,ELIGIBLE,R03b_20260811_FULL_v1,L1_ELIGIBILITY,v2026-08-11,2026-03-21..2026-08-06,baccarat_bet02_101_all_pairs_incl_sentinel,round_win = game_pnl > 0 (decisive only),COMPATIBILITY_ONLY_NOT_PRODUCTION,106707.5342,95075.1759,6638.5039,1274,1273,-0.06221214,,-0.06221214,-0.06221214,-6638.5039,106707.5342,OK,0.0000,265.5402,4.0000,96.0000,AG03-UNRESOLVED,ALL5_LEVELS_bet23_to_bet27,265.5402,265.5402,331.9252,0.0000,0.0000,4.000000,4.000000,5.000000,0.000000,0.000000,96.000000,96.000000,95.000000,100.000000,100.000000,5.0,863.0055,826.361,5775.4984,5812.1429,PENDING_AG03,FALSE,NOT_FOR_ENFORCEMENT,6372.9637,91272.1688,6638.5039,6372.9637,265.5402,0.06221214,0.05972365,265.5402,6372.9637,0.05972365,265.5402,265.5402,331.9252,0.0000,0.0000,6372.9637,0.05972365,863.0055,826.361,5775.4984,5812.1429,0.05412456,0.05446797,0.00248849,83.7579,74.6859,5.2148,265.5402,16.3108,4268.3014,50.9200,,83.7579,52.3519,78.5279,109.939,141.1146,183.2317,261.7596,73.2927,0.0,2.333333,3.333333,1.066601,30,136,60,3,0E-8,0.06221214,,0E-8,0.000000,0.890988,0.000000,,2026-03-21,2026-06-26,25,407,206,98,0.255102,,,0.000000,,,,,,,,GLOBAL_BASELINE_NO_ENTITY_RANKING,,,NOT_APPLICABLE_GLOBAL_BASELINE,HF9g-P5,,,,X 全窗基线 · 不参与实体赏罚,14191995,1420,A168_HF9F_20260827_0900,2026-08-27 09:00:00
2026-04-02,112874672,-1,1,7655.1579718885,-223.4772138319,-223.4772138319,0.4727273,64,64,0.49869136250000000,0.498691362500,-0.38511100561481415,-0.38511100561481415,-0.38511100561481415,0E-17,SENTINEL_DEALER,R03b_20260811_FULL_v1,L1_ELIGIBILITY,v2026-08-11,2026-03-21..2026-08-06,baccarat_bet02_101_all_pairs_incl_sentinel,round_win = game_pnl > 0 (decisive only),COMPATIBILITY_ONLY_NOT_PRODUCTION,106707.5342,95075.1759,6638.5039,1274,1273,-0.06221214,,-0.06221214,-0.06221214,-6638.5039,106707.5342,OK,0.0000,265.5402,4.0000,96.0000,AG03-UNRESOLVED,ALL5_LEVELS_bet23_to_bet27,265.5402,265.5402,331.9252,0.0000,0.0000,4.000000,4.000000,5.000000,0.000000,0.000000,96.000000,96.000000,95.000000,100.000000,100.000000,5.0,863.0055,826.361,5775.4984,5812.1429,PENDING_AG03,FALSE,NOT_FOR_ENFORCEMENT,6372.9637,91272.1688,6638.5039,6372.9637,265.5402,0.06221214,0.05972365,265.5402,6372.9637,0.05972365,265.5402,265.5402,331.9252,0.0000,0.0000,6372.9637,0.05972365,863.0055,826.361,5775.4984,5812.1429,0.05412456,0.05446797,0.00248849,83.7579,74.6859,5.2148,265.5402,16.3108,4268.3014,50.9200,,83.7579,52.3519,78.5279,109.939,141.1146,183.2317,261.7596,73.2927,0.0,2.333333,3.333333,1.066601,30,136,60,3,0E-8,0.06221214,,0E-8,0.000000,0.890988,0.000000,,2026-03-21,2026-06-26,25,407,206,98,0.255102,,,0.000000,,,,,,,,GLOBAL_BASELINE_NO_ENTITY_RANKING,,,NOT_APPLICABLE_GLOBAL_BASELINE,HF9g-P5,,,,X 全窗基线 · 不参与实体赏罚,14191996,1420,A168_HF9F_20260827_0900,2026-08-27 09:00:00
2026-04-02,112874672,1017,0,785.2786430385,-785.2786430385,-785.2786430385,0E-7,3,3,0.49771390000000000,0.497713900000,-1.724149546644903,-1.724149546644903,-1.724149546644903,0E-17,ELIGIBLE,R03b_20260811_FULL_v1,L1_ELIGIBILITY,v2026-08-11,2026-03-21..2026-08-06,baccarat_bet02_101_all_pairs_incl_sentinel,round_win = game_pnl > 0 (decisive only),COMPATIBILITY_ONLY_NOT_PRODUCTION,106707.5342,95075.1759,6638.5039,1274,1273,-0.06221214,,-0.06221214,-0.06221214,-6638.5039,106707.5342,OK,0.0000,265.5402,4.0000,96.0000,AG03-UNRESOLVED,ALL5_LEVELS_bet23_to_bet27,265.5402,265.5402,331.9252,0.0000,0.0000,4.000000,4.000000,5.000000,0.000000,0.000000,96.000000,96.000000,95.000000,100.000000,100.000000,5.0,863.0055,826.361,5775.4984,5812.1429,PENDING_AG03,FALSE,NOT_FOR_ENFORCEMENT,6372.9637,91272.1688,6638.5039,6372.9637,265.5402,0.06221214,0.05972365,265.5402,6372.9637,0.05972365,265.5402,265.5402,331.9252,0.0000,0.0000,6372.9637,0.05972365,863.0055,826.361,5775.4984,5812.1429,0.05412456,0.05446797,0.00248849,83.7579,74.6859,5.2148,265.5402,16.3108,4268.3014,50.9200,,83.7579,52.3519,78.5279,109.939,141.1146,183.2317,261.7596,73.2927,0.0,2.333333,3.333333,1.066601,30,136,60,3,0E-8,0.06221214,,0E-8,0.000000,0.890988,0.000000,,2026-03-21,2026-06-26,25,407,206,98,0.255102,,,0.000000,,,,,,,,GLOBAL_BASELINE_NO_ENTITY_RANKING,,,NOT_APPLICABLE_GLOBAL_BASELINE,HF9g-P5,,,,X 全窗基线 · 不参与实体赏罚,14191997,1420,A168_HF9F_20260827_0900,2026-08-27 09:00:00
2026-04-02,112874672,1094,0,641.3108918148,-98.8142292491,-98.8142292491,0.3333333,4,4,0.49994810000000000,0.499948100000,-0.5771704854251445,-0.5771704854251445,-0.5771704854251445,0E-17,ELIGIBLE,R03b_20260811_FULL_v1,L1_ELIGIBILITY,v2026-08-11,2026-03-21..2026-08-06,baccarat_bet02_101_all_pairs_incl_sentinel,round_win = game_pnl > 0 (decisive only),COMPATIBILITY_ONLY_NOT_PRODUCTION,106707.5342,95075.1759,6638.5039,1274,1273,-0.06221214,,-0.06221214,-0.06221214,-6638.5039,106707.5342,OK,0.0000,265.5402,4.0000,96.0000,AG03-UNRESOLVED,ALL5_LEVELS_bet23_to_bet27,265.5402,265.5402,331.9252,0.0000,0.0000,4.000000,4.000000,5.000000,0.000000,0.000000,96.000000,96.000000,95.000000,100.000000,100.000000,5.0,863.0055,826.361,5775.4984,5812.1429,PENDING_AG03,FALSE,NOT_FOR_ENFORCEMENT,6372.9637,91272.1688,6638.5039,6372.9637,265.5402,0.06221214,0.05972365,265.5402,6372.9637,0.05972365,265.5402,265.5402,331.9252,0.0000,0.0000,6372.9637,0.05972365,863.0055,826.361,5775.4984,5812.1429,0.05412456,0.05446797,0.00248849,83.7579,74.6859,5.2148,265.5402,16.3108,4268.3014,50.9200,,83.7579,52.3519,78.5279,109.939,141.1146,183.2317,261.7596,73.2927,0.0,2.333333,3.333333,1.066601,30,136,60,3,0E-8,0.06221214,,0E-8,0.000000,0.890988,0.000000,,2026-03-21,2026-06-26,25,407,206,98,0.255102,,,0.000000,,,,,,,,GLOBAL_BASELINE_NO_ENTITY_RANKING,,,NOT_APPLICABLE_GLOBAL_BASELINE,HF9g-P5,,,,X 全窗基线 · 不参与实体赏罚,14191998,1420,A168_HF9F_20260827_0900,2026-08-27 09:00:00
2026-04-02,112874672,1115,0,732.9267335028,226.4220087427,226.4220087427,0.7142857,9,9,0.49473496666666667,0.494734966667,1.1618177710179056,1.1618177710161333,1.1618177710179056,-3.3333E-13,ELIGIBLE,R03b_20260811_FULL_v1,L1_ELIGIBILITY,v2026-08-11,2026-03-21..2026-08-06,baccarat_bet02_101_all_pairs_incl_sentinel,round_win = game_pnl > 0 (decisive only),COMPATIBILITY_ONLY_NOT_PRODUCTION,106707.5342,95075.1759,6638.5039,1274,1273,-0.06221214,,-0.06221214,-0.06221214,-6638.5039,106707.5342,OK,0.0000,265.5402,4.0000,96.0000,AG03-UNRESOLVED,ALL5_LEVELS_bet23_to_bet27,265.5402,265.5402,331.9252,0.0000,0.0000,4.000000,4.000000,5.000000,0.000000,0.000000,96.000000,96.000000,95.000000,100.000000,100.000000,5.0,863.0055,826.361,5775.4984,5812.1429,PENDING_AG03,FALSE,NOT_FOR_ENFORCEMENT,6372.9637,91272.1688,6638.5039,6372.9637,265.5402,0.06221214,0.05972365,265.5402,6372.9637,0.05972365,265.5402,265.5402,331.9252,0.0000,0.0000,6372.9637,0.05972365,863.0055,826.361,5775.4984,5812.1429,0.05412456,0.05446797,0.00248849,83.7579,74.6859,5.2148,265.5402,16.3108,4268.3014,50.9200,,83.7579,52.3519,78.5279,109.939,141.1146,183.2317,261.7596,73.2927,0.0,2.333333,3.333333,1.066601,30,136,60,3,0E-8,0.06221214,,0E-8,0.000000,0.890988,0.000000,,2026-03-21,2026-06-26,25,407,206,98,0.255102,,,0.000000,,,,,,,,GLOBAL_BASELINE_NO_ENTITY_RANKING,,,NOT_APPLICABLE_GLOBAL_BASELINE,HF9g-P5,,,,X 全窗基线 · 不参与实体赏罚,14191999,1420,A168_HF9F_20260827_0900,2026-08-27 09:00:00
2026-04-02,112874672,1221,0,78.5278643039,-78.5278643039,-78.5278643039,0E-7,1,1,0.50665070000000000,0.506650700000,-1.013391052207602,-1.013391052207602,-1.013391052207602,0E-17,ELIGIBLE,R03b_20260811_FULL_v1,L1_ELIGIBILITY,v2026-08-11,2026-03-21..2026-08-06,baccarat_bet02_101_all_pairs_incl_sentinel,round_win = game_pnl > 0 (decisive only),COMPATIBILITY_ONLY_NOT_PRODUCTION,106707.5342,95075.1759,6638.5039,1274,1273,-0.06221214,,-0.06221214,-0.06221214,-6638.5039,106707.5342,OK,0.0000,265.5402,4.0000,96.0000,AG03-UNRESOLVED,ALL5_LEVELS_bet23_to_bet27,265.5402,265.5402,331.9252,0.0000,0.0000,4.000000,4.000000,5.000000,0.000000,0.000000,96.000000,96.000000,95.000000,100.000000,100.000000,5.0,863.0055,826.361,5775.4984,5812.1429,PENDING_AG03,FALSE,NOT_FOR_ENFORCEMENT,6372.9637,91272.1688,6638.5039,6372.9637,265.5402,0.06221214,0.05972365,265.5402,6372.9637,0.05972365,265.5402,265.5402,331.9252,0.0000,0.0000,6372.9637,0.05972365,863.0055,826.361,5775.4984,5812.1429,0.05412456,0.05446797,0.00248849,83.7579,74.6859,5.2148,265.5402,16.3108,4268.3014,50.9200,,83.7579,52.3519,78.5279,109.939,141.1146,183.2317,261.7596,73.2927,0.0,2.333333,3.333333,1.066601,30,136,60,3,0E-8,0.06221214,,0E-8,0.000000,0.890988,0.000000,,2026-03-21,2026-06-26,25,407,206,98,0.255102,,,0.000000,,,,,,,,GLOBAL_BASELINE_NO_ENTITY_RANKING,,,NOT_APPLICABLE_GLOBAL_BASELINE,HF9g-P5,,,,X 全窗基线 · 不参与实体赏罚,14192000,1420,A168_HF9F_20260827_0900,2026-08-27 09:00:00
2026-04-02,112874672,1304,0,429.2856581946,157.8410072508,157.8410072508,0.7500000,8,8,0.50162375000000000,0.501623750000,1.4050356542380409,1.4050356542380409,1.4050356542380409,0E-17,ELIGIBLE,R03b_20260811_FULL_v1,L1_ELIGIBILITY,v2026-08-11,2026-03-21..2026-08-06,baccarat_bet02_101_all_pairs_incl_sentinel,round_win = game_pnl > 0 (decisive only),COMPATIBILITY_ONLY_NOT_PRODUCTION,106707.5342,95075.1759,6638.5039,1274,1273,-0.06221214,,-0.06221214,-0.06221214,-6638.5039,106707.5342,OK,0.0000,265.5402,4.0000,96.0000,AG03-UNRESOLVED,ALL5_LEVELS_bet23_to_bet27,265.5402,265.5402,331.9252,0.0000,0.0000,4.000000,4.000000,5.000000,0.000000,0.000000,96.000000,96.000000,95.000000,100.000000,100.000000,5.0,863.0055,826.361,5775.4984,5812.1429,PENDING_AG03,FALSE,NOT_FOR_ENFORCEMENT,6372.9637,91272.1688,6638.5039,6372.9637,265.5402,0.06221214,0.05972365,265.5402,6372.9637,0.05972365,265.5402,265.5402,331.9252,0.0000,0.0000,6372.9637,0.05972365,863.0055,826.361,5775.4984,5812.1429,0.05412456,0.05446797,0.00248849,83.7579,74.6859,5.2148,265.5402,16.3108,4268.3014,50.9200,,83.7579,52.3519,78.5279,109.939,141.1146,183.2317,261.7596,73.2927,0.0,2.333333,3.333333,1.066601,30,136,60,3,0E-8,0.06221214,,0E-8,0.000000,0.890988,0.000000,,2026-03-21,2026-06-26,25,407,206,98,0.255102,,,0.000000,,,,,,,,GLOBAL_BASELINE_NO_ENTITY_RANKING,,,NOT_APPLICABLE_GLOBAL_BASELINE,HF9g-P5,,,,X 全窗基线 · 不参与实体赏罚,14192001,1420,A168_HF9F_20260827_0900,2026-08-27 09:00:00
2026-04-02,112874672,1306,0,657.0164646756,77.0881867916,77.0881867916,0.6000000,5,5,0.49860758000000000,0.498607580000,0.4534424453485946,0.4534424453485946,0.4534424453485946,0E-17,ELIGIBLE,R03b_20260811_FULL_v1,L1_ELIGIBILITY,v2026-08-11,2026-03-21..2026-08-06,baccarat_bet02_101_all_pairs_incl_sentinel,round_win = game_pnl > 0 (decisive only),COMPATIBILITY_ONLY_NOT_PRODUCTION,106707.5342,95075.1759,6638.5039,1274,1273,-0.06221214,,-0.06221214,-0.06221214,-6638.5039,106707.5342,OK,0.0000,265.5402,4.0000,96.0000,AG03-UNRESOLVED,ALL5_LEVELS_bet23_to_bet27,265.5402,265.5402,331.9252,0.0000,0.0000,4.000000,4.000000,5.000000,0.000000,0.000000,96.000000,96.000000,95.000000,100.000000,100.000000,5.0,863.0055,826.361,5775.4984,5812.1429,PENDING_AG03,FALSE,NOT_FOR_ENFORCEMENT,6372.9637,91272.1688,6638.5039,6372.9637,265.5402,0.06221214,0.05972365,265.5402,6372.9637,0.05972365,265.5402,265.5402,331.9252,0.0000,0.0000,6372.9637,0.05972365,863.0055,826.361,5775.4984,5812.1429,0.05412456,0.05446797,0.00248849,83.7579,74.6859,5.2148,265.5402,16.3108,4268.3014,50.9200,,83.7579,52.3519,78.5279,109.939,141.1146,183.2317,261.7596,73.2927,0.0,2.333333,3.333333,1.066601,30,136,60,3,0E-8,0.06221214,,0E-8,0.000000,0.890988,0.000000,,2026-03-21,2026-06-26,25,407,206,98,0.255102,,,0.000000,,,,,,,,GLOBAL_BASELINE_NO_ENTITY_RANKING,,,NOT_APPLICABLE_GLOBAL_BASELINE,HF9g-P5,,,,X 全窗基线 · 不参与实体赏罚,14192002,1420,A168_HF9F_20260827_0900,2026-08-27 09:00:00
2026-04-02,112874672,1318,0,319.3466481691,-64.1310891815,-64.1310891815,0.3333333,3,3,0.50665070000000000,0.506650700000,-0.6004420894325239,-0.6004420894325239,-0.6004420894325239,0E-17,ELIGIBLE,R03b_20260811_FULL_v1,L1_ELIGIBILITY,v2026-08-11,2026-03-21..2026-08-06,baccarat_bet02_101_all_pairs_incl_sentinel,round_win = game_pnl > 0 (decisive only),COMPATIBILITY_ONLY_NOT_PRODUCTION,106707.5342,95075.1759,6638.5039,1274,1273,-0.06221214,,-0.06221214,-0.06221214,-6638.5039,106707.5342,OK,0.0000,265.5402,4.0000,96.0000,AG03-UNRESOLVED,ALL5_LEVELS_bet23_to_bet27,265.5402,265.5402,331.9252,0.0000,0.0000,4.000000,4.000000,5.000000,0.000000,0.000000,96.000000,96.000000,95.000000,100.000000,100.000000,5.0,863.0055,826.361,5775.4984,5812.1429,PENDING_AG03,FALSE,NOT_FOR_ENFORCEMENT,6372.9637,91272.1688,6638.5039,6372.9637,265.5402,0.06221214,0.05972365,265.5402,6372.9637,0.05972365,265.5402,265.5402,331.9252,0.0000,0.0000,6372.9637,0.05972365,863.0055,826.361,5775.4984,5812.1429,0.05412456,0.05446797,0.00248849,83.7579,74.6859,5.2148,265.5402,16.3108,4268.3014,50.9200,,83.7579,52.3519,78.5279,109.939,141.1146,183.2317,261.7596,73.2927,0.0,2.333333,3.333333,1.066601,30,136,60,3,0E-8,0.06221214,,0E-8,0.000000,0.890988,0.000000,,2026-03-21,2026-06-26,25,407,206,98,0.255102,,,0.000000,,,,,,,,GLOBAL_BASELINE_NO_ENTITY_RANKING,,,NOT_APPLICABLE_GLOBAL_BASELINE,HF9g-P5,,,,X 全窗基线 · 不参与实体赏罚,14192003,1420,A168_HF9F_20260827_0900,2026-08-27 09:00:00
2026-04-02,112874672,1323,0,133.4973693166,57.1944611680,57.1944611680,1.0000000,2,2,0.50665070000000000,0.506650700000,0.9867858985152569,0.9867858985152569,0.9867858985152569,0E-17,ELIGIBLE,R03b_20260811_FULL_v1,L1_ELIGIBILITY,v2026-08-11,2026-03-21..2026-08-06,baccarat_bet02_101_all_pairs_incl_sentinel,round_win = game_pnl > 0 (decisive only),COMPATIBILITY_ONLY_NOT_PRODUCTION,106707.5342,95075.1759,6638.5039,1274,1273,-0.06221214,,-0.06221214,-0.06221214,-6638.5039,106707.5342,OK,0.0000,265.5402,4.0000,96.0000,AG03-UNRESOLVED,ALL5_LEVELS_bet23_to_bet27,265.5402,265.5402,331.9252,0.0000,0.0000,4.000000,4.000000,5.000000,0.000000,0.000000,96.000000,96.000000,95.000000,100.000000,100.000000,5.0,863.0055,826.361,5775.4984,5812.1429,PENDING_AG03,FALSE,NOT_FOR_ENFORCEMENT,6372.9637,91272.1688,6638.5039,6372.9637,265.5402,0.06221214,0.05972365,265.5402,6372.9637,0.05972365,265.5402,265.5402,331.9252,0.0000,0.0000,6372.9637,0.05972365,863.0055,826.361,5775.4984,5812.1429,0.05412456,0.05446797,0.00248849,83.7579,74.6859,5.2148,265.5402,16.3108,4268.3014,50.9200,,83.7579,52.3519,78.5279,109.939,141.1146,183.2317,261.7596,73.2927,0.0,2.333333,3.333333,1.066601,30,136,60,3,0E-8,0.06221214,,0E-8,0.000000,0.890988,0.000000,,2026-03-21,2026-06-26,25,407,206,98,0.255102,,,0.000000,,,,,,,,GLOBAL_BASELINE_NO_ENTITY_RANKING,,,NOT_APPLICABLE_GLOBAL_BASELINE,HF9g-P5,,,,X 全窗基线 · 不参与实体赏罚,14192004,1420,A168_HF9F_20260827_0900,2026-08-27 09:00:00
2026-04-02,112874672,1353,0,1926.5502709214,69.3662801352,69.3662801352,0.5882353,19,19,0.49677318421052632,0.496773184211,0.7542315865730129,0.7542315865691023,0.7542315865730129,-4.7368E-13,ELIGIBLE,R03b_20260811_FULL_v1,L1_ELIGIBILITY,v2026-08-11,2026-03-21..2026-08-06,baccarat_bet02_101_all_pairs_incl_sentinel,round_win = game_pnl > 0 (decisive only),COMPATIBILITY_ONLY_NOT_PRODUCTION,106707.5342,95075.1759,6638.5039,1274,1273,-0.06221214,,-0.06221214,-0.06221214,-6638.5039,106707.5342,OK,0.0000,265.5402,4.0000,96.0000,AG03-UNRESOLVED,ALL5_LEVELS_bet23_to_bet27,265.5402,265.5402,331.9252,0.0000,0.0000,4.000000,4.000000,5.000000,0.000000,0.000000,96.000000,96.000000,95.000000,100.000000,100.000000,5.0,863.0055,826.361,5775.4984,5812.1429,PENDING_AG03,FALSE,NOT_FOR_ENFORCEMENT,6372.9637,91272.1688,6638.5039,6372.9637,265.5402,0.06221214,0.05972365,265.5402,6372.9637,0.05972365,265.5402,265.5402,331.9252,0.0000,0.0000,6372.9637,0.05972365,863.0055,826.361,5775.4984,5812.1429,0.05412456,0.05446797,0.00248849,83.7579,74.6859,5.2148,265.5402,16.3108,4268.3014,50.9200,,83.7579,52.3519,78.5279,109.939,141.1146,183.2317,261.7596,73.2927,0.0,2.333333,3.333333,1.066601,30,136,60,3,0E-8,0.06221214,,0E-8,0.000000,0.890988,0.000000,,2026-03-21,2026-06-26,25,407,206,98,0.255102,,,0.000000,,,,,,,,GLOBAL_BASELINE_NO_ENTITY_RANKING,,,NOT_APPLICABLE_GLOBAL_BASELINE,HF9g-P5,,,,X 全窗基线 · 不参与实体赏罚,14192005,1420,A168_HF9F_20260827_0900,2026-08-27 09:00:00
2026-04-02,112874672,1363,0,392.6393215194,130.8797738398,130.8797738398,0.6666667,3,3,0.49324550000000000,0.493245500000,0.6008033672792107,0.6008033672792106,0.6008033672792107,0E-17,ELIGIBLE,R03b_20260811_FULL_v1,L1_ELIGIBILITY,v2026-08-11,2026-03-21..2026-08-06,baccarat_bet02_101_all_pairs_incl_sentinel,round_win = game_pnl > 0 (decisive only),COMPATIBILITY_ONLY_NOT_PRODUCTION,106707.5342,95075.1759,6638.5039,1274,1273,-0.06221214,,-0.06221214,-0.06221214,-6638.5039,106707.5342,OK,0.0000,265.5402,4.0000,96.0000,AG03-UNRESOLVED,ALL5_LEVELS_bet23_to_bet27,265.5402,265.5402,331.9252,0.0000,0.0000,4.000000,4.000000,5.000000,0.000000,0.000000,96.000000,96.000000,95.000000,100.000000,100.000000,5.0,863.0055,826.361,5775.4984,5812.1429,PENDING_AG03,FALSE,NOT_FOR_ENFORCEMENT,6372.9637,91272.1688,6638.5039,6372.9637,265.5402,0.06221214,0.05972365,265.5402,6372.9637,0.05972365,265.5402,265.5402,331.9252,0.0000,0.0000,6372.9637,0.05972365,863.0055,826.361,5775.4984,5812.1429,0.05412456,0.05446797,0.00248849,83.7579,74.6859,5.2148,265.5402,16.3108,4268.3014,50.9200,,83.7579,52.3519,78.5279,109.939,141.1146,183.2317,261.7596,73.2927,0.0,2.333333,3.333333,1.066601,30,136,60,3,0E-8,0.06221214,,0E-8,0.000000,0.890988,0.000000,,2026-03-21,2026-06-26,25,407,206,98,0.255102,,,0.000000,,,,,,,,GLOBAL_BASELINE_NO_ENTITY_RANKING,,,NOT_APPLICABLE_GLOBAL_BASELINE,HF9g-P5,,,,X 全窗基线 · 不参与实体赏罚,14192006,1420,A168_HF9F_20260827_0900,2026-08-27 09:00:00
2026-04-02,112874672,1401,0,1232.8874695705,-365.0236892389,-365.0236892389,0.4444444,12,12,0.49994810000000000,0.499948100000,-0.33302193512739575,-0.33302193512739575,-0.33302193512739575,0E-17,ELIGIBLE,R03b_20260811_FULL_v1,L1_ELIGIBILITY,v2026-08-11,2026-03-21..2026-08-06,baccarat_bet02_101_all_pairs_incl_sentinel,round_win = game_pnl > 0 (decisive only),COMPATIBILITY_ONLY_NOT_PRODUCTION,106707.5342,95075.1759,6638.5039,1274,1273,-0.06221214,,-0.06221214,-0.06221214,-6638.5039,106707.5342,OK,0.0000,265.5402,4.0000,96.0000,AG03-UNRESOLVED,ALL5_LEVELS_bet23_to_bet27,265.5402,265.5402,331.9252,0.0000,0.0000,4.000000,4.000000,5.000000,0.000000,0.000000,96.000000,96.000000,95.000000,100.000000,100.000000,5.0,863.0055,826.361,5775.4984,5812.1429,PENDING_AG03,FALSE,NOT_FOR_ENFORCEMENT,6372.9637,91272.1688,6638.5039,6372.9637,265.5402,0.06221214,0.05972365,265.5402,6372.9637,0.05972365,265.5402,265.5402,331.9252,0.0000,0.0000,6372.9637,0.05972365,863.0055,826.361,5775.4984,5812.1429,0.05412456,0.05446797,0.00248849,83.7579,74.6859,5.2148,265.5402,16.3108,4268.3014,50.9200,,83.7579,52.3519,78.5279,109.939,141.1146,183.2317,261.7596,73.2927,0.0,2.333333,3.333333,1.066601,30,136,60,3,0E-8,0.06221214,,0E-8,0.000000,0.890988,0.000000,,2026-03-21,2026-06-26,25,407,206,98,0.255102,,,0.000000,,,,,,,,GLOBAL_BASELINE_NO_ENTITY_RANKING,,,NOT_APPLICABLE_GLOBAL_BASELINE,HF9g-P5,,,,X 全窗基线 · 不参与实体赏罚,14192007,1420,A168_HF9F_20260827_0900,2026-08-27 09:00:00
2026-04-02,112874672,1646,0,800.9842158994,-425.3592649792,-425.3592649792,0.3333333,7,7,0.50090561428571429,0.500905614286,-0.8209345132943034,-0.820934513295704,-0.8209345132943034,-2.8571E-13,ELIGIBLE,R03b_20260811_FULL_v1,L1_ELIGIBILITY,v2026-08-11,2026-03-21..2026-08-06,baccarat_bet02_101_all_pairs_incl_sentinel,round_win = game_pnl > 0 (decisive only),COMPATIBILITY_ONLY_NOT_PRODUCTION,106707.5342,95075.1759,6638.5039,1274,1273,-0.06221214,,-0.06221214,-0.06221214,-6638.5039,106707.5342,OK,0.0000,265.5402,4.0000,96.0000,AG03-UNRESOLVED,ALL5_LEVELS_bet23_to_bet27,265.5402,265.5402,331.9252,0.0000,0.0000,4.000000,4.000000,5.000000,0.000000,0.000000,96.000000,96.000000,95.000000,100.000000,100.000000,5.0,863.0055,826.361,5775.4984,5812.1429,PENDING_AG03,FALSE,NOT_FOR_ENFORCEMENT,6372.9637,91272.1688,6638.5039,6372.9637,265.5402,0.06221214,0.05972365,265.5402,6372.9637,0.05972365,265.5402,265.5402,331.9252,0.0000,0.0000,6372.9637,0.05972365,863.0055,826.361,5775.4984,5812.1429,0.05412456,0.05446797,0.00248849,83.7579,74.6859,5.2148,265.5402,16.3108,4268.3014,50.9200,,83.7579,52.3519,78.5279,109.939,141.1146,183.2317,261.7596,73.2927,0.0,2.333333,3.333333,1.066601,30,136,60,3,0E-8,0.06221214,,0E-8,0.000000,0.890988,0.000000,,2026-03-21,2026-06-26,25,407,206,98,0.255102,,,0.000000,,,,,,,,GLOBAL_BASELINE_NO_ENTITY_RANKING,,,NOT_APPLICABLE_GLOBAL_BASELINE,HF9g-P5,,,,X 全窗基线 · 不参与实体赏罚,14192008,1420,A168_HF9F_20260827_0900,2026-08-27 09:00:00
2026-04-02,112874672,1702,0,78.5278643039,-78.5278643039,-78.5278643039,0E-7,1,1,0.50665070000000000,0.506650700000,-1.013391052207602,-1.013391052207602,-1.013391052207602,0E-17,ELIGIBLE,R03b_20260811_FULL_v1,L1_ELIGIBILITY,v2026-08-11,2026-03-21..2026-08-06,baccarat_bet02_101_all_pairs_incl_sentinel,round_win = game_pnl > 0 (decisive only),COMPATIBILITY_ONLY_NOT_PRODUCTION,106707.5342,95075.1759,6638.5039,1274,1273,-0.06221214,,-0.06221214,-0.06221214,-6638.5039,106707.5342,OK,0.0000,265.5402,4.0000,96.0000,AG03-UNRESOLVED,ALL5_LEVELS_bet23_to_bet27,265.5402,265.5402,331.9252,0.0000,0.0000,4.000000,4.000000,5.000000,0.000000,0.000000,96.000000,96.000000,95.000000,100.000000,100.000000,5.0,863.0055,826.361,5775.4984,5812.1429,PENDING_AG03,FALSE,NOT_FOR_ENFORCEMENT,6372.9637,91272.1688,6638.5039,6372.9637,265.5402,0.06221214,0.05972365,265.5402,6372.9637,0.05972365,265.5402,265.5402,331.9252,0.0000,0.0000,6372.9637,0.05972365,863.0055,826.361,5775.4984,5812.1429,0.05412456,0.05446797,0.00248849,83.7579,74.6859,5.2148,265.5402,16.3108,4268.3014,50.9200,,83.7579,52.3519,78.5279,109.939,141.1146,183.2317,261.7596,73.2927,0.0,2.333333,3.333333,1.066601,30,136,60,3,0E-8,0.06221214,,0E-8,0.000000,0.890988,0.000000,,2026-03-21,2026-06-26,25,407,206,98,0.255102,,,0.000000,,,,,,,,GLOBAL_BASELINE_NO_ENTITY_RANKING,,,NOT_APPLICABLE_GLOBAL_BASELINE,HF9g-P5,,,,X 全窗基线 · 不参与实体赏罚,14192009,1420,A168_HF9F_20260827_0900,2026-08-27 09:00:00
2026-04-02,112874672,1704,0,130.8797738398,-130.8797738398,-130.8797738398,0E-7,1,1,0.50665070000000000,0.506650700000,-1.013391052207602,-1.013391052207602,-1.013391052207602,0E-17,ELIGIBLE,R03b_20260811_FULL_v1,L1_ELIGIBILITY,v2026-08-11,2026-03-21..2026-08-06,baccarat_bet02_101_all_pairs_incl_sentinel,round_win = game_pnl > 0 (decisive only),COMPATIBILITY_ONLY_NOT_PRODUCTION,106707.5342,95075.1759,6638.5039,1274,1273,-0.06221214,,-0.06221214,-0.06221214,-6638.5039,106707.5342,OK,0.0000,265.5402,4.0000,96.0000,AG03-UNRESOLVED,ALL5_LEVELS_bet23_to_bet27,265.5402,265.5402,331.9252,0.0000,0.0000,4.000000,4.000000,5.000000,0.000000,0.000000,96.000000,96.000000,95.000000,100.000000,100.000000,5.0,863.0055,826.361,5775.4984,5812.1429,PENDING_AG03,FALSE,NOT_FOR_ENFORCEMENT,6372.9637,91272.1688,6638.5039,6372.9637,265.5402,0.06221214,0.05972365,265.5402,6372.9637,0.05972365,265.5402,265.5402,331.9252,0.0000,0.0000,6372.9637,0.05972365,863.0055,826.361,5775.4984,5812.1429,0.05412456,0.05446797,0.00248849,83.7579,74.6859,5.2148,265.5402,16.3108,4268.3014,50.9200,,83.7579,52.3519,78.5279,109.939,141.1146,183.2317,261.7596,73.2927,0.0,2.333333,3.333333,1.066601,30,136,60,3,0E-8,0.06221214,,0E-8,0.000000,0.890988,0.000000,,2026-03-21,2026-06-26,25,407,206,98,0.255102,,,0.000000,,,,,,,,GLOBAL_BASELINE_NO_ENTITY_RANKING,,,NOT_APPLICABLE_GLOBAL_BASELINE,HF9g-P5,,,,X 全窗基线 · 不参与实体赏罚,14192010,1420,A168_HF9F_20260827_0900,2026-08-27 09:00:00
2026-04-02,112874672,1710,0,746.0147108868,294.4794911396,294.4794911396,0.6666667,6,6,0.49547970000000000,0.495479700000,0.83867571210634,0.83867571210634,0.83867571210634,0E-17,ELIGIBLE,R03b_20260811_FULL_v1,L1_ELIGIBILITY,v2026-08-11,2026-03-21..2026-08-06,baccarat_bet02_101_all_pairs_incl_sentinel,round_win = game_pnl > 0 (decisive only),COMPATIBILITY_ONLY_NOT_PRODUCTION,106707.5342,95075.1759,6638.5039,1274,1273,-0.06221214,,-0.06221214,-0.06221214,-6638.5039,106707.5342,OK,0.0000,265.5402,4.0000,96.0000,AG03-UNRESOLVED,ALL5_LEVELS_bet23_to_bet27,265.5402,265.5402,331.9252,0.0000,0.0000,4.000000,4.000000,5.000000,0.000000,0.000000,96.000000,96.000000,95.000000,100.000000,100.000000,5.0,863.0055,826.361,5775.4984,5812.1429,PENDING_AG03,FALSE,NOT_FOR_ENFORCEMENT,6372.9637,91272.1688,6638.5039,6372.9637,265.5402,0.06221214,0.05972365,265.5402,6372.9637,0.05972365,265.5402,265.5402,331.9252,0.0000,0.0000,6372.9637,0.05972365,863.0055,826.361,5775.4984,5812.1429,0.05412456,0.05446797,0.00248849,83.7579,74.6859,5.2148,265.5402,16.3108,4268.3014,50.9200,,83.7579,52.3519,78.5279,109.939,141.1146,183.2317,261.7596,73.2927,0.0,2.333333,3.333333,1.066601,30,136,60,3,0E-8,0.06221214,,0E-8,0.000000,0.890988,0.000000,,2026-03-21,2026-06-26,25,407,206,98,0.255102,,,0.000000,,,,,,,,GLOBAL_BASELINE_NO_ENTITY_RANKING,,,NOT_APPLICABLE_GLOBAL_BASELINE,HF9g-P5,,,,X 全窗基线 · 不参与实体赏罚,14192011,1420,A168_HF9F_20260827_0900,2026-08-27 09:00:00
2026-04-02,112874672,1714,0,1902.9919116302,574.0386880611,574.0386880611,0.6470588,19,19,0.50030086842105263,0.500300868421,1.210197319721355,1.2101973197217888,1.210197319721355,5.263E-14,ELIGIBLE,R03b_20260811_FULL_v1,L1_ELIGIBILITY,v2026-08-11,2026-03-21..2026-08-06,baccarat_bet02_101_all_pairs_incl_sentinel,round_win = game_pnl > 0 (decisive only),COMPATIBILITY_ONLY_NOT_PRODUCTION,106707.5342,95075.1759,6638.5039,1274,1273,-0.06221214,,-0.06221214,-0.06221214,-6638.5039,106707.5342,OK,0.0000,265.5402,4.0000,96.0000,AG03-UNRESOLVED,ALL5_LEVELS_bet23_to_bet27,265.5402,265.5402,331.9252,0.0000,0.0000,4.000000,4.000000,5.000000,0.000000,0.000000,96.000000,96.000000,95.000000,100.000000,100.000000,5.0,863.0055,826.361,5775.4984,5812.1429,PENDING_AG03,FALSE,NOT_FOR_ENFORCEMENT,6372.9637,91272.1688,6638.5039,6372.9637,265.5402,0.06221214,0.05972365,265.5402,6372.9637,0.05972365,265.5402,265.5402,331.9252,0.0000,0.0000,6372.9637,0.05972365,863.0055,826.361,5775.4984,5812.1429,0.05412456,0.05446797,0.00248849,83.7579,74.6859,5.2148,265.5402,16.3108,4268.3014,50.9200,,83.7579,52.3519,78.5279,109.939,141.1146,183.2317,261.7596,73.2927,0.0,2.333333,3.333333,1.066601,30,136,60,3,0E-8,0.06221214,,0E-8,0.000000,0.890988,0.000000,,2026-03-21,2026-06-26,25,407,206,98,0.255102,,,0.000000,,,,,,,,GLOBAL_BASELINE_NO_ENTITY_RANKING,,,NOT_APPLICABLE_GLOBAL_BASELINE,HF9g-P5,,,,X 全窗基线 · 不参与实体赏罚,14192012,1420,A168_HF9F_20260827_0900,2026-08-27 09:00:00
2026-04-02,112874672,1750,0,510.4311179750,-204.1724471900,-204.1724471900,0.3333333,3,3,0.50218230000000000,0.502182300000,-0.5849155494134425,-0.5849155494134426,-0.5849155494134425,0E-17,ELIGIBLE,R03b_20260811_FULL_v1,L1_ELIGIBILITY,v2026-08-11,2026-03-21..2026-08-06,baccarat_bet02_101_all_pairs_incl_sentinel,round_win = game_pnl > 0 (decisive only),COMPATIBILITY_ONLY_NOT_PRODUCTION,106707.5342,95075.1759,6638.5039,1274,1273,-0.06221214,,-0.06221214,-0.06221214,-6638.5039,106707.5342,OK,0.0000,265.5402,4.0000,96.0000,AG03-UNRESOLVED,ALL5_LEVELS_bet23_to_bet27,265.5402,265.5402,331.9252,0.0000,0.0000,4.000000,4.000000,5.000000,0.000000,0.000000,96.000000,96.000000,95.000000,100.000000,100.000000,5.0,863.0055,826.361,5775.4984,5812.1429,PENDING_AG03,FALSE,NOT_FOR_ENFORCEMENT,6372.9637,91272.1688,6638.5039,6372.9637,265.5402,0.06221214,0.05972365,265.5402,6372.9637,0.05972365,265.5402,265.5402,331.9252,0.0000,0.0000,6372.9637,0.05972365,863.0055,826.361,5775.4984,5812.1429,0.05412456,0.05446797,0.00248849,83.7579,74.6859,5.2148,265.5402,16.3108,4268.3014,50.9200,,83.7579,52.3519,78.5279,109.939,141.1146,183.2317,261.7596,73.2927,0.0,2.333333,3.333333,1.066601,30,136,60,3,0E-8,0.06221214,,0E-8,0.000000,0.890988,0.000000,,2026-03-21,2026-06-26,25,407,206,98,0.255102,,,0.000000,,,,,,,,GLOBAL_BASELINE_NO_ENTITY_RANKING,,,NOT_APPLICABLE_GLOBAL_BASELINE,HF9g-P5,,,,X 全窗基线 · 不参与实体赏罚,14192013,1420,A168_HF9F_20260827_0900,2026-08-27 09:00:00
2026-04-02,112874672,1935,0,314.1114572155,180.6140878989,180.6140878989,1.0000000,3,3,0.49771390000000000,0.497713900000,1.4206944795187548,1.420694479518755,1.4206944795187548,0E-17,ELIGIBLE,R03b_20260811_FULL_v1,L1_ELIGIBILITY,v2026-08-11,2026-03-21..2026-08-06,baccarat_bet02_101_all_pairs_incl_sentinel,round_win = game_pnl > 0 (decisive only),COMPATIBILITY_ONLY_NOT_PRODUCTION,106707.5342,95075.1759,6638.5039,1274,1273,-0.06221214,,-0.06221214,-0.06221214,-6638.5039,106707.5342,OK,0.0000,265.5402,4.0000,96.0000,AG03-UNRESOLVED,ALL5_LEVELS_bet23_to_bet27,265.5402,265.5402,331.9252,0.0000,0.0000,4.000000,4.000000,5.000000,0.000000,0.000000,96.000000,96.000000,95.000000,100.000000,100.000000,5.0,863.0055,826.361,5775.4984,5812.1429,PENDING_AG03,FALSE,NOT_FOR_ENFORCEMENT,6372.9637,91272.1688,6638.5039,6372.9637,265.5402,0.06221214,0.05972365,265.5402,6372.9637,0.05972365,265.5402,265.5402,331.9252,0.0000,0.0000,6372.9637,0.05972365,863.0055,826.361,5775.4984,5812.1429,0.05412456,0.05446797,0.00248849,83.7579,74.6859,5.2148,265.5402,16.3108,4268.3014,50.9200,,83.7579,52.3519,78.5279,109.939,141.1146,183.2317,261.7596,73.2927,0.0,2.333333,3.333333,1.066601,30,136,60,3,0E-8,0.06221214,,0E-8,0.000000,0.890988,0.000000,,2026-03-21,2026-06-26,25,407,206,98,0.255102,,,0.000000,,,,,,,,GLOBAL_BASELINE_NO_ENTITY_RANKING,,,NOT_APPLICABLE_GLOBAL_BASELINE,HF9g-P5,,,,X 全窗基线 · 不参与实体赏罚,14192014,1420,A168_HF9F_20260827_0900,2026-08-27 09:00:00
2026-04-02,112874672,1947,0,886.0560688952,-246.2502944795,-246.2502944795,0.5000000,7,7,0.50282064285714286,0.502820642857,-0.013818491375558404,-0.0138184913748585,-0.013818491375558404,1.4286E-13,ELIGIBLE,R03b_20260811_FULL_v1,L1_ELIGIBILITY,v2026-08-11,2026-03-21..2026-08-06,baccarat_bet02_101_all_pairs_incl_sentinel,round_win = game_pnl > 0 (decisive only),COMPATIBILITY_ONLY_NOT_PRODUCTION,106707.5342,95075.1759,6638.5039,1274,1273,-0.06221214,,-0.06221214,-0.06221214,-6638.5039,106707.5342,OK,0.0000,265.5402,4.0000,96.0000,AG03-UNRESOLVED,ALL5_LEVELS_bet23_to_bet27,265.5402,265.5402,331.9252,0.0000,0.0000,4.000000,4.000000,5.000000,0.000000,0.000000,96.000000,96.000000,95.000000,100.000000,100.000000,5.0,863.0055,826.361,5775.4984,5812.1429,PENDING_AG03,FALSE,NOT_FOR_ENFORCEMENT,6372.9637,91272.1688,6638.5039,6372.9637,265.5402,0.06221214,0.05972365,265.5402,6372.9637,0.05972365,265.5402,265.5402,331.9252,0.0000,0.0000,6372.9637,0.05972365,863.0055,826.361,5775.4984,5812.1429,0.05412456,0.05446797,0.00248849,83.7579,74.6859,5.2148,265.5402,16.3108,4268.3014,50.9200,,83.7579,52.3519,78.5279,109.939,141.1146,183.2317,261.7596,73.2927,0.0,2.333333,3.333333,1.066601,30,136,60,3,0E-8,0.06221214,,0E-8,0.000000,0.890988,0.000000,,2026-03-21,2026-06-26,25,407,206,98,0.255102,,,0.000000,,,,,,,,GLOBAL_BASELINE_NO_ENTITY_RANKING,,,NOT_APPLICABLE_GLOBAL_BASELINE,HF9g-P5,,,,X 全窗基线 · 不参与实体赏罚,14192015,1420,A168_HF9F_20260827_0900,2026-08-27 09:00:00
2026-04-02,112874672,1966,0,371.6985577049,56.5400622987,56.5400622987,0.5000000,4,4,0.50329940000000000,0.503299400000,-0.009332315641528947,-0.009332315641528947,-0.009332315641528947,0E-17,ELIGIBLE,R03b_20260811_FULL_v1,L1_ELIGIBILITY,v2026-08-11,2026-03-21..2026-08-06,baccarat_bet02_101_all_pairs_incl_sentinel,round_win = game_pnl > 0 (decisive only),COMPATIBILITY_ONLY_NOT_PRODUCTION,106707.5342,95075.1759,6638.5039,1274,1273,-0.06221214,,-0.06221214,-0.06221214,-6638.5039,106707.5342,OK,0.0000,265.5402,4.0000,96.0000,AG03-UNRESOLVED,ALL5_LEVELS_bet23_to_bet27,265.5402,265.5402,331.9252,0.0000,0.0000,4.000000,4.000000,5.000000,0.000000,0.000000,96.000000,96.000000,95.000000,100.000000,100.000000,5.0,863.0055,826.361,5775.4984,5812.1429,PENDING_AG03,FALSE,NOT_FOR_ENFORCEMENT,6372.9637,91272.1688,6638.5039,6372.9637,265.5402,0.06221214,0.05972365,265.5402,6372.9637,0.05972365,265.5402,265.5402,331.9252,0.0000,0.0000,6372.9637,0.05972365,863.0055,826.361,5775.4984,5812.1429,0.05412456,0.05446797,0.00248849,83.7579,74.6859,5.2148,265.5402,16.3108,4268.3014,50.9200,,83.7579,52.3519,78.5279,109.939,141.1146,183.2317,261.7596,73.2927,0.0,2.333333,3.333333,1.066601,30,136,60,3,0E-8,0.06221214,,0E-8,0.000000,0.890988,0.000000,,2026-03-21,2026-06-26,25,407,206,98,0.255102,,,0.000000,,,,,,,,GLOBAL_BASELINE_NO_ENTITY_RANKING,,,NOT_APPLICABLE_GLOBAL_BASELINE,HF9g-P5,,,,X 全窗基线 · 不参与实体赏罚,14192016,1420,A168_HF9F_20260827_0900,2026-08-27 09:00:00
2026-04-02,112874672,2101,0,209.4076381437,-130.8797738398,-130.8797738398,0E-7,3,3,0.50218230000000000,0.502182300000,-1.4203995680682369,-1.4203995680682369,-1.4203995680682369,0E-17,ELIGIBLE,R03b_20260811_FULL_v1,L1_ELIGIBILITY,v2026-08-11,2026-03-21..2026-08-06,baccarat_bet02_101_all_pairs_incl_sentinel,round_win = game_pnl > 0 (decisive only),COMPATIBILITY_ONLY_NOT_PRODUCTION,106707.5342,95075.1759,6638.5039,1274,1273,-0.06221214,,-0.06221214,-0.06221214,-6638.5039,106707.5342,OK,0.0000,265.5402,4.0000,96.0000,AG03-UNRESOLVED,ALL5_LEVELS_bet23_to_bet27,265.5402,265.5402,331.9252,0.0000,0.0000,4.000000,4.000000,5.000000,0.000000,0.000000,96.000000,96.000000,95.000000,100.000000,100.000000,5.0,863.0055,826.361,5775.4984,5812.1429,PENDING_AG03,FALSE,NOT_FOR_ENFORCEMENT,6372.9637,91272.1688,6638.5039,6372.9637,265.5402,0.06221214,0.05972365,265.5402,6372.9637,0.05972365,265.5402,265.5402,331.9252,0.0000,0.0000,6372.9637,0.05972365,863.0055,826.361,5775.4984,5812.1429,0.05412456,0.05446797,0.00248849,83.7579,74.6859,5.2148,265.5402,16.3108,4268.3014,50.9200,,83.7579,52.3519,78.5279,109.939,141.1146,183.2317,261.7596,73.2927,0.0,2.333333,3.333333,1.066601,30,136,60,3,0E-8,0.06221214,,0E-8,0.000000,0.890988,0.000000,,2026-03-21,2026-06-26,25,407,206,98,0.255102,,,0.000000,,,,,,,,GLOBAL_BASELINE_NO_ENTITY_RANKING,,,NOT_APPLICABLE_GLOBAL_BASELINE,HF9g-P5,,,,X 全窗基线 · 不参与实体赏罚,14192017,1420,A168_HF9F_20260827_0900,2026-08-27 09:00:00
2026-04-02,112874672,2115,0,1533.9109494021,-659.6340601524,-659.6340601524,0.2500000,9,9,0.49771390000000000,0.497713900000,-1.4012960750061008,-1.401296075006101,-1.4012960750061008,0E-17,ELIGIBLE,R03b_20260811_FULL_v1,L1_ELIGIBILITY,v2026-08-11,2026-03-21..2026-08-06,baccarat_bet02_101_all_pairs_incl_sentinel,round_win = game_pnl > 0 (decisive only),COMPATIBILITY_ONLY_NOT_PRODUCTION,106707.5342,95075.1759,6638.5039,1274,1273,-0.06221214,,-0.06221214,-0.06221214,-6638.5039,106707.5342,OK,0.0000,265.5402,4.0000,96.0000,AG03-UNRESOLVED,ALL5_LEVELS_bet23_to_bet27,265.5402,265.5402,331.9252,0.0000,0.0000,4.000000,4.000000,5.000000,0.000000,0.000000,96.000000,96.000000,95.000000,100.000000,100.000000,5.0,863.0055,826.361,5775.4984,5812.1429,PENDING_AG03,FALSE,NOT_FOR_ENFORCEMENT,6372.9637,91272.1688,6638.5039,6372.9637,265.5402,0.06221214,0.05972365,265.5402,6372.9637,0.05972365,265.5402,265.5402,331.9252,0.0000,0.0000,6372.9637,0.05972365,863.0055,826.361,5775.4984,5812.1429,0.05412456,0.05446797,0.00248849,83.7579,74.6859,5.2148,265.5402,16.3108,4268.3014,50.9200,,83.7579,52.3519,78.5279,109.939,141.1146,183.2317,261.7596,73.2927,0.0,2.333333,3.333333,1.066601,30,136,60,3,0E-8,0.06221214,,0E-8,0.000000,0.890988,0.000000,,2026-03-21,2026-06-26,25,407,206,98,0.255102,,,0.000000,,,,,,,,GLOBAL_BASELINE_NO_ENTITY_RANKING,,,NOT_APPLICABLE_GLOBAL_BASELINE,HF9g-P5,,,,X 全窗基线 · 不参与实体赏罚,14192018,1420,A168_HF9F_20260827_0900,2026-08-27 09:00:00
2026-04-02,112874672,2117,0,277.4651205404,10.4703819073,10.4703819073,0.6666667,4,4,0.49994810000000000,0.499948100000,0.5775300591747329,0.5775300591747329,0.5775300591747329,0E-17,ELIGIBLE,R03b_20260811_FULL_v1,L1_ELIGIBILITY,v2026-08-11,2026-03-21..2026-08-06,baccarat_bet02_101_all_pairs_incl_sentinel,round_win = game_pnl > 0 (decisive only),COMPATIBILITY_ONLY_NOT_PRODUCTION,106707.5342,95075.1759,6638.5039,1274,1273,-0.06221214,,-0.06221214,-0.06221214,-6638.5039,106707.5342,OK,0.0000,265.5402,4.0000,96.0000,AG03-UNRESOLVED,ALL5_LEVELS_bet23_to_bet27,265.5402,265.5402,331.9252,0.0000,0.0000,4.000000,4.000000,5.000000,0.000000,0.000000,96.000000,96.000000,95.000000,100.000000,100.000000,5.0,863.0055,826.361,5775.4984,5812.1429,PENDING_AG03,FALSE,NOT_FOR_ENFORCEMENT,6372.9637,91272.1688,6638.5039,6372.9637,265.5402,0.06221214,0.05972365,265.5402,6372.9637,0.05972365,265.5402,265.5402,331.9252,0.0000,0.0000,6372.9637,0.05972365,863.0055,826.361,5775.4984,5812.1429,0.05412456,0.05446797,0.00248849,83.7579,74.6859,5.2148,265.5402,16.3108,4268.3014,50.9200,,83.7579,52.3519,78.5279,109.939,141.1146,183.2317,261.7596,73.2927,0.0,2.333333,3.333333,1.066601,30,136,60,3,0E-8,0.06221214,,0E-8,0.000000,0.890988,0.000000,,2026-03-21,2026-06-26,25,407,206,98,0.255102,,,0.000000,,,,,,,,GLOBAL_BASELINE_NO_ENTITY_RANKING,,,NOT_APPLICABLE_GLOBAL_BASELINE,HF9g-P5,,,,X 全窗基线 · 不参与实体赏罚,14192019,1420,A168_HF9F_20260827_0900,2026-08-27 09:00:00
2026-04-02,112874672,2121,0,41.8815276288,41.8815276288,41.8815276288,1.0000000,2,2,0.49324550000000000,0.493245500000,1.4334489766152358,1.4334489766152358,1.4334489766152358,0E-17,ELIGIBLE,R03b_20260811_FULL_v1,L1_ELIGIBILITY,v2026-08-11,2026-03-21..2026-08-06,baccarat_bet02_101_all_pairs_incl_sentinel,round_win = game_pnl > 0 (decisive only),COMPATIBILITY_ONLY_NOT_PRODUCTION,106707.5342,95075.1759,6638.5039,1274,1273,-0.06221214,,-0.06221214,-0.06221214,-6638.5039,106707.5342,OK,0.0000,265.5402,4.0000,96.0000,AG03-UNRESOLVED,ALL5_LEVELS_bet23_to_bet27,265.5402,265.5402,331.9252,0.0000,0.0000,4.000000,4.000000,5.000000,0.000000,0.000000,96.000000,96.000000,95.000000,100.000000,100.000000,5.0,863.0055,826.361,5775.4984,5812.1429,PENDING_AG03,FALSE,NOT_FOR_ENFORCEMENT,6372.9637,91272.1688,6638.5039,6372.9637,265.5402,0.06221214,0.05972365,265.5402,6372.9637,0.05972365,265.5402,265.5402,331.9252,0.0000,0.0000,6372.9637,0.05972365,863.0055,826.361,5775.4984,5812.1429,0.05412456,0.05446797,0.00248849,83.7579,74.6859,5.2148,265.5402,16.3108,4268.3014,50.9200,,83.7579,52.3519,78.5279,109.939,141.1146,183.2317,261.7596,73.2927,0.0,2.333333,3.333333,1.066601,30,136,60,3,0E-8,0.06221214,,0E-8,0.000000,0.890988,0.000000,,2026-03-21,2026-06-26,25,407,206,98,0.255102,,,0.000000,,,,,,,,GLOBAL_BASELINE_NO_ENTITY_RANKING,,,NOT_APPLICABLE_GLOBAL_BASELINE,HF9g-P5,,,,X 全窗基线 · 不参与实体赏罚,14192020,1420,A168_HF9F_20260827_0900,2026-08-27 09:00:00
2026-04-02,112874672,2141,0,290.2913383767,-137.1620029841,-137.1620029841,0.2500000,4,4,0.49994810000000000,0.499948100000,-0.9997924053861017,-0.9997924053861017,-0.9997924053861017,0E-17,ELIGIBLE,R03b_20260811_FULL_v1,L1_ELIGIBILITY,v2026-08-11,2026-03-21..2026-08-06,baccarat_bet02_101_all_pairs_incl_sentinel,round_win = game_pnl > 0 (decisive only),COMPATIBILITY_ONLY_NOT_PRODUCTION,106707.5342,95075.1759,6638.5039,1274,1273,-0.06221214,,-0.06221214,-0.06221214,-6638.5039,106707.5342,OK,0.0000,265.5402,4.0000,96.0000,AG03-UNRESOLVED,ALL5_LEVELS_bet23_to_bet27,265.5402,265.5402,331.9252,0.0000,0.0000,4.000000,4.000000,5.000000,0.000000,0.000000,96.000000,96.000000,95.000000,100.000000,100.000000,5.0,863.0055,826.361,5775.4984,5812.1429,PENDING_AG03,FALSE,NOT_FOR_ENFORCEMENT,6372.9637,91272.1688,6638.5039,6372.9637,265.5402,0.06221214,0.05972365,265.5402,6372.9637,0.05972365,265.5402,265.5402,331.9252,0.0000,0.0000,6372.9637,0.05972365,863.0055,826.361,5775.4984,5812.1429,0.05412456,0.05446797,0.00248849,83.7579,74.6859,5.2148,265.5402,16.3108,4268.3014,50.9200,,83.7579,52.3519,78.5279,109.939,141.1146,183.2317,261.7596,73.2927,0.0,2.333333,3.333333,1.066601,30,136,60,3,0E-8,0.06221214,,0E-8,0.000000,0.890988,0.000000,,2026-03-21,2026-06-26,25,407,206,98,0.255102,,,0.000000,,,,,,,,GLOBAL_BASELINE_NO_ENTITY_RANKING,,,NOT_APPLICABLE_GLOBAL_BASELINE,HF9g-P5,,,,X 全窗基线 · 不参与实体赏罚,14192021,1420,A168_HF9F_20260827_0900,2026-08-27 09:00:00
2026-04-02,112874672,2153,0,355.9929848442,185.0640002094,185.0640002094,0.6666667,3,3,0.50665070000000000,0.506650700000,0.5543606114942035,0.5543606114942035,0.5543606114942035,0E-17,ELIGIBLE,R03b_20260811_FULL_v1,L1_ELIGIBILITY,v2026-08-11,2026-03-21..2026-08-06,baccarat_bet02_101_all_pairs_incl_sentinel,round_win = game_pnl > 0 (decisive only),COMPATIBILITY_ONLY_NOT_PRODUCTION,106707.5342,95075.1759,6638.5039,1274,1273,-0.06221214,,-0.06221214,-0.06221214,-6638.5039,106707.5342,OK,0.0000,265.5402,4.0000,96.0000,AG03-UNRESOLVED,ALL5_LEVELS_bet23_to_bet27,265.5402,265.5402,331.9252,0.0000,0.0000,4.000000,4.000000,5.000000,0.000000,0.000000,96.000000,96.000000,95.000000,100.000000,100.000000,5.0,863.0055,826.361,5775.4984,5812.1429,PENDING_AG03,FALSE,NOT_FOR_ENFORCEMENT,6372.9637,91272.1688,6638.5039,6372.9637,265.5402,0.06221214,0.05972365,265.5402,6372.9637,0.05972365,265.5402,265.5402,331.9252,0.0000,0.0000,6372.9637,0.05972365,863.0055,826.361,5775.4984,5812.1429,0.05412456,0.05446797,0.00248849,83.7579,74.6859,5.2148,265.5402,16.3108,4268.3014,50.9200,,83.7579,52.3519,78.5279,109.939,141.1146,183.2317,261.7596,73.2927,0.0,2.333333,3.333333,1.066601,30,136,60,3,0E-8,0.06221214,,0E-8,0.000000,0.890988,0.000000,,2026-03-21,2026-06-26,25,407,206,98,0.255102,,,0.000000,,,,,,,,GLOBAL_BASELINE_NO_ENTITY_RANKING,,,NOT_APPLICABLE_GLOBAL_BASELINE,HF9g-P5,,,,X 全窗基线 · 不参与实体赏罚,14192022,1420,A168_HF9F_20260827_0900,2026-08-27 09:00:00
2026-04-02,112874672,2167,0,209.4076381437,-209.4076381437,-209.4076381437,0E-7,2,2,0.49324550000000000,0.493245500000,-1.3952362676504506,-1.3952362676504506,-1.3952362676504506,0E-17,ELIGIBLE,R03b_20260811_FULL_v1,L1_ELIGIBILITY,v2026-08-11,2026-03-21..2026-08-06,baccarat_bet02_101_all_pairs_incl_sentinel,round_win = game_pnl > 0 (decisive only),COMPATIBILITY_ONLY_NOT_PRODUCTION,106707.5342,95075.1759,6638.5039,1274,1273,-0.06221214,,-0.06221214,-0.06221214,-6638.5039,106707.5342,OK,0.0000,265.5402,4.0000,96.0000,AG03-UNRESOLVED,ALL5_LEVELS_bet23_to_bet27,265.5402,265.5402,331.9252,0.0000,0.0000,4.000000,4.000000,5.000000,0.000000,0.000000,96.000000,96.000000,95.000000,100.000000,100.000000,5.0,863.0055,826.361,5775.4984,5812.1429,PENDING_AG03,FALSE,NOT_FOR_ENFORCEMENT,6372.9637,91272.1688,6638.5039,6372.9637,265.5402,0.06221214,0.05972365,265.5402,6372.9637,0.05972365,265.5402,265.5402,331.9252,0.0000,0.0000,6372.9637,0.05972365,863.0055,826.361,5775.4984,5812.1429,0.05412456,0.05446797,0.00248849,83.7579,74.6859,5.2148,265.5402,16.3108,4268.3014,50.9200,,83.7579,52.3519,78.5279,109.939,141.1146,183.2317,261.7596,73.2927,0.0,2.333333,3.333333,1.066601,30,136,60,3,0E-8,0.06221214,,0E-8,0.000000,0.890988,0.000000,,2026-03-21,2026-06-26,25,407,206,98,0.255102,,,0.000000,,,,,,,,GLOBAL_BASELINE_NO_ENTITY_RANKING,,,NOT_APPLICABLE_GLOBAL_BASELINE,HF9g-P5,,,,X 全窗基线 · 不参与实体赏罚,14192023,1420,A168_HF9F_20260827_0900,2026-08-27 09:00:00
2026-04-02,112874672,2170,0,371.6985577050,46.8549590346,46.8549590346,0.5000000,4,4,0.49994810000000000,0.499948100000,0.00020760000111838688,0.00020760000111838688,0.00020760000111838688,0E-17,ELIGIBLE,R03b_20260811_FULL_v1,L1_ELIGIBILITY,v2026-08-11,2026-03-21..2026-08-06,baccarat_bet02_101_all_pairs_incl_sentinel,round_win = game_pnl > 0 (decisive only),COMPATIBILITY_ONLY_NOT_PRODUCTION,106707.5342,95075.1759,6638.5039,1274,1273,-0.06221214,,-0.06221214,-0.06221214,-6638.5039,106707.5342,OK,0.0000,265.5402,4.0000,96.0000,AG03-UNRESOLVED,ALL5_LEVELS_bet23_to_bet27,265.5402,265.5402,331.9252,0.0000,0.0000,4.000000,4.000000,5.000000,0.000000,0.000000,96.000000,96.000000,95.000000,100.000000,100.000000,5.0,863.0055,826.361,5775.4984,5812.1429,PENDING_AG03,FALSE,NOT_FOR_ENFORCEMENT,6372.9637,91272.1688,6638.5039,6372.9637,265.5402,0.06221214,0.05972365,265.5402,6372.9637,0.05972365,265.5402,265.5402,331.9252,0.0000,0.0000,6372.9637,0.05972365,863.0055,826.361,5775.4984,5812.1429,0.05412456,0.05446797,0.00248849,83.7579,74.6859,5.2148,265.5402,16.3108,4268.3014,50.9200,,83.7579,52.3519,78.5279,109.939,141.1146,183.2317,261.7596,73.2927,0.0,2.333333,3.333333,1.066601,30,136,60,3,0E-8,0.06221214,,0E-8,0.000000,0.890988,0.000000,,2026-03-21,2026-06-26,25,407,206,98,0.255102,,,0.000000,,,,,,,,GLOBAL_BASELINE_NO_ENTITY_RANKING,,,NOT_APPLICABLE_GLOBAL_BASELINE,HF9g-P5,,,,X 全窗基线 · 不参与实体赏罚,14192024,1420,A168_HF9F_20260827_0900,2026-08-27 09:00:00
2026-04-02,112874672,2171,0,3027.2491689140,825.1969740598,825.1969740598,0.7142857,24,24,0.49827245000000000,0.498272450000,1.9798060866242493,1.9798060866242493,1.9798060866242493,0E-17,ELIGIBLE,R03b_20260811_FULL_v1,L1_ELIGIBILITY,v2026-08-11,2026-03-21..2026-08-06,baccarat_bet02_101_all_pairs_incl_sentinel,round_win = game_pnl > 0 (decisive only),COMPATIBILITY_ONLY_NOT_PRODUCTION,106707.5342,95075.1759,6638.5039,1274,1273,-0.06221214,,-0.06221214,-0.06221214,-6638.5039,106707.5342,OK,0.0000,265.5402,4.0000,96.0000,AG03-UNRESOLVED,ALL5_LEVELS_bet23_to_bet27,265.5402,265.5402,331.9252,0.0000,0.0000,4.000000,4.000000,5.000000,0.000000,0.000000,96.000000,96.000000,95.000000,100.000000,100.000000,5.0,863.0055,826.361,5775.4984,5812.1429,PENDING_AG03,FALSE,NOT_FOR_ENFORCEMENT,6372.9637,91272.1688,6638.5039,6372.9637,265.5402,0.06221214,0.05972365,265.5402,6372.9637,0.05972365,265.5402,265.5402,331.9252,0.0000,0.0000,6372.9637,0.05972365,863.0055,826.361,5775.4984,5812.1429,0.05412456,0.05446797,0.00248849,83.7579,74.6859,5.2148,265.5402,16.3108,4268.3014,50.9200,,83.7579,52.3519,78.5279,109.939,141.1146,183.2317,261.7596,73.2927,0.0,2.333333,3.333333,1.066601,30,136,60,3,0E-8,0.06221214,,0E-8,0.000000,0.890988,0.000000,,2026-03-21,2026-06-26,25,407,206,98,0.255102,,,0.000000,,,,,,,,GLOBAL_BASELINE_NO_ENTITY_RANKING,,,NOT_APPLICABLE_GLOBAL_BASELINE,HF9g-P5,,,,X 全窗基线 · 不参与实体赏罚,14192025,1420,A168_HF9F_20260827_0900,2026-08-27 09:00:00
2026-04-02,112874672,2175,0,630.8405099077,175.3788969454,175.3788969454,0.7500000,5,5,0.49592654000000000,0.495926540000,1.0163275685615971,1.0163275685615971,1.0163275685615971,0E-17,ELIGIBLE,R03b_20260811_FULL_v1,L1_ELIGIBILITY,v2026-08-11,2026-03-21..2026-08-06,baccarat_bet02_101_all_pairs_incl_sentinel,round_win = game_pnl > 0 (decisive only),COMPATIBILITY_ONLY_NOT_PRODUCTION,106707.5342,95075.1759,6638.5039,1274,1273,-0.06221214,,-0.06221214,-0.06221214,-6638.5039,106707.5342,OK,0.0000,265.5402,4.0000,96.0000,AG03-UNRESOLVED,ALL5_LEVELS_bet23_to_bet27,265.5402,265.5402,331.9252,0.0000,0.0000,4.000000,4.000000,5.000000,0.000000,0.000000,96.000000,96.000000,95.000000,100.000000,100.000000,5.0,863.0055,826.361,5775.4984,5812.1429,PENDING_AG03,FALSE,NOT_FOR_ENFORCEMENT,6372.9637,91272.1688,6638.5039,6372.9637,265.5402,0.06221214,0.05972365,265.5402,6372.9637,0.05972365,265.5402,265.5402,331.9252,0.0000,0.0000,6372.9637,0.05972365,863.0055,826.361,5775.4984,5812.1429,0.05412456,0.05446797,0.00248849,83.7579,74.6859,5.2148,265.5402,16.3108,4268.3014,50.9200,,83.7579,52.3519,78.5279,109.939,141.1146,183.2317,261.7596,73.2927,0.0,2.333333,3.333333,1.066601,30,136,60,3,0E-8,0.06221214,,0E-8,0.000000,0.890988,0.000000,,2026-03-21,2026-06-26,25,407,206,98,0.255102,,,0.000000,,,,,,,,GLOBAL_BASELINE_NO_ENTITY_RANKING,,,NOT_APPLICABLE_GLOBAL_BASELINE,HF9g-P5,,,,X 全窗基线 · 不参与实体赏罚,14192026,1420,A168_HF9F_20260827_0900,2026-08-27 09:00:00
2026-04-02,112874672,2188,0,759.1026882707,-392.6393215193,-392.6393215193,0.1666667,6,6,0.49771390000000000,0.497713900000,-1.6218105569273533,-1.6218105569273533,-1.6218105569273533,0E-17,ELIGIBLE,R03b_20260811_FULL_v1,L1_ELIGIBILITY,v2026-08-11,2026-03-21..2026-08-06,baccarat_bet02_101_all_pairs_incl_sentinel,round_win = game_pnl > 0 (decisive only),COMPATIBILITY_ONLY_NOT_PRODUCTION,106707.5342,95075.1759,6638.5039,1274,1273,-0.06221214,,-0.06221214,-0.06221214,-6638.5039,106707.5342,OK,0.0000,265.5402,4.0000,96.0000,AG03-UNRESOLVED,ALL5_LEVELS_bet23_to_bet27,265.5402,265.5402,331.9252,0.0000,0.0000,4.000000,4.000000,5.000000,0.000000,0.000000,96.000000,96.000000,95.000000,100.000000,100.000000,5.0,863.0055,826.361,5775.4984,5812.1429,PENDING_AG03,FALSE,NOT_FOR_ENFORCEMENT,6372.9637,91272.1688,6638.5039,6372.9637,265.5402,0.06221214,0.05972365,265.5402,6372.9637,0.05972365,265.5402,265.5402,331.9252,0.0000,0.0000,6372.9637,0.05972365,863.0055,826.361,5775.4984,5812.1429,0.05412456,0.05446797,0.00248849,83.7579,74.6859,5.2148,265.5402,16.3108,4268.3014,50.9200,,83.7579,52.3519,78.5279,109.939,141.1146,183.2317,261.7596,73.2927,0.0,2.333333,3.333333,1.066601,30,136,60,3,0E-8,0.06221214,,0E-8,0.000000,0.890988,0.000000,,2026-03-21,2026-06-26,25,407,206,98,0.255102,,,0.000000,,,,,,,,GLOBAL_BASELINE_NO_ENTITY_RANKING,,,NOT_APPLICABLE_GLOBAL_BASELINE,HF9g-P5,,,,X 全窗基线 · 不参与实体赏罚,14192027,1420,A168_HF9F_20260827_0900,2026-08-27 09:00:00
2026-04-02,112874672,2216,0,1081.0669319167,199.1990157841,199.1990157841,0.7000000,11,11,0.50055742727272727,0.500557427273,1.2613863683331403,1.2613863683314164,1.2613863683331403,-2.7273E-13,ELIGIBLE,R03b_20260811_FULL_v1,L1_ELIGIBILITY,v2026-08-11,2026-03-21..2026-08-06,baccarat_bet02_101_all_pairs_incl_sentinel,round_win = game_pnl > 0 (decisive only),COMPATIBILITY_ONLY_NOT_PRODUCTION,106707.5342,95075.1759,6638.5039,1274,1273,-0.06221214,,-0.06221214,-0.06221214,-6638.5039,106707.5342,OK,0.0000,265.5402,4.0000,96.0000,AG03-UNRESOLVED,ALL5_LEVELS_bet23_to_bet27,265.5402,265.5402,331.9252,0.0000,0.0000,4.000000,4.000000,5.000000,0.000000,0.000000,96.000000,96.000000,95.000000,100.000000,100.000000,5.0,863.0055,826.361,5775.4984,5812.1429,PENDING_AG03,FALSE,NOT_FOR_ENFORCEMENT,6372.9637,91272.1688,6638.5039,6372.9637,265.5402,0.06221214,0.05972365,265.5402,6372.9637,0.05972365,265.5402,265.5402,331.9252,0.0000,0.0000,6372.9637,0.05972365,863.0055,826.361,5775.4984,5812.1429,0.05412456,0.05446797,0.00248849,83.7579,74.6859,5.2148,265.5402,16.3108,4268.3014,50.9200,,83.7579,52.3519,78.5279,109.939,141.1146,183.2317,261.7596,73.2927,0.0,2.333333,3.333333,1.066601,30,136,60,3,0E-8,0.06221214,,0E-8,0.000000,0.890988,0.000000,,2026-03-21,2026-06-26,25,407,206,98,0.255102,,,0.000000,,,,,,,,GLOBAL_BASELINE_NO_ENTITY_RANKING,,,NOT_APPLICABLE_GLOBAL_BASELINE,HF9g-P5,,,,X 全窗基线 · 不参与实体赏罚,14192028,1420,A168_HF9F_20260827_0900,2026-08-27 09:00:00
2026-04-02,112874672,2218,0,209.4076381437,-52.3519095359,-52.3519095359,0.5000000,2,2,0.49994810000000000,0.499948100000,0.00014679536856514622,0.00014679536856514622,0.00014679536856514622,0E-17,ELIGIBLE,R03b_20260811_FULL_v1,L1_ELIGIBILITY,v2026-08-11,2026-03-21..2026-08-06,baccarat_bet02_101_all_pairs_incl_sentinel,round_win = game_pnl > 0 (decisive only),COMPATIBILITY_ONLY_NOT_PRODUCTION,106707.5342,95075.1759,6638.5039,1274,1273,-0.06221214,,-0.06221214,-0.06221214,-6638.5039,106707.5342,OK,0.0000,265.5402,4.0000,96.0000,AG03-UNRESOLVED,ALL5_LEVELS_bet23_to_bet27,265.5402,265.5402,331.9252,0.0000,0.0000,4.000000,4.000000,5.000000,0.000000,0.000000,96.000000,96.000000,95.000000,100.000000,100.000000,5.0,863.0055,826.361,5775.4984,5812.1429,PENDING_AG03,FALSE,NOT_FOR_ENFORCEMENT,6372.9637,91272.1688,6638.5039,6372.9637,265.5402,0.06221214,0.05972365,265.5402,6372.9637,0.05972365,265.5402,265.5402,331.9252,0.0000,0.0000,6372.9637,0.05972365,863.0055,826.361,5775.4984,5812.1429,0.05412456,0.05446797,0.00248849,83.7579,74.6859,5.2148,265.5402,16.3108,4268.3014,50.9200,,83.7579,52.3519,78.5279,109.939,141.1146,183.2317,261.7596,73.2927,0.0,2.333333,3.333333,1.066601,30,136,60,3,0E-8,0.06221214,,0E-8,0.000000,0.890988,0.000000,,2026-03-21,2026-06-26,25,407,206,98,0.255102,,,0.000000,,,,,,,,GLOBAL_BASELINE_NO_ENTITY_RANKING,,,NOT_APPLICABLE_GLOBAL_BASELINE,HF9g-P5,,,,X 全窗基线 · 不参与实体赏罚,14192029,1420,A168_HF9F_20260827_0900,2026-08-27 09:00:00
2026-04-02,112874672,2223,0,3232.7304138424,-905.6880349711,-905.6880349711,0.3636364,26,26,0.50046368461538462,0.500463684615,-1.2835545973262195,-1.2835545973226106,-1.2835545973262195,3.8462E-13,ELIGIBLE,R03b_20260811_FULL_v1,L1_ELIGIBILITY,v2026-08-11,2026-03-21..2026-08-06,baccarat_bet02_101_all_pairs_incl_sentinel,round_win = game_pnl > 0 (decisive only),COMPATIBILITY_ONLY_NOT_PRODUCTION,106707.5342,95075.1759,6638.5039,1274,1273,-0.06221214,,-0.06221214,-0.06221214,-6638.5039,106707.5342,OK,0.0000,265.5402,4.0000,96.0000,AG03-UNRESOLVED,ALL5_LEVELS_bet23_to_bet27,265.5402,265.5402,331.9252,0.0000,0.0000,4.000000,4.000000,5.000000,0.000000,0.000000,96.000000,96.000000,95.000000,100.000000,100.000000,5.0,863.0055,826.361,5775.4984,5812.1429,PENDING_AG03,FALSE,NOT_FOR_ENFORCEMENT,6372.9637,91272.1688,6638.5039,6372.9637,265.5402,0.06221214,0.05972365,265.5402,6372.9637,0.05972365,265.5402,265.5402,331.9252,0.0000,0.0000,6372.9637,0.05972365,863.0055,826.361,5775.4984,5812.1429,0.05412456,0.05446797,0.00248849,83.7579,74.6859,5.2148,265.5402,16.3108,4268.3014,50.9200,,83.7579,52.3519,78.5279,109.939,141.1146,183.2317,261.7596,73.2927,0.0,2.333333,3.333333,1.066601,30,136,60,3,0E-8,0.06221214,,0E-8,0.000000,0.890988,0.000000,,2026-03-21,2026-06-26,25,407,206,98,0.255102,,,0.000000,,,,,,,,GLOBAL_BASELINE_NO_ENTITY_RANKING,,,NOT_APPLICABLE_GLOBAL_BASELINE,HF9g-P5,,,,X 全窗基线 · 不参与实体赏罚,14192030,1420,A168_HF9F_20260827_0900,2026-08-27 09:00:00
2026-04-02,112874672,2224,0,916.1584168783,-392.6393215193,-392.6393215193,0.2500000,4,4,0.49994810000000000,0.499948100000,-0.9997924053861017,-0.9997924053861017,-0.9997924053861017,0E-17,ELIGIBLE,R03b_20260811_FULL_v1,L1_ELIGIBILITY,v2026-08-11,2026-03-21..2026-08-06,baccarat_bet02_101_all_pairs_incl_sentinel,round_win = game_pnl > 0 (decisive only),COMPATIBILITY_ONLY_NOT_PRODUCTION,106707.5342,95075.1759,6638.5039,1274,1273,-0.06221214,,-0.06221214,-0.06221214,-6638.5039,106707.5342,OK,0.0000,265.5402,4.0000,96.0000,AG03-UNRESOLVED,ALL5_LEVELS_bet23_to_bet27,265.5402,265.5402,331.9252,0.0000,0.0000,4.000000,4.000000,5.000000,0.000000,0.000000,96.000000,96.000000,95.000000,100.000000,100.000000,5.0,863.0055,826.361,5775.4984,5812.1429,PENDING_AG03,FALSE,NOT_FOR_ENFORCEMENT,6372.9637,91272.1688,6638.5039,6372.9637,265.5402,0.06221214,0.05972365,265.5402,6372.9637,0.05972365,265.5402,265.5402,331.9252,0.0000,0.0000,6372.9637,0.05972365,863.0055,826.361,5775.4984,5812.1429,0.05412456,0.05446797,0.00248849,83.7579,74.6859,5.2148,265.5402,16.3108,4268.3014,50.9200,,83.7579,52.3519,78.5279,109.939,141.1146,183.2317,261.7596,73.2927,0.0,2.333333,3.333333,1.066601,30,136,60,3,0E-8,0.06221214,,0E-8,0.000000,0.890988,0.000000,,2026-03-21,2026-06-26,25,407,206,98,0.255102,,,0.000000,,,,,,,,GLOBAL_BASELINE_NO_ENTITY_RANKING,,,NOT_APPLICABLE_GLOBAL_BASELINE,HF9g-P5,,,,X 全窗基线 · 不参与实体赏罚,14192031,1420,A168_HF9F_20260827_0900,2026-08-27 09:00:00
2026-04-02,112874672,2233,0,2575.7139491668,90.3070439494,90.3070439494,0.4761905,23,23,0.50082235217391304,0.500822352174,-0.22575517774572665,-0.2257551777465237,-0.22575517774572665,-8.696E-14,ELIGIBLE,R03b_20260811_FULL_v1,L1_ELIGIBILITY,v2026-08-11,2026-03-21..2026-08-06,baccarat_bet02_101_all_pairs_incl_sentinel,round_win = game_pnl > 0 (decisive only),COMPATIBILITY_ONLY_NOT_PRODUCTION,106707.5342,95075.1759,6638.5039,1274,1273,-0.06221214,,-0.06221214,-0.06221214,-6638.5039,106707.5342,OK,0.0000,265.5402,4.0000,96.0000,AG03-UNRESOLVED,ALL5_LEVELS_bet23_to_bet27,265.5402,265.5402,331.9252,0.0000,0.0000,4.000000,4.000000,5.000000,0.000000,0.000000,96.000000,96.000000,95.000000,100.000000,100.000000,5.0,863.0055,826.361,5775.4984,5812.1429,PENDING_AG03,FALSE,NOT_FOR_ENFORCEMENT,6372.9637,91272.1688,6638.5039,6372.9637,265.5402,0.06221214,0.05972365,265.5402,6372.9637,0.05972365,265.5402,265.5402,331.9252,0.0000,0.0000,6372.9637,0.05972365,863.0055,826.361,5775.4984,5812.1429,0.05412456,0.05446797,0.00248849,83.7579,74.6859,5.2148,265.5402,16.3108,4268.3014,50.9200,,83.7579,52.3519,78.5279,109.939,141.1146,183.2317,261.7596,73.2927,0.0,2.333333,3.333333,1.066601,30,136,60,3,0E-8,0.06221214,,0E-8,0.000000,0.890988,0.000000,,2026-03-21,2026-06-26,25,407,206,98,0.255102,,,0.000000,,,,,,,,GLOBAL_BASELINE_NO_ENTITY_RANKING,,,NOT_APPLICABLE_GLOBAL_BASELINE,HF9g-P5,,,,X 全窗基线 · 不参与实体赏罚,14192032,1420,A168_HF9F_20260827_0900,2026-08-27 09:00:00
2026-04-02,112874672,2250,0,1020.8622359501,227.7308064811,227.7308064811,0.7142857,8,8,0.49827245000000000,0.498272450000,1.14304157705577,1.14304157705577,1.14304157705577,0E-17,ELIGIBLE,R03b_20260811_FULL_v1,L1_ELIGIBILITY,v2026-08-11,2026-03-21..2026-08-06,baccarat_bet02_101_all_pairs_incl_sentinel,round_win = game_pnl > 0 (decisive only),COMPATIBILITY_ONLY_NOT_PRODUCTION,106707.5342,95075.1759,6638.5039,1274,1273,-0.06221214,,-0.06221214,-0.06221214,-6638.5039,106707.5342,OK,0.0000,265.5402,4.0000,96.0000,AG03-UNRESOLVED,ALL5_LEVELS_bet23_to_bet27,265.5402,265.5402,331.9252,0.0000,0.0000,4.000000,4.000000,5.000000,0.000000,0.000000,96.000000,96.000000,95.000000,100.000000,100.000000,5.0,863.0055,826.361,5775.4984,5812.1429,PENDING_AG03,FALSE,NOT_FOR_ENFORCEMENT,6372.9637,91272.1688,6638.5039,6372.9637,265.5402,0.06221214,0.05972365,265.5402,6372.9637,0.05972365,265.5402,265.5402,331.9252,0.0000,0.0000,6372.9637,0.05972365,863.0055,826.361,5775.4984,5812.1429,0.05412456,0.05446797,0.00248849,83.7579,74.6859,5.2148,265.5402,16.3108,4268.3014,50.9200,,83.7579,52.3519,78.5279,109.939,141.1146,183.2317,261.7596,73.2927,0.0,2.333333,3.333333,1.066601,30,136,60,3,0E-8,0.06221214,,0E-8,0.000000,0.890988,0.000000,,2026-03-21,2026-06-26,25,407,206,98,0.255102,,,0.000000,,,,,,,,GLOBAL_BASELINE_NO_ENTITY_RANKING,,,NOT_APPLICABLE_GLOBAL_BASELINE,HF9g-P5,,,,X 全窗基线 · 不参与实体赏罚,14192033,1420,A168_HF9F_20260827_0900,2026-08-27 09:00:00
2026-04-02,112874672,2251,0,1159.5947962203,-465.9319948696,-465.9319948696,0.2000000,6,6,0.50218230000000000,0.502182300000,-1.351413200886205,-1.351413200886205,-1.351413200886205,0E-17,ELIGIBLE,R03b_20260811_FULL_v1,L1_ELIGIBILITY,v2026-08-11,2026-03-21..2026-08-06,baccarat_bet02_101_all_pairs_incl_sentinel,round_win = game_pnl > 0 (decisive only),COMPATIBILITY_ONLY_NOT_PRODUCTION,106707.5342,95075.1759,6638.5039,1274,1273,-0.06221214,,-0.06221214,-0.06221214,-6638.5039,106707.5342,OK,0.0000,265.5402,4.0000,96.0000,AG03-UNRESOLVED,ALL5_LEVELS_bet23_to_bet27,265.5402,265.5402,331.9252,0.0000,0.0000,4.000000,4.000000,5.000000,0.000000,0.000000,96.000000,96.000000,95.000000,100.000000,100.000000,5.0,863.0055,826.361,5775.4984,5812.1429,PENDING_AG03,FALSE,NOT_FOR_ENFORCEMENT,6372.9637,91272.1688,6638.5039,6372.9637,265.5402,0.06221214,0.05972365,265.5402,6372.9637,0.05972365,265.5402,265.5402,331.9252,0.0000,0.0000,6372.9637,0.05972365,863.0055,826.361,5775.4984,5812.1429,0.05412456,0.05446797,0.00248849,83.7579,74.6859,5.2148,265.5402,16.3108,4268.3014,50.9200,,83.7579,52.3519,78.5279,109.939,141.1146,183.2317,261.7596,73.2927,0.0,2.333333,3.333333,1.066601,30,136,60,3,0E-8,0.06221214,,0E-8,0.000000,0.890988,0.000000,,2026-03-21,2026-06-26,25,407,206,98,0.255102,,,0.000000,,,,,,,,GLOBAL_BASELINE_NO_ENTITY_RANKING,,,NOT_APPLICABLE_GLOBAL_BASELINE,HF9g-P5,,,,X 全窗基线 · 不参与实体赏罚,14192034,1420,A168_HF9F_20260827_0900,2026-08-27 09:00:00
2026-04-02,112874672,2258,0,719.8387561188,530.7174829202,530.7174829202,0.8000000,5,5,0.50396966000000000,0.503969660000,1.3239296534401845,1.3239296534401845,1.3239296534401845,0E-17,ELIGIBLE,R03b_20260811_FULL_v1,L1_ELIGIBILITY,v2026-08-11,2026-03-21..2026-08-06,baccarat_bet02_101_all_pairs_incl_sentinel,round_win = game_pnl > 0 (decisive only),COMPATIBILITY_ONLY_NOT_PRODUCTION,106707.5342,95075.1759,6638.5039,1274,1273,-0.06221214,,-0.06221214,-0.06221214,-6638.5039,106707.5342,OK,0.0000,265.5402,4.0000,96.0000,AG03-UNRESOLVED,ALL5_LEVELS_bet23_to_bet27,265.5402,265.5402,331.9252,0.0000,0.0000,4.000000,4.000000,5.000000,0.000000,0.000000,96.000000,96.000000,95.000000,100.000000,100.000000,5.0,863.0055,826.361,5775.4984,5812.1429,PENDING_AG03,FALSE,NOT_FOR_ENFORCEMENT,6372.9637,91272.1688,6638.5039,6372.9637,265.5402,0.06221214,0.05972365,265.5402,6372.9637,0.05972365,265.5402,265.5402,331.9252,0.0000,0.0000,6372.9637,0.05972365,863.0055,826.361,5775.4984,5812.1429,0.05412456,0.05446797,0.00248849,83.7579,74.6859,5.2148,265.5402,16.3108,4268.3014,50.9200,,83.7579,52.3519,78.5279,109.939,141.1146,183.2317,261.7596,73.2927,0.0,2.333333,3.333333,1.066601,30,136,60,3,0E-8,0.06221214,,0E-8,0.000000,0.890988,0.000000,,2026-03-21,2026-06-26,25,407,206,98,0.255102,,,0.000000,,,,,,,,GLOBAL_BASELINE_NO_ENTITY_RANKING,,,NOT_APPLICABLE_GLOBAL_BASELINE,HF9g-P5,,,,X 全窗基线 · 不参与实体赏罚,14192035,1420,A168_HF9F_20260827_0900,2026-08-27 09:00:00
2026-04-02,112874672,2266,0,827.1601706674,91.8776012354,91.8776012354,0.6666667,10,10,0.49860758000000000,0.498607580000,1.0083584300857016,1.0083584300857016,1.0083584300857016,0E-17,ELIGIBLE,R03b_20260811_FULL_v1,L1_ELIGIBILITY,v2026-08-11,2026-03-21..2026-08-06,baccarat_bet02_101_all_pairs_incl_sentinel,round_win = game_pnl > 0 (decisive only),COMPATIBILITY_ONLY_NOT_PRODUCTION,106707.5342,95075.1759,6638.5039,1274,1273,-0.06221214,,-0.06221214,-0.06221214,-6638.5039,106707.5342,OK,0.0000,265.5402,4.0000,96.0000,AG03-UNRESOLVED,ALL5_LEVELS_bet23_to_bet27,265.5402,265.5402,331.9252,0.0000,0.0000,4.000000,4.000000,5.000000,0.000000,0.000000,96.000000,96.000000,95.000000,100.000000,100.000000,5.0,863.0055,826.361,5775.4984,5812.1429,PENDING_AG03,FALSE,NOT_FOR_ENFORCEMENT,6372.9637,91272.1688,6638.5039,6372.9637,265.5402,0.06221214,0.05972365,265.5402,6372.9637,0.05972365,265.5402,265.5402,331.9252,0.0000,0.0000,6372.9637,0.05972365,863.0055,826.361,5775.4984,5812.1429,0.05412456,0.05446797,0.00248849,83.7579,74.6859,5.2148,265.5402,16.3108,4268.3014,50.9200,,83.7579,52.3519,78.5279,109.939,141.1146,183.2317,261.7596,73.2927,0.0,2.333333,3.333333,1.066601,30,136,60,3,0E-8,0.06221214,,0E-8,0.000000,0.890988,0.000000,,2026-03-21,2026-06-26,25,407,206,98,0.255102,,,0.000000,,,,,,,,GLOBAL_BASELINE_NO_ENTITY_RANKING,,,NOT_APPLICABLE_GLOBAL_BASELINE,HF9g-P5,,,,X 全窗基线 · 不参与实体赏罚,14192036,1420,A168_HF9F_20260827_0900,2026-08-27 09:00:00
2026-04-02,112874672,471,0,685.8100149204,-327.1994345994,-327.1994345994,0.5000000,6,6,0.50218230000000000,0.502182300000,-0.01069114476356389,-0.01069114476356389,-0.01069114476356389,0E-17,ELIGIBLE,R03b_20260811_FULL_v1,L1_ELIGIBILITY,v2026-08-11,2026-03-21..2026-08-06,baccarat_bet02_101_all_pairs_incl_sentinel,round_win = game_pnl > 0 (decisive only),COMPATIBILITY_ONLY_NOT_PRODUCTION,106707.5342,95075.1759,6638.5039,1274,1273,-0.06221214,,-0.06221214,-0.06221214,-6638.5039,106707.5342,OK,0.0000,265.5402,4.0000,96.0000,AG03-UNRESOLVED,ALL5_LEVELS_bet23_to_bet27,265.5402,265.5402,331.9252,0.0000,0.0000,4.000000,4.000000,5.000000,0.000000,0.000000,96.000000,96.000000,95.000000,100.000000,100.000000,5.0,863.0055,826.361,5775.4984,5812.1429,PENDING_AG03,FALSE,NOT_FOR_ENFORCEMENT,6372.9637,91272.1688,6638.5039,6372.9637,265.5402,0.06221214,0.05972365,265.5402,6372.9637,0.05972365,265.5402,265.5402,331.9252,0.0000,0.0000,6372.9637,0.05972365,863.0055,826.361,5775.4984,5812.1429,0.05412456,0.05446797,0.00248849,83.7579,74.6859,5.2148,265.5402,16.3108,4268.3014,50.9200,,83.7579,52.3519,78.5279,109.939,141.1146,183.2317,261.7596,73.2927,0.0,2.333333,3.333333,1.066601,30,136,60,3,0E-8,0.06221214,,0E-8,0.000000,0.890988,0.000000,,2026-03-21,2026-06-26,25,407,206,98,0.255102,,,0.000000,,,,,,,,GLOBAL_BASELINE_NO_ENTITY_RANKING,,,NOT_APPLICABLE_GLOBAL_BASELINE,HF9g-P5,,,,X 全窗基线 · 不参与实体赏罚,14192037,1420,A168_HF9F_20260827_0900,2026-08-27 09:00:00
2026-04-02,112874672,526,0,2094.0763814360,-261.7595476795,-261.7595476795,0.4285714,8,8,0.49994810000000000,0.499948100000,-0.377689846057837,-0.377689846057837,-0.377689846057837,0E-17,ELIGIBLE,R03b_20260811_FULL_v1,L1_ELIGIBILITY,v2026-08-11,2026-03-21..2026-08-06,baccarat_bet02_101_all_pairs_incl_sentinel,round_win = game_pnl > 0 (decisive only),COMPATIBILITY_ONLY_NOT_PRODUCTION,106707.5342,95075.1759,6638.5039,1274,1273,-0.06221214,,-0.06221214,-0.06221214,-6638.5039,106707.5342,OK,0.0000,265.5402,4.0000,96.0000,AG03-UNRESOLVED,ALL5_LEVELS_bet23_to_bet27,265.5402,265.5402,331.9252,0.0000,0.0000,4.000000,4.000000,5.000000,0.000000,0.000000,96.000000,96.000000,95.000000,100.000000,100.000000,5.0,863.0055,826.361,5775.4984,5812.1429,PENDING_AG03,FALSE,NOT_FOR_ENFORCEMENT,6372.9637,91272.1688,6638.5039,6372.9637,265.5402,0.06221214,0.05972365,265.5402,6372.9637,0.05972365,265.5402,265.5402,331.9252,0.0000,0.0000,6372.9637,0.05972365,863.0055,826.361,5775.4984,5812.1429,0.05412456,0.05446797,0.00248849,83.7579,74.6859,5.2148,265.5402,16.3108,4268.3014,50.9200,,83.7579,52.3519,78.5279,109.939,141.1146,183.2317,261.7596,73.2927,0.0,2.333333,3.333333,1.066601,30,136,60,3,0E-8,0.06221214,,0E-8,0.000000,0.890988,0.000000,,2026-03-21,2026-06-26,25,407,206,98,0.255102,,,0.000000,,,,,,,,GLOBAL_BASELINE_NO_ENTITY_RANKING,,,NOT_APPLICABLE_GLOBAL_BASELINE,HF9g-P5,,,,X 全窗基线 · 不参与实体赏罚,14192038,1420,A168_HF9F_20260827_0900,2026-08-27 09:00:00
2026-04-02,112874672,550,0,272.2299295867,-129.3092165536,-129.3092165536,0.5000000,4,4,0.50329940000000000,0.503299400000,-0.01319788734859681,-0.01319788734859681,-0.01319788734859681,0E-17,ELIGIBLE,R03b_20260811_FULL_v1,L1_ELIGIBILITY,v2026-08-11,2026-03-21..2026-08-06,baccarat_bet02_101_all_pairs_incl_sentinel,round_win = game_pnl > 0 (decisive only),COMPATIBILITY_ONLY_NOT_PRODUCTION,106707.5342,95075.1759,6638.5039,1274,1273,-0.06221214,,-0.06221214,-0.06221214,-6638.5039,106707.5342,OK,0.0000,265.5402,4.0000,96.0000,AG03-UNRESOLVED,ALL5_LEVELS_bet23_to_bet27,265.5402,265.5402,331.9252,0.0000,0.0000,4.000000,4.000000,5.000000,0.000000,0.000000,96.000000,96.000000,95.000000,100.000000,100.000000,5.0,863.0055,826.361,5775.4984,5812.1429,PENDING_AG03,FALSE,NOT_FOR_ENFORCEMENT,6372.9637,91272.1688,6638.5039,6372.9637,265.5402,0.06221214,0.05972365,265.5402,6372.9637,0.05972365,265.5402,265.5402,331.9252,0.0000,0.0000,6372.9637,0.05972365,863.0055,826.361,5775.4984,5812.1429,0.05412456,0.05446797,0.00248849,83.7579,74.6859,5.2148,265.5402,16.3108,4268.3014,50.9200,,83.7579,52.3519,78.5279,109.939,141.1146,183.2317,261.7596,73.2927,0.0,2.333333,3.333333,1.066601,30,136,60,3,0E-8,0.06221214,,0E-8,0.000000,0.890988,0.000000,,2026-03-21,2026-06-26,25,407,206,98,0.255102,,,0.000000,,,,,,,,GLOBAL_BASELINE_NO_ENTITY_RANKING,,,NOT_APPLICABLE_GLOBAL_BASELINE,HF9g-P5,,,,X 全窗基线 · 不参与实体赏罚,14192039,1420,A168_HF9F_20260827_0900,2026-08-27 09:00:00
2026-04-02,112874672,595,0,222.4956155276,211.3708347512,211.3708347512,1.0000000,1,1,0.50665070000000000,0.506650700000,0.9867858985152569,0.9867858985152569,0.9867858985152569,0E-17,ELIGIBLE,R03b_20260811_FULL_v1,L1_ELIGIBILITY,v2026-08-11,2026-03-21..2026-08-06,baccarat_bet02_101_all_pairs_incl_sentinel,round_win = game_pnl > 0 (decisive only),COMPATIBILITY_ONLY_NOT_PRODUCTION,106707.5342,95075.1759,6638.5039,1274,1273,-0.06221214,,-0.06221214,-0.06221214,-6638.5039,106707.5342,OK,0.0000,265.5402,4.0000,96.0000,AG03-UNRESOLVED,ALL5_LEVELS_bet23_to_bet27,265.5402,265.5402,331.9252,0.0000,0.0000,4.000000,4.000000,5.000000,0.000000,0.000000,96.000000,96.000000,95.000000,100.000000,100.000000,5.0,863.0055,826.361,5775.4984,5812.1429,PENDING_AG03,FALSE,NOT_FOR_ENFORCEMENT,6372.9637,91272.1688,6638.5039,6372.9637,265.5402,0.06221214,0.05972365,265.5402,6372.9637,0.05972365,265.5402,265.5402,331.9252,0.0000,0.0000,6372.9637,0.05972365,863.0055,826.361,5775.4984,5812.1429,0.05412456,0.05446797,0.00248849,83.7579,74.6859,5.2148,265.5402,16.3108,4268.3014,50.9200,,83.7579,52.3519,78.5279,109.939,141.1146,183.2317,261.7596,73.2927,0.0,2.333333,3.333333,1.066601,30,136,60,3,0E-8,0.06221214,,0E-8,0.000000,0.890988,0.000000,,2026-03-21,2026-06-26,25,407,206,98,0.255102,,,0.000000,,,,,,,,GLOBAL_BASELINE_NO_ENTITY_RANKING,,,NOT_APPLICABLE_GLOBAL_BASELINE,HF9g-P5,,,,X 全窗基线 · 不参与实体赏罚,14192040,1420,A168_HF9F_20260827_0900,2026-08-27 09:00:00
2026-04-02,112874672,626,0,919.8230505459,-353.1136298196,-353.1136298196,0.1428571,9,9,0.49920336666666667,0.499203366667,-1.8856093709838873,-1.8856093709856494,-1.8856093709838873,-3.3333E-13,ELIGIBLE,R03b_20260811_FULL_v1,L1_ELIGIBILITY,v2026-08-11,2026-03-21..2026-08-06,baccarat_bet02_101_all_pairs_incl_sentinel,round_win = game_pnl > 0 (decisive only),COMPATIBILITY_ONLY_NOT_PRODUCTION,106707.5342,95075.1759,6638.5039,1274,1273,-0.06221214,,-0.06221214,-0.06221214,-6638.5039,106707.5342,OK,0.0000,265.5402,4.0000,96.0000,AG03-UNRESOLVED,ALL5_LEVELS_bet23_to_bet27,265.5402,265.5402,331.9252,0.0000,0.0000,4.000000,4.000000,5.000000,0.000000,0.000000,96.000000,96.000000,95.000000,100.000000,100.000000,5.0,863.0055,826.361,5775.4984,5812.1429,PENDING_AG03,FALSE,NOT_FOR_ENFORCEMENT,6372.9637,91272.1688,6638.5039,6372.9637,265.5402,0.06221214,0.05972365,265.5402,6372.9637,0.05972365,265.5402,265.5402,331.9252,0.0000,0.0000,6372.9637,0.05972365,863.0055,826.361,5775.4984,5812.1429,0.05412456,0.05446797,0.00248849,83.7579,74.6859,5.2148,265.5402,16.3108,4268.3014,50.9200,,83.7579,52.3519,78.5279,109.939,141.1146,183.2317,261.7596,73.2927,0.0,2.333333,3.333333,1.066601,30,136,60,3,0E-8,0.06221214,,0E-8,0.000000,0.890988,0.000000,,2026-03-21,2026-06-26,25,407,206,98,0.255102,,,0.000000,,,,,,,,GLOBAL_BASELINE_NO_ENTITY_RANKING,,,NOT_APPLICABLE_GLOBAL_BASELINE,HF9g-P5,,,,X 全窗基线 · 不参与实体赏罚,14192041,1420,A168_HF9F_20260827_0900,2026-08-27 09:00:00
2026-04-02,112874672,948,0,2387.2470748375,230.0866424103,230.0866424103,0.5500000,22,22,0.49994810000000000,0.499948100000,0.44767780562382575,0.44767780562382575,0.44767780562382575,0E-17,ELIGIBLE,R03b_20260811_FULL_v1,L1_ELIGIBILITY,v2026-08-11,2026-03-21..2026-08-06,baccarat_bet02_101_all_pairs_incl_sentinel,round_win = game_pnl > 0 (decisive only),COMPATIBILITY_ONLY_NOT_PRODUCTION,106707.5342,95075.1759,6638.5039,1274,1273,-0.06221214,,-0.06221214,-0.06221214,-6638.5039,106707.5342,OK,0.0000,265.5402,4.0000,96.0000,AG03-UNRESOLVED,ALL5_LEVELS_bet23_to_bet27,265.5402,265.5402,331.9252,0.0000,0.0000,4.000000,4.000000,5.000000,0.000000,0.000000,96.000000,96.000000,95.000000,100.000000,100.000000,5.0,863.0055,826.361,5775.4984,5812.1429,PENDING_AG03,FALSE,NOT_FOR_ENFORCEMENT,6372.9637,91272.1688,6638.5039,6372.9637,265.5402,0.06221214,0.05972365,265.5402,6372.9637,0.05972365,265.5402,265.5402,331.9252,0.0000,0.0000,6372.9637,0.05972365,863.0055,826.361,5775.4984,5812.1429,0.05412456,0.05446797,0.00248849,83.7579,74.6859,5.2148,265.5402,16.3108,4268.3014,50.9200,,83.7579,52.3519,78.5279,109.939,141.1146,183.2317,261.7596,73.2927,0.0,2.333333,3.333333,1.066601,30,136,60,3,0E-8,0.06221214,,0E-8,0.000000,0.890988,0.000000,,2026-03-21,2026-06-26,25,407,206,98,0.255102,,,0.000000,,,,,,,,GLOBAL_BASELINE_NO_ENTITY_RANKING,,,NOT_APPLICABLE_GLOBAL_BASELINE,HF9g-P5,,,,X 全窗基线 · 不参与实体赏罚,14192042,1420,A168_HF9F_20260827_0900,2026-08-27 09:00:00
2026-04-02,112874672,970,0,1405.6487710394,-295.6574091042,-295.6574091042,0.4000000,15,15,0.49950126000000000,0.499501260000,-0.7707338292405164,-0.7707338292405164,-0.7707338292405164,0E-17,ELIGIBLE,R03b_20260811_FULL_v1,L1_ELIGIBILITY,v2026-08-11,2026-03-21..2026-08-06,baccarat_bet02_101_all_pairs_incl_sentinel,round_win = game_pnl > 0 (decisive only),COMPATIBILITY_ONLY_NOT_PRODUCTION,106707.5342,95075.1759,6638.5039,1274,1273,-0.06221214,,-0.06221214,-0.06221214,-6638.5039,106707.5342,OK,0.0000,265.5402,4.0000,96.0000,AG03-UNRESOLVED,ALL5_LEVELS_bet23_to_bet27,265.5402,265.5402,331.9252,0.0000,0.0000,4.000000,4.000000,5.000000,0.000000,0.000000,96.000000,96.000000,95.000000,100.000000,100.000000,5.0,863.0055,826.361,5775.4984,5812.1429,PENDING_AG03,FALSE,NOT_FOR_ENFORCEMENT,6372.9637,91272.1688,6638.5039,6372.9637,265.5402,0.06221214,0.05972365,265.5402,6372.9637,0.05972365,265.5402,265.5402,331.9252,0.0000,0.0000,6372.9637,0.05972365,863.0055,826.361,5775.4984,5812.1429,0.05412456,0.05446797,0.00248849,83.7579,74.6859,5.2148,265.5402,16.3108,4268.3014,50.9200,,83.7579,52.3519,78.5279,109.939,141.1146,183.2317,261.7596,73.2927,0.0,2.333333,3.333333,1.066601,30,136,60,3,0E-8,0.06221214,,0E-8,0.000000,0.890988,0.000000,,2026-03-21,2026-06-26,25,407,206,98,0.255102,,,0.000000,,,,,,,,GLOBAL_BASELINE_NO_ENTITY_RANKING,,,NOT_APPLICABLE_GLOBAL_BASELINE,HF9g-P5,,,,X 全窗基线 · 不参与实体赏罚,14192043,1420,A168_HF9F_20260827_0900,2026-08-27 09:00:00
2026-04-02,112874672,987,0,261.7595476795,-261.7595476795,-261.7595476795,0E-7,1,1,0.50665070000000000,0.506650700000,-1.013391052207602,-1.013391052207602,-1.013391052207602,0E-17,ELIGIBLE,R03b_20260811_FULL_v1,L1_ELIGIBILITY,v2026-08-11,2026-03-21..2026-08-06,baccarat_bet02_101_all_pairs_incl_sentinel,round_win = game_pnl > 0 (decisive only),COMPATIBILITY_ONLY_NOT_PRODUCTION,106707.5342,95075.1759,6638.5039,1274,1273,-0.06221214,,-0.06221214,-0.06221214,-6638.5039,106707.5342,OK,0.0000,265.5402,4.0000,96.0000,AG03-UNRESOLVED,ALL5_LEVELS_bet23_to_bet27,265.5402,265.5402,331.9252,0.0000,0.0000,4.000000,4.000000,5.000000,0.000000,0.000000,96.000000,96.000000,95.000000,100.000000,100.000000,5.0,863.0055,826.361,5775.4984,5812.1429,PENDING_AG03,FALSE,NOT_FOR_ENFORCEMENT,6372.9637,91272.1688,6638.5039,6372.9637,265.5402,0.06221214,0.05972365,265.5402,6372.9637,0.05972365,265.5402,265.5402,331.9252,0.0000,0.0000,6372.9637,0.05972365,863.0055,826.361,5775.4984,5812.1429,0.05412456,0.05446797,0.00248849,83.7579,74.6859,5.2148,265.5402,16.3108,4268.3014,50.9200,,83.7579,52.3519,78.5279,109.939,141.1146,183.2317,261.7596,73.2927,0.0,2.333333,3.333333,1.066601,30,136,60,3,0E-8,0.06221214,,0E-8,0.000000,0.890988,0.000000,,2026-03-21,2026-06-26,25,407,206,98,0.255102,,,0.000000,,,,,,,,GLOBAL_BASELINE_NO_ENTITY_RANKING,,,NOT_APPLICABLE_GLOBAL_BASELINE,HF9g-P5,,,,X 全窗基线 · 不参与实体赏罚,14192044,1420,A168_HF9F_20260827_0900,2026-08-27 09:00:00
2026-04-03,112874672,-1,1,91.6158416878,13.0879773840,13.0879773840,0.5000000,2,2,0.49994810000000000,0.499948100000,0.00014679536856514622,0.00014679536856514622,0.00014679536856514622,0E-17,SENTINEL_DEALER,R03b_20260811_FULL_v1,L1_ELIGIBILITY,v2026-08-11,2026-03-21..2026-08-06,baccarat_bet02_101_all_pairs_incl_sentinel,round_win = game_pnl > 0 (decisive only),COMPATIBILITY_ONLY_NOT_PRODUCTION,106707.5342,95075.1759,6638.5039,1274,1273,-0.06221214,,-0.06221214,-0.06221214,-6638.5039,106707.5342,OK,0.0000,265.5402,4.0000,96.0000,AG03-UNRESOLVED,ALL5_LEVELS_bet23_to_bet27,265.5402,265.5402,331.9252,0.0000,0.0000,4.000000,4.000000,5.000000,0.000000,0.000000,96.000000,96.000000,95.000000,100.000000,100.000000,5.0,863.0055,826.361,5775.4984,5812.1429,PENDING_AG03,FALSE,NOT_FOR_ENFORCEMENT,6372.9637,91272.1688,6638.5039,6372.9637,265.5402,0.06221214,0.05972365,265.5402,6372.9637,0.05972365,265.5402,265.5402,331.9252,0.0000,0.0000,6372.9637,0.05972365,863.0055,826.361,5775.4984,5812.1429,0.05412456,0.05446797,0.00248849,83.7579,74.6859,5.2148,265.5402,16.3108,4268.3014,50.9200,,83.7579,52.3519,78.5279,109.939,141.1146,183.2317,261.7596,73.2927,0.0,2.333333,3.333333,1.066601,30,136,60,3,0E-8,0.06221214,,0E-8,0.000000,0.890988,0.000000,,2026-03-21,2026-06-26,25,407,206,98,0.255102,,,0.000000,,,,,,,,GLOBAL_BASELINE_NO_ENTITY_RANKING,,,NOT_APPLICABLE_GLOBAL_BASELINE,HF9g-P5,,,,X 全窗基线 · 不参与实体赏罚,14192045,1420,A168_HF9F_20260827_0900,2026-08-27 09:00:00
2026-04-03,112874672,1645,0,57.5871004895,-57.5871004895,-57.5871004895,0E-7,1,1,0.50665070000000000,0.506650700000,-1.013391052207602,-1.013391052207602,-1.013391052207602,0E-17,ELIGIBLE,R03b_20260811_FULL_v1,L1_ELIGIBILITY,v2026-08-11,2026-03-21..2026-08-06,baccarat_bet02_101_all_pairs_incl_sentinel,round_win = game_pnl > 0 (decisive only),COMPATIBILITY_ONLY_NOT_PRODUCTION,106707.5342,95075.1759,6638.5039,1274,1273,-0.06221214,,-0.06221214,-0.06221214,-6638.5039,106707.5342,OK,0.0000,265.5402,4.0000,96.0000,AG03-UNRESOLVED,ALL5_LEVELS_bet23_to_bet27,265.5402,265.5402,331.9252,0.0000,0.0000,4.000000,4.000000,5.000000,0.000000,0.000000,96.000000,96.000000,95.000000,100.000000,100.000000,5.0,863.0055,826.361,5775.4984,5812.1429,PENDING_AG03,FALSE,NOT_FOR_ENFORCEMENT,6372.9637,91272.1688,6638.5039,6372.9637,265.5402,0.06221214,0.05972365,265.5402,6372.9637,0.05972365,265.5402,265.5402,331.9252,0.0000,0.0000,6372.9637,0.05972365,863.0055,826.361,5775.4984,5812.1429,0.05412456,0.05446797,0.00248849,83.7579,74.6859,5.2148,265.5402,16.3108,4268.3014,50.9200,,83.7579,52.3519,78.5279,109.939,141.1146,183.2317,261.7596,73.2927,0.0,2.333333,3.333333,1.066601,30,136,60,3,0E-8,0.06221214,,0E-8,0.000000,0.890988,0.000000,,2026-03-21,2026-06-26,25,407,206,98,0.255102,,,0.000000,,,,,,,,GLOBAL_BASELINE_NO_ENTITY_RANKING,,,NOT_APPLICABLE_GLOBAL_BASELINE,HF9g-P5,,,,X 全窗基线 · 不参与实体赏罚,14192046,1420,A168_HF9F_20260827_0900,2026-08-27 09:00:00
2026-04-03,112874672,1990,0,198.9372562365,-66.2251655630,-66.2251655630,0.3333333,3,3,0.50218230000000000,0.502182300000,-0.5849155494134425,-0.5849155494134426,-0.5849155494134425,0E-17,ELIGIBLE,R03b_20260811_FULL_v1,L1_ELIGIBILITY,v2026-08-11,2026-03-21..2026-08-06,baccarat_bet02_101_all_pairs_incl_sentinel,round_win = game_pnl > 0 (decisive only),COMPATIBILITY_ONLY_NOT_PRODUCTION,106707.5342,95075.1759,6638.5039,1274,1273,-0.06221214,,-0.06221214,-0.06221214,-6638.5039,106707.5342,OK,0.0000,265.5402,4.0000,96.0000,AG03-UNRESOLVED,ALL5_LEVELS_bet23_to_bet27,265.5402,265.5402,331.9252,0.0000,0.0000,4.000000,4.000000,5.000000,0.000000,0.000000,96.000000,96.000000,95.000000,100.000000,100.000000,5.0,863.0055,826.361,5775.4984,5812.1429,PENDING_AG03,FALSE,NOT_FOR_ENFORCEMENT,6372.9637,91272.1688,6638.5039,6372.9637,265.5402,0.06221214,0.05972365,265.5402,6372.9637,0.05972365,265.5402,265.5402,331.9252,0.0000,0.0000,6372.9637,0.05972365,863.0055,826.361,5775.4984,5812.1429,0.05412456,0.05446797,0.00248849,83.7579,74.6859,5.2148,265.5402,16.3108,4268.3014,50.9200,,83.7579,52.3519,78.5279,109.939,141.1146,183.2317,261.7596,73.2927,0.0,2.333333,3.333333,1.066601,30,136,60,3,0E-8,0.06221214,,0E-8,0.000000,0.890988,0.000000,,2026-03-21,2026-06-26,25,407,206,98,0.255102,,,0.000000,,,,,,,,GLOBAL_BASELINE_NO_ENTITY_RANKING,,,NOT_APPLICABLE_GLOBAL_BASELINE,HF9g-P5,,,,X 全窗基线 · 不参与实体赏罚,14192047,1420,A168_HF9F_20260827_0900,2026-08-27 09:00:00
2026-04-03,112874672,2196,0,54.1842263697,-54.1842263697,-54.1842263697,0E-7,1,1,0.49324550000000000,0.493245500000,-0.9865810262130424,-0.9865810262130424,-0.9865810262130424,0E-17,ELIGIBLE,R03b_20260811_FULL_v1,L1_ELIGIBILITY,v2026-08-11,2026-03-21..2026-08-06,baccarat_bet02_101_all_pairs_incl_sentinel,round_win = game_pnl > 0 (decisive only),COMPATIBILITY_ONLY_NOT_PRODUCTION,106707.5342,95075.1759,6638.5039,1274,1273,-0.06221214,,-0.06221214,-0.06221214,-6638.5039,106707.5342,OK,0.0000,265.5402,4.0000,96.0000,AG03-UNRESOLVED,ALL5_LEVELS_bet23_to_bet27,265.5402,265.5402,331.9252,0.0000,0.0000,4.000000,4.000000,5.000000,0.000000,0.000000,96.000000,96.000000,95.000000,100.000000,100.000000,5.0,863.0055,826.361,5775.4984,5812.1429,PENDING_AG03,FALSE,NOT_FOR_ENFORCEMENT,6372.9637,91272.1688,6638.5039,6372.9637,265.5402,0.06221214,0.05972365,265.5402,6372.9637,0.05972365,265.5402,265.5402,331.9252,0.0000,0.0000,6372.9637,0.05972365,863.0055,826.361,5775.4984,5812.1429,0.05412456,0.05446797,0.00248849,83.7579,74.6859,5.2148,265.5402,16.3108,4268.3014,50.9200,,83.7579,52.3519,78.5279,109.939,141.1146,183.2317,261.7596,73.2927,0.0,2.333333,3.333333,1.066601,30,136,60,3,0E-8,0.06221214,,0E-8,0.000000,0.890988,0.000000,,2026-03-21,2026-06-26,25,407,206,98,0.255102,,,0.000000,,,,,,,,GLOBAL_BASELINE_NO_ENTITY_RANKING,,,NOT_APPLICABLE_GLOBAL_BASELINE,HF9g-P5,,,,X 全窗基线 · 不参与实体赏罚,14192048,1420,A168_HF9F_20260827_0900,2026-08-27 09:00:00
2026-04-03,112874672,2201,0,96.8510326415,-96.8510326415,-96.8510326415,0E-7,3,3,0.49771390000000000,0.497713900000,-1.724149546644903,-1.724149546644903,-1.724149546644903,0E-17,ELIGIBLE,R03b_20260811_FULL_v1,L1_ELIGIBILITY,v2026-08-11,2026-03-21..2026-08-06,baccarat_bet02_101_all_pairs_incl_sentinel,round_win = game_pnl > 0 (decisive only),COMPATIBILITY_ONLY_NOT_PRODUCTION,106707.5342,95075.1759,6638.5039,1274,1273,-0.06221214,,-0.06221214,-0.06221214,-6638.5039,106707.5342,OK,0.0000,265.5402,4.0000,96.0000,AG03-UNRESOLVED,ALL5_LEVELS_bet23_to_bet27,265.5402,265.5402,331.9252,0.0000,0.0000,4.000000,4.000000,5.000000,0.000000,0.000000,96.000000,96.000000,95.000000,100.000000,100.000000,5.0,863.0055,826.361,5775.4984,5812.1429,PENDING_AG03,FALSE,NOT_FOR_ENFORCEMENT,6372.9637,91272.1688,6638.5039,6372.9637,265.5402,0.06221214,0.05972365,265.5402,6372.9637,0.05972365,265.5402,265.5402,331.9252,0.0000,0.0000,6372.9637,0.05972365,863.0055,826.361,5775.4984,5812.1429,0.05412456,0.05446797,0.00248849,83.7579,74.6859,5.2148,265.5402,16.3108,4268.3014,50.9200,,83.7579,52.3519,78.5279,109.939,141.1146,183.2317,261.7596,73.2927,0.0,2.333333,3.333333,1.066601,30,136,60,3,0E-8,0.06221214,,0E-8,0.000000,0.890988,0.000000,,2026-03-21,2026-06-26,25,407,206,98,0.255102,,,0.000000,,,,,,,,GLOBAL_BASELINE_NO_ENTITY_RANKING,,,NOT_APPLICABLE_GLOBAL_BASELINE,HF9g-P5,,,,X 全窗基线 · 不参与实体赏罚,14192049,1420,A168_HF9F_20260827_0900,2026-08-27 09:00:00
2026-04-03,112874672,752,0,11.7791796456,-3.9263932152,-3.9263932152,0.5000000,2,2,0.49994810000000000,0.499948100000,0.00014679536856514622,0.00014679536856514622,0.00014679536856514622,0E-17,ELIGIBLE,R03b_20260811_FULL_v1,L1_ELIGIBILITY,v2026-08-11,2026-03-21..2026-08-06,baccarat_bet02_101_all_pairs_incl_sentinel,round_win = game_pnl > 0 (decisive only),COMPATIBILITY_ONLY_NOT_PRODUCTION,106707.5342,95075.1759,6638.5039,1274,1273,-0.06221214,,-0.06221214,-0.06221214,-6638.5039,106707.5342,OK,0.0000,265.5402,4.0000,96.0000,AG03-UNRESOLVED,ALL5_LEVELS_bet23_to_bet27,265.5402,265.5402,331.9252,0.0000,0.0000,4.000000,4.000000,5.000000,0.000000,0.000000,96.000000,96.000000,95.000000,100.000000,100.000000,5.0,863.0055,826.361,5775.4984,5812.1429,PENDING_AG03,FALSE,NOT_FOR_ENFORCEMENT,6372.9637,91272.1688,6638.5039,6372.9637,265.5402,0.06221214,0.05972365,265.5402,6372.9637,0.05972365,265.5402,265.5402,331.9252,0.0000,0.0000,6372.9637,0.05972365,863.0055,826.361,5775.4984,5812.1429,0.05412456,0.05446797,0.00248849,83.7579,74.6859,5.2148,265.5402,16.3108,4268.3014,50.9200,,83.7579,52.3519,78.5279,109.939,141.1146,183.2317,261.7596,73.2927,0.0,2.333333,3.333333,1.066601,30,136,60,3,0E-8,0.06221214,,0E-8,0.000000,0.890988,0.000000,,2026-03-21,2026-06-26,25,407,206,98,0.255102,,,0.000000,,,,,,,,GLOBAL_BASELINE_NO_ENTITY_RANKING,,,NOT_APPLICABLE_GLOBAL_BASELINE,HF9g-P5,,,,X 全窗基线 · 不参与实体赏罚,14192050,1420,A168_HF9F_20260827_0900,2026-08-27 09:00:00
2026-04-04,112874672,2121,0,12.5644582886,-12.5644582886,-12.5644582886,0E-7,1,1,0.50665070000000000,0.506650700000,-1.013391052207602,-1.013391052207602,-1.013391052207602,0E-17,ELIGIBLE,R03b_20260811_FULL_v1,L1_ELIGIBILITY,v2026-08-11,2026-03-21..2026-08-06,baccarat_bet02_101_all_pairs_incl_sentinel,round_win = game_pnl > 0 (decisive only),COMPATIBILITY_ONLY_NOT_PRODUCTION,106707.5342,95075.1759,6638.5039,1274,1273,-0.06221214,,-0.06221214,-0.06221214,-6638.5039,106707.5342,OK,0.0000,265.5402,4.0000,96.0000,AG03-UNRESOLVED,ALL5_LEVELS_bet23_to_bet27,265.5402,265.5402,331.9252,0.0000,0.0000,4.000000,4.000000,5.000000,0.000000,0.000000,96.000000,96.000000,95.000000,100.000000,100.000000,5.0,863.0055,826.361,5775.4984,5812.1429,PENDING_AG03,FALSE,NOT_FOR_ENFORCEMENT,6372.9637,91272.1688,6638.5039,6372.9637,265.5402,0.06221214,0.05972365,265.5402,6372.9637,0.05972365,265.5402,265.5402,331.9252,0.0000,0.0000,6372.9637,0.05972365,863.0055,826.361,5775.4984,5812.1429,0.05412456,0.05446797,0.00248849,83.7579,74.6859,5.2148,265.5402,16.3108,4268.3014,50.9200,,83.7579,52.3519,78.5279,109.939,141.1146,183.2317,261.7596,73.2927,0.0,2.333333,3.333333,1.066601,30,136,60,3,0E-8,0.06221214,,0E-8,0.000000,0.890988,0.000000,,2026-03-21,2026-06-26,25,407,206,98,0.255102,,,0.000000,,,,,,,,GLOBAL_BASELINE_NO_ENTITY_RANKING,,,NOT_APPLICABLE_GLOBAL_BASELINE,HF9g-P5,,,,X 全窗基线 · 不参与实体赏罚,14192051,1420,A168_HF9F_20260827_0900,2026-08-27 09:00:00
2026-04-04,112874672,2123,0,10.4703819072,-10.4703819072,-10.4703819072,0E-7,1,1,0.50665070000000000,0.506650700000,-1.013391052207602,-1.013391052207602,-1.013391052207602,0E-17,ELIGIBLE,R03b_20260811_FULL_v1,L1_ELIGIBILITY,v2026-08-11,2026-03-21..2026-08-06,baccarat_bet02_101_all_pairs_incl_sentinel,round_win = game_pnl > 0 (decisive only),COMPATIBILITY_ONLY_NOT_PRODUCTION,106707.5342,95075.1759,6638.5039,1274,1273,-0.06221214,,-0.06221214,-0.06221214,-6638.5039,106707.5342,OK,0.0000,265.5402,4.0000,96.0000,AG03-UNRESOLVED,ALL5_LEVELS_bet23_to_bet27,265.5402,265.5402,331.9252,0.0000,0.0000,4.000000,4.000000,5.000000,0.000000,0.000000,96.000000,96.000000,95.000000,100.000000,100.000000,5.0,863.0055,826.361,5775.4984,5812.1429,PENDING_AG03,FALSE,NOT_FOR_ENFORCEMENT,6372.9637,91272.1688,6638.5039,6372.9637,265.5402,0.06221214,0.05972365,265.5402,6372.9637,0.05972365,265.5402,265.5402,331.9252,0.0000,0.0000,6372.9637,0.05972365,863.0055,826.361,5775.4984,5812.1429,0.05412456,0.05446797,0.00248849,83.7579,74.6859,5.2148,265.5402,16.3108,4268.3014,50.9200,,83.7579,52.3519,78.5279,109.939,141.1146,183.2317,261.7596,73.2927,0.0,2.333333,3.333333,1.066601,30,136,60,3,0E-8,0.06221214,,0E-8,0.000000,0.890988,0.000000,,2026-03-21,2026-06-26,25,407,206,98,0.255102,,,0.000000,,,,,,,,GLOBAL_BASELINE_NO_ENTITY_RANKING,,,NOT_APPLICABLE_GLOBAL_BASELINE,HF9g-P5,,,,X 全窗基线 · 不参与实体赏罚,14192052,1420,A168_HF9F_20260827_0900,2026-08-27 09:00:00
2026-04-06,112874672,-1,1,837.6305525747,-41.8815276288,-41.8815276288,0.4444444,12,12,0.49994810000000000,0.499948100000,-0.33302193512739575,-0.33302193512739575,-0.33302193512739575,0E-17,SENTINEL_DEALER,R03b_20260811_FULL_v1,L1_ELIGIBILITY,v2026-08-11,2026-03-21..2026-08-06,baccarat_bet02_101_all_pairs_incl_sentinel,round_win = game_pnl > 0 (decisive only),COMPATIBILITY_ONLY_NOT_PRODUCTION,106707.5342,95075.1759,6638.5039,1274,1273,-0.06221214,,-0.06221214,-0.06221214,-6638.5039,106707.5342,OK,0.0000,265.5402,4.0000,96.0000,AG03-UNRESOLVED,ALL5_LEVELS_bet23_to_bet27,265.5402,265.5402,331.9252,0.0000,0.0000,4.000000,4.000000,5.000000,0.000000,0.000000,96.000000,96.000000,95.000000,100.000000,100.000000,5.0,863.0055,826.361,5775.4984,5812.1429,PENDING_AG03,FALSE,NOT_FOR_ENFORCEMENT,6372.9637,91272.1688,6638.5039,6372.9637,265.5402,0.06221214,0.05972365,265.5402,6372.9637,0.05972365,265.5402,265.5402,331.9252,0.0000,0.0000,6372.9637,0.05972365,863.0055,826.361,5775.4984,5812.1429,0.05412456,0.05446797,0.00248849,83.7579,74.6859,5.2148,265.5402,16.3108,4268.3014,50.9200,,83.7579,52.3519,78.5279,109.939,141.1146,183.2317,261.7596,73.2927,0.0,2.333333,3.333333,1.066601,30,136,60,3,0E-8,0.06221214,,0E-8,0.000000,0.890988,0.000000,,2026-03-21,2026-06-26,25,407,206,98,0.255102,,,0.000000,,,,,,,,GLOBAL_BASELINE_NO_ENTITY_RANKING,,,NOT_APPLICABLE_GLOBAL_BASELINE,HF9g-P5,,,,X 全窗基线 · 不参与实体赏罚,14192053,1420,A168_HF9F_20260827_0900,2026-08-27 09:00:00
2026-04-06,112874672,1017,0,106.2743763579,-106.2743763579,-106.2743763579,0E-7,1,1,0.49324550000000000,0.493245500000,-0.9865810262130424,-0.9865810262130424,-0.9865810262130424,0E-17,ELIGIBLE,R03b_20260811_FULL_v1,L1_ELIGIBILITY,v2026-08-11,2026-03-21..2026-08-06,baccarat_bet02_101_all_pairs_incl_sentinel,round_win = game_pnl > 0 (decisive only),COMPATIBILITY_ONLY_NOT_PRODUCTION,106707.5342,95075.1759,6638.5039,1274,1273,-0.06221214,,-0.06221214,-0.06221214,-6638.5039,106707.5342,OK,0.0000,265.5402,4.0000,96.0000,AG03-UNRESOLVED,ALL5_LEVELS_bet23_to_bet27,265.5402,265.5402,331.9252,0.0000,0.0000,4.000000,4.000000,5.000000,0.000000,0.000000,96.000000,96.000000,95.000000,100.000000,100.000000,5.0,863.0055,826.361,5775.4984,5812.1429,PENDING_AG03,FALSE,NOT_FOR_ENFORCEMENT,6372.9637,91272.1688,6638.5039,6372.9637,265.5402,0.06221214,0.05972365,265.5402,6372.9637,0.05972365,265.5402,265.5402,331.9252,0.0000,0.0000,6372.9637,0.05972365,863.0055,826.361,5775.4984,5812.1429,0.05412456,0.05446797,0.00248849,83.7579,74.6859,5.2148,265.5402,16.3108,4268.3014,50.9200,,83.7579,52.3519,78.5279,109.939,141.1146,183.2317,261.7596,73.2927,0.0,2.333333,3.333333,1.066601,30,136,60,3,0E-8,0.06221214,,0E-8,0.000000,0.890988,0.000000,,2026-03-21,2026-06-26,25,407,206,98,0.255102,,,0.000000,,,,,,,,GLOBAL_BASELINE_NO_ENTITY_RANKING,,,NOT_APPLICABLE_GLOBAL_BASELINE,HF9g-P5,,,,X 全窗基线 · 不参与实体赏罚,14192054,1420,A168_HF9F_20260827_0900,2026-08-27 09:00:00
2026-04-06,112874672,1094,0,481.6375677305,-119.1005941943,-119.1005941943,0.3333333,6,6,0.49771390000000000,0.497713900000,-0.8053054414300617,-0.8053054414300617,-0.8053054414300617,0E-17,ELIGIBLE,R03b_20260811_FULL_v1,L1_ELIGIBILITY,v2026-08-11,2026-03-21..2026-08-06,baccarat_bet02_101_all_pairs_incl_sentinel,round_win = game_pnl > 0 (decisive only),COMPATIBILITY_ONLY_NOT_PRODUCTION,106707.5342,95075.1759,6638.5039,1274,1273,-0.06221214,,-0.06221214,-0.06221214,-6638.5039,106707.5342,OK,0.0000,265.5402,4.0000,96.0000,AG03-UNRESOLVED,ALL5_LEVELS_bet23_to_bet27,265.5402,265.5402,331.9252,0.0000,0.0000,4.000000,4.000000,5.000000,0.000000,0.000000,96.000000,96.000000,95.000000,100.000000,100.000000,5.0,863.0055,826.361,5775.4984,5812.1429,PENDING_AG03,FALSE,NOT_FOR_ENFORCEMENT,6372.9637,91272.1688,6638.5039,6372.9637,265.5402,0.06221214,0.05972365,265.5402,6372.9637,0.05972365,265.5402,265.5402,331.9252,0.0000,0.0000,6372.9637,0.05972365,863.0055,826.361,5775.4984,5812.1429,0.05412456,0.05446797,0.00248849,83.7579,74.6859,5.2148,265.5402,16.3108,4268.3014,50.9200,,83.7579,52.3519,78.5279,109.939,141.1146,183.2317,261.7596,73.2927,0.0,2.333333,3.333333,1.066601,30,136,60,3,0E-8,0.06221214,,0E-8,0.000000,0.890988,0.000000,,2026-03-21,2026-06-26,25,407,206,98,0.255102,,,0.000000,,,,,,,,GLOBAL_BASELINE_NO_ENTITY_RANKING,,,NOT_APPLICABLE_GLOBAL_BASELINE,HF9g-P5,,,,X 全窗基线 · 不参与实体赏罚,14192055,1420,A168_HF9F_20260827_0900,2026-08-27 09:00:00
2026-04-06,112874672,1109,0,52.3519095359,0E-10,0E-10,,1,1,0.49324550000000000,0.493245500000,,,,0E-17,NO_DECISIVE_ROUND,R03b_20260811_FULL_v1,L1_ELIGIBILITY,v2026-08-11,2026-03-21..2026-08-06,baccarat_bet02_101_all_pairs_incl_sentinel,round_win = game_pnl > 0 (decisive only),COMPATIBILITY_ONLY_NOT_PRODUCTION,106707.5342,95075.1759,6638.5039,1274,1273,-0.06221214,,-0.06221214,-0.06221214,-6638.5039,106707.5342,OK,0.0000,265.5402,4.0000,96.0000,AG03-UNRESOLVED,ALL5_LEVELS_bet23_to_bet27,265.5402,265.5402,331.9252,0.0000,0.0000,4.000000,4.000000,5.000000,0.000000,0.000000,96.000000,96.000000,95.000000,100.000000,100.000000,5.0,863.0055,826.361,5775.4984,5812.1429,PENDING_AG03,FALSE,NOT_FOR_ENFORCEMENT,6372.9637,91272.1688,6638.5039,6372.9637,265.5402,0.06221214,0.05972365,265.5402,6372.9637,0.05972365,265.5402,265.5402,331.9252,0.0000,0.0000,6372.9637,0.05972365,863.0055,826.361,5775.4984,5812.1429,0.05412456,0.05446797,0.00248849,83.7579,74.6859,5.2148,265.5402,16.3108,4268.3014,50.9200,,83.7579,52.3519,78.5279,109.939,141.1146,183.2317,261.7596,73.2927,0.0,2.333333,3.333333,1.066601,30,136,60,3,0E-8,0.06221214,,0E-8,0.000000,0.890988,0.000000,,2026-03-21,2026-06-26,25,407,206,98,0.255102,,,0.000000,,,,,,,,GLOBAL_BASELINE_NO_ENTITY_RANKING,,,NOT_APPLICABLE_GLOBAL_BASELINE,HF9g-P5,,,,X 全窗基线 · 不参与实体赏罚,14192056,1420,A168_HF9F_20260827_0900,2026-08-27 09:00:00
2026-04-06,112874672,1299,0,28.7935502447,-28.7935502447,-28.7935502447,0E-7,1,1,0.50665070000000000,0.506650700000,-1.013391052207602,-1.013391052207602,-1.013391052207602,0E-17,ELIGIBLE,R03b_20260811_FULL_v1,L1_ELIGIBILITY,v2026-08-11,2026-03-21..2026-08-06,baccarat_bet02_101_all_pairs_incl_sentinel,round_win = game_pnl > 0 (decisive only),COMPATIBILITY_ONLY_NOT_PRODUCTION,106707.5342,95075.1759,6638.5039,1274,1273,-0.06221214,,-0.06221214,-0.06221214,-6638.5039,106707.5342,OK,0.0000,265.5402,4.0000,96.0000,AG03-UNRESOLVED,ALL5_LEVELS_bet23_to_bet27,265.5402,265.5402,331.9252,0.0000,0.0000,4.000000,4.000000,5.000000,0.000000,0.000000,96.000000,96.000000,95.000000,100.000000,100.000000,5.0,863.0055,826.361,5775.4984,5812.1429,PENDING_AG03,FALSE,NOT_FOR_ENFORCEMENT,6372.9637,91272.1688,6638.5039,6372.9637,265.5402,0.06221214,0.05972365,265.5402,6372.9637,0.05972365,265.5402,265.5402,331.9252,0.0000,0.0000,6372.9637,0.05972365,863.0055,826.361,5775.4984,5812.1429,0.05412456,0.05446797,0.00248849,83.7579,74.6859,5.2148,265.5402,16.3108,4268.3014,50.9200,,83.7579,52.3519,78.5279,109.939,141.1146,183.2317,261.7596,73.2927,0.0,2.333333,3.333333,1.066601,30,136,60,3,0E-8,0.06221214,,0E-8,0.000000,0.890988,0.000000,,2026-03-21,2026-06-26,25,407,206,98,0.255102,,,0.000000,,,,,,,,GLOBAL_BASELINE_NO_ENTITY_RANKING,,,NOT_APPLICABLE_GLOBAL_BASELINE,HF9g-P5,,,,X 全窗基线 · 不参与实体赏罚,14192057,1420,A168_HF9F_20260827_0900,2026-08-27 09:00:00
2026-04-06,112874672,1304,0,125.6445828862,0E-10,0E-10,0.5000000,2,2,0.49994810000000000,0.499948100000,0.00014679536856514622,0.00014679536856514622,0.00014679536856514622,0E-17,ELIGIBLE,R03b_20260811_FULL_v1,L1_ELIGIBILITY,v2026-08-11,2026-03-21..2026-08-06,baccarat_bet02_101_all_pairs_incl_sentinel,round_win = game_pnl > 0 (decisive only),COMPATIBILITY_ONLY_NOT_PRODUCTION,106707.5342,95075.1759,6638.5039,1274,1273,-0.06221214,,-0.06221214,-0.06221214,-6638.5039,106707.5342,OK,0.0000,265.5402,4.0000,96.0000,AG03-UNRESOLVED,ALL5_LEVELS_bet23_to_bet27,265.5402,265.5402,331.9252,0.0000,0.0000,4.000000,4.000000,5.000000,0.000000,0.000000,96.000000,96.000000,95.000000,100.000000,100.000000,5.0,863.0055,826.361,5775.4984,5812.1429,PENDING_AG03,FALSE,NOT_FOR_ENFORCEMENT,6372.9637,91272.1688,6638.5039,6372.9637,265.5402,0.06221214,0.05972365,265.5402,6372.9637,0.05972365,265.5402,265.5402,331.9252,0.0000,0.0000,6372.9637,0.05972365,863.0055,826.361,5775.4984,5812.1429,0.05412456,0.05446797,0.00248849,83.7579,74.6859,5.2148,265.5402,16.3108,4268.3014,50.9200,,83.7579,52.3519,78.5279,109.939,141.1146,183.2317,261.7596,73.2927,0.0,2.333333,3.333333,1.066601,30,136,60,3,0E-8,0.06221214,,0E-8,0.000000,0.890988,0.000000,,2026-03-21,2026-06-26,25,407,206,98,0.255102,,,0.000000,,,,,,,,GLOBAL_BASELINE_NO_ENTITY_RANKING,,,NOT_APPLICABLE_GLOBAL_BASELINE,HF9g-P5,,,,X 全窗基线 · 不参与实体赏罚,14192058,1420,A168_HF9F_20260827_0900,2026-08-27 09:00:00
2026-04-06,112874672,1325,0,683.1924194437,-1.3087977384,-1.3087977384,0.6250000,9,9,0.49771390000000000,0.497713900000,0.7200464420157047,0.7200464420157048,0.7200464420157047,0E-17,ELIGIBLE,R03b_20260811_FULL_v1,L1_ELIGIBILITY,v2026-08-11,2026-03-21..2026-08-06,baccarat_bet02_101_all_pairs_incl_sentinel,round_win = game_pnl > 0 (decisive only),COMPATIBILITY_ONLY_NOT_PRODUCTION,106707.5342,95075.1759,6638.5039,1274,1273,-0.06221214,,-0.06221214,-0.06221214,-6638.5039,106707.5342,OK,0.0000,265.5402,4.0000,96.0000,AG03-UNRESOLVED,ALL5_LEVELS_bet23_to_bet27,265.5402,265.5402,331.9252,0.0000,0.0000,4.000000,4.000000,5.000000,0.000000,0.000000,96.000000,96.000000,95.000000,100.000000,100.000000,5.0,863.0055,826.361,5775.4984,5812.1429,PENDING_AG03,FALSE,NOT_FOR_ENFORCEMENT,6372.9637,91272.1688,6638.5039,6372.9637,265.5402,0.06221214,0.05972365,265.5402,6372.9637,0.05972365,265.5402,265.5402,331.9252,0.0000,0.0000,6372.9637,0.05972365,863.0055,826.361,5775.4984,5812.1429,0.05412456,0.05446797,0.00248849,83.7579,74.6859,5.2148,265.5402,16.3108,4268.3014,50.9200,,83.7579,52.3519,78.5279,109.939,141.1146,183.2317,261.7596,73.2927,0.0,2.333333,3.333333,1.066601,30,136,60,3,0E-8,0.06221214,,0E-8,0.000000,0.890988,0.000000,,2026-03-21,2026-06-26,25,407,206,98,0.255102,,,0.000000,,,,,,,,GLOBAL_BASELINE_NO_ENTITY_RANKING,,,NOT_APPLICABLE_GLOBAL_BASELINE,HF9g-P5,,,,X 全窗基线 · 不参与实体赏罚,14192059,1420,A168_HF9F_20260827_0900,2026-08-27 09:00:00
2026-04-06,112874672,1396,0,361.2281757979,-0.7852786431,-0.7852786431,0.4285714,7,7,0.49899058571428571,0.498990585714,-0.3726239140161595,-0.3726239140146481,-0.3726239140161595,2.8571E-13,ELIGIBLE,R03b_20260811_FULL_v1,L1_ELIGIBILITY,v2026-08-11,2026-03-21..2026-08-06,baccarat_bet02_101_all_pairs_incl_sentinel,round_win = game_pnl > 0 (decisive only),COMPATIBILITY_ONLY_NOT_PRODUCTION,106707.5342,95075.1759,6638.5039,1274,1273,-0.06221214,,-0.06221214,-0.06221214,-6638.5039,106707.5342,OK,0.0000,265.5402,4.0000,96.0000,AG03-UNRESOLVED,ALL5_LEVELS_bet23_to_bet27,265.5402,265.5402,331.9252,0.0000,0.0000,4.000000,4.000000,5.000000,0.000000,0.000000,96.000000,96.000000,95.000000,100.000000,100.000000,5.0,863.0055,826.361,5775.4984,5812.1429,PENDING_AG03,FALSE,NOT_FOR_ENFORCEMENT,6372.9637,91272.1688,6638.5039,6372.9637,265.5402,0.06221214,0.05972365,265.5402,6372.9637,0.05972365,265.5402,265.5402,331.9252,0.0000,0.0000,6372.9637,0.05972365,863.0055,826.361,5775.4984,5812.1429,0.05412456,0.05446797,0.00248849,83.7579,74.6859,5.2148,265.5402,16.3108,4268.3014,50.9200,,83.7579,52.3519,78.5279,109.939,141.1146,183.2317,261.7596,73.2927,0.0,2.333333,3.333333,1.066601,30,136,60,3,0E-8,0.06221214,,0E-8,0.000000,0.890988,0.000000,,2026-03-21,2026-06-26,25,407,206,98,0.255102,,,0.000000,,,,,,,,GLOBAL_BASELINE_NO_ENTITY_RANKING,,,NOT_APPLICABLE_GLOBAL_BASELINE,HF9g-P5,,,,X 全窗基线 · 不参与实体赏罚,14192060,1420,A168_HF9F_20260827_0900,2026-08-27 09:00:00
2026-04-06,112874672,1505,0,546.2921760071,76.4337879224,76.4337879224,0.6250000,9,9,0.50218230000000000,0.502182300000,0.6947684457661463,0.6947684457661463,0.6947684457661463,0E-17,ELIGIBLE,R03b_20260811_FULL_v1,L1_ELIGIBILITY,v2026-08-11,2026-03-21..2026-08-06,baccarat_bet02_101_all_pairs_incl_sentinel,round_win = game_pnl > 0 (decisive only),COMPATIBILITY_ONLY_NOT_PRODUCTION,106707.5342,95075.1759,6638.5039,1274,1273,-0.06221214,,-0.06221214,-0.06221214,-6638.5039,106707.5342,OK,0.0000,265.5402,4.0000,96.0000,AG03-UNRESOLVED,ALL5_LEVELS_bet23_to_bet27,265.5402,265.5402,331.9252,0.0000,0.0000,4.000000,4.000000,5.000000,0.000000,0.000000,96.000000,96.000000,95.000000,100.000000,100.000000,5.0,863.0055,826.361,5775.4984,5812.1429,PENDING_AG03,FALSE,NOT_FOR_ENFORCEMENT,6372.9637,91272.1688,6638.5039,6372.9637,265.5402,0.06221214,0.05972365,265.5402,6372.9637,0.05972365,265.5402,265.5402,331.9252,0.0000,0.0000,6372.9637,0.05972365,863.0055,826.361,5775.4984,5812.1429,0.05412456,0.05446797,0.00248849,83.7579,74.6859,5.2148,265.5402,16.3108,4268.3014,50.9200,,83.7579,52.3519,78.5279,109.939,141.1146,183.2317,261.7596,73.2927,0.0,2.333333,3.333333,1.066601,30,136,60,3,0E-8,0.06221214,,0E-8,0.000000,0.890988,0.000000,,2026-03-21,2026-06-26,25,407,206,98,0.255102,,,0.000000,,,,,,,,GLOBAL_BASELINE_NO_ENTITY_RANKING,,,NOT_APPLICABLE_GLOBAL_BASELINE,HF9g-P5,,,,X 全窗基线 · 不参与实体赏罚,14192061,1420,A168_HF9F_20260827_0900,2026-08-27 09:00:00
2026-04-06,112874672,1703,0,41.8815276287,-41.8815276287,-41.8815276287,0E-7,1,1,0.50665070000000000,0.506650700000,-1.013391052207602,-1.013391052207602,-1.013391052207602,0E-17,ELIGIBLE,R03b_20260811_FULL_v1,L1_ELIGIBILITY,v2026-08-11,2026-03-21..2026-08-06,baccarat_bet02_101_all_pairs_incl_sentinel,round_win = game_pnl > 0 (decisive only),COMPATIBILITY_ONLY_NOT_PRODUCTION,106707.5342,95075.1759,6638.5039,1274,1273,-0.06221214,,-0.06221214,-0.06221214,-6638.5039,106707.5342,OK,0.0000,265.5402,4.0000,96.0000,AG03-UNRESOLVED,ALL5_LEVELS_bet23_to_bet27,265.5402,265.5402,331.9252,0.0000,0.0000,4.000000,4.000000,5.000000,0.000000,0.000000,96.000000,96.000000,95.000000,100.000000,100.000000,5.0,863.0055,826.361,5775.4984,5812.1429,PENDING_AG03,FALSE,NOT_FOR_ENFORCEMENT,6372.9637,91272.1688,6638.5039,6372.9637,265.5402,0.06221214,0.05972365,265.5402,6372.9637,0.05972365,265.5402,265.5402,331.9252,0.0000,0.0000,6372.9637,0.05972365,863.0055,826.361,5775.4984,5812.1429,0.05412456,0.05446797,0.00248849,83.7579,74.6859,5.2148,265.5402,16.3108,4268.3014,50.9200,,83.7579,52.3519,78.5279,109.939,141.1146,183.2317,261.7596,73.2927,0.0,2.333333,3.333333,1.066601,30,136,60,3,0E-8,0.06221214,,0E-8,0.000000,0.890988,0.000000,,2026-03-21,2026-06-26,25,407,206,98,0.255102,,,0.000000,,,,,,,,GLOBAL_BASELINE_NO_ENTITY_RANKING,,,NOT_APPLICABLE_GLOBAL_BASELINE,HF9g-P5,,,,X 全窗基线 · 不参与实体赏罚,14192062,1420,A168_HF9F_20260827_0900,2026-08-27 09:00:00
2026-04-06,112874672,1710,0,235.5835929117,78.5278643039,78.5278643039,0.5000000,4,4,0.49324550000000000,0.493245500000,0.027020465636507562,0.027020465636507562,0.027020465636507562,0E-17,ELIGIBLE,R03b_20260811_FULL_v1,L1_ELIGIBILITY,v2026-08-11,2026-03-21..2026-08-06,baccarat_bet02_101_all_pairs_incl_sentinel,round_win = game_pnl > 0 (decisive only),COMPATIBILITY_ONLY_NOT_PRODUCTION,106707.5342,95075.1759,6638.5039,1274,1273,-0.06221214,,-0.06221214,-0.06221214,-6638.5039,106707.5342,OK,0.0000,265.5402,4.0000,96.0000,AG03-UNRESOLVED,ALL5_LEVELS_bet23_to_bet27,265.5402,265.5402,331.9252,0.0000,0.0000,4.000000,4.000000,5.000000,0.000000,0.000000,96.000000,96.000000,95.000000,100.000000,100.000000,5.0,863.0055,826.361,5775.4984,5812.1429,PENDING_AG03,FALSE,NOT_FOR_ENFORCEMENT,6372.9637,91272.1688,6638.5039,6372.9637,265.5402,0.06221214,0.05972365,265.5402,6372.9637,0.05972365,265.5402,265.5402,331.9252,0.0000,0.0000,6372.9637,0.05972365,863.0055,826.361,5775.4984,5812.1429,0.05412456,0.05446797,0.00248849,83.7579,74.6859,5.2148,265.5402,16.3108,4268.3014,50.9200,,83.7579,52.3519,78.5279,109.939,141.1146,183.2317,261.7596,73.2927,0.0,2.333333,3.333333,1.066601,30,136,60,3,0E-8,0.06221214,,0E-8,0.000000,0.890988,0.000000,,2026-03-21,2026-06-26,25,407,206,98,0.255102,,,0.000000,,,,,,,,GLOBAL_BASELINE_NO_ENTITY_RANKING,,,NOT_APPLICABLE_GLOBAL_BASELINE,HF9g-P5,,,,X 全窗基线 · 不参与实体赏罚,14192063,1420,A168_HF9F_20260827_0900,2026-08-27 09:00:00
2026-04-06,112874672,1942,0,1164.8299871739,-86.3806507341,-86.3806507341,0.4000000,11,11,0.49568280909090909,0.495682809091,-0.6051737783451393,-0.6051737783457133,-0.6051737783451393,-9.091E-14,ELIGIBLE,R03b_20260811_FULL_v1,L1_ELIGIBILITY,v2026-08-11,2026-03-21..2026-08-06,baccarat_bet02_101_all_pairs_incl_sentinel,round_win = game_pnl > 0 (decisive only),COMPATIBILITY_ONLY_NOT_PRODUCTION,106707.5342,95075.1759,6638.5039,1274,1273,-0.06221214,,-0.06221214,-0.06221214,-6638.5039,106707.5342,OK,0.0000,265.5402,4.0000,96.0000,AG03-UNRESOLVED,ALL5_LEVELS_bet23_to_bet27,265.5402,265.5402,331.9252,0.0000,0.0000,4.000000,4.000000,5.000000,0.000000,0.000000,96.000000,96.000000,95.000000,100.000000,100.000000,5.0,863.0055,826.361,5775.4984,5812.1429,PENDING_AG03,FALSE,NOT_FOR_ENFORCEMENT,6372.9637,91272.1688,6638.5039,6372.9637,265.5402,0.06221214,0.05972365,265.5402,6372.9637,0.05972365,265.5402,265.5402,331.9252,0.0000,0.0000,6372.9637,0.05972365,863.0055,826.361,5775.4984,5812.1429,0.05412456,0.05446797,0.00248849,83.7579,74.6859,5.2148,265.5402,16.3108,4268.3014,50.9200,,83.7579,52.3519,78.5279,109.939,141.1146,183.2317,261.7596,73.2927,0.0,2.333333,3.333333,1.066601,30,136,60,3,0E-8,0.06221214,,0E-8,0.000000,0.890988,0.000000,,2026-03-21,2026-06-26,25,407,206,98,0.255102,,,0.000000,,,,,,,,GLOBAL_BASELINE_NO_ENTITY_RANKING,,,NOT_APPLICABLE_GLOBAL_BASELINE,HF9g-P5,,,,X 全窗基线 · 不参与实体赏罚,14192064,1420,A168_HF9F_20260827_0900,2026-08-27 09:00:00
2026-04-06,112874672,1951,0,52.3519095359,-52.3519095359,-52.3519095359,0E-7,1,1,0.50665070000000000,0.506650700000,-1.013391052207602,-1.013391052207602,-1.013391052207602,0E-17,ELIGIBLE,R03b_20260811_FULL_v1,L1_ELIGIBILITY,v2026-08-11,2026-03-21..2026-08-06,baccarat_bet02_101_all_pairs_incl_sentinel,round_win = game_pnl > 0 (decisive only),COMPATIBILITY_ONLY_NOT_PRODUCTION,106707.5342,95075.1759,6638.5039,1274,1273,-0.06221214,,-0.06221214,-0.06221214,-6638.5039,106707.5342,OK,0.0000,265.5402,4.0000,96.0000,AG03-UNRESOLVED,ALL5_LEVELS_bet23_to_bet27,265.5402,265.5402,331.9252,0.0000,0.0000,4.000000,4.000000,5.000000,0.000000,0.000000,96.000000,96.000000,95.000000,100.000000,100.000000,5.0,863.0055,826.361,5775.4984,5812.1429,PENDING_AG03,FALSE,NOT_FOR_ENFORCEMENT,6372.9637,91272.1688,6638.5039,6372.9637,265.5402,0.06221214,0.05972365,265.5402,6372.9637,0.05972365,265.5402,265.5402,331.9252,0.0000,0.0000,6372.9637,0.05972365,863.0055,826.361,5775.4984,5812.1429,0.05412456,0.05446797,0.00248849,83.7579,74.6859,5.2148,265.5402,16.3108,4268.3014,50.9200,,83.7579,52.3519,78.5279,109.939,141.1146,183.2317,261.7596,73.2927,0.0,2.333333,3.333333,1.066601,30,136,60,3,0E-8,0.06221214,,0E-8,0.000000,0.890988,0.000000,,2026-03-21,2026-06-26,25,407,206,98,0.255102,,,0.000000,,,,,,,,GLOBAL_BASELINE_NO_ENTITY_RANKING,,,NOT_APPLICABLE_GLOBAL_BASELINE,HF9g-P5,,,,X 全窗基线 · 不参与实体赏罚,14192065,1420,A168_HF9F_20260827_0900,2026-08-27 09:00:00
2026-04-06,112874672,1963,0,376.6719891110,-167.2643509672,-167.2643509672,0.5000000,4,4,0.49659680000000000,0.496596800000,0.013613115331600182,0.013613115331600183,0.013613115331600182,0E-17,ELIGIBLE,R03b_20260811_FULL_v1,L1_ELIGIBILITY,v2026-08-11,2026-03-21..2026-08-06,baccarat_bet02_101_all_pairs_incl_sentinel,round_win = game_pnl > 0 (decisive only),COMPATIBILITY_ONLY_NOT_PRODUCTION,106707.5342,95075.1759,6638.5039,1274,1273,-0.06221214,,-0.06221214,-0.06221214,-6638.5039,106707.5342,OK,0.0000,265.5402,4.0000,96.0000,AG03-UNRESOLVED,ALL5_LEVELS_bet23_to_bet27,265.5402,265.5402,331.9252,0.0000,0.0000,4.000000,4.000000,5.000000,0.000000,0.000000,96.000000,96.000000,95.000000,100.000000,100.000000,5.0,863.0055,826.361,5775.4984,5812.1429,PENDING_AG03,FALSE,NOT_FOR_ENFORCEMENT,6372.9637,91272.1688,6638.5039,6372.9637,265.5402,0.06221214,0.05972365,265.5402,6372.9637,0.05972365,265.5402,265.5402,331.9252,0.0000,0.0000,6372.9637,0.05972365,863.0055,826.361,5775.4984,5812.1429,0.05412456,0.05446797,0.00248849,83.7579,74.6859,5.2148,265.5402,16.3108,4268.3014,50.9200,,83.7579,52.3519,78.5279,109.939,141.1146,183.2317,261.7596,73.2927,0.0,2.333333,3.333333,1.066601,30,136,60,3,0E-8,0.06221214,,0E-8,0.000000,0.890988,0.000000,,2026-03-21,2026-06-26,25,407,206,98,0.255102,,,0.000000,,,,,,,,GLOBAL_BASELINE_NO_ENTITY_RANKING,,,NOT_APPLICABLE_GLOBAL_BASELINE,HF9g-P5,,,,X 全窗基线 · 不参与实体赏罚,14192066,1420,A168_HF9F_20260827_0900,2026-08-27 09:00:00
2026-04-06,112874672,2115,0,235.5835929116,-26.1759547680,-26.1759547680,0.5000000,4,4,0.49324550000000000,0.493245500000,0.027020465636507562,0.027020465636507562,0.027020465636507562,0E-17,ELIGIBLE,R03b_20260811_FULL_v1,L1_ELIGIBILITY,v2026-08-11,2026-03-21..2026-08-06,baccarat_bet02_101_all_pairs_incl_sentinel,round_win = game_pnl > 0 (decisive only),COMPATIBILITY_ONLY_NOT_PRODUCTION,106707.5342,95075.1759,6638.5039,1274,1273,-0.06221214,,-0.06221214,-0.06221214,-6638.5039,106707.5342,OK,0.0000,265.5402,4.0000,96.0000,AG03-UNRESOLVED,ALL5_LEVELS_bet23_to_bet27,265.5402,265.5402,331.9252,0.0000,0.0000,4.000000,4.000000,5.000000,0.000000,0.000000,96.000000,96.000000,95.000000,100.000000,100.000000,5.0,863.0055,826.361,5775.4984,5812.1429,PENDING_AG03,FALSE,NOT_FOR_ENFORCEMENT,6372.9637,91272.1688,6638.5039,6372.9637,265.5402,0.06221214,0.05972365,265.5402,6372.9637,0.05972365,265.5402,265.5402,331.9252,0.0000,0.0000,6372.9637,0.05972365,863.0055,826.361,5775.4984,5812.1429,0.05412456,0.05446797,0.00248849,83.7579,74.6859,5.2148,265.5402,16.3108,4268.3014,50.9200,,83.7579,52.3519,78.5279,109.939,141.1146,183.2317,261.7596,73.2927,0.0,2.333333,3.333333,1.066601,30,136,60,3,0E-8,0.06221214,,0E-8,0.000000,0.890988,0.000000,,2026-03-21,2026-06-26,25,407,206,98,0.255102,,,0.000000,,,,,,,,GLOBAL_BASELINE_NO_ENTITY_RANKING,,,NOT_APPLICABLE_GLOBAL_BASELINE,HF9g-P5,,,,X 全窗基线 · 不参与实体赏罚,14192067,1420,A168_HF9F_20260827_0900,2026-08-27 09:00:00
2026-04-06,112874672,2117,0,117.7917964558,-117.7917964558,-117.7917964558,0E-7,1,1,0.50665070000000000,0.506650700000,-1.013391052207602,-1.013391052207602,-1.013391052207602,0E-17,ELIGIBLE,R03b_20260811_FULL_v1,L1_ELIGIBILITY,v2026-08-11,2026-03-21..2026-08-06,baccarat_bet02_101_all_pairs_incl_sentinel,round_win = game_pnl > 0 (decisive only),COMPATIBILITY_ONLY_NOT_PRODUCTION,106707.5342,95075.1759,6638.5039,1274,1273,-0.06221214,,-0.06221214,-0.06221214,-6638.5039,106707.5342,OK,0.0000,265.5402,4.0000,96.0000,AG03-UNRESOLVED,ALL5_LEVELS_bet23_to_bet27,265.5402,265.5402,331.9252,0.0000,0.0000,4.000000,4.000000,5.000000,0.000000,0.000000,96.000000,96.000000,95.000000,100.000000,100.000000,5.0,863.0055,826.361,5775.4984,5812.1429,PENDING_AG03,FALSE,NOT_FOR_ENFORCEMENT,6372.9637,91272.1688,6638.5039,6372.9637,265.5402,0.06221214,0.05972365,265.5402,6372.9637,0.05972365,265.5402,265.5402,331.9252,0.0000,0.0000,6372.9637,0.05972365,863.0055,826.361,5775.4984,5812.1429,0.05412456,0.05446797,0.00248849,83.7579,74.6859,5.2148,265.5402,16.3108,4268.3014,50.9200,,83.7579,52.3519,78.5279,109.939,141.1146,183.2317,261.7596,73.2927,0.0,2.333333,3.333333,1.066601,30,136,60,3,0E-8,0.06221214,,0E-8,0.000000,0.890988,0.000000,,2026-03-21,2026-06-26,25,407,206,98,0.255102,,,0.000000,,,,,,,,GLOBAL_BASELINE_NO_ENTITY_RANKING,,,NOT_APPLICABLE_GLOBAL_BASELINE,HF9g-P5,,,,X 全窗基线 · 不参与实体赏罚,14192068,1420,A168_HF9F_20260827_0900,2026-08-27 09:00:00
2026-04-06,112874672,2129,0,1359.8408501954,-319.0194487345,-319.0194487345,0.4285714,15,15,0.49950126000000000,0.499501260000,-0.5307905194741083,-0.5307905194741082,-0.5307905194741083,0E-17,ELIGIBLE,R03b_20260811_FULL_v1,L1_ELIGIBILITY,v2026-08-11,2026-03-21..2026-08-06,baccarat_bet02_101_all_pairs_incl_sentinel,round_win = game_pnl > 0 (decisive only),COMPATIBILITY_ONLY_NOT_PRODUCTION,106707.5342,95075.1759,6638.5039,1274,1273,-0.06221214,,-0.06221214,-0.06221214,-6638.5039,106707.5342,OK,0.0000,265.5402,4.0000,96.0000,AG03-UNRESOLVED,ALL5_LEVELS_bet23_to_bet27,265.5402,265.5402,331.9252,0.0000,0.0000,4.000000,4.000000,5.000000,0.000000,0.000000,96.000000,96.000000,95.000000,100.000000,100.000000,5.0,863.0055,826.361,5775.4984,5812.1429,PENDING_AG03,FALSE,NOT_FOR_ENFORCEMENT,6372.9637,91272.1688,6638.5039,6372.9637,265.5402,0.06221214,0.05972365,265.5402,6372.9637,0.05972365,265.5402,265.5402,331.9252,0.0000,0.0000,6372.9637,0.05972365,863.0055,826.361,5775.4984,5812.1429,0.05412456,0.05446797,0.00248849,83.7579,74.6859,5.2148,265.5402,16.3108,4268.3014,50.9200,,83.7579,52.3519,78.5279,109.939,141.1146,183.2317,261.7596,73.2927,0.0,2.333333,3.333333,1.066601,30,136,60,3,0E-8,0.06221214,,0E-8,0.000000,0.890988,0.000000,,2026-03-21,2026-06-26,25,407,206,98,0.255102,,,0.000000,,,,,,,,GLOBAL_BASELINE_NO_ENTITY_RANKING,,,NOT_APPLICABLE_GLOBAL_BASELINE,HF9g-P5,,,,X 全窗基线 · 不参与实体赏罚,14192069,1420,A168_HF9F_20260827_0900,2026-08-27 09:00:00
2026-04-06,112874672,2160,0,40.3109703426,38.2954218255,38.2954218255,1.0000000,1,1,0.50665070000000000,0.506650700000,0.9867858985152569,0.9867858985152569,0.9867858985152569,0E-17,ELIGIBLE,R03b_20260811_FULL_v1,L1_ELIGIBILITY,v2026-08-11,2026-03-21..2026-08-06,baccarat_bet02_101_all_pairs_incl_sentinel,round_win = game_pnl > 0 (decisive only),COMPATIBILITY_ONLY_NOT_PRODUCTION,106707.5342,95075.1759,6638.5039,1274,1273,-0.06221214,,-0.06221214,-0.06221214,-6638.5039,106707.5342,OK,0.0000,265.5402,4.0000,96.0000,AG03-UNRESOLVED,ALL5_LEVELS_bet23_to_bet27,265.5402,265.5402,331.9252,0.0000,0.0000,4.000000,4.000000,5.000000,0.000000,0.000000,96.000000,96.000000,95.000000,100.000000,100.000000,5.0,863.0055,826.361,5775.4984,5812.1429,PENDING_AG03,FALSE,NOT_FOR_ENFORCEMENT,6372.9637,91272.1688,6638.5039,6372.9637,265.5402,0.06221214,0.05972365,265.5402,6372.9637,0.05972365,265.5402,265.5402,331.9252,0.0000,0.0000,6372.9637,0.05972365,863.0055,826.361,5775.4984,5812.1429,0.05412456,0.05446797,0.00248849,83.7579,74.6859,5.2148,265.5402,16.3108,4268.3014,50.9200,,83.7579,52.3519,78.5279,109.939,141.1146,183.2317,261.7596,73.2927,0.0,2.333333,3.333333,1.066601,30,136,60,3,0E-8,0.06221214,,0E-8,0.000000,0.890988,0.000000,,2026-03-21,2026-06-26,25,407,206,98,0.255102,,,0.000000,,,,,,,,GLOBAL_BASELINE_NO_ENTITY_RANKING,,,NOT_APPLICABLE_GLOBAL_BASELINE,HF9g-P5,,,,X 全窗基线 · 不参与实体赏罚,14192070,1420,A168_HF9F_20260827_0900,2026-08-27 09:00:00
2026-04-06,112874672,2223,0,162.2909195613,-5.2351909535,-5.2351909535,0.3333333,3,3,0.50218230000000000,0.502182300000,-0.5849155494134425,-0.5849155494134426,-0.5849155494134425,0E-17,ELIGIBLE,R03b_20260811_FULL_v1,L1_ELIGIBILITY,v2026-08-11,2026-03-21..2026-08-06,baccarat_bet02_101_all_pairs_incl_sentinel,round_win = game_pnl > 0 (decisive only),COMPATIBILITY_ONLY_NOT_PRODUCTION,106707.5342,95075.1759,6638.5039,1274,1273,-0.06221214,,-0.06221214,-0.06221214,-6638.5039,106707.5342,OK,0.0000,265.5402,4.0000,96.0000,AG03-UNRESOLVED,ALL5_LEVELS_bet23_to_bet27,265.5402,265.5402,331.9252,0.0000,0.0000,4.000000,4.000000,5.000000,0.000000,0.000000,96.000000,96.000000,95.000000,100.000000,100.000000,5.0,863.0055,826.361,5775.4984,5812.1429,PENDING_AG03,FALSE,NOT_FOR_ENFORCEMENT,6372.9637,91272.1688,6638.5039,6372.9637,265.5402,0.06221214,0.05972365,265.5402,6372.9637,0.05972365,265.5402,265.5402,331.9252,0.0000,0.0000,6372.9637,0.05972365,863.0055,826.361,5775.4984,5812.1429,0.05412456,0.05446797,0.00248849,83.7579,74.6859,5.2148,265.5402,16.3108,4268.3014,50.9200,,83.7579,52.3519,78.5279,109.939,141.1146,183.2317,261.7596,73.2927,0.0,2.333333,3.333333,1.066601,30,136,60,3,0E-8,0.06221214,,0E-8,0.000000,0.890988,0.000000,,2026-03-21,2026-06-26,25,407,206,98,0.255102,,,0.000000,,,,,,,,GLOBAL_BASELINE_NO_ENTITY_RANKING,,,NOT_APPLICABLE_GLOBAL_BASELINE,HF9g-P5,,,,X 全窗基线 · 不参与实体赏罚,14192071,1420,A168_HF9F_20260827_0900,2026-08-27 09:00:00
2026-04-06,112874672,2256,0,78.5278643039,78.5278643039,78.5278643039,1.0000000,1,1,0.49324550000000000,0.493245500000,1.01360149184955,1.01360149184955,1.01360149184955,0E-17,ELIGIBLE,R03b_20260811_FULL_v1,L1_ELIGIBILITY,v2026-08-11,2026-03-21..2026-08-06,baccarat_bet02_101_all_pairs_incl_sentinel,round_win = game_pnl > 0 (decisive only),COMPATIBILITY_ONLY_NOT_PRODUCTION,106707.5342,95075.1759,6638.5039,1274,1273,-0.06221214,,-0.06221214,-0.06221214,-6638.5039,106707.5342,OK,0.0000,265.5402,4.0000,96.0000,AG03-UNRESOLVED,ALL5_LEVELS_bet23_to_bet27,265.5402,265.5402,331.9252,0.0000,0.0000,4.000000,4.000000,5.000000,0.000000,0.000000,96.000000,96.000000,95.000000,100.000000,100.000000,5.0,863.0055,826.361,5775.4984,5812.1429,PENDING_AG03,FALSE,NOT_FOR_ENFORCEMENT,6372.9637,91272.1688,6638.5039,6372.9637,265.5402,0.06221214,0.05972365,265.5402,6372.9637,0.05972365,265.5402,265.5402,331.9252,0.0000,0.0000,6372.9637,0.05972365,863.0055,826.361,5775.4984,5812.1429,0.05412456,0.05446797,0.00248849,83.7579,74.6859,5.2148,265.5402,16.3108,4268.3014,50.9200,,83.7579,52.3519,78.5279,109.939,141.1146,183.2317,261.7596,73.2927,0.0,2.333333,3.333333,1.066601,30,136,60,3,0E-8,0.06221214,,0E-8,0.000000,0.890988,0.000000,,2026-03-21,2026-06-26,25,407,206,98,0.255102,,,0.000000,,,,,,,,GLOBAL_BASELINE_NO_ENTITY_RANKING,,,NOT_APPLICABLE_GLOBAL_BASELINE,HF9g-P5,,,,X 全窗基线 · 不参与实体赏罚,14192072,1420,A168_HF9F_20260827_0900,2026-08-27 09:00:00
2026-04-06,112874672,2266,0,199.9842944271,152.6843441615,152.6843441615,1.0000000,4,4,0.50329940000000000,0.503299400000,1.7206588134302945,1.7206588134302945,1.7206588134302945,0E-17,ELIGIBLE,R03b_20260811_FULL_v1,L1_ELIGIBILITY,v2026-08-11,2026-03-21..2026-08-06,baccarat_bet02_101_all_pairs_incl_sentinel,round_win = game_pnl > 0 (decisive only),COMPATIBILITY_ONLY_NOT_PRODUCTION,106707.5342,95075.1759,6638.5039,1274,1273,-0.06221214,,-0.06221214,-0.06221214,-6638.5039,106707.5342,OK,0.0000,265.5402,4.0000,96.0000,AG03-UNRESOLVED,ALL5_LEVELS_bet23_to_bet27,265.5402,265.5402,331.9252,0.0000,0.0000,4.000000,4.000000,5.000000,0.000000,0.000000,96.000000,96.000000,95.000000,100.000000,100.000000,5.0,863.0055,826.361,5775.4984,5812.1429,PENDING_AG03,FALSE,NOT_FOR_ENFORCEMENT,6372.9637,91272.1688,6638.5039,6372.9637,265.5402,0.06221214,0.05972365,265.5402,6372.9637,0.05972365,265.5402,265.5402,331.9252,0.0000,0.0000,6372.9637,0.05972365,863.0055,826.361,5775.4984,5812.1429,0.05412456,0.05446797,0.00248849,83.7579,74.6859,5.2148,265.5402,16.3108,4268.3014,50.9200,,83.7579,52.3519,78.5279,109.939,141.1146,183.2317,261.7596,73.2927,0.0,2.333333,3.333333,1.066601,30,136,60,3,0E-8,0.06221214,,0E-8,0.000000,0.890988,0.000000,,2026-03-21,2026-06-26,25,407,206,98,0.255102,,,0.000000,,,,,,,,GLOBAL_BASELINE_NO_ENTITY_RANKING,,,NOT_APPLICABLE_GLOBAL_BASELINE,HF9g-P5,,,,X 全窗基线 · 不参与实体赏罚,14192073,1420,A168_HF9F_20260827_0900,2026-08-27 09:00:00
2026-04-06,112874672,526,0,120.4093919326,-15.7055728608,-15.7055728608,0.5000000,2,2,0.49994810000000000,0.499948100000,0.00014679536856514622,0.00014679536856514622,0.00014679536856514622,0E-17,ELIGIBLE,R03b_20260811_FULL_v1,L1_ELIGIBILITY,v2026-08-11,2026-03-21..2026-08-06,baccarat_bet02_101_all_pairs_incl_sentinel,round_win = game_pnl > 0 (decisive only),COMPATIBILITY_ONLY_NOT_PRODUCTION,106707.5342,95075.1759,6638.5039,1274,1273,-0.06221214,,-0.06221214,-0.06221214,-6638.5039,106707.5342,OK,0.0000,265.5402,4.0000,96.0000,AG03-UNRESOLVED,ALL5_LEVELS_bet23_to_bet27,265.5402,265.5402,331.9252,0.0000,0.0000,4.000000,4.000000,5.000000,0.000000,0.000000,96.000000,96.000000,95.000000,100.000000,100.000000,5.0,863.0055,826.361,5775.4984,5812.1429,PENDING_AG03,FALSE,NOT_FOR_ENFORCEMENT,6372.9637,91272.1688,6638.5039,6372.9637,265.5402,0.06221214,0.05972365,265.5402,6372.9637,0.05972365,265.5402,265.5402,331.9252,0.0000,0.0000,6372.9637,0.05972365,863.0055,826.361,5775.4984,5812.1429,0.05412456,0.05446797,0.00248849,83.7579,74.6859,5.2148,265.5402,16.3108,4268.3014,50.9200,,83.7579,52.3519,78.5279,109.939,141.1146,183.2317,261.7596,73.2927,0.0,2.333333,3.333333,1.066601,30,136,60,3,0E-8,0.06221214,,0E-8,0.000000,0.890988,0.000000,,2026-03-21,2026-06-26,25,407,206,98,0.255102,,,0.000000,,,,,,,,GLOBAL_BASELINE_NO_ENTITY_RANKING,,,NOT_APPLICABLE_GLOBAL_BASELINE,HF9g-P5,,,,X 全窗基线 · 不参与实体赏罚,14192074,1420,A168_HF9F_20260827_0900,2026-08-27 09:00:00
2026-04-06,112874672,550,0,104.7038190719,52.3519095359,52.3519095359,0.5000000,2,2,0.49324550000000000,0.493245500000,0.01910635448239258,0.01910635448239258,0.01910635448239258,0E-17,ELIGIBLE,R03b_20260811_FULL_v1,L1_ELIGIBILITY,v2026-08-11,2026-03-21..2026-08-06,baccarat_bet02_101_all_pairs_incl_sentinel,round_win = game_pnl > 0 (decisive only),COMPATIBILITY_ONLY_NOT_PRODUCTION,106707.5342,95075.1759,6638.5039,1274,1273,-0.06221214,,-0.06221214,-0.06221214,-6638.5039,106707.5342,OK,0.0000,265.5402,4.0000,96.0000,AG03-UNRESOLVED,ALL5_LEVELS_bet23_to_bet27,265.5402,265.5402,331.9252,0.0000,0.0000,4.000000,4.000000,5.000000,0.000000,0.000000,96.000000,96.000000,95.000000,100.000000,100.000000,5.0,863.0055,826.361,5775.4984,5812.1429,PENDING_AG03,FALSE,NOT_FOR_ENFORCEMENT,6372.9637,91272.1688,6638.5039,6372.9637,265.5402,0.06221214,0.05972365,265.5402,6372.9637,0.05972365,265.5402,265.5402,331.9252,0.0000,0.0000,6372.9637,0.05972365,863.0055,826.361,5775.4984,5812.1429,0.05412456,0.05446797,0.00248849,83.7579,74.6859,5.2148,265.5402,16.3108,4268.3014,50.9200,,83.7579,52.3519,78.5279,109.939,141.1146,183.2317,261.7596,73.2927,0.0,2.333333,3.333333,1.066601,30,136,60,3,0E-8,0.06221214,,0E-8,0.000000,0.890988,0.000000,,2026-03-21,2026-06-26,25,407,206,98,0.255102,,,0.000000,,,,,,,,GLOBAL_BASELINE_NO_ENTITY_RANKING,,,NOT_APPLICABLE_GLOBAL_BASELINE,HF9g-P5,,,,X 全窗基线 · 不参与实体赏罚,14192075,1420,A168_HF9F_20260827_0900,2026-08-27 09:00:00
2026-04-06,112874672,789,0,115.1742009790,0E-10,0E-10,,2,2,0.49324550000000000,0.493245500000,,,,0E-17,NO_DECISIVE_ROUND,R03b_20260811_FULL_v1,L1_ELIGIBILITY,v2026-08-11,2026-03-21..2026-08-06,baccarat_bet02_101_all_pairs_incl_sentinel,round_win = game_pnl > 0 (decisive only),COMPATIBILITY_ONLY_NOT_PRODUCTION,106707.5342,95075.1759,6638.5039,1274,1273,-0.06221214,,-0.06221214,-0.06221214,-6638.5039,106707.5342,OK,0.0000,265.5402,4.0000,96.0000,AG03-UNRESOLVED,ALL5_LEVELS_bet23_to_bet27,265.5402,265.5402,331.9252,0.0000,0.0000,4.000000,4.000000,5.000000,0.000000,0.000000,96.000000,96.000000,95.000000,100.000000,100.000000,5.0,863.0055,826.361,5775.4984,5812.1429,PENDING_AG03,FALSE,NOT_FOR_ENFORCEMENT,6372.9637,91272.1688,6638.5039,6372.9637,265.5402,0.06221214,0.05972365,265.5402,6372.9637,0.05972365,265.5402,265.5402,331.9252,0.0000,0.0000,6372.9637,0.05972365,863.0055,826.361,5775.4984,5812.1429,0.05412456,0.05446797,0.00248849,83.7579,74.6859,5.2148,265.5402,16.3108,4268.3014,50.9200,,83.7579,52.3519,78.5279,109.939,141.1146,183.2317,261.7596,73.2927,0.0,2.333333,3.333333,1.066601,30,136,60,3,0E-8,0.06221214,,0E-8,0.000000,0.890988,0.000000,,2026-03-21,2026-06-26,25,407,206,98,0.255102,,,0.000000,,,,,,,,GLOBAL_BASELINE_NO_ENTITY_RANKING,,,NOT_APPLICABLE_GLOBAL_BASELINE,HF9g-P5,,,,X 全窗基线 · 不参与实体赏罚,14192076,1420,A168_HF9F_20260827_0900,2026-08-27 09:00:00
2026-04-06,112874672,986,0,314.1114572155,-52.3519095359,-52.3519095359,0.2500000,4,4,0.49324550000000000,0.493245500000,-0.9730707933947887,-0.9730707933947887,-0.9730707933947887,0E-17,ELIGIBLE,R03b_20260811_FULL_v1,L1_ELIGIBILITY,v2026-08-11,2026-03-21..2026-08-06,baccarat_bet02_101_all_pairs_incl_sentinel,round_win = game_pnl > 0 (decisive only),COMPATIBILITY_ONLY_NOT_PRODUCTION,106707.5342,95075.1759,6638.5039,1274,1273,-0.06221214,,-0.06221214,-0.06221214,-6638.5039,106707.5342,OK,0.0000,265.5402,4.0000,96.0000,AG03-UNRESOLVED,ALL5_LEVELS_bet23_to_bet27,265.5402,265.5402,331.9252,0.0000,0.0000,4.000000,4.000000,5.000000,0.000000,0.000000,96.000000,96.000000,95.000000,100.000000,100.000000,5.0,863.0055,826.361,5775.4984,5812.1429,PENDING_AG03,FALSE,NOT_FOR_ENFORCEMENT,6372.9637,91272.1688,6638.5039,6372.9637,265.5402,0.06221214,0.05972365,265.5402,6372.9637,0.05972365,265.5402,265.5402,331.9252,0.0000,0.0000,6372.9637,0.05972365,863.0055,826.361,5775.4984,5812.1429,0.05412456,0.05446797,0.00248849,83.7579,74.6859,5.2148,265.5402,16.3108,4268.3014,50.9200,,83.7579,52.3519,78.5279,109.939,141.1146,183.2317,261.7596,73.2927,0.0,2.333333,3.333333,1.066601,30,136,60,3,0E-8,0.06221214,,0E-8,0.000000,0.890988,0.000000,,2026-03-21,2026-06-26,25,407,206,98,0.255102,,,0.000000,,,,,,,,GLOBAL_BASELINE_NO_ENTITY_RANKING,,,NOT_APPLICABLE_GLOBAL_BASELINE,HF9g-P5,,,,X 全窗基线 · 不参与实体赏罚,14192077,1420,A168_HF9F_20260827_0900,2026-08-27 09:00:00
2026-04-06,112874672,987,0,732.9267335029,-112.5566055022,-112.5566055022,0.3333333,10,10,0.50128862000000000,0.501288620000,-1.007735066777365,-1.0077350667773652,-1.007735066777365,0E-17,ELIGIBLE,R03b_20260811_FULL_v1,L1_ELIGIBILITY,v2026-08-11,2026-03-21..2026-08-06,baccarat_bet02_101_all_pairs_incl_sentinel,round_win = game_pnl > 0 (decisive only),COMPATIBILITY_ONLY_NOT_PRODUCTION,106707.5342,95075.1759,6638.5039,1274,1273,-0.06221214,,-0.06221214,-0.06221214,-6638.5039,106707.5342,OK,0.0000,265.5402,4.0000,96.0000,AG03-UNRESOLVED,ALL5_LEVELS_bet23_to_bet27,265.5402,265.5402,331.9252,0.0000,0.0000,4.000000,4.000000,5.000000,0.000000,0.000000,96.000000,96.000000,95.000000,100.000000,100.000000,5.0,863.0055,826.361,5775.4984,5812.1429,PENDING_AG03,FALSE,NOT_FOR_ENFORCEMENT,6372.9637,91272.1688,6638.5039,6372.9637,265.5402,0.06221214,0.05972365,265.5402,6372.9637,0.05972365,265.5402,265.5402,331.9252,0.0000,0.0000,6372.9637,0.05972365,863.0055,826.361,5775.4984,5812.1429,0.05412456,0.05446797,0.00248849,83.7579,74.6859,5.2148,265.5402,16.3108,4268.3014,50.9200,,83.7579,52.3519,78.5279,109.939,141.1146,183.2317,261.7596,73.2927,0.0,2.333333,3.333333,1.066601,30,136,60,3,0E-8,0.06221214,,0E-8,0.000000,0.890988,0.000000,,2026-03-21,2026-06-26,25,407,206,98,0.255102,,,0.000000,,,,,,,,GLOBAL_BASELINE_NO_ENTITY_RANKING,,,NOT_APPLICABLE_GLOBAL_BASELINE,HF9g-P5,,,,X 全窗基线 · 不参与实体赏罚,14192078,1420,A168_HF9F_20260827_0900,2026-08-27 09:00:00
2026-04-10,112874672,2123,0,654.3988691989,-392.6393215193,-392.6393215193,0.2000000,5,5,0.49592654000000000,0.495926540000,-1.323467641100715,-1.323467641100715,-1.323467641100715,0E-17,ELIGIBLE,R03b_20260811_FULL_v1,L1_ELIGIBILITY,v2026-08-11,2026-03-21..2026-08-06,baccarat_bet02_101_all_pairs_incl_sentinel,round_win = game_pnl > 0 (decisive only),COMPATIBILITY_ONLY_NOT_PRODUCTION,106707.5342,95075.1759,6638.5039,1274,1273,-0.06221214,,-0.06221214,-0.06221214,-6638.5039,106707.5342,OK,0.0000,265.5402,4.0000,96.0000,AG03-UNRESOLVED,ALL5_LEVELS_bet23_to_bet27,265.5402,265.5402,331.9252,0.0000,0.0000,4.000000,4.000000,5.000000,0.000000,0.000000,96.000000,96.000000,95.000000,100.000000,100.000000,5.0,863.0055,826.361,5775.4984,5812.1429,PENDING_AG03,FALSE,NOT_FOR_ENFORCEMENT,6372.9637,91272.1688,6638.5039,6372.9637,265.5402,0.06221214,0.05972365,265.5402,6372.9637,0.05972365,265.5402,265.5402,331.9252,0.0000,0.0000,6372.9637,0.05972365,863.0055,826.361,5775.4984,5812.1429,0.05412456,0.05446797,0.00248849,83.7579,74.6859,5.2148,265.5402,16.3108,4268.3014,50.9200,,83.7579,52.3519,78.5279,109.939,141.1146,183.2317,261.7596,73.2927,0.0,2.333333,3.333333,1.066601,30,136,60,3,0E-8,0.06221214,,0E-8,0.000000,0.890988,0.000000,,2026-03-21,2026-06-26,25,407,206,98,0.255102,,,0.000000,,,,,,,,GLOBAL_BASELINE_NO_ENTITY_RANKING,,,NOT_APPLICABLE_GLOBAL_BASELINE,HF9g-P5,,,,X 全窗基线 · 不参与实体赏罚,14192079,1420,A168_HF9F_20260827_0900,2026-08-27 09:00:00
2026-04-10,112874672,2171,0,4.9734314059,-4.9734314059,-4.9734314059,0E-7,1,1,0.49324550000000000,0.493245500000,-0.9865810262130424,-0.9865810262130424,-0.9865810262130424,0E-17,ELIGIBLE,R03b_20260811_FULL_v1,L1_ELIGIBILITY,v2026-08-11,2026-03-21..2026-08-06,baccarat_bet02_101_all_pairs_incl_sentinel,round_win = game_pnl > 0 (decisive only),COMPATIBILITY_ONLY_NOT_PRODUCTION,106707.5342,95075.1759,6638.5039,1274,1273,-0.06221214,,-0.06221214,-0.06221214,-6638.5039,106707.5342,OK,0.0000,265.5402,4.0000,96.0000,AG03-UNRESOLVED,ALL5_LEVELS_bet23_to_bet27,265.5402,265.5402,331.9252,0.0000,0.0000,4.000000,4.000000,5.000000,0.000000,0.000000,96.000000,96.000000,95.000000,100.000000,100.000000,5.0,863.0055,826.361,5775.4984,5812.1429,PENDING_AG03,FALSE,NOT_FOR_ENFORCEMENT,6372.9637,91272.1688,6638.5039,6372.9637,265.5402,0.06221214,0.05972365,265.5402,6372.9637,0.05972365,265.5402,265.5402,331.9252,0.0000,0.0000,6372.9637,0.05972365,863.0055,826.361,5775.4984,5812.1429,0.05412456,0.05446797,0.00248849,83.7579,74.6859,5.2148,265.5402,16.3108,4268.3014,50.9200,,83.7579,52.3519,78.5279,109.939,141.1146,183.2317,261.7596,73.2927,0.0,2.333333,3.333333,1.066601,30,136,60,3,0E-8,0.06221214,,0E-8,0.000000,0.890988,0.000000,,2026-03-21,2026-06-26,25,407,206,98,0.255102,,,0.000000,,,,,,,,GLOBAL_BASELINE_NO_ENTITY_RANKING,,,NOT_APPLICABLE_GLOBAL_BASELINE,HF9g-P5,,,,X 全窗基线 · 不参与实体赏罚,14192080,1420,A168_HF9F_20260827_0900,2026-08-27 09:00:00
2026-04-11,112874672,1094,0,98.9451090228,-98.9451090228,-98.9451090228,0E-7,3,3,0.49324550000000000,0.493245500000,-1.708808463184432,-1.7088084631844318,-1.708808463184432,0E-17,ELIGIBLE,R03b_20260811_FULL_v1,L1_ELIGIBILITY,v2026-08-11,2026-03-21..2026-08-06,baccarat_bet02_101_all_pairs_incl_sentinel,round_win = game_pnl > 0 (decisive only),COMPATIBILITY_ONLY_NOT_PRODUCTION,106707.5342,95075.1759,6638.5039,1274,1273,-0.06221214,,-0.06221214,-0.06221214,-6638.5039,106707.5342,OK,0.0000,265.5402,4.0000,96.0000,AG03-UNRESOLVED,ALL5_LEVELS_bet23_to_bet27,265.5402,265.5402,331.9252,0.0000,0.0000,4.000000,4.000000,5.000000,0.000000,0.000000,96.000000,96.000000,95.000000,100.000000,100.000000,5.0,863.0055,826.361,5775.4984,5812.1429,PENDING_AG03,FALSE,NOT_FOR_ENFORCEMENT,6372.9637,91272.1688,6638.5039,6372.9637,265.5402,0.06221214,0.05972365,265.5402,6372.9637,0.05972365,265.5402,265.5402,331.9252,0.0000,0.0000,6372.9637,0.05972365,863.0055,826.361,5775.4984,5812.1429,0.05412456,0.05446797,0.00248849,83.7579,74.6859,5.2148,265.5402,16.3108,4268.3014,50.9200,,83.7579,52.3519,78.5279,109.939,141.1146,183.2317,261.7596,73.2927,0.0,2.333333,3.333333,1.066601,30,136,60,3,0E-8,0.06221214,,0E-8,0.000000,0.890988,0.000000,,2026-03-21,2026-06-26,25,407,206,98,0.255102,,,0.000000,,,,,,,,GLOBAL_BASELINE_NO_ENTITY_RANKING,,,NOT_APPLICABLE_GLOBAL_BASELINE,HF9g-P5,,,,X 全窗基线 · 不参与实体赏罚,14192081,1420,A168_HF9F_20260827_0900,2026-08-27 09:00:00
2026-04-11,112874672,1750,0,129.8327356491,2.2118681777,2.2118681777,0.4000000,5,5,0.50128862000000000,0.501288620000,-0.4529779837142727,-0.4529779837142727,-0.4529779837142727,0E-17,ELIGIBLE,R03b_20260811_FULL_v1,L1_ELIGIBILITY,v2026-08-11,2026-03-21..2026-08-06,baccarat_bet02_101_all_pairs_incl_sentinel,round_win = game_pnl > 0 (decisive only),COMPATIBILITY_ONLY_NOT_PRODUCTION,106707.5342,95075.1759,6638.5039,1274,1273,-0.06221214,,-0.06221214,-0.06221214,-6638.5039,106707.5342,OK,0.0000,265.5402,4.0000,96.0000,AG03-UNRESOLVED,ALL5_LEVELS_bet23_to_bet27,265.5402,265.5402,331.9252,0.0000,0.0000,4.000000,4.000000,5.000000,0.000000,0.000000,96.000000,96.000000,95.000000,100.000000,100.000000,5.0,863.0055,826.361,5775.4984,5812.1429,PENDING_AG03,FALSE,NOT_FOR_ENFORCEMENT,6372.9637,91272.1688,6638.5039,6372.9637,265.5402,0.06221214,0.05972365,265.5402,6372.9637,0.05972365,265.5402,265.5402,331.9252,0.0000,0.0000,6372.9637,0.05972365,863.0055,826.361,5775.4984,5812.1429,0.05412456,0.05446797,0.00248849,83.7579,74.6859,5.2148,265.5402,16.3108,4268.3014,50.9200,,83.7579,52.3519,78.5279,109.939,141.1146,183.2317,261.7596,73.2927,0.0,2.333333,3.333333,1.066601,30,136,60,3,0E-8,0.06221214,,0E-8,0.000000,0.890988,0.000000,,2026-03-21,2026-06-26,25,407,206,98,0.255102,,,0.000000,,,,,,,,GLOBAL_BASELINE_NO_ENTITY_RANKING,,,NOT_APPLICABLE_GLOBAL_BASELINE,HF9g-P5,,,,X 全窗基线 · 不参与实体赏罚,14192082,1420,A168_HF9F_20260827_0900,2026-08-27 09:00:00
2026-04-11,112874672,2156,0,36.6463366751,31.4111457215,31.4111457215,1.0000000,2,2,0.49324550000000000,0.493245500000,1.01360149184955,1.01360149184955,1.01360149184955,0E-17,ELIGIBLE,R03b_20260811_FULL_v1,L1_ELIGIBILITY,v2026-08-11,2026-03-21..2026-08-06,baccarat_bet02_101_all_pairs_incl_sentinel,round_win = game_pnl > 0 (decisive only),COMPATIBILITY_ONLY_NOT_PRODUCTION,106707.5342,95075.1759,6638.5039,1274,1273,-0.06221214,,-0.06221214,-0.06221214,-6638.5039,106707.5342,OK,0.0000,265.5402,4.0000,96.0000,AG03-UNRESOLVED,ALL5_LEVELS_bet23_to_bet27,265.5402,265.5402,331.9252,0.0000,0.0000,4.000000,4.000000,5.000000,0.000000,0.000000,96.000000,96.000000,95.000000,100.000000,100.000000,5.0,863.0055,826.361,5775.4984,5812.1429,PENDING_AG03,FALSE,NOT_FOR_ENFORCEMENT,6372.9637,91272.1688,6638.5039,6372.9637,265.5402,0.06221214,0.05972365,265.5402,6372.9637,0.05972365,265.5402,265.5402,331.9252,0.0000,0.0000,6372.9637,0.05972365,863.0055,826.361,5775.4984,5812.1429,0.05412456,0.05446797,0.00248849,83.7579,74.6859,5.2148,265.5402,16.3108,4268.3014,50.9200,,83.7579,52.3519,78.5279,109.939,141.1146,183.2317,261.7596,73.2927,0.0,2.333333,3.333333,1.066601,30,136,60,3,0E-8,0.06221214,,0E-8,0.000000,0.890988,0.000000,,2026-03-21,2026-06-26,25,407,206,98,0.255102,,,0.000000,,,,,,,,GLOBAL_BASELINE_NO_ENTITY_RANKING,,,NOT_APPLICABLE_GLOBAL_BASELINE,HF9g-P5,,,,X 全窗基线 · 不参与实体赏罚,14192083,1420,A168_HF9F_20260827_0900,2026-08-27 09:00:00
2026-04-11,112874672,2174,0,28.2700311494,16.6479072324,16.6479072324,0.5000000,2,2,0.49994810000000000,0.499948100000,0.00014679536856514622,0.00014679536856514622,0.00014679536856514622,0E-17,ELIGIBLE,R03b_20260811_FULL_v1,L1_ELIGIBILITY,v2026-08-11,2026-03-21..2026-08-06,baccarat_bet02_101_all_pairs_incl_sentinel,round_win = game_pnl > 0 (decisive only),COMPATIBILITY_ONLY_NOT_PRODUCTION,106707.5342,95075.1759,6638.5039,1274,1273,-0.06221214,,-0.06221214,-0.06221214,-6638.5039,106707.5342,OK,0.0000,265.5402,4.0000,96.0000,AG03-UNRESOLVED,ALL5_LEVELS_bet23_to_bet27,265.5402,265.5402,331.9252,0.0000,0.0000,4.000000,4.000000,5.000000,0.000000,0.000000,96.000000,96.000000,95.000000,100.000000,100.000000,5.0,863.0055,826.361,5775.4984,5812.1429,PENDING_AG03,FALSE,NOT_FOR_ENFORCEMENT,6372.9637,91272.1688,6638.5039,6372.9637,265.5402,0.06221214,0.05972365,265.5402,6372.9637,0.05972365,265.5402,265.5402,331.9252,0.0000,0.0000,6372.9637,0.05972365,863.0055,826.361,5775.4984,5812.1429,0.05412456,0.05446797,0.00248849,83.7579,74.6859,5.2148,265.5402,16.3108,4268.3014,50.9200,,83.7579,52.3519,78.5279,109.939,141.1146,183.2317,261.7596,73.2927,0.0,2.333333,3.333333,1.066601,30,136,60,3,0E-8,0.06221214,,0E-8,0.000000,0.890988,0.000000,,2026-03-21,2026-06-26,25,407,206,98,0.255102,,,0.000000,,,,,,,,GLOBAL_BASELINE_NO_ENTITY_RANKING,,,NOT_APPLICABLE_GLOBAL_BASELINE,HF9g-P5,,,,X 全窗基线 · 不参与实体赏罚,14192084,1420,A168_HF9F_20260827_0900,2026-08-27 09:00:00
2026-04-11,112874672,2177,0,23.5583592912,-3.1411145722,-3.1411145722,0.5000000,2,2,0.49994810000000000,0.499948100000,0.00014679536856514622,0.00014679536856514622,0.00014679536856514622,0E-17,ELIGIBLE,R03b_20260811_FULL_v1,L1_ELIGIBILITY,v2026-08-11,2026-03-21..2026-08-06,baccarat_bet02_101_all_pairs_incl_sentinel,round_win = game_pnl > 0 (decisive only),COMPATIBILITY_ONLY_NOT_PRODUCTION,106707.5342,95075.1759,6638.5039,1274,1273,-0.06221214,,-0.06221214,-0.06221214,-6638.5039,106707.5342,OK,0.0000,265.5402,4.0000,96.0000,AG03-UNRESOLVED,ALL5_LEVELS_bet23_to_bet27,265.5402,265.5402,331.9252,0.0000,0.0000,4.000000,4.000000,5.000000,0.000000,0.000000,96.000000,96.000000,95.000000,100.000000,100.000000,5.0,863.0055,826.361,5775.4984,5812.1429,PENDING_AG03,FALSE,NOT_FOR_ENFORCEMENT,6372.9637,91272.1688,6638.5039,6372.9637,265.5402,0.06221214,0.05972365,265.5402,6372.9637,0.05972365,265.5402,265.5402,331.9252,0.0000,0.0000,6372.9637,0.05972365,863.0055,826.361,5775.4984,5812.1429,0.05412456,0.05446797,0.00248849,83.7579,74.6859,5.2148,265.5402,16.3108,4268.3014,50.9200,,83.7579,52.3519,78.5279,109.939,141.1146,183.2317,261.7596,73.2927,0.0,2.333333,3.333333,1.066601,30,136,60,3,0E-8,0.06221214,,0E-8,0.000000,0.890988,0.000000,,2026-03-21,2026-06-26,25,407,206,98,0.255102,,,0.000000,,,,,,,,GLOBAL_BASELINE_NO_ENTITY_RANKING,,,NOT_APPLICABLE_GLOBAL_BASELINE,HF9g-P5,,,,X 全窗基线 · 不参与实体赏罚,14192085,1420,A168_HF9F_20260827_0900,2026-08-27 09:00:00
2026-04-11,112874672,970,0,28.7935502447,28.7935502447,28.7935502447,1.0000000,1,1,0.49324550000000000,0.493245500000,1.01360149184955,1.01360149184955,1.01360149184955,0E-17,ELIGIBLE,R03b_20260811_FULL_v1,L1_ELIGIBILITY,v2026-08-11,2026-03-21..2026-08-06,baccarat_bet02_101_all_pairs_incl_sentinel,round_win = game_pnl > 0 (decisive only),COMPATIBILITY_ONLY_NOT_PRODUCTION,106707.5342,95075.1759,6638.5039,1274,1273,-0.06221214,,-0.06221214,-0.06221214,-6638.5039,106707.5342,OK,0.0000,265.5402,4.0000,96.0000,AG03-UNRESOLVED,ALL5_LEVELS_bet23_to_bet27,265.5402,265.5402,331.9252,0.0000,0.0000,4.000000,4.000000,5.000000,0.000000,0.000000,96.000000,96.000000,95.000000,100.000000,100.000000,5.0,863.0055,826.361,5775.4984,5812.1429,PENDING_AG03,FALSE,NOT_FOR_ENFORCEMENT,6372.9637,91272.1688,6638.5039,6372.9637,265.5402,0.06221214,0.05972365,265.5402,6372.9637,0.05972365,265.5402,265.5402,331.9252,0.0000,0.0000,6372.9637,0.05972365,863.0055,826.361,5775.4984,5812.1429,0.05412456,0.05446797,0.00248849,83.7579,74.6859,5.2148,265.5402,16.3108,4268.3014,50.9200,,83.7579,52.3519,78.5279,109.939,141.1146,183.2317,261.7596,73.2927,0.0,2.333333,3.333333,1.066601,30,136,60,3,0E-8,0.06221214,,0E-8,0.000000,0.890988,0.000000,,2026-03-21,2026-06-26,25,407,206,98,0.255102,,,0.000000,,,,,,,,GLOBAL_BASELINE_NO_ENTITY_RANKING,,,NOT_APPLICABLE_GLOBAL_BASELINE,HF9g-P5,,,,X 全窗基线 · 不参与实体赏罚,14192086,1420,A168_HF9F_20260827_0900,2026-08-27 09:00:00
2026-04-12,112874672,1374,0,95.8039944508,64.3928487292,64.3928487292,0.8000000,5,5,0.49324550000000000,0.493245500000,1.3719730223118614,1.3719730223118614,1.3719730223118614,0E-17,ELIGIBLE,R03b_20260811_FULL_v1,L1_ELIGIBILITY,v2026-08-11,2026-03-21..2026-08-06,baccarat_bet02_101_all_pairs_incl_sentinel,round_win = game_pnl > 0 (decisive only),COMPATIBILITY_ONLY_NOT_PRODUCTION,106707.5342,95075.1759,6638.5039,1274,1273,-0.06221214,,-0.06221214,-0.06221214,-6638.5039,106707.5342,OK,0.0000,265.5402,4.0000,96.0000,AG03-UNRESOLVED,ALL5_LEVELS_bet23_to_bet27,265.5402,265.5402,331.9252,0.0000,0.0000,4.000000,4.000000,5.000000,0.000000,0.000000,96.000000,96.000000,95.000000,100.000000,100.000000,5.0,863.0055,826.361,5775.4984,5812.1429,PENDING_AG03,FALSE,NOT_FOR_ENFORCEMENT,6372.9637,91272.1688,6638.5039,6372.9637,265.5402,0.06221214,0.05972365,265.5402,6372.9637,0.05972365,265.5402,265.5402,331.9252,0.0000,0.0000,6372.9637,0.05972365,863.0055,826.361,5775.4984,5812.1429,0.05412456,0.05446797,0.00248849,83.7579,74.6859,5.2148,265.5402,16.3108,4268.3014,50.9200,,83.7579,52.3519,78.5279,109.939,141.1146,183.2317,261.7596,73.2927,0.0,2.333333,3.333333,1.066601,30,136,60,3,0E-8,0.06221214,,0E-8,0.000000,0.890988,0.000000,,2026-03-21,2026-06-26,25,407,206,98,0.255102,,,0.000000,,,,,,,,GLOBAL_BASELINE_NO_ENTITY_RANKING,,,NOT_APPLICABLE_GLOBAL_BASELINE,HF9g-P5,,,,X 全窗基线 · 不参与实体赏罚,14192087,1420,A168_HF9F_20260827_0900,2026-08-27 09:00:00
2026-04-12,112874672,2142,0,12.3026987410,12.0932911028,12.0932911028,1.0000000,2,2,0.49994810000000000,0.499948100000,1.4143603653603398,1.4143603653603398,1.4143603653603398,0E-17,ELIGIBLE,R03b_20260811_FULL_v1,L1_ELIGIBILITY,v2026-08-11,2026-03-21..2026-08-06,baccarat_bet02_101_all_pairs_incl_sentinel,round_win = game_pnl > 0 (decisive only),COMPATIBILITY_ONLY_NOT_PRODUCTION,106707.5342,95075.1759,6638.5039,1274,1273,-0.06221214,,-0.06221214,-0.06221214,-6638.5039,106707.5342,OK,0.0000,265.5402,4.0000,96.0000,AG03-UNRESOLVED,ALL5_LEVELS_bet23_to_bet27,265.5402,265.5402,331.9252,0.0000,0.0000,4.000000,4.000000,5.000000,0.000000,0.000000,96.000000,96.000000,95.000000,100.000000,100.000000,5.0,863.0055,826.361,5775.4984,5812.1429,PENDING_AG03,FALSE,NOT_FOR_ENFORCEMENT,6372.9637,91272.1688,6638.5039,6372.9637,265.5402,0.06221214,0.05972365,265.5402,6372.9637,0.05972365,265.5402,265.5402,331.9252,0.0000,0.0000,6372.9637,0.05972365,863.0055,826.361,5775.4984,5812.1429,0.05412456,0.05446797,0.00248849,83.7579,74.6859,5.2148,265.5402,16.3108,4268.3014,50.9200,,83.7579,52.3519,78.5279,109.939,141.1146,183.2317,261.7596,73.2927,0.0,2.333333,3.333333,1.066601,30,136,60,3,0E-8,0.06221214,,0E-8,0.000000,0.890988,0.000000,,2026-03-21,2026-06-26,25,407,206,98,0.255102,,,0.000000,,,,,,,,GLOBAL_BASELINE_NO_ENTITY_RANKING,,,NOT_APPLICABLE_GLOBAL_BASELINE,HF9g-P5,,,,X 全窗基线 · 不参与实体赏罚,14192088,1420,A168_HF9F_20260827_0900,2026-08-27 09:00:00
2026-04-12,112874672,2267,0,80.6219406852,-80.6219406852,-80.6219406852,0E-7,2,2,0.49324550000000000,0.493245500000,-1.3952362676504506,-1.3952362676504506,-1.3952362676504506,0E-17,ELIGIBLE,R03b_20260811_FULL_v1,L1_ELIGIBILITY,v2026-08-11,2026-03-21..2026-08-06,baccarat_bet02_101_all_pairs_incl_sentinel,round_win = game_pnl > 0 (decisive only),COMPATIBILITY_ONLY_NOT_PRODUCTION,106707.5342,95075.1759,6638.5039,1274,1273,-0.06221214,,-0.06221214,-0.06221214,-6638.5039,106707.5342,OK,0.0000,265.5402,4.0000,96.0000,AG03-UNRESOLVED,ALL5_LEVELS_bet23_to_bet27,265.5402,265.5402,331.9252,0.0000,0.0000,4.000000,4.000000,5.000000,0.000000,0.000000,96.000000,96.000000,95.000000,100.000000,100.000000,5.0,863.0055,826.361,5775.4984,5812.1429,PENDING_AG03,FALSE,NOT_FOR_ENFORCEMENT,6372.9637,91272.1688,6638.5039,6372.9637,265.5402,0.06221214,0.05972365,265.5402,6372.9637,0.05972365,265.5402,265.5402,331.9252,0.0000,0.0000,6372.9637,0.05972365,863.0055,826.361,5775.4984,5812.1429,0.05412456,0.05446797,0.00248849,83.7579,74.6859,5.2148,265.5402,16.3108,4268.3014,50.9200,,83.7579,52.3519,78.5279,109.939,141.1146,183.2317,261.7596,73.2927,0.0,2.333333,3.333333,1.066601,30,136,60,3,0E-8,0.06221214,,0E-8,0.000000,0.890988,0.000000,,2026-03-21,2026-06-26,25,407,206,98,0.255102,,,0.000000,,,,,,,,GLOBAL_BASELINE_NO_ENTITY_RANKING,,,NOT_APPLICABLE_GLOBAL_BASELINE,HF9g-P5,,,,X 全窗基线 · 不参与实体赏罚,14192089,1420,A168_HF9F_20260827_0900,2026-08-27 09:00:00
2026-04-13,112874672,-1,1,9.9468628118,-9.9468628118,-9.9468628118,0E-7,1,1,0.50665070000000000,0.506650700000,-1.013391052207602,-1.013391052207602,-1.013391052207602,0E-17,SENTINEL_DEALER,R03b_20260811_FULL_v1,L1_ELIGIBILITY,v2026-08-11,2026-03-21..2026-08-06,baccarat_bet02_101_all_pairs_incl_sentinel,round_win = game_pnl > 0 (decisive only),COMPATIBILITY_ONLY_NOT_PRODUCTION,106707.5342,95075.1759,6638.5039,1274,1273,-0.06221214,,-0.06221214,-0.06221214,-6638.5039,106707.5342,OK,0.0000,265.5402,4.0000,96.0000,AG03-UNRESOLVED,ALL5_LEVELS_bet23_to_bet27,265.5402,265.5402,331.9252,0.0000,0.0000,4.000000,4.000000,5.000000,0.000000,0.000000,96.000000,96.000000,95.000000,100.000000,100.000000,5.0,863.0055,826.361,5775.4984,5812.1429,PENDING_AG03,FALSE,NOT_FOR_ENFORCEMENT,6372.9637,91272.1688,6638.5039,6372.9637,265.5402,0.06221214,0.05972365,265.5402,6372.9637,0.05972365,265.5402,265.5402,331.9252,0.0000,0.0000,6372.9637,0.05972365,863.0055,826.361,5775.4984,5812.1429,0.05412456,0.05446797,0.00248849,83.7579,74.6859,5.2148,265.5402,16.3108,4268.3014,50.9200,,83.7579,52.3519,78.5279,109.939,141.1146,183.2317,261.7596,73.2927,0.0,2.333333,3.333333,1.066601,30,136,60,3,0E-8,0.06221214,,0E-8,0.000000,0.890988,0.000000,,2026-03-21,2026-06-26,25,407,206,98,0.255102,,,0.000000,,,,,,,,GLOBAL_BASELINE_NO_ENTITY_RANKING,,,NOT_APPLICABLE_GLOBAL_BASELINE,HF9g-P5,,,,X 全窗基线 · 不参与实体赏罚,14192090,1420,A168_HF9F_20260827_0900,2026-08-27 09:00:00
2026-04-14,112874672,-1,1,209.4076381437,-209.4076381437,-209.4076381437,0E-7,2,2,0.49994810000000000,0.499948100000,-1.4140667746232096,-1.4140667746232096,-1.4140667746232096,0E-17,SENTINEL_DEALER,R03b_20260811_FULL_v1,L1_ELIGIBILITY,v2026-08-11,2026-03-21..2026-08-06,baccarat_bet02_101_all_pairs_incl_sentinel,round_win = game_pnl > 0 (decisive only),COMPATIBILITY_ONLY_NOT_PRODUCTION,106707.5342,95075.1759,6638.5039,1274,1273,-0.06221214,,-0.06221214,-0.06221214,-6638.5039,106707.5342,OK,0.0000,265.5402,4.0000,96.0000,AG03-UNRESOLVED,ALL5_LEVELS_bet23_to_bet27,265.5402,265.5402,331.9252,0.0000,0.0000,4.000000,4.000000,5.000000,0.000000,0.000000,96.000000,96.000000,95.000000,100.000000,100.000000,5.0,863.0055,826.361,5775.4984,5812.1429,PENDING_AG03,FALSE,NOT_FOR_ENFORCEMENT,6372.9637,91272.1688,6638.5039,6372.9637,265.5402,0.06221214,0.05972365,265.5402,6372.9637,0.05972365,265.5402,265.5402,331.9252,0.0000,0.0000,6372.9637,0.05972365,863.0055,826.361,5775.4984,5812.1429,0.05412456,0.05446797,0.00248849,83.7579,74.6859,5.2148,265.5402,16.3108,4268.3014,50.9200,,83.7579,52.3519,78.5279,109.939,141.1146,183.2317,261.7596,73.2927,0.0,2.333333,3.333333,1.066601,30,136,60,3,0E-8,0.06221214,,0E-8,0.000000,0.890988,0.000000,,2026-03-21,2026-06-26,25,407,206,98,0.255102,,,0.000000,,,,,,,,GLOBAL_BASELINE_NO_ENTITY_RANKING,,,NOT_APPLICABLE_GLOBAL_BASELINE,HF9g-P5,,,,X 全窗基线 · 不参与实体赏罚,14192091,1420,A168_HF9F_20260827_0900,2026-08-27 09:00:00
2026-04-14,112874672,1210,0,261.7595476796,-261.7595476796,-261.7595476796,0E-7,2,2,0.50665070000000000,0.506650700000,-1.4331513700195317,-1.4331513700195317,-1.4331513700195317,0E-17,ELIGIBLE,R03b_20260811_FULL_v1,L1_ELIGIBILITY,v2026-08-11,2026-03-21..2026-08-06,baccarat_bet02_101_all_pairs_incl_sentinel,round_win = game_pnl > 0 (decisive only),COMPATIBILITY_ONLY_NOT_PRODUCTION,106707.5342,95075.1759,6638.5039,1274,1273,-0.06221214,,-0.06221214,-0.06221214,-6638.5039,106707.5342,OK,0.0000,265.5402,4.0000,96.0000,AG03-UNRESOLVED,ALL5_LEVELS_bet23_to_bet27,265.5402,265.5402,331.9252,0.0000,0.0000,4.000000,4.000000,5.000000,0.000000,0.000000,96.000000,96.000000,95.000000,100.000000,100.000000,5.0,863.0055,826.361,5775.4984,5812.1429,PENDING_AG03,FALSE,NOT_FOR_ENFORCEMENT,6372.9637,91272.1688,6638.5039,6372.9637,265.5402,0.06221214,0.05972365,265.5402,6372.9637,0.05972365,265.5402,265.5402,331.9252,0.0000,0.0000,6372.9637,0.05972365,863.0055,826.361,5775.4984,5812.1429,0.05412456,0.05446797,0.00248849,83.7579,74.6859,5.2148,265.5402,16.3108,4268.3014,50.9200,,83.7579,52.3519,78.5279,109.939,141.1146,183.2317,261.7596,73.2927,0.0,2.333333,3.333333,1.066601,30,136,60,3,0E-8,0.06221214,,0E-8,0.000000,0.890988,0.000000,,2026-03-21,2026-06-26,25,407,206,98,0.255102,,,0.000000,,,,,,,,GLOBAL_BASELINE_NO_ENTITY_RANKING,,,NOT_APPLICABLE_GLOBAL_BASELINE,HF9g-P5,,,,X 全窗基线 · 不参与实体赏罚,14192092,1420,A168_HF9F_20260827_0900,2026-08-27 09:00:00
2026-04-14,112874672,1711,0,562.7830275110,-301.0234798314,-301.0234798314,0.2500000,4,4,0.49994810000000000,0.499948100000,-0.9997924053861017,-0.9997924053861017,-0.9997924053861017,0E-17,ELIGIBLE,R03b_20260811_FULL_v1,L1_ELIGIBILITY,v2026-08-11,2026-03-21..2026-08-06,baccarat_bet02_101_all_pairs_incl_sentinel,round_win = game_pnl > 0 (decisive only),COMPATIBILITY_ONLY_NOT_PRODUCTION,106707.5342,95075.1759,6638.5039,1274,1273,-0.06221214,,-0.06221214,-0.06221214,-6638.5039,106707.5342,OK,0.0000,265.5402,4.0000,96.0000,AG03-UNRESOLVED,ALL5_LEVELS_bet23_to_bet27,265.5402,265.5402,331.9252,0.0000,0.0000,4.000000,4.000000,5.000000,0.000000,0.000000,96.000000,96.000000,95.000000,100.000000,100.000000,5.0,863.0055,826.361,5775.4984,5812.1429,PENDING_AG03,FALSE,NOT_FOR_ENFORCEMENT,6372.9637,91272.1688,6638.5039,6372.9637,265.5402,0.06221214,0.05972365,265.5402,6372.9637,0.05972365,265.5402,265.5402,331.9252,0.0000,0.0000,6372.9637,0.05972365,863.0055,826.361,5775.4984,5812.1429,0.05412456,0.05446797,0.00248849,83.7579,74.6859,5.2148,265.5402,16.3108,4268.3014,50.9200,,83.7579,52.3519,78.5279,109.939,141.1146,183.2317,261.7596,73.2927,0.0,2.333333,3.333333,1.066601,30,136,60,3,0E-8,0.06221214,,0E-8,0.000000,0.890988,0.000000,,2026-03-21,2026-06-26,25,407,206,98,0.255102,,,0.000000,,,,,,,,GLOBAL_BASELINE_NO_ENTITY_RANKING,,,NOT_APPLICABLE_GLOBAL_BASELINE,HF9g-P5,,,,X 全窗基线 · 不参与实体赏罚,14192093,1420,A168_HF9F_20260827_0900,2026-08-27 09:00:00
2026-04-14,112874672,2063,0,52.3519095360,0E-10,0E-10,0.5000000,2,2,0.49994810000000000,0.499948100000,0.00014679536856514622,0.00014679536856514622,0.00014679536856514622,0E-17,ELIGIBLE,R03b_20260811_FULL_v1,L1_ELIGIBILITY,v2026-08-11,2026-03-21..2026-08-06,baccarat_bet02_101_all_pairs_incl_sentinel,round_win = game_pnl > 0 (decisive only),COMPATIBILITY_ONLY_NOT_PRODUCTION,106707.5342,95075.1759,6638.5039,1274,1273,-0.06221214,,-0.06221214,-0.06221214,-6638.5039,106707.5342,OK,0.0000,265.5402,4.0000,96.0000,AG03-UNRESOLVED,ALL5_LEVELS_bet23_to_bet27,265.5402,265.5402,331.9252,0.0000,0.0000,4.000000,4.000000,5.000000,0.000000,0.000000,96.000000,96.000000,95.000000,100.000000,100.000000,5.0,863.0055,826.361,5775.4984,5812.1429,PENDING_AG03,FALSE,NOT_FOR_ENFORCEMENT,6372.9637,91272.1688,6638.5039,6372.9637,265.5402,0.06221214,0.05972365,265.5402,6372.9637,0.05972365,265.5402,265.5402,331.9252,0.0000,0.0000,6372.9637,0.05972365,863.0055,826.361,5775.4984,5812.1429,0.05412456,0.05446797,0.00248849,83.7579,74.6859,5.2148,265.5402,16.3108,4268.3014,50.9200,,83.7579,52.3519,78.5279,109.939,141.1146,183.2317,261.7596,73.2927,0.0,2.333333,3.333333,1.066601,30,136,60,3,0E-8,0.06221214,,0E-8,0.000000,0.890988,0.000000,,2026-03-21,2026-06-26,25,407,206,98,0.255102,,,0.000000,,,,,,,,GLOBAL_BASELINE_NO_ENTITY_RANKING,,,NOT_APPLICABLE_GLOBAL_BASELINE,HF9g-P5,,,,X 全窗基线 · 不参与实体赏罚,14192094,1420,A168_HF9F_20260827_0900,2026-08-27 09:00:00
2026-04-14,112874672,2115,0,243.4363793419,0.1308797739,0.1308797739,0.5000000,5,5,0.50396966000000000,0.503969660000,-0.0158791404612453,-0.0158791404612453,-0.0158791404612453,0E-17,ELIGIBLE,R03b_20260811_FULL_v1,L1_ELIGIBILITY,v2026-08-11,2026-03-21..2026-08-06,baccarat_bet02_101_all_pairs_incl_sentinel,round_win = game_pnl > 0 (decisive only),COMPATIBILITY_ONLY_NOT_PRODUCTION,106707.5342,95075.1759,6638.5039,1274,1273,-0.06221214,,-0.06221214,-0.06221214,-6638.5039,106707.5342,OK,0.0000,265.5402,4.0000,96.0000,AG03-UNRESOLVED,ALL5_LEVELS_bet23_to_bet27,265.5402,265.5402,331.9252,0.0000,0.0000,4.000000,4.000000,5.000000,0.000000,0.000000,96.000000,96.000000,95.000000,100.000000,100.000000,5.0,863.0055,826.361,5775.4984,5812.1429,PENDING_AG03,FALSE,NOT_FOR_ENFORCEMENT,6372.9637,91272.1688,6638.5039,6372.9637,265.5402,0.06221214,0.05972365,265.5402,6372.9637,0.05972365,265.5402,265.5402,331.9252,0.0000,0.0000,6372.9637,0.05972365,863.0055,826.361,5775.4984,5812.1429,0.05412456,0.05446797,0.00248849,83.7579,74.6859,5.2148,265.5402,16.3108,4268.3014,50.9200,,83.7579,52.3519,78.5279,109.939,141.1146,183.2317,261.7596,73.2927,0.0,2.333333,3.333333,1.066601,30,136,60,3,0E-8,0.06221214,,0E-8,0.000000,0.890988,0.000000,,2026-03-21,2026-06-26,25,407,206,98,0.255102,,,0.000000,,,,,,,,GLOBAL_BASELINE_NO_ENTITY_RANKING,,,NOT_APPLICABLE_GLOBAL_BASELINE,HF9g-P5,,,,X 全窗基线 · 不参与实体赏罚,14192095,1420,A168_HF9F_20260827_0900,2026-08-27 09:00:00
2026-04-14,112874672,2169,0,73.2926733504,1.3087977384,1.3087977384,0.5000000,3,3,0.50665070000000000,0.506650700000,-0.018812684590367487,-0.018812684590367487,-0.018812684590367487,0E-17,ELIGIBLE,R03b_20260811_FULL_v1,L1_ELIGIBILITY,v2026-08-11,2026-03-21..2026-08-06,baccarat_bet02_101_all_pairs_incl_sentinel,round_win = game_pnl > 0 (decisive only),COMPATIBILITY_ONLY_NOT_PRODUCTION,106707.5342,95075.1759,6638.5039,1274,1273,-0.06221214,,-0.06221214,-0.06221214,-6638.5039,106707.5342,OK,0.0000,265.5402,4.0000,96.0000,AG03-UNRESOLVED,ALL5_LEVELS_bet23_to_bet27,265.5402,265.5402,331.9252,0.0000,0.0000,4.000000,4.000000,5.000000,0.000000,0.000000,96.000000,96.000000,95.000000,100.000000,100.000000,5.0,863.0055,826.361,5775.4984,5812.1429,PENDING_AG03,FALSE,NOT_FOR_ENFORCEMENT,6372.9637,91272.1688,6638.5039,6372.9637,265.5402,0.06221214,0.05972365,265.5402,6372.9637,0.05972365,265.5402,265.5402,331.9252,0.0000,0.0000,6372.9637,0.05972365,863.0055,826.361,5775.4984,5812.1429,0.05412456,0.05446797,0.00248849,83.7579,74.6859,5.2148,265.5402,16.3108,4268.3014,50.9200,,83.7579,52.3519,78.5279,109.939,141.1146,183.2317,261.7596,73.2927,0.0,2.333333,3.333333,1.066601,30,136,60,3,0E-8,0.06221214,,0E-8,0.000000,0.890988,0.000000,,2026-03-21,2026-06-26,25,407,206,98,0.255102,,,0.000000,,,,,,,,GLOBAL_BASELINE_NO_ENTITY_RANKING,,,NOT_APPLICABLE_GLOBAL_BASELINE,HF9g-P5,,,,X 全窗基线 · 不参与实体赏罚,14192096,1420,A168_HF9F_20260827_0900,2026-08-27 09:00:00
2026-04-14,112874672,2174,0,145.5383085098,-145.5383085098,-145.5383085098,0E-7,2,2,0.49324550000000000,0.493245500000,-1.3952362676504506,-1.3952362676504506,-1.3952362676504506,0E-17,ELIGIBLE,R03b_20260811_FULL_v1,L1_ELIGIBILITY,v2026-08-11,2026-03-21..2026-08-06,baccarat_bet02_101_all_pairs_incl_sentinel,round_win = game_pnl > 0 (decisive only),COMPATIBILITY_ONLY_NOT_PRODUCTION,106707.5342,95075.1759,6638.5039,1274,1273,-0.06221214,,-0.06221214,-0.06221214,-6638.5039,106707.5342,OK,0.0000,265.5402,4.0000,96.0000,AG03-UNRESOLVED,ALL5_LEVELS_bet23_to_bet27,265.5402,265.5402,331.9252,0.0000,0.0000,4.000000,4.000000,5.000000,0.000000,0.000000,96.000000,96.000000,95.000000,100.000000,100.000000,5.0,863.0055,826.361,5775.4984,5812.1429,PENDING_AG03,FALSE,NOT_FOR_ENFORCEMENT,6372.9637,91272.1688,6638.5039,6372.9637,265.5402,0.06221214,0.05972365,265.5402,6372.9637,0.05972365,265.5402,265.5402,331.9252,0.0000,0.0000,6372.9637,0.05972365,863.0055,826.361,5775.4984,5812.1429,0.05412456,0.05446797,0.00248849,83.7579,74.6859,5.2148,265.5402,16.3108,4268.3014,50.9200,,83.7579,52.3519,78.5279,109.939,141.1146,183.2317,261.7596,73.2927,0.0,2.333333,3.333333,1.066601,30,136,60,3,0E-8,0.06221214,,0E-8,0.000000,0.890988,0.000000,,2026-03-21,2026-06-26,25,407,206,98,0.255102,,,0.000000,,,,,,,,GLOBAL_BASELINE_NO_ENTITY_RANKING,,,NOT_APPLICABLE_GLOBAL_BASELINE,HF9g-P5,,,,X 全窗基线 · 不参与实体赏罚,14192097,1420,A168_HF9F_20260827_0900,2026-08-27 09:00:00
2026-04-14,112874672,2251,0,353.3753893673,157.0557286077,157.0557286077,0.5000000,2,2,0.50665070000000000,0.506650700000,-0.018812684590367487,-0.018812684590367487,-0.018812684590367487,0E-17,ELIGIBLE,R03b_20260811_FULL_v1,L1_ELIGIBILITY,v2026-08-11,2026-03-21..2026-08-06,baccarat_bet02_101_all_pairs_incl_sentinel,round_win = game_pnl > 0 (decisive only),COMPATIBILITY_ONLY_NOT_PRODUCTION,106707.5342,95075.1759,6638.5039,1274,1273,-0.06221214,,-0.06221214,-0.06221214,-6638.5039,106707.5342,OK,0.0000,265.5402,4.0000,96.0000,AG03-UNRESOLVED,ALL5_LEVELS_bet23_to_bet27,265.5402,265.5402,331.9252,0.0000,0.0000,4.000000,4.000000,5.000000,0.000000,0.000000,96.000000,96.000000,95.000000,100.000000,100.000000,5.0,863.0055,826.361,5775.4984,5812.1429,PENDING_AG03,FALSE,NOT_FOR_ENFORCEMENT,6372.9637,91272.1688,6638.5039,6372.9637,265.5402,0.06221214,0.05972365,265.5402,6372.9637,0.05972365,265.5402,265.5402,331.9252,0.0000,0.0000,6372.9637,0.05972365,863.0055,826.361,5775.4984,5812.1429,0.05412456,0.05446797,0.00248849,83.7579,74.6859,5.2148,265.5402,16.3108,4268.3014,50.9200,,83.7579,52.3519,78.5279,109.939,141.1146,183.2317,261.7596,73.2927,0.0,2.333333,3.333333,1.066601,30,136,60,3,0E-8,0.06221214,,0E-8,0.000000,0.890988,0.000000,,2026-03-21,2026-06-26,25,407,206,98,0.255102,,,0.000000,,,,,,,,GLOBAL_BASELINE_NO_ENTITY_RANKING,,,NOT_APPLICABLE_GLOBAL_BASELINE,HF9g-P5,,,,X 全窗基线 · 不参与实体赏罚,14192098,1420,A168_HF9F_20260827_0900,2026-08-27 09:00:00
2026-04-14,112874672,2256,0,581.1061958486,83.7630552574,83.7630552574,0.6666667,4,4,0.49659680000000000,0.496596800000,0.5891529468324541,0.589152946832454,0.5891529468324541,0E-17,ELIGIBLE,R03b_20260811_FULL_v1,L1_ELIGIBILITY,v2026-08-11,2026-03-21..2026-08-06,baccarat_bet02_101_all_pairs_incl_sentinel,round_win = game_pnl > 0 (decisive only),COMPATIBILITY_ONLY_NOT_PRODUCTION,106707.5342,95075.1759,6638.5039,1274,1273,-0.06221214,,-0.06221214,-0.06221214,-6638.5039,106707.5342,OK,0.0000,265.5402,4.0000,96.0000,AG03-UNRESOLVED,ALL5_LEVELS_bet23_to_bet27,265.5402,265.5402,331.9252,0.0000,0.0000,4.000000,4.000000,5.000000,0.000000,0.000000,96.000000,96.000000,95.000000,100.000000,100.000000,5.0,863.0055,826.361,5775.4984,5812.1429,PENDING_AG03,FALSE,NOT_FOR_ENFORCEMENT,6372.9637,91272.1688,6638.5039,6372.9637,265.5402,0.06221214,0.05972365,265.5402,6372.9637,0.05972365,265.5402,265.5402,331.9252,0.0000,0.0000,6372.9637,0.05972365,863.0055,826.361,5775.4984,5812.1429,0.05412456,0.05446797,0.00248849,83.7579,74.6859,5.2148,265.5402,16.3108,4268.3014,50.9200,,83.7579,52.3519,78.5279,109.939,141.1146,183.2317,261.7596,73.2927,0.0,2.333333,3.333333,1.066601,30,136,60,3,0E-8,0.06221214,,0E-8,0.000000,0.890988,0.000000,,2026-03-21,2026-06-26,25,407,206,98,0.255102,,,0.000000,,,,,,,,GLOBAL_BASELINE_NO_ENTITY_RANKING,,,NOT_APPLICABLE_GLOBAL_BASELINE,HF9g-P5,,,,X 全窗基线 · 不参与实体赏罚,14192099,1420,A168_HF9F_20260827_0900,2026-08-27 09:00:00
2026-04-14,112874672,529,0,282.7003114938,-7.0675077873,-7.0675077873,0.5000000,2,2,0.49994810000000000,0.499948100000,0.00014679536856514622,0.00014679536856514622,0.00014679536856514622,0E-17,ELIGIBLE,R03b_20260811_FULL_v1,L1_ELIGIBILITY,v2026-08-11,2026-03-21..2026-08-06,baccarat_bet02_101_all_pairs_incl_sentinel,round_win = game_pnl > 0 (decisive only),COMPATIBILITY_ONLY_NOT_PRODUCTION,106707.5342,95075.1759,6638.5039,1274,1273,-0.06221214,,-0.06221214,-0.06221214,-6638.5039,106707.5342,OK,0.0000,265.5402,4.0000,96.0000,AG03-UNRESOLVED,ALL5_LEVELS_bet23_to_bet27,265.5402,265.5402,331.9252,0.0000,0.0000,4.000000,4.000000,5.000000,0.000000,0.000000,96.000000,96.000000,95.000000,100.000000,100.000000,5.0,863.0055,826.361,5775.4984,5812.1429,PENDING_AG03,FALSE,NOT_FOR_ENFORCEMENT,6372.9637,91272.1688,6638.5039,6372.9637,265.5402,0.06221214,0.05972365,265.5402,6372.9637,0.05972365,265.5402,265.5402,331.9252,0.0000,0.0000,6372.9637,0.05972365,863.0055,826.361,5775.4984,5812.1429,0.05412456,0.05446797,0.00248849,83.7579,74.6859,5.2148,265.5402,16.3108,4268.3014,50.9200,,83.7579,52.3519,78.5279,109.939,141.1146,183.2317,261.7596,73.2927,0.0,2.333333,3.333333,1.066601,30,136,60,3,0E-8,0.06221214,,0E-8,0.000000,0.890988,0.000000,,2026-03-21,2026-06-26,25,407,206,98,0.255102,,,0.000000,,,,,,,,GLOBAL_BASELINE_NO_ENTITY_RANKING,,,NOT_APPLICABLE_GLOBAL_BASELINE,HF9g-P5,,,,X 全窗基线 · 不参与实体赏罚,14192100,1420,A168_HF9F_20260827_0900,2026-08-27 09:00:00
2026-04-15,112874672,529,0,20.1554851713,-20.1554851713,-20.1554851713,0E-7,1,1,0.50665070000000000,0.506650700000,-1.013391052207602,-1.013391052207602,-1.013391052207602,0E-17,ELIGIBLE,R03b_20260811_FULL_v1,L1_ELIGIBILITY,v2026-08-11,2026-03-21..2026-08-06,baccarat_bet02_101_all_pairs_incl_sentinel,round_win = game_pnl > 0 (decisive only),COMPATIBILITY_ONLY_NOT_PRODUCTION,106707.5342,95075.1759,6638.5039,1274,1273,-0.06221214,,-0.06221214,-0.06221214,-6638.5039,106707.5342,OK,0.0000,265.5402,4.0000,96.0000,AG03-UNRESOLVED,ALL5_LEVELS_bet23_to_bet27,265.5402,265.5402,331.9252,0.0000,0.0000,4.000000,4.000000,5.000000,0.000000,0.000000,96.000000,96.000000,95.000000,100.000000,100.000000,5.0,863.0055,826.361,5775.4984,5812.1429,PENDING_AG03,FALSE,NOT_FOR_ENFORCEMENT,6372.9637,91272.1688,6638.5039,6372.9637,265.5402,0.06221214,0.05972365,265.5402,6372.9637,0.05972365,265.5402,265.5402,331.9252,0.0000,0.0000,6372.9637,0.05972365,863.0055,826.361,5775.4984,5812.1429,0.05412456,0.05446797,0.00248849,83.7579,74.6859,5.2148,265.5402,16.3108,4268.3014,50.9200,,83.7579,52.3519,78.5279,109.939,141.1146,183.2317,261.7596,73.2927,0.0,2.333333,3.333333,1.066601,30,136,60,3,0E-8,0.06221214,,0E-8,0.000000,0.890988,0.000000,,2026-03-21,2026-06-26,25,407,206,98,0.255102,,,0.000000,,,,,,,,GLOBAL_BASELINE_NO_ENTITY_RANKING,,,NOT_APPLICABLE_GLOBAL_BASELINE,HF9g-P5,,,,X 全窗基线 · 不参与实体赏罚,14192101,1420,A168_HF9F_20260827_0900,2026-08-27 09:00:00
2026-04-19,112874672,1299,0,15.7055728608,5.2351909536,5.2351909536,1.0000000,2,2,0.49324550000000000,0.493245500000,1.01360149184955,1.01360149184955,1.01360149184955,0E-17,ELIGIBLE,R03b_20260811_FULL_v1,L1_ELIGIBILITY,v2026-08-11,2026-03-21..2026-08-06,baccarat_bet02_101_all_pairs_incl_sentinel,round_win = game_pnl > 0 (decisive only),COMPATIBILITY_ONLY_NOT_PRODUCTION,106707.5342,95075.1759,6638.5039,1274,1273,-0.06221214,,-0.06221214,-0.06221214,-6638.5039,106707.5342,OK,0.0000,265.5402,4.0000,96.0000,AG03-UNRESOLVED,ALL5_LEVELS_bet23_to_bet27,265.5402,265.5402,331.9252,0.0000,0.0000,4.000000,4.000000,5.000000,0.000000,0.000000,96.000000,96.000000,95.000000,100.000000,100.000000,5.0,863.0055,826.361,5775.4984,5812.1429,PENDING_AG03,FALSE,NOT_FOR_ENFORCEMENT,6372.9637,91272.1688,6638.5039,6372.9637,265.5402,0.06221214,0.05972365,265.5402,6372.9637,0.05972365,265.5402,265.5402,331.9252,0.0000,0.0000,6372.9637,0.05972365,863.0055,826.361,5775.4984,5812.1429,0.05412456,0.05446797,0.00248849,83.7579,74.6859,5.2148,265.5402,16.3108,4268.3014,50.9200,,83.7579,52.3519,78.5279,109.939,141.1146,183.2317,261.7596,73.2927,0.0,2.333333,3.333333,1.066601,30,136,60,3,0E-8,0.06221214,,0E-8,0.000000,0.890988,0.000000,,2026-03-21,2026-06-26,25,407,206,98,0.255102,,,0.000000,,,,,,,,GLOBAL_BASELINE_NO_ENTITY_RANKING,,,NOT_APPLICABLE_GLOBAL_BASELINE,HF9g-P5,,,,X 全窗基线 · 不参与实体赏罚,14192102,1420,A168_HF9F_20260827_0900,2026-08-27 09:00:00
2026-04-19,112874672,2223,0,23.0348401958,21.8830981860,21.8830981860,1.0000000,1,1,0.50665070000000000,0.506650700000,0.9867858985152569,0.9867858985152569,0.9867858985152569,0E-17,ELIGIBLE,R03b_20260811_FULL_v1,L1_ELIGIBILITY,v2026-08-11,2026-03-21..2026-08-06,baccarat_bet02_101_all_pairs_incl_sentinel,round_win = game_pnl > 0 (decisive only),COMPATIBILITY_ONLY_NOT_PRODUCTION,106707.5342,95075.1759,6638.5039,1274,1273,-0.06221214,,-0.06221214,-0.06221214,-6638.5039,106707.5342,OK,0.0000,265.5402,4.0000,96.0000,AG03-UNRESOLVED,ALL5_LEVELS_bet23_to_bet27,265.5402,265.5402,331.9252,0.0000,0.0000,4.000000,4.000000,5.000000,0.000000,0.000000,96.000000,96.000000,95.000000,100.000000,100.000000,5.0,863.0055,826.361,5775.4984,5812.1429,PENDING_AG03,FALSE,NOT_FOR_ENFORCEMENT,6372.9637,91272.1688,6638.5039,6372.9637,265.5402,0.06221214,0.05972365,265.5402,6372.9637,0.05972365,265.5402,265.5402,331.9252,0.0000,0.0000,6372.9637,0.05972365,863.0055,826.361,5775.4984,5812.1429,0.05412456,0.05446797,0.00248849,83.7579,74.6859,5.2148,265.5402,16.3108,4268.3014,50.9200,,83.7579,52.3519,78.5279,109.939,141.1146,183.2317,261.7596,73.2927,0.0,2.333333,3.333333,1.066601,30,136,60,3,0E-8,0.06221214,,0E-8,0.000000,0.890988,0.000000,,2026-03-21,2026-06-26,25,407,206,98,0.255102,,,0.000000,,,,,,,,GLOBAL_BASELINE_NO_ENTITY_RANKING,,,NOT_APPLICABLE_GLOBAL_BASELINE,HF9g-P5,,,,X 全窗基线 · 不参与实体赏罚,14192103,1420,A168_HF9F_20260827_0900,2026-08-27 09:00:00
2026-04-19,112874672,550,0,49.9960736068,-49.9960736068,-49.9960736068,0E-7,2,2,0.49324550000000000,0.493245500000,-1.3952362676504506,-1.3952362676504506,-1.3952362676504506,0E-17,ELIGIBLE,R03b_20260811_FULL_v1,L1_ELIGIBILITY,v2026-08-11,2026-03-21..2026-08-06,baccarat_bet02_101_all_pairs_incl_sentinel,round_win = game_pnl > 0 (decisive only),COMPATIBILITY_ONLY_NOT_PRODUCTION,106707.5342,95075.1759,6638.5039,1274,1273,-0.06221214,,-0.06221214,-0.06221214,-6638.5039,106707.5342,OK,0.0000,265.5402,4.0000,96.0000,AG03-UNRESOLVED,ALL5_LEVELS_bet23_to_bet27,265.5402,265.5402,331.9252,0.0000,0.0000,4.000000,4.000000,5.000000,0.000000,0.000000,96.000000,96.000000,95.000000,100.000000,100.000000,5.0,863.0055,826.361,5775.4984,5812.1429,PENDING_AG03,FALSE,NOT_FOR_ENFORCEMENT,6372.9637,91272.1688,6638.5039,6372.9637,265.5402,0.06221214,0.05972365,265.5402,6372.9637,0.05972365,265.5402,265.5402,331.9252,0.0000,0.0000,6372.9637,0.05972365,863.0055,826.361,5775.4984,5812.1429,0.05412456,0.05446797,0.00248849,83.7579,74.6859,5.2148,265.5402,16.3108,4268.3014,50.9200,,83.7579,52.3519,78.5279,109.939,141.1146,183.2317,261.7596,73.2927,0.0,2.333333,3.333333,1.066601,30,136,60,3,0E-8,0.06221214,,0E-8,0.000000,0.890988,0.000000,,2026-03-21,2026-06-26,25,407,206,98,0.255102,,,0.000000,,,,,,,,GLOBAL_BASELINE_NO_ENTITY_RANKING,,,NOT_APPLICABLE_GLOBAL_BASELINE,HF9g-P5,,,,X 全窗基线 · 不参与实体赏罚,14192104,1420,A168_HF9F_20260827_0900,2026-08-27 09:00:00
2026-04-20,112874672,-1,1,338.1933356020,147.1088657957,147.1088657957,0.7000000,11,11,0.49568280909090909,0.495682809091,1.292263548469205,1.2922635484686278,1.292263548469205,-9.091E-14,SENTINEL_DEALER,R03b_20260811_FULL_v1,L1_ELIGIBILITY,v2026-08-11,2026-03-21..2026-08-06,baccarat_bet02_101_all_pairs_incl_sentinel,round_win = game_pnl > 0 (decisive only),COMPATIBILITY_ONLY_NOT_PRODUCTION,106707.5342,95075.1759,6638.5039,1274,1273,-0.06221214,,-0.06221214,-0.06221214,-6638.5039,106707.5342,OK,0.0000,265.5402,4.0000,96.0000,AG03-UNRESOLVED,ALL5_LEVELS_bet23_to_bet27,265.5402,265.5402,331.9252,0.0000,0.0000,4.000000,4.000000,5.000000,0.000000,0.000000,96.000000,96.000000,95.000000,100.000000,100.000000,5.0,863.0055,826.361,5775.4984,5812.1429,PENDING_AG03,FALSE,NOT_FOR_ENFORCEMENT,6372.9637,91272.1688,6638.5039,6372.9637,265.5402,0.06221214,0.05972365,265.5402,6372.9637,0.05972365,265.5402,265.5402,331.9252,0.0000,0.0000,6372.9637,0.05972365,863.0055,826.361,5775.4984,5812.1429,0.05412456,0.05446797,0.00248849,83.7579,74.6859,5.2148,265.5402,16.3108,4268.3014,50.9200,,83.7579,52.3519,78.5279,109.939,141.1146,183.2317,261.7596,73.2927,0.0,2.333333,3.333333,1.066601,30,136,60,3,0E-8,0.06221214,,0E-8,0.000000,0.890988,0.000000,,2026-03-21,2026-06-26,25,407,206,98,0.255102,,,0.000000,,,,,,,,GLOBAL_BASELINE_NO_ENTITY_RANKING,,,NOT_APPLICABLE_GLOBAL_BASELINE,HF9g-P5,,,,X 全窗基线 · 不参与实体赏罚,14192105,1420,A168_HF9F_20260827_0900,2026-08-27 09:00:00
2026-04-20,112874672,1109,0,1067.9789545325,-298.4058843547,-298.4058843547,0.4285714,8,8,0.49827245000000000,0.498272450000,-0.36882533912701604,-0.36882533912701604,-0.36882533912701604,0E-17,ELIGIBLE,R03b_20260811_FULL_v1,L1_ELIGIBILITY,v2026-08-11,2026-03-21..2026-08-06,baccarat_bet02_101_all_pairs_incl_sentinel,round_win = game_pnl > 0 (decisive only),COMPATIBILITY_ONLY_NOT_PRODUCTION,106707.5342,95075.1759,6638.5039,1274,1273,-0.06221214,,-0.06221214,-0.06221214,-6638.5039,106707.5342,OK,0.0000,265.5402,4.0000,96.0000,AG03-UNRESOLVED,ALL5_LEVELS_bet23_to_bet27,265.5402,265.5402,331.9252,0.0000,0.0000,4.000000,4.000000,5.000000,0.000000,0.000000,96.000000,96.000000,95.000000,100.000000,100.000000,5.0,863.0055,826.361,5775.4984,5812.1429,PENDING_AG03,FALSE,NOT_FOR_ENFORCEMENT,6372.9637,91272.1688,6638.5039,6372.9637,265.5402,0.06221214,0.05972365,265.5402,6372.9637,0.05972365,265.5402,265.5402,331.9252,0.0000,0.0000,6372.9637,0.05972365,863.0055,826.361,5775.4984,5812.1429,0.05412456,0.05446797,0.00248849,83.7579,74.6859,5.2148,265.5402,16.3108,4268.3014,50.9200,,83.7579,52.3519,78.5279,109.939,141.1146,183.2317,261.7596,73.2927,0.0,2.333333,3.333333,1.066601,30,136,60,3,0E-8,0.06221214,,0E-8,0.000000,0.890988,0.000000,,2026-03-21,2026-06-26,25,407,206,98,0.255102,,,0.000000,,,,,,,,GLOBAL_BASELINE_NO_ENTITY_RANKING,,,NOT_APPLICABLE_GLOBAL_BASELINE,HF9g-P5,,,,X 全窗基线 · 不参与实体赏罚,14192106,1420,A168_HF9F_20260827_0900,2026-08-27 09:00:00
2026-04-20,112874672,1205,0,284.0091092325,-130.8797738399,-130.8797738399,0.2857143,7,7,0.50282064285714286,0.502820642857,-1.1488371386043665,-1.1488371386036085,-1.1488371386043665,1.4286E-13,ELIGIBLE,R03b_20260811_FULL_v1,L1_ELIGIBILITY,v2026-08-11,2026-03-21..2026-08-06,baccarat_bet02_101_all_pairs_incl_sentinel,round_win = game_pnl > 0 (decisive only),COMPATIBILITY_ONLY_NOT_PRODUCTION,106707.5342,95075.1759,6638.5039,1274,1273,-0.06221214,,-0.06221214,-0.06221214,-6638.5039,106707.5342,OK,0.0000,265.5402,4.0000,96.0000,AG03-UNRESOLVED,ALL5_LEVELS_bet23_to_bet27,265.5402,265.5402,331.9252,0.0000,0.0000,4.000000,4.000000,5.000000,0.000000,0.000000,96.000000,96.000000,95.000000,100.000000,100.000000,5.0,863.0055,826.361,5775.4984,5812.1429,PENDING_AG03,FALSE,NOT_FOR_ENFORCEMENT,6372.9637,91272.1688,6638.5039,6372.9637,265.5402,0.06221214,0.05972365,265.5402,6372.9637,0.05972365,265.5402,265.5402,331.9252,0.0000,0.0000,6372.9637,0.05972365,863.0055,826.361,5775.4984,5812.1429,0.05412456,0.05446797,0.00248849,83.7579,74.6859,5.2148,265.5402,16.3108,4268.3014,50.9200,,83.7579,52.3519,78.5279,109.939,141.1146,183.2317,261.7596,73.2927,0.0,2.333333,3.333333,1.066601,30,136,60,3,0E-8,0.06221214,,0E-8,0.000000,0.890988,0.000000,,2026-03-21,2026-06-26,25,407,206,98,0.255102,,,0.000000,,,,,,,,GLOBAL_BASELINE_NO_ENTITY_RANKING,,,NOT_APPLICABLE_GLOBAL_BASELINE,HF9g-P5,,,,X 全窗基线 · 不参与实体赏罚,14192107,1420,A168_HF9F_20260827_0900,2026-08-27 09:00:00
2026-04-20,112874672,1331,0,336.6227783158,129.3092165538,129.3092165538,0.5000000,7,7,0.49516052857142857,0.495160528571,0.023709581855318605,0.023709581857418456,0.023709581855318605,4.2857E-13,ELIGIBLE,R03b_20260811_FULL_v1,L1_ELIGIBILITY,v2026-08-11,2026-03-21..2026-08-06,baccarat_bet02_101_all_pairs_incl_sentinel,round_win = game_pnl > 0 (decisive only),COMPATIBILITY_ONLY_NOT_PRODUCTION,106707.5342,95075.1759,6638.5039,1274,1273,-0.06221214,,-0.06221214,-0.06221214,-6638.5039,106707.5342,OK,0.0000,265.5402,4.0000,96.0000,AG03-UNRESOLVED,ALL5_LEVELS_bet23_to_bet27,265.5402,265.5402,331.9252,0.0000,0.0000,4.000000,4.000000,5.000000,0.000000,0.000000,96.000000,96.000000,95.000000,100.000000,100.000000,5.0,863.0055,826.361,5775.4984,5812.1429,PENDING_AG03,FALSE,NOT_FOR_ENFORCEMENT,6372.9637,91272.1688,6638.5039,6372.9637,265.5402,0.06221214,0.05972365,265.5402,6372.9637,0.05972365,265.5402,265.5402,331.9252,0.0000,0.0000,6372.9637,0.05972365,863.0055,826.361,5775.4984,5812.1429,0.05412456,0.05446797,0.00248849,83.7579,74.6859,5.2148,265.5402,16.3108,4268.3014,50.9200,,83.7579,52.3519,78.5279,109.939,141.1146,183.2317,261.7596,73.2927,0.0,2.333333,3.333333,1.066601,30,136,60,3,0E-8,0.06221214,,0E-8,0.000000,0.890988,0.000000,,2026-03-21,2026-06-26,25,407,206,98,0.255102,,,0.000000,,,,,,,,GLOBAL_BASELINE_NO_ENTITY_RANKING,,,NOT_APPLICABLE_GLOBAL_BASELINE,HF9g-P5,,,,X 全窗基线 · 不参与实体赏罚,14192108,1420,A168_HF9F_20260827_0900,2026-08-27 09:00:00
2026-04-20,112874672,1400,0,93.9716776170,66.0942857891,66.0942857891,0.6666667,7,7,0.50090561428571429,0.500905614286,0.8120613271247304,0.8120613271233317,0.8120613271247304,-2.8571E-13,ELIGIBLE,R03b_20260811_FULL_v1,L1_ELIGIBILITY,v2026-08-11,2026-03-21..2026-08-06,baccarat_bet02_101_all_pairs_incl_sentinel,round_win = game_pnl > 0 (decisive only),COMPATIBILITY_ONLY_NOT_PRODUCTION,106707.5342,95075.1759,6638.5039,1274,1273,-0.06221214,,-0.06221214,-0.06221214,-6638.5039,106707.5342,OK,0.0000,265.5402,4.0000,96.0000,AG03-UNRESOLVED,ALL5_LEVELS_bet23_to_bet27,265.5402,265.5402,331.9252,0.0000,0.0000,4.000000,4.000000,5.000000,0.000000,0.000000,96.000000,96.000000,95.000000,100.000000,100.000000,5.0,863.0055,826.361,5775.4984,5812.1429,PENDING_AG03,FALSE,NOT_FOR_ENFORCEMENT,6372.9637,91272.1688,6638.5039,6372.9637,265.5402,0.06221214,0.05972365,265.5402,6372.9637,0.05972365,265.5402,265.5402,331.9252,0.0000,0.0000,6372.9637,0.05972365,863.0055,826.361,5775.4984,5812.1429,0.05412456,0.05446797,0.00248849,83.7579,74.6859,5.2148,265.5402,16.3108,4268.3014,50.9200,,83.7579,52.3519,78.5279,109.939,141.1146,183.2317,261.7596,73.2927,0.0,2.333333,3.333333,1.066601,30,136,60,3,0E-8,0.06221214,,0E-8,0.000000,0.890988,0.000000,,2026-03-21,2026-06-26,25,407,206,98,0.255102,,,0.000000,,,,,,,,GLOBAL_BASELINE_NO_ENTITY_RANKING,,,NOT_APPLICABLE_GLOBAL_BASELINE,HF9g-P5,,,,X 全窗基线 · 不参与实体赏罚,14192109,1420,A168_HF9F_20260827_0900,2026-08-27 09:00:00
2026-04-20,112874672,1957,0,382.1689396121,4.4499123105,4.4499123105,0.5000000,3,3,0.50665070000000000,0.506650700000,-0.018812684590367487,-0.018812684590367487,-0.018812684590367487,0E-17,ELIGIBLE,R03b_20260811_FULL_v1,L1_ELIGIBILITY,v2026-08-11,2026-03-21..2026-08-06,baccarat_bet02_101_all_pairs_incl_sentinel,round_win = game_pnl > 0 (decisive only),COMPATIBILITY_ONLY_NOT_PRODUCTION,106707.5342,95075.1759,6638.5039,1274,1273,-0.06221214,,-0.06221214,-0.06221214,-6638.5039,106707.5342,OK,0.0000,265.5402,4.0000,96.0000,AG03-UNRESOLVED,ALL5_LEVELS_bet23_to_bet27,265.5402,265.5402,331.9252,0.0000,0.0000,4.000000,4.000000,5.000000,0.000000,0.000000,96.000000,96.000000,95.000000,100.000000,100.000000,5.0,863.0055,826.361,5775.4984,5812.1429,PENDING_AG03,FALSE,NOT_FOR_ENFORCEMENT,6372.9637,91272.1688,6638.5039,6372.9637,265.5402,0.06221214,0.05972365,265.5402,6372.9637,0.05972365,265.5402,265.5402,331.9252,0.0000,0.0000,6372.9637,0.05972365,863.0055,826.361,5775.4984,5812.1429,0.05412456,0.05446797,0.00248849,83.7579,74.6859,5.2148,265.5402,16.3108,4268.3014,50.9200,,83.7579,52.3519,78.5279,109.939,141.1146,183.2317,261.7596,73.2927,0.0,2.333333,3.333333,1.066601,30,136,60,3,0E-8,0.06221214,,0E-8,0.000000,0.890988,0.000000,,2026-03-21,2026-06-26,25,407,206,98,0.255102,,,0.000000,,,,,,,,GLOBAL_BASELINE_NO_ENTITY_RANKING,,,NOT_APPLICABLE_GLOBAL_BASELINE,HF9g-P5,,,,X 全窗基线 · 不参与实体赏罚,14192110,1420,A168_HF9F_20260827_0900,2026-08-27 09:00:00
2026-04-20,112874672,2093,0,115.1742009791,-115.1742009791,-115.1742009791,0E-7,4,3,0.47024404000000000,0.429039250000,-1.631865465016404,-1.501433192342098,-1.631865465016404,0.04120479000000000,ELIGIBLE,R03b_20260811_FULL_v1,L1_ELIGIBILITY,v2026-08-11,2026-03-21..2026-08-06,baccarat_bet02_101_all_pairs_incl_sentinel,round_win = game_pnl > 0 (decisive only),COMPATIBILITY_ONLY_NOT_PRODUCTION,106707.5342,95075.1759,6638.5039,1274,1273,-0.06221214,,-0.06221214,-0.06221214,-6638.5039,106707.5342,OK,0.0000,265.5402,4.0000,96.0000,AG03-UNRESOLVED,ALL5_LEVELS_bet23_to_bet27,265.5402,265.5402,331.9252,0.0000,0.0000,4.000000,4.000000,5.000000,0.000000,0.000000,96.000000,96.000000,95.000000,100.000000,100.000000,5.0,863.0055,826.361,5775.4984,5812.1429,PENDING_AG03,FALSE,NOT_FOR_ENFORCEMENT,6372.9637,91272.1688,6638.5039,6372.9637,265.5402,0.06221214,0.05972365,265.5402,6372.9637,0.05972365,265.5402,265.5402,331.9252,0.0000,0.0000,6372.9637,0.05972365,863.0055,826.361,5775.4984,5812.1429,0.05412456,0.05446797,0.00248849,83.7579,74.6859,5.2148,265.5402,16.3108,4268.3014,50.9200,,83.7579,52.3519,78.5279,109.939,141.1146,183.2317,261.7596,73.2927,0.0,2.333333,3.333333,1.066601,30,136,60,3,0E-8,0.06221214,,0E-8,0.000000,0.890988,0.000000,,2026-03-21,2026-06-26,25,407,206,98,0.255102,,,0.000000,,,,,,,,GLOBAL_BASELINE_NO_ENTITY_RANKING,,,NOT_APPLICABLE_GLOBAL_BASELINE,HF9g-P5,,,,X 全窗基线 · 不参与实体赏罚,14192111,1420,A168_HF9F_20260827_0900,2026-08-27 09:00:00
2026-04-20,112874672,2115,0,151.8205376543,-20.9407638143,-20.9407638143,0.5000000,5,5,0.49324550000000000,0.493245500000,0.01910635448239258,0.01910635448239258,0.01910635448239258,0E-17,ELIGIBLE,R03b_20260811_FULL_v1,L1_ELIGIBILITY,v2026-08-11,2026-03-21..2026-08-06,baccarat_bet02_101_all_pairs_incl_sentinel,round_win = game_pnl > 0 (decisive only),COMPATIBILITY_ONLY_NOT_PRODUCTION,106707.5342,95075.1759,6638.5039,1274,1273,-0.06221214,,-0.06221214,-0.06221214,-6638.5039,106707.5342,OK,0.0000,265.5402,4.0000,96.0000,AG03-UNRESOLVED,ALL5_LEVELS_bet23_to_bet27,265.5402,265.5402,331.9252,0.0000,0.0000,4.000000,4.000000,5.000000,0.000000,0.000000,96.000000,96.000000,95.000000,100.000000,100.000000,5.0,863.0055,826.361,5775.4984,5812.1429,PENDING_AG03,FALSE,NOT_FOR_ENFORCEMENT,6372.9637,91272.1688,6638.5039,6372.9637,265.5402,0.06221214,0.05972365,265.5402,6372.9637,0.05972365,265.5402,265.5402,331.9252,0.0000,0.0000,6372.9637,0.05972365,863.0055,826.361,5775.4984,5812.1429,0.05412456,0.05446797,0.00248849,83.7579,74.6859,5.2148,265.5402,16.3108,4268.3014,50.9200,,83.7579,52.3519,78.5279,109.939,141.1146,183.2317,261.7596,73.2927,0.0,2.333333,3.333333,1.066601,30,136,60,3,0E-8,0.06221214,,0E-8,0.000000,0.890988,0.000000,,2026-03-21,2026-06-26,25,407,206,98,0.255102,,,0.000000,,,,,,,,GLOBAL_BASELINE_NO_ENTITY_RANKING,,,NOT_APPLICABLE_GLOBAL_BASELINE,HF9g-P5,,,,X 全窗基线 · 不参与实体赏罚,14192112,1420,A168_HF9F_20260827_0900,2026-08-27 09:00:00
2026-04-20,112874672,2127,0,256.5243567259,101.9553438211,101.9553438211,1.0000000,6,6,0.50218230000000000,0.502182300000,1.724507524396475,1.7245075243964754,1.724507524396475,0E-17,ELIGIBLE,R03b_20260811_FULL_v1,L1_ELIGIBILITY,v2026-08-11,2026-03-21..2026-08-06,baccarat_bet02_101_all_pairs_incl_sentinel,round_win = game_pnl > 0 (decisive only),COMPATIBILITY_ONLY_NOT_PRODUCTION,106707.5342,95075.1759,6638.5039,1274,1273,-0.06221214,,-0.06221214,-0.06221214,-6638.5039,106707.5342,OK,0.0000,265.5402,4.0000,96.0000,AG03-UNRESOLVED,ALL5_LEVELS_bet23_to_bet27,265.5402,265.5402,331.9252,0.0000,0.0000,4.000000,4.000000,5.000000,0.000000,0.000000,96.000000,96.000000,95.000000,100.000000,100.000000,5.0,863.0055,826.361,5775.4984,5812.1429,PENDING_AG03,FALSE,NOT_FOR_ENFORCEMENT,6372.9637,91272.1688,6638.5039,6372.9637,265.5402,0.06221214,0.05972365,265.5402,6372.9637,0.05972365,265.5402,265.5402,331.9252,0.0000,0.0000,6372.9637,0.05972365,863.0055,826.361,5775.4984,5812.1429,0.05412456,0.05446797,0.00248849,83.7579,74.6859,5.2148,265.5402,16.3108,4268.3014,50.9200,,83.7579,52.3519,78.5279,109.939,141.1146,183.2317,261.7596,73.2927,0.0,2.333333,3.333333,1.066601,30,136,60,3,0E-8,0.06221214,,0E-8,0.000000,0.890988,0.000000,,2026-03-21,2026-06-26,25,407,206,98,0.255102,,,0.000000,,,,,,,,GLOBAL_BASELINE_NO_ENTITY_RANKING,,,NOT_APPLICABLE_GLOBAL_BASELINE,HF9g-P5,,,,X 全窗基线 · 不参与实体赏罚,14192113,1420,A168_HF9F_20260827_0900,2026-08-27 09:00:00
2026-04-20,112874672,2141,0,589.7442609221,-409.5620762769,-409.5620762769,0.2000000,10,10,0.50396966000000000,0.503969660000,-1.9225335226662923,-1.9225335226662923,-1.9225335226662923,0E-17,ELIGIBLE,R03b_20260811_FULL_v1,L1_ELIGIBILITY,v2026-08-11,2026-03-21..2026-08-06,baccarat_bet02_101_all_pairs_incl_sentinel,round_win = game_pnl > 0 (decisive only),COMPATIBILITY_ONLY_NOT_PRODUCTION,106707.5342,95075.1759,6638.5039,1274,1273,-0.06221214,,-0.06221214,-0.06221214,-6638.5039,106707.5342,OK,0.0000,265.5402,4.0000,96.0000,AG03-UNRESOLVED,ALL5_LEVELS_bet23_to_bet27,265.5402,265.5402,331.9252,0.0000,0.0000,4.000000,4.000000,5.000000,0.000000,0.000000,96.000000,96.000000,95.000000,100.000000,100.000000,5.0,863.0055,826.361,5775.4984,5812.1429,PENDING_AG03,FALSE,NOT_FOR_ENFORCEMENT,6372.9637,91272.1688,6638.5039,6372.9637,265.5402,0.06221214,0.05972365,265.5402,6372.9637,0.05972365,265.5402,265.5402,331.9252,0.0000,0.0000,6372.9637,0.05972365,863.0055,826.361,5775.4984,5812.1429,0.05412456,0.05446797,0.00248849,83.7579,74.6859,5.2148,265.5402,16.3108,4268.3014,50.9200,,83.7579,52.3519,78.5279,109.939,141.1146,183.2317,261.7596,73.2927,0.0,2.333333,3.333333,1.066601,30,136,60,3,0E-8,0.06221214,,0E-8,0.000000,0.890988,0.000000,,2026-03-21,2026-06-26,25,407,206,98,0.255102,,,0.000000,,,,,,,,GLOBAL_BASELINE_NO_ENTITY_RANKING,,,NOT_APPLICABLE_GLOBAL_BASELINE,HF9g-P5,,,,X 全窗基线 · 不参与实体赏罚,14192114,1420,A168_HF9F_20260827_0900,2026-08-27 09:00:00
2026-04-20,112874672,2145,0,269.0888150147,111.2478077638,111.2478077638,0.7142857,9,9,0.49920336666666667,0.499203366667,1.138110250946487,1.138110250944722,1.138110250946487,-3.3333E-13,ELIGIBLE,R03b_20260811_FULL_v1,L1_ELIGIBILITY,v2026-08-11,2026-03-21..2026-08-06,baccarat_bet02_101_all_pairs_incl_sentinel,round_win = game_pnl > 0 (decisive only),COMPATIBILITY_ONLY_NOT_PRODUCTION,106707.5342,95075.1759,6638.5039,1274,1273,-0.06221214,,-0.06221214,-0.06221214,-6638.5039,106707.5342,OK,0.0000,265.5402,4.0000,96.0000,AG03-UNRESOLVED,ALL5_LEVELS_bet23_to_bet27,265.5402,265.5402,331.9252,0.0000,0.0000,4.000000,4.000000,5.000000,0.000000,0.000000,96.000000,96.000000,95.000000,100.000000,100.000000,5.0,863.0055,826.361,5775.4984,5812.1429,PENDING_AG03,FALSE,NOT_FOR_ENFORCEMENT,6372.9637,91272.1688,6638.5039,6372.9637,265.5402,0.06221214,0.05972365,265.5402,6372.9637,0.05972365,265.5402,265.5402,331.9252,0.0000,0.0000,6372.9637,0.05972365,863.0055,826.361,5775.4984,5812.1429,0.05412456,0.05446797,0.00248849,83.7579,74.6859,5.2148,265.5402,16.3108,4268.3014,50.9200,,83.7579,52.3519,78.5279,109.939,141.1146,183.2317,261.7596,73.2927,0.0,2.333333,3.333333,1.066601,30,136,60,3,0E-8,0.06221214,,0E-8,0.000000,0.890988,0.000000,,2026-03-21,2026-06-26,25,407,206,98,0.255102,,,0.000000,,,,,,,,GLOBAL_BASELINE_NO_ENTITY_RANKING,,,NOT_APPLICABLE_GLOBAL_BASELINE,HF9g-P5,,,,X 全窗基线 · 不参与实体赏罚,14192115,1420,A168_HF9F_20260827_0900,2026-08-27 09:00:00
2026-04-20,112874672,2152,0,80.0984215899,-26.6994738633,-26.6994738633,0.5000000,2,2,0.49324550000000000,0.493245500000,0.01910635448239258,0.01910635448239258,0.01910635448239258,0E-17,ELIGIBLE,R03b_20260811_FULL_v1,L1_ELIGIBILITY,v2026-08-11,2026-03-21..2026-08-06,baccarat_bet02_101_all_pairs_incl_sentinel,round_win = game_pnl > 0 (decisive only),COMPATIBILITY_ONLY_NOT_PRODUCTION,106707.5342,95075.1759,6638.5039,1274,1273,-0.06221214,,-0.06221214,-0.06221214,-6638.5039,106707.5342,OK,0.0000,265.5402,4.0000,96.0000,AG03-UNRESOLVED,ALL5_LEVELS_bet23_to_bet27,265.5402,265.5402,331.9252,0.0000,0.0000,4.000000,4.000000,5.000000,0.000000,0.000000,96.000000,96.000000,95.000000,100.000000,100.000000,5.0,863.0055,826.361,5775.4984,5812.1429,PENDING_AG03,FALSE,NOT_FOR_ENFORCEMENT,6372.9637,91272.1688,6638.5039,6372.9637,265.5402,0.06221214,0.05972365,265.5402,6372.9637,0.05972365,265.5402,265.5402,331.9252,0.0000,0.0000,6372.9637,0.05972365,863.0055,826.361,5775.4984,5812.1429,0.05412456,0.05446797,0.00248849,83.7579,74.6859,5.2148,265.5402,16.3108,4268.3014,50.9200,,83.7579,52.3519,78.5279,109.939,141.1146,183.2317,261.7596,73.2927,0.0,2.333333,3.333333,1.066601,30,136,60,3,0E-8,0.06221214,,0E-8,0.000000,0.890988,0.000000,,2026-03-21,2026-06-26,25,407,206,98,0.255102,,,0.000000,,,,,,,,GLOBAL_BASELINE_NO_ENTITY_RANKING,,,NOT_APPLICABLE_GLOBAL_BASELINE,HF9g-P5,,,,X 全窗基线 · 不参与实体赏罚,14192116,1420,A168_HF9F_20260827_0900,2026-08-27 09:00:00
2026-04-20,112874672,2153,0,108.8919718346,-54.4459859173,-54.4459859173,0E-7,2,2,0.50665070000000000,0.506650700000,-1.013391052207602,-1.013391052207602,-1.013391052207602,0E-17,ELIGIBLE,R03b_20260811_FULL_v1,L1_ELIGIBILITY,v2026-08-11,2026-03-21..2026-08-06,baccarat_bet02_101_all_pairs_incl_sentinel,round_win = game_pnl > 0 (decisive only),COMPATIBILITY_ONLY_NOT_PRODUCTION,106707.5342,95075.1759,6638.5039,1274,1273,-0.06221214,,-0.06221214,-0.06221214,-6638.5039,106707.5342,OK,0.0000,265.5402,4.0000,96.0000,AG03-UNRESOLVED,ALL5_LEVELS_bet23_to_bet27,265.5402,265.5402,331.9252,0.0000,0.0000,4.000000,4.000000,5.000000,0.000000,0.000000,96.000000,96.000000,95.000000,100.000000,100.000000,5.0,863.0055,826.361,5775.4984,5812.1429,PENDING_AG03,FALSE,NOT_FOR_ENFORCEMENT,6372.9637,91272.1688,6638.5039,6372.9637,265.5402,0.06221214,0.05972365,265.5402,6372.9637,0.05972365,265.5402,265.5402,331.9252,0.0000,0.0000,6372.9637,0.05972365,863.0055,826.361,5775.4984,5812.1429,0.05412456,0.05446797,0.00248849,83.7579,74.6859,5.2148,265.5402,16.3108,4268.3014,50.9200,,83.7579,52.3519,78.5279,109.939,141.1146,183.2317,261.7596,73.2927,0.0,2.333333,3.333333,1.066601,30,136,60,3,0E-8,0.06221214,,0E-8,0.000000,0.890988,0.000000,,2026-03-21,2026-06-26,25,407,206,98,0.255102,,,0.000000,,,,,,,,GLOBAL_BASELINE_NO_ENTITY_RANKING,,,NOT_APPLICABLE_GLOBAL_BASELINE,HF9g-P5,,,,X 全窗基线 · 不参与实体赏罚,14192117,1420,A168_HF9F_20260827_0900,2026-08-27 09:00:00
2026-04-20,112874672,2218,0,47.1167185823,-26.6994738633,-26.6994738633,0.5000000,2,2,0.49994810000000000,0.499948100000,0.00014679536856514622,0.00014679536856514622,0.00014679536856514622,0E-17,ELIGIBLE,R03b_20260811_FULL_v1,L1_ELIGIBILITY,v2026-08-11,2026-03-21..2026-08-06,baccarat_bet02_101_all_pairs_incl_sentinel,round_win = game_pnl > 0 (decisive only),COMPATIBILITY_ONLY_NOT_PRODUCTION,106707.5342,95075.1759,6638.5039,1274,1273,-0.06221214,,-0.06221214,-0.06221214,-6638.5039,106707.5342,OK,0.0000,265.5402,4.0000,96.0000,AG03-UNRESOLVED,ALL5_LEVELS_bet23_to_bet27,265.5402,265.5402,331.9252,0.0000,0.0000,4.000000,4.000000,5.000000,0.000000,0.000000,96.000000,96.000000,95.000000,100.000000,100.000000,5.0,863.0055,826.361,5775.4984,5812.1429,PENDING_AG03,FALSE,NOT_FOR_ENFORCEMENT,6372.9637,91272.1688,6638.5039,6372.9637,265.5402,0.06221214,0.05972365,265.5402,6372.9637,0.05972365,265.5402,265.5402,331.9252,0.0000,0.0000,6372.9637,0.05972365,863.0055,826.361,5775.4984,5812.1429,0.05412456,0.05446797,0.00248849,83.7579,74.6859,5.2148,265.5402,16.3108,4268.3014,50.9200,,83.7579,52.3519,78.5279,109.939,141.1146,183.2317,261.7596,73.2927,0.0,2.333333,3.333333,1.066601,30,136,60,3,0E-8,0.06221214,,0E-8,0.000000,0.890988,0.000000,,2026-03-21,2026-06-26,25,407,206,98,0.255102,,,0.000000,,,,,,,,GLOBAL_BASELINE_NO_ENTITY_RANKING,,,NOT_APPLICABLE_GLOBAL_BASELINE,HF9g-P5,,,,X 全窗基线 · 不参与实体赏罚,14192118,1420,A168_HF9F_20260827_0900,2026-08-27 09:00:00
2026-04-20,112874672,2239,0,23.5583592912,-23.5583592912,-23.5583592912,0E-7,1,1,0.50665070000000000,0.506650700000,-1.013391052207602,-1.013391052207602,-1.013391052207602,0E-17,ELIGIBLE,R03b_20260811_FULL_v1,L1_ELIGIBILITY,v2026-08-11,2026-03-21..2026-08-06,baccarat_bet02_101_all_pairs_incl_sentinel,round_win = game_pnl > 0 (decisive only),COMPATIBILITY_ONLY_NOT_PRODUCTION,106707.5342,95075.1759,6638.5039,1274,1273,-0.06221214,,-0.06221214,-0.06221214,-6638.5039,106707.5342,OK,0.0000,265.5402,4.0000,96.0000,AG03-UNRESOLVED,ALL5_LEVELS_bet23_to_bet27,265.5402,265.5402,331.9252,0.0000,0.0000,4.000000,4.000000,5.000000,0.000000,0.000000,96.000000,96.000000,95.000000,100.000000,100.000000,5.0,863.0055,826.361,5775.4984,5812.1429,PENDING_AG03,FALSE,NOT_FOR_ENFORCEMENT,6372.9637,91272.1688,6638.5039,6372.9637,265.5402,0.06221214,0.05972365,265.5402,6372.9637,0.05972365,265.5402,265.5402,331.9252,0.0000,0.0000,6372.9637,0.05972365,863.0055,826.361,5775.4984,5812.1429,0.05412456,0.05446797,0.00248849,83.7579,74.6859,5.2148,265.5402,16.3108,4268.3014,50.9200,,83.7579,52.3519,78.5279,109.939,141.1146,183.2317,261.7596,73.2927,0.0,2.333333,3.333333,1.066601,30,136,60,3,0E-8,0.06221214,,0E-8,0.000000,0.890988,0.000000,,2026-03-21,2026-06-26,25,407,206,98,0.255102,,,0.000000,,,,,,,,GLOBAL_BASELINE_NO_ENTITY_RANKING,,,NOT_APPLICABLE_GLOBAL_BASELINE,HF9g-P5,,,,X 全窗基线 · 不参与实体赏罚,14192119,1420,A168_HF9F_20260827_0900,2026-08-27 09:00:00
2026-04-20,112874672,2242,0,88.9982462110,88.9982462110,88.9982462110,1.0000000,1,1,0.49324550000000000,0.493245500000,1.01360149184955,1.01360149184955,1.01360149184955,0E-17,ELIGIBLE,R03b_20260811_FULL_v1,L1_ELIGIBILITY,v2026-08-11,2026-03-21..2026-08-06,baccarat_bet02_101_all_pairs_incl_sentinel,round_win = game_pnl > 0 (decisive only),COMPATIBILITY_ONLY_NOT_PRODUCTION,106707.5342,95075.1759,6638.5039,1274,1273,-0.06221214,,-0.06221214,-0.06221214,-6638.5039,106707.5342,OK,0.0000,265.5402,4.0000,96.0000,AG03-UNRESOLVED,ALL5_LEVELS_bet23_to_bet27,265.5402,265.5402,331.9252,0.0000,0.0000,4.000000,4.000000,5.000000,0.000000,0.000000,96.000000,96.000000,95.000000,100.000000,100.000000,5.0,863.0055,826.361,5775.4984,5812.1429,PENDING_AG03,FALSE,NOT_FOR_ENFORCEMENT,6372.9637,91272.1688,6638.5039,6372.9637,265.5402,0.06221214,0.05972365,265.5402,6372.9637,0.05972365,265.5402,265.5402,331.9252,0.0000,0.0000,6372.9637,0.05972365,863.0055,826.361,5775.4984,5812.1429,0.05412456,0.05446797,0.00248849,83.7579,74.6859,5.2148,265.5402,16.3108,4268.3014,50.9200,,83.7579,52.3519,78.5279,109.939,141.1146,183.2317,261.7596,73.2927,0.0,2.333333,3.333333,1.066601,30,136,60,3,0E-8,0.06221214,,0E-8,0.000000,0.890988,0.000000,,2026-03-21,2026-06-26,25,407,206,98,0.255102,,,0.000000,,,,,,,,GLOBAL_BASELINE_NO_ENTITY_RANKING,,,NOT_APPLICABLE_GLOBAL_BASELINE,HF9g-P5,,,,X 全窗基线 · 不参与实体赏罚,14192120,1420,A168_HF9F_20260827_0900,2026-08-27 09:00:00
2026-04-20,112874672,2246,0,69.6280396827,47.7711174515,47.7711174515,0.6666667,3,3,0.50665070000000000,0.506650700000,0.5543606114942035,0.5543606114942035,0.5543606114942035,0E-17,ELIGIBLE,R03b_20260811_FULL_v1,L1_ELIGIBILITY,v2026-08-11,2026-03-21..2026-08-06,baccarat_bet02_101_all_pairs_incl_sentinel,round_win = game_pnl > 0 (decisive only),COMPATIBILITY_ONLY_NOT_PRODUCTION,106707.5342,95075.1759,6638.5039,1274,1273,-0.06221214,,-0.06221214,-0.06221214,-6638.5039,106707.5342,OK,0.0000,265.5402,4.0000,96.0000,AG03-UNRESOLVED,ALL5_LEVELS_bet23_to_bet27,265.5402,265.5402,331.9252,0.0000,0.0000,4.000000,4.000000,5.000000,0.000000,0.000000,96.000000,96.000000,95.000000,100.000000,100.000000,5.0,863.0055,826.361,5775.4984,5812.1429,PENDING_AG03,FALSE,NOT_FOR_ENFORCEMENT,6372.9637,91272.1688,6638.5039,6372.9637,265.5402,0.06221214,0.05972365,265.5402,6372.9637,0.05972365,265.5402,265.5402,331.9252,0.0000,0.0000,6372.9637,0.05972365,863.0055,826.361,5775.4984,5812.1429,0.05412456,0.05446797,0.00248849,83.7579,74.6859,5.2148,265.5402,16.3108,4268.3014,50.9200,,83.7579,52.3519,78.5279,109.939,141.1146,183.2317,261.7596,73.2927,0.0,2.333333,3.333333,1.066601,30,136,60,3,0E-8,0.06221214,,0E-8,0.000000,0.890988,0.000000,,2026-03-21,2026-06-26,25,407,206,98,0.255102,,,0.000000,,,,,,,,GLOBAL_BASELINE_NO_ENTITY_RANKING,,,NOT_APPLICABLE_GLOBAL_BASELINE,HF9g-P5,,,,X 全窗基线 · 不参与实体赏罚,14192121,1420,A168_HF9F_20260827_0900,2026-08-27 09:00:00
2026-04-20,112874672,595,0,78.5278643039,-27.4847525063,-27.4847525063,0.5000000,2,2,0.49994810000000000,0.499948100000,0.00014679536856514622,0.00014679536856514622,0.00014679536856514622,0E-17,ELIGIBLE,R03b_20260811_FULL_v1,L1_ELIGIBILITY,v2026-08-11,2026-03-21..2026-08-06,baccarat_bet02_101_all_pairs_incl_sentinel,round_win = game_pnl > 0 (decisive only),COMPATIBILITY_ONLY_NOT_PRODUCTION,106707.5342,95075.1759,6638.5039,1274,1273,-0.06221214,,-0.06221214,-0.06221214,-6638.5039,106707.5342,OK,0.0000,265.5402,4.0000,96.0000,AG03-UNRESOLVED,ALL5_LEVELS_bet23_to_bet27,265.5402,265.5402,331.9252,0.0000,0.0000,4.000000,4.000000,5.000000,0.000000,0.000000,96.000000,96.000000,95.000000,100.000000,100.000000,5.0,863.0055,826.361,5775.4984,5812.1429,PENDING_AG03,FALSE,NOT_FOR_ENFORCEMENT,6372.9637,91272.1688,6638.5039,6372.9637,265.5402,0.06221214,0.05972365,265.5402,6372.9637,0.05972365,265.5402,265.5402,331.9252,0.0000,0.0000,6372.9637,0.05972365,863.0055,826.361,5775.4984,5812.1429,0.05412456,0.05446797,0.00248849,83.7579,74.6859,5.2148,265.5402,16.3108,4268.3014,50.9200,,83.7579,52.3519,78.5279,109.939,141.1146,183.2317,261.7596,73.2927,0.0,2.333333,3.333333,1.066601,30,136,60,3,0E-8,0.06221214,,0E-8,0.000000,0.890988,0.000000,,2026-03-21,2026-06-26,25,407,206,98,0.255102,,,0.000000,,,,,,,,GLOBAL_BASELINE_NO_ENTITY_RANKING,,,NOT_APPLICABLE_GLOBAL_BASELINE,HF9g-P5,,,,X 全窗基线 · 不参与实体赏罚,14192122,1420,A168_HF9F_20260827_0900,2026-08-27 09:00:00
2026-04-21,112874672,-1,1,1216.6583776146,250.3860953329,250.3860953329,0.5333333,17,17,0.50034237058823529,0.500342370588,0.2555469584834475,0.25554695848527,0.2555469584834475,2.3529E-13,SENTINEL_DEALER,R03b_20260811_FULL_v1,L1_ELIGIBILITY,v2026-08-11,2026-03-21..2026-08-06,baccarat_bet02_101_all_pairs_incl_sentinel,round_win = game_pnl > 0 (decisive only),COMPATIBILITY_ONLY_NOT_PRODUCTION,106707.5342,95075.1759,6638.5039,1274,1273,-0.06221214,,-0.06221214,-0.06221214,-6638.5039,106707.5342,OK,0.0000,265.5402,4.0000,96.0000,AG03-UNRESOLVED,ALL5_LEVELS_bet23_to_bet27,265.5402,265.5402,331.9252,0.0000,0.0000,4.000000,4.000000,5.000000,0.000000,0.000000,96.000000,96.000000,95.000000,100.000000,100.000000,5.0,863.0055,826.361,5775.4984,5812.1429,PENDING_AG03,FALSE,NOT_FOR_ENFORCEMENT,6372.9637,91272.1688,6638.5039,6372.9637,265.5402,0.06221214,0.05972365,265.5402,6372.9637,0.05972365,265.5402,265.5402,331.9252,0.0000,0.0000,6372.9637,0.05972365,863.0055,826.361,5775.4984,5812.1429,0.05412456,0.05446797,0.00248849,83.7579,74.6859,5.2148,265.5402,16.3108,4268.3014,50.9200,,83.7579,52.3519,78.5279,109.939,141.1146,183.2317,261.7596,73.2927,0.0,2.333333,3.333333,1.066601,30,136,60,3,0E-8,0.06221214,,0E-8,0.000000,0.890988,0.000000,,2026-03-21,2026-06-26,25,407,206,98,0.255102,,,0.000000,,,,,,,,GLOBAL_BASELINE_NO_ENTITY_RANKING,,,NOT_APPLICABLE_GLOBAL_BASELINE,HF9g-P5,,,,X 全窗基线 · 不参与实体赏罚,14192123,1420,A168_HF9F_20260827_0900,2026-08-27 09:00:00
2026-04-21,112874672,1115,0,130.8797738398,-130.8797738398,-130.8797738398,0E-7,1,1,0.50665070000000000,0.506650700000,-1.013391052207602,-1.013391052207602,-1.013391052207602,0E-17,ELIGIBLE,R03b_20260811_FULL_v1,L1_ELIGIBILITY,v2026-08-11,2026-03-21..2026-08-06,baccarat_bet02_101_all_pairs_incl_sentinel,round_win = game_pnl > 0 (decisive only),COMPATIBILITY_ONLY_NOT_PRODUCTION,106707.5342,95075.1759,6638.5039,1274,1273,-0.06221214,,-0.06221214,-0.06221214,-6638.5039,106707.5342,OK,0.0000,265.5402,4.0000,96.0000,AG03-UNRESOLVED,ALL5_LEVELS_bet23_to_bet27,265.5402,265.5402,331.9252,0.0000,0.0000,4.000000,4.000000,5.000000,0.000000,0.000000,96.000000,96.000000,95.000000,100.000000,100.000000,5.0,863.0055,826.361,5775.4984,5812.1429,PENDING_AG03,FALSE,NOT_FOR_ENFORCEMENT,6372.9637,91272.1688,6638.5039,6372.9637,265.5402,0.06221214,0.05972365,265.5402,6372.9637,0.05972365,265.5402,265.5402,331.9252,0.0000,0.0000,6372.9637,0.05972365,863.0055,826.361,5775.4984,5812.1429,0.05412456,0.05446797,0.00248849,83.7579,74.6859,5.2148,265.5402,16.3108,4268.3014,50.9200,,83.7579,52.3519,78.5279,109.939,141.1146,183.2317,261.7596,73.2927,0.0,2.333333,3.333333,1.066601,30,136,60,3,0E-8,0.06221214,,0E-8,0.000000,0.890988,0.000000,,2026-03-21,2026-06-26,25,407,206,98,0.255102,,,0.000000,,,,,,,,GLOBAL_BASELINE_NO_ENTITY_RANKING,,,NOT_APPLICABLE_GLOBAL_BASELINE,HF9g-P5,,,,X 全窗基线 · 不参与实体赏罚,14192124,1420,A168_HF9F_20260827_0900,2026-08-27 09:00:00
2026-04-21,112874672,1205,0,62.8222914431,-62.8222914431,-62.8222914431,0E-7,1,1,0.50665070000000000,0.506650700000,-1.013391052207602,-1.013391052207602,-1.013391052207602,0E-17,ELIGIBLE,R03b_20260811_FULL_v1,L1_ELIGIBILITY,v2026-08-11,2026-03-21..2026-08-06,baccarat_bet02_101_all_pairs_incl_sentinel,round_win = game_pnl > 0 (decisive only),COMPATIBILITY_ONLY_NOT_PRODUCTION,106707.5342,95075.1759,6638.5039,1274,1273,-0.06221214,,-0.06221214,-0.06221214,-6638.5039,106707.5342,OK,0.0000,265.5402,4.0000,96.0000,AG03-UNRESOLVED,ALL5_LEVELS_bet23_to_bet27,265.5402,265.5402,331.9252,0.0000,0.0000,4.000000,4.000000,5.000000,0.000000,0.000000,96.000000,96.000000,95.000000,100.000000,100.000000,5.0,863.0055,826.361,5775.4984,5812.1429,PENDING_AG03,FALSE,NOT_FOR_ENFORCEMENT,6372.9637,91272.1688,6638.5039,6372.9637,265.5402,0.06221214,0.05972365,265.5402,6372.9637,0.05972365,265.5402,265.5402,331.9252,0.0000,0.0000,6372.9637,0.05972365,863.0055,826.361,5775.4984,5812.1429,0.05412456,0.05446797,0.00248849,83.7579,74.6859,5.2148,265.5402,16.3108,4268.3014,50.9200,,83.7579,52.3519,78.5279,109.939,141.1146,183.2317,261.7596,73.2927,0.0,2.333333,3.333333,1.066601,30,136,60,3,0E-8,0.06221214,,0E-8,0.000000,0.890988,0.000000,,2026-03-21,2026-06-26,25,407,206,98,0.255102,,,0.000000,,,,,,,,GLOBAL_BASELINE_NO_ENTITY_RANKING,,,NOT_APPLICABLE_GLOBAL_BASELINE,HF9g-P5,,,,X 全窗基线 · 不参与实体赏罚,14192125,1420,A168_HF9F_20260827_0900,2026-08-27 09:00:00
2026-04-21,112874672,1210,0,78.5278643039,-78.5278643039,-78.5278643039,0E-7,1,1,0.49324550000000000,0.493245500000,-0.9865810262130424,-0.9865810262130424,-0.9865810262130424,0E-17,ELIGIBLE,R03b_20260811_FULL_v1,L1_ELIGIBILITY,v2026-08-11,2026-03-21..2026-08-06,baccarat_bet02_101_all_pairs_incl_sentinel,round_win = game_pnl > 0 (decisive only),COMPATIBILITY_ONLY_NOT_PRODUCTION,106707.5342,95075.1759,6638.5039,1274,1273,-0.06221214,,-0.06221214,-0.06221214,-6638.5039,106707.5342,OK,0.0000,265.5402,4.0000,96.0000,AG03-UNRESOLVED,ALL5_LEVELS_bet23_to_bet27,265.5402,265.5402,331.9252,0.0000,0.0000,4.000000,4.000000,5.000000,0.000000,0.000000,96.000000,96.000000,95.000000,100.000000,100.000000,5.0,863.0055,826.361,5775.4984,5812.1429,PENDING_AG03,FALSE,NOT_FOR_ENFORCEMENT,6372.9637,91272.1688,6638.5039,6372.9637,265.5402,0.06221214,0.05972365,265.5402,6372.9637,0.05972365,265.5402,265.5402,331.9252,0.0000,0.0000,6372.9637,0.05972365,863.0055,826.361,5775.4984,5812.1429,0.05412456,0.05446797,0.00248849,83.7579,74.6859,5.2148,265.5402,16.3108,4268.3014,50.9200,,83.7579,52.3519,78.5279,109.939,141.1146,183.2317,261.7596,73.2927,0.0,2.333333,3.333333,1.066601,30,136,60,3,0E-8,0.06221214,,0E-8,0.000000,0.890988,0.000000,,2026-03-21,2026-06-26,25,407,206,98,0.255102,,,0.000000,,,,,,,,GLOBAL_BASELINE_NO_ENTITY_RANKING,,,NOT_APPLICABLE_GLOBAL_BASELINE,HF9g-P5,,,,X 全窗基线 · 不参与实体赏罚,14192126,1420,A168_HF9F_20260827_0900,2026-08-27 09:00:00
2026-04-21,112874672,1306,0,78.5278643039,78.5278643039,78.5278643039,1.0000000,1,1,0.49324550000000000,0.493245500000,1.01360149184955,1.01360149184955,1.01360149184955,0E-17,ELIGIBLE,R03b_20260811_FULL_v1,L1_ELIGIBILITY,v2026-08-11,2026-03-21..2026-08-06,baccarat_bet02_101_all_pairs_incl_sentinel,round_win = game_pnl > 0 (decisive only),COMPATIBILITY_ONLY_NOT_PRODUCTION,106707.5342,95075.1759,6638.5039,1274,1273,-0.06221214,,-0.06221214,-0.06221214,-6638.5039,106707.5342,OK,0.0000,265.5402,4.0000,96.0000,AG03-UNRESOLVED,ALL5_LEVELS_bet23_to_bet27,265.5402,265.5402,331.9252,0.0000,0.0000,4.000000,4.000000,5.000000,0.000000,0.000000,96.000000,96.000000,95.000000,100.000000,100.000000,5.0,863.0055,826.361,5775.4984,5812.1429,PENDING_AG03,FALSE,NOT_FOR_ENFORCEMENT,6372.9637,91272.1688,6638.5039,6372.9637,265.5402,0.06221214,0.05972365,265.5402,6372.9637,0.05972365,265.5402,265.5402,331.9252,0.0000,0.0000,6372.9637,0.05972365,863.0055,826.361,5775.4984,5812.1429,0.05412456,0.05446797,0.00248849,83.7579,74.6859,5.2148,265.5402,16.3108,4268.3014,50.9200,,83.7579,52.3519,78.5279,109.939,141.1146,183.2317,261.7596,73.2927,0.0,2.333333,3.333333,1.066601,30,136,60,3,0E-8,0.06221214,,0E-8,0.000000,0.890988,0.000000,,2026-03-21,2026-06-26,25,407,206,98,0.255102,,,0.000000,,,,,,,,GLOBAL_BASELINE_NO_ENTITY_RANKING,,,NOT_APPLICABLE_GLOBAL_BASELINE,HF9g-P5,,,,X 全窗基线 · 不参与实体赏罚,14192127,1420,A168_HF9F_20260827_0900,2026-08-27 09:00:00
2026-04-21,112874672,1331,0,427.1915818129,86.9041698295,86.9041698295,0.5000000,4,4,0.49659680000000000,0.496596800000,0.013613115331600182,0.013613115331600183,0.013613115331600182,0E-17,ELIGIBLE,R03b_20260811_FULL_v1,L1_ELIGIBILITY,v2026-08-11,2026-03-21..2026-08-06,baccarat_bet02_101_all_pairs_incl_sentinel,round_win = game_pnl > 0 (decisive only),COMPATIBILITY_ONLY_NOT_PRODUCTION,106707.5342,95075.1759,6638.5039,1274,1273,-0.06221214,,-0.06221214,-0.06221214,-6638.5039,106707.5342,OK,0.0000,265.5402,4.0000,96.0000,AG03-UNRESOLVED,ALL5_LEVELS_bet23_to_bet27,265.5402,265.5402,331.9252,0.0000,0.0000,4.000000,4.000000,5.000000,0.000000,0.000000,96.000000,96.000000,95.000000,100.000000,100.000000,5.0,863.0055,826.361,5775.4984,5812.1429,PENDING_AG03,FALSE,NOT_FOR_ENFORCEMENT,6372.9637,91272.1688,6638.5039,6372.9637,265.5402,0.06221214,0.05972365,265.5402,6372.9637,0.05972365,265.5402,265.5402,331.9252,0.0000,0.0000,6372.9637,0.05972365,863.0055,826.361,5775.4984,5812.1429,0.05412456,0.05446797,0.00248849,83.7579,74.6859,5.2148,265.5402,16.3108,4268.3014,50.9200,,83.7579,52.3519,78.5279,109.939,141.1146,183.2317,261.7596,73.2927,0.0,2.333333,3.333333,1.066601,30,136,60,3,0E-8,0.06221214,,0E-8,0.000000,0.890988,0.000000,,2026-03-21,2026-06-26,25,407,206,98,0.255102,,,0.000000,,,,,,,,GLOBAL_BASELINE_NO_ENTITY_RANKING,,,NOT_APPLICABLE_GLOBAL_BASELINE,HF9g-P5,,,,X 全窗基线 · 不参与实体赏罚,14192128,1420,A168_HF9F_20260827_0900,2026-08-27 09:00:00
2026-04-21,112874672,1382,0,533.9894772662,-319.3466481690,-319.3466481690,0.2500000,5,5,0.49592654000000000,0.495926540000,-0.983738807048034,-0.983738807048034,-0.983738807048034,0E-17,ELIGIBLE,R03b_20260811_FULL_v1,L1_ELIGIBILITY,v2026-08-11,2026-03-21..2026-08-06,baccarat_bet02_101_all_pairs_incl_sentinel,round_win = game_pnl > 0 (decisive only),COMPATIBILITY_ONLY_NOT_PRODUCTION,106707.5342,95075.1759,6638.5039,1274,1273,-0.06221214,,-0.06221214,-0.06221214,-6638.5039,106707.5342,OK,0.0000,265.5402,4.0000,96.0000,AG03-UNRESOLVED,ALL5_LEVELS_bet23_to_bet27,265.5402,265.5402,331.9252,0.0000,0.0000,4.000000,4.000000,5.000000,0.000000,0.000000,96.000000,96.000000,95.000000,100.000000,100.000000,5.0,863.0055,826.361,5775.4984,5812.1429,PENDING_AG03,FALSE,NOT_FOR_ENFORCEMENT,6372.9637,91272.1688,6638.5039,6372.9637,265.5402,0.06221214,0.05972365,265.5402,6372.9637,0.05972365,265.5402,265.5402,331.9252,0.0000,0.0000,6372.9637,0.05972365,863.0055,826.361,5775.4984,5812.1429,0.05412456,0.05446797,0.00248849,83.7579,74.6859,5.2148,265.5402,16.3108,4268.3014,50.9200,,83.7579,52.3519,78.5279,109.939,141.1146,183.2317,261.7596,73.2927,0.0,2.333333,3.333333,1.066601,30,136,60,3,0E-8,0.06221214,,0E-8,0.000000,0.890988,0.000000,,2026-03-21,2026-06-26,25,407,206,98,0.255102,,,0.000000,,,,,,,,GLOBAL_BASELINE_NO_ENTITY_RANKING,,,NOT_APPLICABLE_GLOBAL_BASELINE,HF9g-P5,,,,X 全窗基线 · 不参与实体赏罚,14192129,1420,A168_HF9F_20260827_0900,2026-08-27 09:00:00
2026-04-21,112874672,1396,0,497.8666596865,92.1393607832,92.1393607832,0.6000000,6,6,0.49771390000000000,0.497713900000,0.4574421269484404,0.45744212694844033,0.4574421269484404,0E-17,ELIGIBLE,R03b_20260811_FULL_v1,L1_ELIGIBILITY,v2026-08-11,2026-03-21..2026-08-06,baccarat_bet02_101_all_pairs_incl_sentinel,round_win = game_pnl > 0 (decisive only),COMPATIBILITY_ONLY_NOT_PRODUCTION,106707.5342,95075.1759,6638.5039,1274,1273,-0.06221214,,-0.06221214,-0.06221214,-6638.5039,106707.5342,OK,0.0000,265.5402,4.0000,96.0000,AG03-UNRESOLVED,ALL5_LEVELS_bet23_to_bet27,265.5402,265.5402,331.9252,0.0000,0.0000,4.000000,4.000000,5.000000,0.000000,0.000000,96.000000,96.000000,95.000000,100.000000,100.000000,5.0,863.0055,826.361,5775.4984,5812.1429,PENDING_AG03,FALSE,NOT_FOR_ENFORCEMENT,6372.9637,91272.1688,6638.5039,6372.9637,265.5402,0.06221214,0.05972365,265.5402,6372.9637,0.05972365,265.5402,265.5402,331.9252,0.0000,0.0000,6372.9637,0.05972365,863.0055,826.361,5775.4984,5812.1429,0.05412456,0.05446797,0.00248849,83.7579,74.6859,5.2148,265.5402,16.3108,4268.3014,50.9200,,83.7579,52.3519,78.5279,109.939,141.1146,183.2317,261.7596,73.2927,0.0,2.333333,3.333333,1.066601,30,136,60,3,0E-8,0.06221214,,0E-8,0.000000,0.890988,0.000000,,2026-03-21,2026-06-26,25,407,206,98,0.255102,,,0.000000,,,,,,,,GLOBAL_BASELINE_NO_ENTITY_RANKING,,,NOT_APPLICABLE_GLOBAL_BASELINE,HF9g-P5,,,,X 全窗基线 · 不参与实体赏罚,14192130,1420,A168_HF9F_20260827_0900,2026-08-27 09:00:00
2026-04-21,112874672,1399,0,764.3378792244,-2.3558359291,-2.3558359291,0.5000000,8,8,0.50329940000000000,0.503299400000,-0.018664631283057894,-0.018664631283057894,-0.018664631283057894,0E-17,ELIGIBLE,R03b_20260811_FULL_v1,L1_ELIGIBILITY,v2026-08-11,2026-03-21..2026-08-06,baccarat_bet02_101_all_pairs_incl_sentinel,round_win = game_pnl > 0 (decisive only),COMPATIBILITY_ONLY_NOT_PRODUCTION,106707.5342,95075.1759,6638.5039,1274,1273,-0.06221214,,-0.06221214,-0.06221214,-6638.5039,106707.5342,OK,0.0000,265.5402,4.0000,96.0000,AG03-UNRESOLVED,ALL5_LEVELS_bet23_to_bet27,265.5402,265.5402,331.9252,0.0000,0.0000,4.000000,4.000000,5.000000,0.000000,0.000000,96.000000,96.000000,95.000000,100.000000,100.000000,5.0,863.0055,826.361,5775.4984,5812.1429,PENDING_AG03,FALSE,NOT_FOR_ENFORCEMENT,6372.9637,91272.1688,6638.5039,6372.9637,265.5402,0.06221214,0.05972365,265.5402,6372.9637,0.05972365,265.5402,265.5402,331.9252,0.0000,0.0000,6372.9637,0.05972365,863.0055,826.361,5775.4984,5812.1429,0.05412456,0.05446797,0.00248849,83.7579,74.6859,5.2148,265.5402,16.3108,4268.3014,50.9200,,83.7579,52.3519,78.5279,109.939,141.1146,183.2317,261.7596,73.2927,0.0,2.333333,3.333333,1.066601,30,136,60,3,0E-8,0.06221214,,0E-8,0.000000,0.890988,0.000000,,2026-03-21,2026-06-26,25,407,206,98,0.255102,,,0.000000,,,,,,,,GLOBAL_BASELINE_NO_ENTITY_RANKING,,,NOT_APPLICABLE_GLOBAL_BASELINE,HF9g-P5,,,,X 全窗基线 · 不参与实体赏罚,14192131,1420,A168_HF9F_20260827_0900,2026-08-27 09:00:00
2026-04-21,112874672,1490,0,293.1706934011,129.3092165537,129.3092165537,0.6666667,3,3,0.49771390000000000,0.497713900000,0.5852756695216578,0.5852756695216578,0.5852756695216578,0E-17,ELIGIBLE,R03b_20260811_FULL_v1,L1_ELIGIBILITY,v2026-08-11,2026-03-21..2026-08-06,baccarat_bet02_101_all_pairs_incl_sentinel,round_win = game_pnl > 0 (decisive only),COMPATIBILITY_ONLY_NOT_PRODUCTION,106707.5342,95075.1759,6638.5039,1274,1273,-0.06221214,,-0.06221214,-0.06221214,-6638.5039,106707.5342,OK,0.0000,265.5402,4.0000,96.0000,AG03-UNRESOLVED,ALL5_LEVELS_bet23_to_bet27,265.5402,265.5402,331.9252,0.0000,0.0000,4.000000,4.000000,5.000000,0.000000,0.000000,96.000000,96.000000,95.000000,100.000000,100.000000,5.0,863.0055,826.361,5775.4984,5812.1429,PENDING_AG03,FALSE,NOT_FOR_ENFORCEMENT,6372.9637,91272.1688,6638.5039,6372.9637,265.5402,0.06221214,0.05972365,265.5402,6372.9637,0.05972365,265.5402,265.5402,331.9252,0.0000,0.0000,6372.9637,0.05972365,863.0055,826.361,5775.4984,5812.1429,0.05412456,0.05446797,0.00248849,83.7579,74.6859,5.2148,265.5402,16.3108,4268.3014,50.9200,,83.7579,52.3519,78.5279,109.939,141.1146,183.2317,261.7596,73.2927,0.0,2.333333,3.333333,1.066601,30,136,60,3,0E-8,0.06221214,,0E-8,0.000000,0.890988,0.000000,,2026-03-21,2026-06-26,25,407,206,98,0.255102,,,0.000000,,,,,,,,GLOBAL_BASELINE_NO_ENTITY_RANKING,,,NOT_APPLICABLE_GLOBAL_BASELINE,HF9g-P5,,,,X 全窗基线 · 不参与实体赏罚,14192132,1420,A168_HF9F_20260827_0900,2026-08-27 09:00:00
2026-04-21,112874672,1509,0,727.6915425493,103.3950213335,103.3950213335,0.5714286,9,9,0.49920336666666667,0.499203366667,0.38218034546389335,0.38218034546212926,0.38218034546389335,-3.3333E-13,ELIGIBLE,R03b_20260811_FULL_v1,L1_ELIGIBILITY,v2026-08-11,2026-03-21..2026-08-06,baccarat_bet02_101_all_pairs_incl_sentinel,round_win = game_pnl > 0 (decisive only),COMPATIBILITY_ONLY_NOT_PRODUCTION,106707.5342,95075.1759,6638.5039,1274,1273,-0.06221214,,-0.06221214,-0.06221214,-6638.5039,106707.5342,OK,0.0000,265.5402,4.0000,96.0000,AG03-UNRESOLVED,ALL5_LEVELS_bet23_to_bet27,265.5402,265.5402,331.9252,0.0000,0.0000,4.000000,4.000000,5.000000,0.000000,0.000000,96.000000,96.000000,95.000000,100.000000,100.000000,5.0,863.0055,826.361,5775.4984,5812.1429,PENDING_AG03,FALSE,NOT_FOR_ENFORCEMENT,6372.9637,91272.1688,6638.5039,6372.9637,265.5402,0.06221214,0.05972365,265.5402,6372.9637,0.05972365,265.5402,265.5402,331.9252,0.0000,0.0000,6372.9637,0.05972365,863.0055,826.361,5775.4984,5812.1429,0.05412456,0.05446797,0.00248849,83.7579,74.6859,5.2148,265.5402,16.3108,4268.3014,50.9200,,83.7579,52.3519,78.5279,109.939,141.1146,183.2317,261.7596,73.2927,0.0,2.333333,3.333333,1.066601,30,136,60,3,0E-8,0.06221214,,0E-8,0.000000,0.890988,0.000000,,2026-03-21,2026-06-26,25,407,206,98,0.255102,,,0.000000,,,,,,,,GLOBAL_BASELINE_NO_ENTITY_RANKING,,,NOT_APPLICABLE_GLOBAL_BASELINE,HF9g-P5,,,,X 全窗基线 · 不参与实体赏罚,14192133,1420,A168_HF9F_20260827_0900,2026-08-27 09:00:00
2026-04-21,112874672,1623,0,31.4111457215,-31.4111457215,-31.4111457215,0E-7,1,1,0.49324550000000000,0.493245500000,-0.9865810262130424,-0.9865810262130424,-0.9865810262130424,0E-17,ELIGIBLE,R03b_20260811_FULL_v1,L1_ELIGIBILITY,v2026-08-11,2026-03-21..2026-08-06,baccarat_bet02_101_all_pairs_incl_sentinel,round_win = game_pnl > 0 (decisive only),COMPATIBILITY_ONLY_NOT_PRODUCTION,106707.5342,95075.1759,6638.5039,1274,1273,-0.06221214,,-0.06221214,-0.06221214,-6638.5039,106707.5342,OK,0.0000,265.5402,4.0000,96.0000,AG03-UNRESOLVED,ALL5_LEVELS_bet23_to_bet27,265.5402,265.5402,331.9252,0.0000,0.0000,4.000000,4.000000,5.000000,0.000000,0.000000,96.000000,96.000000,95.000000,100.000000,100.000000,5.0,863.0055,826.361,5775.4984,5812.1429,PENDING_AG03,FALSE,NOT_FOR_ENFORCEMENT,6372.9637,91272.1688,6638.5039,6372.9637,265.5402,0.06221214,0.05972365,265.5402,6372.9637,0.05972365,265.5402,265.5402,331.9252,0.0000,0.0000,6372.9637,0.05972365,863.0055,826.361,5775.4984,5812.1429,0.05412456,0.05446797,0.00248849,83.7579,74.6859,5.2148,265.5402,16.3108,4268.3014,50.9200,,83.7579,52.3519,78.5279,109.939,141.1146,183.2317,261.7596,73.2927,0.0,2.333333,3.333333,1.066601,30,136,60,3,0E-8,0.06221214,,0E-8,0.000000,0.890988,0.000000,,2026-03-21,2026-06-26,25,407,206,98,0.255102,,,0.000000,,,,,,,,GLOBAL_BASELINE_NO_ENTITY_RANKING,,,NOT_APPLICABLE_GLOBAL_BASELINE,HF9g-P5,,,,X 全窗基线 · 不参与实体赏罚,14192134,1420,A168_HF9F_20260827_0900,2026-08-27 09:00:00
2026-04-21,112874672,1704,0,130.8797738398,-130.8797738398,-130.8797738398,0E-7,1,1,0.50665070000000000,0.506650700000,-1.013391052207602,-1.013391052207602,-1.013391052207602,0E-17,ELIGIBLE,R03b_20260811_FULL_v1,L1_ELIGIBILITY,v2026-08-11,2026-03-21..2026-08-06,baccarat_bet02_101_all_pairs_incl_sentinel,round_win = game_pnl > 0 (decisive only),COMPATIBILITY_ONLY_NOT_PRODUCTION,106707.5342,95075.1759,6638.5039,1274,1273,-0.06221214,,-0.06221214,-0.06221214,-6638.5039,106707.5342,OK,0.0000,265.5402,4.0000,96.0000,AG03-UNRESOLVED,ALL5_LEVELS_bet23_to_bet27,265.5402,265.5402,331.9252,0.0000,0.0000,4.000000,4.000000,5.000000,0.000000,0.000000,96.000000,96.000000,95.000000,100.000000,100.000000,5.0,863.0055,826.361,5775.4984,5812.1429,PENDING_AG03,FALSE,NOT_FOR_ENFORCEMENT,6372.9637,91272.1688,6638.5039,6372.9637,265.5402,0.06221214,0.05972365,265.5402,6372.9637,0.05972365,265.5402,265.5402,331.9252,0.0000,0.0000,6372.9637,0.05972365,863.0055,826.361,5775.4984,5812.1429,0.05412456,0.05446797,0.00248849,83.7579,74.6859,5.2148,265.5402,16.3108,4268.3014,50.9200,,83.7579,52.3519,78.5279,109.939,141.1146,183.2317,261.7596,73.2927,0.0,2.333333,3.333333,1.066601,30,136,60,3,0E-8,0.06221214,,0E-8,0.000000,0.890988,0.000000,,2026-03-21,2026-06-26,25,407,206,98,0.255102,,,0.000000,,,,,,,,GLOBAL_BASELINE_NO_ENTITY_RANKING,,,NOT_APPLICABLE_GLOBAL_BASELINE,HF9g-P5,,,,X 全窗基线 · 不参与实体赏罚,14192135,1420,A168_HF9F_20260827_0900,2026-08-27 09:00:00
2026-04-21,112874672,1951,0,172.7613014685,88.9982462111,88.9982462111,0.5000000,2,2,0.49994810000000000,0.499948100000,0.00014679536856514622,0.00014679536856514622,0.00014679536856514622,0E-17,ELIGIBLE,R03b_20260811_FULL_v1,L1_ELIGIBILITY,v2026-08-11,2026-03-21..2026-08-06,baccarat_bet02_101_all_pairs_incl_sentinel,round_win = game_pnl > 0 (decisive only),COMPATIBILITY_ONLY_NOT_PRODUCTION,106707.5342,95075.1759,6638.5039,1274,1273,-0.06221214,,-0.06221214,-0.06221214,-6638.5039,106707.5342,OK,0.0000,265.5402,4.0000,96.0000,AG03-UNRESOLVED,ALL5_LEVELS_bet23_to_bet27,265.5402,265.5402,331.9252,0.0000,0.0000,4.000000,4.000000,5.000000,0.000000,0.000000,96.000000,96.000000,95.000000,100.000000,100.000000,5.0,863.0055,826.361,5775.4984,5812.1429,PENDING_AG03,FALSE,NOT_FOR_ENFORCEMENT,6372.9637,91272.1688,6638.5039,6372.9637,265.5402,0.06221214,0.05972365,265.5402,6372.9637,0.05972365,265.5402,265.5402,331.9252,0.0000,0.0000,6372.9637,0.05972365,863.0055,826.361,5775.4984,5812.1429,0.05412456,0.05446797,0.00248849,83.7579,74.6859,5.2148,265.5402,16.3108,4268.3014,50.9200,,83.7579,52.3519,78.5279,109.939,141.1146,183.2317,261.7596,73.2927,0.0,2.333333,3.333333,1.066601,30,136,60,3,0E-8,0.06221214,,0E-8,0.000000,0.890988,0.000000,,2026-03-21,2026-06-26,25,407,206,98,0.255102,,,0.000000,,,,,,,,GLOBAL_BASELINE_NO_ENTITY_RANKING,,,NOT_APPLICABLE_GLOBAL_BASELINE,HF9g-P5,,,,X 全窗基线 · 不参与实体赏罚,14192136,1420,A168_HF9F_20260827_0900,2026-08-27 09:00:00
2026-04-21,112874672,1957,0,253.9067612492,88.0820877941,88.0820877941,0.6666667,3,3,0.50665070000000000,0.506650700000,0.5543606114942035,0.5543606114942035,0.5543606114942035,0E-17,ELIGIBLE,R03b_20260811_FULL_v1,L1_ELIGIBILITY,v2026-08-11,2026-03-21..2026-08-06,baccarat_bet02_101_all_pairs_incl_sentinel,round_win = game_pnl > 0 (decisive only),COMPATIBILITY_ONLY_NOT_PRODUCTION,106707.5342,95075.1759,6638.5039,1274,1273,-0.06221214,,-0.06221214,-0.06221214,-6638.5039,106707.5342,OK,0.0000,265.5402,4.0000,96.0000,AG03-UNRESOLVED,ALL5_LEVELS_bet23_to_bet27,265.5402,265.5402,331.9252,0.0000,0.0000,4.000000,4.000000,5.000000,0.000000,0.000000,96.000000,96.000000,95.000000,100.000000,100.000000,5.0,863.0055,826.361,5775.4984,5812.1429,PENDING_AG03,FALSE,NOT_FOR_ENFORCEMENT,6372.9637,91272.1688,6638.5039,6372.9637,265.5402,0.06221214,0.05972365,265.5402,6372.9637,0.05972365,265.5402,265.5402,331.9252,0.0000,0.0000,6372.9637,0.05972365,863.0055,826.361,5775.4984,5812.1429,0.05412456,0.05446797,0.00248849,83.7579,74.6859,5.2148,265.5402,16.3108,4268.3014,50.9200,,83.7579,52.3519,78.5279,109.939,141.1146,183.2317,261.7596,73.2927,0.0,2.333333,3.333333,1.066601,30,136,60,3,0E-8,0.06221214,,0E-8,0.000000,0.890988,0.000000,,2026-03-21,2026-06-26,25,407,206,98,0.255102,,,0.000000,,,,,,,,GLOBAL_BASELINE_NO_ENTITY_RANKING,,,NOT_APPLICABLE_GLOBAL_BASELINE,HF9g-P5,,,,X 全窗基线 · 不参与实体赏罚,14192137,1420,A168_HF9F_20260827_0900,2026-08-27 09:00:00
2026-04-21,112874672,1985,0,52.3519095359,49.7343140591,49.7343140591,1.0000000,1,1,0.50665070000000000,0.506650700000,0.9867858985152569,0.9867858985152569,0.9867858985152569,0E-17,ELIGIBLE,R03b_20260811_FULL_v1,L1_ELIGIBILITY,v2026-08-11,2026-03-21..2026-08-06,baccarat_bet02_101_all_pairs_incl_sentinel,round_win = game_pnl > 0 (decisive only),COMPATIBILITY_ONLY_NOT_PRODUCTION,106707.5342,95075.1759,6638.5039,1274,1273,-0.06221214,,-0.06221214,-0.06221214,-6638.5039,106707.5342,OK,0.0000,265.5402,4.0000,96.0000,AG03-UNRESOLVED,ALL5_LEVELS_bet23_to_bet27,265.5402,265.5402,331.9252,0.0000,0.0000,4.000000,4.000000,5.000000,0.000000,0.000000,96.000000,96.000000,95.000000,100.000000,100.000000,5.0,863.0055,826.361,5775.4984,5812.1429,PENDING_AG03,FALSE,NOT_FOR_ENFORCEMENT,6372.9637,91272.1688,6638.5039,6372.9637,265.5402,0.06221214,0.05972365,265.5402,6372.9637,0.05972365,265.5402,265.5402,331.9252,0.0000,0.0000,6372.9637,0.05972365,863.0055,826.361,5775.4984,5812.1429,0.05412456,0.05446797,0.00248849,83.7579,74.6859,5.2148,265.5402,16.3108,4268.3014,50.9200,,83.7579,52.3519,78.5279,109.939,141.1146,183.2317,261.7596,73.2927,0.0,2.333333,3.333333,1.066601,30,136,60,3,0E-8,0.06221214,,0E-8,0.000000,0.890988,0.000000,,2026-03-21,2026-06-26,25,407,206,98,0.255102,,,0.000000,,,,,,,,GLOBAL_BASELINE_NO_ENTITY_RANKING,,,NOT_APPLICABLE_GLOBAL_BASELINE,HF9g-P5,,,,X 全窗基线 · 不参与实体赏罚,14192138,1420,A168_HF9F_20260827_0900,2026-08-27 09:00:00
2026-04-21,112874672,2103,0,37.1698557705,-37.1698557705,-37.1698557705,0E-7,1,1,0.49324550000000000,0.493245500000,-0.9865810262130424,-0.9865810262130424,-0.9865810262130424,0E-17,ELIGIBLE,R03b_20260811_FULL_v1,L1_ELIGIBILITY,v2026-08-11,2026-03-21..2026-08-06,baccarat_bet02_101_all_pairs_incl_sentinel,round_win = game_pnl > 0 (decisive only),COMPATIBILITY_ONLY_NOT_PRODUCTION,106707.5342,95075.1759,6638.5039,1274,1273,-0.06221214,,-0.06221214,-0.06221214,-6638.5039,106707.5342,OK,0.0000,265.5402,4.0000,96.0000,AG03-UNRESOLVED,ALL5_LEVELS_bet23_to_bet27,265.5402,265.5402,331.9252,0.0000,0.0000,4.000000,4.000000,5.000000,0.000000,0.000000,96.000000,96.000000,95.000000,100.000000,100.000000,5.0,863.0055,826.361,5775.4984,5812.1429,PENDING_AG03,FALSE,NOT_FOR_ENFORCEMENT,6372.9637,91272.1688,6638.5039,6372.9637,265.5402,0.06221214,0.05972365,265.5402,6372.9637,0.05972365,265.5402,265.5402,331.9252,0.0000,0.0000,6372.9637,0.05972365,863.0055,826.361,5775.4984,5812.1429,0.05412456,0.05446797,0.00248849,83.7579,74.6859,5.2148,265.5402,16.3108,4268.3014,50.9200,,83.7579,52.3519,78.5279,109.939,141.1146,183.2317,261.7596,73.2927,0.0,2.333333,3.333333,1.066601,30,136,60,3,0E-8,0.06221214,,0E-8,0.000000,0.890988,0.000000,,2026-03-21,2026-06-26,25,407,206,98,0.255102,,,0.000000,,,,,,,,GLOBAL_BASELINE_NO_ENTITY_RANKING,,,NOT_APPLICABLE_GLOBAL_BASELINE,HF9g-P5,,,,X 全窗基线 · 不参与实体赏罚,14192139,1420,A168_HF9F_20260827_0900,2026-08-27 09:00:00
2026-04-21,112874672,2109,0,350.7577938906,-88.9982462110,-88.9982462110,0.2500000,4,4,0.50329940000000000,0.503299400000,-1.013219660140378,-1.013219660140378,-1.013219660140378,0E-17,ELIGIBLE,R03b_20260811_FULL_v1,L1_ELIGIBILITY,v2026-08-11,2026-03-21..2026-08-06,baccarat_bet02_101_all_pairs_incl_sentinel,round_win = game_pnl > 0 (decisive only),COMPATIBILITY_ONLY_NOT_PRODUCTION,106707.5342,95075.1759,6638.5039,1274,1273,-0.06221214,,-0.06221214,-0.06221214,-6638.5039,106707.5342,OK,0.0000,265.5402,4.0000,96.0000,AG03-UNRESOLVED,ALL5_LEVELS_bet23_to_bet27,265.5402,265.5402,331.9252,0.0000,0.0000,4.000000,4.000000,5.000000,0.000000,0.000000,96.000000,96.000000,95.000000,100.000000,100.000000,5.0,863.0055,826.361,5775.4984,5812.1429,PENDING_AG03,FALSE,NOT_FOR_ENFORCEMENT,6372.9637,91272.1688,6638.5039,6372.9637,265.5402,0.06221214,0.05972365,265.5402,6372.9637,0.05972365,265.5402,265.5402,331.9252,0.0000,0.0000,6372.9637,0.05972365,863.0055,826.361,5775.4984,5812.1429,0.05412456,0.05446797,0.00248849,83.7579,74.6859,5.2148,265.5402,16.3108,4268.3014,50.9200,,83.7579,52.3519,78.5279,109.939,141.1146,183.2317,261.7596,73.2927,0.0,2.333333,3.333333,1.066601,30,136,60,3,0E-8,0.06221214,,0E-8,0.000000,0.890988,0.000000,,2026-03-21,2026-06-26,25,407,206,98,0.255102,,,0.000000,,,,,,,,GLOBAL_BASELINE_NO_ENTITY_RANKING,,,NOT_APPLICABLE_GLOBAL_BASELINE,HF9g-P5,,,,X 全窗基线 · 不参与实体赏罚,14192140,1420,A168_HF9F_20260827_0900,2026-08-27 09:00:00
2026-04-21,112874672,2115,0,358.6105803210,-188.4668743293,-188.4668743293,0.2500000,5,5,0.49860758000000000,0.498607580000,-0.9944341760919779,-0.9944341760919779,-0.9944341760919779,0E-17,ELIGIBLE,R03b_20260811_FULL_v1,L1_ELIGIBILITY,v2026-08-11,2026-03-21..2026-08-06,baccarat_bet02_101_all_pairs_incl_sentinel,round_win = game_pnl > 0 (decisive only),COMPATIBILITY_ONLY_NOT_PRODUCTION,106707.5342,95075.1759,6638.5039,1274,1273,-0.06221214,,-0.06221214,-0.06221214,-6638.5039,106707.5342,OK,0.0000,265.5402,4.0000,96.0000,AG03-UNRESOLVED,ALL5_LEVELS_bet23_to_bet27,265.5402,265.5402,331.9252,0.0000,0.0000,4.000000,4.000000,5.000000,0.000000,0.000000,96.000000,96.000000,95.000000,100.000000,100.000000,5.0,863.0055,826.361,5775.4984,5812.1429,PENDING_AG03,FALSE,NOT_FOR_ENFORCEMENT,6372.9637,91272.1688,6638.5039,6372.9637,265.5402,0.06221214,0.05972365,265.5402,6372.9637,0.05972365,265.5402,265.5402,331.9252,0.0000,0.0000,6372.9637,0.05972365,863.0055,826.361,5775.4984,5812.1429,0.05412456,0.05446797,0.00248849,83.7579,74.6859,5.2148,265.5402,16.3108,4268.3014,50.9200,,83.7579,52.3519,78.5279,109.939,141.1146,183.2317,261.7596,73.2927,0.0,2.333333,3.333333,1.066601,30,136,60,3,0E-8,0.06221214,,0E-8,0.000000,0.890988,0.000000,,2026-03-21,2026-06-26,25,407,206,98,0.255102,,,0.000000,,,,,,,,GLOBAL_BASELINE_NO_ENTITY_RANKING,,,NOT_APPLICABLE_GLOBAL_BASELINE,HF9g-P5,,,,X 全窗基线 · 不参与实体赏罚,14192141,1420,A168_HF9F_20260827_0900,2026-08-27 09:00:00
2026-04-21,112874672,2147,0,424.5739863362,-178.5200115174,-178.5200115174,0.3333333,5,5,0.49592654000000000,0.495926540000,-0.5632580825033607,-0.5632580825033607,-0.5632580825033607,0E-17,ELIGIBLE,R03b_20260811_FULL_v1,L1_ELIGIBILITY,v2026-08-11,2026-03-21..2026-08-06,baccarat_bet02_101_all_pairs_incl_sentinel,round_win = game_pnl > 0 (decisive only),COMPATIBILITY_ONLY_NOT_PRODUCTION,106707.5342,95075.1759,6638.5039,1274,1273,-0.06221214,,-0.06221214,-0.06221214,-6638.5039,106707.5342,OK,0.0000,265.5402,4.0000,96.0000,AG03-UNRESOLVED,ALL5_LEVELS_bet23_to_bet27,265.5402,265.5402,331.9252,0.0000,0.0000,4.000000,4.000000,5.000000,0.000000,0.000000,96.000000,96.000000,95.000000,100.000000,100.000000,5.0,863.0055,826.361,5775.4984,5812.1429,PENDING_AG03,FALSE,NOT_FOR_ENFORCEMENT,6372.9637,91272.1688,6638.5039,6372.9637,265.5402,0.06221214,0.05972365,265.5402,6372.9637,0.05972365,265.5402,265.5402,331.9252,0.0000,0.0000,6372.9637,0.05972365,863.0055,826.361,5775.4984,5812.1429,0.05412456,0.05446797,0.00248849,83.7579,74.6859,5.2148,265.5402,16.3108,4268.3014,50.9200,,83.7579,52.3519,78.5279,109.939,141.1146,183.2317,261.7596,73.2927,0.0,2.333333,3.333333,1.066601,30,136,60,3,0E-8,0.06221214,,0E-8,0.000000,0.890988,0.000000,,2026-03-21,2026-06-26,25,407,206,98,0.255102,,,0.000000,,,,,,,,GLOBAL_BASELINE_NO_ENTITY_RANKING,,,NOT_APPLICABLE_GLOBAL_BASELINE,HF9g-P5,,,,X 全窗基线 · 不参与实体赏罚,14192142,1420,A168_HF9F_20260827_0900,2026-08-27 09:00:00
2026-04-21,112874672,2205,0,52.3519095359,-52.3519095359,-52.3519095359,0E-7,1,1,0.50665070000000000,0.506650700000,-1.013391052207602,-1.013391052207602,-1.013391052207602,0E-17,ELIGIBLE,R03b_20260811_FULL_v1,L1_ELIGIBILITY,v2026-08-11,2026-03-21..2026-08-06,baccarat_bet02_101_all_pairs_incl_sentinel,round_win = game_pnl > 0 (decisive only),COMPATIBILITY_ONLY_NOT_PRODUCTION,106707.5342,95075.1759,6638.5039,1274,1273,-0.06221214,,-0.06221214,-0.06221214,-6638.5039,106707.5342,OK,0.0000,265.5402,4.0000,96.0000,AG03-UNRESOLVED,ALL5_LEVELS_bet23_to_bet27,265.5402,265.5402,331.9252,0.0000,0.0000,4.000000,4.000000,5.000000,0.000000,0.000000,96.000000,96.000000,95.000000,100.000000,100.000000,5.0,863.0055,826.361,5775.4984,5812.1429,PENDING_AG03,FALSE,NOT_FOR_ENFORCEMENT,6372.9637,91272.1688,6638.5039,6372.9637,265.5402,0.06221214,0.05972365,265.5402,6372.9637,0.05972365,265.5402,265.5402,331.9252,0.0000,0.0000,6372.9637,0.05972365,863.0055,826.361,5775.4984,5812.1429,0.05412456,0.05446797,0.00248849,83.7579,74.6859,5.2148,265.5402,16.3108,4268.3014,50.9200,,83.7579,52.3519,78.5279,109.939,141.1146,183.2317,261.7596,73.2927,0.0,2.333333,3.333333,1.066601,30,136,60,3,0E-8,0.06221214,,0E-8,0.000000,0.890988,0.000000,,2026-03-21,2026-06-26,25,407,206,98,0.255102,,,0.000000,,,,,,,,GLOBAL_BASELINE_NO_ENTITY_RANKING,,,NOT_APPLICABLE_GLOBAL_BASELINE,HF9g-P5,,,,X 全窗基线 · 不参与实体赏罚,14192143,1420,A168_HF9F_20260827_0900,2026-08-27 09:00:00
2026-04-21,112874672,2235,0,104.7038190719,104.7038190719,104.7038190719,1.0000000,2,2,0.49324550000000000,0.493245500000,1.4334489766152358,1.4334489766152358,1.4334489766152358,0E-17,ELIGIBLE,R03b_20260811_FULL_v1,L1_ELIGIBILITY,v2026-08-11,2026-03-21..2026-08-06,baccarat_bet02_101_all_pairs_incl_sentinel,round_win = game_pnl > 0 (decisive only),COMPATIBILITY_ONLY_NOT_PRODUCTION,106707.5342,95075.1759,6638.5039,1274,1273,-0.06221214,,-0.06221214,-0.06221214,-6638.5039,106707.5342,OK,0.0000,265.5402,4.0000,96.0000,AG03-UNRESOLVED,ALL5_LEVELS_bet23_to_bet27,265.5402,265.5402,331.9252,0.0000,0.0000,4.000000,4.000000,5.000000,0.000000,0.000000,96.000000,96.000000,95.000000,100.000000,100.000000,5.0,863.0055,826.361,5775.4984,5812.1429,PENDING_AG03,FALSE,NOT_FOR_ENFORCEMENT,6372.9637,91272.1688,6638.5039,6372.9637,265.5402,0.06221214,0.05972365,265.5402,6372.9637,0.05972365,265.5402,265.5402,331.9252,0.0000,0.0000,6372.9637,0.05972365,863.0055,826.361,5775.4984,5812.1429,0.05412456,0.05446797,0.00248849,83.7579,74.6859,5.2148,265.5402,16.3108,4268.3014,50.9200,,83.7579,52.3519,78.5279,109.939,141.1146,183.2317,261.7596,73.2927,0.0,2.333333,3.333333,1.066601,30,136,60,3,0E-8,0.06221214,,0E-8,0.000000,0.890988,0.000000,,2026-03-21,2026-06-26,25,407,206,98,0.255102,,,0.000000,,,,,,,,GLOBAL_BASELINE_NO_ENTITY_RANKING,,,NOT_APPLICABLE_GLOBAL_BASELINE,HF9g-P5,,,,X 全窗基线 · 不参与实体赏罚,14192144,1420,A168_HF9F_20260827_0900,2026-08-27 09:00:00
2026-04-21,112874672,2246,0,199.7225348795,7.0675077873,7.0675077873,0.5000000,4,4,0.49994810000000000,0.499948100000,0.00020760000111838688,0.00020760000111838688,0.00020760000111838688,0E-17,ELIGIBLE,R03b_20260811_FULL_v1,L1_ELIGIBILITY,v2026-08-11,2026-03-21..2026-08-06,baccarat_bet02_101_all_pairs_incl_sentinel,round_win = game_pnl > 0 (decisive only),COMPATIBILITY_ONLY_NOT_PRODUCTION,106707.5342,95075.1759,6638.5039,1274,1273,-0.06221214,,-0.06221214,-0.06221214,-6638.5039,106707.5342,OK,0.0000,265.5402,4.0000,96.0000,AG03-UNRESOLVED,ALL5_LEVELS_bet23_to_bet27,265.5402,265.5402,331.9252,0.0000,0.0000,4.000000,4.000000,5.000000,0.000000,0.000000,96.000000,96.000000,95.000000,100.000000,100.000000,5.0,863.0055,826.361,5775.4984,5812.1429,PENDING_AG03,FALSE,NOT_FOR_ENFORCEMENT,6372.9637,91272.1688,6638.5039,6372.9637,265.5402,0.06221214,0.05972365,265.5402,6372.9637,0.05972365,265.5402,265.5402,331.9252,0.0000,0.0000,6372.9637,0.05972365,863.0055,826.361,5775.4984,5812.1429,0.05412456,0.05446797,0.00248849,83.7579,74.6859,5.2148,265.5402,16.3108,4268.3014,50.9200,,83.7579,52.3519,78.5279,109.939,141.1146,183.2317,261.7596,73.2927,0.0,2.333333,3.333333,1.066601,30,136,60,3,0E-8,0.06221214,,0E-8,0.000000,0.890988,0.000000,,2026-03-21,2026-06-26,25,407,206,98,0.255102,,,0.000000,,,,,,,,GLOBAL_BASELINE_NO_ENTITY_RANKING,,,NOT_APPLICABLE_GLOBAL_BASELINE,HF9g-P5,,,,X 全窗基线 · 不参与实体赏罚,14192145,1420,A168_HF9F_20260827_0900,2026-08-27 09:00:00
2026-04-21,112874672,2252,0,52.3519095359,-52.3519095359,-52.3519095359,0E-7,1,1,0.49324550000000000,0.493245500000,-0.9865810262130424,-0.9865810262130424,-0.9865810262130424,0E-17,ELIGIBLE,R03b_20260811_FULL_v1,L1_ELIGIBILITY,v2026-08-11,2026-03-21..2026-08-06,baccarat_bet02_101_all_pairs_incl_sentinel,round_win = game_pnl > 0 (decisive only),COMPATIBILITY_ONLY_NOT_PRODUCTION,106707.5342,95075.1759,6638.5039,1274,1273,-0.06221214,,-0.06221214,-0.06221214,-6638.5039,106707.5342,OK,0.0000,265.5402,4.0000,96.0000,AG03-UNRESOLVED,ALL5_LEVELS_bet23_to_bet27,265.5402,265.5402,331.9252,0.0000,0.0000,4.000000,4.000000,5.000000,0.000000,0.000000,96.000000,96.000000,95.000000,100.000000,100.000000,5.0,863.0055,826.361,5775.4984,5812.1429,PENDING_AG03,FALSE,NOT_FOR_ENFORCEMENT,6372.9637,91272.1688,6638.5039,6372.9637,265.5402,0.06221214,0.05972365,265.5402,6372.9637,0.05972365,265.5402,265.5402,331.9252,0.0000,0.0000,6372.9637,0.05972365,863.0055,826.361,5775.4984,5812.1429,0.05412456,0.05446797,0.00248849,83.7579,74.6859,5.2148,265.5402,16.3108,4268.3014,50.9200,,83.7579,52.3519,78.5279,109.939,141.1146,183.2317,261.7596,73.2927,0.0,2.333333,3.333333,1.066601,30,136,60,3,0E-8,0.06221214,,0E-8,0.000000,0.890988,0.000000,,2026-03-21,2026-06-26,25,407,206,98,0.255102,,,0.000000,,,,,,,,GLOBAL_BASELINE_NO_ENTITY_RANKING,,,NOT_APPLICABLE_GLOBAL_BASELINE,HF9g-P5,,,,X 全窗基线 · 不参与实体赏罚,14192146,1420,A168_HF9F_20260827_0900,2026-08-27 09:00:00
2026-04-21,112874672,550,0,243.4363793420,-90.3070439494,-90.3070439494,0.3333333,3,3,0.50218230000000000,0.502182300000,-0.5849155494134425,-0.5849155494134426,-0.5849155494134425,0E-17,ELIGIBLE,R03b_20260811_FULL_v1,L1_ELIGIBILITY,v2026-08-11,2026-03-21..2026-08-06,baccarat_bet02_101_all_pairs_incl_sentinel,round_win = game_pnl > 0 (decisive only),COMPATIBILITY_ONLY_NOT_PRODUCTION,106707.5342,95075.1759,6638.5039,1274,1273,-0.06221214,,-0.06221214,-0.06221214,-6638.5039,106707.5342,OK,0.0000,265.5402,4.0000,96.0000,AG03-UNRESOLVED,ALL5_LEVELS_bet23_to_bet27,265.5402,265.5402,331.9252,0.0000,0.0000,4.000000,4.000000,5.000000,0.000000,0.000000,96.000000,96.000000,95.000000,100.000000,100.000000,5.0,863.0055,826.361,5775.4984,5812.1429,PENDING_AG03,FALSE,NOT_FOR_ENFORCEMENT,6372.9637,91272.1688,6638.5039,6372.9637,265.5402,0.06221214,0.05972365,265.5402,6372.9637,0.05972365,265.5402,265.5402,331.9252,0.0000,0.0000,6372.9637,0.05972365,863.0055,826.361,5775.4984,5812.1429,0.05412456,0.05446797,0.00248849,83.7579,74.6859,5.2148,265.5402,16.3108,4268.3014,50.9200,,83.7579,52.3519,78.5279,109.939,141.1146,183.2317,261.7596,73.2927,0.0,2.333333,3.333333,1.066601,30,136,60,3,0E-8,0.06221214,,0E-8,0.000000,0.890988,0.000000,,2026-03-21,2026-06-26,25,407,206,98,0.255102,,,0.000000,,,,,,,,GLOBAL_BASELINE_NO_ENTITY_RANKING,,,NOT_APPLICABLE_GLOBAL_BASELINE,HF9g-P5,,,,X 全窗基线 · 不参与实体赏罚,14192147,1420,A168_HF9F_20260827_0900,2026-08-27 09:00:00
2026-04-21,112874672,752,0,130.8797738398,-130.8797738398,-130.8797738398,0E-7,1,1,0.50665070000000000,0.506650700000,-1.013391052207602,-1.013391052207602,-1.013391052207602,0E-17,ELIGIBLE,R03b_20260811_FULL_v1,L1_ELIGIBILITY,v2026-08-11,2026-03-21..2026-08-06,baccarat_bet02_101_all_pairs_incl_sentinel,round_win = game_pnl > 0 (decisive only),COMPATIBILITY_ONLY_NOT_PRODUCTION,106707.5342,95075.1759,6638.5039,1274,1273,-0.06221214,,-0.06221214,-0.06221214,-6638.5039,106707.5342,OK,0.0000,265.5402,4.0000,96.0000,AG03-UNRESOLVED,ALL5_LEVELS_bet23_to_bet27,265.5402,265.5402,331.9252,0.0000,0.0000,4.000000,4.000000,5.000000,0.000000,0.000000,96.000000,96.000000,95.000000,100.000000,100.000000,5.0,863.0055,826.361,5775.4984,5812.1429,PENDING_AG03,FALSE,NOT_FOR_ENFORCEMENT,6372.9637,91272.1688,6638.5039,6372.9637,265.5402,0.06221214,0.05972365,265.5402,6372.9637,0.05972365,265.5402,265.5402,331.9252,0.0000,0.0000,6372.9637,0.05972365,863.0055,826.361,5775.4984,5812.1429,0.05412456,0.05446797,0.00248849,83.7579,74.6859,5.2148,265.5402,16.3108,4268.3014,50.9200,,83.7579,52.3519,78.5279,109.939,141.1146,183.2317,261.7596,73.2927,0.0,2.333333,3.333333,1.066601,30,136,60,3,0E-8,0.06221214,,0E-8,0.000000,0.890988,0.000000,,2026-03-21,2026-06-26,25,407,206,98,0.255102,,,0.000000,,,,,,,,GLOBAL_BASELINE_NO_ENTITY_RANKING,,,NOT_APPLICABLE_GLOBAL_BASELINE,HF9g-P5,,,,X 全窗基线 · 不参与实体赏罚,14192148,1420,A168_HF9F_20260827_0900,2026-08-27 09:00:00
2026-04-21,112874672,772,0,104.7038190718,-104.7038190718,-104.7038190718,0E-7,1,1,0.50665070000000000,0.506650700000,-1.013391052207602,-1.013391052207602,-1.013391052207602,0E-17,ELIGIBLE,R03b_20260811_FULL_v1,L1_ELIGIBILITY,v2026-08-11,2026-03-21..2026-08-06,baccarat_bet02_101_all_pairs_incl_sentinel,round_win = game_pnl > 0 (decisive only),COMPATIBILITY_ONLY_NOT_PRODUCTION,106707.5342,95075.1759,6638.5039,1274,1273,-0.06221214,,-0.06221214,-0.06221214,-6638.5039,106707.5342,OK,0.0000,265.5402,4.0000,96.0000,AG03-UNRESOLVED,ALL5_LEVELS_bet23_to_bet27,265.5402,265.5402,331.9252,0.0000,0.0000,4.000000,4.000000,5.000000,0.000000,0.000000,96.000000,96.000000,95.000000,100.000000,100.000000,5.0,863.0055,826.361,5775.4984,5812.1429,PENDING_AG03,FALSE,NOT_FOR_ENFORCEMENT,6372.9637,91272.1688,6638.5039,6372.9637,265.5402,0.06221214,0.05972365,265.5402,6372.9637,0.05972365,265.5402,265.5402,331.9252,0.0000,0.0000,6372.9637,0.05972365,863.0055,826.361,5775.4984,5812.1429,0.05412456,0.05446797,0.00248849,83.7579,74.6859,5.2148,265.5402,16.3108,4268.3014,50.9200,,83.7579,52.3519,78.5279,109.939,141.1146,183.2317,261.7596,73.2927,0.0,2.333333,3.333333,1.066601,30,136,60,3,0E-8,0.06221214,,0E-8,0.000000,0.890988,0.000000,,2026-03-21,2026-06-26,25,407,206,98,0.255102,,,0.000000,,,,,,,,GLOBAL_BASELINE_NO_ENTITY_RANKING,,,NOT_APPLICABLE_GLOBAL_BASELINE,HF9g-P5,,,,X 全窗基线 · 不参与实体赏罚,14192149,1420,A168_HF9F_20260827_0900,2026-08-27 09:00:00
2026-04-21,112874672,789,0,130.8797738398,-130.8797738398,-130.8797738398,0E-7,2,2,0.49994810000000000,0.499948100000,-1.4140667746232096,-1.4140667746232096,-1.4140667746232096,0E-17,ELIGIBLE,R03b_20260811_FULL_v1,L1_ELIGIBILITY,v2026-08-11,2026-03-21..2026-08-06,baccarat_bet02_101_all_pairs_incl_sentinel,round_win = game_pnl > 0 (decisive only),COMPATIBILITY_ONLY_NOT_PRODUCTION,106707.5342,95075.1759,6638.5039,1274,1273,-0.06221214,,-0.06221214,-0.06221214,-6638.5039,106707.5342,OK,0.0000,265.5402,4.0000,96.0000,AG03-UNRESOLVED,ALL5_LEVELS_bet23_to_bet27,265.5402,265.5402,331.9252,0.0000,0.0000,4.000000,4.000000,5.000000,0.000000,0.000000,96.000000,96.000000,95.000000,100.000000,100.000000,5.0,863.0055,826.361,5775.4984,5812.1429,PENDING_AG03,FALSE,NOT_FOR_ENFORCEMENT,6372.9637,91272.1688,6638.5039,6372.9637,265.5402,0.06221214,0.05972365,265.5402,6372.9637,0.05972365,265.5402,265.5402,331.9252,0.0000,0.0000,6372.9637,0.05972365,863.0055,826.361,5775.4984,5812.1429,0.05412456,0.05446797,0.00248849,83.7579,74.6859,5.2148,265.5402,16.3108,4268.3014,50.9200,,83.7579,52.3519,78.5279,109.939,141.1146,183.2317,261.7596,73.2927,0.0,2.333333,3.333333,1.066601,30,136,60,3,0E-8,0.06221214,,0E-8,0.000000,0.890988,0.000000,,2026-03-21,2026-06-26,25,407,206,98,0.255102,,,0.000000,,,,,,,,GLOBAL_BASELINE_NO_ENTITY_RANKING,,,NOT_APPLICABLE_GLOBAL_BASELINE,HF9g-P5,,,,X 全窗基线 · 不参与实体赏罚,14192150,1420,A168_HF9F_20260827_0900,2026-08-27 09:00:00
2026-04-21,112874672,948,0,157.0557286078,149.2029421774,149.2029421774,1.0000000,2,2,0.50665070000000000,0.506650700000,1.3955260008387969,1.3955260008387969,1.3955260008387969,0E-17,ELIGIBLE,R03b_20260811_FULL_v1,L1_ELIGIBILITY,v2026-08-11,2026-03-21..2026-08-06,baccarat_bet02_101_all_pairs_incl_sentinel,round_win = game_pnl > 0 (decisive only),COMPATIBILITY_ONLY_NOT_PRODUCTION,106707.5342,95075.1759,6638.5039,1274,1273,-0.06221214,,-0.06221214,-0.06221214,-6638.5039,106707.5342,OK,0.0000,265.5402,4.0000,96.0000,AG03-UNRESOLVED,ALL5_LEVELS_bet23_to_bet27,265.5402,265.5402,331.9252,0.0000,0.0000,4.000000,4.000000,5.000000,0.000000,0.000000,96.000000,96.000000,95.000000,100.000000,100.000000,5.0,863.0055,826.361,5775.4984,5812.1429,PENDING_AG03,FALSE,NOT_FOR_ENFORCEMENT,6372.9637,91272.1688,6638.5039,6372.9637,265.5402,0.06221214,0.05972365,265.5402,6372.9637,0.05972365,265.5402,265.5402,331.9252,0.0000,0.0000,6372.9637,0.05972365,863.0055,826.361,5775.4984,5812.1429,0.05412456,0.05446797,0.00248849,83.7579,74.6859,5.2148,265.5402,16.3108,4268.3014,50.9200,,83.7579,52.3519,78.5279,109.939,141.1146,183.2317,261.7596,73.2927,0.0,2.333333,3.333333,1.066601,30,136,60,3,0E-8,0.06221214,,0E-8,0.000000,0.890988,0.000000,,2026-03-21,2026-06-26,25,407,206,98,0.255102,,,0.000000,,,,,,,,GLOBAL_BASELINE_NO_ENTITY_RANKING,,,NOT_APPLICABLE_GLOBAL_BASELINE,HF9g-P5,,,,X 全窗基线 · 不参与实体赏罚,14192151,1420,A168_HF9F_20260827_0900,2026-08-27 09:00:00
2026-04-24,112874672,1951,0,117.7917964558,-117.7917964558,-117.7917964558,0E-7,1,1,0.50665070000000000,0.506650700000,-1.013391052207602,-1.013391052207602,-1.013391052207602,0E-17,ELIGIBLE,R03b_20260811_FULL_v1,L1_ELIGIBILITY,v2026-08-11,2026-03-21..2026-08-06,baccarat_bet02_101_all_pairs_incl_sentinel,round_win = game_pnl > 0 (decisive only),COMPATIBILITY_ONLY_NOT_PRODUCTION,106707.5342,95075.1759,6638.5039,1274,1273,-0.06221214,,-0.06221214,-0.06221214,-6638.5039,106707.5342,OK,0.0000,265.5402,4.0000,96.0000,AG03-UNRESOLVED,ALL5_LEVELS_bet23_to_bet27,265.5402,265.5402,331.9252,0.0000,0.0000,4.000000,4.000000,5.000000,0.000000,0.000000,96.000000,96.000000,95.000000,100.000000,100.000000,5.0,863.0055,826.361,5775.4984,5812.1429,PENDING_AG03,FALSE,NOT_FOR_ENFORCEMENT,6372.9637,91272.1688,6638.5039,6372.9637,265.5402,0.06221214,0.05972365,265.5402,6372.9637,0.05972365,265.5402,265.5402,331.9252,0.0000,0.0000,6372.9637,0.05972365,863.0055,826.361,5775.4984,5812.1429,0.05412456,0.05446797,0.00248849,83.7579,74.6859,5.2148,265.5402,16.3108,4268.3014,50.9200,,83.7579,52.3519,78.5279,109.939,141.1146,183.2317,261.7596,73.2927,0.0,2.333333,3.333333,1.066601,30,136,60,3,0E-8,0.06221214,,0E-8,0.000000,0.890988,0.000000,,2026-03-21,2026-06-26,25,407,206,98,0.255102,,,0.000000,,,,,,,,GLOBAL_BASELINE_NO_ENTITY_RANKING,,,NOT_APPLICABLE_GLOBAL_BASELINE,HF9g-P5,,,,X 全窗基线 · 不参与实体赏罚,14192152,1420,A168_HF9F_20260827_0900,2026-08-27 09:00:00
2026-04-24,112874672,2093,0,218.5692223124,-74.1172159255,-74.1172159255,0.5000000,2,2,0.50665070000000000,0.506650700000,-0.018812684590367487,-0.018812684590367487,-0.018812684590367487,0E-17,ELIGIBLE,R03b_20260811_FULL_v1,L1_ELIGIBILITY,v2026-08-11,2026-03-21..2026-08-06,baccarat_bet02_101_all_pairs_incl_sentinel,round_win = game_pnl > 0 (decisive only),COMPATIBILITY_ONLY_NOT_PRODUCTION,106707.5342,95075.1759,6638.5039,1274,1273,-0.06221214,,-0.06221214,-0.06221214,-6638.5039,106707.5342,OK,0.0000,265.5402,4.0000,96.0000,AG03-UNRESOLVED,ALL5_LEVELS_bet23_to_bet27,265.5402,265.5402,331.9252,0.0000,0.0000,4.000000,4.000000,5.000000,0.000000,0.000000,96.000000,96.000000,95.000000,100.000000,100.000000,5.0,863.0055,826.361,5775.4984,5812.1429,PENDING_AG03,FALSE,NOT_FOR_ENFORCEMENT,6372.9637,91272.1688,6638.5039,6372.9637,265.5402,0.06221214,0.05972365,265.5402,6372.9637,0.05972365,265.5402,265.5402,331.9252,0.0000,0.0000,6372.9637,0.05972365,863.0055,826.361,5775.4984,5812.1429,0.05412456,0.05446797,0.00248849,83.7579,74.6859,5.2148,265.5402,16.3108,4268.3014,50.9200,,83.7579,52.3519,78.5279,109.939,141.1146,183.2317,261.7596,73.2927,0.0,2.333333,3.333333,1.066601,30,136,60,3,0E-8,0.06221214,,0E-8,0.000000,0.890988,0.000000,,2026-03-21,2026-06-26,25,407,206,98,0.255102,,,0.000000,,,,,,,,GLOBAL_BASELINE_NO_ENTITY_RANKING,,,NOT_APPLICABLE_GLOBAL_BASELINE,HF9g-P5,,,,X 全窗基线 · 不参与实体赏罚,14192153,1420,A168_HF9F_20260827_0900,2026-08-27 09:00:00
2026-04-24,112874672,550,0,106.0126168102,-15.6663089286,-15.6663089286,0.6666667,3,3,0.50665070000000000,0.506650700000,0.5543606114942035,0.5543606114942035,0.5543606114942035,0E-17,ELIGIBLE,R03b_20260811_FULL_v1,L1_ELIGIBILITY,v2026-08-11,2026-03-21..2026-08-06,baccarat_bet02_101_all_pairs_incl_sentinel,round_win = game_pnl > 0 (decisive only),COMPATIBILITY_ONLY_NOT_PRODUCTION,106707.5342,95075.1759,6638.5039,1274,1273,-0.06221214,,-0.06221214,-0.06221214,-6638.5039,106707.5342,OK,0.0000,265.5402,4.0000,96.0000,AG03-UNRESOLVED,ALL5_LEVELS_bet23_to_bet27,265.5402,265.5402,331.9252,0.0000,0.0000,4.000000,4.000000,5.000000,0.000000,0.000000,96.000000,96.000000,95.000000,100.000000,100.000000,5.0,863.0055,826.361,5775.4984,5812.1429,PENDING_AG03,FALSE,NOT_FOR_ENFORCEMENT,6372.9637,91272.1688,6638.5039,6372.9637,265.5402,0.06221214,0.05972365,265.5402,6372.9637,0.05972365,265.5402,265.5402,331.9252,0.0000,0.0000,6372.9637,0.05972365,863.0055,826.361,5775.4984,5812.1429,0.05412456,0.05446797,0.00248849,83.7579,74.6859,5.2148,265.5402,16.3108,4268.3014,50.9200,,83.7579,52.3519,78.5279,109.939,141.1146,183.2317,261.7596,73.2927,0.0,2.333333,3.333333,1.066601,30,136,60,3,0E-8,0.06221214,,0E-8,0.000000,0.890988,0.000000,,2026-03-21,2026-06-26,25,407,206,98,0.255102,,,0.000000,,,,,,,,GLOBAL_BASELINE_NO_ENTITY_RANKING,,,NOT_APPLICABLE_GLOBAL_BASELINE,HF9g-P5,,,,X 全窗基线 · 不参与实体赏罚,14192154,1420,A168_HF9F_20260827_0900,2026-08-27 09:00:00
2026-04-24,112874672,583,0,102.0862235950,-102.0862235950,-102.0862235950,0E-7,2,2,0.50665070000000000,0.506650700000,-1.4331513700195317,-1.4331513700195317,-1.4331513700195317,0E-17,ELIGIBLE,R03b_20260811_FULL_v1,L1_ELIGIBILITY,v2026-08-11,2026-03-21..2026-08-06,baccarat_bet02_101_all_pairs_incl_sentinel,round_win = game_pnl > 0 (decisive only),COMPATIBILITY_ONLY_NOT_PRODUCTION,106707.5342,95075.1759,6638.5039,1274,1273,-0.06221214,,-0.06221214,-0.06221214,-6638.5039,106707.5342,OK,0.0000,265.5402,4.0000,96.0000,AG03-UNRESOLVED,ALL5_LEVELS_bet23_to_bet27,265.5402,265.5402,331.9252,0.0000,0.0000,4.000000,4.000000,5.000000,0.000000,0.000000,96.000000,96.000000,95.000000,100.000000,100.000000,5.0,863.0055,826.361,5775.4984,5812.1429,PENDING_AG03,FALSE,NOT_FOR_ENFORCEMENT,6372.9637,91272.1688,6638.5039,6372.9637,265.5402,0.06221214,0.05972365,265.5402,6372.9637,0.05972365,265.5402,265.5402,331.9252,0.0000,0.0000,6372.9637,0.05972365,863.0055,826.361,5775.4984,5812.1429,0.05412456,0.05446797,0.00248849,83.7579,74.6859,5.2148,265.5402,16.3108,4268.3014,50.9200,,83.7579,52.3519,78.5279,109.939,141.1146,183.2317,261.7596,73.2927,0.0,2.333333,3.333333,1.066601,30,136,60,3,0E-8,0.06221214,,0E-8,0.000000,0.890988,0.000000,,2026-03-21,2026-06-26,25,407,206,98,0.255102,,,0.000000,,,,,,,,GLOBAL_BASELINE_NO_ENTITY_RANKING,,,NOT_APPLICABLE_GLOBAL_BASELINE,HF9g-P5,,,,X 全窗基线 · 不参与实体赏罚,14192155,1420,A168_HF9F_20260827_0900,2026-08-27 09:00:00
2026-04-24,112874672,752,0,298.4058843546,-135.0679266026,-135.0679266026,0.3333333,3,3,0.50218230000000000,0.502182300000,-0.5849155494134425,-0.5849155494134426,-0.5849155494134425,0E-17,ELIGIBLE,R03b_20260811_FULL_v1,L1_ELIGIBILITY,v2026-08-11,2026-03-21..2026-08-06,baccarat_bet02_101_all_pairs_incl_sentinel,round_win = game_pnl > 0 (decisive only),COMPATIBILITY_ONLY_NOT_PRODUCTION,106707.5342,95075.1759,6638.5039,1274,1273,-0.06221214,,-0.06221214,-0.06221214,-6638.5039,106707.5342,OK,0.0000,265.5402,4.0000,96.0000,AG03-UNRESOLVED,ALL5_LEVELS_bet23_to_bet27,265.5402,265.5402,331.9252,0.0000,0.0000,4.000000,4.000000,5.000000,0.000000,0.000000,96.000000,96.000000,95.000000,100.000000,100.000000,5.0,863.0055,826.361,5775.4984,5812.1429,PENDING_AG03,FALSE,NOT_FOR_ENFORCEMENT,6372.9637,91272.1688,6638.5039,6372.9637,265.5402,0.06221214,0.05972365,265.5402,6372.9637,0.05972365,265.5402,265.5402,331.9252,0.0000,0.0000,6372.9637,0.05972365,863.0055,826.361,5775.4984,5812.1429,0.05412456,0.05446797,0.00248849,83.7579,74.6859,5.2148,265.5402,16.3108,4268.3014,50.9200,,83.7579,52.3519,78.5279,109.939,141.1146,183.2317,261.7596,73.2927,0.0,2.333333,3.333333,1.066601,30,136,60,3,0E-8,0.06221214,,0E-8,0.000000,0.890988,0.000000,,2026-03-21,2026-06-26,25,407,206,98,0.255102,,,0.000000,,,,,,,,GLOBAL_BASELINE_NO_ENTITY_RANKING,,,NOT_APPLICABLE_GLOBAL_BASELINE,HF9g-P5,,,,X 全窗基线 · 不参与实体赏罚,14192156,1420,A168_HF9F_20260827_0900,2026-08-27 09:00:00
2026-06-11,112874672,-1,1,51.4310695091,-51.4310695091,-51.4310695091,0E-7,1,1,0.49324550000000000,0.493245500000,-0.9865810262130424,-0.9865810262130424,-0.9865810262130424,0E-17,SENTINEL_DEALER,R03b_20260811_FULL_v1,L1_ELIGIBILITY,v2026-08-11,2026-03-21..2026-08-06,baccarat_bet02_101_all_pairs_incl_sentinel,round_win = game_pnl > 0 (decisive only),COMPATIBILITY_ONLY_NOT_PRODUCTION,106707.5342,95075.1759,6638.5039,1274,1273,-0.06221214,,-0.06221214,-0.06221214,-6638.5039,106707.5342,OK,0.0000,265.5402,4.0000,96.0000,AG03-UNRESOLVED,ALL5_LEVELS_bet23_to_bet27,265.5402,265.5402,331.9252,0.0000,0.0000,4.000000,4.000000,5.000000,0.000000,0.000000,96.000000,96.000000,95.000000,100.000000,100.000000,5.0,863.0055,826.361,5775.4984,5812.1429,PENDING_AG03,FALSE,NOT_FOR_ENFORCEMENT,6372.9637,91272.1688,6638.5039,6372.9637,265.5402,0.06221214,0.05972365,265.5402,6372.9637,0.05972365,265.5402,265.5402,331.9252,0.0000,0.0000,6372.9637,0.05972365,863.0055,826.361,5775.4984,5812.1429,0.05412456,0.05446797,0.00248849,83.7579,74.6859,5.2148,265.5402,16.3108,4268.3014,50.9200,,83.7579,52.3519,78.5279,109.939,141.1146,183.2317,261.7596,73.2927,0.0,2.333333,3.333333,1.066601,30,136,60,3,0E-8,0.06221214,,0E-8,0.000000,0.890988,0.000000,,2026-03-21,2026-06-26,25,407,206,98,0.255102,,,0.000000,,,,,,,,GLOBAL_BASELINE_NO_ENTITY_RANKING,,,NOT_APPLICABLE_GLOBAL_BASELINE,HF9g-P5,,,,X 全窗基线 · 不参与实体赏罚,14192157,1420,A168_HF9F_20260827_0900,2026-08-27 09:00:00
2026-06-11,112874672,1109,0,77.1466042636,73.2892740505,73.2892740505,1.0000000,1,1,0.50665070000000000,0.506650700000,0.9867858985152569,0.9867858985152569,0.9867858985152569,0E-17,ELIGIBLE,R03b_20260811_FULL_v1,L1_ELIGIBILITY,v2026-08-11,2026-03-21..2026-08-06,baccarat_bet02_101_all_pairs_incl_sentinel,round_win = game_pnl > 0 (decisive only),COMPATIBILITY_ONLY_NOT_PRODUCTION,106707.5342,95075.1759,6638.5039,1274,1273,-0.06221214,,-0.06221214,-0.06221214,-6638.5039,106707.5342,OK,0.0000,265.5402,4.0000,96.0000,AG03-UNRESOLVED,ALL5_LEVELS_bet23_to_bet27,265.5402,265.5402,331.9252,0.0000,0.0000,4.000000,4.000000,5.000000,0.000000,0.000000,96.000000,96.000000,95.000000,100.000000,100.000000,5.0,863.0055,826.361,5775.4984,5812.1429,PENDING_AG03,FALSE,NOT_FOR_ENFORCEMENT,6372.9637,91272.1688,6638.5039,6372.9637,265.5402,0.06221214,0.05972365,265.5402,6372.9637,0.05972365,265.5402,265.5402,331.9252,0.0000,0.0000,6372.9637,0.05972365,863.0055,826.361,5775.4984,5812.1429,0.05412456,0.05446797,0.00248849,83.7579,74.6859,5.2148,265.5402,16.3108,4268.3014,50.9200,,83.7579,52.3519,78.5279,109.939,141.1146,183.2317,261.7596,73.2927,0.0,2.333333,3.333333,1.066601,30,136,60,3,0E-8,0.06221214,,0E-8,0.000000,0.890988,0.000000,,2026-03-21,2026-06-26,25,407,206,98,0.255102,,,0.000000,,,,,,,,GLOBAL_BASELINE_NO_ENTITY_RANKING,,,NOT_APPLICABLE_GLOBAL_BASELINE,HF9g-P5,,,,X 全窗基线 · 不参与实体赏罚,14192158,1420,A168_HF9F_20260827_0900,2026-08-27 09:00:00
2026-06-11,112874672,1363,0,77.1466042636,-77.1466042636,-77.1466042636,0E-7,1,1,0.50665070000000000,0.506650700000,-1.013391052207602,-1.013391052207602,-1.013391052207602,0E-17,ELIGIBLE,R03b_20260811_FULL_v1,L1_ELIGIBILITY,v2026-08-11,2026-03-21..2026-08-06,baccarat_bet02_101_all_pairs_incl_sentinel,round_win = game_pnl > 0 (decisive only),COMPATIBILITY_ONLY_NOT_PRODUCTION,106707.5342,95075.1759,6638.5039,1274,1273,-0.06221214,,-0.06221214,-0.06221214,-6638.5039,106707.5342,OK,0.0000,265.5402,4.0000,96.0000,AG03-UNRESOLVED,ALL5_LEVELS_bet23_to_bet27,265.5402,265.5402,331.9252,0.0000,0.0000,4.000000,4.000000,5.000000,0.000000,0.000000,96.000000,96.000000,95.000000,100.000000,100.000000,5.0,863.0055,826.361,5775.4984,5812.1429,PENDING_AG03,FALSE,NOT_FOR_ENFORCEMENT,6372.9637,91272.1688,6638.5039,6372.9637,265.5402,0.06221214,0.05972365,265.5402,6372.9637,0.05972365,265.5402,265.5402,331.9252,0.0000,0.0000,6372.9637,0.05972365,863.0055,826.361,5775.4984,5812.1429,0.05412456,0.05446797,0.00248849,83.7579,74.6859,5.2148,265.5402,16.3108,4268.3014,50.9200,,83.7579,52.3519,78.5279,109.939,141.1146,183.2317,261.7596,73.2927,0.0,2.333333,3.333333,1.066601,30,136,60,3,0E-8,0.06221214,,0E-8,0.000000,0.890988,0.000000,,2026-03-21,2026-06-26,25,407,206,98,0.255102,,,0.000000,,,,,,,,GLOBAL_BASELINE_NO_ENTITY_RANKING,,,NOT_APPLICABLE_GLOBAL_BASELINE,HF9g-P5,,,,X 全窗基线 · 不参与实体赏罚,14192159,1420,A168_HF9F_20260827_0900,2026-08-27 09:00:00
2026-06-11,112874672,1396,0,205.7242780363,51.4310695091,51.4310695091,0.5000000,2,2,0.49994810000000000,0.499948100000,0.00014679536856514622,0.00014679536856514622,0.00014679536856514622,0E-17,ELIGIBLE,R03b_20260811_FULL_v1,L1_ELIGIBILITY,v2026-08-11,2026-03-21..2026-08-06,baccarat_bet02_101_all_pairs_incl_sentinel,round_win = game_pnl > 0 (decisive only),COMPATIBILITY_ONLY_NOT_PRODUCTION,106707.5342,95075.1759,6638.5039,1274,1273,-0.06221214,,-0.06221214,-0.06221214,-6638.5039,106707.5342,OK,0.0000,265.5402,4.0000,96.0000,AG03-UNRESOLVED,ALL5_LEVELS_bet23_to_bet27,265.5402,265.5402,331.9252,0.0000,0.0000,4.000000,4.000000,5.000000,0.000000,0.000000,96.000000,96.000000,95.000000,100.000000,100.000000,5.0,863.0055,826.361,5775.4984,5812.1429,PENDING_AG03,FALSE,NOT_FOR_ENFORCEMENT,6372.9637,91272.1688,6638.5039,6372.9637,265.5402,0.06221214,0.05972365,265.5402,6372.9637,0.05972365,265.5402,265.5402,331.9252,0.0000,0.0000,6372.9637,0.05972365,863.0055,826.361,5775.4984,5812.1429,0.05412456,0.05446797,0.00248849,83.7579,74.6859,5.2148,265.5402,16.3108,4268.3014,50.9200,,83.7579,52.3519,78.5279,109.939,141.1146,183.2317,261.7596,73.2927,0.0,2.333333,3.333333,1.066601,30,136,60,3,0E-8,0.06221214,,0E-8,0.000000,0.890988,0.000000,,2026-03-21,2026-06-26,25,407,206,98,0.255102,,,0.000000,,,,,,,,GLOBAL_BASELINE_NO_ENTITY_RANKING,,,NOT_APPLICABLE_GLOBAL_BASELINE,HF9g-P5,,,,X 全窗基线 · 不参与实体赏罚,14192160,1420,A168_HF9F_20260827_0900,2026-08-27 09:00:00
2026-06-11,112874672,1400,0,145.0356160156,-145.0356160156,-145.0356160156,0E-7,1,1,0.49324550000000000,0.493245500000,-0.9865810262130424,-0.9865810262130424,-0.9865810262130424,0E-17,ELIGIBLE,R03b_20260811_FULL_v1,L1_ELIGIBILITY,v2026-08-11,2026-03-21..2026-08-06,baccarat_bet02_101_all_pairs_incl_sentinel,round_win = game_pnl > 0 (decisive only),COMPATIBILITY_ONLY_NOT_PRODUCTION,106707.5342,95075.1759,6638.5039,1274,1273,-0.06221214,,-0.06221214,-0.06221214,-6638.5039,106707.5342,OK,0.0000,265.5402,4.0000,96.0000,AG03-UNRESOLVED,ALL5_LEVELS_bet23_to_bet27,265.5402,265.5402,331.9252,0.0000,0.0000,4.000000,4.000000,5.000000,0.000000,0.000000,96.000000,96.000000,95.000000,100.000000,100.000000,5.0,863.0055,826.361,5775.4984,5812.1429,PENDING_AG03,FALSE,NOT_FOR_ENFORCEMENT,6372.9637,91272.1688,6638.5039,6372.9637,265.5402,0.06221214,0.05972365,265.5402,6372.9637,0.05972365,265.5402,265.5402,331.9252,0.0000,0.0000,6372.9637,0.05972365,863.0055,826.361,5775.4984,5812.1429,0.05412456,0.05446797,0.00248849,83.7579,74.6859,5.2148,265.5402,16.3108,4268.3014,50.9200,,83.7579,52.3519,78.5279,109.939,141.1146,183.2317,261.7596,73.2927,0.0,2.333333,3.333333,1.066601,30,136,60,3,0E-8,0.06221214,,0E-8,0.000000,0.890988,0.000000,,2026-03-21,2026-06-26,25,407,206,98,0.255102,,,0.000000,,,,,,,,GLOBAL_BASELINE_NO_ENTITY_RANKING,,,NOT_APPLICABLE_GLOBAL_BASELINE,HF9g-P5,,,,X 全窗基线 · 不参与实体赏罚,14192161,1420,A168_HF9F_20260827_0900,2026-08-27 09:00:00
2026-06-11,112874672,1941,0,308.5864170545,99.0048088050,99.0048088050,0.6666667,3,3,0.49771390000000000,0.497713900000,0.5852756695216578,0.5852756695216578,0.5852756695216578,0E-17,ELIGIBLE,R03b_20260811_FULL_v1,L1_ELIGIBILITY,v2026-08-11,2026-03-21..2026-08-06,baccarat_bet02_101_all_pairs_incl_sentinel,round_win = game_pnl > 0 (decisive only),COMPATIBILITY_ONLY_NOT_PRODUCTION,106707.5342,95075.1759,6638.5039,1274,1273,-0.06221214,,-0.06221214,-0.06221214,-6638.5039,106707.5342,OK,0.0000,265.5402,4.0000,96.0000,AG03-UNRESOLVED,ALL5_LEVELS_bet23_to_bet27,265.5402,265.5402,331.9252,0.0000,0.0000,4.000000,4.000000,5.000000,0.000000,0.000000,96.000000,96.000000,95.000000,100.000000,100.000000,5.0,863.0055,826.361,5775.4984,5812.1429,PENDING_AG03,FALSE,NOT_FOR_ENFORCEMENT,6372.9637,91272.1688,6638.5039,6372.9637,265.5402,0.06221214,0.05972365,265.5402,6372.9637,0.05972365,265.5402,265.5402,331.9252,0.0000,0.0000,6372.9637,0.05972365,863.0055,826.361,5775.4984,5812.1429,0.05412456,0.05446797,0.00248849,83.7579,74.6859,5.2148,265.5402,16.3108,4268.3014,50.9200,,83.7579,52.3519,78.5279,109.939,141.1146,183.2317,261.7596,73.2927,0.0,2.333333,3.333333,1.066601,30,136,60,3,0E-8,0.06221214,,0E-8,0.000000,0.890988,0.000000,,2026-03-21,2026-06-26,25,407,206,98,0.255102,,,0.000000,,,,,,,,GLOBAL_BASELINE_NO_ENTITY_RANKING,,,NOT_APPLICABLE_GLOBAL_BASELINE,HF9g-P5,,,,X 全窗基线 · 不参与实体赏罚,14192162,1420,A168_HF9F_20260827_0900,2026-08-27 09:00:00
2026-06-11,112874672,2082,0,190.2949571836,60.4315066732,60.4315066732,0.5000000,2,2,0.50665070000000000,0.506650700000,-0.018812684590367487,-0.018812684590367487,-0.018812684590367487,0E-17,ELIGIBLE,R03b_20260811_FULL_v1,L1_ELIGIBILITY,v2026-08-11,2026-03-21..2026-08-06,baccarat_bet02_101_all_pairs_incl_sentinel,round_win = game_pnl > 0 (decisive only),COMPATIBILITY_ONLY_NOT_PRODUCTION,106707.5342,95075.1759,6638.5039,1274,1273,-0.06221214,,-0.06221214,-0.06221214,-6638.5039,106707.5342,OK,0.0000,265.5402,4.0000,96.0000,AG03-UNRESOLVED,ALL5_LEVELS_bet23_to_bet27,265.5402,265.5402,331.9252,0.0000,0.0000,4.000000,4.000000,5.000000,0.000000,0.000000,96.000000,96.000000,95.000000,100.000000,100.000000,5.0,863.0055,826.361,5775.4984,5812.1429,PENDING_AG03,FALSE,NOT_FOR_ENFORCEMENT,6372.9637,91272.1688,6638.5039,6372.9637,265.5402,0.06221214,0.05972365,265.5402,6372.9637,0.05972365,265.5402,265.5402,331.9252,0.0000,0.0000,6372.9637,0.05972365,863.0055,826.361,5775.4984,5812.1429,0.05412456,0.05446797,0.00248849,83.7579,74.6859,5.2148,265.5402,16.3108,4268.3014,50.9200,,83.7579,52.3519,78.5279,109.939,141.1146,183.2317,261.7596,73.2927,0.0,2.333333,3.333333,1.066601,30,136,60,3,0E-8,0.06221214,,0E-8,0.000000,0.890988,0.000000,,2026-03-21,2026-06-26,25,407,206,98,0.255102,,,0.000000,,,,,,,,GLOBAL_BASELINE_NO_ENTITY_RANKING,,,NOT_APPLICABLE_GLOBAL_BASELINE,HF9g-P5,,,,X 全窗基线 · 不参与实体赏罚,14192163,1420,A168_HF9F_20260827_0900,2026-08-27 09:00:00
2026-06-11,112874672,2134,0,72.0034973127,30.8586417055,30.8586417055,0.5000000,2,2,0.49324550000000000,0.493245500000,0.01910635448239258,0.01910635448239258,0.01910635448239258,0E-17,ELIGIBLE,R03b_20260811_FULL_v1,L1_ELIGIBILITY,v2026-08-11,2026-03-21..2026-08-06,baccarat_bet02_101_all_pairs_incl_sentinel,round_win = game_pnl > 0 (decisive only),COMPATIBILITY_ONLY_NOT_PRODUCTION,106707.5342,95075.1759,6638.5039,1274,1273,-0.06221214,,-0.06221214,-0.06221214,-6638.5039,106707.5342,OK,0.0000,265.5402,4.0000,96.0000,AG03-UNRESOLVED,ALL5_LEVELS_bet23_to_bet27,265.5402,265.5402,331.9252,0.0000,0.0000,4.000000,4.000000,5.000000,0.000000,0.000000,96.000000,96.000000,95.000000,100.000000,100.000000,5.0,863.0055,826.361,5775.4984,5812.1429,PENDING_AG03,FALSE,NOT_FOR_ENFORCEMENT,6372.9637,91272.1688,6638.5039,6372.9637,265.5402,0.06221214,0.05972365,265.5402,6372.9637,0.05972365,265.5402,265.5402,331.9252,0.0000,0.0000,6372.9637,0.05972365,863.0055,826.361,5775.4984,5812.1429,0.05412456,0.05446797,0.00248849,83.7579,74.6859,5.2148,265.5402,16.3108,4268.3014,50.9200,,83.7579,52.3519,78.5279,109.939,141.1146,183.2317,261.7596,73.2927,0.0,2.333333,3.333333,1.066601,30,136,60,3,0E-8,0.06221214,,0E-8,0.000000,0.890988,0.000000,,2026-03-21,2026-06-26,25,407,206,98,0.255102,,,0.000000,,,,,,,,GLOBAL_BASELINE_NO_ENTITY_RANKING,,,NOT_APPLICABLE_GLOBAL_BASELINE,HF9g-P5,,,,X 全窗基线 · 不参与实体赏罚,14192164,1420,A168_HF9F_20260827_0900,2026-08-27 09:00:00
2026-06-11,112874672,2141,0,115.7199063955,-115.7199063955,-115.7199063955,0E-7,1,1,0.50665070000000000,0.506650700000,-1.013391052207602,-1.013391052207602,-1.013391052207602,0E-17,ELIGIBLE,R03b_20260811_FULL_v1,L1_ELIGIBILITY,v2026-08-11,2026-03-21..2026-08-06,baccarat_bet02_101_all_pairs_incl_sentinel,round_win = game_pnl > 0 (decisive only),COMPATIBILITY_ONLY_NOT_PRODUCTION,106707.5342,95075.1759,6638.5039,1274,1273,-0.06221214,,-0.06221214,-0.06221214,-6638.5039,106707.5342,OK,0.0000,265.5402,4.0000,96.0000,AG03-UNRESOLVED,ALL5_LEVELS_bet23_to_bet27,265.5402,265.5402,331.9252,0.0000,0.0000,4.000000,4.000000,5.000000,0.000000,0.000000,96.000000,96.000000,95.000000,100.000000,100.000000,5.0,863.0055,826.361,5775.4984,5812.1429,PENDING_AG03,FALSE,NOT_FOR_ENFORCEMENT,6372.9637,91272.1688,6638.5039,6372.9637,265.5402,0.06221214,0.05972365,265.5402,6372.9637,0.05972365,265.5402,265.5402,331.9252,0.0000,0.0000,6372.9637,0.05972365,863.0055,826.361,5775.4984,5812.1429,0.05412456,0.05446797,0.00248849,83.7579,74.6859,5.2148,265.5402,16.3108,4268.3014,50.9200,,83.7579,52.3519,78.5279,109.939,141.1146,183.2317,261.7596,73.2927,0.0,2.333333,3.333333,1.066601,30,136,60,3,0E-8,0.06221214,,0E-8,0.000000,0.890988,0.000000,,2026-03-21,2026-06-26,25,407,206,98,0.255102,,,0.000000,,,,,,,,GLOBAL_BASELINE_NO_ENTITY_RANKING,,,NOT_APPLICABLE_GLOBAL_BASELINE,HF9g-P5,,,,X 全窗基线 · 不参与实体赏罚,14192165,1420,A168_HF9F_20260827_0900,2026-08-27 09:00:00
2026-06-11,112874672,2142,0,51.4310695091,51.4310695091,51.4310695091,1.0000000,1,1,0.49324550000000000,0.493245500000,1.01360149184955,1.01360149184955,1.01360149184955,0E-17,ELIGIBLE,R03b_20260811_FULL_v1,L1_ELIGIBILITY,v2026-08-11,2026-03-21..2026-08-06,baccarat_bet02_101_all_pairs_incl_sentinel,round_win = game_pnl > 0 (decisive only),COMPATIBILITY_ONLY_NOT_PRODUCTION,106707.5342,95075.1759,6638.5039,1274,1273,-0.06221214,,-0.06221214,-0.06221214,-6638.5039,106707.5342,OK,0.0000,265.5402,4.0000,96.0000,AG03-UNRESOLVED,ALL5_LEVELS_bet23_to_bet27,265.5402,265.5402,331.9252,0.0000,0.0000,4.000000,4.000000,5.000000,0.000000,0.000000,96.000000,96.000000,95.000000,100.000000,100.000000,5.0,863.0055,826.361,5775.4984,5812.1429,PENDING_AG03,FALSE,NOT_FOR_ENFORCEMENT,6372.9637,91272.1688,6638.5039,6372.9637,265.5402,0.06221214,0.05972365,265.5402,6372.9637,0.05972365,265.5402,265.5402,331.9252,0.0000,0.0000,6372.9637,0.05972365,863.0055,826.361,5775.4984,5812.1429,0.05412456,0.05446797,0.00248849,83.7579,74.6859,5.2148,265.5402,16.3108,4268.3014,50.9200,,83.7579,52.3519,78.5279,109.939,141.1146,183.2317,261.7596,73.2927,0.0,2.333333,3.333333,1.066601,30,136,60,3,0E-8,0.06221214,,0E-8,0.000000,0.890988,0.000000,,2026-03-21,2026-06-26,25,407,206,98,0.255102,,,0.000000,,,,,,,,GLOBAL_BASELINE_NO_ENTITY_RANKING,,,NOT_APPLICABLE_GLOBAL_BASELINE,HF9g-P5,,,,X 全窗基线 · 不参与实体赏罚,14192166,1420,A168_HF9F_20260827_0900,2026-08-27 09:00:00
2026-06-11,112874672,2170,0,51.4310695091,-51.4310695091,-51.4310695091,0E-7,1,1,0.50665070000000000,0.506650700000,-1.013391052207602,-1.013391052207602,-1.013391052207602,0E-17,ELIGIBLE,R03b_20260811_FULL_v1,L1_ELIGIBILITY,v2026-08-11,2026-03-21..2026-08-06,baccarat_bet02_101_all_pairs_incl_sentinel,round_win = game_pnl > 0 (decisive only),COMPATIBILITY_ONLY_NOT_PRODUCTION,106707.5342,95075.1759,6638.5039,1274,1273,-0.06221214,,-0.06221214,-0.06221214,-6638.5039,106707.5342,OK,0.0000,265.5402,4.0000,96.0000,AG03-UNRESOLVED,ALL5_LEVELS_bet23_to_bet27,265.5402,265.5402,331.9252,0.0000,0.0000,4.000000,4.000000,5.000000,0.000000,0.000000,96.000000,96.000000,95.000000,100.000000,100.000000,5.0,863.0055,826.361,5775.4984,5812.1429,PENDING_AG03,FALSE,NOT_FOR_ENFORCEMENT,6372.9637,91272.1688,6638.5039,6372.9637,265.5402,0.06221214,0.05972365,265.5402,6372.9637,0.05972365,265.5402,265.5402,331.9252,0.0000,0.0000,6372.9637,0.05972365,863.0055,826.361,5775.4984,5812.1429,0.05412456,0.05446797,0.00248849,83.7579,74.6859,5.2148,265.5402,16.3108,4268.3014,50.9200,,83.7579,52.3519,78.5279,109.939,141.1146,183.2317,261.7596,73.2927,0.0,2.333333,3.333333,1.066601,30,136,60,3,0E-8,0.06221214,,0E-8,0.000000,0.890988,0.000000,,2026-03-21,2026-06-26,25,407,206,98,0.255102,,,0.000000,,,,,,,,GLOBAL_BASELINE_NO_ENTITY_RANKING,,,NOT_APPLICABLE_GLOBAL_BASELINE,HF9g-P5,,,,X 全窗基线 · 不参与实体赏罚,14192167,1420,A168_HF9F_20260827_0900,2026-08-27 09:00:00
2026-06-11,112874672,2256,0,10.8005245970,-5.4002622985,-5.4002622985,0E-7,2,2,0.30062675000000000,0.300626750000,-0.6556307317883069,-0.655630731788307,-0.6556307317883069,0E-17,ELIGIBLE,R03b_20260811_FULL_v1,L1_ELIGIBILITY,v2026-08-11,2026-03-21..2026-08-06,baccarat_bet02_101_all_pairs_incl_sentinel,round_win = game_pnl > 0 (decisive only),COMPATIBILITY_ONLY_NOT_PRODUCTION,106707.5342,95075.1759,6638.5039,1274,1273,-0.06221214,,-0.06221214,-0.06221214,-6638.5039,106707.5342,OK,0.0000,265.5402,4.0000,96.0000,AG03-UNRESOLVED,ALL5_LEVELS_bet23_to_bet27,265.5402,265.5402,331.9252,0.0000,0.0000,4.000000,4.000000,5.000000,0.000000,0.000000,96.000000,96.000000,95.000000,100.000000,100.000000,5.0,863.0055,826.361,5775.4984,5812.1429,PENDING_AG03,FALSE,NOT_FOR_ENFORCEMENT,6372.9637,91272.1688,6638.5039,6372.9637,265.5402,0.06221214,0.05972365,265.5402,6372.9637,0.05972365,265.5402,265.5402,331.9252,0.0000,0.0000,6372.9637,0.05972365,863.0055,826.361,5775.4984,5812.1429,0.05412456,0.05446797,0.00248849,83.7579,74.6859,5.2148,265.5402,16.3108,4268.3014,50.9200,,83.7579,52.3519,78.5279,109.939,141.1146,183.2317,261.7596,73.2927,0.0,2.333333,3.333333,1.066601,30,136,60,3,0E-8,0.06221214,,0E-8,0.000000,0.890988,0.000000,,2026-03-21,2026-06-26,25,407,206,98,0.255102,,,0.000000,,,,,,,,GLOBAL_BASELINE_NO_ENTITY_RANKING,,,NOT_APPLICABLE_GLOBAL_BASELINE,HF9g-P5,,,,X 全窗基线 · 不参与实体赏罚,14192168,1420,A168_HF9F_20260827_0900,2026-08-27 09:00:00
2026-06-11,112874672,2266,0,205.7242780364,-51.4310695091,-51.4310695091,0E-7,4,4,0.49324550000000000,0.493245500000,-0.9865810262130424,-0.9865810262130424,-0.9865810262130424,0E-17,ELIGIBLE,R03b_20260811_FULL_v1,L1_ELIGIBILITY,v2026-08-11,2026-03-21..2026-08-06,baccarat_bet02_101_all_pairs_incl_sentinel,round_win = game_pnl > 0 (decisive only),COMPATIBILITY_ONLY_NOT_PRODUCTION,106707.5342,95075.1759,6638.5039,1274,1273,-0.06221214,,-0.06221214,-0.06221214,-6638.5039,106707.5342,OK,0.0000,265.5402,4.0000,96.0000,AG03-UNRESOLVED,ALL5_LEVELS_bet23_to_bet27,265.5402,265.5402,331.9252,0.0000,0.0000,4.000000,4.000000,5.000000,0.000000,0.000000,96.000000,96.000000,95.000000,100.000000,100.000000,5.0,863.0055,826.361,5775.4984,5812.1429,PENDING_AG03,FALSE,NOT_FOR_ENFORCEMENT,6372.9637,91272.1688,6638.5039,6372.9637,265.5402,0.06221214,0.05972365,265.5402,6372.9637,0.05972365,265.5402,265.5402,331.9252,0.0000,0.0000,6372.9637,0.05972365,863.0055,826.361,5775.4984,5812.1429,0.05412456,0.05446797,0.00248849,83.7579,74.6859,5.2148,265.5402,16.3108,4268.3014,50.9200,,83.7579,52.3519,78.5279,109.939,141.1146,183.2317,261.7596,73.2927,0.0,2.333333,3.333333,1.066601,30,136,60,3,0E-8,0.06221214,,0E-8,0.000000,0.890988,0.000000,,2026-03-21,2026-06-26,25,407,206,98,0.255102,,,0.000000,,,,,,,,GLOBAL_BASELINE_NO_ENTITY_RANKING,,,NOT_APPLICABLE_GLOBAL_BASELINE,HF9g-P5,,,,X 全窗基线 · 不参与实体赏罚,14192169,1420,A168_HF9F_20260827_0900,2026-08-27 09:00:00
2026-06-11,112874672,752,0,1190.1149484402,-6.6603235014,-6.6603235014,0.5000000,9,9,0.50218230000000000,0.502182300000,-0.01234507061437774,-0.01234507061437774,-0.01234507061437774,0E-17,ELIGIBLE,R03b_20260811_FULL_v1,L1_ELIGIBILITY,v2026-08-11,2026-03-21..2026-08-06,baccarat_bet02_101_all_pairs_incl_sentinel,round_win = game_pnl > 0 (decisive only),COMPATIBILITY_ONLY_NOT_PRODUCTION,106707.5342,95075.1759,6638.5039,1274,1273,-0.06221214,,-0.06221214,-0.06221214,-6638.5039,106707.5342,OK,0.0000,265.5402,4.0000,96.0000,AG03-UNRESOLVED,ALL5_LEVELS_bet23_to_bet27,265.5402,265.5402,331.9252,0.0000,0.0000,4.000000,4.000000,5.000000,0.000000,0.000000,96.000000,96.000000,95.000000,100.000000,100.000000,5.0,863.0055,826.361,5775.4984,5812.1429,PENDING_AG03,FALSE,NOT_FOR_ENFORCEMENT,6372.9637,91272.1688,6638.5039,6372.9637,265.5402,0.06221214,0.05972365,265.5402,6372.9637,0.05972365,265.5402,265.5402,331.9252,0.0000,0.0000,6372.9637,0.05972365,863.0055,826.361,5775.4984,5812.1429,0.05412456,0.05446797,0.00248849,83.7579,74.6859,5.2148,265.5402,16.3108,4268.3014,50.9200,,83.7579,52.3519,78.5279,109.939,141.1146,183.2317,261.7596,73.2927,0.0,2.333333,3.333333,1.066601,30,136,60,3,0E-8,0.06221214,,0E-8,0.000000,0.890988,0.000000,,2026-03-21,2026-06-26,25,407,206,98,0.255102,,,0.000000,,,,,,,,GLOBAL_BASELINE_NO_ENTITY_RANKING,,,NOT_APPLICABLE_GLOBAL_BASELINE,HF9g-P5,,,,X 全窗基线 · 不参与实体赏罚,14192170,1420,A168_HF9F_20260827_0900,2026-08-27 09:00:00
2026-06-12,112874672,2223,0,23.6582919742,-23.6582919742,-23.6582919742,0E-7,1,1,0.50665070000000000,0.506650700000,-1.013391052207602,-1.013391052207602,-1.013391052207602,0E-17,ELIGIBLE,R03b_20260811_FULL_v1,L1_ELIGIBILITY,v2026-08-11,2026-03-21..2026-08-06,baccarat_bet02_101_all_pairs_incl_sentinel,round_win = game_pnl > 0 (decisive only),COMPATIBILITY_ONLY_NOT_PRODUCTION,106707.5342,95075.1759,6638.5039,1274,1273,-0.06221214,,-0.06221214,-0.06221214,-6638.5039,106707.5342,OK,0.0000,265.5402,4.0000,96.0000,AG03-UNRESOLVED,ALL5_LEVELS_bet23_to_bet27,265.5402,265.5402,331.9252,0.0000,0.0000,4.000000,4.000000,5.000000,0.000000,0.000000,96.000000,96.000000,95.000000,100.000000,100.000000,5.0,863.0055,826.361,5775.4984,5812.1429,PENDING_AG03,FALSE,NOT_FOR_ENFORCEMENT,6372.9637,91272.1688,6638.5039,6372.9637,265.5402,0.06221214,0.05972365,265.5402,6372.9637,0.05972365,265.5402,265.5402,331.9252,0.0000,0.0000,6372.9637,0.05972365,863.0055,826.361,5775.4984,5812.1429,0.05412456,0.05446797,0.00248849,83.7579,74.6859,5.2148,265.5402,16.3108,4268.3014,50.9200,,83.7579,52.3519,78.5279,109.939,141.1146,183.2317,261.7596,73.2927,0.0,2.333333,3.333333,1.066601,30,136,60,3,0E-8,0.06221214,,0E-8,0.000000,0.890988,0.000000,,2026-03-21,2026-06-26,25,407,206,98,0.255102,,,0.000000,,,,,,,,GLOBAL_BASELINE_NO_ENTITY_RANKING,,,NOT_APPLICABLE_GLOBAL_BASELINE,HF9g-P5,,,,X 全窗基线 · 不参与实体赏罚,14192171,1420,A168_HF9F_20260827_0900,2026-08-27 09:00:00
2026-06-16,112874672,2071,0,25.7155347545,25.7155347545,25.7155347545,1.0000000,1,1,0.49324550000000000,0.493245500000,1.01360149184955,1.01360149184955,1.01360149184955,0E-17,ELIGIBLE,R03b_20260811_FULL_v1,L1_ELIGIBILITY,v2026-08-11,2026-03-21..2026-08-06,baccarat_bet02_101_all_pairs_incl_sentinel,round_win = game_pnl > 0 (decisive only),COMPATIBILITY_ONLY_NOT_PRODUCTION,106707.5342,95075.1759,6638.5039,1274,1273,-0.06221214,,-0.06221214,-0.06221214,-6638.5039,106707.5342,OK,0.0000,265.5402,4.0000,96.0000,AG03-UNRESOLVED,ALL5_LEVELS_bet23_to_bet27,265.5402,265.5402,331.9252,0.0000,0.0000,4.000000,4.000000,5.000000,0.000000,0.000000,96.000000,96.000000,95.000000,100.000000,100.000000,5.0,863.0055,826.361,5775.4984,5812.1429,PENDING_AG03,FALSE,NOT_FOR_ENFORCEMENT,6372.9637,91272.1688,6638.5039,6372.9637,265.5402,0.06221214,0.05972365,265.5402,6372.9637,0.05972365,265.5402,265.5402,331.9252,0.0000,0.0000,6372.9637,0.05972365,863.0055,826.361,5775.4984,5812.1429,0.05412456,0.05446797,0.00248849,83.7579,74.6859,5.2148,265.5402,16.3108,4268.3014,50.9200,,83.7579,52.3519,78.5279,109.939,141.1146,183.2317,261.7596,73.2927,0.0,2.333333,3.333333,1.066601,30,136,60,3,0E-8,0.06221214,,0E-8,0.000000,0.890988,0.000000,,2026-03-21,2026-06-26,25,407,206,98,0.255102,,,0.000000,,,,,,,,GLOBAL_BASELINE_NO_ENTITY_RANKING,,,NOT_APPLICABLE_GLOBAL_BASELINE,HF9g-P5,,,,X 全窗基线 · 不参与实体赏罚,14192172,1420,A168_HF9F_20260827_0900,2026-08-27 09:00:00
2026-06-16,112874672,2108,0,79.7181577391,-79.7181577391,-79.7181577391,0E-7,2,2,0.50665070000000000,0.506650700000,-1.4331513700195317,-1.4331513700195317,-1.4331513700195317,0E-17,ELIGIBLE,R03b_20260811_FULL_v1,L1_ELIGIBILITY,v2026-08-11,2026-03-21..2026-08-06,baccarat_bet02_101_all_pairs_incl_sentinel,round_win = game_pnl > 0 (decisive only),COMPATIBILITY_ONLY_NOT_PRODUCTION,106707.5342,95075.1759,6638.5039,1274,1273,-0.06221214,,-0.06221214,-0.06221214,-6638.5039,106707.5342,OK,0.0000,265.5402,4.0000,96.0000,AG03-UNRESOLVED,ALL5_LEVELS_bet23_to_bet27,265.5402,265.5402,331.9252,0.0000,0.0000,4.000000,4.000000,5.000000,0.000000,0.000000,96.000000,96.000000,95.000000,100.000000,100.000000,5.0,863.0055,826.361,5775.4984,5812.1429,PENDING_AG03,FALSE,NOT_FOR_ENFORCEMENT,6372.9637,91272.1688,6638.5039,6372.9637,265.5402,0.06221214,0.05972365,265.5402,6372.9637,0.05972365,265.5402,265.5402,331.9252,0.0000,0.0000,6372.9637,0.05972365,863.0055,826.361,5775.4984,5812.1429,0.05412456,0.05446797,0.00248849,83.7579,74.6859,5.2148,265.5402,16.3108,4268.3014,50.9200,,83.7579,52.3519,78.5279,109.939,141.1146,183.2317,261.7596,73.2927,0.0,2.333333,3.333333,1.066601,30,136,60,3,0E-8,0.06221214,,0E-8,0.000000,0.890988,0.000000,,2026-03-21,2026-06-26,25,407,206,98,0.255102,,,0.000000,,,,,,,,GLOBAL_BASELINE_NO_ENTITY_RANKING,,,NOT_APPLICABLE_GLOBAL_BASELINE,HF9g-P5,,,,X 全窗基线 · 不参与实体赏罚,14192173,1420,A168_HF9F_20260827_0900,2026-08-27 09:00:00
2026-06-16,112874672,2196,0,51.4310695091,-51.4310695091,-51.4310695091,0E-7,1,1,0.50665070000000000,0.506650700000,-1.013391052207602,-1.013391052207602,-1.013391052207602,0E-17,ELIGIBLE,R03b_20260811_FULL_v1,L1_ELIGIBILITY,v2026-08-11,2026-03-21..2026-08-06,baccarat_bet02_101_all_pairs_incl_sentinel,round_win = game_pnl > 0 (decisive only),COMPATIBILITY_ONLY_NOT_PRODUCTION,106707.5342,95075.1759,6638.5039,1274,1273,-0.06221214,,-0.06221214,-0.06221214,-6638.5039,106707.5342,OK,0.0000,265.5402,4.0000,96.0000,AG03-UNRESOLVED,ALL5_LEVELS_bet23_to_bet27,265.5402,265.5402,331.9252,0.0000,0.0000,4.000000,4.000000,5.000000,0.000000,0.000000,96.000000,96.000000,95.000000,100.000000,100.000000,5.0,863.0055,826.361,5775.4984,5812.1429,PENDING_AG03,FALSE,NOT_FOR_ENFORCEMENT,6372.9637,91272.1688,6638.5039,6372.9637,265.5402,0.06221214,0.05972365,265.5402,6372.9637,0.05972365,265.5402,265.5402,331.9252,0.0000,0.0000,6372.9637,0.05972365,863.0055,826.361,5775.4984,5812.1429,0.05412456,0.05446797,0.00248849,83.7579,74.6859,5.2148,265.5402,16.3108,4268.3014,50.9200,,83.7579,52.3519,78.5279,109.939,141.1146,183.2317,261.7596,73.2927,0.0,2.333333,3.333333,1.066601,30,136,60,3,0E-8,0.06221214,,0E-8,0.000000,0.890988,0.000000,,2026-03-21,2026-06-26,25,407,206,98,0.255102,,,0.000000,,,,,,,,GLOBAL_BASELINE_NO_ENTITY_RANKING,,,NOT_APPLICABLE_GLOBAL_BASELINE,HF9g-P5,,,,X 全窗基线 · 不参与实体赏罚,14192174,1420,A168_HF9F_20260827_0900,2026-08-27 09:00:00
2026-06-17,112874672,1396,0,5.4002622985,-5.4002622985,-5.4002622985,0E-7,1,1,0.49324550000000000,0.493245500000,-0.9865810262130424,-0.9865810262130424,-0.9865810262130424,0E-17,ELIGIBLE,R03b_20260811_FULL_v1,L1_ELIGIBILITY,v2026-08-11,2026-03-21..2026-08-06,baccarat_bet02_101_all_pairs_incl_sentinel,round_win = game_pnl > 0 (decisive only),COMPATIBILITY_ONLY_NOT_PRODUCTION,106707.5342,95075.1759,6638.5039,1274,1273,-0.06221214,,-0.06221214,-0.06221214,-6638.5039,106707.5342,OK,0.0000,265.5402,4.0000,96.0000,AG03-UNRESOLVED,ALL5_LEVELS_bet23_to_bet27,265.5402,265.5402,331.9252,0.0000,0.0000,4.000000,4.000000,5.000000,0.000000,0.000000,96.000000,96.000000,95.000000,100.000000,100.000000,5.0,863.0055,826.361,5775.4984,5812.1429,PENDING_AG03,FALSE,NOT_FOR_ENFORCEMENT,6372.9637,91272.1688,6638.5039,6372.9637,265.5402,0.06221214,0.05972365,265.5402,6372.9637,0.05972365,265.5402,265.5402,331.9252,0.0000,0.0000,6372.9637,0.05972365,863.0055,826.361,5775.4984,5812.1429,0.05412456,0.05446797,0.00248849,83.7579,74.6859,5.2148,265.5402,16.3108,4268.3014,50.9200,,83.7579,52.3519,78.5279,109.939,141.1146,183.2317,261.7596,73.2927,0.0,2.333333,3.333333,1.066601,30,136,60,3,0E-8,0.06221214,,0E-8,0.000000,0.890988,0.000000,,2026-03-21,2026-06-26,25,407,206,98,0.255102,,,0.000000,,,,,,,,GLOBAL_BASELINE_NO_ENTITY_RANKING,,,NOT_APPLICABLE_GLOBAL_BASELINE,HF9g-P5,,,,X 全窗基线 · 不参与实体赏罚,14192175,1420,A168_HF9F_20260827_0900,2026-08-27 09:00:00
2026-06-17,112874672,2267,0,108.0052459690,52.4596908993,52.4596908993,0.5000000,2,2,0.50665070000000000,0.506650700000,-0.018812684590367487,-0.018812684590367487,-0.018812684590367487,0E-17,ELIGIBLE,R03b_20260811_FULL_v1,L1_ELIGIBILITY,v2026-08-11,2026-03-21..2026-08-06,baccarat_bet02_101_all_pairs_incl_sentinel,round_win = game_pnl > 0 (decisive only),COMPATIBILITY_ONLY_NOT_PRODUCTION,106707.5342,95075.1759,6638.5039,1274,1273,-0.06221214,,-0.06221214,-0.06221214,-6638.5039,106707.5342,OK,0.0000,265.5402,4.0000,96.0000,AG03-UNRESOLVED,ALL5_LEVELS_bet23_to_bet27,265.5402,265.5402,331.9252,0.0000,0.0000,4.000000,4.000000,5.000000,0.000000,0.000000,96.000000,96.000000,95.000000,100.000000,100.000000,5.0,863.0055,826.361,5775.4984,5812.1429,PENDING_AG03,FALSE,NOT_FOR_ENFORCEMENT,6372.9637,91272.1688,6638.5039,6372.9637,265.5402,0.06221214,0.05972365,265.5402,6372.9637,0.05972365,265.5402,265.5402,331.9252,0.0000,0.0000,6372.9637,0.05972365,863.0055,826.361,5775.4984,5812.1429,0.05412456,0.05446797,0.00248849,83.7579,74.6859,5.2148,265.5402,16.3108,4268.3014,50.9200,,83.7579,52.3519,78.5279,109.939,141.1146,183.2317,261.7596,73.2927,0.0,2.333333,3.333333,1.066601,30,136,60,3,0E-8,0.06221214,,0E-8,0.000000,0.890988,0.000000,,2026-03-21,2026-06-26,25,407,206,98,0.255102,,,0.000000,,,,,,,,GLOBAL_BASELINE_NO_ENTITY_RANKING,,,NOT_APPLICABLE_GLOBAL_BASELINE,HF9g-P5,,,,X 全窗基线 · 不参与实体赏罚,14192176,1420,A168_HF9F_20260827_0900,2026-08-27 09:00:00
2026-06-26,112874672,-1,1,138.8638876745,-138.8638876745,-138.8638876745,0E-7,1,1,0.49324550000000000,0.493245500000,-0.9865810262130424,-0.9865810262130424,-0.9865810262130424,0E-17,SENTINEL_DEALER,R03b_20260811_FULL_v1,L1_ELIGIBILITY,v2026-08-11,2026-03-21..2026-08-06,baccarat_bet02_101_all_pairs_incl_sentinel,round_win = game_pnl > 0 (decisive only),COMPATIBILITY_ONLY_NOT_PRODUCTION,106707.5342,95075.1759,6638.5039,1274,1273,-0.06221214,,-0.06221214,-0.06221214,-6638.5039,106707.5342,OK,0.0000,265.5402,4.0000,96.0000,AG03-UNRESOLVED,ALL5_LEVELS_bet23_to_bet27,265.5402,265.5402,331.9252,0.0000,0.0000,4.000000,4.000000,5.000000,0.000000,0.000000,96.000000,96.000000,95.000000,100.000000,100.000000,5.0,863.0055,826.361,5775.4984,5812.1429,PENDING_AG03,FALSE,NOT_FOR_ENFORCEMENT,6372.9637,91272.1688,6638.5039,6372.9637,265.5402,0.06221214,0.05972365,265.5402,6372.9637,0.05972365,265.5402,265.5402,331.9252,0.0000,0.0000,6372.9637,0.05972365,863.0055,826.361,5775.4984,5812.1429,0.05412456,0.05446797,0.00248849,83.7579,74.6859,5.2148,265.5402,16.3108,4268.3014,50.9200,,83.7579,52.3519,78.5279,109.939,141.1146,183.2317,261.7596,73.2927,0.0,2.333333,3.333333,1.066601,30,136,60,3,0E-8,0.06221214,,0E-8,0.000000,0.890988,0.000000,,2026-03-21,2026-06-26,25,407,206,98,0.255102,,,0.000000,,,,,,,,GLOBAL_BASELINE_NO_ENTITY_RANKING,,,NOT_APPLICABLE_GLOBAL_BASELINE,HF9g-P5,,,,X 全窗基线 · 不参与实体赏罚,14192177,1420,A168_HF9F_20260827_0900,2026-08-27 09:00:00
2026-06-26,112874672,1384,0,108.0052459691,-108.0052459691,-108.0052459691,0E-7,1,1,0.50665070000000000,0.506650700000,-1.013391052207602,-1.013391052207602,-1.013391052207602,0E-17,ELIGIBLE,R03b_20260811_FULL_v1,L1_ELIGIBILITY,v2026-08-11,2026-03-21..2026-08-06,baccarat_bet02_101_all_pairs_incl_sentinel,round_win = game_pnl > 0 (decisive only),COMPATIBILITY_ONLY_NOT_PRODUCTION,106707.5342,95075.1759,6638.5039,1274,1273,-0.06221214,,-0.06221214,-0.06221214,-6638.5039,106707.5342,OK,0.0000,265.5402,4.0000,96.0000,AG03-UNRESOLVED,ALL5_LEVELS_bet23_to_bet27,265.5402,265.5402,331.9252,0.0000,0.0000,4.000000,4.000000,5.000000,0.000000,0.000000,96.000000,96.000000,95.000000,100.000000,100.000000,5.0,863.0055,826.361,5775.4984,5812.1429,PENDING_AG03,FALSE,NOT_FOR_ENFORCEMENT,6372.9637,91272.1688,6638.5039,6372.9637,265.5402,0.06221214,0.05972365,265.5402,6372.9637,0.05972365,265.5402,265.5402,331.9252,0.0000,0.0000,6372.9637,0.05972365,863.0055,826.361,5775.4984,5812.1429,0.05412456,0.05446797,0.00248849,83.7579,74.6859,5.2148,265.5402,16.3108,4268.3014,50.9200,,83.7579,52.3519,78.5279,109.939,141.1146,183.2317,261.7596,73.2927,0.0,2.333333,3.333333,1.066601,30,136,60,3,0E-8,0.06221214,,0E-8,0.000000,0.890988,0.000000,,2026-03-21,2026-06-26,25,407,206,98,0.255102,,,0.000000,,,,,,,,GLOBAL_BASELINE_NO_ENTITY_RANKING,,,NOT_APPLICABLE_GLOBAL_BASELINE,HF9g-P5,,,,X 全窗基线 · 不参与实体赏罚,14192178,1420,A168_HF9F_20260827_0900,2026-08-27 09:00:00
2026-03-22,129130207,2222,0,435.7777973415,44.0179593272,44.0179593272,0.6666667,12,3,0.42661141214801689,0.187662550000,0.8406807190281196,2.1249211973513655,0.8406807190281196,0.23894886214801689,ELIGIBLE,R03b_20260811_FULL_v1,L1_ELIGIBILITY,v2026-08-11,2026-03-21..2026-08-06,baccarat_bet02_101_all_pairs_incl_sentinel,round_win = game_pnl > 0 (decisive only),COMPATIBILITY_ONLY_NOT_PRODUCTION,406609.1881,379631.3579,6638.5409,8714,2252,-0.01632659,-0.04432358,-0.00421410,-0.01632659,-6638.5409,406609.1881,OK,0.0000,265.5416,4.0000,96.0000,AG03-UNRESOLVED,ALL5_LEVELS_bet23_to_bet27,265.5416,265.5416,298.7343,298.7343,298.7343,4.000000,4.000000,4.500000,4.500000,4.500000,96.000000,96.000000,95.500000,95.500000,95.500000,5.0,1427.2863,1309.7925,5211.2546,5328.7484,PENDING_AG03,FALSE,NOT_FOR_ENFORCEMENT,6372.9992,364446.1036,6638.5409,6372.9992,265.5416,0.01632659,0.01567352,265.5416,6372.9992,0.01567352,265.5416,265.5416,298.7343,298.7343,298.7343,6372.9992,0.01567352,1427.2863,1309.7925,5211.2546,5328.7484,0.01281637,0.01310533,0.00065306,46.6616,168.5752,2.9478,99.0827,12.5730,6068.7939,33.6119,44.8794,47.4773,8.4329,14.3073,34.3462,193.1745,204.3903,207.7145,14.3073,-10.2195,14.285714,14.518058,3.261379,29,153,76,7,0.30198559,0.01632659,0.04432358,0E-8,0.000000,0.933652,0.003213,-0.04010948,2026-03-22,2026-08-05,67,528,415,137,0.489051,0.945283,0.961806,1.006619,,,,,,,,GLOBAL_BASELINE_NO_ENTITY_RANKING,,,NOT_APPLICABLE_GLOBAL_BASELINE,HF9g-P5,,,,X 全窗基线 · 不参与实体赏罚,14192179,1420,A168_HF9F_20260827_0900,2026-08-27 09:00:00
2026-03-22,129130207,2229,0,264.1077559646,-40.9367021746,-40.9367021746,0.5000000,9,2,0.42052485690223267,0.218220845000,0.22768429476369823,0.9647920151554602,0.22768429476369823,0.20230401190223267,ELIGIBLE,R03b_20260811_FULL_v1,L1_ELIGIBILITY,v2026-08-11,2026-03-21..2026-08-06,baccarat_bet02_101_all_pairs_incl_sentinel,round_win = game_pnl > 0 (decisive only),COMPATIBILITY_ONLY_NOT_PRODUCTION,406609.1881,379631.3579,6638.5409,8714,2252,-0.01632659,-0.04432358,-0.00421410,-0.01632659,-6638.5409,406609.1881,OK,0.0000,265.5416,4.0000,96.0000,AG03-UNRESOLVED,ALL5_LEVELS_bet23_to_bet27,265.5416,265.5416,298.7343,298.7343,298.7343,4.000000,4.000000,4.500000,4.500000,4.500000,96.000000,96.000000,95.500000,95.500000,95.500000,5.0,1427.2863,1309.7925,5211.2546,5328.7484,PENDING_AG03,FALSE,NOT_FOR_ENFORCEMENT,6372.9992,364446.1036,6638.5409,6372.9992,265.5416,0.01632659,0.01567352,265.5416,6372.9992,0.01567352,265.5416,265.5416,298.7343,298.7343,298.7343,6372.9992,0.01567352,1427.2863,1309.7925,5211.2546,5328.7484,0.01281637,0.01310533,0.00065306,46.6616,168.5752,2.9478,99.0827,12.5730,6068.7939,33.6119,44.8794,47.4773,8.4329,14.3073,34.3462,193.1745,204.3903,207.7145,14.3073,-10.2195,14.285714,14.518058,3.261379,29,153,76,7,0.30198559,0.01632659,0.04432358,0E-8,0.000000,0.933652,0.003213,-0.04010948,2026-03-22,2026-08-05,67,528,415,137,0.489051,0.945283,0.961806,1.006619,,,,,,,,GLOBAL_BASELINE_NO_ENTITY_RANKING,,,NOT_APPLICABLE_GLOBAL_BASELINE,HF9g-P5,,,,X 全窗基线 · 不参与实体赏罚,14192180,1420,A168_HF9F_20260827_0900,2026-08-27 09:00:00
2026-03-23,129130207,-1,1,245.1800334536,-22.0089796636,-22.0089796636,0.6666667,12,3,0.40140002055570888,0.187662550000,0.9373164301432976,2.1249211973513655,0.9373164301432976,0.21373747055570888,SENTINEL_DEALER,R03b_20260811_FULL_v1,L1_ELIGIBILITY,v2026-08-11,2026-03-21..2026-08-06,baccarat_bet02_101_all_pairs_incl_sentinel,round_win = game_pnl > 0 (decisive only),COMPATIBILITY_ONLY_NOT_PRODUCTION,406609.1881,379631.3579,6638.5409,8714,2252,-0.01632659,-0.04432358,-0.00421410,-0.01632659,-6638.5409,406609.1881,OK,0.0000,265.5416,4.0000,96.0000,AG03-UNRESOLVED,ALL5_LEVELS_bet23_to_bet27,265.5416,265.5416,298.7343,298.7343,298.7343,4.000000,4.000000,4.500000,4.500000,4.500000,96.000000,96.000000,95.500000,95.500000,95.500000,5.0,1427.2863,1309.7925,5211.2546,5328.7484,PENDING_AG03,FALSE,NOT_FOR_ENFORCEMENT,6372.9992,364446.1036,6638.5409,6372.9992,265.5416,0.01632659,0.01567352,265.5416,6372.9992,0.01567352,265.5416,265.5416,298.7343,298.7343,298.7343,6372.9992,0.01567352,1427.2863,1309.7925,5211.2546,5328.7484,0.01281637,0.01310533,0.00065306,46.6616,168.5752,2.9478,99.0827,12.5730,6068.7939,33.6119,44.8794,47.4773,8.4329,14.3073,34.3462,193.1745,204.3903,207.7145,14.3073,-10.2195,14.285714,14.518058,3.261379,29,153,76,7,0.30198559,0.01632659,0.04432358,0E-8,0.000000,0.933652,0.003213,-0.04010948,2026-03-22,2026-08-05,67,528,415,137,0.489051,0.945283,0.961806,1.006619,,,,,,,,GLOBAL_BASELINE_NO_ENTITY_RANKING,,,NOT_APPLICABLE_GLOBAL_BASELINE,HF9g-P5,,,,X 全窗基线 · 不参与实体赏罚,14192181,1420,A168_HF9F_20260827_0900,2026-08-27 09:00:00
2026-03-25,129130207,2093,0,426.9742054761,-264.1077559647,-264.1077559647,0.3333333,12,3,0.40892275129968224,0.184311250000,-0.26630472372286224,0.6656916345198051,-0.26630472372286224,0.22461150129968224,ELIGIBLE,R03b_20260811_FULL_v1,L1_ELIGIBILITY,v2026-08-11,2026-03-21..2026-08-06,baccarat_bet02_101_all_pairs_incl_sentinel,round_win = game_pnl > 0 (decisive only),COMPATIBILITY_ONLY_NOT_PRODUCTION,406609.1881,379631.3579,6638.5409,8714,2252,-0.01632659,-0.04432358,-0.00421410,-0.01632659,-6638.5409,406609.1881,OK,0.0000,265.5416,4.0000,96.0000,AG03-UNRESOLVED,ALL5_LEVELS_bet23_to_bet27,265.5416,265.5416,298.7343,298.7343,298.7343,4.000000,4.000000,4.500000,4.500000,4.500000,96.000000,96.000000,95.500000,95.500000,95.500000,5.0,1427.2863,1309.7925,5211.2546,5328.7484,PENDING_AG03,FALSE,NOT_FOR_ENFORCEMENT,6372.9992,364446.1036,6638.5409,6372.9992,265.5416,0.01632659,0.01567352,265.5416,6372.9992,0.01567352,265.5416,265.5416,298.7343,298.7343,298.7343,6372.9992,0.01567352,1427.2863,1309.7925,5211.2546,5328.7484,0.01281637,0.01310533,0.00065306,46.6616,168.5752,2.9478,99.0827,12.5730,6068.7939,33.6119,44.8794,47.4773,8.4329,14.3073,34.3462,193.1745,204.3903,207.7145,14.3073,-10.2195,14.285714,14.518058,3.261379,29,153,76,7,0.30198559,0.01632659,0.04432358,0E-8,0.000000,0.933652,0.003213,-0.04010948,2026-03-22,2026-08-05,67,528,415,137,0.489051,0.945283,0.961806,1.006619,,,,,,,,GLOBAL_BASELINE_NO_ENTITY_RANKING,,,NOT_APPLICABLE_GLOBAL_BASELINE,HF9g-P5,,,,X 全窗基线 · 不参与实体赏罚,14192182,1420,A168_HF9F_20260827_0900,2026-08-27 09:00:00
2026-03-26,129130207,1017,0,88.4760982479,-88.4760982479,-88.4760982479,0E-7,6,3,0.45939319629653487,0.400321316667,-1.596658926122694,-1.4151604409430067,-1.596658926122694,0.05907187962953487,ELIGIBLE,R03b_20260811_FULL_v1,L1_ELIGIBILITY,v2026-08-11,2026-03-21..2026-08-06,baccarat_bet02_101_all_pairs_incl_sentinel,round_win = game_pnl > 0 (decisive only),COMPATIBILITY_ONLY_NOT_PRODUCTION,406609.1881,379631.3579,6638.5409,8714,2252,-0.01632659,-0.04432358,-0.00421410,-0.01632659,-6638.5409,406609.1881,OK,0.0000,265.5416,4.0000,96.0000,AG03-UNRESOLVED,ALL5_LEVELS_bet23_to_bet27,265.5416,265.5416,298.7343,298.7343,298.7343,4.000000,4.000000,4.500000,4.500000,4.500000,96.000000,96.000000,95.500000,95.500000,95.500000,5.0,1427.2863,1309.7925,5211.2546,5328.7484,PENDING_AG03,FALSE,NOT_FOR_ENFORCEMENT,6372.9992,364446.1036,6638.5409,6372.9992,265.5416,0.01632659,0.01567352,265.5416,6372.9992,0.01567352,265.5416,265.5416,298.7343,298.7343,298.7343,6372.9992,0.01567352,1427.2863,1309.7925,5211.2546,5328.7484,0.01281637,0.01310533,0.00065306,46.6616,168.5752,2.9478,99.0827,12.5730,6068.7939,33.6119,44.8794,47.4773,8.4329,14.3073,34.3462,193.1745,204.3903,207.7145,14.3073,-10.2195,14.285714,14.518058,3.261379,29,153,76,7,0.30198559,0.01632659,0.04432358,0E-8,0.000000,0.933652,0.003213,-0.04010948,2026-03-22,2026-08-05,67,528,415,137,0.489051,0.945283,0.961806,1.006619,,,,,,,,GLOBAL_BASELINE_NO_ENTITY_RANKING,,,NOT_APPLICABLE_GLOBAL_BASELINE,HF9g-P5,,,,X 全窗基线 · 不参与实体赏罚,14192183,1420,A168_HF9F_20260827_0900,2026-08-27 09:00:00
2026-03-27,129130207,1383,0,101.2413064529,-101.2413064529,-101.2413064529,0E-7,4,1,0.45117450000043837,0.187662550000,-0.9066822882167088,-0.48064072822218945,-0.9066822882167088,0.26351195000043837,ELIGIBLE,R03b_20260811_FULL_v1,L1_ELIGIBILITY,v2026-08-11,2026-03-21..2026-08-06,baccarat_bet02_101_all_pairs_incl_sentinel,round_win = game_pnl > 0 (decisive only),COMPATIBILITY_ONLY_NOT_PRODUCTION,406609.1881,379631.3579,6638.5409,8714,2252,-0.01632659,-0.04432358,-0.00421410,-0.01632659,-6638.5409,406609.1881,OK,0.0000,265.5416,4.0000,96.0000,AG03-UNRESOLVED,ALL5_LEVELS_bet23_to_bet27,265.5416,265.5416,298.7343,298.7343,298.7343,4.000000,4.000000,4.500000,4.500000,4.500000,96.000000,96.000000,95.500000,95.500000,95.500000,5.0,1427.2863,1309.7925,5211.2546,5328.7484,PENDING_AG03,FALSE,NOT_FOR_ENFORCEMENT,6372.9992,364446.1036,6638.5409,6372.9992,265.5416,0.01632659,0.01567352,265.5416,6372.9992,0.01567352,265.5416,265.5416,298.7343,298.7343,298.7343,6372.9992,0.01567352,1427.2863,1309.7925,5211.2546,5328.7484,0.01281637,0.01310533,0.00065306,46.6616,168.5752,2.9478,99.0827,12.5730,6068.7939,33.6119,44.8794,47.4773,8.4329,14.3073,34.3462,193.1745,204.3903,207.7145,14.3073,-10.2195,14.285714,14.518058,3.261379,29,153,76,7,0.30198559,0.01632659,0.04432358,0E-8,0.000000,0.933652,0.003213,-0.04010948,2026-03-22,2026-08-05,67,528,415,137,0.489051,0.945283,0.961806,1.006619,,,,,,,,GLOBAL_BASELINE_NO_ENTITY_RANKING,,,NOT_APPLICABLE_GLOBAL_BASELINE,HF9g-P5,,,,X 全窗基线 · 不参与实体赏罚,14192184,1420,A168_HF9F_20260827_0900,2026-08-27 09:00:00
2026-03-27,129130207,1957,0,40.7166123777,-40.7166123777,-40.7166123777,0E-7,4,1,0.36870987837914064,0.187662550000,-0.7642367007091,-0.48064072822218945,-0.7642367007091,0.18104732837914064,ELIGIBLE,R03b_20260811_FULL_v1,L1_ELIGIBILITY,v2026-08-11,2026-03-21..2026-08-06,baccarat_bet02_101_all_pairs_incl_sentinel,round_win = game_pnl > 0 (decisive only),COMPATIBILITY_ONLY_NOT_PRODUCTION,406609.1881,379631.3579,6638.5409,8714,2252,-0.01632659,-0.04432358,-0.00421410,-0.01632659,-6638.5409,406609.1881,OK,0.0000,265.5416,4.0000,96.0000,AG03-UNRESOLVED,ALL5_LEVELS_bet23_to_bet27,265.5416,265.5416,298.7343,298.7343,298.7343,4.000000,4.000000,4.500000,4.500000,4.500000,96.000000,96.000000,95.500000,95.500000,95.500000,5.0,1427.2863,1309.7925,5211.2546,5328.7484,PENDING_AG03,FALSE,NOT_FOR_ENFORCEMENT,6372.9992,364446.1036,6638.5409,6372.9992,265.5416,0.01632659,0.01567352,265.5416,6372.9992,0.01567352,265.5416,265.5416,298.7343,298.7343,298.7343,6372.9992,0.01567352,1427.2863,1309.7925,5211.2546,5328.7484,0.01281637,0.01310533,0.00065306,46.6616,168.5752,2.9478,99.0827,12.5730,6068.7939,33.6119,44.8794,47.4773,8.4329,14.3073,34.3462,193.1745,204.3903,207.7145,14.3073,-10.2195,14.285714,14.518058,3.261379,29,153,76,7,0.30198559,0.01632659,0.04432358,0E-8,0.000000,0.933652,0.003213,-0.04010948,2026-03-22,2026-08-05,67,528,415,137,0.489051,0.945283,0.961806,1.006619,,,,,,,,GLOBAL_BASELINE_NO_ENTITY_RANKING,,,NOT_APPLICABLE_GLOBAL_BASELINE,HF9g-P5,,,,X 全窗基线 · 不参与实体赏罚,14192185,1420,A168_HF9F_20260827_0900,2026-08-27 09:00:00
2026-03-27,129130207,2134,0,101.2413064529,-48.4197552601,-48.4197552601,0E-7,5,2,0.47120757222249062,0.347156625000,-1.3349915430317876,-1.0312719989751231,-1.3349915430317876,0.12405094722249062,ELIGIBLE,R03b_20260811_FULL_v1,L1_ELIGIBILITY,v2026-08-11,2026-03-21..2026-08-06,baccarat_bet02_101_all_pairs_incl_sentinel,round_win = game_pnl > 0 (decisive only),COMPATIBILITY_ONLY_NOT_PRODUCTION,406609.1881,379631.3579,6638.5409,8714,2252,-0.01632659,-0.04432358,-0.00421410,-0.01632659,-6638.5409,406609.1881,OK,0.0000,265.5416,4.0000,96.0000,AG03-UNRESOLVED,ALL5_LEVELS_bet23_to_bet27,265.5416,265.5416,298.7343,298.7343,298.7343,4.000000,4.000000,4.500000,4.500000,4.500000,96.000000,96.000000,95.500000,95.500000,95.500000,5.0,1427.2863,1309.7925,5211.2546,5328.7484,PENDING_AG03,FALSE,NOT_FOR_ENFORCEMENT,6372.9992,364446.1036,6638.5409,6372.9992,265.5416,0.01632659,0.01567352,265.5416,6372.9992,0.01567352,265.5416,265.5416,298.7343,298.7343,298.7343,6372.9992,0.01567352,1427.2863,1309.7925,5211.2546,5328.7484,0.01281637,0.01310533,0.00065306,46.6616,168.5752,2.9478,99.0827,12.5730,6068.7939,33.6119,44.8794,47.4773,8.4329,14.3073,34.3462,193.1745,204.3903,207.7145,14.3073,-10.2195,14.285714,14.518058,3.261379,29,153,76,7,0.30198559,0.01632659,0.04432358,0E-8,0.000000,0.933652,0.003213,-0.04010948,2026-03-22,2026-08-05,67,528,415,137,0.489051,0.945283,0.961806,1.006619,,,,,,,,GLOBAL_BASELINE_NO_ENTITY_RANKING,,,NOT_APPLICABLE_GLOBAL_BASELINE,HF9g-P5,,,,X 全窗基线 · 不参与实体赏罚,14192186,1420,A168_HF9F_20260827_0900,2026-08-27 09:00:00
2026-03-27,129130207,2209,0,323.5320010560,95.7390615373,95.7390615373,0.5000000,16,4,0.42840481446405243,0.187662550000,0.2893625760362369,1.5999153738352345,0.2893625760362369,0.24074226446405243,ELIGIBLE,R03b_20260811_FULL_v1,L1_ELIGIBILITY,v2026-08-11,2026-03-21..2026-08-06,baccarat_bet02_101_all_pairs_incl_sentinel,round_win = game_pnl > 0 (decisive only),COMPATIBILITY_ONLY_NOT_PRODUCTION,406609.1881,379631.3579,6638.5409,8714,2252,-0.01632659,-0.04432358,-0.00421410,-0.01632659,-6638.5409,406609.1881,OK,0.0000,265.5416,4.0000,96.0000,AG03-UNRESOLVED,ALL5_LEVELS_bet23_to_bet27,265.5416,265.5416,298.7343,298.7343,298.7343,4.000000,4.000000,4.500000,4.500000,4.500000,96.000000,96.000000,95.500000,95.500000,95.500000,5.0,1427.2863,1309.7925,5211.2546,5328.7484,PENDING_AG03,FALSE,NOT_FOR_ENFORCEMENT,6372.9992,364446.1036,6638.5409,6372.9992,265.5416,0.01632659,0.01567352,265.5416,6372.9992,0.01567352,265.5416,265.5416,298.7343,298.7343,298.7343,6372.9992,0.01567352,1427.2863,1309.7925,5211.2546,5328.7484,0.01281637,0.01310533,0.00065306,46.6616,168.5752,2.9478,99.0827,12.5730,6068.7939,33.6119,44.8794,47.4773,8.4329,14.3073,34.3462,193.1745,204.3903,207.7145,14.3073,-10.2195,14.285714,14.518058,3.261379,29,153,76,7,0.30198559,0.01632659,0.04432358,0E-8,0.000000,0.933652,0.003213,-0.04010948,2026-03-22,2026-08-05,67,528,415,137,0.489051,0.945283,0.961806,1.006619,,,,,,,,GLOBAL_BASELINE_NO_ENTITY_RANKING,,,NOT_APPLICABLE_GLOBAL_BASELINE,HF9g-P5,,,,X 全窗基线 · 不参与实体赏罚,14192187,1420,A168_HF9F_20260827_0900,2026-08-27 09:00:00
2026-03-31,129130207,-1,1,1160.8588369064,-360.9424710290,-360.9424710290,0.5000000,46,13,0.43300072625518376,0.236479857692,0.4684089173885271,2.1483108032543514,0.4684089173885271,0.19652086856318376,SENTINEL_DEALER,R03b_20260811_FULL_v1,L1_ELIGIBILITY,v2026-08-11,2026-03-21..2026-08-06,baccarat_bet02_101_all_pairs_incl_sentinel,round_win = game_pnl > 0 (decisive only),COMPATIBILITY_ONLY_NOT_PRODUCTION,406609.1881,379631.3579,6638.5409,8714,2252,-0.01632659,-0.04432358,-0.00421410,-0.01632659,-6638.5409,406609.1881,OK,0.0000,265.5416,4.0000,96.0000,AG03-UNRESOLVED,ALL5_LEVELS_bet23_to_bet27,265.5416,265.5416,298.7343,298.7343,298.7343,4.000000,4.000000,4.500000,4.500000,4.500000,96.000000,96.000000,95.500000,95.500000,95.500000,5.0,1427.2863,1309.7925,5211.2546,5328.7484,PENDING_AG03,FALSE,NOT_FOR_ENFORCEMENT,6372.9992,364446.1036,6638.5409,6372.9992,265.5416,0.01632659,0.01567352,265.5416,6372.9992,0.01567352,265.5416,265.5416,298.7343,298.7343,298.7343,6372.9992,0.01567352,1427.2863,1309.7925,5211.2546,5328.7484,0.01281637,0.01310533,0.00065306,46.6616,168.5752,2.9478,99.0827,12.5730,6068.7939,33.6119,44.8794,47.4773,8.4329,14.3073,34.3462,193.1745,204.3903,207.7145,14.3073,-10.2195,14.285714,14.518058,3.261379,29,153,76,7,0.30198559,0.01632659,0.04432358,0E-8,0.000000,0.933652,0.003213,-0.04010948,2026-03-22,2026-08-05,67,528,415,137,0.489051,0.945283,0.961806,1.006619,,,,,,,,GLOBAL_BASELINE_NO_ENTITY_RANKING,,,NOT_APPLICABLE_GLOBAL_BASELINE,HF9g-P5,,,,X 全窗基线 · 不参与实体赏罚,14192188,1420,A168_HF9F_20260827_0900,2026-08-27 09:00:00
2026-03-31,129130207,1402,0,232.7493517173,-90.4433622163,-90.4433622163,0.3333333,12,3,0.40040374254514071,0.187662550000,-0.23708990500891416,0.6462135179418145,-0.23708990500891416,0.21274119254514071,ELIGIBLE,R03b_20260811_FULL_v1,L1_ELIGIBILITY,v2026-08-11,2026-03-21..2026-08-06,baccarat_bet02_101_all_pairs_incl_sentinel,round_win = game_pnl > 0 (decisive only),COMPATIBILITY_ONLY_NOT_PRODUCTION,406609.1881,379631.3579,6638.5409,8714,2252,-0.01632659,-0.04432358,-0.00421410,-0.01632659,-6638.5409,406609.1881,OK,0.0000,265.5416,4.0000,96.0000,AG03-UNRESOLVED,ALL5_LEVELS_bet23_to_bet27,265.5416,265.5416,298.7343,298.7343,298.7343,4.000000,4.000000,4.500000,4.500000,4.500000,96.000000,96.000000,95.500000,95.500000,95.500000,5.0,1427.2863,1309.7925,5211.2546,5328.7484,PENDING_AG03,FALSE,NOT_FOR_ENFORCEMENT,6372.9992,364446.1036,6638.5409,6372.9992,265.5416,0.01632659,0.01567352,265.5416,6372.9992,0.01567352,265.5416,265.5416,298.7343,298.7343,298.7343,6372.9992,0.01567352,1427.2863,1309.7925,5211.2546,5328.7484,0.01281637,0.01310533,0.00065306,46.6616,168.5752,2.9478,99.0827,12.5730,6068.7939,33.6119,44.8794,47.4773,8.4329,14.3073,34.3462,193.1745,204.3903,207.7145,14.3073,-10.2195,14.285714,14.518058,3.261379,29,153,76,7,0.30198559,0.01632659,0.04432358,0E-8,0.000000,0.933652,0.003213,-0.04010948,2026-03-22,2026-08-05,67,528,415,137,0.489051,0.945283,0.961806,1.006619,,,,,,,,GLOBAL_BASELINE_NO_ENTITY_RANKING,,,NOT_APPLICABLE_GLOBAL_BASELINE,HF9g-P5,,,,X 全窗基线 · 不参与实体赏罚,14192189,1420,A168_HF9F_20260827_0900,2026-08-27 09:00:00
2026-03-31,129130207,1505,0,66.0269389910,79.2323267893,79.2323267893,1.0000000,4,1,0.42158719333397749,0.187662550000,1.1713191541488461,2.080556102057424,1.1713191541488461,0.23392464333397749,ELIGIBLE,R03b_20260811_FULL_v1,L1_ELIGIBILITY,v2026-08-11,2026-03-21..2026-08-06,baccarat_bet02_101_all_pairs_incl_sentinel,round_win = game_pnl > 0 (decisive only),COMPATIBILITY_ONLY_NOT_PRODUCTION,406609.1881,379631.3579,6638.5409,8714,2252,-0.01632659,-0.04432358,-0.00421410,-0.01632659,-6638.5409,406609.1881,OK,0.0000,265.5416,4.0000,96.0000,AG03-UNRESOLVED,ALL5_LEVELS_bet23_to_bet27,265.5416,265.5416,298.7343,298.7343,298.7343,4.000000,4.000000,4.500000,4.500000,4.500000,96.000000,96.000000,95.500000,95.500000,95.500000,5.0,1427.2863,1309.7925,5211.2546,5328.7484,PENDING_AG03,FALSE,NOT_FOR_ENFORCEMENT,6372.9992,364446.1036,6638.5409,6372.9992,265.5416,0.01632659,0.01567352,265.5416,6372.9992,0.01567352,265.5416,265.5416,298.7343,298.7343,298.7343,6372.9992,0.01567352,1427.2863,1309.7925,5211.2546,5328.7484,0.01281637,0.01310533,0.00065306,46.6616,168.5752,2.9478,99.0827,12.5730,6068.7939,33.6119,44.8794,47.4773,8.4329,14.3073,34.3462,193.1745,204.3903,207.7145,14.3073,-10.2195,14.285714,14.518058,3.261379,29,153,76,7,0.30198559,0.01632659,0.04432358,0E-8,0.000000,0.933652,0.003213,-0.04010948,2026-03-22,2026-08-05,67,528,415,137,0.489051,0.945283,0.961806,1.006619,,,,,,,,GLOBAL_BASELINE_NO_ENTITY_RANKING,,,NOT_APPLICABLE_GLOBAL_BASELINE,HF9g-P5,,,,X 全窗基线 · 不参与实体赏罚,14192190,1420,A168_HF9F_20260827_0900,2026-08-27 09:00:00
2026-03-31,129130207,2103,0,1764.3834461245,17.7197309884,17.7197309884,0.6153846,52,13,0.42534170378459818,0.186889173077,1.3859562715671003,3.9632451779320297,1.3859562715671003,0.23845253070759818,ELIGIBLE,R03b_20260811_FULL_v1,L1_ELIGIBILITY,v2026-08-11,2026-03-21..2026-08-06,baccarat_bet02_101_all_pairs_incl_sentinel,round_win = game_pnl > 0 (decisive only),COMPATIBILITY_ONLY_NOT_PRODUCTION,406609.1881,379631.3579,6638.5409,8714,2252,-0.01632659,-0.04432358,-0.00421410,-0.01632659,-6638.5409,406609.1881,OK,0.0000,265.5416,4.0000,96.0000,AG03-UNRESOLVED,ALL5_LEVELS_bet23_to_bet27,265.5416,265.5416,298.7343,298.7343,298.7343,4.000000,4.000000,4.500000,4.500000,4.500000,96.000000,96.000000,95.500000,95.500000,95.500000,5.0,1427.2863,1309.7925,5211.2546,5328.7484,PENDING_AG03,FALSE,NOT_FOR_ENFORCEMENT,6372.9992,364446.1036,6638.5409,6372.9992,265.5416,0.01632659,0.01567352,265.5416,6372.9992,0.01567352,265.5416,265.5416,298.7343,298.7343,298.7343,6372.9992,0.01567352,1427.2863,1309.7925,5211.2546,5328.7484,0.01281637,0.01310533,0.00065306,46.6616,168.5752,2.9478,99.0827,12.5730,6068.7939,33.6119,44.8794,47.4773,8.4329,14.3073,34.3462,193.1745,204.3903,207.7145,14.3073,-10.2195,14.285714,14.518058,3.261379,29,153,76,7,0.30198559,0.01632659,0.04432358,0E-8,0.000000,0.933652,0.003213,-0.04010948,2026-03-22,2026-08-05,67,528,415,137,0.489051,0.945283,0.961806,1.006619,,,,,,,,GLOBAL_BASELINE_NO_ENTITY_RANKING,,,NOT_APPLICABLE_GLOBAL_BASELINE,HF9g-P5,,,,X 全窗基线 · 不参与实体赏罚,14192191,1420,A168_HF9F_20260827_0900,2026-08-27 09:00:00
2026-03-31,129130207,2127,0,22.0089796637,20.9085306805,20.9085306805,1.0000000,1,1,0.50665070000000000,0.506650700000,0.9867858985152569,0.9867858985152569,0.9867858985152569,0E-17,ELIGIBLE,R03b_20260811_FULL_v1,L1_ELIGIBILITY,v2026-08-11,2026-03-21..2026-08-06,baccarat_bet02_101_all_pairs_incl_sentinel,round_win = game_pnl > 0 (decisive only),COMPATIBILITY_ONLY_NOT_PRODUCTION,406609.1881,379631.3579,6638.5409,8714,2252,-0.01632659,-0.04432358,-0.00421410,-0.01632659,-6638.5409,406609.1881,OK,0.0000,265.5416,4.0000,96.0000,AG03-UNRESOLVED,ALL5_LEVELS_bet23_to_bet27,265.5416,265.5416,298.7343,298.7343,298.7343,4.000000,4.000000,4.500000,4.500000,4.500000,96.000000,96.000000,95.500000,95.500000,95.500000,5.0,1427.2863,1309.7925,5211.2546,5328.7484,PENDING_AG03,FALSE,NOT_FOR_ENFORCEMENT,6372.9992,364446.1036,6638.5409,6372.9992,265.5416,0.01632659,0.01567352,265.5416,6372.9992,0.01567352,265.5416,265.5416,298.7343,298.7343,298.7343,6372.9992,0.01567352,1427.2863,1309.7925,5211.2546,5328.7484,0.01281637,0.01310533,0.00065306,46.6616,168.5752,2.9478,99.0827,12.5730,6068.7939,33.6119,44.8794,47.4773,8.4329,14.3073,34.3462,193.1745,204.3903,207.7145,14.3073,-10.2195,14.285714,14.518058,3.261379,29,153,76,7,0.30198559,0.01632659,0.04432358,0E-8,0.000000,0.933652,0.003213,-0.04010948,2026-03-22,2026-08-05,67,528,415,137,0.489051,0.945283,0.961806,1.006619,,,,,,,,GLOBAL_BASELINE_NO_ENTITY_RANKING,,,NOT_APPLICABLE_GLOBAL_BASELINE,HF9g-P5,,,,X 全窗基线 · 不参与实体赏罚,14192192,1420,A168_HF9F_20260827_0900,2026-08-27 09:00:00
2026-03-31,129130207,2196,0,79.2323267892,-79.2323267892,-79.2323267892,0E-7,4,1,0.43576444444498124,0.187662550000,-0.8788113775734341,-0.48064072822218945,-0.8788113775734341,0.24810189444498124,ELIGIBLE,R03b_20260811_FULL_v1,L1_ELIGIBILITY,v2026-08-11,2026-03-21..2026-08-06,baccarat_bet02_101_all_pairs_incl_sentinel,round_win = game_pnl > 0 (decisive only),COMPATIBILITY_ONLY_NOT_PRODUCTION,406609.1881,379631.3579,6638.5409,8714,2252,-0.01632659,-0.04432358,-0.00421410,-0.01632659,-6638.5409,406609.1881,OK,0.0000,265.5416,4.0000,96.0000,AG03-UNRESOLVED,ALL5_LEVELS_bet23_to_bet27,265.5416,265.5416,298.7343,298.7343,298.7343,4.000000,4.000000,4.500000,4.500000,4.500000,96.000000,96.000000,95.500000,95.500000,95.500000,5.0,1427.2863,1309.7925,5211.2546,5328.7484,PENDING_AG03,FALSE,NOT_FOR_ENFORCEMENT,6372.9992,364446.1036,6638.5409,6372.9992,265.5416,0.01632659,0.01567352,265.5416,6372.9992,0.01567352,265.5416,265.5416,298.7343,298.7343,298.7343,6372.9992,0.01567352,1427.2863,1309.7925,5211.2546,5328.7484,0.01281637,0.01310533,0.00065306,46.6616,168.5752,2.9478,99.0827,12.5730,6068.7939,33.6119,44.8794,47.4773,8.4329,14.3073,34.3462,193.1745,204.3903,207.7145,14.3073,-10.2195,14.285714,14.518058,3.261379,29,153,76,7,0.30198559,0.01632659,0.04432358,0E-8,0.000000,0.933652,0.003213,-0.04010948,2026-03-22,2026-08-05,67,528,415,137,0.489051,0.945283,0.961806,1.006619,,,,,,,,GLOBAL_BASELINE_NO_ENTITY_RANKING,,,NOT_APPLICABLE_GLOBAL_BASELINE,HF9g-P5,,,,X 全窗基线 · 不参与实体赏罚,14192193,1420,A168_HF9F_20260827_0900,2026-08-27 09:00:00
2026-03-31,129130207,789,0,109.6283178378,54.8141589188,54.8141589188,1.0000000,4,1,0.40850049999982094,0.187662550000,1.203319334115991,2.080556102057424,1.203319334115991,0.22083794999982094,ELIGIBLE,R03b_20260811_FULL_v1,L1_ELIGIBILITY,v2026-08-11,2026-03-21..2026-08-06,baccarat_bet02_101_all_pairs_incl_sentinel,round_win = game_pnl > 0 (decisive only),COMPATIBILITY_ONLY_NOT_PRODUCTION,406609.1881,379631.3579,6638.5409,8714,2252,-0.01632659,-0.04432358,-0.00421410,-0.01632659,-6638.5409,406609.1881,OK,0.0000,265.5416,4.0000,96.0000,AG03-UNRESOLVED,ALL5_LEVELS_bet23_to_bet27,265.5416,265.5416,298.7343,298.7343,298.7343,4.000000,4.000000,4.500000,4.500000,4.500000,96.000000,96.000000,95.500000,95.500000,95.500000,5.0,1427.2863,1309.7925,5211.2546,5328.7484,PENDING_AG03,FALSE,NOT_FOR_ENFORCEMENT,6372.9992,364446.1036,6638.5409,6372.9992,265.5416,0.01632659,0.01567352,265.5416,6372.9992,0.01567352,265.5416,265.5416,298.7343,298.7343,298.7343,6372.9992,0.01567352,1427.2863,1309.7925,5211.2546,5328.7484,0.01281637,0.01310533,0.00065306,46.6616,168.5752,2.9478,99.0827,12.5730,6068.7939,33.6119,44.8794,47.4773,8.4329,14.3073,34.3462,193.1745,204.3903,207.7145,14.3073,-10.2195,14.285714,14.518058,3.261379,29,153,76,7,0.30198559,0.01632659,0.04432358,0E-8,0.000000,0.933652,0.003213,-0.04010948,2026-03-22,2026-08-05,67,528,415,137,0.489051,0.945283,0.961806,1.006619,,,,,,,,GLOBAL_BASELINE_NO_ENTITY_RANKING,,,NOT_APPLICABLE_GLOBAL_BASELINE,HF9g-P5,,,,X 全窗基线 · 不参与实体赏罚,14192194,1420,A168_HF9F_20260827_0900,2026-08-27 09:00:00
2026-04-01,129130207,1017,0,366.2007463160,-94.8706596674,-94.8706596674,0.4000000,17,5,0.44369029323800456,0.251460180000,-0.19663991556411936,0.7655716280980137,-0.19663991556411936,0.19223011323800456,ELIGIBLE,R03b_20260811_FULL_v1,L1_ELIGIBILITY,v2026-08-11,2026-03-21..2026-08-06,baccarat_bet02_101_all_pairs_incl_sentinel,round_win = game_pnl > 0 (decisive only),COMPATIBILITY_ONLY_NOT_PRODUCTION,406609.1881,379631.3579,6638.5409,8714,2252,-0.01632659,-0.04432358,-0.00421410,-0.01632659,-6638.5409,406609.1881,OK,0.0000,265.5416,4.0000,96.0000,AG03-UNRESOLVED,ALL5_LEVELS_bet23_to_bet27,265.5416,265.5416,298.7343,298.7343,298.7343,4.000000,4.000000,4.500000,4.500000,4.500000,96.000000,96.000000,95.500000,95.500000,95.500000,5.0,1427.2863,1309.7925,5211.2546,5328.7484,PENDING_AG03,FALSE,NOT_FOR_ENFORCEMENT,6372.9992,364446.1036,6638.5409,6372.9992,265.5416,0.01632659,0.01567352,265.5416,6372.9992,0.01567352,265.5416,265.5416,298.7343,298.7343,298.7343,6372.9992,0.01567352,1427.2863,1309.7925,5211.2546,5328.7484,0.01281637,0.01310533,0.00065306,46.6616,168.5752,2.9478,99.0827,12.5730,6068.7939,33.6119,44.8794,47.4773,8.4329,14.3073,34.3462,193.1745,204.3903,207.7145,14.3073,-10.2195,14.285714,14.518058,3.261379,29,153,76,7,0.30198559,0.01632659,0.04432358,0E-8,0.000000,0.933652,0.003213,-0.04010948,2026-03-22,2026-08-05,67,528,415,137,0.489051,0.945283,0.961806,1.006619,,,,,,,,GLOBAL_BASELINE_NO_ENTITY_RANKING,,,NOT_APPLICABLE_GLOBAL_BASELINE,HF9g-P5,,,,X 全窗基线 · 不参与实体赏罚,14192195,1420,A168_HF9F_20260827_0900,2026-08-27 09:00:00
2026-04-01,129130207,1382,0,219.2566356756,-118.0612653638,-118.0612653638,0E-7,8,2,0.40850049999982094,0.187662550000,-1.1752604003591745,-0.6797286364807011,-1.1752604003591745,0.22083794999982094,ELIGIBLE,R03b_20260811_FULL_v1,L1_ELIGIBILITY,v2026-08-11,2026-03-21..2026-08-06,baccarat_bet02_101_all_pairs_incl_sentinel,round_win = game_pnl > 0 (decisive only),COMPATIBILITY_ONLY_NOT_PRODUCTION,406609.1881,379631.3579,6638.5409,8714,2252,-0.01632659,-0.04432358,-0.00421410,-0.01632659,-6638.5409,406609.1881,OK,0.0000,265.5416,4.0000,96.0000,AG03-UNRESOLVED,ALL5_LEVELS_bet23_to_bet27,265.5416,265.5416,298.7343,298.7343,298.7343,4.000000,4.000000,4.500000,4.500000,4.500000,96.000000,96.000000,95.500000,95.500000,95.500000,5.0,1427.2863,1309.7925,5211.2546,5328.7484,PENDING_AG03,FALSE,NOT_FOR_ENFORCEMENT,6372.9992,364446.1036,6638.5409,6372.9992,265.5416,0.01632659,0.01567352,265.5416,6372.9992,0.01567352,265.5416,265.5416,298.7343,298.7343,298.7343,6372.9992,0.01567352,1427.2863,1309.7925,5211.2546,5328.7484,0.01281637,0.01310533,0.00065306,46.6616,168.5752,2.9478,99.0827,12.5730,6068.7939,33.6119,44.8794,47.4773,8.4329,14.3073,34.3462,193.1745,204.3903,207.7145,14.3073,-10.2195,14.285714,14.518058,3.261379,29,153,76,7,0.30198559,0.01632659,0.04432358,0E-8,0.000000,0.933652,0.003213,-0.04010948,2026-03-22,2026-08-05,67,528,415,137,0.489051,0.945283,0.961806,1.006619,,,,,,,,GLOBAL_BASELINE_NO_ENTITY_RANKING,,,NOT_APPLICABLE_GLOBAL_BASELINE,HF9g-P5,,,,X 全窗基线 · 不参与实体赏罚,14192196,1420,A168_HF9F_20260827_0900,2026-08-27 09:00:00
2026-04-01,129130207,1396,0,115.9530284823,60.8226340311,60.8226340311,1.0000000,4,1,0.41385414727256721,0.187662550000,1.190088318723501,2.080556102057424,1.190088318723501,0.22619159727256721,ELIGIBLE,R03b_20260811_FULL_v1,L1_ELIGIBILITY,v2026-08-11,2026-03-21..2026-08-06,baccarat_bet02_101_all_pairs_incl_sentinel,round_win = game_pnl > 0 (decisive only),COMPATIBILITY_ONLY_NOT_PRODUCTION,406609.1881,379631.3579,6638.5409,8714,2252,-0.01632659,-0.04432358,-0.00421410,-0.01632659,-6638.5409,406609.1881,OK,0.0000,265.5416,4.0000,96.0000,AG03-UNRESOLVED,ALL5_LEVELS_bet23_to_bet27,265.5416,265.5416,298.7343,298.7343,298.7343,4.000000,4.000000,4.500000,4.500000,4.500000,96.000000,96.000000,95.500000,95.500000,95.500000,5.0,1427.2863,1309.7925,5211.2546,5328.7484,PENDING_AG03,FALSE,NOT_FOR_ENFORCEMENT,6372.9992,364446.1036,6638.5409,6372.9992,265.5416,0.01632659,0.01567352,265.5416,6372.9992,0.01567352,265.5416,265.5416,298.7343,298.7343,298.7343,6372.9992,0.01567352,1427.2863,1309.7925,5211.2546,5328.7484,0.01281637,0.01310533,0.00065306,46.6616,168.5752,2.9478,99.0827,12.5730,6068.7939,33.6119,44.8794,47.4773,8.4329,14.3073,34.3462,193.1745,204.3903,207.7145,14.3073,-10.2195,14.285714,14.518058,3.261379,29,153,76,7,0.30198559,0.01632659,0.04432358,0E-8,0.000000,0.933652,0.003213,-0.04010948,2026-03-22,2026-08-05,67,528,415,137,0.489051,0.945283,0.961806,1.006619,,,,,,,,GLOBAL_BASELINE_NO_ENTITY_RANKING,,,NOT_APPLICABLE_GLOBAL_BASELINE,HF9g-P5,,,,X 全窗基线 · 不参与实体赏罚,14192197,1420,A168_HF9F_20260827_0900,2026-08-27 09:00:00
2026-04-01,129130207,1490,0,383.6991124324,198.1742668604,198.1742668604,0.7500000,16,4,0.41394033161293472,0.184311250000,1.3646038776578182,2.9178931134599138,1.3646038776578182,0.22962908161293472,ELIGIBLE,R03b_20260811_FULL_v1,L1_ELIGIBILITY,v2026-08-11,2026-03-21..2026-08-06,baccarat_bet02_101_all_pairs_incl_sentinel,round_win = game_pnl > 0 (decisive only),COMPATIBILITY_ONLY_NOT_PRODUCTION,406609.1881,379631.3579,6638.5409,8714,2252,-0.01632659,-0.04432358,-0.00421410,-0.01632659,-6638.5409,406609.1881,OK,0.0000,265.5416,4.0000,96.0000,AG03-UNRESOLVED,ALL5_LEVELS_bet23_to_bet27,265.5416,265.5416,298.7343,298.7343,298.7343,4.000000,4.000000,4.500000,4.500000,4.500000,96.000000,96.000000,95.500000,95.500000,95.500000,5.0,1427.2863,1309.7925,5211.2546,5328.7484,PENDING_AG03,FALSE,NOT_FOR_ENFORCEMENT,6372.9992,364446.1036,6638.5409,6372.9992,265.5416,0.01632659,0.01567352,265.5416,6372.9992,0.01567352,265.5416,265.5416,298.7343,298.7343,298.7343,6372.9992,0.01567352,1427.2863,1309.7925,5211.2546,5328.7484,0.01281637,0.01310533,0.00065306,46.6616,168.5752,2.9478,99.0827,12.5730,6068.7939,33.6119,44.8794,47.4773,8.4329,14.3073,34.3462,193.1745,204.3903,207.7145,14.3073,-10.2195,14.285714,14.518058,3.261379,29,153,76,7,0.30198559,0.01632659,0.04432358,0E-8,0.000000,0.933652,0.003213,-0.04010948,2026-03-22,2026-08-05,67,528,415,137,0.489051,0.945283,0.961806,1.006619,,,,,,,,GLOBAL_BASELINE_NO_ENTITY_RANKING,,,NOT_APPLICABLE_GLOBAL_BASELINE,HF9g-P5,,,,X 全窗基线 · 不参与实体赏罚,14192198,1420,A168_HF9F_20260827_0900,2026-08-27 09:00:00
2026-04-01,129130207,2106,0,75.8965277339,47.4353298336,47.4353298336,1.0000000,4,1,0.43576444444435105,0.187662550000,1.1379006070249937,2.080556102057424,1.1379006070249937,0.24810189444435105,ELIGIBLE,R03b_20260811_FULL_v1,L1_ELIGIBILITY,v2026-08-11,2026-03-21..2026-08-06,baccarat_bet02_101_all_pairs_incl_sentinel,round_win = game_pnl > 0 (decisive only),COMPATIBILITY_ONLY_NOT_PRODUCTION,406609.1881,379631.3579,6638.5409,8714,2252,-0.01632659,-0.04432358,-0.00421410,-0.01632659,-6638.5409,406609.1881,OK,0.0000,265.5416,4.0000,96.0000,AG03-UNRESOLVED,ALL5_LEVELS_bet23_to_bet27,265.5416,265.5416,298.7343,298.7343,298.7343,4.000000,4.000000,4.500000,4.500000,4.500000,96.000000,96.000000,95.500000,95.500000,95.500000,5.0,1427.2863,1309.7925,5211.2546,5328.7484,PENDING_AG03,FALSE,NOT_FOR_ENFORCEMENT,6372.9992,364446.1036,6638.5409,6372.9992,265.5416,0.01632659,0.01567352,265.5416,6372.9992,0.01567352,265.5416,265.5416,298.7343,298.7343,298.7343,6372.9992,0.01567352,1427.2863,1309.7925,5211.2546,5328.7484,0.01281637,0.01310533,0.00065306,46.6616,168.5752,2.9478,99.0827,12.5730,6068.7939,33.6119,44.8794,47.4773,8.4329,14.3073,34.3462,193.1745,204.3903,207.7145,14.3073,-10.2195,14.285714,14.518058,3.261379,29,153,76,7,0.30198559,0.01632659,0.04432358,0E-8,0.000000,0.933652,0.003213,-0.04010948,2026-03-22,2026-08-05,67,528,415,137,0.489051,0.945283,0.961806,1.006619,,,,,,,,GLOBAL_BASELINE_NO_ENTITY_RANKING,,,NOT_APPLICABLE_GLOBAL_BASELINE,HF9g-P5,,,,X 全窗基线 · 不参与实体赏罚,14192199,1420,A168_HF9F_20260827_0900,2026-08-27 09:00:00
2026-04-01,129130207,2123,0,164.8641241330,-164.8641241330,-164.8641241330,0E-7,8,2,0.39948636418550863,0.187662550000,-1.1534653188263597,-0.6797286364807011,-1.1534653188263597,0.21182381418550863,ELIGIBLE,R03b_20260811_FULL_v1,L1_ELIGIBILITY,v2026-08-11,2026-03-21..2026-08-06,baccarat_bet02_101_all_pairs_incl_sentinel,round_win = game_pnl > 0 (decisive only),COMPATIBILITY_ONLY_NOT_PRODUCTION,406609.1881,379631.3579,6638.5409,8714,2252,-0.01632659,-0.04432358,-0.00421410,-0.01632659,-6638.5409,406609.1881,OK,0.0000,265.5416,4.0000,96.0000,AG03-UNRESOLVED,ALL5_LEVELS_bet23_to_bet27,265.5416,265.5416,298.7343,298.7343,298.7343,4.000000,4.000000,4.500000,4.500000,4.500000,96.000000,96.000000,95.500000,95.500000,95.500000,5.0,1427.2863,1309.7925,5211.2546,5328.7484,PENDING_AG03,FALSE,NOT_FOR_ENFORCEMENT,6372.9992,364446.1036,6638.5409,6372.9992,265.5416,0.01632659,0.01567352,265.5416,6372.9992,0.01567352,265.5416,265.5416,298.7343,298.7343,298.7343,6372.9992,0.01567352,1427.2863,1309.7925,5211.2546,5328.7484,0.01281637,0.01310533,0.00065306,46.6616,168.5752,2.9478,99.0827,12.5730,6068.7939,33.6119,44.8794,47.4773,8.4329,14.3073,34.3462,193.1745,204.3903,207.7145,14.3073,-10.2195,14.285714,14.518058,3.261379,29,153,76,7,0.30198559,0.01632659,0.04432358,0E-8,0.000000,0.933652,0.003213,-0.04010948,2026-03-22,2026-08-05,67,528,415,137,0.489051,0.945283,0.961806,1.006619,,,,,,,,GLOBAL_BASELINE_NO_ENTITY_RANKING,,,NOT_APPLICABLE_GLOBAL_BASELINE,HF9g-P5,,,,X 全窗基线 · 不参与实体赏罚,14192200,1420,A168_HF9F_20260827_0900,2026-08-27 09:00:00
2026-04-01,129130207,2171,0,59.0306326819,31.4127295343,31.4127295343,1.0000000,4,1,0.41551122857127418,0.187662550000,1.1860328116473515,2.080556102057424,1.1860328116473515,0.22784867857127418,ELIGIBLE,R03b_20260811_FULL_v1,L1_ELIGIBILITY,v2026-08-11,2026-03-21..2026-08-06,baccarat_bet02_101_all_pairs_incl_sentinel,round_win = game_pnl > 0 (decisive only),COMPATIBILITY_ONLY_NOT_PRODUCTION,406609.1881,379631.3579,6638.5409,8714,2252,-0.01632659,-0.04432358,-0.00421410,-0.01632659,-6638.5409,406609.1881,OK,0.0000,265.5416,4.0000,96.0000,AG03-UNRESOLVED,ALL5_LEVELS_bet23_to_bet27,265.5416,265.5416,298.7343,298.7343,298.7343,4.000000,4.000000,4.500000,4.500000,4.500000,96.000000,96.000000,95.500000,95.500000,95.500000,5.0,1427.2863,1309.7925,5211.2546,5328.7484,PENDING_AG03,FALSE,NOT_FOR_ENFORCEMENT,6372.9992,364446.1036,6638.5409,6372.9992,265.5416,0.01632659,0.01567352,265.5416,6372.9992,0.01567352,265.5416,265.5416,298.7343,298.7343,298.7343,6372.9992,0.01567352,1427.2863,1309.7925,5211.2546,5328.7484,0.01281637,0.01310533,0.00065306,46.6616,168.5752,2.9478,99.0827,12.5730,6068.7939,33.6119,44.8794,47.4773,8.4329,14.3073,34.3462,193.1745,204.3903,207.7145,14.3073,-10.2195,14.285714,14.518058,3.261379,29,153,76,7,0.30198559,0.01632659,0.04432358,0E-8,0.000000,0.933652,0.003213,-0.04010948,2026-03-22,2026-08-05,67,528,415,137,0.489051,0.945283,0.961806,1.006619,,,,,,,,GLOBAL_BASELINE_NO_ENTITY_RANKING,,,NOT_APPLICABLE_GLOBAL_BASELINE,HF9g-P5,,,,X 全窗基线 · 不参与实体赏罚,14192201,1420,A168_HF9F_20260827_0900,2026-08-27 09:00:00
2026-04-01,129130207,595,0,189.7413193348,-50.5976851560,-50.5976851560,0.5000000,8,2,0.39272636071416456,0.187662550000,0.3106495801038054,1.1313110101635044,0.3106495801038054,0.20506381071416456,ELIGIBLE,R03b_20260811_FULL_v1,L1_ELIGIBILITY,v2026-08-11,2026-03-21..2026-08-06,baccarat_bet02_101_all_pairs_incl_sentinel,round_win = game_pnl > 0 (decisive only),COMPATIBILITY_ONLY_NOT_PRODUCTION,406609.1881,379631.3579,6638.5409,8714,2252,-0.01632659,-0.04432358,-0.00421410,-0.01632659,-6638.5409,406609.1881,OK,0.0000,265.5416,4.0000,96.0000,AG03-UNRESOLVED,ALL5_LEVELS_bet23_to_bet27,265.5416,265.5416,298.7343,298.7343,298.7343,4.000000,4.000000,4.500000,4.500000,4.500000,96.000000,96.000000,95.500000,95.500000,95.500000,5.0,1427.2863,1309.7925,5211.2546,5328.7484,PENDING_AG03,FALSE,NOT_FOR_ENFORCEMENT,6372.9992,364446.1036,6638.5409,6372.9992,265.5416,0.01632659,0.01567352,265.5416,6372.9992,0.01567352,265.5416,265.5416,298.7343,298.7343,298.7343,6372.9992,0.01567352,1427.2863,1309.7925,5211.2546,5328.7484,0.01281637,0.01310533,0.00065306,46.6616,168.5752,2.9478,99.0827,12.5730,6068.7939,33.6119,44.8794,47.4773,8.4329,14.3073,34.3462,193.1745,204.3903,207.7145,14.3073,-10.2195,14.285714,14.518058,3.261379,29,153,76,7,0.30198559,0.01632659,0.04432358,0E-8,0.000000,0.933652,0.003213,-0.04010948,2026-03-22,2026-08-05,67,528,415,137,0.489051,0.945283,0.961806,1.006619,,,,,,,,GLOBAL_BASELINE_NO_ENTITY_RANKING,,,NOT_APPLICABLE_GLOBAL_BASELINE,HF9g-P5,,,,X 全窗基线 · 不参与实体赏罚,14192202,1420,A168_HF9F_20260827_0900,2026-08-27 09:00:00
2026-04-02,129130207,-1,1,170.9780110893,-170.9780110893,-170.9780110893,0E-7,8,2,0.41458518120881252,0.187662550000,-1.1901180154141,-0.6797286364807011,-1.1901180154141,0.22692263120881252,SENTINEL_DEALER,R03b_20260811_FULL_v1,L1_ELIGIBILITY,v2026-08-11,2026-03-21..2026-08-06,baccarat_bet02_101_all_pairs_incl_sentinel,round_win = game_pnl > 0 (decisive only),COMPATIBILITY_ONLY_NOT_PRODUCTION,406609.1881,379631.3579,6638.5409,8714,2252,-0.01632659,-0.04432358,-0.00421410,-0.01632659,-6638.5409,406609.1881,OK,0.0000,265.5416,4.0000,96.0000,AG03-UNRESOLVED,ALL5_LEVELS_bet23_to_bet27,265.5416,265.5416,298.7343,298.7343,298.7343,4.000000,4.000000,4.500000,4.500000,4.500000,96.000000,96.000000,95.500000,95.500000,95.500000,5.0,1427.2863,1309.7925,5211.2546,5328.7484,PENDING_AG03,FALSE,NOT_FOR_ENFORCEMENT,6372.9992,364446.1036,6638.5409,6372.9992,265.5416,0.01632659,0.01567352,265.5416,6372.9992,0.01567352,265.5416,265.5416,298.7343,298.7343,298.7343,6372.9992,0.01567352,1427.2863,1309.7925,5211.2546,5328.7484,0.01281637,0.01310533,0.00065306,46.6616,168.5752,2.9478,99.0827,12.5730,6068.7939,33.6119,44.8794,47.4773,8.4329,14.3073,34.3462,193.1745,204.3903,207.7145,14.3073,-10.2195,14.285714,14.518058,3.261379,29,153,76,7,0.30198559,0.01632659,0.04432358,0E-8,0.000000,0.933652,0.003213,-0.04010948,2026-03-22,2026-08-05,67,528,415,137,0.489051,0.945283,0.961806,1.006619,,,,,,,,GLOBAL_BASELINE_NO_ENTITY_RANKING,,,NOT_APPLICABLE_GLOBAL_BASELINE,HF9g-P5,,,,X 全窗基线 · 不参与实体赏罚,14192203,1420,A168_HF9F_20260827_0900,2026-08-27 09:00:00
2026-04-02,129130207,1331,0,115.9530284823,48.4894482743,48.4894482743,1.0000000,4,1,0.39065500909070902,0.187662550000,1.2489208732063914,2.080556102057424,1.2489208732063914,0.20299245909070902,ELIGIBLE,R03b_20260811_FULL_v1,L1_ELIGIBILITY,v2026-08-11,2026-03-21..2026-08-06,baccarat_bet02_101_all_pairs_incl_sentinel,round_win = game_pnl > 0 (decisive only),COMPATIBILITY_ONLY_NOT_PRODUCTION,406609.1881,379631.3579,6638.5409,8714,2252,-0.01632659,-0.04432358,-0.00421410,-0.01632659,-6638.5409,406609.1881,OK,0.0000,265.5416,4.0000,96.0000,AG03-UNRESOLVED,ALL5_LEVELS_bet23_to_bet27,265.5416,265.5416,298.7343,298.7343,298.7343,4.000000,4.000000,4.500000,4.500000,4.500000,96.000000,96.000000,95.500000,95.500000,95.500000,5.0,1427.2863,1309.7925,5211.2546,5328.7484,PENDING_AG03,FALSE,NOT_FOR_ENFORCEMENT,6372.9992,364446.1036,6638.5409,6372.9992,265.5416,0.01632659,0.01567352,265.5416,6372.9992,0.01567352,265.5416,265.5416,298.7343,298.7343,298.7343,6372.9992,0.01567352,1427.2863,1309.7925,5211.2546,5328.7484,0.01281637,0.01310533,0.00065306,46.6616,168.5752,2.9478,99.0827,12.5730,6068.7939,33.6119,44.8794,47.4773,8.4329,14.3073,34.3462,193.1745,204.3903,207.7145,14.3073,-10.2195,14.285714,14.518058,3.261379,29,153,76,7,0.30198559,0.01632659,0.04432358,0E-8,0.000000,0.933652,0.003213,-0.04010948,2026-03-22,2026-08-05,67,528,415,137,0.489051,0.945283,0.961806,1.006619,,,,,,,,GLOBAL_BASELINE_NO_ENTITY_RANKING,,,NOT_APPLICABLE_GLOBAL_BASELINE,HF9g-P5,,,,X 全窗基线 · 不参与实体赏罚,14192204,1420,A168_HF9F_20260827_0900,2026-08-27 09:00:00
2026-04-02,129130207,2232,0,394.2402968399,-312.0190584616,-312.0190584616,0.2500000,16,4,0.39646715991454768,0.187662550000,-0.5988474340301759,0.31931695869542776,-0.5988474340301759,0.20880460991454768,ELIGIBLE,R03b_20260811_FULL_v1,L1_ELIGIBILITY,v2026-08-11,2026-03-21..2026-08-06,baccarat_bet02_101_all_pairs_incl_sentinel,round_win = game_pnl > 0 (decisive only),COMPATIBILITY_ONLY_NOT_PRODUCTION,406609.1881,379631.3579,6638.5409,8714,2252,-0.01632659,-0.04432358,-0.00421410,-0.01632659,-6638.5409,406609.1881,OK,0.0000,265.5416,4.0000,96.0000,AG03-UNRESOLVED,ALL5_LEVELS_bet23_to_bet27,265.5416,265.5416,298.7343,298.7343,298.7343,4.000000,4.000000,4.500000,4.500000,4.500000,96.000000,96.000000,95.500000,95.500000,95.500000,5.0,1427.2863,1309.7925,5211.2546,5328.7484,PENDING_AG03,FALSE,NOT_FOR_ENFORCEMENT,6372.9992,364446.1036,6638.5409,6372.9992,265.5416,0.01632659,0.01567352,265.5416,6372.9992,0.01567352,265.5416,265.5416,298.7343,298.7343,298.7343,6372.9992,0.01567352,1427.2863,1309.7925,5211.2546,5328.7484,0.01281637,0.01310533,0.00065306,46.6616,168.5752,2.9478,99.0827,12.5730,6068.7939,33.6119,44.8794,47.4773,8.4329,14.3073,34.3462,193.1745,204.3903,207.7145,14.3073,-10.2195,14.285714,14.518058,3.261379,29,153,76,7,0.30198559,0.01632659,0.04432358,0E-8,0.000000,0.933652,0.003213,-0.04010948,2026-03-22,2026-08-05,67,528,415,137,0.489051,0.945283,0.961806,1.006619,,,,,,,,GLOBAL_BASELINE_NO_ENTITY_RANKING,,,NOT_APPLICABLE_GLOBAL_BASELINE,HF9g-P5,,,,X 全窗基线 · 不参与实体赏罚,14192205,1420,A168_HF9F_20260827_0900,2026-08-27 09:00:00
2026-04-03,129130207,1331,0,976.1136761329,-565.0074842412,-565.0074842412,0.2500000,16,4,0.44882381355922731,0.187662550000,-0.7994940328343902,0.31931695869542776,-0.7994940328343902,0.26116126355922731,ELIGIBLE,R03b_20260811_FULL_v1,L1_ELIGIBILITY,v2026-08-11,2026-03-21..2026-08-06,baccarat_bet02_101_all_pairs_incl_sentinel,round_win = game_pnl > 0 (decisive only),COMPATIBILITY_ONLY_NOT_PRODUCTION,406609.1881,379631.3579,6638.5409,8714,2252,-0.01632659,-0.04432358,-0.00421410,-0.01632659,-6638.5409,406609.1881,OK,0.0000,265.5416,4.0000,96.0000,AG03-UNRESOLVED,ALL5_LEVELS_bet23_to_bet27,265.5416,265.5416,298.7343,298.7343,298.7343,4.000000,4.000000,4.500000,4.500000,4.500000,96.000000,96.000000,95.500000,95.500000,95.500000,5.0,1427.2863,1309.7925,5211.2546,5328.7484,PENDING_AG03,FALSE,NOT_FOR_ENFORCEMENT,6372.9992,364446.1036,6638.5409,6372.9992,265.5416,0.01632659,0.01567352,265.5416,6372.9992,0.01567352,265.5416,265.5416,298.7343,298.7343,298.7343,6372.9992,0.01567352,1427.2863,1309.7925,5211.2546,5328.7484,0.01281637,0.01310533,0.00065306,46.6616,168.5752,2.9478,99.0827,12.5730,6068.7939,33.6119,44.8794,47.4773,8.4329,14.3073,34.3462,193.1745,204.3903,207.7145,14.3073,-10.2195,14.285714,14.518058,3.261379,29,153,76,7,0.30198559,0.01632659,0.04432358,0E-8,0.000000,0.933652,0.003213,-0.04010948,2026-03-22,2026-08-05,67,528,415,137,0.489051,0.945283,0.961806,1.006619,,,,,,,,GLOBAL_BASELINE_NO_ENTITY_RANKING,,,NOT_APPLICABLE_GLOBAL_BASELINE,HF9g-P5,,,,X 全窗基线 · 不参与实体赏罚,14192206,1420,A168_HF9F_20260827_0900,2026-08-27 09:00:00
2026-04-03,129130207,2129,0,274.0707945946,-274.0707945946,-274.0707945946,0E-7,8,2,0.41897953826627316,0.187662550000,-1.2009244619047237,-0.6797286364807011,-1.2009244619047237,0.23131698826627316,ELIGIBLE,R03b_20260811_FULL_v1,L1_ELIGIBILITY,v2026-08-11,2026-03-21..2026-08-06,baccarat_bet02_101_all_pairs_incl_sentinel,round_win = game_pnl > 0 (decisive only),COMPATIBILITY_ONLY_NOT_PRODUCTION,406609.1881,379631.3579,6638.5409,8714,2252,-0.01632659,-0.04432358,-0.00421410,-0.01632659,-6638.5409,406609.1881,OK,0.0000,265.5416,4.0000,96.0000,AG03-UNRESOLVED,ALL5_LEVELS_bet23_to_bet27,265.5416,265.5416,298.7343,298.7343,298.7343,4.000000,4.000000,4.500000,4.500000,4.500000,96.000000,96.000000,95.500000,95.500000,95.500000,5.0,1427.2863,1309.7925,5211.2546,5328.7484,PENDING_AG03,FALSE,NOT_FOR_ENFORCEMENT,6372.9992,364446.1036,6638.5409,6372.9992,265.5416,0.01632659,0.01567352,265.5416,6372.9992,0.01567352,265.5416,265.5416,298.7343,298.7343,298.7343,6372.9992,0.01567352,1427.2863,1309.7925,5211.2546,5328.7484,0.01281637,0.01310533,0.00065306,46.6616,168.5752,2.9478,99.0827,12.5730,6068.7939,33.6119,44.8794,47.4773,8.4329,14.3073,34.3462,193.1745,204.3903,207.7145,14.3073,-10.2195,14.285714,14.518058,3.261379,29,153,76,7,0.30198559,0.01632659,0.04432358,0E-8,0.000000,0.933652,0.003213,-0.04010948,2026-03-22,2026-08-05,67,528,415,137,0.489051,0.945283,0.961806,1.006619,,,,,,,,GLOBAL_BASELINE_NO_ENTITY_RANKING,,,NOT_APPLICABLE_GLOBAL_BASELINE,HF9g-P5,,,,X 全窗基线 · 不参与实体赏罚,14192207,1420,A168_HF9F_20260827_0900,2026-08-27 09:00:00
2026-04-03,129130207,2218,0,242.4472413721,-242.4472413721,-242.4472413721,0E-7,4,1,0.43951780434773744,0.184311250000,-0.8855382515009993,-0.47535020548684115,-0.8855382515009993,0.25520655434773744,ELIGIBLE,R03b_20260811_FULL_v1,L1_ELIGIBILITY,v2026-08-11,2026-03-21..2026-08-06,baccarat_bet02_101_all_pairs_incl_sentinel,round_win = game_pnl > 0 (decisive only),COMPATIBILITY_ONLY_NOT_PRODUCTION,406609.1881,379631.3579,6638.5409,8714,2252,-0.01632659,-0.04432358,-0.00421410,-0.01632659,-6638.5409,406609.1881,OK,0.0000,265.5416,4.0000,96.0000,AG03-UNRESOLVED,ALL5_LEVELS_bet23_to_bet27,265.5416,265.5416,298.7343,298.7343,298.7343,4.000000,4.000000,4.500000,4.500000,4.500000,96.000000,96.000000,95.500000,95.500000,95.500000,5.0,1427.2863,1309.7925,5211.2546,5328.7484,PENDING_AG03,FALSE,NOT_FOR_ENFORCEMENT,6372.9992,364446.1036,6638.5409,6372.9992,265.5416,0.01632659,0.01567352,265.5416,6372.9992,0.01567352,265.5416,265.5416,298.7343,298.7343,298.7343,6372.9992,0.01567352,1427.2863,1309.7925,5211.2546,5328.7484,0.01281637,0.01310533,0.00065306,46.6616,168.5752,2.9478,99.0827,12.5730,6068.7939,33.6119,44.8794,47.4773,8.4329,14.3073,34.3462,193.1745,204.3903,207.7145,14.3073,-10.2195,14.285714,14.518058,3.261379,29,153,76,7,0.30198559,0.01632659,0.04432358,0E-8,0.000000,0.933652,0.003213,-0.04010948,2026-03-22,2026-08-05,67,528,415,137,0.489051,0.945283,0.961806,1.006619,,,,,,,,GLOBAL_BASELINE_NO_ENTITY_RANKING,,,NOT_APPLICABLE_GLOBAL_BASELINE,HF9g-P5,,,,X 全窗基线 · 不参与实体赏罚,14192208,1420,A168_HF9F_20260827_0900,2026-08-27 09:00:00
2026-04-03,129130207,2234,0,200.2825037422,137.0353972972,137.0353972972,1.0000000,4,1,0.42820671052621837,0.184311250000,1.1555607780401809,2.103712144135556,1.1555607780401809,0.24389546052621837,ELIGIBLE,R03b_20260811_FULL_v1,L1_ELIGIBILITY,v2026-08-11,2026-03-21..2026-08-06,baccarat_bet02_101_all_pairs_incl_sentinel,round_win = game_pnl > 0 (decisive only),COMPATIBILITY_ONLY_NOT_PRODUCTION,406609.1881,379631.3579,6638.5409,8714,2252,-0.01632659,-0.04432358,-0.00421410,-0.01632659,-6638.5409,406609.1881,OK,0.0000,265.5416,4.0000,96.0000,AG03-UNRESOLVED,ALL5_LEVELS_bet23_to_bet27,265.5416,265.5416,298.7343,298.7343,298.7343,4.000000,4.000000,4.500000,4.500000,4.500000,96.000000,96.000000,95.500000,95.500000,95.500000,5.0,1427.2863,1309.7925,5211.2546,5328.7484,PENDING_AG03,FALSE,NOT_FOR_ENFORCEMENT,6372.9992,364446.1036,6638.5409,6372.9992,265.5416,0.01632659,0.01567352,265.5416,6372.9992,0.01567352,265.5416,265.5416,298.7343,298.7343,298.7343,6372.9992,0.01567352,1427.2863,1309.7925,5211.2546,5328.7484,0.01281637,0.01310533,0.00065306,46.6616,168.5752,2.9478,99.0827,12.5730,6068.7939,33.6119,44.8794,47.4773,8.4329,14.3073,34.3462,193.1745,204.3903,207.7145,14.3073,-10.2195,14.285714,14.518058,3.261379,29,153,76,7,0.30198559,0.01632659,0.04432358,0E-8,0.000000,0.933652,0.003213,-0.04010948,2026-03-22,2026-08-05,67,528,415,137,0.489051,0.945283,0.961806,1.006619,,,,,,,,GLOBAL_BASELINE_NO_ENTITY_RANKING,,,NOT_APPLICABLE_GLOBAL_BASELINE,HF9g-P5,,,,X 全窗基线 · 不参与实体赏罚,14192209,1420,A168_HF9F_20260827_0900,2026-08-27 09:00:00
2026-04-03,129130207,2235,0,242.4472413721,-242.4472413721,-242.4472413721,0E-7,4,1,0.43951780434773744,0.184311250000,-0.8855382515009993,-0.47535020548684115,-0.8855382515009993,0.25520655434773744,ELIGIBLE,R03b_20260811_FULL_v1,L1_ELIGIBILITY,v2026-08-11,2026-03-21..2026-08-06,baccarat_bet02_101_all_pairs_incl_sentinel,round_win = game_pnl > 0 (decisive only),COMPATIBILITY_ONLY_NOT_PRODUCTION,406609.1881,379631.3579,6638.5409,8714,2252,-0.01632659,-0.04432358,-0.00421410,-0.01632659,-6638.5409,406609.1881,OK,0.0000,265.5416,4.0000,96.0000,AG03-UNRESOLVED,ALL5_LEVELS_bet23_to_bet27,265.5416,265.5416,298.7343,298.7343,298.7343,4.000000,4.000000,4.500000,4.500000,4.500000,96.000000,96.000000,95.500000,95.500000,95.500000,5.0,1427.2863,1309.7925,5211.2546,5328.7484,PENDING_AG03,FALSE,NOT_FOR_ENFORCEMENT,6372.9992,364446.1036,6638.5409,6372.9992,265.5416,0.01632659,0.01567352,265.5416,6372.9992,0.01567352,265.5416,265.5416,298.7343,298.7343,298.7343,6372.9992,0.01567352,1427.2863,1309.7925,5211.2546,5328.7484,0.01281637,0.01310533,0.00065306,46.6616,168.5752,2.9478,99.0827,12.5730,6068.7939,33.6119,44.8794,47.4773,8.4329,14.3073,34.3462,193.1745,204.3903,207.7145,14.3073,-10.2195,14.285714,14.518058,3.261379,29,153,76,7,0.30198559,0.01632659,0.04432358,0E-8,0.000000,0.933652,0.003213,-0.04010948,2026-03-22,2026-08-05,67,528,415,137,0.489051,0.945283,0.961806,1.006619,,,,,,,,GLOBAL_BASELINE_NO_ENTITY_RANKING,,,NOT_APPLICABLE_GLOBAL_BASELINE,HF9g-P5,,,,X 全窗基线 · 不参与实体赏罚,14192210,1420,A168_HF9F_20260827_0900,2026-08-27 09:00:00
2026-04-07,129130207,1325,0,109.6283178378,-109.6283178378,-109.6283178378,0E-7,4,1,0.43303804999986571,0.187662550000,-0.8739489652174802,-0.48064072822218945,-0.8739489652174802,0.24537549999986571,ELIGIBLE,R03b_20260811_FULL_v1,L1_ELIGIBILITY,v2026-08-11,2026-03-21..2026-08-06,baccarat_bet02_101_all_pairs_incl_sentinel,round_win = game_pnl > 0 (decisive only),COMPATIBILITY_ONLY_NOT_PRODUCTION,406609.1881,379631.3579,6638.5409,8714,2252,-0.01632659,-0.04432358,-0.00421410,-0.01632659,-6638.5409,406609.1881,OK,0.0000,265.5416,4.0000,96.0000,AG03-UNRESOLVED,ALL5_LEVELS_bet23_to_bet27,265.5416,265.5416,298.7343,298.7343,298.7343,4.000000,4.000000,4.500000,4.500000,4.500000,96.000000,96.000000,95.500000,95.500000,95.500000,5.0,1427.2863,1309.7925,5211.2546,5328.7484,PENDING_AG03,FALSE,NOT_FOR_ENFORCEMENT,6372.9992,364446.1036,6638.5409,6372.9992,265.5416,0.01632659,0.01567352,265.5416,6372.9992,0.01567352,265.5416,265.5416,298.7343,298.7343,298.7343,6372.9992,0.01567352,1427.2863,1309.7925,5211.2546,5328.7484,0.01281637,0.01310533,0.00065306,46.6616,168.5752,2.9478,99.0827,12.5730,6068.7939,33.6119,44.8794,47.4773,8.4329,14.3073,34.3462,193.1745,204.3903,207.7145,14.3073,-10.2195,14.285714,14.518058,3.261379,29,153,76,7,0.30198559,0.01632659,0.04432358,0E-8,0.000000,0.933652,0.003213,-0.04010948,2026-03-22,2026-08-05,67,528,415,137,0.489051,0.945283,0.961806,1.006619,,,,,,,,GLOBAL_BASELINE_NO_ENTITY_RANKING,,,NOT_APPLICABLE_GLOBAL_BASELINE,HF9g-P5,,,,X 全窗基线 · 不参与实体赏罚,14192211,1420,A168_HF9F_20260827_0900,2026-08-27 09:00:00
2026-04-07,129130207,2258,0,42.1647376299,-42.1647376299,-42.1647376299,0E-7,1,1,0.50665070000000000,0.506650700000,-1.013391052207602,-1.013391052207602,-1.013391052207602,0E-17,ELIGIBLE,R03b_20260811_FULL_v1,L1_ELIGIBILITY,v2026-08-11,2026-03-21..2026-08-06,baccarat_bet02_101_all_pairs_incl_sentinel,round_win = game_pnl > 0 (decisive only),COMPATIBILITY_ONLY_NOT_PRODUCTION,406609.1881,379631.3579,6638.5409,8714,2252,-0.01632659,-0.04432358,-0.00421410,-0.01632659,-6638.5409,406609.1881,OK,0.0000,265.5416,4.0000,96.0000,AG03-UNRESOLVED,ALL5_LEVELS_bet23_to_bet27,265.5416,265.5416,298.7343,298.7343,298.7343,4.000000,4.000000,4.500000,4.500000,4.500000,96.000000,96.000000,95.500000,95.500000,95.500000,5.0,1427.2863,1309.7925,5211.2546,5328.7484,PENDING_AG03,FALSE,NOT_FOR_ENFORCEMENT,6372.9992,364446.1036,6638.5409,6372.9992,265.5416,0.01632659,0.01567352,265.5416,6372.9992,0.01567352,265.5416,265.5416,298.7343,298.7343,298.7343,6372.9992,0.01567352,1427.2863,1309.7925,5211.2546,5328.7484,0.01281637,0.01310533,0.00065306,46.6616,168.5752,2.9478,99.0827,12.5730,6068.7939,33.6119,44.8794,47.4773,8.4329,14.3073,34.3462,193.1745,204.3903,207.7145,14.3073,-10.2195,14.285714,14.518058,3.261379,29,153,76,7,0.30198559,0.01632659,0.04432358,0E-8,0.000000,0.933652,0.003213,-0.04010948,2026-03-22,2026-08-05,67,528,415,137,0.489051,0.945283,0.961806,1.006619,,,,,,,,GLOBAL_BASELINE_NO_ENTITY_RANKING,,,NOT_APPLICABLE_GLOBAL_BASELINE,HF9g-P5,,,,X 全窗基线 · 不参与实体赏罚,14192212,1420,A168_HF9F_20260827_0900,2026-08-27 09:00:00
2026-04-12,129130207,1951,0,607.1722218711,434.2967975881,434.2967975881,1.0000000,12,3,0.42228287889416672,0.184311250000,2.0258930274278777,3.6437363181424454,2.0258930274278777,0.23797162889416672,ELIGIBLE,R03b_20260811_FULL_v1,L1_ELIGIBILITY,v2026-08-11,2026-03-21..2026-08-06,baccarat_bet02_101_all_pairs_incl_sentinel,round_win = game_pnl > 0 (decisive only),COMPATIBILITY_ONLY_NOT_PRODUCTION,406609.1881,379631.3579,6638.5409,8714,2252,-0.01632659,-0.04432358,-0.00421410,-0.01632659,-6638.5409,406609.1881,OK,0.0000,265.5416,4.0000,96.0000,AG03-UNRESOLVED,ALL5_LEVELS_bet23_to_bet27,265.5416,265.5416,298.7343,298.7343,298.7343,4.000000,4.000000,4.500000,4.500000,4.500000,96.000000,96.000000,95.500000,95.500000,95.500000,5.0,1427.2863,1309.7925,5211.2546,5328.7484,PENDING_AG03,FALSE,NOT_FOR_ENFORCEMENT,6372.9992,364446.1036,6638.5409,6372.9992,265.5416,0.01632659,0.01567352,265.5416,6372.9992,0.01567352,265.5416,265.5416,298.7343,298.7343,298.7343,6372.9992,0.01567352,1427.2863,1309.7925,5211.2546,5328.7484,0.01281637,0.01310533,0.00065306,46.6616,168.5752,2.9478,99.0827,12.5730,6068.7939,33.6119,44.8794,47.4773,8.4329,14.3073,34.3462,193.1745,204.3903,207.7145,14.3073,-10.2195,14.285714,14.518058,3.261379,29,153,76,7,0.30198559,0.01632659,0.04432358,0E-8,0.000000,0.933652,0.003213,-0.04010948,2026-03-22,2026-08-05,67,528,415,137,0.489051,0.945283,0.961806,1.006619,,,,,,,,GLOBAL_BASELINE_NO_ENTITY_RANKING,,,NOT_APPLICABLE_GLOBAL_BASELINE,HF9g-P5,,,,X 全窗基线 · 不参与实体赏罚,14192213,1420,A168_HF9F_20260827_0900,2026-08-27 09:00:00
2026-04-13,129130207,1399,0,402.6732443659,-402.6732443659,-402.6732443659,0E-7,8,2,0.41336757703648391,0.184311250000,-1.1871351688697906,-0.6722467074763285,-1.1871351688697906,0.22905632703648391,ELIGIBLE,R03b_20260811_FULL_v1,L1_ELIGIBILITY,v2026-08-11,2026-03-21..2026-08-06,baccarat_bet02_101_all_pairs_incl_sentinel,round_win = game_pnl > 0 (decisive only),COMPATIBILITY_ONLY_NOT_PRODUCTION,406609.1881,379631.3579,6638.5409,8714,2252,-0.01632659,-0.04432358,-0.00421410,-0.01632659,-6638.5409,406609.1881,OK,0.0000,265.5416,4.0000,96.0000,AG03-UNRESOLVED,ALL5_LEVELS_bet23_to_bet27,265.5416,265.5416,298.7343,298.7343,298.7343,4.000000,4.000000,4.500000,4.500000,4.500000,96.000000,96.000000,95.500000,95.500000,95.500000,5.0,1427.2863,1309.7925,5211.2546,5328.7484,PENDING_AG03,FALSE,NOT_FOR_ENFORCEMENT,6372.9992,364446.1036,6638.5409,6372.9992,265.5416,0.01632659,0.01567352,265.5416,6372.9992,0.01567352,265.5416,265.5416,298.7343,298.7343,298.7343,6372.9992,0.01567352,1427.2863,1309.7925,5211.2546,5328.7484,0.01281637,0.01310533,0.00065306,46.6616,168.5752,2.9478,99.0827,12.5730,6068.7939,33.6119,44.8794,47.4773,8.4329,14.3073,34.3462,193.1745,204.3903,207.7145,14.3073,-10.2195,14.285714,14.518058,3.261379,29,153,76,7,0.30198559,0.01632659,0.04432358,0E-8,0.000000,0.933652,0.003213,-0.04010948,2026-03-22,2026-08-05,67,528,415,137,0.489051,0.945283,0.961806,1.006619,,,,,,,,GLOBAL_BASELINE_NO_ENTITY_RANKING,,,NOT_APPLICABLE_GLOBAL_BASELINE,HF9g-P5,,,,X 全窗基线 · 不参与实体赏罚,14192214,1420,A168_HF9F_20260827_0900,2026-08-27 09:00:00
2026-04-13,129130207,2218,0,645.1204857379,172.0321295300,172.0321295300,0.6666667,12,3,0.43977859533808209,0.187662550000,0.7917268942776913,2.1249211973513655,0.7917268942776913,0.25211604533808209,ELIGIBLE,R03b_20260811_FULL_v1,L1_ELIGIBILITY,v2026-08-11,2026-03-21..2026-08-06,baccarat_bet02_101_all_pairs_incl_sentinel,round_win = game_pnl > 0 (decisive only),COMPATIBILITY_ONLY_NOT_PRODUCTION,406609.1881,379631.3579,6638.5409,8714,2252,-0.01632659,-0.04432358,-0.00421410,-0.01632659,-6638.5409,406609.1881,OK,0.0000,265.5416,4.0000,96.0000,AG03-UNRESOLVED,ALL5_LEVELS_bet23_to_bet27,265.5416,265.5416,298.7343,298.7343,298.7343,4.000000,4.000000,4.500000,4.500000,4.500000,96.000000,96.000000,95.500000,95.500000,95.500000,5.0,1427.2863,1309.7925,5211.2546,5328.7484,PENDING_AG03,FALSE,NOT_FOR_ENFORCEMENT,6372.9992,364446.1036,6638.5409,6372.9992,265.5416,0.01632659,0.01567352,265.5416,6372.9992,0.01567352,265.5416,265.5416,298.7343,298.7343,298.7343,6372.9992,0.01567352,1427.2863,1309.7925,5211.2546,5328.7484,0.01281637,0.01310533,0.00065306,46.6616,168.5752,2.9478,99.0827,12.5730,6068.7939,33.6119,44.8794,47.4773,8.4329,14.3073,34.3462,193.1745,204.3903,207.7145,14.3073,-10.2195,14.285714,14.518058,3.261379,29,153,76,7,0.30198559,0.01632659,0.04432358,0E-8,0.000000,0.933652,0.003213,-0.04010948,2026-03-22,2026-08-05,67,528,415,137,0.489051,0.945283,0.961806,1.006619,,,,,,,,GLOBAL_BASELINE_NO_ENTITY_RANKING,,,NOT_APPLICABLE_GLOBAL_BASELINE,HF9g-P5,,,,X 全窗基线 · 不参与实体赏罚,14192215,1420,A168_HF9F_20260827_0900,2026-08-27 09:00:00
2026-04-14,129130207,-1,1,258.2590179834,-57.6919022622,-57.6919022622,0.6666667,12,3,0.43917389080186419,0.187662550000,0.793954964835158,2.1249211973513655,0.793954964835158,0.25151134080186419,SENTINEL_DEALER,R03b_20260811_FULL_v1,L1_ELIGIBILITY,v2026-08-11,2026-03-21..2026-08-06,baccarat_bet02_101_all_pairs_incl_sentinel,round_win = game_pnl > 0 (decisive only),COMPATIBILITY_ONLY_NOT_PRODUCTION,406609.1881,379631.3579,6638.5409,8714,2252,-0.01632659,-0.04432358,-0.00421410,-0.01632659,-6638.5409,406609.1881,OK,0.0000,265.5416,4.0000,96.0000,AG03-UNRESOLVED,ALL5_LEVELS_bet23_to_bet27,265.5416,265.5416,298.7343,298.7343,298.7343,4.000000,4.000000,4.500000,4.500000,4.500000,96.000000,96.000000,95.500000,95.500000,95.500000,5.0,1427.2863,1309.7925,5211.2546,5328.7484,PENDING_AG03,FALSE,NOT_FOR_ENFORCEMENT,6372.9992,364446.1036,6638.5409,6372.9992,265.5416,0.01632659,0.01567352,265.5416,6372.9992,0.01567352,265.5416,265.5416,298.7343,298.7343,298.7343,6372.9992,0.01567352,1427.2863,1309.7925,5211.2546,5328.7484,0.01281637,0.01310533,0.00065306,46.6616,168.5752,2.9478,99.0827,12.5730,6068.7939,33.6119,44.8794,47.4773,8.4329,14.3073,34.3462,193.1745,204.3903,207.7145,14.3073,-10.2195,14.285714,14.518058,3.261379,29,153,76,7,0.30198559,0.01632659,0.04432358,0E-8,0.000000,0.933652,0.003213,-0.04010948,2026-03-22,2026-08-05,67,528,415,137,0.489051,0.945283,0.961806,1.006619,,,,,,,,GLOBAL_BASELINE_NO_ENTITY_RANKING,,,NOT_APPLICABLE_GLOBAL_BASELINE,HF9g-P5,,,,X 全窗基线 · 不参与实体赏罚,14192216,1420,A168_HF9F_20260827_0900,2026-08-27 09:00:00
2026-04-14,129130207,2130,0,29.5153163409,28.0395505239,28.0395505239,1.0000000,1,1,0.50665070000000000,0.506650700000,0.9867858985152569,0.9867858985152569,0.9867858985152569,0E-17,ELIGIBLE,R03b_20260811_FULL_v1,L1_ELIGIBILITY,v2026-08-11,2026-03-21..2026-08-06,baccarat_bet02_101_all_pairs_incl_sentinel,round_win = game_pnl > 0 (decisive only),COMPATIBILITY_ONLY_NOT_PRODUCTION,406609.1881,379631.3579,6638.5409,8714,2252,-0.01632659,-0.04432358,-0.00421410,-0.01632659,-6638.5409,406609.1881,OK,0.0000,265.5416,4.0000,96.0000,AG03-UNRESOLVED,ALL5_LEVELS_bet23_to_bet27,265.5416,265.5416,298.7343,298.7343,298.7343,4.000000,4.000000,4.500000,4.500000,4.500000,96.000000,96.000000,95.500000,95.500000,95.500000,5.0,1427.2863,1309.7925,5211.2546,5328.7484,PENDING_AG03,FALSE,NOT_FOR_ENFORCEMENT,6372.9992,364446.1036,6638.5409,6372.9992,265.5416,0.01632659,0.01567352,265.5416,6372.9992,0.01567352,265.5416,265.5416,298.7343,298.7343,298.7343,6372.9992,0.01567352,1427.2863,1309.7925,5211.2546,5328.7484,0.01281637,0.01310533,0.00065306,46.6616,168.5752,2.9478,99.0827,12.5730,6068.7939,33.6119,44.8794,47.4773,8.4329,14.3073,34.3462,193.1745,204.3903,207.7145,14.3073,-10.2195,14.285714,14.518058,3.261379,29,153,76,7,0.30198559,0.01632659,0.04432358,0E-8,0.000000,0.933652,0.003213,-0.04010948,2026-03-22,2026-08-05,67,528,415,137,0.489051,0.945283,0.961806,1.006619,,,,,,,,GLOBAL_BASELINE_NO_ENTITY_RANKING,,,NOT_APPLICABLE_GLOBAL_BASELINE,HF9g-P5,,,,X 全窗基线 · 不参与实体赏罚,14192217,1420,A168_HF9F_20260827_0900,2026-08-27 09:00:00
2026-04-15,129130207,-1,1,168.6589505197,-168.6589505197,-168.6589505197,0E-7,4,1,0.42690366249985815,0.187662550000,-0.863080141021241,-0.48064072822218945,-0.863080141021241,0.23924111249985815,SENTINEL_DEALER,R03b_20260811_FULL_v1,L1_ELIGIBILITY,v2026-08-11,2026-03-21..2026-08-06,baccarat_bet02_101_all_pairs_incl_sentinel,round_win = game_pnl > 0 (decisive only),COMPATIBILITY_ONLY_NOT_PRODUCTION,406609.1881,379631.3579,6638.5409,8714,2252,-0.01632659,-0.04432358,-0.00421410,-0.01632659,-6638.5409,406609.1881,OK,0.0000,265.5416,4.0000,96.0000,AG03-UNRESOLVED,ALL5_LEVELS_bet23_to_bet27,265.5416,265.5416,298.7343,298.7343,298.7343,4.000000,4.000000,4.500000,4.500000,4.500000,96.000000,96.000000,95.500000,95.500000,95.500000,5.0,1427.2863,1309.7925,5211.2546,5328.7484,PENDING_AG03,FALSE,NOT_FOR_ENFORCEMENT,6372.9992,364446.1036,6638.5409,6372.9992,265.5416,0.01632659,0.01567352,265.5416,6372.9992,0.01567352,265.5416,265.5416,298.7343,298.7343,298.7343,6372.9992,0.01567352,1427.2863,1309.7925,5211.2546,5328.7484,0.01281637,0.01310533,0.00065306,46.6616,168.5752,2.9478,99.0827,12.5730,6068.7939,33.6119,44.8794,47.4773,8.4329,14.3073,34.3462,193.1745,204.3903,207.7145,14.3073,-10.2195,14.285714,14.518058,3.261379,29,153,76,7,0.30198559,0.01632659,0.04432358,0E-8,0.000000,0.933652,0.003213,-0.04010948,2026-03-22,2026-08-05,67,528,415,137,0.489051,0.945283,0.961806,1.006619,,,,,,,,GLOBAL_BASELINE_NO_ENTITY_RANKING,,,NOT_APPLICABLE_GLOBAL_BASELINE,HF9g-P5,,,,X 全窗基线 · 不参与实体赏罚,14192218,1420,A168_HF9F_20260827_0900,2026-08-27 09:00:00
2026-04-15,129130207,1306,0,147.5765817048,-147.5765817048,-147.5765817048,0E-7,4,1,0.40497857142845181,0.184311250000,-0.8249919652178411,-0.47535020548684115,-0.8249919652178411,0.22066732142845181,ELIGIBLE,R03b_20260811_FULL_v1,L1_ELIGIBILITY,v2026-08-11,2026-03-21..2026-08-06,baccarat_bet02_101_all_pairs_incl_sentinel,round_win = game_pnl > 0 (decisive only),COMPATIBILITY_ONLY_NOT_PRODUCTION,406609.1881,379631.3579,6638.5409,8714,2252,-0.01632659,-0.04432358,-0.00421410,-0.01632659,-6638.5409,406609.1881,OK,0.0000,265.5416,4.0000,96.0000,AG03-UNRESOLVED,ALL5_LEVELS_bet23_to_bet27,265.5416,265.5416,298.7343,298.7343,298.7343,4.000000,4.000000,4.500000,4.500000,4.500000,96.000000,96.000000,95.500000,95.500000,95.500000,5.0,1427.2863,1309.7925,5211.2546,5328.7484,PENDING_AG03,FALSE,NOT_FOR_ENFORCEMENT,6372.9992,364446.1036,6638.5409,6372.9992,265.5416,0.01632659,0.01567352,265.5416,6372.9992,0.01567352,265.5416,265.5416,298.7343,298.7343,298.7343,6372.9992,0.01567352,1427.2863,1309.7925,5211.2546,5328.7484,0.01281637,0.01310533,0.00065306,46.6616,168.5752,2.9478,99.0827,12.5730,6068.7939,33.6119,44.8794,47.4773,8.4329,14.3073,34.3462,193.1745,204.3903,207.7145,14.3073,-10.2195,14.285714,14.518058,3.261379,29,153,76,7,0.30198559,0.01632659,0.04432358,0E-8,0.000000,0.933652,0.003213,-0.04010948,2026-03-22,2026-08-05,67,528,415,137,0.489051,0.945283,0.961806,1.006619,,,,,,,,GLOBAL_BASELINE_NO_ENTITY_RANKING,,,NOT_APPLICABLE_GLOBAL_BASELINE,HF9g-P5,,,,X 全窗基线 · 不参与实体赏罚,14192219,1420,A168_HF9F_20260827_0900,2026-08-27 09:00:00
2026-04-15,129130207,2145,0,1058.9673855758,-96.9788965492,-96.9788965492,0.5555556,33,9,0.44268792280954063,0.223105677778,0.6816989214332173,2.3955825848439756,0.6816989214332173,0.21958224503154063,ELIGIBLE,R03b_20260811_FULL_v1,L1_ELIGIBILITY,v2026-08-11,2026-03-21..2026-08-06,baccarat_bet02_101_all_pairs_incl_sentinel,round_win = game_pnl > 0 (decisive only),COMPATIBILITY_ONLY_NOT_PRODUCTION,406609.1881,379631.3579,6638.5409,8714,2252,-0.01632659,-0.04432358,-0.00421410,-0.01632659,-6638.5409,406609.1881,OK,0.0000,265.5416,4.0000,96.0000,AG03-UNRESOLVED,ALL5_LEVELS_bet23_to_bet27,265.5416,265.5416,298.7343,298.7343,298.7343,4.000000,4.000000,4.500000,4.500000,4.500000,96.000000,96.000000,95.500000,95.500000,95.500000,5.0,1427.2863,1309.7925,5211.2546,5328.7484,PENDING_AG03,FALSE,NOT_FOR_ENFORCEMENT,6372.9992,364446.1036,6638.5409,6372.9992,265.5416,0.01632659,0.01567352,265.5416,6372.9992,0.01567352,265.5416,265.5416,298.7343,298.7343,298.7343,6372.9992,0.01567352,1427.2863,1309.7925,5211.2546,5328.7484,0.01281637,0.01310533,0.00065306,46.6616,168.5752,2.9478,99.0827,12.5730,6068.7939,33.6119,44.8794,47.4773,8.4329,14.3073,34.3462,193.1745,204.3903,207.7145,14.3073,-10.2195,14.285714,14.518058,3.261379,29,153,76,7,0.30198559,0.01632659,0.04432358,0E-8,0.000000,0.933652,0.003213,-0.04010948,2026-03-22,2026-08-05,67,528,415,137,0.489051,0.945283,0.961806,1.006619,,,,,,,,GLOBAL_BASELINE_NO_ENTITY_RANKING,,,NOT_APPLICABLE_GLOBAL_BASELINE,HF9g-P5,,,,X 全窗基线 · 不参与实体赏罚,14192220,1420,A168_HF9F_20260827_0900,2026-08-27 09:00:00
2026-04-15,129130207,2175,0,835.9159235134,56.3426306578,56.3426306578,0.5000000,16,4,0.44169839087684977,0.187662550000,0.2348081618531008,1.5999153738352345,0.2348081618531008,0.25403584087684977,ELIGIBLE,R03b_20260811_FULL_v1,L1_ELIGIBILITY,v2026-08-11,2026-03-21..2026-08-06,baccarat_bet02_101_all_pairs_incl_sentinel,round_win = game_pnl > 0 (decisive only),COMPATIBILITY_ONLY_NOT_PRODUCTION,406609.1881,379631.3579,6638.5409,8714,2252,-0.01632659,-0.04432358,-0.00421410,-0.01632659,-6638.5409,406609.1881,OK,0.0000,265.5416,4.0000,96.0000,AG03-UNRESOLVED,ALL5_LEVELS_bet23_to_bet27,265.5416,265.5416,298.7343,298.7343,298.7343,4.000000,4.000000,4.500000,4.500000,4.500000,96.000000,96.000000,95.500000,95.500000,95.500000,5.0,1427.2863,1309.7925,5211.2546,5328.7484,PENDING_AG03,FALSE,NOT_FOR_ENFORCEMENT,6372.9992,364446.1036,6638.5409,6372.9992,265.5416,0.01632659,0.01567352,265.5416,6372.9992,0.01567352,265.5416,265.5416,298.7343,298.7343,298.7343,6372.9992,0.01567352,1427.2863,1309.7925,5211.2546,5328.7484,0.01281637,0.01310533,0.00065306,46.6616,168.5752,2.9478,99.0827,12.5730,6068.7939,33.6119,44.8794,47.4773,8.4329,14.3073,34.3462,193.1745,204.3903,207.7145,14.3073,-10.2195,14.285714,14.518058,3.261379,29,153,76,7,0.30198559,0.01632659,0.04432358,0E-8,0.000000,0.933652,0.003213,-0.04010948,2026-03-22,2026-08-05,67,528,415,137,0.489051,0.945283,0.961806,1.006619,,,,,,,,GLOBAL_BASELINE_NO_ENTITY_RANKING,,,NOT_APPLICABLE_GLOBAL_BASELINE,HF9g-P5,,,,X 全窗基线 · 不参与实体赏罚,14192221,1420,A168_HF9F_20260827_0900,2026-08-27 09:00:00
2026-04-15,129130207,2205,0,364.7249804990,-118.0612653639,-118.0612653639,0.5000000,8,2,0.43156913544207581,0.187662550000,0.19539030479242772,1.1313110101635044,0.19539030479242772,0.24390658544207581,ELIGIBLE,R03b_20260811_FULL_v1,L1_ELIGIBILITY,v2026-08-11,2026-03-21..2026-08-06,baccarat_bet02_101_all_pairs_incl_sentinel,round_win = game_pnl > 0 (decisive only),COMPATIBILITY_ONLY_NOT_PRODUCTION,406609.1881,379631.3579,6638.5409,8714,2252,-0.01632659,-0.04432358,-0.00421410,-0.01632659,-6638.5409,406609.1881,OK,0.0000,265.5416,4.0000,96.0000,AG03-UNRESOLVED,ALL5_LEVELS_bet23_to_bet27,265.5416,265.5416,298.7343,298.7343,298.7343,4.000000,4.000000,4.500000,4.500000,4.500000,96.000000,96.000000,95.500000,95.500000,95.500000,5.0,1427.2863,1309.7925,5211.2546,5328.7484,PENDING_AG03,FALSE,NOT_FOR_ENFORCEMENT,6372.9992,364446.1036,6638.5409,6372.9992,265.5416,0.01632659,0.01567352,265.5416,6372.9992,0.01567352,265.5416,265.5416,298.7343,298.7343,298.7343,6372.9992,0.01567352,1427.2863,1309.7925,5211.2546,5328.7484,0.01281637,0.01310533,0.00065306,46.6616,168.5752,2.9478,99.0827,12.5730,6068.7939,33.6119,44.8794,47.4773,8.4329,14.3073,34.3462,193.1745,204.3903,207.7145,14.3073,-10.2195,14.285714,14.518058,3.261379,29,153,76,7,0.30198559,0.01632659,0.04432358,0E-8,0.000000,0.933652,0.003213,-0.04010948,2026-03-22,2026-08-05,67,528,415,137,0.489051,0.945283,0.961806,1.006619,,,,,,,,GLOBAL_BASELINE_NO_ENTITY_RANKING,,,NOT_APPLICABLE_GLOBAL_BASELINE,HF9g-P5,,,,X 全窗基线 · 不参与实体赏罚,14192222,1420,A168_HF9F_20260827_0900,2026-08-27 09:00:00
2026-04-15,129130207,2250,0,139.1436341788,12.6494212889,12.6494212889,0.5000000,8,2,0.41772823888877854,0.184311250000,0.2359152471150925,1.1514257690445797,0.2359152471150925,0.23341698888877854,ELIGIBLE,R03b_20260811_FULL_v1,L1_ELIGIBILITY,v2026-08-11,2026-03-21..2026-08-06,baccarat_bet02_101_all_pairs_incl_sentinel,round_win = game_pnl > 0 (decisive only),COMPATIBILITY_ONLY_NOT_PRODUCTION,406609.1881,379631.3579,6638.5409,8714,2252,-0.01632659,-0.04432358,-0.00421410,-0.01632659,-6638.5409,406609.1881,OK,0.0000,265.5416,4.0000,96.0000,AG03-UNRESOLVED,ALL5_LEVELS_bet23_to_bet27,265.5416,265.5416,298.7343,298.7343,298.7343,4.000000,4.000000,4.500000,4.500000,4.500000,96.000000,96.000000,95.500000,95.500000,95.500000,5.0,1427.2863,1309.7925,5211.2546,5328.7484,PENDING_AG03,FALSE,NOT_FOR_ENFORCEMENT,6372.9992,364446.1036,6638.5409,6372.9992,265.5416,0.01632659,0.01567352,265.5416,6372.9992,0.01567352,265.5416,265.5416,298.7343,298.7343,298.7343,6372.9992,0.01567352,1427.2863,1309.7925,5211.2546,5328.7484,0.01281637,0.01310533,0.00065306,46.6616,168.5752,2.9478,99.0827,12.5730,6068.7939,33.6119,44.8794,47.4773,8.4329,14.3073,34.3462,193.1745,204.3903,207.7145,14.3073,-10.2195,14.285714,14.518058,3.261379,29,153,76,7,0.30198559,0.01632659,0.04432358,0E-8,0.000000,0.933652,0.003213,-0.04010948,2026-03-22,2026-08-05,67,528,415,137,0.489051,0.945283,0.961806,1.006619,,,,,,,,GLOBAL_BASELINE_NO_ENTITY_RANKING,,,NOT_APPLICABLE_GLOBAL_BASELINE,HF9g-P5,,,,X 全窗基线 · 不参与实体赏罚,14192223,1420,A168_HF9F_20260827_0900,2026-08-27 09:00:00
2026-04-16,129130207,-1,1,198.8067379251,127.2004722450,127.2004722450,1.0000000,8,2,0.43938500544980024,0.187662550000,1.597440667881155,2.94235065680771,1.597440667881155,0.25172245544980024,SENTINEL_DEALER,R03b_20260811_FULL_v1,L1_ELIGIBILITY,v2026-08-11,2026-03-21..2026-08-06,baccarat_bet02_101_all_pairs_incl_sentinel,round_win = game_pnl > 0 (decisive only),COMPATIBILITY_ONLY_NOT_PRODUCTION,406609.1881,379631.3579,6638.5409,8714,2252,-0.01632659,-0.04432358,-0.00421410,-0.01632659,-6638.5409,406609.1881,OK,0.0000,265.5416,4.0000,96.0000,AG03-UNRESOLVED,ALL5_LEVELS_bet23_to_bet27,265.5416,265.5416,298.7343,298.7343,298.7343,4.000000,4.000000,4.500000,4.500000,4.500000,96.000000,96.000000,95.500000,95.500000,95.500000,5.0,1427.2863,1309.7925,5211.2546,5328.7484,PENDING_AG03,FALSE,NOT_FOR_ENFORCEMENT,6372.9992,364446.1036,6638.5409,6372.9992,265.5416,0.01632659,0.01567352,265.5416,6372.9992,0.01567352,265.5416,265.5416,298.7343,298.7343,298.7343,6372.9992,0.01567352,1427.2863,1309.7925,5211.2546,5328.7484,0.01281637,0.01310533,0.00065306,46.6616,168.5752,2.9478,99.0827,12.5730,6068.7939,33.6119,44.8794,47.4773,8.4329,14.3073,34.3462,193.1745,204.3903,207.7145,14.3073,-10.2195,14.285714,14.518058,3.261379,29,153,76,7,0.30198559,0.01632659,0.04432358,0E-8,0.000000,0.933652,0.003213,-0.04010948,2026-03-22,2026-08-05,67,528,415,137,0.489051,0.945283,0.961806,1.006619,,,,,,,,GLOBAL_BASELINE_NO_ENTITY_RANKING,,,NOT_APPLICABLE_GLOBAL_BASELINE,HF9g-P5,,,,X 全窗基线 · 不参与实体赏罚,14192224,1420,A168_HF9F_20260827_0900,2026-08-27 09:00:00
2026-04-16,129130207,1210,0,316.4463559127,-316.4463559127,-316.4463559127,0E-7,8,2,0.41813134094090535,0.187662550000,-1.1988335147463143,-0.6797286364807011,-1.1988335147463143,0.23046879094090535,ELIGIBLE,R03b_20260811_FULL_v1,L1_ELIGIBILITY,v2026-08-11,2026-03-21..2026-08-06,baccarat_bet02_101_all_pairs_incl_sentinel,round_win = game_pnl > 0 (decisive only),COMPATIBILITY_ONLY_NOT_PRODUCTION,406609.1881,379631.3579,6638.5409,8714,2252,-0.01632659,-0.04432358,-0.00421410,-0.01632659,-6638.5409,406609.1881,OK,0.0000,265.5416,4.0000,96.0000,AG03-UNRESOLVED,ALL5_LEVELS_bet23_to_bet27,265.5416,265.5416,298.7343,298.7343,298.7343,4.000000,4.000000,4.500000,4.500000,4.500000,96.000000,96.000000,95.500000,95.500000,95.500000,5.0,1427.2863,1309.7925,5211.2546,5328.7484,PENDING_AG03,FALSE,NOT_FOR_ENFORCEMENT,6372.9992,364446.1036,6638.5409,6372.9992,265.5416,0.01632659,0.01567352,265.5416,6372.9992,0.01567352,265.5416,265.5416,298.7343,298.7343,298.7343,6372.9992,0.01567352,1427.2863,1309.7925,5211.2546,5328.7484,0.01281637,0.01310533,0.00065306,46.6616,168.5752,2.9478,99.0827,12.5730,6068.7939,33.6119,44.8794,47.4773,8.4329,14.3073,34.3462,193.1745,204.3903,207.7145,14.3073,-10.2195,14.285714,14.518058,3.261379,29,153,76,7,0.30198559,0.01632659,0.04432358,0E-8,0.000000,0.933652,0.003213,-0.04010948,2026-03-22,2026-08-05,67,528,415,137,0.489051,0.945283,0.961806,1.006619,,,,,,,,GLOBAL_BASELINE_NO_ENTITY_RANKING,,,NOT_APPLICABLE_GLOBAL_BASELINE,HF9g-P5,,,,X 全窗基线 · 不参与实体赏罚,14192225,1420,A168_HF9F_20260827_0900,2026-08-27 09:00:00
2026-04-16,129130207,1307,0,134.9271604158,-33.7317901040,-33.7317901040,0E-7,4,1,0.42690366249988179,0.187662550000,-0.8630801410212825,-0.48064072822218945,-0.8630801410212825,0.23924111249988179,ELIGIBLE,R03b_20260811_FULL_v1,L1_ELIGIBILITY,v2026-08-11,2026-03-21..2026-08-06,baccarat_bet02_101_all_pairs_incl_sentinel,round_win = game_pnl > 0 (decisive only),COMPATIBILITY_ONLY_NOT_PRODUCTION,406609.1881,379631.3579,6638.5409,8714,2252,-0.01632659,-0.04432358,-0.00421410,-0.01632659,-6638.5409,406609.1881,OK,0.0000,265.5416,4.0000,96.0000,AG03-UNRESOLVED,ALL5_LEVELS_bet23_to_bet27,265.5416,265.5416,298.7343,298.7343,298.7343,4.000000,4.000000,4.500000,4.500000,4.500000,96.000000,96.000000,95.500000,95.500000,95.500000,5.0,1427.2863,1309.7925,5211.2546,5328.7484,PENDING_AG03,FALSE,NOT_FOR_ENFORCEMENT,6372.9992,364446.1036,6638.5409,6372.9992,265.5416,0.01632659,0.01567352,265.5416,6372.9992,0.01567352,265.5416,265.5416,298.7343,298.7343,298.7343,6372.9992,0.01567352,1427.2863,1309.7925,5211.2546,5328.7484,0.01281637,0.01310533,0.00065306,46.6616,168.5752,2.9478,99.0827,12.5730,6068.7939,33.6119,44.8794,47.4773,8.4329,14.3073,34.3462,193.1745,204.3903,207.7145,14.3073,-10.2195,14.285714,14.518058,3.261379,29,153,76,7,0.30198559,0.01632659,0.04432358,0E-8,0.000000,0.933652,0.003213,-0.04010948,2026-03-22,2026-08-05,67,528,415,137,0.489051,0.945283,0.961806,1.006619,,,,,,,,GLOBAL_BASELINE_NO_ENTITY_RANKING,,,NOT_APPLICABLE_GLOBAL_BASELINE,HF9g-P5,,,,X 全窗基线 · 不参与实体赏罚,14192226,1420,A168_HF9F_20260827_0900,2026-08-27 09:00:00
2026-04-16,129130207,1318,0,566.0616026819,166.6034195599,166.6034195599,0.8571429,28,7,0.43178285900349875,0.187662550000,2.2720391016217425,4.536592624532326,2.2720391016217425,0.24412030900349875,ELIGIBLE,R03b_20260811_FULL_v1,L1_ELIGIBILITY,v2026-08-11,2026-03-21..2026-08-06,baccarat_bet02_101_all_pairs_incl_sentinel,round_win = game_pnl > 0 (decisive only),COMPATIBILITY_ONLY_NOT_PRODUCTION,406609.1881,379631.3579,6638.5409,8714,2252,-0.01632659,-0.04432358,-0.00421410,-0.01632659,-6638.5409,406609.1881,OK,0.0000,265.5416,4.0000,96.0000,AG03-UNRESOLVED,ALL5_LEVELS_bet23_to_bet27,265.5416,265.5416,298.7343,298.7343,298.7343,4.000000,4.000000,4.500000,4.500000,4.500000,96.000000,96.000000,95.500000,95.500000,95.500000,5.0,1427.2863,1309.7925,5211.2546,5328.7484,PENDING_AG03,FALSE,NOT_FOR_ENFORCEMENT,6372.9992,364446.1036,6638.5409,6372.9992,265.5416,0.01632659,0.01567352,265.5416,6372.9992,0.01567352,265.5416,265.5416,298.7343,298.7343,298.7343,6372.9992,0.01567352,1427.2863,1309.7925,5211.2546,5328.7484,0.01281637,0.01310533,0.00065306,46.6616,168.5752,2.9478,99.0827,12.5730,6068.7939,33.6119,44.8794,47.4773,8.4329,14.3073,34.3462,193.1745,204.3903,207.7145,14.3073,-10.2195,14.285714,14.518058,3.261379,29,153,76,7,0.30198559,0.01632659,0.04432358,0E-8,0.000000,0.933652,0.003213,-0.04010948,2026-03-22,2026-08-05,67,528,415,137,0.489051,0.945283,0.961806,1.006619,,,,,,,,GLOBAL_BASELINE_NO_ENTITY_RANKING,,,NOT_APPLICABLE_GLOBAL_BASELINE,HF9g-P5,,,,X 全窗基线 · 不参与实体赏罚,14192227,1420,A168_HF9F_20260827_0900,2026-08-27 09:00:00
2026-04-16,129130207,1363,0,364.7249804990,-134.5055130396,-134.5055130396,0.5000000,8,2,0.43044944350997643,0.187662550000,0.19864991860897047,1.1313110101635044,0.19864991860897047,0.24278689350997643,ELIGIBLE,R03b_20260811_FULL_v1,L1_ELIGIBILITY,v2026-08-11,2026-03-21..2026-08-06,baccarat_bet02_101_all_pairs_incl_sentinel,round_win = game_pnl > 0 (decisive only),COMPATIBILITY_ONLY_NOT_PRODUCTION,406609.1881,379631.3579,6638.5409,8714,2252,-0.01632659,-0.04432358,-0.00421410,-0.01632659,-6638.5409,406609.1881,OK,0.0000,265.5416,4.0000,96.0000,AG03-UNRESOLVED,ALL5_LEVELS_bet23_to_bet27,265.5416,265.5416,298.7343,298.7343,298.7343,4.000000,4.000000,4.500000,4.500000,4.500000,96.000000,96.000000,95.500000,95.500000,95.500000,5.0,1427.2863,1309.7925,5211.2546,5328.7484,PENDING_AG03,FALSE,NOT_FOR_ENFORCEMENT,6372.9992,364446.1036,6638.5409,6372.9992,265.5416,0.01632659,0.01567352,265.5416,6372.9992,0.01567352,265.5416,265.5416,298.7343,298.7343,298.7343,6372.9992,0.01567352,1427.2863,1309.7925,5211.2546,5328.7484,0.01281637,0.01310533,0.00065306,46.6616,168.5752,2.9478,99.0827,12.5730,6068.7939,33.6119,44.8794,47.4773,8.4329,14.3073,34.3462,193.1745,204.3903,207.7145,14.3073,-10.2195,14.285714,14.518058,3.261379,29,153,76,7,0.30198559,0.01632659,0.04432358,0E-8,0.000000,0.933652,0.003213,-0.04010948,2026-03-22,2026-08-05,67,528,415,137,0.489051,0.945283,0.961806,1.006619,,,,,,,,GLOBAL_BASELINE_NO_ENTITY_RANKING,,,NOT_APPLICABLE_GLOBAL_BASELINE,HF9g-P5,,,,X 全窗基线 · 不参与实体赏罚,14192228,1420,A168_HF9F_20260827_0900,2026-08-27 09:00:00
2026-04-16,129130207,1374,0,189.7413193347,-189.7413193347,-189.7413193347,0E-7,4,1,0.43576444444433237,0.187662550000,-0.8788113775722743,-0.48064072822218945,-0.8788113775722743,0.24810189444433237,ELIGIBLE,R03b_20260811_FULL_v1,L1_ELIGIBILITY,v2026-08-11,2026-03-21..2026-08-06,baccarat_bet02_101_all_pairs_incl_sentinel,round_win = game_pnl > 0 (decisive only),COMPATIBILITY_ONLY_NOT_PRODUCTION,406609.1881,379631.3579,6638.5409,8714,2252,-0.01632659,-0.04432358,-0.00421410,-0.01632659,-6638.5409,406609.1881,OK,0.0000,265.5416,4.0000,96.0000,AG03-UNRESOLVED,ALL5_LEVELS_bet23_to_bet27,265.5416,265.5416,298.7343,298.7343,298.7343,4.000000,4.000000,4.500000,4.500000,4.500000,96.000000,96.000000,95.500000,95.500000,95.500000,5.0,1427.2863,1309.7925,5211.2546,5328.7484,PENDING_AG03,FALSE,NOT_FOR_ENFORCEMENT,6372.9992,364446.1036,6638.5409,6372.9992,265.5416,0.01632659,0.01567352,265.5416,6372.9992,0.01567352,265.5416,265.5416,298.7343,298.7343,298.7343,6372.9992,0.01567352,1427.2863,1309.7925,5211.2546,5328.7484,0.01281637,0.01310533,0.00065306,46.6616,168.5752,2.9478,99.0827,12.5730,6068.7939,33.6119,44.8794,47.4773,8.4329,14.3073,34.3462,193.1745,204.3903,207.7145,14.3073,-10.2195,14.285714,14.518058,3.261379,29,153,76,7,0.30198559,0.01632659,0.04432358,0E-8,0.000000,0.933652,0.003213,-0.04010948,2026-03-22,2026-08-05,67,528,415,137,0.489051,0.945283,0.961806,1.006619,,,,,,,,GLOBAL_BASELINE_NO_ENTITY_RANKING,,,NOT_APPLICABLE_GLOBAL_BASELINE,HF9g-P5,,,,X 全窗基线 · 不参与实体赏罚,14192229,1420,A168_HF9F_20260827_0900,2026-08-27 09:00:00
2026-04-16,129130207,1399,0,301.4778740541,31.5181413782,31.5181413782,0.6666667,12,3,0.42640271859665751,0.187662550000,0.8414643322635094,2.1249211973513655,0.8414643322635094,0.23874016859665751,ELIGIBLE,R03b_20260811_FULL_v1,L1_ELIGIBILITY,v2026-08-11,2026-03-21..2026-08-06,baccarat_bet02_101_all_pairs_incl_sentinel,round_win = game_pnl > 0 (decisive only),COMPATIBILITY_ONLY_NOT_PRODUCTION,406609.1881,379631.3579,6638.5409,8714,2252,-0.01632659,-0.04432358,-0.00421410,-0.01632659,-6638.5409,406609.1881,OK,0.0000,265.5416,4.0000,96.0000,AG03-UNRESOLVED,ALL5_LEVELS_bet23_to_bet27,265.5416,265.5416,298.7343,298.7343,298.7343,4.000000,4.000000,4.500000,4.500000,4.500000,96.000000,96.000000,95.500000,95.500000,95.500000,5.0,1427.2863,1309.7925,5211.2546,5328.7484,PENDING_AG03,FALSE,NOT_FOR_ENFORCEMENT,6372.9992,364446.1036,6638.5409,6372.9992,265.5416,0.01632659,0.01567352,265.5416,6372.9992,0.01567352,265.5416,265.5416,298.7343,298.7343,298.7343,6372.9992,0.01567352,1427.2863,1309.7925,5211.2546,5328.7484,0.01281637,0.01310533,0.00065306,46.6616,168.5752,2.9478,99.0827,12.5730,6068.7939,33.6119,44.8794,47.4773,8.4329,14.3073,34.3462,193.1745,204.3903,207.7145,14.3073,-10.2195,14.285714,14.518058,3.261379,29,153,76,7,0.30198559,0.01632659,0.04432358,0E-8,0.000000,0.933652,0.003213,-0.04010948,2026-03-22,2026-08-05,67,528,415,137,0.489051,0.945283,0.961806,1.006619,,,,,,,,GLOBAL_BASELINE_NO_ENTITY_RANKING,,,NOT_APPLICABLE_GLOBAL_BASELINE,HF9g-P5,,,,X 全窗基线 · 不参与实体赏罚,14192230,1420,A168_HF9F_20260827_0900,2026-08-27 09:00:00
2026-04-16,129130207,1405,0,156.0095292308,105.4118440748,105.4118440748,1.0000000,8,2,0.42640007748529430,0.184311250000,1.6402532326918309,2.9750982455654875,1.6402532326918309,0.24208882748529430,ELIGIBLE,R03b_20260811_FULL_v1,L1_ELIGIBILITY,v2026-08-11,2026-03-21..2026-08-06,baccarat_bet02_101_all_pairs_incl_sentinel,round_win = game_pnl > 0 (decisive only),COMPATIBILITY_ONLY_NOT_PRODUCTION,406609.1881,379631.3579,6638.5409,8714,2252,-0.01632659,-0.04432358,-0.00421410,-0.01632659,-6638.5409,406609.1881,OK,0.0000,265.5416,4.0000,96.0000,AG03-UNRESOLVED,ALL5_LEVELS_bet23_to_bet27,265.5416,265.5416,298.7343,298.7343,298.7343,4.000000,4.000000,4.500000,4.500000,4.500000,96.000000,96.000000,95.500000,95.500000,95.500000,5.0,1427.2863,1309.7925,5211.2546,5328.7484,PENDING_AG03,FALSE,NOT_FOR_ENFORCEMENT,6372.9992,364446.1036,6638.5409,6372.9992,265.5416,0.01632659,0.01567352,265.5416,6372.9992,0.01567352,265.5416,265.5416,298.7343,298.7343,298.7343,6372.9992,0.01567352,1427.2863,1309.7925,5211.2546,5328.7484,0.01281637,0.01310533,0.00065306,46.6616,168.5752,2.9478,99.0827,12.5730,6068.7939,33.6119,44.8794,47.4773,8.4329,14.3073,34.3462,193.1745,204.3903,207.7145,14.3073,-10.2195,14.285714,14.518058,3.261379,29,153,76,7,0.30198559,0.01632659,0.04432358,0E-8,0.000000,0.933652,0.003213,-0.04010948,2026-03-22,2026-08-05,67,528,415,137,0.489051,0.945283,0.961806,1.006619,,,,,,,,GLOBAL_BASELINE_NO_ENTITY_RANKING,,,NOT_APPLICABLE_GLOBAL_BASELINE,HF9g-P5,,,,X 全窗基线 · 不参与实体赏罚,14192231,1420,A168_HF9F_20260827_0900,2026-08-27 09:00:00
2026-04-16,129130207,1702,0,605.0639849895,550.2498260702,550.2498260702,1.0000000,21,6,0.43557202442586616,0.240827241667,2.788366789978379,4.349037248686504,2.788366789978379,0.19474478275886616,ELIGIBLE,R03b_20260811_FULL_v1,L1_ELIGIBILITY,v2026-08-11,2026-03-21..2026-08-06,baccarat_bet02_101_all_pairs_incl_sentinel,round_win = game_pnl > 0 (decisive only),COMPATIBILITY_ONLY_NOT_PRODUCTION,406609.1881,379631.3579,6638.5409,8714,2252,-0.01632659,-0.04432358,-0.00421410,-0.01632659,-6638.5409,406609.1881,OK,0.0000,265.5416,4.0000,96.0000,AG03-UNRESOLVED,ALL5_LEVELS_bet23_to_bet27,265.5416,265.5416,298.7343,298.7343,298.7343,4.000000,4.000000,4.500000,4.500000,4.500000,96.000000,96.000000,95.500000,95.500000,95.500000,5.0,1427.2863,1309.7925,5211.2546,5328.7484,PENDING_AG03,FALSE,NOT_FOR_ENFORCEMENT,6372.9992,364446.1036,6638.5409,6372.9992,265.5416,0.01632659,0.01567352,265.5416,6372.9992,0.01567352,265.5416,265.5416,298.7343,298.7343,298.7343,6372.9992,0.01567352,1427.2863,1309.7925,5211.2546,5328.7484,0.01281637,0.01310533,0.00065306,46.6616,168.5752,2.9478,99.0827,12.5730,6068.7939,33.6119,44.8794,47.4773,8.4329,14.3073,34.3462,193.1745,204.3903,207.7145,14.3073,-10.2195,14.285714,14.518058,3.261379,29,153,76,7,0.30198559,0.01632659,0.04432358,0E-8,0.000000,0.933652,0.003213,-0.04010948,2026-03-22,2026-08-05,67,528,415,137,0.489051,0.945283,0.961806,1.006619,,,,,,,,GLOBAL_BASELINE_NO_ENTITY_RANKING,,,NOT_APPLICABLE_GLOBAL_BASELINE,HF9g-P5,,,,X 全窗基线 · 不参与实体赏罚,14192232,1420,A168_HF9F_20260827_0900,2026-08-27 09:00:00
2026-04-16,129130207,1941,0,1085.7419939708,-286.7202158838,-286.7202158838,0.6000000,20,5,0.43717868196499867,0.187662550000,0.7339754105648932,2.3614607886975065,0.7339754105648932,0.24951613196499867,ELIGIBLE,R03b_20260811_FULL_v1,L1_ELIGIBILITY,v2026-08-11,2026-03-21..2026-08-06,baccarat_bet02_101_all_pairs_incl_sentinel,round_win = game_pnl > 0 (decisive only),COMPATIBILITY_ONLY_NOT_PRODUCTION,406609.1881,379631.3579,6638.5409,8714,2252,-0.01632659,-0.04432358,-0.00421410,-0.01632659,-6638.5409,406609.1881,OK,0.0000,265.5416,4.0000,96.0000,AG03-UNRESOLVED,ALL5_LEVELS_bet23_to_bet27,265.5416,265.5416,298.7343,298.7343,298.7343,4.000000,4.000000,4.500000,4.500000,4.500000,96.000000,96.000000,95.500000,95.500000,95.500000,5.0,1427.2863,1309.7925,5211.2546,5328.7484,PENDING_AG03,FALSE,NOT_FOR_ENFORCEMENT,6372.9992,364446.1036,6638.5409,6372.9992,265.5416,0.01632659,0.01567352,265.5416,6372.9992,0.01567352,265.5416,265.5416,298.7343,298.7343,298.7343,6372.9992,0.01567352,1427.2863,1309.7925,5211.2546,5328.7484,0.01281637,0.01310533,0.00065306,46.6616,168.5752,2.9478,99.0827,12.5730,6068.7939,33.6119,44.8794,47.4773,8.4329,14.3073,34.3462,193.1745,204.3903,207.7145,14.3073,-10.2195,14.285714,14.518058,3.261379,29,153,76,7,0.30198559,0.01632659,0.04432358,0E-8,0.000000,0.933652,0.003213,-0.04010948,2026-03-22,2026-08-05,67,528,415,137,0.489051,0.945283,0.961806,1.006619,,,,,,,,GLOBAL_BASELINE_NO_ENTITY_RANKING,,,NOT_APPLICABLE_GLOBAL_BASELINE,HF9g-P5,,,,X 全窗基线 · 不参与实体赏罚,14192233,1420,A168_HF9F_20260827_0900,2026-08-27 09:00:00
2026-04-16,129130207,2250,0,361.9842725530,-210.1912170853,-210.1912170853,0.3333333,12,3,0.43784028745423220,0.187662550000,-0.36485314846934414,0.6462135179418145,-0.36485314846934414,0.25017773745423220,ELIGIBLE,R03b_20260811_FULL_v1,L1_ELIGIBILITY,v2026-08-11,2026-03-21..2026-08-06,baccarat_bet02_101_all_pairs_incl_sentinel,round_win = game_pnl > 0 (decisive only),COMPATIBILITY_ONLY_NOT_PRODUCTION,406609.1881,379631.3579,6638.5409,8714,2252,-0.01632659,-0.04432358,-0.00421410,-0.01632659,-6638.5409,406609.1881,OK,0.0000,265.5416,4.0000,96.0000,AG03-UNRESOLVED,ALL5_LEVELS_bet23_to_bet27,265.5416,265.5416,298.7343,298.7343,298.7343,4.000000,4.000000,4.500000,4.500000,4.500000,96.000000,96.000000,95.500000,95.500000,95.500000,5.0,1427.2863,1309.7925,5211.2546,5328.7484,PENDING_AG03,FALSE,NOT_FOR_ENFORCEMENT,6372.9992,364446.1036,6638.5409,6372.9992,265.5416,0.01632659,0.01567352,265.5416,6372.9992,0.01567352,265.5416,265.5416,298.7343,298.7343,298.7343,6372.9992,0.01567352,1427.2863,1309.7925,5211.2546,5328.7484,0.01281637,0.01310533,0.00065306,46.6616,168.5752,2.9478,99.0827,12.5730,6068.7939,33.6119,44.8794,47.4773,8.4329,14.3073,34.3462,193.1745,204.3903,207.7145,14.3073,-10.2195,14.285714,14.518058,3.261379,29,153,76,7,0.30198559,0.01632659,0.04432358,0E-8,0.000000,0.933652,0.003213,-0.04010948,2026-03-22,2026-08-05,67,528,415,137,0.489051,0.945283,0.961806,1.006619,,,,,,,,GLOBAL_BASELINE_NO_ENTITY_RANKING,,,NOT_APPLICABLE_GLOBAL_BASELINE,HF9g-P5,,,,X 全窗基线 · 不参与实体赏罚,14192234,1420,A168_HF9F_20260827_0900,2026-08-27 09:00:00
2026-04-16,129130207,2251,0,289.6717475177,20.3023211686,20.3023211686,0.7500000,16,4,0.41730795044051170,0.187662550000,1.349349779839015,2.880513788975041,1.349349779839015,0.22964540044051170,ELIGIBLE,R03b_20260811_FULL_v1,L1_ELIGIBILITY,v2026-08-11,2026-03-21..2026-08-06,baccarat_bet02_101_all_pairs_incl_sentinel,round_win = game_pnl > 0 (decisive only),COMPATIBILITY_ONLY_NOT_PRODUCTION,406609.1881,379631.3579,6638.5409,8714,2252,-0.01632659,-0.04432358,-0.00421410,-0.01632659,-6638.5409,406609.1881,OK,0.0000,265.5416,4.0000,96.0000,AG03-UNRESOLVED,ALL5_LEVELS_bet23_to_bet27,265.5416,265.5416,298.7343,298.7343,298.7343,4.000000,4.000000,4.500000,4.500000,4.500000,96.000000,96.000000,95.500000,95.500000,95.500000,5.0,1427.2863,1309.7925,5211.2546,5328.7484,PENDING_AG03,FALSE,NOT_FOR_ENFORCEMENT,6372.9992,364446.1036,6638.5409,6372.9992,265.5416,0.01632659,0.01567352,265.5416,6372.9992,0.01567352,265.5416,265.5416,298.7343,298.7343,298.7343,6372.9992,0.01567352,1427.2863,1309.7925,5211.2546,5328.7484,0.01281637,0.01310533,0.00065306,46.6616,168.5752,2.9478,99.0827,12.5730,6068.7939,33.6119,44.8794,47.4773,8.4329,14.3073,34.3462,193.1745,204.3903,207.7145,14.3073,-10.2195,14.285714,14.518058,3.261379,29,153,76,7,0.30198559,0.01632659,0.04432358,0E-8,0.000000,0.933652,0.003213,-0.04010948,2026-03-22,2026-08-05,67,528,415,137,0.489051,0.945283,0.961806,1.006619,,,,,,,,GLOBAL_BASELINE_NO_ENTITY_RANKING,,,NOT_APPLICABLE_GLOBAL_BASELINE,HF9g-P5,,,,X 全窗基线 · 不参与实体赏罚,14192235,1420,A168_HF9F_20260827_0900,2026-08-27 09:00:00
2026-04-20,129130207,1374,0,474.3532983367,-167.6048320790,-167.6048320790,0.3333333,12,3,0.43744775195091497,0.187662550000,-0.3635188860880578,0.6462135179418145,-0.3635188860880578,0.24978520195091497,ELIGIBLE,R03b_20260811_FULL_v1,L1_ELIGIBILITY,v2026-08-11,2026-03-21..2026-08-06,baccarat_bet02_101_all_pairs_incl_sentinel,round_win = game_pnl > 0 (decisive only),COMPATIBILITY_ONLY_NOT_PRODUCTION,406609.1881,379631.3579,6638.5409,8714,2252,-0.01632659,-0.04432358,-0.00421410,-0.01632659,-6638.5409,406609.1881,OK,0.0000,265.5416,4.0000,96.0000,AG03-UNRESOLVED,ALL5_LEVELS_bet23_to_bet27,265.5416,265.5416,298.7343,298.7343,298.7343,4.000000,4.000000,4.500000,4.500000,4.500000,96.000000,96.000000,95.500000,95.500000,95.500000,5.0,1427.2863,1309.7925,5211.2546,5328.7484,PENDING_AG03,FALSE,NOT_FOR_ENFORCEMENT,6372.9992,364446.1036,6638.5409,6372.9992,265.5416,0.01632659,0.01567352,265.5416,6372.9992,0.01567352,265.5416,265.5416,298.7343,298.7343,298.7343,6372.9992,0.01567352,1427.2863,1309.7925,5211.2546,5328.7484,0.01281637,0.01310533,0.00065306,46.6616,168.5752,2.9478,99.0827,12.5730,6068.7939,33.6119,44.8794,47.4773,8.4329,14.3073,34.3462,193.1745,204.3903,207.7145,14.3073,-10.2195,14.285714,14.518058,3.261379,29,153,76,7,0.30198559,0.01632659,0.04432358,0E-8,0.000000,0.933652,0.003213,-0.04010948,2026-03-22,2026-08-05,67,528,415,137,0.489051,0.945283,0.961806,1.006619,,,,,,,,GLOBAL_BASELINE_NO_ENTITY_RANKING,,,NOT_APPLICABLE_GLOBAL_BASELINE,HF9g-P5,,,,X 全窗基线 · 不参与实体赏罚,14192236,1420,A168_HF9F_20260827_0900,2026-08-27 09:00:00
2026-04-20,129130207,2229,0,127.5483313306,-43.2715619928,-43.2715619928,0.5000000,5,2,0.47475188499996218,0.347156625000,0.07150367401175237,0.45404028474569474,0.07150367401175237,0.12759525999996218,ELIGIBLE,R03b_20260811_FULL_v1,L1_ELIGIBILITY,v2026-08-11,2026-03-21..2026-08-06,baccarat_bet02_101_all_pairs_incl_sentinel,round_win = game_pnl > 0 (decisive only),COMPATIBILITY_ONLY_NOT_PRODUCTION,406609.1881,379631.3579,6638.5409,8714,2252,-0.01632659,-0.04432358,-0.00421410,-0.01632659,-6638.5409,406609.1881,OK,0.0000,265.5416,4.0000,96.0000,AG03-UNRESOLVED,ALL5_LEVELS_bet23_to_bet27,265.5416,265.5416,298.7343,298.7343,298.7343,4.000000,4.000000,4.500000,4.500000,4.500000,96.000000,96.000000,95.500000,95.500000,95.500000,5.0,1427.2863,1309.7925,5211.2546,5328.7484,PENDING_AG03,FALSE,NOT_FOR_ENFORCEMENT,6372.9992,364446.1036,6638.5409,6372.9992,265.5416,0.01632659,0.01567352,265.5416,6372.9992,0.01567352,265.5416,265.5416,298.7343,298.7343,298.7343,6372.9992,0.01567352,1427.2863,1309.7925,5211.2546,5328.7484,0.01281637,0.01310533,0.00065306,46.6616,168.5752,2.9478,99.0827,12.5730,6068.7939,33.6119,44.8794,47.4773,8.4329,14.3073,34.3462,193.1745,204.3903,207.7145,14.3073,-10.2195,14.285714,14.518058,3.261379,29,153,76,7,0.30198559,0.01632659,0.04432358,0E-8,0.000000,0.933652,0.003213,-0.04010948,2026-03-22,2026-08-05,67,528,415,137,0.489051,0.945283,0.961806,1.006619,,,,,,,,GLOBAL_BASELINE_NO_ENTITY_RANKING,,,NOT_APPLICABLE_GLOBAL_BASELINE,HF9g-P5,,,,X 全窗基线 · 不参与实体赏罚,14192237,1420,A168_HF9F_20260827_0900,2026-08-27 09:00:00
2026-04-21,129130207,-1,1,126.4942128898,-80.1130014969,-80.1130014969,0E-7,5,2,0.47307299999995809,0.347156625000,-0.9475210231974945,-0.7292194237231159,-0.9475210231974945,0.12591637499995809,SENTINEL_DEALER,R03b_20260811_FULL_v1,L1_ELIGIBILITY,v2026-08-11,2026-03-21..2026-08-06,baccarat_bet02_101_all_pairs_incl_sentinel,round_win = game_pnl > 0 (decisive only),COMPATIBILITY_ONLY_NOT_PRODUCTION,406609.1881,379631.3579,6638.5409,8714,2252,-0.01632659,-0.04432358,-0.00421410,-0.01632659,-6638.5409,406609.1881,OK,0.0000,265.5416,4.0000,96.0000,AG03-UNRESOLVED,ALL5_LEVELS_bet23_to_bet27,265.5416,265.5416,298.7343,298.7343,298.7343,4.000000,4.000000,4.500000,4.500000,4.500000,96.000000,96.000000,95.500000,95.500000,95.500000,5.0,1427.2863,1309.7925,5211.2546,5328.7484,PENDING_AG03,FALSE,NOT_FOR_ENFORCEMENT,6372.9992,364446.1036,6638.5409,6372.9992,265.5416,0.01632659,0.01567352,265.5416,6372.9992,0.01567352,265.5416,265.5416,298.7343,298.7343,298.7343,6372.9992,0.01567352,1427.2863,1309.7925,5211.2546,5328.7484,0.01281637,0.01310533,0.00065306,46.6616,168.5752,2.9478,99.0827,12.5730,6068.7939,33.6119,44.8794,47.4773,8.4329,14.3073,34.3462,193.1745,204.3903,207.7145,14.3073,-10.2195,14.285714,14.518058,3.261379,29,153,76,7,0.30198559,0.01632659,0.04432358,0E-8,0.000000,0.933652,0.003213,-0.04010948,2026-03-22,2026-08-05,67,528,415,137,0.489051,0.945283,0.961806,1.006619,,,,,,,,GLOBAL_BASELINE_NO_ENTITY_RANKING,,,NOT_APPLICABLE_GLOBAL_BASELINE,HF9g-P5,,,,X 全窗基线 · 不参与实体赏罚,14192238,1420,A168_HF9F_20260827_0900,2026-08-27 09:00:00
2026-04-21,129130207,2235,0,147.5765817048,-147.5765817048,-147.5765817048,0E-7,4,1,0.40497857142845181,0.184311250000,-0.8249919652178411,-0.47535020548684115,-0.8249919652178411,0.22066732142845181,ELIGIBLE,R03b_20260811_FULL_v1,L1_ELIGIBILITY,v2026-08-11,2026-03-21..2026-08-06,baccarat_bet02_101_all_pairs_incl_sentinel,round_win = game_pnl > 0 (decisive only),COMPATIBILITY_ONLY_NOT_PRODUCTION,406609.1881,379631.3579,6638.5409,8714,2252,-0.01632659,-0.04432358,-0.00421410,-0.01632659,-6638.5409,406609.1881,OK,0.0000,265.5416,4.0000,96.0000,AG03-UNRESOLVED,ALL5_LEVELS_bet23_to_bet27,265.5416,265.5416,298.7343,298.7343,298.7343,4.000000,4.000000,4.500000,4.500000,4.500000,96.000000,96.000000,95.500000,95.500000,95.500000,5.0,1427.2863,1309.7925,5211.2546,5328.7484,PENDING_AG03,FALSE,NOT_FOR_ENFORCEMENT,6372.9992,364446.1036,6638.5409,6372.9992,265.5416,0.01632659,0.01567352,265.5416,6372.9992,0.01567352,265.5416,265.5416,298.7343,298.7343,298.7343,6372.9992,0.01567352,1427.2863,1309.7925,5211.2546,5328.7484,0.01281637,0.01310533,0.00065306,46.6616,168.5752,2.9478,99.0827,12.5730,6068.7939,33.6119,44.8794,47.4773,8.4329,14.3073,34.3462,193.1745,204.3903,207.7145,14.3073,-10.2195,14.285714,14.518058,3.261379,29,153,76,7,0.30198559,0.01632659,0.04432358,0E-8,0.000000,0.933652,0.003213,-0.04010948,2026-03-22,2026-08-05,67,528,415,137,0.489051,0.945283,0.961806,1.006619,,,,,,,,GLOBAL_BASELINE_NO_ENTITY_RANKING,,,NOT_APPLICABLE_GLOBAL_BASELINE,HF9g-P5,,,,X 全窗基线 · 不参与实体赏罚,14192239,1420,A168_HF9F_20260827_0900,2026-08-27 09:00:00
2026-04-21,129130207,2239,0,147.5765817048,-147.5765817048,-147.5765817048,0E-7,4,1,0.40497857142845181,0.184311250000,-0.8249919652178411,-0.47535020548684115,-0.8249919652178411,0.22066732142845181,ELIGIBLE,R03b_20260811_FULL_v1,L1_ELIGIBILITY,v2026-08-11,2026-03-21..2026-08-06,baccarat_bet02_101_all_pairs_incl_sentinel,round_win = game_pnl > 0 (decisive only),COMPATIBILITY_ONLY_NOT_PRODUCTION,406609.1881,379631.3579,6638.5409,8714,2252,-0.01632659,-0.04432358,-0.00421410,-0.01632659,-6638.5409,406609.1881,OK,0.0000,265.5416,4.0000,96.0000,AG03-UNRESOLVED,ALL5_LEVELS_bet23_to_bet27,265.5416,265.5416,298.7343,298.7343,298.7343,4.000000,4.000000,4.500000,4.500000,4.500000,96.000000,96.000000,95.500000,95.500000,95.500000,5.0,1427.2863,1309.7925,5211.2546,5328.7484,PENDING_AG03,FALSE,NOT_FOR_ENFORCEMENT,6372.9992,364446.1036,6638.5409,6372.9992,265.5416,0.01632659,0.01567352,265.5416,6372.9992,0.01567352,265.5416,265.5416,298.7343,298.7343,298.7343,6372.9992,0.01567352,1427.2863,1309.7925,5211.2546,5328.7484,0.01281637,0.01310533,0.00065306,46.6616,168.5752,2.9478,99.0827,12.5730,6068.7939,33.6119,44.8794,47.4773,8.4329,14.3073,34.3462,193.1745,204.3903,207.7145,14.3073,-10.2195,14.285714,14.518058,3.261379,29,153,76,7,0.30198559,0.01632659,0.04432358,0E-8,0.000000,0.933652,0.003213,-0.04010948,2026-03-22,2026-08-05,67,528,415,137,0.489051,0.945283,0.961806,1.006619,,,,,,,,GLOBAL_BASELINE_NO_ENTITY_RANKING,,,NOT_APPLICABLE_GLOBAL_BASELINE,HF9g-P5,,,,X 全窗基线 · 不参与实体赏罚,14192240,1420,A168_HF9F_20260827_0900,2026-08-27 09:00:00
2026-04-21,129130207,583,0,46.3812113929,-46.3812113929,-46.3812113929,0E-7,4,1,0.39065500909065900,0.187662550000,-0.8006912378944915,-0.48064072822218945,-0.8006912378944915,0.20299245909065900,ELIGIBLE,R03b_20260811_FULL_v1,L1_ELIGIBILITY,v2026-08-11,2026-03-21..2026-08-06,baccarat_bet02_101_all_pairs_incl_sentinel,round_win = game_pnl > 0 (decisive only),COMPATIBILITY_ONLY_NOT_PRODUCTION,406609.1881,379631.3579,6638.5409,8714,2252,-0.01632659,-0.04432358,-0.00421410,-0.01632659,-6638.5409,406609.1881,OK,0.0000,265.5416,4.0000,96.0000,AG03-UNRESOLVED,ALL5_LEVELS_bet23_to_bet27,265.5416,265.5416,298.7343,298.7343,298.7343,4.000000,4.000000,4.500000,4.500000,4.500000,96.000000,96.000000,95.500000,95.500000,95.500000,5.0,1427.2863,1309.7925,5211.2546,5328.7484,PENDING_AG03,FALSE,NOT_FOR_ENFORCEMENT,6372.9992,364446.1036,6638.5409,6372.9992,265.5416,0.01632659,0.01567352,265.5416,6372.9992,0.01567352,265.5416,265.5416,298.7343,298.7343,298.7343,6372.9992,0.01567352,1427.2863,1309.7925,5211.2546,5328.7484,0.01281637,0.01310533,0.00065306,46.6616,168.5752,2.9478,99.0827,12.5730,6068.7939,33.6119,44.8794,47.4773,8.4329,14.3073,34.3462,193.1745,204.3903,207.7145,14.3073,-10.2195,14.285714,14.518058,3.261379,29,153,76,7,0.30198559,0.01632659,0.04432358,0E-8,0.000000,0.933652,0.003213,-0.04010948,2026-03-22,2026-08-05,67,528,415,137,0.489051,0.945283,0.961806,1.006619,,,,,,,,GLOBAL_BASELINE_NO_ENTITY_RANKING,,,NOT_APPLICABLE_GLOBAL_BASELINE,HF9g-P5,,,,X 全窗基线 · 不参与实体赏罚,14192241,1420,A168_HF9F_20260827_0900,2026-08-27 09:00:00
2026-04-22,129130207,1400,0,814.2010836340,-337.3179010396,-337.3179010396,0.4000000,20,5,0.43626591536625183,0.187662550000,-0.16351999192225208,1.2160587454450655,-0.16351999192225208,0.24860336536625183,ELIGIBLE,R03b_20260811_FULL_v1,L1_ELIGIBILITY,v2026-08-11,2026-03-21..2026-08-06,baccarat_bet02_101_all_pairs_incl_sentinel,round_win = game_pnl > 0 (decisive only),COMPATIBILITY_ONLY_NOT_PRODUCTION,406609.1881,379631.3579,6638.5409,8714,2252,-0.01632659,-0.04432358,-0.00421410,-0.01632659,-6638.5409,406609.1881,OK,0.0000,265.5416,4.0000,96.0000,AG03-UNRESOLVED,ALL5_LEVELS_bet23_to_bet27,265.5416,265.5416,298.7343,298.7343,298.7343,4.000000,4.000000,4.500000,4.500000,4.500000,96.000000,96.000000,95.500000,95.500000,95.500000,5.0,1427.2863,1309.7925,5211.2546,5328.7484,PENDING_AG03,FALSE,NOT_FOR_ENFORCEMENT,6372.9992,364446.1036,6638.5409,6372.9992,265.5416,0.01632659,0.01567352,265.5416,6372.9992,0.01567352,265.5416,265.5416,298.7343,298.7343,298.7343,6372.9992,0.01567352,1427.2863,1309.7925,5211.2546,5328.7484,0.01281637,0.01310533,0.00065306,46.6616,168.5752,2.9478,99.0827,12.5730,6068.7939,33.6119,44.8794,47.4773,8.4329,14.3073,34.3462,193.1745,204.3903,207.7145,14.3073,-10.2195,14.285714,14.518058,3.261379,29,153,76,7,0.30198559,0.01632659,0.04432358,0E-8,0.000000,0.933652,0.003213,-0.04010948,2026-03-22,2026-08-05,67,528,415,137,0.489051,0.945283,0.961806,1.006619,,,,,,,,GLOBAL_BASELINE_NO_ENTITY_RANKING,,,NOT_APPLICABLE_GLOBAL_BASELINE,HF9g-P5,,,,X 全窗基线 · 不参与实体赏罚,14192242,1420,A168_HF9F_20260827_0900,2026-08-27 09:00:00
2026-04-23,129130207,-1,1,771.6146986279,-6.4828284110,-6.4828284110,0.6250000,26,8,0.43812495504403292,0.267409587500,1.0653135141716787,2.2851344483786775,1.0653135141716787,0.17071536754403292,SENTINEL_DEALER,R03b_20260811_FULL_v1,L1_ELIGIBILITY,v2026-08-11,2026-03-21..2026-08-06,baccarat_bet02_101_all_pairs_incl_sentinel,round_win = game_pnl > 0 (decisive only),COMPATIBILITY_ONLY_NOT_PRODUCTION,406609.1881,379631.3579,6638.5409,8714,2252,-0.01632659,-0.04432358,-0.00421410,-0.01632659,-6638.5409,406609.1881,OK,0.0000,265.5416,4.0000,96.0000,AG03-UNRESOLVED,ALL5_LEVELS_bet23_to_bet27,265.5416,265.5416,298.7343,298.7343,298.7343,4.000000,4.000000,4.500000,4.500000,4.500000,96.000000,96.000000,95.500000,95.500000,95.500000,5.0,1427.2863,1309.7925,5211.2546,5328.7484,PENDING_AG03,FALSE,NOT_FOR_ENFORCEMENT,6372.9992,364446.1036,6638.5409,6372.9992,265.5416,0.01632659,0.01567352,265.5416,6372.9992,0.01567352,265.5416,265.5416,298.7343,298.7343,298.7343,6372.9992,0.01567352,1427.2863,1309.7925,5211.2546,5328.7484,0.01281637,0.01310533,0.00065306,46.6616,168.5752,2.9478,99.0827,12.5730,6068.7939,33.6119,44.8794,47.4773,8.4329,14.3073,34.3462,193.1745,204.3903,207.7145,14.3073,-10.2195,14.285714,14.518058,3.261379,29,153,76,7,0.30198559,0.01632659,0.04432358,0E-8,0.000000,0.933652,0.003213,-0.04010948,2026-03-22,2026-08-05,67,528,415,137,0.489051,0.945283,0.961806,1.006619,,,,,,,,GLOBAL_BASELINE_NO_ENTITY_RANKING,,,NOT_APPLICABLE_GLOBAL_BASELINE,HF9g-P5,,,,X 全窗基线 · 不参与实体赏罚,14192243,1420,A168_HF9F_20260827_0900,2026-08-27 09:00:00
2026-04-23,129130207,2234,0,37.9482638669,36.0508506736,36.0508506736,1.0000000,1,1,0.50665070000000000,0.506650700000,0.9867858985152569,0.9867858985152569,0.9867858985152569,0E-17,ELIGIBLE,R03b_20260811_FULL_v1,L1_ELIGIBILITY,v2026-08-11,2026-03-21..2026-08-06,baccarat_bet02_101_all_pairs_incl_sentinel,round_win = game_pnl > 0 (decisive only),COMPATIBILITY_ONLY_NOT_PRODUCTION,406609.1881,379631.3579,6638.5409,8714,2252,-0.01632659,-0.04432358,-0.00421410,-0.01632659,-6638.5409,406609.1881,OK,0.0000,265.5416,4.0000,96.0000,AG03-UNRESOLVED,ALL5_LEVELS_bet23_to_bet27,265.5416,265.5416,298.7343,298.7343,298.7343,4.000000,4.000000,4.500000,4.500000,4.500000,96.000000,96.000000,95.500000,95.500000,95.500000,5.0,1427.2863,1309.7925,5211.2546,5328.7484,PENDING_AG03,FALSE,NOT_FOR_ENFORCEMENT,6372.9992,364446.1036,6638.5409,6372.9992,265.5416,0.01632659,0.01567352,265.5416,6372.9992,0.01567352,265.5416,265.5416,298.7343,298.7343,298.7343,6372.9992,0.01567352,1427.2863,1309.7925,5211.2546,5328.7484,0.01281637,0.01310533,0.00065306,46.6616,168.5752,2.9478,99.0827,12.5730,6068.7939,33.6119,44.8794,47.4773,8.4329,14.3073,34.3462,193.1745,204.3903,207.7145,14.3073,-10.2195,14.285714,14.518058,3.261379,29,153,76,7,0.30198559,0.01632659,0.04432358,0E-8,0.000000,0.933652,0.003213,-0.04010948,2026-03-22,2026-08-05,67,528,415,137,0.489051,0.945283,0.961806,1.006619,,,,,,,,GLOBAL_BASELINE_NO_ENTITY_RANKING,,,NOT_APPLICABLE_GLOBAL_BASELINE,HF9g-P5,,,,X 全窗基线 · 不参与实体赏罚,14192244,1420,A168_HF9F_20260827_0900,2026-08-27 09:00:00
2026-04-25,129130207,2147,0,294.0990449688,-184.7447979256,-184.7447979256,0.3333333,12,3,0.43277363309719351,0.187662550000,-0.3476277602835165,0.6462135179418145,-0.3476277602835165,0.24511108309719351,ELIGIBLE,R03b_20260811_FULL_v1,L1_ELIGIBILITY,v2026-08-11,2026-03-21..2026-08-06,baccarat_bet02_101_all_pairs_incl_sentinel,round_win = game_pnl > 0 (decisive only),COMPATIBILITY_ONLY_NOT_PRODUCTION,406609.1881,379631.3579,6638.5409,8714,2252,-0.01632659,-0.04432358,-0.00421410,-0.01632659,-6638.5409,406609.1881,OK,0.0000,265.5416,4.0000,96.0000,AG03-UNRESOLVED,ALL5_LEVELS_bet23_to_bet27,265.5416,265.5416,298.7343,298.7343,298.7343,4.000000,4.000000,4.500000,4.500000,4.500000,96.000000,96.000000,95.500000,95.500000,95.500000,5.0,1427.2863,1309.7925,5211.2546,5328.7484,PENDING_AG03,FALSE,NOT_FOR_ENFORCEMENT,6372.9992,364446.1036,6638.5409,6372.9992,265.5416,0.01632659,0.01567352,265.5416,6372.9992,0.01567352,265.5416,265.5416,298.7343,298.7343,298.7343,6372.9992,0.01567352,1427.2863,1309.7925,5211.2546,5328.7484,0.01281637,0.01310533,0.00065306,46.6616,168.5752,2.9478,99.0827,12.5730,6068.7939,33.6119,44.8794,47.4773,8.4329,14.3073,34.3462,193.1745,204.3903,207.7145,14.3073,-10.2195,14.285714,14.518058,3.261379,29,153,76,7,0.30198559,0.01632659,0.04432358,0E-8,0.000000,0.933652,0.003213,-0.04010948,2026-03-22,2026-08-05,67,528,415,137,0.489051,0.945283,0.961806,1.006619,,,,,,,,GLOBAL_BASELINE_NO_ENTITY_RANKING,,,NOT_APPLICABLE_GLOBAL_BASELINE,HF9g-P5,,,,X 全窗基线 · 不参与实体赏罚,14192245,1420,A168_HF9F_20260827_0900,2026-08-27 09:00:00
2026-04-25,129130207,2258,0,453.2709295218,91.9191280331,91.9191280331,0.6666667,12,3,0.43440976956996748,0.187662550000,0.8115747106510129,2.1249211973513655,0.8115747106510129,0.24674721956996748,ELIGIBLE,R03b_20260811_FULL_v1,L1_ELIGIBILITY,v2026-08-11,2026-03-21..2026-08-06,baccarat_bet02_101_all_pairs_incl_sentinel,round_win = game_pnl > 0 (decisive only),COMPATIBILITY_ONLY_NOT_PRODUCTION,406609.1881,379631.3579,6638.5409,8714,2252,-0.01632659,-0.04432358,-0.00421410,-0.01632659,-6638.5409,406609.1881,OK,0.0000,265.5416,4.0000,96.0000,AG03-UNRESOLVED,ALL5_LEVELS_bet23_to_bet27,265.5416,265.5416,298.7343,298.7343,298.7343,4.000000,4.000000,4.500000,4.500000,4.500000,96.000000,96.000000,95.500000,95.500000,95.500000,5.0,1427.2863,1309.7925,5211.2546,5328.7484,PENDING_AG03,FALSE,NOT_FOR_ENFORCEMENT,6372.9992,364446.1036,6638.5409,6372.9992,265.5416,0.01632659,0.01567352,265.5416,6372.9992,0.01567352,265.5416,265.5416,298.7343,298.7343,298.7343,6372.9992,0.01567352,1427.2863,1309.7925,5211.2546,5328.7484,0.01281637,0.01310533,0.00065306,46.6616,168.5752,2.9478,99.0827,12.5730,6068.7939,33.6119,44.8794,47.4773,8.4329,14.3073,34.3462,193.1745,204.3903,207.7145,14.3073,-10.2195,14.285714,14.518058,3.261379,29,153,76,7,0.30198559,0.01632659,0.04432358,0E-8,0.000000,0.933652,0.003213,-0.04010948,2026-03-22,2026-08-05,67,528,415,137,0.489051,0.945283,0.961806,1.006619,,,,,,,,GLOBAL_BASELINE_NO_ENTITY_RANKING,,,NOT_APPLICABLE_GLOBAL_BASELINE,HF9g-P5,,,,X 全窗基线 · 不参与实体赏罚,14192246,1420,A168_HF9F_20260827_0900,2026-08-27 09:00:00
2026-04-25,129130207,526,0,425.8638500623,282.5037421203,282.5037421203,1.0000000,12,3,0.42357006078138631,0.184311250000,2.0205577355251676,3.6437363181424454,2.0205577355251676,0.23925881078138631,ELIGIBLE,R03b_20260811_FULL_v1,L1_ELIGIBILITY,v2026-08-11,2026-03-21..2026-08-06,baccarat_bet02_101_all_pairs_incl_sentinel,round_win = game_pnl > 0 (decisive only),COMPATIBILITY_ONLY_NOT_PRODUCTION,406609.1881,379631.3579,6638.5409,8714,2252,-0.01632659,-0.04432358,-0.00421410,-0.01632659,-6638.5409,406609.1881,OK,0.0000,265.5416,4.0000,96.0000,AG03-UNRESOLVED,ALL5_LEVELS_bet23_to_bet27,265.5416,265.5416,298.7343,298.7343,298.7343,4.000000,4.000000,4.500000,4.500000,4.500000,96.000000,96.000000,95.500000,95.500000,95.500000,5.0,1427.2863,1309.7925,5211.2546,5328.7484,PENDING_AG03,FALSE,NOT_FOR_ENFORCEMENT,6372.9992,364446.1036,6638.5409,6372.9992,265.5416,0.01632659,0.01567352,265.5416,6372.9992,0.01567352,265.5416,265.5416,298.7343,298.7343,298.7343,6372.9992,0.01567352,1427.2863,1309.7925,5211.2546,5328.7484,0.01281637,0.01310533,0.00065306,46.6616,168.5752,2.9478,99.0827,12.5730,6068.7939,33.6119,44.8794,47.4773,8.4329,14.3073,34.3462,193.1745,204.3903,207.7145,14.3073,-10.2195,14.285714,14.518058,3.261379,29,153,76,7,0.30198559,0.01632659,0.04432358,0E-8,0.000000,0.933652,0.003213,-0.04010948,2026-03-22,2026-08-05,67,528,415,137,0.489051,0.945283,0.961806,1.006619,,,,,,,,GLOBAL_BASELINE_NO_ENTITY_RANKING,,,NOT_APPLICABLE_GLOBAL_BASELINE,HF9g-P5,,,,X 全窗基线 · 不参与实体赏罚,14192247,1420,A168_HF9F_20260827_0900,2026-08-27 09:00:00
2026-04-25,129130207,529,0,379.2718149812,-26.1315961462,-26.1315961462,0.6666667,12,3,0.44288469566014823,0.187662550000,0.7803112009209635,2.1249211973513655,0.7803112009209635,0.25522214566014823,ELIGIBLE,R03b_20260811_FULL_v1,L1_ELIGIBILITY,v2026-08-11,2026-03-21..2026-08-06,baccarat_bet02_101_all_pairs_incl_sentinel,round_win = game_pnl > 0 (decisive only),COMPATIBILITY_ONLY_NOT_PRODUCTION,406609.1881,379631.3579,6638.5409,8714,2252,-0.01632659,-0.04432358,-0.00421410,-0.01632659,-6638.5409,406609.1881,OK,0.0000,265.5416,4.0000,96.0000,AG03-UNRESOLVED,ALL5_LEVELS_bet23_to_bet27,265.5416,265.5416,298.7343,298.7343,298.7343,4.000000,4.000000,4.500000,4.500000,4.500000,96.000000,96.000000,95.500000,95.500000,95.500000,5.0,1427.2863,1309.7925,5211.2546,5328.7484,PENDING_AG03,FALSE,NOT_FOR_ENFORCEMENT,6372.9992,364446.1036,6638.5409,6372.9992,265.5416,0.01632659,0.01567352,265.5416,6372.9992,0.01567352,265.5416,265.5416,298.7343,298.7343,298.7343,6372.9992,0.01567352,1427.2863,1309.7925,5211.2546,5328.7484,0.01281637,0.01310533,0.00065306,46.6616,168.5752,2.9478,99.0827,12.5730,6068.7939,33.6119,44.8794,47.4773,8.4329,14.3073,34.3462,193.1745,204.3903,207.7145,14.3073,-10.2195,14.285714,14.518058,3.261379,29,153,76,7,0.30198559,0.01632659,0.04432358,0E-8,0.000000,0.933652,0.003213,-0.04010948,2026-03-22,2026-08-05,67,528,415,137,0.489051,0.945283,0.961806,1.006619,,,,,,,,GLOBAL_BASELINE_NO_ENTITY_RANKING,,,NOT_APPLICABLE_GLOBAL_BASELINE,HF9g-P5,,,,X 全窗基线 · 不参与实体赏罚,14192248,1420,A168_HF9F_20260827_0900,2026-08-27 09:00:00
2026-04-25,129130207,595,0,591.5712689479,258.4698416712,258.4698416712,0.8333333,24,6,0.41951206804192931,0.184311250000,2.054090634418529,4.100123523595395,2.054090634418529,0.23520081804192931,ELIGIBLE,R03b_20260811_FULL_v1,L1_ELIGIBILITY,v2026-08-11,2026-03-21..2026-08-06,baccarat_bet02_101_all_pairs_incl_sentinel,round_win = game_pnl > 0 (decisive only),COMPATIBILITY_ONLY_NOT_PRODUCTION,406609.1881,379631.3579,6638.5409,8714,2252,-0.01632659,-0.04432358,-0.00421410,-0.01632659,-6638.5409,406609.1881,OK,0.0000,265.5416,4.0000,96.0000,AG03-UNRESOLVED,ALL5_LEVELS_bet23_to_bet27,265.5416,265.5416,298.7343,298.7343,298.7343,4.000000,4.000000,4.500000,4.500000,4.500000,96.000000,96.000000,95.500000,95.500000,95.500000,5.0,1427.2863,1309.7925,5211.2546,5328.7484,PENDING_AG03,FALSE,NOT_FOR_ENFORCEMENT,6372.9992,364446.1036,6638.5409,6372.9992,265.5416,0.01632659,0.01567352,265.5416,6372.9992,0.01567352,265.5416,265.5416,298.7343,298.7343,298.7343,6372.9992,0.01567352,1427.2863,1309.7925,5211.2546,5328.7484,0.01281637,0.01310533,0.00065306,46.6616,168.5752,2.9478,99.0827,12.5730,6068.7939,33.6119,44.8794,47.4773,8.4329,14.3073,34.3462,193.1745,204.3903,207.7145,14.3073,-10.2195,14.285714,14.518058,3.261379,29,153,76,7,0.30198559,0.01632659,0.04432358,0E-8,0.000000,0.933652,0.003213,-0.04010948,2026-03-22,2026-08-05,67,528,415,137,0.489051,0.945283,0.961806,1.006619,,,,,,,,GLOBAL_BASELINE_NO_ENTITY_RANKING,,,NOT_APPLICABLE_GLOBAL_BASELINE,HF9g-P5,,,,X 全窗基线 · 不参与实体赏罚,14192249,1420,A168_HF9F_20260827_0900,2026-08-27 09:00:00
2026-04-27,129130207,-1,1,598.7392743452,-272.0679695573,-272.0679695573,0.2500000,16,4,0.44383836158292772,0.187662550000,-0.7802913506974972,0.31931695869542776,-0.7802913506974972,0.25617581158292772,SENTINEL_DEALER,R03b_20260811_FULL_v1,L1_ELIGIBILITY,v2026-08-11,2026-03-21..2026-08-06,baccarat_bet02_101_all_pairs_incl_sentinel,round_win = game_pnl > 0 (decisive only),COMPATIBILITY_ONLY_NOT_PRODUCTION,406609.1881,379631.3579,6638.5409,8714,2252,-0.01632659,-0.04432358,-0.00421410,-0.01632659,-6638.5409,406609.1881,OK,0.0000,265.5416,4.0000,96.0000,AG03-UNRESOLVED,ALL5_LEVELS_bet23_to_bet27,265.5416,265.5416,298.7343,298.7343,298.7343,4.000000,4.000000,4.500000,4.500000,4.500000,96.000000,96.000000,95.500000,95.500000,95.500000,5.0,1427.2863,1309.7925,5211.2546,5328.7484,PENDING_AG03,FALSE,NOT_FOR_ENFORCEMENT,6372.9992,364446.1036,6638.5409,6372.9992,265.5416,0.01632659,0.01567352,265.5416,6372.9992,0.01567352,265.5416,265.5416,298.7343,298.7343,298.7343,6372.9992,0.01567352,1427.2863,1309.7925,5211.2546,5328.7484,0.01281637,0.01310533,0.00065306,46.6616,168.5752,2.9478,99.0827,12.5730,6068.7939,33.6119,44.8794,47.4773,8.4329,14.3073,34.3462,193.1745,204.3903,207.7145,14.3073,-10.2195,14.285714,14.518058,3.261379,29,153,76,7,0.30198559,0.01632659,0.04432358,0E-8,0.000000,0.933652,0.003213,-0.04010948,2026-03-22,2026-08-05,67,528,415,137,0.489051,0.945283,0.961806,1.006619,,,,,,,,GLOBAL_BASELINE_NO_ENTITY_RANKING,,,NOT_APPLICABLE_GLOBAL_BASELINE,HF9g-P5,,,,X 全窗基线 · 不参与实体赏罚,14192250,1420,A168_HF9F_20260827_0900,2026-08-27 09:00:00
2026-04-27,129130207,2088,0,827.9046233638,-633.3565239393,-633.3565239393,0.2000000,14,5,0.46304879201919591,0.315257810000,-1.1796156460552893,-0.5547009307619143,-1.1796156460552893,0.14779098201919591,ELIGIBLE,R03b_20260811_FULL_v1,L1_ELIGIBILITY,v2026-08-11,2026-03-21..2026-08-06,baccarat_bet02_101_all_pairs_incl_sentinel,round_win = game_pnl > 0 (decisive only),COMPATIBILITY_ONLY_NOT_PRODUCTION,406609.1881,379631.3579,6638.5409,8714,2252,-0.01632659,-0.04432358,-0.00421410,-0.01632659,-6638.5409,406609.1881,OK,0.0000,265.5416,4.0000,96.0000,AG03-UNRESOLVED,ALL5_LEVELS_bet23_to_bet27,265.5416,265.5416,298.7343,298.7343,298.7343,4.000000,4.000000,4.500000,4.500000,4.500000,96.000000,96.000000,95.500000,95.500000,95.500000,5.0,1427.2863,1309.7925,5211.2546,5328.7484,PENDING_AG03,FALSE,NOT_FOR_ENFORCEMENT,6372.9992,364446.1036,6638.5409,6372.9992,265.5416,0.01632659,0.01567352,265.5416,6372.9992,0.01567352,265.5416,265.5416,298.7343,298.7343,298.7343,6372.9992,0.01567352,1427.2863,1309.7925,5211.2546,5328.7484,0.01281637,0.01310533,0.00065306,46.6616,168.5752,2.9478,99.0827,12.5730,6068.7939,33.6119,44.8794,47.4773,8.4329,14.3073,34.3462,193.1745,204.3903,207.7145,14.3073,-10.2195,14.285714,14.518058,3.261379,29,153,76,7,0.30198559,0.01632659,0.04432358,0E-8,0.000000,0.933652,0.003213,-0.04010948,2026-03-22,2026-08-05,67,528,415,137,0.489051,0.945283,0.961806,1.006619,,,,,,,,GLOBAL_BASELINE_NO_ENTITY_RANKING,,,NOT_APPLICABLE_GLOBAL_BASELINE,HF9g-P5,,,,X 全窗基线 · 不参与实体赏罚,14192251,1420,A168_HF9F_20260827_0900,2026-08-27 09:00:00
2026-04-27,129130207,2142,0,96.9788965488,-96.9788965488,-96.9788965488,0E-7,4,1,0.43951780434771528,0.184311250000,-0.8855382515009594,-0.47535020548684115,-0.8855382515009594,0.25520655434771528,ELIGIBLE,R03b_20260811_FULL_v1,L1_ELIGIBILITY,v2026-08-11,2026-03-21..2026-08-06,baccarat_bet02_101_all_pairs_incl_sentinel,round_win = game_pnl > 0 (decisive only),COMPATIBILITY_ONLY_NOT_PRODUCTION,406609.1881,379631.3579,6638.5409,8714,2252,-0.01632659,-0.04432358,-0.00421410,-0.01632659,-6638.5409,406609.1881,OK,0.0000,265.5416,4.0000,96.0000,AG03-UNRESOLVED,ALL5_LEVELS_bet23_to_bet27,265.5416,265.5416,298.7343,298.7343,298.7343,4.000000,4.000000,4.500000,4.500000,4.500000,96.000000,96.000000,95.500000,95.500000,95.500000,5.0,1427.2863,1309.7925,5211.2546,5328.7484,PENDING_AG03,FALSE,NOT_FOR_ENFORCEMENT,6372.9992,364446.1036,6638.5409,6372.9992,265.5416,0.01632659,0.01567352,265.5416,6372.9992,0.01567352,265.5416,265.5416,298.7343,298.7343,298.7343,6372.9992,0.01567352,1427.2863,1309.7925,5211.2546,5328.7484,0.01281637,0.01310533,0.00065306,46.6616,168.5752,2.9478,99.0827,12.5730,6068.7939,33.6119,44.8794,47.4773,8.4329,14.3073,34.3462,193.1745,204.3903,207.7145,14.3073,-10.2195,14.285714,14.518058,3.261379,29,153,76,7,0.30198559,0.01632659,0.04432358,0E-8,0.000000,0.933652,0.003213,-0.04010948,2026-03-22,2026-08-05,67,528,415,137,0.489051,0.945283,0.961806,1.006619,,,,,,,,GLOBAL_BASELINE_NO_ENTITY_RANKING,,,NOT_APPLICABLE_GLOBAL_BASELINE,HF9g-P5,,,,X 全窗基线 · 不参与实体赏罚,14192252,1420,A168_HF9F_20260827_0900,2026-08-27 09:00:00
2026-04-27,129130207,2188,0,131.1323340291,-6.3247106446,-6.3247106446,0.5000000,8,2,0.41893600976996271,0.187662550000,0.23235774236651016,1.1313110101635044,0.23235774236651016,0.23127345976996271,ELIGIBLE,R03b_20260811_FULL_v1,L1_ELIGIBILITY,v2026-08-11,2026-03-21..2026-08-06,baccarat_bet02_101_all_pairs_incl_sentinel,round_win = game_pnl > 0 (decisive only),COMPATIBILITY_ONLY_NOT_PRODUCTION,406609.1881,379631.3579,6638.5409,8714,2252,-0.01632659,-0.04432358,-0.00421410,-0.01632659,-6638.5409,406609.1881,OK,0.0000,265.5416,4.0000,96.0000,AG03-UNRESOLVED,ALL5_LEVELS_bet23_to_bet27,265.5416,265.5416,298.7343,298.7343,298.7343,4.000000,4.000000,4.500000,4.500000,4.500000,96.000000,96.000000,95.500000,95.500000,95.500000,5.0,1427.2863,1309.7925,5211.2546,5328.7484,PENDING_AG03,FALSE,NOT_FOR_ENFORCEMENT,6372.9992,364446.1036,6638.5409,6372.9992,265.5416,0.01632659,0.01567352,265.5416,6372.9992,0.01567352,265.5416,265.5416,298.7343,298.7343,298.7343,6372.9992,0.01567352,1427.2863,1309.7925,5211.2546,5328.7484,0.01281637,0.01310533,0.00065306,46.6616,168.5752,2.9478,99.0827,12.5730,6068.7939,33.6119,44.8794,47.4773,8.4329,14.3073,34.3462,193.1745,204.3903,207.7145,14.3073,-10.2195,14.285714,14.518058,3.261379,29,153,76,7,0.30198559,0.01632659,0.04432358,0E-8,0.000000,0.933652,0.003213,-0.04010948,2026-03-22,2026-08-05,67,528,415,137,0.489051,0.945283,0.961806,1.006619,,,,,,,,GLOBAL_BASELINE_NO_ENTITY_RANKING,,,NOT_APPLICABLE_GLOBAL_BASELINE,HF9g-P5,,,,X 全窗基线 · 不参与实体赏罚,14192253,1420,A168_HF9F_20260827_0900,2026-08-27 09:00:00
2026-04-27,129130207,752,0,31.4127295343,17.5089073008,17.5089073008,1.0000000,4,1,0.42101629731529994,0.187662550000,1.1726913343430003,2.080556102057424,1.1726913343430003,0.23335374731529994,ELIGIBLE,R03b_20260811_FULL_v1,L1_ELIGIBILITY,v2026-08-11,2026-03-21..2026-08-06,baccarat_bet02_101_all_pairs_incl_sentinel,round_win = game_pnl > 0 (decisive only),COMPATIBILITY_ONLY_NOT_PRODUCTION,406609.1881,379631.3579,6638.5409,8714,2252,-0.01632659,-0.04432358,-0.00421410,-0.01632659,-6638.5409,406609.1881,OK,0.0000,265.5416,4.0000,96.0000,AG03-UNRESOLVED,ALL5_LEVELS_bet23_to_bet27,265.5416,265.5416,298.7343,298.7343,298.7343,4.000000,4.000000,4.500000,4.500000,4.500000,96.000000,96.000000,95.500000,95.500000,95.500000,5.0,1427.2863,1309.7925,5211.2546,5328.7484,PENDING_AG03,FALSE,NOT_FOR_ENFORCEMENT,6372.9992,364446.1036,6638.5409,6372.9992,265.5416,0.01632659,0.01567352,265.5416,6372.9992,0.01567352,265.5416,265.5416,298.7343,298.7343,298.7343,6372.9992,0.01567352,1427.2863,1309.7925,5211.2546,5328.7484,0.01281637,0.01310533,0.00065306,46.6616,168.5752,2.9478,99.0827,12.5730,6068.7939,33.6119,44.8794,47.4773,8.4329,14.3073,34.3462,193.1745,204.3903,207.7145,14.3073,-10.2195,14.285714,14.518058,3.261379,29,153,76,7,0.30198559,0.01632659,0.04432358,0E-8,0.000000,0.933652,0.003213,-0.04010948,2026-03-22,2026-08-05,67,528,415,137,0.489051,0.945283,0.961806,1.006619,,,,,,,,GLOBAL_BASELINE_NO_ENTITY_RANKING,,,NOT_APPLICABLE_GLOBAL_BASELINE,HF9g-P5,,,,X 全窗基线 · 不参与实体赏罚,14192254,1420,A168_HF9F_20260827_0900,2026-08-27 09:00:00
2026-04-28,129130207,-1,1,175.1944848524,-6.2298399849,-6.2298399849,0.6666667,9,3,0.45030521481472400,0.293991933333,0.7532275870466923,1.4168309590426615,0.7532275870466923,0.15631328148172400,SENTINEL_DEALER,R03b_20260811_FULL_v1,L1_ELIGIBILITY,v2026-08-11,2026-03-21..2026-08-06,baccarat_bet02_101_all_pairs_incl_sentinel,round_win = game_pnl > 0 (decisive only),COMPATIBILITY_ONLY_NOT_PRODUCTION,406609.1881,379631.3579,6638.5409,8714,2252,-0.01632659,-0.04432358,-0.00421410,-0.01632659,-6638.5409,406609.1881,OK,0.0000,265.5416,4.0000,96.0000,AG03-UNRESOLVED,ALL5_LEVELS_bet23_to_bet27,265.5416,265.5416,298.7343,298.7343,298.7343,4.000000,4.000000,4.500000,4.500000,4.500000,96.000000,96.000000,95.500000,95.500000,95.500000,5.0,1427.2863,1309.7925,5211.2546,5328.7484,PENDING_AG03,FALSE,NOT_FOR_ENFORCEMENT,6372.9992,364446.1036,6638.5409,6372.9992,265.5416,0.01632659,0.01567352,265.5416,6372.9992,0.01567352,265.5416,265.5416,298.7343,298.7343,298.7343,6372.9992,0.01567352,1427.2863,1309.7925,5211.2546,5328.7484,0.01281637,0.01310533,0.00065306,46.6616,168.5752,2.9478,99.0827,12.5730,6068.7939,33.6119,44.8794,47.4773,8.4329,14.3073,34.3462,193.1745,204.3903,207.7145,14.3073,-10.2195,14.285714,14.518058,3.261379,29,153,76,7,0.30198559,0.01632659,0.04432358,0E-8,0.000000,0.933652,0.003213,-0.04010948,2026-03-22,2026-08-05,67,528,415,137,0.489051,0.945283,0.961806,1.006619,,,,,,,,GLOBAL_BASELINE_NO_ENTITY_RANKING,,,NOT_APPLICABLE_GLOBAL_BASELINE,HF9g-P5,,,,X 全窗基线 · 不参与实体赏罚,14192255,1420,A168_HF9F_20260827_0900,2026-08-27 09:00:00
2026-04-29,129130207,1623,0,59.6631037463,-59.6631037463,-59.6631037463,0E-7,1,1,0.50665070000000000,0.506650700000,-1.013391052207602,-1.013391052207602,-1.013391052207602,0E-17,ELIGIBLE,R03b_20260811_FULL_v1,L1_ELIGIBILITY,v2026-08-11,2026-03-21..2026-08-06,baccarat_bet02_101_all_pairs_incl_sentinel,round_win = game_pnl > 0 (decisive only),COMPATIBILITY_ONLY_NOT_PRODUCTION,406609.1881,379631.3579,6638.5409,8714,2252,-0.01632659,-0.04432358,-0.00421410,-0.01632659,-6638.5409,406609.1881,OK,0.0000,265.5416,4.0000,96.0000,AG03-UNRESOLVED,ALL5_LEVELS_bet23_to_bet27,265.5416,265.5416,298.7343,298.7343,298.7343,4.000000,4.000000,4.500000,4.500000,4.500000,96.000000,96.000000,95.500000,95.500000,95.500000,5.0,1427.2863,1309.7925,5211.2546,5328.7484,PENDING_AG03,FALSE,NOT_FOR_ENFORCEMENT,6372.9992,364446.1036,6638.5409,6372.9992,265.5416,0.01632659,0.01567352,265.5416,6372.9992,0.01567352,265.5416,265.5416,298.7343,298.7343,298.7343,6372.9992,0.01567352,1427.2863,1309.7925,5211.2546,5328.7484,0.01281637,0.01310533,0.00065306,46.6616,168.5752,2.9478,99.0827,12.5730,6068.7939,33.6119,44.8794,47.4773,8.4329,14.3073,34.3462,193.1745,204.3903,207.7145,14.3073,-10.2195,14.285714,14.518058,3.261379,29,153,76,7,0.30198559,0.01632659,0.04432358,0E-8,0.000000,0.933652,0.003213,-0.04010948,2026-03-22,2026-08-05,67,528,415,137,0.489051,0.945283,0.961806,1.006619,,,,,,,,GLOBAL_BASELINE_NO_ENTITY_RANKING,,,NOT_APPLICABLE_GLOBAL_BASELINE,HF9g-P5,,,,X 全窗基线 · 不参与实体赏罚,14192256,1420,A168_HF9F_20260827_0900,2026-08-27 09:00:00
2026-04-29,129130207,1985,0,503.0253199252,22.4527227877,22.4527227877,0.6666667,24,6,0.41973155423595000,0.187662550000,1.225626622585068,3.0050923762683768,1.225626622585068,0.23206900423595000,ELIGIBLE,R03b_20260811_FULL_v1,L1_ELIGIBILITY,v2026-08-11,2026-03-21..2026-08-06,baccarat_bet02_101_all_pairs_incl_sentinel,round_win = game_pnl > 0 (decisive only),COMPATIBILITY_ONLY_NOT_PRODUCTION,406609.1881,379631.3579,6638.5409,8714,2252,-0.01632659,-0.04432358,-0.00421410,-0.01632659,-6638.5409,406609.1881,OK,0.0000,265.5416,4.0000,96.0000,AG03-UNRESOLVED,ALL5_LEVELS_bet23_to_bet27,265.5416,265.5416,298.7343,298.7343,298.7343,4.000000,4.000000,4.500000,4.500000,4.500000,96.000000,96.000000,95.500000,95.500000,95.500000,5.0,1427.2863,1309.7925,5211.2546,5328.7484,PENDING_AG03,FALSE,NOT_FOR_ENFORCEMENT,6372.9992,364446.1036,6638.5409,6372.9992,265.5416,0.01632659,0.01567352,265.5416,6372.9992,0.01567352,265.5416,265.5416,298.7343,298.7343,298.7343,6372.9992,0.01567352,1427.2863,1309.7925,5211.2546,5328.7484,0.01281637,0.01310533,0.00065306,46.6616,168.5752,2.9478,99.0827,12.5730,6068.7939,33.6119,44.8794,47.4773,8.4329,14.3073,34.3462,193.1745,204.3903,207.7145,14.3073,-10.2195,14.285714,14.518058,3.261379,29,153,76,7,0.30198559,0.01632659,0.04432358,0E-8,0.000000,0.933652,0.003213,-0.04010948,2026-03-22,2026-08-05,67,528,415,137,0.489051,0.945283,0.961806,1.006619,,,,,,,,GLOBAL_BASELINE_NO_ENTITY_RANKING,,,NOT_APPLICABLE_GLOBAL_BASELINE,HF9g-P5,,,,X 全窗基线 · 不参与实体赏罚,14192257,1420,A168_HF9F_20260827_0900,2026-08-27 09:00:00
2026-04-29,129130207,2106,0,375.2661649064,-215.0401619127,-215.0401619127,0.2500000,16,4,0.44098230694275253,0.187662550000,-0.7693071544466231,0.31931695869542776,-0.7693071544466231,0.25331975694275253,ELIGIBLE,R03b_20260811_FULL_v1,L1_ELIGIBILITY,v2026-08-11,2026-03-21..2026-08-06,baccarat_bet02_101_all_pairs_incl_sentinel,round_win = game_pnl > 0 (decisive only),COMPATIBILITY_ONLY_NOT_PRODUCTION,406609.1881,379631.3579,6638.5409,8714,2252,-0.01632659,-0.04432358,-0.00421410,-0.01632659,-6638.5409,406609.1881,OK,0.0000,265.5416,4.0000,96.0000,AG03-UNRESOLVED,ALL5_LEVELS_bet23_to_bet27,265.5416,265.5416,298.7343,298.7343,298.7343,4.000000,4.000000,4.500000,4.500000,4.500000,96.000000,96.000000,95.500000,95.500000,95.500000,5.0,1427.2863,1309.7925,5211.2546,5328.7484,PENDING_AG03,FALSE,NOT_FOR_ENFORCEMENT,6372.9992,364446.1036,6638.5409,6372.9992,265.5416,0.01632659,0.01567352,265.5416,6372.9992,0.01567352,265.5416,265.5416,298.7343,298.7343,298.7343,6372.9992,0.01567352,1427.2863,1309.7925,5211.2546,5328.7484,0.01281637,0.01310533,0.00065306,46.6616,168.5752,2.9478,99.0827,12.5730,6068.7939,33.6119,44.8794,47.4773,8.4329,14.3073,34.3462,193.1745,204.3903,207.7145,14.3073,-10.2195,14.285714,14.518058,3.261379,29,153,76,7,0.30198559,0.01632659,0.04432358,0E-8,0.000000,0.933652,0.003213,-0.04010948,2026-03-22,2026-08-05,67,528,415,137,0.489051,0.945283,0.961806,1.006619,,,,,,,,GLOBAL_BASELINE_NO_ENTITY_RANKING,,,NOT_APPLICABLE_GLOBAL_BASELINE,HF9g-P5,,,,X 全窗基线 · 不参与实体赏罚,14192258,1420,A168_HF9F_20260827_0900,2026-08-27 09:00:00
2026-04-29,129130207,2201,0,489.3217801955,-10.5411844077,-10.5411844077,0.6666667,24,6,0.41285686585926502,0.184311250000,1.2627351342122421,3.0472257283623367,1.2627351342122421,0.22854561585926502,ELIGIBLE,R03b_20260811_FULL_v1,L1_ELIGIBILITY,v2026-08-11,2026-03-21..2026-08-06,baccarat_bet02_101_all_pairs_incl_sentinel,round_win = game_pnl > 0 (decisive only),COMPATIBILITY_ONLY_NOT_PRODUCTION,406609.1881,379631.3579,6638.5409,8714,2252,-0.01632659,-0.04432358,-0.00421410,-0.01632659,-6638.5409,406609.1881,OK,0.0000,265.5416,4.0000,96.0000,AG03-UNRESOLVED,ALL5_LEVELS_bet23_to_bet27,265.5416,265.5416,298.7343,298.7343,298.7343,4.000000,4.000000,4.500000,4.500000,4.500000,96.000000,96.000000,95.500000,95.500000,95.500000,5.0,1427.2863,1309.7925,5211.2546,5328.7484,PENDING_AG03,FALSE,NOT_FOR_ENFORCEMENT,6372.9992,364446.1036,6638.5409,6372.9992,265.5416,0.01632659,0.01567352,265.5416,6372.9992,0.01567352,265.5416,265.5416,298.7343,298.7343,298.7343,6372.9992,0.01567352,1427.2863,1309.7925,5211.2546,5328.7484,0.01281637,0.01310533,0.00065306,46.6616,168.5752,2.9478,99.0827,12.5730,6068.7939,33.6119,44.8794,47.4773,8.4329,14.3073,34.3462,193.1745,204.3903,207.7145,14.3073,-10.2195,14.285714,14.518058,3.261379,29,153,76,7,0.30198559,0.01632659,0.04432358,0E-8,0.000000,0.933652,0.003213,-0.04010948,2026-03-22,2026-08-05,67,528,415,137,0.489051,0.945283,0.961806,1.006619,,,,,,,,GLOBAL_BASELINE_NO_ENTITY_RANKING,,,NOT_APPLICABLE_GLOBAL_BASELINE,HF9g-P5,,,,X 全窗基线 · 不参与实体赏罚,14192259,1420,A168_HF9F_20260827_0900,2026-08-27 09:00:00
2026-04-29,129130207,2273,0,228.9545253306,-3.1623553224,-3.1623553224,0.6666667,12,3,0.43615180103208734,0.187662550000,0.8051181761251106,2.1249211973513655,0.8051181761251106,0.24848925103208734,ELIGIBLE,R03b_20260811_FULL_v1,L1_ELIGIBILITY,v2026-08-11,2026-03-21..2026-08-06,baccarat_bet02_101_all_pairs_incl_sentinel,round_win = game_pnl > 0 (decisive only),COMPATIBILITY_ONLY_NOT_PRODUCTION,406609.1881,379631.3579,6638.5409,8714,2252,-0.01632659,-0.04432358,-0.00421410,-0.01632659,-6638.5409,406609.1881,OK,0.0000,265.5416,4.0000,96.0000,AG03-UNRESOLVED,ALL5_LEVELS_bet23_to_bet27,265.5416,265.5416,298.7343,298.7343,298.7343,4.000000,4.000000,4.500000,4.500000,4.500000,96.000000,96.000000,95.500000,95.500000,95.500000,5.0,1427.2863,1309.7925,5211.2546,5328.7484,PENDING_AG03,FALSE,NOT_FOR_ENFORCEMENT,6372.9992,364446.1036,6638.5409,6372.9992,265.5416,0.01632659,0.01567352,265.5416,6372.9992,0.01567352,265.5416,265.5416,298.7343,298.7343,298.7343,6372.9992,0.01567352,1427.2863,1309.7925,5211.2546,5328.7484,0.01281637,0.01310533,0.00065306,46.6616,168.5752,2.9478,99.0827,12.5730,6068.7939,33.6119,44.8794,47.4773,8.4329,14.3073,34.3462,193.1745,204.3903,207.7145,14.3073,-10.2195,14.285714,14.518058,3.261379,29,153,76,7,0.30198559,0.01632659,0.04432358,0E-8,0.000000,0.933652,0.003213,-0.04010948,2026-03-22,2026-08-05,67,528,415,137,0.489051,0.945283,0.961806,1.006619,,,,,,,,GLOBAL_BASELINE_NO_ENTITY_RANKING,,,NOT_APPLICABLE_GLOBAL_BASELINE,HF9g-P5,,,,X 全窗基线 · 不参与实体赏罚,14192260,1420,A168_HF9F_20260827_0900,2026-08-27 09:00:00
2026-05-04,129130207,1017,0,420.1239365610,311.9420228970,311.9420228970,1.0000000,12,3,0.42202429888908883,0.187662550000,2.026967050604785,3.6036288767609164,2.026967050604785,0.23436174888908883,ELIGIBLE,R03b_20260811_FULL_v1,L1_ELIGIBILITY,v2026-08-11,2026-03-21..2026-08-06,baccarat_bet02_101_all_pairs_incl_sentinel,round_win = game_pnl > 0 (decisive only),COMPATIBILITY_ONLY_NOT_PRODUCTION,406609.1881,379631.3579,6638.5409,8714,2252,-0.01632659,-0.04432358,-0.00421410,-0.01632659,-6638.5409,406609.1881,OK,0.0000,265.5416,4.0000,96.0000,AG03-UNRESOLVED,ALL5_LEVELS_bet23_to_bet27,265.5416,265.5416,298.7343,298.7343,298.7343,4.000000,4.000000,4.500000,4.500000,4.500000,96.000000,96.000000,95.500000,95.500000,95.500000,5.0,1427.2863,1309.7925,5211.2546,5328.7484,PENDING_AG03,FALSE,NOT_FOR_ENFORCEMENT,6372.9992,364446.1036,6638.5409,6372.9992,265.5416,0.01632659,0.01567352,265.5416,6372.9992,0.01567352,265.5416,265.5416,298.7343,298.7343,298.7343,6372.9992,0.01567352,1427.2863,1309.7925,5211.2546,5328.7484,0.01281637,0.01310533,0.00065306,46.6616,168.5752,2.9478,99.0827,12.5730,6068.7939,33.6119,44.8794,47.4773,8.4329,14.3073,34.3462,193.1745,204.3903,207.7145,14.3073,-10.2195,14.285714,14.518058,3.261379,29,153,76,7,0.30198559,0.01632659,0.04432358,0E-8,0.000000,0.933652,0.003213,-0.04010948,2026-03-22,2026-08-05,67,528,415,137,0.489051,0.945283,0.961806,1.006619,,,,,,,,GLOBAL_BASELINE_NO_ENTITY_RANKING,,,NOT_APPLICABLE_GLOBAL_BASELINE,HF9g-P5,,,,X 全窗基线 · 不参与实体赏罚,14192261,1420,A168_HF9F_20260827_0900,2026-08-27 09:00:00
2026-05-04,129130207,1094,0,235.2694044742,172.2508139902,172.2508139902,1.0000000,5,2,0.45966569021747819,0.338778375000,1.533293257298331,1.9757440460163804,1.533293257298331,0.12088731521747819,ELIGIBLE,R03b_20260811_FULL_v1,L1_ELIGIBILITY,v2026-08-11,2026-03-21..2026-08-06,baccarat_bet02_101_all_pairs_incl_sentinel,round_win = game_pnl > 0 (decisive only),COMPATIBILITY_ONLY_NOT_PRODUCTION,406609.1881,379631.3579,6638.5409,8714,2252,-0.01632659,-0.04432358,-0.00421410,-0.01632659,-6638.5409,406609.1881,OK,0.0000,265.5416,4.0000,96.0000,AG03-UNRESOLVED,ALL5_LEVELS_bet23_to_bet27,265.5416,265.5416,298.7343,298.7343,298.7343,4.000000,4.000000,4.500000,4.500000,4.500000,96.000000,96.000000,95.500000,95.500000,95.500000,5.0,1427.2863,1309.7925,5211.2546,5328.7484,PENDING_AG03,FALSE,NOT_FOR_ENFORCEMENT,6372.9992,364446.1036,6638.5409,6372.9992,265.5416,0.01632659,0.01567352,265.5416,6372.9992,0.01567352,265.5416,265.5416,298.7343,298.7343,298.7343,6372.9992,0.01567352,1427.2863,1309.7925,5211.2546,5328.7484,0.01281637,0.01310533,0.00065306,46.6616,168.5752,2.9478,99.0827,12.5730,6068.7939,33.6119,44.8794,47.4773,8.4329,14.3073,34.3462,193.1745,204.3903,207.7145,14.3073,-10.2195,14.285714,14.518058,3.261379,29,153,76,7,0.30198559,0.01632659,0.04432358,0E-8,0.000000,0.933652,0.003213,-0.04010948,2026-03-22,2026-08-05,67,528,415,137,0.489051,0.945283,0.961806,1.006619,,,,,,,,GLOBAL_BASELINE_NO_ENTITY_RANKING,,,NOT_APPLICABLE_GLOBAL_BASELINE,HF9g-P5,,,,X 全窗基线 · 不参与实体赏罚,14192262,1420,A168_HF9F_20260827_0900,2026-08-27 09:00:00
2026-05-04,129130207,1221,0,1753.3872492377,446.9383468130,446.9383468130,0.6363636,43,11,0.40485762206662783,0.177996242424,1.564217076280611,3.974364916555514,1.564217076280611,0.22686137964262783,ELIGIBLE,R03b_20260811_FULL_v1,L1_ELIGIBILITY,v2026-08-11,2026-03-21..2026-08-06,baccarat_bet02_101_all_pairs_incl_sentinel,round_win = game_pnl > 0 (decisive only),COMPATIBILITY_ONLY_NOT_PRODUCTION,406609.1881,379631.3579,6638.5409,8714,2252,-0.01632659,-0.04432358,-0.00421410,-0.01632659,-6638.5409,406609.1881,OK,0.0000,265.5416,4.0000,96.0000,AG03-UNRESOLVED,ALL5_LEVELS_bet23_to_bet27,265.5416,265.5416,298.7343,298.7343,298.7343,4.000000,4.000000,4.500000,4.500000,4.500000,96.000000,96.000000,95.500000,95.500000,95.500000,5.0,1427.2863,1309.7925,5211.2546,5328.7484,PENDING_AG03,FALSE,NOT_FOR_ENFORCEMENT,6372.9992,364446.1036,6638.5409,6372.9992,265.5416,0.01632659,0.01567352,265.5416,6372.9992,0.01567352,265.5416,265.5416,298.7343,298.7343,298.7343,6372.9992,0.01567352,1427.2863,1309.7925,5211.2546,5328.7484,0.01281637,0.01310533,0.00065306,46.6616,168.5752,2.9478,99.0827,12.5730,6068.7939,33.6119,44.8794,47.4773,8.4329,14.3073,34.3462,193.1745,204.3903,207.7145,14.3073,-10.2195,14.285714,14.518058,3.261379,29,153,76,7,0.30198559,0.01632659,0.04432358,0E-8,0.000000,0.933652,0.003213,-0.04010948,2026-03-22,2026-08-05,67,528,415,137,0.489051,0.945283,0.961806,1.006619,,,,,,,,GLOBAL_BASELINE_NO_ENTITY_RANKING,,,NOT_APPLICABLE_GLOBAL_BASELINE,HF9g-P5,,,,X 全窗基线 · 不参与实体赏罚,14192263,1420,A168_HF9F_20260827_0900,2026-08-27 09:00:00
2026-05-04,129130207,1623,0,646.9908623040,-401.2183594156,-401.2183594156,0.3333333,12,3,0.43817781585704409,0.187662550000,-0.3660004108067241,0.6462135179418145,-0.3660004108067241,0.25051526585704409,ELIGIBLE,R03b_20260811_FULL_v1,L1_ELIGIBILITY,v2026-08-11,2026-03-21..2026-08-06,baccarat_bet02_101_all_pairs_incl_sentinel,round_win = game_pnl > 0 (decisive only),COMPATIBILITY_ONLY_NOT_PRODUCTION,406609.1881,379631.3579,6638.5409,8714,2252,-0.01632659,-0.04432358,-0.00421410,-0.01632659,-6638.5409,406609.1881,OK,0.0000,265.5416,4.0000,96.0000,AG03-UNRESOLVED,ALL5_LEVELS_bet23_to_bet27,265.5416,265.5416,298.7343,298.7343,298.7343,4.000000,4.000000,4.500000,4.500000,4.500000,96.000000,96.000000,95.500000,95.500000,95.500000,5.0,1427.2863,1309.7925,5211.2546,5328.7484,PENDING_AG03,FALSE,NOT_FOR_ENFORCEMENT,6372.9992,364446.1036,6638.5409,6372.9992,265.5416,0.01632659,0.01567352,265.5416,6372.9992,0.01567352,265.5416,265.5416,298.7343,298.7343,298.7343,6372.9992,0.01567352,1427.2863,1309.7925,5211.2546,5328.7484,0.01281637,0.01310533,0.00065306,46.6616,168.5752,2.9478,99.0827,12.5730,6068.7939,33.6119,44.8794,47.4773,8.4329,14.3073,34.3462,193.1745,204.3903,207.7145,14.3073,-10.2195,14.285714,14.518058,3.261379,29,153,76,7,0.30198559,0.01632659,0.04432358,0E-8,0.000000,0.933652,0.003213,-0.04010948,2026-03-22,2026-08-05,67,528,415,137,0.489051,0.945283,0.961806,1.006619,,,,,,,,GLOBAL_BASELINE_NO_ENTITY_RANKING,,,NOT_APPLICABLE_GLOBAL_BASELINE,HF9g-P5,,,,X 全窗基线 · 不参与实体赏罚,14192264,1420,A168_HF9F_20260827_0900,2026-08-27 09:00:00
2026-05-04,129130207,1654,0,752.0218464443,-215.2084865032,-215.2084865032,0.4000000,21,5,0.44205935061987599,0.199885868000,-0.18937091289047173,1.1189115214767933,-0.18937091289047173,0.24217348261987599,ELIGIBLE,R03b_20260811_FULL_v1,L1_ELIGIBILITY,v2026-08-11,2026-03-21..2026-08-06,baccarat_bet02_101_all_pairs_incl_sentinel,round_win = game_pnl > 0 (decisive only),COMPATIBILITY_ONLY_NOT_PRODUCTION,406609.1881,379631.3579,6638.5409,8714,2252,-0.01632659,-0.04432358,-0.00421410,-0.01632659,-6638.5409,406609.1881,OK,0.0000,265.5416,4.0000,96.0000,AG03-UNRESOLVED,ALL5_LEVELS_bet23_to_bet27,265.5416,265.5416,298.7343,298.7343,298.7343,4.000000,4.000000,4.500000,4.500000,4.500000,96.000000,96.000000,95.500000,95.500000,95.500000,5.0,1427.2863,1309.7925,5211.2546,5328.7484,PENDING_AG03,FALSE,NOT_FOR_ENFORCEMENT,6372.9992,364446.1036,6638.5409,6372.9992,265.5416,0.01632659,0.01567352,265.5416,6372.9992,0.01567352,265.5416,265.5416,298.7343,298.7343,298.7343,6372.9992,0.01567352,1427.2863,1309.7925,5211.2546,5328.7484,0.01281637,0.01310533,0.00065306,46.6616,168.5752,2.9478,99.0827,12.5730,6068.7939,33.6119,44.8794,47.4773,8.4329,14.3073,34.3462,193.1745,204.3903,207.7145,14.3073,-10.2195,14.285714,14.518058,3.261379,29,153,76,7,0.30198559,0.01632659,0.04432358,0E-8,0.000000,0.933652,0.003213,-0.04010948,2026-03-22,2026-08-05,67,528,415,137,0.489051,0.945283,0.961806,1.006619,,,,,,,,GLOBAL_BASELINE_NO_ENTITY_RANKING,,,NOT_APPLICABLE_GLOBAL_BASELINE,HF9g-P5,,,,X 全窗基线 · 不参与实体赏罚,14192265,1420,A168_HF9F_20260827_0900,2026-08-27 09:00:00
2026-05-04,129130207,1704,0,390.7152610018,-79.8235479464,-79.8235479464,0.5000000,8,2,0.41128506283554741,0.184311250000,0.25496921748292234,1.1514257690445797,0.25496921748292234,0.22697381283554741,ELIGIBLE,R03b_20260811_FULL_v1,L1_ELIGIBILITY,v2026-08-11,2026-03-21..2026-08-06,baccarat_bet02_101_all_pairs_incl_sentinel,round_win = game_pnl > 0 (decisive only),COMPATIBILITY_ONLY_NOT_PRODUCTION,406609.1881,379631.3579,6638.5409,8714,2252,-0.01632659,-0.04432358,-0.00421410,-0.01632659,-6638.5409,406609.1881,OK,0.0000,265.5416,4.0000,96.0000,AG03-UNRESOLVED,ALL5_LEVELS_bet23_to_bet27,265.5416,265.5416,298.7343,298.7343,298.7343,4.000000,4.000000,4.500000,4.500000,4.500000,96.000000,96.000000,95.500000,95.500000,95.500000,5.0,1427.2863,1309.7925,5211.2546,5328.7484,PENDING_AG03,FALSE,NOT_FOR_ENFORCEMENT,6372.9992,364446.1036,6638.5409,6372.9992,265.5416,0.01632659,0.01567352,265.5416,6372.9992,0.01567352,265.5416,265.5416,298.7343,298.7343,298.7343,6372.9992,0.01567352,1427.2863,1309.7925,5211.2546,5328.7484,0.01281637,0.01310533,0.00065306,46.6616,168.5752,2.9478,99.0827,12.5730,6068.7939,33.6119,44.8794,47.4773,8.4329,14.3073,34.3462,193.1745,204.3903,207.7145,14.3073,-10.2195,14.285714,14.518058,3.261379,29,153,76,7,0.30198559,0.01632659,0.04432358,0E-8,0.000000,0.933652,0.003213,-0.04010948,2026-03-22,2026-08-05,67,528,415,137,0.489051,0.945283,0.961806,1.006619,,,,,,,,GLOBAL_BASELINE_NO_ENTITY_RANKING,,,NOT_APPLICABLE_GLOBAL_BASELINE,HF9g-P5,,,,X 全窗基线 · 不参与实体赏罚,14192266,1420,A168_HF9F_20260827_0900,2026-08-27 09:00:00
2026-05-06,129130207,1109,0,739.4181283475,-482.0922172037,-482.0922172037,0.3333333,25,7,0.43958432782391639,0.233232285714,-0.524363426402436,0.5798130749409607,-0.524363426402436,0.20635204210991639,ELIGIBLE,R03b_20260811_FULL_v1,L1_ELIGIBILITY,v2026-08-11,2026-03-21..2026-08-06,baccarat_bet02_101_all_pairs_incl_sentinel,round_win = game_pnl > 0 (decisive only),COMPATIBILITY_ONLY_NOT_PRODUCTION,406609.1881,379631.3579,6638.5409,8714,2252,-0.01632659,-0.04432358,-0.00421410,-0.01632659,-6638.5409,406609.1881,OK,0.0000,265.5416,4.0000,96.0000,AG03-UNRESOLVED,ALL5_LEVELS_bet23_to_bet27,265.5416,265.5416,298.7343,298.7343,298.7343,4.000000,4.000000,4.500000,4.500000,4.500000,96.000000,96.000000,95.500000,95.500000,95.500000,5.0,1427.2863,1309.7925,5211.2546,5328.7484,PENDING_AG03,FALSE,NOT_FOR_ENFORCEMENT,6372.9992,364446.1036,6638.5409,6372.9992,265.5416,0.01632659,0.01567352,265.5416,6372.9992,0.01567352,265.5416,265.5416,298.7343,298.7343,298.7343,6372.9992,0.01567352,1427.2863,1309.7925,5211.2546,5328.7484,0.01281637,0.01310533,0.00065306,46.6616,168.5752,2.9478,99.0827,12.5730,6068.7939,33.6119,44.8794,47.4773,8.4329,14.3073,34.3462,193.1745,204.3903,207.7145,14.3073,-10.2195,14.285714,14.518058,3.261379,29,153,76,7,0.30198559,0.01632659,0.04432358,0E-8,0.000000,0.933652,0.003213,-0.04010948,2026-03-22,2026-08-05,67,528,415,137,0.489051,0.945283,0.961806,1.006619,,,,,,,,GLOBAL_BASELINE_NO_ENTITY_RANKING,,,NOT_APPLICABLE_GLOBAL_BASELINE,HF9g-P5,,,,X 全窗基线 · 不参与实体赏罚,14192267,1420,A168_HF9F_20260827_0900,2026-08-27 09:00:00
2026-05-06,129130207,1318,0,457.9350908515,-138.4308370966,-138.4308370966,0.3333333,11,3,0.42762331595000700,0.200215466667,-0.3301068431789574,0.5761846231269887,-0.3301068431789574,0.22740784928300700,ELIGIBLE,R03b_20260811_FULL_v1,L1_ELIGIBILITY,v2026-08-11,2026-03-21..2026-08-06,baccarat_bet02_101_all_pairs_incl_sentinel,round_win = game_pnl > 0 (decisive only),COMPATIBILITY_ONLY_NOT_PRODUCTION,406609.1881,379631.3579,6638.5409,8714,2252,-0.01632659,-0.04432358,-0.00421410,-0.01632659,-6638.5409,406609.1881,OK,0.0000,265.5416,4.0000,96.0000,AG03-UNRESOLVED,ALL5_LEVELS_bet23_to_bet27,265.5416,265.5416,298.7343,298.7343,298.7343,4.000000,4.000000,4.500000,4.500000,4.500000,96.000000,96.000000,95.500000,95.500000,95.500000,5.0,1427.2863,1309.7925,5211.2546,5328.7484,PENDING_AG03,FALSE,NOT_FOR_ENFORCEMENT,6372.9992,364446.1036,6638.5409,6372.9992,265.5416,0.01632659,0.01567352,265.5416,6372.9992,0.01567352,265.5416,265.5416,298.7343,298.7343,298.7343,6372.9992,0.01567352,1427.2863,1309.7925,5211.2546,5328.7484,0.01281637,0.01310533,0.00065306,46.6616,168.5752,2.9478,99.0827,12.5730,6068.7939,33.6119,44.8794,47.4773,8.4329,14.3073,34.3462,193.1745,204.3903,207.7145,14.3073,-10.2195,14.285714,14.518058,3.261379,29,153,76,7,0.30198559,0.01632659,0.04432358,0E-8,0.000000,0.933652,0.003213,-0.04010948,2026-03-22,2026-08-05,67,528,415,137,0.489051,0.945283,0.961806,1.006619,,,,,,,,GLOBAL_BASELINE_NO_ENTITY_RANKING,,,NOT_APPLICABLE_GLOBAL_BASELINE,HF9g-P5,,,,X 全窗基线 · 不参与实体赏罚,14192268,1420,A168_HF9F_20260827_0900,2026-08-27 09:00:00
2026-05-06,129130207,1402,0,451.6332318032,221.0902216156,221.0902216156,1.0000000,8,2,0.44727195346336140,0.187662550000,1.5721171875875855,2.94235065680771,1.5721171875875855,0.25960940346336140,ELIGIBLE,R03b_20260811_FULL_v1,L1_ELIGIBILITY,v2026-08-11,2026-03-21..2026-08-06,baccarat_bet02_101_all_pairs_incl_sentinel,round_win = game_pnl > 0 (decisive only),COMPATIBILITY_ONLY_NOT_PRODUCTION,406609.1881,379631.3579,6638.5409,8714,2252,-0.01632659,-0.04432358,-0.00421410,-0.01632659,-6638.5409,406609.1881,OK,0.0000,265.5416,4.0000,96.0000,AG03-UNRESOLVED,ALL5_LEVELS_bet23_to_bet27,265.5416,265.5416,298.7343,298.7343,298.7343,4.000000,4.000000,4.500000,4.500000,4.500000,96.000000,96.000000,95.500000,95.500000,95.500000,5.0,1427.2863,1309.7925,5211.2546,5328.7484,PENDING_AG03,FALSE,NOT_FOR_ENFORCEMENT,6372.9992,364446.1036,6638.5409,6372.9992,265.5416,0.01632659,0.01567352,265.5416,6372.9992,0.01567352,265.5416,265.5416,298.7343,298.7343,298.7343,6372.9992,0.01567352,1427.2863,1309.7925,5211.2546,5328.7484,0.01281637,0.01310533,0.00065306,46.6616,168.5752,2.9478,99.0827,12.5730,6068.7939,33.6119,44.8794,47.4773,8.4329,14.3073,34.3462,193.1745,204.3903,207.7145,14.3073,-10.2195,14.285714,14.518058,3.261379,29,153,76,7,0.30198559,0.01632659,0.04432358,0E-8,0.000000,0.933652,0.003213,-0.04010948,2026-03-22,2026-08-05,67,528,415,137,0.489051,0.945283,0.961806,1.006619,,,,,,,,GLOBAL_BASELINE_NO_ENTITY_RANKING,,,NOT_APPLICABLE_GLOBAL_BASELINE,HF9g-P5,,,,X 全窗基线 · 不参与实体赏罚,14192269,1420,A168_HF9F_20260827_0900,2026-08-27 09:00:00
2026-05-06,129130207,1951,0,64.0689003256,-64.0689003256,-64.0689003256,0E-7,4,1,0.42298167704944151,0.187662550000,-0.8561817676000166,-0.48064072822218945,-0.8561817676000166,0.23531912704944151,ELIGIBLE,R03b_20260811_FULL_v1,L1_ELIGIBILITY,v2026-08-11,2026-03-21..2026-08-06,baccarat_bet02_101_all_pairs_incl_sentinel,round_win = game_pnl > 0 (decisive only),COMPATIBILITY_ONLY_NOT_PRODUCTION,406609.1881,379631.3579,6638.5409,8714,2252,-0.01632659,-0.04432358,-0.00421410,-0.01632659,-6638.5409,406609.1881,OK,0.0000,265.5416,4.0000,96.0000,AG03-UNRESOLVED,ALL5_LEVELS_bet23_to_bet27,265.5416,265.5416,298.7343,298.7343,298.7343,4.000000,4.000000,4.500000,4.500000,4.500000,96.000000,96.000000,95.500000,95.500000,95.500000,5.0,1427.2863,1309.7925,5211.2546,5328.7484,PENDING_AG03,FALSE,NOT_FOR_ENFORCEMENT,6372.9992,364446.1036,6638.5409,6372.9992,265.5416,0.01632659,0.01567352,265.5416,6372.9992,0.01567352,265.5416,265.5416,298.7343,298.7343,298.7343,6372.9992,0.01567352,1427.2863,1309.7925,5211.2546,5328.7484,0.01281637,0.01310533,0.00065306,46.6616,168.5752,2.9478,99.0827,12.5730,6068.7939,33.6119,44.8794,47.4773,8.4329,14.3073,34.3462,193.1745,204.3903,207.7145,14.3073,-10.2195,14.285714,14.518058,3.261379,29,153,76,7,0.30198559,0.01632659,0.04432358,0E-8,0.000000,0.933652,0.003213,-0.04010948,2026-03-22,2026-08-05,67,528,415,137,0.489051,0.945283,0.961806,1.006619,,,,,,,,GLOBAL_BASELINE_NO_ENTITY_RANKING,,,NOT_APPLICABLE_GLOBAL_BASELINE,HF9g-P5,,,,X 全窗基线 · 不参与实体赏罚,14192270,1420,A168_HF9F_20260827_0900,2026-08-27 09:00:00
2026-05-06,129130207,2103,0,641.1091271922,-279.3824178129,-279.3824178129,0.3333333,12,3,0.43890027268476124,0.187662550000,-0.36845597507458383,0.6462135179418145,-0.36845597507458383,0.25123772268476124,ELIGIBLE,R03b_20260811_FULL_v1,L1_ELIGIBILITY,v2026-08-11,2026-03-21..2026-08-06,baccarat_bet02_101_all_pairs_incl_sentinel,round_win = game_pnl > 0 (decisive only),COMPATIBILITY_ONLY_NOT_PRODUCTION,406609.1881,379631.3579,6638.5409,8714,2252,-0.01632659,-0.04432358,-0.00421410,-0.01632659,-6638.5409,406609.1881,OK,0.0000,265.5416,4.0000,96.0000,AG03-UNRESOLVED,ALL5_LEVELS_bet23_to_bet27,265.5416,265.5416,298.7343,298.7343,298.7343,4.000000,4.000000,4.500000,4.500000,4.500000,96.000000,96.000000,95.500000,95.500000,95.500000,5.0,1427.2863,1309.7925,5211.2546,5328.7484,PENDING_AG03,FALSE,NOT_FOR_ENFORCEMENT,6372.9992,364446.1036,6638.5409,6372.9992,265.5416,0.01632659,0.01567352,265.5416,6372.9992,0.01567352,265.5416,265.5416,298.7343,298.7343,298.7343,6372.9992,0.01567352,1427.2863,1309.7925,5211.2546,5328.7484,0.01281637,0.01310533,0.00065306,46.6616,168.5752,2.9478,99.0827,12.5730,6068.7939,33.6119,44.8794,47.4773,8.4329,14.3073,34.3462,193.1745,204.3903,207.7145,14.3073,-10.2195,14.285714,14.518058,3.261379,29,153,76,7,0.30198559,0.01632659,0.04432358,0E-8,0.000000,0.933652,0.003213,-0.04010948,2026-03-22,2026-08-05,67,528,415,137,0.489051,0.945283,0.961806,1.006619,,,,,,,,GLOBAL_BASELINE_NO_ENTITY_RANKING,,,NOT_APPLICABLE_GLOBAL_BASELINE,HF9g-P5,,,,X 全窗基线 · 不参与实体赏罚,14192271,1420,A168_HF9F_20260827_0900,2026-08-27 09:00:00
2026-05-06,129130207,2142,0,2360.0462136324,278.5421699407,278.5421699407,0.5454545,41,11,0.43794406173917307,0.216661472727,0.7187006988634876,2.6469967767771276,0.7187006988634876,0.22128258901217307,ELIGIBLE,R03b_20260811_FULL_v1,L1_ELIGIBILITY,v2026-08-11,2026-03-21..2026-08-06,baccarat_bet02_101_all_pairs_incl_sentinel,round_win = game_pnl > 0 (decisive only),COMPATIBILITY_ONLY_NOT_PRODUCTION,406609.1881,379631.3579,6638.5409,8714,2252,-0.01632659,-0.04432358,-0.00421410,-0.01632659,-6638.5409,406609.1881,OK,0.0000,265.5416,4.0000,96.0000,AG03-UNRESOLVED,ALL5_LEVELS_bet23_to_bet27,265.5416,265.5416,298.7343,298.7343,298.7343,4.000000,4.000000,4.500000,4.500000,4.500000,96.000000,96.000000,95.500000,95.500000,95.500000,5.0,1427.2863,1309.7925,5211.2546,5328.7484,PENDING_AG03,FALSE,NOT_FOR_ENFORCEMENT,6372.9992,364446.1036,6638.5409,6372.9992,265.5416,0.01632659,0.01567352,265.5416,6372.9992,0.01567352,265.5416,265.5416,298.7343,298.7343,298.7343,6372.9992,0.01567352,1427.2863,1309.7925,5211.2546,5328.7484,0.01281637,0.01310533,0.00065306,46.6616,168.5752,2.9478,99.0827,12.5730,6068.7939,33.6119,44.8794,47.4773,8.4329,14.3073,34.3462,193.1745,204.3903,207.7145,14.3073,-10.2195,14.285714,14.518058,3.261379,29,153,76,7,0.30198559,0.01632659,0.04432358,0E-8,0.000000,0.933652,0.003213,-0.04010948,2026-03-22,2026-08-05,67,528,415,137,0.489051,0.945283,0.961806,1.006619,,,,,,,,GLOBAL_BASELINE_NO_ENTITY_RANKING,,,NOT_APPLICABLE_GLOBAL_BASELINE,HF9g-P5,,,,X 全窗基线 · 不参与实体赏罚,14192272,1420,A168_HF9F_20260827_0900,2026-08-27 09:00:00
2026-05-06,129130207,2160,0,2604.7684066784,888.5621258282,888.5621258282,0.8181818,44,11,0.42977925700401695,0.187662550000,2.6021611968314633,5.355964145757026,2.6021611968314633,0.24211670700401695,ELIGIBLE,R03b_20260811_FULL_v1,L1_ELIGIBILITY,v2026-08-11,2026-03-21..2026-08-06,baccarat_bet02_101_all_pairs_incl_sentinel,round_win = game_pnl > 0 (decisive only),COMPATIBILITY_ONLY_NOT_PRODUCTION,406609.1881,379631.3579,6638.5409,8714,2252,-0.01632659,-0.04432358,-0.00421410,-0.01632659,-6638.5409,406609.1881,OK,0.0000,265.5416,4.0000,96.0000,AG03-UNRESOLVED,ALL5_LEVELS_bet23_to_bet27,265.5416,265.5416,298.7343,298.7343,298.7343,4.000000,4.000000,4.500000,4.500000,4.500000,96.000000,96.000000,95.500000,95.500000,95.500000,5.0,1427.2863,1309.7925,5211.2546,5328.7484,PENDING_AG03,FALSE,NOT_FOR_ENFORCEMENT,6372.9992,364446.1036,6638.5409,6372.9992,265.5416,0.01632659,0.01567352,265.5416,6372.9992,0.01567352,265.5416,265.5416,298.7343,298.7343,298.7343,6372.9992,0.01567352,1427.2863,1309.7925,5211.2546,5328.7484,0.01281637,0.01310533,0.00065306,46.6616,168.5752,2.9478,99.0827,12.5730,6068.7939,33.6119,44.8794,47.4773,8.4329,14.3073,34.3462,193.1745,204.3903,207.7145,14.3073,-10.2195,14.285714,14.518058,3.261379,29,153,76,7,0.30198559,0.01632659,0.04432358,0E-8,0.000000,0.933652,0.003213,-0.04010948,2026-03-22,2026-08-05,67,528,415,137,0.489051,0.945283,0.961806,1.006619,,,,,,,,GLOBAL_BASELINE_NO_ENTITY_RANKING,,,NOT_APPLICABLE_GLOBAL_BASELINE,HF9g-P5,,,,X 全窗基线 · 不参与实体赏罚,14192273,1420,A168_HF9F_20260827_0900,2026-08-27 09:00:00
2026-05-06,129130207,2205,0,88.2260266778,-88.2260266778,-88.2260266778,0E-7,4,1,0.43440088095251435,0.184311250000,-0.8763770307717533,-0.47535020548684115,-0.8763770307717533,0.25008963095251435,ELIGIBLE,R03b_20260811_FULL_v1,L1_ELIGIBILITY,v2026-08-11,2026-03-21..2026-08-06,baccarat_bet02_101_all_pairs_incl_sentinel,round_win = game_pnl > 0 (decisive only),COMPATIBILITY_ONLY_NOT_PRODUCTION,406609.1881,379631.3579,6638.5409,8714,2252,-0.01632659,-0.04432358,-0.00421410,-0.01632659,-6638.5409,406609.1881,OK,0.0000,265.5416,4.0000,96.0000,AG03-UNRESOLVED,ALL5_LEVELS_bet23_to_bet27,265.5416,265.5416,298.7343,298.7343,298.7343,4.000000,4.000000,4.500000,4.500000,4.500000,96.000000,96.000000,95.500000,95.500000,95.500000,5.0,1427.2863,1309.7925,5211.2546,5328.7484,PENDING_AG03,FALSE,NOT_FOR_ENFORCEMENT,6372.9992,364446.1036,6638.5409,6372.9992,265.5416,0.01632659,0.01567352,265.5416,6372.9992,0.01567352,265.5416,265.5416,298.7343,298.7343,298.7343,6372.9992,0.01567352,1427.2863,1309.7925,5211.2546,5328.7484,0.01281637,0.01310533,0.00065306,46.6616,168.5752,2.9478,99.0827,12.5730,6068.7939,33.6119,44.8794,47.4773,8.4329,14.3073,34.3462,193.1745,204.3903,207.7145,14.3073,-10.2195,14.285714,14.518058,3.261379,29,153,76,7,0.30198559,0.01632659,0.04432358,0E-8,0.000000,0.933652,0.003213,-0.04010948,2026-03-22,2026-08-05,67,528,415,137,0.489051,0.945283,0.961806,1.006619,,,,,,,,GLOBAL_BASELINE_NO_ENTITY_RANKING,,,NOT_APPLICABLE_GLOBAL_BASELINE,HF9g-P5,,,,X 全窗基线 · 不参与实体赏罚,14192274,1420,A168_HF9F_20260827_0900,2026-08-27 09:00:00
2026-05-06,129130207,2209,0,2752.0218464443,287.6903686591,287.6903686591,0.6923077,50,13,0.43427505508225758,0.216901376154,1.8769867671733638,4.159079667803489,1.8769867671733638,0.21737367892825758,ELIGIBLE,R03b_20260811_FULL_v1,L1_ELIGIBILITY,v2026-08-11,2026-03-21..2026-08-06,baccarat_bet02_101_all_pairs_incl_sentinel,round_win = game_pnl > 0 (decisive only),COMPATIBILITY_ONLY_NOT_PRODUCTION,406609.1881,379631.3579,6638.5409,8714,2252,-0.01632659,-0.04432358,-0.00421410,-0.01632659,-6638.5409,406609.1881,OK,0.0000,265.5416,4.0000,96.0000,AG03-UNRESOLVED,ALL5_LEVELS_bet23_to_bet27,265.5416,265.5416,298.7343,298.7343,298.7343,4.000000,4.000000,4.500000,4.500000,4.500000,96.000000,96.000000,95.500000,95.500000,95.500000,5.0,1427.2863,1309.7925,5211.2546,5328.7484,PENDING_AG03,FALSE,NOT_FOR_ENFORCEMENT,6372.9992,364446.1036,6638.5409,6372.9992,265.5416,0.01632659,0.01567352,265.5416,6372.9992,0.01567352,265.5416,265.5416,298.7343,298.7343,298.7343,6372.9992,0.01567352,1427.2863,1309.7925,5211.2546,5328.7484,0.01281637,0.01310533,0.00065306,46.6616,168.5752,2.9478,99.0827,12.5730,6068.7939,33.6119,44.8794,47.4773,8.4329,14.3073,34.3462,193.1745,204.3903,207.7145,14.3073,-10.2195,14.285714,14.518058,3.261379,29,153,76,7,0.30198559,0.01632659,0.04432358,0E-8,0.000000,0.933652,0.003213,-0.04010948,2026-03-22,2026-08-05,67,528,415,137,0.489051,0.945283,0.961806,1.006619,,,,,,,,GLOBAL_BASELINE_NO_ENTITY_RANKING,,,NOT_APPLICABLE_GLOBAL_BASELINE,HF9g-P5,,,,X 全窗基线 · 不参与实体赏罚,14192275,1420,A168_HF9F_20260827_0900,2026-08-27 09:00:00
2026-05-06,129130207,2212,0,342.1909463289,-210.6921541853,-210.6921541853,0.3333333,11,3,0.43259065108792243,0.194278855556,-0.34700549655653184,0.6087520784801334,-0.34700549655653184,0.23831179553192243,ELIGIBLE,R03b_20260811_FULL_v1,L1_ELIGIBILITY,v2026-08-11,2026-03-21..2026-08-06,baccarat_bet02_101_all_pairs_incl_sentinel,round_win = game_pnl > 0 (decisive only),COMPATIBILITY_ONLY_NOT_PRODUCTION,406609.1881,379631.3579,6638.5409,8714,2252,-0.01632659,-0.04432358,-0.00421410,-0.01632659,-6638.5409,406609.1881,OK,0.0000,265.5416,4.0000,96.0000,AG03-UNRESOLVED,ALL5_LEVELS_bet23_to_bet27,265.5416,265.5416,298.7343,298.7343,298.7343,4.000000,4.000000,4.500000,4.500000,4.500000,96.000000,96.000000,95.500000,95.500000,95.500000,5.0,1427.2863,1309.7925,5211.2546,5328.7484,PENDING_AG03,FALSE,NOT_FOR_ENFORCEMENT,6372.9992,364446.1036,6638.5409,6372.9992,265.5416,0.01632659,0.01567352,265.5416,6372.9992,0.01567352,265.5416,265.5416,298.7343,298.7343,298.7343,6372.9992,0.01567352,1427.2863,1309.7925,5211.2546,5328.7484,0.01281637,0.01310533,0.00065306,46.6616,168.5752,2.9478,99.0827,12.5730,6068.7939,33.6119,44.8794,47.4773,8.4329,14.3073,34.3462,193.1745,204.3903,207.7145,14.3073,-10.2195,14.285714,14.518058,3.261379,29,153,76,7,0.30198559,0.01632659,0.04432358,0E-8,0.000000,0.933652,0.003213,-0.04010948,2026-03-22,2026-08-05,67,528,415,137,0.489051,0.945283,0.961806,1.006619,,,,,,,,GLOBAL_BASELINE_NO_ENTITY_RANKING,,,NOT_APPLICABLE_GLOBAL_BASELINE,HF9g-P5,,,,X 全窗基线 · 不参与实体赏罚,14192276,1420,A168_HF9F_20260827_0900,2026-08-27 09:00:00
2026-05-06,129130207,2254,0,2295.9773133066,-121.8359416022,-121.8359416022,0.5555556,36,9,0.43176099857982989,0.187662550000,0.7497829850703382,2.826739199132787,0.7497829850703382,0.24409844857982989,ELIGIBLE,R03b_20260811_FULL_v1,L1_ELIGIBILITY,v2026-08-11,2026-03-21..2026-08-06,baccarat_bet02_101_all_pairs_incl_sentinel,round_win = game_pnl > 0 (decisive only),COMPATIBILITY_ONLY_NOT_PRODUCTION,406609.1881,379631.3579,6638.5409,8714,2252,-0.01632659,-0.04432358,-0.00421410,-0.01632659,-6638.5409,406609.1881,OK,0.0000,265.5416,4.0000,96.0000,AG03-UNRESOLVED,ALL5_LEVELS_bet23_to_bet27,265.5416,265.5416,298.7343,298.7343,298.7343,4.000000,4.000000,4.500000,4.500000,4.500000,96.000000,96.000000,95.500000,95.500000,95.500000,5.0,1427.2863,1309.7925,5211.2546,5328.7484,PENDING_AG03,FALSE,NOT_FOR_ENFORCEMENT,6372.9992,364446.1036,6638.5409,6372.9992,265.5416,0.01632659,0.01567352,265.5416,6372.9992,0.01567352,265.5416,265.5416,298.7343,298.7343,298.7343,6372.9992,0.01567352,1427.2863,1309.7925,5211.2546,5328.7484,0.01281637,0.01310533,0.00065306,46.6616,168.5752,2.9478,99.0827,12.5730,6068.7939,33.6119,44.8794,47.4773,8.4329,14.3073,34.3462,193.1745,204.3903,207.7145,14.3073,-10.2195,14.285714,14.518058,3.261379,29,153,76,7,0.30198559,0.01632659,0.04432358,0E-8,0.000000,0.933652,0.003213,-0.04010948,2026-03-22,2026-08-05,67,528,415,137,0.489051,0.945283,0.961806,1.006619,,,,,,,,GLOBAL_BASELINE_NO_ENTITY_RANKING,,,NOT_APPLICABLE_GLOBAL_BASELINE,HF9g-P5,,,,X 全窗基线 · 不参与实体赏罚,14192277,1420,A168_HF9F_20260827_0900,2026-08-27 09:00:00
2026-05-07,129130207,1151,0,420.1239365611,-420.1239365611,-420.1239365611,0E-7,8,2,0.44937666018533507,0.187662550000,-1.2775942418887174,-0.6797286364807011,-1.2775942418887174,0.26171411018533507,ELIGIBLE,R03b_20260811_FULL_v1,L1_ELIGIBILITY,v2026-08-11,2026-03-21..2026-08-06,baccarat_bet02_101_all_pairs_incl_sentinel,round_win = game_pnl > 0 (decisive only),COMPATIBILITY_ONLY_NOT_PRODUCTION,406609.1881,379631.3579,6638.5409,8714,2252,-0.01632659,-0.04432358,-0.00421410,-0.01632659,-6638.5409,406609.1881,OK,0.0000,265.5416,4.0000,96.0000,AG03-UNRESOLVED,ALL5_LEVELS_bet23_to_bet27,265.5416,265.5416,298.7343,298.7343,298.7343,4.000000,4.000000,4.500000,4.500000,4.500000,96.000000,96.000000,95.500000,95.500000,95.500000,5.0,1427.2863,1309.7925,5211.2546,5328.7484,PENDING_AG03,FALSE,NOT_FOR_ENFORCEMENT,6372.9992,364446.1036,6638.5409,6372.9992,265.5416,0.01632659,0.01567352,265.5416,6372.9992,0.01567352,265.5416,265.5416,298.7343,298.7343,298.7343,6372.9992,0.01567352,1427.2863,1309.7925,5211.2546,5328.7484,0.01281637,0.01310533,0.00065306,46.6616,168.5752,2.9478,99.0827,12.5730,6068.7939,33.6119,44.8794,47.4773,8.4329,14.3073,34.3462,193.1745,204.3903,207.7145,14.3073,-10.2195,14.285714,14.518058,3.261379,29,153,76,7,0.30198559,0.01632659,0.04432358,0E-8,0.000000,0.933652,0.003213,-0.04010948,2026-03-22,2026-08-05,67,528,415,137,0.489051,0.945283,0.961806,1.006619,,,,,,,,GLOBAL_BASELINE_NO_ENTITY_RANKING,,,NOT_APPLICABLE_GLOBAL_BASELINE,HF9g-P5,,,,X 全窗基线 · 不参与实体赏罚,14192278,1420,A168_HF9F_20260827_0900,2026-08-27 09:00:00
2026-05-07,129130207,752,0,581.8716521372,180.0231068168,180.0231068168,0.8333333,21,6,0.43641435876657225,0.240827241667,1.9604149708943301,3.3942617598513123,1.9604149708943301,0.19558711709957225,ELIGIBLE,R03b_20260811_FULL_v1,L1_ELIGIBILITY,v2026-08-11,2026-03-21..2026-08-06,baccarat_bet02_101_all_pairs_incl_sentinel,round_win = game_pnl > 0 (decisive only),COMPATIBILITY_ONLY_NOT_PRODUCTION,406609.1881,379631.3579,6638.5409,8714,2252,-0.01632659,-0.04432358,-0.00421410,-0.01632659,-6638.5409,406609.1881,OK,0.0000,265.5416,4.0000,96.0000,AG03-UNRESOLVED,ALL5_LEVELS_bet23_to_bet27,265.5416,265.5416,298.7343,298.7343,298.7343,4.000000,4.000000,4.500000,4.500000,4.500000,96.000000,96.000000,95.500000,95.500000,95.500000,5.0,1427.2863,1309.7925,5211.2546,5328.7484,PENDING_AG03,FALSE,NOT_FOR_ENFORCEMENT,6372.9992,364446.1036,6638.5409,6372.9992,265.5416,0.01632659,0.01567352,265.5416,6372.9992,0.01567352,265.5416,265.5416,298.7343,298.7343,298.7343,6372.9992,0.01567352,1427.2863,1309.7925,5211.2546,5328.7484,0.01281637,0.01310533,0.00065306,46.6616,168.5752,2.9478,99.0827,12.5730,6068.7939,33.6119,44.8794,47.4773,8.4329,14.3073,34.3462,193.1745,204.3903,207.7145,14.3073,-10.2195,14.285714,14.518058,3.261379,29,153,76,7,0.30198559,0.01632659,0.04432358,0E-8,0.000000,0.933652,0.003213,-0.04010948,2026-03-22,2026-08-05,67,528,415,137,0.489051,0.945283,0.961806,1.006619,,,,,,,,GLOBAL_BASELINE_NO_ENTITY_RANKING,,,NOT_APPLICABLE_GLOBAL_BASELINE,HF9g-P5,,,,X 全窗基线 · 不参与实体赏罚,14192279,1420,A168_HF9F_20260827_0900,2026-08-27 09:00:00
2026-05-08,129130207,-1,1,1644.1550257317,-15.9647095883,-15.9647095883,0.5000000,45,12,0.43677616205303973,0.214244895833,0.4415719735477537,2.412602492063293,0.4415719735477537,0.22253126622003973,SENTINEL_DEALER,R03b_20260811_FULL_v1,L1_ELIGIBILITY,v2026-08-11,2026-03-21..2026-08-06,baccarat_bet02_101_all_pairs_incl_sentinel,round_win = game_pnl > 0 (decisive only),COMPATIBILITY_ONLY_NOT_PRODUCTION,406609.1881,379631.3579,6638.5409,8714,2252,-0.01632659,-0.04432358,-0.00421410,-0.01632659,-6638.5409,406609.1881,OK,0.0000,265.5416,4.0000,96.0000,AG03-UNRESOLVED,ALL5_LEVELS_bet23_to_bet27,265.5416,265.5416,298.7343,298.7343,298.7343,4.000000,4.000000,4.500000,4.500000,4.500000,96.000000,96.000000,95.500000,95.500000,95.500000,5.0,1427.2863,1309.7925,5211.2546,5328.7484,PENDING_AG03,FALSE,NOT_FOR_ENFORCEMENT,6372.9992,364446.1036,6638.5409,6372.9992,265.5416,0.01632659,0.01567352,265.5416,6372.9992,0.01567352,265.5416,265.5416,298.7343,298.7343,298.7343,6372.9992,0.01567352,1427.2863,1309.7925,5211.2546,5328.7484,0.01281637,0.01310533,0.00065306,46.6616,168.5752,2.9478,99.0827,12.5730,6068.7939,33.6119,44.8794,47.4773,8.4329,14.3073,34.3462,193.1745,204.3903,207.7145,14.3073,-10.2195,14.285714,14.518058,3.261379,29,153,76,7,0.30198559,0.01632659,0.04432358,0E-8,0.000000,0.933652,0.003213,-0.04010948,2026-03-22,2026-08-05,67,528,415,137,0.489051,0.945283,0.961806,1.006619,,,,,,,,GLOBAL_BASELINE_NO_ENTITY_RANKING,,,NOT_APPLICABLE_GLOBAL_BASELINE,HF9g-P5,,,,X 全窗基线 · 不参与实体赏罚,14192280,1420,A168_HF9F_20260827_0900,2026-08-27 09:00:00
2026-05-08,129130207,1094,0,721.3527990754,144.5856527679,144.5856527679,0.7500000,15,4,0.44324886537400206,0.197075229167,1.234985338543183,2.779985904730476,1.234985338543183,0.24617363620700206,ELIGIBLE,R03b_20260811_FULL_v1,L1_ELIGIBILITY,v2026-08-11,2026-03-21..2026-08-06,baccarat_bet02_101_all_pairs_incl_sentinel,round_win = game_pnl > 0 (decisive only),COMPATIBILITY_ONLY_NOT_PRODUCTION,406609.1881,379631.3579,6638.5409,8714,2252,-0.01632659,-0.04432358,-0.00421410,-0.01632659,-6638.5409,406609.1881,OK,0.0000,265.5416,4.0000,96.0000,AG03-UNRESOLVED,ALL5_LEVELS_bet23_to_bet27,265.5416,265.5416,298.7343,298.7343,298.7343,4.000000,4.000000,4.500000,4.500000,4.500000,96.000000,96.000000,95.500000,95.500000,95.500000,5.0,1427.2863,1309.7925,5211.2546,5328.7484,PENDING_AG03,FALSE,NOT_FOR_ENFORCEMENT,6372.9992,364446.1036,6638.5409,6372.9992,265.5416,0.01632659,0.01567352,265.5416,6372.9992,0.01567352,265.5416,265.5416,298.7343,298.7343,298.7343,6372.9992,0.01567352,1427.2863,1309.7925,5211.2546,5328.7484,0.01281637,0.01310533,0.00065306,46.6616,168.5752,2.9478,99.0827,12.5730,6068.7939,33.6119,44.8794,47.4773,8.4329,14.3073,34.3462,193.1745,204.3903,207.7145,14.3073,-10.2195,14.285714,14.518058,3.261379,29,153,76,7,0.30198559,0.01632659,0.04432358,0E-8,0.000000,0.933652,0.003213,-0.04010948,2026-03-22,2026-08-05,67,528,415,137,0.489051,0.945283,0.961806,1.006619,,,,,,,,GLOBAL_BASELINE_NO_ENTITY_RANKING,,,NOT_APPLICABLE_GLOBAL_BASELINE,HF9g-P5,,,,X 全窗基线 · 不参与实体赏罚,14192281,1420,A168_HF9F_20260827_0900,2026-08-27 09:00:00
2026-05-08,129130207,1363,0,50.4148723873,-50.4148723873,-50.4148723873,0E-7,4,1,0.39026741666687093,0.184311250000,-0.8000395279648403,-0.47535020548684115,-0.8000395279648403,0.20595616666687093,ELIGIBLE,R03b_20260811_FULL_v1,L1_ELIGIBILITY,v2026-08-11,2026-03-21..2026-08-06,baccarat_bet02_101_all_pairs_incl_sentinel,round_win = game_pnl > 0 (decisive only),COMPATIBILITY_ONLY_NOT_PRODUCTION,406609.1881,379631.3579,6638.5409,8714,2252,-0.01632659,-0.04432358,-0.00421410,-0.01632659,-6638.5409,406609.1881,OK,0.0000,265.5416,4.0000,96.0000,AG03-UNRESOLVED,ALL5_LEVELS_bet23_to_bet27,265.5416,265.5416,298.7343,298.7343,298.7343,4.000000,4.000000,4.500000,4.500000,4.500000,96.000000,96.000000,95.500000,95.500000,95.500000,5.0,1427.2863,1309.7925,5211.2546,5328.7484,PENDING_AG03,FALSE,NOT_FOR_ENFORCEMENT,6372.9992,364446.1036,6638.5409,6372.9992,265.5416,0.01632659,0.01567352,265.5416,6372.9992,0.01567352,265.5416,265.5416,298.7343,298.7343,298.7343,6372.9992,0.01567352,1427.2863,1309.7925,5211.2546,5328.7484,0.01281637,0.01310533,0.00065306,46.6616,168.5752,2.9478,99.0827,12.5730,6068.7939,33.6119,44.8794,47.4773,8.4329,14.3073,34.3462,193.1745,204.3903,207.7145,14.3073,-10.2195,14.285714,14.518058,3.261379,29,153,76,7,0.30198559,0.01632659,0.04432358,0E-8,0.000000,0.933652,0.003213,-0.04010948,2026-03-22,2026-08-05,67,528,415,137,0.489051,0.945283,0.961806,1.006619,,,,,,,,GLOBAL_BASELINE_NO_ENTITY_RANKING,,,NOT_APPLICABLE_GLOBAL_BASELINE,HF9g-P5,,,,X 全窗基线 · 不参与实体赏罚,14192282,1420,A168_HF9F_20260827_0900,2026-08-27 09:00:00
2026-05-08,129130207,1507,0,247.8731225710,161.7477155762,161.7477155762,1.0000000,4,1,0.44177175423744518,0.187662550000,1.1241051342189257,2.080556102057424,1.1241051342189257,0.25410920423744518,ELIGIBLE,R03b_20260811_FULL_v1,L1_ELIGIBILITY,v2026-08-11,2026-03-21..2026-08-06,baccarat_bet02_101_all_pairs_incl_sentinel,round_win = game_pnl > 0 (decisive only),COMPATIBILITY_ONLY_NOT_PRODUCTION,406609.1881,379631.3579,6638.5409,8714,2252,-0.01632659,-0.04432358,-0.00421410,-0.01632659,-6638.5409,406609.1881,OK,0.0000,265.5416,4.0000,96.0000,AG03-UNRESOLVED,ALL5_LEVELS_bet23_to_bet27,265.5416,265.5416,298.7343,298.7343,298.7343,4.000000,4.000000,4.500000,4.500000,4.500000,96.000000,96.000000,95.500000,95.500000,95.500000,5.0,1427.2863,1309.7925,5211.2546,5328.7484,PENDING_AG03,FALSE,NOT_FOR_ENFORCEMENT,6372.9992,364446.1036,6638.5409,6372.9992,265.5416,0.01632659,0.01567352,265.5416,6372.9992,0.01567352,265.5416,265.5416,298.7343,298.7343,298.7343,6372.9992,0.01567352,1427.2863,1309.7925,5211.2546,5328.7484,0.01281637,0.01310533,0.00065306,46.6616,168.5752,2.9478,99.0827,12.5730,6068.7939,33.6119,44.8794,47.4773,8.4329,14.3073,34.3462,193.1745,204.3903,207.7145,14.3073,-10.2195,14.285714,14.518058,3.261379,29,153,76,7,0.30198559,0.01632659,0.04432358,0E-8,0.000000,0.933652,0.003213,-0.04010948,2026-03-22,2026-08-05,67,528,415,137,0.489051,0.945283,0.961806,1.006619,,,,,,,,GLOBAL_BASELINE_NO_ENTITY_RANKING,,,NOT_APPLICABLE_GLOBAL_BASELINE,HF9g-P5,,,,X 全窗基线 · 不参与实体赏罚,14192283,1420,A168_HF9F_20260827_0900,2026-08-27 09:00:00
2026-05-08,129130207,2175,0,211.3223400902,-64.2789622938,-64.2789622938,0.3333333,12,3,0.43020473812654610,0.187662550000,-0.33889035887169483,0.6462135179418145,-0.33889035887169483,0.24254218812654610,ELIGIBLE,R03b_20260811_FULL_v1,L1_ELIGIBILITY,v2026-08-11,2026-03-21..2026-08-06,baccarat_bet02_101_all_pairs_incl_sentinel,round_win = game_pnl > 0 (decisive only),COMPATIBILITY_ONLY_NOT_PRODUCTION,406609.1881,379631.3579,6638.5409,8714,2252,-0.01632659,-0.04432358,-0.00421410,-0.01632659,-6638.5409,406609.1881,OK,0.0000,265.5416,4.0000,96.0000,AG03-UNRESOLVED,ALL5_LEVELS_bet23_to_bet27,265.5416,265.5416,298.7343,298.7343,298.7343,4.000000,4.000000,4.500000,4.500000,4.500000,96.000000,96.000000,95.500000,95.500000,95.500000,5.0,1427.2863,1309.7925,5211.2546,5328.7484,PENDING_AG03,FALSE,NOT_FOR_ENFORCEMENT,6372.9992,364446.1036,6638.5409,6372.9992,265.5416,0.01632659,0.01567352,265.5416,6372.9992,0.01567352,265.5416,265.5416,298.7343,298.7343,298.7343,6372.9992,0.01567352,1427.2863,1309.7925,5211.2546,5328.7484,0.01281637,0.01310533,0.00065306,46.6616,168.5752,2.9478,99.0827,12.5730,6068.7939,33.6119,44.8794,47.4773,8.4329,14.3073,34.3462,193.1745,204.3903,207.7145,14.3073,-10.2195,14.285714,14.518058,3.261379,29,153,76,7,0.30198559,0.01632659,0.04432358,0E-8,0.000000,0.933652,0.003213,-0.04010948,2026-03-22,2026-08-05,67,528,415,137,0.489051,0.945283,0.961806,1.006619,,,,,,,,GLOBAL_BASELINE_NO_ENTITY_RANKING,,,NOT_APPLICABLE_GLOBAL_BASELINE,HF9g-P5,,,,X 全窗基线 · 不参与实体赏罚,14192284,1420,A168_HF9F_20260827_0900,2026-08-27 09:00:00
2026-05-08,129130207,2234,0,703.7075937399,-104.5058292194,-104.5058292194,0.5000000,16,4,0.43169368651991032,0.187662550000,0.27581110841680734,1.5999153738352345,0.27581110841680734,0.24403113651991032,ELIGIBLE,R03b_20260811_FULL_v1,L1_ELIGIBILITY,v2026-08-11,2026-03-21..2026-08-06,baccarat_bet02_101_all_pairs_incl_sentinel,round_win = game_pnl > 0 (decisive only),COMPATIBILITY_ONLY_NOT_PRODUCTION,406609.1881,379631.3579,6638.5409,8714,2252,-0.01632659,-0.04432358,-0.00421410,-0.01632659,-6638.5409,406609.1881,OK,0.0000,265.5416,4.0000,96.0000,AG03-UNRESOLVED,ALL5_LEVELS_bet23_to_bet27,265.5416,265.5416,298.7343,298.7343,298.7343,4.000000,4.000000,4.500000,4.500000,4.500000,96.000000,96.000000,95.500000,95.500000,95.500000,5.0,1427.2863,1309.7925,5211.2546,5328.7484,PENDING_AG03,FALSE,NOT_FOR_ENFORCEMENT,6372.9992,364446.1036,6638.5409,6372.9992,265.5416,0.01632659,0.01567352,265.5416,6372.9992,0.01567352,265.5416,265.5416,298.7343,298.7343,298.7343,6372.9992,0.01567352,1427.2863,1309.7925,5211.2546,5328.7484,0.01281637,0.01310533,0.00065306,46.6616,168.5752,2.9478,99.0827,12.5730,6068.7939,33.6119,44.8794,47.4773,8.4329,14.3073,34.3462,193.1745,204.3903,207.7145,14.3073,-10.2195,14.285714,14.518058,3.261379,29,153,76,7,0.30198559,0.01632659,0.04432358,0E-8,0.000000,0.933652,0.003213,-0.04010948,2026-03-22,2026-08-05,67,528,415,137,0.489051,0.945283,0.961806,1.006619,,,,,,,,GLOBAL_BASELINE_NO_ENTITY_RANKING,,,NOT_APPLICABLE_GLOBAL_BASELINE,HF9g-P5,,,,X 全窗基线 · 不参与实体赏罚,14192285,1420,A168_HF9F_20260827_0900,2026-08-27 09:00:00
2026-05-10,129130207,-1,1,136.5402793823,-136.5402793823,-136.5402793823,0E-7,4,1,0.40850050000021565,0.187662550000,-0.8310345987546679,-0.48064072822218945,-0.8310345987546679,0.22083795000021565,SENTINEL_DEALER,R03b_20260811_FULL_v1,L1_ELIGIBILITY,v2026-08-11,2026-03-21..2026-08-06,baccarat_bet02_101_all_pairs_incl_sentinel,round_win = game_pnl > 0 (decisive only),COMPATIBILITY_ONLY_NOT_PRODUCTION,406609.1881,379631.3579,6638.5409,8714,2252,-0.01632659,-0.04432358,-0.00421410,-0.01632659,-6638.5409,406609.1881,OK,0.0000,265.5416,4.0000,96.0000,AG03-UNRESOLVED,ALL5_LEVELS_bet23_to_bet27,265.5416,265.5416,298.7343,298.7343,298.7343,4.000000,4.000000,4.500000,4.500000,4.500000,96.000000,96.000000,95.500000,95.500000,95.500000,5.0,1427.2863,1309.7925,5211.2546,5328.7484,PENDING_AG03,FALSE,NOT_FOR_ENFORCEMENT,6372.9992,364446.1036,6638.5409,6372.9992,265.5416,0.01632659,0.01567352,265.5416,6372.9992,0.01567352,265.5416,265.5416,298.7343,298.7343,298.7343,6372.9992,0.01567352,1427.2863,1309.7925,5211.2546,5328.7484,0.01281637,0.01310533,0.00065306,46.6616,168.5752,2.9478,99.0827,12.5730,6068.7939,33.6119,44.8794,47.4773,8.4329,14.3073,34.3462,193.1745,204.3903,207.7145,14.3073,-10.2195,14.285714,14.518058,3.261379,29,153,76,7,0.30198559,0.01632659,0.04432358,0E-8,0.000000,0.933652,0.003213,-0.04010948,2026-03-22,2026-08-05,67,528,415,137,0.489051,0.945283,0.961806,1.006619,,,,,,,,GLOBAL_BASELINE_NO_ENTITY_RANKING,,,NOT_APPLICABLE_GLOBAL_BASELINE,HF9g-P5,,,,X 全窗基线 · 不参与实体赏罚,14192286,1420,A168_HF9F_20260827_0900,2026-08-27 09:00:00
2026-05-10,129130207,1323,0,700.3466022473,-137.5275706330,-137.5275706330,0.6000000,17,5,0.44884983216412876,0.251460180000,0.6795292107170438,1.7963681217224357,0.6795292107170438,0.19738965216412876,ELIGIBLE,R03b_20260811_FULL_v1,L1_ELIGIBILITY,v2026-08-11,2026-03-21..2026-08-06,baccarat_bet02_101_all_pairs_incl_sentinel,round_win = game_pnl > 0 (decisive only),COMPATIBILITY_ONLY_NOT_PRODUCTION,406609.1881,379631.3579,6638.5409,8714,2252,-0.01632659,-0.04432358,-0.00421410,-0.01632659,-6638.5409,406609.1881,OK,0.0000,265.5416,4.0000,96.0000,AG03-UNRESOLVED,ALL5_LEVELS_bet23_to_bet27,265.5416,265.5416,298.7343,298.7343,298.7343,4.000000,4.000000,4.500000,4.500000,4.500000,96.000000,96.000000,95.500000,95.500000,95.500000,5.0,1427.2863,1309.7925,5211.2546,5328.7484,PENDING_AG03,FALSE,NOT_FOR_ENFORCEMENT,6372.9992,364446.1036,6638.5409,6372.9992,265.5416,0.01632659,0.01567352,265.5416,6372.9992,0.01567352,265.5416,265.5416,298.7343,298.7343,298.7343,6372.9992,0.01567352,1427.2863,1309.7925,5211.2546,5328.7484,0.01281637,0.01310533,0.00065306,46.6616,168.5752,2.9478,99.0827,12.5730,6068.7939,33.6119,44.8794,47.4773,8.4329,14.3073,34.3462,193.1745,204.3903,207.7145,14.3073,-10.2195,14.285714,14.518058,3.261379,29,153,76,7,0.30198559,0.01632659,0.04432358,0E-8,0.000000,0.933652,0.003213,-0.04010948,2026-03-22,2026-08-05,67,528,415,137,0.489051,0.945283,0.961806,1.006619,,,,,,,,GLOBAL_BASELINE_NO_ENTITY_RANKING,,,NOT_APPLICABLE_GLOBAL_BASELINE,HF9g-P5,,,,X 全窗基线 · 不参与实体赏罚,14192287,1420,A168_HF9F_20260827_0900,2026-08-27 09:00:00
2026-05-10,129130207,1991,0,1130.1333893491,467.3878794251,467.3878794251,0.8333333,25,6,0.42215932659189243,0.183192511667,2.0391962743054,4.1168907959924415,2.0391962743054,0.23896681492489243,ELIGIBLE,R03b_20260811_FULL_v1,L1_ELIGIBILITY,v2026-08-11,2026-03-21..2026-08-06,baccarat_bet02_101_all_pairs_incl_sentinel,round_win = game_pnl > 0 (decisive only),COMPATIBILITY_ONLY_NOT_PRODUCTION,406609.1881,379631.3579,6638.5409,8714,2252,-0.01632659,-0.04432358,-0.00421410,-0.01632659,-6638.5409,406609.1881,OK,0.0000,265.5416,4.0000,96.0000,AG03-UNRESOLVED,ALL5_LEVELS_bet23_to_bet27,265.5416,265.5416,298.7343,298.7343,298.7343,4.000000,4.000000,4.500000,4.500000,4.500000,96.000000,96.000000,95.500000,95.500000,95.500000,5.0,1427.2863,1309.7925,5211.2546,5328.7484,PENDING_AG03,FALSE,NOT_FOR_ENFORCEMENT,6372.9992,364446.1036,6638.5409,6372.9992,265.5416,0.01632659,0.01567352,265.5416,6372.9992,0.01567352,265.5416,265.5416,298.7343,298.7343,298.7343,6372.9992,0.01567352,1427.2863,1309.7925,5211.2546,5328.7484,0.01281637,0.01310533,0.00065306,46.6616,168.5752,2.9478,99.0827,12.5730,6068.7939,33.6119,44.8794,47.4773,8.4329,14.3073,34.3462,193.1745,204.3903,207.7145,14.3073,-10.2195,14.285714,14.518058,3.261379,29,153,76,7,0.30198559,0.01632659,0.04432358,0E-8,0.000000,0.933652,0.003213,-0.04010948,2026-03-22,2026-08-05,67,528,415,137,0.489051,0.945283,0.961806,1.006619,,,,,,,,GLOBAL_BASELINE_NO_ENTITY_RANKING,,,NOT_APPLICABLE_GLOBAL_BASELINE,HF9g-P5,,,,X 全窗基线 · 不参与实体赏罚,14192288,1420,A168_HF9F_20260827_0900,2026-08-27 09:00:00
2026-05-10,129130207,2152,0,819.2416762947,-3E-10,-3E-10,0.6666667,12,3,0.40850049999985623,0.187662550000,0.9096754336492527,2.1249211973513655,0.9096754336492527,0.22083794999985623,ELIGIBLE,R03b_20260811_FULL_v1,L1_ELIGIBILITY,v2026-08-11,2026-03-21..2026-08-06,baccarat_bet02_101_all_pairs_incl_sentinel,round_win = game_pnl > 0 (decisive only),COMPATIBILITY_ONLY_NOT_PRODUCTION,406609.1881,379631.3579,6638.5409,8714,2252,-0.01632659,-0.04432358,-0.00421410,-0.01632659,-6638.5409,406609.1881,OK,0.0000,265.5416,4.0000,96.0000,AG03-UNRESOLVED,ALL5_LEVELS_bet23_to_bet27,265.5416,265.5416,298.7343,298.7343,298.7343,4.000000,4.000000,4.500000,4.500000,4.500000,96.000000,96.000000,95.500000,95.500000,95.500000,5.0,1427.2863,1309.7925,5211.2546,5328.7484,PENDING_AG03,FALSE,NOT_FOR_ENFORCEMENT,6372.9992,364446.1036,6638.5409,6372.9992,265.5416,0.01632659,0.01567352,265.5416,6372.9992,0.01567352,265.5416,265.5416,298.7343,298.7343,298.7343,6372.9992,0.01567352,1427.2863,1309.7925,5211.2546,5328.7484,0.01281637,0.01310533,0.00065306,46.6616,168.5752,2.9478,99.0827,12.5730,6068.7939,33.6119,44.8794,47.4773,8.4329,14.3073,34.3462,193.1745,204.3903,207.7145,14.3073,-10.2195,14.285714,14.518058,3.261379,29,153,76,7,0.30198559,0.01632659,0.04432358,0E-8,0.000000,0.933652,0.003213,-0.04010948,2026-03-22,2026-08-05,67,528,415,137,0.489051,0.945283,0.961806,1.006619,,,,,,,,GLOBAL_BASELINE_NO_ENTITY_RANKING,,,NOT_APPLICABLE_GLOBAL_BASELINE,HF9g-P5,,,,X 全窗基线 · 不参与实体赏罚,14192289,1420,A168_HF9F_20260827_0900,2026-08-27 09:00:00
2026-05-10,129130207,2155,0,48.3142527045,-48.3142527045,-48.3142527045,0E-7,4,1,0.39569830000022965,0.187662550000,-0.8091987146031686,-0.48064072822218945,-0.8091987146031686,0.20803575000022965,ELIGIBLE,R03b_20260811_FULL_v1,L1_ELIGIBILITY,v2026-08-11,2026-03-21..2026-08-06,baccarat_bet02_101_all_pairs_incl_sentinel,round_win = game_pnl > 0 (decisive only),COMPATIBILITY_ONLY_NOT_PRODUCTION,406609.1881,379631.3579,6638.5409,8714,2252,-0.01632659,-0.04432358,-0.00421410,-0.01632659,-6638.5409,406609.1881,OK,0.0000,265.5416,4.0000,96.0000,AG03-UNRESOLVED,ALL5_LEVELS_bet23_to_bet27,265.5416,265.5416,298.7343,298.7343,298.7343,4.000000,4.000000,4.500000,4.500000,4.500000,96.000000,96.000000,95.500000,95.500000,95.500000,5.0,1427.2863,1309.7925,5211.2546,5328.7484,PENDING_AG03,FALSE,NOT_FOR_ENFORCEMENT,6372.9992,364446.1036,6638.5409,6372.9992,265.5416,0.01632659,0.01567352,265.5416,6372.9992,0.01567352,265.5416,265.5416,298.7343,298.7343,298.7343,6372.9992,0.01567352,1427.2863,1309.7925,5211.2546,5328.7484,0.01281637,0.01310533,0.00065306,46.6616,168.5752,2.9478,99.0827,12.5730,6068.7939,33.6119,44.8794,47.4773,8.4329,14.3073,34.3462,193.1745,204.3903,207.7145,14.3073,-10.2195,14.285714,14.518058,3.261379,29,153,76,7,0.30198559,0.01632659,0.04432358,0E-8,0.000000,0.933652,0.003213,-0.04010948,2026-03-22,2026-08-05,67,528,415,137,0.489051,0.945283,0.961806,1.006619,,,,,,,,GLOBAL_BASELINE_NO_ENTITY_RANKING,,,NOT_APPLICABLE_GLOBAL_BASELINE,HF9g-P5,,,,X 全窗基线 · 不参与实体赏罚,14192290,1420,A168_HF9F_20260827_0900,2026-08-27 09:00:00
2026-05-10,129130207,2209,0,168.0495746244,-168.0495746244,-168.0495746244,0E-7,4,1,0.41601193750018384,0.184311250000,-0.844016450919426,-0.47535020548684115,-0.844016450919426,0.23170068750018384,ELIGIBLE,R03b_20260811_FULL_v1,L1_ELIGIBILITY,v2026-08-11,2026-03-21..2026-08-06,baccarat_bet02_101_all_pairs_incl_sentinel,round_win = game_pnl > 0 (decisive only),COMPATIBILITY_ONLY_NOT_PRODUCTION,406609.1881,379631.3579,6638.5409,8714,2252,-0.01632659,-0.04432358,-0.00421410,-0.01632659,-6638.5409,406609.1881,OK,0.0000,265.5416,4.0000,96.0000,AG03-UNRESOLVED,ALL5_LEVELS_bet23_to_bet27,265.5416,265.5416,298.7343,298.7343,298.7343,4.000000,4.000000,4.500000,4.500000,4.500000,96.000000,96.000000,95.500000,95.500000,95.500000,5.0,1427.2863,1309.7925,5211.2546,5328.7484,PENDING_AG03,FALSE,NOT_FOR_ENFORCEMENT,6372.9992,364446.1036,6638.5409,6372.9992,265.5416,0.01632659,0.01567352,265.5416,6372.9992,0.01567352,265.5416,265.5416,298.7343,298.7343,298.7343,6372.9992,0.01567352,1427.2863,1309.7925,5211.2546,5328.7484,0.01281637,0.01310533,0.00065306,46.6616,168.5752,2.9478,99.0827,12.5730,6068.7939,33.6119,44.8794,47.4773,8.4329,14.3073,34.3462,193.1745,204.3903,207.7145,14.3073,-10.2195,14.285714,14.518058,3.261379,29,153,76,7,0.30198559,0.01632659,0.04432358,0E-8,0.000000,0.933652,0.003213,-0.04010948,2026-03-22,2026-08-05,67,528,415,137,0.489051,0.945283,0.961806,1.006619,,,,,,,,GLOBAL_BASELINE_NO_ENTITY_RANKING,,,NOT_APPLICABLE_GLOBAL_BASELINE,HF9g-P5,,,,X 全窗基线 · 不参与实体赏罚,14192291,1420,A168_HF9F_20260827_0900,2026-08-27 09:00:00
2026-05-10,129130207,583,0,300.3886146412,195.2525995170,195.2525995170,1.0000000,8,2,0.44115429636025320,0.187662550000,1.5917164311829128,2.94235065680771,1.5917164311829128,0.25349174636025320,ELIGIBLE,R03b_20260811_FULL_v1,L1_ELIGIBILITY,v2026-08-11,2026-03-21..2026-08-06,baccarat_bet02_101_all_pairs_incl_sentinel,round_win = game_pnl > 0 (decisive only),COMPATIBILITY_ONLY_NOT_PRODUCTION,406609.1881,379631.3579,6638.5409,8714,2252,-0.01632659,-0.04432358,-0.00421410,-0.01632659,-6638.5409,406609.1881,OK,0.0000,265.5416,4.0000,96.0000,AG03-UNRESOLVED,ALL5_LEVELS_bet23_to_bet27,265.5416,265.5416,298.7343,298.7343,298.7343,4.000000,4.000000,4.500000,4.500000,4.500000,96.000000,96.000000,95.500000,95.500000,95.500000,5.0,1427.2863,1309.7925,5211.2546,5328.7484,PENDING_AG03,FALSE,NOT_FOR_ENFORCEMENT,6372.9992,364446.1036,6638.5409,6372.9992,265.5416,0.01632659,0.01567352,265.5416,6372.9992,0.01567352,265.5416,265.5416,298.7343,298.7343,298.7343,6372.9992,0.01567352,1427.2863,1309.7925,5211.2546,5328.7484,0.01281637,0.01310533,0.00065306,46.6616,168.5752,2.9478,99.0827,12.5730,6068.7939,33.6119,44.8794,47.4773,8.4329,14.3073,34.3462,193.1745,204.3903,207.7145,14.3073,-10.2195,14.285714,14.518058,3.261379,29,153,76,7,0.30198559,0.01632659,0.04432358,0E-8,0.000000,0.933652,0.003213,-0.04010948,2026-03-22,2026-08-05,67,528,415,137,0.489051,0.945283,0.961806,1.006619,,,,,,,,GLOBAL_BASELINE_NO_ENTITY_RANKING,,,NOT_APPLICABLE_GLOBAL_BASELINE,HF9g-P5,,,,X 全窗基线 · 不参与实体赏罚,14192292,1420,A168_HF9F_20260827_0900,2026-08-27 09:00:00
2026-05-10,129130207,801,0,2056.5066694674,37.9161852747,37.9161852747,0.5555556,36,9,0.41658108730783208,0.187662550000,0.8456998417981099,2.826739199132787,0.8456998417981099,0.22891853730783208,ELIGIBLE,R03b_20260811_FULL_v1,L1_ELIGIBILITY,v2026-08-11,2026-03-21..2026-08-06,baccarat_bet02_101_all_pairs_incl_sentinel,round_win = game_pnl > 0 (decisive only),COMPATIBILITY_ONLY_NOT_PRODUCTION,406609.1881,379631.3579,6638.5409,8714,2252,-0.01632659,-0.04432358,-0.00421410,-0.01632659,-6638.5409,406609.1881,OK,0.0000,265.5416,4.0000,96.0000,AG03-UNRESOLVED,ALL5_LEVELS_bet23_to_bet27,265.5416,265.5416,298.7343,298.7343,298.7343,4.000000,4.000000,4.500000,4.500000,4.500000,96.000000,96.000000,95.500000,95.500000,95.500000,5.0,1427.2863,1309.7925,5211.2546,5328.7484,PENDING_AG03,FALSE,NOT_FOR_ENFORCEMENT,6372.9992,364446.1036,6638.5409,6372.9992,265.5416,0.01632659,0.01567352,265.5416,6372.9992,0.01567352,265.5416,265.5416,298.7343,298.7343,298.7343,6372.9992,0.01567352,1427.2863,1309.7925,5211.2546,5328.7484,0.01281637,0.01310533,0.00065306,46.6616,168.5752,2.9478,99.0827,12.5730,6068.7939,33.6119,44.8794,47.4773,8.4329,14.3073,34.3462,193.1745,204.3903,207.7145,14.3073,-10.2195,14.285714,14.518058,3.261379,29,153,76,7,0.30198559,0.01632659,0.04432358,0E-8,0.000000,0.933652,0.003213,-0.04010948,2026-03-22,2026-08-05,67,528,415,137,0.489051,0.945283,0.961806,1.006619,,,,,,,,GLOBAL_BASELINE_NO_ENTITY_RANKING,,,NOT_APPLICABLE_GLOBAL_BASELINE,HF9g-P5,,,,X 全窗基线 · 不参与实体赏罚,14192293,1420,A168_HF9F_20260827_0900,2026-08-27 09:00:00
2026-05-11,129130207,1325,0,142.8421384308,-142.8421384308,-142.8421384308,0E-7,4,1,0.43159466470609253,0.187662550000,-0.8713827549685998,-0.48064072822218945,-0.8713827549685998,0.24393211470609253,ELIGIBLE,R03b_20260811_FULL_v1,L1_ELIGIBILITY,v2026-08-11,2026-03-21..2026-08-06,baccarat_bet02_101_all_pairs_incl_sentinel,round_win = game_pnl > 0 (decisive only),COMPATIBILITY_ONLY_NOT_PRODUCTION,406609.1881,379631.3579,6638.5409,8714,2252,-0.01632659,-0.04432358,-0.00421410,-0.01632659,-6638.5409,406609.1881,OK,0.0000,265.5416,4.0000,96.0000,AG03-UNRESOLVED,ALL5_LEVELS_bet23_to_bet27,265.5416,265.5416,298.7343,298.7343,298.7343,4.000000,4.000000,4.500000,4.500000,4.500000,96.000000,96.000000,95.500000,95.500000,95.500000,5.0,1427.2863,1309.7925,5211.2546,5328.7484,PENDING_AG03,FALSE,NOT_FOR_ENFORCEMENT,6372.9992,364446.1036,6638.5409,6372.9992,265.5416,0.01632659,0.01567352,265.5416,6372.9992,0.01567352,265.5416,265.5416,298.7343,298.7343,298.7343,6372.9992,0.01567352,1427.2863,1309.7925,5211.2546,5328.7484,0.01281637,0.01310533,0.00065306,46.6616,168.5752,2.9478,99.0827,12.5730,6068.7939,33.6119,44.8794,47.4773,8.4329,14.3073,34.3462,193.1745,204.3903,207.7145,14.3073,-10.2195,14.285714,14.518058,3.261379,29,153,76,7,0.30198559,0.01632659,0.04432358,0E-8,0.000000,0.933652,0.003213,-0.04010948,2026-03-22,2026-08-05,67,528,415,137,0.489051,0.945283,0.961806,1.006619,,,,,,,,GLOBAL_BASELINE_NO_ENTITY_RANKING,,,NOT_APPLICABLE_GLOBAL_BASELINE,HF9g-P5,,,,X 全窗基线 · 不参与实体赏罚,14192294,1420,A168_HF9F_20260827_0900,2026-08-27 09:00:00
2026-05-11,129130207,1490,0,523.0543010185,-108.1819136643,-108.1819136643,0.5000000,13,4,0.43881973946251141,0.265733937500,0.2465738674194479,1.0606916121505305,0.2465738674194479,0.17308580196251141,ELIGIBLE,R03b_20260811_FULL_v1,L1_ELIGIBILITY,v2026-08-11,2026-03-21..2026-08-06,baccarat_bet02_101_all_pairs_incl_sentinel,round_win = game_pnl > 0 (decisive only),COMPATIBILITY_ONLY_NOT_PRODUCTION,406609.1881,379631.3579,6638.5409,8714,2252,-0.01632659,-0.04432358,-0.00421410,-0.01632659,-6638.5409,406609.1881,OK,0.0000,265.5416,4.0000,96.0000,AG03-UNRESOLVED,ALL5_LEVELS_bet23_to_bet27,265.5416,265.5416,298.7343,298.7343,298.7343,4.000000,4.000000,4.500000,4.500000,4.500000,96.000000,96.000000,95.500000,95.500000,95.500000,5.0,1427.2863,1309.7925,5211.2546,5328.7484,PENDING_AG03,FALSE,NOT_FOR_ENFORCEMENT,6372.9992,364446.1036,6638.5409,6372.9992,265.5416,0.01632659,0.01567352,265.5416,6372.9992,0.01567352,265.5416,265.5416,298.7343,298.7343,298.7343,6372.9992,0.01567352,1427.2863,1309.7925,5211.2546,5328.7484,0.01281637,0.01310533,0.00065306,46.6616,168.5752,2.9478,99.0827,12.5730,6068.7939,33.6119,44.8794,47.4773,8.4329,14.3073,34.3462,193.1745,204.3903,207.7145,14.3073,-10.2195,14.285714,14.518058,3.261379,29,153,76,7,0.30198559,0.01632659,0.04432358,0E-8,0.000000,0.933652,0.003213,-0.04010948,2026-03-22,2026-08-05,67,528,415,137,0.489051,0.945283,0.961806,1.006619,,,,,,,,GLOBAL_BASELINE_NO_ENTITY_RANKING,,,NOT_APPLICABLE_GLOBAL_BASELINE,HF9g-P5,,,,X 全窗基线 · 不参与实体赏罚,14192295,1420,A168_HF9F_20260827_0900,2026-08-27 09:00:00
2026-05-11,129130207,1704,0,287.7848965444,42.4325175928,42.4325175928,0.5000000,8,2,0.43213854901981500,0.187662550000,0.19373381939815282,1.1313110101635044,0.19373381939815282,0.24447599901981500,ELIGIBLE,R03b_20260811_FULL_v1,L1_ELIGIBILITY,v2026-08-11,2026-03-21..2026-08-06,baccarat_bet02_101_all_pairs_incl_sentinel,round_win = game_pnl > 0 (decisive only),COMPATIBILITY_ONLY_NOT_PRODUCTION,406609.1881,379631.3579,6638.5409,8714,2252,-0.01632659,-0.04432358,-0.00421410,-0.01632659,-6638.5409,406609.1881,OK,0.0000,265.5416,4.0000,96.0000,AG03-UNRESOLVED,ALL5_LEVELS_bet23_to_bet27,265.5416,265.5416,298.7343,298.7343,298.7343,4.000000,4.000000,4.500000,4.500000,4.500000,96.000000,96.000000,95.500000,95.500000,95.500000,5.0,1427.2863,1309.7925,5211.2546,5328.7484,PENDING_AG03,FALSE,NOT_FOR_ENFORCEMENT,6372.9992,364446.1036,6638.5409,6372.9992,265.5416,0.01632659,0.01567352,265.5416,6372.9992,0.01567352,265.5416,265.5416,298.7343,298.7343,298.7343,6372.9992,0.01567352,1427.2863,1309.7925,5211.2546,5328.7484,0.01281637,0.01310533,0.00065306,46.6616,168.5752,2.9478,99.0827,12.5730,6068.7939,33.6119,44.8794,47.4773,8.4329,14.3073,34.3462,193.1745,204.3903,207.7145,14.3073,-10.2195,14.285714,14.518058,3.261379,29,153,76,7,0.30198559,0.01632659,0.04432358,0E-8,0.000000,0.933652,0.003213,-0.04010948,2026-03-22,2026-08-05,67,528,415,137,0.489051,0.945283,0.961806,1.006619,,,,,,,,GLOBAL_BASELINE_NO_ENTITY_RANKING,,,NOT_APPLICABLE_GLOBAL_BASELINE,HF9g-P5,,,,X 全窗基线 · 不参与实体赏罚,14192296,1420,A168_HF9F_20260827_0900,2026-08-27 09:00:00
2026-05-11,129130207,2123,0,208.3814725343,-208.3814725343,-208.3814725343,0E-7,8,2,0.42741648057414674,0.187662550000,-1.2218593259740338,-0.6797286364807011,-1.2218593259740338,0.23975393057414674,ELIGIBLE,R03b_20260811_FULL_v1,L1_ELIGIBILITY,v2026-08-11,2026-03-21..2026-08-06,baccarat_bet02_101_all_pairs_incl_sentinel,round_win = game_pnl > 0 (decisive only),COMPATIBILITY_ONLY_NOT_PRODUCTION,406609.1881,379631.3579,6638.5409,8714,2252,-0.01632659,-0.04432358,-0.00421410,-0.01632659,-6638.5409,406609.1881,OK,0.0000,265.5416,4.0000,96.0000,AG03-UNRESOLVED,ALL5_LEVELS_bet23_to_bet27,265.5416,265.5416,298.7343,298.7343,298.7343,4.000000,4.000000,4.500000,4.500000,4.500000,96.000000,96.000000,95.500000,95.500000,95.500000,5.0,1427.2863,1309.7925,5211.2546,5328.7484,PENDING_AG03,FALSE,NOT_FOR_ENFORCEMENT,6372.9992,364446.1036,6638.5409,6372.9992,265.5416,0.01632659,0.01567352,265.5416,6372.9992,0.01567352,265.5416,265.5416,298.7343,298.7343,298.7343,6372.9992,0.01567352,1427.2863,1309.7925,5211.2546,5328.7484,0.01281637,0.01310533,0.00065306,46.6616,168.5752,2.9478,99.0827,12.5730,6068.7939,33.6119,44.8794,47.4773,8.4329,14.3073,34.3462,193.1745,204.3903,207.7145,14.3073,-10.2195,14.285714,14.518058,3.261379,29,153,76,7,0.30198559,0.01632659,0.04432358,0E-8,0.000000,0.933652,0.003213,-0.04010948,2026-03-22,2026-08-05,67,528,415,137,0.489051,0.945283,0.961806,1.006619,,,,,,,,GLOBAL_BASELINE_NO_ENTITY_RANKING,,,NOT_APPLICABLE_GLOBAL_BASELINE,HF9g-P5,,,,X 全窗基线 · 不参与实体赏罚,14192297,1420,A168_HF9F_20260827_0900,2026-08-27 09:00:00
2026-05-11,129130207,2251,0,785.6317613692,155.4458565279,155.4458565279,0.8000000,20,5,0.43671370257567611,0.187662550000,1.6378382776351952,3.506862831949948,1.6378382776351952,0.24905115257567611,ELIGIBLE,R03b_20260811_FULL_v1,L1_ELIGIBILITY,v2026-08-11,2026-03-21..2026-08-06,baccarat_bet02_101_all_pairs_incl_sentinel,round_win = game_pnl > 0 (decisive only),COMPATIBILITY_ONLY_NOT_PRODUCTION,406609.1881,379631.3579,6638.5409,8714,2252,-0.01632659,-0.04432358,-0.00421410,-0.01632659,-6638.5409,406609.1881,OK,0.0000,265.5416,4.0000,96.0000,AG03-UNRESOLVED,ALL5_LEVELS_bet23_to_bet27,265.5416,265.5416,298.7343,298.7343,298.7343,4.000000,4.000000,4.500000,4.500000,4.500000,96.000000,96.000000,95.500000,95.500000,95.500000,5.0,1427.2863,1309.7925,5211.2546,5328.7484,PENDING_AG03,FALSE,NOT_FOR_ENFORCEMENT,6372.9992,364446.1036,6638.5409,6372.9992,265.5416,0.01632659,0.01567352,265.5416,6372.9992,0.01567352,265.5416,265.5416,298.7343,298.7343,298.7343,6372.9992,0.01567352,1427.2863,1309.7925,5211.2546,5328.7484,0.01281637,0.01310533,0.00065306,46.6616,168.5752,2.9478,99.0827,12.5730,6068.7939,33.6119,44.8794,47.4773,8.4329,14.3073,34.3462,193.1745,204.3903,207.7145,14.3073,-10.2195,14.285714,14.518058,3.261379,29,153,76,7,0.30198559,0.01632659,0.04432358,0E-8,0.000000,0.933652,0.003213,-0.04010948,2026-03-22,2026-08-05,67,528,415,137,0.489051,0.945283,0.961806,1.006619,,,,,,,,GLOBAL_BASELINE_NO_ENTITY_RANKING,,,NOT_APPLICABLE_GLOBAL_BASELINE,HF9g-P5,,,,X 全窗基线 · 不参与实体赏罚,14192298,1420,A168_HF9F_20260827_0900,2026-08-27 09:00:00
2026-05-11,129130207,752,0,126.0371809685,-3.1509295243,-3.1509295243,0E-7,4,1,0.29399193333316461,0.187662550000,-0.6453017984855419,-0.48064072822218945,-0.6453017984855419,0.10632938333316461,ELIGIBLE,R03b_20260811_FULL_v1,L1_ELIGIBILITY,v2026-08-11,2026-03-21..2026-08-06,baccarat_bet02_101_all_pairs_incl_sentinel,round_win = game_pnl > 0 (decisive only),COMPATIBILITY_ONLY_NOT_PRODUCTION,406609.1881,379631.3579,6638.5409,8714,2252,-0.01632659,-0.04432358,-0.00421410,-0.01632659,-6638.5409,406609.1881,OK,0.0000,265.5416,4.0000,96.0000,AG03-UNRESOLVED,ALL5_LEVELS_bet23_to_bet27,265.5416,265.5416,298.7343,298.7343,298.7343,4.000000,4.000000,4.500000,4.500000,4.500000,96.000000,96.000000,95.500000,95.500000,95.500000,5.0,1427.2863,1309.7925,5211.2546,5328.7484,PENDING_AG03,FALSE,NOT_FOR_ENFORCEMENT,6372.9992,364446.1036,6638.5409,6372.9992,265.5416,0.01632659,0.01567352,265.5416,6372.9992,0.01567352,265.5416,265.5416,298.7343,298.7343,298.7343,6372.9992,0.01567352,1427.2863,1309.7925,5211.2546,5328.7484,0.01281637,0.01310533,0.00065306,46.6616,168.5752,2.9478,99.0827,12.5730,6068.7939,33.6119,44.8794,47.4773,8.4329,14.3073,34.3462,193.1745,204.3903,207.7145,14.3073,-10.2195,14.285714,14.518058,3.261379,29,153,76,7,0.30198559,0.01632659,0.04432358,0E-8,0.000000,0.933652,0.003213,-0.04010948,2026-03-22,2026-08-05,67,528,415,137,0.489051,0.945283,0.961806,1.006619,,,,,,,,GLOBAL_BASELINE_NO_ENTITY_RANKING,,,NOT_APPLICABLE_GLOBAL_BASELINE,HF9g-P5,,,,X 全窗基线 · 不参与实体赏罚,14192299,1420,A168_HF9F_20260827_0900,2026-08-27 09:00:00
2026-06-06,129130207,-1,1,49.0206260517,-16.6171613736,-16.6171613736,0.5000000,5,2,0.42485886666611135,0.347156625000,0.21497263578505843,0.45404028474569474,0.21497263578505843,0.07770224166611135,SENTINEL_DEALER,R03b_20260811_FULL_v1,L1_ELIGIBILITY,v2026-08-11,2026-03-21..2026-08-06,baccarat_bet02_101_all_pairs_incl_sentinel,round_win = game_pnl > 0 (decisive only),COMPATIBILITY_ONLY_NOT_PRODUCTION,406609.1881,379631.3579,6638.5409,8714,2252,-0.01632659,-0.04432358,-0.00421410,-0.01632659,-6638.5409,406609.1881,OK,0.0000,265.5416,4.0000,96.0000,AG03-UNRESOLVED,ALL5_LEVELS_bet23_to_bet27,265.5416,265.5416,298.7343,298.7343,298.7343,4.000000,4.000000,4.500000,4.500000,4.500000,96.000000,96.000000,95.500000,95.500000,95.500000,5.0,1427.2863,1309.7925,5211.2546,5328.7484,PENDING_AG03,FALSE,NOT_FOR_ENFORCEMENT,6372.9992,364446.1036,6638.5409,6372.9992,265.5416,0.01632659,0.01567352,265.5416,6372.9992,0.01567352,265.5416,265.5416,298.7343,298.7343,298.7343,6372.9992,0.01567352,1427.2863,1309.7925,5211.2546,5328.7484,0.01281637,0.01310533,0.00065306,46.6616,168.5752,2.9478,99.0827,12.5730,6068.7939,33.6119,44.8794,47.4773,8.4329,14.3073,34.3462,193.1745,204.3903,207.7145,14.3073,-10.2195,14.285714,14.518058,3.261379,29,153,76,7,0.30198559,0.01632659,0.04432358,0E-8,0.000000,0.933652,0.003213,-0.04010948,2026-03-22,2026-08-05,67,528,415,137,0.489051,0.945283,0.961806,1.006619,,,,,,,,GLOBAL_BASELINE_NO_ENTITY_RANKING,,,NOT_APPLICABLE_GLOBAL_BASELINE,HF9g-P5,,,,X 全窗基线 · 不参与实体赏罚,14192300,1420,A168_HF9F_20260827_0900,2026-08-27 09:00:00
2026-06-06,129130207,1331,0,139.1687265023,-139.1687265023,-139.1687265023,0E-7,4,1,0.43047442537317538,0.187662550000,-0.8693948475691208,-0.48064072822218945,-0.8693948475691208,0.24281187537317538,ELIGIBLE,R03b_20260811_FULL_v1,L1_ELIGIBILITY,v2026-08-11,2026-03-21..2026-08-06,baccarat_bet02_101_all_pairs_incl_sentinel,round_win = game_pnl > 0 (decisive only),COMPATIBILITY_ONLY_NOT_PRODUCTION,406609.1881,379631.3579,6638.5409,8714,2252,-0.01632659,-0.04432358,-0.00421410,-0.01632659,-6638.5409,406609.1881,OK,0.0000,265.5416,4.0000,96.0000,AG03-UNRESOLVED,ALL5_LEVELS_bet23_to_bet27,265.5416,265.5416,298.7343,298.7343,298.7343,4.000000,4.000000,4.500000,4.500000,4.500000,96.000000,96.000000,95.500000,95.500000,95.500000,5.0,1427.2863,1309.7925,5211.2546,5328.7484,PENDING_AG03,FALSE,NOT_FOR_ENFORCEMENT,6372.9992,364446.1036,6638.5409,6372.9992,265.5416,0.01632659,0.01567352,265.5416,6372.9992,0.01567352,265.5416,265.5416,298.7343,298.7343,298.7343,6372.9992,0.01567352,1427.2863,1309.7925,5211.2546,5328.7484,0.01281637,0.01310533,0.00065306,46.6616,168.5752,2.9478,99.0827,12.5730,6068.7939,33.6119,44.8794,47.4773,8.4329,14.3073,34.3462,193.1745,204.3903,207.7145,14.3073,-10.2195,14.285714,14.518058,3.261379,29,153,76,7,0.30198559,0.01632659,0.04432358,0E-8,0.000000,0.933652,0.003213,-0.04010948,2026-03-22,2026-08-05,67,528,415,137,0.489051,0.945283,0.961806,1.006619,,,,,,,,GLOBAL_BASELINE_NO_ENTITY_RANKING,,,NOT_APPLICABLE_GLOBAL_BASELINE,HF9g-P5,,,,X 全窗基线 · 不参与实体赏罚,14192301,1420,A168_HF9F_20260827_0900,2026-08-27 09:00:00
2026-06-06,129130207,2152,0,2583.3454500138,641.8690152252,641.8690152252,0.7333333,56,15,0.43669880300129557,0.210996421111,2.3163596775540576,4.958146055121765,2.3163596775540576,0.22570238189029557,ELIGIBLE,R03b_20260811_FULL_v1,L1_ELIGIBILITY,v2026-08-11,2026-03-21..2026-08-06,baccarat_bet02_101_all_pairs_incl_sentinel,round_win = game_pnl > 0 (decisive only),COMPATIBILITY_ONLY_NOT_PRODUCTION,406609.1881,379631.3579,6638.5409,8714,2252,-0.01632659,-0.04432358,-0.00421410,-0.01632659,-6638.5409,406609.1881,OK,0.0000,265.5416,4.0000,96.0000,AG03-UNRESOLVED,ALL5_LEVELS_bet23_to_bet27,265.5416,265.5416,298.7343,298.7343,298.7343,4.000000,4.000000,4.500000,4.500000,4.500000,96.000000,96.000000,95.500000,95.500000,95.500000,5.0,1427.2863,1309.7925,5211.2546,5328.7484,PENDING_AG03,FALSE,NOT_FOR_ENFORCEMENT,6372.9992,364446.1036,6638.5409,6372.9992,265.5416,0.01632659,0.01567352,265.5416,6372.9992,0.01567352,265.5416,265.5416,298.7343,298.7343,298.7343,6372.9992,0.01567352,1427.2863,1309.7925,5211.2546,5328.7484,0.01281637,0.01310533,0.00065306,46.6616,168.5752,2.9478,99.0827,12.5730,6068.7939,33.6119,44.8794,47.4773,8.4329,14.3073,34.3462,193.1745,204.3903,207.7145,14.3073,-10.2195,14.285714,14.518058,3.261379,29,153,76,7,0.30198559,0.01632659,0.04432358,0E-8,0.000000,0.933652,0.003213,-0.04010948,2026-03-22,2026-08-05,67,528,415,137,0.489051,0.945283,0.961806,1.006619,,,,,,,,GLOBAL_BASELINE_NO_ENTITY_RANKING,,,NOT_APPLICABLE_GLOBAL_BASELINE,HF9g-P5,,,,X 全窗基线 · 不参与实体赏罚,14192302,1420,A168_HF9F_20260827_0900,2026-08-27 09:00:00
2026-06-06,129130207,2216,0,108.0115489271,-108.0115489271,-108.0115489271,0E-7,4,1,0.43303805000029533,0.187662550000,-0.8739489652182449,-0.48064072822218945,-0.8739489652182449,0.24537550000029533,ELIGIBLE,R03b_20260811_FULL_v1,L1_ELIGIBILITY,v2026-08-11,2026-03-21..2026-08-06,baccarat_bet02_101_all_pairs_incl_sentinel,round_win = game_pnl > 0 (decisive only),COMPATIBILITY_ONLY_NOT_PRODUCTION,406609.1881,379631.3579,6638.5409,8714,2252,-0.01632659,-0.04432358,-0.00421410,-0.01632659,-6638.5409,406609.1881,OK,0.0000,265.5416,4.0000,96.0000,AG03-UNRESOLVED,ALL5_LEVELS_bet23_to_bet27,265.5416,265.5416,298.7343,298.7343,298.7343,4.000000,4.000000,4.500000,4.500000,4.500000,96.000000,96.000000,95.500000,95.500000,95.500000,5.0,1427.2863,1309.7925,5211.2546,5328.7484,PENDING_AG03,FALSE,NOT_FOR_ENFORCEMENT,6372.9992,364446.1036,6638.5409,6372.9992,265.5416,0.01632659,0.01567352,265.5416,6372.9992,0.01567352,265.5416,265.5416,298.7343,298.7343,298.7343,6372.9992,0.01567352,1427.2863,1309.7925,5211.2546,5328.7484,0.01281637,0.01310533,0.00065306,46.6616,168.5752,2.9478,99.0827,12.5730,6068.7939,33.6119,44.8794,47.4773,8.4329,14.3073,34.3462,193.1745,204.3903,207.7145,14.3073,-10.2195,14.285714,14.518058,3.261379,29,153,76,7,0.30198559,0.01632659,0.04432358,0E-8,0.000000,0.933652,0.003213,-0.04010948,2026-03-22,2026-08-05,67,528,415,137,0.489051,0.945283,0.961806,1.006619,,,,,,,,GLOBAL_BASELINE_NO_ENTITY_RANKING,,,NOT_APPLICABLE_GLOBAL_BASELINE,HF9g-P5,,,,X 全窗基线 · 不参与实体赏罚,14192303,1420,A168_HF9F_20260827_0900,2026-08-27 09:00:00
2026-06-08,129130207,-1,1,2156.0766882002,32.5073219363,32.5073219363,0.5454545,44,11,0.43429811065492145,0.187662550000,0.7437777234231014,3.039274445679289,0.7437777234231014,0.24663556065492145,SENTINEL_DEALER,R03b_20260811_FULL_v1,L1_ELIGIBILITY,v2026-08-11,2026-03-21..2026-08-06,baccarat_bet02_101_all_pairs_incl_sentinel,round_win = game_pnl > 0 (decisive only),COMPATIBILITY_ONLY_NOT_PRODUCTION,406609.1881,379631.3579,6638.5409,8714,2252,-0.01632659,-0.04432358,-0.00421410,-0.01632659,-6638.5409,406609.1881,OK,0.0000,265.5416,4.0000,96.0000,AG03-UNRESOLVED,ALL5_LEVELS_bet23_to_bet27,265.5416,265.5416,298.7343,298.7343,298.7343,4.000000,4.000000,4.500000,4.500000,4.500000,96.000000,96.000000,95.500000,95.500000,95.500000,5.0,1427.2863,1309.7925,5211.2546,5328.7484,PENDING_AG03,FALSE,NOT_FOR_ENFORCEMENT,6372.9992,364446.1036,6638.5409,6372.9992,265.5416,0.01632659,0.01567352,265.5416,6372.9992,0.01567352,265.5416,265.5416,298.7343,298.7343,298.7343,6372.9992,0.01567352,1427.2863,1309.7925,5211.2546,5328.7484,0.01281637,0.01310533,0.00065306,46.6616,168.5752,2.9478,99.0827,12.5730,6068.7939,33.6119,44.8794,47.4773,8.4329,14.3073,34.3462,193.1745,204.3903,207.7145,14.3073,-10.2195,14.285714,14.518058,3.261379,29,153,76,7,0.30198559,0.01632659,0.04432358,0E-8,0.000000,0.933652,0.003213,-0.04010948,2026-03-22,2026-08-05,67,528,415,137,0.489051,0.945283,0.961806,1.006619,,,,,,,,GLOBAL_BASELINE_NO_ENTITY_RANKING,,,NOT_APPLICABLE_GLOBAL_BASELINE,HF9g-P5,,,,X 全窗基线 · 不参与实体赏罚,14192304,1420,A168_HF9F_20260827_0900,2026-08-27 09:00:00
2026-06-08,129130207,1157,0,434.1233408803,-231.6016866419,-231.6016866419,0.3333333,12,3,0.42675233984817614,0.187662550000,-0.3271423513558452,0.6462135179418145,-0.3271423513558452,0.23908978984817614,ELIGIBLE,R03b_20260811_FULL_v1,L1_ELIGIBILITY,v2026-08-11,2026-03-21..2026-08-06,baccarat_bet02_101_all_pairs_incl_sentinel,round_win = game_pnl > 0 (decisive only),COMPATIBILITY_ONLY_NOT_PRODUCTION,406609.1881,379631.3579,6638.5409,8714,2252,-0.01632659,-0.04432358,-0.00421410,-0.01632659,-6638.5409,406609.1881,OK,0.0000,265.5416,4.0000,96.0000,AG03-UNRESOLVED,ALL5_LEVELS_bet23_to_bet27,265.5416,265.5416,298.7343,298.7343,298.7343,4.000000,4.000000,4.500000,4.500000,4.500000,96.000000,96.000000,95.500000,95.500000,95.500000,5.0,1427.2863,1309.7925,5211.2546,5328.7484,PENDING_AG03,FALSE,NOT_FOR_ENFORCEMENT,6372.9992,364446.1036,6638.5409,6372.9992,265.5416,0.01632659,0.01567352,265.5416,6372.9992,0.01567352,265.5416,265.5416,298.7343,298.7343,298.7343,6372.9992,0.01567352,1427.2863,1309.7925,5211.2546,5328.7484,0.01281637,0.01310533,0.00065306,46.6616,168.5752,2.9478,99.0827,12.5730,6068.7939,33.6119,44.8794,47.4773,8.4329,14.3073,34.3462,193.1745,204.3903,207.7145,14.3073,-10.2195,14.285714,14.518058,3.261379,29,153,76,7,0.30198559,0.01632659,0.04432358,0E-8,0.000000,0.933652,0.003213,-0.04010948,2026-03-22,2026-08-05,67,528,415,137,0.489051,0.945283,0.961806,1.006619,,,,,,,,GLOBAL_BASELINE_NO_ENTITY_RANKING,,,NOT_APPLICABLE_GLOBAL_BASELINE,HF9g-P5,,,,X 全窗基线 · 不参与实体赏罚,14192305,1420,A168_HF9F_20260827_0900,2026-08-27 09:00:00
2026-06-08,129130207,1302,0,763.3508505912,35.6749683234,35.6749683234,0.5000000,16,4,0.44024610575989156,0.187662550000,0.24074090365682096,1.5999153738352345,0.24074090365682096,0.25258355575989156,ELIGIBLE,R03b_20260811_FULL_v1,L1_ELIGIBILITY,v2026-08-11,2026-03-21..2026-08-06,baccarat_bet02_101_all_pairs_incl_sentinel,round_win = game_pnl > 0 (decisive only),COMPATIBILITY_ONLY_NOT_PRODUCTION,406609.1881,379631.3579,6638.5409,8714,2252,-0.01632659,-0.04432358,-0.00421410,-0.01632659,-6638.5409,406609.1881,OK,0.0000,265.5416,4.0000,96.0000,AG03-UNRESOLVED,ALL5_LEVELS_bet23_to_bet27,265.5416,265.5416,298.7343,298.7343,298.7343,4.000000,4.000000,4.500000,4.500000,4.500000,96.000000,96.000000,95.500000,95.500000,95.500000,5.0,1427.2863,1309.7925,5211.2546,5328.7484,PENDING_AG03,FALSE,NOT_FOR_ENFORCEMENT,6372.9992,364446.1036,6638.5409,6372.9992,265.5416,0.01632659,0.01567352,265.5416,6372.9992,0.01567352,265.5416,265.5416,298.7343,298.7343,298.7343,6372.9992,0.01567352,1427.2863,1309.7925,5211.2546,5328.7484,0.01281637,0.01310533,0.00065306,46.6616,168.5752,2.9478,99.0827,12.5730,6068.7939,33.6119,44.8794,47.4773,8.4329,14.3073,34.3462,193.1745,204.3903,207.7145,14.3073,-10.2195,14.285714,14.518058,3.261379,29,153,76,7,0.30198559,0.01632659,0.04432358,0E-8,0.000000,0.933652,0.003213,-0.04010948,2026-03-22,2026-08-05,67,528,415,137,0.489051,0.945283,0.961806,1.006619,,,,,,,,GLOBAL_BASELINE_NO_ENTITY_RANKING,,,NOT_APPLICABLE_GLOBAL_BASELINE,HF9g-P5,,,,X 全窗基线 · 不参与实体赏罚,14192306,1420,A168_HF9F_20260827_0900,2026-08-27 09:00:00
2026-06-08,129130207,1307,0,685.4579066534,-77.8929439382,-77.8929439382,0.5000000,16,4,0.42823277979155304,0.187662550000,0.2900724878875082,1.5999153738352345,0.2900724878875082,0.24057022979155304,ELIGIBLE,R03b_20260811_FULL_v1,L1_ELIGIBILITY,v2026-08-11,2026-03-21..2026-08-06,baccarat_bet02_101_all_pairs_incl_sentinel,round_win = game_pnl > 0 (decisive only),COMPATIBILITY_ONLY_NOT_PRODUCTION,406609.1881,379631.3579,6638.5409,8714,2252,-0.01632659,-0.04432358,-0.00421410,-0.01632659,-6638.5409,406609.1881,OK,0.0000,265.5416,4.0000,96.0000,AG03-UNRESOLVED,ALL5_LEVELS_bet23_to_bet27,265.5416,265.5416,298.7343,298.7343,298.7343,4.000000,4.000000,4.500000,4.500000,4.500000,96.000000,96.000000,95.500000,95.500000,95.500000,5.0,1427.2863,1309.7925,5211.2546,5328.7484,PENDING_AG03,FALSE,NOT_FOR_ENFORCEMENT,6372.9992,364446.1036,6638.5409,6372.9992,265.5416,0.01632659,0.01567352,265.5416,6372.9992,0.01567352,265.5416,265.5416,298.7343,298.7343,298.7343,6372.9992,0.01567352,1427.2863,1309.7925,5211.2546,5328.7484,0.01281637,0.01310533,0.00065306,46.6616,168.5752,2.9478,99.0827,12.5730,6068.7939,33.6119,44.8794,47.4773,8.4329,14.3073,34.3462,193.1745,204.3903,207.7145,14.3073,-10.2195,14.285714,14.518058,3.261379,29,153,76,7,0.30198559,0.01632659,0.04432358,0E-8,0.000000,0.933652,0.003213,-0.04010948,2026-03-22,2026-08-05,67,528,415,137,0.489051,0.945283,0.961806,1.006619,,,,,,,,GLOBAL_BASELINE_NO_ENTITY_RANKING,,,NOT_APPLICABLE_GLOBAL_BASELINE,HF9g-P5,,,,X 全窗基线 · 不参与实体赏罚,14192307,1420,A168_HF9F_20260827_0900,2026-08-27 09:00:00
2026-06-08,129130207,1325,0,1326.6726211493,57.3603639160,57.3603639160,0.6250000,29,8,0.43045674505355233,0.227536068750,1.111304457219569,2.6815042344160656,1.111304457219569,0.20292067630355233,ELIGIBLE,R03b_20260811_FULL_v1,L1_ELIGIBILITY,v2026-08-11,2026-03-21..2026-08-06,baccarat_bet02_101_all_pairs_incl_sentinel,round_win = game_pnl > 0 (decisive only),COMPATIBILITY_ONLY_NOT_PRODUCTION,406609.1881,379631.3579,6638.5409,8714,2252,-0.01632659,-0.04432358,-0.00421410,-0.01632659,-6638.5409,406609.1881,OK,0.0000,265.5416,4.0000,96.0000,AG03-UNRESOLVED,ALL5_LEVELS_bet23_to_bet27,265.5416,265.5416,298.7343,298.7343,298.7343,4.000000,4.000000,4.500000,4.500000,4.500000,96.000000,96.000000,95.500000,95.500000,95.500000,5.0,1427.2863,1309.7925,5211.2546,5328.7484,PENDING_AG03,FALSE,NOT_FOR_ENFORCEMENT,6372.9992,364446.1036,6638.5409,6372.9992,265.5416,0.01632659,0.01567352,265.5416,6372.9992,0.01567352,265.5416,265.5416,298.7343,298.7343,298.7343,6372.9992,0.01567352,1427.2863,1309.7925,5211.2546,5328.7484,0.01281637,0.01310533,0.00065306,46.6616,168.5752,2.9478,99.0827,12.5730,6068.7939,33.6119,44.8794,47.4773,8.4329,14.3073,34.3462,193.1745,204.3903,207.7145,14.3073,-10.2195,14.285714,14.518058,3.261379,29,153,76,7,0.30198559,0.01632659,0.04432358,0E-8,0.000000,0.933652,0.003213,-0.04010948,2026-03-22,2026-08-05,67,528,415,137,0.489051,0.945283,0.961806,1.006619,,,,,,,,GLOBAL_BASELINE_NO_ENTITY_RANKING,,,NOT_APPLICABLE_GLOBAL_BASELINE,HF9g-P5,,,,X 全窗基线 · 不参与实体赏罚,14192308,1420,A168_HF9F_20260827_0900,2026-08-27 09:00:00
2026-06-08,129130207,1485,0,2702.3658683507,327.8773653492,327.8773653492,0.5000000,56,14,0.42282773297631605,0.187662550000,0.5845084800110755,2.993167588361898,0.5845084800110755,0.23516518297631605,ELIGIBLE,R03b_20260811_FULL_v1,L1_ELIGIBILITY,v2026-08-11,2026-03-21..2026-08-06,baccarat_bet02_101_all_pairs_incl_sentinel,round_win = game_pnl > 0 (decisive only),COMPATIBILITY_ONLY_NOT_PRODUCTION,406609.1881,379631.3579,6638.5409,8714,2252,-0.01632659,-0.04432358,-0.00421410,-0.01632659,-6638.5409,406609.1881,OK,0.0000,265.5416,4.0000,96.0000,AG03-UNRESOLVED,ALL5_LEVELS_bet23_to_bet27,265.5416,265.5416,298.7343,298.7343,298.7343,4.000000,4.000000,4.500000,4.500000,4.500000,96.000000,96.000000,95.500000,95.500000,95.500000,5.0,1427.2863,1309.7925,5211.2546,5328.7484,PENDING_AG03,FALSE,NOT_FOR_ENFORCEMENT,6372.9992,364446.1036,6638.5409,6372.9992,265.5416,0.01632659,0.01567352,265.5416,6372.9992,0.01567352,265.5416,265.5416,298.7343,298.7343,298.7343,6372.9992,0.01567352,1427.2863,1309.7925,5211.2546,5328.7484,0.01281637,0.01310533,0.00065306,46.6616,168.5752,2.9478,99.0827,12.5730,6068.7939,33.6119,44.8794,47.4773,8.4329,14.3073,34.3462,193.1745,204.3903,207.7145,14.3073,-10.2195,14.285714,14.518058,3.261379,29,153,76,7,0.30198559,0.01632659,0.04432358,0E-8,0.000000,0.933652,0.003213,-0.04010948,2026-03-22,2026-08-05,67,528,415,137,0.489051,0.945283,0.961806,1.006619,,,,,,,,GLOBAL_BASELINE_NO_ENTITY_RANKING,,,NOT_APPLICABLE_GLOBAL_BASELINE,HF9g-P5,,,,X 全窗基线 · 不参与实体赏罚,14192309,1420,A168_HF9F_20260827_0900,2026-08-27 09:00:00
2026-06-08,129130207,1654,0,749.8494069752,209.7916623390,209.7916623390,0.7500000,16,4,0.42327878774116306,0.184311250000,1.3225469929822926,2.9178931134599138,1.3225469929822926,0.23896753774116306,ELIGIBLE,R03b_20260811_FULL_v1,L1_ELIGIBILITY,v2026-08-11,2026-03-21..2026-08-06,baccarat_bet02_101_all_pairs_incl_sentinel,round_win = game_pnl > 0 (decisive only),COMPATIBILITY_ONLY_NOT_PRODUCTION,406609.1881,379631.3579,6638.5409,8714,2252,-0.01632659,-0.04432358,-0.00421410,-0.01632659,-6638.5409,406609.1881,OK,0.0000,265.5416,4.0000,96.0000,AG03-UNRESOLVED,ALL5_LEVELS_bet23_to_bet27,265.5416,265.5416,298.7343,298.7343,298.7343,4.000000,4.000000,4.500000,4.500000,4.500000,96.000000,96.000000,95.500000,95.500000,95.500000,5.0,1427.2863,1309.7925,5211.2546,5328.7484,PENDING_AG03,FALSE,NOT_FOR_ENFORCEMENT,6372.9992,364446.1036,6638.5409,6372.9992,265.5416,0.01632659,0.01567352,265.5416,6372.9992,0.01567352,265.5416,265.5416,298.7343,298.7343,298.7343,6372.9992,0.01567352,1427.2863,1309.7925,5211.2546,5328.7484,0.01281637,0.01310533,0.00065306,46.6616,168.5752,2.9478,99.0827,12.5730,6068.7939,33.6119,44.8794,47.4773,8.4329,14.3073,34.3462,193.1745,204.3903,207.7145,14.3073,-10.2195,14.285714,14.518058,3.261379,29,153,76,7,0.30198559,0.01632659,0.04432358,0E-8,0.000000,0.933652,0.003213,-0.04010948,2026-03-22,2026-08-05,67,528,415,137,0.489051,0.945283,0.961806,1.006619,,,,,,,,GLOBAL_BASELINE_NO_ENTITY_RANKING,,,NOT_APPLICABLE_GLOBAL_BASELINE,HF9g-P5,,,,X 全窗基线 · 不参与实体赏罚,14192310,1420,A168_HF9F_20260827_0900,2026-08-27 09:00:00
2026-06-08,129130207,2130,0,843.1132251833,428.7331491597,428.7331491597,1.0000000,28,7,0.41485701971648700,0.187662550000,3.142178105288549,5.504634034761863,3.142178105288549,0.22719446971648700,ELIGIBLE,R03b_20260811_FULL_v1,L1_ELIGIBILITY,v2026-08-11,2026-03-21..2026-08-06,baccarat_bet02_101_all_pairs_incl_sentinel,round_win = game_pnl > 0 (decisive only),COMPATIBILITY_ONLY_NOT_PRODUCTION,406609.1881,379631.3579,6638.5409,8714,2252,-0.01632659,-0.04432358,-0.00421410,-0.01632659,-6638.5409,406609.1881,OK,0.0000,265.5416,4.0000,96.0000,AG03-UNRESOLVED,ALL5_LEVELS_bet23_to_bet27,265.5416,265.5416,298.7343,298.7343,298.7343,4.000000,4.000000,4.500000,4.500000,4.500000,96.000000,96.000000,95.500000,95.500000,95.500000,5.0,1427.2863,1309.7925,5211.2546,5328.7484,PENDING_AG03,FALSE,NOT_FOR_ENFORCEMENT,6372.9992,364446.1036,6638.5409,6372.9992,265.5416,0.01632659,0.01567352,265.5416,6372.9992,0.01567352,265.5416,265.5416,298.7343,298.7343,298.7343,6372.9992,0.01567352,1427.2863,1309.7925,5211.2546,5328.7484,0.01281637,0.01310533,0.00065306,46.6616,168.5752,2.9478,99.0827,12.5730,6068.7939,33.6119,44.8794,47.4773,8.4329,14.3073,34.3462,193.1745,204.3903,207.7145,14.3073,-10.2195,14.285714,14.518058,3.261379,29,153,76,7,0.30198559,0.01632659,0.04432358,0E-8,0.000000,0.933652,0.003213,-0.04010948,2026-03-22,2026-08-05,67,528,415,137,0.489051,0.945283,0.961806,1.006619,,,,,,,,GLOBAL_BASELINE_NO_ENTITY_RANKING,,,NOT_APPLICABLE_GLOBAL_BASELINE,HF9g-P5,,,,X 全窗基线 · 不参与实体赏罚,14192311,1420,A168_HF9F_20260827_0900,2026-08-27 09:00:00
2026-06-08,129130207,2134,0,423.9453295391,-324.2423612987,-324.2423612987,0E-7,12,3,0.42313738580001081,0.187662550000,-1.483423414874345,-0.8324941614677365,-1.483423414874345,0.23547483580001081,ELIGIBLE,R03b_20260811_FULL_v1,L1_ELIGIBILITY,v2026-08-11,2026-03-21..2026-08-06,baccarat_bet02_101_all_pairs_incl_sentinel,round_win = game_pnl > 0 (decisive only),COMPATIBILITY_ONLY_NOT_PRODUCTION,406609.1881,379631.3579,6638.5409,8714,2252,-0.01632659,-0.04432358,-0.00421410,-0.01632659,-6638.5409,406609.1881,OK,0.0000,265.5416,4.0000,96.0000,AG03-UNRESOLVED,ALL5_LEVELS_bet23_to_bet27,265.5416,265.5416,298.7343,298.7343,298.7343,4.000000,4.000000,4.500000,4.500000,4.500000,96.000000,96.000000,95.500000,95.500000,95.500000,5.0,1427.2863,1309.7925,5211.2546,5328.7484,PENDING_AG03,FALSE,NOT_FOR_ENFORCEMENT,6372.9992,364446.1036,6638.5409,6372.9992,265.5416,0.01632659,0.01567352,265.5416,6372.9992,0.01567352,265.5416,265.5416,298.7343,298.7343,298.7343,6372.9992,0.01567352,1427.2863,1309.7925,5211.2546,5328.7484,0.01281637,0.01310533,0.00065306,46.6616,168.5752,2.9478,99.0827,12.5730,6068.7939,33.6119,44.8794,47.4773,8.4329,14.3073,34.3462,193.1745,204.3903,207.7145,14.3073,-10.2195,14.285714,14.518058,3.261379,29,153,76,7,0.30198559,0.01632659,0.04432358,0E-8,0.000000,0.933652,0.003213,-0.04010948,2026-03-22,2026-08-05,67,528,415,137,0.489051,0.945283,0.961806,1.006619,,,,,,,,GLOBAL_BASELINE_NO_ENTITY_RANKING,,,NOT_APPLICABLE_GLOBAL_BASELINE,HF9g-P5,,,,X 全窗基线 · 不参与实体赏罚,14192312,1420,A168_HF9F_20260827_0900,2026-08-27 09:00:00
2026-06-08,129130207,2171,0,3368.5063249071,924.0076438941,924.0076438941,0.7500000,61,16,0.43361388025727362,0.207599309375,2.553697931972698,5.349274079039142,2.553697931972698,0.22601457088227362,ELIGIBLE,R03b_20260811_FULL_v1,L1_ELIGIBILITY,v2026-08-11,2026-03-21..2026-08-06,baccarat_bet02_101_all_pairs_incl_sentinel,round_win = game_pnl > 0 (decisive only),COMPATIBILITY_ONLY_NOT_PRODUCTION,406609.1881,379631.3579,6638.5409,8714,2252,-0.01632659,-0.04432358,-0.00421410,-0.01632659,-6638.5409,406609.1881,OK,0.0000,265.5416,4.0000,96.0000,AG03-UNRESOLVED,ALL5_LEVELS_bet23_to_bet27,265.5416,265.5416,298.7343,298.7343,298.7343,4.000000,4.000000,4.500000,4.500000,4.500000,96.000000,96.000000,95.500000,95.500000,95.500000,5.0,1427.2863,1309.7925,5211.2546,5328.7484,PENDING_AG03,FALSE,NOT_FOR_ENFORCEMENT,6372.9992,364446.1036,6638.5409,6372.9992,265.5416,0.01632659,0.01567352,265.5416,6372.9992,0.01567352,265.5416,265.5416,298.7343,298.7343,298.7343,6372.9992,0.01567352,1427.2863,1309.7925,5211.2546,5328.7484,0.01281637,0.01310533,0.00065306,46.6616,168.5752,2.9478,99.0827,12.5730,6068.7939,33.6119,44.8794,47.4773,8.4329,14.3073,34.3462,193.1745,204.3903,207.7145,14.3073,-10.2195,14.285714,14.518058,3.261379,29,153,76,7,0.30198559,0.01632659,0.04432358,0E-8,0.000000,0.933652,0.003213,-0.04010948,2026-03-22,2026-08-05,67,528,415,137,0.489051,0.945283,0.961806,1.006619,,,,,,,,GLOBAL_BASELINE_NO_ENTITY_RANKING,,,NOT_APPLICABLE_GLOBAL_BASELINE,HF9g-P5,,,,X 全窗基线 · 不参与实体赏罚,14192313,1420,A168_HF9F_20260827_0900,2026-08-27 09:00:00
2026-06-08,129130207,2205,0,892.9647093038,-599.3083106581,-599.3083106581,0.3333333,23,6,0.43692073450196793,0.192832536111,-0.5115598689518959,0.8723332638905432,-0.5115598689518959,0.24408819839096793,ELIGIBLE,R03b_20260811_FULL_v1,L1_ELIGIBILITY,v2026-08-11,2026-03-21..2026-08-06,baccarat_bet02_101_all_pairs_incl_sentinel,round_win = game_pnl > 0 (decisive only),COMPATIBILITY_ONLY_NOT_PRODUCTION,406609.1881,379631.3579,6638.5409,8714,2252,-0.01632659,-0.04432358,-0.00421410,-0.01632659,-6638.5409,406609.1881,OK,0.0000,265.5416,4.0000,96.0000,AG03-UNRESOLVED,ALL5_LEVELS_bet23_to_bet27,265.5416,265.5416,298.7343,298.7343,298.7343,4.000000,4.000000,4.500000,4.500000,4.500000,96.000000,96.000000,95.500000,95.500000,95.500000,5.0,1427.2863,1309.7925,5211.2546,5328.7484,PENDING_AG03,FALSE,NOT_FOR_ENFORCEMENT,6372.9992,364446.1036,6638.5409,6372.9992,265.5416,0.01632659,0.01567352,265.5416,6372.9992,0.01567352,265.5416,265.5416,298.7343,298.7343,298.7343,6372.9992,0.01567352,1427.2863,1309.7925,5211.2546,5328.7484,0.01281637,0.01310533,0.00065306,46.6616,168.5752,2.9478,99.0827,12.5730,6068.7939,33.6119,44.8794,47.4773,8.4329,14.3073,34.3462,193.1745,204.3903,207.7145,14.3073,-10.2195,14.285714,14.518058,3.261379,29,153,76,7,0.30198559,0.01632659,0.04432358,0E-8,0.000000,0.933652,0.003213,-0.04010948,2026-03-22,2026-08-05,67,528,415,137,0.489051,0.945283,0.961806,1.006619,,,,,,,,GLOBAL_BASELINE_NO_ENTITY_RANKING,,,NOT_APPLICABLE_GLOBAL_BASELINE,HF9g-P5,,,,X 全窗基线 · 不参与实体赏罚,14192314,1420,A168_HF9F_20260827_0900,2026-08-27 09:00:00
2026-06-08,129130207,2239,0,1391.6872650231,104.9996884281,104.9996884281,0.6666667,24,6,0.42448658602650340,0.187662550000,1.200201966306505,3.0050923762683768,1.200201966306505,0.23682403602650340,ELIGIBLE,R03b_20260811_FULL_v1,L1_ELIGIBILITY,v2026-08-11,2026-03-21..2026-08-06,baccarat_bet02_101_all_pairs_incl_sentinel,round_win = game_pnl > 0 (decisive only),COMPATIBILITY_ONLY_NOT_PRODUCTION,406609.1881,379631.3579,6638.5409,8714,2252,-0.01632659,-0.04432358,-0.00421410,-0.01632659,-6638.5409,406609.1881,OK,0.0000,265.5416,4.0000,96.0000,AG03-UNRESOLVED,ALL5_LEVELS_bet23_to_bet27,265.5416,265.5416,298.7343,298.7343,298.7343,4.000000,4.000000,4.500000,4.500000,4.500000,96.000000,96.000000,95.500000,95.500000,95.500000,5.0,1427.2863,1309.7925,5211.2546,5328.7484,PENDING_AG03,FALSE,NOT_FOR_ENFORCEMENT,6372.9992,364446.1036,6638.5409,6372.9992,265.5416,0.01632659,0.01567352,265.5416,6372.9992,0.01567352,265.5416,265.5416,298.7343,298.7343,298.7343,6372.9992,0.01567352,1427.2863,1309.7925,5211.2546,5328.7484,0.01281637,0.01310533,0.00065306,46.6616,168.5752,2.9478,99.0827,12.5730,6068.7939,33.6119,44.8794,47.4773,8.4329,14.3073,34.3462,193.1745,204.3903,207.7145,14.3073,-10.2195,14.285714,14.518058,3.261379,29,153,76,7,0.30198559,0.01632659,0.04432358,0E-8,0.000000,0.933652,0.003213,-0.04010948,2026-03-22,2026-08-05,67,528,415,137,0.489051,0.945283,0.961806,1.006619,,,,,,,,GLOBAL_BASELINE_NO_ENTITY_RANKING,,,NOT_APPLICABLE_GLOBAL_BASELINE,HF9g-P5,,,,X 全窗基线 · 不参与实体赏罚,14192315,1420,A168_HF9F_20260827_0900,2026-08-27 09:00:00
2026-06-08,129130207,2266,0,908.9587271257,-92.4952744950,-92.4952744950,0.6000000,20,5,0.43939515780577136,0.187662550000,0.7235817114873037,2.3614607886975065,0.7235817114873037,0.25173260780577136,ELIGIBLE,R03b_20260811_FULL_v1,L1_ELIGIBILITY,v2026-08-11,2026-03-21..2026-08-06,baccarat_bet02_101_all_pairs_incl_sentinel,round_win = game_pnl > 0 (decisive only),COMPATIBILITY_ONLY_NOT_PRODUCTION,406609.1881,379631.3579,6638.5409,8714,2252,-0.01632659,-0.04432358,-0.00421410,-0.01632659,-6638.5409,406609.1881,OK,0.0000,265.5416,4.0000,96.0000,AG03-UNRESOLVED,ALL5_LEVELS_bet23_to_bet27,265.5416,265.5416,298.7343,298.7343,298.7343,4.000000,4.000000,4.500000,4.500000,4.500000,96.000000,96.000000,95.500000,95.500000,95.500000,5.0,1427.2863,1309.7925,5211.2546,5328.7484,PENDING_AG03,FALSE,NOT_FOR_ENFORCEMENT,6372.9992,364446.1036,6638.5409,6372.9992,265.5416,0.01632659,0.01567352,265.5416,6372.9992,0.01567352,265.5416,265.5416,298.7343,298.7343,298.7343,6372.9992,0.01567352,1427.2863,1309.7925,5211.2546,5328.7484,0.01281637,0.01310533,0.00065306,46.6616,168.5752,2.9478,99.0827,12.5730,6068.7939,33.6119,44.8794,47.4773,8.4329,14.3073,34.3462,193.1745,204.3903,207.7145,14.3073,-10.2195,14.285714,14.518058,3.261379,29,153,76,7,0.30198559,0.01632659,0.04432358,0E-8,0.000000,0.933652,0.003213,-0.04010948,2026-03-22,2026-08-05,67,528,415,137,0.489051,0.945283,0.961806,1.006619,,,,,,,,GLOBAL_BASELINE_NO_ENTITY_RANKING,,,NOT_APPLICABLE_GLOBAL_BASELINE,HF9g-P5,,,,X 全窗基线 · 不参与实体赏罚,14192316,1420,A168_HF9F_20260827_0900,2026-08-27 09:00:00
2026-06-08,129130207,2276,0,138.3378684335,37.3886130902,37.3886130902,1.0000000,4,1,0.44917535765786539,0.187662550000,1.1073852114085836,2.080556102057424,1.1073852114085836,0.26151280765786539,ELIGIBLE,R03b_20260811_FULL_v1,L1_ELIGIBILITY,v2026-08-11,2026-03-21..2026-08-06,baccarat_bet02_101_all_pairs_incl_sentinel,round_win = game_pnl > 0 (decisive only),COMPATIBILITY_ONLY_NOT_PRODUCTION,406609.1881,379631.3579,6638.5409,8714,2252,-0.01632659,-0.04432358,-0.00421410,-0.01632659,-6638.5409,406609.1881,OK,0.0000,265.5416,4.0000,96.0000,AG03-UNRESOLVED,ALL5_LEVELS_bet23_to_bet27,265.5416,265.5416,298.7343,298.7343,298.7343,4.000000,4.000000,4.500000,4.500000,4.500000,96.000000,96.000000,95.500000,95.500000,95.500000,5.0,1427.2863,1309.7925,5211.2546,5328.7484,PENDING_AG03,FALSE,NOT_FOR_ENFORCEMENT,6372.9992,364446.1036,6638.5409,6372.9992,265.5416,0.01632659,0.01567352,265.5416,6372.9992,0.01567352,265.5416,265.5416,298.7343,298.7343,298.7343,6372.9992,0.01567352,1427.2863,1309.7925,5211.2546,5328.7484,0.01281637,0.01310533,0.00065306,46.6616,168.5752,2.9478,99.0827,12.5730,6068.7939,33.6119,44.8794,47.4773,8.4329,14.3073,34.3462,193.1745,204.3903,207.7145,14.3073,-10.2195,14.285714,14.518058,3.261379,29,153,76,7,0.30198559,0.01632659,0.04432358,0E-8,0.000000,0.933652,0.003213,-0.04010948,2026-03-22,2026-08-05,67,528,415,137,0.489051,0.945283,0.961806,1.006619,,,,,,,,GLOBAL_BASELINE_NO_ENTITY_RANKING,,,NOT_APPLICABLE_GLOBAL_BASELINE,HF9g-P5,,,,X 全窗基线 · 不参与实体赏罚,14192317,1420,A168_HF9F_20260827_0900,2026-08-27 09:00:00
2026-06-19,129130207,-1,1,94.0946762771,-94.0946762771,-94.0946762771,0E-7,5,2,0.46549093870929390,0.347156625000,-1.3197542751862548,-1.0312719989751231,-1.3197542751862548,0.11833431370929390,SENTINEL_DEALER,R03b_20260811_FULL_v1,L1_ELIGIBILITY,v2026-08-11,2026-03-21..2026-08-06,baccarat_bet02_101_all_pairs_incl_sentinel,round_win = game_pnl > 0 (decisive only),COMPATIBILITY_ONLY_NOT_PRODUCTION,406609.1881,379631.3579,6638.5409,8714,2252,-0.01632659,-0.04432358,-0.00421410,-0.01632659,-6638.5409,406609.1881,OK,0.0000,265.5416,4.0000,96.0000,AG03-UNRESOLVED,ALL5_LEVELS_bet23_to_bet27,265.5416,265.5416,298.7343,298.7343,298.7343,4.000000,4.000000,4.500000,4.500000,4.500000,96.000000,96.000000,95.500000,95.500000,95.500000,5.0,1427.2863,1309.7925,5211.2546,5328.7484,PENDING_AG03,FALSE,NOT_FOR_ENFORCEMENT,6372.9992,364446.1036,6638.5409,6372.9992,265.5416,0.01632659,0.01567352,265.5416,6372.9992,0.01567352,265.5416,265.5416,298.7343,298.7343,298.7343,6372.9992,0.01567352,1427.2863,1309.7925,5211.2546,5328.7484,0.01281637,0.01310533,0.00065306,46.6616,168.5752,2.9478,99.0827,12.5730,6068.7939,33.6119,44.8794,47.4773,8.4329,14.3073,34.3462,193.1745,204.3903,207.7145,14.3073,-10.2195,14.285714,14.518058,3.261379,29,153,76,7,0.30198559,0.01632659,0.04432358,0E-8,0.000000,0.933652,0.003213,-0.04010948,2026-03-22,2026-08-05,67,528,415,137,0.489051,0.945283,0.961806,1.006619,,,,,,,,GLOBAL_BASELINE_NO_ENTITY_RANKING,,,NOT_APPLICABLE_GLOBAL_BASELINE,HF9g-P5,,,,X 全窗基线 · 不参与实体赏罚,14192318,1420,A168_HF9F_20260827_0900,2026-08-27 09:00:00
2026-06-19,129130207,1004,0,1805.0391541867,-102.1955424469,-102.1955424469,0.5384615,49,13,0.43057536987648311,0.212200100000,0.785587800043859,2.8771113480532344,0.785587800043859,0.21837526987648311,ELIGIBLE,R03b_20260811_FULL_v1,L1_ELIGIBILITY,v2026-08-11,2026-03-21..2026-08-06,baccarat_bet02_101_all_pairs_incl_sentinel,round_win = game_pnl > 0 (decisive only),COMPATIBILITY_ONLY_NOT_PRODUCTION,406609.1881,379631.3579,6638.5409,8714,2252,-0.01632659,-0.04432358,-0.00421410,-0.01632659,-6638.5409,406609.1881,OK,0.0000,265.5416,4.0000,96.0000,AG03-UNRESOLVED,ALL5_LEVELS_bet23_to_bet27,265.5416,265.5416,298.7343,298.7343,298.7343,4.000000,4.000000,4.500000,4.500000,4.500000,96.000000,96.000000,95.500000,95.500000,95.500000,5.0,1427.2863,1309.7925,5211.2546,5328.7484,PENDING_AG03,FALSE,NOT_FOR_ENFORCEMENT,6372.9992,364446.1036,6638.5409,6372.9992,265.5416,0.01632659,0.01567352,265.5416,6372.9992,0.01567352,265.5416,265.5416,298.7343,298.7343,298.7343,6372.9992,0.01567352,1427.2863,1309.7925,5211.2546,5328.7484,0.01281637,0.01310533,0.00065306,46.6616,168.5752,2.9478,99.0827,12.5730,6068.7939,33.6119,44.8794,47.4773,8.4329,14.3073,34.3462,193.1745,204.3903,207.7145,14.3073,-10.2195,14.285714,14.518058,3.261379,29,153,76,7,0.30198559,0.01632659,0.04432358,0E-8,0.000000,0.933652,0.003213,-0.04010948,2026-03-22,2026-08-05,67,528,415,137,0.489051,0.945283,0.961806,1.006619,,,,,,,,GLOBAL_BASELINE_NO_ENTITY_RANKING,,,NOT_APPLICABLE_GLOBAL_BASELINE,HF9g-P5,,,,X 全窗基线 · 不参与实体赏罚,14192319,1420,A168_HF9F_20260827_0900,2026-08-27 09:00:00
2026-06-19,129130207,1323,0,1094.6555054736,10.1780113409,10.1780113409,0.4285714,28,7,0.42965300672687496,0.187662550000,-0.005780673245239663,1.6324683938437143,-0.005780673245239663,0.24199045672687496,ELIGIBLE,R03b_20260811_FULL_v1,L1_ELIGIBILITY,v2026-08-11,2026-03-21..2026-08-06,baccarat_bet02_101_all_pairs_incl_sentinel,round_win = game_pnl > 0 (decisive only),COMPATIBILITY_ONLY_NOT_PRODUCTION,406609.1881,379631.3579,6638.5409,8714,2252,-0.01632659,-0.04432358,-0.00421410,-0.01632659,-6638.5409,406609.1881,OK,0.0000,265.5416,4.0000,96.0000,AG03-UNRESOLVED,ALL5_LEVELS_bet23_to_bet27,265.5416,265.5416,298.7343,298.7343,298.7343,4.000000,4.000000,4.500000,4.500000,4.500000,96.000000,96.000000,95.500000,95.500000,95.500000,5.0,1427.2863,1309.7925,5211.2546,5328.7484,PENDING_AG03,FALSE,NOT_FOR_ENFORCEMENT,6372.9992,364446.1036,6638.5409,6372.9992,265.5416,0.01632659,0.01567352,265.5416,6372.9992,0.01567352,265.5416,265.5416,298.7343,298.7343,298.7343,6372.9992,0.01567352,1427.2863,1309.7925,5211.2546,5328.7484,0.01281637,0.01310533,0.00065306,46.6616,168.5752,2.9478,99.0827,12.5730,6068.7939,33.6119,44.8794,47.4773,8.4329,14.3073,34.3462,193.1745,204.3903,207.7145,14.3073,-10.2195,14.285714,14.518058,3.261379,29,153,76,7,0.30198559,0.01632659,0.04432358,0E-8,0.000000,0.933652,0.003213,-0.04010948,2026-03-22,2026-08-05,67,528,415,137,0.489051,0.945283,0.961806,1.006619,,,,,,,,GLOBAL_BASELINE_NO_ENTITY_RANKING,,,NOT_APPLICABLE_GLOBAL_BASELINE,HF9g-P5,,,,X 全窗基线 · 不参与实体赏罚,14192320,1420,A168_HF9F_20260827_0900,2026-08-27 09:00:00
2026-06-19,129130207,1385,0,388.4261471035,-388.4261471035,-388.4261471035,0E-7,8,2,0.43460869027765431,0.187662550000,-1.2399084975669028,-0.6797286364807011,-1.2399084975669028,0.24694614027765431,ELIGIBLE,R03b_20260811_FULL_v1,L1_ELIGIBILITY,v2026-08-11,2026-03-21..2026-08-06,baccarat_bet02_101_all_pairs_incl_sentinel,round_win = game_pnl > 0 (decisive only),COMPATIBILITY_ONLY_NOT_PRODUCTION,406609.1881,379631.3579,6638.5409,8714,2252,-0.01632659,-0.04432358,-0.00421410,-0.01632659,-6638.5409,406609.1881,OK,0.0000,265.5416,4.0000,96.0000,AG03-UNRESOLVED,ALL5_LEVELS_bet23_to_bet27,265.5416,265.5416,298.7343,298.7343,298.7343,4.000000,4.000000,4.500000,4.500000,4.500000,96.000000,96.000000,95.500000,95.500000,95.500000,5.0,1427.2863,1309.7925,5211.2546,5328.7484,PENDING_AG03,FALSE,NOT_FOR_ENFORCEMENT,6372.9992,364446.1036,6638.5409,6372.9992,265.5416,0.01632659,0.01567352,265.5416,6372.9992,0.01567352,265.5416,265.5416,298.7343,298.7343,298.7343,6372.9992,0.01567352,1427.2863,1309.7925,5211.2546,5328.7484,0.01281637,0.01310533,0.00065306,46.6616,168.5752,2.9478,99.0827,12.5730,6068.7939,33.6119,44.8794,47.4773,8.4329,14.3073,34.3462,193.1745,204.3903,207.7145,14.3073,-10.2195,14.285714,14.518058,3.261379,29,153,76,7,0.30198559,0.01632659,0.04432358,0E-8,0.000000,0.933652,0.003213,-0.04010948,2026-03-22,2026-08-05,67,528,415,137,0.489051,0.945283,0.961806,1.006619,,,,,,,,GLOBAL_BASELINE_NO_ENTITY_RANKING,,,NOT_APPLICABLE_GLOBAL_BASELINE,HF9g-P5,,,,X 全窗基线 · 不参与实体赏罚,14192321,1420,A168_HF9F_20260827_0900,2026-08-27 09:00:00
2026-06-19,129130207,2160,0,2613.0486259694,57.0176349615,57.0176349615,0.6666667,54,15,0.44521760326494798,0.230194303333,1.7257265370217205,4.015730262360901,1.7257265370217205,0.21502329993194798,ELIGIBLE,R03b_20260811_FULL_v1,L1_ELIGIBILITY,v2026-08-11,2026-03-21..2026-08-06,baccarat_bet02_101_all_pairs_incl_sentinel,round_win = game_pnl > 0 (decisive only),COMPATIBILITY_ONLY_NOT_PRODUCTION,406609.1881,379631.3579,6638.5409,8714,2252,-0.01632659,-0.04432358,-0.00421410,-0.01632659,-6638.5409,406609.1881,OK,0.0000,265.5416,4.0000,96.0000,AG03-UNRESOLVED,ALL5_LEVELS_bet23_to_bet27,265.5416,265.5416,298.7343,298.7343,298.7343,4.000000,4.000000,4.500000,4.500000,4.500000,96.000000,96.000000,95.500000,95.500000,95.500000,5.0,1427.2863,1309.7925,5211.2546,5328.7484,PENDING_AG03,FALSE,NOT_FOR_ENFORCEMENT,6372.9992,364446.1036,6638.5409,6372.9992,265.5416,0.01632659,0.01567352,265.5416,6372.9992,0.01567352,265.5416,265.5416,298.7343,298.7343,298.7343,6372.9992,0.01567352,1427.2863,1309.7925,5211.2546,5328.7484,0.01281637,0.01310533,0.00065306,46.6616,168.5752,2.9478,99.0827,12.5730,6068.7939,33.6119,44.8794,47.4773,8.4329,14.3073,34.3462,193.1745,204.3903,207.7145,14.3073,-10.2195,14.285714,14.518058,3.261379,29,153,76,7,0.30198559,0.01632659,0.04432358,0E-8,0.000000,0.933652,0.003213,-0.04010948,2026-03-22,2026-08-05,67,528,415,137,0.489051,0.945283,0.961806,1.006619,,,,,,,,GLOBAL_BASELINE_NO_ENTITY_RANKING,,,NOT_APPLICABLE_GLOBAL_BASELINE,HF9g-P5,,,,X 全窗基线 · 不参与实体赏罚,14192322,1420,A168_HF9F_20260827_0900,2026-08-27 09:00:00
2026-06-19,129130207,2216,0,157.8630330474,-157.8630330474,-157.8630330474,0E-7,4,1,0.43949530000004254,0.187662550000,-0.8854978034177158,-0.48064072822218945,-0.8854978034177158,0.25183275000004254,ELIGIBLE,R03b_20260811_FULL_v1,L1_ELIGIBILITY,v2026-08-11,2026-03-21..2026-08-06,baccarat_bet02_101_all_pairs_incl_sentinel,round_win = game_pnl > 0 (decisive only),COMPATIBILITY_ONLY_NOT_PRODUCTION,406609.1881,379631.3579,6638.5409,8714,2252,-0.01632659,-0.04432358,-0.00421410,-0.01632659,-6638.5409,406609.1881,OK,0.0000,265.5416,4.0000,96.0000,AG03-UNRESOLVED,ALL5_LEVELS_bet23_to_bet27,265.5416,265.5416,298.7343,298.7343,298.7343,4.000000,4.000000,4.500000,4.500000,4.500000,96.000000,96.000000,95.500000,95.500000,95.500000,5.0,1427.2863,1309.7925,5211.2546,5328.7484,PENDING_AG03,FALSE,NOT_FOR_ENFORCEMENT,6372.9992,364446.1036,6638.5409,6372.9992,265.5416,0.01632659,0.01567352,265.5416,6372.9992,0.01567352,265.5416,265.5416,298.7343,298.7343,298.7343,6372.9992,0.01567352,1427.2863,1309.7925,5211.2546,5328.7484,0.01281637,0.01310533,0.00065306,46.6616,168.5752,2.9478,99.0827,12.5730,6068.7939,33.6119,44.8794,47.4773,8.4329,14.3073,34.3462,193.1745,204.3903,207.7145,14.3073,-10.2195,14.285714,14.518058,3.261379,29,153,76,7,0.30198559,0.01632659,0.04432358,0E-8,0.000000,0.933652,0.003213,-0.04010948,2026-03-22,2026-08-05,67,528,415,137,0.489051,0.945283,0.961806,1.006619,,,,,,,,GLOBAL_BASELINE_NO_ENTITY_RANKING,,,NOT_APPLICABLE_GLOBAL_BASELINE,HF9g-P5,,,,X 全窗基线 · 不参与实体赏罚,14192323,1420,A168_HF9F_20260827_0900,2026-08-27 09:00:00
2026-06-19,129130207,2258,0,243.0259850862,157.9668903058,157.9668903058,1.0000000,8,2,0.44161025902567207,0.187662550000,1.590245356733451,2.94235065680771,1.590245356733451,0.25394770902567207,ELIGIBLE,R03b_20260811_FULL_v1,L1_ELIGIBILITY,v2026-08-11,2026-03-21..2026-08-06,baccarat_bet02_101_all_pairs_incl_sentinel,round_win = game_pnl > 0 (decisive only),COMPATIBILITY_ONLY_NOT_PRODUCTION,406609.1881,379631.3579,6638.5409,8714,2252,-0.01632659,-0.04432358,-0.00421410,-0.01632659,-6638.5409,406609.1881,OK,0.0000,265.5416,4.0000,96.0000,AG03-UNRESOLVED,ALL5_LEVELS_bet23_to_bet27,265.5416,265.5416,298.7343,298.7343,298.7343,4.000000,4.000000,4.500000,4.500000,4.500000,96.000000,96.000000,95.500000,95.500000,95.500000,5.0,1427.2863,1309.7925,5211.2546,5328.7484,PENDING_AG03,FALSE,NOT_FOR_ENFORCEMENT,6372.9992,364446.1036,6638.5409,6372.9992,265.5416,0.01632659,0.01567352,265.5416,6372.9992,0.01567352,265.5416,265.5416,298.7343,298.7343,298.7343,6372.9992,0.01567352,1427.2863,1309.7925,5211.2546,5328.7484,0.01281637,0.01310533,0.00065306,46.6616,168.5752,2.9478,99.0827,12.5730,6068.7939,33.6119,44.8794,47.4773,8.4329,14.3073,34.3462,193.1745,204.3903,207.7145,14.3073,-10.2195,14.285714,14.518058,3.261379,29,153,76,7,0.30198559,0.01632659,0.04432358,0E-8,0.000000,0.933652,0.003213,-0.04010948,2026-03-22,2026-08-05,67,528,415,137,0.489051,0.945283,0.961806,1.006619,,,,,,,,GLOBAL_BASELINE_NO_ENTITY_RANKING,,,NOT_APPLICABLE_GLOBAL_BASELINE,HF9g-P5,,,,X 全窗基线 · 不参与实体赏罚,14192324,1420,A168_HF9F_20260827_0900,2026-08-27 09:00:00
2026-06-19,129130207,919,0,521.5711526084,-83.3350642882,-83.3350642882,0.5714286,25,7,0.41744221643666419,0.233232285714,0.826158870901989,2.1158828103733933,0.826158870901989,0.18420993072266419,ELIGIBLE,R03b_20260811_FULL_v1,L1_ELIGIBILITY,v2026-08-11,2026-03-21..2026-08-06,baccarat_bet02_101_all_pairs_incl_sentinel,round_win = game_pnl > 0 (decisive only),COMPATIBILITY_ONLY_NOT_PRODUCTION,406609.1881,379631.3579,6638.5409,8714,2252,-0.01632659,-0.04432358,-0.00421410,-0.01632659,-6638.5409,406609.1881,OK,0.0000,265.5416,4.0000,96.0000,AG03-UNRESOLVED,ALL5_LEVELS_bet23_to_bet27,265.5416,265.5416,298.7343,298.7343,298.7343,4.000000,4.000000,4.500000,4.500000,4.500000,96.000000,96.000000,95.500000,95.500000,95.500000,5.0,1427.2863,1309.7925,5211.2546,5328.7484,PENDING_AG03,FALSE,NOT_FOR_ENFORCEMENT,6372.9992,364446.1036,6638.5409,6372.9992,265.5416,0.01632659,0.01567352,265.5416,6372.9992,0.01567352,265.5416,265.5416,298.7343,298.7343,298.7343,6372.9992,0.01567352,1427.2863,1309.7925,5211.2546,5328.7484,0.01281637,0.01310533,0.00065306,46.6616,168.5752,2.9478,99.0827,12.5730,6068.7939,33.6119,44.8794,47.4773,8.4329,14.3073,34.3462,193.1745,204.3903,207.7145,14.3073,-10.2195,14.285714,14.518058,3.261379,29,153,76,7,0.30198559,0.01632659,0.04432358,0E-8,0.000000,0.933652,0.003213,-0.04010948,2026-03-22,2026-08-05,67,528,415,137,0.489051,0.945283,0.961806,1.006619,,,,,,,,GLOBAL_BASELINE_NO_ENTITY_RANKING,,,NOT_APPLICABLE_GLOBAL_BASELINE,HF9g-P5,,,,X 全窗基线 · 不参与实体赏罚,14192325,1420,A168_HF9F_20260827_0900,2026-08-27 09:00:00
2026-06-19,129130207,970,0,516.7937187130,-126.0827119207,-126.0827119207,0.5000000,24,6,0.41946766395898174,0.187662550000,0.3997453963544146,1.9594881487652602,0.3997453963544146,0.23180511395898174,ELIGIBLE,R03b_20260811_FULL_v1,L1_ELIGIBILITY,v2026-08-11,2026-03-21..2026-08-06,baccarat_bet02_101_all_pairs_incl_sentinel,round_win = game_pnl > 0 (decisive only),COMPATIBILITY_ONLY_NOT_PRODUCTION,406609.1881,379631.3579,6638.5409,8714,2252,-0.01632659,-0.04432358,-0.00421410,-0.01632659,-6638.5409,406609.1881,OK,0.0000,265.5416,4.0000,96.0000,AG03-UNRESOLVED,ALL5_LEVELS_bet23_to_bet27,265.5416,265.5416,298.7343,298.7343,298.7343,4.000000,4.000000,4.500000,4.500000,4.500000,96.000000,96.000000,95.500000,95.500000,95.500000,5.0,1427.2863,1309.7925,5211.2546,5328.7484,PENDING_AG03,FALSE,NOT_FOR_ENFORCEMENT,6372.9992,364446.1036,6638.5409,6372.9992,265.5416,0.01632659,0.01567352,265.5416,6372.9992,0.01567352,265.5416,265.5416,298.7343,298.7343,298.7343,6372.9992,0.01567352,1427.2863,1309.7925,5211.2546,5328.7484,0.01281637,0.01310533,0.00065306,46.6616,168.5752,2.9478,99.0827,12.5730,6068.7939,33.6119,44.8794,47.4773,8.4329,14.3073,34.3462,193.1745,204.3903,207.7145,14.3073,-10.2195,14.285714,14.518058,3.261379,29,153,76,7,0.30198559,0.01632659,0.04432358,0E-8,0.000000,0.933652,0.003213,-0.04010948,2026-03-22,2026-08-05,67,528,415,137,0.489051,0.945283,0.961806,1.006619,,,,,,,,GLOBAL_BASELINE_NO_ENTITY_RANKING,,,NOT_APPLICABLE_GLOBAL_BASELINE,HF9g-P5,,,,X 全窗基线 · 不参与实体赏罚,14192326,1420,A168_HF9F_20260827_0900,2026-08-27 09:00:00
2026-06-23,129130207,1318,0,751.9265521474,-103.8572585843,-103.8572585843,0.4444444,36,9,0.41743694964179265,0.184311250000,0.16430040879084376,2.012699183036007,0.16430040879084376,0.23312569964179265,ELIGIBLE,R03b_20260811_FULL_v1,L1_ELIGIBILITY,v2026-08-11,2026-03-21..2026-08-06,baccarat_bet02_101_all_pairs_incl_sentinel,round_win = game_pnl > 0 (decisive only),COMPATIBILITY_ONLY_NOT_PRODUCTION,406609.1881,379631.3579,6638.5409,8714,2252,-0.01632659,-0.04432358,-0.00421410,-0.01632659,-6638.5409,406609.1881,OK,0.0000,265.5416,4.0000,96.0000,AG03-UNRESOLVED,ALL5_LEVELS_bet23_to_bet27,265.5416,265.5416,298.7343,298.7343,298.7343,4.000000,4.000000,4.500000,4.500000,4.500000,96.000000,96.000000,95.500000,95.500000,95.500000,5.0,1427.2863,1309.7925,5211.2546,5328.7484,PENDING_AG03,FALSE,NOT_FOR_ENFORCEMENT,6372.9992,364446.1036,6638.5409,6372.9992,265.5416,0.01632659,0.01567352,265.5416,6372.9992,0.01567352,265.5416,265.5416,298.7343,298.7343,298.7343,6372.9992,0.01567352,1427.2863,1309.7925,5211.2546,5328.7484,0.01281637,0.01310533,0.00065306,46.6616,168.5752,2.9478,99.0827,12.5730,6068.7939,33.6119,44.8794,47.4773,8.4329,14.3073,34.3462,193.1745,204.3903,207.7145,14.3073,-10.2195,14.285714,14.518058,3.261379,29,153,76,7,0.30198559,0.01632659,0.04432358,0E-8,0.000000,0.933652,0.003213,-0.04010948,2026-03-22,2026-08-05,67,528,415,137,0.489051,0.945283,0.961806,1.006619,,,,,,,,GLOBAL_BASELINE_NO_ENTITY_RANKING,,,NOT_APPLICABLE_GLOBAL_BASELINE,HF9g-P5,,,,X 全窗基线 · 不参与实体赏罚,14192327,1420,A168_HF9F_20260827_0900,2026-08-27 09:00:00
2026-06-23,129130207,2212,0,83.0858068672,-83.0858068672,-83.0858068672,0E-7,5,2,0.46108096428532253,0.347156625000,-1.3081026702500593,-1.0312719989751231,-1.3081026702500593,0.11392433928532253,ELIGIBLE,R03b_20260811_FULL_v1,L1_ELIGIBILITY,v2026-08-11,2026-03-21..2026-08-06,baccarat_bet02_101_all_pairs_incl_sentinel,round_win = game_pnl > 0 (decisive only),COMPATIBILITY_ONLY_NOT_PRODUCTION,406609.1881,379631.3579,6638.5409,8714,2252,-0.01632659,-0.04432358,-0.00421410,-0.01632659,-6638.5409,406609.1881,OK,0.0000,265.5416,4.0000,96.0000,AG03-UNRESOLVED,ALL5_LEVELS_bet23_to_bet27,265.5416,265.5416,298.7343,298.7343,298.7343,4.000000,4.000000,4.500000,4.500000,4.500000,96.000000,96.000000,95.500000,95.500000,95.500000,5.0,1427.2863,1309.7925,5211.2546,5328.7484,PENDING_AG03,FALSE,NOT_FOR_ENFORCEMENT,6372.9992,364446.1036,6638.5409,6372.9992,265.5416,0.01632659,0.01567352,265.5416,6372.9992,0.01567352,265.5416,265.5416,298.7343,298.7343,298.7343,6372.9992,0.01567352,1427.2863,1309.7925,5211.2546,5328.7484,0.01281637,0.01310533,0.00065306,46.6616,168.5752,2.9478,99.0827,12.5730,6068.7939,33.6119,44.8794,47.4773,8.4329,14.3073,34.3462,193.1745,204.3903,207.7145,14.3073,-10.2195,14.285714,14.518058,3.261379,29,153,76,7,0.30198559,0.01632659,0.04432358,0E-8,0.000000,0.933652,0.003213,-0.04010948,2026-03-22,2026-08-05,67,528,415,137,0.489051,0.945283,0.961806,1.006619,,,,,,,,GLOBAL_BASELINE_NO_ENTITY_RANKING,,,NOT_APPLICABLE_GLOBAL_BASELINE,HF9g-P5,,,,X 全窗基线 · 不参与实体赏罚,14192328,1420,A168_HF9F_20260827_0900,2026-08-27 09:00:00
2026-06-26,129130207,-1,1,62.7297841846,-62.7297841846,-62.7297841846,0E-7,1,1,0.50665070000000000,0.506650700000,-1.013391052207602,-1.013391052207602,-1.013391052207602,0E-17,SENTINEL_DEALER,R03b_20260811_FULL_v1,L1_ELIGIBILITY,v2026-08-11,2026-03-21..2026-08-06,baccarat_bet02_101_all_pairs_incl_sentinel,round_win = game_pnl > 0 (decisive only),COMPATIBILITY_ONLY_NOT_PRODUCTION,406609.1881,379631.3579,6638.5409,8714,2252,-0.01632659,-0.04432358,-0.00421410,-0.01632659,-6638.5409,406609.1881,OK,0.0000,265.5416,4.0000,96.0000,AG03-UNRESOLVED,ALL5_LEVELS_bet23_to_bet27,265.5416,265.5416,298.7343,298.7343,298.7343,4.000000,4.000000,4.500000,4.500000,4.500000,96.000000,96.000000,95.500000,95.500000,95.500000,5.0,1427.2863,1309.7925,5211.2546,5328.7484,PENDING_AG03,FALSE,NOT_FOR_ENFORCEMENT,6372.9992,364446.1036,6638.5409,6372.9992,265.5416,0.01632659,0.01567352,265.5416,6372.9992,0.01567352,265.5416,265.5416,298.7343,298.7343,298.7343,6372.9992,0.01567352,1427.2863,1309.7925,5211.2546,5328.7484,0.01281637,0.01310533,0.00065306,46.6616,168.5752,2.9478,99.0827,12.5730,6068.7939,33.6119,44.8794,47.4773,8.4329,14.3073,34.3462,193.1745,204.3903,207.7145,14.3073,-10.2195,14.285714,14.518058,3.261379,29,153,76,7,0.30198559,0.01632659,0.04432358,0E-8,0.000000,0.933652,0.003213,-0.04010948,2026-03-22,2026-08-05,67,528,415,137,0.489051,0.945283,0.961806,1.006619,,,,,,,,GLOBAL_BASELINE_NO_ENTITY_RANKING,,,NOT_APPLICABLE_GLOBAL_BASELINE,HF9g-P5,,,,X 全窗基线 · 不参与实体赏罚,14192329,1420,A168_HF9F_20260827_0900,2026-08-27 09:00:00
2026-06-26,129130207,1330,0,1717.7990569761,282.4917433479,282.4917433479,0.6250000,29,8,0.44662054191289671,0.227536068750,1.014866623276717,2.6815042344160656,1.014866623276717,0.21908447316289671,ELIGIBLE,R03b_20260811_FULL_v1,L1_ELIGIBILITY,v2026-08-11,2026-03-21..2026-08-06,baccarat_bet02_101_all_pairs_incl_sentinel,round_win = game_pnl > 0 (decisive only),COMPATIBILITY_ONLY_NOT_PRODUCTION,406609.1881,379631.3579,6638.5409,8714,2252,-0.01632659,-0.04432358,-0.00421410,-0.01632659,-6638.5409,406609.1881,OK,0.0000,265.5416,4.0000,96.0000,AG03-UNRESOLVED,ALL5_LEVELS_bet23_to_bet27,265.5416,265.5416,298.7343,298.7343,298.7343,4.000000,4.000000,4.500000,4.500000,4.500000,96.000000,96.000000,95.500000,95.500000,95.500000,5.0,1427.2863,1309.7925,5211.2546,5328.7484,PENDING_AG03,FALSE,NOT_FOR_ENFORCEMENT,6372.9992,364446.1036,6638.5409,6372.9992,265.5416,0.01632659,0.01567352,265.5416,6372.9992,0.01567352,265.5416,265.5416,298.7343,298.7343,298.7343,6372.9992,0.01567352,1427.2863,1309.7925,5211.2546,5328.7484,0.01281637,0.01310533,0.00065306,46.6616,168.5752,2.9478,99.0827,12.5730,6068.7939,33.6119,44.8794,47.4773,8.4329,14.3073,34.3462,193.1745,204.3903,207.7145,14.3073,-10.2195,14.285714,14.518058,3.261379,29,153,76,7,0.30198559,0.01632659,0.04432358,0E-8,0.000000,0.933652,0.003213,-0.04010948,2026-03-22,2026-08-05,67,528,415,137,0.489051,0.945283,0.961806,1.006619,,,,,,,,GLOBAL_BASELINE_NO_ENTITY_RANKING,,,NOT_APPLICABLE_GLOBAL_BASELINE,HF9g-P5,,,,X 全窗基线 · 不参与实体赏罚,14192330,1420,A168_HF9F_20260827_0900,2026-08-27 09:00:00
2026-06-26,129130207,1399,0,2795.8374010757,789.3151652371,789.3151652371,0.7500000,48,12,0.41516486665823067,0.184311250000,2.3539358312627994,5.05393912356791,2.3539358312627994,0.23085361665823067,ELIGIBLE,R03b_20260811_FULL_v1,L1_ELIGIBILITY,v2026-08-11,2026-03-21..2026-08-06,baccarat_bet02_101_all_pairs_incl_sentinel,round_win = game_pnl > 0 (decisive only),COMPATIBILITY_ONLY_NOT_PRODUCTION,406609.1881,379631.3579,6638.5409,8714,2252,-0.01632659,-0.04432358,-0.00421410,-0.01632659,-6638.5409,406609.1881,OK,0.0000,265.5416,4.0000,96.0000,AG03-UNRESOLVED,ALL5_LEVELS_bet23_to_bet27,265.5416,265.5416,298.7343,298.7343,298.7343,4.000000,4.000000,4.500000,4.500000,4.500000,96.000000,96.000000,95.500000,95.500000,95.500000,5.0,1427.2863,1309.7925,5211.2546,5328.7484,PENDING_AG03,FALSE,NOT_FOR_ENFORCEMENT,6372.9992,364446.1036,6638.5409,6372.9992,265.5416,0.01632659,0.01567352,265.5416,6372.9992,0.01567352,265.5416,265.5416,298.7343,298.7343,298.7343,6372.9992,0.01567352,1427.2863,1309.7925,5211.2546,5328.7484,0.01281637,0.01310533,0.00065306,46.6616,168.5752,2.9478,99.0827,12.5730,6068.7939,33.6119,44.8794,47.4773,8.4329,14.3073,34.3462,193.1745,204.3903,207.7145,14.3073,-10.2195,14.285714,14.518058,3.261379,29,153,76,7,0.30198559,0.01632659,0.04432358,0E-8,0.000000,0.933652,0.003213,-0.04010948,2026-03-22,2026-08-05,67,528,415,137,0.489051,0.945283,0.961806,1.006619,,,,,,,,GLOBAL_BASELINE_NO_ENTITY_RANKING,,,NOT_APPLICABLE_GLOBAL_BASELINE,HF9g-P5,,,,X 全窗基线 · 不参与实体赏罚,14192331,1420,A168_HF9F_20260827_0900,2026-08-27 09:00:00
2026-06-26,129130207,1947,0,1123.7355378769,322.2690733853,322.2690733853,0.8000000,20,5,0.43899977902460450,0.187662550000,1.6265926402261988,3.506862831949948,1.6265926402261988,0.25133722902460450,ELIGIBLE,R03b_20260811_FULL_v1,L1_ELIGIBILITY,v2026-08-11,2026-03-21..2026-08-06,baccarat_bet02_101_all_pairs_incl_sentinel,round_win = game_pnl > 0 (decisive only),COMPATIBILITY_ONLY_NOT_PRODUCTION,406609.1881,379631.3579,6638.5409,8714,2252,-0.01632659,-0.04432358,-0.00421410,-0.01632659,-6638.5409,406609.1881,OK,0.0000,265.5416,4.0000,96.0000,AG03-UNRESOLVED,ALL5_LEVELS_bet23_to_bet27,265.5416,265.5416,298.7343,298.7343,298.7343,4.000000,4.000000,4.500000,4.500000,4.500000,96.000000,96.000000,95.500000,95.500000,95.500000,5.0,1427.2863,1309.7925,5211.2546,5328.7484,PENDING_AG03,FALSE,NOT_FOR_ENFORCEMENT,6372.9992,364446.1036,6638.5409,6372.9992,265.5416,0.01632659,0.01567352,265.5416,6372.9992,0.01567352,265.5416,265.5416,298.7343,298.7343,298.7343,6372.9992,0.01567352,1427.2863,1309.7925,5211.2546,5328.7484,0.01281637,0.01310533,0.00065306,46.6616,168.5752,2.9478,99.0827,12.5730,6068.7939,33.6119,44.8794,47.4773,8.4329,14.3073,34.3462,193.1745,204.3903,207.7145,14.3073,-10.2195,14.285714,14.518058,3.261379,29,153,76,7,0.30198559,0.01632659,0.04432358,0E-8,0.000000,0.933652,0.003213,-0.04010948,2026-03-22,2026-08-05,67,528,415,137,0.489051,0.945283,0.961806,1.006619,,,,,,,,GLOBAL_BASELINE_NO_ENTITY_RANKING,,,NOT_APPLICABLE_GLOBAL_BASELINE,HF9g-P5,,,,X 全窗基线 · 不参与实体赏罚,14192332,1420,A168_HF9F_20260827_0900,2026-08-27 09:00:00
2026-06-26,129130207,1963,0,186.9430654509,241.4681262073,241.4681262073,1.0000000,4,1,0.43576444444433069,0.187662550000,1.1379006070250408,2.080556102057424,1.1379006070250408,0.24810189444433069,ELIGIBLE,R03b_20260811_FULL_v1,L1_ELIGIBILITY,v2026-08-11,2026-03-21..2026-08-06,baccarat_bet02_101_all_pairs_incl_sentinel,round_win = game_pnl > 0 (decisive only),COMPATIBILITY_ONLY_NOT_PRODUCTION,406609.1881,379631.3579,6638.5409,8714,2252,-0.01632659,-0.04432358,-0.00421410,-0.01632659,-6638.5409,406609.1881,OK,0.0000,265.5416,4.0000,96.0000,AG03-UNRESOLVED,ALL5_LEVELS_bet23_to_bet27,265.5416,265.5416,298.7343,298.7343,298.7343,4.000000,4.000000,4.500000,4.500000,4.500000,96.000000,96.000000,95.500000,95.500000,95.500000,5.0,1427.2863,1309.7925,5211.2546,5328.7484,PENDING_AG03,FALSE,NOT_FOR_ENFORCEMENT,6372.9992,364446.1036,6638.5409,6372.9992,265.5416,0.01632659,0.01567352,265.5416,6372.9992,0.01567352,265.5416,265.5416,298.7343,298.7343,298.7343,6372.9992,0.01567352,1427.2863,1309.7925,5211.2546,5328.7484,0.01281637,0.01310533,0.00065306,46.6616,168.5752,2.9478,99.0827,12.5730,6068.7939,33.6119,44.8794,47.4773,8.4329,14.3073,34.3462,193.1745,204.3903,207.7145,14.3073,-10.2195,14.285714,14.518058,3.261379,29,153,76,7,0.30198559,0.01632659,0.04432358,0E-8,0.000000,0.933652,0.003213,-0.04010948,2026-03-22,2026-08-05,67,528,415,137,0.489051,0.945283,0.961806,1.006619,,,,,,,,GLOBAL_BASELINE_NO_ENTITY_RANKING,,,NOT_APPLICABLE_GLOBAL_BASELINE,HF9g-P5,,,,X 全窗基线 · 不参与实体赏罚,14192333,1420,A168_HF9F_20260827_0900,2026-08-27 09:00:00
2026-06-26,129130207,2093,0,741.5408262885,-162.0173233909,-162.0173233909,0.3333333,12,3,0.43879292293496694,0.187662550000,-0.3680911090657589,0.6462135179418145,-0.3680911090657589,0.25113037293496694,ELIGIBLE,R03b_20260811_FULL_v1,L1_ELIGIBILITY,v2026-08-11,2026-03-21..2026-08-06,baccarat_bet02_101_all_pairs_incl_sentinel,round_win = game_pnl > 0 (decisive only),COMPATIBILITY_ONLY_NOT_PRODUCTION,406609.1881,379631.3579,6638.5409,8714,2252,-0.01632659,-0.04432358,-0.00421410,-0.01632659,-6638.5409,406609.1881,OK,0.0000,265.5416,4.0000,96.0000,AG03-UNRESOLVED,ALL5_LEVELS_bet23_to_bet27,265.5416,265.5416,298.7343,298.7343,298.7343,4.000000,4.000000,4.500000,4.500000,4.500000,96.000000,96.000000,95.500000,95.500000,95.500000,5.0,1427.2863,1309.7925,5211.2546,5328.7484,PENDING_AG03,FALSE,NOT_FOR_ENFORCEMENT,6372.9992,364446.1036,6638.5409,6372.9992,265.5416,0.01632659,0.01567352,265.5416,6372.9992,0.01567352,265.5416,265.5416,298.7343,298.7343,298.7343,6372.9992,0.01567352,1427.2863,1309.7925,5211.2546,5328.7484,0.01281637,0.01310533,0.00065306,46.6616,168.5752,2.9478,99.0827,12.5730,6068.7939,33.6119,44.8794,47.4773,8.4329,14.3073,34.3462,193.1745,204.3903,207.7145,14.3073,-10.2195,14.285714,14.518058,3.261379,29,153,76,7,0.30198559,0.01632659,0.04432358,0E-8,0.000000,0.933652,0.003213,-0.04010948,2026-03-22,2026-08-05,67,528,415,137,0.489051,0.945283,0.961806,1.006619,,,,,,,,GLOBAL_BASELINE_NO_ENTITY_RANKING,,,NOT_APPLICABLE_GLOBAL_BASELINE,HF9g-P5,,,,X 全窗基线 · 不参与实体赏罚,14192334,1420,A168_HF9F_20260827_0900,2026-08-27 09:00:00
2026-06-26,129130207,2170,0,249.2574206010,-87.2400972103,-87.2400972103,0.5000000,8,2,0.43164859977019507,0.187662550000,0.19515908726919873,1.1313110101635044,0.19515908726919873,0.24398604977019507,ELIGIBLE,R03b_20260811_FULL_v1,L1_ELIGIBILITY,v2026-08-11,2026-03-21..2026-08-06,baccarat_bet02_101_all_pairs_incl_sentinel,round_win = game_pnl > 0 (decisive only),COMPATIBILITY_ONLY_NOT_PRODUCTION,406609.1881,379631.3579,6638.5409,8714,2252,-0.01632659,-0.04432358,-0.00421410,-0.01632659,-6638.5409,406609.1881,OK,0.0000,265.5416,4.0000,96.0000,AG03-UNRESOLVED,ALL5_LEVELS_bet23_to_bet27,265.5416,265.5416,298.7343,298.7343,298.7343,4.000000,4.000000,4.500000,4.500000,4.500000,96.000000,96.000000,95.500000,95.500000,95.500000,5.0,1427.2863,1309.7925,5211.2546,5328.7484,PENDING_AG03,FALSE,NOT_FOR_ENFORCEMENT,6372.9992,364446.1036,6638.5409,6372.9992,265.5416,0.01632659,0.01567352,265.5416,6372.9992,0.01567352,265.5416,265.5416,298.7343,298.7343,298.7343,6372.9992,0.01567352,1427.2863,1309.7925,5211.2546,5328.7484,0.01281637,0.01310533,0.00065306,46.6616,168.5752,2.9478,99.0827,12.5730,6068.7939,33.6119,44.8794,47.4773,8.4329,14.3073,34.3462,193.1745,204.3903,207.7145,14.3073,-10.2195,14.285714,14.518058,3.261379,29,153,76,7,0.30198559,0.01632659,0.04432358,0E-8,0.000000,0.933652,0.003213,-0.04010948,2026-03-22,2026-08-05,67,528,415,137,0.489051,0.945283,0.961806,1.006619,,,,,,,,GLOBAL_BASELINE_NO_ENTITY_RANKING,,,NOT_APPLICABLE_GLOBAL_BASELINE,HF9g-P5,,,,X 全窗基线 · 不参与实体赏罚,14192335,1420,A168_HF9F_20260827_0900,2026-08-27 09:00:00
2026-06-26,129130207,2177,0,417.5061795070,-417.5061795070,-417.5061795070,0E-7,8,2,0.44182095465105820,0.187662550000,-1.2582049469837795,-0.6797286364807011,-1.2582049469837795,0.25415840465105820,ELIGIBLE,R03b_20260811_FULL_v1,L1_ELIGIBILITY,v2026-08-11,2026-03-21..2026-08-06,baccarat_bet02_101_all_pairs_incl_sentinel,round_win = game_pnl > 0 (decisive only),COMPATIBILITY_ONLY_NOT_PRODUCTION,406609.1881,379631.3579,6638.5409,8714,2252,-0.01632659,-0.04432358,-0.00421410,-0.01632659,-6638.5409,406609.1881,OK,0.0000,265.5416,4.0000,96.0000,AG03-UNRESOLVED,ALL5_LEVELS_bet23_to_bet27,265.5416,265.5416,298.7343,298.7343,298.7343,4.000000,4.000000,4.500000,4.500000,4.500000,96.000000,96.000000,95.500000,95.500000,95.500000,5.0,1427.2863,1309.7925,5211.2546,5328.7484,PENDING_AG03,FALSE,NOT_FOR_ENFORCEMENT,6372.9992,364446.1036,6638.5409,6372.9992,265.5416,0.01632659,0.01567352,265.5416,6372.9992,0.01567352,265.5416,265.5416,298.7343,298.7343,298.7343,6372.9992,0.01567352,1427.2863,1309.7925,5211.2546,5328.7484,0.01281637,0.01310533,0.00065306,46.6616,168.5752,2.9478,99.0827,12.5730,6068.7939,33.6119,44.8794,47.4773,8.4329,14.3073,34.3462,193.1745,204.3903,207.7145,14.3073,-10.2195,14.285714,14.518058,3.261379,29,153,76,7,0.30198559,0.01632659,0.04432358,0E-8,0.000000,0.933652,0.003213,-0.04010948,2026-03-22,2026-08-05,67,528,415,137,0.489051,0.945283,0.961806,1.006619,,,,,,,,GLOBAL_BASELINE_NO_ENTITY_RANKING,,,NOT_APPLICABLE_GLOBAL_BASELINE,HF9g-P5,,,,X 全窗基线 · 不参与实体赏罚,14192336,1420,A168_HF9F_20260827_0900,2026-08-27 09:00:00
2026-06-26,129130207,2201,0,154.7473152899,-154.7473152899,-154.7473152899,0E-7,5,2,0.46549093870969340,0.347156625000,-1.3197542751873144,-1.0312719989751231,-1.3197542751873144,0.11833431370969340,ELIGIBLE,R03b_20260811_FULL_v1,L1_ELIGIBILITY,v2026-08-11,2026-03-21..2026-08-06,baccarat_bet02_101_all_pairs_incl_sentinel,round_win = game_pnl > 0 (decisive only),COMPATIBILITY_ONLY_NOT_PRODUCTION,406609.1881,379631.3579,6638.5409,8714,2252,-0.01632659,-0.04432358,-0.00421410,-0.01632659,-6638.5409,406609.1881,OK,0.0000,265.5416,4.0000,96.0000,AG03-UNRESOLVED,ALL5_LEVELS_bet23_to_bet27,265.5416,265.5416,298.7343,298.7343,298.7343,4.000000,4.000000,4.500000,4.500000,4.500000,96.000000,96.000000,95.500000,95.500000,95.500000,5.0,1427.2863,1309.7925,5211.2546,5328.7484,PENDING_AG03,FALSE,NOT_FOR_ENFORCEMENT,6372.9992,364446.1036,6638.5409,6372.9992,265.5416,0.01632659,0.01567352,265.5416,6372.9992,0.01567352,265.5416,265.5416,298.7343,298.7343,298.7343,6372.9992,0.01567352,1427.2863,1309.7925,5211.2546,5328.7484,0.01281637,0.01310533,0.00065306,46.6616,168.5752,2.9478,99.0827,12.5730,6068.7939,33.6119,44.8794,47.4773,8.4329,14.3073,34.3462,193.1745,204.3903,207.7145,14.3073,-10.2195,14.285714,14.518058,3.261379,29,153,76,7,0.30198559,0.01632659,0.04432358,0E-8,0.000000,0.933652,0.003213,-0.04010948,2026-03-22,2026-08-05,67,528,415,137,0.489051,0.945283,0.961806,1.006619,,,,,,,,GLOBAL_BASELINE_NO_ENTITY_RANKING,,,NOT_APPLICABLE_GLOBAL_BASELINE,HF9g-P5,,,,X 全窗基线 · 不参与实体赏罚,14192337,1420,A168_HF9F_20260827_0900,2026-08-27 09:00:00
2026-06-26,129130207,2222,0,1926.9675757644,-404.4201649258,-404.4201649258,0.5000000,40,10,0.43136500325985717,0.186322030000,0.4382343048977177,2.547567126665361,0.4382343048977177,0.24504297325985717,ELIGIBLE,R03b_20260811_FULL_v1,L1_ELIGIBILITY,v2026-08-11,2026-03-21..2026-08-06,baccarat_bet02_101_all_pairs_incl_sentinel,round_win = game_pnl > 0 (decisive only),COMPATIBILITY_ONLY_NOT_PRODUCTION,406609.1881,379631.3579,6638.5409,8714,2252,-0.01632659,-0.04432358,-0.00421410,-0.01632659,-6638.5409,406609.1881,OK,0.0000,265.5416,4.0000,96.0000,AG03-UNRESOLVED,ALL5_LEVELS_bet23_to_bet27,265.5416,265.5416,298.7343,298.7343,298.7343,4.000000,4.000000,4.500000,4.500000,4.500000,96.000000,96.000000,95.500000,95.500000,95.500000,5.0,1427.2863,1309.7925,5211.2546,5328.7484,PENDING_AG03,FALSE,NOT_FOR_ENFORCEMENT,6372.9992,364446.1036,6638.5409,6372.9992,265.5416,0.01632659,0.01567352,265.5416,6372.9992,0.01567352,265.5416,265.5416,298.7343,298.7343,298.7343,6372.9992,0.01567352,1427.2863,1309.7925,5211.2546,5328.7484,0.01281637,0.01310533,0.00065306,46.6616,168.5752,2.9478,99.0827,12.5730,6068.7939,33.6119,44.8794,47.4773,8.4329,14.3073,34.3462,193.1745,204.3903,207.7145,14.3073,-10.2195,14.285714,14.518058,3.261379,29,153,76,7,0.30198559,0.01632659,0.04432358,0E-8,0.000000,0.933652,0.003213,-0.04010948,2026-03-22,2026-08-05,67,528,415,137,0.489051,0.945283,0.961806,1.006619,,,,,,,,GLOBAL_BASELINE_NO_ENTITY_RANKING,,,NOT_APPLICABLE_GLOBAL_BASELINE,HF9g-P5,,,,X 全窗基线 · 不参与实体赏罚,14192338,1420,A168_HF9F_20260827_0900,2026-08-27 09:00:00
2026-06-26,129130207,2246,0,1559.9360239289,305.1326257189,305.1326257189,0.5000000,32,8,0.43476093371786014,0.187243637500,0.37223001397858985,2.267605090516347,0.37223001397858985,0.24751729621786014,ELIGIBLE,R03b_20260811_FULL_v1,L1_ELIGIBILITY,v2026-08-11,2026-03-21..2026-08-06,baccarat_bet02_101_all_pairs_incl_sentinel,round_win = game_pnl > 0 (decisive only),COMPATIBILITY_ONLY_NOT_PRODUCTION,406609.1881,379631.3579,6638.5409,8714,2252,-0.01632659,-0.04432358,-0.00421410,-0.01632659,-6638.5409,406609.1881,OK,0.0000,265.5416,4.0000,96.0000,AG03-UNRESOLVED,ALL5_LEVELS_bet23_to_bet27,265.5416,265.5416,298.7343,298.7343,298.7343,4.000000,4.000000,4.500000,4.500000,4.500000,96.000000,96.000000,95.500000,95.500000,95.500000,5.0,1427.2863,1309.7925,5211.2546,5328.7484,PENDING_AG03,FALSE,NOT_FOR_ENFORCEMENT,6372.9992,364446.1036,6638.5409,6372.9992,265.5416,0.01632659,0.01567352,265.5416,6372.9992,0.01567352,265.5416,265.5416,298.7343,298.7343,298.7343,6372.9992,0.01567352,1427.2863,1309.7925,5211.2546,5328.7484,0.01281637,0.01310533,0.00065306,46.6616,168.5752,2.9478,99.0827,12.5730,6068.7939,33.6119,44.8794,47.4773,8.4329,14.3073,34.3462,193.1745,204.3903,207.7145,14.3073,-10.2195,14.285714,14.518058,3.261379,29,153,76,7,0.30198559,0.01632659,0.04432358,0E-8,0.000000,0.933652,0.003213,-0.04010948,2026-03-22,2026-08-05,67,528,415,137,0.489051,0.945283,0.961806,1.006619,,,,,,,,GLOBAL_BASELINE_NO_ENTITY_RANKING,,,NOT_APPLICABLE_GLOBAL_BASELINE,HF9g-P5,,,,X 全窗基线 · 不参与实体赏罚,14192339,1420,A168_HF9F_20260827_0900,2026-08-27 09:00:00
2026-06-26,129130207,471,0,176.5573395925,127.2251417651,127.2251417651,1.0000000,5,2,0.47372981846149265,0.347156625000,1.4905756375878603,1.9393525684665125,1.4905756375878603,0.12657319346149265,ELIGIBLE,R03b_20260811_FULL_v1,L1_ELIGIBILITY,v2026-08-11,2026-03-21..2026-08-06,baccarat_bet02_101_all_pairs_incl_sentinel,round_win = game_pnl > 0 (decisive only),COMPATIBILITY_ONLY_NOT_PRODUCTION,406609.1881,379631.3579,6638.5409,8714,2252,-0.01632659,-0.04432358,-0.00421410,-0.01632659,-6638.5409,406609.1881,OK,0.0000,265.5416,4.0000,96.0000,AG03-UNRESOLVED,ALL5_LEVELS_bet23_to_bet27,265.5416,265.5416,298.7343,298.7343,298.7343,4.000000,4.000000,4.500000,4.500000,4.500000,96.000000,96.000000,95.500000,95.500000,95.500000,5.0,1427.2863,1309.7925,5211.2546,5328.7484,PENDING_AG03,FALSE,NOT_FOR_ENFORCEMENT,6372.9992,364446.1036,6638.5409,6372.9992,265.5416,0.01632659,0.01567352,265.5416,6372.9992,0.01567352,265.5416,265.5416,298.7343,298.7343,298.7343,6372.9992,0.01567352,1427.2863,1309.7925,5211.2546,5328.7484,0.01281637,0.01310533,0.00065306,46.6616,168.5752,2.9478,99.0827,12.5730,6068.7939,33.6119,44.8794,47.4773,8.4329,14.3073,34.3462,193.1745,204.3903,207.7145,14.3073,-10.2195,14.285714,14.518058,3.261379,29,153,76,7,0.30198559,0.01632659,0.04432358,0E-8,0.000000,0.933652,0.003213,-0.04010948,2026-03-22,2026-08-05,67,528,415,137,0.489051,0.945283,0.961806,1.006619,,,,,,,,GLOBAL_BASELINE_NO_ENTITY_RANKING,,,NOT_APPLICABLE_GLOBAL_BASELINE,HF9g-P5,,,,X 全窗基线 · 不参与实体赏罚,14192340,1420,A168_HF9F_20260827_0900,2026-08-27 09:00:00
2026-06-26,129130207,772,0,170.3259040774,-170.3259040774,-170.3259040774,0E-7,5,2,0.46008561612904774,0.345480975000,-1.3054849723643966,-1.0274623784853256,-1.3054849723643966,0.11460464112904774,ELIGIBLE,R03b_20260811_FULL_v1,L1_ELIGIBILITY,v2026-08-11,2026-03-21..2026-08-06,baccarat_bet02_101_all_pairs_incl_sentinel,round_win = game_pnl > 0 (decisive only),COMPATIBILITY_ONLY_NOT_PRODUCTION,406609.1881,379631.3579,6638.5409,8714,2252,-0.01632659,-0.04432358,-0.00421410,-0.01632659,-6638.5409,406609.1881,OK,0.0000,265.5416,4.0000,96.0000,AG03-UNRESOLVED,ALL5_LEVELS_bet23_to_bet27,265.5416,265.5416,298.7343,298.7343,298.7343,4.000000,4.000000,4.500000,4.500000,4.500000,96.000000,96.000000,95.500000,95.500000,95.500000,5.0,1427.2863,1309.7925,5211.2546,5328.7484,PENDING_AG03,FALSE,NOT_FOR_ENFORCEMENT,6372.9992,364446.1036,6638.5409,6372.9992,265.5416,0.01632659,0.01567352,265.5416,6372.9992,0.01567352,265.5416,265.5416,298.7343,298.7343,298.7343,6372.9992,0.01567352,1427.2863,1309.7925,5211.2546,5328.7484,0.01281637,0.01310533,0.00065306,46.6616,168.5752,2.9478,99.0827,12.5730,6068.7939,33.6119,44.8794,47.4773,8.4329,14.3073,34.3462,193.1745,204.3903,207.7145,14.3073,-10.2195,14.285714,14.518058,3.261379,29,153,76,7,0.30198559,0.01632659,0.04432358,0E-8,0.000000,0.933652,0.003213,-0.04010948,2026-03-22,2026-08-05,67,528,415,137,0.489051,0.945283,0.961806,1.006619,,,,,,,,GLOBAL_BASELINE_NO_ENTITY_RANKING,,,NOT_APPLICABLE_GLOBAL_BASELINE,HF9g-P5,,,,X 全窗基线 · 不参与实体赏罚,14192341,1420,A168_HF9F_20260827_0900,2026-08-27 09:00:00
2026-06-26,129130207,789,0,209.7916623393,-193.5899300002,-193.5899300002,0E-7,8,2,0.30962860735287741,0.187662550000,-0.9470963089301073,-0.6797286364807011,-0.9470963089301073,0.12196605735287741,ELIGIBLE,R03b_20260811_FULL_v1,L1_ELIGIBILITY,v2026-08-11,2026-03-21..2026-08-06,baccarat_bet02_101_all_pairs_incl_sentinel,round_win = game_pnl > 0 (decisive only),COMPATIBILITY_ONLY_NOT_PRODUCTION,406609.1881,379631.3579,6638.5409,8714,2252,-0.01632659,-0.04432358,-0.00421410,-0.01632659,-6638.5409,406609.1881,OK,0.0000,265.5416,4.0000,96.0000,AG03-UNRESOLVED,ALL5_LEVELS_bet23_to_bet27,265.5416,265.5416,298.7343,298.7343,298.7343,4.000000,4.000000,4.500000,4.500000,4.500000,96.000000,96.000000,95.500000,95.500000,95.500000,5.0,1427.2863,1309.7925,5211.2546,5328.7484,PENDING_AG03,FALSE,NOT_FOR_ENFORCEMENT,6372.9992,364446.1036,6638.5409,6372.9992,265.5416,0.01632659,0.01567352,265.5416,6372.9992,0.01567352,265.5416,265.5416,298.7343,298.7343,298.7343,6372.9992,0.01567352,1427.2863,1309.7925,5211.2546,5328.7484,0.01281637,0.01310533,0.00065306,46.6616,168.5752,2.9478,99.0827,12.5730,6068.7939,33.6119,44.8794,47.4773,8.4329,14.3073,34.3462,193.1745,204.3903,207.7145,14.3073,-10.2195,14.285714,14.518058,3.261379,29,153,76,7,0.30198559,0.01632659,0.04432358,0E-8,0.000000,0.933652,0.003213,-0.04010948,2026-03-22,2026-08-05,67,528,415,137,0.489051,0.945283,0.961806,1.006619,,,,,,,,GLOBAL_BASELINE_NO_ENTITY_RANKING,,,NOT_APPLICABLE_GLOBAL_BASELINE,HF9g-P5,,,,X 全窗基线 · 不参与实体赏罚,14192342,1420,A168_HF9F_20260827_0900,2026-08-27 09:00:00
2026-06-27,129130207,-1,1,4262.3018922785,752.3419811820,752.3419811820,0.6111111,72,18,0.42591252478381029,0.185428350000,1.5890028569074377,4.646967156554767,1.5890028569074377,0.24048417478381029,SENTINEL_DEALER,R03b_20260811_FULL_v1,L1_ELIGIBILITY,v2026-08-11,2026-03-21..2026-08-06,baccarat_bet02_101_all_pairs_incl_sentinel,round_win = game_pnl > 0 (decisive only),COMPATIBILITY_ONLY_NOT_PRODUCTION,406609.1881,379631.3579,6638.5409,8714,2252,-0.01632659,-0.04432358,-0.00421410,-0.01632659,-6638.5409,406609.1881,OK,0.0000,265.5416,4.0000,96.0000,AG03-UNRESOLVED,ALL5_LEVELS_bet23_to_bet27,265.5416,265.5416,298.7343,298.7343,298.7343,4.000000,4.000000,4.500000,4.500000,4.500000,96.000000,96.000000,95.500000,95.500000,95.500000,5.0,1427.2863,1309.7925,5211.2546,5328.7484,PENDING_AG03,FALSE,NOT_FOR_ENFORCEMENT,6372.9992,364446.1036,6638.5409,6372.9992,265.5416,0.01632659,0.01567352,265.5416,6372.9992,0.01567352,265.5416,265.5416,298.7343,298.7343,298.7343,6372.9992,0.01567352,1427.2863,1309.7925,5211.2546,5328.7484,0.01281637,0.01310533,0.00065306,46.6616,168.5752,2.9478,99.0827,12.5730,6068.7939,33.6119,44.8794,47.4773,8.4329,14.3073,34.3462,193.1745,204.3903,207.7145,14.3073,-10.2195,14.285714,14.518058,3.261379,29,153,76,7,0.30198559,0.01632659,0.04432358,0E-8,0.000000,0.933652,0.003213,-0.04010948,2026-03-22,2026-08-05,67,528,415,137,0.489051,0.945283,0.961806,1.006619,,,,,,,,GLOBAL_BASELINE_NO_ENTITY_RANKING,,,NOT_APPLICABLE_GLOBAL_BASELINE,HF9g-P5,,,,X 全窗基线 · 不参与实体赏罚,14192343,1420,A168_HF9F_20260827_0900,2026-08-27 09:00:00
2026-06-27,129130207,1109,0,128.7830006439,-128.7830006439,-128.7830006439,0E-7,4,1,0.42433117741938680,0.187662550000,-0.8585510358702203,-0.48064072822218945,-0.8585510358702203,0.23666862741938680,ELIGIBLE,R03b_20260811_FULL_v1,L1_ELIGIBILITY,v2026-08-11,2026-03-21..2026-08-06,baccarat_bet02_101_all_pairs_incl_sentinel,round_win = game_pnl > 0 (decisive only),COMPATIBILITY_ONLY_NOT_PRODUCTION,406609.1881,379631.3579,6638.5409,8714,2252,-0.01632659,-0.04432358,-0.00421410,-0.01632659,-6638.5409,406609.1881,OK,0.0000,265.5416,4.0000,96.0000,AG03-UNRESOLVED,ALL5_LEVELS_bet23_to_bet27,265.5416,265.5416,298.7343,298.7343,298.7343,4.000000,4.000000,4.500000,4.500000,4.500000,96.000000,96.000000,95.500000,95.500000,95.500000,5.0,1427.2863,1309.7925,5211.2546,5328.7484,PENDING_AG03,FALSE,NOT_FOR_ENFORCEMENT,6372.9992,364446.1036,6638.5409,6372.9992,265.5416,0.01632659,0.01567352,265.5416,6372.9992,0.01567352,265.5416,265.5416,298.7343,298.7343,298.7343,6372.9992,0.01567352,1427.2863,1309.7925,5211.2546,5328.7484,0.01281637,0.01310533,0.00065306,46.6616,168.5752,2.9478,99.0827,12.5730,6068.7939,33.6119,44.8794,47.4773,8.4329,14.3073,34.3462,193.1745,204.3903,207.7145,14.3073,-10.2195,14.285714,14.518058,3.261379,29,153,76,7,0.30198559,0.01632659,0.04432358,0E-8,0.000000,0.933652,0.003213,-0.04010948,2026-03-22,2026-08-05,67,528,415,137,0.489051,0.945283,0.961806,1.006619,,,,,,,,GLOBAL_BASELINE_NO_ENTITY_RANKING,,,NOT_APPLICABLE_GLOBAL_BASELINE,HF9g-P5,,,,X 全窗基线 · 不参与实体赏罚,14192344,1420,A168_HF9F_20260827_0900,2026-08-27 09:00:00
2026-06-27,129130207,1110,0,863.2615333487,61.4834970813,61.4834970813,0.7142857,28,7,0.42326175372851708,0.184311250000,1.5584177173676164,3.616311279783212,1.5584177173676164,0.23895050372851708,ELIGIBLE,R03b_20260811_FULL_v1,L1_ELIGIBILITY,v2026-08-11,2026-03-21..2026-08-06,baccarat_bet02_101_all_pairs_incl_sentinel,round_win = game_pnl > 0 (decisive only),COMPATIBILITY_ONLY_NOT_PRODUCTION,406609.1881,379631.3579,6638.5409,8714,2252,-0.01632659,-0.04432358,-0.00421410,-0.01632659,-6638.5409,406609.1881,OK,0.0000,265.5416,4.0000,96.0000,AG03-UNRESOLVED,ALL5_LEVELS_bet23_to_bet27,265.5416,265.5416,298.7343,298.7343,298.7343,4.000000,4.000000,4.500000,4.500000,4.500000,96.000000,96.000000,95.500000,95.500000,95.500000,5.0,1427.2863,1309.7925,5211.2546,5328.7484,PENDING_AG03,FALSE,NOT_FOR_ENFORCEMENT,6372.9992,364446.1036,6638.5409,6372.9992,265.5416,0.01632659,0.01567352,265.5416,6372.9992,0.01567352,265.5416,265.5416,298.7343,298.7343,298.7343,6372.9992,0.01567352,1427.2863,1309.7925,5211.2546,5328.7484,0.01281637,0.01310533,0.00065306,46.6616,168.5752,2.9478,99.0827,12.5730,6068.7939,33.6119,44.8794,47.4773,8.4329,14.3073,34.3462,193.1745,204.3903,207.7145,14.3073,-10.2195,14.285714,14.518058,3.261379,29,153,76,7,0.30198559,0.01632659,0.04432358,0E-8,0.000000,0.933652,0.003213,-0.04010948,2026-03-22,2026-08-05,67,528,415,137,0.489051,0.945283,0.961806,1.006619,,,,,,,,GLOBAL_BASELINE_NO_ENTITY_RANKING,,,NOT_APPLICABLE_GLOBAL_BASELINE,HF9g-P5,,,,X 全窗基线 · 不参与实体赏罚,14192345,1420,A168_HF9F_20260827_0900,2026-08-27 09:00:00
2026-06-27,129130207,1221,0,386.3490019317,-386.3490019317,-386.3490019317,0E-7,8,2,0.40997269516846251,0.184311250000,-1.1788441951740583,-0.6722467074763285,-1.1788441951740583,0.22566144516846251,ELIGIBLE,R03b_20260811_FULL_v1,L1_ELIGIBILITY,v2026-08-11,2026-03-21..2026-08-06,baccarat_bet02_101_all_pairs_incl_sentinel,round_win = game_pnl > 0 (decisive only),COMPATIBILITY_ONLY_NOT_PRODUCTION,406609.1881,379631.3579,6638.5409,8714,2252,-0.01632659,-0.04432358,-0.00421410,-0.01632659,-6638.5409,406609.1881,OK,0.0000,265.5416,4.0000,96.0000,AG03-UNRESOLVED,ALL5_LEVELS_bet23_to_bet27,265.5416,265.5416,298.7343,298.7343,298.7343,4.000000,4.000000,4.500000,4.500000,4.500000,96.000000,96.000000,95.500000,95.500000,95.500000,5.0,1427.2863,1309.7925,5211.2546,5328.7484,PENDING_AG03,FALSE,NOT_FOR_ENFORCEMENT,6372.9992,364446.1036,6638.5409,6372.9992,265.5416,0.01632659,0.01567352,265.5416,6372.9992,0.01567352,265.5416,265.5416,298.7343,298.7343,298.7343,6372.9992,0.01567352,1427.2863,1309.7925,5211.2546,5328.7484,0.01281637,0.01310533,0.00065306,46.6616,168.5752,2.9478,99.0827,12.5730,6068.7939,33.6119,44.8794,47.4773,8.4329,14.3073,34.3462,193.1745,204.3903,207.7145,14.3073,-10.2195,14.285714,14.518058,3.261379,29,153,76,7,0.30198559,0.01632659,0.04432358,0E-8,0.000000,0.933652,0.003213,-0.04010948,2026-03-22,2026-08-05,67,528,415,137,0.489051,0.945283,0.961806,1.006619,,,,,,,,GLOBAL_BASELINE_NO_ENTITY_RANKING,,,NOT_APPLICABLE_GLOBAL_BASELINE,HF9g-P5,,,,X 全窗基线 · 不参与实体赏罚,14192346,1420,A168_HF9F_20260827_0900,2026-08-27 09:00:00
2026-06-27,129130207,1384,0,683.3807614814,126.7058554722,126.7058554722,0.6666667,12,3,0.42422588877375566,0.187662550000,0.849653097978262,2.1249211973513655,0.849653097978262,0.23656333877375566,ELIGIBLE,R03b_20260811_FULL_v1,L1_ELIGIBILITY,v2026-08-11,2026-03-21..2026-08-06,baccarat_bet02_101_all_pairs_incl_sentinel,round_win = game_pnl > 0 (decisive only),COMPATIBILITY_ONLY_NOT_PRODUCTION,406609.1881,379631.3579,6638.5409,8714,2252,-0.01632659,-0.04432358,-0.00421410,-0.01632659,-6638.5409,406609.1881,OK,0.0000,265.5416,4.0000,96.0000,AG03-UNRESOLVED,ALL5_LEVELS_bet23_to_bet27,265.5416,265.5416,298.7343,298.7343,298.7343,4.000000,4.000000,4.500000,4.500000,4.500000,96.000000,96.000000,95.500000,95.500000,95.500000,5.0,1427.2863,1309.7925,5211.2546,5328.7484,PENDING_AG03,FALSE,NOT_FOR_ENFORCEMENT,6372.9992,364446.1036,6638.5409,6372.9992,265.5416,0.01632659,0.01567352,265.5416,6372.9992,0.01567352,265.5416,265.5416,298.7343,298.7343,298.7343,6372.9992,0.01567352,1427.2863,1309.7925,5211.2546,5328.7484,0.01281637,0.01310533,0.00065306,46.6616,168.5752,2.9478,99.0827,12.5730,6068.7939,33.6119,44.8794,47.4773,8.4329,14.3073,34.3462,193.1745,204.3903,207.7145,14.3073,-10.2195,14.285714,14.518058,3.261379,29,153,76,7,0.30198559,0.01632659,0.04432358,0E-8,0.000000,0.933652,0.003213,-0.04010948,2026-03-22,2026-08-05,67,528,415,137,0.489051,0.945283,0.961806,1.006619,,,,,,,,GLOBAL_BASELINE_NO_ENTITY_RANKING,,,NOT_APPLICABLE_GLOBAL_BASELINE,HF9g-P5,,,,X 全窗基线 · 不参与实体赏罚,14192347,1420,A168_HF9F_20260827_0900,2026-08-27 09:00:00
2026-06-27,129130207,1396,0,97.6258230688,44.1393348981,44.1393348981,1.0000000,4,1,0.39805898936178555,0.187662550000,1.2297115397823746,2.080556102057424,1.2297115397823746,0.21039643936178555,ELIGIBLE,R03b_20260811_FULL_v1,L1_ELIGIBILITY,v2026-08-11,2026-03-21..2026-08-06,baccarat_bet02_101_all_pairs_incl_sentinel,round_win = game_pnl > 0 (decisive only),COMPATIBILITY_ONLY_NOT_PRODUCTION,406609.1881,379631.3579,6638.5409,8714,2252,-0.01632659,-0.04432358,-0.00421410,-0.01632659,-6638.5409,406609.1881,OK,0.0000,265.5416,4.0000,96.0000,AG03-UNRESOLVED,ALL5_LEVELS_bet23_to_bet27,265.5416,265.5416,298.7343,298.7343,298.7343,4.000000,4.000000,4.500000,4.500000,4.500000,96.000000,96.000000,95.500000,95.500000,95.500000,5.0,1427.2863,1309.7925,5211.2546,5328.7484,PENDING_AG03,FALSE,NOT_FOR_ENFORCEMENT,6372.9992,364446.1036,6638.5409,6372.9992,265.5416,0.01632659,0.01567352,265.5416,6372.9992,0.01567352,265.5416,265.5416,298.7343,298.7343,298.7343,6372.9992,0.01567352,1427.2863,1309.7925,5211.2546,5328.7484,0.01281637,0.01310533,0.00065306,46.6616,168.5752,2.9478,99.0827,12.5730,6068.7939,33.6119,44.8794,47.4773,8.4329,14.3073,34.3462,193.1745,204.3903,207.7145,14.3073,-10.2195,14.285714,14.518058,3.261379,29,153,76,7,0.30198559,0.01632659,0.04432358,0E-8,0.000000,0.933652,0.003213,-0.04010948,2026-03-22,2026-08-05,67,528,415,137,0.489051,0.945283,0.961806,1.006619,,,,,,,,GLOBAL_BASELINE_NO_ENTITY_RANKING,,,NOT_APPLICABLE_GLOBAL_BASELINE,HF9g-P5,,,,X 全窗基线 · 不参与实体赏罚,14192348,1420,A168_HF9F_20260827_0900,2026-08-27 09:00:00
2026-06-27,129130207,1623,0,149.5544523607,99.7029682405,99.7029682405,1.0000000,4,1,0.42459344444449035,0.184311250000,1.1641280678176396,2.103712144135556,1.1641280678176396,0.24028219444449035,ELIGIBLE,R03b_20260811_FULL_v1,L1_ELIGIBILITY,v2026-08-11,2026-03-21..2026-08-06,baccarat_bet02_101_all_pairs_incl_sentinel,round_win = game_pnl > 0 (decisive only),COMPATIBILITY_ONLY_NOT_PRODUCTION,406609.1881,379631.3579,6638.5409,8714,2252,-0.01632659,-0.04432358,-0.00421410,-0.01632659,-6638.5409,406609.1881,OK,0.0000,265.5416,4.0000,96.0000,AG03-UNRESOLVED,ALL5_LEVELS_bet23_to_bet27,265.5416,265.5416,298.7343,298.7343,298.7343,4.000000,4.000000,4.500000,4.500000,4.500000,96.000000,96.000000,95.500000,95.500000,95.500000,5.0,1427.2863,1309.7925,5211.2546,5328.7484,PENDING_AG03,FALSE,NOT_FOR_ENFORCEMENT,6372.9992,364446.1036,6638.5409,6372.9992,265.5416,0.01632659,0.01567352,265.5416,6372.9992,0.01567352,265.5416,265.5416,298.7343,298.7343,298.7343,6372.9992,0.01567352,1427.2863,1309.7925,5211.2546,5328.7484,0.01281637,0.01310533,0.00065306,46.6616,168.5752,2.9478,99.0827,12.5730,6068.7939,33.6119,44.8794,47.4773,8.4329,14.3073,34.3462,193.1745,204.3903,207.7145,14.3073,-10.2195,14.285714,14.518058,3.261379,29,153,76,7,0.30198559,0.01632659,0.04432358,0E-8,0.000000,0.933652,0.003213,-0.04010948,2026-03-22,2026-08-05,67,528,415,137,0.489051,0.945283,0.961806,1.006619,,,,,,,,GLOBAL_BASELINE_NO_ENTITY_RANKING,,,NOT_APPLICABLE_GLOBAL_BASELINE,HF9g-P5,,,,X 全窗基线 · 不参与实体赏罚,14192349,1420,A168_HF9F_20260827_0900,2026-08-27 09:00:00
2026-06-27,129130207,2034,0,1325.2186195291,-177.2843404023,-177.2843404023,0.5000000,24,6,0.42199977602617939,0.187662550000,0.38685780323553015,1.9594881487652602,0.38685780323553015,0.23433722602617939,ELIGIBLE,R03b_20260811_FULL_v1,L1_ELIGIBILITY,v2026-08-11,2026-03-21..2026-08-06,baccarat_bet02_101_all_pairs_incl_sentinel,round_win = game_pnl > 0 (decisive only),COMPATIBILITY_ONLY_NOT_PRODUCTION,406609.1881,379631.3579,6638.5409,8714,2252,-0.01632659,-0.04432358,-0.00421410,-0.01632659,-6638.5409,406609.1881,OK,0.0000,265.5416,4.0000,96.0000,AG03-UNRESOLVED,ALL5_LEVELS_bet23_to_bet27,265.5416,265.5416,298.7343,298.7343,298.7343,4.000000,4.000000,4.500000,4.500000,4.500000,96.000000,96.000000,95.500000,95.500000,95.500000,5.0,1427.2863,1309.7925,5211.2546,5328.7484,PENDING_AG03,FALSE,NOT_FOR_ENFORCEMENT,6372.9992,364446.1036,6638.5409,6372.9992,265.5416,0.01632659,0.01567352,265.5416,6372.9992,0.01567352,265.5416,265.5416,298.7343,298.7343,298.7343,6372.9992,0.01567352,1427.2863,1309.7925,5211.2546,5328.7484,0.01281637,0.01310533,0.00065306,46.6616,168.5752,2.9478,99.0827,12.5730,6068.7939,33.6119,44.8794,47.4773,8.4329,14.3073,34.3462,193.1745,204.3903,207.7145,14.3073,-10.2195,14.285714,14.518058,3.261379,29,153,76,7,0.30198559,0.01632659,0.04432358,0E-8,0.000000,0.933652,0.003213,-0.04010948,2026-03-22,2026-08-05,67,528,415,137,0.489051,0.945283,0.961806,1.006619,,,,,,,,GLOBAL_BASELINE_NO_ENTITY_RANKING,,,NOT_APPLICABLE_GLOBAL_BASELINE,HF9g-P5,,,,X 全窗基线 · 不参与实体赏罚,14192350,1420,A168_HF9F_20260827_0900,2026-08-27 09:00:00
2026-06-27,129130207,2065,0,68.5457906654,-68.5457906654,-68.5457906654,0E-7,4,1,0.45579892424204183,0.184311250000,-0.9151809046664519,-0.47535020548684115,-0.9151809046664519,0.27148767424204183,ELIGIBLE,R03b_20260811_FULL_v1,L1_ELIGIBILITY,v2026-08-11,2026-03-21..2026-08-06,baccarat_bet02_101_all_pairs_incl_sentinel,round_win = game_pnl > 0 (decisive only),COMPATIBILITY_ONLY_NOT_PRODUCTION,406609.1881,379631.3579,6638.5409,8714,2252,-0.01632659,-0.04432358,-0.00421410,-0.01632659,-6638.5409,406609.1881,OK,0.0000,265.5416,4.0000,96.0000,AG03-UNRESOLVED,ALL5_LEVELS_bet23_to_bet27,265.5416,265.5416,298.7343,298.7343,298.7343,4.000000,4.000000,4.500000,4.500000,4.500000,96.000000,96.000000,95.500000,95.500000,95.500000,5.0,1427.2863,1309.7925,5211.2546,5328.7484,PENDING_AG03,FALSE,NOT_FOR_ENFORCEMENT,6372.9992,364446.1036,6638.5409,6372.9992,265.5416,0.01632659,0.01567352,265.5416,6372.9992,0.01567352,265.5416,265.5416,298.7343,298.7343,298.7343,6372.9992,0.01567352,1427.2863,1309.7925,5211.2546,5328.7484,0.01281637,0.01310533,0.00065306,46.6616,168.5752,2.9478,99.0827,12.5730,6068.7939,33.6119,44.8794,47.4773,8.4329,14.3073,34.3462,193.1745,204.3903,207.7145,14.3073,-10.2195,14.285714,14.518058,3.261379,29,153,76,7,0.30198559,0.01632659,0.04432358,0E-8,0.000000,0.933652,0.003213,-0.04010948,2026-03-22,2026-08-05,67,528,415,137,0.489051,0.945283,0.961806,1.006619,,,,,,,,GLOBAL_BASELINE_NO_ENTITY_RANKING,,,NOT_APPLICABLE_GLOBAL_BASELINE,HF9g-P5,,,,X 全窗基线 · 不参与实体赏罚,14192351,1420,A168_HF9F_20260827_0900,2026-08-27 09:00:00
2026-06-27,129130207,2101,0,128.7830006439,73.7386535945,73.7386535945,1.0000000,4,1,0.42433117741938680,0.187662550000,1.1647531226683667,2.080556102057424,1.1647531226683667,0.23666862741938680,ELIGIBLE,R03b_20260811_FULL_v1,L1_ELIGIBILITY,v2026-08-11,2026-03-21..2026-08-06,baccarat_bet02_101_all_pairs_incl_sentinel,round_win = game_pnl > 0 (decisive only),COMPATIBILITY_ONLY_NOT_PRODUCTION,406609.1881,379631.3579,6638.5409,8714,2252,-0.01632659,-0.04432358,-0.00421410,-0.01632659,-6638.5409,406609.1881,OK,0.0000,265.5416,4.0000,96.0000,AG03-UNRESOLVED,ALL5_LEVELS_bet23_to_bet27,265.5416,265.5416,298.7343,298.7343,298.7343,4.000000,4.000000,4.500000,4.500000,4.500000,96.000000,96.000000,95.500000,95.500000,95.500000,5.0,1427.2863,1309.7925,5211.2546,5328.7484,PENDING_AG03,FALSE,NOT_FOR_ENFORCEMENT,6372.9992,364446.1036,6638.5409,6372.9992,265.5416,0.01632659,0.01567352,265.5416,6372.9992,0.01567352,265.5416,265.5416,298.7343,298.7343,298.7343,6372.9992,0.01567352,1427.2863,1309.7925,5211.2546,5328.7484,0.01281637,0.01310533,0.00065306,46.6616,168.5752,2.9478,99.0827,12.5730,6068.7939,33.6119,44.8794,47.4773,8.4329,14.3073,34.3462,193.1745,204.3903,207.7145,14.3073,-10.2195,14.285714,14.518058,3.261379,29,153,76,7,0.30198559,0.01632659,0.04432358,0E-8,0.000000,0.933652,0.003213,-0.04010948,2026-03-22,2026-08-05,67,528,415,137,0.489051,0.945283,0.961806,1.006619,,,,,,,,GLOBAL_BASELINE_NO_ENTITY_RANKING,,,NOT_APPLICABLE_GLOBAL_BASELINE,HF9g-P5,,,,X 全窗基线 · 不参与实体赏罚,14192352,1420,A168_HF9F_20260827_0900,2026-08-27 09:00:00
2026-06-27,129130207,2134,0,189.0202106225,-189.0202106225,-189.0202106225,0E-7,5,2,0.46549093870969340,0.347156625000,-1.3197542751873144,-1.0312719989751231,-1.3197542751873144,0.11833431370969340,ELIGIBLE,R03b_20260811_FULL_v1,L1_ELIGIBILITY,v2026-08-11,2026-03-21..2026-08-06,baccarat_bet02_101_all_pairs_incl_sentinel,round_win = game_pnl > 0 (decisive only),COMPATIBILITY_ONLY_NOT_PRODUCTION,406609.1881,379631.3579,6638.5409,8714,2252,-0.01632659,-0.04432358,-0.00421410,-0.01632659,-6638.5409,406609.1881,OK,0.0000,265.5416,4.0000,96.0000,AG03-UNRESOLVED,ALL5_LEVELS_bet23_to_bet27,265.5416,265.5416,298.7343,298.7343,298.7343,4.000000,4.000000,4.500000,4.500000,4.500000,96.000000,96.000000,95.500000,95.500000,95.500000,5.0,1427.2863,1309.7925,5211.2546,5328.7484,PENDING_AG03,FALSE,NOT_FOR_ENFORCEMENT,6372.9992,364446.1036,6638.5409,6372.9992,265.5416,0.01632659,0.01567352,265.5416,6372.9992,0.01567352,265.5416,265.5416,298.7343,298.7343,298.7343,6372.9992,0.01567352,1427.2863,1309.7925,5211.2546,5328.7484,0.01281637,0.01310533,0.00065306,46.6616,168.5752,2.9478,99.0827,12.5730,6068.7939,33.6119,44.8794,47.4773,8.4329,14.3073,34.3462,193.1745,204.3903,207.7145,14.3073,-10.2195,14.285714,14.518058,3.261379,29,153,76,7,0.30198559,0.01632659,0.04432358,0E-8,0.000000,0.933652,0.003213,-0.04010948,2026-03-22,2026-08-05,67,528,415,137,0.489051,0.945283,0.961806,1.006619,,,,,,,,GLOBAL_BASELINE_NO_ENTITY_RANKING,,,NOT_APPLICABLE_GLOBAL_BASELINE,HF9g-P5,,,,X 全窗基线 · 不参与实体赏罚,14192353,1420,A168_HF9F_20260827_0900,2026-08-27 09:00:00
2026-06-27,129130207,2209,0,945.1010531127,-47.7743389487,-47.7743389487,0.6000000,20,5,0.42953455397055420,0.184311250000,0.7700299838063964,2.397259866592536,0.7700299838063964,0.24522330397055420,ELIGIBLE,R03b_20260811_FULL_v1,L1_ELIGIBILITY,v2026-08-11,2026-03-21..2026-08-06,baccarat_bet02_101_all_pairs_incl_sentinel,round_win = game_pnl > 0 (decisive only),COMPATIBILITY_ONLY_NOT_PRODUCTION,406609.1881,379631.3579,6638.5409,8714,2252,-0.01632659,-0.04432358,-0.00421410,-0.01632659,-6638.5409,406609.1881,OK,0.0000,265.5416,4.0000,96.0000,AG03-UNRESOLVED,ALL5_LEVELS_bet23_to_bet27,265.5416,265.5416,298.7343,298.7343,298.7343,4.000000,4.000000,4.500000,4.500000,4.500000,96.000000,96.000000,95.500000,95.500000,95.500000,5.0,1427.2863,1309.7925,5211.2546,5328.7484,PENDING_AG03,FALSE,NOT_FOR_ENFORCEMENT,6372.9992,364446.1036,6638.5409,6372.9992,265.5416,0.01632659,0.01567352,265.5416,6372.9992,0.01567352,265.5416,265.5416,298.7343,298.7343,298.7343,6372.9992,0.01567352,1427.2863,1309.7925,5211.2546,5328.7484,0.01281637,0.01310533,0.00065306,46.6616,168.5752,2.9478,99.0827,12.5730,6068.7939,33.6119,44.8794,47.4773,8.4329,14.3073,34.3462,193.1745,204.3903,207.7145,14.3073,-10.2195,14.285714,14.518058,3.261379,29,153,76,7,0.30198559,0.01632659,0.04432358,0E-8,0.000000,0.933652,0.003213,-0.04010948,2026-03-22,2026-08-05,67,528,415,137,0.489051,0.945283,0.961806,1.006619,,,,,,,,GLOBAL_BASELINE_NO_ENTITY_RANKING,,,NOT_APPLICABLE_GLOBAL_BASELINE,HF9g-P5,,,,X 全窗基线 · 不参与实体赏罚,14192354,1420,A168_HF9F_20260827_0900,2026-08-27 09:00:00
2026-06-27,129130207,2216,0,251.3345657727,-251.3345657727,-251.3345657727,0E-7,4,1,0.42175658264475813,0.184311250000,-0.854034836357006,-0.47535020548684115,-0.854034836357006,0.23744533264475813,ELIGIBLE,R03b_20260811_FULL_v1,L1_ELIGIBILITY,v2026-08-11,2026-03-21..2026-08-06,baccarat_bet02_101_all_pairs_incl_sentinel,round_win = game_pnl > 0 (decisive only),COMPATIBILITY_ONLY_NOT_PRODUCTION,406609.1881,379631.3579,6638.5409,8714,2252,-0.01632659,-0.04432358,-0.00421410,-0.01632659,-6638.5409,406609.1881,OK,0.0000,265.5416,4.0000,96.0000,AG03-UNRESOLVED,ALL5_LEVELS_bet23_to_bet27,265.5416,265.5416,298.7343,298.7343,298.7343,4.000000,4.000000,4.500000,4.500000,4.500000,96.000000,96.000000,95.500000,95.500000,95.500000,5.0,1427.2863,1309.7925,5211.2546,5328.7484,PENDING_AG03,FALSE,NOT_FOR_ENFORCEMENT,6372.9992,364446.1036,6638.5409,6372.9992,265.5416,0.01632659,0.01567352,265.5416,6372.9992,0.01567352,265.5416,265.5416,298.7343,298.7343,298.7343,6372.9992,0.01567352,1427.2863,1309.7925,5211.2546,5328.7484,0.01281637,0.01310533,0.00065306,46.6616,168.5752,2.9478,99.0827,12.5730,6068.7939,33.6119,44.8794,47.4773,8.4329,14.3073,34.3462,193.1745,204.3903,207.7145,14.3073,-10.2195,14.285714,14.518058,3.261379,29,153,76,7,0.30198559,0.01632659,0.04432358,0E-8,0.000000,0.933652,0.003213,-0.04010948,2026-03-22,2026-08-05,67,528,415,137,0.489051,0.945283,0.961806,1.006619,,,,,,,,GLOBAL_BASELINE_NO_ENTITY_RANKING,,,NOT_APPLICABLE_GLOBAL_BASELINE,HF9g-P5,,,,X 全窗基线 · 不参与实体赏罚,14192355,1420,A168_HF9F_20260827_0900,2026-08-27 09:00:00
2026-06-27,129130207,2220,0,103.8572585838,-103.8572585838,-103.8572585838,0E-7,1,1,0.49324550000000000,0.493245500000,-0.9865810262130424,-0.9865810262130424,-0.9865810262130424,0E-17,ELIGIBLE,R03b_20260811_FULL_v1,L1_ELIGIBILITY,v2026-08-11,2026-03-21..2026-08-06,baccarat_bet02_101_all_pairs_incl_sentinel,round_win = game_pnl > 0 (decisive only),COMPATIBILITY_ONLY_NOT_PRODUCTION,406609.1881,379631.3579,6638.5409,8714,2252,-0.01632659,-0.04432358,-0.00421410,-0.01632659,-6638.5409,406609.1881,OK,0.0000,265.5416,4.0000,96.0000,AG03-UNRESOLVED,ALL5_LEVELS_bet23_to_bet27,265.5416,265.5416,298.7343,298.7343,298.7343,4.000000,4.000000,4.500000,4.500000,4.500000,96.000000,96.000000,95.500000,95.500000,95.500000,5.0,1427.2863,1309.7925,5211.2546,5328.7484,PENDING_AG03,FALSE,NOT_FOR_ENFORCEMENT,6372.9992,364446.1036,6638.5409,6372.9992,265.5416,0.01632659,0.01567352,265.5416,6372.9992,0.01567352,265.5416,265.5416,298.7343,298.7343,298.7343,6372.9992,0.01567352,1427.2863,1309.7925,5211.2546,5328.7484,0.01281637,0.01310533,0.00065306,46.6616,168.5752,2.9478,99.0827,12.5730,6068.7939,33.6119,44.8794,47.4773,8.4329,14.3073,34.3462,193.1745,204.3903,207.7145,14.3073,-10.2195,14.285714,14.518058,3.261379,29,153,76,7,0.30198559,0.01632659,0.04432358,0E-8,0.000000,0.933652,0.003213,-0.04010948,2026-03-22,2026-08-05,67,528,415,137,0.489051,0.945283,0.961806,1.006619,,,,,,,,GLOBAL_BASELINE_NO_ENTITY_RANKING,,,NOT_APPLICABLE_GLOBAL_BASELINE,HF9g-P5,,,,X 全窗基线 · 不参与实体赏罚,14192356,1420,A168_HF9F_20260827_0900,2026-08-27 09:00:00
2026-06-27,129130207,2222,0,1027.1482873939,-335.4589452257,-335.4589452257,0.4000000,20,5,0.43593884589912746,0.185651770000,-0.16205903473859262,1.2326797975105883,-0.16205903473859262,0.25028707589912746,ELIGIBLE,R03b_20260811_FULL_v1,L1_ELIGIBILITY,v2026-08-11,2026-03-21..2026-08-06,baccarat_bet02_101_all_pairs_incl_sentinel,round_win = game_pnl > 0 (decisive only),COMPATIBILITY_ONLY_NOT_PRODUCTION,406609.1881,379631.3579,6638.5409,8714,2252,-0.01632659,-0.04432358,-0.00421410,-0.01632659,-6638.5409,406609.1881,OK,0.0000,265.5416,4.0000,96.0000,AG03-UNRESOLVED,ALL5_LEVELS_bet23_to_bet27,265.5416,265.5416,298.7343,298.7343,298.7343,4.000000,4.000000,4.500000,4.500000,4.500000,96.000000,96.000000,95.500000,95.500000,95.500000,5.0,1427.2863,1309.7925,5211.2546,5328.7484,PENDING_AG03,FALSE,NOT_FOR_ENFORCEMENT,6372.9992,364446.1036,6638.5409,6372.9992,265.5416,0.01632659,0.01567352,265.5416,6372.9992,0.01567352,265.5416,265.5416,298.7343,298.7343,298.7343,6372.9992,0.01567352,1427.2863,1309.7925,5211.2546,5328.7484,0.01281637,0.01310533,0.00065306,46.6616,168.5752,2.9478,99.0827,12.5730,6068.7939,33.6119,44.8794,47.4773,8.4329,14.3073,34.3462,193.1745,204.3903,207.7145,14.3073,-10.2195,14.285714,14.518058,3.261379,29,153,76,7,0.30198559,0.01632659,0.04432358,0E-8,0.000000,0.933652,0.003213,-0.04010948,2026-03-22,2026-08-05,67,528,415,137,0.489051,0.945283,0.961806,1.006619,,,,,,,,GLOBAL_BASELINE_NO_ENTITY_RANKING,,,NOT_APPLICABLE_GLOBAL_BASELINE,HF9g-P5,,,,X 全窗基线 · 不参与实体赏罚,14192357,1420,A168_HF9F_20260827_0900,2026-08-27 09:00:00
2026-06-27,129130207,2229,0,483.9748250007,-182.7887751077,-182.7887751077,0.5000000,8,2,0.43496460980089271,0.184311250000,0.1855239411902729,1.1514257690445797,0.1855239411902729,0.25065335980089271,ELIGIBLE,R03b_20260811_FULL_v1,L1_ELIGIBILITY,v2026-08-11,2026-03-21..2026-08-06,baccarat_bet02_101_all_pairs_incl_sentinel,round_win = game_pnl > 0 (decisive only),COMPATIBILITY_ONLY_NOT_PRODUCTION,406609.1881,379631.3579,6638.5409,8714,2252,-0.01632659,-0.04432358,-0.00421410,-0.01632659,-6638.5409,406609.1881,OK,0.0000,265.5416,4.0000,96.0000,AG03-UNRESOLVED,ALL5_LEVELS_bet23_to_bet27,265.5416,265.5416,298.7343,298.7343,298.7343,4.000000,4.000000,4.500000,4.500000,4.500000,96.000000,96.000000,95.500000,95.500000,95.500000,5.0,1427.2863,1309.7925,5211.2546,5328.7484,PENDING_AG03,FALSE,NOT_FOR_ENFORCEMENT,6372.9992,364446.1036,6638.5409,6372.9992,265.5416,0.01632659,0.01567352,265.5416,6372.9992,0.01567352,265.5416,265.5416,298.7343,298.7343,298.7343,6372.9992,0.01567352,1427.2863,1309.7925,5211.2546,5328.7484,0.01281637,0.01310533,0.00065306,46.6616,168.5752,2.9478,99.0827,12.5730,6068.7939,33.6119,44.8794,47.4773,8.4329,14.3073,34.3462,193.1745,204.3903,207.7145,14.3073,-10.2195,14.285714,14.518058,3.261379,29,153,76,7,0.30198559,0.01632659,0.04432358,0E-8,0.000000,0.933652,0.003213,-0.04010948,2026-03-22,2026-08-05,67,528,415,137,0.489051,0.945283,0.961806,1.006619,,,,,,,,GLOBAL_BASELINE_NO_ENTITY_RANKING,,,NOT_APPLICABLE_GLOBAL_BASELINE,HF9g-P5,,,,X 全窗基线 · 不参与实体赏罚,14192358,1420,A168_HF9F_20260827_0900,2026-08-27 09:00:00
2026-06-27,129130207,2237,0,1948.3621710321,-162.0173233907,-162.0173233907,0.5000000,32,8,0.43285734620911937,0.184311250000,0.38328775444246743,2.3028515380891594,0.38328775444246743,0.24854609620911937,ELIGIBLE,R03b_20260811_FULL_v1,L1_ELIGIBILITY,v2026-08-11,2026-03-21..2026-08-06,baccarat_bet02_101_all_pairs_incl_sentinel,round_win = game_pnl > 0 (decisive only),COMPATIBILITY_ONLY_NOT_PRODUCTION,406609.1881,379631.3579,6638.5409,8714,2252,-0.01632659,-0.04432358,-0.00421410,-0.01632659,-6638.5409,406609.1881,OK,0.0000,265.5416,4.0000,96.0000,AG03-UNRESOLVED,ALL5_LEVELS_bet23_to_bet27,265.5416,265.5416,298.7343,298.7343,298.7343,4.000000,4.000000,4.500000,4.500000,4.500000,96.000000,96.000000,95.500000,95.500000,95.500000,5.0,1427.2863,1309.7925,5211.2546,5328.7484,PENDING_AG03,FALSE,NOT_FOR_ENFORCEMENT,6372.9992,364446.1036,6638.5409,6372.9992,265.5416,0.01632659,0.01567352,265.5416,6372.9992,0.01567352,265.5416,265.5416,298.7343,298.7343,298.7343,6372.9992,0.01567352,1427.2863,1309.7925,5211.2546,5328.7484,0.01281637,0.01310533,0.00065306,46.6616,168.5752,2.9478,99.0827,12.5730,6068.7939,33.6119,44.8794,47.4773,8.4329,14.3073,34.3462,193.1745,204.3903,207.7145,14.3073,-10.2195,14.285714,14.518058,3.261379,29,153,76,7,0.30198559,0.01632659,0.04432358,0E-8,0.000000,0.933652,0.003213,-0.04010948,2026-03-22,2026-08-05,67,528,415,137,0.489051,0.945283,0.961806,1.006619,,,,,,,,GLOBAL_BASELINE_NO_ENTITY_RANKING,,,NOT_APPLICABLE_GLOBAL_BASELINE,HF9g-P5,,,,X 全窗基线 · 不参与实体赏罚,14192359,1420,A168_HF9F_20260827_0900,2026-08-27 09:00:00
2026-06-27,129130207,2288,0,535.4880252581,-405.8741665456,-405.8741665456,0.2500000,17,5,0.43746244986198838,0.247438620000,-0.7557847678652675,0.011871327975247323,-0.7557847678652675,0.19002382986198838,ELIGIBLE,R03b_20260811_FULL_v1,L1_ELIGIBILITY,v2026-08-11,2026-03-21..2026-08-06,baccarat_bet02_101_all_pairs_incl_sentinel,round_win = game_pnl > 0 (decisive only),COMPATIBILITY_ONLY_NOT_PRODUCTION,406609.1881,379631.3579,6638.5409,8714,2252,-0.01632659,-0.04432358,-0.00421410,-0.01632659,-6638.5409,406609.1881,OK,0.0000,265.5416,4.0000,96.0000,AG03-UNRESOLVED,ALL5_LEVELS_bet23_to_bet27,265.5416,265.5416,298.7343,298.7343,298.7343,4.000000,4.000000,4.500000,4.500000,4.500000,96.000000,96.000000,95.500000,95.500000,95.500000,5.0,1427.2863,1309.7925,5211.2546,5328.7484,PENDING_AG03,FALSE,NOT_FOR_ENFORCEMENT,6372.9992,364446.1036,6638.5409,6372.9992,265.5416,0.01632659,0.01567352,265.5416,6372.9992,0.01567352,265.5416,265.5416,298.7343,298.7343,298.7343,6372.9992,0.01567352,1427.2863,1309.7925,5211.2546,5328.7484,0.01281637,0.01310533,0.00065306,46.6616,168.5752,2.9478,99.0827,12.5730,6068.7939,33.6119,44.8794,47.4773,8.4329,14.3073,34.3462,193.1745,204.3903,207.7145,14.3073,-10.2195,14.285714,14.518058,3.261379,29,153,76,7,0.30198559,0.01632659,0.04432358,0E-8,0.000000,0.933652,0.003213,-0.04010948,2026-03-22,2026-08-05,67,528,415,137,0.489051,0.945283,0.961806,1.006619,,,,,,,,GLOBAL_BASELINE_NO_ENTITY_RANKING,,,NOT_APPLICABLE_GLOBAL_BASELINE,HF9g-P5,,,,X 全窗基线 · 不参与实体赏罚,14192360,1420,A168_HF9F_20260827_0900,2026-08-27 09:00:00
2026-06-27,129130207,772,0,204.5987994103,-204.5987994103,-204.5987994103,0E-7,8,2,0.42728817087719472,0.187662550000,-1.2215390530709265,-0.6797286364807011,-1.2215390530709265,0.23962562087719472,ELIGIBLE,R03b_20260811_FULL_v1,L1_ELIGIBILITY,v2026-08-11,2026-03-21..2026-08-06,baccarat_bet02_101_all_pairs_incl_sentinel,round_win = game_pnl > 0 (decisive only),COMPATIBILITY_ONLY_NOT_PRODUCTION,406609.1881,379631.3579,6638.5409,8714,2252,-0.01632659,-0.04432358,-0.00421410,-0.01632659,-6638.5409,406609.1881,OK,0.0000,265.5416,4.0000,96.0000,AG03-UNRESOLVED,ALL5_LEVELS_bet23_to_bet27,265.5416,265.5416,298.7343,298.7343,298.7343,4.000000,4.000000,4.500000,4.500000,4.500000,96.000000,96.000000,95.500000,95.500000,95.500000,5.0,1427.2863,1309.7925,5211.2546,5328.7484,PENDING_AG03,FALSE,NOT_FOR_ENFORCEMENT,6372.9992,364446.1036,6638.5409,6372.9992,265.5416,0.01632659,0.01567352,265.5416,6372.9992,0.01567352,265.5416,265.5416,298.7343,298.7343,298.7343,6372.9992,0.01567352,1427.2863,1309.7925,5211.2546,5328.7484,0.01281637,0.01310533,0.00065306,46.6616,168.5752,2.9478,99.0827,12.5730,6068.7939,33.6119,44.8794,47.4773,8.4329,14.3073,34.3462,193.1745,204.3903,207.7145,14.3073,-10.2195,14.285714,14.518058,3.261379,29,153,76,7,0.30198559,0.01632659,0.04432358,0E-8,0.000000,0.933652,0.003213,-0.04010948,2026-03-22,2026-08-05,67,528,415,137,0.489051,0.945283,0.961806,1.006619,,,,,,,,GLOBAL_BASELINE_NO_ENTITY_RANKING,,,NOT_APPLICABLE_GLOBAL_BASELINE,HF9g-P5,,,,X 全窗基线 · 不参与实体赏罚,14192361,1420,A168_HF9F_20260827_0900,2026-08-27 09:00:00
2026-06-27,129130207,919,0,573.2920673826,-350.5182477203,-350.5182477203,0.3333333,12,3,0.42664705120259027,0.187662550000,-0.3267839524055789,0.6462135179418145,-0.3267839524055789,0.23898450120259027,ELIGIBLE,R03b_20260811_FULL_v1,L1_ELIGIBILITY,v2026-08-11,2026-03-21..2026-08-06,baccarat_bet02_101_all_pairs_incl_sentinel,round_win = game_pnl > 0 (decisive only),COMPATIBILITY_ONLY_NOT_PRODUCTION,406609.1881,379631.3579,6638.5409,8714,2252,-0.01632659,-0.04432358,-0.00421410,-0.01632659,-6638.5409,406609.1881,OK,0.0000,265.5416,4.0000,96.0000,AG03-UNRESOLVED,ALL5_LEVELS_bet23_to_bet27,265.5416,265.5416,298.7343,298.7343,298.7343,4.000000,4.000000,4.500000,4.500000,4.500000,96.000000,96.000000,95.500000,95.500000,95.500000,5.0,1427.2863,1309.7925,5211.2546,5328.7484,PENDING_AG03,FALSE,NOT_FOR_ENFORCEMENT,6372.9992,364446.1036,6638.5409,6372.9992,265.5416,0.01632659,0.01567352,265.5416,6372.9992,0.01567352,265.5416,265.5416,298.7343,298.7343,298.7343,6372.9992,0.01567352,1427.2863,1309.7925,5211.2546,5328.7484,0.01281637,0.01310533,0.00065306,46.6616,168.5752,2.9478,99.0827,12.5730,6068.7939,33.6119,44.8794,47.4773,8.4329,14.3073,34.3462,193.1745,204.3903,207.7145,14.3073,-10.2195,14.285714,14.518058,3.261379,29,153,76,7,0.30198559,0.01632659,0.04432358,0E-8,0.000000,0.933652,0.003213,-0.04010948,2026-03-22,2026-08-05,67,528,415,137,0.489051,0.945283,0.961806,1.006619,,,,,,,,GLOBAL_BASELINE_NO_ENTITY_RANKING,,,NOT_APPLICABLE_GLOBAL_BASELINE,HF9g-P5,,,,X 全窗基线 · 不参与实体赏罚,14192362,1420,A168_HF9F_20260827_0900,2026-08-27 09:00:00
2026-06-28,129130207,-1,1,3346.2808715708,468.2923789536,468.2923789536,0.6666667,60,15,0.43432959357424485,0.187439130000,1.8154015557919685,4.755862744720734,1.8154015557919685,0.24689046357424485,SENTINEL_DEALER,R03b_20260811_FULL_v1,L1_ELIGIBILITY,v2026-08-11,2026-03-21..2026-08-06,baccarat_bet02_101_all_pairs_incl_sentinel,round_win = game_pnl > 0 (decisive only),COMPATIBILITY_ONLY_NOT_PRODUCTION,406609.1881,379631.3579,6638.5409,8714,2252,-0.01632659,-0.04432358,-0.00421410,-0.01632659,-6638.5409,406609.1881,OK,0.0000,265.5416,4.0000,96.0000,AG03-UNRESOLVED,ALL5_LEVELS_bet23_to_bet27,265.5416,265.5416,298.7343,298.7343,298.7343,4.000000,4.000000,4.500000,4.500000,4.500000,96.000000,96.000000,95.500000,95.500000,95.500000,5.0,1427.2863,1309.7925,5211.2546,5328.7484,PENDING_AG03,FALSE,NOT_FOR_ENFORCEMENT,6372.9992,364446.1036,6638.5409,6372.9992,265.5416,0.01632659,0.01567352,265.5416,6372.9992,0.01567352,265.5416,265.5416,298.7343,298.7343,298.7343,6372.9992,0.01567352,1427.2863,1309.7925,5211.2546,5328.7484,0.01281637,0.01310533,0.00065306,46.6616,168.5752,2.9478,99.0827,12.5730,6068.7939,33.6119,44.8794,47.4773,8.4329,14.3073,34.3462,193.1745,204.3903,207.7145,14.3073,-10.2195,14.285714,14.518058,3.261379,29,153,76,7,0.30198559,0.01632659,0.04432358,0E-8,0.000000,0.933652,0.003213,-0.04010948,2026-03-22,2026-08-05,67,528,415,137,0.489051,0.945283,0.961806,1.006619,,,,,,,,GLOBAL_BASELINE_NO_ENTITY_RANKING,,,NOT_APPLICABLE_GLOBAL_BASELINE,HF9g-P5,,,,X 全窗基线 · 不参与实体赏罚,14192363,1420,A168_HF9F_20260827_0900,2026-08-27 09:00:00
2026-06-28,129130207,986,0,238.8716947428,290.8003240346,290.8003240346,1.0000000,4,1,0.45117449999990710,0.187662550000,1.1029221735078825,2.080556102057424,1.1029221735078825,0.26351194999990710,ELIGIBLE,R03b_20260811_FULL_v1,L1_ELIGIBILITY,v2026-08-11,2026-03-21..2026-08-06,baccarat_bet02_101_all_pairs_incl_sentinel,round_win = game_pnl > 0 (decisive only),COMPATIBILITY_ONLY_NOT_PRODUCTION,406609.1881,379631.3579,6638.5409,8714,2252,-0.01632659,-0.04432358,-0.00421410,-0.01632659,-6638.5409,406609.1881,OK,0.0000,265.5416,4.0000,96.0000,AG03-UNRESOLVED,ALL5_LEVELS_bet23_to_bet27,265.5416,265.5416,298.7343,298.7343,298.7343,4.000000,4.000000,4.500000,4.500000,4.500000,96.000000,96.000000,95.500000,95.500000,95.500000,5.0,1427.2863,1309.7925,5211.2546,5328.7484,PENDING_AG03,FALSE,NOT_FOR_ENFORCEMENT,6372.9992,364446.1036,6638.5409,6372.9992,265.5416,0.01632659,0.01567352,265.5416,6372.9992,0.01567352,265.5416,265.5416,298.7343,298.7343,298.7343,6372.9992,0.01567352,1427.2863,1309.7925,5211.2546,5328.7484,0.01281637,0.01310533,0.00065306,46.6616,168.5752,2.9478,99.0827,12.5730,6068.7939,33.6119,44.8794,47.4773,8.4329,14.3073,34.3462,193.1745,204.3903,207.7145,14.3073,-10.2195,14.285714,14.518058,3.261379,29,153,76,7,0.30198559,0.01632659,0.04432358,0E-8,0.000000,0.933652,0.003213,-0.04010948,2026-03-22,2026-08-05,67,528,415,137,0.489051,0.945283,0.961806,1.006619,,,,,,,,GLOBAL_BASELINE_NO_ENTITY_RANKING,,,NOT_APPLICABLE_GLOBAL_BASELINE,HF9g-P5,,,,X 全窗基线 · 不参与实体赏罚,14192364,1420,A168_HF9F_20260827_0900,2026-08-27 09:00:00
2026-06-29,129130207,-1,1,6482.5623662841,1270.2781297381,1270.2781297381,0.6428571,112,28,0.41547981448949579,0.186106589286,2.441470346069495,6.210026548248545,2.441470346069495,0.22937322520349579,SENTINEL_DEALER,R03b_20260811_FULL_v1,L1_ELIGIBILITY,v2026-08-11,2026-03-21..2026-08-06,baccarat_bet02_101_all_pairs_incl_sentinel,round_win = game_pnl > 0 (decisive only),COMPATIBILITY_ONLY_NOT_PRODUCTION,406609.1881,379631.3579,6638.5409,8714,2252,-0.01632659,-0.04432358,-0.00421410,-0.01632659,-6638.5409,406609.1881,OK,0.0000,265.5416,4.0000,96.0000,AG03-UNRESOLVED,ALL5_LEVELS_bet23_to_bet27,265.5416,265.5416,298.7343,298.7343,298.7343,4.000000,4.000000,4.500000,4.500000,4.500000,96.000000,96.000000,95.500000,95.500000,95.500000,5.0,1427.2863,1309.7925,5211.2546,5328.7484,PENDING_AG03,FALSE,NOT_FOR_ENFORCEMENT,6372.9992,364446.1036,6638.5409,6372.9992,265.5416,0.01632659,0.01567352,265.5416,6372.9992,0.01567352,265.5416,265.5416,298.7343,298.7343,298.7343,6372.9992,0.01567352,1427.2863,1309.7925,5211.2546,5328.7484,0.01281637,0.01310533,0.00065306,46.6616,168.5752,2.9478,99.0827,12.5730,6068.7939,33.6119,44.8794,47.4773,8.4329,14.3073,34.3462,193.1745,204.3903,207.7145,14.3073,-10.2195,14.285714,14.518058,3.261379,29,153,76,7,0.30198559,0.01632659,0.04432358,0E-8,0.000000,0.933652,0.003213,-0.04010948,2026-03-22,2026-08-05,67,528,415,137,0.489051,0.945283,0.961806,1.006619,,,,,,,,GLOBAL_BASELINE_NO_ENTITY_RANKING,,,NOT_APPLICABLE_GLOBAL_BASELINE,HF9g-P5,,,,X 全窗基线 · 不参与实体赏罚,14192365,1420,A168_HF9F_20260827_0900,2026-08-27 09:00:00
2026-06-29,129130207,1017,0,251.3345657727,-251.3345657727,-251.3345657727,0E-7,4,1,0.43283526033071277,0.187662550000,-0.8735880906332799,-0.48064072822218945,-0.8735880906332799,0.24517271033071277,ELIGIBLE,R03b_20260811_FULL_v1,L1_ELIGIBILITY,v2026-08-11,2026-03-21..2026-08-06,baccarat_bet02_101_all_pairs_incl_sentinel,round_win = game_pnl > 0 (decisive only),COMPATIBILITY_ONLY_NOT_PRODUCTION,406609.1881,379631.3579,6638.5409,8714,2252,-0.01632659,-0.04432358,-0.00421410,-0.01632659,-6638.5409,406609.1881,OK,0.0000,265.5416,4.0000,96.0000,AG03-UNRESOLVED,ALL5_LEVELS_bet23_to_bet27,265.5416,265.5416,298.7343,298.7343,298.7343,4.000000,4.000000,4.500000,4.500000,4.500000,96.000000,96.000000,95.500000,95.500000,95.500000,5.0,1427.2863,1309.7925,5211.2546,5328.7484,PENDING_AG03,FALSE,NOT_FOR_ENFORCEMENT,6372.9992,364446.1036,6638.5409,6372.9992,265.5416,0.01632659,0.01567352,265.5416,6372.9992,0.01567352,265.5416,265.5416,298.7343,298.7343,298.7343,6372.9992,0.01567352,1427.2863,1309.7925,5211.2546,5328.7484,0.01281637,0.01310533,0.00065306,46.6616,168.5752,2.9478,99.0827,12.5730,6068.7939,33.6119,44.8794,47.4773,8.4329,14.3073,34.3462,193.1745,204.3903,207.7145,14.3073,-10.2195,14.285714,14.518058,3.261379,29,153,76,7,0.30198559,0.01632659,0.04432358,0E-8,0.000000,0.933652,0.003213,-0.04010948,2026-03-22,2026-08-05,67,528,415,137,0.489051,0.945283,0.961806,1.006619,,,,,,,,GLOBAL_BASELINE_NO_ENTITY_RANKING,,,NOT_APPLICABLE_GLOBAL_BASELINE,HF9g-P5,,,,X 全窗基线 · 不参与实体赏罚,14192366,1420,A168_HF9F_20260827_0900,2026-08-27 09:00:00
2026-06-29,129130207,1087,0,2035.1868392086,279.9991691416,279.9991691416,0.6250000,32,8,0.40523072062946584,0.184311250000,1.2661540030869625,3.2146877763496136,1.2661540030869625,0.22091947062946584,ELIGIBLE,R03b_20260811_FULL_v1,L1_ELIGIBILITY,v2026-08-11,2026-03-21..2026-08-06,baccarat_bet02_101_all_pairs_incl_sentinel,round_win = game_pnl > 0 (decisive only),COMPATIBILITY_ONLY_NOT_PRODUCTION,406609.1881,379631.3579,6638.5409,8714,2252,-0.01632659,-0.04432358,-0.00421410,-0.01632659,-6638.5409,406609.1881,OK,0.0000,265.5416,4.0000,96.0000,AG03-UNRESOLVED,ALL5_LEVELS_bet23_to_bet27,265.5416,265.5416,298.7343,298.7343,298.7343,4.000000,4.000000,4.500000,4.500000,4.500000,96.000000,96.000000,95.500000,95.500000,95.500000,5.0,1427.2863,1309.7925,5211.2546,5328.7484,PENDING_AG03,FALSE,NOT_FOR_ENFORCEMENT,6372.9992,364446.1036,6638.5409,6372.9992,265.5416,0.01632659,0.01567352,265.5416,6372.9992,0.01567352,265.5416,265.5416,298.7343,298.7343,298.7343,6372.9992,0.01567352,1427.2863,1309.7925,5211.2546,5328.7484,0.01281637,0.01310533,0.00065306,46.6616,168.5752,2.9478,99.0827,12.5730,6068.7939,33.6119,44.8794,47.4773,8.4329,14.3073,34.3462,193.1745,204.3903,207.7145,14.3073,-10.2195,14.285714,14.518058,3.261379,29,153,76,7,0.30198559,0.01632659,0.04432358,0E-8,0.000000,0.933652,0.003213,-0.04010948,2026-03-22,2026-08-05,67,528,415,137,0.489051,0.945283,0.961806,1.006619,,,,,,,,GLOBAL_BASELINE_NO_ENTITY_RANKING,,,NOT_APPLICABLE_GLOBAL_BASELINE,HF9g-P5,,,,X 全窗基线 · 不参与实体赏罚,14192367,1420,A168_HF9F_20260827_0900,2026-08-27 09:00:00
2026-06-29,129130207,1318,0,282.4917433481,195.4593606546,195.4593606546,1.0000000,8,2,0.45196701714264128,0.187662550000,1.5572737925029079,2.94235065680771,1.5572737925029079,0.26430446714264128,ELIGIBLE,R03b_20260811_FULL_v1,L1_ELIGIBILITY,v2026-08-11,2026-03-21..2026-08-06,baccarat_bet02_101_all_pairs_incl_sentinel,round_win = game_pnl > 0 (decisive only),COMPATIBILITY_ONLY_NOT_PRODUCTION,406609.1881,379631.3579,6638.5409,8714,2252,-0.01632659,-0.04432358,-0.00421410,-0.01632659,-6638.5409,406609.1881,OK,0.0000,265.5416,4.0000,96.0000,AG03-UNRESOLVED,ALL5_LEVELS_bet23_to_bet27,265.5416,265.5416,298.7343,298.7343,298.7343,4.000000,4.000000,4.500000,4.500000,4.500000,96.000000,96.000000,95.500000,95.500000,95.500000,5.0,1427.2863,1309.7925,5211.2546,5328.7484,PENDING_AG03,FALSE,NOT_FOR_ENFORCEMENT,6372.9992,364446.1036,6638.5409,6372.9992,265.5416,0.01632659,0.01567352,265.5416,6372.9992,0.01567352,265.5416,265.5416,298.7343,298.7343,298.7343,6372.9992,0.01567352,1427.2863,1309.7925,5211.2546,5328.7484,0.01281637,0.01310533,0.00065306,46.6616,168.5752,2.9478,99.0827,12.5730,6068.7939,33.6119,44.8794,47.4773,8.4329,14.3073,34.3462,193.1745,204.3903,207.7145,14.3073,-10.2195,14.285714,14.518058,3.261379,29,153,76,7,0.30198559,0.01632659,0.04432358,0E-8,0.000000,0.933652,0.003213,-0.04010948,2026-03-22,2026-08-05,67,528,415,137,0.489051,0.945283,0.961806,1.006619,,,,,,,,GLOBAL_BASELINE_NO_ENTITY_RANKING,,,NOT_APPLICABLE_GLOBAL_BASELINE,HF9g-P5,,,,X 全窗基线 · 不参与实体赏罚,14192368,1420,A168_HF9F_20260827_0900,2026-08-27 09:00:00
2026-06-29,129130207,1323,0,1142.4298444220,314.4797789915,314.4797789915,0.7142857,28,7,0.43538125449119432,0.187662550000,1.4883050977278285,3.5685512143027887,1.4883050977278285,0.24771870449119432,ELIGIBLE,R03b_20260811_FULL_v1,L1_ELIGIBILITY,v2026-08-11,2026-03-21..2026-08-06,baccarat_bet02_101_all_pairs_incl_sentinel,round_win = game_pnl > 0 (decisive only),COMPATIBILITY_ONLY_NOT_PRODUCTION,406609.1881,379631.3579,6638.5409,8714,2252,-0.01632659,-0.04432358,-0.00421410,-0.01632659,-6638.5409,406609.1881,OK,0.0000,265.5416,4.0000,96.0000,AG03-UNRESOLVED,ALL5_LEVELS_bet23_to_bet27,265.5416,265.5416,298.7343,298.7343,298.7343,4.000000,4.000000,4.500000,4.500000,4.500000,96.000000,96.000000,95.500000,95.500000,95.500000,5.0,1427.2863,1309.7925,5211.2546,5328.7484,PENDING_AG03,FALSE,NOT_FOR_ENFORCEMENT,6372.9992,364446.1036,6638.5409,6372.9992,265.5416,0.01632659,0.01567352,265.5416,6372.9992,0.01567352,265.5416,265.5416,298.7343,298.7343,298.7343,6372.9992,0.01567352,1427.2863,1309.7925,5211.2546,5328.7484,0.01281637,0.01310533,0.00065306,46.6616,168.5752,2.9478,99.0827,12.5730,6068.7939,33.6119,44.8794,47.4773,8.4329,14.3073,34.3462,193.1745,204.3903,207.7145,14.3073,-10.2195,14.285714,14.518058,3.261379,29,153,76,7,0.30198559,0.01632659,0.04432358,0E-8,0.000000,0.933652,0.003213,-0.04010948,2026-03-22,2026-08-05,67,528,415,137,0.489051,0.945283,0.961806,1.006619,,,,,,,,GLOBAL_BASELINE_NO_ENTITY_RANKING,,,NOT_APPLICABLE_GLOBAL_BASELINE,HF9g-P5,,,,X 全窗基线 · 不参与实体赏罚,14192369,1420,A168_HF9F_20260827_0900,2026-08-27 09:00:00
2026-06-29,129130207,1330,0,999.1068275762,4.1542903434,4.1542903434,0.6666667,25,6,0.40687476021409738,0.179952921667,1.2953814227665814,3.103490300335441,1.2953814227665814,0.22692183854709738,ELIGIBLE,R03b_20260811_FULL_v1,L1_ELIGIBILITY,v2026-08-11,2026-03-21..2026-08-06,baccarat_bet02_101_all_pairs_incl_sentinel,round_win = game_pnl > 0 (decisive only),COMPATIBILITY_ONLY_NOT_PRODUCTION,406609.1881,379631.3579,6638.5409,8714,2252,-0.01632659,-0.04432358,-0.00421410,-0.01632659,-6638.5409,406609.1881,OK,0.0000,265.5416,4.0000,96.0000,AG03-UNRESOLVED,ALL5_LEVELS_bet23_to_bet27,265.5416,265.5416,298.7343,298.7343,298.7343,4.000000,4.000000,4.500000,4.500000,4.500000,96.000000,96.000000,95.500000,95.500000,95.500000,5.0,1427.2863,1309.7925,5211.2546,5328.7484,PENDING_AG03,FALSE,NOT_FOR_ENFORCEMENT,6372.9992,364446.1036,6638.5409,6372.9992,265.5416,0.01632659,0.01567352,265.5416,6372.9992,0.01567352,265.5416,265.5416,298.7343,298.7343,298.7343,6372.9992,0.01567352,1427.2863,1309.7925,5211.2546,5328.7484,0.01281637,0.01310533,0.00065306,46.6616,168.5752,2.9478,99.0827,12.5730,6068.7939,33.6119,44.8794,47.4773,8.4329,14.3073,34.3462,193.1745,204.3903,207.7145,14.3073,-10.2195,14.285714,14.518058,3.261379,29,153,76,7,0.30198559,0.01632659,0.04432358,0E-8,0.000000,0.933652,0.003213,-0.04010948,2026-03-22,2026-08-05,67,528,415,137,0.489051,0.945283,0.961806,1.006619,,,,,,,,GLOBAL_BASELINE_NO_ENTITY_RANKING,,,NOT_APPLICABLE_GLOBAL_BASELINE,HF9g-P5,,,,X 全窗基线 · 不参与实体赏罚,14192370,1420,A168_HF9F_20260827_0900,2026-08-27 09:00:00
2026-06-29,129130207,1353,0,832.1043557732,-285.8151756224,-285.8151756224,0.5000000,16,4,0.41237186199200386,0.185149075000,0.3560227706624719,1.6211944728952972,0.3560227706624719,0.22722278699200386,ELIGIBLE,R03b_20260811_FULL_v1,L1_ELIGIBILITY,v2026-08-11,2026-03-21..2026-08-06,baccarat_bet02_101_all_pairs_incl_sentinel,round_win = game_pnl > 0 (decisive only),COMPATIBILITY_ONLY_NOT_PRODUCTION,406609.1881,379631.3579,6638.5409,8714,2252,-0.01632659,-0.04432358,-0.00421410,-0.01632659,-6638.5409,406609.1881,OK,0.0000,265.5416,4.0000,96.0000,AG03-UNRESOLVED,ALL5_LEVELS_bet23_to_bet27,265.5416,265.5416,298.7343,298.7343,298.7343,4.000000,4.000000,4.500000,4.500000,4.500000,96.000000,96.000000,95.500000,95.500000,95.500000,5.0,1427.2863,1309.7925,5211.2546,5328.7484,PENDING_AG03,FALSE,NOT_FOR_ENFORCEMENT,6372.9992,364446.1036,6638.5409,6372.9992,265.5416,0.01632659,0.01567352,265.5416,6372.9992,0.01567352,265.5416,265.5416,298.7343,298.7343,298.7343,6372.9992,0.01567352,1427.2863,1309.7925,5211.2546,5328.7484,0.01281637,0.01310533,0.00065306,46.6616,168.5752,2.9478,99.0827,12.5730,6068.7939,33.6119,44.8794,47.4773,8.4329,14.3073,34.3462,193.1745,204.3903,207.7145,14.3073,-10.2195,14.285714,14.518058,3.261379,29,153,76,7,0.30198559,0.01632659,0.04432358,0E-8,0.000000,0.933652,0.003213,-0.04010948,2026-03-22,2026-08-05,67,528,415,137,0.489051,0.945283,0.961806,1.006619,,,,,,,,GLOBAL_BASELINE_NO_ENTITY_RANKING,,,NOT_APPLICABLE_GLOBAL_BASELINE,HF9g-P5,,,,X 全窗基线 · 不参与实体赏罚,14192371,1420,A168_HF9F_20260827_0900,2026-08-27 09:00:00
2026-06-29,129130207,1363,0,1026.1097148081,41.5429034333,41.5429034333,0.6666667,24,6,0.42217864285312698,0.186545450000,1.212518268455611,3.0190308192242385,1.212518268455611,0.23563319285312698,ELIGIBLE,R03b_20260811_FULL_v1,L1_ELIGIBILITY,v2026-08-11,2026-03-21..2026-08-06,baccarat_bet02_101_all_pairs_incl_sentinel,round_win = game_pnl > 0 (decisive only),COMPATIBILITY_ONLY_NOT_PRODUCTION,406609.1881,379631.3579,6638.5409,8714,2252,-0.01632659,-0.04432358,-0.00421410,-0.01632659,-6638.5409,406609.1881,OK,0.0000,265.5416,4.0000,96.0000,AG03-UNRESOLVED,ALL5_LEVELS_bet23_to_bet27,265.5416,265.5416,298.7343,298.7343,298.7343,4.000000,4.000000,4.500000,4.500000,4.500000,96.000000,96.000000,95.500000,95.500000,95.500000,5.0,1427.2863,1309.7925,5211.2546,5328.7484,PENDING_AG03,FALSE,NOT_FOR_ENFORCEMENT,6372.9992,364446.1036,6638.5409,6372.9992,265.5416,0.01632659,0.01567352,265.5416,6372.9992,0.01567352,265.5416,265.5416,298.7343,298.7343,298.7343,6372.9992,0.01567352,1427.2863,1309.7925,5211.2546,5328.7484,0.01281637,0.01310533,0.00065306,46.6616,168.5752,2.9478,99.0827,12.5730,6068.7939,33.6119,44.8794,47.4773,8.4329,14.3073,34.3462,193.1745,204.3903,207.7145,14.3073,-10.2195,14.285714,14.518058,3.261379,29,153,76,7,0.30198559,0.01632659,0.04432358,0E-8,0.000000,0.933652,0.003213,-0.04010948,2026-03-22,2026-08-05,67,528,415,137,0.489051,0.945283,0.961806,1.006619,,,,,,,,GLOBAL_BASELINE_NO_ENTITY_RANKING,,,NOT_APPLICABLE_GLOBAL_BASELINE,HF9g-P5,,,,X 全窗基线 · 不参与实体赏罚,14192372,1420,A168_HF9F_20260827_0900,2026-08-27 09:00:00
2026-06-29,129130207,1382,0,207.7145171676,-207.7145171676,-207.7145171676,0E-7,2,2,0.50665070000000000,0.506650700000,-1.4331513700195317,-1.4331513700195317,-1.4331513700195317,0E-17,ELIGIBLE,R03b_20260811_FULL_v1,L1_ELIGIBILITY,v2026-08-11,2026-03-21..2026-08-06,baccarat_bet02_101_all_pairs_incl_sentinel,round_win = game_pnl > 0 (decisive only),COMPATIBILITY_ONLY_NOT_PRODUCTION,406609.1881,379631.3579,6638.5409,8714,2252,-0.01632659,-0.04432358,-0.00421410,-0.01632659,-6638.5409,406609.1881,OK,0.0000,265.5416,4.0000,96.0000,AG03-UNRESOLVED,ALL5_LEVELS_bet23_to_bet27,265.5416,265.5416,298.7343,298.7343,298.7343,4.000000,4.000000,4.500000,4.500000,4.500000,96.000000,96.000000,95.500000,95.500000,95.500000,5.0,1427.2863,1309.7925,5211.2546,5328.7484,PENDING_AG03,FALSE,NOT_FOR_ENFORCEMENT,6372.9992,364446.1036,6638.5409,6372.9992,265.5416,0.01632659,0.01567352,265.5416,6372.9992,0.01567352,265.5416,265.5416,298.7343,298.7343,298.7343,6372.9992,0.01567352,1427.2863,1309.7925,5211.2546,5328.7484,0.01281637,0.01310533,0.00065306,46.6616,168.5752,2.9478,99.0827,12.5730,6068.7939,33.6119,44.8794,47.4773,8.4329,14.3073,34.3462,193.1745,204.3903,207.7145,14.3073,-10.2195,14.285714,14.518058,3.261379,29,153,76,7,0.30198559,0.01632659,0.04432358,0E-8,0.000000,0.933652,0.003213,-0.04010948,2026-03-22,2026-08-05,67,528,415,137,0.489051,0.945283,0.961806,1.006619,,,,,,,,GLOBAL_BASELINE_NO_ENTITY_RANKING,,,NOT_APPLICABLE_GLOBAL_BASELINE,HF9g-P5,,,,X 全窗基线 · 不参与实体赏罚,14192373,1420,A168_HF9F_20260827_0900,2026-08-27 09:00:00
2026-06-29,129130207,1385,0,2971.3561680828,704.7753567493,704.7753567493,0.7857143,56,14,0.42474854325263510,0.184311250000,2.732342845477375,5.80351986416188,2.732342845477375,0.24043729325263510,ELIGIBLE,R03b_20260811_FULL_v1,L1_ELIGIBILITY,v2026-08-11,2026-03-21..2026-08-06,baccarat_bet02_101_all_pairs_incl_sentinel,round_win = game_pnl > 0 (decisive only),COMPATIBILITY_ONLY_NOT_PRODUCTION,406609.1881,379631.3579,6638.5409,8714,2252,-0.01632659,-0.04432358,-0.00421410,-0.01632659,-6638.5409,406609.1881,OK,0.0000,265.5416,4.0000,96.0000,AG03-UNRESOLVED,ALL5_LEVELS_bet23_to_bet27,265.5416,265.5416,298.7343,298.7343,298.7343,4.000000,4.000000,4.500000,4.500000,4.500000,96.000000,96.000000,95.500000,95.500000,95.500000,5.0,1427.2863,1309.7925,5211.2546,5328.7484,PENDING_AG03,FALSE,NOT_FOR_ENFORCEMENT,6372.9992,364446.1036,6638.5409,6372.9992,265.5416,0.01632659,0.01567352,265.5416,6372.9992,0.01567352,265.5416,265.5416,298.7343,298.7343,298.7343,6372.9992,0.01567352,1427.2863,1309.7925,5211.2546,5328.7484,0.01281637,0.01310533,0.00065306,46.6616,168.5752,2.9478,99.0827,12.5730,6068.7939,33.6119,44.8794,47.4773,8.4329,14.3073,34.3462,193.1745,204.3903,207.7145,14.3073,-10.2195,14.285714,14.518058,3.261379,29,153,76,7,0.30198559,0.01632659,0.04432358,0E-8,0.000000,0.933652,0.003213,-0.04010948,2026-03-22,2026-08-05,67,528,415,137,0.489051,0.945283,0.961806,1.006619,,,,,,,,GLOBAL_BASELINE_NO_ENTITY_RANKING,,,NOT_APPLICABLE_GLOBAL_BASELINE,HF9g-P5,,,,X 全窗基线 · 不参与实体赏罚,14192374,1420,A168_HF9F_20260827_0900,2026-08-27 09:00:00
2026-06-29,129130207,1509,0,166.1716137341,97.1065367758,97.1065367758,1.0000000,4,1,0.42690366249985603,0.187662550000,1.158640956350534,2.080556102057424,1.158640956350534,0.23924111249985603,ELIGIBLE,R03b_20260811_FULL_v1,L1_ELIGIBILITY,v2026-08-11,2026-03-21..2026-08-06,baccarat_bet02_101_all_pairs_incl_sentinel,round_win = game_pnl > 0 (decisive only),COMPATIBILITY_ONLY_NOT_PRODUCTION,406609.1881,379631.3579,6638.5409,8714,2252,-0.01632659,-0.04432358,-0.00421410,-0.01632659,-6638.5409,406609.1881,OK,0.0000,265.5416,4.0000,96.0000,AG03-UNRESOLVED,ALL5_LEVELS_bet23_to_bet27,265.5416,265.5416,298.7343,298.7343,298.7343,4.000000,4.000000,4.500000,4.500000,4.500000,96.000000,96.000000,95.500000,95.500000,95.500000,5.0,1427.2863,1309.7925,5211.2546,5328.7484,PENDING_AG03,FALSE,NOT_FOR_ENFORCEMENT,6372.9992,364446.1036,6638.5409,6372.9992,265.5416,0.01632659,0.01567352,265.5416,6372.9992,0.01567352,265.5416,265.5416,298.7343,298.7343,298.7343,6372.9992,0.01567352,1427.2863,1309.7925,5211.2546,5328.7484,0.01281637,0.01310533,0.00065306,46.6616,168.5752,2.9478,99.0827,12.5730,6068.7939,33.6119,44.8794,47.4773,8.4329,14.3073,34.3462,193.1745,204.3903,207.7145,14.3073,-10.2195,14.285714,14.518058,3.261379,29,153,76,7,0.30198559,0.01632659,0.04432358,0E-8,0.000000,0.933652,0.003213,-0.04010948,2026-03-22,2026-08-05,67,528,415,137,0.489051,0.945283,0.961806,1.006619,,,,,,,,GLOBAL_BASELINE_NO_ENTITY_RANKING,,,NOT_APPLICABLE_GLOBAL_BASELINE,HF9g-P5,,,,X 全窗基线 · 不参与实体赏罚,14192375,1420,A168_HF9F_20260827_0900,2026-08-27 09:00:00
2026-06-29,129130207,1654,0,822.5494879838,-174.4801944209,-174.4801944209,0.5000000,16,4,0.43429790459239971,0.187662550000,0.2651071589133222,1.5999153738352345,0.2651071589133222,0.24663535459239971,ELIGIBLE,R03b_20260811_FULL_v1,L1_ELIGIBILITY,v2026-08-11,2026-03-21..2026-08-06,baccarat_bet02_101_all_pairs_incl_sentinel,round_win = game_pnl > 0 (decisive only),COMPATIBILITY_ONLY_NOT_PRODUCTION,406609.1881,379631.3579,6638.5409,8714,2252,-0.01632659,-0.04432358,-0.00421410,-0.01632659,-6638.5409,406609.1881,OK,0.0000,265.5416,4.0000,96.0000,AG03-UNRESOLVED,ALL5_LEVELS_bet23_to_bet27,265.5416,265.5416,298.7343,298.7343,298.7343,4.000000,4.000000,4.500000,4.500000,4.500000,96.000000,96.000000,95.500000,95.500000,95.500000,5.0,1427.2863,1309.7925,5211.2546,5328.7484,PENDING_AG03,FALSE,NOT_FOR_ENFORCEMENT,6372.9992,364446.1036,6638.5409,6372.9992,265.5416,0.01632659,0.01567352,265.5416,6372.9992,0.01567352,265.5416,265.5416,298.7343,298.7343,298.7343,6372.9992,0.01567352,1427.2863,1309.7925,5211.2546,5328.7484,0.01281637,0.01310533,0.00065306,46.6616,168.5752,2.9478,99.0827,12.5730,6068.7939,33.6119,44.8794,47.4773,8.4329,14.3073,34.3462,193.1745,204.3903,207.7145,14.3073,-10.2195,14.285714,14.518058,3.261379,29,153,76,7,0.30198559,0.01632659,0.04432358,0E-8,0.000000,0.933652,0.003213,-0.04010948,2026-03-22,2026-08-05,67,528,415,137,0.489051,0.945283,0.961806,1.006619,,,,,,,,GLOBAL_BASELINE_NO_ENTITY_RANKING,,,NOT_APPLICABLE_GLOBAL_BASELINE,HF9g-P5,,,,X 全窗基线 · 不参与实体赏罚,14192376,1420,A168_HF9F_20260827_0900,2026-08-27 09:00:00
2026-06-29,129130207,1941,0,1314.8328936708,147.0618781547,147.0618781547,0.6666667,24,6,0.43300627585578987,0.187662550000,1.1551130823752,3.0050923762683768,1.1551130823752,0.24534372585578987,ELIGIBLE,R03b_20260811_FULL_v1,L1_ELIGIBILITY,v2026-08-11,2026-03-21..2026-08-06,baccarat_bet02_101_all_pairs_incl_sentinel,round_win = game_pnl > 0 (decisive only),COMPATIBILITY_ONLY_NOT_PRODUCTION,406609.1881,379631.3579,6638.5409,8714,2252,-0.01632659,-0.04432358,-0.00421410,-0.01632659,-6638.5409,406609.1881,OK,0.0000,265.5416,4.0000,96.0000,AG03-UNRESOLVED,ALL5_LEVELS_bet23_to_bet27,265.5416,265.5416,298.7343,298.7343,298.7343,4.000000,4.000000,4.500000,4.500000,4.500000,96.000000,96.000000,95.500000,95.500000,95.500000,5.0,1427.2863,1309.7925,5211.2546,5328.7484,PENDING_AG03,FALSE,NOT_FOR_ENFORCEMENT,6372.9992,364446.1036,6638.5409,6372.9992,265.5416,0.01632659,0.01567352,265.5416,6372.9992,0.01567352,265.5416,265.5416,298.7343,298.7343,298.7343,6372.9992,0.01567352,1427.2863,1309.7925,5211.2546,5328.7484,0.01281637,0.01310533,0.00065306,46.6616,168.5752,2.9478,99.0827,12.5730,6068.7939,33.6119,44.8794,47.4773,8.4329,14.3073,34.3462,193.1745,204.3903,207.7145,14.3073,-10.2195,14.285714,14.518058,3.261379,29,153,76,7,0.30198559,0.01632659,0.04432358,0E-8,0.000000,0.933652,0.003213,-0.04010948,2026-03-22,2026-08-05,67,528,415,137,0.489051,0.945283,0.961806,1.006619,,,,,,,,GLOBAL_BASELINE_NO_ENTITY_RANKING,,,NOT_APPLICABLE_GLOBAL_BASELINE,HF9g-P5,,,,X 全窗基线 · 不参与实体赏罚,14192377,1420,A168_HF9F_20260827_0900,2026-08-27 09:00:00
2026-06-29,129130207,1951,0,1766.4042539930,-988.7211017175,-988.7211017175,0.3750000,32,8,0.41916838643414104,0.187662550000,-0.2531845170585516,1.357102197004906,-0.2531845170585516,0.23150583643414104,ELIGIBLE,R03b_20260811_FULL_v1,L1_ELIGIBILITY,v2026-08-11,2026-03-21..2026-08-06,baccarat_bet02_101_all_pairs_incl_sentinel,round_win = game_pnl > 0 (decisive only),COMPATIBILITY_ONLY_NOT_PRODUCTION,406609.1881,379631.3579,6638.5409,8714,2252,-0.01632659,-0.04432358,-0.00421410,-0.01632659,-6638.5409,406609.1881,OK,0.0000,265.5416,4.0000,96.0000,AG03-UNRESOLVED,ALL5_LEVELS_bet23_to_bet27,265.5416,265.5416,298.7343,298.7343,298.7343,4.000000,4.000000,4.500000,4.500000,4.500000,96.000000,96.000000,95.500000,95.500000,95.500000,5.0,1427.2863,1309.7925,5211.2546,5328.7484,PENDING_AG03,FALSE,NOT_FOR_ENFORCEMENT,6372.9992,364446.1036,6638.5409,6372.9992,265.5416,0.01632659,0.01567352,265.5416,6372.9992,0.01567352,265.5416,265.5416,298.7343,298.7343,298.7343,6372.9992,0.01567352,1427.2863,1309.7925,5211.2546,5328.7484,0.01281637,0.01310533,0.00065306,46.6616,168.5752,2.9478,99.0827,12.5730,6068.7939,33.6119,44.8794,47.4773,8.4329,14.3073,34.3462,193.1745,204.3903,207.7145,14.3073,-10.2195,14.285714,14.518058,3.261379,29,153,76,7,0.30198559,0.01632659,0.04432358,0E-8,0.000000,0.933652,0.003213,-0.04010948,2026-03-22,2026-08-05,67,528,415,137,0.489051,0.945283,0.961806,1.006619,,,,,,,,GLOBAL_BASELINE_NO_ENTITY_RANKING,,,NOT_APPLICABLE_GLOBAL_BASELINE,HF9g-P5,,,,X 全窗基线 · 不参与实体赏罚,14192378,1420,A168_HF9F_20260827_0900,2026-08-27 09:00:00
2026-06-29,129130207,1963,0,128.7830006439,-128.7830006439,-128.7830006439,0E-7,4,1,0.42433117741938680,0.187662550000,-0.8585510358702203,-0.48064072822218945,-0.8585510358702203,0.23666862741938680,ELIGIBLE,R03b_20260811_FULL_v1,L1_ELIGIBILITY,v2026-08-11,2026-03-21..2026-08-06,baccarat_bet02_101_all_pairs_incl_sentinel,round_win = game_pnl > 0 (decisive only),COMPATIBILITY_ONLY_NOT_PRODUCTION,406609.1881,379631.3579,6638.5409,8714,2252,-0.01632659,-0.04432358,-0.00421410,-0.01632659,-6638.5409,406609.1881,OK,0.0000,265.5416,4.0000,96.0000,AG03-UNRESOLVED,ALL5_LEVELS_bet23_to_bet27,265.5416,265.5416,298.7343,298.7343,298.7343,4.000000,4.000000,4.500000,4.500000,4.500000,96.000000,96.000000,95.500000,95.500000,95.500000,5.0,1427.2863,1309.7925,5211.2546,5328.7484,PENDING_AG03,FALSE,NOT_FOR_ENFORCEMENT,6372.9992,364446.1036,6638.5409,6372.9992,265.5416,0.01632659,0.01567352,265.5416,6372.9992,0.01567352,265.5416,265.5416,298.7343,298.7343,298.7343,6372.9992,0.01567352,1427.2863,1309.7925,5211.2546,5328.7484,0.01281637,0.01310533,0.00065306,46.6616,168.5752,2.9478,99.0827,12.5730,6068.7939,33.6119,44.8794,47.4773,8.4329,14.3073,34.3462,193.1745,204.3903,207.7145,14.3073,-10.2195,14.285714,14.518058,3.261379,29,153,76,7,0.30198559,0.01632659,0.04432358,0E-8,0.000000,0.933652,0.003213,-0.04010948,2026-03-22,2026-08-05,67,528,415,137,0.489051,0.945283,0.961806,1.006619,,,,,,,,GLOBAL_BASELINE_NO_ENTITY_RANKING,,,NOT_APPLICABLE_GLOBAL_BASELINE,HF9g-P5,,,,X 全窗基线 · 不参与实体赏罚,14192379,1420,A168_HF9F_20260827_0900,2026-08-27 09:00:00
2026-06-29,129130207,1994,0,1780.1134121267,326.1117919529,326.1117919529,0.5714286,28,7,0.41849921193181001,0.184311250000,0.820195559179252,2.6415173379502432,0.820195559179252,0.23418796193181001,ELIGIBLE,R03b_20260811_FULL_v1,L1_ELIGIBILITY,v2026-08-11,2026-03-21..2026-08-06,baccarat_bet02_101_all_pairs_incl_sentinel,round_win = game_pnl > 0 (decisive only),COMPATIBILITY_ONLY_NOT_PRODUCTION,406609.1881,379631.3579,6638.5409,8714,2252,-0.01632659,-0.04432358,-0.00421410,-0.01632659,-6638.5409,406609.1881,OK,0.0000,265.5416,4.0000,96.0000,AG03-UNRESOLVED,ALL5_LEVELS_bet23_to_bet27,265.5416,265.5416,298.7343,298.7343,298.7343,4.000000,4.000000,4.500000,4.500000,4.500000,96.000000,96.000000,95.500000,95.500000,95.500000,5.0,1427.2863,1309.7925,5211.2546,5328.7484,PENDING_AG03,FALSE,NOT_FOR_ENFORCEMENT,6372.9992,364446.1036,6638.5409,6372.9992,265.5416,0.01632659,0.01567352,265.5416,6372.9992,0.01567352,265.5416,265.5416,298.7343,298.7343,298.7343,6372.9992,0.01567352,1427.2863,1309.7925,5211.2546,5328.7484,0.01281637,0.01310533,0.00065306,46.6616,168.5752,2.9478,99.0827,12.5730,6068.7939,33.6119,44.8794,47.4773,8.4329,14.3073,34.3462,193.1745,204.3903,207.7145,14.3073,-10.2195,14.285714,14.518058,3.261379,29,153,76,7,0.30198559,0.01632659,0.04432358,0E-8,0.000000,0.933652,0.003213,-0.04010948,2026-03-22,2026-08-05,67,528,415,137,0.489051,0.945283,0.961806,1.006619,,,,,,,,GLOBAL_BASELINE_NO_ENTITY_RANKING,,,NOT_APPLICABLE_GLOBAL_BASELINE,HF9g-P5,,,,X 全窗基线 · 不参与实体赏罚,14192380,1420,A168_HF9F_20260827_0900,2026-08-27 09:00:00
2026-06-29,129130207,2101,0,2151.9223978561,469.4348087991,469.4348087991,0.6666667,36,9,0.41780300527302697,0.184311250000,1.5137772763659594,3.732074082784272,1.5137772763659594,0.23349175527302697,ELIGIBLE,R03b_20260811_FULL_v1,L1_ELIGIBILITY,v2026-08-11,2026-03-21..2026-08-06,baccarat_bet02_101_all_pairs_incl_sentinel,round_win = game_pnl > 0 (decisive only),COMPATIBILITY_ONLY_NOT_PRODUCTION,406609.1881,379631.3579,6638.5409,8714,2252,-0.01632659,-0.04432358,-0.00421410,-0.01632659,-6638.5409,406609.1881,OK,0.0000,265.5416,4.0000,96.0000,AG03-UNRESOLVED,ALL5_LEVELS_bet23_to_bet27,265.5416,265.5416,298.7343,298.7343,298.7343,4.000000,4.000000,4.500000,4.500000,4.500000,96.000000,96.000000,95.500000,95.500000,95.500000,5.0,1427.2863,1309.7925,5211.2546,5328.7484,PENDING_AG03,FALSE,NOT_FOR_ENFORCEMENT,6372.9992,364446.1036,6638.5409,6372.9992,265.5416,0.01632659,0.01567352,265.5416,6372.9992,0.01567352,265.5416,265.5416,298.7343,298.7343,298.7343,6372.9992,0.01567352,1427.2863,1309.7925,5211.2546,5328.7484,0.01281637,0.01310533,0.00065306,46.6616,168.5752,2.9478,99.0827,12.5730,6068.7939,33.6119,44.8794,47.4773,8.4329,14.3073,34.3462,193.1745,204.3903,207.7145,14.3073,-10.2195,14.285714,14.518058,3.261379,29,153,76,7,0.30198559,0.01632659,0.04432358,0E-8,0.000000,0.933652,0.003213,-0.04010948,2026-03-22,2026-08-05,67,528,415,137,0.489051,0.945283,0.961806,1.006619,,,,,,,,GLOBAL_BASELINE_NO_ENTITY_RANKING,,,NOT_APPLICABLE_GLOBAL_BASELINE,HF9g-P5,,,,X 全窗基线 · 不参与实体赏罚,14192381,1420,A168_HF9F_20260827_0900,2026-08-27 09:00:00
2026-06-29,129130207,2106,0,220.1773881978,-220.1773881978,-220.1773881978,0E-7,5,2,0.48386583214262209,0.347156625000,-1.3692923147622378,-1.0312719989751231,-1.3692923147622378,0.13670920714262209,ELIGIBLE,R03b_20260811_FULL_v1,L1_ELIGIBILITY,v2026-08-11,2026-03-21..2026-08-06,baccarat_bet02_101_all_pairs_incl_sentinel,round_win = game_pnl > 0 (decisive only),COMPATIBILITY_ONLY_NOT_PRODUCTION,406609.1881,379631.3579,6638.5409,8714,2252,-0.01632659,-0.04432358,-0.00421410,-0.01632659,-6638.5409,406609.1881,OK,0.0000,265.5416,4.0000,96.0000,AG03-UNRESOLVED,ALL5_LEVELS_bet23_to_bet27,265.5416,265.5416,298.7343,298.7343,298.7343,4.000000,4.000000,4.500000,4.500000,4.500000,96.000000,96.000000,95.500000,95.500000,95.500000,5.0,1427.2863,1309.7925,5211.2546,5328.7484,PENDING_AG03,FALSE,NOT_FOR_ENFORCEMENT,6372.9992,364446.1036,6638.5409,6372.9992,265.5416,0.01632659,0.01567352,265.5416,6372.9992,0.01567352,265.5416,265.5416,298.7343,298.7343,298.7343,6372.9992,0.01567352,1427.2863,1309.7925,5211.2546,5328.7484,0.01281637,0.01310533,0.00065306,46.6616,168.5752,2.9478,99.0827,12.5730,6068.7939,33.6119,44.8794,47.4773,8.4329,14.3073,34.3462,193.1745,204.3903,207.7145,14.3073,-10.2195,14.285714,14.518058,3.261379,29,153,76,7,0.30198559,0.01632659,0.04432358,0E-8,0.000000,0.933652,0.003213,-0.04010948,2026-03-22,2026-08-05,67,528,415,137,0.489051,0.945283,0.961806,1.006619,,,,,,,,GLOBAL_BASELINE_NO_ENTITY_RANKING,,,NOT_APPLICABLE_GLOBAL_BASELINE,HF9g-P5,,,,X 全窗基线 · 不参与实体赏罚,14192382,1420,A168_HF9F_20260827_0900,2026-08-27 09:00:00
2026-06-29,129130207,2127,0,2571.5057225347,492.2834056873,492.2834056873,0.6363636,44,11,0.42807060187286557,0.187662550000,1.3961824596339518,3.811504345705201,1.3961824596339518,0.24040805187286557,ELIGIBLE,R03b_20260811_FULL_v1,L1_ELIGIBILITY,v2026-08-11,2026-03-21..2026-08-06,baccarat_bet02_101_all_pairs_incl_sentinel,round_win = game_pnl > 0 (decisive only),COMPATIBILITY_ONLY_NOT_PRODUCTION,406609.1881,379631.3579,6638.5409,8714,2252,-0.01632659,-0.04432358,-0.00421410,-0.01632659,-6638.5409,406609.1881,OK,0.0000,265.5416,4.0000,96.0000,AG03-UNRESOLVED,ALL5_LEVELS_bet23_to_bet27,265.5416,265.5416,298.7343,298.7343,298.7343,4.000000,4.000000,4.500000,4.500000,4.500000,96.000000,96.000000,95.500000,95.500000,95.500000,5.0,1427.2863,1309.7925,5211.2546,5328.7484,PENDING_AG03,FALSE,NOT_FOR_ENFORCEMENT,6372.9992,364446.1036,6638.5409,6372.9992,265.5416,0.01632659,0.01567352,265.5416,6372.9992,0.01567352,265.5416,265.5416,298.7343,298.7343,298.7343,6372.9992,0.01567352,1427.2863,1309.7925,5211.2546,5328.7484,0.01281637,0.01310533,0.00065306,46.6616,168.5752,2.9478,99.0827,12.5730,6068.7939,33.6119,44.8794,47.4773,8.4329,14.3073,34.3462,193.1745,204.3903,207.7145,14.3073,-10.2195,14.285714,14.518058,3.261379,29,153,76,7,0.30198559,0.01632659,0.04432358,0E-8,0.000000,0.933652,0.003213,-0.04010948,2026-03-22,2026-08-05,67,528,415,137,0.489051,0.945283,0.961806,1.006619,,,,,,,,GLOBAL_BASELINE_NO_ENTITY_RANKING,,,NOT_APPLICABLE_GLOBAL_BASELINE,HF9g-P5,,,,X 全窗基线 · 不参与实体赏罚,14192383,1420,A168_HF9F_20260827_0900,2026-08-27 09:00:00
2026-06-29,129130207,2145,0,523.4405832623,-249.2574206011,-249.2574206011,0.3333333,12,3,0.43700798937876391,0.184311250000,-0.36202405305935104,0.6656916345198051,-0.36202405305935104,0.25269673937876391,ELIGIBLE,R03b_20260811_FULL_v1,L1_ELIGIBILITY,v2026-08-11,2026-03-21..2026-08-06,baccarat_bet02_101_all_pairs_incl_sentinel,round_win = game_pnl > 0 (decisive only),COMPATIBILITY_ONLY_NOT_PRODUCTION,406609.1881,379631.3579,6638.5409,8714,2252,-0.01632659,-0.04432358,-0.00421410,-0.01632659,-6638.5409,406609.1881,OK,0.0000,265.5416,4.0000,96.0000,AG03-UNRESOLVED,ALL5_LEVELS_bet23_to_bet27,265.5416,265.5416,298.7343,298.7343,298.7343,4.000000,4.000000,4.500000,4.500000,4.500000,96.000000,96.000000,95.500000,95.500000,95.500000,5.0,1427.2863,1309.7925,5211.2546,5328.7484,PENDING_AG03,FALSE,NOT_FOR_ENFORCEMENT,6372.9992,364446.1036,6638.5409,6372.9992,265.5416,0.01632659,0.01567352,265.5416,6372.9992,0.01567352,265.5416,265.5416,298.7343,298.7343,298.7343,6372.9992,0.01567352,1427.2863,1309.7925,5211.2546,5328.7484,0.01281637,0.01310533,0.00065306,46.6616,168.5752,2.9478,99.0827,12.5730,6068.7939,33.6119,44.8794,47.4773,8.4329,14.3073,34.3462,193.1745,204.3903,207.7145,14.3073,-10.2195,14.285714,14.518058,3.261379,29,153,76,7,0.30198559,0.01632659,0.04432358,0E-8,0.000000,0.933652,0.003213,-0.04010948,2026-03-22,2026-08-05,67,528,415,137,0.489051,0.945283,0.961806,1.006619,,,,,,,,GLOBAL_BASELINE_NO_ENTITY_RANKING,,,NOT_APPLICABLE_GLOBAL_BASELINE,HF9g-P5,,,,X 全窗基线 · 不参与实体赏罚,14192384,1420,A168_HF9F_20260827_0900,2026-08-27 09:00:00
2026-06-29,129130207,2170,0,762.3122780049,-423.7376150217,-423.7376150217,0.3333333,12,3,0.42900692634334302,0.187662550000,-0.3348151795805012,0.6462135179418145,-0.3348151795805012,0.24134437634334302,ELIGIBLE,R03b_20260811_FULL_v1,L1_ELIGIBILITY,v2026-08-11,2026-03-21..2026-08-06,baccarat_bet02_101_all_pairs_incl_sentinel,round_win = game_pnl > 0 (decisive only),COMPATIBILITY_ONLY_NOT_PRODUCTION,406609.1881,379631.3579,6638.5409,8714,2252,-0.01632659,-0.04432358,-0.00421410,-0.01632659,-6638.5409,406609.1881,OK,0.0000,265.5416,4.0000,96.0000,AG03-UNRESOLVED,ALL5_LEVELS_bet23_to_bet27,265.5416,265.5416,298.7343,298.7343,298.7343,4.000000,4.000000,4.500000,4.500000,4.500000,96.000000,96.000000,95.500000,95.500000,95.500000,5.0,1427.2863,1309.7925,5211.2546,5328.7484,PENDING_AG03,FALSE,NOT_FOR_ENFORCEMENT,6372.9992,364446.1036,6638.5409,6372.9992,265.5416,0.01632659,0.01567352,265.5416,6372.9992,0.01567352,265.5416,265.5416,298.7343,298.7343,298.7343,6372.9992,0.01567352,1427.2863,1309.7925,5211.2546,5328.7484,0.01281637,0.01310533,0.00065306,46.6616,168.5752,2.9478,99.0827,12.5730,6068.7939,33.6119,44.8794,47.4773,8.4329,14.3073,34.3462,193.1745,204.3903,207.7145,14.3073,-10.2195,14.285714,14.518058,3.261379,29,153,76,7,0.30198559,0.01632659,0.04432358,0E-8,0.000000,0.933652,0.003213,-0.04010948,2026-03-22,2026-08-05,67,528,415,137,0.489051,0.945283,0.961806,1.006619,,,,,,,,GLOBAL_BASELINE_NO_ENTITY_RANKING,,,NOT_APPLICABLE_GLOBAL_BASELINE,HF9g-P5,,,,X 全窗基线 · 不参与实体赏罚,14192385,1420,A168_HF9F_20260827_0900,2026-08-27 09:00:00
2026-06-29,129130207,2188,0,744.4488295289,-208.5453752365,-208.5453752365,0.2500000,16,4,0.42395868041123844,0.184311250000,-0.7040240838477633,0.3388307638375166,-0.7040240838477633,0.23964743041123844,ELIGIBLE,R03b_20260811_FULL_v1,L1_ELIGIBILITY,v2026-08-11,2026-03-21..2026-08-06,baccarat_bet02_101_all_pairs_incl_sentinel,round_win = game_pnl > 0 (decisive only),COMPATIBILITY_ONLY_NOT_PRODUCTION,406609.1881,379631.3579,6638.5409,8714,2252,-0.01632659,-0.04432358,-0.00421410,-0.01632659,-6638.5409,406609.1881,OK,0.0000,265.5416,4.0000,96.0000,AG03-UNRESOLVED,ALL5_LEVELS_bet23_to_bet27,265.5416,265.5416,298.7343,298.7343,298.7343,4.000000,4.000000,4.500000,4.500000,4.500000,96.000000,96.000000,95.500000,95.500000,95.500000,5.0,1427.2863,1309.7925,5211.2546,5328.7484,PENDING_AG03,FALSE,NOT_FOR_ENFORCEMENT,6372.9992,364446.1036,6638.5409,6372.9992,265.5416,0.01632659,0.01567352,265.5416,6372.9992,0.01567352,265.5416,265.5416,298.7343,298.7343,298.7343,6372.9992,0.01567352,1427.2863,1309.7925,5211.2546,5328.7484,0.01281637,0.01310533,0.00065306,46.6616,168.5752,2.9478,99.0827,12.5730,6068.7939,33.6119,44.8794,47.4773,8.4329,14.3073,34.3462,193.1745,204.3903,207.7145,14.3073,-10.2195,14.285714,14.518058,3.261379,29,153,76,7,0.30198559,0.01632659,0.04432358,0E-8,0.000000,0.933652,0.003213,-0.04010948,2026-03-22,2026-08-05,67,528,415,137,0.489051,0.945283,0.961806,1.006619,,,,,,,,GLOBAL_BASELINE_NO_ENTITY_RANKING,,,NOT_APPLICABLE_GLOBAL_BASELINE,HF9g-P5,,,,X 全窗基线 · 不参与实体赏罚,14192386,1420,A168_HF9F_20260827_0900,2026-08-27 09:00:00
2026-06-29,129130207,2210,0,135.0144361590,-135.0144361590,-135.0144361590,0E-7,4,1,0.40850049999985461,0.187662550000,-0.8310345987540471,-0.48064072822218945,-0.8310345987540471,0.22083794999985461,ELIGIBLE,R03b_20260811_FULL_v1,L1_ELIGIBILITY,v2026-08-11,2026-03-21..2026-08-06,baccarat_bet02_101_all_pairs_incl_sentinel,round_win = game_pnl > 0 (decisive only),COMPATIBILITY_ONLY_NOT_PRODUCTION,406609.1881,379631.3579,6638.5409,8714,2252,-0.01632659,-0.04432358,-0.00421410,-0.01632659,-6638.5409,406609.1881,OK,0.0000,265.5416,4.0000,96.0000,AG03-UNRESOLVED,ALL5_LEVELS_bet23_to_bet27,265.5416,265.5416,298.7343,298.7343,298.7343,4.000000,4.000000,4.500000,4.500000,4.500000,96.000000,96.000000,95.500000,95.500000,95.500000,5.0,1427.2863,1309.7925,5211.2546,5328.7484,PENDING_AG03,FALSE,NOT_FOR_ENFORCEMENT,6372.9992,364446.1036,6638.5409,6372.9992,265.5416,0.01632659,0.01567352,265.5416,6372.9992,0.01567352,265.5416,265.5416,298.7343,298.7343,298.7343,6372.9992,0.01567352,1427.2863,1309.7925,5211.2546,5328.7484,0.01281637,0.01310533,0.00065306,46.6616,168.5752,2.9478,99.0827,12.5730,6068.7939,33.6119,44.8794,47.4773,8.4329,14.3073,34.3462,193.1745,204.3903,207.7145,14.3073,-10.2195,14.285714,14.518058,3.261379,29,153,76,7,0.30198559,0.01632659,0.04432358,0E-8,0.000000,0.933652,0.003213,-0.04010948,2026-03-22,2026-08-05,67,528,415,137,0.489051,0.945283,0.961806,1.006619,,,,,,,,GLOBAL_BASELINE_NO_ENTITY_RANKING,,,NOT_APPLICABLE_GLOBAL_BASELINE,HF9g-P5,,,,X 全窗基线 · 不参与实体赏罚,14192387,1420,A168_HF9F_20260827_0900,2026-08-27 09:00:00
2026-06-29,129130207,2251,0,848.3060881124,28.5192032073,28.5192032073,0.5000000,16,4,0.42559256498149466,0.187662550000,0.3009811428454392,1.5999153738352345,0.3009811428454392,0.23793001498149466,ELIGIBLE,R03b_20260811_FULL_v1,L1_ELIGIBILITY,v2026-08-11,2026-03-21..2026-08-06,baccarat_bet02_101_all_pairs_incl_sentinel,round_win = game_pnl > 0 (decisive only),COMPATIBILITY_ONLY_NOT_PRODUCTION,406609.1881,379631.3579,6638.5409,8714,2252,-0.01632659,-0.04432358,-0.00421410,-0.01632659,-6638.5409,406609.1881,OK,0.0000,265.5416,4.0000,96.0000,AG03-UNRESOLVED,ALL5_LEVELS_bet23_to_bet27,265.5416,265.5416,298.7343,298.7343,298.7343,4.000000,4.000000,4.500000,4.500000,4.500000,96.000000,96.000000,95.500000,95.500000,95.500000,5.0,1427.2863,1309.7925,5211.2546,5328.7484,PENDING_AG03,FALSE,NOT_FOR_ENFORCEMENT,6372.9992,364446.1036,6638.5409,6372.9992,265.5416,0.01632659,0.01567352,265.5416,6372.9992,0.01567352,265.5416,265.5416,298.7343,298.7343,298.7343,6372.9992,0.01567352,1427.2863,1309.7925,5211.2546,5328.7484,0.01281637,0.01310533,0.00065306,46.6616,168.5752,2.9478,99.0827,12.5730,6068.7939,33.6119,44.8794,47.4773,8.4329,14.3073,34.3462,193.1745,204.3903,207.7145,14.3073,-10.2195,14.285714,14.518058,3.261379,29,153,76,7,0.30198559,0.01632659,0.04432358,0E-8,0.000000,0.933652,0.003213,-0.04010948,2026-03-22,2026-08-05,67,528,415,137,0.489051,0.945283,0.961806,1.006619,,,,,,,,GLOBAL_BASELINE_NO_ENTITY_RANKING,,,NOT_APPLICABLE_GLOBAL_BASELINE,HF9g-P5,,,,X 全窗基线 · 不参与实体赏罚,14192388,1420,A168_HF9F_20260827_0900,2026-08-27 09:00:00
2026-06-29,129130207,2252,0,1867.7689383713,128.2429428991,128.2429428991,0.6363636,35,11,0.45974002065835565,0.274659318182,1.1754050690630007,2.687706547254191,1.1754050690630007,0.18508070247635565,ELIGIBLE,R03b_20260811_FULL_v1,L1_ELIGIBILITY,v2026-08-11,2026-03-21..2026-08-06,baccarat_bet02_101_all_pairs_incl_sentinel,round_win = game_pnl > 0 (decisive only),COMPATIBILITY_ONLY_NOT_PRODUCTION,406609.1881,379631.3579,6638.5409,8714,2252,-0.01632659,-0.04432358,-0.00421410,-0.01632659,-6638.5409,406609.1881,OK,0.0000,265.5416,4.0000,96.0000,AG03-UNRESOLVED,ALL5_LEVELS_bet23_to_bet27,265.5416,265.5416,298.7343,298.7343,298.7343,4.000000,4.000000,4.500000,4.500000,4.500000,96.000000,96.000000,95.500000,95.500000,95.500000,5.0,1427.2863,1309.7925,5211.2546,5328.7484,PENDING_AG03,FALSE,NOT_FOR_ENFORCEMENT,6372.9992,364446.1036,6638.5409,6372.9992,265.5416,0.01632659,0.01567352,265.5416,6372.9992,0.01567352,265.5416,265.5416,298.7343,298.7343,298.7343,6372.9992,0.01567352,1427.2863,1309.7925,5211.2546,5328.7484,0.01281637,0.01310533,0.00065306,46.6616,168.5752,2.9478,99.0827,12.5730,6068.7939,33.6119,44.8794,47.4773,8.4329,14.3073,34.3462,193.1745,204.3903,207.7145,14.3073,-10.2195,14.285714,14.518058,3.261379,29,153,76,7,0.30198559,0.01632659,0.04432358,0E-8,0.000000,0.933652,0.003213,-0.04010948,2026-03-22,2026-08-05,67,528,415,137,0.489051,0.945283,0.961806,1.006619,,,,,,,,GLOBAL_BASELINE_NO_ENTITY_RANKING,,,NOT_APPLICABLE_GLOBAL_BASELINE,HF9g-P5,,,,X 全窗基线 · 不参与实体赏罚,14192389,1420,A168_HF9F_20260827_0900,2026-08-27 09:00:00
2026-06-29,129130207,462,0,743.6179714601,54.0057744635,54.0057744635,0.6666667,12,3,0.41848205690355442,0.184311250000,0.8713958625493108,2.154713976331125,0.8713958625493108,0.23417080690355442,ELIGIBLE,R03b_20260811_FULL_v1,L1_ELIGIBILITY,v2026-08-11,2026-03-21..2026-08-06,baccarat_bet02_101_all_pairs_incl_sentinel,round_win = game_pnl > 0 (decisive only),COMPATIBILITY_ONLY_NOT_PRODUCTION,406609.1881,379631.3579,6638.5409,8714,2252,-0.01632659,-0.04432358,-0.00421410,-0.01632659,-6638.5409,406609.1881,OK,0.0000,265.5416,4.0000,96.0000,AG03-UNRESOLVED,ALL5_LEVELS_bet23_to_bet27,265.5416,265.5416,298.7343,298.7343,298.7343,4.000000,4.000000,4.500000,4.500000,4.500000,96.000000,96.000000,95.500000,95.500000,95.500000,5.0,1427.2863,1309.7925,5211.2546,5328.7484,PENDING_AG03,FALSE,NOT_FOR_ENFORCEMENT,6372.9992,364446.1036,6638.5409,6372.9992,265.5416,0.01632659,0.01567352,265.5416,6372.9992,0.01567352,265.5416,265.5416,298.7343,298.7343,298.7343,6372.9992,0.01567352,1427.2863,1309.7925,5211.2546,5328.7484,0.01281637,0.01310533,0.00065306,46.6616,168.5752,2.9478,99.0827,12.5730,6068.7939,33.6119,44.8794,47.4773,8.4329,14.3073,34.3462,193.1745,204.3903,207.7145,14.3073,-10.2195,14.285714,14.518058,3.261379,29,153,76,7,0.30198559,0.01632659,0.04432358,0E-8,0.000000,0.933652,0.003213,-0.04010948,2026-03-22,2026-08-05,67,528,415,137,0.489051,0.945283,0.961806,1.006619,,,,,,,,GLOBAL_BASELINE_NO_ENTITY_RANKING,,,NOT_APPLICABLE_GLOBAL_BASELINE,HF9g-P5,,,,X 全窗基线 · 不参与实体赏罚,14192390,1420,A168_HF9F_20260827_0900,2026-08-27 09:00:00
2026-06-29,129130207,529,0,4019.2759071934,922.2524562239,922.2524562239,0.6875000,66,16,0.41297079971895034,0.181743156250,2.230278057355573,5.245995375227857,2.230278057355573,0.23122764346895034,ELIGIBLE,R03b_20260811_FULL_v1,L1_ELIGIBILITY,v2026-08-11,2026-03-21..2026-08-06,baccarat_bet02_101_all_pairs_incl_sentinel,round_win = game_pnl > 0 (decisive only),COMPATIBILITY_ONLY_NOT_PRODUCTION,406609.1881,379631.3579,6638.5409,8714,2252,-0.01632659,-0.04432358,-0.00421410,-0.01632659,-6638.5409,406609.1881,OK,0.0000,265.5416,4.0000,96.0000,AG03-UNRESOLVED,ALL5_LEVELS_bet23_to_bet27,265.5416,265.5416,298.7343,298.7343,298.7343,4.000000,4.000000,4.500000,4.500000,4.500000,96.000000,96.000000,95.500000,95.500000,95.500000,5.0,1427.2863,1309.7925,5211.2546,5328.7484,PENDING_AG03,FALSE,NOT_FOR_ENFORCEMENT,6372.9992,364446.1036,6638.5409,6372.9992,265.5416,0.01632659,0.01567352,265.5416,6372.9992,0.01567352,265.5416,265.5416,298.7343,298.7343,298.7343,6372.9992,0.01567352,1427.2863,1309.7925,5211.2546,5328.7484,0.01281637,0.01310533,0.00065306,46.6616,168.5752,2.9478,99.0827,12.5730,6068.7939,33.6119,44.8794,47.4773,8.4329,14.3073,34.3462,193.1745,204.3903,207.7145,14.3073,-10.2195,14.285714,14.518058,3.261379,29,153,76,7,0.30198559,0.01632659,0.04432358,0E-8,0.000000,0.933652,0.003213,-0.04010948,2026-03-22,2026-08-05,67,528,415,137,0.489051,0.945283,0.961806,1.006619,,,,,,,,GLOBAL_BASELINE_NO_ENTITY_RANKING,,,NOT_APPLICABLE_GLOBAL_BASELINE,HF9g-P5,,,,X 全窗基线 · 不参与实体赏罚,14192391,1420,A168_HF9F_20260827_0900,2026-08-27 09:00:00
2026-06-29,129130207,550,0,502.6691315454,-164.0944685622,-164.0944685622,0.5000000,8,2,0.42175658264475813,0.184311250000,0.22406629068129388,1.1514257690445797,0.22406629068129388,0.23744533264475813,ELIGIBLE,R03b_20260811_FULL_v1,L1_ELIGIBILITY,v2026-08-11,2026-03-21..2026-08-06,baccarat_bet02_101_all_pairs_incl_sentinel,round_win = game_pnl > 0 (decisive only),COMPATIBILITY_ONLY_NOT_PRODUCTION,406609.1881,379631.3579,6638.5409,8714,2252,-0.01632659,-0.04432358,-0.00421410,-0.01632659,-6638.5409,406609.1881,OK,0.0000,265.5416,4.0000,96.0000,AG03-UNRESOLVED,ALL5_LEVELS_bet23_to_bet27,265.5416,265.5416,298.7343,298.7343,298.7343,4.000000,4.000000,4.500000,4.500000,4.500000,96.000000,96.000000,95.500000,95.500000,95.500000,5.0,1427.2863,1309.7925,5211.2546,5328.7484,PENDING_AG03,FALSE,NOT_FOR_ENFORCEMENT,6372.9992,364446.1036,6638.5409,6372.9992,265.5416,0.01632659,0.01567352,265.5416,6372.9992,0.01567352,265.5416,265.5416,298.7343,298.7343,298.7343,6372.9992,0.01567352,1427.2863,1309.7925,5211.2546,5328.7484,0.01281637,0.01310533,0.00065306,46.6616,168.5752,2.9478,99.0827,12.5730,6068.7939,33.6119,44.8794,47.4773,8.4329,14.3073,34.3462,193.1745,204.3903,207.7145,14.3073,-10.2195,14.285714,14.518058,3.261379,29,153,76,7,0.30198559,0.01632659,0.04432358,0E-8,0.000000,0.933652,0.003213,-0.04010948,2026-03-22,2026-08-05,67,528,415,137,0.489051,0.945283,0.961806,1.006619,,,,,,,,GLOBAL_BASELINE_NO_ENTITY_RANKING,,,NOT_APPLICABLE_GLOBAL_BASELINE,HF9g-P5,,,,X 全窗基线 · 不参与实体赏罚,14192392,1420,A168_HF9F_20260827_0900,2026-08-27 09:00:00
2026-06-29,129130207,752,0,2133.2280913117,-928.4838917396,-928.4838917396,0.3333333,36,9,0.41916314921334204,0.187290183333,-0.5218441355685136,1.1229933543446753,-0.5218441355685136,0.23187296588034204,ELIGIBLE,R03b_20260811_FULL_v1,L1_ELIGIBILITY,v2026-08-11,2026-03-21..2026-08-06,baccarat_bet02_101_all_pairs_incl_sentinel,round_win = game_pnl > 0 (decisive only),COMPATIBILITY_ONLY_NOT_PRODUCTION,406609.1881,379631.3579,6638.5409,8714,2252,-0.01632659,-0.04432358,-0.00421410,-0.01632659,-6638.5409,406609.1881,OK,0.0000,265.5416,4.0000,96.0000,AG03-UNRESOLVED,ALL5_LEVELS_bet23_to_bet27,265.5416,265.5416,298.7343,298.7343,298.7343,4.000000,4.000000,4.500000,4.500000,4.500000,96.000000,96.000000,95.500000,95.500000,95.500000,5.0,1427.2863,1309.7925,5211.2546,5328.7484,PENDING_AG03,FALSE,NOT_FOR_ENFORCEMENT,6372.9992,364446.1036,6638.5409,6372.9992,265.5416,0.01632659,0.01567352,265.5416,6372.9992,0.01567352,265.5416,265.5416,298.7343,298.7343,298.7343,6372.9992,0.01567352,1427.2863,1309.7925,5211.2546,5328.7484,0.01281637,0.01310533,0.00065306,46.6616,168.5752,2.9478,99.0827,12.5730,6068.7939,33.6119,44.8794,47.4773,8.4329,14.3073,34.3462,193.1745,204.3903,207.7145,14.3073,-10.2195,14.285714,14.518058,3.261379,29,153,76,7,0.30198559,0.01632659,0.04432358,0E-8,0.000000,0.933652,0.003213,-0.04010948,2026-03-22,2026-08-05,67,528,415,137,0.489051,0.945283,0.961806,1.006619,,,,,,,,GLOBAL_BASELINE_NO_ENTITY_RANKING,,,NOT_APPLICABLE_GLOBAL_BASELINE,HF9g-P5,,,,X 全窗基线 · 不参与实体赏罚,14192393,1420,A168_HF9F_20260827_0900,2026-08-27 09:00:00
2026-06-29,129130207,970,0,2332.6340277921,1250.4413933489,1250.4413933489,0.7000000,39,10,0.39245355013050686,0.177029611667,1.9917133914755352,4.332734089046399,1.9917133914755352,0.21542393846350686,ELIGIBLE,R03b_20260811_FULL_v1,L1_ELIGIBILITY,v2026-08-11,2026-03-21..2026-08-06,baccarat_bet02_101_all_pairs_incl_sentinel,round_win = game_pnl > 0 (decisive only),COMPATIBILITY_ONLY_NOT_PRODUCTION,406609.1881,379631.3579,6638.5409,8714,2252,-0.01632659,-0.04432358,-0.00421410,-0.01632659,-6638.5409,406609.1881,OK,0.0000,265.5416,4.0000,96.0000,AG03-UNRESOLVED,ALL5_LEVELS_bet23_to_bet27,265.5416,265.5416,298.7343,298.7343,298.7343,4.000000,4.000000,4.500000,4.500000,4.500000,96.000000,96.000000,95.500000,95.500000,95.500000,5.0,1427.2863,1309.7925,5211.2546,5328.7484,PENDING_AG03,FALSE,NOT_FOR_ENFORCEMENT,6372.9992,364446.1036,6638.5409,6372.9992,265.5416,0.01632659,0.01567352,265.5416,6372.9992,0.01567352,265.5416,265.5416,298.7343,298.7343,298.7343,6372.9992,0.01567352,1427.2863,1309.7925,5211.2546,5328.7484,0.01281637,0.01310533,0.00065306,46.6616,168.5752,2.9478,99.0827,12.5730,6068.7939,33.6119,44.8794,47.4773,8.4329,14.3073,34.3462,193.1745,204.3903,207.7145,14.3073,-10.2195,14.285714,14.518058,3.261379,29,153,76,7,0.30198559,0.01632659,0.04432358,0E-8,0.000000,0.933652,0.003213,-0.04010948,2026-03-22,2026-08-05,67,528,415,137,0.489051,0.945283,0.961806,1.006619,,,,,,,,GLOBAL_BASELINE_NO_ENTITY_RANKING,,,NOT_APPLICABLE_GLOBAL_BASELINE,HF9g-P5,,,,X 全窗基线 · 不参与实体赏罚,14192394,1420,A168_HF9F_20260827_0900,2026-08-27 09:00:00
2026-06-29,129130207,987,0,135.0144361590,67.5072180794,67.5072180794,1.0000000,4,1,0.40850049999985461,0.187662550000,1.2033193341159074,2.080556102057424,1.2033193341159074,0.22083794999985461,ELIGIBLE,R03b_20260811_FULL_v1,L1_ELIGIBILITY,v2026-08-11,2026-03-21..2026-08-06,baccarat_bet02_101_all_pairs_incl_sentinel,round_win = game_pnl > 0 (decisive only),COMPATIBILITY_ONLY_NOT_PRODUCTION,406609.1881,379631.3579,6638.5409,8714,2252,-0.01632659,-0.04432358,-0.00421410,-0.01632659,-6638.5409,406609.1881,OK,0.0000,265.5416,4.0000,96.0000,AG03-UNRESOLVED,ALL5_LEVELS_bet23_to_bet27,265.5416,265.5416,298.7343,298.7343,298.7343,4.000000,4.000000,4.500000,4.500000,4.500000,96.000000,96.000000,95.500000,95.500000,95.500000,5.0,1427.2863,1309.7925,5211.2546,5328.7484,PENDING_AG03,FALSE,NOT_FOR_ENFORCEMENT,6372.9992,364446.1036,6638.5409,6372.9992,265.5416,0.01632659,0.01567352,265.5416,6372.9992,0.01567352,265.5416,265.5416,298.7343,298.7343,298.7343,6372.9992,0.01567352,1427.2863,1309.7925,5211.2546,5328.7484,0.01281637,0.01310533,0.00065306,46.6616,168.5752,2.9478,99.0827,12.5730,6068.7939,33.6119,44.8794,47.4773,8.4329,14.3073,34.3462,193.1745,204.3903,207.7145,14.3073,-10.2195,14.285714,14.518058,3.261379,29,153,76,7,0.30198559,0.01632659,0.04432358,0E-8,0.000000,0.933652,0.003213,-0.04010948,2026-03-22,2026-08-05,67,528,415,137,0.489051,0.945283,0.961806,1.006619,,,,,,,,GLOBAL_BASELINE_NO_ENTITY_RANKING,,,NOT_APPLICABLE_GLOBAL_BASELINE,HF9g-P5,,,,X 全窗基线 · 不参与实体赏罚,14192395,1420,A168_HF9F_20260827_0900,2026-08-27 09:00:00
2026-06-30,129130207,-1,1,967.9496500013,-502.6691315459,-502.6691315459,0.2000000,20,5,0.42772634743557175,0.185651770000,-1.0292322958759341,0.08251420247806734,-1.0292322958759341,0.24207457743557175,SENTINEL_DEALER,R03b_20260811_FULL_v1,L1_ELIGIBILITY,v2026-08-11,2026-03-21..2026-08-06,baccarat_bet02_101_all_pairs_incl_sentinel,round_win = game_pnl > 0 (decisive only),COMPATIBILITY_ONLY_NOT_PRODUCTION,406609.1881,379631.3579,6638.5409,8714,2252,-0.01632659,-0.04432358,-0.00421410,-0.01632659,-6638.5409,406609.1881,OK,0.0000,265.5416,4.0000,96.0000,AG03-UNRESOLVED,ALL5_LEVELS_bet23_to_bet27,265.5416,265.5416,298.7343,298.7343,298.7343,4.000000,4.000000,4.500000,4.500000,4.500000,96.000000,96.000000,95.500000,95.500000,95.500000,5.0,1427.2863,1309.7925,5211.2546,5328.7484,PENDING_AG03,FALSE,NOT_FOR_ENFORCEMENT,6372.9992,364446.1036,6638.5409,6372.9992,265.5416,0.01632659,0.01567352,265.5416,6372.9992,0.01567352,265.5416,265.5416,298.7343,298.7343,298.7343,6372.9992,0.01567352,1427.2863,1309.7925,5211.2546,5328.7484,0.01281637,0.01310533,0.00065306,46.6616,168.5752,2.9478,99.0827,12.5730,6068.7939,33.6119,44.8794,47.4773,8.4329,14.3073,34.3462,193.1745,204.3903,207.7145,14.3073,-10.2195,14.285714,14.518058,3.261379,29,153,76,7,0.30198559,0.01632659,0.04432358,0E-8,0.000000,0.933652,0.003213,-0.04010948,2026-03-22,2026-08-05,67,528,415,137,0.489051,0.945283,0.961806,1.006619,,,,,,,,GLOBAL_BASELINE_NO_ENTITY_RANKING,,,NOT_APPLICABLE_GLOBAL_BASELINE,HF9g-P5,,,,X 全窗基线 · 不参与实体赏罚,14192396,1420,A168_HF9F_20260827_0900,2026-08-27 09:00:00
2026-06-30,129130207,1151,0,189.0202106224,-189.0202106224,-189.0202106224,0E-7,4,1,0.40850050000015578,0.187662550000,-0.8310345987545649,-0.48064072822218945,-0.8310345987545649,0.22083795000015578,ELIGIBLE,R03b_20260811_FULL_v1,L1_ELIGIBILITY,v2026-08-11,2026-03-21..2026-08-06,baccarat_bet02_101_all_pairs_incl_sentinel,round_win = game_pnl > 0 (decisive only),COMPATIBILITY_ONLY_NOT_PRODUCTION,406609.1881,379631.3579,6638.5409,8714,2252,-0.01632659,-0.04432358,-0.00421410,-0.01632659,-6638.5409,406609.1881,OK,0.0000,265.5416,4.0000,96.0000,AG03-UNRESOLVED,ALL5_LEVELS_bet23_to_bet27,265.5416,265.5416,298.7343,298.7343,298.7343,4.000000,4.000000,4.500000,4.500000,4.500000,96.000000,96.000000,95.500000,95.500000,95.500000,5.0,1427.2863,1309.7925,5211.2546,5328.7484,PENDING_AG03,FALSE,NOT_FOR_ENFORCEMENT,6372.9992,364446.1036,6638.5409,6372.9992,265.5416,0.01632659,0.01567352,265.5416,6372.9992,0.01567352,265.5416,265.5416,298.7343,298.7343,298.7343,6372.9992,0.01567352,1427.2863,1309.7925,5211.2546,5328.7484,0.01281637,0.01310533,0.00065306,46.6616,168.5752,2.9478,99.0827,12.5730,6068.7939,33.6119,44.8794,47.4773,8.4329,14.3073,34.3462,193.1745,204.3903,207.7145,14.3073,-10.2195,14.285714,14.518058,3.261379,29,153,76,7,0.30198559,0.01632659,0.04432358,0E-8,0.000000,0.933652,0.003213,-0.04010948,2026-03-22,2026-08-05,67,528,415,137,0.489051,0.945283,0.961806,1.006619,,,,,,,,GLOBAL_BASELINE_NO_ENTITY_RANKING,,,NOT_APPLICABLE_GLOBAL_BASELINE,HF9g-P5,,,,X 全窗基线 · 不参与实体赏罚,14192397,1420,A168_HF9F_20260827_0900,2026-08-27 09:00:00
2026-06-30,129130207,1323,0,166.1716137341,-166.1716137341,-166.1716137341,0E-7,4,1,0.42690366249985603,0.187662550000,-0.8630801410212371,-0.48064072822218945,-0.8630801410212371,0.23924111249985603,ELIGIBLE,R03b_20260811_FULL_v1,L1_ELIGIBILITY,v2026-08-11,2026-03-21..2026-08-06,baccarat_bet02_101_all_pairs_incl_sentinel,round_win = game_pnl > 0 (decisive only),COMPATIBILITY_ONLY_NOT_PRODUCTION,406609.1881,379631.3579,6638.5409,8714,2252,-0.01632659,-0.04432358,-0.00421410,-0.01632659,-6638.5409,406609.1881,OK,0.0000,265.5416,4.0000,96.0000,AG03-UNRESOLVED,ALL5_LEVELS_bet23_to_bet27,265.5416,265.5416,298.7343,298.7343,298.7343,4.000000,4.000000,4.500000,4.500000,4.500000,96.000000,96.000000,95.500000,95.500000,95.500000,5.0,1427.2863,1309.7925,5211.2546,5328.7484,PENDING_AG03,FALSE,NOT_FOR_ENFORCEMENT,6372.9992,364446.1036,6638.5409,6372.9992,265.5416,0.01632659,0.01567352,265.5416,6372.9992,0.01567352,265.5416,265.5416,298.7343,298.7343,298.7343,6372.9992,0.01567352,1427.2863,1309.7925,5211.2546,5328.7484,0.01281637,0.01310533,0.00065306,46.6616,168.5752,2.9478,99.0827,12.5730,6068.7939,33.6119,44.8794,47.4773,8.4329,14.3073,34.3462,193.1745,204.3903,207.7145,14.3073,-10.2195,14.285714,14.518058,3.261379,29,153,76,7,0.30198559,0.01632659,0.04432358,0E-8,0.000000,0.933652,0.003213,-0.04010948,2026-03-22,2026-08-05,67,528,415,137,0.489051,0.945283,0.961806,1.006619,,,,,,,,GLOBAL_BASELINE_NO_ENTITY_RANKING,,,NOT_APPLICABLE_GLOBAL_BASELINE,HF9g-P5,,,,X 全窗基线 · 不参与实体赏罚,14192398,1420,A168_HF9F_20260827_0900,2026-08-27 09:00:00
2026-06-30,129130207,1330,0,708.3065035416,340.7556654133,340.7556654133,1.0000000,12,3,0.40320322728371180,0.187662550000,2.1072296116163685,3.6036288767609164,2.1072296116163685,0.21554067728371180,ELIGIBLE,R03b_20260811_FULL_v1,L1_ELIGIBILITY,v2026-08-11,2026-03-21..2026-08-06,baccarat_bet02_101_all_pairs_incl_sentinel,round_win = game_pnl > 0 (decisive only),COMPATIBILITY_ONLY_NOT_PRODUCTION,406609.1881,379631.3579,6638.5409,8714,2252,-0.01632659,-0.04432358,-0.00421410,-0.01632659,-6638.5409,406609.1881,OK,0.0000,265.5416,4.0000,96.0000,AG03-UNRESOLVED,ALL5_LEVELS_bet23_to_bet27,265.5416,265.5416,298.7343,298.7343,298.7343,4.000000,4.000000,4.500000,4.500000,4.500000,96.000000,96.000000,95.500000,95.500000,95.500000,5.0,1427.2863,1309.7925,5211.2546,5328.7484,PENDING_AG03,FALSE,NOT_FOR_ENFORCEMENT,6372.9992,364446.1036,6638.5409,6372.9992,265.5416,0.01632659,0.01567352,265.5416,6372.9992,0.01567352,265.5416,265.5416,298.7343,298.7343,298.7343,6372.9992,0.01567352,1427.2863,1309.7925,5211.2546,5328.7484,0.01281637,0.01310533,0.00065306,46.6616,168.5752,2.9478,99.0827,12.5730,6068.7939,33.6119,44.8794,47.4773,8.4329,14.3073,34.3462,193.1745,204.3903,207.7145,14.3073,-10.2195,14.285714,14.518058,3.261379,29,153,76,7,0.30198559,0.01632659,0.04432358,0E-8,0.000000,0.933652,0.003213,-0.04010948,2026-03-22,2026-08-05,67,528,415,137,0.489051,0.945283,0.961806,1.006619,,,,,,,,GLOBAL_BASELINE_NO_ENTITY_RANKING,,,NOT_APPLICABLE_GLOBAL_BASELINE,HF9g-P5,,,,X 全窗基线 · 不参与实体赏罚,14192399,1420,A168_HF9F_20260827_0900,2026-08-27 09:00:00
2026-06-30,129130207,1353,0,290.8003240347,187.1507799680,187.1507799680,1.0000000,8,2,0.43940244207514096,0.187662550000,1.5973841302397926,2.94235065680771,1.5973841302397926,0.25173989207514096,ELIGIBLE,R03b_20260811_FULL_v1,L1_ELIGIBILITY,v2026-08-11,2026-03-21..2026-08-06,baccarat_bet02_101_all_pairs_incl_sentinel,round_win = game_pnl > 0 (decisive only),COMPATIBILITY_ONLY_NOT_PRODUCTION,406609.1881,379631.3579,6638.5409,8714,2252,-0.01632659,-0.04432358,-0.00421410,-0.01632659,-6638.5409,406609.1881,OK,0.0000,265.5416,4.0000,96.0000,AG03-UNRESOLVED,ALL5_LEVELS_bet23_to_bet27,265.5416,265.5416,298.7343,298.7343,298.7343,4.000000,4.000000,4.500000,4.500000,4.500000,96.000000,96.000000,95.500000,95.500000,95.500000,5.0,1427.2863,1309.7925,5211.2546,5328.7484,PENDING_AG03,FALSE,NOT_FOR_ENFORCEMENT,6372.9992,364446.1036,6638.5409,6372.9992,265.5416,0.01632659,0.01567352,265.5416,6372.9992,0.01567352,265.5416,265.5416,298.7343,298.7343,298.7343,6372.9992,0.01567352,1427.2863,1309.7925,5211.2546,5328.7484,0.01281637,0.01310533,0.00065306,46.6616,168.5752,2.9478,99.0827,12.5730,6068.7939,33.6119,44.8794,47.4773,8.4329,14.3073,34.3462,193.1745,204.3903,207.7145,14.3073,-10.2195,14.285714,14.518058,3.261379,29,153,76,7,0.30198559,0.01632659,0.04432358,0E-8,0.000000,0.933652,0.003213,-0.04010948,2026-03-22,2026-08-05,67,528,415,137,0.489051,0.945283,0.961806,1.006619,,,,,,,,GLOBAL_BASELINE_NO_ENTITY_RANKING,,,NOT_APPLICABLE_GLOBAL_BASELINE,HF9g-P5,,,,X 全窗基线 · 不参与实体赏罚,14192400,1420,A168_HF9F_20260827_0900,2026-08-27 09:00:00
2026-06-30,129130207,1400,0,206.6759445819,-25.9643146460,-25.9643146460,0.5000000,8,2,0.42043002946206378,0.184311250000,0.22796301561815369,1.1514257690445797,0.22796301561815369,0.23611877946206378,ELIGIBLE,R03b_20260811_FULL_v1,L1_ELIGIBILITY,v2026-08-11,2026-03-21..2026-08-06,baccarat_bet02_101_all_pairs_incl_sentinel,round_win = game_pnl > 0 (decisive only),COMPATIBILITY_ONLY_NOT_PRODUCTION,406609.1881,379631.3579,6638.5409,8714,2252,-0.01632659,-0.04432358,-0.00421410,-0.01632659,-6638.5409,406609.1881,OK,0.0000,265.5416,4.0000,96.0000,AG03-UNRESOLVED,ALL5_LEVELS_bet23_to_bet27,265.5416,265.5416,298.7343,298.7343,298.7343,4.000000,4.000000,4.500000,4.500000,4.500000,96.000000,96.000000,95.500000,95.500000,95.500000,5.0,1427.2863,1309.7925,5211.2546,5328.7484,PENDING_AG03,FALSE,NOT_FOR_ENFORCEMENT,6372.9992,364446.1036,6638.5409,6372.9992,265.5416,0.01632659,0.01567352,265.5416,6372.9992,0.01567352,265.5416,265.5416,298.7343,298.7343,298.7343,6372.9992,0.01567352,1427.2863,1309.7925,5211.2546,5328.7484,0.01281637,0.01310533,0.00065306,46.6616,168.5752,2.9478,99.0827,12.5730,6068.7939,33.6119,44.8794,47.4773,8.4329,14.3073,34.3462,193.1745,204.3903,207.7145,14.3073,-10.2195,14.285714,14.518058,3.261379,29,153,76,7,0.30198559,0.01632659,0.04432358,0E-8,0.000000,0.933652,0.003213,-0.04010948,2026-03-22,2026-08-05,67,528,415,137,0.489051,0.945283,0.961806,1.006619,,,,,,,,GLOBAL_BASELINE_NO_ENTITY_RANKING,,,NOT_APPLICABLE_GLOBAL_BASELINE,HF9g-P5,,,,X 全窗基线 · 不参与实体赏罚,14192401,1420,A168_HF9F_20260827_0900,2026-08-27 09:00:00
2026-06-30,129130207,1942,0,166.1716137341,-166.1716137341,-166.1716137341,0E-7,4,1,0.42690366249985603,0.187662550000,-0.8630801410212371,-0.48064072822218945,-0.8630801410212371,0.23924111249985603,ELIGIBLE,R03b_20260811_FULL_v1,L1_ELIGIBILITY,v2026-08-11,2026-03-21..2026-08-06,baccarat_bet02_101_all_pairs_incl_sentinel,round_win = game_pnl > 0 (decisive only),COMPATIBILITY_ONLY_NOT_PRODUCTION,406609.1881,379631.3579,6638.5409,8714,2252,-0.01632659,-0.04432358,-0.00421410,-0.01632659,-6638.5409,406609.1881,OK,0.0000,265.5416,4.0000,96.0000,AG03-UNRESOLVED,ALL5_LEVELS_bet23_to_bet27,265.5416,265.5416,298.7343,298.7343,298.7343,4.000000,4.000000,4.500000,4.500000,4.500000,96.000000,96.000000,95.500000,95.500000,95.500000,5.0,1427.2863,1309.7925,5211.2546,5328.7484,PENDING_AG03,FALSE,NOT_FOR_ENFORCEMENT,6372.9992,364446.1036,6638.5409,6372.9992,265.5416,0.01632659,0.01567352,265.5416,6372.9992,0.01567352,265.5416,265.5416,298.7343,298.7343,298.7343,6372.9992,0.01567352,1427.2863,1309.7925,5211.2546,5328.7484,0.01281637,0.01310533,0.00065306,46.6616,168.5752,2.9478,99.0827,12.5730,6068.7939,33.6119,44.8794,47.4773,8.4329,14.3073,34.3462,193.1745,204.3903,207.7145,14.3073,-10.2195,14.285714,14.518058,3.261379,29,153,76,7,0.30198559,0.01632659,0.04432358,0E-8,0.000000,0.933652,0.003213,-0.04010948,2026-03-22,2026-08-05,67,528,415,137,0.489051,0.945283,0.961806,1.006619,,,,,,,,GLOBAL_BASELINE_NO_ENTITY_RANKING,,,NOT_APPLICABLE_GLOBAL_BASELINE,HF9g-P5,,,,X 全窗基线 · 不参与实体赏罚,14192402,1420,A168_HF9F_20260827_0900,2026-08-27 09:00:00
2026-06-30,129130207,1994,0,577.4463577262,314.4797789914,314.4797789914,1.0000000,12,3,0.43236602347578926,0.187662550000,1.9845819611331312,3.6036288767609164,1.9845819611331312,0.24470347347578926,ELIGIBLE,R03b_20260811_FULL_v1,L1_ELIGIBILITY,v2026-08-11,2026-03-21..2026-08-06,baccarat_bet02_101_all_pairs_incl_sentinel,round_win = game_pnl > 0 (decisive only),COMPATIBILITY_ONLY_NOT_PRODUCTION,406609.1881,379631.3579,6638.5409,8714,2252,-0.01632659,-0.04432358,-0.00421410,-0.01632659,-6638.5409,406609.1881,OK,0.0000,265.5416,4.0000,96.0000,AG03-UNRESOLVED,ALL5_LEVELS_bet23_to_bet27,265.5416,265.5416,298.7343,298.7343,298.7343,4.000000,4.000000,4.500000,4.500000,4.500000,96.000000,96.000000,95.500000,95.500000,95.500000,5.0,1427.2863,1309.7925,5211.2546,5328.7484,PENDING_AG03,FALSE,NOT_FOR_ENFORCEMENT,6372.9992,364446.1036,6638.5409,6372.9992,265.5416,0.01632659,0.01567352,265.5416,6372.9992,0.01567352,265.5416,265.5416,298.7343,298.7343,298.7343,6372.9992,0.01567352,1427.2863,1309.7925,5211.2546,5328.7484,0.01281637,0.01310533,0.00065306,46.6616,168.5752,2.9478,99.0827,12.5730,6068.7939,33.6119,44.8794,47.4773,8.4329,14.3073,34.3462,193.1745,204.3903,207.7145,14.3073,-10.2195,14.285714,14.518058,3.261379,29,153,76,7,0.30198559,0.01632659,0.04432358,0E-8,0.000000,0.933652,0.003213,-0.04010948,2026-03-22,2026-08-05,67,528,415,137,0.489051,0.945283,0.961806,1.006619,,,,,,,,GLOBAL_BASELINE_NO_ENTITY_RANKING,,,NOT_APPLICABLE_GLOBAL_BASELINE,HF9g-P5,,,,X 全窗基线 · 不参与实体赏罚,14192403,1420,A168_HF9F_20260827_0900,2026-08-27 09:00:00
2026-06-30,129130207,2117,0,1832.2497559357,-207.8183744265,-207.8183744265,0.6363636,43,11,0.42925264909099254,0.191085342424,1.387781319371387,3.7563221195721512,1.387781319371387,0.23816730666699254,ELIGIBLE,R03b_20260811_FULL_v1,L1_ELIGIBILITY,v2026-08-11,2026-03-21..2026-08-06,baccarat_bet02_101_all_pairs_incl_sentinel,round_win = game_pnl > 0 (decisive only),COMPATIBILITY_ONLY_NOT_PRODUCTION,406609.1881,379631.3579,6638.5409,8714,2252,-0.01632659,-0.04432358,-0.00421410,-0.01632659,-6638.5409,406609.1881,OK,0.0000,265.5416,4.0000,96.0000,AG03-UNRESOLVED,ALL5_LEVELS_bet23_to_bet27,265.5416,265.5416,298.7343,298.7343,298.7343,4.000000,4.000000,4.500000,4.500000,4.500000,96.000000,96.000000,95.500000,95.500000,95.500000,5.0,1427.2863,1309.7925,5211.2546,5328.7484,PENDING_AG03,FALSE,NOT_FOR_ENFORCEMENT,6372.9992,364446.1036,6638.5409,6372.9992,265.5416,0.01632659,0.01567352,265.5416,6372.9992,0.01567352,265.5416,265.5416,298.7343,298.7343,298.7343,6372.9992,0.01567352,1427.2863,1309.7925,5211.2546,5328.7484,0.01281637,0.01310533,0.00065306,46.6616,168.5752,2.9478,99.0827,12.5730,6068.7939,33.6119,44.8794,47.4773,8.4329,14.3073,34.3462,193.1745,204.3903,207.7145,14.3073,-10.2195,14.285714,14.518058,3.261379,29,153,76,7,0.30198559,0.01632659,0.04432358,0E-8,0.000000,0.933652,0.003213,-0.04010948,2026-03-22,2026-08-05,67,528,415,137,0.489051,0.945283,0.961806,1.006619,,,,,,,,GLOBAL_BASELINE_NO_ENTITY_RANKING,,,NOT_APPLICABLE_GLOBAL_BASELINE,HF9g-P5,,,,X 全窗基线 · 不参与实体赏罚,14192404,1420,A168_HF9F_20260827_0900,2026-08-27 09:00:00
2026-06-30,129130207,2145,0,195.2516461375,-195.2516461375,-195.2516461375,0E-7,4,1,0.44066094680852410,0.184311250000,-0.8875947201193621,-0.47535020548684115,-0.8875947201193621,0.25634969680852410,ELIGIBLE,R03b_20260811_FULL_v1,L1_ELIGIBILITY,v2026-08-11,2026-03-21..2026-08-06,baccarat_bet02_101_all_pairs_incl_sentinel,round_win = game_pnl > 0 (decisive only),COMPATIBILITY_ONLY_NOT_PRODUCTION,406609.1881,379631.3579,6638.5409,8714,2252,-0.01632659,-0.04432358,-0.00421410,-0.01632659,-6638.5409,406609.1881,OK,0.0000,265.5416,4.0000,96.0000,AG03-UNRESOLVED,ALL5_LEVELS_bet23_to_bet27,265.5416,265.5416,298.7343,298.7343,298.7343,4.000000,4.000000,4.500000,4.500000,4.500000,96.000000,96.000000,95.500000,95.500000,95.500000,5.0,1427.2863,1309.7925,5211.2546,5328.7484,PENDING_AG03,FALSE,NOT_FOR_ENFORCEMENT,6372.9992,364446.1036,6638.5409,6372.9992,265.5416,0.01632659,0.01567352,265.5416,6372.9992,0.01567352,265.5416,265.5416,298.7343,298.7343,298.7343,6372.9992,0.01567352,1427.2863,1309.7925,5211.2546,5328.7484,0.01281637,0.01310533,0.00065306,46.6616,168.5752,2.9478,99.0827,12.5730,6068.7939,33.6119,44.8794,47.4773,8.4329,14.3073,34.3462,193.1745,204.3903,207.7145,14.3073,-10.2195,14.285714,14.518058,3.261379,29,153,76,7,0.30198559,0.01632659,0.04432358,0E-8,0.000000,0.933652,0.003213,-0.04010948,2026-03-22,2026-08-05,67,528,415,137,0.489051,0.945283,0.961806,1.006619,,,,,,,,GLOBAL_BASELINE_NO_ENTITY_RANKING,,,NOT_APPLICABLE_GLOBAL_BASELINE,HF9g-P5,,,,X 全窗基线 · 不参与实体赏罚,14192405,1420,A168_HF9F_20260827_0900,2026-08-27 09:00:00
2026-06-30,129130207,2175,0,490.2062605155,-490.2062605155,-490.2062605155,0E-7,8,2,0.43063719349624713,0.184311250000,-1.229918174982531,-0.6722467074763285,-1.229918174982531,0.24632594349624713,ELIGIBLE,R03b_20260811_FULL_v1,L1_ELIGIBILITY,v2026-08-11,2026-03-21..2026-08-06,baccarat_bet02_101_all_pairs_incl_sentinel,round_win = game_pnl > 0 (decisive only),COMPATIBILITY_ONLY_NOT_PRODUCTION,406609.1881,379631.3579,6638.5409,8714,2252,-0.01632659,-0.04432358,-0.00421410,-0.01632659,-6638.5409,406609.1881,OK,0.0000,265.5416,4.0000,96.0000,AG03-UNRESOLVED,ALL5_LEVELS_bet23_to_bet27,265.5416,265.5416,298.7343,298.7343,298.7343,4.000000,4.000000,4.500000,4.500000,4.500000,96.000000,96.000000,95.500000,95.500000,95.500000,5.0,1427.2863,1309.7925,5211.2546,5328.7484,PENDING_AG03,FALSE,NOT_FOR_ENFORCEMENT,6372.9992,364446.1036,6638.5409,6372.9992,265.5416,0.01632659,0.01567352,265.5416,6372.9992,0.01567352,265.5416,265.5416,298.7343,298.7343,298.7343,6372.9992,0.01567352,1427.2863,1309.7925,5211.2546,5328.7484,0.01281637,0.01310533,0.00065306,46.6616,168.5752,2.9478,99.0827,12.5730,6068.7939,33.6119,44.8794,47.4773,8.4329,14.3073,34.3462,193.1745,204.3903,207.7145,14.3073,-10.2195,14.285714,14.518058,3.261379,29,153,76,7,0.30198559,0.01632659,0.04432358,0E-8,0.000000,0.933652,0.003213,-0.04010948,2026-03-22,2026-08-05,67,528,415,137,0.489051,0.945283,0.961806,1.006619,,,,,,,,GLOBAL_BASELINE_NO_ENTITY_RANKING,,,NOT_APPLICABLE_GLOBAL_BASELINE,HF9g-P5,,,,X 全窗基线 · 不参与实体赏罚,14192406,1420,A168_HF9F_20260827_0900,2026-08-27 09:00:00
2026-06-30,129130207,2246,0,1019.8782792930,6.2314355150,6.2314355150,0.6000000,18,5,0.42262654829629002,0.197598536667,0.8029099260478016,2.2597314786336473,0.8029099260478016,0.22502801162929002,ELIGIBLE,R03b_20260811_FULL_v1,L1_ELIGIBILITY,v2026-08-11,2026-03-21..2026-08-06,baccarat_bet02_101_all_pairs_incl_sentinel,round_win = game_pnl > 0 (decisive only),COMPATIBILITY_ONLY_NOT_PRODUCTION,406609.1881,379631.3579,6638.5409,8714,2252,-0.01632659,-0.04432358,-0.00421410,-0.01632659,-6638.5409,406609.1881,OK,0.0000,265.5416,4.0000,96.0000,AG03-UNRESOLVED,ALL5_LEVELS_bet23_to_bet27,265.5416,265.5416,298.7343,298.7343,298.7343,4.000000,4.000000,4.500000,4.500000,4.500000,96.000000,96.000000,95.500000,95.500000,95.500000,5.0,1427.2863,1309.7925,5211.2546,5328.7484,PENDING_AG03,FALSE,NOT_FOR_ENFORCEMENT,6372.9992,364446.1036,6638.5409,6372.9992,265.5416,0.01632659,0.01567352,265.5416,6372.9992,0.01567352,265.5416,265.5416,298.7343,298.7343,298.7343,6372.9992,0.01567352,1427.2863,1309.7925,5211.2546,5328.7484,0.01281637,0.01310533,0.00065306,46.6616,168.5752,2.9478,99.0827,12.5730,6068.7939,33.6119,44.8794,47.4773,8.4329,14.3073,34.3462,193.1745,204.3903,207.7145,14.3073,-10.2195,14.285714,14.518058,3.261379,29,153,76,7,0.30198559,0.01632659,0.04432358,0E-8,0.000000,0.933652,0.003213,-0.04010948,2026-03-22,2026-08-05,67,528,415,137,0.489051,0.945283,0.961806,1.006619,,,,,,,,GLOBAL_BASELINE_NO_ENTITY_RANKING,,,NOT_APPLICABLE_GLOBAL_BASELINE,HF9g-P5,,,,X 全窗基线 · 不参与实体赏罚,14192407,1420,A168_HF9F_20260827_0900,2026-08-27 09:00:00
2026-06-30,129130207,2251,0,207.7145171676,-51.9286292919,-51.9286292919,0.5000000,6,3,0.46029251333334920,0.390267416667,0.11266557039162774,0.3181264305555983,0.11266557039162774,0.07002509666634920,ELIGIBLE,R03b_20260811_FULL_v1,L1_ELIGIBILITY,v2026-08-11,2026-03-21..2026-08-06,baccarat_bet02_101_all_pairs_incl_sentinel,round_win = game_pnl > 0 (decisive only),COMPATIBILITY_ONLY_NOT_PRODUCTION,406609.1881,379631.3579,6638.5409,8714,2252,-0.01632659,-0.04432358,-0.00421410,-0.01632659,-6638.5409,406609.1881,OK,0.0000,265.5416,4.0000,96.0000,AG03-UNRESOLVED,ALL5_LEVELS_bet23_to_bet27,265.5416,265.5416,298.7343,298.7343,298.7343,4.000000,4.000000,4.500000,4.500000,4.500000,96.000000,96.000000,95.500000,95.500000,95.500000,5.0,1427.2863,1309.7925,5211.2546,5328.7484,PENDING_AG03,FALSE,NOT_FOR_ENFORCEMENT,6372.9992,364446.1036,6638.5409,6372.9992,265.5416,0.01632659,0.01567352,265.5416,6372.9992,0.01567352,265.5416,265.5416,298.7343,298.7343,298.7343,6372.9992,0.01567352,1427.2863,1309.7925,5211.2546,5328.7484,0.01281637,0.01310533,0.00065306,46.6616,168.5752,2.9478,99.0827,12.5730,6068.7939,33.6119,44.8794,47.4773,8.4329,14.3073,34.3462,193.1745,204.3903,207.7145,14.3073,-10.2195,14.285714,14.518058,3.261379,29,153,76,7,0.30198559,0.01632659,0.04432358,0E-8,0.000000,0.933652,0.003213,-0.04010948,2026-03-22,2026-08-05,67,528,415,137,0.489051,0.945283,0.961806,1.006619,,,,,,,,GLOBAL_BASELINE_NO_ENTITY_RANKING,,,NOT_APPLICABLE_GLOBAL_BASELINE,HF9g-P5,,,,X 全窗基线 · 不参与实体赏罚,14192408,1420,A168_HF9F_20260827_0900,2026-08-27 09:00:00
2026-06-30,129130207,789,0,203.5602268242,45.6971937768,45.6971937768,0.5000000,8,2,0.39232697833335713,0.184311250000,0.3118622689268247,1.1514257690445797,0.3118622689268247,0.20801572833335713,ELIGIBLE,R03b_20260811_FULL_v1,L1_ELIGIBILITY,v2026-08-11,2026-03-21..2026-08-06,baccarat_bet02_101_all_pairs_incl_sentinel,round_win = game_pnl > 0 (decisive only),COMPATIBILITY_ONLY_NOT_PRODUCTION,406609.1881,379631.3579,6638.5409,8714,2252,-0.01632659,-0.04432358,-0.00421410,-0.01632659,-6638.5409,406609.1881,OK,0.0000,265.5416,4.0000,96.0000,AG03-UNRESOLVED,ALL5_LEVELS_bet23_to_bet27,265.5416,265.5416,298.7343,298.7343,298.7343,4.000000,4.000000,4.500000,4.500000,4.500000,96.000000,96.000000,95.500000,95.500000,95.500000,5.0,1427.2863,1309.7925,5211.2546,5328.7484,PENDING_AG03,FALSE,NOT_FOR_ENFORCEMENT,6372.9992,364446.1036,6638.5409,6372.9992,265.5416,0.01632659,0.01567352,265.5416,6372.9992,0.01567352,265.5416,265.5416,298.7343,298.7343,298.7343,6372.9992,0.01567352,1427.2863,1309.7925,5211.2546,5328.7484,0.01281637,0.01310533,0.00065306,46.6616,168.5752,2.9478,99.0827,12.5730,6068.7939,33.6119,44.8794,47.4773,8.4329,14.3073,34.3462,193.1745,204.3903,207.7145,14.3073,-10.2195,14.285714,14.518058,3.261379,29,153,76,7,0.30198559,0.01632659,0.04432358,0E-8,0.000000,0.933652,0.003213,-0.04010948,2026-03-22,2026-08-05,67,528,415,137,0.489051,0.945283,0.961806,1.006619,,,,,,,,GLOBAL_BASELINE_NO_ENTITY_RANKING,,,NOT_APPLICABLE_GLOBAL_BASELINE,HF9g-P5,,,,X 全窗基线 · 不参与实体赏罚,14192409,1420,A168_HF9F_20260827_0900,2026-08-27 09:00:00
2026-07-01,129130207,-1,1,9589.3798798211,1228.8251645321,1228.8251645321,0.6744186,172,43,0.42439763670175999,0.187350801163,3.317133095775856,8.1854831190493,3.317133095775856,0.23704683553875999,SENTINEL_DEALER,R03b_20260811_FULL_v1,L1_ELIGIBILITY,v2026-08-11,2026-03-21..2026-08-06,baccarat_bet02_101_all_pairs_incl_sentinel,round_win = game_pnl > 0 (decisive only),COMPATIBILITY_ONLY_NOT_PRODUCTION,406609.1881,379631.3579,6638.5409,8714,2252,-0.01632659,-0.04432358,-0.00421410,-0.01632659,-6638.5409,406609.1881,OK,0.0000,265.5416,4.0000,96.0000,AG03-UNRESOLVED,ALL5_LEVELS_bet23_to_bet27,265.5416,265.5416,298.7343,298.7343,298.7343,4.000000,4.000000,4.500000,4.500000,4.500000,96.000000,96.000000,95.500000,95.500000,95.500000,5.0,1427.2863,1309.7925,5211.2546,5328.7484,PENDING_AG03,FALSE,NOT_FOR_ENFORCEMENT,6372.9992,364446.1036,6638.5409,6372.9992,265.5416,0.01632659,0.01567352,265.5416,6372.9992,0.01567352,265.5416,265.5416,298.7343,298.7343,298.7343,6372.9992,0.01567352,1427.2863,1309.7925,5211.2546,5328.7484,0.01281637,0.01310533,0.00065306,46.6616,168.5752,2.9478,99.0827,12.5730,6068.7939,33.6119,44.8794,47.4773,8.4329,14.3073,34.3462,193.1745,204.3903,207.7145,14.3073,-10.2195,14.285714,14.518058,3.261379,29,153,76,7,0.30198559,0.01632659,0.04432358,0E-8,0.000000,0.933652,0.003213,-0.04010948,2026-03-22,2026-08-05,67,528,415,137,0.489051,0.945283,0.961806,1.006619,,,,,,,,GLOBAL_BASELINE_NO_ENTITY_RANKING,,,NOT_APPLICABLE_GLOBAL_BASELINE,HF9g-P5,,,,X 全窗基线 · 不参与实体赏罚,14192410,1420,A168_HF9F_20260827_0900,2026-08-27 09:00:00
2026-07-01,129130207,1094,0,746.0246085927,394.4732861873,394.4732861873,0.6666667,12,3,0.43094811312006664,0.187662550000,0.8244531263084119,2.1249211973513655,0.8244531263084119,0.24328556312006664,ELIGIBLE,R03b_20260811_FULL_v1,L1_ELIGIBILITY,v2026-08-11,2026-03-21..2026-08-06,baccarat_bet02_101_all_pairs_incl_sentinel,round_win = game_pnl > 0 (decisive only),COMPATIBILITY_ONLY_NOT_PRODUCTION,406609.1881,379631.3579,6638.5409,8714,2252,-0.01632659,-0.04432358,-0.00421410,-0.01632659,-6638.5409,406609.1881,OK,0.0000,265.5416,4.0000,96.0000,AG03-UNRESOLVED,ALL5_LEVELS_bet23_to_bet27,265.5416,265.5416,298.7343,298.7343,298.7343,4.000000,4.000000,4.500000,4.500000,4.500000,96.000000,96.000000,95.500000,95.500000,95.500000,5.0,1427.2863,1309.7925,5211.2546,5328.7484,PENDING_AG03,FALSE,NOT_FOR_ENFORCEMENT,6372.9992,364446.1036,6638.5409,6372.9992,265.5416,0.01632659,0.01567352,265.5416,6372.9992,0.01567352,265.5416,265.5416,298.7343,298.7343,298.7343,6372.9992,0.01567352,1427.2863,1309.7925,5211.2546,5328.7484,0.01281637,0.01310533,0.00065306,46.6616,168.5752,2.9478,99.0827,12.5730,6068.7939,33.6119,44.8794,47.4773,8.4329,14.3073,34.3462,193.1745,204.3903,207.7145,14.3073,-10.2195,14.285714,14.518058,3.261379,29,153,76,7,0.30198559,0.01632659,0.04432358,0E-8,0.000000,0.933652,0.003213,-0.04010948,2026-03-22,2026-08-05,67,528,415,137,0.489051,0.945283,0.961806,1.006619,,,,,,,,GLOBAL_BASELINE_NO_ENTITY_RANKING,,,NOT_APPLICABLE_GLOBAL_BASELINE,HF9g-P5,,,,X 全窗基线 · 不参与实体赏罚,14192411,1420,A168_HF9F_20260827_0900,2026-08-27 09:00:00
2026-07-01,129130207,1115,0,1806.8102849204,-202.3464006870,-202.3464006870,0.5714286,28,7,0.41665755606758868,0.187183792857,0.8305910217133771,2.606313753745339,0.8305910217133771,0.22947376321058868,ELIGIBLE,R03b_20260811_FULL_v1,L1_ELIGIBILITY,v2026-08-11,2026-03-21..2026-08-06,baccarat_bet02_101_all_pairs_incl_sentinel,round_win = game_pnl > 0 (decisive only),COMPATIBILITY_ONLY_NOT_PRODUCTION,406609.1881,379631.3579,6638.5409,8714,2252,-0.01632659,-0.04432358,-0.00421410,-0.01632659,-6638.5409,406609.1881,OK,0.0000,265.5416,4.0000,96.0000,AG03-UNRESOLVED,ALL5_LEVELS_bet23_to_bet27,265.5416,265.5416,298.7343,298.7343,298.7343,4.000000,4.000000,4.500000,4.500000,4.500000,96.000000,96.000000,95.500000,95.500000,95.500000,5.0,1427.2863,1309.7925,5211.2546,5328.7484,PENDING_AG03,FALSE,NOT_FOR_ENFORCEMENT,6372.9992,364446.1036,6638.5409,6372.9992,265.5416,0.01632659,0.01567352,265.5416,6372.9992,0.01567352,265.5416,265.5416,298.7343,298.7343,298.7343,6372.9992,0.01567352,1427.2863,1309.7925,5211.2546,5328.7484,0.01281637,0.01310533,0.00065306,46.6616,168.5752,2.9478,99.0827,12.5730,6068.7939,33.6119,44.8794,47.4773,8.4329,14.3073,34.3462,193.1745,204.3903,207.7145,14.3073,-10.2195,14.285714,14.518058,3.261379,29,153,76,7,0.30198559,0.01632659,0.04432358,0E-8,0.000000,0.933652,0.003213,-0.04010948,2026-03-22,2026-08-05,67,528,415,137,0.489051,0.945283,0.961806,1.006619,,,,,,,,GLOBAL_BASELINE_NO_ENTITY_RANKING,,,NOT_APPLICABLE_GLOBAL_BASELINE,HF9g-P5,,,,X 全窗基线 · 不参与实体赏罚,14192412,1420,A168_HF9F_20260827_0900,2026-08-27 09:00:00
2026-07-01,129130207,1129,0,721.4977721458,191.5137145893,191.5137145893,0.6666667,12,3,0.42590192538364935,0.187662550000,0.8433457634755784,2.1249211973513655,0.8433457634755784,0.23823937538364935,ELIGIBLE,R03b_20260811_FULL_v1,L1_ELIGIBILITY,v2026-08-11,2026-03-21..2026-08-06,baccarat_bet02_101_all_pairs_incl_sentinel,round_win = game_pnl > 0 (decisive only),COMPATIBILITY_ONLY_NOT_PRODUCTION,406609.1881,379631.3579,6638.5409,8714,2252,-0.01632659,-0.04432358,-0.00421410,-0.01632659,-6638.5409,406609.1881,OK,0.0000,265.5416,4.0000,96.0000,AG03-UNRESOLVED,ALL5_LEVELS_bet23_to_bet27,265.5416,265.5416,298.7343,298.7343,298.7343,4.000000,4.000000,4.500000,4.500000,4.500000,96.000000,96.000000,95.500000,95.500000,95.500000,5.0,1427.2863,1309.7925,5211.2546,5328.7484,PENDING_AG03,FALSE,NOT_FOR_ENFORCEMENT,6372.9992,364446.1036,6638.5409,6372.9992,265.5416,0.01632659,0.01567352,265.5416,6372.9992,0.01567352,265.5416,265.5416,298.7343,298.7343,298.7343,6372.9992,0.01567352,1427.2863,1309.7925,5211.2546,5328.7484,0.01281637,0.01310533,0.00065306,46.6616,168.5752,2.9478,99.0827,12.5730,6068.7939,33.6119,44.8794,47.4773,8.4329,14.3073,34.3462,193.1745,204.3903,207.7145,14.3073,-10.2195,14.285714,14.518058,3.261379,29,153,76,7,0.30198559,0.01632659,0.04432358,0E-8,0.000000,0.933652,0.003213,-0.04010948,2026-03-22,2026-08-05,67,528,415,137,0.489051,0.945283,0.961806,1.006619,,,,,,,,GLOBAL_BASELINE_NO_ENTITY_RANKING,,,NOT_APPLICABLE_GLOBAL_BASELINE,HF9g-P5,,,,X 全窗基线 · 不参与实体赏罚,14192413,1420,A168_HF9F_20260827_0900,2026-08-27 09:00:00
2026-07-01,129130207,1205,0,494.6245350122,-494.6245350122,-494.6245350122,0E-7,8,2,0.43283526033049324,0.187662550000,-1.2354401257006487,-0.6797286364807011,-1.2354401257006487,0.24517271033049324,ELIGIBLE,R03b_20260811_FULL_v1,L1_ELIGIBILITY,v2026-08-11,2026-03-21..2026-08-06,baccarat_bet02_101_all_pairs_incl_sentinel,round_win = game_pnl > 0 (decisive only),COMPATIBILITY_ONLY_NOT_PRODUCTION,406609.1881,379631.3579,6638.5409,8714,2252,-0.01632659,-0.04432358,-0.00421410,-0.01632659,-6638.5409,406609.1881,OK,0.0000,265.5416,4.0000,96.0000,AG03-UNRESOLVED,ALL5_LEVELS_bet23_to_bet27,265.5416,265.5416,298.7343,298.7343,298.7343,4.000000,4.000000,4.500000,4.500000,4.500000,96.000000,96.000000,95.500000,95.500000,95.500000,5.0,1427.2863,1309.7925,5211.2546,5328.7484,PENDING_AG03,FALSE,NOT_FOR_ENFORCEMENT,6372.9992,364446.1036,6638.5409,6372.9992,265.5416,0.01632659,0.01567352,265.5416,6372.9992,0.01567352,265.5416,265.5416,298.7343,298.7343,298.7343,6372.9992,0.01567352,1427.2863,1309.7925,5211.2546,5328.7484,0.01281637,0.01310533,0.00065306,46.6616,168.5752,2.9478,99.0827,12.5730,6068.7939,33.6119,44.8794,47.4773,8.4329,14.3073,34.3462,193.1745,204.3903,207.7145,14.3073,-10.2195,14.285714,14.518058,3.261379,29,153,76,7,0.30198559,0.01632659,0.04432358,0E-8,0.000000,0.933652,0.003213,-0.04010948,2026-03-22,2026-08-05,67,528,415,137,0.489051,0.945283,0.961806,1.006619,,,,,,,,GLOBAL_BASELINE_NO_ENTITY_RANKING,,,NOT_APPLICABLE_GLOBAL_BASELINE,HF9g-P5,,,,X 全窗基线 · 不参与实体赏罚,14192414,1420,A168_HF9F_20260827_0900,2026-08-27 09:00:00
2026-07-01,129130207,1304,0,289.4166700733,-112.8234476557,-112.8234476557,0.5000000,8,2,0.41271614135450386,0.184311250000,0.25072588654757905,1.1514257690445797,0.25072588654757905,0.22840489135450386,ELIGIBLE,R03b_20260811_FULL_v1,L1_ELIGIBILITY,v2026-08-11,2026-03-21..2026-08-06,baccarat_bet02_101_all_pairs_incl_sentinel,round_win = game_pnl > 0 (decisive only),COMPATIBILITY_ONLY_NOT_PRODUCTION,406609.1881,379631.3579,6638.5409,8714,2252,-0.01632659,-0.04432358,-0.00421410,-0.01632659,-6638.5409,406609.1881,OK,0.0000,265.5416,4.0000,96.0000,AG03-UNRESOLVED,ALL5_LEVELS_bet23_to_bet27,265.5416,265.5416,298.7343,298.7343,298.7343,4.000000,4.000000,4.500000,4.500000,4.500000,96.000000,96.000000,95.500000,95.500000,95.500000,5.0,1427.2863,1309.7925,5211.2546,5328.7484,PENDING_AG03,FALSE,NOT_FOR_ENFORCEMENT,6372.9992,364446.1036,6638.5409,6372.9992,265.5416,0.01632659,0.01567352,265.5416,6372.9992,0.01567352,265.5416,265.5416,298.7343,298.7343,298.7343,6372.9992,0.01567352,1427.2863,1309.7925,5211.2546,5328.7484,0.01281637,0.01310533,0.00065306,46.6616,168.5752,2.9478,99.0827,12.5730,6068.7939,33.6119,44.8794,47.4773,8.4329,14.3073,34.3462,193.1745,204.3903,207.7145,14.3073,-10.2195,14.285714,14.518058,3.261379,29,153,76,7,0.30198559,0.01632659,0.04432358,0E-8,0.000000,0.933652,0.003213,-0.04010948,2026-03-22,2026-08-05,67,528,415,137,0.489051,0.945283,0.961806,1.006619,,,,,,,,GLOBAL_BASELINE_NO_ENTITY_RANKING,,,NOT_APPLICABLE_GLOBAL_BASELINE,HF9g-P5,,,,X 全窗基线 · 不参与实体赏罚,14192415,1420,A168_HF9F_20260827_0900,2026-08-27 09:00:00
2026-07-01,129130207,1306,0,655.6840943467,-246.9034868987,-246.9034868987,0.3333333,12,3,0.41576102220794457,0.184311250000,-0.28967872536755745,0.6656916345198051,-0.28967872536755745,0.23144977220794457,ELIGIBLE,R03b_20260811_FULL_v1,L1_ELIGIBILITY,v2026-08-11,2026-03-21..2026-08-06,baccarat_bet02_101_all_pairs_incl_sentinel,round_win = game_pnl > 0 (decisive only),COMPATIBILITY_ONLY_NOT_PRODUCTION,406609.1881,379631.3579,6638.5409,8714,2252,-0.01632659,-0.04432358,-0.00421410,-0.01632659,-6638.5409,406609.1881,OK,0.0000,265.5416,4.0000,96.0000,AG03-UNRESOLVED,ALL5_LEVELS_bet23_to_bet27,265.5416,265.5416,298.7343,298.7343,298.7343,4.000000,4.000000,4.500000,4.500000,4.500000,96.000000,96.000000,95.500000,95.500000,95.500000,5.0,1427.2863,1309.7925,5211.2546,5328.7484,PENDING_AG03,FALSE,NOT_FOR_ENFORCEMENT,6372.9992,364446.1036,6638.5409,6372.9992,265.5416,0.01632659,0.01567352,265.5416,6372.9992,0.01567352,265.5416,265.5416,298.7343,298.7343,298.7343,6372.9992,0.01567352,1427.2863,1309.7925,5211.2546,5328.7484,0.01281637,0.01310533,0.00065306,46.6616,168.5752,2.9478,99.0827,12.5730,6068.7939,33.6119,44.8794,47.4773,8.4329,14.3073,34.3462,193.1745,204.3903,207.7145,14.3073,-10.2195,14.285714,14.518058,3.261379,29,153,76,7,0.30198559,0.01632659,0.04432358,0E-8,0.000000,0.933652,0.003213,-0.04010948,2026-03-22,2026-08-05,67,528,415,137,0.489051,0.945283,0.961806,1.006619,,,,,,,,GLOBAL_BASELINE_NO_ENTITY_RANKING,,,NOT_APPLICABLE_GLOBAL_BASELINE,HF9g-P5,,,,X 全窗基线 · 不参与实体赏罚,14192416,1420,A168_HF9F_20260827_0900,2026-08-27 09:00:00
2026-07-01,129130207,1325,0,1737.3175816541,204.3903037240,204.3903037240,0.7142857,28,7,0.41564711409312066,0.184311250000,1.6032268586490555,3.616311279783212,1.6032268586490555,0.23133586409312066,ELIGIBLE,R03b_20260811_FULL_v1,L1_ELIGIBILITY,v2026-08-11,2026-03-21..2026-08-06,baccarat_bet02_101_all_pairs_incl_sentinel,round_win = game_pnl > 0 (decisive only),COMPATIBILITY_ONLY_NOT_PRODUCTION,406609.1881,379631.3579,6638.5409,8714,2252,-0.01632659,-0.04432358,-0.00421410,-0.01632659,-6638.5409,406609.1881,OK,0.0000,265.5416,4.0000,96.0000,AG03-UNRESOLVED,ALL5_LEVELS_bet23_to_bet27,265.5416,265.5416,298.7343,298.7343,298.7343,4.000000,4.000000,4.500000,4.500000,4.500000,96.000000,96.000000,95.500000,95.500000,95.500000,5.0,1427.2863,1309.7925,5211.2546,5328.7484,PENDING_AG03,FALSE,NOT_FOR_ENFORCEMENT,6372.9992,364446.1036,6638.5409,6372.9992,265.5416,0.01632659,0.01567352,265.5416,6372.9992,0.01567352,265.5416,265.5416,298.7343,298.7343,298.7343,6372.9992,0.01567352,1427.2863,1309.7925,5211.2546,5328.7484,0.01281637,0.01310533,0.00065306,46.6616,168.5752,2.9478,99.0827,12.5730,6068.7939,33.6119,44.8794,47.4773,8.4329,14.3073,34.3462,193.1745,204.3903,207.7145,14.3073,-10.2195,14.285714,14.518058,3.261379,29,153,76,7,0.30198559,0.01632659,0.04432358,0E-8,0.000000,0.933652,0.003213,-0.04010948,2026-03-22,2026-08-05,67,528,415,137,0.489051,0.945283,0.961806,1.006619,,,,,,,,GLOBAL_BASELINE_NO_ENTITY_RANKING,,,NOT_APPLICABLE_GLOBAL_BASELINE,HF9g-P5,,,,X 全窗基线 · 不参与实体赏罚,14192417,1420,A168_HF9F_20260827_0900,2026-08-27 09:00:00
2026-07-01,129130207,1363,0,1532.9272779301,61.3170911171,61.3170911171,0.7142857,28,7,0.40553629889184155,0.184311250000,1.6637099991178463,3.616311279783212,1.6637099991178463,0.22122504889184155,ELIGIBLE,R03b_20260811_FULL_v1,L1_ELIGIBILITY,v2026-08-11,2026-03-21..2026-08-06,baccarat_bet02_101_all_pairs_incl_sentinel,round_win = game_pnl > 0 (decisive only),COMPATIBILITY_ONLY_NOT_PRODUCTION,406609.1881,379631.3579,6638.5409,8714,2252,-0.01632659,-0.04432358,-0.00421410,-0.01632659,-6638.5409,406609.1881,OK,0.0000,265.5416,4.0000,96.0000,AG03-UNRESOLVED,ALL5_LEVELS_bet23_to_bet27,265.5416,265.5416,298.7343,298.7343,298.7343,4.000000,4.000000,4.500000,4.500000,4.500000,96.000000,96.000000,95.500000,95.500000,95.500000,5.0,1427.2863,1309.7925,5211.2546,5328.7484,PENDING_AG03,FALSE,NOT_FOR_ENFORCEMENT,6372.9992,364446.1036,6638.5409,6372.9992,265.5416,0.01632659,0.01567352,265.5416,6372.9992,0.01567352,265.5416,265.5416,298.7343,298.7343,298.7343,6372.9992,0.01567352,1427.2863,1309.7925,5211.2546,5328.7484,0.01281637,0.01310533,0.00065306,46.6616,168.5752,2.9478,99.0827,12.5730,6068.7939,33.6119,44.8794,47.4773,8.4329,14.3073,34.3462,193.1745,204.3903,207.7145,14.3073,-10.2195,14.285714,14.518058,3.261379,29,153,76,7,0.30198559,0.01632659,0.04432358,0E-8,0.000000,0.933652,0.003213,-0.04010948,2026-03-22,2026-08-05,67,528,415,137,0.489051,0.945283,0.961806,1.006619,,,,,,,,GLOBAL_BASELINE_NO_ENTITY_RANKING,,,NOT_APPLICABLE_GLOBAL_BASELINE,HF9g-P5,,,,X 全窗基线 · 不参与实体赏罚,14192418,1420,A168_HF9F_20260827_0900,2026-08-27 09:00:00
2026-07-01,129130207,1396,0,1996.8932673841,392.9097003631,392.9097003631,0.6153846,51,13,0.41922589603117955,0.190558758974,1.4333479218887293,3.900097784085597,1.4333479218887293,0.22866713705717955,ELIGIBLE,R03b_20260811_FULL_v1,L1_ELIGIBILITY,v2026-08-11,2026-03-21..2026-08-06,baccarat_bet02_101_all_pairs_incl_sentinel,round_win = game_pnl > 0 (decisive only),COMPATIBILITY_ONLY_NOT_PRODUCTION,406609.1881,379631.3579,6638.5409,8714,2252,-0.01632659,-0.04432358,-0.00421410,-0.01632659,-6638.5409,406609.1881,OK,0.0000,265.5416,4.0000,96.0000,AG03-UNRESOLVED,ALL5_LEVELS_bet23_to_bet27,265.5416,265.5416,298.7343,298.7343,298.7343,4.000000,4.000000,4.500000,4.500000,4.500000,96.000000,96.000000,95.500000,95.500000,95.500000,5.0,1427.2863,1309.7925,5211.2546,5328.7484,PENDING_AG03,FALSE,NOT_FOR_ENFORCEMENT,6372.9992,364446.1036,6638.5409,6372.9992,265.5416,0.01632659,0.01567352,265.5416,6372.9992,0.01567352,265.5416,265.5416,298.7343,298.7343,298.7343,6372.9992,0.01567352,1427.2863,1309.7925,5211.2546,5328.7484,0.01281637,0.01310533,0.00065306,46.6616,168.5752,2.9478,99.0827,12.5730,6068.7939,33.6119,44.8794,47.4773,8.4329,14.3073,34.3462,193.1745,204.3903,207.7145,14.3073,-10.2195,14.285714,14.518058,3.261379,29,153,76,7,0.30198559,0.01632659,0.04432358,0E-8,0.000000,0.933652,0.003213,-0.04010948,2026-03-22,2026-08-05,67,528,415,137,0.489051,0.945283,0.961806,1.006619,,,,,,,,GLOBAL_BASELINE_NO_ENTITY_RANKING,,,NOT_APPLICABLE_GLOBAL_BASELINE,HF9g-P5,,,,X 全窗基线 · 不参与实体赏罚,14192419,1420,A168_HF9F_20260827_0900,2026-08-27 09:00:00
2026-07-01,129130207,1507,0,247.3122675061,-247.3122675061,-247.3122675061,0E-7,4,1,0.42175658264454551,0.184311250000,-0.8540348363566337,-0.47535020548684115,-0.8540348363566337,0.23744533264454551,ELIGIBLE,R03b_20260811_FULL_v1,L1_ELIGIBILITY,v2026-08-11,2026-03-21..2026-08-06,baccarat_bet02_101_all_pairs_incl_sentinel,round_win = game_pnl > 0 (decisive only),COMPATIBILITY_ONLY_NOT_PRODUCTION,406609.1881,379631.3579,6638.5409,8714,2252,-0.01632659,-0.04432358,-0.00421410,-0.01632659,-6638.5409,406609.1881,OK,0.0000,265.5416,4.0000,96.0000,AG03-UNRESOLVED,ALL5_LEVELS_bet23_to_bet27,265.5416,265.5416,298.7343,298.7343,298.7343,4.000000,4.000000,4.500000,4.500000,4.500000,96.000000,96.000000,95.500000,95.500000,95.500000,5.0,1427.2863,1309.7925,5211.2546,5328.7484,PENDING_AG03,FALSE,NOT_FOR_ENFORCEMENT,6372.9992,364446.1036,6638.5409,6372.9992,265.5416,0.01632659,0.01567352,265.5416,6372.9992,0.01567352,265.5416,265.5416,298.7343,298.7343,298.7343,6372.9992,0.01567352,1427.2863,1309.7925,5211.2546,5328.7484,0.01281637,0.01310533,0.00065306,46.6616,168.5752,2.9478,99.0827,12.5730,6068.7939,33.6119,44.8794,47.4773,8.4329,14.3073,34.3462,193.1745,204.3903,207.7145,14.3073,-10.2195,14.285714,14.518058,3.261379,29,153,76,7,0.30198559,0.01632659,0.04432358,0E-8,0.000000,0.933652,0.003213,-0.04010948,2026-03-22,2026-08-05,67,528,415,137,0.489051,0.945283,0.961806,1.006619,,,,,,,,GLOBAL_BASELINE_NO_ENTITY_RANKING,,,NOT_APPLICABLE_GLOBAL_BASELINE,HF9g-P5,,,,X 全窗基线 · 不参与实体赏罚,14192420,1420,A168_HF9F_20260827_0900,2026-08-27 09:00:00
2026-07-01,129130207,1750,0,1851.7761517397,-833.9124391941,-833.9124391941,0.2500000,32,8,0.42169121760792687,0.187662550000,-0.9833676160013223,0.45158237368280335,-0.9833676160013223,0.23402866760792687,ELIGIBLE,R03b_20260811_FULL_v1,L1_ELIGIBILITY,v2026-08-11,2026-03-21..2026-08-06,baccarat_bet02_101_all_pairs_incl_sentinel,round_win = game_pnl > 0 (decisive only),COMPATIBILITY_ONLY_NOT_PRODUCTION,406609.1881,379631.3579,6638.5409,8714,2252,-0.01632659,-0.04432358,-0.00421410,-0.01632659,-6638.5409,406609.1881,OK,0.0000,265.5416,4.0000,96.0000,AG03-UNRESOLVED,ALL5_LEVELS_bet23_to_bet27,265.5416,265.5416,298.7343,298.7343,298.7343,4.000000,4.000000,4.500000,4.500000,4.500000,96.000000,96.000000,95.500000,95.500000,95.500000,5.0,1427.2863,1309.7925,5211.2546,5328.7484,PENDING_AG03,FALSE,NOT_FOR_ENFORCEMENT,6372.9992,364446.1036,6638.5409,6372.9992,265.5416,0.01632659,0.01567352,265.5416,6372.9992,0.01567352,265.5416,265.5416,298.7343,298.7343,298.7343,6372.9992,0.01567352,1427.2863,1309.7925,5211.2546,5328.7484,0.01281637,0.01310533,0.00065306,46.6616,168.5752,2.9478,99.0827,12.5730,6068.7939,33.6119,44.8794,47.4773,8.4329,14.3073,34.3462,193.1745,204.3903,207.7145,14.3073,-10.2195,14.285714,14.518058,3.261379,29,153,76,7,0.30198559,0.01632659,0.04432358,0E-8,0.000000,0.933652,0.003213,-0.04010948,2026-03-22,2026-08-05,67,528,415,137,0.489051,0.945283,0.961806,1.006619,,,,,,,,GLOBAL_BASELINE_NO_ENTITY_RANKING,,,NOT_APPLICABLE_GLOBAL_BASELINE,HF9g-P5,,,,X 全窗基线 · 不参与实体赏罚,14192421,1420,A168_HF9F_20260827_0900,2026-08-27 09:00:00
2026-07-01,129130207,1985,0,247.3122675061,-75.6244123779,-75.6244123779,0E-7,4,1,0.43283526033049324,0.187662550000,-0.8735880906328893,-0.48064072822218945,-0.8735880906328893,0.24517271033049324,ELIGIBLE,R03b_20260811_FULL_v1,L1_ELIGIBILITY,v2026-08-11,2026-03-21..2026-08-06,baccarat_bet02_101_all_pairs_incl_sentinel,round_win = game_pnl > 0 (decisive only),COMPATIBILITY_ONLY_NOT_PRODUCTION,406609.1881,379631.3579,6638.5409,8714,2252,-0.01632659,-0.04432358,-0.00421410,-0.01632659,-6638.5409,406609.1881,OK,0.0000,265.5416,4.0000,96.0000,AG03-UNRESOLVED,ALL5_LEVELS_bet23_to_bet27,265.5416,265.5416,298.7343,298.7343,298.7343,4.000000,4.000000,4.500000,4.500000,4.500000,96.000000,96.000000,95.500000,95.500000,95.500000,5.0,1427.2863,1309.7925,5211.2546,5328.7484,PENDING_AG03,FALSE,NOT_FOR_ENFORCEMENT,6372.9992,364446.1036,6638.5409,6372.9992,265.5416,0.01632659,0.01567352,265.5416,6372.9992,0.01567352,265.5416,265.5416,298.7343,298.7343,298.7343,6372.9992,0.01567352,1427.2863,1309.7925,5211.2546,5328.7484,0.01281637,0.01310533,0.00065306,46.6616,168.5752,2.9478,99.0827,12.5730,6068.7939,33.6119,44.8794,47.4773,8.4329,14.3073,34.3462,193.1745,204.3903,207.7145,14.3073,-10.2195,14.285714,14.518058,3.261379,29,153,76,7,0.30198559,0.01632659,0.04432358,0E-8,0.000000,0.933652,0.003213,-0.04010948,2026-03-22,2026-08-05,67,528,415,137,0.489051,0.945283,0.961806,1.006619,,,,,,,,GLOBAL_BASELINE_NO_ENTITY_RANKING,,,NOT_APPLICABLE_GLOBAL_BASELINE,HF9g-P5,,,,X 全窗基线 · 不参与实体赏罚,14192422,1420,A168_HF9F_20260827_0900,2026-08-27 09:00:00
2026-07-01,129130207,1994,0,294.3220373624,-294.3220373624,-294.3220373624,0E-7,8,2,0.42789491371024704,0.185986900000,-1.2230540651785913,-0.6759903225629557,-1.2230540651785913,0.24190801371024704,ELIGIBLE,R03b_20260811_FULL_v1,L1_ELIGIBILITY,v2026-08-11,2026-03-21..2026-08-06,baccarat_bet02_101_all_pairs_incl_sentinel,round_win = game_pnl > 0 (decisive only),COMPATIBILITY_ONLY_NOT_PRODUCTION,406609.1881,379631.3579,6638.5409,8714,2252,-0.01632659,-0.04432358,-0.00421410,-0.01632659,-6638.5409,406609.1881,OK,0.0000,265.5416,4.0000,96.0000,AG03-UNRESOLVED,ALL5_LEVELS_bet23_to_bet27,265.5416,265.5416,298.7343,298.7343,298.7343,4.000000,4.000000,4.500000,4.500000,4.500000,96.000000,96.000000,95.500000,95.500000,95.500000,5.0,1427.2863,1309.7925,5211.2546,5328.7484,PENDING_AG03,FALSE,NOT_FOR_ENFORCEMENT,6372.9992,364446.1036,6638.5409,6372.9992,265.5416,0.01632659,0.01567352,265.5416,6372.9992,0.01567352,265.5416,265.5416,298.7343,298.7343,298.7343,6372.9992,0.01567352,1427.2863,1309.7925,5211.2546,5328.7484,0.01281637,0.01310533,0.00065306,46.6616,168.5752,2.9478,99.0827,12.5730,6068.7939,33.6119,44.8794,47.4773,8.4329,14.3073,34.3462,193.1745,204.3903,207.7145,14.3073,-10.2195,14.285714,14.518058,3.261379,29,153,76,7,0.30198559,0.01632659,0.04432358,0E-8,0.000000,0.933652,0.003213,-0.04010948,2026-03-22,2026-08-05,67,528,415,137,0.489051,0.945283,0.961806,1.006619,,,,,,,,GLOBAL_BASELINE_NO_ENTITY_RANKING,,,NOT_APPLICABLE_GLOBAL_BASELINE,HF9g-P5,,,,X 全窗基线 · 不参与实体赏罚,14192423,1420,A168_HF9F_20260827_0900,2026-08-27 09:00:00
2026-07-01,129130207,2068,0,376.0781588522,32.7024485958,32.7024485958,0.5000000,8,2,0.41288904964444498,0.184311250000,0.2502136376763067,1.1514257690445797,0.2502136376763067,0.22857779964444498,ELIGIBLE,R03b_20260811_FULL_v1,L1_ELIGIBILITY,v2026-08-11,2026-03-21..2026-08-06,baccarat_bet02_101_all_pairs_incl_sentinel,round_win = game_pnl > 0 (decisive only),COMPATIBILITY_ONLY_NOT_PRODUCTION,406609.1881,379631.3579,6638.5409,8714,2252,-0.01632659,-0.04432358,-0.00421410,-0.01632659,-6638.5409,406609.1881,OK,0.0000,265.5416,4.0000,96.0000,AG03-UNRESOLVED,ALL5_LEVELS_bet23_to_bet27,265.5416,265.5416,298.7343,298.7343,298.7343,4.000000,4.000000,4.500000,4.500000,4.500000,96.000000,96.000000,95.500000,95.500000,95.500000,5.0,1427.2863,1309.7925,5211.2546,5328.7484,PENDING_AG03,FALSE,NOT_FOR_ENFORCEMENT,6372.9992,364446.1036,6638.5409,6372.9992,265.5416,0.01632659,0.01567352,265.5416,6372.9992,0.01567352,265.5416,265.5416,298.7343,298.7343,298.7343,6372.9992,0.01567352,1427.2863,1309.7925,5211.2546,5328.7484,0.01281637,0.01310533,0.00065306,46.6616,168.5752,2.9478,99.0827,12.5730,6068.7939,33.6119,44.8794,47.4773,8.4329,14.3073,34.3462,193.1745,204.3903,207.7145,14.3073,-10.2195,14.285714,14.518058,3.261379,29,153,76,7,0.30198559,0.01632659,0.04432358,0E-8,0.000000,0.933652,0.003213,-0.04010948,2026-03-22,2026-08-05,67,528,415,137,0.489051,0.945283,0.961806,1.006619,,,,,,,,GLOBAL_BASELINE_NO_ENTITY_RANKING,,,NOT_APPLICABLE_GLOBAL_BASELINE,HF9g-P5,,,,X 全窗基线 · 不参与实体赏罚,14192424,1420,A168_HF9F_20260827_0900,2026-08-27 09:00:00
2026-07-01,129130207,2073,0,1207.3335240978,-410.2113395742,-410.2113395742,0.4000000,20,5,0.42951634826989191,0.187662550000,-0.13333254756532717,1.2160587454450655,-0.13333254756532717,0.24185379826989191,ELIGIBLE,R03b_20260811_FULL_v1,L1_ELIGIBILITY,v2026-08-11,2026-03-21..2026-08-06,baccarat_bet02_101_all_pairs_incl_sentinel,round_win = game_pnl > 0 (decisive only),COMPATIBILITY_ONLY_NOT_PRODUCTION,406609.1881,379631.3579,6638.5409,8714,2252,-0.01632659,-0.04432358,-0.00421410,-0.01632659,-6638.5409,406609.1881,OK,0.0000,265.5416,4.0000,96.0000,AG03-UNRESOLVED,ALL5_LEVELS_bet23_to_bet27,265.5416,265.5416,298.7343,298.7343,298.7343,4.000000,4.000000,4.500000,4.500000,4.500000,96.000000,96.000000,95.500000,95.500000,95.500000,5.0,1427.2863,1309.7925,5211.2546,5328.7484,PENDING_AG03,FALSE,NOT_FOR_ENFORCEMENT,6372.9992,364446.1036,6638.5409,6372.9992,265.5416,0.01632659,0.01567352,265.5416,6372.9992,0.01567352,265.5416,265.5416,298.7343,298.7343,298.7343,6372.9992,0.01567352,1427.2863,1309.7925,5211.2546,5328.7484,0.01281637,0.01310533,0.00065306,46.6616,168.5752,2.9478,99.0827,12.5730,6068.7939,33.6119,44.8794,47.4773,8.4329,14.3073,34.3462,193.1745,204.3903,207.7145,14.3073,-10.2195,14.285714,14.518058,3.261379,29,153,76,7,0.30198559,0.01632659,0.04432358,0E-8,0.000000,0.933652,0.003213,-0.04010948,2026-03-22,2026-08-05,67,528,415,137,0.489051,0.945283,0.961806,1.006619,,,,,,,,GLOBAL_BASELINE_NO_ENTITY_RANKING,,,NOT_APPLICABLE_GLOBAL_BASELINE,HF9g-P5,,,,X 全窗基线 · 不参与实体赏罚,14192425,1420,A168_HF9F_20260827_0900,2026-08-27 09:00:00
2026-07-01,129130207,2127,0,1622.8590115688,-192.1268855008,-192.1268855008,0.5714286,28,7,0.42091745942234821,0.185268764286,0.806582655181762,2.6297096680635397,0.806582655181762,0.23564869513634821,ELIGIBLE,R03b_20260811_FULL_v1,L1_ELIGIBILITY,v2026-08-11,2026-03-21..2026-08-06,baccarat_bet02_101_all_pairs_incl_sentinel,round_win = game_pnl > 0 (decisive only),COMPATIBILITY_ONLY_NOT_PRODUCTION,406609.1881,379631.3579,6638.5409,8714,2252,-0.01632659,-0.04432358,-0.00421410,-0.01632659,-6638.5409,406609.1881,OK,0.0000,265.5416,4.0000,96.0000,AG03-UNRESOLVED,ALL5_LEVELS_bet23_to_bet27,265.5416,265.5416,298.7343,298.7343,298.7343,4.000000,4.000000,4.500000,4.500000,4.500000,96.000000,96.000000,95.500000,95.500000,95.500000,5.0,1427.2863,1309.7925,5211.2546,5328.7484,PENDING_AG03,FALSE,NOT_FOR_ENFORCEMENT,6372.9992,364446.1036,6638.5409,6372.9992,265.5416,0.01632659,0.01567352,265.5416,6372.9992,0.01567352,265.5416,265.5416,298.7343,298.7343,298.7343,6372.9992,0.01567352,1427.2863,1309.7925,5211.2546,5328.7484,0.01281637,0.01310533,0.00065306,46.6616,168.5752,2.9478,99.0827,12.5730,6068.7939,33.6119,44.8794,47.4773,8.4329,14.3073,34.3462,193.1745,204.3903,207.7145,14.3073,-10.2195,14.285714,14.518058,3.261379,29,153,76,7,0.30198559,0.01632659,0.04432358,0E-8,0.000000,0.933652,0.003213,-0.04010948,2026-03-22,2026-08-05,67,528,415,137,0.489051,0.945283,0.961806,1.006619,,,,,,,,GLOBAL_BASELINE_NO_ENTITY_RANKING,,,NOT_APPLICABLE_GLOBAL_BASELINE,HF9g-P5,,,,X 全窗基线 · 不参与实体赏罚,14192426,1420,A168_HF9F_20260827_0900,2026-08-27 09:00:00
2026-07-01,129130207,2129,0,423.0879287087,-116.1958876671,-116.1958876671,0.3333333,9,3,0.46115048333333579,0.293991933333,-0.44411421501740395,0.1495677289252864,-0.44411421501740395,0.16715855000033579,ELIGIBLE,R03b_20260811_FULL_v1,L1_ELIGIBILITY,v2026-08-11,2026-03-21..2026-08-06,baccarat_bet02_101_all_pairs_incl_sentinel,round_win = game_pnl > 0 (decisive only),COMPATIBILITY_ONLY_NOT_PRODUCTION,406609.1881,379631.3579,6638.5409,8714,2252,-0.01632659,-0.04432358,-0.00421410,-0.01632659,-6638.5409,406609.1881,OK,0.0000,265.5416,4.0000,96.0000,AG03-UNRESOLVED,ALL5_LEVELS_bet23_to_bet27,265.5416,265.5416,298.7343,298.7343,298.7343,4.000000,4.000000,4.500000,4.500000,4.500000,96.000000,96.000000,95.500000,95.500000,95.500000,5.0,1427.2863,1309.7925,5211.2546,5328.7484,PENDING_AG03,FALSE,NOT_FOR_ENFORCEMENT,6372.9992,364446.1036,6638.5409,6372.9992,265.5416,0.01632659,0.01567352,265.5416,6372.9992,0.01567352,265.5416,265.5416,298.7343,298.7343,298.7343,6372.9992,0.01567352,1427.2863,1309.7925,5211.2546,5328.7484,0.01281637,0.01310533,0.00065306,46.6616,168.5752,2.9478,99.0827,12.5730,6068.7939,33.6119,44.8794,47.4773,8.4329,14.3073,34.3462,193.1745,204.3903,207.7145,14.3073,-10.2195,14.285714,14.518058,3.261379,29,153,76,7,0.30198559,0.01632659,0.04432358,0E-8,0.000000,0.933652,0.003213,-0.04010948,2026-03-22,2026-08-05,67,528,415,137,0.489051,0.945283,0.961806,1.006619,,,,,,,,GLOBAL_BASELINE_NO_ENTITY_RANKING,,,NOT_APPLICABLE_GLOBAL_BASELINE,HF9g-P5,,,,X 全窗基线 · 不参与实体赏罚,14192427,1420,A168_HF9F_20260827_0900,2026-08-27 09:00:00
2026-07-01,129130207,2149,0,132.8536974206,194.1707885378,194.1707885378,1.0000000,4,1,0.39818880769230769,0.184311250000,1.2293784777650547,2.103712144135556,1.2293784777650547,0.21387755769230769,ELIGIBLE,R03b_20260811_FULL_v1,L1_ELIGIBILITY,v2026-08-11,2026-03-21..2026-08-06,baccarat_bet02_101_all_pairs_incl_sentinel,round_win = game_pnl > 0 (decisive only),COMPATIBILITY_ONLY_NOT_PRODUCTION,406609.1881,379631.3579,6638.5409,8714,2252,-0.01632659,-0.04432358,-0.00421410,-0.01632659,-6638.5409,406609.1881,OK,0.0000,265.5416,4.0000,96.0000,AG03-UNRESOLVED,ALL5_LEVELS_bet23_to_bet27,265.5416,265.5416,298.7343,298.7343,298.7343,4.000000,4.000000,4.500000,4.500000,4.500000,96.000000,96.000000,95.500000,95.500000,95.500000,5.0,1427.2863,1309.7925,5211.2546,5328.7484,PENDING_AG03,FALSE,NOT_FOR_ENFORCEMENT,6372.9992,364446.1036,6638.5409,6372.9992,265.5416,0.01632659,0.01567352,265.5416,6372.9992,0.01567352,265.5416,265.5416,298.7343,298.7343,298.7343,6372.9992,0.01567352,1427.2863,1309.7925,5211.2546,5328.7484,0.01281637,0.01310533,0.00065306,46.6616,168.5752,2.9478,99.0827,12.5730,6068.7939,33.6119,44.8794,47.4773,8.4329,14.3073,34.3462,193.1745,204.3903,207.7145,14.3073,-10.2195,14.285714,14.518058,3.261379,29,153,76,7,0.30198559,0.01632659,0.04432358,0E-8,0.000000,0.933652,0.003213,-0.04010948,2026-03-22,2026-08-05,67,528,415,137,0.489051,0.945283,0.961806,1.006619,,,,,,,,GLOBAL_BASELINE_NO_ENTITY_RANKING,,,NOT_APPLICABLE_GLOBAL_BASELINE,HF9g-P5,,,,X 全窗基线 · 不参与实体赏罚,14192428,1420,A168_HF9F_20260827_0900,2026-08-27 09:00:00
2026-07-01,129130207,2167,0,2054.1225524263,161.4683399419,161.4683399419,0.6250000,32,8,0.40954361238019602,0.184311250000,1.2392541349668098,3.2146877763496136,1.2392541349668098,0.22523236238019602,ELIGIBLE,R03b_20260811_FULL_v1,L1_ELIGIBILITY,v2026-08-11,2026-03-21..2026-08-06,baccarat_bet02_101_all_pairs_incl_sentinel,round_win = game_pnl > 0 (decisive only),COMPATIBILITY_ONLY_NOT_PRODUCTION,406609.1881,379631.3579,6638.5409,8714,2252,-0.01632659,-0.04432358,-0.00421410,-0.01632659,-6638.5409,406609.1881,OK,0.0000,265.5416,4.0000,96.0000,AG03-UNRESOLVED,ALL5_LEVELS_bet23_to_bet27,265.5416,265.5416,298.7343,298.7343,298.7343,4.000000,4.000000,4.500000,4.500000,4.500000,96.000000,96.000000,95.500000,95.500000,95.500000,5.0,1427.2863,1309.7925,5211.2546,5328.7484,PENDING_AG03,FALSE,NOT_FOR_ENFORCEMENT,6372.9992,364446.1036,6638.5409,6372.9992,265.5416,0.01632659,0.01567352,265.5416,6372.9992,0.01567352,265.5416,265.5416,298.7343,298.7343,298.7343,6372.9992,0.01567352,1427.2863,1309.7925,5211.2546,5328.7484,0.01281637,0.01310533,0.00065306,46.6616,168.5752,2.9478,99.0827,12.5730,6068.7939,33.6119,44.8794,47.4773,8.4329,14.3073,34.3462,193.1745,204.3903,207.7145,14.3073,-10.2195,14.285714,14.518058,3.261379,29,153,76,7,0.30198559,0.01632659,0.04432358,0E-8,0.000000,0.933652,0.003213,-0.04010948,2026-03-22,2026-08-05,67,528,415,137,0.489051,0.945283,0.961806,1.006619,,,,,,,,GLOBAL_BASELINE_NO_ENTITY_RANKING,,,NOT_APPLICABLE_GLOBAL_BASELINE,HF9g-P5,,,,X 全窗基线 · 不参与实体赏罚,14192429,1420,A168_HF9F_20260827_0900,2026-08-27 09:00:00
2026-07-01,129130207,2196,0,139.8029677474,-115.6849119079,-115.6849119079,0.5000000,6,2,0.47352420931664435,0.377714920000,0.07499004948881242,0.3567070604482,0.07499004948881242,0.09580928931664435,ELIGIBLE,R03b_20260811_FULL_v1,L1_ELIGIBILITY,v2026-08-11,2026-03-21..2026-08-06,baccarat_bet02_101_all_pairs_incl_sentinel,round_win = game_pnl > 0 (decisive only),COMPATIBILITY_ONLY_NOT_PRODUCTION,406609.1881,379631.3579,6638.5409,8714,2252,-0.01632659,-0.04432358,-0.00421410,-0.01632659,-6638.5409,406609.1881,OK,0.0000,265.5416,4.0000,96.0000,AG03-UNRESOLVED,ALL5_LEVELS_bet23_to_bet27,265.5416,265.5416,298.7343,298.7343,298.7343,4.000000,4.000000,4.500000,4.500000,4.500000,96.000000,96.000000,95.500000,95.500000,95.500000,5.0,1427.2863,1309.7925,5211.2546,5328.7484,PENDING_AG03,FALSE,NOT_FOR_ENFORCEMENT,6372.9992,364446.1036,6638.5409,6372.9992,265.5416,0.01632659,0.01567352,265.5416,6372.9992,0.01567352,265.5416,265.5416,298.7343,298.7343,298.7343,6372.9992,0.01567352,1427.2863,1309.7925,5211.2546,5328.7484,0.01281637,0.01310533,0.00065306,46.6616,168.5752,2.9478,99.0827,12.5730,6068.7939,33.6119,44.8794,47.4773,8.4329,14.3073,34.3462,193.1745,204.3903,207.7145,14.3073,-10.2195,14.285714,14.518058,3.261379,29,153,76,7,0.30198559,0.01632659,0.04432358,0E-8,0.000000,0.933652,0.003213,-0.04010948,2026-03-22,2026-08-05,67,528,415,137,0.489051,0.945283,0.961806,1.006619,,,,,,,,GLOBAL_BASELINE_NO_ENTITY_RANKING,,,NOT_APPLICABLE_GLOBAL_BASELINE,HF9g-P5,,,,X 全窗基线 · 不参与实体赏罚,14192430,1420,A168_HF9F_20260827_0900,2026-08-27 09:00:00
2026-07-01,129130207,2248,0,760.3319298534,-179.8634672772,-179.8634672772,0.3333333,12,3,0.41365023383890399,0.184311250000,-0.28247014474114523,0.6656916345198051,-0.28247014474114523,0.22933898383890399,ELIGIBLE,R03b_20260811_FULL_v1,L1_ELIGIBILITY,v2026-08-11,2026-03-21..2026-08-06,baccarat_bet02_101_all_pairs_incl_sentinel,round_win = game_pnl > 0 (decisive only),COMPATIBILITY_ONLY_NOT_PRODUCTION,406609.1881,379631.3579,6638.5409,8714,2252,-0.01632659,-0.04432358,-0.00421410,-0.01632659,-6638.5409,406609.1881,OK,0.0000,265.5416,4.0000,96.0000,AG03-UNRESOLVED,ALL5_LEVELS_bet23_to_bet27,265.5416,265.5416,298.7343,298.7343,298.7343,4.000000,4.000000,4.500000,4.500000,4.500000,96.000000,96.000000,95.500000,95.500000,95.500000,5.0,1427.2863,1309.7925,5211.2546,5328.7484,PENDING_AG03,FALSE,NOT_FOR_ENFORCEMENT,6372.9992,364446.1036,6638.5409,6372.9992,265.5416,0.01632659,0.01567352,265.5416,6372.9992,0.01567352,265.5416,265.5416,298.7343,298.7343,298.7343,6372.9992,0.01567352,1427.2863,1309.7925,5211.2546,5328.7484,0.01281637,0.01310533,0.00065306,46.6616,168.5752,2.9478,99.0827,12.5730,6068.7939,33.6119,44.8794,47.4773,8.4329,14.3073,34.3462,193.1745,204.3903,207.7145,14.3073,-10.2195,14.285714,14.518058,3.261379,29,153,76,7,0.30198559,0.01632659,0.04432358,0E-8,0.000000,0.933652,0.003213,-0.04010948,2026-03-22,2026-08-05,67,528,415,137,0.489051,0.945283,0.961806,1.006619,,,,,,,,GLOBAL_BASELINE_NO_ENTITY_RANKING,,,NOT_APPLICABLE_GLOBAL_BASELINE,HF9g-P5,,,,X 全窗基线 · 不参与实体赏罚,14192431,1420,A168_HF9F_20260827_0900,2026-08-27 09:00:00
2026-07-01,129130207,2252,0,506.8879532357,-506.8879532357,-506.8879532357,0E-7,8,2,0.41371508462928440,0.184311250000,-1.1879859811385851,-0.6722467074763285,-1.1879859811385851,0.22940383462928440,ELIGIBLE,R03b_20260811_FULL_v1,L1_ELIGIBILITY,v2026-08-11,2026-03-21..2026-08-06,baccarat_bet02_101_all_pairs_incl_sentinel,round_win = game_pnl > 0 (decisive only),COMPATIBILITY_ONLY_NOT_PRODUCTION,406609.1881,379631.3579,6638.5409,8714,2252,-0.01632659,-0.04432358,-0.00421410,-0.01632659,-6638.5409,406609.1881,OK,0.0000,265.5416,4.0000,96.0000,AG03-UNRESOLVED,ALL5_LEVELS_bet23_to_bet27,265.5416,265.5416,298.7343,298.7343,298.7343,4.000000,4.000000,4.500000,4.500000,4.500000,96.000000,96.000000,95.500000,95.500000,95.500000,5.0,1427.2863,1309.7925,5211.2546,5328.7484,PENDING_AG03,FALSE,NOT_FOR_ENFORCEMENT,6372.9992,364446.1036,6638.5409,6372.9992,265.5416,0.01632659,0.01567352,265.5416,6372.9992,0.01567352,265.5416,265.5416,298.7343,298.7343,298.7343,6372.9992,0.01567352,1427.2863,1309.7925,5211.2546,5328.7484,0.01281637,0.01310533,0.00065306,46.6616,168.5752,2.9478,99.0827,12.5730,6068.7939,33.6119,44.8794,47.4773,8.4329,14.3073,34.3462,193.1745,204.3903,207.7145,14.3073,-10.2195,14.285714,14.518058,3.261379,29,153,76,7,0.30198559,0.01632659,0.04432358,0E-8,0.000000,0.933652,0.003213,-0.04010948,2026-03-22,2026-08-05,67,528,415,137,0.489051,0.945283,0.961806,1.006619,,,,,,,,GLOBAL_BASELINE_NO_ENTITY_RANKING,,,NOT_APPLICABLE_GLOBAL_BASELINE,HF9g-P5,,,,X 全窗基线 · 不参与实体赏罚,14192432,1420,A168_HF9F_20260827_0900,2026-08-27 09:00:00
2026-07-01,129130207,526,0,40.8780607448,-40.8780607448,-40.8780607448,0E-7,1,1,0.50665070000000000,0.506650700000,-1.013391052207602,-1.013391052207602,-1.013391052207602,0E-17,ELIGIBLE,R03b_20260811_FULL_v1,L1_ELIGIBILITY,v2026-08-11,2026-03-21..2026-08-06,baccarat_bet02_101_all_pairs_incl_sentinel,round_win = game_pnl > 0 (decisive only),COMPATIBILITY_ONLY_NOT_PRODUCTION,406609.1881,379631.3579,6638.5409,8714,2252,-0.01632659,-0.04432358,-0.00421410,-0.01632659,-6638.5409,406609.1881,OK,0.0000,265.5416,4.0000,96.0000,AG03-UNRESOLVED,ALL5_LEVELS_bet23_to_bet27,265.5416,265.5416,298.7343,298.7343,298.7343,4.000000,4.000000,4.500000,4.500000,4.500000,96.000000,96.000000,95.500000,95.500000,95.500000,5.0,1427.2863,1309.7925,5211.2546,5328.7484,PENDING_AG03,FALSE,NOT_FOR_ENFORCEMENT,6372.9992,364446.1036,6638.5409,6372.9992,265.5416,0.01632659,0.01567352,265.5416,6372.9992,0.01567352,265.5416,265.5416,298.7343,298.7343,298.7343,6372.9992,0.01567352,1427.2863,1309.7925,5211.2546,5328.7484,0.01281637,0.01310533,0.00065306,46.6616,168.5752,2.9478,99.0827,12.5730,6068.7939,33.6119,44.8794,47.4773,8.4329,14.3073,34.3462,193.1745,204.3903,207.7145,14.3073,-10.2195,14.285714,14.518058,3.261379,29,153,76,7,0.30198559,0.01632659,0.04432358,0E-8,0.000000,0.933652,0.003213,-0.04010948,2026-03-22,2026-08-05,67,528,415,137,0.489051,0.945283,0.961806,1.006619,,,,,,,,GLOBAL_BASELINE_NO_ENTITY_RANKING,,,NOT_APPLICABLE_GLOBAL_BASELINE,HF9g-P5,,,,X 全窗基线 · 不参与实体赏罚,14192433,1420,A168_HF9F_20260827_0900,2026-08-27 09:00:00
2026-07-01,129130207,550,0,741.9368025183,580.4684625760,580.4684625760,1.0000000,12,3,0.42175658264454551,0.184311250000,2.0280798087322935,3.6437363181424454,2.0280798087322935,0.23744533264454551,ELIGIBLE,R03b_20260811_FULL_v1,L1_ELIGIBILITY,v2026-08-11,2026-03-21..2026-08-06,baccarat_bet02_101_all_pairs_incl_sentinel,round_win = game_pnl > 0 (decisive only),COMPATIBILITY_ONLY_NOT_PRODUCTION,406609.1881,379631.3579,6638.5409,8714,2252,-0.01632659,-0.04432358,-0.00421410,-0.01632659,-6638.5409,406609.1881,OK,0.0000,265.5416,4.0000,96.0000,AG03-UNRESOLVED,ALL5_LEVELS_bet23_to_bet27,265.5416,265.5416,298.7343,298.7343,298.7343,4.000000,4.000000,4.500000,4.500000,4.500000,96.000000,96.000000,95.500000,95.500000,95.500000,5.0,1427.2863,1309.7925,5211.2546,5328.7484,PENDING_AG03,FALSE,NOT_FOR_ENFORCEMENT,6372.9992,364446.1036,6638.5409,6372.9992,265.5416,0.01632659,0.01567352,265.5416,6372.9992,0.01567352,265.5416,265.5416,298.7343,298.7343,298.7343,6372.9992,0.01567352,1427.2863,1309.7925,5211.2546,5328.7484,0.01281637,0.01310533,0.00065306,46.6616,168.5752,2.9478,99.0827,12.5730,6068.7939,33.6119,44.8794,47.4773,8.4329,14.3073,34.3462,193.1745,204.3903,207.7145,14.3073,-10.2195,14.285714,14.518058,3.261379,29,153,76,7,0.30198559,0.01632659,0.04432358,0E-8,0.000000,0.933652,0.003213,-0.04010948,2026-03-22,2026-08-05,67,528,415,137,0.489051,0.945283,0.961806,1.006619,,,,,,,,GLOBAL_BASELINE_NO_ENTITY_RANKING,,,NOT_APPLICABLE_GLOBAL_BASELINE,HF9g-P5,,,,X 全窗基线 · 不参与实体赏罚,14192434,1420,A168_HF9F_20260827_0900,2026-08-27 09:00:00
2026-07-01,129130207,772,0,247.3122675061,-247.3122675061,-247.3122675061,0E-7,4,1,0.43283526033049324,0.187662550000,-0.8735880906328893,-0.48064072822218945,-0.8735880906328893,0.24517271033049324,ELIGIBLE,R03b_20260811_FULL_v1,L1_ELIGIBILITY,v2026-08-11,2026-03-21..2026-08-06,baccarat_bet02_101_all_pairs_incl_sentinel,round_win = game_pnl > 0 (decisive only),COMPATIBILITY_ONLY_NOT_PRODUCTION,406609.1881,379631.3579,6638.5409,8714,2252,-0.01632659,-0.04432358,-0.00421410,-0.01632659,-6638.5409,406609.1881,OK,0.0000,265.5416,4.0000,96.0000,AG03-UNRESOLVED,ALL5_LEVELS_bet23_to_bet27,265.5416,265.5416,298.7343,298.7343,298.7343,4.000000,4.000000,4.500000,4.500000,4.500000,96.000000,96.000000,95.500000,95.500000,95.500000,5.0,1427.2863,1309.7925,5211.2546,5328.7484,PENDING_AG03,FALSE,NOT_FOR_ENFORCEMENT,6372.9992,364446.1036,6638.5409,6372.9992,265.5416,0.01632659,0.01567352,265.5416,6372.9992,0.01567352,265.5416,265.5416,298.7343,298.7343,298.7343,6372.9992,0.01567352,1427.2863,1309.7925,5211.2546,5328.7484,0.01281637,0.01310533,0.00065306,46.6616,168.5752,2.9478,99.0827,12.5730,6068.7939,33.6119,44.8794,47.4773,8.4329,14.3073,34.3462,193.1745,204.3903,207.7145,14.3073,-10.2195,14.285714,14.518058,3.261379,29,153,76,7,0.30198559,0.01632659,0.04432358,0E-8,0.000000,0.933652,0.003213,-0.04010948,2026-03-22,2026-08-05,67,528,415,137,0.489051,0.945283,0.961806,1.006619,,,,,,,,GLOBAL_BASELINE_NO_ENTITY_RANKING,,,NOT_APPLICABLE_GLOBAL_BASELINE,HF9g-P5,,,,X 全窗基线 · 不参与实体赏罚,14192435,1420,A168_HF9F_20260827_0900,2026-08-27 09:00:00
2026-07-01,129130207,919,0,831.8685361568,-596.8196868742,-596.8196868742,0.2000000,19,5,0.35521185511258945,0.165726413333,-0.725199747132293,0.20610780795781924,-0.725199747132293,0.18948544177958945,ELIGIBLE,R03b_20260811_FULL_v1,L1_ELIGIBILITY,v2026-08-11,2026-03-21..2026-08-06,baccarat_bet02_101_all_pairs_incl_sentinel,round_win = game_pnl > 0 (decisive only),COMPATIBILITY_ONLY_NOT_PRODUCTION,406609.1881,379631.3579,6638.5409,8714,2252,-0.01632659,-0.04432358,-0.00421410,-0.01632659,-6638.5409,406609.1881,OK,0.0000,265.5416,4.0000,96.0000,AG03-UNRESOLVED,ALL5_LEVELS_bet23_to_bet27,265.5416,265.5416,298.7343,298.7343,298.7343,4.000000,4.000000,4.500000,4.500000,4.500000,96.000000,96.000000,95.500000,95.500000,95.500000,5.0,1427.2863,1309.7925,5211.2546,5328.7484,PENDING_AG03,FALSE,NOT_FOR_ENFORCEMENT,6372.9992,364446.1036,6638.5409,6372.9992,265.5416,0.01632659,0.01567352,265.5416,6372.9992,0.01567352,265.5416,265.5416,298.7343,298.7343,298.7343,6372.9992,0.01567352,1427.2863,1309.7925,5211.2546,5328.7484,0.01281637,0.01310533,0.00065306,46.6616,168.5752,2.9478,99.0827,12.5730,6068.7939,33.6119,44.8794,47.4773,8.4329,14.3073,34.3462,193.1745,204.3903,207.7145,14.3073,-10.2195,14.285714,14.518058,3.261379,29,153,76,7,0.30198559,0.01632659,0.04432358,0E-8,0.000000,0.933652,0.003213,-0.04010948,2026-03-22,2026-08-05,67,528,415,137,0.489051,0.945283,0.961806,1.006619,,,,,,,,GLOBAL_BASELINE_NO_ENTITY_RANKING,,,NOT_APPLICABLE_GLOBAL_BASELINE,HF9g-P5,,,,X 全窗基线 · 不参与实体赏罚,14192436,1420,A168_HF9F_20260827_0900,2026-08-27 09:00:00
2026-07-02,129130207,-1,1,2002.4118055848,-808.0264072279,-808.0264072279,0.3636364,44,11,0.43251988796195907,0.187662550000,-0.46114057613594023,1.494814645627464,-0.46114057613594023,0.24485733796195907,SENTINEL_DEALER,R03b_20260811_FULL_v1,L1_ELIGIBILITY,v2026-08-11,2026-03-21..2026-08-06,baccarat_bet02_101_all_pairs_incl_sentinel,round_win = game_pnl > 0 (decisive only),COMPATIBILITY_ONLY_NOT_PRODUCTION,406609.1881,379631.3579,6638.5409,8714,2252,-0.01632659,-0.04432358,-0.00421410,-0.01632659,-6638.5409,406609.1881,OK,0.0000,265.5416,4.0000,96.0000,AG03-UNRESOLVED,ALL5_LEVELS_bet23_to_bet27,265.5416,265.5416,298.7343,298.7343,298.7343,4.000000,4.000000,4.500000,4.500000,4.500000,96.000000,96.000000,95.500000,95.500000,95.500000,5.0,1427.2863,1309.7925,5211.2546,5328.7484,PENDING_AG03,FALSE,NOT_FOR_ENFORCEMENT,6372.9992,364446.1036,6638.5409,6372.9992,265.5416,0.01632659,0.01567352,265.5416,6372.9992,0.01567352,265.5416,265.5416,298.7343,298.7343,298.7343,6372.9992,0.01567352,1427.2863,1309.7925,5211.2546,5328.7484,0.01281637,0.01310533,0.00065306,46.6616,168.5752,2.9478,99.0827,12.5730,6068.7939,33.6119,44.8794,47.4773,8.4329,14.3073,34.3462,193.1745,204.3903,207.7145,14.3073,-10.2195,14.285714,14.518058,3.261379,29,153,76,7,0.30198559,0.01632659,0.04432358,0E-8,0.000000,0.933652,0.003213,-0.04010948,2026-03-22,2026-08-05,67,528,415,137,0.489051,0.945283,0.961806,1.006619,,,,,,,,GLOBAL_BASELINE_NO_ENTITY_RANKING,,,NOT_APPLICABLE_GLOBAL_BASELINE,HF9g-P5,,,,X 全窗基线 · 不参与实体赏罚,14192437,1420,A168_HF9F_20260827_0900,2026-08-27 09:00:00
2026-07-02,129130207,1205,0,1880.3907942613,202.3464006865,202.3464006865,0.6428571,56,14,0.41563570442627312,0.184550628571,1.7251031268528376,4.420422518260648,1.7251031268528376,0.23108507585527312,ELIGIBLE,R03b_20260811_FULL_v1,L1_ELIGIBILITY,v2026-08-11,2026-03-21..2026-08-06,baccarat_bet02_101_all_pairs_incl_sentinel,round_win = game_pnl > 0 (decisive only),COMPATIBILITY_ONLY_NOT_PRODUCTION,406609.1881,379631.3579,6638.5409,8714,2252,-0.01632659,-0.04432358,-0.00421410,-0.01632659,-6638.5409,406609.1881,OK,0.0000,265.5416,4.0000,96.0000,AG03-UNRESOLVED,ALL5_LEVELS_bet23_to_bet27,265.5416,265.5416,298.7343,298.7343,298.7343,4.000000,4.000000,4.500000,4.500000,4.500000,96.000000,96.000000,95.500000,95.500000,95.500000,5.0,1427.2863,1309.7925,5211.2546,5328.7484,PENDING_AG03,FALSE,NOT_FOR_ENFORCEMENT,6372.9992,364446.1036,6638.5409,6372.9992,265.5416,0.01632659,0.01567352,265.5416,6372.9992,0.01567352,265.5416,265.5416,298.7343,298.7343,298.7343,6372.9992,0.01567352,1427.2863,1309.7925,5211.2546,5328.7484,0.01281637,0.01310533,0.00065306,46.6616,168.5752,2.9478,99.0827,12.5730,6068.7939,33.6119,44.8794,47.4773,8.4329,14.3073,34.3462,193.1745,204.3903,207.7145,14.3073,-10.2195,14.285714,14.518058,3.261379,29,153,76,7,0.30198559,0.01632659,0.04432358,0E-8,0.000000,0.933652,0.003213,-0.04010948,2026-03-22,2026-08-05,67,528,415,137,0.489051,0.945283,0.961806,1.006619,,,,,,,,GLOBAL_BASELINE_NO_ENTITY_RANKING,,,NOT_APPLICABLE_GLOBAL_BASELINE,HF9g-P5,,,,X 全窗基线 · 不参与实体赏罚,14192438,1420,A168_HF9F_20260827_0900,2026-08-27 09:00:00
2026-07-02,129130207,2121,0,1286.8413522473,-127.9789886775,-127.9789886775,0.4000000,40,10,0.43415028043807512,0.186992290000,-0.21788316685780817,1.7275719390839566,-0.21788316685780817,0.24715799043807512,ELIGIBLE,R03b_20260811_FULL_v1,L1_ELIGIBILITY,v2026-08-11,2026-03-21..2026-08-06,baccarat_bet02_101_all_pairs_incl_sentinel,round_win = game_pnl > 0 (decisive only),COMPATIBILITY_ONLY_NOT_PRODUCTION,406609.1881,379631.3579,6638.5409,8714,2252,-0.01632659,-0.04432358,-0.00421410,-0.01632659,-6638.5409,406609.1881,OK,0.0000,265.5416,4.0000,96.0000,AG03-UNRESOLVED,ALL5_LEVELS_bet23_to_bet27,265.5416,265.5416,298.7343,298.7343,298.7343,4.000000,4.000000,4.500000,4.500000,4.500000,96.000000,96.000000,95.500000,95.500000,95.500000,5.0,1427.2863,1309.7925,5211.2546,5328.7484,PENDING_AG03,FALSE,NOT_FOR_ENFORCEMENT,6372.9992,364446.1036,6638.5409,6372.9992,265.5416,0.01632659,0.01567352,265.5416,6372.9992,0.01567352,265.5416,265.5416,298.7343,298.7343,298.7343,6372.9992,0.01567352,1427.2863,1309.7925,5211.2546,5328.7484,0.01281637,0.01310533,0.00065306,46.6616,168.5752,2.9478,99.0827,12.5730,6068.7939,33.6119,44.8794,47.4773,8.4329,14.3073,34.3462,193.1745,204.3903,207.7145,14.3073,-10.2195,14.285714,14.518058,3.261379,29,153,76,7,0.30198559,0.01632659,0.04432358,0E-8,0.000000,0.933652,0.003213,-0.04010948,2026-03-22,2026-08-05,67,528,415,137,0.489051,0.945283,0.961806,1.006619,,,,,,,,GLOBAL_BASELINE_NO_ENTITY_RANKING,,,NOT_APPLICABLE_GLOBAL_BASELINE,HF9g-P5,,,,X 全窗基线 · 不参与实体赏罚,14192439,1420,A168_HF9F_20260827_0900,2026-08-27 09:00:00
2026-07-02,129130207,2235,0,1524.7516657813,32.7024485956,32.7024485956,0.6250000,32,8,0.42655285519334102,0.184311250000,1.1348977219725405,3.2146877763496136,1.1348977219725405,0.24224160519334102,ELIGIBLE,R03b_20260811_FULL_v1,L1_ELIGIBILITY,v2026-08-11,2026-03-21..2026-08-06,baccarat_bet02_101_all_pairs_incl_sentinel,round_win = game_pnl > 0 (decisive only),COMPATIBILITY_ONLY_NOT_PRODUCTION,406609.1881,379631.3579,6638.5409,8714,2252,-0.01632659,-0.04432358,-0.00421410,-0.01632659,-6638.5409,406609.1881,OK,0.0000,265.5416,4.0000,96.0000,AG03-UNRESOLVED,ALL5_LEVELS_bet23_to_bet27,265.5416,265.5416,298.7343,298.7343,298.7343,4.000000,4.000000,4.500000,4.500000,4.500000,96.000000,96.000000,95.500000,95.500000,95.500000,5.0,1427.2863,1309.7925,5211.2546,5328.7484,PENDING_AG03,FALSE,NOT_FOR_ENFORCEMENT,6372.9992,364446.1036,6638.5409,6372.9992,265.5416,0.01632659,0.01567352,265.5416,6372.9992,0.01567352,265.5416,265.5416,298.7343,298.7343,298.7343,6372.9992,0.01567352,1427.2863,1309.7925,5211.2546,5328.7484,0.01281637,0.01310533,0.00065306,46.6616,168.5752,2.9478,99.0827,12.5730,6068.7939,33.6119,44.8794,47.4773,8.4329,14.3073,34.3462,193.1745,204.3903,207.7145,14.3073,-10.2195,14.285714,14.518058,3.261379,29,153,76,7,0.30198559,0.01632659,0.04432358,0E-8,0.000000,0.933652,0.003213,-0.04010948,2026-03-22,2026-08-05,67,528,415,137,0.489051,0.945283,0.961806,1.006619,,,,,,,,GLOBAL_BASELINE_NO_ENTITY_RANKING,,,NOT_APPLICABLE_GLOBAL_BASELINE,HF9g-P5,,,,X 全窗基线 · 不参与实体赏罚,14192440,1420,A168_HF9F_20260827_0900,2026-08-27 09:00:00
2026-07-02,129130207,471,0,75.6244123779,-75.6244123779,-75.6244123779,0E-7,4,1,0.41567477837828294,0.184311250000,-0.843430925068376,-0.47535020548684115,-0.843430925068376,0.23136352837828294,ELIGIBLE,R03b_20260811_FULL_v1,L1_ELIGIBILITY,v2026-08-11,2026-03-21..2026-08-06,baccarat_bet02_101_all_pairs_incl_sentinel,round_win = game_pnl > 0 (decisive only),COMPATIBILITY_ONLY_NOT_PRODUCTION,406609.1881,379631.3579,6638.5409,8714,2252,-0.01632659,-0.04432358,-0.00421410,-0.01632659,-6638.5409,406609.1881,OK,0.0000,265.5416,4.0000,96.0000,AG03-UNRESOLVED,ALL5_LEVELS_bet23_to_bet27,265.5416,265.5416,298.7343,298.7343,298.7343,4.000000,4.000000,4.500000,4.500000,4.500000,96.000000,96.000000,95.500000,95.500000,95.500000,5.0,1427.2863,1309.7925,5211.2546,5328.7484,PENDING_AG03,FALSE,NOT_FOR_ENFORCEMENT,6372.9992,364446.1036,6638.5409,6372.9992,265.5416,0.01632659,0.01567352,265.5416,6372.9992,0.01567352,265.5416,265.5416,298.7343,298.7343,298.7343,6372.9992,0.01567352,1427.2863,1309.7925,5211.2546,5328.7484,0.01281637,0.01310533,0.00065306,46.6616,168.5752,2.9478,99.0827,12.5730,6068.7939,33.6119,44.8794,47.4773,8.4329,14.3073,34.3462,193.1745,204.3903,207.7145,14.3073,-10.2195,14.285714,14.518058,3.261379,29,153,76,7,0.30198559,0.01632659,0.04432358,0E-8,0.000000,0.933652,0.003213,-0.04010948,2026-03-22,2026-08-05,67,528,415,137,0.489051,0.945283,0.961806,1.006619,,,,,,,,GLOBAL_BASELINE_NO_ENTITY_RANKING,,,NOT_APPLICABLE_GLOBAL_BASELINE,HF9g-P5,,,,X 全窗基线 · 不参与实体赏罚,14192441,1420,A168_HF9F_20260827_0900,2026-08-27 09:00:00
2026-07-03,129130207,-1,1,247.3122675061,151.2488247557,151.2488247557,1.0000000,4,1,0.43283526033049324,0.187662550000,1.144704249889131,2.080556102057424,1.144704249889131,0.24517271033049324,SENTINEL_DEALER,R03b_20260811_FULL_v1,L1_ELIGIBILITY,v2026-08-11,2026-03-21..2026-08-06,baccarat_bet02_101_all_pairs_incl_sentinel,round_win = game_pnl > 0 (decisive only),COMPATIBILITY_ONLY_NOT_PRODUCTION,406609.1881,379631.3579,6638.5409,8714,2252,-0.01632659,-0.04432358,-0.00421410,-0.01632659,-6638.5409,406609.1881,OK,0.0000,265.5416,4.0000,96.0000,AG03-UNRESOLVED,ALL5_LEVELS_bet23_to_bet27,265.5416,265.5416,298.7343,298.7343,298.7343,4.000000,4.000000,4.500000,4.500000,4.500000,96.000000,96.000000,95.500000,95.500000,95.500000,5.0,1427.2863,1309.7925,5211.2546,5328.7484,PENDING_AG03,FALSE,NOT_FOR_ENFORCEMENT,6372.9992,364446.1036,6638.5409,6372.9992,265.5416,0.01632659,0.01567352,265.5416,6372.9992,0.01567352,265.5416,265.5416,298.7343,298.7343,298.7343,6372.9992,0.01567352,1427.2863,1309.7925,5211.2546,5328.7484,0.01281637,0.01310533,0.00065306,46.6616,168.5752,2.9478,99.0827,12.5730,6068.7939,33.6119,44.8794,47.4773,8.4329,14.3073,34.3462,193.1745,204.3903,207.7145,14.3073,-10.2195,14.285714,14.518058,3.261379,29,153,76,7,0.30198559,0.01632659,0.04432358,0E-8,0.000000,0.933652,0.003213,-0.04010948,2026-03-22,2026-08-05,67,528,415,137,0.489051,0.945283,0.961806,1.006619,,,,,,,,GLOBAL_BASELINE_NO_ENTITY_RANKING,,,NOT_APPLICABLE_GLOBAL_BASELINE,HF9g-P5,,,,X 全窗基线 · 不参与实体赏罚,14192442,1420,A168_HF9F_20260827_0900,2026-08-27 09:00:00
2026-07-03,129130207,1210,0,488.4928259003,-89.9317336385,-89.9317336385,0.5000000,8,2,0.43775283870971802,0.187662550000,0.17744200140128968,1.1313110101635044,0.17744200140128968,0.25009028870971802,ELIGIBLE,R03b_20260811_FULL_v1,L1_ELIGIBILITY,v2026-08-11,2026-03-21..2026-08-06,baccarat_bet02_101_all_pairs_incl_sentinel,round_win = game_pnl > 0 (decisive only),COMPATIBILITY_ONLY_NOT_PRODUCTION,406609.1881,379631.3579,6638.5409,8714,2252,-0.01632659,-0.04432358,-0.00421410,-0.01632659,-6638.5409,406609.1881,OK,0.0000,265.5416,4.0000,96.0000,AG03-UNRESOLVED,ALL5_LEVELS_bet23_to_bet27,265.5416,265.5416,298.7343,298.7343,298.7343,4.000000,4.000000,4.500000,4.500000,4.500000,96.000000,96.000000,95.500000,95.500000,95.500000,5.0,1427.2863,1309.7925,5211.2546,5328.7484,PENDING_AG03,FALSE,NOT_FOR_ENFORCEMENT,6372.9992,364446.1036,6638.5409,6372.9992,265.5416,0.01632659,0.01567352,265.5416,6372.9992,0.01567352,265.5416,265.5416,298.7343,298.7343,298.7343,6372.9992,0.01567352,1427.2863,1309.7925,5211.2546,5328.7484,0.01281637,0.01310533,0.00065306,46.6616,168.5752,2.9478,99.0827,12.5730,6068.7939,33.6119,44.8794,47.4773,8.4329,14.3073,34.3462,193.1745,204.3903,207.7145,14.3073,-10.2195,14.285714,14.518058,3.261379,29,153,76,7,0.30198559,0.01632659,0.04432358,0E-8,0.000000,0.933652,0.003213,-0.04010948,2026-03-22,2026-08-05,67,528,415,137,0.489051,0.945283,0.961806,1.006619,,,,,,,,GLOBAL_BASELINE_NO_ENTITY_RANKING,,,NOT_APPLICABLE_GLOBAL_BASELINE,HF9g-P5,,,,X 全窗基线 · 不参与实体赏罚,14192443,1420,A168_HF9F_20260827_0900,2026-08-27 09:00:00
2026-07-03,129130207,1330,0,737.8489964435,646.0777500716,646.0777500716,1.0000000,12,3,0.43295165839761650,0.187662550000,1.9822159478465537,3.6036288767609164,1.9822159478465537,0.24528910839761650,ELIGIBLE,R03b_20260811_FULL_v1,L1_ELIGIBILITY,v2026-08-11,2026-03-21..2026-08-06,baccarat_bet02_101_all_pairs_incl_sentinel,round_win = game_pnl > 0 (decisive only),COMPATIBILITY_ONLY_NOT_PRODUCTION,406609.1881,379631.3579,6638.5409,8714,2252,-0.01632659,-0.04432358,-0.00421410,-0.01632659,-6638.5409,406609.1881,OK,0.0000,265.5416,4.0000,96.0000,AG03-UNRESOLVED,ALL5_LEVELS_bet23_to_bet27,265.5416,265.5416,298.7343,298.7343,298.7343,4.000000,4.000000,4.500000,4.500000,4.500000,96.000000,96.000000,95.500000,95.500000,95.500000,5.0,1427.2863,1309.7925,5211.2546,5328.7484,PENDING_AG03,FALSE,NOT_FOR_ENFORCEMENT,6372.9992,364446.1036,6638.5409,6372.9992,265.5416,0.01632659,0.01567352,265.5416,6372.9992,0.01567352,265.5416,265.5416,298.7343,298.7343,298.7343,6372.9992,0.01567352,1427.2863,1309.7925,5211.2546,5328.7484,0.01281637,0.01310533,0.00065306,46.6616,168.5752,2.9478,99.0827,12.5730,6068.7939,33.6119,44.8794,47.4773,8.4329,14.3073,34.3462,193.1745,204.3903,207.7145,14.3073,-10.2195,14.285714,14.518058,3.261379,29,153,76,7,0.30198559,0.01632659,0.04432358,0E-8,0.000000,0.933652,0.003213,-0.04010948,2026-03-22,2026-08-05,67,528,415,137,0.489051,0.945283,0.961806,1.006619,,,,,,,,GLOBAL_BASELINE_NO_ENTITY_RANKING,,,NOT_APPLICABLE_GLOBAL_BASELINE,HF9g-P5,,,,X 全窗基线 · 不参与实体赏罚,14192444,1420,A168_HF9F_20260827_0900,2026-08-27 09:00:00
2026-07-03,129130207,1942,0,247.3122675061,-247.3122675061,-247.3122675061,0E-7,4,1,0.42175658264454551,0.184311250000,-0.8540348363566337,-0.47535020548684115,-0.8540348363566337,0.23744533264454551,ELIGIBLE,R03b_20260811_FULL_v1,L1_ELIGIBILITY,v2026-08-11,2026-03-21..2026-08-06,baccarat_bet02_101_all_pairs_incl_sentinel,round_win = game_pnl > 0 (decisive only),COMPATIBILITY_ONLY_NOT_PRODUCTION,406609.1881,379631.3579,6638.5409,8714,2252,-0.01632659,-0.04432358,-0.00421410,-0.01632659,-6638.5409,406609.1881,OK,0.0000,265.5416,4.0000,96.0000,AG03-UNRESOLVED,ALL5_LEVELS_bet23_to_bet27,265.5416,265.5416,298.7343,298.7343,298.7343,4.000000,4.000000,4.500000,4.500000,4.500000,96.000000,96.000000,95.500000,95.500000,95.500000,5.0,1427.2863,1309.7925,5211.2546,5328.7484,PENDING_AG03,FALSE,NOT_FOR_ENFORCEMENT,6372.9992,364446.1036,6638.5409,6372.9992,265.5416,0.01632659,0.01567352,265.5416,6372.9992,0.01567352,265.5416,265.5416,298.7343,298.7343,298.7343,6372.9992,0.01567352,1427.2863,1309.7925,5211.2546,5328.7484,0.01281637,0.01310533,0.00065306,46.6616,168.5752,2.9478,99.0827,12.5730,6068.7939,33.6119,44.8794,47.4773,8.4329,14.3073,34.3462,193.1745,204.3903,207.7145,14.3073,-10.2195,14.285714,14.518058,3.261379,29,153,76,7,0.30198559,0.01632659,0.04432358,0E-8,0.000000,0.933652,0.003213,-0.04010948,2026-03-22,2026-08-05,67,528,415,137,0.489051,0.945283,0.961806,1.006619,,,,,,,,GLOBAL_BASELINE_NO_ENTITY_RANKING,,,NOT_APPLICABLE_GLOBAL_BASELINE,HF9g-P5,,,,X 全窗基线 · 不参与实体赏罚,14192445,1420,A168_HF9F_20260827_0900,2026-08-27 09:00:00
2026-07-03,129130207,1994,0,1986.6737521976,321.9147283650,321.9147283650,0.7777778,36,9,0.42960200792352597,0.187662550000,2.1100738433237622,4.534203752652529,2.1100738433237622,0.24193945792352597,ELIGIBLE,R03b_20260811_FULL_v1,L1_ELIGIBILITY,v2026-08-11,2026-03-21..2026-08-06,baccarat_bet02_101_all_pairs_incl_sentinel,round_win = game_pnl > 0 (decisive only),COMPATIBILITY_ONLY_NOT_PRODUCTION,406609.1881,379631.3579,6638.5409,8714,2252,-0.01632659,-0.04432358,-0.00421410,-0.01632659,-6638.5409,406609.1881,OK,0.0000,265.5416,4.0000,96.0000,AG03-UNRESOLVED,ALL5_LEVELS_bet23_to_bet27,265.5416,265.5416,298.7343,298.7343,298.7343,4.000000,4.000000,4.500000,4.500000,4.500000,96.000000,96.000000,95.500000,95.500000,95.500000,5.0,1427.2863,1309.7925,5211.2546,5328.7484,PENDING_AG03,FALSE,NOT_FOR_ENFORCEMENT,6372.9992,364446.1036,6638.5409,6372.9992,265.5416,0.01632659,0.01567352,265.5416,6372.9992,0.01567352,265.5416,265.5416,298.7343,298.7343,298.7343,6372.9992,0.01567352,1427.2863,1309.7925,5211.2546,5328.7484,0.01281637,0.01310533,0.00065306,46.6616,168.5752,2.9478,99.0827,12.5730,6068.7939,33.6119,44.8794,47.4773,8.4329,14.3073,34.3462,193.1745,204.3903,207.7145,14.3073,-10.2195,14.285714,14.518058,3.261379,29,153,76,7,0.30198559,0.01632659,0.04432358,0E-8,0.000000,0.933652,0.003213,-0.04010948,2026-03-22,2026-08-05,67,528,415,137,0.489051,0.945283,0.961806,1.006619,,,,,,,,GLOBAL_BASELINE_NO_ENTITY_RANKING,,,NOT_APPLICABLE_GLOBAL_BASELINE,HF9g-P5,,,,X 全窗基线 · 不参与实体赏罚,14192446,1420,A168_HF9F_20260827_0900,2026-08-27 09:00:00
2026-07-03,129130207,2117,0,1784.3273515106,398.5610922617,398.5610922617,0.7142857,28,7,0.41225240935884806,0.184311250000,1.6234047966908085,3.616311279783212,1.6234047966908085,0.22794115935884806,ELIGIBLE,R03b_20260811_FULL_v1,L1_ELIGIBILITY,v2026-08-11,2026-03-21..2026-08-06,baccarat_bet02_101_all_pairs_incl_sentinel,round_win = game_pnl > 0 (decisive only),COMPATIBILITY_ONLY_NOT_PRODUCTION,406609.1881,379631.3579,6638.5409,8714,2252,-0.01632659,-0.04432358,-0.00421410,-0.01632659,-6638.5409,406609.1881,OK,0.0000,265.5416,4.0000,96.0000,AG03-UNRESOLVED,ALL5_LEVELS_bet23_to_bet27,265.5416,265.5416,298.7343,298.7343,298.7343,4.000000,4.000000,4.500000,4.500000,4.500000,96.000000,96.000000,95.500000,95.500000,95.500000,5.0,1427.2863,1309.7925,5211.2546,5328.7484,PENDING_AG03,FALSE,NOT_FOR_ENFORCEMENT,6372.9992,364446.1036,6638.5409,6372.9992,265.5416,0.01632659,0.01567352,265.5416,6372.9992,0.01567352,265.5416,265.5416,298.7343,298.7343,298.7343,6372.9992,0.01567352,1427.2863,1309.7925,5211.2546,5328.7484,0.01281637,0.01310533,0.00065306,46.6616,168.5752,2.9478,99.0827,12.5730,6068.7939,33.6119,44.8794,47.4773,8.4329,14.3073,34.3462,193.1745,204.3903,207.7145,14.3073,-10.2195,14.285714,14.518058,3.261379,29,153,76,7,0.30198559,0.01632659,0.04432358,0E-8,0.000000,0.933652,0.003213,-0.04010948,2026-03-22,2026-08-05,67,528,415,137,0.489051,0.945283,0.961806,1.006619,,,,,,,,GLOBAL_BASELINE_NO_ENTITY_RANKING,,,NOT_APPLICABLE_GLOBAL_BASELINE,HF9g-P5,,,,X 全窗基线 · 不参与实体赏罚,14192447,1420,A168_HF9F_20260827_0900,2026-08-27 09:00:00
2026-07-03,129130207,2239,0,1005.6002943222,-177.8195642400,-177.8195642400,0.5000000,16,4,0.41749396277959965,0.184311250000,0.3346111501740269,1.6283619386487154,0.3346111501740269,0.23318271277959965,ELIGIBLE,R03b_20260811_FULL_v1,L1_ELIGIBILITY,v2026-08-11,2026-03-21..2026-08-06,baccarat_bet02_101_all_pairs_incl_sentinel,round_win = game_pnl > 0 (decisive only),COMPATIBILITY_ONLY_NOT_PRODUCTION,406609.1881,379631.3579,6638.5409,8714,2252,-0.01632659,-0.04432358,-0.00421410,-0.01632659,-6638.5409,406609.1881,OK,0.0000,265.5416,4.0000,96.0000,AG03-UNRESOLVED,ALL5_LEVELS_bet23_to_bet27,265.5416,265.5416,298.7343,298.7343,298.7343,4.000000,4.000000,4.500000,4.500000,4.500000,96.000000,96.000000,95.500000,95.500000,95.500000,5.0,1427.2863,1309.7925,5211.2546,5328.7484,PENDING_AG03,FALSE,NOT_FOR_ENFORCEMENT,6372.9992,364446.1036,6638.5409,6372.9992,265.5416,0.01632659,0.01567352,265.5416,6372.9992,0.01567352,265.5416,265.5416,298.7343,298.7343,298.7343,6372.9992,0.01567352,1427.2863,1309.7925,5211.2546,5328.7484,0.01281637,0.01310533,0.00065306,46.6616,168.5752,2.9478,99.0827,12.5730,6068.7939,33.6119,44.8794,47.4773,8.4329,14.3073,34.3462,193.1745,204.3903,207.7145,14.3073,-10.2195,14.285714,14.518058,3.261379,29,153,76,7,0.30198559,0.01632659,0.04432358,0E-8,0.000000,0.933652,0.003213,-0.04010948,2026-03-22,2026-08-05,67,528,415,137,0.489051,0.945283,0.961806,1.006619,,,,,,,,GLOBAL_BASELINE_NO_ENTITY_RANKING,,,NOT_APPLICABLE_GLOBAL_BASELINE,HF9g-P5,,,,X 全窗基线 · 不参与实体赏罚,14192448,1420,A168_HF9F_20260827_0900,2026-08-27 09:00:00
2026-07-03,129130207,627,0,1690.3078117977,494.6245350120,494.6245350120,0.7777778,36,9,0.41254177471220417,0.184311250000,2.225729466300528,4.5917615326584045,2.225729466300528,0.22823052471220417,ELIGIBLE,R03b_20260811_FULL_v1,L1_ELIGIBILITY,v2026-08-11,2026-03-21..2026-08-06,baccarat_bet02_101_all_pairs_incl_sentinel,round_win = game_pnl > 0 (decisive only),COMPATIBILITY_ONLY_NOT_PRODUCTION,406609.1881,379631.3579,6638.5409,8714,2252,-0.01632659,-0.04432358,-0.00421410,-0.01632659,-6638.5409,406609.1881,OK,0.0000,265.5416,4.0000,96.0000,AG03-UNRESOLVED,ALL5_LEVELS_bet23_to_bet27,265.5416,265.5416,298.7343,298.7343,298.7343,4.000000,4.000000,4.500000,4.500000,4.500000,96.000000,96.000000,95.500000,95.500000,95.500000,5.0,1427.2863,1309.7925,5211.2546,5328.7484,PENDING_AG03,FALSE,NOT_FOR_ENFORCEMENT,6372.9992,364446.1036,6638.5409,6372.9992,265.5416,0.01632659,0.01567352,265.5416,6372.9992,0.01567352,265.5416,265.5416,298.7343,298.7343,298.7343,6372.9992,0.01567352,1427.2863,1309.7925,5211.2546,5328.7484,0.01281637,0.01310533,0.00065306,46.6616,168.5752,2.9478,99.0827,12.5730,6068.7939,33.6119,44.8794,47.4773,8.4329,14.3073,34.3462,193.1745,204.3903,207.7145,14.3073,-10.2195,14.285714,14.518058,3.261379,29,153,76,7,0.30198559,0.01632659,0.04432358,0E-8,0.000000,0.933652,0.003213,-0.04010948,2026-03-22,2026-08-05,67,528,415,137,0.489051,0.945283,0.961806,1.006619,,,,,,,,GLOBAL_BASELINE_NO_ENTITY_RANKING,,,NOT_APPLICABLE_GLOBAL_BASELINE,HF9g-P5,,,,X 全窗基线 · 不参与实体赏罚,14192449,1420,A168_HF9F_20260827_0900,2026-08-27 09:00:00
2026-07-04,129130207,-1,1,16845.0312717185,3295.5892572442,3295.5892572442,0.6376812,273,69,0.41298263028446830,0.191945579710,3.7908221178739674,9.401398994721339,3.7908221178739674,0.22103705057446830,SENTINEL_DEALER,R03b_20260811_FULL_v1,L1_ELIGIBILITY,v2026-08-11,2026-03-21..2026-08-06,baccarat_bet02_101_all_pairs_incl_sentinel,round_win = game_pnl > 0 (decisive only),COMPATIBILITY_ONLY_NOT_PRODUCTION,406609.1881,379631.3579,6638.5409,8714,2252,-0.01632659,-0.04432358,-0.00421410,-0.01632659,-6638.5409,406609.1881,OK,0.0000,265.5416,4.0000,96.0000,AG03-UNRESOLVED,ALL5_LEVELS_bet23_to_bet27,265.5416,265.5416,298.7343,298.7343,298.7343,4.000000,4.000000,4.500000,4.500000,4.500000,96.000000,96.000000,95.500000,95.500000,95.500000,5.0,1427.2863,1309.7925,5211.2546,5328.7484,PENDING_AG03,FALSE,NOT_FOR_ENFORCEMENT,6372.9992,364446.1036,6638.5409,6372.9992,265.5416,0.01632659,0.01567352,265.5416,6372.9992,0.01567352,265.5416,265.5416,298.7343,298.7343,298.7343,6372.9992,0.01567352,1427.2863,1309.7925,5211.2546,5328.7484,0.01281637,0.01310533,0.00065306,46.6616,168.5752,2.9478,99.0827,12.5730,6068.7939,33.6119,44.8794,47.4773,8.4329,14.3073,34.3462,193.1745,204.3903,207.7145,14.3073,-10.2195,14.285714,14.518058,3.261379,29,153,76,7,0.30198559,0.01632659,0.04432358,0E-8,0.000000,0.933652,0.003213,-0.04010948,2026-03-22,2026-08-05,67,528,415,137,0.489051,0.945283,0.961806,1.006619,,,,,,,,GLOBAL_BASELINE_NO_ENTITY_RANKING,,,NOT_APPLICABLE_GLOBAL_BASELINE,HF9g-P5,,,,X 全窗基线 · 不参与实体赏罚,14192450,1420,A168_HF9F_20260827_0900,2026-08-27 09:00:00
2026-07-04,129130207,1017,0,255.4878796552,-52.2217226017,-52.2217226017,0.5000000,8,2,0.42498450696331026,0.187662550000,0.21460490487638234,1.1313110101635044,0.21460490487638234,0.23732195696331026,ELIGIBLE,R03b_20260811_FULL_v1,L1_ELIGIBILITY,v2026-08-11,2026-03-21..2026-08-06,baccarat_bet02_101_all_pairs_incl_sentinel,round_win = game_pnl > 0 (decisive only),COMPATIBILITY_ONLY_NOT_PRODUCTION,406609.1881,379631.3579,6638.5409,8714,2252,-0.01632659,-0.04432358,-0.00421410,-0.01632659,-6638.5409,406609.1881,OK,0.0000,265.5416,4.0000,96.0000,AG03-UNRESOLVED,ALL5_LEVELS_bet23_to_bet27,265.5416,265.5416,298.7343,298.7343,298.7343,4.000000,4.000000,4.500000,4.500000,4.500000,96.000000,96.000000,95.500000,95.500000,95.500000,5.0,1427.2863,1309.7925,5211.2546,5328.7484,PENDING_AG03,FALSE,NOT_FOR_ENFORCEMENT,6372.9992,364446.1036,6638.5409,6372.9992,265.5416,0.01632659,0.01567352,265.5416,6372.9992,0.01567352,265.5416,265.5416,298.7343,298.7343,298.7343,6372.9992,0.01567352,1427.2863,1309.7925,5211.2546,5328.7484,0.01281637,0.01310533,0.00065306,46.6616,168.5752,2.9478,99.0827,12.5730,6068.7939,33.6119,44.8794,47.4773,8.4329,14.3073,34.3462,193.1745,204.3903,207.7145,14.3073,-10.2195,14.285714,14.518058,3.261379,29,153,76,7,0.30198559,0.01632659,0.04432358,0E-8,0.000000,0.933652,0.003213,-0.04010948,2026-03-22,2026-08-05,67,528,415,137,0.489051,0.945283,0.961806,1.006619,,,,,,,,GLOBAL_BASELINE_NO_ENTITY_RANKING,,,NOT_APPLICABLE_GLOBAL_BASELINE,HF9g-P5,,,,X 全窗基线 · 不参与实体赏罚,14192451,1420,A168_HF9F_20260827_0900,2026-08-27 09:00:00
2026-07-04,129130207,1210,0,130.8097943833,88.3988063607,88.3988063607,1.0000000,4,1,0.44684042187516765,0.187662550000,1.1126254553451422,2.080556102057424,1.1126254553451422,0.25917787187516765,ELIGIBLE,R03b_20260811_FULL_v1,L1_ELIGIBILITY,v2026-08-11,2026-03-21..2026-08-06,baccarat_bet02_101_all_pairs_incl_sentinel,round_win = game_pnl > 0 (decisive only),COMPATIBILITY_ONLY_NOT_PRODUCTION,406609.1881,379631.3579,6638.5409,8714,2252,-0.01632659,-0.04432358,-0.00421410,-0.01632659,-6638.5409,406609.1881,OK,0.0000,265.5416,4.0000,96.0000,AG03-UNRESOLVED,ALL5_LEVELS_bet23_to_bet27,265.5416,265.5416,298.7343,298.7343,298.7343,4.000000,4.000000,4.500000,4.500000,4.500000,96.000000,96.000000,95.500000,95.500000,95.500000,5.0,1427.2863,1309.7925,5211.2546,5328.7484,PENDING_AG03,FALSE,NOT_FOR_ENFORCEMENT,6372.9992,364446.1036,6638.5409,6372.9992,265.5416,0.01632659,0.01567352,265.5416,6372.9992,0.01567352,265.5416,265.5416,298.7343,298.7343,298.7343,6372.9992,0.01567352,1427.2863,1309.7925,5211.2546,5328.7484,0.01281637,0.01310533,0.00065306,46.6616,168.5752,2.9478,99.0827,12.5730,6068.7939,33.6119,44.8794,47.4773,8.4329,14.3073,34.3462,193.1745,204.3903,207.7145,14.3073,-10.2195,14.285714,14.518058,3.261379,29,153,76,7,0.30198559,0.01632659,0.04432358,0E-8,0.000000,0.933652,0.003213,-0.04010948,2026-03-22,2026-08-05,67,528,415,137,0.489051,0.945283,0.961806,1.006619,,,,,,,,GLOBAL_BASELINE_NO_ENTITY_RANKING,,,NOT_APPLICABLE_GLOBAL_BASELINE,HF9g-P5,,,,X 全窗基线 · 不参与实体赏罚,14192452,1420,A168_HF9F_20260827_0900,2026-08-27 09:00:00
2026-07-04,129130207,1304,0,265.7073948412,-265.7073948412,-265.7073948412,0E-7,4,1,0.40850050000000000,0.187662550000,-0.831034598754297,-0.48064072822218945,-0.831034598754297,0.22083795000000000,ELIGIBLE,R03b_20260811_FULL_v1,L1_ELIGIBILITY,v2026-08-11,2026-03-21..2026-08-06,baccarat_bet02_101_all_pairs_incl_sentinel,round_win = game_pnl > 0 (decisive only),COMPATIBILITY_ONLY_NOT_PRODUCTION,406609.1881,379631.3579,6638.5409,8714,2252,-0.01632659,-0.04432358,-0.00421410,-0.01632659,-6638.5409,406609.1881,OK,0.0000,265.5416,4.0000,96.0000,AG03-UNRESOLVED,ALL5_LEVELS_bet23_to_bet27,265.5416,265.5416,298.7343,298.7343,298.7343,4.000000,4.000000,4.500000,4.500000,4.500000,96.000000,96.000000,95.500000,95.500000,95.500000,5.0,1427.2863,1309.7925,5211.2546,5328.7484,PENDING_AG03,FALSE,NOT_FOR_ENFORCEMENT,6372.9992,364446.1036,6638.5409,6372.9992,265.5416,0.01632659,0.01567352,265.5416,6372.9992,0.01567352,265.5416,265.5416,298.7343,298.7343,298.7343,6372.9992,0.01567352,1427.2863,1309.7925,5211.2546,5328.7484,0.01281637,0.01310533,0.00065306,46.6616,168.5752,2.9478,99.0827,12.5730,6068.7939,33.6119,44.8794,47.4773,8.4329,14.3073,34.3462,193.1745,204.3903,207.7145,14.3073,-10.2195,14.285714,14.518058,3.261379,29,153,76,7,0.30198559,0.01632659,0.04432358,0E-8,0.000000,0.933652,0.003213,-0.04010948,2026-03-22,2026-08-05,67,528,415,137,0.489051,0.945283,0.961806,1.006619,,,,,,,,GLOBAL_BASELINE_NO_ENTITY_RANKING,,,NOT_APPLICABLE_GLOBAL_BASELINE,HF9g-P5,,,,X 全窗基线 · 不参与实体赏罚,14192453,1420,A168_HF9F_20260827_0900,2026-08-27 09:00:00
2026-07-04,129130207,1325,0,482.3611167887,-83.8000245269,-83.8000245269,0.5000000,8,2,0.44200488016524662,0.187662550000,0.16514967198446287,1.1313110101635044,0.16514967198446287,0.25434233016524662,ELIGIBLE,R03b_20260811_FULL_v1,L1_ELIGIBILITY,v2026-08-11,2026-03-21..2026-08-06,baccarat_bet02_101_all_pairs_incl_sentinel,round_win = game_pnl > 0 (decisive only),COMPATIBILITY_ONLY_NOT_PRODUCTION,406609.1881,379631.3579,6638.5409,8714,2252,-0.01632659,-0.04432358,-0.00421410,-0.01632659,-6638.5409,406609.1881,OK,0.0000,265.5416,4.0000,96.0000,AG03-UNRESOLVED,ALL5_LEVELS_bet23_to_bet27,265.5416,265.5416,298.7343,298.7343,298.7343,4.000000,4.000000,4.500000,4.500000,4.500000,96.000000,96.000000,95.500000,95.500000,95.500000,5.0,1427.2863,1309.7925,5211.2546,5328.7484,PENDING_AG03,FALSE,NOT_FOR_ENFORCEMENT,6372.9992,364446.1036,6638.5409,6372.9992,265.5416,0.01632659,0.01567352,265.5416,6372.9992,0.01567352,265.5416,265.5416,298.7343,298.7343,298.7343,6372.9992,0.01567352,1427.2863,1309.7925,5211.2546,5328.7484,0.01281637,0.01310533,0.00065306,46.6616,168.5752,2.9478,99.0827,12.5730,6068.7939,33.6119,44.8794,47.4773,8.4329,14.3073,34.3462,193.1745,204.3903,207.7145,14.3073,-10.2195,14.285714,14.518058,3.261379,29,153,76,7,0.30198559,0.01632659,0.04432358,0E-8,0.000000,0.933652,0.003213,-0.04010948,2026-03-22,2026-08-05,67,528,415,137,0.489051,0.945283,0.961806,1.006619,,,,,,,,GLOBAL_BASELINE_NO_ENTITY_RANKING,,,NOT_APPLICABLE_GLOBAL_BASELINE,HF9g-P5,,,,X 全窗基线 · 不参与实体赏罚,14192454,1420,A168_HF9F_20260827_0900,2026-08-27 09:00:00
2026-07-04,129130207,1384,0,1770.0200302499,573.5191922495,573.5191922495,0.8750000,32,8,0.42087426253195015,0.187662550000,2.6017076401399994,4.979181490293318,2.6017076401399994,0.23321171253195015,ELIGIBLE,R03b_20260811_FULL_v1,L1_ELIGIBILITY,v2026-08-11,2026-03-21..2026-08-06,baccarat_bet02_101_all_pairs_incl_sentinel,round_win = game_pnl > 0 (decisive only),COMPATIBILITY_ONLY_NOT_PRODUCTION,406609.1881,379631.3579,6638.5409,8714,2252,-0.01632659,-0.04432358,-0.00421410,-0.01632659,-6638.5409,406609.1881,OK,0.0000,265.5416,4.0000,96.0000,AG03-UNRESOLVED,ALL5_LEVELS_bet23_to_bet27,265.5416,265.5416,298.7343,298.7343,298.7343,4.000000,4.000000,4.500000,4.500000,4.500000,96.000000,96.000000,95.500000,95.500000,95.500000,5.0,1427.2863,1309.7925,5211.2546,5328.7484,PENDING_AG03,FALSE,NOT_FOR_ENFORCEMENT,6372.9992,364446.1036,6638.5409,6372.9992,265.5416,0.01632659,0.01567352,265.5416,6372.9992,0.01567352,265.5416,265.5416,298.7343,298.7343,298.7343,6372.9992,0.01567352,1427.2863,1309.7925,5211.2546,5328.7484,0.01281637,0.01310533,0.00065306,46.6616,168.5752,2.9478,99.0827,12.5730,6068.7939,33.6119,44.8794,47.4773,8.4329,14.3073,34.3462,193.1745,204.3903,207.7145,14.3073,-10.2195,14.285714,14.518058,3.261379,29,153,76,7,0.30198559,0.01632659,0.04432358,0E-8,0.000000,0.933652,0.003213,-0.04010948,2026-03-22,2026-08-05,67,528,415,137,0.489051,0.945283,0.961806,1.006619,,,,,,,,GLOBAL_BASELINE_NO_ENTITY_RANKING,,,NOT_APPLICABLE_GLOBAL_BASELINE,HF9g-P5,,,,X 全窗基线 · 不参与实体赏罚,14192455,1420,A168_HF9F_20260827_0900,2026-08-27 09:00:00
2026-07-04,129130207,1385,0,269.7952009157,384.2537710011,384.2537710011,1.0000000,4,1,0.39358901969694753,0.184311250000,1.241257944703208,2.103712144135556,1.241257944703208,0.20927776969694753,ELIGIBLE,R03b_20260811_FULL_v1,L1_ELIGIBILITY,v2026-08-11,2026-03-21..2026-08-06,baccarat_bet02_101_all_pairs_incl_sentinel,round_win = game_pnl > 0 (decisive only),COMPATIBILITY_ONLY_NOT_PRODUCTION,406609.1881,379631.3579,6638.5409,8714,2252,-0.01632659,-0.04432358,-0.00421410,-0.01632659,-6638.5409,406609.1881,OK,0.0000,265.5416,4.0000,96.0000,AG03-UNRESOLVED,ALL5_LEVELS_bet23_to_bet27,265.5416,265.5416,298.7343,298.7343,298.7343,4.000000,4.000000,4.500000,4.500000,4.500000,96.000000,96.000000,95.500000,95.500000,95.500000,5.0,1427.2863,1309.7925,5211.2546,5328.7484,PENDING_AG03,FALSE,NOT_FOR_ENFORCEMENT,6372.9992,364446.1036,6638.5409,6372.9992,265.5416,0.01632659,0.01567352,265.5416,6372.9992,0.01567352,265.5416,265.5416,298.7343,298.7343,298.7343,6372.9992,0.01567352,1427.2863,1309.7925,5211.2546,5328.7484,0.01281637,0.01310533,0.00065306,46.6616,168.5752,2.9478,99.0827,12.5730,6068.7939,33.6119,44.8794,47.4773,8.4329,14.3073,34.3462,193.1745,204.3903,207.7145,14.3073,-10.2195,14.285714,14.518058,3.261379,29,153,76,7,0.30198559,0.01632659,0.04432358,0E-8,0.000000,0.933652,0.003213,-0.04010948,2026-03-22,2026-08-05,67,528,415,137,0.489051,0.945283,0.961806,1.006619,,,,,,,,GLOBAL_BASELINE_NO_ENTITY_RANKING,,,NOT_APPLICABLE_GLOBAL_BASELINE,HF9g-P5,,,,X 全窗基线 · 不参与实体赏罚,14192456,1420,A168_HF9F_20260827_0900,2026-08-27 09:00:00
2026-07-04,129130207,1401,0,23.7092752320,22.5238114704,22.5238114704,1.0000000,1,1,0.50665070000000000,0.506650700000,0.9867858985152569,0.9867858985152569,0.9867858985152569,0E-17,ELIGIBLE,R03b_20260811_FULL_v1,L1_ELIGIBILITY,v2026-08-11,2026-03-21..2026-08-06,baccarat_bet02_101_all_pairs_incl_sentinel,round_win = game_pnl > 0 (decisive only),COMPATIBILITY_ONLY_NOT_PRODUCTION,406609.1881,379631.3579,6638.5409,8714,2252,-0.01632659,-0.04432358,-0.00421410,-0.01632659,-6638.5409,406609.1881,OK,0.0000,265.5416,4.0000,96.0000,AG03-UNRESOLVED,ALL5_LEVELS_bet23_to_bet27,265.5416,265.5416,298.7343,298.7343,298.7343,4.000000,4.000000,4.500000,4.500000,4.500000,96.000000,96.000000,95.500000,95.500000,95.500000,5.0,1427.2863,1309.7925,5211.2546,5328.7484,PENDING_AG03,FALSE,NOT_FOR_ENFORCEMENT,6372.9992,364446.1036,6638.5409,6372.9992,265.5416,0.01632659,0.01567352,265.5416,6372.9992,0.01567352,265.5416,265.5416,298.7343,298.7343,298.7343,6372.9992,0.01567352,1427.2863,1309.7925,5211.2546,5328.7484,0.01281637,0.01310533,0.00065306,46.6616,168.5752,2.9478,99.0827,12.5730,6068.7939,33.6119,44.8794,47.4773,8.4329,14.3073,34.3462,193.1745,204.3903,207.7145,14.3073,-10.2195,14.285714,14.518058,3.261379,29,153,76,7,0.30198559,0.01632659,0.04432358,0E-8,0.000000,0.933652,0.003213,-0.04010948,2026-03-22,2026-08-05,67,528,415,137,0.489051,0.945283,0.961806,1.006619,,,,,,,,GLOBAL_BASELINE_NO_ENTITY_RANKING,,,NOT_APPLICABLE_GLOBAL_BASELINE,HF9g-P5,,,,X 全窗基线 · 不参与实体赏罚,14192457,1420,A168_HF9F_20260827_0900,2026-08-27 09:00:00
2026-07-04,129130207,1505,0,1344.8881985040,-510.9757593101,-510.9757593101,0.4000000,20,5,0.39450897729601956,0.184311250000,0.0251221001261287,1.2438681201993338,0.0251221001261287,0.21019772729601956,ELIGIBLE,R03b_20260811_FULL_v1,L1_ELIGIBILITY,v2026-08-11,2026-03-21..2026-08-06,baccarat_bet02_101_all_pairs_incl_sentinel,round_win = game_pnl > 0 (decisive only),COMPATIBILITY_ONLY_NOT_PRODUCTION,406609.1881,379631.3579,6638.5409,8714,2252,-0.01632659,-0.04432358,-0.00421410,-0.01632659,-6638.5409,406609.1881,OK,0.0000,265.5416,4.0000,96.0000,AG03-UNRESOLVED,ALL5_LEVELS_bet23_to_bet27,265.5416,265.5416,298.7343,298.7343,298.7343,4.000000,4.000000,4.500000,4.500000,4.500000,96.000000,96.000000,95.500000,95.500000,95.500000,5.0,1427.2863,1309.7925,5211.2546,5328.7484,PENDING_AG03,FALSE,NOT_FOR_ENFORCEMENT,6372.9992,364446.1036,6638.5409,6372.9992,265.5416,0.01632659,0.01567352,265.5416,6372.9992,0.01567352,265.5416,265.5416,298.7343,298.7343,298.7343,6372.9992,0.01567352,1427.2863,1309.7925,5211.2546,5328.7484,0.01281637,0.01310533,0.00065306,46.6616,168.5752,2.9478,99.0827,12.5730,6068.7939,33.6119,44.8794,47.4773,8.4329,14.3073,34.3462,193.1745,204.3903,207.7145,14.3073,-10.2195,14.285714,14.518058,3.261379,29,153,76,7,0.30198559,0.01632659,0.04432358,0E-8,0.000000,0.933652,0.003213,-0.04010948,2026-03-22,2026-08-05,67,528,415,137,0.489051,0.945283,0.961806,1.006619,,,,,,,,GLOBAL_BASELINE_NO_ENTITY_RANKING,,,NOT_APPLICABLE_GLOBAL_BASELINE,HF9g-P5,,,,X 全窗基线 · 不参与实体赏罚,14192458,1420,A168_HF9F_20260827_0900,2026-08-27 09:00:00
2026-07-04,129130207,1654,0,1473.6540898504,-260.5976372484,-260.5976372484,0.5714286,28,7,0.42636313561595109,0.187662550000,0.7760766496860408,2.6005098040732517,0.7760766496860408,0.23870058561595109,ELIGIBLE,R03b_20260811_FULL_v1,L1_ELIGIBILITY,v2026-08-11,2026-03-21..2026-08-06,baccarat_bet02_101_all_pairs_incl_sentinel,round_win = game_pnl > 0 (decisive only),COMPATIBILITY_ONLY_NOT_PRODUCTION,406609.1881,379631.3579,6638.5409,8714,2252,-0.01632659,-0.04432358,-0.00421410,-0.01632659,-6638.5409,406609.1881,OK,0.0000,265.5416,4.0000,96.0000,AG03-UNRESOLVED,ALL5_LEVELS_bet23_to_bet27,265.5416,265.5416,298.7343,298.7343,298.7343,4.000000,4.000000,4.500000,4.500000,4.500000,96.000000,96.000000,95.500000,95.500000,95.500000,5.0,1427.2863,1309.7925,5211.2546,5328.7484,PENDING_AG03,FALSE,NOT_FOR_ENFORCEMENT,6372.9992,364446.1036,6638.5409,6372.9992,265.5416,0.01632659,0.01567352,265.5416,6372.9992,0.01567352,265.5416,265.5416,298.7343,298.7343,298.7343,6372.9992,0.01567352,1427.2863,1309.7925,5211.2546,5328.7484,0.01281637,0.01310533,0.00065306,46.6616,168.5752,2.9478,99.0827,12.5730,6068.7939,33.6119,44.8794,47.4773,8.4329,14.3073,34.3462,193.1745,204.3903,207.7145,14.3073,-10.2195,14.285714,14.518058,3.261379,29,153,76,7,0.30198559,0.01632659,0.04432358,0E-8,0.000000,0.933652,0.003213,-0.04010948,2026-03-22,2026-08-05,67,528,415,137,0.489051,0.945283,0.961806,1.006619,,,,,,,,GLOBAL_BASELINE_NO_ENTITY_RANKING,,,NOT_APPLICABLE_GLOBAL_BASELINE,HF9g-P5,,,,X 全窗基线 · 不参与实体赏罚,14192459,1420,A168_HF9F_20260827_0900,2026-08-27 09:00:00
2026-07-04,129130207,1714,0,1324.4491681316,-414.9123165598,-414.9123165598,0.2000000,21,5,0.41369152969875071,0.199885868000,-0.9702215383716128,0.000638153879952813,-0.9702215383716128,0.21380566169875071,ELIGIBLE,R03b_20260811_FULL_v1,L1_ELIGIBILITY,v2026-08-11,2026-03-21..2026-08-06,baccarat_bet02_101_all_pairs_incl_sentinel,round_win = game_pnl > 0 (decisive only),COMPATIBILITY_ONLY_NOT_PRODUCTION,406609.1881,379631.3579,6638.5409,8714,2252,-0.01632659,-0.04432358,-0.00421410,-0.01632659,-6638.5409,406609.1881,OK,0.0000,265.5416,4.0000,96.0000,AG03-UNRESOLVED,ALL5_LEVELS_bet23_to_bet27,265.5416,265.5416,298.7343,298.7343,298.7343,4.000000,4.000000,4.500000,4.500000,4.500000,96.000000,96.000000,95.500000,95.500000,95.500000,5.0,1427.2863,1309.7925,5211.2546,5328.7484,PENDING_AG03,FALSE,NOT_FOR_ENFORCEMENT,6372.9992,364446.1036,6638.5409,6372.9992,265.5416,0.01632659,0.01567352,265.5416,6372.9992,0.01567352,265.5416,265.5416,298.7343,298.7343,298.7343,6372.9992,0.01567352,1427.2863,1309.7925,5211.2546,5328.7484,0.01281637,0.01310533,0.00065306,46.6616,168.5752,2.9478,99.0827,12.5730,6068.7939,33.6119,44.8794,47.4773,8.4329,14.3073,34.3462,193.1745,204.3903,207.7145,14.3073,-10.2195,14.285714,14.518058,3.261379,29,153,76,7,0.30198559,0.01632659,0.04432358,0E-8,0.000000,0.933652,0.003213,-0.04010948,2026-03-22,2026-08-05,67,528,415,137,0.489051,0.945283,0.961806,1.006619,,,,,,,,GLOBAL_BASELINE_NO_ENTITY_RANKING,,,NOT_APPLICABLE_GLOBAL_BASELINE,HF9g-P5,,,,X 全窗基线 · 不参与实体赏罚,14192460,1420,A168_HF9F_20260827_0900,2026-08-27 09:00:00
2026-07-04,129130207,1935,0,539.5904018314,294.3220373625,294.3220373625,1.0000000,8,2,0.39358901969694753,0.184311250000,1.7554038198026303,2.9750982455654875,1.7554038198026303,0.20927776969694753,ELIGIBLE,R03b_20260811_FULL_v1,L1_ELIGIBILITY,v2026-08-11,2026-03-21..2026-08-06,baccarat_bet02_101_all_pairs_incl_sentinel,round_win = game_pnl > 0 (decisive only),COMPATIBILITY_ONLY_NOT_PRODUCTION,406609.1881,379631.3579,6638.5409,8714,2252,-0.01632659,-0.04432358,-0.00421410,-0.01632659,-6638.5409,406609.1881,OK,0.0000,265.5416,4.0000,96.0000,AG03-UNRESOLVED,ALL5_LEVELS_bet23_to_bet27,265.5416,265.5416,298.7343,298.7343,298.7343,4.000000,4.000000,4.500000,4.500000,4.500000,96.000000,96.000000,95.500000,95.500000,95.500000,5.0,1427.2863,1309.7925,5211.2546,5328.7484,PENDING_AG03,FALSE,NOT_FOR_ENFORCEMENT,6372.9992,364446.1036,6638.5409,6372.9992,265.5416,0.01632659,0.01567352,265.5416,6372.9992,0.01567352,265.5416,265.5416,298.7343,298.7343,298.7343,6372.9992,0.01567352,1427.2863,1309.7925,5211.2546,5328.7484,0.01281637,0.01310533,0.00065306,46.6616,168.5752,2.9478,99.0827,12.5730,6068.7939,33.6119,44.8794,47.4773,8.4329,14.3073,34.3462,193.1745,204.3903,207.7145,14.3073,-10.2195,14.285714,14.518058,3.261379,29,153,76,7,0.30198559,0.01632659,0.04432358,0E-8,0.000000,0.933652,0.003213,-0.04010948,2026-03-22,2026-08-05,67,528,415,137,0.489051,0.945283,0.961806,1.006619,,,,,,,,GLOBAL_BASELINE_NO_ENTITY_RANKING,,,NOT_APPLICABLE_GLOBAL_BASELINE,HF9g-P5,,,,X 全窗基线 · 不参与实体赏罚,14192461,1420,A168_HF9F_20260827_0900,2026-08-27 09:00:00
2026-07-04,129130207,1949,0,416.9562195970,-18.3951273352,-18.3951273352,0.5000000,8,2,0.43131067293632643,0.187662550000,0.19614246013290104,1.1313110101635044,0.19614246013290104,0.24364812293632643,ELIGIBLE,R03b_20260811_FULL_v1,L1_ELIGIBILITY,v2026-08-11,2026-03-21..2026-08-06,baccarat_bet02_101_all_pairs_incl_sentinel,round_win = game_pnl > 0 (decisive only),COMPATIBILITY_ONLY_NOT_PRODUCTION,406609.1881,379631.3579,6638.5409,8714,2252,-0.01632659,-0.04432358,-0.00421410,-0.01632659,-6638.5409,406609.1881,OK,0.0000,265.5416,4.0000,96.0000,AG03-UNRESOLVED,ALL5_LEVELS_bet23_to_bet27,265.5416,265.5416,298.7343,298.7343,298.7343,4.000000,4.000000,4.500000,4.500000,4.500000,96.000000,96.000000,95.500000,95.500000,95.500000,5.0,1427.2863,1309.7925,5211.2546,5328.7484,PENDING_AG03,FALSE,NOT_FOR_ENFORCEMENT,6372.9992,364446.1036,6638.5409,6372.9992,265.5416,0.01632659,0.01567352,265.5416,6372.9992,0.01567352,265.5416,265.5416,298.7343,298.7343,298.7343,6372.9992,0.01567352,1427.2863,1309.7925,5211.2546,5328.7484,0.01281637,0.01310533,0.00065306,46.6616,168.5752,2.9478,99.0827,12.5730,6068.7939,33.6119,44.8794,47.4773,8.4329,14.3073,34.3462,193.1745,204.3903,207.7145,14.3073,-10.2195,14.285714,14.518058,3.261379,29,153,76,7,0.30198559,0.01632659,0.04432358,0E-8,0.000000,0.933652,0.003213,-0.04010948,2026-03-22,2026-08-05,67,528,415,137,0.489051,0.945283,0.961806,1.006619,,,,,,,,GLOBAL_BASELINE_NO_ENTITY_RANKING,,,NOT_APPLICABLE_GLOBAL_BASELINE,HF9g-P5,,,,X 全窗基线 · 不参与实体赏罚,14192462,1420,A168_HF9F_20260827_0900,2026-08-27 09:00:00
2026-07-04,129130207,1966,0,772.5953480766,-576.3806565016,-576.3806565016,0E-7,12,3,0.41905428494629069,0.187662550000,-1.471051895191591,-0.8324941614677365,-1.471051895191591,0.23139173494629069,ELIGIBLE,R03b_20260811_FULL_v1,L1_ELIGIBILITY,v2026-08-11,2026-03-21..2026-08-06,baccarat_bet02_101_all_pairs_incl_sentinel,round_win = game_pnl > 0 (decisive only),COMPATIBILITY_ONLY_NOT_PRODUCTION,406609.1881,379631.3579,6638.5409,8714,2252,-0.01632659,-0.04432358,-0.00421410,-0.01632659,-6638.5409,406609.1881,OK,0.0000,265.5416,4.0000,96.0000,AG03-UNRESOLVED,ALL5_LEVELS_bet23_to_bet27,265.5416,265.5416,298.7343,298.7343,298.7343,4.000000,4.000000,4.500000,4.500000,4.500000,96.000000,96.000000,95.500000,95.500000,95.500000,5.0,1427.2863,1309.7925,5211.2546,5328.7484,PENDING_AG03,FALSE,NOT_FOR_ENFORCEMENT,6372.9992,364446.1036,6638.5409,6372.9992,265.5416,0.01632659,0.01567352,265.5416,6372.9992,0.01567352,265.5416,265.5416,298.7343,298.7343,298.7343,6372.9992,0.01567352,1427.2863,1309.7925,5211.2546,5328.7484,0.01281637,0.01310533,0.00065306,46.6616,168.5752,2.9478,99.0827,12.5730,6068.7939,33.6119,44.8794,47.4773,8.4329,14.3073,34.3462,193.1745,204.3903,207.7145,14.3073,-10.2195,14.285714,14.518058,3.261379,29,153,76,7,0.30198559,0.01632659,0.04432358,0E-8,0.000000,0.933652,0.003213,-0.04010948,2026-03-22,2026-08-05,67,528,415,137,0.489051,0.945283,0.961806,1.006619,,,,,,,,GLOBAL_BASELINE_NO_ENTITY_RANKING,,,NOT_APPLICABLE_GLOBAL_BASELINE,HF9g-P5,,,,X 全窗基线 · 不参与实体赏罚,14192463,1420,A168_HF9F_20260827_0900,2026-08-27 09:00:00
2026-07-04,129130207,1994,0,1429.5057842458,-551.8538200548,-551.8538200548,0.2857143,28,7,0.41903853623545008,0.186226278571,-0.7149201306845024,0.6761568287802686,-0.7149201306845024,0.23281225766445008,ELIGIBLE,R03b_20260811_FULL_v1,L1_ELIGIBILITY,v2026-08-11,2026-03-21..2026-08-06,baccarat_bet02_101_all_pairs_incl_sentinel,round_win = game_pnl > 0 (decisive only),COMPATIBILITY_ONLY_NOT_PRODUCTION,406609.1881,379631.3579,6638.5409,8714,2252,-0.01632659,-0.04432358,-0.00421410,-0.01632659,-6638.5409,406609.1881,OK,0.0000,265.5416,4.0000,96.0000,AG03-UNRESOLVED,ALL5_LEVELS_bet23_to_bet27,265.5416,265.5416,298.7343,298.7343,298.7343,4.000000,4.000000,4.500000,4.500000,4.500000,96.000000,96.000000,95.500000,95.500000,95.500000,5.0,1427.2863,1309.7925,5211.2546,5328.7484,PENDING_AG03,FALSE,NOT_FOR_ENFORCEMENT,6372.9992,364446.1036,6638.5409,6372.9992,265.5416,0.01632659,0.01567352,265.5416,6372.9992,0.01567352,265.5416,265.5416,298.7343,298.7343,298.7343,6372.9992,0.01567352,1427.2863,1309.7925,5211.2546,5328.7484,0.01281637,0.01310533,0.00065306,46.6616,168.5752,2.9478,99.0827,12.5730,6068.7939,33.6119,44.8794,47.4773,8.4329,14.3073,34.3462,193.1745,204.3903,207.7145,14.3073,-10.2195,14.285714,14.518058,3.261379,29,153,76,7,0.30198559,0.01632659,0.04432358,0E-8,0.000000,0.933652,0.003213,-0.04010948,2026-03-22,2026-08-05,67,528,415,137,0.489051,0.945283,0.961806,1.006619,,,,,,,,GLOBAL_BASELINE_NO_ENTITY_RANKING,,,NOT_APPLICABLE_GLOBAL_BASELINE,HF9g-P5,,,,X 全窗基线 · 不参与实体赏罚,14192464,1420,A168_HF9F_20260827_0900,2026-08-27 09:00:00
2026-07-04,129130207,2081,0,275.9269100275,-180.2722478846,-180.2722478846,0.5000000,8,2,0.43373912285700413,0.187662550000,0.18908174487416032,1.1313110101635044,0.18908174487416032,0.24607657285700413,ELIGIBLE,R03b_20260811_FULL_v1,L1_ELIGIBILITY,v2026-08-11,2026-03-21..2026-08-06,baccarat_bet02_101_all_pairs_incl_sentinel,round_win = game_pnl > 0 (decisive only),COMPATIBILITY_ONLY_NOT_PRODUCTION,406609.1881,379631.3579,6638.5409,8714,2252,-0.01632659,-0.04432358,-0.00421410,-0.01632659,-6638.5409,406609.1881,OK,0.0000,265.5416,4.0000,96.0000,AG03-UNRESOLVED,ALL5_LEVELS_bet23_to_bet27,265.5416,265.5416,298.7343,298.7343,298.7343,4.000000,4.000000,4.500000,4.500000,4.500000,96.000000,96.000000,95.500000,95.500000,95.500000,5.0,1427.2863,1309.7925,5211.2546,5328.7484,PENDING_AG03,FALSE,NOT_FOR_ENFORCEMENT,6372.9992,364446.1036,6638.5409,6372.9992,265.5416,0.01632659,0.01567352,265.5416,6372.9992,0.01567352,265.5416,265.5416,298.7343,298.7343,298.7343,6372.9992,0.01567352,1427.2863,1309.7925,5211.2546,5328.7484,0.01281637,0.01310533,0.00065306,46.6616,168.5752,2.9478,99.0827,12.5730,6068.7939,33.6119,44.8794,47.4773,8.4329,14.3073,34.3462,193.1745,204.3903,207.7145,14.3073,-10.2195,14.285714,14.518058,3.261379,29,153,76,7,0.30198559,0.01632659,0.04432358,0E-8,0.000000,0.933652,0.003213,-0.04010948,2026-03-22,2026-08-05,67,528,415,137,0.489051,0.945283,0.961806,1.006619,,,,,,,,GLOBAL_BASELINE_NO_ENTITY_RANKING,,,NOT_APPLICABLE_GLOBAL_BASELINE,HF9g-P5,,,,X 全窗基线 · 不参与实体赏罚,14192465,1420,A168_HF9F_20260827_0900,2026-08-27 09:00:00
2026-07-04,129130207,2088,0,1608.5516903080,1028.0832277316,1028.0832277316,1.0000000,24,6,0.40599356406209099,0.187662550000,2.9628633775149535,5.09630083127461,2.9628633775149535,0.21833101406209099,ELIGIBLE,R03b_20260811_FULL_v1,L1_ELIGIBILITY,v2026-08-11,2026-03-21..2026-08-06,baccarat_bet02_101_all_pairs_incl_sentinel,round_win = game_pnl > 0 (decisive only),COMPATIBILITY_ONLY_NOT_PRODUCTION,406609.1881,379631.3579,6638.5409,8714,2252,-0.01632659,-0.04432358,-0.00421410,-0.01632659,-6638.5409,406609.1881,OK,0.0000,265.5416,4.0000,96.0000,AG03-UNRESOLVED,ALL5_LEVELS_bet23_to_bet27,265.5416,265.5416,298.7343,298.7343,298.7343,4.000000,4.000000,4.500000,4.500000,4.500000,96.000000,96.000000,95.500000,95.500000,95.500000,5.0,1427.2863,1309.7925,5211.2546,5328.7484,PENDING_AG03,FALSE,NOT_FOR_ENFORCEMENT,6372.9992,364446.1036,6638.5409,6372.9992,265.5416,0.01632659,0.01567352,265.5416,6372.9992,0.01567352,265.5416,265.5416,298.7343,298.7343,298.7343,6372.9992,0.01567352,1427.2863,1309.7925,5211.2546,5328.7484,0.01281637,0.01310533,0.00065306,46.6616,168.5752,2.9478,99.0827,12.5730,6068.7939,33.6119,44.8794,47.4773,8.4329,14.3073,34.3462,193.1745,204.3903,207.7145,14.3073,-10.2195,14.285714,14.518058,3.261379,29,153,76,7,0.30198559,0.01632659,0.04432358,0E-8,0.000000,0.933652,0.003213,-0.04010948,2026-03-22,2026-08-05,67,528,415,137,0.489051,0.945283,0.961806,1.006619,,,,,,,,GLOBAL_BASELINE_NO_ENTITY_RANKING,,,NOT_APPLICABLE_GLOBAL_BASELINE,HF9g-P5,,,,X 全窗基线 · 不参与实体赏罚,14192466,1420,A168_HF9F_20260827_0900,2026-08-27 09:00:00
2026-07-04,129130207,2117,0,265.7073948412,-265.7073948412,-265.7073948412,0E-7,4,1,0.40850050000000000,0.187662550000,-0.831034598754297,-0.48064072822218945,-0.831034598754297,0.22083795000000000,ELIGIBLE,R03b_20260811_FULL_v1,L1_ELIGIBILITY,v2026-08-11,2026-03-21..2026-08-06,baccarat_bet02_101_all_pairs_incl_sentinel,round_win = game_pnl > 0 (decisive only),COMPATIBILITY_ONLY_NOT_PRODUCTION,406609.1881,379631.3579,6638.5409,8714,2252,-0.01632659,-0.04432358,-0.00421410,-0.01632659,-6638.5409,406609.1881,OK,0.0000,265.5416,4.0000,96.0000,AG03-UNRESOLVED,ALL5_LEVELS_bet23_to_bet27,265.5416,265.5416,298.7343,298.7343,298.7343,4.000000,4.000000,4.500000,4.500000,4.500000,96.000000,96.000000,95.500000,95.500000,95.500000,5.0,1427.2863,1309.7925,5211.2546,5328.7484,PENDING_AG03,FALSE,NOT_FOR_ENFORCEMENT,6372.9992,364446.1036,6638.5409,6372.9992,265.5416,0.01632659,0.01567352,265.5416,6372.9992,0.01567352,265.5416,265.5416,298.7343,298.7343,298.7343,6372.9992,0.01567352,1427.2863,1309.7925,5211.2546,5328.7484,0.01281637,0.01310533,0.00065306,46.6616,168.5752,2.9478,99.0827,12.5730,6068.7939,33.6119,44.8794,47.4773,8.4329,14.3073,34.3462,193.1745,204.3903,207.7145,14.3073,-10.2195,14.285714,14.518058,3.261379,29,153,76,7,0.30198559,0.01632659,0.04432358,0E-8,0.000000,0.933652,0.003213,-0.04010948,2026-03-22,2026-08-05,67,528,415,137,0.489051,0.945283,0.961806,1.006619,,,,,,,,GLOBAL_BASELINE_NO_ENTITY_RANKING,,,NOT_APPLICABLE_GLOBAL_BASELINE,HF9g-P5,,,,X 全窗基线 · 不参与实体赏罚,14192467,1420,A168_HF9F_20260827_0900,2026-08-27 09:00:00
2026-07-04,129130207,2121,0,179.8634672770,-179.8634672770,-179.8634672770,0E-7,4,1,0.41965393181840754,0.187662550000,-0.8503586327841678,-0.48064072822218945,-0.8503586327841678,0.23199138181840754,ELIGIBLE,R03b_20260811_FULL_v1,L1_ELIGIBILITY,v2026-08-11,2026-03-21..2026-08-06,baccarat_bet02_101_all_pairs_incl_sentinel,round_win = game_pnl > 0 (decisive only),COMPATIBILITY_ONLY_NOT_PRODUCTION,406609.1881,379631.3579,6638.5409,8714,2252,-0.01632659,-0.04432358,-0.00421410,-0.01632659,-6638.5409,406609.1881,OK,0.0000,265.5416,4.0000,96.0000,AG03-UNRESOLVED,ALL5_LEVELS_bet23_to_bet27,265.5416,265.5416,298.7343,298.7343,298.7343,4.000000,4.000000,4.500000,4.500000,4.500000,96.000000,96.000000,95.500000,95.500000,95.500000,5.0,1427.2863,1309.7925,5211.2546,5328.7484,PENDING_AG03,FALSE,NOT_FOR_ENFORCEMENT,6372.9992,364446.1036,6638.5409,6372.9992,265.5416,0.01632659,0.01567352,265.5416,6372.9992,0.01567352,265.5416,265.5416,298.7343,298.7343,298.7343,6372.9992,0.01567352,1427.2863,1309.7925,5211.2546,5328.7484,0.01281637,0.01310533,0.00065306,46.6616,168.5752,2.9478,99.0827,12.5730,6068.7939,33.6119,44.8794,47.4773,8.4329,14.3073,34.3462,193.1745,204.3903,207.7145,14.3073,-10.2195,14.285714,14.518058,3.261379,29,153,76,7,0.30198559,0.01632659,0.04432358,0E-8,0.000000,0.933652,0.003213,-0.04010948,2026-03-22,2026-08-05,67,528,415,137,0.489051,0.945283,0.961806,1.006619,,,,,,,,GLOBAL_BASELINE_NO_ENTITY_RANKING,,,NOT_APPLICABLE_GLOBAL_BASELINE,HF9g-P5,,,,X 全窗基线 · 不参与实体赏罚,14192468,1420,A168_HF9F_20260827_0900,2026-08-27 09:00:00
2026-07-04,129130207,2130,0,3454.1961329356,674.4880022892,674.4880022892,0.6923077,52,13,0.39818880769230769,0.184311250000,2.166306645356466,4.723829221671751,2.166306645356466,0.21387755769230769,ELIGIBLE,R03b_20260811_FULL_v1,L1_ELIGIBILITY,v2026-08-11,2026-03-21..2026-08-06,baccarat_bet02_101_all_pairs_incl_sentinel,round_win = game_pnl > 0 (decisive only),COMPATIBILITY_ONLY_NOT_PRODUCTION,406609.1881,379631.3579,6638.5409,8714,2252,-0.01632659,-0.04432358,-0.00421410,-0.01632659,-6638.5409,406609.1881,OK,0.0000,265.5416,4.0000,96.0000,AG03-UNRESOLVED,ALL5_LEVELS_bet23_to_bet27,265.5416,265.5416,298.7343,298.7343,298.7343,4.000000,4.000000,4.500000,4.500000,4.500000,96.000000,96.000000,95.500000,95.500000,95.500000,5.0,1427.2863,1309.7925,5211.2546,5328.7484,PENDING_AG03,FALSE,NOT_FOR_ENFORCEMENT,6372.9992,364446.1036,6638.5409,6372.9992,265.5416,0.01632659,0.01567352,265.5416,6372.9992,0.01567352,265.5416,265.5416,298.7343,298.7343,298.7343,6372.9992,0.01567352,1427.2863,1309.7925,5211.2546,5328.7484,0.01281637,0.01310533,0.00065306,46.6616,168.5752,2.9478,99.0827,12.5730,6068.7939,33.6119,44.8794,47.4773,8.4329,14.3073,34.3462,193.1745,204.3903,207.7145,14.3073,-10.2195,14.285714,14.518058,3.261379,29,153,76,7,0.30198559,0.01632659,0.04432358,0E-8,0.000000,0.933652,0.003213,-0.04010948,2026-03-22,2026-08-05,67,528,415,137,0.489051,0.945283,0.961806,1.006619,,,,,,,,GLOBAL_BASELINE_NO_ENTITY_RANKING,,,NOT_APPLICABLE_GLOBAL_BASELINE,HF9g-P5,,,,X 全窗基线 · 不参与实体赏罚,14192469,1420,A168_HF9F_20260827_0900,2026-08-27 09:00:00
2026-07-04,129130207,2142,0,2595.7568572950,770.5514450393,770.5514450393,0.8000000,40,10,0.39836631386093034,0.184311250000,2.5943152896304107,5.021379666346337,2.5943152896304107,0.21405506386093034,ELIGIBLE,R03b_20260811_FULL_v1,L1_ELIGIBILITY,v2026-08-11,2026-03-21..2026-08-06,baccarat_bet02_101_all_pairs_incl_sentinel,round_win = game_pnl > 0 (decisive only),COMPATIBILITY_ONLY_NOT_PRODUCTION,406609.1881,379631.3579,6638.5409,8714,2252,-0.01632659,-0.04432358,-0.00421410,-0.01632659,-6638.5409,406609.1881,OK,0.0000,265.5416,4.0000,96.0000,AG03-UNRESOLVED,ALL5_LEVELS_bet23_to_bet27,265.5416,265.5416,298.7343,298.7343,298.7343,4.000000,4.000000,4.500000,4.500000,4.500000,96.000000,96.000000,95.500000,95.500000,95.500000,5.0,1427.2863,1309.7925,5211.2546,5328.7484,PENDING_AG03,FALSE,NOT_FOR_ENFORCEMENT,6372.9992,364446.1036,6638.5409,6372.9992,265.5416,0.01632659,0.01567352,265.5416,6372.9992,0.01567352,265.5416,265.5416,298.7343,298.7343,298.7343,6372.9992,0.01567352,1427.2863,1309.7925,5211.2546,5328.7484,0.01281637,0.01310533,0.00065306,46.6616,168.5752,2.9478,99.0827,12.5730,6068.7939,33.6119,44.8794,47.4773,8.4329,14.3073,34.3462,193.1745,204.3903,207.7145,14.3073,-10.2195,14.285714,14.518058,3.261379,29,153,76,7,0.30198559,0.01632659,0.04432358,0E-8,0.000000,0.933652,0.003213,-0.04010948,2026-03-22,2026-08-05,67,528,415,137,0.489051,0.945283,0.961806,1.006619,,,,,,,,GLOBAL_BASELINE_NO_ENTITY_RANKING,,,NOT_APPLICABLE_GLOBAL_BASELINE,HF9g-P5,,,,X 全窗基线 · 不参与实体赏罚,14192470,1420,A168_HF9F_20260827_0900,2026-08-27 09:00:00
2026-07-04,129130207,2155,0,535.5025957569,-290.2342312881,-290.2342312881,0E-7,8,2,0.40612248712120067,0.187662550000,-1.1694861310811286,-0.6797286364807011,-1.1694861310811286,0.21845993712120067,ELIGIBLE,R03b_20260811_FULL_v1,L1_ELIGIBILITY,v2026-08-11,2026-03-21..2026-08-06,baccarat_bet02_101_all_pairs_incl_sentinel,round_win = game_pnl > 0 (decisive only),COMPATIBILITY_ONLY_NOT_PRODUCTION,406609.1881,379631.3579,6638.5409,8714,2252,-0.01632659,-0.04432358,-0.00421410,-0.01632659,-6638.5409,406609.1881,OK,0.0000,265.5416,4.0000,96.0000,AG03-UNRESOLVED,ALL5_LEVELS_bet23_to_bet27,265.5416,265.5416,298.7343,298.7343,298.7343,4.000000,4.000000,4.500000,4.500000,4.500000,96.000000,96.000000,95.500000,95.500000,95.500000,5.0,1427.2863,1309.7925,5211.2546,5328.7484,PENDING_AG03,FALSE,NOT_FOR_ENFORCEMENT,6372.9992,364446.1036,6638.5409,6372.9992,265.5416,0.01632659,0.01567352,265.5416,6372.9992,0.01567352,265.5416,265.5416,298.7343,298.7343,298.7343,6372.9992,0.01567352,1427.2863,1309.7925,5211.2546,5328.7484,0.01281637,0.01310533,0.00065306,46.6616,168.5752,2.9478,99.0827,12.5730,6068.7939,33.6119,44.8794,47.4773,8.4329,14.3073,34.3462,193.1745,204.3903,207.7145,14.3073,-10.2195,14.285714,14.518058,3.261379,29,153,76,7,0.30198559,0.01632659,0.04432358,0E-8,0.000000,0.933652,0.003213,-0.04010948,2026-03-22,2026-08-05,67,528,415,137,0.489051,0.945283,0.961806,1.006619,,,,,,,,GLOBAL_BASELINE_NO_ENTITY_RANKING,,,NOT_APPLICABLE_GLOBAL_BASELINE,HF9g-P5,,,,X 全窗基线 · 不参与实体赏罚,14192471,1420,A168_HF9F_20260827_0900,2026-08-27 09:00:00
2026-07-04,129130207,2160,0,2683.6446878963,-222.8876262112,-222.8876262112,0.5000000,49,12,0.41451514216621840,0.184031155833,0.6011069967330662,2.8245705022863357,0.6011069967330662,0.23048398633321840,ELIGIBLE,R03b_20260811_FULL_v1,L1_ELIGIBILITY,v2026-08-11,2026-03-21..2026-08-06,baccarat_bet02_101_all_pairs_incl_sentinel,round_win = game_pnl > 0 (decisive only),COMPATIBILITY_ONLY_NOT_PRODUCTION,406609.1881,379631.3579,6638.5409,8714,2252,-0.01632659,-0.04432358,-0.00421410,-0.01632659,-6638.5409,406609.1881,OK,0.0000,265.5416,4.0000,96.0000,AG03-UNRESOLVED,ALL5_LEVELS_bet23_to_bet27,265.5416,265.5416,298.7343,298.7343,298.7343,4.000000,4.000000,4.500000,4.500000,4.500000,96.000000,96.000000,95.500000,95.500000,95.500000,5.0,1427.2863,1309.7925,5211.2546,5328.7484,PENDING_AG03,FALSE,NOT_FOR_ENFORCEMENT,6372.9992,364446.1036,6638.5409,6372.9992,265.5416,0.01632659,0.01567352,265.5416,6372.9992,0.01567352,265.5416,265.5416,298.7343,298.7343,298.7343,6372.9992,0.01567352,1427.2863,1309.7925,5211.2546,5328.7484,0.01281637,0.01310533,0.00065306,46.6616,168.5752,2.9478,99.0827,12.5730,6068.7939,33.6119,44.8794,47.4773,8.4329,14.3073,34.3462,193.1745,204.3903,207.7145,14.3073,-10.2195,14.285714,14.518058,3.261379,29,153,76,7,0.30198559,0.01632659,0.04432358,0E-8,0.000000,0.933652,0.003213,-0.04010948,2026-03-22,2026-08-05,67,528,415,137,0.489051,0.945283,0.961806,1.006619,,,,,,,,GLOBAL_BASELINE_NO_ENTITY_RANKING,,,NOT_APPLICABLE_GLOBAL_BASELINE,HF9g-P5,,,,X 全窗基线 · 不参与实体赏罚,14192472,1420,A168_HF9F_20260827_0900,2026-08-27 09:00:00
2026-07-04,129130207,2170,0,390.3854801128,92.9975881944,92.9975881944,0.6666667,12,3,0.40081933177845796,0.186545450000,0.9395928686978212,2.1347771648846368,0.9395928686978212,0.21427388177845796,ELIGIBLE,R03b_20260811_FULL_v1,L1_ELIGIBILITY,v2026-08-11,2026-03-21..2026-08-06,baccarat_bet02_101_all_pairs_incl_sentinel,round_win = game_pnl > 0 (decisive only),COMPATIBILITY_ONLY_NOT_PRODUCTION,406609.1881,379631.3579,6638.5409,8714,2252,-0.01632659,-0.04432358,-0.00421410,-0.01632659,-6638.5409,406609.1881,OK,0.0000,265.5416,4.0000,96.0000,AG03-UNRESOLVED,ALL5_LEVELS_bet23_to_bet27,265.5416,265.5416,298.7343,298.7343,298.7343,4.000000,4.000000,4.500000,4.500000,4.500000,96.000000,96.000000,95.500000,95.500000,95.500000,5.0,1427.2863,1309.7925,5211.2546,5328.7484,PENDING_AG03,FALSE,NOT_FOR_ENFORCEMENT,6372.9992,364446.1036,6638.5409,6372.9992,265.5416,0.01632659,0.01567352,265.5416,6372.9992,0.01567352,265.5416,265.5416,298.7343,298.7343,298.7343,6372.9992,0.01567352,1427.2863,1309.7925,5211.2546,5328.7484,0.01281637,0.01310533,0.00065306,46.6616,168.5752,2.9478,99.0827,12.5730,6068.7939,33.6119,44.8794,47.4773,8.4329,14.3073,34.3462,193.1745,204.3903,207.7145,14.3073,-10.2195,14.285714,14.518058,3.261379,29,153,76,7,0.30198559,0.01632659,0.04432358,0E-8,0.000000,0.933652,0.003213,-0.04010948,2026-03-22,2026-08-05,67,528,415,137,0.489051,0.945283,0.961806,1.006619,,,,,,,,GLOBAL_BASELINE_NO_ENTITY_RANKING,,,NOT_APPLICABLE_GLOBAL_BASELINE,HF9g-P5,,,,X 全窗基线 · 不参与实体赏罚,14192473,1420,A168_HF9F_20260827_0900,2026-08-27 09:00:00
2026-07-04,129130207,2174,0,265.7073948412,-265.7073948412,-265.7073948412,0E-7,4,1,0.39818880769230769,0.184311250000,-0.8134191529185927,-0.47535020548684115,-0.8134191529185927,0.21387755769230769,ELIGIBLE,R03b_20260811_FULL_v1,L1_ELIGIBILITY,v2026-08-11,2026-03-21..2026-08-06,baccarat_bet02_101_all_pairs_incl_sentinel,round_win = game_pnl > 0 (decisive only),COMPATIBILITY_ONLY_NOT_PRODUCTION,406609.1881,379631.3579,6638.5409,8714,2252,-0.01632659,-0.04432358,-0.00421410,-0.01632659,-6638.5409,406609.1881,OK,0.0000,265.5416,4.0000,96.0000,AG03-UNRESOLVED,ALL5_LEVELS_bet23_to_bet27,265.5416,265.5416,298.7343,298.7343,298.7343,4.000000,4.000000,4.500000,4.500000,4.500000,96.000000,96.000000,95.500000,95.500000,95.500000,5.0,1427.2863,1309.7925,5211.2546,5328.7484,PENDING_AG03,FALSE,NOT_FOR_ENFORCEMENT,6372.9992,364446.1036,6638.5409,6372.9992,265.5416,0.01632659,0.01567352,265.5416,6372.9992,0.01567352,265.5416,265.5416,298.7343,298.7343,298.7343,6372.9992,0.01567352,1427.2863,1309.7925,5211.2546,5328.7484,0.01281637,0.01310533,0.00065306,46.6616,168.5752,2.9478,99.0827,12.5730,6068.7939,33.6119,44.8794,47.4773,8.4329,14.3073,34.3462,193.1745,204.3903,207.7145,14.3073,-10.2195,14.285714,14.518058,3.261379,29,153,76,7,0.30198559,0.01632659,0.04432358,0E-8,0.000000,0.933652,0.003213,-0.04010948,2026-03-22,2026-08-05,67,528,415,137,0.489051,0.945283,0.961806,1.006619,,,,,,,,GLOBAL_BASELINE_NO_ENTITY_RANKING,,,NOT_APPLICABLE_GLOBAL_BASELINE,HF9g-P5,,,,X 全窗基线 · 不参与实体赏罚,14192474,1420,A168_HF9F_20260827_0900,2026-08-27 09:00:00
2026-07-04,129130207,2209,0,770.5514450395,680.6197114009,680.6197114009,1.0000000,12,3,0.41725425953007581,0.186545450000,2.046914921046187,3.6168870229643217,2.046914921046187,0.23070880953007581,ELIGIBLE,R03b_20260811_FULL_v1,L1_ELIGIBILITY,v2026-08-11,2026-03-21..2026-08-06,baccarat_bet02_101_all_pairs_incl_sentinel,round_win = game_pnl > 0 (decisive only),COMPATIBILITY_ONLY_NOT_PRODUCTION,406609.1881,379631.3579,6638.5409,8714,2252,-0.01632659,-0.04432358,-0.00421410,-0.01632659,-6638.5409,406609.1881,OK,0.0000,265.5416,4.0000,96.0000,AG03-UNRESOLVED,ALL5_LEVELS_bet23_to_bet27,265.5416,265.5416,298.7343,298.7343,298.7343,4.000000,4.000000,4.500000,4.500000,4.500000,96.000000,96.000000,95.500000,95.500000,95.500000,5.0,1427.2863,1309.7925,5211.2546,5328.7484,PENDING_AG03,FALSE,NOT_FOR_ENFORCEMENT,6372.9992,364446.1036,6638.5409,6372.9992,265.5416,0.01632659,0.01567352,265.5416,6372.9992,0.01567352,265.5416,265.5416,298.7343,298.7343,298.7343,6372.9992,0.01567352,1427.2863,1309.7925,5211.2546,5328.7484,0.01281637,0.01310533,0.00065306,46.6616,168.5752,2.9478,99.0827,12.5730,6068.7939,33.6119,44.8794,47.4773,8.4329,14.3073,34.3462,193.1745,204.3903,207.7145,14.3073,-10.2195,14.285714,14.518058,3.261379,29,153,76,7,0.30198559,0.01632659,0.04432358,0E-8,0.000000,0.933652,0.003213,-0.04010948,2026-03-22,2026-08-05,67,528,415,137,0.489051,0.945283,0.961806,1.006619,,,,,,,,GLOBAL_BASELINE_NO_ENTITY_RANKING,,,NOT_APPLICABLE_GLOBAL_BASELINE,HF9g-P5,,,,X 全窗基线 · 不参与实体赏罚,14192475,1420,A168_HF9F_20260827_0900,2026-08-27 09:00:00
2026-07-04,129130207,2246,0,6055.0627478238,151.8619956666,151.8619956666,0.6400000,101,25,0.41871609986933946,0.189436953600,2.2426724311027404,5.7490994747898165,2.2426724311027404,0.22927914626933946,ELIGIBLE,R03b_20260811_FULL_v1,L1_ELIGIBILITY,v2026-08-11,2026-03-21..2026-08-06,baccarat_bet02_101_all_pairs_incl_sentinel,round_win = game_pnl > 0 (decisive only),COMPATIBILITY_ONLY_NOT_PRODUCTION,406609.1881,379631.3579,6638.5409,8714,2252,-0.01632659,-0.04432358,-0.00421410,-0.01632659,-6638.5409,406609.1881,OK,0.0000,265.5416,4.0000,96.0000,AG03-UNRESOLVED,ALL5_LEVELS_bet23_to_bet27,265.5416,265.5416,298.7343,298.7343,298.7343,4.000000,4.000000,4.500000,4.500000,4.500000,96.000000,96.000000,95.500000,95.500000,95.500000,5.0,1427.2863,1309.7925,5211.2546,5328.7484,PENDING_AG03,FALSE,NOT_FOR_ENFORCEMENT,6372.9992,364446.1036,6638.5409,6372.9992,265.5416,0.01632659,0.01567352,265.5416,6372.9992,0.01567352,265.5416,265.5416,298.7343,298.7343,298.7343,6372.9992,0.01567352,1427.2863,1309.7925,5211.2546,5328.7484,0.01281637,0.01310533,0.00065306,46.6616,168.5752,2.9478,99.0827,12.5730,6068.7939,33.6119,44.8794,47.4773,8.4329,14.3073,34.3462,193.1745,204.3903,207.7145,14.3073,-10.2195,14.285714,14.518058,3.261379,29,153,76,7,0.30198559,0.01632659,0.04432358,0E-8,0.000000,0.933652,0.003213,-0.04010948,2026-03-22,2026-08-05,67,528,415,137,0.489051,0.945283,0.961806,1.006619,,,,,,,,GLOBAL_BASELINE_NO_ENTITY_RANKING,,,NOT_APPLICABLE_GLOBAL_BASELINE,HF9g-P5,,,,X 全窗基线 · 不参与实体赏罚,14192476,1420,A168_HF9F_20260827_0900,2026-08-27 09:00:00
2026-07-04,129130207,2280,0,1071.0051915138,-247.3122675061,-247.3122675061,0.5000000,16,4,0.40612248712120067,0.187662550000,0.38230907906140127,1.5999153738352345,0.38230907906140127,0.21845993712120067,ELIGIBLE,R03b_20260811_FULL_v1,L1_ELIGIBILITY,v2026-08-11,2026-03-21..2026-08-06,baccarat_bet02_101_all_pairs_incl_sentinel,round_win = game_pnl > 0 (decisive only),COMPATIBILITY_ONLY_NOT_PRODUCTION,406609.1881,379631.3579,6638.5409,8714,2252,-0.01632659,-0.04432358,-0.00421410,-0.01632659,-6638.5409,406609.1881,OK,0.0000,265.5416,4.0000,96.0000,AG03-UNRESOLVED,ALL5_LEVELS_bet23_to_bet27,265.5416,265.5416,298.7343,298.7343,298.7343,4.000000,4.000000,4.500000,4.500000,4.500000,96.000000,96.000000,95.500000,95.500000,95.500000,5.0,1427.2863,1309.7925,5211.2546,5328.7484,PENDING_AG03,FALSE,NOT_FOR_ENFORCEMENT,6372.9992,364446.1036,6638.5409,6372.9992,265.5416,0.01632659,0.01567352,265.5416,6372.9992,0.01567352,265.5416,265.5416,298.7343,298.7343,298.7343,6372.9992,0.01567352,1427.2863,1309.7925,5211.2546,5328.7484,0.01281637,0.01310533,0.00065306,46.6616,168.5752,2.9478,99.0827,12.5730,6068.7939,33.6119,44.8794,47.4773,8.4329,14.3073,34.3462,193.1745,204.3903,207.7145,14.3073,-10.2195,14.285714,14.518058,3.261379,29,153,76,7,0.30198559,0.01632659,0.04432358,0E-8,0.000000,0.933652,0.003213,-0.04010948,2026-03-22,2026-08-05,67,528,415,137,0.489051,0.945283,0.961806,1.006619,,,,,,,,GLOBAL_BASELINE_NO_ENTITY_RANKING,,,NOT_APPLICABLE_GLOBAL_BASELINE,HF9g-P5,,,,X 全窗基线 · 不参与实体赏罚,14192477,1420,A168_HF9F_20260827_0900,2026-08-27 09:00:00
2026-07-04,129130207,526,0,122.6341822345,-49.0536728939,-49.0536728939,0.5000000,8,2,0.42459909305527568,0.235817237500,0.2157330906939208,0.8801021515349524,0.2157330906939208,0.18878185555527568,ELIGIBLE,R03b_20260811_FULL_v1,L1_ELIGIBILITY,v2026-08-11,2026-03-21..2026-08-06,baccarat_bet02_101_all_pairs_incl_sentinel,round_win = game_pnl > 0 (decisive only),COMPATIBILITY_ONLY_NOT_PRODUCTION,406609.1881,379631.3579,6638.5409,8714,2252,-0.01632659,-0.04432358,-0.00421410,-0.01632659,-6638.5409,406609.1881,OK,0.0000,265.5416,4.0000,96.0000,AG03-UNRESOLVED,ALL5_LEVELS_bet23_to_bet27,265.5416,265.5416,298.7343,298.7343,298.7343,4.000000,4.000000,4.500000,4.500000,4.500000,96.000000,96.000000,95.500000,95.500000,95.500000,5.0,1427.2863,1309.7925,5211.2546,5328.7484,PENDING_AG03,FALSE,NOT_FOR_ENFORCEMENT,6372.9992,364446.1036,6638.5409,6372.9992,265.5416,0.01632659,0.01567352,265.5416,6372.9992,0.01567352,265.5416,265.5416,298.7343,298.7343,298.7343,6372.9992,0.01567352,1427.2863,1309.7925,5211.2546,5328.7484,0.01281637,0.01310533,0.00065306,46.6616,168.5752,2.9478,99.0827,12.5730,6068.7939,33.6119,44.8794,47.4773,8.4329,14.3073,34.3462,193.1745,204.3903,207.7145,14.3073,-10.2195,14.285714,14.518058,3.261379,29,153,76,7,0.30198559,0.01632659,0.04432358,0E-8,0.000000,0.933652,0.003213,-0.04010948,2026-03-22,2026-08-05,67,528,415,137,0.489051,0.945283,0.961806,1.006619,,,,,,,,GLOBAL_BASELINE_NO_ENTITY_RANKING,,,NOT_APPLICABLE_GLOBAL_BASELINE,HF9g-P5,,,,X 全窗基线 · 不参与实体赏罚,14192478,1420,A168_HF9F_20260827_0900,2026-08-27 09:00:00
2026-07-04,129130207,595,0,132.8536974206,71.5366063034,71.5366063034,1.0000000,4,1,0.39818880769230769,0.184311250000,1.2293784777650547,2.103712144135556,1.2293784777650547,0.21387755769230769,ELIGIBLE,R03b_20260811_FULL_v1,L1_ELIGIBILITY,v2026-08-11,2026-03-21..2026-08-06,baccarat_bet02_101_all_pairs_incl_sentinel,round_win = game_pnl > 0 (decisive only),COMPATIBILITY_ONLY_NOT_PRODUCTION,406609.1881,379631.3579,6638.5409,8714,2252,-0.01632659,-0.04432358,-0.00421410,-0.01632659,-6638.5409,406609.1881,OK,0.0000,265.5416,4.0000,96.0000,AG03-UNRESOLVED,ALL5_LEVELS_bet23_to_bet27,265.5416,265.5416,298.7343,298.7343,298.7343,4.000000,4.000000,4.500000,4.500000,4.500000,96.000000,96.000000,95.500000,95.500000,95.500000,5.0,1427.2863,1309.7925,5211.2546,5328.7484,PENDING_AG03,FALSE,NOT_FOR_ENFORCEMENT,6372.9992,364446.1036,6638.5409,6372.9992,265.5416,0.01632659,0.01567352,265.5416,6372.9992,0.01567352,265.5416,265.5416,298.7343,298.7343,298.7343,6372.9992,0.01567352,1427.2863,1309.7925,5211.2546,5328.7484,0.01281637,0.01310533,0.00065306,46.6616,168.5752,2.9478,99.0827,12.5730,6068.7939,33.6119,44.8794,47.4773,8.4329,14.3073,34.3462,193.1745,204.3903,207.7145,14.3073,-10.2195,14.285714,14.518058,3.261379,29,153,76,7,0.30198559,0.01632659,0.04432358,0E-8,0.000000,0.933652,0.003213,-0.04010948,2026-03-22,2026-08-05,67,528,415,137,0.489051,0.945283,0.961806,1.006619,,,,,,,,GLOBAL_BASELINE_NO_ENTITY_RANKING,,,NOT_APPLICABLE_GLOBAL_BASELINE,HF9g-P5,,,,X 全窗基线 · 不参与实体赏罚,14192479,1420,A168_HF9F_20260827_0900,2026-08-27 09:00:00
2026-07-04,129130207,627,0,132.8536974206,-132.8536974206,-132.8536974206,0E-7,4,1,0.40850050000000000,0.187662550000,-0.831034598754297,-0.48064072822218945,-0.831034598754297,0.22083795000000000,ELIGIBLE,R03b_20260811_FULL_v1,L1_ELIGIBILITY,v2026-08-11,2026-03-21..2026-08-06,baccarat_bet02_101_all_pairs_incl_sentinel,round_win = game_pnl > 0 (decisive only),COMPATIBILITY_ONLY_NOT_PRODUCTION,406609.1881,379631.3579,6638.5409,8714,2252,-0.01632659,-0.04432358,-0.00421410,-0.01632659,-6638.5409,406609.1881,OK,0.0000,265.5416,4.0000,96.0000,AG03-UNRESOLVED,ALL5_LEVELS_bet23_to_bet27,265.5416,265.5416,298.7343,298.7343,298.7343,4.000000,4.000000,4.500000,4.500000,4.500000,96.000000,96.000000,95.500000,95.500000,95.500000,5.0,1427.2863,1309.7925,5211.2546,5328.7484,PENDING_AG03,FALSE,NOT_FOR_ENFORCEMENT,6372.9992,364446.1036,6638.5409,6372.9992,265.5416,0.01632659,0.01567352,265.5416,6372.9992,0.01567352,265.5416,265.5416,298.7343,298.7343,298.7343,6372.9992,0.01567352,1427.2863,1309.7925,5211.2546,5328.7484,0.01281637,0.01310533,0.00065306,46.6616,168.5752,2.9478,99.0827,12.5730,6068.7939,33.6119,44.8794,47.4773,8.4329,14.3073,34.3462,193.1745,204.3903,207.7145,14.3073,-10.2195,14.285714,14.518058,3.261379,29,153,76,7,0.30198559,0.01632659,0.04432358,0E-8,0.000000,0.933652,0.003213,-0.04010948,2026-03-22,2026-08-05,67,528,415,137,0.489051,0.945283,0.961806,1.006619,,,,,,,,GLOBAL_BASELINE_NO_ENTITY_RANKING,,,NOT_APPLICABLE_GLOBAL_BASELINE,HF9g-P5,,,,X 全窗基线 · 不参与实体赏罚,14192480,1420,A168_HF9F_20260827_0900,2026-08-27 09:00:00
2026-07-05,129130207,1115,0,1594.2443690472,-153.2927277930,-153.2927277930,0.5000000,24,6,0.40850050000000000,0.187662550000,0.45595382033106374,1.9594881487652602,0.45595382033106374,0.22083795000000000,ELIGIBLE,R03b_20260811_FULL_v1,L1_ELIGIBILITY,v2026-08-11,2026-03-21..2026-08-06,baccarat_bet02_101_all_pairs_incl_sentinel,round_win = game_pnl > 0 (decisive only),COMPATIBILITY_ONLY_NOT_PRODUCTION,406609.1881,379631.3579,6638.5409,8714,2252,-0.01632659,-0.04432358,-0.00421410,-0.01632659,-6638.5409,406609.1881,OK,0.0000,265.5416,4.0000,96.0000,AG03-UNRESOLVED,ALL5_LEVELS_bet23_to_bet27,265.5416,265.5416,298.7343,298.7343,298.7343,4.000000,4.000000,4.500000,4.500000,4.500000,96.000000,96.000000,95.500000,95.500000,95.500000,5.0,1427.2863,1309.7925,5211.2546,5328.7484,PENDING_AG03,FALSE,NOT_FOR_ENFORCEMENT,6372.9992,364446.1036,6638.5409,6372.9992,265.5416,0.01632659,0.01567352,265.5416,6372.9992,0.01567352,265.5416,265.5416,298.7343,298.7343,298.7343,6372.9992,0.01567352,1427.2863,1309.7925,5211.2546,5328.7484,0.01281637,0.01310533,0.00065306,46.6616,168.5752,2.9478,99.0827,12.5730,6068.7939,33.6119,44.8794,47.4773,8.4329,14.3073,34.3462,193.1745,204.3903,207.7145,14.3073,-10.2195,14.285714,14.518058,3.261379,29,153,76,7,0.30198559,0.01632659,0.04432358,0E-8,0.000000,0.933652,0.003213,-0.04010948,2026-03-22,2026-08-05,67,528,415,137,0.489051,0.945283,0.961806,1.006619,,,,,,,,GLOBAL_BASELINE_NO_ENTITY_RANKING,,,NOT_APPLICABLE_GLOBAL_BASELINE,HF9g-P5,,,,X 全窗基线 · 不参与实体赏罚,14192481,1420,A168_HF9F_20260827_0900,2026-08-27 09:00:00
2026-07-05,129130207,1210,0,1475.6979928874,420.5330499120,420.5330499120,0.7142857,28,7,0.42913873500580422,0.187662550000,1.5242410341850536,3.5685512143027887,1.5242410341850536,0.24147618500580422,ELIGIBLE,R03b_20260811_FULL_v1,L1_ELIGIBILITY,v2026-08-11,2026-03-21..2026-08-06,baccarat_bet02_101_all_pairs_incl_sentinel,round_win = game_pnl > 0 (decisive only),COMPATIBILITY_ONLY_NOT_PRODUCTION,406609.1881,379631.3579,6638.5409,8714,2252,-0.01632659,-0.04432358,-0.00421410,-0.01632659,-6638.5409,406609.1881,OK,0.0000,265.5416,4.0000,96.0000,AG03-UNRESOLVED,ALL5_LEVELS_bet23_to_bet27,265.5416,265.5416,298.7343,298.7343,298.7343,4.000000,4.000000,4.500000,4.500000,4.500000,96.000000,96.000000,95.500000,95.500000,95.500000,5.0,1427.2863,1309.7925,5211.2546,5328.7484,PENDING_AG03,FALSE,NOT_FOR_ENFORCEMENT,6372.9992,364446.1036,6638.5409,6372.9992,265.5416,0.01632659,0.01567352,265.5416,6372.9992,0.01567352,265.5416,265.5416,298.7343,298.7343,298.7343,6372.9992,0.01567352,1427.2863,1309.7925,5211.2546,5328.7484,0.01281637,0.01310533,0.00065306,46.6616,168.5752,2.9478,99.0827,12.5730,6068.7939,33.6119,44.8794,47.4773,8.4329,14.3073,34.3462,193.1745,204.3903,207.7145,14.3073,-10.2195,14.285714,14.518058,3.261379,29,153,76,7,0.30198559,0.01632659,0.04432358,0E-8,0.000000,0.933652,0.003213,-0.04010948,2026-03-22,2026-08-05,67,528,415,137,0.489051,0.945283,0.961806,1.006619,,,,,,,,GLOBAL_BASELINE_NO_ENTITY_RANKING,,,NOT_APPLICABLE_GLOBAL_BASELINE,HF9g-P5,,,,X 全窗基线 · 不参与实体赏罚,14192482,1420,A168_HF9F_20260827_0900,2026-08-27 09:00:00
2026-07-05,129130207,1323,0,1304.0101377590,190.9005436784,190.9005436784,0.8333333,24,6,0.42000601610375869,0.187662550000,2.0513049801125813,4.0506966037714935,2.0513049801125813,0.23234346610375869,ELIGIBLE,R03b_20260811_FULL_v1,L1_ELIGIBILITY,v2026-08-11,2026-03-21..2026-08-06,baccarat_bet02_101_all_pairs_incl_sentinel,round_win = game_pnl > 0 (decisive only),COMPATIBILITY_ONLY_NOT_PRODUCTION,406609.1881,379631.3579,6638.5409,8714,2252,-0.01632659,-0.04432358,-0.00421410,-0.01632659,-6638.5409,406609.1881,OK,0.0000,265.5416,4.0000,96.0000,AG03-UNRESOLVED,ALL5_LEVELS_bet23_to_bet27,265.5416,265.5416,298.7343,298.7343,298.7343,4.000000,4.000000,4.500000,4.500000,4.500000,96.000000,96.000000,95.500000,95.500000,95.500000,5.0,1427.2863,1309.7925,5211.2546,5328.7484,PENDING_AG03,FALSE,NOT_FOR_ENFORCEMENT,6372.9992,364446.1036,6638.5409,6372.9992,265.5416,0.01632659,0.01567352,265.5416,6372.9992,0.01567352,265.5416,265.5416,298.7343,298.7343,298.7343,6372.9992,0.01567352,1427.2863,1309.7925,5211.2546,5328.7484,0.01281637,0.01310533,0.00065306,46.6616,168.5752,2.9478,99.0827,12.5730,6068.7939,33.6119,44.8794,47.4773,8.4329,14.3073,34.3462,193.1745,204.3903,207.7145,14.3073,-10.2195,14.285714,14.518058,3.261379,29,153,76,7,0.30198559,0.01632659,0.04432358,0E-8,0.000000,0.933652,0.003213,-0.04010948,2026-03-22,2026-08-05,67,528,415,137,0.489051,0.945283,0.961806,1.006619,,,,,,,,GLOBAL_BASELINE_NO_ENTITY_RANKING,,,NOT_APPLICABLE_GLOBAL_BASELINE,HF9g-P5,,,,X 全窗基线 · 不参与实体赏罚,14192483,1420,A168_HF9F_20260827_0900,2026-08-27 09:00:00
2026-07-05,129130207,1401,0,1780.2395454359,176.4910272658,176.4910272658,0.5714286,28,7,0.41050356530615260,0.187662550000,0.8655128024327299,2.6005098040732517,0.8655128024327299,0.22284101530615260,ELIGIBLE,R03b_20260811_FULL_v1,L1_ELIGIBILITY,v2026-08-11,2026-03-21..2026-08-06,baccarat_bet02_101_all_pairs_incl_sentinel,round_win = game_pnl > 0 (decisive only),COMPATIBILITY_ONLY_NOT_PRODUCTION,406609.1881,379631.3579,6638.5409,8714,2252,-0.01632659,-0.04432358,-0.00421410,-0.01632659,-6638.5409,406609.1881,OK,0.0000,265.5416,4.0000,96.0000,AG03-UNRESOLVED,ALL5_LEVELS_bet23_to_bet27,265.5416,265.5416,298.7343,298.7343,298.7343,4.000000,4.000000,4.500000,4.500000,4.500000,96.000000,96.000000,95.500000,95.500000,95.500000,5.0,1427.2863,1309.7925,5211.2546,5328.7484,PENDING_AG03,FALSE,NOT_FOR_ENFORCEMENT,6372.9992,364446.1036,6638.5409,6372.9992,265.5416,0.01632659,0.01567352,265.5416,6372.9992,0.01567352,265.5416,265.5416,298.7343,298.7343,298.7343,6372.9992,0.01567352,1427.2863,1309.7925,5211.2546,5328.7484,0.01281637,0.01310533,0.00065306,46.6616,168.5752,2.9478,99.0827,12.5730,6068.7939,33.6119,44.8794,47.4773,8.4329,14.3073,34.3462,193.1745,204.3903,207.7145,14.3073,-10.2195,14.285714,14.518058,3.261379,29,153,76,7,0.30198559,0.01632659,0.04432358,0E-8,0.000000,0.933652,0.003213,-0.04010948,2026-03-22,2026-08-05,67,528,415,137,0.489051,0.945283,0.961806,1.006619,,,,,,,,GLOBAL_BASELINE_NO_ENTITY_RANKING,,,NOT_APPLICABLE_GLOBAL_BASELINE,HF9g-P5,,,,X 全窗基线 · 不参与实体赏罚,14192484,1420,A168_HF9F_20260827_0900,2026-08-27 09:00:00
2026-07-05,129130207,1704,0,809.3856027473,277.7664227607,277.7664227607,0.7500000,16,4,0.44626254479154070,0.187662550000,1.2220280553929765,2.880513788975041,1.2220280553929765,0.25859999479154070,ELIGIBLE,R03b_20260811_FULL_v1,L1_ELIGIBILITY,v2026-08-11,2026-03-21..2026-08-06,baccarat_bet02_101_all_pairs_incl_sentinel,round_win = game_pnl > 0 (decisive only),COMPATIBILITY_ONLY_NOT_PRODUCTION,406609.1881,379631.3579,6638.5409,8714,2252,-0.01632659,-0.04432358,-0.00421410,-0.01632659,-6638.5409,406609.1881,OK,0.0000,265.5416,4.0000,96.0000,AG03-UNRESOLVED,ALL5_LEVELS_bet23_to_bet27,265.5416,265.5416,298.7343,298.7343,298.7343,4.000000,4.000000,4.500000,4.500000,4.500000,96.000000,96.000000,95.500000,95.500000,95.500000,5.0,1427.2863,1309.7925,5211.2546,5328.7484,PENDING_AG03,FALSE,NOT_FOR_ENFORCEMENT,6372.9992,364446.1036,6638.5409,6372.9992,265.5416,0.01632659,0.01567352,265.5416,6372.9992,0.01567352,265.5416,265.5416,298.7343,298.7343,298.7343,6372.9992,0.01567352,1427.2863,1309.7925,5211.2546,5328.7484,0.01281637,0.01310533,0.00065306,46.6616,168.5752,2.9478,99.0827,12.5730,6068.7939,33.6119,44.8794,47.4773,8.4329,14.3073,34.3462,193.1745,204.3903,207.7145,14.3073,-10.2195,14.285714,14.518058,3.261379,29,153,76,7,0.30198559,0.01632659,0.04432358,0E-8,0.000000,0.933652,0.003213,-0.04010948,2026-03-22,2026-08-05,67,528,415,137,0.489051,0.945283,0.961806,1.006619,,,,,,,,GLOBAL_BASELINE_NO_ENTITY_RANKING,,,NOT_APPLICABLE_GLOBAL_BASELINE,HF9g-P5,,,,X 全窗基线 · 不参与实体赏罚,14192485,1420,A168_HF9F_20260827_0900,2026-08-27 09:00:00
2026-07-05,129130207,2117,0,1097.5759309979,343.3757102563,343.3757102563,0.7500000,16,4,0.39859211300504478,0.187662550000,1.4354649413904048,2.880513788975041,1.4354649413904048,0.21092956300504478,ELIGIBLE,R03b_20260811_FULL_v1,L1_ELIGIBILITY,v2026-08-11,2026-03-21..2026-08-06,baccarat_bet02_101_all_pairs_incl_sentinel,round_win = game_pnl > 0 (decisive only),COMPATIBILITY_ONLY_NOT_PRODUCTION,406609.1881,379631.3579,6638.5409,8714,2252,-0.01632659,-0.04432358,-0.00421410,-0.01632659,-6638.5409,406609.1881,OK,0.0000,265.5416,4.0000,96.0000,AG03-UNRESOLVED,ALL5_LEVELS_bet23_to_bet27,265.5416,265.5416,298.7343,298.7343,298.7343,4.000000,4.000000,4.500000,4.500000,4.500000,96.000000,96.000000,95.500000,95.500000,95.500000,5.0,1427.2863,1309.7925,5211.2546,5328.7484,PENDING_AG03,FALSE,NOT_FOR_ENFORCEMENT,6372.9992,364446.1036,6638.5409,6372.9992,265.5416,0.01632659,0.01567352,265.5416,6372.9992,0.01567352,265.5416,265.5416,298.7343,298.7343,298.7343,6372.9992,0.01567352,1427.2863,1309.7925,5211.2546,5328.7484,0.01281637,0.01310533,0.00065306,46.6616,168.5752,2.9478,99.0827,12.5730,6068.7939,33.6119,44.8794,47.4773,8.4329,14.3073,34.3462,193.1745,204.3903,207.7145,14.3073,-10.2195,14.285714,14.518058,3.261379,29,153,76,7,0.30198559,0.01632659,0.04432358,0E-8,0.000000,0.933652,0.003213,-0.04010948,2026-03-22,2026-08-05,67,528,415,137,0.489051,0.945283,0.961806,1.006619,,,,,,,,GLOBAL_BASELINE_NO_ENTITY_RANKING,,,NOT_APPLICABLE_GLOBAL_BASELINE,HF9g-P5,,,,X 全窗基线 · 不参与实体赏罚,14192486,1420,A168_HF9F_20260827_0900,2026-08-27 09:00:00
2026-07-05,129130207,2155,0,681.6416629195,64.8939214324,64.8939214324,0.5000000,16,4,0.42460356432709091,0.187662550000,0.30507414975591635,1.5999153738352345,0.30507414975591635,0.23694101432709091,ELIGIBLE,R03b_20260811_FULL_v1,L1_ELIGIBILITY,v2026-08-11,2026-03-21..2026-08-06,baccarat_bet02_101_all_pairs_incl_sentinel,round_win = game_pnl > 0 (decisive only),COMPATIBILITY_ONLY_NOT_PRODUCTION,406609.1881,379631.3579,6638.5409,8714,2252,-0.01632659,-0.04432358,-0.00421410,-0.01632659,-6638.5409,406609.1881,OK,0.0000,265.5416,4.0000,96.0000,AG03-UNRESOLVED,ALL5_LEVELS_bet23_to_bet27,265.5416,265.5416,298.7343,298.7343,298.7343,4.000000,4.000000,4.500000,4.500000,4.500000,96.000000,96.000000,95.500000,95.500000,95.500000,5.0,1427.2863,1309.7925,5211.2546,5328.7484,PENDING_AG03,FALSE,NOT_FOR_ENFORCEMENT,6372.9992,364446.1036,6638.5409,6372.9992,265.5416,0.01632659,0.01567352,265.5416,6372.9992,0.01567352,265.5416,265.5416,298.7343,298.7343,298.7343,6372.9992,0.01567352,1427.2863,1309.7925,5211.2546,5328.7484,0.01281637,0.01310533,0.00065306,46.6616,168.5752,2.9478,99.0827,12.5730,6068.7939,33.6119,44.8794,47.4773,8.4329,14.3073,34.3462,193.1745,204.3903,207.7145,14.3073,-10.2195,14.285714,14.518058,3.261379,29,153,76,7,0.30198559,0.01632659,0.04432358,0E-8,0.000000,0.933652,0.003213,-0.04010948,2026-03-22,2026-08-05,67,528,415,137,0.489051,0.945283,0.961806,1.006619,,,,,,,,GLOBAL_BASELINE_NO_ENTITY_RANKING,,,NOT_APPLICABLE_GLOBAL_BASELINE,HF9g-P5,,,,X 全窗基线 · 不参与实体赏罚,14192487,1420,A168_HF9F_20260827_0900,2026-08-27 09:00:00
2026-07-05,129130207,2222,0,721.4977721458,-522.2172260149,-522.2172260149,0.2500000,14,4,0.45224586481474234,0.203172508334,-0.8126986000055053,0.23276424287533268,-0.8126986000055053,0.24907335648074234,ELIGIBLE,R03b_20260811_FULL_v1,L1_ELIGIBILITY,v2026-08-11,2026-03-21..2026-08-06,baccarat_bet02_101_all_pairs_incl_sentinel,round_win = game_pnl > 0 (decisive only),COMPATIBILITY_ONLY_NOT_PRODUCTION,406609.1881,379631.3579,6638.5409,8714,2252,-0.01632659,-0.04432358,-0.00421410,-0.01632659,-6638.5409,406609.1881,OK,0.0000,265.5416,4.0000,96.0000,AG03-UNRESOLVED,ALL5_LEVELS_bet23_to_bet27,265.5416,265.5416,298.7343,298.7343,298.7343,4.000000,4.000000,4.500000,4.500000,4.500000,96.000000,96.000000,95.500000,95.500000,95.500000,5.0,1427.2863,1309.7925,5211.2546,5328.7484,PENDING_AG03,FALSE,NOT_FOR_ENFORCEMENT,6372.9992,364446.1036,6638.5409,6372.9992,265.5416,0.01632659,0.01567352,265.5416,6372.9992,0.01567352,265.5416,265.5416,298.7343,298.7343,298.7343,6372.9992,0.01567352,1427.2863,1309.7925,5211.2546,5328.7484,0.01281637,0.01310533,0.00065306,46.6616,168.5752,2.9478,99.0827,12.5730,6068.7939,33.6119,44.8794,47.4773,8.4329,14.3073,34.3462,193.1745,204.3903,207.7145,14.3073,-10.2195,14.285714,14.518058,3.261379,29,153,76,7,0.30198559,0.01632659,0.04432358,0E-8,0.000000,0.933652,0.003213,-0.04010948,2026-03-22,2026-08-05,67,528,415,137,0.489051,0.945283,0.961806,1.006619,,,,,,,,GLOBAL_BASELINE_NO_ENTITY_RANKING,,,NOT_APPLICABLE_GLOBAL_BASELINE,HF9g-P5,,,,X 全窗基线 · 不参与实体赏罚,14192488,1420,A168_HF9F_20260827_0900,2026-08-27 09:00:00
2026-07-06,129130207,-1,1,1534.9711809674,190.0829824632,190.0829824632,0.7142857,28,7,0.41052991950502236,0.184311250000,1.6336924477724692,3.616311279783212,1.6336924477724692,0.22621866950502236,SENTINEL_DEALER,R03b_20260811_FULL_v1,L1_ELIGIBILITY,v2026-08-11,2026-03-21..2026-08-06,baccarat_bet02_101_all_pairs_incl_sentinel,round_win = game_pnl > 0 (decisive only),COMPATIBILITY_ONLY_NOT_PRODUCTION,406609.1881,379631.3579,6638.5409,8714,2252,-0.01632659,-0.04432358,-0.00421410,-0.01632659,-6638.5409,406609.1881,OK,0.0000,265.5416,4.0000,96.0000,AG03-UNRESOLVED,ALL5_LEVELS_bet23_to_bet27,265.5416,265.5416,298.7343,298.7343,298.7343,4.000000,4.000000,4.500000,4.500000,4.500000,96.000000,96.000000,95.500000,95.500000,95.500000,5.0,1427.2863,1309.7925,5211.2546,5328.7484,PENDING_AG03,FALSE,NOT_FOR_ENFORCEMENT,6372.9992,364446.1036,6638.5409,6372.9992,265.5416,0.01632659,0.01567352,265.5416,6372.9992,0.01567352,265.5416,265.5416,298.7343,298.7343,298.7343,6372.9992,0.01567352,1427.2863,1309.7925,5211.2546,5328.7484,0.01281637,0.01310533,0.00065306,46.6616,168.5752,2.9478,99.0827,12.5730,6068.7939,33.6119,44.8794,47.4773,8.4329,14.3073,34.3462,193.1745,204.3903,207.7145,14.3073,-10.2195,14.285714,14.518058,3.261379,29,153,76,7,0.30198559,0.01632659,0.04432358,0E-8,0.000000,0.933652,0.003213,-0.04010948,2026-03-22,2026-08-05,67,528,415,137,0.489051,0.945283,0.961806,1.006619,,,,,,,,GLOBAL_BASELINE_NO_ENTITY_RANKING,,,NOT_APPLICABLE_GLOBAL_BASELINE,HF9g-P5,,,,X 全窗基线 · 不参与实体赏罚,14192489,1420,A168_HF9F_20260827_0900,2026-08-27 09:00:00
2026-07-06,129130207,2153,0,671.4221477337,-374.0342558152,-374.0342558152,0.4000000,20,5,0.41830848330905998,0.187662550000,-0.08299323044029847,1.2160587454450655,-0.08299323044029847,0.23064593330905998,ELIGIBLE,R03b_20260811_FULL_v1,L1_ELIGIBILITY,v2026-08-11,2026-03-21..2026-08-06,baccarat_bet02_101_all_pairs_incl_sentinel,round_win = game_pnl > 0 (decisive only),COMPATIBILITY_ONLY_NOT_PRODUCTION,406609.1881,379631.3579,6638.5409,8714,2252,-0.01632659,-0.04432358,-0.00421410,-0.01632659,-6638.5409,406609.1881,OK,0.0000,265.5416,4.0000,96.0000,AG03-UNRESOLVED,ALL5_LEVELS_bet23_to_bet27,265.5416,265.5416,298.7343,298.7343,298.7343,4.000000,4.000000,4.500000,4.500000,4.500000,96.000000,96.000000,95.500000,95.500000,95.500000,5.0,1427.2863,1309.7925,5211.2546,5328.7484,PENDING_AG03,FALSE,NOT_FOR_ENFORCEMENT,6372.9992,364446.1036,6638.5409,6372.9992,265.5416,0.01632659,0.01567352,265.5416,6372.9992,0.01567352,265.5416,265.5416,298.7343,298.7343,298.7343,6372.9992,0.01567352,1427.2863,1309.7925,5211.2546,5328.7484,0.01281637,0.01310533,0.00065306,46.6616,168.5752,2.9478,99.0827,12.5730,6068.7939,33.6119,44.8794,47.4773,8.4329,14.3073,34.3462,193.1745,204.3903,207.7145,14.3073,-10.2195,14.285714,14.518058,3.261379,29,153,76,7,0.30198559,0.01632659,0.04432358,0E-8,0.000000,0.933652,0.003213,-0.04010948,2026-03-22,2026-08-05,67,528,415,137,0.489051,0.945283,0.961806,1.006619,,,,,,,,GLOBAL_BASELINE_NO_ENTITY_RANKING,,,NOT_APPLICABLE_GLOBAL_BASELINE,HF9g-P5,,,,X 全窗基线 · 不参与实体赏罚,14192490,1420,A168_HF9F_20260827_0900,2026-08-27 09:00:00
2026-07-07,129130207,-1,1,3614.6425213594,-0.9708539432,-0.9708539432,0.6111111,72,18,0.42206471927140465,0.185242166667,1.6239607048802163,4.650803873400062,1.6239607048802163,0.23682255260440465,SENTINEL_DEALER,R03b_20260811_FULL_v1,L1_ELIGIBILITY,v2026-08-11,2026-03-21..2026-08-06,baccarat_bet02_101_all_pairs_incl_sentinel,round_win = game_pnl > 0 (decisive only),COMPATIBILITY_ONLY_NOT_PRODUCTION,406609.1881,379631.3579,6638.5409,8714,2252,-0.01632659,-0.04432358,-0.00421410,-0.01632659,-6638.5409,406609.1881,OK,0.0000,265.5416,4.0000,96.0000,AG03-UNRESOLVED,ALL5_LEVELS_bet23_to_bet27,265.5416,265.5416,298.7343,298.7343,298.7343,4.000000,4.000000,4.500000,4.500000,4.500000,96.000000,96.000000,95.500000,95.500000,95.500000,5.0,1427.2863,1309.7925,5211.2546,5328.7484,PENDING_AG03,FALSE,NOT_FOR_ENFORCEMENT,6372.9992,364446.1036,6638.5409,6372.9992,265.5416,0.01632659,0.01567352,265.5416,6372.9992,0.01567352,265.5416,265.5416,298.7343,298.7343,298.7343,6372.9992,0.01567352,1427.2863,1309.7925,5211.2546,5328.7484,0.01281637,0.01310533,0.00065306,46.6616,168.5752,2.9478,99.0827,12.5730,6068.7939,33.6119,44.8794,47.4773,8.4329,14.3073,34.3462,193.1745,204.3903,207.7145,14.3073,-10.2195,14.285714,14.518058,3.261379,29,153,76,7,0.30198559,0.01632659,0.04432358,0E-8,0.000000,0.933652,0.003213,-0.04010948,2026-03-22,2026-08-05,67,528,415,137,0.489051,0.945283,0.961806,1.006619,,,,,,,,GLOBAL_BASELINE_NO_ENTITY_RANKING,,,NOT_APPLICABLE_GLOBAL_BASELINE,HF9g-P5,,,,X 全窗基线 · 不参与实体赏罚,14192491,1420,A168_HF9F_20260827_0900,2026-08-27 09:00:00
2026-07-07,129130207,1210,0,355.6391284797,340.9230266116,340.9230266116,1.0000000,8,2,0.43331040124205941,0.187662550000,1.6172905970903628,2.94235065680771,1.6172905970903628,0.24564785124205941,ELIGIBLE,R03b_20260811_FULL_v1,L1_ELIGIBILITY,v2026-08-11,2026-03-21..2026-08-06,baccarat_bet02_101_all_pairs_incl_sentinel,round_win = game_pnl > 0 (decisive only),COMPATIBILITY_ONLY_NOT_PRODUCTION,406609.1881,379631.3579,6638.5409,8714,2252,-0.01632659,-0.04432358,-0.00421410,-0.01632659,-6638.5409,406609.1881,OK,0.0000,265.5416,4.0000,96.0000,AG03-UNRESOLVED,ALL5_LEVELS_bet23_to_bet27,265.5416,265.5416,298.7343,298.7343,298.7343,4.000000,4.000000,4.500000,4.500000,4.500000,96.000000,96.000000,95.500000,95.500000,95.500000,5.0,1427.2863,1309.7925,5211.2546,5328.7484,PENDING_AG03,FALSE,NOT_FOR_ENFORCEMENT,6372.9992,364446.1036,6638.5409,6372.9992,265.5416,0.01632659,0.01567352,265.5416,6372.9992,0.01567352,265.5416,265.5416,298.7343,298.7343,298.7343,6372.9992,0.01567352,1427.2863,1309.7925,5211.2546,5328.7484,0.01281637,0.01310533,0.00065306,46.6616,168.5752,2.9478,99.0827,12.5730,6068.7939,33.6119,44.8794,47.4773,8.4329,14.3073,34.3462,193.1745,204.3903,207.7145,14.3073,-10.2195,14.285714,14.518058,3.261379,29,153,76,7,0.30198559,0.01632659,0.04432358,0E-8,0.000000,0.933652,0.003213,-0.04010948,2026-03-22,2026-08-05,67,528,415,137,0.489051,0.945283,0.961806,1.006619,,,,,,,,GLOBAL_BASELINE_NO_ENTITY_RANKING,,,NOT_APPLICABLE_GLOBAL_BASELINE,HF9g-P5,,,,X 全窗基线 · 不参与实体赏罚,14192492,1420,A168_HF9F_20260827_0900,2026-08-27 09:00:00
2026-07-07,129130207,1399,0,310.6732616608,95.8590524463,95.8590524463,0.6666667,12,3,0.41991177997278528,0.187662550000,0.8659649957767851,2.1249211973513655,0.8659649957767851,0.23224922997278528,ELIGIBLE,R03b_20260811_FULL_v1,L1_ELIGIBILITY,v2026-08-11,2026-03-21..2026-08-06,baccarat_bet02_101_all_pairs_incl_sentinel,round_win = game_pnl > 0 (decisive only),COMPATIBILITY_ONLY_NOT_PRODUCTION,406609.1881,379631.3579,6638.5409,8714,2252,-0.01632659,-0.04432358,-0.00421410,-0.01632659,-6638.5409,406609.1881,OK,0.0000,265.5416,4.0000,96.0000,AG03-UNRESOLVED,ALL5_LEVELS_bet23_to_bet27,265.5416,265.5416,298.7343,298.7343,298.7343,4.000000,4.000000,4.500000,4.500000,4.500000,96.000000,96.000000,95.500000,95.500000,95.500000,5.0,1427.2863,1309.7925,5211.2546,5328.7484,PENDING_AG03,FALSE,NOT_FOR_ENFORCEMENT,6372.9992,364446.1036,6638.5409,6372.9992,265.5416,0.01632659,0.01567352,265.5416,6372.9992,0.01567352,265.5416,265.5416,298.7343,298.7343,298.7343,6372.9992,0.01567352,1427.2863,1309.7925,5211.2546,5328.7484,0.01281637,0.01310533,0.00065306,46.6616,168.5752,2.9478,99.0827,12.5730,6068.7939,33.6119,44.8794,47.4773,8.4329,14.3073,34.3462,193.1745,204.3903,207.7145,14.3073,-10.2195,14.285714,14.518058,3.261379,29,153,76,7,0.30198559,0.01632659,0.04432358,0E-8,0.000000,0.933652,0.003213,-0.04010948,2026-03-22,2026-08-05,67,528,415,137,0.489051,0.945283,0.961806,1.006619,,,,,,,,GLOBAL_BASELINE_NO_ENTITY_RANKING,,,NOT_APPLICABLE_GLOBAL_BASELINE,HF9g-P5,,,,X 全窗基线 · 不参与实体赏罚,14192493,1420,A168_HF9F_20260827_0900,2026-08-27 09:00:00
2026-07-07,129130207,1710,0,1009.6881003970,281.6498385313,281.6498385313,0.8333333,24,6,0.43133699563486967,0.187662550000,1.9882082870024336,4.0506966037714935,1.9882082870024336,0.24367444563486967,ELIGIBLE,R03b_20260811_FULL_v1,L1_ELIGIBILITY,v2026-08-11,2026-03-21..2026-08-06,baccarat_bet02_101_all_pairs_incl_sentinel,round_win = game_pnl > 0 (decisive only),COMPATIBILITY_ONLY_NOT_PRODUCTION,406609.1881,379631.3579,6638.5409,8714,2252,-0.01632659,-0.04432358,-0.00421410,-0.01632659,-6638.5409,406609.1881,OK,0.0000,265.5416,4.0000,96.0000,AG03-UNRESOLVED,ALL5_LEVELS_bet23_to_bet27,265.5416,265.5416,298.7343,298.7343,298.7343,4.000000,4.000000,4.500000,4.500000,4.500000,96.000000,96.000000,95.500000,95.500000,95.500000,5.0,1427.2863,1309.7925,5211.2546,5328.7484,PENDING_AG03,FALSE,NOT_FOR_ENFORCEMENT,6372.9992,364446.1036,6638.5409,6372.9992,265.5416,0.01632659,0.01567352,265.5416,6372.9992,0.01567352,265.5416,265.5416,298.7343,298.7343,298.7343,6372.9992,0.01567352,1427.2863,1309.7925,5211.2546,5328.7484,0.01281637,0.01310533,0.00065306,46.6616,168.5752,2.9478,99.0827,12.5730,6068.7939,33.6119,44.8794,47.4773,8.4329,14.3073,34.3462,193.1745,204.3903,207.7145,14.3073,-10.2195,14.285714,14.518058,3.261379,29,153,76,7,0.30198559,0.01632659,0.04432358,0E-8,0.000000,0.933652,0.003213,-0.04010948,2026-03-22,2026-08-05,67,528,415,137,0.489051,0.945283,0.961806,1.006619,,,,,,,,GLOBAL_BASELINE_NO_ENTITY_RANKING,,,NOT_APPLICABLE_GLOBAL_BASELINE,HF9g-P5,,,,X 全窗基线 · 不参与实体赏罚,14192494,1420,A168_HF9F_20260827_0900,2026-08-27 09:00:00
2026-07-07,129130207,1935,0,546.7440624619,-546.7440624619,-546.7440624619,0E-7,12,3,0.43505673861448465,0.187662550000,-1.5199565068512746,-0.8324941614677365,-1.5199565068512746,0.24739418861448465,ELIGIBLE,R03b_20260811_FULL_v1,L1_ELIGIBILITY,v2026-08-11,2026-03-21..2026-08-06,baccarat_bet02_101_all_pairs_incl_sentinel,round_win = game_pnl > 0 (decisive only),COMPATIBILITY_ONLY_NOT_PRODUCTION,406609.1881,379631.3579,6638.5409,8714,2252,-0.01632659,-0.04432358,-0.00421410,-0.01632659,-6638.5409,406609.1881,OK,0.0000,265.5416,4.0000,96.0000,AG03-UNRESOLVED,ALL5_LEVELS_bet23_to_bet27,265.5416,265.5416,298.7343,298.7343,298.7343,4.000000,4.000000,4.500000,4.500000,4.500000,96.000000,96.000000,95.500000,95.500000,95.500000,5.0,1427.2863,1309.7925,5211.2546,5328.7484,PENDING_AG03,FALSE,NOT_FOR_ENFORCEMENT,6372.9992,364446.1036,6638.5409,6372.9992,265.5416,0.01632659,0.01567352,265.5416,6372.9992,0.01567352,265.5416,265.5416,298.7343,298.7343,298.7343,6372.9992,0.01567352,1427.2863,1309.7925,5211.2546,5328.7484,0.01281637,0.01310533,0.00065306,46.6616,168.5752,2.9478,99.0827,12.5730,6068.7939,33.6119,44.8794,47.4773,8.4329,14.3073,34.3462,193.1745,204.3903,207.7145,14.3073,-10.2195,14.285714,14.518058,3.261379,29,153,76,7,0.30198559,0.01632659,0.04432358,0E-8,0.000000,0.933652,0.003213,-0.04010948,2026-03-22,2026-08-05,67,528,415,137,0.489051,0.945283,0.961806,1.006619,,,,,,,,GLOBAL_BASELINE_NO_ENTITY_RANKING,,,NOT_APPLICABLE_GLOBAL_BASELINE,HF9g-P5,,,,X 全窗基线 · 不参与实体赏罚,14192495,1420,A168_HF9F_20260827_0900,2026-08-27 09:00:00
2026-07-07,129130207,1947,0,345.0108326864,-345.0108326864,-345.0108326864,0E-7,12,3,0.43106516052764561,0.187662550000,-1.5076510158584382,-0.8324941614677365,-1.5076510158584382,0.24340261052764561,ELIGIBLE,R03b_20260811_FULL_v1,L1_ELIGIBILITY,v2026-08-11,2026-03-21..2026-08-06,baccarat_bet02_101_all_pairs_incl_sentinel,round_win = game_pnl > 0 (decisive only),COMPATIBILITY_ONLY_NOT_PRODUCTION,406609.1881,379631.3579,6638.5409,8714,2252,-0.01632659,-0.04432358,-0.00421410,-0.01632659,-6638.5409,406609.1881,OK,0.0000,265.5416,4.0000,96.0000,AG03-UNRESOLVED,ALL5_LEVELS_bet23_to_bet27,265.5416,265.5416,298.7343,298.7343,298.7343,4.000000,4.000000,4.500000,4.500000,4.500000,96.000000,96.000000,95.500000,95.500000,95.500000,5.0,1427.2863,1309.7925,5211.2546,5328.7484,PENDING_AG03,FALSE,NOT_FOR_ENFORCEMENT,6372.9992,364446.1036,6638.5409,6372.9992,265.5416,0.01632659,0.01567352,265.5416,6372.9992,0.01567352,265.5416,265.5416,298.7343,298.7343,298.7343,6372.9992,0.01567352,1427.2863,1309.7925,5211.2546,5328.7484,0.01281637,0.01310533,0.00065306,46.6616,168.5752,2.9478,99.0827,12.5730,6068.7939,33.6119,44.8794,47.4773,8.4329,14.3073,34.3462,193.1745,204.3903,207.7145,14.3073,-10.2195,14.285714,14.518058,3.261379,29,153,76,7,0.30198559,0.01632659,0.04432358,0E-8,0.000000,0.933652,0.003213,-0.04010948,2026-03-22,2026-08-05,67,528,415,137,0.489051,0.945283,0.961806,1.006619,,,,,,,,GLOBAL_BASELINE_NO_ENTITY_RANKING,,,NOT_APPLICABLE_GLOBAL_BASELINE,HF9g-P5,,,,X 全窗基线 · 不参与实体赏罚,14192496,1420,A168_HF9F_20260827_0900,2026-08-27 09:00:00
2026-07-07,129130207,1951,0,2951.3959857747,814.0865797326,814.0865797326,0.7692308,52,13,0.41794119174842697,0.187662550000,2.568005323286149,5.370507130956226,2.568005323286149,0.23027864174842697,ELIGIBLE,R03b_20260811_FULL_v1,L1_ELIGIBILITY,v2026-08-11,2026-03-21..2026-08-06,baccarat_bet02_101_all_pairs_incl_sentinel,round_win = game_pnl > 0 (decisive only),COMPATIBILITY_ONLY_NOT_PRODUCTION,406609.1881,379631.3579,6638.5409,8714,2252,-0.01632659,-0.04432358,-0.00421410,-0.01632659,-6638.5409,406609.1881,OK,0.0000,265.5416,4.0000,96.0000,AG03-UNRESOLVED,ALL5_LEVELS_bet23_to_bet27,265.5416,265.5416,298.7343,298.7343,298.7343,4.000000,4.000000,4.500000,4.500000,4.500000,96.000000,96.000000,95.500000,95.500000,95.500000,5.0,1427.2863,1309.7925,5211.2546,5328.7484,PENDING_AG03,FALSE,NOT_FOR_ENFORCEMENT,6372.9992,364446.1036,6638.5409,6372.9992,265.5416,0.01632659,0.01567352,265.5416,6372.9992,0.01567352,265.5416,265.5416,298.7343,298.7343,298.7343,6372.9992,0.01567352,1427.2863,1309.7925,5211.2546,5328.7484,0.01281637,0.01310533,0.00065306,46.6616,168.5752,2.9478,99.0827,12.5730,6068.7939,33.6119,44.8794,47.4773,8.4329,14.3073,34.3462,193.1745,204.3903,207.7145,14.3073,-10.2195,14.285714,14.518058,3.261379,29,153,76,7,0.30198559,0.01632659,0.04432358,0E-8,0.000000,0.933652,0.003213,-0.04010948,2026-03-22,2026-08-05,67,528,415,137,0.489051,0.945283,0.961806,1.006619,,,,,,,,GLOBAL_BASELINE_NO_ENTITY_RANKING,,,NOT_APPLICABLE_GLOBAL_BASELINE,HF9g-P5,,,,X 全窗基线 · 不参与实体赏罚,14192497,1420,A168_HF9F_20260827_0900,2026-08-27 09:00:00
2026-07-07,129130207,2088,0,73.5805093407,-73.5805093407,-73.5805093407,0E-7,4,1,0.43576444444415543,0.187662550000,-0.8788113775719582,-0.48064072822218945,-0.8788113775719582,0.24810189444415543,ELIGIBLE,R03b_20260811_FULL_v1,L1_ELIGIBILITY,v2026-08-11,2026-03-21..2026-08-06,baccarat_bet02_101_all_pairs_incl_sentinel,round_win = game_pnl > 0 (decisive only),COMPATIBILITY_ONLY_NOT_PRODUCTION,406609.1881,379631.3579,6638.5409,8714,2252,-0.01632659,-0.04432358,-0.00421410,-0.01632659,-6638.5409,406609.1881,OK,0.0000,265.5416,4.0000,96.0000,AG03-UNRESOLVED,ALL5_LEVELS_bet23_to_bet27,265.5416,265.5416,298.7343,298.7343,298.7343,4.000000,4.000000,4.500000,4.500000,4.500000,96.000000,96.000000,95.500000,95.500000,95.500000,5.0,1427.2863,1309.7925,5211.2546,5328.7484,PENDING_AG03,FALSE,NOT_FOR_ENFORCEMENT,6372.9992,364446.1036,6638.5409,6372.9992,265.5416,0.01632659,0.01567352,265.5416,6372.9992,0.01567352,265.5416,265.5416,298.7343,298.7343,298.7343,6372.9992,0.01567352,1427.2863,1309.7925,5211.2546,5328.7484,0.01281637,0.01310533,0.00065306,46.6616,168.5752,2.9478,99.0827,12.5730,6068.7939,33.6119,44.8794,47.4773,8.4329,14.3073,34.3462,193.1745,204.3903,207.7145,14.3073,-10.2195,14.285714,14.518058,3.261379,29,153,76,7,0.30198559,0.01632659,0.04432358,0E-8,0.000000,0.933652,0.003213,-0.04010948,2026-03-22,2026-08-05,67,528,415,137,0.489051,0.945283,0.961806,1.006619,,,,,,,,GLOBAL_BASELINE_NO_ENTITY_RANKING,,,NOT_APPLICABLE_GLOBAL_BASELINE,HF9g-P5,,,,X 全窗基线 · 不参与实体赏罚,14192498,1420,A168_HF9F_20260827_0900,2026-08-27 09:00:00
2026-07-07,129130207,2123,0,1326.4930711687,-244.2464129500,-244.2464129500,0.5555556,36,9,0.42067076163514167,0.186173083333,0.8196913644565318,2.8469056071678174,0.8196913644565318,0.23449767830214167,ELIGIBLE,R03b_20260811_FULL_v1,L1_ELIGIBILITY,v2026-08-11,2026-03-21..2026-08-06,baccarat_bet02_101_all_pairs_incl_sentinel,round_win = game_pnl > 0 (decisive only),COMPATIBILITY_ONLY_NOT_PRODUCTION,406609.1881,379631.3579,6638.5409,8714,2252,-0.01632659,-0.04432358,-0.00421410,-0.01632659,-6638.5409,406609.1881,OK,0.0000,265.5416,4.0000,96.0000,AG03-UNRESOLVED,ALL5_LEVELS_bet23_to_bet27,265.5416,265.5416,298.7343,298.7343,298.7343,4.000000,4.000000,4.500000,4.500000,4.500000,96.000000,96.000000,95.500000,95.500000,95.500000,5.0,1427.2863,1309.7925,5211.2546,5328.7484,PENDING_AG03,FALSE,NOT_FOR_ENFORCEMENT,6372.9992,364446.1036,6638.5409,6372.9992,265.5416,0.01632659,0.01567352,265.5416,6372.9992,0.01567352,265.5416,265.5416,298.7343,298.7343,298.7343,6372.9992,0.01567352,1427.2863,1309.7925,5211.2546,5328.7484,0.01281637,0.01310533,0.00065306,46.6616,168.5752,2.9478,99.0827,12.5730,6068.7939,33.6119,44.8794,47.4773,8.4329,14.3073,34.3462,193.1745,204.3903,207.7145,14.3073,-10.2195,14.285714,14.518058,3.261379,29,153,76,7,0.30198559,0.01632659,0.04432358,0E-8,0.000000,0.933652,0.003213,-0.04010948,2026-03-22,2026-08-05,67,528,415,137,0.489051,0.945283,0.961806,1.006619,,,,,,,,GLOBAL_BASELINE_NO_ENTITY_RANKING,,,NOT_APPLICABLE_GLOBAL_BASELINE,HF9g-P5,,,,X 全窗基线 · 不参与实体赏罚,14192499,1420,A168_HF9F_20260827_0900,2026-08-27 09:00:00
2026-07-07,129130207,2124,0,190.0829824635,-190.0829824635,-190.0829824635,0E-7,8,2,0.42545371636331965,0.187662550000,-1.2169665710280304,-0.6797286364807011,-1.2169665710280304,0.23779116636331965,ELIGIBLE,R03b_20260811_FULL_v1,L1_ELIGIBILITY,v2026-08-11,2026-03-21..2026-08-06,baccarat_bet02_101_all_pairs_incl_sentinel,round_win = game_pnl > 0 (decisive only),COMPATIBILITY_ONLY_NOT_PRODUCTION,406609.1881,379631.3579,6638.5409,8714,2252,-0.01632659,-0.04432358,-0.00421410,-0.01632659,-6638.5409,406609.1881,OK,0.0000,265.5416,4.0000,96.0000,AG03-UNRESOLVED,ALL5_LEVELS_bet23_to_bet27,265.5416,265.5416,298.7343,298.7343,298.7343,4.000000,4.000000,4.500000,4.500000,4.500000,96.000000,96.000000,95.500000,95.500000,95.500000,5.0,1427.2863,1309.7925,5211.2546,5328.7484,PENDING_AG03,FALSE,NOT_FOR_ENFORCEMENT,6372.9992,364446.1036,6638.5409,6372.9992,265.5416,0.01632659,0.01567352,265.5416,6372.9992,0.01567352,265.5416,265.5416,298.7343,298.7343,298.7343,6372.9992,0.01567352,1427.2863,1309.7925,5211.2546,5328.7484,0.01281637,0.01310533,0.00065306,46.6616,168.5752,2.9478,99.0827,12.5730,6068.7939,33.6119,44.8794,47.4773,8.4329,14.3073,34.3462,193.1745,204.3903,207.7145,14.3073,-10.2195,14.285714,14.518058,3.261379,29,153,76,7,0.30198559,0.01632659,0.04432358,0E-8,0.000000,0.933652,0.003213,-0.04010948,2026-03-22,2026-08-05,67,528,415,137,0.489051,0.945283,0.961806,1.006619,,,,,,,,GLOBAL_BASELINE_NO_ENTITY_RANKING,,,NOT_APPLICABLE_GLOBAL_BASELINE,HF9g-P5,,,,X 全窗基线 · 不参与实体赏罚,14192500,1420,A168_HF9F_20260827_0900,2026-08-27 09:00:00
2026-07-07,129130207,2141,0,340.1054653968,5.0484405018,5.0484405018,0.6666667,12,3,0.45116712386843298,0.187662550000,0.7500983298011134,2.1249211973513655,0.7500983298011134,0.26350457386843298,ELIGIBLE,R03b_20260811_FULL_v1,L1_ELIGIBILITY,v2026-08-11,2026-03-21..2026-08-06,baccarat_bet02_101_all_pairs_incl_sentinel,round_win = game_pnl > 0 (decisive only),COMPATIBILITY_ONLY_NOT_PRODUCTION,406609.1881,379631.3579,6638.5409,8714,2252,-0.01632659,-0.04432358,-0.00421410,-0.01632659,-6638.5409,406609.1881,OK,0.0000,265.5416,4.0000,96.0000,AG03-UNRESOLVED,ALL5_LEVELS_bet23_to_bet27,265.5416,265.5416,298.7343,298.7343,298.7343,4.000000,4.000000,4.500000,4.500000,4.500000,96.000000,96.000000,95.500000,95.500000,95.500000,5.0,1427.2863,1309.7925,5211.2546,5328.7484,PENDING_AG03,FALSE,NOT_FOR_ENFORCEMENT,6372.9992,364446.1036,6638.5409,6372.9992,265.5416,0.01632659,0.01567352,265.5416,6372.9992,0.01567352,265.5416,265.5416,298.7343,298.7343,298.7343,6372.9992,0.01567352,1427.2863,1309.7925,5211.2546,5328.7484,0.01281637,0.01310533,0.00065306,46.6616,168.5752,2.9478,99.0827,12.5730,6068.7939,33.6119,44.8794,47.4773,8.4329,14.3073,34.3462,193.1745,204.3903,207.7145,14.3073,-10.2195,14.285714,14.518058,3.261379,29,153,76,7,0.30198559,0.01632659,0.04432358,0E-8,0.000000,0.933652,0.003213,-0.04010948,2026-03-22,2026-08-05,67,528,415,137,0.489051,0.945283,0.961806,1.006619,,,,,,,,GLOBAL_BASELINE_NO_ENTITY_RANKING,,,NOT_APPLICABLE_GLOBAL_BASELINE,HF9g-P5,,,,X 全窗基线 · 不参与实体赏罚,14192501,1420,A168_HF9F_20260827_0900,2026-08-27 09:00:00
2026-07-07,129130207,2167,0,102.1951518620,-102.1951518620,-102.1951518620,0E-7,1,1,0.50665070000000000,0.506650700000,-1.013391052207602,-1.013391052207602,-1.013391052207602,0E-17,ELIGIBLE,R03b_20260811_FULL_v1,L1_ELIGIBILITY,v2026-08-11,2026-03-21..2026-08-06,baccarat_bet02_101_all_pairs_incl_sentinel,round_win = game_pnl > 0 (decisive only),COMPATIBILITY_ONLY_NOT_PRODUCTION,406609.1881,379631.3579,6638.5409,8714,2252,-0.01632659,-0.04432358,-0.00421410,-0.01632659,-6638.5409,406609.1881,OK,0.0000,265.5416,4.0000,96.0000,AG03-UNRESOLVED,ALL5_LEVELS_bet23_to_bet27,265.5416,265.5416,298.7343,298.7343,298.7343,4.000000,4.000000,4.500000,4.500000,4.500000,96.000000,96.000000,95.500000,95.500000,95.500000,5.0,1427.2863,1309.7925,5211.2546,5328.7484,PENDING_AG03,FALSE,NOT_FOR_ENFORCEMENT,6372.9992,364446.1036,6638.5409,6372.9992,265.5416,0.01632659,0.01567352,265.5416,6372.9992,0.01567352,265.5416,265.5416,298.7343,298.7343,298.7343,6372.9992,0.01567352,1427.2863,1309.7925,5211.2546,5328.7484,0.01281637,0.01310533,0.00065306,46.6616,168.5752,2.9478,99.0827,12.5730,6068.7939,33.6119,44.8794,47.4773,8.4329,14.3073,34.3462,193.1745,204.3903,207.7145,14.3073,-10.2195,14.285714,14.518058,3.261379,29,153,76,7,0.30198559,0.01632659,0.04432358,0E-8,0.000000,0.933652,0.003213,-0.04010948,2026-03-22,2026-08-05,67,528,415,137,0.489051,0.945283,0.961806,1.006619,,,,,,,,GLOBAL_BASELINE_NO_ENTITY_RANKING,,,NOT_APPLICABLE_GLOBAL_BASELINE,HF9g-P5,,,,X 全窗基线 · 不参与实体赏罚,14192502,1420,A168_HF9F_20260827_0900,2026-08-27 09:00:00
2026-07-07,129130207,2222,0,328.0464374772,-164.5341944980,-164.5341944980,0.3333333,12,3,0.42067438294792835,0.184311250000,-0.30643942195866847,0.6656916345198051,-0.30643942195866847,0.23636313294792835,ELIGIBLE,R03b_20260811_FULL_v1,L1_ELIGIBILITY,v2026-08-11,2026-03-21..2026-08-06,baccarat_bet02_101_all_pairs_incl_sentinel,round_win = game_pnl > 0 (decisive only),COMPATIBILITY_ONLY_NOT_PRODUCTION,406609.1881,379631.3579,6638.5409,8714,2252,-0.01632659,-0.04432358,-0.00421410,-0.01632659,-6638.5409,406609.1881,OK,0.0000,265.5416,4.0000,96.0000,AG03-UNRESOLVED,ALL5_LEVELS_bet23_to_bet27,265.5416,265.5416,298.7343,298.7343,298.7343,4.000000,4.000000,4.500000,4.500000,4.500000,96.000000,96.000000,95.500000,95.500000,95.500000,5.0,1427.2863,1309.7925,5211.2546,5328.7484,PENDING_AG03,FALSE,NOT_FOR_ENFORCEMENT,6372.9992,364446.1036,6638.5409,6372.9992,265.5416,0.01632659,0.01567352,265.5416,6372.9992,0.01567352,265.5416,265.5416,298.7343,298.7343,298.7343,6372.9992,0.01567352,1427.2863,1309.7925,5211.2546,5328.7484,0.01281637,0.01310533,0.00065306,46.6616,168.5752,2.9478,99.0827,12.5730,6068.7939,33.6119,44.8794,47.4773,8.4329,14.3073,34.3462,193.1745,204.3903,207.7145,14.3073,-10.2195,14.285714,14.518058,3.261379,29,153,76,7,0.30198559,0.01632659,0.04432358,0E-8,0.000000,0.933652,0.003213,-0.04010948,2026-03-22,2026-08-05,67,528,415,137,0.489051,0.945283,0.961806,1.006619,,,,,,,,GLOBAL_BASELINE_NO_ENTITY_RANKING,,,NOT_APPLICABLE_GLOBAL_BASELINE,HF9g-P5,,,,X 全窗基线 · 不参与实体赏罚,14192503,1420,A168_HF9F_20260827_0900,2026-08-27 09:00:00
2026-07-07,129130207,2233,0,173.7317581654,-173.7317581654,-173.7317581654,0E-7,4,1,0.43159466470588235,0.187662550000,-0.8713827549682265,-0.48064072822218945,-0.8713827549682265,0.24393211470588235,ELIGIBLE,R03b_20260811_FULL_v1,L1_ELIGIBILITY,v2026-08-11,2026-03-21..2026-08-06,baccarat_bet02_101_all_pairs_incl_sentinel,round_win = game_pnl > 0 (decisive only),COMPATIBILITY_ONLY_NOT_PRODUCTION,406609.1881,379631.3579,6638.5409,8714,2252,-0.01632659,-0.04432358,-0.00421410,-0.01632659,-6638.5409,406609.1881,OK,0.0000,265.5416,4.0000,96.0000,AG03-UNRESOLVED,ALL5_LEVELS_bet23_to_bet27,265.5416,265.5416,298.7343,298.7343,298.7343,4.000000,4.000000,4.500000,4.500000,4.500000,96.000000,96.000000,95.500000,95.500000,95.500000,5.0,1427.2863,1309.7925,5211.2546,5328.7484,PENDING_AG03,FALSE,NOT_FOR_ENFORCEMENT,6372.9992,364446.1036,6638.5409,6372.9992,265.5416,0.01632659,0.01567352,265.5416,6372.9992,0.01567352,265.5416,265.5416,298.7343,298.7343,298.7343,6372.9992,0.01567352,1427.2863,1309.7925,5211.2546,5328.7484,0.01281637,0.01310533,0.00065306,46.6616,168.5752,2.9478,99.0827,12.5730,6068.7939,33.6119,44.8794,47.4773,8.4329,14.3073,34.3462,193.1745,204.3903,207.7145,14.3073,-10.2195,14.285714,14.518058,3.261379,29,153,76,7,0.30198559,0.01632659,0.04432358,0E-8,0.000000,0.933652,0.003213,-0.04010948,2026-03-22,2026-08-05,67,528,415,137,0.489051,0.945283,0.961806,1.006619,,,,,,,,GLOBAL_BASELINE_NO_ENTITY_RANKING,,,NOT_APPLICABLE_GLOBAL_BASELINE,HF9g-P5,,,,X 全窗基线 · 不参与实体赏罚,14192504,1420,A168_HF9F_20260827_0900,2026-08-27 09:00:00
2026-07-07,129130207,2239,0,1071.0051915145,245.1661693163,245.1661693163,0.6666667,36,9,0.43395924244190550,0.187662550000,1.4085853618970128,3.6804714758926584,1.4085853618970128,0.24629669244190550,ELIGIBLE,R03b_20260811_FULL_v1,L1_ELIGIBILITY,v2026-08-11,2026-03-21..2026-08-06,baccarat_bet02_101_all_pairs_incl_sentinel,round_win = game_pnl > 0 (decisive only),COMPATIBILITY_ONLY_NOT_PRODUCTION,406609.1881,379631.3579,6638.5409,8714,2252,-0.01632659,-0.04432358,-0.00421410,-0.01632659,-6638.5409,406609.1881,OK,0.0000,265.5416,4.0000,96.0000,AG03-UNRESOLVED,ALL5_LEVELS_bet23_to_bet27,265.5416,265.5416,298.7343,298.7343,298.7343,4.000000,4.000000,4.500000,4.500000,4.500000,96.000000,96.000000,95.500000,95.500000,95.500000,5.0,1427.2863,1309.7925,5211.2546,5328.7484,PENDING_AG03,FALSE,NOT_FOR_ENFORCEMENT,6372.9992,364446.1036,6638.5409,6372.9992,265.5416,0.01632659,0.01567352,265.5416,6372.9992,0.01567352,265.5416,265.5416,298.7343,298.7343,298.7343,6372.9992,0.01567352,1427.2863,1309.7925,5211.2546,5328.7484,0.01281637,0.01310533,0.00065306,46.6616,168.5752,2.9478,99.0827,12.5730,6068.7939,33.6119,44.8794,47.4773,8.4329,14.3073,34.3462,193.1745,204.3903,207.7145,14.3073,-10.2195,14.285714,14.518058,3.261379,29,153,76,7,0.30198559,0.01632659,0.04432358,0E-8,0.000000,0.933652,0.003213,-0.04010948,2026-03-22,2026-08-05,67,528,415,137,0.489051,0.945283,0.961806,1.006619,,,,,,,,GLOBAL_BASELINE_NO_ENTITY_RANKING,,,NOT_APPLICABLE_GLOBAL_BASELINE,HF9g-P5,,,,X 全窗基线 · 不参与实体赏罚,14192505,1420,A168_HF9F_20260827_0900,2026-08-27 09:00:00
2026-07-07,129130207,2281,0,198.2585946123,-198.2585946123,-198.2585946123,0E-7,4,1,0.44087994742268705,0.187662550000,-0.8879891083448983,-0.48064072822218945,-0.8879891083448983,0.25321739742268705,ELIGIBLE,R03b_20260811_FULL_v1,L1_ELIGIBILITY,v2026-08-11,2026-03-21..2026-08-06,baccarat_bet02_101_all_pairs_incl_sentinel,round_win = game_pnl > 0 (decisive only),COMPATIBILITY_ONLY_NOT_PRODUCTION,406609.1881,379631.3579,6638.5409,8714,2252,-0.01632659,-0.04432358,-0.00421410,-0.01632659,-6638.5409,406609.1881,OK,0.0000,265.5416,4.0000,96.0000,AG03-UNRESOLVED,ALL5_LEVELS_bet23_to_bet27,265.5416,265.5416,298.7343,298.7343,298.7343,4.000000,4.000000,4.500000,4.500000,4.500000,96.000000,96.000000,95.500000,95.500000,95.500000,5.0,1427.2863,1309.7925,5211.2546,5328.7484,PENDING_AG03,FALSE,NOT_FOR_ENFORCEMENT,6372.9992,364446.1036,6638.5409,6372.9992,265.5416,0.01632659,0.01567352,265.5416,6372.9992,0.01567352,265.5416,265.5416,298.7343,298.7343,298.7343,6372.9992,0.01567352,1427.2863,1309.7925,5211.2546,5328.7484,0.01281637,0.01310533,0.00065306,46.6616,168.5752,2.9478,99.0827,12.5730,6068.7939,33.6119,44.8794,47.4773,8.4329,14.3073,34.3462,193.1745,204.3903,207.7145,14.3073,-10.2195,14.285714,14.518058,3.261379,29,153,76,7,0.30198559,0.01632659,0.04432358,0E-8,0.000000,0.933652,0.003213,-0.04010948,2026-03-22,2026-08-05,67,528,415,137,0.489051,0.945283,0.961806,1.006619,,,,,,,,GLOBAL_BASELINE_NO_ENTITY_RANKING,,,NOT_APPLICABLE_GLOBAL_BASELINE,HF9g-P5,,,,X 全窗基线 · 不参与实体赏罚,14192506,1420,A168_HF9F_20260827_0900,2026-08-27 09:00:00
2026-07-07,129130207,529,0,798.5529166494,-480.5011650244,-480.5011650244,0.4000000,20,5,0.43758671641981242,0.187662550000,-0.16941799578524025,1.2160587454450655,-0.16941799578524025,0.24992416641981242,ELIGIBLE,R03b_20260811_FULL_v1,L1_ELIGIBILITY,v2026-08-11,2026-03-21..2026-08-06,baccarat_bet02_101_all_pairs_incl_sentinel,round_win = game_pnl > 0 (decisive only),COMPATIBILITY_ONLY_NOT_PRODUCTION,406609.1881,379631.3579,6638.5409,8714,2252,-0.01632659,-0.04432358,-0.00421410,-0.01632659,-6638.5409,406609.1881,OK,0.0000,265.5416,4.0000,96.0000,AG03-UNRESOLVED,ALL5_LEVELS_bet23_to_bet27,265.5416,265.5416,298.7343,298.7343,298.7343,4.000000,4.000000,4.500000,4.500000,4.500000,96.000000,96.000000,95.500000,95.500000,95.500000,5.0,1427.2863,1309.7925,5211.2546,5328.7484,PENDING_AG03,FALSE,NOT_FOR_ENFORCEMENT,6372.9992,364446.1036,6638.5409,6372.9992,265.5416,0.01632659,0.01567352,265.5416,6372.9992,0.01567352,265.5416,265.5416,298.7343,298.7343,298.7343,6372.9992,0.01567352,1427.2863,1309.7925,5211.2546,5328.7484,0.01281637,0.01310533,0.00065306,46.6616,168.5752,2.9478,99.0827,12.5730,6068.7939,33.6119,44.8794,47.4773,8.4329,14.3073,34.3462,193.1745,204.3903,207.7145,14.3073,-10.2195,14.285714,14.518058,3.261379,29,153,76,7,0.30198559,0.01632659,0.04432358,0E-8,0.000000,0.933652,0.003213,-0.04010948,2026-03-22,2026-08-05,67,528,415,137,0.489051,0.945283,0.961806,1.006619,,,,,,,,GLOBAL_BASELINE_NO_ENTITY_RANKING,,,NOT_APPLICABLE_GLOBAL_BASELINE,HF9g-P5,,,,X 全窗基线 · 不参与实体赏罚,14192507,1420,A168_HF9F_20260827_0900,2026-08-27 09:00:00
2026-07-07,129130207,626,0,991.2929730613,-166.2715120794,-166.2715120794,0.4000000,20,5,0.42427439346777589,0.187662550000,-0.1098252513171955,1.2160587454450655,-0.1098252513171955,0.23661184346777589,ELIGIBLE,R03b_20260811_FULL_v1,L1_ELIGIBILITY,v2026-08-11,2026-03-21..2026-08-06,baccarat_bet02_101_all_pairs_incl_sentinel,round_win = game_pnl > 0 (decisive only),COMPATIBILITY_ONLY_NOT_PRODUCTION,406609.1881,379631.3579,6638.5409,8714,2252,-0.01632659,-0.04432358,-0.00421410,-0.01632659,-6638.5409,406609.1881,OK,0.0000,265.5416,4.0000,96.0000,AG03-UNRESOLVED,ALL5_LEVELS_bet23_to_bet27,265.5416,265.5416,298.7343,298.7343,298.7343,4.000000,4.000000,4.500000,4.500000,4.500000,96.000000,96.000000,95.500000,95.500000,95.500000,5.0,1427.2863,1309.7925,5211.2546,5328.7484,PENDING_AG03,FALSE,NOT_FOR_ENFORCEMENT,6372.9992,364446.1036,6638.5409,6372.9992,265.5416,0.01632659,0.01567352,265.5416,6372.9992,0.01567352,265.5416,265.5416,298.7343,298.7343,298.7343,6372.9992,0.01567352,1427.2863,1309.7925,5211.2546,5328.7484,0.01281637,0.01310533,0.00065306,46.6616,168.5752,2.9478,99.0827,12.5730,6068.7939,33.6119,44.8794,47.4773,8.4329,14.3073,34.3462,193.1745,204.3903,207.7145,14.3073,-10.2195,14.285714,14.518058,3.261379,29,153,76,7,0.30198559,0.01632659,0.04432358,0E-8,0.000000,0.933652,0.003213,-0.04010948,2026-03-22,2026-08-05,67,528,415,137,0.489051,0.945283,0.961806,1.006619,,,,,,,,GLOBAL_BASELINE_NO_ENTITY_RANKING,,,NOT_APPLICABLE_GLOBAL_BASELINE,HF9g-P5,,,,X 全窗基线 · 不参与实体赏罚,14192508,1420,A168_HF9F_20260827_0900,2026-08-27 09:00:00
2026-07-07,129130207,987,0,391.8162122390,-53.0392838165,-53.0392838165,0.3333333,9,3,0.44987303408591665,0.288406433333,-0.40574957935007494,0.1717705087050374,-0.40574957935007494,0.16146660075291665,ELIGIBLE,R03b_20260811_FULL_v1,L1_ELIGIBILITY,v2026-08-11,2026-03-21..2026-08-06,baccarat_bet02_101_all_pairs_incl_sentinel,round_win = game_pnl > 0 (decisive only),COMPATIBILITY_ONLY_NOT_PRODUCTION,406609.1881,379631.3579,6638.5409,8714,2252,-0.01632659,-0.04432358,-0.00421410,-0.01632659,-6638.5409,406609.1881,OK,0.0000,265.5416,4.0000,96.0000,AG03-UNRESOLVED,ALL5_LEVELS_bet23_to_bet27,265.5416,265.5416,298.7343,298.7343,298.7343,4.000000,4.000000,4.500000,4.500000,4.500000,96.000000,96.000000,95.500000,95.500000,95.500000,5.0,1427.2863,1309.7925,5211.2546,5328.7484,PENDING_AG03,FALSE,NOT_FOR_ENFORCEMENT,6372.9992,364446.1036,6638.5409,6372.9992,265.5416,0.01632659,0.01567352,265.5416,6372.9992,0.01567352,265.5416,265.5416,298.7343,298.7343,298.7343,6372.9992,0.01567352,1427.2863,1309.7925,5211.2546,5328.7484,0.01281637,0.01310533,0.00065306,46.6616,168.5752,2.9478,99.0827,12.5730,6068.7939,33.6119,44.8794,47.4773,8.4329,14.3073,34.3462,193.1745,204.3903,207.7145,14.3073,-10.2195,14.285714,14.518058,3.261379,29,153,76,7,0.30198559,0.01632659,0.04432358,0E-8,0.000000,0.933652,0.003213,-0.04010948,2026-03-22,2026-08-05,67,528,415,137,0.489051,0.945283,0.961806,1.006619,,,,,,,,GLOBAL_BASELINE_NO_ENTITY_RANKING,,,NOT_APPLICABLE_GLOBAL_BASELINE,HF9g-P5,,,,X 全窗基线 · 不参与实体赏罚,14192509,1420,A168_HF9F_20260827_0900,2026-08-27 09:00:00
2026-07-08,129130207,1325,0,259.5756857297,-60.2951395988,-60.2951395988,0.5000000,8,2,0.43322981435293680,0.187662550000,0.19056139131231323,1.1313110101635044,0.19056139131231323,0.24556726435293680,ELIGIBLE,R03b_20260811_FULL_v1,L1_ELIGIBILITY,v2026-08-11,2026-03-21..2026-08-06,baccarat_bet02_101_all_pairs_incl_sentinel,round_win = game_pnl > 0 (decisive only),COMPATIBILITY_ONLY_NOT_PRODUCTION,406609.1881,379631.3579,6638.5409,8714,2252,-0.01632659,-0.04432358,-0.00421410,-0.01632659,-6638.5409,406609.1881,OK,0.0000,265.5416,4.0000,96.0000,AG03-UNRESOLVED,ALL5_LEVELS_bet23_to_bet27,265.5416,265.5416,298.7343,298.7343,298.7343,4.000000,4.000000,4.500000,4.500000,4.500000,96.000000,96.000000,95.500000,95.500000,95.500000,5.0,1427.2863,1309.7925,5211.2546,5328.7484,PENDING_AG03,FALSE,NOT_FOR_ENFORCEMENT,6372.9992,364446.1036,6638.5409,6372.9992,265.5416,0.01632659,0.01567352,265.5416,6372.9992,0.01567352,265.5416,265.5416,298.7343,298.7343,298.7343,6372.9992,0.01567352,1427.2863,1309.7925,5211.2546,5328.7484,0.01281637,0.01310533,0.00065306,46.6616,168.5752,2.9478,99.0827,12.5730,6068.7939,33.6119,44.8794,47.4773,8.4329,14.3073,34.3462,193.1745,204.3903,207.7145,14.3073,-10.2195,14.285714,14.518058,3.261379,29,153,76,7,0.30198559,0.01632659,0.04432358,0E-8,0.000000,0.933652,0.003213,-0.04010948,2026-03-22,2026-08-05,67,528,415,137,0.489051,0.945283,0.961806,1.006619,,,,,,,,GLOBAL_BASELINE_NO_ENTITY_RANKING,,,NOT_APPLICABLE_GLOBAL_BASELINE,HF9g-P5,,,,X 全窗基线 · 不参与实体赏罚,14192510,1420,A168_HF9F_20260827_0900,2026-08-27 09:00:00
2026-07-08,129130207,1401,0,144.9127253403,-144.9127253403,-144.9127253403,0E-7,4,1,0.30770734203095412,0.184311250000,-0.6666901927183122,-0.47535020548684115,-0.6666901927183122,0.12339609203095412,ELIGIBLE,R03b_20260811_FULL_v1,L1_ELIGIBILITY,v2026-08-11,2026-03-21..2026-08-06,baccarat_bet02_101_all_pairs_incl_sentinel,round_win = game_pnl > 0 (decisive only),COMPATIBILITY_ONLY_NOT_PRODUCTION,406609.1881,379631.3579,6638.5409,8714,2252,-0.01632659,-0.04432358,-0.00421410,-0.01632659,-6638.5409,406609.1881,OK,0.0000,265.5416,4.0000,96.0000,AG03-UNRESOLVED,ALL5_LEVELS_bet23_to_bet27,265.5416,265.5416,298.7343,298.7343,298.7343,4.000000,4.000000,4.500000,4.500000,4.500000,96.000000,96.000000,95.500000,95.500000,95.500000,5.0,1427.2863,1309.7925,5211.2546,5328.7484,PENDING_AG03,FALSE,NOT_FOR_ENFORCEMENT,6372.9992,364446.1036,6638.5409,6372.9992,265.5416,0.01632659,0.01567352,265.5416,6372.9992,0.01567352,265.5416,265.5416,298.7343,298.7343,298.7343,6372.9992,0.01567352,1427.2863,1309.7925,5211.2546,5328.7484,0.01281637,0.01310533,0.00065306,46.6616,168.5752,2.9478,99.0827,12.5730,6068.7939,33.6119,44.8794,47.4773,8.4329,14.3073,34.3462,193.1745,204.3903,207.7145,14.3073,-10.2195,14.285714,14.518058,3.261379,29,153,76,7,0.30198559,0.01632659,0.04432358,0E-8,0.000000,0.933652,0.003213,-0.04010948,2026-03-22,2026-08-05,67,528,415,137,0.489051,0.945283,0.961806,1.006619,,,,,,,,GLOBAL_BASELINE_NO_ENTITY_RANKING,,,NOT_APPLICABLE_GLOBAL_BASELINE,HF9g-P5,,,,X 全窗基线 · 不参与实体赏罚,14192511,1420,A168_HF9F_20260827_0900,2026-08-27 09:00:00
2026-07-08,129130207,2216,0,326.6157053509,-158.0243633242,-158.0243633242,0.2500000,16,4,0.42413845398443656,0.187662550000,-0.7047122423263171,0.31931695869542776,-0.7047122423263171,0.23647590398443656,ELIGIBLE,R03b_20260811_FULL_v1,L1_ELIGIBILITY,v2026-08-11,2026-03-21..2026-08-06,baccarat_bet02_101_all_pairs_incl_sentinel,round_win = game_pnl > 0 (decisive only),COMPATIBILITY_ONLY_NOT_PRODUCTION,406609.1881,379631.3579,6638.5409,8714,2252,-0.01632659,-0.04432358,-0.00421410,-0.01632659,-6638.5409,406609.1881,OK,0.0000,265.5416,4.0000,96.0000,AG03-UNRESOLVED,ALL5_LEVELS_bet23_to_bet27,265.5416,265.5416,298.7343,298.7343,298.7343,4.000000,4.000000,4.500000,4.500000,4.500000,96.000000,96.000000,95.500000,95.500000,95.500000,5.0,1427.2863,1309.7925,5211.2546,5328.7484,PENDING_AG03,FALSE,NOT_FOR_ENFORCEMENT,6372.9992,364446.1036,6638.5409,6372.9992,265.5416,0.01632659,0.01567352,265.5416,6372.9992,0.01567352,265.5416,265.5416,298.7343,298.7343,298.7343,6372.9992,0.01567352,1427.2863,1309.7925,5211.2546,5328.7484,0.01281637,0.01310533,0.00065306,46.6616,168.5752,2.9478,99.0827,12.5730,6068.7939,33.6119,44.8794,47.4773,8.4329,14.3073,34.3462,193.1745,204.3903,207.7145,14.3073,-10.2195,14.285714,14.518058,3.261379,29,153,76,7,0.30198559,0.01632659,0.04432358,0E-8,0.000000,0.933652,0.003213,-0.04010948,2026-03-22,2026-08-05,67,528,415,137,0.489051,0.945283,0.961806,1.006619,,,,,,,,GLOBAL_BASELINE_NO_ENTITY_RANKING,,,NOT_APPLICABLE_GLOBAL_BASELINE,HF9g-P5,,,,X 全窗基线 · 不参与实体赏罚,14192512,1420,A168_HF9F_20260827_0900,2026-08-27 09:00:00
2026-07-08,129130207,2234,0,284.1025221766,321.4037526059,321.4037526059,1.0000000,12,3,0.43136237560600087,0.187662550000,1.9886451350552414,3.6036288767609164,1.9886451350552414,0.24369982560600087,ELIGIBLE,R03b_20260811_FULL_v1,L1_ELIGIBILITY,v2026-08-11,2026-03-21..2026-08-06,baccarat_bet02_101_all_pairs_incl_sentinel,round_win = game_pnl > 0 (decisive only),COMPATIBILITY_ONLY_NOT_PRODUCTION,406609.1881,379631.3579,6638.5409,8714,2252,-0.01632659,-0.04432358,-0.00421410,-0.01632659,-6638.5409,406609.1881,OK,0.0000,265.5416,4.0000,96.0000,AG03-UNRESOLVED,ALL5_LEVELS_bet23_to_bet27,265.5416,265.5416,298.7343,298.7343,298.7343,4.000000,4.000000,4.500000,4.500000,4.500000,96.000000,96.000000,95.500000,95.500000,95.500000,5.0,1427.2863,1309.7925,5211.2546,5328.7484,PENDING_AG03,FALSE,NOT_FOR_ENFORCEMENT,6372.9992,364446.1036,6638.5409,6372.9992,265.5416,0.01632659,0.01567352,265.5416,6372.9992,0.01567352,265.5416,265.5416,298.7343,298.7343,298.7343,6372.9992,0.01567352,1427.2863,1309.7925,5211.2546,5328.7484,0.01281637,0.01310533,0.00065306,46.6616,168.5752,2.9478,99.0827,12.5730,6068.7939,33.6119,44.8794,47.4773,8.4329,14.3073,34.3462,193.1745,204.3903,207.7145,14.3073,-10.2195,14.285714,14.518058,3.261379,29,153,76,7,0.30198559,0.01632659,0.04432358,0E-8,0.000000,0.933652,0.003213,-0.04010948,2026-03-22,2026-08-05,67,528,415,137,0.489051,0.945283,0.961806,1.006619,,,,,,,,GLOBAL_BASELINE_NO_ENTITY_RANKING,,,NOT_APPLICABLE_GLOBAL_BASELINE,HF9g-P5,,,,X 全窗基线 · 不参与实体赏罚,14192513,1420,A168_HF9F_20260827_0900,2026-08-27 09:00:00
2026-07-08,129130207,2280,0,858.4392756413,0.9197563661,0.9197563661,0.7142857,28,7,0.43240311213127869,0.187662550000,1.5054033691762045,3.5685512143027887,1.5054033691762045,0.24474056213127869,ELIGIBLE,R03b_20260811_FULL_v1,L1_ELIGIBILITY,v2026-08-11,2026-03-21..2026-08-06,baccarat_bet02_101_all_pairs_incl_sentinel,round_win = game_pnl > 0 (decisive only),COMPATIBILITY_ONLY_NOT_PRODUCTION,406609.1881,379631.3579,6638.5409,8714,2252,-0.01632659,-0.04432358,-0.00421410,-0.01632659,-6638.5409,406609.1881,OK,0.0000,265.5416,4.0000,96.0000,AG03-UNRESOLVED,ALL5_LEVELS_bet23_to_bet27,265.5416,265.5416,298.7343,298.7343,298.7343,4.000000,4.000000,4.500000,4.500000,4.500000,96.000000,96.000000,95.500000,95.500000,95.500000,5.0,1427.2863,1309.7925,5211.2546,5328.7484,PENDING_AG03,FALSE,NOT_FOR_ENFORCEMENT,6372.9992,364446.1036,6638.5409,6372.9992,265.5416,0.01632659,0.01567352,265.5416,6372.9992,0.01567352,265.5416,265.5416,298.7343,298.7343,298.7343,6372.9992,0.01567352,1427.2863,1309.7925,5211.2546,5328.7484,0.01281637,0.01310533,0.00065306,46.6616,168.5752,2.9478,99.0827,12.5730,6068.7939,33.6119,44.8794,47.4773,8.4329,14.3073,34.3462,193.1745,204.3903,207.7145,14.3073,-10.2195,14.285714,14.518058,3.261379,29,153,76,7,0.30198559,0.01632659,0.04432358,0E-8,0.000000,0.933652,0.003213,-0.04010948,2026-03-22,2026-08-05,67,528,415,137,0.489051,0.945283,0.961806,1.006619,,,,,,,,GLOBAL_BASELINE_NO_ENTITY_RANKING,,,NOT_APPLICABLE_GLOBAL_BASELINE,HF9g-P5,,,,X 全窗基线 · 不参与实体赏罚,14192514,1420,A168_HF9F_20260827_0900,2026-08-27 09:00:00
2026-07-09,129130207,-1,1,216.6537219476,-216.6537219476,-216.6537219476,0E-7,8,2,0.42919820079335822,0.185986900000,-1.2263128455958496,-0.6759903225629557,-1.2263128455958496,0.24321130079335822,SENTINEL_DEALER,R03b_20260811_FULL_v1,L1_ELIGIBILITY,v2026-08-11,2026-03-21..2026-08-06,baccarat_bet02_101_all_pairs_incl_sentinel,round_win = game_pnl > 0 (decisive only),COMPATIBILITY_ONLY_NOT_PRODUCTION,406609.1881,379631.3579,6638.5409,8714,2252,-0.01632659,-0.04432358,-0.00421410,-0.01632659,-6638.5409,406609.1881,OK,0.0000,265.5416,4.0000,96.0000,AG03-UNRESOLVED,ALL5_LEVELS_bet23_to_bet27,265.5416,265.5416,298.7343,298.7343,298.7343,4.000000,4.000000,4.500000,4.500000,4.500000,96.000000,96.000000,95.500000,95.500000,95.500000,5.0,1427.2863,1309.7925,5211.2546,5328.7484,PENDING_AG03,FALSE,NOT_FOR_ENFORCEMENT,6372.9992,364446.1036,6638.5409,6372.9992,265.5416,0.01632659,0.01567352,265.5416,6372.9992,0.01567352,265.5416,265.5416,298.7343,298.7343,298.7343,6372.9992,0.01567352,1427.2863,1309.7925,5211.2546,5328.7484,0.01281637,0.01310533,0.00065306,46.6616,168.5752,2.9478,99.0827,12.5730,6068.7939,33.6119,44.8794,47.4773,8.4329,14.3073,34.3462,193.1745,204.3903,207.7145,14.3073,-10.2195,14.285714,14.518058,3.261379,29,153,76,7,0.30198559,0.01632659,0.04432358,0E-8,0.000000,0.933652,0.003213,-0.04010948,2026-03-22,2026-08-05,67,528,415,137,0.489051,0.945283,0.961806,1.006619,,,,,,,,GLOBAL_BASELINE_NO_ENTITY_RANKING,,,NOT_APPLICABLE_GLOBAL_BASELINE,HF9g-P5,,,,X 全窗基线 · 不参与实体赏罚,14192515,1420,A168_HF9F_20260827_0900,2026-08-27 09:00:00
2026-07-09,129130207,1947,0,290.2342312880,-69.4927032661,-69.4927032661,0.3333333,12,3,0.42358000933865173,0.184311250000,-0.3163403547666718,0.6656916345198051,-0.3163403547666718,0.23926875933865173,ELIGIBLE,R03b_20260811_FULL_v1,L1_ELIGIBILITY,v2026-08-11,2026-03-21..2026-08-06,baccarat_bet02_101_all_pairs_incl_sentinel,round_win = game_pnl > 0 (decisive only),COMPATIBILITY_ONLY_NOT_PRODUCTION,406609.1881,379631.3579,6638.5409,8714,2252,-0.01632659,-0.04432358,-0.00421410,-0.01632659,-6638.5409,406609.1881,OK,0.0000,265.5416,4.0000,96.0000,AG03-UNRESOLVED,ALL5_LEVELS_bet23_to_bet27,265.5416,265.5416,298.7343,298.7343,298.7343,4.000000,4.000000,4.500000,4.500000,4.500000,96.000000,96.000000,95.500000,95.500000,95.500000,5.0,1427.2863,1309.7925,5211.2546,5328.7484,PENDING_AG03,FALSE,NOT_FOR_ENFORCEMENT,6372.9992,364446.1036,6638.5409,6372.9992,265.5416,0.01632659,0.01567352,265.5416,6372.9992,0.01567352,265.5416,265.5416,298.7343,298.7343,298.7343,6372.9992,0.01567352,1427.2863,1309.7925,5211.2546,5328.7484,0.01281637,0.01310533,0.00065306,46.6616,168.5752,2.9478,99.0827,12.5730,6068.7939,33.6119,44.8794,47.4773,8.4329,14.3073,34.3462,193.1745,204.3903,207.7145,14.3073,-10.2195,14.285714,14.518058,3.261379,29,153,76,7,0.30198559,0.01632659,0.04432358,0E-8,0.000000,0.933652,0.003213,-0.04010948,2026-03-22,2026-08-05,67,528,415,137,0.489051,0.945283,0.961806,1.006619,,,,,,,,GLOBAL_BASELINE_NO_ENTITY_RANKING,,,NOT_APPLICABLE_GLOBAL_BASELINE,HF9g-P5,,,,X 全窗基线 · 不参与实体赏罚,14192516,1420,A168_HF9F_20260827_0900,2026-08-27 09:00:00
2026-07-09,129130207,2115,0,529.9840575565,-265.7278338718,-265.7278338718,0.5000000,19,7,0.45994453604195073,0.324371757143,0.1968636248490662,0.918955680848541,0.1968636248490662,0.13557277889895073,ELIGIBLE,R03b_20260811_FULL_v1,L1_ELIGIBILITY,v2026-08-11,2026-03-21..2026-08-06,baccarat_bet02_101_all_pairs_incl_sentinel,round_win = game_pnl > 0 (decisive only),COMPATIBILITY_ONLY_NOT_PRODUCTION,406609.1881,379631.3579,6638.5409,8714,2252,-0.01632659,-0.04432358,-0.00421410,-0.01632659,-6638.5409,406609.1881,OK,0.0000,265.5416,4.0000,96.0000,AG03-UNRESOLVED,ALL5_LEVELS_bet23_to_bet27,265.5416,265.5416,298.7343,298.7343,298.7343,4.000000,4.000000,4.500000,4.500000,4.500000,96.000000,96.000000,95.500000,95.500000,95.500000,5.0,1427.2863,1309.7925,5211.2546,5328.7484,PENDING_AG03,FALSE,NOT_FOR_ENFORCEMENT,6372.9992,364446.1036,6638.5409,6372.9992,265.5416,0.01632659,0.01567352,265.5416,6372.9992,0.01567352,265.5416,265.5416,298.7343,298.7343,298.7343,6372.9992,0.01567352,1427.2863,1309.7925,5211.2546,5328.7484,0.01281637,0.01310533,0.00065306,46.6616,168.5752,2.9478,99.0827,12.5730,6068.7939,33.6119,44.8794,47.4773,8.4329,14.3073,34.3462,193.1745,204.3903,207.7145,14.3073,-10.2195,14.285714,14.518058,3.261379,29,153,76,7,0.30198559,0.01632659,0.04432358,0E-8,0.000000,0.933652,0.003213,-0.04010948,2026-03-22,2026-08-05,67,528,415,137,0.489051,0.945283,0.961806,1.006619,,,,,,,,GLOBAL_BASELINE_NO_ENTITY_RANKING,,,NOT_APPLICABLE_GLOBAL_BASELINE,HF9g-P5,,,,X 全窗基线 · 不参与实体赏罚,14192517,1420,A168_HF9F_20260827_0900,2026-08-27 09:00:00
2026-07-09,129130207,2153,0,427.5845153907,1.2263418221,1.2263418221,0.6000000,20,5,0.42172861344232192,0.184311250000,0.8072057720827784,2.397259866592536,0.8072057720827784,0.23741736344232192,ELIGIBLE,R03b_20260811_FULL_v1,L1_ELIGIBILITY,v2026-08-11,2026-03-21..2026-08-06,baccarat_bet02_101_all_pairs_incl_sentinel,round_win = game_pnl > 0 (decisive only),COMPATIBILITY_ONLY_NOT_PRODUCTION,406609.1881,379631.3579,6638.5409,8714,2252,-0.01632659,-0.04432358,-0.00421410,-0.01632659,-6638.5409,406609.1881,OK,0.0000,265.5416,4.0000,96.0000,AG03-UNRESOLVED,ALL5_LEVELS_bet23_to_bet27,265.5416,265.5416,298.7343,298.7343,298.7343,4.000000,4.000000,4.500000,4.500000,4.500000,96.000000,96.000000,95.500000,95.500000,95.500000,5.0,1427.2863,1309.7925,5211.2546,5328.7484,PENDING_AG03,FALSE,NOT_FOR_ENFORCEMENT,6372.9992,364446.1036,6638.5409,6372.9992,265.5416,0.01632659,0.01567352,265.5416,6372.9992,0.01567352,265.5416,265.5416,298.7343,298.7343,298.7343,6372.9992,0.01567352,1427.2863,1309.7925,5211.2546,5328.7484,0.01281637,0.01310533,0.00065306,46.6616,168.5752,2.9478,99.0827,12.5730,6068.7939,33.6119,44.8794,47.4773,8.4329,14.3073,34.3462,193.1745,204.3903,207.7145,14.3073,-10.2195,14.285714,14.518058,3.261379,29,153,76,7,0.30198559,0.01632659,0.04432358,0E-8,0.000000,0.933652,0.003213,-0.04010948,2026-03-22,2026-08-05,67,528,415,137,0.489051,0.945283,0.961806,1.006619,,,,,,,,GLOBAL_BASELINE_NO_ENTITY_RANKING,,,NOT_APPLICABLE_GLOBAL_BASELINE,HF9g-P5,,,,X 全窗基线 · 不参与实体赏罚,14192518,1420,A168_HF9F_20260827_0900,2026-08-27 09:00:00
2026-07-09,129130207,2220,0,617.2587172466,-318.3378980503,-318.3378980503,0.3333333,12,3,0.42684793431160719,0.187662550000,-0.32746774518986815,0.6462135179418145,-0.32746774518986815,0.23918538431160719,ELIGIBLE,R03b_20260811_FULL_v1,L1_ELIGIBILITY,v2026-08-11,2026-03-21..2026-08-06,baccarat_bet02_101_all_pairs_incl_sentinel,round_win = game_pnl > 0 (decisive only),COMPATIBILITY_ONLY_NOT_PRODUCTION,406609.1881,379631.3579,6638.5409,8714,2252,-0.01632659,-0.04432358,-0.00421410,-0.01632659,-6638.5409,406609.1881,OK,0.0000,265.5416,4.0000,96.0000,AG03-UNRESOLVED,ALL5_LEVELS_bet23_to_bet27,265.5416,265.5416,298.7343,298.7343,298.7343,4.000000,4.000000,4.500000,4.500000,4.500000,96.000000,96.000000,95.500000,95.500000,95.500000,5.0,1427.2863,1309.7925,5211.2546,5328.7484,PENDING_AG03,FALSE,NOT_FOR_ENFORCEMENT,6372.9992,364446.1036,6638.5409,6372.9992,265.5416,0.01632659,0.01567352,265.5416,6372.9992,0.01567352,265.5416,265.5416,298.7343,298.7343,298.7343,6372.9992,0.01567352,1427.2863,1309.7925,5211.2546,5328.7484,0.01281637,0.01310533,0.00065306,46.6616,168.5752,2.9478,99.0827,12.5730,6068.7939,33.6119,44.8794,47.4773,8.4329,14.3073,34.3462,193.1745,204.3903,207.7145,14.3073,-10.2195,14.285714,14.518058,3.261379,29,153,76,7,0.30198559,0.01632659,0.04432358,0E-8,0.000000,0.933652,0.003213,-0.04010948,2026-03-22,2026-08-05,67,528,415,137,0.489051,0.945283,0.961806,1.006619,,,,,,,,GLOBAL_BASELINE_NO_ENTITY_RANKING,,,NOT_APPLICABLE_GLOBAL_BASELINE,HF9g-P5,,,,X 全窗基线 · 不参与实体赏罚,14192519,1420,A168_HF9F_20260827_0900,2026-08-27 09:00:00
2026-07-09,129130207,2229,0,351.5513224052,32.7024485958,32.7024485958,0.7500000,16,4,0.42155069836218095,0.184311250000,1.3302730149449589,2.9178931134599138,1.3302730149449589,0.23723944836218095,ELIGIBLE,R03b_20260811_FULL_v1,L1_ELIGIBILITY,v2026-08-11,2026-03-21..2026-08-06,baccarat_bet02_101_all_pairs_incl_sentinel,round_win = game_pnl > 0 (decisive only),COMPATIBILITY_ONLY_NOT_PRODUCTION,406609.1881,379631.3579,6638.5409,8714,2252,-0.01632659,-0.04432358,-0.00421410,-0.01632659,-6638.5409,406609.1881,OK,0.0000,265.5416,4.0000,96.0000,AG03-UNRESOLVED,ALL5_LEVELS_bet23_to_bet27,265.5416,265.5416,298.7343,298.7343,298.7343,4.000000,4.000000,4.500000,4.500000,4.500000,96.000000,96.000000,95.500000,95.500000,95.500000,5.0,1427.2863,1309.7925,5211.2546,5328.7484,PENDING_AG03,FALSE,NOT_FOR_ENFORCEMENT,6372.9992,364446.1036,6638.5409,6372.9992,265.5416,0.01632659,0.01567352,265.5416,6372.9992,0.01567352,265.5416,265.5416,298.7343,298.7343,298.7343,6372.9992,0.01567352,1427.2863,1309.7925,5211.2546,5328.7484,0.01281637,0.01310533,0.00065306,46.6616,168.5752,2.9478,99.0827,12.5730,6068.7939,33.6119,44.8794,47.4773,8.4329,14.3073,34.3462,193.1745,204.3903,207.7145,14.3073,-10.2195,14.285714,14.518058,3.261379,29,153,76,7,0.30198559,0.01632659,0.04432358,0E-8,0.000000,0.933652,0.003213,-0.04010948,2026-03-22,2026-08-05,67,528,415,137,0.489051,0.945283,0.961806,1.006619,,,,,,,,GLOBAL_BASELINE_NO_ENTITY_RANKING,,,NOT_APPLICABLE_GLOBAL_BASELINE,HF9g-P5,,,,X 全窗基线 · 不参与实体赏罚,14192520,1420,A168_HF9F_20260827_0900,2026-08-27 09:00:00
2026-07-09,129130207,2266,0,62.3390426359,-62.3390426359,-62.3390426359,0E-7,4,1,0.41221356557347802,0.184311250000,-0.8374354871332041,-0.47535020548684115,-0.8374354871332041,0.22790231557347802,ELIGIBLE,R03b_20260811_FULL_v1,L1_ELIGIBILITY,v2026-08-11,2026-03-21..2026-08-06,baccarat_bet02_101_all_pairs_incl_sentinel,round_win = game_pnl > 0 (decisive only),COMPATIBILITY_ONLY_NOT_PRODUCTION,406609.1881,379631.3579,6638.5409,8714,2252,-0.01632659,-0.04432358,-0.00421410,-0.01632659,-6638.5409,406609.1881,OK,0.0000,265.5416,4.0000,96.0000,AG03-UNRESOLVED,ALL5_LEVELS_bet23_to_bet27,265.5416,265.5416,298.7343,298.7343,298.7343,4.000000,4.000000,4.500000,4.500000,4.500000,96.000000,96.000000,95.500000,95.500000,95.500000,5.0,1427.2863,1309.7925,5211.2546,5328.7484,PENDING_AG03,FALSE,NOT_FOR_ENFORCEMENT,6372.9992,364446.1036,6638.5409,6372.9992,265.5416,0.01632659,0.01567352,265.5416,6372.9992,0.01567352,265.5416,265.5416,298.7343,298.7343,298.7343,6372.9992,0.01567352,1427.2863,1309.7925,5211.2546,5328.7484,0.01281637,0.01310533,0.00065306,46.6616,168.5752,2.9478,99.0827,12.5730,6068.7939,33.6119,44.8794,47.4773,8.4329,14.3073,34.3462,193.1745,204.3903,207.7145,14.3073,-10.2195,14.285714,14.518058,3.261379,29,153,76,7,0.30198559,0.01632659,0.04432358,0E-8,0.000000,0.933652,0.003213,-0.04010948,2026-03-22,2026-08-05,67,528,415,137,0.489051,0.945283,0.961806,1.006619,,,,,,,,GLOBAL_BASELINE_NO_ENTITY_RANKING,,,NOT_APPLICABLE_GLOBAL_BASELINE,HF9g-P5,,,,X 全窗基线 · 不参与实体赏罚,14192521,1420,A168_HF9F_20260827_0900,2026-08-27 09:00:00
2026-07-09,129130207,550,0,670.4001962146,-96.4722233575,-96.4722233575,0.6000000,20,5,0.43381284893199081,0.187662550000,0.7498100113801167,2.3614607886975065,0.7498100113801167,0.24615029893199081,ELIGIBLE,R03b_20260811_FULL_v1,L1_ELIGIBILITY,v2026-08-11,2026-03-21..2026-08-06,baccarat_bet02_101_all_pairs_incl_sentinel,round_win = game_pnl > 0 (decisive only),COMPATIBILITY_ONLY_NOT_PRODUCTION,406609.1881,379631.3579,6638.5409,8714,2252,-0.01632659,-0.04432358,-0.00421410,-0.01632659,-6638.5409,406609.1881,OK,0.0000,265.5416,4.0000,96.0000,AG03-UNRESOLVED,ALL5_LEVELS_bet23_to_bet27,265.5416,265.5416,298.7343,298.7343,298.7343,4.000000,4.000000,4.500000,4.500000,4.500000,96.000000,96.000000,95.500000,95.500000,95.500000,5.0,1427.2863,1309.7925,5211.2546,5328.7484,PENDING_AG03,FALSE,NOT_FOR_ENFORCEMENT,6372.9992,364446.1036,6638.5409,6372.9992,265.5416,0.01632659,0.01567352,265.5416,6372.9992,0.01567352,265.5416,265.5416,298.7343,298.7343,298.7343,6372.9992,0.01567352,1427.2863,1309.7925,5211.2546,5328.7484,0.01281637,0.01310533,0.00065306,46.6616,168.5752,2.9478,99.0827,12.5730,6068.7939,33.6119,44.8794,47.4773,8.4329,14.3073,34.3462,193.1745,204.3903,207.7145,14.3073,-10.2195,14.285714,14.518058,3.261379,29,153,76,7,0.30198559,0.01632659,0.04432358,0E-8,0.000000,0.933652,0.003213,-0.04010948,2026-03-22,2026-08-05,67,528,415,137,0.489051,0.945283,0.961806,1.006619,,,,,,,,GLOBAL_BASELINE_NO_ENTITY_RANKING,,,NOT_APPLICABLE_GLOBAL_BASELINE,HF9g-P5,,,,X 全窗基线 · 不参与实体赏罚,14192522,1420,A168_HF9F_20260827_0900,2026-08-27 09:00:00
2026-07-09,129130207,986,0,341.1274169154,173.3229775580,173.3229775580,0.5000000,13,4,0.44598274178471316,0.266571762500,0.2173410990895544,1.0558385183173693,0.2173410990895544,0.17941097928471316,ELIGIBLE,R03b_20260811_FULL_v1,L1_ELIGIBILITY,v2026-08-11,2026-03-21..2026-08-06,baccarat_bet02_101_all_pairs_incl_sentinel,round_win = game_pnl > 0 (decisive only),COMPATIBILITY_ONLY_NOT_PRODUCTION,406609.1881,379631.3579,6638.5409,8714,2252,-0.01632659,-0.04432358,-0.00421410,-0.01632659,-6638.5409,406609.1881,OK,0.0000,265.5416,4.0000,96.0000,AG03-UNRESOLVED,ALL5_LEVELS_bet23_to_bet27,265.5416,265.5416,298.7343,298.7343,298.7343,4.000000,4.000000,4.500000,4.500000,4.500000,96.000000,96.000000,95.500000,95.500000,95.500000,5.0,1427.2863,1309.7925,5211.2546,5328.7484,PENDING_AG03,FALSE,NOT_FOR_ENFORCEMENT,6372.9992,364446.1036,6638.5409,6372.9992,265.5416,0.01632659,0.01567352,265.5416,6372.9992,0.01567352,265.5416,265.5416,298.7343,298.7343,298.7343,6372.9992,0.01567352,1427.2863,1309.7925,5211.2546,5328.7484,0.01281637,0.01310533,0.00065306,46.6616,168.5752,2.9478,99.0827,12.5730,6068.7939,33.6119,44.8794,47.4773,8.4329,14.3073,34.3462,193.1745,204.3903,207.7145,14.3073,-10.2195,14.285714,14.518058,3.261379,29,153,76,7,0.30198559,0.01632659,0.04432358,0E-8,0.000000,0.933652,0.003213,-0.04010948,2026-03-22,2026-08-05,67,528,415,137,0.489051,0.945283,0.961806,1.006619,,,,,,,,GLOBAL_BASELINE_NO_ENTITY_RANKING,,,NOT_APPLICABLE_GLOBAL_BASELINE,HF9g-P5,,,,X 全窗基线 · 不参与实体赏罚,14192523,1420,A168_HF9F_20260827_0900,2026-08-27 09:00:00
2026-07-10,129130207,-1,1,1208.1510853127,-104.0142255652,-104.0142255652,0.5000000,29,8,0.43411159241642370,0.227536068750,0.3760000603626856,1.8381873874059176,0.3760000603626856,0.20657552366642370,SENTINEL_DEALER,R03b_20260811_FULL_v1,L1_ELIGIBILITY,v2026-08-11,2026-03-21..2026-08-06,baccarat_bet02_101_all_pairs_incl_sentinel,round_win = game_pnl > 0 (decisive only),COMPATIBILITY_ONLY_NOT_PRODUCTION,406609.1881,379631.3579,6638.5409,8714,2252,-0.01632659,-0.04432358,-0.00421410,-0.01632659,-6638.5409,406609.1881,OK,0.0000,265.5416,4.0000,96.0000,AG03-UNRESOLVED,ALL5_LEVELS_bet23_to_bet27,265.5416,265.5416,298.7343,298.7343,298.7343,4.000000,4.000000,4.500000,4.500000,4.500000,96.000000,96.000000,95.500000,95.500000,95.500000,5.0,1427.2863,1309.7925,5211.2546,5328.7484,PENDING_AG03,FALSE,NOT_FOR_ENFORCEMENT,6372.9992,364446.1036,6638.5409,6372.9992,265.5416,0.01632659,0.01567352,265.5416,6372.9992,0.01567352,265.5416,265.5416,298.7343,298.7343,298.7343,6372.9992,0.01567352,1427.2863,1309.7925,5211.2546,5328.7484,0.01281637,0.01310533,0.00065306,46.6616,168.5752,2.9478,99.0827,12.5730,6068.7939,33.6119,44.8794,47.4773,8.4329,14.3073,34.3462,193.1745,204.3903,207.7145,14.3073,-10.2195,14.285714,14.518058,3.261379,29,153,76,7,0.30198559,0.01632659,0.04432358,0E-8,0.000000,0.933652,0.003213,-0.04010948,2026-03-22,2026-08-05,67,528,415,137,0.489051,0.945283,0.961806,1.006619,,,,,,,,GLOBAL_BASELINE_NO_ENTITY_RANKING,,,NOT_APPLICABLE_GLOBAL_BASELINE,HF9g-P5,,,,X 全窗基线 · 不参与实体赏罚,14192524,1420,A168_HF9F_20260827_0900,2026-08-27 09:00:00
2026-07-10,129130207,2118,0,208.2737194948,-208.2737194948,-208.2737194948,0E-7,8,2,0.42299693875323853,0.187662550000,-1.210861724713455,-0.6797286364807011,-1.210861724713455,0.23533438875323853,ELIGIBLE,R03b_20260811_FULL_v1,L1_ELIGIBILITY,v2026-08-11,2026-03-21..2026-08-06,baccarat_bet02_101_all_pairs_incl_sentinel,round_win = game_pnl > 0 (decisive only),COMPATIBILITY_ONLY_NOT_PRODUCTION,406609.1881,379631.3579,6638.5409,8714,2252,-0.01632659,-0.04432358,-0.00421410,-0.01632659,-6638.5409,406609.1881,OK,0.0000,265.5416,4.0000,96.0000,AG03-UNRESOLVED,ALL5_LEVELS_bet23_to_bet27,265.5416,265.5416,298.7343,298.7343,298.7343,4.000000,4.000000,4.500000,4.500000,4.500000,96.000000,96.000000,95.500000,95.500000,95.500000,5.0,1427.2863,1309.7925,5211.2546,5328.7484,PENDING_AG03,FALSE,NOT_FOR_ENFORCEMENT,6372.9992,364446.1036,6638.5409,6372.9992,265.5416,0.01632659,0.01567352,265.5416,6372.9992,0.01567352,265.5416,265.5416,298.7343,298.7343,298.7343,6372.9992,0.01567352,1427.2863,1309.7925,5211.2546,5328.7484,0.01281637,0.01310533,0.00065306,46.6616,168.5752,2.9478,99.0827,12.5730,6068.7939,33.6119,44.8794,47.4773,8.4329,14.3073,34.3462,193.1745,204.3903,207.7145,14.3073,-10.2195,14.285714,14.518058,3.261379,29,153,76,7,0.30198559,0.01632659,0.04432358,0E-8,0.000000,0.933652,0.003213,-0.04010948,2026-03-22,2026-08-05,67,528,415,137,0.489051,0.945283,0.961806,1.006619,,,,,,,,GLOBAL_BASELINE_NO_ENTITY_RANKING,,,NOT_APPLICABLE_GLOBAL_BASELINE,HF9g-P5,,,,X 全窗基线 · 不参与实体赏罚,14192525,1420,A168_HF9F_20260827_0900,2026-08-27 09:00:00
2026-07-10,129130207,2123,0,1138.4539917428,574.0301680088,574.0301680088,0.8000000,20,5,0.42826593425390229,0.187662550000,1.6798231567276947,3.506862831949948,1.6798231567276947,0.24060338425390229,ELIGIBLE,R03b_20260811_FULL_v1,L1_ELIGIBILITY,v2026-08-11,2026-03-21..2026-08-06,baccarat_bet02_101_all_pairs_incl_sentinel,round_win = game_pnl > 0 (decisive only),COMPATIBILITY_ONLY_NOT_PRODUCTION,406609.1881,379631.3579,6638.5409,8714,2252,-0.01632659,-0.04432358,-0.00421410,-0.01632659,-6638.5409,406609.1881,OK,0.0000,265.5416,4.0000,96.0000,AG03-UNRESOLVED,ALL5_LEVELS_bet23_to_bet27,265.5416,265.5416,298.7343,298.7343,298.7343,4.000000,4.000000,4.500000,4.500000,4.500000,96.000000,96.000000,95.500000,95.500000,95.500000,5.0,1427.2863,1309.7925,5211.2546,5328.7484,PENDING_AG03,FALSE,NOT_FOR_ENFORCEMENT,6372.9992,364446.1036,6638.5409,6372.9992,265.5416,0.01632659,0.01567352,265.5416,6372.9992,0.01567352,265.5416,265.5416,298.7343,298.7343,298.7343,6372.9992,0.01567352,1427.2863,1309.7925,5211.2546,5328.7484,0.01281637,0.01310533,0.00065306,46.6616,168.5752,2.9478,99.0827,12.5730,6068.7939,33.6119,44.8794,47.4773,8.4329,14.3073,34.3462,193.1745,204.3903,207.7145,14.3073,-10.2195,14.285714,14.518058,3.261379,29,153,76,7,0.30198559,0.01632659,0.04432358,0E-8,0.000000,0.933652,0.003213,-0.04010948,2026-03-22,2026-08-05,67,528,415,137,0.489051,0.945283,0.961806,1.006619,,,,,,,,GLOBAL_BASELINE_NO_ENTITY_RANKING,,,NOT_APPLICABLE_GLOBAL_BASELINE,HF9g-P5,,,,X 全窗基线 · 不参与实体赏罚,14192526,1420,A168_HF9F_20260827_0900,2026-08-27 09:00:00
2026-07-10,129130207,2142,0,57.2292850428,-57.2292850428,-57.2292850428,0E-7,4,1,0.41551122857111007,0.187662550000,-0.843146994062249,-0.48064072822218945,-0.843146994062249,0.22784867857111007,ELIGIBLE,R03b_20260811_FULL_v1,L1_ELIGIBILITY,v2026-08-11,2026-03-21..2026-08-06,baccarat_bet02_101_all_pairs_incl_sentinel,round_win = game_pnl > 0 (decisive only),COMPATIBILITY_ONLY_NOT_PRODUCTION,406609.1881,379631.3579,6638.5409,8714,2252,-0.01632659,-0.04432358,-0.00421410,-0.01632659,-6638.5409,406609.1881,OK,0.0000,265.5416,4.0000,96.0000,AG03-UNRESOLVED,ALL5_LEVELS_bet23_to_bet27,265.5416,265.5416,298.7343,298.7343,298.7343,4.000000,4.000000,4.500000,4.500000,4.500000,96.000000,96.000000,95.500000,95.500000,95.500000,5.0,1427.2863,1309.7925,5211.2546,5328.7484,PENDING_AG03,FALSE,NOT_FOR_ENFORCEMENT,6372.9992,364446.1036,6638.5409,6372.9992,265.5416,0.01632659,0.01567352,265.5416,6372.9992,0.01567352,265.5416,265.5416,298.7343,298.7343,298.7343,6372.9992,0.01567352,1427.2863,1309.7925,5211.2546,5328.7484,0.01281637,0.01310533,0.00065306,46.6616,168.5752,2.9478,99.0827,12.5730,6068.7939,33.6119,44.8794,47.4773,8.4329,14.3073,34.3462,193.1745,204.3903,207.7145,14.3073,-10.2195,14.285714,14.518058,3.261379,29,153,76,7,0.30198559,0.01632659,0.04432358,0E-8,0.000000,0.933652,0.003213,-0.04010948,2026-03-22,2026-08-05,67,528,415,137,0.489051,0.945283,0.961806,1.006619,,,,,,,,GLOBAL_BASELINE_NO_ENTITY_RANKING,,,NOT_APPLICABLE_GLOBAL_BASELINE,HF9g-P5,,,,X 全窗基线 · 不参与实体赏罚,14192527,1420,A168_HF9F_20260827_0900,2026-08-27 09:00:00
2026-07-10,129130207,2175,0,327.0244859584,-327.0244859584,-327.0244859584,0E-7,8,2,0.41601193750000000,0.184311250000,-1.1936195117558062,-0.6722467074763285,-1.1936195117558062,0.23170068750000000,ELIGIBLE,R03b_20260811_FULL_v1,L1_ELIGIBILITY,v2026-08-11,2026-03-21..2026-08-06,baccarat_bet02_101_all_pairs_incl_sentinel,round_win = game_pnl > 0 (decisive only),COMPATIBILITY_ONLY_NOT_PRODUCTION,406609.1881,379631.3579,6638.5409,8714,2252,-0.01632659,-0.04432358,-0.00421410,-0.01632659,-6638.5409,406609.1881,OK,0.0000,265.5416,4.0000,96.0000,AG03-UNRESOLVED,ALL5_LEVELS_bet23_to_bet27,265.5416,265.5416,298.7343,298.7343,298.7343,4.000000,4.000000,4.500000,4.500000,4.500000,96.000000,96.000000,95.500000,95.500000,95.500000,5.0,1427.2863,1309.7925,5211.2546,5328.7484,PENDING_AG03,FALSE,NOT_FOR_ENFORCEMENT,6372.9992,364446.1036,6638.5409,6372.9992,265.5416,0.01632659,0.01567352,265.5416,6372.9992,0.01567352,265.5416,265.5416,298.7343,298.7343,298.7343,6372.9992,0.01567352,1427.2863,1309.7925,5211.2546,5328.7484,0.01281637,0.01310533,0.00065306,46.6616,168.5752,2.9478,99.0827,12.5730,6068.7939,33.6119,44.8794,47.4773,8.4329,14.3073,34.3462,193.1745,204.3903,207.7145,14.3073,-10.2195,14.285714,14.518058,3.261379,29,153,76,7,0.30198559,0.01632659,0.04432358,0E-8,0.000000,0.933652,0.003213,-0.04010948,2026-03-22,2026-08-05,67,528,415,137,0.489051,0.945283,0.961806,1.006619,,,,,,,,GLOBAL_BASELINE_NO_ENTITY_RANKING,,,NOT_APPLICABLE_GLOBAL_BASELINE,HF9g-P5,,,,X 全窗基线 · 不参与实体赏罚,14192528,1420,A168_HF9F_20260827_0900,2026-08-27 09:00:00
2026-07-11,129130207,-1,1,656.0928749542,-85.8439275642,-85.8439275642,0.2500000,16,4,0.43757880289595660,0.212354376667,-0.756231524335191,0.1840977361375682,-0.756231524335191,0.22522442622895660,SENTINEL_DEALER,R03b_20260811_FULL_v1,L1_ELIGIBILITY,v2026-08-11,2026-03-21..2026-08-06,baccarat_bet02_101_all_pairs_incl_sentinel,round_win = game_pnl > 0 (decisive only),COMPATIBILITY_ONLY_NOT_PRODUCTION,406609.1881,379631.3579,6638.5409,8714,2252,-0.01632659,-0.04432358,-0.00421410,-0.01632659,-6638.5409,406609.1881,OK,0.0000,265.5416,4.0000,96.0000,AG03-UNRESOLVED,ALL5_LEVELS_bet23_to_bet27,265.5416,265.5416,298.7343,298.7343,298.7343,4.000000,4.000000,4.500000,4.500000,4.500000,96.000000,96.000000,95.500000,95.500000,95.500000,5.0,1427.2863,1309.7925,5211.2546,5328.7484,PENDING_AG03,FALSE,NOT_FOR_ENFORCEMENT,6372.9992,364446.1036,6638.5409,6372.9992,265.5416,0.01632659,0.01567352,265.5416,6372.9992,0.01567352,265.5416,265.5416,298.7343,298.7343,298.7343,6372.9992,0.01567352,1427.2863,1309.7925,5211.2546,5328.7484,0.01281637,0.01310533,0.00065306,46.6616,168.5752,2.9478,99.0827,12.5730,6068.7939,33.6119,44.8794,47.4773,8.4329,14.3073,34.3462,193.1745,204.3903,207.7145,14.3073,-10.2195,14.285714,14.518058,3.261379,29,153,76,7,0.30198559,0.01632659,0.04432358,0E-8,0.000000,0.933652,0.003213,-0.04010948,2026-03-22,2026-08-05,67,528,415,137,0.489051,0.945283,0.961806,1.006619,,,,,,,,GLOBAL_BASELINE_NO_ENTITY_RANKING,,,NOT_APPLICABLE_GLOBAL_BASELINE,HF9g-P5,,,,X 全窗基线 · 不参与实体赏罚,14192529,1420,A168_HF9F_20260827_0900,2026-08-27 09:00:00
2026-07-11,129130207,1109,0,942.2393001679,-206.4342067615,-206.4342067615,0.6000000,20,5,0.40378298743420095,0.184311250000,0.8942222482122374,2.397259866592536,0.8942222482122374,0.21947173743420095,ELIGIBLE,R03b_20260811_FULL_v1,L1_ELIGIBILITY,v2026-08-11,2026-03-21..2026-08-06,baccarat_bet02_101_all_pairs_incl_sentinel,round_win = game_pnl > 0 (decisive only),COMPATIBILITY_ONLY_NOT_PRODUCTION,406609.1881,379631.3579,6638.5409,8714,2252,-0.01632659,-0.04432358,-0.00421410,-0.01632659,-6638.5409,406609.1881,OK,0.0000,265.5416,4.0000,96.0000,AG03-UNRESOLVED,ALL5_LEVELS_bet23_to_bet27,265.5416,265.5416,298.7343,298.7343,298.7343,4.000000,4.000000,4.500000,4.500000,4.500000,96.000000,96.000000,95.500000,95.500000,95.500000,5.0,1427.2863,1309.7925,5211.2546,5328.7484,PENDING_AG03,FALSE,NOT_FOR_ENFORCEMENT,6372.9992,364446.1036,6638.5409,6372.9992,265.5416,0.01632659,0.01567352,265.5416,6372.9992,0.01567352,265.5416,265.5416,298.7343,298.7343,298.7343,6372.9992,0.01567352,1427.2863,1309.7925,5211.2546,5328.7484,0.01281637,0.01310533,0.00065306,46.6616,168.5752,2.9478,99.0827,12.5730,6068.7939,33.6119,44.8794,47.4773,8.4329,14.3073,34.3462,193.1745,204.3903,207.7145,14.3073,-10.2195,14.285714,14.518058,3.261379,29,153,76,7,0.30198559,0.01632659,0.04432358,0E-8,0.000000,0.933652,0.003213,-0.04010948,2026-03-22,2026-08-05,67,528,415,137,0.489051,0.945283,0.961806,1.006619,,,,,,,,GLOBAL_BASELINE_NO_ENTITY_RANKING,,,NOT_APPLICABLE_GLOBAL_BASELINE,HF9g-P5,,,,X 全窗基线 · 不参与实体赏罚,14192530,1420,A168_HF9F_20260827_0900,2026-08-27 09:00:00
2026-07-11,129130207,1374,0,167.6000490538,-69.4927032662,-69.4927032662,0E-7,4,1,0.44440910975583760,0.187662550000,-0.8943631940604092,-0.48064072822218945,-0.8943631940604092,0.25674655975583760,ELIGIBLE,R03b_20260811_FULL_v1,L1_ELIGIBILITY,v2026-08-11,2026-03-21..2026-08-06,baccarat_bet02_101_all_pairs_incl_sentinel,round_win = game_pnl > 0 (decisive only),COMPATIBILITY_ONLY_NOT_PRODUCTION,406609.1881,379631.3579,6638.5409,8714,2252,-0.01632659,-0.04432358,-0.00421410,-0.01632659,-6638.5409,406609.1881,OK,0.0000,265.5416,4.0000,96.0000,AG03-UNRESOLVED,ALL5_LEVELS_bet23_to_bet27,265.5416,265.5416,298.7343,298.7343,298.7343,4.000000,4.000000,4.500000,4.500000,4.500000,96.000000,96.000000,95.500000,95.500000,95.500000,5.0,1427.2863,1309.7925,5211.2546,5328.7484,PENDING_AG03,FALSE,NOT_FOR_ENFORCEMENT,6372.9992,364446.1036,6638.5409,6372.9992,265.5416,0.01632659,0.01567352,265.5416,6372.9992,0.01567352,265.5416,265.5416,298.7343,298.7343,298.7343,6372.9992,0.01567352,1427.2863,1309.7925,5211.2546,5328.7484,0.01281637,0.01310533,0.00065306,46.6616,168.5752,2.9478,99.0827,12.5730,6068.7939,33.6119,44.8794,47.4773,8.4329,14.3073,34.3462,193.1745,204.3903,207.7145,14.3073,-10.2195,14.285714,14.518058,3.261379,29,153,76,7,0.30198559,0.01632659,0.04432358,0E-8,0.000000,0.933652,0.003213,-0.04010948,2026-03-22,2026-08-05,67,528,415,137,0.489051,0.945283,0.961806,1.006619,,,,,,,,GLOBAL_BASELINE_NO_ENTITY_RANKING,,,NOT_APPLICABLE_GLOBAL_BASELINE,HF9g-P5,,,,X 全窗基线 · 不参与实体赏罚,14192531,1420,A168_HF9F_20260827_0900,2026-08-27 09:00:00
2026-07-11,129130207,1405,0,500.7562441238,-102.1951518620,-102.1951518620,0.5000000,8,2,0.42858321887496464,0.187662550000,0.20408974986052744,1.1313110101635044,0.20408974986052744,0.24092066887496464,ELIGIBLE,R03b_20260811_FULL_v1,L1_ELIGIBILITY,v2026-08-11,2026-03-21..2026-08-06,baccarat_bet02_101_all_pairs_incl_sentinel,round_win = game_pnl > 0 (decisive only),COMPATIBILITY_ONLY_NOT_PRODUCTION,406609.1881,379631.3579,6638.5409,8714,2252,-0.01632659,-0.04432358,-0.00421410,-0.01632659,-6638.5409,406609.1881,OK,0.0000,265.5416,4.0000,96.0000,AG03-UNRESOLVED,ALL5_LEVELS_bet23_to_bet27,265.5416,265.5416,298.7343,298.7343,298.7343,4.000000,4.000000,4.500000,4.500000,4.500000,96.000000,96.000000,95.500000,95.500000,95.500000,5.0,1427.2863,1309.7925,5211.2546,5328.7484,PENDING_AG03,FALSE,NOT_FOR_ENFORCEMENT,6372.9992,364446.1036,6638.5409,6372.9992,265.5416,0.01632659,0.01567352,265.5416,6372.9992,0.01567352,265.5416,265.5416,298.7343,298.7343,298.7343,6372.9992,0.01567352,1427.2863,1309.7925,5211.2546,5328.7484,0.01281637,0.01310533,0.00065306,46.6616,168.5752,2.9478,99.0827,12.5730,6068.7939,33.6119,44.8794,47.4773,8.4329,14.3073,34.3462,193.1745,204.3903,207.7145,14.3073,-10.2195,14.285714,14.518058,3.261379,29,153,76,7,0.30198559,0.01632659,0.04432358,0E-8,0.000000,0.933652,0.003213,-0.04010948,2026-03-22,2026-08-05,67,528,415,137,0.489051,0.945283,0.961806,1.006619,,,,,,,,GLOBAL_BASELINE_NO_ENTITY_RANKING,,,NOT_APPLICABLE_GLOBAL_BASELINE,HF9g-P5,,,,X 全窗基线 · 不参与实体赏罚,14192532,1420,A168_HF9F_20260827_0900,2026-08-27 09:00:00
2026-07-11,129130207,2280,0,508.9318562727,55.1853820055,55.1853820055,0.6666667,12,3,0.42903128989765764,0.187662550000,0.8316126441161033,2.1249211973513655,0.8316126441161033,0.24136873989765764,ELIGIBLE,R03b_20260811_FULL_v1,L1_ELIGIBILITY,v2026-08-11,2026-03-21..2026-08-06,baccarat_bet02_101_all_pairs_incl_sentinel,round_win = game_pnl > 0 (decisive only),COMPATIBILITY_ONLY_NOT_PRODUCTION,406609.1881,379631.3579,6638.5409,8714,2252,-0.01632659,-0.04432358,-0.00421410,-0.01632659,-6638.5409,406609.1881,OK,0.0000,265.5416,4.0000,96.0000,AG03-UNRESOLVED,ALL5_LEVELS_bet23_to_bet27,265.5416,265.5416,298.7343,298.7343,298.7343,4.000000,4.000000,4.500000,4.500000,4.500000,96.000000,96.000000,95.500000,95.500000,95.500000,5.0,1427.2863,1309.7925,5211.2546,5328.7484,PENDING_AG03,FALSE,NOT_FOR_ENFORCEMENT,6372.9992,364446.1036,6638.5409,6372.9992,265.5416,0.01632659,0.01567352,265.5416,6372.9992,0.01567352,265.5416,265.5416,298.7343,298.7343,298.7343,6372.9992,0.01567352,1427.2863,1309.7925,5211.2546,5328.7484,0.01281637,0.01310533,0.00065306,46.6616,168.5752,2.9478,99.0827,12.5730,6068.7939,33.6119,44.8794,47.4773,8.4329,14.3073,34.3462,193.1745,204.3903,207.7145,14.3073,-10.2195,14.285714,14.518058,3.261379,29,153,76,7,0.30198559,0.01632659,0.04432358,0E-8,0.000000,0.933652,0.003213,-0.04010948,2026-03-22,2026-08-05,67,528,415,137,0.489051,0.945283,0.961806,1.006619,,,,,,,,GLOBAL_BASELINE_NO_ENTITY_RANKING,,,NOT_APPLICABLE_GLOBAL_BASELINE,HF9g-P5,,,,X 全窗基线 · 不参与实体赏罚,14192533,1420,A168_HF9F_20260827_0900,2026-08-27 09:00:00
2026-07-13,129130207,-1,1,531.4147896829,-395.9040183139,-395.9040183139,0.2000000,20,5,0.43476462485688394,0.186322030000,-1.0589510652591365,0.0785503756862715,-1.0589510652591365,0.24844259485688394,SENTINEL_DEALER,R03b_20260811_FULL_v1,L1_ELIGIBILITY,v2026-08-11,2026-03-21..2026-08-06,baccarat_bet02_101_all_pairs_incl_sentinel,round_win = game_pnl > 0 (decisive only),COMPATIBILITY_ONLY_NOT_PRODUCTION,406609.1881,379631.3579,6638.5409,8714,2252,-0.01632659,-0.04432358,-0.00421410,-0.01632659,-6638.5409,406609.1881,OK,0.0000,265.5416,4.0000,96.0000,AG03-UNRESOLVED,ALL5_LEVELS_bet23_to_bet27,265.5416,265.5416,298.7343,298.7343,298.7343,4.000000,4.000000,4.500000,4.500000,4.500000,96.000000,96.000000,95.500000,95.500000,95.500000,5.0,1427.2863,1309.7925,5211.2546,5328.7484,PENDING_AG03,FALSE,NOT_FOR_ENFORCEMENT,6372.9992,364446.1036,6638.5409,6372.9992,265.5416,0.01632659,0.01567352,265.5416,6372.9992,0.01567352,265.5416,265.5416,298.7343,298.7343,298.7343,6372.9992,0.01567352,1427.2863,1309.7925,5211.2546,5328.7484,0.01281637,0.01310533,0.00065306,46.6616,168.5752,2.9478,99.0827,12.5730,6068.7939,33.6119,44.8794,47.4773,8.4329,14.3073,34.3462,193.1745,204.3903,207.7145,14.3073,-10.2195,14.285714,14.518058,3.261379,29,153,76,7,0.30198559,0.01632659,0.04432358,0E-8,0.000000,0.933652,0.003213,-0.04010948,2026-03-22,2026-08-05,67,528,415,137,0.489051,0.945283,0.961806,1.006619,,,,,,,,GLOBAL_BASELINE_NO_ENTITY_RANKING,,,NOT_APPLICABLE_GLOBAL_BASELINE,HF9g-P5,,,,X 全窗基线 · 不参与实体赏罚,14192534,1420,A168_HF9F_20260827_0900,2026-08-27 09:00:00
2026-07-13,129130207,1330,0,24.5268364469,-24.5268364469,-24.5268364469,0E-7,1,1,0.49324550000000000,0.493245500000,-0.9865810262130424,-0.9865810262130424,-0.9865810262130424,0E-17,ELIGIBLE,R03b_20260811_FULL_v1,L1_ELIGIBILITY,v2026-08-11,2026-03-21..2026-08-06,baccarat_bet02_101_all_pairs_incl_sentinel,round_win = game_pnl > 0 (decisive only),COMPATIBILITY_ONLY_NOT_PRODUCTION,406609.1881,379631.3579,6638.5409,8714,2252,-0.01632659,-0.04432358,-0.00421410,-0.01632659,-6638.5409,406609.1881,OK,0.0000,265.5416,4.0000,96.0000,AG03-UNRESOLVED,ALL5_LEVELS_bet23_to_bet27,265.5416,265.5416,298.7343,298.7343,298.7343,4.000000,4.000000,4.500000,4.500000,4.500000,96.000000,96.000000,95.500000,95.500000,95.500000,5.0,1427.2863,1309.7925,5211.2546,5328.7484,PENDING_AG03,FALSE,NOT_FOR_ENFORCEMENT,6372.9992,364446.1036,6638.5409,6372.9992,265.5416,0.01632659,0.01567352,265.5416,6372.9992,0.01567352,265.5416,265.5416,298.7343,298.7343,298.7343,6372.9992,0.01567352,1427.2863,1309.7925,5211.2546,5328.7484,0.01281637,0.01310533,0.00065306,46.6616,168.5752,2.9478,99.0827,12.5730,6068.7939,33.6119,44.8794,47.4773,8.4329,14.3073,34.3462,193.1745,204.3903,207.7145,14.3073,-10.2195,14.285714,14.518058,3.261379,29,153,76,7,0.30198559,0.01632659,0.04432358,0E-8,0.000000,0.933652,0.003213,-0.04010948,2026-03-22,2026-08-05,67,528,415,137,0.489051,0.945283,0.961806,1.006619,,,,,,,,GLOBAL_BASELINE_NO_ENTITY_RANKING,,,NOT_APPLICABLE_GLOBAL_BASELINE,HF9g-P5,,,,X 全窗基线 · 不参与实体赏罚,14192535,1420,A168_HF9F_20260827_0900,2026-08-27 09:00:00
2026-07-13,129130207,2103,0,73.5805093406,-36.7902546704,-36.7902546704,0.5000000,5,3,0.46999288055546075,0.400235022222,0.08502620851922037,0.2879685188103129,0.08502620851922037,0.06975785833346075,ELIGIBLE,R03b_20260811_FULL_v1,L1_ELIGIBILITY,v2026-08-11,2026-03-21..2026-08-06,baccarat_bet02_101_all_pairs_incl_sentinel,round_win = game_pnl > 0 (decisive only),COMPATIBILITY_ONLY_NOT_PRODUCTION,406609.1881,379631.3579,6638.5409,8714,2252,-0.01632659,-0.04432358,-0.00421410,-0.01632659,-6638.5409,406609.1881,OK,0.0000,265.5416,4.0000,96.0000,AG03-UNRESOLVED,ALL5_LEVELS_bet23_to_bet27,265.5416,265.5416,298.7343,298.7343,298.7343,4.000000,4.000000,4.500000,4.500000,4.500000,96.000000,96.000000,95.500000,95.500000,95.500000,5.0,1427.2863,1309.7925,5211.2546,5328.7484,PENDING_AG03,FALSE,NOT_FOR_ENFORCEMENT,6372.9992,364446.1036,6638.5409,6372.9992,265.5416,0.01632659,0.01567352,265.5416,6372.9992,0.01567352,265.5416,265.5416,298.7343,298.7343,298.7343,6372.9992,0.01567352,1427.2863,1309.7925,5211.2546,5328.7484,0.01281637,0.01310533,0.00065306,46.6616,168.5752,2.9478,99.0827,12.5730,6068.7939,33.6119,44.8794,47.4773,8.4329,14.3073,34.3462,193.1745,204.3903,207.7145,14.3073,-10.2195,14.285714,14.518058,3.261379,29,153,76,7,0.30198559,0.01632659,0.04432358,0E-8,0.000000,0.933652,0.003213,-0.04010948,2026-03-22,2026-08-05,67,528,415,137,0.489051,0.945283,0.961806,1.006619,,,,,,,,GLOBAL_BASELINE_NO_ENTITY_RANKING,,,NOT_APPLICABLE_GLOBAL_BASELINE,HF9g-P5,,,,X 全窗基线 · 不参与实体赏罚,14192536,1420,A168_HF9F_20260827_0900,2026-08-27 09:00:00
2026-07-13,129130207,2121,0,375.6693782449,-12.8459305892,-12.8459305892,0.7142857,25,7,0.43099278105234231,0.233232285714,1.5135294472675707,3.00965067737354,1.5135294472675707,0.19776049533834231,ELIGIBLE,R03b_20260811_FULL_v1,L1_ELIGIBILITY,v2026-08-11,2026-03-21..2026-08-06,baccarat_bet02_101_all_pairs_incl_sentinel,round_win = game_pnl > 0 (decisive only),COMPATIBILITY_ONLY_NOT_PRODUCTION,406609.1881,379631.3579,6638.5409,8714,2252,-0.01632659,-0.04432358,-0.00421410,-0.01632659,-6638.5409,406609.1881,OK,0.0000,265.5416,4.0000,96.0000,AG03-UNRESOLVED,ALL5_LEVELS_bet23_to_bet27,265.5416,265.5416,298.7343,298.7343,298.7343,4.000000,4.000000,4.500000,4.500000,4.500000,96.000000,96.000000,95.500000,95.500000,95.500000,5.0,1427.2863,1309.7925,5211.2546,5328.7484,PENDING_AG03,FALSE,NOT_FOR_ENFORCEMENT,6372.9992,364446.1036,6638.5409,6372.9992,265.5416,0.01632659,0.01567352,265.5416,6372.9992,0.01567352,265.5416,265.5416,298.7343,298.7343,298.7343,6372.9992,0.01567352,1427.2863,1309.7925,5211.2546,5328.7484,0.01281637,0.01310533,0.00065306,46.6616,168.5752,2.9478,99.0827,12.5730,6068.7939,33.6119,44.8794,47.4773,8.4329,14.3073,34.3462,193.1745,204.3903,207.7145,14.3073,-10.2195,14.285714,14.518058,3.261379,29,153,76,7,0.30198559,0.01632659,0.04432358,0E-8,0.000000,0.933652,0.003213,-0.04010948,2026-03-22,2026-08-05,67,528,415,137,0.489051,0.945283,0.961806,1.006619,,,,,,,,GLOBAL_BASELINE_NO_ENTITY_RANKING,,,NOT_APPLICABLE_GLOBAL_BASELINE,HF9g-P5,,,,X 全窗基线 · 不参与实体赏罚,14192537,1420,A168_HF9F_20260827_0900,2026-08-27 09:00:00
2026-07-13,129130207,2251,0,122.6341822345,-122.6341822345,-122.6341822345,0E-7,4,1,0.43532212333304251,0.187662550000,-0.8780211610996422,-0.48064072822218945,-0.8780211610996422,0.24765957333304251,ELIGIBLE,R03b_20260811_FULL_v1,L1_ELIGIBILITY,v2026-08-11,2026-03-21..2026-08-06,baccarat_bet02_101_all_pairs_incl_sentinel,round_win = game_pnl > 0 (decisive only),COMPATIBILITY_ONLY_NOT_PRODUCTION,406609.1881,379631.3579,6638.5409,8714,2252,-0.01632659,-0.04432358,-0.00421410,-0.01632659,-6638.5409,406609.1881,OK,0.0000,265.5416,4.0000,96.0000,AG03-UNRESOLVED,ALL5_LEVELS_bet23_to_bet27,265.5416,265.5416,298.7343,298.7343,298.7343,4.000000,4.000000,4.500000,4.500000,4.500000,96.000000,96.000000,95.500000,95.500000,95.500000,5.0,1427.2863,1309.7925,5211.2546,5328.7484,PENDING_AG03,FALSE,NOT_FOR_ENFORCEMENT,6372.9992,364446.1036,6638.5409,6372.9992,265.5416,0.01632659,0.01567352,265.5416,6372.9992,0.01567352,265.5416,265.5416,298.7343,298.7343,298.7343,6372.9992,0.01567352,1427.2863,1309.7925,5211.2546,5328.7484,0.01281637,0.01310533,0.00065306,46.6616,168.5752,2.9478,99.0827,12.5730,6068.7939,33.6119,44.8794,47.4773,8.4329,14.3073,34.3462,193.1745,204.3903,207.7145,14.3073,-10.2195,14.285714,14.518058,3.261379,29,153,76,7,0.30198559,0.01632659,0.04432358,0E-8,0.000000,0.933652,0.003213,-0.04010948,2026-03-22,2026-08-05,67,528,415,137,0.489051,0.945283,0.961806,1.006619,,,,,,,,GLOBAL_BASELINE_NO_ENTITY_RANKING,,,NOT_APPLICABLE_GLOBAL_BASELINE,HF9g-P5,,,,X 全窗基线 · 不参与实体赏罚,14192538,1420,A168_HF9F_20260827_0900,2026-08-27 09:00:00
2026-07-13,129130207,2252,0,94.0195397131,-54.1634304869,-54.1634304869,0.5000000,5,2,0.47120757222207772,0.347156625000,0.08157264410159447,0.45404028474569474,0.08157264410159447,0.12405094722207772,ELIGIBLE,R03b_20260811_FULL_v1,L1_ELIGIBILITY,v2026-08-11,2026-03-21..2026-08-06,baccarat_bet02_101_all_pairs_incl_sentinel,round_win = game_pnl > 0 (decisive only),COMPATIBILITY_ONLY_NOT_PRODUCTION,406609.1881,379631.3579,6638.5409,8714,2252,-0.01632659,-0.04432358,-0.00421410,-0.01632659,-6638.5409,406609.1881,OK,0.0000,265.5416,4.0000,96.0000,AG03-UNRESOLVED,ALL5_LEVELS_bet23_to_bet27,265.5416,265.5416,298.7343,298.7343,298.7343,4.000000,4.000000,4.500000,4.500000,4.500000,96.000000,96.000000,95.500000,95.500000,95.500000,5.0,1427.2863,1309.7925,5211.2546,5328.7484,PENDING_AG03,FALSE,NOT_FOR_ENFORCEMENT,6372.9992,364446.1036,6638.5409,6372.9992,265.5416,0.01632659,0.01567352,265.5416,6372.9992,0.01567352,265.5416,265.5416,298.7343,298.7343,298.7343,6372.9992,0.01567352,1427.2863,1309.7925,5211.2546,5328.7484,0.01281637,0.01310533,0.00065306,46.6616,168.5752,2.9478,99.0827,12.5730,6068.7939,33.6119,44.8794,47.4773,8.4329,14.3073,34.3462,193.1745,204.3903,207.7145,14.3073,-10.2195,14.285714,14.518058,3.261379,29,153,76,7,0.30198559,0.01632659,0.04432358,0E-8,0.000000,0.933652,0.003213,-0.04010948,2026-03-22,2026-08-05,67,528,415,137,0.489051,0.945283,0.961806,1.006619,,,,,,,,GLOBAL_BASELINE_NO_ENTITY_RANKING,,,NOT_APPLICABLE_GLOBAL_BASELINE,HF9g-P5,,,,X 全窗基线 · 不参与实体赏罚,14192539,1420,A168_HF9F_20260827_0900,2026-08-27 09:00:00
2026-07-13,129130207,550,0,39.8561092262,-39.8561092262,-39.8561092262,0E-7,4,1,0.37578376666609206,0.187662550000,-0.7758923649302527,-0.48064072822218945,-0.7758923649302527,0.18812121666609206,ELIGIBLE,R03b_20260811_FULL_v1,L1_ELIGIBILITY,v2026-08-11,2026-03-21..2026-08-06,baccarat_bet02_101_all_pairs_incl_sentinel,round_win = game_pnl > 0 (decisive only),COMPATIBILITY_ONLY_NOT_PRODUCTION,406609.1881,379631.3579,6638.5409,8714,2252,-0.01632659,-0.04432358,-0.00421410,-0.01632659,-6638.5409,406609.1881,OK,0.0000,265.5416,4.0000,96.0000,AG03-UNRESOLVED,ALL5_LEVELS_bet23_to_bet27,265.5416,265.5416,298.7343,298.7343,298.7343,4.000000,4.000000,4.500000,4.500000,4.500000,96.000000,96.000000,95.500000,95.500000,95.500000,5.0,1427.2863,1309.7925,5211.2546,5328.7484,PENDING_AG03,FALSE,NOT_FOR_ENFORCEMENT,6372.9992,364446.1036,6638.5409,6372.9992,265.5416,0.01632659,0.01567352,265.5416,6372.9992,0.01567352,265.5416,265.5416,298.7343,298.7343,298.7343,6372.9992,0.01567352,1427.2863,1309.7925,5211.2546,5328.7484,0.01281637,0.01310533,0.00065306,46.6616,168.5752,2.9478,99.0827,12.5730,6068.7939,33.6119,44.8794,47.4773,8.4329,14.3073,34.3462,193.1745,204.3903,207.7145,14.3073,-10.2195,14.285714,14.518058,3.261379,29,153,76,7,0.30198559,0.01632659,0.04432358,0E-8,0.000000,0.933652,0.003213,-0.04010948,2026-03-22,2026-08-05,67,528,415,137,0.489051,0.945283,0.961806,1.006619,,,,,,,,GLOBAL_BASELINE_NO_ENTITY_RANKING,,,NOT_APPLICABLE_GLOBAL_BASELINE,HF9g-P5,,,,X 全窗基线 · 不参与实体赏罚,14192540,1420,A168_HF9F_20260827_0900,2026-08-27 09:00:00
2026-07-13,129130207,772,0,2035.7274250909,809.3856027473,809.3856027473,0.7000000,40,10,0.41526475911592567,0.184311250000,1.8272545378368452,4.205808541107109,1.8272545378368452,0.23095350911592567,ELIGIBLE,R03b_20260811_FULL_v1,L1_ELIGIBILITY,v2026-08-11,2026-03-21..2026-08-06,baccarat_bet02_101_all_pairs_incl_sentinel,round_win = game_pnl > 0 (decisive only),COMPATIBILITY_ONLY_NOT_PRODUCTION,406609.1881,379631.3579,6638.5409,8714,2252,-0.01632659,-0.04432358,-0.00421410,-0.01632659,-6638.5409,406609.1881,OK,0.0000,265.5416,4.0000,96.0000,AG03-UNRESOLVED,ALL5_LEVELS_bet23_to_bet27,265.5416,265.5416,298.7343,298.7343,298.7343,4.000000,4.000000,4.500000,4.500000,4.500000,96.000000,96.000000,95.500000,95.500000,95.500000,5.0,1427.2863,1309.7925,5211.2546,5328.7484,PENDING_AG03,FALSE,NOT_FOR_ENFORCEMENT,6372.9992,364446.1036,6638.5409,6372.9992,265.5416,0.01632659,0.01567352,265.5416,6372.9992,0.01567352,265.5416,265.5416,298.7343,298.7343,298.7343,6372.9992,0.01567352,1427.2863,1309.7925,5211.2546,5328.7484,0.01281637,0.01310533,0.00065306,46.6616,168.5752,2.9478,99.0827,12.5730,6068.7939,33.6119,44.8794,47.4773,8.4329,14.3073,34.3462,193.1745,204.3903,207.7145,14.3073,-10.2195,14.285714,14.518058,3.261379,29,153,76,7,0.30198559,0.01632659,0.04432358,0E-8,0.000000,0.933652,0.003213,-0.04010948,2026-03-22,2026-08-05,67,528,415,137,0.489051,0.945283,0.961806,1.006619,,,,,,,,GLOBAL_BASELINE_NO_ENTITY_RANKING,,,NOT_APPLICABLE_GLOBAL_BASELINE,HF9g-P5,,,,X 全窗基线 · 不参与实体赏罚,14192541,1420,A168_HF9F_20260827_0900,2026-08-27 09:00:00
2026-07-14,129130207,-1,1,120.5902791972,-44.8636716674,-44.8636716674,0.3333333,3,3,0.50665070000000000,0.506650700000,-0.6004420894325239,-0.6004420894325239,-0.6004420894325239,0E-17,SENTINEL_DEALER,R03b_20260811_FULL_v1,L1_ELIGIBILITY,v2026-08-11,2026-03-21..2026-08-06,baccarat_bet02_101_all_pairs_incl_sentinel,round_win = game_pnl > 0 (decisive only),COMPATIBILITY_ONLY_NOT_PRODUCTION,406609.1881,379631.3579,6638.5409,8714,2252,-0.01632659,-0.04432358,-0.00421410,-0.01632659,-6638.5409,406609.1881,OK,0.0000,265.5416,4.0000,96.0000,AG03-UNRESOLVED,ALL5_LEVELS_bet23_to_bet27,265.5416,265.5416,298.7343,298.7343,298.7343,4.000000,4.000000,4.500000,4.500000,4.500000,96.000000,96.000000,95.500000,95.500000,95.500000,5.0,1427.2863,1309.7925,5211.2546,5328.7484,PENDING_AG03,FALSE,NOT_FOR_ENFORCEMENT,6372.9992,364446.1036,6638.5409,6372.9992,265.5416,0.01632659,0.01567352,265.5416,6372.9992,0.01567352,265.5416,265.5416,298.7343,298.7343,298.7343,6372.9992,0.01567352,1427.2863,1309.7925,5211.2546,5328.7484,0.01281637,0.01310533,0.00065306,46.6616,168.5752,2.9478,99.0827,12.5730,6068.7939,33.6119,44.8794,47.4773,8.4329,14.3073,34.3462,193.1745,204.3903,207.7145,14.3073,-10.2195,14.285714,14.518058,3.261379,29,153,76,7,0.30198559,0.01632659,0.04432358,0E-8,0.000000,0.933652,0.003213,-0.04010948,2026-03-22,2026-08-05,67,528,415,137,0.489051,0.945283,0.961806,1.006619,,,,,,,,GLOBAL_BASELINE_NO_ENTITY_RANKING,,,NOT_APPLICABLE_GLOBAL_BASELINE,HF9g-P5,,,,X 全窗基线 · 不参与实体赏罚,14192542,1420,A168_HF9F_20260827_0900,2026-08-27 09:00:00
2026-07-14,129130207,1205,0,355.6391284799,274.4961779012,274.4961779012,1.0000000,16,4,0.43798218711101823,0.187662550000,2.2655664876689325,4.161112204114848,2.2655664876689325,0.25031963711101823,ELIGIBLE,R03b_20260811_FULL_v1,L1_ELIGIBILITY,v2026-08-11,2026-03-21..2026-08-06,baccarat_bet02_101_all_pairs_incl_sentinel,round_win = game_pnl > 0 (decisive only),COMPATIBILITY_ONLY_NOT_PRODUCTION,406609.1881,379631.3579,6638.5409,8714,2252,-0.01632659,-0.04432358,-0.00421410,-0.01632659,-6638.5409,406609.1881,OK,0.0000,265.5416,4.0000,96.0000,AG03-UNRESOLVED,ALL5_LEVELS_bet23_to_bet27,265.5416,265.5416,298.7343,298.7343,298.7343,4.000000,4.000000,4.500000,4.500000,4.500000,96.000000,96.000000,95.500000,95.500000,95.500000,5.0,1427.2863,1309.7925,5211.2546,5328.7484,PENDING_AG03,FALSE,NOT_FOR_ENFORCEMENT,6372.9992,364446.1036,6638.5409,6372.9992,265.5416,0.01632659,0.01567352,265.5416,6372.9992,0.01567352,265.5416,265.5416,298.7343,298.7343,298.7343,6372.9992,0.01567352,1427.2863,1309.7925,5211.2546,5328.7484,0.01281637,0.01310533,0.00065306,46.6616,168.5752,2.9478,99.0827,12.5730,6068.7939,33.6119,44.8794,47.4773,8.4329,14.3073,34.3462,193.1745,204.3903,207.7145,14.3073,-10.2195,14.285714,14.518058,3.261379,29,153,76,7,0.30198559,0.01632659,0.04432358,0E-8,0.000000,0.933652,0.003213,-0.04010948,2026-03-22,2026-08-05,67,528,415,137,0.489051,0.945283,0.961806,1.006619,,,,,,,,GLOBAL_BASELINE_NO_ENTITY_RANKING,,,NOT_APPLICABLE_GLOBAL_BASELINE,HF9g-P5,,,,X 全窗基线 · 不参与实体赏罚,14192543,1420,A168_HF9F_20260827_0900,2026-08-27 09:00:00
2026-07-14,129130207,1221,0,639.3328700491,114.9286677834,114.9286677834,0.7777778,35,9,0.43104206327558685,0.191109207407,2.100486649073574,4.476394210942976,2.100486649073574,0.23993285586858685,ELIGIBLE,R03b_20260811_FULL_v1,L1_ELIGIBILITY,v2026-08-11,2026-03-21..2026-08-06,baccarat_bet02_101_all_pairs_incl_sentinel,round_win = game_pnl > 0 (decisive only),COMPATIBILITY_ONLY_NOT_PRODUCTION,406609.1881,379631.3579,6638.5409,8714,2252,-0.01632659,-0.04432358,-0.00421410,-0.01632659,-6638.5409,406609.1881,OK,0.0000,265.5416,4.0000,96.0000,AG03-UNRESOLVED,ALL5_LEVELS_bet23_to_bet27,265.5416,265.5416,298.7343,298.7343,298.7343,4.000000,4.000000,4.500000,4.500000,4.500000,96.000000,96.000000,95.500000,95.500000,95.500000,5.0,1427.2863,1309.7925,5211.2546,5328.7484,PENDING_AG03,FALSE,NOT_FOR_ENFORCEMENT,6372.9992,364446.1036,6638.5409,6372.9992,265.5416,0.01632659,0.01567352,265.5416,6372.9992,0.01567352,265.5416,265.5416,298.7343,298.7343,298.7343,6372.9992,0.01567352,1427.2863,1309.7925,5211.2546,5328.7484,0.01281637,0.01310533,0.00065306,46.6616,168.5752,2.9478,99.0827,12.5730,6068.7939,33.6119,44.8794,47.4773,8.4329,14.3073,34.3462,193.1745,204.3903,207.7145,14.3073,-10.2195,14.285714,14.518058,3.261379,29,153,76,7,0.30198559,0.01632659,0.04432358,0E-8,0.000000,0.933652,0.003213,-0.04010948,2026-03-22,2026-08-05,67,528,415,137,0.489051,0.945283,0.961806,1.006619,,,,,,,,GLOBAL_BASELINE_NO_ENTITY_RANKING,,,NOT_APPLICABLE_GLOBAL_BASELINE,HF9g-P5,,,,X 全窗基线 · 不参与实体赏罚,14192544,1420,A168_HF9F_20260827_0900,2026-08-27 09:00:00
2026-07-14,129130207,1318,0,95.0414912317,-34.8587663002,-34.8587663002,0.5000000,6,2,0.43915458327932643,0.244144650000,0.17338541820131428,0.8422995114339592,0.17338541820131428,0.19500993327932643,ELIGIBLE,R03b_20260811_FULL_v1,L1_ELIGIBILITY,v2026-08-11,2026-03-21..2026-08-06,baccarat_bet02_101_all_pairs_incl_sentinel,round_win = game_pnl > 0 (decisive only),COMPATIBILITY_ONLY_NOT_PRODUCTION,406609.1881,379631.3579,6638.5409,8714,2252,-0.01632659,-0.04432358,-0.00421410,-0.01632659,-6638.5409,406609.1881,OK,0.0000,265.5416,4.0000,96.0000,AG03-UNRESOLVED,ALL5_LEVELS_bet23_to_bet27,265.5416,265.5416,298.7343,298.7343,298.7343,4.000000,4.000000,4.500000,4.500000,4.500000,96.000000,96.000000,95.500000,95.500000,95.500000,5.0,1427.2863,1309.7925,5211.2546,5328.7484,PENDING_AG03,FALSE,NOT_FOR_ENFORCEMENT,6372.9992,364446.1036,6638.5409,6372.9992,265.5416,0.01632659,0.01567352,265.5416,6372.9992,0.01567352,265.5416,265.5416,298.7343,298.7343,298.7343,6372.9992,0.01567352,1427.2863,1309.7925,5211.2546,5328.7484,0.01281637,0.01310533,0.00065306,46.6616,168.5752,2.9478,99.0827,12.5730,6068.7939,33.6119,44.8794,47.4773,8.4329,14.3073,34.3462,193.1745,204.3903,207.7145,14.3073,-10.2195,14.285714,14.518058,3.261379,29,153,76,7,0.30198559,0.01632659,0.04432358,0E-8,0.000000,0.933652,0.003213,-0.04010948,2026-03-22,2026-08-05,67,528,415,137,0.489051,0.945283,0.961806,1.006619,,,,,,,,GLOBAL_BASELINE_NO_ENTITY_RANKING,,,NOT_APPLICABLE_GLOBAL_BASELINE,HF9g-P5,,,,X 全窗基线 · 不参与实体赏罚,14192545,1420,A168_HF9F_20260827_0900,2026-08-27 09:00:00
2026-07-14,129130207,1509,0,138.9854065324,18.3951273351,18.3951273351,0.6666667,7,3,0.46144766666648800,0.331646666667,0.7130221334421607,1.2325100923002135,0.7130221334421607,0.12980099999948800,ELIGIBLE,R03b_20260811_FULL_v1,L1_ELIGIBILITY,v2026-08-11,2026-03-21..2026-08-06,baccarat_bet02_101_all_pairs_incl_sentinel,round_win = game_pnl > 0 (decisive only),COMPATIBILITY_ONLY_NOT_PRODUCTION,406609.1881,379631.3579,6638.5409,8714,2252,-0.01632659,-0.04432358,-0.00421410,-0.01632659,-6638.5409,406609.1881,OK,0.0000,265.5416,4.0000,96.0000,AG03-UNRESOLVED,ALL5_LEVELS_bet23_to_bet27,265.5416,265.5416,298.7343,298.7343,298.7343,4.000000,4.000000,4.500000,4.500000,4.500000,96.000000,96.000000,95.500000,95.500000,95.500000,5.0,1427.2863,1309.7925,5211.2546,5328.7484,PENDING_AG03,FALSE,NOT_FOR_ENFORCEMENT,6372.9992,364446.1036,6638.5409,6372.9992,265.5416,0.01632659,0.01567352,265.5416,6372.9992,0.01567352,265.5416,265.5416,298.7343,298.7343,298.7343,6372.9992,0.01567352,1427.2863,1309.7925,5211.2546,5328.7484,0.01281637,0.01310533,0.00065306,46.6616,168.5752,2.9478,99.0827,12.5730,6068.7939,33.6119,44.8794,47.4773,8.4329,14.3073,34.3462,193.1745,204.3903,207.7145,14.3073,-10.2195,14.285714,14.518058,3.261379,29,153,76,7,0.30198559,0.01632659,0.04432358,0E-8,0.000000,0.933652,0.003213,-0.04010948,2026-03-22,2026-08-05,67,528,415,137,0.489051,0.945283,0.961806,1.006619,,,,,,,,GLOBAL_BASELINE_NO_ENTITY_RANKING,,,NOT_APPLICABLE_GLOBAL_BASELINE,HF9g-P5,,,,X 全窗基线 · 不参与实体赏罚,14192546,1420,A168_HF9F_20260827_0900,2026-08-27 09:00:00
2026-07-14,129130207,529,0,863.9578138415,-103.4214936845,-103.4214936845,0.5833333,46,13,0.43704659863830262,0.236737650000,1.0216343179342857,2.8245104531105416,1.0216343179342857,0.20030894863830262,ELIGIBLE,R03b_20260811_FULL_v1,L1_ELIGIBILITY,v2026-08-11,2026-03-21..2026-08-06,baccarat_bet02_101_all_pairs_incl_sentinel,round_win = game_pnl > 0 (decisive only),COMPATIBILITY_ONLY_NOT_PRODUCTION,406609.1881,379631.3579,6638.5409,8714,2252,-0.01632659,-0.04432358,-0.00421410,-0.01632659,-6638.5409,406609.1881,OK,0.0000,265.5416,4.0000,96.0000,AG03-UNRESOLVED,ALL5_LEVELS_bet23_to_bet27,265.5416,265.5416,298.7343,298.7343,298.7343,4.000000,4.000000,4.500000,4.500000,4.500000,96.000000,96.000000,95.500000,95.500000,95.500000,5.0,1427.2863,1309.7925,5211.2546,5328.7484,PENDING_AG03,FALSE,NOT_FOR_ENFORCEMENT,6372.9992,364446.1036,6638.5409,6372.9992,265.5416,0.01632659,0.01567352,265.5416,6372.9992,0.01567352,265.5416,265.5416,298.7343,298.7343,298.7343,6372.9992,0.01567352,1427.2863,1309.7925,5211.2546,5328.7484,0.01281637,0.01310533,0.00065306,46.6616,168.5752,2.9478,99.0827,12.5730,6068.7939,33.6119,44.8794,47.4773,8.4329,14.3073,34.3462,193.1745,204.3903,207.7145,14.3073,-10.2195,14.285714,14.518058,3.261379,29,153,76,7,0.30198559,0.01632659,0.04432358,0E-8,0.000000,0.933652,0.003213,-0.04010948,2026-03-22,2026-08-05,67,528,415,137,0.489051,0.945283,0.961806,1.006619,,,,,,,,GLOBAL_BASELINE_NO_ENTITY_RANKING,,,NOT_APPLICABLE_GLOBAL_BASELINE,HF9g-P5,,,,X 全窗基线 · 不参与实体赏罚,14192547,1420,A168_HF9F_20260827_0900,2026-08-27 09:00:00
2026-07-15,129130207,-1,1,406.7367044110,-327.0244859586,-327.0244859586,0.2500000,12,4,0.45579526291646571,0.275984441667,-0.8264171228146606,-0.11625914796791455,-0.8264171228146606,0.17981082124946571,SENTINEL_DEALER,R03b_20260811_FULL_v1,L1_ELIGIBILITY,v2026-08-11,2026-03-21..2026-08-06,baccarat_bet02_101_all_pairs_incl_sentinel,round_win = game_pnl > 0 (decisive only),COMPATIBILITY_ONLY_NOT_PRODUCTION,406609.1881,379631.3579,6638.5409,8714,2252,-0.01632659,-0.04432358,-0.00421410,-0.01632659,-6638.5409,406609.1881,OK,0.0000,265.5416,4.0000,96.0000,AG03-UNRESOLVED,ALL5_LEVELS_bet23_to_bet27,265.5416,265.5416,298.7343,298.7343,298.7343,4.000000,4.000000,4.500000,4.500000,4.500000,96.000000,96.000000,95.500000,95.500000,95.500000,5.0,1427.2863,1309.7925,5211.2546,5328.7484,PENDING_AG03,FALSE,NOT_FOR_ENFORCEMENT,6372.9992,364446.1036,6638.5409,6372.9992,265.5416,0.01632659,0.01567352,265.5416,6372.9992,0.01567352,265.5416,265.5416,298.7343,298.7343,298.7343,6372.9992,0.01567352,1427.2863,1309.7925,5211.2546,5328.7484,0.01281637,0.01310533,0.00065306,46.6616,168.5752,2.9478,99.0827,12.5730,6068.7939,33.6119,44.8794,47.4773,8.4329,14.3073,34.3462,193.1745,204.3903,207.7145,14.3073,-10.2195,14.285714,14.518058,3.261379,29,153,76,7,0.30198559,0.01632659,0.04432358,0E-8,0.000000,0.933652,0.003213,-0.04010948,2026-03-22,2026-08-05,67,528,415,137,0.489051,0.945283,0.961806,1.006619,,,,,,,,GLOBAL_BASELINE_NO_ENTITY_RANKING,,,NOT_APPLICABLE_GLOBAL_BASELINE,HF9g-P5,,,,X 全窗基线 · 不参与实体赏罚,14192548,1420,A168_HF9F_20260827_0900,2026-08-27 09:00:00
2026-07-15,129130207,2155,0,271.0215427384,-81.2758042762,-81.2758042762,0.4000000,17,5,0.43762391762823643,0.251460180000,-0.16958407670607595,0.7655716280980137,-0.16958407670607595,0.18616373762823643,ELIGIBLE,R03b_20260811_FULL_v1,L1_ELIGIBILITY,v2026-08-11,2026-03-21..2026-08-06,baccarat_bet02_101_all_pairs_incl_sentinel,round_win = game_pnl > 0 (decisive only),COMPATIBILITY_ONLY_NOT_PRODUCTION,406609.1881,379631.3579,6638.5409,8714,2252,-0.01632659,-0.04432358,-0.00421410,-0.01632659,-6638.5409,406609.1881,OK,0.0000,265.5416,4.0000,96.0000,AG03-UNRESOLVED,ALL5_LEVELS_bet23_to_bet27,265.5416,265.5416,298.7343,298.7343,298.7343,4.000000,4.000000,4.500000,4.500000,4.500000,96.000000,96.000000,95.500000,95.500000,95.500000,5.0,1427.2863,1309.7925,5211.2546,5328.7484,PENDING_AG03,FALSE,NOT_FOR_ENFORCEMENT,6372.9992,364446.1036,6638.5409,6372.9992,265.5416,0.01632659,0.01567352,265.5416,6372.9992,0.01567352,265.5416,265.5416,298.7343,298.7343,298.7343,6372.9992,0.01567352,1427.2863,1309.7925,5211.2546,5328.7484,0.01281637,0.01310533,0.00065306,46.6616,168.5752,2.9478,99.0827,12.5730,6068.7939,33.6119,44.8794,47.4773,8.4329,14.3073,34.3462,193.1745,204.3903,207.7145,14.3073,-10.2195,14.285714,14.518058,3.261379,29,153,76,7,0.30198559,0.01632659,0.04432358,0E-8,0.000000,0.933652,0.003213,-0.04010948,2026-03-22,2026-08-05,67,528,415,137,0.489051,0.945283,0.961806,1.006619,,,,,,,,GLOBAL_BASELINE_NO_ENTITY_RANKING,,,NOT_APPLICABLE_GLOBAL_BASELINE,HF9g-P5,,,,X 全窗基线 · 不参与实体赏罚,14192549,1420,A168_HF9F_20260827_0900,2026-08-27 09:00:00
2026-07-15,129130207,2242,0,165.9649266238,-20.8580304949,-20.8580304949,0.5000000,10,4,0.44872768539310119,0.347156625000,0.2061761355850324,0.6421099285511034,0.2061761355850324,0.10157106039310119,ELIGIBLE,R03b_20260811_FULL_v1,L1_ELIGIBILITY,v2026-08-11,2026-03-21..2026-08-06,baccarat_bet02_101_all_pairs_incl_sentinel,round_win = game_pnl > 0 (decisive only),COMPATIBILITY_ONLY_NOT_PRODUCTION,406609.1881,379631.3579,6638.5409,8714,2252,-0.01632659,-0.04432358,-0.00421410,-0.01632659,-6638.5409,406609.1881,OK,0.0000,265.5416,4.0000,96.0000,AG03-UNRESOLVED,ALL5_LEVELS_bet23_to_bet27,265.5416,265.5416,298.7343,298.7343,298.7343,4.000000,4.000000,4.500000,4.500000,4.500000,96.000000,96.000000,95.500000,95.500000,95.500000,5.0,1427.2863,1309.7925,5211.2546,5328.7484,PENDING_AG03,FALSE,NOT_FOR_ENFORCEMENT,6372.9992,364446.1036,6638.5409,6372.9992,265.5416,0.01632659,0.01567352,265.5416,6372.9992,0.01567352,265.5416,265.5416,298.7343,298.7343,298.7343,6372.9992,0.01567352,1427.2863,1309.7925,5211.2546,5328.7484,0.01281637,0.01310533,0.00065306,46.6616,168.5752,2.9478,99.0827,12.5730,6068.7939,33.6119,44.8794,47.4773,8.4329,14.3073,34.3462,193.1745,204.3903,207.7145,14.3073,-10.2195,14.285714,14.518058,3.261379,29,153,76,7,0.30198559,0.01632659,0.04432358,0E-8,0.000000,0.933652,0.003213,-0.04010948,2026-03-22,2026-08-05,67,528,415,137,0.489051,0.945283,0.961806,1.006619,,,,,,,,GLOBAL_BASELINE_NO_ENTITY_RANKING,,,NOT_APPLICABLE_GLOBAL_BASELINE,HF9g-P5,,,,X 全窗基线 · 不参与实体赏罚,14192550,1420,A168_HF9F_20260827_0900,2026-08-27 09:00:00
2026-07-15,129130207,986,0,694.9270326618,122.6341822344,122.6341822344,0.6666667,24,6,0.42172413600601758,0.184311250000,1.2149490451516247,3.0472257283623367,1.2149490451516247,0.23741288600601758,ELIGIBLE,R03b_20260811_FULL_v1,L1_ELIGIBILITY,v2026-08-11,2026-03-21..2026-08-06,baccarat_bet02_101_all_pairs_incl_sentinel,round_win = game_pnl > 0 (decisive only),COMPATIBILITY_ONLY_NOT_PRODUCTION,406609.1881,379631.3579,6638.5409,8714,2252,-0.01632659,-0.04432358,-0.00421410,-0.01632659,-6638.5409,406609.1881,OK,0.0000,265.5416,4.0000,96.0000,AG03-UNRESOLVED,ALL5_LEVELS_bet23_to_bet27,265.5416,265.5416,298.7343,298.7343,298.7343,4.000000,4.000000,4.500000,4.500000,4.500000,96.000000,96.000000,95.500000,95.500000,95.500000,5.0,1427.2863,1309.7925,5211.2546,5328.7484,PENDING_AG03,FALSE,NOT_FOR_ENFORCEMENT,6372.9992,364446.1036,6638.5409,6372.9992,265.5416,0.01632659,0.01567352,265.5416,6372.9992,0.01567352,265.5416,265.5416,298.7343,298.7343,298.7343,6372.9992,0.01567352,1427.2863,1309.7925,5211.2546,5328.7484,0.01281637,0.01310533,0.00065306,46.6616,168.5752,2.9478,99.0827,12.5730,6068.7939,33.6119,44.8794,47.4773,8.4329,14.3073,34.3462,193.1745,204.3903,207.7145,14.3073,-10.2195,14.285714,14.518058,3.261379,29,153,76,7,0.30198559,0.01632659,0.04432358,0E-8,0.000000,0.933652,0.003213,-0.04010948,2026-03-22,2026-08-05,67,528,415,137,0.489051,0.945283,0.961806,1.006619,,,,,,,,GLOBAL_BASELINE_NO_ENTITY_RANKING,,,NOT_APPLICABLE_GLOBAL_BASELINE,HF9g-P5,,,,X 全窗基线 · 不参与实体赏罚,14192551,1420,A168_HF9F_20260827_0900,2026-08-27 09:00:00
2026-07-16,129130207,-1,1,2296.1206720356,-651.9028737278,-651.9028737278,0.3846154,49,13,0.44003773009818890,0.212200100000,-0.4025614992427621,1.5204308982510337,-0.4025614992427621,0.22783763009818890,SENTINEL_DEALER,R03b_20260811_FULL_v1,L1_ELIGIBILITY,v2026-08-11,2026-03-21..2026-08-06,baccarat_bet02_101_all_pairs_incl_sentinel,round_win = game_pnl > 0 (decisive only),COMPATIBILITY_ONLY_NOT_PRODUCTION,406609.1881,379631.3579,6638.5409,8714,2252,-0.01632659,-0.04432358,-0.00421410,-0.01632659,-6638.5409,406609.1881,OK,0.0000,265.5416,4.0000,96.0000,AG03-UNRESOLVED,ALL5_LEVELS_bet23_to_bet27,265.5416,265.5416,298.7343,298.7343,298.7343,4.000000,4.000000,4.500000,4.500000,4.500000,96.000000,96.000000,95.500000,95.500000,95.500000,5.0,1427.2863,1309.7925,5211.2546,5328.7484,PENDING_AG03,FALSE,NOT_FOR_ENFORCEMENT,6372.9992,364446.1036,6638.5409,6372.9992,265.5416,0.01632659,0.01567352,265.5416,6372.9992,0.01567352,265.5416,265.5416,298.7343,298.7343,298.7343,6372.9992,0.01567352,1427.2863,1309.7925,5211.2546,5328.7484,0.01281637,0.01310533,0.00065306,46.6616,168.5752,2.9478,99.0827,12.5730,6068.7939,33.6119,44.8794,47.4773,8.4329,14.3073,34.3462,193.1745,204.3903,207.7145,14.3073,-10.2195,14.285714,14.518058,3.261379,29,153,76,7,0.30198559,0.01632659,0.04432358,0E-8,0.000000,0.933652,0.003213,-0.04010948,2026-03-22,2026-08-05,67,528,415,137,0.489051,0.945283,0.961806,1.006619,,,,,,,,GLOBAL_BASELINE_NO_ENTITY_RANKING,,,NOT_APPLICABLE_GLOBAL_BASELINE,HF9g-P5,,,,X 全窗基线 · 不参与实体赏罚,14192552,1420,A168_HF9F_20260827_0900,2026-08-27 09:00:00
2026-07-16,129130207,1490,0,324.7761926177,-153.3949229451,-153.3949229451,0.3333333,12,3,0.42797712199330066,0.187662550000,-0.3313109334882731,0.6462135179418145,-0.3313109334882731,0.24031457199330066,ELIGIBLE,R03b_20260811_FULL_v1,L1_ELIGIBILITY,v2026-08-11,2026-03-21..2026-08-06,baccarat_bet02_101_all_pairs_incl_sentinel,round_win = game_pnl > 0 (decisive only),COMPATIBILITY_ONLY_NOT_PRODUCTION,406609.1881,379631.3579,6638.5409,8714,2252,-0.01632659,-0.04432358,-0.00421410,-0.01632659,-6638.5409,406609.1881,OK,0.0000,265.5416,4.0000,96.0000,AG03-UNRESOLVED,ALL5_LEVELS_bet23_to_bet27,265.5416,265.5416,298.7343,298.7343,298.7343,4.000000,4.000000,4.500000,4.500000,4.500000,96.000000,96.000000,95.500000,95.500000,95.500000,5.0,1427.2863,1309.7925,5211.2546,5328.7484,PENDING_AG03,FALSE,NOT_FOR_ENFORCEMENT,6372.9992,364446.1036,6638.5409,6372.9992,265.5416,0.01632659,0.01567352,265.5416,6372.9992,0.01567352,265.5416,265.5416,298.7343,298.7343,298.7343,6372.9992,0.01567352,1427.2863,1309.7925,5211.2546,5328.7484,0.01281637,0.01310533,0.00065306,46.6616,168.5752,2.9478,99.0827,12.5730,6068.7939,33.6119,44.8794,47.4773,8.4329,14.3073,34.3462,193.1745,204.3903,207.7145,14.3073,-10.2195,14.285714,14.518058,3.261379,29,153,76,7,0.30198559,0.01632659,0.04432358,0E-8,0.000000,0.933652,0.003213,-0.04010948,2026-03-22,2026-08-05,67,528,415,137,0.489051,0.945283,0.961806,1.006619,,,,,,,,GLOBAL_BASELINE_NO_ENTITY_RANKING,,,NOT_APPLICABLE_GLOBAL_BASELINE,HF9g-P5,,,,X 全窗基线 · 不参与实体赏罚,14192553,1420,A168_HF9F_20260827_0900,2026-08-27 09:00:00
2026-07-16,129130207,2212,0,1859.9517638884,766.4636389650,766.4636389650,0.8571429,28,7,0.40850050000000000,0.187662550000,2.4147701937141752,4.536592624532326,2.4147701937141752,0.22083795000000000,ELIGIBLE,R03b_20260811_FULL_v1,L1_ELIGIBILITY,v2026-08-11,2026-03-21..2026-08-06,baccarat_bet02_101_all_pairs_incl_sentinel,round_win = game_pnl > 0 (decisive only),COMPATIBILITY_ONLY_NOT_PRODUCTION,406609.1881,379631.3579,6638.5409,8714,2252,-0.01632659,-0.04432358,-0.00421410,-0.01632659,-6638.5409,406609.1881,OK,0.0000,265.5416,4.0000,96.0000,AG03-UNRESOLVED,ALL5_LEVELS_bet23_to_bet27,265.5416,265.5416,298.7343,298.7343,298.7343,4.000000,4.000000,4.500000,4.500000,4.500000,96.000000,96.000000,95.500000,95.500000,95.500000,5.0,1427.2863,1309.7925,5211.2546,5328.7484,PENDING_AG03,FALSE,NOT_FOR_ENFORCEMENT,6372.9992,364446.1036,6638.5409,6372.9992,265.5416,0.01632659,0.01567352,265.5416,6372.9992,0.01567352,265.5416,265.5416,298.7343,298.7343,298.7343,6372.9992,0.01567352,1427.2863,1309.7925,5211.2546,5328.7484,0.01281637,0.01310533,0.00065306,46.6616,168.5752,2.9478,99.0827,12.5730,6068.7939,33.6119,44.8794,47.4773,8.4329,14.3073,34.3462,193.1745,204.3903,207.7145,14.3073,-10.2195,14.285714,14.518058,3.261379,29,153,76,7,0.30198559,0.01632659,0.04432358,0E-8,0.000000,0.933652,0.003213,-0.04010948,2026-03-22,2026-08-05,67,528,415,137,0.489051,0.945283,0.961806,1.006619,,,,,,,,GLOBAL_BASELINE_NO_ENTITY_RANKING,,,NOT_APPLICABLE_GLOBAL_BASELINE,HF9g-P5,,,,X 全窗基线 · 不参与实体赏罚,14192554,1420,A168_HF9F_20260827_0900,2026-08-27 09:00:00
2026-07-16,129130207,2239,0,179.8634672771,-179.8634672771,-179.8634672771,0E-7,4,1,0.43415339318181012,0.187662550000,-0.8759357300072615,-0.48064072822218945,-0.8759357300072615,0.24649084318181012,ELIGIBLE,R03b_20260811_FULL_v1,L1_ELIGIBILITY,v2026-08-11,2026-03-21..2026-08-06,baccarat_bet02_101_all_pairs_incl_sentinel,round_win = game_pnl > 0 (decisive only),COMPATIBILITY_ONLY_NOT_PRODUCTION,406609.1881,379631.3579,6638.5409,8714,2252,-0.01632659,-0.04432358,-0.00421410,-0.01632659,-6638.5409,406609.1881,OK,0.0000,265.5416,4.0000,96.0000,AG03-UNRESOLVED,ALL5_LEVELS_bet23_to_bet27,265.5416,265.5416,298.7343,298.7343,298.7343,4.000000,4.000000,4.500000,4.500000,4.500000,96.000000,96.000000,95.500000,95.500000,95.500000,5.0,1427.2863,1309.7925,5211.2546,5328.7484,PENDING_AG03,FALSE,NOT_FOR_ENFORCEMENT,6372.9992,364446.1036,6638.5409,6372.9992,265.5416,0.01632659,0.01567352,265.5416,6372.9992,0.01567352,265.5416,265.5416,298.7343,298.7343,298.7343,6372.9992,0.01567352,1427.2863,1309.7925,5211.2546,5328.7484,0.01281637,0.01310533,0.00065306,46.6616,168.5752,2.9478,99.0827,12.5730,6068.7939,33.6119,44.8794,47.4773,8.4329,14.3073,34.3462,193.1745,204.3903,207.7145,14.3073,-10.2195,14.285714,14.518058,3.261379,29,153,76,7,0.30198559,0.01632659,0.04432358,0E-8,0.000000,0.933652,0.003213,-0.04010948,2026-03-22,2026-08-05,67,528,415,137,0.489051,0.945283,0.961806,1.006619,,,,,,,,GLOBAL_BASELINE_NO_ENTITY_RANKING,,,NOT_APPLICABLE_GLOBAL_BASELINE,HF9g-P5,,,,X 全窗基线 · 不参与实体赏罚,14192555,1420,A168_HF9F_20260827_0900,2026-08-27 09:00:00
2026-07-16,129130207,789,0,2154.2738012507,1261.0881739773,1261.0881739773,0.8888889,36,9,0.42166510970857732,0.184311250000,2.83839388324336,5.451448982532537,2.83839388324336,0.23735385970857732,ELIGIBLE,R03b_20260811_FULL_v1,L1_ELIGIBILITY,v2026-08-11,2026-03-21..2026-08-06,baccarat_bet02_101_all_pairs_incl_sentinel,round_win = game_pnl > 0 (decisive only),COMPATIBILITY_ONLY_NOT_PRODUCTION,406609.1881,379631.3579,6638.5409,8714,2252,-0.01632659,-0.04432358,-0.00421410,-0.01632659,-6638.5409,406609.1881,OK,0.0000,265.5416,4.0000,96.0000,AG03-UNRESOLVED,ALL5_LEVELS_bet23_to_bet27,265.5416,265.5416,298.7343,298.7343,298.7343,4.000000,4.000000,4.500000,4.500000,4.500000,96.000000,96.000000,95.500000,95.500000,95.500000,5.0,1427.2863,1309.7925,5211.2546,5328.7484,PENDING_AG03,FALSE,NOT_FOR_ENFORCEMENT,6372.9992,364446.1036,6638.5409,6372.9992,265.5416,0.01632659,0.01567352,265.5416,6372.9992,0.01567352,265.5416,265.5416,298.7343,298.7343,298.7343,6372.9992,0.01567352,1427.2863,1309.7925,5211.2546,5328.7484,0.01281637,0.01310533,0.00065306,46.6616,168.5752,2.9478,99.0827,12.5730,6068.7939,33.6119,44.8794,47.4773,8.4329,14.3073,34.3462,193.1745,204.3903,207.7145,14.3073,-10.2195,14.285714,14.518058,3.261379,29,153,76,7,0.30198559,0.01632659,0.04432358,0E-8,0.000000,0.933652,0.003213,-0.04010948,2026-03-22,2026-08-05,67,528,415,137,0.489051,0.945283,0.961806,1.006619,,,,,,,,GLOBAL_BASELINE_NO_ENTITY_RANKING,,,NOT_APPLICABLE_GLOBAL_BASELINE,HF9g-P5,,,,X 全窗基线 · 不参与实体赏罚,14192556,1420,A168_HF9F_20260827_0900,2026-08-27 09:00:00
2026-07-17,129130207,-1,1,7259.5348076687,-146.2412623140,-146.2412623140,0.5555556,138,36,0.42550575156946794,0.205291022222,1.578212185855267,5.203054517117935,1.578212185855267,0.22021472934746794,SENTINEL_DEALER,R03b_20260811_FULL_v1,L1_ELIGIBILITY,v2026-08-11,2026-03-21..2026-08-06,baccarat_bet02_101_all_pairs_incl_sentinel,round_win = game_pnl > 0 (decisive only),COMPATIBILITY_ONLY_NOT_PRODUCTION,406609.1881,379631.3579,6638.5409,8714,2252,-0.01632659,-0.04432358,-0.00421410,-0.01632659,-6638.5409,406609.1881,OK,0.0000,265.5416,4.0000,96.0000,AG03-UNRESOLVED,ALL5_LEVELS_bet23_to_bet27,265.5416,265.5416,298.7343,298.7343,298.7343,4.000000,4.000000,4.500000,4.500000,4.500000,96.000000,96.000000,95.500000,95.500000,95.500000,5.0,1427.2863,1309.7925,5211.2546,5328.7484,PENDING_AG03,FALSE,NOT_FOR_ENFORCEMENT,6372.9992,364446.1036,6638.5409,6372.9992,265.5416,0.01632659,0.01567352,265.5416,6372.9992,0.01567352,265.5416,265.5416,298.7343,298.7343,298.7343,6372.9992,0.01567352,1427.2863,1309.7925,5211.2546,5328.7484,0.01281637,0.01310533,0.00065306,46.6616,168.5752,2.9478,99.0827,12.5730,6068.7939,33.6119,44.8794,47.4773,8.4329,14.3073,34.3462,193.1745,204.3903,207.7145,14.3073,-10.2195,14.285714,14.518058,3.261379,29,153,76,7,0.30198559,0.01632659,0.04432358,0E-8,0.000000,0.933652,0.003213,-0.04010948,2026-03-22,2026-08-05,67,528,415,137,0.489051,0.945283,0.961806,1.006619,,,,,,,,GLOBAL_BASELINE_NO_ENTITY_RANKING,,,NOT_APPLICABLE_GLOBAL_BASELINE,HF9g-P5,,,,X 全窗基线 · 不参与实体赏罚,14192557,1420,A168_HF9F_20260827_0900,2026-08-27 09:00:00
2026-07-17,129130207,1094,0,1476.1067734949,-117.5244246415,-117.5244246415,0.5555556,36,9,0.43281633172041284,0.187662550000,0.7431747553417039,2.826739199132787,0.7431747553417039,0.24515378172041284,ELIGIBLE,R03b_20260811_FULL_v1,L1_ELIGIBILITY,v2026-08-11,2026-03-21..2026-08-06,baccarat_bet02_101_all_pairs_incl_sentinel,round_win = game_pnl > 0 (decisive only),COMPATIBILITY_ONLY_NOT_PRODUCTION,406609.1881,379631.3579,6638.5409,8714,2252,-0.01632659,-0.04432358,-0.00421410,-0.01632659,-6638.5409,406609.1881,OK,0.0000,265.5416,4.0000,96.0000,AG03-UNRESOLVED,ALL5_LEVELS_bet23_to_bet27,265.5416,265.5416,298.7343,298.7343,298.7343,4.000000,4.000000,4.500000,4.500000,4.500000,96.000000,96.000000,95.500000,95.500000,95.500000,5.0,1427.2863,1309.7925,5211.2546,5328.7484,PENDING_AG03,FALSE,NOT_FOR_ENFORCEMENT,6372.9992,364446.1036,6638.5409,6372.9992,265.5416,0.01632659,0.01567352,265.5416,6372.9992,0.01567352,265.5416,265.5416,298.7343,298.7343,298.7343,6372.9992,0.01567352,1427.2863,1309.7925,5211.2546,5328.7484,0.01281637,0.01310533,0.00065306,46.6616,168.5752,2.9478,99.0827,12.5730,6068.7939,33.6119,44.8794,47.4773,8.4329,14.3073,34.3462,193.1745,204.3903,207.7145,14.3073,-10.2195,14.285714,14.518058,3.261379,29,153,76,7,0.30198559,0.01632659,0.04432358,0E-8,0.000000,0.933652,0.003213,-0.04010948,2026-03-22,2026-08-05,67,528,415,137,0.489051,0.945283,0.961806,1.006619,,,,,,,,GLOBAL_BASELINE_NO_ENTITY_RANKING,,,NOT_APPLICABLE_GLOBAL_BASELINE,HF9g-P5,,,,X 全窗基线 · 不参与实体赏罚,14192558,1420,A168_HF9F_20260827_0900,2026-08-27 09:00:00
2026-07-17,129130207,1363,0,40.8780607448,-40.8780607448,-40.8780607448,0E-7,1,1,0.50665070000000000,0.506650700000,-1.013391052207602,-1.013391052207602,-1.013391052207602,0E-17,ELIGIBLE,R03b_20260811_FULL_v1,L1_ELIGIBILITY,v2026-08-11,2026-03-21..2026-08-06,baccarat_bet02_101_all_pairs_incl_sentinel,round_win = game_pnl > 0 (decisive only),COMPATIBILITY_ONLY_NOT_PRODUCTION,406609.1881,379631.3579,6638.5409,8714,2252,-0.01632659,-0.04432358,-0.00421410,-0.01632659,-6638.5409,406609.1881,OK,0.0000,265.5416,4.0000,96.0000,AG03-UNRESOLVED,ALL5_LEVELS_bet23_to_bet27,265.5416,265.5416,298.7343,298.7343,298.7343,4.000000,4.000000,4.500000,4.500000,4.500000,96.000000,96.000000,95.500000,95.500000,95.500000,5.0,1427.2863,1309.7925,5211.2546,5328.7484,PENDING_AG03,FALSE,NOT_FOR_ENFORCEMENT,6372.9992,364446.1036,6638.5409,6372.9992,265.5416,0.01632659,0.01567352,265.5416,6372.9992,0.01567352,265.5416,265.5416,298.7343,298.7343,298.7343,6372.9992,0.01567352,1427.2863,1309.7925,5211.2546,5328.7484,0.01281637,0.01310533,0.00065306,46.6616,168.5752,2.9478,99.0827,12.5730,6068.7939,33.6119,44.8794,47.4773,8.4329,14.3073,34.3462,193.1745,204.3903,207.7145,14.3073,-10.2195,14.285714,14.518058,3.261379,29,153,76,7,0.30198559,0.01632659,0.04432358,0E-8,0.000000,0.933652,0.003213,-0.04010948,2026-03-22,2026-08-05,67,528,415,137,0.489051,0.945283,0.961806,1.006619,,,,,,,,GLOBAL_BASELINE_NO_ENTITY_RANKING,,,NOT_APPLICABLE_GLOBAL_BASELINE,HF9g-P5,,,,X 全窗基线 · 不参与实体赏罚,14192559,1420,A168_HF9F_20260827_0900,2026-08-27 09:00:00
2026-07-17,129130207,1402,0,198.2585946123,-198.2585946123,-198.2585946123,0E-7,4,1,0.44087994742268705,0.187662550000,-0.8879891083448983,-0.48064072822218945,-0.8879891083448983,0.25321739742268705,ELIGIBLE,R03b_20260811_FULL_v1,L1_ELIGIBILITY,v2026-08-11,2026-03-21..2026-08-06,baccarat_bet02_101_all_pairs_incl_sentinel,round_win = game_pnl > 0 (decisive only),COMPATIBILITY_ONLY_NOT_PRODUCTION,406609.1881,379631.3579,6638.5409,8714,2252,-0.01632659,-0.04432358,-0.00421410,-0.01632659,-6638.5409,406609.1881,OK,0.0000,265.5416,4.0000,96.0000,AG03-UNRESOLVED,ALL5_LEVELS_bet23_to_bet27,265.5416,265.5416,298.7343,298.7343,298.7343,4.000000,4.000000,4.500000,4.500000,4.500000,96.000000,96.000000,95.500000,95.500000,95.500000,5.0,1427.2863,1309.7925,5211.2546,5328.7484,PENDING_AG03,FALSE,NOT_FOR_ENFORCEMENT,6372.9992,364446.1036,6638.5409,6372.9992,265.5416,0.01632659,0.01567352,265.5416,6372.9992,0.01567352,265.5416,265.5416,298.7343,298.7343,298.7343,6372.9992,0.01567352,1427.2863,1309.7925,5211.2546,5328.7484,0.01281637,0.01310533,0.00065306,46.6616,168.5752,2.9478,99.0827,12.5730,6068.7939,33.6119,44.8794,47.4773,8.4329,14.3073,34.3462,193.1745,204.3903,207.7145,14.3073,-10.2195,14.285714,14.518058,3.261379,29,153,76,7,0.30198559,0.01632659,0.04432358,0E-8,0.000000,0.933652,0.003213,-0.04010948,2026-03-22,2026-08-05,67,528,415,137,0.489051,0.945283,0.961806,1.006619,,,,,,,,GLOBAL_BASELINE_NO_ENTITY_RANKING,,,NOT_APPLICABLE_GLOBAL_BASELINE,HF9g-P5,,,,X 全窗基线 · 不参与实体赏罚,14192560,1420,A168_HF9F_20260827_0900,2026-08-27 09:00:00
2026-07-17,129130207,1714,0,74.6024608593,-74.6024608593,-74.6024608593,0E-7,4,1,0.34206364246561540,0.187662550000,-0.7210435809544489,-0.48064072822218945,-0.7210435809544489,0.15440109246561540,ELIGIBLE,R03b_20260811_FULL_v1,L1_ELIGIBILITY,v2026-08-11,2026-03-21..2026-08-06,baccarat_bet02_101_all_pairs_incl_sentinel,round_win = game_pnl > 0 (decisive only),COMPATIBILITY_ONLY_NOT_PRODUCTION,406609.1881,379631.3579,6638.5409,8714,2252,-0.01632659,-0.04432358,-0.00421410,-0.01632659,-6638.5409,406609.1881,OK,0.0000,265.5416,4.0000,96.0000,AG03-UNRESOLVED,ALL5_LEVELS_bet23_to_bet27,265.5416,265.5416,298.7343,298.7343,298.7343,4.000000,4.000000,4.500000,4.500000,4.500000,96.000000,96.000000,95.500000,95.500000,95.500000,5.0,1427.2863,1309.7925,5211.2546,5328.7484,PENDING_AG03,FALSE,NOT_FOR_ENFORCEMENT,6372.9992,364446.1036,6638.5409,6372.9992,265.5416,0.01632659,0.01567352,265.5416,6372.9992,0.01567352,265.5416,265.5416,298.7343,298.7343,298.7343,6372.9992,0.01567352,1427.2863,1309.7925,5211.2546,5328.7484,0.01281637,0.01310533,0.00065306,46.6616,168.5752,2.9478,99.0827,12.5730,6068.7939,33.6119,44.8794,47.4773,8.4329,14.3073,34.3462,193.1745,204.3903,207.7145,14.3073,-10.2195,14.285714,14.518058,3.261379,29,153,76,7,0.30198559,0.01632659,0.04432358,0E-8,0.000000,0.933652,0.003213,-0.04010948,2026-03-22,2026-08-05,67,528,415,137,0.489051,0.945283,0.961806,1.006619,,,,,,,,GLOBAL_BASELINE_NO_ENTITY_RANKING,,,NOT_APPLICABLE_GLOBAL_BASELINE,HF9g-P5,,,,X 全窗基线 · 不参与实体赏罚,14192561,1420,A168_HF9F_20260827_0900,2026-08-27 09:00:00
2026-07-17,129130207,1951,0,686.7514205129,-686.7514205129,-686.7514205129,0E-7,12,3,0.42150193520731844,0.184311250000,-1.4784595896768524,-0.823330707291515,-1.4784595896768524,0.23719068520731844,ELIGIBLE,R03b_20260811_FULL_v1,L1_ELIGIBILITY,v2026-08-11,2026-03-21..2026-08-06,baccarat_bet02_101_all_pairs_incl_sentinel,round_win = game_pnl > 0 (decisive only),COMPATIBILITY_ONLY_NOT_PRODUCTION,406609.1881,379631.3579,6638.5409,8714,2252,-0.01632659,-0.04432358,-0.00421410,-0.01632659,-6638.5409,406609.1881,OK,0.0000,265.5416,4.0000,96.0000,AG03-UNRESOLVED,ALL5_LEVELS_bet23_to_bet27,265.5416,265.5416,298.7343,298.7343,298.7343,4.000000,4.000000,4.500000,4.500000,4.500000,96.000000,96.000000,95.500000,95.500000,95.500000,5.0,1427.2863,1309.7925,5211.2546,5328.7484,PENDING_AG03,FALSE,NOT_FOR_ENFORCEMENT,6372.9992,364446.1036,6638.5409,6372.9992,265.5416,0.01632659,0.01567352,265.5416,6372.9992,0.01567352,265.5416,265.5416,298.7343,298.7343,298.7343,6372.9992,0.01567352,1427.2863,1309.7925,5211.2546,5328.7484,0.01281637,0.01310533,0.00065306,46.6616,168.5752,2.9478,99.0827,12.5730,6068.7939,33.6119,44.8794,47.4773,8.4329,14.3073,34.3462,193.1745,204.3903,207.7145,14.3073,-10.2195,14.285714,14.518058,3.261379,29,153,76,7,0.30198559,0.01632659,0.04432358,0E-8,0.000000,0.933652,0.003213,-0.04010948,2026-03-22,2026-08-05,67,528,415,137,0.489051,0.945283,0.961806,1.006619,,,,,,,,GLOBAL_BASELINE_NO_ENTITY_RANKING,,,NOT_APPLICABLE_GLOBAL_BASELINE,HF9g-P5,,,,X 全窗基线 · 不参与实体赏罚,14192562,1420,A168_HF9F_20260827_0900,2026-08-27 09:00:00
2026-07-17,129130207,2103,0,2601.8885664064,77.6683154152,77.6683154152,0.5000000,40,10,0.40745039073256509,0.184981510000,0.5956276664681228,2.5655953190596237,0.5956276664681228,0.22246888073256509,ELIGIBLE,R03b_20260811_FULL_v1,L1_ELIGIBILITY,v2026-08-11,2026-03-21..2026-08-06,baccarat_bet02_101_all_pairs_incl_sentinel,round_win = game_pnl > 0 (decisive only),COMPATIBILITY_ONLY_NOT_PRODUCTION,406609.1881,379631.3579,6638.5409,8714,2252,-0.01632659,-0.04432358,-0.00421410,-0.01632659,-6638.5409,406609.1881,OK,0.0000,265.5416,4.0000,96.0000,AG03-UNRESOLVED,ALL5_LEVELS_bet23_to_bet27,265.5416,265.5416,298.7343,298.7343,298.7343,4.000000,4.000000,4.500000,4.500000,4.500000,96.000000,96.000000,95.500000,95.500000,95.500000,5.0,1427.2863,1309.7925,5211.2546,5328.7484,PENDING_AG03,FALSE,NOT_FOR_ENFORCEMENT,6372.9992,364446.1036,6638.5409,6372.9992,265.5416,0.01632659,0.01567352,265.5416,6372.9992,0.01567352,265.5416,265.5416,298.7343,298.7343,298.7343,6372.9992,0.01567352,1427.2863,1309.7925,5211.2546,5328.7484,0.01281637,0.01310533,0.00065306,46.6616,168.5752,2.9478,99.0827,12.5730,6068.7939,33.6119,44.8794,47.4773,8.4329,14.3073,34.3462,193.1745,204.3903,207.7145,14.3073,-10.2195,14.285714,14.518058,3.261379,29,153,76,7,0.30198559,0.01632659,0.04432358,0E-8,0.000000,0.933652,0.003213,-0.04010948,2026-03-22,2026-08-05,67,528,415,137,0.489051,0.945283,0.961806,1.006619,,,,,,,,GLOBAL_BASELINE_NO_ENTITY_RANKING,,,NOT_APPLICABLE_GLOBAL_BASELINE,HF9g-P5,,,,X 全窗基线 · 不参与实体赏罚,14192563,1420,A168_HF9F_20260827_0900,2026-08-27 09:00:00
2026-07-17,129130207,2254,0,2235.0079712221,691.9633732576,691.9633732576,0.8000000,41,10,0.42375075286858164,0.193774209000,2.4077711847437526,4.850182485080497,2.4077711847437526,0.22997654386858164,ELIGIBLE,R03b_20260811_FULL_v1,L1_ELIGIBILITY,v2026-08-11,2026-03-21..2026-08-06,baccarat_bet02_101_all_pairs_incl_sentinel,round_win = game_pnl > 0 (decisive only),COMPATIBILITY_ONLY_NOT_PRODUCTION,406609.1881,379631.3579,6638.5409,8714,2252,-0.01632659,-0.04432358,-0.00421410,-0.01632659,-6638.5409,406609.1881,OK,0.0000,265.5416,4.0000,96.0000,AG03-UNRESOLVED,ALL5_LEVELS_bet23_to_bet27,265.5416,265.5416,298.7343,298.7343,298.7343,4.000000,4.000000,4.500000,4.500000,4.500000,96.000000,96.000000,95.500000,95.500000,95.500000,5.0,1427.2863,1309.7925,5211.2546,5328.7484,PENDING_AG03,FALSE,NOT_FOR_ENFORCEMENT,6372.9992,364446.1036,6638.5409,6372.9992,265.5416,0.01632659,0.01567352,265.5416,6372.9992,0.01567352,265.5416,265.5416,298.7343,298.7343,298.7343,6372.9992,0.01567352,1427.2863,1309.7925,5211.2546,5328.7484,0.01281637,0.01310533,0.00065306,46.6616,168.5752,2.9478,99.0827,12.5730,6068.7939,33.6119,44.8794,47.4773,8.4329,14.3073,34.3462,193.1745,204.3903,207.7145,14.3073,-10.2195,14.285714,14.518058,3.261379,29,153,76,7,0.30198559,0.01632659,0.04432358,0E-8,0.000000,0.933652,0.003213,-0.04010948,2026-03-22,2026-08-05,67,528,415,137,0.489051,0.945283,0.961806,1.006619,,,,,,,,GLOBAL_BASELINE_NO_ENTITY_RANKING,,,NOT_APPLICABLE_GLOBAL_BASELINE,HF9g-P5,,,,X 全窗基线 · 不参与实体赏罚,14192564,1420,A168_HF9F_20260827_0900,2026-08-27 09:00:00
2026-07-18,129130207,-1,1,5059.4775783845,-1071.6592404862,-1071.6592404862,0.4500000,80,20,0.40845779355573764,0.187662550000,0.37795325986418044,3.004818512516352,0.37795325986418044,0.22079524355573764,SENTINEL_DEALER,R03b_20260811_FULL_v1,L1_ELIGIBILITY,v2026-08-11,2026-03-21..2026-08-06,baccarat_bet02_101_all_pairs_incl_sentinel,round_win = game_pnl > 0 (decisive only),COMPATIBILITY_ONLY_NOT_PRODUCTION,406609.1881,379631.3579,6638.5409,8714,2252,-0.01632659,-0.04432358,-0.00421410,-0.01632659,-6638.5409,406609.1881,OK,0.0000,265.5416,4.0000,96.0000,AG03-UNRESOLVED,ALL5_LEVELS_bet23_to_bet27,265.5416,265.5416,298.7343,298.7343,298.7343,4.000000,4.000000,4.500000,4.500000,4.500000,96.000000,96.000000,95.500000,95.500000,95.500000,5.0,1427.2863,1309.7925,5211.2546,5328.7484,PENDING_AG03,FALSE,NOT_FOR_ENFORCEMENT,6372.9992,364446.1036,6638.5409,6372.9992,265.5416,0.01632659,0.01567352,265.5416,6372.9992,0.01567352,265.5416,265.5416,298.7343,298.7343,298.7343,6372.9992,0.01567352,1427.2863,1309.7925,5211.2546,5328.7484,0.01281637,0.01310533,0.00065306,46.6616,168.5752,2.9478,99.0827,12.5730,6068.7939,33.6119,44.8794,47.4773,8.4329,14.3073,34.3462,193.1745,204.3903,207.7145,14.3073,-10.2195,14.285714,14.518058,3.261379,29,153,76,7,0.30198559,0.01632659,0.04432358,0E-8,0.000000,0.933652,0.003213,-0.04010948,2026-03-22,2026-08-05,67,528,415,137,0.489051,0.945283,0.961806,1.006619,,,,,,,,GLOBAL_BASELINE_NO_ENTITY_RANKING,,,NOT_APPLICABLE_GLOBAL_BASELINE,HF9g-P5,,,,X 全窗基线 · 不参与实体赏罚,14192565,1420,A168_HF9F_20260827_0900,2026-08-27 09:00:00
2026-07-18,129130207,1306,0,3683.1132731068,-476.2294076772,-476.2294076772,0.5000000,56,14,0.41223648338764699,0.187662550000,0.667119306886355,2.993167588361898,0.667119306886355,0.22457393338764699,ELIGIBLE,R03b_20260811_FULL_v1,L1_ELIGIBILITY,v2026-08-11,2026-03-21..2026-08-06,baccarat_bet02_101_all_pairs_incl_sentinel,round_win = game_pnl > 0 (decisive only),COMPATIBILITY_ONLY_NOT_PRODUCTION,406609.1881,379631.3579,6638.5409,8714,2252,-0.01632659,-0.04432358,-0.00421410,-0.01632659,-6638.5409,406609.1881,OK,0.0000,265.5416,4.0000,96.0000,AG03-UNRESOLVED,ALL5_LEVELS_bet23_to_bet27,265.5416,265.5416,298.7343,298.7343,298.7343,4.000000,4.000000,4.500000,4.500000,4.500000,96.000000,96.000000,95.500000,95.500000,95.500000,5.0,1427.2863,1309.7925,5211.2546,5328.7484,PENDING_AG03,FALSE,NOT_FOR_ENFORCEMENT,6372.9992,364446.1036,6638.5409,6372.9992,265.5416,0.01632659,0.01567352,265.5416,6372.9992,0.01567352,265.5416,265.5416,298.7343,298.7343,298.7343,6372.9992,0.01567352,1427.2863,1309.7925,5211.2546,5328.7484,0.01281637,0.01310533,0.00065306,46.6616,168.5752,2.9478,99.0827,12.5730,6068.7939,33.6119,44.8794,47.4773,8.4329,14.3073,34.3462,193.1745,204.3903,207.7145,14.3073,-10.2195,14.285714,14.518058,3.261379,29,153,76,7,0.30198559,0.01632659,0.04432358,0E-8,0.000000,0.933652,0.003213,-0.04010948,2026-03-22,2026-08-05,67,528,415,137,0.489051,0.945283,0.961806,1.006619,,,,,,,,GLOBAL_BASELINE_NO_ENTITY_RANKING,,,NOT_APPLICABLE_GLOBAL_BASELINE,HF9g-P5,,,,X 全窗基线 · 不参与实体赏罚,14192566,1420,A168_HF9F_20260827_0900,2026-08-27 09:00:00
2026-07-18,129130207,1307,0,2943.2203736257,-658.1367779914,-658.1367779914,0.4545455,44,11,0.39609799496714398,0.184311250000,0.3963486872307087,2.3115245083044864,0.3963486872307087,0.21178674496714398,ELIGIBLE,R03b_20260811_FULL_v1,L1_ELIGIBILITY,v2026-08-11,2026-03-21..2026-08-06,baccarat_bet02_101_all_pairs_incl_sentinel,round_win = game_pnl > 0 (decisive only),COMPATIBILITY_ONLY_NOT_PRODUCTION,406609.1881,379631.3579,6638.5409,8714,2252,-0.01632659,-0.04432358,-0.00421410,-0.01632659,-6638.5409,406609.1881,OK,0.0000,265.5416,4.0000,96.0000,AG03-UNRESOLVED,ALL5_LEVELS_bet23_to_bet27,265.5416,265.5416,298.7343,298.7343,298.7343,4.000000,4.000000,4.500000,4.500000,4.500000,96.000000,96.000000,95.500000,95.500000,95.500000,5.0,1427.2863,1309.7925,5211.2546,5328.7484,PENDING_AG03,FALSE,NOT_FOR_ENFORCEMENT,6372.9992,364446.1036,6638.5409,6372.9992,265.5416,0.01632659,0.01567352,265.5416,6372.9992,0.01567352,265.5416,265.5416,298.7343,298.7343,298.7343,6372.9992,0.01567352,1427.2863,1309.7925,5211.2546,5328.7484,0.01281637,0.01310533,0.00065306,46.6616,168.5752,2.9478,99.0827,12.5730,6068.7939,33.6119,44.8794,47.4773,8.4329,14.3073,34.3462,193.1745,204.3903,207.7145,14.3073,-10.2195,14.285714,14.518058,3.261379,29,153,76,7,0.30198559,0.01632659,0.04432358,0E-8,0.000000,0.933652,0.003213,-0.04010948,2026-03-22,2026-08-05,67,528,415,137,0.489051,0.945283,0.961806,1.006619,,,,,,,,GLOBAL_BASELINE_NO_ENTITY_RANKING,,,NOT_APPLICABLE_GLOBAL_BASELINE,HF9g-P5,,,,X 全窗基线 · 不参与实体赏罚,14192567,1420,A168_HF9F_20260827_0900,2026-08-27 09:00:00
2026-07-18,129130207,1374,0,1064.8734824022,423.0879287085,423.0879287085,0.7500000,16,4,0.39776010842505651,0.184311250000,1.439372371246906,2.9178931134599138,1.439372371246906,0.21344885842505651,ELIGIBLE,R03b_20260811_FULL_v1,L1_ELIGIBILITY,v2026-08-11,2026-03-21..2026-08-06,baccarat_bet02_101_all_pairs_incl_sentinel,round_win = game_pnl > 0 (decisive only),COMPATIBILITY_ONLY_NOT_PRODUCTION,406609.1881,379631.3579,6638.5409,8714,2252,-0.01632659,-0.04432358,-0.00421410,-0.01632659,-6638.5409,406609.1881,OK,0.0000,265.5416,4.0000,96.0000,AG03-UNRESOLVED,ALL5_LEVELS_bet23_to_bet27,265.5416,265.5416,298.7343,298.7343,298.7343,4.000000,4.000000,4.500000,4.500000,4.500000,96.000000,96.000000,95.500000,95.500000,95.500000,5.0,1427.2863,1309.7925,5211.2546,5328.7484,PENDING_AG03,FALSE,NOT_FOR_ENFORCEMENT,6372.9992,364446.1036,6638.5409,6372.9992,265.5416,0.01632659,0.01567352,265.5416,6372.9992,0.01567352,265.5416,265.5416,298.7343,298.7343,298.7343,6372.9992,0.01567352,1427.2863,1309.7925,5211.2546,5328.7484,0.01281637,0.01310533,0.00065306,46.6616,168.5752,2.9478,99.0827,12.5730,6068.7939,33.6119,44.8794,47.4773,8.4329,14.3073,34.3462,193.1745,204.3903,207.7145,14.3073,-10.2195,14.285714,14.518058,3.261379,29,153,76,7,0.30198559,0.01632659,0.04432358,0E-8,0.000000,0.933652,0.003213,-0.04010948,2026-03-22,2026-08-05,67,528,415,137,0.489051,0.945283,0.961806,1.006619,,,,,,,,GLOBAL_BASELINE_NO_ENTITY_RANKING,,,NOT_APPLICABLE_GLOBAL_BASELINE,HF9g-P5,,,,X 全窗基线 · 不参与实体赏罚,14192568,1420,A168_HF9F_20260827_0900,2026-08-27 09:00:00
2026-07-18,129130207,1399,0,1026.0393246946,141.0293095695,141.0293095695,0.7500000,16,4,0.42028001981200282,0.187662550000,1.335970149061147,2.880513788975041,1.335970149061147,0.23261746981200282,ELIGIBLE,R03b_20260811_FULL_v1,L1_ELIGIBILITY,v2026-08-11,2026-03-21..2026-08-06,baccarat_bet02_101_all_pairs_incl_sentinel,round_win = game_pnl > 0 (decisive only),COMPATIBILITY_ONLY_NOT_PRODUCTION,406609.1881,379631.3579,6638.5409,8714,2252,-0.01632659,-0.04432358,-0.00421410,-0.01632659,-6638.5409,406609.1881,OK,0.0000,265.5416,4.0000,96.0000,AG03-UNRESOLVED,ALL5_LEVELS_bet23_to_bet27,265.5416,265.5416,298.7343,298.7343,298.7343,4.000000,4.000000,4.500000,4.500000,4.500000,96.000000,96.000000,95.500000,95.500000,95.500000,5.0,1427.2863,1309.7925,5211.2546,5328.7484,PENDING_AG03,FALSE,NOT_FOR_ENFORCEMENT,6372.9992,364446.1036,6638.5409,6372.9992,265.5416,0.01632659,0.01567352,265.5416,6372.9992,0.01567352,265.5416,265.5416,298.7343,298.7343,298.7343,6372.9992,0.01567352,1427.2863,1309.7925,5211.2546,5328.7484,0.01281637,0.01310533,0.00065306,46.6616,168.5752,2.9478,99.0827,12.5730,6068.7939,33.6119,44.8794,47.4773,8.4329,14.3073,34.3462,193.1745,204.3903,207.7145,14.3073,-10.2195,14.285714,14.518058,3.261379,29,153,76,7,0.30198559,0.01632659,0.04432358,0E-8,0.000000,0.933652,0.003213,-0.04010948,2026-03-22,2026-08-05,67,528,415,137,0.489051,0.945283,0.961806,1.006619,,,,,,,,GLOBAL_BASELINE_NO_ENTITY_RANKING,,,NOT_APPLICABLE_GLOBAL_BASELINE,HF9g-P5,,,,X 全窗基线 · 不参与实体赏罚,14192569,1420,A168_HF9F_20260827_0900,2026-08-27 09:00:00
2026-07-18,129130207,1402,0,265.7073948412,-265.7073948412,-265.7073948412,0E-7,4,1,0.40850050000000000,0.187662550000,-0.831034598754297,-0.48064072822218945,-0.831034598754297,0.22083795000000000,ELIGIBLE,R03b_20260811_FULL_v1,L1_ELIGIBILITY,v2026-08-11,2026-03-21..2026-08-06,baccarat_bet02_101_all_pairs_incl_sentinel,round_win = game_pnl > 0 (decisive only),COMPATIBILITY_ONLY_NOT_PRODUCTION,406609.1881,379631.3579,6638.5409,8714,2252,-0.01632659,-0.04432358,-0.00421410,-0.01632659,-6638.5409,406609.1881,OK,0.0000,265.5416,4.0000,96.0000,AG03-UNRESOLVED,ALL5_LEVELS_bet23_to_bet27,265.5416,265.5416,298.7343,298.7343,298.7343,4.000000,4.000000,4.500000,4.500000,4.500000,96.000000,96.000000,95.500000,95.500000,95.500000,5.0,1427.2863,1309.7925,5211.2546,5328.7484,PENDING_AG03,FALSE,NOT_FOR_ENFORCEMENT,6372.9992,364446.1036,6638.5409,6372.9992,265.5416,0.01632659,0.01567352,265.5416,6372.9992,0.01567352,265.5416,265.5416,298.7343,298.7343,298.7343,6372.9992,0.01567352,1427.2863,1309.7925,5211.2546,5328.7484,0.01281637,0.01310533,0.00065306,46.6616,168.5752,2.9478,99.0827,12.5730,6068.7939,33.6119,44.8794,47.4773,8.4329,14.3073,34.3462,193.1745,204.3903,207.7145,14.3073,-10.2195,14.285714,14.518058,3.261379,29,153,76,7,0.30198559,0.01632659,0.04432358,0E-8,0.000000,0.933652,0.003213,-0.04010948,2026-03-22,2026-08-05,67,528,415,137,0.489051,0.945283,0.961806,1.006619,,,,,,,,GLOBAL_BASELINE_NO_ENTITY_RANKING,,,NOT_APPLICABLE_GLOBAL_BASELINE,HF9g-P5,,,,X 全窗基线 · 不参与实体赏罚,14192570,1420,A168_HF9F_20260827_0900,2026-08-27 09:00:00
2026-07-18,129130207,2101,0,494.6245350122,-96.0634427504,-96.0634427504,0.5000000,8,2,0.43370168110228480,0.187662550000,0.18919050007898353,1.1313110101635044,0.18919050007898353,0.24603913110228480,ELIGIBLE,R03b_20260811_FULL_v1,L1_ELIGIBILITY,v2026-08-11,2026-03-21..2026-08-06,baccarat_bet02_101_all_pairs_incl_sentinel,round_win = game_pnl > 0 (decisive only),COMPATIBILITY_ONLY_NOT_PRODUCTION,406609.1881,379631.3579,6638.5409,8714,2252,-0.01632659,-0.04432358,-0.00421410,-0.01632659,-6638.5409,406609.1881,OK,0.0000,265.5416,4.0000,96.0000,AG03-UNRESOLVED,ALL5_LEVELS_bet23_to_bet27,265.5416,265.5416,298.7343,298.7343,298.7343,4.000000,4.000000,4.500000,4.500000,4.500000,96.000000,96.000000,95.500000,95.500000,95.500000,5.0,1427.2863,1309.7925,5211.2546,5328.7484,PENDING_AG03,FALSE,NOT_FOR_ENFORCEMENT,6372.9992,364446.1036,6638.5409,6372.9992,265.5416,0.01632659,0.01567352,265.5416,6372.9992,0.01567352,265.5416,265.5416,298.7343,298.7343,298.7343,6372.9992,0.01567352,1427.2863,1309.7925,5211.2546,5328.7484,0.01281637,0.01310533,0.00065306,46.6616,168.5752,2.9478,99.0827,12.5730,6068.7939,33.6119,44.8794,47.4773,8.4329,14.3073,34.3462,193.1745,204.3903,207.7145,14.3073,-10.2195,14.285714,14.518058,3.261379,29,153,76,7,0.30198559,0.01632659,0.04432358,0E-8,0.000000,0.933652,0.003213,-0.04010948,2026-03-22,2026-08-05,67,528,415,137,0.489051,0.945283,0.961806,1.006619,,,,,,,,GLOBAL_BASELINE_NO_ENTITY_RANKING,,,NOT_APPLICABLE_GLOBAL_BASELINE,HF9g-P5,,,,X 全窗基线 · 不参与实体赏罚,14192571,1420,A168_HF9F_20260827_0900,2026-08-27 09:00:00
2026-07-18,129130207,2174,0,4504.7622940772,-206.4342067614,-206.4342067614,0.5294118,68,17,0.40940971908289054,0.187662550000,1.006215233601705,3.6089007762225886,1.006215233601705,0.22174716908289054,ELIGIBLE,R03b_20260811_FULL_v1,L1_ELIGIBILITY,v2026-08-11,2026-03-21..2026-08-06,baccarat_bet02_101_all_pairs_incl_sentinel,round_win = game_pnl > 0 (decisive only),COMPATIBILITY_ONLY_NOT_PRODUCTION,406609.1881,379631.3579,6638.5409,8714,2252,-0.01632659,-0.04432358,-0.00421410,-0.01632659,-6638.5409,406609.1881,OK,0.0000,265.5416,4.0000,96.0000,AG03-UNRESOLVED,ALL5_LEVELS_bet23_to_bet27,265.5416,265.5416,298.7343,298.7343,298.7343,4.000000,4.000000,4.500000,4.500000,4.500000,96.000000,96.000000,95.500000,95.500000,95.500000,5.0,1427.2863,1309.7925,5211.2546,5328.7484,PENDING_AG03,FALSE,NOT_FOR_ENFORCEMENT,6372.9992,364446.1036,6638.5409,6372.9992,265.5416,0.01632659,0.01567352,265.5416,6372.9992,0.01567352,265.5416,265.5416,298.7343,298.7343,298.7343,6372.9992,0.01567352,1427.2863,1309.7925,5211.2546,5328.7484,0.01281637,0.01310533,0.00065306,46.6616,168.5752,2.9478,99.0827,12.5730,6068.7939,33.6119,44.8794,47.4773,8.4329,14.3073,34.3462,193.1745,204.3903,207.7145,14.3073,-10.2195,14.285714,14.518058,3.261379,29,153,76,7,0.30198559,0.01632659,0.04432358,0E-8,0.000000,0.933652,0.003213,-0.04010948,2026-03-22,2026-08-05,67,528,415,137,0.489051,0.945283,0.961806,1.006619,,,,,,,,GLOBAL_BASELINE_NO_ENTITY_RANKING,,,NOT_APPLICABLE_GLOBAL_BASELINE,HF9g-P5,,,,X 全窗基线 · 不参与实体赏罚,14192572,1420,A168_HF9F_20260827_0900,2026-08-27 09:00:00
2026-07-18,129130207,2201,0,1019.9076155828,-386.2976740384,-386.2976740384,0.2500000,16,4,0.40778168489767368,0.184311250000,-0.6421430846499646,0.3388307638375166,-0.6421430846499646,0.22347043489767368,ELIGIBLE,R03b_20260811_FULL_v1,L1_ELIGIBILITY,v2026-08-11,2026-03-21..2026-08-06,baccarat_bet02_101_all_pairs_incl_sentinel,round_win = game_pnl > 0 (decisive only),COMPATIBILITY_ONLY_NOT_PRODUCTION,406609.1881,379631.3579,6638.5409,8714,2252,-0.01632659,-0.04432358,-0.00421410,-0.01632659,-6638.5409,406609.1881,OK,0.0000,265.5416,4.0000,96.0000,AG03-UNRESOLVED,ALL5_LEVELS_bet23_to_bet27,265.5416,265.5416,298.7343,298.7343,298.7343,4.000000,4.000000,4.500000,4.500000,4.500000,96.000000,96.000000,95.500000,95.500000,95.500000,5.0,1427.2863,1309.7925,5211.2546,5328.7484,PENDING_AG03,FALSE,NOT_FOR_ENFORCEMENT,6372.9992,364446.1036,6638.5409,6372.9992,265.5416,0.01632659,0.01567352,265.5416,6372.9992,0.01567352,265.5416,265.5416,298.7343,298.7343,298.7343,6372.9992,0.01567352,1427.2863,1309.7925,5211.2546,5328.7484,0.01281637,0.01310533,0.00065306,46.6616,168.5752,2.9478,99.0827,12.5730,6068.7939,33.6119,44.8794,47.4773,8.4329,14.3073,34.3462,193.1745,204.3903,207.7145,14.3073,-10.2195,14.285714,14.518058,3.261379,29,153,76,7,0.30198559,0.01632659,0.04432358,0E-8,0.000000,0.933652,0.003213,-0.04010948,2026-03-22,2026-08-05,67,528,415,137,0.489051,0.945283,0.961806,1.006619,,,,,,,,GLOBAL_BASELINE_NO_ENTITY_RANKING,,,NOT_APPLICABLE_GLOBAL_BASELINE,HF9g-P5,,,,X 全窗基线 · 不参与实体赏罚,14192573,1420,A168_HF9F_20260827_0900,2026-08-27 09:00:00
2026-07-18,129130207,2220,0,2494.9924375589,204.4924988758,204.4924988758,0.6000000,40,10,0.41316874113326234,0.187662550000,1.1998561776863488,3.33960987438828,1.1998561776863488,0.22550619113326234,ELIGIBLE,R03b_20260811_FULL_v1,L1_ELIGIBILITY,v2026-08-11,2026-03-21..2026-08-06,baccarat_bet02_101_all_pairs_incl_sentinel,round_win = game_pnl > 0 (decisive only),COMPATIBILITY_ONLY_NOT_PRODUCTION,406609.1881,379631.3579,6638.5409,8714,2252,-0.01632659,-0.04432358,-0.00421410,-0.01632659,-6638.5409,406609.1881,OK,0.0000,265.5416,4.0000,96.0000,AG03-UNRESOLVED,ALL5_LEVELS_bet23_to_bet27,265.5416,265.5416,298.7343,298.7343,298.7343,4.000000,4.000000,4.500000,4.500000,4.500000,96.000000,96.000000,95.500000,95.500000,95.500000,5.0,1427.2863,1309.7925,5211.2546,5328.7484,PENDING_AG03,FALSE,NOT_FOR_ENFORCEMENT,6372.9992,364446.1036,6638.5409,6372.9992,265.5416,0.01632659,0.01567352,265.5416,6372.9992,0.01567352,265.5416,265.5416,298.7343,298.7343,298.7343,6372.9992,0.01567352,1427.2863,1309.7925,5211.2546,5328.7484,0.01281637,0.01310533,0.00065306,46.6616,168.5752,2.9478,99.0827,12.5730,6068.7939,33.6119,44.8794,47.4773,8.4329,14.3073,34.3462,193.1745,204.3903,207.7145,14.3073,-10.2195,14.285714,14.518058,3.261379,29,153,76,7,0.30198559,0.01632659,0.04432358,0E-8,0.000000,0.933652,0.003213,-0.04010948,2026-03-22,2026-08-05,67,528,415,137,0.489051,0.945283,0.961806,1.006619,,,,,,,,GLOBAL_BASELINE_NO_ENTITY_RANKING,,,NOT_APPLICABLE_GLOBAL_BASELINE,HF9g-P5,,,,X 全窗基线 · 不参与实体赏罚,14192574,1420,A168_HF9F_20260827_0900,2026-08-27 09:00:00
2026-07-18,129130207,2223,0,1368.3930834323,449.5053754649,449.5053754649,0.8333333,24,6,0.42158737100639859,0.187662550000,2.042407020022617,4.0506966037714935,2.042407020022617,0.23392482100639859,ELIGIBLE,R03b_20260811_FULL_v1,L1_ELIGIBILITY,v2026-08-11,2026-03-21..2026-08-06,baccarat_bet02_101_all_pairs_incl_sentinel,round_win = game_pnl > 0 (decisive only),COMPATIBILITY_ONLY_NOT_PRODUCTION,406609.1881,379631.3579,6638.5409,8714,2252,-0.01632659,-0.04432358,-0.00421410,-0.01632659,-6638.5409,406609.1881,OK,0.0000,265.5416,4.0000,96.0000,AG03-UNRESOLVED,ALL5_LEVELS_bet23_to_bet27,265.5416,265.5416,298.7343,298.7343,298.7343,4.000000,4.000000,4.500000,4.500000,4.500000,96.000000,96.000000,95.500000,95.500000,95.500000,5.0,1427.2863,1309.7925,5211.2546,5328.7484,PENDING_AG03,FALSE,NOT_FOR_ENFORCEMENT,6372.9992,364446.1036,6638.5409,6372.9992,265.5416,0.01632659,0.01567352,265.5416,6372.9992,0.01567352,265.5416,265.5416,298.7343,298.7343,298.7343,6372.9992,0.01567352,1427.2863,1309.7925,5211.2546,5328.7484,0.01281637,0.01310533,0.00065306,46.6616,168.5752,2.9478,99.0827,12.5730,6068.7939,33.6119,44.8794,47.4773,8.4329,14.3073,34.3462,193.1745,204.3903,207.7145,14.3073,-10.2195,14.285714,14.518058,3.261379,29,153,76,7,0.30198559,0.01632659,0.04432358,0E-8,0.000000,0.933652,0.003213,-0.04010948,2026-03-22,2026-08-05,67,528,415,137,0.489051,0.945283,0.961806,1.006619,,,,,,,,GLOBAL_BASELINE_NO_ENTITY_RANKING,,,NOT_APPLICABLE_GLOBAL_BASELINE,HF9g-P5,,,,X 全窗基线 · 不参与实体赏罚,14192575,1420,A168_HF9F_20260827_0900,2026-08-27 09:00:00
2026-07-18,129130207,2242,0,531.4147896824,510.9757593100,510.9757593100,1.0000000,8,2,0.40850050000000000,0.187662550000,1.7017505221719658,2.94235065680771,1.7017505221719658,0.22083795000000000,ELIGIBLE,R03b_20260811_FULL_v1,L1_ELIGIBILITY,v2026-08-11,2026-03-21..2026-08-06,baccarat_bet02_101_all_pairs_incl_sentinel,round_win = game_pnl > 0 (decisive only),COMPATIBILITY_ONLY_NOT_PRODUCTION,406609.1881,379631.3579,6638.5409,8714,2252,-0.01632659,-0.04432358,-0.00421410,-0.01632659,-6638.5409,406609.1881,OK,0.0000,265.5416,4.0000,96.0000,AG03-UNRESOLVED,ALL5_LEVELS_bet23_to_bet27,265.5416,265.5416,298.7343,298.7343,298.7343,4.000000,4.000000,4.500000,4.500000,4.500000,96.000000,96.000000,95.500000,95.500000,95.500000,5.0,1427.2863,1309.7925,5211.2546,5328.7484,PENDING_AG03,FALSE,NOT_FOR_ENFORCEMENT,6372.9992,364446.1036,6638.5409,6372.9992,265.5416,0.01632659,0.01567352,265.5416,6372.9992,0.01567352,265.5416,265.5416,298.7343,298.7343,298.7343,6372.9992,0.01567352,1427.2863,1309.7925,5211.2546,5328.7484,0.01281637,0.01310533,0.00065306,46.6616,168.5752,2.9478,99.0827,12.5730,6068.7939,33.6119,44.8794,47.4773,8.4329,14.3073,34.3462,193.1745,204.3903,207.7145,14.3073,-10.2195,14.285714,14.518058,3.261379,29,153,76,7,0.30198559,0.01632659,0.04432358,0E-8,0.000000,0.933652,0.003213,-0.04010948,2026-03-22,2026-08-05,67,528,415,137,0.489051,0.945283,0.961806,1.006619,,,,,,,,GLOBAL_BASELINE_NO_ENTITY_RANKING,,,NOT_APPLICABLE_GLOBAL_BASELINE,HF9g-P5,,,,X 全窗基线 · 不参与实体赏罚,14192576,1420,A168_HF9F_20260827_0900,2026-08-27 09:00:00
2026-07-18,129130207,2243,0,421.0440256715,256.5098311736,256.5098311736,1.0000000,8,2,0.43221496251818780,0.187662550000,1.6209031676748296,2.94235065680771,1.6209031676748296,0.24455241251818780,ELIGIBLE,R03b_20260811_FULL_v1,L1_ELIGIBILITY,v2026-08-11,2026-03-21..2026-08-06,baccarat_bet02_101_all_pairs_incl_sentinel,round_win = game_pnl > 0 (decisive only),COMPATIBILITY_ONLY_NOT_PRODUCTION,406609.1881,379631.3579,6638.5409,8714,2252,-0.01632659,-0.04432358,-0.00421410,-0.01632659,-6638.5409,406609.1881,OK,0.0000,265.5416,4.0000,96.0000,AG03-UNRESOLVED,ALL5_LEVELS_bet23_to_bet27,265.5416,265.5416,298.7343,298.7343,298.7343,4.000000,4.000000,4.500000,4.500000,4.500000,96.000000,96.000000,95.500000,95.500000,95.500000,5.0,1427.2863,1309.7925,5211.2546,5328.7484,PENDING_AG03,FALSE,NOT_FOR_ENFORCEMENT,6372.9992,364446.1036,6638.5409,6372.9992,265.5416,0.01632659,0.01567352,265.5416,6372.9992,0.01567352,265.5416,265.5416,298.7343,298.7343,298.7343,6372.9992,0.01567352,1427.2863,1309.7925,5211.2546,5328.7484,0.01281637,0.01310533,0.00065306,46.6616,168.5752,2.9478,99.0827,12.5730,6068.7939,33.6119,44.8794,47.4773,8.4329,14.3073,34.3462,193.1745,204.3903,207.7145,14.3073,-10.2195,14.285714,14.518058,3.261379,29,153,76,7,0.30198559,0.01632659,0.04432358,0E-8,0.000000,0.933652,0.003213,-0.04010948,2026-03-22,2026-08-05,67,528,415,137,0.489051,0.945283,0.961806,1.006619,,,,,,,,GLOBAL_BASELINE_NO_ENTITY_RANKING,,,NOT_APPLICABLE_GLOBAL_BASELINE,HF9g-P5,,,,X 全窗基线 · 不参与实体赏罚,14192577,1420,A168_HF9F_20260827_0900,2026-08-27 09:00:00
2026-07-18,129130207,2280,0,263.8678821079,-137.1458937991,-137.1458937991,0.3333333,12,3,0.40710964812541662,0.184311250000,-0.26009661269760787,0.6656916345198051,-0.26009661269760787,0.22279839812541662,ELIGIBLE,R03b_20260811_FULL_v1,L1_ELIGIBILITY,v2026-08-11,2026-03-21..2026-08-06,baccarat_bet02_101_all_pairs_incl_sentinel,round_win = game_pnl > 0 (decisive only),COMPATIBILITY_ONLY_NOT_PRODUCTION,406609.1881,379631.3579,6638.5409,8714,2252,-0.01632659,-0.04432358,-0.00421410,-0.01632659,-6638.5409,406609.1881,OK,0.0000,265.5416,4.0000,96.0000,AG03-UNRESOLVED,ALL5_LEVELS_bet23_to_bet27,265.5416,265.5416,298.7343,298.7343,298.7343,4.000000,4.000000,4.500000,4.500000,4.500000,96.000000,96.000000,95.500000,95.500000,95.500000,5.0,1427.2863,1309.7925,5211.2546,5328.7484,PENDING_AG03,FALSE,NOT_FOR_ENFORCEMENT,6372.9992,364446.1036,6638.5409,6372.9992,265.5416,0.01632659,0.01567352,265.5416,6372.9992,0.01567352,265.5416,265.5416,298.7343,298.7343,298.7343,6372.9992,0.01567352,1427.2863,1309.7925,5211.2546,5328.7484,0.01281637,0.01310533,0.00065306,46.6616,168.5752,2.9478,99.0827,12.5730,6068.7939,33.6119,44.8794,47.4773,8.4329,14.3073,34.3462,193.1745,204.3903,207.7145,14.3073,-10.2195,14.285714,14.518058,3.261379,29,153,76,7,0.30198559,0.01632659,0.04432358,0E-8,0.000000,0.933652,0.003213,-0.04010948,2026-03-22,2026-08-05,67,528,415,137,0.489051,0.945283,0.961806,1.006619,,,,,,,,GLOBAL_BASELINE_NO_ENTITY_RANKING,,,NOT_APPLICABLE_GLOBAL_BASELINE,HF9g-P5,,,,X 全窗基线 · 不参与实体赏罚,14192578,1420,A168_HF9F_20260827_0900,2026-08-27 09:00:00
2026-07-18,129130207,2287,0,269.7952009157,128.7658913461,128.7658913461,1.0000000,4,1,0.40374447424240133,0.187662550000,1.2152423970761455,2.080556102057424,1.2152423970761455,0.21608192424240133,ELIGIBLE,R03b_20260811_FULL_v1,L1_ELIGIBILITY,v2026-08-11,2026-03-21..2026-08-06,baccarat_bet02_101_all_pairs_incl_sentinel,round_win = game_pnl > 0 (decisive only),COMPATIBILITY_ONLY_NOT_PRODUCTION,406609.1881,379631.3579,6638.5409,8714,2252,-0.01632659,-0.04432358,-0.00421410,-0.01632659,-6638.5409,406609.1881,OK,0.0000,265.5416,4.0000,96.0000,AG03-UNRESOLVED,ALL5_LEVELS_bet23_to_bet27,265.5416,265.5416,298.7343,298.7343,298.7343,4.000000,4.000000,4.500000,4.500000,4.500000,96.000000,96.000000,95.500000,95.500000,95.500000,5.0,1427.2863,1309.7925,5211.2546,5328.7484,PENDING_AG03,FALSE,NOT_FOR_ENFORCEMENT,6372.9992,364446.1036,6638.5409,6372.9992,265.5416,0.01632659,0.01567352,265.5416,6372.9992,0.01567352,265.5416,265.5416,298.7343,298.7343,298.7343,6372.9992,0.01567352,1427.2863,1309.7925,5211.2546,5328.7484,0.01281637,0.01310533,0.00065306,46.6616,168.5752,2.9478,99.0827,12.5730,6068.7939,33.6119,44.8794,47.4773,8.4329,14.3073,34.3462,193.1745,204.3903,207.7145,14.3073,-10.2195,14.285714,14.518058,3.261379,29,153,76,7,0.30198559,0.01632659,0.04432358,0E-8,0.000000,0.933652,0.003213,-0.04010948,2026-03-22,2026-08-05,67,528,415,137,0.489051,0.945283,0.961806,1.006619,,,,,,,,GLOBAL_BASELINE_NO_ENTITY_RANKING,,,NOT_APPLICABLE_GLOBAL_BASELINE,HF9g-P5,,,,X 全窗基线 · 不参与实体赏罚,14192579,1420,A168_HF9F_20260827_0900,2026-08-27 09:00:00
2026-07-18,129130207,919,0,247.3122675061,-247.3122675061,-247.3122675061,0E-7,4,1,0.43283526033049324,0.187662550000,-0.8735880906328893,-0.48064072822218945,-0.8735880906328893,0.24517271033049324,ELIGIBLE,R03b_20260811_FULL_v1,L1_ELIGIBILITY,v2026-08-11,2026-03-21..2026-08-06,baccarat_bet02_101_all_pairs_incl_sentinel,round_win = game_pnl > 0 (decisive only),COMPATIBILITY_ONLY_NOT_PRODUCTION,406609.1881,379631.3579,6638.5409,8714,2252,-0.01632659,-0.04432358,-0.00421410,-0.01632659,-6638.5409,406609.1881,OK,0.0000,265.5416,4.0000,96.0000,AG03-UNRESOLVED,ALL5_LEVELS_bet23_to_bet27,265.5416,265.5416,298.7343,298.7343,298.7343,4.000000,4.000000,4.500000,4.500000,4.500000,96.000000,96.000000,95.500000,95.500000,95.500000,5.0,1427.2863,1309.7925,5211.2546,5328.7484,PENDING_AG03,FALSE,NOT_FOR_ENFORCEMENT,6372.9992,364446.1036,6638.5409,6372.9992,265.5416,0.01632659,0.01567352,265.5416,6372.9992,0.01567352,265.5416,265.5416,298.7343,298.7343,298.7343,6372.9992,0.01567352,1427.2863,1309.7925,5211.2546,5328.7484,0.01281637,0.01310533,0.00065306,46.6616,168.5752,2.9478,99.0827,12.5730,6068.7939,33.6119,44.8794,47.4773,8.4329,14.3073,34.3462,193.1745,204.3903,207.7145,14.3073,-10.2195,14.285714,14.518058,3.261379,29,153,76,7,0.30198559,0.01632659,0.04432358,0E-8,0.000000,0.933652,0.003213,-0.04010948,2026-03-22,2026-08-05,67,528,415,137,0.489051,0.945283,0.961806,1.006619,,,,,,,,GLOBAL_BASELINE_NO_ENTITY_RANKING,,,NOT_APPLICABLE_GLOBAL_BASELINE,HF9g-P5,,,,X 全窗基线 · 不参与实体赏罚,14192580,1420,A168_HF9F_20260827_0900,2026-08-27 09:00:00
2026-07-19,129130207,1399,0,3204.8399623924,-731.7172873320,-731.7172873320,0.4166667,48,12,0.40691515808080044,0.187662550000,0.06876256748674771,2.031780875588405,0.06876256748674771,0.21925260808080044,ELIGIBLE,R03b_20260811_FULL_v1,L1_ELIGIBILITY,v2026-08-11,2026-03-21..2026-08-06,baccarat_bet02_101_all_pairs_incl_sentinel,round_win = game_pnl > 0 (decisive only),COMPATIBILITY_ONLY_NOT_PRODUCTION,406609.1881,379631.3579,6638.5409,8714,2252,-0.01632659,-0.04432358,-0.00421410,-0.01632659,-6638.5409,406609.1881,OK,0.0000,265.5416,4.0000,96.0000,AG03-UNRESOLVED,ALL5_LEVELS_bet23_to_bet27,265.5416,265.5416,298.7343,298.7343,298.7343,4.000000,4.000000,4.500000,4.500000,4.500000,96.000000,96.000000,95.500000,95.500000,95.500000,5.0,1427.2863,1309.7925,5211.2546,5328.7484,PENDING_AG03,FALSE,NOT_FOR_ENFORCEMENT,6372.9992,364446.1036,6638.5409,6372.9992,265.5416,0.01632659,0.01567352,265.5416,6372.9992,0.01567352,265.5416,265.5416,298.7343,298.7343,298.7343,6372.9992,0.01567352,1427.2863,1309.7925,5211.2546,5328.7484,0.01281637,0.01310533,0.00065306,46.6616,168.5752,2.9478,99.0827,12.5730,6068.7939,33.6119,44.8794,47.4773,8.4329,14.3073,34.3462,193.1745,204.3903,207.7145,14.3073,-10.2195,14.285714,14.518058,3.261379,29,153,76,7,0.30198559,0.01632659,0.04432358,0E-8,0.000000,0.933652,0.003213,-0.04010948,2026-03-22,2026-08-05,67,528,415,137,0.489051,0.945283,0.961806,1.006619,,,,,,,,GLOBAL_BASELINE_NO_ENTITY_RANKING,,,NOT_APPLICABLE_GLOBAL_BASELINE,HF9g-P5,,,,X 全窗基线 · 不参与实体赏罚,14192581,1420,A168_HF9F_20260827_0900,2026-08-27 09:00:00
2026-07-19,129130207,2147,0,416.9562195970,-416.9562195970,-416.9562195970,0E-7,9,3,0.46634747777768201,0.293991933333,-1.619146555512753,-1.1176955011920888,-1.619146555512753,0.17235554444468201,ELIGIBLE,R03b_20260811_FULL_v1,L1_ELIGIBILITY,v2026-08-11,2026-03-21..2026-08-06,baccarat_bet02_101_all_pairs_incl_sentinel,round_win = game_pnl > 0 (decisive only),COMPATIBILITY_ONLY_NOT_PRODUCTION,406609.1881,379631.3579,6638.5409,8714,2252,-0.01632659,-0.04432358,-0.00421410,-0.01632659,-6638.5409,406609.1881,OK,0.0000,265.5416,4.0000,96.0000,AG03-UNRESOLVED,ALL5_LEVELS_bet23_to_bet27,265.5416,265.5416,298.7343,298.7343,298.7343,4.000000,4.000000,4.500000,4.500000,4.500000,96.000000,96.000000,95.500000,95.500000,95.500000,5.0,1427.2863,1309.7925,5211.2546,5328.7484,PENDING_AG03,FALSE,NOT_FOR_ENFORCEMENT,6372.9992,364446.1036,6638.5409,6372.9992,265.5416,0.01632659,0.01567352,265.5416,6372.9992,0.01567352,265.5416,265.5416,298.7343,298.7343,298.7343,6372.9992,0.01567352,1427.2863,1309.7925,5211.2546,5328.7484,0.01281637,0.01310533,0.00065306,46.6616,168.5752,2.9478,99.0827,12.5730,6068.7939,33.6119,44.8794,47.4773,8.4329,14.3073,34.3462,193.1745,204.3903,207.7145,14.3073,-10.2195,14.285714,14.518058,3.261379,29,153,76,7,0.30198559,0.01632659,0.04432358,0E-8,0.000000,0.933652,0.003213,-0.04010948,2026-03-22,2026-08-05,67,528,415,137,0.489051,0.945283,0.961806,1.006619,,,,,,,,GLOBAL_BASELINE_NO_ENTITY_RANKING,,,NOT_APPLICABLE_GLOBAL_BASELINE,HF9g-P5,,,,X 全窗基线 · 不参与实体赏罚,14192582,1420,A168_HF9F_20260827_0900,2026-08-27 09:00:00
2026-07-19,129130207,2222,0,1304.0101377596,535.5025957564,535.5025957564,0.8000000,20,5,0.41468318976365567,0.187662550000,1.7488366444659074,3.506862831949948,1.7488366444659074,0.22702063976365567,ELIGIBLE,R03b_20260811_FULL_v1,L1_ELIGIBILITY,v2026-08-11,2026-03-21..2026-08-06,baccarat_bet02_101_all_pairs_incl_sentinel,round_win = game_pnl > 0 (decisive only),COMPATIBILITY_ONLY_NOT_PRODUCTION,406609.1881,379631.3579,6638.5409,8714,2252,-0.01632659,-0.04432358,-0.00421410,-0.01632659,-6638.5409,406609.1881,OK,0.0000,265.5416,4.0000,96.0000,AG03-UNRESOLVED,ALL5_LEVELS_bet23_to_bet27,265.5416,265.5416,298.7343,298.7343,298.7343,4.000000,4.000000,4.500000,4.500000,4.500000,96.000000,96.000000,95.500000,95.500000,95.500000,5.0,1427.2863,1309.7925,5211.2546,5328.7484,PENDING_AG03,FALSE,NOT_FOR_ENFORCEMENT,6372.9992,364446.1036,6638.5409,6372.9992,265.5416,0.01632659,0.01567352,265.5416,6372.9992,0.01567352,265.5416,265.5416,298.7343,298.7343,298.7343,6372.9992,0.01567352,1427.2863,1309.7925,5211.2546,5328.7484,0.01281637,0.01310533,0.00065306,46.6616,168.5752,2.9478,99.0827,12.5730,6068.7939,33.6119,44.8794,47.4773,8.4329,14.3073,34.3462,193.1745,204.3903,207.7145,14.3073,-10.2195,14.285714,14.518058,3.261379,29,153,76,7,0.30198559,0.01632659,0.04432358,0E-8,0.000000,0.933652,0.003213,-0.04010948,2026-03-22,2026-08-05,67,528,415,137,0.489051,0.945283,0.961806,1.006619,,,,,,,,GLOBAL_BASELINE_NO_ENTITY_RANKING,,,NOT_APPLICABLE_GLOBAL_BASELINE,HF9g-P5,,,,X 全窗基线 · 不参与实体赏罚,14192583,1420,A168_HF9F_20260827_0900,2026-08-27 09:00:00
2026-07-19,129130207,2289,0,170.2571230019,-61.4192862689,-61.4192862689,0.5000000,13,4,0.45396496952001775,0.267409587500,0.18492558753841234,1.0509999665154022,0.18492558753841234,0.18655538202001775,ELIGIBLE,R03b_20260811_FULL_v1,L1_ELIGIBILITY,v2026-08-11,2026-03-21..2026-08-06,baccarat_bet02_101_all_pairs_incl_sentinel,round_win = game_pnl > 0 (decisive only),COMPATIBILITY_ONLY_NOT_PRODUCTION,406609.1881,379631.3579,6638.5409,8714,2252,-0.01632659,-0.04432358,-0.00421410,-0.01632659,-6638.5409,406609.1881,OK,0.0000,265.5416,4.0000,96.0000,AG03-UNRESOLVED,ALL5_LEVELS_bet23_to_bet27,265.5416,265.5416,298.7343,298.7343,298.7343,4.000000,4.000000,4.500000,4.500000,4.500000,96.000000,96.000000,95.500000,95.500000,95.500000,5.0,1427.2863,1309.7925,5211.2546,5328.7484,PENDING_AG03,FALSE,NOT_FOR_ENFORCEMENT,6372.9992,364446.1036,6638.5409,6372.9992,265.5416,0.01632659,0.01567352,265.5416,6372.9992,0.01567352,265.5416,265.5416,298.7343,298.7343,298.7343,6372.9992,0.01567352,1427.2863,1309.7925,5211.2546,5328.7484,0.01281637,0.01310533,0.00065306,46.6616,168.5752,2.9478,99.0827,12.5730,6068.7939,33.6119,44.8794,47.4773,8.4329,14.3073,34.3462,193.1745,204.3903,207.7145,14.3073,-10.2195,14.285714,14.518058,3.261379,29,153,76,7,0.30198559,0.01632659,0.04432358,0E-8,0.000000,0.933652,0.003213,-0.04010948,2026-03-22,2026-08-05,67,528,415,137,0.489051,0.945283,0.961806,1.006619,,,,,,,,GLOBAL_BASELINE_NO_ENTITY_RANKING,,,NOT_APPLICABLE_GLOBAL_BASELINE,HF9g-P5,,,,X 全窗基线 · 不参与实体赏罚,14192584,1420,A168_HF9F_20260827_0900,2026-08-27 09:00:00
2026-07-20,129130207,-1,1,2535.8704983039,-895.6383109188,-895.6383109188,0.2857143,56,14,0.42880345685826345,0.187662550000,-1.081804694425328,0.9396416514338155,-1.081804694425328,0.24114090685826345,SENTINEL_DEALER,R03b_20260811_FULL_v1,L1_ELIGIBILITY,v2026-08-11,2026-03-21..2026-08-06,baccarat_bet02_101_all_pairs_incl_sentinel,round_win = game_pnl > 0 (decisive only),COMPATIBILITY_ONLY_NOT_PRODUCTION,406609.1881,379631.3579,6638.5409,8714,2252,-0.01632659,-0.04432358,-0.00421410,-0.01632659,-6638.5409,406609.1881,OK,0.0000,265.5416,4.0000,96.0000,AG03-UNRESOLVED,ALL5_LEVELS_bet23_to_bet27,265.5416,265.5416,298.7343,298.7343,298.7343,4.000000,4.000000,4.500000,4.500000,4.500000,96.000000,96.000000,95.500000,95.500000,95.500000,5.0,1427.2863,1309.7925,5211.2546,5328.7484,PENDING_AG03,FALSE,NOT_FOR_ENFORCEMENT,6372.9992,364446.1036,6638.5409,6372.9992,265.5416,0.01632659,0.01567352,265.5416,6372.9992,0.01567352,265.5416,265.5416,298.7343,298.7343,298.7343,6372.9992,0.01567352,1427.2863,1309.7925,5211.2546,5328.7484,0.01281637,0.01310533,0.00065306,46.6616,168.5752,2.9478,99.0827,12.5730,6068.7939,33.6119,44.8794,47.4773,8.4329,14.3073,34.3462,193.1745,204.3903,207.7145,14.3073,-10.2195,14.285714,14.518058,3.261379,29,153,76,7,0.30198559,0.01632659,0.04432358,0E-8,0.000000,0.933652,0.003213,-0.04010948,2026-03-22,2026-08-05,67,528,415,137,0.489051,0.945283,0.961806,1.006619,,,,,,,,GLOBAL_BASELINE_NO_ENTITY_RANKING,,,NOT_APPLICABLE_GLOBAL_BASELINE,HF9g-P5,,,,X 全窗基线 · 不参与实体赏罚,14192585,1420,A168_HF9F_20260827_0900,2026-08-27 09:00:00
2026-07-20,129130207,1942,0,157.3805338676,-37.8122061891,-37.8122061891,0.5000000,8,2,0.44008677709999652,0.187662550000,0.17069003131251978,1.1313110101635044,0.17069003131251978,0.25242422709999652,ELIGIBLE,R03b_20260811_FULL_v1,L1_ELIGIBILITY,v2026-08-11,2026-03-21..2026-08-06,baccarat_bet02_101_all_pairs_incl_sentinel,round_win = game_pnl > 0 (decisive only),COMPATIBILITY_ONLY_NOT_PRODUCTION,406609.1881,379631.3579,6638.5409,8714,2252,-0.01632659,-0.04432358,-0.00421410,-0.01632659,-6638.5409,406609.1881,OK,0.0000,265.5416,4.0000,96.0000,AG03-UNRESOLVED,ALL5_LEVELS_bet23_to_bet27,265.5416,265.5416,298.7343,298.7343,298.7343,4.000000,4.000000,4.500000,4.500000,4.500000,96.000000,96.000000,95.500000,95.500000,95.500000,5.0,1427.2863,1309.7925,5211.2546,5328.7484,PENDING_AG03,FALSE,NOT_FOR_ENFORCEMENT,6372.9992,364446.1036,6638.5409,6372.9992,265.5416,0.01632659,0.01567352,265.5416,6372.9992,0.01567352,265.5416,265.5416,298.7343,298.7343,298.7343,6372.9992,0.01567352,1427.2863,1309.7925,5211.2546,5328.7484,0.01281637,0.01310533,0.00065306,46.6616,168.5752,2.9478,99.0827,12.5730,6068.7939,33.6119,44.8794,47.4773,8.4329,14.3073,34.3462,193.1745,204.3903,207.7145,14.3073,-10.2195,14.285714,14.518058,3.261379,29,153,76,7,0.30198559,0.01632659,0.04432358,0E-8,0.000000,0.933652,0.003213,-0.04010948,2026-03-22,2026-08-05,67,528,415,137,0.489051,0.945283,0.961806,1.006619,,,,,,,,GLOBAL_BASELINE_NO_ENTITY_RANKING,,,NOT_APPLICABLE_GLOBAL_BASELINE,HF9g-P5,,,,X 全窗基线 · 不参与实体赏罚,14192586,1420,A168_HF9F_20260827_0900,2026-08-27 09:00:00
2026-07-20,129130207,2123,0,294.3220373627,-75.1134366187,-75.1134366187,0.5000000,8,2,0.42173863151758812,0.185986900000,0.22411898837773717,1.1413159569732794,0.22411898837773717,0.23575173151758812,ELIGIBLE,R03b_20260811_FULL_v1,L1_ELIGIBILITY,v2026-08-11,2026-03-21..2026-08-06,baccarat_bet02_101_all_pairs_incl_sentinel,round_win = game_pnl > 0 (decisive only),COMPATIBILITY_ONLY_NOT_PRODUCTION,406609.1881,379631.3579,6638.5409,8714,2252,-0.01632659,-0.04432358,-0.00421410,-0.01632659,-6638.5409,406609.1881,OK,0.0000,265.5416,4.0000,96.0000,AG03-UNRESOLVED,ALL5_LEVELS_bet23_to_bet27,265.5416,265.5416,298.7343,298.7343,298.7343,4.000000,4.000000,4.500000,4.500000,4.500000,96.000000,96.000000,95.500000,95.500000,95.500000,5.0,1427.2863,1309.7925,5211.2546,5328.7484,PENDING_AG03,FALSE,NOT_FOR_ENFORCEMENT,6372.9992,364446.1036,6638.5409,6372.9992,265.5416,0.01632659,0.01567352,265.5416,6372.9992,0.01567352,265.5416,265.5416,298.7343,298.7343,298.7343,6372.9992,0.01567352,1427.2863,1309.7925,5211.2546,5328.7484,0.01281637,0.01310533,0.00065306,46.6616,168.5752,2.9478,99.0827,12.5730,6068.7939,33.6119,44.8794,47.4773,8.4329,14.3073,34.3462,193.1745,204.3903,207.7145,14.3073,-10.2195,14.285714,14.518058,3.261379,29,153,76,7,0.30198559,0.01632659,0.04432358,0E-8,0.000000,0.933652,0.003213,-0.04010948,2026-03-22,2026-08-05,67,528,415,137,0.489051,0.945283,0.961806,1.006619,,,,,,,,GLOBAL_BASELINE_NO_ENTITY_RANKING,,,NOT_APPLICABLE_GLOBAL_BASELINE,HF9g-P5,,,,X 全窗基线 · 不参与实体赏罚,14192587,1420,A168_HF9F_20260827_0900,2026-08-27 09:00:00
2026-07-20,129130207,2141,0,85.8439275640,49.0536728938,49.0536728938,1.0000000,4,1,0.40497857142877707,0.184311250000,1.2121330172412925,2.103712144135556,1.2121330172412925,0.22066732142877707,ELIGIBLE,R03b_20260811_FULL_v1,L1_ELIGIBILITY,v2026-08-11,2026-03-21..2026-08-06,baccarat_bet02_101_all_pairs_incl_sentinel,round_win = game_pnl > 0 (decisive only),COMPATIBILITY_ONLY_NOT_PRODUCTION,406609.1881,379631.3579,6638.5409,8714,2252,-0.01632659,-0.04432358,-0.00421410,-0.01632659,-6638.5409,406609.1881,OK,0.0000,265.5416,4.0000,96.0000,AG03-UNRESOLVED,ALL5_LEVELS_bet23_to_bet27,265.5416,265.5416,298.7343,298.7343,298.7343,4.000000,4.000000,4.500000,4.500000,4.500000,96.000000,96.000000,95.500000,95.500000,95.500000,5.0,1427.2863,1309.7925,5211.2546,5328.7484,PENDING_AG03,FALSE,NOT_FOR_ENFORCEMENT,6372.9992,364446.1036,6638.5409,6372.9992,265.5416,0.01632659,0.01567352,265.5416,6372.9992,0.01567352,265.5416,265.5416,298.7343,298.7343,298.7343,6372.9992,0.01567352,1427.2863,1309.7925,5211.2546,5328.7484,0.01281637,0.01310533,0.00065306,46.6616,168.5752,2.9478,99.0827,12.5730,6068.7939,33.6119,44.8794,47.4773,8.4329,14.3073,34.3462,193.1745,204.3903,207.7145,14.3073,-10.2195,14.285714,14.518058,3.261379,29,153,76,7,0.30198559,0.01632659,0.04432358,0E-8,0.000000,0.933652,0.003213,-0.04010948,2026-03-22,2026-08-05,67,528,415,137,0.489051,0.945283,0.961806,1.006619,,,,,,,,GLOBAL_BASELINE_NO_ENTITY_RANKING,,,NOT_APPLICABLE_GLOBAL_BASELINE,HF9g-P5,,,,X 全窗基线 · 不参与实体赏罚,14192588,1420,A168_HF9F_20260827_0900,2026-08-27 09:00:00
2026-07-20,129130207,2152,0,138.9854065324,89.9317336384,89.9317336384,1.0000000,4,1,0.42055508823498031,0.184311250000,1.1738014208712377,2.103712144135556,1.1738014208712377,0.23624383823498031,ELIGIBLE,R03b_20260811_FULL_v1,L1_ELIGIBILITY,v2026-08-11,2026-03-21..2026-08-06,baccarat_bet02_101_all_pairs_incl_sentinel,round_win = game_pnl > 0 (decisive only),COMPATIBILITY_ONLY_NOT_PRODUCTION,406609.1881,379631.3579,6638.5409,8714,2252,-0.01632659,-0.04432358,-0.00421410,-0.01632659,-6638.5409,406609.1881,OK,0.0000,265.5416,4.0000,96.0000,AG03-UNRESOLVED,ALL5_LEVELS_bet23_to_bet27,265.5416,265.5416,298.7343,298.7343,298.7343,4.000000,4.000000,4.500000,4.500000,4.500000,96.000000,96.000000,95.500000,95.500000,95.500000,5.0,1427.2863,1309.7925,5211.2546,5328.7484,PENDING_AG03,FALSE,NOT_FOR_ENFORCEMENT,6372.9992,364446.1036,6638.5409,6372.9992,265.5416,0.01632659,0.01567352,265.5416,6372.9992,0.01567352,265.5416,265.5416,298.7343,298.7343,298.7343,6372.9992,0.01567352,1427.2863,1309.7925,5211.2546,5328.7484,0.01281637,0.01310533,0.00065306,46.6616,168.5752,2.9478,99.0827,12.5730,6068.7939,33.6119,44.8794,47.4773,8.4329,14.3073,34.3462,193.1745,204.3903,207.7145,14.3073,-10.2195,14.285714,14.518058,3.261379,29,153,76,7,0.30198559,0.01632659,0.04432358,0E-8,0.000000,0.933652,0.003213,-0.04010948,2026-03-22,2026-08-05,67,528,415,137,0.489051,0.945283,0.961806,1.006619,,,,,,,,GLOBAL_BASELINE_NO_ENTITY_RANKING,,,NOT_APPLICABLE_GLOBAL_BASELINE,HF9g-P5,,,,X 全窗基线 · 不参与实体赏罚,14192589,1420,A168_HF9F_20260827_0900,2026-08-27 09:00:00
2026-07-20,129130207,2153,0,4.0878060745,3.8834157708,3.8834157708,1.0000000,1,1,0.50665070000000000,0.506650700000,0.9867858985152569,0.9867858985152569,0.9867858985152569,0E-17,ELIGIBLE,R03b_20260811_FULL_v1,L1_ELIGIBILITY,v2026-08-11,2026-03-21..2026-08-06,baccarat_bet02_101_all_pairs_incl_sentinel,round_win = game_pnl > 0 (decisive only),COMPATIBILITY_ONLY_NOT_PRODUCTION,406609.1881,379631.3579,6638.5409,8714,2252,-0.01632659,-0.04432358,-0.00421410,-0.01632659,-6638.5409,406609.1881,OK,0.0000,265.5416,4.0000,96.0000,AG03-UNRESOLVED,ALL5_LEVELS_bet23_to_bet27,265.5416,265.5416,298.7343,298.7343,298.7343,4.000000,4.000000,4.500000,4.500000,4.500000,96.000000,96.000000,95.500000,95.500000,95.500000,5.0,1427.2863,1309.7925,5211.2546,5328.7484,PENDING_AG03,FALSE,NOT_FOR_ENFORCEMENT,6372.9992,364446.1036,6638.5409,6372.9992,265.5416,0.01632659,0.01567352,265.5416,6372.9992,0.01567352,265.5416,265.5416,298.7343,298.7343,298.7343,6372.9992,0.01567352,1427.2863,1309.7925,5211.2546,5328.7484,0.01281637,0.01310533,0.00065306,46.6616,168.5752,2.9478,99.0827,12.5730,6068.7939,33.6119,44.8794,47.4773,8.4329,14.3073,34.3462,193.1745,204.3903,207.7145,14.3073,-10.2195,14.285714,14.518058,3.261379,29,153,76,7,0.30198559,0.01632659,0.04432358,0E-8,0.000000,0.933652,0.003213,-0.04010948,2026-03-22,2026-08-05,67,528,415,137,0.489051,0.945283,0.961806,1.006619,,,,,,,,GLOBAL_BASELINE_NO_ENTITY_RANKING,,,NOT_APPLICABLE_GLOBAL_BASELINE,HF9g-P5,,,,X 全窗基线 · 不参与实体赏罚,14192590,1420,A168_HF9F_20260827_0900,2026-08-27 09:00:00
2026-07-20,129130207,2155,0,271.8391039530,-32.7024485959,-32.7024485959,0.6666667,9,3,0.44219385223868748,0.293991933333,0.7828460790513321,1.4168309590426615,0.7828460790513321,0.14820191890568748,ELIGIBLE,R03b_20260811_FULL_v1,L1_ELIGIBILITY,v2026-08-11,2026-03-21..2026-08-06,baccarat_bet02_101_all_pairs_incl_sentinel,round_win = game_pnl > 0 (decisive only),COMPATIBILITY_ONLY_NOT_PRODUCTION,406609.1881,379631.3579,6638.5409,8714,2252,-0.01632659,-0.04432358,-0.00421410,-0.01632659,-6638.5409,406609.1881,OK,0.0000,265.5416,4.0000,96.0000,AG03-UNRESOLVED,ALL5_LEVELS_bet23_to_bet27,265.5416,265.5416,298.7343,298.7343,298.7343,4.000000,4.000000,4.500000,4.500000,4.500000,96.000000,96.000000,95.500000,95.500000,95.500000,5.0,1427.2863,1309.7925,5211.2546,5328.7484,PENDING_AG03,FALSE,NOT_FOR_ENFORCEMENT,6372.9992,364446.1036,6638.5409,6372.9992,265.5416,0.01632659,0.01567352,265.5416,6372.9992,0.01567352,265.5416,265.5416,298.7343,298.7343,298.7343,6372.9992,0.01567352,1427.2863,1309.7925,5211.2546,5328.7484,0.01281637,0.01310533,0.00065306,46.6616,168.5752,2.9478,99.0827,12.5730,6068.7939,33.6119,44.8794,47.4773,8.4329,14.3073,34.3462,193.1745,204.3903,207.7145,14.3073,-10.2195,14.285714,14.518058,3.261379,29,153,76,7,0.30198559,0.01632659,0.04432358,0E-8,0.000000,0.933652,0.003213,-0.04010948,2026-03-22,2026-08-05,67,528,415,137,0.489051,0.945283,0.961806,1.006619,,,,,,,,GLOBAL_BASELINE_NO_ENTITY_RANKING,,,NOT_APPLICABLE_GLOBAL_BASELINE,HF9g-P5,,,,X 全窗基线 · 不参与实体赏罚,14192591,1420,A168_HF9F_20260827_0900,2026-08-27 09:00:00
2026-07-20,129130207,2174,0,204.3903037242,-24.5268364470,-24.5268364470,0.5000000,7,2,0.42085525763860359,0.202578058334,0.22671336862036384,1.0465204264945125,0.22671336862036384,0.21827719930460359,ELIGIBLE,R03b_20260811_FULL_v1,L1_ELIGIBILITY,v2026-08-11,2026-03-21..2026-08-06,baccarat_bet02_101_all_pairs_incl_sentinel,round_win = game_pnl > 0 (decisive only),COMPATIBILITY_ONLY_NOT_PRODUCTION,406609.1881,379631.3579,6638.5409,8714,2252,-0.01632659,-0.04432358,-0.00421410,-0.01632659,-6638.5409,406609.1881,OK,0.0000,265.5416,4.0000,96.0000,AG03-UNRESOLVED,ALL5_LEVELS_bet23_to_bet27,265.5416,265.5416,298.7343,298.7343,298.7343,4.000000,4.000000,4.500000,4.500000,4.500000,96.000000,96.000000,95.500000,95.500000,95.500000,5.0,1427.2863,1309.7925,5211.2546,5328.7484,PENDING_AG03,FALSE,NOT_FOR_ENFORCEMENT,6372.9992,364446.1036,6638.5409,6372.9992,265.5416,0.01632659,0.01567352,265.5416,6372.9992,0.01567352,265.5416,265.5416,298.7343,298.7343,298.7343,6372.9992,0.01567352,1427.2863,1309.7925,5211.2546,5328.7484,0.01281637,0.01310533,0.00065306,46.6616,168.5752,2.9478,99.0827,12.5730,6068.7939,33.6119,44.8794,47.4773,8.4329,14.3073,34.3462,193.1745,204.3903,207.7145,14.3073,-10.2195,14.285714,14.518058,3.261379,29,153,76,7,0.30198559,0.01632659,0.04432358,0E-8,0.000000,0.933652,0.003213,-0.04010948,2026-03-22,2026-08-05,67,528,415,137,0.489051,0.945283,0.961806,1.006619,,,,,,,,GLOBAL_BASELINE_NO_ENTITY_RANKING,,,NOT_APPLICABLE_GLOBAL_BASELINE,HF9g-P5,,,,X 全窗基线 · 不参与实体赏罚,14192592,1420,A168_HF9F_20260827_0900,2026-08-27 09:00:00
2026-07-20,129130207,2237,0,130.6054040797,-130.6054040797,-130.6054040797,0E-7,4,1,0.44029887527357330,0.187662550000,-0.8869429749342271,-0.48064072822218945,-0.8869429749342271,0.25263632527357330,ELIGIBLE,R03b_20260811_FULL_v1,L1_ELIGIBILITY,v2026-08-11,2026-03-21..2026-08-06,baccarat_bet02_101_all_pairs_incl_sentinel,round_win = game_pnl > 0 (decisive only),COMPATIBILITY_ONLY_NOT_PRODUCTION,406609.1881,379631.3579,6638.5409,8714,2252,-0.01632659,-0.04432358,-0.00421410,-0.01632659,-6638.5409,406609.1881,OK,0.0000,265.5416,4.0000,96.0000,AG03-UNRESOLVED,ALL5_LEVELS_bet23_to_bet27,265.5416,265.5416,298.7343,298.7343,298.7343,4.000000,4.000000,4.500000,4.500000,4.500000,96.000000,96.000000,95.500000,95.500000,95.500000,5.0,1427.2863,1309.7925,5211.2546,5328.7484,PENDING_AG03,FALSE,NOT_FOR_ENFORCEMENT,6372.9992,364446.1036,6638.5409,6372.9992,265.5416,0.01632659,0.01567352,265.5416,6372.9992,0.01567352,265.5416,265.5416,298.7343,298.7343,298.7343,6372.9992,0.01567352,1427.2863,1309.7925,5211.2546,5328.7484,0.01281637,0.01310533,0.00065306,46.6616,168.5752,2.9478,99.0827,12.5730,6068.7939,33.6119,44.8794,47.4773,8.4329,14.3073,34.3462,193.1745,204.3903,207.7145,14.3073,-10.2195,14.285714,14.518058,3.261379,29,153,76,7,0.30198559,0.01632659,0.04432358,0E-8,0.000000,0.933652,0.003213,-0.04010948,2026-03-22,2026-08-05,67,528,415,137,0.489051,0.945283,0.961806,1.006619,,,,,,,,GLOBAL_BASELINE_NO_ENTITY_RANKING,,,NOT_APPLICABLE_GLOBAL_BASELINE,HF9g-P5,,,,X 全窗基线 · 不参与实体赏罚,14192593,1420,A168_HF9F_20260827_0900,2026-08-27 09:00:00
2026-07-20,129130207,595,0,288.1903282510,-70.5146547849,-70.5146547849,0.3333333,12,3,0.42784110660568897,0.187662550000,-0.3308480484518145,0.6462135179418145,-0.3308480484518145,0.24017855660568897,ELIGIBLE,R03b_20260811_FULL_v1,L1_ELIGIBILITY,v2026-08-11,2026-03-21..2026-08-06,baccarat_bet02_101_all_pairs_incl_sentinel,round_win = game_pnl > 0 (decisive only),COMPATIBILITY_ONLY_NOT_PRODUCTION,406609.1881,379631.3579,6638.5409,8714,2252,-0.01632659,-0.04432358,-0.00421410,-0.01632659,-6638.5409,406609.1881,OK,0.0000,265.5416,4.0000,96.0000,AG03-UNRESOLVED,ALL5_LEVELS_bet23_to_bet27,265.5416,265.5416,298.7343,298.7343,298.7343,4.000000,4.000000,4.500000,4.500000,4.500000,96.000000,96.000000,95.500000,95.500000,95.500000,5.0,1427.2863,1309.7925,5211.2546,5328.7484,PENDING_AG03,FALSE,NOT_FOR_ENFORCEMENT,6372.9992,364446.1036,6638.5409,6372.9992,265.5416,0.01632659,0.01567352,265.5416,6372.9992,0.01567352,265.5416,265.5416,298.7343,298.7343,298.7343,6372.9992,0.01567352,1427.2863,1309.7925,5211.2546,5328.7484,0.01281637,0.01310533,0.00065306,46.6616,168.5752,2.9478,99.0827,12.5730,6068.7939,33.6119,44.8794,47.4773,8.4329,14.3073,34.3462,193.1745,204.3903,207.7145,14.3073,-10.2195,14.285714,14.518058,3.261379,29,153,76,7,0.30198559,0.01632659,0.04432358,0E-8,0.000000,0.933652,0.003213,-0.04010948,2026-03-22,2026-08-05,67,528,415,137,0.489051,0.945283,0.961806,1.006619,,,,,,,,GLOBAL_BASELINE_NO_ENTITY_RANKING,,,NOT_APPLICABLE_GLOBAL_BASELINE,HF9g-P5,,,,X 全窗基线 · 不参与实体赏罚,14192594,1420,A168_HF9F_20260827_0900,2026-08-27 09:00:00
2026-07-22,129130207,-1,1,1558.4760658958,-241.1703388794,-241.1703388794,0.5714286,56,14,0.42003784441485292,0.186944414286,1.147675879362145,3.6899977508366817,1.147675879362145,0.23309343012885292,SENTINEL_DEALER,R03b_20260811_FULL_v1,L1_ELIGIBILITY,v2026-08-11,2026-03-21..2026-08-06,baccarat_bet02_101_all_pairs_incl_sentinel,round_win = game_pnl > 0 (decisive only),COMPATIBILITY_ONLY_NOT_PRODUCTION,406609.1881,379631.3579,6638.5409,8714,2252,-0.01632659,-0.04432358,-0.00421410,-0.01632659,-6638.5409,406609.1881,OK,0.0000,265.5416,4.0000,96.0000,AG03-UNRESOLVED,ALL5_LEVELS_bet23_to_bet27,265.5416,265.5416,298.7343,298.7343,298.7343,4.000000,4.000000,4.500000,4.500000,4.500000,96.000000,96.000000,95.500000,95.500000,95.500000,5.0,1427.2863,1309.7925,5211.2546,5328.7484,PENDING_AG03,FALSE,NOT_FOR_ENFORCEMENT,6372.9992,364446.1036,6638.5409,6372.9992,265.5416,0.01632659,0.01567352,265.5416,6372.9992,0.01567352,265.5416,265.5416,298.7343,298.7343,298.7343,6372.9992,0.01567352,1427.2863,1309.7925,5211.2546,5328.7484,0.01281637,0.01310533,0.00065306,46.6616,168.5752,2.9478,99.0827,12.5730,6068.7939,33.6119,44.8794,47.4773,8.4329,14.3073,34.3462,193.1745,204.3903,207.7145,14.3073,-10.2195,14.285714,14.518058,3.261379,29,153,76,7,0.30198559,0.01632659,0.04432358,0E-8,0.000000,0.933652,0.003213,-0.04010948,2026-03-22,2026-08-05,67,528,415,137,0.489051,0.945283,0.961806,1.006619,,,,,,,,GLOBAL_BASELINE_NO_ENTITY_RANKING,,,NOT_APPLICABLE_GLOBAL_BASELINE,HF9g-P5,,,,X 全窗基线 · 不参与实体赏罚,14192595,1420,A168_HF9F_20260827_0900,2026-08-27 09:00:00
2026-07-22,129130207,1951,0,407.7586559296,32.6513510197,32.6513510197,0.6666667,12,3,0.42360429421753955,0.187662550000,0.8519965077147069,2.1249211973513655,0.8519965077147069,0.23594174421753955,ELIGIBLE,R03b_20260811_FULL_v1,L1_ELIGIBILITY,v2026-08-11,2026-03-21..2026-08-06,baccarat_bet02_101_all_pairs_incl_sentinel,round_win = game_pnl > 0 (decisive only),COMPATIBILITY_ONLY_NOT_PRODUCTION,406609.1881,379631.3579,6638.5409,8714,2252,-0.01632659,-0.04432358,-0.00421410,-0.01632659,-6638.5409,406609.1881,OK,0.0000,265.5416,4.0000,96.0000,AG03-UNRESOLVED,ALL5_LEVELS_bet23_to_bet27,265.5416,265.5416,298.7343,298.7343,298.7343,4.000000,4.000000,4.500000,4.500000,4.500000,96.000000,96.000000,95.500000,95.500000,95.500000,5.0,1427.2863,1309.7925,5211.2546,5328.7484,PENDING_AG03,FALSE,NOT_FOR_ENFORCEMENT,6372.9992,364446.1036,6638.5409,6372.9992,265.5416,0.01632659,0.01567352,265.5416,6372.9992,0.01567352,265.5416,265.5416,298.7343,298.7343,298.7343,6372.9992,0.01567352,1427.2863,1309.7925,5211.2546,5328.7484,0.01281637,0.01310533,0.00065306,46.6616,168.5752,2.9478,99.0827,12.5730,6068.7939,33.6119,44.8794,47.4773,8.4329,14.3073,34.3462,193.1745,204.3903,207.7145,14.3073,-10.2195,14.285714,14.518058,3.261379,29,153,76,7,0.30198559,0.01632659,0.04432358,0E-8,0.000000,0.933652,0.003213,-0.04010948,2026-03-22,2026-08-05,67,528,415,137,0.489051,0.945283,0.961806,1.006619,,,,,,,,GLOBAL_BASELINE_NO_ENTITY_RANKING,,,NOT_APPLICABLE_GLOBAL_BASELINE,HF9g-P5,,,,X 全窗基线 · 不参与实体赏罚,14192596,1420,A168_HF9F_20260827_0900,2026-08-27 09:00:00
2026-07-23,129130207,-1,1,1287.6589134613,-470.0976985653,-470.0976985653,0.3333333,21,6,0.41550227980052322,0.238034491667,-0.40841833224831947,0.5481199947528008,-0.40841833224831947,0.17746778813352322,SENTINEL_DEALER,R03b_20260811_FULL_v1,L1_ELIGIBILITY,v2026-08-11,2026-03-21..2026-08-06,baccarat_bet02_101_all_pairs_incl_sentinel,round_win = game_pnl > 0 (decisive only),COMPATIBILITY_ONLY_NOT_PRODUCTION,406609.1881,379631.3579,6638.5409,8714,2252,-0.01632659,-0.04432358,-0.00421410,-0.01632659,-6638.5409,406609.1881,OK,0.0000,265.5416,4.0000,96.0000,AG03-UNRESOLVED,ALL5_LEVELS_bet23_to_bet27,265.5416,265.5416,298.7343,298.7343,298.7343,4.000000,4.000000,4.500000,4.500000,4.500000,96.000000,96.000000,95.500000,95.500000,95.500000,5.0,1427.2863,1309.7925,5211.2546,5328.7484,PENDING_AG03,FALSE,NOT_FOR_ENFORCEMENT,6372.9992,364446.1036,6638.5409,6372.9992,265.5416,0.01632659,0.01567352,265.5416,6372.9992,0.01567352,265.5416,265.5416,298.7343,298.7343,298.7343,6372.9992,0.01567352,1427.2863,1309.7925,5211.2546,5328.7484,0.01281637,0.01310533,0.00065306,46.6616,168.5752,2.9478,99.0827,12.5730,6068.7939,33.6119,44.8794,47.4773,8.4329,14.3073,34.3462,193.1745,204.3903,207.7145,14.3073,-10.2195,14.285714,14.518058,3.261379,29,153,76,7,0.30198559,0.01632659,0.04432358,0E-8,0.000000,0.933652,0.003213,-0.04010948,2026-03-22,2026-08-05,67,528,415,137,0.489051,0.945283,0.961806,1.006619,,,,,,,,GLOBAL_BASELINE_NO_ENTITY_RANKING,,,NOT_APPLICABLE_GLOBAL_BASELINE,HF9g-P5,,,,X 全窗基线 · 不参与实体赏罚,14192597,1420,A168_HF9F_20260827_0900,2026-08-27 09:00:00
2026-07-23,129130207,1221,0,8.1756121490,-8.1756121490,-8.1756121490,0E-7,2,1,0.08464455000000000,0.084644550000,-0.30409173354396396,-0.3040917335439639,-0.30409173354396396,0E-17,ELIGIBLE,R03b_20260811_FULL_v1,L1_ELIGIBILITY,v2026-08-11,2026-03-21..2026-08-06,baccarat_bet02_101_all_pairs_incl_sentinel,round_win = game_pnl > 0 (decisive only),COMPATIBILITY_ONLY_NOT_PRODUCTION,406609.1881,379631.3579,6638.5409,8714,2252,-0.01632659,-0.04432358,-0.00421410,-0.01632659,-6638.5409,406609.1881,OK,0.0000,265.5416,4.0000,96.0000,AG03-UNRESOLVED,ALL5_LEVELS_bet23_to_bet27,265.5416,265.5416,298.7343,298.7343,298.7343,4.000000,4.000000,4.500000,4.500000,4.500000,96.000000,96.000000,95.500000,95.500000,95.500000,5.0,1427.2863,1309.7925,5211.2546,5328.7484,PENDING_AG03,FALSE,NOT_FOR_ENFORCEMENT,6372.9992,364446.1036,6638.5409,6372.9992,265.5416,0.01632659,0.01567352,265.5416,6372.9992,0.01567352,265.5416,265.5416,298.7343,298.7343,298.7343,6372.9992,0.01567352,1427.2863,1309.7925,5211.2546,5328.7484,0.01281637,0.01310533,0.00065306,46.6616,168.5752,2.9478,99.0827,12.5730,6068.7939,33.6119,44.8794,47.4773,8.4329,14.3073,34.3462,193.1745,204.3903,207.7145,14.3073,-10.2195,14.285714,14.518058,3.261379,29,153,76,7,0.30198559,0.01632659,0.04432358,0E-8,0.000000,0.933652,0.003213,-0.04010948,2026-03-22,2026-08-05,67,528,415,137,0.489051,0.945283,0.961806,1.006619,,,,,,,,GLOBAL_BASELINE_NO_ENTITY_RANKING,,,NOT_APPLICABLE_GLOBAL_BASELINE,HF9g-P5,,,,X 全窗基线 · 不参与实体赏罚,14192598,1420,A168_HF9F_20260827_0900,2026-08-27 09:00:00
2026-07-23,129130207,1401,0,122.6341822345,49.0536728937,49.0536728937,1.0000000,4,1,0.42158719333298652,0.187662550000,1.171319154151226,2.080556102057424,1.171319154151226,0.23392464333298652,ELIGIBLE,R03b_20260811_FULL_v1,L1_ELIGIBILITY,v2026-08-11,2026-03-21..2026-08-06,baccarat_bet02_101_all_pairs_incl_sentinel,round_win = game_pnl > 0 (decisive only),COMPATIBILITY_ONLY_NOT_PRODUCTION,406609.1881,379631.3579,6638.5409,8714,2252,-0.01632659,-0.04432358,-0.00421410,-0.01632659,-6638.5409,406609.1881,OK,0.0000,265.5416,4.0000,96.0000,AG03-UNRESOLVED,ALL5_LEVELS_bet23_to_bet27,265.5416,265.5416,298.7343,298.7343,298.7343,4.000000,4.000000,4.500000,4.500000,4.500000,96.000000,96.000000,95.500000,95.500000,95.500000,5.0,1427.2863,1309.7925,5211.2546,5328.7484,PENDING_AG03,FALSE,NOT_FOR_ENFORCEMENT,6372.9992,364446.1036,6638.5409,6372.9992,265.5416,0.01632659,0.01567352,265.5416,6372.9992,0.01567352,265.5416,265.5416,298.7343,298.7343,298.7343,6372.9992,0.01567352,1427.2863,1309.7925,5211.2546,5328.7484,0.01281637,0.01310533,0.00065306,46.6616,168.5752,2.9478,99.0827,12.5730,6068.7939,33.6119,44.8794,47.4773,8.4329,14.3073,34.3462,193.1745,204.3903,207.7145,14.3073,-10.2195,14.285714,14.518058,3.261379,29,153,76,7,0.30198559,0.01632659,0.04432358,0E-8,0.000000,0.933652,0.003213,-0.04010948,2026-03-22,2026-08-05,67,528,415,137,0.489051,0.945283,0.961806,1.006619,,,,,,,,GLOBAL_BASELINE_NO_ENTITY_RANKING,,,NOT_APPLICABLE_GLOBAL_BASELINE,HF9g-P5,,,,X 全窗基线 · 不参与实体赏罚,14192599,1420,A168_HF9F_20260827_0900,2026-08-27 09:00:00
2026-07-23,129130207,2093,0,204.3903037242,-204.3903037242,-204.3903037242,0E-7,8,2,0.42766315809494649,0.187662550000,-1.22247522338415,-0.6797286364807011,-1.22247522338415,0.24000060809494649,ELIGIBLE,R03b_20260811_FULL_v1,L1_ELIGIBILITY,v2026-08-11,2026-03-21..2026-08-06,baccarat_bet02_101_all_pairs_incl_sentinel,round_win = game_pnl > 0 (decisive only),COMPATIBILITY_ONLY_NOT_PRODUCTION,406609.1881,379631.3579,6638.5409,8714,2252,-0.01632659,-0.04432358,-0.00421410,-0.01632659,-6638.5409,406609.1881,OK,0.0000,265.5416,4.0000,96.0000,AG03-UNRESOLVED,ALL5_LEVELS_bet23_to_bet27,265.5416,265.5416,298.7343,298.7343,298.7343,4.000000,4.000000,4.500000,4.500000,4.500000,96.000000,96.000000,95.500000,95.500000,95.500000,5.0,1427.2863,1309.7925,5211.2546,5328.7484,PENDING_AG03,FALSE,NOT_FOR_ENFORCEMENT,6372.9992,364446.1036,6638.5409,6372.9992,265.5416,0.01632659,0.01567352,265.5416,6372.9992,0.01567352,265.5416,265.5416,298.7343,298.7343,298.7343,6372.9992,0.01567352,1427.2863,1309.7925,5211.2546,5328.7484,0.01281637,0.01310533,0.00065306,46.6616,168.5752,2.9478,99.0827,12.5730,6068.7939,33.6119,44.8794,47.4773,8.4329,14.3073,34.3462,193.1745,204.3903,207.7145,14.3073,-10.2195,14.285714,14.518058,3.261379,29,153,76,7,0.30198559,0.01632659,0.04432358,0E-8,0.000000,0.933652,0.003213,-0.04010948,2026-03-22,2026-08-05,67,528,415,137,0.489051,0.945283,0.961806,1.006619,,,,,,,,GLOBAL_BASELINE_NO_ENTITY_RANKING,,,NOT_APPLICABLE_GLOBAL_BASELINE,HF9g-P5,,,,X 全窗基线 · 不参与实体赏罚,14192600,1420,A168_HF9F_20260827_0900,2026-08-27 09:00:00
2026-07-23,129130207,2142,0,2364.7958140875,899.3173363850,899.3173363850,0.7000000,37,10,0.41272966799405395,0.215204675000,1.8451806920263394,3.7303911211971434,1.8451806920263394,0.19752499299405395,ELIGIBLE,R03b_20260811_FULL_v1,L1_ELIGIBILITY,v2026-08-11,2026-03-21..2026-08-06,baccarat_bet02_101_all_pairs_incl_sentinel,round_win = game_pnl > 0 (decisive only),COMPATIBILITY_ONLY_NOT_PRODUCTION,406609.1881,379631.3579,6638.5409,8714,2252,-0.01632659,-0.04432358,-0.00421410,-0.01632659,-6638.5409,406609.1881,OK,0.0000,265.5416,4.0000,96.0000,AG03-UNRESOLVED,ALL5_LEVELS_bet23_to_bet27,265.5416,265.5416,298.7343,298.7343,298.7343,4.000000,4.000000,4.500000,4.500000,4.500000,96.000000,96.000000,95.500000,95.500000,95.500000,5.0,1427.2863,1309.7925,5211.2546,5328.7484,PENDING_AG03,FALSE,NOT_FOR_ENFORCEMENT,6372.9992,364446.1036,6638.5409,6372.9992,265.5416,0.01632659,0.01567352,265.5416,6372.9992,0.01567352,265.5416,265.5416,298.7343,298.7343,298.7343,6372.9992,0.01567352,1427.2863,1309.7925,5211.2546,5328.7484,0.01281637,0.01310533,0.00065306,46.6616,168.5752,2.9478,99.0827,12.5730,6068.7939,33.6119,44.8794,47.4773,8.4329,14.3073,34.3462,193.1745,204.3903,207.7145,14.3073,-10.2195,14.285714,14.518058,3.261379,29,153,76,7,0.30198559,0.01632659,0.04432358,0E-8,0.000000,0.933652,0.003213,-0.04010948,2026-03-22,2026-08-05,67,528,415,137,0.489051,0.945283,0.961806,1.006619,,,,,,,,GLOBAL_BASELINE_NO_ENTITY_RANKING,,,NOT_APPLICABLE_GLOBAL_BASELINE,HF9g-P5,,,,X 全窗基线 · 不参与实体赏罚,14192601,1420,A168_HF9F_20260827_0900,2026-08-27 09:00:00
2026-07-23,129130207,2188,0,294.3220373628,-112.4146670484,-112.4146670484,0.5000000,8,2,0.43508802253135300,0.187662550000,0.18516584529071137,1.1313110101635044,0.18516584529071137,0.24742547253135300,ELIGIBLE,R03b_20260811_FULL_v1,L1_ELIGIBILITY,v2026-08-11,2026-03-21..2026-08-06,baccarat_bet02_101_all_pairs_incl_sentinel,round_win = game_pnl > 0 (decisive only),COMPATIBILITY_ONLY_NOT_PRODUCTION,406609.1881,379631.3579,6638.5409,8714,2252,-0.01632659,-0.04432358,-0.00421410,-0.01632659,-6638.5409,406609.1881,OK,0.0000,265.5416,4.0000,96.0000,AG03-UNRESOLVED,ALL5_LEVELS_bet23_to_bet27,265.5416,265.5416,298.7343,298.7343,298.7343,4.000000,4.000000,4.500000,4.500000,4.500000,96.000000,96.000000,95.500000,95.500000,95.500000,5.0,1427.2863,1309.7925,5211.2546,5328.7484,PENDING_AG03,FALSE,NOT_FOR_ENFORCEMENT,6372.9992,364446.1036,6638.5409,6372.9992,265.5416,0.01632659,0.01567352,265.5416,6372.9992,0.01567352,265.5416,265.5416,298.7343,298.7343,298.7343,6372.9992,0.01567352,1427.2863,1309.7925,5211.2546,5328.7484,0.01281637,0.01310533,0.00065306,46.6616,168.5752,2.9478,99.0827,12.5730,6068.7939,33.6119,44.8794,47.4773,8.4329,14.3073,34.3462,193.1745,204.3903,207.7145,14.3073,-10.2195,14.285714,14.518058,3.261379,29,153,76,7,0.30198559,0.01632659,0.04432358,0E-8,0.000000,0.933652,0.003213,-0.04010948,2026-03-22,2026-08-05,67,528,415,137,0.489051,0.945283,0.961806,1.006619,,,,,,,,GLOBAL_BASELINE_NO_ENTITY_RANKING,,,NOT_APPLICABLE_GLOBAL_BASELINE,HF9g-P5,,,,X 全窗基线 · 不参与实体赏罚,14192602,1420,A168_HF9F_20260827_0900,2026-08-27 09:00:00
2026-07-23,129130207,2216,0,312.7171646978,-214.6098189102,-214.6098189102,0E-7,8,2,0.43668661059124883,0.187662550000,-1.2451592488677656,-0.6797286364807011,-1.2451592488677656,0.24902406059124883,ELIGIBLE,R03b_20260811_FULL_v1,L1_ELIGIBILITY,v2026-08-11,2026-03-21..2026-08-06,baccarat_bet02_101_all_pairs_incl_sentinel,round_win = game_pnl > 0 (decisive only),COMPATIBILITY_ONLY_NOT_PRODUCTION,406609.1881,379631.3579,6638.5409,8714,2252,-0.01632659,-0.04432358,-0.00421410,-0.01632659,-6638.5409,406609.1881,OK,0.0000,265.5416,4.0000,96.0000,AG03-UNRESOLVED,ALL5_LEVELS_bet23_to_bet27,265.5416,265.5416,298.7343,298.7343,298.7343,4.000000,4.000000,4.500000,4.500000,4.500000,96.000000,96.000000,95.500000,95.500000,95.500000,5.0,1427.2863,1309.7925,5211.2546,5328.7484,PENDING_AG03,FALSE,NOT_FOR_ENFORCEMENT,6372.9992,364446.1036,6638.5409,6372.9992,265.5416,0.01632659,0.01567352,265.5416,6372.9992,0.01567352,265.5416,265.5416,298.7343,298.7343,298.7343,6372.9992,0.01567352,1427.2863,1309.7925,5211.2546,5328.7484,0.01281637,0.01310533,0.00065306,46.6616,168.5752,2.9478,99.0827,12.5730,6068.7939,33.6119,44.8794,47.4773,8.4329,14.3073,34.3462,193.1745,204.3903,207.7145,14.3073,-10.2195,14.285714,14.518058,3.261379,29,153,76,7,0.30198559,0.01632659,0.04432358,0E-8,0.000000,0.933652,0.003213,-0.04010948,2026-03-22,2026-08-05,67,528,415,137,0.489051,0.945283,0.961806,1.006619,,,,,,,,GLOBAL_BASELINE_NO_ENTITY_RANKING,,,NOT_APPLICABLE_GLOBAL_BASELINE,HF9g-P5,,,,X 全窗基线 · 不参与实体赏罚,14192603,1420,A168_HF9F_20260827_0900,2026-08-27 09:00:00
2026-07-23,129130207,2246,0,257.1230020851,-163.4611454036,-163.4611454036,0.5000000,16,4,0.38986603454885047,0.187662550000,0.45162811570482325,1.5999153738352345,0.45162811570482325,0.20220348454885047,ELIGIBLE,R03b_20260811_FULL_v1,L1_ELIGIBILITY,v2026-08-11,2026-03-21..2026-08-06,baccarat_bet02_101_all_pairs_incl_sentinel,round_win = game_pnl > 0 (decisive only),COMPATIBILITY_ONLY_NOT_PRODUCTION,406609.1881,379631.3579,6638.5409,8714,2252,-0.01632659,-0.04432358,-0.00421410,-0.01632659,-6638.5409,406609.1881,OK,0.0000,265.5416,4.0000,96.0000,AG03-UNRESOLVED,ALL5_LEVELS_bet23_to_bet27,265.5416,265.5416,298.7343,298.7343,298.7343,4.000000,4.000000,4.500000,4.500000,4.500000,96.000000,96.000000,95.500000,95.500000,95.500000,5.0,1427.2863,1309.7925,5211.2546,5328.7484,PENDING_AG03,FALSE,NOT_FOR_ENFORCEMENT,6372.9992,364446.1036,6638.5409,6372.9992,265.5416,0.01632659,0.01567352,265.5416,6372.9992,0.01567352,265.5416,265.5416,298.7343,298.7343,298.7343,6372.9992,0.01567352,1427.2863,1309.7925,5211.2546,5328.7484,0.01281637,0.01310533,0.00065306,46.6616,168.5752,2.9478,99.0827,12.5730,6068.7939,33.6119,44.8794,47.4773,8.4329,14.3073,34.3462,193.1745,204.3903,207.7145,14.3073,-10.2195,14.285714,14.518058,3.261379,29,153,76,7,0.30198559,0.01632659,0.04432358,0E-8,0.000000,0.933652,0.003213,-0.04010948,2026-03-22,2026-08-05,67,528,415,137,0.489051,0.945283,0.961806,1.006619,,,,,,,,GLOBAL_BASELINE_NO_ENTITY_RANKING,,,NOT_APPLICABLE_GLOBAL_BASELINE,HF9g-P5,,,,X 全窗基线 · 不参与实体赏罚,14192604,1420,A168_HF9F_20260827_0900,2026-08-27 09:00:00
2026-07-23,129130207,763,0,143.0732126069,-143.0732126069,-143.0732126069,0E-7,4,1,0.42263195714256101,0.184311250000,-0.8555685175407454,-0.47535020548684115,-0.8555685175407454,0.23832070714256101,ELIGIBLE,R03b_20260811_FULL_v1,L1_ELIGIBILITY,v2026-08-11,2026-03-21..2026-08-06,baccarat_bet02_101_all_pairs_incl_sentinel,round_win = game_pnl > 0 (decisive only),COMPATIBILITY_ONLY_NOT_PRODUCTION,406609.1881,379631.3579,6638.5409,8714,2252,-0.01632659,-0.04432358,-0.00421410,-0.01632659,-6638.5409,406609.1881,OK,0.0000,265.5416,4.0000,96.0000,AG03-UNRESOLVED,ALL5_LEVELS_bet23_to_bet27,265.5416,265.5416,298.7343,298.7343,298.7343,4.000000,4.000000,4.500000,4.500000,4.500000,96.000000,96.000000,95.500000,95.500000,95.500000,5.0,1427.2863,1309.7925,5211.2546,5328.7484,PENDING_AG03,FALSE,NOT_FOR_ENFORCEMENT,6372.9992,364446.1036,6638.5409,6372.9992,265.5416,0.01632659,0.01567352,265.5416,6372.9992,0.01567352,265.5416,265.5416,298.7343,298.7343,298.7343,6372.9992,0.01567352,1427.2863,1309.7925,5211.2546,5328.7484,0.01281637,0.01310533,0.00065306,46.6616,168.5752,2.9478,99.0827,12.5730,6068.7939,33.6119,44.8794,47.4773,8.4329,14.3073,34.3462,193.1745,204.3903,207.7145,14.3073,-10.2195,14.285714,14.518058,3.261379,29,153,76,7,0.30198559,0.01632659,0.04432358,0E-8,0.000000,0.933652,0.003213,-0.04010948,2026-03-22,2026-08-05,67,528,415,137,0.489051,0.945283,0.961806,1.006619,,,,,,,,GLOBAL_BASELINE_NO_ENTITY_RANKING,,,NOT_APPLICABLE_GLOBAL_BASELINE,HF9g-P5,,,,X 全窗基线 · 不参与实体赏罚,14192605,1420,A168_HF9F_20260827_0900,2026-08-27 09:00:00
2026-07-24,129130207,1401,0,1958.0591096763,-81.0407554268,-81.0407554268,0.5454545,44,11,0.43407583834285364,0.187662550000,0.7453093858409437,3.039274445679289,0.7453093858409437,0.24641328834285364,ELIGIBLE,R03b_20260811_FULL_v1,L1_ELIGIBILITY,v2026-08-11,2026-03-21..2026-08-06,baccarat_bet02_101_all_pairs_incl_sentinel,round_win = game_pnl > 0 (decisive only),COMPATIBILITY_ONLY_NOT_PRODUCTION,406609.1881,379631.3579,6638.5409,8714,2252,-0.01632659,-0.04432358,-0.00421410,-0.01632659,-6638.5409,406609.1881,OK,0.0000,265.5416,4.0000,96.0000,AG03-UNRESOLVED,ALL5_LEVELS_bet23_to_bet27,265.5416,265.5416,298.7343,298.7343,298.7343,4.000000,4.000000,4.500000,4.500000,4.500000,96.000000,96.000000,95.500000,95.500000,95.500000,5.0,1427.2863,1309.7925,5211.2546,5328.7484,PENDING_AG03,FALSE,NOT_FOR_ENFORCEMENT,6372.9992,364446.1036,6638.5409,6372.9992,265.5416,0.01632659,0.01567352,265.5416,6372.9992,0.01567352,265.5416,265.5416,298.7343,298.7343,298.7343,6372.9992,0.01567352,1427.2863,1309.7925,5211.2546,5328.7484,0.01281637,0.01310533,0.00065306,46.6616,168.5752,2.9478,99.0827,12.5730,6068.7939,33.6119,44.8794,47.4773,8.4329,14.3073,34.3462,193.1745,204.3903,207.7145,14.3073,-10.2195,14.285714,14.518058,3.261379,29,153,76,7,0.30198559,0.01632659,0.04432358,0E-8,0.000000,0.933652,0.003213,-0.04010948,2026-03-22,2026-08-05,67,528,415,137,0.489051,0.945283,0.961806,1.006619,,,,,,,,GLOBAL_BASELINE_NO_ENTITY_RANKING,,,NOT_APPLICABLE_GLOBAL_BASELINE,HF9g-P5,,,,X 全窗基线 · 不参与实体赏罚,14192606,1420,A168_HF9F_20260827_0900,2026-08-27 09:00:00
2026-07-24,129130207,2101,0,564.1172382782,-19.9280546131,-19.9280546131,0.3333333,12,3,0.43724124143518067,0.187662550000,-0.3628169249448667,0.6462135179418145,-0.3628169249448667,0.24957869143518067,ELIGIBLE,R03b_20260811_FULL_v1,L1_ELIGIBILITY,v2026-08-11,2026-03-21..2026-08-06,baccarat_bet02_101_all_pairs_incl_sentinel,round_win = game_pnl > 0 (decisive only),COMPATIBILITY_ONLY_NOT_PRODUCTION,406609.1881,379631.3579,6638.5409,8714,2252,-0.01632659,-0.04432358,-0.00421410,-0.01632659,-6638.5409,406609.1881,OK,0.0000,265.5416,4.0000,96.0000,AG03-UNRESOLVED,ALL5_LEVELS_bet23_to_bet27,265.5416,265.5416,298.7343,298.7343,298.7343,4.000000,4.000000,4.500000,4.500000,4.500000,96.000000,96.000000,95.500000,95.500000,95.500000,5.0,1427.2863,1309.7925,5211.2546,5328.7484,PENDING_AG03,FALSE,NOT_FOR_ENFORCEMENT,6372.9992,364446.1036,6638.5409,6372.9992,265.5416,0.01632659,0.01567352,265.5416,6372.9992,0.01567352,265.5416,265.5416,298.7343,298.7343,298.7343,6372.9992,0.01567352,1427.2863,1309.7925,5211.2546,5328.7484,0.01281637,0.01310533,0.00065306,46.6616,168.5752,2.9478,99.0827,12.5730,6068.7939,33.6119,44.8794,47.4773,8.4329,14.3073,34.3462,193.1745,204.3903,207.7145,14.3073,-10.2195,14.285714,14.518058,3.261379,29,153,76,7,0.30198559,0.01632659,0.04432358,0E-8,0.000000,0.933652,0.003213,-0.04010948,2026-03-22,2026-08-05,67,528,415,137,0.489051,0.945283,0.961806,1.006619,,,,,,,,GLOBAL_BASELINE_NO_ENTITY_RANKING,,,NOT_APPLICABLE_GLOBAL_BASELINE,HF9g-P5,,,,X 全窗基线 · 不参与实体赏罚,14192607,1420,A168_HF9F_20260827_0900,2026-08-27 09:00:00
2026-07-24,129130207,2117,0,2122.5933041744,100.9688100392,100.9688100392,0.6666667,61,15,0.41922408004181392,0.188609109333,1.9421942566791817,4.732922811541868,1.9421942566791817,0.23061497070881392,ELIGIBLE,R03b_20260811_FULL_v1,L1_ELIGIBILITY,v2026-08-11,2026-03-21..2026-08-06,baccarat_bet02_101_all_pairs_incl_sentinel,round_win = game_pnl > 0 (decisive only),COMPATIBILITY_ONLY_NOT_PRODUCTION,406609.1881,379631.3579,6638.5409,8714,2252,-0.01632659,-0.04432358,-0.00421410,-0.01632659,-6638.5409,406609.1881,OK,0.0000,265.5416,4.0000,96.0000,AG03-UNRESOLVED,ALL5_LEVELS_bet23_to_bet27,265.5416,265.5416,298.7343,298.7343,298.7343,4.000000,4.000000,4.500000,4.500000,4.500000,96.000000,96.000000,95.500000,95.500000,95.500000,5.0,1427.2863,1309.7925,5211.2546,5328.7484,PENDING_AG03,FALSE,NOT_FOR_ENFORCEMENT,6372.9992,364446.1036,6638.5409,6372.9992,265.5416,0.01632659,0.01567352,265.5416,6372.9992,0.01567352,265.5416,265.5416,298.7343,298.7343,298.7343,6372.9992,0.01567352,1427.2863,1309.7925,5211.2546,5328.7484,0.01281637,0.01310533,0.00065306,46.6616,168.5752,2.9478,99.0827,12.5730,6068.7939,33.6119,44.8794,47.4773,8.4329,14.3073,34.3462,193.1745,204.3903,207.7145,14.3073,-10.2195,14.285714,14.518058,3.261379,29,153,76,7,0.30198559,0.01632659,0.04432358,0E-8,0.000000,0.933652,0.003213,-0.04010948,2026-03-22,2026-08-05,67,528,415,137,0.489051,0.945283,0.961806,1.006619,,,,,,,,GLOBAL_BASELINE_NO_ENTITY_RANKING,,,NOT_APPLICABLE_GLOBAL_BASELINE,HF9g-P5,,,,X 全窗基线 · 不参与实体赏罚,14192608,1420,A168_HF9F_20260827_0900,2026-08-27 09:00:00
2026-07-26,129130207,-1,1,523.0347872302,-123.2780116915,-123.2780116915,0.4000000,17,5,0.44699397937280871,0.251460180000,-0.2113544798484027,0.7655716280980137,-0.2113544798484027,0.19553379937280871,SENTINEL_DEALER,R03b_20260811_FULL_v1,L1_ELIGIBILITY,v2026-08-11,2026-03-21..2026-08-06,baccarat_bet02_101_all_pairs_incl_sentinel,round_win = game_pnl > 0 (decisive only),COMPATIBILITY_ONLY_NOT_PRODUCTION,406609.1881,379631.3579,6638.5409,8714,2252,-0.01632659,-0.04432358,-0.00421410,-0.01632659,-6638.5409,406609.1881,OK,0.0000,265.5416,4.0000,96.0000,AG03-UNRESOLVED,ALL5_LEVELS_bet23_to_bet27,265.5416,265.5416,298.7343,298.7343,298.7343,4.000000,4.000000,4.500000,4.500000,4.500000,96.000000,96.000000,95.500000,95.500000,95.500000,5.0,1427.2863,1309.7925,5211.2546,5328.7484,PENDING_AG03,FALSE,NOT_FOR_ENFORCEMENT,6372.9992,364446.1036,6638.5409,6372.9992,265.5416,0.01632659,0.01567352,265.5416,6372.9992,0.01567352,265.5416,265.5416,298.7343,298.7343,298.7343,6372.9992,0.01567352,1427.2863,1309.7925,5211.2546,5328.7484,0.01281637,0.01310533,0.00065306,46.6616,168.5752,2.9478,99.0827,12.5730,6068.7939,33.6119,44.8794,47.4773,8.4329,14.3073,34.3462,193.1745,204.3903,207.7145,14.3073,-10.2195,14.285714,14.518058,3.261379,29,153,76,7,0.30198559,0.01632659,0.04432358,0E-8,0.000000,0.933652,0.003213,-0.04010948,2026-03-22,2026-08-05,67,528,415,137,0.489051,0.945283,0.961806,1.006619,,,,,,,,GLOBAL_BASELINE_NO_ENTITY_RANKING,,,NOT_APPLICABLE_GLOBAL_BASELINE,HF9g-P5,,,,X 全窗基线 · 不参与实体赏罚,14192609,1420,A168_HF9F_20260827_0900,2026-08-27 09:00:00
2026-07-26,129130207,1947,0,306.5854555862,-122.6341822345,-122.6341822345,0.5000000,8,2,0.43001068993493047,0.187662550000,0.19992804938708253,1.1313110101635044,0.19992804938708253,0.24234813993493047,ELIGIBLE,R03b_20260811_FULL_v1,L1_ELIGIBILITY,v2026-08-11,2026-03-21..2026-08-06,baccarat_bet02_101_all_pairs_incl_sentinel,round_win = game_pnl > 0 (decisive only),COMPATIBILITY_ONLY_NOT_PRODUCTION,406609.1881,379631.3579,6638.5409,8714,2252,-0.01632659,-0.04432358,-0.00421410,-0.01632659,-6638.5409,406609.1881,OK,0.0000,265.5416,4.0000,96.0000,AG03-UNRESOLVED,ALL5_LEVELS_bet23_to_bet27,265.5416,265.5416,298.7343,298.7343,298.7343,4.000000,4.000000,4.500000,4.500000,4.500000,96.000000,96.000000,95.500000,95.500000,95.500000,5.0,1427.2863,1309.7925,5211.2546,5328.7484,PENDING_AG03,FALSE,NOT_FOR_ENFORCEMENT,6372.9992,364446.1036,6638.5409,6372.9992,265.5416,0.01632659,0.01567352,265.5416,6372.9992,0.01567352,265.5416,265.5416,298.7343,298.7343,298.7343,6372.9992,0.01567352,1427.2863,1309.7925,5211.2546,5328.7484,0.01281637,0.01310533,0.00065306,46.6616,168.5752,2.9478,99.0827,12.5730,6068.7939,33.6119,44.8794,47.4773,8.4329,14.3073,34.3462,193.1745,204.3903,207.7145,14.3073,-10.2195,14.285714,14.518058,3.261379,29,153,76,7,0.30198559,0.01632659,0.04432358,0E-8,0.000000,0.933652,0.003213,-0.04010948,2026-03-22,2026-08-05,67,528,415,137,0.489051,0.945283,0.961806,1.006619,,,,,,,,GLOBAL_BASELINE_NO_ENTITY_RANKING,,,NOT_APPLICABLE_GLOBAL_BASELINE,HF9g-P5,,,,X 全窗基线 · 不参与实体赏罚,14192610,1420,A168_HF9F_20260827_0900,2026-08-27 09:00:00
2026-07-26,129130207,1994,0,604.9952990232,134.8976004578,134.8976004578,0.6666667,12,3,0.42184345289920303,0.184311250000,0.8586473647069184,2.154713976331125,0.8586473647069184,0.23753220289920303,ELIGIBLE,R03b_20260811_FULL_v1,L1_ELIGIBILITY,v2026-08-11,2026-03-21..2026-08-06,baccarat_bet02_101_all_pairs_incl_sentinel,round_win = game_pnl > 0 (decisive only),COMPATIBILITY_ONLY_NOT_PRODUCTION,406609.1881,379631.3579,6638.5409,8714,2252,-0.01632659,-0.04432358,-0.00421410,-0.01632659,-6638.5409,406609.1881,OK,0.0000,265.5416,4.0000,96.0000,AG03-UNRESOLVED,ALL5_LEVELS_bet23_to_bet27,265.5416,265.5416,298.7343,298.7343,298.7343,4.000000,4.000000,4.500000,4.500000,4.500000,96.000000,96.000000,95.500000,95.500000,95.500000,5.0,1427.2863,1309.7925,5211.2546,5328.7484,PENDING_AG03,FALSE,NOT_FOR_ENFORCEMENT,6372.9992,364446.1036,6638.5409,6372.9992,265.5416,0.01632659,0.01567352,265.5416,6372.9992,0.01567352,265.5416,265.5416,298.7343,298.7343,298.7343,6372.9992,0.01567352,1427.2863,1309.7925,5211.2546,5328.7484,0.01281637,0.01310533,0.00065306,46.6616,168.5752,2.9478,99.0827,12.5730,6068.7939,33.6119,44.8794,47.4773,8.4329,14.3073,34.3462,193.1745,204.3903,207.7145,14.3073,-10.2195,14.285714,14.518058,3.261379,29,153,76,7,0.30198559,0.01632659,0.04432358,0E-8,0.000000,0.933652,0.003213,-0.04010948,2026-03-22,2026-08-05,67,528,415,137,0.489051,0.945283,0.961806,1.006619,,,,,,,,GLOBAL_BASELINE_NO_ENTITY_RANKING,,,NOT_APPLICABLE_GLOBAL_BASELINE,HF9g-P5,,,,X 全窗基线 · 不参与实体赏罚,14192611,1420,A168_HF9F_20260827_0900,2026-08-27 09:00:00
2026-07-26,129130207,2145,0,81.7561214896,-81.7561214896,-81.7561214896,0E-7,4,1,0.42125545250011054,0.187662550000,-0.8531576933282083,-0.48064072822218945,-0.8531576933282083,0.23359290250011054,ELIGIBLE,R03b_20260811_FULL_v1,L1_ELIGIBILITY,v2026-08-11,2026-03-21..2026-08-06,baccarat_bet02_101_all_pairs_incl_sentinel,round_win = game_pnl > 0 (decisive only),COMPATIBILITY_ONLY_NOT_PRODUCTION,406609.1881,379631.3579,6638.5409,8714,2252,-0.01632659,-0.04432358,-0.00421410,-0.01632659,-6638.5409,406609.1881,OK,0.0000,265.5416,4.0000,96.0000,AG03-UNRESOLVED,ALL5_LEVELS_bet23_to_bet27,265.5416,265.5416,298.7343,298.7343,298.7343,4.000000,4.000000,4.500000,4.500000,4.500000,96.000000,96.000000,95.500000,95.500000,95.500000,5.0,1427.2863,1309.7925,5211.2546,5328.7484,PENDING_AG03,FALSE,NOT_FOR_ENFORCEMENT,6372.9992,364446.1036,6638.5409,6372.9992,265.5416,0.01632659,0.01567352,265.5416,6372.9992,0.01567352,265.5416,265.5416,298.7343,298.7343,298.7343,6372.9992,0.01567352,1427.2863,1309.7925,5211.2546,5328.7484,0.01281637,0.01310533,0.00065306,46.6616,168.5752,2.9478,99.0827,12.5730,6068.7939,33.6119,44.8794,47.4773,8.4329,14.3073,34.3462,193.1745,204.3903,207.7145,14.3073,-10.2195,14.285714,14.518058,3.261379,29,153,76,7,0.30198559,0.01632659,0.04432358,0E-8,0.000000,0.933652,0.003213,-0.04010948,2026-03-22,2026-08-05,67,528,415,137,0.489051,0.945283,0.961806,1.006619,,,,,,,,GLOBAL_BASELINE_NO_ENTITY_RANKING,,,NOT_APPLICABLE_GLOBAL_BASELINE,HF9g-P5,,,,X 全窗基线 · 不参与实体赏罚,14192612,1420,A168_HF9F_20260827_0900,2026-08-27 09:00:00
2026-07-26,129130207,2254,0,259.5756857296,-259.5756857296,-259.5756857296,0E-7,4,1,0.40567358661402329,0.184311250000,-0.8261822304902202,-0.47535020548684115,-0.8261822304902202,0.22136233661402329,ELIGIBLE,R03b_20260811_FULL_v1,L1_ELIGIBILITY,v2026-08-11,2026-03-21..2026-08-06,baccarat_bet02_101_all_pairs_incl_sentinel,round_win = game_pnl > 0 (decisive only),COMPATIBILITY_ONLY_NOT_PRODUCTION,406609.1881,379631.3579,6638.5409,8714,2252,-0.01632659,-0.04432358,-0.00421410,-0.01632659,-6638.5409,406609.1881,OK,0.0000,265.5416,4.0000,96.0000,AG03-UNRESOLVED,ALL5_LEVELS_bet23_to_bet27,265.5416,265.5416,298.7343,298.7343,298.7343,4.000000,4.000000,4.500000,4.500000,4.500000,96.000000,96.000000,95.500000,95.500000,95.500000,5.0,1427.2863,1309.7925,5211.2546,5328.7484,PENDING_AG03,FALSE,NOT_FOR_ENFORCEMENT,6372.9992,364446.1036,6638.5409,6372.9992,265.5416,0.01632659,0.01567352,265.5416,6372.9992,0.01567352,265.5416,265.5416,298.7343,298.7343,298.7343,6372.9992,0.01567352,1427.2863,1309.7925,5211.2546,5328.7484,0.01281637,0.01310533,0.00065306,46.6616,168.5752,2.9478,99.0827,12.5730,6068.7939,33.6119,44.8794,47.4773,8.4329,14.3073,34.3462,193.1745,204.3903,207.7145,14.3073,-10.2195,14.285714,14.518058,3.261379,29,153,76,7,0.30198559,0.01632659,0.04432358,0E-8,0.000000,0.933652,0.003213,-0.04010948,2026-03-22,2026-08-05,67,528,415,137,0.489051,0.945283,0.961806,1.006619,,,,,,,,GLOBAL_BASELINE_NO_ENTITY_RANKING,,,NOT_APPLICABLE_GLOBAL_BASELINE,HF9g-P5,,,,X 全窗基线 · 不参与实体赏罚,14192613,1420,A168_HF9F_20260827_0900,2026-08-27 09:00:00
2026-07-26,129130207,752,0,588.6440747252,-369.4354739812,-369.4354739812,0.3333333,12,3,0.42276116835389912,0.187662550000,-0.3135508843980599,0.6462135179418145,-0.3135508843980599,0.23509861835389912,ELIGIBLE,R03b_20260811_FULL_v1,L1_ELIGIBILITY,v2026-08-11,2026-03-21..2026-08-06,baccarat_bet02_101_all_pairs_incl_sentinel,round_win = game_pnl > 0 (decisive only),COMPATIBILITY_ONLY_NOT_PRODUCTION,406609.1881,379631.3579,6638.5409,8714,2252,-0.01632659,-0.04432358,-0.00421410,-0.01632659,-6638.5409,406609.1881,OK,0.0000,265.5416,4.0000,96.0000,AG03-UNRESOLVED,ALL5_LEVELS_bet23_to_bet27,265.5416,265.5416,298.7343,298.7343,298.7343,4.000000,4.000000,4.500000,4.500000,4.500000,96.000000,96.000000,95.500000,95.500000,95.500000,5.0,1427.2863,1309.7925,5211.2546,5328.7484,PENDING_AG03,FALSE,NOT_FOR_ENFORCEMENT,6372.9992,364446.1036,6638.5409,6372.9992,265.5416,0.01632659,0.01567352,265.5416,6372.9992,0.01567352,265.5416,265.5416,298.7343,298.7343,298.7343,6372.9992,0.01567352,1427.2863,1309.7925,5211.2546,5328.7484,0.01281637,0.01310533,0.00065306,46.6616,168.5752,2.9478,99.0827,12.5730,6068.7939,33.6119,44.8794,47.4773,8.4329,14.3073,34.3462,193.1745,204.3903,207.7145,14.3073,-10.2195,14.285714,14.518058,3.261379,29,153,76,7,0.30198559,0.01632659,0.04432358,0E-8,0.000000,0.933652,0.003213,-0.04010948,2026-03-22,2026-08-05,67,528,415,137,0.489051,0.945283,0.961806,1.006619,,,,,,,,GLOBAL_BASELINE_NO_ENTITY_RANKING,,,NOT_APPLICABLE_GLOBAL_BASELINE,HF9g-P5,,,,X 全窗基线 · 不参与实体赏罚,14192614,1420,A168_HF9F_20260827_0900,2026-08-27 09:00:00
2026-07-27,129130207,-1,1,302.7020398156,-143.2776029109,-143.2776029109,0.3333333,12,3,0.41989684524616275,0.187662550000,-0.3037886720509265,0.6462135179418145,-0.3037886720509265,0.23223429524616275,SENTINEL_DEALER,R03b_20260811_FULL_v1,L1_ELIGIBILITY,v2026-08-11,2026-03-21..2026-08-06,baccarat_bet02_101_all_pairs_incl_sentinel,round_win = game_pnl > 0 (decisive only),COMPATIBILITY_ONLY_NOT_PRODUCTION,406609.1881,379631.3579,6638.5409,8714,2252,-0.01632659,-0.04432358,-0.00421410,-0.01632659,-6638.5409,406609.1881,OK,0.0000,265.5416,4.0000,96.0000,AG03-UNRESOLVED,ALL5_LEVELS_bet23_to_bet27,265.5416,265.5416,298.7343,298.7343,298.7343,4.000000,4.000000,4.500000,4.500000,4.500000,96.000000,96.000000,95.500000,95.500000,95.500000,5.0,1427.2863,1309.7925,5211.2546,5328.7484,PENDING_AG03,FALSE,NOT_FOR_ENFORCEMENT,6372.9992,364446.1036,6638.5409,6372.9992,265.5416,0.01632659,0.01567352,265.5416,6372.9992,0.01567352,265.5416,265.5416,298.7343,298.7343,298.7343,6372.9992,0.01567352,1427.2863,1309.7925,5211.2546,5328.7484,0.01281637,0.01310533,0.00065306,46.6616,168.5752,2.9478,99.0827,12.5730,6068.7939,33.6119,44.8794,47.4773,8.4329,14.3073,34.3462,193.1745,204.3903,207.7145,14.3073,-10.2195,14.285714,14.518058,3.261379,29,153,76,7,0.30198559,0.01632659,0.04432358,0E-8,0.000000,0.933652,0.003213,-0.04010948,2026-03-22,2026-08-05,67,528,415,137,0.489051,0.945283,0.961806,1.006619,,,,,,,,GLOBAL_BASELINE_NO_ENTITY_RANKING,,,NOT_APPLICABLE_GLOBAL_BASELINE,HF9g-P5,,,,X 全窗基线 · 不参与实体赏罚,14192615,1420,A168_HF9F_20260827_0900,2026-08-27 09:00:00
2026-07-27,129130207,1951,0,815.5173118592,206.5364019127,206.5364019127,0.8000000,20,5,0.43643117651359978,0.187662550000,1.6392314339631626,3.506862831949948,1.6392314339631626,0.24876862651359978,ELIGIBLE,R03b_20260811_FULL_v1,L1_ELIGIBILITY,v2026-08-11,2026-03-21..2026-08-06,baccarat_bet02_101_all_pairs_incl_sentinel,round_win = game_pnl > 0 (decisive only),COMPATIBILITY_ONLY_NOT_PRODUCTION,406609.1881,379631.3579,6638.5409,8714,2252,-0.01632659,-0.04432358,-0.00421410,-0.01632659,-6638.5409,406609.1881,OK,0.0000,265.5416,4.0000,96.0000,AG03-UNRESOLVED,ALL5_LEVELS_bet23_to_bet27,265.5416,265.5416,298.7343,298.7343,298.7343,4.000000,4.000000,4.500000,4.500000,4.500000,96.000000,96.000000,95.500000,95.500000,95.500000,5.0,1427.2863,1309.7925,5211.2546,5328.7484,PENDING_AG03,FALSE,NOT_FOR_ENFORCEMENT,6372.9992,364446.1036,6638.5409,6372.9992,265.5416,0.01632659,0.01567352,265.5416,6372.9992,0.01567352,265.5416,265.5416,298.7343,298.7343,298.7343,6372.9992,0.01567352,1427.2863,1309.7925,5211.2546,5328.7484,0.01281637,0.01310533,0.00065306,46.6616,168.5752,2.9478,99.0827,12.5730,6068.7939,33.6119,44.8794,47.4773,8.4329,14.3073,34.3462,193.1745,204.3903,207.7145,14.3073,-10.2195,14.285714,14.518058,3.261379,29,153,76,7,0.30198559,0.01632659,0.04432358,0E-8,0.000000,0.933652,0.003213,-0.04010948,2026-03-22,2026-08-05,67,528,415,137,0.489051,0.945283,0.961806,1.006619,,,,,,,,GLOBAL_BASELINE_NO_ENTITY_RANKING,,,NOT_APPLICABLE_GLOBAL_BASELINE,HF9g-P5,,,,X 全窗基线 · 不参与实体赏罚,14192616,1420,A168_HF9F_20260827_0900,2026-08-27 09:00:00
2026-07-27,129130207,2155,0,549.8099170176,36.0748886073,36.0748886073,0.6666667,12,3,0.43540185490196570,0.187662550000,0.8078957506997141,2.1249211973513655,0.8078957506997141,0.24773930490196570,ELIGIBLE,R03b_20260811_FULL_v1,L1_ELIGIBILITY,v2026-08-11,2026-03-21..2026-08-06,baccarat_bet02_101_all_pairs_incl_sentinel,round_win = game_pnl > 0 (decisive only),COMPATIBILITY_ONLY_NOT_PRODUCTION,406609.1881,379631.3579,6638.5409,8714,2252,-0.01632659,-0.04432358,-0.00421410,-0.01632659,-6638.5409,406609.1881,OK,0.0000,265.5416,4.0000,96.0000,AG03-UNRESOLVED,ALL5_LEVELS_bet23_to_bet27,265.5416,265.5416,298.7343,298.7343,298.7343,4.000000,4.000000,4.500000,4.500000,4.500000,96.000000,96.000000,95.500000,95.500000,95.500000,5.0,1427.2863,1309.7925,5211.2546,5328.7484,PENDING_AG03,FALSE,NOT_FOR_ENFORCEMENT,6372.9992,364446.1036,6638.5409,6372.9992,265.5416,0.01632659,0.01567352,265.5416,6372.9992,0.01567352,265.5416,265.5416,298.7343,298.7343,298.7343,6372.9992,0.01567352,1427.2863,1309.7925,5211.2546,5328.7484,0.01281637,0.01310533,0.00065306,46.6616,168.5752,2.9478,99.0827,12.5730,6068.7939,33.6119,44.8794,47.4773,8.4329,14.3073,34.3462,193.1745,204.3903,207.7145,14.3073,-10.2195,14.285714,14.518058,3.261379,29,153,76,7,0.30198559,0.01632659,0.04432358,0E-8,0.000000,0.933652,0.003213,-0.04010948,2026-03-22,2026-08-05,67,528,415,137,0.489051,0.945283,0.961806,1.006619,,,,,,,,GLOBAL_BASELINE_NO_ENTITY_RANKING,,,NOT_APPLICABLE_GLOBAL_BASELINE,HF9g-P5,,,,X 全窗基线 · 不参与实体赏罚,14192617,1420,A168_HF9F_20260827_0900,2026-08-27 09:00:00
2026-07-27,129130207,2246,0,355.6391284798,-69.4927032662,-69.4927032662,0.5000000,8,2,0.42218858063450863,0.184311250000,0.22279838259773246,1.1514257690445797,0.22279838259773246,0.23787733063450863,ELIGIBLE,R03b_20260811_FULL_v1,L1_ELIGIBILITY,v2026-08-11,2026-03-21..2026-08-06,baccarat_bet02_101_all_pairs_incl_sentinel,round_win = game_pnl > 0 (decisive only),COMPATIBILITY_ONLY_NOT_PRODUCTION,406609.1881,379631.3579,6638.5409,8714,2252,-0.01632659,-0.04432358,-0.00421410,-0.01632659,-6638.5409,406609.1881,OK,0.0000,265.5416,4.0000,96.0000,AG03-UNRESOLVED,ALL5_LEVELS_bet23_to_bet27,265.5416,265.5416,298.7343,298.7343,298.7343,4.000000,4.000000,4.500000,4.500000,4.500000,96.000000,96.000000,95.500000,95.500000,95.500000,5.0,1427.2863,1309.7925,5211.2546,5328.7484,PENDING_AG03,FALSE,NOT_FOR_ENFORCEMENT,6372.9992,364446.1036,6638.5409,6372.9992,265.5416,0.01632659,0.01567352,265.5416,6372.9992,0.01567352,265.5416,265.5416,298.7343,298.7343,298.7343,6372.9992,0.01567352,1427.2863,1309.7925,5211.2546,5328.7484,0.01281637,0.01310533,0.00065306,46.6616,168.5752,2.9478,99.0827,12.5730,6068.7939,33.6119,44.8794,47.4773,8.4329,14.3073,34.3462,193.1745,204.3903,207.7145,14.3073,-10.2195,14.285714,14.518058,3.261379,29,153,76,7,0.30198559,0.01632659,0.04432358,0E-8,0.000000,0.933652,0.003213,-0.04010948,2026-03-22,2026-08-05,67,528,415,137,0.489051,0.945283,0.961806,1.006619,,,,,,,,GLOBAL_BASELINE_NO_ENTITY_RANKING,,,NOT_APPLICABLE_GLOBAL_BASELINE,HF9g-P5,,,,X 全窗基线 · 不参与实体赏罚,14192618,1420,A168_HF9F_20260827_0900,2026-08-27 09:00:00
2026-07-27,129130207,529,0,725.5855782203,-340.5142460042,-340.5142460042,0.2500000,16,4,0.43634229562733380,0.187662550000,-0.7514845517815042,0.31931695869542776,-0.7514845517815042,0.24867974562733380,ELIGIBLE,R03b_20260811_FULL_v1,L1_ELIGIBILITY,v2026-08-11,2026-03-21..2026-08-06,baccarat_bet02_101_all_pairs_incl_sentinel,round_win = game_pnl > 0 (decisive only),COMPATIBILITY_ONLY_NOT_PRODUCTION,406609.1881,379631.3579,6638.5409,8714,2252,-0.01632659,-0.04432358,-0.00421410,-0.01632659,-6638.5409,406609.1881,OK,0.0000,265.5416,4.0000,96.0000,AG03-UNRESOLVED,ALL5_LEVELS_bet23_to_bet27,265.5416,265.5416,298.7343,298.7343,298.7343,4.000000,4.000000,4.500000,4.500000,4.500000,96.000000,96.000000,95.500000,95.500000,95.500000,5.0,1427.2863,1309.7925,5211.2546,5328.7484,PENDING_AG03,FALSE,NOT_FOR_ENFORCEMENT,6372.9992,364446.1036,6638.5409,6372.9992,265.5416,0.01632659,0.01567352,265.5416,6372.9992,0.01567352,265.5416,265.5416,298.7343,298.7343,298.7343,6372.9992,0.01567352,1427.2863,1309.7925,5211.2546,5328.7484,0.01281637,0.01310533,0.00065306,46.6616,168.5752,2.9478,99.0827,12.5730,6068.7939,33.6119,44.8794,47.4773,8.4329,14.3073,34.3462,193.1745,204.3903,207.7145,14.3073,-10.2195,14.285714,14.518058,3.261379,29,153,76,7,0.30198559,0.01632659,0.04432358,0E-8,0.000000,0.933652,0.003213,-0.04010948,2026-03-22,2026-08-05,67,528,415,137,0.489051,0.945283,0.961806,1.006619,,,,,,,,GLOBAL_BASELINE_NO_ENTITY_RANKING,,,NOT_APPLICABLE_GLOBAL_BASELINE,HF9g-P5,,,,X 全窗基线 · 不参与实体赏罚,14192619,1420,A168_HF9F_20260827_0900,2026-08-27 09:00:00
2026-07-27,129130207,970,0,838.0002452686,-98.1073457878,-98.1073457878,0.6000000,19,5,0.42758301651016221,0.191617973333,0.7792890359488198,2.320198685998164,0.7792890359488198,0.23596504317716221,ELIGIBLE,R03b_20260811_FULL_v1,L1_ELIGIBILITY,v2026-08-11,2026-03-21..2026-08-06,baccarat_bet02_101_all_pairs_incl_sentinel,round_win = game_pnl > 0 (decisive only),COMPATIBILITY_ONLY_NOT_PRODUCTION,406609.1881,379631.3579,6638.5409,8714,2252,-0.01632659,-0.04432358,-0.00421410,-0.01632659,-6638.5409,406609.1881,OK,0.0000,265.5416,4.0000,96.0000,AG03-UNRESOLVED,ALL5_LEVELS_bet23_to_bet27,265.5416,265.5416,298.7343,298.7343,298.7343,4.000000,4.000000,4.500000,4.500000,4.500000,96.000000,96.000000,95.500000,95.500000,95.500000,5.0,1427.2863,1309.7925,5211.2546,5328.7484,PENDING_AG03,FALSE,NOT_FOR_ENFORCEMENT,6372.9992,364446.1036,6638.5409,6372.9992,265.5416,0.01632659,0.01567352,265.5416,6372.9992,0.01567352,265.5416,265.5416,298.7343,298.7343,298.7343,6372.9992,0.01567352,1427.2863,1309.7925,5211.2546,5328.7484,0.01281637,0.01310533,0.00065306,46.6616,168.5752,2.9478,99.0827,12.5730,6068.7939,33.6119,44.8794,47.4773,8.4329,14.3073,34.3462,193.1745,204.3903,207.7145,14.3073,-10.2195,14.285714,14.518058,3.261379,29,153,76,7,0.30198559,0.01632659,0.04432358,0E-8,0.000000,0.933652,0.003213,-0.04010948,2026-03-22,2026-08-05,67,528,415,137,0.489051,0.945283,0.961806,1.006619,,,,,,,,GLOBAL_BASELINE_NO_ENTITY_RANKING,,,NOT_APPLICABLE_GLOBAL_BASELINE,HF9g-P5,,,,X 全窗基线 · 不参与实体赏罚,14192620,1420,A168_HF9F_20260827_0900,2026-08-27 09:00:00
2026-07-30,129130207,-1,1,564.1172382783,29.7387891918,29.7387891918,0.6666667,12,3,0.43666408647254976,0.187662550000,0.8032225239777866,2.1249211973513655,0.8032225239777866,0.24900153647254976,SENTINEL_DEALER,R03b_20260811_FULL_v1,L1_ELIGIBILITY,v2026-08-11,2026-03-21..2026-08-06,baccarat_bet02_101_all_pairs_incl_sentinel,round_win = game_pnl > 0 (decisive only),COMPATIBILITY_ONLY_NOT_PRODUCTION,406609.1881,379631.3579,6638.5409,8714,2252,-0.01632659,-0.04432358,-0.00421410,-0.01632659,-6638.5409,406609.1881,OK,0.0000,265.5416,4.0000,96.0000,AG03-UNRESOLVED,ALL5_LEVELS_bet23_to_bet27,265.5416,265.5416,298.7343,298.7343,298.7343,4.000000,4.000000,4.500000,4.500000,4.500000,96.000000,96.000000,95.500000,95.500000,95.500000,5.0,1427.2863,1309.7925,5211.2546,5328.7484,PENDING_AG03,FALSE,NOT_FOR_ENFORCEMENT,6372.9992,364446.1036,6638.5409,6372.9992,265.5416,0.01632659,0.01567352,265.5416,6372.9992,0.01567352,265.5416,265.5416,298.7343,298.7343,298.7343,6372.9992,0.01567352,1427.2863,1309.7925,5211.2546,5328.7484,0.01281637,0.01310533,0.00065306,46.6616,168.5752,2.9478,99.0827,12.5730,6068.7939,33.6119,44.8794,47.4773,8.4329,14.3073,34.3462,193.1745,204.3903,207.7145,14.3073,-10.2195,14.285714,14.518058,3.261379,29,153,76,7,0.30198559,0.01632659,0.04432358,0E-8,0.000000,0.933652,0.003213,-0.04010948,2026-03-22,2026-08-05,67,528,415,137,0.489051,0.945283,0.961806,1.006619,,,,,,,,GLOBAL_BASELINE_NO_ENTITY_RANKING,,,NOT_APPLICABLE_GLOBAL_BASELINE,HF9g-P5,,,,X 全窗基线 · 不参与实体赏罚,14192621,1420,A168_HF9F_20260827_0900,2026-08-27 09:00:00
2026-07-30,129130207,1307,0,531.4147896824,112.4146670482,112.4146670482,0.5000000,8,2,0.40850050000000000,0.187662550000,0.26324506090617794,1.1313110101635044,0.26324506090617794,0.22083795000000000,ELIGIBLE,R03b_20260811_FULL_v1,L1_ELIGIBILITY,v2026-08-11,2026-03-21..2026-08-06,baccarat_bet02_101_all_pairs_incl_sentinel,round_win = game_pnl > 0 (decisive only),COMPATIBILITY_ONLY_NOT_PRODUCTION,406609.1881,379631.3579,6638.5409,8714,2252,-0.01632659,-0.04432358,-0.00421410,-0.01632659,-6638.5409,406609.1881,OK,0.0000,265.5416,4.0000,96.0000,AG03-UNRESOLVED,ALL5_LEVELS_bet23_to_bet27,265.5416,265.5416,298.7343,298.7343,298.7343,4.000000,4.000000,4.500000,4.500000,4.500000,96.000000,96.000000,95.500000,95.500000,95.500000,5.0,1427.2863,1309.7925,5211.2546,5328.7484,PENDING_AG03,FALSE,NOT_FOR_ENFORCEMENT,6372.9992,364446.1036,6638.5409,6372.9992,265.5416,0.01632659,0.01567352,265.5416,6372.9992,0.01567352,265.5416,265.5416,298.7343,298.7343,298.7343,6372.9992,0.01567352,1427.2863,1309.7925,5211.2546,5328.7484,0.01281637,0.01310533,0.00065306,46.6616,168.5752,2.9478,99.0827,12.5730,6068.7939,33.6119,44.8794,47.4773,8.4329,14.3073,34.3462,193.1745,204.3903,207.7145,14.3073,-10.2195,14.285714,14.518058,3.261379,29,153,76,7,0.30198559,0.01632659,0.04432358,0E-8,0.000000,0.933652,0.003213,-0.04010948,2026-03-22,2026-08-05,67,528,415,137,0.489051,0.945283,0.961806,1.006619,,,,,,,,GLOBAL_BASELINE_NO_ENTITY_RANKING,,,NOT_APPLICABLE_GLOBAL_BASELINE,HF9g-P5,,,,X 全窗基线 · 不参与实体赏罚,14192622,1420,A168_HF9F_20260827_0900,2026-08-27 09:00:00
2026-07-30,129130207,1382,0,668.3562931776,-389.3635285943,-389.3635285943,0.3333333,12,3,0.43242172845562294,0.187662550000,-0.34643103159263694,0.6462135179418145,-0.34643103159263694,0.24475917845562294,ELIGIBLE,R03b_20260811_FULL_v1,L1_ELIGIBILITY,v2026-08-11,2026-03-21..2026-08-06,baccarat_bet02_101_all_pairs_incl_sentinel,round_win = game_pnl > 0 (decisive only),COMPATIBILITY_ONLY_NOT_PRODUCTION,406609.1881,379631.3579,6638.5409,8714,2252,-0.01632659,-0.04432358,-0.00421410,-0.01632659,-6638.5409,406609.1881,OK,0.0000,265.5416,4.0000,96.0000,AG03-UNRESOLVED,ALL5_LEVELS_bet23_to_bet27,265.5416,265.5416,298.7343,298.7343,298.7343,4.000000,4.000000,4.500000,4.500000,4.500000,96.000000,96.000000,95.500000,95.500000,95.500000,5.0,1427.2863,1309.7925,5211.2546,5328.7484,PENDING_AG03,FALSE,NOT_FOR_ENFORCEMENT,6372.9992,364446.1036,6638.5409,6372.9992,265.5416,0.01632659,0.01567352,265.5416,6372.9992,0.01567352,265.5416,265.5416,298.7343,298.7343,298.7343,6372.9992,0.01567352,1427.2863,1309.7925,5211.2546,5328.7484,0.01281637,0.01310533,0.00065306,46.6616,168.5752,2.9478,99.0827,12.5730,6068.7939,33.6119,44.8794,47.4773,8.4329,14.3073,34.3462,193.1745,204.3903,207.7145,14.3073,-10.2195,14.285714,14.518058,3.261379,29,153,76,7,0.30198559,0.01632659,0.04432358,0E-8,0.000000,0.933652,0.003213,-0.04010948,2026-03-22,2026-08-05,67,528,415,137,0.489051,0.945283,0.961806,1.006619,,,,,,,,GLOBAL_BASELINE_NO_ENTITY_RANKING,,,NOT_APPLICABLE_GLOBAL_BASELINE,HF9g-P5,,,,X 全窗基线 · 不参与实体赏罚,14192623,1420,A168_HF9F_20260827_0900,2026-08-27 09:00:00
2026-07-30,129130207,2250,0,76.4419735928,-76.4419735928,-76.4419735928,0E-7,4,1,0.42716330748632845,0.184311250000,-0.8635382039322652,-0.47535020548684115,-0.8635382039322652,0.24285205748632845,ELIGIBLE,R03b_20260811_FULL_v1,L1_ELIGIBILITY,v2026-08-11,2026-03-21..2026-08-06,baccarat_bet02_101_all_pairs_incl_sentinel,round_win = game_pnl > 0 (decisive only),COMPATIBILITY_ONLY_NOT_PRODUCTION,406609.1881,379631.3579,6638.5409,8714,2252,-0.01632659,-0.04432358,-0.00421410,-0.01632659,-6638.5409,406609.1881,OK,0.0000,265.5416,4.0000,96.0000,AG03-UNRESOLVED,ALL5_LEVELS_bet23_to_bet27,265.5416,265.5416,298.7343,298.7343,298.7343,4.000000,4.000000,4.500000,4.500000,4.500000,96.000000,96.000000,95.500000,95.500000,95.500000,5.0,1427.2863,1309.7925,5211.2546,5328.7484,PENDING_AG03,FALSE,NOT_FOR_ENFORCEMENT,6372.9992,364446.1036,6638.5409,6372.9992,265.5416,0.01632659,0.01567352,265.5416,6372.9992,0.01567352,265.5416,265.5416,298.7343,298.7343,298.7343,6372.9992,0.01567352,1427.2863,1309.7925,5211.2546,5328.7484,0.01281637,0.01310533,0.00065306,46.6616,168.5752,2.9478,99.0827,12.5730,6068.7939,33.6119,44.8794,47.4773,8.4329,14.3073,34.3462,193.1745,204.3903,207.7145,14.3073,-10.2195,14.285714,14.518058,3.261379,29,153,76,7,0.30198559,0.01632659,0.04432358,0E-8,0.000000,0.933652,0.003213,-0.04010948,2026-03-22,2026-08-05,67,528,415,137,0.489051,0.945283,0.961806,1.006619,,,,,,,,GLOBAL_BASELINE_NO_ENTITY_RANKING,,,NOT_APPLICABLE_GLOBAL_BASELINE,HF9g-P5,,,,X 全窗基线 · 不参与实体赏罚,14192624,1420,A168_HF9F_20260827_0900,2026-08-27 09:00:00
2026-07-30,129130207,2287,0,1240.6491436048,288.1903282507,288.1903282507,0.8000000,20,5,0.43198261149219667,0.187662550000,1.6612668278228622,3.506862831949948,1.6612668278228622,0.24432006149219667,ELIGIBLE,R03b_20260811_FULL_v1,L1_ELIGIBILITY,v2026-08-11,2026-03-21..2026-08-06,baccarat_bet02_101_all_pairs_incl_sentinel,round_win = game_pnl > 0 (decisive only),COMPATIBILITY_ONLY_NOT_PRODUCTION,406609.1881,379631.3579,6638.5409,8714,2252,-0.01632659,-0.04432358,-0.00421410,-0.01632659,-6638.5409,406609.1881,OK,0.0000,265.5416,4.0000,96.0000,AG03-UNRESOLVED,ALL5_LEVELS_bet23_to_bet27,265.5416,265.5416,298.7343,298.7343,298.7343,4.000000,4.000000,4.500000,4.500000,4.500000,96.000000,96.000000,95.500000,95.500000,95.500000,5.0,1427.2863,1309.7925,5211.2546,5328.7484,PENDING_AG03,FALSE,NOT_FOR_ENFORCEMENT,6372.9992,364446.1036,6638.5409,6372.9992,265.5416,0.01632659,0.01567352,265.5416,6372.9992,0.01567352,265.5416,265.5416,298.7343,298.7343,298.7343,6372.9992,0.01567352,1427.2863,1309.7925,5211.2546,5328.7484,0.01281637,0.01310533,0.00065306,46.6616,168.5752,2.9478,99.0827,12.5730,6068.7939,33.6119,44.8794,47.4773,8.4329,14.3073,34.3462,193.1745,204.3903,207.7145,14.3073,-10.2195,14.285714,14.518058,3.261379,29,153,76,7,0.30198559,0.01632659,0.04432358,0E-8,0.000000,0.933652,0.003213,-0.04010948,2026-03-22,2026-08-05,67,528,415,137,0.489051,0.945283,0.961806,1.006619,,,,,,,,GLOBAL_BASELINE_NO_ENTITY_RANKING,,,NOT_APPLICABLE_GLOBAL_BASELINE,HF9g-P5,,,,X 全窗基线 · 不参与实体赏罚,14192625,1420,A168_HF9F_20260827_0900,2026-08-27 09:00:00
2026-07-30,129130207,994,0,680.6197114011,570.2489473899,570.2489473899,1.0000000,12,3,0.42307015298390983,0.184311250000,2.022627637930868,3.6437363181424454,2.022627637930868,0.23875890298390983,ELIGIBLE,R03b_20260811_FULL_v1,L1_ELIGIBILITY,v2026-08-11,2026-03-21..2026-08-06,baccarat_bet02_101_all_pairs_incl_sentinel,round_win = game_pnl > 0 (decisive only),COMPATIBILITY_ONLY_NOT_PRODUCTION,406609.1881,379631.3579,6638.5409,8714,2252,-0.01632659,-0.04432358,-0.00421410,-0.01632659,-6638.5409,406609.1881,OK,0.0000,265.5416,4.0000,96.0000,AG03-UNRESOLVED,ALL5_LEVELS_bet23_to_bet27,265.5416,265.5416,298.7343,298.7343,298.7343,4.000000,4.000000,4.500000,4.500000,4.500000,96.000000,96.000000,95.500000,95.500000,95.500000,5.0,1427.2863,1309.7925,5211.2546,5328.7484,PENDING_AG03,FALSE,NOT_FOR_ENFORCEMENT,6372.9992,364446.1036,6638.5409,6372.9992,265.5416,0.01632659,0.01567352,265.5416,6372.9992,0.01567352,265.5416,265.5416,298.7343,298.7343,298.7343,6372.9992,0.01567352,1427.2863,1309.7925,5211.2546,5328.7484,0.01281637,0.01310533,0.00065306,46.6616,168.5752,2.9478,99.0827,12.5730,6068.7939,33.6119,44.8794,47.4773,8.4329,14.3073,34.3462,193.1745,204.3903,207.7145,14.3073,-10.2195,14.285714,14.518058,3.261379,29,153,76,7,0.30198559,0.01632659,0.04432358,0E-8,0.000000,0.933652,0.003213,-0.04010948,2026-03-22,2026-08-05,67,528,415,137,0.489051,0.945283,0.961806,1.006619,,,,,,,,GLOBAL_BASELINE_NO_ENTITY_RANKING,,,NOT_APPLICABLE_GLOBAL_BASELINE,HF9g-P5,,,,X 全窗基线 · 不参与实体赏罚,14192626,1420,A168_HF9F_20260827_0900,2026-08-27 09:00:00
2026-08-01,129130207,-1,1,1711.2493938903,-529.3357038951,-529.3357038951,0.4285714,28,7,0.40310209744130886,0.187183792857,0.13737541089104358,1.6373206612862263,0.13737541089104358,0.21591830458430886,SENTINEL_DEALER,R03b_20260811_FULL_v1,L1_ELIGIBILITY,v2026-08-11,2026-03-21..2026-08-06,baccarat_bet02_101_all_pairs_incl_sentinel,round_win = game_pnl > 0 (decisive only),COMPATIBILITY_ONLY_NOT_PRODUCTION,406609.1881,379631.3579,6638.5409,8714,2252,-0.01632659,-0.04432358,-0.00421410,-0.01632659,-6638.5409,406609.1881,OK,0.0000,265.5416,4.0000,96.0000,AG03-UNRESOLVED,ALL5_LEVELS_bet23_to_bet27,265.5416,265.5416,298.7343,298.7343,298.7343,4.000000,4.000000,4.500000,4.500000,4.500000,96.000000,96.000000,95.500000,95.500000,95.500000,5.0,1427.2863,1309.7925,5211.2546,5328.7484,PENDING_AG03,FALSE,NOT_FOR_ENFORCEMENT,6372.9992,364446.1036,6638.5409,6372.9992,265.5416,0.01632659,0.01567352,265.5416,6372.9992,0.01567352,265.5416,265.5416,298.7343,298.7343,298.7343,6372.9992,0.01567352,1427.2863,1309.7925,5211.2546,5328.7484,0.01281637,0.01310533,0.00065306,46.6616,168.5752,2.9478,99.0827,12.5730,6068.7939,33.6119,44.8794,47.4773,8.4329,14.3073,34.3462,193.1745,204.3903,207.7145,14.3073,-10.2195,14.285714,14.518058,3.261379,29,153,76,7,0.30198559,0.01632659,0.04432358,0E-8,0.000000,0.933652,0.003213,-0.04010948,2026-03-22,2026-08-05,67,528,415,137,0.489051,0.945283,0.961806,1.006619,,,,,,,,GLOBAL_BASELINE_NO_ENTITY_RANKING,,,NOT_APPLICABLE_GLOBAL_BASELINE,HF9g-P5,,,,X 全窗基线 · 不参与实体赏罚,14192627,1420,A168_HF9F_20260827_0900,2026-08-27 09:00:00
2026-08-01,129130207,1302,0,545.4986261514,-212.1383546143,-212.1383546143,0.3333333,12,3,0.42184308912724035,0.187662550000,-0.3104226770541771,0.6462135179418145,-0.3104226770541771,0.23418053912724035,ELIGIBLE,R03b_20260811_FULL_v1,L1_ELIGIBILITY,v2026-08-11,2026-03-21..2026-08-06,baccarat_bet02_101_all_pairs_incl_sentinel,round_win = game_pnl > 0 (decisive only),COMPATIBILITY_ONLY_NOT_PRODUCTION,406609.1881,379631.3579,6638.5409,8714,2252,-0.01632659,-0.04432358,-0.00421410,-0.01632659,-6638.5409,406609.1881,OK,0.0000,265.5416,4.0000,96.0000,AG03-UNRESOLVED,ALL5_LEVELS_bet23_to_bet27,265.5416,265.5416,298.7343,298.7343,298.7343,4.000000,4.000000,4.500000,4.500000,4.500000,96.000000,96.000000,95.500000,95.500000,95.500000,5.0,1427.2863,1309.7925,5211.2546,5328.7484,PENDING_AG03,FALSE,NOT_FOR_ENFORCEMENT,6372.9992,364446.1036,6638.5409,6372.9992,265.5416,0.01632659,0.01567352,265.5416,6372.9992,0.01567352,265.5416,265.5416,298.7343,298.7343,298.7343,6372.9992,0.01567352,1427.2863,1309.7925,5211.2546,5328.7484,0.01281637,0.01310533,0.00065306,46.6616,168.5752,2.9478,99.0827,12.5730,6068.7939,33.6119,44.8794,47.4773,8.4329,14.3073,34.3462,193.1745,204.3903,207.7145,14.3073,-10.2195,14.285714,14.518058,3.261379,29,153,76,7,0.30198559,0.01632659,0.04432358,0E-8,0.000000,0.933652,0.003213,-0.04010948,2026-03-22,2026-08-05,67,528,415,137,0.489051,0.945283,0.961806,1.006619,,,,,,,,GLOBAL_BASELINE_NO_ENTITY_RANKING,,,NOT_APPLICABLE_GLOBAL_BASELINE,HF9g-P5,,,,X 全窗基线 · 不参与实体赏罚,14192628,1420,A168_HF9F_20260827_0900,2026-08-27 09:00:00
2026-08-01,129130207,1307,0,131.3237433327,-131.3237433327,-131.3237433327,0E-7,4,1,0.40850050000007474,0.187662550000,-0.8310345987544255,-0.48064072822218945,-0.8310345987544255,0.22083795000007474,ELIGIBLE,R03b_20260811_FULL_v1,L1_ELIGIBILITY,v2026-08-11,2026-03-21..2026-08-06,baccarat_bet02_101_all_pairs_incl_sentinel,round_win = game_pnl > 0 (decisive only),COMPATIBILITY_ONLY_NOT_PRODUCTION,406609.1881,379631.3579,6638.5409,8714,2252,-0.01632659,-0.04432358,-0.00421410,-0.01632659,-6638.5409,406609.1881,OK,0.0000,265.5416,4.0000,96.0000,AG03-UNRESOLVED,ALL5_LEVELS_bet23_to_bet27,265.5416,265.5416,298.7343,298.7343,298.7343,4.000000,4.000000,4.500000,4.500000,4.500000,96.000000,96.000000,95.500000,95.500000,95.500000,5.0,1427.2863,1309.7925,5211.2546,5328.7484,PENDING_AG03,FALSE,NOT_FOR_ENFORCEMENT,6372.9992,364446.1036,6638.5409,6372.9992,265.5416,0.01632659,0.01567352,265.5416,6372.9992,0.01567352,265.5416,265.5416,298.7343,298.7343,298.7343,6372.9992,0.01567352,1427.2863,1309.7925,5211.2546,5328.7484,0.01281637,0.01310533,0.00065306,46.6616,168.5752,2.9478,99.0827,12.5730,6068.7939,33.6119,44.8794,47.4773,8.4329,14.3073,34.3462,193.1745,204.3903,207.7145,14.3073,-10.2195,14.285714,14.518058,3.261379,29,153,76,7,0.30198559,0.01632659,0.04432358,0E-8,0.000000,0.933652,0.003213,-0.04010948,2026-03-22,2026-08-05,67,528,415,137,0.489051,0.945283,0.961806,1.006619,,,,,,,,GLOBAL_BASELINE_NO_ENTITY_RANKING,,,NOT_APPLICABLE_GLOBAL_BASELINE,HF9g-P5,,,,X 全窗基线 · 不参与实体赏罚,14192629,1420,A168_HF9F_20260827_0900,2026-08-27 09:00:00
2026-08-01,129130207,1947,0,513.1727816392,250.1212219166,250.1212219166,1.0000000,12,3,0.42619479994420846,0.187662550000,2.0097349908373245,3.6036288767609164,2.0097349908373245,0.23853224994420846,ELIGIBLE,R03b_20260811_FULL_v1,L1_ELIGIBILITY,v2026-08-11,2026-03-21..2026-08-06,baccarat_bet02_101_all_pairs_incl_sentinel,round_win = game_pnl > 0 (decisive only),COMPATIBILITY_ONLY_NOT_PRODUCTION,406609.1881,379631.3579,6638.5409,8714,2252,-0.01632659,-0.04432358,-0.00421410,-0.01632659,-6638.5409,406609.1881,OK,0.0000,265.5416,4.0000,96.0000,AG03-UNRESOLVED,ALL5_LEVELS_bet23_to_bet27,265.5416,265.5416,298.7343,298.7343,298.7343,4.000000,4.000000,4.500000,4.500000,4.500000,96.000000,96.000000,95.500000,95.500000,95.500000,5.0,1427.2863,1309.7925,5211.2546,5328.7484,PENDING_AG03,FALSE,NOT_FOR_ENFORCEMENT,6372.9992,364446.1036,6638.5409,6372.9992,265.5416,0.01632659,0.01567352,265.5416,6372.9992,0.01567352,265.5416,265.5416,298.7343,298.7343,298.7343,6372.9992,0.01567352,1427.2863,1309.7925,5211.2546,5328.7484,0.01281637,0.01310533,0.00065306,46.6616,168.5752,2.9478,99.0827,12.5730,6068.7939,33.6119,44.8794,47.4773,8.4329,14.3073,34.3462,193.1745,204.3903,207.7145,14.3073,-10.2195,14.285714,14.518058,3.261379,29,153,76,7,0.30198559,0.01632659,0.04432358,0E-8,0.000000,0.933652,0.003213,-0.04010948,2026-03-22,2026-08-05,67,528,415,137,0.489051,0.945283,0.961806,1.006619,,,,,,,,GLOBAL_BASELINE_NO_ENTITY_RANKING,,,NOT_APPLICABLE_GLOBAL_BASELINE,HF9g-P5,,,,X 全窗基线 · 不参与实体赏罚,14192630,1420,A168_HF9F_20260827_0900,2026-08-27 09:00:00
2026-08-01,129130207,2201,0,1264.7486665589,10.1018264103,10.1018264103,0.6000000,20,5,0.42170360175212559,0.187662550000,0.807325505906237,2.3614607886975065,0.807325505906237,0.23404105175212559,ELIGIBLE,R03b_20260811_FULL_v1,L1_ELIGIBILITY,v2026-08-11,2026-03-21..2026-08-06,baccarat_bet02_101_all_pairs_incl_sentinel,round_win = game_pnl > 0 (decisive only),COMPATIBILITY_ONLY_NOT_PRODUCTION,406609.1881,379631.3579,6638.5409,8714,2252,-0.01632659,-0.04432358,-0.00421410,-0.01632659,-6638.5409,406609.1881,OK,0.0000,265.5416,4.0000,96.0000,AG03-UNRESOLVED,ALL5_LEVELS_bet23_to_bet27,265.5416,265.5416,298.7343,298.7343,298.7343,4.000000,4.000000,4.500000,4.500000,4.500000,96.000000,96.000000,95.500000,95.500000,95.500000,5.0,1427.2863,1309.7925,5211.2546,5328.7484,PENDING_AG03,FALSE,NOT_FOR_ENFORCEMENT,6372.9992,364446.1036,6638.5409,6372.9992,265.5416,0.01632659,0.01567352,265.5416,6372.9992,0.01567352,265.5416,265.5416,298.7343,298.7343,298.7343,6372.9992,0.01567352,1427.2863,1309.7925,5211.2546,5328.7484,0.01281637,0.01310533,0.00065306,46.6616,168.5752,2.9478,99.0827,12.5730,6068.7939,33.6119,44.8794,47.4773,8.4329,14.3073,34.3462,193.1745,204.3903,207.7145,14.3073,-10.2195,14.285714,14.518058,3.261379,29,153,76,7,0.30198559,0.01632659,0.04432358,0E-8,0.000000,0.933652,0.003213,-0.04010948,2026-03-22,2026-08-05,67,528,415,137,0.489051,0.945283,0.961806,1.006619,,,,,,,,GLOBAL_BASELINE_NO_ENTITY_RANKING,,,NOT_APPLICABLE_GLOBAL_BASELINE,HF9g-P5,,,,X 全窗基线 · 不参与实体赏罚,14192631,1420,A168_HF9F_20260827_0900,2026-08-27 09:00:00
2026-08-01,129130207,2229,0,731.3722320997,382.0510748341,382.0510748341,0.8333333,24,6,0.43441057187033151,0.187662550000,1.9713494109973175,4.0506966037714935,1.9713494109973175,0.24674802187033151,ELIGIBLE,R03b_20260811_FULL_v1,L1_ELIGIBILITY,v2026-08-11,2026-03-21..2026-08-06,baccarat_bet02_101_all_pairs_incl_sentinel,round_win = game_pnl > 0 (decisive only),COMPATIBILITY_ONLY_NOT_PRODUCTION,406609.1881,379631.3579,6638.5409,8714,2252,-0.01632659,-0.04432358,-0.00421410,-0.01632659,-6638.5409,406609.1881,OK,0.0000,265.5416,4.0000,96.0000,AG03-UNRESOLVED,ALL5_LEVELS_bet23_to_bet27,265.5416,265.5416,298.7343,298.7343,298.7343,4.000000,4.000000,4.500000,4.500000,4.500000,96.000000,96.000000,95.500000,95.500000,95.500000,5.0,1427.2863,1309.7925,5211.2546,5328.7484,PENDING_AG03,FALSE,NOT_FOR_ENFORCEMENT,6372.9992,364446.1036,6638.5409,6372.9992,265.5416,0.01632659,0.01567352,265.5416,6372.9992,0.01567352,265.5416,265.5416,298.7343,298.7343,298.7343,6372.9992,0.01567352,1427.2863,1309.7925,5211.2546,5328.7484,0.01281637,0.01310533,0.00065306,46.6616,168.5752,2.9478,99.0827,12.5730,6068.7939,33.6119,44.8794,47.4773,8.4329,14.3073,34.3462,193.1745,204.3903,207.7145,14.3073,-10.2195,14.285714,14.518058,3.261379,29,153,76,7,0.30198559,0.01632659,0.04432358,0E-8,0.000000,0.933652,0.003213,-0.04010948,2026-03-22,2026-08-05,67,528,415,137,0.489051,0.945283,0.961806,1.006619,,,,,,,,GLOBAL_BASELINE_NO_ENTITY_RANKING,,,NOT_APPLICABLE_GLOBAL_BASELINE,HF9g-P5,,,,X 全窗基线 · 不参与实体赏罚,14192632,1420,A168_HF9F_20260827_0900,2026-08-27 09:00:00
2026-08-01,129130207,2250,0,1202.7234524001,-349.4221755293,-349.4221755293,0.5000000,24,6,0.43398844577800794,0.187662550000,0.32624499019850556,1.9594881487652602,0.32624499019850556,0.24632589577800794,ELIGIBLE,R03b_20260811_FULL_v1,L1_ELIGIBILITY,v2026-08-11,2026-03-21..2026-08-06,baccarat_bet02_101_all_pairs_incl_sentinel,round_win = game_pnl > 0 (decisive only),COMPATIBILITY_ONLY_NOT_PRODUCTION,406609.1881,379631.3579,6638.5409,8714,2252,-0.01632659,-0.04432358,-0.00421410,-0.01632659,-6638.5409,406609.1881,OK,0.0000,265.5416,4.0000,96.0000,AG03-UNRESOLVED,ALL5_LEVELS_bet23_to_bet27,265.5416,265.5416,298.7343,298.7343,298.7343,4.000000,4.000000,4.500000,4.500000,4.500000,96.000000,96.000000,95.500000,95.500000,95.500000,5.0,1427.2863,1309.7925,5211.2546,5328.7484,PENDING_AG03,FALSE,NOT_FOR_ENFORCEMENT,6372.9992,364446.1036,6638.5409,6372.9992,265.5416,0.01632659,0.01567352,265.5416,6372.9992,0.01567352,265.5416,265.5416,298.7343,298.7343,298.7343,6372.9992,0.01567352,1427.2863,1309.7925,5211.2546,5328.7484,0.01281637,0.01310533,0.00065306,46.6616,168.5752,2.9478,99.0827,12.5730,6068.7939,33.6119,44.8794,47.4773,8.4329,14.3073,34.3462,193.1745,204.3903,207.7145,14.3073,-10.2195,14.285714,14.518058,3.261379,29,153,76,7,0.30198559,0.01632659,0.04432358,0E-8,0.000000,0.933652,0.003213,-0.04010948,2026-03-22,2026-08-05,67,528,415,137,0.489051,0.945283,0.961806,1.006619,,,,,,,,GLOBAL_BASELINE_NO_ENTITY_RANKING,,,NOT_APPLICABLE_GLOBAL_BASELINE,HF9g-P5,,,,X 全窗基线 · 不参与实体赏罚,14192633,1420,A168_HF9F_20260827_0900,2026-08-27 09:00:00
2026-08-01,129130207,2252,0,1325.3596250203,207.9966057862,207.9966057862,0.7500000,32,8,0.43291399394890066,0.187662550000,1.8100759237151367,4.073661666971215,1.8100759237151367,0.24525144394890066,ELIGIBLE,R03b_20260811_FULL_v1,L1_ELIGIBILITY,v2026-08-11,2026-03-21..2026-08-06,baccarat_bet02_101_all_pairs_incl_sentinel,round_win = game_pnl > 0 (decisive only),COMPATIBILITY_ONLY_NOT_PRODUCTION,406609.1881,379631.3579,6638.5409,8714,2252,-0.01632659,-0.04432358,-0.00421410,-0.01632659,-6638.5409,406609.1881,OK,0.0000,265.5416,4.0000,96.0000,AG03-UNRESOLVED,ALL5_LEVELS_bet23_to_bet27,265.5416,265.5416,298.7343,298.7343,298.7343,4.000000,4.000000,4.500000,4.500000,4.500000,96.000000,96.000000,95.500000,95.500000,95.500000,5.0,1427.2863,1309.7925,5211.2546,5328.7484,PENDING_AG03,FALSE,NOT_FOR_ENFORCEMENT,6372.9992,364446.1036,6638.5409,6372.9992,265.5416,0.01632659,0.01567352,265.5416,6372.9992,0.01567352,265.5416,265.5416,298.7343,298.7343,298.7343,6372.9992,0.01567352,1427.2863,1309.7925,5211.2546,5328.7484,0.01281637,0.01310533,0.00065306,46.6616,168.5752,2.9478,99.0827,12.5730,6068.7939,33.6119,44.8794,47.4773,8.4329,14.3073,34.3462,193.1745,204.3903,207.7145,14.3073,-10.2195,14.285714,14.518058,3.261379,29,153,76,7,0.30198559,0.01632659,0.04432358,0E-8,0.000000,0.933652,0.003213,-0.04010948,2026-03-22,2026-08-05,67,528,415,137,0.489051,0.945283,0.961806,1.006619,,,,,,,,GLOBAL_BASELINE_NO_ENTITY_RANKING,,,NOT_APPLICABLE_GLOBAL_BASELINE,HF9g-P5,,,,X 全窗基线 · 不参与实体赏罚,14192634,1420,A168_HF9F_20260827_0900,2026-08-27 09:00:00
2026-08-01,129130207,2280,0,864.7163407147,-246.4845644094,-246.4845644094,0.5000000,24,6,0.41807744306747625,0.184311250000,0.4068348611037173,1.9943279331292794,0.4068348611037173,0.23376619306747625,ELIGIBLE,R03b_20260811_FULL_v1,L1_ELIGIBILITY,v2026-08-11,2026-03-21..2026-08-06,baccarat_bet02_101_all_pairs_incl_sentinel,round_win = game_pnl > 0 (decisive only),COMPATIBILITY_ONLY_NOT_PRODUCTION,406609.1881,379631.3579,6638.5409,8714,2252,-0.01632659,-0.04432358,-0.00421410,-0.01632659,-6638.5409,406609.1881,OK,0.0000,265.5416,4.0000,96.0000,AG03-UNRESOLVED,ALL5_LEVELS_bet23_to_bet27,265.5416,265.5416,298.7343,298.7343,298.7343,4.000000,4.000000,4.500000,4.500000,4.500000,96.000000,96.000000,95.500000,95.500000,95.500000,5.0,1427.2863,1309.7925,5211.2546,5328.7484,PENDING_AG03,FALSE,NOT_FOR_ENFORCEMENT,6372.9992,364446.1036,6638.5409,6372.9992,265.5416,0.01632659,0.01567352,265.5416,6372.9992,0.01567352,265.5416,265.5416,298.7343,298.7343,298.7343,6372.9992,0.01567352,1427.2863,1309.7925,5211.2546,5328.7484,0.01281637,0.01310533,0.00065306,46.6616,168.5752,2.9478,99.0827,12.5730,6068.7939,33.6119,44.8794,47.4773,8.4329,14.3073,34.3462,193.1745,204.3903,207.7145,14.3073,-10.2195,14.285714,14.518058,3.261379,29,153,76,7,0.30198559,0.01632659,0.04432358,0E-8,0.000000,0.933652,0.003213,-0.04010948,2026-03-22,2026-08-05,67,528,415,137,0.489051,0.945283,0.961806,1.006619,,,,,,,,GLOBAL_BASELINE_NO_ENTITY_RANKING,,,NOT_APPLICABLE_GLOBAL_BASELINE,HF9g-P5,,,,X 全窗基线 · 不参与实体赏罚,14192635,1420,A168_HF9F_20260827_0900,2026-08-27 09:00:00
2026-08-01,129130207,763,0,416.1952481009,-416.1952481009,-416.1952481009,0E-7,8,2,0.43796257370949461,0.187662550000,-1.2483917192687686,-0.6797286364807011,-1.2483917192687686,0.25030002370949461,ELIGIBLE,R03b_20260811_FULL_v1,L1_ELIGIBILITY,v2026-08-11,2026-03-21..2026-08-06,baccarat_bet02_101_all_pairs_incl_sentinel,round_win = game_pnl > 0 (decisive only),COMPATIBILITY_ONLY_NOT_PRODUCTION,406609.1881,379631.3579,6638.5409,8714,2252,-0.01632659,-0.04432358,-0.00421410,-0.01632659,-6638.5409,406609.1881,OK,0.0000,265.5416,4.0000,96.0000,AG03-UNRESOLVED,ALL5_LEVELS_bet23_to_bet27,265.5416,265.5416,298.7343,298.7343,298.7343,4.000000,4.000000,4.500000,4.500000,4.500000,96.000000,96.000000,95.500000,95.500000,95.500000,5.0,1427.2863,1309.7925,5211.2546,5328.7484,PENDING_AG03,FALSE,NOT_FOR_ENFORCEMENT,6372.9992,364446.1036,6638.5409,6372.9992,265.5416,0.01632659,0.01567352,265.5416,6372.9992,0.01567352,265.5416,265.5416,298.7343,298.7343,298.7343,6372.9992,0.01567352,1427.2863,1309.7925,5211.2546,5328.7484,0.01281637,0.01310533,0.00065306,46.6616,168.5752,2.9478,99.0827,12.5730,6068.7939,33.6119,44.8794,47.4773,8.4329,14.3073,34.3462,193.1745,204.3903,207.7145,14.3073,-10.2195,14.285714,14.518058,3.261379,29,153,76,7,0.30198559,0.01632659,0.04432358,0E-8,0.000000,0.933652,0.003213,-0.04010948,2026-03-22,2026-08-05,67,528,415,137,0.489051,0.945283,0.961806,1.006619,,,,,,,,GLOBAL_BASELINE_NO_ENTITY_RANKING,,,NOT_APPLICABLE_GLOBAL_BASELINE,HF9g-P5,,,,X 全窗基线 · 不参与实体赏罚,14192636,1420,A168_HF9F_20260827_0900,2026-08-27 09:00:00
2026-08-03,129130207,-1,1,3881.1217068045,213.2495555198,213.2495555198,0.6470588,68,17,0.42001689501510909,0.187465414706,1.8966599616911617,4.855307566159954,1.8966599616911617,0.23255148030910909,SENTINEL_DEALER,R03b_20260811_FULL_v1,L1_ELIGIBILITY,v2026-08-11,2026-03-21..2026-08-06,baccarat_bet02_101_all_pairs_incl_sentinel,round_win = game_pnl > 0 (decisive only),COMPATIBILITY_ONLY_NOT_PRODUCTION,406609.1881,379631.3579,6638.5409,8714,2252,-0.01632659,-0.04432358,-0.00421410,-0.01632659,-6638.5409,406609.1881,OK,0.0000,265.5416,4.0000,96.0000,AG03-UNRESOLVED,ALL5_LEVELS_bet23_to_bet27,265.5416,265.5416,298.7343,298.7343,298.7343,4.000000,4.000000,4.500000,4.500000,4.500000,96.000000,96.000000,95.500000,95.500000,95.500000,5.0,1427.2863,1309.7925,5211.2546,5328.7484,PENDING_AG03,FALSE,NOT_FOR_ENFORCEMENT,6372.9992,364446.1036,6638.5409,6372.9992,265.5416,0.01632659,0.01567352,265.5416,6372.9992,0.01567352,265.5416,265.5416,298.7343,298.7343,298.7343,6372.9992,0.01567352,1427.2863,1309.7925,5211.2546,5328.7484,0.01281637,0.01310533,0.00065306,46.6616,168.5752,2.9478,99.0827,12.5730,6068.7939,33.6119,44.8794,47.4773,8.4329,14.3073,34.3462,193.1745,204.3903,207.7145,14.3073,-10.2195,14.285714,14.518058,3.261379,29,153,76,7,0.30198559,0.01632659,0.04432358,0E-8,0.000000,0.933652,0.003213,-0.04010948,2026-03-22,2026-08-05,67,528,415,137,0.489051,0.945283,0.961806,1.006619,,,,,,,,GLOBAL_BASELINE_NO_ENTITY_RANKING,,,NOT_APPLICABLE_GLOBAL_BASELINE,HF9g-P5,,,,X 全窗基线 · 不参与实体赏罚,14192637,1420,A168_HF9F_20260827_0900,2026-08-27 09:00:00
2026-08-03,129130207,1004,0,2499.1918538875,739.4536932278,739.4536932278,0.7272727,44,11,0.41776671689719899,0.184311250000,2.08137338614956,4.644374178658093,2.08137338614956,0.23345546689719899,ELIGIBLE,R03b_20260811_FULL_v1,L1_ELIGIBILITY,v2026-08-11,2026-03-21..2026-08-06,baccarat_bet02_101_all_pairs_incl_sentinel,round_win = game_pnl > 0 (decisive only),COMPATIBILITY_ONLY_NOT_PRODUCTION,406609.1881,379631.3579,6638.5409,8714,2252,-0.01632659,-0.04432358,-0.00421410,-0.01632659,-6638.5409,406609.1881,OK,0.0000,265.5416,4.0000,96.0000,AG03-UNRESOLVED,ALL5_LEVELS_bet23_to_bet27,265.5416,265.5416,298.7343,298.7343,298.7343,4.000000,4.000000,4.500000,4.500000,4.500000,96.000000,96.000000,95.500000,95.500000,95.500000,5.0,1427.2863,1309.7925,5211.2546,5328.7484,PENDING_AG03,FALSE,NOT_FOR_ENFORCEMENT,6372.9992,364446.1036,6638.5409,6372.9992,265.5416,0.01632659,0.01567352,265.5416,6372.9992,0.01567352,265.5416,265.5416,298.7343,298.7343,298.7343,6372.9992,0.01567352,1427.2863,1309.7925,5211.2546,5328.7484,0.01281637,0.01310533,0.00065306,46.6616,168.5752,2.9478,99.0827,12.5730,6068.7939,33.6119,44.8794,47.4773,8.4329,14.3073,34.3462,193.1745,204.3903,207.7145,14.3073,-10.2195,14.285714,14.518058,3.261379,29,153,76,7,0.30198559,0.01632659,0.04432358,0E-8,0.000000,0.933652,0.003213,-0.04010948,2026-03-22,2026-08-05,67,528,415,137,0.489051,0.945283,0.961806,1.006619,,,,,,,,GLOBAL_BASELINE_NO_ENTITY_RANKING,,,NOT_APPLICABLE_GLOBAL_BASELINE,HF9g-P5,,,,X 全窗基线 · 不参与实体赏罚,14192638,1420,A168_HF9F_20260827_0900,2026-08-27 09:00:00
2026-08-03,129130207,1157,0,1921.3673832229,36.3665750771,36.3665750771,0.6363636,44,11,0.42649887221237055,0.184311250000,1.4073748584799006,3.8667576218735573,1.4073748584799006,0.24218762221237055,ELIGIBLE,R03b_20260811_FULL_v1,L1_ELIGIBILITY,v2026-08-11,2026-03-21..2026-08-06,baccarat_bet02_101_all_pairs_incl_sentinel,round_win = game_pnl > 0 (decisive only),COMPATIBILITY_ONLY_NOT_PRODUCTION,406609.1881,379631.3579,6638.5409,8714,2252,-0.01632659,-0.04432358,-0.00421410,-0.01632659,-6638.5409,406609.1881,OK,0.0000,265.5416,4.0000,96.0000,AG03-UNRESOLVED,ALL5_LEVELS_bet23_to_bet27,265.5416,265.5416,298.7343,298.7343,298.7343,4.000000,4.000000,4.500000,4.500000,4.500000,96.000000,96.000000,95.500000,95.500000,95.500000,5.0,1427.2863,1309.7925,5211.2546,5328.7484,PENDING_AG03,FALSE,NOT_FOR_ENFORCEMENT,6372.9992,364446.1036,6638.5409,6372.9992,265.5416,0.01632659,0.01567352,265.5416,6372.9992,0.01567352,265.5416,265.5416,298.7343,298.7343,298.7343,6372.9992,0.01567352,1427.2863,1309.7925,5211.2546,5328.7484,0.01281637,0.01310533,0.00065306,46.6616,168.5752,2.9478,99.0827,12.5730,6068.7939,33.6119,44.8794,47.4773,8.4329,14.3073,34.3462,193.1745,204.3903,207.7145,14.3073,-10.2195,14.285714,14.518058,3.261379,29,153,76,7,0.30198559,0.01632659,0.04432358,0E-8,0.000000,0.933652,0.003213,-0.04010948,2026-03-22,2026-08-05,67,528,415,137,0.489051,0.945283,0.961806,1.006619,,,,,,,,GLOBAL_BASELINE_NO_ENTITY_RANKING,,,NOT_APPLICABLE_GLOBAL_BASELINE,HF9g-P5,,,,X 全窗基线 · 不参与实体赏罚,14192639,1420,A168_HF9F_20260827_0900,2026-08-27 09:00:00
2026-08-03,129130207,1205,0,1563.7627283014,246.4845644091,246.4845644091,0.6250000,32,8,0.41737245600050525,0.184311250000,1.1908925041368046,3.2146877763496136,1.1908925041368046,0.23306120600050525,ELIGIBLE,R03b_20260811_FULL_v1,L1_ELIGIBILITY,v2026-08-11,2026-03-21..2026-08-06,baccarat_bet02_101_all_pairs_incl_sentinel,round_win = game_pnl > 0 (decisive only),COMPATIBILITY_ONLY_NOT_PRODUCTION,406609.1881,379631.3579,6638.5409,8714,2252,-0.01632659,-0.04432358,-0.00421410,-0.01632659,-6638.5409,406609.1881,OK,0.0000,265.5416,4.0000,96.0000,AG03-UNRESOLVED,ALL5_LEVELS_bet23_to_bet27,265.5416,265.5416,298.7343,298.7343,298.7343,4.000000,4.000000,4.500000,4.500000,4.500000,96.000000,96.000000,95.500000,95.500000,95.500000,5.0,1427.2863,1309.7925,5211.2546,5328.7484,PENDING_AG03,FALSE,NOT_FOR_ENFORCEMENT,6372.9992,364446.1036,6638.5409,6372.9992,265.5416,0.01632659,0.01567352,265.5416,6372.9992,0.01567352,265.5416,265.5416,298.7343,298.7343,298.7343,6372.9992,0.01567352,1427.2863,1309.7925,5211.2546,5328.7484,0.01281637,0.01310533,0.00065306,46.6616,168.5752,2.9478,99.0827,12.5730,6068.7939,33.6119,44.8794,47.4773,8.4329,14.3073,34.3462,193.1745,204.3903,207.7145,14.3073,-10.2195,14.285714,14.518058,3.261379,29,153,76,7,0.30198559,0.01632659,0.04432358,0E-8,0.000000,0.933652,0.003213,-0.04010948,2026-03-22,2026-08-05,67,528,415,137,0.489051,0.945283,0.961806,1.006619,,,,,,,,GLOBAL_BASELINE_NO_ENTITY_RANKING,,,NOT_APPLICABLE_GLOBAL_BASELINE,HF9g-P5,,,,X 全窗基线 · 不参与实体赏罚,14192640,1420,A168_HF9F_20260827_0900,2026-08-27 09:00:00
2026-08-03,129130207,1307,0,811.7827703249,-197.5917245839,-197.5917245839,0.5000000,21,6,0.43022710007811074,0.235800291667,0.34519351060462106,1.5245172972334564,0.34519351060462106,0.19442680841111074,ELIGIBLE,R03b_20260811_FULL_v1,L1_ELIGIBILITY,v2026-08-11,2026-03-21..2026-08-06,baccarat_bet02_101_all_pairs_incl_sentinel,round_win = game_pnl > 0 (decisive only),COMPATIBILITY_ONLY_NOT_PRODUCTION,406609.1881,379631.3579,6638.5409,8714,2252,-0.01632659,-0.04432358,-0.00421410,-0.01632659,-6638.5409,406609.1881,OK,0.0000,265.5416,4.0000,96.0000,AG03-UNRESOLVED,ALL5_LEVELS_bet23_to_bet27,265.5416,265.5416,298.7343,298.7343,298.7343,4.000000,4.000000,4.500000,4.500000,4.500000,96.000000,96.000000,95.500000,95.500000,95.500000,5.0,1427.2863,1309.7925,5211.2546,5328.7484,PENDING_AG03,FALSE,NOT_FOR_ENFORCEMENT,6372.9992,364446.1036,6638.5409,6372.9992,265.5416,0.01632659,0.01567352,265.5416,6372.9992,0.01567352,265.5416,265.5416,298.7343,298.7343,298.7343,6372.9992,0.01567352,1427.2863,1309.7925,5211.2546,5328.7484,0.01281637,0.01310533,0.00065306,46.6616,168.5752,2.9478,99.0827,12.5730,6068.7939,33.6119,44.8794,47.4773,8.4329,14.3073,34.3462,193.1745,204.3903,207.7145,14.3073,-10.2195,14.285714,14.518058,3.261379,29,153,76,7,0.30198559,0.01632659,0.04432358,0E-8,0.000000,0.933652,0.003213,-0.04010948,2026-03-22,2026-08-05,67,528,415,137,0.489051,0.945283,0.961806,1.006619,,,,,,,,GLOBAL_BASELINE_NO_ENTITY_RANKING,,,NOT_APPLICABLE_GLOBAL_BASELINE,HF9g-P5,,,,X 全窗基线 · 不参与实体赏罚,14192641,1420,A168_HF9F_20260827_0900,2026-08-27 09:00:00
2026-08-03,129130207,1942,0,171.7310489736,104.0488120253,104.0488120253,1.0000000,4,1,0.43159466470596976,0.187662550000,1.1476013201985906,2.080556102057424,1.1476013201985906,0.24393211470596976,ELIGIBLE,R03b_20260811_FULL_v1,L1_ELIGIBILITY,v2026-08-11,2026-03-21..2026-08-06,baccarat_bet02_101_all_pairs_incl_sentinel,round_win = game_pnl > 0 (decisive only),COMPATIBILITY_ONLY_NOT_PRODUCTION,406609.1881,379631.3579,6638.5409,8714,2252,-0.01632659,-0.04432358,-0.00421410,-0.01632659,-6638.5409,406609.1881,OK,0.0000,265.5416,4.0000,96.0000,AG03-UNRESOLVED,ALL5_LEVELS_bet23_to_bet27,265.5416,265.5416,298.7343,298.7343,298.7343,4.000000,4.000000,4.500000,4.500000,4.500000,96.000000,96.000000,95.500000,95.500000,95.500000,5.0,1427.2863,1309.7925,5211.2546,5328.7484,PENDING_AG03,FALSE,NOT_FOR_ENFORCEMENT,6372.9992,364446.1036,6638.5409,6372.9992,265.5416,0.01632659,0.01567352,265.5416,6372.9992,0.01567352,265.5416,265.5416,298.7343,298.7343,298.7343,6372.9992,0.01567352,1427.2863,1309.7925,5211.2546,5328.7484,0.01281637,0.01310533,0.00065306,46.6616,168.5752,2.9478,99.0827,12.5730,6068.7939,33.6119,44.8794,47.4773,8.4329,14.3073,34.3462,193.1745,204.3903,207.7145,14.3073,-10.2195,14.285714,14.518058,3.261379,29,153,76,7,0.30198559,0.01632659,0.04432358,0E-8,0.000000,0.933652,0.003213,-0.04010948,2026-03-22,2026-08-05,67,528,415,137,0.489051,0.945283,0.961806,1.006619,,,,,,,,GLOBAL_BASELINE_NO_ENTITY_RANKING,,,NOT_APPLICABLE_GLOBAL_BASELINE,HF9g-P5,,,,X 全窗基线 · 不参与实体赏罚,14192642,1420,A168_HF9F_20260827_0900,2026-08-27 09:00:00
2026-08-03,129130207,1947,0,2137.5464684016,123.3433004688,123.3433004688,0.5833333,48,12,0.41582200026895367,0.187662550000,1.1773578601459762,3.5104885549979556,1.1773578601459762,0.22815945026895367,ELIGIBLE,R03b_20260811_FULL_v1,L1_ELIGIBILITY,v2026-08-11,2026-03-21..2026-08-06,baccarat_bet02_101_all_pairs_incl_sentinel,round_win = game_pnl > 0 (decisive only),COMPATIBILITY_ONLY_NOT_PRODUCTION,406609.1881,379631.3579,6638.5409,8714,2252,-0.01632659,-0.04432358,-0.00421410,-0.01632659,-6638.5409,406609.1881,OK,0.0000,265.5416,4.0000,96.0000,AG03-UNRESOLVED,ALL5_LEVELS_bet23_to_bet27,265.5416,265.5416,298.7343,298.7343,298.7343,4.000000,4.000000,4.500000,4.500000,4.500000,96.000000,96.000000,95.500000,95.500000,95.500000,5.0,1427.2863,1309.7925,5211.2546,5328.7484,PENDING_AG03,FALSE,NOT_FOR_ENFORCEMENT,6372.9992,364446.1036,6638.5409,6372.9992,265.5416,0.01632659,0.01567352,265.5416,6372.9992,0.01567352,265.5416,265.5416,298.7343,298.7343,298.7343,6372.9992,0.01567352,1427.2863,1309.7925,5211.2546,5328.7484,0.01281637,0.01310533,0.00065306,46.6616,168.5752,2.9478,99.0827,12.5730,6068.7939,33.6119,44.8794,47.4773,8.4329,14.3073,34.3462,193.1745,204.3903,207.7145,14.3073,-10.2195,14.285714,14.518058,3.261379,29,153,76,7,0.30198559,0.01632659,0.04432358,0E-8,0.000000,0.933652,0.003213,-0.04010948,2026-03-22,2026-08-05,67,528,415,137,0.489051,0.945283,0.961806,1.006619,,,,,,,,GLOBAL_BASELINE_NO_ENTITY_RANKING,,,NOT_APPLICABLE_GLOBAL_BASELINE,HF9g-P5,,,,X 全窗基线 · 不参与实体赏罚,14192643,1420,A168_HF9F_20260827_0900,2026-08-27 09:00:00
2026-08-03,129130207,1966,0,121.2219169226,8.0814611281,8.0814611281,0.5000000,8,2,0.41049525446401023,0.184311250000,0.25731395307572313,1.1514257690445797,0.25731395307572313,0.22618400446401023,ELIGIBLE,R03b_20260811_FULL_v1,L1_ELIGIBILITY,v2026-08-11,2026-03-21..2026-08-06,baccarat_bet02_101_all_pairs_incl_sentinel,round_win = game_pnl > 0 (decisive only),COMPATIBILITY_ONLY_NOT_PRODUCTION,406609.1881,379631.3579,6638.5409,8714,2252,-0.01632659,-0.04432358,-0.00421410,-0.01632659,-6638.5409,406609.1881,OK,0.0000,265.5416,4.0000,96.0000,AG03-UNRESOLVED,ALL5_LEVELS_bet23_to_bet27,265.5416,265.5416,298.7343,298.7343,298.7343,4.000000,4.000000,4.500000,4.500000,4.500000,96.000000,96.000000,95.500000,95.500000,95.500000,5.0,1427.2863,1309.7925,5211.2546,5328.7484,PENDING_AG03,FALSE,NOT_FOR_ENFORCEMENT,6372.9992,364446.1036,6638.5409,6372.9992,265.5416,0.01632659,0.01567352,265.5416,6372.9992,0.01567352,265.5416,265.5416,298.7343,298.7343,298.7343,6372.9992,0.01567352,1427.2863,1309.7925,5211.2546,5328.7484,0.01281637,0.01310533,0.00065306,46.6616,168.5752,2.9478,99.0827,12.5730,6068.7939,33.6119,44.8794,47.4773,8.4329,14.3073,34.3462,193.1745,204.3903,207.7145,14.3073,-10.2195,14.285714,14.518058,3.261379,29,153,76,7,0.30198559,0.01632659,0.04432358,0E-8,0.000000,0.933652,0.003213,-0.04010948,2026-03-22,2026-08-05,67,528,415,137,0.489051,0.945283,0.961806,1.006619,,,,,,,,GLOBAL_BASELINE_NO_ENTITY_RANKING,,,NOT_APPLICABLE_GLOBAL_BASELINE,HF9g-P5,,,,X 全窗基线 · 不参与实体赏罚,14192644,1420,A168_HF9F_20260827_0900,2026-08-27 09:00:00
2026-08-03,129130207,2121,0,304.4690480040,-304.4690480040,-304.4690480040,0E-7,8,2,0.42756442007880277,0.184311250000,-1.222228670659645,-0.6722467074763285,-1.222228670659645,0.24325317007880277,ELIGIBLE,R03b_20260811_FULL_v1,L1_ELIGIBILITY,v2026-08-11,2026-03-21..2026-08-06,baccarat_bet02_101_all_pairs_incl_sentinel,round_win = game_pnl > 0 (decisive only),COMPATIBILITY_ONLY_NOT_PRODUCTION,406609.1881,379631.3579,6638.5409,8714,2252,-0.01632659,-0.04432358,-0.00421410,-0.01632659,-6638.5409,406609.1881,OK,0.0000,265.5416,4.0000,96.0000,AG03-UNRESOLVED,ALL5_LEVELS_bet23_to_bet27,265.5416,265.5416,298.7343,298.7343,298.7343,4.000000,4.000000,4.500000,4.500000,4.500000,96.000000,96.000000,95.500000,95.500000,95.500000,5.0,1427.2863,1309.7925,5211.2546,5328.7484,PENDING_AG03,FALSE,NOT_FOR_ENFORCEMENT,6372.9992,364446.1036,6638.5409,6372.9992,265.5416,0.01632659,0.01567352,265.5416,6372.9992,0.01567352,265.5416,265.5416,298.7343,298.7343,298.7343,6372.9992,0.01567352,1427.2863,1309.7925,5211.2546,5328.7484,0.01281637,0.01310533,0.00065306,46.6616,168.5752,2.9478,99.0827,12.5730,6068.7939,33.6119,44.8794,47.4773,8.4329,14.3073,34.3462,193.1745,204.3903,207.7145,14.3073,-10.2195,14.285714,14.518058,3.261379,29,153,76,7,0.30198559,0.01632659,0.04432358,0E-8,0.000000,0.933652,0.003213,-0.04010948,2026-03-22,2026-08-05,67,528,415,137,0.489051,0.945283,0.961806,1.006619,,,,,,,,GLOBAL_BASELINE_NO_ENTITY_RANKING,,,NOT_APPLICABLE_GLOBAL_BASELINE,HF9g-P5,,,,X 全窗基线 · 不参与实体赏罚,14192645,1420,A168_HF9F_20260827_0900,2026-08-27 09:00:00
2026-08-03,129130207,2130,0,767.7388071767,598.0281234842,598.0281234842,1.0000000,16,4,0.42218908474841827,0.184311250000,2.3397495158010244,4.207424288271112,2.3397495158010244,0.23787783474841827,ELIGIBLE,R03b_20260811_FULL_v1,L1_ELIGIBILITY,v2026-08-11,2026-03-21..2026-08-06,baccarat_bet02_101_all_pairs_incl_sentinel,round_win = game_pnl > 0 (decisive only),COMPATIBILITY_ONLY_NOT_PRODUCTION,406609.1881,379631.3579,6638.5409,8714,2252,-0.01632659,-0.04432358,-0.00421410,-0.01632659,-6638.5409,406609.1881,OK,0.0000,265.5416,4.0000,96.0000,AG03-UNRESOLVED,ALL5_LEVELS_bet23_to_bet27,265.5416,265.5416,298.7343,298.7343,298.7343,4.000000,4.000000,4.500000,4.500000,4.500000,96.000000,96.000000,95.500000,95.500000,95.500000,5.0,1427.2863,1309.7925,5211.2546,5328.7484,PENDING_AG03,FALSE,NOT_FOR_ENFORCEMENT,6372.9992,364446.1036,6638.5409,6372.9992,265.5416,0.01632659,0.01567352,265.5416,6372.9992,0.01567352,265.5416,265.5416,298.7343,298.7343,298.7343,6372.9992,0.01567352,1427.2863,1309.7925,5211.2546,5328.7484,0.01281637,0.01310533,0.00065306,46.6616,168.5752,2.9478,99.0827,12.5730,6068.7939,33.6119,44.8794,47.4773,8.4329,14.3073,34.3462,193.1745,204.3903,207.7145,14.3073,-10.2195,14.285714,14.518058,3.261379,29,153,76,7,0.30198559,0.01632659,0.04432358,0E-8,0.000000,0.933652,0.003213,-0.04010948,2026-03-22,2026-08-05,67,528,415,137,0.489051,0.945283,0.961806,1.006619,,,,,,,,GLOBAL_BASELINE_NO_ENTITY_RANKING,,,NOT_APPLICABLE_GLOBAL_BASELINE,HF9g-P5,,,,X 全窗基线 · 不参与实体赏罚,14192646,1420,A168_HF9F_20260827_0900,2026-08-27 09:00:00
2026-08-03,129130207,2141,0,97.3816065945,45.2359786649,45.2359786649,1.0000000,8,2,0.39806282401753373,0.187662550000,1.7390608214823815,2.94235065680771,1.7390608214823815,0.21040027401753373,ELIGIBLE,R03b_20260811_FULL_v1,L1_ELIGIBILITY,v2026-08-11,2026-03-21..2026-08-06,baccarat_bet02_101_all_pairs_incl_sentinel,round_win = game_pnl > 0 (decisive only),COMPATIBILITY_ONLY_NOT_PRODUCTION,406609.1881,379631.3579,6638.5409,8714,2252,-0.01632659,-0.04432358,-0.00421410,-0.01632659,-6638.5409,406609.1881,OK,0.0000,265.5416,4.0000,96.0000,AG03-UNRESOLVED,ALL5_LEVELS_bet23_to_bet27,265.5416,265.5416,298.7343,298.7343,298.7343,4.000000,4.000000,4.500000,4.500000,4.500000,96.000000,96.000000,95.500000,95.500000,95.500000,5.0,1427.2863,1309.7925,5211.2546,5328.7484,PENDING_AG03,FALSE,NOT_FOR_ENFORCEMENT,6372.9992,364446.1036,6638.5409,6372.9992,265.5416,0.01632659,0.01567352,265.5416,6372.9992,0.01567352,265.5416,265.5416,298.7343,298.7343,298.7343,6372.9992,0.01567352,1427.2863,1309.7925,5211.2546,5328.7484,0.01281637,0.01310533,0.00065306,46.6616,168.5752,2.9478,99.0827,12.5730,6068.7939,33.6119,44.8794,47.4773,8.4329,14.3073,34.3462,193.1745,204.3903,207.7145,14.3073,-10.2195,14.285714,14.518058,3.261379,29,153,76,7,0.30198559,0.01632659,0.04432358,0E-8,0.000000,0.933652,0.003213,-0.04010948,2026-03-22,2026-08-05,67,528,415,137,0.489051,0.945283,0.961806,1.006619,,,,,,,,GLOBAL_BASELINE_NO_ENTITY_RANKING,,,NOT_APPLICABLE_GLOBAL_BASELINE,HF9g-P5,,,,X 全窗基线 · 不参与实体赏罚,14192647,1420,A168_HF9F_20260827_0900,2026-08-27 09:00:00
2026-08-03,129130207,2149,0,119.2015516406,-119.2015516406,-119.2015516406,0E-7,4,1,0.42014543898279685,0.187662550000,-0.8512169987138585,-0.48064072822218945,-0.8512169987138585,0.23248288898279685,ELIGIBLE,R03b_20260811_FULL_v1,L1_ELIGIBILITY,v2026-08-11,2026-03-21..2026-08-06,baccarat_bet02_101_all_pairs_incl_sentinel,round_win = game_pnl > 0 (decisive only),COMPATIBILITY_ONLY_NOT_PRODUCTION,406609.1881,379631.3579,6638.5409,8714,2252,-0.01632659,-0.04432358,-0.00421410,-0.01632659,-6638.5409,406609.1881,OK,0.0000,265.5416,4.0000,96.0000,AG03-UNRESOLVED,ALL5_LEVELS_bet23_to_bet27,265.5416,265.5416,298.7343,298.7343,298.7343,4.000000,4.000000,4.500000,4.500000,4.500000,96.000000,96.000000,95.500000,95.500000,95.500000,5.0,1427.2863,1309.7925,5211.2546,5328.7484,PENDING_AG03,FALSE,NOT_FOR_ENFORCEMENT,6372.9992,364446.1036,6638.5409,6372.9992,265.5416,0.01632659,0.01567352,265.5416,6372.9992,0.01567352,265.5416,265.5416,298.7343,298.7343,298.7343,6372.9992,0.01567352,1427.2863,1309.7925,5211.2546,5328.7484,0.01281637,0.01310533,0.00065306,46.6616,168.5752,2.9478,99.0827,12.5730,6068.7939,33.6119,44.8794,47.4773,8.4329,14.3073,34.3462,193.1745,204.3903,207.7145,14.3073,-10.2195,14.285714,14.518058,3.261379,29,153,76,7,0.30198559,0.01632659,0.04432358,0E-8,0.000000,0.933652,0.003213,-0.04010948,2026-03-22,2026-08-05,67,528,415,137,0.489051,0.945283,0.961806,1.006619,,,,,,,,GLOBAL_BASELINE_NO_ENTITY_RANKING,,,NOT_APPLICABLE_GLOBAL_BASELINE,HF9g-P5,,,,X 全窗基线 · 不参与实体赏罚,14192648,1420,A168_HF9F_20260827_0900,2026-08-27 09:00:00
2026-08-03,129130207,2196,0,2022.7897203814,-35.5786326166,-35.5786326166,0.5833333,48,12,0.43193591444655056,0.187662550000,1.0587679093531437,3.5104885549979556,1.0587679093531437,0.24427336444655056,ELIGIBLE,R03b_20260811_FULL_v1,L1_ELIGIBILITY,v2026-08-11,2026-03-21..2026-08-06,baccarat_bet02_101_all_pairs_incl_sentinel,round_win = game_pnl > 0 (decisive only),COMPATIBILITY_ONLY_NOT_PRODUCTION,406609.1881,379631.3579,6638.5409,8714,2252,-0.01632659,-0.04432358,-0.00421410,-0.01632659,-6638.5409,406609.1881,OK,0.0000,265.5416,4.0000,96.0000,AG03-UNRESOLVED,ALL5_LEVELS_bet23_to_bet27,265.5416,265.5416,298.7343,298.7343,298.7343,4.000000,4.000000,4.500000,4.500000,4.500000,96.000000,96.000000,95.500000,95.500000,95.500000,5.0,1427.2863,1309.7925,5211.2546,5328.7484,PENDING_AG03,FALSE,NOT_FOR_ENFORCEMENT,6372.9992,364446.1036,6638.5409,6372.9992,265.5416,0.01632659,0.01567352,265.5416,6372.9992,0.01567352,265.5416,265.5416,298.7343,298.7343,298.7343,6372.9992,0.01567352,1427.2863,1309.7925,5211.2546,5328.7484,0.01281637,0.01310533,0.00065306,46.6616,168.5752,2.9478,99.0827,12.5730,6068.7939,33.6119,44.8794,47.4773,8.4329,14.3073,34.3462,193.1745,204.3903,207.7145,14.3073,-10.2195,14.285714,14.518058,3.261379,29,153,76,7,0.30198559,0.01632659,0.04432358,0E-8,0.000000,0.933652,0.003213,-0.04010948,2026-03-22,2026-08-05,67,528,415,137,0.489051,0.945283,0.961806,1.006619,,,,,,,,GLOBAL_BASELINE_NO_ENTITY_RANKING,,,NOT_APPLICABLE_GLOBAL_BASELINE,HF9g-P5,,,,X 全窗基线 · 不参与实体赏罚,14192649,1420,A168_HF9F_20260827_0900,2026-08-27 09:00:00
2026-08-03,129130207,2241,0,438.4192662035,-12.9303378053,-12.9303378053,0.6666667,12,3,0.44360049332206921,0.187662550000,0.7776872271771501,2.1249211973513655,0.7776872271771501,0.25593794332206921,ELIGIBLE,R03b_20260811_FULL_v1,L1_ELIGIBILITY,v2026-08-11,2026-03-21..2026-08-06,baccarat_bet02_101_all_pairs_incl_sentinel,round_win = game_pnl > 0 (decisive only),COMPATIBILITY_ONLY_NOT_PRODUCTION,406609.1881,379631.3579,6638.5409,8714,2252,-0.01632659,-0.04432358,-0.00421410,-0.01632659,-6638.5409,406609.1881,OK,0.0000,265.5416,4.0000,96.0000,AG03-UNRESOLVED,ALL5_LEVELS_bet23_to_bet27,265.5416,265.5416,298.7343,298.7343,298.7343,4.000000,4.000000,4.500000,4.500000,4.500000,96.000000,96.000000,95.500000,95.500000,95.500000,5.0,1427.2863,1309.7925,5211.2546,5328.7484,PENDING_AG03,FALSE,NOT_FOR_ENFORCEMENT,6372.9992,364446.1036,6638.5409,6372.9992,265.5416,0.01632659,0.01567352,265.5416,6372.9992,0.01567352,265.5416,265.5416,298.7343,298.7343,298.7343,6372.9992,0.01567352,1427.2863,1309.7925,5211.2546,5328.7484,0.01281637,0.01310533,0.00065306,46.6616,168.5752,2.9478,99.0827,12.5730,6068.7939,33.6119,44.8794,47.4773,8.4329,14.3073,34.3462,193.1745,204.3903,207.7145,14.3073,-10.2195,14.285714,14.518058,3.261379,29,153,76,7,0.30198559,0.01632659,0.04432358,0E-8,0.000000,0.933652,0.003213,-0.04010948,2026-03-22,2026-08-05,67,528,415,137,0.489051,0.945283,0.961806,1.006619,,,,,,,,GLOBAL_BASELINE_NO_ENTITY_RANKING,,,NOT_APPLICABLE_GLOBAL_BASELINE,HF9g-P5,,,,X 全窗基线 · 不参与实体赏罚,14192650,1420,A168_HF9F_20260827_0900,2026-08-27 09:00:00
2026-08-03,129130207,2261,0,21.6179085179,0E-10,0E-10,,1,1,0.50665070000000000,0.506650700000,,,,0E-17,NO_DECISIVE_ROUND,R03b_20260811_FULL_v1,L1_ELIGIBILITY,v2026-08-11,2026-03-21..2026-08-06,baccarat_bet02_101_all_pairs_incl_sentinel,round_win = game_pnl > 0 (decisive only),COMPATIBILITY_ONLY_NOT_PRODUCTION,406609.1881,379631.3579,6638.5409,8714,2252,-0.01632659,-0.04432358,-0.00421410,-0.01632659,-6638.5409,406609.1881,OK,0.0000,265.5416,4.0000,96.0000,AG03-UNRESOLVED,ALL5_LEVELS_bet23_to_bet27,265.5416,265.5416,298.7343,298.7343,298.7343,4.000000,4.000000,4.500000,4.500000,4.500000,96.000000,96.000000,95.500000,95.500000,95.500000,5.0,1427.2863,1309.7925,5211.2546,5328.7484,PENDING_AG03,FALSE,NOT_FOR_ENFORCEMENT,6372.9992,364446.1036,6638.5409,6372.9992,265.5416,0.01632659,0.01567352,265.5416,6372.9992,0.01567352,265.5416,265.5416,298.7343,298.7343,298.7343,6372.9992,0.01567352,1427.2863,1309.7925,5211.2546,5328.7484,0.01281637,0.01310533,0.00065306,46.6616,168.5752,2.9478,99.0827,12.5730,6068.7939,33.6119,44.8794,47.4773,8.4329,14.3073,34.3462,193.1745,204.3903,207.7145,14.3073,-10.2195,14.285714,14.518058,3.261379,29,153,76,7,0.30198559,0.01632659,0.04432358,0E-8,0.000000,0.933652,0.003213,-0.04010948,2026-03-22,2026-08-05,67,528,415,137,0.489051,0.945283,0.961806,1.006619,,,,,,,,GLOBAL_BASELINE_NO_ENTITY_RANKING,,,NOT_APPLICABLE_GLOBAL_BASELINE,HF9g-P5,,,,X 全窗基线 · 不参与实体赏罚,14192651,1420,A168_HF9F_20260827_0900,2026-08-27 09:00:00
2026-08-04,129130207,-1,1,406.2954582188,-122.6361726200,-122.6361726200,0.5000000,24,6,0.43101082554377488,0.187662550000,0.3412404313901329,1.9594881487652602,0.3412404313901329,0.24334827554377488,SENTINEL_DEALER,R03b_20260811_FULL_v1,L1_ELIGIBILITY,v2026-08-11,2026-03-21..2026-08-06,baccarat_bet02_101_all_pairs_incl_sentinel,round_win = game_pnl > 0 (decisive only),COMPATIBILITY_ONLY_NOT_PRODUCTION,406609.1881,379631.3579,6638.5409,8714,2252,-0.01632659,-0.04432358,-0.00421410,-0.01632659,-6638.5409,406609.1881,OK,0.0000,265.5416,4.0000,96.0000,AG03-UNRESOLVED,ALL5_LEVELS_bet23_to_bet27,265.5416,265.5416,298.7343,298.7343,298.7343,4.000000,4.000000,4.500000,4.500000,4.500000,96.000000,96.000000,95.500000,95.500000,95.500000,5.0,1427.2863,1309.7925,5211.2546,5328.7484,PENDING_AG03,FALSE,NOT_FOR_ENFORCEMENT,6372.9992,364446.1036,6638.5409,6372.9992,265.5416,0.01632659,0.01567352,265.5416,6372.9992,0.01567352,265.5416,265.5416,298.7343,298.7343,298.7343,6372.9992,0.01567352,1427.2863,1309.7925,5211.2546,5328.7484,0.01281637,0.01310533,0.00065306,46.6616,168.5752,2.9478,99.0827,12.5730,6068.7939,33.6119,44.8794,47.4773,8.4329,14.3073,34.3462,193.1745,204.3903,207.7145,14.3073,-10.2195,14.285714,14.518058,3.261379,29,153,76,7,0.30198559,0.01632659,0.04432358,0E-8,0.000000,0.933652,0.003213,-0.04010948,2026-03-22,2026-08-05,67,528,415,137,0.489051,0.945283,0.961806,1.006619,,,,,,,,GLOBAL_BASELINE_NO_ENTITY_RANKING,,,NOT_APPLICABLE_GLOBAL_BASELINE,HF9g-P5,,,,X 全窗基线 · 不参与实体赏罚,14192652,1420,A168_HF9F_20260827_0900,2026-08-27 09:00:00
2026-08-04,129130207,1353,0,319.2177145630,-71.0158396640,-71.0158396640,0.5000000,8,2,0.44187945155001725,0.187662550000,0.1655117354169038,1.1313110101635044,0.1655117354169038,0.25421690155001725,ELIGIBLE,R03b_20260811_FULL_v1,L1_ELIGIBILITY,v2026-08-11,2026-03-21..2026-08-06,baccarat_bet02_101_all_pairs_incl_sentinel,round_win = game_pnl > 0 (decisive only),COMPATIBILITY_ONLY_NOT_PRODUCTION,406609.1881,379631.3579,6638.5409,8714,2252,-0.01632659,-0.04432358,-0.00421410,-0.01632659,-6638.5409,406609.1881,OK,0.0000,265.5416,4.0000,96.0000,AG03-UNRESOLVED,ALL5_LEVELS_bet23_to_bet27,265.5416,265.5416,298.7343,298.7343,298.7343,4.000000,4.000000,4.500000,4.500000,4.500000,96.000000,96.000000,95.500000,95.500000,95.500000,5.0,1427.2863,1309.7925,5211.2546,5328.7484,PENDING_AG03,FALSE,NOT_FOR_ENFORCEMENT,6372.9992,364446.1036,6638.5409,6372.9992,265.5416,0.01632659,0.01567352,265.5416,6372.9992,0.01567352,265.5416,265.5416,298.7343,298.7343,298.7343,6372.9992,0.01567352,1427.2863,1309.7925,5211.2546,5328.7484,0.01281637,0.01310533,0.00065306,46.6616,168.5752,2.9478,99.0827,12.5730,6068.7939,33.6119,44.8794,47.4773,8.4329,14.3073,34.3462,193.1745,204.3903,207.7145,14.3073,-10.2195,14.285714,14.518058,3.261379,29,153,76,7,0.30198559,0.01632659,0.04432358,0E-8,0.000000,0.933652,0.003213,-0.04010948,2026-03-22,2026-08-05,67,528,415,137,0.489051,0.945283,0.961806,1.006619,,,,,,,,GLOBAL_BASELINE_NO_ENTITY_RANKING,,,NOT_APPLICABLE_GLOBAL_BASELINE,HF9g-P5,,,,X 全窗基线 · 不参与实体赏罚,14192653,1420,A168_HF9F_20260827_0900,2026-08-27 09:00:00
2026-08-04,129130207,2278,0,129.3033780508,-129.3033780508,-129.3033780508,0E-7,4,1,0.42690366249975330,0.187662550000,-0.8630801410210559,-0.48064072822218945,-0.8630801410210559,0.23924111249975330,ELIGIBLE,R03b_20260811_FULL_v1,L1_ELIGIBILITY,v2026-08-11,2026-03-21..2026-08-06,baccarat_bet02_101_all_pairs_incl_sentinel,round_win = game_pnl > 0 (decisive only),COMPATIBILITY_ONLY_NOT_PRODUCTION,406609.1881,379631.3579,6638.5409,8714,2252,-0.01632659,-0.04432358,-0.00421410,-0.01632659,-6638.5409,406609.1881,OK,0.0000,265.5416,4.0000,96.0000,AG03-UNRESOLVED,ALL5_LEVELS_bet23_to_bet27,265.5416,265.5416,298.7343,298.7343,298.7343,4.000000,4.000000,4.500000,4.500000,4.500000,96.000000,96.000000,95.500000,95.500000,95.500000,5.0,1427.2863,1309.7925,5211.2546,5328.7484,PENDING_AG03,FALSE,NOT_FOR_ENFORCEMENT,6372.9992,364446.1036,6638.5409,6372.9992,265.5416,0.01632659,0.01567352,265.5416,6372.9992,0.01567352,265.5416,265.5416,298.7343,298.7343,298.7343,6372.9992,0.01567352,1427.2863,1309.7925,5211.2546,5328.7484,0.01281637,0.01310533,0.00065306,46.6616,168.5752,2.9478,99.0827,12.5730,6068.7939,33.6119,44.8794,47.4773,8.4329,14.3073,34.3462,193.1745,204.3903,207.7145,14.3073,-10.2195,14.285714,14.518058,3.261379,29,153,76,7,0.30198559,0.01632659,0.04432358,0E-8,0.000000,0.933652,0.003213,-0.04010948,2026-03-22,2026-08-05,67,528,415,137,0.489051,0.945283,0.961806,1.006619,,,,,,,,GLOBAL_BASELINE_NO_ENTITY_RANKING,,,NOT_APPLICABLE_GLOBAL_BASELINE,HF9g-P5,,,,X 全窗基线 · 不参与实体赏罚,14192654,1420,A168_HF9F_20260827_0900,2026-08-27 09:00:00
2026-08-04,129130207,529,0,368.3125909166,40.0032325841,40.0032325841,0.6666667,12,3,0.43021533826319389,0.185428350000,0.8271876915568787,2.1447077144329874,0.8271876915568787,0.24478698826319389,ELIGIBLE,R03b_20260811_FULL_v1,L1_ELIGIBILITY,v2026-08-11,2026-03-21..2026-08-06,baccarat_bet02_101_all_pairs_incl_sentinel,round_win = game_pnl > 0 (decisive only),COMPATIBILITY_ONLY_NOT_PRODUCTION,406609.1881,379631.3579,6638.5409,8714,2252,-0.01632659,-0.04432358,-0.00421410,-0.01632659,-6638.5409,406609.1881,OK,0.0000,265.5416,4.0000,96.0000,AG03-UNRESOLVED,ALL5_LEVELS_bet23_to_bet27,265.5416,265.5416,298.7343,298.7343,298.7343,4.000000,4.000000,4.500000,4.500000,4.500000,96.000000,96.000000,95.500000,95.500000,95.500000,5.0,1427.2863,1309.7925,5211.2546,5328.7484,PENDING_AG03,FALSE,NOT_FOR_ENFORCEMENT,6372.9992,364446.1036,6638.5409,6372.9992,265.5416,0.01632659,0.01567352,265.5416,6372.9992,0.01567352,265.5416,265.5416,298.7343,298.7343,298.7343,6372.9992,0.01567352,1427.2863,1309.7925,5211.2546,5328.7484,0.01281637,0.01310533,0.00065306,46.6616,168.5752,2.9478,99.0827,12.5730,6068.7939,33.6119,44.8794,47.4773,8.4329,14.3073,34.3462,193.1745,204.3903,207.7145,14.3073,-10.2195,14.285714,14.518058,3.261379,29,153,76,7,0.30198559,0.01632659,0.04432358,0E-8,0.000000,0.933652,0.003213,-0.04010948,2026-03-22,2026-08-05,67,528,415,137,0.489051,0.945283,0.961806,1.006619,,,,,,,,GLOBAL_BASELINE_NO_ENTITY_RANKING,,,NOT_APPLICABLE_GLOBAL_BASELINE,HF9g-P5,,,,X 全窗基线 · 不参与实体赏罚,14192655,1420,A168_HF9F_20260827_0900,2026-08-27 09:00:00
2026-08-05,129130207,1941,0,262.6474866655,-262.6474866655,-262.6474866655,0E-7,12,3,0.43709177384621953,0.187662550000,-1.5262586778138458,-0.8324941614677365,-1.5262586778138458,0.24942922384621953,ELIGIBLE,R03b_20260811_FULL_v1,L1_ELIGIBILITY,v2026-08-11,2026-03-21..2026-08-06,baccarat_bet02_101_all_pairs_incl_sentinel,round_win = game_pnl > 0 (decisive only),COMPATIBILITY_ONLY_NOT_PRODUCTION,406609.1881,379631.3579,6638.5409,8714,2252,-0.01632659,-0.04432358,-0.00421410,-0.01632659,-6638.5409,406609.1881,OK,0.0000,265.5416,4.0000,96.0000,AG03-UNRESOLVED,ALL5_LEVELS_bet23_to_bet27,265.5416,265.5416,298.7343,298.7343,298.7343,4.000000,4.000000,4.500000,4.500000,4.500000,96.000000,96.000000,95.500000,95.500000,95.500000,5.0,1427.2863,1309.7925,5211.2546,5328.7484,PENDING_AG03,FALSE,NOT_FOR_ENFORCEMENT,6372.9992,364446.1036,6638.5409,6372.9992,265.5416,0.01632659,0.01567352,265.5416,6372.9992,0.01567352,265.5416,265.5416,298.7343,298.7343,298.7343,6372.9992,0.01567352,1427.2863,1309.7925,5211.2546,5328.7484,0.01281637,0.01310533,0.00065306,46.6616,168.5752,2.9478,99.0827,12.5730,6068.7939,33.6119,44.8794,47.4773,8.4329,14.3073,34.3462,193.1745,204.3903,207.7145,14.3073,-10.2195,14.285714,14.518058,3.261379,29,153,76,7,0.30198559,0.01632659,0.04432358,0E-8,0.000000,0.933652,0.003213,-0.04010948,2026-03-22,2026-08-05,67,528,415,137,0.489051,0.945283,0.961806,1.006619,,,,,,,,GLOBAL_BASELINE_NO_ENTITY_RANKING,,,NOT_APPLICABLE_GLOBAL_BASELINE,HF9g-P5,,,,X 全窗基线 · 不参与实体赏罚,14192656,1420,A168_HF9F_20260827_0900,2026-08-27 09:00:00
2026-07-13,152936550,1646,0,2242.0567133584,-2242.0567133584,-2219.6361462248,0E-7,1,1,0.49324550000000000,0.493245500000,-0.9865810262130424,-0.9865810262130424,-0.9865810262130424,0E-17,ELIGIBLE,R03b_20260811_FULL_v1,L1_ELIGIBILITY,v2026-08-11,2026-03-21..2026-08-06,baccarat_bet02_101_all_pairs_incl_sentinel,round_win = game_pnl > 0 (decisive only),COMPATIBILITY_ONLY_NOT_PRODUCTION,16868.8077,16441.7492,6882.0465,8,7,-0.40797468,-0.40797468,,-0.41772152,-6882.0465,16868.8077,THIN_EXPOSURE,164.4175,344.1023,5.0000,95.0000,AG03-UNRESOLVED,ALL5_LEVELS_bet23_to_bet27,344.1023,344.1023,344.1023,344.1023,344.1023,5.000000,5.000000,5.000000,5.000000,5.000000,95.000000,95.000000,95.000000,95.000000,95.000000,5.0,1720.5116,1556.8501,4997.1174,5160.7789,PENDING_AG03,FALSE,NOT_FOR_ENFORCEMENT,6537.9441,15619.6618,6717.6290,6373.5266,179.6848,0.39822785,0.37782911,344.1023,6373.5266,0.37782911,344.1023,344.1023,344.1023,344.1023,344.1023,6373.5266,0.37782911,1720.5116,1556.8501,4997.1174,5160.7789,0.29623418,0.3059362,0.01065190,2108.6010,2348.8213,983.1495,1720.5116,1147.0077,4217.2019,1.7500,2108.6010,,427.0584,1708.2336,3416.4673,5017.9365,5338.2305,5338.2305,1708.2336,-792.7272,3.125,3.125,1.234375,5,6,4,3,1.00000000,0.40797468,0.40797468,0.01000000,1.000000,0.974684,0.000000,,2026-07-13,2026-07-20,4,6,6,8,0.500000,,1.000000,3.333333,,,,,,,,GLOBAL_BASELINE_NO_ENTITY_RANKING,,,NOT_APPLICABLE_GLOBAL_BASELINE,HF9g-P5,,,,X 全窗基线 · 不参与实体赏罚,14192657,1420,A168_HF9F_20260827_0900,2026-08-27 09:00:00
2026-07-16,152936550,2167,0,5765.2886914930,-5765.2886914930,-5707.6358045781,0E-7,2,1,0.47612863333333148,0.300626750000,-0.953344398149874,-0.655630731788307,-0.953344398149874,0.17550188333333148,ELIGIBLE,R03b_20260811_FULL_v1,L1_ELIGIBILITY,v2026-08-11,2026-03-21..2026-08-06,baccarat_bet02_101_all_pairs_incl_sentinel,round_win = game_pnl > 0 (decisive only),COMPATIBILITY_ONLY_NOT_PRODUCTION,16868.8077,16441.7492,6882.0465,8,7,-0.40797468,-0.40797468,,-0.41772152,-6882.0465,16868.8077,THIN_EXPOSURE,164.4175,344.1023,5.0000,95.0000,AG03-UNRESOLVED,ALL5_LEVELS_bet23_to_bet27,344.1023,344.1023,344.1023,344.1023,344.1023,5.000000,5.000000,5.000000,5.000000,5.000000,95.000000,95.000000,95.000000,95.000000,95.000000,5.0,1720.5116,1556.8501,4997.1174,5160.7789,PENDING_AG03,FALSE,NOT_FOR_ENFORCEMENT,6537.9441,15619.6618,6717.6290,6373.5266,179.6848,0.39822785,0.37782911,344.1023,6373.5266,0.37782911,344.1023,344.1023,344.1023,344.1023,344.1023,6373.5266,0.37782911,1720.5116,1556.8501,4997.1174,5160.7789,0.29623418,0.3059362,0.01065190,2108.6010,2348.8213,983.1495,1720.5116,1147.0077,4217.2019,1.7500,2108.6010,,427.0584,1708.2336,3416.4673,5017.9365,5338.2305,5338.2305,1708.2336,-792.7272,3.125,3.125,1.234375,5,6,4,3,1.00000000,0.40797468,0.40797468,0.01000000,1.000000,0.974684,0.000000,,2026-07-13,2026-07-20,4,6,6,8,0.500000,,1.000000,3.333333,,,,,,,,GLOBAL_BASELINE_NO_ENTITY_RANKING,,,NOT_APPLICABLE_GLOBAL_BASELINE,HF9g-P5,,,,X 全窗基线 · 不参与实体赏罚,14192658,1420,A168_HF9F_20260827_0900,2026-08-27 09:00:00
2026-07-16,152936550,986,0,4270.5842159207,4270.5842159207,4313.2900580799,1.0000000,1,1,0.49324550000000000,0.493245500000,1.01360149184955,1.01360149184955,1.01360149184955,0E-17,ELIGIBLE,R03b_20260811_FULL_v1,L1_ELIGIBILITY,v2026-08-11,2026-03-21..2026-08-06,baccarat_bet02_101_all_pairs_incl_sentinel,round_win = game_pnl > 0 (decisive only),COMPATIBILITY_ONLY_NOT_PRODUCTION,16868.8077,16441.7492,6882.0465,8,7,-0.40797468,-0.40797468,,-0.41772152,-6882.0465,16868.8077,THIN_EXPOSURE,164.4175,344.1023,5.0000,95.0000,AG03-UNRESOLVED,ALL5_LEVELS_bet23_to_bet27,344.1023,344.1023,344.1023,344.1023,344.1023,5.000000,5.000000,5.000000,5.000000,5.000000,95.000000,95.000000,95.000000,95.000000,95.000000,5.0,1720.5116,1556.8501,4997.1174,5160.7789,PENDING_AG03,FALSE,NOT_FOR_ENFORCEMENT,6537.9441,15619.6618,6717.6290,6373.5266,179.6848,0.39822785,0.37782911,344.1023,6373.5266,0.37782911,344.1023,344.1023,344.1023,344.1023,344.1023,6373.5266,0.37782911,1720.5116,1556.8501,4997.1174,5160.7789,0.29623418,0.3059362,0.01065190,2108.6010,2348.8213,983.1495,1720.5116,1147.0077,4217.2019,1.7500,2108.6010,,427.0584,1708.2336,3416.4673,5017.9365,5338.2305,5338.2305,1708.2336,-792.7272,3.125,3.125,1.234375,5,6,4,3,1.00000000,0.40797468,0.40797468,0.01000000,1.000000,0.974684,0.000000,,2026-07-13,2026-07-20,4,6,6,8,0.500000,,1.000000,3.333333,,,,,,,,GLOBAL_BASELINE_NO_ENTITY_RANKING,,,NOT_APPLICABLE_GLOBAL_BASELINE,HF9g-P5,,,,X 全窗基线 · 不参与实体赏罚,14192659,1420,A168_HF9F_20260827_0900,2026-08-27 09:00:00
2026-07-17,152936550,801,0,3736.7611889306,-3736.7611889306,-3699.3935770413,0E-7,2,2,0.50665070000000000,0.506650700000,-1.4331513700195317,-1.4331513700195317,-1.4331513700195317,0E-17,ELIGIBLE,R03b_20260811_FULL_v1,L1_ELIGIBILITY,v2026-08-11,2026-03-21..2026-08-06,baccarat_bet02_101_all_pairs_incl_sentinel,round_win = game_pnl > 0 (decisive only),COMPATIBILITY_ONLY_NOT_PRODUCTION,16868.8077,16441.7492,6882.0465,8,7,-0.40797468,-0.40797468,,-0.41772152,-6882.0465,16868.8077,THIN_EXPOSURE,164.4175,344.1023,5.0000,95.0000,AG03-UNRESOLVED,ALL5_LEVELS_bet23_to_bet27,344.1023,344.1023,344.1023,344.1023,344.1023,5.000000,5.000000,5.000000,5.000000,5.000000,95.000000,95.000000,95.000000,95.000000,95.000000,5.0,1720.5116,1556.8501,4997.1174,5160.7789,PENDING_AG03,FALSE,NOT_FOR_ENFORCEMENT,6537.9441,15619.6618,6717.6290,6373.5266,179.6848,0.39822785,0.37782911,344.1023,6373.5266,0.37782911,344.1023,344.1023,344.1023,344.1023,344.1023,6373.5266,0.37782911,1720.5116,1556.8501,4997.1174,5160.7789,0.29623418,0.3059362,0.01065190,2108.6010,2348.8213,983.1495,1720.5116,1147.0077,4217.2019,1.7500,2108.6010,,427.0584,1708.2336,3416.4673,5017.9365,5338.2305,5338.2305,1708.2336,-792.7272,3.125,3.125,1.234375,5,6,4,3,1.00000000,0.40797468,0.40797468,0.01000000,1.000000,0.974684,0.000000,,2026-07-13,2026-07-20,4,6,6,8,0.500000,,1.000000,3.333333,,,,,,,,GLOBAL_BASELINE_NO_ENTITY_RANKING,,,NOT_APPLICABLE_GLOBAL_BASELINE,HF9g-P5,,,,X 全窗基线 · 不参与实体赏罚,14192660,1420,A168_HF9F_20260827_0900,2026-08-27 09:00:00
2026-07-20,152936550,-1,1,427.0584215921,427.0584215921,431.3290058080,1.0000000,1,1,0.49324550000000000,0.493245500000,1.01360149184955,1.01360149184955,1.01360149184955,0E-17,SENTINEL_DEALER,R03b_20260811_FULL_v1,L1_ELIGIBILITY,v2026-08-11,2026-03-21..2026-08-06,baccarat_bet02_101_all_pairs_incl_sentinel,round_win = game_pnl > 0 (decisive only),COMPATIBILITY_ONLY_NOT_PRODUCTION,16868.8077,16441.7492,6882.0465,8,7,-0.40797468,-0.40797468,,-0.41772152,-6882.0465,16868.8077,THIN_EXPOSURE,164.4175,344.1023,5.0000,95.0000,AG03-UNRESOLVED,ALL5_LEVELS_bet23_to_bet27,344.1023,344.1023,344.1023,344.1023,344.1023,5.000000,5.000000,5.000000,5.000000,5.000000,95.000000,95.000000,95.000000,95.000000,95.000000,5.0,1720.5116,1556.8501,4997.1174,5160.7789,PENDING_AG03,FALSE,NOT_FOR_ENFORCEMENT,6537.9441,15619.6618,6717.6290,6373.5266,179.6848,0.39822785,0.37782911,344.1023,6373.5266,0.37782911,344.1023,344.1023,344.1023,344.1023,344.1023,6373.5266,0.37782911,1720.5116,1556.8501,4997.1174,5160.7789,0.29623418,0.3059362,0.01065190,2108.6010,2348.8213,983.1495,1720.5116,1147.0077,4217.2019,1.7500,2108.6010,,427.0584,1708.2336,3416.4673,5017.9365,5338.2305,5338.2305,1708.2336,-792.7272,3.125,3.125,1.234375,5,6,4,3,1.00000000,0.40797468,0.40797468,0.01000000,1.000000,0.974684,0.000000,,2026-07-13,2026-07-20,4,6,6,8,0.500000,,1.000000,3.333333,,,,,,,,GLOBAL_BASELINE_NO_ENTITY_RANKING,,,NOT_APPLICABLE_GLOBAL_BASELINE,HF9g-P5,,,,X 全窗基线 · 不参与实体赏罚,14192661,1420,A168_HF9F_20260827_0900,2026-08-27 09:00:00
2026-07-20,152936550,2233,0,427.0584215921,0E-10,0E-10,,1,1,0.50665070000000000,0.506650700000,,,,0E-17,NO_DECISIVE_ROUND,R03b_20260811_FULL_v1,L1_ELIGIBILITY,v2026-08-11,2026-03-21..2026-08-06,baccarat_bet02_101_all_pairs_incl_sentinel,round_win = game_pnl > 0 (decisive only),COMPATIBILITY_ONLY_NOT_PRODUCTION,16868.8077,16441.7492,6882.0465,8,7,-0.40797468,-0.40797468,,-0.41772152,-6882.0465,16868.8077,THIN_EXPOSURE,164.4175,344.1023,5.0000,95.0000,AG03-UNRESOLVED,ALL5_LEVELS_bet23_to_bet27,344.1023,344.1023,344.1023,344.1023,344.1023,5.000000,5.000000,5.000000,5.000000,5.000000,95.000000,95.000000,95.000000,95.000000,95.000000,5.0,1720.5116,1556.8501,4997.1174,5160.7789,PENDING_AG03,FALSE,NOT_FOR_ENFORCEMENT,6537.9441,15619.6618,6717.6290,6373.5266,179.6848,0.39822785,0.37782911,344.1023,6373.5266,0.37782911,344.1023,344.1023,344.1023,344.1023,344.1023,6373.5266,0.37782911,1720.5116,1556.8501,4997.1174,5160.7789,0.29623418,0.3059362,0.01065190,2108.6010,2348.8213,983.1495,1720.5116,1147.0077,4217.2019,1.7500,2108.6010,,427.0584,1708.2336,3416.4673,5017.9365,5338.2305,5338.2305,1708.2336,-792.7272,3.125,3.125,1.234375,5,6,4,3,1.00000000,0.40797468,0.40797468,0.01000000,1.000000,0.974684,0.000000,,2026-07-13,2026-07-20,4,6,6,8,0.500000,,1.000000,3.333333,,,,,,,,GLOBAL_BASELINE_NO_ENTITY_RANKING,,,NOT_APPLICABLE_GLOBAL_BASELINE,HF9g-P5,,,,X 全窗基线 · 不参与实体赏罚,14192662,1420,A168_HF9F_20260827_0900,2026-08-27 09:00:00
2026-03-23,132799106,-1,1,1342.9180819970,-1086.1837427917,-1086.1837427917,0.1428571,7,7,0.50090561428571429,0.500905614286,-1.8946175331089474,-1.8946175331104613,-1.8946175331089474,-2.8571E-13,SENTINEL_DEALER,R03b_20260811_FULL_v1,L1_ELIGIBILITY,v2026-08-11,2026-03-21..2026-08-06,baccarat_bet02_101_all_pairs_incl_sentinel,round_win = game_pnl > 0 (decisive only),COMPATIBILITY_ONLY_NOT_PRODUCTION,67210.6501,59454.4709,6571.0798,664,664,-0.09776843,,-0.09776843,-0.09776843,-6571.0798,67210.6501,OK,0.0000,197.1324,3.0000,97.0000,AG03-UNRESOLVED,ALL5_LEVELS_bet23_to_bet27,197.1324,197.1324,197.1324,262.8432,262.8432,3.000000,3.000000,3.000000,4.000000,4.000000,97.000000,97.000000,97.000000,96.000000,96.000000,5.0,1117.0836,1044.0169,5453.9962,5527.0629,PENDING_AG03,FALSE,NOT_FOR_ENFORCEMENT,6373.9474,57670.8367,6571.0798,6373.9474,197.1324,0.09776843,0.09483538,197.1324,6373.9474,0.09483538,197.1324,197.1324,197.1324,262.8432,262.8432,6373.9474,0.09483538,1117.0836,1044.0169,5453.9962,5527.0629,0.08114780,0.08223493,0.00293305,101.2209,89.5399,9.8962,193.2671,121.6867,1976.7838,19.5294,,101.2209,52.6635,92.9903,135.5164,181.6201,209.4076,259.4572,82.3273,0.0,2.251931,2.790155,1.08851,22,53,25,2,0E-8,0.09776843,,0E-8,0.000000,0.884599,0.000000,,2026-03-23,2026-06-07,34,54,53,77,0.441558,,,0.000000,,,,,,,,GLOBAL_BASELINE_NO_ENTITY_RANKING,,,NOT_APPLICABLE_GLOBAL_BASELINE,HF9g-P5,,,,X 全窗基线 · 不参与实体赏罚,14192663,1420,A168_HF9F_20260827_0900,2026-08-27 09:00:00
2026-03-23,132799106,1323,0,75.8353740422,-37.9176870211,-37.9176870211,0E-7,2,2,0.49324550000000000,0.493245500000,-0.9865810262130424,-0.9865810262130424,-0.9865810262130424,0E-17,ELIGIBLE,R03b_20260811_FULL_v1,L1_ELIGIBILITY,v2026-08-11,2026-03-21..2026-08-06,baccarat_bet02_101_all_pairs_incl_sentinel,round_win = game_pnl > 0 (decisive only),COMPATIBILITY_ONLY_NOT_PRODUCTION,67210.6501,59454.4709,6571.0798,664,664,-0.09776843,,-0.09776843,-0.09776843,-6571.0798,67210.6501,OK,0.0000,197.1324,3.0000,97.0000,AG03-UNRESOLVED,ALL5_LEVELS_bet23_to_bet27,197.1324,197.1324,197.1324,262.8432,262.8432,3.000000,3.000000,3.000000,4.000000,4.000000,97.000000,97.000000,97.000000,96.000000,96.000000,5.0,1117.0836,1044.0169,5453.9962,5527.0629,PENDING_AG03,FALSE,NOT_FOR_ENFORCEMENT,6373.9474,57670.8367,6571.0798,6373.9474,197.1324,0.09776843,0.09483538,197.1324,6373.9474,0.09483538,197.1324,197.1324,197.1324,262.8432,262.8432,6373.9474,0.09483538,1117.0836,1044.0169,5453.9962,5527.0629,0.08114780,0.08223493,0.00293305,101.2209,89.5399,9.8962,193.2671,121.6867,1976.7838,19.5294,,101.2209,52.6635,92.9903,135.5164,181.6201,209.4076,259.4572,82.3273,0.0,2.251931,2.790155,1.08851,22,53,25,2,0E-8,0.09776843,,0E-8,0.000000,0.884599,0.000000,,2026-03-23,2026-06-07,34,54,53,77,0.441558,,,0.000000,,,,,,,,GLOBAL_BASELINE_NO_ENTITY_RANKING,,,NOT_APPLICABLE_GLOBAL_BASELINE,HF9g-P5,,,,X 全窗基线 · 不参与实体赏罚,14192664,1420,A168_HF9F_20260827_0900,2026-08-27 09:00:00
2026-03-23,132799106,1385,0,4897.7012402245,385.7598019855,385.7598019855,0.5600000,33,33,0.50136986363636364,0.501369863636,0.5863035640687047,0.58630356407234,0.5863035640687047,3.6364E-13,ELIGIBLE,R03b_20260811_FULL_v1,L1_ELIGIBILITY,v2026-08-11,2026-03-21..2026-08-06,baccarat_bet02_101_all_pairs_incl_sentinel,round_win = game_pnl > 0 (decisive only),COMPATIBILITY_ONLY_NOT_PRODUCTION,67210.6501,59454.4709,6571.0798,664,664,-0.09776843,,-0.09776843,-0.09776843,-6571.0798,67210.6501,OK,0.0000,197.1324,3.0000,97.0000,AG03-UNRESOLVED,ALL5_LEVELS_bet23_to_bet27,197.1324,197.1324,197.1324,262.8432,262.8432,3.000000,3.000000,3.000000,4.000000,4.000000,97.000000,97.000000,97.000000,96.000000,96.000000,5.0,1117.0836,1044.0169,5453.9962,5527.0629,PENDING_AG03,FALSE,NOT_FOR_ENFORCEMENT,6373.9474,57670.8367,6571.0798,6373.9474,197.1324,0.09776843,0.09483538,197.1324,6373.9474,0.09483538,197.1324,197.1324,197.1324,262.8432,262.8432,6373.9474,0.09483538,1117.0836,1044.0169,5453.9962,5527.0629,0.08114780,0.08223493,0.00293305,101.2209,89.5399,9.8962,193.2671,121.6867,1976.7838,19.5294,,101.2209,52.6635,92.9903,135.5164,181.6201,209.4076,259.4572,82.3273,0.0,2.251931,2.790155,1.08851,22,53,25,2,0E-8,0.09776843,,0E-8,0.000000,0.884599,0.000000,,2026-03-23,2026-06-07,34,54,53,77,0.441558,,,0.000000,,,,,,,,GLOBAL_BASELINE_NO_ENTITY_RANKING,,,NOT_APPLICABLE_GLOBAL_BASELINE,HF9g-P5,,,,X 全窗基线 · 不参与实体赏罚,14192665,1420,A168_HF9F_20260827_0900,2026-08-27 09:00:00
2026-03-23,132799106,1646,0,816.2835400374,190.9050214604,190.9050214604,0.6666667,4,4,0.50665070000000000,0.506650700000,0.5543606114942035,0.5543606114942035,0.5543606114942035,0E-17,ELIGIBLE,R03b_20260811_FULL_v1,L1_ELIGIBILITY,v2026-08-11,2026-03-21..2026-08-06,baccarat_bet02_101_all_pairs_incl_sentinel,round_win = game_pnl > 0 (decisive only),COMPATIBILITY_ONLY_NOT_PRODUCTION,67210.6501,59454.4709,6571.0798,664,664,-0.09776843,,-0.09776843,-0.09776843,-6571.0798,67210.6501,OK,0.0000,197.1324,3.0000,97.0000,AG03-UNRESOLVED,ALL5_LEVELS_bet23_to_bet27,197.1324,197.1324,197.1324,262.8432,262.8432,3.000000,3.000000,3.000000,4.000000,4.000000,97.000000,97.000000,97.000000,96.000000,96.000000,5.0,1117.0836,1044.0169,5453.9962,5527.0629,PENDING_AG03,FALSE,NOT_FOR_ENFORCEMENT,6373.9474,57670.8367,6571.0798,6373.9474,197.1324,0.09776843,0.09483538,197.1324,6373.9474,0.09483538,197.1324,197.1324,197.1324,262.8432,262.8432,6373.9474,0.09483538,1117.0836,1044.0169,5453.9962,5527.0629,0.08114780,0.08223493,0.00293305,101.2209,89.5399,9.8962,193.2671,121.6867,1976.7838,19.5294,,101.2209,52.6635,92.9903,135.5164,181.6201,209.4076,259.4572,82.3273,0.0,2.251931,2.790155,1.08851,22,53,25,2,0E-8,0.09776843,,0E-8,0.000000,0.884599,0.000000,,2026-03-23,2026-06-07,34,54,53,77,0.441558,,,0.000000,,,,,,,,GLOBAL_BASELINE_NO_ENTITY_RANKING,,,NOT_APPLICABLE_GLOBAL_BASELINE,HF9g-P5,,,,X 全窗基线 · 不参与实体赏罚,14192666,1420,A168_HF9F_20260827_0900,2026-08-27 09:00:00
2026-03-23,132799106,2147,0,516.1018511204,-43.0523738051,-43.0523738051,0.5000000,7,7,0.50282064285714286,0.502820642857,-0.013818491375558404,-0.0138184913748585,-0.013818491375558404,1.4286E-13,ELIGIBLE,R03b_20260811_FULL_v1,L1_ELIGIBILITY,v2026-08-11,2026-03-21..2026-08-06,baccarat_bet02_101_all_pairs_incl_sentinel,round_win = game_pnl > 0 (decisive only),COMPATIBILITY_ONLY_NOT_PRODUCTION,67210.6501,59454.4709,6571.0798,664,664,-0.09776843,,-0.09776843,-0.09776843,-6571.0798,67210.6501,OK,0.0000,197.1324,3.0000,97.0000,AG03-UNRESOLVED,ALL5_LEVELS_bet23_to_bet27,197.1324,197.1324,197.1324,262.8432,262.8432,3.000000,3.000000,3.000000,4.000000,4.000000,97.000000,97.000000,97.000000,96.000000,96.000000,5.0,1117.0836,1044.0169,5453.9962,5527.0629,PENDING_AG03,FALSE,NOT_FOR_ENFORCEMENT,6373.9474,57670.8367,6571.0798,6373.9474,197.1324,0.09776843,0.09483538,197.1324,6373.9474,0.09483538,197.1324,197.1324,197.1324,262.8432,262.8432,6373.9474,0.09483538,1117.0836,1044.0169,5453.9962,5527.0629,0.08114780,0.08223493,0.00293305,101.2209,89.5399,9.8962,193.2671,121.6867,1976.7838,19.5294,,101.2209,52.6635,92.9903,135.5164,181.6201,209.4076,259.4572,82.3273,0.0,2.251931,2.790155,1.08851,22,53,25,2,0E-8,0.09776843,,0E-8,0.000000,0.884599,0.000000,,2026-03-23,2026-06-07,34,54,53,77,0.441558,,,0.000000,,,,,,,,GLOBAL_BASELINE_NO_ENTITY_RANKING,,,NOT_APPLICABLE_GLOBAL_BASELINE,HF9g-P5,,,,X 全窗基线 · 不参与实体赏罚,14192667,1420,A168_HF9F_20260827_0900,2026-08-27 09:00:00
2026-03-24,132799106,-1,1,56.8765305317,-25.2784580141,-25.2784580141,0.3333333,3,3,0.49771390000000000,0.497713900000,-0.5694369385616226,-0.5694369385616226,-0.5694369385616226,0E-17,SENTINEL_DEALER,R03b_20260811_FULL_v1,L1_ELIGIBILITY,v2026-08-11,2026-03-21..2026-08-06,baccarat_bet02_101_all_pairs_incl_sentinel,round_win = game_pnl > 0 (decisive only),COMPATIBILITY_ONLY_NOT_PRODUCTION,67210.6501,59454.4709,6571.0798,664,664,-0.09776843,,-0.09776843,-0.09776843,-6571.0798,67210.6501,OK,0.0000,197.1324,3.0000,97.0000,AG03-UNRESOLVED,ALL5_LEVELS_bet23_to_bet27,197.1324,197.1324,197.1324,262.8432,262.8432,3.000000,3.000000,3.000000,4.000000,4.000000,97.000000,97.000000,97.000000,96.000000,96.000000,5.0,1117.0836,1044.0169,5453.9962,5527.0629,PENDING_AG03,FALSE,NOT_FOR_ENFORCEMENT,6373.9474,57670.8367,6571.0798,6373.9474,197.1324,0.09776843,0.09483538,197.1324,6373.9474,0.09483538,197.1324,197.1324,197.1324,262.8432,262.8432,6373.9474,0.09483538,1117.0836,1044.0169,5453.9962,5527.0629,0.08114780,0.08223493,0.00293305,101.2209,89.5399,9.8962,193.2671,121.6867,1976.7838,19.5294,,101.2209,52.6635,92.9903,135.5164,181.6201,209.4076,259.4572,82.3273,0.0,2.251931,2.790155,1.08851,22,53,25,2,0E-8,0.09776843,,0E-8,0.000000,0.884599,0.000000,,2026-03-23,2026-06-07,34,54,53,77,0.441558,,,0.000000,,,,,,,,GLOBAL_BASELINE_NO_ENTITY_RANKING,,,NOT_APPLICABLE_GLOBAL_BASELINE,HF9g-P5,,,,X 全窗基线 · 不参与实体赏罚,14192668,1420,A168_HF9F_20260827_0900,2026-08-27 09:00:00
2026-03-25,132799106,2093,0,236.9855438818,-236.9855438818,-236.9855438818,0E-7,1,1,0.49324550000000000,0.493245500000,-0.9865810262130424,-0.9865810262130424,-0.9865810262130424,0E-17,ELIGIBLE,R03b_20260811_FULL_v1,L1_ELIGIBILITY,v2026-08-11,2026-03-21..2026-08-06,baccarat_bet02_101_all_pairs_incl_sentinel,round_win = game_pnl > 0 (decisive only),COMPATIBILITY_ONLY_NOT_PRODUCTION,67210.6501,59454.4709,6571.0798,664,664,-0.09776843,,-0.09776843,-0.09776843,-6571.0798,67210.6501,OK,0.0000,197.1324,3.0000,97.0000,AG03-UNRESOLVED,ALL5_LEVELS_bet23_to_bet27,197.1324,197.1324,197.1324,262.8432,262.8432,3.000000,3.000000,3.000000,4.000000,4.000000,97.000000,97.000000,97.000000,96.000000,96.000000,5.0,1117.0836,1044.0169,5453.9962,5527.0629,PENDING_AG03,FALSE,NOT_FOR_ENFORCEMENT,6373.9474,57670.8367,6571.0798,6373.9474,197.1324,0.09776843,0.09483538,197.1324,6373.9474,0.09483538,197.1324,197.1324,197.1324,262.8432,262.8432,6373.9474,0.09483538,1117.0836,1044.0169,5453.9962,5527.0629,0.08114780,0.08223493,0.00293305,101.2209,89.5399,9.8962,193.2671,121.6867,1976.7838,19.5294,,101.2209,52.6635,92.9903,135.5164,181.6201,209.4076,259.4572,82.3273,0.0,2.251931,2.790155,1.08851,22,53,25,2,0E-8,0.09776843,,0E-8,0.000000,0.884599,0.000000,,2026-03-23,2026-06-07,34,54,53,77,0.441558,,,0.000000,,,,,,,,GLOBAL_BASELINE_NO_ENTITY_RANKING,,,NOT_APPLICABLE_GLOBAL_BASELINE,HF9g-P5,,,,X 全窗基线 · 不参与实体赏罚,14192669,1420,A168_HF9F_20260827_0900,2026-08-27 09:00:00
2026-03-25,132799106,986,0,1698.3963978194,-293.0721226005,-293.0721226005,0.4285714,16,16,0.49994810000000000,0.499948100000,-0.5341341026655996,-0.5341341026655996,-0.5341341026655996,0E-17,ELIGIBLE,R03b_20260811_FULL_v1,L1_ELIGIBILITY,v2026-08-11,2026-03-21..2026-08-06,baccarat_bet02_101_all_pairs_incl_sentinel,round_win = game_pnl > 0 (decisive only),COMPATIBILITY_ONLY_NOT_PRODUCTION,67210.6501,59454.4709,6571.0798,664,664,-0.09776843,,-0.09776843,-0.09776843,-6571.0798,67210.6501,OK,0.0000,197.1324,3.0000,97.0000,AG03-UNRESOLVED,ALL5_LEVELS_bet23_to_bet27,197.1324,197.1324,197.1324,262.8432,262.8432,3.000000,3.000000,3.000000,4.000000,4.000000,97.000000,97.000000,97.000000,96.000000,96.000000,5.0,1117.0836,1044.0169,5453.9962,5527.0629,PENDING_AG03,FALSE,NOT_FOR_ENFORCEMENT,6373.9474,57670.8367,6571.0798,6373.9474,197.1324,0.09776843,0.09483538,197.1324,6373.9474,0.09483538,197.1324,197.1324,197.1324,262.8432,262.8432,6373.9474,0.09483538,1117.0836,1044.0169,5453.9962,5527.0629,0.08114780,0.08223493,0.00293305,101.2209,89.5399,9.8962,193.2671,121.6867,1976.7838,19.5294,,101.2209,52.6635,92.9903,135.5164,181.6201,209.4076,259.4572,82.3273,0.0,2.251931,2.790155,1.08851,22,53,25,2,0E-8,0.09776843,,0E-8,0.000000,0.884599,0.000000,,2026-03-23,2026-06-07,34,54,53,77,0.441558,,,0.000000,,,,,,,,GLOBAL_BASELINE_NO_ENTITY_RANKING,,,NOT_APPLICABLE_GLOBAL_BASELINE,HF9g-P5,,,,X 全窗基线 · 不参与实体赏罚,14192670,1420,A168_HF9F_20260827_0900,2026-08-27 09:00:00
2026-03-31,132799106,-1,1,106.5361359056,-36.0966416250,-36.0966416250,0.3333333,3,3,0.50218230000000000,0.502182300000,-0.5849155494134425,-0.5849155494134426,-0.5849155494134425,0E-17,SENTINEL_DEALER,R03b_20260811_FULL_v1,L1_ELIGIBILITY,v2026-08-11,2026-03-21..2026-08-06,baccarat_bet02_101_all_pairs_incl_sentinel,round_win = game_pnl > 0 (decisive only),COMPATIBILITY_ONLY_NOT_PRODUCTION,67210.6501,59454.4709,6571.0798,664,664,-0.09776843,,-0.09776843,-0.09776843,-6571.0798,67210.6501,OK,0.0000,197.1324,3.0000,97.0000,AG03-UNRESOLVED,ALL5_LEVELS_bet23_to_bet27,197.1324,197.1324,197.1324,262.8432,262.8432,3.000000,3.000000,3.000000,4.000000,4.000000,97.000000,97.000000,97.000000,96.000000,96.000000,5.0,1117.0836,1044.0169,5453.9962,5527.0629,PENDING_AG03,FALSE,NOT_FOR_ENFORCEMENT,6373.9474,57670.8367,6571.0798,6373.9474,197.1324,0.09776843,0.09483538,197.1324,6373.9474,0.09483538,197.1324,197.1324,197.1324,262.8432,262.8432,6373.9474,0.09483538,1117.0836,1044.0169,5453.9962,5527.0629,0.08114780,0.08223493,0.00293305,101.2209,89.5399,9.8962,193.2671,121.6867,1976.7838,19.5294,,101.2209,52.6635,92.9903,135.5164,181.6201,209.4076,259.4572,82.3273,0.0,2.251931,2.790155,1.08851,22,53,25,2,0E-8,0.09776843,,0E-8,0.000000,0.884599,0.000000,,2026-03-23,2026-06-07,34,54,53,77,0.441558,,,0.000000,,,,,,,,GLOBAL_BASELINE_NO_ENTITY_RANKING,,,NOT_APPLICABLE_GLOBAL_BASELINE,HF9g-P5,,,,X 全窗基线 · 不参与实体赏罚,14192671,1420,A168_HF9F_20260827_0900,2026-08-27 09:00:00
2026-03-31,132799106,1318,0,234.3523711720,226.7161703136,226.7161703136,1.0000000,3,3,0.50218230000000000,0.502182300000,1.724507524396475,1.7245075243964754,1.724507524396475,0E-17,ELIGIBLE,R03b_20260811_FULL_v1,L1_ELIGIBILITY,v2026-08-11,2026-03-21..2026-08-06,baccarat_bet02_101_all_pairs_incl_sentinel,round_win = game_pnl > 0 (decisive only),COMPATIBILITY_ONLY_NOT_PRODUCTION,67210.6501,59454.4709,6571.0798,664,664,-0.09776843,,-0.09776843,-0.09776843,-6571.0798,67210.6501,OK,0.0000,197.1324,3.0000,97.0000,AG03-UNRESOLVED,ALL5_LEVELS_bet23_to_bet27,197.1324,197.1324,197.1324,262.8432,262.8432,3.000000,3.000000,3.000000,4.000000,4.000000,97.000000,97.000000,97.000000,96.000000,96.000000,5.0,1117.0836,1044.0169,5453.9962,5527.0629,PENDING_AG03,FALSE,NOT_FOR_ENFORCEMENT,6373.9474,57670.8367,6571.0798,6373.9474,197.1324,0.09776843,0.09483538,197.1324,6373.9474,0.09483538,197.1324,197.1324,197.1324,262.8432,262.8432,6373.9474,0.09483538,1117.0836,1044.0169,5453.9962,5527.0629,0.08114780,0.08223493,0.00293305,101.2209,89.5399,9.8962,193.2671,121.6867,1976.7838,19.5294,,101.2209,52.6635,92.9903,135.5164,181.6201,209.4076,259.4572,82.3273,0.0,2.251931,2.790155,1.08851,22,53,25,2,0E-8,0.09776843,,0E-8,0.000000,0.884599,0.000000,,2026-03-23,2026-06-07,34,54,53,77,0.441558,,,0.000000,,,,,,,,GLOBAL_BASELINE_NO_ENTITY_RANKING,,,NOT_APPLICABLE_GLOBAL_BASELINE,HF9g-P5,,,,X 全窗基线 · 不参与实体赏罚,14192672,1420,A168_HF9F_20260827_0900,2026-08-27 09:00:00
2026-03-31,132799106,1711,0,979.5402480445,-130.3420491350,-130.3420491350,0.4000000,12,12,0.50218230000000000,0.502182300000,-0.6462637647146969,-0.6462637647146969,-0.6462637647146969,0E-17,ELIGIBLE,R03b_20260811_FULL_v1,L1_ELIGIBILITY,v2026-08-11,2026-03-21..2026-08-06,baccarat_bet02_101_all_pairs_incl_sentinel,round_win = game_pnl > 0 (decisive only),COMPATIBILITY_ONLY_NOT_PRODUCTION,67210.6501,59454.4709,6571.0798,664,664,-0.09776843,,-0.09776843,-0.09776843,-6571.0798,67210.6501,OK,0.0000,197.1324,3.0000,97.0000,AG03-UNRESOLVED,ALL5_LEVELS_bet23_to_bet27,197.1324,197.1324,197.1324,262.8432,262.8432,3.000000,3.000000,3.000000,4.000000,4.000000,97.000000,97.000000,97.000000,96.000000,96.000000,5.0,1117.0836,1044.0169,5453.9962,5527.0629,PENDING_AG03,FALSE,NOT_FOR_ENFORCEMENT,6373.9474,57670.8367,6571.0798,6373.9474,197.1324,0.09776843,0.09483538,197.1324,6373.9474,0.09483538,197.1324,197.1324,197.1324,262.8432,262.8432,6373.9474,0.09483538,1117.0836,1044.0169,5453.9962,5527.0629,0.08114780,0.08223493,0.00293305,101.2209,89.5399,9.8962,193.2671,121.6867,1976.7838,19.5294,,101.2209,52.6635,92.9903,135.5164,181.6201,209.4076,259.4572,82.3273,0.0,2.251931,2.790155,1.08851,22,53,25,2,0E-8,0.09776843,,0E-8,0.000000,0.884599,0.000000,,2026-03-23,2026-06-07,34,54,53,77,0.441558,,,0.000000,,,,,,,,GLOBAL_BASELINE_NO_ENTITY_RANKING,,,NOT_APPLICABLE_GLOBAL_BASELINE,HF9g-P5,,,,X 全窗基线 · 不参与实体赏罚,14192673,1420,A168_HF9F_20260827_0900,2026-08-27 09:00:00
2026-03-31,132799106,1963,0,151.9340653554,63.7227795770,63.7227795770,0.8000000,5,5,0.50128862000000000,0.501288620000,1.335882339249048,1.335882339249048,1.335882339249048,0E-17,ELIGIBLE,R03b_20260811_FULL_v1,L1_ELIGIBILITY,v2026-08-11,2026-03-21..2026-08-06,baccarat_bet02_101_all_pairs_incl_sentinel,round_win = game_pnl > 0 (decisive only),COMPATIBILITY_ONLY_NOT_PRODUCTION,67210.6501,59454.4709,6571.0798,664,664,-0.09776843,,-0.09776843,-0.09776843,-6571.0798,67210.6501,OK,0.0000,197.1324,3.0000,97.0000,AG03-UNRESOLVED,ALL5_LEVELS_bet23_to_bet27,197.1324,197.1324,197.1324,262.8432,262.8432,3.000000,3.000000,3.000000,4.000000,4.000000,97.000000,97.000000,97.000000,96.000000,96.000000,5.0,1117.0836,1044.0169,5453.9962,5527.0629,PENDING_AG03,FALSE,NOT_FOR_ENFORCEMENT,6373.9474,57670.8367,6571.0798,6373.9474,197.1324,0.09776843,0.09483538,197.1324,6373.9474,0.09483538,197.1324,197.1324,197.1324,262.8432,262.8432,6373.9474,0.09483538,1117.0836,1044.0169,5453.9962,5527.0629,0.08114780,0.08223493,0.00293305,101.2209,89.5399,9.8962,193.2671,121.6867,1976.7838,19.5294,,101.2209,52.6635,92.9903,135.5164,181.6201,209.4076,259.4572,82.3273,0.0,2.251931,2.790155,1.08851,22,53,25,2,0E-8,0.09776843,,0E-8,0.000000,0.884599,0.000000,,2026-03-23,2026-06-07,34,54,53,77,0.441558,,,0.000000,,,,,,,,GLOBAL_BASELINE_NO_ENTITY_RANKING,,,NOT_APPLICABLE_GLOBAL_BASELINE,HF9g-P5,,,,X 全窗基线 · 不参与实体赏罚,14192674,1420,A168_HF9F_20260827_0900,2026-08-27 09:00:00
2026-03-31,132799106,1984,0,1111.1988835349,357.0582194486,357.0582194486,0.6842105,19,19,0.50171194210526316,0.501711942105,1.590995097457504,1.5909950974597955,1.590995097457504,2.6316E-13,ELIGIBLE,R03b_20260811_FULL_v1,L1_ELIGIBILITY,v2026-08-11,2026-03-21..2026-08-06,baccarat_bet02_101_all_pairs_incl_sentinel,round_win = game_pnl > 0 (decisive only),COMPATIBILITY_ONLY_NOT_PRODUCTION,67210.6501,59454.4709,6571.0798,664,664,-0.09776843,,-0.09776843,-0.09776843,-6571.0798,67210.6501,OK,0.0000,197.1324,3.0000,97.0000,AG03-UNRESOLVED,ALL5_LEVELS_bet23_to_bet27,197.1324,197.1324,197.1324,262.8432,262.8432,3.000000,3.000000,3.000000,4.000000,4.000000,97.000000,97.000000,97.000000,96.000000,96.000000,5.0,1117.0836,1044.0169,5453.9962,5527.0629,PENDING_AG03,FALSE,NOT_FOR_ENFORCEMENT,6373.9474,57670.8367,6571.0798,6373.9474,197.1324,0.09776843,0.09483538,197.1324,6373.9474,0.09483538,197.1324,197.1324,197.1324,262.8432,262.8432,6373.9474,0.09483538,1117.0836,1044.0169,5453.9962,5527.0629,0.08114780,0.08223493,0.00293305,101.2209,89.5399,9.8962,193.2671,121.6867,1976.7838,19.5294,,101.2209,52.6635,92.9903,135.5164,181.6201,209.4076,259.4572,82.3273,0.0,2.251931,2.790155,1.08851,22,53,25,2,0E-8,0.09776843,,0E-8,0.000000,0.884599,0.000000,,2026-03-23,2026-06-07,34,54,53,77,0.441558,,,0.000000,,,,,,,,GLOBAL_BASELINE_NO_ENTITY_RANKING,,,NOT_APPLICABLE_GLOBAL_BASELINE,HF9g-P5,,,,X 全窗基线 · 不参与实体赏罚,14192675,1420,A168_HF9F_20260827_0900,2026-08-27 09:00:00
2026-04-01,132799106,1396,0,183.2316833756,87.0350496034,87.0350496034,1.0000000,2,2,0.50665070000000000,0.506650700000,0.9867858985152569,0.9867858985152569,0.9867858985152569,0E-17,ELIGIBLE,R03b_20260811_FULL_v1,L1_ELIGIBILITY,v2026-08-11,2026-03-21..2026-08-06,baccarat_bet02_101_all_pairs_incl_sentinel,round_win = game_pnl > 0 (decisive only),COMPATIBILITY_ONLY_NOT_PRODUCTION,67210.6501,59454.4709,6571.0798,664,664,-0.09776843,,-0.09776843,-0.09776843,-6571.0798,67210.6501,OK,0.0000,197.1324,3.0000,97.0000,AG03-UNRESOLVED,ALL5_LEVELS_bet23_to_bet27,197.1324,197.1324,197.1324,262.8432,262.8432,3.000000,3.000000,3.000000,4.000000,4.000000,97.000000,97.000000,97.000000,96.000000,96.000000,5.0,1117.0836,1044.0169,5453.9962,5527.0629,PENDING_AG03,FALSE,NOT_FOR_ENFORCEMENT,6373.9474,57670.8367,6571.0798,6373.9474,197.1324,0.09776843,0.09483538,197.1324,6373.9474,0.09483538,197.1324,197.1324,197.1324,262.8432,262.8432,6373.9474,0.09483538,1117.0836,1044.0169,5453.9962,5527.0629,0.08114780,0.08223493,0.00293305,101.2209,89.5399,9.8962,193.2671,121.6867,1976.7838,19.5294,,101.2209,52.6635,92.9903,135.5164,181.6201,209.4076,259.4572,82.3273,0.0,2.251931,2.790155,1.08851,22,53,25,2,0E-8,0.09776843,,0E-8,0.000000,0.884599,0.000000,,2026-03-23,2026-06-07,34,54,53,77,0.441558,,,0.000000,,,,,,,,GLOBAL_BASELINE_NO_ENTITY_RANKING,,,NOT_APPLICABLE_GLOBAL_BASELINE,HF9g-P5,,,,X 全窗基线 · 不参与实体赏罚,14192676,1420,A168_HF9F_20260827_0900,2026-08-27 09:00:00
2026-04-01,132799106,1401,0,2548.2291966601,569.3270162026,569.3270162026,0.6190476,22,22,0.49872944545454545,0.498729445455,1.102737836262844,1.1027378362586753,1.102737836262844,-4.5455E-13,ELIGIBLE,R03b_20260811_FULL_v1,L1_ELIGIBILITY,v2026-08-11,2026-03-21..2026-08-06,baccarat_bet02_101_all_pairs_incl_sentinel,round_win = game_pnl > 0 (decisive only),COMPATIBILITY_ONLY_NOT_PRODUCTION,67210.6501,59454.4709,6571.0798,664,664,-0.09776843,,-0.09776843,-0.09776843,-6571.0798,67210.6501,OK,0.0000,197.1324,3.0000,97.0000,AG03-UNRESOLVED,ALL5_LEVELS_bet23_to_bet27,197.1324,197.1324,197.1324,262.8432,262.8432,3.000000,3.000000,3.000000,4.000000,4.000000,97.000000,97.000000,97.000000,96.000000,96.000000,5.0,1117.0836,1044.0169,5453.9962,5527.0629,PENDING_AG03,FALSE,NOT_FOR_ENFORCEMENT,6373.9474,57670.8367,6571.0798,6373.9474,197.1324,0.09776843,0.09483538,197.1324,6373.9474,0.09483538,197.1324,197.1324,197.1324,262.8432,262.8432,6373.9474,0.09483538,1117.0836,1044.0169,5453.9962,5527.0629,0.08114780,0.08223493,0.00293305,101.2209,89.5399,9.8962,193.2671,121.6867,1976.7838,19.5294,,101.2209,52.6635,92.9903,135.5164,181.6201,209.4076,259.4572,82.3273,0.0,2.251931,2.790155,1.08851,22,53,25,2,0E-8,0.09776843,,0E-8,0.000000,0.884599,0.000000,,2026-03-23,2026-06-07,34,54,53,77,0.441558,,,0.000000,,,,,,,,GLOBAL_BASELINE_NO_ENTITY_RANKING,,,NOT_APPLICABLE_GLOBAL_BASELINE,HF9g-P5,,,,X 全窗基线 · 不参与实体赏罚,14192677,1420,A168_HF9F_20260827_0900,2026-08-27 09:00:00
2026-04-01,132799106,2072,0,1375.8081826038,38.2823338482,38.2823338482,0.5000000,17,17,0.50113091176470588,0.501130911765,-0.008462990364106646,-0.008462990366307654,-0.008462990364106646,-2.9412E-13,ELIGIBLE,R03b_20260811_FULL_v1,L1_ELIGIBILITY,v2026-08-11,2026-03-21..2026-08-06,baccarat_bet02_101_all_pairs_incl_sentinel,round_win = game_pnl > 0 (decisive only),COMPATIBILITY_ONLY_NOT_PRODUCTION,67210.6501,59454.4709,6571.0798,664,664,-0.09776843,,-0.09776843,-0.09776843,-6571.0798,67210.6501,OK,0.0000,197.1324,3.0000,97.0000,AG03-UNRESOLVED,ALL5_LEVELS_bet23_to_bet27,197.1324,197.1324,197.1324,262.8432,262.8432,3.000000,3.000000,3.000000,4.000000,4.000000,97.000000,97.000000,97.000000,96.000000,96.000000,5.0,1117.0836,1044.0169,5453.9962,5527.0629,PENDING_AG03,FALSE,NOT_FOR_ENFORCEMENT,6373.9474,57670.8367,6571.0798,6373.9474,197.1324,0.09776843,0.09483538,197.1324,6373.9474,0.09483538,197.1324,197.1324,197.1324,262.8432,262.8432,6373.9474,0.09483538,1117.0836,1044.0169,5453.9962,5527.0629,0.08114780,0.08223493,0.00293305,101.2209,89.5399,9.8962,193.2671,121.6867,1976.7838,19.5294,,101.2209,52.6635,92.9903,135.5164,181.6201,209.4076,259.4572,82.3273,0.0,2.251931,2.790155,1.08851,22,53,25,2,0E-8,0.09776843,,0E-8,0.000000,0.884599,0.000000,,2026-03-23,2026-06-07,34,54,53,77,0.441558,,,0.000000,,,,,,,,GLOBAL_BASELINE_NO_ENTITY_RANKING,,,NOT_APPLICABLE_GLOBAL_BASELINE,HF9g-P5,,,,X 全窗基线 · 不参与实体赏罚,14192678,1420,A168_HF9F_20260827_0900,2026-08-27 09:00:00
2026-04-01,132799106,2123,0,3392.4037379264,-400.4921079499,-400.4921079499,0.4666667,18,18,0.50367176666666667,0.503671766667,-0.2866480012561237,-0.2866480012587071,-0.2866480012561237,-3.3333E-13,ELIGIBLE,R03b_20260811_FULL_v1,L1_ELIGIBILITY,v2026-08-11,2026-03-21..2026-08-06,baccarat_bet02_101_all_pairs_incl_sentinel,round_win = game_pnl > 0 (decisive only),COMPATIBILITY_ONLY_NOT_PRODUCTION,67210.6501,59454.4709,6571.0798,664,664,-0.09776843,,-0.09776843,-0.09776843,-6571.0798,67210.6501,OK,0.0000,197.1324,3.0000,97.0000,AG03-UNRESOLVED,ALL5_LEVELS_bet23_to_bet27,197.1324,197.1324,197.1324,262.8432,262.8432,3.000000,3.000000,3.000000,4.000000,4.000000,97.000000,97.000000,97.000000,96.000000,96.000000,5.0,1117.0836,1044.0169,5453.9962,5527.0629,PENDING_AG03,FALSE,NOT_FOR_ENFORCEMENT,6373.9474,57670.8367,6571.0798,6373.9474,197.1324,0.09776843,0.09483538,197.1324,6373.9474,0.09483538,197.1324,197.1324,197.1324,262.8432,262.8432,6373.9474,0.09483538,1117.0836,1044.0169,5453.9962,5527.0629,0.08114780,0.08223493,0.00293305,101.2209,89.5399,9.8962,193.2671,121.6867,1976.7838,19.5294,,101.2209,52.6635,92.9903,135.5164,181.6201,209.4076,259.4572,82.3273,0.0,2.251931,2.790155,1.08851,22,53,25,2,0E-8,0.09776843,,0E-8,0.000000,0.884599,0.000000,,2026-03-23,2026-06-07,34,54,53,77,0.441558,,,0.000000,,,,,,,,GLOBAL_BASELINE_NO_ENTITY_RANKING,,,NOT_APPLICABLE_GLOBAL_BASELINE,HF9g-P5,,,,X 全窗基线 · 不参与实体赏罚,14192679,1420,A168_HF9F_20260827_0900,2026-08-27 09:00:00
2026-04-01,132799106,2201,0,80.3601811376,-80.3601811376,-80.3601811376,0E-7,1,1,0.49324550000000000,0.493245500000,-0.9865810262130424,-0.9865810262130424,-0.9865810262130424,0E-17,ELIGIBLE,R03b_20260811_FULL_v1,L1_ELIGIBILITY,v2026-08-11,2026-03-21..2026-08-06,baccarat_bet02_101_all_pairs_incl_sentinel,round_win = game_pnl > 0 (decisive only),COMPATIBILITY_ONLY_NOT_PRODUCTION,67210.6501,59454.4709,6571.0798,664,664,-0.09776843,,-0.09776843,-0.09776843,-6571.0798,67210.6501,OK,0.0000,197.1324,3.0000,97.0000,AG03-UNRESOLVED,ALL5_LEVELS_bet23_to_bet27,197.1324,197.1324,197.1324,262.8432,262.8432,3.000000,3.000000,3.000000,4.000000,4.000000,97.000000,97.000000,97.000000,96.000000,96.000000,5.0,1117.0836,1044.0169,5453.9962,5527.0629,PENDING_AG03,FALSE,NOT_FOR_ENFORCEMENT,6373.9474,57670.8367,6571.0798,6373.9474,197.1324,0.09776843,0.09483538,197.1324,6373.9474,0.09483538,197.1324,197.1324,197.1324,262.8432,262.8432,6373.9474,0.09483538,1117.0836,1044.0169,5453.9962,5527.0629,0.08114780,0.08223493,0.00293305,101.2209,89.5399,9.8962,193.2671,121.6867,1976.7838,19.5294,,101.2209,52.6635,92.9903,135.5164,181.6201,209.4076,259.4572,82.3273,0.0,2.251931,2.790155,1.08851,22,53,25,2,0E-8,0.09776843,,0E-8,0.000000,0.884599,0.000000,,2026-03-23,2026-06-07,34,54,53,77,0.441558,,,0.000000,,,,,,,,GLOBAL_BASELINE_NO_ENTITY_RANKING,,,NOT_APPLICABLE_GLOBAL_BASELINE,HF9g-P5,,,,X 全窗基线 · 不参与实体赏罚,14192680,1420,A168_HF9F_20260827_0900,2026-08-27 09:00:00
2026-04-01,132799106,2218,0,1314.0329293511,-384.7865350889,-384.7865350889,0.2000000,7,7,0.50473567142857143,0.504735671429,-1.3628804838446171,-1.3628804838465447,-1.3628804838446171,-4.2857E-13,ELIGIBLE,R03b_20260811_FULL_v1,L1_ELIGIBILITY,v2026-08-11,2026-03-21..2026-08-06,baccarat_bet02_101_all_pairs_incl_sentinel,round_win = game_pnl > 0 (decisive only),COMPATIBILITY_ONLY_NOT_PRODUCTION,67210.6501,59454.4709,6571.0798,664,664,-0.09776843,,-0.09776843,-0.09776843,-6571.0798,67210.6501,OK,0.0000,197.1324,3.0000,97.0000,AG03-UNRESOLVED,ALL5_LEVELS_bet23_to_bet27,197.1324,197.1324,197.1324,262.8432,262.8432,3.000000,3.000000,3.000000,4.000000,4.000000,97.000000,97.000000,97.000000,96.000000,96.000000,5.0,1117.0836,1044.0169,5453.9962,5527.0629,PENDING_AG03,FALSE,NOT_FOR_ENFORCEMENT,6373.9474,57670.8367,6571.0798,6373.9474,197.1324,0.09776843,0.09483538,197.1324,6373.9474,0.09483538,197.1324,197.1324,197.1324,262.8432,262.8432,6373.9474,0.09483538,1117.0836,1044.0169,5453.9962,5527.0629,0.08114780,0.08223493,0.00293305,101.2209,89.5399,9.8962,193.2671,121.6867,1976.7838,19.5294,,101.2209,52.6635,92.9903,135.5164,181.6201,209.4076,259.4572,82.3273,0.0,2.251931,2.790155,1.08851,22,53,25,2,0E-8,0.09776843,,0E-8,0.000000,0.884599,0.000000,,2026-03-23,2026-06-07,34,54,53,77,0.441558,,,0.000000,,,,,,,,GLOBAL_BASELINE_NO_ENTITY_RANKING,,,NOT_APPLICABLE_GLOBAL_BASELINE,HF9g-P5,,,,X 全窗基线 · 不参与实体赏罚,14192681,1420,A168_HF9F_20260827_0900,2026-08-27 09:00:00
2026-04-02,132799106,1318,0,36.1228175798,-36.1228175798,-36.1228175798,0E-7,1,1,0.49324550000000000,0.493245500000,-0.9865810262130424,-0.9865810262130424,-0.9865810262130424,0E-17,ELIGIBLE,R03b_20260811_FULL_v1,L1_ELIGIBILITY,v2026-08-11,2026-03-21..2026-08-06,baccarat_bet02_101_all_pairs_incl_sentinel,round_win = game_pnl > 0 (decisive only),COMPATIBILITY_ONLY_NOT_PRODUCTION,67210.6501,59454.4709,6571.0798,664,664,-0.09776843,,-0.09776843,-0.09776843,-6571.0798,67210.6501,OK,0.0000,197.1324,3.0000,97.0000,AG03-UNRESOLVED,ALL5_LEVELS_bet23_to_bet27,197.1324,197.1324,197.1324,262.8432,262.8432,3.000000,3.000000,3.000000,4.000000,4.000000,97.000000,97.000000,97.000000,96.000000,96.000000,5.0,1117.0836,1044.0169,5453.9962,5527.0629,PENDING_AG03,FALSE,NOT_FOR_ENFORCEMENT,6373.9474,57670.8367,6571.0798,6373.9474,197.1324,0.09776843,0.09483538,197.1324,6373.9474,0.09483538,197.1324,197.1324,197.1324,262.8432,262.8432,6373.9474,0.09483538,1117.0836,1044.0169,5453.9962,5527.0629,0.08114780,0.08223493,0.00293305,101.2209,89.5399,9.8962,193.2671,121.6867,1976.7838,19.5294,,101.2209,52.6635,92.9903,135.5164,181.6201,209.4076,259.4572,82.3273,0.0,2.251931,2.790155,1.08851,22,53,25,2,0E-8,0.09776843,,0E-8,0.000000,0.884599,0.000000,,2026-03-23,2026-06-07,34,54,53,77,0.441558,,,0.000000,,,,,,,,GLOBAL_BASELINE_NO_ENTITY_RANKING,,,NOT_APPLICABLE_GLOBAL_BASELINE,HF9g-P5,,,,X 全窗基线 · 不参与实体赏罚,14192682,1420,A168_HF9F_20260827_0900,2026-08-27 09:00:00
2026-04-07,132799106,1304,0,37.9551344135,37.9551344135,37.9551344135,1.0000000,1,1,0.49324550000000000,0.493245500000,1.01360149184955,1.01360149184955,1.01360149184955,0E-17,ELIGIBLE,R03b_20260811_FULL_v1,L1_ELIGIBILITY,v2026-08-11,2026-03-21..2026-08-06,baccarat_bet02_101_all_pairs_incl_sentinel,round_win = game_pnl > 0 (decisive only),COMPATIBILITY_ONLY_NOT_PRODUCTION,67210.6501,59454.4709,6571.0798,664,664,-0.09776843,,-0.09776843,-0.09776843,-6571.0798,67210.6501,OK,0.0000,197.1324,3.0000,97.0000,AG03-UNRESOLVED,ALL5_LEVELS_bet23_to_bet27,197.1324,197.1324,197.1324,262.8432,262.8432,3.000000,3.000000,3.000000,4.000000,4.000000,97.000000,97.000000,97.000000,96.000000,96.000000,5.0,1117.0836,1044.0169,5453.9962,5527.0629,PENDING_AG03,FALSE,NOT_FOR_ENFORCEMENT,6373.9474,57670.8367,6571.0798,6373.9474,197.1324,0.09776843,0.09483538,197.1324,6373.9474,0.09483538,197.1324,197.1324,197.1324,262.8432,262.8432,6373.9474,0.09483538,1117.0836,1044.0169,5453.9962,5527.0629,0.08114780,0.08223493,0.00293305,101.2209,89.5399,9.8962,193.2671,121.6867,1976.7838,19.5294,,101.2209,52.6635,92.9903,135.5164,181.6201,209.4076,259.4572,82.3273,0.0,2.251931,2.790155,1.08851,22,53,25,2,0E-8,0.09776843,,0E-8,0.000000,0.884599,0.000000,,2026-03-23,2026-06-07,34,54,53,77,0.441558,,,0.000000,,,,,,,,GLOBAL_BASELINE_NO_ENTITY_RANKING,,,NOT_APPLICABLE_GLOBAL_BASELINE,HF9g-P5,,,,X 全窗基线 · 不参与实体赏罚,14192683,1420,A168_HF9F_20260827_0900,2026-08-27 09:00:00
2026-04-07,132799106,1941,0,469.0731094417,-75.9102688271,-75.9102688271,0.5714286,7,7,0.50090561428571429,0.500905614286,0.3731730247484194,0.373173024746908,0.3731730247484194,-2.8571E-13,ELIGIBLE,R03b_20260811_FULL_v1,L1_ELIGIBILITY,v2026-08-11,2026-03-21..2026-08-06,baccarat_bet02_101_all_pairs_incl_sentinel,round_win = game_pnl > 0 (decisive only),COMPATIBILITY_ONLY_NOT_PRODUCTION,67210.6501,59454.4709,6571.0798,664,664,-0.09776843,,-0.09776843,-0.09776843,-6571.0798,67210.6501,OK,0.0000,197.1324,3.0000,97.0000,AG03-UNRESOLVED,ALL5_LEVELS_bet23_to_bet27,197.1324,197.1324,197.1324,262.8432,262.8432,3.000000,3.000000,3.000000,4.000000,4.000000,97.000000,97.000000,97.000000,96.000000,96.000000,5.0,1117.0836,1044.0169,5453.9962,5527.0629,PENDING_AG03,FALSE,NOT_FOR_ENFORCEMENT,6373.9474,57670.8367,6571.0798,6373.9474,197.1324,0.09776843,0.09483538,197.1324,6373.9474,0.09483538,197.1324,197.1324,197.1324,262.8432,262.8432,6373.9474,0.09483538,1117.0836,1044.0169,5453.9962,5527.0629,0.08114780,0.08223493,0.00293305,101.2209,89.5399,9.8962,193.2671,121.6867,1976.7838,19.5294,,101.2209,52.6635,92.9903,135.5164,181.6201,209.4076,259.4572,82.3273,0.0,2.251931,2.790155,1.08851,22,53,25,2,0E-8,0.09776843,,0E-8,0.000000,0.884599,0.000000,,2026-03-23,2026-06-07,34,54,53,77,0.441558,,,0.000000,,,,,,,,GLOBAL_BASELINE_NO_ENTITY_RANKING,,,NOT_APPLICABLE_GLOBAL_BASELINE,HF9g-P5,,,,X 全窗基线 · 不参与实体赏罚,14192684,1420,A168_HF9F_20260827_0900,2026-08-27 09:00:00
2026-04-07,132799106,2106,0,1143.8892233594,-266.3403397640,-266.3403397640,0.2857143,8,8,0.49827245000000000,0.498272450000,-1.1247587972184092,-1.1247587972184092,-1.1247587972184092,0E-17,ELIGIBLE,R03b_20260811_FULL_v1,L1_ELIGIBILITY,v2026-08-11,2026-03-21..2026-08-06,baccarat_bet02_101_all_pairs_incl_sentinel,round_win = game_pnl > 0 (decisive only),COMPATIBILITY_ONLY_NOT_PRODUCTION,67210.6501,59454.4709,6571.0798,664,664,-0.09776843,,-0.09776843,-0.09776843,-6571.0798,67210.6501,OK,0.0000,197.1324,3.0000,97.0000,AG03-UNRESOLVED,ALL5_LEVELS_bet23_to_bet27,197.1324,197.1324,197.1324,262.8432,262.8432,3.000000,3.000000,3.000000,4.000000,4.000000,97.000000,97.000000,97.000000,96.000000,96.000000,5.0,1117.0836,1044.0169,5453.9962,5527.0629,PENDING_AG03,FALSE,NOT_FOR_ENFORCEMENT,6373.9474,57670.8367,6571.0798,6373.9474,197.1324,0.09776843,0.09483538,197.1324,6373.9474,0.09483538,197.1324,197.1324,197.1324,262.8432,262.8432,6373.9474,0.09483538,1117.0836,1044.0169,5453.9962,5527.0629,0.08114780,0.08223493,0.00293305,101.2209,89.5399,9.8962,193.2671,121.6867,1976.7838,19.5294,,101.2209,52.6635,92.9903,135.5164,181.6201,209.4076,259.4572,82.3273,0.0,2.251931,2.790155,1.08851,22,53,25,2,0E-8,0.09776843,,0E-8,0.000000,0.884599,0.000000,,2026-03-23,2026-06-07,34,54,53,77,0.441558,,,0.000000,,,,,,,,GLOBAL_BASELINE_NO_ENTITY_RANKING,,,NOT_APPLICABLE_GLOBAL_BASELINE,HF9g-P5,,,,X 全窗基线 · 不参与实体赏罚,14192685,1420,A168_HF9F_20260827_0900,2026-08-27 09:00:00
2026-04-08,132799106,-1,1,534.7747559093,-273.0152082297,-273.0152082297,0.3333333,3,3,0.49771390000000000,0.497713900000,-0.5694369385616226,-0.5694369385616226,-0.5694369385616226,0E-17,SENTINEL_DEALER,R03b_20260811_FULL_v1,L1_ELIGIBILITY,v2026-08-11,2026-03-21..2026-08-06,baccarat_bet02_101_all_pairs_incl_sentinel,round_win = game_pnl > 0 (decisive only),COMPATIBILITY_ONLY_NOT_PRODUCTION,67210.6501,59454.4709,6571.0798,664,664,-0.09776843,,-0.09776843,-0.09776843,-6571.0798,67210.6501,OK,0.0000,197.1324,3.0000,97.0000,AG03-UNRESOLVED,ALL5_LEVELS_bet23_to_bet27,197.1324,197.1324,197.1324,262.8432,262.8432,3.000000,3.000000,3.000000,4.000000,4.000000,97.000000,97.000000,97.000000,96.000000,96.000000,5.0,1117.0836,1044.0169,5453.9962,5527.0629,PENDING_AG03,FALSE,NOT_FOR_ENFORCEMENT,6373.9474,57670.8367,6571.0798,6373.9474,197.1324,0.09776843,0.09483538,197.1324,6373.9474,0.09483538,197.1324,197.1324,197.1324,262.8432,262.8432,6373.9474,0.09483538,1117.0836,1044.0169,5453.9962,5527.0629,0.08114780,0.08223493,0.00293305,101.2209,89.5399,9.8962,193.2671,121.6867,1976.7838,19.5294,,101.2209,52.6635,92.9903,135.5164,181.6201,209.4076,259.4572,82.3273,0.0,2.251931,2.790155,1.08851,22,53,25,2,0E-8,0.09776843,,0E-8,0.000000,0.884599,0.000000,,2026-03-23,2026-06-07,34,54,53,77,0.441558,,,0.000000,,,,,,,,GLOBAL_BASELINE_NO_ENTITY_RANKING,,,NOT_APPLICABLE_GLOBAL_BASELINE,HF9g-P5,,,,X 全窗基线 · 不参与实体赏罚,14192686,1420,A168_HF9F_20260827_0900,2026-08-27 09:00:00
2026-04-08,132799106,1966,0,819.3073842368,137.4237625318,137.4237625318,0.5714286,8,8,0.49994810000000000,0.499948100000,0.37823910403297295,0.37823910403297295,0.37823910403297295,0E-17,ELIGIBLE,R03b_20260811_FULL_v1,L1_ELIGIBILITY,v2026-08-11,2026-03-21..2026-08-06,baccarat_bet02_101_all_pairs_incl_sentinel,round_win = game_pnl > 0 (decisive only),COMPATIBILITY_ONLY_NOT_PRODUCTION,67210.6501,59454.4709,6571.0798,664,664,-0.09776843,,-0.09776843,-0.09776843,-6571.0798,67210.6501,OK,0.0000,197.1324,3.0000,97.0000,AG03-UNRESOLVED,ALL5_LEVELS_bet23_to_bet27,197.1324,197.1324,197.1324,262.8432,262.8432,3.000000,3.000000,3.000000,4.000000,4.000000,97.000000,97.000000,97.000000,96.000000,96.000000,5.0,1117.0836,1044.0169,5453.9962,5527.0629,PENDING_AG03,FALSE,NOT_FOR_ENFORCEMENT,6373.9474,57670.8367,6571.0798,6373.9474,197.1324,0.09776843,0.09483538,197.1324,6373.9474,0.09483538,197.1324,197.1324,197.1324,262.8432,262.8432,6373.9474,0.09483538,1117.0836,1044.0169,5453.9962,5527.0629,0.08114780,0.08223493,0.00293305,101.2209,89.5399,9.8962,193.2671,121.6867,1976.7838,19.5294,,101.2209,52.6635,92.9903,135.5164,181.6201,209.4076,259.4572,82.3273,0.0,2.251931,2.790155,1.08851,22,53,25,2,0E-8,0.09776843,,0E-8,0.000000,0.884599,0.000000,,2026-03-23,2026-06-07,34,54,53,77,0.441558,,,0.000000,,,,,,,,GLOBAL_BASELINE_NO_ENTITY_RANKING,,,NOT_APPLICABLE_GLOBAL_BASELINE,HF9g-P5,,,,X 全窗基线 · 不参与实体赏罚,14192687,1420,A168_HF9F_20260827_0900,2026-08-27 09:00:00
2026-04-08,132799106,2191,0,1599.3508363219,-663.5604533677,-663.5604533677,0.2727273,11,11,0.49933877272727273,0.499338772727,-1.5031719517980295,-1.5031719517962219,-1.5031719517980295,2.7273E-13,ELIGIBLE,R03b_20260811_FULL_v1,L1_ELIGIBILITY,v2026-08-11,2026-03-21..2026-08-06,baccarat_bet02_101_all_pairs_incl_sentinel,round_win = game_pnl > 0 (decisive only),COMPATIBILITY_ONLY_NOT_PRODUCTION,67210.6501,59454.4709,6571.0798,664,664,-0.09776843,,-0.09776843,-0.09776843,-6571.0798,67210.6501,OK,0.0000,197.1324,3.0000,97.0000,AG03-UNRESOLVED,ALL5_LEVELS_bet23_to_bet27,197.1324,197.1324,197.1324,262.8432,262.8432,3.000000,3.000000,3.000000,4.000000,4.000000,97.000000,97.000000,97.000000,96.000000,96.000000,5.0,1117.0836,1044.0169,5453.9962,5527.0629,PENDING_AG03,FALSE,NOT_FOR_ENFORCEMENT,6373.9474,57670.8367,6571.0798,6373.9474,197.1324,0.09776843,0.09483538,197.1324,6373.9474,0.09483538,197.1324,197.1324,197.1324,262.8432,262.8432,6373.9474,0.09483538,1117.0836,1044.0169,5453.9962,5527.0629,0.08114780,0.08223493,0.00293305,101.2209,89.5399,9.8962,193.2671,121.6867,1976.7838,19.5294,,101.2209,52.6635,92.9903,135.5164,181.6201,209.4076,259.4572,82.3273,0.0,2.251931,2.790155,1.08851,22,53,25,2,0E-8,0.09776843,,0E-8,0.000000,0.884599,0.000000,,2026-03-23,2026-06-07,34,54,53,77,0.441558,,,0.000000,,,,,,,,GLOBAL_BASELINE_NO_ENTITY_RANKING,,,NOT_APPLICABLE_GLOBAL_BASELINE,HF9g-P5,,,,X 全窗基线 · 不参与实体赏罚,14192688,1420,A168_HF9F_20260827_0900,2026-08-27 09:00:00
2026-04-13,132799106,2196,0,687.3805722064,-283.5248540690,-283.5248540690,0.2500000,5,5,0.50396966000000000,0.503969660000,-1.01591065835228,-1.0159106583522801,-1.01591065835228,0E-17,ELIGIBLE,R03b_20260811_FULL_v1,L1_ELIGIBILITY,v2026-08-11,2026-03-21..2026-08-06,baccarat_bet02_101_all_pairs_incl_sentinel,round_win = game_pnl > 0 (decisive only),COMPATIBILITY_ONLY_NOT_PRODUCTION,67210.6501,59454.4709,6571.0798,664,664,-0.09776843,,-0.09776843,-0.09776843,-6571.0798,67210.6501,OK,0.0000,197.1324,3.0000,97.0000,AG03-UNRESOLVED,ALL5_LEVELS_bet23_to_bet27,197.1324,197.1324,197.1324,262.8432,262.8432,3.000000,3.000000,3.000000,4.000000,4.000000,97.000000,97.000000,97.000000,96.000000,96.000000,5.0,1117.0836,1044.0169,5453.9962,5527.0629,PENDING_AG03,FALSE,NOT_FOR_ENFORCEMENT,6373.9474,57670.8367,6571.0798,6373.9474,197.1324,0.09776843,0.09483538,197.1324,6373.9474,0.09483538,197.1324,197.1324,197.1324,262.8432,262.8432,6373.9474,0.09483538,1117.0836,1044.0169,5453.9962,5527.0629,0.08114780,0.08223493,0.00293305,101.2209,89.5399,9.8962,193.2671,121.6867,1976.7838,19.5294,,101.2209,52.6635,92.9903,135.5164,181.6201,209.4076,259.4572,82.3273,0.0,2.251931,2.790155,1.08851,22,53,25,2,0E-8,0.09776843,,0E-8,0.000000,0.884599,0.000000,,2026-03-23,2026-06-07,34,54,53,77,0.441558,,,0.000000,,,,,,,,GLOBAL_BASELINE_NO_ENTITY_RANKING,,,NOT_APPLICABLE_GLOBAL_BASELINE,HF9g-P5,,,,X 全窗基线 · 不参与实体赏罚,14192689,1420,A168_HF9F_20260827_0900,2026-08-27 09:00:00
2026-04-16,132799106,-1,1,594.1941732332,156.4013297385,156.4013297385,0.5833333,24,24,0.50329940000000000,0.503299400000,0.7841862686509767,0.7841862686509767,0.7841862686509767,0E-17,SENTINEL_DEALER,R03b_20260811_FULL_v1,L1_ELIGIBILITY,v2026-08-11,2026-03-21..2026-08-06,baccarat_bet02_101_all_pairs_incl_sentinel,round_win = game_pnl > 0 (decisive only),COMPATIBILITY_ONLY_NOT_PRODUCTION,67210.6501,59454.4709,6571.0798,664,664,-0.09776843,,-0.09776843,-0.09776843,-6571.0798,67210.6501,OK,0.0000,197.1324,3.0000,97.0000,AG03-UNRESOLVED,ALL5_LEVELS_bet23_to_bet27,197.1324,197.1324,197.1324,262.8432,262.8432,3.000000,3.000000,3.000000,4.000000,4.000000,97.000000,97.000000,97.000000,96.000000,96.000000,5.0,1117.0836,1044.0169,5453.9962,5527.0629,PENDING_AG03,FALSE,NOT_FOR_ENFORCEMENT,6373.9474,57670.8367,6571.0798,6373.9474,197.1324,0.09776843,0.09483538,197.1324,6373.9474,0.09483538,197.1324,197.1324,197.1324,262.8432,262.8432,6373.9474,0.09483538,1117.0836,1044.0169,5453.9962,5527.0629,0.08114780,0.08223493,0.00293305,101.2209,89.5399,9.8962,193.2671,121.6867,1976.7838,19.5294,,101.2209,52.6635,92.9903,135.5164,181.6201,209.4076,259.4572,82.3273,0.0,2.251931,2.790155,1.08851,22,53,25,2,0E-8,0.09776843,,0E-8,0.000000,0.884599,0.000000,,2026-03-23,2026-06-07,34,54,53,77,0.441558,,,0.000000,,,,,,,,GLOBAL_BASELINE_NO_ENTITY_RANKING,,,NOT_APPLICABLE_GLOBAL_BASELINE,HF9g-P5,,,,X 全窗基线 · 不参与实体赏罚,14192690,1420,A168_HF9F_20260827_0900,2026-08-27 09:00:00
2026-04-19,132799106,1307,0,31.4111457215,-31.4111457215,-31.4111457215,0E-7,1,1,0.50665070000000000,0.506650700000,-1.013391052207602,-1.013391052207602,-1.013391052207602,0E-17,ELIGIBLE,R03b_20260811_FULL_v1,L1_ELIGIBILITY,v2026-08-11,2026-03-21..2026-08-06,baccarat_bet02_101_all_pairs_incl_sentinel,round_win = game_pnl > 0 (decisive only),COMPATIBILITY_ONLY_NOT_PRODUCTION,67210.6501,59454.4709,6571.0798,664,664,-0.09776843,,-0.09776843,-0.09776843,-6571.0798,67210.6501,OK,0.0000,197.1324,3.0000,97.0000,AG03-UNRESOLVED,ALL5_LEVELS_bet23_to_bet27,197.1324,197.1324,197.1324,262.8432,262.8432,3.000000,3.000000,3.000000,4.000000,4.000000,97.000000,97.000000,97.000000,96.000000,96.000000,5.0,1117.0836,1044.0169,5453.9962,5527.0629,PENDING_AG03,FALSE,NOT_FOR_ENFORCEMENT,6373.9474,57670.8367,6571.0798,6373.9474,197.1324,0.09776843,0.09483538,197.1324,6373.9474,0.09483538,197.1324,197.1324,197.1324,262.8432,262.8432,6373.9474,0.09483538,1117.0836,1044.0169,5453.9962,5527.0629,0.08114780,0.08223493,0.00293305,101.2209,89.5399,9.8962,193.2671,121.6867,1976.7838,19.5294,,101.2209,52.6635,92.9903,135.5164,181.6201,209.4076,259.4572,82.3273,0.0,2.251931,2.790155,1.08851,22,53,25,2,0E-8,0.09776843,,0E-8,0.000000,0.884599,0.000000,,2026-03-23,2026-06-07,34,54,53,77,0.441558,,,0.000000,,,,,,,,GLOBAL_BASELINE_NO_ENTITY_RANKING,,,NOT_APPLICABLE_GLOBAL_BASELINE,HF9g-P5,,,,X 全窗基线 · 不参与实体赏罚,14192691,1420,A168_HF9F_20260827_0900,2026-08-27 09:00:00
2026-04-19,132799106,2246,0,507.8135224983,-109.1537313823,-109.1537313823,0.4444444,10,10,0.49994810000000000,0.499948100000,-0.33302193512739575,-0.33302193512739575,-0.33302193512739575,0E-17,ELIGIBLE,R03b_20260811_FULL_v1,L1_ELIGIBILITY,v2026-08-11,2026-03-21..2026-08-06,baccarat_bet02_101_all_pairs_incl_sentinel,round_win = game_pnl > 0 (decisive only),COMPATIBILITY_ONLY_NOT_PRODUCTION,67210.6501,59454.4709,6571.0798,664,664,-0.09776843,,-0.09776843,-0.09776843,-6571.0798,67210.6501,OK,0.0000,197.1324,3.0000,97.0000,AG03-UNRESOLVED,ALL5_LEVELS_bet23_to_bet27,197.1324,197.1324,197.1324,262.8432,262.8432,3.000000,3.000000,3.000000,4.000000,4.000000,97.000000,97.000000,97.000000,96.000000,96.000000,5.0,1117.0836,1044.0169,5453.9962,5527.0629,PENDING_AG03,FALSE,NOT_FOR_ENFORCEMENT,6373.9474,57670.8367,6571.0798,6373.9474,197.1324,0.09776843,0.09483538,197.1324,6373.9474,0.09483538,197.1324,197.1324,197.1324,262.8432,262.8432,6373.9474,0.09483538,1117.0836,1044.0169,5453.9962,5527.0629,0.08114780,0.08223493,0.00293305,101.2209,89.5399,9.8962,193.2671,121.6867,1976.7838,19.5294,,101.2209,52.6635,92.9903,135.5164,181.6201,209.4076,259.4572,82.3273,0.0,2.251931,2.790155,1.08851,22,53,25,2,0E-8,0.09776843,,0E-8,0.000000,0.884599,0.000000,,2026-03-23,2026-06-07,34,54,53,77,0.441558,,,0.000000,,,,,,,,GLOBAL_BASELINE_NO_ENTITY_RANKING,,,NOT_APPLICABLE_GLOBAL_BASELINE,HF9g-P5,,,,X 全窗基线 · 不参与实体赏罚,14192692,1420,A168_HF9F_20260827_0900,2026-08-27 09:00:00
2026-04-20,132799106,1325,0,100.5156663090,-20.6528283119,-20.6528283119,0.5000000,3,3,0.50665070000000000,0.506650700000,-0.018812684590367487,-0.018812684590367487,-0.018812684590367487,0E-17,ELIGIBLE,R03b_20260811_FULL_v1,L1_ELIGIBILITY,v2026-08-11,2026-03-21..2026-08-06,baccarat_bet02_101_all_pairs_incl_sentinel,round_win = game_pnl > 0 (decisive only),COMPATIBILITY_ONLY_NOT_PRODUCTION,67210.6501,59454.4709,6571.0798,664,664,-0.09776843,,-0.09776843,-0.09776843,-6571.0798,67210.6501,OK,0.0000,197.1324,3.0000,97.0000,AG03-UNRESOLVED,ALL5_LEVELS_bet23_to_bet27,197.1324,197.1324,197.1324,262.8432,262.8432,3.000000,3.000000,3.000000,4.000000,4.000000,97.000000,97.000000,97.000000,96.000000,96.000000,5.0,1117.0836,1044.0169,5453.9962,5527.0629,PENDING_AG03,FALSE,NOT_FOR_ENFORCEMENT,6373.9474,57670.8367,6571.0798,6373.9474,197.1324,0.09776843,0.09483538,197.1324,6373.9474,0.09483538,197.1324,197.1324,197.1324,262.8432,262.8432,6373.9474,0.09483538,1117.0836,1044.0169,5453.9962,5527.0629,0.08114780,0.08223493,0.00293305,101.2209,89.5399,9.8962,193.2671,121.6867,1976.7838,19.5294,,101.2209,52.6635,92.9903,135.5164,181.6201,209.4076,259.4572,82.3273,0.0,2.251931,2.790155,1.08851,22,53,25,2,0E-8,0.09776843,,0E-8,0.000000,0.884599,0.000000,,2026-03-23,2026-06-07,34,54,53,77,0.441558,,,0.000000,,,,,,,,GLOBAL_BASELINE_NO_ENTITY_RANKING,,,NOT_APPLICABLE_GLOBAL_BASELINE,HF9g-P5,,,,X 全窗基线 · 不参与实体赏罚,14192693,1420,A168_HF9F_20260827_0900,2026-08-27 09:00:00
2026-04-20,132799106,2177,0,10.2086223595,10.2086223595,10.2086223595,1.0000000,1,1,0.49324550000000000,0.493245500000,1.01360149184955,1.01360149184955,1.01360149184955,0E-17,ELIGIBLE,R03b_20260811_FULL_v1,L1_ELIGIBILITY,v2026-08-11,2026-03-21..2026-08-06,baccarat_bet02_101_all_pairs_incl_sentinel,round_win = game_pnl > 0 (decisive only),COMPATIBILITY_ONLY_NOT_PRODUCTION,67210.6501,59454.4709,6571.0798,664,664,-0.09776843,,-0.09776843,-0.09776843,-6571.0798,67210.6501,OK,0.0000,197.1324,3.0000,97.0000,AG03-UNRESOLVED,ALL5_LEVELS_bet23_to_bet27,197.1324,197.1324,197.1324,262.8432,262.8432,3.000000,3.000000,3.000000,4.000000,4.000000,97.000000,97.000000,97.000000,96.000000,96.000000,5.0,1117.0836,1044.0169,5453.9962,5527.0629,PENDING_AG03,FALSE,NOT_FOR_ENFORCEMENT,6373.9474,57670.8367,6571.0798,6373.9474,197.1324,0.09776843,0.09483538,197.1324,6373.9474,0.09483538,197.1324,197.1324,197.1324,262.8432,262.8432,6373.9474,0.09483538,1117.0836,1044.0169,5453.9962,5527.0629,0.08114780,0.08223493,0.00293305,101.2209,89.5399,9.8962,193.2671,121.6867,1976.7838,19.5294,,101.2209,52.6635,92.9903,135.5164,181.6201,209.4076,259.4572,82.3273,0.0,2.251931,2.790155,1.08851,22,53,25,2,0E-8,0.09776843,,0E-8,0.000000,0.884599,0.000000,,2026-03-23,2026-06-07,34,54,53,77,0.441558,,,0.000000,,,,,,,,GLOBAL_BASELINE_NO_ENTITY_RANKING,,,NOT_APPLICABLE_GLOBAL_BASELINE,HF9g-P5,,,,X 全窗基线 · 不参与实体赏罚,14192694,1420,A168_HF9F_20260827_0900,2026-08-27 09:00:00
2026-04-22,132799106,1750,0,281.6532733031,-34.6046122031,-34.6046122031,0.5000000,8,8,0.50162375000000000,0.501623750000,-0.009185365523350236,-0.009185365523350236,-0.009185365523350236,0E-17,ELIGIBLE,R03b_20260811_FULL_v1,L1_ELIGIBILITY,v2026-08-11,2026-03-21..2026-08-06,baccarat_bet02_101_all_pairs_incl_sentinel,round_win = game_pnl > 0 (decisive only),COMPATIBILITY_ONLY_NOT_PRODUCTION,67210.6501,59454.4709,6571.0798,664,664,-0.09776843,,-0.09776843,-0.09776843,-6571.0798,67210.6501,OK,0.0000,197.1324,3.0000,97.0000,AG03-UNRESOLVED,ALL5_LEVELS_bet23_to_bet27,197.1324,197.1324,197.1324,262.8432,262.8432,3.000000,3.000000,3.000000,4.000000,4.000000,97.000000,97.000000,97.000000,96.000000,96.000000,5.0,1117.0836,1044.0169,5453.9962,5527.0629,PENDING_AG03,FALSE,NOT_FOR_ENFORCEMENT,6373.9474,57670.8367,6571.0798,6373.9474,197.1324,0.09776843,0.09483538,197.1324,6373.9474,0.09483538,197.1324,197.1324,197.1324,262.8432,262.8432,6373.9474,0.09483538,1117.0836,1044.0169,5453.9962,5527.0629,0.08114780,0.08223493,0.00293305,101.2209,89.5399,9.8962,193.2671,121.6867,1976.7838,19.5294,,101.2209,52.6635,92.9903,135.5164,181.6201,209.4076,259.4572,82.3273,0.0,2.251931,2.790155,1.08851,22,53,25,2,0E-8,0.09776843,,0E-8,0.000000,0.884599,0.000000,,2026-03-23,2026-06-07,34,54,53,77,0.441558,,,0.000000,,,,,,,,GLOBAL_BASELINE_NO_ENTITY_RANKING,,,NOT_APPLICABLE_GLOBAL_BASELINE,HF9g-P5,,,,X 全窗基线 · 不参与实体赏罚,14192695,1420,A168_HF9F_20260827_0900,2026-08-27 09:00:00
2026-04-26,132799106,550,0,15.7055728608,-15.7055728608,-15.7055728608,0E-7,1,1,0.50665070000000000,0.506650700000,-1.013391052207602,-1.013391052207602,-1.013391052207602,0E-17,ELIGIBLE,R03b_20260811_FULL_v1,L1_ELIGIBILITY,v2026-08-11,2026-03-21..2026-08-06,baccarat_bet02_101_all_pairs_incl_sentinel,round_win = game_pnl > 0 (decisive only),COMPATIBILITY_ONLY_NOT_PRODUCTION,67210.6501,59454.4709,6571.0798,664,664,-0.09776843,,-0.09776843,-0.09776843,-6571.0798,67210.6501,OK,0.0000,197.1324,3.0000,97.0000,AG03-UNRESOLVED,ALL5_LEVELS_bet23_to_bet27,197.1324,197.1324,197.1324,262.8432,262.8432,3.000000,3.000000,3.000000,4.000000,4.000000,97.000000,97.000000,97.000000,96.000000,96.000000,5.0,1117.0836,1044.0169,5453.9962,5527.0629,PENDING_AG03,FALSE,NOT_FOR_ENFORCEMENT,6373.9474,57670.8367,6571.0798,6373.9474,197.1324,0.09776843,0.09483538,197.1324,6373.9474,0.09483538,197.1324,197.1324,197.1324,262.8432,262.8432,6373.9474,0.09483538,1117.0836,1044.0169,5453.9962,5527.0629,0.08114780,0.08223493,0.00293305,101.2209,89.5399,9.8962,193.2671,121.6867,1976.7838,19.5294,,101.2209,52.6635,92.9903,135.5164,181.6201,209.4076,259.4572,82.3273,0.0,2.251931,2.790155,1.08851,22,53,25,2,0E-8,0.09776843,,0E-8,0.000000,0.884599,0.000000,,2026-03-23,2026-06-07,34,54,53,77,0.441558,,,0.000000,,,,,,,,GLOBAL_BASELINE_NO_ENTITY_RANKING,,,NOT_APPLICABLE_GLOBAL_BASELINE,HF9g-P5,,,,X 全窗基线 · 不参与实体赏罚,14192696,1420,A168_HF9F_20260827_0900,2026-08-27 09:00:00
2026-04-27,132799106,2103,0,264.1153836087,-264.1153836087,-264.1153836087,0E-7,2,2,0.49324550000000000,0.493245500000,-1.3952362676504506,-1.3952362676504506,-1.3952362676504506,0E-17,ELIGIBLE,R03b_20260811_FULL_v1,L1_ELIGIBILITY,v2026-08-11,2026-03-21..2026-08-06,baccarat_bet02_101_all_pairs_incl_sentinel,round_win = game_pnl > 0 (decisive only),COMPATIBILITY_ONLY_NOT_PRODUCTION,67210.6501,59454.4709,6571.0798,664,664,-0.09776843,,-0.09776843,-0.09776843,-6571.0798,67210.6501,OK,0.0000,197.1324,3.0000,97.0000,AG03-UNRESOLVED,ALL5_LEVELS_bet23_to_bet27,197.1324,197.1324,197.1324,262.8432,262.8432,3.000000,3.000000,3.000000,4.000000,4.000000,97.000000,97.000000,97.000000,96.000000,96.000000,5.0,1117.0836,1044.0169,5453.9962,5527.0629,PENDING_AG03,FALSE,NOT_FOR_ENFORCEMENT,6373.9474,57670.8367,6571.0798,6373.9474,197.1324,0.09776843,0.09483538,197.1324,6373.9474,0.09483538,197.1324,197.1324,197.1324,262.8432,262.8432,6373.9474,0.09483538,1117.0836,1044.0169,5453.9962,5527.0629,0.08114780,0.08223493,0.00293305,101.2209,89.5399,9.8962,193.2671,121.6867,1976.7838,19.5294,,101.2209,52.6635,92.9903,135.5164,181.6201,209.4076,259.4572,82.3273,0.0,2.251931,2.790155,1.08851,22,53,25,2,0E-8,0.09776843,,0E-8,0.000000,0.884599,0.000000,,2026-03-23,2026-06-07,34,54,53,77,0.441558,,,0.000000,,,,,,,,GLOBAL_BASELINE_NO_ENTITY_RANKING,,,NOT_APPLICABLE_GLOBAL_BASELINE,HF9g-P5,,,,X 全窗基线 · 不参与实体赏罚,14192697,1420,A168_HF9F_20260827_0900,2026-08-27 09:00:00
2026-04-28,132799106,2177,0,403.3714629741,-403.3714629741,-403.3714629741,0E-7,2,2,0.49994810000000000,0.499948100000,-1.4140667746232096,-1.4140667746232096,-1.4140667746232096,0E-17,ELIGIBLE,R03b_20260811_FULL_v1,L1_ELIGIBILITY,v2026-08-11,2026-03-21..2026-08-06,baccarat_bet02_101_all_pairs_incl_sentinel,round_win = game_pnl > 0 (decisive only),COMPATIBILITY_ONLY_NOT_PRODUCTION,67210.6501,59454.4709,6571.0798,664,664,-0.09776843,,-0.09776843,-0.09776843,-6571.0798,67210.6501,OK,0.0000,197.1324,3.0000,97.0000,AG03-UNRESOLVED,ALL5_LEVELS_bet23_to_bet27,197.1324,197.1324,197.1324,262.8432,262.8432,3.000000,3.000000,3.000000,4.000000,4.000000,97.000000,97.000000,97.000000,96.000000,96.000000,5.0,1117.0836,1044.0169,5453.9962,5527.0629,PENDING_AG03,FALSE,NOT_FOR_ENFORCEMENT,6373.9474,57670.8367,6571.0798,6373.9474,197.1324,0.09776843,0.09483538,197.1324,6373.9474,0.09483538,197.1324,197.1324,197.1324,262.8432,262.8432,6373.9474,0.09483538,1117.0836,1044.0169,5453.9962,5527.0629,0.08114780,0.08223493,0.00293305,101.2209,89.5399,9.8962,193.2671,121.6867,1976.7838,19.5294,,101.2209,52.6635,92.9903,135.5164,181.6201,209.4076,259.4572,82.3273,0.0,2.251931,2.790155,1.08851,22,53,25,2,0E-8,0.09776843,,0E-8,0.000000,0.884599,0.000000,,2026-03-23,2026-06-07,34,54,53,77,0.441558,,,0.000000,,,,,,,,GLOBAL_BASELINE_NO_ENTITY_RANKING,,,NOT_APPLICABLE_GLOBAL_BASELINE,HF9g-P5,,,,X 全窗基线 · 不参与实体赏罚,14192698,1420,A168_HF9F_20260827_0900,2026-08-27 09:00:00
2026-04-29,132799106,-1,1,1062.7437635788,-563.3065466064,-563.3065466064,0.3333333,9,9,0.50218230000000000,0.502182300000,-1.0131034497211469,-1.0131034497211469,-1.0131034497211469,0E-17,SENTINEL_DEALER,R03b_20260811_FULL_v1,L1_ELIGIBILITY,v2026-08-11,2026-03-21..2026-08-06,baccarat_bet02_101_all_pairs_incl_sentinel,round_win = game_pnl > 0 (decisive only),COMPATIBILITY_ONLY_NOT_PRODUCTION,67210.6501,59454.4709,6571.0798,664,664,-0.09776843,,-0.09776843,-0.09776843,-6571.0798,67210.6501,OK,0.0000,197.1324,3.0000,97.0000,AG03-UNRESOLVED,ALL5_LEVELS_bet23_to_bet27,197.1324,197.1324,197.1324,262.8432,262.8432,3.000000,3.000000,3.000000,4.000000,4.000000,97.000000,97.000000,97.000000,96.000000,96.000000,5.0,1117.0836,1044.0169,5453.9962,5527.0629,PENDING_AG03,FALSE,NOT_FOR_ENFORCEMENT,6373.9474,57670.8367,6571.0798,6373.9474,197.1324,0.09776843,0.09483538,197.1324,6373.9474,0.09483538,197.1324,197.1324,197.1324,262.8432,262.8432,6373.9474,0.09483538,1117.0836,1044.0169,5453.9962,5527.0629,0.08114780,0.08223493,0.00293305,101.2209,89.5399,9.8962,193.2671,121.6867,1976.7838,19.5294,,101.2209,52.6635,92.9903,135.5164,181.6201,209.4076,259.4572,82.3273,0.0,2.251931,2.790155,1.08851,22,53,25,2,0E-8,0.09776843,,0E-8,0.000000,0.884599,0.000000,,2026-03-23,2026-06-07,34,54,53,77,0.441558,,,0.000000,,,,,,,,GLOBAL_BASELINE_NO_ENTITY_RANKING,,,NOT_APPLICABLE_GLOBAL_BASELINE,HF9g-P5,,,,X 全窗基线 · 不参与实体赏罚,14192699,1420,A168_HF9F_20260827_0900,2026-08-27 09:00:00
2026-04-29,132799106,2145,0,397.6127529252,-397.6127529252,-397.6127529252,0E-7,2,2,0.50665070000000000,0.506650700000,-1.4331513700195317,-1.4331513700195317,-1.4331513700195317,0E-17,ELIGIBLE,R03b_20260811_FULL_v1,L1_ELIGIBILITY,v2026-08-11,2026-03-21..2026-08-06,baccarat_bet02_101_all_pairs_incl_sentinel,round_win = game_pnl > 0 (decisive only),COMPATIBILITY_ONLY_NOT_PRODUCTION,67210.6501,59454.4709,6571.0798,664,664,-0.09776843,,-0.09776843,-0.09776843,-6571.0798,67210.6501,OK,0.0000,197.1324,3.0000,97.0000,AG03-UNRESOLVED,ALL5_LEVELS_bet23_to_bet27,197.1324,197.1324,197.1324,262.8432,262.8432,3.000000,3.000000,3.000000,4.000000,4.000000,97.000000,97.000000,97.000000,96.000000,96.000000,5.0,1117.0836,1044.0169,5453.9962,5527.0629,PENDING_AG03,FALSE,NOT_FOR_ENFORCEMENT,6373.9474,57670.8367,6571.0798,6373.9474,197.1324,0.09776843,0.09483538,197.1324,6373.9474,0.09483538,197.1324,197.1324,197.1324,262.8432,262.8432,6373.9474,0.09483538,1117.0836,1044.0169,5453.9962,5527.0629,0.08114780,0.08223493,0.00293305,101.2209,89.5399,9.8962,193.2671,121.6867,1976.7838,19.5294,,101.2209,52.6635,92.9903,135.5164,181.6201,209.4076,259.4572,82.3273,0.0,2.251931,2.790155,1.08851,22,53,25,2,0E-8,0.09776843,,0E-8,0.000000,0.884599,0.000000,,2026-03-23,2026-06-07,34,54,53,77,0.441558,,,0.000000,,,,,,,,GLOBAL_BASELINE_NO_ENTITY_RANKING,,,NOT_APPLICABLE_GLOBAL_BASELINE,HF9g-P5,,,,X 全窗基线 · 不参与实体赏罚,14192700,1420,A168_HF9F_20260827_0900,2026-08-27 09:00:00
2026-04-29,132799106,2234,0,39.2639321519,37.3007355443,37.3007355443,1.0000000,1,1,0.50665070000000000,0.506650700000,0.9867858985152569,0.9867858985152569,0.9867858985152569,0E-17,ELIGIBLE,R03b_20260811_FULL_v1,L1_ELIGIBILITY,v2026-08-11,2026-03-21..2026-08-06,baccarat_bet02_101_all_pairs_incl_sentinel,round_win = game_pnl > 0 (decisive only),COMPATIBILITY_ONLY_NOT_PRODUCTION,67210.6501,59454.4709,6571.0798,664,664,-0.09776843,,-0.09776843,-0.09776843,-6571.0798,67210.6501,OK,0.0000,197.1324,3.0000,97.0000,AG03-UNRESOLVED,ALL5_LEVELS_bet23_to_bet27,197.1324,197.1324,197.1324,262.8432,262.8432,3.000000,3.000000,3.000000,4.000000,4.000000,97.000000,97.000000,97.000000,96.000000,96.000000,5.0,1117.0836,1044.0169,5453.9962,5527.0629,PENDING_AG03,FALSE,NOT_FOR_ENFORCEMENT,6373.9474,57670.8367,6571.0798,6373.9474,197.1324,0.09776843,0.09483538,197.1324,6373.9474,0.09483538,197.1324,197.1324,197.1324,262.8432,262.8432,6373.9474,0.09483538,1117.0836,1044.0169,5453.9962,5527.0629,0.08114780,0.08223493,0.00293305,101.2209,89.5399,9.8962,193.2671,121.6867,1976.7838,19.5294,,101.2209,52.6635,92.9903,135.5164,181.6201,209.4076,259.4572,82.3273,0.0,2.251931,2.790155,1.08851,22,53,25,2,0E-8,0.09776843,,0E-8,0.000000,0.884599,0.000000,,2026-03-23,2026-06-07,34,54,53,77,0.441558,,,0.000000,,,,,,,,GLOBAL_BASELINE_NO_ENTITY_RANKING,,,NOT_APPLICABLE_GLOBAL_BASELINE,HF9g-P5,,,,X 全窗基线 · 不参与实体赏罚,14192701,1420,A168_HF9F_20260827_0900,2026-08-27 09:00:00
2026-04-30,132799106,1966,0,142.4420113123,-142.4420113123,-142.4420113123,0E-7,1,1,0.50665070000000000,0.506650700000,-1.013391052207602,-1.013391052207602,-1.013391052207602,0E-17,ELIGIBLE,R03b_20260811_FULL_v1,L1_ELIGIBILITY,v2026-08-11,2026-03-21..2026-08-06,baccarat_bet02_101_all_pairs_incl_sentinel,round_win = game_pnl > 0 (decisive only),COMPATIBILITY_ONLY_NOT_PRODUCTION,67210.6501,59454.4709,6571.0798,664,664,-0.09776843,,-0.09776843,-0.09776843,-6571.0798,67210.6501,OK,0.0000,197.1324,3.0000,97.0000,AG03-UNRESOLVED,ALL5_LEVELS_bet23_to_bet27,197.1324,197.1324,197.1324,262.8432,262.8432,3.000000,3.000000,3.000000,4.000000,4.000000,97.000000,97.000000,97.000000,96.000000,96.000000,5.0,1117.0836,1044.0169,5453.9962,5527.0629,PENDING_AG03,FALSE,NOT_FOR_ENFORCEMENT,6373.9474,57670.8367,6571.0798,6373.9474,197.1324,0.09776843,0.09483538,197.1324,6373.9474,0.09483538,197.1324,197.1324,197.1324,262.8432,262.8432,6373.9474,0.09483538,1117.0836,1044.0169,5453.9962,5527.0629,0.08114780,0.08223493,0.00293305,101.2209,89.5399,9.8962,193.2671,121.6867,1976.7838,19.5294,,101.2209,52.6635,92.9903,135.5164,181.6201,209.4076,259.4572,82.3273,0.0,2.251931,2.790155,1.08851,22,53,25,2,0E-8,0.09776843,,0E-8,0.000000,0.884599,0.000000,,2026-03-23,2026-06-07,34,54,53,77,0.441558,,,0.000000,,,,,,,,GLOBAL_BASELINE_NO_ENTITY_RANKING,,,NOT_APPLICABLE_GLOBAL_BASELINE,HF9g-P5,,,,X 全窗基线 · 不参与实体赏罚,14192702,1420,A168_HF9F_20260827_0900,2026-08-27 09:00:00
2026-05-05,132799106,1331,0,51.8914431010,49.2968709460,49.2968709460,1.0000000,1,1,0.50665070000000000,0.506650700000,0.9867858985152569,0.9867858985152569,0.9867858985152569,0E-17,ELIGIBLE,R03b_20260811_FULL_v1,L1_ELIGIBILITY,v2026-08-11,2026-03-21..2026-08-06,baccarat_bet02_101_all_pairs_incl_sentinel,round_win = game_pnl > 0 (decisive only),COMPATIBILITY_ONLY_NOT_PRODUCTION,67210.6501,59454.4709,6571.0798,664,664,-0.09776843,,-0.09776843,-0.09776843,-6571.0798,67210.6501,OK,0.0000,197.1324,3.0000,97.0000,AG03-UNRESOLVED,ALL5_LEVELS_bet23_to_bet27,197.1324,197.1324,197.1324,262.8432,262.8432,3.000000,3.000000,3.000000,4.000000,4.000000,97.000000,97.000000,97.000000,96.000000,96.000000,5.0,1117.0836,1044.0169,5453.9962,5527.0629,PENDING_AG03,FALSE,NOT_FOR_ENFORCEMENT,6373.9474,57670.8367,6571.0798,6373.9474,197.1324,0.09776843,0.09483538,197.1324,6373.9474,0.09483538,197.1324,197.1324,197.1324,262.8432,262.8432,6373.9474,0.09483538,1117.0836,1044.0169,5453.9962,5527.0629,0.08114780,0.08223493,0.00293305,101.2209,89.5399,9.8962,193.2671,121.6867,1976.7838,19.5294,,101.2209,52.6635,92.9903,135.5164,181.6201,209.4076,259.4572,82.3273,0.0,2.251931,2.790155,1.08851,22,53,25,2,0E-8,0.09776843,,0E-8,0.000000,0.884599,0.000000,,2026-03-23,2026-06-07,34,54,53,77,0.441558,,,0.000000,,,,,,,,GLOBAL_BASELINE_NO_ENTITY_RANKING,,,NOT_APPLICABLE_GLOBAL_BASELINE,HF9g-P5,,,,X 全窗基线 · 不参与实体赏罚,14192703,1420,A168_HF9F_20260827_0900,2026-08-27 09:00:00
2026-05-05,132799106,1507,0,2920.1909605107,-581.1841627316,-581.1841627316,0.3888889,21,21,0.49835224285714286,0.498352242857,-0.9288324023546056,-0.9288324023533944,-0.9288324023546056,1.4286E-13,ELIGIBLE,R03b_20260811_FULL_v1,L1_ELIGIBILITY,v2026-08-11,2026-03-21..2026-08-06,baccarat_bet02_101_all_pairs_incl_sentinel,round_win = game_pnl > 0 (decisive only),COMPATIBILITY_ONLY_NOT_PRODUCTION,67210.6501,59454.4709,6571.0798,664,664,-0.09776843,,-0.09776843,-0.09776843,-6571.0798,67210.6501,OK,0.0000,197.1324,3.0000,97.0000,AG03-UNRESOLVED,ALL5_LEVELS_bet23_to_bet27,197.1324,197.1324,197.1324,262.8432,262.8432,3.000000,3.000000,3.000000,4.000000,4.000000,97.000000,97.000000,97.000000,96.000000,96.000000,5.0,1117.0836,1044.0169,5453.9962,5527.0629,PENDING_AG03,FALSE,NOT_FOR_ENFORCEMENT,6373.9474,57670.8367,6571.0798,6373.9474,197.1324,0.09776843,0.09483538,197.1324,6373.9474,0.09483538,197.1324,197.1324,197.1324,262.8432,262.8432,6373.9474,0.09483538,1117.0836,1044.0169,5453.9962,5527.0629,0.08114780,0.08223493,0.00293305,101.2209,89.5399,9.8962,193.2671,121.6867,1976.7838,19.5294,,101.2209,52.6635,92.9903,135.5164,181.6201,209.4076,259.4572,82.3273,0.0,2.251931,2.790155,1.08851,22,53,25,2,0E-8,0.09776843,,0E-8,0.000000,0.884599,0.000000,,2026-03-23,2026-06-07,34,54,53,77,0.441558,,,0.000000,,,,,,,,GLOBAL_BASELINE_NO_ENTITY_RANKING,,,NOT_APPLICABLE_GLOBAL_BASELINE,HF9g-P5,,,,X 全窗基线 · 不参与实体赏罚,14192704,1420,A168_HF9F_20260827_0900,2026-08-27 09:00:00
2026-05-05,132799106,1952,0,448.8609828239,430.6989777387,430.6989777387,1.0000000,5,5,0.50396966000000000,0.503969660000,2.2183850348988448,2.2183850348988448,2.2183850348988448,0E-17,ELIGIBLE,R03b_20260811_FULL_v1,L1_ELIGIBILITY,v2026-08-11,2026-03-21..2026-08-06,baccarat_bet02_101_all_pairs_incl_sentinel,round_win = game_pnl > 0 (decisive only),COMPATIBILITY_ONLY_NOT_PRODUCTION,67210.6501,59454.4709,6571.0798,664,664,-0.09776843,,-0.09776843,-0.09776843,-6571.0798,67210.6501,OK,0.0000,197.1324,3.0000,97.0000,AG03-UNRESOLVED,ALL5_LEVELS_bet23_to_bet27,197.1324,197.1324,197.1324,262.8432,262.8432,3.000000,3.000000,3.000000,4.000000,4.000000,97.000000,97.000000,97.000000,96.000000,96.000000,5.0,1117.0836,1044.0169,5453.9962,5527.0629,PENDING_AG03,FALSE,NOT_FOR_ENFORCEMENT,6373.9474,57670.8367,6571.0798,6373.9474,197.1324,0.09776843,0.09483538,197.1324,6373.9474,0.09483538,197.1324,197.1324,197.1324,262.8432,262.8432,6373.9474,0.09483538,1117.0836,1044.0169,5453.9962,5527.0629,0.08114780,0.08223493,0.00293305,101.2209,89.5399,9.8962,193.2671,121.6867,1976.7838,19.5294,,101.2209,52.6635,92.9903,135.5164,181.6201,209.4076,259.4572,82.3273,0.0,2.251931,2.790155,1.08851,22,53,25,2,0E-8,0.09776843,,0E-8,0.000000,0.884599,0.000000,,2026-03-23,2026-06-07,34,54,53,77,0.441558,,,0.000000,,,,,,,,GLOBAL_BASELINE_NO_ENTITY_RANKING,,,NOT_APPLICABLE_GLOBAL_BASELINE,HF9g-P5,,,,X 全窗基线 · 不参与实体赏罚,14192705,1420,A168_HF9F_20260827_0900,2026-08-27 09:00:00
2026-05-05,132799106,2123,0,39.1780395413,-39.1780395413,-39.1780395413,0E-7,1,1,0.49324550000000000,0.493245500000,-0.9865810262130424,-0.9865810262130424,-0.9865810262130424,0E-17,ELIGIBLE,R03b_20260811_FULL_v1,L1_ELIGIBILITY,v2026-08-11,2026-03-21..2026-08-06,baccarat_bet02_101_all_pairs_incl_sentinel,round_win = game_pnl > 0 (decisive only),COMPATIBILITY_ONLY_NOT_PRODUCTION,67210.6501,59454.4709,6571.0798,664,664,-0.09776843,,-0.09776843,-0.09776843,-6571.0798,67210.6501,OK,0.0000,197.1324,3.0000,97.0000,AG03-UNRESOLVED,ALL5_LEVELS_bet23_to_bet27,197.1324,197.1324,197.1324,262.8432,262.8432,3.000000,3.000000,3.000000,4.000000,4.000000,97.000000,97.000000,97.000000,96.000000,96.000000,5.0,1117.0836,1044.0169,5453.9962,5527.0629,PENDING_AG03,FALSE,NOT_FOR_ENFORCEMENT,6373.9474,57670.8367,6571.0798,6373.9474,197.1324,0.09776843,0.09483538,197.1324,6373.9474,0.09483538,197.1324,197.1324,197.1324,262.8432,262.8432,6373.9474,0.09483538,1117.0836,1044.0169,5453.9962,5527.0629,0.08114780,0.08223493,0.00293305,101.2209,89.5399,9.8962,193.2671,121.6867,1976.7838,19.5294,,101.2209,52.6635,92.9903,135.5164,181.6201,209.4076,259.4572,82.3273,0.0,2.251931,2.790155,1.08851,22,53,25,2,0E-8,0.09776843,,0E-8,0.000000,0.884599,0.000000,,2026-03-23,2026-06-07,34,54,53,77,0.441558,,,0.000000,,,,,,,,GLOBAL_BASELINE_NO_ENTITY_RANKING,,,NOT_APPLICABLE_GLOBAL_BASELINE,HF9g-P5,,,,X 全窗基线 · 不参与实体赏罚,14192706,1420,A168_HF9F_20260827_0900,2026-08-27 09:00:00
2026-05-05,132799106,2152,0,2221.2132219396,-384.0096518084,-384.0096518084,0.4166667,12,12,0.49994810000000000,0.499948100000,-0.5769906985503502,-0.5769906985503502,-0.5769906985503502,0E-17,ELIGIBLE,R03b_20260811_FULL_v1,L1_ELIGIBILITY,v2026-08-11,2026-03-21..2026-08-06,baccarat_bet02_101_all_pairs_incl_sentinel,round_win = game_pnl > 0 (decisive only),COMPATIBILITY_ONLY_NOT_PRODUCTION,67210.6501,59454.4709,6571.0798,664,664,-0.09776843,,-0.09776843,-0.09776843,-6571.0798,67210.6501,OK,0.0000,197.1324,3.0000,97.0000,AG03-UNRESOLVED,ALL5_LEVELS_bet23_to_bet27,197.1324,197.1324,197.1324,262.8432,262.8432,3.000000,3.000000,3.000000,4.000000,4.000000,97.000000,97.000000,97.000000,96.000000,96.000000,5.0,1117.0836,1044.0169,5453.9962,5527.0629,PENDING_AG03,FALSE,NOT_FOR_ENFORCEMENT,6373.9474,57670.8367,6571.0798,6373.9474,197.1324,0.09776843,0.09483538,197.1324,6373.9474,0.09483538,197.1324,197.1324,197.1324,262.8432,262.8432,6373.9474,0.09483538,1117.0836,1044.0169,5453.9962,5527.0629,0.08114780,0.08223493,0.00293305,101.2209,89.5399,9.8962,193.2671,121.6867,1976.7838,19.5294,,101.2209,52.6635,92.9903,135.5164,181.6201,209.4076,259.4572,82.3273,0.0,2.251931,2.790155,1.08851,22,53,25,2,0E-8,0.09776843,,0E-8,0.000000,0.884599,0.000000,,2026-03-23,2026-06-07,34,54,53,77,0.441558,,,0.000000,,,,,,,,GLOBAL_BASELINE_NO_ENTITY_RANKING,,,NOT_APPLICABLE_GLOBAL_BASELINE,HF9g-P5,,,,X 全窗基线 · 不参与实体赏罚,14192707,1420,A168_HF9F_20260827_0900,2026-08-27 09:00:00
2026-05-05,132799106,2174,0,694.0480514763,-694.0480514763,-694.0480514763,0E-7,4,4,0.49994810000000000,0.499948100000,-1.9997924107733216,-1.9997924107733216,-1.9997924107733216,0E-17,ELIGIBLE,R03b_20260811_FULL_v1,L1_ELIGIBILITY,v2026-08-11,2026-03-21..2026-08-06,baccarat_bet02_101_all_pairs_incl_sentinel,round_win = game_pnl > 0 (decisive only),COMPATIBILITY_ONLY_NOT_PRODUCTION,67210.6501,59454.4709,6571.0798,664,664,-0.09776843,,-0.09776843,-0.09776843,-6571.0798,67210.6501,OK,0.0000,197.1324,3.0000,97.0000,AG03-UNRESOLVED,ALL5_LEVELS_bet23_to_bet27,197.1324,197.1324,197.1324,262.8432,262.8432,3.000000,3.000000,3.000000,4.000000,4.000000,97.000000,97.000000,97.000000,96.000000,96.000000,5.0,1117.0836,1044.0169,5453.9962,5527.0629,PENDING_AG03,FALSE,NOT_FOR_ENFORCEMENT,6373.9474,57670.8367,6571.0798,6373.9474,197.1324,0.09776843,0.09483538,197.1324,6373.9474,0.09483538,197.1324,197.1324,197.1324,262.8432,262.8432,6373.9474,0.09483538,1117.0836,1044.0169,5453.9962,5527.0629,0.08114780,0.08223493,0.00293305,101.2209,89.5399,9.8962,193.2671,121.6867,1976.7838,19.5294,,101.2209,52.6635,92.9903,135.5164,181.6201,209.4076,259.4572,82.3273,0.0,2.251931,2.790155,1.08851,22,53,25,2,0E-8,0.09776843,,0E-8,0.000000,0.884599,0.000000,,2026-03-23,2026-06-07,34,54,53,77,0.441558,,,0.000000,,,,,,,,GLOBAL_BASELINE_NO_ENTITY_RANKING,,,NOT_APPLICABLE_GLOBAL_BASELINE,HF9g-P5,,,,X 全窗基线 · 不参与实体赏罚,14192708,1420,A168_HF9F_20260827_0900,2026-08-27 09:00:00
2026-05-05,132799106,2223,0,3025.2711327905,121.9448912877,121.9448912877,0.5454545,25,25,0.49914378800000000,0.499143788000,0.43443405019511366,0.43443405019511355,0.43443405019511366,0E-17,ELIGIBLE,R03b_20260811_FULL_v1,L1_ELIGIBILITY,v2026-08-11,2026-03-21..2026-08-06,baccarat_bet02_101_all_pairs_incl_sentinel,round_win = game_pnl > 0 (decisive only),COMPATIBILITY_ONLY_NOT_PRODUCTION,67210.6501,59454.4709,6571.0798,664,664,-0.09776843,,-0.09776843,-0.09776843,-6571.0798,67210.6501,OK,0.0000,197.1324,3.0000,97.0000,AG03-UNRESOLVED,ALL5_LEVELS_bet23_to_bet27,197.1324,197.1324,197.1324,262.8432,262.8432,3.000000,3.000000,3.000000,4.000000,4.000000,97.000000,97.000000,97.000000,96.000000,96.000000,5.0,1117.0836,1044.0169,5453.9962,5527.0629,PENDING_AG03,FALSE,NOT_FOR_ENFORCEMENT,6373.9474,57670.8367,6571.0798,6373.9474,197.1324,0.09776843,0.09483538,197.1324,6373.9474,0.09483538,197.1324,197.1324,197.1324,262.8432,262.8432,6373.9474,0.09483538,1117.0836,1044.0169,5453.9962,5527.0629,0.08114780,0.08223493,0.00293305,101.2209,89.5399,9.8962,193.2671,121.6867,1976.7838,19.5294,,101.2209,52.6635,92.9903,135.5164,181.6201,209.4076,259.4572,82.3273,0.0,2.251931,2.790155,1.08851,22,53,25,2,0E-8,0.09776843,,0E-8,0.000000,0.884599,0.000000,,2026-03-23,2026-06-07,34,54,53,77,0.441558,,,0.000000,,,,,,,,GLOBAL_BASELINE_NO_ENTITY_RANKING,,,NOT_APPLICABLE_GLOBAL_BASELINE,HF9g-P5,,,,X 全窗基线 · 不参与实体赏罚,14192709,1420,A168_HF9F_20260827_0900,2026-08-27 09:00:00
2026-05-06,132799106,1405,0,68.4967048934,-22.8322349644,-22.8322349644,0.5000000,2,2,0.49994810000000000,0.499948100000,0.00014679536856514622,0.00014679536856514622,0.00014679536856514622,0E-17,ELIGIBLE,R03b_20260811_FULL_v1,L1_ELIGIBILITY,v2026-08-11,2026-03-21..2026-08-06,baccarat_bet02_101_all_pairs_incl_sentinel,round_win = game_pnl > 0 (decisive only),COMPATIBILITY_ONLY_NOT_PRODUCTION,67210.6501,59454.4709,6571.0798,664,664,-0.09776843,,-0.09776843,-0.09776843,-6571.0798,67210.6501,OK,0.0000,197.1324,3.0000,97.0000,AG03-UNRESOLVED,ALL5_LEVELS_bet23_to_bet27,197.1324,197.1324,197.1324,262.8432,262.8432,3.000000,3.000000,3.000000,4.000000,4.000000,97.000000,97.000000,97.000000,96.000000,96.000000,5.0,1117.0836,1044.0169,5453.9962,5527.0629,PENDING_AG03,FALSE,NOT_FOR_ENFORCEMENT,6373.9474,57670.8367,6571.0798,6373.9474,197.1324,0.09776843,0.09483538,197.1324,6373.9474,0.09483538,197.1324,197.1324,197.1324,262.8432,262.8432,6373.9474,0.09483538,1117.0836,1044.0169,5453.9962,5527.0629,0.08114780,0.08223493,0.00293305,101.2209,89.5399,9.8962,193.2671,121.6867,1976.7838,19.5294,,101.2209,52.6635,92.9903,135.5164,181.6201,209.4076,259.4572,82.3273,0.0,2.251931,2.790155,1.08851,22,53,25,2,0E-8,0.09776843,,0E-8,0.000000,0.884599,0.000000,,2026-03-23,2026-06-07,34,54,53,77,0.441558,,,0.000000,,,,,,,,GLOBAL_BASELINE_NO_ENTITY_RANKING,,,NOT_APPLICABLE_GLOBAL_BASELINE,HF9g-P5,,,,X 全窗基线 · 不参与实体赏罚,14192710,1420,A168_HF9F_20260827_0900,2026-08-27 09:00:00
2026-05-07,132799106,1396,0,579.8868766540,-271.9111618493,-271.9111618493,0.2857143,7,7,0.50282064285714286,0.502820642857,-1.1488371386043665,-1.1488371386036085,-1.1488371386043665,1.4286E-13,ELIGIBLE,R03b_20260811_FULL_v1,L1_ELIGIBILITY,v2026-08-11,2026-03-21..2026-08-06,baccarat_bet02_101_all_pairs_incl_sentinel,round_win = game_pnl > 0 (decisive only),COMPATIBILITY_ONLY_NOT_PRODUCTION,67210.6501,59454.4709,6571.0798,664,664,-0.09776843,,-0.09776843,-0.09776843,-6571.0798,67210.6501,OK,0.0000,197.1324,3.0000,97.0000,AG03-UNRESOLVED,ALL5_LEVELS_bet23_to_bet27,197.1324,197.1324,197.1324,262.8432,262.8432,3.000000,3.000000,3.000000,4.000000,4.000000,97.000000,97.000000,97.000000,96.000000,96.000000,5.0,1117.0836,1044.0169,5453.9962,5527.0629,PENDING_AG03,FALSE,NOT_FOR_ENFORCEMENT,6373.9474,57670.8367,6571.0798,6373.9474,197.1324,0.09776843,0.09483538,197.1324,6373.9474,0.09483538,197.1324,197.1324,197.1324,262.8432,262.8432,6373.9474,0.09483538,1117.0836,1044.0169,5453.9962,5527.0629,0.08114780,0.08223493,0.00293305,101.2209,89.5399,9.8962,193.2671,121.6867,1976.7838,19.5294,,101.2209,52.6635,92.9903,135.5164,181.6201,209.4076,259.4572,82.3273,0.0,2.251931,2.790155,1.08851,22,53,25,2,0E-8,0.09776843,,0E-8,0.000000,0.884599,0.000000,,2026-03-23,2026-06-07,34,54,53,77,0.441558,,,0.000000,,,,,,,,GLOBAL_BASELINE_NO_ENTITY_RANKING,,,NOT_APPLICABLE_GLOBAL_BASELINE,HF9g-P5,,,,X 全窗基线 · 不参与实体赏罚,14192711,1420,A168_HF9F_20260827_0900,2026-08-27 09:00:00
2026-05-07,132799106,986,0,563.0221576462,177.2092781901,177.2092781901,0.6363636,12,12,0.49659680000000000,0.496596800000,0.9271297845633921,0.9271297845633921,0.9271297845633921,0E-17,ELIGIBLE,R03b_20260811_FULL_v1,L1_ELIGIBILITY,v2026-08-11,2026-03-21..2026-08-06,baccarat_bet02_101_all_pairs_incl_sentinel,round_win = game_pnl > 0 (decisive only),COMPATIBILITY_ONLY_NOT_PRODUCTION,67210.6501,59454.4709,6571.0798,664,664,-0.09776843,,-0.09776843,-0.09776843,-6571.0798,67210.6501,OK,0.0000,197.1324,3.0000,97.0000,AG03-UNRESOLVED,ALL5_LEVELS_bet23_to_bet27,197.1324,197.1324,197.1324,262.8432,262.8432,3.000000,3.000000,3.000000,4.000000,4.000000,97.000000,97.000000,97.000000,96.000000,96.000000,5.0,1117.0836,1044.0169,5453.9962,5527.0629,PENDING_AG03,FALSE,NOT_FOR_ENFORCEMENT,6373.9474,57670.8367,6571.0798,6373.9474,197.1324,0.09776843,0.09483538,197.1324,6373.9474,0.09483538,197.1324,197.1324,197.1324,262.8432,262.8432,6373.9474,0.09483538,1117.0836,1044.0169,5453.9962,5527.0629,0.08114780,0.08223493,0.00293305,101.2209,89.5399,9.8962,193.2671,121.6867,1976.7838,19.5294,,101.2209,52.6635,92.9903,135.5164,181.6201,209.4076,259.4572,82.3273,0.0,2.251931,2.790155,1.08851,22,53,25,2,0E-8,0.09776843,,0E-8,0.000000,0.884599,0.000000,,2026-03-23,2026-06-07,34,54,53,77,0.441558,,,0.000000,,,,,,,,GLOBAL_BASELINE_NO_ENTITY_RANKING,,,NOT_APPLICABLE_GLOBAL_BASELINE,HF9g-P5,,,,X 全窗基线 · 不参与实体赏罚,14192712,1420,A168_HF9F_20260827_0900,2026-08-27 09:00:00
2026-05-08,132799106,1205,0,2179.4406102435,286.7002231331,286.7002231331,0.5384615,14,14,0.50282064285714286,0.502820642857,0.2570142428668154,0.25701424286784513,0.2570142428668154,1.4286E-13,ELIGIBLE,R03b_20260811_FULL_v1,L1_ELIGIBILITY,v2026-08-11,2026-03-21..2026-08-06,baccarat_bet02_101_all_pairs_incl_sentinel,round_win = game_pnl > 0 (decisive only),COMPATIBILITY_ONLY_NOT_PRODUCTION,67210.6501,59454.4709,6571.0798,664,664,-0.09776843,,-0.09776843,-0.09776843,-6571.0798,67210.6501,OK,0.0000,197.1324,3.0000,97.0000,AG03-UNRESOLVED,ALL5_LEVELS_bet23_to_bet27,197.1324,197.1324,197.1324,262.8432,262.8432,3.000000,3.000000,3.000000,4.000000,4.000000,97.000000,97.000000,97.000000,96.000000,96.000000,5.0,1117.0836,1044.0169,5453.9962,5527.0629,PENDING_AG03,FALSE,NOT_FOR_ENFORCEMENT,6373.9474,57670.8367,6571.0798,6373.9474,197.1324,0.09776843,0.09483538,197.1324,6373.9474,0.09483538,197.1324,197.1324,197.1324,262.8432,262.8432,6373.9474,0.09483538,1117.0836,1044.0169,5453.9962,5527.0629,0.08114780,0.08223493,0.00293305,101.2209,89.5399,9.8962,193.2671,121.6867,1976.7838,19.5294,,101.2209,52.6635,92.9903,135.5164,181.6201,209.4076,259.4572,82.3273,0.0,2.251931,2.790155,1.08851,22,53,25,2,0E-8,0.09776843,,0E-8,0.000000,0.884599,0.000000,,2026-03-23,2026-06-07,34,54,53,77,0.441558,,,0.000000,,,,,,,,GLOBAL_BASELINE_NO_ENTITY_RANKING,,,NOT_APPLICABLE_GLOBAL_BASELINE,HF9g-P5,,,,X 全窗基线 · 不参与实体赏罚,14192713,1420,A168_HF9F_20260827_0900,2026-08-27 09:00:00
2026-05-08,132799106,1646,0,142.7014685278,12.9728607752,12.9728607752,0.5000000,2,2,0.49324550000000000,0.493245500000,0.01910635448239258,0.01910635448239258,0.01910635448239258,0E-17,ELIGIBLE,R03b_20260811_FULL_v1,L1_ELIGIBILITY,v2026-08-11,2026-03-21..2026-08-06,baccarat_bet02_101_all_pairs_incl_sentinel,round_win = game_pnl > 0 (decisive only),COMPATIBILITY_ONLY_NOT_PRODUCTION,67210.6501,59454.4709,6571.0798,664,664,-0.09776843,,-0.09776843,-0.09776843,-6571.0798,67210.6501,OK,0.0000,197.1324,3.0000,97.0000,AG03-UNRESOLVED,ALL5_LEVELS_bet23_to_bet27,197.1324,197.1324,197.1324,262.8432,262.8432,3.000000,3.000000,3.000000,4.000000,4.000000,97.000000,97.000000,97.000000,96.000000,96.000000,5.0,1117.0836,1044.0169,5453.9962,5527.0629,PENDING_AG03,FALSE,NOT_FOR_ENFORCEMENT,6373.9474,57670.8367,6571.0798,6373.9474,197.1324,0.09776843,0.09483538,197.1324,6373.9474,0.09483538,197.1324,197.1324,197.1324,262.8432,262.8432,6373.9474,0.09483538,1117.0836,1044.0169,5453.9962,5527.0629,0.08114780,0.08223493,0.00293305,101.2209,89.5399,9.8962,193.2671,121.6867,1976.7838,19.5294,,101.2209,52.6635,92.9903,135.5164,181.6201,209.4076,259.4572,82.3273,0.0,2.251931,2.790155,1.08851,22,53,25,2,0E-8,0.09776843,,0E-8,0.000000,0.884599,0.000000,,2026-03-23,2026-06-07,34,54,53,77,0.441558,,,0.000000,,,,,,,,GLOBAL_BASELINE_NO_ENTITY_RANKING,,,NOT_APPLICABLE_GLOBAL_BASELINE,HF9g-P5,,,,X 全窗基线 · 不参与实体赏罚,14192714,1420,A168_HF9F_20260827_0900,2026-08-27 09:00:00
2026-05-08,132799106,1710,0,2288.4126407556,-572.6220746201,-572.6220746201,0.3571429,16,16,0.50162375000000000,0.501623750000,-1.0812017013433781,-1.0812017013433781,-1.0812017013433781,0E-17,ELIGIBLE,R03b_20260811_FULL_v1,L1_ELIGIBILITY,v2026-08-11,2026-03-21..2026-08-06,baccarat_bet02_101_all_pairs_incl_sentinel,round_win = game_pnl > 0 (decisive only),COMPATIBILITY_ONLY_NOT_PRODUCTION,67210.6501,59454.4709,6571.0798,664,664,-0.09776843,,-0.09776843,-0.09776843,-6571.0798,67210.6501,OK,0.0000,197.1324,3.0000,97.0000,AG03-UNRESOLVED,ALL5_LEVELS_bet23_to_bet27,197.1324,197.1324,197.1324,262.8432,262.8432,3.000000,3.000000,3.000000,4.000000,4.000000,97.000000,97.000000,97.000000,96.000000,96.000000,5.0,1117.0836,1044.0169,5453.9962,5527.0629,PENDING_AG03,FALSE,NOT_FOR_ENFORCEMENT,6373.9474,57670.8367,6571.0798,6373.9474,197.1324,0.09776843,0.09483538,197.1324,6373.9474,0.09483538,197.1324,197.1324,197.1324,262.8432,262.8432,6373.9474,0.09483538,1117.0836,1044.0169,5453.9962,5527.0629,0.08114780,0.08223493,0.00293305,101.2209,89.5399,9.8962,193.2671,121.6867,1976.7838,19.5294,,101.2209,52.6635,92.9903,135.5164,181.6201,209.4076,259.4572,82.3273,0.0,2.251931,2.790155,1.08851,22,53,25,2,0E-8,0.09776843,,0E-8,0.000000,0.884599,0.000000,,2026-03-23,2026-06-07,34,54,53,77,0.441558,,,0.000000,,,,,,,,GLOBAL_BASELINE_NO_ENTITY_RANKING,,,NOT_APPLICABLE_GLOBAL_BASELINE,HF9g-P5,,,,X 全窗基线 · 不参与实体赏罚,14192715,1420,A168_HF9F_20260827_0900,2026-08-27 09:00:00
2026-05-08,132799106,925,0,1756.7848061856,625.0194592912,625.0194592912,0.6666667,16,16,0.50162375000000000,0.501623750000,1.278423676628616,1.278423676628616,1.278423676628616,0E-17,ELIGIBLE,R03b_20260811_FULL_v1,L1_ELIGIBILITY,v2026-08-11,2026-03-21..2026-08-06,baccarat_bet02_101_all_pairs_incl_sentinel,round_win = game_pnl > 0 (decisive only),COMPATIBILITY_ONLY_NOT_PRODUCTION,67210.6501,59454.4709,6571.0798,664,664,-0.09776843,,-0.09776843,-0.09776843,-6571.0798,67210.6501,OK,0.0000,197.1324,3.0000,97.0000,AG03-UNRESOLVED,ALL5_LEVELS_bet23_to_bet27,197.1324,197.1324,197.1324,262.8432,262.8432,3.000000,3.000000,3.000000,4.000000,4.000000,97.000000,97.000000,97.000000,96.000000,96.000000,5.0,1117.0836,1044.0169,5453.9962,5527.0629,PENDING_AG03,FALSE,NOT_FOR_ENFORCEMENT,6373.9474,57670.8367,6571.0798,6373.9474,197.1324,0.09776843,0.09483538,197.1324,6373.9474,0.09483538,197.1324,197.1324,197.1324,262.8432,262.8432,6373.9474,0.09483538,1117.0836,1044.0169,5453.9962,5527.0629,0.08114780,0.08223493,0.00293305,101.2209,89.5399,9.8962,193.2671,121.6867,1976.7838,19.5294,,101.2209,52.6635,92.9903,135.5164,181.6201,209.4076,259.4572,82.3273,0.0,2.251931,2.790155,1.08851,22,53,25,2,0E-8,0.09776843,,0E-8,0.000000,0.884599,0.000000,,2026-03-23,2026-06-07,34,54,53,77,0.441558,,,0.000000,,,,,,,,GLOBAL_BASELINE_NO_ENTITY_RANKING,,,NOT_APPLICABLE_GLOBAL_BASELINE,HF9g-P5,,,,X 全窗基线 · 不参与实体赏罚,14192716,1420,A168_HF9F_20260827_0900,2026-08-27 09:00:00
2026-05-09,132799106,-1,1,111.0476882363,-27.7619220590,-27.7619220590,0.5000000,3,3,0.50218230000000000,0.502182300000,-0.00617253530718887,-0.00617253530718887,-0.00617253530718887,0E-17,SENTINEL_DEALER,R03b_20260811_FULL_v1,L1_ELIGIBILITY,v2026-08-11,2026-03-21..2026-08-06,baccarat_bet02_101_all_pairs_incl_sentinel,round_win = game_pnl > 0 (decisive only),COMPATIBILITY_ONLY_NOT_PRODUCTION,67210.6501,59454.4709,6571.0798,664,664,-0.09776843,,-0.09776843,-0.09776843,-6571.0798,67210.6501,OK,0.0000,197.1324,3.0000,97.0000,AG03-UNRESOLVED,ALL5_LEVELS_bet23_to_bet27,197.1324,197.1324,197.1324,262.8432,262.8432,3.000000,3.000000,3.000000,4.000000,4.000000,97.000000,97.000000,97.000000,96.000000,96.000000,5.0,1117.0836,1044.0169,5453.9962,5527.0629,PENDING_AG03,FALSE,NOT_FOR_ENFORCEMENT,6373.9474,57670.8367,6571.0798,6373.9474,197.1324,0.09776843,0.09483538,197.1324,6373.9474,0.09483538,197.1324,197.1324,197.1324,262.8432,262.8432,6373.9474,0.09483538,1117.0836,1044.0169,5453.9962,5527.0629,0.08114780,0.08223493,0.00293305,101.2209,89.5399,9.8962,193.2671,121.6867,1976.7838,19.5294,,101.2209,52.6635,92.9903,135.5164,181.6201,209.4076,259.4572,82.3273,0.0,2.251931,2.790155,1.08851,22,53,25,2,0E-8,0.09776843,,0E-8,0.000000,0.884599,0.000000,,2026-03-23,2026-06-07,34,54,53,77,0.441558,,,0.000000,,,,,,,,GLOBAL_BASELINE_NO_ENTITY_RANKING,,,NOT_APPLICABLE_GLOBAL_BASELINE,HF9g-P5,,,,X 全窗基线 · 不参与实体赏罚,14192717,1420,A168_HF9F_20260827_0900,2026-08-27 09:00:00
2026-05-09,132799106,1645,0,1847.3353743967,-669.3996160033,-669.3996160033,0.3750000,11,11,0.49933877272727273,0.499338772727,-0.7033669299335058,-0.7033669299319637,-0.7033669299335058,2.7273E-13,ELIGIBLE,R03b_20260811_FULL_v1,L1_ELIGIBILITY,v2026-08-11,2026-03-21..2026-08-06,baccarat_bet02_101_all_pairs_incl_sentinel,round_win = game_pnl > 0 (decisive only),COMPATIBILITY_ONLY_NOT_PRODUCTION,67210.6501,59454.4709,6571.0798,664,664,-0.09776843,,-0.09776843,-0.09776843,-6571.0798,67210.6501,OK,0.0000,197.1324,3.0000,97.0000,AG03-UNRESOLVED,ALL5_LEVELS_bet23_to_bet27,197.1324,197.1324,197.1324,262.8432,262.8432,3.000000,3.000000,3.000000,4.000000,4.000000,97.000000,97.000000,97.000000,96.000000,96.000000,5.0,1117.0836,1044.0169,5453.9962,5527.0629,PENDING_AG03,FALSE,NOT_FOR_ENFORCEMENT,6373.9474,57670.8367,6571.0798,6373.9474,197.1324,0.09776843,0.09483538,197.1324,6373.9474,0.09483538,197.1324,197.1324,197.1324,262.8432,262.8432,6373.9474,0.09483538,1117.0836,1044.0169,5453.9962,5527.0629,0.08114780,0.08223493,0.00293305,101.2209,89.5399,9.8962,193.2671,121.6867,1976.7838,19.5294,,101.2209,52.6635,92.9903,135.5164,181.6201,209.4076,259.4572,82.3273,0.0,2.251931,2.790155,1.08851,22,53,25,2,0E-8,0.09776843,,0E-8,0.000000,0.884599,0.000000,,2026-03-23,2026-06-07,34,54,53,77,0.441558,,,0.000000,,,,,,,,GLOBAL_BASELINE_NO_ENTITY_RANKING,,,NOT_APPLICABLE_GLOBAL_BASELINE,HF9g-P5,,,,X 全窗基线 · 不参与实体赏罚,14192718,1420,A168_HF9F_20260827_0900,2026-08-27 09:00:00
2026-05-09,132799106,1646,0,1731.3579990658,403.3911058067,403.3911058067,0.6315789,21,21,0.50154395714285714,0.501543957143,1.1336241677228263,1.133624167721582,1.1336241677228263,-1.4286E-13,ELIGIBLE,R03b_20260811_FULL_v1,L1_ELIGIBILITY,v2026-08-11,2026-03-21..2026-08-06,baccarat_bet02_101_all_pairs_incl_sentinel,round_win = game_pnl > 0 (decisive only),COMPATIBILITY_ONLY_NOT_PRODUCTION,67210.6501,59454.4709,6571.0798,664,664,-0.09776843,,-0.09776843,-0.09776843,-6571.0798,67210.6501,OK,0.0000,197.1324,3.0000,97.0000,AG03-UNRESOLVED,ALL5_LEVELS_bet23_to_bet27,197.1324,197.1324,197.1324,262.8432,262.8432,3.000000,3.000000,3.000000,4.000000,4.000000,97.000000,97.000000,97.000000,96.000000,96.000000,5.0,1117.0836,1044.0169,5453.9962,5527.0629,PENDING_AG03,FALSE,NOT_FOR_ENFORCEMENT,6373.9474,57670.8367,6571.0798,6373.9474,197.1324,0.09776843,0.09483538,197.1324,6373.9474,0.09483538,197.1324,197.1324,197.1324,262.8432,262.8432,6373.9474,0.09483538,1117.0836,1044.0169,5453.9962,5527.0629,0.08114780,0.08223493,0.00293305,101.2209,89.5399,9.8962,193.2671,121.6867,1976.7838,19.5294,,101.2209,52.6635,92.9903,135.5164,181.6201,209.4076,259.4572,82.3273,0.0,2.251931,2.790155,1.08851,22,53,25,2,0E-8,0.09776843,,0E-8,0.000000,0.884599,0.000000,,2026-03-23,2026-06-07,34,54,53,77,0.441558,,,0.000000,,,,,,,,GLOBAL_BASELINE_NO_ENTITY_RANKING,,,NOT_APPLICABLE_GLOBAL_BASELINE,HF9g-P5,,,,X 全窗基线 · 不参与实体赏罚,14192719,1420,A168_HF9F_20260827_0900,2026-08-27 09:00:00
2026-05-09,132799106,1710,0,1356.9612370922,227.1547921748,227.1547921748,0.6000000,10,10,0.50128862000000000,0.501288620000,0.6243076569377782,0.6243076569377782,0.6243076569377782,0E-17,ELIGIBLE,R03b_20260811_FULL_v1,L1_ELIGIBILITY,v2026-08-11,2026-03-21..2026-08-06,baccarat_bet02_101_all_pairs_incl_sentinel,round_win = game_pnl > 0 (decisive only),COMPATIBILITY_ONLY_NOT_PRODUCTION,67210.6501,59454.4709,6571.0798,664,664,-0.09776843,,-0.09776843,-0.09776843,-6571.0798,67210.6501,OK,0.0000,197.1324,3.0000,97.0000,AG03-UNRESOLVED,ALL5_LEVELS_bet23_to_bet27,197.1324,197.1324,197.1324,262.8432,262.8432,3.000000,3.000000,3.000000,4.000000,4.000000,97.000000,97.000000,97.000000,96.000000,96.000000,5.0,1117.0836,1044.0169,5453.9962,5527.0629,PENDING_AG03,FALSE,NOT_FOR_ENFORCEMENT,6373.9474,57670.8367,6571.0798,6373.9474,197.1324,0.09776843,0.09483538,197.1324,6373.9474,0.09483538,197.1324,197.1324,197.1324,262.8432,262.8432,6373.9474,0.09483538,1117.0836,1044.0169,5453.9962,5527.0629,0.08114780,0.08223493,0.00293305,101.2209,89.5399,9.8962,193.2671,121.6867,1976.7838,19.5294,,101.2209,52.6635,92.9903,135.5164,181.6201,209.4076,259.4572,82.3273,0.0,2.251931,2.790155,1.08851,22,53,25,2,0E-8,0.09776843,,0E-8,0.000000,0.884599,0.000000,,2026-03-23,2026-06-07,34,54,53,77,0.441558,,,0.000000,,,,,,,,GLOBAL_BASELINE_NO_ENTITY_RANKING,,,NOT_APPLICABLE_GLOBAL_BASELINE,HF9g-P5,,,,X 全窗基线 · 不参与实体赏罚,14192720,1420,A168_HF9F_20260827_0900,2026-08-27 09:00:00
2026-05-11,132799106,-1,1,1393.2852472628,-415.1315448084,-415.1315448084,0.3750000,8,8,0.49827245000000000,0.498272450000,-0.6973384449544185,-0.6973384449544185,-0.6973384449544185,0E-17,SENTINEL_DEALER,R03b_20260811_FULL_v1,L1_ELIGIBILITY,v2026-08-11,2026-03-21..2026-08-06,baccarat_bet02_101_all_pairs_incl_sentinel,round_win = game_pnl > 0 (decisive only),COMPATIBILITY_ONLY_NOT_PRODUCTION,67210.6501,59454.4709,6571.0798,664,664,-0.09776843,,-0.09776843,-0.09776843,-6571.0798,67210.6501,OK,0.0000,197.1324,3.0000,97.0000,AG03-UNRESOLVED,ALL5_LEVELS_bet23_to_bet27,197.1324,197.1324,197.1324,262.8432,262.8432,3.000000,3.000000,3.000000,4.000000,4.000000,97.000000,97.000000,97.000000,96.000000,96.000000,5.0,1117.0836,1044.0169,5453.9962,5527.0629,PENDING_AG03,FALSE,NOT_FOR_ENFORCEMENT,6373.9474,57670.8367,6571.0798,6373.9474,197.1324,0.09776843,0.09483538,197.1324,6373.9474,0.09483538,197.1324,197.1324,197.1324,262.8432,262.8432,6373.9474,0.09483538,1117.0836,1044.0169,5453.9962,5527.0629,0.08114780,0.08223493,0.00293305,101.2209,89.5399,9.8962,193.2671,121.6867,1976.7838,19.5294,,101.2209,52.6635,92.9903,135.5164,181.6201,209.4076,259.4572,82.3273,0.0,2.251931,2.790155,1.08851,22,53,25,2,0E-8,0.09776843,,0E-8,0.000000,0.884599,0.000000,,2026-03-23,2026-06-07,34,54,53,77,0.441558,,,0.000000,,,,,,,,GLOBAL_BASELINE_NO_ENTITY_RANKING,,,NOT_APPLICABLE_GLOBAL_BASELINE,HF9g-P5,,,,X 全窗基线 · 不参与实体赏罚,14192721,1420,A168_HF9F_20260827_0900,2026-08-27 09:00:00
2026-05-11,132799106,1714,0,2568.6264335014,-160.8634736134,-160.8634736134,0.4375000,18,18,0.50069283333333333,0.500692833333,-0.5055431520065531,-0.5055431520038861,-0.5055431520065531,3.3333E-13,ELIGIBLE,R03b_20260811_FULL_v1,L1_ELIGIBILITY,v2026-08-11,2026-03-21..2026-08-06,baccarat_bet02_101_all_pairs_incl_sentinel,round_win = game_pnl > 0 (decisive only),COMPATIBILITY_ONLY_NOT_PRODUCTION,67210.6501,59454.4709,6571.0798,664,664,-0.09776843,,-0.09776843,-0.09776843,-6571.0798,67210.6501,OK,0.0000,197.1324,3.0000,97.0000,AG03-UNRESOLVED,ALL5_LEVELS_bet23_to_bet27,197.1324,197.1324,197.1324,262.8432,262.8432,3.000000,3.000000,3.000000,4.000000,4.000000,97.000000,97.000000,97.000000,96.000000,96.000000,5.0,1117.0836,1044.0169,5453.9962,5527.0629,PENDING_AG03,FALSE,NOT_FOR_ENFORCEMENT,6373.9474,57670.8367,6571.0798,6373.9474,197.1324,0.09776843,0.09483538,197.1324,6373.9474,0.09483538,197.1324,197.1324,197.1324,262.8432,262.8432,6373.9474,0.09483538,1117.0836,1044.0169,5453.9962,5527.0629,0.08114780,0.08223493,0.00293305,101.2209,89.5399,9.8962,193.2671,121.6867,1976.7838,19.5294,,101.2209,52.6635,92.9903,135.5164,181.6201,209.4076,259.4572,82.3273,0.0,2.251931,2.790155,1.08851,22,53,25,2,0E-8,0.09776843,,0E-8,0.000000,0.884599,0.000000,,2026-03-23,2026-06-07,34,54,53,77,0.441558,,,0.000000,,,,,,,,GLOBAL_BASELINE_NO_ENTITY_RANKING,,,NOT_APPLICABLE_GLOBAL_BASELINE,HF9g-P5,,,,X 全窗基线 · 不参与实体赏罚,14192722,1420,A168_HF9F_20260827_0900,2026-08-27 09:00:00
2026-05-11,132799106,2129,0,1258.3674952002,39.1780395415,39.1780395415,0.4615385,14,14,0.49994810000000000,0.499948100000,-0.2769758433823512,-0.2769758433823512,-0.2769758433823512,0E-17,ELIGIBLE,R03b_20260811_FULL_v1,L1_ELIGIBILITY,v2026-08-11,2026-03-21..2026-08-06,baccarat_bet02_101_all_pairs_incl_sentinel,round_win = game_pnl > 0 (decisive only),COMPATIBILITY_ONLY_NOT_PRODUCTION,67210.6501,59454.4709,6571.0798,664,664,-0.09776843,,-0.09776843,-0.09776843,-6571.0798,67210.6501,OK,0.0000,197.1324,3.0000,97.0000,AG03-UNRESOLVED,ALL5_LEVELS_bet23_to_bet27,197.1324,197.1324,197.1324,262.8432,262.8432,3.000000,3.000000,3.000000,4.000000,4.000000,97.000000,97.000000,97.000000,96.000000,96.000000,5.0,1117.0836,1044.0169,5453.9962,5527.0629,PENDING_AG03,FALSE,NOT_FOR_ENFORCEMENT,6373.9474,57670.8367,6571.0798,6373.9474,197.1324,0.09776843,0.09483538,197.1324,6373.9474,0.09483538,197.1324,197.1324,197.1324,262.8432,262.8432,6373.9474,0.09483538,1117.0836,1044.0169,5453.9962,5527.0629,0.08114780,0.08223493,0.00293305,101.2209,89.5399,9.8962,193.2671,121.6867,1976.7838,19.5294,,101.2209,52.6635,92.9903,135.5164,181.6201,209.4076,259.4572,82.3273,0.0,2.251931,2.790155,1.08851,22,53,25,2,0E-8,0.09776843,,0E-8,0.000000,0.884599,0.000000,,2026-03-23,2026-06-07,34,54,53,77,0.441558,,,0.000000,,,,,,,,GLOBAL_BASELINE_NO_ENTITY_RANKING,,,NOT_APPLICABLE_GLOBAL_BASELINE,HF9g-P5,,,,X 全窗基线 · 不参与实体赏罚,14192723,1420,A168_HF9F_20260827_0900,2026-08-27 09:00:00
2026-05-11,132799106,2196,0,606.0920554200,-293.3682735715,-293.3682735715,0.2500000,9,9,0.50069283333333333,0.500692833333,-1.4181341810195505,-1.4181341810176638,-1.4181341810195505,3.3333E-13,ELIGIBLE,R03b_20260811_FULL_v1,L1_ELIGIBILITY,v2026-08-11,2026-03-21..2026-08-06,baccarat_bet02_101_all_pairs_incl_sentinel,round_win = game_pnl > 0 (decisive only),COMPATIBILITY_ONLY_NOT_PRODUCTION,67210.6501,59454.4709,6571.0798,664,664,-0.09776843,,-0.09776843,-0.09776843,-6571.0798,67210.6501,OK,0.0000,197.1324,3.0000,97.0000,AG03-UNRESOLVED,ALL5_LEVELS_bet23_to_bet27,197.1324,197.1324,197.1324,262.8432,262.8432,3.000000,3.000000,3.000000,4.000000,4.000000,97.000000,97.000000,97.000000,96.000000,96.000000,5.0,1117.0836,1044.0169,5453.9962,5527.0629,PENDING_AG03,FALSE,NOT_FOR_ENFORCEMENT,6373.9474,57670.8367,6571.0798,6373.9474,197.1324,0.09776843,0.09483538,197.1324,6373.9474,0.09483538,197.1324,197.1324,197.1324,262.8432,262.8432,6373.9474,0.09483538,1117.0836,1044.0169,5453.9962,5527.0629,0.08114780,0.08223493,0.00293305,101.2209,89.5399,9.8962,193.2671,121.6867,1976.7838,19.5294,,101.2209,52.6635,92.9903,135.5164,181.6201,209.4076,259.4572,82.3273,0.0,2.251931,2.790155,1.08851,22,53,25,2,0E-8,0.09776843,,0E-8,0.000000,0.884599,0.000000,,2026-03-23,2026-06-07,34,54,53,77,0.441558,,,0.000000,,,,,,,,GLOBAL_BASELINE_NO_ENTITY_RANKING,,,NOT_APPLICABLE_GLOBAL_BASELINE,HF9g-P5,,,,X 全窗基线 · 不参与实体赏罚,14192724,1420,A168_HF9F_20260827_0900,2026-08-27 09:00:00
2026-05-17,132799106,-1,1,736.8584920344,-90.0965180840,-90.0965180840,0.5000000,13,13,0.50458836153846154,0.504588361538,-0.03179043983280004,-0.031790439829601995,-0.03179043983280004,4.6154E-13,SENTINEL_DEALER,R03b_20260811_FULL_v1,L1_ELIGIBILITY,v2026-08-11,2026-03-21..2026-08-06,baccarat_bet02_101_all_pairs_incl_sentinel,round_win = game_pnl > 0 (decisive only),COMPATIBILITY_ONLY_NOT_PRODUCTION,67210.6501,59454.4709,6571.0798,664,664,-0.09776843,,-0.09776843,-0.09776843,-6571.0798,67210.6501,OK,0.0000,197.1324,3.0000,97.0000,AG03-UNRESOLVED,ALL5_LEVELS_bet23_to_bet27,197.1324,197.1324,197.1324,262.8432,262.8432,3.000000,3.000000,3.000000,4.000000,4.000000,97.000000,97.000000,97.000000,96.000000,96.000000,5.0,1117.0836,1044.0169,5453.9962,5527.0629,PENDING_AG03,FALSE,NOT_FOR_ENFORCEMENT,6373.9474,57670.8367,6571.0798,6373.9474,197.1324,0.09776843,0.09483538,197.1324,6373.9474,0.09483538,197.1324,197.1324,197.1324,262.8432,262.8432,6373.9474,0.09483538,1117.0836,1044.0169,5453.9962,5527.0629,0.08114780,0.08223493,0.00293305,101.2209,89.5399,9.8962,193.2671,121.6867,1976.7838,19.5294,,101.2209,52.6635,92.9903,135.5164,181.6201,209.4076,259.4572,82.3273,0.0,2.251931,2.790155,1.08851,22,53,25,2,0E-8,0.09776843,,0E-8,0.000000,0.884599,0.000000,,2026-03-23,2026-06-07,34,54,53,77,0.441558,,,0.000000,,,,,,,,GLOBAL_BASELINE_NO_ENTITY_RANKING,,,NOT_APPLICABLE_GLOBAL_BASELINE,HF9g-P5,,,,X 全窗基线 · 不参与实体赏罚,14192725,1420,A168_HF9F_20260827_0900,2026-08-27 09:00:00
2026-05-21,132799106,2127,0,364.5373877848,-364.5373877848,-364.5373877848,0E-7,3,3,0.50218230000000000,0.502182300000,-1.7396270863184011,-1.7396270863184016,-1.7396270863184011,0E-17,ELIGIBLE,R03b_20260811_FULL_v1,L1_ELIGIBILITY,v2026-08-11,2026-03-21..2026-08-06,baccarat_bet02_101_all_pairs_incl_sentinel,round_win = game_pnl > 0 (decisive only),COMPATIBILITY_ONLY_NOT_PRODUCTION,67210.6501,59454.4709,6571.0798,664,664,-0.09776843,,-0.09776843,-0.09776843,-6571.0798,67210.6501,OK,0.0000,197.1324,3.0000,97.0000,AG03-UNRESOLVED,ALL5_LEVELS_bet23_to_bet27,197.1324,197.1324,197.1324,262.8432,262.8432,3.000000,3.000000,3.000000,4.000000,4.000000,97.000000,97.000000,97.000000,96.000000,96.000000,5.0,1117.0836,1044.0169,5453.9962,5527.0629,PENDING_AG03,FALSE,NOT_FOR_ENFORCEMENT,6373.9474,57670.8367,6571.0798,6373.9474,197.1324,0.09776843,0.09483538,197.1324,6373.9474,0.09483538,197.1324,197.1324,197.1324,262.8432,262.8432,6373.9474,0.09483538,1117.0836,1044.0169,5453.9962,5527.0629,0.08114780,0.08223493,0.00293305,101.2209,89.5399,9.8962,193.2671,121.6867,1976.7838,19.5294,,101.2209,52.6635,92.9903,135.5164,181.6201,209.4076,259.4572,82.3273,0.0,2.251931,2.790155,1.08851,22,53,25,2,0E-8,0.09776843,,0E-8,0.000000,0.884599,0.000000,,2026-03-23,2026-06-07,34,54,53,77,0.441558,,,0.000000,,,,,,,,GLOBAL_BASELINE_NO_ENTITY_RANKING,,,NOT_APPLICABLE_GLOBAL_BASELINE,HF9g-P5,,,,X 全窗基线 · 不参与实体赏罚,14192726,1420,A168_HF9F_20260827_0900,2026-08-27 09:00:00
2026-05-21,132799106,987,0,2649.0581703074,122.3340771113,122.3340771113,0.5172414,32,32,0.50036701250000000,0.500367012500,0.18174254154027894,0.18174254154027894,0.18174254154027894,0E-17,ELIGIBLE,R03b_20260811_FULL_v1,L1_ELIGIBILITY,v2026-08-11,2026-03-21..2026-08-06,baccarat_bet02_101_all_pairs_incl_sentinel,round_win = game_pnl > 0 (decisive only),COMPATIBILITY_ONLY_NOT_PRODUCTION,67210.6501,59454.4709,6571.0798,664,664,-0.09776843,,-0.09776843,-0.09776843,-6571.0798,67210.6501,OK,0.0000,197.1324,3.0000,97.0000,AG03-UNRESOLVED,ALL5_LEVELS_bet23_to_bet27,197.1324,197.1324,197.1324,262.8432,262.8432,3.000000,3.000000,3.000000,4.000000,4.000000,97.000000,97.000000,97.000000,96.000000,96.000000,5.0,1117.0836,1044.0169,5453.9962,5527.0629,PENDING_AG03,FALSE,NOT_FOR_ENFORCEMENT,6373.9474,57670.8367,6571.0798,6373.9474,197.1324,0.09776843,0.09483538,197.1324,6373.9474,0.09483538,197.1324,197.1324,197.1324,262.8432,262.8432,6373.9474,0.09483538,1117.0836,1044.0169,5453.9962,5527.0629,0.08114780,0.08223493,0.00293305,101.2209,89.5399,9.8962,193.2671,121.6867,1976.7838,19.5294,,101.2209,52.6635,92.9903,135.5164,181.6201,209.4076,259.4572,82.3273,0.0,2.251931,2.790155,1.08851,22,53,25,2,0E-8,0.09776843,,0E-8,0.000000,0.884599,0.000000,,2026-03-23,2026-06-07,34,54,53,77,0.441558,,,0.000000,,,,,,,,GLOBAL_BASELINE_NO_ENTITY_RANKING,,,NOT_APPLICABLE_GLOBAL_BASELINE,HF9g-P5,,,,X 全窗基线 · 不参与实体赏罚,14192727,1420,A168_HF9F_20260827_0900,2026-08-27 09:00:00
2026-05-22,132799106,1396,0,464.4284157540,18.4214623009,18.4214623009,0.5714286,8,8,0.49827245000000000,0.498272450000,0.3871081189643771,0.3871081189643771,0.3871081189643771,0E-17,ELIGIBLE,R03b_20260811_FULL_v1,L1_ELIGIBILITY,v2026-08-11,2026-03-21..2026-08-06,baccarat_bet02_101_all_pairs_incl_sentinel,round_win = game_pnl > 0 (decisive only),COMPATIBILITY_ONLY_NOT_PRODUCTION,67210.6501,59454.4709,6571.0798,664,664,-0.09776843,,-0.09776843,-0.09776843,-6571.0798,67210.6501,OK,0.0000,197.1324,3.0000,97.0000,AG03-UNRESOLVED,ALL5_LEVELS_bet23_to_bet27,197.1324,197.1324,197.1324,262.8432,262.8432,3.000000,3.000000,3.000000,4.000000,4.000000,97.000000,97.000000,97.000000,96.000000,96.000000,5.0,1117.0836,1044.0169,5453.9962,5527.0629,PENDING_AG03,FALSE,NOT_FOR_ENFORCEMENT,6373.9474,57670.8367,6571.0798,6373.9474,197.1324,0.09776843,0.09483538,197.1324,6373.9474,0.09483538,197.1324,197.1324,197.1324,262.8432,262.8432,6373.9474,0.09483538,1117.0836,1044.0169,5453.9962,5527.0629,0.08114780,0.08223493,0.00293305,101.2209,89.5399,9.8962,193.2671,121.6867,1976.7838,19.5294,,101.2209,52.6635,92.9903,135.5164,181.6201,209.4076,259.4572,82.3273,0.0,2.251931,2.790155,1.08851,22,53,25,2,0E-8,0.09776843,,0E-8,0.000000,0.884599,0.000000,,2026-03-23,2026-06-07,34,54,53,77,0.441558,,,0.000000,,,,,,,,GLOBAL_BASELINE_NO_ENTITY_RANKING,,,NOT_APPLICABLE_GLOBAL_BASELINE,HF9g-P5,,,,X 全窗基线 · 不参与实体赏罚,14192728,1420,A168_HF9F_20260827_0900,2026-08-27 09:00:00
2026-05-22,132799106,2063,0,23.3511493955,0E-10,0E-10,,1,1,0.50665070000000000,0.506650700000,,,,0E-17,NO_DECISIVE_ROUND,R03b_20260811_FULL_v1,L1_ELIGIBILITY,v2026-08-11,2026-03-21..2026-08-06,baccarat_bet02_101_all_pairs_incl_sentinel,round_win = game_pnl > 0 (decisive only),COMPATIBILITY_ONLY_NOT_PRODUCTION,67210.6501,59454.4709,6571.0798,664,664,-0.09776843,,-0.09776843,-0.09776843,-6571.0798,67210.6501,OK,0.0000,197.1324,3.0000,97.0000,AG03-UNRESOLVED,ALL5_LEVELS_bet23_to_bet27,197.1324,197.1324,197.1324,262.8432,262.8432,3.000000,3.000000,3.000000,4.000000,4.000000,97.000000,97.000000,97.000000,96.000000,96.000000,5.0,1117.0836,1044.0169,5453.9962,5527.0629,PENDING_AG03,FALSE,NOT_FOR_ENFORCEMENT,6373.9474,57670.8367,6571.0798,6373.9474,197.1324,0.09776843,0.09483538,197.1324,6373.9474,0.09483538,197.1324,197.1324,197.1324,262.8432,262.8432,6373.9474,0.09483538,1117.0836,1044.0169,5453.9962,5527.0629,0.08114780,0.08223493,0.00293305,101.2209,89.5399,9.8962,193.2671,121.6867,1976.7838,19.5294,,101.2209,52.6635,92.9903,135.5164,181.6201,209.4076,259.4572,82.3273,0.0,2.251931,2.790155,1.08851,22,53,25,2,0E-8,0.09776843,,0E-8,0.000000,0.884599,0.000000,,2026-03-23,2026-06-07,34,54,53,77,0.441558,,,0.000000,,,,,,,,GLOBAL_BASELINE_NO_ENTITY_RANKING,,,NOT_APPLICABLE_GLOBAL_BASELINE,HF9g-P5,,,,X 全窗基线 · 不参与实体赏罚,14192729,1420,A168_HF9F_20260827_0900,2026-08-27 09:00:00
2026-05-22,132799106,2169,0,23.3511493955,22.1835919257,22.1835919257,1.0000000,1,1,0.50665070000000000,0.506650700000,0.9867858985152569,0.9867858985152569,0.9867858985152569,0E-17,ELIGIBLE,R03b_20260811_FULL_v1,L1_ELIGIBILITY,v2026-08-11,2026-03-21..2026-08-06,baccarat_bet02_101_all_pairs_incl_sentinel,round_win = game_pnl > 0 (decisive only),COMPATIBILITY_ONLY_NOT_PRODUCTION,67210.6501,59454.4709,6571.0798,664,664,-0.09776843,,-0.09776843,-0.09776843,-6571.0798,67210.6501,OK,0.0000,197.1324,3.0000,97.0000,AG03-UNRESOLVED,ALL5_LEVELS_bet23_to_bet27,197.1324,197.1324,197.1324,262.8432,262.8432,3.000000,3.000000,3.000000,4.000000,4.000000,97.000000,97.000000,97.000000,96.000000,96.000000,5.0,1117.0836,1044.0169,5453.9962,5527.0629,PENDING_AG03,FALSE,NOT_FOR_ENFORCEMENT,6373.9474,57670.8367,6571.0798,6373.9474,197.1324,0.09776843,0.09483538,197.1324,6373.9474,0.09483538,197.1324,197.1324,197.1324,262.8432,262.8432,6373.9474,0.09483538,1117.0836,1044.0169,5453.9962,5527.0629,0.08114780,0.08223493,0.00293305,101.2209,89.5399,9.8962,193.2671,121.6867,1976.7838,19.5294,,101.2209,52.6635,92.9903,135.5164,181.6201,209.4076,259.4572,82.3273,0.0,2.251931,2.790155,1.08851,22,53,25,2,0E-8,0.09776843,,0E-8,0.000000,0.884599,0.000000,,2026-03-23,2026-06-07,34,54,53,77,0.441558,,,0.000000,,,,,,,,GLOBAL_BASELINE_NO_ENTITY_RANKING,,,NOT_APPLICABLE_GLOBAL_BASELINE,HF9g-P5,,,,X 全窗基线 · 不参与实体赏罚,14192730,1420,A168_HF9F_20260827_0900,2026-08-27 09:00:00
2026-05-22,132799106,2171,0,1413.0039956413,-324.3215193814,-324.3215193814,0.3333333,15,15,0.50307598000000000,0.503075980000,-1.176033807609597,-1.176033807609597,-1.176033807609597,0E-17,ELIGIBLE,R03b_20260811_FULL_v1,L1_ELIGIBILITY,v2026-08-11,2026-03-21..2026-08-06,baccarat_bet02_101_all_pairs_incl_sentinel,round_win = game_pnl > 0 (decisive only),COMPATIBILITY_ONLY_NOT_PRODUCTION,67210.6501,59454.4709,6571.0798,664,664,-0.09776843,,-0.09776843,-0.09776843,-6571.0798,67210.6501,OK,0.0000,197.1324,3.0000,97.0000,AG03-UNRESOLVED,ALL5_LEVELS_bet23_to_bet27,197.1324,197.1324,197.1324,262.8432,262.8432,3.000000,3.000000,3.000000,4.000000,4.000000,97.000000,97.000000,97.000000,96.000000,96.000000,5.0,1117.0836,1044.0169,5453.9962,5527.0629,PENDING_AG03,FALSE,NOT_FOR_ENFORCEMENT,6373.9474,57670.8367,6571.0798,6373.9474,197.1324,0.09776843,0.09483538,197.1324,6373.9474,0.09483538,197.1324,197.1324,197.1324,262.8432,262.8432,6373.9474,0.09483538,1117.0836,1044.0169,5453.9962,5527.0629,0.08114780,0.08223493,0.00293305,101.2209,89.5399,9.8962,193.2671,121.6867,1976.7838,19.5294,,101.2209,52.6635,92.9903,135.5164,181.6201,209.4076,259.4572,82.3273,0.0,2.251931,2.790155,1.08851,22,53,25,2,0E-8,0.09776843,,0E-8,0.000000,0.884599,0.000000,,2026-03-23,2026-06-07,34,54,53,77,0.441558,,,0.000000,,,,,,,,GLOBAL_BASELINE_NO_ENTITY_RANKING,,,NOT_APPLICABLE_GLOBAL_BASELINE,HF9g-P5,,,,X 全窗基线 · 不参与实体赏罚,14192731,1420,A168_HF9F_20260827_0900,2026-08-27 09:00:00
2026-05-23,132799106,2169,0,549.5303824398,-202.6750038917,-202.6750038917,0.3000000,11,11,0.50299473636363636,0.502994736364,-1.2838744687929295,-1.2838744687952348,-1.2838744687929295,-3.6364E-13,ELIGIBLE,R03b_20260811_FULL_v1,L1_ELIGIBILITY,v2026-08-11,2026-03-21..2026-08-06,baccarat_bet02_101_all_pairs_incl_sentinel,round_win = game_pnl > 0 (decisive only),COMPATIBILITY_ONLY_NOT_PRODUCTION,67210.6501,59454.4709,6571.0798,664,664,-0.09776843,,-0.09776843,-0.09776843,-6571.0798,67210.6501,OK,0.0000,197.1324,3.0000,97.0000,AG03-UNRESOLVED,ALL5_LEVELS_bet23_to_bet27,197.1324,197.1324,197.1324,262.8432,262.8432,3.000000,3.000000,3.000000,4.000000,4.000000,97.000000,97.000000,97.000000,96.000000,96.000000,5.0,1117.0836,1044.0169,5453.9962,5527.0629,PENDING_AG03,FALSE,NOT_FOR_ENFORCEMENT,6373.9474,57670.8367,6571.0798,6373.9474,197.1324,0.09776843,0.09483538,197.1324,6373.9474,0.09483538,197.1324,197.1324,197.1324,262.8432,262.8432,6373.9474,0.09483538,1117.0836,1044.0169,5453.9962,5527.0629,0.08114780,0.08223493,0.00293305,101.2209,89.5399,9.8962,193.2671,121.6867,1976.7838,19.5294,,101.2209,52.6635,92.9903,135.5164,181.6201,209.4076,259.4572,82.3273,0.0,2.251931,2.790155,1.08851,22,53,25,2,0E-8,0.09776843,,0E-8,0.000000,0.884599,0.000000,,2026-03-23,2026-06-07,34,54,53,77,0.441558,,,0.000000,,,,,,,,GLOBAL_BASELINE_NO_ENTITY_RANKING,,,NOT_APPLICABLE_GLOBAL_BASELINE,HF9g-P5,,,,X 全窗基线 · 不参与实体赏罚,14192732,1420,A168_HF9F_20260827_0900,2026-08-27 09:00:00
2026-05-25,132799106,-1,1,35.8050957397,-11.9350319133,-11.9350319133,0.5000000,2,2,0.49324550000000000,0.493245500000,0.01910635448239258,0.01910635448239258,0.01910635448239258,0E-17,SENTINEL_DEALER,R03b_20260811_FULL_v1,L1_ELIGIBILITY,v2026-08-11,2026-03-21..2026-08-06,baccarat_bet02_101_all_pairs_incl_sentinel,round_win = game_pnl > 0 (decisive only),COMPATIBILITY_ONLY_NOT_PRODUCTION,67210.6501,59454.4709,6571.0798,664,664,-0.09776843,,-0.09776843,-0.09776843,-6571.0798,67210.6501,OK,0.0000,197.1324,3.0000,97.0000,AG03-UNRESOLVED,ALL5_LEVELS_bet23_to_bet27,197.1324,197.1324,197.1324,262.8432,262.8432,3.000000,3.000000,3.000000,4.000000,4.000000,97.000000,97.000000,97.000000,96.000000,96.000000,5.0,1117.0836,1044.0169,5453.9962,5527.0629,PENDING_AG03,FALSE,NOT_FOR_ENFORCEMENT,6373.9474,57670.8367,6571.0798,6373.9474,197.1324,0.09776843,0.09483538,197.1324,6373.9474,0.09483538,197.1324,197.1324,197.1324,262.8432,262.8432,6373.9474,0.09483538,1117.0836,1044.0169,5453.9962,5527.0629,0.08114780,0.08223493,0.00293305,101.2209,89.5399,9.8962,193.2671,121.6867,1976.7838,19.5294,,101.2209,52.6635,92.9903,135.5164,181.6201,209.4076,259.4572,82.3273,0.0,2.251931,2.790155,1.08851,22,53,25,2,0E-8,0.09776843,,0E-8,0.000000,0.884599,0.000000,,2026-03-23,2026-06-07,34,54,53,77,0.441558,,,0.000000,,,,,,,,GLOBAL_BASELINE_NO_ENTITY_RANKING,,,NOT_APPLICABLE_GLOBAL_BASELINE,HF9g-P5,,,,X 全窗基线 · 不参与实体赏罚,14192733,1420,A168_HF9F_20260827_0900,2026-08-27 09:00:00
2026-05-29,132799106,1401,0,225.4683202741,143.6874059468,143.6874059468,0.8750000,10,10,0.49994810000000000,0.499948100000,2.1216139457247922,2.1216139457247922,2.1216139457247922,0E-17,ELIGIBLE,R03b_20260811_FULL_v1,L1_ELIGIBILITY,v2026-08-11,2026-03-21..2026-08-06,baccarat_bet02_101_all_pairs_incl_sentinel,round_win = game_pnl > 0 (decisive only),COMPATIBILITY_ONLY_NOT_PRODUCTION,67210.6501,59454.4709,6571.0798,664,664,-0.09776843,,-0.09776843,-0.09776843,-6571.0798,67210.6501,OK,0.0000,197.1324,3.0000,97.0000,AG03-UNRESOLVED,ALL5_LEVELS_bet23_to_bet27,197.1324,197.1324,197.1324,262.8432,262.8432,3.000000,3.000000,3.000000,4.000000,4.000000,97.000000,97.000000,97.000000,96.000000,96.000000,5.0,1117.0836,1044.0169,5453.9962,5527.0629,PENDING_AG03,FALSE,NOT_FOR_ENFORCEMENT,6373.9474,57670.8367,6571.0798,6373.9474,197.1324,0.09776843,0.09483538,197.1324,6373.9474,0.09483538,197.1324,197.1324,197.1324,262.8432,262.8432,6373.9474,0.09483538,1117.0836,1044.0169,5453.9962,5527.0629,0.08114780,0.08223493,0.00293305,101.2209,89.5399,9.8962,193.2671,121.6867,1976.7838,19.5294,,101.2209,52.6635,92.9903,135.5164,181.6201,209.4076,259.4572,82.3273,0.0,2.251931,2.790155,1.08851,22,53,25,2,0E-8,0.09776843,,0E-8,0.000000,0.884599,0.000000,,2026-03-23,2026-06-07,34,54,53,77,0.441558,,,0.000000,,,,,,,,GLOBAL_BASELINE_NO_ENTITY_RANKING,,,NOT_APPLICABLE_GLOBAL_BASELINE,HF9g-P5,,,,X 全窗基线 · 不参与实体赏罚,14192734,1420,A168_HF9F_20260827_0900,2026-08-27 09:00:00
2026-05-31,132799106,1985,0,771.9803533314,-141.5640188236,-141.5640188236,0.3333333,12,12,0.50106520000000000,0.501065200000,-1.0063934838134174,-1.0063934838134174,-1.0063934838134174,0E-17,ELIGIBLE,R03b_20260811_FULL_v1,L1_ELIGIBILITY,v2026-08-11,2026-03-21..2026-08-06,baccarat_bet02_101_all_pairs_incl_sentinel,round_win = game_pnl > 0 (decisive only),COMPATIBILITY_ONLY_NOT_PRODUCTION,67210.6501,59454.4709,6571.0798,664,664,-0.09776843,,-0.09776843,-0.09776843,-6571.0798,67210.6501,OK,0.0000,197.1324,3.0000,97.0000,AG03-UNRESOLVED,ALL5_LEVELS_bet23_to_bet27,197.1324,197.1324,197.1324,262.8432,262.8432,3.000000,3.000000,3.000000,4.000000,4.000000,97.000000,97.000000,97.000000,96.000000,96.000000,5.0,1117.0836,1044.0169,5453.9962,5527.0629,PENDING_AG03,FALSE,NOT_FOR_ENFORCEMENT,6373.9474,57670.8367,6571.0798,6373.9474,197.1324,0.09776843,0.09483538,197.1324,6373.9474,0.09483538,197.1324,197.1324,197.1324,262.8432,262.8432,6373.9474,0.09483538,1117.0836,1044.0169,5453.9962,5527.0629,0.08114780,0.08223493,0.00293305,101.2209,89.5399,9.8962,193.2671,121.6867,1976.7838,19.5294,,101.2209,52.6635,92.9903,135.5164,181.6201,209.4076,259.4572,82.3273,0.0,2.251931,2.790155,1.08851,22,53,25,2,0E-8,0.09776843,,0E-8,0.000000,0.884599,0.000000,,2026-03-23,2026-06-07,34,54,53,77,0.441558,,,0.000000,,,,,,,,GLOBAL_BASELINE_NO_ENTITY_RANKING,,,NOT_APPLICABLE_GLOBAL_BASELINE,HF9g-P5,,,,X 全窗基线 · 不参与实体赏罚,14192735,1420,A168_HF9F_20260827_0900,2026-08-27 09:00:00
2026-06-01,132799106,1330,0,134.2350914186,-81.7754005194,-81.7754005194,0.2000000,5,5,0.49860758000000000,0.498607580000,-1.3354188732730328,-1.3354188732730328,-1.3354188732730328,0E-17,ELIGIBLE,R03b_20260811_FULL_v1,L1_ELIGIBILITY,v2026-08-11,2026-03-21..2026-08-06,baccarat_bet02_101_all_pairs_incl_sentinel,round_win = game_pnl > 0 (decisive only),COMPATIBILITY_ONLY_NOT_PRODUCTION,67210.6501,59454.4709,6571.0798,664,664,-0.09776843,,-0.09776843,-0.09776843,-6571.0798,67210.6501,OK,0.0000,197.1324,3.0000,97.0000,AG03-UNRESOLVED,ALL5_LEVELS_bet23_to_bet27,197.1324,197.1324,197.1324,262.8432,262.8432,3.000000,3.000000,3.000000,4.000000,4.000000,97.000000,97.000000,97.000000,96.000000,96.000000,5.0,1117.0836,1044.0169,5453.9962,5527.0629,PENDING_AG03,FALSE,NOT_FOR_ENFORCEMENT,6373.9474,57670.8367,6571.0798,6373.9474,197.1324,0.09776843,0.09483538,197.1324,6373.9474,0.09483538,197.1324,197.1324,197.1324,262.8432,262.8432,6373.9474,0.09483538,1117.0836,1044.0169,5453.9962,5527.0629,0.08114780,0.08223493,0.00293305,101.2209,89.5399,9.8962,193.2671,121.6867,1976.7838,19.5294,,101.2209,52.6635,92.9903,135.5164,181.6201,209.4076,259.4572,82.3273,0.0,2.251931,2.790155,1.08851,22,53,25,2,0E-8,0.09776843,,0E-8,0.000000,0.884599,0.000000,,2026-03-23,2026-06-07,34,54,53,77,0.441558,,,0.000000,,,,,,,,GLOBAL_BASELINE_NO_ENTITY_RANKING,,,NOT_APPLICABLE_GLOBAL_BASELINE,HF9g-P5,,,,X 全窗基线 · 不参与实体赏罚,14192736,1420,A168_HF9F_20260827_0900,2026-08-27 09:00:00
2026-06-01,132799106,2171,0,103.8907604083,-50.4024481189,-50.4024481189,0.3333333,3,3,0.50218230000000000,0.502182300000,-0.5849155494134425,-0.5849155494134426,-0.5849155494134425,0E-17,ELIGIBLE,R03b_20260811_FULL_v1,L1_ELIGIBILITY,v2026-08-11,2026-03-21..2026-08-06,baccarat_bet02_101_all_pairs_incl_sentinel,round_win = game_pnl > 0 (decisive only),COMPATIBILITY_ONLY_NOT_PRODUCTION,67210.6501,59454.4709,6571.0798,664,664,-0.09776843,,-0.09776843,-0.09776843,-6571.0798,67210.6501,OK,0.0000,197.1324,3.0000,97.0000,AG03-UNRESOLVED,ALL5_LEVELS_bet23_to_bet27,197.1324,197.1324,197.1324,262.8432,262.8432,3.000000,3.000000,3.000000,4.000000,4.000000,97.000000,97.000000,97.000000,96.000000,96.000000,5.0,1117.0836,1044.0169,5453.9962,5527.0629,PENDING_AG03,FALSE,NOT_FOR_ENFORCEMENT,6373.9474,57670.8367,6571.0798,6373.9474,197.1324,0.09776843,0.09483538,197.1324,6373.9474,0.09483538,197.1324,197.1324,197.1324,262.8432,262.8432,6373.9474,0.09483538,1117.0836,1044.0169,5453.9962,5527.0629,0.08114780,0.08223493,0.00293305,101.2209,89.5399,9.8962,193.2671,121.6867,1976.7838,19.5294,,101.2209,52.6635,92.9903,135.5164,181.6201,209.4076,259.4572,82.3273,0.0,2.251931,2.790155,1.08851,22,53,25,2,0E-8,0.09776843,,0E-8,0.000000,0.884599,0.000000,,2026-03-23,2026-06-07,34,54,53,77,0.441558,,,0.000000,,,,,,,,GLOBAL_BASELINE_NO_ENTITY_RANKING,,,NOT_APPLICABLE_GLOBAL_BASELINE,HF9g-P5,,,,X 全窗基线 · 不参与实体赏罚,14192737,1420,A168_HF9F_20260827_0900,2026-08-27 09:00:00
2026-06-04,132799106,1645,0,64.0316815389,62.6301848947,62.6301848947,1.0000000,3,3,0.50218230000000000,0.502182300000,1.724507524396475,1.7245075243964754,1.724507524396475,0E-17,ELIGIBLE,R03b_20260811_FULL_v1,L1_ELIGIBILITY,v2026-08-11,2026-03-21..2026-08-06,baccarat_bet02_101_all_pairs_incl_sentinel,round_win = game_pnl > 0 (decisive only),COMPATIBILITY_ONLY_NOT_PRODUCTION,67210.6501,59454.4709,6571.0798,664,664,-0.09776843,,-0.09776843,-0.09776843,-6571.0798,67210.6501,OK,0.0000,197.1324,3.0000,97.0000,AG03-UNRESOLVED,ALL5_LEVELS_bet23_to_bet27,197.1324,197.1324,197.1324,262.8432,262.8432,3.000000,3.000000,3.000000,4.000000,4.000000,97.000000,97.000000,97.000000,96.000000,96.000000,5.0,1117.0836,1044.0169,5453.9962,5527.0629,PENDING_AG03,FALSE,NOT_FOR_ENFORCEMENT,6373.9474,57670.8367,6571.0798,6373.9474,197.1324,0.09776843,0.09483538,197.1324,6373.9474,0.09483538,197.1324,197.1324,197.1324,262.8432,262.8432,6373.9474,0.09483538,1117.0836,1044.0169,5453.9962,5527.0629,0.08114780,0.08223493,0.00293305,101.2209,89.5399,9.8962,193.2671,121.6867,1976.7838,19.5294,,101.2209,52.6635,92.9903,135.5164,181.6201,209.4076,259.4572,82.3273,0.0,2.251931,2.790155,1.08851,22,53,25,2,0E-8,0.09776843,,0E-8,0.000000,0.884599,0.000000,,2026-03-23,2026-06-07,34,54,53,77,0.441558,,,0.000000,,,,,,,,GLOBAL_BASELINE_NO_ENTITY_RANKING,,,NOT_APPLICABLE_GLOBAL_BASELINE,HF9g-P5,,,,X 全窗基线 · 不参与实体赏罚,14192738,1420,A168_HF9F_20260827_0900,2026-08-27 09:00:00
2026-06-07,132799106,1654,0,224.2394630596,-112.1197315298,-112.1197315298,0E-7,2,2,0.49324550000000000,0.493245500000,-0.9865810262130424,-0.9865810262130424,-0.9865810262130424,0E-17,ELIGIBLE,R03b_20260811_FULL_v1,L1_ELIGIBILITY,v2026-08-11,2026-03-21..2026-08-06,baccarat_bet02_101_all_pairs_incl_sentinel,round_win = game_pnl > 0 (decisive only),COMPATIBILITY_ONLY_NOT_PRODUCTION,67210.6501,59454.4709,6571.0798,664,664,-0.09776843,,-0.09776843,-0.09776843,-6571.0798,67210.6501,OK,0.0000,197.1324,3.0000,97.0000,AG03-UNRESOLVED,ALL5_LEVELS_bet23_to_bet27,197.1324,197.1324,197.1324,262.8432,262.8432,3.000000,3.000000,3.000000,4.000000,4.000000,97.000000,97.000000,97.000000,96.000000,96.000000,5.0,1117.0836,1044.0169,5453.9962,5527.0629,PENDING_AG03,FALSE,NOT_FOR_ENFORCEMENT,6373.9474,57670.8367,6571.0798,6373.9474,197.1324,0.09776843,0.09483538,197.1324,6373.9474,0.09483538,197.1324,197.1324,197.1324,262.8432,262.8432,6373.9474,0.09483538,1117.0836,1044.0169,5453.9962,5527.0629,0.08114780,0.08223493,0.00293305,101.2209,89.5399,9.8962,193.2671,121.6867,1976.7838,19.5294,,101.2209,52.6635,92.9903,135.5164,181.6201,209.4076,259.4572,82.3273,0.0,2.251931,2.790155,1.08851,22,53,25,2,0E-8,0.09776843,,0E-8,0.000000,0.884599,0.000000,,2026-03-23,2026-06-07,34,54,53,77,0.441558,,,0.000000,,,,,,,,GLOBAL_BASELINE_NO_ENTITY_RANKING,,,NOT_APPLICABLE_GLOBAL_BASELINE,HF9g-P5,,,,X 全窗基线 · 不参与实体赏罚,14192739,1420,A168_HF9F_20260827_0900,2026-08-27 09:00:00
2026-06-07,132799106,1941,0,617.9443001517,-27.4256178156,-27.4256178156,0.5000000,7,7,0.50090561428571429,0.500905614286,-0.00443659308478647,-0.004436593086186165,-0.00443659308478647,-2.8571E-13,ELIGIBLE,R03b_20260811_FULL_v1,L1_ELIGIBILITY,v2026-08-11,2026-03-21..2026-08-06,baccarat_bet02_101_all_pairs_incl_sentinel,round_win = game_pnl > 0 (decisive only),COMPATIBILITY_ONLY_NOT_PRODUCTION,67210.6501,59454.4709,6571.0798,664,664,-0.09776843,,-0.09776843,-0.09776843,-6571.0798,67210.6501,OK,0.0000,197.1324,3.0000,97.0000,AG03-UNRESOLVED,ALL5_LEVELS_bet23_to_bet27,197.1324,197.1324,197.1324,262.8432,262.8432,3.000000,3.000000,3.000000,4.000000,4.000000,97.000000,97.000000,97.000000,96.000000,96.000000,5.0,1117.0836,1044.0169,5453.9962,5527.0629,PENDING_AG03,FALSE,NOT_FOR_ENFORCEMENT,6373.9474,57670.8367,6571.0798,6373.9474,197.1324,0.09776843,0.09483538,197.1324,6373.9474,0.09483538,197.1324,197.1324,197.1324,262.8432,262.8432,6373.9474,0.09483538,1117.0836,1044.0169,5453.9962,5527.0629,0.08114780,0.08223493,0.00293305,101.2209,89.5399,9.8962,193.2671,121.6867,1976.7838,19.5294,,101.2209,52.6635,92.9903,135.5164,181.6201,209.4076,259.4572,82.3273,0.0,2.251931,2.790155,1.08851,22,53,25,2,0E-8,0.09776843,,0E-8,0.000000,0.884599,0.000000,,2026-03-23,2026-06-07,34,54,53,77,0.441558,,,0.000000,,,,,,,,GLOBAL_BASELINE_NO_ENTITY_RANKING,,,NOT_APPLICABLE_GLOBAL_BASELINE,HF9g-P5,,,,X 全窗基线 · 不参与实体赏罚,14192740,1420,A168_HF9F_20260827_0900,2026-08-27 09:00:00
2026-06-07,132799106,2123,0,658.8320004113,262.5813253787,262.5813253787,0.6666667,13,13,0.50252602307692308,0.502526023077,1.1372142498870728,1.1372142498865407,1.1372142498870728,-7.692E-14,ELIGIBLE,R03b_20260811_FULL_v1,L1_ELIGIBILITY,v2026-08-11,2026-03-21..2026-08-06,baccarat_bet02_101_all_pairs_incl_sentinel,round_win = game_pnl > 0 (decisive only),COMPATIBILITY_ONLY_NOT_PRODUCTION,67210.6501,59454.4709,6571.0798,664,664,-0.09776843,,-0.09776843,-0.09776843,-6571.0798,67210.6501,OK,0.0000,197.1324,3.0000,97.0000,AG03-UNRESOLVED,ALL5_LEVELS_bet23_to_bet27,197.1324,197.1324,197.1324,262.8432,262.8432,3.000000,3.000000,3.000000,4.000000,4.000000,97.000000,97.000000,97.000000,96.000000,96.000000,5.0,1117.0836,1044.0169,5453.9962,5527.0629,PENDING_AG03,FALSE,NOT_FOR_ENFORCEMENT,6373.9474,57670.8367,6571.0798,6373.9474,197.1324,0.09776843,0.09483538,197.1324,6373.9474,0.09483538,197.1324,197.1324,197.1324,262.8432,262.8432,6373.9474,0.09483538,1117.0836,1044.0169,5453.9962,5527.0629,0.08114780,0.08223493,0.00293305,101.2209,89.5399,9.8962,193.2671,121.6867,1976.7838,19.5294,,101.2209,52.6635,92.9903,135.5164,181.6201,209.4076,259.4572,82.3273,0.0,2.251931,2.790155,1.08851,22,53,25,2,0E-8,0.09776843,,0E-8,0.000000,0.884599,0.000000,,2026-03-23,2026-06-07,34,54,53,77,0.441558,,,0.000000,,,,,,,,GLOBAL_BASELINE_NO_ENTITY_RANKING,,,NOT_APPLICABLE_GLOBAL_BASELINE,HF9g-P5,,,,X 全窗基线 · 不参与实体赏罚,14192741,1420,A168_HF9F_20260827_0900,2026-08-27 09:00:00
2026-06-25,152027585,-1,1,1661.7161373408,-415.4290343352,-400.4735890992,0.3333333,3,3,0.50218230000000000,0.502182300000,-0.5849155494134425,-0.5849155494134426,-0.5849155494134425,0E-17,SENTINEL_DEALER,R03b_20260811_FULL_v1,L1_ELIGIBILITY,v2026-08-11,2026-03-21..2026-08-06,baccarat_bet02_101_all_pairs_incl_sentinel,round_win = game_pnl > 0 (decisive only),COMPATIBILITY_ONLY_NOT_PRODUCTION,71617.8884,61024.4480,7287.8487,122,122,-0.10176017,,-0.10176017,-0.10942893,-7287.8487,71617.8884,OK,549.2200,364.3924,5.0000,95.0000,AG03-UNRESOLVED,ALL5_LEVELS_bet23_to_bet27,364.3924,364.3924,364.3924,364.3924,364.3924,5.000000,5.000000,5.000000,5.000000,5.000000,95.000000,95.000000,95.000000,95.000000,95.000000,5.0,1821.9622,1648.6503,4916.6665,5089.9784,PENDING_AG03,FALSE,NOT_FOR_ENFORCEMENT,6923.4563,57973.2256,6738.6287,6374.2362,-184.8276,0.09409142,0.08900341,364.3924,6374.2362,0.08900341,364.3924,364.3924,364.3924,364.3924,364.3924,6374.2362,0.08900341,1821.9622,1648.6503,4916.6665,5089.9784,0.06865137,0.07107133,-0.00258075,587.0319,500.2004,59.7365,3643.9244,158.4315,35808.9442,61.0000,,587.0319,623.1436,623.1436,623.1436,623.1436,623.1436,623.1436,623.1436,0.0,1.0,1.0,0.942049,20,32,1,2,0E-8,0.10176017,,0.00900000,0.900000,0.852084,0.024590,,2026-06-25,2026-06-26,2,46,29,2,1.000000,,,0.000000,,,,,,,,GLOBAL_BASELINE_NO_ENTITY_RANKING,,,NOT_APPLICABLE_GLOBAL_BASELINE,HF9g-P5,,,,X 全窗基线 · 不参与实体赏罚,14192742,1420,A168_HF9F_20260827_0900,2026-08-27 09:00:00
2026-06-25,152027585,1151,0,6439.1500321956,955.4867789709,1007.8308372969,0.5833333,13,13,0.49840134615384615,0.498401346154,0.588429075627785,0.5884290756267185,0.588429075627785,-1.5385E-13,ELIGIBLE,R03b_20260811_FULL_v1,L1_ELIGIBILITY,v2026-08-11,2026-03-21..2026-08-06,baccarat_bet02_101_all_pairs_incl_sentinel,round_win = game_pnl > 0 (decisive only),COMPATIBILITY_ONLY_NOT_PRODUCTION,71617.8884,61024.4480,7287.8487,122,122,-0.10176017,,-0.10176017,-0.10942893,-7287.8487,71617.8884,OK,549.2200,364.3924,5.0000,95.0000,AG03-UNRESOLVED,ALL5_LEVELS_bet23_to_bet27,364.3924,364.3924,364.3924,364.3924,364.3924,5.000000,5.000000,5.000000,5.000000,5.000000,95.000000,95.000000,95.000000,95.000000,95.000000,5.0,1821.9622,1648.6503,4916.6665,5089.9784,PENDING_AG03,FALSE,NOT_FOR_ENFORCEMENT,6923.4563,57973.2256,6738.6287,6374.2362,-184.8276,0.09409142,0.08900341,364.3924,6374.2362,0.08900341,364.3924,364.3924,364.3924,364.3924,364.3924,6374.2362,0.08900341,1821.9622,1648.6503,4916.6665,5089.9784,0.06865137,0.07107133,-0.00258075,587.0319,500.2004,59.7365,3643.9244,158.4315,35808.9442,61.0000,,587.0319,623.1436,623.1436,623.1436,623.1436,623.1436,623.1436,623.1436,0.0,1.0,1.0,0.942049,20,32,1,2,0E-8,0.10176017,,0.00900000,0.900000,0.852084,0.024590,,2026-06-25,2026-06-26,2,46,29,2,1.000000,,,0.000000,,,,,,,,GLOBAL_BASELINE_NO_ENTITY_RANKING,,,NOT_APPLICABLE_GLOBAL_BASELINE,HF9g-P5,,,,X 全窗基线 · 不参与实体赏罚,14192743,1420,A168_HF9F_20260827_0900,2026-08-27 09:00:00
2026-06-25,152027585,1363,0,1246.2871030056,-623.1435515028,-617.5352595393,0E-7,2,2,0.49994810000000000,0.499948100000,-0.9998962053866608,-0.9998962053866608,-0.9998962053866608,0E-17,ELIGIBLE,R03b_20260811_FULL_v1,L1_ELIGIBILITY,v2026-08-11,2026-03-21..2026-08-06,baccarat_bet02_101_all_pairs_incl_sentinel,round_win = game_pnl > 0 (decisive only),COMPATIBILITY_ONLY_NOT_PRODUCTION,71617.8884,61024.4480,7287.8487,122,122,-0.10176017,,-0.10176017,-0.10942893,-7287.8487,71617.8884,OK,549.2200,364.3924,5.0000,95.0000,AG03-UNRESOLVED,ALL5_LEVELS_bet23_to_bet27,364.3924,364.3924,364.3924,364.3924,364.3924,5.000000,5.000000,5.000000,5.000000,5.000000,95.000000,95.000000,95.000000,95.000000,95.000000,5.0,1821.9622,1648.6503,4916.6665,5089.9784,PENDING_AG03,FALSE,NOT_FOR_ENFORCEMENT,6923.4563,57973.2256,6738.6287,6374.2362,-184.8276,0.09409142,0.08900341,364.3924,6374.2362,0.08900341,364.3924,364.3924,364.3924,364.3924,364.3924,6374.2362,0.08900341,1821.9622,1648.6503,4916.6665,5089.9784,0.06865137,0.07107133,-0.00258075,587.0319,500.2004,59.7365,3643.9244,158.4315,35808.9442,61.0000,,587.0319,623.1436,623.1436,623.1436,623.1436,623.1436,623.1436,623.1436,0.0,1.0,1.0,0.942049,20,32,1,2,0E-8,0.10176017,,0.00900000,0.900000,0.852084,0.024590,,2026-06-25,2026-06-26,2,46,29,2,1.000000,,,0.000000,,,,,,,,GLOBAL_BASELINE_NO_ENTITY_RANKING,,,NOT_APPLICABLE_GLOBAL_BASELINE,HF9g-P5,,,,X 全窗基线 · 不参与实体赏罚,14192744,1420,A168_HF9F_20260827_0900,2026-08-27 09:00:00
2026-06-25,152027585,2117,0,1246.2871030056,-31.1571775751,-19.9405936481,0.5000000,2,2,0.50665070000000000,0.506650700000,-0.018812684590367487,-0.018812684590367487,-0.018812684590367487,0E-17,ELIGIBLE,R03b_20260811_FULL_v1,L1_ELIGIBILITY,v2026-08-11,2026-03-21..2026-08-06,baccarat_bet02_101_all_pairs_incl_sentinel,round_win = game_pnl > 0 (decisive only),COMPATIBILITY_ONLY_NOT_PRODUCTION,71617.8884,61024.4480,7287.8487,122,122,-0.10176017,,-0.10176017,-0.10942893,-7287.8487,71617.8884,OK,549.2200,364.3924,5.0000,95.0000,AG03-UNRESOLVED,ALL5_LEVELS_bet23_to_bet27,364.3924,364.3924,364.3924,364.3924,364.3924,5.000000,5.000000,5.000000,5.000000,5.000000,95.000000,95.000000,95.000000,95.000000,95.000000,5.0,1821.9622,1648.6503,4916.6665,5089.9784,PENDING_AG03,FALSE,NOT_FOR_ENFORCEMENT,6923.4563,57973.2256,6738.6287,6374.2362,-184.8276,0.09409142,0.08900341,364.3924,6374.2362,0.08900341,364.3924,364.3924,364.3924,364.3924,364.3924,6374.2362,0.08900341,1821.9622,1648.6503,4916.6665,5089.9784,0.06865137,0.07107133,-0.00258075,587.0319,500.2004,59.7365,3643.9244,158.4315,35808.9442,61.0000,,587.0319,623.1436,623.1436,623.1436,623.1436,623.1436,623.1436,623.1436,0.0,1.0,1.0,0.942049,20,32,1,2,0E-8,0.10176017,,0.00900000,0.900000,0.852084,0.024590,,2026-06-25,2026-06-26,2,46,29,2,1.000000,,,0.000000,,,,,,,,GLOBAL_BASELINE_NO_ENTITY_RANKING,,,NOT_APPLICABLE_GLOBAL_BASELINE,HF9g-P5,,,,X 全窗基线 · 不参与实体赏罚,14192745,1420,A168_HF9F_20260827_0900,2026-08-27 09:00:00
2026-06-25,152027585,2127,0,2700.2887231788,-238.8716947427,-214.5690962342,0.4000000,5,5,0.49860758000000000,0.498607580000,-0.440988213962219,-0.440988213962219,-0.440988213962219,0E-17,ELIGIBLE,R03b_20260811_FULL_v1,L1_ELIGIBILITY,v2026-08-11,2026-03-21..2026-08-06,baccarat_bet02_101_all_pairs_incl_sentinel,round_win = game_pnl > 0 (decisive only),COMPATIBILITY_ONLY_NOT_PRODUCTION,71617.8884,61024.4480,7287.8487,122,122,-0.10176017,,-0.10176017,-0.10942893,-7287.8487,71617.8884,OK,549.2200,364.3924,5.0000,95.0000,AG03-UNRESOLVED,ALL5_LEVELS_bet23_to_bet27,364.3924,364.3924,364.3924,364.3924,364.3924,5.000000,5.000000,5.000000,5.000000,5.000000,95.000000,95.000000,95.000000,95.000000,95.000000,5.0,1821.9622,1648.6503,4916.6665,5089.9784,PENDING_AG03,FALSE,NOT_FOR_ENFORCEMENT,6923.4563,57973.2256,6738.6287,6374.2362,-184.8276,0.09409142,0.08900341,364.3924,6374.2362,0.08900341,364.3924,364.3924,364.3924,364.3924,364.3924,6374.2362,0.08900341,1821.9622,1648.6503,4916.6665,5089.9784,0.06865137,0.07107133,-0.00258075,587.0319,500.2004,59.7365,3643.9244,158.4315,35808.9442,61.0000,,587.0319,623.1436,623.1436,623.1436,623.1436,623.1436,623.1436,623.1436,0.0,1.0,1.0,0.942049,20,32,1,2,0E-8,0.10176017,,0.00900000,0.900000,0.852084,0.024590,,2026-06-25,2026-06-26,2,46,29,2,1.000000,,,0.000000,,,,,,,,GLOBAL_BASELINE_NO_ENTITY_RANKING,,,NOT_APPLICABLE_GLOBAL_BASELINE,HF9g-P5,,,,X 全窗基线 · 不参与实体赏罚,14192746,1420,A168_HF9F_20260827_0900,2026-08-27 09:00:00
2026-06-25,152027585,2130,0,623.1435515028,0E-10,0E-10,,1,1,0.50665070000000000,0.506650700000,,,,0E-17,NO_DECISIVE_ROUND,R03b_20260811_FULL_v1,L1_ELIGIBILITY,v2026-08-11,2026-03-21..2026-08-06,baccarat_bet02_101_all_pairs_incl_sentinel,round_win = game_pnl > 0 (decisive only),COMPATIBILITY_ONLY_NOT_PRODUCTION,71617.8884,61024.4480,7287.8487,122,122,-0.10176017,,-0.10176017,-0.10942893,-7287.8487,71617.8884,OK,549.2200,364.3924,5.0000,95.0000,AG03-UNRESOLVED,ALL5_LEVELS_bet23_to_bet27,364.3924,364.3924,364.3924,364.3924,364.3924,5.000000,5.000000,5.000000,5.000000,5.000000,95.000000,95.000000,95.000000,95.000000,95.000000,5.0,1821.9622,1648.6503,4916.6665,5089.9784,PENDING_AG03,FALSE,NOT_FOR_ENFORCEMENT,6923.4563,57973.2256,6738.6287,6374.2362,-184.8276,0.09409142,0.08900341,364.3924,6374.2362,0.08900341,364.3924,364.3924,364.3924,364.3924,364.3924,6374.2362,0.08900341,1821.9622,1648.6503,4916.6665,5089.9784,0.06865137,0.07107133,-0.00258075,587.0319,500.2004,59.7365,3643.9244,158.4315,35808.9442,61.0000,,587.0319,623.1436,623.1436,623.1436,623.1436,623.1436,623.1436,623.1436,0.0,1.0,1.0,0.942049,20,32,1,2,0E-8,0.10176017,,0.00900000,0.900000,0.852084,0.024590,,2026-06-25,2026-06-26,2,46,29,2,1.000000,,,0.000000,,,,,,,,GLOBAL_BASELINE_NO_ENTITY_RANKING,,,NOT_APPLICABLE_GLOBAL_BASELINE,HF9g-P5,,,,X 全窗基线 · 不参与实体赏罚,14192747,1420,A168_HF9F_20260827_0900,2026-08-27 09:00:00
2026-06-25,152027585,2216,0,623.1435515028,0E-10,0E-10,,1,1,0.50665070000000000,0.506650700000,,,,0E-17,NO_DECISIVE_ROUND,R03b_20260811_FULL_v1,L1_ELIGIBILITY,v2026-08-11,2026-03-21..2026-08-06,baccarat_bet02_101_all_pairs_incl_sentinel,round_win = game_pnl > 0 (decisive only),COMPATIBILITY_ONLY_NOT_PRODUCTION,71617.8884,61024.4480,7287.8487,122,122,-0.10176017,,-0.10176017,-0.10942893,-7287.8487,71617.8884,OK,549.2200,364.3924,5.0000,95.0000,AG03-UNRESOLVED,ALL5_LEVELS_bet23_to_bet27,364.3924,364.3924,364.3924,364.3924,364.3924,5.000000,5.000000,5.000000,5.000000,5.000000,95.000000,95.000000,95.000000,95.000000,95.000000,5.0,1821.9622,1648.6503,4916.6665,5089.9784,PENDING_AG03,FALSE,NOT_FOR_ENFORCEMENT,6923.4563,57973.2256,6738.6287,6374.2362,-184.8276,0.09409142,0.08900341,364.3924,6374.2362,0.08900341,364.3924,364.3924,364.3924,364.3924,364.3924,6374.2362,0.08900341,1821.9622,1648.6503,4916.6665,5089.9784,0.06865137,0.07107133,-0.00258075,587.0319,500.2004,59.7365,3643.9244,158.4315,35808.9442,61.0000,,587.0319,623.1436,623.1436,623.1436,623.1436,623.1436,623.1436,623.1436,0.0,1.0,1.0,0.942049,20,32,1,2,0E-8,0.10176017,,0.00900000,0.900000,0.852084,0.024590,,2026-06-25,2026-06-26,2,46,29,2,1.000000,,,0.000000,,,,,,,,GLOBAL_BASELINE_NO_ENTITY_RANKING,,,NOT_APPLICABLE_GLOBAL_BASELINE,HF9g-P5,,,,X 全窗基线 · 不参与实体赏罚,14192748,1420,A168_HF9F_20260827_0900,2026-08-27 09:00:00
2026-06-25,152027585,2250,0,623.1435515028,0E-10,0E-10,,1,1,0.50665070000000000,0.506650700000,,,,0E-17,NO_DECISIVE_ROUND,R03b_20260811_FULL_v1,L1_ELIGIBILITY,v2026-08-11,2026-03-21..2026-08-06,baccarat_bet02_101_all_pairs_incl_sentinel,round_win = game_pnl > 0 (decisive only),COMPATIBILITY_ONLY_NOT_PRODUCTION,71617.8884,61024.4480,7287.8487,122,122,-0.10176017,,-0.10176017,-0.10942893,-7287.8487,71617.8884,OK,549.2200,364.3924,5.0000,95.0000,AG03-UNRESOLVED,ALL5_LEVELS_bet23_to_bet27,364.3924,364.3924,364.3924,364.3924,364.3924,5.000000,5.000000,5.000000,5.000000,5.000000,95.000000,95.000000,95.000000,95.000000,95.000000,5.0,1821.9622,1648.6503,4916.6665,5089.9784,PENDING_AG03,FALSE,NOT_FOR_ENFORCEMENT,6923.4563,57973.2256,6738.6287,6374.2362,-184.8276,0.09409142,0.08900341,364.3924,6374.2362,0.08900341,364.3924,364.3924,364.3924,364.3924,364.3924,6374.2362,0.08900341,1821.9622,1648.6503,4916.6665,5089.9784,0.06865137,0.07107133,-0.00258075,587.0319,500.2004,59.7365,3643.9244,158.4315,35808.9442,61.0000,,587.0319,623.1436,623.1436,623.1436,623.1436,623.1436,623.1436,623.1436,0.0,1.0,1.0,0.942049,20,32,1,2,0E-8,0.10176017,,0.00900000,0.900000,0.852084,0.024590,,2026-06-25,2026-06-26,2,46,29,2,1.000000,,,0.000000,,,,,,,,GLOBAL_BASELINE_NO_ENTITY_RANKING,,,NOT_APPLICABLE_GLOBAL_BASELINE,HF9g-P5,,,,X 全窗基线 · 不参与实体赏罚,14192749,1420,A168_HF9F_20260827_0900,2026-08-27 09:00:00
2026-06-25,152027585,2252,0,421.6604698503,421.6604698503,425.4554140789,1.0000000,2,2,0.49324550000000000,0.493245500000,1.4334489766152358,1.4334489766152358,1.4334489766152358,0E-17,ELIGIBLE,R03b_20260811_FULL_v1,L1_ELIGIBILITY,v2026-08-11,2026-03-21..2026-08-06,baccarat_bet02_101_all_pairs_incl_sentinel,round_win = game_pnl > 0 (decisive only),COMPATIBILITY_ONLY_NOT_PRODUCTION,71617.8884,61024.4480,7287.8487,122,122,-0.10176017,,-0.10176017,-0.10942893,-7287.8487,71617.8884,OK,549.2200,364.3924,5.0000,95.0000,AG03-UNRESOLVED,ALL5_LEVELS_bet23_to_bet27,364.3924,364.3924,364.3924,364.3924,364.3924,5.000000,5.000000,5.000000,5.000000,5.000000,95.000000,95.000000,95.000000,95.000000,95.000000,5.0,1821.9622,1648.6503,4916.6665,5089.9784,PENDING_AG03,FALSE,NOT_FOR_ENFORCEMENT,6923.4563,57973.2256,6738.6287,6374.2362,-184.8276,0.09409142,0.08900341,364.3924,6374.2362,0.08900341,364.3924,364.3924,364.3924,364.3924,364.3924,6374.2362,0.08900341,1821.9622,1648.6503,4916.6665,5089.9784,0.06865137,0.07107133,-0.00258075,587.0319,500.2004,59.7365,3643.9244,158.4315,35808.9442,61.0000,,587.0319,623.1436,623.1436,623.1436,623.1436,623.1436,623.1436,623.1436,0.0,1.0,1.0,0.942049,20,32,1,2,0E-8,0.10176017,,0.00900000,0.900000,0.852084,0.024590,,2026-06-25,2026-06-26,2,46,29,2,1.000000,,,0.000000,,,,,,,,GLOBAL_BASELINE_NO_ENTITY_RANKING,,,NOT_APPLICABLE_GLOBAL_BASELINE,HF9g-P5,,,,X 全窗基线 · 不参与实体赏罚,14192750,1420,A168_HF9F_20260827_0900,2026-08-27 09:00:00
2026-06-25,152027585,2256,0,415.4290343352,-415.4290343352,-411.6901730262,0E-7,1,1,0.50665070000000000,0.506650700000,-1.013391052207602,-1.013391052207602,-1.013391052207602,0E-17,ELIGIBLE,R03b_20260811_FULL_v1,L1_ELIGIBILITY,v2026-08-11,2026-03-21..2026-08-06,baccarat_bet02_101_all_pairs_incl_sentinel,round_win = game_pnl > 0 (decisive only),COMPATIBILITY_ONLY_NOT_PRODUCTION,71617.8884,61024.4480,7287.8487,122,122,-0.10176017,,-0.10176017,-0.10942893,-7287.8487,71617.8884,OK,549.2200,364.3924,5.0000,95.0000,AG03-UNRESOLVED,ALL5_LEVELS_bet23_to_bet27,364.3924,364.3924,364.3924,364.3924,364.3924,5.000000,5.000000,5.000000,5.000000,5.000000,95.000000,95.000000,95.000000,95.000000,95.000000,5.0,1821.9622,1648.6503,4916.6665,5089.9784,PENDING_AG03,FALSE,NOT_FOR_ENFORCEMENT,6923.4563,57973.2256,6738.6287,6374.2362,-184.8276,0.09409142,0.08900341,364.3924,6374.2362,0.08900341,364.3924,364.3924,364.3924,364.3924,364.3924,6374.2362,0.08900341,1821.9622,1648.6503,4916.6665,5089.9784,0.06865137,0.07107133,-0.00258075,587.0319,500.2004,59.7365,3643.9244,158.4315,35808.9442,61.0000,,587.0319,623.1436,623.1436,623.1436,623.1436,623.1436,623.1436,623.1436,0.0,1.0,1.0,0.942049,20,32,1,2,0E-8,0.10176017,,0.00900000,0.900000,0.852084,0.024590,,2026-06-25,2026-06-26,2,46,29,2,1.000000,,,0.000000,,,,,,,,GLOBAL_BASELINE_NO_ENTITY_RANKING,,,NOT_APPLICABLE_GLOBAL_BASELINE,HF9g-P5,,,,X 全窗基线 · 不参与实体赏罚,14192751,1420,A168_HF9F_20260827_0900,2026-08-27 09:00:00
2026-06-25,152027585,789,0,623.1435515028,0E-10,0E-10,,1,1,0.50665070000000000,0.506650700000,,,,0E-17,NO_DECISIVE_ROUND,R03b_20260811_FULL_v1,L1_ELIGIBILITY,v2026-08-11,2026-03-21..2026-08-06,baccarat_bet02_101_all_pairs_incl_sentinel,round_win = game_pnl > 0 (decisive only),COMPATIBILITY_ONLY_NOT_PRODUCTION,71617.8884,61024.4480,7287.8487,122,122,-0.10176017,,-0.10176017,-0.10942893,-7287.8487,71617.8884,OK,549.2200,364.3924,5.0000,95.0000,AG03-UNRESOLVED,ALL5_LEVELS_bet23_to_bet27,364.3924,364.3924,364.3924,364.3924,364.3924,5.000000,5.000000,5.000000,5.000000,5.000000,95.000000,95.000000,95.000000,95.000000,95.000000,5.0,1821.9622,1648.6503,4916.6665,5089.9784,PENDING_AG03,FALSE,NOT_FOR_ENFORCEMENT,6923.4563,57973.2256,6738.6287,6374.2362,-184.8276,0.09409142,0.08900341,364.3924,6374.2362,0.08900341,364.3924,364.3924,364.3924,364.3924,364.3924,6374.2362,0.08900341,1821.9622,1648.6503,4916.6665,5089.9784,0.06865137,0.07107133,-0.00258075,587.0319,500.2004,59.7365,3643.9244,158.4315,35808.9442,61.0000,,587.0319,623.1436,623.1436,623.1436,623.1436,623.1436,623.1436,623.1436,0.0,1.0,1.0,0.942049,20,32,1,2,0E-8,0.10176017,,0.00900000,0.900000,0.852084,0.024590,,2026-06-25,2026-06-26,2,46,29,2,1.000000,,,0.000000,,,,,,,,GLOBAL_BASELINE_NO_ENTITY_RANKING,,,NOT_APPLICABLE_GLOBAL_BASELINE,HF9g-P5,,,,X 全窗基线 · 不参与实体赏罚,14192752,1420,A168_HF9F_20260827_0900,2026-08-27 09:00:00
2026-06-26,152027585,-1,1,2492.5742060112,-654.3007290779,-637.4758531874,0.3333333,4,4,0.50329940000000000,0.503299400000,-0.5887925454369916,-0.5887925454369916,-0.5887925454369916,0E-17,SENTINEL_DEALER,R03b_20260811_FULL_v1,L1_ELIGIBILITY,v2026-08-11,2026-03-21..2026-08-06,baccarat_bet02_101_all_pairs_incl_sentinel,round_win = game_pnl > 0 (decisive only),COMPATIBILITY_ONLY_NOT_PRODUCTION,71617.8884,61024.4480,7287.8487,122,122,-0.10176017,,-0.10176017,-0.10942893,-7287.8487,71617.8884,OK,549.2200,364.3924,5.0000,95.0000,AG03-UNRESOLVED,ALL5_LEVELS_bet23_to_bet27,364.3924,364.3924,364.3924,364.3924,364.3924,5.000000,5.000000,5.000000,5.000000,5.000000,95.000000,95.000000,95.000000,95.000000,95.000000,5.0,1821.9622,1648.6503,4916.6665,5089.9784,PENDING_AG03,FALSE,NOT_FOR_ENFORCEMENT,6923.4563,57973.2256,6738.6287,6374.2362,-184.8276,0.09409142,0.08900341,364.3924,6374.2362,0.08900341,364.3924,364.3924,364.3924,364.3924,364.3924,6374.2362,0.08900341,1821.9622,1648.6503,4916.6665,5089.9784,0.06865137,0.07107133,-0.00258075,587.0319,500.2004,59.7365,3643.9244,158.4315,35808.9442,61.0000,,587.0319,623.1436,623.1436,623.1436,623.1436,623.1436,623.1436,623.1436,0.0,1.0,1.0,0.942049,20,32,1,2,0E-8,0.10176017,,0.00900000,0.900000,0.852084,0.024590,,2026-06-25,2026-06-26,2,46,29,2,1.000000,,,0.000000,,,,,,,,GLOBAL_BASELINE_NO_ENTITY_RANKING,,,NOT_APPLICABLE_GLOBAL_BASELINE,HF9g-P5,,,,X 全窗基线 · 不参与实体赏罚,14192753,1420,A168_HF9F_20260827_0900,2026-08-27 09:00:00
2026-06-26,152027585,1148,0,1246.2871030056,-1246.2871030056,-1235.0705190786,0E-7,2,2,0.49994810000000000,0.499948100000,-1.4140667746232096,-1.4140667746232096,-1.4140667746232096,0E-17,ELIGIBLE,R03b_20260811_FULL_v1,L1_ELIGIBILITY,v2026-08-11,2026-03-21..2026-08-06,baccarat_bet02_101_all_pairs_incl_sentinel,round_win = game_pnl > 0 (decisive only),COMPATIBILITY_ONLY_NOT_PRODUCTION,71617.8884,61024.4480,7287.8487,122,122,-0.10176017,,-0.10176017,-0.10942893,-7287.8487,71617.8884,OK,549.2200,364.3924,5.0000,95.0000,AG03-UNRESOLVED,ALL5_LEVELS_bet23_to_bet27,364.3924,364.3924,364.3924,364.3924,364.3924,5.000000,5.000000,5.000000,5.000000,5.000000,95.000000,95.000000,95.000000,95.000000,95.000000,5.0,1821.9622,1648.6503,4916.6665,5089.9784,PENDING_AG03,FALSE,NOT_FOR_ENFORCEMENT,6923.4563,57973.2256,6738.6287,6374.2362,-184.8276,0.09409142,0.08900341,364.3924,6374.2362,0.08900341,364.3924,364.3924,364.3924,364.3924,364.3924,6374.2362,0.08900341,1821.9622,1648.6503,4916.6665,5089.9784,0.06865137,0.07107133,-0.00258075,587.0319,500.2004,59.7365,3643.9244,158.4315,35808.9442,61.0000,,587.0319,623.1436,623.1436,623.1436,623.1436,623.1436,623.1436,623.1436,0.0,1.0,1.0,0.942049,20,32,1,2,0E-8,0.10176017,,0.00900000,0.900000,0.852084,0.024590,,2026-06-25,2026-06-26,2,46,29,2,1.000000,,,0.000000,,,,,,,,GLOBAL_BASELINE_NO_ENTITY_RANKING,,,NOT_APPLICABLE_GLOBAL_BASELINE,HF9g-P5,,,,X 全窗基线 · 不参与实体赏罚,14192754,1420,A168_HF9F_20260827_0900,2026-08-27 09:00:00
2026-06-26,152027585,1151,0,623.1435515028,623.1435515028,628.7518434663,1.0000000,1,1,0.49324550000000000,0.493245500000,1.01360149184955,1.01360149184955,1.01360149184955,0E-17,ELIGIBLE,R03b_20260811_FULL_v1,L1_ELIGIBILITY,v2026-08-11,2026-03-21..2026-08-06,baccarat_bet02_101_all_pairs_incl_sentinel,round_win = game_pnl > 0 (decisive only),COMPATIBILITY_ONLY_NOT_PRODUCTION,71617.8884,61024.4480,7287.8487,122,122,-0.10176017,,-0.10176017,-0.10942893,-7287.8487,71617.8884,OK,549.2200,364.3924,5.0000,95.0000,AG03-UNRESOLVED,ALL5_LEVELS_bet23_to_bet27,364.3924,364.3924,364.3924,364.3924,364.3924,5.000000,5.000000,5.000000,5.000000,5.000000,95.000000,95.000000,95.000000,95.000000,95.000000,5.0,1821.9622,1648.6503,4916.6665,5089.9784,PENDING_AG03,FALSE,NOT_FOR_ENFORCEMENT,6923.4563,57973.2256,6738.6287,6374.2362,-184.8276,0.09409142,0.08900341,364.3924,6374.2362,0.08900341,364.3924,364.3924,364.3924,364.3924,364.3924,6374.2362,0.08900341,1821.9622,1648.6503,4916.6665,5089.9784,0.06865137,0.07107133,-0.00258075,587.0319,500.2004,59.7365,3643.9244,158.4315,35808.9442,61.0000,,587.0319,623.1436,623.1436,623.1436,623.1436,623.1436,623.1436,623.1436,0.0,1.0,1.0,0.942049,20,32,1,2,0E-8,0.10176017,,0.00900000,0.900000,0.852084,0.024590,,2026-06-25,2026-06-26,2,46,29,2,1.000000,,,0.000000,,,,,,,,GLOBAL_BASELINE_NO_ENTITY_RANKING,,,NOT_APPLICABLE_GLOBAL_BASELINE,HF9g-P5,,,,X 全窗基线 · 不参与实体赏罚,14192755,1420,A168_HF9F_20260827_0900,2026-08-27 09:00:00
2026-06-26,152027585,1304,0,1869.4306545084,591.9863739277,608.8112498182,0.6666667,3,3,0.50218230000000000,0.502182300000,0.5697959874915163,0.5697959874915164,0.5697959874915163,0E-17,ELIGIBLE,R03b_20260811_FULL_v1,L1_ELIGIBILITY,v2026-08-11,2026-03-21..2026-08-06,baccarat_bet02_101_all_pairs_incl_sentinel,round_win = game_pnl > 0 (decisive only),COMPATIBILITY_ONLY_NOT_PRODUCTION,71617.8884,61024.4480,7287.8487,122,122,-0.10176017,,-0.10176017,-0.10942893,-7287.8487,71617.8884,OK,549.2200,364.3924,5.0000,95.0000,AG03-UNRESOLVED,ALL5_LEVELS_bet23_to_bet27,364.3924,364.3924,364.3924,364.3924,364.3924,5.000000,5.000000,5.000000,5.000000,5.000000,95.000000,95.000000,95.000000,95.000000,95.000000,5.0,1821.9622,1648.6503,4916.6665,5089.9784,PENDING_AG03,FALSE,NOT_FOR_ENFORCEMENT,6923.4563,57973.2256,6738.6287,6374.2362,-184.8276,0.09409142,0.08900341,364.3924,6374.2362,0.08900341,364.3924,364.3924,364.3924,364.3924,364.3924,6374.2362,0.08900341,1821.9622,1648.6503,4916.6665,5089.9784,0.06865137,0.07107133,-0.00258075,587.0319,500.2004,59.7365,3643.9244,158.4315,35808.9442,61.0000,,587.0319,623.1436,623.1436,623.1436,623.1436,623.1436,623.1436,623.1436,0.0,1.0,1.0,0.942049,20,32,1,2,0E-8,0.10176017,,0.00900000,0.900000,0.852084,0.024590,,2026-06-25,2026-06-26,2,46,29,2,1.000000,,,0.000000,,,,,,,,GLOBAL_BASELINE_NO_ENTITY_RANKING,,,NOT_APPLICABLE_GLOBAL_BASELINE,HF9g-P5,,,,X 全窗基线 · 不参与实体赏罚,14192756,1420,A168_HF9F_20260827_0900,2026-08-27 09:00:00
2026-06-26,152027585,1353,0,2492.5742060112,-623.1435515028,-606.3186756123,0.3333333,4,4,0.49659680000000000,0.496596800000,-0.5655743394288276,-0.5655743394288276,-0.5655743394288276,0E-17,ELIGIBLE,R03b_20260811_FULL_v1,L1_ELIGIBILITY,v2026-08-11,2026-03-21..2026-08-06,baccarat_bet02_101_all_pairs_incl_sentinel,round_win = game_pnl > 0 (decisive only),COMPATIBILITY_ONLY_NOT_PRODUCTION,71617.8884,61024.4480,7287.8487,122,122,-0.10176017,,-0.10176017,-0.10942893,-7287.8487,71617.8884,OK,549.2200,364.3924,5.0000,95.0000,AG03-UNRESOLVED,ALL5_LEVELS_bet23_to_bet27,364.3924,364.3924,364.3924,364.3924,364.3924,5.000000,5.000000,5.000000,5.000000,5.000000,95.000000,95.000000,95.000000,95.000000,95.000000,5.0,1821.9622,1648.6503,4916.6665,5089.9784,PENDING_AG03,FALSE,NOT_FOR_ENFORCEMENT,6923.4563,57973.2256,6738.6287,6374.2362,-184.8276,0.09409142,0.08900341,364.3924,6374.2362,0.08900341,364.3924,364.3924,364.3924,364.3924,364.3924,6374.2362,0.08900341,1821.9622,1648.6503,4916.6665,5089.9784,0.06865137,0.07107133,-0.00258075,587.0319,500.2004,59.7365,3643.9244,158.4315,35808.9442,61.0000,,587.0319,623.1436,623.1436,623.1436,623.1436,623.1436,623.1436,623.1436,0.0,1.0,1.0,0.942049,20,32,1,2,0E-8,0.10176017,,0.00900000,0.900000,0.852084,0.024590,,2026-06-25,2026-06-26,2,46,29,2,1.000000,,,0.000000,,,,,,,,GLOBAL_BASELINE_NO_ENTITY_RANKING,,,NOT_APPLICABLE_GLOBAL_BASELINE,HF9g-P5,,,,X 全窗基线 · 不参与实体赏罚,14192757,1420,A168_HF9F_20260827_0900,2026-08-27 09:00:00
2026-06-26,152027585,1382,0,623.1435515028,591.9863739277,597.5946658912,1.0000000,1,1,0.50665070000000000,0.506650700000,0.9867858985152569,0.9867858985152569,0.9867858985152569,0E-17,ELIGIBLE,R03b_20260811_FULL_v1,L1_ELIGIBILITY,v2026-08-11,2026-03-21..2026-08-06,baccarat_bet02_101_all_pairs_incl_sentinel,round_win = game_pnl > 0 (decisive only),COMPATIBILITY_ONLY_NOT_PRODUCTION,71617.8884,61024.4480,7287.8487,122,122,-0.10176017,,-0.10176017,-0.10942893,-7287.8487,71617.8884,OK,549.2200,364.3924,5.0000,95.0000,AG03-UNRESOLVED,ALL5_LEVELS_bet23_to_bet27,364.3924,364.3924,364.3924,364.3924,364.3924,5.000000,5.000000,5.000000,5.000000,5.000000,95.000000,95.000000,95.000000,95.000000,95.000000,5.0,1821.9622,1648.6503,4916.6665,5089.9784,PENDING_AG03,FALSE,NOT_FOR_ENFORCEMENT,6923.4563,57973.2256,6738.6287,6374.2362,-184.8276,0.09409142,0.08900341,364.3924,6374.2362,0.08900341,364.3924,364.3924,364.3924,364.3924,364.3924,6374.2362,0.08900341,1821.9622,1648.6503,4916.6665,5089.9784,0.06865137,0.07107133,-0.00258075,587.0319,500.2004,59.7365,3643.9244,158.4315,35808.9442,61.0000,,587.0319,623.1436,623.1436,623.1436,623.1436,623.1436,623.1436,623.1436,0.0,1.0,1.0,0.942049,20,32,1,2,0E-8,0.10176017,,0.00900000,0.900000,0.852084,0.024590,,2026-06-25,2026-06-26,2,46,29,2,1.000000,,,0.000000,,,,,,,,GLOBAL_BASELINE_NO_ENTITY_RANKING,,,NOT_APPLICABLE_GLOBAL_BASELINE,HF9g-P5,,,,X 全窗基线 · 不参与实体赏罚,14192758,1420,A168_HF9F_20260827_0900,2026-08-27 09:00:00
2026-06-26,152027585,1509,0,1869.4306545084,-623.1435515028,-606.3186756123,0.3333333,3,3,0.50218230000000000,0.502182300000,-0.5849155494134425,-0.5849155494134426,-0.5849155494134425,0E-17,ELIGIBLE,R03b_20260811_FULL_v1,L1_ELIGIBILITY,v2026-08-11,2026-03-21..2026-08-06,baccarat_bet02_101_all_pairs_incl_sentinel,round_win = game_pnl > 0 (decisive only),COMPATIBILITY_ONLY_NOT_PRODUCTION,71617.8884,61024.4480,7287.8487,122,122,-0.10176017,,-0.10176017,-0.10942893,-7287.8487,71617.8884,OK,549.2200,364.3924,5.0000,95.0000,AG03-UNRESOLVED,ALL5_LEVELS_bet23_to_bet27,364.3924,364.3924,364.3924,364.3924,364.3924,5.000000,5.000000,5.000000,5.000000,5.000000,95.000000,95.000000,95.000000,95.000000,95.000000,5.0,1821.9622,1648.6503,4916.6665,5089.9784,PENDING_AG03,FALSE,NOT_FOR_ENFORCEMENT,6923.4563,57973.2256,6738.6287,6374.2362,-184.8276,0.09409142,0.08900341,364.3924,6374.2362,0.08900341,364.3924,364.3924,364.3924,364.3924,364.3924,6374.2362,0.08900341,1821.9622,1648.6503,4916.6665,5089.9784,0.06865137,0.07107133,-0.00258075,587.0319,500.2004,59.7365,3643.9244,158.4315,35808.9442,61.0000,,587.0319,623.1436,623.1436,623.1436,623.1436,623.1436,623.1436,623.1436,0.0,1.0,1.0,0.942049,20,32,1,2,0E-8,0.10176017,,0.00900000,0.900000,0.852084,0.024590,,2026-06-25,2026-06-26,2,46,29,2,1.000000,,,0.000000,,,,,,,,GLOBAL_BASELINE_NO_ENTITY_RANKING,,,NOT_APPLICABLE_GLOBAL_BASELINE,HF9g-P5,,,,X 全窗基线 · 不参与实体赏罚,14192759,1420,A168_HF9F_20260827_0900,2026-08-27 09:00:00
2026-06-26,152027585,1654,0,4985.1484120224,-62.3143551502,-17.4480194422,0.5000000,8,8,0.49827245000000000,0.498272450000,0.009772556889889069,0.009772556889889069,0.009772556889889069,0E-17,ELIGIBLE,R03b_20260811_FULL_v1,L1_ELIGIBILITY,v2026-08-11,2026-03-21..2026-08-06,baccarat_bet02_101_all_pairs_incl_sentinel,round_win = game_pnl > 0 (decisive only),COMPATIBILITY_ONLY_NOT_PRODUCTION,71617.8884,61024.4480,7287.8487,122,122,-0.10176017,,-0.10176017,-0.10942893,-7287.8487,71617.8884,OK,549.2200,364.3924,5.0000,95.0000,AG03-UNRESOLVED,ALL5_LEVELS_bet23_to_bet27,364.3924,364.3924,364.3924,364.3924,364.3924,5.000000,5.000000,5.000000,5.000000,5.000000,95.000000,95.000000,95.000000,95.000000,95.000000,5.0,1821.9622,1648.6503,4916.6665,5089.9784,PENDING_AG03,FALSE,NOT_FOR_ENFORCEMENT,6923.4563,57973.2256,6738.6287,6374.2362,-184.8276,0.09409142,0.08900341,364.3924,6374.2362,0.08900341,364.3924,364.3924,364.3924,364.3924,364.3924,6374.2362,0.08900341,1821.9622,1648.6503,4916.6665,5089.9784,0.06865137,0.07107133,-0.00258075,587.0319,500.2004,59.7365,3643.9244,158.4315,35808.9442,61.0000,,587.0319,623.1436,623.1436,623.1436,623.1436,623.1436,623.1436,623.1436,0.0,1.0,1.0,0.942049,20,32,1,2,0E-8,0.10176017,,0.00900000,0.900000,0.852084,0.024590,,2026-06-25,2026-06-26,2,46,29,2,1.000000,,,0.000000,,,,,,,,GLOBAL_BASELINE_NO_ENTITY_RANKING,,,NOT_APPLICABLE_GLOBAL_BASELINE,HF9g-P5,,,,X 全窗基线 · 不参与实体赏罚,14192760,1420,A168_HF9F_20260827_0900,2026-08-27 09:00:00
2026-06-26,152027585,1704,0,1246.2871030056,-623.1435515028,-617.5352595393,0E-7,2,2,0.49994810000000000,0.499948100000,-0.9998962053866608,-0.9998962053866608,-0.9998962053866608,0E-17,ELIGIBLE,R03b_20260811_FULL_v1,L1_ELIGIBILITY,v2026-08-11,2026-03-21..2026-08-06,baccarat_bet02_101_all_pairs_incl_sentinel,round_win = game_pnl > 0 (decisive only),COMPATIBILITY_ONLY_NOT_PRODUCTION,71617.8884,61024.4480,7287.8487,122,122,-0.10176017,,-0.10176017,-0.10942893,-7287.8487,71617.8884,OK,549.2200,364.3924,5.0000,95.0000,AG03-UNRESOLVED,ALL5_LEVELS_bet23_to_bet27,364.3924,364.3924,364.3924,364.3924,364.3924,5.000000,5.000000,5.000000,5.000000,5.000000,95.000000,95.000000,95.000000,95.000000,95.000000,5.0,1821.9622,1648.6503,4916.6665,5089.9784,PENDING_AG03,FALSE,NOT_FOR_ENFORCEMENT,6923.4563,57973.2256,6738.6287,6374.2362,-184.8276,0.09409142,0.08900341,364.3924,6374.2362,0.08900341,364.3924,364.3924,364.3924,364.3924,364.3924,6374.2362,0.08900341,1821.9622,1648.6503,4916.6665,5089.9784,0.06865137,0.07107133,-0.00258075,587.0319,500.2004,59.7365,3643.9244,158.4315,35808.9442,61.0000,,587.0319,623.1436,623.1436,623.1436,623.1436,623.1436,623.1436,623.1436,0.0,1.0,1.0,0.942049,20,32,1,2,0E-8,0.10176017,,0.00900000,0.900000,0.852084,0.024590,,2026-06-25,2026-06-26,2,46,29,2,1.000000,,,0.000000,,,,,,,,GLOBAL_BASELINE_NO_ENTITY_RANKING,,,NOT_APPLICABLE_GLOBAL_BASELINE,HF9g-P5,,,,X 全窗基线 · 不参与实体赏罚,14192761,1420,A168_HF9F_20260827_0900,2026-08-27 09:00:00
2026-06-26,152027585,1941,0,3738.8613090168,-685.4579066530,-657.4164468355,0.4000000,6,6,0.49994810000000000,0.499948100000,-0.4469814940518811,-0.4469814940518811,-0.4469814940518811,0E-17,ELIGIBLE,R03b_20260811_FULL_v1,L1_ELIGIBILITY,v2026-08-11,2026-03-21..2026-08-06,baccarat_bet02_101_all_pairs_incl_sentinel,round_win = game_pnl > 0 (decisive only),COMPATIBILITY_ONLY_NOT_PRODUCTION,71617.8884,61024.4480,7287.8487,122,122,-0.10176017,,-0.10176017,-0.10942893,-7287.8487,71617.8884,OK,549.2200,364.3924,5.0000,95.0000,AG03-UNRESOLVED,ALL5_LEVELS_bet23_to_bet27,364.3924,364.3924,364.3924,364.3924,364.3924,5.000000,5.000000,5.000000,5.000000,5.000000,95.000000,95.000000,95.000000,95.000000,95.000000,5.0,1821.9622,1648.6503,4916.6665,5089.9784,PENDING_AG03,FALSE,NOT_FOR_ENFORCEMENT,6923.4563,57973.2256,6738.6287,6374.2362,-184.8276,0.09409142,0.08900341,364.3924,6374.2362,0.08900341,364.3924,364.3924,364.3924,364.3924,364.3924,6374.2362,0.08900341,1821.9622,1648.6503,4916.6665,5089.9784,0.06865137,0.07107133,-0.00258075,587.0319,500.2004,59.7365,3643.9244,158.4315,35808.9442,61.0000,,587.0319,623.1436,623.1436,623.1436,623.1436,623.1436,623.1436,623.1436,0.0,1.0,1.0,0.942049,20,32,1,2,0E-8,0.10176017,,0.00900000,0.900000,0.852084,0.024590,,2026-06-25,2026-06-26,2,46,29,2,1.000000,,,0.000000,,,,,,,,GLOBAL_BASELINE_NO_ENTITY_RANKING,,,NOT_APPLICABLE_GLOBAL_BASELINE,HF9g-P5,,,,X 全窗基线 · 不参与实体赏罚,14192762,1420,A168_HF9F_20260827_0900,2026-08-27 09:00:00
2026-06-26,152027585,1966,0,1246.2871030056,-623.1435515028,-617.5352595393,0E-7,2,2,0.50665070000000000,0.506650700000,-1.013391052207602,-1.013391052207602,-1.013391052207602,0E-17,ELIGIBLE,R03b_20260811_FULL_v1,L1_ELIGIBILITY,v2026-08-11,2026-03-21..2026-08-06,baccarat_bet02_101_all_pairs_incl_sentinel,round_win = game_pnl > 0 (decisive only),COMPATIBILITY_ONLY_NOT_PRODUCTION,71617.8884,61024.4480,7287.8487,122,122,-0.10176017,,-0.10176017,-0.10942893,-7287.8487,71617.8884,OK,549.2200,364.3924,5.0000,95.0000,AG03-UNRESOLVED,ALL5_LEVELS_bet23_to_bet27,364.3924,364.3924,364.3924,364.3924,364.3924,5.000000,5.000000,5.000000,5.000000,5.000000,95.000000,95.000000,95.000000,95.000000,95.000000,5.0,1821.9622,1648.6503,4916.6665,5089.9784,PENDING_AG03,FALSE,NOT_FOR_ENFORCEMENT,6923.4563,57973.2256,6738.6287,6374.2362,-184.8276,0.09409142,0.08900341,364.3924,6374.2362,0.08900341,364.3924,364.3924,364.3924,364.3924,364.3924,6374.2362,0.08900341,1821.9622,1648.6503,4916.6665,5089.9784,0.06865137,0.07107133,-0.00258075,587.0319,500.2004,59.7365,3643.9244,158.4315,35808.9442,61.0000,,587.0319,623.1436,623.1436,623.1436,623.1436,623.1436,623.1436,623.1436,0.0,1.0,1.0,0.942049,20,32,1,2,0E-8,0.10176017,,0.00900000,0.900000,0.852084,0.024590,,2026-06-25,2026-06-26,2,46,29,2,1.000000,,,0.000000,,,,,,,,GLOBAL_BASELINE_NO_ENTITY_RANKING,,,NOT_APPLICABLE_GLOBAL_BASELINE,HF9g-P5,,,,X 全窗基线 · 不参与实体赏罚,14192763,1420,A168_HF9F_20260827_0900,2026-08-27 09:00:00
2026-06-26,152027585,1993,0,2492.5742060112,1215.1299254305,1237.5630932845,0.7500000,4,4,0.49994810000000000,0.499948100000,1.0002076053883384,1.0002076053883384,1.0002076053883384,0E-17,ELIGIBLE,R03b_20260811_FULL_v1,L1_ELIGIBILITY,v2026-08-11,2026-03-21..2026-08-06,baccarat_bet02_101_all_pairs_incl_sentinel,round_win = game_pnl > 0 (decisive only),COMPATIBILITY_ONLY_NOT_PRODUCTION,71617.8884,61024.4480,7287.8487,122,122,-0.10176017,,-0.10176017,-0.10942893,-7287.8487,71617.8884,OK,549.2200,364.3924,5.0000,95.0000,AG03-UNRESOLVED,ALL5_LEVELS_bet23_to_bet27,364.3924,364.3924,364.3924,364.3924,364.3924,5.000000,5.000000,5.000000,5.000000,5.000000,95.000000,95.000000,95.000000,95.000000,95.000000,5.0,1821.9622,1648.6503,4916.6665,5089.9784,PENDING_AG03,FALSE,NOT_FOR_ENFORCEMENT,6923.4563,57973.2256,6738.6287,6374.2362,-184.8276,0.09409142,0.08900341,364.3924,6374.2362,0.08900341,364.3924,364.3924,364.3924,364.3924,364.3924,6374.2362,0.08900341,1821.9622,1648.6503,4916.6665,5089.9784,0.06865137,0.07107133,-0.00258075,587.0319,500.2004,59.7365,3643.9244,158.4315,35808.9442,61.0000,,587.0319,623.1436,623.1436,623.1436,623.1436,623.1436,623.1436,623.1436,0.0,1.0,1.0,0.942049,20,32,1,2,0E-8,0.10176017,,0.00900000,0.900000,0.852084,0.024590,,2026-06-25,2026-06-26,2,46,29,2,1.000000,,,0.000000,,,,,,,,GLOBAL_BASELINE_NO_ENTITY_RANKING,,,NOT_APPLICABLE_GLOBAL_BASELINE,HF9g-P5,,,,X 全窗基线 · 不参与实体赏罚,14192764,1420,A168_HF9F_20260827_0900,2026-08-27 09:00:00
2026-06-26,152027585,2106,0,623.1435515028,0E-10,0E-10,,1,1,0.49324550000000000,0.493245500000,,,,0E-17,NO_DECISIVE_ROUND,R03b_20260811_FULL_v1,L1_ELIGIBILITY,v2026-08-11,2026-03-21..2026-08-06,baccarat_bet02_101_all_pairs_incl_sentinel,round_win = game_pnl > 0 (decisive only),COMPATIBILITY_ONLY_NOT_PRODUCTION,71617.8884,61024.4480,7287.8487,122,122,-0.10176017,,-0.10176017,-0.10942893,-7287.8487,71617.8884,OK,549.2200,364.3924,5.0000,95.0000,AG03-UNRESOLVED,ALL5_LEVELS_bet23_to_bet27,364.3924,364.3924,364.3924,364.3924,364.3924,5.000000,5.000000,5.000000,5.000000,5.000000,95.000000,95.000000,95.000000,95.000000,95.000000,5.0,1821.9622,1648.6503,4916.6665,5089.9784,PENDING_AG03,FALSE,NOT_FOR_ENFORCEMENT,6923.4563,57973.2256,6738.6287,6374.2362,-184.8276,0.09409142,0.08900341,364.3924,6374.2362,0.08900341,364.3924,364.3924,364.3924,364.3924,364.3924,6374.2362,0.08900341,1821.9622,1648.6503,4916.6665,5089.9784,0.06865137,0.07107133,-0.00258075,587.0319,500.2004,59.7365,3643.9244,158.4315,35808.9442,61.0000,,587.0319,623.1436,623.1436,623.1436,623.1436,623.1436,623.1436,623.1436,0.0,1.0,1.0,0.942049,20,32,1,2,0E-8,0.10176017,,0.00900000,0.900000,0.852084,0.024590,,2026-06-25,2026-06-26,2,46,29,2,1.000000,,,0.000000,,,,,,,,GLOBAL_BASELINE_NO_ENTITY_RANKING,,,NOT_APPLICABLE_GLOBAL_BASELINE,HF9g-P5,,,,X 全窗基线 · 不参与实体赏罚,14192765,1420,A168_HF9F_20260827_0900,2026-08-27 09:00:00
2026-06-26,152027585,2117,0,1246.2871030056,-1246.2871030056,-1235.0705190786,0E-7,2,2,0.49994810000000000,0.499948100000,-1.4140667746232096,-1.4140667746232096,-1.4140667746232096,0E-17,ELIGIBLE,R03b_20260811_FULL_v1,L1_ELIGIBILITY,v2026-08-11,2026-03-21..2026-08-06,baccarat_bet02_101_all_pairs_incl_sentinel,round_win = game_pnl > 0 (decisive only),COMPATIBILITY_ONLY_NOT_PRODUCTION,71617.8884,61024.4480,7287.8487,122,122,-0.10176017,,-0.10176017,-0.10942893,-7287.8487,71617.8884,OK,549.2200,364.3924,5.0000,95.0000,AG03-UNRESOLVED,ALL5_LEVELS_bet23_to_bet27,364.3924,364.3924,364.3924,364.3924,364.3924,5.000000,5.000000,5.000000,5.000000,5.000000,95.000000,95.000000,95.000000,95.000000,95.000000,5.0,1821.9622,1648.6503,4916.6665,5089.9784,PENDING_AG03,FALSE,NOT_FOR_ENFORCEMENT,6923.4563,57973.2256,6738.6287,6374.2362,-184.8276,0.09409142,0.08900341,364.3924,6374.2362,0.08900341,364.3924,364.3924,364.3924,364.3924,364.3924,6374.2362,0.08900341,1821.9622,1648.6503,4916.6665,5089.9784,0.06865137,0.07107133,-0.00258075,587.0319,500.2004,59.7365,3643.9244,158.4315,35808.9442,61.0000,,587.0319,623.1436,623.1436,623.1436,623.1436,623.1436,623.1436,623.1436,0.0,1.0,1.0,0.942049,20,32,1,2,0E-8,0.10176017,,0.00900000,0.900000,0.852084,0.024590,,2026-06-25,2026-06-26,2,46,29,2,1.000000,,,0.000000,,,,,,,,GLOBAL_BASELINE_NO_ENTITY_RANKING,,,NOT_APPLICABLE_GLOBAL_BASELINE,HF9g-P5,,,,X 全窗基线 · 不参与实体赏罚,14192766,1420,A168_HF9F_20260827_0900,2026-08-27 09:00:00
2026-06-26,152027585,2127,0,4362.0048605196,-716.6150842281,-677.3570404836,0.4285714,7,7,0.50473567142857143,0.504735671429,-0.403041368878626,-0.40304136888089725,-0.403041368878626,-4.2857E-13,ELIGIBLE,R03b_20260811_FULL_v1,L1_ELIGIBILITY,v2026-08-11,2026-03-21..2026-08-06,baccarat_bet02_101_all_pairs_incl_sentinel,round_win = game_pnl > 0 (decisive only),COMPATIBILITY_ONLY_NOT_PRODUCTION,71617.8884,61024.4480,7287.8487,122,122,-0.10176017,,-0.10176017,-0.10942893,-7287.8487,71617.8884,OK,549.2200,364.3924,5.0000,95.0000,AG03-UNRESOLVED,ALL5_LEVELS_bet23_to_bet27,364.3924,364.3924,364.3924,364.3924,364.3924,5.000000,5.000000,5.000000,5.000000,5.000000,95.000000,95.000000,95.000000,95.000000,95.000000,5.0,1821.9622,1648.6503,4916.6665,5089.9784,PENDING_AG03,FALSE,NOT_FOR_ENFORCEMENT,6923.4563,57973.2256,6738.6287,6374.2362,-184.8276,0.09409142,0.08900341,364.3924,6374.2362,0.08900341,364.3924,364.3924,364.3924,364.3924,364.3924,6374.2362,0.08900341,1821.9622,1648.6503,4916.6665,5089.9784,0.06865137,0.07107133,-0.00258075,587.0319,500.2004,59.7365,3643.9244,158.4315,35808.9442,61.0000,,587.0319,623.1436,623.1436,623.1436,623.1436,623.1436,623.1436,623.1436,0.0,1.0,1.0,0.942049,20,32,1,2,0E-8,0.10176017,,0.00900000,0.900000,0.852084,0.024590,,2026-06-25,2026-06-26,2,46,29,2,1.000000,,,0.000000,,,,,,,,GLOBAL_BASELINE_NO_ENTITY_RANKING,,,NOT_APPLICABLE_GLOBAL_BASELINE,HF9g-P5,,,,X 全窗基线 · 不参与实体赏罚,14192767,1420,A168_HF9F_20260827_0900,2026-08-27 09:00:00
2026-06-26,152027585,2129,0,2908.0032403464,-31.1571775751,-10.5934403755,0.5000000,5,5,0.49860758000000000,0.498607580000,0.005569701597489473,0.005569701597489473,0.005569701597489473,0E-17,ELIGIBLE,R03b_20260811_FULL_v1,L1_ELIGIBILITY,v2026-08-11,2026-03-21..2026-08-06,baccarat_bet02_101_all_pairs_incl_sentinel,round_win = game_pnl > 0 (decisive only),COMPATIBILITY_ONLY_NOT_PRODUCTION,71617.8884,61024.4480,7287.8487,122,122,-0.10176017,,-0.10176017,-0.10942893,-7287.8487,71617.8884,OK,549.2200,364.3924,5.0000,95.0000,AG03-UNRESOLVED,ALL5_LEVELS_bet23_to_bet27,364.3924,364.3924,364.3924,364.3924,364.3924,5.000000,5.000000,5.000000,5.000000,5.000000,95.000000,95.000000,95.000000,95.000000,95.000000,5.0,1821.9622,1648.6503,4916.6665,5089.9784,PENDING_AG03,FALSE,NOT_FOR_ENFORCEMENT,6923.4563,57973.2256,6738.6287,6374.2362,-184.8276,0.09409142,0.08900341,364.3924,6374.2362,0.08900341,364.3924,364.3924,364.3924,364.3924,364.3924,6374.2362,0.08900341,1821.9622,1648.6503,4916.6665,5089.9784,0.06865137,0.07107133,-0.00258075,587.0319,500.2004,59.7365,3643.9244,158.4315,35808.9442,61.0000,,587.0319,623.1436,623.1436,623.1436,623.1436,623.1436,623.1436,623.1436,0.0,1.0,1.0,0.942049,20,32,1,2,0E-8,0.10176017,,0.00900000,0.900000,0.852084,0.024590,,2026-06-25,2026-06-26,2,46,29,2,1.000000,,,0.000000,,,,,,,,GLOBAL_BASELINE_NO_ENTITY_RANKING,,,NOT_APPLICABLE_GLOBAL_BASELINE,HF9g-P5,,,,X 全窗基线 · 不参与实体赏罚,14192768,1420,A168_HF9F_20260827_0900,2026-08-27 09:00:00
2026-06-26,152027585,2130,0,1869.4306545084,560.8291963526,577.6540722431,0.6666667,3,3,0.50665070000000000,0.506650700000,0.5543606114942035,0.5543606114942035,0.5543606114942035,0E-17,ELIGIBLE,R03b_20260811_FULL_v1,L1_ELIGIBILITY,v2026-08-11,2026-03-21..2026-08-06,baccarat_bet02_101_all_pairs_incl_sentinel,round_win = game_pnl > 0 (decisive only),COMPATIBILITY_ONLY_NOT_PRODUCTION,71617.8884,61024.4480,7287.8487,122,122,-0.10176017,,-0.10176017,-0.10942893,-7287.8487,71617.8884,OK,549.2200,364.3924,5.0000,95.0000,AG03-UNRESOLVED,ALL5_LEVELS_bet23_to_bet27,364.3924,364.3924,364.3924,364.3924,364.3924,5.000000,5.000000,5.000000,5.000000,5.000000,95.000000,95.000000,95.000000,95.000000,95.000000,5.0,1821.9622,1648.6503,4916.6665,5089.9784,PENDING_AG03,FALSE,NOT_FOR_ENFORCEMENT,6923.4563,57973.2256,6738.6287,6374.2362,-184.8276,0.09409142,0.08900341,364.3924,6374.2362,0.08900341,364.3924,364.3924,364.3924,364.3924,364.3924,6374.2362,0.08900341,1821.9622,1648.6503,4916.6665,5089.9784,0.06865137,0.07107133,-0.00258075,587.0319,500.2004,59.7365,3643.9244,158.4315,35808.9442,61.0000,,587.0319,623.1436,623.1436,623.1436,623.1436,623.1436,623.1436,623.1436,0.0,1.0,1.0,0.942049,20,32,1,2,0E-8,0.10176017,,0.00900000,0.900000,0.852084,0.024590,,2026-06-25,2026-06-26,2,46,29,2,1.000000,,,0.000000,,,,,,,,GLOBAL_BASELINE_NO_ENTITY_RANKING,,,NOT_APPLICABLE_GLOBAL_BASELINE,HF9g-P5,,,,X 全窗基线 · 不参与实体赏罚,14192769,1420,A168_HF9F_20260827_0900,2026-08-27 09:00:00
2026-06-26,152027585,2145,0,3115.7177575140,-654.3007290779,-626.2592692604,0.4000000,5,5,0.50128862000000000,0.501288620000,-0.4529779837142727,-0.4529779837142727,-0.4529779837142727,0E-17,ELIGIBLE,R03b_20260811_FULL_v1,L1_ELIGIBILITY,v2026-08-11,2026-03-21..2026-08-06,baccarat_bet02_101_all_pairs_incl_sentinel,round_win = game_pnl > 0 (decisive only),COMPATIBILITY_ONLY_NOT_PRODUCTION,71617.8884,61024.4480,7287.8487,122,122,-0.10176017,,-0.10176017,-0.10942893,-7287.8487,71617.8884,OK,549.2200,364.3924,5.0000,95.0000,AG03-UNRESOLVED,ALL5_LEVELS_bet23_to_bet27,364.3924,364.3924,364.3924,364.3924,364.3924,5.000000,5.000000,5.000000,5.000000,5.000000,95.000000,95.000000,95.000000,95.000000,95.000000,5.0,1821.9622,1648.6503,4916.6665,5089.9784,PENDING_AG03,FALSE,NOT_FOR_ENFORCEMENT,6923.4563,57973.2256,6738.6287,6374.2362,-184.8276,0.09409142,0.08900341,364.3924,6374.2362,0.08900341,364.3924,364.3924,364.3924,364.3924,364.3924,6374.2362,0.08900341,1821.9622,1648.6503,4916.6665,5089.9784,0.06865137,0.07107133,-0.00258075,587.0319,500.2004,59.7365,3643.9244,158.4315,35808.9442,61.0000,,587.0319,623.1436,623.1436,623.1436,623.1436,623.1436,623.1436,623.1436,0.0,1.0,1.0,0.942049,20,32,1,2,0E-8,0.10176017,,0.00900000,0.900000,0.852084,0.024590,,2026-06-25,2026-06-26,2,46,29,2,1.000000,,,0.000000,,,,,,,,GLOBAL_BASELINE_NO_ENTITY_RANKING,,,NOT_APPLICABLE_GLOBAL_BASELINE,HF9g-P5,,,,X 全窗基线 · 不参与实体赏罚,14192770,1420,A168_HF9F_20260827_0900,2026-08-27 09:00:00
2026-06-26,152027585,2169,0,623.1435515028,591.9863739277,597.5946658912,1.0000000,1,1,0.50665070000000000,0.506650700000,0.9867858985152569,0.9867858985152569,0.9867858985152569,0E-17,ELIGIBLE,R03b_20260811_FULL_v1,L1_ELIGIBILITY,v2026-08-11,2026-03-21..2026-08-06,baccarat_bet02_101_all_pairs_incl_sentinel,round_win = game_pnl > 0 (decisive only),COMPATIBILITY_ONLY_NOT_PRODUCTION,71617.8884,61024.4480,7287.8487,122,122,-0.10176017,,-0.10176017,-0.10942893,-7287.8487,71617.8884,OK,549.2200,364.3924,5.0000,95.0000,AG03-UNRESOLVED,ALL5_LEVELS_bet23_to_bet27,364.3924,364.3924,364.3924,364.3924,364.3924,5.000000,5.000000,5.000000,5.000000,5.000000,95.000000,95.000000,95.000000,95.000000,95.000000,5.0,1821.9622,1648.6503,4916.6665,5089.9784,PENDING_AG03,FALSE,NOT_FOR_ENFORCEMENT,6923.4563,57973.2256,6738.6287,6374.2362,-184.8276,0.09409142,0.08900341,364.3924,6374.2362,0.08900341,364.3924,364.3924,364.3924,364.3924,364.3924,6374.2362,0.08900341,1821.9622,1648.6503,4916.6665,5089.9784,0.06865137,0.07107133,-0.00258075,587.0319,500.2004,59.7365,3643.9244,158.4315,35808.9442,61.0000,,587.0319,623.1436,623.1436,623.1436,623.1436,623.1436,623.1436,623.1436,0.0,1.0,1.0,0.942049,20,32,1,2,0E-8,0.10176017,,0.00900000,0.900000,0.852084,0.024590,,2026-06-25,2026-06-26,2,46,29,2,1.000000,,,0.000000,,,,,,,,GLOBAL_BASELINE_NO_ENTITY_RANKING,,,NOT_APPLICABLE_GLOBAL_BASELINE,HF9g-P5,,,,X 全窗基线 · 不参与实体赏罚,14192771,1420,A168_HF9F_20260827_0900,2026-08-27 09:00:00
2026-06-26,152027585,2171,0,1038.5725858380,591.9863739277,601.3335272002,0.6666667,3,3,0.50218230000000000,0.502182300000,0.5697959874915163,0.5697959874915164,0.5697959874915163,0E-17,ELIGIBLE,R03b_20260811_FULL_v1,L1_ELIGIBILITY,v2026-08-11,2026-03-21..2026-08-06,baccarat_bet02_101_all_pairs_incl_sentinel,round_win = game_pnl > 0 (decisive only),COMPATIBILITY_ONLY_NOT_PRODUCTION,71617.8884,61024.4480,7287.8487,122,122,-0.10176017,,-0.10176017,-0.10942893,-7287.8487,71617.8884,OK,549.2200,364.3924,5.0000,95.0000,AG03-UNRESOLVED,ALL5_LEVELS_bet23_to_bet27,364.3924,364.3924,364.3924,364.3924,364.3924,5.000000,5.000000,5.000000,5.000000,5.000000,95.000000,95.000000,95.000000,95.000000,95.000000,5.0,1821.9622,1648.6503,4916.6665,5089.9784,PENDING_AG03,FALSE,NOT_FOR_ENFORCEMENT,6923.4563,57973.2256,6738.6287,6374.2362,-184.8276,0.09409142,0.08900341,364.3924,6374.2362,0.08900341,364.3924,364.3924,364.3924,364.3924,364.3924,6374.2362,0.08900341,1821.9622,1648.6503,4916.6665,5089.9784,0.06865137,0.07107133,-0.00258075,587.0319,500.2004,59.7365,3643.9244,158.4315,35808.9442,61.0000,,587.0319,623.1436,623.1436,623.1436,623.1436,623.1436,623.1436,623.1436,0.0,1.0,1.0,0.942049,20,32,1,2,0E-8,0.10176017,,0.00900000,0.900000,0.852084,0.024590,,2026-06-25,2026-06-26,2,46,29,2,1.000000,,,0.000000,,,,,,,,GLOBAL_BASELINE_NO_ENTITY_RANKING,,,NOT_APPLICABLE_GLOBAL_BASELINE,HF9g-P5,,,,X 全窗基线 · 不参与实体赏罚,14192772,1420,A168_HF9F_20260827_0900,2026-08-27 09:00:00
2026-06-26,152027585,2177,0,623.1435515028,-623.1435515028,-617.5352595393,0E-7,1,1,0.49324550000000000,0.493245500000,-0.9865810262130424,-0.9865810262130424,-0.9865810262130424,0E-17,ELIGIBLE,R03b_20260811_FULL_v1,L1_ELIGIBILITY,v2026-08-11,2026-03-21..2026-08-06,baccarat_bet02_101_all_pairs_incl_sentinel,round_win = game_pnl > 0 (decisive only),COMPATIBILITY_ONLY_NOT_PRODUCTION,71617.8884,61024.4480,7287.8487,122,122,-0.10176017,,-0.10176017,-0.10942893,-7287.8487,71617.8884,OK,549.2200,364.3924,5.0000,95.0000,AG03-UNRESOLVED,ALL5_LEVELS_bet23_to_bet27,364.3924,364.3924,364.3924,364.3924,364.3924,5.000000,5.000000,5.000000,5.000000,5.000000,95.000000,95.000000,95.000000,95.000000,95.000000,5.0,1821.9622,1648.6503,4916.6665,5089.9784,PENDING_AG03,FALSE,NOT_FOR_ENFORCEMENT,6923.4563,57973.2256,6738.6287,6374.2362,-184.8276,0.09409142,0.08900341,364.3924,6374.2362,0.08900341,364.3924,364.3924,364.3924,364.3924,364.3924,6374.2362,0.08900341,1821.9622,1648.6503,4916.6665,5089.9784,0.06865137,0.07107133,-0.00258075,587.0319,500.2004,59.7365,3643.9244,158.4315,35808.9442,61.0000,,587.0319,623.1436,623.1436,623.1436,623.1436,623.1436,623.1436,623.1436,0.0,1.0,1.0,0.942049,20,32,1,2,0E-8,0.10176017,,0.00900000,0.900000,0.852084,0.024590,,2026-06-25,2026-06-26,2,46,29,2,1.000000,,,0.000000,,,,,,,,GLOBAL_BASELINE_NO_ENTITY_RANKING,,,NOT_APPLICABLE_GLOBAL_BASELINE,HF9g-P5,,,,X 全窗基线 · 不参与实体赏罚,14192773,1420,A168_HF9F_20260827_0900,2026-08-27 09:00:00
2026-06-26,152027585,2188,0,623.1435515028,-623.1435515028,-617.5352595393,0E-7,1,1,0.50665070000000000,0.506650700000,-1.013391052207602,-1.013391052207602,-1.013391052207602,0E-17,ELIGIBLE,R03b_20260811_FULL_v1,L1_ELIGIBILITY,v2026-08-11,2026-03-21..2026-08-06,baccarat_bet02_101_all_pairs_incl_sentinel,round_win = game_pnl > 0 (decisive only),COMPATIBILITY_ONLY_NOT_PRODUCTION,71617.8884,61024.4480,7287.8487,122,122,-0.10176017,,-0.10176017,-0.10942893,-7287.8487,71617.8884,OK,549.2200,364.3924,5.0000,95.0000,AG03-UNRESOLVED,ALL5_LEVELS_bet23_to_bet27,364.3924,364.3924,364.3924,364.3924,364.3924,5.000000,5.000000,5.000000,5.000000,5.000000,95.000000,95.000000,95.000000,95.000000,95.000000,5.0,1821.9622,1648.6503,4916.6665,5089.9784,PENDING_AG03,FALSE,NOT_FOR_ENFORCEMENT,6923.4563,57973.2256,6738.6287,6374.2362,-184.8276,0.09409142,0.08900341,364.3924,6374.2362,0.08900341,364.3924,364.3924,364.3924,364.3924,364.3924,6374.2362,0.08900341,1821.9622,1648.6503,4916.6665,5089.9784,0.06865137,0.07107133,-0.00258075,587.0319,500.2004,59.7365,3643.9244,158.4315,35808.9442,61.0000,,587.0319,623.1436,623.1436,623.1436,623.1436,623.1436,623.1436,623.1436,0.0,1.0,1.0,0.942049,20,32,1,2,0E-8,0.10176017,,0.00900000,0.900000,0.852084,0.024590,,2026-06-25,2026-06-26,2,46,29,2,1.000000,,,0.000000,,,,,,,,GLOBAL_BASELINE_NO_ENTITY_RANKING,,,NOT_APPLICABLE_GLOBAL_BASELINE,HF9g-P5,,,,X 全窗基线 · 不参与实体赏罚,14192774,1420,A168_HF9F_20260827_0900,2026-08-27 09:00:00
2026-06-26,152027585,2216,0,2442.7227218910,-2442.7227218910,-2420.7382173940,0E-7,4,4,0.50329940000000000,0.503299400000,-2.013241432932159,-2.013241432932159,-2.013241432932159,0E-17,ELIGIBLE,R03b_20260811_FULL_v1,L1_ELIGIBILITY,v2026-08-11,2026-03-21..2026-08-06,baccarat_bet02_101_all_pairs_incl_sentinel,round_win = game_pnl > 0 (decisive only),COMPATIBILITY_ONLY_NOT_PRODUCTION,71617.8884,61024.4480,7287.8487,122,122,-0.10176017,,-0.10176017,-0.10942893,-7287.8487,71617.8884,OK,549.2200,364.3924,5.0000,95.0000,AG03-UNRESOLVED,ALL5_LEVELS_bet23_to_bet27,364.3924,364.3924,364.3924,364.3924,364.3924,5.000000,5.000000,5.000000,5.000000,5.000000,95.000000,95.000000,95.000000,95.000000,95.000000,5.0,1821.9622,1648.6503,4916.6665,5089.9784,PENDING_AG03,FALSE,NOT_FOR_ENFORCEMENT,6923.4563,57973.2256,6738.6287,6374.2362,-184.8276,0.09409142,0.08900341,364.3924,6374.2362,0.08900341,364.3924,364.3924,364.3924,364.3924,364.3924,6374.2362,0.08900341,1821.9622,1648.6503,4916.6665,5089.9784,0.06865137,0.07107133,-0.00258075,587.0319,500.2004,59.7365,3643.9244,158.4315,35808.9442,61.0000,,587.0319,623.1436,623.1436,623.1436,623.1436,623.1436,623.1436,623.1436,0.0,1.0,1.0,0.942049,20,32,1,2,0E-8,0.10176017,,0.00900000,0.900000,0.852084,0.024590,,2026-06-25,2026-06-26,2,46,29,2,1.000000,,,0.000000,,,,,,,,GLOBAL_BASELINE_NO_ENTITY_RANKING,,,NOT_APPLICABLE_GLOBAL_BASELINE,HF9g-P5,,,,X 全窗基线 · 不参与实体赏罚,14192775,1420,A168_HF9F_20260827_0900,2026-08-27 09:00:00
2026-06-26,152027585,2222,0,1246.2871030056,-31.1571775751,-19.9405936481,0.5000000,2,2,0.50665070000000000,0.506650700000,-0.018812684590367487,-0.018812684590367487,-0.018812684590367487,0E-17,ELIGIBLE,R03b_20260811_FULL_v1,L1_ELIGIBILITY,v2026-08-11,2026-03-21..2026-08-06,baccarat_bet02_101_all_pairs_incl_sentinel,round_win = game_pnl > 0 (decisive only),COMPATIBILITY_ONLY_NOT_PRODUCTION,71617.8884,61024.4480,7287.8487,122,122,-0.10176017,,-0.10176017,-0.10942893,-7287.8487,71617.8884,OK,549.2200,364.3924,5.0000,95.0000,AG03-UNRESOLVED,ALL5_LEVELS_bet23_to_bet27,364.3924,364.3924,364.3924,364.3924,364.3924,5.000000,5.000000,5.000000,5.000000,5.000000,95.000000,95.000000,95.000000,95.000000,95.000000,5.0,1821.9622,1648.6503,4916.6665,5089.9784,PENDING_AG03,FALSE,NOT_FOR_ENFORCEMENT,6923.4563,57973.2256,6738.6287,6374.2362,-184.8276,0.09409142,0.08900341,364.3924,6374.2362,0.08900341,364.3924,364.3924,364.3924,364.3924,364.3924,6374.2362,0.08900341,1821.9622,1648.6503,4916.6665,5089.9784,0.06865137,0.07107133,-0.00258075,587.0319,500.2004,59.7365,3643.9244,158.4315,35808.9442,61.0000,,587.0319,623.1436,623.1436,623.1436,623.1436,623.1436,623.1436,623.1436,0.0,1.0,1.0,0.942049,20,32,1,2,0E-8,0.10176017,,0.00900000,0.900000,0.852084,0.024590,,2026-06-25,2026-06-26,2,46,29,2,1.000000,,,0.000000,,,,,,,,GLOBAL_BASELINE_NO_ENTITY_RANKING,,,NOT_APPLICABLE_GLOBAL_BASELINE,HF9g-P5,,,,X 全窗基线 · 不参与实体赏罚,14192776,1420,A168_HF9F_20260827_0900,2026-08-27 09:00:00
2026-06-26,152027585,2256,0,1869.4306545084,1215.1299254305,1226.3465093575,1.0000000,3,3,0.49771390000000000,0.497713900000,1.4206944795187548,1.420694479518755,1.4206944795187548,0E-17,ELIGIBLE,R03b_20260811_FULL_v1,L1_ELIGIBILITY,v2026-08-11,2026-03-21..2026-08-06,baccarat_bet02_101_all_pairs_incl_sentinel,round_win = game_pnl > 0 (decisive only),COMPATIBILITY_ONLY_NOT_PRODUCTION,71617.8884,61024.4480,7287.8487,122,122,-0.10176017,,-0.10176017,-0.10942893,-7287.8487,71617.8884,OK,549.2200,364.3924,5.0000,95.0000,AG03-UNRESOLVED,ALL5_LEVELS_bet23_to_bet27,364.3924,364.3924,364.3924,364.3924,364.3924,5.000000,5.000000,5.000000,5.000000,5.000000,95.000000,95.000000,95.000000,95.000000,95.000000,5.0,1821.9622,1648.6503,4916.6665,5089.9784,PENDING_AG03,FALSE,NOT_FOR_ENFORCEMENT,6923.4563,57973.2256,6738.6287,6374.2362,-184.8276,0.09409142,0.08900341,364.3924,6374.2362,0.08900341,364.3924,364.3924,364.3924,364.3924,364.3924,6374.2362,0.08900341,1821.9622,1648.6503,4916.6665,5089.9784,0.06865137,0.07107133,-0.00258075,587.0319,500.2004,59.7365,3643.9244,158.4315,35808.9442,61.0000,,587.0319,623.1436,623.1436,623.1436,623.1436,623.1436,623.1436,623.1436,0.0,1.0,1.0,0.942049,20,32,1,2,0E-8,0.10176017,,0.00900000,0.900000,0.852084,0.024590,,2026-06-25,2026-06-26,2,46,29,2,1.000000,,,0.000000,,,,,,,,GLOBAL_BASELINE_NO_ENTITY_RANKING,,,NOT_APPLICABLE_GLOBAL_BASELINE,HF9g-P5,,,,X 全窗基线 · 不参与实体赏罚,14192777,1420,A168_HF9F_20260827_0900,2026-08-27 09:00:00
2026-06-26,152027585,2266,0,623.1435515028,-623.1435515028,-617.5352595393,0E-7,1,1,0.50665070000000000,0.506650700000,-1.013391052207602,-1.013391052207602,-1.013391052207602,0E-17,ELIGIBLE,R03b_20260811_FULL_v1,L1_ELIGIBILITY,v2026-08-11,2026-03-21..2026-08-06,baccarat_bet02_101_all_pairs_incl_sentinel,round_win = game_pnl > 0 (decisive only),COMPATIBILITY_ONLY_NOT_PRODUCTION,71617.8884,61024.4480,7287.8487,122,122,-0.10176017,,-0.10176017,-0.10942893,-7287.8487,71617.8884,OK,549.2200,364.3924,5.0000,95.0000,AG03-UNRESOLVED,ALL5_LEVELS_bet23_to_bet27,364.3924,364.3924,364.3924,364.3924,364.3924,5.000000,5.000000,5.000000,5.000000,5.000000,95.000000,95.000000,95.000000,95.000000,95.000000,5.0,1821.9622,1648.6503,4916.6665,5089.9784,PENDING_AG03,FALSE,NOT_FOR_ENFORCEMENT,6923.4563,57973.2256,6738.6287,6374.2362,-184.8276,0.09409142,0.08900341,364.3924,6374.2362,0.08900341,364.3924,364.3924,364.3924,364.3924,364.3924,6374.2362,0.08900341,1821.9622,1648.6503,4916.6665,5089.9784,0.06865137,0.07107133,-0.00258075,587.0319,500.2004,59.7365,3643.9244,158.4315,35808.9442,61.0000,,587.0319,623.1436,623.1436,623.1436,623.1436,623.1436,623.1436,623.1436,0.0,1.0,1.0,0.942049,20,32,1,2,0E-8,0.10176017,,0.00900000,0.900000,0.852084,0.024590,,2026-06-25,2026-06-26,2,46,29,2,1.000000,,,0.000000,,,,,,,,GLOBAL_BASELINE_NO_ENTITY_RANKING,,,NOT_APPLICABLE_GLOBAL_BASELINE,HF9g-P5,,,,X 全窗基线 · 不参与实体赏罚,14192778,1420,A168_HF9F_20260827_0900,2026-08-27 09:00:00
2026-06-26,152027585,2288,0,623.1435515028,591.9863739277,597.5946658912,1.0000000,1,1,0.50665070000000000,0.506650700000,0.9867858985152569,0.9867858985152569,0.9867858985152569,0E-17,ELIGIBLE,R03b_20260811_FULL_v1,L1_ELIGIBILITY,v2026-08-11,2026-03-21..2026-08-06,baccarat_bet02_101_all_pairs_incl_sentinel,round_win = game_pnl > 0 (decisive only),COMPATIBILITY_ONLY_NOT_PRODUCTION,71617.8884,61024.4480,7287.8487,122,122,-0.10176017,,-0.10176017,-0.10942893,-7287.8487,71617.8884,OK,549.2200,364.3924,5.0000,95.0000,AG03-UNRESOLVED,ALL5_LEVELS_bet23_to_bet27,364.3924,364.3924,364.3924,364.3924,364.3924,5.000000,5.000000,5.000000,5.000000,5.000000,95.000000,95.000000,95.000000,95.000000,95.000000,5.0,1821.9622,1648.6503,4916.6665,5089.9784,PENDING_AG03,FALSE,NOT_FOR_ENFORCEMENT,6923.4563,57973.2256,6738.6287,6374.2362,-184.8276,0.09409142,0.08900341,364.3924,6374.2362,0.08900341,364.3924,364.3924,364.3924,364.3924,364.3924,6374.2362,0.08900341,1821.9622,1648.6503,4916.6665,5089.9784,0.06865137,0.07107133,-0.00258075,587.0319,500.2004,59.7365,3643.9244,158.4315,35808.9442,61.0000,,587.0319,623.1436,623.1436,623.1436,623.1436,623.1436,623.1436,623.1436,0.0,1.0,1.0,0.942049,20,32,1,2,0E-8,0.10176017,,0.00900000,0.900000,0.852084,0.024590,,2026-06-25,2026-06-26,2,46,29,2,1.000000,,,0.000000,,,,,,,,GLOBAL_BASELINE_NO_ENTITY_RANKING,,,NOT_APPLICABLE_GLOBAL_BASELINE,HF9g-P5,,,,X 全窗基线 · 不参与实体赏罚,14192779,1420,A168_HF9F_20260827_0900,2026-08-27 09:00:00
2026-06-26,152027585,789,0,3738.8613090168,-2492.5742060112,-2470.1410381572,0E-7,6,6,0.49771390000000000,0.497713900000,-1.9908764097572118,-1.990876409757212,-1.9908764097572118,0E-17,ELIGIBLE,R03b_20260811_FULL_v1,L1_ELIGIBILITY,v2026-08-11,2026-03-21..2026-08-06,baccarat_bet02_101_all_pairs_incl_sentinel,round_win = game_pnl > 0 (decisive only),COMPATIBILITY_ONLY_NOT_PRODUCTION,71617.8884,61024.4480,7287.8487,122,122,-0.10176017,,-0.10176017,-0.10942893,-7287.8487,71617.8884,OK,549.2200,364.3924,5.0000,95.0000,AG03-UNRESOLVED,ALL5_LEVELS_bet23_to_bet27,364.3924,364.3924,364.3924,364.3924,364.3924,5.000000,5.000000,5.000000,5.000000,5.000000,95.000000,95.000000,95.000000,95.000000,95.000000,5.0,1821.9622,1648.6503,4916.6665,5089.9784,PENDING_AG03,FALSE,NOT_FOR_ENFORCEMENT,6923.4563,57973.2256,6738.6287,6374.2362,-184.8276,0.09409142,0.08900341,364.3924,6374.2362,0.08900341,364.3924,364.3924,364.3924,364.3924,364.3924,6374.2362,0.08900341,1821.9622,1648.6503,4916.6665,5089.9784,0.06865137,0.07107133,-0.00258075,587.0319,500.2004,59.7365,3643.9244,158.4315,35808.9442,61.0000,,587.0319,623.1436,623.1436,623.1436,623.1436,623.1436,623.1436,623.1436,0.0,1.0,1.0,0.942049,20,32,1,2,0E-8,0.10176017,,0.00900000,0.900000,0.852084,0.024590,,2026-06-25,2026-06-26,2,46,29,2,1.000000,,,0.000000,,,,,,,,GLOBAL_BASELINE_NO_ENTITY_RANKING,,,NOT_APPLICABLE_GLOBAL_BASELINE,HF9g-P5,,,,X 全窗基线 · 不参与实体赏罚,14192780,1420,A168_HF9F_20260827_0900,2026-08-27 09:00:00
2026-06-26,152027585,970,0,2492.5742060112,560.8291963526,577.6540722431,0.6666667,4,4,0.50329940000000000,0.503299400000,0.5659331339966515,0.5659331339966515,0.5659331339966515,0E-17,ELIGIBLE,R03b_20260811_FULL_v1,L1_ELIGIBILITY,v2026-08-11,2026-03-21..2026-08-06,baccarat_bet02_101_all_pairs_incl_sentinel,round_win = game_pnl > 0 (decisive only),COMPATIBILITY_ONLY_NOT_PRODUCTION,71617.8884,61024.4480,7287.8487,122,122,-0.10176017,,-0.10176017,-0.10942893,-7287.8487,71617.8884,OK,549.2200,364.3924,5.0000,95.0000,AG03-UNRESOLVED,ALL5_LEVELS_bet23_to_bet27,364.3924,364.3924,364.3924,364.3924,364.3924,5.000000,5.000000,5.000000,5.000000,5.000000,95.000000,95.000000,95.000000,95.000000,95.000000,5.0,1821.9622,1648.6503,4916.6665,5089.9784,PENDING_AG03,FALSE,NOT_FOR_ENFORCEMENT,6923.4563,57973.2256,6738.6287,6374.2362,-184.8276,0.09409142,0.08900341,364.3924,6374.2362,0.08900341,364.3924,364.3924,364.3924,364.3924,364.3924,6374.2362,0.08900341,1821.9622,1648.6503,4916.6665,5089.9784,0.06865137,0.07107133,-0.00258075,587.0319,500.2004,59.7365,3643.9244,158.4315,35808.9442,61.0000,,587.0319,623.1436,623.1436,623.1436,623.1436,623.1436,623.1436,623.1436,0.0,1.0,1.0,0.942049,20,32,1,2,0E-8,0.10176017,,0.00900000,0.900000,0.852084,0.024590,,2026-06-25,2026-06-26,2,46,29,2,1.000000,,,0.000000,,,,,,,,GLOBAL_BASELINE_NO_ENTITY_RANKING,,,NOT_APPLICABLE_GLOBAL_BASELINE,HF9g-P5,,,,X 全窗基线 · 不参与实体赏罚,14192781,1420,A168_HF9F_20260827_0900,2026-08-27 09:00:00
2026-03-29,145103192,-1,1,4934.7902714132,-722.5942897424,-722.5942897424,0.3000000,12,12,0.50106520000000000,0.501065200000,-1.271650866157804,-1.2716508661578043,-1.271650866157804,0E-17,SENTINEL_DEALER,R03b_20260811_FULL_v1,L1_ELIGIBILITY,v2026-08-11,2026-03-21..2026-08-06,baccarat_bet02_101_all_pairs_incl_sentinel,round_win = game_pnl > 0 (decisive only),COMPATIBILITY_ONLY_NOT_PRODUCTION,81173.5068,74062.9271,6640.0910,162,159,-0.08180121,,-0.08180121,-0.08180121,-6640.0910,81173.5068,OK,0.0000,265.6036,4.0000,96.0000,AG03-UNRESOLVED,ALL5_LEVELS_bet23_to_bet27,265.6036,265.6036,265.6036,332.0046,332.0046,4.000000,4.000000,4.000000,5.000000,5.000000,96.000000,96.000000,96.000000,95.000000,95.000000,5.0,1460.8200,1338.1494,5179.2710,5301.9416,PENDING_AG03,FALSE,NOT_FOR_ENFORCEMENT,6374.4874,71100.4100,6640.0910,6374.4874,265.6036,0.08180121,0.07852916,265.6036,6374.4874,0.07852916,265.6036,265.6036,265.6036,332.0046,332.0046,6374.4874,0.07852916,1460.8200,1338.1494,5179.2710,5301.9416,0.06380494,0.06531616,0.00327205,501.0710,465.8046,41.7616,948.5844,66.4009,11596.2153,22.7143,,501.0710,176.2425,352.485,851.3536,861.3264,861.3264,1720.2594,344.5306,0.0,2.443583,4.880376,1.421539,29,62,4,5,0E-8,0.08180121,,0E-8,0.000000,0.912403,0.000000,,2026-03-29,2026-05-13,7,100,89,46,0.152174,,,0.000000,,,,,,,,GLOBAL_BASELINE_NO_ENTITY_RANKING,,,NOT_APPLICABLE_GLOBAL_BASELINE,HF9g-P5,,,,X 全窗基线 · 不参与实体赏罚,14192782,1420,A168_HF9F_20260827_0900,2026-08-27 09:00:00
2026-03-29,145103192,1115,0,176.2425096933,-176.2425096933,-176.2425096933,0E-7,1,1,0.50665070000000000,0.506650700000,-1.013391052207602,-1.013391052207602,-1.013391052207602,0E-17,ELIGIBLE,R03b_20260811_FULL_v1,L1_ELIGIBILITY,v2026-08-11,2026-03-21..2026-08-06,baccarat_bet02_101_all_pairs_incl_sentinel,round_win = game_pnl > 0 (decisive only),COMPATIBILITY_ONLY_NOT_PRODUCTION,81173.5068,74062.9271,6640.0910,162,159,-0.08180121,,-0.08180121,-0.08180121,-6640.0910,81173.5068,OK,0.0000,265.6036,4.0000,96.0000,AG03-UNRESOLVED,ALL5_LEVELS_bet23_to_bet27,265.6036,265.6036,265.6036,332.0046,332.0046,4.000000,4.000000,4.000000,5.000000,5.000000,96.000000,96.000000,96.000000,95.000000,95.000000,5.0,1460.8200,1338.1494,5179.2710,5301.9416,PENDING_AG03,FALSE,NOT_FOR_ENFORCEMENT,6374.4874,71100.4100,6640.0910,6374.4874,265.6036,0.08180121,0.07852916,265.6036,6374.4874,0.07852916,265.6036,265.6036,265.6036,332.0046,332.0046,6374.4874,0.07852916,1460.8200,1338.1494,5179.2710,5301.9416,0.06380494,0.06531616,0.00327205,501.0710,465.8046,41.7616,948.5844,66.4009,11596.2153,22.7143,,501.0710,176.2425,352.485,851.3536,861.3264,861.3264,1720.2594,344.5306,0.0,2.443583,4.880376,1.421539,29,62,4,5,0E-8,0.08180121,,0E-8,0.000000,0.912403,0.000000,,2026-03-29,2026-05-13,7,100,89,46,0.152174,,,0.000000,,,,,,,,GLOBAL_BASELINE_NO_ENTITY_RANKING,,,NOT_APPLICABLE_GLOBAL_BASELINE,HF9g-P5,,,,X 全窗基线 · 不参与实体赏罚,14192783,1420,A168_HF9F_20260827_0900,2026-08-27 09:00:00
2026-03-29,145103192,1205,0,528.7275290799,-352.4850193866,-352.4850193866,0E-7,3,3,0.49771390000000000,0.497713900000,-1.4077622098436522,-1.4077622098436524,-1.4077622098436522,0E-17,ELIGIBLE,R03b_20260811_FULL_v1,L1_ELIGIBILITY,v2026-08-11,2026-03-21..2026-08-06,baccarat_bet02_101_all_pairs_incl_sentinel,round_win = game_pnl > 0 (decisive only),COMPATIBILITY_ONLY_NOT_PRODUCTION,81173.5068,74062.9271,6640.0910,162,159,-0.08180121,,-0.08180121,-0.08180121,-6640.0910,81173.5068,OK,0.0000,265.6036,4.0000,96.0000,AG03-UNRESOLVED,ALL5_LEVELS_bet23_to_bet27,265.6036,265.6036,265.6036,332.0046,332.0046,4.000000,4.000000,4.000000,5.000000,5.000000,96.000000,96.000000,96.000000,95.000000,95.000000,5.0,1460.8200,1338.1494,5179.2710,5301.9416,PENDING_AG03,FALSE,NOT_FOR_ENFORCEMENT,6374.4874,71100.4100,6640.0910,6374.4874,265.6036,0.08180121,0.07852916,265.6036,6374.4874,0.07852916,265.6036,265.6036,265.6036,332.0046,332.0046,6374.4874,0.07852916,1460.8200,1338.1494,5179.2710,5301.9416,0.06380494,0.06531616,0.00327205,501.0710,465.8046,41.7616,948.5844,66.4009,11596.2153,22.7143,,501.0710,176.2425,352.485,851.3536,861.3264,861.3264,1720.2594,344.5306,0.0,2.443583,4.880376,1.421539,29,62,4,5,0E-8,0.08180121,,0E-8,0.000000,0.912403,0.000000,,2026-03-29,2026-05-13,7,100,89,46,0.152174,,,0.000000,,,,,,,,GLOBAL_BASELINE_NO_ENTITY_RANKING,,,NOT_APPLICABLE_GLOBAL_BASELINE,HF9g-P5,,,,X 全窗基线 · 不参与实体赏罚,14192784,1420,A168_HF9F_20260827_0900,2026-08-27 09:00:00
2026-03-29,145103192,1330,0,528.7275290799,158.6182587241,158.6182587241,0.6666667,3,3,0.50218230000000000,0.502182300000,0.5697959874915163,0.5697959874915164,0.5697959874915163,0E-17,ELIGIBLE,R03b_20260811_FULL_v1,L1_ELIGIBILITY,v2026-08-11,2026-03-21..2026-08-06,baccarat_bet02_101_all_pairs_incl_sentinel,round_win = game_pnl > 0 (decisive only),COMPATIBILITY_ONLY_NOT_PRODUCTION,81173.5068,74062.9271,6640.0910,162,159,-0.08180121,,-0.08180121,-0.08180121,-6640.0910,81173.5068,OK,0.0000,265.6036,4.0000,96.0000,AG03-UNRESOLVED,ALL5_LEVELS_bet23_to_bet27,265.6036,265.6036,265.6036,332.0046,332.0046,4.000000,4.000000,4.000000,5.000000,5.000000,96.000000,96.000000,96.000000,95.000000,95.000000,5.0,1460.8200,1338.1494,5179.2710,5301.9416,PENDING_AG03,FALSE,NOT_FOR_ENFORCEMENT,6374.4874,71100.4100,6640.0910,6374.4874,265.6036,0.08180121,0.07852916,265.6036,6374.4874,0.07852916,265.6036,265.6036,265.6036,332.0046,332.0046,6374.4874,0.07852916,1460.8200,1338.1494,5179.2710,5301.9416,0.06380494,0.06531616,0.00327205,501.0710,465.8046,41.7616,948.5844,66.4009,11596.2153,22.7143,,501.0710,176.2425,352.485,851.3536,861.3264,861.3264,1720.2594,344.5306,0.0,2.443583,4.880376,1.421539,29,62,4,5,0E-8,0.08180121,,0E-8,0.000000,0.912403,0.000000,,2026-03-29,2026-05-13,7,100,89,46,0.152174,,,0.000000,,,,,,,,GLOBAL_BASELINE_NO_ENTITY_RANKING,,,NOT_APPLICABLE_GLOBAL_BASELINE,HF9g-P5,,,,X 全窗基线 · 不参与实体赏罚,14192785,1420,A168_HF9F_20260827_0900,2026-08-27 09:00:00
2026-03-29,145103192,1374,0,528.7275290800,-352.4850193867,-352.4850193867,0E-7,2,2,0.49994810000000000,0.499948100000,-0.9998962053866608,-0.9998962053866608,-0.9998962053866608,0E-17,ELIGIBLE,R03b_20260811_FULL_v1,L1_ELIGIBILITY,v2026-08-11,2026-03-21..2026-08-06,baccarat_bet02_101_all_pairs_incl_sentinel,round_win = game_pnl > 0 (decisive only),COMPATIBILITY_ONLY_NOT_PRODUCTION,81173.5068,74062.9271,6640.0910,162,159,-0.08180121,,-0.08180121,-0.08180121,-6640.0910,81173.5068,OK,0.0000,265.6036,4.0000,96.0000,AG03-UNRESOLVED,ALL5_LEVELS_bet23_to_bet27,265.6036,265.6036,265.6036,332.0046,332.0046,4.000000,4.000000,4.000000,5.000000,5.000000,96.000000,96.000000,96.000000,95.000000,95.000000,5.0,1460.8200,1338.1494,5179.2710,5301.9416,PENDING_AG03,FALSE,NOT_FOR_ENFORCEMENT,6374.4874,71100.4100,6640.0910,6374.4874,265.6036,0.08180121,0.07852916,265.6036,6374.4874,0.07852916,265.6036,265.6036,265.6036,332.0046,332.0046,6374.4874,0.07852916,1460.8200,1338.1494,5179.2710,5301.9416,0.06380494,0.06531616,0.00327205,501.0710,465.8046,41.7616,948.5844,66.4009,11596.2153,22.7143,,501.0710,176.2425,352.485,851.3536,861.3264,861.3264,1720.2594,344.5306,0.0,2.443583,4.880376,1.421539,29,62,4,5,0E-8,0.08180121,,0E-8,0.000000,0.912403,0.000000,,2026-03-29,2026-05-13,7,100,89,46,0.152174,,,0.000000,,,,,,,,GLOBAL_BASELINE_NO_ENTITY_RANKING,,,NOT_APPLICABLE_GLOBAL_BASELINE,HF9g-P5,,,,X 全窗基线 · 不参与实体赏罚,14192786,1420,A168_HF9F_20260827_0900,2026-08-27 09:00:00
2026-03-29,145103192,1383,0,176.2425096933,176.2425096933,176.2425096933,1.0000000,1,1,0.49324550000000000,0.493245500000,1.01360149184955,1.01360149184955,1.01360149184955,0E-17,ELIGIBLE,R03b_20260811_FULL_v1,L1_ELIGIBILITY,v2026-08-11,2026-03-21..2026-08-06,baccarat_bet02_101_all_pairs_incl_sentinel,round_win = game_pnl > 0 (decisive only),COMPATIBILITY_ONLY_NOT_PRODUCTION,81173.5068,74062.9271,6640.0910,162,159,-0.08180121,,-0.08180121,-0.08180121,-6640.0910,81173.5068,OK,0.0000,265.6036,4.0000,96.0000,AG03-UNRESOLVED,ALL5_LEVELS_bet23_to_bet27,265.6036,265.6036,265.6036,332.0046,332.0046,4.000000,4.000000,4.000000,5.000000,5.000000,96.000000,96.000000,96.000000,95.000000,95.000000,5.0,1460.8200,1338.1494,5179.2710,5301.9416,PENDING_AG03,FALSE,NOT_FOR_ENFORCEMENT,6374.4874,71100.4100,6640.0910,6374.4874,265.6036,0.08180121,0.07852916,265.6036,6374.4874,0.07852916,265.6036,265.6036,265.6036,332.0046,332.0046,6374.4874,0.07852916,1460.8200,1338.1494,5179.2710,5301.9416,0.06380494,0.06531616,0.00327205,501.0710,465.8046,41.7616,948.5844,66.4009,11596.2153,22.7143,,501.0710,176.2425,352.485,851.3536,861.3264,861.3264,1720.2594,344.5306,0.0,2.443583,4.880376,1.421539,29,62,4,5,0E-8,0.08180121,,0E-8,0.000000,0.912403,0.000000,,2026-03-29,2026-05-13,7,100,89,46,0.152174,,,0.000000,,,,,,,,GLOBAL_BASELINE_NO_ENTITY_RANKING,,,NOT_APPLICABLE_GLOBAL_BASELINE,HF9g-P5,,,,X 全窗基线 · 不参与实体赏罚,14192787,1420,A168_HF9F_20260827_0900,2026-08-27 09:00:00
2026-03-29,145103192,1399,0,352.4850193866,343.6728939020,343.6728939020,1.0000000,2,2,0.49994810000000000,0.499948100000,1.4143603653603398,1.4143603653603398,1.4143603653603398,0E-17,ELIGIBLE,R03b_20260811_FULL_v1,L1_ELIGIBILITY,v2026-08-11,2026-03-21..2026-08-06,baccarat_bet02_101_all_pairs_incl_sentinel,round_win = game_pnl > 0 (decisive only),COMPATIBILITY_ONLY_NOT_PRODUCTION,81173.5068,74062.9271,6640.0910,162,159,-0.08180121,,-0.08180121,-0.08180121,-6640.0910,81173.5068,OK,0.0000,265.6036,4.0000,96.0000,AG03-UNRESOLVED,ALL5_LEVELS_bet23_to_bet27,265.6036,265.6036,265.6036,332.0046,332.0046,4.000000,4.000000,4.000000,5.000000,5.000000,96.000000,96.000000,96.000000,95.000000,95.000000,5.0,1460.8200,1338.1494,5179.2710,5301.9416,PENDING_AG03,FALSE,NOT_FOR_ENFORCEMENT,6374.4874,71100.4100,6640.0910,6374.4874,265.6036,0.08180121,0.07852916,265.6036,6374.4874,0.07852916,265.6036,265.6036,265.6036,332.0046,332.0046,6374.4874,0.07852916,1460.8200,1338.1494,5179.2710,5301.9416,0.06380494,0.06531616,0.00327205,501.0710,465.8046,41.7616,948.5844,66.4009,11596.2153,22.7143,,501.0710,176.2425,352.485,851.3536,861.3264,861.3264,1720.2594,344.5306,0.0,2.443583,4.880376,1.421539,29,62,4,5,0E-8,0.08180121,,0E-8,0.000000,0.912403,0.000000,,2026-03-29,2026-05-13,7,100,89,46,0.152174,,,0.000000,,,,,,,,GLOBAL_BASELINE_NO_ENTITY_RANKING,,,NOT_APPLICABLE_GLOBAL_BASELINE,HF9g-P5,,,,X 全窗基线 · 不参与实体赏罚,14192788,1420,A168_HF9F_20260827_0900,2026-08-27 09:00:00
2026-03-29,145103192,1400,0,352.4850193866,0E-10,0E-10,0.5000000,2,2,0.49324550000000000,0.493245500000,0.01910635448239258,0.01910635448239258,0.01910635448239258,0E-17,ELIGIBLE,R03b_20260811_FULL_v1,L1_ELIGIBILITY,v2026-08-11,2026-03-21..2026-08-06,baccarat_bet02_101_all_pairs_incl_sentinel,round_win = game_pnl > 0 (decisive only),COMPATIBILITY_ONLY_NOT_PRODUCTION,81173.5068,74062.9271,6640.0910,162,159,-0.08180121,,-0.08180121,-0.08180121,-6640.0910,81173.5068,OK,0.0000,265.6036,4.0000,96.0000,AG03-UNRESOLVED,ALL5_LEVELS_bet23_to_bet27,265.6036,265.6036,265.6036,332.0046,332.0046,4.000000,4.000000,4.000000,5.000000,5.000000,96.000000,96.000000,96.000000,95.000000,95.000000,5.0,1460.8200,1338.1494,5179.2710,5301.9416,PENDING_AG03,FALSE,NOT_FOR_ENFORCEMENT,6374.4874,71100.4100,6640.0910,6374.4874,265.6036,0.08180121,0.07852916,265.6036,6374.4874,0.07852916,265.6036,265.6036,265.6036,332.0046,332.0046,6374.4874,0.07852916,1460.8200,1338.1494,5179.2710,5301.9416,0.06380494,0.06531616,0.00327205,501.0710,465.8046,41.7616,948.5844,66.4009,11596.2153,22.7143,,501.0710,176.2425,352.485,851.3536,861.3264,861.3264,1720.2594,344.5306,0.0,2.443583,4.880376,1.421539,29,62,4,5,0E-8,0.08180121,,0E-8,0.000000,0.912403,0.000000,,2026-03-29,2026-05-13,7,100,89,46,0.152174,,,0.000000,,,,,,,,GLOBAL_BASELINE_NO_ENTITY_RANKING,,,NOT_APPLICABLE_GLOBAL_BASELINE,HF9g-P5,,,,X 全窗基线 · 不参与实体赏罚,14192789,1420,A168_HF9F_20260827_0900,2026-08-27 09:00:00
2026-03-29,145103192,1507,0,704.9700387734,687.3457878040,687.3457878040,1.0000000,2,2,0.49994810000000000,0.499948100000,1.4143603653603398,1.4143603653603398,1.4143603653603398,0E-17,ELIGIBLE,R03b_20260811_FULL_v1,L1_ELIGIBILITY,v2026-08-11,2026-03-21..2026-08-06,baccarat_bet02_101_all_pairs_incl_sentinel,round_win = game_pnl > 0 (decisive only),COMPATIBILITY_ONLY_NOT_PRODUCTION,81173.5068,74062.9271,6640.0910,162,159,-0.08180121,,-0.08180121,-0.08180121,-6640.0910,81173.5068,OK,0.0000,265.6036,4.0000,96.0000,AG03-UNRESOLVED,ALL5_LEVELS_bet23_to_bet27,265.6036,265.6036,265.6036,332.0046,332.0046,4.000000,4.000000,4.000000,5.000000,5.000000,96.000000,96.000000,96.000000,95.000000,95.000000,5.0,1460.8200,1338.1494,5179.2710,5301.9416,PENDING_AG03,FALSE,NOT_FOR_ENFORCEMENT,6374.4874,71100.4100,6640.0910,6374.4874,265.6036,0.08180121,0.07852916,265.6036,6374.4874,0.07852916,265.6036,265.6036,265.6036,332.0046,332.0046,6374.4874,0.07852916,1460.8200,1338.1494,5179.2710,5301.9416,0.06380494,0.06531616,0.00327205,501.0710,465.8046,41.7616,948.5844,66.4009,11596.2153,22.7143,,501.0710,176.2425,352.485,851.3536,861.3264,861.3264,1720.2594,344.5306,0.0,2.443583,4.880376,1.421539,29,62,4,5,0E-8,0.08180121,,0E-8,0.000000,0.912403,0.000000,,2026-03-29,2026-05-13,7,100,89,46,0.152174,,,0.000000,,,,,,,,GLOBAL_BASELINE_NO_ENTITY_RANKING,,,NOT_APPLICABLE_GLOBAL_BASELINE,HF9g-P5,,,,X 全窗基线 · 不参与实体赏罚,14192790,1420,A168_HF9F_20260827_0900,2026-08-27 09:00:00
2026-03-29,145103192,1949,0,704.9700387734,352.4850193867,352.4850193867,1.0000000,2,2,0.49324550000000000,0.493245500000,1.01360149184955,1.01360149184955,1.01360149184955,0E-17,ELIGIBLE,R03b_20260811_FULL_v1,L1_ELIGIBILITY,v2026-08-11,2026-03-21..2026-08-06,baccarat_bet02_101_all_pairs_incl_sentinel,round_win = game_pnl > 0 (decisive only),COMPATIBILITY_ONLY_NOT_PRODUCTION,81173.5068,74062.9271,6640.0910,162,159,-0.08180121,,-0.08180121,-0.08180121,-6640.0910,81173.5068,OK,0.0000,265.6036,4.0000,96.0000,AG03-UNRESOLVED,ALL5_LEVELS_bet23_to_bet27,265.6036,265.6036,265.6036,332.0046,332.0046,4.000000,4.000000,4.000000,5.000000,5.000000,96.000000,96.000000,96.000000,95.000000,95.000000,5.0,1460.8200,1338.1494,5179.2710,5301.9416,PENDING_AG03,FALSE,NOT_FOR_ENFORCEMENT,6374.4874,71100.4100,6640.0910,6374.4874,265.6036,0.08180121,0.07852916,265.6036,6374.4874,0.07852916,265.6036,265.6036,265.6036,332.0046,332.0046,6374.4874,0.07852916,1460.8200,1338.1494,5179.2710,5301.9416,0.06380494,0.06531616,0.00327205,501.0710,465.8046,41.7616,948.5844,66.4009,11596.2153,22.7143,,501.0710,176.2425,352.485,851.3536,861.3264,861.3264,1720.2594,344.5306,0.0,2.443583,4.880376,1.421539,29,62,4,5,0E-8,0.08180121,,0E-8,0.000000,0.912403,0.000000,,2026-03-29,2026-05-13,7,100,89,46,0.152174,,,0.000000,,,,,,,,GLOBAL_BASELINE_NO_ENTITY_RANKING,,,NOT_APPLICABLE_GLOBAL_BASELINE,HF9g-P5,,,,X 全窗基线 · 不参与实体赏罚,14192791,1420,A168_HF9F_20260827_0900,2026-08-27 09:00:00
2026-03-29,145103192,2153,0,352.4850193867,334.8607684173,334.8607684173,1.0000000,1,1,0.50665070000000000,0.506650700000,0.9867858985152569,0.9867858985152569,0.9867858985152569,0E-17,ELIGIBLE,R03b_20260811_FULL_v1,L1_ELIGIBILITY,v2026-08-11,2026-03-21..2026-08-06,baccarat_bet02_101_all_pairs_incl_sentinel,round_win = game_pnl > 0 (decisive only),COMPATIBILITY_ONLY_NOT_PRODUCTION,81173.5068,74062.9271,6640.0910,162,159,-0.08180121,,-0.08180121,-0.08180121,-6640.0910,81173.5068,OK,0.0000,265.6036,4.0000,96.0000,AG03-UNRESOLVED,ALL5_LEVELS_bet23_to_bet27,265.6036,265.6036,265.6036,332.0046,332.0046,4.000000,4.000000,4.000000,5.000000,5.000000,96.000000,96.000000,96.000000,95.000000,95.000000,5.0,1460.8200,1338.1494,5179.2710,5301.9416,PENDING_AG03,FALSE,NOT_FOR_ENFORCEMENT,6374.4874,71100.4100,6640.0910,6374.4874,265.6036,0.08180121,0.07852916,265.6036,6374.4874,0.07852916,265.6036,265.6036,265.6036,332.0046,332.0046,6374.4874,0.07852916,1460.8200,1338.1494,5179.2710,5301.9416,0.06380494,0.06531616,0.00327205,501.0710,465.8046,41.7616,948.5844,66.4009,11596.2153,22.7143,,501.0710,176.2425,352.485,851.3536,861.3264,861.3264,1720.2594,344.5306,0.0,2.443583,4.880376,1.421539,29,62,4,5,0E-8,0.08180121,,0E-8,0.000000,0.912403,0.000000,,2026-03-29,2026-05-13,7,100,89,46,0.152174,,,0.000000,,,,,,,,GLOBAL_BASELINE_NO_ENTITY_RANKING,,,NOT_APPLICABLE_GLOBAL_BASELINE,HF9g-P5,,,,X 全窗基线 · 不参与实体赏罚,14192792,1420,A168_HF9F_20260827_0900,2026-08-27 09:00:00
2026-03-29,145103192,2216,0,1409.9400775468,-722.5942897428,-722.5942897428,0.3333333,3,3,0.49771390000000000,0.497713900000,-0.5694369385616226,-0.5694369385616226,-0.5694369385616226,0E-17,ELIGIBLE,R03b_20260811_FULL_v1,L1_ELIGIBILITY,v2026-08-11,2026-03-21..2026-08-06,baccarat_bet02_101_all_pairs_incl_sentinel,round_win = game_pnl > 0 (decisive only),COMPATIBILITY_ONLY_NOT_PRODUCTION,81173.5068,74062.9271,6640.0910,162,159,-0.08180121,,-0.08180121,-0.08180121,-6640.0910,81173.5068,OK,0.0000,265.6036,4.0000,96.0000,AG03-UNRESOLVED,ALL5_LEVELS_bet23_to_bet27,265.6036,265.6036,265.6036,332.0046,332.0046,4.000000,4.000000,4.000000,5.000000,5.000000,96.000000,96.000000,96.000000,95.000000,95.000000,5.0,1460.8200,1338.1494,5179.2710,5301.9416,PENDING_AG03,FALSE,NOT_FOR_ENFORCEMENT,6374.4874,71100.4100,6640.0910,6374.4874,265.6036,0.08180121,0.07852916,265.6036,6374.4874,0.07852916,265.6036,265.6036,265.6036,332.0046,332.0046,6374.4874,0.07852916,1460.8200,1338.1494,5179.2710,5301.9416,0.06380494,0.06531616,0.00327205,501.0710,465.8046,41.7616,948.5844,66.4009,11596.2153,22.7143,,501.0710,176.2425,352.485,851.3536,861.3264,861.3264,1720.2594,344.5306,0.0,2.443583,4.880376,1.421539,29,62,4,5,0E-8,0.08180121,,0E-8,0.000000,0.912403,0.000000,,2026-03-29,2026-05-13,7,100,89,46,0.152174,,,0.000000,,,,,,,,GLOBAL_BASELINE_NO_ENTITY_RANKING,,,NOT_APPLICABLE_GLOBAL_BASELINE,HF9g-P5,,,,X 全窗基线 · 不参与实体赏罚,14192793,1420,A168_HF9F_20260827_0900,2026-08-27 09:00:00
2026-03-29,145103192,772,0,528.7275290800,176.2425096934,176.2425096934,0.5000000,2,2,0.49994810000000000,0.499948100000,0.00014679536856514622,0.00014679536856514622,0.00014679536856514622,0E-17,ELIGIBLE,R03b_20260811_FULL_v1,L1_ELIGIBILITY,v2026-08-11,2026-03-21..2026-08-06,baccarat_bet02_101_all_pairs_incl_sentinel,round_win = game_pnl > 0 (decisive only),COMPATIBILITY_ONLY_NOT_PRODUCTION,81173.5068,74062.9271,6640.0910,162,159,-0.08180121,,-0.08180121,-0.08180121,-6640.0910,81173.5068,OK,0.0000,265.6036,4.0000,96.0000,AG03-UNRESOLVED,ALL5_LEVELS_bet23_to_bet27,265.6036,265.6036,265.6036,332.0046,332.0046,4.000000,4.000000,4.000000,5.000000,5.000000,96.000000,96.000000,96.000000,95.000000,95.000000,5.0,1460.8200,1338.1494,5179.2710,5301.9416,PENDING_AG03,FALSE,NOT_FOR_ENFORCEMENT,6374.4874,71100.4100,6640.0910,6374.4874,265.6036,0.08180121,0.07852916,265.6036,6374.4874,0.07852916,265.6036,265.6036,265.6036,332.0046,332.0046,6374.4874,0.07852916,1460.8200,1338.1494,5179.2710,5301.9416,0.06380494,0.06531616,0.00327205,501.0710,465.8046,41.7616,948.5844,66.4009,11596.2153,22.7143,,501.0710,176.2425,352.485,851.3536,861.3264,861.3264,1720.2594,344.5306,0.0,2.443583,4.880376,1.421539,29,62,4,5,0E-8,0.08180121,,0E-8,0.000000,0.912403,0.000000,,2026-03-29,2026-05-13,7,100,89,46,0.152174,,,0.000000,,,,,,,,GLOBAL_BASELINE_NO_ENTITY_RANKING,,,NOT_APPLICABLE_GLOBAL_BASELINE,HF9g-P5,,,,X 全窗基线 · 不参与实体赏罚,14192794,1420,A168_HF9F_20260827_0900,2026-08-27 09:00:00
2026-03-29,145103192,994,0,176.2425096933,167.4303842087,167.4303842087,1.0000000,1,1,0.50665070000000000,0.506650700000,0.9867858985152569,0.9867858985152569,0.9867858985152569,0E-17,ELIGIBLE,R03b_20260811_FULL_v1,L1_ELIGIBILITY,v2026-08-11,2026-03-21..2026-08-06,baccarat_bet02_101_all_pairs_incl_sentinel,round_win = game_pnl > 0 (decisive only),COMPATIBILITY_ONLY_NOT_PRODUCTION,81173.5068,74062.9271,6640.0910,162,159,-0.08180121,,-0.08180121,-0.08180121,-6640.0910,81173.5068,OK,0.0000,265.6036,4.0000,96.0000,AG03-UNRESOLVED,ALL5_LEVELS_bet23_to_bet27,265.6036,265.6036,265.6036,332.0046,332.0046,4.000000,4.000000,4.000000,5.000000,5.000000,96.000000,96.000000,96.000000,95.000000,95.000000,5.0,1460.8200,1338.1494,5179.2710,5301.9416,PENDING_AG03,FALSE,NOT_FOR_ENFORCEMENT,6374.4874,71100.4100,6640.0910,6374.4874,265.6036,0.08180121,0.07852916,265.6036,6374.4874,0.07852916,265.6036,265.6036,265.6036,332.0046,332.0046,6374.4874,0.07852916,1460.8200,1338.1494,5179.2710,5301.9416,0.06380494,0.06531616,0.00327205,501.0710,465.8046,41.7616,948.5844,66.4009,11596.2153,22.7143,,501.0710,176.2425,352.485,851.3536,861.3264,861.3264,1720.2594,344.5306,0.0,2.443583,4.880376,1.421539,29,62,4,5,0E-8,0.08180121,,0E-8,0.000000,0.912403,0.000000,,2026-03-29,2026-05-13,7,100,89,46,0.152174,,,0.000000,,,,,,,,GLOBAL_BASELINE_NO_ENTITY_RANKING,,,NOT_APPLICABLE_GLOBAL_BASELINE,HF9g-P5,,,,X 全窗基线 · 不参与实体赏罚,14192795,1420,A168_HF9F_20260827_0900,2026-08-27 09:00:00
2026-04-16,145103192,-1,1,6495.8283671039,-476.7580452921,-476.7580452921,0.4545455,11,11,0.50177608181818182,0.501776081818,-0.3132945151139446,-0.31329451511273815,-0.3132945151139446,1.8182E-13,SENTINEL_DEALER,R03b_20260811_FULL_v1,L1_ELIGIBILITY,v2026-08-11,2026-03-21..2026-08-06,baccarat_bet02_101_all_pairs_incl_sentinel,round_win = game_pnl > 0 (decisive only),COMPATIBILITY_ONLY_NOT_PRODUCTION,81173.5068,74062.9271,6640.0910,162,159,-0.08180121,,-0.08180121,-0.08180121,-6640.0910,81173.5068,OK,0.0000,265.6036,4.0000,96.0000,AG03-UNRESOLVED,ALL5_LEVELS_bet23_to_bet27,265.6036,265.6036,265.6036,332.0046,332.0046,4.000000,4.000000,4.000000,5.000000,5.000000,96.000000,96.000000,96.000000,95.000000,95.000000,5.0,1460.8200,1338.1494,5179.2710,5301.9416,PENDING_AG03,FALSE,NOT_FOR_ENFORCEMENT,6374.4874,71100.4100,6640.0910,6374.4874,265.6036,0.08180121,0.07852916,265.6036,6374.4874,0.07852916,265.6036,265.6036,265.6036,332.0046,332.0046,6374.4874,0.07852916,1460.8200,1338.1494,5179.2710,5301.9416,0.06380494,0.06531616,0.00327205,501.0710,465.8046,41.7616,948.5844,66.4009,11596.2153,22.7143,,501.0710,176.2425,352.485,851.3536,861.3264,861.3264,1720.2594,344.5306,0.0,2.443583,4.880376,1.421539,29,62,4,5,0E-8,0.08180121,,0E-8,0.000000,0.912403,0.000000,,2026-03-29,2026-05-13,7,100,89,46,0.152174,,,0.000000,,,,,,,,GLOBAL_BASELINE_NO_ENTITY_RANKING,,,NOT_APPLICABLE_GLOBAL_BASELINE,HF9g-P5,,,,X 全窗基线 · 不参与实体赏罚,14192796,1420,A168_HF9F_20260827_0900,2026-08-27 09:00:00
2026-04-16,145103192,1157,0,1702.7073046144,-1702.7073046144,-1702.7073046144,0E-7,2,2,0.49994810000000000,0.499948100000,-1.4140667746232096,-1.4140667746232096,-1.4140667746232096,0E-17,ELIGIBLE,R03b_20260811_FULL_v1,L1_ELIGIBILITY,v2026-08-11,2026-03-21..2026-08-06,baccarat_bet02_101_all_pairs_incl_sentinel,round_win = game_pnl > 0 (decisive only),COMPATIBILITY_ONLY_NOT_PRODUCTION,81173.5068,74062.9271,6640.0910,162,159,-0.08180121,,-0.08180121,-0.08180121,-6640.0910,81173.5068,OK,0.0000,265.6036,4.0000,96.0000,AG03-UNRESOLVED,ALL5_LEVELS_bet23_to_bet27,265.6036,265.6036,265.6036,332.0046,332.0046,4.000000,4.000000,4.000000,5.000000,5.000000,96.000000,96.000000,96.000000,95.000000,95.000000,5.0,1460.8200,1338.1494,5179.2710,5301.9416,PENDING_AG03,FALSE,NOT_FOR_ENFORCEMENT,6374.4874,71100.4100,6640.0910,6374.4874,265.6036,0.08180121,0.07852916,265.6036,6374.4874,0.07852916,265.6036,265.6036,265.6036,332.0046,332.0046,6374.4874,0.07852916,1460.8200,1338.1494,5179.2710,5301.9416,0.06380494,0.06531616,0.00327205,501.0710,465.8046,41.7616,948.5844,66.4009,11596.2153,22.7143,,501.0710,176.2425,352.485,851.3536,861.3264,861.3264,1720.2594,344.5306,0.0,2.443583,4.880376,1.421539,29,62,4,5,0E-8,0.08180121,,0E-8,0.000000,0.912403,0.000000,,2026-03-29,2026-05-13,7,100,89,46,0.152174,,,0.000000,,,,,,,,GLOBAL_BASELINE_NO_ENTITY_RANKING,,,NOT_APPLICABLE_GLOBAL_BASELINE,HF9g-P5,,,,X 全窗基线 · 不参与实体赏罚,14192797,1420,A168_HF9F_20260827_0900,2026-08-27 09:00:00
2026-04-16,145103192,1325,0,1362.1658436915,297.9737783075,297.9737783075,0.3333333,3,3,0.50218230000000000,0.502182300000,-0.5849155494134425,-0.5849155494134426,-0.5849155494134425,0E-17,ELIGIBLE,R03b_20260811_FULL_v1,L1_ELIGIBILITY,v2026-08-11,2026-03-21..2026-08-06,baccarat_bet02_101_all_pairs_incl_sentinel,round_win = game_pnl > 0 (decisive only),COMPATIBILITY_ONLY_NOT_PRODUCTION,81173.5068,74062.9271,6640.0910,162,159,-0.08180121,,-0.08180121,-0.08180121,-6640.0910,81173.5068,OK,0.0000,265.6036,4.0000,96.0000,AG03-UNRESOLVED,ALL5_LEVELS_bet23_to_bet27,265.6036,265.6036,265.6036,332.0046,332.0046,4.000000,4.000000,4.000000,5.000000,5.000000,96.000000,96.000000,96.000000,95.000000,95.000000,5.0,1460.8200,1338.1494,5179.2710,5301.9416,PENDING_AG03,FALSE,NOT_FOR_ENFORCEMENT,6374.4874,71100.4100,6640.0910,6374.4874,265.6036,0.08180121,0.07852916,265.6036,6374.4874,0.07852916,265.6036,265.6036,265.6036,332.0046,332.0046,6374.4874,0.07852916,1460.8200,1338.1494,5179.2710,5301.9416,0.06380494,0.06531616,0.00327205,501.0710,465.8046,41.7616,948.5844,66.4009,11596.2153,22.7143,,501.0710,176.2425,352.485,851.3536,861.3264,861.3264,1720.2594,344.5306,0.0,2.443583,4.880376,1.421539,29,62,4,5,0E-8,0.08180121,,0E-8,0.000000,0.912403,0.000000,,2026-03-29,2026-05-13,7,100,89,46,0.152174,,,0.000000,,,,,,,,GLOBAL_BASELINE_NO_ENTITY_RANKING,,,NOT_APPLICABLE_GLOBAL_BASELINE,HF9g-P5,,,,X 全窗基线 · 不参与实体赏罚,14192798,1420,A168_HF9F_20260827_0900,2026-08-27 09:00:00
2026-04-16,145103192,1384,0,170.2707304614,161.7571939384,161.7571939384,1.0000000,1,1,0.50665070000000000,0.506650700000,0.9867858985152569,0.9867858985152569,0.9867858985152569,0E-17,ELIGIBLE,R03b_20260811_FULL_v1,L1_ELIGIBILITY,v2026-08-11,2026-03-21..2026-08-06,baccarat_bet02_101_all_pairs_incl_sentinel,round_win = game_pnl > 0 (decisive only),COMPATIBILITY_ONLY_NOT_PRODUCTION,81173.5068,74062.9271,6640.0910,162,159,-0.08180121,,-0.08180121,-0.08180121,-6640.0910,81173.5068,OK,0.0000,265.6036,4.0000,96.0000,AG03-UNRESOLVED,ALL5_LEVELS_bet23_to_bet27,265.6036,265.6036,265.6036,332.0046,332.0046,4.000000,4.000000,4.000000,5.000000,5.000000,96.000000,96.000000,96.000000,95.000000,95.000000,5.0,1460.8200,1338.1494,5179.2710,5301.9416,PENDING_AG03,FALSE,NOT_FOR_ENFORCEMENT,6374.4874,71100.4100,6640.0910,6374.4874,265.6036,0.08180121,0.07852916,265.6036,6374.4874,0.07852916,265.6036,265.6036,265.6036,332.0046,332.0046,6374.4874,0.07852916,1460.8200,1338.1494,5179.2710,5301.9416,0.06380494,0.06531616,0.00327205,501.0710,465.8046,41.7616,948.5844,66.4009,11596.2153,22.7143,,501.0710,176.2425,352.485,851.3536,861.3264,861.3264,1720.2594,344.5306,0.0,2.443583,4.880376,1.421539,29,62,4,5,0E-8,0.08180121,,0E-8,0.000000,0.912403,0.000000,,2026-03-29,2026-05-13,7,100,89,46,0.152174,,,0.000000,,,,,,,,GLOBAL_BASELINE_NO_ENTITY_RANKING,,,NOT_APPLICABLE_GLOBAL_BASELINE,HF9g-P5,,,,X 全窗基线 · 不参与实体赏罚,14192799,1420,A168_HF9F_20260827_0900,2026-08-27 09:00:00
2026-04-16,145103192,1385,0,1191.8951132301,510.8121913843,510.8121913843,0.5000000,2,2,0.49324550000000000,0.493245500000,0.01910635448239258,0.01910635448239258,0.01910635448239258,0E-17,ELIGIBLE,R03b_20260811_FULL_v1,L1_ELIGIBILITY,v2026-08-11,2026-03-21..2026-08-06,baccarat_bet02_101_all_pairs_incl_sentinel,round_win = game_pnl > 0 (decisive only),COMPATIBILITY_ONLY_NOT_PRODUCTION,81173.5068,74062.9271,6640.0910,162,159,-0.08180121,,-0.08180121,-0.08180121,-6640.0910,81173.5068,OK,0.0000,265.6036,4.0000,96.0000,AG03-UNRESOLVED,ALL5_LEVELS_bet23_to_bet27,265.6036,265.6036,265.6036,332.0046,332.0046,4.000000,4.000000,4.000000,5.000000,5.000000,96.000000,96.000000,96.000000,95.000000,95.000000,5.0,1460.8200,1338.1494,5179.2710,5301.9416,PENDING_AG03,FALSE,NOT_FOR_ENFORCEMENT,6374.4874,71100.4100,6640.0910,6374.4874,265.6036,0.08180121,0.07852916,265.6036,6374.4874,0.07852916,265.6036,265.6036,265.6036,332.0046,332.0046,6374.4874,0.07852916,1460.8200,1338.1494,5179.2710,5301.9416,0.06380494,0.06531616,0.00327205,501.0710,465.8046,41.7616,948.5844,66.4009,11596.2153,22.7143,,501.0710,176.2425,352.485,851.3536,861.3264,861.3264,1720.2594,344.5306,0.0,2.443583,4.880376,1.421539,29,62,4,5,0E-8,0.08180121,,0E-8,0.000000,0.912403,0.000000,,2026-03-29,2026-05-13,7,100,89,46,0.152174,,,0.000000,,,,,,,,GLOBAL_BASELINE_NO_ENTITY_RANKING,,,NOT_APPLICABLE_GLOBAL_BASELINE,HF9g-P5,,,,X 全窗基线 · 不参与实体赏罚,14192800,1420,A168_HF9F_20260827_0900,2026-08-27 09:00:00
2026-04-16,145103192,1507,0,1872.9780350757,-1872.9780350757,-1872.9780350757,0E-7,2,2,0.49994810000000000,0.499948100000,-1.4140667746232096,-1.4140667746232096,-1.4140667746232096,0E-17,ELIGIBLE,R03b_20260811_FULL_v1,L1_ELIGIBILITY,v2026-08-11,2026-03-21..2026-08-06,baccarat_bet02_101_all_pairs_incl_sentinel,round_win = game_pnl > 0 (decisive only),COMPATIBILITY_ONLY_NOT_PRODUCTION,81173.5068,74062.9271,6640.0910,162,159,-0.08180121,,-0.08180121,-0.08180121,-6640.0910,81173.5068,OK,0.0000,265.6036,4.0000,96.0000,AG03-UNRESOLVED,ALL5_LEVELS_bet23_to_bet27,265.6036,265.6036,265.6036,332.0046,332.0046,4.000000,4.000000,4.000000,5.000000,5.000000,96.000000,96.000000,96.000000,95.000000,95.000000,5.0,1460.8200,1338.1494,5179.2710,5301.9416,PENDING_AG03,FALSE,NOT_FOR_ENFORCEMENT,6374.4874,71100.4100,6640.0910,6374.4874,265.6036,0.08180121,0.07852916,265.6036,6374.4874,0.07852916,265.6036,265.6036,265.6036,332.0046,332.0046,6374.4874,0.07852916,1460.8200,1338.1494,5179.2710,5301.9416,0.06380494,0.06531616,0.00327205,501.0710,465.8046,41.7616,948.5844,66.4009,11596.2153,22.7143,,501.0710,176.2425,352.485,851.3536,861.3264,861.3264,1720.2594,344.5306,0.0,2.443583,4.880376,1.421539,29,62,4,5,0E-8,0.08180121,,0E-8,0.000000,0.912403,0.000000,,2026-03-29,2026-05-13,7,100,89,46,0.152174,,,0.000000,,,,,,,,GLOBAL_BASELINE_NO_ENTITY_RANKING,,,NOT_APPLICABLE_GLOBAL_BASELINE,HF9g-P5,,,,X 全窗基线 · 不参与实体赏罚,14192801,1420,A168_HF9F_20260827_0900,2026-08-27 09:00:00
2026-04-16,145103192,1702,0,851.3536523072,161.7571939384,161.7571939384,0.6666667,3,3,0.49771390000000000,0.497713900000,0.5852756695216578,0.5852756695216578,0.5852756695216578,0E-17,ELIGIBLE,R03b_20260811_FULL_v1,L1_ELIGIBILITY,v2026-08-11,2026-03-21..2026-08-06,baccarat_bet02_101_all_pairs_incl_sentinel,round_win = game_pnl > 0 (decisive only),COMPATIBILITY_ONLY_NOT_PRODUCTION,81173.5068,74062.9271,6640.0910,162,159,-0.08180121,,-0.08180121,-0.08180121,-6640.0910,81173.5068,OK,0.0000,265.6036,4.0000,96.0000,AG03-UNRESOLVED,ALL5_LEVELS_bet23_to_bet27,265.6036,265.6036,265.6036,332.0046,332.0046,4.000000,4.000000,4.000000,5.000000,5.000000,96.000000,96.000000,96.000000,95.000000,95.000000,5.0,1460.8200,1338.1494,5179.2710,5301.9416,PENDING_AG03,FALSE,NOT_FOR_ENFORCEMENT,6374.4874,71100.4100,6640.0910,6374.4874,265.6036,0.08180121,0.07852916,265.6036,6374.4874,0.07852916,265.6036,265.6036,265.6036,332.0046,332.0046,6374.4874,0.07852916,1460.8200,1338.1494,5179.2710,5301.9416,0.06380494,0.06531616,0.00327205,501.0710,465.8046,41.7616,948.5844,66.4009,11596.2153,22.7143,,501.0710,176.2425,352.485,851.3536,861.3264,861.3264,1720.2594,344.5306,0.0,2.443583,4.880376,1.421539,29,62,4,5,0E-8,0.08180121,,0E-8,0.000000,0.912403,0.000000,,2026-03-29,2026-05-13,7,100,89,46,0.152174,,,0.000000,,,,,,,,GLOBAL_BASELINE_NO_ENTITY_RANKING,,,NOT_APPLICABLE_GLOBAL_BASELINE,HF9g-P5,,,,X 全窗基线 · 不参与实体赏罚,14192802,1420,A168_HF9F_20260827_0900,2026-08-27 09:00:00
2026-04-16,145103192,1710,0,2043.2487655373,-383.1091435383,-383.1091435383,0.3333333,3,3,0.49771390000000000,0.497713900000,-0.5694369385616226,-0.5694369385616226,-0.5694369385616226,0E-17,ELIGIBLE,R03b_20260811_FULL_v1,L1_ELIGIBILITY,v2026-08-11,2026-03-21..2026-08-06,baccarat_bet02_101_all_pairs_incl_sentinel,round_win = game_pnl > 0 (decisive only),COMPATIBILITY_ONLY_NOT_PRODUCTION,81173.5068,74062.9271,6640.0910,162,159,-0.08180121,,-0.08180121,-0.08180121,-6640.0910,81173.5068,OK,0.0000,265.6036,4.0000,96.0000,AG03-UNRESOLVED,ALL5_LEVELS_bet23_to_bet27,265.6036,265.6036,265.6036,332.0046,332.0046,4.000000,4.000000,4.000000,5.000000,5.000000,96.000000,96.000000,96.000000,95.000000,95.000000,5.0,1460.8200,1338.1494,5179.2710,5301.9416,PENDING_AG03,FALSE,NOT_FOR_ENFORCEMENT,6374.4874,71100.4100,6640.0910,6374.4874,265.6036,0.08180121,0.07852916,265.6036,6374.4874,0.07852916,265.6036,265.6036,265.6036,332.0046,332.0046,6374.4874,0.07852916,1460.8200,1338.1494,5179.2710,5301.9416,0.06380494,0.06531616,0.00327205,501.0710,465.8046,41.7616,948.5844,66.4009,11596.2153,22.7143,,501.0710,176.2425,352.485,851.3536,861.3264,861.3264,1720.2594,344.5306,0.0,2.443583,4.880376,1.421539,29,62,4,5,0E-8,0.08180121,,0E-8,0.000000,0.912403,0.000000,,2026-03-29,2026-05-13,7,100,89,46,0.152174,,,0.000000,,,,,,,,GLOBAL_BASELINE_NO_ENTITY_RANKING,,,NOT_APPLICABLE_GLOBAL_BASELINE,HF9g-P5,,,,X 全窗基线 · 不参与实体赏罚,14192803,1420,A168_HF9F_20260827_0900,2026-08-27 09:00:00
2026-04-16,145103192,1714,0,170.2707304614,170.2707304614,170.2707304614,1.0000000,1,1,0.49324550000000000,0.493245500000,1.01360149184955,1.01360149184955,1.01360149184955,0E-17,ELIGIBLE,R03b_20260811_FULL_v1,L1_ELIGIBILITY,v2026-08-11,2026-03-21..2026-08-06,baccarat_bet02_101_all_pairs_incl_sentinel,round_win = game_pnl > 0 (decisive only),COMPATIBILITY_ONLY_NOT_PRODUCTION,81173.5068,74062.9271,6640.0910,162,159,-0.08180121,,-0.08180121,-0.08180121,-6640.0910,81173.5068,OK,0.0000,265.6036,4.0000,96.0000,AG03-UNRESOLVED,ALL5_LEVELS_bet23_to_bet27,265.6036,265.6036,265.6036,332.0046,332.0046,4.000000,4.000000,4.000000,5.000000,5.000000,96.000000,96.000000,96.000000,95.000000,95.000000,5.0,1460.8200,1338.1494,5179.2710,5301.9416,PENDING_AG03,FALSE,NOT_FOR_ENFORCEMENT,6374.4874,71100.4100,6640.0910,6374.4874,265.6036,0.08180121,0.07852916,265.6036,6374.4874,0.07852916,265.6036,265.6036,265.6036,332.0046,332.0046,6374.4874,0.07852916,1460.8200,1338.1494,5179.2710,5301.9416,0.06380494,0.06531616,0.00327205,501.0710,465.8046,41.7616,948.5844,66.4009,11596.2153,22.7143,,501.0710,176.2425,352.485,851.3536,861.3264,861.3264,1720.2594,344.5306,0.0,2.443583,4.880376,1.421539,29,62,4,5,0E-8,0.08180121,,0E-8,0.000000,0.912403,0.000000,,2026-03-29,2026-05-13,7,100,89,46,0.152174,,,0.000000,,,,,,,,GLOBAL_BASELINE_NO_ENTITY_RANKING,,,NOT_APPLICABLE_GLOBAL_BASELINE,HF9g-P5,,,,X 全窗基线 · 不参与实体赏罚,14192804,1420,A168_HF9F_20260827_0900,2026-08-27 09:00:00
2026-04-16,145103192,1947,0,170.2707304614,170.2707304614,170.2707304614,1.0000000,1,1,0.49324550000000000,0.493245500000,1.01360149184955,1.01360149184955,1.01360149184955,0E-17,ELIGIBLE,R03b_20260811_FULL_v1,L1_ELIGIBILITY,v2026-08-11,2026-03-21..2026-08-06,baccarat_bet02_101_all_pairs_incl_sentinel,round_win = game_pnl > 0 (decisive only),COMPATIBILITY_ONLY_NOT_PRODUCTION,81173.5068,74062.9271,6640.0910,162,159,-0.08180121,,-0.08180121,-0.08180121,-6640.0910,81173.5068,OK,0.0000,265.6036,4.0000,96.0000,AG03-UNRESOLVED,ALL5_LEVELS_bet23_to_bet27,265.6036,265.6036,265.6036,332.0046,332.0046,4.000000,4.000000,4.000000,5.000000,5.000000,96.000000,96.000000,96.000000,95.000000,95.000000,5.0,1460.8200,1338.1494,5179.2710,5301.9416,PENDING_AG03,FALSE,NOT_FOR_ENFORCEMENT,6374.4874,71100.4100,6640.0910,6374.4874,265.6036,0.08180121,0.07852916,265.6036,6374.4874,0.07852916,265.6036,265.6036,265.6036,332.0046,332.0046,6374.4874,0.07852916,1460.8200,1338.1494,5179.2710,5301.9416,0.06380494,0.06531616,0.00327205,501.0710,465.8046,41.7616,948.5844,66.4009,11596.2153,22.7143,,501.0710,176.2425,352.485,851.3536,861.3264,861.3264,1720.2594,344.5306,0.0,2.443583,4.880376,1.421539,29,62,4,5,0E-8,0.08180121,,0E-8,0.000000,0.912403,0.000000,,2026-03-29,2026-05-13,7,100,89,46,0.152174,,,0.000000,,,,,,,,GLOBAL_BASELINE_NO_ENTITY_RANKING,,,NOT_APPLICABLE_GLOBAL_BASELINE,HF9g-P5,,,,X 全窗基线 · 不参与实体赏罚,14192805,1420,A168_HF9F_20260827_0900,2026-08-27 09:00:00
2026-04-16,145103192,1966,0,510.8121913842,-510.8121913842,-510.8121913842,0E-7,3,3,0.49771390000000000,0.497713900000,-1.724149546644903,-1.724149546644903,-1.724149546644903,0E-17,ELIGIBLE,R03b_20260811_FULL_v1,L1_ELIGIBILITY,v2026-08-11,2026-03-21..2026-08-06,baccarat_bet02_101_all_pairs_incl_sentinel,round_win = game_pnl > 0 (decisive only),COMPATIBILITY_ONLY_NOT_PRODUCTION,81173.5068,74062.9271,6640.0910,162,159,-0.08180121,,-0.08180121,-0.08180121,-6640.0910,81173.5068,OK,0.0000,265.6036,4.0000,96.0000,AG03-UNRESOLVED,ALL5_LEVELS_bet23_to_bet27,265.6036,265.6036,265.6036,332.0046,332.0046,4.000000,4.000000,4.000000,5.000000,5.000000,96.000000,96.000000,96.000000,95.000000,95.000000,5.0,1460.8200,1338.1494,5179.2710,5301.9416,PENDING_AG03,FALSE,NOT_FOR_ENFORCEMENT,6374.4874,71100.4100,6640.0910,6374.4874,265.6036,0.08180121,0.07852916,265.6036,6374.4874,0.07852916,265.6036,265.6036,265.6036,332.0046,332.0046,6374.4874,0.07852916,1460.8200,1338.1494,5179.2710,5301.9416,0.06380494,0.06531616,0.00327205,501.0710,465.8046,41.7616,948.5844,66.4009,11596.2153,22.7143,,501.0710,176.2425,352.485,851.3536,861.3264,861.3264,1720.2594,344.5306,0.0,2.443583,4.880376,1.421539,29,62,4,5,0E-8,0.08180121,,0E-8,0.000000,0.912403,0.000000,,2026-03-29,2026-05-13,7,100,89,46,0.152174,,,0.000000,,,,,,,,GLOBAL_BASELINE_NO_ENTITY_RANKING,,,NOT_APPLICABLE_GLOBAL_BASELINE,HF9g-P5,,,,X 全窗基线 · 不参与实体赏罚,14192806,1420,A168_HF9F_20260827_0900,2026-08-27 09:00:00
2026-04-16,145103192,2169,0,1872.9780350758,170.2707304614,170.2707304614,0.6666667,3,3,0.49771390000000000,0.497713900000,0.5852756695216578,0.5852756695216578,0.5852756695216578,0E-17,ELIGIBLE,R03b_20260811_FULL_v1,L1_ELIGIBILITY,v2026-08-11,2026-03-21..2026-08-06,baccarat_bet02_101_all_pairs_incl_sentinel,round_win = game_pnl > 0 (decisive only),COMPATIBILITY_ONLY_NOT_PRODUCTION,81173.5068,74062.9271,6640.0910,162,159,-0.08180121,,-0.08180121,-0.08180121,-6640.0910,81173.5068,OK,0.0000,265.6036,4.0000,96.0000,AG03-UNRESOLVED,ALL5_LEVELS_bet23_to_bet27,265.6036,265.6036,265.6036,332.0046,332.0046,4.000000,4.000000,4.000000,5.000000,5.000000,96.000000,96.000000,96.000000,95.000000,95.000000,5.0,1460.8200,1338.1494,5179.2710,5301.9416,PENDING_AG03,FALSE,NOT_FOR_ENFORCEMENT,6374.4874,71100.4100,6640.0910,6374.4874,265.6036,0.08180121,0.07852916,265.6036,6374.4874,0.07852916,265.6036,265.6036,265.6036,332.0046,332.0046,6374.4874,0.07852916,1460.8200,1338.1494,5179.2710,5301.9416,0.06380494,0.06531616,0.00327205,501.0710,465.8046,41.7616,948.5844,66.4009,11596.2153,22.7143,,501.0710,176.2425,352.485,851.3536,861.3264,861.3264,1720.2594,344.5306,0.0,2.443583,4.880376,1.421539,29,62,4,5,0E-8,0.08180121,,0E-8,0.000000,0.912403,0.000000,,2026-03-29,2026-05-13,7,100,89,46,0.152174,,,0.000000,,,,,,,,GLOBAL_BASELINE_NO_ENTITY_RANKING,,,NOT_APPLICABLE_GLOBAL_BASELINE,HF9g-P5,,,,X 全窗基线 · 不参与实体赏罚,14192807,1420,A168_HF9F_20260827_0900,2026-08-27 09:00:00
2026-04-16,145103192,2171,0,510.8121913843,153.2436574153,153.2436574153,0.5000000,2,2,0.50665070000000000,0.506650700000,-0.018812684590367487,-0.018812684590367487,-0.018812684590367487,0E-17,ELIGIBLE,R03b_20260811_FULL_v1,L1_ELIGIBILITY,v2026-08-11,2026-03-21..2026-08-06,baccarat_bet02_101_all_pairs_incl_sentinel,round_win = game_pnl > 0 (decisive only),COMPATIBILITY_ONLY_NOT_PRODUCTION,81173.5068,74062.9271,6640.0910,162,159,-0.08180121,,-0.08180121,-0.08180121,-6640.0910,81173.5068,OK,0.0000,265.6036,4.0000,96.0000,AG03-UNRESOLVED,ALL5_LEVELS_bet23_to_bet27,265.6036,265.6036,265.6036,332.0046,332.0046,4.000000,4.000000,4.000000,5.000000,5.000000,96.000000,96.000000,96.000000,95.000000,95.000000,5.0,1460.8200,1338.1494,5179.2710,5301.9416,PENDING_AG03,FALSE,NOT_FOR_ENFORCEMENT,6374.4874,71100.4100,6640.0910,6374.4874,265.6036,0.08180121,0.07852916,265.6036,6374.4874,0.07852916,265.6036,265.6036,265.6036,332.0046,332.0046,6374.4874,0.07852916,1460.8200,1338.1494,5179.2710,5301.9416,0.06380494,0.06531616,0.00327205,501.0710,465.8046,41.7616,948.5844,66.4009,11596.2153,22.7143,,501.0710,176.2425,352.485,851.3536,861.3264,861.3264,1720.2594,344.5306,0.0,2.443583,4.880376,1.421539,29,62,4,5,0E-8,0.08180121,,0E-8,0.000000,0.912403,0.000000,,2026-03-29,2026-05-13,7,100,89,46,0.152174,,,0.000000,,,,,,,,GLOBAL_BASELINE_NO_ENTITY_RANKING,,,NOT_APPLICABLE_GLOBAL_BASELINE,HF9g-P5,,,,X 全窗基线 · 不参与实体赏罚,14192808,1420,A168_HF9F_20260827_0900,2026-08-27 09:00:00
2026-04-16,145103192,2205,0,340.5414609229,0E-10,0E-10,,1,1,0.49324550000000000,0.493245500000,,,,0E-17,NO_DECISIVE_ROUND,R03b_20260811_FULL_v1,L1_ELIGIBILITY,v2026-08-11,2026-03-21..2026-08-06,baccarat_bet02_101_all_pairs_incl_sentinel,round_win = game_pnl > 0 (decisive only),COMPATIBILITY_ONLY_NOT_PRODUCTION,81173.5068,74062.9271,6640.0910,162,159,-0.08180121,,-0.08180121,-0.08180121,-6640.0910,81173.5068,OK,0.0000,265.6036,4.0000,96.0000,AG03-UNRESOLVED,ALL5_LEVELS_bet23_to_bet27,265.6036,265.6036,265.6036,332.0046,332.0046,4.000000,4.000000,4.000000,5.000000,5.000000,96.000000,96.000000,96.000000,95.000000,95.000000,5.0,1460.8200,1338.1494,5179.2710,5301.9416,PENDING_AG03,FALSE,NOT_FOR_ENFORCEMENT,6374.4874,71100.4100,6640.0910,6374.4874,265.6036,0.08180121,0.07852916,265.6036,6374.4874,0.07852916,265.6036,265.6036,265.6036,332.0046,332.0046,6374.4874,0.07852916,1460.8200,1338.1494,5179.2710,5301.9416,0.06380494,0.06531616,0.00327205,501.0710,465.8046,41.7616,948.5844,66.4009,11596.2153,22.7143,,501.0710,176.2425,352.485,851.3536,861.3264,861.3264,1720.2594,344.5306,0.0,2.443583,4.880376,1.421539,29,62,4,5,0E-8,0.08180121,,0E-8,0.000000,0.912403,0.000000,,2026-03-29,2026-05-13,7,100,89,46,0.152174,,,0.000000,,,,,,,,GLOBAL_BASELINE_NO_ENTITY_RANKING,,,NOT_APPLICABLE_GLOBAL_BASELINE,HF9g-P5,,,,X 全窗基线 · 不参与实体赏罚,14192809,1420,A168_HF9F_20260827_0900,2026-08-27 09:00:00
2026-04-16,145103192,2233,0,1532.4365741529,-1532.4365741529,-1532.4365741529,0E-7,2,2,0.49324550000000000,0.493245500000,-1.3952362676504506,-1.3952362676504506,-1.3952362676504506,0E-17,ELIGIBLE,R03b_20260811_FULL_v1,L1_ELIGIBILITY,v2026-08-11,2026-03-21..2026-08-06,baccarat_bet02_101_all_pairs_incl_sentinel,round_win = game_pnl > 0 (decisive only),COMPATIBILITY_ONLY_NOT_PRODUCTION,81173.5068,74062.9271,6640.0910,162,159,-0.08180121,,-0.08180121,-0.08180121,-6640.0910,81173.5068,OK,0.0000,265.6036,4.0000,96.0000,AG03-UNRESOLVED,ALL5_LEVELS_bet23_to_bet27,265.6036,265.6036,265.6036,332.0046,332.0046,4.000000,4.000000,4.000000,5.000000,5.000000,96.000000,96.000000,96.000000,95.000000,95.000000,5.0,1460.8200,1338.1494,5179.2710,5301.9416,PENDING_AG03,FALSE,NOT_FOR_ENFORCEMENT,6374.4874,71100.4100,6640.0910,6374.4874,265.6036,0.08180121,0.07852916,265.6036,6374.4874,0.07852916,265.6036,265.6036,265.6036,332.0046,332.0046,6374.4874,0.07852916,1460.8200,1338.1494,5179.2710,5301.9416,0.06380494,0.06531616,0.00327205,501.0710,465.8046,41.7616,948.5844,66.4009,11596.2153,22.7143,,501.0710,176.2425,352.485,851.3536,861.3264,861.3264,1720.2594,344.5306,0.0,2.443583,4.880376,1.421539,29,62,4,5,0E-8,0.08180121,,0E-8,0.000000,0.912403,0.000000,,2026-03-29,2026-05-13,7,100,89,46,0.152174,,,0.000000,,,,,,,,GLOBAL_BASELINE_NO_ENTITY_RANKING,,,NOT_APPLICABLE_GLOBAL_BASELINE,HF9g-P5,,,,X 全窗基线 · 不参与实体赏罚,14192810,1420,A168_HF9F_20260827_0900,2026-08-27 09:00:00
2026-04-16,145103192,2256,0,2043.2487655373,-2043.2487655373,-2043.2487655373,0E-7,3,3,0.50218230000000000,0.502182300000,-1.7396270863184011,-1.7396270863184016,-1.7396270863184011,0E-17,ELIGIBLE,R03b_20260811_FULL_v1,L1_ELIGIBILITY,v2026-08-11,2026-03-21..2026-08-06,baccarat_bet02_101_all_pairs_incl_sentinel,round_win = game_pnl > 0 (decisive only),COMPATIBILITY_ONLY_NOT_PRODUCTION,81173.5068,74062.9271,6640.0910,162,159,-0.08180121,,-0.08180121,-0.08180121,-6640.0910,81173.5068,OK,0.0000,265.6036,4.0000,96.0000,AG03-UNRESOLVED,ALL5_LEVELS_bet23_to_bet27,265.6036,265.6036,265.6036,332.0046,332.0046,4.000000,4.000000,4.000000,5.000000,5.000000,96.000000,96.000000,96.000000,95.000000,95.000000,5.0,1460.8200,1338.1494,5179.2710,5301.9416,PENDING_AG03,FALSE,NOT_FOR_ENFORCEMENT,6374.4874,71100.4100,6640.0910,6374.4874,265.6036,0.08180121,0.07852916,265.6036,6374.4874,0.07852916,265.6036,265.6036,265.6036,332.0046,332.0046,6374.4874,0.07852916,1460.8200,1338.1494,5179.2710,5301.9416,0.06380494,0.06531616,0.00327205,501.0710,465.8046,41.7616,948.5844,66.4009,11596.2153,22.7143,,501.0710,176.2425,352.485,851.3536,861.3264,861.3264,1720.2594,344.5306,0.0,2.443583,4.880376,1.421539,29,62,4,5,0E-8,0.08180121,,0E-8,0.000000,0.912403,0.000000,,2026-03-29,2026-05-13,7,100,89,46,0.152174,,,0.000000,,,,,,,,GLOBAL_BASELINE_NO_ENTITY_RANKING,,,NOT_APPLICABLE_GLOBAL_BASELINE,HF9g-P5,,,,X 全窗基线 · 不参与实体赏罚,14192811,1420,A168_HF9F_20260827_0900,2026-08-27 09:00:00
2026-04-16,145103192,529,0,1191.8951132301,144.7301208922,144.7301208922,0.6666667,4,4,0.50329940000000000,0.503299400000,0.5659331339966515,0.5659331339966515,0.5659331339966515,0E-17,ELIGIBLE,R03b_20260811_FULL_v1,L1_ELIGIBILITY,v2026-08-11,2026-03-21..2026-08-06,baccarat_bet02_101_all_pairs_incl_sentinel,round_win = game_pnl > 0 (decisive only),COMPATIBILITY_ONLY_NOT_PRODUCTION,81173.5068,74062.9271,6640.0910,162,159,-0.08180121,,-0.08180121,-0.08180121,-6640.0910,81173.5068,OK,0.0000,265.6036,4.0000,96.0000,AG03-UNRESOLVED,ALL5_LEVELS_bet23_to_bet27,265.6036,265.6036,265.6036,332.0046,332.0046,4.000000,4.000000,4.000000,5.000000,5.000000,96.000000,96.000000,96.000000,95.000000,95.000000,5.0,1460.8200,1338.1494,5179.2710,5301.9416,PENDING_AG03,FALSE,NOT_FOR_ENFORCEMENT,6374.4874,71100.4100,6640.0910,6374.4874,265.6036,0.08180121,0.07852916,265.6036,6374.4874,0.07852916,265.6036,265.6036,265.6036,332.0046,332.0046,6374.4874,0.07852916,1460.8200,1338.1494,5179.2710,5301.9416,0.06380494,0.06531616,0.00327205,501.0710,465.8046,41.7616,948.5844,66.4009,11596.2153,22.7143,,501.0710,176.2425,352.485,851.3536,861.3264,861.3264,1720.2594,344.5306,0.0,2.443583,4.880376,1.421539,29,62,4,5,0E-8,0.08180121,,0E-8,0.000000,0.912403,0.000000,,2026-03-29,2026-05-13,7,100,89,46,0.152174,,,0.000000,,,,,,,,GLOBAL_BASELINE_NO_ENTITY_RANKING,,,NOT_APPLICABLE_GLOBAL_BASELINE,HF9g-P5,,,,X 全窗基线 · 不参与实体赏罚,14192812,1420,A168_HF9F_20260827_0900,2026-08-27 09:00:00
2026-04-16,145103192,550,0,510.8121913842,493.7851183382,493.7851183382,1.0000000,3,3,0.50218230000000000,0.502182300000,1.724507524396475,1.7245075243964754,1.724507524396475,0E-17,ELIGIBLE,R03b_20260811_FULL_v1,L1_ELIGIBILITY,v2026-08-11,2026-03-21..2026-08-06,baccarat_bet02_101_all_pairs_incl_sentinel,round_win = game_pnl > 0 (decisive only),COMPATIBILITY_ONLY_NOT_PRODUCTION,81173.5068,74062.9271,6640.0910,162,159,-0.08180121,,-0.08180121,-0.08180121,-6640.0910,81173.5068,OK,0.0000,265.6036,4.0000,96.0000,AG03-UNRESOLVED,ALL5_LEVELS_bet23_to_bet27,265.6036,265.6036,265.6036,332.0046,332.0046,4.000000,4.000000,4.000000,5.000000,5.000000,96.000000,96.000000,96.000000,95.000000,95.000000,5.0,1460.8200,1338.1494,5179.2710,5301.9416,PENDING_AG03,FALSE,NOT_FOR_ENFORCEMENT,6374.4874,71100.4100,6640.0910,6374.4874,265.6036,0.08180121,0.07852916,265.6036,6374.4874,0.07852916,265.6036,265.6036,265.6036,332.0046,332.0046,6374.4874,0.07852916,1460.8200,1338.1494,5179.2710,5301.9416,0.06380494,0.06531616,0.00327205,501.0710,465.8046,41.7616,948.5844,66.4009,11596.2153,22.7143,,501.0710,176.2425,352.485,851.3536,861.3264,861.3264,1720.2594,344.5306,0.0,2.443583,4.880376,1.421539,29,62,4,5,0E-8,0.08180121,,0E-8,0.000000,0.912403,0.000000,,2026-03-29,2026-05-13,7,100,89,46,0.152174,,,0.000000,,,,,,,,GLOBAL_BASELINE_NO_ENTITY_RANKING,,,NOT_APPLICABLE_GLOBAL_BASELINE,HF9g-P5,,,,X 全窗基线 · 不参与实体赏罚,14192813,1420,A168_HF9F_20260827_0900,2026-08-27 09:00:00
2026-04-16,145103192,763,0,170.2707304614,161.7571939384,161.7571939384,1.0000000,1,1,0.50665070000000000,0.506650700000,0.9867858985152569,0.9867858985152569,0.9867858985152569,0E-17,ELIGIBLE,R03b_20260811_FULL_v1,L1_ELIGIBILITY,v2026-08-11,2026-03-21..2026-08-06,baccarat_bet02_101_all_pairs_incl_sentinel,round_win = game_pnl > 0 (decisive only),COMPATIBILITY_ONLY_NOT_PRODUCTION,81173.5068,74062.9271,6640.0910,162,159,-0.08180121,,-0.08180121,-0.08180121,-6640.0910,81173.5068,OK,0.0000,265.6036,4.0000,96.0000,AG03-UNRESOLVED,ALL5_LEVELS_bet23_to_bet27,265.6036,265.6036,265.6036,332.0046,332.0046,4.000000,4.000000,4.000000,5.000000,5.000000,96.000000,96.000000,96.000000,95.000000,95.000000,5.0,1460.8200,1338.1494,5179.2710,5301.9416,PENDING_AG03,FALSE,NOT_FOR_ENFORCEMENT,6374.4874,71100.4100,6640.0910,6374.4874,265.6036,0.08180121,0.07852916,265.6036,6374.4874,0.07852916,265.6036,265.6036,265.6036,332.0046,332.0046,6374.4874,0.07852916,1460.8200,1338.1494,5179.2710,5301.9416,0.06380494,0.06531616,0.00327205,501.0710,465.8046,41.7616,948.5844,66.4009,11596.2153,22.7143,,501.0710,176.2425,352.485,851.3536,861.3264,861.3264,1720.2594,344.5306,0.0,2.443583,4.880376,1.421539,29,62,4,5,0E-8,0.08180121,,0E-8,0.000000,0.912403,0.000000,,2026-03-29,2026-05-13,7,100,89,46,0.152174,,,0.000000,,,,,,,,GLOBAL_BASELINE_NO_ENTITY_RANKING,,,NOT_APPLICABLE_GLOBAL_BASELINE,HF9g-P5,,,,X 全窗基线 · 不参与实体赏罚,14192814,1420,A168_HF9F_20260827_0900,2026-08-27 09:00:00
2026-04-16,145103192,948,0,851.3536523072,851.3536523072,851.3536523072,1.0000000,1,1,0.49324550000000000,0.493245500000,1.01360149184955,1.01360149184955,1.01360149184955,0E-17,ELIGIBLE,R03b_20260811_FULL_v1,L1_ELIGIBILITY,v2026-08-11,2026-03-21..2026-08-06,baccarat_bet02_101_all_pairs_incl_sentinel,round_win = game_pnl > 0 (decisive only),COMPATIBILITY_ONLY_NOT_PRODUCTION,81173.5068,74062.9271,6640.0910,162,159,-0.08180121,,-0.08180121,-0.08180121,-6640.0910,81173.5068,OK,0.0000,265.6036,4.0000,96.0000,AG03-UNRESOLVED,ALL5_LEVELS_bet23_to_bet27,265.6036,265.6036,265.6036,332.0046,332.0046,4.000000,4.000000,4.000000,5.000000,5.000000,96.000000,96.000000,96.000000,95.000000,95.000000,5.0,1460.8200,1338.1494,5179.2710,5301.9416,PENDING_AG03,FALSE,NOT_FOR_ENFORCEMENT,6374.4874,71100.4100,6640.0910,6374.4874,265.6036,0.08180121,0.07852916,265.6036,6374.4874,0.07852916,265.6036,265.6036,265.6036,332.0046,332.0046,6374.4874,0.07852916,1460.8200,1338.1494,5179.2710,5301.9416,0.06380494,0.06531616,0.00327205,501.0710,465.8046,41.7616,948.5844,66.4009,11596.2153,22.7143,,501.0710,176.2425,352.485,851.3536,861.3264,861.3264,1720.2594,344.5306,0.0,2.443583,4.880376,1.421539,29,62,4,5,0E-8,0.08180121,,0E-8,0.000000,0.912403,0.000000,,2026-03-29,2026-05-13,7,100,89,46,0.152174,,,0.000000,,,,,,,,GLOBAL_BASELINE_NO_ENTITY_RANKING,,,NOT_APPLICABLE_GLOBAL_BASELINE,HF9g-P5,,,,X 全窗基线 · 不参与实体赏罚,14192815,1420,A168_HF9F_20260827_0900,2026-08-27 09:00:00
2026-05-02,145103192,-1,1,1722.6528854436,1722.6528854436,1722.6528854436,1.0000000,2,2,0.49324550000000000,0.493245500000,1.4334489766152358,1.4334489766152358,1.4334489766152358,0E-17,SENTINEL_DEALER,R03b_20260811_FULL_v1,L1_ELIGIBILITY,v2026-08-11,2026-03-21..2026-08-06,baccarat_bet02_101_all_pairs_incl_sentinel,round_win = game_pnl > 0 (decisive only),COMPATIBILITY_ONLY_NOT_PRODUCTION,81173.5068,74062.9271,6640.0910,162,159,-0.08180121,,-0.08180121,-0.08180121,-6640.0910,81173.5068,OK,0.0000,265.6036,4.0000,96.0000,AG03-UNRESOLVED,ALL5_LEVELS_bet23_to_bet27,265.6036,265.6036,265.6036,332.0046,332.0046,4.000000,4.000000,4.000000,5.000000,5.000000,96.000000,96.000000,96.000000,95.000000,95.000000,5.0,1460.8200,1338.1494,5179.2710,5301.9416,PENDING_AG03,FALSE,NOT_FOR_ENFORCEMENT,6374.4874,71100.4100,6640.0910,6374.4874,265.6036,0.08180121,0.07852916,265.6036,6374.4874,0.07852916,265.6036,265.6036,265.6036,332.0046,332.0046,6374.4874,0.07852916,1460.8200,1338.1494,5179.2710,5301.9416,0.06380494,0.06531616,0.00327205,501.0710,465.8046,41.7616,948.5844,66.4009,11596.2153,22.7143,,501.0710,176.2425,352.485,851.3536,861.3264,861.3264,1720.2594,344.5306,0.0,2.443583,4.880376,1.421539,29,62,4,5,0E-8,0.08180121,,0E-8,0.000000,0.912403,0.000000,,2026-03-29,2026-05-13,7,100,89,46,0.152174,,,0.000000,,,,,,,,GLOBAL_BASELINE_NO_ENTITY_RANKING,,,NOT_APPLICABLE_GLOBAL_BASELINE,HF9g-P5,,,,X 全窗基线 · 不参与实体赏罚,14192816,1420,A168_HF9F_20260827_0900,2026-08-27 09:00:00
2026-05-04,145103192,-1,1,6459.9483204136,-155.0387596900,-155.0387596900,0.5714286,11,8,0.48110943611110890,0.459655668750,0.47826540453188654,0.5933814143622179,0.47826540453188654,0.02145376736110890,SENTINEL_DEALER,R03b_20260811_FULL_v1,L1_ELIGIBILITY,v2026-08-11,2026-03-21..2026-08-06,baccarat_bet02_101_all_pairs_incl_sentinel,round_win = game_pnl > 0 (decisive only),COMPATIBILITY_ONLY_NOT_PRODUCTION,81173.5068,74062.9271,6640.0910,162,159,-0.08180121,,-0.08180121,-0.08180121,-6640.0910,81173.5068,OK,0.0000,265.6036,4.0000,96.0000,AG03-UNRESOLVED,ALL5_LEVELS_bet23_to_bet27,265.6036,265.6036,265.6036,332.0046,332.0046,4.000000,4.000000,4.000000,5.000000,5.000000,96.000000,96.000000,96.000000,95.000000,95.000000,5.0,1460.8200,1338.1494,5179.2710,5301.9416,PENDING_AG03,FALSE,NOT_FOR_ENFORCEMENT,6374.4874,71100.4100,6640.0910,6374.4874,265.6036,0.08180121,0.07852916,265.6036,6374.4874,0.07852916,265.6036,265.6036,265.6036,332.0046,332.0046,6374.4874,0.07852916,1460.8200,1338.1494,5179.2710,5301.9416,0.06380494,0.06531616,0.00327205,501.0710,465.8046,41.7616,948.5844,66.4009,11596.2153,22.7143,,501.0710,176.2425,352.485,851.3536,861.3264,861.3264,1720.2594,344.5306,0.0,2.443583,4.880376,1.421539,29,62,4,5,0E-8,0.08180121,,0E-8,0.000000,0.912403,0.000000,,2026-03-29,2026-05-13,7,100,89,46,0.152174,,,0.000000,,,,,,,,GLOBAL_BASELINE_NO_ENTITY_RANKING,,,NOT_APPLICABLE_GLOBAL_BASELINE,HF9g-P5,,,,X 全窗基线 · 不参与实体赏罚,14192817,1420,A168_HF9F_20260827_0900,2026-08-27 09:00:00
2026-05-04,145103192,1291,0,689.0611541774,-689.0611541774,-689.0611541774,0E-7,1,1,0.50665070000000000,0.506650700000,-1.013391052207602,-1.013391052207602,-1.013391052207602,0E-17,ELIGIBLE,R03b_20260811_FULL_v1,L1_ELIGIBILITY,v2026-08-11,2026-03-21..2026-08-06,baccarat_bet02_101_all_pairs_incl_sentinel,round_win = game_pnl > 0 (decisive only),COMPATIBILITY_ONLY_NOT_PRODUCTION,81173.5068,74062.9271,6640.0910,162,159,-0.08180121,,-0.08180121,-0.08180121,-6640.0910,81173.5068,OK,0.0000,265.6036,4.0000,96.0000,AG03-UNRESOLVED,ALL5_LEVELS_bet23_to_bet27,265.6036,265.6036,265.6036,332.0046,332.0046,4.000000,4.000000,4.000000,5.000000,5.000000,96.000000,96.000000,96.000000,95.000000,95.000000,5.0,1460.8200,1338.1494,5179.2710,5301.9416,PENDING_AG03,FALSE,NOT_FOR_ENFORCEMENT,6374.4874,71100.4100,6640.0910,6374.4874,265.6036,0.08180121,0.07852916,265.6036,6374.4874,0.07852916,265.6036,265.6036,265.6036,332.0046,332.0046,6374.4874,0.07852916,1460.8200,1338.1494,5179.2710,5301.9416,0.06380494,0.06531616,0.00327205,501.0710,465.8046,41.7616,948.5844,66.4009,11596.2153,22.7143,,501.0710,176.2425,352.485,851.3536,861.3264,861.3264,1720.2594,344.5306,0.0,2.443583,4.880376,1.421539,29,62,4,5,0E-8,0.08180121,,0E-8,0.000000,0.912403,0.000000,,2026-03-29,2026-05-13,7,100,89,46,0.152174,,,0.000000,,,,,,,,GLOBAL_BASELINE_NO_ENTITY_RANKING,,,NOT_APPLICABLE_GLOBAL_BASELINE,HF9g-P5,,,,X 全窗基线 · 不参与实体赏罚,14192818,1420,A168_HF9F_20260827_0900,2026-08-27 09:00:00
2026-05-04,145103192,1318,0,689.0611541774,-689.0611541774,-689.0611541774,0E-7,1,1,0.49324550000000000,0.493245500000,-0.9865810262130424,-0.9865810262130424,-0.9865810262130424,0E-17,ELIGIBLE,R03b_20260811_FULL_v1,L1_ELIGIBILITY,v2026-08-11,2026-03-21..2026-08-06,baccarat_bet02_101_all_pairs_incl_sentinel,round_win = game_pnl > 0 (decisive only),COMPATIBILITY_ONLY_NOT_PRODUCTION,81173.5068,74062.9271,6640.0910,162,159,-0.08180121,,-0.08180121,-0.08180121,-6640.0910,81173.5068,OK,0.0000,265.6036,4.0000,96.0000,AG03-UNRESOLVED,ALL5_LEVELS_bet23_to_bet27,265.6036,265.6036,265.6036,332.0046,332.0046,4.000000,4.000000,4.000000,5.000000,5.000000,96.000000,96.000000,96.000000,95.000000,95.000000,5.0,1460.8200,1338.1494,5179.2710,5301.9416,PENDING_AG03,FALSE,NOT_FOR_ENFORCEMENT,6374.4874,71100.4100,6640.0910,6374.4874,265.6036,0.08180121,0.07852916,265.6036,6374.4874,0.07852916,265.6036,265.6036,265.6036,332.0046,332.0046,6374.4874,0.07852916,1460.8200,1338.1494,5179.2710,5301.9416,0.06380494,0.06531616,0.00327205,501.0710,465.8046,41.7616,948.5844,66.4009,11596.2153,22.7143,,501.0710,176.2425,352.485,851.3536,861.3264,861.3264,1720.2594,344.5306,0.0,2.443583,4.880376,1.421539,29,62,4,5,0E-8,0.08180121,,0E-8,0.000000,0.912403,0.000000,,2026-03-29,2026-05-13,7,100,89,46,0.152174,,,0.000000,,,,,,,,GLOBAL_BASELINE_NO_ENTITY_RANKING,,,NOT_APPLICABLE_GLOBAL_BASELINE,HF9g-P5,,,,X 全窗基线 · 不参与实体赏罚,14192819,1420,A168_HF9F_20260827_0900,2026-08-27 09:00:00
2026-05-04,145103192,1325,0,1378.1223083548,1343.6692506460,1343.6692506460,1.0000000,3,3,0.49771390000000000,0.497713900000,1.739988277604938,1.739988277604938,1.739988277604938,0E-17,ELIGIBLE,R03b_20260811_FULL_v1,L1_ELIGIBILITY,v2026-08-11,2026-03-21..2026-08-06,baccarat_bet02_101_all_pairs_incl_sentinel,round_win = game_pnl > 0 (decisive only),COMPATIBILITY_ONLY_NOT_PRODUCTION,81173.5068,74062.9271,6640.0910,162,159,-0.08180121,,-0.08180121,-0.08180121,-6640.0910,81173.5068,OK,0.0000,265.6036,4.0000,96.0000,AG03-UNRESOLVED,ALL5_LEVELS_bet23_to_bet27,265.6036,265.6036,265.6036,332.0046,332.0046,4.000000,4.000000,4.000000,5.000000,5.000000,96.000000,96.000000,96.000000,95.000000,95.000000,5.0,1460.8200,1338.1494,5179.2710,5301.9416,PENDING_AG03,FALSE,NOT_FOR_ENFORCEMENT,6374.4874,71100.4100,6640.0910,6374.4874,265.6036,0.08180121,0.07852916,265.6036,6374.4874,0.07852916,265.6036,265.6036,265.6036,332.0046,332.0046,6374.4874,0.07852916,1460.8200,1338.1494,5179.2710,5301.9416,0.06380494,0.06531616,0.00327205,501.0710,465.8046,41.7616,948.5844,66.4009,11596.2153,22.7143,,501.0710,176.2425,352.485,851.3536,861.3264,861.3264,1720.2594,344.5306,0.0,2.443583,4.880376,1.421539,29,62,4,5,0E-8,0.08180121,,0E-8,0.000000,0.912403,0.000000,,2026-03-29,2026-05-13,7,100,89,46,0.152174,,,0.000000,,,,,,,,GLOBAL_BASELINE_NO_ENTITY_RANKING,,,NOT_APPLICABLE_GLOBAL_BASELINE,HF9g-P5,,,,X 全窗基线 · 不参与实体赏罚,14192820,1420,A168_HF9F_20260827_0900,2026-08-27 09:00:00
2026-05-04,145103192,1505,0,861.3264427218,818.2601205857,818.2601205857,1.0000000,1,1,0.50665070000000000,0.506650700000,0.9867858985152569,0.9867858985152569,0.9867858985152569,0E-17,ELIGIBLE,R03b_20260811_FULL_v1,L1_ELIGIBILITY,v2026-08-11,2026-03-21..2026-08-06,baccarat_bet02_101_all_pairs_incl_sentinel,round_win = game_pnl > 0 (decisive only),COMPATIBILITY_ONLY_NOT_PRODUCTION,81173.5068,74062.9271,6640.0910,162,159,-0.08180121,,-0.08180121,-0.08180121,-6640.0910,81173.5068,OK,0.0000,265.6036,4.0000,96.0000,AG03-UNRESOLVED,ALL5_LEVELS_bet23_to_bet27,265.6036,265.6036,265.6036,332.0046,332.0046,4.000000,4.000000,4.000000,5.000000,5.000000,96.000000,96.000000,96.000000,95.000000,95.000000,5.0,1460.8200,1338.1494,5179.2710,5301.9416,PENDING_AG03,FALSE,NOT_FOR_ENFORCEMENT,6374.4874,71100.4100,6640.0910,6374.4874,265.6036,0.08180121,0.07852916,265.6036,6374.4874,0.07852916,265.6036,265.6036,265.6036,332.0046,332.0046,6374.4874,0.07852916,1460.8200,1338.1494,5179.2710,5301.9416,0.06380494,0.06531616,0.00327205,501.0710,465.8046,41.7616,948.5844,66.4009,11596.2153,22.7143,,501.0710,176.2425,352.485,851.3536,861.3264,861.3264,1720.2594,344.5306,0.0,2.443583,4.880376,1.421539,29,62,4,5,0E-8,0.08180121,,0E-8,0.000000,0.912403,0.000000,,2026-03-29,2026-05-13,7,100,89,46,0.152174,,,0.000000,,,,,,,,GLOBAL_BASELINE_NO_ENTITY_RANKING,,,NOT_APPLICABLE_GLOBAL_BASELINE,HF9g-P5,,,,X 全窗基线 · 不参与实体赏罚,14192821,1420,A168_HF9F_20260827_0900,2026-08-27 09:00:00
2026-05-04,145103192,1750,0,861.3264427218,-861.3264427218,-861.3264427218,0E-7,1,1,0.49324550000000000,0.493245500000,-0.9865810262130424,-0.9865810262130424,-0.9865810262130424,0E-17,ELIGIBLE,R03b_20260811_FULL_v1,L1_ELIGIBILITY,v2026-08-11,2026-03-21..2026-08-06,baccarat_bet02_101_all_pairs_incl_sentinel,round_win = game_pnl > 0 (decisive only),COMPATIBILITY_ONLY_NOT_PRODUCTION,81173.5068,74062.9271,6640.0910,162,159,-0.08180121,,-0.08180121,-0.08180121,-6640.0910,81173.5068,OK,0.0000,265.6036,4.0000,96.0000,AG03-UNRESOLVED,ALL5_LEVELS_bet23_to_bet27,265.6036,265.6036,265.6036,332.0046,332.0046,4.000000,4.000000,4.000000,5.000000,5.000000,96.000000,96.000000,96.000000,95.000000,95.000000,5.0,1460.8200,1338.1494,5179.2710,5301.9416,PENDING_AG03,FALSE,NOT_FOR_ENFORCEMENT,6374.4874,71100.4100,6640.0910,6374.4874,265.6036,0.08180121,0.07852916,265.6036,6374.4874,0.07852916,265.6036,265.6036,265.6036,332.0046,332.0046,6374.4874,0.07852916,1460.8200,1338.1494,5179.2710,5301.9416,0.06380494,0.06531616,0.00327205,501.0710,465.8046,41.7616,948.5844,66.4009,11596.2153,22.7143,,501.0710,176.2425,352.485,851.3536,861.3264,861.3264,1720.2594,344.5306,0.0,2.443583,4.880376,1.421539,29,62,4,5,0E-8,0.08180121,,0E-8,0.000000,0.912403,0.000000,,2026-03-29,2026-05-13,7,100,89,46,0.152174,,,0.000000,,,,,,,,GLOBAL_BASELINE_NO_ENTITY_RANKING,,,NOT_APPLICABLE_GLOBAL_BASELINE,HF9g-P5,,,,X 全窗基线 · 不参与实体赏罚,14192822,1420,A168_HF9F_20260827_0900,2026-08-27 09:00:00
2026-05-04,145103192,1935,0,689.0611541774,689.0611541774,689.0611541774,1.0000000,1,1,0.49324550000000000,0.493245500000,1.01360149184955,1.01360149184955,1.01360149184955,0E-17,ELIGIBLE,R03b_20260811_FULL_v1,L1_ELIGIBILITY,v2026-08-11,2026-03-21..2026-08-06,baccarat_bet02_101_all_pairs_incl_sentinel,round_win = game_pnl > 0 (decisive only),COMPATIBILITY_ONLY_NOT_PRODUCTION,81173.5068,74062.9271,6640.0910,162,159,-0.08180121,,-0.08180121,-0.08180121,-6640.0910,81173.5068,OK,0.0000,265.6036,4.0000,96.0000,AG03-UNRESOLVED,ALL5_LEVELS_bet23_to_bet27,265.6036,265.6036,265.6036,332.0046,332.0046,4.000000,4.000000,4.000000,5.000000,5.000000,96.000000,96.000000,96.000000,95.000000,95.000000,5.0,1460.8200,1338.1494,5179.2710,5301.9416,PENDING_AG03,FALSE,NOT_FOR_ENFORCEMENT,6374.4874,71100.4100,6640.0910,6374.4874,265.6036,0.08180121,0.07852916,265.6036,6374.4874,0.07852916,265.6036,265.6036,265.6036,332.0046,332.0046,6374.4874,0.07852916,1460.8200,1338.1494,5179.2710,5301.9416,0.06380494,0.06531616,0.00327205,501.0710,465.8046,41.7616,948.5844,66.4009,11596.2153,22.7143,,501.0710,176.2425,352.485,851.3536,861.3264,861.3264,1720.2594,344.5306,0.0,2.443583,4.880376,1.421539,29,62,4,5,0E-8,0.08180121,,0E-8,0.000000,0.912403,0.000000,,2026-03-29,2026-05-13,7,100,89,46,0.152174,,,0.000000,,,,,,,,GLOBAL_BASELINE_NO_ENTITY_RANKING,,,NOT_APPLICABLE_GLOBAL_BASELINE,HF9g-P5,,,,X 全窗基线 · 不参与实体赏罚,14192823,1420,A168_HF9F_20260827_0900,2026-08-27 09:00:00
2026-05-04,145103192,1940,0,689.0611541774,654.6080964686,654.6080964686,1.0000000,1,1,0.50665070000000000,0.506650700000,0.9867858985152569,0.9867858985152569,0.9867858985152569,0E-17,ELIGIBLE,R03b_20260811_FULL_v1,L1_ELIGIBILITY,v2026-08-11,2026-03-21..2026-08-06,baccarat_bet02_101_all_pairs_incl_sentinel,round_win = game_pnl > 0 (decisive only),COMPATIBILITY_ONLY_NOT_PRODUCTION,81173.5068,74062.9271,6640.0910,162,159,-0.08180121,,-0.08180121,-0.08180121,-6640.0910,81173.5068,OK,0.0000,265.6036,4.0000,96.0000,AG03-UNRESOLVED,ALL5_LEVELS_bet23_to_bet27,265.6036,265.6036,265.6036,332.0046,332.0046,4.000000,4.000000,4.000000,5.000000,5.000000,96.000000,96.000000,96.000000,95.000000,95.000000,5.0,1460.8200,1338.1494,5179.2710,5301.9416,PENDING_AG03,FALSE,NOT_FOR_ENFORCEMENT,6374.4874,71100.4100,6640.0910,6374.4874,265.6036,0.08180121,0.07852916,265.6036,6374.4874,0.07852916,265.6036,265.6036,265.6036,332.0046,332.0046,6374.4874,0.07852916,1460.8200,1338.1494,5179.2710,5301.9416,0.06380494,0.06531616,0.00327205,501.0710,465.8046,41.7616,948.5844,66.4009,11596.2153,22.7143,,501.0710,176.2425,352.485,851.3536,861.3264,861.3264,1720.2594,344.5306,0.0,2.443583,4.880376,1.421539,29,62,4,5,0E-8,0.08180121,,0E-8,0.000000,0.912403,0.000000,,2026-03-29,2026-05-13,7,100,89,46,0.152174,,,0.000000,,,,,,,,GLOBAL_BASELINE_NO_ENTITY_RANKING,,,NOT_APPLICABLE_GLOBAL_BASELINE,HF9g-P5,,,,X 全窗基线 · 不参与实体赏罚,14192824,1420,A168_HF9F_20260827_0900,2026-08-27 09:00:00
2026-05-04,145103192,1963,0,344.5305770887,-344.5305770887,-344.5305770887,0E-7,1,1,0.50665070000000000,0.506650700000,-1.013391052207602,-1.013391052207602,-1.013391052207602,0E-17,ELIGIBLE,R03b_20260811_FULL_v1,L1_ELIGIBILITY,v2026-08-11,2026-03-21..2026-08-06,baccarat_bet02_101_all_pairs_incl_sentinel,round_win = game_pnl > 0 (decisive only),COMPATIBILITY_ONLY_NOT_PRODUCTION,81173.5068,74062.9271,6640.0910,162,159,-0.08180121,,-0.08180121,-0.08180121,-6640.0910,81173.5068,OK,0.0000,265.6036,4.0000,96.0000,AG03-UNRESOLVED,ALL5_LEVELS_bet23_to_bet27,265.6036,265.6036,265.6036,332.0046,332.0046,4.000000,4.000000,4.000000,5.000000,5.000000,96.000000,96.000000,96.000000,95.000000,95.000000,5.0,1460.8200,1338.1494,5179.2710,5301.9416,PENDING_AG03,FALSE,NOT_FOR_ENFORCEMENT,6374.4874,71100.4100,6640.0910,6374.4874,265.6036,0.08180121,0.07852916,265.6036,6374.4874,0.07852916,265.6036,265.6036,265.6036,332.0046,332.0046,6374.4874,0.07852916,1460.8200,1338.1494,5179.2710,5301.9416,0.06380494,0.06531616,0.00327205,501.0710,465.8046,41.7616,948.5844,66.4009,11596.2153,22.7143,,501.0710,176.2425,352.485,851.3536,861.3264,861.3264,1720.2594,344.5306,0.0,2.443583,4.880376,1.421539,29,62,4,5,0E-8,0.08180121,,0E-8,0.000000,0.912403,0.000000,,2026-03-29,2026-05-13,7,100,89,46,0.152174,,,0.000000,,,,,,,,GLOBAL_BASELINE_NO_ENTITY_RANKING,,,NOT_APPLICABLE_GLOBAL_BASELINE,HF9g-P5,,,,X 全窗基线 · 不参与实体赏罚,14192825,1420,A168_HF9F_20260827_0900,2026-08-27 09:00:00
2026-05-04,145103192,2145,0,1550.3875968992,861.3264427218,861.3264427218,1.0000000,2,2,0.49324550000000000,0.493245500000,1.01360149184955,1.01360149184955,1.01360149184955,0E-17,ELIGIBLE,R03b_20260811_FULL_v1,L1_ELIGIBILITY,v2026-08-11,2026-03-21..2026-08-06,baccarat_bet02_101_all_pairs_incl_sentinel,round_win = game_pnl > 0 (decisive only),COMPATIBILITY_ONLY_NOT_PRODUCTION,81173.5068,74062.9271,6640.0910,162,159,-0.08180121,,-0.08180121,-0.08180121,-6640.0910,81173.5068,OK,0.0000,265.6036,4.0000,96.0000,AG03-UNRESOLVED,ALL5_LEVELS_bet23_to_bet27,265.6036,265.6036,265.6036,332.0046,332.0046,4.000000,4.000000,4.000000,5.000000,5.000000,96.000000,96.000000,96.000000,95.000000,95.000000,5.0,1460.8200,1338.1494,5179.2710,5301.9416,PENDING_AG03,FALSE,NOT_FOR_ENFORCEMENT,6374.4874,71100.4100,6640.0910,6374.4874,265.6036,0.08180121,0.07852916,265.6036,6374.4874,0.07852916,265.6036,265.6036,265.6036,332.0046,332.0046,6374.4874,0.07852916,1460.8200,1338.1494,5179.2710,5301.9416,0.06380494,0.06531616,0.00327205,501.0710,465.8046,41.7616,948.5844,66.4009,11596.2153,22.7143,,501.0710,176.2425,352.485,851.3536,861.3264,861.3264,1720.2594,344.5306,0.0,2.443583,4.880376,1.421539,29,62,4,5,0E-8,0.08180121,,0E-8,0.000000,0.912403,0.000000,,2026-03-29,2026-05-13,7,100,89,46,0.152174,,,0.000000,,,,,,,,GLOBAL_BASELINE_NO_ENTITY_RANKING,,,NOT_APPLICABLE_GLOBAL_BASELINE,HF9g-P5,,,,X 全窗基线 · 不参与实体赏罚,14192826,1420,A168_HF9F_20260827_0900,2026-08-27 09:00:00
2026-05-04,145103192,2175,0,689.0611541774,654.6080964686,654.6080964686,1.0000000,1,1,0.50665070000000000,0.506650700000,0.9867858985152569,0.9867858985152569,0.9867858985152569,0E-17,ELIGIBLE,R03b_20260811_FULL_v1,L1_ELIGIBILITY,v2026-08-11,2026-03-21..2026-08-06,baccarat_bet02_101_all_pairs_incl_sentinel,round_win = game_pnl > 0 (decisive only),COMPATIBILITY_ONLY_NOT_PRODUCTION,81173.5068,74062.9271,6640.0910,162,159,-0.08180121,,-0.08180121,-0.08180121,-6640.0910,81173.5068,OK,0.0000,265.6036,4.0000,96.0000,AG03-UNRESOLVED,ALL5_LEVELS_bet23_to_bet27,265.6036,265.6036,265.6036,332.0046,332.0046,4.000000,4.000000,4.000000,5.000000,5.000000,96.000000,96.000000,96.000000,95.000000,95.000000,5.0,1460.8200,1338.1494,5179.2710,5301.9416,PENDING_AG03,FALSE,NOT_FOR_ENFORCEMENT,6374.4874,71100.4100,6640.0910,6374.4874,265.6036,0.08180121,0.07852916,265.6036,6374.4874,0.07852916,265.6036,265.6036,265.6036,332.0046,332.0046,6374.4874,0.07852916,1460.8200,1338.1494,5179.2710,5301.9416,0.06380494,0.06531616,0.00327205,501.0710,465.8046,41.7616,948.5844,66.4009,11596.2153,22.7143,,501.0710,176.2425,352.485,851.3536,861.3264,861.3264,1720.2594,344.5306,0.0,2.443583,4.880376,1.421539,29,62,4,5,0E-8,0.08180121,,0E-8,0.000000,0.912403,0.000000,,2026-03-29,2026-05-13,7,100,89,46,0.152174,,,0.000000,,,,,,,,GLOBAL_BASELINE_NO_ENTITY_RANKING,,,NOT_APPLICABLE_GLOBAL_BASELINE,HF9g-P5,,,,X 全窗基线 · 不参与实体赏罚,14192827,1420,A168_HF9F_20260827_0900,2026-08-27 09:00:00
2026-05-04,145103192,2188,0,1722.6528854436,-861.3264427218,-861.3264427218,0E-7,2,2,0.50665070000000000,0.506650700000,-1.013391052207602,-1.013391052207602,-1.013391052207602,0E-17,ELIGIBLE,R03b_20260811_FULL_v1,L1_ELIGIBILITY,v2026-08-11,2026-03-21..2026-08-06,baccarat_bet02_101_all_pairs_incl_sentinel,round_win = game_pnl > 0 (decisive only),COMPATIBILITY_ONLY_NOT_PRODUCTION,81173.5068,74062.9271,6640.0910,162,159,-0.08180121,,-0.08180121,-0.08180121,-6640.0910,81173.5068,OK,0.0000,265.6036,4.0000,96.0000,AG03-UNRESOLVED,ALL5_LEVELS_bet23_to_bet27,265.6036,265.6036,265.6036,332.0046,332.0046,4.000000,4.000000,4.000000,5.000000,5.000000,96.000000,96.000000,96.000000,95.000000,95.000000,5.0,1460.8200,1338.1494,5179.2710,5301.9416,PENDING_AG03,FALSE,NOT_FOR_ENFORCEMENT,6374.4874,71100.4100,6640.0910,6374.4874,265.6036,0.08180121,0.07852916,265.6036,6374.4874,0.07852916,265.6036,265.6036,265.6036,332.0046,332.0046,6374.4874,0.07852916,1460.8200,1338.1494,5179.2710,5301.9416,0.06380494,0.06531616,0.00327205,501.0710,465.8046,41.7616,948.5844,66.4009,11596.2153,22.7143,,501.0710,176.2425,352.485,851.3536,861.3264,861.3264,1720.2594,344.5306,0.0,2.443583,4.880376,1.421539,29,62,4,5,0E-8,0.08180121,,0E-8,0.000000,0.912403,0.000000,,2026-03-29,2026-05-13,7,100,89,46,0.152174,,,0.000000,,,,,,,,GLOBAL_BASELINE_NO_ENTITY_RANKING,,,NOT_APPLICABLE_GLOBAL_BASELINE,HF9g-P5,,,,X 全窗基线 · 不参与实体赏罚,14192828,1420,A168_HF9F_20260827_0900,2026-08-27 09:00:00
2026-05-04,145103192,2216,0,344.5305770887,344.5305770887,344.5305770887,1.0000000,1,1,0.49324550000000000,0.493245500000,1.01360149184955,1.01360149184955,1.01360149184955,0E-17,ELIGIBLE,R03b_20260811_FULL_v1,L1_ELIGIBILITY,v2026-08-11,2026-03-21..2026-08-06,baccarat_bet02_101_all_pairs_incl_sentinel,round_win = game_pnl > 0 (decisive only),COMPATIBILITY_ONLY_NOT_PRODUCTION,81173.5068,74062.9271,6640.0910,162,159,-0.08180121,,-0.08180121,-0.08180121,-6640.0910,81173.5068,OK,0.0000,265.6036,4.0000,96.0000,AG03-UNRESOLVED,ALL5_LEVELS_bet23_to_bet27,265.6036,265.6036,265.6036,332.0046,332.0046,4.000000,4.000000,4.000000,5.000000,5.000000,96.000000,96.000000,96.000000,95.000000,95.000000,5.0,1460.8200,1338.1494,5179.2710,5301.9416,PENDING_AG03,FALSE,NOT_FOR_ENFORCEMENT,6374.4874,71100.4100,6640.0910,6374.4874,265.6036,0.08180121,0.07852916,265.6036,6374.4874,0.07852916,265.6036,265.6036,265.6036,332.0046,332.0046,6374.4874,0.07852916,1460.8200,1338.1494,5179.2710,5301.9416,0.06380494,0.06531616,0.00327205,501.0710,465.8046,41.7616,948.5844,66.4009,11596.2153,22.7143,,501.0710,176.2425,352.485,851.3536,861.3264,861.3264,1720.2594,344.5306,0.0,2.443583,4.880376,1.421539,29,62,4,5,0E-8,0.08180121,,0E-8,0.000000,0.912403,0.000000,,2026-03-29,2026-05-13,7,100,89,46,0.152174,,,0.000000,,,,,,,,GLOBAL_BASELINE_NO_ENTITY_RANKING,,,NOT_APPLICABLE_GLOBAL_BASELINE,HF9g-P5,,,,X 全窗基线 · 不参与实体赏罚,14192829,1420,A168_HF9F_20260827_0900,2026-08-27 09:00:00
2026-05-04,145103192,2220,0,1722.6528854436,-1722.6528854436,-1722.6528854436,0E-7,1,1,0.50665070000000000,0.506650700000,-1.013391052207602,-1.013391052207602,-1.013391052207602,0E-17,ELIGIBLE,R03b_20260811_FULL_v1,L1_ELIGIBILITY,v2026-08-11,2026-03-21..2026-08-06,baccarat_bet02_101_all_pairs_incl_sentinel,round_win = game_pnl > 0 (decisive only),COMPATIBILITY_ONLY_NOT_PRODUCTION,81173.5068,74062.9271,6640.0910,162,159,-0.08180121,,-0.08180121,-0.08180121,-6640.0910,81173.5068,OK,0.0000,265.6036,4.0000,96.0000,AG03-UNRESOLVED,ALL5_LEVELS_bet23_to_bet27,265.6036,265.6036,265.6036,332.0046,332.0046,4.000000,4.000000,4.000000,5.000000,5.000000,96.000000,96.000000,96.000000,95.000000,95.000000,5.0,1460.8200,1338.1494,5179.2710,5301.9416,PENDING_AG03,FALSE,NOT_FOR_ENFORCEMENT,6374.4874,71100.4100,6640.0910,6374.4874,265.6036,0.08180121,0.07852916,265.6036,6374.4874,0.07852916,265.6036,265.6036,265.6036,332.0046,332.0046,6374.4874,0.07852916,1460.8200,1338.1494,5179.2710,5301.9416,0.06380494,0.06531616,0.00327205,501.0710,465.8046,41.7616,948.5844,66.4009,11596.2153,22.7143,,501.0710,176.2425,352.485,851.3536,861.3264,861.3264,1720.2594,344.5306,0.0,2.443583,4.880376,1.421539,29,62,4,5,0E-8,0.08180121,,0E-8,0.000000,0.912403,0.000000,,2026-03-29,2026-05-13,7,100,89,46,0.152174,,,0.000000,,,,,,,,GLOBAL_BASELINE_NO_ENTITY_RANKING,,,NOT_APPLICABLE_GLOBAL_BASELINE,HF9g-P5,,,,X 全窗基线 · 不参与实体赏罚,14192830,1420,A168_HF9F_20260827_0900,2026-08-27 09:00:00
2026-05-04,145103192,2261,0,861.3264427218,861.3264427218,861.3264427218,1.0000000,1,1,0.49324550000000000,0.493245500000,1.01360149184955,1.01360149184955,1.01360149184955,0E-17,ELIGIBLE,R03b_20260811_FULL_v1,L1_ELIGIBILITY,v2026-08-11,2026-03-21..2026-08-06,baccarat_bet02_101_all_pairs_incl_sentinel,round_win = game_pnl > 0 (decisive only),COMPATIBILITY_ONLY_NOT_PRODUCTION,81173.5068,74062.9271,6640.0910,162,159,-0.08180121,,-0.08180121,-0.08180121,-6640.0910,81173.5068,OK,0.0000,265.6036,4.0000,96.0000,AG03-UNRESOLVED,ALL5_LEVELS_bet23_to_bet27,265.6036,265.6036,265.6036,332.0046,332.0046,4.000000,4.000000,4.000000,5.000000,5.000000,96.000000,96.000000,96.000000,95.000000,95.000000,5.0,1460.8200,1338.1494,5179.2710,5301.9416,PENDING_AG03,FALSE,NOT_FOR_ENFORCEMENT,6374.4874,71100.4100,6640.0910,6374.4874,265.6036,0.08180121,0.07852916,265.6036,6374.4874,0.07852916,265.6036,265.6036,265.6036,332.0046,332.0046,6374.4874,0.07852916,1460.8200,1338.1494,5179.2710,5301.9416,0.06380494,0.06531616,0.00327205,501.0710,465.8046,41.7616,948.5844,66.4009,11596.2153,22.7143,,501.0710,176.2425,352.485,851.3536,861.3264,861.3264,1720.2594,344.5306,0.0,2.443583,4.880376,1.421539,29,62,4,5,0E-8,0.08180121,,0E-8,0.000000,0.912403,0.000000,,2026-03-29,2026-05-13,7,100,89,46,0.152174,,,0.000000,,,,,,,,GLOBAL_BASELINE_NO_ENTITY_RANKING,,,NOT_APPLICABLE_GLOBAL_BASELINE,HF9g-P5,,,,X 全窗基线 · 不参与实体赏罚,14192831,1420,A168_HF9F_20260827_0900,2026-08-27 09:00:00
2026-05-04,145103192,462,0,1722.6528854436,1722.6528854436,1722.6528854436,1.0000000,1,1,0.49324550000000000,0.493245500000,1.01360149184955,1.01360149184955,1.01360149184955,0E-17,ELIGIBLE,R03b_20260811_FULL_v1,L1_ELIGIBILITY,v2026-08-11,2026-03-21..2026-08-06,baccarat_bet02_101_all_pairs_incl_sentinel,round_win = game_pnl > 0 (decisive only),COMPATIBILITY_ONLY_NOT_PRODUCTION,81173.5068,74062.9271,6640.0910,162,159,-0.08180121,,-0.08180121,-0.08180121,-6640.0910,81173.5068,OK,0.0000,265.6036,4.0000,96.0000,AG03-UNRESOLVED,ALL5_LEVELS_bet23_to_bet27,265.6036,265.6036,265.6036,332.0046,332.0046,4.000000,4.000000,4.000000,5.000000,5.000000,96.000000,96.000000,96.000000,95.000000,95.000000,5.0,1460.8200,1338.1494,5179.2710,5301.9416,PENDING_AG03,FALSE,NOT_FOR_ENFORCEMENT,6374.4874,71100.4100,6640.0910,6374.4874,265.6036,0.08180121,0.07852916,265.6036,6374.4874,0.07852916,265.6036,265.6036,265.6036,332.0046,332.0046,6374.4874,0.07852916,1460.8200,1338.1494,5179.2710,5301.9416,0.06380494,0.06531616,0.00327205,501.0710,465.8046,41.7616,948.5844,66.4009,11596.2153,22.7143,,501.0710,176.2425,352.485,851.3536,861.3264,861.3264,1720.2594,344.5306,0.0,2.443583,4.880376,1.421539,29,62,4,5,0E-8,0.08180121,,0E-8,0.000000,0.912403,0.000000,,2026-03-29,2026-05-13,7,100,89,46,0.152174,,,0.000000,,,,,,,,GLOBAL_BASELINE_NO_ENTITY_RANKING,,,NOT_APPLICABLE_GLOBAL_BASELINE,HF9g-P5,,,,X 全窗基线 · 不参与实体赏罚,14192832,1420,A168_HF9F_20260827_0900,2026-08-27 09:00:00
2026-05-04,145103192,919,0,344.5305770887,327.3040482343,327.3040482343,1.0000000,1,1,0.50665070000000000,0.506650700000,0.9867858985152569,0.9867858985152569,0.9867858985152569,0E-17,ELIGIBLE,R03b_20260811_FULL_v1,L1_ELIGIBILITY,v2026-08-11,2026-03-21..2026-08-06,baccarat_bet02_101_all_pairs_incl_sentinel,round_win = game_pnl > 0 (decisive only),COMPATIBILITY_ONLY_NOT_PRODUCTION,81173.5068,74062.9271,6640.0910,162,159,-0.08180121,,-0.08180121,-0.08180121,-6640.0910,81173.5068,OK,0.0000,265.6036,4.0000,96.0000,AG03-UNRESOLVED,ALL5_LEVELS_bet23_to_bet27,265.6036,265.6036,265.6036,332.0046,332.0046,4.000000,4.000000,4.000000,5.000000,5.000000,96.000000,96.000000,96.000000,95.000000,95.000000,5.0,1460.8200,1338.1494,5179.2710,5301.9416,PENDING_AG03,FALSE,NOT_FOR_ENFORCEMENT,6374.4874,71100.4100,6640.0910,6374.4874,265.6036,0.08180121,0.07852916,265.6036,6374.4874,0.07852916,265.6036,265.6036,265.6036,332.0046,332.0046,6374.4874,0.07852916,1460.8200,1338.1494,5179.2710,5301.9416,0.06380494,0.06531616,0.00327205,501.0710,465.8046,41.7616,948.5844,66.4009,11596.2153,22.7143,,501.0710,176.2425,352.485,851.3536,861.3264,861.3264,1720.2594,344.5306,0.0,2.443583,4.880376,1.421539,29,62,4,5,0E-8,0.08180121,,0E-8,0.000000,0.912403,0.000000,,2026-03-29,2026-05-13,7,100,89,46,0.152174,,,0.000000,,,,,,,,GLOBAL_BASELINE_NO_ENTITY_RANKING,,,NOT_APPLICABLE_GLOBAL_BASELINE,HF9g-P5,,,,X 全窗基线 · 不参与实体赏罚,14192833,1420,A168_HF9F_20260827_0900,2026-08-27 09:00:00
2026-05-04,145103192,994,0,861.3264427218,818.2601205857,818.2601205857,1.0000000,1,1,0.50665070000000000,0.506650700000,0.9867858985152569,0.9867858985152569,0.9867858985152569,0E-17,ELIGIBLE,R03b_20260811_FULL_v1,L1_ELIGIBILITY,v2026-08-11,2026-03-21..2026-08-06,baccarat_bet02_101_all_pairs_incl_sentinel,round_win = game_pnl > 0 (decisive only),COMPATIBILITY_ONLY_NOT_PRODUCTION,81173.5068,74062.9271,6640.0910,162,159,-0.08180121,,-0.08180121,-0.08180121,-6640.0910,81173.5068,OK,0.0000,265.6036,4.0000,96.0000,AG03-UNRESOLVED,ALL5_LEVELS_bet23_to_bet27,265.6036,265.6036,265.6036,332.0046,332.0046,4.000000,4.000000,4.000000,5.000000,5.000000,96.000000,96.000000,96.000000,95.000000,95.000000,5.0,1460.8200,1338.1494,5179.2710,5301.9416,PENDING_AG03,FALSE,NOT_FOR_ENFORCEMENT,6374.4874,71100.4100,6640.0910,6374.4874,265.6036,0.08180121,0.07852916,265.6036,6374.4874,0.07852916,265.6036,265.6036,265.6036,332.0046,332.0046,6374.4874,0.07852916,1460.8200,1338.1494,5179.2710,5301.9416,0.06380494,0.06531616,0.00327205,501.0710,465.8046,41.7616,948.5844,66.4009,11596.2153,22.7143,,501.0710,176.2425,352.485,851.3536,861.3264,861.3264,1720.2594,344.5306,0.0,2.443583,4.880376,1.421539,29,62,4,5,0E-8,0.08180121,,0E-8,0.000000,0.912403,0.000000,,2026-03-29,2026-05-13,7,100,89,46,0.152174,,,0.000000,,,,,,,,GLOBAL_BASELINE_NO_ENTITY_RANKING,,,NOT_APPLICABLE_GLOBAL_BASELINE,HF9g-P5,,,,X 全窗基线 · 不参与实体赏罚,14192834,1420,A168_HF9F_20260827_0900,2026-08-27 09:00:00
2026-05-07,145103192,-1,1,689.0611541774,689.0611541774,689.0611541774,1.0000000,1,1,0.49324550000000000,0.493245500000,1.01360149184955,1.01360149184955,1.01360149184955,0E-17,SENTINEL_DEALER,R03b_20260811_FULL_v1,L1_ELIGIBILITY,v2026-08-11,2026-03-21..2026-08-06,baccarat_bet02_101_all_pairs_incl_sentinel,round_win = game_pnl > 0 (decisive only),COMPATIBILITY_ONLY_NOT_PRODUCTION,81173.5068,74062.9271,6640.0910,162,159,-0.08180121,,-0.08180121,-0.08180121,-6640.0910,81173.5068,OK,0.0000,265.6036,4.0000,96.0000,AG03-UNRESOLVED,ALL5_LEVELS_bet23_to_bet27,265.6036,265.6036,265.6036,332.0046,332.0046,4.000000,4.000000,4.000000,5.000000,5.000000,96.000000,96.000000,96.000000,95.000000,95.000000,5.0,1460.8200,1338.1494,5179.2710,5301.9416,PENDING_AG03,FALSE,NOT_FOR_ENFORCEMENT,6374.4874,71100.4100,6640.0910,6374.4874,265.6036,0.08180121,0.07852916,265.6036,6374.4874,0.07852916,265.6036,265.6036,265.6036,332.0046,332.0046,6374.4874,0.07852916,1460.8200,1338.1494,5179.2710,5301.9416,0.06380494,0.06531616,0.00327205,501.0710,465.8046,41.7616,948.5844,66.4009,11596.2153,22.7143,,501.0710,176.2425,352.485,851.3536,861.3264,861.3264,1720.2594,344.5306,0.0,2.443583,4.880376,1.421539,29,62,4,5,0E-8,0.08180121,,0E-8,0.000000,0.912403,0.000000,,2026-03-29,2026-05-13,7,100,89,46,0.152174,,,0.000000,,,,,,,,GLOBAL_BASELINE_NO_ENTITY_RANKING,,,NOT_APPLICABLE_GLOBAL_BASELINE,HF9g-P5,,,,X 全窗基线 · 不参与实体赏罚,14192835,1420,A168_HF9F_20260827_0900,2026-08-27 09:00:00
2026-05-07,145103192,1402,0,1378.1223083549,1360.8957795005,1360.8957795005,1.0000000,3,3,0.49771390000000000,0.497713900000,1.739988277604938,1.739988277604938,1.739988277604938,0E-17,ELIGIBLE,R03b_20260811_FULL_v1,L1_ELIGIBILITY,v2026-08-11,2026-03-21..2026-08-06,baccarat_bet02_101_all_pairs_incl_sentinel,round_win = game_pnl > 0 (decisive only),COMPATIBILITY_ONLY_NOT_PRODUCTION,81173.5068,74062.9271,6640.0910,162,159,-0.08180121,,-0.08180121,-0.08180121,-6640.0910,81173.5068,OK,0.0000,265.6036,4.0000,96.0000,AG03-UNRESOLVED,ALL5_LEVELS_bet23_to_bet27,265.6036,265.6036,265.6036,332.0046,332.0046,4.000000,4.000000,4.000000,5.000000,5.000000,96.000000,96.000000,96.000000,95.000000,95.000000,5.0,1460.8200,1338.1494,5179.2710,5301.9416,PENDING_AG03,FALSE,NOT_FOR_ENFORCEMENT,6374.4874,71100.4100,6640.0910,6374.4874,265.6036,0.08180121,0.07852916,265.6036,6374.4874,0.07852916,265.6036,265.6036,265.6036,332.0046,332.0046,6374.4874,0.07852916,1460.8200,1338.1494,5179.2710,5301.9416,0.06380494,0.06531616,0.00327205,501.0710,465.8046,41.7616,948.5844,66.4009,11596.2153,22.7143,,501.0710,176.2425,352.485,851.3536,861.3264,861.3264,1720.2594,344.5306,0.0,2.443583,4.880376,1.421539,29,62,4,5,0E-8,0.08180121,,0E-8,0.000000,0.912403,0.000000,,2026-03-29,2026-05-13,7,100,89,46,0.152174,,,0.000000,,,,,,,,GLOBAL_BASELINE_NO_ENTITY_RANKING,,,NOT_APPLICABLE_GLOBAL_BASELINE,HF9g-P5,,,,X 全窗基线 · 不参与实体赏罚,14192836,1420,A168_HF9F_20260827_0900,2026-08-27 09:00:00
2026-05-07,145103192,1505,0,516.7958656331,-516.7958656331,-516.7958656331,0E-7,1,1,0.50665070000000000,0.506650700000,-1.013391052207602,-1.013391052207602,-1.013391052207602,0E-17,ELIGIBLE,R03b_20260811_FULL_v1,L1_ELIGIBILITY,v2026-08-11,2026-03-21..2026-08-06,baccarat_bet02_101_all_pairs_incl_sentinel,round_win = game_pnl > 0 (decisive only),COMPATIBILITY_ONLY_NOT_PRODUCTION,81173.5068,74062.9271,6640.0910,162,159,-0.08180121,,-0.08180121,-0.08180121,-6640.0910,81173.5068,OK,0.0000,265.6036,4.0000,96.0000,AG03-UNRESOLVED,ALL5_LEVELS_bet23_to_bet27,265.6036,265.6036,265.6036,332.0046,332.0046,4.000000,4.000000,4.000000,5.000000,5.000000,96.000000,96.000000,96.000000,95.000000,95.000000,5.0,1460.8200,1338.1494,5179.2710,5301.9416,PENDING_AG03,FALSE,NOT_FOR_ENFORCEMENT,6374.4874,71100.4100,6640.0910,6374.4874,265.6036,0.08180121,0.07852916,265.6036,6374.4874,0.07852916,265.6036,265.6036,265.6036,332.0046,332.0046,6374.4874,0.07852916,1460.8200,1338.1494,5179.2710,5301.9416,0.06380494,0.06531616,0.00327205,501.0710,465.8046,41.7616,948.5844,66.4009,11596.2153,22.7143,,501.0710,176.2425,352.485,851.3536,861.3264,861.3264,1720.2594,344.5306,0.0,2.443583,4.880376,1.421539,29,62,4,5,0E-8,0.08180121,,0E-8,0.000000,0.912403,0.000000,,2026-03-29,2026-05-13,7,100,89,46,0.152174,,,0.000000,,,,,,,,GLOBAL_BASELINE_NO_ENTITY_RANKING,,,NOT_APPLICABLE_GLOBAL_BASELINE,HF9g-P5,,,,X 全窗基线 · 不参与实体赏罚,14192837,1420,A168_HF9F_20260827_0900,2026-08-27 09:00:00
2026-05-07,145103192,2106,0,516.7958656331,-516.7958656331,-516.7958656331,0E-7,2,2,0.49994810000000000,0.499948100000,-1.4140667746232096,-1.4140667746232096,-1.4140667746232096,0E-17,ELIGIBLE,R03b_20260811_FULL_v1,L1_ELIGIBILITY,v2026-08-11,2026-03-21..2026-08-06,baccarat_bet02_101_all_pairs_incl_sentinel,round_win = game_pnl > 0 (decisive only),COMPATIBILITY_ONLY_NOT_PRODUCTION,81173.5068,74062.9271,6640.0910,162,159,-0.08180121,,-0.08180121,-0.08180121,-6640.0910,81173.5068,OK,0.0000,265.6036,4.0000,96.0000,AG03-UNRESOLVED,ALL5_LEVELS_bet23_to_bet27,265.6036,265.6036,265.6036,332.0046,332.0046,4.000000,4.000000,4.000000,5.000000,5.000000,96.000000,96.000000,96.000000,95.000000,95.000000,5.0,1460.8200,1338.1494,5179.2710,5301.9416,PENDING_AG03,FALSE,NOT_FOR_ENFORCEMENT,6374.4874,71100.4100,6640.0910,6374.4874,265.6036,0.08180121,0.07852916,265.6036,6374.4874,0.07852916,265.6036,265.6036,265.6036,332.0046,332.0046,6374.4874,0.07852916,1460.8200,1338.1494,5179.2710,5301.9416,0.06380494,0.06531616,0.00327205,501.0710,465.8046,41.7616,948.5844,66.4009,11596.2153,22.7143,,501.0710,176.2425,352.485,851.3536,861.3264,861.3264,1720.2594,344.5306,0.0,2.443583,4.880376,1.421539,29,62,4,5,0E-8,0.08180121,,0E-8,0.000000,0.912403,0.000000,,2026-03-29,2026-05-13,7,100,89,46,0.152174,,,0.000000,,,,,,,,GLOBAL_BASELINE_NO_ENTITY_RANKING,,,NOT_APPLICABLE_GLOBAL_BASELINE,HF9g-P5,,,,X 全窗基线 · 不参与实体赏罚,14192838,1420,A168_HF9F_20260827_0900,2026-08-27 09:00:00
2026-05-07,145103192,2153,0,516.7958656331,-180.8785529716,-180.8785529716,0.5000000,2,2,0.49994810000000000,0.499948100000,0.00014679536856514622,0.00014679536856514622,0.00014679536856514622,0E-17,ELIGIBLE,R03b_20260811_FULL_v1,L1_ELIGIBILITY,v2026-08-11,2026-03-21..2026-08-06,baccarat_bet02_101_all_pairs_incl_sentinel,round_win = game_pnl > 0 (decisive only),COMPATIBILITY_ONLY_NOT_PRODUCTION,81173.5068,74062.9271,6640.0910,162,159,-0.08180121,,-0.08180121,-0.08180121,-6640.0910,81173.5068,OK,0.0000,265.6036,4.0000,96.0000,AG03-UNRESOLVED,ALL5_LEVELS_bet23_to_bet27,265.6036,265.6036,265.6036,332.0046,332.0046,4.000000,4.000000,4.000000,5.000000,5.000000,96.000000,96.000000,96.000000,95.000000,95.000000,5.0,1460.8200,1338.1494,5179.2710,5301.9416,PENDING_AG03,FALSE,NOT_FOR_ENFORCEMENT,6374.4874,71100.4100,6640.0910,6374.4874,265.6036,0.08180121,0.07852916,265.6036,6374.4874,0.07852916,265.6036,265.6036,265.6036,332.0046,332.0046,6374.4874,0.07852916,1460.8200,1338.1494,5179.2710,5301.9416,0.06380494,0.06531616,0.00327205,501.0710,465.8046,41.7616,948.5844,66.4009,11596.2153,22.7143,,501.0710,176.2425,352.485,851.3536,861.3264,861.3264,1720.2594,344.5306,0.0,2.443583,4.880376,1.421539,29,62,4,5,0E-8,0.08180121,,0E-8,0.000000,0.912403,0.000000,,2026-03-29,2026-05-13,7,100,89,46,0.152174,,,0.000000,,,,,,,,GLOBAL_BASELINE_NO_ENTITY_RANKING,,,NOT_APPLICABLE_GLOBAL_BASELINE,HF9g-P5,,,,X 全窗基线 · 不参与实体赏罚,14192839,1420,A168_HF9F_20260827_0900,2026-08-27 09:00:00
2026-05-07,145103192,2155,0,689.0611541774,-689.0611541774,-689.0611541774,0E-7,1,1,0.50665070000000000,0.506650700000,-1.013391052207602,-1.013391052207602,-1.013391052207602,0E-17,ELIGIBLE,R03b_20260811_FULL_v1,L1_ELIGIBILITY,v2026-08-11,2026-03-21..2026-08-06,baccarat_bet02_101_all_pairs_incl_sentinel,round_win = game_pnl > 0 (decisive only),COMPATIBILITY_ONLY_NOT_PRODUCTION,81173.5068,74062.9271,6640.0910,162,159,-0.08180121,,-0.08180121,-0.08180121,-6640.0910,81173.5068,OK,0.0000,265.6036,4.0000,96.0000,AG03-UNRESOLVED,ALL5_LEVELS_bet23_to_bet27,265.6036,265.6036,265.6036,332.0046,332.0046,4.000000,4.000000,4.000000,5.000000,5.000000,96.000000,96.000000,96.000000,95.000000,95.000000,5.0,1460.8200,1338.1494,5179.2710,5301.9416,PENDING_AG03,FALSE,NOT_FOR_ENFORCEMENT,6374.4874,71100.4100,6640.0910,6374.4874,265.6036,0.08180121,0.07852916,265.6036,6374.4874,0.07852916,265.6036,265.6036,265.6036,332.0046,332.0046,6374.4874,0.07852916,1460.8200,1338.1494,5179.2710,5301.9416,0.06380494,0.06531616,0.00327205,501.0710,465.8046,41.7616,948.5844,66.4009,11596.2153,22.7143,,501.0710,176.2425,352.485,851.3536,861.3264,861.3264,1720.2594,344.5306,0.0,2.443583,4.880376,1.421539,29,62,4,5,0E-8,0.08180121,,0E-8,0.000000,0.912403,0.000000,,2026-03-29,2026-05-13,7,100,89,46,0.152174,,,0.000000,,,,,,,,GLOBAL_BASELINE_NO_ENTITY_RANKING,,,NOT_APPLICABLE_GLOBAL_BASELINE,HF9g-P5,,,,X 全窗基线 · 不参与实体赏罚,14192840,1420,A168_HF9F_20260827_0900,2026-08-27 09:00:00
2026-05-07,145103192,595,0,344.5305770887,-344.5305770887,-344.5305770887,0E-7,1,1,0.49324550000000000,0.493245500000,-0.9865810262130424,-0.9865810262130424,-0.9865810262130424,0E-17,ELIGIBLE,R03b_20260811_FULL_v1,L1_ELIGIBILITY,v2026-08-11,2026-03-21..2026-08-06,baccarat_bet02_101_all_pairs_incl_sentinel,round_win = game_pnl > 0 (decisive only),COMPATIBILITY_ONLY_NOT_PRODUCTION,81173.5068,74062.9271,6640.0910,162,159,-0.08180121,,-0.08180121,-0.08180121,-6640.0910,81173.5068,OK,0.0000,265.6036,4.0000,96.0000,AG03-UNRESOLVED,ALL5_LEVELS_bet23_to_bet27,265.6036,265.6036,265.6036,332.0046,332.0046,4.000000,4.000000,4.000000,5.000000,5.000000,96.000000,96.000000,96.000000,95.000000,95.000000,5.0,1460.8200,1338.1494,5179.2710,5301.9416,PENDING_AG03,FALSE,NOT_FOR_ENFORCEMENT,6374.4874,71100.4100,6640.0910,6374.4874,265.6036,0.08180121,0.07852916,265.6036,6374.4874,0.07852916,265.6036,265.6036,265.6036,332.0046,332.0046,6374.4874,0.07852916,1460.8200,1338.1494,5179.2710,5301.9416,0.06380494,0.06531616,0.00327205,501.0710,465.8046,41.7616,948.5844,66.4009,11596.2153,22.7143,,501.0710,176.2425,352.485,851.3536,861.3264,861.3264,1720.2594,344.5306,0.0,2.443583,4.880376,1.421539,29,62,4,5,0E-8,0.08180121,,0E-8,0.000000,0.912403,0.000000,,2026-03-29,2026-05-13,7,100,89,46,0.152174,,,0.000000,,,,,,,,GLOBAL_BASELINE_NO_ENTITY_RANKING,,,NOT_APPLICABLE_GLOBAL_BASELINE,HF9g-P5,,,,X 全窗基线 · 不参与实体赏罚,14192841,1420,A168_HF9F_20260827_0900,2026-08-27 09:00:00
2026-05-10,145103192,-1,1,689.0611541775,-353.1438415160,-353.1438415160,0.3333333,3,3,0.50665070000000000,0.506650700000,-0.6004420894325239,-0.6004420894325239,-0.6004420894325239,0E-17,SENTINEL_DEALER,R03b_20260811_FULL_v1,L1_ELIGIBILITY,v2026-08-11,2026-03-21..2026-08-06,baccarat_bet02_101_all_pairs_incl_sentinel,round_win = game_pnl > 0 (decisive only),COMPATIBILITY_ONLY_NOT_PRODUCTION,81173.5068,74062.9271,6640.0910,162,159,-0.08180121,,-0.08180121,-0.08180121,-6640.0910,81173.5068,OK,0.0000,265.6036,4.0000,96.0000,AG03-UNRESOLVED,ALL5_LEVELS_bet23_to_bet27,265.6036,265.6036,265.6036,332.0046,332.0046,4.000000,4.000000,4.000000,5.000000,5.000000,96.000000,96.000000,96.000000,95.000000,95.000000,5.0,1460.8200,1338.1494,5179.2710,5301.9416,PENDING_AG03,FALSE,NOT_FOR_ENFORCEMENT,6374.4874,71100.4100,6640.0910,6374.4874,265.6036,0.08180121,0.07852916,265.6036,6374.4874,0.07852916,265.6036,265.6036,265.6036,332.0046,332.0046,6374.4874,0.07852916,1460.8200,1338.1494,5179.2710,5301.9416,0.06380494,0.06531616,0.00327205,501.0710,465.8046,41.7616,948.5844,66.4009,11596.2153,22.7143,,501.0710,176.2425,352.485,851.3536,861.3264,861.3264,1720.2594,344.5306,0.0,2.443583,4.880376,1.421539,29,62,4,5,0E-8,0.08180121,,0E-8,0.000000,0.912403,0.000000,,2026-03-29,2026-05-13,7,100,89,46,0.152174,,,0.000000,,,,,,,,GLOBAL_BASELINE_NO_ENTITY_RANKING,,,NOT_APPLICABLE_GLOBAL_BASELINE,HF9g-P5,,,,X 全窗基线 · 不参与实体赏罚,14192842,1420,A168_HF9F_20260827_0900,2026-08-27 09:00:00
2026-05-10,145103192,1017,0,344.5305770887,-344.5305770887,-344.5305770887,0E-7,1,1,0.50665070000000000,0.506650700000,-1.013391052207602,-1.013391052207602,-1.013391052207602,0E-17,ELIGIBLE,R03b_20260811_FULL_v1,L1_ELIGIBILITY,v2026-08-11,2026-03-21..2026-08-06,baccarat_bet02_101_all_pairs_incl_sentinel,round_win = game_pnl > 0 (decisive only),COMPATIBILITY_ONLY_NOT_PRODUCTION,81173.5068,74062.9271,6640.0910,162,159,-0.08180121,,-0.08180121,-0.08180121,-6640.0910,81173.5068,OK,0.0000,265.6036,4.0000,96.0000,AG03-UNRESOLVED,ALL5_LEVELS_bet23_to_bet27,265.6036,265.6036,265.6036,332.0046,332.0046,4.000000,4.000000,4.000000,5.000000,5.000000,96.000000,96.000000,96.000000,95.000000,95.000000,5.0,1460.8200,1338.1494,5179.2710,5301.9416,PENDING_AG03,FALSE,NOT_FOR_ENFORCEMENT,6374.4874,71100.4100,6640.0910,6374.4874,265.6036,0.08180121,0.07852916,265.6036,6374.4874,0.07852916,265.6036,265.6036,265.6036,332.0046,332.0046,6374.4874,0.07852916,1460.8200,1338.1494,5179.2710,5301.9416,0.06380494,0.06531616,0.00327205,501.0710,465.8046,41.7616,948.5844,66.4009,11596.2153,22.7143,,501.0710,176.2425,352.485,851.3536,861.3264,861.3264,1720.2594,344.5306,0.0,2.443583,4.880376,1.421539,29,62,4,5,0E-8,0.08180121,,0E-8,0.000000,0.912403,0.000000,,2026-03-29,2026-05-13,7,100,89,46,0.152174,,,0.000000,,,,,,,,GLOBAL_BASELINE_NO_ENTITY_RANKING,,,NOT_APPLICABLE_GLOBAL_BASELINE,HF9g-P5,,,,X 全窗基线 · 不参与实体赏罚,14192843,1420,A168_HF9F_20260827_0900,2026-08-27 09:00:00
2026-05-10,145103192,1299,0,344.5305770887,344.5305770887,344.5305770887,1.0000000,1,1,0.49324550000000000,0.493245500000,1.01360149184955,1.01360149184955,1.01360149184955,0E-17,ELIGIBLE,R03b_20260811_FULL_v1,L1_ELIGIBILITY,v2026-08-11,2026-03-21..2026-08-06,baccarat_bet02_101_all_pairs_incl_sentinel,round_win = game_pnl > 0 (decisive only),COMPATIBILITY_ONLY_NOT_PRODUCTION,81173.5068,74062.9271,6640.0910,162,159,-0.08180121,,-0.08180121,-0.08180121,-6640.0910,81173.5068,OK,0.0000,265.6036,4.0000,96.0000,AG03-UNRESOLVED,ALL5_LEVELS_bet23_to_bet27,265.6036,265.6036,265.6036,332.0046,332.0046,4.000000,4.000000,4.000000,5.000000,5.000000,96.000000,96.000000,96.000000,95.000000,95.000000,5.0,1460.8200,1338.1494,5179.2710,5301.9416,PENDING_AG03,FALSE,NOT_FOR_ENFORCEMENT,6374.4874,71100.4100,6640.0910,6374.4874,265.6036,0.08180121,0.07852916,265.6036,6374.4874,0.07852916,265.6036,265.6036,265.6036,332.0046,332.0046,6374.4874,0.07852916,1460.8200,1338.1494,5179.2710,5301.9416,0.06380494,0.06531616,0.00327205,501.0710,465.8046,41.7616,948.5844,66.4009,11596.2153,22.7143,,501.0710,176.2425,352.485,851.3536,861.3264,861.3264,1720.2594,344.5306,0.0,2.443583,4.880376,1.421539,29,62,4,5,0E-8,0.08180121,,0E-8,0.000000,0.912403,0.000000,,2026-03-29,2026-05-13,7,100,89,46,0.152174,,,0.000000,,,,,,,,GLOBAL_BASELINE_NO_ENTITY_RANKING,,,NOT_APPLICABLE_GLOBAL_BASELINE,HF9g-P5,,,,X 全窗基线 · 不参与实体赏罚,14192844,1420,A168_HF9F_20260827_0900,2026-08-27 09:00:00
2026-05-10,145103192,1940,0,861.3264427218,-861.3264427218,-861.3264427218,0E-7,1,1,0.50665070000000000,0.506650700000,-1.013391052207602,-1.013391052207602,-1.013391052207602,0E-17,ELIGIBLE,R03b_20260811_FULL_v1,L1_ELIGIBILITY,v2026-08-11,2026-03-21..2026-08-06,baccarat_bet02_101_all_pairs_incl_sentinel,round_win = game_pnl > 0 (decisive only),COMPATIBILITY_ONLY_NOT_PRODUCTION,81173.5068,74062.9271,6640.0910,162,159,-0.08180121,,-0.08180121,-0.08180121,-6640.0910,81173.5068,OK,0.0000,265.6036,4.0000,96.0000,AG03-UNRESOLVED,ALL5_LEVELS_bet23_to_bet27,265.6036,265.6036,265.6036,332.0046,332.0046,4.000000,4.000000,4.000000,5.000000,5.000000,96.000000,96.000000,96.000000,95.000000,95.000000,5.0,1460.8200,1338.1494,5179.2710,5301.9416,PENDING_AG03,FALSE,NOT_FOR_ENFORCEMENT,6374.4874,71100.4100,6640.0910,6374.4874,265.6036,0.08180121,0.07852916,265.6036,6374.4874,0.07852916,265.6036,265.6036,265.6036,332.0046,332.0046,6374.4874,0.07852916,1460.8200,1338.1494,5179.2710,5301.9416,0.06380494,0.06531616,0.00327205,501.0710,465.8046,41.7616,948.5844,66.4009,11596.2153,22.7143,,501.0710,176.2425,352.485,851.3536,861.3264,861.3264,1720.2594,344.5306,0.0,2.443583,4.880376,1.421539,29,62,4,5,0E-8,0.08180121,,0E-8,0.000000,0.912403,0.000000,,2026-03-29,2026-05-13,7,100,89,46,0.152174,,,0.000000,,,,,,,,GLOBAL_BASELINE_NO_ENTITY_RANKING,,,NOT_APPLICABLE_GLOBAL_BASELINE,HF9g-P5,,,,X 全窗基线 · 不参与实体赏罚,14192845,1420,A168_HF9F_20260827_0900,2026-08-27 09:00:00
2026-05-10,145103192,2141,0,344.5305770887,-344.5305770887,-344.5305770887,0E-7,1,1,0.49324550000000000,0.493245500000,-0.9865810262130424,-0.9865810262130424,-0.9865810262130424,0E-17,ELIGIBLE,R03b_20260811_FULL_v1,L1_ELIGIBILITY,v2026-08-11,2026-03-21..2026-08-06,baccarat_bet02_101_all_pairs_incl_sentinel,round_win = game_pnl > 0 (decisive only),COMPATIBILITY_ONLY_NOT_PRODUCTION,81173.5068,74062.9271,6640.0910,162,159,-0.08180121,,-0.08180121,-0.08180121,-6640.0910,81173.5068,OK,0.0000,265.6036,4.0000,96.0000,AG03-UNRESOLVED,ALL5_LEVELS_bet23_to_bet27,265.6036,265.6036,265.6036,332.0046,332.0046,4.000000,4.000000,4.000000,5.000000,5.000000,96.000000,96.000000,96.000000,95.000000,95.000000,5.0,1460.8200,1338.1494,5179.2710,5301.9416,PENDING_AG03,FALSE,NOT_FOR_ENFORCEMENT,6374.4874,71100.4100,6640.0910,6374.4874,265.6036,0.08180121,0.07852916,265.6036,6374.4874,0.07852916,265.6036,265.6036,265.6036,332.0046,332.0046,6374.4874,0.07852916,1460.8200,1338.1494,5179.2710,5301.9416,0.06380494,0.06531616,0.00327205,501.0710,465.8046,41.7616,948.5844,66.4009,11596.2153,22.7143,,501.0710,176.2425,352.485,851.3536,861.3264,861.3264,1720.2594,344.5306,0.0,2.443583,4.880376,1.421539,29,62,4,5,0E-8,0.08180121,,0E-8,0.000000,0.912403,0.000000,,2026-03-29,2026-05-13,7,100,89,46,0.152174,,,0.000000,,,,,,,,GLOBAL_BASELINE_NO_ENTITY_RANKING,,,NOT_APPLICABLE_GLOBAL_BASELINE,HF9g-P5,,,,X 全窗基线 · 不参与实体赏罚,14192846,1420,A168_HF9F_20260827_0900,2026-08-27 09:00:00
2026-05-10,145103192,2196,0,516.7958656331,490.9560723514,490.9560723514,1.0000000,2,2,0.50665070000000000,0.506650700000,1.3955260008387969,1.3955260008387969,1.3955260008387969,0E-17,ELIGIBLE,R03b_20260811_FULL_v1,L1_ELIGIBILITY,v2026-08-11,2026-03-21..2026-08-06,baccarat_bet02_101_all_pairs_incl_sentinel,round_win = game_pnl > 0 (decisive only),COMPATIBILITY_ONLY_NOT_PRODUCTION,81173.5068,74062.9271,6640.0910,162,159,-0.08180121,,-0.08180121,-0.08180121,-6640.0910,81173.5068,OK,0.0000,265.6036,4.0000,96.0000,AG03-UNRESOLVED,ALL5_LEVELS_bet23_to_bet27,265.6036,265.6036,265.6036,332.0046,332.0046,4.000000,4.000000,4.000000,5.000000,5.000000,96.000000,96.000000,96.000000,95.000000,95.000000,5.0,1460.8200,1338.1494,5179.2710,5301.9416,PENDING_AG03,FALSE,NOT_FOR_ENFORCEMENT,6374.4874,71100.4100,6640.0910,6374.4874,265.6036,0.08180121,0.07852916,265.6036,6374.4874,0.07852916,265.6036,265.6036,265.6036,332.0046,332.0046,6374.4874,0.07852916,1460.8200,1338.1494,5179.2710,5301.9416,0.06380494,0.06531616,0.00327205,501.0710,465.8046,41.7616,948.5844,66.4009,11596.2153,22.7143,,501.0710,176.2425,352.485,851.3536,861.3264,861.3264,1720.2594,344.5306,0.0,2.443583,4.880376,1.421539,29,62,4,5,0E-8,0.08180121,,0E-8,0.000000,0.912403,0.000000,,2026-03-29,2026-05-13,7,100,89,46,0.152174,,,0.000000,,,,,,,,GLOBAL_BASELINE_NO_ENTITY_RANKING,,,NOT_APPLICABLE_GLOBAL_BASELINE,HF9g-P5,,,,X 全窗基线 · 不参与实体赏罚,14192847,1420,A168_HF9F_20260827_0900,2026-08-27 09:00:00
2026-05-10,145103192,2201,0,172.2652885444,0E-10,0E-10,,1,1,0.49324550000000000,0.493245500000,,,,0E-17,NO_DECISIVE_ROUND,R03b_20260811_FULL_v1,L1_ELIGIBILITY,v2026-08-11,2026-03-21..2026-08-06,baccarat_bet02_101_all_pairs_incl_sentinel,round_win = game_pnl > 0 (decisive only),COMPATIBILITY_ONLY_NOT_PRODUCTION,81173.5068,74062.9271,6640.0910,162,159,-0.08180121,,-0.08180121,-0.08180121,-6640.0910,81173.5068,OK,0.0000,265.6036,4.0000,96.0000,AG03-UNRESOLVED,ALL5_LEVELS_bet23_to_bet27,265.6036,265.6036,265.6036,332.0046,332.0046,4.000000,4.000000,4.000000,5.000000,5.000000,96.000000,96.000000,96.000000,95.000000,95.000000,5.0,1460.8200,1338.1494,5179.2710,5301.9416,PENDING_AG03,FALSE,NOT_FOR_ENFORCEMENT,6374.4874,71100.4100,6640.0910,6374.4874,265.6036,0.08180121,0.07852916,265.6036,6374.4874,0.07852916,265.6036,265.6036,265.6036,332.0046,332.0046,6374.4874,0.07852916,1460.8200,1338.1494,5179.2710,5301.9416,0.06380494,0.06531616,0.00327205,501.0710,465.8046,41.7616,948.5844,66.4009,11596.2153,22.7143,,501.0710,176.2425,352.485,851.3536,861.3264,861.3264,1720.2594,344.5306,0.0,2.443583,4.880376,1.421539,29,62,4,5,0E-8,0.08180121,,0E-8,0.000000,0.912403,0.000000,,2026-03-29,2026-05-13,7,100,89,46,0.152174,,,0.000000,,,,,,,,GLOBAL_BASELINE_NO_ENTITY_RANKING,,,NOT_APPLICABLE_GLOBAL_BASELINE,HF9g-P5,,,,X 全窗基线 · 不参与实体赏罚,14192848,1420,A168_HF9F_20260827_0900,2026-08-27 09:00:00
2026-05-10,145103192,2224,0,861.3264427218,-861.3264427218,-861.3264427218,0E-7,1,1,0.50665070000000000,0.506650700000,-1.013391052207602,-1.013391052207602,-1.013391052207602,0E-17,ELIGIBLE,R03b_20260811_FULL_v1,L1_ELIGIBILITY,v2026-08-11,2026-03-21..2026-08-06,baccarat_bet02_101_all_pairs_incl_sentinel,round_win = game_pnl > 0 (decisive only),COMPATIBILITY_ONLY_NOT_PRODUCTION,81173.5068,74062.9271,6640.0910,162,159,-0.08180121,,-0.08180121,-0.08180121,-6640.0910,81173.5068,OK,0.0000,265.6036,4.0000,96.0000,AG03-UNRESOLVED,ALL5_LEVELS_bet23_to_bet27,265.6036,265.6036,265.6036,332.0046,332.0046,4.000000,4.000000,4.000000,5.000000,5.000000,96.000000,96.000000,96.000000,95.000000,95.000000,5.0,1460.8200,1338.1494,5179.2710,5301.9416,PENDING_AG03,FALSE,NOT_FOR_ENFORCEMENT,6374.4874,71100.4100,6640.0910,6374.4874,265.6036,0.08180121,0.07852916,265.6036,6374.4874,0.07852916,265.6036,265.6036,265.6036,332.0046,332.0046,6374.4874,0.07852916,1460.8200,1338.1494,5179.2710,5301.9416,0.06380494,0.06531616,0.00327205,501.0710,465.8046,41.7616,948.5844,66.4009,11596.2153,22.7143,,501.0710,176.2425,352.485,851.3536,861.3264,861.3264,1720.2594,344.5306,0.0,2.443583,4.880376,1.421539,29,62,4,5,0E-8,0.08180121,,0E-8,0.000000,0.912403,0.000000,,2026-03-29,2026-05-13,7,100,89,46,0.152174,,,0.000000,,,,,,,,GLOBAL_BASELINE_NO_ENTITY_RANKING,,,NOT_APPLICABLE_GLOBAL_BASELINE,HF9g-P5,,,,X 全窗基线 · 不参与实体赏罚,14192849,1420,A168_HF9F_20260827_0900,2026-08-27 09:00:00
2026-05-10,145103192,529,0,344.5305770887,-344.5305770887,-344.5305770887,0E-7,1,1,0.49324550000000000,0.493245500000,-0.9865810262130424,-0.9865810262130424,-0.9865810262130424,0E-17,ELIGIBLE,R03b_20260811_FULL_v1,L1_ELIGIBILITY,v2026-08-11,2026-03-21..2026-08-06,baccarat_bet02_101_all_pairs_incl_sentinel,round_win = game_pnl > 0 (decisive only),COMPATIBILITY_ONLY_NOT_PRODUCTION,81173.5068,74062.9271,6640.0910,162,159,-0.08180121,,-0.08180121,-0.08180121,-6640.0910,81173.5068,OK,0.0000,265.6036,4.0000,96.0000,AG03-UNRESOLVED,ALL5_LEVELS_bet23_to_bet27,265.6036,265.6036,265.6036,332.0046,332.0046,4.000000,4.000000,4.000000,5.000000,5.000000,96.000000,96.000000,96.000000,95.000000,95.000000,5.0,1460.8200,1338.1494,5179.2710,5301.9416,PENDING_AG03,FALSE,NOT_FOR_ENFORCEMENT,6374.4874,71100.4100,6640.0910,6374.4874,265.6036,0.08180121,0.07852916,265.6036,6374.4874,0.07852916,265.6036,265.6036,265.6036,332.0046,332.0046,6374.4874,0.07852916,1460.8200,1338.1494,5179.2710,5301.9416,0.06380494,0.06531616,0.00327205,501.0710,465.8046,41.7616,948.5844,66.4009,11596.2153,22.7143,,501.0710,176.2425,352.485,851.3536,861.3264,861.3264,1720.2594,344.5306,0.0,2.443583,4.880376,1.421539,29,62,4,5,0E-8,0.08180121,,0E-8,0.000000,0.912403,0.000000,,2026-03-29,2026-05-13,7,100,89,46,0.152174,,,0.000000,,,,,,,,GLOBAL_BASELINE_NO_ENTITY_RANKING,,,NOT_APPLICABLE_GLOBAL_BASELINE,HF9g-P5,,,,X 全窗基线 · 不参与实体赏罚,14192850,1420,A168_HF9F_20260827_0900,2026-08-27 09:00:00
2026-05-10,145103192,993,0,172.2652885444,-172.2652885444,-172.2652885444,0E-7,1,1,0.50665070000000000,0.506650700000,-1.013391052207602,-1.013391052207602,-1.013391052207602,0E-17,ELIGIBLE,R03b_20260811_FULL_v1,L1_ELIGIBILITY,v2026-08-11,2026-03-21..2026-08-06,baccarat_bet02_101_all_pairs_incl_sentinel,round_win = game_pnl > 0 (decisive only),COMPATIBILITY_ONLY_NOT_PRODUCTION,81173.5068,74062.9271,6640.0910,162,159,-0.08180121,,-0.08180121,-0.08180121,-6640.0910,81173.5068,OK,0.0000,265.6036,4.0000,96.0000,AG03-UNRESOLVED,ALL5_LEVELS_bet23_to_bet27,265.6036,265.6036,265.6036,332.0046,332.0046,4.000000,4.000000,4.000000,5.000000,5.000000,96.000000,96.000000,96.000000,95.000000,95.000000,5.0,1460.8200,1338.1494,5179.2710,5301.9416,PENDING_AG03,FALSE,NOT_FOR_ENFORCEMENT,6374.4874,71100.4100,6640.0910,6374.4874,265.6036,0.08180121,0.07852916,265.6036,6374.4874,0.07852916,265.6036,265.6036,265.6036,332.0046,332.0046,6374.4874,0.07852916,1460.8200,1338.1494,5179.2710,5301.9416,0.06380494,0.06531616,0.00327205,501.0710,465.8046,41.7616,948.5844,66.4009,11596.2153,22.7143,,501.0710,176.2425,352.485,851.3536,861.3264,861.3264,1720.2594,344.5306,0.0,2.443583,4.880376,1.421539,29,62,4,5,0E-8,0.08180121,,0E-8,0.000000,0.912403,0.000000,,2026-03-29,2026-05-13,7,100,89,46,0.152174,,,0.000000,,,,,,,,GLOBAL_BASELINE_NO_ENTITY_RANKING,,,NOT_APPLICABLE_GLOBAL_BASELINE,HF9g-P5,,,,X 全窗基线 · 不参与实体赏罚,14192851,1420,A168_HF9F_20260827_0900,2026-08-27 09:00:00
2026-05-13,145103192,-1,1,689.0611541774,-689.0611541774,-689.0611541774,0E-7,1,1,0.50665070000000000,0.506650700000,-1.013391052207602,-1.013391052207602,-1.013391052207602,0E-17,SENTINEL_DEALER,R03b_20260811_FULL_v1,L1_ELIGIBILITY,v2026-08-11,2026-03-21..2026-08-06,baccarat_bet02_101_all_pairs_incl_sentinel,round_win = game_pnl > 0 (decisive only),COMPATIBILITY_ONLY_NOT_PRODUCTION,81173.5068,74062.9271,6640.0910,162,159,-0.08180121,,-0.08180121,-0.08180121,-6640.0910,81173.5068,OK,0.0000,265.6036,4.0000,96.0000,AG03-UNRESOLVED,ALL5_LEVELS_bet23_to_bet27,265.6036,265.6036,265.6036,332.0046,332.0046,4.000000,4.000000,4.000000,5.000000,5.000000,96.000000,96.000000,96.000000,95.000000,95.000000,5.0,1460.8200,1338.1494,5179.2710,5301.9416,PENDING_AG03,FALSE,NOT_FOR_ENFORCEMENT,6374.4874,71100.4100,6640.0910,6374.4874,265.6036,0.08180121,0.07852916,265.6036,6374.4874,0.07852916,265.6036,265.6036,265.6036,332.0046,332.0046,6374.4874,0.07852916,1460.8200,1338.1494,5179.2710,5301.9416,0.06380494,0.06531616,0.00327205,501.0710,465.8046,41.7616,948.5844,66.4009,11596.2153,22.7143,,501.0710,176.2425,352.485,851.3536,861.3264,861.3264,1720.2594,344.5306,0.0,2.443583,4.880376,1.421539,29,62,4,5,0E-8,0.08180121,,0E-8,0.000000,0.912403,0.000000,,2026-03-29,2026-05-13,7,100,89,46,0.152174,,,0.000000,,,,,,,,GLOBAL_BASELINE_NO_ENTITY_RANKING,,,NOT_APPLICABLE_GLOBAL_BASELINE,HF9g-P5,,,,X 全窗基线 · 不参与实体赏罚,14192852,1420,A168_HF9F_20260827_0900,2026-08-27 09:00:00
2026-05-13,145103192,1299,0,1722.6528854436,-43.0663221361,-43.0663221361,0.5000000,2,2,0.49994810000000000,0.499948100000,0.00014679536856514622,0.00014679536856514622,0.00014679536856514622,0E-17,ELIGIBLE,R03b_20260811_FULL_v1,L1_ELIGIBILITY,v2026-08-11,2026-03-21..2026-08-06,baccarat_bet02_101_all_pairs_incl_sentinel,round_win = game_pnl > 0 (decisive only),COMPATIBILITY_ONLY_NOT_PRODUCTION,81173.5068,74062.9271,6640.0910,162,159,-0.08180121,,-0.08180121,-0.08180121,-6640.0910,81173.5068,OK,0.0000,265.6036,4.0000,96.0000,AG03-UNRESOLVED,ALL5_LEVELS_bet23_to_bet27,265.6036,265.6036,265.6036,332.0046,332.0046,4.000000,4.000000,4.000000,5.000000,5.000000,96.000000,96.000000,96.000000,95.000000,95.000000,5.0,1460.8200,1338.1494,5179.2710,5301.9416,PENDING_AG03,FALSE,NOT_FOR_ENFORCEMENT,6374.4874,71100.4100,6640.0910,6374.4874,265.6036,0.08180121,0.07852916,265.6036,6374.4874,0.07852916,265.6036,265.6036,265.6036,332.0046,332.0046,6374.4874,0.07852916,1460.8200,1338.1494,5179.2710,5301.9416,0.06380494,0.06531616,0.00327205,501.0710,465.8046,41.7616,948.5844,66.4009,11596.2153,22.7143,,501.0710,176.2425,352.485,851.3536,861.3264,861.3264,1720.2594,344.5306,0.0,2.443583,4.880376,1.421539,29,62,4,5,0E-8,0.08180121,,0E-8,0.000000,0.912403,0.000000,,2026-03-29,2026-05-13,7,100,89,46,0.152174,,,0.000000,,,,,,,,GLOBAL_BASELINE_NO_ENTITY_RANKING,,,NOT_APPLICABLE_GLOBAL_BASELINE,HF9g-P5,,,,X 全窗基线 · 不参与实体赏罚,14192853,1420,A168_HF9F_20260827_0900,2026-08-27 09:00:00
2026-05-13,145103192,1318,0,516.7958656331,-516.7958656331,-516.7958656331,0E-7,1,1,0.50665070000000000,0.506650700000,-1.013391052207602,-1.013391052207602,-1.013391052207602,0E-17,ELIGIBLE,R03b_20260811_FULL_v1,L1_ELIGIBILITY,v2026-08-11,2026-03-21..2026-08-06,baccarat_bet02_101_all_pairs_incl_sentinel,round_win = game_pnl > 0 (decisive only),COMPATIBILITY_ONLY_NOT_PRODUCTION,81173.5068,74062.9271,6640.0910,162,159,-0.08180121,,-0.08180121,-0.08180121,-6640.0910,81173.5068,OK,0.0000,265.6036,4.0000,96.0000,AG03-UNRESOLVED,ALL5_LEVELS_bet23_to_bet27,265.6036,265.6036,265.6036,332.0046,332.0046,4.000000,4.000000,4.000000,5.000000,5.000000,96.000000,96.000000,96.000000,95.000000,95.000000,5.0,1460.8200,1338.1494,5179.2710,5301.9416,PENDING_AG03,FALSE,NOT_FOR_ENFORCEMENT,6374.4874,71100.4100,6640.0910,6374.4874,265.6036,0.08180121,0.07852916,265.6036,6374.4874,0.07852916,265.6036,265.6036,265.6036,332.0046,332.0046,6374.4874,0.07852916,1460.8200,1338.1494,5179.2710,5301.9416,0.06380494,0.06531616,0.00327205,501.0710,465.8046,41.7616,948.5844,66.4009,11596.2153,22.7143,,501.0710,176.2425,352.485,851.3536,861.3264,861.3264,1720.2594,344.5306,0.0,2.443583,4.880376,1.421539,29,62,4,5,0E-8,0.08180121,,0E-8,0.000000,0.912403,0.000000,,2026-03-29,2026-05-13,7,100,89,46,0.152174,,,0.000000,,,,,,,,GLOBAL_BASELINE_NO_ENTITY_RANKING,,,NOT_APPLICABLE_GLOBAL_BASELINE,HF9g-P5,,,,X 全窗基线 · 不参与实体赏罚,14192854,1420,A168_HF9F_20260827_0900,2026-08-27 09:00:00
2026-05-13,145103192,1507,0,1343.6692506460,-310.0775193798,-310.0775193798,0.5000000,2,2,0.49994810000000000,0.499948100000,0.00014679536856514622,0.00014679536856514622,0.00014679536856514622,0E-17,ELIGIBLE,R03b_20260811_FULL_v1,L1_ELIGIBILITY,v2026-08-11,2026-03-21..2026-08-06,baccarat_bet02_101_all_pairs_incl_sentinel,round_win = game_pnl > 0 (decisive only),COMPATIBILITY_ONLY_NOT_PRODUCTION,81173.5068,74062.9271,6640.0910,162,159,-0.08180121,,-0.08180121,-0.08180121,-6640.0910,81173.5068,OK,0.0000,265.6036,4.0000,96.0000,AG03-UNRESOLVED,ALL5_LEVELS_bet23_to_bet27,265.6036,265.6036,265.6036,332.0046,332.0046,4.000000,4.000000,4.000000,5.000000,5.000000,96.000000,96.000000,96.000000,95.000000,95.000000,5.0,1460.8200,1338.1494,5179.2710,5301.9416,PENDING_AG03,FALSE,NOT_FOR_ENFORCEMENT,6374.4874,71100.4100,6640.0910,6374.4874,265.6036,0.08180121,0.07852916,265.6036,6374.4874,0.07852916,265.6036,265.6036,265.6036,332.0046,332.0046,6374.4874,0.07852916,1460.8200,1338.1494,5179.2710,5301.9416,0.06380494,0.06531616,0.00327205,501.0710,465.8046,41.7616,948.5844,66.4009,11596.2153,22.7143,,501.0710,176.2425,352.485,851.3536,861.3264,861.3264,1720.2594,344.5306,0.0,2.443583,4.880376,1.421539,29,62,4,5,0E-8,0.08180121,,0E-8,0.000000,0.912403,0.000000,,2026-03-29,2026-05-13,7,100,89,46,0.152174,,,0.000000,,,,,,,,GLOBAL_BASELINE_NO_ENTITY_RANKING,,,NOT_APPLICABLE_GLOBAL_BASELINE,HF9g-P5,,,,X 全窗基线 · 不参与实体赏罚,14192855,1420,A168_HF9F_20260827_0900,2026-08-27 09:00:00
2026-05-13,145103192,2108,0,516.7958656331,0E-10,0E-10,,1,1,0.50665070000000000,0.506650700000,,,,0E-17,NO_DECISIVE_ROUND,R03b_20260811_FULL_v1,L1_ELIGIBILITY,v2026-08-11,2026-03-21..2026-08-06,baccarat_bet02_101_all_pairs_incl_sentinel,round_win = game_pnl > 0 (decisive only),COMPATIBILITY_ONLY_NOT_PRODUCTION,81173.5068,74062.9271,6640.0910,162,159,-0.08180121,,-0.08180121,-0.08180121,-6640.0910,81173.5068,OK,0.0000,265.6036,4.0000,96.0000,AG03-UNRESOLVED,ALL5_LEVELS_bet23_to_bet27,265.6036,265.6036,265.6036,332.0046,332.0046,4.000000,4.000000,4.000000,5.000000,5.000000,96.000000,96.000000,96.000000,95.000000,95.000000,5.0,1460.8200,1338.1494,5179.2710,5301.9416,PENDING_AG03,FALSE,NOT_FOR_ENFORCEMENT,6374.4874,71100.4100,6640.0910,6374.4874,265.6036,0.08180121,0.07852916,265.6036,6374.4874,0.07852916,265.6036,265.6036,265.6036,332.0046,332.0046,6374.4874,0.07852916,1460.8200,1338.1494,5179.2710,5301.9416,0.06380494,0.06531616,0.00327205,501.0710,465.8046,41.7616,948.5844,66.4009,11596.2153,22.7143,,501.0710,176.2425,352.485,851.3536,861.3264,861.3264,1720.2594,344.5306,0.0,2.443583,4.880376,1.421539,29,62,4,5,0E-8,0.08180121,,0E-8,0.000000,0.912403,0.000000,,2026-03-29,2026-05-13,7,100,89,46,0.152174,,,0.000000,,,,,,,,GLOBAL_BASELINE_NO_ENTITY_RANKING,,,NOT_APPLICABLE_GLOBAL_BASELINE,HF9g-P5,,,,X 全窗基线 · 不参与实体赏罚,14192856,1420,A168_HF9F_20260827_0900,2026-08-27 09:00:00
2026-05-13,145103192,2121,0,516.7958656331,516.7958656331,516.7958656331,1.0000000,1,1,0.49324550000000000,0.493245500000,1.01360149184955,1.01360149184955,1.01360149184955,0E-17,ELIGIBLE,R03b_20260811_FULL_v1,L1_ELIGIBILITY,v2026-08-11,2026-03-21..2026-08-06,baccarat_bet02_101_all_pairs_incl_sentinel,round_win = game_pnl > 0 (decisive only),COMPATIBILITY_ONLY_NOT_PRODUCTION,81173.5068,74062.9271,6640.0910,162,159,-0.08180121,,-0.08180121,-0.08180121,-6640.0910,81173.5068,OK,0.0000,265.6036,4.0000,96.0000,AG03-UNRESOLVED,ALL5_LEVELS_bet23_to_bet27,265.6036,265.6036,265.6036,332.0046,332.0046,4.000000,4.000000,4.000000,5.000000,5.000000,96.000000,96.000000,96.000000,95.000000,95.000000,5.0,1460.8200,1338.1494,5179.2710,5301.9416,PENDING_AG03,FALSE,NOT_FOR_ENFORCEMENT,6374.4874,71100.4100,6640.0910,6374.4874,265.6036,0.08180121,0.07852916,265.6036,6374.4874,0.07852916,265.6036,265.6036,265.6036,332.0046,332.0046,6374.4874,0.07852916,1460.8200,1338.1494,5179.2710,5301.9416,0.06380494,0.06531616,0.00327205,501.0710,465.8046,41.7616,948.5844,66.4009,11596.2153,22.7143,,501.0710,176.2425,352.485,851.3536,861.3264,861.3264,1720.2594,344.5306,0.0,2.443583,4.880376,1.421539,29,62,4,5,0E-8,0.08180121,,0E-8,0.000000,0.912403,0.000000,,2026-03-29,2026-05-13,7,100,89,46,0.152174,,,0.000000,,,,,,,,GLOBAL_BASELINE_NO_ENTITY_RANKING,,,NOT_APPLICABLE_GLOBAL_BASELINE,HF9g-P5,,,,X 全窗基线 · 不参与实体赏罚,14192857,1420,A168_HF9F_20260827_0900,2026-08-27 09:00:00
2026-05-13,145103192,2169,0,861.3264427218,-861.3264427218,-861.3264427218,0E-7,1,1,0.49324550000000000,0.493245500000,-0.9865810262130424,-0.9865810262130424,-0.9865810262130424,0E-17,ELIGIBLE,R03b_20260811_FULL_v1,L1_ELIGIBILITY,v2026-08-11,2026-03-21..2026-08-06,baccarat_bet02_101_all_pairs_incl_sentinel,round_win = game_pnl > 0 (decisive only),COMPATIBILITY_ONLY_NOT_PRODUCTION,81173.5068,74062.9271,6640.0910,162,159,-0.08180121,,-0.08180121,-0.08180121,-6640.0910,81173.5068,OK,0.0000,265.6036,4.0000,96.0000,AG03-UNRESOLVED,ALL5_LEVELS_bet23_to_bet27,265.6036,265.6036,265.6036,332.0046,332.0046,4.000000,4.000000,4.000000,5.000000,5.000000,96.000000,96.000000,96.000000,95.000000,95.000000,5.0,1460.8200,1338.1494,5179.2710,5301.9416,PENDING_AG03,FALSE,NOT_FOR_ENFORCEMENT,6374.4874,71100.4100,6640.0910,6374.4874,265.6036,0.08180121,0.07852916,265.6036,6374.4874,0.07852916,265.6036,265.6036,265.6036,332.0046,332.0046,6374.4874,0.07852916,1460.8200,1338.1494,5179.2710,5301.9416,0.06380494,0.06531616,0.00327205,501.0710,465.8046,41.7616,948.5844,66.4009,11596.2153,22.7143,,501.0710,176.2425,352.485,851.3536,861.3264,861.3264,1720.2594,344.5306,0.0,2.443583,4.880376,1.421539,29,62,4,5,0E-8,0.08180121,,0E-8,0.000000,0.912403,0.000000,,2026-03-29,2026-05-13,7,100,89,46,0.152174,,,0.000000,,,,,,,,GLOBAL_BASELINE_NO_ENTITY_RANKING,,,NOT_APPLICABLE_GLOBAL_BASELINE,HF9g-P5,,,,X 全窗基线 · 不参与实体赏罚,14192858,1420,A168_HF9F_20260827_0900,2026-08-27 09:00:00
2026-05-13,145103192,2175,0,861.3264427218,-861.3264427218,-861.3264427218,0E-7,1,1,0.49324550000000000,0.493245500000,-0.9865810262130424,-0.9865810262130424,-0.9865810262130424,0E-17,ELIGIBLE,R03b_20260811_FULL_v1,L1_ELIGIBILITY,v2026-08-11,2026-03-21..2026-08-06,baccarat_bet02_101_all_pairs_incl_sentinel,round_win = game_pnl > 0 (decisive only),COMPATIBILITY_ONLY_NOT_PRODUCTION,81173.5068,74062.9271,6640.0910,162,159,-0.08180121,,-0.08180121,-0.08180121,-6640.0910,81173.5068,OK,0.0000,265.6036,4.0000,96.0000,AG03-UNRESOLVED,ALL5_LEVELS_bet23_to_bet27,265.6036,265.6036,265.6036,332.0046,332.0046,4.000000,4.000000,4.000000,5.000000,5.000000,96.000000,96.000000,96.000000,95.000000,95.000000,5.0,1460.8200,1338.1494,5179.2710,5301.9416,PENDING_AG03,FALSE,NOT_FOR_ENFORCEMENT,6374.4874,71100.4100,6640.0910,6374.4874,265.6036,0.08180121,0.07852916,265.6036,6374.4874,0.07852916,265.6036,265.6036,265.6036,332.0046,332.0046,6374.4874,0.07852916,1460.8200,1338.1494,5179.2710,5301.9416,0.06380494,0.06531616,0.00327205,501.0710,465.8046,41.7616,948.5844,66.4009,11596.2153,22.7143,,501.0710,176.2425,352.485,851.3536,861.3264,861.3264,1720.2594,344.5306,0.0,2.443583,4.880376,1.421539,29,62,4,5,0E-8,0.08180121,,0E-8,0.000000,0.912403,0.000000,,2026-03-29,2026-05-13,7,100,89,46,0.152174,,,0.000000,,,,,,,,GLOBAL_BASELINE_NO_ENTITY_RANKING,,,NOT_APPLICABLE_GLOBAL_BASELINE,HF9g-P5,,,,X 全窗基线 · 不参与实体赏罚,14192859,1420,A168_HF9F_20260827_0900,2026-08-27 09:00:00
2026-05-13,145103192,2235,0,861.3264427218,0E-10,0E-10,,1,1,0.49324550000000000,0.493245500000,,,,0E-17,NO_DECISIVE_ROUND,R03b_20260811_FULL_v1,L1_ELIGIBILITY,v2026-08-11,2026-03-21..2026-08-06,baccarat_bet02_101_all_pairs_incl_sentinel,round_win = game_pnl > 0 (decisive only),COMPATIBILITY_ONLY_NOT_PRODUCTION,81173.5068,74062.9271,6640.0910,162,159,-0.08180121,,-0.08180121,-0.08180121,-6640.0910,81173.5068,OK,0.0000,265.6036,4.0000,96.0000,AG03-UNRESOLVED,ALL5_LEVELS_bet23_to_bet27,265.6036,265.6036,265.6036,332.0046,332.0046,4.000000,4.000000,4.000000,5.000000,5.000000,96.000000,96.000000,96.000000,95.000000,95.000000,5.0,1460.8200,1338.1494,5179.2710,5301.9416,PENDING_AG03,FALSE,NOT_FOR_ENFORCEMENT,6374.4874,71100.4100,6640.0910,6374.4874,265.6036,0.08180121,0.07852916,265.6036,6374.4874,0.07852916,265.6036,265.6036,265.6036,332.0046,332.0046,6374.4874,0.07852916,1460.8200,1338.1494,5179.2710,5301.9416,0.06380494,0.06531616,0.00327205,501.0710,465.8046,41.7616,948.5844,66.4009,11596.2153,22.7143,,501.0710,176.2425,352.485,851.3536,861.3264,861.3264,1720.2594,344.5306,0.0,2.443583,4.880376,1.421539,29,62,4,5,0E-8,0.08180121,,0E-8,0.000000,0.912403,0.000000,,2026-03-29,2026-05-13,7,100,89,46,0.152174,,,0.000000,,,,,,,,GLOBAL_BASELINE_NO_ENTITY_RANKING,,,NOT_APPLICABLE_GLOBAL_BASELINE,HF9g-P5,,,,X 全窗基线 · 不参与实体赏罚,14192860,1420,A168_HF9F_20260827_0900,2026-08-27 09:00:00
2026-05-13,145103192,752,0,861.3264427218,-861.3264427218,-861.3264427218,0E-7,1,1,0.49324550000000000,0.493245500000,-0.9865810262130424,-0.9865810262130424,-0.9865810262130424,0E-17,ELIGIBLE,R03b_20260811_FULL_v1,L1_ELIGIBILITY,v2026-08-11,2026-03-21..2026-08-06,baccarat_bet02_101_all_pairs_incl_sentinel,round_win = game_pnl > 0 (decisive only),COMPATIBILITY_ONLY_NOT_PRODUCTION,81173.5068,74062.9271,6640.0910,162,159,-0.08180121,,-0.08180121,-0.08180121,-6640.0910,81173.5068,OK,0.0000,265.6036,4.0000,96.0000,AG03-UNRESOLVED,ALL5_LEVELS_bet23_to_bet27,265.6036,265.6036,265.6036,332.0046,332.0046,4.000000,4.000000,4.000000,5.000000,5.000000,96.000000,96.000000,96.000000,95.000000,95.000000,5.0,1460.8200,1338.1494,5179.2710,5301.9416,PENDING_AG03,FALSE,NOT_FOR_ENFORCEMENT,6374.4874,71100.4100,6640.0910,6374.4874,265.6036,0.08180121,0.07852916,265.6036,6374.4874,0.07852916,265.6036,265.6036,265.6036,332.0046,332.0046,6374.4874,0.07852916,1460.8200,1338.1494,5179.2710,5301.9416,0.06380494,0.06531616,0.00327205,501.0710,465.8046,41.7616,948.5844,66.4009,11596.2153,22.7143,,501.0710,176.2425,352.485,851.3536,861.3264,861.3264,1720.2594,344.5306,0.0,2.443583,4.880376,1.421539,29,62,4,5,0E-8,0.08180121,,0E-8,0.000000,0.912403,0.000000,,2026-03-29,2026-05-13,7,100,89,46,0.152174,,,0.000000,,,,,,,,GLOBAL_BASELINE_NO_ENTITY_RANKING,,,NOT_APPLICABLE_GLOBAL_BASELINE,HF9g-P5,,,,X 全窗基线 · 不参与实体赏罚,14192861,1420,A168_HF9F_20260827_0900,2026-08-27 09:00:00
2026-05-13,145103192,987,0,1894.9181739880,-861.3264427218,-861.3264427218,0.3333333,3,3,0.50218230000000000,0.502182300000,-0.5849155494134425,-0.5849155494134426,-0.5849155494134425,0E-17,ELIGIBLE,R03b_20260811_FULL_v1,L1_ELIGIBILITY,v2026-08-11,2026-03-21..2026-08-06,baccarat_bet02_101_all_pairs_incl_sentinel,round_win = game_pnl > 0 (decisive only),COMPATIBILITY_ONLY_NOT_PRODUCTION,81173.5068,74062.9271,6640.0910,162,159,-0.08180121,,-0.08180121,-0.08180121,-6640.0910,81173.5068,OK,0.0000,265.6036,4.0000,96.0000,AG03-UNRESOLVED,ALL5_LEVELS_bet23_to_bet27,265.6036,265.6036,265.6036,332.0046,332.0046,4.000000,4.000000,4.000000,5.000000,5.000000,96.000000,96.000000,96.000000,95.000000,95.000000,5.0,1460.8200,1338.1494,5179.2710,5301.9416,PENDING_AG03,FALSE,NOT_FOR_ENFORCEMENT,6374.4874,71100.4100,6640.0910,6374.4874,265.6036,0.08180121,0.07852916,265.6036,6374.4874,0.07852916,265.6036,265.6036,265.6036,332.0046,332.0046,6374.4874,0.07852916,1460.8200,1338.1494,5179.2710,5301.9416,0.06380494,0.06531616,0.00327205,501.0710,465.8046,41.7616,948.5844,66.4009,11596.2153,22.7143,,501.0710,176.2425,352.485,851.3536,861.3264,861.3264,1720.2594,344.5306,0.0,2.443583,4.880376,1.421539,29,62,4,5,0E-8,0.08180121,,0E-8,0.000000,0.912403,0.000000,,2026-03-29,2026-05-13,7,100,89,46,0.152174,,,0.000000,,,,,,,,GLOBAL_BASELINE_NO_ENTITY_RANKING,,,NOT_APPLICABLE_GLOBAL_BASELINE,HF9g-P5,,,,X 全窗基线 · 不参与实体赏罚,14192862,1420,A168_HF9F_20260827_0900,2026-08-27 09:00:00
2026-06-17,141173793,-1,1,729.8798604831,319.7261335745,319.7261335745,0.6666667,3,3,0.50665070000000000,0.506650700000,0.5543606114942035,0.5543606114942035,0.5543606114942035,0E-17,SENTINEL_DEALER,R03b_20260811_FULL_v1,L1_ELIGIBILITY,v2026-08-11,2026-03-21..2026-08-06,baccarat_bet02_101_all_pairs_incl_sentinel,round_win = game_pnl > 0 (decisive only),COMPATIBILITY_ONLY_NOT_PRODUCTION,33403.1621,29617.6283,6641.1049,92,92,-0.19881665,-0.33938892,-0.12405487,-0.19881665,-6641.1049,33403.1621,OK,0.0000,265.6442,4.0000,96.0000,AG03-UNRESOLVED,ALL5_LEVELS_bet23_to_bet27,265.6442,332.0552,332.0552,332.0552,332.0552,4.000000,5.000000,5.000000,5.000000,5.000000,96.000000,95.000000,95.000000,95.000000,95.000000,5.0,1593.8652,1448.2523,5047.2397,5192.8526,PENDING_AG03,FALSE,NOT_FOR_ENFORCEMENT,6375.4607,28432.9232,6641.1049,6375.4607,265.6442,0.19881665,0.19086399,265.6442,6375.4607,0.19086399,265.6442,332.0552,332.0552,332.0552,332.0552,6375.4607,0.19086399,1593.8652,1448.2523,5047.2397,5192.8526,0.15110066,0.15545991,0.00795267,363.0778,321.9307,72.1859,948.7293,122.9834,4771.8803,13.1429,305.1904,403.8134,107.7421,215.3038,465.6346,855.1845,1046.441,1666.0115,213.5292,-31.8173,4.8603,7.737957,1.686351,28,33,6,2,0.34718977,0.19881665,0.33938892,0E-8,0.000000,0.886671,0.000000,-0.21533405,2026-06-17,2026-08-01,7,54,51,46,0.152174,0.755771,0.840565,1.157299,,,,,,,,GLOBAL_BASELINE_NO_ENTITY_RANKING,,,NOT_APPLICABLE_GLOBAL_BASELINE,HF9g-P5,,,,X 全窗基线 · 不参与实体赏罚,14192863,1420,A168_HF9F_20260827_0900,2026-08-27 09:00:00
2026-06-17,141173793,1704,0,1291.8227619170,-645.9113809585,-645.9113809585,0E-7,2,2,0.49324550000000000,0.493245500000,-0.9865810262130424,-0.9865810262130424,-0.9865810262130424,0E-17,ELIGIBLE,R03b_20260811_FULL_v1,L1_ELIGIBILITY,v2026-08-11,2026-03-21..2026-08-06,baccarat_bet02_101_all_pairs_incl_sentinel,round_win = game_pnl > 0 (decisive only),COMPATIBILITY_ONLY_NOT_PRODUCTION,33403.1621,29617.6283,6641.1049,92,92,-0.19881665,-0.33938892,-0.12405487,-0.19881665,-6641.1049,33403.1621,OK,0.0000,265.6442,4.0000,96.0000,AG03-UNRESOLVED,ALL5_LEVELS_bet23_to_bet27,265.6442,332.0552,332.0552,332.0552,332.0552,4.000000,5.000000,5.000000,5.000000,5.000000,96.000000,95.000000,95.000000,95.000000,95.000000,5.0,1593.8652,1448.2523,5047.2397,5192.8526,PENDING_AG03,FALSE,NOT_FOR_ENFORCEMENT,6375.4607,28432.9232,6641.1049,6375.4607,265.6442,0.19881665,0.19086399,265.6442,6375.4607,0.19086399,265.6442,332.0552,332.0552,332.0552,332.0552,6375.4607,0.19086399,1593.8652,1448.2523,5047.2397,5192.8526,0.15110066,0.15545991,0.00795267,363.0778,321.9307,72.1859,948.7293,122.9834,4771.8803,13.1429,305.1904,403.8134,107.7421,215.3038,465.6346,855.1845,1046.441,1666.0115,213.5292,-31.8173,4.8603,7.737957,1.686351,28,33,6,2,0.34718977,0.19881665,0.33938892,0E-8,0.000000,0.886671,0.000000,-0.21533405,2026-06-17,2026-08-01,7,54,51,46,0.152174,0.755771,0.840565,1.157299,,,,,,,,GLOBAL_BASELINE_NO_ENTITY_RANKING,,,NOT_APPLICABLE_GLOBAL_BASELINE,HF9g-P5,,,,X 全窗基线 · 不参与实体赏罚,14192864,1420,A168_HF9F_20260827_0900,2026-08-27 09:00:00
2026-06-17,141173793,2127,0,163.6308831762,163.6308831762,163.6308831762,1.0000000,1,1,0.49324550000000000,0.493245500000,1.01360149184955,1.01360149184955,1.01360149184955,0E-17,ELIGIBLE,R03b_20260811_FULL_v1,L1_ELIGIBILITY,v2026-08-11,2026-03-21..2026-08-06,baccarat_bet02_101_all_pairs_incl_sentinel,round_win = game_pnl > 0 (decisive only),COMPATIBILITY_ONLY_NOT_PRODUCTION,33403.1621,29617.6283,6641.1049,92,92,-0.19881665,-0.33938892,-0.12405487,-0.19881665,-6641.1049,33403.1621,OK,0.0000,265.6442,4.0000,96.0000,AG03-UNRESOLVED,ALL5_LEVELS_bet23_to_bet27,265.6442,332.0552,332.0552,332.0552,332.0552,4.000000,5.000000,5.000000,5.000000,5.000000,96.000000,95.000000,95.000000,95.000000,95.000000,5.0,1593.8652,1448.2523,5047.2397,5192.8526,PENDING_AG03,FALSE,NOT_FOR_ENFORCEMENT,6375.4607,28432.9232,6641.1049,6375.4607,265.6442,0.19881665,0.19086399,265.6442,6375.4607,0.19086399,265.6442,332.0552,332.0552,332.0552,332.0552,6375.4607,0.19086399,1593.8652,1448.2523,5047.2397,5192.8526,0.15110066,0.15545991,0.00795267,363.0778,321.9307,72.1859,948.7293,122.9834,4771.8803,13.1429,305.1904,403.8134,107.7421,215.3038,465.6346,855.1845,1046.441,1666.0115,213.5292,-31.8173,4.8603,7.737957,1.686351,28,33,6,2,0.34718977,0.19881665,0.33938892,0E-8,0.000000,0.886671,0.000000,-0.21533405,2026-06-17,2026-08-01,7,54,51,46,0.152174,0.755771,0.840565,1.157299,,,,,,,,GLOBAL_BASELINE_NO_ENTITY_RANKING,,,NOT_APPLICABLE_GLOBAL_BASELINE,HF9g-P5,,,,X 全窗基线 · 不参与实体赏罚,14192865,1420,A168_HF9F_20260827_0900,2026-08-27 09:00:00
2026-06-17,141173793,2155,0,430.6075873057,-430.6075873057,-430.6075873057,0E-7,1,1,0.49324550000000000,0.493245500000,-0.9865810262130424,-0.9865810262130424,-0.9865810262130424,0E-17,ELIGIBLE,R03b_20260811_FULL_v1,L1_ELIGIBILITY,v2026-08-11,2026-03-21..2026-08-06,baccarat_bet02_101_all_pairs_incl_sentinel,round_win = game_pnl > 0 (decisive only),COMPATIBILITY_ONLY_NOT_PRODUCTION,33403.1621,29617.6283,6641.1049,92,92,-0.19881665,-0.33938892,-0.12405487,-0.19881665,-6641.1049,33403.1621,OK,0.0000,265.6442,4.0000,96.0000,AG03-UNRESOLVED,ALL5_LEVELS_bet23_to_bet27,265.6442,332.0552,332.0552,332.0552,332.0552,4.000000,5.000000,5.000000,5.000000,5.000000,96.000000,95.000000,95.000000,95.000000,95.000000,5.0,1593.8652,1448.2523,5047.2397,5192.8526,PENDING_AG03,FALSE,NOT_FOR_ENFORCEMENT,6375.4607,28432.9232,6641.1049,6375.4607,265.6442,0.19881665,0.19086399,265.6442,6375.4607,0.19086399,265.6442,332.0552,332.0552,332.0552,332.0552,6375.4607,0.19086399,1593.8652,1448.2523,5047.2397,5192.8526,0.15110066,0.15545991,0.00795267,363.0778,321.9307,72.1859,948.7293,122.9834,4771.8803,13.1429,305.1904,403.8134,107.7421,215.3038,465.6346,855.1845,1046.441,1666.0115,213.5292,-31.8173,4.8603,7.737957,1.686351,28,33,6,2,0.34718977,0.19881665,0.33938892,0E-8,0.000000,0.886671,0.000000,-0.21533405,2026-06-17,2026-08-01,7,54,51,46,0.152174,0.755771,0.840565,1.157299,,,,,,,,GLOBAL_BASELINE_NO_ENTITY_RANKING,,,NOT_APPLICABLE_GLOBAL_BASELINE,HF9g-P5,,,,X 全窗基线 · 不参与实体赏罚,14192866,1420,A168_HF9F_20260827_0900,2026-08-27 09:00:00
2026-06-19,141173793,-1,1,215.3037936528,-215.3037936528,-215.3037936528,0E-7,1,1,0.49324550000000000,0.493245500000,-0.9865810262130424,-0.9865810262130424,-0.9865810262130424,0E-17,SENTINEL_DEALER,R03b_20260811_FULL_v1,L1_ELIGIBILITY,v2026-08-11,2026-03-21..2026-08-06,baccarat_bet02_101_all_pairs_incl_sentinel,round_win = game_pnl > 0 (decisive only),COMPATIBILITY_ONLY_NOT_PRODUCTION,33403.1621,29617.6283,6641.1049,92,92,-0.19881665,-0.33938892,-0.12405487,-0.19881665,-6641.1049,33403.1621,OK,0.0000,265.6442,4.0000,96.0000,AG03-UNRESOLVED,ALL5_LEVELS_bet23_to_bet27,265.6442,332.0552,332.0552,332.0552,332.0552,4.000000,5.000000,5.000000,5.000000,5.000000,96.000000,95.000000,95.000000,95.000000,95.000000,5.0,1593.8652,1448.2523,5047.2397,5192.8526,PENDING_AG03,FALSE,NOT_FOR_ENFORCEMENT,6375.4607,28432.9232,6641.1049,6375.4607,265.6442,0.19881665,0.19086399,265.6442,6375.4607,0.19086399,265.6442,332.0552,332.0552,332.0552,332.0552,6375.4607,0.19086399,1593.8652,1448.2523,5047.2397,5192.8526,0.15110066,0.15545991,0.00795267,363.0778,321.9307,72.1859,948.7293,122.9834,4771.8803,13.1429,305.1904,403.8134,107.7421,215.3038,465.6346,855.1845,1046.441,1666.0115,213.5292,-31.8173,4.8603,7.737957,1.686351,28,33,6,2,0.34718977,0.19881665,0.33938892,0E-8,0.000000,0.886671,0.000000,-0.21533405,2026-06-17,2026-08-01,7,54,51,46,0.152174,0.755771,0.840565,1.157299,,,,,,,,GLOBAL_BASELINE_NO_ENTITY_RANKING,,,NOT_APPLICABLE_GLOBAL_BASELINE,HF9g-P5,,,,X 全窗基线 · 不参与实体赏罚,14192867,1420,A168_HF9F_20260827_0900,2026-08-27 09:00:00
2026-06-19,141173793,1221,0,645.9113809585,-645.9113809585,-645.9113809585,0E-7,1,1,0.49324550000000000,0.493245500000,-0.9865810262130424,-0.9865810262130424,-0.9865810262130424,0E-17,ELIGIBLE,R03b_20260811_FULL_v1,L1_ELIGIBILITY,v2026-08-11,2026-03-21..2026-08-06,baccarat_bet02_101_all_pairs_incl_sentinel,round_win = game_pnl > 0 (decisive only),COMPATIBILITY_ONLY_NOT_PRODUCTION,33403.1621,29617.6283,6641.1049,92,92,-0.19881665,-0.33938892,-0.12405487,-0.19881665,-6641.1049,33403.1621,OK,0.0000,265.6442,4.0000,96.0000,AG03-UNRESOLVED,ALL5_LEVELS_bet23_to_bet27,265.6442,332.0552,332.0552,332.0552,332.0552,4.000000,5.000000,5.000000,5.000000,5.000000,96.000000,95.000000,95.000000,95.000000,95.000000,5.0,1593.8652,1448.2523,5047.2397,5192.8526,PENDING_AG03,FALSE,NOT_FOR_ENFORCEMENT,6375.4607,28432.9232,6641.1049,6375.4607,265.6442,0.19881665,0.19086399,265.6442,6375.4607,0.19086399,265.6442,332.0552,332.0552,332.0552,332.0552,6375.4607,0.19086399,1593.8652,1448.2523,5047.2397,5192.8526,0.15110066,0.15545991,0.00795267,363.0778,321.9307,72.1859,948.7293,122.9834,4771.8803,13.1429,305.1904,403.8134,107.7421,215.3038,465.6346,855.1845,1046.441,1666.0115,213.5292,-31.8173,4.8603,7.737957,1.686351,28,33,6,2,0.34718977,0.19881665,0.33938892,0E-8,0.000000,0.886671,0.000000,-0.21533405,2026-06-17,2026-08-01,7,54,51,46,0.152174,0.755771,0.840565,1.157299,,,,,,,,GLOBAL_BASELINE_NO_ENTITY_RANKING,,,NOT_APPLICABLE_GLOBAL_BASELINE,HF9g-P5,,,,X 全窗基线 · 不参与实体赏罚,14192868,1420,A168_HF9F_20260827_0900,2026-08-27 09:00:00
2026-06-19,141173793,1400,0,777.2466950867,-122.2925547948,-122.2925547948,0.5000000,2,2,0.50665070000000000,0.506650700000,-0.018812684590367487,-0.018812684590367487,-0.018812684590367487,0E-17,ELIGIBLE,R03b_20260811_FULL_v1,L1_ELIGIBILITY,v2026-08-11,2026-03-21..2026-08-06,baccarat_bet02_101_all_pairs_incl_sentinel,round_win = game_pnl > 0 (decisive only),COMPATIBILITY_ONLY_NOT_PRODUCTION,33403.1621,29617.6283,6641.1049,92,92,-0.19881665,-0.33938892,-0.12405487,-0.19881665,-6641.1049,33403.1621,OK,0.0000,265.6442,4.0000,96.0000,AG03-UNRESOLVED,ALL5_LEVELS_bet23_to_bet27,265.6442,332.0552,332.0552,332.0552,332.0552,4.000000,5.000000,5.000000,5.000000,5.000000,96.000000,95.000000,95.000000,95.000000,95.000000,5.0,1593.8652,1448.2523,5047.2397,5192.8526,PENDING_AG03,FALSE,NOT_FOR_ENFORCEMENT,6375.4607,28432.9232,6641.1049,6375.4607,265.6442,0.19881665,0.19086399,265.6442,6375.4607,0.19086399,265.6442,332.0552,332.0552,332.0552,332.0552,6375.4607,0.19086399,1593.8652,1448.2523,5047.2397,5192.8526,0.15110066,0.15545991,0.00795267,363.0778,321.9307,72.1859,948.7293,122.9834,4771.8803,13.1429,305.1904,403.8134,107.7421,215.3038,465.6346,855.1845,1046.441,1666.0115,213.5292,-31.8173,4.8603,7.737957,1.686351,28,33,6,2,0.34718977,0.19881665,0.33938892,0E-8,0.000000,0.886671,0.000000,-0.21533405,2026-06-17,2026-08-01,7,54,51,46,0.152174,0.755771,0.840565,1.157299,,,,,,,,GLOBAL_BASELINE_NO_ENTITY_RANKING,,,NOT_APPLICABLE_GLOBAL_BASELINE,HF9g-P5,,,,X 全窗基线 · 不参与实体赏罚,14192869,1420,A168_HF9F_20260827_0900,2026-08-27 09:00:00
2026-06-19,141173793,2261,0,335.8739180984,319.0802221935,319.0802221935,1.0000000,2,2,0.50665070000000000,0.506650700000,1.3955260008387969,1.3955260008387969,1.3955260008387969,0E-17,ELIGIBLE,R03b_20260811_FULL_v1,L1_ELIGIBILITY,v2026-08-11,2026-03-21..2026-08-06,baccarat_bet02_101_all_pairs_incl_sentinel,round_win = game_pnl > 0 (decisive only),COMPATIBILITY_ONLY_NOT_PRODUCTION,33403.1621,29617.6283,6641.1049,92,92,-0.19881665,-0.33938892,-0.12405487,-0.19881665,-6641.1049,33403.1621,OK,0.0000,265.6442,4.0000,96.0000,AG03-UNRESOLVED,ALL5_LEVELS_bet23_to_bet27,265.6442,332.0552,332.0552,332.0552,332.0552,4.000000,5.000000,5.000000,5.000000,5.000000,96.000000,95.000000,95.000000,95.000000,95.000000,5.0,1593.8652,1448.2523,5047.2397,5192.8526,PENDING_AG03,FALSE,NOT_FOR_ENFORCEMENT,6375.4607,28432.9232,6641.1049,6375.4607,265.6442,0.19881665,0.19086399,265.6442,6375.4607,0.19086399,265.6442,332.0552,332.0552,332.0552,332.0552,6375.4607,0.19086399,1593.8652,1448.2523,5047.2397,5192.8526,0.15110066,0.15545991,0.00795267,363.0778,321.9307,72.1859,948.7293,122.9834,4771.8803,13.1429,305.1904,403.8134,107.7421,215.3038,465.6346,855.1845,1046.441,1666.0115,213.5292,-31.8173,4.8603,7.737957,1.686351,28,33,6,2,0.34718977,0.19881665,0.33938892,0E-8,0.000000,0.886671,0.000000,-0.21533405,2026-06-17,2026-08-01,7,54,51,46,0.152174,0.755771,0.840565,1.157299,,,,,,,,GLOBAL_BASELINE_NO_ENTITY_RANKING,,,NOT_APPLICABLE_GLOBAL_BASELINE,HF9g-P5,,,,X 全窗基线 · 不参与实体赏罚,14192870,1420,A168_HF9F_20260827_0900,2026-08-27 09:00:00
2026-06-20,141173793,-1,1,3380.2695603495,-279.8949317487,-279.8949317487,0.4000000,6,6,0.49771390000000000,0.497713900000,-0.4369944132040151,-0.436994413204015,-0.4369944132040151,0E-17,SENTINEL_DEALER,R03b_20260811_FULL_v1,L1_ELIGIBILITY,v2026-08-11,2026-03-21..2026-08-06,baccarat_bet02_101_all_pairs_incl_sentinel,round_win = game_pnl > 0 (decisive only),COMPATIBILITY_ONLY_NOT_PRODUCTION,33403.1621,29617.6283,6641.1049,92,92,-0.19881665,-0.33938892,-0.12405487,-0.19881665,-6641.1049,33403.1621,OK,0.0000,265.6442,4.0000,96.0000,AG03-UNRESOLVED,ALL5_LEVELS_bet23_to_bet27,265.6442,332.0552,332.0552,332.0552,332.0552,4.000000,5.000000,5.000000,5.000000,5.000000,96.000000,95.000000,95.000000,95.000000,95.000000,5.0,1593.8652,1448.2523,5047.2397,5192.8526,PENDING_AG03,FALSE,NOT_FOR_ENFORCEMENT,6375.4607,28432.9232,6641.1049,6375.4607,265.6442,0.19881665,0.19086399,265.6442,6375.4607,0.19086399,265.6442,332.0552,332.0552,332.0552,332.0552,6375.4607,0.19086399,1593.8652,1448.2523,5047.2397,5192.8526,0.15110066,0.15545991,0.00795267,363.0778,321.9307,72.1859,948.7293,122.9834,4771.8803,13.1429,305.1904,403.8134,107.7421,215.3038,465.6346,855.1845,1046.441,1666.0115,213.5292,-31.8173,4.8603,7.737957,1.686351,28,33,6,2,0.34718977,0.19881665,0.33938892,0E-8,0.000000,0.886671,0.000000,-0.21533405,2026-06-17,2026-08-01,7,54,51,46,0.152174,0.755771,0.840565,1.157299,,,,,,,,GLOBAL_BASELINE_NO_ENTITY_RANKING,,,NOT_APPLICABLE_GLOBAL_BASELINE,HF9g-P5,,,,X 全窗基线 · 不参与实体赏罚,14192871,1420,A168_HF9F_20260827_0900,2026-08-27 09:00:00
2026-06-20,141173793,1094,0,645.9113809585,-645.9113809585,-645.9113809585,0E-7,1,1,0.50665070000000000,0.506650700000,-1.013391052207602,-1.013391052207602,-1.013391052207602,0E-17,ELIGIBLE,R03b_20260811_FULL_v1,L1_ELIGIBILITY,v2026-08-11,2026-03-21..2026-08-06,baccarat_bet02_101_all_pairs_incl_sentinel,round_win = game_pnl > 0 (decisive only),COMPATIBILITY_ONLY_NOT_PRODUCTION,33403.1621,29617.6283,6641.1049,92,92,-0.19881665,-0.33938892,-0.12405487,-0.19881665,-6641.1049,33403.1621,OK,0.0000,265.6442,4.0000,96.0000,AG03-UNRESOLVED,ALL5_LEVELS_bet23_to_bet27,265.6442,332.0552,332.0552,332.0552,332.0552,4.000000,5.000000,5.000000,5.000000,5.000000,96.000000,95.000000,95.000000,95.000000,95.000000,5.0,1593.8652,1448.2523,5047.2397,5192.8526,PENDING_AG03,FALSE,NOT_FOR_ENFORCEMENT,6375.4607,28432.9232,6641.1049,6375.4607,265.6442,0.19881665,0.19086399,265.6442,6375.4607,0.19086399,265.6442,332.0552,332.0552,332.0552,332.0552,6375.4607,0.19086399,1593.8652,1448.2523,5047.2397,5192.8526,0.15110066,0.15545991,0.00795267,363.0778,321.9307,72.1859,948.7293,122.9834,4771.8803,13.1429,305.1904,403.8134,107.7421,215.3038,465.6346,855.1845,1046.441,1666.0115,213.5292,-31.8173,4.8603,7.737957,1.686351,28,33,6,2,0.34718977,0.19881665,0.33938892,0E-8,0.000000,0.886671,0.000000,-0.21533405,2026-06-17,2026-08-01,7,54,51,46,0.152174,0.755771,0.840565,1.157299,,,,,,,,GLOBAL_BASELINE_NO_ENTITY_RANKING,,,NOT_APPLICABLE_GLOBAL_BASELINE,HF9g-P5,,,,X 全窗基线 · 不参与实体赏罚,14192872,1420,A168_HF9F_20260827_0900,2026-08-27 09:00:00
2026-06-20,141173793,1331,0,753.5632777850,-753.5632777850,-753.5632777850,0E-7,1,1,0.49324550000000000,0.493245500000,-0.9865810262130424,-0.9865810262130424,-0.9865810262130424,0E-17,ELIGIBLE,R03b_20260811_FULL_v1,L1_ELIGIBILITY,v2026-08-11,2026-03-21..2026-08-06,baccarat_bet02_101_all_pairs_incl_sentinel,round_win = game_pnl > 0 (decisive only),COMPATIBILITY_ONLY_NOT_PRODUCTION,33403.1621,29617.6283,6641.1049,92,92,-0.19881665,-0.33938892,-0.12405487,-0.19881665,-6641.1049,33403.1621,OK,0.0000,265.6442,4.0000,96.0000,AG03-UNRESOLVED,ALL5_LEVELS_bet23_to_bet27,265.6442,332.0552,332.0552,332.0552,332.0552,4.000000,5.000000,5.000000,5.000000,5.000000,96.000000,95.000000,95.000000,95.000000,95.000000,5.0,1593.8652,1448.2523,5047.2397,5192.8526,PENDING_AG03,FALSE,NOT_FOR_ENFORCEMENT,6375.4607,28432.9232,6641.1049,6375.4607,265.6442,0.19881665,0.19086399,265.6442,6375.4607,0.19086399,265.6442,332.0552,332.0552,332.0552,332.0552,6375.4607,0.19086399,1593.8652,1448.2523,5047.2397,5192.8526,0.15110066,0.15545991,0.00795267,363.0778,321.9307,72.1859,948.7293,122.9834,4771.8803,13.1429,305.1904,403.8134,107.7421,215.3038,465.6346,855.1845,1046.441,1666.0115,213.5292,-31.8173,4.8603,7.737957,1.686351,28,33,6,2,0.34718977,0.19881665,0.33938892,0E-8,0.000000,0.886671,0.000000,-0.21533405,2026-06-17,2026-08-01,7,54,51,46,0.152174,0.755771,0.840565,1.157299,,,,,,,,GLOBAL_BASELINE_NO_ENTITY_RANKING,,,NOT_APPLICABLE_GLOBAL_BASELINE,HF9g-P5,,,,X 全窗基线 · 不参与实体赏罚,14192873,1420,A168_HF9F_20260827_0900,2026-08-27 09:00:00
2026-06-20,141173793,1363,0,645.9113809585,-226.0689833355,-226.0689833355,0.5000000,2,2,0.50665070000000000,0.506650700000,-0.018812684590367487,-0.018812684590367487,-0.018812684590367487,0E-17,ELIGIBLE,R03b_20260811_FULL_v1,L1_ELIGIBILITY,v2026-08-11,2026-03-21..2026-08-06,baccarat_bet02_101_all_pairs_incl_sentinel,round_win = game_pnl > 0 (decisive only),COMPATIBILITY_ONLY_NOT_PRODUCTION,33403.1621,29617.6283,6641.1049,92,92,-0.19881665,-0.33938892,-0.12405487,-0.19881665,-6641.1049,33403.1621,OK,0.0000,265.6442,4.0000,96.0000,AG03-UNRESOLVED,ALL5_LEVELS_bet23_to_bet27,265.6442,332.0552,332.0552,332.0552,332.0552,4.000000,5.000000,5.000000,5.000000,5.000000,96.000000,95.000000,95.000000,95.000000,95.000000,5.0,1593.8652,1448.2523,5047.2397,5192.8526,PENDING_AG03,FALSE,NOT_FOR_ENFORCEMENT,6375.4607,28432.9232,6641.1049,6375.4607,265.6442,0.19881665,0.19086399,265.6442,6375.4607,0.19086399,265.6442,332.0552,332.0552,332.0552,332.0552,6375.4607,0.19086399,1593.8652,1448.2523,5047.2397,5192.8526,0.15110066,0.15545991,0.00795267,363.0778,321.9307,72.1859,948.7293,122.9834,4771.8803,13.1429,305.1904,403.8134,107.7421,215.3038,465.6346,855.1845,1046.441,1666.0115,213.5292,-31.8173,4.8603,7.737957,1.686351,28,33,6,2,0.34718977,0.19881665,0.33938892,0E-8,0.000000,0.886671,0.000000,-0.21533405,2026-06-17,2026-08-01,7,54,51,46,0.152174,0.755771,0.840565,1.157299,,,,,,,,GLOBAL_BASELINE_NO_ENTITY_RANKING,,,NOT_APPLICABLE_GLOBAL_BASELINE,HF9g-P5,,,,X 全窗基线 · 不参与实体赏罚,14192874,1420,A168_HF9F_20260827_0900,2026-08-27 09:00:00
2026-06-20,141173793,1401,0,2346.8113508160,-1270.2923825518,-1270.2923825518,0E-7,3,3,0.50218230000000000,0.502182300000,-1.4203995680682369,-1.4203995680682369,-1.4203995680682369,0E-17,ELIGIBLE,R03b_20260811_FULL_v1,L1_ELIGIBILITY,v2026-08-11,2026-03-21..2026-08-06,baccarat_bet02_101_all_pairs_incl_sentinel,round_win = game_pnl > 0 (decisive only),COMPATIBILITY_ONLY_NOT_PRODUCTION,33403.1621,29617.6283,6641.1049,92,92,-0.19881665,-0.33938892,-0.12405487,-0.19881665,-6641.1049,33403.1621,OK,0.0000,265.6442,4.0000,96.0000,AG03-UNRESOLVED,ALL5_LEVELS_bet23_to_bet27,265.6442,332.0552,332.0552,332.0552,332.0552,4.000000,5.000000,5.000000,5.000000,5.000000,96.000000,95.000000,95.000000,95.000000,95.000000,5.0,1593.8652,1448.2523,5047.2397,5192.8526,PENDING_AG03,FALSE,NOT_FOR_ENFORCEMENT,6375.4607,28432.9232,6641.1049,6375.4607,265.6442,0.19881665,0.19086399,265.6442,6375.4607,0.19086399,265.6442,332.0552,332.0552,332.0552,332.0552,6375.4607,0.19086399,1593.8652,1448.2523,5047.2397,5192.8526,0.15110066,0.15545991,0.00795267,363.0778,321.9307,72.1859,948.7293,122.9834,4771.8803,13.1429,305.1904,403.8134,107.7421,215.3038,465.6346,855.1845,1046.441,1666.0115,213.5292,-31.8173,4.8603,7.737957,1.686351,28,33,6,2,0.34718977,0.19881665,0.33938892,0E-8,0.000000,0.886671,0.000000,-0.21533405,2026-06-17,2026-08-01,7,54,51,46,0.152174,0.755771,0.840565,1.157299,,,,,,,,GLOBAL_BASELINE_NO_ENTITY_RANKING,,,NOT_APPLICABLE_GLOBAL_BASELINE,HF9g-P5,,,,X 全窗基线 · 不参与实体赏罚,14192875,1420,A168_HF9F_20260827_0900,2026-08-27 09:00:00
2026-06-20,141173793,1402,0,448.6931059725,-448.6931059725,-448.6931059725,0E-7,1,1,0.49324550000000000,0.493245500000,-0.9865810262130424,-0.9865810262130424,-0.9865810262130424,0E-17,ELIGIBLE,R03b_20260811_FULL_v1,L1_ELIGIBILITY,v2026-08-11,2026-03-21..2026-08-06,baccarat_bet02_101_all_pairs_incl_sentinel,round_win = game_pnl > 0 (decisive only),COMPATIBILITY_ONLY_NOT_PRODUCTION,33403.1621,29617.6283,6641.1049,92,92,-0.19881665,-0.33938892,-0.12405487,-0.19881665,-6641.1049,33403.1621,OK,0.0000,265.6442,4.0000,96.0000,AG03-UNRESOLVED,ALL5_LEVELS_bet23_to_bet27,265.6442,332.0552,332.0552,332.0552,332.0552,4.000000,5.000000,5.000000,5.000000,5.000000,96.000000,95.000000,95.000000,95.000000,95.000000,5.0,1593.8652,1448.2523,5047.2397,5192.8526,PENDING_AG03,FALSE,NOT_FOR_ENFORCEMENT,6375.4607,28432.9232,6641.1049,6375.4607,265.6442,0.19881665,0.19086399,265.6442,6375.4607,0.19086399,265.6442,332.0552,332.0552,332.0552,332.0552,6375.4607,0.19086399,1593.8652,1448.2523,5047.2397,5192.8526,0.15110066,0.15545991,0.00795267,363.0778,321.9307,72.1859,948.7293,122.9834,4771.8803,13.1429,305.1904,403.8134,107.7421,215.3038,465.6346,855.1845,1046.441,1666.0115,213.5292,-31.8173,4.8603,7.737957,1.686351,28,33,6,2,0.34718977,0.19881665,0.33938892,0E-8,0.000000,0.886671,0.000000,-0.21533405,2026-06-17,2026-08-01,7,54,51,46,0.152174,0.755771,0.840565,1.157299,,,,,,,,GLOBAL_BASELINE_NO_ENTITY_RANKING,,,NOT_APPLICABLE_GLOBAL_BASELINE,HF9g-P5,,,,X 全窗基线 · 不参与实体赏罚,14192876,1420,A168_HF9F_20260827_0900,2026-08-27 09:00:00
2026-06-20,141173793,1405,0,861.2151746114,818.1544158808,818.1544158808,1.0000000,1,1,0.50665070000000000,0.506650700000,0.9867858985152569,0.9867858985152569,0.9867858985152569,0E-17,ELIGIBLE,R03b_20260811_FULL_v1,L1_ELIGIBILITY,v2026-08-11,2026-03-21..2026-08-06,baccarat_bet02_101_all_pairs_incl_sentinel,round_win = game_pnl > 0 (decisive only),COMPATIBILITY_ONLY_NOT_PRODUCTION,33403.1621,29617.6283,6641.1049,92,92,-0.19881665,-0.33938892,-0.12405487,-0.19881665,-6641.1049,33403.1621,OK,0.0000,265.6442,4.0000,96.0000,AG03-UNRESOLVED,ALL5_LEVELS_bet23_to_bet27,265.6442,332.0552,332.0552,332.0552,332.0552,4.000000,5.000000,5.000000,5.000000,5.000000,96.000000,95.000000,95.000000,95.000000,95.000000,5.0,1593.8652,1448.2523,5047.2397,5192.8526,PENDING_AG03,FALSE,NOT_FOR_ENFORCEMENT,6375.4607,28432.9232,6641.1049,6375.4607,265.6442,0.19881665,0.19086399,265.6442,6375.4607,0.19086399,265.6442,332.0552,332.0552,332.0552,332.0552,6375.4607,0.19086399,1593.8652,1448.2523,5047.2397,5192.8526,0.15110066,0.15545991,0.00795267,363.0778,321.9307,72.1859,948.7293,122.9834,4771.8803,13.1429,305.1904,403.8134,107.7421,215.3038,465.6346,855.1845,1046.441,1666.0115,213.5292,-31.8173,4.8603,7.737957,1.686351,28,33,6,2,0.34718977,0.19881665,0.33938892,0E-8,0.000000,0.886671,0.000000,-0.21533405,2026-06-17,2026-08-01,7,54,51,46,0.152174,0.755771,0.840565,1.157299,,,,,,,,GLOBAL_BASELINE_NO_ENTITY_RANKING,,,NOT_APPLICABLE_GLOBAL_BASELINE,HF9g-P5,,,,X 全窗基线 · 不参与实体赏罚,14192877,1420,A168_HF9F_20260827_0900,2026-08-27 09:00:00
2026-06-20,141173793,1490,0,224.3465529863,224.3465529863,224.3465529863,1.0000000,1,1,0.49324550000000000,0.493245500000,1.01360149184955,1.01360149184955,1.01360149184955,0E-17,ELIGIBLE,R03b_20260811_FULL_v1,L1_ELIGIBILITY,v2026-08-11,2026-03-21..2026-08-06,baccarat_bet02_101_all_pairs_incl_sentinel,round_win = game_pnl > 0 (decisive only),COMPATIBILITY_ONLY_NOT_PRODUCTION,33403.1621,29617.6283,6641.1049,92,92,-0.19881665,-0.33938892,-0.12405487,-0.19881665,-6641.1049,33403.1621,OK,0.0000,265.6442,4.0000,96.0000,AG03-UNRESOLVED,ALL5_LEVELS_bet23_to_bet27,265.6442,332.0552,332.0552,332.0552,332.0552,4.000000,5.000000,5.000000,5.000000,5.000000,96.000000,95.000000,95.000000,95.000000,95.000000,5.0,1593.8652,1448.2523,5047.2397,5192.8526,PENDING_AG03,FALSE,NOT_FOR_ENFORCEMENT,6375.4607,28432.9232,6641.1049,6375.4607,265.6442,0.19881665,0.19086399,265.6442,6375.4607,0.19086399,265.6442,332.0552,332.0552,332.0552,332.0552,6375.4607,0.19086399,1593.8652,1448.2523,5047.2397,5192.8526,0.15110066,0.15545991,0.00795267,363.0778,321.9307,72.1859,948.7293,122.9834,4771.8803,13.1429,305.1904,403.8134,107.7421,215.3038,465.6346,855.1845,1046.441,1666.0115,213.5292,-31.8173,4.8603,7.737957,1.686351,28,33,6,2,0.34718977,0.19881665,0.33938892,0E-8,0.000000,0.886671,0.000000,-0.21533405,2026-06-17,2026-08-01,7,54,51,46,0.152174,0.755771,0.840565,1.157299,,,,,,,,GLOBAL_BASELINE_NO_ENTITY_RANKING,,,NOT_APPLICABLE_GLOBAL_BASELINE,HF9g-P5,,,,X 全窗基线 · 不参与实体赏罚,14192878,1420,A168_HF9F_20260827_0900,2026-08-27 09:00:00
2026-06-20,141173793,2103,0,322.9556904792,-322.9556904792,-322.9556904792,0E-7,2,2,0.49324550000000000,0.493245500000,-1.3952362676504506,-1.3952362676504506,-1.3952362676504506,0E-17,ELIGIBLE,R03b_20260811_FULL_v1,L1_ELIGIBILITY,v2026-08-11,2026-03-21..2026-08-06,baccarat_bet02_101_all_pairs_incl_sentinel,round_win = game_pnl > 0 (decisive only),COMPATIBILITY_ONLY_NOT_PRODUCTION,33403.1621,29617.6283,6641.1049,92,92,-0.19881665,-0.33938892,-0.12405487,-0.19881665,-6641.1049,33403.1621,OK,0.0000,265.6442,4.0000,96.0000,AG03-UNRESOLVED,ALL5_LEVELS_bet23_to_bet27,265.6442,332.0552,332.0552,332.0552,332.0552,4.000000,5.000000,5.000000,5.000000,5.000000,96.000000,95.000000,95.000000,95.000000,95.000000,5.0,1593.8652,1448.2523,5047.2397,5192.8526,PENDING_AG03,FALSE,NOT_FOR_ENFORCEMENT,6375.4607,28432.9232,6641.1049,6375.4607,265.6442,0.19881665,0.19086399,265.6442,6375.4607,0.19086399,265.6442,332.0552,332.0552,332.0552,332.0552,6375.4607,0.19086399,1593.8652,1448.2523,5047.2397,5192.8526,0.15110066,0.15545991,0.00795267,363.0778,321.9307,72.1859,948.7293,122.9834,4771.8803,13.1429,305.1904,403.8134,107.7421,215.3038,465.6346,855.1845,1046.441,1666.0115,213.5292,-31.8173,4.8603,7.737957,1.686351,28,33,6,2,0.34718977,0.19881665,0.33938892,0E-8,0.000000,0.886671,0.000000,-0.21533405,2026-06-17,2026-08-01,7,54,51,46,0.152174,0.755771,0.840565,1.157299,,,,,,,,GLOBAL_BASELINE_NO_ENTITY_RANKING,,,NOT_APPLICABLE_GLOBAL_BASELINE,HF9g-P5,,,,X 全窗基线 · 不参与实体赏罚,14192879,1420,A168_HF9F_20260827_0900,2026-08-27 09:00:00
2026-06-20,141173793,2104,0,215.3037936528,-215.3037936528,-215.3037936528,0E-7,1,1,0.49324550000000000,0.493245500000,-0.9865810262130424,-0.9865810262130424,-0.9865810262130424,0E-17,ELIGIBLE,R03b_20260811_FULL_v1,L1_ELIGIBILITY,v2026-08-11,2026-03-21..2026-08-06,baccarat_bet02_101_all_pairs_incl_sentinel,round_win = game_pnl > 0 (decisive only),COMPATIBILITY_ONLY_NOT_PRODUCTION,33403.1621,29617.6283,6641.1049,92,92,-0.19881665,-0.33938892,-0.12405487,-0.19881665,-6641.1049,33403.1621,OK,0.0000,265.6442,4.0000,96.0000,AG03-UNRESOLVED,ALL5_LEVELS_bet23_to_bet27,265.6442,332.0552,332.0552,332.0552,332.0552,4.000000,5.000000,5.000000,5.000000,5.000000,96.000000,95.000000,95.000000,95.000000,95.000000,5.0,1593.8652,1448.2523,5047.2397,5192.8526,PENDING_AG03,FALSE,NOT_FOR_ENFORCEMENT,6375.4607,28432.9232,6641.1049,6375.4607,265.6442,0.19881665,0.19086399,265.6442,6375.4607,0.19086399,265.6442,332.0552,332.0552,332.0552,332.0552,6375.4607,0.19086399,1593.8652,1448.2523,5047.2397,5192.8526,0.15110066,0.15545991,0.00795267,363.0778,321.9307,72.1859,948.7293,122.9834,4771.8803,13.1429,305.1904,403.8134,107.7421,215.3038,465.6346,855.1845,1046.441,1666.0115,213.5292,-31.8173,4.8603,7.737957,1.686351,28,33,6,2,0.34718977,0.19881665,0.33938892,0E-8,0.000000,0.886671,0.000000,-0.21533405,2026-06-17,2026-08-01,7,54,51,46,0.152174,0.755771,0.840565,1.157299,,,,,,,,GLOBAL_BASELINE_NO_ENTITY_RANKING,,,NOT_APPLICABLE_GLOBAL_BASELINE,HF9g-P5,,,,X 全窗基线 · 不参与实体赏罚,14192880,1420,A168_HF9F_20260827_0900,2026-08-27 09:00:00
2026-06-20,141173793,2175,0,215.3037936528,215.3037936528,215.3037936528,1.0000000,1,1,0.49324550000000000,0.493245500000,1.01360149184955,1.01360149184955,1.01360149184955,0E-17,ELIGIBLE,R03b_20260811_FULL_v1,L1_ELIGIBILITY,v2026-08-11,2026-03-21..2026-08-06,baccarat_bet02_101_all_pairs_incl_sentinel,round_win = game_pnl > 0 (decisive only),COMPATIBILITY_ONLY_NOT_PRODUCTION,33403.1621,29617.6283,6641.1049,92,92,-0.19881665,-0.33938892,-0.12405487,-0.19881665,-6641.1049,33403.1621,OK,0.0000,265.6442,4.0000,96.0000,AG03-UNRESOLVED,ALL5_LEVELS_bet23_to_bet27,265.6442,332.0552,332.0552,332.0552,332.0552,4.000000,5.000000,5.000000,5.000000,5.000000,96.000000,95.000000,95.000000,95.000000,95.000000,5.0,1593.8652,1448.2523,5047.2397,5192.8526,PENDING_AG03,FALSE,NOT_FOR_ENFORCEMENT,6375.4607,28432.9232,6641.1049,6375.4607,265.6442,0.19881665,0.19086399,265.6442,6375.4607,0.19086399,265.6442,332.0552,332.0552,332.0552,332.0552,6375.4607,0.19086399,1593.8652,1448.2523,5047.2397,5192.8526,0.15110066,0.15545991,0.00795267,363.0778,321.9307,72.1859,948.7293,122.9834,4771.8803,13.1429,305.1904,403.8134,107.7421,215.3038,465.6346,855.1845,1046.441,1666.0115,213.5292,-31.8173,4.8603,7.737957,1.686351,28,33,6,2,0.34718977,0.19881665,0.33938892,0E-8,0.000000,0.886671,0.000000,-0.21533405,2026-06-17,2026-08-01,7,54,51,46,0.152174,0.755771,0.840565,1.157299,,,,,,,,GLOBAL_BASELINE_NO_ENTITY_RANKING,,,NOT_APPLICABLE_GLOBAL_BASELINE,HF9g-P5,,,,X 全窗基线 · 不参与实体赏罚,14192881,1420,A168_HF9F_20260827_0900,2026-08-27 09:00:00
2026-07-05,141173793,-1,1,2500.4270584215,151.6057396651,151.6057396651,0.5000000,8,8,0.49492115000000000,0.494921150000,0.02873179650040854,0.02873179650040854,0.02873179650040854,0E-17,SENTINEL_DEALER,R03b_20260811_FULL_v1,L1_ELIGIBILITY,v2026-08-11,2026-03-21..2026-08-06,baccarat_bet02_101_all_pairs_incl_sentinel,round_win = game_pnl > 0 (decisive only),COMPATIBILITY_ONLY_NOT_PRODUCTION,33403.1621,29617.6283,6641.1049,92,92,-0.19881665,-0.33938892,-0.12405487,-0.19881665,-6641.1049,33403.1621,OK,0.0000,265.6442,4.0000,96.0000,AG03-UNRESOLVED,ALL5_LEVELS_bet23_to_bet27,265.6442,332.0552,332.0552,332.0552,332.0552,4.000000,5.000000,5.000000,5.000000,5.000000,96.000000,95.000000,95.000000,95.000000,95.000000,5.0,1593.8652,1448.2523,5047.2397,5192.8526,PENDING_AG03,FALSE,NOT_FOR_ENFORCEMENT,6375.4607,28432.9232,6641.1049,6375.4607,265.6442,0.19881665,0.19086399,265.6442,6375.4607,0.19086399,265.6442,332.0552,332.0552,332.0552,332.0552,6375.4607,0.19086399,1593.8652,1448.2523,5047.2397,5192.8526,0.15110066,0.15545991,0.00795267,363.0778,321.9307,72.1859,948.7293,122.9834,4771.8803,13.1429,305.1904,403.8134,107.7421,215.3038,465.6346,855.1845,1046.441,1666.0115,213.5292,-31.8173,4.8603,7.737957,1.686351,28,33,6,2,0.34718977,0.19881665,0.33938892,0E-8,0.000000,0.886671,0.000000,-0.21533405,2026-06-17,2026-08-01,7,54,51,46,0.152174,0.755771,0.840565,1.157299,,,,,,,,GLOBAL_BASELINE_NO_ENTITY_RANKING,,,NOT_APPLICABLE_GLOBAL_BASELINE,HF9g-P5,,,,X 全窗基线 · 不参与实体赏罚,14192882,1420,A168_HF9F_20260827_0900,2026-08-27 09:00:00
2026-07-05,141173793,1307,0,640.5876323881,213.5292107961,213.5292107961,0.5000000,2,2,0.49324550000000000,0.493245500000,0.01910635448239258,0.01910635448239258,0.01910635448239258,0E-17,ELIGIBLE,R03b_20260811_FULL_v1,L1_ELIGIBILITY,v2026-08-11,2026-03-21..2026-08-06,baccarat_bet02_101_all_pairs_incl_sentinel,round_win = game_pnl > 0 (decisive only),COMPATIBILITY_ONLY_NOT_PRODUCTION,33403.1621,29617.6283,6641.1049,92,92,-0.19881665,-0.33938892,-0.12405487,-0.19881665,-6641.1049,33403.1621,OK,0.0000,265.6442,4.0000,96.0000,AG03-UNRESOLVED,ALL5_LEVELS_bet23_to_bet27,265.6442,332.0552,332.0552,332.0552,332.0552,4.000000,5.000000,5.000000,5.000000,5.000000,96.000000,95.000000,95.000000,95.000000,95.000000,5.0,1593.8652,1448.2523,5047.2397,5192.8526,PENDING_AG03,FALSE,NOT_FOR_ENFORCEMENT,6375.4607,28432.9232,6641.1049,6375.4607,265.6442,0.19881665,0.19086399,265.6442,6375.4607,0.19086399,265.6442,332.0552,332.0552,332.0552,332.0552,6375.4607,0.19086399,1593.8652,1448.2523,5047.2397,5192.8526,0.15110066,0.15545991,0.00795267,363.0778,321.9307,72.1859,948.7293,122.9834,4771.8803,13.1429,305.1904,403.8134,107.7421,215.3038,465.6346,855.1845,1046.441,1666.0115,213.5292,-31.8173,4.8603,7.737957,1.686351,28,33,6,2,0.34718977,0.19881665,0.33938892,0E-8,0.000000,0.886671,0.000000,-0.21533405,2026-06-17,2026-08-01,7,54,51,46,0.152174,0.755771,0.840565,1.157299,,,,,,,,GLOBAL_BASELINE_NO_ENTITY_RANKING,,,NOT_APPLICABLE_GLOBAL_BASELINE,HF9g-P5,,,,X 全窗基线 · 不参与实体赏罚,14192883,1420,A168_HF9F_20260827_0900,2026-08-27 09:00:00
2026-07-05,141173793,2088,0,1268.3635121284,-424.9231294842,-424.9231294842,0.5000000,6,6,0.50218230000000000,0.502182300000,-0.01069114476356389,-0.01069114476356389,-0.01069114476356389,0E-17,ELIGIBLE,R03b_20260811_FULL_v1,L1_ELIGIBILITY,v2026-08-11,2026-03-21..2026-08-06,baccarat_bet02_101_all_pairs_incl_sentinel,round_win = game_pnl > 0 (decisive only),COMPATIBILITY_ONLY_NOT_PRODUCTION,33403.1621,29617.6283,6641.1049,92,92,-0.19881665,-0.33938892,-0.12405487,-0.19881665,-6641.1049,33403.1621,OK,0.0000,265.6442,4.0000,96.0000,AG03-UNRESOLVED,ALL5_LEVELS_bet23_to_bet27,265.6442,332.0552,332.0552,332.0552,332.0552,4.000000,5.000000,5.000000,5.000000,5.000000,96.000000,95.000000,95.000000,95.000000,95.000000,5.0,1593.8652,1448.2523,5047.2397,5192.8526,PENDING_AG03,FALSE,NOT_FOR_ENFORCEMENT,6375.4607,28432.9232,6641.1049,6375.4607,265.6442,0.19881665,0.19086399,265.6442,6375.4607,0.19086399,265.6442,332.0552,332.0552,332.0552,332.0552,6375.4607,0.19086399,1593.8652,1448.2523,5047.2397,5192.8526,0.15110066,0.15545991,0.00795267,363.0778,321.9307,72.1859,948.7293,122.9834,4771.8803,13.1429,305.1904,403.8134,107.7421,215.3038,465.6346,855.1845,1046.441,1666.0115,213.5292,-31.8173,4.8603,7.737957,1.686351,28,33,6,2,0.34718977,0.19881665,0.33938892,0E-8,0.000000,0.886671,0.000000,-0.21533405,2026-06-17,2026-08-01,7,54,51,46,0.152174,0.755771,0.840565,1.157299,,,,,,,,GLOBAL_BASELINE_NO_ENTITY_RANKING,,,NOT_APPLICABLE_GLOBAL_BASELINE,HF9g-P5,,,,X 全窗基线 · 不参与实体赏罚,14192884,1420,A168_HF9F_20260827_0900,2026-08-27 09:00:00
2026-07-05,141173793,2107,0,1710.3689784762,855.1844892381,855.1844892381,1.0000000,2,2,0.49324550000000000,0.493245500000,1.01360149184955,1.01360149184955,1.01360149184955,0E-17,ELIGIBLE,R03b_20260811_FULL_v1,L1_ELIGIBILITY,v2026-08-11,2026-03-21..2026-08-06,baccarat_bet02_101_all_pairs_incl_sentinel,round_win = game_pnl > 0 (decisive only),COMPATIBILITY_ONLY_NOT_PRODUCTION,33403.1621,29617.6283,6641.1049,92,92,-0.19881665,-0.33938892,-0.12405487,-0.19881665,-6641.1049,33403.1621,OK,0.0000,265.6442,4.0000,96.0000,AG03-UNRESOLVED,ALL5_LEVELS_bet23_to_bet27,265.6442,332.0552,332.0552,332.0552,332.0552,4.000000,5.000000,5.000000,5.000000,5.000000,96.000000,95.000000,95.000000,95.000000,95.000000,5.0,1593.8652,1448.2523,5047.2397,5192.8526,PENDING_AG03,FALSE,NOT_FOR_ENFORCEMENT,6375.4607,28432.9232,6641.1049,6375.4607,265.6442,0.19881665,0.19086399,265.6442,6375.4607,0.19086399,265.6442,332.0552,332.0552,332.0552,332.0552,6375.4607,0.19086399,1593.8652,1448.2523,5047.2397,5192.8526,0.15110066,0.15545991,0.00795267,363.0778,321.9307,72.1859,948.7293,122.9834,4771.8803,13.1429,305.1904,403.8134,107.7421,215.3038,465.6346,855.1845,1046.441,1666.0115,213.5292,-31.8173,4.8603,7.737957,1.686351,28,33,6,2,0.34718977,0.19881665,0.33938892,0E-8,0.000000,0.886671,0.000000,-0.21533405,2026-06-17,2026-08-01,7,54,51,46,0.152174,0.755771,0.840565,1.157299,,,,,,,,GLOBAL_BASELINE_NO_ENTITY_RANKING,,,NOT_APPLICABLE_GLOBAL_BASELINE,HF9g-P5,,,,X 全窗基线 · 不参与实体赏罚,14192885,1420,A168_HF9F_20260827_0900,2026-08-27 09:00:00
2026-07-05,141173793,789,0,213.5292107960,202.8527502562,202.8527502562,1.0000000,1,1,0.50665070000000000,0.506650700000,0.9867858985152569,0.9867858985152569,0.9867858985152569,0E-17,ELIGIBLE,R03b_20260811_FULL_v1,L1_ELIGIBILITY,v2026-08-11,2026-03-21..2026-08-06,baccarat_bet02_101_all_pairs_incl_sentinel,round_win = game_pnl > 0 (decisive only),COMPATIBILITY_ONLY_NOT_PRODUCTION,33403.1621,29617.6283,6641.1049,92,92,-0.19881665,-0.33938892,-0.12405487,-0.19881665,-6641.1049,33403.1621,OK,0.0000,265.6442,4.0000,96.0000,AG03-UNRESOLVED,ALL5_LEVELS_bet23_to_bet27,265.6442,332.0552,332.0552,332.0552,332.0552,4.000000,5.000000,5.000000,5.000000,5.000000,96.000000,95.000000,95.000000,95.000000,95.000000,5.0,1593.8652,1448.2523,5047.2397,5192.8526,PENDING_AG03,FALSE,NOT_FOR_ENFORCEMENT,6375.4607,28432.9232,6641.1049,6375.4607,265.6442,0.19881665,0.19086399,265.6442,6375.4607,0.19086399,265.6442,332.0552,332.0552,332.0552,332.0552,6375.4607,0.19086399,1593.8652,1448.2523,5047.2397,5192.8526,0.15110066,0.15545991,0.00795267,363.0778,321.9307,72.1859,948.7293,122.9834,4771.8803,13.1429,305.1904,403.8134,107.7421,215.3038,465.6346,855.1845,1046.441,1666.0115,213.5292,-31.8173,4.8603,7.737957,1.686351,28,33,6,2,0.34718977,0.19881665,0.33938892,0E-8,0.000000,0.886671,0.000000,-0.21533405,2026-06-17,2026-08-01,7,54,51,46,0.152174,0.755771,0.840565,1.157299,,,,,,,,GLOBAL_BASELINE_NO_ENTITY_RANKING,,,NOT_APPLICABLE_GLOBAL_BASELINE,HF9g-P5,,,,X 全窗基线 · 不参与实体赏罚,14192886,1420,A168_HF9F_20260827_0900,2026-08-27 09:00:00
2026-07-05,141173793,948,0,640.5876323881,640.5876323881,640.5876323881,1.0000000,1,1,0.49324550000000000,0.493245500000,1.01360149184955,1.01360149184955,1.01360149184955,0E-17,ELIGIBLE,R03b_20260811_FULL_v1,L1_ELIGIBILITY,v2026-08-11,2026-03-21..2026-08-06,baccarat_bet02_101_all_pairs_incl_sentinel,round_win = game_pnl > 0 (decisive only),COMPATIBILITY_ONLY_NOT_PRODUCTION,33403.1621,29617.6283,6641.1049,92,92,-0.19881665,-0.33938892,-0.12405487,-0.19881665,-6641.1049,33403.1621,OK,0.0000,265.6442,4.0000,96.0000,AG03-UNRESOLVED,ALL5_LEVELS_bet23_to_bet27,265.6442,332.0552,332.0552,332.0552,332.0552,4.000000,5.000000,5.000000,5.000000,5.000000,96.000000,95.000000,95.000000,95.000000,95.000000,5.0,1593.8652,1448.2523,5047.2397,5192.8526,PENDING_AG03,FALSE,NOT_FOR_ENFORCEMENT,6375.4607,28432.9232,6641.1049,6375.4607,265.6442,0.19881665,0.19086399,265.6442,6375.4607,0.19086399,265.6442,332.0552,332.0552,332.0552,332.0552,6375.4607,0.19086399,1593.8652,1448.2523,5047.2397,5192.8526,0.15110066,0.15545991,0.00795267,363.0778,321.9307,72.1859,948.7293,122.9834,4771.8803,13.1429,305.1904,403.8134,107.7421,215.3038,465.6346,855.1845,1046.441,1666.0115,213.5292,-31.8173,4.8603,7.737957,1.686351,28,33,6,2,0.34718977,0.19881665,0.33938892,0E-8,0.000000,0.886671,0.000000,-0.21533405,2026-06-17,2026-08-01,7,54,51,46,0.152174,0.755771,0.840565,1.157299,,,,,,,,GLOBAL_BASELINE_NO_ENTITY_RANKING,,,NOT_APPLICABLE_GLOBAL_BASELINE,HF9g-P5,,,,X 全窗基线 · 不参与实体赏罚,14192887,1420,A168_HF9F_20260827_0900,2026-08-27 09:00:00
2026-07-06,141173793,1318,0,181.4998291766,-181.4998291766,-181.4998291766,0E-7,1,1,0.49324550000000000,0.493245500000,-0.9865810262130424,-0.9865810262130424,-0.9865810262130424,0E-17,ELIGIBLE,R03b_20260811_FULL_v1,L1_ELIGIBILITY,v2026-08-11,2026-03-21..2026-08-06,baccarat_bet02_101_all_pairs_incl_sentinel,round_win = game_pnl > 0 (decisive only),COMPATIBILITY_ONLY_NOT_PRODUCTION,33403.1621,29617.6283,6641.1049,92,92,-0.19881665,-0.33938892,-0.12405487,-0.19881665,-6641.1049,33403.1621,OK,0.0000,265.6442,4.0000,96.0000,AG03-UNRESOLVED,ALL5_LEVELS_bet23_to_bet27,265.6442,332.0552,332.0552,332.0552,332.0552,4.000000,5.000000,5.000000,5.000000,5.000000,96.000000,95.000000,95.000000,95.000000,95.000000,5.0,1593.8652,1448.2523,5047.2397,5192.8526,PENDING_AG03,FALSE,NOT_FOR_ENFORCEMENT,6375.4607,28432.9232,6641.1049,6375.4607,265.6442,0.19881665,0.19086399,265.6442,6375.4607,0.19086399,265.6442,332.0552,332.0552,332.0552,332.0552,6375.4607,0.19086399,1593.8652,1448.2523,5047.2397,5192.8526,0.15110066,0.15545991,0.00795267,363.0778,321.9307,72.1859,948.7293,122.9834,4771.8803,13.1429,305.1904,403.8134,107.7421,215.3038,465.6346,855.1845,1046.441,1666.0115,213.5292,-31.8173,4.8603,7.737957,1.686351,28,33,6,2,0.34718977,0.19881665,0.33938892,0E-8,0.000000,0.886671,0.000000,-0.21533405,2026-06-17,2026-08-01,7,54,51,46,0.152174,0.755771,0.840565,1.157299,,,,,,,,GLOBAL_BASELINE_NO_ENTITY_RANKING,,,NOT_APPLICABLE_GLOBAL_BASELINE,HF9g-P5,,,,X 全窗基线 · 不参与实体赏罚,14192888,1420,A168_HF9F_20260827_0900,2026-08-27 09:00:00
2026-07-27,141173793,-1,1,814.6139391868,-260.5056371711,-260.5056371711,0.3333333,9,9,0.49771390000000000,0.497713900000,-0.9862937092952077,-0.9862937092952077,-0.9862937092952077,0E-17,SENTINEL_DEALER,R03b_20260811_FULL_v1,L1_ELIGIBILITY,v2026-08-11,2026-03-21..2026-08-06,baccarat_bet02_101_all_pairs_incl_sentinel,round_win = game_pnl > 0 (decisive only),COMPATIBILITY_ONLY_NOT_PRODUCTION,33403.1621,29617.6283,6641.1049,92,92,-0.19881665,-0.33938892,-0.12405487,-0.19881665,-6641.1049,33403.1621,OK,0.0000,265.6442,4.0000,96.0000,AG03-UNRESOLVED,ALL5_LEVELS_bet23_to_bet27,265.6442,332.0552,332.0552,332.0552,332.0552,4.000000,5.000000,5.000000,5.000000,5.000000,96.000000,95.000000,95.000000,95.000000,95.000000,5.0,1593.8652,1448.2523,5047.2397,5192.8526,PENDING_AG03,FALSE,NOT_FOR_ENFORCEMENT,6375.4607,28432.9232,6641.1049,6375.4607,265.6442,0.19881665,0.19086399,265.6442,6375.4607,0.19086399,265.6442,332.0552,332.0552,332.0552,332.0552,6375.4607,0.19086399,1593.8652,1448.2523,5047.2397,5192.8526,0.15110066,0.15545991,0.00795267,363.0778,321.9307,72.1859,948.7293,122.9834,4771.8803,13.1429,305.1904,403.8134,107.7421,215.3038,465.6346,855.1845,1046.441,1666.0115,213.5292,-31.8173,4.8603,7.737957,1.686351,28,33,6,2,0.34718977,0.19881665,0.33938892,0E-8,0.000000,0.886671,0.000000,-0.21533405,2026-06-17,2026-08-01,7,54,51,46,0.152174,0.755771,0.840565,1.157299,,,,,,,,GLOBAL_BASELINE_NO_ENTITY_RANKING,,,NOT_APPLICABLE_GLOBAL_BASELINE,HF9g-P5,,,,X 全窗基线 · 不参与实体赏罚,14192889,1420,A168_HF9F_20260827_0900,2026-08-27 09:00:00
2026-07-27,141173793,1157,0,320.2938161940,106.7646053980,106.7646053980,0.5000000,2,2,0.49324550000000000,0.493245500000,0.01910635448239258,0.01910635448239258,0.01910635448239258,0E-17,ELIGIBLE,R03b_20260811_FULL_v1,L1_ELIGIBILITY,v2026-08-11,2026-03-21..2026-08-06,baccarat_bet02_101_all_pairs_incl_sentinel,round_win = game_pnl > 0 (decisive only),COMPATIBILITY_ONLY_NOT_PRODUCTION,33403.1621,29617.6283,6641.1049,92,92,-0.19881665,-0.33938892,-0.12405487,-0.19881665,-6641.1049,33403.1621,OK,0.0000,265.6442,4.0000,96.0000,AG03-UNRESOLVED,ALL5_LEVELS_bet23_to_bet27,265.6442,332.0552,332.0552,332.0552,332.0552,4.000000,5.000000,5.000000,5.000000,5.000000,96.000000,95.000000,95.000000,95.000000,95.000000,5.0,1593.8652,1448.2523,5047.2397,5192.8526,PENDING_AG03,FALSE,NOT_FOR_ENFORCEMENT,6375.4607,28432.9232,6641.1049,6375.4607,265.6442,0.19881665,0.19086399,265.6442,6375.4607,0.19086399,265.6442,332.0552,332.0552,332.0552,332.0552,6375.4607,0.19086399,1593.8652,1448.2523,5047.2397,5192.8526,0.15110066,0.15545991,0.00795267,363.0778,321.9307,72.1859,948.7293,122.9834,4771.8803,13.1429,305.1904,403.8134,107.7421,215.3038,465.6346,855.1845,1046.441,1666.0115,213.5292,-31.8173,4.8603,7.737957,1.686351,28,33,6,2,0.34718977,0.19881665,0.33938892,0E-8,0.000000,0.886671,0.000000,-0.21533405,2026-06-17,2026-08-01,7,54,51,46,0.152174,0.755771,0.840565,1.157299,,,,,,,,GLOBAL_BASELINE_NO_ENTITY_RANKING,,,NOT_APPLICABLE_GLOBAL_BASELINE,HF9g-P5,,,,X 全窗基线 · 不参与实体赏罚,14192890,1420,A168_HF9F_20260827_0900,2026-08-27 09:00:00
2026-07-27,141173793,2218,0,292.5350187906,-292.5350187906,-292.5350187906,0E-7,1,1,0.50665070000000000,0.506650700000,-1.013391052207602,-1.013391052207602,-1.013391052207602,0E-17,ELIGIBLE,R03b_20260811_FULL_v1,L1_ELIGIBILITY,v2026-08-11,2026-03-21..2026-08-06,baccarat_bet02_101_all_pairs_incl_sentinel,round_win = game_pnl > 0 (decisive only),COMPATIBILITY_ONLY_NOT_PRODUCTION,33403.1621,29617.6283,6641.1049,92,92,-0.19881665,-0.33938892,-0.12405487,-0.19881665,-6641.1049,33403.1621,OK,0.0000,265.6442,4.0000,96.0000,AG03-UNRESOLVED,ALL5_LEVELS_bet23_to_bet27,265.6442,332.0552,332.0552,332.0552,332.0552,4.000000,5.000000,5.000000,5.000000,5.000000,96.000000,95.000000,95.000000,95.000000,95.000000,5.0,1593.8652,1448.2523,5047.2397,5192.8526,PENDING_AG03,FALSE,NOT_FOR_ENFORCEMENT,6375.4607,28432.9232,6641.1049,6375.4607,265.6442,0.19881665,0.19086399,265.6442,6375.4607,0.19086399,265.6442,332.0552,332.0552,332.0552,332.0552,6375.4607,0.19086399,1593.8652,1448.2523,5047.2397,5192.8526,0.15110066,0.15545991,0.00795267,363.0778,321.9307,72.1859,948.7293,122.9834,4771.8803,13.1429,305.1904,403.8134,107.7421,215.3038,465.6346,855.1845,1046.441,1666.0115,213.5292,-31.8173,4.8603,7.737957,1.686351,28,33,6,2,0.34718977,0.19881665,0.33938892,0E-8,0.000000,0.886671,0.000000,-0.21533405,2026-06-17,2026-08-01,7,54,51,46,0.152174,0.755771,0.840565,1.157299,,,,,,,,GLOBAL_BASELINE_NO_ENTITY_RANKING,,,NOT_APPLICABLE_GLOBAL_BASELINE,HF9g-P5,,,,X 全窗基线 · 不参与实体赏罚,14192891,1420,A168_HF9F_20260827_0900,2026-08-27 09:00:00
2026-07-27,141173793,2224,0,128.1175264776,-44.8411342672,-44.8411342672,0.5000000,2,2,0.49994810000000000,0.499948100000,0.00014679536856514622,0.00014679536856514622,0.00014679536856514622,0E-17,ELIGIBLE,R03b_20260811_FULL_v1,L1_ELIGIBILITY,v2026-08-11,2026-03-21..2026-08-06,baccarat_bet02_101_all_pairs_incl_sentinel,round_win = game_pnl > 0 (decisive only),COMPATIBILITY_ONLY_NOT_PRODUCTION,33403.1621,29617.6283,6641.1049,92,92,-0.19881665,-0.33938892,-0.12405487,-0.19881665,-6641.1049,33403.1621,OK,0.0000,265.6442,4.0000,96.0000,AG03-UNRESOLVED,ALL5_LEVELS_bet23_to_bet27,265.6442,332.0552,332.0552,332.0552,332.0552,4.000000,5.000000,5.000000,5.000000,5.000000,96.000000,95.000000,95.000000,95.000000,95.000000,5.0,1593.8652,1448.2523,5047.2397,5192.8526,PENDING_AG03,FALSE,NOT_FOR_ENFORCEMENT,6375.4607,28432.9232,6641.1049,6375.4607,265.6442,0.19881665,0.19086399,265.6442,6375.4607,0.19086399,265.6442,332.0552,332.0552,332.0552,332.0552,6375.4607,0.19086399,1593.8652,1448.2523,5047.2397,5192.8526,0.15110066,0.15545991,0.00795267,363.0778,321.9307,72.1859,948.7293,122.9834,4771.8803,13.1429,305.1904,403.8134,107.7421,215.3038,465.6346,855.1845,1046.441,1666.0115,213.5292,-31.8173,4.8603,7.737957,1.686351,28,33,6,2,0.34718977,0.19881665,0.33938892,0E-8,0.000000,0.886671,0.000000,-0.21533405,2026-06-17,2026-08-01,7,54,51,46,0.152174,0.755771,0.840565,1.157299,,,,,,,,GLOBAL_BASELINE_NO_ENTITY_RANKING,,,NOT_APPLICABLE_GLOBAL_BASELINE,HF9g-P5,,,,X 全窗基线 · 不参与实体赏罚,14192892,1420,A168_HF9F_20260827_0900,2026-08-27 09:00:00
2026-07-27,141173793,2258,0,106.7646053980,106.7646053980,106.7646053980,1.0000000,1,1,0.49324550000000000,0.493245500000,1.01360149184955,1.01360149184955,1.01360149184955,0E-17,ELIGIBLE,R03b_20260811_FULL_v1,L1_ELIGIBILITY,v2026-08-11,2026-03-21..2026-08-06,baccarat_bet02_101_all_pairs_incl_sentinel,round_win = game_pnl > 0 (decisive only),COMPATIBILITY_ONLY_NOT_PRODUCTION,33403.1621,29617.6283,6641.1049,92,92,-0.19881665,-0.33938892,-0.12405487,-0.19881665,-6641.1049,33403.1621,OK,0.0000,265.6442,4.0000,96.0000,AG03-UNRESOLVED,ALL5_LEVELS_bet23_to_bet27,265.6442,332.0552,332.0552,332.0552,332.0552,4.000000,5.000000,5.000000,5.000000,5.000000,96.000000,95.000000,95.000000,95.000000,95.000000,5.0,1593.8652,1448.2523,5047.2397,5192.8526,PENDING_AG03,FALSE,NOT_FOR_ENFORCEMENT,6375.4607,28432.9232,6641.1049,6375.4607,265.6442,0.19881665,0.19086399,265.6442,6375.4607,0.19086399,265.6442,332.0552,332.0552,332.0552,332.0552,6375.4607,0.19086399,1593.8652,1448.2523,5047.2397,5192.8526,0.15110066,0.15545991,0.00795267,363.0778,321.9307,72.1859,948.7293,122.9834,4771.8803,13.1429,305.1904,403.8134,107.7421,215.3038,465.6346,855.1845,1046.441,1666.0115,213.5292,-31.8173,4.8603,7.737957,1.686351,28,33,6,2,0.34718977,0.19881665,0.33938892,0E-8,0.000000,0.886671,0.000000,-0.21533405,2026-06-17,2026-08-01,7,54,51,46,0.152174,0.755771,0.840565,1.157299,,,,,,,,GLOBAL_BASELINE_NO_ENTITY_RANKING,,,NOT_APPLICABLE_GLOBAL_BASELINE,HF9g-P5,,,,X 全窗基线 · 不参与实体赏罚,14192893,1420,A168_HF9F_20260827_0900,2026-08-27 09:00:00
2026-08-01,141173793,-1,1,3541.1565266528,1230.6146794750,1230.6146794750,0.6250000,9,9,0.49622443333333333,0.496224433333,0.7284853808030249,0.7284853808049142,0.7284853808030249,3.3333E-13,SENTINEL_DEALER,R03b_20260811_FULL_v1,L1_ELIGIBILITY,v2026-08-11,2026-03-21..2026-08-06,baccarat_bet02_101_all_pairs_incl_sentinel,round_win = game_pnl > 0 (decisive only),COMPATIBILITY_ONLY_NOT_PRODUCTION,33403.1621,29617.6283,6641.1049,92,92,-0.19881665,-0.33938892,-0.12405487,-0.19881665,-6641.1049,33403.1621,OK,0.0000,265.6442,4.0000,96.0000,AG03-UNRESOLVED,ALL5_LEVELS_bet23_to_bet27,265.6442,332.0552,332.0552,332.0552,332.0552,4.000000,5.000000,5.000000,5.000000,5.000000,96.000000,95.000000,95.000000,95.000000,95.000000,5.0,1593.8652,1448.2523,5047.2397,5192.8526,PENDING_AG03,FALSE,NOT_FOR_ENFORCEMENT,6375.4607,28432.9232,6641.1049,6375.4607,265.6442,0.19881665,0.19086399,265.6442,6375.4607,0.19086399,265.6442,332.0552,332.0552,332.0552,332.0552,6375.4607,0.19086399,1593.8652,1448.2523,5047.2397,5192.8526,0.15110066,0.15545991,0.00795267,363.0778,321.9307,72.1859,948.7293,122.9834,4771.8803,13.1429,305.1904,403.8134,107.7421,215.3038,465.6346,855.1845,1046.441,1666.0115,213.5292,-31.8173,4.8603,7.737957,1.686351,28,33,6,2,0.34718977,0.19881665,0.33938892,0E-8,0.000000,0.886671,0.000000,-0.21533405,2026-06-17,2026-08-01,7,54,51,46,0.152174,0.755771,0.840565,1.157299,,,,,,,,GLOBAL_BASELINE_NO_ENTITY_RANKING,,,NOT_APPLICABLE_GLOBAL_BASELINE,HF9g-P5,,,,X 全窗基线 · 不参与实体赏罚,14192894,1420,A168_HF9F_20260827_0900,2026-08-27 09:00:00
2026-08-01,141173793,1323,0,523.2205269877,0E-10,0E-10,,1,1,0.49324550000000000,0.493245500000,,,,0E-17,NO_DECISIVE_ROUND,R03b_20260811_FULL_v1,L1_ELIGIBILITY,v2026-08-11,2026-03-21..2026-08-06,baccarat_bet02_101_all_pairs_incl_sentinel,round_win = game_pnl > 0 (decisive only),COMPATIBILITY_ONLY_NOT_PRODUCTION,33403.1621,29617.6283,6641.1049,92,92,-0.19881665,-0.33938892,-0.12405487,-0.19881665,-6641.1049,33403.1621,OK,0.0000,265.6442,4.0000,96.0000,AG03-UNRESOLVED,ALL5_LEVELS_bet23_to_bet27,265.6442,332.0552,332.0552,332.0552,332.0552,4.000000,5.000000,5.000000,5.000000,5.000000,96.000000,95.000000,95.000000,95.000000,95.000000,5.0,1593.8652,1448.2523,5047.2397,5192.8526,PENDING_AG03,FALSE,NOT_FOR_ENFORCEMENT,6375.4607,28432.9232,6641.1049,6375.4607,265.6442,0.19881665,0.19086399,265.6442,6375.4607,0.19086399,265.6442,332.0552,332.0552,332.0552,332.0552,6375.4607,0.19086399,1593.8652,1448.2523,5047.2397,5192.8526,0.15110066,0.15545991,0.00795267,363.0778,321.9307,72.1859,948.7293,122.9834,4771.8803,13.1429,305.1904,403.8134,107.7421,215.3038,465.6346,855.1845,1046.441,1666.0115,213.5292,-31.8173,4.8603,7.737957,1.686351,28,33,6,2,0.34718977,0.19881665,0.33938892,0E-8,0.000000,0.886671,0.000000,-0.21533405,2026-06-17,2026-08-01,7,54,51,46,0.152174,0.755771,0.840565,1.157299,,,,,,,,GLOBAL_BASELINE_NO_ENTITY_RANKING,,,NOT_APPLICABLE_GLOBAL_BASELINE,HF9g-P5,,,,X 全窗基线 · 不参与实体赏罚,14192895,1420,A168_HF9F_20260827_0900,2026-08-27 09:00:00
2026-08-01,141173793,1623,0,512.7561164479,-512.7561164479,-512.7561164479,0E-7,2,2,0.49994810000000000,0.499948100000,-1.4140667746232096,-1.4140667746232096,-1.4140667746232096,0E-17,ELIGIBLE,R03b_20260811_FULL_v1,L1_ELIGIBILITY,v2026-08-11,2026-03-21..2026-08-06,baccarat_bet02_101_all_pairs_incl_sentinel,round_win = game_pnl > 0 (decisive only),COMPATIBILITY_ONLY_NOT_PRODUCTION,33403.1621,29617.6283,6641.1049,92,92,-0.19881665,-0.33938892,-0.12405487,-0.19881665,-6641.1049,33403.1621,OK,0.0000,265.6442,4.0000,96.0000,AG03-UNRESOLVED,ALL5_LEVELS_bet23_to_bet27,265.6442,332.0552,332.0552,332.0552,332.0552,4.000000,5.000000,5.000000,5.000000,5.000000,96.000000,95.000000,95.000000,95.000000,95.000000,5.0,1593.8652,1448.2523,5047.2397,5192.8526,PENDING_AG03,FALSE,NOT_FOR_ENFORCEMENT,6375.4607,28432.9232,6641.1049,6375.4607,265.6442,0.19881665,0.19086399,265.6442,6375.4607,0.19086399,265.6442,332.0552,332.0552,332.0552,332.0552,6375.4607,0.19086399,1593.8652,1448.2523,5047.2397,5192.8526,0.15110066,0.15545991,0.00795267,363.0778,321.9307,72.1859,948.7293,122.9834,4771.8803,13.1429,305.1904,403.8134,107.7421,215.3038,465.6346,855.1845,1046.441,1666.0115,213.5292,-31.8173,4.8603,7.737957,1.686351,28,33,6,2,0.34718977,0.19881665,0.33938892,0E-8,0.000000,0.886671,0.000000,-0.21533405,2026-06-17,2026-08-01,7,54,51,46,0.152174,0.755771,0.840565,1.157299,,,,,,,,GLOBAL_BASELINE_NO_ENTITY_RANKING,,,NOT_APPLICABLE_GLOBAL_BASELINE,HF9g-P5,,,,X 全窗基线 · 不参与实体赏罚,14192896,1420,A168_HF9F_20260827_0900,2026-08-27 09:00:00
2026-08-01,141173793,1951,0,2134.7397501099,-1758.0209706787,-1758.0209706787,0.2500000,4,4,0.49659680000000000,0.496596800000,-0.9864100490137353,-0.9864100490137354,-0.9864100490137353,0E-17,ELIGIBLE,R03b_20260811_FULL_v1,L1_ELIGIBILITY,v2026-08-11,2026-03-21..2026-08-06,baccarat_bet02_101_all_pairs_incl_sentinel,round_win = game_pnl > 0 (decisive only),COMPATIBILITY_ONLY_NOT_PRODUCTION,33403.1621,29617.6283,6641.1049,92,92,-0.19881665,-0.33938892,-0.12405487,-0.19881665,-6641.1049,33403.1621,OK,0.0000,265.6442,4.0000,96.0000,AG03-UNRESOLVED,ALL5_LEVELS_bet23_to_bet27,265.6442,332.0552,332.0552,332.0552,332.0552,4.000000,5.000000,5.000000,5.000000,5.000000,96.000000,95.000000,95.000000,95.000000,95.000000,5.0,1593.8652,1448.2523,5047.2397,5192.8526,PENDING_AG03,FALSE,NOT_FOR_ENFORCEMENT,6375.4607,28432.9232,6641.1049,6375.4607,265.6442,0.19881665,0.19086399,265.6442,6375.4607,0.19086399,265.6442,332.0552,332.0552,332.0552,332.0552,6375.4607,0.19086399,1593.8652,1448.2523,5047.2397,5192.8526,0.15110066,0.15545991,0.00795267,363.0778,321.9307,72.1859,948.7293,122.9834,4771.8803,13.1429,305.1904,403.8134,107.7421,215.3038,465.6346,855.1845,1046.441,1666.0115,213.5292,-31.8173,4.8603,7.737957,1.686351,28,33,6,2,0.34718977,0.19881665,0.33938892,0E-8,0.000000,0.886671,0.000000,-0.21533405,2026-06-17,2026-08-01,7,54,51,46,0.152174,0.755771,0.840565,1.157299,,,,,,,,GLOBAL_BASELINE_NO_ENTITY_RANKING,,,NOT_APPLICABLE_GLOBAL_BASELINE,HF9g-P5,,,,X 全窗基线 · 不参与实体赏罚,14192897,1420,A168_HF9F_20260827_0900,2026-08-27 09:00:00
2026-08-01,141173793,1963,0,2092.8821079509,-2092.8821079509,-2092.8821079509,0E-7,1,1,0.50665070000000000,0.506650700000,-1.013391052207602,-1.013391052207602,-1.013391052207602,0E-17,ELIGIBLE,R03b_20260811_FULL_v1,L1_ELIGIBILITY,v2026-08-11,2026-03-21..2026-08-06,baccarat_bet02_101_all_pairs_incl_sentinel,round_win = game_pnl > 0 (decisive only),COMPATIBILITY_ONLY_NOT_PRODUCTION,33403.1621,29617.6283,6641.1049,92,92,-0.19881665,-0.33938892,-0.12405487,-0.19881665,-6641.1049,33403.1621,OK,0.0000,265.6442,4.0000,96.0000,AG03-UNRESOLVED,ALL5_LEVELS_bet23_to_bet27,265.6442,332.0552,332.0552,332.0552,332.0552,4.000000,5.000000,5.000000,5.000000,5.000000,96.000000,95.000000,95.000000,95.000000,95.000000,5.0,1593.8652,1448.2523,5047.2397,5192.8526,PENDING_AG03,FALSE,NOT_FOR_ENFORCEMENT,6375.4607,28432.9232,6641.1049,6375.4607,265.6442,0.19881665,0.19086399,265.6442,6375.4607,0.19086399,265.6442,332.0552,332.0552,332.0552,332.0552,6375.4607,0.19086399,1593.8652,1448.2523,5047.2397,5192.8526,0.15110066,0.15545991,0.00795267,363.0778,321.9307,72.1859,948.7293,122.9834,4771.8803,13.1429,305.1904,403.8134,107.7421,215.3038,465.6346,855.1845,1046.441,1666.0115,213.5292,-31.8173,4.8603,7.737957,1.686351,28,33,6,2,0.34718977,0.19881665,0.33938892,0E-8,0.000000,0.886671,0.000000,-0.21533405,2026-06-17,2026-08-01,7,54,51,46,0.152174,0.755771,0.840565,1.157299,,,,,,,,GLOBAL_BASELINE_NO_ENTITY_RANKING,,,NOT_APPLICABLE_GLOBAL_BASELINE,HF9g-P5,,,,X 全窗基线 · 不参与实体赏罚,14192898,1420,A168_HF9F_20260827_0900,2026-08-27 09:00:00
2026-08-01,141173793,1966,0,334.8611372721,293.0034951131,293.0034951131,0.6666667,3,3,0.49324550000000000,0.493245500000,0.6008033672792107,0.6008033672792106,0.6008033672792107,0E-17,ELIGIBLE,R03b_20260811_FULL_v1,L1_ELIGIBILITY,v2026-08-11,2026-03-21..2026-08-06,baccarat_bet02_101_all_pairs_incl_sentinel,round_win = game_pnl > 0 (decisive only),COMPATIBILITY_ONLY_NOT_PRODUCTION,33403.1621,29617.6283,6641.1049,92,92,-0.19881665,-0.33938892,-0.12405487,-0.19881665,-6641.1049,33403.1621,OK,0.0000,265.6442,4.0000,96.0000,AG03-UNRESOLVED,ALL5_LEVELS_bet23_to_bet27,265.6442,332.0552,332.0552,332.0552,332.0552,4.000000,5.000000,5.000000,5.000000,5.000000,96.000000,95.000000,95.000000,95.000000,95.000000,5.0,1593.8652,1448.2523,5047.2397,5192.8526,PENDING_AG03,FALSE,NOT_FOR_ENFORCEMENT,6375.4607,28432.9232,6641.1049,6375.4607,265.6442,0.19881665,0.19086399,265.6442,6375.4607,0.19086399,265.6442,332.0552,332.0552,332.0552,332.0552,6375.4607,0.19086399,1593.8652,1448.2523,5047.2397,5192.8526,0.15110066,0.15545991,0.00795267,363.0778,321.9307,72.1859,948.7293,122.9834,4771.8803,13.1429,305.1904,403.8134,107.7421,215.3038,465.6346,855.1845,1046.441,1666.0115,213.5292,-31.8173,4.8603,7.737957,1.686351,28,33,6,2,0.34718977,0.19881665,0.33938892,0E-8,0.000000,0.886671,0.000000,-0.21533405,2026-06-17,2026-08-01,7,54,51,46,0.152174,0.755771,0.840565,1.157299,,,,,,,,GLOBAL_BASELINE_NO_ENTITY_RANKING,,,NOT_APPLICABLE_GLOBAL_BASELINE,HF9g-P5,,,,X 全窗基线 · 不参与实体赏罚,14192899,1420,A168_HF9F_20260827_0900,2026-08-27 09:00:00
2026-08-01,141173793,2242,0,795.2952010213,-711.5799167033,-711.5799167033,0.3333333,3,3,0.49771390000000000,0.497713900000,-0.5694369385616226,-0.5694369385616226,-0.5694369385616226,0E-17,ELIGIBLE,R03b_20260811_FULL_v1,L1_ELIGIBILITY,v2026-08-11,2026-03-21..2026-08-06,baccarat_bet02_101_all_pairs_incl_sentinel,round_win = game_pnl > 0 (decisive only),COMPATIBILITY_ONLY_NOT_PRODUCTION,33403.1621,29617.6283,6641.1049,92,92,-0.19881665,-0.33938892,-0.12405487,-0.19881665,-6641.1049,33403.1621,OK,0.0000,265.6442,4.0000,96.0000,AG03-UNRESOLVED,ALL5_LEVELS_bet23_to_bet27,265.6442,332.0552,332.0552,332.0552,332.0552,4.000000,5.000000,5.000000,5.000000,5.000000,96.000000,95.000000,95.000000,95.000000,95.000000,5.0,1593.8652,1448.2523,5047.2397,5192.8526,PENDING_AG03,FALSE,NOT_FOR_ENFORCEMENT,6375.4607,28432.9232,6641.1049,6375.4607,265.6442,0.19881665,0.19086399,265.6442,6375.4607,0.19086399,265.6442,332.0552,332.0552,332.0552,332.0552,6375.4607,0.19086399,1593.8652,1448.2523,5047.2397,5192.8526,0.15110066,0.15545991,0.00795267,363.0778,321.9307,72.1859,948.7293,122.9834,4771.8803,13.1429,305.1904,403.8134,107.7421,215.3038,465.6346,855.1845,1046.441,1666.0115,213.5292,-31.8173,4.8603,7.737957,1.686351,28,33,6,2,0.34718977,0.19881665,0.33938892,0E-8,0.000000,0.886671,0.000000,-0.21533405,2026-06-17,2026-08-01,7,54,51,46,0.152174,0.755771,0.840565,1.157299,,,,,,,,GLOBAL_BASELINE_NO_ENTITY_RANKING,,,NOT_APPLICABLE_GLOBAL_BASELINE,HF9g-P5,,,,X 全窗基线 · 不参与实体赏罚,14192900,1420,A168_HF9F_20260827_0900,2026-08-27 09:00:00
2026-05-24,150505951,2171,0,51.8914431010,51.8914431010,51.8914431010,1.0000000,1,1,0.49324550000000000,0.493245500000,1.01360149184955,1.01360149184955,1.01360149184955,0E-17,ELIGIBLE,R03b_20260811_FULL_v1,L1_ELIGIBILITY,v2026-08-11,2026-03-21..2026-08-06,baccarat_bet02_101_all_pairs_incl_sentinel,round_win = game_pnl > 0 (decisive only),COMPATIBILITY_ONLY_NOT_PRODUCTION,56048.8330,49696.4368,6641.1888,257,256,-0.11848933,-0.08402311,-0.12321726,-0.11848933,-6641.1888,56048.8330,OK,0.0000,265.6476,4.0000,96.0000,AG03-UNRESOLVED,ALL5_LEVELS_bet23_to_bet27,265.6476,265.6476,332.0594,332.0594,332.0594,4.000000,4.000000,5.000000,5.000000,5.000000,96.000000,96.000000,95.000000,95.000000,95.000000,5.0,1527.4734,1393.6083,5113.7154,5247.5805,PENDING_AG03,FALSE,NOT_FOR_ENFORCEMENT,6375.5412,47708.5794,6641.1888,6375.5412,265.6476,0.11848933,0.11374976,265.6476,6375.5412,0.11374976,265.6476,265.6476,332.0594,332.0594,332.0594,6375.5412,0.11374976,1527.4734,1393.6083,5113.7154,5247.5805,0.09123679,0.09362515,0.00473957,218.0888,194.1267,25.9421,174.7681,44.8729,1474.9693,6.7368,157.2346,230.3166,128.5777,257.1553,258.1778,388.3046,514.3107,767.8663,154.9067,0.0,2.0,2.986002,0.848082,27,96,50,4,0.12062849,0.11848933,0.08402311,0E-8,0.000000,0.886663,0.000000,0.03919416,2026-05-24,2026-08-05,38,148,140,74,0.513514,0.682689,0.720966,0.402095,,,,,,,,GLOBAL_BASELINE_NO_ENTITY_RANKING,,,NOT_APPLICABLE_GLOBAL_BASELINE,HF9g-P5,,,,X 全窗基线 · 不参与实体赏罚,14192901,1420,A168_HF9F_20260827_0900,2026-08-27 09:00:00
2026-05-24,150505951,462,0,77.8371646515,77.8371646515,77.8371646515,1.0000000,1,1,0.49324550000000000,0.493245500000,1.01360149184955,1.01360149184955,1.01360149184955,0E-17,ELIGIBLE,R03b_20260811_FULL_v1,L1_ELIGIBILITY,v2026-08-11,2026-03-21..2026-08-06,baccarat_bet02_101_all_pairs_incl_sentinel,round_win = game_pnl > 0 (decisive only),COMPATIBILITY_ONLY_NOT_PRODUCTION,56048.8330,49696.4368,6641.1888,257,256,-0.11848933,-0.08402311,-0.12321726,-0.11848933,-6641.1888,56048.8330,OK,0.0000,265.6476,4.0000,96.0000,AG03-UNRESOLVED,ALL5_LEVELS_bet23_to_bet27,265.6476,265.6476,332.0594,332.0594,332.0594,4.000000,4.000000,5.000000,5.000000,5.000000,96.000000,96.000000,95.000000,95.000000,95.000000,5.0,1527.4734,1393.6083,5113.7154,5247.5805,PENDING_AG03,FALSE,NOT_FOR_ENFORCEMENT,6375.5412,47708.5794,6641.1888,6375.5412,265.6476,0.11848933,0.11374976,265.6476,6375.5412,0.11374976,265.6476,265.6476,332.0594,332.0594,332.0594,6375.5412,0.11374976,1527.4734,1393.6083,5113.7154,5247.5805,0.09123679,0.09362515,0.00473957,218.0888,194.1267,25.9421,174.7681,44.8729,1474.9693,6.7368,157.2346,230.3166,128.5777,257.1553,258.1778,388.3046,514.3107,767.8663,154.9067,0.0,2.0,2.986002,0.848082,27,96,50,4,0.12062849,0.11848933,0.08402311,0E-8,0.000000,0.886663,0.000000,0.03919416,2026-05-24,2026-08-05,38,148,140,74,0.513514,0.682689,0.720966,0.402095,,,,,,,,GLOBAL_BASELINE_NO_ENTITY_RANKING,,,NOT_APPLICABLE_GLOBAL_BASELINE,HF9g-P5,,,,X 全窗基线 · 不参与实体赏罚,14192902,1420,A168_HF9F_20260827_0900,2026-08-27 09:00:00
2026-05-25,150505951,1401,0,286.7002231333,-261.9220590525,-261.9220590525,0.5000000,5,5,0.41619800000000000,0.416198000000,0.3400177549501335,0.34001775495013353,0.3400177549501335,0E-17,ELIGIBLE,R03b_20260811_FULL_v1,L1_ELIGIBILITY,v2026-08-11,2026-03-21..2026-08-06,baccarat_bet02_101_all_pairs_incl_sentinel,round_win = game_pnl > 0 (decisive only),COMPATIBILITY_ONLY_NOT_PRODUCTION,56048.8330,49696.4368,6641.1888,257,256,-0.11848933,-0.08402311,-0.12321726,-0.11848933,-6641.1888,56048.8330,OK,0.0000,265.6476,4.0000,96.0000,AG03-UNRESOLVED,ALL5_LEVELS_bet23_to_bet27,265.6476,265.6476,332.0594,332.0594,332.0594,4.000000,4.000000,5.000000,5.000000,5.000000,96.000000,96.000000,95.000000,95.000000,95.000000,5.0,1527.4734,1393.6083,5113.7154,5247.5805,PENDING_AG03,FALSE,NOT_FOR_ENFORCEMENT,6375.5412,47708.5794,6641.1888,6375.5412,265.6476,0.11848933,0.11374976,265.6476,6375.5412,0.11374976,265.6476,265.6476,332.0594,332.0594,332.0594,6375.5412,0.11374976,1527.4734,1393.6083,5113.7154,5247.5805,0.09123679,0.09362515,0.00473957,218.0888,194.1267,25.9421,174.7681,44.8729,1474.9693,6.7368,157.2346,230.3166,128.5777,257.1553,258.1778,388.3046,514.3107,767.8663,154.9067,0.0,2.0,2.986002,0.848082,27,96,50,4,0.12062849,0.11848933,0.08402311,0E-8,0.000000,0.886663,0.000000,0.03919416,2026-05-24,2026-08-05,38,148,140,74,0.513514,0.682689,0.720966,0.402095,,,,,,,,GLOBAL_BASELINE_NO_ENTITY_RANKING,,,NOT_APPLICABLE_GLOBAL_BASELINE,HF9g-P5,,,,X 全窗基线 · 不参与实体赏罚,14192903,1420,A168_HF9F_20260827_0900,2026-08-27 09:00:00
2026-05-25,150505951,2147,0,389.1858232578,-259.4572155052,-259.4572155052,0E-7,3,3,0.49771390000000000,0.497713900000,-1.4077622098436522,-1.4077622098436524,-1.4077622098436522,0E-17,ELIGIBLE,R03b_20260811_FULL_v1,L1_ELIGIBILITY,v2026-08-11,2026-03-21..2026-08-06,baccarat_bet02_101_all_pairs_incl_sentinel,round_win = game_pnl > 0 (decisive only),COMPATIBILITY_ONLY_NOT_PRODUCTION,56048.8330,49696.4368,6641.1888,257,256,-0.11848933,-0.08402311,-0.12321726,-0.11848933,-6641.1888,56048.8330,OK,0.0000,265.6476,4.0000,96.0000,AG03-UNRESOLVED,ALL5_LEVELS_bet23_to_bet27,265.6476,265.6476,332.0594,332.0594,332.0594,4.000000,4.000000,5.000000,5.000000,5.000000,96.000000,96.000000,95.000000,95.000000,95.000000,5.0,1527.4734,1393.6083,5113.7154,5247.5805,PENDING_AG03,FALSE,NOT_FOR_ENFORCEMENT,6375.5412,47708.5794,6641.1888,6375.5412,265.6476,0.11848933,0.11374976,265.6476,6375.5412,0.11374976,265.6476,265.6476,332.0594,332.0594,332.0594,6375.5412,0.11374976,1527.4734,1393.6083,5113.7154,5247.5805,0.09123679,0.09362515,0.00473957,218.0888,194.1267,25.9421,174.7681,44.8729,1474.9693,6.7368,157.2346,230.3166,128.5777,257.1553,258.1778,388.3046,514.3107,767.8663,154.9067,0.0,2.0,2.986002,0.848082,27,96,50,4,0.12062849,0.11848933,0.08402311,0E-8,0.000000,0.886663,0.000000,0.03919416,2026-05-24,2026-08-05,38,148,140,74,0.513514,0.682689,0.720966,0.402095,,,,,,,,GLOBAL_BASELINE_NO_ENTITY_RANKING,,,NOT_APPLICABLE_GLOBAL_BASELINE,HF9g-P5,,,,X 全窗基线 · 不参与实体赏罚,14192904,1420,A168_HF9F_20260827_0900,2026-08-27 09:00:00
2026-05-25,150505951,583,0,157.2310725961,-157.2310725961,-157.2310725961,0E-7,2,2,0.49994810000000000,0.499948100000,-1.4140667746232096,-1.4140667746232096,-1.4140667746232096,0E-17,ELIGIBLE,R03b_20260811_FULL_v1,L1_ELIGIBILITY,v2026-08-11,2026-03-21..2026-08-06,baccarat_bet02_101_all_pairs_incl_sentinel,round_win = game_pnl > 0 (decisive only),COMPATIBILITY_ONLY_NOT_PRODUCTION,56048.8330,49696.4368,6641.1888,257,256,-0.11848933,-0.08402311,-0.12321726,-0.11848933,-6641.1888,56048.8330,OK,0.0000,265.6476,4.0000,96.0000,AG03-UNRESOLVED,ALL5_LEVELS_bet23_to_bet27,265.6476,265.6476,332.0594,332.0594,332.0594,4.000000,4.000000,5.000000,5.000000,5.000000,96.000000,96.000000,95.000000,95.000000,95.000000,5.0,1527.4734,1393.6083,5113.7154,5247.5805,PENDING_AG03,FALSE,NOT_FOR_ENFORCEMENT,6375.5412,47708.5794,6641.1888,6375.5412,265.6476,0.11848933,0.11374976,265.6476,6375.5412,0.11374976,265.6476,265.6476,332.0594,332.0594,332.0594,6375.5412,0.11374976,1527.4734,1393.6083,5113.7154,5247.5805,0.09123679,0.09362515,0.00473957,218.0888,194.1267,25.9421,174.7681,44.8729,1474.9693,6.7368,157.2346,230.3166,128.5777,257.1553,258.1778,388.3046,514.3107,767.8663,154.9067,0.0,2.0,2.986002,0.848082,27,96,50,4,0.12062849,0.11848933,0.08402311,0E-8,0.000000,0.886663,0.000000,0.03919416,2026-05-24,2026-08-05,38,148,140,74,0.513514,0.682689,0.720966,0.402095,,,,,,,,GLOBAL_BASELINE_NO_ENTITY_RANKING,,,NOT_APPLICABLE_GLOBAL_BASELINE,HF9g-P5,,,,X 全窗基线 · 不参与实体赏罚,14192905,1420,A168_HF9F_20260827_0900,2026-08-27 09:00:00
2026-05-26,150505951,-1,1,129.7286077526,0E-10,0E-10,,1,1,0.49324550000000000,0.493245500000,,,,0E-17,SENTINEL_DEALER,R03b_20260811_FULL_v1,L1_ELIGIBILITY,v2026-08-11,2026-03-21..2026-08-06,baccarat_bet02_101_all_pairs_incl_sentinel,round_win = game_pnl > 0 (decisive only),COMPATIBILITY_ONLY_NOT_PRODUCTION,56048.8330,49696.4368,6641.1888,257,256,-0.11848933,-0.08402311,-0.12321726,-0.11848933,-6641.1888,56048.8330,OK,0.0000,265.6476,4.0000,96.0000,AG03-UNRESOLVED,ALL5_LEVELS_bet23_to_bet27,265.6476,265.6476,332.0594,332.0594,332.0594,4.000000,4.000000,5.000000,5.000000,5.000000,96.000000,96.000000,95.000000,95.000000,95.000000,5.0,1527.4734,1393.6083,5113.7154,5247.5805,PENDING_AG03,FALSE,NOT_FOR_ENFORCEMENT,6375.5412,47708.5794,6641.1888,6375.5412,265.6476,0.11848933,0.11374976,265.6476,6375.5412,0.11374976,265.6476,265.6476,332.0594,332.0594,332.0594,6375.5412,0.11374976,1527.4734,1393.6083,5113.7154,5247.5805,0.09123679,0.09362515,0.00473957,218.0888,194.1267,25.9421,174.7681,44.8729,1474.9693,6.7368,157.2346,230.3166,128.5777,257.1553,258.1778,388.3046,514.3107,767.8663,154.9067,0.0,2.0,2.986002,0.848082,27,96,50,4,0.12062849,0.11848933,0.08402311,0E-8,0.000000,0.886663,0.000000,0.03919416,2026-05-24,2026-08-05,38,148,140,74,0.513514,0.682689,0.720966,0.402095,,,,,,,,GLOBAL_BASELINE_NO_ENTITY_RANKING,,,NOT_APPLICABLE_GLOBAL_BASELINE,HF9g-P5,,,,X 全窗基线 · 不参与实体赏罚,14192906,1420,A168_HF9F_20260827_0900,2026-08-27 09:00:00
2026-05-26,150505951,1966,0,259.4572155052,0E-10,0E-10,0.5000000,2,2,0.49324550000000000,0.493245500000,0.01910635448239258,0.01910635448239258,0.01910635448239258,0E-17,ELIGIBLE,R03b_20260811_FULL_v1,L1_ELIGIBILITY,v2026-08-11,2026-03-21..2026-08-06,baccarat_bet02_101_all_pairs_incl_sentinel,round_win = game_pnl > 0 (decisive only),COMPATIBILITY_ONLY_NOT_PRODUCTION,56048.8330,49696.4368,6641.1888,257,256,-0.11848933,-0.08402311,-0.12321726,-0.11848933,-6641.1888,56048.8330,OK,0.0000,265.6476,4.0000,96.0000,AG03-UNRESOLVED,ALL5_LEVELS_bet23_to_bet27,265.6476,265.6476,332.0594,332.0594,332.0594,4.000000,4.000000,5.000000,5.000000,5.000000,96.000000,96.000000,95.000000,95.000000,95.000000,5.0,1527.4734,1393.6083,5113.7154,5247.5805,PENDING_AG03,FALSE,NOT_FOR_ENFORCEMENT,6375.5412,47708.5794,6641.1888,6375.5412,265.6476,0.11848933,0.11374976,265.6476,6375.5412,0.11374976,265.6476,265.6476,332.0594,332.0594,332.0594,6375.5412,0.11374976,1527.4734,1393.6083,5113.7154,5247.5805,0.09123679,0.09362515,0.00473957,218.0888,194.1267,25.9421,174.7681,44.8729,1474.9693,6.7368,157.2346,230.3166,128.5777,257.1553,258.1778,388.3046,514.3107,767.8663,154.9067,0.0,2.0,2.986002,0.848082,27,96,50,4,0.12062849,0.11848933,0.08402311,0E-8,0.000000,0.886663,0.000000,0.03919416,2026-05-24,2026-08-05,38,148,140,74,0.513514,0.682689,0.720966,0.402095,,,,,,,,GLOBAL_BASELINE_NO_ENTITY_RANKING,,,NOT_APPLICABLE_GLOBAL_BASELINE,HF9g-P5,,,,X 全窗基线 · 不参与实体赏罚,14192907,1420,A168_HF9F_20260827_0900,2026-08-27 09:00:00
2026-05-26,150505951,2244,0,259.4572155052,-259.4572155052,-259.4572155052,0E-7,1,1,0.49324550000000000,0.493245500000,-0.9865810262130424,-0.9865810262130424,-0.9865810262130424,0E-17,ELIGIBLE,R03b_20260811_FULL_v1,L1_ELIGIBILITY,v2026-08-11,2026-03-21..2026-08-06,baccarat_bet02_101_all_pairs_incl_sentinel,round_win = game_pnl > 0 (decisive only),COMPATIBILITY_ONLY_NOT_PRODUCTION,56048.8330,49696.4368,6641.1888,257,256,-0.11848933,-0.08402311,-0.12321726,-0.11848933,-6641.1888,56048.8330,OK,0.0000,265.6476,4.0000,96.0000,AG03-UNRESOLVED,ALL5_LEVELS_bet23_to_bet27,265.6476,265.6476,332.0594,332.0594,332.0594,4.000000,4.000000,5.000000,5.000000,5.000000,96.000000,96.000000,95.000000,95.000000,95.000000,5.0,1527.4734,1393.6083,5113.7154,5247.5805,PENDING_AG03,FALSE,NOT_FOR_ENFORCEMENT,6375.5412,47708.5794,6641.1888,6375.5412,265.6476,0.11848933,0.11374976,265.6476,6375.5412,0.11374976,265.6476,265.6476,332.0594,332.0594,332.0594,6375.5412,0.11374976,1527.4734,1393.6083,5113.7154,5247.5805,0.09123679,0.09362515,0.00473957,218.0888,194.1267,25.9421,174.7681,44.8729,1474.9693,6.7368,157.2346,230.3166,128.5777,257.1553,258.1778,388.3046,514.3107,767.8663,154.9067,0.0,2.0,2.986002,0.848082,27,96,50,4,0.12062849,0.11848933,0.08402311,0E-8,0.000000,0.886663,0.000000,0.03919416,2026-05-24,2026-08-05,38,148,140,74,0.513514,0.682689,0.720966,0.402095,,,,,,,,GLOBAL_BASELINE_NO_ENTITY_RANKING,,,NOT_APPLICABLE_GLOBAL_BASELINE,HF9g-P5,,,,X 全窗基线 · 不参与实体赏罚,14192908,1420,A168_HF9F_20260827_0900,2026-08-27 09:00:00
2026-05-29,150505951,1645,0,208.6036012661,104.8207150641,104.8207150641,0.5000000,2,2,0.49324550000000000,0.493245500000,0.01910635448239258,0.01910635448239258,0.01910635448239258,0E-17,ELIGIBLE,R03b_20260811_FULL_v1,L1_ELIGIBILITY,v2026-08-11,2026-03-21..2026-08-06,baccarat_bet02_101_all_pairs_incl_sentinel,round_win = game_pnl > 0 (decisive only),COMPATIBILITY_ONLY_NOT_PRODUCTION,56048.8330,49696.4368,6641.1888,257,256,-0.11848933,-0.08402311,-0.12321726,-0.11848933,-6641.1888,56048.8330,OK,0.0000,265.6476,4.0000,96.0000,AG03-UNRESOLVED,ALL5_LEVELS_bet23_to_bet27,265.6476,265.6476,332.0594,332.0594,332.0594,4.000000,4.000000,5.000000,5.000000,5.000000,96.000000,96.000000,95.000000,95.000000,95.000000,5.0,1527.4734,1393.6083,5113.7154,5247.5805,PENDING_AG03,FALSE,NOT_FOR_ENFORCEMENT,6375.5412,47708.5794,6641.1888,6375.5412,265.6476,0.11848933,0.11374976,265.6476,6375.5412,0.11374976,265.6476,265.6476,332.0594,332.0594,332.0594,6375.5412,0.11374976,1527.4734,1393.6083,5113.7154,5247.5805,0.09123679,0.09362515,0.00473957,218.0888,194.1267,25.9421,174.7681,44.8729,1474.9693,6.7368,157.2346,230.3166,128.5777,257.1553,258.1778,388.3046,514.3107,767.8663,154.9067,0.0,2.0,2.986002,0.848082,27,96,50,4,0.12062849,0.11848933,0.08402311,0E-8,0.000000,0.886663,0.000000,0.03919416,2026-05-24,2026-08-05,38,148,140,74,0.513514,0.682689,0.720966,0.402095,,,,,,,,GLOBAL_BASELINE_NO_ENTITY_RANKING,,,NOT_APPLICABLE_GLOBAL_BASELINE,HF9g-P5,,,,X 全窗基线 · 不参与实体赏罚,14192909,1420,A168_HF9F_20260827_0900,2026-08-27 09:00:00
2026-05-29,150505951,1704,0,103.7828862021,-103.7828862021,-103.7828862021,0E-7,1,1,0.49324550000000000,0.493245500000,-0.9865810262130424,-0.9865810262130424,-0.9865810262130424,0E-17,ELIGIBLE,R03b_20260811_FULL_v1,L1_ELIGIBILITY,v2026-08-11,2026-03-21..2026-08-06,baccarat_bet02_101_all_pairs_incl_sentinel,round_win = game_pnl > 0 (decisive only),COMPATIBILITY_ONLY_NOT_PRODUCTION,56048.8330,49696.4368,6641.1888,257,256,-0.11848933,-0.08402311,-0.12321726,-0.11848933,-6641.1888,56048.8330,OK,0.0000,265.6476,4.0000,96.0000,AG03-UNRESOLVED,ALL5_LEVELS_bet23_to_bet27,265.6476,265.6476,332.0594,332.0594,332.0594,4.000000,4.000000,5.000000,5.000000,5.000000,96.000000,96.000000,95.000000,95.000000,95.000000,5.0,1527.4734,1393.6083,5113.7154,5247.5805,PENDING_AG03,FALSE,NOT_FOR_ENFORCEMENT,6375.5412,47708.5794,6641.1888,6375.5412,265.6476,0.11848933,0.11374976,265.6476,6375.5412,0.11374976,265.6476,265.6476,332.0594,332.0594,332.0594,6375.5412,0.11374976,1527.4734,1393.6083,5113.7154,5247.5805,0.09123679,0.09362515,0.00473957,218.0888,194.1267,25.9421,174.7681,44.8729,1474.9693,6.7368,157.2346,230.3166,128.5777,257.1553,258.1778,388.3046,514.3107,767.8663,154.9067,0.0,2.0,2.986002,0.848082,27,96,50,4,0.12062849,0.11848933,0.08402311,0E-8,0.000000,0.886663,0.000000,0.03919416,2026-05-24,2026-08-05,38,148,140,74,0.513514,0.682689,0.720966,0.402095,,,,,,,,GLOBAL_BASELINE_NO_ENTITY_RANKING,,,NOT_APPLICABLE_GLOBAL_BASELINE,HF9g-P5,,,,X 全窗基线 · 不参与实体赏罚,14192910,1420,A168_HF9F_20260827_0900,2026-08-27 09:00:00
2026-05-29,150505951,2171,0,161.9013024752,-53.9671008250,-53.9671008250,0.5000000,2,2,0.49324550000000000,0.493245500000,0.01910635448239258,0.01910635448239258,0.01910635448239258,0E-17,ELIGIBLE,R03b_20260811_FULL_v1,L1_ELIGIBILITY,v2026-08-11,2026-03-21..2026-08-06,baccarat_bet02_101_all_pairs_incl_sentinel,round_win = game_pnl > 0 (decisive only),COMPATIBILITY_ONLY_NOT_PRODUCTION,56048.8330,49696.4368,6641.1888,257,256,-0.11848933,-0.08402311,-0.12321726,-0.11848933,-6641.1888,56048.8330,OK,0.0000,265.6476,4.0000,96.0000,AG03-UNRESOLVED,ALL5_LEVELS_bet23_to_bet27,265.6476,265.6476,332.0594,332.0594,332.0594,4.000000,4.000000,5.000000,5.000000,5.000000,96.000000,96.000000,95.000000,95.000000,95.000000,5.0,1527.4734,1393.6083,5113.7154,5247.5805,PENDING_AG03,FALSE,NOT_FOR_ENFORCEMENT,6375.5412,47708.5794,6641.1888,6375.5412,265.6476,0.11848933,0.11374976,265.6476,6375.5412,0.11374976,265.6476,265.6476,332.0594,332.0594,332.0594,6375.5412,0.11374976,1527.4734,1393.6083,5113.7154,5247.5805,0.09123679,0.09362515,0.00473957,218.0888,194.1267,25.9421,174.7681,44.8729,1474.9693,6.7368,157.2346,230.3166,128.5777,257.1553,258.1778,388.3046,514.3107,767.8663,154.9067,0.0,2.0,2.986002,0.848082,27,96,50,4,0.12062849,0.11848933,0.08402311,0E-8,0.000000,0.886663,0.000000,0.03919416,2026-05-24,2026-08-05,38,148,140,74,0.513514,0.682689,0.720966,0.402095,,,,,,,,GLOBAL_BASELINE_NO_ENTITY_RANKING,,,NOT_APPLICABLE_GLOBAL_BASELINE,HF9g-P5,,,,X 全窗基线 · 不参与实体赏罚,14192911,1420,A168_HF9F_20260827_0900,2026-08-27 09:00:00
2026-05-29,150505951,919,0,285.4029370557,77.8371646515,77.8371646515,0.6666667,3,3,0.49324550000000000,0.493245500000,0.6008033672792107,0.6008033672792106,0.6008033672792107,0E-17,ELIGIBLE,R03b_20260811_FULL_v1,L1_ELIGIBILITY,v2026-08-11,2026-03-21..2026-08-06,baccarat_bet02_101_all_pairs_incl_sentinel,round_win = game_pnl > 0 (decisive only),COMPATIBILITY_ONLY_NOT_PRODUCTION,56048.8330,49696.4368,6641.1888,257,256,-0.11848933,-0.08402311,-0.12321726,-0.11848933,-6641.1888,56048.8330,OK,0.0000,265.6476,4.0000,96.0000,AG03-UNRESOLVED,ALL5_LEVELS_bet23_to_bet27,265.6476,265.6476,332.0594,332.0594,332.0594,4.000000,4.000000,5.000000,5.000000,5.000000,96.000000,96.000000,95.000000,95.000000,95.000000,5.0,1527.4734,1393.6083,5113.7154,5247.5805,PENDING_AG03,FALSE,NOT_FOR_ENFORCEMENT,6375.5412,47708.5794,6641.1888,6375.5412,265.6476,0.11848933,0.11374976,265.6476,6375.5412,0.11374976,265.6476,265.6476,332.0594,332.0594,332.0594,6375.5412,0.11374976,1527.4734,1393.6083,5113.7154,5247.5805,0.09123679,0.09362515,0.00473957,218.0888,194.1267,25.9421,174.7681,44.8729,1474.9693,6.7368,157.2346,230.3166,128.5777,257.1553,258.1778,388.3046,514.3107,767.8663,154.9067,0.0,2.0,2.986002,0.848082,27,96,50,4,0.12062849,0.11848933,0.08402311,0E-8,0.000000,0.886663,0.000000,0.03919416,2026-05-24,2026-08-05,38,148,140,74,0.513514,0.682689,0.720966,0.402095,,,,,,,,GLOBAL_BASELINE_NO_ENTITY_RANKING,,,NOT_APPLICABLE_GLOBAL_BASELINE,HF9g-P5,,,,X 全窗基线 · 不参与实体赏罚,14192912,1420,A168_HF9F_20260827_0900,2026-08-27 09:00:00
2026-05-29,150505951,994,0,207.5657724041,-207.5657724041,-207.5657724041,0E-7,1,1,0.49324550000000000,0.493245500000,-0.9865810262130424,-0.9865810262130424,-0.9865810262130424,0E-17,ELIGIBLE,R03b_20260811_FULL_v1,L1_ELIGIBILITY,v2026-08-11,2026-03-21..2026-08-06,baccarat_bet02_101_all_pairs_incl_sentinel,round_win = game_pnl > 0 (decisive only),COMPATIBILITY_ONLY_NOT_PRODUCTION,56048.8330,49696.4368,6641.1888,257,256,-0.11848933,-0.08402311,-0.12321726,-0.11848933,-6641.1888,56048.8330,OK,0.0000,265.6476,4.0000,96.0000,AG03-UNRESOLVED,ALL5_LEVELS_bet23_to_bet27,265.6476,265.6476,332.0594,332.0594,332.0594,4.000000,4.000000,5.000000,5.000000,5.000000,96.000000,96.000000,95.000000,95.000000,95.000000,5.0,1527.4734,1393.6083,5113.7154,5247.5805,PENDING_AG03,FALSE,NOT_FOR_ENFORCEMENT,6375.5412,47708.5794,6641.1888,6375.5412,265.6476,0.11848933,0.11374976,265.6476,6375.5412,0.11374976,265.6476,265.6476,332.0594,332.0594,332.0594,6375.5412,0.11374976,1527.4734,1393.6083,5113.7154,5247.5805,0.09123679,0.09362515,0.00473957,218.0888,194.1267,25.9421,174.7681,44.8729,1474.9693,6.7368,157.2346,230.3166,128.5777,257.1553,258.1778,388.3046,514.3107,767.8663,154.9067,0.0,2.0,2.986002,0.848082,27,96,50,4,0.12062849,0.11848933,0.08402311,0E-8,0.000000,0.886663,0.000000,0.03919416,2026-05-24,2026-08-05,38,148,140,74,0.513514,0.682689,0.720966,0.402095,,,,,,,,GLOBAL_BASELINE_NO_ENTITY_RANKING,,,NOT_APPLICABLE_GLOBAL_BASELINE,HF9g-P5,,,,X 全窗基线 · 不参与实体赏罚,14192913,1420,A168_HF9F_20260827_0900,2026-08-27 09:00:00
2026-05-30,150505951,2115,0,259.4572155052,-259.4572155052,-259.4572155052,0E-7,1,1,0.49324550000000000,0.493245500000,-0.9865810262130424,-0.9865810262130424,-0.9865810262130424,0E-17,ELIGIBLE,R03b_20260811_FULL_v1,L1_ELIGIBILITY,v2026-08-11,2026-03-21..2026-08-06,baccarat_bet02_101_all_pairs_incl_sentinel,round_win = game_pnl > 0 (decisive only),COMPATIBILITY_ONLY_NOT_PRODUCTION,56048.8330,49696.4368,6641.1888,257,256,-0.11848933,-0.08402311,-0.12321726,-0.11848933,-6641.1888,56048.8330,OK,0.0000,265.6476,4.0000,96.0000,AG03-UNRESOLVED,ALL5_LEVELS_bet23_to_bet27,265.6476,265.6476,332.0594,332.0594,332.0594,4.000000,4.000000,5.000000,5.000000,5.000000,96.000000,96.000000,95.000000,95.000000,95.000000,5.0,1527.4734,1393.6083,5113.7154,5247.5805,PENDING_AG03,FALSE,NOT_FOR_ENFORCEMENT,6375.5412,47708.5794,6641.1888,6375.5412,265.6476,0.11848933,0.11374976,265.6476,6375.5412,0.11374976,265.6476,265.6476,332.0594,332.0594,332.0594,6375.5412,0.11374976,1527.4734,1393.6083,5113.7154,5247.5805,0.09123679,0.09362515,0.00473957,218.0888,194.1267,25.9421,174.7681,44.8729,1474.9693,6.7368,157.2346,230.3166,128.5777,257.1553,258.1778,388.3046,514.3107,767.8663,154.9067,0.0,2.0,2.986002,0.848082,27,96,50,4,0.12062849,0.11848933,0.08402311,0E-8,0.000000,0.886663,0.000000,0.03919416,2026-05-24,2026-08-05,38,148,140,74,0.513514,0.682689,0.720966,0.402095,,,,,,,,GLOBAL_BASELINE_NO_ENTITY_RANKING,,,NOT_APPLICABLE_GLOBAL_BASELINE,HF9g-P5,,,,X 全窗基线 · 不参与实体赏罚,14192914,1420,A168_HF9F_20260827_0900,2026-08-27 09:00:00
2026-05-31,150505951,1384,0,129.7286077526,-129.7286077526,-129.7286077526,0E-7,1,1,0.49324550000000000,0.493245500000,-0.9865810262130424,-0.9865810262130424,-0.9865810262130424,0E-17,ELIGIBLE,R03b_20260811_FULL_v1,L1_ELIGIBILITY,v2026-08-11,2026-03-21..2026-08-06,baccarat_bet02_101_all_pairs_incl_sentinel,round_win = game_pnl > 0 (decisive only),COMPATIBILITY_ONLY_NOT_PRODUCTION,56048.8330,49696.4368,6641.1888,257,256,-0.11848933,-0.08402311,-0.12321726,-0.11848933,-6641.1888,56048.8330,OK,0.0000,265.6476,4.0000,96.0000,AG03-UNRESOLVED,ALL5_LEVELS_bet23_to_bet27,265.6476,265.6476,332.0594,332.0594,332.0594,4.000000,4.000000,5.000000,5.000000,5.000000,96.000000,96.000000,95.000000,95.000000,95.000000,5.0,1527.4734,1393.6083,5113.7154,5247.5805,PENDING_AG03,FALSE,NOT_FOR_ENFORCEMENT,6375.5412,47708.5794,6641.1888,6375.5412,265.6476,0.11848933,0.11374976,265.6476,6375.5412,0.11374976,265.6476,265.6476,332.0594,332.0594,332.0594,6375.5412,0.11374976,1527.4734,1393.6083,5113.7154,5247.5805,0.09123679,0.09362515,0.00473957,218.0888,194.1267,25.9421,174.7681,44.8729,1474.9693,6.7368,157.2346,230.3166,128.5777,257.1553,258.1778,388.3046,514.3107,767.8663,154.9067,0.0,2.0,2.986002,0.848082,27,96,50,4,0.12062849,0.11848933,0.08402311,0E-8,0.000000,0.886663,0.000000,0.03919416,2026-05-24,2026-08-05,38,148,140,74,0.513514,0.682689,0.720966,0.402095,,,,,,,,GLOBAL_BASELINE_NO_ENTITY_RANKING,,,NOT_APPLICABLE_GLOBAL_BASELINE,HF9g-P5,,,,X 全窗基线 · 不参与实体赏罚,14192915,1420,A168_HF9F_20260827_0900,2026-08-27 09:00:00
2026-05-31,150505951,1402,0,259.4572155052,259.4572155052,259.4572155052,1.0000000,1,1,0.49324550000000000,0.493245500000,1.01360149184955,1.01360149184955,1.01360149184955,0E-17,ELIGIBLE,R03b_20260811_FULL_v1,L1_ELIGIBILITY,v2026-08-11,2026-03-21..2026-08-06,baccarat_bet02_101_all_pairs_incl_sentinel,round_win = game_pnl > 0 (decisive only),COMPATIBILITY_ONLY_NOT_PRODUCTION,56048.8330,49696.4368,6641.1888,257,256,-0.11848933,-0.08402311,-0.12321726,-0.11848933,-6641.1888,56048.8330,OK,0.0000,265.6476,4.0000,96.0000,AG03-UNRESOLVED,ALL5_LEVELS_bet23_to_bet27,265.6476,265.6476,332.0594,332.0594,332.0594,4.000000,4.000000,5.000000,5.000000,5.000000,96.000000,96.000000,95.000000,95.000000,95.000000,5.0,1527.4734,1393.6083,5113.7154,5247.5805,PENDING_AG03,FALSE,NOT_FOR_ENFORCEMENT,6375.5412,47708.5794,6641.1888,6375.5412,265.6476,0.11848933,0.11374976,265.6476,6375.5412,0.11374976,265.6476,265.6476,332.0594,332.0594,332.0594,6375.5412,0.11374976,1527.4734,1393.6083,5113.7154,5247.5805,0.09123679,0.09362515,0.00473957,218.0888,194.1267,25.9421,174.7681,44.8729,1474.9693,6.7368,157.2346,230.3166,128.5777,257.1553,258.1778,388.3046,514.3107,767.8663,154.9067,0.0,2.0,2.986002,0.848082,27,96,50,4,0.12062849,0.11848933,0.08402311,0E-8,0.000000,0.886663,0.000000,0.03919416,2026-05-24,2026-08-05,38,148,140,74,0.513514,0.682689,0.720966,0.402095,,,,,,,,GLOBAL_BASELINE_NO_ENTITY_RANKING,,,NOT_APPLICABLE_GLOBAL_BASELINE,HF9g-P5,,,,X 全窗基线 · 不参与实体赏罚,14192916,1420,A168_HF9F_20260827_0900,2026-08-27 09:00:00
2026-05-31,150505951,2235,0,778.8905609464,-389.4452804732,-389.4452804732,0E-7,2,2,0.49324550000000000,0.493245500000,-0.9865810262130424,-0.9865810262130424,-0.9865810262130424,0E-17,ELIGIBLE,R03b_20260811_FULL_v1,L1_ELIGIBILITY,v2026-08-11,2026-03-21..2026-08-06,baccarat_bet02_101_all_pairs_incl_sentinel,round_win = game_pnl > 0 (decisive only),COMPATIBILITY_ONLY_NOT_PRODUCTION,56048.8330,49696.4368,6641.1888,257,256,-0.11848933,-0.08402311,-0.12321726,-0.11848933,-6641.1888,56048.8330,OK,0.0000,265.6476,4.0000,96.0000,AG03-UNRESOLVED,ALL5_LEVELS_bet23_to_bet27,265.6476,265.6476,332.0594,332.0594,332.0594,4.000000,4.000000,5.000000,5.000000,5.000000,96.000000,96.000000,95.000000,95.000000,95.000000,5.0,1527.4734,1393.6083,5113.7154,5247.5805,PENDING_AG03,FALSE,NOT_FOR_ENFORCEMENT,6375.5412,47708.5794,6641.1888,6375.5412,265.6476,0.11848933,0.11374976,265.6476,6375.5412,0.11374976,265.6476,265.6476,332.0594,332.0594,332.0594,6375.5412,0.11374976,1527.4734,1393.6083,5113.7154,5247.5805,0.09123679,0.09362515,0.00473957,218.0888,194.1267,25.9421,174.7681,44.8729,1474.9693,6.7368,157.2346,230.3166,128.5777,257.1553,258.1778,388.3046,514.3107,767.8663,154.9067,0.0,2.0,2.986002,0.848082,27,96,50,4,0.12062849,0.11848933,0.08402311,0E-8,0.000000,0.886663,0.000000,0.03919416,2026-05-24,2026-08-05,38,148,140,74,0.513514,0.682689,0.720966,0.402095,,,,,,,,GLOBAL_BASELINE_NO_ENTITY_RANKING,,,NOT_APPLICABLE_GLOBAL_BASELINE,HF9g-P5,,,,X 全窗基线 · 不参与实体赏罚,14192917,1420,A168_HF9F_20260827_0900,2026-08-27 09:00:00
2026-06-01,150505951,1985,0,887.1859490317,462.8796255818,462.8796255818,0.6666667,7,7,0.49707555714285714,0.497075557143,0.8308375778672678,0.8308375778665665,0.8308375778672678,-1.4286E-13,ELIGIBLE,R03b_20260811_FULL_v1,L1_ELIGIBILITY,v2026-08-11,2026-03-21..2026-08-06,baccarat_bet02_101_all_pairs_incl_sentinel,round_win = game_pnl > 0 (decisive only),COMPATIBILITY_ONLY_NOT_PRODUCTION,56048.8330,49696.4368,6641.1888,257,256,-0.11848933,-0.08402311,-0.12321726,-0.11848933,-6641.1888,56048.8330,OK,0.0000,265.6476,4.0000,96.0000,AG03-UNRESOLVED,ALL5_LEVELS_bet23_to_bet27,265.6476,265.6476,332.0594,332.0594,332.0594,4.000000,4.000000,5.000000,5.000000,5.000000,96.000000,96.000000,95.000000,95.000000,95.000000,5.0,1527.4734,1393.6083,5113.7154,5247.5805,PENDING_AG03,FALSE,NOT_FOR_ENFORCEMENT,6375.5412,47708.5794,6641.1888,6375.5412,265.6476,0.11848933,0.11374976,265.6476,6375.5412,0.11374976,265.6476,265.6476,332.0594,332.0594,332.0594,6375.5412,0.11374976,1527.4734,1393.6083,5113.7154,5247.5805,0.09123679,0.09362515,0.00473957,218.0888,194.1267,25.9421,174.7681,44.8729,1474.9693,6.7368,157.2346,230.3166,128.5777,257.1553,258.1778,388.3046,514.3107,767.8663,154.9067,0.0,2.0,2.986002,0.848082,27,96,50,4,0.12062849,0.11848933,0.08402311,0E-8,0.000000,0.886663,0.000000,0.03919416,2026-05-24,2026-08-05,38,148,140,74,0.513514,0.682689,0.720966,0.402095,,,,,,,,GLOBAL_BASELINE_NO_ENTITY_RANKING,,,NOT_APPLICABLE_GLOBAL_BASELINE,HF9g-P5,,,,X 全窗基线 · 不参与实体赏罚,14192918,1420,A168_HF9F_20260827_0900,2026-08-27 09:00:00
2026-06-01,150505951,2160,0,257.1553475455,-257.1553475455,-257.1553475455,0E-7,1,1,0.49324550000000000,0.493245500000,-0.9865810262130424,-0.9865810262130424,-0.9865810262130424,0E-17,ELIGIBLE,R03b_20260811_FULL_v1,L1_ELIGIBILITY,v2026-08-11,2026-03-21..2026-08-06,baccarat_bet02_101_all_pairs_incl_sentinel,round_win = game_pnl > 0 (decisive only),COMPATIBILITY_ONLY_NOT_PRODUCTION,56048.8330,49696.4368,6641.1888,257,256,-0.11848933,-0.08402311,-0.12321726,-0.11848933,-6641.1888,56048.8330,OK,0.0000,265.6476,4.0000,96.0000,AG03-UNRESOLVED,ALL5_LEVELS_bet23_to_bet27,265.6476,265.6476,332.0594,332.0594,332.0594,4.000000,4.000000,5.000000,5.000000,5.000000,96.000000,96.000000,95.000000,95.000000,95.000000,5.0,1527.4734,1393.6083,5113.7154,5247.5805,PENDING_AG03,FALSE,NOT_FOR_ENFORCEMENT,6375.5412,47708.5794,6641.1888,6375.5412,265.6476,0.11848933,0.11374976,265.6476,6375.5412,0.11374976,265.6476,265.6476,332.0594,332.0594,332.0594,6375.5412,0.11374976,1527.4734,1393.6083,5113.7154,5247.5805,0.09123679,0.09362515,0.00473957,218.0888,194.1267,25.9421,174.7681,44.8729,1474.9693,6.7368,157.2346,230.3166,128.5777,257.1553,258.1778,388.3046,514.3107,767.8663,154.9067,0.0,2.0,2.986002,0.848082,27,96,50,4,0.12062849,0.11848933,0.08402311,0E-8,0.000000,0.886663,0.000000,0.03919416,2026-05-24,2026-08-05,38,148,140,74,0.513514,0.682689,0.720966,0.402095,,,,,,,,GLOBAL_BASELINE_NO_ENTITY_RANKING,,,NOT_APPLICABLE_GLOBAL_BASELINE,HF9g-P5,,,,X 全窗基线 · 不参与实体赏罚,14192919,1420,A168_HF9F_20260827_0900,2026-08-27 09:00:00
2026-06-01,150505951,763,0,77.1466042636,77.1466042636,77.1466042636,1.0000000,1,1,0.49324550000000000,0.493245500000,1.01360149184955,1.01360149184955,1.01360149184955,0E-17,ELIGIBLE,R03b_20260811_FULL_v1,L1_ELIGIBILITY,v2026-08-11,2026-03-21..2026-08-06,baccarat_bet02_101_all_pairs_incl_sentinel,round_win = game_pnl > 0 (decisive only),COMPATIBILITY_ONLY_NOT_PRODUCTION,56048.8330,49696.4368,6641.1888,257,256,-0.11848933,-0.08402311,-0.12321726,-0.11848933,-6641.1888,56048.8330,OK,0.0000,265.6476,4.0000,96.0000,AG03-UNRESOLVED,ALL5_LEVELS_bet23_to_bet27,265.6476,265.6476,332.0594,332.0594,332.0594,4.000000,4.000000,5.000000,5.000000,5.000000,96.000000,96.000000,95.000000,95.000000,95.000000,5.0,1527.4734,1393.6083,5113.7154,5247.5805,PENDING_AG03,FALSE,NOT_FOR_ENFORCEMENT,6375.5412,47708.5794,6641.1888,6375.5412,265.6476,0.11848933,0.11374976,265.6476,6375.5412,0.11374976,265.6476,265.6476,332.0594,332.0594,332.0594,6375.5412,0.11374976,1527.4734,1393.6083,5113.7154,5247.5805,0.09123679,0.09362515,0.00473957,218.0888,194.1267,25.9421,174.7681,44.8729,1474.9693,6.7368,157.2346,230.3166,128.5777,257.1553,258.1778,388.3046,514.3107,767.8663,154.9067,0.0,2.0,2.986002,0.848082,27,96,50,4,0.12062849,0.11848933,0.08402311,0E-8,0.000000,0.886663,0.000000,0.03919416,2026-05-24,2026-08-05,38,148,140,74,0.513514,0.682689,0.720966,0.402095,,,,,,,,GLOBAL_BASELINE_NO_ENTITY_RANKING,,,NOT_APPLICABLE_GLOBAL_BASELINE,HF9g-P5,,,,X 全窗基线 · 不参与实体赏罚,14192920,1420,A168_HF9F_20260827_0900,2026-08-27 09:00:00
2026-06-02,150505951,1210,0,128.8348291203,-128.8348291203,-128.8348291203,0E-7,1,1,0.49324550000000000,0.493245500000,-0.9865810262130424,-0.9865810262130424,-0.9865810262130424,0E-17,ELIGIBLE,R03b_20260811_FULL_v1,L1_ELIGIBILITY,v2026-08-11,2026-03-21..2026-08-06,baccarat_bet02_101_all_pairs_incl_sentinel,round_win = game_pnl > 0 (decisive only),COMPATIBILITY_ONLY_NOT_PRODUCTION,56048.8330,49696.4368,6641.1888,257,256,-0.11848933,-0.08402311,-0.12321726,-0.11848933,-6641.1888,56048.8330,OK,0.0000,265.6476,4.0000,96.0000,AG03-UNRESOLVED,ALL5_LEVELS_bet23_to_bet27,265.6476,265.6476,332.0594,332.0594,332.0594,4.000000,4.000000,5.000000,5.000000,5.000000,96.000000,96.000000,95.000000,95.000000,95.000000,5.0,1527.4734,1393.6083,5113.7154,5247.5805,PENDING_AG03,FALSE,NOT_FOR_ENFORCEMENT,6375.5412,47708.5794,6641.1888,6375.5412,265.6476,0.11848933,0.11374976,265.6476,6375.5412,0.11374976,265.6476,265.6476,332.0594,332.0594,332.0594,6375.5412,0.11374976,1527.4734,1393.6083,5113.7154,5247.5805,0.09123679,0.09362515,0.00473957,218.0888,194.1267,25.9421,174.7681,44.8729,1474.9693,6.7368,157.2346,230.3166,128.5777,257.1553,258.1778,388.3046,514.3107,767.8663,154.9067,0.0,2.0,2.986002,0.848082,27,96,50,4,0.12062849,0.11848933,0.08402311,0E-8,0.000000,0.886663,0.000000,0.03919416,2026-05-24,2026-08-05,38,148,140,74,0.513514,0.682689,0.720966,0.402095,,,,,,,,GLOBAL_BASELINE_NO_ENTITY_RANKING,,,NOT_APPLICABLE_GLOBAL_BASELINE,HF9g-P5,,,,X 全窗基线 · 不参与实体赏罚,14192921,1420,A168_HF9F_20260827_0900,2026-08-27 09:00:00
2026-06-02,150505951,1714,0,771.4660426364,771.4660426364,771.4660426364,1.0000000,2,2,0.49324550000000000,0.493245500000,1.4334489766152358,1.4334489766152358,1.4334489766152358,0E-17,ELIGIBLE,R03b_20260811_FULL_v1,L1_ELIGIBILITY,v2026-08-11,2026-03-21..2026-08-06,baccarat_bet02_101_all_pairs_incl_sentinel,round_win = game_pnl > 0 (decisive only),COMPATIBILITY_ONLY_NOT_PRODUCTION,56048.8330,49696.4368,6641.1888,257,256,-0.11848933,-0.08402311,-0.12321726,-0.11848933,-6641.1888,56048.8330,OK,0.0000,265.6476,4.0000,96.0000,AG03-UNRESOLVED,ALL5_LEVELS_bet23_to_bet27,265.6476,265.6476,332.0594,332.0594,332.0594,4.000000,4.000000,5.000000,5.000000,5.000000,96.000000,96.000000,95.000000,95.000000,95.000000,5.0,1527.4734,1393.6083,5113.7154,5247.5805,PENDING_AG03,FALSE,NOT_FOR_ENFORCEMENT,6375.5412,47708.5794,6641.1888,6375.5412,265.6476,0.11848933,0.11374976,265.6476,6375.5412,0.11374976,265.6476,265.6476,332.0594,332.0594,332.0594,6375.5412,0.11374976,1527.4734,1393.6083,5113.7154,5247.5805,0.09123679,0.09362515,0.00473957,218.0888,194.1267,25.9421,174.7681,44.8729,1474.9693,6.7368,157.2346,230.3166,128.5777,257.1553,258.1778,388.3046,514.3107,767.8663,154.9067,0.0,2.0,2.986002,0.848082,27,96,50,4,0.12062849,0.11848933,0.08402311,0E-8,0.000000,0.886663,0.000000,0.03919416,2026-05-24,2026-08-05,38,148,140,74,0.513514,0.682689,0.720966,0.402095,,,,,,,,GLOBAL_BASELINE_NO_ENTITY_RANKING,,,NOT_APPLICABLE_GLOBAL_BASELINE,HF9g-P5,,,,X 全窗基线 · 不参与实体赏罚,14192922,1420,A168_HF9F_20260827_0900,2026-08-27 09:00:00
2026-06-02,150505951,1942,0,257.1553475455,-257.1553475455,-257.1553475455,0E-7,1,1,0.49324550000000000,0.493245500000,-0.9865810262130424,-0.9865810262130424,-0.9865810262130424,0E-17,ELIGIBLE,R03b_20260811_FULL_v1,L1_ELIGIBILITY,v2026-08-11,2026-03-21..2026-08-06,baccarat_bet02_101_all_pairs_incl_sentinel,round_win = game_pnl > 0 (decisive only),COMPATIBILITY_ONLY_NOT_PRODUCTION,56048.8330,49696.4368,6641.1888,257,256,-0.11848933,-0.08402311,-0.12321726,-0.11848933,-6641.1888,56048.8330,OK,0.0000,265.6476,4.0000,96.0000,AG03-UNRESOLVED,ALL5_LEVELS_bet23_to_bet27,265.6476,265.6476,332.0594,332.0594,332.0594,4.000000,4.000000,5.000000,5.000000,5.000000,96.000000,96.000000,95.000000,95.000000,95.000000,5.0,1527.4734,1393.6083,5113.7154,5247.5805,PENDING_AG03,FALSE,NOT_FOR_ENFORCEMENT,6375.5412,47708.5794,6641.1888,6375.5412,265.6476,0.11848933,0.11374976,265.6476,6375.5412,0.11374976,265.6476,265.6476,332.0594,332.0594,332.0594,6375.5412,0.11374976,1527.4734,1393.6083,5113.7154,5247.5805,0.09123679,0.09362515,0.00473957,218.0888,194.1267,25.9421,174.7681,44.8729,1474.9693,6.7368,157.2346,230.3166,128.5777,257.1553,258.1778,388.3046,514.3107,767.8663,154.9067,0.0,2.0,2.986002,0.848082,27,96,50,4,0.12062849,0.11848933,0.08402311,0E-8,0.000000,0.886663,0.000000,0.03919416,2026-05-24,2026-08-05,38,148,140,74,0.513514,0.682689,0.720966,0.402095,,,,,,,,GLOBAL_BASELINE_NO_ENTITY_RANKING,,,NOT_APPLICABLE_GLOBAL_BASELINE,HF9g-P5,,,,X 全窗基线 · 不参与实体赏罚,14192923,1420,A168_HF9F_20260827_0900,2026-08-27 09:00:00
2026-06-02,150505951,2222,0,514.3106950910,0E-10,0E-10,0.5000000,2,2,0.49324550000000000,0.493245500000,0.01910635448239258,0.01910635448239258,0.01910635448239258,0E-17,ELIGIBLE,R03b_20260811_FULL_v1,L1_ELIGIBILITY,v2026-08-11,2026-03-21..2026-08-06,baccarat_bet02_101_all_pairs_incl_sentinel,round_win = game_pnl > 0 (decisive only),COMPATIBILITY_ONLY_NOT_PRODUCTION,56048.8330,49696.4368,6641.1888,257,256,-0.11848933,-0.08402311,-0.12321726,-0.11848933,-6641.1888,56048.8330,OK,0.0000,265.6476,4.0000,96.0000,AG03-UNRESOLVED,ALL5_LEVELS_bet23_to_bet27,265.6476,265.6476,332.0594,332.0594,332.0594,4.000000,4.000000,5.000000,5.000000,5.000000,96.000000,96.000000,95.000000,95.000000,95.000000,5.0,1527.4734,1393.6083,5113.7154,5247.5805,PENDING_AG03,FALSE,NOT_FOR_ENFORCEMENT,6375.5412,47708.5794,6641.1888,6375.5412,265.6476,0.11848933,0.11374976,265.6476,6375.5412,0.11374976,265.6476,265.6476,332.0594,332.0594,332.0594,6375.5412,0.11374976,1527.4734,1393.6083,5113.7154,5247.5805,0.09123679,0.09362515,0.00473957,218.0888,194.1267,25.9421,174.7681,44.8729,1474.9693,6.7368,157.2346,230.3166,128.5777,257.1553,258.1778,388.3046,514.3107,767.8663,154.9067,0.0,2.0,2.986002,0.848082,27,96,50,4,0.12062849,0.11848933,0.08402311,0E-8,0.000000,0.886663,0.000000,0.03919416,2026-05-24,2026-08-05,38,148,140,74,0.513514,0.682689,0.720966,0.402095,,,,,,,,GLOBAL_BASELINE_NO_ENTITY_RANKING,,,NOT_APPLICABLE_GLOBAL_BASELINE,HF9g-P5,,,,X 全窗基线 · 不参与实体赏罚,14192924,1420,A168_HF9F_20260827_0900,2026-08-27 09:00:00
2026-06-02,150505951,462,0,514.3106950909,-514.3106950909,-514.3106950909,0E-7,1,1,0.49324550000000000,0.493245500000,-0.9865810262130424,-0.9865810262130424,-0.9865810262130424,0E-17,ELIGIBLE,R03b_20260811_FULL_v1,L1_ELIGIBILITY,v2026-08-11,2026-03-21..2026-08-06,baccarat_bet02_101_all_pairs_incl_sentinel,round_win = game_pnl > 0 (decisive only),COMPATIBILITY_ONLY_NOT_PRODUCTION,56048.8330,49696.4368,6641.1888,257,256,-0.11848933,-0.08402311,-0.12321726,-0.11848933,-6641.1888,56048.8330,OK,0.0000,265.6476,4.0000,96.0000,AG03-UNRESOLVED,ALL5_LEVELS_bet23_to_bet27,265.6476,265.6476,332.0594,332.0594,332.0594,4.000000,4.000000,5.000000,5.000000,5.000000,96.000000,96.000000,95.000000,95.000000,95.000000,5.0,1527.4734,1393.6083,5113.7154,5247.5805,PENDING_AG03,FALSE,NOT_FOR_ENFORCEMENT,6375.5412,47708.5794,6641.1888,6375.5412,265.6476,0.11848933,0.11374976,265.6476,6375.5412,0.11374976,265.6476,265.6476,332.0594,332.0594,332.0594,6375.5412,0.11374976,1527.4734,1393.6083,5113.7154,5247.5805,0.09123679,0.09362515,0.00473957,218.0888,194.1267,25.9421,174.7681,44.8729,1474.9693,6.7368,157.2346,230.3166,128.5777,257.1553,258.1778,388.3046,514.3107,767.8663,154.9067,0.0,2.0,2.986002,0.848082,27,96,50,4,0.12062849,0.11848933,0.08402311,0E-8,0.000000,0.886663,0.000000,0.03919416,2026-05-24,2026-08-05,38,148,140,74,0.513514,0.682689,0.720966,0.402095,,,,,,,,GLOBAL_BASELINE_NO_ENTITY_RANKING,,,NOT_APPLICABLE_GLOBAL_BASELINE,HF9g-P5,,,,X 全窗基线 · 不参与实体赏罚,14192925,1420,A168_HF9F_20260827_0900,2026-08-27 09:00:00
2026-06-04,150505951,1017,0,514.3106950909,-514.3106950909,-514.3106950909,0E-7,1,1,0.49324550000000000,0.493245500000,-0.9865810262130424,-0.9865810262130424,-0.9865810262130424,0E-17,ELIGIBLE,R03b_20260811_FULL_v1,L1_ELIGIBILITY,v2026-08-11,2026-03-21..2026-08-06,baccarat_bet02_101_all_pairs_incl_sentinel,round_win = game_pnl > 0 (decisive only),COMPATIBILITY_ONLY_NOT_PRODUCTION,56048.8330,49696.4368,6641.1888,257,256,-0.11848933,-0.08402311,-0.12321726,-0.11848933,-6641.1888,56048.8330,OK,0.0000,265.6476,4.0000,96.0000,AG03-UNRESOLVED,ALL5_LEVELS_bet23_to_bet27,265.6476,265.6476,332.0594,332.0594,332.0594,4.000000,4.000000,5.000000,5.000000,5.000000,96.000000,96.000000,95.000000,95.000000,95.000000,5.0,1527.4734,1393.6083,5113.7154,5247.5805,PENDING_AG03,FALSE,NOT_FOR_ENFORCEMENT,6375.5412,47708.5794,6641.1888,6375.5412,265.6476,0.11848933,0.11374976,265.6476,6375.5412,0.11374976,265.6476,265.6476,332.0594,332.0594,332.0594,6375.5412,0.11374976,1527.4734,1393.6083,5113.7154,5247.5805,0.09123679,0.09362515,0.00473957,218.0888,194.1267,25.9421,174.7681,44.8729,1474.9693,6.7368,157.2346,230.3166,128.5777,257.1553,258.1778,388.3046,514.3107,767.8663,154.9067,0.0,2.0,2.986002,0.848082,27,96,50,4,0.12062849,0.11848933,0.08402311,0E-8,0.000000,0.886663,0.000000,0.03919416,2026-05-24,2026-08-05,38,148,140,74,0.513514,0.682689,0.720966,0.402095,,,,,,,,GLOBAL_BASELINE_NO_ENTITY_RANKING,,,NOT_APPLICABLE_GLOBAL_BASELINE,HF9g-P5,,,,X 全窗基线 · 不参与实体赏罚,14192926,1420,A168_HF9F_20260827_0900,2026-08-27 09:00:00
2026-06-04,150505951,1990,0,1285.7767377273,-257.1553475454,-257.1553475454,0.5000000,3,3,0.49324550000000000,0.493245500000,0.01910635448239258,0.01910635448239258,0.01910635448239258,0E-17,ELIGIBLE,R03b_20260811_FULL_v1,L1_ELIGIBILITY,v2026-08-11,2026-03-21..2026-08-06,baccarat_bet02_101_all_pairs_incl_sentinel,round_win = game_pnl > 0 (decisive only),COMPATIBILITY_ONLY_NOT_PRODUCTION,56048.8330,49696.4368,6641.1888,257,256,-0.11848933,-0.08402311,-0.12321726,-0.11848933,-6641.1888,56048.8330,OK,0.0000,265.6476,4.0000,96.0000,AG03-UNRESOLVED,ALL5_LEVELS_bet23_to_bet27,265.6476,265.6476,332.0594,332.0594,332.0594,4.000000,4.000000,5.000000,5.000000,5.000000,96.000000,96.000000,95.000000,95.000000,95.000000,5.0,1527.4734,1393.6083,5113.7154,5247.5805,PENDING_AG03,FALSE,NOT_FOR_ENFORCEMENT,6375.5412,47708.5794,6641.1888,6375.5412,265.6476,0.11848933,0.11374976,265.6476,6375.5412,0.11374976,265.6476,265.6476,332.0594,332.0594,332.0594,6375.5412,0.11374976,1527.4734,1393.6083,5113.7154,5247.5805,0.09123679,0.09362515,0.00473957,218.0888,194.1267,25.9421,174.7681,44.8729,1474.9693,6.7368,157.2346,230.3166,128.5777,257.1553,258.1778,388.3046,514.3107,767.8663,154.9067,0.0,2.0,2.986002,0.848082,27,96,50,4,0.12062849,0.11848933,0.08402311,0E-8,0.000000,0.886663,0.000000,0.03919416,2026-05-24,2026-08-05,38,148,140,74,0.513514,0.682689,0.720966,0.402095,,,,,,,,GLOBAL_BASELINE_NO_ENTITY_RANKING,,,NOT_APPLICABLE_GLOBAL_BASELINE,HF9g-P5,,,,X 全窗基线 · 不参与实体赏罚,14192927,1420,A168_HF9F_20260827_0900,2026-08-27 09:00:00
2026-06-04,150505951,2239,0,206.2385887315,-206.2385887315,-206.2385887315,0E-7,1,1,0.49324550000000000,0.493245500000,-0.9865810262130424,-0.9865810262130424,-0.9865810262130424,0E-17,ELIGIBLE,R03b_20260811_FULL_v1,L1_ELIGIBILITY,v2026-08-11,2026-03-21..2026-08-06,baccarat_bet02_101_all_pairs_incl_sentinel,round_win = game_pnl > 0 (decisive only),COMPATIBILITY_ONLY_NOT_PRODUCTION,56048.8330,49696.4368,6641.1888,257,256,-0.11848933,-0.08402311,-0.12321726,-0.11848933,-6641.1888,56048.8330,OK,0.0000,265.6476,4.0000,96.0000,AG03-UNRESOLVED,ALL5_LEVELS_bet23_to_bet27,265.6476,265.6476,332.0594,332.0594,332.0594,4.000000,4.000000,5.000000,5.000000,5.000000,96.000000,96.000000,95.000000,95.000000,95.000000,5.0,1527.4734,1393.6083,5113.7154,5247.5805,PENDING_AG03,FALSE,NOT_FOR_ENFORCEMENT,6375.5412,47708.5794,6641.1888,6375.5412,265.6476,0.11848933,0.11374976,265.6476,6375.5412,0.11374976,265.6476,265.6476,332.0594,332.0594,332.0594,6375.5412,0.11374976,1527.4734,1393.6083,5113.7154,5247.5805,0.09123679,0.09362515,0.00473957,218.0888,194.1267,25.9421,174.7681,44.8729,1474.9693,6.7368,157.2346,230.3166,128.5777,257.1553,258.1778,388.3046,514.3107,767.8663,154.9067,0.0,2.0,2.986002,0.848082,27,96,50,4,0.12062849,0.11848933,0.08402311,0E-8,0.000000,0.886663,0.000000,0.03919416,2026-05-24,2026-08-05,38,148,140,74,0.513514,0.682689,0.720966,0.402095,,,,,,,,GLOBAL_BASELINE_NO_ENTITY_RANKING,,,NOT_APPLICABLE_GLOBAL_BASELINE,HF9g-P5,,,,X 全窗基线 · 不参与实体赏罚,14192928,1420,A168_HF9F_20260827_0900,2026-08-27 09:00:00
2026-06-05,150505951,1363,0,257.1553475455,257.1553475455,257.1553475455,1.0000000,1,1,0.49324550000000000,0.493245500000,1.01360149184955,1.01360149184955,1.01360149184955,0E-17,ELIGIBLE,R03b_20260811_FULL_v1,L1_ELIGIBILITY,v2026-08-11,2026-03-21..2026-08-06,baccarat_bet02_101_all_pairs_incl_sentinel,round_win = game_pnl > 0 (decisive only),COMPATIBILITY_ONLY_NOT_PRODUCTION,56048.8330,49696.4368,6641.1888,257,256,-0.11848933,-0.08402311,-0.12321726,-0.11848933,-6641.1888,56048.8330,OK,0.0000,265.6476,4.0000,96.0000,AG03-UNRESOLVED,ALL5_LEVELS_bet23_to_bet27,265.6476,265.6476,332.0594,332.0594,332.0594,4.000000,4.000000,5.000000,5.000000,5.000000,96.000000,96.000000,95.000000,95.000000,95.000000,5.0,1527.4734,1393.6083,5113.7154,5247.5805,PENDING_AG03,FALSE,NOT_FOR_ENFORCEMENT,6375.5412,47708.5794,6641.1888,6375.5412,265.6476,0.11848933,0.11374976,265.6476,6375.5412,0.11374976,265.6476,265.6476,332.0594,332.0594,332.0594,6375.5412,0.11374976,1527.4734,1393.6083,5113.7154,5247.5805,0.09123679,0.09362515,0.00473957,218.0888,194.1267,25.9421,174.7681,44.8729,1474.9693,6.7368,157.2346,230.3166,128.5777,257.1553,258.1778,388.3046,514.3107,767.8663,154.9067,0.0,2.0,2.986002,0.848082,27,96,50,4,0.12062849,0.11848933,0.08402311,0E-8,0.000000,0.886663,0.000000,0.03919416,2026-05-24,2026-08-05,38,148,140,74,0.513514,0.682689,0.720966,0.402095,,,,,,,,GLOBAL_BASELINE_NO_ENTITY_RANKING,,,NOT_APPLICABLE_GLOBAL_BASELINE,HF9g-P5,,,,X 全窗基线 · 不参与实体赏罚,14192929,1420,A168_HF9F_20260827_0900,2026-08-27 09:00:00
2026-06-05,150505951,1710,0,257.1553475455,-257.1553475455,-257.1553475455,0E-7,1,1,0.49324550000000000,0.493245500000,-0.9865810262130424,-0.9865810262130424,-0.9865810262130424,0E-17,ELIGIBLE,R03b_20260811_FULL_v1,L1_ELIGIBILITY,v2026-08-11,2026-03-21..2026-08-06,baccarat_bet02_101_all_pairs_incl_sentinel,round_win = game_pnl > 0 (decisive only),COMPATIBILITY_ONLY_NOT_PRODUCTION,56048.8330,49696.4368,6641.1888,257,256,-0.11848933,-0.08402311,-0.12321726,-0.11848933,-6641.1888,56048.8330,OK,0.0000,265.6476,4.0000,96.0000,AG03-UNRESOLVED,ALL5_LEVELS_bet23_to_bet27,265.6476,265.6476,332.0594,332.0594,332.0594,4.000000,4.000000,5.000000,5.000000,5.000000,96.000000,96.000000,95.000000,95.000000,95.000000,5.0,1527.4734,1393.6083,5113.7154,5247.5805,PENDING_AG03,FALSE,NOT_FOR_ENFORCEMENT,6375.5412,47708.5794,6641.1888,6375.5412,265.6476,0.11848933,0.11374976,265.6476,6375.5412,0.11374976,265.6476,265.6476,332.0594,332.0594,332.0594,6375.5412,0.11374976,1527.4734,1393.6083,5113.7154,5247.5805,0.09123679,0.09362515,0.00473957,218.0888,194.1267,25.9421,174.7681,44.8729,1474.9693,6.7368,157.2346,230.3166,128.5777,257.1553,258.1778,388.3046,514.3107,767.8663,154.9067,0.0,2.0,2.986002,0.848082,27,96,50,4,0.12062849,0.11848933,0.08402311,0E-8,0.000000,0.886663,0.000000,0.03919416,2026-05-24,2026-08-05,38,148,140,74,0.513514,0.682689,0.720966,0.402095,,,,,,,,GLOBAL_BASELINE_NO_ENTITY_RANKING,,,NOT_APPLICABLE_GLOBAL_BASELINE,HF9g-P5,,,,X 全窗基线 · 不参与实体赏罚,14192930,1420,A168_HF9F_20260827_0900,2026-08-27 09:00:00
2026-06-05,150505951,1957,0,128.5776737727,0E-10,0E-10,,1,1,0.49324550000000000,0.493245500000,,,,0E-17,NO_DECISIVE_ROUND,R03b_20260811_FULL_v1,L1_ELIGIBILITY,v2026-08-11,2026-03-21..2026-08-06,baccarat_bet02_101_all_pairs_incl_sentinel,round_win = game_pnl > 0 (decisive only),COMPATIBILITY_ONLY_NOT_PRODUCTION,56048.8330,49696.4368,6641.1888,257,256,-0.11848933,-0.08402311,-0.12321726,-0.11848933,-6641.1888,56048.8330,OK,0.0000,265.6476,4.0000,96.0000,AG03-UNRESOLVED,ALL5_LEVELS_bet23_to_bet27,265.6476,265.6476,332.0594,332.0594,332.0594,4.000000,4.000000,5.000000,5.000000,5.000000,96.000000,96.000000,95.000000,95.000000,95.000000,5.0,1527.4734,1393.6083,5113.7154,5247.5805,PENDING_AG03,FALSE,NOT_FOR_ENFORCEMENT,6375.5412,47708.5794,6641.1888,6375.5412,265.6476,0.11848933,0.11374976,265.6476,6375.5412,0.11374976,265.6476,265.6476,332.0594,332.0594,332.0594,6375.5412,0.11374976,1527.4734,1393.6083,5113.7154,5247.5805,0.09123679,0.09362515,0.00473957,218.0888,194.1267,25.9421,174.7681,44.8729,1474.9693,6.7368,157.2346,230.3166,128.5777,257.1553,258.1778,388.3046,514.3107,767.8663,154.9067,0.0,2.0,2.986002,0.848082,27,96,50,4,0.12062849,0.11848933,0.08402311,0E-8,0.000000,0.886663,0.000000,0.03919416,2026-05-24,2026-08-05,38,148,140,74,0.513514,0.682689,0.720966,0.402095,,,,,,,,GLOBAL_BASELINE_NO_ENTITY_RANKING,,,NOT_APPLICABLE_GLOBAL_BASELINE,HF9g-P5,,,,X 全窗基线 · 不参与实体赏罚,14192931,1420,A168_HF9F_20260827_0900,2026-08-27 09:00:00
2026-06-05,150505951,1966,0,385.7330213181,-128.5776737727,-128.5776737727,0.3333333,3,3,0.49324550000000000,0.493245500000,-0.5540025479526107,-0.5540025479526106,-0.5540025479526107,0E-17,ELIGIBLE,R03b_20260811_FULL_v1,L1_ELIGIBILITY,v2026-08-11,2026-03-21..2026-08-06,baccarat_bet02_101_all_pairs_incl_sentinel,round_win = game_pnl > 0 (decisive only),COMPATIBILITY_ONLY_NOT_PRODUCTION,56048.8330,49696.4368,6641.1888,257,256,-0.11848933,-0.08402311,-0.12321726,-0.11848933,-6641.1888,56048.8330,OK,0.0000,265.6476,4.0000,96.0000,AG03-UNRESOLVED,ALL5_LEVELS_bet23_to_bet27,265.6476,265.6476,332.0594,332.0594,332.0594,4.000000,4.000000,5.000000,5.000000,5.000000,96.000000,96.000000,95.000000,95.000000,95.000000,5.0,1527.4734,1393.6083,5113.7154,5247.5805,PENDING_AG03,FALSE,NOT_FOR_ENFORCEMENT,6375.5412,47708.5794,6641.1888,6375.5412,265.6476,0.11848933,0.11374976,265.6476,6375.5412,0.11374976,265.6476,265.6476,332.0594,332.0594,332.0594,6375.5412,0.11374976,1527.4734,1393.6083,5113.7154,5247.5805,0.09123679,0.09362515,0.00473957,218.0888,194.1267,25.9421,174.7681,44.8729,1474.9693,6.7368,157.2346,230.3166,128.5777,257.1553,258.1778,388.3046,514.3107,767.8663,154.9067,0.0,2.0,2.986002,0.848082,27,96,50,4,0.12062849,0.11848933,0.08402311,0E-8,0.000000,0.886663,0.000000,0.03919416,2026-05-24,2026-08-05,38,148,140,74,0.513514,0.682689,0.720966,0.402095,,,,,,,,GLOBAL_BASELINE_NO_ENTITY_RANKING,,,NOT_APPLICABLE_GLOBAL_BASELINE,HF9g-P5,,,,X 全窗基线 · 不参与实体赏罚,14192932,1420,A168_HF9F_20260827_0900,2026-08-27 09:00:00
2026-06-05,150505951,2129,0,257.1553475455,-257.1553475455,-257.1553475455,0E-7,1,1,0.49324550000000000,0.493245500000,-0.9865810262130424,-0.9865810262130424,-0.9865810262130424,0E-17,ELIGIBLE,R03b_20260811_FULL_v1,L1_ELIGIBILITY,v2026-08-11,2026-03-21..2026-08-06,baccarat_bet02_101_all_pairs_incl_sentinel,round_win = game_pnl > 0 (decisive only),COMPATIBILITY_ONLY_NOT_PRODUCTION,56048.8330,49696.4368,6641.1888,257,256,-0.11848933,-0.08402311,-0.12321726,-0.11848933,-6641.1888,56048.8330,OK,0.0000,265.6476,4.0000,96.0000,AG03-UNRESOLVED,ALL5_LEVELS_bet23_to_bet27,265.6476,265.6476,332.0594,332.0594,332.0594,4.000000,4.000000,5.000000,5.000000,5.000000,96.000000,96.000000,95.000000,95.000000,95.000000,5.0,1527.4734,1393.6083,5113.7154,5247.5805,PENDING_AG03,FALSE,NOT_FOR_ENFORCEMENT,6375.5412,47708.5794,6641.1888,6375.5412,265.6476,0.11848933,0.11374976,265.6476,6375.5412,0.11374976,265.6476,265.6476,332.0594,332.0594,332.0594,6375.5412,0.11374976,1527.4734,1393.6083,5113.7154,5247.5805,0.09123679,0.09362515,0.00473957,218.0888,194.1267,25.9421,174.7681,44.8729,1474.9693,6.7368,157.2346,230.3166,128.5777,257.1553,258.1778,388.3046,514.3107,767.8663,154.9067,0.0,2.0,2.986002,0.848082,27,96,50,4,0.12062849,0.11848933,0.08402311,0E-8,0.000000,0.886663,0.000000,0.03919416,2026-05-24,2026-08-05,38,148,140,74,0.513514,0.682689,0.720966,0.402095,,,,,,,,GLOBAL_BASELINE_NO_ENTITY_RANKING,,,NOT_APPLICABLE_GLOBAL_BASELINE,HF9g-P5,,,,X 全窗基线 · 不参与实体赏罚,14192933,1420,A168_HF9F_20260827_0900,2026-08-27 09:00:00
2026-06-05,150505951,2141,0,257.1553475455,-257.1553475455,-257.1553475455,0E-7,1,1,0.49324550000000000,0.493245500000,-0.9865810262130424,-0.9865810262130424,-0.9865810262130424,0E-17,ELIGIBLE,R03b_20260811_FULL_v1,L1_ELIGIBILITY,v2026-08-11,2026-03-21..2026-08-06,baccarat_bet02_101_all_pairs_incl_sentinel,round_win = game_pnl > 0 (decisive only),COMPATIBILITY_ONLY_NOT_PRODUCTION,56048.8330,49696.4368,6641.1888,257,256,-0.11848933,-0.08402311,-0.12321726,-0.11848933,-6641.1888,56048.8330,OK,0.0000,265.6476,4.0000,96.0000,AG03-UNRESOLVED,ALL5_LEVELS_bet23_to_bet27,265.6476,265.6476,332.0594,332.0594,332.0594,4.000000,4.000000,5.000000,5.000000,5.000000,96.000000,96.000000,95.000000,95.000000,95.000000,5.0,1527.4734,1393.6083,5113.7154,5247.5805,PENDING_AG03,FALSE,NOT_FOR_ENFORCEMENT,6375.5412,47708.5794,6641.1888,6375.5412,265.6476,0.11848933,0.11374976,265.6476,6375.5412,0.11374976,265.6476,265.6476,332.0594,332.0594,332.0594,6375.5412,0.11374976,1527.4734,1393.6083,5113.7154,5247.5805,0.09123679,0.09362515,0.00473957,218.0888,194.1267,25.9421,174.7681,44.8729,1474.9693,6.7368,157.2346,230.3166,128.5777,257.1553,258.1778,388.3046,514.3107,767.8663,154.9067,0.0,2.0,2.986002,0.848082,27,96,50,4,0.12062849,0.11848933,0.08402311,0E-8,0.000000,0.886663,0.000000,0.03919416,2026-05-24,2026-08-05,38,148,140,74,0.513514,0.682689,0.720966,0.402095,,,,,,,,GLOBAL_BASELINE_NO_ENTITY_RANKING,,,NOT_APPLICABLE_GLOBAL_BASELINE,HF9g-P5,,,,X 全窗基线 · 不参与实体赏罚,14192934,1420,A168_HF9F_20260827_0900,2026-08-27 09:00:00
2026-06-05,150505951,801,0,257.1553475454,257.1553475454,257.1553475454,1.0000000,2,2,0.49324550000000000,0.493245500000,1.4334489766152358,1.4334489766152358,1.4334489766152358,0E-17,ELIGIBLE,R03b_20260811_FULL_v1,L1_ELIGIBILITY,v2026-08-11,2026-03-21..2026-08-06,baccarat_bet02_101_all_pairs_incl_sentinel,round_win = game_pnl > 0 (decisive only),COMPATIBILITY_ONLY_NOT_PRODUCTION,56048.8330,49696.4368,6641.1888,257,256,-0.11848933,-0.08402311,-0.12321726,-0.11848933,-6641.1888,56048.8330,OK,0.0000,265.6476,4.0000,96.0000,AG03-UNRESOLVED,ALL5_LEVELS_bet23_to_bet27,265.6476,265.6476,332.0594,332.0594,332.0594,4.000000,4.000000,5.000000,5.000000,5.000000,96.000000,96.000000,95.000000,95.000000,95.000000,5.0,1527.4734,1393.6083,5113.7154,5247.5805,PENDING_AG03,FALSE,NOT_FOR_ENFORCEMENT,6375.5412,47708.5794,6641.1888,6375.5412,265.6476,0.11848933,0.11374976,265.6476,6375.5412,0.11374976,265.6476,265.6476,332.0594,332.0594,332.0594,6375.5412,0.11374976,1527.4734,1393.6083,5113.7154,5247.5805,0.09123679,0.09362515,0.00473957,218.0888,194.1267,25.9421,174.7681,44.8729,1474.9693,6.7368,157.2346,230.3166,128.5777,257.1553,258.1778,388.3046,514.3107,767.8663,154.9067,0.0,2.0,2.986002,0.848082,27,96,50,4,0.12062849,0.11848933,0.08402311,0E-8,0.000000,0.886663,0.000000,0.03919416,2026-05-24,2026-08-05,38,148,140,74,0.513514,0.682689,0.720966,0.402095,,,,,,,,GLOBAL_BASELINE_NO_ENTITY_RANKING,,,NOT_APPLICABLE_GLOBAL_BASELINE,HF9g-P5,,,,X 全窗基线 · 不参与实体赏罚,14192935,1420,A168_HF9F_20260827_0900,2026-08-27 09:00:00
2026-06-06,150505951,1400,0,514.3106950909,-514.3106950909,-514.3106950909,0E-7,3,2,0.44495020769233177,0.388605700000,-1.2662070652839246,-1.127480107748064,-1.2662070652839246,0.05634450769233177,ELIGIBLE,R03b_20260811_FULL_v1,L1_ELIGIBILITY,v2026-08-11,2026-03-21..2026-08-06,baccarat_bet02_101_all_pairs_incl_sentinel,round_win = game_pnl > 0 (decisive only),COMPATIBILITY_ONLY_NOT_PRODUCTION,56048.8330,49696.4368,6641.1888,257,256,-0.11848933,-0.08402311,-0.12321726,-0.11848933,-6641.1888,56048.8330,OK,0.0000,265.6476,4.0000,96.0000,AG03-UNRESOLVED,ALL5_LEVELS_bet23_to_bet27,265.6476,265.6476,332.0594,332.0594,332.0594,4.000000,4.000000,5.000000,5.000000,5.000000,96.000000,96.000000,95.000000,95.000000,95.000000,5.0,1527.4734,1393.6083,5113.7154,5247.5805,PENDING_AG03,FALSE,NOT_FOR_ENFORCEMENT,6375.5412,47708.5794,6641.1888,6375.5412,265.6476,0.11848933,0.11374976,265.6476,6375.5412,0.11374976,265.6476,265.6476,332.0594,332.0594,332.0594,6375.5412,0.11374976,1527.4734,1393.6083,5113.7154,5247.5805,0.09123679,0.09362515,0.00473957,218.0888,194.1267,25.9421,174.7681,44.8729,1474.9693,6.7368,157.2346,230.3166,128.5777,257.1553,258.1778,388.3046,514.3107,767.8663,154.9067,0.0,2.0,2.986002,0.848082,27,96,50,4,0.12062849,0.11848933,0.08402311,0E-8,0.000000,0.886663,0.000000,0.03919416,2026-05-24,2026-08-05,38,148,140,74,0.513514,0.682689,0.720966,0.402095,,,,,,,,GLOBAL_BASELINE_NO_ENTITY_RANKING,,,NOT_APPLICABLE_GLOBAL_BASELINE,HF9g-P5,,,,X 全窗基线 · 不参与实体赏罚,14192936,1420,A168_HF9F_20260827_0900,2026-08-27 09:00:00
2026-06-06,150505951,2248,0,257.1553475455,-257.1553475455,-257.1553475455,0E-7,1,1,0.49324550000000000,0.493245500000,-0.9865810262130424,-0.9865810262130424,-0.9865810262130424,0E-17,ELIGIBLE,R03b_20260811_FULL_v1,L1_ELIGIBILITY,v2026-08-11,2026-03-21..2026-08-06,baccarat_bet02_101_all_pairs_incl_sentinel,round_win = game_pnl > 0 (decisive only),COMPATIBILITY_ONLY_NOT_PRODUCTION,56048.8330,49696.4368,6641.1888,257,256,-0.11848933,-0.08402311,-0.12321726,-0.11848933,-6641.1888,56048.8330,OK,0.0000,265.6476,4.0000,96.0000,AG03-UNRESOLVED,ALL5_LEVELS_bet23_to_bet27,265.6476,265.6476,332.0594,332.0594,332.0594,4.000000,4.000000,5.000000,5.000000,5.000000,96.000000,96.000000,95.000000,95.000000,95.000000,5.0,1527.4734,1393.6083,5113.7154,5247.5805,PENDING_AG03,FALSE,NOT_FOR_ENFORCEMENT,6375.5412,47708.5794,6641.1888,6375.5412,265.6476,0.11848933,0.11374976,265.6476,6375.5412,0.11374976,265.6476,265.6476,332.0594,332.0594,332.0594,6375.5412,0.11374976,1527.4734,1393.6083,5113.7154,5247.5805,0.09123679,0.09362515,0.00473957,218.0888,194.1267,25.9421,174.7681,44.8729,1474.9693,6.7368,157.2346,230.3166,128.5777,257.1553,258.1778,388.3046,514.3107,767.8663,154.9067,0.0,2.0,2.986002,0.848082,27,96,50,4,0.12062849,0.11848933,0.08402311,0E-8,0.000000,0.886663,0.000000,0.03919416,2026-05-24,2026-08-05,38,148,140,74,0.513514,0.682689,0.720966,0.402095,,,,,,,,GLOBAL_BASELINE_NO_ENTITY_RANKING,,,NOT_APPLICABLE_GLOBAL_BASELINE,HF9g-P5,,,,X 全窗基线 · 不参与实体赏罚,14192937,1420,A168_HF9F_20260827_0900,2026-08-27 09:00:00
2026-06-06,150505951,2251,0,283.1280376476,180.2658986294,180.2658986294,0.6666667,3,3,0.49324550000000000,0.493245500000,0.6008033672792107,0.6008033672792106,0.6008033672792107,0E-17,ELIGIBLE,R03b_20260811_FULL_v1,L1_ELIGIBILITY,v2026-08-11,2026-03-21..2026-08-06,baccarat_bet02_101_all_pairs_incl_sentinel,round_win = game_pnl > 0 (decisive only),COMPATIBILITY_ONLY_NOT_PRODUCTION,56048.8330,49696.4368,6641.1888,257,256,-0.11848933,-0.08402311,-0.12321726,-0.11848933,-6641.1888,56048.8330,OK,0.0000,265.6476,4.0000,96.0000,AG03-UNRESOLVED,ALL5_LEVELS_bet23_to_bet27,265.6476,265.6476,332.0594,332.0594,332.0594,4.000000,4.000000,5.000000,5.000000,5.000000,96.000000,96.000000,95.000000,95.000000,95.000000,5.0,1527.4734,1393.6083,5113.7154,5247.5805,PENDING_AG03,FALSE,NOT_FOR_ENFORCEMENT,6375.5412,47708.5794,6641.1888,6375.5412,265.6476,0.11848933,0.11374976,265.6476,6375.5412,0.11374976,265.6476,265.6476,332.0594,332.0594,332.0594,6375.5412,0.11374976,1527.4734,1393.6083,5113.7154,5247.5805,0.09123679,0.09362515,0.00473957,218.0888,194.1267,25.9421,174.7681,44.8729,1474.9693,6.7368,157.2346,230.3166,128.5777,257.1553,258.1778,388.3046,514.3107,767.8663,154.9067,0.0,2.0,2.986002,0.848082,27,96,50,4,0.12062849,0.11848933,0.08402311,0E-8,0.000000,0.886663,0.000000,0.03919416,2026-05-24,2026-08-05,38,148,140,74,0.513514,0.682689,0.720966,0.402095,,,,,,,,GLOBAL_BASELINE_NO_ENTITY_RANKING,,,NOT_APPLICABLE_GLOBAL_BASELINE,HF9g-P5,,,,X 全窗基线 · 不参与实体赏罚,14192938,1420,A168_HF9F_20260827_0900,2026-08-27 09:00:00
2026-06-08,150505951,1004,0,257.1553475455,257.1553475455,257.1553475455,1.0000000,1,1,0.49324550000000000,0.493245500000,1.01360149184955,1.01360149184955,1.01360149184955,0E-17,ELIGIBLE,R03b_20260811_FULL_v1,L1_ELIGIBILITY,v2026-08-11,2026-03-21..2026-08-06,baccarat_bet02_101_all_pairs_incl_sentinel,round_win = game_pnl > 0 (decisive only),COMPATIBILITY_ONLY_NOT_PRODUCTION,56048.8330,49696.4368,6641.1888,257,256,-0.11848933,-0.08402311,-0.12321726,-0.11848933,-6641.1888,56048.8330,OK,0.0000,265.6476,4.0000,96.0000,AG03-UNRESOLVED,ALL5_LEVELS_bet23_to_bet27,265.6476,265.6476,332.0594,332.0594,332.0594,4.000000,4.000000,5.000000,5.000000,5.000000,96.000000,96.000000,95.000000,95.000000,95.000000,5.0,1527.4734,1393.6083,5113.7154,5247.5805,PENDING_AG03,FALSE,NOT_FOR_ENFORCEMENT,6375.5412,47708.5794,6641.1888,6375.5412,265.6476,0.11848933,0.11374976,265.6476,6375.5412,0.11374976,265.6476,265.6476,332.0594,332.0594,332.0594,6375.5412,0.11374976,1527.4734,1393.6083,5113.7154,5247.5805,0.09123679,0.09362515,0.00473957,218.0888,194.1267,25.9421,174.7681,44.8729,1474.9693,6.7368,157.2346,230.3166,128.5777,257.1553,258.1778,388.3046,514.3107,767.8663,154.9067,0.0,2.0,2.986002,0.848082,27,96,50,4,0.12062849,0.11848933,0.08402311,0E-8,0.000000,0.886663,0.000000,0.03919416,2026-05-24,2026-08-05,38,148,140,74,0.513514,0.682689,0.720966,0.402095,,,,,,,,GLOBAL_BASELINE_NO_ENTITY_RANKING,,,NOT_APPLICABLE_GLOBAL_BASELINE,HF9g-P5,,,,X 全窗基线 · 不参与实体赏罚,14192939,1420,A168_HF9F_20260827_0900,2026-08-27 09:00:00
2026-06-08,150505951,2188,0,385.7330213182,385.7330213182,385.7330213182,1.0000000,2,2,0.49324550000000000,0.493245500000,1.4334489766152358,1.4334489766152358,1.4334489766152358,0E-17,ELIGIBLE,R03b_20260811_FULL_v1,L1_ELIGIBILITY,v2026-08-11,2026-03-21..2026-08-06,baccarat_bet02_101_all_pairs_incl_sentinel,round_win = game_pnl > 0 (decisive only),COMPATIBILITY_ONLY_NOT_PRODUCTION,56048.8330,49696.4368,6641.1888,257,256,-0.11848933,-0.08402311,-0.12321726,-0.11848933,-6641.1888,56048.8330,OK,0.0000,265.6476,4.0000,96.0000,AG03-UNRESOLVED,ALL5_LEVELS_bet23_to_bet27,265.6476,265.6476,332.0594,332.0594,332.0594,4.000000,4.000000,5.000000,5.000000,5.000000,96.000000,96.000000,95.000000,95.000000,95.000000,5.0,1527.4734,1393.6083,5113.7154,5247.5805,PENDING_AG03,FALSE,NOT_FOR_ENFORCEMENT,6375.5412,47708.5794,6641.1888,6375.5412,265.6476,0.11848933,0.11374976,265.6476,6375.5412,0.11374976,265.6476,265.6476,332.0594,332.0594,332.0594,6375.5412,0.11374976,1527.4734,1393.6083,5113.7154,5247.5805,0.09123679,0.09362515,0.00473957,218.0888,194.1267,25.9421,174.7681,44.8729,1474.9693,6.7368,157.2346,230.3166,128.5777,257.1553,258.1778,388.3046,514.3107,767.8663,154.9067,0.0,2.0,2.986002,0.848082,27,96,50,4,0.12062849,0.11848933,0.08402311,0E-8,0.000000,0.886663,0.000000,0.03919416,2026-05-24,2026-08-05,38,148,140,74,0.513514,0.682689,0.720966,0.402095,,,,,,,,GLOBAL_BASELINE_NO_ENTITY_RANKING,,,NOT_APPLICABLE_GLOBAL_BASELINE,HF9g-P5,,,,X 全窗基线 · 不参与实体赏罚,14192940,1420,A168_HF9F_20260827_0900,2026-08-27 09:00:00
2026-06-08,150505951,2223,0,128.5776737727,-128.5776737727,-128.5776737727,0E-7,1,1,0.49324550000000000,0.493245500000,-0.9865810262130424,-0.9865810262130424,-0.9865810262130424,0E-17,ELIGIBLE,R03b_20260811_FULL_v1,L1_ELIGIBILITY,v2026-08-11,2026-03-21..2026-08-06,baccarat_bet02_101_all_pairs_incl_sentinel,round_win = game_pnl > 0 (decisive only),COMPATIBILITY_ONLY_NOT_PRODUCTION,56048.8330,49696.4368,6641.1888,257,256,-0.11848933,-0.08402311,-0.12321726,-0.11848933,-6641.1888,56048.8330,OK,0.0000,265.6476,4.0000,96.0000,AG03-UNRESOLVED,ALL5_LEVELS_bet23_to_bet27,265.6476,265.6476,332.0594,332.0594,332.0594,4.000000,4.000000,5.000000,5.000000,5.000000,96.000000,96.000000,95.000000,95.000000,95.000000,5.0,1527.4734,1393.6083,5113.7154,5247.5805,PENDING_AG03,FALSE,NOT_FOR_ENFORCEMENT,6375.5412,47708.5794,6641.1888,6375.5412,265.6476,0.11848933,0.11374976,265.6476,6375.5412,0.11374976,265.6476,265.6476,332.0594,332.0594,332.0594,6375.5412,0.11374976,1527.4734,1393.6083,5113.7154,5247.5805,0.09123679,0.09362515,0.00473957,218.0888,194.1267,25.9421,174.7681,44.8729,1474.9693,6.7368,157.2346,230.3166,128.5777,257.1553,258.1778,388.3046,514.3107,767.8663,154.9067,0.0,2.0,2.986002,0.848082,27,96,50,4,0.12062849,0.11848933,0.08402311,0E-8,0.000000,0.886663,0.000000,0.03919416,2026-05-24,2026-08-05,38,148,140,74,0.513514,0.682689,0.720966,0.402095,,,,,,,,GLOBAL_BASELINE_NO_ENTITY_RANKING,,,NOT_APPLICABLE_GLOBAL_BASELINE,HF9g-P5,,,,X 全窗基线 · 不参与实体赏罚,14192941,1420,A168_HF9F_20260827_0900,2026-08-27 09:00:00
2026-06-08,150505951,2271,0,514.3106950910,257.1553475455,257.1553475455,1.0000000,2,2,0.49324550000000000,0.493245500000,1.01360149184955,1.01360149184955,1.01360149184955,0E-17,ELIGIBLE,R03b_20260811_FULL_v1,L1_ELIGIBILITY,v2026-08-11,2026-03-21..2026-08-06,baccarat_bet02_101_all_pairs_incl_sentinel,round_win = game_pnl > 0 (decisive only),COMPATIBILITY_ONLY_NOT_PRODUCTION,56048.8330,49696.4368,6641.1888,257,256,-0.11848933,-0.08402311,-0.12321726,-0.11848933,-6641.1888,56048.8330,OK,0.0000,265.6476,4.0000,96.0000,AG03-UNRESOLVED,ALL5_LEVELS_bet23_to_bet27,265.6476,265.6476,332.0594,332.0594,332.0594,4.000000,4.000000,5.000000,5.000000,5.000000,96.000000,96.000000,95.000000,95.000000,95.000000,5.0,1527.4734,1393.6083,5113.7154,5247.5805,PENDING_AG03,FALSE,NOT_FOR_ENFORCEMENT,6375.5412,47708.5794,6641.1888,6375.5412,265.6476,0.11848933,0.11374976,265.6476,6375.5412,0.11374976,265.6476,265.6476,332.0594,332.0594,332.0594,6375.5412,0.11374976,1527.4734,1393.6083,5113.7154,5247.5805,0.09123679,0.09362515,0.00473957,218.0888,194.1267,25.9421,174.7681,44.8729,1474.9693,6.7368,157.2346,230.3166,128.5777,257.1553,258.1778,388.3046,514.3107,767.8663,154.9067,0.0,2.0,2.986002,0.848082,27,96,50,4,0.12062849,0.11848933,0.08402311,0E-8,0.000000,0.886663,0.000000,0.03919416,2026-05-24,2026-08-05,38,148,140,74,0.513514,0.682689,0.720966,0.402095,,,,,,,,GLOBAL_BASELINE_NO_ENTITY_RANKING,,,NOT_APPLICABLE_GLOBAL_BASELINE,HF9g-P5,,,,X 全窗基线 · 不参与实体赏罚,14192942,1420,A168_HF9F_20260827_0900,2026-08-27 09:00:00
2026-06-08,150505951,970,0,257.1553475455,-257.1553475455,-257.1553475455,0E-7,1,1,0.49324550000000000,0.493245500000,-0.9865810262130424,-0.9865810262130424,-0.9865810262130424,0E-17,ELIGIBLE,R03b_20260811_FULL_v1,L1_ELIGIBILITY,v2026-08-11,2026-03-21..2026-08-06,baccarat_bet02_101_all_pairs_incl_sentinel,round_win = game_pnl > 0 (decisive only),COMPATIBILITY_ONLY_NOT_PRODUCTION,56048.8330,49696.4368,6641.1888,257,256,-0.11848933,-0.08402311,-0.12321726,-0.11848933,-6641.1888,56048.8330,OK,0.0000,265.6476,4.0000,96.0000,AG03-UNRESOLVED,ALL5_LEVELS_bet23_to_bet27,265.6476,265.6476,332.0594,332.0594,332.0594,4.000000,4.000000,5.000000,5.000000,5.000000,96.000000,96.000000,95.000000,95.000000,95.000000,5.0,1527.4734,1393.6083,5113.7154,5247.5805,PENDING_AG03,FALSE,NOT_FOR_ENFORCEMENT,6375.5412,47708.5794,6641.1888,6375.5412,265.6476,0.11848933,0.11374976,265.6476,6375.5412,0.11374976,265.6476,265.6476,332.0594,332.0594,332.0594,6375.5412,0.11374976,1527.4734,1393.6083,5113.7154,5247.5805,0.09123679,0.09362515,0.00473957,218.0888,194.1267,25.9421,174.7681,44.8729,1474.9693,6.7368,157.2346,230.3166,128.5777,257.1553,258.1778,388.3046,514.3107,767.8663,154.9067,0.0,2.0,2.986002,0.848082,27,96,50,4,0.12062849,0.11848933,0.08402311,0E-8,0.000000,0.886663,0.000000,0.03919416,2026-05-24,2026-08-05,38,148,140,74,0.513514,0.682689,0.720966,0.402095,,,,,,,,GLOBAL_BASELINE_NO_ENTITY_RANKING,,,NOT_APPLICABLE_GLOBAL_BASELINE,HF9g-P5,,,,X 全窗基线 · 不参与实体赏罚,14192943,1420,A168_HF9F_20260827_0900,2026-08-27 09:00:00
2026-06-09,150505951,-1,1,1182.9145987093,102.8621390182,102.8621390182,0.2857143,8,8,0.49324550000000000,0.493245500000,-1.0982521808510124,-1.0982521808510126,-1.0982521808510124,0E-17,SENTINEL_DEALER,R03b_20260811_FULL_v1,L1_ELIGIBILITY,v2026-08-11,2026-03-21..2026-08-06,baccarat_bet02_101_all_pairs_incl_sentinel,round_win = game_pnl > 0 (decisive only),COMPATIBILITY_ONLY_NOT_PRODUCTION,56048.8330,49696.4368,6641.1888,257,256,-0.11848933,-0.08402311,-0.12321726,-0.11848933,-6641.1888,56048.8330,OK,0.0000,265.6476,4.0000,96.0000,AG03-UNRESOLVED,ALL5_LEVELS_bet23_to_bet27,265.6476,265.6476,332.0594,332.0594,332.0594,4.000000,4.000000,5.000000,5.000000,5.000000,96.000000,96.000000,95.000000,95.000000,95.000000,5.0,1527.4734,1393.6083,5113.7154,5247.5805,PENDING_AG03,FALSE,NOT_FOR_ENFORCEMENT,6375.5412,47708.5794,6641.1888,6375.5412,265.6476,0.11848933,0.11374976,265.6476,6375.5412,0.11374976,265.6476,265.6476,332.0594,332.0594,332.0594,6375.5412,0.11374976,1527.4734,1393.6083,5113.7154,5247.5805,0.09123679,0.09362515,0.00473957,218.0888,194.1267,25.9421,174.7681,44.8729,1474.9693,6.7368,157.2346,230.3166,128.5777,257.1553,258.1778,388.3046,514.3107,767.8663,154.9067,0.0,2.0,2.986002,0.848082,27,96,50,4,0.12062849,0.11848933,0.08402311,0E-8,0.000000,0.886663,0.000000,0.03919416,2026-05-24,2026-08-05,38,148,140,74,0.513514,0.682689,0.720966,0.402095,,,,,,,,GLOBAL_BASELINE_NO_ENTITY_RANKING,,,NOT_APPLICABLE_GLOBAL_BASELINE,HF9g-P5,,,,X 全窗基线 · 不参与实体赏罚,14192944,1420,A168_HF9F_20260827_0900,2026-08-27 09:00:00
2026-06-09,150505951,2107,0,128.5776737727,128.5776737727,128.5776737727,1.0000000,2,2,0.49324550000000000,0.493245500000,1.4334489766152358,1.4334489766152358,1.4334489766152358,0E-17,ELIGIBLE,R03b_20260811_FULL_v1,L1_ELIGIBILITY,v2026-08-11,2026-03-21..2026-08-06,baccarat_bet02_101_all_pairs_incl_sentinel,round_win = game_pnl > 0 (decisive only),COMPATIBILITY_ONLY_NOT_PRODUCTION,56048.8330,49696.4368,6641.1888,257,256,-0.11848933,-0.08402311,-0.12321726,-0.11848933,-6641.1888,56048.8330,OK,0.0000,265.6476,4.0000,96.0000,AG03-UNRESOLVED,ALL5_LEVELS_bet23_to_bet27,265.6476,265.6476,332.0594,332.0594,332.0594,4.000000,4.000000,5.000000,5.000000,5.000000,96.000000,96.000000,95.000000,95.000000,95.000000,5.0,1527.4734,1393.6083,5113.7154,5247.5805,PENDING_AG03,FALSE,NOT_FOR_ENFORCEMENT,6375.5412,47708.5794,6641.1888,6375.5412,265.6476,0.11848933,0.11374976,265.6476,6375.5412,0.11374976,265.6476,265.6476,332.0594,332.0594,332.0594,6375.5412,0.11374976,1527.4734,1393.6083,5113.7154,5247.5805,0.09123679,0.09362515,0.00473957,218.0888,194.1267,25.9421,174.7681,44.8729,1474.9693,6.7368,157.2346,230.3166,128.5777,257.1553,258.1778,388.3046,514.3107,767.8663,154.9067,0.0,2.0,2.986002,0.848082,27,96,50,4,0.12062849,0.11848933,0.08402311,0E-8,0.000000,0.886663,0.000000,0.03919416,2026-05-24,2026-08-05,38,148,140,74,0.513514,0.682689,0.720966,0.402095,,,,,,,,GLOBAL_BASELINE_NO_ENTITY_RANKING,,,NOT_APPLICABLE_GLOBAL_BASELINE,HF9g-P5,,,,X 全窗基线 · 不参与实体赏罚,14192945,1420,A168_HF9F_20260827_0900,2026-08-27 09:00:00
2026-06-09,150505951,2250,0,514.3106950910,257.1553475455,257.1553475455,1.0000000,2,2,0.49324550000000000,0.493245500000,1.01360149184955,1.01360149184955,1.01360149184955,0E-17,ELIGIBLE,R03b_20260811_FULL_v1,L1_ELIGIBILITY,v2026-08-11,2026-03-21..2026-08-06,baccarat_bet02_101_all_pairs_incl_sentinel,round_win = game_pnl > 0 (decisive only),COMPATIBILITY_ONLY_NOT_PRODUCTION,56048.8330,49696.4368,6641.1888,257,256,-0.11848933,-0.08402311,-0.12321726,-0.11848933,-6641.1888,56048.8330,OK,0.0000,265.6476,4.0000,96.0000,AG03-UNRESOLVED,ALL5_LEVELS_bet23_to_bet27,265.6476,265.6476,332.0594,332.0594,332.0594,4.000000,4.000000,5.000000,5.000000,5.000000,96.000000,96.000000,95.000000,95.000000,95.000000,5.0,1527.4734,1393.6083,5113.7154,5247.5805,PENDING_AG03,FALSE,NOT_FOR_ENFORCEMENT,6375.5412,47708.5794,6641.1888,6375.5412,265.6476,0.11848933,0.11374976,265.6476,6375.5412,0.11374976,265.6476,265.6476,332.0594,332.0594,332.0594,6375.5412,0.11374976,1527.4734,1393.6083,5113.7154,5247.5805,0.09123679,0.09362515,0.00473957,218.0888,194.1267,25.9421,174.7681,44.8729,1474.9693,6.7368,157.2346,230.3166,128.5777,257.1553,258.1778,388.3046,514.3107,767.8663,154.9067,0.0,2.0,2.986002,0.848082,27,96,50,4,0.12062849,0.11848933,0.08402311,0E-8,0.000000,0.886663,0.000000,0.03919416,2026-05-24,2026-08-05,38,148,140,74,0.513514,0.682689,0.720966,0.402095,,,,,,,,GLOBAL_BASELINE_NO_ENTITY_RANKING,,,NOT_APPLICABLE_GLOBAL_BASELINE,HF9g-P5,,,,X 全窗基线 · 不参与实体赏罚,14192946,1420,A168_HF9F_20260827_0900,2026-08-27 09:00:00
2026-06-09,150505951,2272,0,128.8348291203,-128.8348291203,-128.8348291203,0E-7,1,1,0.49324550000000000,0.493245500000,-0.9865810262130424,-0.9865810262130424,-0.9865810262130424,0E-17,ELIGIBLE,R03b_20260811_FULL_v1,L1_ELIGIBILITY,v2026-08-11,2026-03-21..2026-08-06,baccarat_bet02_101_all_pairs_incl_sentinel,round_win = game_pnl > 0 (decisive only),COMPATIBILITY_ONLY_NOT_PRODUCTION,56048.8330,49696.4368,6641.1888,257,256,-0.11848933,-0.08402311,-0.12321726,-0.11848933,-6641.1888,56048.8330,OK,0.0000,265.6476,4.0000,96.0000,AG03-UNRESOLVED,ALL5_LEVELS_bet23_to_bet27,265.6476,265.6476,332.0594,332.0594,332.0594,4.000000,4.000000,5.000000,5.000000,5.000000,96.000000,96.000000,95.000000,95.000000,95.000000,5.0,1527.4734,1393.6083,5113.7154,5247.5805,PENDING_AG03,FALSE,NOT_FOR_ENFORCEMENT,6375.5412,47708.5794,6641.1888,6375.5412,265.6476,0.11848933,0.11374976,265.6476,6375.5412,0.11374976,265.6476,265.6476,332.0594,332.0594,332.0594,6375.5412,0.11374976,1527.4734,1393.6083,5113.7154,5247.5805,0.09123679,0.09362515,0.00473957,218.0888,194.1267,25.9421,174.7681,44.8729,1474.9693,6.7368,157.2346,230.3166,128.5777,257.1553,258.1778,388.3046,514.3107,767.8663,154.9067,0.0,2.0,2.986002,0.848082,27,96,50,4,0.12062849,0.11848933,0.08402311,0E-8,0.000000,0.886663,0.000000,0.03919416,2026-05-24,2026-08-05,38,148,140,74,0.513514,0.682689,0.720966,0.402095,,,,,,,,GLOBAL_BASELINE_NO_ENTITY_RANKING,,,NOT_APPLICABLE_GLOBAL_BASELINE,HF9g-P5,,,,X 全窗基线 · 不参与实体赏罚,14192947,1420,A168_HF9F_20260827_0900,2026-08-27 09:00:00
2026-06-13,150505951,-1,1,360.0174865637,360.0174865637,360.0174865637,1.0000000,2,2,0.49324550000000000,0.493245500000,1.4334489766152358,1.4334489766152358,1.4334489766152358,0E-17,SENTINEL_DEALER,R03b_20260811_FULL_v1,L1_ELIGIBILITY,v2026-08-11,2026-03-21..2026-08-06,baccarat_bet02_101_all_pairs_incl_sentinel,round_win = game_pnl > 0 (decisive only),COMPATIBILITY_ONLY_NOT_PRODUCTION,56048.8330,49696.4368,6641.1888,257,256,-0.11848933,-0.08402311,-0.12321726,-0.11848933,-6641.1888,56048.8330,OK,0.0000,265.6476,4.0000,96.0000,AG03-UNRESOLVED,ALL5_LEVELS_bet23_to_bet27,265.6476,265.6476,332.0594,332.0594,332.0594,4.000000,4.000000,5.000000,5.000000,5.000000,96.000000,96.000000,95.000000,95.000000,95.000000,5.0,1527.4734,1393.6083,5113.7154,5247.5805,PENDING_AG03,FALSE,NOT_FOR_ENFORCEMENT,6375.5412,47708.5794,6641.1888,6375.5412,265.6476,0.11848933,0.11374976,265.6476,6375.5412,0.11374976,265.6476,265.6476,332.0594,332.0594,332.0594,6375.5412,0.11374976,1527.4734,1393.6083,5113.7154,5247.5805,0.09123679,0.09362515,0.00473957,218.0888,194.1267,25.9421,174.7681,44.8729,1474.9693,6.7368,157.2346,230.3166,128.5777,257.1553,258.1778,388.3046,514.3107,767.8663,154.9067,0.0,2.0,2.986002,0.848082,27,96,50,4,0.12062849,0.11848933,0.08402311,0E-8,0.000000,0.886663,0.000000,0.03919416,2026-05-24,2026-08-05,38,148,140,74,0.513514,0.682689,0.720966,0.402095,,,,,,,,GLOBAL_BASELINE_NO_ENTITY_RANKING,,,NOT_APPLICABLE_GLOBAL_BASELINE,HF9g-P5,,,,X 全窗基线 · 不参与实体赏罚,14192948,1420,A168_HF9F_20260827_0900,2026-08-27 09:00:00
2026-06-13,150505951,2122,0,257.1553475454,97.7190320673,97.7190320673,0.6666667,3,3,0.49771390000000000,0.497713900000,0.5852756695216578,0.5852756695216578,0.5852756695216578,0E-17,ELIGIBLE,R03b_20260811_FULL_v1,L1_ELIGIBILITY,v2026-08-11,2026-03-21..2026-08-06,baccarat_bet02_101_all_pairs_incl_sentinel,round_win = game_pnl > 0 (decisive only),COMPATIBILITY_ONLY_NOT_PRODUCTION,56048.8330,49696.4368,6641.1888,257,256,-0.11848933,-0.08402311,-0.12321726,-0.11848933,-6641.1888,56048.8330,OK,0.0000,265.6476,4.0000,96.0000,AG03-UNRESOLVED,ALL5_LEVELS_bet23_to_bet27,265.6476,265.6476,332.0594,332.0594,332.0594,4.000000,4.000000,5.000000,5.000000,5.000000,96.000000,96.000000,95.000000,95.000000,95.000000,5.0,1527.4734,1393.6083,5113.7154,5247.5805,PENDING_AG03,FALSE,NOT_FOR_ENFORCEMENT,6375.5412,47708.5794,6641.1888,6375.5412,265.6476,0.11848933,0.11374976,265.6476,6375.5412,0.11374976,265.6476,265.6476,332.0594,332.0594,332.0594,6375.5412,0.11374976,1527.4734,1393.6083,5113.7154,5247.5805,0.09123679,0.09362515,0.00473957,218.0888,194.1267,25.9421,174.7681,44.8729,1474.9693,6.7368,157.2346,230.3166,128.5777,257.1553,258.1778,388.3046,514.3107,767.8663,154.9067,0.0,2.0,2.986002,0.848082,27,96,50,4,0.12062849,0.11848933,0.08402311,0E-8,0.000000,0.886663,0.000000,0.03919416,2026-05-24,2026-08-05,38,148,140,74,0.513514,0.682689,0.720966,0.402095,,,,,,,,GLOBAL_BASELINE_NO_ENTITY_RANKING,,,NOT_APPLICABLE_GLOBAL_BASELINE,HF9g-P5,,,,X 全窗基线 · 不参与实体赏罚,14192949,1420,A168_HF9F_20260827_0900,2026-08-27 09:00:00
2026-06-14,150505951,1304,0,385.7330213182,-128.5776737728,-128.5776737728,0.5000000,2,2,0.49324550000000000,0.493245500000,0.01910635448239258,0.01910635448239258,0.01910635448239258,0E-17,ELIGIBLE,R03b_20260811_FULL_v1,L1_ELIGIBILITY,v2026-08-11,2026-03-21..2026-08-06,baccarat_bet02_101_all_pairs_incl_sentinel,round_win = game_pnl > 0 (decisive only),COMPATIBILITY_ONLY_NOT_PRODUCTION,56048.8330,49696.4368,6641.1888,257,256,-0.11848933,-0.08402311,-0.12321726,-0.11848933,-6641.1888,56048.8330,OK,0.0000,265.6476,4.0000,96.0000,AG03-UNRESOLVED,ALL5_LEVELS_bet23_to_bet27,265.6476,265.6476,332.0594,332.0594,332.0594,4.000000,4.000000,5.000000,5.000000,5.000000,96.000000,96.000000,95.000000,95.000000,95.000000,5.0,1527.4734,1393.6083,5113.7154,5247.5805,PENDING_AG03,FALSE,NOT_FOR_ENFORCEMENT,6375.5412,47708.5794,6641.1888,6375.5412,265.6476,0.11848933,0.11374976,265.6476,6375.5412,0.11374976,265.6476,265.6476,332.0594,332.0594,332.0594,6375.5412,0.11374976,1527.4734,1393.6083,5113.7154,5247.5805,0.09123679,0.09362515,0.00473957,218.0888,194.1267,25.9421,174.7681,44.8729,1474.9693,6.7368,157.2346,230.3166,128.5777,257.1553,258.1778,388.3046,514.3107,767.8663,154.9067,0.0,2.0,2.986002,0.848082,27,96,50,4,0.12062849,0.11848933,0.08402311,0E-8,0.000000,0.886663,0.000000,0.03919416,2026-05-24,2026-08-05,38,148,140,74,0.513514,0.682689,0.720966,0.402095,,,,,,,,GLOBAL_BASELINE_NO_ENTITY_RANKING,,,NOT_APPLICABLE_GLOBAL_BASELINE,HF9g-P5,,,,X 全窗基线 · 不参与实体赏罚,14192950,1420,A168_HF9F_20260827_0900,2026-08-27 09:00:00
2026-06-14,150505951,1990,0,258.4411242832,-128.5776737727,-128.5776737727,0E-7,2,2,0.49324550000000000,0.493245500000,-0.9865810262130424,-0.9865810262130424,-0.9865810262130424,0E-17,ELIGIBLE,R03b_20260811_FULL_v1,L1_ELIGIBILITY,v2026-08-11,2026-03-21..2026-08-06,baccarat_bet02_101_all_pairs_incl_sentinel,round_win = game_pnl > 0 (decisive only),COMPATIBILITY_ONLY_NOT_PRODUCTION,56048.8330,49696.4368,6641.1888,257,256,-0.11848933,-0.08402311,-0.12321726,-0.11848933,-6641.1888,56048.8330,OK,0.0000,265.6476,4.0000,96.0000,AG03-UNRESOLVED,ALL5_LEVELS_bet23_to_bet27,265.6476,265.6476,332.0594,332.0594,332.0594,4.000000,4.000000,5.000000,5.000000,5.000000,96.000000,96.000000,95.000000,95.000000,95.000000,5.0,1527.4734,1393.6083,5113.7154,5247.5805,PENDING_AG03,FALSE,NOT_FOR_ENFORCEMENT,6375.5412,47708.5794,6641.1888,6375.5412,265.6476,0.11848933,0.11374976,265.6476,6375.5412,0.11374976,265.6476,265.6476,332.0594,332.0594,332.0594,6375.5412,0.11374976,1527.4734,1393.6083,5113.7154,5247.5805,0.09123679,0.09362515,0.00473957,218.0888,194.1267,25.9421,174.7681,44.8729,1474.9693,6.7368,157.2346,230.3166,128.5777,257.1553,258.1778,388.3046,514.3107,767.8663,154.9067,0.0,2.0,2.986002,0.848082,27,96,50,4,0.12062849,0.11848933,0.08402311,0E-8,0.000000,0.886663,0.000000,0.03919416,2026-05-24,2026-08-05,38,148,140,74,0.513514,0.682689,0.720966,0.402095,,,,,,,,GLOBAL_BASELINE_NO_ENTITY_RANKING,,,NOT_APPLICABLE_GLOBAL_BASELINE,HF9g-P5,,,,X 全窗基线 · 不参与实体赏罚,14192951,1420,A168_HF9F_20260827_0900,2026-08-27 09:00:00
2026-06-16,150505951,1299,0,257.1553475455,-257.1553475455,-257.1553475455,0E-7,1,1,0.49324550000000000,0.493245500000,-0.9865810262130424,-0.9865810262130424,-0.9865810262130424,0E-17,ELIGIBLE,R03b_20260811_FULL_v1,L1_ELIGIBILITY,v2026-08-11,2026-03-21..2026-08-06,baccarat_bet02_101_all_pairs_incl_sentinel,round_win = game_pnl > 0 (decisive only),COMPATIBILITY_ONLY_NOT_PRODUCTION,56048.8330,49696.4368,6641.1888,257,256,-0.11848933,-0.08402311,-0.12321726,-0.11848933,-6641.1888,56048.8330,OK,0.0000,265.6476,4.0000,96.0000,AG03-UNRESOLVED,ALL5_LEVELS_bet23_to_bet27,265.6476,265.6476,332.0594,332.0594,332.0594,4.000000,4.000000,5.000000,5.000000,5.000000,96.000000,96.000000,95.000000,95.000000,95.000000,5.0,1527.4734,1393.6083,5113.7154,5247.5805,PENDING_AG03,FALSE,NOT_FOR_ENFORCEMENT,6375.5412,47708.5794,6641.1888,6375.5412,265.6476,0.11848933,0.11374976,265.6476,6375.5412,0.11374976,265.6476,265.6476,332.0594,332.0594,332.0594,6375.5412,0.11374976,1527.4734,1393.6083,5113.7154,5247.5805,0.09123679,0.09362515,0.00473957,218.0888,194.1267,25.9421,174.7681,44.8729,1474.9693,6.7368,157.2346,230.3166,128.5777,257.1553,258.1778,388.3046,514.3107,767.8663,154.9067,0.0,2.0,2.986002,0.848082,27,96,50,4,0.12062849,0.11848933,0.08402311,0E-8,0.000000,0.886663,0.000000,0.03919416,2026-05-24,2026-08-05,38,148,140,74,0.513514,0.682689,0.720966,0.402095,,,,,,,,GLOBAL_BASELINE_NO_ENTITY_RANKING,,,NOT_APPLICABLE_GLOBAL_BASELINE,HF9g-P5,,,,X 全窗基线 · 不参与实体赏罚,14192952,1420,A168_HF9F_20260827_0900,2026-08-27 09:00:00
2026-06-16,150505951,1505,0,128.5776737727,-128.5776737727,-128.5776737727,0E-7,1,1,0.49324550000000000,0.493245500000,-0.9865810262130424,-0.9865810262130424,-0.9865810262130424,0E-17,ELIGIBLE,R03b_20260811_FULL_v1,L1_ELIGIBILITY,v2026-08-11,2026-03-21..2026-08-06,baccarat_bet02_101_all_pairs_incl_sentinel,round_win = game_pnl > 0 (decisive only),COMPATIBILITY_ONLY_NOT_PRODUCTION,56048.8330,49696.4368,6641.1888,257,256,-0.11848933,-0.08402311,-0.12321726,-0.11848933,-6641.1888,56048.8330,OK,0.0000,265.6476,4.0000,96.0000,AG03-UNRESOLVED,ALL5_LEVELS_bet23_to_bet27,265.6476,265.6476,332.0594,332.0594,332.0594,4.000000,4.000000,5.000000,5.000000,5.000000,96.000000,96.000000,95.000000,95.000000,95.000000,5.0,1527.4734,1393.6083,5113.7154,5247.5805,PENDING_AG03,FALSE,NOT_FOR_ENFORCEMENT,6375.5412,47708.5794,6641.1888,6375.5412,265.6476,0.11848933,0.11374976,265.6476,6375.5412,0.11374976,265.6476,265.6476,332.0594,332.0594,332.0594,6375.5412,0.11374976,1527.4734,1393.6083,5113.7154,5247.5805,0.09123679,0.09362515,0.00473957,218.0888,194.1267,25.9421,174.7681,44.8729,1474.9693,6.7368,157.2346,230.3166,128.5777,257.1553,258.1778,388.3046,514.3107,767.8663,154.9067,0.0,2.0,2.986002,0.848082,27,96,50,4,0.12062849,0.11848933,0.08402311,0E-8,0.000000,0.886663,0.000000,0.03919416,2026-05-24,2026-08-05,38,148,140,74,0.513514,0.682689,0.720966,0.402095,,,,,,,,GLOBAL_BASELINE_NO_ENTITY_RANKING,,,NOT_APPLICABLE_GLOBAL_BASELINE,HF9g-P5,,,,X 全窗基线 · 不参与实体赏罚,14192953,1420,A168_HF9F_20260827_0900,2026-08-27 09:00:00
2026-06-16,150505951,772,0,129.3491398154,129.3491398154,129.3491398154,1.0000000,1,1,0.49324550000000000,0.493245500000,1.01360149184955,1.01360149184955,1.01360149184955,0E-17,ELIGIBLE,R03b_20260811_FULL_v1,L1_ELIGIBILITY,v2026-08-11,2026-03-21..2026-08-06,baccarat_bet02_101_all_pairs_incl_sentinel,round_win = game_pnl > 0 (decisive only),COMPATIBILITY_ONLY_NOT_PRODUCTION,56048.8330,49696.4368,6641.1888,257,256,-0.11848933,-0.08402311,-0.12321726,-0.11848933,-6641.1888,56048.8330,OK,0.0000,265.6476,4.0000,96.0000,AG03-UNRESOLVED,ALL5_LEVELS_bet23_to_bet27,265.6476,265.6476,332.0594,332.0594,332.0594,4.000000,4.000000,5.000000,5.000000,5.000000,96.000000,96.000000,95.000000,95.000000,95.000000,5.0,1527.4734,1393.6083,5113.7154,5247.5805,PENDING_AG03,FALSE,NOT_FOR_ENFORCEMENT,6375.5412,47708.5794,6641.1888,6375.5412,265.6476,0.11848933,0.11374976,265.6476,6375.5412,0.11374976,265.6476,265.6476,332.0594,332.0594,332.0594,6375.5412,0.11374976,1527.4734,1393.6083,5113.7154,5247.5805,0.09123679,0.09362515,0.00473957,218.0888,194.1267,25.9421,174.7681,44.8729,1474.9693,6.7368,157.2346,230.3166,128.5777,257.1553,258.1778,388.3046,514.3107,767.8663,154.9067,0.0,2.0,2.986002,0.848082,27,96,50,4,0.12062849,0.11848933,0.08402311,0E-8,0.000000,0.886663,0.000000,0.03919416,2026-05-24,2026-08-05,38,148,140,74,0.513514,0.682689,0.720966,0.402095,,,,,,,,GLOBAL_BASELINE_NO_ENTITY_RANKING,,,NOT_APPLICABLE_GLOBAL_BASELINE,HF9g-P5,,,,X 全窗基线 · 不参与实体赏罚,14192954,1420,A168_HF9F_20260827_0900,2026-08-27 09:00:00
2026-06-20,150505951,-1,1,257.1553475455,-257.1553475455,-257.1553475455,0E-7,1,1,0.49324550000000000,0.493245500000,-0.9865810262130424,-0.9865810262130424,-0.9865810262130424,0E-17,SENTINEL_DEALER,R03b_20260811_FULL_v1,L1_ELIGIBILITY,v2026-08-11,2026-03-21..2026-08-06,baccarat_bet02_101_all_pairs_incl_sentinel,round_win = game_pnl > 0 (decisive only),COMPATIBILITY_ONLY_NOT_PRODUCTION,56048.8330,49696.4368,6641.1888,257,256,-0.11848933,-0.08402311,-0.12321726,-0.11848933,-6641.1888,56048.8330,OK,0.0000,265.6476,4.0000,96.0000,AG03-UNRESOLVED,ALL5_LEVELS_bet23_to_bet27,265.6476,265.6476,332.0594,332.0594,332.0594,4.000000,4.000000,5.000000,5.000000,5.000000,96.000000,96.000000,95.000000,95.000000,95.000000,5.0,1527.4734,1393.6083,5113.7154,5247.5805,PENDING_AG03,FALSE,NOT_FOR_ENFORCEMENT,6375.5412,47708.5794,6641.1888,6375.5412,265.6476,0.11848933,0.11374976,265.6476,6375.5412,0.11374976,265.6476,265.6476,332.0594,332.0594,332.0594,6375.5412,0.11374976,1527.4734,1393.6083,5113.7154,5247.5805,0.09123679,0.09362515,0.00473957,218.0888,194.1267,25.9421,174.7681,44.8729,1474.9693,6.7368,157.2346,230.3166,128.5777,257.1553,258.1778,388.3046,514.3107,767.8663,154.9067,0.0,2.0,2.986002,0.848082,27,96,50,4,0.12062849,0.11848933,0.08402311,0E-8,0.000000,0.886663,0.000000,0.03919416,2026-05-24,2026-08-05,38,148,140,74,0.513514,0.682689,0.720966,0.402095,,,,,,,,GLOBAL_BASELINE_NO_ENTITY_RANKING,,,NOT_APPLICABLE_GLOBAL_BASELINE,HF9g-P5,,,,X 全窗基线 · 不参与实体赏罚,14192955,1420,A168_HF9F_20260827_0900,2026-08-27 09:00:00
2026-06-21,150505951,1094,0,78.9466916965,-78.9466916965,-78.9466916965,0E-7,1,1,0.49324550000000000,0.493245500000,-0.9865810262130424,-0.9865810262130424,-0.9865810262130424,0E-17,ELIGIBLE,R03b_20260811_FULL_v1,L1_ELIGIBILITY,v2026-08-11,2026-03-21..2026-08-06,baccarat_bet02_101_all_pairs_incl_sentinel,round_win = game_pnl > 0 (decisive only),COMPATIBILITY_ONLY_NOT_PRODUCTION,56048.8330,49696.4368,6641.1888,257,256,-0.11848933,-0.08402311,-0.12321726,-0.11848933,-6641.1888,56048.8330,OK,0.0000,265.6476,4.0000,96.0000,AG03-UNRESOLVED,ALL5_LEVELS_bet23_to_bet27,265.6476,265.6476,332.0594,332.0594,332.0594,4.000000,4.000000,5.000000,5.000000,5.000000,96.000000,96.000000,95.000000,95.000000,95.000000,5.0,1527.4734,1393.6083,5113.7154,5247.5805,PENDING_AG03,FALSE,NOT_FOR_ENFORCEMENT,6375.5412,47708.5794,6641.1888,6375.5412,265.6476,0.11848933,0.11374976,265.6476,6375.5412,0.11374976,265.6476,265.6476,332.0594,332.0594,332.0594,6375.5412,0.11374976,1527.4734,1393.6083,5113.7154,5247.5805,0.09123679,0.09362515,0.00473957,218.0888,194.1267,25.9421,174.7681,44.8729,1474.9693,6.7368,157.2346,230.3166,128.5777,257.1553,258.1778,388.3046,514.3107,767.8663,154.9067,0.0,2.0,2.986002,0.848082,27,96,50,4,0.12062849,0.11848933,0.08402311,0E-8,0.000000,0.886663,0.000000,0.03919416,2026-05-24,2026-08-05,38,148,140,74,0.513514,0.682689,0.720966,0.402095,,,,,,,,GLOBAL_BASELINE_NO_ENTITY_RANKING,,,NOT_APPLICABLE_GLOBAL_BASELINE,HF9g-P5,,,,X 全窗基线 · 不参与实体赏罚,14192956,1420,A168_HF9F_20260827_0900,2026-08-27 09:00:00
2026-06-21,150505951,1299,0,78.9466916965,0E-10,0E-10,,1,1,0.49324550000000000,0.493245500000,,,,0E-17,NO_DECISIVE_ROUND,R03b_20260811_FULL_v1,L1_ELIGIBILITY,v2026-08-11,2026-03-21..2026-08-06,baccarat_bet02_101_all_pairs_incl_sentinel,round_win = game_pnl > 0 (decisive only),COMPATIBILITY_ONLY_NOT_PRODUCTION,56048.8330,49696.4368,6641.1888,257,256,-0.11848933,-0.08402311,-0.12321726,-0.11848933,-6641.1888,56048.8330,OK,0.0000,265.6476,4.0000,96.0000,AG03-UNRESOLVED,ALL5_LEVELS_bet23_to_bet27,265.6476,265.6476,332.0594,332.0594,332.0594,4.000000,4.000000,5.000000,5.000000,5.000000,96.000000,96.000000,95.000000,95.000000,95.000000,5.0,1527.4734,1393.6083,5113.7154,5247.5805,PENDING_AG03,FALSE,NOT_FOR_ENFORCEMENT,6375.5412,47708.5794,6641.1888,6375.5412,265.6476,0.11848933,0.11374976,265.6476,6375.5412,0.11374976,265.6476,265.6476,332.0594,332.0594,332.0594,6375.5412,0.11374976,1527.4734,1393.6083,5113.7154,5247.5805,0.09123679,0.09362515,0.00473957,218.0888,194.1267,25.9421,174.7681,44.8729,1474.9693,6.7368,157.2346,230.3166,128.5777,257.1553,258.1778,388.3046,514.3107,767.8663,154.9067,0.0,2.0,2.986002,0.848082,27,96,50,4,0.12062849,0.11848933,0.08402311,0E-8,0.000000,0.886663,0.000000,0.03919416,2026-05-24,2026-08-05,38,148,140,74,0.513514,0.682689,0.720966,0.402095,,,,,,,,GLOBAL_BASELINE_NO_ENTITY_RANKING,,,NOT_APPLICABLE_GLOBAL_BASELINE,HF9g-P5,,,,X 全窗基线 · 不参与实体赏罚,14192957,1420,A168_HF9F_20260827_0900,2026-08-27 09:00:00
2026-06-21,150505951,1363,0,128.5776737727,-128.5776737727,-128.5776737727,0E-7,1,1,0.49324550000000000,0.493245500000,-0.9865810262130424,-0.9865810262130424,-0.9865810262130424,0E-17,ELIGIBLE,R03b_20260811_FULL_v1,L1_ELIGIBILITY,v2026-08-11,2026-03-21..2026-08-06,baccarat_bet02_101_all_pairs_incl_sentinel,round_win = game_pnl > 0 (decisive only),COMPATIBILITY_ONLY_NOT_PRODUCTION,56048.8330,49696.4368,6641.1888,257,256,-0.11848933,-0.08402311,-0.12321726,-0.11848933,-6641.1888,56048.8330,OK,0.0000,265.6476,4.0000,96.0000,AG03-UNRESOLVED,ALL5_LEVELS_bet23_to_bet27,265.6476,265.6476,332.0594,332.0594,332.0594,4.000000,4.000000,5.000000,5.000000,5.000000,96.000000,96.000000,95.000000,95.000000,95.000000,5.0,1527.4734,1393.6083,5113.7154,5247.5805,PENDING_AG03,FALSE,NOT_FOR_ENFORCEMENT,6375.5412,47708.5794,6641.1888,6375.5412,265.6476,0.11848933,0.11374976,265.6476,6375.5412,0.11374976,265.6476,265.6476,332.0594,332.0594,332.0594,6375.5412,0.11374976,1527.4734,1393.6083,5113.7154,5247.5805,0.09123679,0.09362515,0.00473957,218.0888,194.1267,25.9421,174.7681,44.8729,1474.9693,6.7368,157.2346,230.3166,128.5777,257.1553,258.1778,388.3046,514.3107,767.8663,154.9067,0.0,2.0,2.986002,0.848082,27,96,50,4,0.12062849,0.11848933,0.08402311,0E-8,0.000000,0.886663,0.000000,0.03919416,2026-05-24,2026-08-05,38,148,140,74,0.513514,0.682689,0.720966,0.402095,,,,,,,,GLOBAL_BASELINE_NO_ENTITY_RANKING,,,NOT_APPLICABLE_GLOBAL_BASELINE,HF9g-P5,,,,X 全窗基线 · 不参与实体赏罚,14192958,1420,A168_HF9F_20260827_0900,2026-08-27 09:00:00
2026-06-21,150505951,1947,0,128.5776737727,-128.5776737727,-128.5776737727,0E-7,1,1,0.49324550000000000,0.493245500000,-0.9865810262130424,-0.9865810262130424,-0.9865810262130424,0E-17,ELIGIBLE,R03b_20260811_FULL_v1,L1_ELIGIBILITY,v2026-08-11,2026-03-21..2026-08-06,baccarat_bet02_101_all_pairs_incl_sentinel,round_win = game_pnl > 0 (decisive only),COMPATIBILITY_ONLY_NOT_PRODUCTION,56048.8330,49696.4368,6641.1888,257,256,-0.11848933,-0.08402311,-0.12321726,-0.11848933,-6641.1888,56048.8330,OK,0.0000,265.6476,4.0000,96.0000,AG03-UNRESOLVED,ALL5_LEVELS_bet23_to_bet27,265.6476,265.6476,332.0594,332.0594,332.0594,4.000000,4.000000,5.000000,5.000000,5.000000,96.000000,96.000000,95.000000,95.000000,95.000000,5.0,1527.4734,1393.6083,5113.7154,5247.5805,PENDING_AG03,FALSE,NOT_FOR_ENFORCEMENT,6375.5412,47708.5794,6641.1888,6375.5412,265.6476,0.11848933,0.11374976,265.6476,6375.5412,0.11374976,265.6476,265.6476,332.0594,332.0594,332.0594,6375.5412,0.11374976,1527.4734,1393.6083,5113.7154,5247.5805,0.09123679,0.09362515,0.00473957,218.0888,194.1267,25.9421,174.7681,44.8729,1474.9693,6.7368,157.2346,230.3166,128.5777,257.1553,258.1778,388.3046,514.3107,767.8663,154.9067,0.0,2.0,2.986002,0.848082,27,96,50,4,0.12062849,0.11848933,0.08402311,0E-8,0.000000,0.886663,0.000000,0.03919416,2026-05-24,2026-08-05,38,148,140,74,0.513514,0.682689,0.720966,0.402095,,,,,,,,GLOBAL_BASELINE_NO_ENTITY_RANKING,,,NOT_APPLICABLE_GLOBAL_BASELINE,HF9g-P5,,,,X 全窗基线 · 不参与实体赏罚,14192959,1420,A168_HF9F_20260827_0900,2026-08-27 09:00:00
2026-06-21,150505951,2261,0,257.1553475454,128.5776737727,128.5776737727,1.0000000,2,2,0.49324550000000000,0.493245500000,1.01360149184955,1.01360149184955,1.01360149184955,0E-17,ELIGIBLE,R03b_20260811_FULL_v1,L1_ELIGIBILITY,v2026-08-11,2026-03-21..2026-08-06,baccarat_bet02_101_all_pairs_incl_sentinel,round_win = game_pnl > 0 (decisive only),COMPATIBILITY_ONLY_NOT_PRODUCTION,56048.8330,49696.4368,6641.1888,257,256,-0.11848933,-0.08402311,-0.12321726,-0.11848933,-6641.1888,56048.8330,OK,0.0000,265.6476,4.0000,96.0000,AG03-UNRESOLVED,ALL5_LEVELS_bet23_to_bet27,265.6476,265.6476,332.0594,332.0594,332.0594,4.000000,4.000000,5.000000,5.000000,5.000000,96.000000,96.000000,95.000000,95.000000,95.000000,5.0,1527.4734,1393.6083,5113.7154,5247.5805,PENDING_AG03,FALSE,NOT_FOR_ENFORCEMENT,6375.5412,47708.5794,6641.1888,6375.5412,265.6476,0.11848933,0.11374976,265.6476,6375.5412,0.11374976,265.6476,265.6476,332.0594,332.0594,332.0594,6375.5412,0.11374976,1527.4734,1393.6083,5113.7154,5247.5805,0.09123679,0.09362515,0.00473957,218.0888,194.1267,25.9421,174.7681,44.8729,1474.9693,6.7368,157.2346,230.3166,128.5777,257.1553,258.1778,388.3046,514.3107,767.8663,154.9067,0.0,2.0,2.986002,0.848082,27,96,50,4,0.12062849,0.11848933,0.08402311,0E-8,0.000000,0.886663,0.000000,0.03919416,2026-05-24,2026-08-05,38,148,140,74,0.513514,0.682689,0.720966,0.402095,,,,,,,,GLOBAL_BASELINE_NO_ENTITY_RANKING,,,NOT_APPLICABLE_GLOBAL_BASELINE,HF9g-P5,,,,X 全窗基线 · 不参与实体赏罚,14192960,1420,A168_HF9F_20260827_0900,2026-08-27 09:00:00
2026-06-21,150505951,919,0,570.3705608558,567.7990073803,567.7990073803,1.0000000,4,4,0.49659680000000000,0.496596800000,2.0136594440222715,2.0136594440222715,2.0136594440222715,0E-17,ELIGIBLE,R03b_20260811_FULL_v1,L1_ELIGIBILITY,v2026-08-11,2026-03-21..2026-08-06,baccarat_bet02_101_all_pairs_incl_sentinel,round_win = game_pnl > 0 (decisive only),COMPATIBILITY_ONLY_NOT_PRODUCTION,56048.8330,49696.4368,6641.1888,257,256,-0.11848933,-0.08402311,-0.12321726,-0.11848933,-6641.1888,56048.8330,OK,0.0000,265.6476,4.0000,96.0000,AG03-UNRESOLVED,ALL5_LEVELS_bet23_to_bet27,265.6476,265.6476,332.0594,332.0594,332.0594,4.000000,4.000000,5.000000,5.000000,5.000000,96.000000,96.000000,95.000000,95.000000,95.000000,5.0,1527.4734,1393.6083,5113.7154,5247.5805,PENDING_AG03,FALSE,NOT_FOR_ENFORCEMENT,6375.5412,47708.5794,6641.1888,6375.5412,265.6476,0.11848933,0.11374976,265.6476,6375.5412,0.11374976,265.6476,265.6476,332.0594,332.0594,332.0594,6375.5412,0.11374976,1527.4734,1393.6083,5113.7154,5247.5805,0.09123679,0.09362515,0.00473957,218.0888,194.1267,25.9421,174.7681,44.8729,1474.9693,6.7368,157.2346,230.3166,128.5777,257.1553,258.1778,388.3046,514.3107,767.8663,154.9067,0.0,2.0,2.986002,0.848082,27,96,50,4,0.12062849,0.11848933,0.08402311,0E-8,0.000000,0.886663,0.000000,0.03919416,2026-05-24,2026-08-05,38,148,140,74,0.513514,0.682689,0.720966,0.402095,,,,,,,,GLOBAL_BASELINE_NO_ENTITY_RANKING,,,NOT_APPLICABLE_GLOBAL_BASELINE,HF9g-P5,,,,X 全窗基线 · 不参与实体赏罚,14192961,1420,A168_HF9F_20260827_0900,2026-08-27 09:00:00
2026-06-21,150505951,987,0,257.1553475455,-257.1553475455,-257.1553475455,0E-7,1,1,0.49324550000000000,0.493245500000,-0.9865810262130424,-0.9865810262130424,-0.9865810262130424,0E-17,ELIGIBLE,R03b_20260811_FULL_v1,L1_ELIGIBILITY,v2026-08-11,2026-03-21..2026-08-06,baccarat_bet02_101_all_pairs_incl_sentinel,round_win = game_pnl > 0 (decisive only),COMPATIBILITY_ONLY_NOT_PRODUCTION,56048.8330,49696.4368,6641.1888,257,256,-0.11848933,-0.08402311,-0.12321726,-0.11848933,-6641.1888,56048.8330,OK,0.0000,265.6476,4.0000,96.0000,AG03-UNRESOLVED,ALL5_LEVELS_bet23_to_bet27,265.6476,265.6476,332.0594,332.0594,332.0594,4.000000,4.000000,5.000000,5.000000,5.000000,96.000000,96.000000,95.000000,95.000000,95.000000,5.0,1527.4734,1393.6083,5113.7154,5247.5805,PENDING_AG03,FALSE,NOT_FOR_ENFORCEMENT,6375.5412,47708.5794,6641.1888,6375.5412,265.6476,0.11848933,0.11374976,265.6476,6375.5412,0.11374976,265.6476,265.6476,332.0594,332.0594,332.0594,6375.5412,0.11374976,1527.4734,1393.6083,5113.7154,5247.5805,0.09123679,0.09362515,0.00473957,218.0888,194.1267,25.9421,174.7681,44.8729,1474.9693,6.7368,157.2346,230.3166,128.5777,257.1553,258.1778,388.3046,514.3107,767.8663,154.9067,0.0,2.0,2.986002,0.848082,27,96,50,4,0.12062849,0.11848933,0.08402311,0E-8,0.000000,0.886663,0.000000,0.03919416,2026-05-24,2026-08-05,38,148,140,74,0.513514,0.682689,0.720966,0.402095,,,,,,,,GLOBAL_BASELINE_NO_ENTITY_RANKING,,,NOT_APPLICABLE_GLOBAL_BASELINE,HF9g-P5,,,,X 全窗基线 · 不参与实体赏罚,14192962,1420,A168_HF9F_20260827_0900,2026-08-27 09:00:00
2026-06-23,150505951,-1,1,1159.5134620826,-645.2027669916,-645.2027669916,0.2500000,4,4,0.49324550000000000,0.493245500000,-0.9730707933947887,-0.9730707933947887,-0.9730707933947887,0E-17,SENTINEL_DEALER,R03b_20260811_FULL_v1,L1_ELIGIBILITY,v2026-08-11,2026-03-21..2026-08-06,baccarat_bet02_101_all_pairs_incl_sentinel,round_win = game_pnl > 0 (decisive only),COMPATIBILITY_ONLY_NOT_PRODUCTION,56048.8330,49696.4368,6641.1888,257,256,-0.11848933,-0.08402311,-0.12321726,-0.11848933,-6641.1888,56048.8330,OK,0.0000,265.6476,4.0000,96.0000,AG03-UNRESOLVED,ALL5_LEVELS_bet23_to_bet27,265.6476,265.6476,332.0594,332.0594,332.0594,4.000000,4.000000,5.000000,5.000000,5.000000,96.000000,96.000000,95.000000,95.000000,95.000000,5.0,1527.4734,1393.6083,5113.7154,5247.5805,PENDING_AG03,FALSE,NOT_FOR_ENFORCEMENT,6375.5412,47708.5794,6641.1888,6375.5412,265.6476,0.11848933,0.11374976,265.6476,6375.5412,0.11374976,265.6476,265.6476,332.0594,332.0594,332.0594,6375.5412,0.11374976,1527.4734,1393.6083,5113.7154,5247.5805,0.09123679,0.09362515,0.00473957,218.0888,194.1267,25.9421,174.7681,44.8729,1474.9693,6.7368,157.2346,230.3166,128.5777,257.1553,258.1778,388.3046,514.3107,767.8663,154.9067,0.0,2.0,2.986002,0.848082,27,96,50,4,0.12062849,0.11848933,0.08402311,0E-8,0.000000,0.886663,0.000000,0.03919416,2026-05-24,2026-08-05,38,148,140,74,0.513514,0.682689,0.720966,0.402095,,,,,,,,GLOBAL_BASELINE_NO_ENTITY_RANKING,,,NOT_APPLICABLE_GLOBAL_BASELINE,HF9g-P5,,,,X 全窗基线 · 不参与实体赏罚,14192963,1420,A168_HF9F_20260827_0900,2026-08-27 09:00:00
2026-06-23,150505951,1374,0,16.7150975905,16.7150975905,16.7150975905,1.0000000,1,1,0.49324550000000000,0.493245500000,1.01360149184955,1.01360149184955,1.01360149184955,0E-17,ELIGIBLE,R03b_20260811_FULL_v1,L1_ELIGIBILITY,v2026-08-11,2026-03-21..2026-08-06,baccarat_bet02_101_all_pairs_incl_sentinel,round_win = game_pnl > 0 (decisive only),COMPATIBILITY_ONLY_NOT_PRODUCTION,56048.8330,49696.4368,6641.1888,257,256,-0.11848933,-0.08402311,-0.12321726,-0.11848933,-6641.1888,56048.8330,OK,0.0000,265.6476,4.0000,96.0000,AG03-UNRESOLVED,ALL5_LEVELS_bet23_to_bet27,265.6476,265.6476,332.0594,332.0594,332.0594,4.000000,4.000000,5.000000,5.000000,5.000000,96.000000,96.000000,95.000000,95.000000,95.000000,5.0,1527.4734,1393.6083,5113.7154,5247.5805,PENDING_AG03,FALSE,NOT_FOR_ENFORCEMENT,6375.5412,47708.5794,6641.1888,6375.5412,265.6476,0.11848933,0.11374976,265.6476,6375.5412,0.11374976,265.6476,265.6476,332.0594,332.0594,332.0594,6375.5412,0.11374976,1527.4734,1393.6083,5113.7154,5247.5805,0.09123679,0.09362515,0.00473957,218.0888,194.1267,25.9421,174.7681,44.8729,1474.9693,6.7368,157.2346,230.3166,128.5777,257.1553,258.1778,388.3046,514.3107,767.8663,154.9067,0.0,2.0,2.986002,0.848082,27,96,50,4,0.12062849,0.11848933,0.08402311,0E-8,0.000000,0.886663,0.000000,0.03919416,2026-05-24,2026-08-05,38,148,140,74,0.513514,0.682689,0.720966,0.402095,,,,,,,,GLOBAL_BASELINE_NO_ENTITY_RANKING,,,NOT_APPLICABLE_GLOBAL_BASELINE,HF9g-P5,,,,X 全窗基线 · 不参与实体赏罚,14192964,1420,A168_HF9F_20260827_0900,2026-08-27 09:00:00
2026-06-23,150505951,1935,0,1028.6213901820,1028.6213901820,1028.6213901820,1.0000000,4,4,0.49324550000000000,0.493245500000,2.0272029836991,2.0272029836991,2.0272029836991,0E-17,ELIGIBLE,R03b_20260811_FULL_v1,L1_ELIGIBILITY,v2026-08-11,2026-03-21..2026-08-06,baccarat_bet02_101_all_pairs_incl_sentinel,round_win = game_pnl > 0 (decisive only),COMPATIBILITY_ONLY_NOT_PRODUCTION,56048.8330,49696.4368,6641.1888,257,256,-0.11848933,-0.08402311,-0.12321726,-0.11848933,-6641.1888,56048.8330,OK,0.0000,265.6476,4.0000,96.0000,AG03-UNRESOLVED,ALL5_LEVELS_bet23_to_bet27,265.6476,265.6476,332.0594,332.0594,332.0594,4.000000,4.000000,5.000000,5.000000,5.000000,96.000000,96.000000,95.000000,95.000000,95.000000,5.0,1527.4734,1393.6083,5113.7154,5247.5805,PENDING_AG03,FALSE,NOT_FOR_ENFORCEMENT,6375.5412,47708.5794,6641.1888,6375.5412,265.6476,0.11848933,0.11374976,265.6476,6375.5412,0.11374976,265.6476,265.6476,332.0594,332.0594,332.0594,6375.5412,0.11374976,1527.4734,1393.6083,5113.7154,5247.5805,0.09123679,0.09362515,0.00473957,218.0888,194.1267,25.9421,174.7681,44.8729,1474.9693,6.7368,157.2346,230.3166,128.5777,257.1553,258.1778,388.3046,514.3107,767.8663,154.9067,0.0,2.0,2.986002,0.848082,27,96,50,4,0.12062849,0.11848933,0.08402311,0E-8,0.000000,0.886663,0.000000,0.03919416,2026-05-24,2026-08-05,38,148,140,74,0.513514,0.682689,0.720966,0.402095,,,,,,,,GLOBAL_BASELINE_NO_ENTITY_RANKING,,,NOT_APPLICABLE_GLOBAL_BASELINE,HF9g-P5,,,,X 全窗基线 · 不参与实体赏罚,14192965,1420,A168_HF9F_20260827_0900,2026-08-27 09:00:00
2026-06-23,150505951,1947,0,257.1553475455,-257.1553475455,-257.1553475455,0E-7,1,1,0.49324550000000000,0.493245500000,-0.9865810262130424,-0.9865810262130424,-0.9865810262130424,0E-17,ELIGIBLE,R03b_20260811_FULL_v1,L1_ELIGIBILITY,v2026-08-11,2026-03-21..2026-08-06,baccarat_bet02_101_all_pairs_incl_sentinel,round_win = game_pnl > 0 (decisive only),COMPATIBILITY_ONLY_NOT_PRODUCTION,56048.8330,49696.4368,6641.1888,257,256,-0.11848933,-0.08402311,-0.12321726,-0.11848933,-6641.1888,56048.8330,OK,0.0000,265.6476,4.0000,96.0000,AG03-UNRESOLVED,ALL5_LEVELS_bet23_to_bet27,265.6476,265.6476,332.0594,332.0594,332.0594,4.000000,4.000000,5.000000,5.000000,5.000000,96.000000,96.000000,95.000000,95.000000,95.000000,5.0,1527.4734,1393.6083,5113.7154,5247.5805,PENDING_AG03,FALSE,NOT_FOR_ENFORCEMENT,6375.5412,47708.5794,6641.1888,6375.5412,265.6476,0.11848933,0.11374976,265.6476,6375.5412,0.11374976,265.6476,265.6476,332.0594,332.0594,332.0594,6375.5412,0.11374976,1527.4734,1393.6083,5113.7154,5247.5805,0.09123679,0.09362515,0.00473957,218.0888,194.1267,25.9421,174.7681,44.8729,1474.9693,6.7368,157.2346,230.3166,128.5777,257.1553,258.1778,388.3046,514.3107,767.8663,154.9067,0.0,2.0,2.986002,0.848082,27,96,50,4,0.12062849,0.11848933,0.08402311,0E-8,0.000000,0.886663,0.000000,0.03919416,2026-05-24,2026-08-05,38,148,140,74,0.513514,0.682689,0.720966,0.402095,,,,,,,,GLOBAL_BASELINE_NO_ENTITY_RANKING,,,NOT_APPLICABLE_GLOBAL_BASELINE,HF9g-P5,,,,X 全窗基线 · 不参与实体赏罚,14192966,1420,A168_HF9F_20260827_0900,2026-08-27 09:00:00
2026-06-23,150505951,2170,0,257.1553475455,-257.1553475455,-257.1553475455,0E-7,1,1,0.49324550000000000,0.493245500000,-0.9865810262130424,-0.9865810262130424,-0.9865810262130424,0E-17,ELIGIBLE,R03b_20260811_FULL_v1,L1_ELIGIBILITY,v2026-08-11,2026-03-21..2026-08-06,baccarat_bet02_101_all_pairs_incl_sentinel,round_win = game_pnl > 0 (decisive only),COMPATIBILITY_ONLY_NOT_PRODUCTION,56048.8330,49696.4368,6641.1888,257,256,-0.11848933,-0.08402311,-0.12321726,-0.11848933,-6641.1888,56048.8330,OK,0.0000,265.6476,4.0000,96.0000,AG03-UNRESOLVED,ALL5_LEVELS_bet23_to_bet27,265.6476,265.6476,332.0594,332.0594,332.0594,4.000000,4.000000,5.000000,5.000000,5.000000,96.000000,96.000000,95.000000,95.000000,95.000000,5.0,1527.4734,1393.6083,5113.7154,5247.5805,PENDING_AG03,FALSE,NOT_FOR_ENFORCEMENT,6375.5412,47708.5794,6641.1888,6375.5412,265.6476,0.11848933,0.11374976,265.6476,6375.5412,0.11374976,265.6476,265.6476,332.0594,332.0594,332.0594,6375.5412,0.11374976,1527.4734,1393.6083,5113.7154,5247.5805,0.09123679,0.09362515,0.00473957,218.0888,194.1267,25.9421,174.7681,44.8729,1474.9693,6.7368,157.2346,230.3166,128.5777,257.1553,258.1778,388.3046,514.3107,767.8663,154.9067,0.0,2.0,2.986002,0.848082,27,96,50,4,0.12062849,0.11848933,0.08402311,0E-8,0.000000,0.886663,0.000000,0.03919416,2026-05-24,2026-08-05,38,148,140,74,0.513514,0.682689,0.720966,0.402095,,,,,,,,GLOBAL_BASELINE_NO_ENTITY_RANKING,,,NOT_APPLICABLE_GLOBAL_BASELINE,HF9g-P5,,,,X 全窗基线 · 不参与实体赏罚,14192967,1420,A168_HF9F_20260827_0900,2026-08-27 09:00:00
2026-06-23,150505951,2174,0,33.4301951809,-33.4301951809,-33.4301951809,0E-7,1,1,0.49324550000000000,0.493245500000,-0.9865810262130424,-0.9865810262130424,-0.9865810262130424,0E-17,ELIGIBLE,R03b_20260811_FULL_v1,L1_ELIGIBILITY,v2026-08-11,2026-03-21..2026-08-06,baccarat_bet02_101_all_pairs_incl_sentinel,round_win = game_pnl > 0 (decisive only),COMPATIBILITY_ONLY_NOT_PRODUCTION,56048.8330,49696.4368,6641.1888,257,256,-0.11848933,-0.08402311,-0.12321726,-0.11848933,-6641.1888,56048.8330,OK,0.0000,265.6476,4.0000,96.0000,AG03-UNRESOLVED,ALL5_LEVELS_bet23_to_bet27,265.6476,265.6476,332.0594,332.0594,332.0594,4.000000,4.000000,5.000000,5.000000,5.000000,96.000000,96.000000,95.000000,95.000000,95.000000,5.0,1527.4734,1393.6083,5113.7154,5247.5805,PENDING_AG03,FALSE,NOT_FOR_ENFORCEMENT,6375.5412,47708.5794,6641.1888,6375.5412,265.6476,0.11848933,0.11374976,265.6476,6375.5412,0.11374976,265.6476,265.6476,332.0594,332.0594,332.0594,6375.5412,0.11374976,1527.4734,1393.6083,5113.7154,5247.5805,0.09123679,0.09362515,0.00473957,218.0888,194.1267,25.9421,174.7681,44.8729,1474.9693,6.7368,157.2346,230.3166,128.5777,257.1553,258.1778,388.3046,514.3107,767.8663,154.9067,0.0,2.0,2.986002,0.848082,27,96,50,4,0.12062849,0.11848933,0.08402311,0E-8,0.000000,0.886663,0.000000,0.03919416,2026-05-24,2026-08-05,38,148,140,74,0.513514,0.682689,0.720966,0.402095,,,,,,,,GLOBAL_BASELINE_NO_ENTITY_RANKING,,,NOT_APPLICABLE_GLOBAL_BASELINE,HF9g-P5,,,,X 全窗基线 · 不参与实体赏罚,14192968,1420,A168_HF9F_20260827_0900,2026-08-27 09:00:00
2026-06-23,150505951,2276,0,257.1553475455,-257.1553475455,-257.1553475455,0E-7,1,1,0.49324550000000000,0.493245500000,-0.9865810262130424,-0.9865810262130424,-0.9865810262130424,0E-17,ELIGIBLE,R03b_20260811_FULL_v1,L1_ELIGIBILITY,v2026-08-11,2026-03-21..2026-08-06,baccarat_bet02_101_all_pairs_incl_sentinel,round_win = game_pnl > 0 (decisive only),COMPATIBILITY_ONLY_NOT_PRODUCTION,56048.8330,49696.4368,6641.1888,257,256,-0.11848933,-0.08402311,-0.12321726,-0.11848933,-6641.1888,56048.8330,OK,0.0000,265.6476,4.0000,96.0000,AG03-UNRESOLVED,ALL5_LEVELS_bet23_to_bet27,265.6476,265.6476,332.0594,332.0594,332.0594,4.000000,4.000000,5.000000,5.000000,5.000000,96.000000,96.000000,95.000000,95.000000,95.000000,5.0,1527.4734,1393.6083,5113.7154,5247.5805,PENDING_AG03,FALSE,NOT_FOR_ENFORCEMENT,6375.5412,47708.5794,6641.1888,6375.5412,265.6476,0.11848933,0.11374976,265.6476,6375.5412,0.11374976,265.6476,265.6476,332.0594,332.0594,332.0594,6375.5412,0.11374976,1527.4734,1393.6083,5113.7154,5247.5805,0.09123679,0.09362515,0.00473957,218.0888,194.1267,25.9421,174.7681,44.8729,1474.9693,6.7368,157.2346,230.3166,128.5777,257.1553,258.1778,388.3046,514.3107,767.8663,154.9067,0.0,2.0,2.986002,0.848082,27,96,50,4,0.12062849,0.11848933,0.08402311,0E-8,0.000000,0.886663,0.000000,0.03919416,2026-05-24,2026-08-05,38,148,140,74,0.513514,0.682689,0.720966,0.402095,,,,,,,,GLOBAL_BASELINE_NO_ENTITY_RANKING,,,NOT_APPLICABLE_GLOBAL_BASELINE,HF9g-P5,,,,X 全窗基线 · 不参与实体赏罚,14192969,1420,A168_HF9F_20260827_0900,2026-08-27 09:00:00
2026-06-24,150505951,1094,0,2700.1311492272,-128.5776737727,-128.5776737727,0.4000000,6,6,0.49324550000000000,0.493245500000,-0.4170446088060018,-0.4170446088060018,-0.4170446088060018,0E-17,ELIGIBLE,R03b_20260811_FULL_v1,L1_ELIGIBILITY,v2026-08-11,2026-03-21..2026-08-06,baccarat_bet02_101_all_pairs_incl_sentinel,round_win = game_pnl > 0 (decisive only),COMPATIBILITY_ONLY_NOT_PRODUCTION,56048.8330,49696.4368,6641.1888,257,256,-0.11848933,-0.08402311,-0.12321726,-0.11848933,-6641.1888,56048.8330,OK,0.0000,265.6476,4.0000,96.0000,AG03-UNRESOLVED,ALL5_LEVELS_bet23_to_bet27,265.6476,265.6476,332.0594,332.0594,332.0594,4.000000,4.000000,5.000000,5.000000,5.000000,96.000000,96.000000,95.000000,95.000000,95.000000,5.0,1527.4734,1393.6083,5113.7154,5247.5805,PENDING_AG03,FALSE,NOT_FOR_ENFORCEMENT,6375.5412,47708.5794,6641.1888,6375.5412,265.6476,0.11848933,0.11374976,265.6476,6375.5412,0.11374976,265.6476,265.6476,332.0594,332.0594,332.0594,6375.5412,0.11374976,1527.4734,1393.6083,5113.7154,5247.5805,0.09123679,0.09362515,0.00473957,218.0888,194.1267,25.9421,174.7681,44.8729,1474.9693,6.7368,157.2346,230.3166,128.5777,257.1553,258.1778,388.3046,514.3107,767.8663,154.9067,0.0,2.0,2.986002,0.848082,27,96,50,4,0.12062849,0.11848933,0.08402311,0E-8,0.000000,0.886663,0.000000,0.03919416,2026-05-24,2026-08-05,38,148,140,74,0.513514,0.682689,0.720966,0.402095,,,,,,,,GLOBAL_BASELINE_NO_ENTITY_RANKING,,,NOT_APPLICABLE_GLOBAL_BASELINE,HF9g-P5,,,,X 全窗基线 · 不参与实体赏罚,14192970,1420,A168_HF9F_20260827_0900,2026-08-27 09:00:00
2026-06-24,150505951,1990,0,642.8883688637,128.5776737728,128.5776737728,0.5000000,3,3,0.49324550000000000,0.493245500000,0.01910635448239258,0.01910635448239258,0.01910635448239258,0E-17,ELIGIBLE,R03b_20260811_FULL_v1,L1_ELIGIBILITY,v2026-08-11,2026-03-21..2026-08-06,baccarat_bet02_101_all_pairs_incl_sentinel,round_win = game_pnl > 0 (decisive only),COMPATIBILITY_ONLY_NOT_PRODUCTION,56048.8330,49696.4368,6641.1888,257,256,-0.11848933,-0.08402311,-0.12321726,-0.11848933,-6641.1888,56048.8330,OK,0.0000,265.6476,4.0000,96.0000,AG03-UNRESOLVED,ALL5_LEVELS_bet23_to_bet27,265.6476,265.6476,332.0594,332.0594,332.0594,4.000000,4.000000,5.000000,5.000000,5.000000,96.000000,96.000000,95.000000,95.000000,95.000000,5.0,1527.4734,1393.6083,5113.7154,5247.5805,PENDING_AG03,FALSE,NOT_FOR_ENFORCEMENT,6375.5412,47708.5794,6641.1888,6375.5412,265.6476,0.11848933,0.11374976,265.6476,6375.5412,0.11374976,265.6476,265.6476,332.0594,332.0594,332.0594,6375.5412,0.11374976,1527.4734,1393.6083,5113.7154,5247.5805,0.09123679,0.09362515,0.00473957,218.0888,194.1267,25.9421,174.7681,44.8729,1474.9693,6.7368,157.2346,230.3166,128.5777,257.1553,258.1778,388.3046,514.3107,767.8663,154.9067,0.0,2.0,2.986002,0.848082,27,96,50,4,0.12062849,0.11848933,0.08402311,0E-8,0.000000,0.886663,0.000000,0.03919416,2026-05-24,2026-08-05,38,148,140,74,0.513514,0.682689,0.720966,0.402095,,,,,,,,GLOBAL_BASELINE_NO_ENTITY_RANKING,,,NOT_APPLICABLE_GLOBAL_BASELINE,HF9g-P5,,,,X 全窗基线 · 不参与实体赏罚,14192971,1420,A168_HF9F_20260827_0900,2026-08-27 09:00:00
2026-06-24,150505951,2220,0,257.1553475455,-257.1553475455,-257.1553475455,0E-7,1,1,0.49324550000000000,0.493245500000,-0.9865810262130424,-0.9865810262130424,-0.9865810262130424,0E-17,ELIGIBLE,R03b_20260811_FULL_v1,L1_ELIGIBILITY,v2026-08-11,2026-03-21..2026-08-06,baccarat_bet02_101_all_pairs_incl_sentinel,round_win = game_pnl > 0 (decisive only),COMPATIBILITY_ONLY_NOT_PRODUCTION,56048.8330,49696.4368,6641.1888,257,256,-0.11848933,-0.08402311,-0.12321726,-0.11848933,-6641.1888,56048.8330,OK,0.0000,265.6476,4.0000,96.0000,AG03-UNRESOLVED,ALL5_LEVELS_bet23_to_bet27,265.6476,265.6476,332.0594,332.0594,332.0594,4.000000,4.000000,5.000000,5.000000,5.000000,96.000000,96.000000,95.000000,95.000000,95.000000,5.0,1527.4734,1393.6083,5113.7154,5247.5805,PENDING_AG03,FALSE,NOT_FOR_ENFORCEMENT,6375.5412,47708.5794,6641.1888,6375.5412,265.6476,0.11848933,0.11374976,265.6476,6375.5412,0.11374976,265.6476,265.6476,332.0594,332.0594,332.0594,6375.5412,0.11374976,1527.4734,1393.6083,5113.7154,5247.5805,0.09123679,0.09362515,0.00473957,218.0888,194.1267,25.9421,174.7681,44.8729,1474.9693,6.7368,157.2346,230.3166,128.5777,257.1553,258.1778,388.3046,514.3107,767.8663,154.9067,0.0,2.0,2.986002,0.848082,27,96,50,4,0.12062849,0.11848933,0.08402311,0E-8,0.000000,0.886663,0.000000,0.03919416,2026-05-24,2026-08-05,38,148,140,74,0.513514,0.682689,0.720966,0.402095,,,,,,,,GLOBAL_BASELINE_NO_ENTITY_RANKING,,,NOT_APPLICABLE_GLOBAL_BASELINE,HF9g-P5,,,,X 全窗基线 · 不参与实体赏罚,14192972,1420,A168_HF9F_20260827_0900,2026-08-27 09:00:00
2026-06-24,150505951,462,0,514.3106950909,-514.3106950909,-514.3106950909,0E-7,1,1,0.49324550000000000,0.493245500000,-0.9865810262130424,-0.9865810262130424,-0.9865810262130424,0E-17,ELIGIBLE,R03b_20260811_FULL_v1,L1_ELIGIBILITY,v2026-08-11,2026-03-21..2026-08-06,baccarat_bet02_101_all_pairs_incl_sentinel,round_win = game_pnl > 0 (decisive only),COMPATIBILITY_ONLY_NOT_PRODUCTION,56048.8330,49696.4368,6641.1888,257,256,-0.11848933,-0.08402311,-0.12321726,-0.11848933,-6641.1888,56048.8330,OK,0.0000,265.6476,4.0000,96.0000,AG03-UNRESOLVED,ALL5_LEVELS_bet23_to_bet27,265.6476,265.6476,332.0594,332.0594,332.0594,4.000000,4.000000,5.000000,5.000000,5.000000,96.000000,96.000000,95.000000,95.000000,95.000000,5.0,1527.4734,1393.6083,5113.7154,5247.5805,PENDING_AG03,FALSE,NOT_FOR_ENFORCEMENT,6375.5412,47708.5794,6641.1888,6375.5412,265.6476,0.11848933,0.11374976,265.6476,6375.5412,0.11374976,265.6476,265.6476,332.0594,332.0594,332.0594,6375.5412,0.11374976,1527.4734,1393.6083,5113.7154,5247.5805,0.09123679,0.09362515,0.00473957,218.0888,194.1267,25.9421,174.7681,44.8729,1474.9693,6.7368,157.2346,230.3166,128.5777,257.1553,258.1778,388.3046,514.3107,767.8663,154.9067,0.0,2.0,2.986002,0.848082,27,96,50,4,0.12062849,0.11848933,0.08402311,0E-8,0.000000,0.886663,0.000000,0.03919416,2026-05-24,2026-08-05,38,148,140,74,0.513514,0.682689,0.720966,0.402095,,,,,,,,GLOBAL_BASELINE_NO_ENTITY_RANKING,,,NOT_APPLICABLE_GLOBAL_BASELINE,HF9g-P5,,,,X 全窗基线 · 不参与实体赏罚,14192973,1420,A168_HF9F_20260827_0900,2026-08-27 09:00:00
2026-06-25,150505951,1157,0,257.1553475455,0E-10,0E-10,,1,1,0.49324550000000000,0.493245500000,,,,0E-17,NO_DECISIVE_ROUND,R03b_20260811_FULL_v1,L1_ELIGIBILITY,v2026-08-11,2026-03-21..2026-08-06,baccarat_bet02_101_all_pairs_incl_sentinel,round_win = game_pnl > 0 (decisive only),COMPATIBILITY_ONLY_NOT_PRODUCTION,56048.8330,49696.4368,6641.1888,257,256,-0.11848933,-0.08402311,-0.12321726,-0.11848933,-6641.1888,56048.8330,OK,0.0000,265.6476,4.0000,96.0000,AG03-UNRESOLVED,ALL5_LEVELS_bet23_to_bet27,265.6476,265.6476,332.0594,332.0594,332.0594,4.000000,4.000000,5.000000,5.000000,5.000000,96.000000,96.000000,95.000000,95.000000,95.000000,5.0,1527.4734,1393.6083,5113.7154,5247.5805,PENDING_AG03,FALSE,NOT_FOR_ENFORCEMENT,6375.5412,47708.5794,6641.1888,6375.5412,265.6476,0.11848933,0.11374976,265.6476,6375.5412,0.11374976,265.6476,265.6476,332.0594,332.0594,332.0594,6375.5412,0.11374976,1527.4734,1393.6083,5113.7154,5247.5805,0.09123679,0.09362515,0.00473957,218.0888,194.1267,25.9421,174.7681,44.8729,1474.9693,6.7368,157.2346,230.3166,128.5777,257.1553,258.1778,388.3046,514.3107,767.8663,154.9067,0.0,2.0,2.986002,0.848082,27,96,50,4,0.12062849,0.11848933,0.08402311,0E-8,0.000000,0.886663,0.000000,0.03919416,2026-05-24,2026-08-05,38,148,140,74,0.513514,0.682689,0.720966,0.402095,,,,,,,,GLOBAL_BASELINE_NO_ENTITY_RANKING,,,NOT_APPLICABLE_GLOBAL_BASELINE,HF9g-P5,,,,X 全窗基线 · 不参与实体赏罚,14192974,1420,A168_HF9F_20260827_0900,2026-08-27 09:00:00
2026-06-25,150505951,1325,0,771.4660426364,-771.4660426364,-771.4660426364,0E-7,1,1,0.49324550000000000,0.493245500000,-0.9865810262130424,-0.9865810262130424,-0.9865810262130424,0E-17,ELIGIBLE,R03b_20260811_FULL_v1,L1_ELIGIBILITY,v2026-08-11,2026-03-21..2026-08-06,baccarat_bet02_101_all_pairs_incl_sentinel,round_win = game_pnl > 0 (decisive only),COMPATIBILITY_ONLY_NOT_PRODUCTION,56048.8330,49696.4368,6641.1888,257,256,-0.11848933,-0.08402311,-0.12321726,-0.11848933,-6641.1888,56048.8330,OK,0.0000,265.6476,4.0000,96.0000,AG03-UNRESOLVED,ALL5_LEVELS_bet23_to_bet27,265.6476,265.6476,332.0594,332.0594,332.0594,4.000000,4.000000,5.000000,5.000000,5.000000,96.000000,96.000000,95.000000,95.000000,95.000000,5.0,1527.4734,1393.6083,5113.7154,5247.5805,PENDING_AG03,FALSE,NOT_FOR_ENFORCEMENT,6375.5412,47708.5794,6641.1888,6375.5412,265.6476,0.11848933,0.11374976,265.6476,6375.5412,0.11374976,265.6476,265.6476,332.0594,332.0594,332.0594,6375.5412,0.11374976,1527.4734,1393.6083,5113.7154,5247.5805,0.09123679,0.09362515,0.00473957,218.0888,194.1267,25.9421,174.7681,44.8729,1474.9693,6.7368,157.2346,230.3166,128.5777,257.1553,258.1778,388.3046,514.3107,767.8663,154.9067,0.0,2.0,2.986002,0.848082,27,96,50,4,0.12062849,0.11848933,0.08402311,0E-8,0.000000,0.886663,0.000000,0.03919416,2026-05-24,2026-08-05,38,148,140,74,0.513514,0.682689,0.720966,0.402095,,,,,,,,GLOBAL_BASELINE_NO_ENTITY_RANKING,,,NOT_APPLICABLE_GLOBAL_BASELINE,HF9g-P5,,,,X 全窗基线 · 不参与实体赏罚,14192975,1420,A168_HF9F_20260827_0900,2026-08-27 09:00:00
2026-06-25,150505951,1383,0,128.5776737727,-128.5776737727,-128.5776737727,0E-7,1,1,0.49324550000000000,0.493245500000,-0.9865810262130424,-0.9865810262130424,-0.9865810262130424,0E-17,ELIGIBLE,R03b_20260811_FULL_v1,L1_ELIGIBILITY,v2026-08-11,2026-03-21..2026-08-06,baccarat_bet02_101_all_pairs_incl_sentinel,round_win = game_pnl > 0 (decisive only),COMPATIBILITY_ONLY_NOT_PRODUCTION,56048.8330,49696.4368,6641.1888,257,256,-0.11848933,-0.08402311,-0.12321726,-0.11848933,-6641.1888,56048.8330,OK,0.0000,265.6476,4.0000,96.0000,AG03-UNRESOLVED,ALL5_LEVELS_bet23_to_bet27,265.6476,265.6476,332.0594,332.0594,332.0594,4.000000,4.000000,5.000000,5.000000,5.000000,96.000000,96.000000,95.000000,95.000000,95.000000,5.0,1527.4734,1393.6083,5113.7154,5247.5805,PENDING_AG03,FALSE,NOT_FOR_ENFORCEMENT,6375.5412,47708.5794,6641.1888,6375.5412,265.6476,0.11848933,0.11374976,265.6476,6375.5412,0.11374976,265.6476,265.6476,332.0594,332.0594,332.0594,6375.5412,0.11374976,1527.4734,1393.6083,5113.7154,5247.5805,0.09123679,0.09362515,0.00473957,218.0888,194.1267,25.9421,174.7681,44.8729,1474.9693,6.7368,157.2346,230.3166,128.5777,257.1553,258.1778,388.3046,514.3107,767.8663,154.9067,0.0,2.0,2.986002,0.848082,27,96,50,4,0.12062849,0.11848933,0.08402311,0E-8,0.000000,0.886663,0.000000,0.03919416,2026-05-24,2026-08-05,38,148,140,74,0.513514,0.682689,0.720966,0.402095,,,,,,,,GLOBAL_BASELINE_NO_ENTITY_RANKING,,,NOT_APPLICABLE_GLOBAL_BASELINE,HF9g-P5,,,,X 全窗基线 · 不参与实体赏罚,14192976,1420,A168_HF9F_20260827_0900,2026-08-27 09:00:00
2026-06-25,150505951,1402,0,180.2658986294,180.2658986294,180.2658986294,1.0000000,2,2,0.49324550000000000,0.493245500000,1.4334489766152358,1.4334489766152358,1.4334489766152358,0E-17,ELIGIBLE,R03b_20260811_FULL_v1,L1_ELIGIBILITY,v2026-08-11,2026-03-21..2026-08-06,baccarat_bet02_101_all_pairs_incl_sentinel,round_win = game_pnl > 0 (decisive only),COMPATIBILITY_ONLY_NOT_PRODUCTION,56048.8330,49696.4368,6641.1888,257,256,-0.11848933,-0.08402311,-0.12321726,-0.11848933,-6641.1888,56048.8330,OK,0.0000,265.6476,4.0000,96.0000,AG03-UNRESOLVED,ALL5_LEVELS_bet23_to_bet27,265.6476,265.6476,332.0594,332.0594,332.0594,4.000000,4.000000,5.000000,5.000000,5.000000,96.000000,96.000000,95.000000,95.000000,95.000000,5.0,1527.4734,1393.6083,5113.7154,5247.5805,PENDING_AG03,FALSE,NOT_FOR_ENFORCEMENT,6375.5412,47708.5794,6641.1888,6375.5412,265.6476,0.11848933,0.11374976,265.6476,6375.5412,0.11374976,265.6476,265.6476,332.0594,332.0594,332.0594,6375.5412,0.11374976,1527.4734,1393.6083,5113.7154,5247.5805,0.09123679,0.09362515,0.00473957,218.0888,194.1267,25.9421,174.7681,44.8729,1474.9693,6.7368,157.2346,230.3166,128.5777,257.1553,258.1778,388.3046,514.3107,767.8663,154.9067,0.0,2.0,2.986002,0.848082,27,96,50,4,0.12062849,0.11848933,0.08402311,0E-8,0.000000,0.886663,0.000000,0.03919416,2026-05-24,2026-08-05,38,148,140,74,0.513514,0.682689,0.720966,0.402095,,,,,,,,GLOBAL_BASELINE_NO_ENTITY_RANKING,,,NOT_APPLICABLE_GLOBAL_BASELINE,HF9g-P5,,,,X 全窗基线 · 不参与实体赏罚,14192977,1420,A168_HF9F_20260827_0900,2026-08-27 09:00:00
2026-06-25,150505951,1485,0,128.5776737727,-128.5776737727,-128.5776737727,0E-7,1,1,0.49324550000000000,0.493245500000,-0.9865810262130424,-0.9865810262130424,-0.9865810262130424,0E-17,ELIGIBLE,R03b_20260811_FULL_v1,L1_ELIGIBILITY,v2026-08-11,2026-03-21..2026-08-06,baccarat_bet02_101_all_pairs_incl_sentinel,round_win = game_pnl > 0 (decisive only),COMPATIBILITY_ONLY_NOT_PRODUCTION,56048.8330,49696.4368,6641.1888,257,256,-0.11848933,-0.08402311,-0.12321726,-0.11848933,-6641.1888,56048.8330,OK,0.0000,265.6476,4.0000,96.0000,AG03-UNRESOLVED,ALL5_LEVELS_bet23_to_bet27,265.6476,265.6476,332.0594,332.0594,332.0594,4.000000,4.000000,5.000000,5.000000,5.000000,96.000000,96.000000,95.000000,95.000000,95.000000,5.0,1527.4734,1393.6083,5113.7154,5247.5805,PENDING_AG03,FALSE,NOT_FOR_ENFORCEMENT,6375.5412,47708.5794,6641.1888,6375.5412,265.6476,0.11848933,0.11374976,265.6476,6375.5412,0.11374976,265.6476,265.6476,332.0594,332.0594,332.0594,6375.5412,0.11374976,1527.4734,1393.6083,5113.7154,5247.5805,0.09123679,0.09362515,0.00473957,218.0888,194.1267,25.9421,174.7681,44.8729,1474.9693,6.7368,157.2346,230.3166,128.5777,257.1553,258.1778,388.3046,514.3107,767.8663,154.9067,0.0,2.0,2.986002,0.848082,27,96,50,4,0.12062849,0.11848933,0.08402311,0E-8,0.000000,0.886663,0.000000,0.03919416,2026-05-24,2026-08-05,38,148,140,74,0.513514,0.682689,0.720966,0.402095,,,,,,,,GLOBAL_BASELINE_NO_ENTITY_RANKING,,,NOT_APPLICABLE_GLOBAL_BASELINE,HF9g-P5,,,,X 全窗基线 · 不参与实体赏罚,14192978,1420,A168_HF9F_20260827_0900,2026-08-27 09:00:00
2026-06-25,150505951,1507,0,771.4660426365,-257.1553475455,-257.1553475455,0.3333333,3,3,0.49324550000000000,0.493245500000,-0.5540025479526107,-0.5540025479526106,-0.5540025479526107,0E-17,ELIGIBLE,R03b_20260811_FULL_v1,L1_ELIGIBILITY,v2026-08-11,2026-03-21..2026-08-06,baccarat_bet02_101_all_pairs_incl_sentinel,round_win = game_pnl > 0 (decisive only),COMPATIBILITY_ONLY_NOT_PRODUCTION,56048.8330,49696.4368,6641.1888,257,256,-0.11848933,-0.08402311,-0.12321726,-0.11848933,-6641.1888,56048.8330,OK,0.0000,265.6476,4.0000,96.0000,AG03-UNRESOLVED,ALL5_LEVELS_bet23_to_bet27,265.6476,265.6476,332.0594,332.0594,332.0594,4.000000,4.000000,5.000000,5.000000,5.000000,96.000000,96.000000,95.000000,95.000000,95.000000,5.0,1527.4734,1393.6083,5113.7154,5247.5805,PENDING_AG03,FALSE,NOT_FOR_ENFORCEMENT,6375.5412,47708.5794,6641.1888,6375.5412,265.6476,0.11848933,0.11374976,265.6476,6375.5412,0.11374976,265.6476,265.6476,332.0594,332.0594,332.0594,6375.5412,0.11374976,1527.4734,1393.6083,5113.7154,5247.5805,0.09123679,0.09362515,0.00473957,218.0888,194.1267,25.9421,174.7681,44.8729,1474.9693,6.7368,157.2346,230.3166,128.5777,257.1553,258.1778,388.3046,514.3107,767.8663,154.9067,0.0,2.0,2.986002,0.848082,27,96,50,4,0.12062849,0.11848933,0.08402311,0E-8,0.000000,0.886663,0.000000,0.03919416,2026-05-24,2026-08-05,38,148,140,74,0.513514,0.682689,0.720966,0.402095,,,,,,,,GLOBAL_BASELINE_NO_ENTITY_RANKING,,,NOT_APPLICABLE_GLOBAL_BASELINE,HF9g-P5,,,,X 全窗基线 · 不参与实体赏罚,14192979,1420,A168_HF9F_20260827_0900,2026-08-27 09:00:00
2026-06-25,150505951,2170,0,1157.1990639546,385.7330213182,385.7330213182,1.0000000,2,2,0.49324550000000000,0.493245500000,1.01360149184955,1.01360149184955,1.01360149184955,0E-17,ELIGIBLE,R03b_20260811_FULL_v1,L1_ELIGIBILITY,v2026-08-11,2026-03-21..2026-08-06,baccarat_bet02_101_all_pairs_incl_sentinel,round_win = game_pnl > 0 (decisive only),COMPATIBILITY_ONLY_NOT_PRODUCTION,56048.8330,49696.4368,6641.1888,257,256,-0.11848933,-0.08402311,-0.12321726,-0.11848933,-6641.1888,56048.8330,OK,0.0000,265.6476,4.0000,96.0000,AG03-UNRESOLVED,ALL5_LEVELS_bet23_to_bet27,265.6476,265.6476,332.0594,332.0594,332.0594,4.000000,4.000000,5.000000,5.000000,5.000000,96.000000,96.000000,95.000000,95.000000,95.000000,5.0,1527.4734,1393.6083,5113.7154,5247.5805,PENDING_AG03,FALSE,NOT_FOR_ENFORCEMENT,6375.5412,47708.5794,6641.1888,6375.5412,265.6476,0.11848933,0.11374976,265.6476,6375.5412,0.11374976,265.6476,265.6476,332.0594,332.0594,332.0594,6375.5412,0.11374976,1527.4734,1393.6083,5113.7154,5247.5805,0.09123679,0.09362515,0.00473957,218.0888,194.1267,25.9421,174.7681,44.8729,1474.9693,6.7368,157.2346,230.3166,128.5777,257.1553,258.1778,388.3046,514.3107,767.8663,154.9067,0.0,2.0,2.986002,0.848082,27,96,50,4,0.12062849,0.11848933,0.08402311,0E-8,0.000000,0.886663,0.000000,0.03919416,2026-05-24,2026-08-05,38,148,140,74,0.513514,0.682689,0.720966,0.402095,,,,,,,,GLOBAL_BASELINE_NO_ENTITY_RANKING,,,NOT_APPLICABLE_GLOBAL_BASELINE,HF9g-P5,,,,X 全窗基线 · 不参与实体赏罚,14192980,1420,A168_HF9F_20260827_0900,2026-08-27 09:00:00
2026-06-25,150505951,462,0,720.0349731272,0E-10,0E-10,0.5000000,2,2,0.49324550000000000,0.493245500000,0.01910635448239258,0.01910635448239258,0.01910635448239258,0E-17,ELIGIBLE,R03b_20260811_FULL_v1,L1_ELIGIBILITY,v2026-08-11,2026-03-21..2026-08-06,baccarat_bet02_101_all_pairs_incl_sentinel,round_win = game_pnl > 0 (decisive only),COMPATIBILITY_ONLY_NOT_PRODUCTION,56048.8330,49696.4368,6641.1888,257,256,-0.11848933,-0.08402311,-0.12321726,-0.11848933,-6641.1888,56048.8330,OK,0.0000,265.6476,4.0000,96.0000,AG03-UNRESOLVED,ALL5_LEVELS_bet23_to_bet27,265.6476,265.6476,332.0594,332.0594,332.0594,4.000000,4.000000,5.000000,5.000000,5.000000,96.000000,96.000000,95.000000,95.000000,95.000000,5.0,1527.4734,1393.6083,5113.7154,5247.5805,PENDING_AG03,FALSE,NOT_FOR_ENFORCEMENT,6375.5412,47708.5794,6641.1888,6375.5412,265.6476,0.11848933,0.11374976,265.6476,6375.5412,0.11374976,265.6476,265.6476,332.0594,332.0594,332.0594,6375.5412,0.11374976,1527.4734,1393.6083,5113.7154,5247.5805,0.09123679,0.09362515,0.00473957,218.0888,194.1267,25.9421,174.7681,44.8729,1474.9693,6.7368,157.2346,230.3166,128.5777,257.1553,258.1778,388.3046,514.3107,767.8663,154.9067,0.0,2.0,2.986002,0.848082,27,96,50,4,0.12062849,0.11848933,0.08402311,0E-8,0.000000,0.886663,0.000000,0.03919416,2026-05-24,2026-08-05,38,148,140,74,0.513514,0.682689,0.720966,0.402095,,,,,,,,GLOBAL_BASELINE_NO_ENTITY_RANKING,,,NOT_APPLICABLE_GLOBAL_BASELINE,HF9g-P5,,,,X 全窗基线 · 不参与实体赏罚,14192981,1420,A168_HF9F_20260827_0900,2026-08-27 09:00:00
2026-06-25,150505951,595,0,1080.0524596909,-360.0174865637,-360.0174865637,0.5000000,2,2,0.49324550000000000,0.493245500000,0.01910635448239258,0.01910635448239258,0.01910635448239258,0E-17,ELIGIBLE,R03b_20260811_FULL_v1,L1_ELIGIBILITY,v2026-08-11,2026-03-21..2026-08-06,baccarat_bet02_101_all_pairs_incl_sentinel,round_win = game_pnl > 0 (decisive only),COMPATIBILITY_ONLY_NOT_PRODUCTION,56048.8330,49696.4368,6641.1888,257,256,-0.11848933,-0.08402311,-0.12321726,-0.11848933,-6641.1888,56048.8330,OK,0.0000,265.6476,4.0000,96.0000,AG03-UNRESOLVED,ALL5_LEVELS_bet23_to_bet27,265.6476,265.6476,332.0594,332.0594,332.0594,4.000000,4.000000,5.000000,5.000000,5.000000,96.000000,96.000000,95.000000,95.000000,95.000000,5.0,1527.4734,1393.6083,5113.7154,5247.5805,PENDING_AG03,FALSE,NOT_FOR_ENFORCEMENT,6375.5412,47708.5794,6641.1888,6375.5412,265.6476,0.11848933,0.11374976,265.6476,6375.5412,0.11374976,265.6476,265.6476,332.0594,332.0594,332.0594,6375.5412,0.11374976,1527.4734,1393.6083,5113.7154,5247.5805,0.09123679,0.09362515,0.00473957,218.0888,194.1267,25.9421,174.7681,44.8729,1474.9693,6.7368,157.2346,230.3166,128.5777,257.1553,258.1778,388.3046,514.3107,767.8663,154.9067,0.0,2.0,2.986002,0.848082,27,96,50,4,0.12062849,0.11848933,0.08402311,0E-8,0.000000,0.886663,0.000000,0.03919416,2026-05-24,2026-08-05,38,148,140,74,0.513514,0.682689,0.720966,0.402095,,,,,,,,GLOBAL_BASELINE_NO_ENTITY_RANKING,,,NOT_APPLICABLE_GLOBAL_BASELINE,HF9g-P5,,,,X 全窗基线 · 不参与实体赏罚,14192982,1420,A168_HF9F_20260827_0900,2026-08-27 09:00:00
2026-06-25,150505951,987,0,514.3106950910,514.3106950910,514.3106950910,1.0000000,2,2,0.49324550000000000,0.493245500000,1.4334489766152358,1.4334489766152358,1.4334489766152358,0E-17,ELIGIBLE,R03b_20260811_FULL_v1,L1_ELIGIBILITY,v2026-08-11,2026-03-21..2026-08-06,baccarat_bet02_101_all_pairs_incl_sentinel,round_win = game_pnl > 0 (decisive only),COMPATIBILITY_ONLY_NOT_PRODUCTION,56048.8330,49696.4368,6641.1888,257,256,-0.11848933,-0.08402311,-0.12321726,-0.11848933,-6641.1888,56048.8330,OK,0.0000,265.6476,4.0000,96.0000,AG03-UNRESOLVED,ALL5_LEVELS_bet23_to_bet27,265.6476,265.6476,332.0594,332.0594,332.0594,4.000000,4.000000,5.000000,5.000000,5.000000,96.000000,96.000000,95.000000,95.000000,95.000000,5.0,1527.4734,1393.6083,5113.7154,5247.5805,PENDING_AG03,FALSE,NOT_FOR_ENFORCEMENT,6375.5412,47708.5794,6641.1888,6375.5412,265.6476,0.11848933,0.11374976,265.6476,6375.5412,0.11374976,265.6476,265.6476,332.0594,332.0594,332.0594,6375.5412,0.11374976,1527.4734,1393.6083,5113.7154,5247.5805,0.09123679,0.09362515,0.00473957,218.0888,194.1267,25.9421,174.7681,44.8729,1474.9693,6.7368,157.2346,230.3166,128.5777,257.1553,258.1778,388.3046,514.3107,767.8663,154.9067,0.0,2.0,2.986002,0.848082,27,96,50,4,0.12062849,0.11848933,0.08402311,0E-8,0.000000,0.886663,0.000000,0.03919416,2026-05-24,2026-08-05,38,148,140,74,0.513514,0.682689,0.720966,0.402095,,,,,,,,GLOBAL_BASELINE_NO_ENTITY_RANKING,,,NOT_APPLICABLE_GLOBAL_BASELINE,HF9g-P5,,,,X 全窗基线 · 不参与实体赏罚,14192983,1420,A168_HF9F_20260827_0900,2026-08-27 09:00:00
2026-06-27,150505951,1994,0,901.3294931469,901.3294931469,901.3294931469,1.0000000,3,3,0.49324550000000000,0.493245500000,1.755609282511032,1.7556092825110319,1.755609282511032,0E-17,ELIGIBLE,R03b_20260811_FULL_v1,L1_ELIGIBILITY,v2026-08-11,2026-03-21..2026-08-06,baccarat_bet02_101_all_pairs_incl_sentinel,round_win = game_pnl > 0 (decisive only),COMPATIBILITY_ONLY_NOT_PRODUCTION,56048.8330,49696.4368,6641.1888,257,256,-0.11848933,-0.08402311,-0.12321726,-0.11848933,-6641.1888,56048.8330,OK,0.0000,265.6476,4.0000,96.0000,AG03-UNRESOLVED,ALL5_LEVELS_bet23_to_bet27,265.6476,265.6476,332.0594,332.0594,332.0594,4.000000,4.000000,5.000000,5.000000,5.000000,96.000000,96.000000,95.000000,95.000000,95.000000,5.0,1527.4734,1393.6083,5113.7154,5247.5805,PENDING_AG03,FALSE,NOT_FOR_ENFORCEMENT,6375.5412,47708.5794,6641.1888,6375.5412,265.6476,0.11848933,0.11374976,265.6476,6375.5412,0.11374976,265.6476,265.6476,332.0594,332.0594,332.0594,6375.5412,0.11374976,1527.4734,1393.6083,5113.7154,5247.5805,0.09123679,0.09362515,0.00473957,218.0888,194.1267,25.9421,174.7681,44.8729,1474.9693,6.7368,157.2346,230.3166,128.5777,257.1553,258.1778,388.3046,514.3107,767.8663,154.9067,0.0,2.0,2.986002,0.848082,27,96,50,4,0.12062849,0.11848933,0.08402311,0E-8,0.000000,0.886663,0.000000,0.03919416,2026-05-24,2026-08-05,38,148,140,74,0.513514,0.682689,0.720966,0.402095,,,,,,,,GLOBAL_BASELINE_NO_ENTITY_RANKING,,,NOT_APPLICABLE_GLOBAL_BASELINE,HF9g-P5,,,,X 全窗基线 · 不参与实体赏罚,14192984,1420,A168_HF9F_20260827_0900,2026-08-27 09:00:00
2026-06-27,150505951,2134,0,257.1553475455,-257.1553475455,-257.1553475455,0E-7,1,1,0.49324550000000000,0.493245500000,-0.9865810262130424,-0.9865810262130424,-0.9865810262130424,0E-17,ELIGIBLE,R03b_20260811_FULL_v1,L1_ELIGIBILITY,v2026-08-11,2026-03-21..2026-08-06,baccarat_bet02_101_all_pairs_incl_sentinel,round_win = game_pnl > 0 (decisive only),COMPATIBILITY_ONLY_NOT_PRODUCTION,56048.8330,49696.4368,6641.1888,257,256,-0.11848933,-0.08402311,-0.12321726,-0.11848933,-6641.1888,56048.8330,OK,0.0000,265.6476,4.0000,96.0000,AG03-UNRESOLVED,ALL5_LEVELS_bet23_to_bet27,265.6476,265.6476,332.0594,332.0594,332.0594,4.000000,4.000000,5.000000,5.000000,5.000000,96.000000,96.000000,95.000000,95.000000,95.000000,5.0,1527.4734,1393.6083,5113.7154,5247.5805,PENDING_AG03,FALSE,NOT_FOR_ENFORCEMENT,6375.5412,47708.5794,6641.1888,6375.5412,265.6476,0.11848933,0.11374976,265.6476,6375.5412,0.11374976,265.6476,265.6476,332.0594,332.0594,332.0594,6375.5412,0.11374976,1527.4734,1393.6083,5113.7154,5247.5805,0.09123679,0.09362515,0.00473957,218.0888,194.1267,25.9421,174.7681,44.8729,1474.9693,6.7368,157.2346,230.3166,128.5777,257.1553,258.1778,388.3046,514.3107,767.8663,154.9067,0.0,2.0,2.986002,0.848082,27,96,50,4,0.12062849,0.11848933,0.08402311,0E-8,0.000000,0.886663,0.000000,0.03919416,2026-05-24,2026-08-05,38,148,140,74,0.513514,0.682689,0.720966,0.402095,,,,,,,,GLOBAL_BASELINE_NO_ENTITY_RANKING,,,NOT_APPLICABLE_GLOBAL_BASELINE,HF9g-P5,,,,X 全窗基线 · 不参与实体赏罚,14192985,1420,A168_HF9F_20260827_0900,2026-08-27 09:00:00
2026-06-27,150505951,2252,0,643.4026795587,-128.0633630777,-128.0633630777,0.5000000,2,2,0.49324550000000000,0.493245500000,0.01910635448239258,0.01910635448239258,0.01910635448239258,0E-17,ELIGIBLE,R03b_20260811_FULL_v1,L1_ELIGIBILITY,v2026-08-11,2026-03-21..2026-08-06,baccarat_bet02_101_all_pairs_incl_sentinel,round_win = game_pnl > 0 (decisive only),COMPATIBILITY_ONLY_NOT_PRODUCTION,56048.8330,49696.4368,6641.1888,257,256,-0.11848933,-0.08402311,-0.12321726,-0.11848933,-6641.1888,56048.8330,OK,0.0000,265.6476,4.0000,96.0000,AG03-UNRESOLVED,ALL5_LEVELS_bet23_to_bet27,265.6476,265.6476,332.0594,332.0594,332.0594,4.000000,4.000000,5.000000,5.000000,5.000000,96.000000,96.000000,95.000000,95.000000,95.000000,5.0,1527.4734,1393.6083,5113.7154,5247.5805,PENDING_AG03,FALSE,NOT_FOR_ENFORCEMENT,6375.5412,47708.5794,6641.1888,6375.5412,265.6476,0.11848933,0.11374976,265.6476,6375.5412,0.11374976,265.6476,265.6476,332.0594,332.0594,332.0594,6375.5412,0.11374976,1527.4734,1393.6083,5113.7154,5247.5805,0.09123679,0.09362515,0.00473957,218.0888,194.1267,25.9421,174.7681,44.8729,1474.9693,6.7368,157.2346,230.3166,128.5777,257.1553,258.1778,388.3046,514.3107,767.8663,154.9067,0.0,2.0,2.986002,0.848082,27,96,50,4,0.12062849,0.11848933,0.08402311,0E-8,0.000000,0.886663,0.000000,0.03919416,2026-05-24,2026-08-05,38,148,140,74,0.513514,0.682689,0.720966,0.402095,,,,,,,,GLOBAL_BASELINE_NO_ENTITY_RANKING,,,NOT_APPLICABLE_GLOBAL_BASELINE,HF9g-P5,,,,X 全窗基线 · 不参与实体赏罚,14192986,1420,A168_HF9F_20260827_0900,2026-08-27 09:00:00
2026-06-29,150505951,1115,0,771.4660426364,-771.4660426364,-771.4660426364,0E-7,1,1,0.49324550000000000,0.493245500000,-0.9865810262130424,-0.9865810262130424,-0.9865810262130424,0E-17,ELIGIBLE,R03b_20260811_FULL_v1,L1_ELIGIBILITY,v2026-08-11,2026-03-21..2026-08-06,baccarat_bet02_101_all_pairs_incl_sentinel,round_win = game_pnl > 0 (decisive only),COMPATIBILITY_ONLY_NOT_PRODUCTION,56048.8330,49696.4368,6641.1888,257,256,-0.11848933,-0.08402311,-0.12321726,-0.11848933,-6641.1888,56048.8330,OK,0.0000,265.6476,4.0000,96.0000,AG03-UNRESOLVED,ALL5_LEVELS_bet23_to_bet27,265.6476,265.6476,332.0594,332.0594,332.0594,4.000000,4.000000,5.000000,5.000000,5.000000,96.000000,96.000000,95.000000,95.000000,95.000000,5.0,1527.4734,1393.6083,5113.7154,5247.5805,PENDING_AG03,FALSE,NOT_FOR_ENFORCEMENT,6375.5412,47708.5794,6641.1888,6375.5412,265.6476,0.11848933,0.11374976,265.6476,6375.5412,0.11374976,265.6476,265.6476,332.0594,332.0594,332.0594,6375.5412,0.11374976,1527.4734,1393.6083,5113.7154,5247.5805,0.09123679,0.09362515,0.00473957,218.0888,194.1267,25.9421,174.7681,44.8729,1474.9693,6.7368,157.2346,230.3166,128.5777,257.1553,258.1778,388.3046,514.3107,767.8663,154.9067,0.0,2.0,2.986002,0.848082,27,96,50,4,0.12062849,0.11848933,0.08402311,0E-8,0.000000,0.886663,0.000000,0.03919416,2026-05-24,2026-08-05,38,148,140,74,0.513514,0.682689,0.720966,0.402095,,,,,,,,GLOBAL_BASELINE_NO_ENTITY_RANKING,,,NOT_APPLICABLE_GLOBAL_BASELINE,HF9g-P5,,,,X 全窗基线 · 不参与实体赏罚,14192987,1420,A168_HF9F_20260827_0900,2026-08-27 09:00:00
2026-06-29,150505951,1318,0,257.1553475455,-257.1553475455,-257.1553475455,0E-7,1,1,0.49324550000000000,0.493245500000,-0.9865810262130424,-0.9865810262130424,-0.9865810262130424,0E-17,ELIGIBLE,R03b_20260811_FULL_v1,L1_ELIGIBILITY,v2026-08-11,2026-03-21..2026-08-06,baccarat_bet02_101_all_pairs_incl_sentinel,round_win = game_pnl > 0 (decisive only),COMPATIBILITY_ONLY_NOT_PRODUCTION,56048.8330,49696.4368,6641.1888,257,256,-0.11848933,-0.08402311,-0.12321726,-0.11848933,-6641.1888,56048.8330,OK,0.0000,265.6476,4.0000,96.0000,AG03-UNRESOLVED,ALL5_LEVELS_bet23_to_bet27,265.6476,265.6476,332.0594,332.0594,332.0594,4.000000,4.000000,5.000000,5.000000,5.000000,96.000000,96.000000,95.000000,95.000000,95.000000,5.0,1527.4734,1393.6083,5113.7154,5247.5805,PENDING_AG03,FALSE,NOT_FOR_ENFORCEMENT,6375.5412,47708.5794,6641.1888,6375.5412,265.6476,0.11848933,0.11374976,265.6476,6375.5412,0.11374976,265.6476,265.6476,332.0594,332.0594,332.0594,6375.5412,0.11374976,1527.4734,1393.6083,5113.7154,5247.5805,0.09123679,0.09362515,0.00473957,218.0888,194.1267,25.9421,174.7681,44.8729,1474.9693,6.7368,157.2346,230.3166,128.5777,257.1553,258.1778,388.3046,514.3107,767.8663,154.9067,0.0,2.0,2.986002,0.848082,27,96,50,4,0.12062849,0.11848933,0.08402311,0E-8,0.000000,0.886663,0.000000,0.03919416,2026-05-24,2026-08-05,38,148,140,74,0.513514,0.682689,0.720966,0.402095,,,,,,,,GLOBAL_BASELINE_NO_ENTITY_RANKING,,,NOT_APPLICABLE_GLOBAL_BASELINE,HF9g-P5,,,,X 全窗基线 · 不参与实体赏罚,14192988,1420,A168_HF9F_20260827_0900,2026-08-27 09:00:00
2026-06-29,150505951,1396,0,257.1553475455,0E-10,0E-10,,1,1,0.49324550000000000,0.493245500000,,,,0E-17,NO_DECISIVE_ROUND,R03b_20260811_FULL_v1,L1_ELIGIBILITY,v2026-08-11,2026-03-21..2026-08-06,baccarat_bet02_101_all_pairs_incl_sentinel,round_win = game_pnl > 0 (decisive only),COMPATIBILITY_ONLY_NOT_PRODUCTION,56048.8330,49696.4368,6641.1888,257,256,-0.11848933,-0.08402311,-0.12321726,-0.11848933,-6641.1888,56048.8330,OK,0.0000,265.6476,4.0000,96.0000,AG03-UNRESOLVED,ALL5_LEVELS_bet23_to_bet27,265.6476,265.6476,332.0594,332.0594,332.0594,4.000000,4.000000,5.000000,5.000000,5.000000,96.000000,96.000000,95.000000,95.000000,95.000000,5.0,1527.4734,1393.6083,5113.7154,5247.5805,PENDING_AG03,FALSE,NOT_FOR_ENFORCEMENT,6375.5412,47708.5794,6641.1888,6375.5412,265.6476,0.11848933,0.11374976,265.6476,6375.5412,0.11374976,265.6476,265.6476,332.0594,332.0594,332.0594,6375.5412,0.11374976,1527.4734,1393.6083,5113.7154,5247.5805,0.09123679,0.09362515,0.00473957,218.0888,194.1267,25.9421,174.7681,44.8729,1474.9693,6.7368,157.2346,230.3166,128.5777,257.1553,258.1778,388.3046,514.3107,767.8663,154.9067,0.0,2.0,2.986002,0.848082,27,96,50,4,0.12062849,0.11848933,0.08402311,0E-8,0.000000,0.886663,0.000000,0.03919416,2026-05-24,2026-08-05,38,148,140,74,0.513514,0.682689,0.720966,0.402095,,,,,,,,GLOBAL_BASELINE_NO_ENTITY_RANKING,,,NOT_APPLICABLE_GLOBAL_BASELINE,HF9g-P5,,,,X 全窗基线 · 不参与实体赏罚,14192989,1420,A168_HF9F_20260827_0900,2026-08-27 09:00:00
2026-06-29,150505951,1400,0,1676.1385553013,904.6725126649,904.6725126649,0.6666667,6,6,0.49324550000000000,0.493245500000,0.8496642703256836,0.8496642703256835,0.8496642703256836,0E-17,ELIGIBLE,R03b_20260811_FULL_v1,L1_ELIGIBILITY,v2026-08-11,2026-03-21..2026-08-06,baccarat_bet02_101_all_pairs_incl_sentinel,round_win = game_pnl > 0 (decisive only),COMPATIBILITY_ONLY_NOT_PRODUCTION,56048.8330,49696.4368,6641.1888,257,256,-0.11848933,-0.08402311,-0.12321726,-0.11848933,-6641.1888,56048.8330,OK,0.0000,265.6476,4.0000,96.0000,AG03-UNRESOLVED,ALL5_LEVELS_bet23_to_bet27,265.6476,265.6476,332.0594,332.0594,332.0594,4.000000,4.000000,5.000000,5.000000,5.000000,96.000000,96.000000,95.000000,95.000000,95.000000,5.0,1527.4734,1393.6083,5113.7154,5247.5805,PENDING_AG03,FALSE,NOT_FOR_ENFORCEMENT,6375.5412,47708.5794,6641.1888,6375.5412,265.6476,0.11848933,0.11374976,265.6476,6375.5412,0.11374976,265.6476,265.6476,332.0594,332.0594,332.0594,6375.5412,0.11374976,1527.4734,1393.6083,5113.7154,5247.5805,0.09123679,0.09362515,0.00473957,218.0888,194.1267,25.9421,174.7681,44.8729,1474.9693,6.7368,157.2346,230.3166,128.5777,257.1553,258.1778,388.3046,514.3107,767.8663,154.9067,0.0,2.0,2.986002,0.848082,27,96,50,4,0.12062849,0.11848933,0.08402311,0E-8,0.000000,0.886663,0.000000,0.03919416,2026-05-24,2026-08-05,38,148,140,74,0.513514,0.682689,0.720966,0.402095,,,,,,,,GLOBAL_BASELINE_NO_ENTITY_RANKING,,,NOT_APPLICABLE_GLOBAL_BASELINE,HF9g-P5,,,,X 全窗基线 · 不参与实体赏罚,14192990,1420,A168_HF9F_20260827_0900,2026-08-27 09:00:00
2026-06-29,150505951,2251,0,257.1553475455,-257.1553475455,-257.1553475455,0E-7,1,1,0.49324550000000000,0.493245500000,-0.9865810262130424,-0.9865810262130424,-0.9865810262130424,0E-17,ELIGIBLE,R03b_20260811_FULL_v1,L1_ELIGIBILITY,v2026-08-11,2026-03-21..2026-08-06,baccarat_bet02_101_all_pairs_incl_sentinel,round_win = game_pnl > 0 (decisive only),COMPATIBILITY_ONLY_NOT_PRODUCTION,56048.8330,49696.4368,6641.1888,257,256,-0.11848933,-0.08402311,-0.12321726,-0.11848933,-6641.1888,56048.8330,OK,0.0000,265.6476,4.0000,96.0000,AG03-UNRESOLVED,ALL5_LEVELS_bet23_to_bet27,265.6476,265.6476,332.0594,332.0594,332.0594,4.000000,4.000000,5.000000,5.000000,5.000000,96.000000,96.000000,95.000000,95.000000,95.000000,5.0,1527.4734,1393.6083,5113.7154,5247.5805,PENDING_AG03,FALSE,NOT_FOR_ENFORCEMENT,6375.5412,47708.5794,6641.1888,6375.5412,265.6476,0.11848933,0.11374976,265.6476,6375.5412,0.11374976,265.6476,265.6476,332.0594,332.0594,332.0594,6375.5412,0.11374976,1527.4734,1393.6083,5113.7154,5247.5805,0.09123679,0.09362515,0.00473957,218.0888,194.1267,25.9421,174.7681,44.8729,1474.9693,6.7368,157.2346,230.3166,128.5777,257.1553,258.1778,388.3046,514.3107,767.8663,154.9067,0.0,2.0,2.986002,0.848082,27,96,50,4,0.12062849,0.11848933,0.08402311,0E-8,0.000000,0.886663,0.000000,0.03919416,2026-05-24,2026-08-05,38,148,140,74,0.513514,0.682689,0.720966,0.402095,,,,,,,,GLOBAL_BASELINE_NO_ENTITY_RANKING,,,NOT_APPLICABLE_GLOBAL_BASELINE,HF9g-P5,,,,X 全窗基线 · 不参与实体赏罚,14192991,1420,A168_HF9F_20260827_0900,2026-08-27 09:00:00
2026-06-29,150505951,526,0,1426.6978681822,655.2318255458,655.2318255458,0.6666667,3,3,0.49324550000000000,0.493245500000,0.6008033672792107,0.6008033672792106,0.6008033672792107,0E-17,ELIGIBLE,R03b_20260811_FULL_v1,L1_ELIGIBILITY,v2026-08-11,2026-03-21..2026-08-06,baccarat_bet02_101_all_pairs_incl_sentinel,round_win = game_pnl > 0 (decisive only),COMPATIBILITY_ONLY_NOT_PRODUCTION,56048.8330,49696.4368,6641.1888,257,256,-0.11848933,-0.08402311,-0.12321726,-0.11848933,-6641.1888,56048.8330,OK,0.0000,265.6476,4.0000,96.0000,AG03-UNRESOLVED,ALL5_LEVELS_bet23_to_bet27,265.6476,265.6476,332.0594,332.0594,332.0594,4.000000,4.000000,5.000000,5.000000,5.000000,96.000000,96.000000,95.000000,95.000000,95.000000,5.0,1527.4734,1393.6083,5113.7154,5247.5805,PENDING_AG03,FALSE,NOT_FOR_ENFORCEMENT,6375.5412,47708.5794,6641.1888,6375.5412,265.6476,0.11848933,0.11374976,265.6476,6375.5412,0.11374976,265.6476,265.6476,332.0594,332.0594,332.0594,6375.5412,0.11374976,1527.4734,1393.6083,5113.7154,5247.5805,0.09123679,0.09362515,0.00473957,218.0888,194.1267,25.9421,174.7681,44.8729,1474.9693,6.7368,157.2346,230.3166,128.5777,257.1553,258.1778,388.3046,514.3107,767.8663,154.9067,0.0,2.0,2.986002,0.848082,27,96,50,4,0.12062849,0.11848933,0.08402311,0E-8,0.000000,0.886663,0.000000,0.03919416,2026-05-24,2026-08-05,38,148,140,74,0.513514,0.682689,0.720966,0.402095,,,,,,,,GLOBAL_BASELINE_NO_ENTITY_RANKING,,,NOT_APPLICABLE_GLOBAL_BASELINE,HF9g-P5,,,,X 全窗基线 · 不参与实体赏罚,14192992,1420,A168_HF9F_20260827_0900,2026-08-27 09:00:00
2026-06-29,150505951,948,0,51.4310695091,51.4310695091,51.4310695091,1.0000000,1,1,0.49324550000000000,0.493245500000,1.01360149184955,1.01360149184955,1.01360149184955,0E-17,ELIGIBLE,R03b_20260811_FULL_v1,L1_ELIGIBILITY,v2026-08-11,2026-03-21..2026-08-06,baccarat_bet02_101_all_pairs_incl_sentinel,round_win = game_pnl > 0 (decisive only),COMPATIBILITY_ONLY_NOT_PRODUCTION,56048.8330,49696.4368,6641.1888,257,256,-0.11848933,-0.08402311,-0.12321726,-0.11848933,-6641.1888,56048.8330,OK,0.0000,265.6476,4.0000,96.0000,AG03-UNRESOLVED,ALL5_LEVELS_bet23_to_bet27,265.6476,265.6476,332.0594,332.0594,332.0594,4.000000,4.000000,5.000000,5.000000,5.000000,96.000000,96.000000,95.000000,95.000000,95.000000,5.0,1527.4734,1393.6083,5113.7154,5247.5805,PENDING_AG03,FALSE,NOT_FOR_ENFORCEMENT,6375.5412,47708.5794,6641.1888,6375.5412,265.6476,0.11848933,0.11374976,265.6476,6375.5412,0.11374976,265.6476,265.6476,332.0594,332.0594,332.0594,6375.5412,0.11374976,1527.4734,1393.6083,5113.7154,5247.5805,0.09123679,0.09362515,0.00473957,218.0888,194.1267,25.9421,174.7681,44.8729,1474.9693,6.7368,157.2346,230.3166,128.5777,257.1553,258.1778,388.3046,514.3107,767.8663,154.9067,0.0,2.0,2.986002,0.848082,27,96,50,4,0.12062849,0.11848933,0.08402311,0E-8,0.000000,0.886663,0.000000,0.03919416,2026-05-24,2026-08-05,38,148,140,74,0.513514,0.682689,0.720966,0.402095,,,,,,,,GLOBAL_BASELINE_NO_ENTITY_RANKING,,,NOT_APPLICABLE_GLOBAL_BASELINE,HF9g-P5,,,,X 全窗基线 · 不参与实体赏罚,14192993,1420,A168_HF9F_20260827_0900,2026-08-27 09:00:00
2026-06-30,150505951,1505,0,111.5328014871,111.5328014871,111.5328014871,1.0000000,2,2,0.49324550000000000,0.493245500000,1.4334489766152358,1.4334489766152358,1.4334489766152358,0E-17,ELIGIBLE,R03b_20260811_FULL_v1,L1_ELIGIBILITY,v2026-08-11,2026-03-21..2026-08-06,baccarat_bet02_101_all_pairs_incl_sentinel,round_win = game_pnl > 0 (decisive only),COMPATIBILITY_ONLY_NOT_PRODUCTION,56048.8330,49696.4368,6641.1888,257,256,-0.11848933,-0.08402311,-0.12321726,-0.11848933,-6641.1888,56048.8330,OK,0.0000,265.6476,4.0000,96.0000,AG03-UNRESOLVED,ALL5_LEVELS_bet23_to_bet27,265.6476,265.6476,332.0594,332.0594,332.0594,4.000000,4.000000,5.000000,5.000000,5.000000,96.000000,96.000000,95.000000,95.000000,95.000000,5.0,1527.4734,1393.6083,5113.7154,5247.5805,PENDING_AG03,FALSE,NOT_FOR_ENFORCEMENT,6375.5412,47708.5794,6641.1888,6375.5412,265.6476,0.11848933,0.11374976,265.6476,6375.5412,0.11374976,265.6476,265.6476,332.0594,332.0594,332.0594,6375.5412,0.11374976,1527.4734,1393.6083,5113.7154,5247.5805,0.09123679,0.09362515,0.00473957,218.0888,194.1267,25.9421,174.7681,44.8729,1474.9693,6.7368,157.2346,230.3166,128.5777,257.1553,258.1778,388.3046,514.3107,767.8663,154.9067,0.0,2.0,2.986002,0.848082,27,96,50,4,0.12062849,0.11848933,0.08402311,0E-8,0.000000,0.886663,0.000000,0.03919416,2026-05-24,2026-08-05,38,148,140,74,0.513514,0.682689,0.720966,0.402095,,,,,,,,GLOBAL_BASELINE_NO_ENTITY_RANKING,,,NOT_APPLICABLE_GLOBAL_BASELINE,HF9g-P5,,,,X 全窗基线 · 不参与实体赏罚,14192994,1420,A168_HF9F_20260827_0900,2026-08-27 09:00:00
2026-06-30,150505951,1623,0,148.7104019828,148.7104019828,148.7104019828,1.0000000,1,1,0.49324550000000000,0.493245500000,1.01360149184955,1.01360149184955,1.01360149184955,0E-17,ELIGIBLE,R03b_20260811_FULL_v1,L1_ELIGIBILITY,v2026-08-11,2026-03-21..2026-08-06,baccarat_bet02_101_all_pairs_incl_sentinel,round_win = game_pnl > 0 (decisive only),COMPATIBILITY_ONLY_NOT_PRODUCTION,56048.8330,49696.4368,6641.1888,257,256,-0.11848933,-0.08402311,-0.12321726,-0.11848933,-6641.1888,56048.8330,OK,0.0000,265.6476,4.0000,96.0000,AG03-UNRESOLVED,ALL5_LEVELS_bet23_to_bet27,265.6476,265.6476,332.0594,332.0594,332.0594,4.000000,4.000000,5.000000,5.000000,5.000000,96.000000,96.000000,95.000000,95.000000,95.000000,5.0,1527.4734,1393.6083,5113.7154,5247.5805,PENDING_AG03,FALSE,NOT_FOR_ENFORCEMENT,6375.5412,47708.5794,6641.1888,6375.5412,265.6476,0.11848933,0.11374976,265.6476,6375.5412,0.11374976,265.6476,265.6476,332.0594,332.0594,332.0594,6375.5412,0.11374976,1527.4734,1393.6083,5113.7154,5247.5805,0.09123679,0.09362515,0.00473957,218.0888,194.1267,25.9421,174.7681,44.8729,1474.9693,6.7368,157.2346,230.3166,128.5777,257.1553,258.1778,388.3046,514.3107,767.8663,154.9067,0.0,2.0,2.986002,0.848082,27,96,50,4,0.12062849,0.11848933,0.08402311,0E-8,0.000000,0.886663,0.000000,0.03919416,2026-05-24,2026-08-05,38,148,140,74,0.513514,0.682689,0.720966,0.402095,,,,,,,,GLOBAL_BASELINE_NO_ENTITY_RANKING,,,NOT_APPLICABLE_GLOBAL_BASELINE,HF9g-P5,,,,X 全窗基线 · 不参与实体赏罚,14192995,1420,A168_HF9F_20260827_0900,2026-08-27 09:00:00
2026-06-30,150505951,1710,0,774.5333436603,-258.1777812201,-258.1777812201,0.3333333,3,3,0.49771390000000000,0.497713900000,-0.5694369385616226,-0.5694369385616226,-0.5694369385616226,0E-17,ELIGIBLE,R03b_20260811_FULL_v1,L1_ELIGIBILITY,v2026-08-11,2026-03-21..2026-08-06,baccarat_bet02_101_all_pairs_incl_sentinel,round_win = game_pnl > 0 (decisive only),COMPATIBILITY_ONLY_NOT_PRODUCTION,56048.8330,49696.4368,6641.1888,257,256,-0.11848933,-0.08402311,-0.12321726,-0.11848933,-6641.1888,56048.8330,OK,0.0000,265.6476,4.0000,96.0000,AG03-UNRESOLVED,ALL5_LEVELS_bet23_to_bet27,265.6476,265.6476,332.0594,332.0594,332.0594,4.000000,4.000000,5.000000,5.000000,5.000000,96.000000,96.000000,95.000000,95.000000,95.000000,5.0,1527.4734,1393.6083,5113.7154,5247.5805,PENDING_AG03,FALSE,NOT_FOR_ENFORCEMENT,6375.5412,47708.5794,6641.1888,6375.5412,265.6476,0.11848933,0.11374976,265.6476,6375.5412,0.11374976,265.6476,265.6476,332.0594,332.0594,332.0594,6375.5412,0.11374976,1527.4734,1393.6083,5113.7154,5247.5805,0.09123679,0.09362515,0.00473957,218.0888,194.1267,25.9421,174.7681,44.8729,1474.9693,6.7368,157.2346,230.3166,128.5777,257.1553,258.1778,388.3046,514.3107,767.8663,154.9067,0.0,2.0,2.986002,0.848082,27,96,50,4,0.12062849,0.11848933,0.08402311,0E-8,0.000000,0.886663,0.000000,0.03919416,2026-05-24,2026-08-05,38,148,140,74,0.513514,0.682689,0.720966,0.402095,,,,,,,,GLOBAL_BASELINE_NO_ENTITY_RANKING,,,NOT_APPLICABLE_GLOBAL_BASELINE,HF9g-P5,,,,X 全窗基线 · 不参与实体赏罚,14192996,1420,A168_HF9F_20260827_0900,2026-08-27 09:00:00
2026-06-30,150505951,1750,0,594.8416079312,-297.4208039656,-297.4208039656,0.2500000,4,4,0.49324550000000000,0.493245500000,-0.9730707933947887,-0.9730707933947887,-0.9730707933947887,0E-17,ELIGIBLE,R03b_20260811_FULL_v1,L1_ELIGIBILITY,v2026-08-11,2026-03-21..2026-08-06,baccarat_bet02_101_all_pairs_incl_sentinel,round_win = game_pnl > 0 (decisive only),COMPATIBILITY_ONLY_NOT_PRODUCTION,56048.8330,49696.4368,6641.1888,257,256,-0.11848933,-0.08402311,-0.12321726,-0.11848933,-6641.1888,56048.8330,OK,0.0000,265.6476,4.0000,96.0000,AG03-UNRESOLVED,ALL5_LEVELS_bet23_to_bet27,265.6476,265.6476,332.0594,332.0594,332.0594,4.000000,4.000000,5.000000,5.000000,5.000000,96.000000,96.000000,95.000000,95.000000,95.000000,5.0,1527.4734,1393.6083,5113.7154,5247.5805,PENDING_AG03,FALSE,NOT_FOR_ENFORCEMENT,6375.5412,47708.5794,6641.1888,6375.5412,265.6476,0.11848933,0.11374976,265.6476,6375.5412,0.11374976,265.6476,265.6476,332.0594,332.0594,332.0594,6375.5412,0.11374976,1527.4734,1393.6083,5113.7154,5247.5805,0.09123679,0.09362515,0.00473957,218.0888,194.1267,25.9421,174.7681,44.8729,1474.9693,6.7368,157.2346,230.3166,128.5777,257.1553,258.1778,388.3046,514.3107,767.8663,154.9067,0.0,2.0,2.986002,0.848082,27,96,50,4,0.12062849,0.11848933,0.08402311,0E-8,0.000000,0.886663,0.000000,0.03919416,2026-05-24,2026-08-05,38,148,140,74,0.513514,0.682689,0.720966,0.402095,,,,,,,,GLOBAL_BASELINE_NO_ENTITY_RANKING,,,NOT_APPLICABLE_GLOBAL_BASELINE,HF9g-P5,,,,X 全窗基线 · 不参与实体赏罚,14192997,1420,A168_HF9F_20260827_0900,2026-08-27 09:00:00
2026-06-30,150505951,2121,0,388.3045747936,388.3045747936,388.3045747936,1.0000000,1,1,0.49324550000000000,0.493245500000,1.01360149184955,1.01360149184955,1.01360149184955,0E-17,ELIGIBLE,R03b_20260811_FULL_v1,L1_ELIGIBILITY,v2026-08-11,2026-03-21..2026-08-06,baccarat_bet02_101_all_pairs_incl_sentinel,round_win = game_pnl > 0 (decisive only),COMPATIBILITY_ONLY_NOT_PRODUCTION,56048.8330,49696.4368,6641.1888,257,256,-0.11848933,-0.08402311,-0.12321726,-0.11848933,-6641.1888,56048.8330,OK,0.0000,265.6476,4.0000,96.0000,AG03-UNRESOLVED,ALL5_LEVELS_bet23_to_bet27,265.6476,265.6476,332.0594,332.0594,332.0594,4.000000,4.000000,5.000000,5.000000,5.000000,96.000000,96.000000,95.000000,95.000000,95.000000,5.0,1527.4734,1393.6083,5113.7154,5247.5805,PENDING_AG03,FALSE,NOT_FOR_ENFORCEMENT,6375.5412,47708.5794,6641.1888,6375.5412,265.6476,0.11848933,0.11374976,265.6476,6375.5412,0.11374976,265.6476,265.6476,332.0594,332.0594,332.0594,6375.5412,0.11374976,1527.4734,1393.6083,5113.7154,5247.5805,0.09123679,0.09362515,0.00473957,218.0888,194.1267,25.9421,174.7681,44.8729,1474.9693,6.7368,157.2346,230.3166,128.5777,257.1553,258.1778,388.3046,514.3107,767.8663,154.9067,0.0,2.0,2.986002,0.848082,27,96,50,4,0.12062849,0.11848933,0.08402311,0E-8,0.000000,0.886663,0.000000,0.03919416,2026-05-24,2026-08-05,38,148,140,74,0.513514,0.682689,0.720966,0.402095,,,,,,,,GLOBAL_BASELINE_NO_ENTITY_RANKING,,,NOT_APPLICABLE_GLOBAL_BASELINE,HF9g-P5,,,,X 全窗基线 · 不参与实体赏罚,14192998,1420,A168_HF9F_20260827_0900,2026-08-27 09:00:00
2026-06-30,150505951,2267,0,1395.7090852760,-466.2690728836,-466.2690728836,0.4000000,5,5,0.49324550000000000,0.493245500000,-0.4170446088060018,-0.4170446088060018,-0.4170446088060018,0E-17,ELIGIBLE,R03b_20260811_FULL_v1,L1_ELIGIBILITY,v2026-08-11,2026-03-21..2026-08-06,baccarat_bet02_101_all_pairs_incl_sentinel,round_win = game_pnl > 0 (decisive only),COMPATIBILITY_ONLY_NOT_PRODUCTION,56048.8330,49696.4368,6641.1888,257,256,-0.11848933,-0.08402311,-0.12321726,-0.11848933,-6641.1888,56048.8330,OK,0.0000,265.6476,4.0000,96.0000,AG03-UNRESOLVED,ALL5_LEVELS_bet23_to_bet27,265.6476,265.6476,332.0594,332.0594,332.0594,4.000000,4.000000,5.000000,5.000000,5.000000,96.000000,96.000000,95.000000,95.000000,95.000000,5.0,1527.4734,1393.6083,5113.7154,5247.5805,PENDING_AG03,FALSE,NOT_FOR_ENFORCEMENT,6375.5412,47708.5794,6641.1888,6375.5412,265.6476,0.11848933,0.11374976,265.6476,6375.5412,0.11374976,265.6476,265.6476,332.0594,332.0594,332.0594,6375.5412,0.11374976,1527.4734,1393.6083,5113.7154,5247.5805,0.09123679,0.09362515,0.00473957,218.0888,194.1267,25.9421,174.7681,44.8729,1474.9693,6.7368,157.2346,230.3166,128.5777,257.1553,258.1778,388.3046,514.3107,767.8663,154.9067,0.0,2.0,2.986002,0.848082,27,96,50,4,0.12062849,0.11848933,0.08402311,0E-8,0.000000,0.886663,0.000000,0.03919416,2026-05-24,2026-08-05,38,148,140,74,0.513514,0.682689,0.720966,0.402095,,,,,,,,GLOBAL_BASELINE_NO_ENTITY_RANKING,,,NOT_APPLICABLE_GLOBAL_BASELINE,HF9g-P5,,,,X 全窗基线 · 不参与实体赏罚,14192999,1420,A168_HF9F_20260827_0900,2026-08-27 09:00:00
2026-06-30,150505951,529,0,387.2666718302,129.0888906100,129.0888906100,0.5000000,2,2,0.49324550000000000,0.493245500000,0.01910635448239258,0.01910635448239258,0.01910635448239258,0E-17,ELIGIBLE,R03b_20260811_FULL_v1,L1_ELIGIBILITY,v2026-08-11,2026-03-21..2026-08-06,baccarat_bet02_101_all_pairs_incl_sentinel,round_win = game_pnl > 0 (decisive only),COMPATIBILITY_ONLY_NOT_PRODUCTION,56048.8330,49696.4368,6641.1888,257,256,-0.11848933,-0.08402311,-0.12321726,-0.11848933,-6641.1888,56048.8330,OK,0.0000,265.6476,4.0000,96.0000,AG03-UNRESOLVED,ALL5_LEVELS_bet23_to_bet27,265.6476,265.6476,332.0594,332.0594,332.0594,4.000000,4.000000,5.000000,5.000000,5.000000,96.000000,96.000000,95.000000,95.000000,95.000000,5.0,1527.4734,1393.6083,5113.7154,5247.5805,PENDING_AG03,FALSE,NOT_FOR_ENFORCEMENT,6375.5412,47708.5794,6641.1888,6375.5412,265.6476,0.11848933,0.11374976,265.6476,6375.5412,0.11374976,265.6476,265.6476,332.0594,332.0594,332.0594,6375.5412,0.11374976,1527.4734,1393.6083,5113.7154,5247.5805,0.09123679,0.09362515,0.00473957,218.0888,194.1267,25.9421,174.7681,44.8729,1474.9693,6.7368,157.2346,230.3166,128.5777,257.1553,258.1778,388.3046,514.3107,767.8663,154.9067,0.0,2.0,2.986002,0.848082,27,96,50,4,0.12062849,0.11848933,0.08402311,0E-8,0.000000,0.886663,0.000000,0.03919416,2026-05-24,2026-08-05,38,148,140,74,0.513514,0.682689,0.720966,0.402095,,,,,,,,GLOBAL_BASELINE_NO_ENTITY_RANKING,,,NOT_APPLICABLE_GLOBAL_BASELINE,HF9g-P5,,,,X 全窗基线 · 不参与实体赏罚,14193000,1420,A168_HF9F_20260827_0900,2026-08-27 09:00:00
2026-06-30,150505951,986,0,1290.8889061006,0E-10,0E-10,0.5000000,4,4,0.49324550000000000,0.493245500000,0.027020465636507562,0.027020465636507562,0.027020465636507562,0E-17,ELIGIBLE,R03b_20260811_FULL_v1,L1_ELIGIBILITY,v2026-08-11,2026-03-21..2026-08-06,baccarat_bet02_101_all_pairs_incl_sentinel,round_win = game_pnl > 0 (decisive only),COMPATIBILITY_ONLY_NOT_PRODUCTION,56048.8330,49696.4368,6641.1888,257,256,-0.11848933,-0.08402311,-0.12321726,-0.11848933,-6641.1888,56048.8330,OK,0.0000,265.6476,4.0000,96.0000,AG03-UNRESOLVED,ALL5_LEVELS_bet23_to_bet27,265.6476,265.6476,332.0594,332.0594,332.0594,4.000000,4.000000,5.000000,5.000000,5.000000,96.000000,96.000000,95.000000,95.000000,95.000000,5.0,1527.4734,1393.6083,5113.7154,5247.5805,PENDING_AG03,FALSE,NOT_FOR_ENFORCEMENT,6375.5412,47708.5794,6641.1888,6375.5412,265.6476,0.11848933,0.11374976,265.6476,6375.5412,0.11374976,265.6476,265.6476,332.0594,332.0594,332.0594,6375.5412,0.11374976,1527.4734,1393.6083,5113.7154,5247.5805,0.09123679,0.09362515,0.00473957,218.0888,194.1267,25.9421,174.7681,44.8729,1474.9693,6.7368,157.2346,230.3166,128.5777,257.1553,258.1778,388.3046,514.3107,767.8663,154.9067,0.0,2.0,2.986002,0.848082,27,96,50,4,0.12062849,0.11848933,0.08402311,0E-8,0.000000,0.886663,0.000000,0.03919416,2026-05-24,2026-08-05,38,148,140,74,0.513514,0.682689,0.720966,0.402095,,,,,,,,GLOBAL_BASELINE_NO_ENTITY_RANKING,,,NOT_APPLICABLE_GLOBAL_BASELINE,HF9g-P5,,,,X 全窗基线 · 不参与实体赏罚,14193001,1420,A168_HF9F_20260827_0900,2026-08-27 09:00:00
2026-06-30,150505951,987,0,388.3045747936,388.3045747936,388.3045747936,1.0000000,1,1,0.49324550000000000,0.493245500000,1.01360149184955,1.01360149184955,1.01360149184955,0E-17,ELIGIBLE,R03b_20260811_FULL_v1,L1_ELIGIBILITY,v2026-08-11,2026-03-21..2026-08-06,baccarat_bet02_101_all_pairs_incl_sentinel,round_win = game_pnl > 0 (decisive only),COMPATIBILITY_ONLY_NOT_PRODUCTION,56048.8330,49696.4368,6641.1888,257,256,-0.11848933,-0.08402311,-0.12321726,-0.11848933,-6641.1888,56048.8330,OK,0.0000,265.6476,4.0000,96.0000,AG03-UNRESOLVED,ALL5_LEVELS_bet23_to_bet27,265.6476,265.6476,332.0594,332.0594,332.0594,4.000000,4.000000,5.000000,5.000000,5.000000,96.000000,96.000000,95.000000,95.000000,95.000000,5.0,1527.4734,1393.6083,5113.7154,5247.5805,PENDING_AG03,FALSE,NOT_FOR_ENFORCEMENT,6375.5412,47708.5794,6641.1888,6375.5412,265.6476,0.11848933,0.11374976,265.6476,6375.5412,0.11374976,265.6476,265.6476,332.0594,332.0594,332.0594,6375.5412,0.11374976,1527.4734,1393.6083,5113.7154,5247.5805,0.09123679,0.09362515,0.00473957,218.0888,194.1267,25.9421,174.7681,44.8729,1474.9693,6.7368,157.2346,230.3166,128.5777,257.1553,258.1778,388.3046,514.3107,767.8663,154.9067,0.0,2.0,2.986002,0.848082,27,96,50,4,0.12062849,0.11848933,0.08402311,0E-8,0.000000,0.886663,0.000000,0.03919416,2026-05-24,2026-08-05,38,148,140,74,0.513514,0.682689,0.720966,0.402095,,,,,,,,GLOBAL_BASELINE_NO_ENTITY_RANKING,,,NOT_APPLICABLE_GLOBAL_BASELINE,HF9g-P5,,,,X 全窗基线 · 不参与实体赏罚,14193002,1420,A168_HF9F_20260827_0900,2026-08-27 09:00:00
2026-07-01,150505951,1221,0,1549.0666873206,-258.1777812201,-258.1777812201,0.4000000,6,6,0.49324550000000000,0.493245500000,-0.4170446088060018,-0.4170446088060018,-0.4170446088060018,0E-17,ELIGIBLE,R03b_20260811_FULL_v1,L1_ELIGIBILITY,v2026-08-11,2026-03-21..2026-08-06,baccarat_bet02_101_all_pairs_incl_sentinel,round_win = game_pnl > 0 (decisive only),COMPATIBILITY_ONLY_NOT_PRODUCTION,56048.8330,49696.4368,6641.1888,257,256,-0.11848933,-0.08402311,-0.12321726,-0.11848933,-6641.1888,56048.8330,OK,0.0000,265.6476,4.0000,96.0000,AG03-UNRESOLVED,ALL5_LEVELS_bet23_to_bet27,265.6476,265.6476,332.0594,332.0594,332.0594,4.000000,4.000000,5.000000,5.000000,5.000000,96.000000,96.000000,95.000000,95.000000,95.000000,5.0,1527.4734,1393.6083,5113.7154,5247.5805,PENDING_AG03,FALSE,NOT_FOR_ENFORCEMENT,6375.5412,47708.5794,6641.1888,6375.5412,265.6476,0.11848933,0.11374976,265.6476,6375.5412,0.11374976,265.6476,265.6476,332.0594,332.0594,332.0594,6375.5412,0.11374976,1527.4734,1393.6083,5113.7154,5247.5805,0.09123679,0.09362515,0.00473957,218.0888,194.1267,25.9421,174.7681,44.8729,1474.9693,6.7368,157.2346,230.3166,128.5777,257.1553,258.1778,388.3046,514.3107,767.8663,154.9067,0.0,2.0,2.986002,0.848082,27,96,50,4,0.12062849,0.11848933,0.08402311,0E-8,0.000000,0.886663,0.000000,0.03919416,2026-05-24,2026-08-05,38,148,140,74,0.513514,0.682689,0.720966,0.402095,,,,,,,,GLOBAL_BASELINE_NO_ENTITY_RANKING,,,NOT_APPLICABLE_GLOBAL_BASELINE,HF9g-P5,,,,X 全窗基线 · 不参与实体赏罚,14193003,1420,A168_HF9F_20260827_0900,2026-08-27 09:00:00
2026-07-01,150505951,1318,0,516.6137402215,0E-10,0E-10,,1,1,0.49324550000000000,0.493245500000,,,,0E-17,NO_DECISIVE_ROUND,R03b_20260811_FULL_v1,L1_ELIGIBILITY,v2026-08-11,2026-03-21..2026-08-06,baccarat_bet02_101_all_pairs_incl_sentinel,round_win = game_pnl > 0 (decisive only),COMPATIBILITY_ONLY_NOT_PRODUCTION,56048.8330,49696.4368,6641.1888,257,256,-0.11848933,-0.08402311,-0.12321726,-0.11848933,-6641.1888,56048.8330,OK,0.0000,265.6476,4.0000,96.0000,AG03-UNRESOLVED,ALL5_LEVELS_bet23_to_bet27,265.6476,265.6476,332.0594,332.0594,332.0594,4.000000,4.000000,5.000000,5.000000,5.000000,96.000000,96.000000,95.000000,95.000000,95.000000,5.0,1527.4734,1393.6083,5113.7154,5247.5805,PENDING_AG03,FALSE,NOT_FOR_ENFORCEMENT,6375.5412,47708.5794,6641.1888,6375.5412,265.6476,0.11848933,0.11374976,265.6476,6375.5412,0.11374976,265.6476,265.6476,332.0594,332.0594,332.0594,6375.5412,0.11374976,1527.4734,1393.6083,5113.7154,5247.5805,0.09123679,0.09362515,0.00473957,218.0888,194.1267,25.9421,174.7681,44.8729,1474.9693,6.7368,157.2346,230.3166,128.5777,257.1553,258.1778,388.3046,514.3107,767.8663,154.9067,0.0,2.0,2.986002,0.848082,27,96,50,4,0.12062849,0.11848933,0.08402311,0E-8,0.000000,0.886663,0.000000,0.03919416,2026-05-24,2026-08-05,38,148,140,74,0.513514,0.682689,0.720966,0.402095,,,,,,,,GLOBAL_BASELINE_NO_ENTITY_RANKING,,,NOT_APPLICABLE_GLOBAL_BASELINE,HF9g-P5,,,,X 全窗基线 · 不参与实体赏罚,14193004,1420,A168_HF9F_20260827_0900,2026-08-27 09:00:00
2026-07-01,150505951,1951,0,258.1777812201,0E-10,0E-10,,1,1,0.49324550000000000,0.493245500000,,,,0E-17,NO_DECISIVE_ROUND,R03b_20260811_FULL_v1,L1_ELIGIBILITY,v2026-08-11,2026-03-21..2026-08-06,baccarat_bet02_101_all_pairs_incl_sentinel,round_win = game_pnl > 0 (decisive only),COMPATIBILITY_ONLY_NOT_PRODUCTION,56048.8330,49696.4368,6641.1888,257,256,-0.11848933,-0.08402311,-0.12321726,-0.11848933,-6641.1888,56048.8330,OK,0.0000,265.6476,4.0000,96.0000,AG03-UNRESOLVED,ALL5_LEVELS_bet23_to_bet27,265.6476,265.6476,332.0594,332.0594,332.0594,4.000000,4.000000,5.000000,5.000000,5.000000,96.000000,96.000000,95.000000,95.000000,95.000000,5.0,1527.4734,1393.6083,5113.7154,5247.5805,PENDING_AG03,FALSE,NOT_FOR_ENFORCEMENT,6375.5412,47708.5794,6641.1888,6375.5412,265.6476,0.11848933,0.11374976,265.6476,6375.5412,0.11374976,265.6476,265.6476,332.0594,332.0594,332.0594,6375.5412,0.11374976,1527.4734,1393.6083,5113.7154,5247.5805,0.09123679,0.09362515,0.00473957,218.0888,194.1267,25.9421,174.7681,44.8729,1474.9693,6.7368,157.2346,230.3166,128.5777,257.1553,258.1778,388.3046,514.3107,767.8663,154.9067,0.0,2.0,2.986002,0.848082,27,96,50,4,0.12062849,0.11848933,0.08402311,0E-8,0.000000,0.886663,0.000000,0.03919416,2026-05-24,2026-08-05,38,148,140,74,0.513514,0.682689,0.720966,0.402095,,,,,,,,GLOBAL_BASELINE_NO_ENTITY_RANKING,,,NOT_APPLICABLE_GLOBAL_BASELINE,HF9g-P5,,,,X 全窗基线 · 不参与实体赏罚,14193005,1420,A168_HF9F_20260827_0900,2026-08-27 09:00:00
2026-07-01,150505951,2123,0,258.1777812201,-258.1777812201,-258.1777812201,0E-7,1,1,0.49324550000000000,0.493245500000,-0.9865810262130424,-0.9865810262130424,-0.9865810262130424,0E-17,ELIGIBLE,R03b_20260811_FULL_v1,L1_ELIGIBILITY,v2026-08-11,2026-03-21..2026-08-06,baccarat_bet02_101_all_pairs_incl_sentinel,round_win = game_pnl > 0 (decisive only),COMPATIBILITY_ONLY_NOT_PRODUCTION,56048.8330,49696.4368,6641.1888,257,256,-0.11848933,-0.08402311,-0.12321726,-0.11848933,-6641.1888,56048.8330,OK,0.0000,265.6476,4.0000,96.0000,AG03-UNRESOLVED,ALL5_LEVELS_bet23_to_bet27,265.6476,265.6476,332.0594,332.0594,332.0594,4.000000,4.000000,5.000000,5.000000,5.000000,96.000000,96.000000,95.000000,95.000000,95.000000,5.0,1527.4734,1393.6083,5113.7154,5247.5805,PENDING_AG03,FALSE,NOT_FOR_ENFORCEMENT,6375.5412,47708.5794,6641.1888,6375.5412,265.6476,0.11848933,0.11374976,265.6476,6375.5412,0.11374976,265.6476,265.6476,332.0594,332.0594,332.0594,6375.5412,0.11374976,1527.4734,1393.6083,5113.7154,5247.5805,0.09123679,0.09362515,0.00473957,218.0888,194.1267,25.9421,174.7681,44.8729,1474.9693,6.7368,157.2346,230.3166,128.5777,257.1553,258.1778,388.3046,514.3107,767.8663,154.9067,0.0,2.0,2.986002,0.848082,27,96,50,4,0.12062849,0.11848933,0.08402311,0E-8,0.000000,0.886663,0.000000,0.03919416,2026-05-24,2026-08-05,38,148,140,74,0.513514,0.682689,0.720966,0.402095,,,,,,,,GLOBAL_BASELINE_NO_ENTITY_RANKING,,,NOT_APPLICABLE_GLOBAL_BASELINE,HF9g-P5,,,,X 全窗基线 · 不参与实体赏罚,14193006,1420,A168_HF9F_20260827_0900,2026-08-27 09:00:00
2026-07-01,150505951,2127,0,258.1777812201,-258.1777812201,-258.1777812201,0E-7,1,1,0.49324550000000000,0.493245500000,-0.9865810262130424,-0.9865810262130424,-0.9865810262130424,0E-17,ELIGIBLE,R03b_20260811_FULL_v1,L1_ELIGIBILITY,v2026-08-11,2026-03-21..2026-08-06,baccarat_bet02_101_all_pairs_incl_sentinel,round_win = game_pnl > 0 (decisive only),COMPATIBILITY_ONLY_NOT_PRODUCTION,56048.8330,49696.4368,6641.1888,257,256,-0.11848933,-0.08402311,-0.12321726,-0.11848933,-6641.1888,56048.8330,OK,0.0000,265.6476,4.0000,96.0000,AG03-UNRESOLVED,ALL5_LEVELS_bet23_to_bet27,265.6476,265.6476,332.0594,332.0594,332.0594,4.000000,4.000000,5.000000,5.000000,5.000000,96.000000,96.000000,95.000000,95.000000,95.000000,5.0,1527.4734,1393.6083,5113.7154,5247.5805,PENDING_AG03,FALSE,NOT_FOR_ENFORCEMENT,6375.5412,47708.5794,6641.1888,6375.5412,265.6476,0.11848933,0.11374976,265.6476,6375.5412,0.11374976,265.6476,265.6476,332.0594,332.0594,332.0594,6375.5412,0.11374976,1527.4734,1393.6083,5113.7154,5247.5805,0.09123679,0.09362515,0.00473957,218.0888,194.1267,25.9421,174.7681,44.8729,1474.9693,6.7368,157.2346,230.3166,128.5777,257.1553,258.1778,388.3046,514.3107,767.8663,154.9067,0.0,2.0,2.986002,0.848082,27,96,50,4,0.12062849,0.11848933,0.08402311,0E-8,0.000000,0.886663,0.000000,0.03919416,2026-05-24,2026-08-05,38,148,140,74,0.513514,0.682689,0.720966,0.402095,,,,,,,,GLOBAL_BASELINE_NO_ENTITY_RANKING,,,NOT_APPLICABLE_GLOBAL_BASELINE,HF9g-P5,,,,X 全窗基线 · 不参与实体赏罚,14193007,1420,A168_HF9F_20260827_0900,2026-08-27 09:00:00
2026-07-01,150505951,763,0,516.6137402215,-516.6137402215,-516.6137402215,0E-7,1,1,0.49324550000000000,0.493245500000,-0.9865810262130424,-0.9865810262130424,-0.9865810262130424,0E-17,ELIGIBLE,R03b_20260811_FULL_v1,L1_ELIGIBILITY,v2026-08-11,2026-03-21..2026-08-06,baccarat_bet02_101_all_pairs_incl_sentinel,round_win = game_pnl > 0 (decisive only),COMPATIBILITY_ONLY_NOT_PRODUCTION,56048.8330,49696.4368,6641.1888,257,256,-0.11848933,-0.08402311,-0.12321726,-0.11848933,-6641.1888,56048.8330,OK,0.0000,265.6476,4.0000,96.0000,AG03-UNRESOLVED,ALL5_LEVELS_bet23_to_bet27,265.6476,265.6476,332.0594,332.0594,332.0594,4.000000,4.000000,5.000000,5.000000,5.000000,96.000000,96.000000,95.000000,95.000000,95.000000,5.0,1527.4734,1393.6083,5113.7154,5247.5805,PENDING_AG03,FALSE,NOT_FOR_ENFORCEMENT,6375.5412,47708.5794,6641.1888,6375.5412,265.6476,0.11848933,0.11374976,265.6476,6375.5412,0.11374976,265.6476,265.6476,332.0594,332.0594,332.0594,6375.5412,0.11374976,1527.4734,1393.6083,5113.7154,5247.5805,0.09123679,0.09362515,0.00473957,218.0888,194.1267,25.9421,174.7681,44.8729,1474.9693,6.7368,157.2346,230.3166,128.5777,257.1553,258.1778,388.3046,514.3107,767.8663,154.9067,0.0,2.0,2.986002,0.848082,27,96,50,4,0.12062849,0.11848933,0.08402311,0E-8,0.000000,0.886663,0.000000,0.03919416,2026-05-24,2026-08-05,38,148,140,74,0.513514,0.682689,0.720966,0.402095,,,,,,,,GLOBAL_BASELINE_NO_ENTITY_RANKING,,,NOT_APPLICABLE_GLOBAL_BASELINE,HF9g-P5,,,,X 全窗基线 · 不参与实体赏罚,14193008,1420,A168_HF9F_20260827_0900,2026-08-27 09:00:00
2026-07-01,150505951,948,0,258.1777812201,-258.1777812201,-258.1777812201,0E-7,1,1,0.49324550000000000,0.493245500000,-0.9865810262130424,-0.9865810262130424,-0.9865810262130424,0E-17,ELIGIBLE,R03b_20260811_FULL_v1,L1_ELIGIBILITY,v2026-08-11,2026-03-21..2026-08-06,baccarat_bet02_101_all_pairs_incl_sentinel,round_win = game_pnl > 0 (decisive only),COMPATIBILITY_ONLY_NOT_PRODUCTION,56048.8330,49696.4368,6641.1888,257,256,-0.11848933,-0.08402311,-0.12321726,-0.11848933,-6641.1888,56048.8330,OK,0.0000,265.6476,4.0000,96.0000,AG03-UNRESOLVED,ALL5_LEVELS_bet23_to_bet27,265.6476,265.6476,332.0594,332.0594,332.0594,4.000000,4.000000,5.000000,5.000000,5.000000,96.000000,96.000000,95.000000,95.000000,95.000000,5.0,1527.4734,1393.6083,5113.7154,5247.5805,PENDING_AG03,FALSE,NOT_FOR_ENFORCEMENT,6375.5412,47708.5794,6641.1888,6375.5412,265.6476,0.11848933,0.11374976,265.6476,6375.5412,0.11374976,265.6476,265.6476,332.0594,332.0594,332.0594,6375.5412,0.11374976,1527.4734,1393.6083,5113.7154,5247.5805,0.09123679,0.09362515,0.00473957,218.0888,194.1267,25.9421,174.7681,44.8729,1474.9693,6.7368,157.2346,230.3166,128.5777,257.1553,258.1778,388.3046,514.3107,767.8663,154.9067,0.0,2.0,2.986002,0.848082,27,96,50,4,0.12062849,0.11848933,0.08402311,0E-8,0.000000,0.886663,0.000000,0.03919416,2026-05-24,2026-08-05,38,148,140,74,0.513514,0.682689,0.720966,0.402095,,,,,,,,GLOBAL_BASELINE_NO_ENTITY_RANKING,,,NOT_APPLICABLE_GLOBAL_BASELINE,HF9g-P5,,,,X 全窗基线 · 不参与实体赏罚,14193009,1420,A168_HF9F_20260827_0900,2026-08-27 09:00:00
2026-07-02,150505951,1304,0,258.1777812201,-258.1777812201,-258.1777812201,0E-7,1,1,0.49324550000000000,0.493245500000,-0.9865810262130424,-0.9865810262130424,-0.9865810262130424,0E-17,ELIGIBLE,R03b_20260811_FULL_v1,L1_ELIGIBILITY,v2026-08-11,2026-03-21..2026-08-06,baccarat_bet02_101_all_pairs_incl_sentinel,round_win = game_pnl > 0 (decisive only),COMPATIBILITY_ONLY_NOT_PRODUCTION,56048.8330,49696.4368,6641.1888,257,256,-0.11848933,-0.08402311,-0.12321726,-0.11848933,-6641.1888,56048.8330,OK,0.0000,265.6476,4.0000,96.0000,AG03-UNRESOLVED,ALL5_LEVELS_bet23_to_bet27,265.6476,265.6476,332.0594,332.0594,332.0594,4.000000,4.000000,5.000000,5.000000,5.000000,96.000000,96.000000,95.000000,95.000000,95.000000,5.0,1527.4734,1393.6083,5113.7154,5247.5805,PENDING_AG03,FALSE,NOT_FOR_ENFORCEMENT,6375.5412,47708.5794,6641.1888,6375.5412,265.6476,0.11848933,0.11374976,265.6476,6375.5412,0.11374976,265.6476,265.6476,332.0594,332.0594,332.0594,6375.5412,0.11374976,1527.4734,1393.6083,5113.7154,5247.5805,0.09123679,0.09362515,0.00473957,218.0888,194.1267,25.9421,174.7681,44.8729,1474.9693,6.7368,157.2346,230.3166,128.5777,257.1553,258.1778,388.3046,514.3107,767.8663,154.9067,0.0,2.0,2.986002,0.848082,27,96,50,4,0.12062849,0.11848933,0.08402311,0E-8,0.000000,0.886663,0.000000,0.03919416,2026-05-24,2026-08-05,38,148,140,74,0.513514,0.682689,0.720966,0.402095,,,,,,,,GLOBAL_BASELINE_NO_ENTITY_RANKING,,,NOT_APPLICABLE_GLOBAL_BASELINE,HF9g-P5,,,,X 全窗基线 · 不参与实体赏罚,14193010,1420,A168_HF9F_20260827_0900,2026-08-27 09:00:00
2026-07-02,150505951,1490,0,258.1777812201,-258.1777812201,-258.1777812201,0E-7,1,1,0.49324550000000000,0.493245500000,-0.9865810262130424,-0.9865810262130424,-0.9865810262130424,0E-17,ELIGIBLE,R03b_20260811_FULL_v1,L1_ELIGIBILITY,v2026-08-11,2026-03-21..2026-08-06,baccarat_bet02_101_all_pairs_incl_sentinel,round_win = game_pnl > 0 (decisive only),COMPATIBILITY_ONLY_NOT_PRODUCTION,56048.8330,49696.4368,6641.1888,257,256,-0.11848933,-0.08402311,-0.12321726,-0.11848933,-6641.1888,56048.8330,OK,0.0000,265.6476,4.0000,96.0000,AG03-UNRESOLVED,ALL5_LEVELS_bet23_to_bet27,265.6476,265.6476,332.0594,332.0594,332.0594,4.000000,4.000000,5.000000,5.000000,5.000000,96.000000,96.000000,95.000000,95.000000,95.000000,5.0,1527.4734,1393.6083,5113.7154,5247.5805,PENDING_AG03,FALSE,NOT_FOR_ENFORCEMENT,6375.5412,47708.5794,6641.1888,6375.5412,265.6476,0.11848933,0.11374976,265.6476,6375.5412,0.11374976,265.6476,265.6476,332.0594,332.0594,332.0594,6375.5412,0.11374976,1527.4734,1393.6083,5113.7154,5247.5805,0.09123679,0.09362515,0.00473957,218.0888,194.1267,25.9421,174.7681,44.8729,1474.9693,6.7368,157.2346,230.3166,128.5777,257.1553,258.1778,388.3046,514.3107,767.8663,154.9067,0.0,2.0,2.986002,0.848082,27,96,50,4,0.12062849,0.11848933,0.08402311,0E-8,0.000000,0.886663,0.000000,0.03919416,2026-05-24,2026-08-05,38,148,140,74,0.513514,0.682689,0.720966,0.402095,,,,,,,,GLOBAL_BASELINE_NO_ENTITY_RANKING,,,NOT_APPLICABLE_GLOBAL_BASELINE,HF9g-P5,,,,X 全窗基线 · 不参与实体赏罚,14193011,1420,A168_HF9F_20260827_0900,2026-08-27 09:00:00
2026-07-02,150505951,2127,0,216.6111584437,216.6111584437,216.6111584437,1.0000000,1,1,0.49324550000000000,0.493245500000,1.01360149184955,1.01360149184955,1.01360149184955,0E-17,ELIGIBLE,R03b_20260811_FULL_v1,L1_ELIGIBILITY,v2026-08-11,2026-03-21..2026-08-06,baccarat_bet02_101_all_pairs_incl_sentinel,round_win = game_pnl > 0 (decisive only),COMPATIBILITY_ONLY_NOT_PRODUCTION,56048.8330,49696.4368,6641.1888,257,256,-0.11848933,-0.08402311,-0.12321726,-0.11848933,-6641.1888,56048.8330,OK,0.0000,265.6476,4.0000,96.0000,AG03-UNRESOLVED,ALL5_LEVELS_bet23_to_bet27,265.6476,265.6476,332.0594,332.0594,332.0594,4.000000,4.000000,5.000000,5.000000,5.000000,96.000000,96.000000,95.000000,95.000000,95.000000,5.0,1527.4734,1393.6083,5113.7154,5247.5805,PENDING_AG03,FALSE,NOT_FOR_ENFORCEMENT,6375.5412,47708.5794,6641.1888,6375.5412,265.6476,0.11848933,0.11374976,265.6476,6375.5412,0.11374976,265.6476,265.6476,332.0594,332.0594,332.0594,6375.5412,0.11374976,1527.4734,1393.6083,5113.7154,5247.5805,0.09123679,0.09362515,0.00473957,218.0888,194.1267,25.9421,174.7681,44.8729,1474.9693,6.7368,157.2346,230.3166,128.5777,257.1553,258.1778,388.3046,514.3107,767.8663,154.9067,0.0,2.0,2.986002,0.848082,27,96,50,4,0.12062849,0.11848933,0.08402311,0E-8,0.000000,0.886663,0.000000,0.03919416,2026-05-24,2026-08-05,38,148,140,74,0.513514,0.682689,0.720966,0.402095,,,,,,,,GLOBAL_BASELINE_NO_ENTITY_RANKING,,,NOT_APPLICABLE_GLOBAL_BASELINE,HF9g-P5,,,,X 全窗基线 · 不参与实体赏罚,14193012,1420,A168_HF9F_20260827_0900,2026-08-27 09:00:00
2026-07-02,150505951,2223,0,433.2223168874,-433.2223168874,-433.2223168874,0E-7,1,1,0.49324550000000000,0.493245500000,-0.9865810262130424,-0.9865810262130424,-0.9865810262130424,0E-17,ELIGIBLE,R03b_20260811_FULL_v1,L1_ELIGIBILITY,v2026-08-11,2026-03-21..2026-08-06,baccarat_bet02_101_all_pairs_incl_sentinel,round_win = game_pnl > 0 (decisive only),COMPATIBILITY_ONLY_NOT_PRODUCTION,56048.8330,49696.4368,6641.1888,257,256,-0.11848933,-0.08402311,-0.12321726,-0.11848933,-6641.1888,56048.8330,OK,0.0000,265.6476,4.0000,96.0000,AG03-UNRESOLVED,ALL5_LEVELS_bet23_to_bet27,265.6476,265.6476,332.0594,332.0594,332.0594,4.000000,4.000000,5.000000,5.000000,5.000000,96.000000,96.000000,95.000000,95.000000,95.000000,5.0,1527.4734,1393.6083,5113.7154,5247.5805,PENDING_AG03,FALSE,NOT_FOR_ENFORCEMENT,6375.5412,47708.5794,6641.1888,6375.5412,265.6476,0.11848933,0.11374976,265.6476,6375.5412,0.11374976,265.6476,265.6476,332.0594,332.0594,332.0594,6375.5412,0.11374976,1527.4734,1393.6083,5113.7154,5247.5805,0.09123679,0.09362515,0.00473957,218.0888,194.1267,25.9421,174.7681,44.8729,1474.9693,6.7368,157.2346,230.3166,128.5777,257.1553,258.1778,388.3046,514.3107,767.8663,154.9067,0.0,2.0,2.986002,0.848082,27,96,50,4,0.12062849,0.11848933,0.08402311,0E-8,0.000000,0.886663,0.000000,0.03919416,2026-05-24,2026-08-05,38,148,140,74,0.513514,0.682689,0.720966,0.402095,,,,,,,,GLOBAL_BASELINE_NO_ENTITY_RANKING,,,NOT_APPLICABLE_GLOBAL_BASELINE,HF9g-P5,,,,X 全窗基线 · 不参与实体赏罚,14193013,1420,A168_HF9F_20260827_0900,2026-08-27 09:00:00
2026-07-05,150505951,970,0,258.1777812201,-258.1777812201,-258.1777812201,0E-7,1,1,0.49324550000000000,0.493245500000,-0.9865810262130424,-0.9865810262130424,-0.9865810262130424,0E-17,ELIGIBLE,R03b_20260811_FULL_v1,L1_ELIGIBILITY,v2026-08-11,2026-03-21..2026-08-06,baccarat_bet02_101_all_pairs_incl_sentinel,round_win = game_pnl > 0 (decisive only),COMPATIBILITY_ONLY_NOT_PRODUCTION,56048.8330,49696.4368,6641.1888,257,256,-0.11848933,-0.08402311,-0.12321726,-0.11848933,-6641.1888,56048.8330,OK,0.0000,265.6476,4.0000,96.0000,AG03-UNRESOLVED,ALL5_LEVELS_bet23_to_bet27,265.6476,265.6476,332.0594,332.0594,332.0594,4.000000,4.000000,5.000000,5.000000,5.000000,96.000000,96.000000,95.000000,95.000000,95.000000,5.0,1527.4734,1393.6083,5113.7154,5247.5805,PENDING_AG03,FALSE,NOT_FOR_ENFORCEMENT,6375.5412,47708.5794,6641.1888,6375.5412,265.6476,0.11848933,0.11374976,265.6476,6375.5412,0.11374976,265.6476,265.6476,332.0594,332.0594,332.0594,6375.5412,0.11374976,1527.4734,1393.6083,5113.7154,5247.5805,0.09123679,0.09362515,0.00473957,218.0888,194.1267,25.9421,174.7681,44.8729,1474.9693,6.7368,157.2346,230.3166,128.5777,257.1553,258.1778,388.3046,514.3107,767.8663,154.9067,0.0,2.0,2.986002,0.848082,27,96,50,4,0.12062849,0.11848933,0.08402311,0E-8,0.000000,0.886663,0.000000,0.03919416,2026-05-24,2026-08-05,38,148,140,74,0.513514,0.682689,0.720966,0.402095,,,,,,,,GLOBAL_BASELINE_NO_ENTITY_RANKING,,,NOT_APPLICABLE_GLOBAL_BASELINE,HF9g-P5,,,,X 全窗基线 · 不参与实体赏罚,14193014,1420,A168_HF9F_20260827_0900,2026-08-27 09:00:00
2026-07-07,150505951,2233,0,130.1216017350,-130.1216017350,-130.1216017350,0E-7,1,1,0.49324550000000000,0.493245500000,-0.9865810262130424,-0.9865810262130424,-0.9865810262130424,0E-17,ELIGIBLE,R03b_20260811_FULL_v1,L1_ELIGIBILITY,v2026-08-11,2026-03-21..2026-08-06,baccarat_bet02_101_all_pairs_incl_sentinel,round_win = game_pnl > 0 (decisive only),COMPATIBILITY_ONLY_NOT_PRODUCTION,56048.8330,49696.4368,6641.1888,257,256,-0.11848933,-0.08402311,-0.12321726,-0.11848933,-6641.1888,56048.8330,OK,0.0000,265.6476,4.0000,96.0000,AG03-UNRESOLVED,ALL5_LEVELS_bet23_to_bet27,265.6476,265.6476,332.0594,332.0594,332.0594,4.000000,4.000000,5.000000,5.000000,5.000000,96.000000,96.000000,95.000000,95.000000,95.000000,5.0,1527.4734,1393.6083,5113.7154,5247.5805,PENDING_AG03,FALSE,NOT_FOR_ENFORCEMENT,6375.5412,47708.5794,6641.1888,6375.5412,265.6476,0.11848933,0.11374976,265.6476,6375.5412,0.11374976,265.6476,265.6476,332.0594,332.0594,332.0594,6375.5412,0.11374976,1527.4734,1393.6083,5113.7154,5247.5805,0.09123679,0.09362515,0.00473957,218.0888,194.1267,25.9421,174.7681,44.8729,1474.9693,6.7368,157.2346,230.3166,128.5777,257.1553,258.1778,388.3046,514.3107,767.8663,154.9067,0.0,2.0,2.986002,0.848082,27,96,50,4,0.12062849,0.11848933,0.08402311,0E-8,0.000000,0.886663,0.000000,0.03919416,2026-05-24,2026-08-05,38,148,140,74,0.513514,0.682689,0.720966,0.402095,,,,,,,,GLOBAL_BASELINE_NO_ENTITY_RANKING,,,NOT_APPLICABLE_GLOBAL_BASELINE,HF9g-P5,,,,X 全窗基线 · 不参与实体赏罚,14193015,1420,A168_HF9F_20260827_0900,2026-08-27 09:00:00
2026-07-13,150505951,1400,0,930.2145457362,310.0715152454,310.0715152454,0.6666667,3,3,0.49324550000000000,0.493245500000,0.6008033672792107,0.6008033672792106,0.6008033672792107,0E-17,ELIGIBLE,R03b_20260811_FULL_v1,L1_ELIGIBILITY,v2026-08-11,2026-03-21..2026-08-06,baccarat_bet02_101_all_pairs_incl_sentinel,round_win = game_pnl > 0 (decisive only),COMPATIBILITY_ONLY_NOT_PRODUCTION,56048.8330,49696.4368,6641.1888,257,256,-0.11848933,-0.08402311,-0.12321726,-0.11848933,-6641.1888,56048.8330,OK,0.0000,265.6476,4.0000,96.0000,AG03-UNRESOLVED,ALL5_LEVELS_bet23_to_bet27,265.6476,265.6476,332.0594,332.0594,332.0594,4.000000,4.000000,5.000000,5.000000,5.000000,96.000000,96.000000,95.000000,95.000000,95.000000,5.0,1527.4734,1393.6083,5113.7154,5247.5805,PENDING_AG03,FALSE,NOT_FOR_ENFORCEMENT,6375.5412,47708.5794,6641.1888,6375.5412,265.6476,0.11848933,0.11374976,265.6476,6375.5412,0.11374976,265.6476,265.6476,332.0594,332.0594,332.0594,6375.5412,0.11374976,1527.4734,1393.6083,5113.7154,5247.5805,0.09123679,0.09362515,0.00473957,218.0888,194.1267,25.9421,174.7681,44.8729,1474.9693,6.7368,157.2346,230.3166,128.5777,257.1553,258.1778,388.3046,514.3107,767.8663,154.9067,0.0,2.0,2.986002,0.848082,27,96,50,4,0.12062849,0.11848933,0.08402311,0E-8,0.000000,0.886663,0.000000,0.03919416,2026-05-24,2026-08-05,38,148,140,74,0.513514,0.682689,0.720966,0.402095,,,,,,,,GLOBAL_BASELINE_NO_ENTITY_RANKING,,,NOT_APPLICABLE_GLOBAL_BASELINE,HF9g-P5,,,,X 全窗基线 · 不参与实体赏罚,14193016,1420,A168_HF9F_20260827_0900,2026-08-27 09:00:00
2026-07-13,150505951,1994,0,154.9066687321,-51.6355562441,-51.6355562441,0.5000000,2,2,0.49324550000000000,0.493245500000,0.01910635448239258,0.01910635448239258,0.01910635448239258,0E-17,ELIGIBLE,R03b_20260811_FULL_v1,L1_ELIGIBILITY,v2026-08-11,2026-03-21..2026-08-06,baccarat_bet02_101_all_pairs_incl_sentinel,round_win = game_pnl > 0 (decisive only),COMPATIBILITY_ONLY_NOT_PRODUCTION,56048.8330,49696.4368,6641.1888,257,256,-0.11848933,-0.08402311,-0.12321726,-0.11848933,-6641.1888,56048.8330,OK,0.0000,265.6476,4.0000,96.0000,AG03-UNRESOLVED,ALL5_LEVELS_bet23_to_bet27,265.6476,265.6476,332.0594,332.0594,332.0594,4.000000,4.000000,5.000000,5.000000,5.000000,96.000000,96.000000,95.000000,95.000000,95.000000,5.0,1527.4734,1393.6083,5113.7154,5247.5805,PENDING_AG03,FALSE,NOT_FOR_ENFORCEMENT,6375.5412,47708.5794,6641.1888,6375.5412,265.6476,0.11848933,0.11374976,265.6476,6375.5412,0.11374976,265.6476,265.6476,332.0594,332.0594,332.0594,6375.5412,0.11374976,1527.4734,1393.6083,5113.7154,5247.5805,0.09123679,0.09362515,0.00473957,218.0888,194.1267,25.9421,174.7681,44.8729,1474.9693,6.7368,157.2346,230.3166,128.5777,257.1553,258.1778,388.3046,514.3107,767.8663,154.9067,0.0,2.0,2.986002,0.848082,27,96,50,4,0.12062849,0.11848933,0.08402311,0E-8,0.000000,0.886663,0.000000,0.03919416,2026-05-24,2026-08-05,38,148,140,74,0.513514,0.682689,0.720966,0.402095,,,,,,,,GLOBAL_BASELINE_NO_ENTITY_RANKING,,,NOT_APPLICABLE_GLOBAL_BASELINE,HF9g-P5,,,,X 全窗基线 · 不参与实体赏罚,14193017,1420,A168_HF9F_20260827_0900,2026-08-27 09:00:00
2026-07-13,150505951,2142,0,310.0715152454,310.0715152454,310.0715152454,1.0000000,1,1,0.49324550000000000,0.493245500000,1.01360149184955,1.01360149184955,1.01360149184955,0E-17,ELIGIBLE,R03b_20260811_FULL_v1,L1_ELIGIBILITY,v2026-08-11,2026-03-21..2026-08-06,baccarat_bet02_101_all_pairs_incl_sentinel,round_win = game_pnl > 0 (decisive only),COMPATIBILITY_ONLY_NOT_PRODUCTION,56048.8330,49696.4368,6641.1888,257,256,-0.11848933,-0.08402311,-0.12321726,-0.11848933,-6641.1888,56048.8330,OK,0.0000,265.6476,4.0000,96.0000,AG03-UNRESOLVED,ALL5_LEVELS_bet23_to_bet27,265.6476,265.6476,332.0594,332.0594,332.0594,4.000000,4.000000,5.000000,5.000000,5.000000,96.000000,96.000000,95.000000,95.000000,95.000000,5.0,1527.4734,1393.6083,5113.7154,5247.5805,PENDING_AG03,FALSE,NOT_FOR_ENFORCEMENT,6375.5412,47708.5794,6641.1888,6375.5412,265.6476,0.11848933,0.11374976,265.6476,6375.5412,0.11374976,265.6476,265.6476,332.0594,332.0594,332.0594,6375.5412,0.11374976,1527.4734,1393.6083,5113.7154,5247.5805,0.09123679,0.09362515,0.00473957,218.0888,194.1267,25.9421,174.7681,44.8729,1474.9693,6.7368,157.2346,230.3166,128.5777,257.1553,258.1778,388.3046,514.3107,767.8663,154.9067,0.0,2.0,2.986002,0.848082,27,96,50,4,0.12062849,0.11848933,0.08402311,0E-8,0.000000,0.886663,0.000000,0.03919416,2026-05-24,2026-08-05,38,148,140,74,0.513514,0.682689,0.720966,0.402095,,,,,,,,GLOBAL_BASELINE_NO_ENTITY_RANKING,,,NOT_APPLICABLE_GLOBAL_BASELINE,HF9g-P5,,,,X 全窗基线 · 不参与实体赏罚,14193018,1420,A168_HF9F_20260827_0900,2026-08-27 09:00:00
2026-07-13,150505951,2246,0,206.5422249761,-206.5422249761,-206.5422249761,0E-7,1,1,0.49324550000000000,0.493245500000,-0.9865810262130424,-0.9865810262130424,-0.9865810262130424,0E-17,ELIGIBLE,R03b_20260811_FULL_v1,L1_ELIGIBILITY,v2026-08-11,2026-03-21..2026-08-06,baccarat_bet02_101_all_pairs_incl_sentinel,round_win = game_pnl > 0 (decisive only),COMPATIBILITY_ONLY_NOT_PRODUCTION,56048.8330,49696.4368,6641.1888,257,256,-0.11848933,-0.08402311,-0.12321726,-0.11848933,-6641.1888,56048.8330,OK,0.0000,265.6476,4.0000,96.0000,AG03-UNRESOLVED,ALL5_LEVELS_bet23_to_bet27,265.6476,265.6476,332.0594,332.0594,332.0594,4.000000,4.000000,5.000000,5.000000,5.000000,96.000000,96.000000,95.000000,95.000000,95.000000,5.0,1527.4734,1393.6083,5113.7154,5247.5805,PENDING_AG03,FALSE,NOT_FOR_ENFORCEMENT,6375.5412,47708.5794,6641.1888,6375.5412,265.6476,0.11848933,0.11374976,265.6476,6375.5412,0.11374976,265.6476,265.6476,332.0594,332.0594,332.0594,6375.5412,0.11374976,1527.4734,1393.6083,5113.7154,5247.5805,0.09123679,0.09362515,0.00473957,218.0888,194.1267,25.9421,174.7681,44.8729,1474.9693,6.7368,157.2346,230.3166,128.5777,257.1553,258.1778,388.3046,514.3107,767.8663,154.9067,0.0,2.0,2.986002,0.848082,27,96,50,4,0.12062849,0.11848933,0.08402311,0E-8,0.000000,0.886663,0.000000,0.03919416,2026-05-24,2026-08-05,38,148,140,74,0.513514,0.682689,0.720966,0.402095,,,,,,,,GLOBAL_BASELINE_NO_ENTITY_RANKING,,,NOT_APPLICABLE_GLOBAL_BASELINE,HF9g-P5,,,,X 全窗基线 · 不参与实体赏罚,14193019,1420,A168_HF9F_20260827_0900,2026-08-27 09:00:00
2026-07-15,150505951,2170,0,77.4533343660,-77.4533343660,-77.4533343660,0E-7,1,1,0.49324550000000000,0.493245500000,-0.9865810262130424,-0.9865810262130424,-0.9865810262130424,0E-17,ELIGIBLE,R03b_20260811_FULL_v1,L1_ELIGIBILITY,v2026-08-11,2026-03-21..2026-08-06,baccarat_bet02_101_all_pairs_incl_sentinel,round_win = game_pnl > 0 (decisive only),COMPATIBILITY_ONLY_NOT_PRODUCTION,56048.8330,49696.4368,6641.1888,257,256,-0.11848933,-0.08402311,-0.12321726,-0.11848933,-6641.1888,56048.8330,OK,0.0000,265.6476,4.0000,96.0000,AG03-UNRESOLVED,ALL5_LEVELS_bet23_to_bet27,265.6476,265.6476,332.0594,332.0594,332.0594,4.000000,4.000000,5.000000,5.000000,5.000000,96.000000,96.000000,95.000000,95.000000,95.000000,5.0,1527.4734,1393.6083,5113.7154,5247.5805,PENDING_AG03,FALSE,NOT_FOR_ENFORCEMENT,6375.5412,47708.5794,6641.1888,6375.5412,265.6476,0.11848933,0.11374976,265.6476,6375.5412,0.11374976,265.6476,265.6476,332.0594,332.0594,332.0594,6375.5412,0.11374976,1527.4734,1393.6083,5113.7154,5247.5805,0.09123679,0.09362515,0.00473957,218.0888,194.1267,25.9421,174.7681,44.8729,1474.9693,6.7368,157.2346,230.3166,128.5777,257.1553,258.1778,388.3046,514.3107,767.8663,154.9067,0.0,2.0,2.986002,0.848082,27,96,50,4,0.12062849,0.11848933,0.08402311,0E-8,0.000000,0.886663,0.000000,0.03919416,2026-05-24,2026-08-05,38,148,140,74,0.513514,0.682689,0.720966,0.402095,,,,,,,,GLOBAL_BASELINE_NO_ENTITY_RANKING,,,NOT_APPLICABLE_GLOBAL_BASELINE,HF9g-P5,,,,X 全窗基线 · 不参与实体赏罚,14193020,1420,A168_HF9F_20260827_0900,2026-08-27 09:00:00
2026-07-15,150505951,2171,0,258.1777812201,258.1777812201,258.1777812201,1.0000000,1,1,0.49324550000000000,0.493245500000,1.01360149184955,1.01360149184955,1.01360149184955,0E-17,ELIGIBLE,R03b_20260811_FULL_v1,L1_ELIGIBILITY,v2026-08-11,2026-03-21..2026-08-06,baccarat_bet02_101_all_pairs_incl_sentinel,round_win = game_pnl > 0 (decisive only),COMPATIBILITY_ONLY_NOT_PRODUCTION,56048.8330,49696.4368,6641.1888,257,256,-0.11848933,-0.08402311,-0.12321726,-0.11848933,-6641.1888,56048.8330,OK,0.0000,265.6476,4.0000,96.0000,AG03-UNRESOLVED,ALL5_LEVELS_bet23_to_bet27,265.6476,265.6476,332.0594,332.0594,332.0594,4.000000,4.000000,5.000000,5.000000,5.000000,96.000000,96.000000,95.000000,95.000000,95.000000,5.0,1527.4734,1393.6083,5113.7154,5247.5805,PENDING_AG03,FALSE,NOT_FOR_ENFORCEMENT,6375.5412,47708.5794,6641.1888,6375.5412,265.6476,0.11848933,0.11374976,265.6476,6375.5412,0.11374976,265.6476,265.6476,332.0594,332.0594,332.0594,6375.5412,0.11374976,1527.4734,1393.6083,5113.7154,5247.5805,0.09123679,0.09362515,0.00473957,218.0888,194.1267,25.9421,174.7681,44.8729,1474.9693,6.7368,157.2346,230.3166,128.5777,257.1553,258.1778,388.3046,514.3107,767.8663,154.9067,0.0,2.0,2.986002,0.848082,27,96,50,4,0.12062849,0.11848933,0.08402311,0E-8,0.000000,0.886663,0.000000,0.03919416,2026-05-24,2026-08-05,38,148,140,74,0.513514,0.682689,0.720966,0.402095,,,,,,,,GLOBAL_BASELINE_NO_ENTITY_RANKING,,,NOT_APPLICABLE_GLOBAL_BASELINE,HF9g-P5,,,,X 全窗基线 · 不参与实体赏罚,14193021,1420,A168_HF9F_20260827_0900,2026-08-27 09:00:00
2026-07-15,150505951,2196,0,438.9022280743,335.6311155863,335.6311155863,0.7500000,4,4,0.49324550000000000,0.493245500000,1.0271117246678039,1.0271117246678039,1.0271117246678039,0E-17,ELIGIBLE,R03b_20260811_FULL_v1,L1_ELIGIBILITY,v2026-08-11,2026-03-21..2026-08-06,baccarat_bet02_101_all_pairs_incl_sentinel,round_win = game_pnl > 0 (decisive only),COMPATIBILITY_ONLY_NOT_PRODUCTION,56048.8330,49696.4368,6641.1888,257,256,-0.11848933,-0.08402311,-0.12321726,-0.11848933,-6641.1888,56048.8330,OK,0.0000,265.6476,4.0000,96.0000,AG03-UNRESOLVED,ALL5_LEVELS_bet23_to_bet27,265.6476,265.6476,332.0594,332.0594,332.0594,4.000000,4.000000,5.000000,5.000000,5.000000,96.000000,96.000000,95.000000,95.000000,95.000000,5.0,1527.4734,1393.6083,5113.7154,5247.5805,PENDING_AG03,FALSE,NOT_FOR_ENFORCEMENT,6375.5412,47708.5794,6641.1888,6375.5412,265.6476,0.11848933,0.11374976,265.6476,6375.5412,0.11374976,265.6476,265.6476,332.0594,332.0594,332.0594,6375.5412,0.11374976,1527.4734,1393.6083,5113.7154,5247.5805,0.09123679,0.09362515,0.00473957,218.0888,194.1267,25.9421,174.7681,44.8729,1474.9693,6.7368,157.2346,230.3166,128.5777,257.1553,258.1778,388.3046,514.3107,767.8663,154.9067,0.0,2.0,2.986002,0.848082,27,96,50,4,0.12062849,0.11848933,0.08402311,0E-8,0.000000,0.886663,0.000000,0.03919416,2026-05-24,2026-08-05,38,148,140,74,0.513514,0.682689,0.720966,0.402095,,,,,,,,GLOBAL_BASELINE_NO_ENTITY_RANKING,,,NOT_APPLICABLE_GLOBAL_BASELINE,HF9g-P5,,,,X 全窗基线 · 不参与实体赏罚,14193022,1420,A168_HF9F_20260827_0900,2026-08-27 09:00:00
2026-07-17,150505951,2239,0,258.1777812201,-258.1777812201,-258.1777812201,0E-7,1,1,0.49324550000000000,0.493245500000,-0.9865810262130424,-0.9865810262130424,-0.9865810262130424,0E-17,ELIGIBLE,R03b_20260811_FULL_v1,L1_ELIGIBILITY,v2026-08-11,2026-03-21..2026-08-06,baccarat_bet02_101_all_pairs_incl_sentinel,round_win = game_pnl > 0 (decisive only),COMPATIBILITY_ONLY_NOT_PRODUCTION,56048.8330,49696.4368,6641.1888,257,256,-0.11848933,-0.08402311,-0.12321726,-0.11848933,-6641.1888,56048.8330,OK,0.0000,265.6476,4.0000,96.0000,AG03-UNRESOLVED,ALL5_LEVELS_bet23_to_bet27,265.6476,265.6476,332.0594,332.0594,332.0594,4.000000,4.000000,5.000000,5.000000,5.000000,96.000000,96.000000,95.000000,95.000000,95.000000,5.0,1527.4734,1393.6083,5113.7154,5247.5805,PENDING_AG03,FALSE,NOT_FOR_ENFORCEMENT,6375.5412,47708.5794,6641.1888,6375.5412,265.6476,0.11848933,0.11374976,265.6476,6375.5412,0.11374976,265.6476,265.6476,332.0594,332.0594,332.0594,6375.5412,0.11374976,1527.4734,1393.6083,5113.7154,5247.5805,0.09123679,0.09362515,0.00473957,218.0888,194.1267,25.9421,174.7681,44.8729,1474.9693,6.7368,157.2346,230.3166,128.5777,257.1553,258.1778,388.3046,514.3107,767.8663,154.9067,0.0,2.0,2.986002,0.848082,27,96,50,4,0.12062849,0.11848933,0.08402311,0E-8,0.000000,0.886663,0.000000,0.03919416,2026-05-24,2026-08-05,38,148,140,74,0.513514,0.682689,0.720966,0.402095,,,,,,,,GLOBAL_BASELINE_NO_ENTITY_RANKING,,,NOT_APPLICABLE_GLOBAL_BASELINE,HF9g-P5,,,,X 全窗基线 · 不参与实体赏罚,14193023,1420,A168_HF9F_20260827_0900,2026-08-27 09:00:00
2026-07-19,150505951,2155,0,233.1345364417,78.2278677097,78.2278677097,0.6666667,3,3,0.49324550000000000,0.493245500000,0.6008033672792107,0.6008033672792106,0.6008033672792107,0E-17,ELIGIBLE,R03b_20260811_FULL_v1,L1_ELIGIBILITY,v2026-08-11,2026-03-21..2026-08-06,baccarat_bet02_101_all_pairs_incl_sentinel,round_win = game_pnl > 0 (decisive only),COMPATIBILITY_ONLY_NOT_PRODUCTION,56048.8330,49696.4368,6641.1888,257,256,-0.11848933,-0.08402311,-0.12321726,-0.11848933,-6641.1888,56048.8330,OK,0.0000,265.6476,4.0000,96.0000,AG03-UNRESOLVED,ALL5_LEVELS_bet23_to_bet27,265.6476,265.6476,332.0594,332.0594,332.0594,4.000000,4.000000,5.000000,5.000000,5.000000,96.000000,96.000000,95.000000,95.000000,95.000000,5.0,1527.4734,1393.6083,5113.7154,5247.5805,PENDING_AG03,FALSE,NOT_FOR_ENFORCEMENT,6375.5412,47708.5794,6641.1888,6375.5412,265.6476,0.11848933,0.11374976,265.6476,6375.5412,0.11374976,265.6476,265.6476,332.0594,332.0594,332.0594,6375.5412,0.11374976,1527.4734,1393.6083,5113.7154,5247.5805,0.09123679,0.09362515,0.00473957,218.0888,194.1267,25.9421,174.7681,44.8729,1474.9693,6.7368,157.2346,230.3166,128.5777,257.1553,258.1778,388.3046,514.3107,767.8663,154.9067,0.0,2.0,2.986002,0.848082,27,96,50,4,0.12062849,0.11848933,0.08402311,0E-8,0.000000,0.886663,0.000000,0.03919416,2026-05-24,2026-08-05,38,148,140,74,0.513514,0.682689,0.720966,0.402095,,,,,,,,GLOBAL_BASELINE_NO_ENTITY_RANKING,,,NOT_APPLICABLE_GLOBAL_BASELINE,HF9g-P5,,,,X 全窗基线 · 不参与实体赏罚,14193024,1420,A168_HF9F_20260827_0900,2026-08-27 09:00:00
2026-07-19,150505951,763,0,206.5422249761,103.2711124881,103.2711124881,0.5000000,2,2,0.49324550000000000,0.493245500000,0.01910635448239258,0.01910635448239258,0.01910635448239258,0E-17,ELIGIBLE,R03b_20260811_FULL_v1,L1_ELIGIBILITY,v2026-08-11,2026-03-21..2026-08-06,baccarat_bet02_101_all_pairs_incl_sentinel,round_win = game_pnl > 0 (decisive only),COMPATIBILITY_ONLY_NOT_PRODUCTION,56048.8330,49696.4368,6641.1888,257,256,-0.11848933,-0.08402311,-0.12321726,-0.11848933,-6641.1888,56048.8330,OK,0.0000,265.6476,4.0000,96.0000,AG03-UNRESOLVED,ALL5_LEVELS_bet23_to_bet27,265.6476,265.6476,332.0594,332.0594,332.0594,4.000000,4.000000,5.000000,5.000000,5.000000,96.000000,96.000000,95.000000,95.000000,95.000000,5.0,1527.4734,1393.6083,5113.7154,5247.5805,PENDING_AG03,FALSE,NOT_FOR_ENFORCEMENT,6375.5412,47708.5794,6641.1888,6375.5412,265.6476,0.11848933,0.11374976,265.6476,6375.5412,0.11374976,265.6476,265.6476,332.0594,332.0594,332.0594,6375.5412,0.11374976,1527.4734,1393.6083,5113.7154,5247.5805,0.09123679,0.09362515,0.00473957,218.0888,194.1267,25.9421,174.7681,44.8729,1474.9693,6.7368,157.2346,230.3166,128.5777,257.1553,258.1778,388.3046,514.3107,767.8663,154.9067,0.0,2.0,2.986002,0.848082,27,96,50,4,0.12062849,0.11848933,0.08402311,0E-8,0.000000,0.886663,0.000000,0.03919416,2026-05-24,2026-08-05,38,148,140,74,0.513514,0.682689,0.720966,0.402095,,,,,,,,GLOBAL_BASELINE_NO_ENTITY_RANKING,,,NOT_APPLICABLE_GLOBAL_BASELINE,HF9g-P5,,,,X 全窗基线 · 不参与实体赏罚,14193025,1420,A168_HF9F_20260827_0900,2026-08-27 09:00:00
2026-07-20,150505951,1353,0,258.1777812201,-258.1777812201,-258.1777812201,0E-7,1,1,0.49324550000000000,0.493245500000,-0.9865810262130424,-0.9865810262130424,-0.9865810262130424,0E-17,ELIGIBLE,R03b_20260811_FULL_v1,L1_ELIGIBILITY,v2026-08-11,2026-03-21..2026-08-06,baccarat_bet02_101_all_pairs_incl_sentinel,round_win = game_pnl > 0 (decisive only),COMPATIBILITY_ONLY_NOT_PRODUCTION,56048.8330,49696.4368,6641.1888,257,256,-0.11848933,-0.08402311,-0.12321726,-0.11848933,-6641.1888,56048.8330,OK,0.0000,265.6476,4.0000,96.0000,AG03-UNRESOLVED,ALL5_LEVELS_bet23_to_bet27,265.6476,265.6476,332.0594,332.0594,332.0594,4.000000,4.000000,5.000000,5.000000,5.000000,96.000000,96.000000,95.000000,95.000000,95.000000,5.0,1527.4734,1393.6083,5113.7154,5247.5805,PENDING_AG03,FALSE,NOT_FOR_ENFORCEMENT,6375.5412,47708.5794,6641.1888,6375.5412,265.6476,0.11848933,0.11374976,265.6476,6375.5412,0.11374976,265.6476,265.6476,332.0594,332.0594,332.0594,6375.5412,0.11374976,1527.4734,1393.6083,5113.7154,5247.5805,0.09123679,0.09362515,0.00473957,218.0888,194.1267,25.9421,174.7681,44.8729,1474.9693,6.7368,157.2346,230.3166,128.5777,257.1553,258.1778,388.3046,514.3107,767.8663,154.9067,0.0,2.0,2.986002,0.848082,27,96,50,4,0.12062849,0.11848933,0.08402311,0E-8,0.000000,0.886663,0.000000,0.03919416,2026-05-24,2026-08-05,38,148,140,74,0.513514,0.682689,0.720966,0.402095,,,,,,,,GLOBAL_BASELINE_NO_ENTITY_RANKING,,,NOT_APPLICABLE_GLOBAL_BASELINE,HF9g-P5,,,,X 全窗基线 · 不参与实体赏罚,14193026,1420,A168_HF9F_20260827_0900,2026-08-27 09:00:00
2026-07-20,150505951,2239,0,77.4533343660,-77.4533343660,-77.4533343660,0E-7,1,1,0.49324550000000000,0.493245500000,-0.9865810262130424,-0.9865810262130424,-0.9865810262130424,0E-17,ELIGIBLE,R03b_20260811_FULL_v1,L1_ELIGIBILITY,v2026-08-11,2026-03-21..2026-08-06,baccarat_bet02_101_all_pairs_incl_sentinel,round_win = game_pnl > 0 (decisive only),COMPATIBILITY_ONLY_NOT_PRODUCTION,56048.8330,49696.4368,6641.1888,257,256,-0.11848933,-0.08402311,-0.12321726,-0.11848933,-6641.1888,56048.8330,OK,0.0000,265.6476,4.0000,96.0000,AG03-UNRESOLVED,ALL5_LEVELS_bet23_to_bet27,265.6476,265.6476,332.0594,332.0594,332.0594,4.000000,4.000000,5.000000,5.000000,5.000000,96.000000,96.000000,95.000000,95.000000,95.000000,5.0,1527.4734,1393.6083,5113.7154,5247.5805,PENDING_AG03,FALSE,NOT_FOR_ENFORCEMENT,6375.5412,47708.5794,6641.1888,6375.5412,265.6476,0.11848933,0.11374976,265.6476,6375.5412,0.11374976,265.6476,265.6476,332.0594,332.0594,332.0594,6375.5412,0.11374976,1527.4734,1393.6083,5113.7154,5247.5805,0.09123679,0.09362515,0.00473957,218.0888,194.1267,25.9421,174.7681,44.8729,1474.9693,6.7368,157.2346,230.3166,128.5777,257.1553,258.1778,388.3046,514.3107,767.8663,154.9067,0.0,2.0,2.986002,0.848082,27,96,50,4,0.12062849,0.11848933,0.08402311,0E-8,0.000000,0.886663,0.000000,0.03919416,2026-05-24,2026-08-05,38,148,140,74,0.513514,0.682689,0.720966,0.402095,,,,,,,,GLOBAL_BASELINE_NO_ENTITY_RANKING,,,NOT_APPLICABLE_GLOBAL_BASELINE,HF9g-P5,,,,X 全窗基线 · 不参与实体赏罚,14193027,1420,A168_HF9F_20260827_0900,2026-08-27 09:00:00
2026-07-20,150505951,2278,0,103.2711124881,0E-10,0E-10,,1,1,0.49324550000000000,0.493245500000,,,,0E-17,NO_DECISIVE_ROUND,R03b_20260811_FULL_v1,L1_ELIGIBILITY,v2026-08-11,2026-03-21..2026-08-06,baccarat_bet02_101_all_pairs_incl_sentinel,round_win = game_pnl > 0 (decisive only),COMPATIBILITY_ONLY_NOT_PRODUCTION,56048.8330,49696.4368,6641.1888,257,256,-0.11848933,-0.08402311,-0.12321726,-0.11848933,-6641.1888,56048.8330,OK,0.0000,265.6476,4.0000,96.0000,AG03-UNRESOLVED,ALL5_LEVELS_bet23_to_bet27,265.6476,265.6476,332.0594,332.0594,332.0594,4.000000,4.000000,5.000000,5.000000,5.000000,96.000000,96.000000,95.000000,95.000000,95.000000,5.0,1527.4734,1393.6083,5113.7154,5247.5805,PENDING_AG03,FALSE,NOT_FOR_ENFORCEMENT,6375.5412,47708.5794,6641.1888,6375.5412,265.6476,0.11848933,0.11374976,265.6476,6375.5412,0.11374976,265.6476,265.6476,332.0594,332.0594,332.0594,6375.5412,0.11374976,1527.4734,1393.6083,5113.7154,5247.5805,0.09123679,0.09362515,0.00473957,218.0888,194.1267,25.9421,174.7681,44.8729,1474.9693,6.7368,157.2346,230.3166,128.5777,257.1553,258.1778,388.3046,514.3107,767.8663,154.9067,0.0,2.0,2.986002,0.848082,27,96,50,4,0.12062849,0.11848933,0.08402311,0E-8,0.000000,0.886663,0.000000,0.03919416,2026-05-24,2026-08-05,38,148,140,74,0.513514,0.682689,0.720966,0.402095,,,,,,,,GLOBAL_BASELINE_NO_ENTITY_RANKING,,,NOT_APPLICABLE_GLOBAL_BASELINE,HF9g-P5,,,,X 全窗基线 · 不参与实体赏罚,14193028,1420,A168_HF9F_20260827_0900,2026-08-27 09:00:00
2026-07-20,150505951,2289,0,103.2711124881,-103.2711124881,-103.2711124881,0E-7,1,1,0.49324550000000000,0.493245500000,-0.9865810262130424,-0.9865810262130424,-0.9865810262130424,0E-17,ELIGIBLE,R03b_20260811_FULL_v1,L1_ELIGIBILITY,v2026-08-11,2026-03-21..2026-08-06,baccarat_bet02_101_all_pairs_incl_sentinel,round_win = game_pnl > 0 (decisive only),COMPATIBILITY_ONLY_NOT_PRODUCTION,56048.8330,49696.4368,6641.1888,257,256,-0.11848933,-0.08402311,-0.12321726,-0.11848933,-6641.1888,56048.8330,OK,0.0000,265.6476,4.0000,96.0000,AG03-UNRESOLVED,ALL5_LEVELS_bet23_to_bet27,265.6476,265.6476,332.0594,332.0594,332.0594,4.000000,4.000000,5.000000,5.000000,5.000000,96.000000,96.000000,95.000000,95.000000,95.000000,5.0,1527.4734,1393.6083,5113.7154,5247.5805,PENDING_AG03,FALSE,NOT_FOR_ENFORCEMENT,6375.5412,47708.5794,6641.1888,6375.5412,265.6476,0.11848933,0.11374976,265.6476,6375.5412,0.11374976,265.6476,265.6476,332.0594,332.0594,332.0594,6375.5412,0.11374976,1527.4734,1393.6083,5113.7154,5247.5805,0.09123679,0.09362515,0.00473957,218.0888,194.1267,25.9421,174.7681,44.8729,1474.9693,6.7368,157.2346,230.3166,128.5777,257.1553,258.1778,388.3046,514.3107,767.8663,154.9067,0.0,2.0,2.986002,0.848082,27,96,50,4,0.12062849,0.11848933,0.08402311,0E-8,0.000000,0.886663,0.000000,0.03919416,2026-05-24,2026-08-05,38,148,140,74,0.513514,0.682689,0.720966,0.402095,,,,,,,,GLOBAL_BASELINE_NO_ENTITY_RANKING,,,NOT_APPLICABLE_GLOBAL_BASELINE,HF9g-P5,,,,X 全窗基线 · 不参与实体赏罚,14193029,1420,A168_HF9F_20260827_0900,2026-08-27 09:00:00
2026-07-20,150505951,583,0,258.1777812201,0E-10,0E-10,,1,1,0.49324550000000000,0.493245500000,,,,0E-17,NO_DECISIVE_ROUND,R03b_20260811_FULL_v1,L1_ELIGIBILITY,v2026-08-11,2026-03-21..2026-08-06,baccarat_bet02_101_all_pairs_incl_sentinel,round_win = game_pnl > 0 (decisive only),COMPATIBILITY_ONLY_NOT_PRODUCTION,56048.8330,49696.4368,6641.1888,257,256,-0.11848933,-0.08402311,-0.12321726,-0.11848933,-6641.1888,56048.8330,OK,0.0000,265.6476,4.0000,96.0000,AG03-UNRESOLVED,ALL5_LEVELS_bet23_to_bet27,265.6476,265.6476,332.0594,332.0594,332.0594,4.000000,4.000000,5.000000,5.000000,5.000000,96.000000,96.000000,95.000000,95.000000,95.000000,5.0,1527.4734,1393.6083,5113.7154,5247.5805,PENDING_AG03,FALSE,NOT_FOR_ENFORCEMENT,6375.5412,47708.5794,6641.1888,6375.5412,265.6476,0.11848933,0.11374976,265.6476,6375.5412,0.11374976,265.6476,265.6476,332.0594,332.0594,332.0594,6375.5412,0.11374976,1527.4734,1393.6083,5113.7154,5247.5805,0.09123679,0.09362515,0.00473957,218.0888,194.1267,25.9421,174.7681,44.8729,1474.9693,6.7368,157.2346,230.3166,128.5777,257.1553,258.1778,388.3046,514.3107,767.8663,154.9067,0.0,2.0,2.986002,0.848082,27,96,50,4,0.12062849,0.11848933,0.08402311,0E-8,0.000000,0.886663,0.000000,0.03919416,2026-05-24,2026-08-05,38,148,140,74,0.513514,0.682689,0.720966,0.402095,,,,,,,,GLOBAL_BASELINE_NO_ENTITY_RANKING,,,NOT_APPLICABLE_GLOBAL_BASELINE,HF9g-P5,,,,X 全窗基线 · 不参与实体赏罚,14193030,1420,A168_HF9F_20260827_0900,2026-08-27 09:00:00
2026-07-23,150505951,-1,1,154.9066687321,-154.9066687321,-154.9066687321,0E-7,1,1,0.49324550000000000,0.493245500000,-0.9865810262130424,-0.9865810262130424,-0.9865810262130424,0E-17,SENTINEL_DEALER,R03b_20260811_FULL_v1,L1_ELIGIBILITY,v2026-08-11,2026-03-21..2026-08-06,baccarat_bet02_101_all_pairs_incl_sentinel,round_win = game_pnl > 0 (decisive only),COMPATIBILITY_ONLY_NOT_PRODUCTION,56048.8330,49696.4368,6641.1888,257,256,-0.11848933,-0.08402311,-0.12321726,-0.11848933,-6641.1888,56048.8330,OK,0.0000,265.6476,4.0000,96.0000,AG03-UNRESOLVED,ALL5_LEVELS_bet23_to_bet27,265.6476,265.6476,332.0594,332.0594,332.0594,4.000000,4.000000,5.000000,5.000000,5.000000,96.000000,96.000000,95.000000,95.000000,95.000000,5.0,1527.4734,1393.6083,5113.7154,5247.5805,PENDING_AG03,FALSE,NOT_FOR_ENFORCEMENT,6375.5412,47708.5794,6641.1888,6375.5412,265.6476,0.11848933,0.11374976,265.6476,6375.5412,0.11374976,265.6476,265.6476,332.0594,332.0594,332.0594,6375.5412,0.11374976,1527.4734,1393.6083,5113.7154,5247.5805,0.09123679,0.09362515,0.00473957,218.0888,194.1267,25.9421,174.7681,44.8729,1474.9693,6.7368,157.2346,230.3166,128.5777,257.1553,258.1778,388.3046,514.3107,767.8663,154.9067,0.0,2.0,2.986002,0.848082,27,96,50,4,0.12062849,0.11848933,0.08402311,0E-8,0.000000,0.886663,0.000000,0.03919416,2026-05-24,2026-08-05,38,148,140,74,0.513514,0.682689,0.720966,0.402095,,,,,,,,GLOBAL_BASELINE_NO_ENTITY_RANKING,,,NOT_APPLICABLE_GLOBAL_BASELINE,HF9g-P5,,,,X 全窗基线 · 不参与实体赏罚,14193031,1420,A168_HF9F_20260827_0900,2026-08-27 09:00:00
2026-07-23,150505951,1306,0,154.9066687321,-154.9066687321,-154.9066687321,0E-7,1,1,0.49324550000000000,0.493245500000,-0.9865810262130424,-0.9865810262130424,-0.9865810262130424,0E-17,ELIGIBLE,R03b_20260811_FULL_v1,L1_ELIGIBILITY,v2026-08-11,2026-03-21..2026-08-06,baccarat_bet02_101_all_pairs_incl_sentinel,round_win = game_pnl > 0 (decisive only),COMPATIBILITY_ONLY_NOT_PRODUCTION,56048.8330,49696.4368,6641.1888,257,256,-0.11848933,-0.08402311,-0.12321726,-0.11848933,-6641.1888,56048.8330,OK,0.0000,265.6476,4.0000,96.0000,AG03-UNRESOLVED,ALL5_LEVELS_bet23_to_bet27,265.6476,265.6476,332.0594,332.0594,332.0594,4.000000,4.000000,5.000000,5.000000,5.000000,96.000000,96.000000,95.000000,95.000000,95.000000,5.0,1527.4734,1393.6083,5113.7154,5247.5805,PENDING_AG03,FALSE,NOT_FOR_ENFORCEMENT,6375.5412,47708.5794,6641.1888,6375.5412,265.6476,0.11848933,0.11374976,265.6476,6375.5412,0.11374976,265.6476,265.6476,332.0594,332.0594,332.0594,6375.5412,0.11374976,1527.4734,1393.6083,5113.7154,5247.5805,0.09123679,0.09362515,0.00473957,218.0888,194.1267,25.9421,174.7681,44.8729,1474.9693,6.7368,157.2346,230.3166,128.5777,257.1553,258.1778,388.3046,514.3107,767.8663,154.9067,0.0,2.0,2.986002,0.848082,27,96,50,4,0.12062849,0.11848933,0.08402311,0E-8,0.000000,0.886663,0.000000,0.03919416,2026-05-24,2026-08-05,38,148,140,74,0.513514,0.682689,0.720966,0.402095,,,,,,,,GLOBAL_BASELINE_NO_ENTITY_RANKING,,,NOT_APPLICABLE_GLOBAL_BASELINE,HF9g-P5,,,,X 全窗基线 · 不参与实体赏罚,14193032,1420,A168_HF9F_20260827_0900,2026-08-27 09:00:00
2026-07-23,150505951,2251,0,309.8133374642,154.9066687321,154.9066687321,1.0000000,2,2,0.49324550000000000,0.493245500000,1.01360149184955,1.01360149184955,1.01360149184955,0E-17,ELIGIBLE,R03b_20260811_FULL_v1,L1_ELIGIBILITY,v2026-08-11,2026-03-21..2026-08-06,baccarat_bet02_101_all_pairs_incl_sentinel,round_win = game_pnl > 0 (decisive only),COMPATIBILITY_ONLY_NOT_PRODUCTION,56048.8330,49696.4368,6641.1888,257,256,-0.11848933,-0.08402311,-0.12321726,-0.11848933,-6641.1888,56048.8330,OK,0.0000,265.6476,4.0000,96.0000,AG03-UNRESOLVED,ALL5_LEVELS_bet23_to_bet27,265.6476,265.6476,332.0594,332.0594,332.0594,4.000000,4.000000,5.000000,5.000000,5.000000,96.000000,96.000000,95.000000,95.000000,95.000000,5.0,1527.4734,1393.6083,5113.7154,5247.5805,PENDING_AG03,FALSE,NOT_FOR_ENFORCEMENT,6375.5412,47708.5794,6641.1888,6375.5412,265.6476,0.11848933,0.11374976,265.6476,6375.5412,0.11374976,265.6476,265.6476,332.0594,332.0594,332.0594,6375.5412,0.11374976,1527.4734,1393.6083,5113.7154,5247.5805,0.09123679,0.09362515,0.00473957,218.0888,194.1267,25.9421,174.7681,44.8729,1474.9693,6.7368,157.2346,230.3166,128.5777,257.1553,258.1778,388.3046,514.3107,767.8663,154.9067,0.0,2.0,2.986002,0.848082,27,96,50,4,0.12062849,0.11848933,0.08402311,0E-8,0.000000,0.886663,0.000000,0.03919416,2026-05-24,2026-08-05,38,148,140,74,0.513514,0.682689,0.720966,0.402095,,,,,,,,GLOBAL_BASELINE_NO_ENTITY_RANKING,,,NOT_APPLICABLE_GLOBAL_BASELINE,HF9g-P5,,,,X 全窗基线 · 不参与实体赏罚,14193033,1420,A168_HF9F_20260827_0900,2026-08-27 09:00:00
2026-07-23,150505951,471,0,258.1777812201,0E-10,0E-10,,1,1,0.49324550000000000,0.493245500000,,,,0E-17,NO_DECISIVE_ROUND,R03b_20260811_FULL_v1,L1_ELIGIBILITY,v2026-08-11,2026-03-21..2026-08-06,baccarat_bet02_101_all_pairs_incl_sentinel,round_win = game_pnl > 0 (decisive only),COMPATIBILITY_ONLY_NOT_PRODUCTION,56048.8330,49696.4368,6641.1888,257,256,-0.11848933,-0.08402311,-0.12321726,-0.11848933,-6641.1888,56048.8330,OK,0.0000,265.6476,4.0000,96.0000,AG03-UNRESOLVED,ALL5_LEVELS_bet23_to_bet27,265.6476,265.6476,332.0594,332.0594,332.0594,4.000000,4.000000,5.000000,5.000000,5.000000,96.000000,96.000000,95.000000,95.000000,95.000000,5.0,1527.4734,1393.6083,5113.7154,5247.5805,PENDING_AG03,FALSE,NOT_FOR_ENFORCEMENT,6375.5412,47708.5794,6641.1888,6375.5412,265.6476,0.11848933,0.11374976,265.6476,6375.5412,0.11374976,265.6476,265.6476,332.0594,332.0594,332.0594,6375.5412,0.11374976,1527.4734,1393.6083,5113.7154,5247.5805,0.09123679,0.09362515,0.00473957,218.0888,194.1267,25.9421,174.7681,44.8729,1474.9693,6.7368,157.2346,230.3166,128.5777,257.1553,258.1778,388.3046,514.3107,767.8663,154.9067,0.0,2.0,2.986002,0.848082,27,96,50,4,0.12062849,0.11848933,0.08402311,0E-8,0.000000,0.886663,0.000000,0.03919416,2026-05-24,2026-08-05,38,148,140,74,0.513514,0.682689,0.720966,0.402095,,,,,,,,GLOBAL_BASELINE_NO_ENTITY_RANKING,,,NOT_APPLICABLE_GLOBAL_BASELINE,HF9g-P5,,,,X 全窗基线 · 不参与实体赏罚,14193034,1420,A168_HF9F_20260827_0900,2026-08-27 09:00:00
2026-07-23,150505951,595,0,258.1777812201,-258.1777812201,-258.1777812201,0E-7,1,1,0.49324550000000000,0.493245500000,-0.9865810262130424,-0.9865810262130424,-0.9865810262130424,0E-17,ELIGIBLE,R03b_20260811_FULL_v1,L1_ELIGIBILITY,v2026-08-11,2026-03-21..2026-08-06,baccarat_bet02_101_all_pairs_incl_sentinel,round_win = game_pnl > 0 (decisive only),COMPATIBILITY_ONLY_NOT_PRODUCTION,56048.8330,49696.4368,6641.1888,257,256,-0.11848933,-0.08402311,-0.12321726,-0.11848933,-6641.1888,56048.8330,OK,0.0000,265.6476,4.0000,96.0000,AG03-UNRESOLVED,ALL5_LEVELS_bet23_to_bet27,265.6476,265.6476,332.0594,332.0594,332.0594,4.000000,4.000000,5.000000,5.000000,5.000000,96.000000,96.000000,95.000000,95.000000,95.000000,5.0,1527.4734,1393.6083,5113.7154,5247.5805,PENDING_AG03,FALSE,NOT_FOR_ENFORCEMENT,6375.5412,47708.5794,6641.1888,6375.5412,265.6476,0.11848933,0.11374976,265.6476,6375.5412,0.11374976,265.6476,265.6476,332.0594,332.0594,332.0594,6375.5412,0.11374976,1527.4734,1393.6083,5113.7154,5247.5805,0.09123679,0.09362515,0.00473957,218.0888,194.1267,25.9421,174.7681,44.8729,1474.9693,6.7368,157.2346,230.3166,128.5777,257.1553,258.1778,388.3046,514.3107,767.8663,154.9067,0.0,2.0,2.986002,0.848082,27,96,50,4,0.12062849,0.11848933,0.08402311,0E-8,0.000000,0.886663,0.000000,0.03919416,2026-05-24,2026-08-05,38,148,140,74,0.513514,0.682689,0.720966,0.402095,,,,,,,,GLOBAL_BASELINE_NO_ENTITY_RANKING,,,NOT_APPLICABLE_GLOBAL_BASELINE,HF9g-P5,,,,X 全窗基线 · 不参与实体赏罚,14193035,1420,A168_HF9F_20260827_0900,2026-08-27 09:00:00
2026-07-27,150505951,772,0,129.3470683913,-129.3470683913,-129.3470683913,0E-7,1,1,0.49324550000000000,0.493245500000,-0.9865810262130424,-0.9865810262130424,-0.9865810262130424,0E-17,ELIGIBLE,R03b_20260811_FULL_v1,L1_ELIGIBILITY,v2026-08-11,2026-03-21..2026-08-06,baccarat_bet02_101_all_pairs_incl_sentinel,round_win = game_pnl > 0 (decisive only),COMPATIBILITY_ONLY_NOT_PRODUCTION,56048.8330,49696.4368,6641.1888,257,256,-0.11848933,-0.08402311,-0.12321726,-0.11848933,-6641.1888,56048.8330,OK,0.0000,265.6476,4.0000,96.0000,AG03-UNRESOLVED,ALL5_LEVELS_bet23_to_bet27,265.6476,265.6476,332.0594,332.0594,332.0594,4.000000,4.000000,5.000000,5.000000,5.000000,96.000000,96.000000,95.000000,95.000000,95.000000,5.0,1527.4734,1393.6083,5113.7154,5247.5805,PENDING_AG03,FALSE,NOT_FOR_ENFORCEMENT,6375.5412,47708.5794,6641.1888,6375.5412,265.6476,0.11848933,0.11374976,265.6476,6375.5412,0.11374976,265.6476,265.6476,332.0594,332.0594,332.0594,6375.5412,0.11374976,1527.4734,1393.6083,5113.7154,5247.5805,0.09123679,0.09362515,0.00473957,218.0888,194.1267,25.9421,174.7681,44.8729,1474.9693,6.7368,157.2346,230.3166,128.5777,257.1553,258.1778,388.3046,514.3107,767.8663,154.9067,0.0,2.0,2.986002,0.848082,27,96,50,4,0.12062849,0.11848933,0.08402311,0E-8,0.000000,0.886663,0.000000,0.03919416,2026-05-24,2026-08-05,38,148,140,74,0.513514,0.682689,0.720966,0.402095,,,,,,,,GLOBAL_BASELINE_NO_ENTITY_RANKING,,,NOT_APPLICABLE_GLOBAL_BASELINE,HF9g-P5,,,,X 全窗基线 · 不参与实体赏罚,14193036,1420,A168_HF9F_20260827_0900,2026-08-27 09:00:00
2026-07-28,150505951,1151,0,207.0585805385,-207.0585805385,-207.0585805385,0E-7,2,2,0.49324550000000000,0.493245500000,-1.3952362676504506,-1.3952362676504506,-1.3952362676504506,0E-17,ELIGIBLE,R03b_20260811_FULL_v1,L1_ELIGIBILITY,v2026-08-11,2026-03-21..2026-08-06,baccarat_bet02_101_all_pairs_incl_sentinel,round_win = game_pnl > 0 (decisive only),COMPATIBILITY_ONLY_NOT_PRODUCTION,56048.8330,49696.4368,6641.1888,257,256,-0.11848933,-0.08402311,-0.12321726,-0.11848933,-6641.1888,56048.8330,OK,0.0000,265.6476,4.0000,96.0000,AG03-UNRESOLVED,ALL5_LEVELS_bet23_to_bet27,265.6476,265.6476,332.0594,332.0594,332.0594,4.000000,4.000000,5.000000,5.000000,5.000000,96.000000,96.000000,95.000000,95.000000,95.000000,5.0,1527.4734,1393.6083,5113.7154,5247.5805,PENDING_AG03,FALSE,NOT_FOR_ENFORCEMENT,6375.5412,47708.5794,6641.1888,6375.5412,265.6476,0.11848933,0.11374976,265.6476,6375.5412,0.11374976,265.6476,265.6476,332.0594,332.0594,332.0594,6375.5412,0.11374976,1527.4734,1393.6083,5113.7154,5247.5805,0.09123679,0.09362515,0.00473957,218.0888,194.1267,25.9421,174.7681,44.8729,1474.9693,6.7368,157.2346,230.3166,128.5777,257.1553,258.1778,388.3046,514.3107,767.8663,154.9067,0.0,2.0,2.986002,0.848082,27,96,50,4,0.12062849,0.11848933,0.08402311,0E-8,0.000000,0.886663,0.000000,0.03919416,2026-05-24,2026-08-05,38,148,140,74,0.513514,0.682689,0.720966,0.402095,,,,,,,,GLOBAL_BASELINE_NO_ENTITY_RANKING,,,NOT_APPLICABLE_GLOBAL_BASELINE,HF9g-P5,,,,X 全窗基线 · 不参与实体赏罚,14193037,1420,A168_HF9F_20260827_0900,2026-08-27 09:00:00
2026-08-03,150505951,1994,0,256.8515141397,256.8515141397,256.8515141397,1.0000000,1,1,0.49324550000000000,0.493245500000,1.01360149184955,1.01360149184955,1.01360149184955,0E-17,ELIGIBLE,R03b_20260811_FULL_v1,L1_ELIGIBILITY,v2026-08-11,2026-03-21..2026-08-06,baccarat_bet02_101_all_pairs_incl_sentinel,round_win = game_pnl > 0 (decisive only),COMPATIBILITY_ONLY_NOT_PRODUCTION,56048.8330,49696.4368,6641.1888,257,256,-0.11848933,-0.08402311,-0.12321726,-0.11848933,-6641.1888,56048.8330,OK,0.0000,265.6476,4.0000,96.0000,AG03-UNRESOLVED,ALL5_LEVELS_bet23_to_bet27,265.6476,265.6476,332.0594,332.0594,332.0594,4.000000,4.000000,5.000000,5.000000,5.000000,96.000000,96.000000,95.000000,95.000000,95.000000,5.0,1527.4734,1393.6083,5113.7154,5247.5805,PENDING_AG03,FALSE,NOT_FOR_ENFORCEMENT,6375.5412,47708.5794,6641.1888,6375.5412,265.6476,0.11848933,0.11374976,265.6476,6375.5412,0.11374976,265.6476,265.6476,332.0594,332.0594,332.0594,6375.5412,0.11374976,1527.4734,1393.6083,5113.7154,5247.5805,0.09123679,0.09362515,0.00473957,218.0888,194.1267,25.9421,174.7681,44.8729,1474.9693,6.7368,157.2346,230.3166,128.5777,257.1553,258.1778,388.3046,514.3107,767.8663,154.9067,0.0,2.0,2.986002,0.848082,27,96,50,4,0.12062849,0.11848933,0.08402311,0E-8,0.000000,0.886663,0.000000,0.03919416,2026-05-24,2026-08-05,38,148,140,74,0.513514,0.682689,0.720966,0.402095,,,,,,,,GLOBAL_BASELINE_NO_ENTITY_RANKING,,,NOT_APPLICABLE_GLOBAL_BASELINE,HF9g-P5,,,,X 全窗基线 · 不参与实体赏罚,14193038,1420,A168_HF9F_20260827_0900,2026-08-27 09:00:00
2026-08-03,150505951,2178,0,128.4257570698,-128.4257570698,-128.4257570698,0E-7,1,1,0.49324550000000000,0.493245500000,-0.9865810262130424,-0.9865810262130424,-0.9865810262130424,0E-17,ELIGIBLE,R03b_20260811_FULL_v1,L1_ELIGIBILITY,v2026-08-11,2026-03-21..2026-08-06,baccarat_bet02_101_all_pairs_incl_sentinel,round_win = game_pnl > 0 (decisive only),COMPATIBILITY_ONLY_NOT_PRODUCTION,56048.8330,49696.4368,6641.1888,257,256,-0.11848933,-0.08402311,-0.12321726,-0.11848933,-6641.1888,56048.8330,OK,0.0000,265.6476,4.0000,96.0000,AG03-UNRESOLVED,ALL5_LEVELS_bet23_to_bet27,265.6476,265.6476,332.0594,332.0594,332.0594,4.000000,4.000000,5.000000,5.000000,5.000000,96.000000,96.000000,95.000000,95.000000,95.000000,5.0,1527.4734,1393.6083,5113.7154,5247.5805,PENDING_AG03,FALSE,NOT_FOR_ENFORCEMENT,6375.5412,47708.5794,6641.1888,6375.5412,265.6476,0.11848933,0.11374976,265.6476,6375.5412,0.11374976,265.6476,265.6476,332.0594,332.0594,332.0594,6375.5412,0.11374976,1527.4734,1393.6083,5113.7154,5247.5805,0.09123679,0.09362515,0.00473957,218.0888,194.1267,25.9421,174.7681,44.8729,1474.9693,6.7368,157.2346,230.3166,128.5777,257.1553,258.1778,388.3046,514.3107,767.8663,154.9067,0.0,2.0,2.986002,0.848082,27,96,50,4,0.12062849,0.11848933,0.08402311,0E-8,0.000000,0.886663,0.000000,0.03919416,2026-05-24,2026-08-05,38,148,140,74,0.513514,0.682689,0.720966,0.402095,,,,,,,,GLOBAL_BASELINE_NO_ENTITY_RANKING,,,NOT_APPLICABLE_GLOBAL_BASELINE,HF9g-P5,,,,X 全窗基线 · 不参与实体赏罚,14193039,1420,A168_HF9F_20260827_0900,2026-08-27 09:00:00
2026-08-05,150505951,1323,0,308.2218169676,308.2218169676,308.2218169676,1.0000000,3,3,0.49324550000000000,0.493245500000,1.755609282511032,1.7556092825110319,1.755609282511032,0E-17,ELIGIBLE,R03b_20260811_FULL_v1,L1_ELIGIBILITY,v2026-08-11,2026-03-21..2026-08-06,baccarat_bet02_101_all_pairs_incl_sentinel,round_win = game_pnl > 0 (decisive only),COMPATIBILITY_ONLY_NOT_PRODUCTION,56048.8330,49696.4368,6641.1888,257,256,-0.11848933,-0.08402311,-0.12321726,-0.11848933,-6641.1888,56048.8330,OK,0.0000,265.6476,4.0000,96.0000,AG03-UNRESOLVED,ALL5_LEVELS_bet23_to_bet27,265.6476,265.6476,332.0594,332.0594,332.0594,4.000000,4.000000,5.000000,5.000000,5.000000,96.000000,96.000000,95.000000,95.000000,95.000000,5.0,1527.4734,1393.6083,5113.7154,5247.5805,PENDING_AG03,FALSE,NOT_FOR_ENFORCEMENT,6375.5412,47708.5794,6641.1888,6375.5412,265.6476,0.11848933,0.11374976,265.6476,6375.5412,0.11374976,265.6476,265.6476,332.0594,332.0594,332.0594,6375.5412,0.11374976,1527.4734,1393.6083,5113.7154,5247.5805,0.09123679,0.09362515,0.00473957,218.0888,194.1267,25.9421,174.7681,44.8729,1474.9693,6.7368,157.2346,230.3166,128.5777,257.1553,258.1778,388.3046,514.3107,767.8663,154.9067,0.0,2.0,2.986002,0.848082,27,96,50,4,0.12062849,0.11848933,0.08402311,0E-8,0.000000,0.886663,0.000000,0.03919416,2026-05-24,2026-08-05,38,148,140,74,0.513514,0.682689,0.720966,0.402095,,,,,,,,GLOBAL_BASELINE_NO_ENTITY_RANKING,,,NOT_APPLICABLE_GLOBAL_BASELINE,HF9g-P5,,,,X 全窗基线 · 不参与实体赏罚,14193040,1420,A168_HF9F_20260827_0900,2026-08-27 09:00:00
2026-08-05,150505951,1942,0,77.0554542419,-77.0554542419,-77.0554542419,0E-7,1,1,0.49324550000000000,0.493245500000,-0.9865810262130424,-0.9865810262130424,-0.9865810262130424,0E-17,ELIGIBLE,R03b_20260811_FULL_v1,L1_ELIGIBILITY,v2026-08-11,2026-03-21..2026-08-06,baccarat_bet02_101_all_pairs_incl_sentinel,round_win = game_pnl > 0 (decisive only),COMPATIBILITY_ONLY_NOT_PRODUCTION,56048.8330,49696.4368,6641.1888,257,256,-0.11848933,-0.08402311,-0.12321726,-0.11848933,-6641.1888,56048.8330,OK,0.0000,265.6476,4.0000,96.0000,AG03-UNRESOLVED,ALL5_LEVELS_bet23_to_bet27,265.6476,265.6476,332.0594,332.0594,332.0594,4.000000,4.000000,5.000000,5.000000,5.000000,96.000000,96.000000,95.000000,95.000000,95.000000,5.0,1527.4734,1393.6083,5113.7154,5247.5805,PENDING_AG03,FALSE,NOT_FOR_ENFORCEMENT,6375.5412,47708.5794,6641.1888,6375.5412,265.6476,0.11848933,0.11374976,265.6476,6375.5412,0.11374976,265.6476,265.6476,332.0594,332.0594,332.0594,6375.5412,0.11374976,1527.4734,1393.6083,5113.7154,5247.5805,0.09123679,0.09362515,0.00473957,218.0888,194.1267,25.9421,174.7681,44.8729,1474.9693,6.7368,157.2346,230.3166,128.5777,257.1553,258.1778,388.3046,514.3107,767.8663,154.9067,0.0,2.0,2.986002,0.848082,27,96,50,4,0.12062849,0.11848933,0.08402311,0E-8,0.000000,0.886663,0.000000,0.03919416,2026-05-24,2026-08-05,38,148,140,74,0.513514,0.682689,0.720966,0.402095,,,,,,,,GLOBAL_BASELINE_NO_ENTITY_RANKING,,,NOT_APPLICABLE_GLOBAL_BASELINE,HF9g-P5,,,,X 全窗基线 · 不参与实体赏罚,14193041,1420,A168_HF9F_20260827_0900,2026-08-27 09:00:00
2026-08-05,150505951,2142,0,102.7406056559,-102.7406056559,-102.7406056559,0E-7,1,1,0.49324550000000000,0.493245500000,-0.9865810262130424,-0.9865810262130424,-0.9865810262130424,0E-17,ELIGIBLE,R03b_20260811_FULL_v1,L1_ELIGIBILITY,v2026-08-11,2026-03-21..2026-08-06,baccarat_bet02_101_all_pairs_incl_sentinel,round_win = game_pnl > 0 (decisive only),COMPATIBILITY_ONLY_NOT_PRODUCTION,56048.8330,49696.4368,6641.1888,257,256,-0.11848933,-0.08402311,-0.12321726,-0.11848933,-6641.1888,56048.8330,OK,0.0000,265.6476,4.0000,96.0000,AG03-UNRESOLVED,ALL5_LEVELS_bet23_to_bet27,265.6476,265.6476,332.0594,332.0594,332.0594,4.000000,4.000000,5.000000,5.000000,5.000000,96.000000,96.000000,95.000000,95.000000,95.000000,5.0,1527.4734,1393.6083,5113.7154,5247.5805,PENDING_AG03,FALSE,NOT_FOR_ENFORCEMENT,6375.5412,47708.5794,6641.1888,6375.5412,265.6476,0.11848933,0.11374976,265.6476,6375.5412,0.11374976,265.6476,265.6476,332.0594,332.0594,332.0594,6375.5412,0.11374976,1527.4734,1393.6083,5113.7154,5247.5805,0.09123679,0.09362515,0.00473957,218.0888,194.1267,25.9421,174.7681,44.8729,1474.9693,6.7368,157.2346,230.3166,128.5777,257.1553,258.1778,388.3046,514.3107,767.8663,154.9067,0.0,2.0,2.986002,0.848082,27,96,50,4,0.12062849,0.11848933,0.08402311,0E-8,0.000000,0.886663,0.000000,0.03919416,2026-05-24,2026-08-05,38,148,140,74,0.513514,0.682689,0.720966,0.402095,,,,,,,,GLOBAL_BASELINE_NO_ENTITY_RANKING,,,NOT_APPLICABLE_GLOBAL_BASELINE,HF9g-P5,,,,X 全窗基线 · 不参与实体赏罚,14193042,1420,A168_HF9F_20260827_0900,2026-08-27 09:00:00
2026-08-05,150505951,2251,0,154.1109084838,-51.3703028280,-51.3703028280,0.5000000,2,2,0.49324550000000000,0.493245500000,0.01910635448239258,0.01910635448239258,0.01910635448239258,0E-17,ELIGIBLE,R03b_20260811_FULL_v1,L1_ELIGIBILITY,v2026-08-11,2026-03-21..2026-08-06,baccarat_bet02_101_all_pairs_incl_sentinel,round_win = game_pnl > 0 (decisive only),COMPATIBILITY_ONLY_NOT_PRODUCTION,56048.8330,49696.4368,6641.1888,257,256,-0.11848933,-0.08402311,-0.12321726,-0.11848933,-6641.1888,56048.8330,OK,0.0000,265.6476,4.0000,96.0000,AG03-UNRESOLVED,ALL5_LEVELS_bet23_to_bet27,265.6476,265.6476,332.0594,332.0594,332.0594,4.000000,4.000000,5.000000,5.000000,5.000000,96.000000,96.000000,95.000000,95.000000,95.000000,5.0,1527.4734,1393.6083,5113.7154,5247.5805,PENDING_AG03,FALSE,NOT_FOR_ENFORCEMENT,6375.5412,47708.5794,6641.1888,6375.5412,265.6476,0.11848933,0.11374976,265.6476,6375.5412,0.11374976,265.6476,265.6476,332.0594,332.0594,332.0594,6375.5412,0.11374976,1527.4734,1393.6083,5113.7154,5247.5805,0.09123679,0.09362515,0.00473957,218.0888,194.1267,25.9421,174.7681,44.8729,1474.9693,6.7368,157.2346,230.3166,128.5777,257.1553,258.1778,388.3046,514.3107,767.8663,154.9067,0.0,2.0,2.986002,0.848082,27,96,50,4,0.12062849,0.11848933,0.08402311,0E-8,0.000000,0.886663,0.000000,0.03919416,2026-05-24,2026-08-05,38,148,140,74,0.513514,0.682689,0.720966,0.402095,,,,,,,,GLOBAL_BASELINE_NO_ENTITY_RANKING,,,NOT_APPLICABLE_GLOBAL_BASELINE,HF9g-P5,,,,X 全窗基线 · 不参与实体赏罚,14193043,1420,A168_HF9F_20260827_0900,2026-08-27 09:00:00
2026-08-05,150505951,2252,0,386.8183802944,-386.8183802944,-386.8183802944,0E-7,1,1,0.49324550000000000,0.493245500000,-0.9865810262130424,-0.9865810262130424,-0.9865810262130424,0E-17,ELIGIBLE,R03b_20260811_FULL_v1,L1_ELIGIBILITY,v2026-08-11,2026-03-21..2026-08-06,baccarat_bet02_101_all_pairs_incl_sentinel,round_win = game_pnl > 0 (decisive only),COMPATIBILITY_ONLY_NOT_PRODUCTION,56048.8330,49696.4368,6641.1888,257,256,-0.11848933,-0.08402311,-0.12321726,-0.11848933,-6641.1888,56048.8330,OK,0.0000,265.6476,4.0000,96.0000,AG03-UNRESOLVED,ALL5_LEVELS_bet23_to_bet27,265.6476,265.6476,332.0594,332.0594,332.0594,4.000000,4.000000,5.000000,5.000000,5.000000,96.000000,96.000000,95.000000,95.000000,95.000000,5.0,1527.4734,1393.6083,5113.7154,5247.5805,PENDING_AG03,FALSE,NOT_FOR_ENFORCEMENT,6375.5412,47708.5794,6641.1888,6375.5412,265.6476,0.11848933,0.11374976,265.6476,6375.5412,0.11374976,265.6476,265.6476,332.0594,332.0594,332.0594,6375.5412,0.11374976,1527.4734,1393.6083,5113.7154,5247.5805,0.09123679,0.09362515,0.00473957,218.0888,194.1267,25.9421,174.7681,44.8729,1474.9693,6.7368,157.2346,230.3166,128.5777,257.1553,258.1778,388.3046,514.3107,767.8663,154.9067,0.0,2.0,2.986002,0.848082,27,96,50,4,0.12062849,0.11848933,0.08402311,0E-8,0.000000,0.886663,0.000000,0.03919416,2026-05-24,2026-08-05,38,148,140,74,0.513514,0.682689,0.720966,0.402095,,,,,,,,GLOBAL_BASELINE_NO_ENTITY_RANKING,,,NOT_APPLICABLE_GLOBAL_BASELINE,HF9g-P5,,,,X 全窗基线 · 不参与实体赏罚,14193044,1420,A168_HF9F_20260827_0900,2026-08-27 09:00:00
2026-05-18,150217492,-1,1,20519.8358413140,5232.5581395350,5232.5581395350,0.6086957,23,23,0.49965668260869565,0.499656682609,1.0458653015664985,1.0458653015635788,1.0458653015664985,-3.0435E-13,SENTINEL_DEALER,R03b_20260811_FULL_v1,L1_ELIGIBILITY,v2026-08-11,2026-03-21..2026-08-06,baccarat_bet02_101_all_pairs_incl_sentinel,round_win = game_pnl > 0 (decisive only),COMPATIBILITY_ONLY_NOT_PRODUCTION,163748.2900,152120.3830,6641.5869,138,138,-0.04055973,,-0.04055973,-0.04055973,-6641.5869,163748.2900,OK,0.0000,265.6635,4.0000,96.0000,AG03-UNRESOLVED,ALL5_LEVELS_bet23_to_bet27,265.6635,265.6635,265.6635,265.6635,265.6635,4.000000,4.000000,4.000000,4.000000,4.000000,96.000000,96.000000,96.000000,96.000000,96.000000,5.0,1328.3174,1226.2183,5313.2695,5415.3686,PENDING_AG03,FALSE,NOT_FOR_ENFORCEMENT,6375.9234,146035.5677,6641.5869,6375.9234,265.6635,0.04055973,0.03893734,265.6635,6375.9234,0.03893734,265.6635,265.6635,265.6635,265.6635,265.6635,6375.9234,0.03893734,1328.3174,1226.2183,5313.2695,5415.3686,0.03244779,0.0330713,0.00162239,1186.5818,1102.3216,48.1274,6641.5869,265.6635,163748.2900,138.0000,,1186.5818,1367.989,1367.989,1367.989,1367.989,1367.989,1367.989,1367.989,0.0,1.0,1.0,0.867391,15,20,2,2,0E-8,0.04055973,,0E-8,0.000000,0.928989,0.000000,,2026-05-18,2026-05-18,1,25,15,1,1.000000,,,0.000000,,,,,,,,GLOBAL_BASELINE_NO_ENTITY_RANKING,,,NOT_APPLICABLE_GLOBAL_BASELINE,HF9g-P5,,,,X 全窗基线 · 不参与实体赏罚,14193045,1420,A168_HF9F_20260827_0900,2026-08-27 09:00:00
2026-05-18,150217492,1004,0,4103.9671682628,-68.3994528044,-68.3994528044,0.5000000,3,3,0.50218230000000000,0.502182300000,-0.00617253530718887,-0.00617253530718887,-0.00617253530718887,0E-17,ELIGIBLE,R03b_20260811_FULL_v1,L1_ELIGIBILITY,v2026-08-11,2026-03-21..2026-08-06,baccarat_bet02_101_all_pairs_incl_sentinel,round_win = game_pnl > 0 (decisive only),COMPATIBILITY_ONLY_NOT_PRODUCTION,163748.2900,152120.3830,6641.5869,138,138,-0.04055973,,-0.04055973,-0.04055973,-6641.5869,163748.2900,OK,0.0000,265.6635,4.0000,96.0000,AG03-UNRESOLVED,ALL5_LEVELS_bet23_to_bet27,265.6635,265.6635,265.6635,265.6635,265.6635,4.000000,4.000000,4.000000,4.000000,4.000000,96.000000,96.000000,96.000000,96.000000,96.000000,5.0,1328.3174,1226.2183,5313.2695,5415.3686,PENDING_AG03,FALSE,NOT_FOR_ENFORCEMENT,6375.9234,146035.5677,6641.5869,6375.9234,265.6635,0.04055973,0.03893734,265.6635,6375.9234,0.03893734,265.6635,265.6635,265.6635,265.6635,265.6635,6375.9234,0.03893734,1328.3174,1226.2183,5313.2695,5415.3686,0.03244779,0.0330713,0.00162239,1186.5818,1102.3216,48.1274,6641.5869,265.6635,163748.2900,138.0000,,1186.5818,1367.989,1367.989,1367.989,1367.989,1367.989,1367.989,1367.989,0.0,1.0,1.0,0.867391,15,20,2,2,0E-8,0.04055973,,0E-8,0.000000,0.928989,0.000000,,2026-05-18,2026-05-18,1,25,15,1,1.000000,,,0.000000,,,,,,,,GLOBAL_BASELINE_NO_ENTITY_RANKING,,,NOT_APPLICABLE_GLOBAL_BASELINE,HF9g-P5,,,,X 全窗基线 · 不参与实体赏罚,14193046,1420,A168_HF9F_20260827_0900,2026-08-27 09:00:00
2026-05-18,150217492,1151,0,21203.8303693578,3043.7756497948,3043.7756497948,0.6000000,17,17,0.50034237058823529,0.500342370588,0.7719448590396493,0.7719448590414717,0.7719448590396493,2.3529E-13,ELIGIBLE,R03b_20260811_FULL_v1,L1_ELIGIBILITY,v2026-08-11,2026-03-21..2026-08-06,baccarat_bet02_101_all_pairs_incl_sentinel,round_win = game_pnl > 0 (decisive only),COMPATIBILITY_ONLY_NOT_PRODUCTION,163748.2900,152120.3830,6641.5869,138,138,-0.04055973,,-0.04055973,-0.04055973,-6641.5869,163748.2900,OK,0.0000,265.6635,4.0000,96.0000,AG03-UNRESOLVED,ALL5_LEVELS_bet23_to_bet27,265.6635,265.6635,265.6635,265.6635,265.6635,4.000000,4.000000,4.000000,4.000000,4.000000,96.000000,96.000000,96.000000,96.000000,96.000000,5.0,1328.3174,1226.2183,5313.2695,5415.3686,PENDING_AG03,FALSE,NOT_FOR_ENFORCEMENT,6375.9234,146035.5677,6641.5869,6375.9234,265.6635,0.04055973,0.03893734,265.6635,6375.9234,0.03893734,265.6635,265.6635,265.6635,265.6635,265.6635,6375.9234,0.03893734,1328.3174,1226.2183,5313.2695,5415.3686,0.03244779,0.0330713,0.00162239,1186.5818,1102.3216,48.1274,6641.5869,265.6635,163748.2900,138.0000,,1186.5818,1367.989,1367.989,1367.989,1367.989,1367.989,1367.989,1367.989,0.0,1.0,1.0,0.867391,15,20,2,2,0E-8,0.04055973,,0E-8,0.000000,0.928989,0.000000,,2026-05-18,2026-05-18,1,25,15,1,1.000000,,,0.000000,,,,,,,,GLOBAL_BASELINE_NO_ENTITY_RANKING,,,NOT_APPLICABLE_GLOBAL_BASELINE,HF9g-P5,,,,X 全窗基线 · 不参与实体赏罚,14193047,1420,A168_HF9F_20260827_0900,2026-08-27 09:00:00
2026-05-18,150217492,1221,0,1367.9890560876,-1367.9890560876,-1367.9890560876,0E-7,1,1,0.50665070000000000,0.506650700000,-1.013391052207602,-1.013391052207602,-1.013391052207602,0E-17,ELIGIBLE,R03b_20260811_FULL_v1,L1_ELIGIBILITY,v2026-08-11,2026-03-21..2026-08-06,baccarat_bet02_101_all_pairs_incl_sentinel,round_win = game_pnl > 0 (decisive only),COMPATIBILITY_ONLY_NOT_PRODUCTION,163748.2900,152120.3830,6641.5869,138,138,-0.04055973,,-0.04055973,-0.04055973,-6641.5869,163748.2900,OK,0.0000,265.6635,4.0000,96.0000,AG03-UNRESOLVED,ALL5_LEVELS_bet23_to_bet27,265.6635,265.6635,265.6635,265.6635,265.6635,4.000000,4.000000,4.000000,4.000000,4.000000,96.000000,96.000000,96.000000,96.000000,96.000000,5.0,1328.3174,1226.2183,5313.2695,5415.3686,PENDING_AG03,FALSE,NOT_FOR_ENFORCEMENT,6375.9234,146035.5677,6641.5869,6375.9234,265.6635,0.04055973,0.03893734,265.6635,6375.9234,0.03893734,265.6635,265.6635,265.6635,265.6635,265.6635,6375.9234,0.03893734,1328.3174,1226.2183,5313.2695,5415.3686,0.03244779,0.0330713,0.00162239,1186.5818,1102.3216,48.1274,6641.5869,265.6635,163748.2900,138.0000,,1186.5818,1367.989,1367.989,1367.989,1367.989,1367.989,1367.989,1367.989,0.0,1.0,1.0,0.867391,15,20,2,2,0E-8,0.04055973,,0E-8,0.000000,0.928989,0.000000,,2026-05-18,2026-05-18,1,25,15,1,1.000000,,,0.000000,,,,,,,,GLOBAL_BASELINE_NO_ENTITY_RANKING,,,NOT_APPLICABLE_GLOBAL_BASELINE,HF9g-P5,,,,X 全窗基线 · 不参与实体赏罚,14193048,1420,A168_HF9F_20260827_0900,2026-08-27 09:00:00
2026-05-18,150217492,1485,0,20519.8358413140,2530.7797537620,2530.7797537620,0.5833333,15,15,0.50218230000000000,0.502182300000,0.5622362065305533,0.5622362065305534,0.5622362065305533,0E-17,ELIGIBLE,R03b_20260811_FULL_v1,L1_ELIGIBILITY,v2026-08-11,2026-03-21..2026-08-06,baccarat_bet02_101_all_pairs_incl_sentinel,round_win = game_pnl > 0 (decisive only),COMPATIBILITY_ONLY_NOT_PRODUCTION,163748.2900,152120.3830,6641.5869,138,138,-0.04055973,,-0.04055973,-0.04055973,-6641.5869,163748.2900,OK,0.0000,265.6635,4.0000,96.0000,AG03-UNRESOLVED,ALL5_LEVELS_bet23_to_bet27,265.6635,265.6635,265.6635,265.6635,265.6635,4.000000,4.000000,4.000000,4.000000,4.000000,96.000000,96.000000,96.000000,96.000000,96.000000,5.0,1328.3174,1226.2183,5313.2695,5415.3686,PENDING_AG03,FALSE,NOT_FOR_ENFORCEMENT,6375.9234,146035.5677,6641.5869,6375.9234,265.6635,0.04055973,0.03893734,265.6635,6375.9234,0.03893734,265.6635,265.6635,265.6635,265.6635,265.6635,6375.9234,0.03893734,1328.3174,1226.2183,5313.2695,5415.3686,0.03244779,0.0330713,0.00162239,1186.5818,1102.3216,48.1274,6641.5869,265.6635,163748.2900,138.0000,,1186.5818,1367.989,1367.989,1367.989,1367.989,1367.989,1367.989,1367.989,0.0,1.0,1.0,0.867391,15,20,2,2,0E-8,0.04055973,,0E-8,0.000000,0.928989,0.000000,,2026-05-18,2026-05-18,1,25,15,1,1.000000,,,0.000000,,,,,,,,GLOBAL_BASELINE_NO_ENTITY_RANKING,,,NOT_APPLICABLE_GLOBAL_BASELINE,HF9g-P5,,,,X 全窗基线 · 不参与实体赏罚,14193049,1420,A168_HF9F_20260827_0900,2026-08-27 09:00:00
2026-05-18,150217492,1507,0,15047.8796169636,-5608.7551299592,-5608.7551299592,0.3000000,11,11,0.49812011818181818,0.498120118182,-1.2530305038523217,-1.2530305038534701,-1.2530305038523217,-1.8182E-13,ELIGIBLE,R03b_20260811_FULL_v1,L1_ELIGIBILITY,v2026-08-11,2026-03-21..2026-08-06,baccarat_bet02_101_all_pairs_incl_sentinel,round_win = game_pnl > 0 (decisive only),COMPATIBILITY_ONLY_NOT_PRODUCTION,163748.2900,152120.3830,6641.5869,138,138,-0.04055973,,-0.04055973,-0.04055973,-6641.5869,163748.2900,OK,0.0000,265.6635,4.0000,96.0000,AG03-UNRESOLVED,ALL5_LEVELS_bet23_to_bet27,265.6635,265.6635,265.6635,265.6635,265.6635,4.000000,4.000000,4.000000,4.000000,4.000000,96.000000,96.000000,96.000000,96.000000,96.000000,5.0,1328.3174,1226.2183,5313.2695,5415.3686,PENDING_AG03,FALSE,NOT_FOR_ENFORCEMENT,6375.9234,146035.5677,6641.5869,6375.9234,265.6635,0.04055973,0.03893734,265.6635,6375.9234,0.03893734,265.6635,265.6635,265.6635,265.6635,265.6635,6375.9234,0.03893734,1328.3174,1226.2183,5313.2695,5415.3686,0.03244779,0.0330713,0.00162239,1186.5818,1102.3216,48.1274,6641.5869,265.6635,163748.2900,138.0000,,1186.5818,1367.989,1367.989,1367.989,1367.989,1367.989,1367.989,1367.989,0.0,1.0,1.0,0.867391,15,20,2,2,0E-8,0.04055973,,0E-8,0.000000,0.928989,0.000000,,2026-05-18,2026-05-18,1,25,15,1,1.000000,,,0.000000,,,,,,,,GLOBAL_BASELINE_NO_ENTITY_RANKING,,,NOT_APPLICABLE_GLOBAL_BASELINE,HF9g-P5,,,,X 全窗基线 · 不参与实体赏罚,14193050,1420,A168_HF9F_20260827_0900,2026-08-27 09:00:00
2026-05-18,150217492,1941,0,3419.9726402190,-2735.9781121752,-2735.9781121752,0E-7,3,3,0.49771390000000000,0.497713900000,-1.4077622098436522,-1.4077622098436524,-1.4077622098436522,0E-17,ELIGIBLE,R03b_20260811_FULL_v1,L1_ELIGIBILITY,v2026-08-11,2026-03-21..2026-08-06,baccarat_bet02_101_all_pairs_incl_sentinel,round_win = game_pnl > 0 (decisive only),COMPATIBILITY_ONLY_NOT_PRODUCTION,163748.2900,152120.3830,6641.5869,138,138,-0.04055973,,-0.04055973,-0.04055973,-6641.5869,163748.2900,OK,0.0000,265.6635,4.0000,96.0000,AG03-UNRESOLVED,ALL5_LEVELS_bet23_to_bet27,265.6635,265.6635,265.6635,265.6635,265.6635,4.000000,4.000000,4.000000,4.000000,4.000000,96.000000,96.000000,96.000000,96.000000,96.000000,5.0,1328.3174,1226.2183,5313.2695,5415.3686,PENDING_AG03,FALSE,NOT_FOR_ENFORCEMENT,6375.9234,146035.5677,6641.5869,6375.9234,265.6635,0.04055973,0.03893734,265.6635,6375.9234,0.03893734,265.6635,265.6635,265.6635,265.6635,265.6635,6375.9234,0.03893734,1328.3174,1226.2183,5313.2695,5415.3686,0.03244779,0.0330713,0.00162239,1186.5818,1102.3216,48.1274,6641.5869,265.6635,163748.2900,138.0000,,1186.5818,1367.989,1367.989,1367.989,1367.989,1367.989,1367.989,1367.989,0.0,1.0,1.0,0.867391,15,20,2,2,0E-8,0.04055973,,0E-8,0.000000,0.928989,0.000000,,2026-05-18,2026-05-18,1,25,15,1,1.000000,,,0.000000,,,,,,,,GLOBAL_BASELINE_NO_ENTITY_RANKING,,,NOT_APPLICABLE_GLOBAL_BASELINE,HF9g-P5,,,,X 全窗基线 · 不参与实体赏罚,14193051,1420,A168_HF9F_20260827_0900,2026-08-27 09:00:00
2026-05-18,150217492,2093,0,8207.9343365256,-136.7989056088,-136.7989056088,0.4285714,7,7,0.49899058571428571,0.498990585714,-0.3726239140161595,-0.3726239140146481,-0.3726239140161595,2.8571E-13,ELIGIBLE,R03b_20260811_FULL_v1,L1_ELIGIBILITY,v2026-08-11,2026-03-21..2026-08-06,baccarat_bet02_101_all_pairs_incl_sentinel,round_win = game_pnl > 0 (decisive only),COMPATIBILITY_ONLY_NOT_PRODUCTION,163748.2900,152120.3830,6641.5869,138,138,-0.04055973,,-0.04055973,-0.04055973,-6641.5869,163748.2900,OK,0.0000,265.6635,4.0000,96.0000,AG03-UNRESOLVED,ALL5_LEVELS_bet23_to_bet27,265.6635,265.6635,265.6635,265.6635,265.6635,4.000000,4.000000,4.000000,4.000000,4.000000,96.000000,96.000000,96.000000,96.000000,96.000000,5.0,1328.3174,1226.2183,5313.2695,5415.3686,PENDING_AG03,FALSE,NOT_FOR_ENFORCEMENT,6375.9234,146035.5677,6641.5869,6375.9234,265.6635,0.04055973,0.03893734,265.6635,6375.9234,0.03893734,265.6635,265.6635,265.6635,265.6635,265.6635,6375.9234,0.03893734,1328.3174,1226.2183,5313.2695,5415.3686,0.03244779,0.0330713,0.00162239,1186.5818,1102.3216,48.1274,6641.5869,265.6635,163748.2900,138.0000,,1186.5818,1367.989,1367.989,1367.989,1367.989,1367.989,1367.989,1367.989,0.0,1.0,1.0,0.867391,15,20,2,2,0E-8,0.04055973,,0E-8,0.000000,0.928989,0.000000,,2026-05-18,2026-05-18,1,25,15,1,1.000000,,,0.000000,,,,,,,,GLOBAL_BASELINE_NO_ENTITY_RANKING,,,NOT_APPLICABLE_GLOBAL_BASELINE,HF9g-P5,,,,X 全窗基线 · 不参与实体赏罚,14193052,1420,A168_HF9F_20260827_0900,2026-08-27 09:00:00
2026-05-18,150217492,2174,0,3419.9726402190,-752.3939808482,-752.3939808482,0.3333333,3,3,0.50665070000000000,0.506650700000,-0.6004420894325239,-0.6004420894325239,-0.6004420894325239,0E-17,ELIGIBLE,R03b_20260811_FULL_v1,L1_ELIGIBILITY,v2026-08-11,2026-03-21..2026-08-06,baccarat_bet02_101_all_pairs_incl_sentinel,round_win = game_pnl > 0 (decisive only),COMPATIBILITY_ONLY_NOT_PRODUCTION,163748.2900,152120.3830,6641.5869,138,138,-0.04055973,,-0.04055973,-0.04055973,-6641.5869,163748.2900,OK,0.0000,265.6635,4.0000,96.0000,AG03-UNRESOLVED,ALL5_LEVELS_bet23_to_bet27,265.6635,265.6635,265.6635,265.6635,265.6635,4.000000,4.000000,4.000000,4.000000,4.000000,96.000000,96.000000,96.000000,96.000000,96.000000,5.0,1328.3174,1226.2183,5313.2695,5415.3686,PENDING_AG03,FALSE,NOT_FOR_ENFORCEMENT,6375.9234,146035.5677,6641.5869,6375.9234,265.6635,0.04055973,0.03893734,265.6635,6375.9234,0.03893734,265.6635,265.6635,265.6635,265.6635,265.6635,6375.9234,0.03893734,1328.3174,1226.2183,5313.2695,5415.3686,0.03244779,0.0330713,0.00162239,1186.5818,1102.3216,48.1274,6641.5869,265.6635,163748.2900,138.0000,,1186.5818,1367.989,1367.989,1367.989,1367.989,1367.989,1367.989,1367.989,0.0,1.0,1.0,0.867391,15,20,2,2,0E-8,0.04055973,,0E-8,0.000000,0.928989,0.000000,,2026-05-18,2026-05-18,1,25,15,1,1.000000,,,0.000000,,,,,,,,GLOBAL_BASELINE_NO_ENTITY_RANKING,,,NOT_APPLICABLE_GLOBAL_BASELINE,HF9g-P5,,,,X 全窗基线 · 不参与实体赏罚,14193053,1420,A168_HF9F_20260827_0900,2026-08-27 09:00:00
2026-05-18,150217492,2177,0,1367.9890560876,-1367.9890560876,-1367.9890560876,0E-7,1,1,0.49324550000000000,0.493245500000,-0.9865810262130424,-0.9865810262130424,-0.9865810262130424,0E-17,ELIGIBLE,R03b_20260811_FULL_v1,L1_ELIGIBILITY,v2026-08-11,2026-03-21..2026-08-06,baccarat_bet02_101_all_pairs_incl_sentinel,round_win = game_pnl > 0 (decisive only),COMPATIBILITY_ONLY_NOT_PRODUCTION,163748.2900,152120.3830,6641.5869,138,138,-0.04055973,,-0.04055973,-0.04055973,-6641.5869,163748.2900,OK,0.0000,265.6635,4.0000,96.0000,AG03-UNRESOLVED,ALL5_LEVELS_bet23_to_bet27,265.6635,265.6635,265.6635,265.6635,265.6635,4.000000,4.000000,4.000000,4.000000,4.000000,96.000000,96.000000,96.000000,96.000000,96.000000,5.0,1328.3174,1226.2183,5313.2695,5415.3686,PENDING_AG03,FALSE,NOT_FOR_ENFORCEMENT,6375.9234,146035.5677,6641.5869,6375.9234,265.6635,0.04055973,0.03893734,265.6635,6375.9234,0.03893734,265.6635,265.6635,265.6635,265.6635,265.6635,6375.9234,0.03893734,1328.3174,1226.2183,5313.2695,5415.3686,0.03244779,0.0330713,0.00162239,1186.5818,1102.3216,48.1274,6641.5869,265.6635,163748.2900,138.0000,,1186.5818,1367.989,1367.989,1367.989,1367.989,1367.989,1367.989,1367.989,0.0,1.0,1.0,0.867391,15,20,2,2,0E-8,0.04055973,,0E-8,0.000000,0.928989,0.000000,,2026-05-18,2026-05-18,1,25,15,1,1.000000,,,0.000000,,,,,,,,GLOBAL_BASELINE_NO_ENTITY_RANKING,,,NOT_APPLICABLE_GLOBAL_BASELINE,HF9g-P5,,,,X 全窗基线 · 不参与实体赏罚,14193054,1420,A168_HF9F_20260827_0900,2026-08-27 09:00:00
2026-05-18,150217492,2201,0,1367.9890560876,-1367.9890560876,-1367.9890560876,0E-7,1,1,0.49324550000000000,0.493245500000,-0.9865810262130424,-0.9865810262130424,-0.9865810262130424,0E-17,ELIGIBLE,R03b_20260811_FULL_v1,L1_ELIGIBILITY,v2026-08-11,2026-03-21..2026-08-06,baccarat_bet02_101_all_pairs_incl_sentinel,round_win = game_pnl > 0 (decisive only),COMPATIBILITY_ONLY_NOT_PRODUCTION,163748.2900,152120.3830,6641.5869,138,138,-0.04055973,,-0.04055973,-0.04055973,-6641.5869,163748.2900,OK,0.0000,265.6635,4.0000,96.0000,AG03-UNRESOLVED,ALL5_LEVELS_bet23_to_bet27,265.6635,265.6635,265.6635,265.6635,265.6635,4.000000,4.000000,4.000000,4.000000,4.000000,96.000000,96.000000,96.000000,96.000000,96.000000,5.0,1328.3174,1226.2183,5313.2695,5415.3686,PENDING_AG03,FALSE,NOT_FOR_ENFORCEMENT,6375.9234,146035.5677,6641.5869,6375.9234,265.6635,0.04055973,0.03893734,265.6635,6375.9234,0.03893734,265.6635,265.6635,265.6635,265.6635,265.6635,6375.9234,0.03893734,1328.3174,1226.2183,5313.2695,5415.3686,0.03244779,0.0330713,0.00162239,1186.5818,1102.3216,48.1274,6641.5869,265.6635,163748.2900,138.0000,,1186.5818,1367.989,1367.989,1367.989,1367.989,1367.989,1367.989,1367.989,0.0,1.0,1.0,0.867391,15,20,2,2,0E-8,0.04055973,,0E-8,0.000000,0.928989,0.000000,,2026-05-18,2026-05-18,1,25,15,1,1.000000,,,0.000000,,,,,,,,GLOBAL_BASELINE_NO_ENTITY_RANKING,,,NOT_APPLICABLE_GLOBAL_BASELINE,HF9g-P5,,,,X 全窗基线 · 不参与实体赏罚,14193055,1420,A168_HF9F_20260827_0900,2026-08-27 09:00:00
2026-05-18,150217492,2218,0,15458.2763337899,1094.3912448701,1094.3912448701,0.5384615,13,13,0.49737017692307692,0.497370176923,0.2963181206935706,0.29631812069412555,0.2963181206935706,7.692E-14,ELIGIBLE,R03b_20260811_FULL_v1,L1_ELIGIBILITY,v2026-08-11,2026-03-21..2026-08-06,baccarat_bet02_101_all_pairs_incl_sentinel,round_win = game_pnl > 0 (decisive only),COMPATIBILITY_ONLY_NOT_PRODUCTION,163748.2900,152120.3830,6641.5869,138,138,-0.04055973,,-0.04055973,-0.04055973,-6641.5869,163748.2900,OK,0.0000,265.6635,4.0000,96.0000,AG03-UNRESOLVED,ALL5_LEVELS_bet23_to_bet27,265.6635,265.6635,265.6635,265.6635,265.6635,4.000000,4.000000,4.000000,4.000000,4.000000,96.000000,96.000000,96.000000,96.000000,96.000000,5.0,1328.3174,1226.2183,5313.2695,5415.3686,PENDING_AG03,FALSE,NOT_FOR_ENFORCEMENT,6375.9234,146035.5677,6641.5869,6375.9234,265.6635,0.04055973,0.03893734,265.6635,6375.9234,0.03893734,265.6635,265.6635,265.6635,265.6635,265.6635,6375.9234,0.03893734,1328.3174,1226.2183,5313.2695,5415.3686,0.03244779,0.0330713,0.00162239,1186.5818,1102.3216,48.1274,6641.5869,265.6635,163748.2900,138.0000,,1186.5818,1367.989,1367.989,1367.989,1367.989,1367.989,1367.989,1367.989,0.0,1.0,1.0,0.867391,15,20,2,2,0E-8,0.04055973,,0E-8,0.000000,0.928989,0.000000,,2026-05-18,2026-05-18,1,25,15,1,1.000000,,,0.000000,,,,,,,,GLOBAL_BASELINE_NO_ENTITY_RANKING,,,NOT_APPLICABLE_GLOBAL_BASELINE,HF9g-P5,,,,X 全窗基线 · 不参与实体赏罚,14193056,1420,A168_HF9F_20260827_0900,2026-08-27 09:00:00
2026-05-18,150217492,2239,0,1367.9890560876,-1367.9890560876,-1367.9890560876,0E-7,1,1,0.50665070000000000,0.506650700000,-1.013391052207602,-1.013391052207602,-1.013391052207602,0E-17,ELIGIBLE,R03b_20260811_FULL_v1,L1_ELIGIBILITY,v2026-08-11,2026-03-21..2026-08-06,baccarat_bet02_101_all_pairs_incl_sentinel,round_win = game_pnl > 0 (decisive only),COMPATIBILITY_ONLY_NOT_PRODUCTION,163748.2900,152120.3830,6641.5869,138,138,-0.04055973,,-0.04055973,-0.04055973,-6641.5869,163748.2900,OK,0.0000,265.6635,4.0000,96.0000,AG03-UNRESOLVED,ALL5_LEVELS_bet23_to_bet27,265.6635,265.6635,265.6635,265.6635,265.6635,4.000000,4.000000,4.000000,4.000000,4.000000,96.000000,96.000000,96.000000,96.000000,96.000000,5.0,1328.3174,1226.2183,5313.2695,5415.3686,PENDING_AG03,FALSE,NOT_FOR_ENFORCEMENT,6375.9234,146035.5677,6641.5869,6375.9234,265.6635,0.04055973,0.03893734,265.6635,6375.9234,0.03893734,265.6635,265.6635,265.6635,265.6635,265.6635,6375.9234,0.03893734,1328.3174,1226.2183,5313.2695,5415.3686,0.03244779,0.0330713,0.00162239,1186.5818,1102.3216,48.1274,6641.5869,265.6635,163748.2900,138.0000,,1186.5818,1367.989,1367.989,1367.989,1367.989,1367.989,1367.989,1367.989,0.0,1.0,1.0,0.867391,15,20,2,2,0E-8,0.04055973,,0E-8,0.000000,0.928989,0.000000,,2026-05-18,2026-05-18,1,25,15,1,1.000000,,,0.000000,,,,,,,,GLOBAL_BASELINE_NO_ENTITY_RANKING,,,NOT_APPLICABLE_GLOBAL_BASELINE,HF9g-P5,,,,X 全窗基线 · 不参与实体赏罚,14193057,1420,A168_HF9F_20260827_0900,2026-08-27 09:00:00
2026-05-18,150217492,2266,0,1367.9890560876,-1367.9890560876,-1367.9890560876,0E-7,1,1,0.50665070000000000,0.506650700000,-1.013391052207602,-1.013391052207602,-1.013391052207602,0E-17,ELIGIBLE,R03b_20260811_FULL_v1,L1_ELIGIBILITY,v2026-08-11,2026-03-21..2026-08-06,baccarat_bet02_101_all_pairs_incl_sentinel,round_win = game_pnl > 0 (decisive only),COMPATIBILITY_ONLY_NOT_PRODUCTION,163748.2900,152120.3830,6641.5869,138,138,-0.04055973,,-0.04055973,-0.04055973,-6641.5869,163748.2900,OK,0.0000,265.6635,4.0000,96.0000,AG03-UNRESOLVED,ALL5_LEVELS_bet23_to_bet27,265.6635,265.6635,265.6635,265.6635,265.6635,4.000000,4.000000,4.000000,4.000000,4.000000,96.000000,96.000000,96.000000,96.000000,96.000000,5.0,1328.3174,1226.2183,5313.2695,5415.3686,PENDING_AG03,FALSE,NOT_FOR_ENFORCEMENT,6375.9234,146035.5677,6641.5869,6375.9234,265.6635,0.04055973,0.03893734,265.6635,6375.9234,0.03893734,265.6635,265.6635,265.6635,265.6635,265.6635,6375.9234,0.03893734,1328.3174,1226.2183,5313.2695,5415.3686,0.03244779,0.0330713,0.00162239,1186.5818,1102.3216,48.1274,6641.5869,265.6635,163748.2900,138.0000,,1186.5818,1367.989,1367.989,1367.989,1367.989,1367.989,1367.989,1367.989,0.0,1.0,1.0,0.867391,15,20,2,2,0E-8,0.04055973,,0E-8,0.000000,0.928989,0.000000,,2026-05-18,2026-05-18,1,25,15,1,1.000000,,,0.000000,,,,,,,,GLOBAL_BASELINE_NO_ENTITY_RANKING,,,NOT_APPLICABLE_GLOBAL_BASELINE,HF9g-P5,,,,X 全窗基线 · 不参与实体赏罚,14193058,1420,A168_HF9F_20260827_0900,2026-08-27 09:00:00
2026-05-18,150217492,2271,0,1367.9890560876,-1367.9890560876,-1367.9890560876,0E-7,1,1,0.50665070000000000,0.506650700000,-1.013391052207602,-1.013391052207602,-1.013391052207602,0E-17,ELIGIBLE,R03b_20260811_FULL_v1,L1_ELIGIBILITY,v2026-08-11,2026-03-21..2026-08-06,baccarat_bet02_101_all_pairs_incl_sentinel,round_win = game_pnl > 0 (decisive only),COMPATIBILITY_ONLY_NOT_PRODUCTION,163748.2900,152120.3830,6641.5869,138,138,-0.04055973,,-0.04055973,-0.04055973,-6641.5869,163748.2900,OK,0.0000,265.6635,4.0000,96.0000,AG03-UNRESOLVED,ALL5_LEVELS_bet23_to_bet27,265.6635,265.6635,265.6635,265.6635,265.6635,4.000000,4.000000,4.000000,4.000000,4.000000,96.000000,96.000000,96.000000,96.000000,96.000000,5.0,1328.3174,1226.2183,5313.2695,5415.3686,PENDING_AG03,FALSE,NOT_FOR_ENFORCEMENT,6375.9234,146035.5677,6641.5869,6375.9234,265.6635,0.04055973,0.03893734,265.6635,6375.9234,0.03893734,265.6635,265.6635,265.6635,265.6635,265.6635,6375.9234,0.03893734,1328.3174,1226.2183,5313.2695,5415.3686,0.03244779,0.0330713,0.00162239,1186.5818,1102.3216,48.1274,6641.5869,265.6635,163748.2900,138.0000,,1186.5818,1367.989,1367.989,1367.989,1367.989,1367.989,1367.989,1367.989,0.0,1.0,1.0,0.867391,15,20,2,2,0E-8,0.04055973,,0E-8,0.000000,0.928989,0.000000,,2026-05-18,2026-05-18,1,25,15,1,1.000000,,,0.000000,,,,,,,,GLOBAL_BASELINE_NO_ENTITY_RANKING,,,NOT_APPLICABLE_GLOBAL_BASELINE,HF9g-P5,,,,X 全窗基线 · 不参与实体赏罚,14193059,1420,A168_HF9F_20260827_0900,2026-08-27 09:00:00
2026-05-18,150217492,526,0,8891.9288645694,-6155.9507523942,-6155.9507523942,0.1428571,7,7,0.49899058571428571,0.498990585714,-1.884484886978507,-1.8844848869769975,-1.884484886978507,2.8571E-13,ELIGIBLE,R03b_20260811_FULL_v1,L1_ELIGIBILITY,v2026-08-11,2026-03-21..2026-08-06,baccarat_bet02_101_all_pairs_incl_sentinel,round_win = game_pnl > 0 (decisive only),COMPATIBILITY_ONLY_NOT_PRODUCTION,163748.2900,152120.3830,6641.5869,138,138,-0.04055973,,-0.04055973,-0.04055973,-6641.5869,163748.2900,OK,0.0000,265.6635,4.0000,96.0000,AG03-UNRESOLVED,ALL5_LEVELS_bet23_to_bet27,265.6635,265.6635,265.6635,265.6635,265.6635,4.000000,4.000000,4.000000,4.000000,4.000000,96.000000,96.000000,96.000000,96.000000,96.000000,5.0,1328.3174,1226.2183,5313.2695,5415.3686,PENDING_AG03,FALSE,NOT_FOR_ENFORCEMENT,6375.9234,146035.5677,6641.5869,6375.9234,265.6635,0.04055973,0.03893734,265.6635,6375.9234,0.03893734,265.6635,265.6635,265.6635,265.6635,265.6635,6375.9234,0.03893734,1328.3174,1226.2183,5313.2695,5415.3686,0.03244779,0.0330713,0.00162239,1186.5818,1102.3216,48.1274,6641.5869,265.6635,163748.2900,138.0000,,1186.5818,1367.989,1367.989,1367.989,1367.989,1367.989,1367.989,1367.989,0.0,1.0,1.0,0.867391,15,20,2,2,0E-8,0.04055973,,0E-8,0.000000,0.928989,0.000000,,2026-05-18,2026-05-18,1,25,15,1,1.000000,,,0.000000,,,,,,,,GLOBAL_BASELINE_NO_ENTITY_RANKING,,,NOT_APPLICABLE_GLOBAL_BASELINE,HF9g-P5,,,,X 全窗基线 · 不参与实体赏罚,14193060,1420,A168_HF9F_20260827_0900,2026-08-27 09:00:00
2026-05-18,150217492,550,0,4103.9671682628,-1436.3885088920,-1436.3885088920,0.3333333,3,3,0.50218230000000000,0.502182300000,-0.5849155494134425,-0.5849155494134426,-0.5849155494134425,0E-17,ELIGIBLE,R03b_20260811_FULL_v1,L1_ELIGIBILITY,v2026-08-11,2026-03-21..2026-08-06,baccarat_bet02_101_all_pairs_incl_sentinel,round_win = game_pnl > 0 (decisive only),COMPATIBILITY_ONLY_NOT_PRODUCTION,163748.2900,152120.3830,6641.5869,138,138,-0.04055973,,-0.04055973,-0.04055973,-6641.5869,163748.2900,OK,0.0000,265.6635,4.0000,96.0000,AG03-UNRESOLVED,ALL5_LEVELS_bet23_to_bet27,265.6635,265.6635,265.6635,265.6635,265.6635,4.000000,4.000000,4.000000,4.000000,4.000000,96.000000,96.000000,96.000000,96.000000,96.000000,5.0,1328.3174,1226.2183,5313.2695,5415.3686,PENDING_AG03,FALSE,NOT_FOR_ENFORCEMENT,6375.9234,146035.5677,6641.5869,6375.9234,265.6635,0.04055973,0.03893734,265.6635,6375.9234,0.03893734,265.6635,265.6635,265.6635,265.6635,265.6635,6375.9234,0.03893734,1328.3174,1226.2183,5313.2695,5415.3686,0.03244779,0.0330713,0.00162239,1186.5818,1102.3216,48.1274,6641.5869,265.6635,163748.2900,138.0000,,1186.5818,1367.989,1367.989,1367.989,1367.989,1367.989,1367.989,1367.989,0.0,1.0,1.0,0.867391,15,20,2,2,0E-8,0.04055973,,0E-8,0.000000,0.928989,0.000000,,2026-05-18,2026-05-18,1,25,15,1,1.000000,,,0.000000,,,,,,,,GLOBAL_BASELINE_NO_ENTITY_RANKING,,,NOT_APPLICABLE_GLOBAL_BASELINE,HF9g-P5,,,,X 全窗基线 · 不参与实体赏罚,14193061,1420,A168_HF9F_20260827_0900,2026-08-27 09:00:00
2026-05-18,150217492,595,0,16279.0697674424,8885.0889192888,8885.0889192888,0.7333333,16,16,0.49911027500000000,0.499110275000,1.8142868808651749,1.8142868808651749,1.8142868808651749,0E-17,ELIGIBLE,R03b_20260811_FULL_v1,L1_ELIGIBILITY,v2026-08-11,2026-03-21..2026-08-06,baccarat_bet02_101_all_pairs_incl_sentinel,round_win = game_pnl > 0 (decisive only),COMPATIBILITY_ONLY_NOT_PRODUCTION,163748.2900,152120.3830,6641.5869,138,138,-0.04055973,,-0.04055973,-0.04055973,-6641.5869,163748.2900,OK,0.0000,265.6635,4.0000,96.0000,AG03-UNRESOLVED,ALL5_LEVELS_bet23_to_bet27,265.6635,265.6635,265.6635,265.6635,265.6635,4.000000,4.000000,4.000000,4.000000,4.000000,96.000000,96.000000,96.000000,96.000000,96.000000,5.0,1328.3174,1226.2183,5313.2695,5415.3686,PENDING_AG03,FALSE,NOT_FOR_ENFORCEMENT,6375.9234,146035.5677,6641.5869,6375.9234,265.6635,0.04055973,0.03893734,265.6635,6375.9234,0.03893734,265.6635,265.6635,265.6635,265.6635,265.6635,6375.9234,0.03893734,1328.3174,1226.2183,5313.2695,5415.3686,0.03244779,0.0330713,0.00162239,1186.5818,1102.3216,48.1274,6641.5869,265.6635,163748.2900,138.0000,,1186.5818,1367.989,1367.989,1367.989,1367.989,1367.989,1367.989,1367.989,0.0,1.0,1.0,0.867391,15,20,2,2,0E-8,0.04055973,,0E-8,0.000000,0.928989,0.000000,,2026-05-18,2026-05-18,1,25,15,1,1.000000,,,0.000000,,,,,,,,GLOBAL_BASELINE_NO_ENTITY_RANKING,,,NOT_APPLICABLE_GLOBAL_BASELINE,HF9g-P5,,,,X 全窗基线 · 不参与实体赏罚,14193062,1420,A168_HF9F_20260827_0900,2026-08-27 09:00:00
2026-05-18,150217492,763,0,10259.9179206570,1778.3857729138,1778.3857729138,0.6250000,8,8,0.50162375000000000,0.501623750000,0.6979251443573454,0.6979251443573454,0.6979251443573454,0E-17,ELIGIBLE,R03b_20260811_FULL_v1,L1_ELIGIBILITY,v2026-08-11,2026-03-21..2026-08-06,baccarat_bet02_101_all_pairs_incl_sentinel,round_win = game_pnl > 0 (decisive only),COMPATIBILITY_ONLY_NOT_PRODUCTION,163748.2900,152120.3830,6641.5869,138,138,-0.04055973,,-0.04055973,-0.04055973,-6641.5869,163748.2900,OK,0.0000,265.6635,4.0000,96.0000,AG03-UNRESOLVED,ALL5_LEVELS_bet23_to_bet27,265.6635,265.6635,265.6635,265.6635,265.6635,4.000000,4.000000,4.000000,4.000000,4.000000,96.000000,96.000000,96.000000,96.000000,96.000000,5.0,1328.3174,1226.2183,5313.2695,5415.3686,PENDING_AG03,FALSE,NOT_FOR_ENFORCEMENT,6375.9234,146035.5677,6641.5869,6375.9234,265.6635,0.04055973,0.03893734,265.6635,6375.9234,0.03893734,265.6635,265.6635,265.6635,265.6635,265.6635,6375.9234,0.03893734,1328.3174,1226.2183,5313.2695,5415.3686,0.03244779,0.0330713,0.00162239,1186.5818,1102.3216,48.1274,6641.5869,265.6635,163748.2900,138.0000,,1186.5818,1367.989,1367.989,1367.989,1367.989,1367.989,1367.989,1367.989,0.0,1.0,1.0,0.867391,15,20,2,2,0E-8,0.04055973,,0E-8,0.000000,0.928989,0.000000,,2026-05-18,2026-05-18,1,25,15,1,1.000000,,,0.000000,,,,,,,,GLOBAL_BASELINE_NO_ENTITY_RANKING,,,NOT_APPLICABLE_GLOBAL_BASELINE,HF9g-P5,,,,X 全窗基线 · 不参与实体赏罚,14193063,1420,A168_HF9F_20260827_0900,2026-08-27 09:00:00
2026-05-18,150217492,789,0,4103.9671682628,-4103.9671682628,-4103.9671682628,0E-7,3,3,0.50218230000000000,0.502182300000,-1.7396270863184011,-1.7396270863184016,-1.7396270863184011,0E-17,ELIGIBLE,R03b_20260811_FULL_v1,L1_ELIGIBILITY,v2026-08-11,2026-03-21..2026-08-06,baccarat_bet02_101_all_pairs_incl_sentinel,round_win = game_pnl > 0 (decisive only),COMPATIBILITY_ONLY_NOT_PRODUCTION,163748.2900,152120.3830,6641.5869,138,138,-0.04055973,,-0.04055973,-0.04055973,-6641.5869,163748.2900,OK,0.0000,265.6635,4.0000,96.0000,AG03-UNRESOLVED,ALL5_LEVELS_bet23_to_bet27,265.6635,265.6635,265.6635,265.6635,265.6635,4.000000,4.000000,4.000000,4.000000,4.000000,96.000000,96.000000,96.000000,96.000000,96.000000,5.0,1328.3174,1226.2183,5313.2695,5415.3686,PENDING_AG03,FALSE,NOT_FOR_ENFORCEMENT,6375.9234,146035.5677,6641.5869,6375.9234,265.6635,0.04055973,0.03893734,265.6635,6375.9234,0.03893734,265.6635,265.6635,265.6635,265.6635,265.6635,6375.9234,0.03893734,1328.3174,1226.2183,5313.2695,5415.3686,0.03244779,0.0330713,0.00162239,1186.5818,1102.3216,48.1274,6641.5869,265.6635,163748.2900,138.0000,,1186.5818,1367.989,1367.989,1367.989,1367.989,1367.989,1367.989,1367.989,0.0,1.0,1.0,0.867391,15,20,2,2,0E-8,0.04055973,,0E-8,0.000000,0.928989,0.000000,,2026-05-18,2026-05-18,1,25,15,1,1.000000,,,0.000000,,,,,,,,GLOBAL_BASELINE_NO_ENTITY_RANKING,,,NOT_APPLICABLE_GLOBAL_BASELINE,HF9g-P5,,,,X 全窗基线 · 不参与实体赏罚,14193064,1420,A168_HF9F_20260827_0900,2026-08-27 09:00:00
2026-04-03,148183013,1004,0,1160.8477706444,722.8915662651,722.8915662651,0.7142857,7,7,0.49899058571428571,0.498990585714,1.1392370589461878,1.139237058947701,1.1392370589461878,2.8571E-13,ELIGIBLE,R03b_20260811_FULL_v1,L1_ELIGIBILITY,v2026-08-11,2026-03-21..2026-08-06,baccarat_bet02_101_all_pairs_incl_sentinel,round_win = game_pnl > 0 (decisive only),COMPATIBILITY_ONLY_NOT_PRODUCTION,137057.2646,123357.9765,6641.6726,710,710,-0.04845911,-0.23923445,-0.04328177,-0.04845911,-6641.6726,137057.2646,OK,0.0000,265.6669,4.0000,96.0000,AG03-UNRESOLVED,ALL5_LEVELS_bet23_to_bet27,265.6669,265.6669,265.6669,265.6669,265.6669,4.000000,4.000000,4.000000,4.000000,4.000000,96.000000,96.000000,96.000000,96.000000,96.000000,5.0,1328.3345,1226.2341,5313.3381,5415.4385,PENDING_AG03,FALSE,NOT_FOR_ENFORCEMENT,6376.0057,118423.6574,6641.6726,6376.0057,265.6669,0.04845911,0.04652074,265.6669,6376.0057,0.04652074,265.6669,265.6669,265.6669,265.6669,265.6669,6376.0057,0.04652074,1328.3345,1226.2341,5313.3381,5415.4385,0.03876729,0.03951223,0.00193836,193.0384,173.7436,9.3545,510.8979,46.7723,10542.8665,54.6154,134.1201,195.3675,87.943,173.2652,261.8715,351.7721,436.4525,680.8702,131.9145,0.0,2.518986,3.929642,1.114121,23,99,14,2,0.02642138,0.04845911,0.23923445,0E-8,0.000000,0.900047,0.145070,-0.19595268,2026-04-03,2026-07-17,13,142,96,106,0.122642,0.686501,0.694784,0.088071,,,,,,,,GLOBAL_BASELINE_NO_ENTITY_RANKING,,,NOT_APPLICABLE_GLOBAL_BASELINE,HF9g-P5,,,,X 全窗基线 · 不参与实体赏罚,14193065,1420,A168_HF9F_20260827_0900,2026-08-27 09:00:00
2026-04-03,148183013,1151,0,351.7720517104,351.7720517104,351.7720517104,1.0000000,2,2,0.49324550000000000,0.493245500000,1.4334489766152358,1.4334489766152358,1.4334489766152358,0E-17,ELIGIBLE,R03b_20260811_FULL_v1,L1_ELIGIBILITY,v2026-08-11,2026-03-21..2026-08-06,baccarat_bet02_101_all_pairs_incl_sentinel,round_win = game_pnl > 0 (decisive only),COMPATIBILITY_ONLY_NOT_PRODUCTION,137057.2646,123357.9765,6641.6726,710,710,-0.04845911,-0.23923445,-0.04328177,-0.04845911,-6641.6726,137057.2646,OK,0.0000,265.6669,4.0000,96.0000,AG03-UNRESOLVED,ALL5_LEVELS_bet23_to_bet27,265.6669,265.6669,265.6669,265.6669,265.6669,4.000000,4.000000,4.000000,4.000000,4.000000,96.000000,96.000000,96.000000,96.000000,96.000000,5.0,1328.3345,1226.2341,5313.3381,5415.4385,PENDING_AG03,FALSE,NOT_FOR_ENFORCEMENT,6376.0057,118423.6574,6641.6726,6376.0057,265.6669,0.04845911,0.04652074,265.6669,6376.0057,0.04652074,265.6669,265.6669,265.6669,265.6669,265.6669,6376.0057,0.04652074,1328.3345,1226.2341,5313.3381,5415.4385,0.03876729,0.03951223,0.00193836,193.0384,173.7436,9.3545,510.8979,46.7723,10542.8665,54.6154,134.1201,195.3675,87.943,173.2652,261.8715,351.7721,436.4525,680.8702,131.9145,0.0,2.518986,3.929642,1.114121,23,99,14,2,0.02642138,0.04845911,0.23923445,0E-8,0.000000,0.900047,0.145070,-0.19595268,2026-04-03,2026-07-17,13,142,96,106,0.122642,0.686501,0.694784,0.088071,,,,,,,,GLOBAL_BASELINE_NO_ENTITY_RANKING,,,NOT_APPLICABLE_GLOBAL_BASELINE,HF9g-P5,,,,X 全窗基线 · 不参与实体赏罚,14193066,1420,A168_HF9F_20260827_0900,2026-08-27 09:00:00
2026-04-03,148183013,1383,0,703.5441034209,703.5441034209,703.5441034209,1.0000000,3,3,0.49324550000000000,0.493245500000,1.755609282511032,1.7556092825110319,1.755609282511032,0E-17,ELIGIBLE,R03b_20260811_FULL_v1,L1_ELIGIBILITY,v2026-08-11,2026-03-21..2026-08-06,baccarat_bet02_101_all_pairs_incl_sentinel,round_win = game_pnl > 0 (decisive only),COMPATIBILITY_ONLY_NOT_PRODUCTION,137057.2646,123357.9765,6641.6726,710,710,-0.04845911,-0.23923445,-0.04328177,-0.04845911,-6641.6726,137057.2646,OK,0.0000,265.6669,4.0000,96.0000,AG03-UNRESOLVED,ALL5_LEVELS_bet23_to_bet27,265.6669,265.6669,265.6669,265.6669,265.6669,4.000000,4.000000,4.000000,4.000000,4.000000,96.000000,96.000000,96.000000,96.000000,96.000000,5.0,1328.3345,1226.2341,5313.3381,5415.4385,PENDING_AG03,FALSE,NOT_FOR_ENFORCEMENT,6376.0057,118423.6574,6641.6726,6376.0057,265.6669,0.04845911,0.04652074,265.6669,6376.0057,0.04652074,265.6669,265.6669,265.6669,265.6669,265.6669,6376.0057,0.04652074,1328.3345,1226.2341,5313.3381,5415.4385,0.03876729,0.03951223,0.00193836,193.0384,173.7436,9.3545,510.8979,46.7723,10542.8665,54.6154,134.1201,195.3675,87.943,173.2652,261.8715,351.7721,436.4525,680.8702,131.9145,0.0,2.518986,3.929642,1.114121,23,99,14,2,0.02642138,0.04845911,0.23923445,0E-8,0.000000,0.900047,0.145070,-0.19595268,2026-04-03,2026-07-17,13,142,96,106,0.122642,0.686501,0.694784,0.088071,,,,,,,,GLOBAL_BASELINE_NO_ENTITY_RANKING,,,NOT_APPLICABLE_GLOBAL_BASELINE,HF9g-P5,,,,X 全窗基线 · 不参与实体赏罚,14193067,1420,A168_HF9F_20260827_0900,2026-08-27 09:00:00
2026-04-03,148183013,1957,0,131.9145193914,-131.9145193914,-131.9145193914,0E-7,1,1,0.50665070000000000,0.506650700000,-1.013391052207602,-1.013391052207602,-1.013391052207602,0E-17,ELIGIBLE,R03b_20260811_FULL_v1,L1_ELIGIBILITY,v2026-08-11,2026-03-21..2026-08-06,baccarat_bet02_101_all_pairs_incl_sentinel,round_win = game_pnl > 0 (decisive only),COMPATIBILITY_ONLY_NOT_PRODUCTION,137057.2646,123357.9765,6641.6726,710,710,-0.04845911,-0.23923445,-0.04328177,-0.04845911,-6641.6726,137057.2646,OK,0.0000,265.6669,4.0000,96.0000,AG03-UNRESOLVED,ALL5_LEVELS_bet23_to_bet27,265.6669,265.6669,265.6669,265.6669,265.6669,4.000000,4.000000,4.000000,4.000000,4.000000,96.000000,96.000000,96.000000,96.000000,96.000000,5.0,1328.3345,1226.2341,5313.3381,5415.4385,PENDING_AG03,FALSE,NOT_FOR_ENFORCEMENT,6376.0057,118423.6574,6641.6726,6376.0057,265.6669,0.04845911,0.04652074,265.6669,6376.0057,0.04652074,265.6669,265.6669,265.6669,265.6669,265.6669,6376.0057,0.04652074,1328.3345,1226.2341,5313.3381,5415.4385,0.03876729,0.03951223,0.00193836,193.0384,173.7436,9.3545,510.8979,46.7723,10542.8665,54.6154,134.1201,195.3675,87.943,173.2652,261.8715,351.7721,436.4525,680.8702,131.9145,0.0,2.518986,3.929642,1.114121,23,99,14,2,0.02642138,0.04845911,0.23923445,0E-8,0.000000,0.900047,0.145070,-0.19595268,2026-04-03,2026-07-17,13,142,96,106,0.122642,0.686501,0.694784,0.088071,,,,,,,,GLOBAL_BASELINE_NO_ENTITY_RANKING,,,NOT_APPLICABLE_GLOBAL_BASELINE,HF9g-P5,,,,X 全窗基线 · 不参与实体赏罚,14193068,1420,A168_HF9F_20260827_0900,2026-08-27 09:00:00
2026-04-03,148183013,2103,0,2154.6038167266,-171.4888752088,-171.4888752088,0.4000000,11,11,0.50421339090909091,0.504213390909,-0.6591267588502832,-0.659126758849707,-0.6591267588502832,9.091E-14,ELIGIBLE,R03b_20260811_FULL_v1,L1_ELIGIBILITY,v2026-08-11,2026-03-21..2026-08-06,baccarat_bet02_101_all_pairs_incl_sentinel,round_win = game_pnl > 0 (decisive only),COMPATIBILITY_ONLY_NOT_PRODUCTION,137057.2646,123357.9765,6641.6726,710,710,-0.04845911,-0.23923445,-0.04328177,-0.04845911,-6641.6726,137057.2646,OK,0.0000,265.6669,4.0000,96.0000,AG03-UNRESOLVED,ALL5_LEVELS_bet23_to_bet27,265.6669,265.6669,265.6669,265.6669,265.6669,4.000000,4.000000,4.000000,4.000000,4.000000,96.000000,96.000000,96.000000,96.000000,96.000000,5.0,1328.3345,1226.2341,5313.3381,5415.4385,PENDING_AG03,FALSE,NOT_FOR_ENFORCEMENT,6376.0057,118423.6574,6641.6726,6376.0057,265.6669,0.04845911,0.04652074,265.6669,6376.0057,0.04652074,265.6669,265.6669,265.6669,265.6669,265.6669,6376.0057,0.04652074,1328.3345,1226.2341,5313.3381,5415.4385,0.03876729,0.03951223,0.00193836,193.0384,173.7436,9.3545,510.8979,46.7723,10542.8665,54.6154,134.1201,195.3675,87.943,173.2652,261.8715,351.7721,436.4525,680.8702,131.9145,0.0,2.518986,3.929642,1.114121,23,99,14,2,0.02642138,0.04845911,0.23923445,0E-8,0.000000,0.900047,0.145070,-0.19595268,2026-04-03,2026-07-17,13,142,96,106,0.122642,0.686501,0.694784,0.088071,,,,,,,,GLOBAL_BASELINE_NO_ENTITY_RANKING,,,NOT_APPLICABLE_GLOBAL_BASELINE,HF9g-P5,,,,X 全窗基线 · 不参与实体赏罚,14193069,1420,A168_HF9F_20260827_0900,2026-08-27 09:00:00
2026-04-03,148183013,583,0,87.9430129276,0E-10,0E-10,,1,1,0.50665070000000000,0.506650700000,,,,0E-17,NO_DECISIVE_ROUND,R03b_20260811_FULL_v1,L1_ELIGIBILITY,v2026-08-11,2026-03-21..2026-08-06,baccarat_bet02_101_all_pairs_incl_sentinel,round_win = game_pnl > 0 (decisive only),COMPATIBILITY_ONLY_NOT_PRODUCTION,137057.2646,123357.9765,6641.6726,710,710,-0.04845911,-0.23923445,-0.04328177,-0.04845911,-6641.6726,137057.2646,OK,0.0000,265.6669,4.0000,96.0000,AG03-UNRESOLVED,ALL5_LEVELS_bet23_to_bet27,265.6669,265.6669,265.6669,265.6669,265.6669,4.000000,4.000000,4.000000,4.000000,4.000000,96.000000,96.000000,96.000000,96.000000,96.000000,5.0,1328.3345,1226.2341,5313.3381,5415.4385,PENDING_AG03,FALSE,NOT_FOR_ENFORCEMENT,6376.0057,118423.6574,6641.6726,6376.0057,265.6669,0.04845911,0.04652074,265.6669,6376.0057,0.04652074,265.6669,265.6669,265.6669,265.6669,265.6669,6376.0057,0.04652074,1328.3345,1226.2341,5313.3381,5415.4385,0.03876729,0.03951223,0.00193836,193.0384,173.7436,9.3545,510.8979,46.7723,10542.8665,54.6154,134.1201,195.3675,87.943,173.2652,261.8715,351.7721,436.4525,680.8702,131.9145,0.0,2.518986,3.929642,1.114121,23,99,14,2,0.02642138,0.04845911,0.23923445,0E-8,0.000000,0.900047,0.145070,-0.19595268,2026-04-03,2026-07-17,13,142,96,106,0.122642,0.686501,0.694784,0.088071,,,,,,,,GLOBAL_BASELINE_NO_ENTITY_RANKING,,,NOT_APPLICABLE_GLOBAL_BASELINE,HF9g-P5,,,,X 全窗基线 · 不参与实体赏罚,14193070,1420,A168_HF9F_20260827_0900,2026-08-27 09:00:00
2026-04-04,148183013,-1,1,703.5441034208,28.5814792016,28.5814792016,0.5000000,5,5,0.50128862000000000,0.501288620000,-0.0051544971185412255,-0.0051544971185412255,-0.0051544971185412255,0E-17,SENTINEL_DEALER,R03b_20260811_FULL_v1,L1_ELIGIBILITY,v2026-08-11,2026-03-21..2026-08-06,baccarat_bet02_101_all_pairs_incl_sentinel,round_win = game_pnl > 0 (decisive only),COMPATIBILITY_ONLY_NOT_PRODUCTION,137057.2646,123357.9765,6641.6726,710,710,-0.04845911,-0.23923445,-0.04328177,-0.04845911,-6641.6726,137057.2646,OK,0.0000,265.6669,4.0000,96.0000,AG03-UNRESOLVED,ALL5_LEVELS_bet23_to_bet27,265.6669,265.6669,265.6669,265.6669,265.6669,4.000000,4.000000,4.000000,4.000000,4.000000,96.000000,96.000000,96.000000,96.000000,96.000000,5.0,1328.3345,1226.2341,5313.3381,5415.4385,PENDING_AG03,FALSE,NOT_FOR_ENFORCEMENT,6376.0057,118423.6574,6641.6726,6376.0057,265.6669,0.04845911,0.04652074,265.6669,6376.0057,0.04652074,265.6669,265.6669,265.6669,265.6669,265.6669,6376.0057,0.04652074,1328.3345,1226.2341,5313.3381,5415.4385,0.03876729,0.03951223,0.00193836,193.0384,173.7436,9.3545,510.8979,46.7723,10542.8665,54.6154,134.1201,195.3675,87.943,173.2652,261.8715,351.7721,436.4525,680.8702,131.9145,0.0,2.518986,3.929642,1.114121,23,99,14,2,0.02642138,0.04845911,0.23923445,0E-8,0.000000,0.900047,0.145070,-0.19595268,2026-04-03,2026-07-17,13,142,96,106,0.122642,0.686501,0.694784,0.088071,,,,,,,,GLOBAL_BASELINE_NO_ENTITY_RANKING,,,NOT_APPLICABLE_GLOBAL_BASELINE,HF9g-P5,,,,X 全窗基线 · 不参与实体赏罚,14193071,1420,A168_HF9F_20260827_0900,2026-08-27 09:00:00
2026-04-04,148183013,1094,0,263.8290387828,-263.8290387828,-263.8290387828,0E-7,2,2,0.49324550000000000,0.493245500000,-1.3952362676504506,-1.3952362676504506,-1.3952362676504506,0E-17,ELIGIBLE,R03b_20260811_FULL_v1,L1_ELIGIBILITY,v2026-08-11,2026-03-21..2026-08-06,baccarat_bet02_101_all_pairs_incl_sentinel,round_win = game_pnl > 0 (decisive only),COMPATIBILITY_ONLY_NOT_PRODUCTION,137057.2646,123357.9765,6641.6726,710,710,-0.04845911,-0.23923445,-0.04328177,-0.04845911,-6641.6726,137057.2646,OK,0.0000,265.6669,4.0000,96.0000,AG03-UNRESOLVED,ALL5_LEVELS_bet23_to_bet27,265.6669,265.6669,265.6669,265.6669,265.6669,4.000000,4.000000,4.000000,4.000000,4.000000,96.000000,96.000000,96.000000,96.000000,96.000000,5.0,1328.3345,1226.2341,5313.3381,5415.4385,PENDING_AG03,FALSE,NOT_FOR_ENFORCEMENT,6376.0057,118423.6574,6641.6726,6376.0057,265.6669,0.04845911,0.04652074,265.6669,6376.0057,0.04652074,265.6669,265.6669,265.6669,265.6669,265.6669,6376.0057,0.04652074,1328.3345,1226.2341,5313.3381,5415.4385,0.03876729,0.03951223,0.00193836,193.0384,173.7436,9.3545,510.8979,46.7723,10542.8665,54.6154,134.1201,195.3675,87.943,173.2652,261.8715,351.7721,436.4525,680.8702,131.9145,0.0,2.518986,3.929642,1.114121,23,99,14,2,0.02642138,0.04845911,0.23923445,0E-8,0.000000,0.900047,0.145070,-0.19595268,2026-04-03,2026-07-17,13,142,96,106,0.122642,0.686501,0.694784,0.088071,,,,,,,,GLOBAL_BASELINE_NO_ENTITY_RANKING,,,NOT_APPLICABLE_GLOBAL_BASELINE,HF9g-P5,,,,X 全窗基线 · 不参与实体赏罚,14193072,1420,A168_HF9F_20260827_0900,2026-08-27 09:00:00
2026-04-04,148183013,1151,0,307.8005452466,39.5743558174,39.5743558174,0.6666667,3,3,0.49771390000000000,0.497713900000,0.5852756695216578,0.5852756695216578,0.5852756695216578,0E-17,ELIGIBLE,R03b_20260811_FULL_v1,L1_ELIGIBILITY,v2026-08-11,2026-03-21..2026-08-06,baccarat_bet02_101_all_pairs_incl_sentinel,round_win = game_pnl > 0 (decisive only),COMPATIBILITY_ONLY_NOT_PRODUCTION,137057.2646,123357.9765,6641.6726,710,710,-0.04845911,-0.23923445,-0.04328177,-0.04845911,-6641.6726,137057.2646,OK,0.0000,265.6669,4.0000,96.0000,AG03-UNRESOLVED,ALL5_LEVELS_bet23_to_bet27,265.6669,265.6669,265.6669,265.6669,265.6669,4.000000,4.000000,4.000000,4.000000,4.000000,96.000000,96.000000,96.000000,96.000000,96.000000,5.0,1328.3345,1226.2341,5313.3381,5415.4385,PENDING_AG03,FALSE,NOT_FOR_ENFORCEMENT,6376.0057,118423.6574,6641.6726,6376.0057,265.6669,0.04845911,0.04652074,265.6669,6376.0057,0.04652074,265.6669,265.6669,265.6669,265.6669,265.6669,6376.0057,0.04652074,1328.3345,1226.2341,5313.3381,5415.4385,0.03876729,0.03951223,0.00193836,193.0384,173.7436,9.3545,510.8979,46.7723,10542.8665,54.6154,134.1201,195.3675,87.943,173.2652,261.8715,351.7721,436.4525,680.8702,131.9145,0.0,2.518986,3.929642,1.114121,23,99,14,2,0.02642138,0.04845911,0.23923445,0E-8,0.000000,0.900047,0.145070,-0.19595268,2026-04-03,2026-07-17,13,142,96,106,0.122642,0.686501,0.694784,0.088071,,,,,,,,GLOBAL_BASELINE_NO_ENTITY_RANKING,,,NOT_APPLICABLE_GLOBAL_BASELINE,HF9g-P5,,,,X 全窗基线 · 不参与实体赏罚,14193073,1420,A168_HF9F_20260827_0900,2026-08-27 09:00:00
2026-04-04,148183013,1210,0,1890.7747779438,448.5093659308,448.5093659308,0.6666667,9,9,0.50069283333333333,0.500692833333,0.9958439560465624,0.9958439560485615,0.9958439560465624,3.3333E-13,ELIGIBLE,R03b_20260811_FULL_v1,L1_ELIGIBILITY,v2026-08-11,2026-03-21..2026-08-06,baccarat_bet02_101_all_pairs_incl_sentinel,round_win = game_pnl > 0 (decisive only),COMPATIBILITY_ONLY_NOT_PRODUCTION,137057.2646,123357.9765,6641.6726,710,710,-0.04845911,-0.23923445,-0.04328177,-0.04845911,-6641.6726,137057.2646,OK,0.0000,265.6669,4.0000,96.0000,AG03-UNRESOLVED,ALL5_LEVELS_bet23_to_bet27,265.6669,265.6669,265.6669,265.6669,265.6669,4.000000,4.000000,4.000000,4.000000,4.000000,96.000000,96.000000,96.000000,96.000000,96.000000,5.0,1328.3345,1226.2341,5313.3381,5415.4385,PENDING_AG03,FALSE,NOT_FOR_ENFORCEMENT,6376.0057,118423.6574,6641.6726,6376.0057,265.6669,0.04845911,0.04652074,265.6669,6376.0057,0.04652074,265.6669,265.6669,265.6669,265.6669,265.6669,6376.0057,0.04652074,1328.3345,1226.2341,5313.3381,5415.4385,0.03876729,0.03951223,0.00193836,193.0384,173.7436,9.3545,510.8979,46.7723,10542.8665,54.6154,134.1201,195.3675,87.943,173.2652,261.8715,351.7721,436.4525,680.8702,131.9145,0.0,2.518986,3.929642,1.114121,23,99,14,2,0.02642138,0.04845911,0.23923445,0E-8,0.000000,0.900047,0.145070,-0.19595268,2026-04-03,2026-07-17,13,142,96,106,0.122642,0.686501,0.694784,0.088071,,,,,,,,GLOBAL_BASELINE_NO_ENTITY_RANKING,,,NOT_APPLICABLE_GLOBAL_BASELINE,HF9g-P5,,,,X 全窗基线 · 不参与实体赏罚,14193074,1420,A168_HF9F_20260827_0900,2026-08-27 09:00:00
2026-04-04,148183013,1383,0,835.4586228122,345.1763257409,345.1763257409,0.8000000,6,6,0.49771390000000000,0.497713900000,1.3518786671008958,1.3518786671008955,1.3518786671008958,0E-17,ELIGIBLE,R03b_20260811_FULL_v1,L1_ELIGIBILITY,v2026-08-11,2026-03-21..2026-08-06,baccarat_bet02_101_all_pairs_incl_sentinel,round_win = game_pnl > 0 (decisive only),COMPATIBILITY_ONLY_NOT_PRODUCTION,137057.2646,123357.9765,6641.6726,710,710,-0.04845911,-0.23923445,-0.04328177,-0.04845911,-6641.6726,137057.2646,OK,0.0000,265.6669,4.0000,96.0000,AG03-UNRESOLVED,ALL5_LEVELS_bet23_to_bet27,265.6669,265.6669,265.6669,265.6669,265.6669,4.000000,4.000000,4.000000,4.000000,4.000000,96.000000,96.000000,96.000000,96.000000,96.000000,5.0,1328.3345,1226.2341,5313.3381,5415.4385,PENDING_AG03,FALSE,NOT_FOR_ENFORCEMENT,6376.0057,118423.6574,6641.6726,6376.0057,265.6669,0.04845911,0.04652074,265.6669,6376.0057,0.04652074,265.6669,265.6669,265.6669,265.6669,265.6669,6376.0057,0.04652074,1328.3345,1226.2341,5313.3381,5415.4385,0.03876729,0.03951223,0.00193836,193.0384,173.7436,9.3545,510.8979,46.7723,10542.8665,54.6154,134.1201,195.3675,87.943,173.2652,261.8715,351.7721,436.4525,680.8702,131.9145,0.0,2.518986,3.929642,1.114121,23,99,14,2,0.02642138,0.04845911,0.23923445,0E-8,0.000000,0.900047,0.145070,-0.19595268,2026-04-03,2026-07-17,13,142,96,106,0.122642,0.686501,0.694784,0.088071,,,,,,,,GLOBAL_BASELINE_NO_ENTITY_RANKING,,,NOT_APPLICABLE_GLOBAL_BASELINE,HF9g-P5,,,,X 全窗基线 · 不参与实体赏罚,14193075,1420,A168_HF9F_20260827_0900,2026-08-27 09:00:00
2026-04-04,148183013,1384,0,219.8575323190,-219.8575323190,-219.8575323190,0E-7,2,2,0.49324550000000000,0.493245500000,-1.3952362676504506,-1.3952362676504506,-1.3952362676504506,0E-17,ELIGIBLE,R03b_20260811_FULL_v1,L1_ELIGIBILITY,v2026-08-11,2026-03-21..2026-08-06,baccarat_bet02_101_all_pairs_incl_sentinel,round_win = game_pnl > 0 (decisive only),COMPATIBILITY_ONLY_NOT_PRODUCTION,137057.2646,123357.9765,6641.6726,710,710,-0.04845911,-0.23923445,-0.04328177,-0.04845911,-6641.6726,137057.2646,OK,0.0000,265.6669,4.0000,96.0000,AG03-UNRESOLVED,ALL5_LEVELS_bet23_to_bet27,265.6669,265.6669,265.6669,265.6669,265.6669,4.000000,4.000000,4.000000,4.000000,4.000000,96.000000,96.000000,96.000000,96.000000,96.000000,5.0,1328.3345,1226.2341,5313.3381,5415.4385,PENDING_AG03,FALSE,NOT_FOR_ENFORCEMENT,6376.0057,118423.6574,6641.6726,6376.0057,265.6669,0.04845911,0.04652074,265.6669,6376.0057,0.04652074,265.6669,265.6669,265.6669,265.6669,265.6669,6376.0057,0.04652074,1328.3345,1226.2341,5313.3381,5415.4385,0.03876729,0.03951223,0.00193836,193.0384,173.7436,9.3545,510.8979,46.7723,10542.8665,54.6154,134.1201,195.3675,87.943,173.2652,261.8715,351.7721,436.4525,680.8702,131.9145,0.0,2.518986,3.929642,1.114121,23,99,14,2,0.02642138,0.04845911,0.23923445,0E-8,0.000000,0.900047,0.145070,-0.19595268,2026-04-03,2026-07-17,13,142,96,106,0.122642,0.686501,0.694784,0.088071,,,,,,,,GLOBAL_BASELINE_NO_ENTITY_RANKING,,,NOT_APPLICABLE_GLOBAL_BASELINE,HF9g-P5,,,,X 全窗基线 · 不参与实体赏罚,14193076,1420,A168_HF9F_20260827_0900,2026-08-27 09:00:00
2026-04-04,148183013,1400,0,439.7150646380,125.3187934219,125.3187934219,1.0000000,3,3,0.49771390000000000,0.497713900000,1.0045827004620043,1.0045827004620043,1.0045827004620043,0E-17,ELIGIBLE,R03b_20260811_FULL_v1,L1_ELIGIBILITY,v2026-08-11,2026-03-21..2026-08-06,baccarat_bet02_101_all_pairs_incl_sentinel,round_win = game_pnl > 0 (decisive only),COMPATIBILITY_ONLY_NOT_PRODUCTION,137057.2646,123357.9765,6641.6726,710,710,-0.04845911,-0.23923445,-0.04328177,-0.04845911,-6641.6726,137057.2646,OK,0.0000,265.6669,4.0000,96.0000,AG03-UNRESOLVED,ALL5_LEVELS_bet23_to_bet27,265.6669,265.6669,265.6669,265.6669,265.6669,4.000000,4.000000,4.000000,4.000000,4.000000,96.000000,96.000000,96.000000,96.000000,96.000000,5.0,1328.3345,1226.2341,5313.3381,5415.4385,PENDING_AG03,FALSE,NOT_FOR_ENFORCEMENT,6376.0057,118423.6574,6641.6726,6376.0057,265.6669,0.04845911,0.04652074,265.6669,6376.0057,0.04652074,265.6669,265.6669,265.6669,265.6669,265.6669,6376.0057,0.04652074,1328.3345,1226.2341,5313.3381,5415.4385,0.03876729,0.03951223,0.00193836,193.0384,173.7436,9.3545,510.8979,46.7723,10542.8665,54.6154,134.1201,195.3675,87.943,173.2652,261.8715,351.7721,436.4525,680.8702,131.9145,0.0,2.518986,3.929642,1.114121,23,99,14,2,0.02642138,0.04845911,0.23923445,0E-8,0.000000,0.900047,0.145070,-0.19595268,2026-04-03,2026-07-17,13,142,96,106,0.122642,0.686501,0.694784,0.088071,,,,,,,,GLOBAL_BASELINE_NO_ENTITY_RANKING,,,NOT_APPLICABLE_GLOBAL_BASELINE,HF9g-P5,,,,X 全窗基线 · 不参与实体赏罚,14193077,1420,A168_HF9F_20260827_0900,2026-08-27 09:00:00
2026-04-04,148183013,1509,0,765.1042124701,-52.7658077566,-52.7658077566,0.5000000,6,6,0.49324550000000000,0.493245500000,0.027020465636507562,0.027020465636507562,0.027020465636507562,0E-17,ELIGIBLE,R03b_20260811_FULL_v1,L1_ELIGIBILITY,v2026-08-11,2026-03-21..2026-08-06,baccarat_bet02_101_all_pairs_incl_sentinel,round_win = game_pnl > 0 (decisive only),COMPATIBILITY_ONLY_NOT_PRODUCTION,137057.2646,123357.9765,6641.6726,710,710,-0.04845911,-0.23923445,-0.04328177,-0.04845911,-6641.6726,137057.2646,OK,0.0000,265.6669,4.0000,96.0000,AG03-UNRESOLVED,ALL5_LEVELS_bet23_to_bet27,265.6669,265.6669,265.6669,265.6669,265.6669,4.000000,4.000000,4.000000,4.000000,4.000000,96.000000,96.000000,96.000000,96.000000,96.000000,5.0,1328.3345,1226.2341,5313.3381,5415.4385,PENDING_AG03,FALSE,NOT_FOR_ENFORCEMENT,6376.0057,118423.6574,6641.6726,6376.0057,265.6669,0.04845911,0.04652074,265.6669,6376.0057,0.04652074,265.6669,265.6669,265.6669,265.6669,265.6669,6376.0057,0.04652074,1328.3345,1226.2341,5313.3381,5415.4385,0.03876729,0.03951223,0.00193836,193.0384,173.7436,9.3545,510.8979,46.7723,10542.8665,54.6154,134.1201,195.3675,87.943,173.2652,261.8715,351.7721,436.4525,680.8702,131.9145,0.0,2.518986,3.929642,1.114121,23,99,14,2,0.02642138,0.04845911,0.23923445,0E-8,0.000000,0.900047,0.145070,-0.19595268,2026-04-03,2026-07-17,13,142,96,106,0.122642,0.686501,0.694784,0.088071,,,,,,,,GLOBAL_BASELINE_NO_ENTITY_RANKING,,,NOT_APPLICABLE_GLOBAL_BASELINE,HF9g-P5,,,,X 全窗基线 · 不参与实体赏罚,14193078,1420,A168_HF9F_20260827_0900,2026-08-27 09:00:00
2026-04-04,148183013,1623,0,1099.2876615952,1094.8905109488,1094.8905109488,1.0000000,7,7,0.49516052857142857,0.495160528571,2.6714845246690255,2.6714845246713153,2.6714845246690255,4.2857E-13,ELIGIBLE,R03b_20260811_FULL_v1,L1_ELIGIBILITY,v2026-08-11,2026-03-21..2026-08-06,baccarat_bet02_101_all_pairs_incl_sentinel,round_win = game_pnl > 0 (decisive only),COMPATIBILITY_ONLY_NOT_PRODUCTION,137057.2646,123357.9765,6641.6726,710,710,-0.04845911,-0.23923445,-0.04328177,-0.04845911,-6641.6726,137057.2646,OK,0.0000,265.6669,4.0000,96.0000,AG03-UNRESOLVED,ALL5_LEVELS_bet23_to_bet27,265.6669,265.6669,265.6669,265.6669,265.6669,4.000000,4.000000,4.000000,4.000000,4.000000,96.000000,96.000000,96.000000,96.000000,96.000000,5.0,1328.3345,1226.2341,5313.3381,5415.4385,PENDING_AG03,FALSE,NOT_FOR_ENFORCEMENT,6376.0057,118423.6574,6641.6726,6376.0057,265.6669,0.04845911,0.04652074,265.6669,6376.0057,0.04652074,265.6669,265.6669,265.6669,265.6669,265.6669,6376.0057,0.04652074,1328.3345,1226.2341,5313.3381,5415.4385,0.03876729,0.03951223,0.00193836,193.0384,173.7436,9.3545,510.8979,46.7723,10542.8665,54.6154,134.1201,195.3675,87.943,173.2652,261.8715,351.7721,436.4525,680.8702,131.9145,0.0,2.518986,3.929642,1.114121,23,99,14,2,0.02642138,0.04845911,0.23923445,0E-8,0.000000,0.900047,0.145070,-0.19595268,2026-04-03,2026-07-17,13,142,96,106,0.122642,0.686501,0.694784,0.088071,,,,,,,,GLOBAL_BASELINE_NO_ENTITY_RANKING,,,NOT_APPLICABLE_GLOBAL_BASELINE,HF9g-P5,,,,X 全窗基线 · 不参与实体赏罚,14193079,1420,A168_HF9F_20260827_0900,2026-08-27 09:00:00
2026-04-04,148183013,1957,0,351.7720517105,-87.9430129277,-87.9430129277,0.5000000,2,2,0.49994810000000000,0.499948100000,0.00014679536856514622,0.00014679536856514622,0.00014679536856514622,0E-17,ELIGIBLE,R03b_20260811_FULL_v1,L1_ELIGIBILITY,v2026-08-11,2026-03-21..2026-08-06,baccarat_bet02_101_all_pairs_incl_sentinel,round_win = game_pnl > 0 (decisive only),COMPATIBILITY_ONLY_NOT_PRODUCTION,137057.2646,123357.9765,6641.6726,710,710,-0.04845911,-0.23923445,-0.04328177,-0.04845911,-6641.6726,137057.2646,OK,0.0000,265.6669,4.0000,96.0000,AG03-UNRESOLVED,ALL5_LEVELS_bet23_to_bet27,265.6669,265.6669,265.6669,265.6669,265.6669,4.000000,4.000000,4.000000,4.000000,4.000000,96.000000,96.000000,96.000000,96.000000,96.000000,5.0,1328.3345,1226.2341,5313.3381,5415.4385,PENDING_AG03,FALSE,NOT_FOR_ENFORCEMENT,6376.0057,118423.6574,6641.6726,6376.0057,265.6669,0.04845911,0.04652074,265.6669,6376.0057,0.04652074,265.6669,265.6669,265.6669,265.6669,265.6669,6376.0057,0.04652074,1328.3345,1226.2341,5313.3381,5415.4385,0.03876729,0.03951223,0.00193836,193.0384,173.7436,9.3545,510.8979,46.7723,10542.8665,54.6154,134.1201,195.3675,87.943,173.2652,261.8715,351.7721,436.4525,680.8702,131.9145,0.0,2.518986,3.929642,1.114121,23,99,14,2,0.02642138,0.04845911,0.23923445,0E-8,0.000000,0.900047,0.145070,-0.19595268,2026-04-03,2026-07-17,13,142,96,106,0.122642,0.686501,0.694784,0.088071,,,,,,,,GLOBAL_BASELINE_NO_ENTITY_RANKING,,,NOT_APPLICABLE_GLOBAL_BASELINE,HF9g-P5,,,,X 全窗基线 · 不参与实体赏罚,14193080,1420,A168_HF9F_20260827_0900,2026-08-27 09:00:00
2026-04-04,148183013,1985,0,219.8575323190,219.8575323190,219.8575323190,1.0000000,2,2,0.49324550000000000,0.493245500000,1.4334489766152358,1.4334489766152358,1.4334489766152358,0E-17,ELIGIBLE,R03b_20260811_FULL_v1,L1_ELIGIBILITY,v2026-08-11,2026-03-21..2026-08-06,baccarat_bet02_101_all_pairs_incl_sentinel,round_win = game_pnl > 0 (decisive only),COMPATIBILITY_ONLY_NOT_PRODUCTION,137057.2646,123357.9765,6641.6726,710,710,-0.04845911,-0.23923445,-0.04328177,-0.04845911,-6641.6726,137057.2646,OK,0.0000,265.6669,4.0000,96.0000,AG03-UNRESOLVED,ALL5_LEVELS_bet23_to_bet27,265.6669,265.6669,265.6669,265.6669,265.6669,4.000000,4.000000,4.000000,4.000000,4.000000,96.000000,96.000000,96.000000,96.000000,96.000000,5.0,1328.3345,1226.2341,5313.3381,5415.4385,PENDING_AG03,FALSE,NOT_FOR_ENFORCEMENT,6376.0057,118423.6574,6641.6726,6376.0057,265.6669,0.04845911,0.04652074,265.6669,6376.0057,0.04652074,265.6669,265.6669,265.6669,265.6669,265.6669,6376.0057,0.04652074,1328.3345,1226.2341,5313.3381,5415.4385,0.03876729,0.03951223,0.00193836,193.0384,173.7436,9.3545,510.8979,46.7723,10542.8665,54.6154,134.1201,195.3675,87.943,173.2652,261.8715,351.7721,436.4525,680.8702,131.9145,0.0,2.518986,3.929642,1.114121,23,99,14,2,0.02642138,0.04845911,0.23923445,0E-8,0.000000,0.900047,0.145070,-0.19595268,2026-04-03,2026-07-17,13,142,96,106,0.122642,0.686501,0.694784,0.088071,,,,,,,,GLOBAL_BASELINE_NO_ENTITY_RANKING,,,NOT_APPLICABLE_GLOBAL_BASELINE,HF9g-P5,,,,X 全窗基线 · 不参与实体赏罚,14193081,1420,A168_HF9F_20260827_0900,2026-08-27 09:00:00
2026-04-04,148183013,2103,0,395.7435581742,257.2333128133,257.2333128133,1.0000000,3,3,0.49771390000000000,0.497713900000,1.4206944795187548,1.420694479518755,1.4206944795187548,0E-17,ELIGIBLE,R03b_20260811_FULL_v1,L1_ELIGIBILITY,v2026-08-11,2026-03-21..2026-08-06,baccarat_bet02_101_all_pairs_incl_sentinel,round_win = game_pnl > 0 (decisive only),COMPATIBILITY_ONLY_NOT_PRODUCTION,137057.2646,123357.9765,6641.6726,710,710,-0.04845911,-0.23923445,-0.04328177,-0.04845911,-6641.6726,137057.2646,OK,0.0000,265.6669,4.0000,96.0000,AG03-UNRESOLVED,ALL5_LEVELS_bet23_to_bet27,265.6669,265.6669,265.6669,265.6669,265.6669,4.000000,4.000000,4.000000,4.000000,4.000000,96.000000,96.000000,96.000000,96.000000,96.000000,5.0,1328.3345,1226.2341,5313.3381,5415.4385,PENDING_AG03,FALSE,NOT_FOR_ENFORCEMENT,6376.0057,118423.6574,6641.6726,6376.0057,265.6669,0.04845911,0.04652074,265.6669,6376.0057,0.04652074,265.6669,265.6669,265.6669,265.6669,265.6669,6376.0057,0.04652074,1328.3345,1226.2341,5313.3381,5415.4385,0.03876729,0.03951223,0.00193836,193.0384,173.7436,9.3545,510.8979,46.7723,10542.8665,54.6154,134.1201,195.3675,87.943,173.2652,261.8715,351.7721,436.4525,680.8702,131.9145,0.0,2.518986,3.929642,1.114121,23,99,14,2,0.02642138,0.04845911,0.23923445,0E-8,0.000000,0.900047,0.145070,-0.19595268,2026-04-03,2026-07-17,13,142,96,106,0.122642,0.686501,0.694784,0.088071,,,,,,,,GLOBAL_BASELINE_NO_ENTITY_RANKING,,,NOT_APPLICABLE_GLOBAL_BASELINE,HF9g-P5,,,,X 全窗基线 · 不参与实体赏罚,14193082,1420,A168_HF9F_20260827_0900,2026-08-27 09:00:00
2026-04-04,148183013,2196,0,263.8290387828,255.0347374901,255.0347374901,1.0000000,2,2,0.49994810000000000,0.499948100000,1.4143603653603398,1.4143603653603398,1.4143603653603398,0E-17,ELIGIBLE,R03b_20260811_FULL_v1,L1_ELIGIBILITY,v2026-08-11,2026-03-21..2026-08-06,baccarat_bet02_101_all_pairs_incl_sentinel,round_win = game_pnl > 0 (decisive only),COMPATIBILITY_ONLY_NOT_PRODUCTION,137057.2646,123357.9765,6641.6726,710,710,-0.04845911,-0.23923445,-0.04328177,-0.04845911,-6641.6726,137057.2646,OK,0.0000,265.6669,4.0000,96.0000,AG03-UNRESOLVED,ALL5_LEVELS_bet23_to_bet27,265.6669,265.6669,265.6669,265.6669,265.6669,4.000000,4.000000,4.000000,4.000000,4.000000,96.000000,96.000000,96.000000,96.000000,96.000000,5.0,1328.3345,1226.2341,5313.3381,5415.4385,PENDING_AG03,FALSE,NOT_FOR_ENFORCEMENT,6376.0057,118423.6574,6641.6726,6376.0057,265.6669,0.04845911,0.04652074,265.6669,6376.0057,0.04652074,265.6669,265.6669,265.6669,265.6669,265.6669,6376.0057,0.04652074,1328.3345,1226.2341,5313.3381,5415.4385,0.03876729,0.03951223,0.00193836,193.0384,173.7436,9.3545,510.8979,46.7723,10542.8665,54.6154,134.1201,195.3675,87.943,173.2652,261.8715,351.7721,436.4525,680.8702,131.9145,0.0,2.518986,3.929642,1.114121,23,99,14,2,0.02642138,0.04845911,0.23923445,0E-8,0.000000,0.900047,0.145070,-0.19595268,2026-04-03,2026-07-17,13,142,96,106,0.122642,0.686501,0.694784,0.088071,,,,,,,,GLOBAL_BASELINE_NO_ENTITY_RANKING,,,NOT_APPLICABLE_GLOBAL_BASELINE,HF9g-P5,,,,X 全窗基线 · 不参与实体赏罚,14193083,1420,A168_HF9F_20260827_0900,2026-08-27 09:00:00
2026-04-04,148183013,2234,0,175.8860258552,-175.8860258552,-175.8860258552,0E-7,1,1,0.49324550000000000,0.493245500000,-0.9865810262130424,-0.9865810262130424,-0.9865810262130424,0E-17,ELIGIBLE,R03b_20260811_FULL_v1,L1_ELIGIBILITY,v2026-08-11,2026-03-21..2026-08-06,baccarat_bet02_101_all_pairs_incl_sentinel,round_win = game_pnl > 0 (decisive only),COMPATIBILITY_ONLY_NOT_PRODUCTION,137057.2646,123357.9765,6641.6726,710,710,-0.04845911,-0.23923445,-0.04328177,-0.04845911,-6641.6726,137057.2646,OK,0.0000,265.6669,4.0000,96.0000,AG03-UNRESOLVED,ALL5_LEVELS_bet23_to_bet27,265.6669,265.6669,265.6669,265.6669,265.6669,4.000000,4.000000,4.000000,4.000000,4.000000,96.000000,96.000000,96.000000,96.000000,96.000000,5.0,1328.3345,1226.2341,5313.3381,5415.4385,PENDING_AG03,FALSE,NOT_FOR_ENFORCEMENT,6376.0057,118423.6574,6641.6726,6376.0057,265.6669,0.04845911,0.04652074,265.6669,6376.0057,0.04652074,265.6669,265.6669,265.6669,265.6669,265.6669,6376.0057,0.04652074,1328.3345,1226.2341,5313.3381,5415.4385,0.03876729,0.03951223,0.00193836,193.0384,173.7436,9.3545,510.8979,46.7723,10542.8665,54.6154,134.1201,195.3675,87.943,173.2652,261.8715,351.7721,436.4525,680.8702,131.9145,0.0,2.518986,3.929642,1.114121,23,99,14,2,0.02642138,0.04845911,0.23923445,0E-8,0.000000,0.900047,0.145070,-0.19595268,2026-04-03,2026-07-17,13,142,96,106,0.122642,0.686501,0.694784,0.088071,,,,,,,,GLOBAL_BASELINE_NO_ENTITY_RANKING,,,NOT_APPLICABLE_GLOBAL_BASELINE,HF9g-P5,,,,X 全窗基线 · 不参与实体赏罚,14193084,1420,A168_HF9F_20260827_0900,2026-08-27 09:00:00
2026-04-04,148183013,2239,0,483.6865711019,-483.6865711019,-483.6865711019,0E-7,3,3,0.49324550000000000,0.493245500000,-1.708808463184432,-1.7088084631844318,-1.708808463184432,0E-17,ELIGIBLE,R03b_20260811_FULL_v1,L1_ELIGIBILITY,v2026-08-11,2026-03-21..2026-08-06,baccarat_bet02_101_all_pairs_incl_sentinel,round_win = game_pnl > 0 (decisive only),COMPATIBILITY_ONLY_NOT_PRODUCTION,137057.2646,123357.9765,6641.6726,710,710,-0.04845911,-0.23923445,-0.04328177,-0.04845911,-6641.6726,137057.2646,OK,0.0000,265.6669,4.0000,96.0000,AG03-UNRESOLVED,ALL5_LEVELS_bet23_to_bet27,265.6669,265.6669,265.6669,265.6669,265.6669,4.000000,4.000000,4.000000,4.000000,4.000000,96.000000,96.000000,96.000000,96.000000,96.000000,5.0,1328.3345,1226.2341,5313.3381,5415.4385,PENDING_AG03,FALSE,NOT_FOR_ENFORCEMENT,6376.0057,118423.6574,6641.6726,6376.0057,265.6669,0.04845911,0.04652074,265.6669,6376.0057,0.04652074,265.6669,265.6669,265.6669,265.6669,265.6669,6376.0057,0.04652074,1328.3345,1226.2341,5313.3381,5415.4385,0.03876729,0.03951223,0.00193836,193.0384,173.7436,9.3545,510.8979,46.7723,10542.8665,54.6154,134.1201,195.3675,87.943,173.2652,261.8715,351.7721,436.4525,680.8702,131.9145,0.0,2.518986,3.929642,1.114121,23,99,14,2,0.02642138,0.04845911,0.23923445,0E-8,0.000000,0.900047,0.145070,-0.19595268,2026-04-03,2026-07-17,13,142,96,106,0.122642,0.686501,0.694784,0.088071,,,,,,,,GLOBAL_BASELINE_NO_ENTITY_RANKING,,,NOT_APPLICABLE_GLOBAL_BASELINE,HF9g-P5,,,,X 全窗基线 · 不参与实体赏罚,14193085,1420,A168_HF9F_20260827_0900,2026-08-27 09:00:00
2026-04-04,148183013,595,0,219.8575323190,215.4603816726,215.4603816726,1.0000000,2,2,0.49994810000000000,0.499948100000,1.4143603653603398,1.4143603653603398,1.4143603653603398,0E-17,ELIGIBLE,R03b_20260811_FULL_v1,L1_ELIGIBILITY,v2026-08-11,2026-03-21..2026-08-06,baccarat_bet02_101_all_pairs_incl_sentinel,round_win = game_pnl > 0 (decisive only),COMPATIBILITY_ONLY_NOT_PRODUCTION,137057.2646,123357.9765,6641.6726,710,710,-0.04845911,-0.23923445,-0.04328177,-0.04845911,-6641.6726,137057.2646,OK,0.0000,265.6669,4.0000,96.0000,AG03-UNRESOLVED,ALL5_LEVELS_bet23_to_bet27,265.6669,265.6669,265.6669,265.6669,265.6669,4.000000,4.000000,4.000000,4.000000,4.000000,96.000000,96.000000,96.000000,96.000000,96.000000,5.0,1328.3345,1226.2341,5313.3381,5415.4385,PENDING_AG03,FALSE,NOT_FOR_ENFORCEMENT,6376.0057,118423.6574,6641.6726,6376.0057,265.6669,0.04845911,0.04652074,265.6669,6376.0057,0.04652074,265.6669,265.6669,265.6669,265.6669,265.6669,6376.0057,0.04652074,1328.3345,1226.2341,5313.3381,5415.4385,0.03876729,0.03951223,0.00193836,193.0384,173.7436,9.3545,510.8979,46.7723,10542.8665,54.6154,134.1201,195.3675,87.943,173.2652,261.8715,351.7721,436.4525,680.8702,131.9145,0.0,2.518986,3.929642,1.114121,23,99,14,2,0.02642138,0.04845911,0.23923445,0E-8,0.000000,0.900047,0.145070,-0.19595268,2026-04-03,2026-07-17,13,142,96,106,0.122642,0.686501,0.694784,0.088071,,,,,,,,GLOBAL_BASELINE_NO_ENTITY_RANKING,,,NOT_APPLICABLE_GLOBAL_BASELINE,HF9g-P5,,,,X 全窗基线 · 不参与实体赏罚,14193086,1420,A168_HF9F_20260827_0900,2026-08-27 09:00:00
2026-04-04,148183013,752,0,879.4301292760,87.9430129276,87.9430129276,0.5000000,7,7,0.49516052857142857,0.495160528571,0.023709581855318605,0.023709581857418456,0.023709581855318605,4.2857E-13,ELIGIBLE,R03b_20260811_FULL_v1,L1_ELIGIBILITY,v2026-08-11,2026-03-21..2026-08-06,baccarat_bet02_101_all_pairs_incl_sentinel,round_win = game_pnl > 0 (decisive only),COMPATIBILITY_ONLY_NOT_PRODUCTION,137057.2646,123357.9765,6641.6726,710,710,-0.04845911,-0.23923445,-0.04328177,-0.04845911,-6641.6726,137057.2646,OK,0.0000,265.6669,4.0000,96.0000,AG03-UNRESOLVED,ALL5_LEVELS_bet23_to_bet27,265.6669,265.6669,265.6669,265.6669,265.6669,4.000000,4.000000,4.000000,4.000000,4.000000,96.000000,96.000000,96.000000,96.000000,96.000000,5.0,1328.3345,1226.2341,5313.3381,5415.4385,PENDING_AG03,FALSE,NOT_FOR_ENFORCEMENT,6376.0057,118423.6574,6641.6726,6376.0057,265.6669,0.04845911,0.04652074,265.6669,6376.0057,0.04652074,265.6669,265.6669,265.6669,265.6669,265.6669,6376.0057,0.04652074,1328.3345,1226.2341,5313.3381,5415.4385,0.03876729,0.03951223,0.00193836,193.0384,173.7436,9.3545,510.8979,46.7723,10542.8665,54.6154,134.1201,195.3675,87.943,173.2652,261.8715,351.7721,436.4525,680.8702,131.9145,0.0,2.518986,3.929642,1.114121,23,99,14,2,0.02642138,0.04845911,0.23923445,0E-8,0.000000,0.900047,0.145070,-0.19595268,2026-04-03,2026-07-17,13,142,96,106,0.122642,0.686501,0.694784,0.088071,,,,,,,,GLOBAL_BASELINE_NO_ENTITY_RANKING,,,NOT_APPLICABLE_GLOBAL_BASELINE,HF9g-P5,,,,X 全窗基线 · 不参与实体赏罚,14193087,1420,A168_HF9F_20260827_0900,2026-08-27 09:00:00
2026-04-04,148183013,789,0,1099.2876615950,299.0062439538,299.0062439538,0.7142857,8,8,0.49827245000000000,0.498272450000,1.14304157705577,1.14304157705577,1.14304157705577,0E-17,ELIGIBLE,R03b_20260811_FULL_v1,L1_ELIGIBILITY,v2026-08-11,2026-03-21..2026-08-06,baccarat_bet02_101_all_pairs_incl_sentinel,round_win = game_pnl > 0 (decisive only),COMPATIBILITY_ONLY_NOT_PRODUCTION,137057.2646,123357.9765,6641.6726,710,710,-0.04845911,-0.23923445,-0.04328177,-0.04845911,-6641.6726,137057.2646,OK,0.0000,265.6669,4.0000,96.0000,AG03-UNRESOLVED,ALL5_LEVELS_bet23_to_bet27,265.6669,265.6669,265.6669,265.6669,265.6669,4.000000,4.000000,4.000000,4.000000,4.000000,96.000000,96.000000,96.000000,96.000000,96.000000,5.0,1328.3345,1226.2341,5313.3381,5415.4385,PENDING_AG03,FALSE,NOT_FOR_ENFORCEMENT,6376.0057,118423.6574,6641.6726,6376.0057,265.6669,0.04845911,0.04652074,265.6669,6376.0057,0.04652074,265.6669,265.6669,265.6669,265.6669,265.6669,6376.0057,0.04652074,1328.3345,1226.2341,5313.3381,5415.4385,0.03876729,0.03951223,0.00193836,193.0384,173.7436,9.3545,510.8979,46.7723,10542.8665,54.6154,134.1201,195.3675,87.943,173.2652,261.8715,351.7721,436.4525,680.8702,131.9145,0.0,2.518986,3.929642,1.114121,23,99,14,2,0.02642138,0.04845911,0.23923445,0E-8,0.000000,0.900047,0.145070,-0.19595268,2026-04-03,2026-07-17,13,142,96,106,0.122642,0.686501,0.694784,0.088071,,,,,,,,GLOBAL_BASELINE_NO_ENTITY_RANKING,,,NOT_APPLICABLE_GLOBAL_BASELINE,HF9g-P5,,,,X 全窗基线 · 不参与实体赏罚,14193088,1420,A168_HF9F_20260827_0900,2026-08-27 09:00:00
2026-04-04,148183013,970,0,395.7435581742,-224.2546829654,-224.2546829654,0.3333333,3,3,0.50665070000000000,0.506650700000,-0.6004420894325239,-0.6004420894325239,-0.6004420894325239,0E-17,ELIGIBLE,R03b_20260811_FULL_v1,L1_ELIGIBILITY,v2026-08-11,2026-03-21..2026-08-06,baccarat_bet02_101_all_pairs_incl_sentinel,round_win = game_pnl > 0 (decisive only),COMPATIBILITY_ONLY_NOT_PRODUCTION,137057.2646,123357.9765,6641.6726,710,710,-0.04845911,-0.23923445,-0.04328177,-0.04845911,-6641.6726,137057.2646,OK,0.0000,265.6669,4.0000,96.0000,AG03-UNRESOLVED,ALL5_LEVELS_bet23_to_bet27,265.6669,265.6669,265.6669,265.6669,265.6669,4.000000,4.000000,4.000000,4.000000,4.000000,96.000000,96.000000,96.000000,96.000000,96.000000,5.0,1328.3345,1226.2341,5313.3381,5415.4385,PENDING_AG03,FALSE,NOT_FOR_ENFORCEMENT,6376.0057,118423.6574,6641.6726,6376.0057,265.6669,0.04845911,0.04652074,265.6669,6376.0057,0.04652074,265.6669,265.6669,265.6669,265.6669,265.6669,6376.0057,0.04652074,1328.3345,1226.2341,5313.3381,5415.4385,0.03876729,0.03951223,0.00193836,193.0384,173.7436,9.3545,510.8979,46.7723,10542.8665,54.6154,134.1201,195.3675,87.943,173.2652,261.8715,351.7721,436.4525,680.8702,131.9145,0.0,2.518986,3.929642,1.114121,23,99,14,2,0.02642138,0.04845911,0.23923445,0E-8,0.000000,0.900047,0.145070,-0.19595268,2026-04-03,2026-07-17,13,142,96,106,0.122642,0.686501,0.694784,0.088071,,,,,,,,GLOBAL_BASELINE_NO_ENTITY_RANKING,,,NOT_APPLICABLE_GLOBAL_BASELINE,HF9g-P5,,,,X 全窗基线 · 不参与实体赏罚,14193089,1420,A168_HF9F_20260827_0900,2026-08-27 09:00:00
2026-04-04,148183013,986,0,316.5948465395,237.4461349046,237.4461349046,1.0000000,3,3,0.49324550000000000,0.493245500000,1.4334489766152358,1.4334489766152358,1.4334489766152358,0E-17,ELIGIBLE,R03b_20260811_FULL_v1,L1_ELIGIBILITY,v2026-08-11,2026-03-21..2026-08-06,baccarat_bet02_101_all_pairs_incl_sentinel,round_win = game_pnl > 0 (decisive only),COMPATIBILITY_ONLY_NOT_PRODUCTION,137057.2646,123357.9765,6641.6726,710,710,-0.04845911,-0.23923445,-0.04328177,-0.04845911,-6641.6726,137057.2646,OK,0.0000,265.6669,4.0000,96.0000,AG03-UNRESOLVED,ALL5_LEVELS_bet23_to_bet27,265.6669,265.6669,265.6669,265.6669,265.6669,4.000000,4.000000,4.000000,4.000000,4.000000,96.000000,96.000000,96.000000,96.000000,96.000000,5.0,1328.3345,1226.2341,5313.3381,5415.4385,PENDING_AG03,FALSE,NOT_FOR_ENFORCEMENT,6376.0057,118423.6574,6641.6726,6376.0057,265.6669,0.04845911,0.04652074,265.6669,6376.0057,0.04652074,265.6669,265.6669,265.6669,265.6669,265.6669,6376.0057,0.04652074,1328.3345,1226.2341,5313.3381,5415.4385,0.03876729,0.03951223,0.00193836,193.0384,173.7436,9.3545,510.8979,46.7723,10542.8665,54.6154,134.1201,195.3675,87.943,173.2652,261.8715,351.7721,436.4525,680.8702,131.9145,0.0,2.518986,3.929642,1.114121,23,99,14,2,0.02642138,0.04845911,0.23923445,0E-8,0.000000,0.900047,0.145070,-0.19595268,2026-04-03,2026-07-17,13,142,96,106,0.122642,0.686501,0.694784,0.088071,,,,,,,,GLOBAL_BASELINE_NO_ENTITY_RANKING,,,NOT_APPLICABLE_GLOBAL_BASELINE,HF9g-P5,,,,X 全窗基线 · 不参与实体赏罚,14193090,1420,A168_HF9F_20260827_0900,2026-08-27 09:00:00
2026-04-05,148183013,-1,1,1011.3446486676,-659.5725969572,-659.5725969572,0.2500000,4,4,0.49994810000000000,0.499948100000,-0.9997924053861017,-0.9997924053861017,-0.9997924053861017,0E-17,SENTINEL_DEALER,R03b_20260811_FULL_v1,L1_ELIGIBILITY,v2026-08-11,2026-03-21..2026-08-06,baccarat_bet02_101_all_pairs_incl_sentinel,round_win = game_pnl > 0 (decisive only),COMPATIBILITY_ONLY_NOT_PRODUCTION,137057.2646,123357.9765,6641.6726,710,710,-0.04845911,-0.23923445,-0.04328177,-0.04845911,-6641.6726,137057.2646,OK,0.0000,265.6669,4.0000,96.0000,AG03-UNRESOLVED,ALL5_LEVELS_bet23_to_bet27,265.6669,265.6669,265.6669,265.6669,265.6669,4.000000,4.000000,4.000000,4.000000,4.000000,96.000000,96.000000,96.000000,96.000000,96.000000,5.0,1328.3345,1226.2341,5313.3381,5415.4385,PENDING_AG03,FALSE,NOT_FOR_ENFORCEMENT,6376.0057,118423.6574,6641.6726,6376.0057,265.6669,0.04845911,0.04652074,265.6669,6376.0057,0.04652074,265.6669,265.6669,265.6669,265.6669,265.6669,6376.0057,0.04652074,1328.3345,1226.2341,5313.3381,5415.4385,0.03876729,0.03951223,0.00193836,193.0384,173.7436,9.3545,510.8979,46.7723,10542.8665,54.6154,134.1201,195.3675,87.943,173.2652,261.8715,351.7721,436.4525,680.8702,131.9145,0.0,2.518986,3.929642,1.114121,23,99,14,2,0.02642138,0.04845911,0.23923445,0E-8,0.000000,0.900047,0.145070,-0.19595268,2026-04-03,2026-07-17,13,142,96,106,0.122642,0.686501,0.694784,0.088071,,,,,,,,GLOBAL_BASELINE_NO_ENTITY_RANKING,,,NOT_APPLICABLE_GLOBAL_BASELINE,HF9g-P5,,,,X 全窗基线 · 不参与实体赏罚,14193091,1420,A168_HF9F_20260827_0900,2026-08-27 09:00:00
2026-04-05,148183013,1017,0,439.7150646381,-439.7150646381,-439.7150646381,0E-7,1,1,0.50665070000000000,0.506650700000,-1.013391052207602,-1.013391052207602,-1.013391052207602,0E-17,ELIGIBLE,R03b_20260811_FULL_v1,L1_ELIGIBILITY,v2026-08-11,2026-03-21..2026-08-06,baccarat_bet02_101_all_pairs_incl_sentinel,round_win = game_pnl > 0 (decisive only),COMPATIBILITY_ONLY_NOT_PRODUCTION,137057.2646,123357.9765,6641.6726,710,710,-0.04845911,-0.23923445,-0.04328177,-0.04845911,-6641.6726,137057.2646,OK,0.0000,265.6669,4.0000,96.0000,AG03-UNRESOLVED,ALL5_LEVELS_bet23_to_bet27,265.6669,265.6669,265.6669,265.6669,265.6669,4.000000,4.000000,4.000000,4.000000,4.000000,96.000000,96.000000,96.000000,96.000000,96.000000,5.0,1328.3345,1226.2341,5313.3381,5415.4385,PENDING_AG03,FALSE,NOT_FOR_ENFORCEMENT,6376.0057,118423.6574,6641.6726,6376.0057,265.6669,0.04845911,0.04652074,265.6669,6376.0057,0.04652074,265.6669,265.6669,265.6669,265.6669,265.6669,6376.0057,0.04652074,1328.3345,1226.2341,5313.3381,5415.4385,0.03876729,0.03951223,0.00193836,193.0384,173.7436,9.3545,510.8979,46.7723,10542.8665,54.6154,134.1201,195.3675,87.943,173.2652,261.8715,351.7721,436.4525,680.8702,131.9145,0.0,2.518986,3.929642,1.114121,23,99,14,2,0.02642138,0.04845911,0.23923445,0E-8,0.000000,0.900047,0.145070,-0.19595268,2026-04-03,2026-07-17,13,142,96,106,0.122642,0.686501,0.694784,0.088071,,,,,,,,GLOBAL_BASELINE_NO_ENTITY_RANKING,,,NOT_APPLICABLE_GLOBAL_BASELINE,HF9g-P5,,,,X 全窗基线 · 不参与实体赏罚,14193092,1420,A168_HF9F_20260827_0900,2026-08-27 09:00:00
2026-04-05,148183013,1078,0,263.8290387829,-263.8290387829,-263.8290387829,0E-7,1,1,0.50665070000000000,0.506650700000,-1.013391052207602,-1.013391052207602,-1.013391052207602,0E-17,ELIGIBLE,R03b_20260811_FULL_v1,L1_ELIGIBILITY,v2026-08-11,2026-03-21..2026-08-06,baccarat_bet02_101_all_pairs_incl_sentinel,round_win = game_pnl > 0 (decisive only),COMPATIBILITY_ONLY_NOT_PRODUCTION,137057.2646,123357.9765,6641.6726,710,710,-0.04845911,-0.23923445,-0.04328177,-0.04845911,-6641.6726,137057.2646,OK,0.0000,265.6669,4.0000,96.0000,AG03-UNRESOLVED,ALL5_LEVELS_bet23_to_bet27,265.6669,265.6669,265.6669,265.6669,265.6669,4.000000,4.000000,4.000000,4.000000,4.000000,96.000000,96.000000,96.000000,96.000000,96.000000,5.0,1328.3345,1226.2341,5313.3381,5415.4385,PENDING_AG03,FALSE,NOT_FOR_ENFORCEMENT,6376.0057,118423.6574,6641.6726,6376.0057,265.6669,0.04845911,0.04652074,265.6669,6376.0057,0.04652074,265.6669,265.6669,265.6669,265.6669,265.6669,6376.0057,0.04652074,1328.3345,1226.2341,5313.3381,5415.4385,0.03876729,0.03951223,0.00193836,193.0384,173.7436,9.3545,510.8979,46.7723,10542.8665,54.6154,134.1201,195.3675,87.943,173.2652,261.8715,351.7721,436.4525,680.8702,131.9145,0.0,2.518986,3.929642,1.114121,23,99,14,2,0.02642138,0.04845911,0.23923445,0E-8,0.000000,0.900047,0.145070,-0.19595268,2026-04-03,2026-07-17,13,142,96,106,0.122642,0.686501,0.694784,0.088071,,,,,,,,GLOBAL_BASELINE_NO_ENTITY_RANKING,,,NOT_APPLICABLE_GLOBAL_BASELINE,HF9g-P5,,,,X 全窗基线 · 不参与实体赏罚,14193093,1420,A168_HF9F_20260827_0900,2026-08-27 09:00:00
2026-04-05,148183013,1306,0,2462.4043619736,927.7987863864,927.7987863864,0.7500000,8,8,0.49827245000000000,0.498272450000,1.4239945605785045,1.4239945605785045,1.4239945605785045,0E-17,ELIGIBLE,R03b_20260811_FULL_v1,L1_ELIGIBILITY,v2026-08-11,2026-03-21..2026-08-06,baccarat_bet02_101_all_pairs_incl_sentinel,round_win = game_pnl > 0 (decisive only),COMPATIBILITY_ONLY_NOT_PRODUCTION,137057.2646,123357.9765,6641.6726,710,710,-0.04845911,-0.23923445,-0.04328177,-0.04845911,-6641.6726,137057.2646,OK,0.0000,265.6669,4.0000,96.0000,AG03-UNRESOLVED,ALL5_LEVELS_bet23_to_bet27,265.6669,265.6669,265.6669,265.6669,265.6669,4.000000,4.000000,4.000000,4.000000,4.000000,96.000000,96.000000,96.000000,96.000000,96.000000,5.0,1328.3345,1226.2341,5313.3381,5415.4385,PENDING_AG03,FALSE,NOT_FOR_ENFORCEMENT,6376.0057,118423.6574,6641.6726,6376.0057,265.6669,0.04845911,0.04652074,265.6669,6376.0057,0.04652074,265.6669,265.6669,265.6669,265.6669,265.6669,6376.0057,0.04652074,1328.3345,1226.2341,5313.3381,5415.4385,0.03876729,0.03951223,0.00193836,193.0384,173.7436,9.3545,510.8979,46.7723,10542.8665,54.6154,134.1201,195.3675,87.943,173.2652,261.8715,351.7721,436.4525,680.8702,131.9145,0.0,2.518986,3.929642,1.114121,23,99,14,2,0.02642138,0.04845911,0.23923445,0E-8,0.000000,0.900047,0.145070,-0.19595268,2026-04-03,2026-07-17,13,142,96,106,0.122642,0.686501,0.694784,0.088071,,,,,,,,GLOBAL_BASELINE_NO_ENTITY_RANKING,,,NOT_APPLICABLE_GLOBAL_BASELINE,HF9g-P5,,,,X 全窗基线 · 不参与实体赏罚,14193094,1420,A168_HF9F_20260827_0900,2026-08-27 09:00:00
2026-04-05,148183013,1330,0,738.7213085919,-562.8352827367,-562.8352827367,0E-7,4,4,0.49659680000000000,0.496596800000,-1.7203016256901094,-1.7203016256901091,-1.7203016256901094,0E-17,ELIGIBLE,R03b_20260811_FULL_v1,L1_ELIGIBILITY,v2026-08-11,2026-03-21..2026-08-06,baccarat_bet02_101_all_pairs_incl_sentinel,round_win = game_pnl > 0 (decisive only),COMPATIBILITY_ONLY_NOT_PRODUCTION,137057.2646,123357.9765,6641.6726,710,710,-0.04845911,-0.23923445,-0.04328177,-0.04845911,-6641.6726,137057.2646,OK,0.0000,265.6669,4.0000,96.0000,AG03-UNRESOLVED,ALL5_LEVELS_bet23_to_bet27,265.6669,265.6669,265.6669,265.6669,265.6669,4.000000,4.000000,4.000000,4.000000,4.000000,96.000000,96.000000,96.000000,96.000000,96.000000,5.0,1328.3345,1226.2341,5313.3381,5415.4385,PENDING_AG03,FALSE,NOT_FOR_ENFORCEMENT,6376.0057,118423.6574,6641.6726,6376.0057,265.6669,0.04845911,0.04652074,265.6669,6376.0057,0.04652074,265.6669,265.6669,265.6669,265.6669,265.6669,6376.0057,0.04652074,1328.3345,1226.2341,5313.3381,5415.4385,0.03876729,0.03951223,0.00193836,193.0384,173.7436,9.3545,510.8979,46.7723,10542.8665,54.6154,134.1201,195.3675,87.943,173.2652,261.8715,351.7721,436.4525,680.8702,131.9145,0.0,2.518986,3.929642,1.114121,23,99,14,2,0.02642138,0.04845911,0.23923445,0E-8,0.000000,0.900047,0.145070,-0.19595268,2026-04-03,2026-07-17,13,142,96,106,0.122642,0.686501,0.694784,0.088071,,,,,,,,GLOBAL_BASELINE_NO_ENTITY_RANKING,,,NOT_APPLICABLE_GLOBAL_BASELINE,HF9g-P5,,,,X 全窗基线 · 不参与实体赏罚,14193095,1420,A168_HF9F_20260827_0900,2026-08-27 09:00:00
2026-04-05,148183013,1401,0,932.1959370329,-299.0062439539,-299.0062439539,0.4000000,5,5,0.49592654000000000,0.495926540000,-0.42901076602576227,-0.42901076602576227,-0.42901076602576227,0E-17,ELIGIBLE,R03b_20260811_FULL_v1,L1_ELIGIBILITY,v2026-08-11,2026-03-21..2026-08-06,baccarat_bet02_101_all_pairs_incl_sentinel,round_win = game_pnl > 0 (decisive only),COMPATIBILITY_ONLY_NOT_PRODUCTION,137057.2646,123357.9765,6641.6726,710,710,-0.04845911,-0.23923445,-0.04328177,-0.04845911,-6641.6726,137057.2646,OK,0.0000,265.6669,4.0000,96.0000,AG03-UNRESOLVED,ALL5_LEVELS_bet23_to_bet27,265.6669,265.6669,265.6669,265.6669,265.6669,4.000000,4.000000,4.000000,4.000000,4.000000,96.000000,96.000000,96.000000,96.000000,96.000000,5.0,1328.3345,1226.2341,5313.3381,5415.4385,PENDING_AG03,FALSE,NOT_FOR_ENFORCEMENT,6376.0057,118423.6574,6641.6726,6376.0057,265.6669,0.04845911,0.04652074,265.6669,6376.0057,0.04652074,265.6669,265.6669,265.6669,265.6669,265.6669,6376.0057,0.04652074,1328.3345,1226.2341,5313.3381,5415.4385,0.03876729,0.03951223,0.00193836,193.0384,173.7436,9.3545,510.8979,46.7723,10542.8665,54.6154,134.1201,195.3675,87.943,173.2652,261.8715,351.7721,436.4525,680.8702,131.9145,0.0,2.518986,3.929642,1.114121,23,99,14,2,0.02642138,0.04845911,0.23923445,0E-8,0.000000,0.900047,0.145070,-0.19595268,2026-04-03,2026-07-17,13,142,96,106,0.122642,0.686501,0.694784,0.088071,,,,,,,,GLOBAL_BASELINE_NO_ENTITY_RANKING,,,NOT_APPLICABLE_GLOBAL_BASELINE,HF9g-P5,,,,X 全窗基线 · 不参与实体赏罚,14193096,1420,A168_HF9F_20260827_0900,2026-08-27 09:00:00
2026-04-05,148183013,1485,0,3973.2653240698,-547.0055404098,-547.0055404098,0.3750000,19,19,0.49888979473684211,0.498889794737,-0.9911208011209862,-0.9911208011222487,-0.9911208011209862,-1.5789E-13,ELIGIBLE,R03b_20260811_FULL_v1,L1_ELIGIBILITY,v2026-08-11,2026-03-21..2026-08-06,baccarat_bet02_101_all_pairs_incl_sentinel,round_win = game_pnl > 0 (decisive only),COMPATIBILITY_ONLY_NOT_PRODUCTION,137057.2646,123357.9765,6641.6726,710,710,-0.04845911,-0.23923445,-0.04328177,-0.04845911,-6641.6726,137057.2646,OK,0.0000,265.6669,4.0000,96.0000,AG03-UNRESOLVED,ALL5_LEVELS_bet23_to_bet27,265.6669,265.6669,265.6669,265.6669,265.6669,4.000000,4.000000,4.000000,4.000000,4.000000,96.000000,96.000000,96.000000,96.000000,96.000000,5.0,1328.3345,1226.2341,5313.3381,5415.4385,PENDING_AG03,FALSE,NOT_FOR_ENFORCEMENT,6376.0057,118423.6574,6641.6726,6376.0057,265.6669,0.04845911,0.04652074,265.6669,6376.0057,0.04652074,265.6669,265.6669,265.6669,265.6669,265.6669,6376.0057,0.04652074,1328.3345,1226.2341,5313.3381,5415.4385,0.03876729,0.03951223,0.00193836,193.0384,173.7436,9.3545,510.8979,46.7723,10542.8665,54.6154,134.1201,195.3675,87.943,173.2652,261.8715,351.7721,436.4525,680.8702,131.9145,0.0,2.518986,3.929642,1.114121,23,99,14,2,0.02642138,0.04845911,0.23923445,0E-8,0.000000,0.900047,0.145070,-0.19595268,2026-04-03,2026-07-17,13,142,96,106,0.122642,0.686501,0.694784,0.088071,,,,,,,,GLOBAL_BASELINE_NO_ENTITY_RANKING,,,NOT_APPLICABLE_GLOBAL_BASELINE,HF9g-P5,,,,X 全窗基线 · 不参与实体赏罚,14193097,1420,A168_HF9F_20260827_0900,2026-08-27 09:00:00
2026-04-05,148183013,1702,0,814.3522997097,-275.8772315539,-275.8772315539,0.3333333,3,3,0.50218230000000000,0.502182300000,-0.5849155494134425,-0.5849155494134426,-0.5849155494134425,0E-17,ELIGIBLE,R03b_20260811_FULL_v1,L1_ELIGIBILITY,v2026-08-11,2026-03-21..2026-08-06,baccarat_bet02_101_all_pairs_incl_sentinel,round_win = game_pnl > 0 (decisive only),COMPATIBILITY_ONLY_NOT_PRODUCTION,137057.2646,123357.9765,6641.6726,710,710,-0.04845911,-0.23923445,-0.04328177,-0.04845911,-6641.6726,137057.2646,OK,0.0000,265.6669,4.0000,96.0000,AG03-UNRESOLVED,ALL5_LEVELS_bet23_to_bet27,265.6669,265.6669,265.6669,265.6669,265.6669,4.000000,4.000000,4.000000,4.000000,4.000000,96.000000,96.000000,96.000000,96.000000,96.000000,5.0,1328.3345,1226.2341,5313.3381,5415.4385,PENDING_AG03,FALSE,NOT_FOR_ENFORCEMENT,6376.0057,118423.6574,6641.6726,6376.0057,265.6669,0.04845911,0.04652074,265.6669,6376.0057,0.04652074,265.6669,265.6669,265.6669,265.6669,265.6669,6376.0057,0.04652074,1328.3345,1226.2341,5313.3381,5415.4385,0.03876729,0.03951223,0.00193836,193.0384,173.7436,9.3545,510.8979,46.7723,10542.8665,54.6154,134.1201,195.3675,87.943,173.2652,261.8715,351.7721,436.4525,680.8702,131.9145,0.0,2.518986,3.929642,1.114121,23,99,14,2,0.02642138,0.04845911,0.23923445,0E-8,0.000000,0.900047,0.145070,-0.19595268,2026-04-03,2026-07-17,13,142,96,106,0.122642,0.686501,0.694784,0.088071,,,,,,,,GLOBAL_BASELINE_NO_ENTITY_RANKING,,,NOT_APPLICABLE_GLOBAL_BASELINE,HF9g-P5,,,,X 全窗基线 · 不参与实体赏罚,14193098,1420,A168_HF9F_20260827_0900,2026-08-27 09:00:00
2026-04-05,148183013,1940,0,979.6851640137,-715.8561252309,-715.8561252309,0.5000000,2,2,0.49324550000000000,0.493245500000,0.01910635448239258,0.01910635448239258,0.01910635448239258,0E-17,ELIGIBLE,R03b_20260811_FULL_v1,L1_ELIGIBILITY,v2026-08-11,2026-03-21..2026-08-06,baccarat_bet02_101_all_pairs_incl_sentinel,round_win = game_pnl > 0 (decisive only),COMPATIBILITY_ONLY_NOT_PRODUCTION,137057.2646,123357.9765,6641.6726,710,710,-0.04845911,-0.23923445,-0.04328177,-0.04845911,-6641.6726,137057.2646,OK,0.0000,265.6669,4.0000,96.0000,AG03-UNRESOLVED,ALL5_LEVELS_bet23_to_bet27,265.6669,265.6669,265.6669,265.6669,265.6669,4.000000,4.000000,4.000000,4.000000,4.000000,96.000000,96.000000,96.000000,96.000000,96.000000,5.0,1328.3345,1226.2341,5313.3381,5415.4385,PENDING_AG03,FALSE,NOT_FOR_ENFORCEMENT,6376.0057,118423.6574,6641.6726,6376.0057,265.6669,0.04845911,0.04652074,265.6669,6376.0057,0.04652074,265.6669,265.6669,265.6669,265.6669,265.6669,6376.0057,0.04652074,1328.3345,1226.2341,5313.3381,5415.4385,0.03876729,0.03951223,0.00193836,193.0384,173.7436,9.3545,510.8979,46.7723,10542.8665,54.6154,134.1201,195.3675,87.943,173.2652,261.8715,351.7721,436.4525,680.8702,131.9145,0.0,2.518986,3.929642,1.114121,23,99,14,2,0.02642138,0.04845911,0.23923445,0E-8,0.000000,0.900047,0.145070,-0.19595268,2026-04-03,2026-07-17,13,142,96,106,0.122642,0.686501,0.694784,0.088071,,,,,,,,GLOBAL_BASELINE_NO_ENTITY_RANKING,,,NOT_APPLICABLE_GLOBAL_BASELINE,HF9g-P5,,,,X 全窗基线 · 不参与实体赏罚,14193099,1420,A168_HF9F_20260827_0900,2026-08-27 09:00:00
2026-04-05,148183013,1942,0,2634.7726673115,-126.0663090318,-126.0663090318,0.4000000,7,7,0.50282064285714286,0.502820642857,-0.45983521081771717,-0.4598352108170775,-0.45983521081771717,1.4286E-13,ELIGIBLE,R03b_20260811_FULL_v1,L1_ELIGIBILITY,v2026-08-11,2026-03-21..2026-08-06,baccarat_bet02_101_all_pairs_incl_sentinel,round_win = game_pnl > 0 (decisive only),COMPATIBILITY_ONLY_NOT_PRODUCTION,137057.2646,123357.9765,6641.6726,710,710,-0.04845911,-0.23923445,-0.04328177,-0.04845911,-6641.6726,137057.2646,OK,0.0000,265.6669,4.0000,96.0000,AG03-UNRESOLVED,ALL5_LEVELS_bet23_to_bet27,265.6669,265.6669,265.6669,265.6669,265.6669,4.000000,4.000000,4.000000,4.000000,4.000000,96.000000,96.000000,96.000000,96.000000,96.000000,5.0,1328.3345,1226.2341,5313.3381,5415.4385,PENDING_AG03,FALSE,NOT_FOR_ENFORCEMENT,6376.0057,118423.6574,6641.6726,6376.0057,265.6669,0.04845911,0.04652074,265.6669,6376.0057,0.04652074,265.6669,265.6669,265.6669,265.6669,265.6669,6376.0057,0.04652074,1328.3345,1226.2341,5313.3381,5415.4385,0.03876729,0.03951223,0.00193836,193.0384,173.7436,9.3545,510.8979,46.7723,10542.8665,54.6154,134.1201,195.3675,87.943,173.2652,261.8715,351.7721,436.4525,680.8702,131.9145,0.0,2.518986,3.929642,1.114121,23,99,14,2,0.02642138,0.04845911,0.23923445,0E-8,0.000000,0.900047,0.145070,-0.19595268,2026-04-03,2026-07-17,13,142,96,106,0.122642,0.686501,0.694784,0.088071,,,,,,,,GLOBAL_BASELINE_NO_ENTITY_RANKING,,,NOT_APPLICABLE_GLOBAL_BASELINE,HF9g-P5,,,,X 全窗基线 · 不参与实体赏罚,14193100,1420,A168_HF9F_20260827_0900,2026-08-27 09:00:00
2026-04-05,148183013,1966,0,364.0840735204,-364.0840735204,-364.0840735204,0E-7,1,1,0.50665070000000000,0.506650700000,-1.013391052207602,-1.013391052207602,-1.013391052207602,0E-17,ELIGIBLE,R03b_20260811_FULL_v1,L1_ELIGIBILITY,v2026-08-11,2026-03-21..2026-08-06,baccarat_bet02_101_all_pairs_incl_sentinel,round_win = game_pnl > 0 (decisive only),COMPATIBILITY_ONLY_NOT_PRODUCTION,137057.2646,123357.9765,6641.6726,710,710,-0.04845911,-0.23923445,-0.04328177,-0.04845911,-6641.6726,137057.2646,OK,0.0000,265.6669,4.0000,96.0000,AG03-UNRESOLVED,ALL5_LEVELS_bet23_to_bet27,265.6669,265.6669,265.6669,265.6669,265.6669,4.000000,4.000000,4.000000,4.000000,4.000000,96.000000,96.000000,96.000000,96.000000,96.000000,5.0,1328.3345,1226.2341,5313.3381,5415.4385,PENDING_AG03,FALSE,NOT_FOR_ENFORCEMENT,6376.0057,118423.6574,6641.6726,6376.0057,265.6669,0.04845911,0.04652074,265.6669,6376.0057,0.04652074,265.6669,265.6669,265.6669,265.6669,265.6669,6376.0057,0.04652074,1328.3345,1226.2341,5313.3381,5415.4385,0.03876729,0.03951223,0.00193836,193.0384,173.7436,9.3545,510.8979,46.7723,10542.8665,54.6154,134.1201,195.3675,87.943,173.2652,261.8715,351.7721,436.4525,680.8702,131.9145,0.0,2.518986,3.929642,1.114121,23,99,14,2,0.02642138,0.04845911,0.23923445,0E-8,0.000000,0.900047,0.145070,-0.19595268,2026-04-03,2026-07-17,13,142,96,106,0.122642,0.686501,0.694784,0.088071,,,,,,,,GLOBAL_BASELINE_NO_ENTITY_RANKING,,,NOT_APPLICABLE_GLOBAL_BASELINE,HF9g-P5,,,,X 全窗基线 · 不参与实体赏罚,14193101,1420,A168_HF9F_20260827_0900,2026-08-27 09:00:00
2026-04-05,148183013,2093,0,1407.0882068419,-622.1968164628,-622.1968164628,0.2857143,7,7,0.49707555714285714,0.497075557143,-1.1184378527242427,-1.1184378527249965,-1.1184378527242427,-1.4286E-13,ELIGIBLE,R03b_20260811_FULL_v1,L1_ELIGIBILITY,v2026-08-11,2026-03-21..2026-08-06,baccarat_bet02_101_all_pairs_incl_sentinel,round_win = game_pnl > 0 (decisive only),COMPATIBILITY_ONLY_NOT_PRODUCTION,137057.2646,123357.9765,6641.6726,710,710,-0.04845911,-0.23923445,-0.04328177,-0.04845911,-6641.6726,137057.2646,OK,0.0000,265.6669,4.0000,96.0000,AG03-UNRESOLVED,ALL5_LEVELS_bet23_to_bet27,265.6669,265.6669,265.6669,265.6669,265.6669,4.000000,4.000000,4.000000,4.000000,4.000000,96.000000,96.000000,96.000000,96.000000,96.000000,5.0,1328.3345,1226.2341,5313.3381,5415.4385,PENDING_AG03,FALSE,NOT_FOR_ENFORCEMENT,6376.0057,118423.6574,6641.6726,6376.0057,265.6669,0.04845911,0.04652074,265.6669,6376.0057,0.04652074,265.6669,265.6669,265.6669,265.6669,265.6669,6376.0057,0.04652074,1328.3345,1226.2341,5313.3381,5415.4385,0.03876729,0.03951223,0.00193836,193.0384,173.7436,9.3545,510.8979,46.7723,10542.8665,54.6154,134.1201,195.3675,87.943,173.2652,261.8715,351.7721,436.4525,680.8702,131.9145,0.0,2.518986,3.929642,1.114121,23,99,14,2,0.02642138,0.04845911,0.23923445,0E-8,0.000000,0.900047,0.145070,-0.19595268,2026-04-03,2026-07-17,13,142,96,106,0.122642,0.686501,0.694784,0.088071,,,,,,,,GLOBAL_BASELINE_NO_ENTITY_RANKING,,,NOT_APPLICABLE_GLOBAL_BASELINE,HF9g-P5,,,,X 全窗基线 · 不参与实体赏罚,14193102,1420,A168_HF9F_20260827_0900,2026-08-27 09:00:00
2026-04-05,148183013,2118,0,1501.1872306745,-712.3384047138,-712.3384047138,0.2500000,5,5,0.50665070000000000,0.506650700000,-1.0266936290537745,-1.0266936290537745,-1.0266936290537745,0E-17,ELIGIBLE,R03b_20260811_FULL_v1,L1_ELIGIBILITY,v2026-08-11,2026-03-21..2026-08-06,baccarat_bet02_101_all_pairs_incl_sentinel,round_win = game_pnl > 0 (decisive only),COMPATIBILITY_ONLY_NOT_PRODUCTION,137057.2646,123357.9765,6641.6726,710,710,-0.04845911,-0.23923445,-0.04328177,-0.04845911,-6641.6726,137057.2646,OK,0.0000,265.6669,4.0000,96.0000,AG03-UNRESOLVED,ALL5_LEVELS_bet23_to_bet27,265.6669,265.6669,265.6669,265.6669,265.6669,4.000000,4.000000,4.000000,4.000000,4.000000,96.000000,96.000000,96.000000,96.000000,96.000000,5.0,1328.3345,1226.2341,5313.3381,5415.4385,PENDING_AG03,FALSE,NOT_FOR_ENFORCEMENT,6376.0057,118423.6574,6641.6726,6376.0057,265.6669,0.04845911,0.04652074,265.6669,6376.0057,0.04652074,265.6669,265.6669,265.6669,265.6669,265.6669,6376.0057,0.04652074,1328.3345,1226.2341,5313.3381,5415.4385,0.03876729,0.03951223,0.00193836,193.0384,173.7436,9.3545,510.8979,46.7723,10542.8665,54.6154,134.1201,195.3675,87.943,173.2652,261.8715,351.7721,436.4525,680.8702,131.9145,0.0,2.518986,3.929642,1.114121,23,99,14,2,0.02642138,0.04845911,0.23923445,0E-8,0.000000,0.900047,0.145070,-0.19595268,2026-04-03,2026-07-17,13,142,96,106,0.122642,0.686501,0.694784,0.088071,,,,,,,,GLOBAL_BASELINE_NO_ENTITY_RANKING,,,NOT_APPLICABLE_GLOBAL_BASELINE,HF9g-P5,,,,X 全窗基线 · 不参与实体赏罚,14193103,1420,A168_HF9F_20260827_0900,2026-08-27 09:00:00
2026-04-05,148183013,2123,0,685.9555008355,167.0917245625,167.0917245625,0.5000000,3,3,0.50218230000000000,0.502182300000,-0.00617253530718887,-0.00617253530718887,-0.00617253530718887,0E-17,ELIGIBLE,R03b_20260811_FULL_v1,L1_ELIGIBILITY,v2026-08-11,2026-03-21..2026-08-06,baccarat_bet02_101_all_pairs_incl_sentinel,round_win = game_pnl > 0 (decisive only),COMPATIBILITY_ONLY_NOT_PRODUCTION,137057.2646,123357.9765,6641.6726,710,710,-0.04845911,-0.23923445,-0.04328177,-0.04845911,-6641.6726,137057.2646,OK,0.0000,265.6669,4.0000,96.0000,AG03-UNRESOLVED,ALL5_LEVELS_bet23_to_bet27,265.6669,265.6669,265.6669,265.6669,265.6669,4.000000,4.000000,4.000000,4.000000,4.000000,96.000000,96.000000,96.000000,96.000000,96.000000,5.0,1328.3345,1226.2341,5313.3381,5415.4385,PENDING_AG03,FALSE,NOT_FOR_ENFORCEMENT,6376.0057,118423.6574,6641.6726,6376.0057,265.6669,0.04845911,0.04652074,265.6669,6376.0057,0.04652074,265.6669,265.6669,265.6669,265.6669,265.6669,6376.0057,0.04652074,1328.3345,1226.2341,5313.3381,5415.4385,0.03876729,0.03951223,0.00193836,193.0384,173.7436,9.3545,510.8979,46.7723,10542.8665,54.6154,134.1201,195.3675,87.943,173.2652,261.8715,351.7721,436.4525,680.8702,131.9145,0.0,2.518986,3.929642,1.114121,23,99,14,2,0.02642138,0.04845911,0.23923445,0E-8,0.000000,0.900047,0.145070,-0.19595268,2026-04-03,2026-07-17,13,142,96,106,0.122642,0.686501,0.694784,0.088071,,,,,,,,GLOBAL_BASELINE_NO_ENTITY_RANKING,,,NOT_APPLICABLE_GLOBAL_BASELINE,HF9g-P5,,,,X 全窗基线 · 不参与实体赏罚,14193104,1420,A168_HF9F_20260827_0900,2026-08-27 09:00:00
2026-04-05,148183013,2142,0,3034.0339460032,-283.6162166917,-283.6162166917,0.5000000,11,11,0.50543204545454545,0.505432045455,-0.034357299609462925,-0.034357299612338264,-0.034357299609462925,-4.5455E-13,ELIGIBLE,R03b_20260811_FULL_v1,L1_ELIGIBILITY,v2026-08-11,2026-03-21..2026-08-06,baccarat_bet02_101_all_pairs_incl_sentinel,round_win = game_pnl > 0 (decisive only),COMPATIBILITY_ONLY_NOT_PRODUCTION,137057.2646,123357.9765,6641.6726,710,710,-0.04845911,-0.23923445,-0.04328177,-0.04845911,-6641.6726,137057.2646,OK,0.0000,265.6669,4.0000,96.0000,AG03-UNRESOLVED,ALL5_LEVELS_bet23_to_bet27,265.6669,265.6669,265.6669,265.6669,265.6669,4.000000,4.000000,4.000000,4.000000,4.000000,96.000000,96.000000,96.000000,96.000000,96.000000,5.0,1328.3345,1226.2341,5313.3381,5415.4385,PENDING_AG03,FALSE,NOT_FOR_ENFORCEMENT,6376.0057,118423.6574,6641.6726,6376.0057,265.6669,0.04845911,0.04652074,265.6669,6376.0057,0.04652074,265.6669,265.6669,265.6669,265.6669,265.6669,6376.0057,0.04652074,1328.3345,1226.2341,5313.3381,5415.4385,0.03876729,0.03951223,0.00193836,193.0384,173.7436,9.3545,510.8979,46.7723,10542.8665,54.6154,134.1201,195.3675,87.943,173.2652,261.8715,351.7721,436.4525,680.8702,131.9145,0.0,2.518986,3.929642,1.114121,23,99,14,2,0.02642138,0.04845911,0.23923445,0E-8,0.000000,0.900047,0.145070,-0.19595268,2026-04-03,2026-07-17,13,142,96,106,0.122642,0.686501,0.694784,0.088071,,,,,,,,GLOBAL_BASELINE_NO_ENTITY_RANKING,,,NOT_APPLICABLE_GLOBAL_BASELINE,HF9g-P5,,,,X 全窗基线 · 不参与实体赏罚,14193105,1420,A168_HF9F_20260827_0900,2026-08-27 09:00:00
2026-04-05,148183013,2153,0,703.5441034210,-189.0774777944,-189.0774777944,0.5000000,2,2,0.50665070000000000,0.506650700000,-0.018812684590367487,-0.018812684590367487,-0.018812684590367487,0E-17,ELIGIBLE,R03b_20260811_FULL_v1,L1_ELIGIBILITY,v2026-08-11,2026-03-21..2026-08-06,baccarat_bet02_101_all_pairs_incl_sentinel,round_win = game_pnl > 0 (decisive only),COMPATIBILITY_ONLY_NOT_PRODUCTION,137057.2646,123357.9765,6641.6726,710,710,-0.04845911,-0.23923445,-0.04328177,-0.04845911,-6641.6726,137057.2646,OK,0.0000,265.6669,4.0000,96.0000,AG03-UNRESOLVED,ALL5_LEVELS_bet23_to_bet27,265.6669,265.6669,265.6669,265.6669,265.6669,4.000000,4.000000,4.000000,4.000000,4.000000,96.000000,96.000000,96.000000,96.000000,96.000000,5.0,1328.3345,1226.2341,5313.3381,5415.4385,PENDING_AG03,FALSE,NOT_FOR_ENFORCEMENT,6376.0057,118423.6574,6641.6726,6376.0057,265.6669,0.04845911,0.04652074,265.6669,6376.0057,0.04652074,265.6669,265.6669,265.6669,265.6669,265.6669,6376.0057,0.04652074,1328.3345,1226.2341,5313.3381,5415.4385,0.03876729,0.03951223,0.00193836,193.0384,173.7436,9.3545,510.8979,46.7723,10542.8665,54.6154,134.1201,195.3675,87.943,173.2652,261.8715,351.7721,436.4525,680.8702,131.9145,0.0,2.518986,3.929642,1.114121,23,99,14,2,0.02642138,0.04845911,0.23923445,0E-8,0.000000,0.900047,0.145070,-0.19595268,2026-04-03,2026-07-17,13,142,96,106,0.122642,0.686501,0.694784,0.088071,,,,,,,,GLOBAL_BASELINE_NO_ENTITY_RANKING,,,NOT_APPLICABLE_GLOBAL_BASELINE,HF9g-P5,,,,X 全窗基线 · 不参与实体赏罚,14193106,1420,A168_HF9F_20260827_0900,2026-08-27 09:00:00
2026-04-05,148183013,2222,0,175.8860258552,-175.8860258552,-175.8860258552,0E-7,1,1,0.50665070000000000,0.506650700000,-1.013391052207602,-1.013391052207602,-1.013391052207602,0E-17,ELIGIBLE,R03b_20260811_FULL_v1,L1_ELIGIBILITY,v2026-08-11,2026-03-21..2026-08-06,baccarat_bet02_101_all_pairs_incl_sentinel,round_win = game_pnl > 0 (decisive only),COMPATIBILITY_ONLY_NOT_PRODUCTION,137057.2646,123357.9765,6641.6726,710,710,-0.04845911,-0.23923445,-0.04328177,-0.04845911,-6641.6726,137057.2646,OK,0.0000,265.6669,4.0000,96.0000,AG03-UNRESOLVED,ALL5_LEVELS_bet23_to_bet27,265.6669,265.6669,265.6669,265.6669,265.6669,4.000000,4.000000,4.000000,4.000000,4.000000,96.000000,96.000000,96.000000,96.000000,96.000000,5.0,1328.3345,1226.2341,5313.3381,5415.4385,PENDING_AG03,FALSE,NOT_FOR_ENFORCEMENT,6376.0057,118423.6574,6641.6726,6376.0057,265.6669,0.04845911,0.04652074,265.6669,6376.0057,0.04652074,265.6669,265.6669,265.6669,265.6669,265.6669,6376.0057,0.04652074,1328.3345,1226.2341,5313.3381,5415.4385,0.03876729,0.03951223,0.00193836,193.0384,173.7436,9.3545,510.8979,46.7723,10542.8665,54.6154,134.1201,195.3675,87.943,173.2652,261.8715,351.7721,436.4525,680.8702,131.9145,0.0,2.518986,3.929642,1.114121,23,99,14,2,0.02642138,0.04845911,0.23923445,0E-8,0.000000,0.900047,0.145070,-0.19595268,2026-04-03,2026-07-17,13,142,96,106,0.122642,0.686501,0.694784,0.088071,,,,,,,,GLOBAL_BASELINE_NO_ENTITY_RANKING,,,NOT_APPLICABLE_GLOBAL_BASELINE,HF9g-P5,,,,X 全窗基线 · 不参与实体赏罚,14193107,1420,A168_HF9F_20260827_0900,2026-08-27 09:00:00
2026-04-05,148183013,2252,0,1582.9742326972,1536.8041509103,1536.8041509103,1.0000000,5,5,0.50128862000000000,0.501288620000,2.2303125007307085,2.2303125007307085,2.2303125007307085,0E-17,ELIGIBLE,R03b_20260811_FULL_v1,L1_ELIGIBILITY,v2026-08-11,2026-03-21..2026-08-06,baccarat_bet02_101_all_pairs_incl_sentinel,round_win = game_pnl > 0 (decisive only),COMPATIBILITY_ONLY_NOT_PRODUCTION,137057.2646,123357.9765,6641.6726,710,710,-0.04845911,-0.23923445,-0.04328177,-0.04845911,-6641.6726,137057.2646,OK,0.0000,265.6669,4.0000,96.0000,AG03-UNRESOLVED,ALL5_LEVELS_bet23_to_bet27,265.6669,265.6669,265.6669,265.6669,265.6669,4.000000,4.000000,4.000000,4.000000,4.000000,96.000000,96.000000,96.000000,96.000000,96.000000,5.0,1328.3345,1226.2341,5313.3381,5415.4385,PENDING_AG03,FALSE,NOT_FOR_ENFORCEMENT,6376.0057,118423.6574,6641.6726,6376.0057,265.6669,0.04845911,0.04652074,265.6669,6376.0057,0.04652074,265.6669,265.6669,265.6669,265.6669,265.6669,6376.0057,0.04652074,1328.3345,1226.2341,5313.3381,5415.4385,0.03876729,0.03951223,0.00193836,193.0384,173.7436,9.3545,510.8979,46.7723,10542.8665,54.6154,134.1201,195.3675,87.943,173.2652,261.8715,351.7721,436.4525,680.8702,131.9145,0.0,2.518986,3.929642,1.114121,23,99,14,2,0.02642138,0.04845911,0.23923445,0E-8,0.000000,0.900047,0.145070,-0.19595268,2026-04-03,2026-07-17,13,142,96,106,0.122642,0.686501,0.694784,0.088071,,,,,,,,GLOBAL_BASELINE_NO_ENTITY_RANKING,,,NOT_APPLICABLE_GLOBAL_BASELINE,HF9g-P5,,,,X 全窗基线 · 不参与实体赏罚,14193108,1420,A168_HF9F_20260827_0900,2026-08-27 09:00:00
2026-04-05,148183013,2256,0,281.4176413684,-281.4176413684,-281.4176413684,0E-7,2,2,0.50665070000000000,0.506650700000,-1.4331513700195317,-1.4331513700195317,-1.4331513700195317,0E-17,ELIGIBLE,R03b_20260811_FULL_v1,L1_ELIGIBILITY,v2026-08-11,2026-03-21..2026-08-06,baccarat_bet02_101_all_pairs_incl_sentinel,round_win = game_pnl > 0 (decisive only),COMPATIBILITY_ONLY_NOT_PRODUCTION,137057.2646,123357.9765,6641.6726,710,710,-0.04845911,-0.23923445,-0.04328177,-0.04845911,-6641.6726,137057.2646,OK,0.0000,265.6669,4.0000,96.0000,AG03-UNRESOLVED,ALL5_LEVELS_bet23_to_bet27,265.6669,265.6669,265.6669,265.6669,265.6669,4.000000,4.000000,4.000000,4.000000,4.000000,96.000000,96.000000,96.000000,96.000000,96.000000,5.0,1328.3345,1226.2341,5313.3381,5415.4385,PENDING_AG03,FALSE,NOT_FOR_ENFORCEMENT,6376.0057,118423.6574,6641.6726,6376.0057,265.6669,0.04845911,0.04652074,265.6669,6376.0057,0.04652074,265.6669,265.6669,265.6669,265.6669,265.6669,6376.0057,0.04652074,1328.3345,1226.2341,5313.3381,5415.4385,0.03876729,0.03951223,0.00193836,193.0384,173.7436,9.3545,510.8979,46.7723,10542.8665,54.6154,134.1201,195.3675,87.943,173.2652,261.8715,351.7721,436.4525,680.8702,131.9145,0.0,2.518986,3.929642,1.114121,23,99,14,2,0.02642138,0.04845911,0.23923445,0E-8,0.000000,0.900047,0.145070,-0.19595268,2026-04-03,2026-07-17,13,142,96,106,0.122642,0.686501,0.694784,0.088071,,,,,,,,GLOBAL_BASELINE_NO_ENTITY_RANKING,,,NOT_APPLICABLE_GLOBAL_BASELINE,HF9g-P5,,,,X 全窗基线 · 不参与实体赏罚,14193109,1420,A168_HF9F_20260827_0900,2026-08-27 09:00:00
2026-04-05,148183013,2258,0,826.6643215195,548.3246856037,548.3246856037,0.8000000,5,5,0.49860758000000000,0.498607580000,1.3478731046594083,1.3478731046594083,1.3478731046594083,0E-17,ELIGIBLE,R03b_20260811_FULL_v1,L1_ELIGIBILITY,v2026-08-11,2026-03-21..2026-08-06,baccarat_bet02_101_all_pairs_incl_sentinel,round_win = game_pnl > 0 (decisive only),COMPATIBILITY_ONLY_NOT_PRODUCTION,137057.2646,123357.9765,6641.6726,710,710,-0.04845911,-0.23923445,-0.04328177,-0.04845911,-6641.6726,137057.2646,OK,0.0000,265.6669,4.0000,96.0000,AG03-UNRESOLVED,ALL5_LEVELS_bet23_to_bet27,265.6669,265.6669,265.6669,265.6669,265.6669,4.000000,4.000000,4.000000,4.000000,4.000000,96.000000,96.000000,96.000000,96.000000,96.000000,5.0,1328.3345,1226.2341,5313.3381,5415.4385,PENDING_AG03,FALSE,NOT_FOR_ENFORCEMENT,6376.0057,118423.6574,6641.6726,6376.0057,265.6669,0.04845911,0.04652074,265.6669,6376.0057,0.04652074,265.6669,265.6669,265.6669,265.6669,265.6669,6376.0057,0.04652074,1328.3345,1226.2341,5313.3381,5415.4385,0.03876729,0.03951223,0.00193836,193.0384,173.7436,9.3545,510.8979,46.7723,10542.8665,54.6154,134.1201,195.3675,87.943,173.2652,261.8715,351.7721,436.4525,680.8702,131.9145,0.0,2.518986,3.929642,1.114121,23,99,14,2,0.02642138,0.04845911,0.23923445,0E-8,0.000000,0.900047,0.145070,-0.19595268,2026-04-03,2026-07-17,13,142,96,106,0.122642,0.686501,0.694784,0.088071,,,,,,,,GLOBAL_BASELINE_NO_ENTITY_RANKING,,,NOT_APPLICABLE_GLOBAL_BASELINE,HF9g-P5,,,,X 全窗基线 · 不参与实体赏罚,14193110,1420,A168_HF9F_20260827_0900,2026-08-27 09:00:00
2026-04-05,148183013,2266,0,105.5316155131,-105.5316155131,-105.5316155131,0E-7,1,1,0.49324550000000000,0.493245500000,-0.9865810262130424,-0.9865810262130424,-0.9865810262130424,0E-17,ELIGIBLE,R03b_20260811_FULL_v1,L1_ELIGIBILITY,v2026-08-11,2026-03-21..2026-08-06,baccarat_bet02_101_all_pairs_incl_sentinel,round_win = game_pnl > 0 (decisive only),COMPATIBILITY_ONLY_NOT_PRODUCTION,137057.2646,123357.9765,6641.6726,710,710,-0.04845911,-0.23923445,-0.04328177,-0.04845911,-6641.6726,137057.2646,OK,0.0000,265.6669,4.0000,96.0000,AG03-UNRESOLVED,ALL5_LEVELS_bet23_to_bet27,265.6669,265.6669,265.6669,265.6669,265.6669,4.000000,4.000000,4.000000,4.000000,4.000000,96.000000,96.000000,96.000000,96.000000,96.000000,5.0,1328.3345,1226.2341,5313.3381,5415.4385,PENDING_AG03,FALSE,NOT_FOR_ENFORCEMENT,6376.0057,118423.6574,6641.6726,6376.0057,265.6669,0.04845911,0.04652074,265.6669,6376.0057,0.04652074,265.6669,265.6669,265.6669,265.6669,265.6669,6376.0057,0.04652074,1328.3345,1226.2341,5313.3381,5415.4385,0.03876729,0.03951223,0.00193836,193.0384,173.7436,9.3545,510.8979,46.7723,10542.8665,54.6154,134.1201,195.3675,87.943,173.2652,261.8715,351.7721,436.4525,680.8702,131.9145,0.0,2.518986,3.929642,1.114121,23,99,14,2,0.02642138,0.04845911,0.23923445,0E-8,0.000000,0.900047,0.145070,-0.19595268,2026-04-03,2026-07-17,13,142,96,106,0.122642,0.686501,0.694784,0.088071,,,,,,,,GLOBAL_BASELINE_NO_ENTITY_RANKING,,,NOT_APPLICABLE_GLOBAL_BASELINE,HF9g-P5,,,,X 全窗基线 · 不参与实体赏罚,14193111,1420,A168_HF9F_20260827_0900,2026-08-27 09:00:00
2026-04-05,148183013,526,0,131.9145193914,-131.9145193914,-131.9145193914,0E-7,1,1,0.50665070000000000,0.506650700000,-1.013391052207602,-1.013391052207602,-1.013391052207602,0E-17,ELIGIBLE,R03b_20260811_FULL_v1,L1_ELIGIBILITY,v2026-08-11,2026-03-21..2026-08-06,baccarat_bet02_101_all_pairs_incl_sentinel,round_win = game_pnl > 0 (decisive only),COMPATIBILITY_ONLY_NOT_PRODUCTION,137057.2646,123357.9765,6641.6726,710,710,-0.04845911,-0.23923445,-0.04328177,-0.04845911,-6641.6726,137057.2646,OK,0.0000,265.6669,4.0000,96.0000,AG03-UNRESOLVED,ALL5_LEVELS_bet23_to_bet27,265.6669,265.6669,265.6669,265.6669,265.6669,4.000000,4.000000,4.000000,4.000000,4.000000,96.000000,96.000000,96.000000,96.000000,96.000000,5.0,1328.3345,1226.2341,5313.3381,5415.4385,PENDING_AG03,FALSE,NOT_FOR_ENFORCEMENT,6376.0057,118423.6574,6641.6726,6376.0057,265.6669,0.04845911,0.04652074,265.6669,6376.0057,0.04652074,265.6669,265.6669,265.6669,265.6669,265.6669,6376.0057,0.04652074,1328.3345,1226.2341,5313.3381,5415.4385,0.03876729,0.03951223,0.00193836,193.0384,173.7436,9.3545,510.8979,46.7723,10542.8665,54.6154,134.1201,195.3675,87.943,173.2652,261.8715,351.7721,436.4525,680.8702,131.9145,0.0,2.518986,3.929642,1.114121,23,99,14,2,0.02642138,0.04845911,0.23923445,0E-8,0.000000,0.900047,0.145070,-0.19595268,2026-04-03,2026-07-17,13,142,96,106,0.122642,0.686501,0.694784,0.088071,,,,,,,,GLOBAL_BASELINE_NO_ENTITY_RANKING,,,NOT_APPLICABLE_GLOBAL_BASELINE,HF9g-P5,,,,X 全窗基线 · 不参与实体赏罚,14193112,1420,A168_HF9F_20260827_0900,2026-08-27 09:00:00
2026-04-05,148183013,763,0,791.4871163486,-270.4247647525,-270.4247647525,0.5000000,4,4,0.49994810000000000,0.499948100000,0.00020760000111838688,0.00020760000111838688,0.00020760000111838688,0E-17,ELIGIBLE,R03b_20260811_FULL_v1,L1_ELIGIBILITY,v2026-08-11,2026-03-21..2026-08-06,baccarat_bet02_101_all_pairs_incl_sentinel,round_win = game_pnl > 0 (decisive only),COMPATIBILITY_ONLY_NOT_PRODUCTION,137057.2646,123357.9765,6641.6726,710,710,-0.04845911,-0.23923445,-0.04328177,-0.04845911,-6641.6726,137057.2646,OK,0.0000,265.6669,4.0000,96.0000,AG03-UNRESOLVED,ALL5_LEVELS_bet23_to_bet27,265.6669,265.6669,265.6669,265.6669,265.6669,4.000000,4.000000,4.000000,4.000000,4.000000,96.000000,96.000000,96.000000,96.000000,96.000000,5.0,1328.3345,1226.2341,5313.3381,5415.4385,PENDING_AG03,FALSE,NOT_FOR_ENFORCEMENT,6376.0057,118423.6574,6641.6726,6376.0057,265.6669,0.04845911,0.04652074,265.6669,6376.0057,0.04652074,265.6669,265.6669,265.6669,265.6669,265.6669,6376.0057,0.04652074,1328.3345,1226.2341,5313.3381,5415.4385,0.03876729,0.03951223,0.00193836,193.0384,173.7436,9.3545,510.8979,46.7723,10542.8665,54.6154,134.1201,195.3675,87.943,173.2652,261.8715,351.7721,436.4525,680.8702,131.9145,0.0,2.518986,3.929642,1.114121,23,99,14,2,0.02642138,0.04845911,0.23923445,0E-8,0.000000,0.900047,0.145070,-0.19595268,2026-04-03,2026-07-17,13,142,96,106,0.122642,0.686501,0.694784,0.088071,,,,,,,,GLOBAL_BASELINE_NO_ENTITY_RANKING,,,NOT_APPLICABLE_GLOBAL_BASELINE,HF9g-P5,,,,X 全窗基线 · 不参与实体赏罚,14193113,1420,A168_HF9F_20260827_0900,2026-08-27 09:00:00
2026-04-05,148183013,925,0,439.7150646381,-439.7150646381,-439.7150646381,0E-7,1,1,0.49324550000000000,0.493245500000,-0.9865810262130424,-0.9865810262130424,-0.9865810262130424,0E-17,ELIGIBLE,R03b_20260811_FULL_v1,L1_ELIGIBILITY,v2026-08-11,2026-03-21..2026-08-06,baccarat_bet02_101_all_pairs_incl_sentinel,round_win = game_pnl > 0 (decisive only),COMPATIBILITY_ONLY_NOT_PRODUCTION,137057.2646,123357.9765,6641.6726,710,710,-0.04845911,-0.23923445,-0.04328177,-0.04845911,-6641.6726,137057.2646,OK,0.0000,265.6669,4.0000,96.0000,AG03-UNRESOLVED,ALL5_LEVELS_bet23_to_bet27,265.6669,265.6669,265.6669,265.6669,265.6669,4.000000,4.000000,4.000000,4.000000,4.000000,96.000000,96.000000,96.000000,96.000000,96.000000,5.0,1328.3345,1226.2341,5313.3381,5415.4385,PENDING_AG03,FALSE,NOT_FOR_ENFORCEMENT,6376.0057,118423.6574,6641.6726,6376.0057,265.6669,0.04845911,0.04652074,265.6669,6376.0057,0.04652074,265.6669,265.6669,265.6669,265.6669,265.6669,6376.0057,0.04652074,1328.3345,1226.2341,5313.3381,5415.4385,0.03876729,0.03951223,0.00193836,193.0384,173.7436,9.3545,510.8979,46.7723,10542.8665,54.6154,134.1201,195.3675,87.943,173.2652,261.8715,351.7721,436.4525,680.8702,131.9145,0.0,2.518986,3.929642,1.114121,23,99,14,2,0.02642138,0.04845911,0.23923445,0E-8,0.000000,0.900047,0.145070,-0.19595268,2026-04-03,2026-07-17,13,142,96,106,0.122642,0.686501,0.694784,0.088071,,,,,,,,GLOBAL_BASELINE_NO_ENTITY_RANKING,,,NOT_APPLICABLE_GLOBAL_BASELINE,HF9g-P5,,,,X 全窗基线 · 不参与实体赏罚,14193114,1420,A168_HF9F_20260827_0900,2026-08-27 09:00:00
2026-04-05,148183013,970,0,976.1674434964,604.1684988127,604.1684988127,0.8333333,6,6,0.49994810000000000,0.499948100000,1.6332474276894162,1.6332474276894162,1.6332474276894162,0E-17,ELIGIBLE,R03b_20260811_FULL_v1,L1_ELIGIBILITY,v2026-08-11,2026-03-21..2026-08-06,baccarat_bet02_101_all_pairs_incl_sentinel,round_win = game_pnl > 0 (decisive only),COMPATIBILITY_ONLY_NOT_PRODUCTION,137057.2646,123357.9765,6641.6726,710,710,-0.04845911,-0.23923445,-0.04328177,-0.04845911,-6641.6726,137057.2646,OK,0.0000,265.6669,4.0000,96.0000,AG03-UNRESOLVED,ALL5_LEVELS_bet23_to_bet27,265.6669,265.6669,265.6669,265.6669,265.6669,4.000000,4.000000,4.000000,4.000000,4.000000,96.000000,96.000000,96.000000,96.000000,96.000000,5.0,1328.3345,1226.2341,5313.3381,5415.4385,PENDING_AG03,FALSE,NOT_FOR_ENFORCEMENT,6376.0057,118423.6574,6641.6726,6376.0057,265.6669,0.04845911,0.04652074,265.6669,6376.0057,0.04652074,265.6669,265.6669,265.6669,265.6669,265.6669,6376.0057,0.04652074,1328.3345,1226.2341,5313.3381,5415.4385,0.03876729,0.03951223,0.00193836,193.0384,173.7436,9.3545,510.8979,46.7723,10542.8665,54.6154,134.1201,195.3675,87.943,173.2652,261.8715,351.7721,436.4525,680.8702,131.9145,0.0,2.518986,3.929642,1.114121,23,99,14,2,0.02642138,0.04845911,0.23923445,0E-8,0.000000,0.900047,0.145070,-0.19595268,2026-04-03,2026-07-17,13,142,96,106,0.122642,0.686501,0.694784,0.088071,,,,,,,,GLOBAL_BASELINE_NO_ENTITY_RANKING,,,NOT_APPLICABLE_GLOBAL_BASELINE,HF9g-P5,,,,X 全窗基线 · 不参与实体赏罚,14193115,1420,A168_HF9F_20260827_0900,2026-08-27 09:00:00
2026-04-08,148183013,1299,0,246.2404361972,0E-10,0E-10,0.5000000,4,4,0.49324550000000000,0.493245500000,0.027020465636507562,0.027020465636507562,0.027020465636507562,0E-17,ELIGIBLE,R03b_20260811_FULL_v1,L1_ELIGIBILITY,v2026-08-11,2026-03-21..2026-08-06,baccarat_bet02_101_all_pairs_incl_sentinel,round_win = game_pnl > 0 (decisive only),COMPATIBILITY_ONLY_NOT_PRODUCTION,137057.2646,123357.9765,6641.6726,710,710,-0.04845911,-0.23923445,-0.04328177,-0.04845911,-6641.6726,137057.2646,OK,0.0000,265.6669,4.0000,96.0000,AG03-UNRESOLVED,ALL5_LEVELS_bet23_to_bet27,265.6669,265.6669,265.6669,265.6669,265.6669,4.000000,4.000000,4.000000,4.000000,4.000000,96.000000,96.000000,96.000000,96.000000,96.000000,5.0,1328.3345,1226.2341,5313.3381,5415.4385,PENDING_AG03,FALSE,NOT_FOR_ENFORCEMENT,6376.0057,118423.6574,6641.6726,6376.0057,265.6669,0.04845911,0.04652074,265.6669,6376.0057,0.04652074,265.6669,265.6669,265.6669,265.6669,265.6669,6376.0057,0.04652074,1328.3345,1226.2341,5313.3381,5415.4385,0.03876729,0.03951223,0.00193836,193.0384,173.7436,9.3545,510.8979,46.7723,10542.8665,54.6154,134.1201,195.3675,87.943,173.2652,261.8715,351.7721,436.4525,680.8702,131.9145,0.0,2.518986,3.929642,1.114121,23,99,14,2,0.02642138,0.04845911,0.23923445,0E-8,0.000000,0.900047,0.145070,-0.19595268,2026-04-03,2026-07-17,13,142,96,106,0.122642,0.686501,0.694784,0.088071,,,,,,,,GLOBAL_BASELINE_NO_ENTITY_RANKING,,,NOT_APPLICABLE_GLOBAL_BASELINE,HF9g-P5,,,,X 全窗基线 · 不参与实体赏罚,14193116,1420,A168_HF9F_20260827_0900,2026-08-27 09:00:00
2026-04-08,148183013,1325,0,184.6803271480,50.1275173687,50.1275173687,1.0000000,3,3,0.50218230000000000,0.502182300000,0.99564488342984,0.99564488342984,0.99564488342984,0E-17,ELIGIBLE,R03b_20260811_FULL_v1,L1_ELIGIBILITY,v2026-08-11,2026-03-21..2026-08-06,baccarat_bet02_101_all_pairs_incl_sentinel,round_win = game_pnl > 0 (decisive only),COMPATIBILITY_ONLY_NOT_PRODUCTION,137057.2646,123357.9765,6641.6726,710,710,-0.04845911,-0.23923445,-0.04328177,-0.04845911,-6641.6726,137057.2646,OK,0.0000,265.6669,4.0000,96.0000,AG03-UNRESOLVED,ALL5_LEVELS_bet23_to_bet27,265.6669,265.6669,265.6669,265.6669,265.6669,4.000000,4.000000,4.000000,4.000000,4.000000,96.000000,96.000000,96.000000,96.000000,96.000000,5.0,1328.3345,1226.2341,5313.3381,5415.4385,PENDING_AG03,FALSE,NOT_FOR_ENFORCEMENT,6376.0057,118423.6574,6641.6726,6376.0057,265.6669,0.04845911,0.04652074,265.6669,6376.0057,0.04652074,265.6669,265.6669,265.6669,265.6669,265.6669,6376.0057,0.04652074,1328.3345,1226.2341,5313.3381,5415.4385,0.03876729,0.03951223,0.00193836,193.0384,173.7436,9.3545,510.8979,46.7723,10542.8665,54.6154,134.1201,195.3675,87.943,173.2652,261.8715,351.7721,436.4525,680.8702,131.9145,0.0,2.518986,3.929642,1.114121,23,99,14,2,0.02642138,0.04845911,0.23923445,0E-8,0.000000,0.900047,0.145070,-0.19595268,2026-04-03,2026-07-17,13,142,96,106,0.122642,0.686501,0.694784,0.088071,,,,,,,,GLOBAL_BASELINE_NO_ENTITY_RANKING,,,NOT_APPLICABLE_GLOBAL_BASELINE,HF9g-P5,,,,X 全窗基线 · 不参与实体赏罚,14193117,1420,A168_HF9F_20260827_0900,2026-08-27 09:00:00
2026-04-08,148183013,1507,0,1319.1451939141,590.0976167442,590.0976167442,0.7142857,15,15,0.49682022000000000,0.496820220000,1.62739565565564,1.62739565565564,1.62739565565564,0E-17,ELIGIBLE,R03b_20260811_FULL_v1,L1_ELIGIBILITY,v2026-08-11,2026-03-21..2026-08-06,baccarat_bet02_101_all_pairs_incl_sentinel,round_win = game_pnl > 0 (decisive only),COMPATIBILITY_ONLY_NOT_PRODUCTION,137057.2646,123357.9765,6641.6726,710,710,-0.04845911,-0.23923445,-0.04328177,-0.04845911,-6641.6726,137057.2646,OK,0.0000,265.6669,4.0000,96.0000,AG03-UNRESOLVED,ALL5_LEVELS_bet23_to_bet27,265.6669,265.6669,265.6669,265.6669,265.6669,4.000000,4.000000,4.000000,4.000000,4.000000,96.000000,96.000000,96.000000,96.000000,96.000000,5.0,1328.3345,1226.2341,5313.3381,5415.4385,PENDING_AG03,FALSE,NOT_FOR_ENFORCEMENT,6376.0057,118423.6574,6641.6726,6376.0057,265.6669,0.04845911,0.04652074,265.6669,6376.0057,0.04652074,265.6669,265.6669,265.6669,265.6669,265.6669,6376.0057,0.04652074,1328.3345,1226.2341,5313.3381,5415.4385,0.03876729,0.03951223,0.00193836,193.0384,173.7436,9.3545,510.8979,46.7723,10542.8665,54.6154,134.1201,195.3675,87.943,173.2652,261.8715,351.7721,436.4525,680.8702,131.9145,0.0,2.518986,3.929642,1.114121,23,99,14,2,0.02642138,0.04845911,0.23923445,0E-8,0.000000,0.900047,0.145070,-0.19595268,2026-04-03,2026-07-17,13,142,96,106,0.122642,0.686501,0.694784,0.088071,,,,,,,,GLOBAL_BASELINE_NO_ENTITY_RANKING,,,NOT_APPLICABLE_GLOBAL_BASELINE,HF9g-P5,,,,X 全窗基线 · 不参与实体赏罚,14193118,1420,A168_HF9F_20260827_0900,2026-08-27 09:00:00
2026-04-08,148183013,1935,0,1055.3161551313,60.6806789202,60.6806789202,0.5833333,12,12,0.49883100000000000,0.498831000000,0.5854509388768454,0.5854509388768454,0.5854509388768454,0E-17,ELIGIBLE,R03b_20260811_FULL_v1,L1_ELIGIBILITY,v2026-08-11,2026-03-21..2026-08-06,baccarat_bet02_101_all_pairs_incl_sentinel,round_win = game_pnl > 0 (decisive only),COMPATIBILITY_ONLY_NOT_PRODUCTION,137057.2646,123357.9765,6641.6726,710,710,-0.04845911,-0.23923445,-0.04328177,-0.04845911,-6641.6726,137057.2646,OK,0.0000,265.6669,4.0000,96.0000,AG03-UNRESOLVED,ALL5_LEVELS_bet23_to_bet27,265.6669,265.6669,265.6669,265.6669,265.6669,4.000000,4.000000,4.000000,4.000000,4.000000,96.000000,96.000000,96.000000,96.000000,96.000000,5.0,1328.3345,1226.2341,5313.3381,5415.4385,PENDING_AG03,FALSE,NOT_FOR_ENFORCEMENT,6376.0057,118423.6574,6641.6726,6376.0057,265.6669,0.04845911,0.04652074,265.6669,6376.0057,0.04652074,265.6669,265.6669,265.6669,265.6669,265.6669,6376.0057,0.04652074,1328.3345,1226.2341,5313.3381,5415.4385,0.03876729,0.03951223,0.00193836,193.0384,173.7436,9.3545,510.8979,46.7723,10542.8665,54.6154,134.1201,195.3675,87.943,173.2652,261.8715,351.7721,436.4525,680.8702,131.9145,0.0,2.518986,3.929642,1.114121,23,99,14,2,0.02642138,0.04845911,0.23923445,0E-8,0.000000,0.900047,0.145070,-0.19595268,2026-04-03,2026-07-17,13,142,96,106,0.122642,0.686501,0.694784,0.088071,,,,,,,,GLOBAL_BASELINE_NO_ENTITY_RANKING,,,NOT_APPLICABLE_GLOBAL_BASELINE,HF9g-P5,,,,X 全窗基线 · 不参与实体赏罚,14193119,1420,A168_HF9F_20260827_0900,2026-08-27 09:00:00
2026-04-08,148183013,2174,0,158.2974232697,-38.2552106235,-38.2552106235,0.3333333,3,3,0.50665070000000000,0.506650700000,-0.6004420894325239,-0.6004420894325239,-0.6004420894325239,0E-17,ELIGIBLE,R03b_20260811_FULL_v1,L1_ELIGIBILITY,v2026-08-11,2026-03-21..2026-08-06,baccarat_bet02_101_all_pairs_incl_sentinel,round_win = game_pnl > 0 (decisive only),COMPATIBILITY_ONLY_NOT_PRODUCTION,137057.2646,123357.9765,6641.6726,710,710,-0.04845911,-0.23923445,-0.04328177,-0.04845911,-6641.6726,137057.2646,OK,0.0000,265.6669,4.0000,96.0000,AG03-UNRESOLVED,ALL5_LEVELS_bet23_to_bet27,265.6669,265.6669,265.6669,265.6669,265.6669,4.000000,4.000000,4.000000,4.000000,4.000000,96.000000,96.000000,96.000000,96.000000,96.000000,5.0,1328.3345,1226.2341,5313.3381,5415.4385,PENDING_AG03,FALSE,NOT_FOR_ENFORCEMENT,6376.0057,118423.6574,6641.6726,6376.0057,265.6669,0.04845911,0.04652074,265.6669,6376.0057,0.04652074,265.6669,265.6669,265.6669,265.6669,265.6669,6376.0057,0.04652074,1328.3345,1226.2341,5313.3381,5415.4385,0.03876729,0.03951223,0.00193836,193.0384,173.7436,9.3545,510.8979,46.7723,10542.8665,54.6154,134.1201,195.3675,87.943,173.2652,261.8715,351.7721,436.4525,680.8702,131.9145,0.0,2.518986,3.929642,1.114121,23,99,14,2,0.02642138,0.04845911,0.23923445,0E-8,0.000000,0.900047,0.145070,-0.19595268,2026-04-03,2026-07-17,13,142,96,106,0.122642,0.686501,0.694784,0.088071,,,,,,,,GLOBAL_BASELINE_NO_ENTITY_RANKING,,,NOT_APPLICABLE_GLOBAL_BASELINE,HF9g-P5,,,,X 全窗基线 · 不参与实体赏罚,14193120,1420,A168_HF9F_20260827_0900,2026-08-27 09:00:00
2026-04-08,148183013,2201,0,131.9145193914,127.5173687450,127.5173687450,1.0000000,2,2,0.49994810000000000,0.499948100000,1.4143603653603398,1.4143603653603398,1.4143603653603398,0E-17,ELIGIBLE,R03b_20260811_FULL_v1,L1_ELIGIBILITY,v2026-08-11,2026-03-21..2026-08-06,baccarat_bet02_101_all_pairs_incl_sentinel,round_win = game_pnl > 0 (decisive only),COMPATIBILITY_ONLY_NOT_PRODUCTION,137057.2646,123357.9765,6641.6726,710,710,-0.04845911,-0.23923445,-0.04328177,-0.04845911,-6641.6726,137057.2646,OK,0.0000,265.6669,4.0000,96.0000,AG03-UNRESOLVED,ALL5_LEVELS_bet23_to_bet27,265.6669,265.6669,265.6669,265.6669,265.6669,4.000000,4.000000,4.000000,4.000000,4.000000,96.000000,96.000000,96.000000,96.000000,96.000000,5.0,1328.3345,1226.2341,5313.3381,5415.4385,PENDING_AG03,FALSE,NOT_FOR_ENFORCEMENT,6376.0057,118423.6574,6641.6726,6376.0057,265.6669,0.04845911,0.04652074,265.6669,6376.0057,0.04652074,265.6669,265.6669,265.6669,265.6669,265.6669,6376.0057,0.04652074,1328.3345,1226.2341,5313.3381,5415.4385,0.03876729,0.03951223,0.00193836,193.0384,173.7436,9.3545,510.8979,46.7723,10542.8665,54.6154,134.1201,195.3675,87.943,173.2652,261.8715,351.7721,436.4525,680.8702,131.9145,0.0,2.518986,3.929642,1.114121,23,99,14,2,0.02642138,0.04845911,0.23923445,0E-8,0.000000,0.900047,0.145070,-0.19595268,2026-04-03,2026-07-17,13,142,96,106,0.122642,0.686501,0.694784,0.088071,,,,,,,,GLOBAL_BASELINE_NO_ENTITY_RANKING,,,NOT_APPLICABLE_GLOBAL_BASELINE,HF9g-P5,,,,X 全窗基线 · 不参与实体赏罚,14193121,1420,A168_HF9F_20260827_0900,2026-08-27 09:00:00
2026-04-09,148183013,2201,0,219.8575323190,-131.9145193914,-131.9145193914,0.3333333,3,3,0.49324550000000000,0.493245500000,-0.5540025479526107,-0.5540025479526106,-0.5540025479526107,0E-17,ELIGIBLE,R03b_20260811_FULL_v1,L1_ELIGIBILITY,v2026-08-11,2026-03-21..2026-08-06,baccarat_bet02_101_all_pairs_incl_sentinel,round_win = game_pnl > 0 (decisive only),COMPATIBILITY_ONLY_NOT_PRODUCTION,137057.2646,123357.9765,6641.6726,710,710,-0.04845911,-0.23923445,-0.04328177,-0.04845911,-6641.6726,137057.2646,OK,0.0000,265.6669,4.0000,96.0000,AG03-UNRESOLVED,ALL5_LEVELS_bet23_to_bet27,265.6669,265.6669,265.6669,265.6669,265.6669,4.000000,4.000000,4.000000,4.000000,4.000000,96.000000,96.000000,96.000000,96.000000,96.000000,5.0,1328.3345,1226.2341,5313.3381,5415.4385,PENDING_AG03,FALSE,NOT_FOR_ENFORCEMENT,6376.0057,118423.6574,6641.6726,6376.0057,265.6669,0.04845911,0.04652074,265.6669,6376.0057,0.04652074,265.6669,265.6669,265.6669,265.6669,265.6669,6376.0057,0.04652074,1328.3345,1226.2341,5313.3381,5415.4385,0.03876729,0.03951223,0.00193836,193.0384,173.7436,9.3545,510.8979,46.7723,10542.8665,54.6154,134.1201,195.3675,87.943,173.2652,261.8715,351.7721,436.4525,680.8702,131.9145,0.0,2.518986,3.929642,1.114121,23,99,14,2,0.02642138,0.04845911,0.23923445,0E-8,0.000000,0.900047,0.145070,-0.19595268,2026-04-03,2026-07-17,13,142,96,106,0.122642,0.686501,0.694784,0.088071,,,,,,,,GLOBAL_BASELINE_NO_ENTITY_RANKING,,,NOT_APPLICABLE_GLOBAL_BASELINE,HF9g-P5,,,,X 全窗基线 · 不参与实体赏罚,14193122,1420,A168_HF9F_20260827_0900,2026-08-27 09:00:00
2026-04-17,148183013,1151,0,1917.1576818218,-356.1692023567,-356.1692023567,0.4545455,12,12,0.50329940000000000,0.503299400000,-0.3234041295018258,-0.3234041295018258,-0.3234041295018258,0E-17,ELIGIBLE,R03b_20260811_FULL_v1,L1_ELIGIBILITY,v2026-08-11,2026-03-21..2026-08-06,baccarat_bet02_101_all_pairs_incl_sentinel,round_win = game_pnl > 0 (decisive only),COMPATIBILITY_ONLY_NOT_PRODUCTION,137057.2646,123357.9765,6641.6726,710,710,-0.04845911,-0.23923445,-0.04328177,-0.04845911,-6641.6726,137057.2646,OK,0.0000,265.6669,4.0000,96.0000,AG03-UNRESOLVED,ALL5_LEVELS_bet23_to_bet27,265.6669,265.6669,265.6669,265.6669,265.6669,4.000000,4.000000,4.000000,4.000000,4.000000,96.000000,96.000000,96.000000,96.000000,96.000000,5.0,1328.3345,1226.2341,5313.3381,5415.4385,PENDING_AG03,FALSE,NOT_FOR_ENFORCEMENT,6376.0057,118423.6574,6641.6726,6376.0057,265.6669,0.04845911,0.04652074,265.6669,6376.0057,0.04652074,265.6669,265.6669,265.6669,265.6669,265.6669,6376.0057,0.04652074,1328.3345,1226.2341,5313.3381,5415.4385,0.03876729,0.03951223,0.00193836,193.0384,173.7436,9.3545,510.8979,46.7723,10542.8665,54.6154,134.1201,195.3675,87.943,173.2652,261.8715,351.7721,436.4525,680.8702,131.9145,0.0,2.518986,3.929642,1.114121,23,99,14,2,0.02642138,0.04845911,0.23923445,0E-8,0.000000,0.900047,0.145070,-0.19595268,2026-04-03,2026-07-17,13,142,96,106,0.122642,0.686501,0.694784,0.088071,,,,,,,,GLOBAL_BASELINE_NO_ENTITY_RANKING,,,NOT_APPLICABLE_GLOBAL_BASELINE,HF9g-P5,,,,X 全窗基线 · 不参与实体赏罚,14193123,1420,A168_HF9F_20260827_0900,2026-08-27 09:00:00
2026-04-17,148183013,1385,0,131.9145193914,-131.9145193914,-131.9145193914,0E-7,1,1,0.50665070000000000,0.506650700000,-1.013391052207602,-1.013391052207602,-1.013391052207602,0E-17,ELIGIBLE,R03b_20260811_FULL_v1,L1_ELIGIBILITY,v2026-08-11,2026-03-21..2026-08-06,baccarat_bet02_101_all_pairs_incl_sentinel,round_win = game_pnl > 0 (decisive only),COMPATIBILITY_ONLY_NOT_PRODUCTION,137057.2646,123357.9765,6641.6726,710,710,-0.04845911,-0.23923445,-0.04328177,-0.04845911,-6641.6726,137057.2646,OK,0.0000,265.6669,4.0000,96.0000,AG03-UNRESOLVED,ALL5_LEVELS_bet23_to_bet27,265.6669,265.6669,265.6669,265.6669,265.6669,4.000000,4.000000,4.000000,4.000000,4.000000,96.000000,96.000000,96.000000,96.000000,96.000000,5.0,1328.3345,1226.2341,5313.3381,5415.4385,PENDING_AG03,FALSE,NOT_FOR_ENFORCEMENT,6376.0057,118423.6574,6641.6726,6376.0057,265.6669,0.04845911,0.04652074,265.6669,6376.0057,0.04652074,265.6669,265.6669,265.6669,265.6669,265.6669,6376.0057,0.04652074,1328.3345,1226.2341,5313.3381,5415.4385,0.03876729,0.03951223,0.00193836,193.0384,173.7436,9.3545,510.8979,46.7723,10542.8665,54.6154,134.1201,195.3675,87.943,173.2652,261.8715,351.7721,436.4525,680.8702,131.9145,0.0,2.518986,3.929642,1.114121,23,99,14,2,0.02642138,0.04845911,0.23923445,0E-8,0.000000,0.900047,0.145070,-0.19595268,2026-04-03,2026-07-17,13,142,96,106,0.122642,0.686501,0.694784,0.088071,,,,,,,,GLOBAL_BASELINE_NO_ENTITY_RANKING,,,NOT_APPLICABLE_GLOBAL_BASELINE,HF9g-P5,,,,X 全窗基线 · 不参与实体赏罚,14193124,1420,A168_HF9F_20260827_0900,2026-08-27 09:00:00
2026-04-17,148183013,1402,0,3016.4453434174,860.5223814969,860.5223814969,0.5714286,16,16,0.50665070000000000,0.506650700000,0.48479609097518783,0.4847960909751879,0.48479609097518783,0E-17,ELIGIBLE,R03b_20260811_FULL_v1,L1_ELIGIBILITY,v2026-08-11,2026-03-21..2026-08-06,baccarat_bet02_101_all_pairs_incl_sentinel,round_win = game_pnl > 0 (decisive only),COMPATIBILITY_ONLY_NOT_PRODUCTION,137057.2646,123357.9765,6641.6726,710,710,-0.04845911,-0.23923445,-0.04328177,-0.04845911,-6641.6726,137057.2646,OK,0.0000,265.6669,4.0000,96.0000,AG03-UNRESOLVED,ALL5_LEVELS_bet23_to_bet27,265.6669,265.6669,265.6669,265.6669,265.6669,4.000000,4.000000,4.000000,4.000000,4.000000,96.000000,96.000000,96.000000,96.000000,96.000000,5.0,1328.3345,1226.2341,5313.3381,5415.4385,PENDING_AG03,FALSE,NOT_FOR_ENFORCEMENT,6376.0057,118423.6574,6641.6726,6376.0057,265.6669,0.04845911,0.04652074,265.6669,6376.0057,0.04652074,265.6669,265.6669,265.6669,265.6669,265.6669,6376.0057,0.04652074,1328.3345,1226.2341,5313.3381,5415.4385,0.03876729,0.03951223,0.00193836,193.0384,173.7436,9.3545,510.8979,46.7723,10542.8665,54.6154,134.1201,195.3675,87.943,173.2652,261.8715,351.7721,436.4525,680.8702,131.9145,0.0,2.518986,3.929642,1.114121,23,99,14,2,0.02642138,0.04845911,0.23923445,0E-8,0.000000,0.900047,0.145070,-0.19595268,2026-04-03,2026-07-17,13,142,96,106,0.122642,0.686501,0.694784,0.088071,,,,,,,,GLOBAL_BASELINE_NO_ENTITY_RANKING,,,NOT_APPLICABLE_GLOBAL_BASELINE,HF9g-P5,,,,X 全窗基线 · 不参与实体赏罚,14193125,1420,A168_HF9F_20260827_0900,2026-08-27 09:00:00
2026-04-17,148183013,1645,0,2066.6608037987,164.8931492395,164.8931492395,0.4666667,16,16,0.50497505000000000,0.504975050000,-0.2967501515025715,-0.2967501515025715,-0.2967501515025715,0E-17,ELIGIBLE,R03b_20260811_FULL_v1,L1_ELIGIBILITY,v2026-08-11,2026-03-21..2026-08-06,baccarat_bet02_101_all_pairs_incl_sentinel,round_win = game_pnl > 0 (decisive only),COMPATIBILITY_ONLY_NOT_PRODUCTION,137057.2646,123357.9765,6641.6726,710,710,-0.04845911,-0.23923445,-0.04328177,-0.04845911,-6641.6726,137057.2646,OK,0.0000,265.6669,4.0000,96.0000,AG03-UNRESOLVED,ALL5_LEVELS_bet23_to_bet27,265.6669,265.6669,265.6669,265.6669,265.6669,4.000000,4.000000,4.000000,4.000000,4.000000,96.000000,96.000000,96.000000,96.000000,96.000000,5.0,1328.3345,1226.2341,5313.3381,5415.4385,PENDING_AG03,FALSE,NOT_FOR_ENFORCEMENT,6376.0057,118423.6574,6641.6726,6376.0057,265.6669,0.04845911,0.04652074,265.6669,6376.0057,0.04652074,265.6669,265.6669,265.6669,265.6669,265.6669,6376.0057,0.04652074,1328.3345,1226.2341,5313.3381,5415.4385,0.03876729,0.03951223,0.00193836,193.0384,173.7436,9.3545,510.8979,46.7723,10542.8665,54.6154,134.1201,195.3675,87.943,173.2652,261.8715,351.7721,436.4525,680.8702,131.9145,0.0,2.518986,3.929642,1.114121,23,99,14,2,0.02642138,0.04845911,0.23923445,0E-8,0.000000,0.900047,0.145070,-0.19595268,2026-04-03,2026-07-17,13,142,96,106,0.122642,0.686501,0.694784,0.088071,,,,,,,,GLOBAL_BASELINE_NO_ENTITY_RANKING,,,NOT_APPLICABLE_GLOBAL_BASELINE,HF9g-P5,,,,X 全窗基线 · 不参与实体赏罚,14193126,1420,A168_HF9F_20260827_0900,2026-08-27 09:00:00
2026-04-17,148183013,1654,0,2981.2681382465,109.9287661594,109.9287661594,0.5833333,13,13,0.50665070000000000,0.506650700000,0.5313198725250433,0.5313198725250433,0.5313198725250433,0E-17,ELIGIBLE,R03b_20260811_FULL_v1,L1_ELIGIBILITY,v2026-08-11,2026-03-21..2026-08-06,baccarat_bet02_101_all_pairs_incl_sentinel,round_win = game_pnl > 0 (decisive only),COMPATIBILITY_ONLY_NOT_PRODUCTION,137057.2646,123357.9765,6641.6726,710,710,-0.04845911,-0.23923445,-0.04328177,-0.04845911,-6641.6726,137057.2646,OK,0.0000,265.6669,4.0000,96.0000,AG03-UNRESOLVED,ALL5_LEVELS_bet23_to_bet27,265.6669,265.6669,265.6669,265.6669,265.6669,4.000000,4.000000,4.000000,4.000000,4.000000,96.000000,96.000000,96.000000,96.000000,96.000000,5.0,1328.3345,1226.2341,5313.3381,5415.4385,PENDING_AG03,FALSE,NOT_FOR_ENFORCEMENT,6376.0057,118423.6574,6641.6726,6376.0057,265.6669,0.04845911,0.04652074,265.6669,6376.0057,0.04652074,265.6669,265.6669,265.6669,265.6669,265.6669,6376.0057,0.04652074,1328.3345,1226.2341,5313.3381,5415.4385,0.03876729,0.03951223,0.00193836,193.0384,173.7436,9.3545,510.8979,46.7723,10542.8665,54.6154,134.1201,195.3675,87.943,173.2652,261.8715,351.7721,436.4525,680.8702,131.9145,0.0,2.518986,3.929642,1.114121,23,99,14,2,0.02642138,0.04845911,0.23923445,0E-8,0.000000,0.900047,0.145070,-0.19595268,2026-04-03,2026-07-17,13,142,96,106,0.122642,0.686501,0.694784,0.088071,,,,,,,,GLOBAL_BASELINE_NO_ENTITY_RANKING,,,NOT_APPLICABLE_GLOBAL_BASELINE,HF9g-P5,,,,X 全窗基线 · 不参与实体赏罚,14193127,1420,A168_HF9F_20260827_0900,2026-08-27 09:00:00
2026-04-17,148183013,1947,0,407.1761498549,-407.1761498549,-407.1761498549,0E-7,2,2,0.50665070000000000,0.506650700000,-1.4331513700195317,-1.4331513700195317,-1.4331513700195317,0E-17,ELIGIBLE,R03b_20260811_FULL_v1,L1_ELIGIBILITY,v2026-08-11,2026-03-21..2026-08-06,baccarat_bet02_101_all_pairs_incl_sentinel,round_win = game_pnl > 0 (decisive only),COMPATIBILITY_ONLY_NOT_PRODUCTION,137057.2646,123357.9765,6641.6726,710,710,-0.04845911,-0.23923445,-0.04328177,-0.04845911,-6641.6726,137057.2646,OK,0.0000,265.6669,4.0000,96.0000,AG03-UNRESOLVED,ALL5_LEVELS_bet23_to_bet27,265.6669,265.6669,265.6669,265.6669,265.6669,4.000000,4.000000,4.000000,4.000000,4.000000,96.000000,96.000000,96.000000,96.000000,96.000000,5.0,1328.3345,1226.2341,5313.3381,5415.4385,PENDING_AG03,FALSE,NOT_FOR_ENFORCEMENT,6376.0057,118423.6574,6641.6726,6376.0057,265.6669,0.04845911,0.04652074,265.6669,6376.0057,0.04652074,265.6669,265.6669,265.6669,265.6669,265.6669,6376.0057,0.04652074,1328.3345,1226.2341,5313.3381,5415.4385,0.03876729,0.03951223,0.00193836,193.0384,173.7436,9.3545,510.8979,46.7723,10542.8665,54.6154,134.1201,195.3675,87.943,173.2652,261.8715,351.7721,436.4525,680.8702,131.9145,0.0,2.518986,3.929642,1.114121,23,99,14,2,0.02642138,0.04845911,0.23923445,0E-8,0.000000,0.900047,0.145070,-0.19595268,2026-04-03,2026-07-17,13,142,96,106,0.122642,0.686501,0.694784,0.088071,,,,,,,,GLOBAL_BASELINE_NO_ENTITY_RANKING,,,NOT_APPLICABLE_GLOBAL_BASELINE,HF9g-P5,,,,X 全窗基线 · 不参与实体赏罚,14193128,1420,A168_HF9F_20260827_0900,2026-08-27 09:00:00
2026-04-17,148183013,1985,0,967.3731422036,65.9572596957,65.9572596957,0.6250000,8,8,0.50329940000000000,0.503299400000,0.6884575455922034,0.6884575455922034,0.6884575455922034,0E-17,ELIGIBLE,R03b_20260811_FULL_v1,L1_ELIGIBILITY,v2026-08-11,2026-03-21..2026-08-06,baccarat_bet02_101_all_pairs_incl_sentinel,round_win = game_pnl > 0 (decisive only),COMPATIBILITY_ONLY_NOT_PRODUCTION,137057.2646,123357.9765,6641.6726,710,710,-0.04845911,-0.23923445,-0.04328177,-0.04845911,-6641.6726,137057.2646,OK,0.0000,265.6669,4.0000,96.0000,AG03-UNRESOLVED,ALL5_LEVELS_bet23_to_bet27,265.6669,265.6669,265.6669,265.6669,265.6669,4.000000,4.000000,4.000000,4.000000,4.000000,96.000000,96.000000,96.000000,96.000000,96.000000,5.0,1328.3345,1226.2341,5313.3381,5415.4385,PENDING_AG03,FALSE,NOT_FOR_ENFORCEMENT,6376.0057,118423.6574,6641.6726,6376.0057,265.6669,0.04845911,0.04652074,265.6669,6376.0057,0.04652074,265.6669,265.6669,265.6669,265.6669,265.6669,6376.0057,0.04652074,1328.3345,1226.2341,5313.3381,5415.4385,0.03876729,0.03951223,0.00193836,193.0384,173.7436,9.3545,510.8979,46.7723,10542.8665,54.6154,134.1201,195.3675,87.943,173.2652,261.8715,351.7721,436.4525,680.8702,131.9145,0.0,2.518986,3.929642,1.114121,23,99,14,2,0.02642138,0.04845911,0.23923445,0E-8,0.000000,0.900047,0.145070,-0.19595268,2026-04-03,2026-07-17,13,142,96,106,0.122642,0.686501,0.694784,0.088071,,,,,,,,GLOBAL_BASELINE_NO_ENTITY_RANKING,,,NOT_APPLICABLE_GLOBAL_BASELINE,HF9g-P5,,,,X 全窗基线 · 不参与实体赏罚,14193129,1420,A168_HF9F_20260827_0900,2026-08-27 09:00:00
2026-04-17,148183013,2121,0,131.9145193914,-131.9145193914,-131.9145193914,0E-7,1,1,0.50665070000000000,0.506650700000,-1.013391052207602,-1.013391052207602,-1.013391052207602,0E-17,ELIGIBLE,R03b_20260811_FULL_v1,L1_ELIGIBILITY,v2026-08-11,2026-03-21..2026-08-06,baccarat_bet02_101_all_pairs_incl_sentinel,round_win = game_pnl > 0 (decisive only),COMPATIBILITY_ONLY_NOT_PRODUCTION,137057.2646,123357.9765,6641.6726,710,710,-0.04845911,-0.23923445,-0.04328177,-0.04845911,-6641.6726,137057.2646,OK,0.0000,265.6669,4.0000,96.0000,AG03-UNRESOLVED,ALL5_LEVELS_bet23_to_bet27,265.6669,265.6669,265.6669,265.6669,265.6669,4.000000,4.000000,4.000000,4.000000,4.000000,96.000000,96.000000,96.000000,96.000000,96.000000,5.0,1328.3345,1226.2341,5313.3381,5415.4385,PENDING_AG03,FALSE,NOT_FOR_ENFORCEMENT,6376.0057,118423.6574,6641.6726,6376.0057,265.6669,0.04845911,0.04652074,265.6669,6376.0057,0.04652074,265.6669,265.6669,265.6669,265.6669,265.6669,6376.0057,0.04652074,1328.3345,1226.2341,5313.3381,5415.4385,0.03876729,0.03951223,0.00193836,193.0384,173.7436,9.3545,510.8979,46.7723,10542.8665,54.6154,134.1201,195.3675,87.943,173.2652,261.8715,351.7721,436.4525,680.8702,131.9145,0.0,2.518986,3.929642,1.114121,23,99,14,2,0.02642138,0.04845911,0.23923445,0E-8,0.000000,0.900047,0.145070,-0.19595268,2026-04-03,2026-07-17,13,142,96,106,0.122642,0.686501,0.694784,0.088071,,,,,,,,GLOBAL_BASELINE_NO_ENTITY_RANKING,,,NOT_APPLICABLE_GLOBAL_BASELINE,HF9g-P5,,,,X 全窗基线 · 不参与实体赏罚,14193130,1420,A168_HF9F_20260827_0900,2026-08-27 09:00:00
2026-04-17,148183013,2177,0,395.7435581742,-263.8290387828,-263.8290387828,0E-7,3,3,0.50218230000000000,0.502182300000,-1.4203995680682369,-1.4203995680682369,-1.4203995680682369,0E-17,ELIGIBLE,R03b_20260811_FULL_v1,L1_ELIGIBILITY,v2026-08-11,2026-03-21..2026-08-06,baccarat_bet02_101_all_pairs_incl_sentinel,round_win = game_pnl > 0 (decisive only),COMPATIBILITY_ONLY_NOT_PRODUCTION,137057.2646,123357.9765,6641.6726,710,710,-0.04845911,-0.23923445,-0.04328177,-0.04845911,-6641.6726,137057.2646,OK,0.0000,265.6669,4.0000,96.0000,AG03-UNRESOLVED,ALL5_LEVELS_bet23_to_bet27,265.6669,265.6669,265.6669,265.6669,265.6669,4.000000,4.000000,4.000000,4.000000,4.000000,96.000000,96.000000,96.000000,96.000000,96.000000,5.0,1328.3345,1226.2341,5313.3381,5415.4385,PENDING_AG03,FALSE,NOT_FOR_ENFORCEMENT,6376.0057,118423.6574,6641.6726,6376.0057,265.6669,0.04845911,0.04652074,265.6669,6376.0057,0.04652074,265.6669,265.6669,265.6669,265.6669,265.6669,6376.0057,0.04652074,1328.3345,1226.2341,5313.3381,5415.4385,0.03876729,0.03951223,0.00193836,193.0384,173.7436,9.3545,510.8979,46.7723,10542.8665,54.6154,134.1201,195.3675,87.943,173.2652,261.8715,351.7721,436.4525,680.8702,131.9145,0.0,2.518986,3.929642,1.114121,23,99,14,2,0.02642138,0.04845911,0.23923445,0E-8,0.000000,0.900047,0.145070,-0.19595268,2026-04-03,2026-07-17,13,142,96,106,0.122642,0.686501,0.694784,0.088071,,,,,,,,GLOBAL_BASELINE_NO_ENTITY_RANKING,,,NOT_APPLICABLE_GLOBAL_BASELINE,HF9g-P5,,,,X 全窗基线 · 不参与实体赏罚,14193131,1420,A168_HF9F_20260827_0900,2026-08-27 09:00:00
2026-05-01,148183013,1115,0,130.9357541899,-130.9357541899,-130.9357541899,0E-7,1,1,0.50665070000000000,0.506650700000,-1.013391052207602,-1.013391052207602,-1.013391052207602,0E-17,ELIGIBLE,R03b_20260811_FULL_v1,L1_ELIGIBILITY,v2026-08-11,2026-03-21..2026-08-06,baccarat_bet02_101_all_pairs_incl_sentinel,round_win = game_pnl > 0 (decisive only),COMPATIBILITY_ONLY_NOT_PRODUCTION,137057.2646,123357.9765,6641.6726,710,710,-0.04845911,-0.23923445,-0.04328177,-0.04845911,-6641.6726,137057.2646,OK,0.0000,265.6669,4.0000,96.0000,AG03-UNRESOLVED,ALL5_LEVELS_bet23_to_bet27,265.6669,265.6669,265.6669,265.6669,265.6669,4.000000,4.000000,4.000000,4.000000,4.000000,96.000000,96.000000,96.000000,96.000000,96.000000,5.0,1328.3345,1226.2341,5313.3381,5415.4385,PENDING_AG03,FALSE,NOT_FOR_ENFORCEMENT,6376.0057,118423.6574,6641.6726,6376.0057,265.6669,0.04845911,0.04652074,265.6669,6376.0057,0.04652074,265.6669,265.6669,265.6669,265.6669,265.6669,6376.0057,0.04652074,1328.3345,1226.2341,5313.3381,5415.4385,0.03876729,0.03951223,0.00193836,193.0384,173.7436,9.3545,510.8979,46.7723,10542.8665,54.6154,134.1201,195.3675,87.943,173.2652,261.8715,351.7721,436.4525,680.8702,131.9145,0.0,2.518986,3.929642,1.114121,23,99,14,2,0.02642138,0.04845911,0.23923445,0E-8,0.000000,0.900047,0.145070,-0.19595268,2026-04-03,2026-07-17,13,142,96,106,0.122642,0.686501,0.694784,0.088071,,,,,,,,GLOBAL_BASELINE_NO_ENTITY_RANKING,,,NOT_APPLICABLE_GLOBAL_BASELINE,HF9g-P5,,,,X 全窗基线 · 不参与实体赏罚,14193132,1420,A168_HF9F_20260827_0900,2026-08-27 09:00:00
2026-05-01,148183013,1157,0,698.3240223464,-523.7430167598,-523.7430167598,0E-7,3,3,0.50665070000000000,0.506650700000,-1.4331513700195317,-1.4331513700195317,-1.4331513700195317,0E-17,ELIGIBLE,R03b_20260811_FULL_v1,L1_ELIGIBILITY,v2026-08-11,2026-03-21..2026-08-06,baccarat_bet02_101_all_pairs_incl_sentinel,round_win = game_pnl > 0 (decisive only),COMPATIBILITY_ONLY_NOT_PRODUCTION,137057.2646,123357.9765,6641.6726,710,710,-0.04845911,-0.23923445,-0.04328177,-0.04845911,-6641.6726,137057.2646,OK,0.0000,265.6669,4.0000,96.0000,AG03-UNRESOLVED,ALL5_LEVELS_bet23_to_bet27,265.6669,265.6669,265.6669,265.6669,265.6669,4.000000,4.000000,4.000000,4.000000,4.000000,96.000000,96.000000,96.000000,96.000000,96.000000,5.0,1328.3345,1226.2341,5313.3381,5415.4385,PENDING_AG03,FALSE,NOT_FOR_ENFORCEMENT,6376.0057,118423.6574,6641.6726,6376.0057,265.6669,0.04845911,0.04652074,265.6669,6376.0057,0.04652074,265.6669,265.6669,265.6669,265.6669,265.6669,6376.0057,0.04652074,1328.3345,1226.2341,5313.3381,5415.4385,0.03876729,0.03951223,0.00193836,193.0384,173.7436,9.3545,510.8979,46.7723,10542.8665,54.6154,134.1201,195.3675,87.943,173.2652,261.8715,351.7721,436.4525,680.8702,131.9145,0.0,2.518986,3.929642,1.114121,23,99,14,2,0.02642138,0.04845911,0.23923445,0E-8,0.000000,0.900047,0.145070,-0.19595268,2026-04-03,2026-07-17,13,142,96,106,0.122642,0.686501,0.694784,0.088071,,,,,,,,GLOBAL_BASELINE_NO_ENTITY_RANKING,,,NOT_APPLICABLE_GLOBAL_BASELINE,HF9g-P5,,,,X 全窗基线 · 不参与实体赏罚,14193133,1420,A168_HF9F_20260827_0900,2026-08-27 09:00:00
2026-05-01,148183013,1325,0,2094.9720670388,346.9797486033,346.9797486033,0.6000000,12,12,0.49994810000000000,0.499948100000,0.6327837798637467,0.6327837798637467,0.6327837798637467,0E-17,ELIGIBLE,R03b_20260811_FULL_v1,L1_ELIGIBILITY,v2026-08-11,2026-03-21..2026-08-06,baccarat_bet02_101_all_pairs_incl_sentinel,round_win = game_pnl > 0 (decisive only),COMPATIBILITY_ONLY_NOT_PRODUCTION,137057.2646,123357.9765,6641.6726,710,710,-0.04845911,-0.23923445,-0.04328177,-0.04845911,-6641.6726,137057.2646,OK,0.0000,265.6669,4.0000,96.0000,AG03-UNRESOLVED,ALL5_LEVELS_bet23_to_bet27,265.6669,265.6669,265.6669,265.6669,265.6669,4.000000,4.000000,4.000000,4.000000,4.000000,96.000000,96.000000,96.000000,96.000000,96.000000,5.0,1328.3345,1226.2341,5313.3381,5415.4385,PENDING_AG03,FALSE,NOT_FOR_ENFORCEMENT,6376.0057,118423.6574,6641.6726,6376.0057,265.6669,0.04845911,0.04652074,265.6669,6376.0057,0.04652074,265.6669,265.6669,265.6669,265.6669,265.6669,6376.0057,0.04652074,1328.3345,1226.2341,5313.3381,5415.4385,0.03876729,0.03951223,0.00193836,193.0384,173.7436,9.3545,510.8979,46.7723,10542.8665,54.6154,134.1201,195.3675,87.943,173.2652,261.8715,351.7721,436.4525,680.8702,131.9145,0.0,2.518986,3.929642,1.114121,23,99,14,2,0.02642138,0.04845911,0.23923445,0E-8,0.000000,0.900047,0.145070,-0.19595268,2026-04-03,2026-07-17,13,142,96,106,0.122642,0.686501,0.694784,0.088071,,,,,,,,GLOBAL_BASELINE_NO_ENTITY_RANKING,,,NOT_APPLICABLE_GLOBAL_BASELINE,HF9g-P5,,,,X 全窗基线 · 不参与实体赏罚,14193134,1420,A168_HF9F_20260827_0900,2026-08-27 09:00:00
2026-05-01,148183013,1399,0,392.8072625697,-137.4825418994,-137.4825418994,0.3333333,3,3,0.50665070000000000,0.506650700000,-0.6004420894325239,-0.6004420894325239,-0.6004420894325239,0E-17,ELIGIBLE,R03b_20260811_FULL_v1,L1_ELIGIBILITY,v2026-08-11,2026-03-21..2026-08-06,baccarat_bet02_101_all_pairs_incl_sentinel,round_win = game_pnl > 0 (decisive only),COMPATIBILITY_ONLY_NOT_PRODUCTION,137057.2646,123357.9765,6641.6726,710,710,-0.04845911,-0.23923445,-0.04328177,-0.04845911,-6641.6726,137057.2646,OK,0.0000,265.6669,4.0000,96.0000,AG03-UNRESOLVED,ALL5_LEVELS_bet23_to_bet27,265.6669,265.6669,265.6669,265.6669,265.6669,4.000000,4.000000,4.000000,4.000000,4.000000,96.000000,96.000000,96.000000,96.000000,96.000000,5.0,1328.3345,1226.2341,5313.3381,5415.4385,PENDING_AG03,FALSE,NOT_FOR_ENFORCEMENT,6376.0057,118423.6574,6641.6726,6376.0057,265.6669,0.04845911,0.04652074,265.6669,6376.0057,0.04652074,265.6669,265.6669,265.6669,265.6669,265.6669,6376.0057,0.04652074,1328.3345,1226.2341,5313.3381,5415.4385,0.03876729,0.03951223,0.00193836,193.0384,173.7436,9.3545,510.8979,46.7723,10542.8665,54.6154,134.1201,195.3675,87.943,173.2652,261.8715,351.7721,436.4525,680.8702,131.9145,0.0,2.518986,3.929642,1.114121,23,99,14,2,0.02642138,0.04845911,0.23923445,0E-8,0.000000,0.900047,0.145070,-0.19595268,2026-04-03,2026-07-17,13,142,96,106,0.122642,0.686501,0.694784,0.088071,,,,,,,,GLOBAL_BASELINE_NO_ENTITY_RANKING,,,NOT_APPLICABLE_GLOBAL_BASELINE,HF9g-P5,,,,X 全窗基线 · 不参与实体赏罚,14193135,1420,A168_HF9F_20260827_0900,2026-08-27 09:00:00
2026-05-01,148183013,1509,0,130.9357541899,130.9357541899,130.9357541899,1.0000000,1,1,0.49324550000000000,0.493245500000,1.01360149184955,1.01360149184955,1.01360149184955,0E-17,ELIGIBLE,R03b_20260811_FULL_v1,L1_ELIGIBILITY,v2026-08-11,2026-03-21..2026-08-06,baccarat_bet02_101_all_pairs_incl_sentinel,round_win = game_pnl > 0 (decisive only),COMPATIBILITY_ONLY_NOT_PRODUCTION,137057.2646,123357.9765,6641.6726,710,710,-0.04845911,-0.23923445,-0.04328177,-0.04845911,-6641.6726,137057.2646,OK,0.0000,265.6669,4.0000,96.0000,AG03-UNRESOLVED,ALL5_LEVELS_bet23_to_bet27,265.6669,265.6669,265.6669,265.6669,265.6669,4.000000,4.000000,4.000000,4.000000,4.000000,96.000000,96.000000,96.000000,96.000000,96.000000,5.0,1328.3345,1226.2341,5313.3381,5415.4385,PENDING_AG03,FALSE,NOT_FOR_ENFORCEMENT,6376.0057,118423.6574,6641.6726,6376.0057,265.6669,0.04845911,0.04652074,265.6669,6376.0057,0.04652074,265.6669,265.6669,265.6669,265.6669,265.6669,6376.0057,0.04652074,1328.3345,1226.2341,5313.3381,5415.4385,0.03876729,0.03951223,0.00193836,193.0384,173.7436,9.3545,510.8979,46.7723,10542.8665,54.6154,134.1201,195.3675,87.943,173.2652,261.8715,351.7721,436.4525,680.8702,131.9145,0.0,2.518986,3.929642,1.114121,23,99,14,2,0.02642138,0.04845911,0.23923445,0E-8,0.000000,0.900047,0.145070,-0.19595268,2026-04-03,2026-07-17,13,142,96,106,0.122642,0.686501,0.694784,0.088071,,,,,,,,GLOBAL_BASELINE_NO_ENTITY_RANKING,,,NOT_APPLICABLE_GLOBAL_BASELINE,HF9g-P5,,,,X 全窗基线 · 不参与实体赏罚,14193136,1420,A168_HF9F_20260827_0900,2026-08-27 09:00:00
2026-05-01,148183013,2117,0,2250.3491620113,-884.2527932962,-884.2527932962,0.2222222,10,10,0.49726706000000000,0.497267060000,-1.6502936788091886,-1.6502936788091886,-1.6502936788091886,0E-17,ELIGIBLE,R03b_20260811_FULL_v1,L1_ELIGIBILITY,v2026-08-11,2026-03-21..2026-08-06,baccarat_bet02_101_all_pairs_incl_sentinel,round_win = game_pnl > 0 (decisive only),COMPATIBILITY_ONLY_NOT_PRODUCTION,137057.2646,123357.9765,6641.6726,710,710,-0.04845911,-0.23923445,-0.04328177,-0.04845911,-6641.6726,137057.2646,OK,0.0000,265.6669,4.0000,96.0000,AG03-UNRESOLVED,ALL5_LEVELS_bet23_to_bet27,265.6669,265.6669,265.6669,265.6669,265.6669,4.000000,4.000000,4.000000,4.000000,4.000000,96.000000,96.000000,96.000000,96.000000,96.000000,5.0,1328.3345,1226.2341,5313.3381,5415.4385,PENDING_AG03,FALSE,NOT_FOR_ENFORCEMENT,6376.0057,118423.6574,6641.6726,6376.0057,265.6669,0.04845911,0.04652074,265.6669,6376.0057,0.04652074,265.6669,265.6669,265.6669,265.6669,265.6669,6376.0057,0.04652074,1328.3345,1226.2341,5313.3381,5415.4385,0.03876729,0.03951223,0.00193836,193.0384,173.7436,9.3545,510.8979,46.7723,10542.8665,54.6154,134.1201,195.3675,87.943,173.2652,261.8715,351.7721,436.4525,680.8702,131.9145,0.0,2.518986,3.929642,1.114121,23,99,14,2,0.02642138,0.04845911,0.23923445,0E-8,0.000000,0.900047,0.145070,-0.19595268,2026-04-03,2026-07-17,13,142,96,106,0.122642,0.686501,0.694784,0.088071,,,,,,,,GLOBAL_BASELINE_NO_ENTITY_RANKING,,,NOT_APPLICABLE_GLOBAL_BASELINE,HF9g-P5,,,,X 全窗基线 · 不参与实体赏罚,14193137,1420,A168_HF9F_20260827_0900,2026-08-27 09:00:00
2026-05-01,148183013,2174,0,401.5363128491,-270.6005586592,-270.6005586592,0E-7,3,3,0.49771390000000000,0.497713900000,-1.4077622098436522,-1.4077622098436524,-1.4077622098436522,0E-17,ELIGIBLE,R03b_20260811_FULL_v1,L1_ELIGIBILITY,v2026-08-11,2026-03-21..2026-08-06,baccarat_bet02_101_all_pairs_incl_sentinel,round_win = game_pnl > 0 (decisive only),COMPATIBILITY_ONLY_NOT_PRODUCTION,137057.2646,123357.9765,6641.6726,710,710,-0.04845911,-0.23923445,-0.04328177,-0.04845911,-6641.6726,137057.2646,OK,0.0000,265.6669,4.0000,96.0000,AG03-UNRESOLVED,ALL5_LEVELS_bet23_to_bet27,265.6669,265.6669,265.6669,265.6669,265.6669,4.000000,4.000000,4.000000,4.000000,4.000000,96.000000,96.000000,96.000000,96.000000,96.000000,5.0,1328.3345,1226.2341,5313.3381,5415.4385,PENDING_AG03,FALSE,NOT_FOR_ENFORCEMENT,6376.0057,118423.6574,6641.6726,6376.0057,265.6669,0.04845911,0.04652074,265.6669,6376.0057,0.04652074,265.6669,265.6669,265.6669,265.6669,265.6669,6376.0057,0.04652074,1328.3345,1226.2341,5313.3381,5415.4385,0.03876729,0.03951223,0.00193836,193.0384,173.7436,9.3545,510.8979,46.7723,10542.8665,54.6154,134.1201,195.3675,87.943,173.2652,261.8715,351.7721,436.4525,680.8702,131.9145,0.0,2.518986,3.929642,1.114121,23,99,14,2,0.02642138,0.04845911,0.23923445,0E-8,0.000000,0.900047,0.145070,-0.19595268,2026-04-03,2026-07-17,13,142,96,106,0.122642,0.686501,0.694784,0.088071,,,,,,,,GLOBAL_BASELINE_NO_ENTITY_RANKING,,,NOT_APPLICABLE_GLOBAL_BASELINE,HF9g-P5,,,,X 全窗基线 · 不参与实体赏罚,14193138,1420,A168_HF9F_20260827_0900,2026-08-27 09:00:00
2026-05-01,148183013,2188,0,654.6787709495,-399.3540502792,-399.3540502792,0.2000000,5,5,0.50128862000000000,0.501288620000,-1.347408145195933,-1.347408145195933,-1.347408145195933,0E-17,ELIGIBLE,R03b_20260811_FULL_v1,L1_ELIGIBILITY,v2026-08-11,2026-03-21..2026-08-06,baccarat_bet02_101_all_pairs_incl_sentinel,round_win = game_pnl > 0 (decisive only),COMPATIBILITY_ONLY_NOT_PRODUCTION,137057.2646,123357.9765,6641.6726,710,710,-0.04845911,-0.23923445,-0.04328177,-0.04845911,-6641.6726,137057.2646,OK,0.0000,265.6669,4.0000,96.0000,AG03-UNRESOLVED,ALL5_LEVELS_bet23_to_bet27,265.6669,265.6669,265.6669,265.6669,265.6669,4.000000,4.000000,4.000000,4.000000,4.000000,96.000000,96.000000,96.000000,96.000000,96.000000,5.0,1328.3345,1226.2341,5313.3381,5415.4385,PENDING_AG03,FALSE,NOT_FOR_ENFORCEMENT,6376.0057,118423.6574,6641.6726,6376.0057,265.6669,0.04845911,0.04652074,265.6669,6376.0057,0.04652074,265.6669,265.6669,265.6669,265.6669,265.6669,6376.0057,0.04652074,1328.3345,1226.2341,5313.3381,5415.4385,0.03876729,0.03951223,0.00193836,193.0384,173.7436,9.3545,510.8979,46.7723,10542.8665,54.6154,134.1201,195.3675,87.943,173.2652,261.8715,351.7721,436.4525,680.8702,131.9145,0.0,2.518986,3.929642,1.114121,23,99,14,2,0.02642138,0.04845911,0.23923445,0E-8,0.000000,0.900047,0.145070,-0.19595268,2026-04-03,2026-07-17,13,142,96,106,0.122642,0.686501,0.694784,0.088071,,,,,,,,GLOBAL_BASELINE_NO_ENTITY_RANKING,,,NOT_APPLICABLE_GLOBAL_BASELINE,HF9g-P5,,,,X 全窗基线 · 不参与实体赏罚,14193139,1420,A168_HF9F_20260827_0900,2026-08-27 09:00:00
2026-05-01,148183013,2209,0,3055.1675977655,-501.9203910615,-501.9203910615,0.4000000,5,5,0.50128862000000000,0.501288620000,-0.4529779837142727,-0.4529779837142727,-0.4529779837142727,0E-17,ELIGIBLE,R03b_20260811_FULL_v1,L1_ELIGIBILITY,v2026-08-11,2026-03-21..2026-08-06,baccarat_bet02_101_all_pairs_incl_sentinel,round_win = game_pnl > 0 (decisive only),COMPATIBILITY_ONLY_NOT_PRODUCTION,137057.2646,123357.9765,6641.6726,710,710,-0.04845911,-0.23923445,-0.04328177,-0.04845911,-6641.6726,137057.2646,OK,0.0000,265.6669,4.0000,96.0000,AG03-UNRESOLVED,ALL5_LEVELS_bet23_to_bet27,265.6669,265.6669,265.6669,265.6669,265.6669,4.000000,4.000000,4.000000,4.000000,4.000000,96.000000,96.000000,96.000000,96.000000,96.000000,5.0,1328.3345,1226.2341,5313.3381,5415.4385,PENDING_AG03,FALSE,NOT_FOR_ENFORCEMENT,6376.0057,118423.6574,6641.6726,6376.0057,265.6669,0.04845911,0.04652074,265.6669,6376.0057,0.04652074,265.6669,265.6669,265.6669,265.6669,265.6669,6376.0057,0.04652074,1328.3345,1226.2341,5313.3381,5415.4385,0.03876729,0.03951223,0.00193836,193.0384,173.7436,9.3545,510.8979,46.7723,10542.8665,54.6154,134.1201,195.3675,87.943,173.2652,261.8715,351.7721,436.4525,680.8702,131.9145,0.0,2.518986,3.929642,1.114121,23,99,14,2,0.02642138,0.04845911,0.23923445,0E-8,0.000000,0.900047,0.145070,-0.19595268,2026-04-03,2026-07-17,13,142,96,106,0.122642,0.686501,0.694784,0.088071,,,,,,,,GLOBAL_BASELINE_NO_ENTITY_RANKING,,,NOT_APPLICABLE_GLOBAL_BASELINE,HF9g-P5,,,,X 全窗基线 · 不参与实体赏罚,14193140,1420,A168_HF9F_20260827_0900,2026-08-27 09:00:00
2026-05-01,148183013,2223,0,2339.3854748605,-785.6145251397,-785.6145251397,0.3333333,7,7,0.50090561428571429,0.500905614286,-0.8209345132943034,-0.820934513295704,-0.8209345132943034,-2.8571E-13,ELIGIBLE,R03b_20260811_FULL_v1,L1_ELIGIBILITY,v2026-08-11,2026-03-21..2026-08-06,baccarat_bet02_101_all_pairs_incl_sentinel,round_win = game_pnl > 0 (decisive only),COMPATIBILITY_ONLY_NOT_PRODUCTION,137057.2646,123357.9765,6641.6726,710,710,-0.04845911,-0.23923445,-0.04328177,-0.04845911,-6641.6726,137057.2646,OK,0.0000,265.6669,4.0000,96.0000,AG03-UNRESOLVED,ALL5_LEVELS_bet23_to_bet27,265.6669,265.6669,265.6669,265.6669,265.6669,4.000000,4.000000,4.000000,4.000000,4.000000,96.000000,96.000000,96.000000,96.000000,96.000000,5.0,1328.3345,1226.2341,5313.3381,5415.4385,PENDING_AG03,FALSE,NOT_FOR_ENFORCEMENT,6376.0057,118423.6574,6641.6726,6376.0057,265.6669,0.04845911,0.04652074,265.6669,6376.0057,0.04652074,265.6669,265.6669,265.6669,265.6669,265.6669,6376.0057,0.04652074,1328.3345,1226.2341,5313.3381,5415.4385,0.03876729,0.03951223,0.00193836,193.0384,173.7436,9.3545,510.8979,46.7723,10542.8665,54.6154,134.1201,195.3675,87.943,173.2652,261.8715,351.7721,436.4525,680.8702,131.9145,0.0,2.518986,3.929642,1.114121,23,99,14,2,0.02642138,0.04845911,0.23923445,0E-8,0.000000,0.900047,0.145070,-0.19595268,2026-04-03,2026-07-17,13,142,96,106,0.122642,0.686501,0.694784,0.088071,,,,,,,,GLOBAL_BASELINE_NO_ENTITY_RANKING,,,NOT_APPLICABLE_GLOBAL_BASELINE,HF9g-P5,,,,X 全窗基线 · 不参与实体赏罚,14193141,1420,A168_HF9F_20260827_0900,2026-08-27 09:00:00
2026-05-01,148183013,2233,0,1728.3519553070,278.8931564245,278.8931564245,0.6666667,9,9,0.49920336666666667,0.499203366667,1.0047810753185216,1.0047810753165205,1.0047810753185216,-3.3333E-13,ELIGIBLE,R03b_20260811_FULL_v1,L1_ELIGIBILITY,v2026-08-11,2026-03-21..2026-08-06,baccarat_bet02_101_all_pairs_incl_sentinel,round_win = game_pnl > 0 (decisive only),COMPATIBILITY_ONLY_NOT_PRODUCTION,137057.2646,123357.9765,6641.6726,710,710,-0.04845911,-0.23923445,-0.04328177,-0.04845911,-6641.6726,137057.2646,OK,0.0000,265.6669,4.0000,96.0000,AG03-UNRESOLVED,ALL5_LEVELS_bet23_to_bet27,265.6669,265.6669,265.6669,265.6669,265.6669,4.000000,4.000000,4.000000,4.000000,4.000000,96.000000,96.000000,96.000000,96.000000,96.000000,5.0,1328.3345,1226.2341,5313.3381,5415.4385,PENDING_AG03,FALSE,NOT_FOR_ENFORCEMENT,6376.0057,118423.6574,6641.6726,6376.0057,265.6669,0.04845911,0.04652074,265.6669,6376.0057,0.04652074,265.6669,265.6669,265.6669,265.6669,265.6669,6376.0057,0.04652074,1328.3345,1226.2341,5313.3381,5415.4385,0.03876729,0.03951223,0.00193836,193.0384,173.7436,9.3545,510.8979,46.7723,10542.8665,54.6154,134.1201,195.3675,87.943,173.2652,261.8715,351.7721,436.4525,680.8702,131.9145,0.0,2.518986,3.929642,1.114121,23,99,14,2,0.02642138,0.04845911,0.23923445,0E-8,0.000000,0.900047,0.145070,-0.19595268,2026-04-03,2026-07-17,13,142,96,106,0.122642,0.686501,0.694784,0.088071,,,,,,,,GLOBAL_BASELINE_NO_ENTITY_RANKING,,,NOT_APPLICABLE_GLOBAL_BASELINE,HF9g-P5,,,,X 全窗基线 · 不参与实体赏罚,14193142,1420,A168_HF9F_20260827_0900,2026-08-27 09:00:00
2026-05-01,148183013,2242,0,977.6536312849,-113.4776536312,-113.4776536312,0.4000000,5,5,0.49860758000000000,0.498607580000,-0.440988213962219,-0.440988213962219,-0.440988213962219,0E-17,ELIGIBLE,R03b_20260811_FULL_v1,L1_ELIGIBILITY,v2026-08-11,2026-03-21..2026-08-06,baccarat_bet02_101_all_pairs_incl_sentinel,round_win = game_pnl > 0 (decisive only),COMPATIBILITY_ONLY_NOT_PRODUCTION,137057.2646,123357.9765,6641.6726,710,710,-0.04845911,-0.23923445,-0.04328177,-0.04845911,-6641.6726,137057.2646,OK,0.0000,265.6669,4.0000,96.0000,AG03-UNRESOLVED,ALL5_LEVELS_bet23_to_bet27,265.6669,265.6669,265.6669,265.6669,265.6669,4.000000,4.000000,4.000000,4.000000,4.000000,96.000000,96.000000,96.000000,96.000000,96.000000,5.0,1328.3345,1226.2341,5313.3381,5415.4385,PENDING_AG03,FALSE,NOT_FOR_ENFORCEMENT,6376.0057,118423.6574,6641.6726,6376.0057,265.6669,0.04845911,0.04652074,265.6669,6376.0057,0.04652074,265.6669,265.6669,265.6669,265.6669,265.6669,6376.0057,0.04652074,1328.3345,1226.2341,5313.3381,5415.4385,0.03876729,0.03951223,0.00193836,193.0384,173.7436,9.3545,510.8979,46.7723,10542.8665,54.6154,134.1201,195.3675,87.943,173.2652,261.8715,351.7721,436.4525,680.8702,131.9145,0.0,2.518986,3.929642,1.114121,23,99,14,2,0.02642138,0.04845911,0.23923445,0E-8,0.000000,0.900047,0.145070,-0.19595268,2026-04-03,2026-07-17,13,142,96,106,0.122642,0.686501,0.694784,0.088071,,,,,,,,GLOBAL_BASELINE_NO_ENTITY_RANKING,,,NOT_APPLICABLE_GLOBAL_BASELINE,HF9g-P5,,,,X 全窗基线 · 不参与实体赏罚,14193143,1420,A168_HF9F_20260827_0900,2026-08-27 09:00:00
2026-05-01,148183013,2267,0,130.9357541899,-130.9357541899,-130.9357541899,0E-7,1,1,0.49324550000000000,0.493245500000,-0.9865810262130424,-0.9865810262130424,-0.9865810262130424,0E-17,ELIGIBLE,R03b_20260811_FULL_v1,L1_ELIGIBILITY,v2026-08-11,2026-03-21..2026-08-06,baccarat_bet02_101_all_pairs_incl_sentinel,round_win = game_pnl > 0 (decisive only),COMPATIBILITY_ONLY_NOT_PRODUCTION,137057.2646,123357.9765,6641.6726,710,710,-0.04845911,-0.23923445,-0.04328177,-0.04845911,-6641.6726,137057.2646,OK,0.0000,265.6669,4.0000,96.0000,AG03-UNRESOLVED,ALL5_LEVELS_bet23_to_bet27,265.6669,265.6669,265.6669,265.6669,265.6669,4.000000,4.000000,4.000000,4.000000,4.000000,96.000000,96.000000,96.000000,96.000000,96.000000,5.0,1328.3345,1226.2341,5313.3381,5415.4385,PENDING_AG03,FALSE,NOT_FOR_ENFORCEMENT,6376.0057,118423.6574,6641.6726,6376.0057,265.6669,0.04845911,0.04652074,265.6669,6376.0057,0.04652074,265.6669,265.6669,265.6669,265.6669,265.6669,6376.0057,0.04652074,1328.3345,1226.2341,5313.3381,5415.4385,0.03876729,0.03951223,0.00193836,193.0384,173.7436,9.3545,510.8979,46.7723,10542.8665,54.6154,134.1201,195.3675,87.943,173.2652,261.8715,351.7721,436.4525,680.8702,131.9145,0.0,2.518986,3.929642,1.114121,23,99,14,2,0.02642138,0.04845911,0.23923445,0E-8,0.000000,0.900047,0.145070,-0.19595268,2026-04-03,2026-07-17,13,142,96,106,0.122642,0.686501,0.694784,0.088071,,,,,,,,GLOBAL_BASELINE_NO_ENTITY_RANKING,,,NOT_APPLICABLE_GLOBAL_BASELINE,HF9g-P5,,,,X 全窗基线 · 不参与实体赏罚,14193144,1420,A168_HF9F_20260827_0900,2026-08-27 09:00:00
2026-05-01,148183013,462,0,871.1592178771,-871.1592178771,-871.1592178771,0E-7,1,1,0.50665070000000000,0.506650700000,-1.013391052207602,-1.013391052207602,-1.013391052207602,0E-17,ELIGIBLE,R03b_20260811_FULL_v1,L1_ELIGIBILITY,v2026-08-11,2026-03-21..2026-08-06,baccarat_bet02_101_all_pairs_incl_sentinel,round_win = game_pnl > 0 (decisive only),COMPATIBILITY_ONLY_NOT_PRODUCTION,137057.2646,123357.9765,6641.6726,710,710,-0.04845911,-0.23923445,-0.04328177,-0.04845911,-6641.6726,137057.2646,OK,0.0000,265.6669,4.0000,96.0000,AG03-UNRESOLVED,ALL5_LEVELS_bet23_to_bet27,265.6669,265.6669,265.6669,265.6669,265.6669,4.000000,4.000000,4.000000,4.000000,4.000000,96.000000,96.000000,96.000000,96.000000,96.000000,5.0,1328.3345,1226.2341,5313.3381,5415.4385,PENDING_AG03,FALSE,NOT_FOR_ENFORCEMENT,6376.0057,118423.6574,6641.6726,6376.0057,265.6669,0.04845911,0.04652074,265.6669,6376.0057,0.04652074,265.6669,265.6669,265.6669,265.6669,265.6669,6376.0057,0.04652074,1328.3345,1226.2341,5313.3381,5415.4385,0.03876729,0.03951223,0.00193836,193.0384,173.7436,9.3545,510.8979,46.7723,10542.8665,54.6154,134.1201,195.3675,87.943,173.2652,261.8715,351.7721,436.4525,680.8702,131.9145,0.0,2.518986,3.929642,1.114121,23,99,14,2,0.02642138,0.04845911,0.23923445,0E-8,0.000000,0.900047,0.145070,-0.19595268,2026-04-03,2026-07-17,13,142,96,106,0.122642,0.686501,0.694784,0.088071,,,,,,,,GLOBAL_BASELINE_NO_ENTITY_RANKING,,,NOT_APPLICABLE_GLOBAL_BASELINE,HF9g-P5,,,,X 全窗基线 · 不参与实体赏罚,14193145,1420,A168_HF9F_20260827_0900,2026-08-27 09:00:00
2026-05-01,148183013,919,0,392.8072625698,-137.4825418995,-137.4825418995,0.5000000,2,2,0.50665070000000000,0.506650700000,-0.018812684590367487,-0.018812684590367487,-0.018812684590367487,0E-17,ELIGIBLE,R03b_20260811_FULL_v1,L1_ELIGIBILITY,v2026-08-11,2026-03-21..2026-08-06,baccarat_bet02_101_all_pairs_incl_sentinel,round_win = game_pnl > 0 (decisive only),COMPATIBILITY_ONLY_NOT_PRODUCTION,137057.2646,123357.9765,6641.6726,710,710,-0.04845911,-0.23923445,-0.04328177,-0.04845911,-6641.6726,137057.2646,OK,0.0000,265.6669,4.0000,96.0000,AG03-UNRESOLVED,ALL5_LEVELS_bet23_to_bet27,265.6669,265.6669,265.6669,265.6669,265.6669,4.000000,4.000000,4.000000,4.000000,4.000000,96.000000,96.000000,96.000000,96.000000,96.000000,5.0,1328.3345,1226.2341,5313.3381,5415.4385,PENDING_AG03,FALSE,NOT_FOR_ENFORCEMENT,6376.0057,118423.6574,6641.6726,6376.0057,265.6669,0.04845911,0.04652074,265.6669,6376.0057,0.04652074,265.6669,265.6669,265.6669,265.6669,265.6669,6376.0057,0.04652074,1328.3345,1226.2341,5313.3381,5415.4385,0.03876729,0.03951223,0.00193836,193.0384,173.7436,9.3545,510.8979,46.7723,10542.8665,54.6154,134.1201,195.3675,87.943,173.2652,261.8715,351.7721,436.4525,680.8702,131.9145,0.0,2.518986,3.929642,1.114121,23,99,14,2,0.02642138,0.04845911,0.23923445,0E-8,0.000000,0.900047,0.145070,-0.19595268,2026-04-03,2026-07-17,13,142,96,106,0.122642,0.686501,0.694784,0.088071,,,,,,,,GLOBAL_BASELINE_NO_ENTITY_RANKING,,,NOT_APPLICABLE_GLOBAL_BASELINE,HF9g-P5,,,,X 全窗基线 · 不参与实体赏罚,14193146,1420,A168_HF9F_20260827_0900,2026-08-27 09:00:00
2026-05-06,148183013,1004,0,305.5167597765,-135.3002793296,-135.3002793296,0.3333333,3,3,0.50218230000000000,0.502182300000,-0.5849155494134425,-0.5849155494134426,-0.5849155494134425,0E-17,ELIGIBLE,R03b_20260811_FULL_v1,L1_ELIGIBILITY,v2026-08-11,2026-03-21..2026-08-06,baccarat_bet02_101_all_pairs_incl_sentinel,round_win = game_pnl > 0 (decisive only),COMPATIBILITY_ONLY_NOT_PRODUCTION,137057.2646,123357.9765,6641.6726,710,710,-0.04845911,-0.23923445,-0.04328177,-0.04845911,-6641.6726,137057.2646,OK,0.0000,265.6669,4.0000,96.0000,AG03-UNRESOLVED,ALL5_LEVELS_bet23_to_bet27,265.6669,265.6669,265.6669,265.6669,265.6669,4.000000,4.000000,4.000000,4.000000,4.000000,96.000000,96.000000,96.000000,96.000000,96.000000,5.0,1328.3345,1226.2341,5313.3381,5415.4385,PENDING_AG03,FALSE,NOT_FOR_ENFORCEMENT,6376.0057,118423.6574,6641.6726,6376.0057,265.6669,0.04845911,0.04652074,265.6669,6376.0057,0.04652074,265.6669,265.6669,265.6669,265.6669,265.6669,6376.0057,0.04652074,1328.3345,1226.2341,5313.3381,5415.4385,0.03876729,0.03951223,0.00193836,193.0384,173.7436,9.3545,510.8979,46.7723,10542.8665,54.6154,134.1201,195.3675,87.943,173.2652,261.8715,351.7721,436.4525,680.8702,131.9145,0.0,2.518986,3.929642,1.114121,23,99,14,2,0.02642138,0.04845911,0.23923445,0E-8,0.000000,0.900047,0.145070,-0.19595268,2026-04-03,2026-07-17,13,142,96,106,0.122642,0.686501,0.694784,0.088071,,,,,,,,GLOBAL_BASELINE_NO_ENTITY_RANKING,,,NOT_APPLICABLE_GLOBAL_BASELINE,HF9g-P5,,,,X 全窗基线 · 不参与实体赏罚,14193147,1420,A168_HF9F_20260827_0900,2026-08-27 09:00:00
2026-05-06,148183013,1210,0,960.1955307261,211.6794692737,211.6794692737,0.6000000,6,6,0.49994810000000000,0.499948100000,0.44744570176651083,0.44744570176651083,0.44744570176651083,0E-17,ELIGIBLE,R03b_20260811_FULL_v1,L1_ELIGIBILITY,v2026-08-11,2026-03-21..2026-08-06,baccarat_bet02_101_all_pairs_incl_sentinel,round_win = game_pnl > 0 (decisive only),COMPATIBILITY_ONLY_NOT_PRODUCTION,137057.2646,123357.9765,6641.6726,710,710,-0.04845911,-0.23923445,-0.04328177,-0.04845911,-6641.6726,137057.2646,OK,0.0000,265.6669,4.0000,96.0000,AG03-UNRESOLVED,ALL5_LEVELS_bet23_to_bet27,265.6669,265.6669,265.6669,265.6669,265.6669,4.000000,4.000000,4.000000,4.000000,4.000000,96.000000,96.000000,96.000000,96.000000,96.000000,5.0,1328.3345,1226.2341,5313.3381,5415.4385,PENDING_AG03,FALSE,NOT_FOR_ENFORCEMENT,6376.0057,118423.6574,6641.6726,6376.0057,265.6669,0.04845911,0.04652074,265.6669,6376.0057,0.04652074,265.6669,265.6669,265.6669,265.6669,265.6669,6376.0057,0.04652074,1328.3345,1226.2341,5313.3381,5415.4385,0.03876729,0.03951223,0.00193836,193.0384,173.7436,9.3545,510.8979,46.7723,10542.8665,54.6154,134.1201,195.3675,87.943,173.2652,261.8715,351.7721,436.4525,680.8702,131.9145,0.0,2.518986,3.929642,1.114121,23,99,14,2,0.02642138,0.04845911,0.23923445,0E-8,0.000000,0.900047,0.145070,-0.19595268,2026-04-03,2026-07-17,13,142,96,106,0.122642,0.686501,0.694784,0.088071,,,,,,,,GLOBAL_BASELINE_NO_ENTITY_RANKING,,,NOT_APPLICABLE_GLOBAL_BASELINE,HF9g-P5,,,,X 全窗基线 · 不参与实体赏罚,14193148,1420,A168_HF9F_20260827_0900,2026-08-27 09:00:00
2026-05-06,148183013,1400,0,87.2905027933,-87.2905027933,-87.2905027933,0E-7,1,1,0.50665070000000000,0.506650700000,-1.013391052207602,-1.013391052207602,-1.013391052207602,0E-17,ELIGIBLE,R03b_20260811_FULL_v1,L1_ELIGIBILITY,v2026-08-11,2026-03-21..2026-08-06,baccarat_bet02_101_all_pairs_incl_sentinel,round_win = game_pnl > 0 (decisive only),COMPATIBILITY_ONLY_NOT_PRODUCTION,137057.2646,123357.9765,6641.6726,710,710,-0.04845911,-0.23923445,-0.04328177,-0.04845911,-6641.6726,137057.2646,OK,0.0000,265.6669,4.0000,96.0000,AG03-UNRESOLVED,ALL5_LEVELS_bet23_to_bet27,265.6669,265.6669,265.6669,265.6669,265.6669,4.000000,4.000000,4.000000,4.000000,4.000000,96.000000,96.000000,96.000000,96.000000,96.000000,5.0,1328.3345,1226.2341,5313.3381,5415.4385,PENDING_AG03,FALSE,NOT_FOR_ENFORCEMENT,6376.0057,118423.6574,6641.6726,6376.0057,265.6669,0.04845911,0.04652074,265.6669,6376.0057,0.04652074,265.6669,265.6669,265.6669,265.6669,265.6669,6376.0057,0.04652074,1328.3345,1226.2341,5313.3381,5415.4385,0.03876729,0.03951223,0.00193836,193.0384,173.7436,9.3545,510.8979,46.7723,10542.8665,54.6154,134.1201,195.3675,87.943,173.2652,261.8715,351.7721,436.4525,680.8702,131.9145,0.0,2.518986,3.929642,1.114121,23,99,14,2,0.02642138,0.04845911,0.23923445,0E-8,0.000000,0.900047,0.145070,-0.19595268,2026-04-03,2026-07-17,13,142,96,106,0.122642,0.686501,0.694784,0.088071,,,,,,,,GLOBAL_BASELINE_NO_ENTITY_RANKING,,,NOT_APPLICABLE_GLOBAL_BASELINE,HF9g-P5,,,,X 全窗基线 · 不参与实体赏罚,14193149,1420,A168_HF9F_20260827_0900,2026-08-27 09:00:00
2026-05-06,148183013,1509,0,87.2905027933,-87.2905027933,-87.2905027933,0E-7,1,1,0.50665070000000000,0.506650700000,-1.013391052207602,-1.013391052207602,-1.013391052207602,0E-17,ELIGIBLE,R03b_20260811_FULL_v1,L1_ELIGIBILITY,v2026-08-11,2026-03-21..2026-08-06,baccarat_bet02_101_all_pairs_incl_sentinel,round_win = game_pnl > 0 (decisive only),COMPATIBILITY_ONLY_NOT_PRODUCTION,137057.2646,123357.9765,6641.6726,710,710,-0.04845911,-0.23923445,-0.04328177,-0.04845911,-6641.6726,137057.2646,OK,0.0000,265.6669,4.0000,96.0000,AG03-UNRESOLVED,ALL5_LEVELS_bet23_to_bet27,265.6669,265.6669,265.6669,265.6669,265.6669,4.000000,4.000000,4.000000,4.000000,4.000000,96.000000,96.000000,96.000000,96.000000,96.000000,5.0,1328.3345,1226.2341,5313.3381,5415.4385,PENDING_AG03,FALSE,NOT_FOR_ENFORCEMENT,6376.0057,118423.6574,6641.6726,6376.0057,265.6669,0.04845911,0.04652074,265.6669,6376.0057,0.04652074,265.6669,265.6669,265.6669,265.6669,265.6669,6376.0057,0.04652074,1328.3345,1226.2341,5313.3381,5415.4385,0.03876729,0.03951223,0.00193836,193.0384,173.7436,9.3545,510.8979,46.7723,10542.8665,54.6154,134.1201,195.3675,87.943,173.2652,261.8715,351.7721,436.4525,680.8702,131.9145,0.0,2.518986,3.929642,1.114121,23,99,14,2,0.02642138,0.04845911,0.23923445,0E-8,0.000000,0.900047,0.145070,-0.19595268,2026-04-03,2026-07-17,13,142,96,106,0.122642,0.686501,0.694784,0.088071,,,,,,,,GLOBAL_BASELINE_NO_ENTITY_RANKING,,,NOT_APPLICABLE_GLOBAL_BASELINE,HF9g-P5,,,,X 全窗基线 · 不参与实体赏罚,14193150,1420,A168_HF9F_20260827_0900,2026-08-27 09:00:00
2026-05-06,148183013,2174,0,523.7430167598,161.4874301675,161.4874301675,0.7500000,5,5,0.50396966000000000,0.503969660000,0.9841523774297893,0.9841523774297894,0.9841523774297893,0E-17,ELIGIBLE,R03b_20260811_FULL_v1,L1_ELIGIBILITY,v2026-08-11,2026-03-21..2026-08-06,baccarat_bet02_101_all_pairs_incl_sentinel,round_win = game_pnl > 0 (decisive only),COMPATIBILITY_ONLY_NOT_PRODUCTION,137057.2646,123357.9765,6641.6726,710,710,-0.04845911,-0.23923445,-0.04328177,-0.04845911,-6641.6726,137057.2646,OK,0.0000,265.6669,4.0000,96.0000,AG03-UNRESOLVED,ALL5_LEVELS_bet23_to_bet27,265.6669,265.6669,265.6669,265.6669,265.6669,4.000000,4.000000,4.000000,4.000000,4.000000,96.000000,96.000000,96.000000,96.000000,96.000000,5.0,1328.3345,1226.2341,5313.3381,5415.4385,PENDING_AG03,FALSE,NOT_FOR_ENFORCEMENT,6376.0057,118423.6574,6641.6726,6376.0057,265.6669,0.04845911,0.04652074,265.6669,6376.0057,0.04652074,265.6669,265.6669,265.6669,265.6669,265.6669,6376.0057,0.04652074,1328.3345,1226.2341,5313.3381,5415.4385,0.03876729,0.03951223,0.00193836,193.0384,173.7436,9.3545,510.8979,46.7723,10542.8665,54.6154,134.1201,195.3675,87.943,173.2652,261.8715,351.7721,436.4525,680.8702,131.9145,0.0,2.518986,3.929642,1.114121,23,99,14,2,0.02642138,0.04845911,0.23923445,0E-8,0.000000,0.900047,0.145070,-0.19595268,2026-04-03,2026-07-17,13,142,96,106,0.122642,0.686501,0.694784,0.088071,,,,,,,,GLOBAL_BASELINE_NO_ENTITY_RANKING,,,NOT_APPLICABLE_GLOBAL_BASELINE,HF9g-P5,,,,X 全窗基线 · 不参与实体赏罚,14193151,1420,A168_HF9F_20260827_0900,2026-08-27 09:00:00
2026-05-06,148183013,2266,0,523.7430167596,261.8715083798,261.8715083798,0.7500000,4,4,0.49659680000000000,0.496596800000,1.0136362796769356,1.0136362796769358,1.0136362796769356,0E-17,ELIGIBLE,R03b_20260811_FULL_v1,L1_ELIGIBILITY,v2026-08-11,2026-03-21..2026-08-06,baccarat_bet02_101_all_pairs_incl_sentinel,round_win = game_pnl > 0 (decisive only),COMPATIBILITY_ONLY_NOT_PRODUCTION,137057.2646,123357.9765,6641.6726,710,710,-0.04845911,-0.23923445,-0.04328177,-0.04845911,-6641.6726,137057.2646,OK,0.0000,265.6669,4.0000,96.0000,AG03-UNRESOLVED,ALL5_LEVELS_bet23_to_bet27,265.6669,265.6669,265.6669,265.6669,265.6669,4.000000,4.000000,4.000000,4.000000,4.000000,96.000000,96.000000,96.000000,96.000000,96.000000,5.0,1328.3345,1226.2341,5313.3381,5415.4385,PENDING_AG03,FALSE,NOT_FOR_ENFORCEMENT,6376.0057,118423.6574,6641.6726,6376.0057,265.6669,0.04845911,0.04652074,265.6669,6376.0057,0.04652074,265.6669,265.6669,265.6669,265.6669,265.6669,6376.0057,0.04652074,1328.3345,1226.2341,5313.3381,5415.4385,0.03876729,0.03951223,0.00193836,193.0384,173.7436,9.3545,510.8979,46.7723,10542.8665,54.6154,134.1201,195.3675,87.943,173.2652,261.8715,351.7721,436.4525,680.8702,131.9145,0.0,2.518986,3.929642,1.114121,23,99,14,2,0.02642138,0.04845911,0.23923445,0E-8,0.000000,0.900047,0.145070,-0.19595268,2026-04-03,2026-07-17,13,142,96,106,0.122642,0.686501,0.694784,0.088071,,,,,,,,GLOBAL_BASELINE_NO_ENTITY_RANKING,,,NOT_APPLICABLE_GLOBAL_BASELINE,HF9g-P5,,,,X 全窗基线 · 不参与实体赏罚,14193152,1420,A168_HF9F_20260827_0900,2026-08-27 09:00:00
2026-05-06,148183013,526,0,471.3687150838,107.3673184357,107.3673184357,0.7500000,4,4,0.50665070000000000,0.506650700000,0.9734833216690844,0.9734833216690844,0.9734833216690844,0E-17,ELIGIBLE,R03b_20260811_FULL_v1,L1_ELIGIBILITY,v2026-08-11,2026-03-21..2026-08-06,baccarat_bet02_101_all_pairs_incl_sentinel,round_win = game_pnl > 0 (decisive only),COMPATIBILITY_ONLY_NOT_PRODUCTION,137057.2646,123357.9765,6641.6726,710,710,-0.04845911,-0.23923445,-0.04328177,-0.04845911,-6641.6726,137057.2646,OK,0.0000,265.6669,4.0000,96.0000,AG03-UNRESOLVED,ALL5_LEVELS_bet23_to_bet27,265.6669,265.6669,265.6669,265.6669,265.6669,4.000000,4.000000,4.000000,4.000000,4.000000,96.000000,96.000000,96.000000,96.000000,96.000000,5.0,1328.3345,1226.2341,5313.3381,5415.4385,PENDING_AG03,FALSE,NOT_FOR_ENFORCEMENT,6376.0057,118423.6574,6641.6726,6376.0057,265.6669,0.04845911,0.04652074,265.6669,6376.0057,0.04652074,265.6669,265.6669,265.6669,265.6669,265.6669,6376.0057,0.04652074,1328.3345,1226.2341,5313.3381,5415.4385,0.03876729,0.03951223,0.00193836,193.0384,173.7436,9.3545,510.8979,46.7723,10542.8665,54.6154,134.1201,195.3675,87.943,173.2652,261.8715,351.7721,436.4525,680.8702,131.9145,0.0,2.518986,3.929642,1.114121,23,99,14,2,0.02642138,0.04845911,0.23923445,0E-8,0.000000,0.900047,0.145070,-0.19595268,2026-04-03,2026-07-17,13,142,96,106,0.122642,0.686501,0.694784,0.088071,,,,,,,,GLOBAL_BASELINE_NO_ENTITY_RANKING,,,NOT_APPLICABLE_GLOBAL_BASELINE,HF9g-P5,,,,X 全窗基线 · 不参与实体赏罚,14193153,1420,A168_HF9F_20260827_0900,2026-08-27 09:00:00
2026-05-07,148183013,1115,0,200.7681564245,-45.8275139665,-45.8275139665,0.5000000,4,4,0.49659680000000000,0.496596800000,0.013613115331600182,0.013613115331600183,0.013613115331600182,0E-17,ELIGIBLE,R03b_20260811_FULL_v1,L1_ELIGIBILITY,v2026-08-11,2026-03-21..2026-08-06,baccarat_bet02_101_all_pairs_incl_sentinel,round_win = game_pnl > 0 (decisive only),COMPATIBILITY_ONLY_NOT_PRODUCTION,137057.2646,123357.9765,6641.6726,710,710,-0.04845911,-0.23923445,-0.04328177,-0.04845911,-6641.6726,137057.2646,OK,0.0000,265.6669,4.0000,96.0000,AG03-UNRESOLVED,ALL5_LEVELS_bet23_to_bet27,265.6669,265.6669,265.6669,265.6669,265.6669,4.000000,4.000000,4.000000,4.000000,4.000000,96.000000,96.000000,96.000000,96.000000,96.000000,5.0,1328.3345,1226.2341,5313.3381,5415.4385,PENDING_AG03,FALSE,NOT_FOR_ENFORCEMENT,6376.0057,118423.6574,6641.6726,6376.0057,265.6669,0.04845911,0.04652074,265.6669,6376.0057,0.04652074,265.6669,265.6669,265.6669,265.6669,265.6669,6376.0057,0.04652074,1328.3345,1226.2341,5313.3381,5415.4385,0.03876729,0.03951223,0.00193836,193.0384,173.7436,9.3545,510.8979,46.7723,10542.8665,54.6154,134.1201,195.3675,87.943,173.2652,261.8715,351.7721,436.4525,680.8702,131.9145,0.0,2.518986,3.929642,1.114121,23,99,14,2,0.02642138,0.04845911,0.23923445,0E-8,0.000000,0.900047,0.145070,-0.19595268,2026-04-03,2026-07-17,13,142,96,106,0.122642,0.686501,0.694784,0.088071,,,,,,,,GLOBAL_BASELINE_NO_ENTITY_RANKING,,,NOT_APPLICABLE_GLOBAL_BASELINE,HF9g-P5,,,,X 全窗基线 · 不参与实体赏罚,14193154,1420,A168_HF9F_20260827_0900,2026-08-27 09:00:00
2026-05-07,148183013,1210,0,218.2262569832,41.4629888268,41.4629888268,0.6666667,3,3,0.50218230000000000,0.502182300000,0.5697959874915163,0.5697959874915164,0.5697959874915163,0E-17,ELIGIBLE,R03b_20260811_FULL_v1,L1_ELIGIBILITY,v2026-08-11,2026-03-21..2026-08-06,baccarat_bet02_101_all_pairs_incl_sentinel,round_win = game_pnl > 0 (decisive only),COMPATIBILITY_ONLY_NOT_PRODUCTION,137057.2646,123357.9765,6641.6726,710,710,-0.04845911,-0.23923445,-0.04328177,-0.04845911,-6641.6726,137057.2646,OK,0.0000,265.6669,4.0000,96.0000,AG03-UNRESOLVED,ALL5_LEVELS_bet23_to_bet27,265.6669,265.6669,265.6669,265.6669,265.6669,4.000000,4.000000,4.000000,4.000000,4.000000,96.000000,96.000000,96.000000,96.000000,96.000000,5.0,1328.3345,1226.2341,5313.3381,5415.4385,PENDING_AG03,FALSE,NOT_FOR_ENFORCEMENT,6376.0057,118423.6574,6641.6726,6376.0057,265.6669,0.04845911,0.04652074,265.6669,6376.0057,0.04652074,265.6669,265.6669,265.6669,265.6669,265.6669,6376.0057,0.04652074,1328.3345,1226.2341,5313.3381,5415.4385,0.03876729,0.03951223,0.00193836,193.0384,173.7436,9.3545,510.8979,46.7723,10542.8665,54.6154,134.1201,195.3675,87.943,173.2652,261.8715,351.7721,436.4525,680.8702,131.9145,0.0,2.518986,3.929642,1.114121,23,99,14,2,0.02642138,0.04845911,0.23923445,0E-8,0.000000,0.900047,0.145070,-0.19595268,2026-04-03,2026-07-17,13,142,96,106,0.122642,0.686501,0.694784,0.088071,,,,,,,,GLOBAL_BASELINE_NO_ENTITY_RANKING,,,NOT_APPLICABLE_GLOBAL_BASELINE,HF9g-P5,,,,X 全窗基线 · 不参与实体赏罚,14193155,1420,A168_HF9F_20260827_0900,2026-08-27 09:00:00
2026-05-07,148183013,1304,0,43.6452513966,-43.6452513966,-43.6452513966,0E-7,1,1,0.50665070000000000,0.506650700000,-1.013391052207602,-1.013391052207602,-1.013391052207602,0E-17,ELIGIBLE,R03b_20260811_FULL_v1,L1_ELIGIBILITY,v2026-08-11,2026-03-21..2026-08-06,baccarat_bet02_101_all_pairs_incl_sentinel,round_win = game_pnl > 0 (decisive only),COMPATIBILITY_ONLY_NOT_PRODUCTION,137057.2646,123357.9765,6641.6726,710,710,-0.04845911,-0.23923445,-0.04328177,-0.04845911,-6641.6726,137057.2646,OK,0.0000,265.6669,4.0000,96.0000,AG03-UNRESOLVED,ALL5_LEVELS_bet23_to_bet27,265.6669,265.6669,265.6669,265.6669,265.6669,4.000000,4.000000,4.000000,4.000000,4.000000,96.000000,96.000000,96.000000,96.000000,96.000000,5.0,1328.3345,1226.2341,5313.3381,5415.4385,PENDING_AG03,FALSE,NOT_FOR_ENFORCEMENT,6376.0057,118423.6574,6641.6726,6376.0057,265.6669,0.04845911,0.04652074,265.6669,6376.0057,0.04652074,265.6669,265.6669,265.6669,265.6669,265.6669,6376.0057,0.04652074,1328.3345,1226.2341,5313.3381,5415.4385,0.03876729,0.03951223,0.00193836,193.0384,173.7436,9.3545,510.8979,46.7723,10542.8665,54.6154,134.1201,195.3675,87.943,173.2652,261.8715,351.7721,436.4525,680.8702,131.9145,0.0,2.518986,3.929642,1.114121,23,99,14,2,0.02642138,0.04845911,0.23923445,0E-8,0.000000,0.900047,0.145070,-0.19595268,2026-04-03,2026-07-17,13,142,96,106,0.122642,0.686501,0.694784,0.088071,,,,,,,,GLOBAL_BASELINE_NO_ENTITY_RANKING,,,NOT_APPLICABLE_GLOBAL_BASELINE,HF9g-P5,,,,X 全窗基线 · 不参与实体赏罚,14193156,1420,A168_HF9F_20260827_0900,2026-08-27 09:00:00
2026-05-07,148183013,1330,0,130.9357541898,-45.8275139664,-45.8275139664,0.3333333,3,3,0.50218230000000000,0.502182300000,-0.5849155494134425,-0.5849155494134426,-0.5849155494134425,0E-17,ELIGIBLE,R03b_20260811_FULL_v1,L1_ELIGIBILITY,v2026-08-11,2026-03-21..2026-08-06,baccarat_bet02_101_all_pairs_incl_sentinel,round_win = game_pnl > 0 (decisive only),COMPATIBILITY_ONLY_NOT_PRODUCTION,137057.2646,123357.9765,6641.6726,710,710,-0.04845911,-0.23923445,-0.04328177,-0.04845911,-6641.6726,137057.2646,OK,0.0000,265.6669,4.0000,96.0000,AG03-UNRESOLVED,ALL5_LEVELS_bet23_to_bet27,265.6669,265.6669,265.6669,265.6669,265.6669,4.000000,4.000000,4.000000,4.000000,4.000000,96.000000,96.000000,96.000000,96.000000,96.000000,5.0,1328.3345,1226.2341,5313.3381,5415.4385,PENDING_AG03,FALSE,NOT_FOR_ENFORCEMENT,6376.0057,118423.6574,6641.6726,6376.0057,265.6669,0.04845911,0.04652074,265.6669,6376.0057,0.04652074,265.6669,265.6669,265.6669,265.6669,265.6669,6376.0057,0.04652074,1328.3345,1226.2341,5313.3381,5415.4385,0.03876729,0.03951223,0.00193836,193.0384,173.7436,9.3545,510.8979,46.7723,10542.8665,54.6154,134.1201,195.3675,87.943,173.2652,261.8715,351.7721,436.4525,680.8702,131.9145,0.0,2.518986,3.929642,1.114121,23,99,14,2,0.02642138,0.04845911,0.23923445,0E-8,0.000000,0.900047,0.145070,-0.19595268,2026-04-03,2026-07-17,13,142,96,106,0.122642,0.686501,0.694784,0.088071,,,,,,,,GLOBAL_BASELINE_NO_ENTITY_RANKING,,,NOT_APPLICABLE_GLOBAL_BASELINE,HF9g-P5,,,,X 全窗基线 · 不参与实体赏罚,14193157,1420,A168_HF9F_20260827_0900,2026-08-27 09:00:00
2026-05-07,148183013,1354,0,698.3240223463,207.3149441340,207.3149441340,0.6000000,6,6,0.50218230000000000,0.502182300000,0.4374582199563857,0.4374582199563857,0.4374582199563857,0E-17,ELIGIBLE,R03b_20260811_FULL_v1,L1_ELIGIBILITY,v2026-08-11,2026-03-21..2026-08-06,baccarat_bet02_101_all_pairs_incl_sentinel,round_win = game_pnl > 0 (decisive only),COMPATIBILITY_ONLY_NOT_PRODUCTION,137057.2646,123357.9765,6641.6726,710,710,-0.04845911,-0.23923445,-0.04328177,-0.04845911,-6641.6726,137057.2646,OK,0.0000,265.6669,4.0000,96.0000,AG03-UNRESOLVED,ALL5_LEVELS_bet23_to_bet27,265.6669,265.6669,265.6669,265.6669,265.6669,4.000000,4.000000,4.000000,4.000000,4.000000,96.000000,96.000000,96.000000,96.000000,96.000000,5.0,1328.3345,1226.2341,5313.3381,5415.4385,PENDING_AG03,FALSE,NOT_FOR_ENFORCEMENT,6376.0057,118423.6574,6641.6726,6376.0057,265.6669,0.04845911,0.04652074,265.6669,6376.0057,0.04652074,265.6669,265.6669,265.6669,265.6669,265.6669,6376.0057,0.04652074,1328.3345,1226.2341,5313.3381,5415.4385,0.03876729,0.03951223,0.00193836,193.0384,173.7436,9.3545,510.8979,46.7723,10542.8665,54.6154,134.1201,195.3675,87.943,173.2652,261.8715,351.7721,436.4525,680.8702,131.9145,0.0,2.518986,3.929642,1.114121,23,99,14,2,0.02642138,0.04845911,0.23923445,0E-8,0.000000,0.900047,0.145070,-0.19595268,2026-04-03,2026-07-17,13,142,96,106,0.122642,0.686501,0.694784,0.088071,,,,,,,,GLOBAL_BASELINE_NO_ENTITY_RANKING,,,NOT_APPLICABLE_GLOBAL_BASELINE,HF9g-P5,,,,X 全窗基线 · 不参与实体赏罚,14193158,1420,A168_HF9F_20260827_0900,2026-08-27 09:00:00
2026-05-07,148183013,1400,0,480.0977653630,128.7534916202,128.7534916202,0.5714286,7,7,0.49516052857142857,0.495160528571,0.40359145382014583,0.40359145382241707,0.40359145382014583,4.2857E-13,ELIGIBLE,R03b_20260811_FULL_v1,L1_ELIGIBILITY,v2026-08-11,2026-03-21..2026-08-06,baccarat_bet02_101_all_pairs_incl_sentinel,round_win = game_pnl > 0 (decisive only),COMPATIBILITY_ONLY_NOT_PRODUCTION,137057.2646,123357.9765,6641.6726,710,710,-0.04845911,-0.23923445,-0.04328177,-0.04845911,-6641.6726,137057.2646,OK,0.0000,265.6669,4.0000,96.0000,AG03-UNRESOLVED,ALL5_LEVELS_bet23_to_bet27,265.6669,265.6669,265.6669,265.6669,265.6669,4.000000,4.000000,4.000000,4.000000,4.000000,96.000000,96.000000,96.000000,96.000000,96.000000,5.0,1328.3345,1226.2341,5313.3381,5415.4385,PENDING_AG03,FALSE,NOT_FOR_ENFORCEMENT,6376.0057,118423.6574,6641.6726,6376.0057,265.6669,0.04845911,0.04652074,265.6669,6376.0057,0.04652074,265.6669,265.6669,265.6669,265.6669,265.6669,6376.0057,0.04652074,1328.3345,1226.2341,5313.3381,5415.4385,0.03876729,0.03951223,0.00193836,193.0384,173.7436,9.3545,510.8979,46.7723,10542.8665,54.6154,134.1201,195.3675,87.943,173.2652,261.8715,351.7721,436.4525,680.8702,131.9145,0.0,2.518986,3.929642,1.114121,23,99,14,2,0.02642138,0.04845911,0.23923445,0E-8,0.000000,0.900047,0.145070,-0.19595268,2026-04-03,2026-07-17,13,142,96,106,0.122642,0.686501,0.694784,0.088071,,,,,,,,GLOBAL_BASELINE_NO_ENTITY_RANKING,,,NOT_APPLICABLE_GLOBAL_BASELINE,HF9g-P5,,,,X 全窗基线 · 不参与实体赏罚,14193159,1420,A168_HF9F_20260827_0900,2026-08-27 09:00:00
2026-05-07,148183013,1401,0,270.6005586591,-8.7290502793,-8.7290502793,0.4000000,5,5,0.49860758000000000,0.498607580000,-0.440988213962219,-0.440988213962219,-0.440988213962219,0E-17,ELIGIBLE,R03b_20260811_FULL_v1,L1_ELIGIBILITY,v2026-08-11,2026-03-21..2026-08-06,baccarat_bet02_101_all_pairs_incl_sentinel,round_win = game_pnl > 0 (decisive only),COMPATIBILITY_ONLY_NOT_PRODUCTION,137057.2646,123357.9765,6641.6726,710,710,-0.04845911,-0.23923445,-0.04328177,-0.04845911,-6641.6726,137057.2646,OK,0.0000,265.6669,4.0000,96.0000,AG03-UNRESOLVED,ALL5_LEVELS_bet23_to_bet27,265.6669,265.6669,265.6669,265.6669,265.6669,4.000000,4.000000,4.000000,4.000000,4.000000,96.000000,96.000000,96.000000,96.000000,96.000000,5.0,1328.3345,1226.2341,5313.3381,5415.4385,PENDING_AG03,FALSE,NOT_FOR_ENFORCEMENT,6376.0057,118423.6574,6641.6726,6376.0057,265.6669,0.04845911,0.04652074,265.6669,6376.0057,0.04652074,265.6669,265.6669,265.6669,265.6669,265.6669,6376.0057,0.04652074,1328.3345,1226.2341,5313.3381,5415.4385,0.03876729,0.03951223,0.00193836,193.0384,173.7436,9.3545,510.8979,46.7723,10542.8665,54.6154,134.1201,195.3675,87.943,173.2652,261.8715,351.7721,436.4525,680.8702,131.9145,0.0,2.518986,3.929642,1.114121,23,99,14,2,0.02642138,0.04845911,0.23923445,0E-8,0.000000,0.900047,0.145070,-0.19595268,2026-04-03,2026-07-17,13,142,96,106,0.122642,0.686501,0.694784,0.088071,,,,,,,,GLOBAL_BASELINE_NO_ENTITY_RANKING,,,NOT_APPLICABLE_GLOBAL_BASELINE,HF9g-P5,,,,X 全窗基线 · 不参与实体赏罚,14193160,1420,A168_HF9F_20260827_0900,2026-08-27 09:00:00
2026-05-07,148183013,1405,0,427.7234636869,-87.2905027933,-87.2905027933,0.5000000,8,8,0.50497505000000000,0.504975050000,-0.028144525985643355,-0.028144525985643355,-0.028144525985643355,0E-17,ELIGIBLE,R03b_20260811_FULL_v1,L1_ELIGIBILITY,v2026-08-11,2026-03-21..2026-08-06,baccarat_bet02_101_all_pairs_incl_sentinel,round_win = game_pnl > 0 (decisive only),COMPATIBILITY_ONLY_NOT_PRODUCTION,137057.2646,123357.9765,6641.6726,710,710,-0.04845911,-0.23923445,-0.04328177,-0.04845911,-6641.6726,137057.2646,OK,0.0000,265.6669,4.0000,96.0000,AG03-UNRESOLVED,ALL5_LEVELS_bet23_to_bet27,265.6669,265.6669,265.6669,265.6669,265.6669,4.000000,4.000000,4.000000,4.000000,4.000000,96.000000,96.000000,96.000000,96.000000,96.000000,5.0,1328.3345,1226.2341,5313.3381,5415.4385,PENDING_AG03,FALSE,NOT_FOR_ENFORCEMENT,6376.0057,118423.6574,6641.6726,6376.0057,265.6669,0.04845911,0.04652074,265.6669,6376.0057,0.04652074,265.6669,265.6669,265.6669,265.6669,265.6669,6376.0057,0.04652074,1328.3345,1226.2341,5313.3381,5415.4385,0.03876729,0.03951223,0.00193836,193.0384,173.7436,9.3545,510.8979,46.7723,10542.8665,54.6154,134.1201,195.3675,87.943,173.2652,261.8715,351.7721,436.4525,680.8702,131.9145,0.0,2.518986,3.929642,1.114121,23,99,14,2,0.02642138,0.04845911,0.23923445,0E-8,0.000000,0.900047,0.145070,-0.19595268,2026-04-03,2026-07-17,13,142,96,106,0.122642,0.686501,0.694784,0.088071,,,,,,,,GLOBAL_BASELINE_NO_ENTITY_RANKING,,,NOT_APPLICABLE_GLOBAL_BASELINE,HF9g-P5,,,,X 全窗基线 · 不参与实体赏罚,14193161,1420,A168_HF9F_20260827_0900,2026-08-27 09:00:00
2026-05-07,148183013,1505,0,322.9748603352,253.1424581006,253.1424581006,0.6666667,3,3,0.49324550000000000,0.493245500000,0.6008033672792107,0.6008033672792106,0.6008033672792107,0E-17,ELIGIBLE,R03b_20260811_FULL_v1,L1_ELIGIBILITY,v2026-08-11,2026-03-21..2026-08-06,baccarat_bet02_101_all_pairs_incl_sentinel,round_win = game_pnl > 0 (decisive only),COMPATIBILITY_ONLY_NOT_PRODUCTION,137057.2646,123357.9765,6641.6726,710,710,-0.04845911,-0.23923445,-0.04328177,-0.04845911,-6641.6726,137057.2646,OK,0.0000,265.6669,4.0000,96.0000,AG03-UNRESOLVED,ALL5_LEVELS_bet23_to_bet27,265.6669,265.6669,265.6669,265.6669,265.6669,4.000000,4.000000,4.000000,4.000000,4.000000,96.000000,96.000000,96.000000,96.000000,96.000000,5.0,1328.3345,1226.2341,5313.3381,5415.4385,PENDING_AG03,FALSE,NOT_FOR_ENFORCEMENT,6376.0057,118423.6574,6641.6726,6376.0057,265.6669,0.04845911,0.04652074,265.6669,6376.0057,0.04652074,265.6669,265.6669,265.6669,265.6669,265.6669,6376.0057,0.04652074,1328.3345,1226.2341,5313.3381,5415.4385,0.03876729,0.03951223,0.00193836,193.0384,173.7436,9.3545,510.8979,46.7723,10542.8665,54.6154,134.1201,195.3675,87.943,173.2652,261.8715,351.7721,436.4525,680.8702,131.9145,0.0,2.518986,3.929642,1.114121,23,99,14,2,0.02642138,0.04845911,0.23923445,0E-8,0.000000,0.900047,0.145070,-0.19595268,2026-04-03,2026-07-17,13,142,96,106,0.122642,0.686501,0.694784,0.088071,,,,,,,,GLOBAL_BASELINE_NO_ENTITY_RANKING,,,NOT_APPLICABLE_GLOBAL_BASELINE,HF9g-P5,,,,X 全窗基线 · 不参与实体赏罚,14193162,1420,A168_HF9F_20260827_0900,2026-08-27 09:00:00
2026-05-07,148183013,1509,0,96.0195530726,41.4629888268,41.4629888268,1.0000000,2,2,0.49994810000000000,0.499948100000,1.0001038053877793,1.0001038053877793,1.0001038053877793,0E-17,ELIGIBLE,R03b_20260811_FULL_v1,L1_ELIGIBILITY,v2026-08-11,2026-03-21..2026-08-06,baccarat_bet02_101_all_pairs_incl_sentinel,round_win = game_pnl > 0 (decisive only),COMPATIBILITY_ONLY_NOT_PRODUCTION,137057.2646,123357.9765,6641.6726,710,710,-0.04845911,-0.23923445,-0.04328177,-0.04845911,-6641.6726,137057.2646,OK,0.0000,265.6669,4.0000,96.0000,AG03-UNRESOLVED,ALL5_LEVELS_bet23_to_bet27,265.6669,265.6669,265.6669,265.6669,265.6669,4.000000,4.000000,4.000000,4.000000,4.000000,96.000000,96.000000,96.000000,96.000000,96.000000,5.0,1328.3345,1226.2341,5313.3381,5415.4385,PENDING_AG03,FALSE,NOT_FOR_ENFORCEMENT,6376.0057,118423.6574,6641.6726,6376.0057,265.6669,0.04845911,0.04652074,265.6669,6376.0057,0.04652074,265.6669,265.6669,265.6669,265.6669,265.6669,6376.0057,0.04652074,1328.3345,1226.2341,5313.3381,5415.4385,0.03876729,0.03951223,0.00193836,193.0384,173.7436,9.3545,510.8979,46.7723,10542.8665,54.6154,134.1201,195.3675,87.943,173.2652,261.8715,351.7721,436.4525,680.8702,131.9145,0.0,2.518986,3.929642,1.114121,23,99,14,2,0.02642138,0.04845911,0.23923445,0E-8,0.000000,0.900047,0.145070,-0.19595268,2026-04-03,2026-07-17,13,142,96,106,0.122642,0.686501,0.694784,0.088071,,,,,,,,GLOBAL_BASELINE_NO_ENTITY_RANKING,,,NOT_APPLICABLE_GLOBAL_BASELINE,HF9g-P5,,,,X 全窗基线 · 不参与实体赏罚,14193163,1420,A168_HF9F_20260827_0900,2026-08-27 09:00:00
2026-05-07,148183013,1957,0,436.4525139665,78.5614525139,78.5614525139,0.6000000,5,5,0.49860758000000000,0.498607580000,0.4534424453485946,0.4534424453485946,0.4534424453485946,0E-17,ELIGIBLE,R03b_20260811_FULL_v1,L1_ELIGIBILITY,v2026-08-11,2026-03-21..2026-08-06,baccarat_bet02_101_all_pairs_incl_sentinel,round_win = game_pnl > 0 (decisive only),COMPATIBILITY_ONLY_NOT_PRODUCTION,137057.2646,123357.9765,6641.6726,710,710,-0.04845911,-0.23923445,-0.04328177,-0.04845911,-6641.6726,137057.2646,OK,0.0000,265.6669,4.0000,96.0000,AG03-UNRESOLVED,ALL5_LEVELS_bet23_to_bet27,265.6669,265.6669,265.6669,265.6669,265.6669,4.000000,4.000000,4.000000,4.000000,4.000000,96.000000,96.000000,96.000000,96.000000,96.000000,5.0,1328.3345,1226.2341,5313.3381,5415.4385,PENDING_AG03,FALSE,NOT_FOR_ENFORCEMENT,6376.0057,118423.6574,6641.6726,6376.0057,265.6669,0.04845911,0.04652074,265.6669,6376.0057,0.04652074,265.6669,265.6669,265.6669,265.6669,265.6669,6376.0057,0.04652074,1328.3345,1226.2341,5313.3381,5415.4385,0.03876729,0.03951223,0.00193836,193.0384,173.7436,9.3545,510.8979,46.7723,10542.8665,54.6154,134.1201,195.3675,87.943,173.2652,261.8715,351.7721,436.4525,680.8702,131.9145,0.0,2.518986,3.929642,1.114121,23,99,14,2,0.02642138,0.04845911,0.23923445,0E-8,0.000000,0.900047,0.145070,-0.19595268,2026-04-03,2026-07-17,13,142,96,106,0.122642,0.686501,0.694784,0.088071,,,,,,,,GLOBAL_BASELINE_NO_ENTITY_RANKING,,,NOT_APPLICABLE_GLOBAL_BASELINE,HF9g-P5,,,,X 全窗基线 · 不参与实体赏罚,14193164,1420,A168_HF9F_20260827_0900,2026-08-27 09:00:00
2026-05-07,148183013,2136,0,288.0586592177,4.3645251396,4.3645251396,0.6000000,6,6,0.50218230000000000,0.502182300000,0.4374582199563857,0.4374582199563857,0.4374582199563857,0E-17,ELIGIBLE,R03b_20260811_FULL_v1,L1_ELIGIBILITY,v2026-08-11,2026-03-21..2026-08-06,baccarat_bet02_101_all_pairs_incl_sentinel,round_win = game_pnl > 0 (decisive only),COMPATIBILITY_ONLY_NOT_PRODUCTION,137057.2646,123357.9765,6641.6726,710,710,-0.04845911,-0.23923445,-0.04328177,-0.04845911,-6641.6726,137057.2646,OK,0.0000,265.6669,4.0000,96.0000,AG03-UNRESOLVED,ALL5_LEVELS_bet23_to_bet27,265.6669,265.6669,265.6669,265.6669,265.6669,4.000000,4.000000,4.000000,4.000000,4.000000,96.000000,96.000000,96.000000,96.000000,96.000000,5.0,1328.3345,1226.2341,5313.3381,5415.4385,PENDING_AG03,FALSE,NOT_FOR_ENFORCEMENT,6376.0057,118423.6574,6641.6726,6376.0057,265.6669,0.04845911,0.04652074,265.6669,6376.0057,0.04652074,265.6669,265.6669,265.6669,265.6669,265.6669,6376.0057,0.04652074,1328.3345,1226.2341,5313.3381,5415.4385,0.03876729,0.03951223,0.00193836,193.0384,173.7436,9.3545,510.8979,46.7723,10542.8665,54.6154,134.1201,195.3675,87.943,173.2652,261.8715,351.7721,436.4525,680.8702,131.9145,0.0,2.518986,3.929642,1.114121,23,99,14,2,0.02642138,0.04845911,0.23923445,0E-8,0.000000,0.900047,0.145070,-0.19595268,2026-04-03,2026-07-17,13,142,96,106,0.122642,0.686501,0.694784,0.088071,,,,,,,,GLOBAL_BASELINE_NO_ENTITY_RANKING,,,NOT_APPLICABLE_GLOBAL_BASELINE,HF9g-P5,,,,X 全窗基线 · 不参与实体赏罚,14193165,1420,A168_HF9F_20260827_0900,2026-08-27 09:00:00
2026-05-07,148183013,2142,0,942.7374301676,-80.7437150839,-80.7437150839,0.5000000,9,9,0.49920336666666667,0.499203366667,0.004506444376759088,0.004506444374873482,0.004506444376759088,-3.3333E-13,ELIGIBLE,R03b_20260811_FULL_v1,L1_ELIGIBILITY,v2026-08-11,2026-03-21..2026-08-06,baccarat_bet02_101_all_pairs_incl_sentinel,round_win = game_pnl > 0 (decisive only),COMPATIBILITY_ONLY_NOT_PRODUCTION,137057.2646,123357.9765,6641.6726,710,710,-0.04845911,-0.23923445,-0.04328177,-0.04845911,-6641.6726,137057.2646,OK,0.0000,265.6669,4.0000,96.0000,AG03-UNRESOLVED,ALL5_LEVELS_bet23_to_bet27,265.6669,265.6669,265.6669,265.6669,265.6669,4.000000,4.000000,4.000000,4.000000,4.000000,96.000000,96.000000,96.000000,96.000000,96.000000,5.0,1328.3345,1226.2341,5313.3381,5415.4385,PENDING_AG03,FALSE,NOT_FOR_ENFORCEMENT,6376.0057,118423.6574,6641.6726,6376.0057,265.6669,0.04845911,0.04652074,265.6669,6376.0057,0.04652074,265.6669,265.6669,265.6669,265.6669,265.6669,6376.0057,0.04652074,1328.3345,1226.2341,5313.3381,5415.4385,0.03876729,0.03951223,0.00193836,193.0384,173.7436,9.3545,510.8979,46.7723,10542.8665,54.6154,134.1201,195.3675,87.943,173.2652,261.8715,351.7721,436.4525,680.8702,131.9145,0.0,2.518986,3.929642,1.114121,23,99,14,2,0.02642138,0.04845911,0.23923445,0E-8,0.000000,0.900047,0.145070,-0.19595268,2026-04-03,2026-07-17,13,142,96,106,0.122642,0.686501,0.694784,0.088071,,,,,,,,GLOBAL_BASELINE_NO_ENTITY_RANKING,,,NOT_APPLICABLE_GLOBAL_BASELINE,HF9g-P5,,,,X 全窗基线 · 不参与实体赏罚,14193166,1420,A168_HF9F_20260827_0900,2026-08-27 09:00:00
2026-05-07,148183013,2167,0,130.9357541899,43.6452513967,43.6452513967,0.5000000,2,2,0.49994810000000000,0.499948100000,0.00014679536856514622,0.00014679536856514622,0.00014679536856514622,0E-17,ELIGIBLE,R03b_20260811_FULL_v1,L1_ELIGIBILITY,v2026-08-11,2026-03-21..2026-08-06,baccarat_bet02_101_all_pairs_incl_sentinel,round_win = game_pnl > 0 (decisive only),COMPATIBILITY_ONLY_NOT_PRODUCTION,137057.2646,123357.9765,6641.6726,710,710,-0.04845911,-0.23923445,-0.04328177,-0.04845911,-6641.6726,137057.2646,OK,0.0000,265.6669,4.0000,96.0000,AG03-UNRESOLVED,ALL5_LEVELS_bet23_to_bet27,265.6669,265.6669,265.6669,265.6669,265.6669,4.000000,4.000000,4.000000,4.000000,4.000000,96.000000,96.000000,96.000000,96.000000,96.000000,5.0,1328.3345,1226.2341,5313.3381,5415.4385,PENDING_AG03,FALSE,NOT_FOR_ENFORCEMENT,6376.0057,118423.6574,6641.6726,6376.0057,265.6669,0.04845911,0.04652074,265.6669,6376.0057,0.04652074,265.6669,265.6669,265.6669,265.6669,265.6669,6376.0057,0.04652074,1328.3345,1226.2341,5313.3381,5415.4385,0.03876729,0.03951223,0.00193836,193.0384,173.7436,9.3545,510.8979,46.7723,10542.8665,54.6154,134.1201,195.3675,87.943,173.2652,261.8715,351.7721,436.4525,680.8702,131.9145,0.0,2.518986,3.929642,1.114121,23,99,14,2,0.02642138,0.04845911,0.23923445,0E-8,0.000000,0.900047,0.145070,-0.19595268,2026-04-03,2026-07-17,13,142,96,106,0.122642,0.686501,0.694784,0.088071,,,,,,,,GLOBAL_BASELINE_NO_ENTITY_RANKING,,,NOT_APPLICABLE_GLOBAL_BASELINE,HF9g-P5,,,,X 全窗基线 · 不参与实体赏罚,14193167,1420,A168_HF9F_20260827_0900,2026-08-27 09:00:00
2026-05-07,148183013,2220,0,43.6452513966,43.6452513966,43.6452513966,1.0000000,1,1,0.49324550000000000,0.493245500000,1.01360149184955,1.01360149184955,1.01360149184955,0E-17,ELIGIBLE,R03b_20260811_FULL_v1,L1_ELIGIBILITY,v2026-08-11,2026-03-21..2026-08-06,baccarat_bet02_101_all_pairs_incl_sentinel,round_win = game_pnl > 0 (decisive only),COMPATIBILITY_ONLY_NOT_PRODUCTION,137057.2646,123357.9765,6641.6726,710,710,-0.04845911,-0.23923445,-0.04328177,-0.04845911,-6641.6726,137057.2646,OK,0.0000,265.6669,4.0000,96.0000,AG03-UNRESOLVED,ALL5_LEVELS_bet23_to_bet27,265.6669,265.6669,265.6669,265.6669,265.6669,4.000000,4.000000,4.000000,4.000000,4.000000,96.000000,96.000000,96.000000,96.000000,96.000000,5.0,1328.3345,1226.2341,5313.3381,5415.4385,PENDING_AG03,FALSE,NOT_FOR_ENFORCEMENT,6376.0057,118423.6574,6641.6726,6376.0057,265.6669,0.04845911,0.04652074,265.6669,6376.0057,0.04652074,265.6669,265.6669,265.6669,265.6669,265.6669,6376.0057,0.04652074,1328.3345,1226.2341,5313.3381,5415.4385,0.03876729,0.03951223,0.00193836,193.0384,173.7436,9.3545,510.8979,46.7723,10542.8665,54.6154,134.1201,195.3675,87.943,173.2652,261.8715,351.7721,436.4525,680.8702,131.9145,0.0,2.518986,3.929642,1.114121,23,99,14,2,0.02642138,0.04845911,0.23923445,0E-8,0.000000,0.900047,0.145070,-0.19595268,2026-04-03,2026-07-17,13,142,96,106,0.122642,0.686501,0.694784,0.088071,,,,,,,,GLOBAL_BASELINE_NO_ENTITY_RANKING,,,NOT_APPLICABLE_GLOBAL_BASELINE,HF9g-P5,,,,X 全窗基线 · 不参与实体赏罚,14193168,1420,A168_HF9F_20260827_0900,2026-08-27 09:00:00
2026-05-07,148183013,2223,0,218.2262569831,-45.8275139665,-45.8275139665,0.5000000,4,4,0.49994810000000000,0.499948100000,0.00020760000111838688,0.00020760000111838688,0.00020760000111838688,0E-17,ELIGIBLE,R03b_20260811_FULL_v1,L1_ELIGIBILITY,v2026-08-11,2026-03-21..2026-08-06,baccarat_bet02_101_all_pairs_incl_sentinel,round_win = game_pnl > 0 (decisive only),COMPATIBILITY_ONLY_NOT_PRODUCTION,137057.2646,123357.9765,6641.6726,710,710,-0.04845911,-0.23923445,-0.04328177,-0.04845911,-6641.6726,137057.2646,OK,0.0000,265.6669,4.0000,96.0000,AG03-UNRESOLVED,ALL5_LEVELS_bet23_to_bet27,265.6669,265.6669,265.6669,265.6669,265.6669,4.000000,4.000000,4.000000,4.000000,4.000000,96.000000,96.000000,96.000000,96.000000,96.000000,5.0,1328.3345,1226.2341,5313.3381,5415.4385,PENDING_AG03,FALSE,NOT_FOR_ENFORCEMENT,6376.0057,118423.6574,6641.6726,6376.0057,265.6669,0.04845911,0.04652074,265.6669,6376.0057,0.04652074,265.6669,265.6669,265.6669,265.6669,265.6669,6376.0057,0.04652074,1328.3345,1226.2341,5313.3381,5415.4385,0.03876729,0.03951223,0.00193836,193.0384,173.7436,9.3545,510.8979,46.7723,10542.8665,54.6154,134.1201,195.3675,87.943,173.2652,261.8715,351.7721,436.4525,680.8702,131.9145,0.0,2.518986,3.929642,1.114121,23,99,14,2,0.02642138,0.04845911,0.23923445,0E-8,0.000000,0.900047,0.145070,-0.19595268,2026-04-03,2026-07-17,13,142,96,106,0.122642,0.686501,0.694784,0.088071,,,,,,,,GLOBAL_BASELINE_NO_ENTITY_RANKING,,,NOT_APPLICABLE_GLOBAL_BASELINE,HF9g-P5,,,,X 全窗基线 · 不参与实体赏罚,14193169,1420,A168_HF9F_20260827_0900,2026-08-27 09:00:00
2026-05-07,148183013,2241,0,87.2905027932,-2.1822625698,-2.1822625698,0.5000000,2,2,0.50665070000000000,0.506650700000,-0.018812684590367487,-0.018812684590367487,-0.018812684590367487,0E-17,ELIGIBLE,R03b_20260811_FULL_v1,L1_ELIGIBILITY,v2026-08-11,2026-03-21..2026-08-06,baccarat_bet02_101_all_pairs_incl_sentinel,round_win = game_pnl > 0 (decisive only),COMPATIBILITY_ONLY_NOT_PRODUCTION,137057.2646,123357.9765,6641.6726,710,710,-0.04845911,-0.23923445,-0.04328177,-0.04845911,-6641.6726,137057.2646,OK,0.0000,265.6669,4.0000,96.0000,AG03-UNRESOLVED,ALL5_LEVELS_bet23_to_bet27,265.6669,265.6669,265.6669,265.6669,265.6669,4.000000,4.000000,4.000000,4.000000,4.000000,96.000000,96.000000,96.000000,96.000000,96.000000,5.0,1328.3345,1226.2341,5313.3381,5415.4385,PENDING_AG03,FALSE,NOT_FOR_ENFORCEMENT,6376.0057,118423.6574,6641.6726,6376.0057,265.6669,0.04845911,0.04652074,265.6669,6376.0057,0.04652074,265.6669,265.6669,265.6669,265.6669,265.6669,6376.0057,0.04652074,1328.3345,1226.2341,5313.3381,5415.4385,0.03876729,0.03951223,0.00193836,193.0384,173.7436,9.3545,510.8979,46.7723,10542.8665,54.6154,134.1201,195.3675,87.943,173.2652,261.8715,351.7721,436.4525,680.8702,131.9145,0.0,2.518986,3.929642,1.114121,23,99,14,2,0.02642138,0.04845911,0.23923445,0E-8,0.000000,0.900047,0.145070,-0.19595268,2026-04-03,2026-07-17,13,142,96,106,0.122642,0.686501,0.694784,0.088071,,,,,,,,GLOBAL_BASELINE_NO_ENTITY_RANKING,,,NOT_APPLICABLE_GLOBAL_BASELINE,HF9g-P5,,,,X 全窗基线 · 不参与实体赏罚,14193170,1420,A168_HF9F_20260827_0900,2026-08-27 09:00:00
2026-05-07,148183013,986,0,811.8016759776,196.4036312849,196.4036312849,0.6250000,8,8,0.49659680000000000,0.496596800000,0.7263750131803139,0.726375013180314,0.7263750131803139,0E-17,ELIGIBLE,R03b_20260811_FULL_v1,L1_ELIGIBILITY,v2026-08-11,2026-03-21..2026-08-06,baccarat_bet02_101_all_pairs_incl_sentinel,round_win = game_pnl > 0 (decisive only),COMPATIBILITY_ONLY_NOT_PRODUCTION,137057.2646,123357.9765,6641.6726,710,710,-0.04845911,-0.23923445,-0.04328177,-0.04845911,-6641.6726,137057.2646,OK,0.0000,265.6669,4.0000,96.0000,AG03-UNRESOLVED,ALL5_LEVELS_bet23_to_bet27,265.6669,265.6669,265.6669,265.6669,265.6669,4.000000,4.000000,4.000000,4.000000,4.000000,96.000000,96.000000,96.000000,96.000000,96.000000,5.0,1328.3345,1226.2341,5313.3381,5415.4385,PENDING_AG03,FALSE,NOT_FOR_ENFORCEMENT,6376.0057,118423.6574,6641.6726,6376.0057,265.6669,0.04845911,0.04652074,265.6669,6376.0057,0.04652074,265.6669,265.6669,265.6669,265.6669,265.6669,6376.0057,0.04652074,1328.3345,1226.2341,5313.3381,5415.4385,0.03876729,0.03951223,0.00193836,193.0384,173.7436,9.3545,510.8979,46.7723,10542.8665,54.6154,134.1201,195.3675,87.943,173.2652,261.8715,351.7721,436.4525,680.8702,131.9145,0.0,2.518986,3.929642,1.114121,23,99,14,2,0.02642138,0.04845911,0.23923445,0E-8,0.000000,0.900047,0.145070,-0.19595268,2026-04-03,2026-07-17,13,142,96,106,0.122642,0.686501,0.694784,0.088071,,,,,,,,GLOBAL_BASELINE_NO_ENTITY_RANKING,,,NOT_APPLICABLE_GLOBAL_BASELINE,HF9g-P5,,,,X 全窗基线 · 不参与实体赏罚,14193171,1420,A168_HF9F_20260827_0900,2026-08-27 09:00:00
2026-05-08,148183013,-1,1,611.0335195531,-611.0335195531,-611.0335195531,0E-7,3,3,0.49771390000000000,0.497713900000,-1.724149546644903,-1.724149546644903,-1.724149546644903,0E-17,SENTINEL_DEALER,R03b_20260811_FULL_v1,L1_ELIGIBILITY,v2026-08-11,2026-03-21..2026-08-06,baccarat_bet02_101_all_pairs_incl_sentinel,round_win = game_pnl > 0 (decisive only),COMPATIBILITY_ONLY_NOT_PRODUCTION,137057.2646,123357.9765,6641.6726,710,710,-0.04845911,-0.23923445,-0.04328177,-0.04845911,-6641.6726,137057.2646,OK,0.0000,265.6669,4.0000,96.0000,AG03-UNRESOLVED,ALL5_LEVELS_bet23_to_bet27,265.6669,265.6669,265.6669,265.6669,265.6669,4.000000,4.000000,4.000000,4.000000,4.000000,96.000000,96.000000,96.000000,96.000000,96.000000,5.0,1328.3345,1226.2341,5313.3381,5415.4385,PENDING_AG03,FALSE,NOT_FOR_ENFORCEMENT,6376.0057,118423.6574,6641.6726,6376.0057,265.6669,0.04845911,0.04652074,265.6669,6376.0057,0.04652074,265.6669,265.6669,265.6669,265.6669,265.6669,6376.0057,0.04652074,1328.3345,1226.2341,5313.3381,5415.4385,0.03876729,0.03951223,0.00193836,193.0384,173.7436,9.3545,510.8979,46.7723,10542.8665,54.6154,134.1201,195.3675,87.943,173.2652,261.8715,351.7721,436.4525,680.8702,131.9145,0.0,2.518986,3.929642,1.114121,23,99,14,2,0.02642138,0.04845911,0.23923445,0E-8,0.000000,0.900047,0.145070,-0.19595268,2026-04-03,2026-07-17,13,142,96,106,0.122642,0.686501,0.694784,0.088071,,,,,,,,GLOBAL_BASELINE_NO_ENTITY_RANKING,,,NOT_APPLICABLE_GLOBAL_BASELINE,HF9g-P5,,,,X 全窗基线 · 不参与实体赏罚,14193172,1420,A168_HF9F_20260827_0900,2026-08-27 09:00:00
2026-05-08,148183013,1157,0,741.9692737429,-567.3882681563,-567.3882681563,0.1666667,6,6,0.50218230000000000,0.502182300000,-1.6436998608832374,-1.6436998608832374,-1.6436998608832374,0E-17,ELIGIBLE,R03b_20260811_FULL_v1,L1_ELIGIBILITY,v2026-08-11,2026-03-21..2026-08-06,baccarat_bet02_101_all_pairs_incl_sentinel,round_win = game_pnl > 0 (decisive only),COMPATIBILITY_ONLY_NOT_PRODUCTION,137057.2646,123357.9765,6641.6726,710,710,-0.04845911,-0.23923445,-0.04328177,-0.04845911,-6641.6726,137057.2646,OK,0.0000,265.6669,4.0000,96.0000,AG03-UNRESOLVED,ALL5_LEVELS_bet23_to_bet27,265.6669,265.6669,265.6669,265.6669,265.6669,4.000000,4.000000,4.000000,4.000000,4.000000,96.000000,96.000000,96.000000,96.000000,96.000000,5.0,1328.3345,1226.2341,5313.3381,5415.4385,PENDING_AG03,FALSE,NOT_FOR_ENFORCEMENT,6376.0057,118423.6574,6641.6726,6376.0057,265.6669,0.04845911,0.04652074,265.6669,6376.0057,0.04652074,265.6669,265.6669,265.6669,265.6669,265.6669,6376.0057,0.04652074,1328.3345,1226.2341,5313.3381,5415.4385,0.03876729,0.03951223,0.00193836,193.0384,173.7436,9.3545,510.8979,46.7723,10542.8665,54.6154,134.1201,195.3675,87.943,173.2652,261.8715,351.7721,436.4525,680.8702,131.9145,0.0,2.518986,3.929642,1.114121,23,99,14,2,0.02642138,0.04845911,0.23923445,0E-8,0.000000,0.900047,0.145070,-0.19595268,2026-04-03,2026-07-17,13,142,96,106,0.122642,0.686501,0.694784,0.088071,,,,,,,,GLOBAL_BASELINE_NO_ENTITY_RANKING,,,NOT_APPLICABLE_GLOBAL_BASELINE,HF9g-P5,,,,X 全窗基线 · 不参与实体赏罚,14193173,1420,A168_HF9F_20260827_0900,2026-08-27 09:00:00
2026-05-08,148183013,1221,0,593.5754189944,-593.5754189944,-593.5754189944,0E-7,2,2,0.50665070000000000,0.506650700000,-1.4331513700195317,-1.4331513700195317,-1.4331513700195317,0E-17,ELIGIBLE,R03b_20260811_FULL_v1,L1_ELIGIBILITY,v2026-08-11,2026-03-21..2026-08-06,baccarat_bet02_101_all_pairs_incl_sentinel,round_win = game_pnl > 0 (decisive only),COMPATIBILITY_ONLY_NOT_PRODUCTION,137057.2646,123357.9765,6641.6726,710,710,-0.04845911,-0.23923445,-0.04328177,-0.04845911,-6641.6726,137057.2646,OK,0.0000,265.6669,4.0000,96.0000,AG03-UNRESOLVED,ALL5_LEVELS_bet23_to_bet27,265.6669,265.6669,265.6669,265.6669,265.6669,4.000000,4.000000,4.000000,4.000000,4.000000,96.000000,96.000000,96.000000,96.000000,96.000000,5.0,1328.3345,1226.2341,5313.3381,5415.4385,PENDING_AG03,FALSE,NOT_FOR_ENFORCEMENT,6376.0057,118423.6574,6641.6726,6376.0057,265.6669,0.04845911,0.04652074,265.6669,6376.0057,0.04652074,265.6669,265.6669,265.6669,265.6669,265.6669,6376.0057,0.04652074,1328.3345,1226.2341,5313.3381,5415.4385,0.03876729,0.03951223,0.00193836,193.0384,173.7436,9.3545,510.8979,46.7723,10542.8665,54.6154,134.1201,195.3675,87.943,173.2652,261.8715,351.7721,436.4525,680.8702,131.9145,0.0,2.518986,3.929642,1.114121,23,99,14,2,0.02642138,0.04845911,0.23923445,0E-8,0.000000,0.900047,0.145070,-0.19595268,2026-04-03,2026-07-17,13,142,96,106,0.122642,0.686501,0.694784,0.088071,,,,,,,,GLOBAL_BASELINE_NO_ENTITY_RANKING,,,NOT_APPLICABLE_GLOBAL_BASELINE,HF9g-P5,,,,X 全窗基线 · 不参与实体赏罚,14193174,1420,A168_HF9F_20260827_0900,2026-08-27 09:00:00
2026-05-08,148183013,1304,0,3299.5810055869,1624.0398044695,1624.0398044695,0.7500000,13,13,0.49943251538461538,0.499432515385,1.7359835744227718,1.7359835744201055,1.7359835744227718,-3.8462E-13,ELIGIBLE,R03b_20260811_FULL_v1,L1_ELIGIBILITY,v2026-08-11,2026-03-21..2026-08-06,baccarat_bet02_101_all_pairs_incl_sentinel,round_win = game_pnl > 0 (decisive only),COMPATIBILITY_ONLY_NOT_PRODUCTION,137057.2646,123357.9765,6641.6726,710,710,-0.04845911,-0.23923445,-0.04328177,-0.04845911,-6641.6726,137057.2646,OK,0.0000,265.6669,4.0000,96.0000,AG03-UNRESOLVED,ALL5_LEVELS_bet23_to_bet27,265.6669,265.6669,265.6669,265.6669,265.6669,4.000000,4.000000,4.000000,4.000000,4.000000,96.000000,96.000000,96.000000,96.000000,96.000000,5.0,1328.3345,1226.2341,5313.3381,5415.4385,PENDING_AG03,FALSE,NOT_FOR_ENFORCEMENT,6376.0057,118423.6574,6641.6726,6376.0057,265.6669,0.04845911,0.04652074,265.6669,6376.0057,0.04652074,265.6669,265.6669,265.6669,265.6669,265.6669,6376.0057,0.04652074,1328.3345,1226.2341,5313.3381,5415.4385,0.03876729,0.03951223,0.00193836,193.0384,173.7436,9.3545,510.8979,46.7723,10542.8665,54.6154,134.1201,195.3675,87.943,173.2652,261.8715,351.7721,436.4525,680.8702,131.9145,0.0,2.518986,3.929642,1.114121,23,99,14,2,0.02642138,0.04845911,0.23923445,0E-8,0.000000,0.900047,0.145070,-0.19595268,2026-04-03,2026-07-17,13,142,96,106,0.122642,0.686501,0.694784,0.088071,,,,,,,,GLOBAL_BASELINE_NO_ENTITY_RANKING,,,NOT_APPLICABLE_GLOBAL_BASELINE,HF9g-P5,,,,X 全窗基线 · 不参与实体赏罚,14193175,1420,A168_HF9F_20260827_0900,2026-08-27 09:00:00
2026-05-08,148183013,1306,0,785.6145251397,-13.0935754190,-13.0935754190,0.5000000,3,3,0.49771390000000000,0.497713900000,0.006466134837551399,0.0064661348375514,0.006466134837551399,0E-17,ELIGIBLE,R03b_20260811_FULL_v1,L1_ELIGIBILITY,v2026-08-11,2026-03-21..2026-08-06,baccarat_bet02_101_all_pairs_incl_sentinel,round_win = game_pnl > 0 (decisive only),COMPATIBILITY_ONLY_NOT_PRODUCTION,137057.2646,123357.9765,6641.6726,710,710,-0.04845911,-0.23923445,-0.04328177,-0.04845911,-6641.6726,137057.2646,OK,0.0000,265.6669,4.0000,96.0000,AG03-UNRESOLVED,ALL5_LEVELS_bet23_to_bet27,265.6669,265.6669,265.6669,265.6669,265.6669,4.000000,4.000000,4.000000,4.000000,4.000000,96.000000,96.000000,96.000000,96.000000,96.000000,5.0,1328.3345,1226.2341,5313.3381,5415.4385,PENDING_AG03,FALSE,NOT_FOR_ENFORCEMENT,6376.0057,118423.6574,6641.6726,6376.0057,265.6669,0.04845911,0.04652074,265.6669,6376.0057,0.04652074,265.6669,265.6669,265.6669,265.6669,265.6669,6376.0057,0.04652074,1328.3345,1226.2341,5313.3381,5415.4385,0.03876729,0.03951223,0.00193836,193.0384,173.7436,9.3545,510.8979,46.7723,10542.8665,54.6154,134.1201,195.3675,87.943,173.2652,261.8715,351.7721,436.4525,680.8702,131.9145,0.0,2.518986,3.929642,1.114121,23,99,14,2,0.02642138,0.04845911,0.23923445,0E-8,0.000000,0.900047,0.145070,-0.19595268,2026-04-03,2026-07-17,13,142,96,106,0.122642,0.686501,0.694784,0.088071,,,,,,,,GLOBAL_BASELINE_NO_ENTITY_RANKING,,,NOT_APPLICABLE_GLOBAL_BASELINE,HF9g-P5,,,,X 全窗基线 · 不参与实体赏罚,14193176,1420,A168_HF9F_20260827_0900,2026-08-27 09:00:00
2026-05-08,148183013,1307,0,872.9050279330,-611.0335195531,-611.0335195531,0E-7,3,3,0.50218230000000000,0.502182300000,-1.4203995680682369,-1.4203995680682369,-1.4203995680682369,0E-17,ELIGIBLE,R03b_20260811_FULL_v1,L1_ELIGIBILITY,v2026-08-11,2026-03-21..2026-08-06,baccarat_bet02_101_all_pairs_incl_sentinel,round_win = game_pnl > 0 (decisive only),COMPATIBILITY_ONLY_NOT_PRODUCTION,137057.2646,123357.9765,6641.6726,710,710,-0.04845911,-0.23923445,-0.04328177,-0.04845911,-6641.6726,137057.2646,OK,0.0000,265.6669,4.0000,96.0000,AG03-UNRESOLVED,ALL5_LEVELS_bet23_to_bet27,265.6669,265.6669,265.6669,265.6669,265.6669,4.000000,4.000000,4.000000,4.000000,4.000000,96.000000,96.000000,96.000000,96.000000,96.000000,5.0,1328.3345,1226.2341,5313.3381,5415.4385,PENDING_AG03,FALSE,NOT_FOR_ENFORCEMENT,6376.0057,118423.6574,6641.6726,6376.0057,265.6669,0.04845911,0.04652074,265.6669,6376.0057,0.04652074,265.6669,265.6669,265.6669,265.6669,265.6669,6376.0057,0.04652074,1328.3345,1226.2341,5313.3381,5415.4385,0.03876729,0.03951223,0.00193836,193.0384,173.7436,9.3545,510.8979,46.7723,10542.8665,54.6154,134.1201,195.3675,87.943,173.2652,261.8715,351.7721,436.4525,680.8702,131.9145,0.0,2.518986,3.929642,1.114121,23,99,14,2,0.02642138,0.04845911,0.23923445,0E-8,0.000000,0.900047,0.145070,-0.19595268,2026-04-03,2026-07-17,13,142,96,106,0.122642,0.686501,0.694784,0.088071,,,,,,,,GLOBAL_BASELINE_NO_ENTITY_RANKING,,,NOT_APPLICABLE_GLOBAL_BASELINE,HF9g-P5,,,,X 全窗基线 · 不参与实体赏罚,14193177,1420,A168_HF9F_20260827_0900,2026-08-27 09:00:00
2026-05-08,148183013,1353,0,801.3268156423,-408.5195530726,-408.5195530726,0.2500000,5,5,0.49860758000000000,0.498607580000,-0.9944341760919779,-0.9944341760919779,-0.9944341760919779,0E-17,ELIGIBLE,R03b_20260811_FULL_v1,L1_ELIGIBILITY,v2026-08-11,2026-03-21..2026-08-06,baccarat_bet02_101_all_pairs_incl_sentinel,round_win = game_pnl > 0 (decisive only),COMPATIBILITY_ONLY_NOT_PRODUCTION,137057.2646,123357.9765,6641.6726,710,710,-0.04845911,-0.23923445,-0.04328177,-0.04845911,-6641.6726,137057.2646,OK,0.0000,265.6669,4.0000,96.0000,AG03-UNRESOLVED,ALL5_LEVELS_bet23_to_bet27,265.6669,265.6669,265.6669,265.6669,265.6669,4.000000,4.000000,4.000000,4.000000,4.000000,96.000000,96.000000,96.000000,96.000000,96.000000,5.0,1328.3345,1226.2341,5313.3381,5415.4385,PENDING_AG03,FALSE,NOT_FOR_ENFORCEMENT,6376.0057,118423.6574,6641.6726,6376.0057,265.6669,0.04845911,0.04652074,265.6669,6376.0057,0.04652074,265.6669,265.6669,265.6669,265.6669,265.6669,6376.0057,0.04652074,1328.3345,1226.2341,5313.3381,5415.4385,0.03876729,0.03951223,0.00193836,193.0384,173.7436,9.3545,510.8979,46.7723,10542.8665,54.6154,134.1201,195.3675,87.943,173.2652,261.8715,351.7721,436.4525,680.8702,131.9145,0.0,2.518986,3.929642,1.114121,23,99,14,2,0.02642138,0.04845911,0.23923445,0E-8,0.000000,0.900047,0.145070,-0.19595268,2026-04-03,2026-07-17,13,142,96,106,0.122642,0.686501,0.694784,0.088071,,,,,,,,GLOBAL_BASELINE_NO_ENTITY_RANKING,,,NOT_APPLICABLE_GLOBAL_BASELINE,HF9g-P5,,,,X 全窗基线 · 不参与实体赏罚,14193178,1420,A168_HF9F_20260827_0900,2026-08-27 09:00:00
2026-05-08,148183013,1363,0,4723.2891061454,-786.4874301674,-786.4874301674,0.4615385,14,14,0.49516052857142857,0.495160528571,-0.24246353084125194,-0.24246353083816335,-0.24246353084125194,4.2857E-13,ELIGIBLE,R03b_20260811_FULL_v1,L1_ELIGIBILITY,v2026-08-11,2026-03-21..2026-08-06,baccarat_bet02_101_all_pairs_incl_sentinel,round_win = game_pnl > 0 (decisive only),COMPATIBILITY_ONLY_NOT_PRODUCTION,137057.2646,123357.9765,6641.6726,710,710,-0.04845911,-0.23923445,-0.04328177,-0.04845911,-6641.6726,137057.2646,OK,0.0000,265.6669,4.0000,96.0000,AG03-UNRESOLVED,ALL5_LEVELS_bet23_to_bet27,265.6669,265.6669,265.6669,265.6669,265.6669,4.000000,4.000000,4.000000,4.000000,4.000000,96.000000,96.000000,96.000000,96.000000,96.000000,5.0,1328.3345,1226.2341,5313.3381,5415.4385,PENDING_AG03,FALSE,NOT_FOR_ENFORCEMENT,6376.0057,118423.6574,6641.6726,6376.0057,265.6669,0.04845911,0.04652074,265.6669,6376.0057,0.04652074,265.6669,265.6669,265.6669,265.6669,265.6669,6376.0057,0.04652074,1328.3345,1226.2341,5313.3381,5415.4385,0.03876729,0.03951223,0.00193836,193.0384,173.7436,9.3545,510.8979,46.7723,10542.8665,54.6154,134.1201,195.3675,87.943,173.2652,261.8715,351.7721,436.4525,680.8702,131.9145,0.0,2.518986,3.929642,1.114121,23,99,14,2,0.02642138,0.04845911,0.23923445,0E-8,0.000000,0.900047,0.145070,-0.19595268,2026-04-03,2026-07-17,13,142,96,106,0.122642,0.686501,0.694784,0.088071,,,,,,,,GLOBAL_BASELINE_NO_ENTITY_RANKING,,,NOT_APPLICABLE_GLOBAL_BASELINE,HF9g-P5,,,,X 全窗基线 · 不参与实体赏罚,14193179,1420,A168_HF9F_20260827_0900,2026-08-27 09:00:00
2026-05-08,148183013,1374,0,331.7039106145,-331.7039106145,-331.7039106145,0E-7,1,1,0.50665070000000000,0.506650700000,-1.013391052207602,-1.013391052207602,-1.013391052207602,0E-17,ELIGIBLE,R03b_20260811_FULL_v1,L1_ELIGIBILITY,v2026-08-11,2026-03-21..2026-08-06,baccarat_bet02_101_all_pairs_incl_sentinel,round_win = game_pnl > 0 (decisive only),COMPATIBILITY_ONLY_NOT_PRODUCTION,137057.2646,123357.9765,6641.6726,710,710,-0.04845911,-0.23923445,-0.04328177,-0.04845911,-6641.6726,137057.2646,OK,0.0000,265.6669,4.0000,96.0000,AG03-UNRESOLVED,ALL5_LEVELS_bet23_to_bet27,265.6669,265.6669,265.6669,265.6669,265.6669,4.000000,4.000000,4.000000,4.000000,4.000000,96.000000,96.000000,96.000000,96.000000,96.000000,5.0,1328.3345,1226.2341,5313.3381,5415.4385,PENDING_AG03,FALSE,NOT_FOR_ENFORCEMENT,6376.0057,118423.6574,6641.6726,6376.0057,265.6669,0.04845911,0.04652074,265.6669,6376.0057,0.04652074,265.6669,265.6669,265.6669,265.6669,265.6669,6376.0057,0.04652074,1328.3345,1226.2341,5313.3381,5415.4385,0.03876729,0.03951223,0.00193836,193.0384,173.7436,9.3545,510.8979,46.7723,10542.8665,54.6154,134.1201,195.3675,87.943,173.2652,261.8715,351.7721,436.4525,680.8702,131.9145,0.0,2.518986,3.929642,1.114121,23,99,14,2,0.02642138,0.04845911,0.23923445,0E-8,0.000000,0.900047,0.145070,-0.19595268,2026-04-03,2026-07-17,13,142,96,106,0.122642,0.686501,0.694784,0.088071,,,,,,,,GLOBAL_BASELINE_NO_ENTITY_RANKING,,,NOT_APPLICABLE_GLOBAL_BASELINE,HF9g-P5,,,,X 全窗基线 · 不参与实体赏罚,14193180,1420,A168_HF9F_20260827_0900,2026-08-27 09:00:00
2026-05-08,148183013,1399,0,1222.0670391062,523.7430167598,523.7430167598,0.5000000,4,4,0.49659680000000000,0.496596800000,0.013613115331600182,0.013613115331600183,0.013613115331600182,0E-17,ELIGIBLE,R03b_20260811_FULL_v1,L1_ELIGIBILITY,v2026-08-11,2026-03-21..2026-08-06,baccarat_bet02_101_all_pairs_incl_sentinel,round_win = game_pnl > 0 (decisive only),COMPATIBILITY_ONLY_NOT_PRODUCTION,137057.2646,123357.9765,6641.6726,710,710,-0.04845911,-0.23923445,-0.04328177,-0.04845911,-6641.6726,137057.2646,OK,0.0000,265.6669,4.0000,96.0000,AG03-UNRESOLVED,ALL5_LEVELS_bet23_to_bet27,265.6669,265.6669,265.6669,265.6669,265.6669,4.000000,4.000000,4.000000,4.000000,4.000000,96.000000,96.000000,96.000000,96.000000,96.000000,5.0,1328.3345,1226.2341,5313.3381,5415.4385,PENDING_AG03,FALSE,NOT_FOR_ENFORCEMENT,6376.0057,118423.6574,6641.6726,6376.0057,265.6669,0.04845911,0.04652074,265.6669,6376.0057,0.04652074,265.6669,265.6669,265.6669,265.6669,265.6669,6376.0057,0.04652074,1328.3345,1226.2341,5313.3381,5415.4385,0.03876729,0.03951223,0.00193836,193.0384,173.7436,9.3545,510.8979,46.7723,10542.8665,54.6154,134.1201,195.3675,87.943,173.2652,261.8715,351.7721,436.4525,680.8702,131.9145,0.0,2.518986,3.929642,1.114121,23,99,14,2,0.02642138,0.04845911,0.23923445,0E-8,0.000000,0.900047,0.145070,-0.19595268,2026-04-03,2026-07-17,13,142,96,106,0.122642,0.686501,0.694784,0.088071,,,,,,,,GLOBAL_BASELINE_NO_ENTITY_RANKING,,,NOT_APPLICABLE_GLOBAL_BASELINE,HF9g-P5,,,,X 全窗基线 · 不参与实体赏罚,14193181,1420,A168_HF9F_20260827_0900,2026-08-27 09:00:00
2026-05-08,148183013,1400,0,1964.0363128491,-392.8072625699,-392.8072625699,0.4444444,9,9,0.49771390000000000,0.497713900000,-0.3196200741816709,-0.3196200741816709,-0.3196200741816709,0E-17,ELIGIBLE,R03b_20260811_FULL_v1,L1_ELIGIBILITY,v2026-08-11,2026-03-21..2026-08-06,baccarat_bet02_101_all_pairs_incl_sentinel,round_win = game_pnl > 0 (decisive only),COMPATIBILITY_ONLY_NOT_PRODUCTION,137057.2646,123357.9765,6641.6726,710,710,-0.04845911,-0.23923445,-0.04328177,-0.04845911,-6641.6726,137057.2646,OK,0.0000,265.6669,4.0000,96.0000,AG03-UNRESOLVED,ALL5_LEVELS_bet23_to_bet27,265.6669,265.6669,265.6669,265.6669,265.6669,4.000000,4.000000,4.000000,4.000000,4.000000,96.000000,96.000000,96.000000,96.000000,96.000000,5.0,1328.3345,1226.2341,5313.3381,5415.4385,PENDING_AG03,FALSE,NOT_FOR_ENFORCEMENT,6376.0057,118423.6574,6641.6726,6376.0057,265.6669,0.04845911,0.04652074,265.6669,6376.0057,0.04652074,265.6669,265.6669,265.6669,265.6669,265.6669,6376.0057,0.04652074,1328.3345,1226.2341,5313.3381,5415.4385,0.03876729,0.03951223,0.00193836,193.0384,173.7436,9.3545,510.8979,46.7723,10542.8665,54.6154,134.1201,195.3675,87.943,173.2652,261.8715,351.7721,436.4525,680.8702,131.9145,0.0,2.518986,3.929642,1.114121,23,99,14,2,0.02642138,0.04845911,0.23923445,0E-8,0.000000,0.900047,0.145070,-0.19595268,2026-04-03,2026-07-17,13,142,96,106,0.122642,0.686501,0.694784,0.088071,,,,,,,,GLOBAL_BASELINE_NO_ENTITY_RANKING,,,NOT_APPLICABLE_GLOBAL_BASELINE,HF9g-P5,,,,X 全窗基线 · 不参与实体赏罚,14193182,1420,A168_HF9F_20260827_0900,2026-08-27 09:00:00
2026-05-08,148183013,1405,0,2871.8575418996,69.8324022346,69.8324022346,0.5454545,12,12,0.49994810000000000,0.499948100000,0.30185561185716514,0.30185561185716514,0.30185561185716514,0E-17,ELIGIBLE,R03b_20260811_FULL_v1,L1_ELIGIBILITY,v2026-08-11,2026-03-21..2026-08-06,baccarat_bet02_101_all_pairs_incl_sentinel,round_win = game_pnl > 0 (decisive only),COMPATIBILITY_ONLY_NOT_PRODUCTION,137057.2646,123357.9765,6641.6726,710,710,-0.04845911,-0.23923445,-0.04328177,-0.04845911,-6641.6726,137057.2646,OK,0.0000,265.6669,4.0000,96.0000,AG03-UNRESOLVED,ALL5_LEVELS_bet23_to_bet27,265.6669,265.6669,265.6669,265.6669,265.6669,4.000000,4.000000,4.000000,4.000000,4.000000,96.000000,96.000000,96.000000,96.000000,96.000000,5.0,1328.3345,1226.2341,5313.3381,5415.4385,PENDING_AG03,FALSE,NOT_FOR_ENFORCEMENT,6376.0057,118423.6574,6641.6726,6376.0057,265.6669,0.04845911,0.04652074,265.6669,6376.0057,0.04652074,265.6669,265.6669,265.6669,265.6669,265.6669,6376.0057,0.04652074,1328.3345,1226.2341,5313.3381,5415.4385,0.03876729,0.03951223,0.00193836,193.0384,173.7436,9.3545,510.8979,46.7723,10542.8665,54.6154,134.1201,195.3675,87.943,173.2652,261.8715,351.7721,436.4525,680.8702,131.9145,0.0,2.518986,3.929642,1.114121,23,99,14,2,0.02642138,0.04845911,0.23923445,0E-8,0.000000,0.900047,0.145070,-0.19595268,2026-04-03,2026-07-17,13,142,96,106,0.122642,0.686501,0.694784,0.088071,,,,,,,,GLOBAL_BASELINE_NO_ENTITY_RANKING,,,NOT_APPLICABLE_GLOBAL_BASELINE,HF9g-P5,,,,X 全窗基线 · 不参与实体赏罚,14193183,1420,A168_HF9F_20260827_0900,2026-08-27 09:00:00
2026-05-08,148183013,1750,0,261.8715083799,-261.8715083799,-261.8715083799,0E-7,1,1,0.50665070000000000,0.506650700000,-1.013391052207602,-1.013391052207602,-1.013391052207602,0E-17,ELIGIBLE,R03b_20260811_FULL_v1,L1_ELIGIBILITY,v2026-08-11,2026-03-21..2026-08-06,baccarat_bet02_101_all_pairs_incl_sentinel,round_win = game_pnl > 0 (decisive only),COMPATIBILITY_ONLY_NOT_PRODUCTION,137057.2646,123357.9765,6641.6726,710,710,-0.04845911,-0.23923445,-0.04328177,-0.04845911,-6641.6726,137057.2646,OK,0.0000,265.6669,4.0000,96.0000,AG03-UNRESOLVED,ALL5_LEVELS_bet23_to_bet27,265.6669,265.6669,265.6669,265.6669,265.6669,4.000000,4.000000,4.000000,4.000000,4.000000,96.000000,96.000000,96.000000,96.000000,96.000000,5.0,1328.3345,1226.2341,5313.3381,5415.4385,PENDING_AG03,FALSE,NOT_FOR_ENFORCEMENT,6376.0057,118423.6574,6641.6726,6376.0057,265.6669,0.04845911,0.04652074,265.6669,6376.0057,0.04652074,265.6669,265.6669,265.6669,265.6669,265.6669,6376.0057,0.04652074,1328.3345,1226.2341,5313.3381,5415.4385,0.03876729,0.03951223,0.00193836,193.0384,173.7436,9.3545,510.8979,46.7723,10542.8665,54.6154,134.1201,195.3675,87.943,173.2652,261.8715,351.7721,436.4525,680.8702,131.9145,0.0,2.518986,3.929642,1.114121,23,99,14,2,0.02642138,0.04845911,0.23923445,0E-8,0.000000,0.900047,0.145070,-0.19595268,2026-04-03,2026-07-17,13,142,96,106,0.122642,0.686501,0.694784,0.088071,,,,,,,,GLOBAL_BASELINE_NO_ENTITY_RANKING,,,NOT_APPLICABLE_GLOBAL_BASELINE,HF9g-P5,,,,X 全窗基线 · 不参与实体赏罚,14193184,1420,A168_HF9F_20260827_0900,2026-08-27 09:00:00
2026-05-08,148183013,1957,0,960.1955307263,-87.2905027933,-87.2905027933,0.3333333,3,3,0.49771390000000000,0.497713900000,-0.5694369385616226,-0.5694369385616226,-0.5694369385616226,0E-17,ELIGIBLE,R03b_20260811_FULL_v1,L1_ELIGIBILITY,v2026-08-11,2026-03-21..2026-08-06,baccarat_bet02_101_all_pairs_incl_sentinel,round_win = game_pnl > 0 (decisive only),COMPATIBILITY_ONLY_NOT_PRODUCTION,137057.2646,123357.9765,6641.6726,710,710,-0.04845911,-0.23923445,-0.04328177,-0.04845911,-6641.6726,137057.2646,OK,0.0000,265.6669,4.0000,96.0000,AG03-UNRESOLVED,ALL5_LEVELS_bet23_to_bet27,265.6669,265.6669,265.6669,265.6669,265.6669,4.000000,4.000000,4.000000,4.000000,4.000000,96.000000,96.000000,96.000000,96.000000,96.000000,5.0,1328.3345,1226.2341,5313.3381,5415.4385,PENDING_AG03,FALSE,NOT_FOR_ENFORCEMENT,6376.0057,118423.6574,6641.6726,6376.0057,265.6669,0.04845911,0.04652074,265.6669,6376.0057,0.04652074,265.6669,265.6669,265.6669,265.6669,265.6669,6376.0057,0.04652074,1328.3345,1226.2341,5313.3381,5415.4385,0.03876729,0.03951223,0.00193836,193.0384,173.7436,9.3545,510.8979,46.7723,10542.8665,54.6154,134.1201,195.3675,87.943,173.2652,261.8715,351.7721,436.4525,680.8702,131.9145,0.0,2.518986,3.929642,1.114121,23,99,14,2,0.02642138,0.04845911,0.23923445,0E-8,0.000000,0.900047,0.145070,-0.19595268,2026-04-03,2026-07-17,13,142,96,106,0.122642,0.686501,0.694784,0.088071,,,,,,,,GLOBAL_BASELINE_NO_ENTITY_RANKING,,,NOT_APPLICABLE_GLOBAL_BASELINE,HF9g-P5,,,,X 全窗基线 · 不参与实体赏罚,14193185,1420,A168_HF9F_20260827_0900,2026-08-27 09:00:00
2026-05-08,148183013,2103,0,1021.2988826816,-340.4329608939,-340.4329608939,0.4000000,5,5,0.50665070000000000,0.506650700000,-0.4769986289884125,-0.4769986289884125,-0.4769986289884125,0E-17,ELIGIBLE,R03b_20260811_FULL_v1,L1_ELIGIBILITY,v2026-08-11,2026-03-21..2026-08-06,baccarat_bet02_101_all_pairs_incl_sentinel,round_win = game_pnl > 0 (decisive only),COMPATIBILITY_ONLY_NOT_PRODUCTION,137057.2646,123357.9765,6641.6726,710,710,-0.04845911,-0.23923445,-0.04328177,-0.04845911,-6641.6726,137057.2646,OK,0.0000,265.6669,4.0000,96.0000,AG03-UNRESOLVED,ALL5_LEVELS_bet23_to_bet27,265.6669,265.6669,265.6669,265.6669,265.6669,4.000000,4.000000,4.000000,4.000000,4.000000,96.000000,96.000000,96.000000,96.000000,96.000000,5.0,1328.3345,1226.2341,5313.3381,5415.4385,PENDING_AG03,FALSE,NOT_FOR_ENFORCEMENT,6376.0057,118423.6574,6641.6726,6376.0057,265.6669,0.04845911,0.04652074,265.6669,6376.0057,0.04652074,265.6669,265.6669,265.6669,265.6669,265.6669,6376.0057,0.04652074,1328.3345,1226.2341,5313.3381,5415.4385,0.03876729,0.03951223,0.00193836,193.0384,173.7436,9.3545,510.8979,46.7723,10542.8665,54.6154,134.1201,195.3675,87.943,173.2652,261.8715,351.7721,436.4525,680.8702,131.9145,0.0,2.518986,3.929642,1.114121,23,99,14,2,0.02642138,0.04845911,0.23923445,0E-8,0.000000,0.900047,0.145070,-0.19595268,2026-04-03,2026-07-17,13,142,96,106,0.122642,0.686501,0.694784,0.088071,,,,,,,,GLOBAL_BASELINE_NO_ENTITY_RANKING,,,NOT_APPLICABLE_GLOBAL_BASELINE,HF9g-P5,,,,X 全窗基线 · 不参与实体赏罚,14193186,1420,A168_HF9F_20260827_0900,2026-08-27 09:00:00
2026-05-08,148183013,2115,0,173.7081005587,-173.7081005587,-173.7081005587,0E-7,1,1,0.49324550000000000,0.493245500000,-0.9865810262130424,-0.9865810262130424,-0.9865810262130424,0E-17,ELIGIBLE,R03b_20260811_FULL_v1,L1_ELIGIBILITY,v2026-08-11,2026-03-21..2026-08-06,baccarat_bet02_101_all_pairs_incl_sentinel,round_win = game_pnl > 0 (decisive only),COMPATIBILITY_ONLY_NOT_PRODUCTION,137057.2646,123357.9765,6641.6726,710,710,-0.04845911,-0.23923445,-0.04328177,-0.04845911,-6641.6726,137057.2646,OK,0.0000,265.6669,4.0000,96.0000,AG03-UNRESOLVED,ALL5_LEVELS_bet23_to_bet27,265.6669,265.6669,265.6669,265.6669,265.6669,4.000000,4.000000,4.000000,4.000000,4.000000,96.000000,96.000000,96.000000,96.000000,96.000000,5.0,1328.3345,1226.2341,5313.3381,5415.4385,PENDING_AG03,FALSE,NOT_FOR_ENFORCEMENT,6376.0057,118423.6574,6641.6726,6376.0057,265.6669,0.04845911,0.04652074,265.6669,6376.0057,0.04652074,265.6669,265.6669,265.6669,265.6669,265.6669,6376.0057,0.04652074,1328.3345,1226.2341,5313.3381,5415.4385,0.03876729,0.03951223,0.00193836,193.0384,173.7436,9.3545,510.8979,46.7723,10542.8665,54.6154,134.1201,195.3675,87.943,173.2652,261.8715,351.7721,436.4525,680.8702,131.9145,0.0,2.518986,3.929642,1.114121,23,99,14,2,0.02642138,0.04845911,0.23923445,0E-8,0.000000,0.900047,0.145070,-0.19595268,2026-04-03,2026-07-17,13,142,96,106,0.122642,0.686501,0.694784,0.088071,,,,,,,,GLOBAL_BASELINE_NO_ENTITY_RANKING,,,NOT_APPLICABLE_GLOBAL_BASELINE,HF9g-P5,,,,X 全窗基线 · 不参与实体赏罚,14193187,1420,A168_HF9F_20260827_0900,2026-08-27 09:00:00
2026-05-08,148183013,2134,0,4842.0041899442,-681.3023743017,-681.3023743017,0.4545455,14,14,0.49994810000000000,0.499948100000,-0.3011670805469781,-0.3011670805469781,-0.3011670805469781,0E-17,ELIGIBLE,R03b_20260811_FULL_v1,L1_ELIGIBILITY,v2026-08-11,2026-03-21..2026-08-06,baccarat_bet02_101_all_pairs_incl_sentinel,round_win = game_pnl > 0 (decisive only),COMPATIBILITY_ONLY_NOT_PRODUCTION,137057.2646,123357.9765,6641.6726,710,710,-0.04845911,-0.23923445,-0.04328177,-0.04845911,-6641.6726,137057.2646,OK,0.0000,265.6669,4.0000,96.0000,AG03-UNRESOLVED,ALL5_LEVELS_bet23_to_bet27,265.6669,265.6669,265.6669,265.6669,265.6669,4.000000,4.000000,4.000000,4.000000,4.000000,96.000000,96.000000,96.000000,96.000000,96.000000,5.0,1328.3345,1226.2341,5313.3381,5415.4385,PENDING_AG03,FALSE,NOT_FOR_ENFORCEMENT,6376.0057,118423.6574,6641.6726,6376.0057,265.6669,0.04845911,0.04652074,265.6669,6376.0057,0.04652074,265.6669,265.6669,265.6669,265.6669,265.6669,6376.0057,0.04652074,1328.3345,1226.2341,5313.3381,5415.4385,0.03876729,0.03951223,0.00193836,193.0384,173.7436,9.3545,510.8979,46.7723,10542.8665,54.6154,134.1201,195.3675,87.943,173.2652,261.8715,351.7721,436.4525,680.8702,131.9145,0.0,2.518986,3.929642,1.114121,23,99,14,2,0.02642138,0.04845911,0.23923445,0E-8,0.000000,0.900047,0.145070,-0.19595268,2026-04-03,2026-07-17,13,142,96,106,0.122642,0.686501,0.694784,0.088071,,,,,,,,GLOBAL_BASELINE_NO_ENTITY_RANKING,,,NOT_APPLICABLE_GLOBAL_BASELINE,HF9g-P5,,,,X 全窗基线 · 不参与实体赏罚,14193188,1420,A168_HF9F_20260827_0900,2026-08-27 09:00:00
2026-05-08,148183013,2145,0,174.5810055866,-174.5810055866,-174.5810055866,0E-7,1,1,0.50665070000000000,0.506650700000,-1.013391052207602,-1.013391052207602,-1.013391052207602,0E-17,ELIGIBLE,R03b_20260811_FULL_v1,L1_ELIGIBILITY,v2026-08-11,2026-03-21..2026-08-06,baccarat_bet02_101_all_pairs_incl_sentinel,round_win = game_pnl > 0 (decisive only),COMPATIBILITY_ONLY_NOT_PRODUCTION,137057.2646,123357.9765,6641.6726,710,710,-0.04845911,-0.23923445,-0.04328177,-0.04845911,-6641.6726,137057.2646,OK,0.0000,265.6669,4.0000,96.0000,AG03-UNRESOLVED,ALL5_LEVELS_bet23_to_bet27,265.6669,265.6669,265.6669,265.6669,265.6669,4.000000,4.000000,4.000000,4.000000,4.000000,96.000000,96.000000,96.000000,96.000000,96.000000,5.0,1328.3345,1226.2341,5313.3381,5415.4385,PENDING_AG03,FALSE,NOT_FOR_ENFORCEMENT,6376.0057,118423.6574,6641.6726,6376.0057,265.6669,0.04845911,0.04652074,265.6669,6376.0057,0.04652074,265.6669,265.6669,265.6669,265.6669,265.6669,6376.0057,0.04652074,1328.3345,1226.2341,5313.3381,5415.4385,0.03876729,0.03951223,0.00193836,193.0384,173.7436,9.3545,510.8979,46.7723,10542.8665,54.6154,134.1201,195.3675,87.943,173.2652,261.8715,351.7721,436.4525,680.8702,131.9145,0.0,2.518986,3.929642,1.114121,23,99,14,2,0.02642138,0.04845911,0.23923445,0E-8,0.000000,0.900047,0.145070,-0.19595268,2026-04-03,2026-07-17,13,142,96,106,0.122642,0.686501,0.694784,0.088071,,,,,,,,GLOBAL_BASELINE_NO_ENTITY_RANKING,,,NOT_APPLICABLE_GLOBAL_BASELINE,HF9g-P5,,,,X 全窗基线 · 不参与实体赏罚,14193189,1420,A168_HF9F_20260827_0900,2026-08-27 09:00:00
2026-05-08,148183013,2156,0,698.3240223464,-698.3240223464,-698.3240223464,0E-7,3,3,0.50218230000000000,0.502182300000,-1.7396270863184011,-1.7396270863184016,-1.7396270863184011,0E-17,ELIGIBLE,R03b_20260811_FULL_v1,L1_ELIGIBILITY,v2026-08-11,2026-03-21..2026-08-06,baccarat_bet02_101_all_pairs_incl_sentinel,round_win = game_pnl > 0 (decisive only),COMPATIBILITY_ONLY_NOT_PRODUCTION,137057.2646,123357.9765,6641.6726,710,710,-0.04845911,-0.23923445,-0.04328177,-0.04845911,-6641.6726,137057.2646,OK,0.0000,265.6669,4.0000,96.0000,AG03-UNRESOLVED,ALL5_LEVELS_bet23_to_bet27,265.6669,265.6669,265.6669,265.6669,265.6669,4.000000,4.000000,4.000000,4.000000,4.000000,96.000000,96.000000,96.000000,96.000000,96.000000,5.0,1328.3345,1226.2341,5313.3381,5415.4385,PENDING_AG03,FALSE,NOT_FOR_ENFORCEMENT,6376.0057,118423.6574,6641.6726,6376.0057,265.6669,0.04845911,0.04652074,265.6669,6376.0057,0.04652074,265.6669,265.6669,265.6669,265.6669,265.6669,6376.0057,0.04652074,1328.3345,1226.2341,5313.3381,5415.4385,0.03876729,0.03951223,0.00193836,193.0384,173.7436,9.3545,510.8979,46.7723,10542.8665,54.6154,134.1201,195.3675,87.943,173.2652,261.8715,351.7721,436.4525,680.8702,131.9145,0.0,2.518986,3.929642,1.114121,23,99,14,2,0.02642138,0.04845911,0.23923445,0E-8,0.000000,0.900047,0.145070,-0.19595268,2026-04-03,2026-07-17,13,142,96,106,0.122642,0.686501,0.694784,0.088071,,,,,,,,GLOBAL_BASELINE_NO_ENTITY_RANKING,,,NOT_APPLICABLE_GLOBAL_BASELINE,HF9g-P5,,,,X 全窗基线 · 不参与实体赏罚,14193190,1420,A168_HF9F_20260827_0900,2026-08-27 09:00:00
2026-05-08,148183013,2167,0,1099.8603351955,1082.4022346368,1082.4022346368,1.0000000,3,3,0.49771390000000000,0.497713900000,1.739988277604938,1.739988277604938,1.739988277604938,0E-17,ELIGIBLE,R03b_20260811_FULL_v1,L1_ELIGIBILITY,v2026-08-11,2026-03-21..2026-08-06,baccarat_bet02_101_all_pairs_incl_sentinel,round_win = game_pnl > 0 (decisive only),COMPATIBILITY_ONLY_NOT_PRODUCTION,137057.2646,123357.9765,6641.6726,710,710,-0.04845911,-0.23923445,-0.04328177,-0.04845911,-6641.6726,137057.2646,OK,0.0000,265.6669,4.0000,96.0000,AG03-UNRESOLVED,ALL5_LEVELS_bet23_to_bet27,265.6669,265.6669,265.6669,265.6669,265.6669,4.000000,4.000000,4.000000,4.000000,4.000000,96.000000,96.000000,96.000000,96.000000,96.000000,5.0,1328.3345,1226.2341,5313.3381,5415.4385,PENDING_AG03,FALSE,NOT_FOR_ENFORCEMENT,6376.0057,118423.6574,6641.6726,6376.0057,265.6669,0.04845911,0.04652074,265.6669,6376.0057,0.04652074,265.6669,265.6669,265.6669,265.6669,265.6669,6376.0057,0.04652074,1328.3345,1226.2341,5313.3381,5415.4385,0.03876729,0.03951223,0.00193836,193.0384,173.7436,9.3545,510.8979,46.7723,10542.8665,54.6154,134.1201,195.3675,87.943,173.2652,261.8715,351.7721,436.4525,680.8702,131.9145,0.0,2.518986,3.929642,1.114121,23,99,14,2,0.02642138,0.04845911,0.23923445,0E-8,0.000000,0.900047,0.145070,-0.19595268,2026-04-03,2026-07-17,13,142,96,106,0.122642,0.686501,0.694784,0.088071,,,,,,,,GLOBAL_BASELINE_NO_ENTITY_RANKING,,,NOT_APPLICABLE_GLOBAL_BASELINE,HF9g-P5,,,,X 全窗基线 · 不参与实体赏罚,14193191,1420,A168_HF9F_20260827_0900,2026-08-27 09:00:00
2026-05-08,148183013,2175,0,1309.3575418995,-261.8715083799,-261.8715083799,0.3333333,4,4,0.49659680000000000,0.496596800000,-0.5655743394288276,-0.5655743394288276,-0.5655743394288276,0E-17,ELIGIBLE,R03b_20260811_FULL_v1,L1_ELIGIBILITY,v2026-08-11,2026-03-21..2026-08-06,baccarat_bet02_101_all_pairs_incl_sentinel,round_win = game_pnl > 0 (decisive only),COMPATIBILITY_ONLY_NOT_PRODUCTION,137057.2646,123357.9765,6641.6726,710,710,-0.04845911,-0.23923445,-0.04328177,-0.04845911,-6641.6726,137057.2646,OK,0.0000,265.6669,4.0000,96.0000,AG03-UNRESOLVED,ALL5_LEVELS_bet23_to_bet27,265.6669,265.6669,265.6669,265.6669,265.6669,4.000000,4.000000,4.000000,4.000000,4.000000,96.000000,96.000000,96.000000,96.000000,96.000000,5.0,1328.3345,1226.2341,5313.3381,5415.4385,PENDING_AG03,FALSE,NOT_FOR_ENFORCEMENT,6376.0057,118423.6574,6641.6726,6376.0057,265.6669,0.04845911,0.04652074,265.6669,6376.0057,0.04652074,265.6669,265.6669,265.6669,265.6669,265.6669,6376.0057,0.04652074,1328.3345,1226.2341,5313.3381,5415.4385,0.03876729,0.03951223,0.00193836,193.0384,173.7436,9.3545,510.8979,46.7723,10542.8665,54.6154,134.1201,195.3675,87.943,173.2652,261.8715,351.7721,436.4525,680.8702,131.9145,0.0,2.518986,3.929642,1.114121,23,99,14,2,0.02642138,0.04845911,0.23923445,0E-8,0.000000,0.900047,0.145070,-0.19595268,2026-04-03,2026-07-17,13,142,96,106,0.122642,0.686501,0.694784,0.088071,,,,,,,,GLOBAL_BASELINE_NO_ENTITY_RANKING,,,NOT_APPLICABLE_GLOBAL_BASELINE,HF9g-P5,,,,X 全窗基线 · 不参与实体赏罚,14193192,1420,A168_HF9F_20260827_0900,2026-08-27 09:00:00
2026-05-08,148183013,2188,0,1623.6033519553,-279.3296089386,-279.3296089386,0.4000000,5,5,0.49860758000000000,0.498607580000,-0.440988213962219,-0.440988213962219,-0.440988213962219,0E-17,ELIGIBLE,R03b_20260811_FULL_v1,L1_ELIGIBILITY,v2026-08-11,2026-03-21..2026-08-06,baccarat_bet02_101_all_pairs_incl_sentinel,round_win = game_pnl > 0 (decisive only),COMPATIBILITY_ONLY_NOT_PRODUCTION,137057.2646,123357.9765,6641.6726,710,710,-0.04845911,-0.23923445,-0.04328177,-0.04845911,-6641.6726,137057.2646,OK,0.0000,265.6669,4.0000,96.0000,AG03-UNRESOLVED,ALL5_LEVELS_bet23_to_bet27,265.6669,265.6669,265.6669,265.6669,265.6669,4.000000,4.000000,4.000000,4.000000,4.000000,96.000000,96.000000,96.000000,96.000000,96.000000,5.0,1328.3345,1226.2341,5313.3381,5415.4385,PENDING_AG03,FALSE,NOT_FOR_ENFORCEMENT,6376.0057,118423.6574,6641.6726,6376.0057,265.6669,0.04845911,0.04652074,265.6669,6376.0057,0.04652074,265.6669,265.6669,265.6669,265.6669,265.6669,6376.0057,0.04652074,1328.3345,1226.2341,5313.3381,5415.4385,0.03876729,0.03951223,0.00193836,193.0384,173.7436,9.3545,510.8979,46.7723,10542.8665,54.6154,134.1201,195.3675,87.943,173.2652,261.8715,351.7721,436.4525,680.8702,131.9145,0.0,2.518986,3.929642,1.114121,23,99,14,2,0.02642138,0.04845911,0.23923445,0E-8,0.000000,0.900047,0.145070,-0.19595268,2026-04-03,2026-07-17,13,142,96,106,0.122642,0.686501,0.694784,0.088071,,,,,,,,GLOBAL_BASELINE_NO_ENTITY_RANKING,,,NOT_APPLICABLE_GLOBAL_BASELINE,HF9g-P5,,,,X 全窗基线 · 不参与实体赏罚,14193193,1420,A168_HF9F_20260827_0900,2026-08-27 09:00:00
2026-05-08,148183013,2235,0,3622.5558659219,1222.0670391062,1222.0670391062,0.5555556,10,10,0.49994810000000000,0.499948100000,0.33364473513075094,0.33364473513075094,0.33364473513075094,0E-17,ELIGIBLE,R03b_20260811_FULL_v1,L1_ELIGIBILITY,v2026-08-11,2026-03-21..2026-08-06,baccarat_bet02_101_all_pairs_incl_sentinel,round_win = game_pnl > 0 (decisive only),COMPATIBILITY_ONLY_NOT_PRODUCTION,137057.2646,123357.9765,6641.6726,710,710,-0.04845911,-0.23923445,-0.04328177,-0.04845911,-6641.6726,137057.2646,OK,0.0000,265.6669,4.0000,96.0000,AG03-UNRESOLVED,ALL5_LEVELS_bet23_to_bet27,265.6669,265.6669,265.6669,265.6669,265.6669,4.000000,4.000000,4.000000,4.000000,4.000000,96.000000,96.000000,96.000000,96.000000,96.000000,5.0,1328.3345,1226.2341,5313.3381,5415.4385,PENDING_AG03,FALSE,NOT_FOR_ENFORCEMENT,6376.0057,118423.6574,6641.6726,6376.0057,265.6669,0.04845911,0.04652074,265.6669,6376.0057,0.04652074,265.6669,265.6669,265.6669,265.6669,265.6669,6376.0057,0.04652074,1328.3345,1226.2341,5313.3381,5415.4385,0.03876729,0.03951223,0.00193836,193.0384,173.7436,9.3545,510.8979,46.7723,10542.8665,54.6154,134.1201,195.3675,87.943,173.2652,261.8715,351.7721,436.4525,680.8702,131.9145,0.0,2.518986,3.929642,1.114121,23,99,14,2,0.02642138,0.04845911,0.23923445,0E-8,0.000000,0.900047,0.145070,-0.19595268,2026-04-03,2026-07-17,13,142,96,106,0.122642,0.686501,0.694784,0.088071,,,,,,,,GLOBAL_BASELINE_NO_ENTITY_RANKING,,,NOT_APPLICABLE_GLOBAL_BASELINE,HF9g-P5,,,,X 全窗基线 · 不参与实体赏罚,14193194,1420,A168_HF9F_20260827_0900,2026-08-27 09:00:00
2026-05-08,148183013,2248,0,174.5810055866,-174.5810055866,-174.5810055866,0E-7,1,1,0.49324550000000000,0.493245500000,-0.9865810262130424,-0.9865810262130424,-0.9865810262130424,0E-17,ELIGIBLE,R03b_20260811_FULL_v1,L1_ELIGIBILITY,v2026-08-11,2026-03-21..2026-08-06,baccarat_bet02_101_all_pairs_incl_sentinel,round_win = game_pnl > 0 (decisive only),COMPATIBILITY_ONLY_NOT_PRODUCTION,137057.2646,123357.9765,6641.6726,710,710,-0.04845911,-0.23923445,-0.04328177,-0.04845911,-6641.6726,137057.2646,OK,0.0000,265.6669,4.0000,96.0000,AG03-UNRESOLVED,ALL5_LEVELS_bet23_to_bet27,265.6669,265.6669,265.6669,265.6669,265.6669,4.000000,4.000000,4.000000,4.000000,4.000000,96.000000,96.000000,96.000000,96.000000,96.000000,5.0,1328.3345,1226.2341,5313.3381,5415.4385,PENDING_AG03,FALSE,NOT_FOR_ENFORCEMENT,6376.0057,118423.6574,6641.6726,6376.0057,265.6669,0.04845911,0.04652074,265.6669,6376.0057,0.04652074,265.6669,265.6669,265.6669,265.6669,265.6669,6376.0057,0.04652074,1328.3345,1226.2341,5313.3381,5415.4385,0.03876729,0.03951223,0.00193836,193.0384,173.7436,9.3545,510.8979,46.7723,10542.8665,54.6154,134.1201,195.3675,87.943,173.2652,261.8715,351.7721,436.4525,680.8702,131.9145,0.0,2.518986,3.929642,1.114121,23,99,14,2,0.02642138,0.04845911,0.23923445,0E-8,0.000000,0.900047,0.145070,-0.19595268,2026-04-03,2026-07-17,13,142,96,106,0.122642,0.686501,0.694784,0.088071,,,,,,,,GLOBAL_BASELINE_NO_ENTITY_RANKING,,,NOT_APPLICABLE_GLOBAL_BASELINE,HF9g-P5,,,,X 全窗基线 · 不参与实体赏罚,14193195,1420,A168_HF9F_20260827_0900,2026-08-27 09:00:00
2026-05-08,148183013,471,0,2234.6368715085,119.5879888268,119.5879888268,0.5000000,8,8,0.50329940000000000,0.503299400000,-0.018664631283057894,-0.018664631283057894,-0.018664631283057894,0E-17,ELIGIBLE,R03b_20260811_FULL_v1,L1_ELIGIBILITY,v2026-08-11,2026-03-21..2026-08-06,baccarat_bet02_101_all_pairs_incl_sentinel,round_win = game_pnl > 0 (decisive only),COMPATIBILITY_ONLY_NOT_PRODUCTION,137057.2646,123357.9765,6641.6726,710,710,-0.04845911,-0.23923445,-0.04328177,-0.04845911,-6641.6726,137057.2646,OK,0.0000,265.6669,4.0000,96.0000,AG03-UNRESOLVED,ALL5_LEVELS_bet23_to_bet27,265.6669,265.6669,265.6669,265.6669,265.6669,4.000000,4.000000,4.000000,4.000000,4.000000,96.000000,96.000000,96.000000,96.000000,96.000000,5.0,1328.3345,1226.2341,5313.3381,5415.4385,PENDING_AG03,FALSE,NOT_FOR_ENFORCEMENT,6376.0057,118423.6574,6641.6726,6376.0057,265.6669,0.04845911,0.04652074,265.6669,6376.0057,0.04652074,265.6669,265.6669,265.6669,265.6669,265.6669,6376.0057,0.04652074,1328.3345,1226.2341,5313.3381,5415.4385,0.03876729,0.03951223,0.00193836,193.0384,173.7436,9.3545,510.8979,46.7723,10542.8665,54.6154,134.1201,195.3675,87.943,173.2652,261.8715,351.7721,436.4525,680.8702,131.9145,0.0,2.518986,3.929642,1.114121,23,99,14,2,0.02642138,0.04845911,0.23923445,0E-8,0.000000,0.900047,0.145070,-0.19595268,2026-04-03,2026-07-17,13,142,96,106,0.122642,0.686501,0.694784,0.088071,,,,,,,,GLOBAL_BASELINE_NO_ENTITY_RANKING,,,NOT_APPLICABLE_GLOBAL_BASELINE,HF9g-P5,,,,X 全窗基线 · 不参与实体赏罚,14193196,1420,A168_HF9F_20260827_0900,2026-08-27 09:00:00
2026-05-08,148183013,970,0,1082.4022346370,-401.5363128492,-401.5363128492,0E-7,5,5,0.50396966000000000,0.503969660000,-1.425486383301614,-1.425486383301614,-1.425486383301614,0E-17,ELIGIBLE,R03b_20260811_FULL_v1,L1_ELIGIBILITY,v2026-08-11,2026-03-21..2026-08-06,baccarat_bet02_101_all_pairs_incl_sentinel,round_win = game_pnl > 0 (decisive only),COMPATIBILITY_ONLY_NOT_PRODUCTION,137057.2646,123357.9765,6641.6726,710,710,-0.04845911,-0.23923445,-0.04328177,-0.04845911,-6641.6726,137057.2646,OK,0.0000,265.6669,4.0000,96.0000,AG03-UNRESOLVED,ALL5_LEVELS_bet23_to_bet27,265.6669,265.6669,265.6669,265.6669,265.6669,4.000000,4.000000,4.000000,4.000000,4.000000,96.000000,96.000000,96.000000,96.000000,96.000000,5.0,1328.3345,1226.2341,5313.3381,5415.4385,PENDING_AG03,FALSE,NOT_FOR_ENFORCEMENT,6376.0057,118423.6574,6641.6726,6376.0057,265.6669,0.04845911,0.04652074,265.6669,6376.0057,0.04652074,265.6669,265.6669,265.6669,265.6669,265.6669,6376.0057,0.04652074,1328.3345,1226.2341,5313.3381,5415.4385,0.03876729,0.03951223,0.00193836,193.0384,173.7436,9.3545,510.8979,46.7723,10542.8665,54.6154,134.1201,195.3675,87.943,173.2652,261.8715,351.7721,436.4525,680.8702,131.9145,0.0,2.518986,3.929642,1.114121,23,99,14,2,0.02642138,0.04845911,0.23923445,0E-8,0.000000,0.900047,0.145070,-0.19595268,2026-04-03,2026-07-17,13,142,96,106,0.122642,0.686501,0.694784,0.088071,,,,,,,,GLOBAL_BASELINE_NO_ENTITY_RANKING,,,NOT_APPLICABLE_GLOBAL_BASELINE,HF9g-P5,,,,X 全窗基线 · 不参与实体赏罚,14193197,1420,A168_HF9F_20260827_0900,2026-08-27 09:00:00
2026-05-10,148183013,2089,0,1309.3575418995,-785.6145251397,-785.6145251397,0E-7,3,3,0.49771390000000000,0.497713900000,-1.4077622098436522,-1.4077622098436524,-1.4077622098436522,0E-17,ELIGIBLE,R03b_20260811_FULL_v1,L1_ELIGIBILITY,v2026-08-11,2026-03-21..2026-08-06,baccarat_bet02_101_all_pairs_incl_sentinel,round_win = game_pnl > 0 (decisive only),COMPATIBILITY_ONLY_NOT_PRODUCTION,137057.2646,123357.9765,6641.6726,710,710,-0.04845911,-0.23923445,-0.04328177,-0.04845911,-6641.6726,137057.2646,OK,0.0000,265.6669,4.0000,96.0000,AG03-UNRESOLVED,ALL5_LEVELS_bet23_to_bet27,265.6669,265.6669,265.6669,265.6669,265.6669,4.000000,4.000000,4.000000,4.000000,4.000000,96.000000,96.000000,96.000000,96.000000,96.000000,5.0,1328.3345,1226.2341,5313.3381,5415.4385,PENDING_AG03,FALSE,NOT_FOR_ENFORCEMENT,6376.0057,118423.6574,6641.6726,6376.0057,265.6669,0.04845911,0.04652074,265.6669,6376.0057,0.04652074,265.6669,265.6669,265.6669,265.6669,265.6669,6376.0057,0.04652074,1328.3345,1226.2341,5313.3381,5415.4385,0.03876729,0.03951223,0.00193836,193.0384,173.7436,9.3545,510.8979,46.7723,10542.8665,54.6154,134.1201,195.3675,87.943,173.2652,261.8715,351.7721,436.4525,680.8702,131.9145,0.0,2.518986,3.929642,1.114121,23,99,14,2,0.02642138,0.04845911,0.23923445,0E-8,0.000000,0.900047,0.145070,-0.19595268,2026-04-03,2026-07-17,13,142,96,106,0.122642,0.686501,0.694784,0.088071,,,,,,,,GLOBAL_BASELINE_NO_ENTITY_RANKING,,,NOT_APPLICABLE_GLOBAL_BASELINE,HF9g-P5,,,,X 全窗基线 · 不参与实体赏罚,14193198,1420,A168_HF9F_20260827_0900,2026-08-27 09:00:00
2026-05-10,148183013,2106,0,4790.5027932963,1254.3645251398,1254.3645251398,0.6666667,9,9,0.50069283333333333,0.500692833333,0.9958439560465624,0.9958439560485615,0.9958439560465624,3.3333E-13,ELIGIBLE,R03b_20260811_FULL_v1,L1_ELIGIBILITY,v2026-08-11,2026-03-21..2026-08-06,baccarat_bet02_101_all_pairs_incl_sentinel,round_win = game_pnl > 0 (decisive only),COMPATIBILITY_ONLY_NOT_PRODUCTION,137057.2646,123357.9765,6641.6726,710,710,-0.04845911,-0.23923445,-0.04328177,-0.04845911,-6641.6726,137057.2646,OK,0.0000,265.6669,4.0000,96.0000,AG03-UNRESOLVED,ALL5_LEVELS_bet23_to_bet27,265.6669,265.6669,265.6669,265.6669,265.6669,4.000000,4.000000,4.000000,4.000000,4.000000,96.000000,96.000000,96.000000,96.000000,96.000000,5.0,1328.3345,1226.2341,5313.3381,5415.4385,PENDING_AG03,FALSE,NOT_FOR_ENFORCEMENT,6376.0057,118423.6574,6641.6726,6376.0057,265.6669,0.04845911,0.04652074,265.6669,6376.0057,0.04652074,265.6669,265.6669,265.6669,265.6669,265.6669,6376.0057,0.04652074,1328.3345,1226.2341,5313.3381,5415.4385,0.03876729,0.03951223,0.00193836,193.0384,173.7436,9.3545,510.8979,46.7723,10542.8665,54.6154,134.1201,195.3675,87.943,173.2652,261.8715,351.7721,436.4525,680.8702,131.9145,0.0,2.518986,3.929642,1.114121,23,99,14,2,0.02642138,0.04845911,0.23923445,0E-8,0.000000,0.900047,0.145070,-0.19595268,2026-04-03,2026-07-17,13,142,96,106,0.122642,0.686501,0.694784,0.088071,,,,,,,,GLOBAL_BASELINE_NO_ENTITY_RANKING,,,NOT_APPLICABLE_GLOBAL_BASELINE,HF9g-P5,,,,X 全窗基线 · 不参与实体赏罚,14193199,1420,A168_HF9F_20260827_0900,2026-08-27 09:00:00
2026-05-10,148183013,2235,0,436.4525139665,-436.4525139665,-436.4525139665,0E-7,1,1,0.49324550000000000,0.493245500000,-0.9865810262130424,-0.9865810262130424,-0.9865810262130424,0E-17,ELIGIBLE,R03b_20260811_FULL_v1,L1_ELIGIBILITY,v2026-08-11,2026-03-21..2026-08-06,baccarat_bet02_101_all_pairs_incl_sentinel,round_win = game_pnl > 0 (decisive only),COMPATIBILITY_ONLY_NOT_PRODUCTION,137057.2646,123357.9765,6641.6726,710,710,-0.04845911,-0.23923445,-0.04328177,-0.04845911,-6641.6726,137057.2646,OK,0.0000,265.6669,4.0000,96.0000,AG03-UNRESOLVED,ALL5_LEVELS_bet23_to_bet27,265.6669,265.6669,265.6669,265.6669,265.6669,4.000000,4.000000,4.000000,4.000000,4.000000,96.000000,96.000000,96.000000,96.000000,96.000000,5.0,1328.3345,1226.2341,5313.3381,5415.4385,PENDING_AG03,FALSE,NOT_FOR_ENFORCEMENT,6376.0057,118423.6574,6641.6726,6376.0057,265.6669,0.04845911,0.04652074,265.6669,6376.0057,0.04652074,265.6669,265.6669,265.6669,265.6669,265.6669,6376.0057,0.04652074,1328.3345,1226.2341,5313.3381,5415.4385,0.03876729,0.03951223,0.00193836,193.0384,173.7436,9.3545,510.8979,46.7723,10542.8665,54.6154,134.1201,195.3675,87.943,173.2652,261.8715,351.7721,436.4525,680.8702,131.9145,0.0,2.518986,3.929642,1.114121,23,99,14,2,0.02642138,0.04845911,0.23923445,0E-8,0.000000,0.900047,0.145070,-0.19595268,2026-04-03,2026-07-17,13,142,96,106,0.122642,0.686501,0.694784,0.088071,,,,,,,,GLOBAL_BASELINE_NO_ENTITY_RANKING,,,NOT_APPLICABLE_GLOBAL_BASELINE,HF9g-P5,,,,X 全窗基线 · 不参与实体赏罚,14193200,1420,A168_HF9F_20260827_0900,2026-08-27 09:00:00
2026-05-18,148183013,2201,0,960.1955307263,0E-10,0E-10,0.5714286,8,8,0.50162375000000000,0.501623750000,0.36937434338991915,0.36937434338991915,0.36937434338991915,0E-17,ELIGIBLE,R03b_20260811_FULL_v1,L1_ELIGIBILITY,v2026-08-11,2026-03-21..2026-08-06,baccarat_bet02_101_all_pairs_incl_sentinel,round_win = game_pnl > 0 (decisive only),COMPATIBILITY_ONLY_NOT_PRODUCTION,137057.2646,123357.9765,6641.6726,710,710,-0.04845911,-0.23923445,-0.04328177,-0.04845911,-6641.6726,137057.2646,OK,0.0000,265.6669,4.0000,96.0000,AG03-UNRESOLVED,ALL5_LEVELS_bet23_to_bet27,265.6669,265.6669,265.6669,265.6669,265.6669,4.000000,4.000000,4.000000,4.000000,4.000000,96.000000,96.000000,96.000000,96.000000,96.000000,5.0,1328.3345,1226.2341,5313.3381,5415.4385,PENDING_AG03,FALSE,NOT_FOR_ENFORCEMENT,6376.0057,118423.6574,6641.6726,6376.0057,265.6669,0.04845911,0.04652074,265.6669,6376.0057,0.04652074,265.6669,265.6669,265.6669,265.6669,265.6669,6376.0057,0.04652074,1328.3345,1226.2341,5313.3381,5415.4385,0.03876729,0.03951223,0.00193836,193.0384,173.7436,9.3545,510.8979,46.7723,10542.8665,54.6154,134.1201,195.3675,87.943,173.2652,261.8715,351.7721,436.4525,680.8702,131.9145,0.0,2.518986,3.929642,1.114121,23,99,14,2,0.02642138,0.04845911,0.23923445,0E-8,0.000000,0.900047,0.145070,-0.19595268,2026-04-03,2026-07-17,13,142,96,106,0.122642,0.686501,0.694784,0.088071,,,,,,,,GLOBAL_BASELINE_NO_ENTITY_RANKING,,,NOT_APPLICABLE_GLOBAL_BASELINE,HF9g-P5,,,,X 全窗基线 · 不参与实体赏罚,14193201,1420,A168_HF9F_20260827_0900,2026-08-27 09:00:00
2026-05-18,148183013,2218,0,2444.1340782123,43.6452513966,43.6452513966,0.5384615,14,14,0.50186312857142857,0.501863128571,0.2639167191656454,0.2639167191687351,0.2639167191656454,4.2857E-13,ELIGIBLE,R03b_20260811_FULL_v1,L1_ELIGIBILITY,v2026-08-11,2026-03-21..2026-08-06,baccarat_bet02_101_all_pairs_incl_sentinel,round_win = game_pnl > 0 (decisive only),COMPATIBILITY_ONLY_NOT_PRODUCTION,137057.2646,123357.9765,6641.6726,710,710,-0.04845911,-0.23923445,-0.04328177,-0.04845911,-6641.6726,137057.2646,OK,0.0000,265.6669,4.0000,96.0000,AG03-UNRESOLVED,ALL5_LEVELS_bet23_to_bet27,265.6669,265.6669,265.6669,265.6669,265.6669,4.000000,4.000000,4.000000,4.000000,4.000000,96.000000,96.000000,96.000000,96.000000,96.000000,5.0,1328.3345,1226.2341,5313.3381,5415.4385,PENDING_AG03,FALSE,NOT_FOR_ENFORCEMENT,6376.0057,118423.6574,6641.6726,6376.0057,265.6669,0.04845911,0.04652074,265.6669,6376.0057,0.04652074,265.6669,265.6669,265.6669,265.6669,265.6669,6376.0057,0.04652074,1328.3345,1226.2341,5313.3381,5415.4385,0.03876729,0.03951223,0.00193836,193.0384,173.7436,9.3545,510.8979,46.7723,10542.8665,54.6154,134.1201,195.3675,87.943,173.2652,261.8715,351.7721,436.4525,680.8702,131.9145,0.0,2.518986,3.929642,1.114121,23,99,14,2,0.02642138,0.04845911,0.23923445,0E-8,0.000000,0.900047,0.145070,-0.19595268,2026-04-03,2026-07-17,13,142,96,106,0.122642,0.686501,0.694784,0.088071,,,,,,,,GLOBAL_BASELINE_NO_ENTITY_RANKING,,,NOT_APPLICABLE_GLOBAL_BASELINE,HF9g-P5,,,,X 全窗基线 · 不参与实体赏罚,14193202,1420,A168_HF9F_20260827_0900,2026-08-27 09:00:00
2026-05-18,148183013,2258,0,1222.0670391062,-392.8072625699,-392.8072625699,0.2500000,8,8,0.50329940000000000,0.503299400000,-1.4329089850335803,-1.4329089850335803,-1.4329089850335803,0E-17,ELIGIBLE,R03b_20260811_FULL_v1,L1_ELIGIBILITY,v2026-08-11,2026-03-21..2026-08-06,baccarat_bet02_101_all_pairs_incl_sentinel,round_win = game_pnl > 0 (decisive only),COMPATIBILITY_ONLY_NOT_PRODUCTION,137057.2646,123357.9765,6641.6726,710,710,-0.04845911,-0.23923445,-0.04328177,-0.04845911,-6641.6726,137057.2646,OK,0.0000,265.6669,4.0000,96.0000,AG03-UNRESOLVED,ALL5_LEVELS_bet23_to_bet27,265.6669,265.6669,265.6669,265.6669,265.6669,4.000000,4.000000,4.000000,4.000000,4.000000,96.000000,96.000000,96.000000,96.000000,96.000000,5.0,1328.3345,1226.2341,5313.3381,5415.4385,PENDING_AG03,FALSE,NOT_FOR_ENFORCEMENT,6376.0057,118423.6574,6641.6726,6376.0057,265.6669,0.04845911,0.04652074,265.6669,6376.0057,0.04652074,265.6669,265.6669,265.6669,265.6669,265.6669,6376.0057,0.04652074,1328.3345,1226.2341,5313.3381,5415.4385,0.03876729,0.03951223,0.00193836,193.0384,173.7436,9.3545,510.8979,46.7723,10542.8665,54.6154,134.1201,195.3675,87.943,173.2652,261.8715,351.7721,436.4525,680.8702,131.9145,0.0,2.518986,3.929642,1.114121,23,99,14,2,0.02642138,0.04845911,0.23923445,0E-8,0.000000,0.900047,0.145070,-0.19595268,2026-04-03,2026-07-17,13,142,96,106,0.122642,0.686501,0.694784,0.088071,,,,,,,,GLOBAL_BASELINE_NO_ENTITY_RANKING,,,NOT_APPLICABLE_GLOBAL_BASELINE,HF9g-P5,,,,X 全窗基线 · 不参与实体赏罚,14193203,1420,A168_HF9F_20260827_0900,2026-08-27 09:00:00
2026-05-18,148183013,2266,0,611.0335195531,261.8715083799,261.8715083799,1.0000000,3,3,0.49324550000000000,0.493245500000,1.01360149184955,1.01360149184955,1.01360149184955,0E-17,ELIGIBLE,R03b_20260811_FULL_v1,L1_ELIGIBILITY,v2026-08-11,2026-03-21..2026-08-06,baccarat_bet02_101_all_pairs_incl_sentinel,round_win = game_pnl > 0 (decisive only),COMPATIBILITY_ONLY_NOT_PRODUCTION,137057.2646,123357.9765,6641.6726,710,710,-0.04845911,-0.23923445,-0.04328177,-0.04845911,-6641.6726,137057.2646,OK,0.0000,265.6669,4.0000,96.0000,AG03-UNRESOLVED,ALL5_LEVELS_bet23_to_bet27,265.6669,265.6669,265.6669,265.6669,265.6669,4.000000,4.000000,4.000000,4.000000,4.000000,96.000000,96.000000,96.000000,96.000000,96.000000,5.0,1328.3345,1226.2341,5313.3381,5415.4385,PENDING_AG03,FALSE,NOT_FOR_ENFORCEMENT,6376.0057,118423.6574,6641.6726,6376.0057,265.6669,0.04845911,0.04652074,265.6669,6376.0057,0.04652074,265.6669,265.6669,265.6669,265.6669,265.6669,6376.0057,0.04652074,1328.3345,1226.2341,5313.3381,5415.4385,0.03876729,0.03951223,0.00193836,193.0384,173.7436,9.3545,510.8979,46.7723,10542.8665,54.6154,134.1201,195.3675,87.943,173.2652,261.8715,351.7721,436.4525,680.8702,131.9145,0.0,2.518986,3.929642,1.114121,23,99,14,2,0.02642138,0.04845911,0.23923445,0E-8,0.000000,0.900047,0.145070,-0.19595268,2026-04-03,2026-07-17,13,142,96,106,0.122642,0.686501,0.694784,0.088071,,,,,,,,GLOBAL_BASELINE_NO_ENTITY_RANKING,,,NOT_APPLICABLE_GLOBAL_BASELINE,HF9g-P5,,,,X 全窗基线 · 不参与实体赏罚,14193204,1420,A168_HF9F_20260827_0900,2026-08-27 09:00:00
2026-07-17,148183013,-1,1,86.6325911808,-86.6325911808,-86.6325911808,0E-7,1,1,0.49324550000000000,0.493245500000,-0.9865810262130424,-0.9865810262130424,-0.9865810262130424,0E-17,SENTINEL_DEALER,R03b_20260811_FULL_v1,L1_ELIGIBILITY,v2026-08-11,2026-03-21..2026-08-06,baccarat_bet02_101_all_pairs_incl_sentinel,round_win = game_pnl > 0 (decisive only),COMPATIBILITY_ONLY_NOT_PRODUCTION,137057.2646,123357.9765,6641.6726,710,710,-0.04845911,-0.23923445,-0.04328177,-0.04845911,-6641.6726,137057.2646,OK,0.0000,265.6669,4.0000,96.0000,AG03-UNRESOLVED,ALL5_LEVELS_bet23_to_bet27,265.6669,265.6669,265.6669,265.6669,265.6669,4.000000,4.000000,4.000000,4.000000,4.000000,96.000000,96.000000,96.000000,96.000000,96.000000,5.0,1328.3345,1226.2341,5313.3381,5415.4385,PENDING_AG03,FALSE,NOT_FOR_ENFORCEMENT,6376.0057,118423.6574,6641.6726,6376.0057,265.6669,0.04845911,0.04652074,265.6669,6376.0057,0.04652074,265.6669,265.6669,265.6669,265.6669,265.6669,6376.0057,0.04652074,1328.3345,1226.2341,5313.3381,5415.4385,0.03876729,0.03951223,0.00193836,193.0384,173.7436,9.3545,510.8979,46.7723,10542.8665,54.6154,134.1201,195.3675,87.943,173.2652,261.8715,351.7721,436.4525,680.8702,131.9145,0.0,2.518986,3.929642,1.114121,23,99,14,2,0.02642138,0.04845911,0.23923445,0E-8,0.000000,0.900047,0.145070,-0.19595268,2026-04-03,2026-07-17,13,142,96,106,0.122642,0.686501,0.694784,0.088071,,,,,,,,GLOBAL_BASELINE_NO_ENTITY_RANKING,,,NOT_APPLICABLE_GLOBAL_BASELINE,HF9g-P5,,,,X 全窗基线 · 不参与实体赏罚,14193205,1420,A168_HF9F_20260827_0900,2026-08-27 09:00:00
2026-07-17,148183013,1094,0,86.6325911808,-86.6325911808,-86.6325911808,0E-7,1,1,0.50665070000000000,0.506650700000,-1.013391052207602,-1.013391052207602,-1.013391052207602,0E-17,ELIGIBLE,R03b_20260811_FULL_v1,L1_ELIGIBILITY,v2026-08-11,2026-03-21..2026-08-06,baccarat_bet02_101_all_pairs_incl_sentinel,round_win = game_pnl > 0 (decisive only),COMPATIBILITY_ONLY_NOT_PRODUCTION,137057.2646,123357.9765,6641.6726,710,710,-0.04845911,-0.23923445,-0.04328177,-0.04845911,-6641.6726,137057.2646,OK,0.0000,265.6669,4.0000,96.0000,AG03-UNRESOLVED,ALL5_LEVELS_bet23_to_bet27,265.6669,265.6669,265.6669,265.6669,265.6669,4.000000,4.000000,4.000000,4.000000,4.000000,96.000000,96.000000,96.000000,96.000000,96.000000,5.0,1328.3345,1226.2341,5313.3381,5415.4385,PENDING_AG03,FALSE,NOT_FOR_ENFORCEMENT,6376.0057,118423.6574,6641.6726,6376.0057,265.6669,0.04845911,0.04652074,265.6669,6376.0057,0.04652074,265.6669,265.6669,265.6669,265.6669,265.6669,6376.0057,0.04652074,1328.3345,1226.2341,5313.3381,5415.4385,0.03876729,0.03951223,0.00193836,193.0384,173.7436,9.3545,510.8979,46.7723,10542.8665,54.6154,134.1201,195.3675,87.943,173.2652,261.8715,351.7721,436.4525,680.8702,131.9145,0.0,2.518986,3.929642,1.114121,23,99,14,2,0.02642138,0.04845911,0.23923445,0E-8,0.000000,0.900047,0.145070,-0.19595268,2026-04-03,2026-07-17,13,142,96,106,0.122642,0.686501,0.694784,0.088071,,,,,,,,GLOBAL_BASELINE_NO_ENTITY_RANKING,,,NOT_APPLICABLE_GLOBAL_BASELINE,HF9g-P5,,,,X 全窗基线 · 不参与实体赏罚,14193206,1420,A168_HF9F_20260827_0900,2026-08-27 09:00:00
2026-07-17,148183013,1109,0,259.8977735424,0E-10,0E-10,0.5000000,3,3,0.49324550000000000,0.493245500000,0.01910635448239258,0.01910635448239258,0.01910635448239258,0E-17,ELIGIBLE,R03b_20260811_FULL_v1,L1_ELIGIBILITY,v2026-08-11,2026-03-21..2026-08-06,baccarat_bet02_101_all_pairs_incl_sentinel,round_win = game_pnl > 0 (decisive only),COMPATIBILITY_ONLY_NOT_PRODUCTION,137057.2646,123357.9765,6641.6726,710,710,-0.04845911,-0.23923445,-0.04328177,-0.04845911,-6641.6726,137057.2646,OK,0.0000,265.6669,4.0000,96.0000,AG03-UNRESOLVED,ALL5_LEVELS_bet23_to_bet27,265.6669,265.6669,265.6669,265.6669,265.6669,4.000000,4.000000,4.000000,4.000000,4.000000,96.000000,96.000000,96.000000,96.000000,96.000000,5.0,1328.3345,1226.2341,5313.3381,5415.4385,PENDING_AG03,FALSE,NOT_FOR_ENFORCEMENT,6376.0057,118423.6574,6641.6726,6376.0057,265.6669,0.04845911,0.04652074,265.6669,6376.0057,0.04652074,265.6669,265.6669,265.6669,265.6669,265.6669,6376.0057,0.04652074,1328.3345,1226.2341,5313.3381,5415.4385,0.03876729,0.03951223,0.00193836,193.0384,173.7436,9.3545,510.8979,46.7723,10542.8665,54.6154,134.1201,195.3675,87.943,173.2652,261.8715,351.7721,436.4525,680.8702,131.9145,0.0,2.518986,3.929642,1.114121,23,99,14,2,0.02642138,0.04845911,0.23923445,0E-8,0.000000,0.900047,0.145070,-0.19595268,2026-04-03,2026-07-17,13,142,96,106,0.122642,0.686501,0.694784,0.088071,,,,,,,,GLOBAL_BASELINE_NO_ENTITY_RANKING,,,NOT_APPLICABLE_GLOBAL_BASELINE,HF9g-P5,,,,X 全窗基线 · 不参与实体赏罚,14193207,1420,A168_HF9F_20260827_0900,2026-08-27 09:00:00
2026-07-17,148183013,1304,0,346.5303647232,-8.6632591181,-8.6632591181,0.5000000,2,2,0.49994810000000000,0.499948100000,0.00014679536856514622,0.00014679536856514622,0.00014679536856514622,0E-17,ELIGIBLE,R03b_20260811_FULL_v1,L1_ELIGIBILITY,v2026-08-11,2026-03-21..2026-08-06,baccarat_bet02_101_all_pairs_incl_sentinel,round_win = game_pnl > 0 (decisive only),COMPATIBILITY_ONLY_NOT_PRODUCTION,137057.2646,123357.9765,6641.6726,710,710,-0.04845911,-0.23923445,-0.04328177,-0.04845911,-6641.6726,137057.2646,OK,0.0000,265.6669,4.0000,96.0000,AG03-UNRESOLVED,ALL5_LEVELS_bet23_to_bet27,265.6669,265.6669,265.6669,265.6669,265.6669,4.000000,4.000000,4.000000,4.000000,4.000000,96.000000,96.000000,96.000000,96.000000,96.000000,5.0,1328.3345,1226.2341,5313.3381,5415.4385,PENDING_AG03,FALSE,NOT_FOR_ENFORCEMENT,6376.0057,118423.6574,6641.6726,6376.0057,265.6669,0.04845911,0.04652074,265.6669,6376.0057,0.04652074,265.6669,265.6669,265.6669,265.6669,265.6669,6376.0057,0.04652074,1328.3345,1226.2341,5313.3381,5415.4385,0.03876729,0.03951223,0.00193836,193.0384,173.7436,9.3545,510.8979,46.7723,10542.8665,54.6154,134.1201,195.3675,87.943,173.2652,261.8715,351.7721,436.4525,680.8702,131.9145,0.0,2.518986,3.929642,1.114121,23,99,14,2,0.02642138,0.04845911,0.23923445,0E-8,0.000000,0.900047,0.145070,-0.19595268,2026-04-03,2026-07-17,13,142,96,106,0.122642,0.686501,0.694784,0.088071,,,,,,,,GLOBAL_BASELINE_NO_ENTITY_RANKING,,,NOT_APPLICABLE_GLOBAL_BASELINE,HF9g-P5,,,,X 全窗基线 · 不参与实体赏罚,14193208,1420,A168_HF9F_20260827_0900,2026-08-27 09:00:00
2026-07-17,148183013,1382,0,519.7955470848,0E-10,0E-10,0.5000000,3,3,0.49771390000000000,0.497713900000,0.006466134837551399,0.0064661348375514,0.006466134837551399,0E-17,ELIGIBLE,R03b_20260811_FULL_v1,L1_ELIGIBILITY,v2026-08-11,2026-03-21..2026-08-06,baccarat_bet02_101_all_pairs_incl_sentinel,round_win = game_pnl > 0 (decisive only),COMPATIBILITY_ONLY_NOT_PRODUCTION,137057.2646,123357.9765,6641.6726,710,710,-0.04845911,-0.23923445,-0.04328177,-0.04845911,-6641.6726,137057.2646,OK,0.0000,265.6669,4.0000,96.0000,AG03-UNRESOLVED,ALL5_LEVELS_bet23_to_bet27,265.6669,265.6669,265.6669,265.6669,265.6669,4.000000,4.000000,4.000000,4.000000,4.000000,96.000000,96.000000,96.000000,96.000000,96.000000,5.0,1328.3345,1226.2341,5313.3381,5415.4385,PENDING_AG03,FALSE,NOT_FOR_ENFORCEMENT,6376.0057,118423.6574,6641.6726,6376.0057,265.6669,0.04845911,0.04652074,265.6669,6376.0057,0.04652074,265.6669,265.6669,265.6669,265.6669,265.6669,6376.0057,0.04652074,1328.3345,1226.2341,5313.3381,5415.4385,0.03876729,0.03951223,0.00193836,193.0384,173.7436,9.3545,510.8979,46.7723,10542.8665,54.6154,134.1201,195.3675,87.943,173.2652,261.8715,351.7721,436.4525,680.8702,131.9145,0.0,2.518986,3.929642,1.114121,23,99,14,2,0.02642138,0.04845911,0.23923445,0E-8,0.000000,0.900047,0.145070,-0.19595268,2026-04-03,2026-07-17,13,142,96,106,0.122642,0.686501,0.694784,0.088071,,,,,,,,GLOBAL_BASELINE_NO_ENTITY_RANKING,,,NOT_APPLICABLE_GLOBAL_BASELINE,HF9g-P5,,,,X 全窗基线 · 不参与实体赏罚,14193209,1420,A168_HF9F_20260827_0900,2026-08-27 09:00:00
2026-07-17,148183013,1402,0,597.7648791475,-86.6325911808,-86.6325911808,0.5000000,3,3,0.50218230000000000,0.502182300000,-0.00617253530718887,-0.00617253530718887,-0.00617253530718887,0E-17,ELIGIBLE,R03b_20260811_FULL_v1,L1_ELIGIBILITY,v2026-08-11,2026-03-21..2026-08-06,baccarat_bet02_101_all_pairs_incl_sentinel,round_win = game_pnl > 0 (decisive only),COMPATIBILITY_ONLY_NOT_PRODUCTION,137057.2646,123357.9765,6641.6726,710,710,-0.04845911,-0.23923445,-0.04328177,-0.04845911,-6641.6726,137057.2646,OK,0.0000,265.6669,4.0000,96.0000,AG03-UNRESOLVED,ALL5_LEVELS_bet23_to_bet27,265.6669,265.6669,265.6669,265.6669,265.6669,4.000000,4.000000,4.000000,4.000000,4.000000,96.000000,96.000000,96.000000,96.000000,96.000000,5.0,1328.3345,1226.2341,5313.3381,5415.4385,PENDING_AG03,FALSE,NOT_FOR_ENFORCEMENT,6376.0057,118423.6574,6641.6726,6376.0057,265.6669,0.04845911,0.04652074,265.6669,6376.0057,0.04652074,265.6669,265.6669,265.6669,265.6669,265.6669,6376.0057,0.04652074,1328.3345,1226.2341,5313.3381,5415.4385,0.03876729,0.03951223,0.00193836,193.0384,173.7436,9.3545,510.8979,46.7723,10542.8665,54.6154,134.1201,195.3675,87.943,173.2652,261.8715,351.7721,436.4525,680.8702,131.9145,0.0,2.518986,3.929642,1.114121,23,99,14,2,0.02642138,0.04845911,0.23923445,0E-8,0.000000,0.900047,0.145070,-0.19595268,2026-04-03,2026-07-17,13,142,96,106,0.122642,0.686501,0.694784,0.088071,,,,,,,,GLOBAL_BASELINE_NO_ENTITY_RANKING,,,NOT_APPLICABLE_GLOBAL_BASELINE,HF9g-P5,,,,X 全窗基线 · 不参与实体赏罚,14193210,1420,A168_HF9F_20260827_0900,2026-08-27 09:00:00
2026-07-17,148183013,1714,0,259.8977735424,-86.6325911808,-86.6325911808,0E-7,3,3,0.49324550000000000,0.493245500000,-0.9865810262130424,-0.9865810262130424,-0.9865810262130424,0E-17,ELIGIBLE,R03b_20260811_FULL_v1,L1_ELIGIBILITY,v2026-08-11,2026-03-21..2026-08-06,baccarat_bet02_101_all_pairs_incl_sentinel,round_win = game_pnl > 0 (decisive only),COMPATIBILITY_ONLY_NOT_PRODUCTION,137057.2646,123357.9765,6641.6726,710,710,-0.04845911,-0.23923445,-0.04328177,-0.04845911,-6641.6726,137057.2646,OK,0.0000,265.6669,4.0000,96.0000,AG03-UNRESOLVED,ALL5_LEVELS_bet23_to_bet27,265.6669,265.6669,265.6669,265.6669,265.6669,4.000000,4.000000,4.000000,4.000000,4.000000,96.000000,96.000000,96.000000,96.000000,96.000000,5.0,1328.3345,1226.2341,5313.3381,5415.4385,PENDING_AG03,FALSE,NOT_FOR_ENFORCEMENT,6376.0057,118423.6574,6641.6726,6376.0057,265.6669,0.04845911,0.04652074,265.6669,6376.0057,0.04652074,265.6669,265.6669,265.6669,265.6669,265.6669,6376.0057,0.04652074,1328.3345,1226.2341,5313.3381,5415.4385,0.03876729,0.03951223,0.00193836,193.0384,173.7436,9.3545,510.8979,46.7723,10542.8665,54.6154,134.1201,195.3675,87.943,173.2652,261.8715,351.7721,436.4525,680.8702,131.9145,0.0,2.518986,3.929642,1.114121,23,99,14,2,0.02642138,0.04845911,0.23923445,0E-8,0.000000,0.900047,0.145070,-0.19595268,2026-04-03,2026-07-17,13,142,96,106,0.122642,0.686501,0.694784,0.088071,,,,,,,,GLOBAL_BASELINE_NO_ENTITY_RANKING,,,NOT_APPLICABLE_GLOBAL_BASELINE,HF9g-P5,,,,X 全窗基线 · 不参与实体赏罚,14193211,1420,A168_HF9F_20260827_0900,2026-08-27 09:00:00
2026-07-17,148183013,1942,0,519.7955470848,-173.2651823616,-173.2651823616,0.3333333,3,3,0.49771390000000000,0.497713900000,-0.5694369385616226,-0.5694369385616226,-0.5694369385616226,0E-17,ELIGIBLE,R03b_20260811_FULL_v1,L1_ELIGIBILITY,v2026-08-11,2026-03-21..2026-08-06,baccarat_bet02_101_all_pairs_incl_sentinel,round_win = game_pnl > 0 (decisive only),COMPATIBILITY_ONLY_NOT_PRODUCTION,137057.2646,123357.9765,6641.6726,710,710,-0.04845911,-0.23923445,-0.04328177,-0.04845911,-6641.6726,137057.2646,OK,0.0000,265.6669,4.0000,96.0000,AG03-UNRESOLVED,ALL5_LEVELS_bet23_to_bet27,265.6669,265.6669,265.6669,265.6669,265.6669,4.000000,4.000000,4.000000,4.000000,4.000000,96.000000,96.000000,96.000000,96.000000,96.000000,5.0,1328.3345,1226.2341,5313.3381,5415.4385,PENDING_AG03,FALSE,NOT_FOR_ENFORCEMENT,6376.0057,118423.6574,6641.6726,6376.0057,265.6669,0.04845911,0.04652074,265.6669,6376.0057,0.04652074,265.6669,265.6669,265.6669,265.6669,265.6669,6376.0057,0.04652074,1328.3345,1226.2341,5313.3381,5415.4385,0.03876729,0.03951223,0.00193836,193.0384,173.7436,9.3545,510.8979,46.7723,10542.8665,54.6154,134.1201,195.3675,87.943,173.2652,261.8715,351.7721,436.4525,680.8702,131.9145,0.0,2.518986,3.929642,1.114121,23,99,14,2,0.02642138,0.04845911,0.23923445,0E-8,0.000000,0.900047,0.145070,-0.19595268,2026-04-03,2026-07-17,13,142,96,106,0.122642,0.686501,0.694784,0.088071,,,,,,,,GLOBAL_BASELINE_NO_ENTITY_RANKING,,,NOT_APPLICABLE_GLOBAL_BASELINE,HF9g-P5,,,,X 全窗基线 · 不参与实体赏罚,14193212,1420,A168_HF9F_20260827_0900,2026-08-27 09:00:00
2026-07-17,148183013,2103,0,424.4996967859,-164.6019232435,-164.6019232435,0.3333333,3,3,0.50218230000000000,0.502182300000,-0.5849155494134425,-0.5849155494134426,-0.5849155494134425,0E-17,ELIGIBLE,R03b_20260811_FULL_v1,L1_ELIGIBILITY,v2026-08-11,2026-03-21..2026-08-06,baccarat_bet02_101_all_pairs_incl_sentinel,round_win = game_pnl > 0 (decisive only),COMPATIBILITY_ONLY_NOT_PRODUCTION,137057.2646,123357.9765,6641.6726,710,710,-0.04845911,-0.23923445,-0.04328177,-0.04845911,-6641.6726,137057.2646,OK,0.0000,265.6669,4.0000,96.0000,AG03-UNRESOLVED,ALL5_LEVELS_bet23_to_bet27,265.6669,265.6669,265.6669,265.6669,265.6669,4.000000,4.000000,4.000000,4.000000,4.000000,96.000000,96.000000,96.000000,96.000000,96.000000,5.0,1328.3345,1226.2341,5313.3381,5415.4385,PENDING_AG03,FALSE,NOT_FOR_ENFORCEMENT,6376.0057,118423.6574,6641.6726,6376.0057,265.6669,0.04845911,0.04652074,265.6669,6376.0057,0.04652074,265.6669,265.6669,265.6669,265.6669,265.6669,6376.0057,0.04652074,1328.3345,1226.2341,5313.3381,5415.4385,0.03876729,0.03951223,0.00193836,193.0384,173.7436,9.3545,510.8979,46.7723,10542.8665,54.6154,134.1201,195.3675,87.943,173.2652,261.8715,351.7721,436.4525,680.8702,131.9145,0.0,2.518986,3.929642,1.114121,23,99,14,2,0.02642138,0.04845911,0.23923445,0E-8,0.000000,0.900047,0.145070,-0.19595268,2026-04-03,2026-07-17,13,142,96,106,0.122642,0.686501,0.694784,0.088071,,,,,,,,GLOBAL_BASELINE_NO_ENTITY_RANKING,,,NOT_APPLICABLE_GLOBAL_BASELINE,HF9g-P5,,,,X 全窗基线 · 不参与实体赏罚,14193213,1420,A168_HF9F_20260827_0900,2026-08-27 09:00:00
2026-07-17,148183013,2241,0,43.3162955904,-43.3162955904,-43.3162955904,0E-7,1,1,0.50665070000000000,0.506650700000,-1.013391052207602,-1.013391052207602,-1.013391052207602,0E-17,ELIGIBLE,R03b_20260811_FULL_v1,L1_ELIGIBILITY,v2026-08-11,2026-03-21..2026-08-06,baccarat_bet02_101_all_pairs_incl_sentinel,round_win = game_pnl > 0 (decisive only),COMPATIBILITY_ONLY_NOT_PRODUCTION,137057.2646,123357.9765,6641.6726,710,710,-0.04845911,-0.23923445,-0.04328177,-0.04845911,-6641.6726,137057.2646,OK,0.0000,265.6669,4.0000,96.0000,AG03-UNRESOLVED,ALL5_LEVELS_bet23_to_bet27,265.6669,265.6669,265.6669,265.6669,265.6669,4.000000,4.000000,4.000000,4.000000,4.000000,96.000000,96.000000,96.000000,96.000000,96.000000,5.0,1328.3345,1226.2341,5313.3381,5415.4385,PENDING_AG03,FALSE,NOT_FOR_ENFORCEMENT,6376.0057,118423.6574,6641.6726,6376.0057,265.6669,0.04845911,0.04652074,265.6669,6376.0057,0.04652074,265.6669,265.6669,265.6669,265.6669,265.6669,6376.0057,0.04652074,1328.3345,1226.2341,5313.3381,5415.4385,0.03876729,0.03951223,0.00193836,193.0384,173.7436,9.3545,510.8979,46.7723,10542.8665,54.6154,134.1201,195.3675,87.943,173.2652,261.8715,351.7721,436.4525,680.8702,131.9145,0.0,2.518986,3.929642,1.114121,23,99,14,2,0.02642138,0.04845911,0.23923445,0E-8,0.000000,0.900047,0.145070,-0.19595268,2026-04-03,2026-07-17,13,142,96,106,0.122642,0.686501,0.694784,0.088071,,,,,,,,GLOBAL_BASELINE_NO_ENTITY_RANKING,,,NOT_APPLICABLE_GLOBAL_BASELINE,HF9g-P5,,,,X 全窗基线 · 不参与实体赏罚,14193214,1420,A168_HF9F_20260827_0900,2026-08-27 09:00:00
2026-07-17,148183013,925,0,346.5303647232,0E-10,0E-10,0.5000000,2,2,0.49994810000000000,0.499948100000,0.00014679536856514622,0.00014679536856514622,0.00014679536856514622,0E-17,ELIGIBLE,R03b_20260811_FULL_v1,L1_ELIGIBILITY,v2026-08-11,2026-03-21..2026-08-06,baccarat_bet02_101_all_pairs_incl_sentinel,round_win = game_pnl > 0 (decisive only),COMPATIBILITY_ONLY_NOT_PRODUCTION,137057.2646,123357.9765,6641.6726,710,710,-0.04845911,-0.23923445,-0.04328177,-0.04845911,-6641.6726,137057.2646,OK,0.0000,265.6669,4.0000,96.0000,AG03-UNRESOLVED,ALL5_LEVELS_bet23_to_bet27,265.6669,265.6669,265.6669,265.6669,265.6669,4.000000,4.000000,4.000000,4.000000,4.000000,96.000000,96.000000,96.000000,96.000000,96.000000,5.0,1328.3345,1226.2341,5313.3381,5415.4385,PENDING_AG03,FALSE,NOT_FOR_ENFORCEMENT,6376.0057,118423.6574,6641.6726,6376.0057,265.6669,0.04845911,0.04652074,265.6669,6376.0057,0.04652074,265.6669,265.6669,265.6669,265.6669,265.6669,6376.0057,0.04652074,1328.3345,1226.2341,5313.3381,5415.4385,0.03876729,0.03951223,0.00193836,193.0384,173.7436,9.3545,510.8979,46.7723,10542.8665,54.6154,134.1201,195.3675,87.943,173.2652,261.8715,351.7721,436.4525,680.8702,131.9145,0.0,2.518986,3.929642,1.114121,23,99,14,2,0.02642138,0.04845911,0.23923445,0E-8,0.000000,0.900047,0.145070,-0.19595268,2026-04-03,2026-07-17,13,142,96,106,0.122642,0.686501,0.694784,0.088071,,,,,,,,GLOBAL_BASELINE_NO_ENTITY_RANKING,,,NOT_APPLICABLE_GLOBAL_BASELINE,HF9g-P5,,,,X 全窗基线 · 不参与实体赏罚,14193215,1420,A168_HF9F_20260827_0900,2026-08-27 09:00:00
2026-07-17,148183013,948,0,129.9488867712,-129.9488867712,-129.9488867712,0E-7,2,2,0.49324550000000000,0.493245500000,-1.3952362676504506,-1.3952362676504506,-1.3952362676504506,0E-17,ELIGIBLE,R03b_20260811_FULL_v1,L1_ELIGIBILITY,v2026-08-11,2026-03-21..2026-08-06,baccarat_bet02_101_all_pairs_incl_sentinel,round_win = game_pnl > 0 (decisive only),COMPATIBILITY_ONLY_NOT_PRODUCTION,137057.2646,123357.9765,6641.6726,710,710,-0.04845911,-0.23923445,-0.04328177,-0.04845911,-6641.6726,137057.2646,OK,0.0000,265.6669,4.0000,96.0000,AG03-UNRESOLVED,ALL5_LEVELS_bet23_to_bet27,265.6669,265.6669,265.6669,265.6669,265.6669,4.000000,4.000000,4.000000,4.000000,4.000000,96.000000,96.000000,96.000000,96.000000,96.000000,5.0,1328.3345,1226.2341,5313.3381,5415.4385,PENDING_AG03,FALSE,NOT_FOR_ENFORCEMENT,6376.0057,118423.6574,6641.6726,6376.0057,265.6669,0.04845911,0.04652074,265.6669,6376.0057,0.04652074,265.6669,265.6669,265.6669,265.6669,265.6669,6376.0057,0.04652074,1328.3345,1226.2341,5313.3381,5415.4385,0.03876729,0.03951223,0.00193836,193.0384,173.7436,9.3545,510.8979,46.7723,10542.8665,54.6154,134.1201,195.3675,87.943,173.2652,261.8715,351.7721,436.4525,680.8702,131.9145,0.0,2.518986,3.929642,1.114121,23,99,14,2,0.02642138,0.04845911,0.23923445,0E-8,0.000000,0.900047,0.145070,-0.19595268,2026-04-03,2026-07-17,13,142,96,106,0.122642,0.686501,0.694784,0.088071,,,,,,,,GLOBAL_BASELINE_NO_ENTITY_RANKING,,,NOT_APPLICABLE_GLOBAL_BASELINE,HF9g-P5,,,,X 全窗基线 · 不参与实体赏罚,14193216,1420,A168_HF9F_20260827_0900,2026-08-27 09:00:00
2026-03-24,147455633,-1,1,4993.8374856942,-1219.9577427592,-1219.9577427592,0.3461538,33,27,0.49182360493824775,0.476071103704,-1.4857445527038757,-1.3264211300263415,-1.4857445527038757,0.01575250123424775,SENTINEL_DEALER,R03b_20260811_FULL_v1,L1_ELIGIBILITY,v2026-08-11,2026-03-21..2026-08-06,baccarat_bet02_101_all_pairs_incl_sentinel,round_win = game_pnl > 0 (decisive only),COMPATIBILITY_ONLY_NOT_PRODUCTION,151076.0443,140389.6870,6643.6888,715,475,-0.04397579,,-0.04397579,-0.04397579,-6643.6888,151076.0443,OK,0.0000,265.7476,4.0000,96.0000,AG03-UNRESOLVED,ALL5_LEVELS_bet23_to_bet27,265.7476,265.7476,265.7476,332.1844,332.1844,4.000000,4.000000,4.000000,5.000000,5.000000,96.000000,96.000000,96.000000,95.000000,95.000000,5.0,1461.6115,1338.8744,5182.0773,5304.8144,PENDING_AG03,FALSE,NOT_FOR_ENFORCEMENT,6377.9413,134774.0995,6643.6888,6377.9413,265.7476,0.04397579,0.04221676,265.7476,6377.9413,0.04221676,265.7476,265.7476,265.7476,332.1844,332.1844,6377.9413,0.04221676,1461.6115,1338.8744,5182.0773,5304.8144,0.03430112,0.03511354,0.00175903,211.2952,295.5572,13.9867,369.0938,47.1184,8393.1136,26.3889,,211.2952,21.0824,109.6283,221.0802,632.4711,1038.5726,1054.1184,103.8573,-11.0045,9.47358,9.615384,1.927378,30,83,23,8,0E-8,0.04397579,,0E-8,0.000000,0.929265,0.000000,,2026-03-24,2026-06-13,18,141,123,82,0.219512,,,0.000000,,,,,,,,GLOBAL_BASELINE_NO_ENTITY_RANKING,,,NOT_APPLICABLE_GLOBAL_BASELINE,HF9g-P5,,,,X 全窗基线 · 不参与实体赏罚,14193217,1420,A168_HF9F_20260827_0900,2026-08-27 09:00:00
2026-03-24,147455633,1017,0,770.3142882295,-5.5022449159,-5.5022449159,0.5000000,6,6,0.49994810000000000,0.499948100000,0.00020760000111838688,0.00020760000111838688,0.00020760000111838688,0E-17,ELIGIBLE,R03b_20260811_FULL_v1,L1_ELIGIBILITY,v2026-08-11,2026-03-21..2026-08-06,baccarat_bet02_101_all_pairs_incl_sentinel,round_win = game_pnl > 0 (decisive only),COMPATIBILITY_ONLY_NOT_PRODUCTION,151076.0443,140389.6870,6643.6888,715,475,-0.04397579,,-0.04397579,-0.04397579,-6643.6888,151076.0443,OK,0.0000,265.7476,4.0000,96.0000,AG03-UNRESOLVED,ALL5_LEVELS_bet23_to_bet27,265.7476,265.7476,265.7476,332.1844,332.1844,4.000000,4.000000,4.000000,5.000000,5.000000,96.000000,96.000000,96.000000,95.000000,95.000000,5.0,1461.6115,1338.8744,5182.0773,5304.8144,PENDING_AG03,FALSE,NOT_FOR_ENFORCEMENT,6377.9413,134774.0995,6643.6888,6377.9413,265.7476,0.04397579,0.04221676,265.7476,6377.9413,0.04221676,265.7476,265.7476,265.7476,332.1844,332.1844,6377.9413,0.04221676,1461.6115,1338.8744,5182.0773,5304.8144,0.03430112,0.03511354,0.00175903,211.2952,295.5572,13.9867,369.0938,47.1184,8393.1136,26.3889,,211.2952,21.0824,109.6283,221.0802,632.4711,1038.5726,1054.1184,103.8573,-11.0045,9.47358,9.615384,1.927378,30,83,23,8,0E-8,0.04397579,,0E-8,0.000000,0.929265,0.000000,,2026-03-24,2026-06-13,18,141,123,82,0.219512,,,0.000000,,,,,,,,GLOBAL_BASELINE_NO_ENTITY_RANKING,,,NOT_APPLICABLE_GLOBAL_BASELINE,HF9g-P5,,,,X 全窗基线 · 不参与实体赏罚,14193218,1420,A168_HF9F_20260827_0900,2026-08-27 09:00:00
2026-03-24,147455633,1307,0,836.3412272209,-836.3412272209,-836.3412272209,0E-7,6,3,0.47559995416657608,0.395852916667,-1.649491830418575,-1.4020264611795932,-1.649491830418575,0.07974703749957608,ELIGIBLE,R03b_20260811_FULL_v1,L1_ELIGIBILITY,v2026-08-11,2026-03-21..2026-08-06,baccarat_bet02_101_all_pairs_incl_sentinel,round_win = game_pnl > 0 (decisive only),COMPATIBILITY_ONLY_NOT_PRODUCTION,151076.0443,140389.6870,6643.6888,715,475,-0.04397579,,-0.04397579,-0.04397579,-6643.6888,151076.0443,OK,0.0000,265.7476,4.0000,96.0000,AG03-UNRESOLVED,ALL5_LEVELS_bet23_to_bet27,265.7476,265.7476,265.7476,332.1844,332.1844,4.000000,4.000000,4.000000,5.000000,5.000000,96.000000,96.000000,96.000000,95.000000,95.000000,5.0,1461.6115,1338.8744,5182.0773,5304.8144,PENDING_AG03,FALSE,NOT_FOR_ENFORCEMENT,6377.9413,134774.0995,6643.6888,6377.9413,265.7476,0.04397579,0.04221676,265.7476,6377.9413,0.04221676,265.7476,265.7476,265.7476,332.1844,332.1844,6377.9413,0.04221676,1461.6115,1338.8744,5182.0773,5304.8144,0.03430112,0.03511354,0.00175903,211.2952,295.5572,13.9867,369.0938,47.1184,8393.1136,26.3889,,211.2952,21.0824,109.6283,221.0802,632.4711,1038.5726,1054.1184,103.8573,-11.0045,9.47358,9.615384,1.927378,30,83,23,8,0E-8,0.04397579,,0E-8,0.000000,0.929265,0.000000,,2026-03-24,2026-06-13,18,141,123,82,0.219512,,,0.000000,,,,,,,,GLOBAL_BASELINE_NO_ENTITY_RANKING,,,NOT_APPLICABLE_GLOBAL_BASELINE,HF9g-P5,,,,X 全窗基线 · 不参与实体赏罚,14193219,1420,A168_HF9F_20260827_0900,2026-08-27 09:00:00
2026-03-24,147455633,1323,0,88.0359186548,88.0359186548,88.0359186548,1.0000000,1,1,0.49324550000000000,0.493245500000,1.01360149184955,1.01360149184955,1.01360149184955,0E-17,ELIGIBLE,R03b_20260811_FULL_v1,L1_ELIGIBILITY,v2026-08-11,2026-03-21..2026-08-06,baccarat_bet02_101_all_pairs_incl_sentinel,round_win = game_pnl > 0 (decisive only),COMPATIBILITY_ONLY_NOT_PRODUCTION,151076.0443,140389.6870,6643.6888,715,475,-0.04397579,,-0.04397579,-0.04397579,-6643.6888,151076.0443,OK,0.0000,265.7476,4.0000,96.0000,AG03-UNRESOLVED,ALL5_LEVELS_bet23_to_bet27,265.7476,265.7476,265.7476,332.1844,332.1844,4.000000,4.000000,4.000000,5.000000,5.000000,96.000000,96.000000,96.000000,95.000000,95.000000,5.0,1461.6115,1338.8744,5182.0773,5304.8144,PENDING_AG03,FALSE,NOT_FOR_ENFORCEMENT,6377.9413,134774.0995,6643.6888,6377.9413,265.7476,0.04397579,0.04221676,265.7476,6377.9413,0.04221676,265.7476,265.7476,265.7476,332.1844,332.1844,6377.9413,0.04221676,1461.6115,1338.8744,5182.0773,5304.8144,0.03430112,0.03511354,0.00175903,211.2952,295.5572,13.9867,369.0938,47.1184,8393.1136,26.3889,,211.2952,21.0824,109.6283,221.0802,632.4711,1038.5726,1054.1184,103.8573,-11.0045,9.47358,9.615384,1.927378,30,83,23,8,0E-8,0.04397579,,0E-8,0.000000,0.929265,0.000000,,2026-03-24,2026-06-13,18,141,123,82,0.219512,,,0.000000,,,,,,,,GLOBAL_BASELINE_NO_ENTITY_RANKING,,,NOT_APPLICABLE_GLOBAL_BASELINE,HF9g-P5,,,,X 全窗基线 · 不参与实体赏罚,14193220,1420,A168_HF9F_20260827_0900,2026-08-27 09:00:00
2026-03-24,147455633,1385,0,869.3546967162,-110.0448983185,-110.0448983185,0.5000000,7,7,0.50090561428571429,0.500905614286,-0.00443659308478647,-0.004436593086186165,-0.00443659308478647,-2.8571E-13,ELIGIBLE,R03b_20260811_FULL_v1,L1_ELIGIBILITY,v2026-08-11,2026-03-21..2026-08-06,baccarat_bet02_101_all_pairs_incl_sentinel,round_win = game_pnl > 0 (decisive only),COMPATIBILITY_ONLY_NOT_PRODUCTION,151076.0443,140389.6870,6643.6888,715,475,-0.04397579,,-0.04397579,-0.04397579,-6643.6888,151076.0443,OK,0.0000,265.7476,4.0000,96.0000,AG03-UNRESOLVED,ALL5_LEVELS_bet23_to_bet27,265.7476,265.7476,265.7476,332.1844,332.1844,4.000000,4.000000,4.000000,5.000000,5.000000,96.000000,96.000000,96.000000,95.000000,95.000000,5.0,1461.6115,1338.8744,5182.0773,5304.8144,PENDING_AG03,FALSE,NOT_FOR_ENFORCEMENT,6377.9413,134774.0995,6643.6888,6377.9413,265.7476,0.04397579,0.04221676,265.7476,6377.9413,0.04221676,265.7476,265.7476,265.7476,332.1844,332.1844,6377.9413,0.04221676,1461.6115,1338.8744,5182.0773,5304.8144,0.03430112,0.03511354,0.00175903,211.2952,295.5572,13.9867,369.0938,47.1184,8393.1136,26.3889,,211.2952,21.0824,109.6283,221.0802,632.4711,1038.5726,1054.1184,103.8573,-11.0045,9.47358,9.615384,1.927378,30,83,23,8,0E-8,0.04397579,,0E-8,0.000000,0.929265,0.000000,,2026-03-24,2026-06-13,18,141,123,82,0.219512,,,0.000000,,,,,,,,GLOBAL_BASELINE_NO_ENTITY_RANKING,,,NOT_APPLICABLE_GLOBAL_BASELINE,HF9g-P5,,,,X 全窗基线 · 不参与实体赏罚,14193221,1420,A168_HF9F_20260827_0900,2026-08-27 09:00:00
2026-03-24,147455633,1485,0,728.9374064619,391.9799278106,391.9799278106,1.0000000,5,5,0.49860758000000000,0.498607580000,1.7368810269989754,1.7368810269989754,1.7368810269989754,0E-17,ELIGIBLE,R03b_20260811_FULL_v1,L1_ELIGIBILITY,v2026-08-11,2026-03-21..2026-08-06,baccarat_bet02_101_all_pairs_incl_sentinel,round_win = game_pnl > 0 (decisive only),COMPATIBILITY_ONLY_NOT_PRODUCTION,151076.0443,140389.6870,6643.6888,715,475,-0.04397579,,-0.04397579,-0.04397579,-6643.6888,151076.0443,OK,0.0000,265.7476,4.0000,96.0000,AG03-UNRESOLVED,ALL5_LEVELS_bet23_to_bet27,265.7476,265.7476,265.7476,332.1844,332.1844,4.000000,4.000000,4.000000,5.000000,5.000000,96.000000,96.000000,96.000000,95.000000,95.000000,5.0,1461.6115,1338.8744,5182.0773,5304.8144,PENDING_AG03,FALSE,NOT_FOR_ENFORCEMENT,6377.9413,134774.0995,6643.6888,6377.9413,265.7476,0.04397579,0.04221676,265.7476,6377.9413,0.04221676,265.7476,265.7476,265.7476,332.1844,332.1844,6377.9413,0.04221676,1461.6115,1338.8744,5182.0773,5304.8144,0.03430112,0.03511354,0.00175903,211.2952,295.5572,13.9867,369.0938,47.1184,8393.1136,26.3889,,211.2952,21.0824,109.6283,221.0802,632.4711,1038.5726,1054.1184,103.8573,-11.0045,9.47358,9.615384,1.927378,30,83,23,8,0E-8,0.04397579,,0E-8,0.000000,0.929265,0.000000,,2026-03-24,2026-06-13,18,141,123,82,0.219512,,,0.000000,,,,,,,,GLOBAL_BASELINE_NO_ENTITY_RANKING,,,NOT_APPLICABLE_GLOBAL_BASELINE,HF9g-P5,,,,X 全窗基线 · 不参与实体赏罚,14193222,1420,A168_HF9F_20260827_0900,2026-08-27 09:00:00
2026-03-24,147455633,1645,0,748.3053085658,29.7121225460,29.7121225460,0.6666667,3,3,0.49771390000000000,0.497713900000,0.5852756695216578,0.5852756695216578,0.5852756695216578,0E-17,ELIGIBLE,R03b_20260811_FULL_v1,L1_ELIGIBILITY,v2026-08-11,2026-03-21..2026-08-06,baccarat_bet02_101_all_pairs_incl_sentinel,round_win = game_pnl > 0 (decisive only),COMPATIBILITY_ONLY_NOT_PRODUCTION,151076.0443,140389.6870,6643.6888,715,475,-0.04397579,,-0.04397579,-0.04397579,-6643.6888,151076.0443,OK,0.0000,265.7476,4.0000,96.0000,AG03-UNRESOLVED,ALL5_LEVELS_bet23_to_bet27,265.7476,265.7476,265.7476,332.1844,332.1844,4.000000,4.000000,4.000000,5.000000,5.000000,96.000000,96.000000,96.000000,95.000000,95.000000,5.0,1461.6115,1338.8744,5182.0773,5304.8144,PENDING_AG03,FALSE,NOT_FOR_ENFORCEMENT,6377.9413,134774.0995,6643.6888,6377.9413,265.7476,0.04397579,0.04221676,265.7476,6377.9413,0.04221676,265.7476,265.7476,265.7476,332.1844,332.1844,6377.9413,0.04221676,1461.6115,1338.8744,5182.0773,5304.8144,0.03430112,0.03511354,0.00175903,211.2952,295.5572,13.9867,369.0938,47.1184,8393.1136,26.3889,,211.2952,21.0824,109.6283,221.0802,632.4711,1038.5726,1054.1184,103.8573,-11.0045,9.47358,9.615384,1.927378,30,83,23,8,0E-8,0.04397579,,0E-8,0.000000,0.929265,0.000000,,2026-03-24,2026-06-13,18,141,123,82,0.219512,,,0.000000,,,,,,,,GLOBAL_BASELINE_NO_ENTITY_RANKING,,,NOT_APPLICABLE_GLOBAL_BASELINE,HF9g-P5,,,,X 全窗基线 · 不参与实体赏罚,14193223,1420,A168_HF9F_20260827_0900,2026-08-27 09:00:00
2026-03-24,147455633,1646,0,441.7202218505,-441.7202218505,-441.7202218505,0E-7,1,1,0.50665070000000000,0.506650700000,-1.013391052207602,-1.013391052207602,-1.013391052207602,0E-17,ELIGIBLE,R03b_20260811_FULL_v1,L1_ELIGIBILITY,v2026-08-11,2026-03-21..2026-08-06,baccarat_bet02_101_all_pairs_incl_sentinel,round_win = game_pnl > 0 (decisive only),COMPATIBILITY_ONLY_NOT_PRODUCTION,151076.0443,140389.6870,6643.6888,715,475,-0.04397579,,-0.04397579,-0.04397579,-6643.6888,151076.0443,OK,0.0000,265.7476,4.0000,96.0000,AG03-UNRESOLVED,ALL5_LEVELS_bet23_to_bet27,265.7476,265.7476,265.7476,332.1844,332.1844,4.000000,4.000000,4.000000,5.000000,5.000000,96.000000,96.000000,96.000000,95.000000,95.000000,5.0,1461.6115,1338.8744,5182.0773,5304.8144,PENDING_AG03,FALSE,NOT_FOR_ENFORCEMENT,6377.9413,134774.0995,6643.6888,6377.9413,265.7476,0.04397579,0.04221676,265.7476,6377.9413,0.04221676,265.7476,265.7476,265.7476,332.1844,332.1844,6377.9413,0.04221676,1461.6115,1338.8744,5182.0773,5304.8144,0.03430112,0.03511354,0.00175903,211.2952,295.5572,13.9867,369.0938,47.1184,8393.1136,26.3889,,211.2952,21.0824,109.6283,221.0802,632.4711,1038.5726,1054.1184,103.8573,-11.0045,9.47358,9.615384,1.927378,30,83,23,8,0E-8,0.04397579,,0E-8,0.000000,0.929265,0.000000,,2026-03-24,2026-06-13,18,141,123,82,0.219512,,,0.000000,,,,,,,,GLOBAL_BASELINE_NO_ENTITY_RANKING,,,NOT_APPLICABLE_GLOBAL_BASELINE,HF9g-P5,,,,X 全窗基线 · 不参与实体赏罚,14193224,1420,A168_HF9F_20260827_0900,2026-08-27 09:00:00
2026-03-24,147455633,1957,0,638.2604102474,220.0897966371,220.0897966371,0.5000000,3,2,0.48375915000000000,0.403638725000,0.04596031253027457,0.27775789067037676,0.04596031253027457,0.08012042500000000,ELIGIBLE,R03b_20260811_FULL_v1,L1_ELIGIBILITY,v2026-08-11,2026-03-21..2026-08-06,baccarat_bet02_101_all_pairs_incl_sentinel,round_win = game_pnl > 0 (decisive only),COMPATIBILITY_ONLY_NOT_PRODUCTION,151076.0443,140389.6870,6643.6888,715,475,-0.04397579,,-0.04397579,-0.04397579,-6643.6888,151076.0443,OK,0.0000,265.7476,4.0000,96.0000,AG03-UNRESOLVED,ALL5_LEVELS_bet23_to_bet27,265.7476,265.7476,265.7476,332.1844,332.1844,4.000000,4.000000,4.000000,5.000000,5.000000,96.000000,96.000000,96.000000,95.000000,95.000000,5.0,1461.6115,1338.8744,5182.0773,5304.8144,PENDING_AG03,FALSE,NOT_FOR_ENFORCEMENT,6377.9413,134774.0995,6643.6888,6377.9413,265.7476,0.04397579,0.04221676,265.7476,6377.9413,0.04221676,265.7476,265.7476,265.7476,332.1844,332.1844,6377.9413,0.04221676,1461.6115,1338.8744,5182.0773,5304.8144,0.03430112,0.03511354,0.00175903,211.2952,295.5572,13.9867,369.0938,47.1184,8393.1136,26.3889,,211.2952,21.0824,109.6283,221.0802,632.4711,1038.5726,1054.1184,103.8573,-11.0045,9.47358,9.615384,1.927378,30,83,23,8,0E-8,0.04397579,,0E-8,0.000000,0.929265,0.000000,,2026-03-24,2026-06-13,18,141,123,82,0.219512,,,0.000000,,,,,,,,GLOBAL_BASELINE_NO_ENTITY_RANKING,,,NOT_APPLICABLE_GLOBAL_BASELINE,HF9g-P5,,,,X 全窗基线 · 不参与实体赏罚,14193225,1420,A168_HF9F_20260827_0900,2026-08-27 09:00:00
2026-03-24,147455633,1994,0,661.3698388943,-661.3698388943,-661.3698388943,0E-7,1,1,0.50665070000000000,0.506650700000,-1.013391052207602,-1.013391052207602,-1.013391052207602,0E-17,ELIGIBLE,R03b_20260811_FULL_v1,L1_ELIGIBILITY,v2026-08-11,2026-03-21..2026-08-06,baccarat_bet02_101_all_pairs_incl_sentinel,round_win = game_pnl > 0 (decisive only),COMPATIBILITY_ONLY_NOT_PRODUCTION,151076.0443,140389.6870,6643.6888,715,475,-0.04397579,,-0.04397579,-0.04397579,-6643.6888,151076.0443,OK,0.0000,265.7476,4.0000,96.0000,AG03-UNRESOLVED,ALL5_LEVELS_bet23_to_bet27,265.7476,265.7476,265.7476,332.1844,332.1844,4.000000,4.000000,4.000000,5.000000,5.000000,96.000000,96.000000,96.000000,95.000000,95.000000,5.0,1461.6115,1338.8744,5182.0773,5304.8144,PENDING_AG03,FALSE,NOT_FOR_ENFORCEMENT,6377.9413,134774.0995,6643.6888,6377.9413,265.7476,0.04397579,0.04221676,265.7476,6377.9413,0.04221676,265.7476,265.7476,265.7476,332.1844,332.1844,6377.9413,0.04221676,1461.6115,1338.8744,5182.0773,5304.8144,0.03430112,0.03511354,0.00175903,211.2952,295.5572,13.9867,369.0938,47.1184,8393.1136,26.3889,,211.2952,21.0824,109.6283,221.0802,632.4711,1038.5726,1054.1184,103.8573,-11.0045,9.47358,9.615384,1.927378,30,83,23,8,0E-8,0.04397579,,0E-8,0.000000,0.929265,0.000000,,2026-03-24,2026-06-13,18,141,123,82,0.219512,,,0.000000,,,,,,,,GLOBAL_BASELINE_NO_ENTITY_RANKING,,,NOT_APPLICABLE_GLOBAL_BASELINE,HF9g-P5,,,,X 全窗基线 · 不参与实体赏罚,14193226,1420,A168_HF9F_20260827_0900,2026-08-27 09:00:00
2026-03-24,147455633,462,0,220.0897966370,0E-10,0E-10,0.5000000,2,2,0.49994810000000000,0.499948100000,0.00014679536856514622,0.00014679536856514622,0.00014679536856514622,0E-17,ELIGIBLE,R03b_20260811_FULL_v1,L1_ELIGIBILITY,v2026-08-11,2026-03-21..2026-08-06,baccarat_bet02_101_all_pairs_incl_sentinel,round_win = game_pnl > 0 (decisive only),COMPATIBILITY_ONLY_NOT_PRODUCTION,151076.0443,140389.6870,6643.6888,715,475,-0.04397579,,-0.04397579,-0.04397579,-6643.6888,151076.0443,OK,0.0000,265.7476,4.0000,96.0000,AG03-UNRESOLVED,ALL5_LEVELS_bet23_to_bet27,265.7476,265.7476,265.7476,332.1844,332.1844,4.000000,4.000000,4.000000,5.000000,5.000000,96.000000,96.000000,96.000000,95.000000,95.000000,5.0,1461.6115,1338.8744,5182.0773,5304.8144,PENDING_AG03,FALSE,NOT_FOR_ENFORCEMENT,6377.9413,134774.0995,6643.6888,6377.9413,265.7476,0.04397579,0.04221676,265.7476,6377.9413,0.04221676,265.7476,265.7476,265.7476,332.1844,332.1844,6377.9413,0.04221676,1461.6115,1338.8744,5182.0773,5304.8144,0.03430112,0.03511354,0.00175903,211.2952,295.5572,13.9867,369.0938,47.1184,8393.1136,26.3889,,211.2952,21.0824,109.6283,221.0802,632.4711,1038.5726,1054.1184,103.8573,-11.0045,9.47358,9.615384,1.927378,30,83,23,8,0E-8,0.04397579,,0E-8,0.000000,0.929265,0.000000,,2026-03-24,2026-06-13,18,141,123,82,0.219512,,,0.000000,,,,,,,,GLOBAL_BASELINE_NO_ENTITY_RANKING,,,NOT_APPLICABLE_GLOBAL_BASELINE,HF9g-P5,,,,X 全窗基线 · 不参与实体赏罚,14193227,1420,A168_HF9F_20260827_0900,2026-08-27 09:00:00
2026-03-27,147455633,-1,1,110.0448983185,-110.0448983185,-110.0448983185,0E-7,1,1,0.50665070000000000,0.506650700000,-1.013391052207602,-1.013391052207602,-1.013391052207602,0E-17,SENTINEL_DEALER,R03b_20260811_FULL_v1,L1_ELIGIBILITY,v2026-08-11,2026-03-21..2026-08-06,baccarat_bet02_101_all_pairs_incl_sentinel,round_win = game_pnl > 0 (decisive only),COMPATIBILITY_ONLY_NOT_PRODUCTION,151076.0443,140389.6870,6643.6888,715,475,-0.04397579,,-0.04397579,-0.04397579,-6643.6888,151076.0443,OK,0.0000,265.7476,4.0000,96.0000,AG03-UNRESOLVED,ALL5_LEVELS_bet23_to_bet27,265.7476,265.7476,265.7476,332.1844,332.1844,4.000000,4.000000,4.000000,5.000000,5.000000,96.000000,96.000000,96.000000,95.000000,95.000000,5.0,1461.6115,1338.8744,5182.0773,5304.8144,PENDING_AG03,FALSE,NOT_FOR_ENFORCEMENT,6377.9413,134774.0995,6643.6888,6377.9413,265.7476,0.04397579,0.04221676,265.7476,6377.9413,0.04221676,265.7476,265.7476,265.7476,332.1844,332.1844,6377.9413,0.04221676,1461.6115,1338.8744,5182.0773,5304.8144,0.03430112,0.03511354,0.00175903,211.2952,295.5572,13.9867,369.0938,47.1184,8393.1136,26.3889,,211.2952,21.0824,109.6283,221.0802,632.4711,1038.5726,1054.1184,103.8573,-11.0045,9.47358,9.615384,1.927378,30,83,23,8,0E-8,0.04397579,,0E-8,0.000000,0.929265,0.000000,,2026-03-24,2026-06-13,18,141,123,82,0.219512,,,0.000000,,,,,,,,GLOBAL_BASELINE_NO_ENTITY_RANKING,,,NOT_APPLICABLE_GLOBAL_BASELINE,HF9g-P5,,,,X 全窗基线 · 不参与实体赏罚,14193228,1420,A168_HF9F_20260827_0900,2026-08-27 09:00:00
2026-03-27,147455633,1094,0,1773.2634915046,-521.2496698653,-521.2496698653,0.6666667,7,4,0.45772966428559597,0.423552362500,0.7263794244361989,0.8521923937208553,0.7263794244361989,0.03417730178559597,ELIGIBLE,R03b_20260811_FULL_v1,L1_ELIGIBILITY,v2026-08-11,2026-03-21..2026-08-06,baccarat_bet02_101_all_pairs_incl_sentinel,round_win = game_pnl > 0 (decisive only),COMPATIBILITY_ONLY_NOT_PRODUCTION,151076.0443,140389.6870,6643.6888,715,475,-0.04397579,,-0.04397579,-0.04397579,-6643.6888,151076.0443,OK,0.0000,265.7476,4.0000,96.0000,AG03-UNRESOLVED,ALL5_LEVELS_bet23_to_bet27,265.7476,265.7476,265.7476,332.1844,332.1844,4.000000,4.000000,4.000000,5.000000,5.000000,96.000000,96.000000,96.000000,95.000000,95.000000,5.0,1461.6115,1338.8744,5182.0773,5304.8144,PENDING_AG03,FALSE,NOT_FOR_ENFORCEMENT,6377.9413,134774.0995,6643.6888,6377.9413,265.7476,0.04397579,0.04221676,265.7476,6377.9413,0.04221676,265.7476,265.7476,265.7476,332.1844,332.1844,6377.9413,0.04221676,1461.6115,1338.8744,5182.0773,5304.8144,0.03430112,0.03511354,0.00175903,211.2952,295.5572,13.9867,369.0938,47.1184,8393.1136,26.3889,,211.2952,21.0824,109.6283,221.0802,632.4711,1038.5726,1054.1184,103.8573,-11.0045,9.47358,9.615384,1.927378,30,83,23,8,0E-8,0.04397579,,0E-8,0.000000,0.929265,0.000000,,2026-03-24,2026-06-13,18,141,123,82,0.219512,,,0.000000,,,,,,,,GLOBAL_BASELINE_NO_ENTITY_RANKING,,,NOT_APPLICABLE_GLOBAL_BASELINE,HF9g-P5,,,,X 全窗基线 · 不参与实体赏罚,14193229,1420,A168_HF9F_20260827_0900,2026-08-27 09:00:00
2026-03-27,147455633,1384,0,2526.6308653932,643.3224755699,643.3224755699,0.5714286,12,7,0.48382045152890772,0.397429407143,0.4638214961025687,0.9407239835735118,0.4638214961025687,0.08639104438590772,ELIGIBLE,R03b_20260811_FULL_v1,L1_ELIGIBILITY,v2026-08-11,2026-03-21..2026-08-06,baccarat_bet02_101_all_pairs_incl_sentinel,round_win = game_pnl > 0 (decisive only),COMPATIBILITY_ONLY_NOT_PRODUCTION,151076.0443,140389.6870,6643.6888,715,475,-0.04397579,,-0.04397579,-0.04397579,-6643.6888,151076.0443,OK,0.0000,265.7476,4.0000,96.0000,AG03-UNRESOLVED,ALL5_LEVELS_bet23_to_bet27,265.7476,265.7476,265.7476,332.1844,332.1844,4.000000,4.000000,4.000000,5.000000,5.000000,96.000000,96.000000,96.000000,95.000000,95.000000,5.0,1461.6115,1338.8744,5182.0773,5304.8144,PENDING_AG03,FALSE,NOT_FOR_ENFORCEMENT,6377.9413,134774.0995,6643.6888,6377.9413,265.7476,0.04397579,0.04221676,265.7476,6377.9413,0.04221676,265.7476,265.7476,265.7476,332.1844,332.1844,6377.9413,0.04221676,1461.6115,1338.8744,5182.0773,5304.8144,0.03430112,0.03511354,0.00175903,211.2952,295.5572,13.9867,369.0938,47.1184,8393.1136,26.3889,,211.2952,21.0824,109.6283,221.0802,632.4711,1038.5726,1054.1184,103.8573,-11.0045,9.47358,9.615384,1.927378,30,83,23,8,0E-8,0.04397579,,0E-8,0.000000,0.929265,0.000000,,2026-03-24,2026-06-13,18,141,123,82,0.219512,,,0.000000,,,,,,,,GLOBAL_BASELINE_NO_ENTITY_RANKING,,,NOT_APPLICABLE_GLOBAL_BASELINE,HF9g-P5,,,,X 全窗基线 · 不参与实体赏罚,14193230,1420,A168_HF9F_20260827_0900,2026-08-27 09:00:00
2026-03-27,147455633,1401,0,704.2873492387,554.6262875251,554.6262875251,0.8333333,12,6,0.47434369999990630,0.393618716667,1.761002722328411,2.2046302549633756,1.761002722328411,0.08072498333290630,ELIGIBLE,R03b_20260811_FULL_v1,L1_ELIGIBILITY,v2026-08-11,2026-03-21..2026-08-06,baccarat_bet02_101_all_pairs_incl_sentinel,round_win = game_pnl > 0 (decisive only),COMPATIBILITY_ONLY_NOT_PRODUCTION,151076.0443,140389.6870,6643.6888,715,475,-0.04397579,,-0.04397579,-0.04397579,-6643.6888,151076.0443,OK,0.0000,265.7476,4.0000,96.0000,AG03-UNRESOLVED,ALL5_LEVELS_bet23_to_bet27,265.7476,265.7476,265.7476,332.1844,332.1844,4.000000,4.000000,4.000000,5.000000,5.000000,96.000000,96.000000,96.000000,95.000000,95.000000,5.0,1461.6115,1338.8744,5182.0773,5304.8144,PENDING_AG03,FALSE,NOT_FOR_ENFORCEMENT,6377.9413,134774.0995,6643.6888,6377.9413,265.7476,0.04397579,0.04221676,265.7476,6377.9413,0.04221676,265.7476,265.7476,265.7476,332.1844,332.1844,6377.9413,0.04221676,1461.6115,1338.8744,5182.0773,5304.8144,0.03430112,0.03511354,0.00175903,211.2952,295.5572,13.9867,369.0938,47.1184,8393.1136,26.3889,,211.2952,21.0824,109.6283,221.0802,632.4711,1038.5726,1054.1184,103.8573,-11.0045,9.47358,9.615384,1.927378,30,83,23,8,0E-8,0.04397579,,0E-8,0.000000,0.929265,0.000000,,2026-03-24,2026-06-13,18,141,123,82,0.219512,,,0.000000,,,,,,,,GLOBAL_BASELINE_NO_ENTITY_RANKING,,,NOT_APPLICABLE_GLOBAL_BASELINE,HF9g-P5,,,,X 全窗基线 · 不参与实体赏罚,14193231,1420,A168_HF9F_20260827_0900,2026-08-27 09:00:00
2026-03-27,147455633,1402,0,2649.8811515098,562.1093406107,562.1093406107,0.6666667,48,27,0.47793814804022538,0.419109301852,1.8509569752505153,2.45793622908615,1.8509569752505153,0.05882884618822538,ELIGIBLE,R03b_20260811_FULL_v1,L1_ELIGIBILITY,v2026-08-11,2026-03-21..2026-08-06,baccarat_bet02_101_all_pairs_incl_sentinel,round_win = game_pnl > 0 (decisive only),COMPATIBILITY_ONLY_NOT_PRODUCTION,151076.0443,140389.6870,6643.6888,715,475,-0.04397579,,-0.04397579,-0.04397579,-6643.6888,151076.0443,OK,0.0000,265.7476,4.0000,96.0000,AG03-UNRESOLVED,ALL5_LEVELS_bet23_to_bet27,265.7476,265.7476,265.7476,332.1844,332.1844,4.000000,4.000000,4.000000,5.000000,5.000000,96.000000,96.000000,96.000000,95.000000,95.000000,5.0,1461.6115,1338.8744,5182.0773,5304.8144,PENDING_AG03,FALSE,NOT_FOR_ENFORCEMENT,6377.9413,134774.0995,6643.6888,6377.9413,265.7476,0.04397579,0.04221676,265.7476,6377.9413,0.04221676,265.7476,265.7476,265.7476,332.1844,332.1844,6377.9413,0.04221676,1461.6115,1338.8744,5182.0773,5304.8144,0.03430112,0.03511354,0.00175903,211.2952,295.5572,13.9867,369.0938,47.1184,8393.1136,26.3889,,211.2952,21.0824,109.6283,221.0802,632.4711,1038.5726,1054.1184,103.8573,-11.0045,9.47358,9.615384,1.927378,30,83,23,8,0E-8,0.04397579,,0E-8,0.000000,0.929265,0.000000,,2026-03-24,2026-06-13,18,141,123,82,0.219512,,,0.000000,,,,,,,,GLOBAL_BASELINE_NO_ENTITY_RANKING,,,NOT_APPLICABLE_GLOBAL_BASELINE,HF9g-P5,,,,X 全窗基线 · 不参与实体赏罚,14193232,1420,A168_HF9F_20260827_0900,2026-08-27 09:00:00
2026-03-27,147455633,1505,0,110.0448983185,-110.0448983185,-110.0448983185,0E-7,1,1,0.49324550000000000,0.493245500000,-0.9865810262130424,-0.9865810262130424,-0.9865810262130424,0E-17,ELIGIBLE,R03b_20260811_FULL_v1,L1_ELIGIBILITY,v2026-08-11,2026-03-21..2026-08-06,baccarat_bet02_101_all_pairs_incl_sentinel,round_win = game_pnl > 0 (decisive only),COMPATIBILITY_ONLY_NOT_PRODUCTION,151076.0443,140389.6870,6643.6888,715,475,-0.04397579,,-0.04397579,-0.04397579,-6643.6888,151076.0443,OK,0.0000,265.7476,4.0000,96.0000,AG03-UNRESOLVED,ALL5_LEVELS_bet23_to_bet27,265.7476,265.7476,265.7476,332.1844,332.1844,4.000000,4.000000,4.000000,5.000000,5.000000,96.000000,96.000000,96.000000,95.000000,95.000000,5.0,1461.6115,1338.8744,5182.0773,5304.8144,PENDING_AG03,FALSE,NOT_FOR_ENFORCEMENT,6377.9413,134774.0995,6643.6888,6377.9413,265.7476,0.04397579,0.04221676,265.7476,6377.9413,0.04221676,265.7476,265.7476,265.7476,332.1844,332.1844,6377.9413,0.04221676,1461.6115,1338.8744,5182.0773,5304.8144,0.03430112,0.03511354,0.00175903,211.2952,295.5572,13.9867,369.0938,47.1184,8393.1136,26.3889,,211.2952,21.0824,109.6283,221.0802,632.4711,1038.5726,1054.1184,103.8573,-11.0045,9.47358,9.615384,1.927378,30,83,23,8,0E-8,0.04397579,,0E-8,0.000000,0.929265,0.000000,,2026-03-24,2026-06-13,18,141,123,82,0.219512,,,0.000000,,,,,,,,GLOBAL_BASELINE_NO_ENTITY_RANKING,,,NOT_APPLICABLE_GLOBAL_BASELINE,HF9g-P5,,,,X 全窗基线 · 不参与实体赏罚,14193233,1420,A168_HF9F_20260827_0900,2026-08-27 09:00:00
2026-03-27,147455633,2093,0,1379.9630249143,342.2396337704,342.2396337704,0.5714286,16,8,0.46684818071368561,0.396404230000,0.5546078303037797,0.9466844385817366,0.5546078303037797,0.07044395071368561,ELIGIBLE,R03b_20260811_FULL_v1,L1_ELIGIBILITY,v2026-08-11,2026-03-21..2026-08-06,baccarat_bet02_101_all_pairs_incl_sentinel,round_win = game_pnl > 0 (decisive only),COMPATIBILITY_ONLY_NOT_PRODUCTION,151076.0443,140389.6870,6643.6888,715,475,-0.04397579,,-0.04397579,-0.04397579,-6643.6888,151076.0443,OK,0.0000,265.7476,4.0000,96.0000,AG03-UNRESOLVED,ALL5_LEVELS_bet23_to_bet27,265.7476,265.7476,265.7476,332.1844,332.1844,4.000000,4.000000,4.000000,5.000000,5.000000,96.000000,96.000000,96.000000,95.000000,95.000000,5.0,1461.6115,1338.8744,5182.0773,5304.8144,PENDING_AG03,FALSE,NOT_FOR_ENFORCEMENT,6377.9413,134774.0995,6643.6888,6377.9413,265.7476,0.04397579,0.04221676,265.7476,6377.9413,0.04221676,265.7476,265.7476,265.7476,332.1844,332.1844,6377.9413,0.04221676,1461.6115,1338.8744,5182.0773,5304.8144,0.03430112,0.03511354,0.00175903,211.2952,295.5572,13.9867,369.0938,47.1184,8393.1136,26.3889,,211.2952,21.0824,109.6283,221.0802,632.4711,1038.5726,1054.1184,103.8573,-11.0045,9.47358,9.615384,1.927378,30,83,23,8,0E-8,0.04397579,,0E-8,0.000000,0.929265,0.000000,,2026-03-24,2026-06-13,18,141,123,82,0.219512,,,0.000000,,,,,,,,GLOBAL_BASELINE_NO_ENTITY_RANKING,,,NOT_APPLICABLE_GLOBAL_BASELINE,HF9g-P5,,,,X 全窗基线 · 不参与实体赏罚,14193234,1420,A168_HF9F_20260827_0900,2026-08-27 09:00:00
2026-03-27,147455633,2153,0,1672.6824544414,66.0269389912,66.0269389912,0.5000000,6,5,0.49404057090909091,0.461424350000,0.023839409727280998,0.154763889798508,0.023839409727280998,0.03261622090909091,ELIGIBLE,R03b_20260811_FULL_v1,L1_ELIGIBILITY,v2026-08-11,2026-03-21..2026-08-06,baccarat_bet02_101_all_pairs_incl_sentinel,round_win = game_pnl > 0 (decisive only),COMPATIBILITY_ONLY_NOT_PRODUCTION,151076.0443,140389.6870,6643.6888,715,475,-0.04397579,,-0.04397579,-0.04397579,-6643.6888,151076.0443,OK,0.0000,265.7476,4.0000,96.0000,AG03-UNRESOLVED,ALL5_LEVELS_bet23_to_bet27,265.7476,265.7476,265.7476,332.1844,332.1844,4.000000,4.000000,4.000000,5.000000,5.000000,96.000000,96.000000,96.000000,95.000000,95.000000,5.0,1461.6115,1338.8744,5182.0773,5304.8144,PENDING_AG03,FALSE,NOT_FOR_ENFORCEMENT,6377.9413,134774.0995,6643.6888,6377.9413,265.7476,0.04397579,0.04221676,265.7476,6377.9413,0.04221676,265.7476,265.7476,265.7476,332.1844,332.1844,6377.9413,0.04221676,1461.6115,1338.8744,5182.0773,5304.8144,0.03430112,0.03511354,0.00175903,211.2952,295.5572,13.9867,369.0938,47.1184,8393.1136,26.3889,,211.2952,21.0824,109.6283,221.0802,632.4711,1038.5726,1054.1184,103.8573,-11.0045,9.47358,9.615384,1.927378,30,83,23,8,0E-8,0.04397579,,0E-8,0.000000,0.929265,0.000000,,2026-03-24,2026-06-13,18,141,123,82,0.219512,,,0.000000,,,,,,,,GLOBAL_BASELINE_NO_ENTITY_RANKING,,,NOT_APPLICABLE_GLOBAL_BASELINE,HF9g-P5,,,,X 全窗基线 · 不参与实体赏罚,14193235,1420,A168_HF9F_20260827_0900,2026-08-27 09:00:00
2026-03-27,147455633,2177,0,418.1706136103,11.0044898319,11.0044898319,0.5000000,2,2,0.50665070000000000,0.506650700000,-0.018812684590367487,-0.018812684590367487,-0.018812684590367487,0E-17,ELIGIBLE,R03b_20260811_FULL_v1,L1_ELIGIBILITY,v2026-08-11,2026-03-21..2026-08-06,baccarat_bet02_101_all_pairs_incl_sentinel,round_win = game_pnl > 0 (decisive only),COMPATIBILITY_ONLY_NOT_PRODUCTION,151076.0443,140389.6870,6643.6888,715,475,-0.04397579,,-0.04397579,-0.04397579,-6643.6888,151076.0443,OK,0.0000,265.7476,4.0000,96.0000,AG03-UNRESOLVED,ALL5_LEVELS_bet23_to_bet27,265.7476,265.7476,265.7476,332.1844,332.1844,4.000000,4.000000,4.000000,5.000000,5.000000,96.000000,96.000000,96.000000,95.000000,95.000000,5.0,1461.6115,1338.8744,5182.0773,5304.8144,PENDING_AG03,FALSE,NOT_FOR_ENFORCEMENT,6377.9413,134774.0995,6643.6888,6377.9413,265.7476,0.04397579,0.04221676,265.7476,6377.9413,0.04221676,265.7476,265.7476,265.7476,332.1844,332.1844,6377.9413,0.04221676,1461.6115,1338.8744,5182.0773,5304.8144,0.03430112,0.03511354,0.00175903,211.2952,295.5572,13.9867,369.0938,47.1184,8393.1136,26.3889,,211.2952,21.0824,109.6283,221.0802,632.4711,1038.5726,1054.1184,103.8573,-11.0045,9.47358,9.615384,1.927378,30,83,23,8,0E-8,0.04397579,,0E-8,0.000000,0.929265,0.000000,,2026-03-24,2026-06-13,18,141,123,82,0.219512,,,0.000000,,,,,,,,GLOBAL_BASELINE_NO_ENTITY_RANKING,,,NOT_APPLICABLE_GLOBAL_BASELINE,HF9g-P5,,,,X 全窗基线 · 不参与实体赏罚,14193236,1420,A168_HF9F_20260827_0900,2026-08-27 09:00:00
2026-03-27,147455633,2196,0,2044.6342107589,473.8533321587,473.8533321587,0.6842105,37,19,0.44907045612351491,0.368797945614,2.0606212338581513,2.8495570999260207,2.0606212338581513,0.08027251050951491,ELIGIBLE,R03b_20260811_FULL_v1,L1_ELIGIBILITY,v2026-08-11,2026-03-21..2026-08-06,baccarat_bet02_101_all_pairs_incl_sentinel,round_win = game_pnl > 0 (decisive only),COMPATIBILITY_ONLY_NOT_PRODUCTION,151076.0443,140389.6870,6643.6888,715,475,-0.04397579,,-0.04397579,-0.04397579,-6643.6888,151076.0443,OK,0.0000,265.7476,4.0000,96.0000,AG03-UNRESOLVED,ALL5_LEVELS_bet23_to_bet27,265.7476,265.7476,265.7476,332.1844,332.1844,4.000000,4.000000,4.000000,5.000000,5.000000,96.000000,96.000000,96.000000,95.000000,95.000000,5.0,1461.6115,1338.8744,5182.0773,5304.8144,PENDING_AG03,FALSE,NOT_FOR_ENFORCEMENT,6377.9413,134774.0995,6643.6888,6377.9413,265.7476,0.04397579,0.04221676,265.7476,6377.9413,0.04221676,265.7476,265.7476,265.7476,332.1844,332.1844,6377.9413,0.04221676,1461.6115,1338.8744,5182.0773,5304.8144,0.03430112,0.03511354,0.00175903,211.2952,295.5572,13.9867,369.0938,47.1184,8393.1136,26.3889,,211.2952,21.0824,109.6283,221.0802,632.4711,1038.5726,1054.1184,103.8573,-11.0045,9.47358,9.615384,1.927378,30,83,23,8,0E-8,0.04397579,,0E-8,0.000000,0.929265,0.000000,,2026-03-24,2026-06-13,18,141,123,82,0.219512,,,0.000000,,,,,,,,GLOBAL_BASELINE_NO_ENTITY_RANKING,,,NOT_APPLICABLE_GLOBAL_BASELINE,HF9g-P5,,,,X 全窗基线 · 不参与实体赏罚,14193237,1420,A168_HF9F_20260827_0900,2026-08-27 09:00:00
2026-03-27,147455633,2239,0,497.4029404000,-160.4454617487,-160.4454617487,0.4000000,11,5,0.46027513431897319,0.370342060000,-0.2704134063017528,0.13733211968340897,-0.2704134063017528,0.08993307431897319,ELIGIBLE,R03b_20260811_FULL_v1,L1_ELIGIBILITY,v2026-08-11,2026-03-21..2026-08-06,baccarat_bet02_101_all_pairs_incl_sentinel,round_win = game_pnl > 0 (decisive only),COMPATIBILITY_ONLY_NOT_PRODUCTION,151076.0443,140389.6870,6643.6888,715,475,-0.04397579,,-0.04397579,-0.04397579,-6643.6888,151076.0443,OK,0.0000,265.7476,4.0000,96.0000,AG03-UNRESOLVED,ALL5_LEVELS_bet23_to_bet27,265.7476,265.7476,265.7476,332.1844,332.1844,4.000000,4.000000,4.000000,5.000000,5.000000,96.000000,96.000000,96.000000,95.000000,95.000000,5.0,1461.6115,1338.8744,5182.0773,5304.8144,PENDING_AG03,FALSE,NOT_FOR_ENFORCEMENT,6377.9413,134774.0995,6643.6888,6377.9413,265.7476,0.04397579,0.04221676,265.7476,6377.9413,0.04221676,265.7476,265.7476,265.7476,332.1844,332.1844,6377.9413,0.04221676,1461.6115,1338.8744,5182.0773,5304.8144,0.03430112,0.03511354,0.00175903,211.2952,295.5572,13.9867,369.0938,47.1184,8393.1136,26.3889,,211.2952,21.0824,109.6283,221.0802,632.4711,1038.5726,1054.1184,103.8573,-11.0045,9.47358,9.615384,1.927378,30,83,23,8,0E-8,0.04397579,,0E-8,0.000000,0.929265,0.000000,,2026-03-24,2026-06-13,18,141,123,82,0.219512,,,0.000000,,,,,,,,GLOBAL_BASELINE_NO_ENTITY_RANKING,,,NOT_APPLICABLE_GLOBAL_BASELINE,HF9g-P5,,,,X 全窗基线 · 不参与实体赏罚,14193238,1420,A168_HF9F_20260827_0900,2026-08-27 09:00:00
2026-03-27,147455633,2244,0,99.0404084867,99.0404084867,99.0404084867,1.0000000,1,1,0.49324550000000000,0.493245500000,1.01360149184955,1.01360149184955,1.01360149184955,0E-17,ELIGIBLE,R03b_20260811_FULL_v1,L1_ELIGIBILITY,v2026-08-11,2026-03-21..2026-08-06,baccarat_bet02_101_all_pairs_incl_sentinel,round_win = game_pnl > 0 (decisive only),COMPATIBILITY_ONLY_NOT_PRODUCTION,151076.0443,140389.6870,6643.6888,715,475,-0.04397579,,-0.04397579,-0.04397579,-6643.6888,151076.0443,OK,0.0000,265.7476,4.0000,96.0000,AG03-UNRESOLVED,ALL5_LEVELS_bet23_to_bet27,265.7476,265.7476,265.7476,332.1844,332.1844,4.000000,4.000000,4.000000,5.000000,5.000000,96.000000,96.000000,96.000000,95.000000,95.000000,5.0,1461.6115,1338.8744,5182.0773,5304.8144,PENDING_AG03,FALSE,NOT_FOR_ENFORCEMENT,6377.9413,134774.0995,6643.6888,6377.9413,265.7476,0.04397579,0.04221676,265.7476,6377.9413,0.04221676,265.7476,265.7476,265.7476,332.1844,332.1844,6377.9413,0.04221676,1461.6115,1338.8744,5182.0773,5304.8144,0.03430112,0.03511354,0.00175903,211.2952,295.5572,13.9867,369.0938,47.1184,8393.1136,26.3889,,211.2952,21.0824,109.6283,221.0802,632.4711,1038.5726,1054.1184,103.8573,-11.0045,9.47358,9.615384,1.927378,30,83,23,8,0E-8,0.04397579,,0E-8,0.000000,0.929265,0.000000,,2026-03-24,2026-06-13,18,141,123,82,0.219512,,,0.000000,,,,,,,,GLOBAL_BASELINE_NO_ENTITY_RANKING,,,NOT_APPLICABLE_GLOBAL_BASELINE,HF9g-P5,,,,X 全窗基线 · 不参与实体赏罚,14193239,1420,A168_HF9F_20260827_0900,2026-08-27 09:00:00
2026-03-27,147455633,2248,0,1100.4489831852,-451.1840831060,-451.1840831060,0.3333333,9,6,0.47482988148141217,0.446224858333,-0.6940686779287565,-0.556279885199501,-0.6940686779287565,0.02860502314841217,ELIGIBLE,R03b_20260811_FULL_v1,L1_ELIGIBILITY,v2026-08-11,2026-03-21..2026-08-06,baccarat_bet02_101_all_pairs_incl_sentinel,round_win = game_pnl > 0 (decisive only),COMPATIBILITY_ONLY_NOT_PRODUCTION,151076.0443,140389.6870,6643.6888,715,475,-0.04397579,,-0.04397579,-0.04397579,-6643.6888,151076.0443,OK,0.0000,265.7476,4.0000,96.0000,AG03-UNRESOLVED,ALL5_LEVELS_bet23_to_bet27,265.7476,265.7476,265.7476,332.1844,332.1844,4.000000,4.000000,4.000000,5.000000,5.000000,96.000000,96.000000,96.000000,95.000000,95.000000,5.0,1461.6115,1338.8744,5182.0773,5304.8144,PENDING_AG03,FALSE,NOT_FOR_ENFORCEMENT,6377.9413,134774.0995,6643.6888,6377.9413,265.7476,0.04397579,0.04221676,265.7476,6377.9413,0.04221676,265.7476,265.7476,265.7476,332.1844,332.1844,6377.9413,0.04221676,1461.6115,1338.8744,5182.0773,5304.8144,0.03430112,0.03511354,0.00175903,211.2952,295.5572,13.9867,369.0938,47.1184,8393.1136,26.3889,,211.2952,21.0824,109.6283,221.0802,632.4711,1038.5726,1054.1184,103.8573,-11.0045,9.47358,9.615384,1.927378,30,83,23,8,0E-8,0.04397579,,0E-8,0.000000,0.929265,0.000000,,2026-03-24,2026-06-13,18,141,123,82,0.219512,,,0.000000,,,,,,,,GLOBAL_BASELINE_NO_ENTITY_RANKING,,,NOT_APPLICABLE_GLOBAL_BASELINE,HF9g-P5,,,,X 全窗基线 · 不参与实体赏罚,14193240,1420,A168_HF9F_20260827_0900,2026-08-27 09:00:00
2026-03-27,147455633,2252,0,1655.0752707103,484.1975526014,484.1975526014,0.7500000,12,6,0.47929828148148148,0.399204216667,1.0837361669388934,1.4325947725272088,1.0837361669388934,0.08009406481448148,ELIGIBLE,R03b_20260811_FULL_v1,L1_ELIGIBILITY,v2026-08-11,2026-03-21..2026-08-06,baccarat_bet02_101_all_pairs_incl_sentinel,round_win = game_pnl > 0 (decisive only),COMPATIBILITY_ONLY_NOT_PRODUCTION,151076.0443,140389.6870,6643.6888,715,475,-0.04397579,,-0.04397579,-0.04397579,-6643.6888,151076.0443,OK,0.0000,265.7476,4.0000,96.0000,AG03-UNRESOLVED,ALL5_LEVELS_bet23_to_bet27,265.7476,265.7476,265.7476,332.1844,332.1844,4.000000,4.000000,4.000000,5.000000,5.000000,96.000000,96.000000,96.000000,95.000000,95.000000,5.0,1461.6115,1338.8744,5182.0773,5304.8144,PENDING_AG03,FALSE,NOT_FOR_ENFORCEMENT,6377.9413,134774.0995,6643.6888,6377.9413,265.7476,0.04397579,0.04221676,265.7476,6377.9413,0.04221676,265.7476,265.7476,265.7476,332.1844,332.1844,6377.9413,0.04221676,1461.6115,1338.8744,5182.0773,5304.8144,0.03430112,0.03511354,0.00175903,211.2952,295.5572,13.9867,369.0938,47.1184,8393.1136,26.3889,,211.2952,21.0824,109.6283,221.0802,632.4711,1038.5726,1054.1184,103.8573,-11.0045,9.47358,9.615384,1.927378,30,83,23,8,0E-8,0.04397579,,0E-8,0.000000,0.929265,0.000000,,2026-03-24,2026-06-13,18,141,123,82,0.219512,,,0.000000,,,,,,,,GLOBAL_BASELINE_NO_ENTITY_RANKING,,,NOT_APPLICABLE_GLOBAL_BASELINE,HF9g-P5,,,,X 全窗基线 · 不参与实体赏罚,14193241,1420,A168_HF9F_20260827_0900,2026-08-27 09:00:00
2026-03-27,147455633,2254,0,211.2862047717,-2.2008979665,-2.2008979665,0.5000000,5,2,0.45087299999982848,0.340454025000,0.13962774642062986,0.4761557975366981,0.13962774642062986,0.11041897499982848,ELIGIBLE,R03b_20260811_FULL_v1,L1_ELIGIBILITY,v2026-08-11,2026-03-21..2026-08-06,baccarat_bet02_101_all_pairs_incl_sentinel,round_win = game_pnl > 0 (decisive only),COMPATIBILITY_ONLY_NOT_PRODUCTION,151076.0443,140389.6870,6643.6888,715,475,-0.04397579,,-0.04397579,-0.04397579,-6643.6888,151076.0443,OK,0.0000,265.7476,4.0000,96.0000,AG03-UNRESOLVED,ALL5_LEVELS_bet23_to_bet27,265.7476,265.7476,265.7476,332.1844,332.1844,4.000000,4.000000,4.000000,5.000000,5.000000,96.000000,96.000000,96.000000,95.000000,95.000000,5.0,1461.6115,1338.8744,5182.0773,5304.8144,PENDING_AG03,FALSE,NOT_FOR_ENFORCEMENT,6377.9413,134774.0995,6643.6888,6377.9413,265.7476,0.04397579,0.04221676,265.7476,6377.9413,0.04221676,265.7476,265.7476,265.7476,332.1844,332.1844,6377.9413,0.04221676,1461.6115,1338.8744,5182.0773,5304.8144,0.03430112,0.03511354,0.00175903,211.2952,295.5572,13.9867,369.0938,47.1184,8393.1136,26.3889,,211.2952,21.0824,109.6283,221.0802,632.4711,1038.5726,1054.1184,103.8573,-11.0045,9.47358,9.615384,1.927378,30,83,23,8,0E-8,0.04397579,,0E-8,0.000000,0.929265,0.000000,,2026-03-24,2026-06-13,18,141,123,82,0.219512,,,0.000000,,,,,,,,GLOBAL_BASELINE_NO_ENTITY_RANKING,,,NOT_APPLICABLE_GLOBAL_BASELINE,HF9g-P5,,,,X 全窗基线 · 不参与实体赏罚,14193242,1420,A168_HF9F_20260827_0900,2026-08-27 09:00:00
2026-03-27,147455633,471,0,1980.8081697332,165.0673474778,165.0673474778,0.3333333,3,3,0.50665070000000000,0.506650700000,-0.6004420894325239,-0.6004420894325239,-0.6004420894325239,0E-17,ELIGIBLE,R03b_20260811_FULL_v1,L1_ELIGIBILITY,v2026-08-11,2026-03-21..2026-08-06,baccarat_bet02_101_all_pairs_incl_sentinel,round_win = game_pnl > 0 (decisive only),COMPATIBILITY_ONLY_NOT_PRODUCTION,151076.0443,140389.6870,6643.6888,715,475,-0.04397579,,-0.04397579,-0.04397579,-6643.6888,151076.0443,OK,0.0000,265.7476,4.0000,96.0000,AG03-UNRESOLVED,ALL5_LEVELS_bet23_to_bet27,265.7476,265.7476,265.7476,332.1844,332.1844,4.000000,4.000000,4.000000,5.000000,5.000000,96.000000,96.000000,96.000000,95.000000,95.000000,5.0,1461.6115,1338.8744,5182.0773,5304.8144,PENDING_AG03,FALSE,NOT_FOR_ENFORCEMENT,6377.9413,134774.0995,6643.6888,6377.9413,265.7476,0.04397579,0.04221676,265.7476,6377.9413,0.04221676,265.7476,265.7476,265.7476,332.1844,332.1844,6377.9413,0.04221676,1461.6115,1338.8744,5182.0773,5304.8144,0.03430112,0.03511354,0.00175903,211.2952,295.5572,13.9867,369.0938,47.1184,8393.1136,26.3889,,211.2952,21.0824,109.6283,221.0802,632.4711,1038.5726,1054.1184,103.8573,-11.0045,9.47358,9.615384,1.927378,30,83,23,8,0E-8,0.04397579,,0E-8,0.000000,0.929265,0.000000,,2026-03-24,2026-06-13,18,141,123,82,0.219512,,,0.000000,,,,,,,,GLOBAL_BASELINE_NO_ENTITY_RANKING,,,NOT_APPLICABLE_GLOBAL_BASELINE,HF9g-P5,,,,X 全窗基线 · 不参与实体赏罚,14193243,1420,A168_HF9F_20260827_0900,2026-08-27 09:00:00
2026-03-27,147455633,598,0,5022.2290694603,3043.5447662646,3043.5447662646,0.7777778,15,9,0.49475724859406770,0.432413144444,1.6982165335299606,2.0913826874636787,1.6982165335299606,0.06234410415006770,ELIGIBLE,R03b_20260811_FULL_v1,L1_ELIGIBILITY,v2026-08-11,2026-03-21..2026-08-06,baccarat_bet02_101_all_pairs_incl_sentinel,round_win = game_pnl > 0 (decisive only),COMPATIBILITY_ONLY_NOT_PRODUCTION,151076.0443,140389.6870,6643.6888,715,475,-0.04397579,,-0.04397579,-0.04397579,-6643.6888,151076.0443,OK,0.0000,265.7476,4.0000,96.0000,AG03-UNRESOLVED,ALL5_LEVELS_bet23_to_bet27,265.7476,265.7476,265.7476,332.1844,332.1844,4.000000,4.000000,4.000000,5.000000,5.000000,96.000000,96.000000,96.000000,95.000000,95.000000,5.0,1461.6115,1338.8744,5182.0773,5304.8144,PENDING_AG03,FALSE,NOT_FOR_ENFORCEMENT,6377.9413,134774.0995,6643.6888,6377.9413,265.7476,0.04397579,0.04221676,265.7476,6377.9413,0.04221676,265.7476,265.7476,265.7476,332.1844,332.1844,6377.9413,0.04221676,1461.6115,1338.8744,5182.0773,5304.8144,0.03430112,0.03511354,0.00175903,211.2952,295.5572,13.9867,369.0938,47.1184,8393.1136,26.3889,,211.2952,21.0824,109.6283,221.0802,632.4711,1038.5726,1054.1184,103.8573,-11.0045,9.47358,9.615384,1.927378,30,83,23,8,0E-8,0.04397579,,0E-8,0.000000,0.929265,0.000000,,2026-03-24,2026-06-13,18,141,123,82,0.219512,,,0.000000,,,,,,,,GLOBAL_BASELINE_NO_ENTITY_RANKING,,,NOT_APPLICABLE_GLOBAL_BASELINE,HF9g-P5,,,,X 全窗基线 · 不参与实体赏罚,14193244,1420,A168_HF9F_20260827_0900,2026-08-27 09:00:00
2026-03-28,147455633,-1,1,990.4040848665,-660.2693899110,-660.2693899110,0E-7,5,5,0.50128862000000000,0.501288620000,-2.005161139317648,-2.005161139317648,-2.005161139317648,0E-17,SENTINEL_DEALER,R03b_20260811_FULL_v1,L1_ELIGIBILITY,v2026-08-11,2026-03-21..2026-08-06,baccarat_bet02_101_all_pairs_incl_sentinel,round_win = game_pnl > 0 (decisive only),COMPATIBILITY_ONLY_NOT_PRODUCTION,151076.0443,140389.6870,6643.6888,715,475,-0.04397579,,-0.04397579,-0.04397579,-6643.6888,151076.0443,OK,0.0000,265.7476,4.0000,96.0000,AG03-UNRESOLVED,ALL5_LEVELS_bet23_to_bet27,265.7476,265.7476,265.7476,332.1844,332.1844,4.000000,4.000000,4.000000,5.000000,5.000000,96.000000,96.000000,96.000000,95.000000,95.000000,5.0,1461.6115,1338.8744,5182.0773,5304.8144,PENDING_AG03,FALSE,NOT_FOR_ENFORCEMENT,6377.9413,134774.0995,6643.6888,6377.9413,265.7476,0.04397579,0.04221676,265.7476,6377.9413,0.04221676,265.7476,265.7476,265.7476,332.1844,332.1844,6377.9413,0.04221676,1461.6115,1338.8744,5182.0773,5304.8144,0.03430112,0.03511354,0.00175903,211.2952,295.5572,13.9867,369.0938,47.1184,8393.1136,26.3889,,211.2952,21.0824,109.6283,221.0802,632.4711,1038.5726,1054.1184,103.8573,-11.0045,9.47358,9.615384,1.927378,30,83,23,8,0E-8,0.04397579,,0E-8,0.000000,0.929265,0.000000,,2026-03-24,2026-06-13,18,141,123,82,0.219512,,,0.000000,,,,,,,,GLOBAL_BASELINE_NO_ENTITY_RANKING,,,NOT_APPLICABLE_GLOBAL_BASELINE,HF9g-P5,,,,X 全窗基线 · 不参与实体赏罚,14193245,1420,A168_HF9F_20260827_0900,2026-08-27 09:00:00
2026-03-28,147455633,1304,0,440.1795932741,-440.1795932741,-440.1795932741,0E-7,1,1,0.50665070000000000,0.506650700000,-1.013391052207602,-1.013391052207602,-1.013391052207602,0E-17,ELIGIBLE,R03b_20260811_FULL_v1,L1_ELIGIBILITY,v2026-08-11,2026-03-21..2026-08-06,baccarat_bet02_101_all_pairs_incl_sentinel,round_win = game_pnl > 0 (decisive only),COMPATIBILITY_ONLY_NOT_PRODUCTION,151076.0443,140389.6870,6643.6888,715,475,-0.04397579,,-0.04397579,-0.04397579,-6643.6888,151076.0443,OK,0.0000,265.7476,4.0000,96.0000,AG03-UNRESOLVED,ALL5_LEVELS_bet23_to_bet27,265.7476,265.7476,265.7476,332.1844,332.1844,4.000000,4.000000,4.000000,5.000000,5.000000,96.000000,96.000000,96.000000,95.000000,95.000000,5.0,1461.6115,1338.8744,5182.0773,5304.8144,PENDING_AG03,FALSE,NOT_FOR_ENFORCEMENT,6377.9413,134774.0995,6643.6888,6377.9413,265.7476,0.04397579,0.04221676,265.7476,6377.9413,0.04221676,265.7476,265.7476,265.7476,332.1844,332.1844,6377.9413,0.04221676,1461.6115,1338.8744,5182.0773,5304.8144,0.03430112,0.03511354,0.00175903,211.2952,295.5572,13.9867,369.0938,47.1184,8393.1136,26.3889,,211.2952,21.0824,109.6283,221.0802,632.4711,1038.5726,1054.1184,103.8573,-11.0045,9.47358,9.615384,1.927378,30,83,23,8,0E-8,0.04397579,,0E-8,0.000000,0.929265,0.000000,,2026-03-24,2026-06-13,18,141,123,82,0.219512,,,0.000000,,,,,,,,GLOBAL_BASELINE_NO_ENTITY_RANKING,,,NOT_APPLICABLE_GLOBAL_BASELINE,HF9g-P5,,,,X 全窗基线 · 不参与实体赏罚,14193246,1420,A168_HF9F_20260827_0900,2026-08-27 09:00:00
2026-03-28,147455633,1330,0,220.0897966370,-5.5022449159,-5.5022449159,0.5000000,2,2,0.50665070000000000,0.506650700000,-0.018812684590367487,-0.018812684590367487,-0.018812684590367487,0E-17,ELIGIBLE,R03b_20260811_FULL_v1,L1_ELIGIBILITY,v2026-08-11,2026-03-21..2026-08-06,baccarat_bet02_101_all_pairs_incl_sentinel,round_win = game_pnl > 0 (decisive only),COMPATIBILITY_ONLY_NOT_PRODUCTION,151076.0443,140389.6870,6643.6888,715,475,-0.04397579,,-0.04397579,-0.04397579,-6643.6888,151076.0443,OK,0.0000,265.7476,4.0000,96.0000,AG03-UNRESOLVED,ALL5_LEVELS_bet23_to_bet27,265.7476,265.7476,265.7476,332.1844,332.1844,4.000000,4.000000,4.000000,5.000000,5.000000,96.000000,96.000000,96.000000,95.000000,95.000000,5.0,1461.6115,1338.8744,5182.0773,5304.8144,PENDING_AG03,FALSE,NOT_FOR_ENFORCEMENT,6377.9413,134774.0995,6643.6888,6377.9413,265.7476,0.04397579,0.04221676,265.7476,6377.9413,0.04221676,265.7476,265.7476,265.7476,332.1844,332.1844,6377.9413,0.04221676,1461.6115,1338.8744,5182.0773,5304.8144,0.03430112,0.03511354,0.00175903,211.2952,295.5572,13.9867,369.0938,47.1184,8393.1136,26.3889,,211.2952,21.0824,109.6283,221.0802,632.4711,1038.5726,1054.1184,103.8573,-11.0045,9.47358,9.615384,1.927378,30,83,23,8,0E-8,0.04397579,,0E-8,0.000000,0.929265,0.000000,,2026-03-24,2026-06-13,18,141,123,82,0.219512,,,0.000000,,,,,,,,GLOBAL_BASELINE_NO_ENTITY_RANKING,,,NOT_APPLICABLE_GLOBAL_BASELINE,HF9g-P5,,,,X 全窗基线 · 不参与实体赏罚,14193247,1420,A168_HF9F_20260827_0900,2026-08-27 09:00:00
2026-03-28,147455633,1750,0,214.8076415177,-214.8076415177,-214.8076415177,0E-7,1,1,0.49324550000000000,0.493245500000,-0.9865810262130424,-0.9865810262130424,-0.9865810262130424,0E-17,ELIGIBLE,R03b_20260811_FULL_v1,L1_ELIGIBILITY,v2026-08-11,2026-03-21..2026-08-06,baccarat_bet02_101_all_pairs_incl_sentinel,round_win = game_pnl > 0 (decisive only),COMPATIBILITY_ONLY_NOT_PRODUCTION,151076.0443,140389.6870,6643.6888,715,475,-0.04397579,,-0.04397579,-0.04397579,-6643.6888,151076.0443,OK,0.0000,265.7476,4.0000,96.0000,AG03-UNRESOLVED,ALL5_LEVELS_bet23_to_bet27,265.7476,265.7476,265.7476,332.1844,332.1844,4.000000,4.000000,4.000000,5.000000,5.000000,96.000000,96.000000,96.000000,95.000000,95.000000,5.0,1461.6115,1338.8744,5182.0773,5304.8144,PENDING_AG03,FALSE,NOT_FOR_ENFORCEMENT,6377.9413,134774.0995,6643.6888,6377.9413,265.7476,0.04397579,0.04221676,265.7476,6377.9413,0.04221676,265.7476,265.7476,265.7476,332.1844,332.1844,6377.9413,0.04221676,1461.6115,1338.8744,5182.0773,5304.8144,0.03430112,0.03511354,0.00175903,211.2952,295.5572,13.9867,369.0938,47.1184,8393.1136,26.3889,,211.2952,21.0824,109.6283,221.0802,632.4711,1038.5726,1054.1184,103.8573,-11.0045,9.47358,9.615384,1.927378,30,83,23,8,0E-8,0.04397579,,0E-8,0.000000,0.929265,0.000000,,2026-03-24,2026-06-13,18,141,123,82,0.219512,,,0.000000,,,,,,,,GLOBAL_BASELINE_NO_ENTITY_RANKING,,,NOT_APPLICABLE_GLOBAL_BASELINE,HF9g-P5,,,,X 全窗基线 · 不参与实体赏罚,14193248,1420,A168_HF9F_20260827_0900,2026-08-27 09:00:00
2026-03-28,147455633,2088,0,911.3918478739,419.4801479004,419.4801479004,0.5000000,2,2,0.50665070000000000,0.506650700000,-0.018812684590367487,-0.018812684590367487,-0.018812684590367487,0E-17,ELIGIBLE,R03b_20260811_FULL_v1,L1_ELIGIBILITY,v2026-08-11,2026-03-21..2026-08-06,baccarat_bet02_101_all_pairs_incl_sentinel,round_win = game_pnl > 0 (decisive only),COMPATIBILITY_ONLY_NOT_PRODUCTION,151076.0443,140389.6870,6643.6888,715,475,-0.04397579,,-0.04397579,-0.04397579,-6643.6888,151076.0443,OK,0.0000,265.7476,4.0000,96.0000,AG03-UNRESOLVED,ALL5_LEVELS_bet23_to_bet27,265.7476,265.7476,265.7476,332.1844,332.1844,4.000000,4.000000,4.000000,5.000000,5.000000,96.000000,96.000000,96.000000,95.000000,95.000000,5.0,1461.6115,1338.8744,5182.0773,5304.8144,PENDING_AG03,FALSE,NOT_FOR_ENFORCEMENT,6377.9413,134774.0995,6643.6888,6377.9413,265.7476,0.04397579,0.04221676,265.7476,6377.9413,0.04221676,265.7476,265.7476,265.7476,332.1844,332.1844,6377.9413,0.04221676,1461.6115,1338.8744,5182.0773,5304.8144,0.03430112,0.03511354,0.00175903,211.2952,295.5572,13.9867,369.0938,47.1184,8393.1136,26.3889,,211.2952,21.0824,109.6283,221.0802,632.4711,1038.5726,1054.1184,103.8573,-11.0045,9.47358,9.615384,1.927378,30,83,23,8,0E-8,0.04397579,,0E-8,0.000000,0.929265,0.000000,,2026-03-24,2026-06-13,18,141,123,82,0.219512,,,0.000000,,,,,,,,GLOBAL_BASELINE_NO_ENTITY_RANKING,,,NOT_APPLICABLE_GLOBAL_BASELINE,HF9g-P5,,,,X 全窗基线 · 不参与实体赏罚,14193249,1420,A168_HF9F_20260827_0900,2026-08-27 09:00:00
2026-03-28,147455633,2127,0,880.3591865481,-880.3591865481,-880.3591865481,0E-7,1,1,0.50665070000000000,0.506650700000,-1.013391052207602,-1.013391052207602,-1.013391052207602,0E-17,ELIGIBLE,R03b_20260811_FULL_v1,L1_ELIGIBILITY,v2026-08-11,2026-03-21..2026-08-06,baccarat_bet02_101_all_pairs_incl_sentinel,round_win = game_pnl > 0 (decisive only),COMPATIBILITY_ONLY_NOT_PRODUCTION,151076.0443,140389.6870,6643.6888,715,475,-0.04397579,,-0.04397579,-0.04397579,-6643.6888,151076.0443,OK,0.0000,265.7476,4.0000,96.0000,AG03-UNRESOLVED,ALL5_LEVELS_bet23_to_bet27,265.7476,265.7476,265.7476,332.1844,332.1844,4.000000,4.000000,4.000000,5.000000,5.000000,96.000000,96.000000,96.000000,95.000000,95.000000,5.0,1461.6115,1338.8744,5182.0773,5304.8144,PENDING_AG03,FALSE,NOT_FOR_ENFORCEMENT,6377.9413,134774.0995,6643.6888,6377.9413,265.7476,0.04397579,0.04221676,265.7476,6377.9413,0.04221676,265.7476,265.7476,265.7476,332.1844,332.1844,6377.9413,0.04221676,1461.6115,1338.8744,5182.0773,5304.8144,0.03430112,0.03511354,0.00175903,211.2952,295.5572,13.9867,369.0938,47.1184,8393.1136,26.3889,,211.2952,21.0824,109.6283,221.0802,632.4711,1038.5726,1054.1184,103.8573,-11.0045,9.47358,9.615384,1.927378,30,83,23,8,0E-8,0.04397579,,0E-8,0.000000,0.929265,0.000000,,2026-03-24,2026-06-13,18,141,123,82,0.219512,,,0.000000,,,,,,,,GLOBAL_BASELINE_NO_ENTITY_RANKING,,,NOT_APPLICABLE_GLOBAL_BASELINE,HF9g-P5,,,,X 全窗基线 · 不参与实体赏罚,14193250,1420,A168_HF9F_20260827_0900,2026-08-27 09:00:00
2026-03-28,147455633,2233,0,770.3142882296,-770.3142882296,-770.3142882296,0E-7,2,2,0.49994810000000000,0.499948100000,-1.4140667746232096,-1.4140667746232096,-1.4140667746232096,0E-17,ELIGIBLE,R03b_20260811_FULL_v1,L1_ELIGIBILITY,v2026-08-11,2026-03-21..2026-08-06,baccarat_bet02_101_all_pairs_incl_sentinel,round_win = game_pnl > 0 (decisive only),COMPATIBILITY_ONLY_NOT_PRODUCTION,151076.0443,140389.6870,6643.6888,715,475,-0.04397579,,-0.04397579,-0.04397579,-6643.6888,151076.0443,OK,0.0000,265.7476,4.0000,96.0000,AG03-UNRESOLVED,ALL5_LEVELS_bet23_to_bet27,265.7476,265.7476,265.7476,332.1844,332.1844,4.000000,4.000000,4.000000,5.000000,5.000000,96.000000,96.000000,96.000000,95.000000,95.000000,5.0,1461.6115,1338.8744,5182.0773,5304.8144,PENDING_AG03,FALSE,NOT_FOR_ENFORCEMENT,6377.9413,134774.0995,6643.6888,6377.9413,265.7476,0.04397579,0.04221676,265.7476,6377.9413,0.04221676,265.7476,265.7476,265.7476,332.1844,332.1844,6377.9413,0.04221676,1461.6115,1338.8744,5182.0773,5304.8144,0.03430112,0.03511354,0.00175903,211.2952,295.5572,13.9867,369.0938,47.1184,8393.1136,26.3889,,211.2952,21.0824,109.6283,221.0802,632.4711,1038.5726,1054.1184,103.8573,-11.0045,9.47358,9.615384,1.927378,30,83,23,8,0E-8,0.04397579,,0E-8,0.000000,0.929265,0.000000,,2026-03-24,2026-06-13,18,141,123,82,0.219512,,,0.000000,,,,,,,,GLOBAL_BASELINE_NO_ENTITY_RANKING,,,NOT_APPLICABLE_GLOBAL_BASELINE,HF9g-P5,,,,X 全窗基线 · 不参与实体赏罚,14193251,1420,A168_HF9F_20260827_0900,2026-08-27 09:00:00
2026-03-28,147455633,2239,0,587.6397570211,229.9938374855,229.9938374855,0.7500000,11,5,0.46234582178226882,0.377714920000,1.1538934312482478,1.5357794880876066,1.1538934312482478,0.08463090178226882,ELIGIBLE,R03b_20260811_FULL_v1,L1_ELIGIBILITY,v2026-08-11,2026-03-21..2026-08-06,baccarat_bet02_101_all_pairs_incl_sentinel,round_win = game_pnl > 0 (decisive only),COMPATIBILITY_ONLY_NOT_PRODUCTION,151076.0443,140389.6870,6643.6888,715,475,-0.04397579,,-0.04397579,-0.04397579,-6643.6888,151076.0443,OK,0.0000,265.7476,4.0000,96.0000,AG03-UNRESOLVED,ALL5_LEVELS_bet23_to_bet27,265.7476,265.7476,265.7476,332.1844,332.1844,4.000000,4.000000,4.000000,5.000000,5.000000,96.000000,96.000000,96.000000,95.000000,95.000000,5.0,1461.6115,1338.8744,5182.0773,5304.8144,PENDING_AG03,FALSE,NOT_FOR_ENFORCEMENT,6377.9413,134774.0995,6643.6888,6377.9413,265.7476,0.04397579,0.04221676,265.7476,6377.9413,0.04221676,265.7476,265.7476,265.7476,332.1844,332.1844,6377.9413,0.04221676,1461.6115,1338.8744,5182.0773,5304.8144,0.03430112,0.03511354,0.00175903,211.2952,295.5572,13.9867,369.0938,47.1184,8393.1136,26.3889,,211.2952,21.0824,109.6283,221.0802,632.4711,1038.5726,1054.1184,103.8573,-11.0045,9.47358,9.615384,1.927378,30,83,23,8,0E-8,0.04397579,,0E-8,0.000000,0.929265,0.000000,,2026-03-24,2026-06-13,18,141,123,82,0.219512,,,0.000000,,,,,,,,GLOBAL_BASELINE_NO_ENTITY_RANKING,,,NOT_APPLICABLE_GLOBAL_BASELINE,HF9g-P5,,,,X 全窗基线 · 不参与实体赏罚,14193252,1420,A168_HF9F_20260827_0900,2026-08-27 09:00:00
2026-03-28,147455633,2264,0,1782.7273527600,-418.1706136103,-418.1706136103,0.6666667,4,4,0.49324550000000000,0.493245500000,0.6008033672792107,0.6008033672792106,0.6008033672792107,0E-17,ELIGIBLE,R03b_20260811_FULL_v1,L1_ELIGIBILITY,v2026-08-11,2026-03-21..2026-08-06,baccarat_bet02_101_all_pairs_incl_sentinel,round_win = game_pnl > 0 (decisive only),COMPATIBILITY_ONLY_NOT_PRODUCTION,151076.0443,140389.6870,6643.6888,715,475,-0.04397579,,-0.04397579,-0.04397579,-6643.6888,151076.0443,OK,0.0000,265.7476,4.0000,96.0000,AG03-UNRESOLVED,ALL5_LEVELS_bet23_to_bet27,265.7476,265.7476,265.7476,332.1844,332.1844,4.000000,4.000000,4.000000,5.000000,5.000000,96.000000,96.000000,96.000000,95.000000,95.000000,5.0,1461.6115,1338.8744,5182.0773,5304.8144,PENDING_AG03,FALSE,NOT_FOR_ENFORCEMENT,6377.9413,134774.0995,6643.6888,6377.9413,265.7476,0.04397579,0.04221676,265.7476,6377.9413,0.04221676,265.7476,265.7476,265.7476,332.1844,332.1844,6377.9413,0.04221676,1461.6115,1338.8744,5182.0773,5304.8144,0.03430112,0.03511354,0.00175903,211.2952,295.5572,13.9867,369.0938,47.1184,8393.1136,26.3889,,211.2952,21.0824,109.6283,221.0802,632.4711,1038.5726,1054.1184,103.8573,-11.0045,9.47358,9.615384,1.927378,30,83,23,8,0E-8,0.04397579,,0E-8,0.000000,0.929265,0.000000,,2026-03-24,2026-06-13,18,141,123,82,0.219512,,,0.000000,,,,,,,,GLOBAL_BASELINE_NO_ENTITY_RANKING,,,NOT_APPLICABLE_GLOBAL_BASELINE,HF9g-P5,,,,X 全窗基线 · 不参与实体赏罚,14193253,1420,A168_HF9F_20260827_0900,2026-08-27 09:00:00
2026-03-28,147455633,2266,0,1626.4635971479,-450.0836341231,-450.0836341231,0.5000000,23,12,0.46788075239604149,0.387539387500,0.2229892425877331,0.7996391725408051,0.2229892425877331,0.08034136489604149,ELIGIBLE,R03b_20260811_FULL_v1,L1_ELIGIBILITY,v2026-08-11,2026-03-21..2026-08-06,baccarat_bet02_101_all_pairs_incl_sentinel,round_win = game_pnl > 0 (decisive only),COMPATIBILITY_ONLY_NOT_PRODUCTION,151076.0443,140389.6870,6643.6888,715,475,-0.04397579,,-0.04397579,-0.04397579,-6643.6888,151076.0443,OK,0.0000,265.7476,4.0000,96.0000,AG03-UNRESOLVED,ALL5_LEVELS_bet23_to_bet27,265.7476,265.7476,265.7476,332.1844,332.1844,4.000000,4.000000,4.000000,5.000000,5.000000,96.000000,96.000000,96.000000,95.000000,95.000000,5.0,1461.6115,1338.8744,5182.0773,5304.8144,PENDING_AG03,FALSE,NOT_FOR_ENFORCEMENT,6377.9413,134774.0995,6643.6888,6377.9413,265.7476,0.04397579,0.04221676,265.7476,6377.9413,0.04221676,265.7476,265.7476,265.7476,332.1844,332.1844,6377.9413,0.04221676,1461.6115,1338.8744,5182.0773,5304.8144,0.03430112,0.03511354,0.00175903,211.2952,295.5572,13.9867,369.0938,47.1184,8393.1136,26.3889,,211.2952,21.0824,109.6283,221.0802,632.4711,1038.5726,1054.1184,103.8573,-11.0045,9.47358,9.615384,1.927378,30,83,23,8,0E-8,0.04397579,,0E-8,0.000000,0.929265,0.000000,,2026-03-24,2026-06-13,18,141,123,82,0.219512,,,0.000000,,,,,,,,GLOBAL_BASELINE_NO_ENTITY_RANKING,,,NOT_APPLICABLE_GLOBAL_BASELINE,HF9g-P5,,,,X 全窗基线 · 不参与实体赏罚,14193254,1420,A168_HF9F_20260827_0900,2026-08-27 09:00:00
2026-03-29,147455633,1505,0,3620.4771546791,-2321.9473545206,-2321.9473545206,0.4000000,9,5,0.48315619915677261,0.397626720000,-0.3720970260604537,0.010843346890839912,-0.3720970260604537,0.08552947915677261,ELIGIBLE,R03b_20260811_FULL_v1,L1_ELIGIBILITY,v2026-08-11,2026-03-21..2026-08-06,baccarat_bet02_101_all_pairs_incl_sentinel,round_win = game_pnl > 0 (decisive only),COMPATIBILITY_ONLY_NOT_PRODUCTION,151076.0443,140389.6870,6643.6888,715,475,-0.04397579,,-0.04397579,-0.04397579,-6643.6888,151076.0443,OK,0.0000,265.7476,4.0000,96.0000,AG03-UNRESOLVED,ALL5_LEVELS_bet23_to_bet27,265.7476,265.7476,265.7476,332.1844,332.1844,4.000000,4.000000,4.000000,5.000000,5.000000,96.000000,96.000000,96.000000,95.000000,95.000000,5.0,1461.6115,1338.8744,5182.0773,5304.8144,PENDING_AG03,FALSE,NOT_FOR_ENFORCEMENT,6377.9413,134774.0995,6643.6888,6377.9413,265.7476,0.04397579,0.04221676,265.7476,6377.9413,0.04221676,265.7476,265.7476,265.7476,332.1844,332.1844,6377.9413,0.04221676,1461.6115,1338.8744,5182.0773,5304.8144,0.03430112,0.03511354,0.00175903,211.2952,295.5572,13.9867,369.0938,47.1184,8393.1136,26.3889,,211.2952,21.0824,109.6283,221.0802,632.4711,1038.5726,1054.1184,103.8573,-11.0045,9.47358,9.615384,1.927378,30,83,23,8,0E-8,0.04397579,,0E-8,0.000000,0.929265,0.000000,,2026-03-24,2026-06-13,18,141,123,82,0.219512,,,0.000000,,,,,,,,GLOBAL_BASELINE_NO_ENTITY_RANKING,,,NOT_APPLICABLE_GLOBAL_BASELINE,HF9g-P5,,,,X 全窗基线 · 不参与实体赏罚,14193255,1420,A168_HF9F_20260827_0900,2026-08-27 09:00:00
2026-03-29,147455633,986,0,2373.8885465269,1826.0190157585,1826.0190157585,0.7500000,4,4,0.50329940000000000,0.503299400000,0.9868238854431842,0.9868238854431842,0.9868238854431842,0E-17,ELIGIBLE,R03b_20260811_FULL_v1,L1_ELIGIBILITY,v2026-08-11,2026-03-21..2026-08-06,baccarat_bet02_101_all_pairs_incl_sentinel,round_win = game_pnl > 0 (decisive only),COMPATIBILITY_ONLY_NOT_PRODUCTION,151076.0443,140389.6870,6643.6888,715,475,-0.04397579,,-0.04397579,-0.04397579,-6643.6888,151076.0443,OK,0.0000,265.7476,4.0000,96.0000,AG03-UNRESOLVED,ALL5_LEVELS_bet23_to_bet27,265.7476,265.7476,265.7476,332.1844,332.1844,4.000000,4.000000,4.000000,5.000000,5.000000,96.000000,96.000000,96.000000,95.000000,95.000000,5.0,1461.6115,1338.8744,5182.0773,5304.8144,PENDING_AG03,FALSE,NOT_FOR_ENFORCEMENT,6377.9413,134774.0995,6643.6888,6377.9413,265.7476,0.04397579,0.04221676,265.7476,6377.9413,0.04221676,265.7476,265.7476,265.7476,332.1844,332.1844,6377.9413,0.04221676,1461.6115,1338.8744,5182.0773,5304.8144,0.03430112,0.03511354,0.00175903,211.2952,295.5572,13.9867,369.0938,47.1184,8393.1136,26.3889,,211.2952,21.0824,109.6283,221.0802,632.4711,1038.5726,1054.1184,103.8573,-11.0045,9.47358,9.615384,1.927378,30,83,23,8,0E-8,0.04397579,,0E-8,0.000000,0.929265,0.000000,,2026-03-24,2026-06-13,18,141,123,82,0.219512,,,0.000000,,,,,,,,GLOBAL_BASELINE_NO_ENTITY_RANKING,,,NOT_APPLICABLE_GLOBAL_BASELINE,HF9g-P5,,,,X 全窗基线 · 不参与实体赏罚,14193256,1420,A168_HF9F_20260827_0900,2026-08-27 09:00:00
2026-03-31,147455633,-1,1,1140.9727333701,-198.2746118093,-198.2746118093,0.4285714,10,7,0.48810948809521484,0.458687178571,-0.31513492093256057,-0.1599043380910062,-0.31513492093256057,0.02942230952421484,SENTINEL_DEALER,R03b_20260811_FULL_v1,L1_ELIGIBILITY,v2026-08-11,2026-03-21..2026-08-06,baccarat_bet02_101_all_pairs_incl_sentinel,round_win = game_pnl > 0 (decisive only),COMPATIBILITY_ONLY_NOT_PRODUCTION,151076.0443,140389.6870,6643.6888,715,475,-0.04397579,,-0.04397579,-0.04397579,-6643.6888,151076.0443,OK,0.0000,265.7476,4.0000,96.0000,AG03-UNRESOLVED,ALL5_LEVELS_bet23_to_bet27,265.7476,265.7476,265.7476,332.1844,332.1844,4.000000,4.000000,4.000000,5.000000,5.000000,96.000000,96.000000,96.000000,95.000000,95.000000,5.0,1461.6115,1338.8744,5182.0773,5304.8144,PENDING_AG03,FALSE,NOT_FOR_ENFORCEMENT,6377.9413,134774.0995,6643.6888,6377.9413,265.7476,0.04397579,0.04221676,265.7476,6377.9413,0.04221676,265.7476,265.7476,265.7476,332.1844,332.1844,6377.9413,0.04221676,1461.6115,1338.8744,5182.0773,5304.8144,0.03430112,0.03511354,0.00175903,211.2952,295.5572,13.9867,369.0938,47.1184,8393.1136,26.3889,,211.2952,21.0824,109.6283,221.0802,632.4711,1038.5726,1054.1184,103.8573,-11.0045,9.47358,9.615384,1.927378,30,83,23,8,0E-8,0.04397579,,0E-8,0.000000,0.929265,0.000000,,2026-03-24,2026-06-13,18,141,123,82,0.219512,,,0.000000,,,,,,,,GLOBAL_BASELINE_NO_ENTITY_RANKING,,,NOT_APPLICABLE_GLOBAL_BASELINE,HF9g-P5,,,,X 全窗基线 · 不参与实体赏罚,14193257,1420,A168_HF9F_20260827_0900,2026-08-27 09:00:00
2026-03-31,147455633,2127,0,374.1526542829,-159.5651025618,-159.5651025618,0.3333333,3,3,0.50218230000000000,0.502182300000,-0.5849155494134425,-0.5849155494134426,-0.5849155494134425,0E-17,ELIGIBLE,R03b_20260811_FULL_v1,L1_ELIGIBILITY,v2026-08-11,2026-03-21..2026-08-06,baccarat_bet02_101_all_pairs_incl_sentinel,round_win = game_pnl > 0 (decisive only),COMPATIBILITY_ONLY_NOT_PRODUCTION,151076.0443,140389.6870,6643.6888,715,475,-0.04397579,,-0.04397579,-0.04397579,-6643.6888,151076.0443,OK,0.0000,265.7476,4.0000,96.0000,AG03-UNRESOLVED,ALL5_LEVELS_bet23_to_bet27,265.7476,265.7476,265.7476,332.1844,332.1844,4.000000,4.000000,4.000000,5.000000,5.000000,96.000000,96.000000,96.000000,95.000000,95.000000,5.0,1461.6115,1338.8744,5182.0773,5304.8144,PENDING_AG03,FALSE,NOT_FOR_ENFORCEMENT,6377.9413,134774.0995,6643.6888,6377.9413,265.7476,0.04397579,0.04221676,265.7476,6377.9413,0.04221676,265.7476,265.7476,265.7476,332.1844,332.1844,6377.9413,0.04221676,1461.6115,1338.8744,5182.0773,5304.8144,0.03430112,0.03511354,0.00175903,211.2952,295.5572,13.9867,369.0938,47.1184,8393.1136,26.3889,,211.2952,21.0824,109.6283,221.0802,632.4711,1038.5726,1054.1184,103.8573,-11.0045,9.47358,9.615384,1.927378,30,83,23,8,0E-8,0.04397579,,0E-8,0.000000,0.929265,0.000000,,2026-03-24,2026-06-13,18,141,123,82,0.219512,,,0.000000,,,,,,,,GLOBAL_BASELINE_NO_ENTITY_RANKING,,,NOT_APPLICABLE_GLOBAL_BASELINE,HF9g-P5,,,,X 全窗基线 · 不参与实体赏罚,14193258,1420,A168_HF9F_20260827_0900,2026-08-27 09:00:00
2026-03-31,147455633,583,0,527.0592203740,505.9768515590,505.9768515590,1.0000000,2,2,0.49994810000000000,0.499948100000,1.4143603653603398,1.4143603653603398,1.4143603653603398,0E-17,ELIGIBLE,R03b_20260811_FULL_v1,L1_ELIGIBILITY,v2026-08-11,2026-03-21..2026-08-06,baccarat_bet02_101_all_pairs_incl_sentinel,round_win = game_pnl > 0 (decisive only),COMPATIBILITY_ONLY_NOT_PRODUCTION,151076.0443,140389.6870,6643.6888,715,475,-0.04397579,,-0.04397579,-0.04397579,-6643.6888,151076.0443,OK,0.0000,265.7476,4.0000,96.0000,AG03-UNRESOLVED,ALL5_LEVELS_bet23_to_bet27,265.7476,265.7476,265.7476,332.1844,332.1844,4.000000,4.000000,4.000000,5.000000,5.000000,96.000000,96.000000,96.000000,95.000000,95.000000,5.0,1461.6115,1338.8744,5182.0773,5304.8144,PENDING_AG03,FALSE,NOT_FOR_ENFORCEMENT,6377.9413,134774.0995,6643.6888,6377.9413,265.7476,0.04397579,0.04221676,265.7476,6377.9413,0.04221676,265.7476,265.7476,265.7476,332.1844,332.1844,6377.9413,0.04221676,1461.6115,1338.8744,5182.0773,5304.8144,0.03430112,0.03511354,0.00175903,211.2952,295.5572,13.9867,369.0938,47.1184,8393.1136,26.3889,,211.2952,21.0824,109.6283,221.0802,632.4711,1038.5726,1054.1184,103.8573,-11.0045,9.47358,9.615384,1.927378,30,83,23,8,0E-8,0.04397579,,0E-8,0.000000,0.929265,0.000000,,2026-03-24,2026-06-13,18,141,123,82,0.219512,,,0.000000,,,,,,,,GLOBAL_BASELINE_NO_ENTITY_RANKING,,,NOT_APPLICABLE_GLOBAL_BASELINE,HF9g-P5,,,,X 全窗基线 · 不参与实体赏罚,14193259,1420,A168_HF9F_20260827_0900,2026-08-27 09:00:00
2026-04-05,147455633,-1,1,843.2947525984,-210.8236881496,-210.8236881496,0.5000000,2,2,0.49994810000000000,0.499948100000,0.00014679536856514622,0.00014679536856514622,0.00014679536856514622,0E-17,SENTINEL_DEALER,R03b_20260811_FULL_v1,L1_ELIGIBILITY,v2026-08-11,2026-03-21..2026-08-06,baccarat_bet02_101_all_pairs_incl_sentinel,round_win = game_pnl > 0 (decisive only),COMPATIBILITY_ONLY_NOT_PRODUCTION,151076.0443,140389.6870,6643.6888,715,475,-0.04397579,,-0.04397579,-0.04397579,-6643.6888,151076.0443,OK,0.0000,265.7476,4.0000,96.0000,AG03-UNRESOLVED,ALL5_LEVELS_bet23_to_bet27,265.7476,265.7476,265.7476,332.1844,332.1844,4.000000,4.000000,4.000000,5.000000,5.000000,96.000000,96.000000,96.000000,95.000000,95.000000,5.0,1461.6115,1338.8744,5182.0773,5304.8144,PENDING_AG03,FALSE,NOT_FOR_ENFORCEMENT,6377.9413,134774.0995,6643.6888,6377.9413,265.7476,0.04397579,0.04221676,265.7476,6377.9413,0.04221676,265.7476,265.7476,265.7476,332.1844,332.1844,6377.9413,0.04221676,1461.6115,1338.8744,5182.0773,5304.8144,0.03430112,0.03511354,0.00175903,211.2952,295.5572,13.9867,369.0938,47.1184,8393.1136,26.3889,,211.2952,21.0824,109.6283,221.0802,632.4711,1038.5726,1054.1184,103.8573,-11.0045,9.47358,9.615384,1.927378,30,83,23,8,0E-8,0.04397579,,0E-8,0.000000,0.929265,0.000000,,2026-03-24,2026-06-13,18,141,123,82,0.219512,,,0.000000,,,,,,,,GLOBAL_BASELINE_NO_ENTITY_RANKING,,,NOT_APPLICABLE_GLOBAL_BASELINE,HF9g-P5,,,,X 全窗基线 · 不参与实体赏罚,14193260,1420,A168_HF9F_20260827_0900,2026-08-27 09:00:00
2026-04-05,147455633,1957,0,731.5581978792,-258.7860772038,-258.7860772038,0.5000000,5,2,0.46190849962412632,0.260735808334,0.10805305100553148,0.7707127254103717,0.10805305100553148,0.20117269129012632,ELIGIBLE,R03b_20260811_FULL_v1,L1_ELIGIBILITY,v2026-08-11,2026-03-21..2026-08-06,baccarat_bet02_101_all_pairs_incl_sentinel,round_win = game_pnl > 0 (decisive only),COMPATIBILITY_ONLY_NOT_PRODUCTION,151076.0443,140389.6870,6643.6888,715,475,-0.04397579,,-0.04397579,-0.04397579,-6643.6888,151076.0443,OK,0.0000,265.7476,4.0000,96.0000,AG03-UNRESOLVED,ALL5_LEVELS_bet23_to_bet27,265.7476,265.7476,265.7476,332.1844,332.1844,4.000000,4.000000,4.000000,5.000000,5.000000,96.000000,96.000000,96.000000,95.000000,95.000000,5.0,1461.6115,1338.8744,5182.0773,5304.8144,PENDING_AG03,FALSE,NOT_FOR_ENFORCEMENT,6377.9413,134774.0995,6643.6888,6377.9413,265.7476,0.04397579,0.04221676,265.7476,6377.9413,0.04221676,265.7476,265.7476,265.7476,332.1844,332.1844,6377.9413,0.04221676,1461.6115,1338.8744,5182.0773,5304.8144,0.03430112,0.03511354,0.00175903,211.2952,295.5572,13.9867,369.0938,47.1184,8393.1136,26.3889,,211.2952,21.0824,109.6283,221.0802,632.4711,1038.5726,1054.1184,103.8573,-11.0045,9.47358,9.615384,1.927378,30,83,23,8,0E-8,0.04397579,,0E-8,0.000000,0.929265,0.000000,,2026-03-24,2026-06-13,18,141,123,82,0.219512,,,0.000000,,,,,,,,GLOBAL_BASELINE_NO_ENTITY_RANKING,,,NOT_APPLICABLE_GLOBAL_BASELINE,HF9g-P5,,,,X 全窗基线 · 不参与实体赏罚,14193261,1420,A168_HF9F_20260827_0900,2026-08-27 09:00:00
2026-04-05,147455633,1996,0,548.1415891890,274.0707945944,274.0707945944,0.5000000,3,2,0.46672787499994748,0.400287425000,0.09431683648311458,0.2878109933178697,0.09431683648311458,0.06644044999994748,ELIGIBLE,R03b_20260811_FULL_v1,L1_ELIGIBILITY,v2026-08-11,2026-03-21..2026-08-06,baccarat_bet02_101_all_pairs_incl_sentinel,round_win = game_pnl > 0 (decisive only),COMPATIBILITY_ONLY_NOT_PRODUCTION,151076.0443,140389.6870,6643.6888,715,475,-0.04397579,,-0.04397579,-0.04397579,-6643.6888,151076.0443,OK,0.0000,265.7476,4.0000,96.0000,AG03-UNRESOLVED,ALL5_LEVELS_bet23_to_bet27,265.7476,265.7476,265.7476,332.1844,332.1844,4.000000,4.000000,4.000000,5.000000,5.000000,96.000000,96.000000,96.000000,95.000000,95.000000,5.0,1461.6115,1338.8744,5182.0773,5304.8144,PENDING_AG03,FALSE,NOT_FOR_ENFORCEMENT,6377.9413,134774.0995,6643.6888,6377.9413,265.7476,0.04397579,0.04221676,265.7476,6377.9413,0.04221676,265.7476,265.7476,265.7476,332.1844,332.1844,6377.9413,0.04221676,1461.6115,1338.8744,5182.0773,5304.8144,0.03430112,0.03511354,0.00175903,211.2952,295.5572,13.9867,369.0938,47.1184,8393.1136,26.3889,,211.2952,21.0824,109.6283,221.0802,632.4711,1038.5726,1054.1184,103.8573,-11.0045,9.47358,9.615384,1.927378,30,83,23,8,0E-8,0.04397579,,0E-8,0.000000,0.929265,0.000000,,2026-03-24,2026-06-13,18,141,123,82,0.219512,,,0.000000,,,,,,,,GLOBAL_BASELINE_NO_ENTITY_RANKING,,,NOT_APPLICABLE_GLOBAL_BASELINE,HF9g-P5,,,,X 全窗基线 · 不参与实体赏罚,14193262,1420,A168_HF9F_20260827_0900,2026-08-27 09:00:00
2026-04-05,147455633,2145,0,2582.5901798328,1254.4009444900,1254.4009444900,0.5000000,15,6,0.45997019439769838,0.343805325000,0.1967367060310862,0.8055067769875579,0.1967367060310862,0.11616486939769838,ELIGIBLE,R03b_20260811_FULL_v1,L1_ELIGIBILITY,v2026-08-11,2026-03-21..2026-08-06,baccarat_bet02_101_all_pairs_incl_sentinel,round_win = game_pnl > 0 (decisive only),COMPATIBILITY_ONLY_NOT_PRODUCTION,151076.0443,140389.6870,6643.6888,715,475,-0.04397579,,-0.04397579,-0.04397579,-6643.6888,151076.0443,OK,0.0000,265.7476,4.0000,96.0000,AG03-UNRESOLVED,ALL5_LEVELS_bet23_to_bet27,265.7476,265.7476,265.7476,332.1844,332.1844,4.000000,4.000000,4.000000,5.000000,5.000000,96.000000,96.000000,96.000000,95.000000,95.000000,5.0,1461.6115,1338.8744,5182.0773,5304.8144,PENDING_AG03,FALSE,NOT_FOR_ENFORCEMENT,6377.9413,134774.0995,6643.6888,6377.9413,265.7476,0.04397579,0.04221676,265.7476,6377.9413,0.04221676,265.7476,265.7476,265.7476,332.1844,332.1844,6377.9413,0.04221676,1461.6115,1338.8744,5182.0773,5304.8144,0.03430112,0.03511354,0.00175903,211.2952,295.5572,13.9867,369.0938,47.1184,8393.1136,26.3889,,211.2952,21.0824,109.6283,221.0802,632.4711,1038.5726,1054.1184,103.8573,-11.0045,9.47358,9.615384,1.927378,30,83,23,8,0E-8,0.04397579,,0E-8,0.000000,0.929265,0.000000,,2026-03-24,2026-06-13,18,141,123,82,0.219512,,,0.000000,,,,,,,,GLOBAL_BASELINE_NO_ENTITY_RANKING,,,NOT_APPLICABLE_GLOBAL_BASELINE,HF9g-P5,,,,X 全窗基线 · 不参与实体赏罚,14193263,1420,A168_HF9F_20260827_0900,2026-08-27 09:00:00
2026-04-05,147455633,2216,0,3286.7412982524,624.0381169226,624.0381169226,0.4000000,11,5,0.47035670245858940,0.378385180000,-0.3151991732077472,0.09965724711923335,-0.3151991732077472,0.09197152245858940,ELIGIBLE,R03b_20260811_FULL_v1,L1_ELIGIBILITY,v2026-08-11,2026-03-21..2026-08-06,baccarat_bet02_101_all_pairs_incl_sentinel,round_win = game_pnl > 0 (decisive only),COMPATIBILITY_ONLY_NOT_PRODUCTION,151076.0443,140389.6870,6643.6888,715,475,-0.04397579,,-0.04397579,-0.04397579,-6643.6888,151076.0443,OK,0.0000,265.7476,4.0000,96.0000,AG03-UNRESOLVED,ALL5_LEVELS_bet23_to_bet27,265.7476,265.7476,265.7476,332.1844,332.1844,4.000000,4.000000,4.000000,5.000000,5.000000,96.000000,96.000000,96.000000,95.000000,95.000000,5.0,1461.6115,1338.8744,5182.0773,5304.8144,PENDING_AG03,FALSE,NOT_FOR_ENFORCEMENT,6377.9413,134774.0995,6643.6888,6377.9413,265.7476,0.04397579,0.04221676,265.7476,6377.9413,0.04221676,265.7476,265.7476,265.7476,332.1844,332.1844,6377.9413,0.04221676,1461.6115,1338.8744,5182.0773,5304.8144,0.03430112,0.03511354,0.00175903,211.2952,295.5572,13.9867,369.0938,47.1184,8393.1136,26.3889,,211.2952,21.0824,109.6283,221.0802,632.4711,1038.5726,1054.1184,103.8573,-11.0045,9.47358,9.615384,1.927378,30,83,23,8,0E-8,0.04397579,,0E-8,0.000000,0.929265,0.000000,,2026-03-24,2026-06-13,18,141,123,82,0.219512,,,0.000000,,,,,,,,GLOBAL_BASELINE_NO_ENTITY_RANKING,,,NOT_APPLICABLE_GLOBAL_BASELINE,HF9g-P5,,,,X 全窗基线 · 不参与实体赏罚,14193264,1420,A168_HF9F_20260827_0900,2026-08-27 09:00:00
2026-04-05,147455633,2246,0,1011.9537031182,426.9179685029,426.9179685029,0.6666667,9,3,0.45544189999992174,0.293991933333,0.7346269625560329,1.4168309590426615,0.7346269625560329,0.16144996666692174,ELIGIBLE,R03b_20260811_FULL_v1,L1_ELIGIBILITY,v2026-08-11,2026-03-21..2026-08-06,baccarat_bet02_101_all_pairs_incl_sentinel,round_win = game_pnl > 0 (decisive only),COMPATIBILITY_ONLY_NOT_PRODUCTION,151076.0443,140389.6870,6643.6888,715,475,-0.04397579,,-0.04397579,-0.04397579,-6643.6888,151076.0443,OK,0.0000,265.7476,4.0000,96.0000,AG03-UNRESOLVED,ALL5_LEVELS_bet23_to_bet27,265.7476,265.7476,265.7476,332.1844,332.1844,4.000000,4.000000,4.000000,5.000000,5.000000,96.000000,96.000000,96.000000,95.000000,95.000000,5.0,1461.6115,1338.8744,5182.0773,5304.8144,PENDING_AG03,FALSE,NOT_FOR_ENFORCEMENT,6377.9413,134774.0995,6643.6888,6377.9413,265.7476,0.04397579,0.04221676,265.7476,6377.9413,0.04221676,265.7476,265.7476,265.7476,332.1844,332.1844,6377.9413,0.04221676,1461.6115,1338.8744,5182.0773,5304.8144,0.03430112,0.03511354,0.00175903,211.2952,295.5572,13.9867,369.0938,47.1184,8393.1136,26.3889,,211.2952,21.0824,109.6283,221.0802,632.4711,1038.5726,1054.1184,103.8573,-11.0045,9.47358,9.615384,1.927378,30,83,23,8,0E-8,0.04397579,,0E-8,0.000000,0.929265,0.000000,,2026-03-24,2026-06-13,18,141,123,82,0.219512,,,0.000000,,,,,,,,GLOBAL_BASELINE_NO_ENTITY_RANKING,,,NOT_APPLICABLE_GLOBAL_BASELINE,HF9g-P5,,,,X 全窗基线 · 不参与实体赏罚,14193265,1420,A168_HF9F_20260827_0900,2026-08-27 09:00:00
2026-04-06,147455633,-1,1,5057.6602787090,723.2306621970,723.2306621970,0.5789474,25,19,0.48939666069141116,0.451863842105,0.7808605759432746,1.1130586180336808,0.7808605759432746,0.03753281858641116,SENTINEL_DEALER,R03b_20260811_FULL_v1,L1_ELIGIBILITY,v2026-08-11,2026-03-21..2026-08-06,baccarat_bet02_101_all_pairs_incl_sentinel,round_win = game_pnl > 0 (decisive only),COMPATIBILITY_ONLY_NOT_PRODUCTION,151076.0443,140389.6870,6643.6888,715,475,-0.04397579,,-0.04397579,-0.04397579,-6643.6888,151076.0443,OK,0.0000,265.7476,4.0000,96.0000,AG03-UNRESOLVED,ALL5_LEVELS_bet23_to_bet27,265.7476,265.7476,265.7476,332.1844,332.1844,4.000000,4.000000,4.000000,5.000000,5.000000,96.000000,96.000000,96.000000,95.000000,95.000000,5.0,1461.6115,1338.8744,5182.0773,5304.8144,PENDING_AG03,FALSE,NOT_FOR_ENFORCEMENT,6377.9413,134774.0995,6643.6888,6377.9413,265.7476,0.04397579,0.04221676,265.7476,6377.9413,0.04221676,265.7476,265.7476,265.7476,332.1844,332.1844,6377.9413,0.04221676,1461.6115,1338.8744,5182.0773,5304.8144,0.03430112,0.03511354,0.00175903,211.2952,295.5572,13.9867,369.0938,47.1184,8393.1136,26.3889,,211.2952,21.0824,109.6283,221.0802,632.4711,1038.5726,1054.1184,103.8573,-11.0045,9.47358,9.615384,1.927378,30,83,23,8,0E-8,0.04397579,,0E-8,0.000000,0.929265,0.000000,,2026-03-24,2026-06-13,18,141,123,82,0.219512,,,0.000000,,,,,,,,GLOBAL_BASELINE_NO_ENTITY_RANKING,,,NOT_APPLICABLE_GLOBAL_BASELINE,HF9g-P5,,,,X 全窗基线 · 不参与实体赏罚,14193266,1420,A168_HF9F_20260827_0900,2026-08-27 09:00:00
2026-04-06,147455633,1221,0,792.6970674425,54.1816878545,54.1816878545,0.5000000,4,4,0.50329940000000000,0.503299400000,-0.01319788734859681,-0.01319788734859681,-0.01319788734859681,0E-17,ELIGIBLE,R03b_20260811_FULL_v1,L1_ELIGIBILITY,v2026-08-11,2026-03-21..2026-08-06,baccarat_bet02_101_all_pairs_incl_sentinel,round_win = game_pnl > 0 (decisive only),COMPATIBILITY_ONLY_NOT_PRODUCTION,151076.0443,140389.6870,6643.6888,715,475,-0.04397579,,-0.04397579,-0.04397579,-6643.6888,151076.0443,OK,0.0000,265.7476,4.0000,96.0000,AG03-UNRESOLVED,ALL5_LEVELS_bet23_to_bet27,265.7476,265.7476,265.7476,332.1844,332.1844,4.000000,4.000000,4.000000,5.000000,5.000000,96.000000,96.000000,96.000000,95.000000,95.000000,5.0,1461.6115,1338.8744,5182.0773,5304.8144,PENDING_AG03,FALSE,NOT_FOR_ENFORCEMENT,6377.9413,134774.0995,6643.6888,6377.9413,265.7476,0.04397579,0.04221676,265.7476,6377.9413,0.04221676,265.7476,265.7476,265.7476,332.1844,332.1844,6377.9413,0.04221676,1461.6115,1338.8744,5182.0773,5304.8144,0.03430112,0.03511354,0.00175903,211.2952,295.5572,13.9867,369.0938,47.1184,8393.1136,26.3889,,211.2952,21.0824,109.6283,221.0802,632.4711,1038.5726,1054.1184,103.8573,-11.0045,9.47358,9.615384,1.927378,30,83,23,8,0E-8,0.04397579,,0E-8,0.000000,0.929265,0.000000,,2026-03-24,2026-06-13,18,141,123,82,0.219512,,,0.000000,,,,,,,,GLOBAL_BASELINE_NO_ENTITY_RANKING,,,NOT_APPLICABLE_GLOBAL_BASELINE,HF9g-P5,,,,X 全窗基线 · 不参与实体赏罚,14193267,1420,A168_HF9F_20260827_0900,2026-08-27 09:00:00
2026-04-06,147455633,1623,0,1166.2766428436,-639.2174224696,-639.2174224696,0E-7,2,2,0.49994810000000000,0.499948100000,-0.9998962053866608,-0.9998962053866608,-0.9998962053866608,0E-17,ELIGIBLE,R03b_20260811_FULL_v1,L1_ELIGIBILITY,v2026-08-11,2026-03-21..2026-08-06,baccarat_bet02_101_all_pairs_incl_sentinel,round_win = game_pnl > 0 (decisive only),COMPATIBILITY_ONLY_NOT_PRODUCTION,151076.0443,140389.6870,6643.6888,715,475,-0.04397579,,-0.04397579,-0.04397579,-6643.6888,151076.0443,OK,0.0000,265.7476,4.0000,96.0000,AG03-UNRESOLVED,ALL5_LEVELS_bet23_to_bet27,265.7476,265.7476,265.7476,332.1844,332.1844,4.000000,4.000000,4.000000,5.000000,5.000000,96.000000,96.000000,96.000000,95.000000,95.000000,5.0,1461.6115,1338.8744,5182.0773,5304.8144,PENDING_AG03,FALSE,NOT_FOR_ENFORCEMENT,6377.9413,134774.0995,6643.6888,6377.9413,265.7476,0.04397579,0.04221676,265.7476,6377.9413,0.04221676,265.7476,265.7476,265.7476,332.1844,332.1844,6377.9413,0.04221676,1461.6115,1338.8744,5182.0773,5304.8144,0.03430112,0.03511354,0.00175903,211.2952,295.5572,13.9867,369.0938,47.1184,8393.1136,26.3889,,211.2952,21.0824,109.6283,221.0802,632.4711,1038.5726,1054.1184,103.8573,-11.0045,9.47358,9.615384,1.927378,30,83,23,8,0E-8,0.04397579,,0E-8,0.000000,0.929265,0.000000,,2026-03-24,2026-06-13,18,141,123,82,0.219512,,,0.000000,,,,,,,,GLOBAL_BASELINE_NO_ENTITY_RANKING,,,NOT_APPLICABLE_GLOBAL_BASELINE,HF9g-P5,,,,X 全窗基线 · 不参与实体赏罚,14193268,1420,A168_HF9F_20260827_0900,2026-08-27 09:00:00
2026-04-06,147455633,1704,0,2013.5770455168,690.1208019733,690.1208019733,0.5000000,6,6,0.50441650000000000,0.504416500000,-0.02163718700157003,-0.02163718700157003,-0.02163718700157003,0E-17,ELIGIBLE,R03b_20260811_FULL_v1,L1_ELIGIBILITY,v2026-08-11,2026-03-21..2026-08-06,baccarat_bet02_101_all_pairs_incl_sentinel,round_win = game_pnl > 0 (decisive only),COMPATIBILITY_ONLY_NOT_PRODUCTION,151076.0443,140389.6870,6643.6888,715,475,-0.04397579,,-0.04397579,-0.04397579,-6643.6888,151076.0443,OK,0.0000,265.7476,4.0000,96.0000,AG03-UNRESOLVED,ALL5_LEVELS_bet23_to_bet27,265.7476,265.7476,265.7476,332.1844,332.1844,4.000000,4.000000,4.000000,5.000000,5.000000,96.000000,96.000000,96.000000,95.000000,95.000000,5.0,1461.6115,1338.8744,5182.0773,5304.8144,PENDING_AG03,FALSE,NOT_FOR_ENFORCEMENT,6377.9413,134774.0995,6643.6888,6377.9413,265.7476,0.04397579,0.04221676,265.7476,6377.9413,0.04221676,265.7476,265.7476,265.7476,332.1844,332.1844,6377.9413,0.04221676,1461.6115,1338.8744,5182.0773,5304.8144,0.03430112,0.03511354,0.00175903,211.2952,295.5572,13.9867,369.0938,47.1184,8393.1136,26.3889,,211.2952,21.0824,109.6283,221.0802,632.4711,1038.5726,1054.1184,103.8573,-11.0045,9.47358,9.615384,1.927378,30,83,23,8,0E-8,0.04397579,,0E-8,0.000000,0.929265,0.000000,,2026-03-24,2026-06-13,18,141,123,82,0.219512,,,0.000000,,,,,,,,GLOBAL_BASELINE_NO_ENTITY_RANKING,,,NOT_APPLICABLE_GLOBAL_BASELINE,HF9g-P5,,,,X 全窗基线 · 不参与实体赏罚,14193269,1420,A168_HF9F_20260827_0900,2026-08-27 09:00:00
2026-04-06,147455633,1951,0,2456.0959669429,612.4428140746,612.4428140746,0.7272727,16,12,0.49002223397434203,0.458152016667,1.5740551790952022,1.7914303658251696,1.5740551790952022,0.03187021730734203,ELIGIBLE,R03b_20260811_FULL_v1,L1_ELIGIBILITY,v2026-08-11,2026-03-21..2026-08-06,baccarat_bet02_101_all_pairs_incl_sentinel,round_win = game_pnl > 0 (decisive only),COMPATIBILITY_ONLY_NOT_PRODUCTION,151076.0443,140389.6870,6643.6888,715,475,-0.04397579,,-0.04397579,-0.04397579,-6643.6888,151076.0443,OK,0.0000,265.7476,4.0000,96.0000,AG03-UNRESOLVED,ALL5_LEVELS_bet23_to_bet27,265.7476,265.7476,265.7476,332.1844,332.1844,4.000000,4.000000,4.000000,5.000000,5.000000,96.000000,96.000000,96.000000,95.000000,95.000000,5.0,1461.6115,1338.8744,5182.0773,5304.8144,PENDING_AG03,FALSE,NOT_FOR_ENFORCEMENT,6377.9413,134774.0995,6643.6888,6377.9413,265.7476,0.04397579,0.04221676,265.7476,6377.9413,0.04221676,265.7476,265.7476,265.7476,332.1844,332.1844,6377.9413,0.04221676,1461.6115,1338.8744,5182.0773,5304.8144,0.03430112,0.03511354,0.00175903,211.2952,295.5572,13.9867,369.0938,47.1184,8393.1136,26.3889,,211.2952,21.0824,109.6283,221.0802,632.4711,1038.5726,1054.1184,103.8573,-11.0045,9.47358,9.615384,1.927378,30,83,23,8,0E-8,0.04397579,,0E-8,0.000000,0.929265,0.000000,,2026-03-24,2026-06-13,18,141,123,82,0.219512,,,0.000000,,,,,,,,GLOBAL_BASELINE_NO_ENTITY_RANKING,,,NOT_APPLICABLE_GLOBAL_BASELINE,HF9g-P5,,,,X 全窗基线 · 不参与实体赏罚,14193270,1420,A168_HF9F_20260827_0900,2026-08-27 09:00:00
2026-04-06,147455633,2117,0,632.8927118251,-632.8927118251,-632.8927118251,0E-7,1,1,0.49324550000000000,0.493245500000,-0.9865810262130424,-0.9865810262130424,-0.9865810262130424,0E-17,ELIGIBLE,R03b_20260811_FULL_v1,L1_ELIGIBILITY,v2026-08-11,2026-03-21..2026-08-06,baccarat_bet02_101_all_pairs_incl_sentinel,round_win = game_pnl > 0 (decisive only),COMPATIBILITY_ONLY_NOT_PRODUCTION,151076.0443,140389.6870,6643.6888,715,475,-0.04397579,,-0.04397579,-0.04397579,-6643.6888,151076.0443,OK,0.0000,265.7476,4.0000,96.0000,AG03-UNRESOLVED,ALL5_LEVELS_bet23_to_bet27,265.7476,265.7476,265.7476,332.1844,332.1844,4.000000,4.000000,4.000000,5.000000,5.000000,96.000000,96.000000,96.000000,95.000000,95.000000,5.0,1461.6115,1338.8744,5182.0773,5304.8144,PENDING_AG03,FALSE,NOT_FOR_ENFORCEMENT,6377.9413,134774.0995,6643.6888,6377.9413,265.7476,0.04397579,0.04221676,265.7476,6377.9413,0.04221676,265.7476,265.7476,265.7476,332.1844,332.1844,6377.9413,0.04221676,1461.6115,1338.8744,5182.0773,5304.8144,0.03430112,0.03511354,0.00175903,211.2952,295.5572,13.9867,369.0938,47.1184,8393.1136,26.3889,,211.2952,21.0824,109.6283,221.0802,632.4711,1038.5726,1054.1184,103.8573,-11.0045,9.47358,9.615384,1.927378,30,83,23,8,0E-8,0.04397579,,0E-8,0.000000,0.929265,0.000000,,2026-03-24,2026-06-13,18,141,123,82,0.219512,,,0.000000,,,,,,,,GLOBAL_BASELINE_NO_ENTITY_RANKING,,,NOT_APPLICABLE_GLOBAL_BASELINE,HF9g-P5,,,,X 全窗基线 · 不参与实体赏罚,14193271,1420,A168_HF9F_20260827_0900,2026-08-27 09:00:00
2026-04-06,147455633,2223,0,2340.1429384607,126.4942128896,126.4942128896,0.4000000,8,5,0.48812192267853937,0.383036330000,-0.3942044701418036,0.07802881978581387,-0.3942044701418036,0.10508559267853937,ELIGIBLE,R03b_20260811_FULL_v1,L1_ELIGIBILITY,v2026-08-11,2026-03-21..2026-08-06,baccarat_bet02_101_all_pairs_incl_sentinel,round_win = game_pnl > 0 (decisive only),COMPATIBILITY_ONLY_NOT_PRODUCTION,151076.0443,140389.6870,6643.6888,715,475,-0.04397579,,-0.04397579,-0.04397579,-6643.6888,151076.0443,OK,0.0000,265.7476,4.0000,96.0000,AG03-UNRESOLVED,ALL5_LEVELS_bet23_to_bet27,265.7476,265.7476,265.7476,332.1844,332.1844,4.000000,4.000000,4.000000,5.000000,5.000000,96.000000,96.000000,96.000000,95.000000,95.000000,5.0,1461.6115,1338.8744,5182.0773,5304.8144,PENDING_AG03,FALSE,NOT_FOR_ENFORCEMENT,6377.9413,134774.0995,6643.6888,6377.9413,265.7476,0.04397579,0.04221676,265.7476,6377.9413,0.04221676,265.7476,265.7476,265.7476,332.1844,332.1844,6377.9413,0.04221676,1461.6115,1338.8744,5182.0773,5304.8144,0.03430112,0.03511354,0.00175903,211.2952,295.5572,13.9867,369.0938,47.1184,8393.1136,26.3889,,211.2952,21.0824,109.6283,221.0802,632.4711,1038.5726,1054.1184,103.8573,-11.0045,9.47358,9.615384,1.927378,30,83,23,8,0E-8,0.04397579,,0E-8,0.000000,0.929265,0.000000,,2026-03-24,2026-06-13,18,141,123,82,0.219512,,,0.000000,,,,,,,,GLOBAL_BASELINE_NO_ENTITY_RANKING,,,NOT_APPLICABLE_GLOBAL_BASELINE,HF9g-P5,,,,X 全窗基线 · 不参与实体赏罚,14193272,1420,A168_HF9F_20260827_0900,2026-08-27 09:00:00
2026-04-06,147455633,2258,0,1275.4833133051,1262.8338920161,1262.8338920161,1.0000000,2,2,0.49994810000000000,0.499948100000,1.4143603653603398,1.4143603653603398,1.4143603653603398,0E-17,ELIGIBLE,R03b_20260811_FULL_v1,L1_ELIGIBILITY,v2026-08-11,2026-03-21..2026-08-06,baccarat_bet02_101_all_pairs_incl_sentinel,round_win = game_pnl > 0 (decisive only),COMPATIBILITY_ONLY_NOT_PRODUCTION,151076.0443,140389.6870,6643.6888,715,475,-0.04397579,,-0.04397579,-0.04397579,-6643.6888,151076.0443,OK,0.0000,265.7476,4.0000,96.0000,AG03-UNRESOLVED,ALL5_LEVELS_bet23_to_bet27,265.7476,265.7476,265.7476,332.1844,332.1844,4.000000,4.000000,4.000000,5.000000,5.000000,96.000000,96.000000,96.000000,95.000000,95.000000,5.0,1461.6115,1338.8744,5182.0773,5304.8144,PENDING_AG03,FALSE,NOT_FOR_ENFORCEMENT,6377.9413,134774.0995,6643.6888,6377.9413,265.7476,0.04397579,0.04221676,265.7476,6377.9413,0.04221676,265.7476,265.7476,265.7476,332.1844,332.1844,6377.9413,0.04221676,1461.6115,1338.8744,5182.0773,5304.8144,0.03430112,0.03511354,0.00175903,211.2952,295.5572,13.9867,369.0938,47.1184,8393.1136,26.3889,,211.2952,21.0824,109.6283,221.0802,632.4711,1038.5726,1054.1184,103.8573,-11.0045,9.47358,9.615384,1.927378,30,83,23,8,0E-8,0.04397579,,0E-8,0.000000,0.929265,0.000000,,2026-03-24,2026-06-13,18,141,123,82,0.219512,,,0.000000,,,,,,,,GLOBAL_BASELINE_NO_ENTITY_RANKING,,,NOT_APPLICABLE_GLOBAL_BASELINE,HF9g-P5,,,,X 全窗基线 · 不参与实体赏罚,14193273,1420,A168_HF9F_20260827_0900,2026-08-27 09:00:00
2026-04-06,147455633,986,0,1271.2668395422,-99.6141926508,-99.6141926508,0.3333333,4,3,0.49663283333332358,0.433507650000,-0.5656988894211848,-0.35012377984260373,-0.5656988894211848,0.06312518333332358,ELIGIBLE,R03b_20260811_FULL_v1,L1_ELIGIBILITY,v2026-08-11,2026-03-21..2026-08-06,baccarat_bet02_101_all_pairs_incl_sentinel,round_win = game_pnl > 0 (decisive only),COMPATIBILITY_ONLY_NOT_PRODUCTION,151076.0443,140389.6870,6643.6888,715,475,-0.04397579,,-0.04397579,-0.04397579,-6643.6888,151076.0443,OK,0.0000,265.7476,4.0000,96.0000,AG03-UNRESOLVED,ALL5_LEVELS_bet23_to_bet27,265.7476,265.7476,265.7476,332.1844,332.1844,4.000000,4.000000,4.000000,5.000000,5.000000,96.000000,96.000000,96.000000,95.000000,95.000000,5.0,1461.6115,1338.8744,5182.0773,5304.8144,PENDING_AG03,FALSE,NOT_FOR_ENFORCEMENT,6377.9413,134774.0995,6643.6888,6377.9413,265.7476,0.04397579,0.04221676,265.7476,6377.9413,0.04221676,265.7476,265.7476,265.7476,332.1844,332.1844,6377.9413,0.04221676,1461.6115,1338.8744,5182.0773,5304.8144,0.03430112,0.03511354,0.00175903,211.2952,295.5572,13.9867,369.0938,47.1184,8393.1136,26.3889,,211.2952,21.0824,109.6283,221.0802,632.4711,1038.5726,1054.1184,103.8573,-11.0045,9.47358,9.615384,1.927378,30,83,23,8,0E-8,0.04397579,,0E-8,0.000000,0.929265,0.000000,,2026-03-24,2026-06-13,18,141,123,82,0.219512,,,0.000000,,,,,,,,GLOBAL_BASELINE_NO_ENTITY_RANKING,,,NOT_APPLICABLE_GLOBAL_BASELINE,HF9g-P5,,,,X 全窗基线 · 不参与实体赏罚,14193274,1420,A168_HF9F_20260827_0900,2026-08-27 09:00:00
2026-04-08,147455633,1957,0,1058.7565618873,-1058.7565618873,-1058.7565618873,0E-7,2,2,0.50665070000000000,0.506650700000,-1.4331513700195317,-1.4331513700195317,-1.4331513700195317,0E-17,ELIGIBLE,R03b_20260811_FULL_v1,L1_ELIGIBILITY,v2026-08-11,2026-03-21..2026-08-06,baccarat_bet02_101_all_pairs_incl_sentinel,round_win = game_pnl > 0 (decisive only),COMPATIBILITY_ONLY_NOT_PRODUCTION,151076.0443,140389.6870,6643.6888,715,475,-0.04397579,,-0.04397579,-0.04397579,-6643.6888,151076.0443,OK,0.0000,265.7476,4.0000,96.0000,AG03-UNRESOLVED,ALL5_LEVELS_bet23_to_bet27,265.7476,265.7476,265.7476,332.1844,332.1844,4.000000,4.000000,4.000000,5.000000,5.000000,96.000000,96.000000,96.000000,95.000000,95.000000,5.0,1461.6115,1338.8744,5182.0773,5304.8144,PENDING_AG03,FALSE,NOT_FOR_ENFORCEMENT,6377.9413,134774.0995,6643.6888,6377.9413,265.7476,0.04397579,0.04221676,265.7476,6377.9413,0.04221676,265.7476,265.7476,265.7476,332.1844,332.1844,6377.9413,0.04221676,1461.6115,1338.8744,5182.0773,5304.8144,0.03430112,0.03511354,0.00175903,211.2952,295.5572,13.9867,369.0938,47.1184,8393.1136,26.3889,,211.2952,21.0824,109.6283,221.0802,632.4711,1038.5726,1054.1184,103.8573,-11.0045,9.47358,9.615384,1.927378,30,83,23,8,0E-8,0.04397579,,0E-8,0.000000,0.929265,0.000000,,2026-03-24,2026-06-13,18,141,123,82,0.219512,,,0.000000,,,,,,,,GLOBAL_BASELINE_NO_ENTITY_RANKING,,,NOT_APPLICABLE_GLOBAL_BASELINE,HF9g-P5,,,,X 全窗基线 · 不参与实体赏罚,14193275,1420,A168_HF9F_20260827_0900,2026-08-27 09:00:00
2026-04-14,147455633,-1,1,427.9720869437,-4.5327092952,-4.5327092952,0.5000000,2,2,0.50665070000000000,0.506650700000,-0.018812684590367487,-0.018812684590367487,-0.018812684590367487,0E-17,SENTINEL_DEALER,R03b_20260811_FULL_v1,L1_ELIGIBILITY,v2026-08-11,2026-03-21..2026-08-06,baccarat_bet02_101_all_pairs_incl_sentinel,round_win = game_pnl > 0 (decisive only),COMPATIBILITY_ONLY_NOT_PRODUCTION,151076.0443,140389.6870,6643.6888,715,475,-0.04397579,,-0.04397579,-0.04397579,-6643.6888,151076.0443,OK,0.0000,265.7476,4.0000,96.0000,AG03-UNRESOLVED,ALL5_LEVELS_bet23_to_bet27,265.7476,265.7476,265.7476,332.1844,332.1844,4.000000,4.000000,4.000000,5.000000,5.000000,96.000000,96.000000,96.000000,95.000000,95.000000,5.0,1461.6115,1338.8744,5182.0773,5304.8144,PENDING_AG03,FALSE,NOT_FOR_ENFORCEMENT,6377.9413,134774.0995,6643.6888,6377.9413,265.7476,0.04397579,0.04221676,265.7476,6377.9413,0.04221676,265.7476,265.7476,265.7476,332.1844,332.1844,6377.9413,0.04221676,1461.6115,1338.8744,5182.0773,5304.8144,0.03430112,0.03511354,0.00175903,211.2952,295.5572,13.9867,369.0938,47.1184,8393.1136,26.3889,,211.2952,21.0824,109.6283,221.0802,632.4711,1038.5726,1054.1184,103.8573,-11.0045,9.47358,9.615384,1.927378,30,83,23,8,0E-8,0.04397579,,0E-8,0.000000,0.929265,0.000000,,2026-03-24,2026-06-13,18,141,123,82,0.219512,,,0.000000,,,,,,,,GLOBAL_BASELINE_NO_ENTITY_RANKING,,,NOT_APPLICABLE_GLOBAL_BASELINE,HF9g-P5,,,,X 全窗基线 · 不参与实体赏罚,14193276,1420,A168_HF9F_20260827_0900,2026-08-27 09:00:00
2026-04-14,147455633,1115,0,864.3771214135,-54.2870996985,-54.2870996985,0.7500000,6,4,0.48933996092435136,0.400287425000,1.0428772009331015,1.4275249038962121,1.0428772009331015,0.08905253592435136,ELIGIBLE,R03b_20260811_FULL_v1,L1_ELIGIBILITY,v2026-08-11,2026-03-21..2026-08-06,baccarat_bet02_101_all_pairs_incl_sentinel,round_win = game_pnl > 0 (decisive only),COMPATIBILITY_ONLY_NOT_PRODUCTION,151076.0443,140389.6870,6643.6888,715,475,-0.04397579,,-0.04397579,-0.04397579,-6643.6888,151076.0443,OK,0.0000,265.7476,4.0000,96.0000,AG03-UNRESOLVED,ALL5_LEVELS_bet23_to_bet27,265.7476,265.7476,265.7476,332.1844,332.1844,4.000000,4.000000,4.000000,5.000000,5.000000,96.000000,96.000000,96.000000,95.000000,95.000000,5.0,1461.6115,1338.8744,5182.0773,5304.8144,PENDING_AG03,FALSE,NOT_FOR_ENFORCEMENT,6377.9413,134774.0995,6643.6888,6377.9413,265.7476,0.04397579,0.04221676,265.7476,6377.9413,0.04221676,265.7476,265.7476,265.7476,332.1844,332.1844,6377.9413,0.04221676,1461.6115,1338.8744,5182.0773,5304.8144,0.03430112,0.03511354,0.00175903,211.2952,295.5572,13.9867,369.0938,47.1184,8393.1136,26.3889,,211.2952,21.0824,109.6283,221.0802,632.4711,1038.5726,1054.1184,103.8573,-11.0045,9.47358,9.615384,1.927378,30,83,23,8,0E-8,0.04397579,,0E-8,0.000000,0.929265,0.000000,,2026-03-24,2026-06-13,18,141,123,82,0.219512,,,0.000000,,,,,,,,GLOBAL_BASELINE_NO_ENTITY_RANKING,,,NOT_APPLICABLE_GLOBAL_BASELINE,HF9g-P5,,,,X 全窗基线 · 不参与实体赏罚,14193277,1420,A168_HF9F_20260827_0900,2026-08-27 09:00:00
2026-04-14,147455633,1646,0,1054.1184407480,-1054.1184407480,-1054.1184407480,0E-7,1,1,0.50665070000000000,0.506650700000,-1.013391052207602,-1.013391052207602,-1.013391052207602,0E-17,ELIGIBLE,R03b_20260811_FULL_v1,L1_ELIGIBILITY,v2026-08-11,2026-03-21..2026-08-06,baccarat_bet02_101_all_pairs_incl_sentinel,round_win = game_pnl > 0 (decisive only),COMPATIBILITY_ONLY_NOT_PRODUCTION,151076.0443,140389.6870,6643.6888,715,475,-0.04397579,,-0.04397579,-0.04397579,-6643.6888,151076.0443,OK,0.0000,265.7476,4.0000,96.0000,AG03-UNRESOLVED,ALL5_LEVELS_bet23_to_bet27,265.7476,265.7476,265.7476,332.1844,332.1844,4.000000,4.000000,4.000000,5.000000,5.000000,96.000000,96.000000,96.000000,95.000000,95.000000,5.0,1461.6115,1338.8744,5182.0773,5304.8144,PENDING_AG03,FALSE,NOT_FOR_ENFORCEMENT,6377.9413,134774.0995,6643.6888,6377.9413,265.7476,0.04397579,0.04221676,265.7476,6377.9413,0.04221676,265.7476,265.7476,265.7476,332.1844,332.1844,6377.9413,0.04221676,1461.6115,1338.8744,5182.0773,5304.8144,0.03430112,0.03511354,0.00175903,211.2952,295.5572,13.9867,369.0938,47.1184,8393.1136,26.3889,,211.2952,21.0824,109.6283,221.0802,632.4711,1038.5726,1054.1184,103.8573,-11.0045,9.47358,9.615384,1.927378,30,83,23,8,0E-8,0.04397579,,0E-8,0.000000,0.929265,0.000000,,2026-03-24,2026-06-13,18,141,123,82,0.219512,,,0.000000,,,,,,,,GLOBAL_BASELINE_NO_ENTITY_RANKING,,,NOT_APPLICABLE_GLOBAL_BASELINE,HF9g-P5,,,,X 全窗基线 · 不参与实体赏罚,14193278,1420,A168_HF9F_20260827_0900,2026-08-27 09:00:00
2026-04-14,147455633,2141,0,1054.1184407480,-1054.1184407480,-1054.1184407480,0E-7,1,1,0.49324550000000000,0.493245500000,-0.9865810262130424,-0.9865810262130424,-0.9865810262130424,0E-17,ELIGIBLE,R03b_20260811_FULL_v1,L1_ELIGIBILITY,v2026-08-11,2026-03-21..2026-08-06,baccarat_bet02_101_all_pairs_incl_sentinel,round_win = game_pnl > 0 (decisive only),COMPATIBILITY_ONLY_NOT_PRODUCTION,151076.0443,140389.6870,6643.6888,715,475,-0.04397579,,-0.04397579,-0.04397579,-6643.6888,151076.0443,OK,0.0000,265.7476,4.0000,96.0000,AG03-UNRESOLVED,ALL5_LEVELS_bet23_to_bet27,265.7476,265.7476,265.7476,332.1844,332.1844,4.000000,4.000000,4.000000,5.000000,5.000000,96.000000,96.000000,96.000000,95.000000,95.000000,5.0,1461.6115,1338.8744,5182.0773,5304.8144,PENDING_AG03,FALSE,NOT_FOR_ENFORCEMENT,6377.9413,134774.0995,6643.6888,6377.9413,265.7476,0.04397579,0.04221676,265.7476,6377.9413,0.04221676,265.7476,265.7476,265.7476,332.1844,332.1844,6377.9413,0.04221676,1461.6115,1338.8744,5182.0773,5304.8144,0.03430112,0.03511354,0.00175903,211.2952,295.5572,13.9867,369.0938,47.1184,8393.1136,26.3889,,211.2952,21.0824,109.6283,221.0802,632.4711,1038.5726,1054.1184,103.8573,-11.0045,9.47358,9.615384,1.927378,30,83,23,8,0E-8,0.04397579,,0E-8,0.000000,0.929265,0.000000,,2026-03-24,2026-06-13,18,141,123,82,0.219512,,,0.000000,,,,,,,,GLOBAL_BASELINE_NO_ENTITY_RANKING,,,NOT_APPLICABLE_GLOBAL_BASELINE,HF9g-P5,,,,X 全窗基线 · 不参与实体赏罚,14193279,1420,A168_HF9F_20260827_0900,2026-08-27 09:00:00
2026-04-14,147455633,772,0,948.7065966732,495.4356671516,495.4356671516,0.8000000,5,5,0.50128862000000000,0.501288620000,1.335882339249048,1.335882339249048,1.335882339249048,0E-17,ELIGIBLE,R03b_20260811_FULL_v1,L1_ELIGIBILITY,v2026-08-11,2026-03-21..2026-08-06,baccarat_bet02_101_all_pairs_incl_sentinel,round_win = game_pnl > 0 (decisive only),COMPATIBILITY_ONLY_NOT_PRODUCTION,151076.0443,140389.6870,6643.6888,715,475,-0.04397579,,-0.04397579,-0.04397579,-6643.6888,151076.0443,OK,0.0000,265.7476,4.0000,96.0000,AG03-UNRESOLVED,ALL5_LEVELS_bet23_to_bet27,265.7476,265.7476,265.7476,332.1844,332.1844,4.000000,4.000000,4.000000,5.000000,5.000000,96.000000,96.000000,96.000000,95.000000,95.000000,5.0,1461.6115,1338.8744,5182.0773,5304.8144,PENDING_AG03,FALSE,NOT_FOR_ENFORCEMENT,6377.9413,134774.0995,6643.6888,6377.9413,265.7476,0.04397579,0.04221676,265.7476,6377.9413,0.04221676,265.7476,265.7476,265.7476,332.1844,332.1844,6377.9413,0.04221676,1461.6115,1338.8744,5182.0773,5304.8144,0.03430112,0.03511354,0.00175903,211.2952,295.5572,13.9867,369.0938,47.1184,8393.1136,26.3889,,211.2952,21.0824,109.6283,221.0802,632.4711,1038.5726,1054.1184,103.8573,-11.0045,9.47358,9.615384,1.927378,30,83,23,8,0E-8,0.04397579,,0E-8,0.000000,0.929265,0.000000,,2026-03-24,2026-06-13,18,141,123,82,0.219512,,,0.000000,,,,,,,,GLOBAL_BASELINE_NO_ENTITY_RANKING,,,NOT_APPLICABLE_GLOBAL_BASELINE,HF9g-P5,,,,X 全窗基线 · 不参与实体赏罚,14193280,1420,A168_HF9F_20260827_0900,2026-08-27 09:00:00
2026-04-14,147455633,994,0,320.4520059874,-2.1082368815,-2.1082368815,0.5000000,3,3,0.49324550000000000,0.493245500000,0.01910635448239258,0.01910635448239258,0.01910635448239258,0E-17,ELIGIBLE,R03b_20260811_FULL_v1,L1_ELIGIBILITY,v2026-08-11,2026-03-21..2026-08-06,baccarat_bet02_101_all_pairs_incl_sentinel,round_win = game_pnl > 0 (decisive only),COMPATIBILITY_ONLY_NOT_PRODUCTION,151076.0443,140389.6870,6643.6888,715,475,-0.04397579,,-0.04397579,-0.04397579,-6643.6888,151076.0443,OK,0.0000,265.7476,4.0000,96.0000,AG03-UNRESOLVED,ALL5_LEVELS_bet23_to_bet27,265.7476,265.7476,265.7476,332.1844,332.1844,4.000000,4.000000,4.000000,5.000000,5.000000,96.000000,96.000000,96.000000,95.000000,95.000000,5.0,1461.6115,1338.8744,5182.0773,5304.8144,PENDING_AG03,FALSE,NOT_FOR_ENFORCEMENT,6377.9413,134774.0995,6643.6888,6377.9413,265.7476,0.04397579,0.04221676,265.7476,6377.9413,0.04221676,265.7476,265.7476,265.7476,332.1844,332.1844,6377.9413,0.04221676,1461.6115,1338.8744,5182.0773,5304.8144,0.03430112,0.03511354,0.00175903,211.2952,295.5572,13.9867,369.0938,47.1184,8393.1136,26.3889,,211.2952,21.0824,109.6283,221.0802,632.4711,1038.5726,1054.1184,103.8573,-11.0045,9.47358,9.615384,1.927378,30,83,23,8,0E-8,0.04397579,,0E-8,0.000000,0.929265,0.000000,,2026-03-24,2026-06-13,18,141,123,82,0.219512,,,0.000000,,,,,,,,GLOBAL_BASELINE_NO_ENTITY_RANKING,,,NOT_APPLICABLE_GLOBAL_BASELINE,HF9g-P5,,,,X 全窗基线 · 不参与实体赏罚,14193281,1420,A168_HF9F_20260827_0900,2026-08-27 09:00:00
2026-04-24,147455633,-1,1,1382.5817468851,-750.1106824363,-750.1106824363,0E-7,3,3,0.49324550000000000,0.493245500000,-1.3952362676504506,-1.3952362676504506,-1.3952362676504506,0E-17,SENTINEL_DEALER,R03b_20260811_FULL_v1,L1_ELIGIBILITY,v2026-08-11,2026-03-21..2026-08-06,baccarat_bet02_101_all_pairs_incl_sentinel,round_win = game_pnl > 0 (decisive only),COMPATIBILITY_ONLY_NOT_PRODUCTION,151076.0443,140389.6870,6643.6888,715,475,-0.04397579,,-0.04397579,-0.04397579,-6643.6888,151076.0443,OK,0.0000,265.7476,4.0000,96.0000,AG03-UNRESOLVED,ALL5_LEVELS_bet23_to_bet27,265.7476,265.7476,265.7476,332.1844,332.1844,4.000000,4.000000,4.000000,5.000000,5.000000,96.000000,96.000000,96.000000,95.000000,95.000000,5.0,1461.6115,1338.8744,5182.0773,5304.8144,PENDING_AG03,FALSE,NOT_FOR_ENFORCEMENT,6377.9413,134774.0995,6643.6888,6377.9413,265.7476,0.04397579,0.04221676,265.7476,6377.9413,0.04221676,265.7476,265.7476,265.7476,332.1844,332.1844,6377.9413,0.04221676,1461.6115,1338.8744,5182.0773,5304.8144,0.03430112,0.03511354,0.00175903,211.2952,295.5572,13.9867,369.0938,47.1184,8393.1136,26.3889,,211.2952,21.0824,109.6283,221.0802,632.4711,1038.5726,1054.1184,103.8573,-11.0045,9.47358,9.615384,1.927378,30,83,23,8,0E-8,0.04397579,,0E-8,0.000000,0.929265,0.000000,,2026-03-24,2026-06-13,18,141,123,82,0.219512,,,0.000000,,,,,,,,GLOBAL_BASELINE_NO_ENTITY_RANKING,,,NOT_APPLICABLE_GLOBAL_BASELINE,HF9g-P5,,,,X 全窗基线 · 不参与实体赏罚,14193282,1420,A168_HF9F_20260827_0900,2026-08-27 09:00:00
2026-04-24,147455633,1318,0,910.9691564944,-793.3295385070,-793.3295385070,0.5000000,2,2,0.49324550000000000,0.493245500000,0.01910635448239258,0.01910635448239258,0.01910635448239258,0E-17,ELIGIBLE,R03b_20260811_FULL_v1,L1_ELIGIBILITY,v2026-08-11,2026-03-21..2026-08-06,baccarat_bet02_101_all_pairs_incl_sentinel,round_win = game_pnl > 0 (decisive only),COMPATIBILITY_ONLY_NOT_PRODUCTION,151076.0443,140389.6870,6643.6888,715,475,-0.04397579,,-0.04397579,-0.04397579,-6643.6888,151076.0443,OK,0.0000,265.7476,4.0000,96.0000,AG03-UNRESOLVED,ALL5_LEVELS_bet23_to_bet27,265.7476,265.7476,265.7476,332.1844,332.1844,4.000000,4.000000,4.000000,5.000000,5.000000,96.000000,96.000000,96.000000,95.000000,95.000000,5.0,1461.6115,1338.8744,5182.0773,5304.8144,PENDING_AG03,FALSE,NOT_FOR_ENFORCEMENT,6377.9413,134774.0995,6643.6888,6377.9413,265.7476,0.04397579,0.04221676,265.7476,6377.9413,0.04221676,265.7476,265.7476,265.7476,332.1844,332.1844,6377.9413,0.04221676,1461.6115,1338.8744,5182.0773,5304.8144,0.03430112,0.03511354,0.00175903,211.2952,295.5572,13.9867,369.0938,47.1184,8393.1136,26.3889,,211.2952,21.0824,109.6283,221.0802,632.4711,1038.5726,1054.1184,103.8573,-11.0045,9.47358,9.615384,1.927378,30,83,23,8,0E-8,0.04397579,,0E-8,0.000000,0.929265,0.000000,,2026-03-24,2026-06-13,18,141,123,82,0.219512,,,0.000000,,,,,,,,GLOBAL_BASELINE_NO_ENTITY_RANKING,,,NOT_APPLICABLE_GLOBAL_BASELINE,HF9g-P5,,,,X 全窗基线 · 不参与实体赏罚,14193283,1420,A168_HF9F_20260827_0900,2026-08-27 09:00:00
2026-04-24,147455633,1383,0,843.2947525984,-843.2947525984,-843.2947525984,0E-7,1,1,0.50665070000000000,0.506650700000,-1.013391052207602,-1.013391052207602,-1.013391052207602,0E-17,ELIGIBLE,R03b_20260811_FULL_v1,L1_ELIGIBILITY,v2026-08-11,2026-03-21..2026-08-06,baccarat_bet02_101_all_pairs_incl_sentinel,round_win = game_pnl > 0 (decisive only),COMPATIBILITY_ONLY_NOT_PRODUCTION,151076.0443,140389.6870,6643.6888,715,475,-0.04397579,,-0.04397579,-0.04397579,-6643.6888,151076.0443,OK,0.0000,265.7476,4.0000,96.0000,AG03-UNRESOLVED,ALL5_LEVELS_bet23_to_bet27,265.7476,265.7476,265.7476,332.1844,332.1844,4.000000,4.000000,4.000000,5.000000,5.000000,96.000000,96.000000,96.000000,95.000000,95.000000,5.0,1461.6115,1338.8744,5182.0773,5304.8144,PENDING_AG03,FALSE,NOT_FOR_ENFORCEMENT,6377.9413,134774.0995,6643.6888,6377.9413,265.7476,0.04397579,0.04221676,265.7476,6377.9413,0.04221676,265.7476,265.7476,265.7476,332.1844,332.1844,6377.9413,0.04221676,1461.6115,1338.8744,5182.0773,5304.8144,0.03430112,0.03511354,0.00175903,211.2952,295.5572,13.9867,369.0938,47.1184,8393.1136,26.3889,,211.2952,21.0824,109.6283,221.0802,632.4711,1038.5726,1054.1184,103.8573,-11.0045,9.47358,9.615384,1.927378,30,83,23,8,0E-8,0.04397579,,0E-8,0.000000,0.929265,0.000000,,2026-03-24,2026-06-13,18,141,123,82,0.219512,,,0.000000,,,,,,,,GLOBAL_BASELINE_NO_ENTITY_RANKING,,,NOT_APPLICABLE_GLOBAL_BASELINE,HF9g-P5,,,,X 全窗基线 · 不参与实体赏罚,14193284,1420,A168_HF9F_20260827_0900,2026-08-27 09:00:00
2026-04-24,147455633,1400,0,3162.3553222440,3056.9434781692,3056.9434781692,1.0000000,3,3,0.50218230000000000,0.502182300000,1.724507524396475,1.7245075243964754,1.724507524396475,0E-17,ELIGIBLE,R03b_20260811_FULL_v1,L1_ELIGIBILITY,v2026-08-11,2026-03-21..2026-08-06,baccarat_bet02_101_all_pairs_incl_sentinel,round_win = game_pnl > 0 (decisive only),COMPATIBILITY_ONLY_NOT_PRODUCTION,151076.0443,140389.6870,6643.6888,715,475,-0.04397579,,-0.04397579,-0.04397579,-6643.6888,151076.0443,OK,0.0000,265.7476,4.0000,96.0000,AG03-UNRESOLVED,ALL5_LEVELS_bet23_to_bet27,265.7476,265.7476,265.7476,332.1844,332.1844,4.000000,4.000000,4.000000,5.000000,5.000000,96.000000,96.000000,96.000000,95.000000,95.000000,5.0,1461.6115,1338.8744,5182.0773,5304.8144,PENDING_AG03,FALSE,NOT_FOR_ENFORCEMENT,6377.9413,134774.0995,6643.6888,6377.9413,265.7476,0.04397579,0.04221676,265.7476,6377.9413,0.04221676,265.7476,265.7476,265.7476,332.1844,332.1844,6377.9413,0.04221676,1461.6115,1338.8744,5182.0773,5304.8144,0.03430112,0.03511354,0.00175903,211.2952,295.5572,13.9867,369.0938,47.1184,8393.1136,26.3889,,211.2952,21.0824,109.6283,221.0802,632.4711,1038.5726,1054.1184,103.8573,-11.0045,9.47358,9.615384,1.927378,30,83,23,8,0E-8,0.04397579,,0E-8,0.000000,0.929265,0.000000,,2026-03-24,2026-06-13,18,141,123,82,0.219512,,,0.000000,,,,,,,,GLOBAL_BASELINE_NO_ENTITY_RANKING,,,NOT_APPLICABLE_GLOBAL_BASELINE,HF9g-P5,,,,X 全窗基线 · 不参与实体赏罚,14193285,1420,A168_HF9F_20260827_0900,2026-08-27 09:00:00
2026-04-24,147455633,1654,0,632.4710644488,-632.4710644488,-632.4710644488,0E-7,1,1,0.49324550000000000,0.493245500000,-0.9865810262130424,-0.9865810262130424,-0.9865810262130424,0E-17,ELIGIBLE,R03b_20260811_FULL_v1,L1_ELIGIBILITY,v2026-08-11,2026-03-21..2026-08-06,baccarat_bet02_101_all_pairs_incl_sentinel,round_win = game_pnl > 0 (decisive only),COMPATIBILITY_ONLY_NOT_PRODUCTION,151076.0443,140389.6870,6643.6888,715,475,-0.04397579,,-0.04397579,-0.04397579,-6643.6888,151076.0443,OK,0.0000,265.7476,4.0000,96.0000,AG03-UNRESOLVED,ALL5_LEVELS_bet23_to_bet27,265.7476,265.7476,265.7476,332.1844,332.1844,4.000000,4.000000,4.000000,5.000000,5.000000,96.000000,96.000000,96.000000,95.000000,95.000000,5.0,1461.6115,1338.8744,5182.0773,5304.8144,PENDING_AG03,FALSE,NOT_FOR_ENFORCEMENT,6377.9413,134774.0995,6643.6888,6377.9413,265.7476,0.04397579,0.04221676,265.7476,6377.9413,0.04221676,265.7476,265.7476,265.7476,332.1844,332.1844,6377.9413,0.04221676,1461.6115,1338.8744,5182.0773,5304.8144,0.03430112,0.03511354,0.00175903,211.2952,295.5572,13.9867,369.0938,47.1184,8393.1136,26.3889,,211.2952,21.0824,109.6283,221.0802,632.4711,1038.5726,1054.1184,103.8573,-11.0045,9.47358,9.615384,1.927378,30,83,23,8,0E-8,0.04397579,,0E-8,0.000000,0.929265,0.000000,,2026-03-24,2026-06-13,18,141,123,82,0.219512,,,0.000000,,,,,,,,GLOBAL_BASELINE_NO_ENTITY_RANKING,,,NOT_APPLICABLE_GLOBAL_BASELINE,HF9g-P5,,,,X 全窗基线 · 不参与实体赏罚,14193286,1420,A168_HF9F_20260827_0900,2026-08-27 09:00:00
2026-04-24,147455633,1951,0,2108.2368814960,-52.7059220374,-52.7059220374,0.5000000,2,2,0.50665070000000000,0.506650700000,-0.018812684590367487,-0.018812684590367487,-0.018812684590367487,0E-17,ELIGIBLE,R03b_20260811_FULL_v1,L1_ELIGIBILITY,v2026-08-11,2026-03-21..2026-08-06,baccarat_bet02_101_all_pairs_incl_sentinel,round_win = game_pnl > 0 (decisive only),COMPATIBILITY_ONLY_NOT_PRODUCTION,151076.0443,140389.6870,6643.6888,715,475,-0.04397579,,-0.04397579,-0.04397579,-6643.6888,151076.0443,OK,0.0000,265.7476,4.0000,96.0000,AG03-UNRESOLVED,ALL5_LEVELS_bet23_to_bet27,265.7476,265.7476,265.7476,332.1844,332.1844,4.000000,4.000000,4.000000,5.000000,5.000000,96.000000,96.000000,96.000000,95.000000,95.000000,5.0,1461.6115,1338.8744,5182.0773,5304.8144,PENDING_AG03,FALSE,NOT_FOR_ENFORCEMENT,6377.9413,134774.0995,6643.6888,6377.9413,265.7476,0.04397579,0.04221676,265.7476,6377.9413,0.04221676,265.7476,265.7476,265.7476,332.1844,332.1844,6377.9413,0.04221676,1461.6115,1338.8744,5182.0773,5304.8144,0.03430112,0.03511354,0.00175903,211.2952,295.5572,13.9867,369.0938,47.1184,8393.1136,26.3889,,211.2952,21.0824,109.6283,221.0802,632.4711,1038.5726,1054.1184,103.8573,-11.0045,9.47358,9.615384,1.927378,30,83,23,8,0E-8,0.04397579,,0E-8,0.000000,0.929265,0.000000,,2026-03-24,2026-06-13,18,141,123,82,0.219512,,,0.000000,,,,,,,,GLOBAL_BASELINE_NO_ENTITY_RANKING,,,NOT_APPLICABLE_GLOBAL_BASELINE,HF9g-P5,,,,X 全窗基线 · 不参与实体赏罚,14193287,1420,A168_HF9F_20260827_0900,2026-08-27 09:00:00
2026-04-24,147455633,2082,0,527.0592203740,-527.0592203740,-527.0592203740,0E-7,1,1,0.50665070000000000,0.506650700000,-1.013391052207602,-1.013391052207602,-1.013391052207602,0E-17,ELIGIBLE,R03b_20260811_FULL_v1,L1_ELIGIBILITY,v2026-08-11,2026-03-21..2026-08-06,baccarat_bet02_101_all_pairs_incl_sentinel,round_win = game_pnl > 0 (decisive only),COMPATIBILITY_ONLY_NOT_PRODUCTION,151076.0443,140389.6870,6643.6888,715,475,-0.04397579,,-0.04397579,-0.04397579,-6643.6888,151076.0443,OK,0.0000,265.7476,4.0000,96.0000,AG03-UNRESOLVED,ALL5_LEVELS_bet23_to_bet27,265.7476,265.7476,265.7476,332.1844,332.1844,4.000000,4.000000,4.000000,5.000000,5.000000,96.000000,96.000000,96.000000,95.000000,95.000000,5.0,1461.6115,1338.8744,5182.0773,5304.8144,PENDING_AG03,FALSE,NOT_FOR_ENFORCEMENT,6377.9413,134774.0995,6643.6888,6377.9413,265.7476,0.04397579,0.04221676,265.7476,6377.9413,0.04221676,265.7476,265.7476,265.7476,332.1844,332.1844,6377.9413,0.04221676,1461.6115,1338.8744,5182.0773,5304.8144,0.03430112,0.03511354,0.00175903,211.2952,295.5572,13.9867,369.0938,47.1184,8393.1136,26.3889,,211.2952,21.0824,109.6283,221.0802,632.4711,1038.5726,1054.1184,103.8573,-11.0045,9.47358,9.615384,1.927378,30,83,23,8,0E-8,0.04397579,,0E-8,0.000000,0.929265,0.000000,,2026-03-24,2026-06-13,18,141,123,82,0.219512,,,0.000000,,,,,,,,GLOBAL_BASELINE_NO_ENTITY_RANKING,,,NOT_APPLICABLE_GLOBAL_BASELINE,HF9g-P5,,,,X 全窗基线 · 不参与实体赏罚,14193288,1420,A168_HF9F_20260827_0900,2026-08-27 09:00:00
2026-04-24,147455633,2141,0,1792.0013492716,-1792.0013492716,-1792.0013492716,0E-7,2,2,0.49324550000000000,0.493245500000,-1.3952362676504506,-1.3952362676504506,-1.3952362676504506,0E-17,ELIGIBLE,R03b_20260811_FULL_v1,L1_ELIGIBILITY,v2026-08-11,2026-03-21..2026-08-06,baccarat_bet02_101_all_pairs_incl_sentinel,round_win = game_pnl > 0 (decisive only),COMPATIBILITY_ONLY_NOT_PRODUCTION,151076.0443,140389.6870,6643.6888,715,475,-0.04397579,,-0.04397579,-0.04397579,-6643.6888,151076.0443,OK,0.0000,265.7476,4.0000,96.0000,AG03-UNRESOLVED,ALL5_LEVELS_bet23_to_bet27,265.7476,265.7476,265.7476,332.1844,332.1844,4.000000,4.000000,4.000000,5.000000,5.000000,96.000000,96.000000,96.000000,95.000000,95.000000,5.0,1461.6115,1338.8744,5182.0773,5304.8144,PENDING_AG03,FALSE,NOT_FOR_ENFORCEMENT,6377.9413,134774.0995,6643.6888,6377.9413,265.7476,0.04397579,0.04221676,265.7476,6377.9413,0.04221676,265.7476,265.7476,265.7476,332.1844,332.1844,6377.9413,0.04221676,1461.6115,1338.8744,5182.0773,5304.8144,0.03430112,0.03511354,0.00175903,211.2952,295.5572,13.9867,369.0938,47.1184,8393.1136,26.3889,,211.2952,21.0824,109.6283,221.0802,632.4711,1038.5726,1054.1184,103.8573,-11.0045,9.47358,9.615384,1.927378,30,83,23,8,0E-8,0.04397579,,0E-8,0.000000,0.929265,0.000000,,2026-03-24,2026-06-13,18,141,123,82,0.219512,,,0.000000,,,,,,,,GLOBAL_BASELINE_NO_ENTITY_RANKING,,,NOT_APPLICABLE_GLOBAL_BASELINE,HF9g-P5,,,,X 全窗基线 · 不参与实体赏罚,14193289,1420,A168_HF9F_20260827_0900,2026-08-27 09:00:00
2026-04-24,147455633,2145,0,3162.3553222440,-1475.7658170472,-1475.7658170472,0.2500000,4,4,0.49994810000000000,0.499948100000,-0.9997924053861017,-0.9997924053861017,-0.9997924053861017,0E-17,ELIGIBLE,R03b_20260811_FULL_v1,L1_ELIGIBILITY,v2026-08-11,2026-03-21..2026-08-06,baccarat_bet02_101_all_pairs_incl_sentinel,round_win = game_pnl > 0 (decisive only),COMPATIBILITY_ONLY_NOT_PRODUCTION,151076.0443,140389.6870,6643.6888,715,475,-0.04397579,,-0.04397579,-0.04397579,-6643.6888,151076.0443,OK,0.0000,265.7476,4.0000,96.0000,AG03-UNRESOLVED,ALL5_LEVELS_bet23_to_bet27,265.7476,265.7476,265.7476,332.1844,332.1844,4.000000,4.000000,4.000000,5.000000,5.000000,96.000000,96.000000,96.000000,95.000000,95.000000,5.0,1461.6115,1338.8744,5182.0773,5304.8144,PENDING_AG03,FALSE,NOT_FOR_ENFORCEMENT,6377.9413,134774.0995,6643.6888,6377.9413,265.7476,0.04397579,0.04221676,265.7476,6377.9413,0.04221676,265.7476,265.7476,265.7476,332.1844,332.1844,6377.9413,0.04221676,1461.6115,1338.8744,5182.0773,5304.8144,0.03430112,0.03511354,0.00175903,211.2952,295.5572,13.9867,369.0938,47.1184,8393.1136,26.3889,,211.2952,21.0824,109.6283,221.0802,632.4711,1038.5726,1054.1184,103.8573,-11.0045,9.47358,9.615384,1.927378,30,83,23,8,0E-8,0.04397579,,0E-8,0.000000,0.929265,0.000000,,2026-03-24,2026-06-13,18,141,123,82,0.219512,,,0.000000,,,,,,,,GLOBAL_BASELINE_NO_ENTITY_RANKING,,,NOT_APPLICABLE_GLOBAL_BASELINE,HF9g-P5,,,,X 全窗基线 · 不参与实体赏罚,14193290,1420,A168_HF9F_20260827_0900,2026-08-27 09:00:00
2026-04-24,147455633,2153,0,6609.3226234899,3162.8823814644,3162.8823814644,0.7142857,8,8,0.49994810000000000,0.499948100000,1.134168054123783,1.134168054123783,1.134168054123783,0E-17,ELIGIBLE,R03b_20260811_FULL_v1,L1_ELIGIBILITY,v2026-08-11,2026-03-21..2026-08-06,baccarat_bet02_101_all_pairs_incl_sentinel,round_win = game_pnl > 0 (decisive only),COMPATIBILITY_ONLY_NOT_PRODUCTION,151076.0443,140389.6870,6643.6888,715,475,-0.04397579,,-0.04397579,-0.04397579,-6643.6888,151076.0443,OK,0.0000,265.7476,4.0000,96.0000,AG03-UNRESOLVED,ALL5_LEVELS_bet23_to_bet27,265.7476,265.7476,265.7476,332.1844,332.1844,4.000000,4.000000,4.000000,5.000000,5.000000,96.000000,96.000000,96.000000,95.000000,95.000000,5.0,1461.6115,1338.8744,5182.0773,5304.8144,PENDING_AG03,FALSE,NOT_FOR_ENFORCEMENT,6377.9413,134774.0995,6643.6888,6377.9413,265.7476,0.04397579,0.04221676,265.7476,6377.9413,0.04221676,265.7476,265.7476,265.7476,332.1844,332.1844,6377.9413,0.04221676,1461.6115,1338.8744,5182.0773,5304.8144,0.03430112,0.03511354,0.00175903,211.2952,295.5572,13.9867,369.0938,47.1184,8393.1136,26.3889,,211.2952,21.0824,109.6283,221.0802,632.4711,1038.5726,1054.1184,103.8573,-11.0045,9.47358,9.615384,1.927378,30,83,23,8,0E-8,0.04397579,,0E-8,0.000000,0.929265,0.000000,,2026-03-24,2026-06-13,18,141,123,82,0.219512,,,0.000000,,,,,,,,GLOBAL_BASELINE_NO_ENTITY_RANKING,,,NOT_APPLICABLE_GLOBAL_BASELINE,HF9g-P5,,,,X 全窗基线 · 不参与实体赏罚,14193291,1420,A168_HF9F_20260827_0900,2026-08-27 09:00:00
2026-04-24,147455633,2156,0,632.4710644488,-632.4710644488,-632.4710644488,0E-7,1,1,0.50665070000000000,0.506650700000,-1.013391052207602,-1.013391052207602,-1.013391052207602,0E-17,ELIGIBLE,R03b_20260811_FULL_v1,L1_ELIGIBILITY,v2026-08-11,2026-03-21..2026-08-06,baccarat_bet02_101_all_pairs_incl_sentinel,round_win = game_pnl > 0 (decisive only),COMPATIBILITY_ONLY_NOT_PRODUCTION,151076.0443,140389.6870,6643.6888,715,475,-0.04397579,,-0.04397579,-0.04397579,-6643.6888,151076.0443,OK,0.0000,265.7476,4.0000,96.0000,AG03-UNRESOLVED,ALL5_LEVELS_bet23_to_bet27,265.7476,265.7476,265.7476,332.1844,332.1844,4.000000,4.000000,4.000000,5.000000,5.000000,96.000000,96.000000,96.000000,95.000000,95.000000,5.0,1461.6115,1338.8744,5182.0773,5304.8144,PENDING_AG03,FALSE,NOT_FOR_ENFORCEMENT,6377.9413,134774.0995,6643.6888,6377.9413,265.7476,0.04397579,0.04221676,265.7476,6377.9413,0.04221676,265.7476,265.7476,265.7476,332.1844,332.1844,6377.9413,0.04221676,1461.6115,1338.8744,5182.0773,5304.8144,0.03430112,0.03511354,0.00175903,211.2952,295.5572,13.9867,369.0938,47.1184,8393.1136,26.3889,,211.2952,21.0824,109.6283,221.0802,632.4711,1038.5726,1054.1184,103.8573,-11.0045,9.47358,9.615384,1.927378,30,83,23,8,0E-8,0.04397579,,0E-8,0.000000,0.929265,0.000000,,2026-03-24,2026-06-13,18,141,123,82,0.219512,,,0.000000,,,,,,,,GLOBAL_BASELINE_NO_ENTITY_RANKING,,,NOT_APPLICABLE_GLOBAL_BASELINE,HF9g-P5,,,,X 全窗基线 · 不参与实体赏罚,14193292,1420,A168_HF9F_20260827_0900,2026-08-27 09:00:00
2026-04-24,147455633,2220,0,1054.1184407480,-1054.1184407480,-1054.1184407480,0E-7,1,1,0.50665070000000000,0.506650700000,-1.013391052207602,-1.013391052207602,-1.013391052207602,0E-17,ELIGIBLE,R03b_20260811_FULL_v1,L1_ELIGIBILITY,v2026-08-11,2026-03-21..2026-08-06,baccarat_bet02_101_all_pairs_incl_sentinel,round_win = game_pnl > 0 (decisive only),COMPATIBILITY_ONLY_NOT_PRODUCTION,151076.0443,140389.6870,6643.6888,715,475,-0.04397579,,-0.04397579,-0.04397579,-6643.6888,151076.0443,OK,0.0000,265.7476,4.0000,96.0000,AG03-UNRESOLVED,ALL5_LEVELS_bet23_to_bet27,265.7476,265.7476,265.7476,332.1844,332.1844,4.000000,4.000000,4.000000,5.000000,5.000000,96.000000,96.000000,96.000000,95.000000,95.000000,5.0,1461.6115,1338.8744,5182.0773,5304.8144,PENDING_AG03,FALSE,NOT_FOR_ENFORCEMENT,6377.9413,134774.0995,6643.6888,6377.9413,265.7476,0.04397579,0.04221676,265.7476,6377.9413,0.04221676,265.7476,265.7476,265.7476,332.1844,332.1844,6377.9413,0.04221676,1461.6115,1338.8744,5182.0773,5304.8144,0.03430112,0.03511354,0.00175903,211.2952,295.5572,13.9867,369.0938,47.1184,8393.1136,26.3889,,211.2952,21.0824,109.6283,221.0802,632.4711,1038.5726,1054.1184,103.8573,-11.0045,9.47358,9.615384,1.927378,30,83,23,8,0E-8,0.04397579,,0E-8,0.000000,0.929265,0.000000,,2026-03-24,2026-06-13,18,141,123,82,0.219512,,,0.000000,,,,,,,,GLOBAL_BASELINE_NO_ENTITY_RANKING,,,NOT_APPLICABLE_GLOBAL_BASELINE,HF9g-P5,,,,X 全窗基线 · 不参与实体赏罚,14193293,1420,A168_HF9F_20260827_0900,2026-08-27 09:00:00
2026-04-24,147455633,2224,0,1359.8127885649,-44.2729745114,-44.2729745114,0.5000000,3,2,0.50348110076922476,0.403638725000,-0.009846278478179283,0.27775789067037676,-0.009846278478179283,0.09984237576922476,ELIGIBLE,R03b_20260811_FULL_v1,L1_ELIGIBILITY,v2026-08-11,2026-03-21..2026-08-06,baccarat_bet02_101_all_pairs_incl_sentinel,round_win = game_pnl > 0 (decisive only),COMPATIBILITY_ONLY_NOT_PRODUCTION,151076.0443,140389.6870,6643.6888,715,475,-0.04397579,,-0.04397579,-0.04397579,-6643.6888,151076.0443,OK,0.0000,265.7476,4.0000,96.0000,AG03-UNRESOLVED,ALL5_LEVELS_bet23_to_bet27,265.7476,265.7476,265.7476,332.1844,332.1844,4.000000,4.000000,4.000000,5.000000,5.000000,96.000000,96.000000,96.000000,95.000000,95.000000,5.0,1461.6115,1338.8744,5182.0773,5304.8144,PENDING_AG03,FALSE,NOT_FOR_ENFORCEMENT,6377.9413,134774.0995,6643.6888,6377.9413,265.7476,0.04397579,0.04221676,265.7476,6377.9413,0.04221676,265.7476,265.7476,265.7476,332.1844,332.1844,6377.9413,0.04221676,1461.6115,1338.8744,5182.0773,5304.8144,0.03430112,0.03511354,0.00175903,211.2952,295.5572,13.9867,369.0938,47.1184,8393.1136,26.3889,,211.2952,21.0824,109.6283,221.0802,632.4711,1038.5726,1054.1184,103.8573,-11.0045,9.47358,9.615384,1.927378,30,83,23,8,0E-8,0.04397579,,0E-8,0.000000,0.929265,0.000000,,2026-03-24,2026-06-13,18,141,123,82,0.219512,,,0.000000,,,,,,,,GLOBAL_BASELINE_NO_ENTITY_RANKING,,,NOT_APPLICABLE_GLOBAL_BASELINE,HF9g-P5,,,,X 全窗基线 · 不参与实体赏罚,14193294,1420,A168_HF9F_20260827_0900,2026-08-27 09:00:00
2026-04-24,147455633,2229,0,1897.4131933464,-632.4710644488,-632.4710644488,0.3333333,4,3,0.48753987777778225,0.429039250000,-0.5343530870414418,-0.3349251612454109,-0.5343530870414418,0.05850062777778225,ELIGIBLE,R03b_20260811_FULL_v1,L1_ELIGIBILITY,v2026-08-11,2026-03-21..2026-08-06,baccarat_bet02_101_all_pairs_incl_sentinel,round_win = game_pnl > 0 (decisive only),COMPATIBILITY_ONLY_NOT_PRODUCTION,151076.0443,140389.6870,6643.6888,715,475,-0.04397579,,-0.04397579,-0.04397579,-6643.6888,151076.0443,OK,0.0000,265.7476,4.0000,96.0000,AG03-UNRESOLVED,ALL5_LEVELS_bet23_to_bet27,265.7476,265.7476,265.7476,332.1844,332.1844,4.000000,4.000000,4.000000,5.000000,5.000000,96.000000,96.000000,96.000000,95.000000,95.000000,5.0,1461.6115,1338.8744,5182.0773,5304.8144,PENDING_AG03,FALSE,NOT_FOR_ENFORCEMENT,6377.9413,134774.0995,6643.6888,6377.9413,265.7476,0.04397579,0.04221676,265.7476,6377.9413,0.04221676,265.7476,265.7476,265.7476,332.1844,332.1844,6377.9413,0.04221676,1461.6115,1338.8744,5182.0773,5304.8144,0.03430112,0.03511354,0.00175903,211.2952,295.5572,13.9867,369.0938,47.1184,8393.1136,26.3889,,211.2952,21.0824,109.6283,221.0802,632.4711,1038.5726,1054.1184,103.8573,-11.0045,9.47358,9.615384,1.927378,30,83,23,8,0E-8,0.04397579,,0E-8,0.000000,0.929265,0.000000,,2026-03-24,2026-06-13,18,141,123,82,0.219512,,,0.000000,,,,,,,,GLOBAL_BASELINE_NO_ENTITY_RANKING,,,NOT_APPLICABLE_GLOBAL_BASELINE,HF9g-P5,,,,X 全窗基线 · 不参与实体赏罚,14193295,1420,A168_HF9F_20260827_0900,2026-08-27 09:00:00
2026-04-24,147455633,752,0,1054.1184407480,-1054.1184407480,-1054.1184407480,0E-7,1,1,0.50665070000000000,0.506650700000,-1.013391052207602,-1.013391052207602,-1.013391052207602,0E-17,ELIGIBLE,R03b_20260811_FULL_v1,L1_ELIGIBILITY,v2026-08-11,2026-03-21..2026-08-06,baccarat_bet02_101_all_pairs_incl_sentinel,round_win = game_pnl > 0 (decisive only),COMPATIBILITY_ONLY_NOT_PRODUCTION,151076.0443,140389.6870,6643.6888,715,475,-0.04397579,,-0.04397579,-0.04397579,-6643.6888,151076.0443,OK,0.0000,265.7476,4.0000,96.0000,AG03-UNRESOLVED,ALL5_LEVELS_bet23_to_bet27,265.7476,265.7476,265.7476,332.1844,332.1844,4.000000,4.000000,4.000000,5.000000,5.000000,96.000000,96.000000,96.000000,95.000000,95.000000,5.0,1461.6115,1338.8744,5182.0773,5304.8144,PENDING_AG03,FALSE,NOT_FOR_ENFORCEMENT,6377.9413,134774.0995,6643.6888,6377.9413,265.7476,0.04397579,0.04221676,265.7476,6377.9413,0.04221676,265.7476,265.7476,265.7476,332.1844,332.1844,6377.9413,0.04221676,1461.6115,1338.8744,5182.0773,5304.8144,0.03430112,0.03511354,0.00175903,211.2952,295.5572,13.9867,369.0938,47.1184,8393.1136,26.3889,,211.2952,21.0824,109.6283,221.0802,632.4711,1038.5726,1054.1184,103.8573,-11.0045,9.47358,9.615384,1.927378,30,83,23,8,0E-8,0.04397579,,0E-8,0.000000,0.929265,0.000000,,2026-03-24,2026-06-13,18,141,123,82,0.219512,,,0.000000,,,,,,,,GLOBAL_BASELINE_NO_ENTITY_RANKING,,,NOT_APPLICABLE_GLOBAL_BASELINE,HF9g-P5,,,,X 全窗基线 · 不参与实体赏罚,14193296,1420,A168_HF9F_20260827_0900,2026-08-27 09:00:00
2026-04-27,147455633,1382,0,105.4118440748,100.1412518711,100.1412518711,1.0000000,1,1,0.50665070000000000,0.506650700000,0.9867858985152569,0.9867858985152569,0.9867858985152569,0E-17,ELIGIBLE,R03b_20260811_FULL_v1,L1_ELIGIBILITY,v2026-08-11,2026-03-21..2026-08-06,baccarat_bet02_101_all_pairs_incl_sentinel,round_win = game_pnl > 0 (decisive only),COMPATIBILITY_ONLY_NOT_PRODUCTION,151076.0443,140389.6870,6643.6888,715,475,-0.04397579,,-0.04397579,-0.04397579,-6643.6888,151076.0443,OK,0.0000,265.7476,4.0000,96.0000,AG03-UNRESOLVED,ALL5_LEVELS_bet23_to_bet27,265.7476,265.7476,265.7476,332.1844,332.1844,4.000000,4.000000,4.000000,5.000000,5.000000,96.000000,96.000000,96.000000,95.000000,95.000000,5.0,1461.6115,1338.8744,5182.0773,5304.8144,PENDING_AG03,FALSE,NOT_FOR_ENFORCEMENT,6377.9413,134774.0995,6643.6888,6377.9413,265.7476,0.04397579,0.04221676,265.7476,6377.9413,0.04221676,265.7476,265.7476,265.7476,332.1844,332.1844,6377.9413,0.04221676,1461.6115,1338.8744,5182.0773,5304.8144,0.03430112,0.03511354,0.00175903,211.2952,295.5572,13.9867,369.0938,47.1184,8393.1136,26.3889,,211.2952,21.0824,109.6283,221.0802,632.4711,1038.5726,1054.1184,103.8573,-11.0045,9.47358,9.615384,1.927378,30,83,23,8,0E-8,0.04397579,,0E-8,0.000000,0.929265,0.000000,,2026-03-24,2026-06-13,18,141,123,82,0.219512,,,0.000000,,,,,,,,GLOBAL_BASELINE_NO_ENTITY_RANKING,,,NOT_APPLICABLE_GLOBAL_BASELINE,HF9g-P5,,,,X 全窗基线 · 不参与实体赏罚,14193297,1420,A168_HF9F_20260827_0900,2026-08-27 09:00:00
2026-04-27,147455633,2103,0,231.9060569646,226.6354647609,226.6354647609,1.0000000,3,3,0.49771390000000000,0.497713900000,1.739988277604938,1.739988277604938,1.739988277604938,0E-17,ELIGIBLE,R03b_20260811_FULL_v1,L1_ELIGIBILITY,v2026-08-11,2026-03-21..2026-08-06,baccarat_bet02_101_all_pairs_incl_sentinel,round_win = game_pnl > 0 (decisive only),COMPATIBILITY_ONLY_NOT_PRODUCTION,151076.0443,140389.6870,6643.6888,715,475,-0.04397579,,-0.04397579,-0.04397579,-6643.6888,151076.0443,OK,0.0000,265.7476,4.0000,96.0000,AG03-UNRESOLVED,ALL5_LEVELS_bet23_to_bet27,265.7476,265.7476,265.7476,332.1844,332.1844,4.000000,4.000000,4.000000,5.000000,5.000000,96.000000,96.000000,96.000000,95.000000,95.000000,5.0,1461.6115,1338.8744,5182.0773,5304.8144,PENDING_AG03,FALSE,NOT_FOR_ENFORCEMENT,6377.9413,134774.0995,6643.6888,6377.9413,265.7476,0.04397579,0.04221676,265.7476,6377.9413,0.04221676,265.7476,265.7476,265.7476,332.1844,332.1844,6377.9413,0.04221676,1461.6115,1338.8744,5182.0773,5304.8144,0.03430112,0.03511354,0.00175903,211.2952,295.5572,13.9867,369.0938,47.1184,8393.1136,26.3889,,211.2952,21.0824,109.6283,221.0802,632.4711,1038.5726,1054.1184,103.8573,-11.0045,9.47358,9.615384,1.927378,30,83,23,8,0E-8,0.04397579,,0E-8,0.000000,0.929265,0.000000,,2026-03-24,2026-06-13,18,141,123,82,0.219512,,,0.000000,,,,,,,,GLOBAL_BASELINE_NO_ENTITY_RANKING,,,NOT_APPLICABLE_GLOBAL_BASELINE,HF9g-P5,,,,X 全窗基线 · 不参与实体赏罚,14193298,1420,A168_HF9F_20260827_0900,2026-08-27 09:00:00
2026-04-27,147455633,2106,0,516.5180359665,115.9530284823,115.9530284823,0.6000000,5,5,0.49592654000000000,0.495926540000,0.46544610904919037,0.46544610904919037,0.46544610904919037,0E-17,ELIGIBLE,R03b_20260811_FULL_v1,L1_ELIGIBILITY,v2026-08-11,2026-03-21..2026-08-06,baccarat_bet02_101_all_pairs_incl_sentinel,round_win = game_pnl > 0 (decisive only),COMPATIBILITY_ONLY_NOT_PRODUCTION,151076.0443,140389.6870,6643.6888,715,475,-0.04397579,,-0.04397579,-0.04397579,-6643.6888,151076.0443,OK,0.0000,265.7476,4.0000,96.0000,AG03-UNRESOLVED,ALL5_LEVELS_bet23_to_bet27,265.7476,265.7476,265.7476,332.1844,332.1844,4.000000,4.000000,4.000000,5.000000,5.000000,96.000000,96.000000,96.000000,95.000000,95.000000,5.0,1461.6115,1338.8744,5182.0773,5304.8144,PENDING_AG03,FALSE,NOT_FOR_ENFORCEMENT,6377.9413,134774.0995,6643.6888,6377.9413,265.7476,0.04397579,0.04221676,265.7476,6377.9413,0.04221676,265.7476,265.7476,265.7476,332.1844,332.1844,6377.9413,0.04221676,1461.6115,1338.8744,5182.0773,5304.8144,0.03430112,0.03511354,0.00175903,211.2952,295.5572,13.9867,369.0938,47.1184,8393.1136,26.3889,,211.2952,21.0824,109.6283,221.0802,632.4711,1038.5726,1054.1184,103.8573,-11.0045,9.47358,9.615384,1.927378,30,83,23,8,0E-8,0.04397579,,0E-8,0.000000,0.929265,0.000000,,2026-03-24,2026-06-13,18,141,123,82,0.219512,,,0.000000,,,,,,,,GLOBAL_BASELINE_NO_ENTITY_RANKING,,,NOT_APPLICABLE_GLOBAL_BASELINE,HF9g-P5,,,,X 全窗基线 · 不参与实体赏罚,14193299,1420,A168_HF9F_20260827_0900,2026-08-27 09:00:00
2026-04-28,147455633,1325,0,78.0047646154,74.1045263846,74.1045263846,1.0000000,1,1,0.50665070000000000,0.506650700000,0.9867858985152569,0.9867858985152569,0.9867858985152569,0E-17,ELIGIBLE,R03b_20260811_FULL_v1,L1_ELIGIBILITY,v2026-08-11,2026-03-21..2026-08-06,baccarat_bet02_101_all_pairs_incl_sentinel,round_win = game_pnl > 0 (decisive only),COMPATIBILITY_ONLY_NOT_PRODUCTION,151076.0443,140389.6870,6643.6888,715,475,-0.04397579,,-0.04397579,-0.04397579,-6643.6888,151076.0443,OK,0.0000,265.7476,4.0000,96.0000,AG03-UNRESOLVED,ALL5_LEVELS_bet23_to_bet27,265.7476,265.7476,265.7476,332.1844,332.1844,4.000000,4.000000,4.000000,5.000000,5.000000,96.000000,96.000000,96.000000,95.000000,95.000000,5.0,1461.6115,1338.8744,5182.0773,5304.8144,PENDING_AG03,FALSE,NOT_FOR_ENFORCEMENT,6377.9413,134774.0995,6643.6888,6377.9413,265.7476,0.04397579,0.04221676,265.7476,6377.9413,0.04221676,265.7476,265.7476,265.7476,332.1844,332.1844,6377.9413,0.04221676,1461.6115,1338.8744,5182.0773,5304.8144,0.03430112,0.03511354,0.00175903,211.2952,295.5572,13.9867,369.0938,47.1184,8393.1136,26.3889,,211.2952,21.0824,109.6283,221.0802,632.4711,1038.5726,1054.1184,103.8573,-11.0045,9.47358,9.615384,1.927378,30,83,23,8,0E-8,0.04397579,,0E-8,0.000000,0.929265,0.000000,,2026-03-24,2026-06-13,18,141,123,82,0.219512,,,0.000000,,,,,,,,GLOBAL_BASELINE_NO_ENTITY_RANKING,,,NOT_APPLICABLE_GLOBAL_BASELINE,HF9g-P5,,,,X 全窗基线 · 不参与实体赏罚,14193300,1420,A168_HF9F_20260827_0900,2026-08-27 09:00:00
2026-04-28,147455633,1330,0,141.2518710603,168.6589505197,168.6589505197,1.0000000,2,1,0.43374658955215456,0.293924150000,1.1425820021935797,1.549915577879723,1.1425820021935797,0.13982243955215456,ELIGIBLE,R03b_20260811_FULL_v1,L1_ELIGIBILITY,v2026-08-11,2026-03-21..2026-08-06,baccarat_bet02_101_all_pairs_incl_sentinel,round_win = game_pnl > 0 (decisive only),COMPATIBILITY_ONLY_NOT_PRODUCTION,151076.0443,140389.6870,6643.6888,715,475,-0.04397579,,-0.04397579,-0.04397579,-6643.6888,151076.0443,OK,0.0000,265.7476,4.0000,96.0000,AG03-UNRESOLVED,ALL5_LEVELS_bet23_to_bet27,265.7476,265.7476,265.7476,332.1844,332.1844,4.000000,4.000000,4.000000,5.000000,5.000000,96.000000,96.000000,96.000000,95.000000,95.000000,5.0,1461.6115,1338.8744,5182.0773,5304.8144,PENDING_AG03,FALSE,NOT_FOR_ENFORCEMENT,6377.9413,134774.0995,6643.6888,6377.9413,265.7476,0.04397579,0.04221676,265.7476,6377.9413,0.04221676,265.7476,265.7476,265.7476,332.1844,332.1844,6377.9413,0.04221676,1461.6115,1338.8744,5182.0773,5304.8144,0.03430112,0.03511354,0.00175903,211.2952,295.5572,13.9867,369.0938,47.1184,8393.1136,26.3889,,211.2952,21.0824,109.6283,221.0802,632.4711,1038.5726,1054.1184,103.8573,-11.0045,9.47358,9.615384,1.927378,30,83,23,8,0E-8,0.04397579,,0E-8,0.000000,0.929265,0.000000,,2026-03-24,2026-06-13,18,141,123,82,0.219512,,,0.000000,,,,,,,,GLOBAL_BASELINE_NO_ENTITY_RANKING,,,NOT_APPLICABLE_GLOBAL_BASELINE,HF9g-P5,,,,X 全窗基线 · 不参与实体赏罚,14193301,1420,A168_HF9F_20260827_0900,2026-08-27 09:00:00
2026-04-28,147455633,1654,0,295.1531634095,33.7317901039,33.7317901039,0.6666667,5,3,0.47761591818177581,0.367067200000,0.655548253775838,1.0765893333304701,0.655548253775838,0.11054871818177581,ELIGIBLE,R03b_20260811_FULL_v1,L1_ELIGIBILITY,v2026-08-11,2026-03-21..2026-08-06,baccarat_bet02_101_all_pairs_incl_sentinel,round_win = game_pnl > 0 (decisive only),COMPATIBILITY_ONLY_NOT_PRODUCTION,151076.0443,140389.6870,6643.6888,715,475,-0.04397579,,-0.04397579,-0.04397579,-6643.6888,151076.0443,OK,0.0000,265.7476,4.0000,96.0000,AG03-UNRESOLVED,ALL5_LEVELS_bet23_to_bet27,265.7476,265.7476,265.7476,332.1844,332.1844,4.000000,4.000000,4.000000,5.000000,5.000000,96.000000,96.000000,96.000000,95.000000,95.000000,5.0,1461.6115,1338.8744,5182.0773,5304.8144,PENDING_AG03,FALSE,NOT_FOR_ENFORCEMENT,6377.9413,134774.0995,6643.6888,6377.9413,265.7476,0.04397579,0.04221676,265.7476,6377.9413,0.04221676,265.7476,265.7476,265.7476,332.1844,332.1844,6377.9413,0.04221676,1461.6115,1338.8744,5182.0773,5304.8144,0.03430112,0.03511354,0.00175903,211.2952,295.5572,13.9867,369.0938,47.1184,8393.1136,26.3889,,211.2952,21.0824,109.6283,221.0802,632.4711,1038.5726,1054.1184,103.8573,-11.0045,9.47358,9.615384,1.927378,30,83,23,8,0E-8,0.04397579,,0E-8,0.000000,0.929265,0.000000,,2026-03-24,2026-06-13,18,141,123,82,0.219512,,,0.000000,,,,,,,,GLOBAL_BASELINE_NO_ENTITY_RANKING,,,NOT_APPLICABLE_GLOBAL_BASELINE,HF9g-P5,,,,X 全窗基线 · 不参与实体赏罚,14193302,1420,A168_HF9F_20260827_0900,2026-08-27 09:00:00
2026-04-28,147455633,2229,0,267.7460839500,178.4622520186,178.4622520186,1.0000000,3,2,0.49377420312497710,0.403638725000,1.4319337845032551,1.7189898101856425,1.4319337845032551,0.09013547812497710,ELIGIBLE,R03b_20260811_FULL_v1,L1_ELIGIBILITY,v2026-08-11,2026-03-21..2026-08-06,baccarat_bet02_101_all_pairs_incl_sentinel,round_win = game_pnl > 0 (decisive only),COMPATIBILITY_ONLY_NOT_PRODUCTION,151076.0443,140389.6870,6643.6888,715,475,-0.04397579,,-0.04397579,-0.04397579,-6643.6888,151076.0443,OK,0.0000,265.7476,4.0000,96.0000,AG03-UNRESOLVED,ALL5_LEVELS_bet23_to_bet27,265.7476,265.7476,265.7476,332.1844,332.1844,4.000000,4.000000,4.000000,5.000000,5.000000,96.000000,96.000000,96.000000,95.000000,95.000000,5.0,1461.6115,1338.8744,5182.0773,5304.8144,PENDING_AG03,FALSE,NOT_FOR_ENFORCEMENT,6377.9413,134774.0995,6643.6888,6377.9413,265.7476,0.04397579,0.04221676,265.7476,6377.9413,0.04221676,265.7476,265.7476,265.7476,332.1844,332.1844,6377.9413,0.04221676,1461.6115,1338.8744,5182.0773,5304.8144,0.03430112,0.03511354,0.00175903,211.2952,295.5572,13.9867,369.0938,47.1184,8393.1136,26.3889,,211.2952,21.0824,109.6283,221.0802,632.4711,1038.5726,1054.1184,103.8573,-11.0045,9.47358,9.615384,1.927378,30,83,23,8,0E-8,0.04397579,,0E-8,0.000000,0.929265,0.000000,,2026-03-24,2026-06-13,18,141,123,82,0.219512,,,0.000000,,,,,,,,GLOBAL_BASELINE_NO_ENTITY_RANKING,,,NOT_APPLICABLE_GLOBAL_BASELINE,HF9g-P5,,,,X 全窗基线 · 不参与实体赏罚,14193303,1420,A168_HF9F_20260827_0900,2026-08-27 09:00:00
2026-04-28,147455633,529,0,63.2471064449,60.0847511226,60.0847511226,1.0000000,1,1,0.50665070000000000,0.506650700000,0.9867858985152569,0.9867858985152569,0.9867858985152569,0E-17,ELIGIBLE,R03b_20260811_FULL_v1,L1_ELIGIBILITY,v2026-08-11,2026-03-21..2026-08-06,baccarat_bet02_101_all_pairs_incl_sentinel,round_win = game_pnl > 0 (decisive only),COMPATIBILITY_ONLY_NOT_PRODUCTION,151076.0443,140389.6870,6643.6888,715,475,-0.04397579,,-0.04397579,-0.04397579,-6643.6888,151076.0443,OK,0.0000,265.7476,4.0000,96.0000,AG03-UNRESOLVED,ALL5_LEVELS_bet23_to_bet27,265.7476,265.7476,265.7476,332.1844,332.1844,4.000000,4.000000,4.000000,5.000000,5.000000,96.000000,96.000000,96.000000,95.000000,95.000000,5.0,1461.6115,1338.8744,5182.0773,5304.8144,PENDING_AG03,FALSE,NOT_FOR_ENFORCEMENT,6377.9413,134774.0995,6643.6888,6377.9413,265.7476,0.04397579,0.04221676,265.7476,6377.9413,0.04221676,265.7476,265.7476,265.7476,332.1844,332.1844,6377.9413,0.04221676,1461.6115,1338.8744,5182.0773,5304.8144,0.03430112,0.03511354,0.00175903,211.2952,295.5572,13.9867,369.0938,47.1184,8393.1136,26.3889,,211.2952,21.0824,109.6283,221.0802,632.4711,1038.5726,1054.1184,103.8573,-11.0045,9.47358,9.615384,1.927378,30,83,23,8,0E-8,0.04397579,,0E-8,0.000000,0.929265,0.000000,,2026-03-24,2026-06-13,18,141,123,82,0.219512,,,0.000000,,,,,,,,GLOBAL_BASELINE_NO_ENTITY_RANKING,,,NOT_APPLICABLE_GLOBAL_BASELINE,HF9g-P5,,,,X 全窗基线 · 不参与实体赏罚,14193304,1420,A168_HF9F_20260827_0900,2026-08-27 09:00:00
2026-04-29,147455633,-1,1,1351.3798410389,115.9530284821,115.9530284821,0.5000000,9,9,0.49771390000000000,0.497713900000,0.012932269675102798,0.0129322696751028,0.012932269675102798,0E-17,SENTINEL_DEALER,R03b_20260811_FULL_v1,L1_ELIGIBILITY,v2026-08-11,2026-03-21..2026-08-06,baccarat_bet02_101_all_pairs_incl_sentinel,round_win = game_pnl > 0 (decisive only),COMPATIBILITY_ONLY_NOT_PRODUCTION,151076.0443,140389.6870,6643.6888,715,475,-0.04397579,,-0.04397579,-0.04397579,-6643.6888,151076.0443,OK,0.0000,265.7476,4.0000,96.0000,AG03-UNRESOLVED,ALL5_LEVELS_bet23_to_bet27,265.7476,265.7476,265.7476,332.1844,332.1844,4.000000,4.000000,4.000000,5.000000,5.000000,96.000000,96.000000,96.000000,95.000000,95.000000,5.0,1461.6115,1338.8744,5182.0773,5304.8144,PENDING_AG03,FALSE,NOT_FOR_ENFORCEMENT,6377.9413,134774.0995,6643.6888,6377.9413,265.7476,0.04397579,0.04221676,265.7476,6377.9413,0.04221676,265.7476,265.7476,265.7476,332.1844,332.1844,6377.9413,0.04221676,1461.6115,1338.8744,5182.0773,5304.8144,0.03430112,0.03511354,0.00175903,211.2952,295.5572,13.9867,369.0938,47.1184,8393.1136,26.3889,,211.2952,21.0824,109.6283,221.0802,632.4711,1038.5726,1054.1184,103.8573,-11.0045,9.47358,9.615384,1.927378,30,83,23,8,0E-8,0.04397579,,0E-8,0.000000,0.929265,0.000000,,2026-03-24,2026-06-13,18,141,123,82,0.219512,,,0.000000,,,,,,,,GLOBAL_BASELINE_NO_ENTITY_RANKING,,,NOT_APPLICABLE_GLOBAL_BASELINE,HF9g-P5,,,,X 全窗基线 · 不参与实体赏罚,14193305,1420,A168_HF9F_20260827_0900,2026-08-27 09:00:00
2026-04-29,147455633,1306,0,305.6943478169,295.1531634094,295.1531634094,1.0000000,2,2,0.49994810000000000,0.499948100000,1.4143603653603398,1.4143603653603398,1.4143603653603398,0E-17,ELIGIBLE,R03b_20260811_FULL_v1,L1_ELIGIBILITY,v2026-08-11,2026-03-21..2026-08-06,baccarat_bet02_101_all_pairs_incl_sentinel,round_win = game_pnl > 0 (decisive only),COMPATIBILITY_ONLY_NOT_PRODUCTION,151076.0443,140389.6870,6643.6888,715,475,-0.04397579,,-0.04397579,-0.04397579,-6643.6888,151076.0443,OK,0.0000,265.7476,4.0000,96.0000,AG03-UNRESOLVED,ALL5_LEVELS_bet23_to_bet27,265.7476,265.7476,265.7476,332.1844,332.1844,4.000000,4.000000,4.000000,5.000000,5.000000,96.000000,96.000000,96.000000,95.000000,95.000000,5.0,1461.6115,1338.8744,5182.0773,5304.8144,PENDING_AG03,FALSE,NOT_FOR_ENFORCEMENT,6377.9413,134774.0995,6643.6888,6377.9413,265.7476,0.04397579,0.04221676,265.7476,6377.9413,0.04221676,265.7476,265.7476,265.7476,332.1844,332.1844,6377.9413,0.04221676,1461.6115,1338.8744,5182.0773,5304.8144,0.03430112,0.03511354,0.00175903,211.2952,295.5572,13.9867,369.0938,47.1184,8393.1136,26.3889,,211.2952,21.0824,109.6283,221.0802,632.4711,1038.5726,1054.1184,103.8573,-11.0045,9.47358,9.615384,1.927378,30,83,23,8,0E-8,0.04397579,,0E-8,0.000000,0.929265,0.000000,,2026-03-24,2026-06-13,18,141,123,82,0.219512,,,0.000000,,,,,,,,GLOBAL_BASELINE_NO_ENTITY_RANKING,,,NOT_APPLICABLE_GLOBAL_BASELINE,HF9g-P5,,,,X 全窗基线 · 不参与实体赏罚,14193306,1420,A168_HF9F_20260827_0900,2026-08-27 09:00:00
2026-04-29,147455633,1485,0,105.4118440748,-105.4118440748,-105.4118440748,0E-7,1,1,0.49324550000000000,0.493245500000,-0.9865810262130424,-0.9865810262130424,-0.9865810262130424,0E-17,ELIGIBLE,R03b_20260811_FULL_v1,L1_ELIGIBILITY,v2026-08-11,2026-03-21..2026-08-06,baccarat_bet02_101_all_pairs_incl_sentinel,round_win = game_pnl > 0 (decisive only),COMPATIBILITY_ONLY_NOT_PRODUCTION,151076.0443,140389.6870,6643.6888,715,475,-0.04397579,,-0.04397579,-0.04397579,-6643.6888,151076.0443,OK,0.0000,265.7476,4.0000,96.0000,AG03-UNRESOLVED,ALL5_LEVELS_bet23_to_bet27,265.7476,265.7476,265.7476,332.1844,332.1844,4.000000,4.000000,4.000000,5.000000,5.000000,96.000000,96.000000,96.000000,95.000000,95.000000,5.0,1461.6115,1338.8744,5182.0773,5304.8144,PENDING_AG03,FALSE,NOT_FOR_ENFORCEMENT,6377.9413,134774.0995,6643.6888,6377.9413,265.7476,0.04397579,0.04221676,265.7476,6377.9413,0.04221676,265.7476,265.7476,265.7476,332.1844,332.1844,6377.9413,0.04221676,1461.6115,1338.8744,5182.0773,5304.8144,0.03430112,0.03511354,0.00175903,211.2952,295.5572,13.9867,369.0938,47.1184,8393.1136,26.3889,,211.2952,21.0824,109.6283,221.0802,632.4711,1038.5726,1054.1184,103.8573,-11.0045,9.47358,9.615384,1.927378,30,83,23,8,0E-8,0.04397579,,0E-8,0.000000,0.929265,0.000000,,2026-03-24,2026-06-13,18,141,123,82,0.219512,,,0.000000,,,,,,,,GLOBAL_BASELINE_NO_ENTITY_RANKING,,,NOT_APPLICABLE_GLOBAL_BASELINE,HF9g-P5,,,,X 全窗基线 · 不参与实体赏罚,14193307,1420,A168_HF9F_20260827_0900,2026-08-27 09:00:00
2026-04-29,147455633,1985,0,105.4118440748,105.4118440748,105.4118440748,1.0000000,1,1,0.49324550000000000,0.493245500000,1.01360149184955,1.01360149184955,1.01360149184955,0E-17,ELIGIBLE,R03b_20260811_FULL_v1,L1_ELIGIBILITY,v2026-08-11,2026-03-21..2026-08-06,baccarat_bet02_101_all_pairs_incl_sentinel,round_win = game_pnl > 0 (decisive only),COMPATIBILITY_ONLY_NOT_PRODUCTION,151076.0443,140389.6870,6643.6888,715,475,-0.04397579,,-0.04397579,-0.04397579,-6643.6888,151076.0443,OK,0.0000,265.7476,4.0000,96.0000,AG03-UNRESOLVED,ALL5_LEVELS_bet23_to_bet27,265.7476,265.7476,265.7476,332.1844,332.1844,4.000000,4.000000,4.000000,5.000000,5.000000,96.000000,96.000000,96.000000,95.000000,95.000000,5.0,1461.6115,1338.8744,5182.0773,5304.8144,PENDING_AG03,FALSE,NOT_FOR_ENFORCEMENT,6377.9413,134774.0995,6643.6888,6377.9413,265.7476,0.04397579,0.04221676,265.7476,6377.9413,0.04221676,265.7476,265.7476,265.7476,332.1844,332.1844,6377.9413,0.04221676,1461.6115,1338.8744,5182.0773,5304.8144,0.03430112,0.03511354,0.00175903,211.2952,295.5572,13.9867,369.0938,47.1184,8393.1136,26.3889,,211.2952,21.0824,109.6283,221.0802,632.4711,1038.5726,1054.1184,103.8573,-11.0045,9.47358,9.615384,1.927378,30,83,23,8,0E-8,0.04397579,,0E-8,0.000000,0.929265,0.000000,,2026-03-24,2026-06-13,18,141,123,82,0.219512,,,0.000000,,,,,,,,GLOBAL_BASELINE_NO_ENTITY_RANKING,,,NOT_APPLICABLE_GLOBAL_BASELINE,HF9g-P5,,,,X 全窗基线 · 不参与实体赏罚,14193308,1420,A168_HF9F_20260827_0900,2026-08-27 09:00:00
2026-04-29,147455633,2242,0,421.6473762992,-421.6473762992,-421.6473762992,0E-7,1,1,0.50665070000000000,0.506650700000,-1.013391052207602,-1.013391052207602,-1.013391052207602,0E-17,ELIGIBLE,R03b_20260811_FULL_v1,L1_ELIGIBILITY,v2026-08-11,2026-03-21..2026-08-06,baccarat_bet02_101_all_pairs_incl_sentinel,round_win = game_pnl > 0 (decisive only),COMPATIBILITY_ONLY_NOT_PRODUCTION,151076.0443,140389.6870,6643.6888,715,475,-0.04397579,,-0.04397579,-0.04397579,-6643.6888,151076.0443,OK,0.0000,265.7476,4.0000,96.0000,AG03-UNRESOLVED,ALL5_LEVELS_bet23_to_bet27,265.7476,265.7476,265.7476,332.1844,332.1844,4.000000,4.000000,4.000000,5.000000,5.000000,96.000000,96.000000,96.000000,95.000000,95.000000,5.0,1461.6115,1338.8744,5182.0773,5304.8144,PENDING_AG03,FALSE,NOT_FOR_ENFORCEMENT,6377.9413,134774.0995,6643.6888,6377.9413,265.7476,0.04397579,0.04221676,265.7476,6377.9413,0.04221676,265.7476,265.7476,265.7476,332.1844,332.1844,6377.9413,0.04221676,1461.6115,1338.8744,5182.0773,5304.8144,0.03430112,0.03511354,0.00175903,211.2952,295.5572,13.9867,369.0938,47.1184,8393.1136,26.3889,,211.2952,21.0824,109.6283,221.0802,632.4711,1038.5726,1054.1184,103.8573,-11.0045,9.47358,9.615384,1.927378,30,83,23,8,0E-8,0.04397579,,0E-8,0.000000,0.929265,0.000000,,2026-03-24,2026-06-13,18,141,123,82,0.219512,,,0.000000,,,,,,,,GLOBAL_BASELINE_NO_ENTITY_RANKING,,,NOT_APPLICABLE_GLOBAL_BASELINE,HF9g-P5,,,,X 全窗基线 · 不参与实体赏罚,14193309,1420,A168_HF9F_20260827_0900,2026-08-27 09:00:00
2026-04-29,147455633,595,0,200.2825037421,-200.2825037421,-200.2825037421,0E-7,2,2,0.49324550000000000,0.493245500000,-1.3952362676504506,-1.3952362676504506,-1.3952362676504506,0E-17,ELIGIBLE,R03b_20260811_FULL_v1,L1_ELIGIBILITY,v2026-08-11,2026-03-21..2026-08-06,baccarat_bet02_101_all_pairs_incl_sentinel,round_win = game_pnl > 0 (decisive only),COMPATIBILITY_ONLY_NOT_PRODUCTION,151076.0443,140389.6870,6643.6888,715,475,-0.04397579,,-0.04397579,-0.04397579,-6643.6888,151076.0443,OK,0.0000,265.7476,4.0000,96.0000,AG03-UNRESOLVED,ALL5_LEVELS_bet23_to_bet27,265.7476,265.7476,265.7476,332.1844,332.1844,4.000000,4.000000,4.000000,5.000000,5.000000,96.000000,96.000000,96.000000,95.000000,95.000000,5.0,1461.6115,1338.8744,5182.0773,5304.8144,PENDING_AG03,FALSE,NOT_FOR_ENFORCEMENT,6377.9413,134774.0995,6643.6888,6377.9413,265.7476,0.04397579,0.04221676,265.7476,6377.9413,0.04221676,265.7476,265.7476,265.7476,332.1844,332.1844,6377.9413,0.04221676,1461.6115,1338.8744,5182.0773,5304.8144,0.03430112,0.03511354,0.00175903,211.2952,295.5572,13.9867,369.0938,47.1184,8393.1136,26.3889,,211.2952,21.0824,109.6283,221.0802,632.4711,1038.5726,1054.1184,103.8573,-11.0045,9.47358,9.615384,1.927378,30,83,23,8,0E-8,0.04397579,,0E-8,0.000000,0.929265,0.000000,,2026-03-24,2026-06-13,18,141,123,82,0.219512,,,0.000000,,,,,,,,GLOBAL_BASELINE_NO_ENTITY_RANKING,,,NOT_APPLICABLE_GLOBAL_BASELINE,HF9g-P5,,,,X 全窗基线 · 不参与实体赏罚,14193310,1420,A168_HF9F_20260827_0900,2026-08-27 09:00:00
2026-05-04,147455633,-1,1,644.8902426215,384.4134019536,384.4134019536,0.5000000,3,3,0.50665070000000000,0.506650700000,-0.018812684590367487,-0.018812684590367487,-0.018812684590367487,0E-17,SENTINEL_DEALER,R03b_20260811_FULL_v1,L1_ELIGIBILITY,v2026-08-11,2026-03-21..2026-08-06,baccarat_bet02_101_all_pairs_incl_sentinel,round_win = game_pnl > 0 (decisive only),COMPATIBILITY_ONLY_NOT_PRODUCTION,151076.0443,140389.6870,6643.6888,715,475,-0.04397579,,-0.04397579,-0.04397579,-6643.6888,151076.0443,OK,0.0000,265.7476,4.0000,96.0000,AG03-UNRESOLVED,ALL5_LEVELS_bet23_to_bet27,265.7476,265.7476,265.7476,332.1844,332.1844,4.000000,4.000000,4.000000,5.000000,5.000000,96.000000,96.000000,96.000000,95.000000,95.000000,5.0,1461.6115,1338.8744,5182.0773,5304.8144,PENDING_AG03,FALSE,NOT_FOR_ENFORCEMENT,6377.9413,134774.0995,6643.6888,6377.9413,265.7476,0.04397579,0.04221676,265.7476,6377.9413,0.04221676,265.7476,265.7476,265.7476,332.1844,332.1844,6377.9413,0.04221676,1461.6115,1338.8744,5182.0773,5304.8144,0.03430112,0.03511354,0.00175903,211.2952,295.5572,13.9867,369.0938,47.1184,8393.1136,26.3889,,211.2952,21.0824,109.6283,221.0802,632.4711,1038.5726,1054.1184,103.8573,-11.0045,9.47358,9.615384,1.927378,30,83,23,8,0E-8,0.04397579,,0E-8,0.000000,0.929265,0.000000,,2026-03-24,2026-06-13,18,141,123,82,0.219512,,,0.000000,,,,,,,,GLOBAL_BASELINE_NO_ENTITY_RANKING,,,NOT_APPLICABLE_GLOBAL_BASELINE,HF9g-P5,,,,X 全窗基线 · 不参与实体赏罚,14193311,1420,A168_HF9F_20260827_0900,2026-08-27 09:00:00
2026-05-04,147455633,1984,0,1390.6102300178,-1163.7433042748,-1163.7433042748,0.3333333,3,3,0.50218230000000000,0.502182300000,-0.5849155494134425,-0.5849155494134426,-0.5849155494134425,0E-17,ELIGIBLE,R03b_20260811_FULL_v1,L1_ELIGIBILITY,v2026-08-11,2026-03-21..2026-08-06,baccarat_bet02_101_all_pairs_incl_sentinel,round_win = game_pnl > 0 (decisive only),COMPATIBILITY_ONLY_NOT_PRODUCTION,151076.0443,140389.6870,6643.6888,715,475,-0.04397579,,-0.04397579,-0.04397579,-6643.6888,151076.0443,OK,0.0000,265.7476,4.0000,96.0000,AG03-UNRESOLVED,ALL5_LEVELS_bet23_to_bet27,265.7476,265.7476,265.7476,332.1844,332.1844,4.000000,4.000000,4.000000,5.000000,5.000000,96.000000,96.000000,96.000000,95.000000,95.000000,5.0,1461.6115,1338.8744,5182.0773,5304.8144,PENDING_AG03,FALSE,NOT_FOR_ENFORCEMENT,6377.9413,134774.0995,6643.6888,6377.9413,265.7476,0.04397579,0.04221676,265.7476,6377.9413,0.04221676,265.7476,265.7476,265.7476,332.1844,332.1844,6377.9413,0.04221676,1461.6115,1338.8744,5182.0773,5304.8144,0.03430112,0.03511354,0.00175903,211.2952,295.5572,13.9867,369.0938,47.1184,8393.1136,26.3889,,211.2952,21.0824,109.6283,221.0802,632.4711,1038.5726,1054.1184,103.8573,-11.0045,9.47358,9.615384,1.927378,30,83,23,8,0E-8,0.04397579,,0E-8,0.000000,0.929265,0.000000,,2026-03-24,2026-06-13,18,141,123,82,0.219512,,,0.000000,,,,,,,,GLOBAL_BASELINE_NO_ENTITY_RANKING,,,NOT_APPLICABLE_GLOBAL_BASELINE,HF9g-P5,,,,X 全窗基线 · 不参与实体赏罚,14193312,1420,A168_HF9F_20260827_0900,2026-08-27 09:00:00
2026-05-19,147455633,-1,1,2289.6754542591,210.0619682804,210.0619682804,0.5714286,10,7,0.47682234126981984,0.451505821429,0.5011478416306117,0.6375773944301686,0.5011478416306117,0.02531651984081984,SENTINEL_DEALER,R03b_20260811_FULL_v1,L1_ELIGIBILITY,v2026-08-11,2026-03-21..2026-08-06,baccarat_bet02_101_all_pairs_incl_sentinel,round_win = game_pnl > 0 (decisive only),COMPATIBILITY_ONLY_NOT_PRODUCTION,151076.0443,140389.6870,6643.6888,715,475,-0.04397579,,-0.04397579,-0.04397579,-6643.6888,151076.0443,OK,0.0000,265.7476,4.0000,96.0000,AG03-UNRESOLVED,ALL5_LEVELS_bet23_to_bet27,265.7476,265.7476,265.7476,332.1844,332.1844,4.000000,4.000000,4.000000,5.000000,5.000000,96.000000,96.000000,96.000000,95.000000,95.000000,5.0,1461.6115,1338.8744,5182.0773,5304.8144,PENDING_AG03,FALSE,NOT_FOR_ENFORCEMENT,6377.9413,134774.0995,6643.6888,6377.9413,265.7476,0.04397579,0.04221676,265.7476,6377.9413,0.04221676,265.7476,265.7476,265.7476,332.1844,332.1844,6377.9413,0.04221676,1461.6115,1338.8744,5182.0773,5304.8144,0.03430112,0.03511354,0.00175903,211.2952,295.5572,13.9867,369.0938,47.1184,8393.1136,26.3889,,211.2952,21.0824,109.6283,221.0802,632.4711,1038.5726,1054.1184,103.8573,-11.0045,9.47358,9.615384,1.927378,30,83,23,8,0E-8,0.04397579,,0E-8,0.000000,0.929265,0.000000,,2026-03-24,2026-06-13,18,141,123,82,0.219512,,,0.000000,,,,,,,,GLOBAL_BASELINE_NO_ENTITY_RANKING,,,NOT_APPLICABLE_GLOBAL_BASELINE,HF9g-P5,,,,X 全窗基线 · 不参与实体赏罚,14193313,1420,A168_HF9F_20260827_0900,2026-08-27 09:00:00
2026-05-19,147455633,1507,0,840.2478731225,598.6766095998,598.6766095998,1.0000000,3,3,0.50665070000000000,0.506650700000,1.3955260008387969,1.3955260008387969,1.3955260008387969,0E-17,ELIGIBLE,R03b_20260811_FULL_v1,L1_ELIGIBILITY,v2026-08-11,2026-03-21..2026-08-06,baccarat_bet02_101_all_pairs_incl_sentinel,round_win = game_pnl > 0 (decisive only),COMPATIBILITY_ONLY_NOT_PRODUCTION,151076.0443,140389.6870,6643.6888,715,475,-0.04397579,,-0.04397579,-0.04397579,-6643.6888,151076.0443,OK,0.0000,265.7476,4.0000,96.0000,AG03-UNRESOLVED,ALL5_LEVELS_bet23_to_bet27,265.7476,265.7476,265.7476,332.1844,332.1844,4.000000,4.000000,4.000000,5.000000,5.000000,96.000000,96.000000,96.000000,95.000000,95.000000,5.0,1461.6115,1338.8744,5182.0773,5304.8144,PENDING_AG03,FALSE,NOT_FOR_ENFORCEMENT,6377.9413,134774.0995,6643.6888,6377.9413,265.7476,0.04397579,0.04221676,265.7476,6377.9413,0.04221676,265.7476,265.7476,265.7476,332.1844,332.1844,6377.9413,0.04221676,1461.6115,1338.8744,5182.0773,5304.8144,0.03430112,0.03511354,0.00175903,211.2952,295.5572,13.9867,369.0938,47.1184,8393.1136,26.3889,,211.2952,21.0824,109.6283,221.0802,632.4711,1038.5726,1054.1184,103.8573,-11.0045,9.47358,9.615384,1.927378,30,83,23,8,0E-8,0.04397579,,0E-8,0.000000,0.929265,0.000000,,2026-03-24,2026-06-13,18,141,123,82,0.219512,,,0.000000,,,,,,,,GLOBAL_BASELINE_NO_ENTITY_RANKING,,,NOT_APPLICABLE_GLOBAL_BASELINE,HF9g-P5,,,,X 全窗基线 · 不参与实体赏罚,14193314,1420,A168_HF9F_20260827_0900,2026-08-27 09:00:00
2026-05-19,147455633,1994,0,2176.2419913875,373.8052725554,373.8052725554,0.5714286,14,7,0.46033994646123222,0.382727935714,0.589683727842038,1.0271621092823284,0.589683727842038,0.07761201074723222,ELIGIBLE,R03b_20260811_FULL_v1,L1_ELIGIBILITY,v2026-08-11,2026-03-21..2026-08-06,baccarat_bet02_101_all_pairs_incl_sentinel,round_win = game_pnl > 0 (decisive only),COMPATIBILITY_ONLY_NOT_PRODUCTION,151076.0443,140389.6870,6643.6888,715,475,-0.04397579,,-0.04397579,-0.04397579,-6643.6888,151076.0443,OK,0.0000,265.7476,4.0000,96.0000,AG03-UNRESOLVED,ALL5_LEVELS_bet23_to_bet27,265.7476,265.7476,265.7476,332.1844,332.1844,4.000000,4.000000,4.000000,5.000000,5.000000,96.000000,96.000000,96.000000,95.000000,95.000000,5.0,1461.6115,1338.8744,5182.0773,5304.8144,PENDING_AG03,FALSE,NOT_FOR_ENFORCEMENT,6377.9413,134774.0995,6643.6888,6377.9413,265.7476,0.04397579,0.04221676,265.7476,6377.9413,0.04221676,265.7476,265.7476,265.7476,332.1844,332.1844,6377.9413,0.04221676,1461.6115,1338.8744,5182.0773,5304.8144,0.03430112,0.03511354,0.00175903,211.2952,295.5572,13.9867,369.0938,47.1184,8393.1136,26.3889,,211.2952,21.0824,109.6283,221.0802,632.4711,1038.5726,1054.1184,103.8573,-11.0045,9.47358,9.615384,1.927378,30,83,23,8,0E-8,0.04397579,,0E-8,0.000000,0.929265,0.000000,,2026-03-24,2026-06-13,18,141,123,82,0.219512,,,0.000000,,,,,,,,GLOBAL_BASELINE_NO_ENTITY_RANKING,,,NOT_APPLICABLE_GLOBAL_BASELINE,HF9g-P5,,,,X 全窗基线 · 不参与实体赏罚,14193315,1420,A168_HF9F_20260827_0900,2026-08-27 09:00:00
2026-05-19,147455633,2088,0,147.0433777964,-147.0433777964,-147.0433777964,0E-7,1,1,0.49324550000000000,0.493245500000,-0.9865810262130424,-0.9865810262130424,-0.9865810262130424,0E-17,ELIGIBLE,R03b_20260811_FULL_v1,L1_ELIGIBILITY,v2026-08-11,2026-03-21..2026-08-06,baccarat_bet02_101_all_pairs_incl_sentinel,round_win = game_pnl > 0 (decisive only),COMPATIBILITY_ONLY_NOT_PRODUCTION,151076.0443,140389.6870,6643.6888,715,475,-0.04397579,,-0.04397579,-0.04397579,-6643.6888,151076.0443,OK,0.0000,265.7476,4.0000,96.0000,AG03-UNRESOLVED,ALL5_LEVELS_bet23_to_bet27,265.7476,265.7476,265.7476,332.1844,332.1844,4.000000,4.000000,4.000000,5.000000,5.000000,96.000000,96.000000,96.000000,95.000000,95.000000,5.0,1461.6115,1338.8744,5182.0773,5304.8144,PENDING_AG03,FALSE,NOT_FOR_ENFORCEMENT,6377.9413,134774.0995,6643.6888,6377.9413,265.7476,0.04397579,0.04221676,265.7476,6377.9413,0.04221676,265.7476,265.7476,265.7476,332.1844,332.1844,6377.9413,0.04221676,1461.6115,1338.8744,5182.0773,5304.8144,0.03430112,0.03511354,0.00175903,211.2952,295.5572,13.9867,369.0938,47.1184,8393.1136,26.3889,,211.2952,21.0824,109.6283,221.0802,632.4711,1038.5726,1054.1184,103.8573,-11.0045,9.47358,9.615384,1.927378,30,83,23,8,0E-8,0.04397579,,0E-8,0.000000,0.929265,0.000000,,2026-03-24,2026-06-13,18,141,123,82,0.219512,,,0.000000,,,,,,,,GLOBAL_BASELINE_NO_ENTITY_RANKING,,,NOT_APPLICABLE_GLOBAL_BASELINE,HF9g-P5,,,,X 全窗基线 · 不参与实体赏罚,14193316,1420,A168_HF9F_20260827_0900,2026-08-27 09:00:00
2026-05-19,147455633,2224,0,1617.4771557609,1045.0582921962,1045.0582921962,0.8000000,6,5,0.49695545529412443,0.465445910000,1.3552815294718354,1.4997570363489516,1.3552815294718354,0.03150954529412443,ELIGIBLE,R03b_20260811_FULL_v1,L1_ELIGIBILITY,v2026-08-11,2026-03-21..2026-08-06,baccarat_bet02_101_all_pairs_incl_sentinel,round_win = game_pnl > 0 (decisive only),COMPATIBILITY_ONLY_NOT_PRODUCTION,151076.0443,140389.6870,6643.6888,715,475,-0.04397579,,-0.04397579,-0.04397579,-6643.6888,151076.0443,OK,0.0000,265.7476,4.0000,96.0000,AG03-UNRESOLVED,ALL5_LEVELS_bet23_to_bet27,265.7476,265.7476,265.7476,332.1844,332.1844,4.000000,4.000000,4.000000,5.000000,5.000000,96.000000,96.000000,96.000000,95.000000,95.000000,5.0,1461.6115,1338.8744,5182.0773,5304.8144,PENDING_AG03,FALSE,NOT_FOR_ENFORCEMENT,6377.9413,134774.0995,6643.6888,6377.9413,265.7476,0.04397579,0.04221676,265.7476,6377.9413,0.04221676,265.7476,265.7476,265.7476,332.1844,332.1844,6377.9413,0.04221676,1461.6115,1338.8744,5182.0773,5304.8144,0.03430112,0.03511354,0.00175903,211.2952,295.5572,13.9867,369.0938,47.1184,8393.1136,26.3889,,211.2952,21.0824,109.6283,221.0802,632.4711,1038.5726,1054.1184,103.8573,-11.0045,9.47358,9.615384,1.927378,30,83,23,8,0E-8,0.04397579,,0E-8,0.000000,0.929265,0.000000,,2026-03-24,2026-06-13,18,141,123,82,0.219512,,,0.000000,,,,,,,,GLOBAL_BASELINE_NO_ENTITY_RANKING,,,NOT_APPLICABLE_GLOBAL_BASELINE,HF9g-P5,,,,X 全窗基线 · 不参与实体赏罚,14193317,1420,A168_HF9F_20260827_0900,2026-08-27 09:00:00
2026-06-10,147455633,-1,1,2408.4498265587,1570.5294643039,1570.5294643039,0.7777778,24,9,0.43038579716776648,0.286729150000,2.1048525271908236,3.257486278744091,2.1048525271908236,0.14365664716776648,SENTINEL_DEALER,R03b_20260811_FULL_v1,L1_ELIGIBILITY,v2026-08-11,2026-03-21..2026-08-06,baccarat_bet02_101_all_pairs_incl_sentinel,round_win = game_pnl > 0 (decisive only),COMPATIBILITY_ONLY_NOT_PRODUCTION,151076.0443,140389.6870,6643.6888,715,475,-0.04397579,,-0.04397579,-0.04397579,-6643.6888,151076.0443,OK,0.0000,265.7476,4.0000,96.0000,AG03-UNRESOLVED,ALL5_LEVELS_bet23_to_bet27,265.7476,265.7476,265.7476,332.1844,332.1844,4.000000,4.000000,4.000000,5.000000,5.000000,96.000000,96.000000,96.000000,95.000000,95.000000,5.0,1461.6115,1338.8744,5182.0773,5304.8144,PENDING_AG03,FALSE,NOT_FOR_ENFORCEMENT,6377.9413,134774.0995,6643.6888,6377.9413,265.7476,0.04397579,0.04221676,265.7476,6377.9413,0.04221676,265.7476,265.7476,265.7476,332.1844,332.1844,6377.9413,0.04221676,1461.6115,1338.8744,5182.0773,5304.8144,0.03430112,0.03511354,0.00175903,211.2952,295.5572,13.9867,369.0938,47.1184,8393.1136,26.3889,,211.2952,21.0824,109.6283,221.0802,632.4711,1038.5726,1054.1184,103.8573,-11.0045,9.47358,9.615384,1.927378,30,83,23,8,0E-8,0.04397579,,0E-8,0.000000,0.929265,0.000000,,2026-03-24,2026-06-13,18,141,123,82,0.219512,,,0.000000,,,,,,,,GLOBAL_BASELINE_NO_ENTITY_RANKING,,,NOT_APPLICABLE_GLOBAL_BASELINE,HF9g-P5,,,,X 全窗基线 · 不参与实体赏罚,14193318,1420,A168_HF9F_20260827_0900,2026-08-27 09:00:00
2026-06-10,147455633,1485,0,363.5004050433,208.7530897533,208.7530897533,0.8000000,8,5,0.48143938307689367,0.436778600000,1.4256289757896772,1.6375183687056003,1.4256289757896772,0.04466078307689367,ELIGIBLE,R03b_20260811_FULL_v1,L1_ELIGIBILITY,v2026-08-11,2026-03-21..2026-08-06,baccarat_bet02_101_all_pairs_incl_sentinel,round_win = game_pnl > 0 (decisive only),COMPATIBILITY_ONLY_NOT_PRODUCTION,151076.0443,140389.6870,6643.6888,715,475,-0.04397579,,-0.04397579,-0.04397579,-6643.6888,151076.0443,OK,0.0000,265.7476,4.0000,96.0000,AG03-UNRESOLVED,ALL5_LEVELS_bet23_to_bet27,265.7476,265.7476,265.7476,332.1844,332.1844,4.000000,4.000000,4.000000,5.000000,5.000000,96.000000,96.000000,96.000000,95.000000,95.000000,5.0,1461.6115,1338.8744,5182.0773,5304.8144,PENDING_AG03,FALSE,NOT_FOR_ENFORCEMENT,6377.9413,134774.0995,6643.6888,6377.9413,265.7476,0.04397579,0.04221676,265.7476,6377.9413,0.04221676,265.7476,265.7476,265.7476,332.1844,332.1844,6377.9413,0.04221676,1461.6115,1338.8744,5182.0773,5304.8144,0.03430112,0.03511354,0.00175903,211.2952,295.5572,13.9867,369.0938,47.1184,8393.1136,26.3889,,211.2952,21.0824,109.6283,221.0802,632.4711,1038.5726,1054.1184,103.8573,-11.0045,9.47358,9.615384,1.927378,30,83,23,8,0E-8,0.04397579,,0E-8,0.000000,0.929265,0.000000,,2026-03-24,2026-06-13,18,141,123,82,0.219512,,,0.000000,,,,,,,,GLOBAL_BASELINE_NO_ENTITY_RANKING,,,NOT_APPLICABLE_GLOBAL_BASELINE,HF9g-P5,,,,X 全窗基线 · 不参与实体赏罚,14193319,1420,A168_HF9F_20260827_0900,2026-08-27 09:00:00
2026-06-10,147455633,1623,0,394.6575826186,212.9073800966,212.9073800966,0.6000000,11,5,0.29949279474352316,0.176125816667,1.467034742900659,2.488169780742052,1.467034742900659,0.12336697807652316,ELIGIBLE,R03b_20260811_FULL_v1,L1_ELIGIBILITY,v2026-08-11,2026-03-21..2026-08-06,baccarat_bet02_101_all_pairs_incl_sentinel,round_win = game_pnl > 0 (decisive only),COMPATIBILITY_ONLY_NOT_PRODUCTION,151076.0443,140389.6870,6643.6888,715,475,-0.04397579,,-0.04397579,-0.04397579,-6643.6888,151076.0443,OK,0.0000,265.7476,4.0000,96.0000,AG03-UNRESOLVED,ALL5_LEVELS_bet23_to_bet27,265.7476,265.7476,265.7476,332.1844,332.1844,4.000000,4.000000,4.000000,5.000000,5.000000,96.000000,96.000000,96.000000,95.000000,95.000000,5.0,1461.6115,1338.8744,5182.0773,5304.8144,PENDING_AG03,FALSE,NOT_FOR_ENFORCEMENT,6377.9413,134774.0995,6643.6888,6377.9413,265.7476,0.04397579,0.04221676,265.7476,6377.9413,0.04221676,265.7476,265.7476,265.7476,332.1844,332.1844,6377.9413,0.04221676,1461.6115,1338.8744,5182.0773,5304.8144,0.03430112,0.03511354,0.00175903,211.2952,295.5572,13.9867,369.0938,47.1184,8393.1136,26.3889,,211.2952,21.0824,109.6283,221.0802,632.4711,1038.5726,1054.1184,103.8573,-11.0045,9.47358,9.615384,1.927378,30,83,23,8,0E-8,0.04397579,,0E-8,0.000000,0.929265,0.000000,,2026-03-24,2026-06-13,18,141,123,82,0.219512,,,0.000000,,,,,,,,GLOBAL_BASELINE_NO_ENTITY_RANKING,,,NOT_APPLICABLE_GLOBAL_BASELINE,HF9g-P5,,,,X 全窗基线 · 不参与实体赏罚,14193320,1420,A168_HF9F_20260827_0900,2026-08-27 09:00:00
2026-06-10,147455633,1963,0,2542.4256901319,1489.3130880912,1489.3130880912,0.7777778,24,9,0.45055120699472411,0.299900626296,1.9730319830292273,3.1287365099349116,1.9730319830292273,0.15065058069872411,ELIGIBLE,R03b_20260811_FULL_v1,L1_ELIGIBILITY,v2026-08-11,2026-03-21..2026-08-06,baccarat_bet02_101_all_pairs_incl_sentinel,round_win = game_pnl > 0 (decisive only),COMPATIBILITY_ONLY_NOT_PRODUCTION,151076.0443,140389.6870,6643.6888,715,475,-0.04397579,,-0.04397579,-0.04397579,-6643.6888,151076.0443,OK,0.0000,265.7476,4.0000,96.0000,AG03-UNRESOLVED,ALL5_LEVELS_bet23_to_bet27,265.7476,265.7476,265.7476,332.1844,332.1844,4.000000,4.000000,4.000000,5.000000,5.000000,96.000000,96.000000,96.000000,95.000000,95.000000,5.0,1461.6115,1338.8744,5182.0773,5304.8144,PENDING_AG03,FALSE,NOT_FOR_ENFORCEMENT,6377.9413,134774.0995,6643.6888,6377.9413,265.7476,0.04397579,0.04221676,265.7476,6377.9413,0.04221676,265.7476,265.7476,265.7476,332.1844,332.1844,6377.9413,0.04221676,1461.6115,1338.8744,5182.0773,5304.8144,0.03430112,0.03511354,0.00175903,211.2952,295.5572,13.9867,369.0938,47.1184,8393.1136,26.3889,,211.2952,21.0824,109.6283,221.0802,632.4711,1038.5726,1054.1184,103.8573,-11.0045,9.47358,9.615384,1.927378,30,83,23,8,0E-8,0.04397579,,0E-8,0.000000,0.929265,0.000000,,2026-03-24,2026-06-13,18,141,123,82,0.219512,,,0.000000,,,,,,,,GLOBAL_BASELINE_NO_ENTITY_RANKING,,,NOT_APPLICABLE_GLOBAL_BASELINE,HF9g-P5,,,,X 全窗基线 · 不参与实体赏罚,14193321,1420,A168_HF9F_20260827_0900,2026-08-27 09:00:00
2026-06-10,147455633,2147,0,1183.9727478554,-778.9294393786,-778.9294393786,0.3333333,6,3,0.45525916111107255,0.337381294444,-0.4240646054638636,-0.0148287523736407,-0.4240646054638636,0.11787786666707255,ELIGIBLE,R03b_20260811_FULL_v1,L1_ELIGIBILITY,v2026-08-11,2026-03-21..2026-08-06,baccarat_bet02_101_all_pairs_incl_sentinel,round_win = game_pnl > 0 (decisive only),COMPATIBILITY_ONLY_NOT_PRODUCTION,151076.0443,140389.6870,6643.6888,715,475,-0.04397579,,-0.04397579,-0.04397579,-6643.6888,151076.0443,OK,0.0000,265.7476,4.0000,96.0000,AG03-UNRESOLVED,ALL5_LEVELS_bet23_to_bet27,265.7476,265.7476,265.7476,332.1844,332.1844,4.000000,4.000000,4.000000,5.000000,5.000000,96.000000,96.000000,96.000000,95.000000,95.000000,5.0,1461.6115,1338.8744,5182.0773,5304.8144,PENDING_AG03,FALSE,NOT_FOR_ENFORCEMENT,6377.9413,134774.0995,6643.6888,6377.9413,265.7476,0.04397579,0.04221676,265.7476,6377.9413,0.04221676,265.7476,265.7476,265.7476,332.1844,332.1844,6377.9413,0.04221676,1461.6115,1338.8744,5182.0773,5304.8144,0.03430112,0.03511354,0.00175903,211.2952,295.5572,13.9867,369.0938,47.1184,8393.1136,26.3889,,211.2952,21.0824,109.6283,221.0802,632.4711,1038.5726,1054.1184,103.8573,-11.0045,9.47358,9.615384,1.927378,30,83,23,8,0E-8,0.04397579,,0E-8,0.000000,0.929265,0.000000,,2026-03-24,2026-06-13,18,141,123,82,0.219512,,,0.000000,,,,,,,,GLOBAL_BASELINE_NO_ENTITY_RANKING,,,NOT_APPLICABLE_GLOBAL_BASELINE,HF9g-P5,,,,X 全窗基线 · 不参与实体赏罚,14193322,1420,A168_HF9F_20260827_0900,2026-08-27 09:00:00
2026-06-10,147455633,2223,0,41.5429034335,-41.5429034335,-41.5429034335,0E-7,1,1,0.50665070000000000,0.506650700000,-1.013391052207602,-1.013391052207602,-1.013391052207602,0E-17,ELIGIBLE,R03b_20260811_FULL_v1,L1_ELIGIBILITY,v2026-08-11,2026-03-21..2026-08-06,baccarat_bet02_101_all_pairs_incl_sentinel,round_win = game_pnl > 0 (decisive only),COMPATIBILITY_ONLY_NOT_PRODUCTION,151076.0443,140389.6870,6643.6888,715,475,-0.04397579,,-0.04397579,-0.04397579,-6643.6888,151076.0443,OK,0.0000,265.7476,4.0000,96.0000,AG03-UNRESOLVED,ALL5_LEVELS_bet23_to_bet27,265.7476,265.7476,265.7476,332.1844,332.1844,4.000000,4.000000,4.000000,5.000000,5.000000,96.000000,96.000000,96.000000,95.000000,95.000000,5.0,1461.6115,1338.8744,5182.0773,5304.8144,PENDING_AG03,FALSE,NOT_FOR_ENFORCEMENT,6377.9413,134774.0995,6643.6888,6377.9413,265.7476,0.04397579,0.04221676,265.7476,6377.9413,0.04221676,265.7476,265.7476,265.7476,332.1844,332.1844,6377.9413,0.04221676,1461.6115,1338.8744,5182.0773,5304.8144,0.03430112,0.03511354,0.00175903,211.2952,295.5572,13.9867,369.0938,47.1184,8393.1136,26.3889,,211.2952,21.0824,109.6283,221.0802,632.4711,1038.5726,1054.1184,103.8573,-11.0045,9.47358,9.615384,1.927378,30,83,23,8,0E-8,0.04397579,,0E-8,0.000000,0.929265,0.000000,,2026-03-24,2026-06-13,18,141,123,82,0.219512,,,0.000000,,,,,,,,GLOBAL_BASELINE_NO_ENTITY_RANKING,,,NOT_APPLICABLE_GLOBAL_BASELINE,HF9g-P5,,,,X 全窗基线 · 不参与实体赏罚,14193323,1420,A168_HF9F_20260827_0900,2026-08-27 09:00:00
2026-06-10,147455633,2251,0,83.0858068671,-83.0858068671,-83.0858068671,0E-7,3,1,0.39416773749986462,0.206696133333,-0.8066113684139165,-0.5104419870530632,-0.8066113684139165,0.18747160416686462,ELIGIBLE,R03b_20260811_FULL_v1,L1_ELIGIBILITY,v2026-08-11,2026-03-21..2026-08-06,baccarat_bet02_101_all_pairs_incl_sentinel,round_win = game_pnl > 0 (decisive only),COMPATIBILITY_ONLY_NOT_PRODUCTION,151076.0443,140389.6870,6643.6888,715,475,-0.04397579,,-0.04397579,-0.04397579,-6643.6888,151076.0443,OK,0.0000,265.7476,4.0000,96.0000,AG03-UNRESOLVED,ALL5_LEVELS_bet23_to_bet27,265.7476,265.7476,265.7476,332.1844,332.1844,4.000000,4.000000,4.000000,5.000000,5.000000,96.000000,96.000000,96.000000,95.000000,95.000000,5.0,1461.6115,1338.8744,5182.0773,5304.8144,PENDING_AG03,FALSE,NOT_FOR_ENFORCEMENT,6377.9413,134774.0995,6643.6888,6377.9413,265.7476,0.04397579,0.04221676,265.7476,6377.9413,0.04221676,265.7476,265.7476,265.7476,332.1844,332.1844,6377.9413,0.04221676,1461.6115,1338.8744,5182.0773,5304.8144,0.03430112,0.03511354,0.00175903,211.2952,295.5572,13.9867,369.0938,47.1184,8393.1136,26.3889,,211.2952,21.0824,109.6283,221.0802,632.4711,1038.5726,1054.1184,103.8573,-11.0045,9.47358,9.615384,1.927378,30,83,23,8,0E-8,0.04397579,,0E-8,0.000000,0.929265,0.000000,,2026-03-24,2026-06-13,18,141,123,82,0.219512,,,0.000000,,,,,,,,GLOBAL_BASELINE_NO_ENTITY_RANKING,,,NOT_APPLICABLE_GLOBAL_BASELINE,HF9g-P5,,,,X 全窗基线 · 不参与实体赏罚,14193324,1420,A168_HF9F_20260827_0900,2026-08-27 09:00:00
2026-06-10,147455633,2267,0,415.4290343352,-415.4290343352,-415.4290343352,0E-7,2,2,0.50665070000000000,0.506650700000,-1.4331513700195317,-1.4331513700195317,-1.4331513700195317,0E-17,ELIGIBLE,R03b_20260811_FULL_v1,L1_ELIGIBILITY,v2026-08-11,2026-03-21..2026-08-06,baccarat_bet02_101_all_pairs_incl_sentinel,round_win = game_pnl > 0 (decisive only),COMPATIBILITY_ONLY_NOT_PRODUCTION,151076.0443,140389.6870,6643.6888,715,475,-0.04397579,,-0.04397579,-0.04397579,-6643.6888,151076.0443,OK,0.0000,265.7476,4.0000,96.0000,AG03-UNRESOLVED,ALL5_LEVELS_bet23_to_bet27,265.7476,265.7476,265.7476,332.1844,332.1844,4.000000,4.000000,4.000000,5.000000,5.000000,96.000000,96.000000,96.000000,95.000000,95.000000,5.0,1461.6115,1338.8744,5182.0773,5304.8144,PENDING_AG03,FALSE,NOT_FOR_ENFORCEMENT,6377.9413,134774.0995,6643.6888,6377.9413,265.7476,0.04397579,0.04221676,265.7476,6377.9413,0.04221676,265.7476,265.7476,265.7476,332.1844,332.1844,6377.9413,0.04221676,1461.6115,1338.8744,5182.0773,5304.8144,0.03430112,0.03511354,0.00175903,211.2952,295.5572,13.9867,369.0938,47.1184,8393.1136,26.3889,,211.2952,21.0824,109.6283,221.0802,632.4711,1038.5726,1054.1184,103.8573,-11.0045,9.47358,9.615384,1.927378,30,83,23,8,0E-8,0.04397579,,0E-8,0.000000,0.929265,0.000000,,2026-03-24,2026-06-13,18,141,123,82,0.219512,,,0.000000,,,,,,,,GLOBAL_BASELINE_NO_ENTITY_RANKING,,,NOT_APPLICABLE_GLOBAL_BASELINE,HF9g-P5,,,,X 全窗基线 · 不参与实体赏罚,14193325,1420,A168_HF9F_20260827_0900,2026-08-27 09:00:00
2026-06-12,147455633,-1,1,5203.2486550484,-3749.2470348752,-3749.2470348752,0E-7,10,6,0.47406275486684925,0.401147761111,-1.8988075506936026,-1.6369007331325505,-1.8988075506936026,0.07291499375584925,SENTINEL_DEALER,R03b_20260811_FULL_v1,L1_ELIGIBILITY,v2026-08-11,2026-03-21..2026-08-06,baccarat_bet02_101_all_pairs_incl_sentinel,round_win = game_pnl > 0 (decisive only),COMPATIBILITY_ONLY_NOT_PRODUCTION,151076.0443,140389.6870,6643.6888,715,475,-0.04397579,,-0.04397579,-0.04397579,-6643.6888,151076.0443,OK,0.0000,265.7476,4.0000,96.0000,AG03-UNRESOLVED,ALL5_LEVELS_bet23_to_bet27,265.7476,265.7476,265.7476,332.1844,332.1844,4.000000,4.000000,4.000000,5.000000,5.000000,96.000000,96.000000,96.000000,95.000000,95.000000,5.0,1461.6115,1338.8744,5182.0773,5304.8144,PENDING_AG03,FALSE,NOT_FOR_ENFORCEMENT,6377.9413,134774.0995,6643.6888,6377.9413,265.7476,0.04397579,0.04221676,265.7476,6377.9413,0.04221676,265.7476,265.7476,265.7476,332.1844,332.1844,6377.9413,0.04221676,1461.6115,1338.8744,5182.0773,5304.8144,0.03430112,0.03511354,0.00175903,211.2952,295.5572,13.9867,369.0938,47.1184,8393.1136,26.3889,,211.2952,21.0824,109.6283,221.0802,632.4711,1038.5726,1054.1184,103.8573,-11.0045,9.47358,9.615384,1.927378,30,83,23,8,0E-8,0.04397579,,0E-8,0.000000,0.929265,0.000000,,2026-03-24,2026-06-13,18,141,123,82,0.219512,,,0.000000,,,,,,,,GLOBAL_BASELINE_NO_ENTITY_RANKING,,,NOT_APPLICABLE_GLOBAL_BASELINE,HF9g-P5,,,,X 全窗基线 · 不参与实体赏罚,14193326,1420,A168_HF9F_20260827_0900,2026-08-27 09:00:00
2026-06-12,147455633,1115,0,1703.2590407743,1672.1018631992,1672.1018631992,1.0000000,5,2,0.42584267756410660,0.249188841667,1.6421236649872624,2.454799698952239,1.6421236649872624,0.17665383589710660,ELIGIBLE,R03b_20260811_FULL_v1,L1_ELIGIBILITY,v2026-08-11,2026-03-21..2026-08-06,baccarat_bet02_101_all_pairs_incl_sentinel,round_win = game_pnl > 0 (decisive only),COMPATIBILITY_ONLY_NOT_PRODUCTION,151076.0443,140389.6870,6643.6888,715,475,-0.04397579,,-0.04397579,-0.04397579,-6643.6888,151076.0443,OK,0.0000,265.7476,4.0000,96.0000,AG03-UNRESOLVED,ALL5_LEVELS_bet23_to_bet27,265.7476,265.7476,265.7476,332.1844,332.1844,4.000000,4.000000,4.000000,5.000000,5.000000,96.000000,96.000000,96.000000,95.000000,95.000000,5.0,1461.6115,1338.8744,5182.0773,5304.8144,PENDING_AG03,FALSE,NOT_FOR_ENFORCEMENT,6377.9413,134774.0995,6643.6888,6377.9413,265.7476,0.04397579,0.04221676,265.7476,6377.9413,0.04221676,265.7476,265.7476,265.7476,332.1844,332.1844,6377.9413,0.04221676,1461.6115,1338.8744,5182.0773,5304.8144,0.03430112,0.03511354,0.00175903,211.2952,295.5572,13.9867,369.0938,47.1184,8393.1136,26.3889,,211.2952,21.0824,109.6283,221.0802,632.4711,1038.5726,1054.1184,103.8573,-11.0045,9.47358,9.615384,1.927378,30,83,23,8,0E-8,0.04397579,,0E-8,0.000000,0.929265,0.000000,,2026-03-24,2026-06-13,18,141,123,82,0.219512,,,0.000000,,,,,,,,GLOBAL_BASELINE_NO_ENTITY_RANKING,,,NOT_APPLICABLE_GLOBAL_BASELINE,HF9g-P5,,,,X 全窗基线 · 不参与实体赏罚,14193327,1420,A168_HF9F_20260827_0900,2026-08-27 09:00:00
2026-06-12,147455633,1323,0,2284.8596888436,1765.5733959246,1765.5733959246,1.0000000,4,2,0.46732628181818182,0.290366400000,1.5098560016673572,2.2108480913073003,1.5098560016673572,0.17695988181818182,ELIGIBLE,R03b_20260811_FULL_v1,L1_ELIGIBILITY,v2026-08-11,2026-03-21..2026-08-06,baccarat_bet02_101_all_pairs_incl_sentinel,round_win = game_pnl > 0 (decisive only),COMPATIBILITY_ONLY_NOT_PRODUCTION,151076.0443,140389.6870,6643.6888,715,475,-0.04397579,,-0.04397579,-0.04397579,-6643.6888,151076.0443,OK,0.0000,265.7476,4.0000,96.0000,AG03-UNRESOLVED,ALL5_LEVELS_bet23_to_bet27,265.7476,265.7476,265.7476,332.1844,332.1844,4.000000,4.000000,4.000000,5.000000,5.000000,96.000000,96.000000,96.000000,95.000000,95.000000,5.0,1461.6115,1338.8744,5182.0773,5304.8144,PENDING_AG03,FALSE,NOT_FOR_ENFORCEMENT,6377.9413,134774.0995,6643.6888,6377.9413,265.7476,0.04397579,0.04221676,265.7476,6377.9413,0.04221676,265.7476,265.7476,265.7476,332.1844,332.1844,6377.9413,0.04221676,1461.6115,1338.8744,5182.0773,5304.8144,0.03430112,0.03511354,0.00175903,211.2952,295.5572,13.9867,369.0938,47.1184,8393.1136,26.3889,,211.2952,21.0824,109.6283,221.0802,632.4711,1038.5726,1054.1184,103.8573,-11.0045,9.47358,9.615384,1.927378,30,83,23,8,0E-8,0.04397579,,0E-8,0.000000,0.929265,0.000000,,2026-03-24,2026-06-13,18,141,123,82,0.219512,,,0.000000,,,,,,,,GLOBAL_BASELINE_NO_ENTITY_RANKING,,,NOT_APPLICABLE_GLOBAL_BASELINE,HF9g-P5,,,,X 全窗基线 · 不参与实体赏罚,14193328,1420,A168_HF9F_20260827_0900,2026-08-27 09:00:00
2026-06-12,147455633,1490,0,4465.8621191034,-1402.0729908813,-1402.0729908813,0.2500000,7,4,0.47669100681818182,0.341872387500,-0.9077509425744109,-0.38737173568623184,-0.9077509425744109,0.13481861931818182,ELIGIBLE,R03b_20260811_FULL_v1,L1_ELIGIBILITY,v2026-08-11,2026-03-21..2026-08-06,baccarat_bet02_101_all_pairs_incl_sentinel,round_win = game_pnl > 0 (decisive only),COMPATIBILITY_ONLY_NOT_PRODUCTION,151076.0443,140389.6870,6643.6888,715,475,-0.04397579,,-0.04397579,-0.04397579,-6643.6888,151076.0443,OK,0.0000,265.7476,4.0000,96.0000,AG03-UNRESOLVED,ALL5_LEVELS_bet23_to_bet27,265.7476,265.7476,265.7476,332.1844,332.1844,4.000000,4.000000,4.000000,5.000000,5.000000,96.000000,96.000000,96.000000,95.000000,95.000000,5.0,1461.6115,1338.8744,5182.0773,5304.8144,PENDING_AG03,FALSE,NOT_FOR_ENFORCEMENT,6377.9413,134774.0995,6643.6888,6377.9413,265.7476,0.04397579,0.04221676,265.7476,6377.9413,0.04221676,265.7476,265.7476,265.7476,332.1844,332.1844,6377.9413,0.04221676,1461.6115,1338.8744,5182.0773,5304.8144,0.03430112,0.03511354,0.00175903,211.2952,295.5572,13.9867,369.0938,47.1184,8393.1136,26.3889,,211.2952,21.0824,109.6283,221.0802,632.4711,1038.5726,1054.1184,103.8573,-11.0045,9.47358,9.615384,1.927378,30,83,23,8,0E-8,0.04397579,,0E-8,0.000000,0.929265,0.000000,,2026-03-24,2026-06-13,18,141,123,82,0.219512,,,0.000000,,,,,,,,GLOBAL_BASELINE_NO_ENTITY_RANKING,,,NOT_APPLICABLE_GLOBAL_BASELINE,HF9g-P5,,,,X 全窗基线 · 不参与实体赏罚,14193329,1420,A168_HF9F_20260827_0900,2026-08-27 09:00:00
2026-06-12,147455633,1964,0,1038.5725858380,-1038.5725858380,-1038.5725858380,0E-7,1,1,0.50665070000000000,0.506650700000,-1.013391052207602,-1.013391052207602,-1.013391052207602,0E-17,ELIGIBLE,R03b_20260811_FULL_v1,L1_ELIGIBILITY,v2026-08-11,2026-03-21..2026-08-06,baccarat_bet02_101_all_pairs_incl_sentinel,round_win = game_pnl > 0 (decisive only),COMPATIBILITY_ONLY_NOT_PRODUCTION,151076.0443,140389.6870,6643.6888,715,475,-0.04397579,,-0.04397579,-0.04397579,-6643.6888,151076.0443,OK,0.0000,265.7476,4.0000,96.0000,AG03-UNRESOLVED,ALL5_LEVELS_bet23_to_bet27,265.7476,265.7476,265.7476,332.1844,332.1844,4.000000,4.000000,4.000000,5.000000,5.000000,96.000000,96.000000,96.000000,95.000000,95.000000,5.0,1461.6115,1338.8744,5182.0773,5304.8144,PENDING_AG03,FALSE,NOT_FOR_ENFORCEMENT,6377.9413,134774.0995,6643.6888,6377.9413,265.7476,0.04397579,0.04221676,265.7476,6377.9413,0.04221676,265.7476,265.7476,265.7476,332.1844,332.1844,6377.9413,0.04221676,1461.6115,1338.8744,5182.0773,5304.8144,0.03430112,0.03511354,0.00175903,211.2952,295.5572,13.9867,369.0938,47.1184,8393.1136,26.3889,,211.2952,21.0824,109.6283,221.0802,632.4711,1038.5726,1054.1184,103.8573,-11.0045,9.47358,9.615384,1.927378,30,83,23,8,0E-8,0.04397579,,0E-8,0.000000,0.929265,0.000000,,2026-03-24,2026-06-13,18,141,123,82,0.219512,,,0.000000,,,,,,,,GLOBAL_BASELINE_NO_ENTITY_RANKING,,,NOT_APPLICABLE_GLOBAL_BASELINE,HF9g-P5,,,,X 全窗基线 · 不参与实体赏罚,14193330,1420,A168_HF9F_20260827_0900,2026-08-27 09:00:00
2026-06-12,147455633,2108,0,515.1320025756,294.9546143780,294.9546143780,1.0000000,3,1,0.42358970322583870,0.218271633333,1.1665226287391102,1.8924712330191793,1.1665226287391102,0.20531806989283870,ELIGIBLE,R03b_20260811_FULL_v1,L1_ELIGIBILITY,v2026-08-11,2026-03-21..2026-08-06,baccarat_bet02_101_all_pairs_incl_sentinel,round_win = game_pnl > 0 (decisive only),COMPATIBILITY_ONLY_NOT_PRODUCTION,151076.0443,140389.6870,6643.6888,715,475,-0.04397579,,-0.04397579,-0.04397579,-6643.6888,151076.0443,OK,0.0000,265.7476,4.0000,96.0000,AG03-UNRESOLVED,ALL5_LEVELS_bet23_to_bet27,265.7476,265.7476,265.7476,332.1844,332.1844,4.000000,4.000000,4.000000,5.000000,5.000000,96.000000,96.000000,96.000000,95.000000,95.000000,5.0,1461.6115,1338.8744,5182.0773,5304.8144,PENDING_AG03,FALSE,NOT_FOR_ENFORCEMENT,6377.9413,134774.0995,6643.6888,6377.9413,265.7476,0.04397579,0.04221676,265.7476,6377.9413,0.04221676,265.7476,265.7476,265.7476,332.1844,332.1844,6377.9413,0.04221676,1461.6115,1338.8744,5182.0773,5304.8144,0.03430112,0.03511354,0.00175903,211.2952,295.5572,13.9867,369.0938,47.1184,8393.1136,26.3889,,211.2952,21.0824,109.6283,221.0802,632.4711,1038.5726,1054.1184,103.8573,-11.0045,9.47358,9.615384,1.927378,30,83,23,8,0E-8,0.04397579,,0E-8,0.000000,0.929265,0.000000,,2026-03-24,2026-06-13,18,141,123,82,0.219512,,,0.000000,,,,,,,,GLOBAL_BASELINE_NO_ENTITY_RANKING,,,NOT_APPLICABLE_GLOBAL_BASELINE,HF9g-P5,,,,X 全窗基线 · 不参与实体赏罚,14193331,1420,A168_HF9F_20260827_0900,2026-08-27 09:00:00
2026-06-12,147455633,2152,0,20.7714517168,20.7714517168,20.7714517168,1.0000000,1,1,0.49324550000000000,0.493245500000,1.01360149184955,1.01360149184955,1.01360149184955,0E-17,ELIGIBLE,R03b_20260811_FULL_v1,L1_ELIGIBILITY,v2026-08-11,2026-03-21..2026-08-06,baccarat_bet02_101_all_pairs_incl_sentinel,round_win = game_pnl > 0 (decisive only),COMPATIBILITY_ONLY_NOT_PRODUCTION,151076.0443,140389.6870,6643.6888,715,475,-0.04397579,,-0.04397579,-0.04397579,-6643.6888,151076.0443,OK,0.0000,265.7476,4.0000,96.0000,AG03-UNRESOLVED,ALL5_LEVELS_bet23_to_bet27,265.7476,265.7476,265.7476,332.1844,332.1844,4.000000,4.000000,4.000000,5.000000,5.000000,96.000000,96.000000,96.000000,95.000000,95.000000,5.0,1461.6115,1338.8744,5182.0773,5304.8144,PENDING_AG03,FALSE,NOT_FOR_ENFORCEMENT,6377.9413,134774.0995,6643.6888,6377.9413,265.7476,0.04397579,0.04221676,265.7476,6377.9413,0.04221676,265.7476,265.7476,265.7476,332.1844,332.1844,6377.9413,0.04221676,1461.6115,1338.8744,5182.0773,5304.8144,0.03430112,0.03511354,0.00175903,211.2952,295.5572,13.9867,369.0938,47.1184,8393.1136,26.3889,,211.2952,21.0824,109.6283,221.0802,632.4711,1038.5726,1054.1184,103.8573,-11.0045,9.47358,9.615384,1.927378,30,83,23,8,0E-8,0.04397579,,0E-8,0.000000,0.929265,0.000000,,2026-03-24,2026-06-13,18,141,123,82,0.219512,,,0.000000,,,,,,,,GLOBAL_BASELINE_NO_ENTITY_RANKING,,,NOT_APPLICABLE_GLOBAL_BASELINE,HF9g-P5,,,,X 全窗基线 · 不参与实体赏罚,14193332,1420,A168_HF9F_20260827_0900,2026-08-27 09:00:00
2026-06-12,147455633,2216,0,1246.2871030056,-1246.2871030056,-1246.2871030056,0E-7,3,1,0.43455593333333333,0.218271633333,-0.8766535915324263,-0.5284096173047961,-0.8766535915324263,0.21628430000033333,ELIGIBLE,R03b_20260811_FULL_v1,L1_ELIGIBILITY,v2026-08-11,2026-03-21..2026-08-06,baccarat_bet02_101_all_pairs_incl_sentinel,round_win = game_pnl > 0 (decisive only),COMPATIBILITY_ONLY_NOT_PRODUCTION,151076.0443,140389.6870,6643.6888,715,475,-0.04397579,,-0.04397579,-0.04397579,-6643.6888,151076.0443,OK,0.0000,265.7476,4.0000,96.0000,AG03-UNRESOLVED,ALL5_LEVELS_bet23_to_bet27,265.7476,265.7476,265.7476,332.1844,332.1844,4.000000,4.000000,4.000000,5.000000,5.000000,96.000000,96.000000,96.000000,95.000000,95.000000,5.0,1461.6115,1338.8744,5182.0773,5304.8144,PENDING_AG03,FALSE,NOT_FOR_ENFORCEMENT,6377.9413,134774.0995,6643.6888,6377.9413,265.7476,0.04397579,0.04221676,265.7476,6377.9413,0.04221676,265.7476,265.7476,265.7476,332.1844,332.1844,6377.9413,0.04221676,1461.6115,1338.8744,5182.0773,5304.8144,0.03430112,0.03511354,0.00175903,211.2952,295.5572,13.9867,369.0938,47.1184,8393.1136,26.3889,,211.2952,21.0824,109.6283,221.0802,632.4711,1038.5726,1054.1184,103.8573,-11.0045,9.47358,9.615384,1.927378,30,83,23,8,0E-8,0.04397579,,0E-8,0.000000,0.929265,0.000000,,2026-03-24,2026-06-13,18,141,123,82,0.219512,,,0.000000,,,,,,,,GLOBAL_BASELINE_NO_ENTITY_RANKING,,,NOT_APPLICABLE_GLOBAL_BASELINE,HF9g-P5,,,,X 全窗基线 · 不参与实体赏罚,14193333,1420,A168_HF9F_20260827_0900,2026-08-27 09:00:00
2026-06-12,147455633,994,0,471.5119539705,-471.5119539705,-471.5119539705,0E-7,1,1,0.49324550000000000,0.493245500000,-0.9865810262130424,-0.9865810262130424,-0.9865810262130424,0E-17,ELIGIBLE,R03b_20260811_FULL_v1,L1_ELIGIBILITY,v2026-08-11,2026-03-21..2026-08-06,baccarat_bet02_101_all_pairs_incl_sentinel,round_win = game_pnl > 0 (decisive only),COMPATIBILITY_ONLY_NOT_PRODUCTION,151076.0443,140389.6870,6643.6888,715,475,-0.04397579,,-0.04397579,-0.04397579,-6643.6888,151076.0443,OK,0.0000,265.7476,4.0000,96.0000,AG03-UNRESOLVED,ALL5_LEVELS_bet23_to_bet27,265.7476,265.7476,265.7476,332.1844,332.1844,4.000000,4.000000,4.000000,5.000000,5.000000,96.000000,96.000000,96.000000,95.000000,95.000000,5.0,1461.6115,1338.8744,5182.0773,5304.8144,PENDING_AG03,FALSE,NOT_FOR_ENFORCEMENT,6377.9413,134774.0995,6643.6888,6377.9413,265.7476,0.04397579,0.04221676,265.7476,6377.9413,0.04221676,265.7476,265.7476,265.7476,332.1844,332.1844,6377.9413,0.04221676,1461.6115,1338.8744,5182.0773,5304.8144,0.03430112,0.03511354,0.00175903,211.2952,295.5572,13.9867,369.0938,47.1184,8393.1136,26.3889,,211.2952,21.0824,109.6283,221.0802,632.4711,1038.5726,1054.1184,103.8573,-11.0045,9.47358,9.615384,1.927378,30,83,23,8,0E-8,0.04397579,,0E-8,0.000000,0.929265,0.000000,,2026-03-24,2026-06-13,18,141,123,82,0.219512,,,0.000000,,,,,,,,GLOBAL_BASELINE_NO_ENTITY_RANKING,,,NOT_APPLICABLE_GLOBAL_BASELINE,HF9g-P5,,,,X 全窗基线 · 不参与实体赏罚,14193334,1420,A168_HF9F_20260827_0900,2026-08-27 09:00:00
2026-06-13,147455633,-1,1,1765.5733959246,-1765.5733959246,-1765.5733959246,0E-7,4,3,0.48522760000000000,0.429039250000,-1.6816118085454301,-1.501433192342098,-1.6816118085454301,0.05618835000000000,SENTINEL_DEALER,R03b_20260811_FULL_v1,L1_ELIGIBILITY,v2026-08-11,2026-03-21..2026-08-06,baccarat_bet02_101_all_pairs_incl_sentinel,round_win = game_pnl > 0 (decisive only),COMPATIBILITY_ONLY_NOT_PRODUCTION,151076.0443,140389.6870,6643.6888,715,475,-0.04397579,,-0.04397579,-0.04397579,-6643.6888,151076.0443,OK,0.0000,265.7476,4.0000,96.0000,AG03-UNRESOLVED,ALL5_LEVELS_bet23_to_bet27,265.7476,265.7476,265.7476,332.1844,332.1844,4.000000,4.000000,4.000000,5.000000,5.000000,96.000000,96.000000,96.000000,95.000000,95.000000,5.0,1461.6115,1338.8744,5182.0773,5304.8144,PENDING_AG03,FALSE,NOT_FOR_ENFORCEMENT,6377.9413,134774.0995,6643.6888,6377.9413,265.7476,0.04397579,0.04221676,265.7476,6377.9413,0.04221676,265.7476,265.7476,265.7476,332.1844,332.1844,6377.9413,0.04221676,1461.6115,1338.8744,5182.0773,5304.8144,0.03430112,0.03511354,0.00175903,211.2952,295.5572,13.9867,369.0938,47.1184,8393.1136,26.3889,,211.2952,21.0824,109.6283,221.0802,632.4711,1038.5726,1054.1184,103.8573,-11.0045,9.47358,9.615384,1.927378,30,83,23,8,0E-8,0.04397579,,0E-8,0.000000,0.929265,0.000000,,2026-03-24,2026-06-13,18,141,123,82,0.219512,,,0.000000,,,,,,,,GLOBAL_BASELINE_NO_ENTITY_RANKING,,,NOT_APPLICABLE_GLOBAL_BASELINE,HF9g-P5,,,,X 全窗基线 · 不参与实体赏罚,14193335,1420,A168_HF9F_20260827_0900,2026-08-27 09:00:00
2026-06-13,147455633,1402,0,519.2862929190,-519.2862929190,-519.2862929190,0E-7,1,1,0.49324550000000000,0.493245500000,-0.9865810262130424,-0.9865810262130424,-0.9865810262130424,0E-17,ELIGIBLE,R03b_20260811_FULL_v1,L1_ELIGIBILITY,v2026-08-11,2026-03-21..2026-08-06,baccarat_bet02_101_all_pairs_incl_sentinel,round_win = game_pnl > 0 (decisive only),COMPATIBILITY_ONLY_NOT_PRODUCTION,151076.0443,140389.6870,6643.6888,715,475,-0.04397579,,-0.04397579,-0.04397579,-6643.6888,151076.0443,OK,0.0000,265.7476,4.0000,96.0000,AG03-UNRESOLVED,ALL5_LEVELS_bet23_to_bet27,265.7476,265.7476,265.7476,332.1844,332.1844,4.000000,4.000000,4.000000,5.000000,5.000000,96.000000,96.000000,96.000000,95.000000,95.000000,5.0,1461.6115,1338.8744,5182.0773,5304.8144,PENDING_AG03,FALSE,NOT_FOR_ENFORCEMENT,6377.9413,134774.0995,6643.6888,6377.9413,265.7476,0.04397579,0.04221676,265.7476,6377.9413,0.04221676,265.7476,265.7476,265.7476,332.1844,332.1844,6377.9413,0.04221676,1461.6115,1338.8744,5182.0773,5304.8144,0.03430112,0.03511354,0.00175903,211.2952,295.5572,13.9867,369.0938,47.1184,8393.1136,26.3889,,211.2952,21.0824,109.6283,221.0802,632.4711,1038.5726,1054.1184,103.8573,-11.0045,9.47358,9.615384,1.927378,30,83,23,8,0E-8,0.04397579,,0E-8,0.000000,0.929265,0.000000,,2026-03-24,2026-06-13,18,141,123,82,0.219512,,,0.000000,,,,,,,,GLOBAL_BASELINE_NO_ENTITY_RANKING,,,NOT_APPLICABLE_GLOBAL_BASELINE,HF9g-P5,,,,X 全窗基线 · 不参与实体赏罚,14193336,1420,A168_HF9F_20260827_0900,2026-08-27 09:00:00
2026-06-13,147455633,2235,0,519.2862929190,-519.2862929190,-519.2862929190,0E-7,1,1,0.49324550000000000,0.493245500000,-0.9865810262130424,-0.9865810262130424,-0.9865810262130424,0E-17,ELIGIBLE,R03b_20260811_FULL_v1,L1_ELIGIBILITY,v2026-08-11,2026-03-21..2026-08-06,baccarat_bet02_101_all_pairs_incl_sentinel,round_win = game_pnl > 0 (decisive only),COMPATIBILITY_ONLY_NOT_PRODUCTION,151076.0443,140389.6870,6643.6888,715,475,-0.04397579,,-0.04397579,-0.04397579,-6643.6888,151076.0443,OK,0.0000,265.7476,4.0000,96.0000,AG03-UNRESOLVED,ALL5_LEVELS_bet23_to_bet27,265.7476,265.7476,265.7476,332.1844,332.1844,4.000000,4.000000,4.000000,5.000000,5.000000,96.000000,96.000000,96.000000,95.000000,95.000000,5.0,1461.6115,1338.8744,5182.0773,5304.8144,PENDING_AG03,FALSE,NOT_FOR_ENFORCEMENT,6377.9413,134774.0995,6643.6888,6377.9413,265.7476,0.04397579,0.04221676,265.7476,6377.9413,0.04221676,265.7476,265.7476,265.7476,332.1844,332.1844,6377.9413,0.04221676,1461.6115,1338.8744,5182.0773,5304.8144,0.03430112,0.03511354,0.00175903,211.2952,295.5572,13.9867,369.0938,47.1184,8393.1136,26.3889,,211.2952,21.0824,109.6283,221.0802,632.4711,1038.5726,1054.1184,103.8573,-11.0045,9.47358,9.615384,1.927378,30,83,23,8,0E-8,0.04397579,,0E-8,0.000000,0.929265,0.000000,,2026-03-24,2026-06-13,18,141,123,82,0.219512,,,0.000000,,,,,,,,GLOBAL_BASELINE_NO_ENTITY_RANKING,,,NOT_APPLICABLE_GLOBAL_BASELINE,HF9g-P5,,,,X 全窗基线 · 不参与实体赏罚,14193337,1420,A168_HF9F_20260827_0900,2026-08-27 09:00:00
2026-06-13,147455633,2267,0,264.4205803544,-264.4205803544,-264.4205803544,0E-7,1,1,0.50665070000000000,0.506650700000,-1.013391052207602,-1.013391052207602,-1.013391052207602,0E-17,ELIGIBLE,R03b_20260811_FULL_v1,L1_ELIGIBILITY,v2026-08-11,2026-03-21..2026-08-06,baccarat_bet02_101_all_pairs_incl_sentinel,round_win = game_pnl > 0 (decisive only),COMPATIBILITY_ONLY_NOT_PRODUCTION,151076.0443,140389.6870,6643.6888,715,475,-0.04397579,,-0.04397579,-0.04397579,-6643.6888,151076.0443,OK,0.0000,265.7476,4.0000,96.0000,AG03-UNRESOLVED,ALL5_LEVELS_bet23_to_bet27,265.7476,265.7476,265.7476,332.1844,332.1844,4.000000,4.000000,4.000000,5.000000,5.000000,96.000000,96.000000,96.000000,95.000000,95.000000,5.0,1461.6115,1338.8744,5182.0773,5304.8144,PENDING_AG03,FALSE,NOT_FOR_ENFORCEMENT,6377.9413,134774.0995,6643.6888,6377.9413,265.7476,0.04397579,0.04221676,265.7476,6377.9413,0.04221676,265.7476,265.7476,265.7476,332.1844,332.1844,6377.9413,0.04221676,1461.6115,1338.8744,5182.0773,5304.8144,0.03430112,0.03511354,0.00175903,211.2952,295.5572,13.9867,369.0938,47.1184,8393.1136,26.3889,,211.2952,21.0824,109.6283,221.0802,632.4711,1038.5726,1054.1184,103.8573,-11.0045,9.47358,9.615384,1.927378,30,83,23,8,0E-8,0.04397579,,0E-8,0.000000,0.929265,0.000000,,2026-03-24,2026-06-13,18,141,123,82,0.219512,,,0.000000,,,,,,,,GLOBAL_BASELINE_NO_ENTITY_RANKING,,,NOT_APPLICABLE_GLOBAL_BASELINE,HF9g-P5,,,,X 全窗基线 · 不参与实体赏罚,14193338,1420,A168_HF9F_20260827_0900,2026-08-27 09:00:00
2026-06-13,147455633,948,0,48.8129115344,-48.8129115344,-48.8129115344,0E-7,1,1,0.50665070000000000,0.506650700000,-1.013391052207602,-1.013391052207602,-1.013391052207602,0E-17,ELIGIBLE,R03b_20260811_FULL_v1,L1_ELIGIBILITY,v2026-08-11,2026-03-21..2026-08-06,baccarat_bet02_101_all_pairs_incl_sentinel,round_win = game_pnl > 0 (decisive only),COMPATIBILITY_ONLY_NOT_PRODUCTION,151076.0443,140389.6870,6643.6888,715,475,-0.04397579,,-0.04397579,-0.04397579,-6643.6888,151076.0443,OK,0.0000,265.7476,4.0000,96.0000,AG03-UNRESOLVED,ALL5_LEVELS_bet23_to_bet27,265.7476,265.7476,265.7476,332.1844,332.1844,4.000000,4.000000,4.000000,5.000000,5.000000,96.000000,96.000000,96.000000,95.000000,95.000000,5.0,1461.6115,1338.8744,5182.0773,5304.8144,PENDING_AG03,FALSE,NOT_FOR_ENFORCEMENT,6377.9413,134774.0995,6643.6888,6377.9413,265.7476,0.04397579,0.04221676,265.7476,6377.9413,0.04221676,265.7476,265.7476,265.7476,332.1844,332.1844,6377.9413,0.04221676,1461.6115,1338.8744,5182.0773,5304.8144,0.03430112,0.03511354,0.00175903,211.2952,295.5572,13.9867,369.0938,47.1184,8393.1136,26.3889,,211.2952,21.0824,109.6283,221.0802,632.4711,1038.5726,1054.1184,103.8573,-11.0045,9.47358,9.615384,1.927378,30,83,23,8,0E-8,0.04397579,,0E-8,0.000000,0.929265,0.000000,,2026-03-24,2026-06-13,18,141,123,82,0.219512,,,0.000000,,,,,,,,GLOBAL_BASELINE_NO_ENTITY_RANKING,,,NOT_APPLICABLE_GLOBAL_BASELINE,HF9g-P5,,,,X 全窗基线 · 不参与实体赏罚,14193339,1420,A168_HF9F_20260827_0900,2026-08-27 09:00:00
2026-05-12,137070871,1306,0,1790.2547869855,72.6480203417,72.6480203417,0.4444444,18,18,0.49920336666666667,0.499203366667,-0.46464545255690687,-0.4646454525597349,-0.46464545255690687,-3.3333E-13,ELIGIBLE,R03b_20260811_FULL_v1,L1_ELIGIBILITY,v2026-08-11,2026-03-21..2026-08-06,baccarat_bet02_101_all_pairs_incl_sentinel,round_win = game_pnl > 0 (decisive only),COMPATIBILITY_ONLY_NOT_PRODUCTION,630814.5920,577721.2471,6644.3283,4370,4077,-0.01053293,-0.02940797,-0.00432247,-0.01053293,-6644.3283,630814.5920,OK,0.0000,265.7731,4.0000,96.0000,AG03-UNRESOLVED,ALL5_LEVELS_bet23_to_bet27,265.7731,265.7731,265.7731,332.2164,332.2164,4.000000,4.000000,4.000000,5.000000,5.000000,96.000000,96.000000,96.000000,95.000000,95.000000,5.0,1461.7522,1339.0033,5182.5761,5305.325,PENDING_AG03,FALSE,NOT_FOR_ENFORCEMENT,6378.5552,554612.3973,6644.3283,6378.5552,265.7731,0.01053293,0.01011162,265.7731,6378.5552,0.01011162,265.7731,265.7731,265.7731,332.2164,332.2164,6378.5552,0.01011162,1461.7522,1339.0033,5182.5761,5305.325,0.00821569,0.00841028,0.00042132,144.3512,141.7025,1.6297,93.5821,10.0216,8884.7126,57.4225,158.2289,140.3023,51.4311,102.8621,129.7286,258.1778,514.3107,1008.3546,77.1466,0.0,5.0,9.802971,1.403346,17,104,92,7,0.24757185,0.01053293,0.02940797,0E-8,0.000000,0.915834,0.000000,-0.02508550,2026-05-12,2026-08-06,71,663,310,87,0.816092,1.127771,1.096139,0.825239,,,,,,,,GLOBAL_BASELINE_NO_ENTITY_RANKING,,,NOT_APPLICABLE_GLOBAL_BASELINE,HF9g-P5,,,,X 全窗基线 · 不参与实体赏罚,14193340,1420,A168_HF9F_20260827_0900,2026-08-27 09:00:00
2026-05-12,137070871,2103,0,700.5344818640,419.0234030409,419.0234030409,0.8000000,5,5,0.50396966000000000,0.503969660000,1.3239296534401845,1.3239296534401845,1.3239296534401845,0E-17,ELIGIBLE,R03b_20260811_FULL_v1,L1_ELIGIBILITY,v2026-08-11,2026-03-21..2026-08-06,baccarat_bet02_101_all_pairs_incl_sentinel,round_win = game_pnl > 0 (decisive only),COMPATIBILITY_ONLY_NOT_PRODUCTION,630814.5920,577721.2471,6644.3283,4370,4077,-0.01053293,-0.02940797,-0.00432247,-0.01053293,-6644.3283,630814.5920,OK,0.0000,265.7731,4.0000,96.0000,AG03-UNRESOLVED,ALL5_LEVELS_bet23_to_bet27,265.7731,265.7731,265.7731,332.2164,332.2164,4.000000,4.000000,4.000000,5.000000,5.000000,96.000000,96.000000,96.000000,95.000000,95.000000,5.0,1461.7522,1339.0033,5182.5761,5305.325,PENDING_AG03,FALSE,NOT_FOR_ENFORCEMENT,6378.5552,554612.3973,6644.3283,6378.5552,265.7731,0.01053293,0.01011162,265.7731,6378.5552,0.01011162,265.7731,265.7731,265.7731,332.2164,332.2164,6378.5552,0.01011162,1461.7522,1339.0033,5182.5761,5305.325,0.00821569,0.00841028,0.00042132,144.3512,141.7025,1.6297,93.5821,10.0216,8884.7126,57.4225,158.2289,140.3023,51.4311,102.8621,129.7286,258.1778,514.3107,1008.3546,77.1466,0.0,5.0,9.802971,1.403346,17,104,92,7,0.24757185,0.01053293,0.02940797,0E-8,0.000000,0.915834,0.000000,-0.02508550,2026-05-12,2026-08-06,71,663,310,87,0.816092,1.127771,1.096139,0.825239,,,,,,,,GLOBAL_BASELINE_NO_ENTITY_RANKING,,,NOT_APPLICABLE_GLOBAL_BASELINE,HF9g-P5,,,,X 全窗基线 · 不参与实体赏罚,14193341,1420,A168_HF9F_20260827_0900,2026-08-27 09:00:00
2026-05-12,137070871,2233,0,2412.9521041980,502.0497120028,502.0497120028,0.5714286,23,23,0.50373652608695652,0.503736526087,0.6204251679803481,0.6204251679799501,0.6204251679803481,-4.348E-14,ELIGIBLE,R03b_20260811_FULL_v1,L1_ELIGIBILITY,v2026-08-11,2026-03-21..2026-08-06,baccarat_bet02_101_all_pairs_incl_sentinel,round_win = game_pnl > 0 (decisive only),COMPATIBILITY_ONLY_NOT_PRODUCTION,630814.5920,577721.2471,6644.3283,4370,4077,-0.01053293,-0.02940797,-0.00432247,-0.01053293,-6644.3283,630814.5920,OK,0.0000,265.7731,4.0000,96.0000,AG03-UNRESOLVED,ALL5_LEVELS_bet23_to_bet27,265.7731,265.7731,265.7731,332.2164,332.2164,4.000000,4.000000,4.000000,5.000000,5.000000,96.000000,96.000000,96.000000,95.000000,95.000000,5.0,1461.7522,1339.0033,5182.5761,5305.325,PENDING_AG03,FALSE,NOT_FOR_ENFORCEMENT,6378.5552,554612.3973,6644.3283,6378.5552,265.7731,0.01053293,0.01011162,265.7731,6378.5552,0.01011162,265.7731,265.7731,265.7731,332.2164,332.2164,6378.5552,0.01011162,1461.7522,1339.0033,5182.5761,5305.325,0.00821569,0.00841028,0.00042132,144.3512,141.7025,1.6297,93.5821,10.0216,8884.7126,57.4225,158.2289,140.3023,51.4311,102.8621,129.7286,258.1778,514.3107,1008.3546,77.1466,0.0,5.0,9.802971,1.403346,17,104,92,7,0.24757185,0.01053293,0.02940797,0E-8,0.000000,0.915834,0.000000,-0.02508550,2026-05-12,2026-08-06,71,663,310,87,0.816092,1.127771,1.096139,0.825239,,,,,,,,GLOBAL_BASELINE_NO_ENTITY_RANKING,,,NOT_APPLICABLE_GLOBAL_BASELINE,HF9g-P5,,,,X 全窗基线 · 不参与实体赏罚,14193342,1420,A168_HF9F_20260827_0900,2026-08-27 09:00:00
2026-05-13,137070871,1646,0,596.7515956616,216.6467749470,216.6467749470,0.6666667,10,10,0.50262914000000000,0.502629140000,0.9842387669531621,0.9842387669531623,0.9842387669531621,0E-17,ELIGIBLE,R03b_20260811_FULL_v1,L1_ELIGIBILITY,v2026-08-11,2026-03-21..2026-08-06,baccarat_bet02_101_all_pairs_incl_sentinel,round_win = game_pnl > 0 (decisive only),COMPATIBILITY_ONLY_NOT_PRODUCTION,630814.5920,577721.2471,6644.3283,4370,4077,-0.01053293,-0.02940797,-0.00432247,-0.01053293,-6644.3283,630814.5920,OK,0.0000,265.7731,4.0000,96.0000,AG03-UNRESOLVED,ALL5_LEVELS_bet23_to_bet27,265.7731,265.7731,265.7731,332.2164,332.2164,4.000000,4.000000,4.000000,5.000000,5.000000,96.000000,96.000000,96.000000,95.000000,95.000000,5.0,1461.7522,1339.0033,5182.5761,5305.325,PENDING_AG03,FALSE,NOT_FOR_ENFORCEMENT,6378.5552,554612.3973,6644.3283,6378.5552,265.7731,0.01053293,0.01011162,265.7731,6378.5552,0.01011162,265.7731,265.7731,265.7731,332.2164,332.2164,6378.5552,0.01011162,1461.7522,1339.0033,5182.5761,5305.325,0.00821569,0.00841028,0.00042132,144.3512,141.7025,1.6297,93.5821,10.0216,8884.7126,57.4225,158.2289,140.3023,51.4311,102.8621,129.7286,258.1778,514.3107,1008.3546,77.1466,0.0,5.0,9.802971,1.403346,17,104,92,7,0.24757185,0.01053293,0.02940797,0E-8,0.000000,0.915834,0.000000,-0.02508550,2026-05-12,2026-08-06,71,663,310,87,0.816092,1.127771,1.096139,0.825239,,,,,,,,GLOBAL_BASELINE_NO_ENTITY_RANKING,,,NOT_APPLICABLE_GLOBAL_BASELINE,HF9g-P5,,,,X 全窗基线 · 不参与实体赏罚,14193343,1420,A168_HF9F_20260827_0900,2026-08-27 09:00:00
2026-05-13,137070871,752,0,1997.8205593894,41.5131544812,41.5131544812,0.5000000,21,21,0.50218230000000000,0.502182300000,-0.019519270508523926,-0.019519270508523926,-0.019519270508523926,0E-17,ELIGIBLE,R03b_20260811_FULL_v1,L1_ELIGIBILITY,v2026-08-11,2026-03-21..2026-08-06,baccarat_bet02_101_all_pairs_incl_sentinel,round_win = game_pnl > 0 (decisive only),COMPATIBILITY_ONLY_NOT_PRODUCTION,630814.5920,577721.2471,6644.3283,4370,4077,-0.01053293,-0.02940797,-0.00432247,-0.01053293,-6644.3283,630814.5920,OK,0.0000,265.7731,4.0000,96.0000,AG03-UNRESOLVED,ALL5_LEVELS_bet23_to_bet27,265.7731,265.7731,265.7731,332.2164,332.2164,4.000000,4.000000,4.000000,5.000000,5.000000,96.000000,96.000000,96.000000,95.000000,95.000000,5.0,1461.7522,1339.0033,5182.5761,5305.325,PENDING_AG03,FALSE,NOT_FOR_ENFORCEMENT,6378.5552,554612.3973,6644.3283,6378.5552,265.7731,0.01053293,0.01011162,265.7731,6378.5552,0.01011162,265.7731,265.7731,265.7731,332.2164,332.2164,6378.5552,0.01011162,1461.7522,1339.0033,5182.5761,5305.325,0.00821569,0.00841028,0.00042132,144.3512,141.7025,1.6297,93.5821,10.0216,8884.7126,57.4225,158.2289,140.3023,51.4311,102.8621,129.7286,258.1778,514.3107,1008.3546,77.1466,0.0,5.0,9.802971,1.403346,17,104,92,7,0.24757185,0.01053293,0.02940797,0E-8,0.000000,0.915834,0.000000,-0.02508550,2026-05-12,2026-08-06,71,663,310,87,0.816092,1.127771,1.096139,0.825239,,,,,,,,GLOBAL_BASELINE_NO_ENTITY_RANKING,,,NOT_APPLICABLE_GLOBAL_BASELINE,HF9g-P5,,,,X 全窗基线 · 不参与实体赏罚,14193344,1420,A168_HF9F_20260827_0900,2026-08-27 09:00:00
2026-05-13,137070871,925,0,515.8009444240,-260.2355871515,-260.2355871515,0.2000000,10,10,0.49994810000000000,0.499948100000,-1.897038361899665,-1.897038361899665,-1.897038361899665,0E-17,ELIGIBLE,R03b_20260811_FULL_v1,L1_ELIGIBILITY,v2026-08-11,2026-03-21..2026-08-06,baccarat_bet02_101_all_pairs_incl_sentinel,round_win = game_pnl > 0 (decisive only),COMPATIBILITY_ONLY_NOT_PRODUCTION,630814.5920,577721.2471,6644.3283,4370,4077,-0.01053293,-0.02940797,-0.00432247,-0.01053293,-6644.3283,630814.5920,OK,0.0000,265.7731,4.0000,96.0000,AG03-UNRESOLVED,ALL5_LEVELS_bet23_to_bet27,265.7731,265.7731,265.7731,332.2164,332.2164,4.000000,4.000000,4.000000,5.000000,5.000000,96.000000,96.000000,96.000000,95.000000,95.000000,5.0,1461.7522,1339.0033,5182.5761,5305.325,PENDING_AG03,FALSE,NOT_FOR_ENFORCEMENT,6378.5552,554612.3973,6644.3283,6378.5552,265.7731,0.01053293,0.01011162,265.7731,6378.5552,0.01011162,265.7731,265.7731,265.7731,332.2164,332.2164,6378.5552,0.01011162,1461.7522,1339.0033,5182.5761,5305.325,0.00821569,0.00841028,0.00042132,144.3512,141.7025,1.6297,93.5821,10.0216,8884.7126,57.4225,158.2289,140.3023,51.4311,102.8621,129.7286,258.1778,514.3107,1008.3546,77.1466,0.0,5.0,9.802971,1.403346,17,104,92,7,0.24757185,0.01053293,0.02940797,0E-8,0.000000,0.915834,0.000000,-0.02508550,2026-05-12,2026-08-06,71,663,310,87,0.816092,1.127771,1.096139,0.825239,,,,,,,,GLOBAL_BASELINE_NO_ENTITY_RANKING,,,NOT_APPLICABLE_GLOBAL_BASELINE,HF9g-P5,,,,X 全窗基线 · 不参与实体赏罚,14193345,1420,A168_HF9F_20260827_0900,2026-08-27 09:00:00
2026-05-19,137070871,2235,0,103.7828862020,-103.7828862020,-103.7828862020,0E-7,2,2,0.50665070000000000,0.506650700000,-1.4331513700195317,-1.4331513700195317,-1.4331513700195317,0E-17,ELIGIBLE,R03b_20260811_FULL_v1,L1_ELIGIBILITY,v2026-08-11,2026-03-21..2026-08-06,baccarat_bet02_101_all_pairs_incl_sentinel,round_win = game_pnl > 0 (decisive only),COMPATIBILITY_ONLY_NOT_PRODUCTION,630814.5920,577721.2471,6644.3283,4370,4077,-0.01053293,-0.02940797,-0.00432247,-0.01053293,-6644.3283,630814.5920,OK,0.0000,265.7731,4.0000,96.0000,AG03-UNRESOLVED,ALL5_LEVELS_bet23_to_bet27,265.7731,265.7731,265.7731,332.2164,332.2164,4.000000,4.000000,4.000000,5.000000,5.000000,96.000000,96.000000,96.000000,95.000000,95.000000,5.0,1461.7522,1339.0033,5182.5761,5305.325,PENDING_AG03,FALSE,NOT_FOR_ENFORCEMENT,6378.5552,554612.3973,6644.3283,6378.5552,265.7731,0.01053293,0.01011162,265.7731,6378.5552,0.01011162,265.7731,265.7731,265.7731,332.2164,332.2164,6378.5552,0.01011162,1461.7522,1339.0033,5182.5761,5305.325,0.00821569,0.00841028,0.00042132,144.3512,141.7025,1.6297,93.5821,10.0216,8884.7126,57.4225,158.2289,140.3023,51.4311,102.8621,129.7286,258.1778,514.3107,1008.3546,77.1466,0.0,5.0,9.802971,1.403346,17,104,92,7,0.24757185,0.01053293,0.02940797,0E-8,0.000000,0.915834,0.000000,-0.02508550,2026-05-12,2026-08-06,71,663,310,87,0.816092,1.127771,1.096139,0.825239,,,,,,,,GLOBAL_BASELINE_NO_ENTITY_RANKING,,,NOT_APPLICABLE_GLOBAL_BASELINE,HF9g-P5,,,,X 全窗基线 · 不参与实体赏罚,14193346,1420,A168_HF9F_20260827_0900,2026-08-27 09:00:00
2026-05-20,137070871,1645,0,805.6146541433,88.1505889681,88.1505889681,0.4615385,16,16,0.50078592500000000,0.500785925000,-0.2830178335130071,-0.2830178335130071,-0.2830178335130071,0E-17,ELIGIBLE,R03b_20260811_FULL_v1,L1_ELIGIBILITY,v2026-08-11,2026-03-21..2026-08-06,baccarat_bet02_101_all_pairs_incl_sentinel,round_win = game_pnl > 0 (decisive only),COMPATIBILITY_ONLY_NOT_PRODUCTION,630814.5920,577721.2471,6644.3283,4370,4077,-0.01053293,-0.02940797,-0.00432247,-0.01053293,-6644.3283,630814.5920,OK,0.0000,265.7731,4.0000,96.0000,AG03-UNRESOLVED,ALL5_LEVELS_bet23_to_bet27,265.7731,265.7731,265.7731,332.2164,332.2164,4.000000,4.000000,4.000000,5.000000,5.000000,96.000000,96.000000,96.000000,95.000000,95.000000,5.0,1461.7522,1339.0033,5182.5761,5305.325,PENDING_AG03,FALSE,NOT_FOR_ENFORCEMENT,6378.5552,554612.3973,6644.3283,6378.5552,265.7731,0.01053293,0.01011162,265.7731,6378.5552,0.01011162,265.7731,265.7731,265.7731,332.2164,332.2164,6378.5552,0.01011162,1461.7522,1339.0033,5182.5761,5305.325,0.00821569,0.00841028,0.00042132,144.3512,141.7025,1.6297,93.5821,10.0216,8884.7126,57.4225,158.2289,140.3023,51.4311,102.8621,129.7286,258.1778,514.3107,1008.3546,77.1466,0.0,5.0,9.802971,1.403346,17,104,92,7,0.24757185,0.01053293,0.02940797,0E-8,0.000000,0.915834,0.000000,-0.02508550,2026-05-12,2026-08-06,71,663,310,87,0.816092,1.127771,1.096139,0.825239,,,,,,,,GLOBAL_BASELINE_NO_ENTITY_RANKING,,,NOT_APPLICABLE_GLOBAL_BASELINE,HF9g-P5,,,,X 全窗基线 · 不参与实体赏罚,14193347,1420,A168_HF9F_20260827_0900,2026-08-27 09:00:00
2026-05-20,137070871,1985,0,51.8914431010,0E-10,0E-10,0.5000000,2,2,0.49994810000000000,0.499948100000,0.00014679536856514622,0.00014679536856514622,0.00014679536856514622,0E-17,ELIGIBLE,R03b_20260811_FULL_v1,L1_ELIGIBILITY,v2026-08-11,2026-03-21..2026-08-06,baccarat_bet02_101_all_pairs_incl_sentinel,round_win = game_pnl > 0 (decisive only),COMPATIBILITY_ONLY_NOT_PRODUCTION,630814.5920,577721.2471,6644.3283,4370,4077,-0.01053293,-0.02940797,-0.00432247,-0.01053293,-6644.3283,630814.5920,OK,0.0000,265.7731,4.0000,96.0000,AG03-UNRESOLVED,ALL5_LEVELS_bet23_to_bet27,265.7731,265.7731,265.7731,332.2164,332.2164,4.000000,4.000000,4.000000,5.000000,5.000000,96.000000,96.000000,96.000000,95.000000,95.000000,5.0,1461.7522,1339.0033,5182.5761,5305.325,PENDING_AG03,FALSE,NOT_FOR_ENFORCEMENT,6378.5552,554612.3973,6644.3283,6378.5552,265.7731,0.01053293,0.01011162,265.7731,6378.5552,0.01011162,265.7731,265.7731,265.7731,332.2164,332.2164,6378.5552,0.01011162,1461.7522,1339.0033,5182.5761,5305.325,0.00821569,0.00841028,0.00042132,144.3512,141.7025,1.6297,93.5821,10.0216,8884.7126,57.4225,158.2289,140.3023,51.4311,102.8621,129.7286,258.1778,514.3107,1008.3546,77.1466,0.0,5.0,9.802971,1.403346,17,104,92,7,0.24757185,0.01053293,0.02940797,0E-8,0.000000,0.915834,0.000000,-0.02508550,2026-05-12,2026-08-06,71,663,310,87,0.816092,1.127771,1.096139,0.825239,,,,,,,,GLOBAL_BASELINE_NO_ENTITY_RANKING,,,NOT_APPLICABLE_GLOBAL_BASELINE,HF9g-P5,,,,X 全窗基线 · 不参与实体赏罚,14193348,1420,A168_HF9F_20260827_0900,2026-08-27 09:00:00
2026-05-20,137070871,2130,0,895.1273934929,599.3461678172,599.3461678172,0.7500000,14,14,0.50377815714285714,0.503778157143,1.7059236700597302,1.7059236700587441,1.7059236700597302,-1.4286E-13,ELIGIBLE,R03b_20260811_FULL_v1,L1_ELIGIBILITY,v2026-08-11,2026-03-21..2026-08-06,baccarat_bet02_101_all_pairs_incl_sentinel,round_win = game_pnl > 0 (decisive only),COMPATIBILITY_ONLY_NOT_PRODUCTION,630814.5920,577721.2471,6644.3283,4370,4077,-0.01053293,-0.02940797,-0.00432247,-0.01053293,-6644.3283,630814.5920,OK,0.0000,265.7731,4.0000,96.0000,AG03-UNRESOLVED,ALL5_LEVELS_bet23_to_bet27,265.7731,265.7731,265.7731,332.2164,332.2164,4.000000,4.000000,4.000000,5.000000,5.000000,96.000000,96.000000,96.000000,95.000000,95.000000,5.0,1461.7522,1339.0033,5182.5761,5305.325,PENDING_AG03,FALSE,NOT_FOR_ENFORCEMENT,6378.5552,554612.3973,6644.3283,6378.5552,265.7731,0.01053293,0.01011162,265.7731,6378.5552,0.01011162,265.7731,265.7731,265.7731,332.2164,332.2164,6378.5552,0.01011162,1461.7522,1339.0033,5182.5761,5305.325,0.00821569,0.00841028,0.00042132,144.3512,141.7025,1.6297,93.5821,10.0216,8884.7126,57.4225,158.2289,140.3023,51.4311,102.8621,129.7286,258.1778,514.3107,1008.3546,77.1466,0.0,5.0,9.802971,1.403346,17,104,92,7,0.24757185,0.01053293,0.02940797,0E-8,0.000000,0.915834,0.000000,-0.02508550,2026-05-12,2026-08-06,71,663,310,87,0.816092,1.127771,1.096139,0.825239,,,,,,,,GLOBAL_BASELINE_NO_ENTITY_RANKING,,,NOT_APPLICABLE_GLOBAL_BASELINE,HF9g-P5,,,,X 全窗基线 · 不参与实体赏罚,14193349,1420,A168_HF9F_20260827_0900,2026-08-27 09:00:00
2026-05-20,137070871,2141,0,415.1315448080,44.1077266360,44.1077266360,0.5714286,8,8,0.50329940000000000,0.503299400000,0.36051353847308226,0.3605135384730823,0.36051353847308226,0E-17,ELIGIBLE,R03b_20260811_FULL_v1,L1_ELIGIBILITY,v2026-08-11,2026-03-21..2026-08-06,baccarat_bet02_101_all_pairs_incl_sentinel,round_win = game_pnl > 0 (decisive only),COMPATIBILITY_ONLY_NOT_PRODUCTION,630814.5920,577721.2471,6644.3283,4370,4077,-0.01053293,-0.02940797,-0.00432247,-0.01053293,-6644.3283,630814.5920,OK,0.0000,265.7731,4.0000,96.0000,AG03-UNRESOLVED,ALL5_LEVELS_bet23_to_bet27,265.7731,265.7731,265.7731,332.2164,332.2164,4.000000,4.000000,4.000000,5.000000,5.000000,96.000000,96.000000,96.000000,95.000000,95.000000,5.0,1461.7522,1339.0033,5182.5761,5305.325,PENDING_AG03,FALSE,NOT_FOR_ENFORCEMENT,6378.5552,554612.3973,6644.3283,6378.5552,265.7731,0.01053293,0.01011162,265.7731,6378.5552,0.01011162,265.7731,265.7731,265.7731,332.2164,332.2164,6378.5552,0.01011162,1461.7522,1339.0033,5182.5761,5305.325,0.00821569,0.00841028,0.00042132,144.3512,141.7025,1.6297,93.5821,10.0216,8884.7126,57.4225,158.2289,140.3023,51.4311,102.8621,129.7286,258.1778,514.3107,1008.3546,77.1466,0.0,5.0,9.802971,1.403346,17,104,92,7,0.24757185,0.01053293,0.02940797,0E-8,0.000000,0.915834,0.000000,-0.02508550,2026-05-12,2026-08-06,71,663,310,87,0.816092,1.127771,1.096139,0.825239,,,,,,,,GLOBAL_BASELINE_NO_ENTITY_RANKING,,,NOT_APPLICABLE_GLOBAL_BASELINE,HF9g-P5,,,,X 全窗基线 · 不参与实体赏罚,14193350,1420,A168_HF9F_20260827_0900,2026-08-27 09:00:00
2026-05-20,137070871,2160,0,1133.3091173265,240.5946759379,240.5946759379,0.5000000,8,8,0.50497505000000000,0.504975050000,-0.02437387448103841,-0.02437387448103841,-0.02437387448103841,0E-17,ELIGIBLE,R03b_20260811_FULL_v1,L1_ELIGIBILITY,v2026-08-11,2026-03-21..2026-08-06,baccarat_bet02_101_all_pairs_incl_sentinel,round_win = game_pnl > 0 (decisive only),COMPATIBILITY_ONLY_NOT_PRODUCTION,630814.5920,577721.2471,6644.3283,4370,4077,-0.01053293,-0.02940797,-0.00432247,-0.01053293,-6644.3283,630814.5920,OK,0.0000,265.7731,4.0000,96.0000,AG03-UNRESOLVED,ALL5_LEVELS_bet23_to_bet27,265.7731,265.7731,265.7731,332.2164,332.2164,4.000000,4.000000,4.000000,5.000000,5.000000,96.000000,96.000000,96.000000,95.000000,95.000000,5.0,1461.7522,1339.0033,5182.5761,5305.325,PENDING_AG03,FALSE,NOT_FOR_ENFORCEMENT,6378.5552,554612.3973,6644.3283,6378.5552,265.7731,0.01053293,0.01011162,265.7731,6378.5552,0.01011162,265.7731,265.7731,265.7731,332.2164,332.2164,6378.5552,0.01011162,1461.7522,1339.0033,5182.5761,5305.325,0.00821569,0.00841028,0.00042132,144.3512,141.7025,1.6297,93.5821,10.0216,8884.7126,57.4225,158.2289,140.3023,51.4311,102.8621,129.7286,258.1778,514.3107,1008.3546,77.1466,0.0,5.0,9.802971,1.403346,17,104,92,7,0.24757185,0.01053293,0.02940797,0E-8,0.000000,0.915834,0.000000,-0.02508550,2026-05-12,2026-08-06,71,663,310,87,0.816092,1.127771,1.096139,0.825239,,,,,,,,GLOBAL_BASELINE_NO_ENTITY_RANKING,,,NOT_APPLICABLE_GLOBAL_BASELINE,HF9g-P5,,,,X 全窗基线 · 不参与实体赏罚,14193351,1420,A168_HF9F_20260827_0900,2026-08-27 09:00:00
2026-05-20,137070871,2169,0,207.5657724040,-207.5657724040,-207.5657724040,0E-7,4,4,0.50329940000000000,0.503299400000,-2.013241432932159,-2.013241432932159,-2.013241432932159,0E-17,ELIGIBLE,R03b_20260811_FULL_v1,L1_ELIGIBILITY,v2026-08-11,2026-03-21..2026-08-06,baccarat_bet02_101_all_pairs_incl_sentinel,round_win = game_pnl > 0 (decisive only),COMPATIBILITY_ONLY_NOT_PRODUCTION,630814.5920,577721.2471,6644.3283,4370,4077,-0.01053293,-0.02940797,-0.00432247,-0.01053293,-6644.3283,630814.5920,OK,0.0000,265.7731,4.0000,96.0000,AG03-UNRESOLVED,ALL5_LEVELS_bet23_to_bet27,265.7731,265.7731,265.7731,332.2164,332.2164,4.000000,4.000000,4.000000,5.000000,5.000000,96.000000,96.000000,96.000000,95.000000,95.000000,5.0,1461.7522,1339.0033,5182.5761,5305.325,PENDING_AG03,FALSE,NOT_FOR_ENFORCEMENT,6378.5552,554612.3973,6644.3283,6378.5552,265.7731,0.01053293,0.01011162,265.7731,6378.5552,0.01011162,265.7731,265.7731,265.7731,332.2164,332.2164,6378.5552,0.01011162,1461.7522,1339.0033,5182.5761,5305.325,0.00821569,0.00841028,0.00042132,144.3512,141.7025,1.6297,93.5821,10.0216,8884.7126,57.4225,158.2289,140.3023,51.4311,102.8621,129.7286,258.1778,514.3107,1008.3546,77.1466,0.0,5.0,9.802971,1.403346,17,104,92,7,0.24757185,0.01053293,0.02940797,0E-8,0.000000,0.915834,0.000000,-0.02508550,2026-05-12,2026-08-06,71,663,310,87,0.816092,1.127771,1.096139,0.825239,,,,,,,,GLOBAL_BASELINE_NO_ENTITY_RANKING,,,NOT_APPLICABLE_GLOBAL_BASELINE,HF9g-P5,,,,X 全窗基线 · 不参与实体赏罚,14193352,1420,A168_HF9F_20260827_0900,2026-08-27 09:00:00
2026-05-21,137070871,1331,0,3087.5408645116,623.9946032902,623.9946032902,0.5882353,21,21,0.50026727142857143,0.500267271429,0.7254030020844869,0.7254030020809531,0.7254030020844869,-4.2857E-13,ELIGIBLE,R03b_20260811_FULL_v1,L1_ELIGIBILITY,v2026-08-11,2026-03-21..2026-08-06,baccarat_bet02_101_all_pairs_incl_sentinel,round_win = game_pnl > 0 (decisive only),COMPATIBILITY_ONLY_NOT_PRODUCTION,630814.5920,577721.2471,6644.3283,4370,4077,-0.01053293,-0.02940797,-0.00432247,-0.01053293,-6644.3283,630814.5920,OK,0.0000,265.7731,4.0000,96.0000,AG03-UNRESOLVED,ALL5_LEVELS_bet23_to_bet27,265.7731,265.7731,265.7731,332.2164,332.2164,4.000000,4.000000,4.000000,5.000000,5.000000,96.000000,96.000000,96.000000,95.000000,95.000000,5.0,1461.7522,1339.0033,5182.5761,5305.325,PENDING_AG03,FALSE,NOT_FOR_ENFORCEMENT,6378.5552,554612.3973,6644.3283,6378.5552,265.7731,0.01053293,0.01011162,265.7731,6378.5552,0.01011162,265.7731,265.7731,265.7731,332.2164,332.2164,6378.5552,0.01011162,1461.7522,1339.0033,5182.5761,5305.325,0.00821569,0.00841028,0.00042132,144.3512,141.7025,1.6297,93.5821,10.0216,8884.7126,57.4225,158.2289,140.3023,51.4311,102.8621,129.7286,258.1778,514.3107,1008.3546,77.1466,0.0,5.0,9.802971,1.403346,17,104,92,7,0.24757185,0.01053293,0.02940797,0E-8,0.000000,0.915834,0.000000,-0.02508550,2026-05-12,2026-08-06,71,663,310,87,0.816092,1.127771,1.096139,0.825239,,,,,,,,GLOBAL_BASELINE_NO_ENTITY_RANKING,,,NOT_APPLICABLE_GLOBAL_BASELINE,HF9g-P5,,,,X 全窗基线 · 不参与实体赏罚,14193353,1420,A168_HF9F_20260827_0900,2026-08-27 09:00:00
2026-05-21,137070871,1384,0,415.1315448081,1E-10,1E-10,0.4000000,7,6,0.40912663333333333,0.398053225000,-0.04150682572956879,0.00889305837785681,-0.04150682572956879,0.01107340833333333,ELIGIBLE,R03b_20260811_FULL_v1,L1_ELIGIBILITY,v2026-08-11,2026-03-21..2026-08-06,baccarat_bet02_101_all_pairs_incl_sentinel,round_win = game_pnl > 0 (decisive only),COMPATIBILITY_ONLY_NOT_PRODUCTION,630814.5920,577721.2471,6644.3283,4370,4077,-0.01053293,-0.02940797,-0.00432247,-0.01053293,-6644.3283,630814.5920,OK,0.0000,265.7731,4.0000,96.0000,AG03-UNRESOLVED,ALL5_LEVELS_bet23_to_bet27,265.7731,265.7731,265.7731,332.2164,332.2164,4.000000,4.000000,4.000000,5.000000,5.000000,96.000000,96.000000,96.000000,95.000000,95.000000,5.0,1461.7522,1339.0033,5182.5761,5305.325,PENDING_AG03,FALSE,NOT_FOR_ENFORCEMENT,6378.5552,554612.3973,6644.3283,6378.5552,265.7731,0.01053293,0.01011162,265.7731,6378.5552,0.01011162,265.7731,265.7731,265.7731,332.2164,332.2164,6378.5552,0.01011162,1461.7522,1339.0033,5182.5761,5305.325,0.00821569,0.00841028,0.00042132,144.3512,141.7025,1.6297,93.5821,10.0216,8884.7126,57.4225,158.2289,140.3023,51.4311,102.8621,129.7286,258.1778,514.3107,1008.3546,77.1466,0.0,5.0,9.802971,1.403346,17,104,92,7,0.24757185,0.01053293,0.02940797,0E-8,0.000000,0.915834,0.000000,-0.02508550,2026-05-12,2026-08-06,71,663,310,87,0.816092,1.127771,1.096139,0.825239,,,,,,,,GLOBAL_BASELINE_NO_ENTITY_RANKING,,,NOT_APPLICABLE_GLOBAL_BASELINE,HF9g-P5,,,,X 全窗基线 · 不参与实体赏罚,14193354,1420,A168_HF9F_20260827_0900,2026-08-27 09:00:00
2026-05-21,137070871,2103,0,518.9144310104,505.9415702351,505.9415702351,1.0000000,2,2,0.49994810000000000,0.499948100000,1.4143603653603398,1.4143603653603398,1.4143603653603398,0E-17,ELIGIBLE,R03b_20260811_FULL_v1,L1_ELIGIBILITY,v2026-08-11,2026-03-21..2026-08-06,baccarat_bet02_101_all_pairs_incl_sentinel,round_win = game_pnl > 0 (decisive only),COMPATIBILITY_ONLY_NOT_PRODUCTION,630814.5920,577721.2471,6644.3283,4370,4077,-0.01053293,-0.02940797,-0.00432247,-0.01053293,-6644.3283,630814.5920,OK,0.0000,265.7731,4.0000,96.0000,AG03-UNRESOLVED,ALL5_LEVELS_bet23_to_bet27,265.7731,265.7731,265.7731,332.2164,332.2164,4.000000,4.000000,4.000000,5.000000,5.000000,96.000000,96.000000,96.000000,95.000000,95.000000,5.0,1461.7522,1339.0033,5182.5761,5305.325,PENDING_AG03,FALSE,NOT_FOR_ENFORCEMENT,6378.5552,554612.3973,6644.3283,6378.5552,265.7731,0.01053293,0.01011162,265.7731,6378.5552,0.01011162,265.7731,265.7731,265.7731,332.2164,332.2164,6378.5552,0.01011162,1461.7522,1339.0033,5182.5761,5305.325,0.00821569,0.00841028,0.00042132,144.3512,141.7025,1.6297,93.5821,10.0216,8884.7126,57.4225,158.2289,140.3023,51.4311,102.8621,129.7286,258.1778,514.3107,1008.3546,77.1466,0.0,5.0,9.802971,1.403346,17,104,92,7,0.24757185,0.01053293,0.02940797,0E-8,0.000000,0.915834,0.000000,-0.02508550,2026-05-12,2026-08-06,71,663,310,87,0.816092,1.127771,1.096139,0.825239,,,,,,,,GLOBAL_BASELINE_NO_ENTITY_RANKING,,,NOT_APPLICABLE_GLOBAL_BASELINE,HF9g-P5,,,,X 全窗基线 · 不参与实体赏罚,14193355,1420,A168_HF9F_20260827_0900,2026-08-27 09:00:00
2026-05-21,137070871,2123,0,1011.8831404699,-547.4547247159,-547.4547247159,0.3636364,15,11,0.46489456999995530,0.424420972727,-0.6733326236818423,-0.40788625626874153,-0.6733326236818423,0.04047359727295530,ELIGIBLE,R03b_20260811_FULL_v1,L1_ELIGIBILITY,v2026-08-11,2026-03-21..2026-08-06,baccarat_bet02_101_all_pairs_incl_sentinel,round_win = game_pnl > 0 (decisive only),COMPATIBILITY_ONLY_NOT_PRODUCTION,630814.5920,577721.2471,6644.3283,4370,4077,-0.01053293,-0.02940797,-0.00432247,-0.01053293,-6644.3283,630814.5920,OK,0.0000,265.7731,4.0000,96.0000,AG03-UNRESOLVED,ALL5_LEVELS_bet23_to_bet27,265.7731,265.7731,265.7731,332.2164,332.2164,4.000000,4.000000,4.000000,5.000000,5.000000,96.000000,96.000000,96.000000,95.000000,95.000000,5.0,1461.7522,1339.0033,5182.5761,5305.325,PENDING_AG03,FALSE,NOT_FOR_ENFORCEMENT,6378.5552,554612.3973,6644.3283,6378.5552,265.7731,0.01053293,0.01011162,265.7731,6378.5552,0.01011162,265.7731,265.7731,265.7731,332.2164,332.2164,6378.5552,0.01011162,1461.7522,1339.0033,5182.5761,5305.325,0.00821569,0.00841028,0.00042132,144.3512,141.7025,1.6297,93.5821,10.0216,8884.7126,57.4225,158.2289,140.3023,51.4311,102.8621,129.7286,258.1778,514.3107,1008.3546,77.1466,0.0,5.0,9.802971,1.403346,17,104,92,7,0.24757185,0.01053293,0.02940797,0E-8,0.000000,0.915834,0.000000,-0.02508550,2026-05-12,2026-08-06,71,663,310,87,0.816092,1.127771,1.096139,0.825239,,,,,,,,GLOBAL_BASELINE_NO_ENTITY_RANKING,,,NOT_APPLICABLE_GLOBAL_BASELINE,HF9g-P5,,,,X 全窗基线 · 不参与实体赏罚,14193356,1420,A168_HF9F_20260827_0900,2026-08-27 09:00:00
2026-05-21,137070871,2145,0,1478.9061283791,-175.1336204656,-175.1336204656,0.3750000,20,19,0.45472402368421285,0.447495113158,-0.6404232190451166,-0.5831852256621493,-0.6404232190451166,0.00722891052621285,ELIGIBLE,R03b_20260811_FULL_v1,L1_ELIGIBILITY,v2026-08-11,2026-03-21..2026-08-06,baccarat_bet02_101_all_pairs_incl_sentinel,round_win = game_pnl > 0 (decisive only),COMPATIBILITY_ONLY_NOT_PRODUCTION,630814.5920,577721.2471,6644.3283,4370,4077,-0.01053293,-0.02940797,-0.00432247,-0.01053293,-6644.3283,630814.5920,OK,0.0000,265.7731,4.0000,96.0000,AG03-UNRESOLVED,ALL5_LEVELS_bet23_to_bet27,265.7731,265.7731,265.7731,332.2164,332.2164,4.000000,4.000000,4.000000,5.000000,5.000000,96.000000,96.000000,96.000000,95.000000,95.000000,5.0,1461.7522,1339.0033,5182.5761,5305.325,PENDING_AG03,FALSE,NOT_FOR_ENFORCEMENT,6378.5552,554612.3973,6644.3283,6378.5552,265.7731,0.01053293,0.01011162,265.7731,6378.5552,0.01011162,265.7731,265.7731,265.7731,332.2164,332.2164,6378.5552,0.01011162,1461.7522,1339.0033,5182.5761,5305.325,0.00821569,0.00841028,0.00042132,144.3512,141.7025,1.6297,93.5821,10.0216,8884.7126,57.4225,158.2289,140.3023,51.4311,102.8621,129.7286,258.1778,514.3107,1008.3546,77.1466,0.0,5.0,9.802971,1.403346,17,104,92,7,0.24757185,0.01053293,0.02940797,0E-8,0.000000,0.915834,0.000000,-0.02508550,2026-05-12,2026-08-06,71,663,310,87,0.816092,1.127771,1.096139,0.825239,,,,,,,,GLOBAL_BASELINE_NO_ENTITY_RANKING,,,NOT_APPLICABLE_GLOBAL_BASELINE,HF9g-P5,,,,X 全窗基线 · 不参与实体赏罚,14193357,1420,A168_HF9F_20260827_0900,2026-08-27 09:00:00
2026-05-21,137070871,2169,0,2841.0565097818,-668.1023299258,-668.1023299258,0.2941176,24,19,0.40885241622805985,0.397371079825,-0.9622507608901917,-0.8699731451179523,-0.9622507608901917,0.01148133640305985,ELIGIBLE,R03b_20260811_FULL_v1,L1_ELIGIBILITY,v2026-08-11,2026-03-21..2026-08-06,baccarat_bet02_101_all_pairs_incl_sentinel,round_win = game_pnl > 0 (decisive only),COMPATIBILITY_ONLY_NOT_PRODUCTION,630814.5920,577721.2471,6644.3283,4370,4077,-0.01053293,-0.02940797,-0.00432247,-0.01053293,-6644.3283,630814.5920,OK,0.0000,265.7731,4.0000,96.0000,AG03-UNRESOLVED,ALL5_LEVELS_bet23_to_bet27,265.7731,265.7731,265.7731,332.2164,332.2164,4.000000,4.000000,4.000000,5.000000,5.000000,96.000000,96.000000,96.000000,95.000000,95.000000,5.0,1461.7522,1339.0033,5182.5761,5305.325,PENDING_AG03,FALSE,NOT_FOR_ENFORCEMENT,6378.5552,554612.3973,6644.3283,6378.5552,265.7731,0.01053293,0.01011162,265.7731,6378.5552,0.01011162,265.7731,265.7731,265.7731,332.2164,332.2164,6378.5552,0.01011162,1461.7522,1339.0033,5182.5761,5305.325,0.00821569,0.00841028,0.00042132,144.3512,141.7025,1.6297,93.5821,10.0216,8884.7126,57.4225,158.2289,140.3023,51.4311,102.8621,129.7286,258.1778,514.3107,1008.3546,77.1466,0.0,5.0,9.802971,1.403346,17,104,92,7,0.24757185,0.01053293,0.02940797,0E-8,0.000000,0.915834,0.000000,-0.02508550,2026-05-12,2026-08-06,71,663,310,87,0.816092,1.127771,1.096139,0.825239,,,,,,,,GLOBAL_BASELINE_NO_ENTITY_RANKING,,,NOT_APPLICABLE_GLOBAL_BASELINE,HF9g-P5,,,,X 全窗基线 · 不参与实体赏罚,14193358,1420,A168_HF9F_20260827_0900,2026-08-27 09:00:00
2026-05-21,137070871,2261,0,103.7828862020,101.1883140470,101.1883140470,1.0000000,2,2,0.49994810000000000,0.499948100000,1.4143603653603398,1.4143603653603398,1.4143603653603398,0E-17,ELIGIBLE,R03b_20260811_FULL_v1,L1_ELIGIBILITY,v2026-08-11,2026-03-21..2026-08-06,baccarat_bet02_101_all_pairs_incl_sentinel,round_win = game_pnl > 0 (decisive only),COMPATIBILITY_ONLY_NOT_PRODUCTION,630814.5920,577721.2471,6644.3283,4370,4077,-0.01053293,-0.02940797,-0.00432247,-0.01053293,-6644.3283,630814.5920,OK,0.0000,265.7731,4.0000,96.0000,AG03-UNRESOLVED,ALL5_LEVELS_bet23_to_bet27,265.7731,265.7731,265.7731,332.2164,332.2164,4.000000,4.000000,4.000000,5.000000,5.000000,96.000000,96.000000,96.000000,95.000000,95.000000,5.0,1461.7522,1339.0033,5182.5761,5305.325,PENDING_AG03,FALSE,NOT_FOR_ENFORCEMENT,6378.5552,554612.3973,6644.3283,6378.5552,265.7731,0.01053293,0.01011162,265.7731,6378.5552,0.01011162,265.7731,265.7731,265.7731,332.2164,332.2164,6378.5552,0.01011162,1461.7522,1339.0033,5182.5761,5305.325,0.00821569,0.00841028,0.00042132,144.3512,141.7025,1.6297,93.5821,10.0216,8884.7126,57.4225,158.2289,140.3023,51.4311,102.8621,129.7286,258.1778,514.3107,1008.3546,77.1466,0.0,5.0,9.802971,1.403346,17,104,92,7,0.24757185,0.01053293,0.02940797,0E-8,0.000000,0.915834,0.000000,-0.02508550,2026-05-12,2026-08-06,71,663,310,87,0.816092,1.127771,1.096139,0.825239,,,,,,,,GLOBAL_BASELINE_NO_ENTITY_RANKING,,,NOT_APPLICABLE_GLOBAL_BASELINE,HF9g-P5,,,,X 全窗基线 · 不参与实体赏罚,14193359,1420,A168_HF9F_20260827_0900,2026-08-27 09:00:00
2026-05-27,137070871,1205,0,337.2943801565,-51.8914431010,-51.8914431010,0.3333333,5,5,0.50396966000000000,0.503969660000,-0.5911202050821986,-0.5911202050821988,-0.5911202050821986,0E-17,ELIGIBLE,R03b_20260811_FULL_v1,L1_ELIGIBILITY,v2026-08-11,2026-03-21..2026-08-06,baccarat_bet02_101_all_pairs_incl_sentinel,round_win = game_pnl > 0 (decisive only),COMPATIBILITY_ONLY_NOT_PRODUCTION,630814.5920,577721.2471,6644.3283,4370,4077,-0.01053293,-0.02940797,-0.00432247,-0.01053293,-6644.3283,630814.5920,OK,0.0000,265.7731,4.0000,96.0000,AG03-UNRESOLVED,ALL5_LEVELS_bet23_to_bet27,265.7731,265.7731,265.7731,332.2164,332.2164,4.000000,4.000000,4.000000,5.000000,5.000000,96.000000,96.000000,96.000000,95.000000,95.000000,5.0,1461.7522,1339.0033,5182.5761,5305.325,PENDING_AG03,FALSE,NOT_FOR_ENFORCEMENT,6378.5552,554612.3973,6644.3283,6378.5552,265.7731,0.01053293,0.01011162,265.7731,6378.5552,0.01011162,265.7731,265.7731,265.7731,332.2164,332.2164,6378.5552,0.01011162,1461.7522,1339.0033,5182.5761,5305.325,0.00821569,0.00841028,0.00042132,144.3512,141.7025,1.6297,93.5821,10.0216,8884.7126,57.4225,158.2289,140.3023,51.4311,102.8621,129.7286,258.1778,514.3107,1008.3546,77.1466,0.0,5.0,9.802971,1.403346,17,104,92,7,0.24757185,0.01053293,0.02940797,0E-8,0.000000,0.915834,0.000000,-0.02508550,2026-05-12,2026-08-06,71,663,310,87,0.816092,1.127771,1.096139,0.825239,,,,,,,,GLOBAL_BASELINE_NO_ENTITY_RANKING,,,NOT_APPLICABLE_GLOBAL_BASELINE,HF9g-P5,,,,X 全窗基线 · 不参与实体赏罚,14193360,1420,A168_HF9F_20260827_0900,2026-08-27 09:00:00
2026-05-27,137070871,1210,0,51.8914431010,-1.2972860775,-1.2972860775,0.5000000,2,2,0.50665070000000000,0.506650700000,-0.018812684590367487,-0.018812684590367487,-0.018812684590367487,0E-17,ELIGIBLE,R03b_20260811_FULL_v1,L1_ELIGIBILITY,v2026-08-11,2026-03-21..2026-08-06,baccarat_bet02_101_all_pairs_incl_sentinel,round_win = game_pnl > 0 (decisive only),COMPATIBILITY_ONLY_NOT_PRODUCTION,630814.5920,577721.2471,6644.3283,4370,4077,-0.01053293,-0.02940797,-0.00432247,-0.01053293,-6644.3283,630814.5920,OK,0.0000,265.7731,4.0000,96.0000,AG03-UNRESOLVED,ALL5_LEVELS_bet23_to_bet27,265.7731,265.7731,265.7731,332.2164,332.2164,4.000000,4.000000,4.000000,5.000000,5.000000,96.000000,96.000000,96.000000,95.000000,95.000000,5.0,1461.7522,1339.0033,5182.5761,5305.325,PENDING_AG03,FALSE,NOT_FOR_ENFORCEMENT,6378.5552,554612.3973,6644.3283,6378.5552,265.7731,0.01053293,0.01011162,265.7731,6378.5552,0.01011162,265.7731,265.7731,265.7731,332.2164,332.2164,6378.5552,0.01011162,1461.7522,1339.0033,5182.5761,5305.325,0.00821569,0.00841028,0.00042132,144.3512,141.7025,1.6297,93.5821,10.0216,8884.7126,57.4225,158.2289,140.3023,51.4311,102.8621,129.7286,258.1778,514.3107,1008.3546,77.1466,0.0,5.0,9.802971,1.403346,17,104,92,7,0.24757185,0.01053293,0.02940797,0E-8,0.000000,0.915834,0.000000,-0.02508550,2026-05-12,2026-08-06,71,663,310,87,0.816092,1.127771,1.096139,0.825239,,,,,,,,GLOBAL_BASELINE_NO_ENTITY_RANKING,,,NOT_APPLICABLE_GLOBAL_BASELINE,HF9g-P5,,,,X 全窗基线 · 不参与实体赏罚,14193361,1420,A168_HF9F_20260827_0900,2026-08-27 09:00:00
2026-05-27,137070871,1304,0,937.1594624046,937.1594624046,937.1594624046,1.0000000,2,2,0.49324550000000000,0.493245500000,1.4334489766152358,1.4334489766152358,1.4334489766152358,0E-17,ELIGIBLE,R03b_20260811_FULL_v1,L1_ELIGIBILITY,v2026-08-11,2026-03-21..2026-08-06,baccarat_bet02_101_all_pairs_incl_sentinel,round_win = game_pnl > 0 (decisive only),COMPATIBILITY_ONLY_NOT_PRODUCTION,630814.5920,577721.2471,6644.3283,4370,4077,-0.01053293,-0.02940797,-0.00432247,-0.01053293,-6644.3283,630814.5920,OK,0.0000,265.7731,4.0000,96.0000,AG03-UNRESOLVED,ALL5_LEVELS_bet23_to_bet27,265.7731,265.7731,265.7731,332.2164,332.2164,4.000000,4.000000,4.000000,5.000000,5.000000,96.000000,96.000000,96.000000,95.000000,95.000000,5.0,1461.7522,1339.0033,5182.5761,5305.325,PENDING_AG03,FALSE,NOT_FOR_ENFORCEMENT,6378.5552,554612.3973,6644.3283,6378.5552,265.7731,0.01053293,0.01011162,265.7731,6378.5552,0.01011162,265.7731,265.7731,265.7731,332.2164,332.2164,6378.5552,0.01011162,1461.7522,1339.0033,5182.5761,5305.325,0.00821569,0.00841028,0.00042132,144.3512,141.7025,1.6297,93.5821,10.0216,8884.7126,57.4225,158.2289,140.3023,51.4311,102.8621,129.7286,258.1778,514.3107,1008.3546,77.1466,0.0,5.0,9.802971,1.403346,17,104,92,7,0.24757185,0.01053293,0.02940797,0E-8,0.000000,0.915834,0.000000,-0.02508550,2026-05-12,2026-08-06,71,663,310,87,0.816092,1.127771,1.096139,0.825239,,,,,,,,GLOBAL_BASELINE_NO_ENTITY_RANKING,,,NOT_APPLICABLE_GLOBAL_BASELINE,HF9g-P5,,,,X 全窗基线 · 不参与实体赏罚,14193362,1420,A168_HF9F_20260827_0900,2026-08-27 09:00:00
2026-05-27,137070871,1325,0,1323.2317990763,396.9695397230,396.9695397230,0.6000000,11,11,0.50299473636363636,0.502994736364,0.6135261610830837,0.6135261610807864,0.6135261610830837,-3.6364E-13,ELIGIBLE,R03b_20260811_FULL_v1,L1_ELIGIBILITY,v2026-08-11,2026-03-21..2026-08-06,baccarat_bet02_101_all_pairs_incl_sentinel,round_win = game_pnl > 0 (decisive only),COMPATIBILITY_ONLY_NOT_PRODUCTION,630814.5920,577721.2471,6644.3283,4370,4077,-0.01053293,-0.02940797,-0.00432247,-0.01053293,-6644.3283,630814.5920,OK,0.0000,265.7731,4.0000,96.0000,AG03-UNRESOLVED,ALL5_LEVELS_bet23_to_bet27,265.7731,265.7731,265.7731,332.2164,332.2164,4.000000,4.000000,4.000000,5.000000,5.000000,96.000000,96.000000,96.000000,95.000000,95.000000,5.0,1461.7522,1339.0033,5182.5761,5305.325,PENDING_AG03,FALSE,NOT_FOR_ENFORCEMENT,6378.5552,554612.3973,6644.3283,6378.5552,265.7731,0.01053293,0.01011162,265.7731,6378.5552,0.01011162,265.7731,265.7731,265.7731,332.2164,332.2164,6378.5552,0.01011162,1461.7522,1339.0033,5182.5761,5305.325,0.00821569,0.00841028,0.00042132,144.3512,141.7025,1.6297,93.5821,10.0216,8884.7126,57.4225,158.2289,140.3023,51.4311,102.8621,129.7286,258.1778,514.3107,1008.3546,77.1466,0.0,5.0,9.802971,1.403346,17,104,92,7,0.24757185,0.01053293,0.02940797,0E-8,0.000000,0.915834,0.000000,-0.02508550,2026-05-12,2026-08-06,71,663,310,87,0.816092,1.127771,1.096139,0.825239,,,,,,,,GLOBAL_BASELINE_NO_ENTITY_RANKING,,,NOT_APPLICABLE_GLOBAL_BASELINE,HF9g-P5,,,,X 全窗基线 · 不参与实体赏罚,14193363,1420,A168_HF9F_20260827_0900,2026-08-27 09:00:00
2026-05-27,137070871,1382,0,1686.4719007838,350.2672409320,350.2672409320,0.5714286,10,10,0.50531018000000000,0.505310180000,0.3498853743153978,0.34988537431539785,0.3498853743153978,0E-17,ELIGIBLE,R03b_20260811_FULL_v1,L1_ELIGIBILITY,v2026-08-11,2026-03-21..2026-08-06,baccarat_bet02_101_all_pairs_incl_sentinel,round_win = game_pnl > 0 (decisive only),COMPATIBILITY_ONLY_NOT_PRODUCTION,630814.5920,577721.2471,6644.3283,4370,4077,-0.01053293,-0.02940797,-0.00432247,-0.01053293,-6644.3283,630814.5920,OK,0.0000,265.7731,4.0000,96.0000,AG03-UNRESOLVED,ALL5_LEVELS_bet23_to_bet27,265.7731,265.7731,265.7731,332.2164,332.2164,4.000000,4.000000,4.000000,5.000000,5.000000,96.000000,96.000000,96.000000,95.000000,95.000000,5.0,1461.7522,1339.0033,5182.5761,5305.325,PENDING_AG03,FALSE,NOT_FOR_ENFORCEMENT,6378.5552,554612.3973,6644.3283,6378.5552,265.7731,0.01053293,0.01011162,265.7731,6378.5552,0.01011162,265.7731,265.7731,265.7731,332.2164,332.2164,6378.5552,0.01011162,1461.7522,1339.0033,5182.5761,5305.325,0.00821569,0.00841028,0.00042132,144.3512,141.7025,1.6297,93.5821,10.0216,8884.7126,57.4225,158.2289,140.3023,51.4311,102.8621,129.7286,258.1778,514.3107,1008.3546,77.1466,0.0,5.0,9.802971,1.403346,17,104,92,7,0.24757185,0.01053293,0.02940797,0E-8,0.000000,0.915834,0.000000,-0.02508550,2026-05-12,2026-08-06,71,663,310,87,0.816092,1.127771,1.096139,0.825239,,,,,,,,GLOBAL_BASELINE_NO_ENTITY_RANKING,,,NOT_APPLICABLE_GLOBAL_BASELINE,HF9g-P5,,,,X 全窗基线 · 不参与实体赏罚,14193364,1420,A168_HF9F_20260827_0900,2026-08-27 09:00:00
2026-05-27,137070871,1400,0,1556.7432930311,517.6171449329,517.6171449329,0.6000000,10,10,0.50531018000000000,0.505310180000,0.5989047816631956,0.5989047816631956,0.5989047816631956,0E-17,ELIGIBLE,R03b_20260811_FULL_v1,L1_ELIGIBILITY,v2026-08-11,2026-03-21..2026-08-06,baccarat_bet02_101_all_pairs_incl_sentinel,round_win = game_pnl > 0 (decisive only),COMPATIBILITY_ONLY_NOT_PRODUCTION,630814.5920,577721.2471,6644.3283,4370,4077,-0.01053293,-0.02940797,-0.00432247,-0.01053293,-6644.3283,630814.5920,OK,0.0000,265.7731,4.0000,96.0000,AG03-UNRESOLVED,ALL5_LEVELS_bet23_to_bet27,265.7731,265.7731,265.7731,332.2164,332.2164,4.000000,4.000000,4.000000,5.000000,5.000000,96.000000,96.000000,96.000000,95.000000,95.000000,5.0,1461.7522,1339.0033,5182.5761,5305.325,PENDING_AG03,FALSE,NOT_FOR_ENFORCEMENT,6378.5552,554612.3973,6644.3283,6378.5552,265.7731,0.01053293,0.01011162,265.7731,6378.5552,0.01011162,265.7731,265.7731,265.7731,332.2164,332.2164,6378.5552,0.01011162,1461.7522,1339.0033,5182.5761,5305.325,0.00821569,0.00841028,0.00042132,144.3512,141.7025,1.6297,93.5821,10.0216,8884.7126,57.4225,158.2289,140.3023,51.4311,102.8621,129.7286,258.1778,514.3107,1008.3546,77.1466,0.0,5.0,9.802971,1.403346,17,104,92,7,0.24757185,0.01053293,0.02940797,0E-8,0.000000,0.915834,0.000000,-0.02508550,2026-05-12,2026-08-06,71,663,310,87,0.816092,1.127771,1.096139,0.825239,,,,,,,,GLOBAL_BASELINE_NO_ENTITY_RANKING,,,NOT_APPLICABLE_GLOBAL_BASELINE,HF9g-P5,,,,X 全窗基线 · 不参与实体赏罚,14193365,1420,A168_HF9F_20260827_0900,2026-08-27 09:00:00
2026-05-27,137070871,1401,0,124.5394634424,-124.5394634424,-124.5394634424,0E-7,2,2,0.49994810000000000,0.499948100000,-1.4140667746232096,-1.4140667746232096,-1.4140667746232096,0E-17,ELIGIBLE,R03b_20260811_FULL_v1,L1_ELIGIBILITY,v2026-08-11,2026-03-21..2026-08-06,baccarat_bet02_101_all_pairs_incl_sentinel,round_win = game_pnl > 0 (decisive only),COMPATIBILITY_ONLY_NOT_PRODUCTION,630814.5920,577721.2471,6644.3283,4370,4077,-0.01053293,-0.02940797,-0.00432247,-0.01053293,-6644.3283,630814.5920,OK,0.0000,265.7731,4.0000,96.0000,AG03-UNRESOLVED,ALL5_LEVELS_bet23_to_bet27,265.7731,265.7731,265.7731,332.2164,332.2164,4.000000,4.000000,4.000000,5.000000,5.000000,96.000000,96.000000,96.000000,95.000000,95.000000,5.0,1461.7522,1339.0033,5182.5761,5305.325,PENDING_AG03,FALSE,NOT_FOR_ENFORCEMENT,6378.5552,554612.3973,6644.3283,6378.5552,265.7731,0.01053293,0.01011162,265.7731,6378.5552,0.01011162,265.7731,265.7731,265.7731,332.2164,332.2164,6378.5552,0.01011162,1461.7522,1339.0033,5182.5761,5305.325,0.00821569,0.00841028,0.00042132,144.3512,141.7025,1.6297,93.5821,10.0216,8884.7126,57.4225,158.2289,140.3023,51.4311,102.8621,129.7286,258.1778,514.3107,1008.3546,77.1466,0.0,5.0,9.802971,1.403346,17,104,92,7,0.24757185,0.01053293,0.02940797,0E-8,0.000000,0.915834,0.000000,-0.02508550,2026-05-12,2026-08-06,71,663,310,87,0.816092,1.127771,1.096139,0.825239,,,,,,,,GLOBAL_BASELINE_NO_ENTITY_RANKING,,,NOT_APPLICABLE_GLOBAL_BASELINE,HF9g-P5,,,,X 全窗基线 · 不参与实体赏罚,14193366,1420,A168_HF9F_20260827_0900,2026-08-27 09:00:00
2026-05-27,137070871,1402,0,51.8914431010,-51.8914431010,-51.8914431010,0E-7,1,1,0.49324550000000000,0.493245500000,-0.9865810262130424,-0.9865810262130424,-0.9865810262130424,0E-17,ELIGIBLE,R03b_20260811_FULL_v1,L1_ELIGIBILITY,v2026-08-11,2026-03-21..2026-08-06,baccarat_bet02_101_all_pairs_incl_sentinel,round_win = game_pnl > 0 (decisive only),COMPATIBILITY_ONLY_NOT_PRODUCTION,630814.5920,577721.2471,6644.3283,4370,4077,-0.01053293,-0.02940797,-0.00432247,-0.01053293,-6644.3283,630814.5920,OK,0.0000,265.7731,4.0000,96.0000,AG03-UNRESOLVED,ALL5_LEVELS_bet23_to_bet27,265.7731,265.7731,265.7731,332.2164,332.2164,4.000000,4.000000,4.000000,5.000000,5.000000,96.000000,96.000000,96.000000,95.000000,95.000000,5.0,1461.7522,1339.0033,5182.5761,5305.325,PENDING_AG03,FALSE,NOT_FOR_ENFORCEMENT,6378.5552,554612.3973,6644.3283,6378.5552,265.7731,0.01053293,0.01011162,265.7731,6378.5552,0.01011162,265.7731,265.7731,265.7731,332.2164,332.2164,6378.5552,0.01011162,1461.7522,1339.0033,5182.5761,5305.325,0.00821569,0.00841028,0.00042132,144.3512,141.7025,1.6297,93.5821,10.0216,8884.7126,57.4225,158.2289,140.3023,51.4311,102.8621,129.7286,258.1778,514.3107,1008.3546,77.1466,0.0,5.0,9.802971,1.403346,17,104,92,7,0.24757185,0.01053293,0.02940797,0E-8,0.000000,0.915834,0.000000,-0.02508550,2026-05-12,2026-08-06,71,663,310,87,0.816092,1.127771,1.096139,0.825239,,,,,,,,GLOBAL_BASELINE_NO_ENTITY_RANKING,,,NOT_APPLICABLE_GLOBAL_BASELINE,HF9g-P5,,,,X 全窗基线 · 不参与实体赏罚,14193367,1420,A168_HF9F_20260827_0900,2026-08-27 09:00:00
2026-05-27,137070871,2142,0,1634.5804576824,-99.8910279693,-99.8910279693,0.5000000,20,20,0.50195888000000000,0.501958880000,-0.01662177554137299,-0.01662177554137299,-0.01662177554137299,0E-17,ELIGIBLE,R03b_20260811_FULL_v1,L1_ELIGIBILITY,v2026-08-11,2026-03-21..2026-08-06,baccarat_bet02_101_all_pairs_incl_sentinel,round_win = game_pnl > 0 (decisive only),COMPATIBILITY_ONLY_NOT_PRODUCTION,630814.5920,577721.2471,6644.3283,4370,4077,-0.01053293,-0.02940797,-0.00432247,-0.01053293,-6644.3283,630814.5920,OK,0.0000,265.7731,4.0000,96.0000,AG03-UNRESOLVED,ALL5_LEVELS_bet23_to_bet27,265.7731,265.7731,265.7731,332.2164,332.2164,4.000000,4.000000,4.000000,5.000000,5.000000,96.000000,96.000000,96.000000,95.000000,95.000000,5.0,1461.7522,1339.0033,5182.5761,5305.325,PENDING_AG03,FALSE,NOT_FOR_ENFORCEMENT,6378.5552,554612.3973,6644.3283,6378.5552,265.7731,0.01053293,0.01011162,265.7731,6378.5552,0.01011162,265.7731,265.7731,265.7731,332.2164,332.2164,6378.5552,0.01011162,1461.7522,1339.0033,5182.5761,5305.325,0.00821569,0.00841028,0.00042132,144.3512,141.7025,1.6297,93.5821,10.0216,8884.7126,57.4225,158.2289,140.3023,51.4311,102.8621,129.7286,258.1778,514.3107,1008.3546,77.1466,0.0,5.0,9.802971,1.403346,17,104,92,7,0.24757185,0.01053293,0.02940797,0E-8,0.000000,0.915834,0.000000,-0.02508550,2026-05-12,2026-08-06,71,663,310,87,0.816092,1.127771,1.096139,0.825239,,,,,,,,GLOBAL_BASELINE_NO_ENTITY_RANKING,,,NOT_APPLICABLE_GLOBAL_BASELINE,HF9g-P5,,,,X 全窗基线 · 不参与实体赏罚,14193368,1420,A168_HF9F_20260827_0900,2026-08-27 09:00:00
2026-05-27,137070871,2145,0,518.9144310101,194.5929116290,194.5929116290,0.6250000,8,8,0.49994810000000000,0.499948100000,0.7074003757330176,0.7074003757330176,0.7074003757330176,0E-17,ELIGIBLE,R03b_20260811_FULL_v1,L1_ELIGIBILITY,v2026-08-11,2026-03-21..2026-08-06,baccarat_bet02_101_all_pairs_incl_sentinel,round_win = game_pnl > 0 (decisive only),COMPATIBILITY_ONLY_NOT_PRODUCTION,630814.5920,577721.2471,6644.3283,4370,4077,-0.01053293,-0.02940797,-0.00432247,-0.01053293,-6644.3283,630814.5920,OK,0.0000,265.7731,4.0000,96.0000,AG03-UNRESOLVED,ALL5_LEVELS_bet23_to_bet27,265.7731,265.7731,265.7731,332.2164,332.2164,4.000000,4.000000,4.000000,5.000000,5.000000,96.000000,96.000000,96.000000,95.000000,95.000000,5.0,1461.7522,1339.0033,5182.5761,5305.325,PENDING_AG03,FALSE,NOT_FOR_ENFORCEMENT,6378.5552,554612.3973,6644.3283,6378.5552,265.7731,0.01053293,0.01011162,265.7731,6378.5552,0.01011162,265.7731,265.7731,265.7731,332.2164,332.2164,6378.5552,0.01011162,1461.7522,1339.0033,5182.5761,5305.325,0.00821569,0.00841028,0.00042132,144.3512,141.7025,1.6297,93.5821,10.0216,8884.7126,57.4225,158.2289,140.3023,51.4311,102.8621,129.7286,258.1778,514.3107,1008.3546,77.1466,0.0,5.0,9.802971,1.403346,17,104,92,7,0.24757185,0.01053293,0.02940797,0E-8,0.000000,0.915834,0.000000,-0.02508550,2026-05-12,2026-08-06,71,663,310,87,0.816092,1.127771,1.096139,0.825239,,,,,,,,GLOBAL_BASELINE_NO_ENTITY_RANKING,,,NOT_APPLICABLE_GLOBAL_BASELINE,HF9g-P5,,,,X 全窗基线 · 不参与实体赏罚,14193369,1420,A168_HF9F_20260827_0900,2026-08-27 09:00:00
2026-05-27,137070871,2147,0,103.7828862020,-103.7828862020,-103.7828862020,0E-7,3,3,0.50218230000000000,0.502182300000,-1.7396270863184011,-1.7396270863184016,-1.7396270863184011,0E-17,ELIGIBLE,R03b_20260811_FULL_v1,L1_ELIGIBILITY,v2026-08-11,2026-03-21..2026-08-06,baccarat_bet02_101_all_pairs_incl_sentinel,round_win = game_pnl > 0 (decisive only),COMPATIBILITY_ONLY_NOT_PRODUCTION,630814.5920,577721.2471,6644.3283,4370,4077,-0.01053293,-0.02940797,-0.00432247,-0.01053293,-6644.3283,630814.5920,OK,0.0000,265.7731,4.0000,96.0000,AG03-UNRESOLVED,ALL5_LEVELS_bet23_to_bet27,265.7731,265.7731,265.7731,332.2164,332.2164,4.000000,4.000000,4.000000,5.000000,5.000000,96.000000,96.000000,96.000000,95.000000,95.000000,5.0,1461.7522,1339.0033,5182.5761,5305.325,PENDING_AG03,FALSE,NOT_FOR_ENFORCEMENT,6378.5552,554612.3973,6644.3283,6378.5552,265.7731,0.01053293,0.01011162,265.7731,6378.5552,0.01011162,265.7731,265.7731,265.7731,332.2164,332.2164,6378.5552,0.01011162,1461.7522,1339.0033,5182.5761,5305.325,0.00821569,0.00841028,0.00042132,144.3512,141.7025,1.6297,93.5821,10.0216,8884.7126,57.4225,158.2289,140.3023,51.4311,102.8621,129.7286,258.1778,514.3107,1008.3546,77.1466,0.0,5.0,9.802971,1.403346,17,104,92,7,0.24757185,0.01053293,0.02940797,0E-8,0.000000,0.915834,0.000000,-0.02508550,2026-05-12,2026-08-06,71,663,310,87,0.816092,1.127771,1.096139,0.825239,,,,,,,,GLOBAL_BASELINE_NO_ENTITY_RANKING,,,NOT_APPLICABLE_GLOBAL_BASELINE,HF9g-P5,,,,X 全窗基线 · 不参与实体赏罚,14193370,1420,A168_HF9F_20260827_0900,2026-08-27 09:00:00
2026-05-27,137070871,2188,0,311.3486586062,44.1077266359,44.1077266359,0.7500000,4,4,0.50329940000000000,0.503299400000,0.9868238854431842,0.9868238854431842,0.9868238854431842,0E-17,ELIGIBLE,R03b_20260811_FULL_v1,L1_ELIGIBILITY,v2026-08-11,2026-03-21..2026-08-06,baccarat_bet02_101_all_pairs_incl_sentinel,round_win = game_pnl > 0 (decisive only),COMPATIBILITY_ONLY_NOT_PRODUCTION,630814.5920,577721.2471,6644.3283,4370,4077,-0.01053293,-0.02940797,-0.00432247,-0.01053293,-6644.3283,630814.5920,OK,0.0000,265.7731,4.0000,96.0000,AG03-UNRESOLVED,ALL5_LEVELS_bet23_to_bet27,265.7731,265.7731,265.7731,332.2164,332.2164,4.000000,4.000000,4.000000,5.000000,5.000000,96.000000,96.000000,96.000000,95.000000,95.000000,5.0,1461.7522,1339.0033,5182.5761,5305.325,PENDING_AG03,FALSE,NOT_FOR_ENFORCEMENT,6378.5552,554612.3973,6644.3283,6378.5552,265.7731,0.01053293,0.01011162,265.7731,6378.5552,0.01011162,265.7731,265.7731,265.7731,332.2164,332.2164,6378.5552,0.01011162,1461.7522,1339.0033,5182.5761,5305.325,0.00821569,0.00841028,0.00042132,144.3512,141.7025,1.6297,93.5821,10.0216,8884.7126,57.4225,158.2289,140.3023,51.4311,102.8621,129.7286,258.1778,514.3107,1008.3546,77.1466,0.0,5.0,9.802971,1.403346,17,104,92,7,0.24757185,0.01053293,0.02940797,0E-8,0.000000,0.915834,0.000000,-0.02508550,2026-05-12,2026-08-06,71,663,310,87,0.816092,1.127771,1.096139,0.825239,,,,,,,,GLOBAL_BASELINE_NO_ENTITY_RANKING,,,NOT_APPLICABLE_GLOBAL_BASELINE,HF9g-P5,,,,X 全窗基线 · 不参与实体赏罚,14193371,1420,A168_HF9F_20260827_0900,2026-08-27 09:00:00
2026-05-27,137070871,2248,0,518.9144310104,129.7286077526,129.7286077526,0.6666667,4,4,0.49324550000000000,0.493245500000,0.6008033672792107,0.6008033672792106,0.6008033672792107,0E-17,ELIGIBLE,R03b_20260811_FULL_v1,L1_ELIGIBILITY,v2026-08-11,2026-03-21..2026-08-06,baccarat_bet02_101_all_pairs_incl_sentinel,round_win = game_pnl > 0 (decisive only),COMPATIBILITY_ONLY_NOT_PRODUCTION,630814.5920,577721.2471,6644.3283,4370,4077,-0.01053293,-0.02940797,-0.00432247,-0.01053293,-6644.3283,630814.5920,OK,0.0000,265.7731,4.0000,96.0000,AG03-UNRESOLVED,ALL5_LEVELS_bet23_to_bet27,265.7731,265.7731,265.7731,332.2164,332.2164,4.000000,4.000000,4.000000,5.000000,5.000000,96.000000,96.000000,96.000000,95.000000,95.000000,5.0,1461.7522,1339.0033,5182.5761,5305.325,PENDING_AG03,FALSE,NOT_FOR_ENFORCEMENT,6378.5552,554612.3973,6644.3283,6378.5552,265.7731,0.01053293,0.01011162,265.7731,6378.5552,0.01011162,265.7731,265.7731,265.7731,332.2164,332.2164,6378.5552,0.01011162,1461.7522,1339.0033,5182.5761,5305.325,0.00821569,0.00841028,0.00042132,144.3512,141.7025,1.6297,93.5821,10.0216,8884.7126,57.4225,158.2289,140.3023,51.4311,102.8621,129.7286,258.1778,514.3107,1008.3546,77.1466,0.0,5.0,9.802971,1.403346,17,104,92,7,0.24757185,0.01053293,0.02940797,0E-8,0.000000,0.915834,0.000000,-0.02508550,2026-05-12,2026-08-06,71,663,310,87,0.816092,1.127771,1.096139,0.825239,,,,,,,,GLOBAL_BASELINE_NO_ENTITY_RANKING,,,NOT_APPLICABLE_GLOBAL_BASELINE,HF9g-P5,,,,X 全窗基线 · 不参与实体赏罚,14193372,1420,A168_HF9F_20260827_0900,2026-08-27 09:00:00
2026-05-27,137070871,2276,0,1660.5261792333,455.3474132116,455.3474132116,0.6250000,10,10,0.50396966000000000,0.503969660000,0.6846725719019064,0.6846725719019064,0.6846725719019064,0E-17,ELIGIBLE,R03b_20260811_FULL_v1,L1_ELIGIBILITY,v2026-08-11,2026-03-21..2026-08-06,baccarat_bet02_101_all_pairs_incl_sentinel,round_win = game_pnl > 0 (decisive only),COMPATIBILITY_ONLY_NOT_PRODUCTION,630814.5920,577721.2471,6644.3283,4370,4077,-0.01053293,-0.02940797,-0.00432247,-0.01053293,-6644.3283,630814.5920,OK,0.0000,265.7731,4.0000,96.0000,AG03-UNRESOLVED,ALL5_LEVELS_bet23_to_bet27,265.7731,265.7731,265.7731,332.2164,332.2164,4.000000,4.000000,4.000000,5.000000,5.000000,96.000000,96.000000,96.000000,95.000000,95.000000,5.0,1461.7522,1339.0033,5182.5761,5305.325,PENDING_AG03,FALSE,NOT_FOR_ENFORCEMENT,6378.5552,554612.3973,6644.3283,6378.5552,265.7731,0.01053293,0.01011162,265.7731,6378.5552,0.01011162,265.7731,265.7731,265.7731,332.2164,332.2164,6378.5552,0.01011162,1461.7522,1339.0033,5182.5761,5305.325,0.00821569,0.00841028,0.00042132,144.3512,141.7025,1.6297,93.5821,10.0216,8884.7126,57.4225,158.2289,140.3023,51.4311,102.8621,129.7286,258.1778,514.3107,1008.3546,77.1466,0.0,5.0,9.802971,1.403346,17,104,92,7,0.24757185,0.01053293,0.02940797,0E-8,0.000000,0.915834,0.000000,-0.02508550,2026-05-12,2026-08-06,71,663,310,87,0.816092,1.127771,1.096139,0.825239,,,,,,,,GLOBAL_BASELINE_NO_ENTITY_RANKING,,,NOT_APPLICABLE_GLOBAL_BASELINE,HF9g-P5,,,,X 全窗基线 · 不参与实体赏罚,14193373,1420,A168_HF9F_20260827_0900,2026-08-27 09:00:00
2026-05-27,137070871,772,0,51.8914431010,0E-10,0E-10,,1,1,0.50665070000000000,0.506650700000,,,,0E-17,NO_DECISIVE_ROUND,R03b_20260811_FULL_v1,L1_ELIGIBILITY,v2026-08-11,2026-03-21..2026-08-06,baccarat_bet02_101_all_pairs_incl_sentinel,round_win = game_pnl > 0 (decisive only),COMPATIBILITY_ONLY_NOT_PRODUCTION,630814.5920,577721.2471,6644.3283,4370,4077,-0.01053293,-0.02940797,-0.00432247,-0.01053293,-6644.3283,630814.5920,OK,0.0000,265.7731,4.0000,96.0000,AG03-UNRESOLVED,ALL5_LEVELS_bet23_to_bet27,265.7731,265.7731,265.7731,332.2164,332.2164,4.000000,4.000000,4.000000,5.000000,5.000000,96.000000,96.000000,96.000000,95.000000,95.000000,5.0,1461.7522,1339.0033,5182.5761,5305.325,PENDING_AG03,FALSE,NOT_FOR_ENFORCEMENT,6378.5552,554612.3973,6644.3283,6378.5552,265.7731,0.01053293,0.01011162,265.7731,6378.5552,0.01011162,265.7731,265.7731,265.7731,332.2164,332.2164,6378.5552,0.01011162,1461.7522,1339.0033,5182.5761,5305.325,0.00821569,0.00841028,0.00042132,144.3512,141.7025,1.6297,93.5821,10.0216,8884.7126,57.4225,158.2289,140.3023,51.4311,102.8621,129.7286,258.1778,514.3107,1008.3546,77.1466,0.0,5.0,9.802971,1.403346,17,104,92,7,0.24757185,0.01053293,0.02940797,0E-8,0.000000,0.915834,0.000000,-0.02508550,2026-05-12,2026-08-06,71,663,310,87,0.816092,1.127771,1.096139,0.825239,,,,,,,,GLOBAL_BASELINE_NO_ENTITY_RANKING,,,NOT_APPLICABLE_GLOBAL_BASELINE,HF9g-P5,,,,X 全窗基线 · 不参与实体赏罚,14193374,1420,A168_HF9F_20260827_0900,2026-08-27 09:00:00
2026-05-28,137070871,1307,0,263.0896165223,-263.0896165223,-263.0896165223,0E-7,2,2,0.29392415000000000,0.293924150000,-0.9124455438455121,-0.9124455438455121,-0.9124455438455121,0E-17,ELIGIBLE,R03b_20260811_FULL_v1,L1_ELIGIBILITY,v2026-08-11,2026-03-21..2026-08-06,baccarat_bet02_101_all_pairs_incl_sentinel,round_win = game_pnl > 0 (decisive only),COMPATIBILITY_ONLY_NOT_PRODUCTION,630814.5920,577721.2471,6644.3283,4370,4077,-0.01053293,-0.02940797,-0.00432247,-0.01053293,-6644.3283,630814.5920,OK,0.0000,265.7731,4.0000,96.0000,AG03-UNRESOLVED,ALL5_LEVELS_bet23_to_bet27,265.7731,265.7731,265.7731,332.2164,332.2164,4.000000,4.000000,4.000000,5.000000,5.000000,96.000000,96.000000,96.000000,95.000000,95.000000,5.0,1461.7522,1339.0033,5182.5761,5305.325,PENDING_AG03,FALSE,NOT_FOR_ENFORCEMENT,6378.5552,554612.3973,6644.3283,6378.5552,265.7731,0.01053293,0.01011162,265.7731,6378.5552,0.01011162,265.7731,265.7731,265.7731,332.2164,332.2164,6378.5552,0.01011162,1461.7522,1339.0033,5182.5761,5305.325,0.00821569,0.00841028,0.00042132,144.3512,141.7025,1.6297,93.5821,10.0216,8884.7126,57.4225,158.2289,140.3023,51.4311,102.8621,129.7286,258.1778,514.3107,1008.3546,77.1466,0.0,5.0,9.802971,1.403346,17,104,92,7,0.24757185,0.01053293,0.02940797,0E-8,0.000000,0.915834,0.000000,-0.02508550,2026-05-12,2026-08-06,71,663,310,87,0.816092,1.127771,1.096139,0.825239,,,,,,,,GLOBAL_BASELINE_NO_ENTITY_RANKING,,,NOT_APPLICABLE_GLOBAL_BASELINE,HF9g-P5,,,,X 全窗基线 · 不参与实体赏罚,14193375,1420,A168_HF9F_20260827_0900,2026-08-27 09:00:00
2026-05-28,137070871,1318,0,51.8914431010,-51.8914431010,-51.8914431010,0E-7,2,2,0.50665070000000000,0.506650700000,-1.4331513700195317,-1.4331513700195317,-1.4331513700195317,0E-17,ELIGIBLE,R03b_20260811_FULL_v1,L1_ELIGIBILITY,v2026-08-11,2026-03-21..2026-08-06,baccarat_bet02_101_all_pairs_incl_sentinel,round_win = game_pnl > 0 (decisive only),COMPATIBILITY_ONLY_NOT_PRODUCTION,630814.5920,577721.2471,6644.3283,4370,4077,-0.01053293,-0.02940797,-0.00432247,-0.01053293,-6644.3283,630814.5920,OK,0.0000,265.7731,4.0000,96.0000,AG03-UNRESOLVED,ALL5_LEVELS_bet23_to_bet27,265.7731,265.7731,265.7731,332.2164,332.2164,4.000000,4.000000,4.000000,5.000000,5.000000,96.000000,96.000000,96.000000,95.000000,95.000000,5.0,1461.7522,1339.0033,5182.5761,5305.325,PENDING_AG03,FALSE,NOT_FOR_ENFORCEMENT,6378.5552,554612.3973,6644.3283,6378.5552,265.7731,0.01053293,0.01011162,265.7731,6378.5552,0.01011162,265.7731,265.7731,265.7731,332.2164,332.2164,6378.5552,0.01011162,1461.7522,1339.0033,5182.5761,5305.325,0.00821569,0.00841028,0.00042132,144.3512,141.7025,1.6297,93.5821,10.0216,8884.7126,57.4225,158.2289,140.3023,51.4311,102.8621,129.7286,258.1778,514.3107,1008.3546,77.1466,0.0,5.0,9.802971,1.403346,17,104,92,7,0.24757185,0.01053293,0.02940797,0E-8,0.000000,0.915834,0.000000,-0.02508550,2026-05-12,2026-08-06,71,663,310,87,0.816092,1.127771,1.096139,0.825239,,,,,,,,GLOBAL_BASELINE_NO_ENTITY_RANKING,,,NOT_APPLICABLE_GLOBAL_BASELINE,HF9g-P5,,,,X 全窗基线 · 不参与实体赏罚,14193376,1420,A168_HF9F_20260827_0900,2026-08-27 09:00:00
2026-05-28,137070871,1383,0,1576.2025841941,-515.9955373359,-515.9955373359,0.3846154,13,13,0.50252602307692308,0.502526023077,-0.8502765567374819,-0.8502765567380371,-0.8502765567374819,-7.692E-14,ELIGIBLE,R03b_20260811_FULL_v1,L1_ELIGIBILITY,v2026-08-11,2026-03-21..2026-08-06,baccarat_bet02_101_all_pairs_incl_sentinel,round_win = game_pnl > 0 (decisive only),COMPATIBILITY_ONLY_NOT_PRODUCTION,630814.5920,577721.2471,6644.3283,4370,4077,-0.01053293,-0.02940797,-0.00432247,-0.01053293,-6644.3283,630814.5920,OK,0.0000,265.7731,4.0000,96.0000,AG03-UNRESOLVED,ALL5_LEVELS_bet23_to_bet27,265.7731,265.7731,265.7731,332.2164,332.2164,4.000000,4.000000,4.000000,5.000000,5.000000,96.000000,96.000000,96.000000,95.000000,95.000000,5.0,1461.7522,1339.0033,5182.5761,5305.325,PENDING_AG03,FALSE,NOT_FOR_ENFORCEMENT,6378.5552,554612.3973,6644.3283,6378.5552,265.7731,0.01053293,0.01011162,265.7731,6378.5552,0.01011162,265.7731,265.7731,265.7731,332.2164,332.2164,6378.5552,0.01011162,1461.7522,1339.0033,5182.5761,5305.325,0.00821569,0.00841028,0.00042132,144.3512,141.7025,1.6297,93.5821,10.0216,8884.7126,57.4225,158.2289,140.3023,51.4311,102.8621,129.7286,258.1778,514.3107,1008.3546,77.1466,0.0,5.0,9.802971,1.403346,17,104,92,7,0.24757185,0.01053293,0.02940797,0E-8,0.000000,0.915834,0.000000,-0.02508550,2026-05-12,2026-08-06,71,663,310,87,0.816092,1.127771,1.096139,0.825239,,,,,,,,GLOBAL_BASELINE_NO_ENTITY_RANKING,,,NOT_APPLICABLE_GLOBAL_BASELINE,HF9g-P5,,,,X 全窗基线 · 不参与实体赏罚,14193377,1420,A168_HF9F_20260827_0900,2026-08-27 09:00:00
2026-05-28,137070871,1623,0,116.7557469774,-90.8100254269,-90.8100254269,0E-7,5,3,0.36040978888888889,0.360409788889,-1.0616036003663112,-1.0616036003665672,-1.0616036003663112,-1.1111E-13,ELIGIBLE,R03b_20260811_FULL_v1,L1_ELIGIBILITY,v2026-08-11,2026-03-21..2026-08-06,baccarat_bet02_101_all_pairs_incl_sentinel,round_win = game_pnl > 0 (decisive only),COMPATIBILITY_ONLY_NOT_PRODUCTION,630814.5920,577721.2471,6644.3283,4370,4077,-0.01053293,-0.02940797,-0.00432247,-0.01053293,-6644.3283,630814.5920,OK,0.0000,265.7731,4.0000,96.0000,AG03-UNRESOLVED,ALL5_LEVELS_bet23_to_bet27,265.7731,265.7731,265.7731,332.2164,332.2164,4.000000,4.000000,4.000000,5.000000,5.000000,96.000000,96.000000,96.000000,95.000000,95.000000,5.0,1461.7522,1339.0033,5182.5761,5305.325,PENDING_AG03,FALSE,NOT_FOR_ENFORCEMENT,6378.5552,554612.3973,6644.3283,6378.5552,265.7731,0.01053293,0.01011162,265.7731,6378.5552,0.01011162,265.7731,265.7731,265.7731,332.2164,332.2164,6378.5552,0.01011162,1461.7522,1339.0033,5182.5761,5305.325,0.00821569,0.00841028,0.00042132,144.3512,141.7025,1.6297,93.5821,10.0216,8884.7126,57.4225,158.2289,140.3023,51.4311,102.8621,129.7286,258.1778,514.3107,1008.3546,77.1466,0.0,5.0,9.802971,1.403346,17,104,92,7,0.24757185,0.01053293,0.02940797,0E-8,0.000000,0.915834,0.000000,-0.02508550,2026-05-12,2026-08-06,71,663,310,87,0.816092,1.127771,1.096139,0.825239,,,,,,,,GLOBAL_BASELINE_NO_ENTITY_RANKING,,,NOT_APPLICABLE_GLOBAL_BASELINE,HF9g-P5,,,,X 全窗基线 · 不参与实体赏罚,14193378,1420,A168_HF9F_20260827_0900,2026-08-27 09:00:00
2026-05-28,137070871,1940,0,643.4538944528,71.3507342641,71.3507342641,0.5000000,8,6,0.49371264607843137,0.454187594445,0.03080405339548074,0.22538208216753433,0.03080405339548074,0.03952505163343137,ELIGIBLE,R03b_20260811_FULL_v1,L1_ELIGIBILITY,v2026-08-11,2026-03-21..2026-08-06,baccarat_bet02_101_all_pairs_incl_sentinel,round_win = game_pnl > 0 (decisive only),COMPATIBILITY_ONLY_NOT_PRODUCTION,630814.5920,577721.2471,6644.3283,4370,4077,-0.01053293,-0.02940797,-0.00432247,-0.01053293,-6644.3283,630814.5920,OK,0.0000,265.7731,4.0000,96.0000,AG03-UNRESOLVED,ALL5_LEVELS_bet23_to_bet27,265.7731,265.7731,265.7731,332.2164,332.2164,4.000000,4.000000,4.000000,5.000000,5.000000,96.000000,96.000000,96.000000,95.000000,95.000000,5.0,1461.7522,1339.0033,5182.5761,5305.325,PENDING_AG03,FALSE,NOT_FOR_ENFORCEMENT,6378.5552,554612.3973,6644.3283,6378.5552,265.7731,0.01053293,0.01011162,265.7731,6378.5552,0.01011162,265.7731,265.7731,265.7731,332.2164,332.2164,6378.5552,0.01011162,1461.7522,1339.0033,5182.5761,5305.325,0.00821569,0.00841028,0.00042132,144.3512,141.7025,1.6297,93.5821,10.0216,8884.7126,57.4225,158.2289,140.3023,51.4311,102.8621,129.7286,258.1778,514.3107,1008.3546,77.1466,0.0,5.0,9.802971,1.403346,17,104,92,7,0.24757185,0.01053293,0.02940797,0E-8,0.000000,0.915834,0.000000,-0.02508550,2026-05-12,2026-08-06,71,663,310,87,0.816092,1.127771,1.096139,0.825239,,,,,,,,GLOBAL_BASELINE_NO_ENTITY_RANKING,,,NOT_APPLICABLE_GLOBAL_BASELINE,HF9g-P5,,,,X 全窗基线 · 不参与实体赏罚,14193379,1420,A168_HF9F_20260827_0900,2026-08-27 09:00:00
2026-05-28,137070871,2101,0,1478.9061283794,177.7281926209,177.7281926209,0.4500000,29,21,0.44405075138884034,0.422459033333,0.053547997850634264,0.24935063540008812,0.053547997850634264,0.02159171805584034,ELIGIBLE,R03b_20260811_FULL_v1,L1_ELIGIBILITY,v2026-08-11,2026-03-21..2026-08-06,baccarat_bet02_101_all_pairs_incl_sentinel,round_win = game_pnl > 0 (decisive only),COMPATIBILITY_ONLY_NOT_PRODUCTION,630814.5920,577721.2471,6644.3283,4370,4077,-0.01053293,-0.02940797,-0.00432247,-0.01053293,-6644.3283,630814.5920,OK,0.0000,265.7731,4.0000,96.0000,AG03-UNRESOLVED,ALL5_LEVELS_bet23_to_bet27,265.7731,265.7731,265.7731,332.2164,332.2164,4.000000,4.000000,4.000000,5.000000,5.000000,96.000000,96.000000,96.000000,95.000000,95.000000,5.0,1461.7522,1339.0033,5182.5761,5305.325,PENDING_AG03,FALSE,NOT_FOR_ENFORCEMENT,6378.5552,554612.3973,6644.3283,6378.5552,265.7731,0.01053293,0.01011162,265.7731,6378.5552,0.01011162,265.7731,265.7731,265.7731,332.2164,332.2164,6378.5552,0.01011162,1461.7522,1339.0033,5182.5761,5305.325,0.00821569,0.00841028,0.00042132,144.3512,141.7025,1.6297,93.5821,10.0216,8884.7126,57.4225,158.2289,140.3023,51.4311,102.8621,129.7286,258.1778,514.3107,1008.3546,77.1466,0.0,5.0,9.802971,1.403346,17,104,92,7,0.24757185,0.01053293,0.02940797,0E-8,0.000000,0.915834,0.000000,-0.02508550,2026-05-12,2026-08-06,71,663,310,87,0.816092,1.127771,1.096139,0.825239,,,,,,,,GLOBAL_BASELINE_NO_ENTITY_RANKING,,,NOT_APPLICABLE_GLOBAL_BASELINE,HF9g-P5,,,,X 全窗基线 · 不参与实体赏罚,14193380,1420,A168_HF9F_20260827_0900,2026-08-27 09:00:00
2026-05-28,137070871,2123,0,184.2146230086,111.5666026673,111.5666026673,0.8000000,8,5,0.46668812000000000,0.434768660000,1.493935314517539,1.6474445522622332,1.493935314517539,0.03191946000000000,ELIGIBLE,R03b_20260811_FULL_v1,L1_ELIGIBILITY,v2026-08-11,2026-03-21..2026-08-06,baccarat_bet02_101_all_pairs_incl_sentinel,round_win = game_pnl > 0 (decisive only),COMPATIBILITY_ONLY_NOT_PRODUCTION,630814.5920,577721.2471,6644.3283,4370,4077,-0.01053293,-0.02940797,-0.00432247,-0.01053293,-6644.3283,630814.5920,OK,0.0000,265.7731,4.0000,96.0000,AG03-UNRESOLVED,ALL5_LEVELS_bet23_to_bet27,265.7731,265.7731,265.7731,332.2164,332.2164,4.000000,4.000000,4.000000,5.000000,5.000000,96.000000,96.000000,96.000000,95.000000,95.000000,5.0,1461.7522,1339.0033,5182.5761,5305.325,PENDING_AG03,FALSE,NOT_FOR_ENFORCEMENT,6378.5552,554612.3973,6644.3283,6378.5552,265.7731,0.01053293,0.01011162,265.7731,6378.5552,0.01011162,265.7731,265.7731,265.7731,332.2164,332.2164,6378.5552,0.01011162,1461.7522,1339.0033,5182.5761,5305.325,0.00821569,0.00841028,0.00042132,144.3512,141.7025,1.6297,93.5821,10.0216,8884.7126,57.4225,158.2289,140.3023,51.4311,102.8621,129.7286,258.1778,514.3107,1008.3546,77.1466,0.0,5.0,9.802971,1.403346,17,104,92,7,0.24757185,0.01053293,0.02940797,0E-8,0.000000,0.915834,0.000000,-0.02508550,2026-05-12,2026-08-06,71,663,310,87,0.816092,1.127771,1.096139,0.825239,,,,,,,,GLOBAL_BASELINE_NO_ENTITY_RANKING,,,NOT_APPLICABLE_GLOBAL_BASELINE,HF9g-P5,,,,X 全窗基线 · 不参与实体赏罚,14193381,1420,A168_HF9F_20260827_0900,2026-08-27 09:00:00
2026-05-28,137070871,529,0,830.2630896161,134.9177520630,134.9177520630,0.5384615,14,14,0.50282064285714286,0.502820642857,0.2570142428668154,0.25701424286784513,0.2570142428668154,1.4286E-13,ELIGIBLE,R03b_20260811_FULL_v1,L1_ELIGIBILITY,v2026-08-11,2026-03-21..2026-08-06,baccarat_bet02_101_all_pairs_incl_sentinel,round_win = game_pnl > 0 (decisive only),COMPATIBILITY_ONLY_NOT_PRODUCTION,630814.5920,577721.2471,6644.3283,4370,4077,-0.01053293,-0.02940797,-0.00432247,-0.01053293,-6644.3283,630814.5920,OK,0.0000,265.7731,4.0000,96.0000,AG03-UNRESOLVED,ALL5_LEVELS_bet23_to_bet27,265.7731,265.7731,265.7731,332.2164,332.2164,4.000000,4.000000,4.000000,5.000000,5.000000,96.000000,96.000000,96.000000,95.000000,95.000000,5.0,1461.7522,1339.0033,5182.5761,5305.325,PENDING_AG03,FALSE,NOT_FOR_ENFORCEMENT,6378.5552,554612.3973,6644.3283,6378.5552,265.7731,0.01053293,0.01011162,265.7731,6378.5552,0.01011162,265.7731,265.7731,265.7731,332.2164,332.2164,6378.5552,0.01011162,1461.7522,1339.0033,5182.5761,5305.325,0.00821569,0.00841028,0.00042132,144.3512,141.7025,1.6297,93.5821,10.0216,8884.7126,57.4225,158.2289,140.3023,51.4311,102.8621,129.7286,258.1778,514.3107,1008.3546,77.1466,0.0,5.0,9.802971,1.403346,17,104,92,7,0.24757185,0.01053293,0.02940797,0E-8,0.000000,0.915834,0.000000,-0.02508550,2026-05-12,2026-08-06,71,663,310,87,0.816092,1.127771,1.096139,0.825239,,,,,,,,GLOBAL_BASELINE_NO_ENTITY_RANKING,,,NOT_APPLICABLE_GLOBAL_BASELINE,HF9g-P5,,,,X 全窗基线 · 不参与实体赏罚,14193382,1420,A168_HF9F_20260827_0900,2026-08-27 09:00:00
2026-05-28,137070871,789,0,518.9144310100,247.7816408075,247.7816408075,0.7500000,9,9,0.50218230000000000,0.502182300000,1.4018819621466703,1.4018819621466703,1.4018819621466703,0E-17,ELIGIBLE,R03b_20260811_FULL_v1,L1_ELIGIBILITY,v2026-08-11,2026-03-21..2026-08-06,baccarat_bet02_101_all_pairs_incl_sentinel,round_win = game_pnl > 0 (decisive only),COMPATIBILITY_ONLY_NOT_PRODUCTION,630814.5920,577721.2471,6644.3283,4370,4077,-0.01053293,-0.02940797,-0.00432247,-0.01053293,-6644.3283,630814.5920,OK,0.0000,265.7731,4.0000,96.0000,AG03-UNRESOLVED,ALL5_LEVELS_bet23_to_bet27,265.7731,265.7731,265.7731,332.2164,332.2164,4.000000,4.000000,4.000000,5.000000,5.000000,96.000000,96.000000,96.000000,95.000000,95.000000,5.0,1461.7522,1339.0033,5182.5761,5305.325,PENDING_AG03,FALSE,NOT_FOR_ENFORCEMENT,6378.5552,554612.3973,6644.3283,6378.5552,265.7731,0.01053293,0.01011162,265.7731,6378.5552,0.01011162,265.7731,265.7731,265.7731,332.2164,332.2164,6378.5552,0.01011162,1461.7522,1339.0033,5182.5761,5305.325,0.00821569,0.00841028,0.00042132,144.3512,141.7025,1.6297,93.5821,10.0216,8884.7126,57.4225,158.2289,140.3023,51.4311,102.8621,129.7286,258.1778,514.3107,1008.3546,77.1466,0.0,5.0,9.802971,1.403346,17,104,92,7,0.24757185,0.01053293,0.02940797,0E-8,0.000000,0.915834,0.000000,-0.02508550,2026-05-12,2026-08-06,71,663,310,87,0.816092,1.127771,1.096139,0.825239,,,,,,,,GLOBAL_BASELINE_NO_ENTITY_RANKING,,,NOT_APPLICABLE_GLOBAL_BASELINE,HF9g-P5,,,,X 全窗基线 · 不参与实体赏罚,14193383,1420,A168_HF9F_20260827_0900,2026-08-27 09:00:00
2026-05-29,137070871,2251,0,55.5238441182,-30.6159514298,-30.6159514298,0.3333333,5,3,0.45657558095192794,0.401724488889,-0.4285429179583899,-0.24162718952129328,-0.4285429179583899,0.05485109206292794,ELIGIBLE,R03b_20260811_FULL_v1,L1_ELIGIBILITY,v2026-08-11,2026-03-21..2026-08-06,baccarat_bet02_101_all_pairs_incl_sentinel,round_win = game_pnl > 0 (decisive only),COMPATIBILITY_ONLY_NOT_PRODUCTION,630814.5920,577721.2471,6644.3283,4370,4077,-0.01053293,-0.02940797,-0.00432247,-0.01053293,-6644.3283,630814.5920,OK,0.0000,265.7731,4.0000,96.0000,AG03-UNRESOLVED,ALL5_LEVELS_bet23_to_bet27,265.7731,265.7731,265.7731,332.2164,332.2164,4.000000,4.000000,4.000000,5.000000,5.000000,96.000000,96.000000,96.000000,95.000000,95.000000,5.0,1461.7522,1339.0033,5182.5761,5305.325,PENDING_AG03,FALSE,NOT_FOR_ENFORCEMENT,6378.5552,554612.3973,6644.3283,6378.5552,265.7731,0.01053293,0.01011162,265.7731,6378.5552,0.01011162,265.7731,265.7731,265.7731,332.2164,332.2164,6378.5552,0.01011162,1461.7522,1339.0033,5182.5761,5305.325,0.00821569,0.00841028,0.00042132,144.3512,141.7025,1.6297,93.5821,10.0216,8884.7126,57.4225,158.2289,140.3023,51.4311,102.8621,129.7286,258.1778,514.3107,1008.3546,77.1466,0.0,5.0,9.802971,1.403346,17,104,92,7,0.24757185,0.01053293,0.02940797,0E-8,0.000000,0.915834,0.000000,-0.02508550,2026-05-12,2026-08-06,71,663,310,87,0.816092,1.127771,1.096139,0.825239,,,,,,,,GLOBAL_BASELINE_NO_ENTITY_RANKING,,,NOT_APPLICABLE_GLOBAL_BASELINE,HF9g-P5,,,,X 全窗基线 · 不参与实体赏罚,14193384,1420,A168_HF9F_20260827_0900,2026-08-27 09:00:00
2026-05-30,137070871,1330,0,51.8914431010,-51.8914431010,-51.8914431010,0E-7,1,1,0.49324550000000000,0.493245500000,-0.9865810262130424,-0.9865810262130424,-0.9865810262130424,0E-17,ELIGIBLE,R03b_20260811_FULL_v1,L1_ELIGIBILITY,v2026-08-11,2026-03-21..2026-08-06,baccarat_bet02_101_all_pairs_incl_sentinel,round_win = game_pnl > 0 (decisive only),COMPATIBILITY_ONLY_NOT_PRODUCTION,630814.5920,577721.2471,6644.3283,4370,4077,-0.01053293,-0.02940797,-0.00432247,-0.01053293,-6644.3283,630814.5920,OK,0.0000,265.7731,4.0000,96.0000,AG03-UNRESOLVED,ALL5_LEVELS_bet23_to_bet27,265.7731,265.7731,265.7731,332.2164,332.2164,4.000000,4.000000,4.000000,5.000000,5.000000,96.000000,96.000000,96.000000,95.000000,95.000000,5.0,1461.7522,1339.0033,5182.5761,5305.325,PENDING_AG03,FALSE,NOT_FOR_ENFORCEMENT,6378.5552,554612.3973,6644.3283,6378.5552,265.7731,0.01053293,0.01011162,265.7731,6378.5552,0.01011162,265.7731,265.7731,265.7731,332.2164,332.2164,6378.5552,0.01011162,1461.7522,1339.0033,5182.5761,5305.325,0.00821569,0.00841028,0.00042132,144.3512,141.7025,1.6297,93.5821,10.0216,8884.7126,57.4225,158.2289,140.3023,51.4311,102.8621,129.7286,258.1778,514.3107,1008.3546,77.1466,0.0,5.0,9.802971,1.403346,17,104,92,7,0.24757185,0.01053293,0.02940797,0E-8,0.000000,0.915834,0.000000,-0.02508550,2026-05-12,2026-08-06,71,663,310,87,0.816092,1.127771,1.096139,0.825239,,,,,,,,GLOBAL_BASELINE_NO_ENTITY_RANKING,,,NOT_APPLICABLE_GLOBAL_BASELINE,HF9g-P5,,,,X 全窗基线 · 不参与实体赏罚,14193385,1420,A168_HF9F_20260827_0900,2026-08-27 09:00:00
2026-05-30,137070871,1374,0,1271.3403559750,263.3490737380,263.3490737380,0.6000000,16,16,0.50246157500000000,0.502461575000,0.7555385474833161,0.7555385474833161,0.7555385474833161,0E-17,ELIGIBLE,R03b_20260811_FULL_v1,L1_ELIGIBILITY,v2026-08-11,2026-03-21..2026-08-06,baccarat_bet02_101_all_pairs_incl_sentinel,round_win = game_pnl > 0 (decisive only),COMPATIBILITY_ONLY_NOT_PRODUCTION,630814.5920,577721.2471,6644.3283,4370,4077,-0.01053293,-0.02940797,-0.00432247,-0.01053293,-6644.3283,630814.5920,OK,0.0000,265.7731,4.0000,96.0000,AG03-UNRESOLVED,ALL5_LEVELS_bet23_to_bet27,265.7731,265.7731,265.7731,332.2164,332.2164,4.000000,4.000000,4.000000,5.000000,5.000000,96.000000,96.000000,96.000000,95.000000,95.000000,5.0,1461.7522,1339.0033,5182.5761,5305.325,PENDING_AG03,FALSE,NOT_FOR_ENFORCEMENT,6378.5552,554612.3973,6644.3283,6378.5552,265.7731,0.01053293,0.01011162,265.7731,6378.5552,0.01011162,265.7731,265.7731,265.7731,332.2164,332.2164,6378.5552,0.01011162,1461.7522,1339.0033,5182.5761,5305.325,0.00821569,0.00841028,0.00042132,144.3512,141.7025,1.6297,93.5821,10.0216,8884.7126,57.4225,158.2289,140.3023,51.4311,102.8621,129.7286,258.1778,514.3107,1008.3546,77.1466,0.0,5.0,9.802971,1.403346,17,104,92,7,0.24757185,0.01053293,0.02940797,0E-8,0.000000,0.915834,0.000000,-0.02508550,2026-05-12,2026-08-06,71,663,310,87,0.816092,1.127771,1.096139,0.825239,,,,,,,,GLOBAL_BASELINE_NO_ENTITY_RANKING,,,NOT_APPLICABLE_GLOBAL_BASELINE,HF9g-P5,,,,X 全窗基线 · 不参与实体赏罚,14193386,1420,A168_HF9F_20260827_0900,2026-08-27 09:00:00
2026-05-30,137070871,1396,0,78.3560790826,-78.3560790826,-78.3560790826,0E-7,1,1,0.49324550000000000,0.493245500000,-0.9865810262130424,-0.9865810262130424,-0.9865810262130424,0E-17,ELIGIBLE,R03b_20260811_FULL_v1,L1_ELIGIBILITY,v2026-08-11,2026-03-21..2026-08-06,baccarat_bet02_101_all_pairs_incl_sentinel,round_win = game_pnl > 0 (decisive only),COMPATIBILITY_ONLY_NOT_PRODUCTION,630814.5920,577721.2471,6644.3283,4370,4077,-0.01053293,-0.02940797,-0.00432247,-0.01053293,-6644.3283,630814.5920,OK,0.0000,265.7731,4.0000,96.0000,AG03-UNRESOLVED,ALL5_LEVELS_bet23_to_bet27,265.7731,265.7731,265.7731,332.2164,332.2164,4.000000,4.000000,4.000000,5.000000,5.000000,96.000000,96.000000,96.000000,95.000000,95.000000,5.0,1461.7522,1339.0033,5182.5761,5305.325,PENDING_AG03,FALSE,NOT_FOR_ENFORCEMENT,6378.5552,554612.3973,6644.3283,6378.5552,265.7731,0.01053293,0.01011162,265.7731,6378.5552,0.01011162,265.7731,265.7731,265.7731,332.2164,332.2164,6378.5552,0.01011162,1461.7522,1339.0033,5182.5761,5305.325,0.00821569,0.00841028,0.00042132,144.3512,141.7025,1.6297,93.5821,10.0216,8884.7126,57.4225,158.2289,140.3023,51.4311,102.8621,129.7286,258.1778,514.3107,1008.3546,77.1466,0.0,5.0,9.802971,1.403346,17,104,92,7,0.24757185,0.01053293,0.02940797,0E-8,0.000000,0.915834,0.000000,-0.02508550,2026-05-12,2026-08-06,71,663,310,87,0.816092,1.127771,1.096139,0.825239,,,,,,,,GLOBAL_BASELINE_NO_ENTITY_RANKING,,,NOT_APPLICABLE_GLOBAL_BASELINE,HF9g-P5,,,,X 全窗基线 · 不参与实体赏罚,14193387,1420,A168_HF9F_20260827_0900,2026-08-27 09:00:00
2026-05-30,137070871,1505,0,155.6743293030,-3.8918582325,-3.8918582325,0.5000000,2,2,0.50665070000000000,0.506650700000,-0.018812684590367487,-0.018812684590367487,-0.018812684590367487,0E-17,ELIGIBLE,R03b_20260811_FULL_v1,L1_ELIGIBILITY,v2026-08-11,2026-03-21..2026-08-06,baccarat_bet02_101_all_pairs_incl_sentinel,round_win = game_pnl > 0 (decisive only),COMPATIBILITY_ONLY_NOT_PRODUCTION,630814.5920,577721.2471,6644.3283,4370,4077,-0.01053293,-0.02940797,-0.00432247,-0.01053293,-6644.3283,630814.5920,OK,0.0000,265.7731,4.0000,96.0000,AG03-UNRESOLVED,ALL5_LEVELS_bet23_to_bet27,265.7731,265.7731,265.7731,332.2164,332.2164,4.000000,4.000000,4.000000,5.000000,5.000000,96.000000,96.000000,96.000000,95.000000,95.000000,5.0,1461.7522,1339.0033,5182.5761,5305.325,PENDING_AG03,FALSE,NOT_FOR_ENFORCEMENT,6378.5552,554612.3973,6644.3283,6378.5552,265.7731,0.01053293,0.01011162,265.7731,6378.5552,0.01011162,265.7731,265.7731,265.7731,332.2164,332.2164,6378.5552,0.01011162,1461.7522,1339.0033,5182.5761,5305.325,0.00821569,0.00841028,0.00042132,144.3512,141.7025,1.6297,93.5821,10.0216,8884.7126,57.4225,158.2289,140.3023,51.4311,102.8621,129.7286,258.1778,514.3107,1008.3546,77.1466,0.0,5.0,9.802971,1.403346,17,104,92,7,0.24757185,0.01053293,0.02940797,0E-8,0.000000,0.915834,0.000000,-0.02508550,2026-05-12,2026-08-06,71,663,310,87,0.816092,1.127771,1.096139,0.825239,,,,,,,,GLOBAL_BASELINE_NO_ENTITY_RANKING,,,NOT_APPLICABLE_GLOBAL_BASELINE,HF9g-P5,,,,X 全窗基线 · 不参与实体赏罚,14193388,1420,A168_HF9F_20260827_0900,2026-08-27 09:00:00
2026-05-30,137070871,1702,0,129.7286077526,-129.7286077526,-129.7286077526,0E-7,1,1,0.50665070000000000,0.506650700000,-1.013391052207602,-1.013391052207602,-1.013391052207602,0E-17,ELIGIBLE,R03b_20260811_FULL_v1,L1_ELIGIBILITY,v2026-08-11,2026-03-21..2026-08-06,baccarat_bet02_101_all_pairs_incl_sentinel,round_win = game_pnl > 0 (decisive only),COMPATIBILITY_ONLY_NOT_PRODUCTION,630814.5920,577721.2471,6644.3283,4370,4077,-0.01053293,-0.02940797,-0.00432247,-0.01053293,-6644.3283,630814.5920,OK,0.0000,265.7731,4.0000,96.0000,AG03-UNRESOLVED,ALL5_LEVELS_bet23_to_bet27,265.7731,265.7731,265.7731,332.2164,332.2164,4.000000,4.000000,4.000000,5.000000,5.000000,96.000000,96.000000,96.000000,95.000000,95.000000,5.0,1461.7522,1339.0033,5182.5761,5305.325,PENDING_AG03,FALSE,NOT_FOR_ENFORCEMENT,6378.5552,554612.3973,6644.3283,6378.5552,265.7731,0.01053293,0.01011162,265.7731,6378.5552,0.01011162,265.7731,265.7731,265.7731,332.2164,332.2164,6378.5552,0.01011162,1461.7522,1339.0033,5182.5761,5305.325,0.00821569,0.00841028,0.00042132,144.3512,141.7025,1.6297,93.5821,10.0216,8884.7126,57.4225,158.2289,140.3023,51.4311,102.8621,129.7286,258.1778,514.3107,1008.3546,77.1466,0.0,5.0,9.802971,1.403346,17,104,92,7,0.24757185,0.01053293,0.02940797,0E-8,0.000000,0.915834,0.000000,-0.02508550,2026-05-12,2026-08-06,71,663,310,87,0.816092,1.127771,1.096139,0.825239,,,,,,,,GLOBAL_BASELINE_NO_ENTITY_RANKING,,,NOT_APPLICABLE_GLOBAL_BASELINE,HF9g-P5,,,,X 全窗基线 · 不参与实体赏罚,14193389,1420,A168_HF9F_20260827_0900,2026-08-27 09:00:00
2026-05-30,137070871,2088,0,467.2824451248,-62.0232473665,-62.0232473665,0.5000000,2,2,0.50665070000000000,0.506650700000,-0.018812684590367487,-0.018812684590367487,-0.018812684590367487,0E-17,ELIGIBLE,R03b_20260811_FULL_v1,L1_ELIGIBILITY,v2026-08-11,2026-03-21..2026-08-06,baccarat_bet02_101_all_pairs_incl_sentinel,round_win = game_pnl > 0 (decisive only),COMPATIBILITY_ONLY_NOT_PRODUCTION,630814.5920,577721.2471,6644.3283,4370,4077,-0.01053293,-0.02940797,-0.00432247,-0.01053293,-6644.3283,630814.5920,OK,0.0000,265.7731,4.0000,96.0000,AG03-UNRESOLVED,ALL5_LEVELS_bet23_to_bet27,265.7731,265.7731,265.7731,332.2164,332.2164,4.000000,4.000000,4.000000,5.000000,5.000000,96.000000,96.000000,96.000000,95.000000,95.000000,5.0,1461.7522,1339.0033,5182.5761,5305.325,PENDING_AG03,FALSE,NOT_FOR_ENFORCEMENT,6378.5552,554612.3973,6644.3283,6378.5552,265.7731,0.01053293,0.01011162,265.7731,6378.5552,0.01011162,265.7731,265.7731,265.7731,332.2164,332.2164,6378.5552,0.01011162,1461.7522,1339.0033,5182.5761,5305.325,0.00821569,0.00841028,0.00042132,144.3512,141.7025,1.6297,93.5821,10.0216,8884.7126,57.4225,158.2289,140.3023,51.4311,102.8621,129.7286,258.1778,514.3107,1008.3546,77.1466,0.0,5.0,9.802971,1.403346,17,104,92,7,0.24757185,0.01053293,0.02940797,0E-8,0.000000,0.915834,0.000000,-0.02508550,2026-05-12,2026-08-06,71,663,310,87,0.816092,1.127771,1.096139,0.825239,,,,,,,,GLOBAL_BASELINE_NO_ENTITY_RANKING,,,NOT_APPLICABLE_GLOBAL_BASELINE,HF9g-P5,,,,X 全窗基线 · 不参与实体赏罚,14193390,1420,A168_HF9F_20260827_0900,2026-08-27 09:00:00
2026-05-30,137070871,2171,0,516.5793160709,-309.0135436667,-309.0135436667,0.2500000,4,4,0.49994810000000000,0.499948100000,-0.9997924053861017,-0.9997924053861017,-0.9997924053861017,0E-17,ELIGIBLE,R03b_20260811_FULL_v1,L1_ELIGIBILITY,v2026-08-11,2026-03-21..2026-08-06,baccarat_bet02_101_all_pairs_incl_sentinel,round_win = game_pnl > 0 (decisive only),COMPATIBILITY_ONLY_NOT_PRODUCTION,630814.5920,577721.2471,6644.3283,4370,4077,-0.01053293,-0.02940797,-0.00432247,-0.01053293,-6644.3283,630814.5920,OK,0.0000,265.7731,4.0000,96.0000,AG03-UNRESOLVED,ALL5_LEVELS_bet23_to_bet27,265.7731,265.7731,265.7731,332.2164,332.2164,4.000000,4.000000,4.000000,5.000000,5.000000,96.000000,96.000000,96.000000,95.000000,95.000000,5.0,1461.7522,1339.0033,5182.5761,5305.325,PENDING_AG03,FALSE,NOT_FOR_ENFORCEMENT,6378.5552,554612.3973,6644.3283,6378.5552,265.7731,0.01053293,0.01011162,265.7731,6378.5552,0.01011162,265.7731,265.7731,265.7731,332.2164,332.2164,6378.5552,0.01011162,1461.7522,1339.0033,5182.5761,5305.325,0.00821569,0.00841028,0.00042132,144.3512,141.7025,1.6297,93.5821,10.0216,8884.7126,57.4225,158.2289,140.3023,51.4311,102.8621,129.7286,258.1778,514.3107,1008.3546,77.1466,0.0,5.0,9.802971,1.403346,17,104,92,7,0.24757185,0.01053293,0.02940797,0E-8,0.000000,0.915834,0.000000,-0.02508550,2026-05-12,2026-08-06,71,663,310,87,0.816092,1.127771,1.096139,0.825239,,,,,,,,GLOBAL_BASELINE_NO_ENTITY_RANKING,,,NOT_APPLICABLE_GLOBAL_BASELINE,HF9g-P5,,,,X 全窗基线 · 不参与实体赏罚,14193391,1420,A168_HF9F_20260827_0900,2026-08-27 09:00:00
2026-05-30,137070871,2196,0,311.3486586061,-210.1603445591,-210.1603445591,0.2000000,5,5,0.50396966000000000,0.503969660000,-1.3594364909357963,-1.3594364909357963,-1.3594364909357963,0E-17,ELIGIBLE,R03b_20260811_FULL_v1,L1_ELIGIBILITY,v2026-08-11,2026-03-21..2026-08-06,baccarat_bet02_101_all_pairs_incl_sentinel,round_win = game_pnl > 0 (decisive only),COMPATIBILITY_ONLY_NOT_PRODUCTION,630814.5920,577721.2471,6644.3283,4370,4077,-0.01053293,-0.02940797,-0.00432247,-0.01053293,-6644.3283,630814.5920,OK,0.0000,265.7731,4.0000,96.0000,AG03-UNRESOLVED,ALL5_LEVELS_bet23_to_bet27,265.7731,265.7731,265.7731,332.2164,332.2164,4.000000,4.000000,4.000000,5.000000,5.000000,96.000000,96.000000,96.000000,95.000000,95.000000,5.0,1461.7522,1339.0033,5182.5761,5305.325,PENDING_AG03,FALSE,NOT_FOR_ENFORCEMENT,6378.5552,554612.3973,6644.3283,6378.5552,265.7731,0.01053293,0.01011162,265.7731,6378.5552,0.01011162,265.7731,265.7731,265.7731,332.2164,332.2164,6378.5552,0.01011162,1461.7522,1339.0033,5182.5761,5305.325,0.00821569,0.00841028,0.00042132,144.3512,141.7025,1.6297,93.5821,10.0216,8884.7126,57.4225,158.2289,140.3023,51.4311,102.8621,129.7286,258.1778,514.3107,1008.3546,77.1466,0.0,5.0,9.802971,1.403346,17,104,92,7,0.24757185,0.01053293,0.02940797,0E-8,0.000000,0.915834,0.000000,-0.02508550,2026-05-12,2026-08-06,71,663,310,87,0.816092,1.127771,1.096139,0.825239,,,,,,,,GLOBAL_BASELINE_NO_ENTITY_RANKING,,,NOT_APPLICABLE_GLOBAL_BASELINE,HF9g-P5,,,,X 全窗基线 · 不参与实体赏罚,14193392,1420,A168_HF9F_20260827_0900,2026-08-27 09:00:00
2026-05-31,137070871,1382,0,2931.8665352086,694.0480514766,694.0480514766,0.5625000,20,20,0.50329940000000000,0.503299400000,0.4736151116986969,0.4736151116986969,0.4736151116986969,0E-17,ELIGIBLE,R03b_20260811_FULL_v1,L1_ELIGIBILITY,v2026-08-11,2026-03-21..2026-08-06,baccarat_bet02_101_all_pairs_incl_sentinel,round_win = game_pnl > 0 (decisive only),COMPATIBILITY_ONLY_NOT_PRODUCTION,630814.5920,577721.2471,6644.3283,4370,4077,-0.01053293,-0.02940797,-0.00432247,-0.01053293,-6644.3283,630814.5920,OK,0.0000,265.7731,4.0000,96.0000,AG03-UNRESOLVED,ALL5_LEVELS_bet23_to_bet27,265.7731,265.7731,265.7731,332.2164,332.2164,4.000000,4.000000,4.000000,5.000000,5.000000,96.000000,96.000000,96.000000,95.000000,95.000000,5.0,1461.7522,1339.0033,5182.5761,5305.325,PENDING_AG03,FALSE,NOT_FOR_ENFORCEMENT,6378.5552,554612.3973,6644.3283,6378.5552,265.7731,0.01053293,0.01011162,265.7731,6378.5552,0.01011162,265.7731,265.7731,265.7731,332.2164,332.2164,6378.5552,0.01011162,1461.7522,1339.0033,5182.5761,5305.325,0.00821569,0.00841028,0.00042132,144.3512,141.7025,1.6297,93.5821,10.0216,8884.7126,57.4225,158.2289,140.3023,51.4311,102.8621,129.7286,258.1778,514.3107,1008.3546,77.1466,0.0,5.0,9.802971,1.403346,17,104,92,7,0.24757185,0.01053293,0.02940797,0E-8,0.000000,0.915834,0.000000,-0.02508550,2026-05-12,2026-08-06,71,663,310,87,0.816092,1.127771,1.096139,0.825239,,,,,,,,GLOBAL_BASELINE_NO_ENTITY_RANKING,,,NOT_APPLICABLE_GLOBAL_BASELINE,HF9g-P5,,,,X 全窗基线 · 不参与实体赏罚,14193393,1420,A168_HF9F_20260827_0900,2026-08-27 09:00:00
2026-05-31,137070871,1384,0,259.4572155051,-51.8914431011,-51.8914431011,0.5000000,4,4,0.49994810000000000,0.499948100000,0.00020760000111838688,0.00020760000111838688,0.00020760000111838688,0E-17,ELIGIBLE,R03b_20260811_FULL_v1,L1_ELIGIBILITY,v2026-08-11,2026-03-21..2026-08-06,baccarat_bet02_101_all_pairs_incl_sentinel,round_win = game_pnl > 0 (decisive only),COMPATIBILITY_ONLY_NOT_PRODUCTION,630814.5920,577721.2471,6644.3283,4370,4077,-0.01053293,-0.02940797,-0.00432247,-0.01053293,-6644.3283,630814.5920,OK,0.0000,265.7731,4.0000,96.0000,AG03-UNRESOLVED,ALL5_LEVELS_bet23_to_bet27,265.7731,265.7731,265.7731,332.2164,332.2164,4.000000,4.000000,4.000000,5.000000,5.000000,96.000000,96.000000,96.000000,95.000000,95.000000,5.0,1461.7522,1339.0033,5182.5761,5305.325,PENDING_AG03,FALSE,NOT_FOR_ENFORCEMENT,6378.5552,554612.3973,6644.3283,6378.5552,265.7731,0.01053293,0.01011162,265.7731,6378.5552,0.01011162,265.7731,265.7731,265.7731,332.2164,332.2164,6378.5552,0.01011162,1461.7522,1339.0033,5182.5761,5305.325,0.00821569,0.00841028,0.00042132,144.3512,141.7025,1.6297,93.5821,10.0216,8884.7126,57.4225,158.2289,140.3023,51.4311,102.8621,129.7286,258.1778,514.3107,1008.3546,77.1466,0.0,5.0,9.802971,1.403346,17,104,92,7,0.24757185,0.01053293,0.02940797,0E-8,0.000000,0.915834,0.000000,-0.02508550,2026-05-12,2026-08-06,71,663,310,87,0.816092,1.127771,1.096139,0.825239,,,,,,,,GLOBAL_BASELINE_NO_ENTITY_RANKING,,,NOT_APPLICABLE_GLOBAL_BASELINE,HF9g-P5,,,,X 全窗基线 · 不参与实体赏罚,14193394,1420,A168_HF9F_20260827_0900,2026-08-27 09:00:00
2026-05-31,137070871,1402,0,4265.4766229046,831.5603756943,831.5603756943,0.5757576,43,41,0.49985298479196557,0.494068830894,0.8720773936208249,0.938598264554268,0.8720773936208249,0.00578415389796557,ELIGIBLE,R03b_20260811_FULL_v1,L1_ELIGIBILITY,v2026-08-11,2026-03-21..2026-08-06,baccarat_bet02_101_all_pairs_incl_sentinel,round_win = game_pnl > 0 (decisive only),COMPATIBILITY_ONLY_NOT_PRODUCTION,630814.5920,577721.2471,6644.3283,4370,4077,-0.01053293,-0.02940797,-0.00432247,-0.01053293,-6644.3283,630814.5920,OK,0.0000,265.7731,4.0000,96.0000,AG03-UNRESOLVED,ALL5_LEVELS_bet23_to_bet27,265.7731,265.7731,265.7731,332.2164,332.2164,4.000000,4.000000,4.000000,5.000000,5.000000,96.000000,96.000000,96.000000,95.000000,95.000000,5.0,1461.7522,1339.0033,5182.5761,5305.325,PENDING_AG03,FALSE,NOT_FOR_ENFORCEMENT,6378.5552,554612.3973,6644.3283,6378.5552,265.7731,0.01053293,0.01011162,265.7731,6378.5552,0.01011162,265.7731,265.7731,265.7731,332.2164,332.2164,6378.5552,0.01011162,1461.7522,1339.0033,5182.5761,5305.325,0.00821569,0.00841028,0.00042132,144.3512,141.7025,1.6297,93.5821,10.0216,8884.7126,57.4225,158.2289,140.3023,51.4311,102.8621,129.7286,258.1778,514.3107,1008.3546,77.1466,0.0,5.0,9.802971,1.403346,17,104,92,7,0.24757185,0.01053293,0.02940797,0E-8,0.000000,0.915834,0.000000,-0.02508550,2026-05-12,2026-08-06,71,663,310,87,0.816092,1.127771,1.096139,0.825239,,,,,,,,GLOBAL_BASELINE_NO_ENTITY_RANKING,,,NOT_APPLICABLE_GLOBAL_BASELINE,HF9g-P5,,,,X 全窗基线 · 不参与实体赏罚,14193395,1420,A168_HF9F_20260827_0900,2026-08-27 09:00:00
2026-05-31,137070871,1941,0,207.5657724041,197.1874837840,197.1874837840,1.0000000,3,3,0.50665070000000000,0.506650700000,1.7091633124209307,1.7091633124209307,1.7091633124209307,0E-17,ELIGIBLE,R03b_20260811_FULL_v1,L1_ELIGIBILITY,v2026-08-11,2026-03-21..2026-08-06,baccarat_bet02_101_all_pairs_incl_sentinel,round_win = game_pnl > 0 (decisive only),COMPATIBILITY_ONLY_NOT_PRODUCTION,630814.5920,577721.2471,6644.3283,4370,4077,-0.01053293,-0.02940797,-0.00432247,-0.01053293,-6644.3283,630814.5920,OK,0.0000,265.7731,4.0000,96.0000,AG03-UNRESOLVED,ALL5_LEVELS_bet23_to_bet27,265.7731,265.7731,265.7731,332.2164,332.2164,4.000000,4.000000,4.000000,5.000000,5.000000,96.000000,96.000000,96.000000,95.000000,95.000000,5.0,1461.7522,1339.0033,5182.5761,5305.325,PENDING_AG03,FALSE,NOT_FOR_ENFORCEMENT,6378.5552,554612.3973,6644.3283,6378.5552,265.7731,0.01053293,0.01011162,265.7731,6378.5552,0.01011162,265.7731,265.7731,265.7731,332.2164,332.2164,6378.5552,0.01011162,1461.7522,1339.0033,5182.5761,5305.325,0.00821569,0.00841028,0.00042132,144.3512,141.7025,1.6297,93.5821,10.0216,8884.7126,57.4225,158.2289,140.3023,51.4311,102.8621,129.7286,258.1778,514.3107,1008.3546,77.1466,0.0,5.0,9.802971,1.403346,17,104,92,7,0.24757185,0.01053293,0.02940797,0E-8,0.000000,0.915834,0.000000,-0.02508550,2026-05-12,2026-08-06,71,663,310,87,0.816092,1.127771,1.096139,0.825239,,,,,,,,GLOBAL_BASELINE_NO_ENTITY_RANKING,,,NOT_APPLICABLE_GLOBAL_BASELINE,HF9g-P5,,,,X 全窗基线 · 不参与实体赏罚,14193396,1420,A168_HF9F_20260827_0900,2026-08-27 09:00:00
2026-05-31,137070871,1985,0,488.5951603363,167.1509759045,167.1509759045,0.6000000,5,5,0.50128862000000000,0.501288620000,0.4414521777673877,0.4414521777673877,0.4414521777673877,0E-17,ELIGIBLE,R03b_20260811_FULL_v1,L1_ELIGIBILITY,v2026-08-11,2026-03-21..2026-08-06,baccarat_bet02_101_all_pairs_incl_sentinel,round_win = game_pnl > 0 (decisive only),COMPATIBILITY_ONLY_NOT_PRODUCTION,630814.5920,577721.2471,6644.3283,4370,4077,-0.01053293,-0.02940797,-0.00432247,-0.01053293,-6644.3283,630814.5920,OK,0.0000,265.7731,4.0000,96.0000,AG03-UNRESOLVED,ALL5_LEVELS_bet23_to_bet27,265.7731,265.7731,265.7731,332.2164,332.2164,4.000000,4.000000,4.000000,5.000000,5.000000,96.000000,96.000000,96.000000,95.000000,95.000000,5.0,1461.7522,1339.0033,5182.5761,5305.325,PENDING_AG03,FALSE,NOT_FOR_ENFORCEMENT,6378.5552,554612.3973,6644.3283,6378.5552,265.7731,0.01053293,0.01011162,265.7731,6378.5552,0.01011162,265.7731,265.7731,265.7731,332.2164,332.2164,6378.5552,0.01011162,1461.7522,1339.0033,5182.5761,5305.325,0.00821569,0.00841028,0.00042132,144.3512,141.7025,1.6297,93.5821,10.0216,8884.7126,57.4225,158.2289,140.3023,51.4311,102.8621,129.7286,258.1778,514.3107,1008.3546,77.1466,0.0,5.0,9.802971,1.403346,17,104,92,7,0.24757185,0.01053293,0.02940797,0E-8,0.000000,0.915834,0.000000,-0.02508550,2026-05-12,2026-08-06,71,663,310,87,0.816092,1.127771,1.096139,0.825239,,,,,,,,GLOBAL_BASELINE_NO_ENTITY_RANKING,,,NOT_APPLICABLE_GLOBAL_BASELINE,HF9g-P5,,,,X 全窗基线 · 不参与实体赏罚,14193397,1420,A168_HF9F_20260827_0900,2026-08-27 09:00:00
2026-05-31,137070871,1990,0,77.1466042636,-77.1466042636,-77.1466042636,0E-7,2,2,0.49994810000000000,0.499948100000,-1.4140667746232096,-1.4140667746232096,-1.4140667746232096,0E-17,ELIGIBLE,R03b_20260811_FULL_v1,L1_ELIGIBILITY,v2026-08-11,2026-03-21..2026-08-06,baccarat_bet02_101_all_pairs_incl_sentinel,round_win = game_pnl > 0 (decisive only),COMPATIBILITY_ONLY_NOT_PRODUCTION,630814.5920,577721.2471,6644.3283,4370,4077,-0.01053293,-0.02940797,-0.00432247,-0.01053293,-6644.3283,630814.5920,OK,0.0000,265.7731,4.0000,96.0000,AG03-UNRESOLVED,ALL5_LEVELS_bet23_to_bet27,265.7731,265.7731,265.7731,332.2164,332.2164,4.000000,4.000000,4.000000,5.000000,5.000000,96.000000,96.000000,96.000000,95.000000,95.000000,5.0,1461.7522,1339.0033,5182.5761,5305.325,PENDING_AG03,FALSE,NOT_FOR_ENFORCEMENT,6378.5552,554612.3973,6644.3283,6378.5552,265.7731,0.01053293,0.01011162,265.7731,6378.5552,0.01011162,265.7731,265.7731,265.7731,332.2164,332.2164,6378.5552,0.01011162,1461.7522,1339.0033,5182.5761,5305.325,0.00821569,0.00841028,0.00042132,144.3512,141.7025,1.6297,93.5821,10.0216,8884.7126,57.4225,158.2289,140.3023,51.4311,102.8621,129.7286,258.1778,514.3107,1008.3546,77.1466,0.0,5.0,9.802971,1.403346,17,104,92,7,0.24757185,0.01053293,0.02940797,0E-8,0.000000,0.915834,0.000000,-0.02508550,2026-05-12,2026-08-06,71,663,310,87,0.816092,1.127771,1.096139,0.825239,,,,,,,,GLOBAL_BASELINE_NO_ENTITY_RANKING,,,NOT_APPLICABLE_GLOBAL_BASELINE,HF9g-P5,,,,X 全窗基线 · 不参与实体赏罚,14193398,1420,A168_HF9F_20260827_0900,2026-08-27 09:00:00
2026-05-31,137070871,2106,0,129.7286077526,-129.7286077526,-129.7286077526,0E-7,1,1,0.50665070000000000,0.506650700000,-1.013391052207602,-1.013391052207602,-1.013391052207602,0E-17,ELIGIBLE,R03b_20260811_FULL_v1,L1_ELIGIBILITY,v2026-08-11,2026-03-21..2026-08-06,baccarat_bet02_101_all_pairs_incl_sentinel,round_win = game_pnl > 0 (decisive only),COMPATIBILITY_ONLY_NOT_PRODUCTION,630814.5920,577721.2471,6644.3283,4370,4077,-0.01053293,-0.02940797,-0.00432247,-0.01053293,-6644.3283,630814.5920,OK,0.0000,265.7731,4.0000,96.0000,AG03-UNRESOLVED,ALL5_LEVELS_bet23_to_bet27,265.7731,265.7731,265.7731,332.2164,332.2164,4.000000,4.000000,4.000000,5.000000,5.000000,96.000000,96.000000,96.000000,95.000000,95.000000,5.0,1461.7522,1339.0033,5182.5761,5305.325,PENDING_AG03,FALSE,NOT_FOR_ENFORCEMENT,6378.5552,554612.3973,6644.3283,6378.5552,265.7731,0.01053293,0.01011162,265.7731,6378.5552,0.01011162,265.7731,265.7731,265.7731,332.2164,332.2164,6378.5552,0.01011162,1461.7522,1339.0033,5182.5761,5305.325,0.00821569,0.00841028,0.00042132,144.3512,141.7025,1.6297,93.5821,10.0216,8884.7126,57.4225,158.2289,140.3023,51.4311,102.8621,129.7286,258.1778,514.3107,1008.3546,77.1466,0.0,5.0,9.802971,1.403346,17,104,92,7,0.24757185,0.01053293,0.02940797,0E-8,0.000000,0.915834,0.000000,-0.02508550,2026-05-12,2026-08-06,71,663,310,87,0.816092,1.127771,1.096139,0.825239,,,,,,,,GLOBAL_BASELINE_NO_ENTITY_RANKING,,,NOT_APPLICABLE_GLOBAL_BASELINE,HF9g-P5,,,,X 全窗基线 · 不参与实体赏罚,14193399,1420,A168_HF9F_20260827_0900,2026-08-27 09:00:00
2026-05-31,137070871,2123,0,1703.6541774886,96.4332553296,96.4332553296,0.3000000,11,11,0.50055742727272727,0.500557427273,-1.2684373319618214,-1.2684373319635474,-1.2684373319618214,-2.7273E-13,ELIGIBLE,R03b_20260811_FULL_v1,L1_ELIGIBILITY,v2026-08-11,2026-03-21..2026-08-06,baccarat_bet02_101_all_pairs_incl_sentinel,round_win = game_pnl > 0 (decisive only),COMPATIBILITY_ONLY_NOT_PRODUCTION,630814.5920,577721.2471,6644.3283,4370,4077,-0.01053293,-0.02940797,-0.00432247,-0.01053293,-6644.3283,630814.5920,OK,0.0000,265.7731,4.0000,96.0000,AG03-UNRESOLVED,ALL5_LEVELS_bet23_to_bet27,265.7731,265.7731,265.7731,332.2164,332.2164,4.000000,4.000000,4.000000,5.000000,5.000000,96.000000,96.000000,96.000000,95.000000,95.000000,5.0,1461.7522,1339.0033,5182.5761,5305.325,PENDING_AG03,FALSE,NOT_FOR_ENFORCEMENT,6378.5552,554612.3973,6644.3283,6378.5552,265.7731,0.01053293,0.01011162,265.7731,6378.5552,0.01011162,265.7731,265.7731,265.7731,332.2164,332.2164,6378.5552,0.01011162,1461.7522,1339.0033,5182.5761,5305.325,0.00821569,0.00841028,0.00042132,144.3512,141.7025,1.6297,93.5821,10.0216,8884.7126,57.4225,158.2289,140.3023,51.4311,102.8621,129.7286,258.1778,514.3107,1008.3546,77.1466,0.0,5.0,9.802971,1.403346,17,104,92,7,0.24757185,0.01053293,0.02940797,0E-8,0.000000,0.915834,0.000000,-0.02508550,2026-05-12,2026-08-06,71,663,310,87,0.816092,1.127771,1.096139,0.825239,,,,,,,,GLOBAL_BASELINE_NO_ENTITY_RANKING,,,NOT_APPLICABLE_GLOBAL_BASELINE,HF9g-P5,,,,X 全窗基线 · 不参与实体赏罚,14193400,1420,A168_HF9F_20260827_0900,2026-08-27 09:00:00
2026-05-31,137070871,2127,0,270.0131149224,-44.3592974515,-44.3592974515,0.4166667,12,12,0.50441650000000000,0.504416500000,-0.6079723967962072,-0.6079723967962072,-0.6079723967962072,0E-17,ELIGIBLE,R03b_20260811_FULL_v1,L1_ELIGIBILITY,v2026-08-11,2026-03-21..2026-08-06,baccarat_bet02_101_all_pairs_incl_sentinel,round_win = game_pnl > 0 (decisive only),COMPATIBILITY_ONLY_NOT_PRODUCTION,630814.5920,577721.2471,6644.3283,4370,4077,-0.01053293,-0.02940797,-0.00432247,-0.01053293,-6644.3283,630814.5920,OK,0.0000,265.7731,4.0000,96.0000,AG03-UNRESOLVED,ALL5_LEVELS_bet23_to_bet27,265.7731,265.7731,265.7731,332.2164,332.2164,4.000000,4.000000,4.000000,5.000000,5.000000,96.000000,96.000000,96.000000,95.000000,95.000000,5.0,1461.7522,1339.0033,5182.5761,5305.325,PENDING_AG03,FALSE,NOT_FOR_ENFORCEMENT,6378.5552,554612.3973,6644.3283,6378.5552,265.7731,0.01053293,0.01011162,265.7731,6378.5552,0.01011162,265.7731,265.7731,265.7731,332.2164,332.2164,6378.5552,0.01011162,1461.7522,1339.0033,5182.5761,5305.325,0.00821569,0.00841028,0.00042132,144.3512,141.7025,1.6297,93.5821,10.0216,8884.7126,57.4225,158.2289,140.3023,51.4311,102.8621,129.7286,258.1778,514.3107,1008.3546,77.1466,0.0,5.0,9.802971,1.403346,17,104,92,7,0.24757185,0.01053293,0.02940797,0E-8,0.000000,0.915834,0.000000,-0.02508550,2026-05-12,2026-08-06,71,663,310,87,0.816092,1.127771,1.096139,0.825239,,,,,,,,GLOBAL_BASELINE_NO_ENTITY_RANKING,,,NOT_APPLICABLE_GLOBAL_BASELINE,HF9g-P5,,,,X 全窗基线 · 不参与实体赏罚,14193401,1420,A168_HF9F_20260827_0900,2026-08-27 09:00:00
2026-05-31,137070871,2145,0,4015.1004099428,-12.9728607754,-12.9728607754,0.4117647,21,21,0.50090561428571429,0.500905614286,-0.7350759675484667,-0.7350759675508235,-0.7350759675484667,-2.8571E-13,ELIGIBLE,R03b_20260811_FULL_v1,L1_ELIGIBILITY,v2026-08-11,2026-03-21..2026-08-06,baccarat_bet02_101_all_pairs_incl_sentinel,round_win = game_pnl > 0 (decisive only),COMPATIBILITY_ONLY_NOT_PRODUCTION,630814.5920,577721.2471,6644.3283,4370,4077,-0.01053293,-0.02940797,-0.00432247,-0.01053293,-6644.3283,630814.5920,OK,0.0000,265.7731,4.0000,96.0000,AG03-UNRESOLVED,ALL5_LEVELS_bet23_to_bet27,265.7731,265.7731,265.7731,332.2164,332.2164,4.000000,4.000000,4.000000,5.000000,5.000000,96.000000,96.000000,96.000000,95.000000,95.000000,5.0,1461.7522,1339.0033,5182.5761,5305.325,PENDING_AG03,FALSE,NOT_FOR_ENFORCEMENT,6378.5552,554612.3973,6644.3283,6378.5552,265.7731,0.01053293,0.01011162,265.7731,6378.5552,0.01011162,265.7731,265.7731,265.7731,332.2164,332.2164,6378.5552,0.01011162,1461.7522,1339.0033,5182.5761,5305.325,0.00821569,0.00841028,0.00042132,144.3512,141.7025,1.6297,93.5821,10.0216,8884.7126,57.4225,158.2289,140.3023,51.4311,102.8621,129.7286,258.1778,514.3107,1008.3546,77.1466,0.0,5.0,9.802971,1.403346,17,104,92,7,0.24757185,0.01053293,0.02940797,0E-8,0.000000,0.915834,0.000000,-0.02508550,2026-05-12,2026-08-06,71,663,310,87,0.816092,1.127771,1.096139,0.825239,,,,,,,,GLOBAL_BASELINE_NO_ENTITY_RANKING,,,NOT_APPLICABLE_GLOBAL_BASELINE,HF9g-P5,,,,X 全窗基线 · 不参与实体赏罚,14193402,1420,A168_HF9F_20260827_0900,2026-08-27 09:00:00
2026-05-31,137070871,2153,0,1080.0524596909,86.1470414276,86.1470414276,0.4666667,17,17,0.50113091176470588,0.501130911765,-0.2669595774715066,-0.26695957747378524,-0.2669595774715066,-2.9412E-13,ELIGIBLE,R03b_20260811_FULL_v1,L1_ELIGIBILITY,v2026-08-11,2026-03-21..2026-08-06,baccarat_bet02_101_all_pairs_incl_sentinel,round_win = game_pnl > 0 (decisive only),COMPATIBILITY_ONLY_NOT_PRODUCTION,630814.5920,577721.2471,6644.3283,4370,4077,-0.01053293,-0.02940797,-0.00432247,-0.01053293,-6644.3283,630814.5920,OK,0.0000,265.7731,4.0000,96.0000,AG03-UNRESOLVED,ALL5_LEVELS_bet23_to_bet27,265.7731,265.7731,265.7731,332.2164,332.2164,4.000000,4.000000,4.000000,5.000000,5.000000,96.000000,96.000000,96.000000,95.000000,95.000000,5.0,1461.7522,1339.0033,5182.5761,5305.325,PENDING_AG03,FALSE,NOT_FOR_ENFORCEMENT,6378.5552,554612.3973,6644.3283,6378.5552,265.7731,0.01053293,0.01011162,265.7731,6378.5552,0.01011162,265.7731,265.7731,265.7731,332.2164,332.2164,6378.5552,0.01011162,1461.7522,1339.0033,5182.5761,5305.325,0.00821569,0.00841028,0.00042132,144.3512,141.7025,1.6297,93.5821,10.0216,8884.7126,57.4225,158.2289,140.3023,51.4311,102.8621,129.7286,258.1778,514.3107,1008.3546,77.1466,0.0,5.0,9.802971,1.403346,17,104,92,7,0.24757185,0.01053293,0.02940797,0E-8,0.000000,0.915834,0.000000,-0.02508550,2026-05-12,2026-08-06,71,663,310,87,0.816092,1.127771,1.096139,0.825239,,,,,,,,GLOBAL_BASELINE_NO_ENTITY_RANKING,,,NOT_APPLICABLE_GLOBAL_BASELINE,HF9g-P5,,,,X 全窗基线 · 不参与实体赏罚,14193403,1420,A168_HF9F_20260827_0900,2026-08-27 09:00:00
2026-05-31,137070871,2167,0,2127.5491671421,1061.1800114163,1061.1800114163,0.4666667,16,16,0.50413722500000000,0.504137225000,-0.2902556333632407,-0.2902556333632407,-0.2902556333632407,0E-17,ELIGIBLE,R03b_20260811_FULL_v1,L1_ELIGIBILITY,v2026-08-11,2026-03-21..2026-08-06,baccarat_bet02_101_all_pairs_incl_sentinel,round_win = game_pnl > 0 (decisive only),COMPATIBILITY_ONLY_NOT_PRODUCTION,630814.5920,577721.2471,6644.3283,4370,4077,-0.01053293,-0.02940797,-0.00432247,-0.01053293,-6644.3283,630814.5920,OK,0.0000,265.7731,4.0000,96.0000,AG03-UNRESOLVED,ALL5_LEVELS_bet23_to_bet27,265.7731,265.7731,265.7731,332.2164,332.2164,4.000000,4.000000,4.000000,5.000000,5.000000,96.000000,96.000000,96.000000,95.000000,95.000000,5.0,1461.7522,1339.0033,5182.5761,5305.325,PENDING_AG03,FALSE,NOT_FOR_ENFORCEMENT,6378.5552,554612.3973,6644.3283,6378.5552,265.7731,0.01053293,0.01011162,265.7731,6378.5552,0.01011162,265.7731,265.7731,265.7731,332.2164,332.2164,6378.5552,0.01011162,1461.7522,1339.0033,5182.5761,5305.325,0.00821569,0.00841028,0.00042132,144.3512,141.7025,1.6297,93.5821,10.0216,8884.7126,57.4225,158.2289,140.3023,51.4311,102.8621,129.7286,258.1778,514.3107,1008.3546,77.1466,0.0,5.0,9.802971,1.403346,17,104,92,7,0.24757185,0.01053293,0.02940797,0E-8,0.000000,0.915834,0.000000,-0.02508550,2026-05-12,2026-08-06,71,663,310,87,0.816092,1.127771,1.096139,0.825239,,,,,,,,GLOBAL_BASELINE_NO_ENTITY_RANKING,,,NOT_APPLICABLE_GLOBAL_BASELINE,HF9g-P5,,,,X 全窗基线 · 不参与实体赏罚,14193404,1420,A168_HF9F_20260827_0900,2026-08-27 09:00:00
2026-05-31,137070871,2169,0,1634.5804576825,338.5916662345,338.5916662345,0.5333333,16,16,0.50162375000000000,0.501623750000,0.24562267153358483,0.24562267153358483,0.24562267153358483,0E-17,ELIGIBLE,R03b_20260811_FULL_v1,L1_ELIGIBILITY,v2026-08-11,2026-03-21..2026-08-06,baccarat_bet02_101_all_pairs_incl_sentinel,round_win = game_pnl > 0 (decisive only),COMPATIBILITY_ONLY_NOT_PRODUCTION,630814.5920,577721.2471,6644.3283,4370,4077,-0.01053293,-0.02940797,-0.00432247,-0.01053293,-6644.3283,630814.5920,OK,0.0000,265.7731,4.0000,96.0000,AG03-UNRESOLVED,ALL5_LEVELS_bet23_to_bet27,265.7731,265.7731,265.7731,332.2164,332.2164,4.000000,4.000000,4.000000,5.000000,5.000000,96.000000,96.000000,96.000000,95.000000,95.000000,5.0,1461.7522,1339.0033,5182.5761,5305.325,PENDING_AG03,FALSE,NOT_FOR_ENFORCEMENT,6378.5552,554612.3973,6644.3283,6378.5552,265.7731,0.01053293,0.01011162,265.7731,6378.5552,0.01011162,265.7731,265.7731,265.7731,332.2164,332.2164,6378.5552,0.01011162,1461.7522,1339.0033,5182.5761,5305.325,0.00821569,0.00841028,0.00042132,144.3512,141.7025,1.6297,93.5821,10.0216,8884.7126,57.4225,158.2289,140.3023,51.4311,102.8621,129.7286,258.1778,514.3107,1008.3546,77.1466,0.0,5.0,9.802971,1.403346,17,104,92,7,0.24757185,0.01053293,0.02940797,0E-8,0.000000,0.915834,0.000000,-0.02508550,2026-05-12,2026-08-06,71,663,310,87,0.816092,1.127771,1.096139,0.825239,,,,,,,,GLOBAL_BASELINE_NO_ENTITY_RANKING,,,NOT_APPLICABLE_GLOBAL_BASELINE,HF9g-P5,,,,X 全窗基线 · 不参与实体赏罚,14193405,1420,A168_HF9F_20260827_0900,2026-08-27 09:00:00
2026-05-31,137070871,2174,0,2140.5220279171,-605.8325982045,-605.8325982045,0.5000000,23,23,0.50082235217391304,0.500822352174,-0.007714357627171392,-0.0077143576279871525,-0.007714357627171392,-8.696E-14,ELIGIBLE,R03b_20260811_FULL_v1,L1_ELIGIBILITY,v2026-08-11,2026-03-21..2026-08-06,baccarat_bet02_101_all_pairs_incl_sentinel,round_win = game_pnl > 0 (decisive only),COMPATIBILITY_ONLY_NOT_PRODUCTION,630814.5920,577721.2471,6644.3283,4370,4077,-0.01053293,-0.02940797,-0.00432247,-0.01053293,-6644.3283,630814.5920,OK,0.0000,265.7731,4.0000,96.0000,AG03-UNRESOLVED,ALL5_LEVELS_bet23_to_bet27,265.7731,265.7731,265.7731,332.2164,332.2164,4.000000,4.000000,4.000000,5.000000,5.000000,96.000000,96.000000,96.000000,95.000000,95.000000,5.0,1461.7522,1339.0033,5182.5761,5305.325,PENDING_AG03,FALSE,NOT_FOR_ENFORCEMENT,6378.5552,554612.3973,6644.3283,6378.5552,265.7731,0.01053293,0.01011162,265.7731,6378.5552,0.01011162,265.7731,265.7731,265.7731,332.2164,332.2164,6378.5552,0.01011162,1461.7522,1339.0033,5182.5761,5305.325,0.00821569,0.00841028,0.00042132,144.3512,141.7025,1.6297,93.5821,10.0216,8884.7126,57.4225,158.2289,140.3023,51.4311,102.8621,129.7286,258.1778,514.3107,1008.3546,77.1466,0.0,5.0,9.802971,1.403346,17,104,92,7,0.24757185,0.01053293,0.02940797,0E-8,0.000000,0.915834,0.000000,-0.02508550,2026-05-12,2026-08-06,71,663,310,87,0.816092,1.127771,1.096139,0.825239,,,,,,,,GLOBAL_BASELINE_NO_ENTITY_RANKING,,,NOT_APPLICABLE_GLOBAL_BASELINE,HF9g-P5,,,,X 全窗基线 · 不参与实体赏罚,14193406,1420,A168_HF9F_20260827_0900,2026-08-27 09:00:00
2026-05-31,137070871,2235,0,337.2943801567,221.8359192570,221.8359192570,1.0000000,4,4,0.50665070000000000,0.506650700000,1.3955260008387969,1.3955260008387969,1.3955260008387969,0E-17,ELIGIBLE,R03b_20260811_FULL_v1,L1_ELIGIBILITY,v2026-08-11,2026-03-21..2026-08-06,baccarat_bet02_101_all_pairs_incl_sentinel,round_win = game_pnl > 0 (decisive only),COMPATIBILITY_ONLY_NOT_PRODUCTION,630814.5920,577721.2471,6644.3283,4370,4077,-0.01053293,-0.02940797,-0.00432247,-0.01053293,-6644.3283,630814.5920,OK,0.0000,265.7731,4.0000,96.0000,AG03-UNRESOLVED,ALL5_LEVELS_bet23_to_bet27,265.7731,265.7731,265.7731,332.2164,332.2164,4.000000,4.000000,4.000000,5.000000,5.000000,96.000000,96.000000,96.000000,95.000000,95.000000,5.0,1461.7522,1339.0033,5182.5761,5305.325,PENDING_AG03,FALSE,NOT_FOR_ENFORCEMENT,6378.5552,554612.3973,6644.3283,6378.5552,265.7731,0.01053293,0.01011162,265.7731,6378.5552,0.01011162,265.7731,265.7731,265.7731,332.2164,332.2164,6378.5552,0.01011162,1461.7522,1339.0033,5182.5761,5305.325,0.00821569,0.00841028,0.00042132,144.3512,141.7025,1.6297,93.5821,10.0216,8884.7126,57.4225,158.2289,140.3023,51.4311,102.8621,129.7286,258.1778,514.3107,1008.3546,77.1466,0.0,5.0,9.802971,1.403346,17,104,92,7,0.24757185,0.01053293,0.02940797,0E-8,0.000000,0.915834,0.000000,-0.02508550,2026-05-12,2026-08-06,71,663,310,87,0.816092,1.127771,1.096139,0.825239,,,,,,,,GLOBAL_BASELINE_NO_ENTITY_RANKING,,,NOT_APPLICABLE_GLOBAL_BASELINE,HF9g-P5,,,,X 全窗基线 · 不参与实体赏罚,14193407,1420,A168_HF9F_20260827_0900,2026-08-27 09:00:00
2026-05-31,137070871,2267,0,207.5657724041,-2.5945721551,-2.5945721551,0.6666667,3,3,0.49771390000000000,0.497713900000,0.5852756695216578,0.5852756695216578,0.5852756695216578,0E-17,ELIGIBLE,R03b_20260811_FULL_v1,L1_ELIGIBILITY,v2026-08-11,2026-03-21..2026-08-06,baccarat_bet02_101_all_pairs_incl_sentinel,round_win = game_pnl > 0 (decisive only),COMPATIBILITY_ONLY_NOT_PRODUCTION,630814.5920,577721.2471,6644.3283,4370,4077,-0.01053293,-0.02940797,-0.00432247,-0.01053293,-6644.3283,630814.5920,OK,0.0000,265.7731,4.0000,96.0000,AG03-UNRESOLVED,ALL5_LEVELS_bet23_to_bet27,265.7731,265.7731,265.7731,332.2164,332.2164,4.000000,4.000000,4.000000,5.000000,5.000000,96.000000,96.000000,96.000000,95.000000,95.000000,5.0,1461.7522,1339.0033,5182.5761,5305.325,PENDING_AG03,FALSE,NOT_FOR_ENFORCEMENT,6378.5552,554612.3973,6644.3283,6378.5552,265.7731,0.01053293,0.01011162,265.7731,6378.5552,0.01011162,265.7731,265.7731,265.7731,332.2164,332.2164,6378.5552,0.01011162,1461.7522,1339.0033,5182.5761,5305.325,0.00821569,0.00841028,0.00042132,144.3512,141.7025,1.6297,93.5821,10.0216,8884.7126,57.4225,158.2289,140.3023,51.4311,102.8621,129.7286,258.1778,514.3107,1008.3546,77.1466,0.0,5.0,9.802971,1.403346,17,104,92,7,0.24757185,0.01053293,0.02940797,0E-8,0.000000,0.915834,0.000000,-0.02508550,2026-05-12,2026-08-06,71,663,310,87,0.816092,1.127771,1.096139,0.825239,,,,,,,,GLOBAL_BASELINE_NO_ENTITY_RANKING,,,NOT_APPLICABLE_GLOBAL_BASELINE,HF9g-P5,,,,X 全窗基线 · 不参与实体赏罚,14193408,1420,A168_HF9F_20260827_0900,2026-08-27 09:00:00
2026-06-01,137070871,1210,0,437.1640908273,-77.1466042637,-77.1466042637,0.4000000,7,5,0.48465600833330621,0.442801293333,-0.37877157519039495,-0.1926781218461784,-0.37877157519039495,0.04185471500030621,ELIGIBLE,R03b_20260811_FULL_v1,L1_ELIGIBILITY,v2026-08-11,2026-03-21..2026-08-06,baccarat_bet02_101_all_pairs_incl_sentinel,round_win = game_pnl > 0 (decisive only),COMPATIBILITY_ONLY_NOT_PRODUCTION,630814.5920,577721.2471,6644.3283,4370,4077,-0.01053293,-0.02940797,-0.00432247,-0.01053293,-6644.3283,630814.5920,OK,0.0000,265.7731,4.0000,96.0000,AG03-UNRESOLVED,ALL5_LEVELS_bet23_to_bet27,265.7731,265.7731,265.7731,332.2164,332.2164,4.000000,4.000000,4.000000,5.000000,5.000000,96.000000,96.000000,96.000000,95.000000,95.000000,5.0,1461.7522,1339.0033,5182.5761,5305.325,PENDING_AG03,FALSE,NOT_FOR_ENFORCEMENT,6378.5552,554612.3973,6644.3283,6378.5552,265.7731,0.01053293,0.01011162,265.7731,6378.5552,0.01011162,265.7731,265.7731,265.7731,332.2164,332.2164,6378.5552,0.01011162,1461.7522,1339.0033,5182.5761,5305.325,0.00821569,0.00841028,0.00042132,144.3512,141.7025,1.6297,93.5821,10.0216,8884.7126,57.4225,158.2289,140.3023,51.4311,102.8621,129.7286,258.1778,514.3107,1008.3546,77.1466,0.0,5.0,9.802971,1.403346,17,104,92,7,0.24757185,0.01053293,0.02940797,0E-8,0.000000,0.915834,0.000000,-0.02508550,2026-05-12,2026-08-06,71,663,310,87,0.816092,1.127771,1.096139,0.825239,,,,,,,,GLOBAL_BASELINE_NO_ENTITY_RANKING,,,NOT_APPLICABLE_GLOBAL_BASELINE,HF9g-P5,,,,X 全窗基线 · 不参与实体赏罚,14193409,1420,A168_HF9F_20260827_0900,2026-08-27 09:00:00
2026-06-01,137070871,1306,0,745.7505078816,111.8625761823,111.8625761823,0.5714286,10,10,0.50396966000000000,0.503969660000,0.35697025730534326,0.35697025730534326,0.35697025730534326,0E-17,ELIGIBLE,R03b_20260811_FULL_v1,L1_ELIGIBILITY,v2026-08-11,2026-03-21..2026-08-06,baccarat_bet02_101_all_pairs_incl_sentinel,round_win = game_pnl > 0 (decisive only),COMPATIBILITY_ONLY_NOT_PRODUCTION,630814.5920,577721.2471,6644.3283,4370,4077,-0.01053293,-0.02940797,-0.00432247,-0.01053293,-6644.3283,630814.5920,OK,0.0000,265.7731,4.0000,96.0000,AG03-UNRESOLVED,ALL5_LEVELS_bet23_to_bet27,265.7731,265.7731,265.7731,332.2164,332.2164,4.000000,4.000000,4.000000,5.000000,5.000000,96.000000,96.000000,96.000000,95.000000,95.000000,5.0,1461.7522,1339.0033,5182.5761,5305.325,PENDING_AG03,FALSE,NOT_FOR_ENFORCEMENT,6378.5552,554612.3973,6644.3283,6378.5552,265.7731,0.01053293,0.01011162,265.7731,6378.5552,0.01011162,265.7731,265.7731,265.7731,332.2164,332.2164,6378.5552,0.01011162,1461.7522,1339.0033,5182.5761,5305.325,0.00821569,0.00841028,0.00042132,144.3512,141.7025,1.6297,93.5821,10.0216,8884.7126,57.4225,158.2289,140.3023,51.4311,102.8621,129.7286,258.1778,514.3107,1008.3546,77.1466,0.0,5.0,9.802971,1.403346,17,104,92,7,0.24757185,0.01053293,0.02940797,0E-8,0.000000,0.915834,0.000000,-0.02508550,2026-05-12,2026-08-06,71,663,310,87,0.816092,1.127771,1.096139,0.825239,,,,,,,,GLOBAL_BASELINE_NO_ENTITY_RANKING,,,NOT_APPLICABLE_GLOBAL_BASELINE,HF9g-P5,,,,X 全窗基线 · 不参与实体赏罚,14193410,1420,A168_HF9F_20260827_0900,2026-08-27 09:00:00
2026-06-01,137070871,1331,0,205.7242780364,48.8595160336,48.8595160336,0.6666667,4,4,0.49659680000000000,0.496596800000,0.5891529468324541,0.589152946832454,0.5891529468324541,0E-17,ELIGIBLE,R03b_20260811_FULL_v1,L1_ELIGIBILITY,v2026-08-11,2026-03-21..2026-08-06,baccarat_bet02_101_all_pairs_incl_sentinel,round_win = game_pnl > 0 (decisive only),COMPATIBILITY_ONLY_NOT_PRODUCTION,630814.5920,577721.2471,6644.3283,4370,4077,-0.01053293,-0.02940797,-0.00432247,-0.01053293,-6644.3283,630814.5920,OK,0.0000,265.7731,4.0000,96.0000,AG03-UNRESOLVED,ALL5_LEVELS_bet23_to_bet27,265.7731,265.7731,265.7731,332.2164,332.2164,4.000000,4.000000,4.000000,5.000000,5.000000,96.000000,96.000000,96.000000,95.000000,95.000000,5.0,1461.7522,1339.0033,5182.5761,5305.325,PENDING_AG03,FALSE,NOT_FOR_ENFORCEMENT,6378.5552,554612.3973,6644.3283,6378.5552,265.7731,0.01053293,0.01011162,265.7731,6378.5552,0.01011162,265.7731,265.7731,265.7731,332.2164,332.2164,6378.5552,0.01011162,1461.7522,1339.0033,5182.5761,5305.325,0.00821569,0.00841028,0.00042132,144.3512,141.7025,1.6297,93.5821,10.0216,8884.7126,57.4225,158.2289,140.3023,51.4311,102.8621,129.7286,258.1778,514.3107,1008.3546,77.1466,0.0,5.0,9.802971,1.403346,17,104,92,7,0.24757185,0.01053293,0.02940797,0E-8,0.000000,0.915834,0.000000,-0.02508550,2026-05-12,2026-08-06,71,663,310,87,0.816092,1.127771,1.096139,0.825239,,,,,,,,GLOBAL_BASELINE_NO_ENTITY_RANKING,,,NOT_APPLICABLE_GLOBAL_BASELINE,HF9g-P5,,,,X 全窗基线 · 不参与实体赏罚,14193411,1420,A168_HF9F_20260827_0900,2026-08-27 09:00:00
2026-06-01,137070871,1384,0,1566.3332218994,-1064.8802941857,-1064.8802941857,0.2000000,6,5,0.49379684000001324,0.460083830000,-1.3140005388840281,-1.166854490765439,-1.3140005388840281,0.03371301000001324,ELIGIBLE,R03b_20260811_FULL_v1,L1_ELIGIBILITY,v2026-08-11,2026-03-21..2026-08-06,baccarat_bet02_101_all_pairs_incl_sentinel,round_win = game_pnl > 0 (decisive only),COMPATIBILITY_ONLY_NOT_PRODUCTION,630814.5920,577721.2471,6644.3283,4370,4077,-0.01053293,-0.02940797,-0.00432247,-0.01053293,-6644.3283,630814.5920,OK,0.0000,265.7731,4.0000,96.0000,AG03-UNRESOLVED,ALL5_LEVELS_bet23_to_bet27,265.7731,265.7731,265.7731,332.2164,332.2164,4.000000,4.000000,4.000000,5.000000,5.000000,96.000000,96.000000,96.000000,95.000000,95.000000,5.0,1461.7522,1339.0033,5182.5761,5305.325,PENDING_AG03,FALSE,NOT_FOR_ENFORCEMENT,6378.5552,554612.3973,6644.3283,6378.5552,265.7731,0.01053293,0.01011162,265.7731,6378.5552,0.01011162,265.7731,265.7731,265.7731,332.2164,332.2164,6378.5552,0.01011162,1461.7522,1339.0033,5182.5761,5305.325,0.00821569,0.00841028,0.00042132,144.3512,141.7025,1.6297,93.5821,10.0216,8884.7126,57.4225,158.2289,140.3023,51.4311,102.8621,129.7286,258.1778,514.3107,1008.3546,77.1466,0.0,5.0,9.802971,1.403346,17,104,92,7,0.24757185,0.01053293,0.02940797,0E-8,0.000000,0.915834,0.000000,-0.02508550,2026-05-12,2026-08-06,71,663,310,87,0.816092,1.127771,1.096139,0.825239,,,,,,,,GLOBAL_BASELINE_NO_ENTITY_RANKING,,,NOT_APPLICABLE_GLOBAL_BASELINE,HF9g-P5,,,,X 全窗基线 · 不参与实体赏罚,14193412,1420,A168_HF9F_20260827_0900,2026-08-27 09:00:00
2026-06-01,137070871,1396,0,1465.7854810088,456.4507418932,456.4507418932,0.6470588,18,18,0.50292703333333333,0.502927033333,1.1885615562097167,1.188561556212461,1.1885615562097167,3.3333E-13,ELIGIBLE,R03b_20260811_FULL_v1,L1_ELIGIBILITY,v2026-08-11,2026-03-21..2026-08-06,baccarat_bet02_101_all_pairs_incl_sentinel,round_win = game_pnl > 0 (decisive only),COMPATIBILITY_ONLY_NOT_PRODUCTION,630814.5920,577721.2471,6644.3283,4370,4077,-0.01053293,-0.02940797,-0.00432247,-0.01053293,-6644.3283,630814.5920,OK,0.0000,265.7731,4.0000,96.0000,AG03-UNRESOLVED,ALL5_LEVELS_bet23_to_bet27,265.7731,265.7731,265.7731,332.2164,332.2164,4.000000,4.000000,4.000000,5.000000,5.000000,96.000000,96.000000,96.000000,95.000000,95.000000,5.0,1461.7522,1339.0033,5182.5761,5305.325,PENDING_AG03,FALSE,NOT_FOR_ENFORCEMENT,6378.5552,554612.3973,6644.3283,6378.5552,265.7731,0.01053293,0.01011162,265.7731,6378.5552,0.01011162,265.7731,265.7731,265.7731,332.2164,332.2164,6378.5552,0.01011162,1461.7522,1339.0033,5182.5761,5305.325,0.00821569,0.00841028,0.00042132,144.3512,141.7025,1.6297,93.5821,10.0216,8884.7126,57.4225,158.2289,140.3023,51.4311,102.8621,129.7286,258.1778,514.3107,1008.3546,77.1466,0.0,5.0,9.802971,1.403346,17,104,92,7,0.24757185,0.01053293,0.02940797,0E-8,0.000000,0.915834,0.000000,-0.02508550,2026-05-12,2026-08-06,71,663,310,87,0.816092,1.127771,1.096139,0.825239,,,,,,,,GLOBAL_BASELINE_NO_ENTITY_RANKING,,,NOT_APPLICABLE_GLOBAL_BASELINE,HF9g-P5,,,,X 全窗基线 · 不参与实体赏罚,14193413,1420,A168_HF9F_20260827_0900,2026-08-27 09:00:00
2026-06-01,137070871,1400,0,180.0087432818,-77.1466042636,-77.1466042636,0.5000000,2,2,0.49994810000000000,0.499948100000,0.00014679536856514622,0.00014679536856514622,0.00014679536856514622,0E-17,ELIGIBLE,R03b_20260811_FULL_v1,L1_ELIGIBILITY,v2026-08-11,2026-03-21..2026-08-06,baccarat_bet02_101_all_pairs_incl_sentinel,round_win = game_pnl > 0 (decisive only),COMPATIBILITY_ONLY_NOT_PRODUCTION,630814.5920,577721.2471,6644.3283,4370,4077,-0.01053293,-0.02940797,-0.00432247,-0.01053293,-6644.3283,630814.5920,OK,0.0000,265.7731,4.0000,96.0000,AG03-UNRESOLVED,ALL5_LEVELS_bet23_to_bet27,265.7731,265.7731,265.7731,332.2164,332.2164,4.000000,4.000000,4.000000,5.000000,5.000000,96.000000,96.000000,96.000000,95.000000,95.000000,5.0,1461.7522,1339.0033,5182.5761,5305.325,PENDING_AG03,FALSE,NOT_FOR_ENFORCEMENT,6378.5552,554612.3973,6644.3283,6378.5552,265.7731,0.01053293,0.01011162,265.7731,6378.5552,0.01011162,265.7731,265.7731,265.7731,332.2164,332.2164,6378.5552,0.01011162,1461.7522,1339.0033,5182.5761,5305.325,0.00821569,0.00841028,0.00042132,144.3512,141.7025,1.6297,93.5821,10.0216,8884.7126,57.4225,158.2289,140.3023,51.4311,102.8621,129.7286,258.1778,514.3107,1008.3546,77.1466,0.0,5.0,9.802971,1.403346,17,104,92,7,0.24757185,0.01053293,0.02940797,0E-8,0.000000,0.915834,0.000000,-0.02508550,2026-05-12,2026-08-06,71,663,310,87,0.816092,1.127771,1.096139,0.825239,,,,,,,,GLOBAL_BASELINE_NO_ENTITY_RANKING,,,NOT_APPLICABLE_GLOBAL_BASELINE,HF9g-P5,,,,X 全窗基线 · 不参与实体赏罚,14193414,1420,A168_HF9F_20260827_0900,2026-08-27 09:00:00
2026-06-01,137070871,1402,0,2391.5447321728,-635.1737084372,-635.1737084372,0.4285714,18,16,0.50000730028408657,0.484463560417,-0.5345771142055845,-0.41846048153286364,-0.5345771142055845,0.01554373986708657,ELIGIBLE,R03b_20260811_FULL_v1,L1_ELIGIBILITY,v2026-08-11,2026-03-21..2026-08-06,baccarat_bet02_101_all_pairs_incl_sentinel,round_win = game_pnl > 0 (decisive only),COMPATIBILITY_ONLY_NOT_PRODUCTION,630814.5920,577721.2471,6644.3283,4370,4077,-0.01053293,-0.02940797,-0.00432247,-0.01053293,-6644.3283,630814.5920,OK,0.0000,265.7731,4.0000,96.0000,AG03-UNRESOLVED,ALL5_LEVELS_bet23_to_bet27,265.7731,265.7731,265.7731,332.2164,332.2164,4.000000,4.000000,4.000000,5.000000,5.000000,96.000000,96.000000,96.000000,95.000000,95.000000,5.0,1461.7522,1339.0033,5182.5761,5305.325,PENDING_AG03,FALSE,NOT_FOR_ENFORCEMENT,6378.5552,554612.3973,6644.3283,6378.5552,265.7731,0.01053293,0.01011162,265.7731,6378.5552,0.01011162,265.7731,265.7731,265.7731,332.2164,332.2164,6378.5552,0.01011162,1461.7522,1339.0033,5182.5761,5305.325,0.00821569,0.00841028,0.00042132,144.3512,141.7025,1.6297,93.5821,10.0216,8884.7126,57.4225,158.2289,140.3023,51.4311,102.8621,129.7286,258.1778,514.3107,1008.3546,77.1466,0.0,5.0,9.802971,1.403346,17,104,92,7,0.24757185,0.01053293,0.02940797,0E-8,0.000000,0.915834,0.000000,-0.02508550,2026-05-12,2026-08-06,71,663,310,87,0.816092,1.127771,1.096139,0.825239,,,,,,,,GLOBAL_BASELINE_NO_ENTITY_RANKING,,,NOT_APPLICABLE_GLOBAL_BASELINE,HF9g-P5,,,,X 全窗基线 · 不参与实体赏罚,14193415,1420,A168_HF9F_20260827_0900,2026-08-27 09:00:00
2026-06-01,137070871,1994,0,822.8971121453,142.7212178879,142.7212178879,0.2857143,11,7,0.44302819285720285,0.422459033333,-0.8378839071898899,-0.7324466143010151,-0.8378839071898899,0.02056915952420285,ELIGIBLE,R03b_20260811_FULL_v1,L1_ELIGIBILITY,v2026-08-11,2026-03-21..2026-08-06,baccarat_bet02_101_all_pairs_incl_sentinel,round_win = game_pnl > 0 (decisive only),COMPATIBILITY_ONLY_NOT_PRODUCTION,630814.5920,577721.2471,6644.3283,4370,4077,-0.01053293,-0.02940797,-0.00432247,-0.01053293,-6644.3283,630814.5920,OK,0.0000,265.7731,4.0000,96.0000,AG03-UNRESOLVED,ALL5_LEVELS_bet23_to_bet27,265.7731,265.7731,265.7731,332.2164,332.2164,4.000000,4.000000,4.000000,5.000000,5.000000,96.000000,96.000000,96.000000,95.000000,95.000000,5.0,1461.7522,1339.0033,5182.5761,5305.325,PENDING_AG03,FALSE,NOT_FOR_ENFORCEMENT,6378.5552,554612.3973,6644.3283,6378.5552,265.7731,0.01053293,0.01011162,265.7731,6378.5552,0.01011162,265.7731,265.7731,265.7731,332.2164,332.2164,6378.5552,0.01011162,1461.7522,1339.0033,5182.5761,5305.325,0.00821569,0.00841028,0.00042132,144.3512,141.7025,1.6297,93.5821,10.0216,8884.7126,57.4225,158.2289,140.3023,51.4311,102.8621,129.7286,258.1778,514.3107,1008.3546,77.1466,0.0,5.0,9.802971,1.403346,17,104,92,7,0.24757185,0.01053293,0.02940797,0E-8,0.000000,0.915834,0.000000,-0.02508550,2026-05-12,2026-08-06,71,663,310,87,0.816092,1.127771,1.096139,0.825239,,,,,,,,GLOBAL_BASELINE_NO_ENTITY_RANKING,,,NOT_APPLICABLE_GLOBAL_BASELINE,HF9g-P5,,,,X 全窗基线 · 不参与实体赏罚,14193416,1420,A168_HF9F_20260827_0900,2026-08-27 09:00:00
2026-06-01,137070871,2123,0,231.4398127909,-128.5776737727,-128.5776737727,0.2500000,4,4,0.49659680000000000,0.496596800000,-0.9864100490137353,-0.9864100490137354,-0.9864100490137353,0E-17,ELIGIBLE,R03b_20260811_FULL_v1,L1_ELIGIBILITY,v2026-08-11,2026-03-21..2026-08-06,baccarat_bet02_101_all_pairs_incl_sentinel,round_win = game_pnl > 0 (decisive only),COMPATIBILITY_ONLY_NOT_PRODUCTION,630814.5920,577721.2471,6644.3283,4370,4077,-0.01053293,-0.02940797,-0.00432247,-0.01053293,-6644.3283,630814.5920,OK,0.0000,265.7731,4.0000,96.0000,AG03-UNRESOLVED,ALL5_LEVELS_bet23_to_bet27,265.7731,265.7731,265.7731,332.2164,332.2164,4.000000,4.000000,4.000000,5.000000,5.000000,96.000000,96.000000,96.000000,95.000000,95.000000,5.0,1461.7522,1339.0033,5182.5761,5305.325,PENDING_AG03,FALSE,NOT_FOR_ENFORCEMENT,6378.5552,554612.3973,6644.3283,6378.5552,265.7731,0.01053293,0.01011162,265.7731,6378.5552,0.01011162,265.7731,265.7731,265.7731,332.2164,332.2164,6378.5552,0.01011162,1461.7522,1339.0033,5182.5761,5305.325,0.00821569,0.00841028,0.00042132,144.3512,141.7025,1.6297,93.5821,10.0216,8884.7126,57.4225,158.2289,140.3023,51.4311,102.8621,129.7286,258.1778,514.3107,1008.3546,77.1466,0.0,5.0,9.802971,1.403346,17,104,92,7,0.24757185,0.01053293,0.02940797,0E-8,0.000000,0.915834,0.000000,-0.02508550,2026-05-12,2026-08-06,71,663,310,87,0.816092,1.127771,1.096139,0.825239,,,,,,,,GLOBAL_BASELINE_NO_ENTITY_RANKING,,,NOT_APPLICABLE_GLOBAL_BASELINE,HF9g-P5,,,,X 全窗基线 · 不参与实体赏罚,14193417,1420,A168_HF9F_20260827_0900,2026-08-27 09:00:00
2026-06-01,137070871,2177,0,1414.3544115000,244.2975801682,244.2975801682,0.5000000,7,7,0.49899058571428571,0.498990585714,0.004945109955477372,0.0049451099568770685,0.004945109955477372,2.8571E-13,ELIGIBLE,R03b_20260811_FULL_v1,L1_ELIGIBILITY,v2026-08-11,2026-03-21..2026-08-06,baccarat_bet02_101_all_pairs_incl_sentinel,round_win = game_pnl > 0 (decisive only),COMPATIBILITY_ONLY_NOT_PRODUCTION,630814.5920,577721.2471,6644.3283,4370,4077,-0.01053293,-0.02940797,-0.00432247,-0.01053293,-6644.3283,630814.5920,OK,0.0000,265.7731,4.0000,96.0000,AG03-UNRESOLVED,ALL5_LEVELS_bet23_to_bet27,265.7731,265.7731,265.7731,332.2164,332.2164,4.000000,4.000000,4.000000,5.000000,5.000000,96.000000,96.000000,96.000000,95.000000,95.000000,5.0,1461.7522,1339.0033,5182.5761,5305.325,PENDING_AG03,FALSE,NOT_FOR_ENFORCEMENT,6378.5552,554612.3973,6644.3283,6378.5552,265.7731,0.01053293,0.01011162,265.7731,6378.5552,0.01011162,265.7731,265.7731,265.7731,332.2164,332.2164,6378.5552,0.01011162,1461.7522,1339.0033,5182.5761,5305.325,0.00821569,0.00841028,0.00042132,144.3512,141.7025,1.6297,93.5821,10.0216,8884.7126,57.4225,158.2289,140.3023,51.4311,102.8621,129.7286,258.1778,514.3107,1008.3546,77.1466,0.0,5.0,9.802971,1.403346,17,104,92,7,0.24757185,0.01053293,0.02940797,0E-8,0.000000,0.915834,0.000000,-0.02508550,2026-05-12,2026-08-06,71,663,310,87,0.816092,1.127771,1.096139,0.825239,,,,,,,,GLOBAL_BASELINE_NO_ENTITY_RANKING,,,NOT_APPLICABLE_GLOBAL_BASELINE,HF9g-P5,,,,X 全窗基线 · 不参与实体赏罚,14193418,1420,A168_HF9F_20260827_0900,2026-08-27 09:00:00
2026-06-01,137070871,2233,0,11.5719906395,-11.5719906395,-11.5719906395,0E-7,1,1,0.49324550000000000,0.493245500000,-0.9865810262130424,-0.9865810262130424,-0.9865810262130424,0E-17,ELIGIBLE,R03b_20260811_FULL_v1,L1_ELIGIBILITY,v2026-08-11,2026-03-21..2026-08-06,baccarat_bet02_101_all_pairs_incl_sentinel,round_win = game_pnl > 0 (decisive only),COMPATIBILITY_ONLY_NOT_PRODUCTION,630814.5920,577721.2471,6644.3283,4370,4077,-0.01053293,-0.02940797,-0.00432247,-0.01053293,-6644.3283,630814.5920,OK,0.0000,265.7731,4.0000,96.0000,AG03-UNRESOLVED,ALL5_LEVELS_bet23_to_bet27,265.7731,265.7731,265.7731,332.2164,332.2164,4.000000,4.000000,4.000000,5.000000,5.000000,96.000000,96.000000,96.000000,95.000000,95.000000,5.0,1461.7522,1339.0033,5182.5761,5305.325,PENDING_AG03,FALSE,NOT_FOR_ENFORCEMENT,6378.5552,554612.3973,6644.3283,6378.5552,265.7731,0.01053293,0.01011162,265.7731,6378.5552,0.01011162,265.7731,265.7731,265.7731,332.2164,332.2164,6378.5552,0.01011162,1461.7522,1339.0033,5182.5761,5305.325,0.00821569,0.00841028,0.00042132,144.3512,141.7025,1.6297,93.5821,10.0216,8884.7126,57.4225,158.2289,140.3023,51.4311,102.8621,129.7286,258.1778,514.3107,1008.3546,77.1466,0.0,5.0,9.802971,1.403346,17,104,92,7,0.24757185,0.01053293,0.02940797,0E-8,0.000000,0.915834,0.000000,-0.02508550,2026-05-12,2026-08-06,71,663,310,87,0.816092,1.127771,1.096139,0.825239,,,,,,,,GLOBAL_BASELINE_NO_ENTITY_RANKING,,,NOT_APPLICABLE_GLOBAL_BASELINE,HF9g-P5,,,,X 全窗基线 · 不参与实体赏罚,14193419,1420,A168_HF9F_20260827_0900,2026-08-27 09:00:00
2026-06-02,137070871,-1,1,51.4310695091,48.8595160336,48.8595160336,1.0000000,1,1,0.50665070000000000,0.506650700000,0.9867858985152569,0.9867858985152569,0.9867858985152569,0E-17,SENTINEL_DEALER,R03b_20260811_FULL_v1,L1_ELIGIBILITY,v2026-08-11,2026-03-21..2026-08-06,baccarat_bet02_101_all_pairs_incl_sentinel,round_win = game_pnl > 0 (decisive only),COMPATIBILITY_ONLY_NOT_PRODUCTION,630814.5920,577721.2471,6644.3283,4370,4077,-0.01053293,-0.02940797,-0.00432247,-0.01053293,-6644.3283,630814.5920,OK,0.0000,265.7731,4.0000,96.0000,AG03-UNRESOLVED,ALL5_LEVELS_bet23_to_bet27,265.7731,265.7731,265.7731,332.2164,332.2164,4.000000,4.000000,4.000000,5.000000,5.000000,96.000000,96.000000,96.000000,95.000000,95.000000,5.0,1461.7522,1339.0033,5182.5761,5305.325,PENDING_AG03,FALSE,NOT_FOR_ENFORCEMENT,6378.5552,554612.3973,6644.3283,6378.5552,265.7731,0.01053293,0.01011162,265.7731,6378.5552,0.01011162,265.7731,265.7731,265.7731,332.2164,332.2164,6378.5552,0.01011162,1461.7522,1339.0033,5182.5761,5305.325,0.00821569,0.00841028,0.00042132,144.3512,141.7025,1.6297,93.5821,10.0216,8884.7126,57.4225,158.2289,140.3023,51.4311,102.8621,129.7286,258.1778,514.3107,1008.3546,77.1466,0.0,5.0,9.802971,1.403346,17,104,92,7,0.24757185,0.01053293,0.02940797,0E-8,0.000000,0.915834,0.000000,-0.02508550,2026-05-12,2026-08-06,71,663,310,87,0.816092,1.127771,1.096139,0.825239,,,,,,,,GLOBAL_BASELINE_NO_ENTITY_RANKING,,,NOT_APPLICABLE_GLOBAL_BASELINE,HF9g-P5,,,,X 全窗基线 · 不参与实体赏罚,14193420,1420,A168_HF9F_20260827_0900,2026-08-27 09:00:00
2026-06-02,137070871,1094,0,64.2888368864,-38.5733021318,-38.5733021318,0.5000000,2,2,0.49324550000000000,0.493245500000,0.01910635448239258,0.01910635448239258,0.01910635448239258,0E-17,ELIGIBLE,R03b_20260811_FULL_v1,L1_ELIGIBILITY,v2026-08-11,2026-03-21..2026-08-06,baccarat_bet02_101_all_pairs_incl_sentinel,round_win = game_pnl > 0 (decisive only),COMPATIBILITY_ONLY_NOT_PRODUCTION,630814.5920,577721.2471,6644.3283,4370,4077,-0.01053293,-0.02940797,-0.00432247,-0.01053293,-6644.3283,630814.5920,OK,0.0000,265.7731,4.0000,96.0000,AG03-UNRESOLVED,ALL5_LEVELS_bet23_to_bet27,265.7731,265.7731,265.7731,332.2164,332.2164,4.000000,4.000000,4.000000,5.000000,5.000000,96.000000,96.000000,96.000000,95.000000,95.000000,5.0,1461.7522,1339.0033,5182.5761,5305.325,PENDING_AG03,FALSE,NOT_FOR_ENFORCEMENT,6378.5552,554612.3973,6644.3283,6378.5552,265.7731,0.01053293,0.01011162,265.7731,6378.5552,0.01011162,265.7731,265.7731,265.7731,332.2164,332.2164,6378.5552,0.01011162,1461.7522,1339.0033,5182.5761,5305.325,0.00821569,0.00841028,0.00042132,144.3512,141.7025,1.6297,93.5821,10.0216,8884.7126,57.4225,158.2289,140.3023,51.4311,102.8621,129.7286,258.1778,514.3107,1008.3546,77.1466,0.0,5.0,9.802971,1.403346,17,104,92,7,0.24757185,0.01053293,0.02940797,0E-8,0.000000,0.915834,0.000000,-0.02508550,2026-05-12,2026-08-06,71,663,310,87,0.816092,1.127771,1.096139,0.825239,,,,,,,,GLOBAL_BASELINE_NO_ENTITY_RANKING,,,NOT_APPLICABLE_GLOBAL_BASELINE,HF9g-P5,,,,X 全窗基线 · 不参与实体赏罚,14193421,1420,A168_HF9F_20260827_0900,2026-08-27 09:00:00
2026-06-02,137070871,2177,0,1484.3006660325,-1080.5667703862,-1080.5667703862,0.3333333,12,12,0.50218230000000000,0.502182300000,-1.169831098826885,-1.1698310988268852,-1.169831098826885,0E-17,ELIGIBLE,R03b_20260811_FULL_v1,L1_ELIGIBILITY,v2026-08-11,2026-03-21..2026-08-06,baccarat_bet02_101_all_pairs_incl_sentinel,round_win = game_pnl > 0 (decisive only),COMPATIBILITY_ONLY_NOT_PRODUCTION,630814.5920,577721.2471,6644.3283,4370,4077,-0.01053293,-0.02940797,-0.00432247,-0.01053293,-6644.3283,630814.5920,OK,0.0000,265.7731,4.0000,96.0000,AG03-UNRESOLVED,ALL5_LEVELS_bet23_to_bet27,265.7731,265.7731,265.7731,332.2164,332.2164,4.000000,4.000000,4.000000,5.000000,5.000000,96.000000,96.000000,96.000000,95.000000,95.000000,5.0,1461.7522,1339.0033,5182.5761,5305.325,PENDING_AG03,FALSE,NOT_FOR_ENFORCEMENT,6378.5552,554612.3973,6644.3283,6378.5552,265.7731,0.01053293,0.01011162,265.7731,6378.5552,0.01011162,265.7731,265.7731,265.7731,332.2164,332.2164,6378.5552,0.01011162,1461.7522,1339.0033,5182.5761,5305.325,0.00821569,0.00841028,0.00042132,144.3512,141.7025,1.6297,93.5821,10.0216,8884.7126,57.4225,158.2289,140.3023,51.4311,102.8621,129.7286,258.1778,514.3107,1008.3546,77.1466,0.0,5.0,9.802971,1.403346,17,104,92,7,0.24757185,0.01053293,0.02940797,0E-8,0.000000,0.915834,0.000000,-0.02508550,2026-05-12,2026-08-06,71,663,310,87,0.816092,1.127771,1.096139,0.825239,,,,,,,,GLOBAL_BASELINE_NO_ENTITY_RANKING,,,NOT_APPLICABLE_GLOBAL_BASELINE,HF9g-P5,,,,X 全窗基线 · 不参与实体赏罚,14193422,1420,A168_HF9F_20260827_0900,2026-08-27 09:00:00
2026-06-03,137070871,1210,0,205.7242780364,299.5859798904,299.5859798904,1.0000000,5,3,0.47065467083326334,0.410661288889,1.8368723780096468,2.0749193887259536,1.8368723780096468,0.05999338194426334,ELIGIBLE,R03b_20260811_FULL_v1,L1_ELIGIBILITY,v2026-08-11,2026-03-21..2026-08-06,baccarat_bet02_101_all_pairs_incl_sentinel,round_win = game_pnl > 0 (decisive only),COMPATIBILITY_ONLY_NOT_PRODUCTION,630814.5920,577721.2471,6644.3283,4370,4077,-0.01053293,-0.02940797,-0.00432247,-0.01053293,-6644.3283,630814.5920,OK,0.0000,265.7731,4.0000,96.0000,AG03-UNRESOLVED,ALL5_LEVELS_bet23_to_bet27,265.7731,265.7731,265.7731,332.2164,332.2164,4.000000,4.000000,4.000000,5.000000,5.000000,96.000000,96.000000,96.000000,95.000000,95.000000,5.0,1461.7522,1339.0033,5182.5761,5305.325,PENDING_AG03,FALSE,NOT_FOR_ENFORCEMENT,6378.5552,554612.3973,6644.3283,6378.5552,265.7731,0.01053293,0.01011162,265.7731,6378.5552,0.01011162,265.7731,265.7731,265.7731,332.2164,332.2164,6378.5552,0.01011162,1461.7522,1339.0033,5182.5761,5305.325,0.00821569,0.00841028,0.00042132,144.3512,141.7025,1.6297,93.5821,10.0216,8884.7126,57.4225,158.2289,140.3023,51.4311,102.8621,129.7286,258.1778,514.3107,1008.3546,77.1466,0.0,5.0,9.802971,1.403346,17,104,92,7,0.24757185,0.01053293,0.02940797,0E-8,0.000000,0.915834,0.000000,-0.02508550,2026-05-12,2026-08-06,71,663,310,87,0.816092,1.127771,1.096139,0.825239,,,,,,,,GLOBAL_BASELINE_NO_ENTITY_RANKING,,,NOT_APPLICABLE_GLOBAL_BASELINE,HF9g-P5,,,,X 全窗基线 · 不参与实体赏罚,14193423,1420,A168_HF9F_20260827_0900,2026-08-27 09:00:00
2026-06-03,137070871,1307,0,668.6039036183,136.2923341989,136.2923341989,0.5833333,12,12,0.50441650000000000,0.504416500000,0.5467731901777608,0.5467731901777608,0.5467731901777608,0E-17,ELIGIBLE,R03b_20260811_FULL_v1,L1_ELIGIBILITY,v2026-08-11,2026-03-21..2026-08-06,baccarat_bet02_101_all_pairs_incl_sentinel,round_win = game_pnl > 0 (decisive only),COMPATIBILITY_ONLY_NOT_PRODUCTION,630814.5920,577721.2471,6644.3283,4370,4077,-0.01053293,-0.02940797,-0.00432247,-0.01053293,-6644.3283,630814.5920,OK,0.0000,265.7731,4.0000,96.0000,AG03-UNRESOLVED,ALL5_LEVELS_bet23_to_bet27,265.7731,265.7731,265.7731,332.2164,332.2164,4.000000,4.000000,4.000000,5.000000,5.000000,96.000000,96.000000,96.000000,95.000000,95.000000,5.0,1461.7522,1339.0033,5182.5761,5305.325,PENDING_AG03,FALSE,NOT_FOR_ENFORCEMENT,6378.5552,554612.3973,6644.3283,6378.5552,265.7731,0.01053293,0.01011162,265.7731,6378.5552,0.01011162,265.7731,265.7731,265.7731,332.2164,332.2164,6378.5552,0.01011162,1461.7522,1339.0033,5182.5761,5305.325,0.00821569,0.00841028,0.00042132,144.3512,141.7025,1.6297,93.5821,10.0216,8884.7126,57.4225,158.2289,140.3023,51.4311,102.8621,129.7286,258.1778,514.3107,1008.3546,77.1466,0.0,5.0,9.802971,1.403346,17,104,92,7,0.24757185,0.01053293,0.02940797,0E-8,0.000000,0.915834,0.000000,-0.02508550,2026-05-12,2026-08-06,71,663,310,87,0.816092,1.127771,1.096139,0.825239,,,,,,,,GLOBAL_BASELINE_NO_ENTITY_RANKING,,,NOT_APPLICABLE_GLOBAL_BASELINE,HF9g-P5,,,,X 全窗基线 · 不参与实体赏罚,14193424,1420,A168_HF9F_20260827_0900,2026-08-27 09:00:00
2026-06-03,137070871,1318,0,3057.5770823158,-722.6065266030,-722.6065266030,0.3809524,22,22,0.50238540909090909,0.502385409091,-1.112964752628918,-1.1129647526297521,-1.112964752628918,-9.091E-14,ELIGIBLE,R03b_20260811_FULL_v1,L1_ELIGIBILITY,v2026-08-11,2026-03-21..2026-08-06,baccarat_bet02_101_all_pairs_incl_sentinel,round_win = game_pnl > 0 (decisive only),COMPATIBILITY_ONLY_NOT_PRODUCTION,630814.5920,577721.2471,6644.3283,4370,4077,-0.01053293,-0.02940797,-0.00432247,-0.01053293,-6644.3283,630814.5920,OK,0.0000,265.7731,4.0000,96.0000,AG03-UNRESOLVED,ALL5_LEVELS_bet23_to_bet27,265.7731,265.7731,265.7731,332.2164,332.2164,4.000000,4.000000,4.000000,5.000000,5.000000,96.000000,96.000000,96.000000,95.000000,95.000000,5.0,1461.7522,1339.0033,5182.5761,5305.325,PENDING_AG03,FALSE,NOT_FOR_ENFORCEMENT,6378.5552,554612.3973,6644.3283,6378.5552,265.7731,0.01053293,0.01011162,265.7731,6378.5552,0.01011162,265.7731,265.7731,265.7731,332.2164,332.2164,6378.5552,0.01011162,1461.7522,1339.0033,5182.5761,5305.325,0.00821569,0.00841028,0.00042132,144.3512,141.7025,1.6297,93.5821,10.0216,8884.7126,57.4225,158.2289,140.3023,51.4311,102.8621,129.7286,258.1778,514.3107,1008.3546,77.1466,0.0,5.0,9.802971,1.403346,17,104,92,7,0.24757185,0.01053293,0.02940797,0E-8,0.000000,0.915834,0.000000,-0.02508550,2026-05-12,2026-08-06,71,663,310,87,0.816092,1.127771,1.096139,0.825239,,,,,,,,GLOBAL_BASELINE_NO_ENTITY_RANKING,,,NOT_APPLICABLE_GLOBAL_BASELINE,HF9g-P5,,,,X 全窗基线 · 不参与实体赏罚,14193425,1420,A168_HF9F_20260827_0900,2026-08-27 09:00:00
2026-06-03,137070871,1325,0,1414.3544114999,507.8818114024,507.8818114024,0.6250000,9,9,0.49771390000000000,0.497713900000,0.7200464420157047,0.7200464420157048,0.7200464420157047,0E-17,ELIGIBLE,R03b_20260811_FULL_v1,L1_ELIGIBILITY,v2026-08-11,2026-03-21..2026-08-06,baccarat_bet02_101_all_pairs_incl_sentinel,round_win = game_pnl > 0 (decisive only),COMPATIBILITY_ONLY_NOT_PRODUCTION,630814.5920,577721.2471,6644.3283,4370,4077,-0.01053293,-0.02940797,-0.00432247,-0.01053293,-6644.3283,630814.5920,OK,0.0000,265.7731,4.0000,96.0000,AG03-UNRESOLVED,ALL5_LEVELS_bet23_to_bet27,265.7731,265.7731,265.7731,332.2164,332.2164,4.000000,4.000000,4.000000,5.000000,5.000000,96.000000,96.000000,96.000000,95.000000,95.000000,5.0,1461.7522,1339.0033,5182.5761,5305.325,PENDING_AG03,FALSE,NOT_FOR_ENFORCEMENT,6378.5552,554612.3973,6644.3283,6378.5552,265.7731,0.01053293,0.01011162,265.7731,6378.5552,0.01011162,265.7731,265.7731,265.7731,332.2164,332.2164,6378.5552,0.01011162,1461.7522,1339.0033,5182.5761,5305.325,0.00821569,0.00841028,0.00042132,144.3512,141.7025,1.6297,93.5821,10.0216,8884.7126,57.4225,158.2289,140.3023,51.4311,102.8621,129.7286,258.1778,514.3107,1008.3546,77.1466,0.0,5.0,9.802971,1.403346,17,104,92,7,0.24757185,0.01053293,0.02940797,0E-8,0.000000,0.915834,0.000000,-0.02508550,2026-05-12,2026-08-06,71,663,310,87,0.816092,1.127771,1.096139,0.825239,,,,,,,,GLOBAL_BASELINE_NO_ENTITY_RANKING,,,NOT_APPLICABLE_GLOBAL_BASELINE,HF9g-P5,,,,X 全窗基线 · 不参与实体赏罚,14193426,1420,A168_HF9F_20260827_0900,2026-08-27 09:00:00
2026-06-03,137070871,1331,0,1692.0821868492,105.6908478411,105.6908478411,0.3333333,10,10,0.50128862000000000,0.501288620000,-1.007735066777365,-1.0077350667773652,-1.007735066777365,0E-17,ELIGIBLE,R03b_20260811_FULL_v1,L1_ELIGIBILITY,v2026-08-11,2026-03-21..2026-08-06,baccarat_bet02_101_all_pairs_incl_sentinel,round_win = game_pnl > 0 (decisive only),COMPATIBILITY_ONLY_NOT_PRODUCTION,630814.5920,577721.2471,6644.3283,4370,4077,-0.01053293,-0.02940797,-0.00432247,-0.01053293,-6644.3283,630814.5920,OK,0.0000,265.7731,4.0000,96.0000,AG03-UNRESOLVED,ALL5_LEVELS_bet23_to_bet27,265.7731,265.7731,265.7731,332.2164,332.2164,4.000000,4.000000,4.000000,5.000000,5.000000,96.000000,96.000000,96.000000,95.000000,95.000000,5.0,1461.7522,1339.0033,5182.5761,5305.325,PENDING_AG03,FALSE,NOT_FOR_ENFORCEMENT,6378.5552,554612.3973,6644.3283,6378.5552,265.7731,0.01053293,0.01011162,265.7731,6378.5552,0.01011162,265.7731,265.7731,265.7731,332.2164,332.2164,6378.5552,0.01011162,1461.7522,1339.0033,5182.5761,5305.325,0.00821569,0.00841028,0.00042132,144.3512,141.7025,1.6297,93.5821,10.0216,8884.7126,57.4225,158.2289,140.3023,51.4311,102.8621,129.7286,258.1778,514.3107,1008.3546,77.1466,0.0,5.0,9.802971,1.403346,17,104,92,7,0.24757185,0.01053293,0.02940797,0E-8,0.000000,0.915834,0.000000,-0.02508550,2026-05-12,2026-08-06,71,663,310,87,0.816092,1.127771,1.096139,0.825239,,,,,,,,GLOBAL_BASELINE_NO_ENTITY_RANKING,,,NOT_APPLICABLE_GLOBAL_BASELINE,HF9g-P5,,,,X 全窗基线 · 不参与实体赏罚,14193427,1420,A168_HF9F_20260827_0900,2026-08-27 09:00:00
2026-06-03,137070871,1654,0,102.8621390182,-2.5715534755,-2.5715534755,0.5000000,2,2,0.50665070000000000,0.506650700000,-0.018812684590367487,-0.018812684590367487,-0.018812684590367487,0E-17,ELIGIBLE,R03b_20260811_FULL_v1,L1_ELIGIBILITY,v2026-08-11,2026-03-21..2026-08-06,baccarat_bet02_101_all_pairs_incl_sentinel,round_win = game_pnl > 0 (decisive only),COMPATIBILITY_ONLY_NOT_PRODUCTION,630814.5920,577721.2471,6644.3283,4370,4077,-0.01053293,-0.02940797,-0.00432247,-0.01053293,-6644.3283,630814.5920,OK,0.0000,265.7731,4.0000,96.0000,AG03-UNRESOLVED,ALL5_LEVELS_bet23_to_bet27,265.7731,265.7731,265.7731,332.2164,332.2164,4.000000,4.000000,4.000000,5.000000,5.000000,96.000000,96.000000,96.000000,95.000000,95.000000,5.0,1461.7522,1339.0033,5182.5761,5305.325,PENDING_AG03,FALSE,NOT_FOR_ENFORCEMENT,6378.5552,554612.3973,6644.3283,6378.5552,265.7731,0.01053293,0.01011162,265.7731,6378.5552,0.01011162,265.7731,265.7731,265.7731,332.2164,332.2164,6378.5552,0.01011162,1461.7522,1339.0033,5182.5761,5305.325,0.00821569,0.00841028,0.00042132,144.3512,141.7025,1.6297,93.5821,10.0216,8884.7126,57.4225,158.2289,140.3023,51.4311,102.8621,129.7286,258.1778,514.3107,1008.3546,77.1466,0.0,5.0,9.802971,1.403346,17,104,92,7,0.24757185,0.01053293,0.02940797,0E-8,0.000000,0.915834,0.000000,-0.02508550,2026-05-12,2026-08-06,71,663,310,87,0.816092,1.127771,1.096139,0.825239,,,,,,,,GLOBAL_BASELINE_NO_ENTITY_RANKING,,,NOT_APPLICABLE_GLOBAL_BASELINE,HF9g-P5,,,,X 全窗基线 · 不参与实体赏罚,14193428,1420,A168_HF9F_20260827_0900,2026-08-27 09:00:00
2026-06-03,137070871,1994,0,180.0087432818,124.7203435596,124.7203435596,1.0000000,3,3,0.49771390000000000,0.497713900000,1.4206944795187548,1.420694479518755,1.4206944795187548,0E-17,ELIGIBLE,R03b_20260811_FULL_v1,L1_ELIGIBILITY,v2026-08-11,2026-03-21..2026-08-06,baccarat_bet02_101_all_pairs_incl_sentinel,round_win = game_pnl > 0 (decisive only),COMPATIBILITY_ONLY_NOT_PRODUCTION,630814.5920,577721.2471,6644.3283,4370,4077,-0.01053293,-0.02940797,-0.00432247,-0.01053293,-6644.3283,630814.5920,OK,0.0000,265.7731,4.0000,96.0000,AG03-UNRESOLVED,ALL5_LEVELS_bet23_to_bet27,265.7731,265.7731,265.7731,332.2164,332.2164,4.000000,4.000000,4.000000,5.000000,5.000000,96.000000,96.000000,96.000000,95.000000,95.000000,5.0,1461.7522,1339.0033,5182.5761,5305.325,PENDING_AG03,FALSE,NOT_FOR_ENFORCEMENT,6378.5552,554612.3973,6644.3283,6378.5552,265.7731,0.01053293,0.01011162,265.7731,6378.5552,0.01011162,265.7731,265.7731,265.7731,332.2164,332.2164,6378.5552,0.01011162,1461.7522,1339.0033,5182.5761,5305.325,0.00821569,0.00841028,0.00042132,144.3512,141.7025,1.6297,93.5821,10.0216,8884.7126,57.4225,158.2289,140.3023,51.4311,102.8621,129.7286,258.1778,514.3107,1008.3546,77.1466,0.0,5.0,9.802971,1.403346,17,104,92,7,0.24757185,0.01053293,0.02940797,0E-8,0.000000,0.915834,0.000000,-0.02508550,2026-05-12,2026-08-06,71,663,310,87,0.816092,1.127771,1.096139,0.825239,,,,,,,,GLOBAL_BASELINE_NO_ENTITY_RANKING,,,NOT_APPLICABLE_GLOBAL_BASELINE,HF9g-P5,,,,X 全窗基线 · 不参与实体赏罚,14193429,1420,A168_HF9F_20260827_0900,2026-08-27 09:00:00
2026-06-03,137070871,2196,0,1388.6388767455,447.4503047290,447.4503047290,0.5000000,8,8,0.50162375000000000,0.501623750000,-0.009185365523350236,-0.009185365523350236,-0.009185365523350236,0E-17,ELIGIBLE,R03b_20260811_FULL_v1,L1_ELIGIBILITY,v2026-08-11,2026-03-21..2026-08-06,baccarat_bet02_101_all_pairs_incl_sentinel,round_win = game_pnl > 0 (decisive only),COMPATIBILITY_ONLY_NOT_PRODUCTION,630814.5920,577721.2471,6644.3283,4370,4077,-0.01053293,-0.02940797,-0.00432247,-0.01053293,-6644.3283,630814.5920,OK,0.0000,265.7731,4.0000,96.0000,AG03-UNRESOLVED,ALL5_LEVELS_bet23_to_bet27,265.7731,265.7731,265.7731,332.2164,332.2164,4.000000,4.000000,4.000000,5.000000,5.000000,96.000000,96.000000,96.000000,95.000000,95.000000,5.0,1461.7522,1339.0033,5182.5761,5305.325,PENDING_AG03,FALSE,NOT_FOR_ENFORCEMENT,6378.5552,554612.3973,6644.3283,6378.5552,265.7731,0.01053293,0.01011162,265.7731,6378.5552,0.01011162,265.7731,265.7731,265.7731,332.2164,332.2164,6378.5552,0.01011162,1461.7522,1339.0033,5182.5761,5305.325,0.00821569,0.00841028,0.00042132,144.3512,141.7025,1.6297,93.5821,10.0216,8884.7126,57.4225,158.2289,140.3023,51.4311,102.8621,129.7286,258.1778,514.3107,1008.3546,77.1466,0.0,5.0,9.802971,1.403346,17,104,92,7,0.24757185,0.01053293,0.02940797,0E-8,0.000000,0.915834,0.000000,-0.02508550,2026-05-12,2026-08-06,71,663,310,87,0.816092,1.127771,1.096139,0.825239,,,,,,,,GLOBAL_BASELINE_NO_ENTITY_RANKING,,,NOT_APPLICABLE_GLOBAL_BASELINE,HF9g-P5,,,,X 全窗基线 · 不参与实体赏罚,14193430,1420,A168_HF9F_20260827_0900,2026-08-27 09:00:00
2026-06-03,137070871,2202,0,205.7242780364,200.5811710854,200.5811710854,1.0000000,3,3,0.50218230000000000,0.502182300000,1.724507524396475,1.7245075243964754,1.724507524396475,0E-17,ELIGIBLE,R03b_20260811_FULL_v1,L1_ELIGIBILITY,v2026-08-11,2026-03-21..2026-08-06,baccarat_bet02_101_all_pairs_incl_sentinel,round_win = game_pnl > 0 (decisive only),COMPATIBILITY_ONLY_NOT_PRODUCTION,630814.5920,577721.2471,6644.3283,4370,4077,-0.01053293,-0.02940797,-0.00432247,-0.01053293,-6644.3283,630814.5920,OK,0.0000,265.7731,4.0000,96.0000,AG03-UNRESOLVED,ALL5_LEVELS_bet23_to_bet27,265.7731,265.7731,265.7731,332.2164,332.2164,4.000000,4.000000,4.000000,5.000000,5.000000,96.000000,96.000000,96.000000,95.000000,95.000000,5.0,1461.7522,1339.0033,5182.5761,5305.325,PENDING_AG03,FALSE,NOT_FOR_ENFORCEMENT,6378.5552,554612.3973,6644.3283,6378.5552,265.7731,0.01053293,0.01011162,265.7731,6378.5552,0.01011162,265.7731,265.7731,265.7731,332.2164,332.2164,6378.5552,0.01011162,1461.7522,1339.0033,5182.5761,5305.325,0.00821569,0.00841028,0.00042132,144.3512,141.7025,1.6297,93.5821,10.0216,8884.7126,57.4225,158.2289,140.3023,51.4311,102.8621,129.7286,258.1778,514.3107,1008.3546,77.1466,0.0,5.0,9.802971,1.403346,17,104,92,7,0.24757185,0.01053293,0.02940797,0E-8,0.000000,0.915834,0.000000,-0.02508550,2026-05-12,2026-08-06,71,663,310,87,0.816092,1.127771,1.096139,0.825239,,,,,,,,GLOBAL_BASELINE_NO_ENTITY_RANKING,,,NOT_APPLICABLE_GLOBAL_BASELINE,HF9g-P5,,,,X 全窗基线 · 不参与实体赏罚,14193431,1420,A168_HF9F_20260827_0900,2026-08-27 09:00:00
2026-06-03,137070871,2233,0,190.2949571836,180.7802093244,180.7802093244,1.0000000,2,2,0.50665070000000000,0.506650700000,1.3955260008387969,1.3955260008387969,1.3955260008387969,0E-17,ELIGIBLE,R03b_20260811_FULL_v1,L1_ELIGIBILITY,v2026-08-11,2026-03-21..2026-08-06,baccarat_bet02_101_all_pairs_incl_sentinel,round_win = game_pnl > 0 (decisive only),COMPATIBILITY_ONLY_NOT_PRODUCTION,630814.5920,577721.2471,6644.3283,4370,4077,-0.01053293,-0.02940797,-0.00432247,-0.01053293,-6644.3283,630814.5920,OK,0.0000,265.7731,4.0000,96.0000,AG03-UNRESOLVED,ALL5_LEVELS_bet23_to_bet27,265.7731,265.7731,265.7731,332.2164,332.2164,4.000000,4.000000,4.000000,5.000000,5.000000,96.000000,96.000000,96.000000,95.000000,95.000000,5.0,1461.7522,1339.0033,5182.5761,5305.325,PENDING_AG03,FALSE,NOT_FOR_ENFORCEMENT,6378.5552,554612.3973,6644.3283,6378.5552,265.7731,0.01053293,0.01011162,265.7731,6378.5552,0.01011162,265.7731,265.7731,265.7731,332.2164,332.2164,6378.5552,0.01011162,1461.7522,1339.0033,5182.5761,5305.325,0.00821569,0.00841028,0.00042132,144.3512,141.7025,1.6297,93.5821,10.0216,8884.7126,57.4225,158.2289,140.3023,51.4311,102.8621,129.7286,258.1778,514.3107,1008.3546,77.1466,0.0,5.0,9.802971,1.403346,17,104,92,7,0.24757185,0.01053293,0.02940797,0E-8,0.000000,0.915834,0.000000,-0.02508550,2026-05-12,2026-08-06,71,663,310,87,0.816092,1.127771,1.096139,0.825239,,,,,,,,GLOBAL_BASELINE_NO_ENTITY_RANKING,,,NOT_APPLICABLE_GLOBAL_BASELINE,HF9g-P5,,,,X 全窗基线 · 不参与实体赏罚,14193432,1420,A168_HF9F_20260827_0900,2026-08-27 09:00:00
2026-06-03,137070871,2235,0,1208.6301334638,104.1479157557,104.1479157557,0.5000000,18,14,0.48755335892854841,0.462320666667,0.0931710053790878,0.2827703713432149,0.0931710053790878,0.02523269226154841,ELIGIBLE,R03b_20260811_FULL_v1,L1_ELIGIBILITY,v2026-08-11,2026-03-21..2026-08-06,baccarat_bet02_101_all_pairs_incl_sentinel,round_win = game_pnl > 0 (decisive only),COMPATIBILITY_ONLY_NOT_PRODUCTION,630814.5920,577721.2471,6644.3283,4370,4077,-0.01053293,-0.02940797,-0.00432247,-0.01053293,-6644.3283,630814.5920,OK,0.0000,265.7731,4.0000,96.0000,AG03-UNRESOLVED,ALL5_LEVELS_bet23_to_bet27,265.7731,265.7731,265.7731,332.2164,332.2164,4.000000,4.000000,4.000000,5.000000,5.000000,96.000000,96.000000,96.000000,95.000000,95.000000,5.0,1461.7522,1339.0033,5182.5761,5305.325,PENDING_AG03,FALSE,NOT_FOR_ENFORCEMENT,6378.5552,554612.3973,6644.3283,6378.5552,265.7731,0.01053293,0.01011162,265.7731,6378.5552,0.01011162,265.7731,265.7731,265.7731,332.2164,332.2164,6378.5552,0.01011162,1461.7522,1339.0033,5182.5761,5305.325,0.00821569,0.00841028,0.00042132,144.3512,141.7025,1.6297,93.5821,10.0216,8884.7126,57.4225,158.2289,140.3023,51.4311,102.8621,129.7286,258.1778,514.3107,1008.3546,77.1466,0.0,5.0,9.802971,1.403346,17,104,92,7,0.24757185,0.01053293,0.02940797,0E-8,0.000000,0.915834,0.000000,-0.02508550,2026-05-12,2026-08-06,71,663,310,87,0.816092,1.127771,1.096139,0.825239,,,,,,,,GLOBAL_BASELINE_NO_ENTITY_RANKING,,,NOT_APPLICABLE_GLOBAL_BASELINE,HF9g-P5,,,,X 全窗基线 · 不参与实体赏罚,14193433,1420,A168_HF9F_20260827_0900,2026-08-27 09:00:00
2026-06-03,137070871,2251,0,640.3168153882,42.4306323449,42.4306323449,0.5000000,11,9,0.45541626419753299,0.454924796296,0.2532123293087978,0.25602635543971913,0.2532123293087978,0.00049146790153299,ELIGIBLE,R03b_20260811_FULL_v1,L1_ELIGIBILITY,v2026-08-11,2026-03-21..2026-08-06,baccarat_bet02_101_all_pairs_incl_sentinel,round_win = game_pnl > 0 (decisive only),COMPATIBILITY_ONLY_NOT_PRODUCTION,630814.5920,577721.2471,6644.3283,4370,4077,-0.01053293,-0.02940797,-0.00432247,-0.01053293,-6644.3283,630814.5920,OK,0.0000,265.7731,4.0000,96.0000,AG03-UNRESOLVED,ALL5_LEVELS_bet23_to_bet27,265.7731,265.7731,265.7731,332.2164,332.2164,4.000000,4.000000,4.000000,5.000000,5.000000,96.000000,96.000000,96.000000,95.000000,95.000000,5.0,1461.7522,1339.0033,5182.5761,5305.325,PENDING_AG03,FALSE,NOT_FOR_ENFORCEMENT,6378.5552,554612.3973,6644.3283,6378.5552,265.7731,0.01053293,0.01011162,265.7731,6378.5552,0.01011162,265.7731,265.7731,265.7731,332.2164,332.2164,6378.5552,0.01011162,1461.7522,1339.0033,5182.5761,5305.325,0.00821569,0.00841028,0.00042132,144.3512,141.7025,1.6297,93.5821,10.0216,8884.7126,57.4225,158.2289,140.3023,51.4311,102.8621,129.7286,258.1778,514.3107,1008.3546,77.1466,0.0,5.0,9.802971,1.403346,17,104,92,7,0.24757185,0.01053293,0.02940797,0E-8,0.000000,0.915834,0.000000,-0.02508550,2026-05-12,2026-08-06,71,663,310,87,0.816092,1.127771,1.096139,0.825239,,,,,,,,GLOBAL_BASELINE_NO_ENTITY_RANKING,,,NOT_APPLICABLE_GLOBAL_BASELINE,HF9g-P5,,,,X 全窗基线 · 不参与实体赏罚,14193434,1420,A168_HF9F_20260827_0900,2026-08-27 09:00:00
2026-06-03,137070871,789,0,51.4310695091,0E-10,0E-10,,1,1,0.49324550000000000,0.493245500000,,,,0E-17,NO_DECISIVE_ROUND,R03b_20260811_FULL_v1,L1_ELIGIBILITY,v2026-08-11,2026-03-21..2026-08-06,baccarat_bet02_101_all_pairs_incl_sentinel,round_win = game_pnl > 0 (decisive only),COMPATIBILITY_ONLY_NOT_PRODUCTION,630814.5920,577721.2471,6644.3283,4370,4077,-0.01053293,-0.02940797,-0.00432247,-0.01053293,-6644.3283,630814.5920,OK,0.0000,265.7731,4.0000,96.0000,AG03-UNRESOLVED,ALL5_LEVELS_bet23_to_bet27,265.7731,265.7731,265.7731,332.2164,332.2164,4.000000,4.000000,4.000000,5.000000,5.000000,96.000000,96.000000,96.000000,95.000000,95.000000,5.0,1461.7522,1339.0033,5182.5761,5305.325,PENDING_AG03,FALSE,NOT_FOR_ENFORCEMENT,6378.5552,554612.3973,6644.3283,6378.5552,265.7731,0.01053293,0.01011162,265.7731,6378.5552,0.01011162,265.7731,265.7731,265.7731,332.2164,332.2164,6378.5552,0.01011162,1461.7522,1339.0033,5182.5761,5305.325,0.00821569,0.00841028,0.00042132,144.3512,141.7025,1.6297,93.5821,10.0216,8884.7126,57.4225,158.2289,140.3023,51.4311,102.8621,129.7286,258.1778,514.3107,1008.3546,77.1466,0.0,5.0,9.802971,1.403346,17,104,92,7,0.24757185,0.01053293,0.02940797,0E-8,0.000000,0.915834,0.000000,-0.02508550,2026-05-12,2026-08-06,71,663,310,87,0.816092,1.127771,1.096139,0.825239,,,,,,,,GLOBAL_BASELINE_NO_ENTITY_RANKING,,,NOT_APPLICABLE_GLOBAL_BASELINE,HF9g-P5,,,,X 全窗基线 · 不参与实体赏罚,14193435,1420,A168_HF9F_20260827_0900,2026-08-27 09:00:00
2026-06-04,137070871,1210,0,991.3338647876,-180.0087432817,-180.0087432817,0.4615385,19,16,0.44654145082237424,0.434227019792,0.10876844964359042,0.19867205293781295,0.10876844964359042,0.01231443103037424,ELIGIBLE,R03b_20260811_FULL_v1,L1_ELIGIBILITY,v2026-08-11,2026-03-21..2026-08-06,baccarat_bet02_101_all_pairs_incl_sentinel,round_win = game_pnl > 0 (decisive only),COMPATIBILITY_ONLY_NOT_PRODUCTION,630814.5920,577721.2471,6644.3283,4370,4077,-0.01053293,-0.02940797,-0.00432247,-0.01053293,-6644.3283,630814.5920,OK,0.0000,265.7731,4.0000,96.0000,AG03-UNRESOLVED,ALL5_LEVELS_bet23_to_bet27,265.7731,265.7731,265.7731,332.2164,332.2164,4.000000,4.000000,4.000000,5.000000,5.000000,96.000000,96.000000,96.000000,95.000000,95.000000,5.0,1461.7522,1339.0033,5182.5761,5305.325,PENDING_AG03,FALSE,NOT_FOR_ENFORCEMENT,6378.5552,554612.3973,6644.3283,6378.5552,265.7731,0.01053293,0.01011162,265.7731,6378.5552,0.01011162,265.7731,265.7731,265.7731,332.2164,332.2164,6378.5552,0.01011162,1461.7522,1339.0033,5182.5761,5305.325,0.00821569,0.00841028,0.00042132,144.3512,141.7025,1.6297,93.5821,10.0216,8884.7126,57.4225,158.2289,140.3023,51.4311,102.8621,129.7286,258.1778,514.3107,1008.3546,77.1466,0.0,5.0,9.802971,1.403346,17,104,92,7,0.24757185,0.01053293,0.02940797,0E-8,0.000000,0.915834,0.000000,-0.02508550,2026-05-12,2026-08-06,71,663,310,87,0.816092,1.127771,1.096139,0.825239,,,,,,,,GLOBAL_BASELINE_NO_ENTITY_RANKING,,,NOT_APPLICABLE_GLOBAL_BASELINE,HF9g-P5,,,,X 全窗基线 · 不参与实体赏罚,14193436,1420,A168_HF9F_20260827_0900,2026-08-27 09:00:00
2026-06-04,137070871,1306,0,540.0262298453,334.3019518092,334.3019518092,0.3750000,11,9,0.40470342222222222,0.404703422222,-0.17116554636828463,-0.1711655463670191,-0.17116554636828463,2.2222E-13,ELIGIBLE,R03b_20260811_FULL_v1,L1_ELIGIBILITY,v2026-08-11,2026-03-21..2026-08-06,baccarat_bet02_101_all_pairs_incl_sentinel,round_win = game_pnl > 0 (decisive only),COMPATIBILITY_ONLY_NOT_PRODUCTION,630814.5920,577721.2471,6644.3283,4370,4077,-0.01053293,-0.02940797,-0.00432247,-0.01053293,-6644.3283,630814.5920,OK,0.0000,265.7731,4.0000,96.0000,AG03-UNRESOLVED,ALL5_LEVELS_bet23_to_bet27,265.7731,265.7731,265.7731,332.2164,332.2164,4.000000,4.000000,4.000000,5.000000,5.000000,96.000000,96.000000,96.000000,95.000000,95.000000,5.0,1461.7522,1339.0033,5182.5761,5305.325,PENDING_AG03,FALSE,NOT_FOR_ENFORCEMENT,6378.5552,554612.3973,6644.3283,6378.5552,265.7731,0.01053293,0.01011162,265.7731,6378.5552,0.01011162,265.7731,265.7731,265.7731,332.2164,332.2164,6378.5552,0.01011162,1461.7522,1339.0033,5182.5761,5305.325,0.00821569,0.00841028,0.00042132,144.3512,141.7025,1.6297,93.5821,10.0216,8884.7126,57.4225,158.2289,140.3023,51.4311,102.8621,129.7286,258.1778,514.3107,1008.3546,77.1466,0.0,5.0,9.802971,1.403346,17,104,92,7,0.24757185,0.01053293,0.02940797,0E-8,0.000000,0.915834,0.000000,-0.02508550,2026-05-12,2026-08-06,71,663,310,87,0.816092,1.127771,1.096139,0.825239,,,,,,,,GLOBAL_BASELINE_NO_ENTITY_RANKING,,,NOT_APPLICABLE_GLOBAL_BASELINE,HF9g-P5,,,,X 全窗基线 · 不参与实体赏罚,14193437,1420,A168_HF9F_20260827_0900,2026-08-27 09:00:00
2026-06-04,137070871,1384,0,1028.6213901817,205.7242780364,205.7242780364,0.5384615,16,16,0.50246157500000000,0.502461575000,0.2596025744163646,0.2596025744163646,0.2596025744163646,0E-17,ELIGIBLE,R03b_20260811_FULL_v1,L1_ELIGIBILITY,v2026-08-11,2026-03-21..2026-08-06,baccarat_bet02_101_all_pairs_incl_sentinel,round_win = game_pnl > 0 (decisive only),COMPATIBILITY_ONLY_NOT_PRODUCTION,630814.5920,577721.2471,6644.3283,4370,4077,-0.01053293,-0.02940797,-0.00432247,-0.01053293,-6644.3283,630814.5920,OK,0.0000,265.7731,4.0000,96.0000,AG03-UNRESOLVED,ALL5_LEVELS_bet23_to_bet27,265.7731,265.7731,265.7731,332.2164,332.2164,4.000000,4.000000,4.000000,5.000000,5.000000,96.000000,96.000000,96.000000,95.000000,95.000000,5.0,1461.7522,1339.0033,5182.5761,5305.325,PENDING_AG03,FALSE,NOT_FOR_ENFORCEMENT,6378.5552,554612.3973,6644.3283,6378.5552,265.7731,0.01053293,0.01011162,265.7731,6378.5552,0.01011162,265.7731,265.7731,265.7731,332.2164,332.2164,6378.5552,0.01011162,1461.7522,1339.0033,5182.5761,5305.325,0.00821569,0.00841028,0.00042132,144.3512,141.7025,1.6297,93.5821,10.0216,8884.7126,57.4225,158.2289,140.3023,51.4311,102.8621,129.7286,258.1778,514.3107,1008.3546,77.1466,0.0,5.0,9.802971,1.403346,17,104,92,7,0.24757185,0.01053293,0.02940797,0E-8,0.000000,0.915834,0.000000,-0.02508550,2026-05-12,2026-08-06,71,663,310,87,0.816092,1.127771,1.096139,0.825239,,,,,,,,GLOBAL_BASELINE_NO_ENTITY_RANKING,,,NOT_APPLICABLE_GLOBAL_BASELINE,HF9g-P5,,,,X 全窗基线 · 不参与实体赏罚,14193438,1420,A168_HF9F_20260827_0900,2026-08-27 09:00:00
2026-06-04,137070871,1396,0,51.4310695090,-51.4310695090,-51.4310695090,0E-7,2,2,0.50665070000000000,0.506650700000,-1.4331513700195317,-1.4331513700195317,-1.4331513700195317,0E-17,ELIGIBLE,R03b_20260811_FULL_v1,L1_ELIGIBILITY,v2026-08-11,2026-03-21..2026-08-06,baccarat_bet02_101_all_pairs_incl_sentinel,round_win = game_pnl > 0 (decisive only),COMPATIBILITY_ONLY_NOT_PRODUCTION,630814.5920,577721.2471,6644.3283,4370,4077,-0.01053293,-0.02940797,-0.00432247,-0.01053293,-6644.3283,630814.5920,OK,0.0000,265.7731,4.0000,96.0000,AG03-UNRESOLVED,ALL5_LEVELS_bet23_to_bet27,265.7731,265.7731,265.7731,332.2164,332.2164,4.000000,4.000000,4.000000,5.000000,5.000000,96.000000,96.000000,96.000000,95.000000,95.000000,5.0,1461.7522,1339.0033,5182.5761,5305.325,PENDING_AG03,FALSE,NOT_FOR_ENFORCEMENT,6378.5552,554612.3973,6644.3283,6378.5552,265.7731,0.01053293,0.01011162,265.7731,6378.5552,0.01011162,265.7731,265.7731,265.7731,332.2164,332.2164,6378.5552,0.01011162,1461.7522,1339.0033,5182.5761,5305.325,0.00821569,0.00841028,0.00042132,144.3512,141.7025,1.6297,93.5821,10.0216,8884.7126,57.4225,158.2289,140.3023,51.4311,102.8621,129.7286,258.1778,514.3107,1008.3546,77.1466,0.0,5.0,9.802971,1.403346,17,104,92,7,0.24757185,0.01053293,0.02940797,0E-8,0.000000,0.915834,0.000000,-0.02508550,2026-05-12,2026-08-06,71,663,310,87,0.816092,1.127771,1.096139,0.825239,,,,,,,,GLOBAL_BASELINE_NO_ENTITY_RANKING,,,NOT_APPLICABLE_GLOBAL_BASELINE,HF9g-P5,,,,X 全窗基线 · 不参与实体赏罚,14193439,1420,A168_HF9F_20260827_0900,2026-08-27 09:00:00
2026-06-04,137070871,1401,0,154.2932085271,147.8643248385,147.8643248385,1.0000000,5,5,0.50396966000000000,0.503969660000,2.2183850348988448,2.2183850348988448,2.2183850348988448,0E-17,ELIGIBLE,R03b_20260811_FULL_v1,L1_ELIGIBILITY,v2026-08-11,2026-03-21..2026-08-06,baccarat_bet02_101_all_pairs_incl_sentinel,round_win = game_pnl > 0 (decisive only),COMPATIBILITY_ONLY_NOT_PRODUCTION,630814.5920,577721.2471,6644.3283,4370,4077,-0.01053293,-0.02940797,-0.00432247,-0.01053293,-6644.3283,630814.5920,OK,0.0000,265.7731,4.0000,96.0000,AG03-UNRESOLVED,ALL5_LEVELS_bet23_to_bet27,265.7731,265.7731,265.7731,332.2164,332.2164,4.000000,4.000000,4.000000,5.000000,5.000000,96.000000,96.000000,96.000000,95.000000,95.000000,5.0,1461.7522,1339.0033,5182.5761,5305.325,PENDING_AG03,FALSE,NOT_FOR_ENFORCEMENT,6378.5552,554612.3973,6644.3283,6378.5552,265.7731,0.01053293,0.01011162,265.7731,6378.5552,0.01011162,265.7731,265.7731,265.7731,332.2164,332.2164,6378.5552,0.01011162,1461.7522,1339.0033,5182.5761,5305.325,0.00821569,0.00841028,0.00042132,144.3512,141.7025,1.6297,93.5821,10.0216,8884.7126,57.4225,158.2289,140.3023,51.4311,102.8621,129.7286,258.1778,514.3107,1008.3546,77.1466,0.0,5.0,9.802971,1.403346,17,104,92,7,0.24757185,0.01053293,0.02940797,0E-8,0.000000,0.915834,0.000000,-0.02508550,2026-05-12,2026-08-06,71,663,310,87,0.816092,1.127771,1.096139,0.825239,,,,,,,,GLOBAL_BASELINE_NO_ENTITY_RANKING,,,NOT_APPLICABLE_GLOBAL_BASELINE,HF9g-P5,,,,X 全窗基线 · 不参与实体赏罚,14193440,1420,A168_HF9F_20260827_0900,2026-08-27 09:00:00
2026-06-04,137070871,1402,0,277.2134646537,240.2088101420,240.2088101420,1.0000000,9,9,0.50516123333333333,0.505161233333,2.799379925614823,2.7993799256166896,2.799379925614823,3.3333E-13,ELIGIBLE,R03b_20260811_FULL_v1,L1_ELIGIBILITY,v2026-08-11,2026-03-21..2026-08-06,baccarat_bet02_101_all_pairs_incl_sentinel,round_win = game_pnl > 0 (decisive only),COMPATIBILITY_ONLY_NOT_PRODUCTION,630814.5920,577721.2471,6644.3283,4370,4077,-0.01053293,-0.02940797,-0.00432247,-0.01053293,-6644.3283,630814.5920,OK,0.0000,265.7731,4.0000,96.0000,AG03-UNRESOLVED,ALL5_LEVELS_bet23_to_bet27,265.7731,265.7731,265.7731,332.2164,332.2164,4.000000,4.000000,4.000000,5.000000,5.000000,96.000000,96.000000,96.000000,95.000000,95.000000,5.0,1461.7522,1339.0033,5182.5761,5305.325,PENDING_AG03,FALSE,NOT_FOR_ENFORCEMENT,6378.5552,554612.3973,6644.3283,6378.5552,265.7731,0.01053293,0.01011162,265.7731,6378.5552,0.01011162,265.7731,265.7731,265.7731,332.2164,332.2164,6378.5552,0.01011162,1461.7522,1339.0033,5182.5761,5305.325,0.00821569,0.00841028,0.00042132,144.3512,141.7025,1.6297,93.5821,10.0216,8884.7126,57.4225,158.2289,140.3023,51.4311,102.8621,129.7286,258.1778,514.3107,1008.3546,77.1466,0.0,5.0,9.802971,1.403346,17,104,92,7,0.24757185,0.01053293,0.02940797,0E-8,0.000000,0.915834,0.000000,-0.02508550,2026-05-12,2026-08-06,71,663,310,87,0.816092,1.127771,1.096139,0.825239,,,,,,,,GLOBAL_BASELINE_NO_ENTITY_RANKING,,,NOT_APPLICABLE_GLOBAL_BASELINE,HF9g-P5,,,,X 全窗基线 · 不参与实体赏罚,14193441,1420,A168_HF9F_20260827_0900,2026-08-27 09:00:00
2026-06-04,137070871,2093,0,804.8962378171,30.8586417054,30.8586417054,0.4000000,29,21,0.37762412745098316,0.366331255556,0.20641380328646802,0.31251710223854984,0.20641380328646802,0.01129287189498316,ELIGIBLE,R03b_20260811_FULL_v1,L1_ELIGIBILITY,v2026-08-11,2026-03-21..2026-08-06,baccarat_bet02_101_all_pairs_incl_sentinel,round_win = game_pnl > 0 (decisive only),COMPATIBILITY_ONLY_NOT_PRODUCTION,630814.5920,577721.2471,6644.3283,4370,4077,-0.01053293,-0.02940797,-0.00432247,-0.01053293,-6644.3283,630814.5920,OK,0.0000,265.7731,4.0000,96.0000,AG03-UNRESOLVED,ALL5_LEVELS_bet23_to_bet27,265.7731,265.7731,265.7731,332.2164,332.2164,4.000000,4.000000,4.000000,5.000000,5.000000,96.000000,96.000000,96.000000,95.000000,95.000000,5.0,1461.7522,1339.0033,5182.5761,5305.325,PENDING_AG03,FALSE,NOT_FOR_ENFORCEMENT,6378.5552,554612.3973,6644.3283,6378.5552,265.7731,0.01053293,0.01011162,265.7731,6378.5552,0.01011162,265.7731,265.7731,265.7731,332.2164,332.2164,6378.5552,0.01011162,1461.7522,1339.0033,5182.5761,5305.325,0.00821569,0.00841028,0.00042132,144.3512,141.7025,1.6297,93.5821,10.0216,8884.7126,57.4225,158.2289,140.3023,51.4311,102.8621,129.7286,258.1778,514.3107,1008.3546,77.1466,0.0,5.0,9.802971,1.403346,17,104,92,7,0.24757185,0.01053293,0.02940797,0E-8,0.000000,0.915834,0.000000,-0.02508550,2026-05-12,2026-08-06,71,663,310,87,0.816092,1.127771,1.096139,0.825239,,,,,,,,GLOBAL_BASELINE_NO_ENTITY_RANKING,,,NOT_APPLICABLE_GLOBAL_BASELINE,HF9g-P5,,,,X 全窗基线 · 不参与实体赏罚,14193442,1420,A168_HF9F_20260827_0900,2026-08-27 09:00:00
2026-06-04,137070871,2101,0,51.4310695090,-51.4310695090,-51.4310695090,0E-7,2,2,0.49324550000000000,0.493245500000,-1.3952362676504506,-1.3952362676504506,-1.3952362676504506,0E-17,ELIGIBLE,R03b_20260811_FULL_v1,L1_ELIGIBILITY,v2026-08-11,2026-03-21..2026-08-06,baccarat_bet02_101_all_pairs_incl_sentinel,round_win = game_pnl > 0 (decisive only),COMPATIBILITY_ONLY_NOT_PRODUCTION,630814.5920,577721.2471,6644.3283,4370,4077,-0.01053293,-0.02940797,-0.00432247,-0.01053293,-6644.3283,630814.5920,OK,0.0000,265.7731,4.0000,96.0000,AG03-UNRESOLVED,ALL5_LEVELS_bet23_to_bet27,265.7731,265.7731,265.7731,332.2164,332.2164,4.000000,4.000000,4.000000,5.000000,5.000000,96.000000,96.000000,96.000000,95.000000,95.000000,5.0,1461.7522,1339.0033,5182.5761,5305.325,PENDING_AG03,FALSE,NOT_FOR_ENFORCEMENT,6378.5552,554612.3973,6644.3283,6378.5552,265.7731,0.01053293,0.01011162,265.7731,6378.5552,0.01011162,265.7731,265.7731,265.7731,332.2164,332.2164,6378.5552,0.01011162,1461.7522,1339.0033,5182.5761,5305.325,0.00821569,0.00841028,0.00042132,144.3512,141.7025,1.6297,93.5821,10.0216,8884.7126,57.4225,158.2289,140.3023,51.4311,102.8621,129.7286,258.1778,514.3107,1008.3546,77.1466,0.0,5.0,9.802971,1.403346,17,104,92,7,0.24757185,0.01053293,0.02940797,0E-8,0.000000,0.915834,0.000000,-0.02508550,2026-05-12,2026-08-06,71,663,310,87,0.816092,1.127771,1.096139,0.825239,,,,,,,,GLOBAL_BASELINE_NO_ENTITY_RANKING,,,NOT_APPLICABLE_GLOBAL_BASELINE,HF9g-P5,,,,X 全窗基线 · 不参与实体赏罚,14193443,1420,A168_HF9F_20260827_0900,2026-08-27 09:00:00
2026-06-04,137070871,2141,0,51.4310695091,-51.4310695091,-51.4310695091,0E-7,1,1,0.50665070000000000,0.506650700000,-1.013391052207602,-1.013391052207602,-1.013391052207602,0E-17,ELIGIBLE,R03b_20260811_FULL_v1,L1_ELIGIBILITY,v2026-08-11,2026-03-21..2026-08-06,baccarat_bet02_101_all_pairs_incl_sentinel,round_win = game_pnl > 0 (decisive only),COMPATIBILITY_ONLY_NOT_PRODUCTION,630814.5920,577721.2471,6644.3283,4370,4077,-0.01053293,-0.02940797,-0.00432247,-0.01053293,-6644.3283,630814.5920,OK,0.0000,265.7731,4.0000,96.0000,AG03-UNRESOLVED,ALL5_LEVELS_bet23_to_bet27,265.7731,265.7731,265.7731,332.2164,332.2164,4.000000,4.000000,4.000000,5.000000,5.000000,96.000000,96.000000,96.000000,95.000000,95.000000,5.0,1461.7522,1339.0033,5182.5761,5305.325,PENDING_AG03,FALSE,NOT_FOR_ENFORCEMENT,6378.5552,554612.3973,6644.3283,6378.5552,265.7731,0.01053293,0.01011162,265.7731,6378.5552,0.01011162,265.7731,265.7731,265.7731,332.2164,332.2164,6378.5552,0.01011162,1461.7522,1339.0033,5182.5761,5305.325,0.00821569,0.00841028,0.00042132,144.3512,141.7025,1.6297,93.5821,10.0216,8884.7126,57.4225,158.2289,140.3023,51.4311,102.8621,129.7286,258.1778,514.3107,1008.3546,77.1466,0.0,5.0,9.802971,1.403346,17,104,92,7,0.24757185,0.01053293,0.02940797,0E-8,0.000000,0.915834,0.000000,-0.02508550,2026-05-12,2026-08-06,71,663,310,87,0.816092,1.127771,1.096139,0.825239,,,,,,,,GLOBAL_BASELINE_NO_ENTITY_RANKING,,,NOT_APPLICABLE_GLOBAL_BASELINE,HF9g-P5,,,,X 全窗基线 · 不参与实体赏罚,14193444,1420,A168_HF9F_20260827_0900,2026-08-27 09:00:00
2026-06-04,137070871,2145,0,545.1693367964,7.7146604262,7.7146604262,0.4444444,13,11,0.49820622768589362,0.475597151515,-0.3225727752880297,-0.18713925779501048,-0.3225727752880297,0.02260907617089362,ELIGIBLE,R03b_20260811_FULL_v1,L1_ELIGIBILITY,v2026-08-11,2026-03-21..2026-08-06,baccarat_bet02_101_all_pairs_incl_sentinel,round_win = game_pnl > 0 (decisive only),COMPATIBILITY_ONLY_NOT_PRODUCTION,630814.5920,577721.2471,6644.3283,4370,4077,-0.01053293,-0.02940797,-0.00432247,-0.01053293,-6644.3283,630814.5920,OK,0.0000,265.7731,4.0000,96.0000,AG03-UNRESOLVED,ALL5_LEVELS_bet23_to_bet27,265.7731,265.7731,265.7731,332.2164,332.2164,4.000000,4.000000,4.000000,5.000000,5.000000,96.000000,96.000000,96.000000,95.000000,95.000000,5.0,1461.7522,1339.0033,5182.5761,5305.325,PENDING_AG03,FALSE,NOT_FOR_ENFORCEMENT,6378.5552,554612.3973,6644.3283,6378.5552,265.7731,0.01053293,0.01011162,265.7731,6378.5552,0.01011162,265.7731,265.7731,265.7731,332.2164,332.2164,6378.5552,0.01011162,1461.7522,1339.0033,5182.5761,5305.325,0.00821569,0.00841028,0.00042132,144.3512,141.7025,1.6297,93.5821,10.0216,8884.7126,57.4225,158.2289,140.3023,51.4311,102.8621,129.7286,258.1778,514.3107,1008.3546,77.1466,0.0,5.0,9.802971,1.403346,17,104,92,7,0.24757185,0.01053293,0.02940797,0E-8,0.000000,0.915834,0.000000,-0.02508550,2026-05-12,2026-08-06,71,663,310,87,0.816092,1.127771,1.096139,0.825239,,,,,,,,GLOBAL_BASELINE_NO_ENTITY_RANKING,,,NOT_APPLICABLE_GLOBAL_BASELINE,HF9g-P5,,,,X 全窗基线 · 不参与实体赏罚,14193445,1420,A168_HF9F_20260827_0900,2026-08-27 09:00:00
2026-06-04,137070871,2170,0,154.2932085272,96.4332553296,96.4332553296,0.5000000,2,2,0.50665070000000000,0.506650700000,-0.018812684590367487,-0.018812684590367487,-0.018812684590367487,0E-17,ELIGIBLE,R03b_20260811_FULL_v1,L1_ELIGIBILITY,v2026-08-11,2026-03-21..2026-08-06,baccarat_bet02_101_all_pairs_incl_sentinel,round_win = game_pnl > 0 (decisive only),COMPATIBILITY_ONLY_NOT_PRODUCTION,630814.5920,577721.2471,6644.3283,4370,4077,-0.01053293,-0.02940797,-0.00432247,-0.01053293,-6644.3283,630814.5920,OK,0.0000,265.7731,4.0000,96.0000,AG03-UNRESOLVED,ALL5_LEVELS_bet23_to_bet27,265.7731,265.7731,265.7731,332.2164,332.2164,4.000000,4.000000,4.000000,5.000000,5.000000,96.000000,96.000000,96.000000,95.000000,95.000000,5.0,1461.7522,1339.0033,5182.5761,5305.325,PENDING_AG03,FALSE,NOT_FOR_ENFORCEMENT,6378.5552,554612.3973,6644.3283,6378.5552,265.7731,0.01053293,0.01011162,265.7731,6378.5552,0.01011162,265.7731,265.7731,265.7731,332.2164,332.2164,6378.5552,0.01011162,1461.7522,1339.0033,5182.5761,5305.325,0.00821569,0.00841028,0.00042132,144.3512,141.7025,1.6297,93.5821,10.0216,8884.7126,57.4225,158.2289,140.3023,51.4311,102.8621,129.7286,258.1778,514.3107,1008.3546,77.1466,0.0,5.0,9.802971,1.403346,17,104,92,7,0.24757185,0.01053293,0.02940797,0E-8,0.000000,0.915834,0.000000,-0.02508550,2026-05-12,2026-08-06,71,663,310,87,0.816092,1.127771,1.096139,0.825239,,,,,,,,GLOBAL_BASELINE_NO_ENTITY_RANKING,,,NOT_APPLICABLE_GLOBAL_BASELINE,HF9g-P5,,,,X 全窗基线 · 不参与实体赏罚,14193446,1420,A168_HF9F_20260827_0900,2026-08-27 09:00:00
2026-06-04,137070871,2174,0,205.7242780364,-205.7242780364,-205.7242780364,0E-7,3,3,0.50218230000000000,0.502182300000,-1.7396270863184011,-1.7396270863184016,-1.7396270863184011,0E-17,ELIGIBLE,R03b_20260811_FULL_v1,L1_ELIGIBILITY,v2026-08-11,2026-03-21..2026-08-06,baccarat_bet02_101_all_pairs_incl_sentinel,round_win = game_pnl > 0 (decisive only),COMPATIBILITY_ONLY_NOT_PRODUCTION,630814.5920,577721.2471,6644.3283,4370,4077,-0.01053293,-0.02940797,-0.00432247,-0.01053293,-6644.3283,630814.5920,OK,0.0000,265.7731,4.0000,96.0000,AG03-UNRESOLVED,ALL5_LEVELS_bet23_to_bet27,265.7731,265.7731,265.7731,332.2164,332.2164,4.000000,4.000000,4.000000,5.000000,5.000000,96.000000,96.000000,96.000000,95.000000,95.000000,5.0,1461.7522,1339.0033,5182.5761,5305.325,PENDING_AG03,FALSE,NOT_FOR_ENFORCEMENT,6378.5552,554612.3973,6644.3283,6378.5552,265.7731,0.01053293,0.01011162,265.7731,6378.5552,0.01011162,265.7731,265.7731,265.7731,332.2164,332.2164,6378.5552,0.01011162,1461.7522,1339.0033,5182.5761,5305.325,0.00821569,0.00841028,0.00042132,144.3512,141.7025,1.6297,93.5821,10.0216,8884.7126,57.4225,158.2289,140.3023,51.4311,102.8621,129.7286,258.1778,514.3107,1008.3546,77.1466,0.0,5.0,9.802971,1.403346,17,104,92,7,0.24757185,0.01053293,0.02940797,0E-8,0.000000,0.915834,0.000000,-0.02508550,2026-05-12,2026-08-06,71,663,310,87,0.816092,1.127771,1.096139,0.825239,,,,,,,,GLOBAL_BASELINE_NO_ENTITY_RANKING,,,NOT_APPLICABLE_GLOBAL_BASELINE,HF9g-P5,,,,X 全窗基线 · 不参与实体赏罚,14193447,1420,A168_HF9F_20260827_0900,2026-08-27 09:00:00
2026-06-04,137070871,2177,0,4.3716409083,-4.3716409083,-4.3716409083,0E-7,1,1,0.09460280000000000,0.094602800000,-0.32324545095860213,-0.32324545095860213,-0.32324545095860213,0E-17,ELIGIBLE,R03b_20260811_FULL_v1,L1_ELIGIBILITY,v2026-08-11,2026-03-21..2026-08-06,baccarat_bet02_101_all_pairs_incl_sentinel,round_win = game_pnl > 0 (decisive only),COMPATIBILITY_ONLY_NOT_PRODUCTION,630814.5920,577721.2471,6644.3283,4370,4077,-0.01053293,-0.02940797,-0.00432247,-0.01053293,-6644.3283,630814.5920,OK,0.0000,265.7731,4.0000,96.0000,AG03-UNRESOLVED,ALL5_LEVELS_bet23_to_bet27,265.7731,265.7731,265.7731,332.2164,332.2164,4.000000,4.000000,4.000000,5.000000,5.000000,96.000000,96.000000,96.000000,95.000000,95.000000,5.0,1461.7522,1339.0033,5182.5761,5305.325,PENDING_AG03,FALSE,NOT_FOR_ENFORCEMENT,6378.5552,554612.3973,6644.3283,6378.5552,265.7731,0.01053293,0.01011162,265.7731,6378.5552,0.01011162,265.7731,265.7731,265.7731,332.2164,332.2164,6378.5552,0.01011162,1461.7522,1339.0033,5182.5761,5305.325,0.00821569,0.00841028,0.00042132,144.3512,141.7025,1.6297,93.5821,10.0216,8884.7126,57.4225,158.2289,140.3023,51.4311,102.8621,129.7286,258.1778,514.3107,1008.3546,77.1466,0.0,5.0,9.802971,1.403346,17,104,92,7,0.24757185,0.01053293,0.02940797,0E-8,0.000000,0.915834,0.000000,-0.02508550,2026-05-12,2026-08-06,71,663,310,87,0.816092,1.127771,1.096139,0.825239,,,,,,,,GLOBAL_BASELINE_NO_ENTITY_RANKING,,,NOT_APPLICABLE_GLOBAL_BASELINE,HF9g-P5,,,,X 全窗基线 · 不参与实体赏罚,14193448,1420,A168_HF9F_20260827_0900,2026-08-27 09:00:00
2026-06-04,137070871,2235,0,514.3106950909,140.1496644122,140.1496644122,0.5714286,8,8,0.50162375000000000,0.501623750000,0.36937434338991915,0.36937434338991915,0.36937434338991915,0E-17,ELIGIBLE,R03b_20260811_FULL_v1,L1_ELIGIBILITY,v2026-08-11,2026-03-21..2026-08-06,baccarat_bet02_101_all_pairs_incl_sentinel,round_win = game_pnl > 0 (decisive only),COMPATIBILITY_ONLY_NOT_PRODUCTION,630814.5920,577721.2471,6644.3283,4370,4077,-0.01053293,-0.02940797,-0.00432247,-0.01053293,-6644.3283,630814.5920,OK,0.0000,265.7731,4.0000,96.0000,AG03-UNRESOLVED,ALL5_LEVELS_bet23_to_bet27,265.7731,265.7731,265.7731,332.2164,332.2164,4.000000,4.000000,4.000000,5.000000,5.000000,96.000000,96.000000,96.000000,95.000000,95.000000,5.0,1461.7522,1339.0033,5182.5761,5305.325,PENDING_AG03,FALSE,NOT_FOR_ENFORCEMENT,6378.5552,554612.3973,6644.3283,6378.5552,265.7731,0.01053293,0.01011162,265.7731,6378.5552,0.01011162,265.7731,265.7731,265.7731,332.2164,332.2164,6378.5552,0.01011162,1461.7522,1339.0033,5182.5761,5305.325,0.00821569,0.00841028,0.00042132,144.3512,141.7025,1.6297,93.5821,10.0216,8884.7126,57.4225,158.2289,140.3023,51.4311,102.8621,129.7286,258.1778,514.3107,1008.3546,77.1466,0.0,5.0,9.802971,1.403346,17,104,92,7,0.24757185,0.01053293,0.02940797,0E-8,0.000000,0.915834,0.000000,-0.02508550,2026-05-12,2026-08-06,71,663,310,87,0.816092,1.127771,1.096139,0.825239,,,,,,,,GLOBAL_BASELINE_NO_ENTITY_RANKING,,,NOT_APPLICABLE_GLOBAL_BASELINE,HF9g-P5,,,,X 全窗基线 · 不参与实体赏罚,14193449,1420,A168_HF9F_20260827_0900,2026-08-27 09:00:00
2026-06-05,137070871,1017,0,668.6039036183,444.8787512535,444.8787512535,0.8333333,12,12,0.50218230000000000,0.502182300000,2.2943035118879913,2.2943035118879918,2.2943035118879913,0E-17,ELIGIBLE,R03b_20260811_FULL_v1,L1_ELIGIBILITY,v2026-08-11,2026-03-21..2026-08-06,baccarat_bet02_101_all_pairs_incl_sentinel,round_win = game_pnl > 0 (decisive only),COMPATIBILITY_ONLY_NOT_PRODUCTION,630814.5920,577721.2471,6644.3283,4370,4077,-0.01053293,-0.02940797,-0.00432247,-0.01053293,-6644.3283,630814.5920,OK,0.0000,265.7731,4.0000,96.0000,AG03-UNRESOLVED,ALL5_LEVELS_bet23_to_bet27,265.7731,265.7731,265.7731,332.2164,332.2164,4.000000,4.000000,4.000000,5.000000,5.000000,96.000000,96.000000,96.000000,95.000000,95.000000,5.0,1461.7522,1339.0033,5182.5761,5305.325,PENDING_AG03,FALSE,NOT_FOR_ENFORCEMENT,6378.5552,554612.3973,6644.3283,6378.5552,265.7731,0.01053293,0.01011162,265.7731,6378.5552,0.01011162,265.7731,265.7731,265.7731,332.2164,332.2164,6378.5552,0.01011162,1461.7522,1339.0033,5182.5761,5305.325,0.00821569,0.00841028,0.00042132,144.3512,141.7025,1.6297,93.5821,10.0216,8884.7126,57.4225,158.2289,140.3023,51.4311,102.8621,129.7286,258.1778,514.3107,1008.3546,77.1466,0.0,5.0,9.802971,1.403346,17,104,92,7,0.24757185,0.01053293,0.02940797,0E-8,0.000000,0.915834,0.000000,-0.02508550,2026-05-12,2026-08-06,71,663,310,87,0.816092,1.127771,1.096139,0.825239,,,,,,,,GLOBAL_BASELINE_NO_ENTITY_RANKING,,,NOT_APPLICABLE_GLOBAL_BASELINE,HF9g-P5,,,,X 全窗基线 · 不参与实体赏罚,14193450,1420,A168_HF9F_20260827_0900,2026-08-27 09:00:00
2026-06-05,137070871,1330,0,2288.1682824596,-318.0754493789,-318.0754493789,0.4583333,26,26,0.50097926923076923,0.500979269231,-0.417843931607509,-0.4178439316097706,-0.417843931607509,-2.3077E-13,ELIGIBLE,R03b_20260811_FULL_v1,L1_ELIGIBILITY,v2026-08-11,2026-03-21..2026-08-06,baccarat_bet02_101_all_pairs_incl_sentinel,round_win = game_pnl > 0 (decisive only),COMPATIBILITY_ONLY_NOT_PRODUCTION,630814.5920,577721.2471,6644.3283,4370,4077,-0.01053293,-0.02940797,-0.00432247,-0.01053293,-6644.3283,630814.5920,OK,0.0000,265.7731,4.0000,96.0000,AG03-UNRESOLVED,ALL5_LEVELS_bet23_to_bet27,265.7731,265.7731,265.7731,332.2164,332.2164,4.000000,4.000000,4.000000,5.000000,5.000000,96.000000,96.000000,96.000000,95.000000,95.000000,5.0,1461.7522,1339.0033,5182.5761,5305.325,PENDING_AG03,FALSE,NOT_FOR_ENFORCEMENT,6378.5552,554612.3973,6644.3283,6378.5552,265.7731,0.01053293,0.01011162,265.7731,6378.5552,0.01011162,265.7731,265.7731,265.7731,332.2164,332.2164,6378.5552,0.01011162,1461.7522,1339.0033,5182.5761,5305.325,0.00821569,0.00841028,0.00042132,144.3512,141.7025,1.6297,93.5821,10.0216,8884.7126,57.4225,158.2289,140.3023,51.4311,102.8621,129.7286,258.1778,514.3107,1008.3546,77.1466,0.0,5.0,9.802971,1.403346,17,104,92,7,0.24757185,0.01053293,0.02940797,0E-8,0.000000,0.915834,0.000000,-0.02508550,2026-05-12,2026-08-06,71,663,310,87,0.816092,1.127771,1.096139,0.825239,,,,,,,,GLOBAL_BASELINE_NO_ENTITY_RANKING,,,NOT_APPLICABLE_GLOBAL_BASELINE,HF9g-P5,,,,X 全窗基线 · 不参与实体赏罚,14193451,1420,A168_HF9F_20260827_0900,2026-08-27 09:00:00
2026-06-05,137070871,1400,0,180.0087432818,-77.1466042636,-77.1466042636,0.5000000,2,2,0.49324550000000000,0.493245500000,0.01910635448239258,0.01910635448239258,0.01910635448239258,0E-17,ELIGIBLE,R03b_20260811_FULL_v1,L1_ELIGIBILITY,v2026-08-11,2026-03-21..2026-08-06,baccarat_bet02_101_all_pairs_incl_sentinel,round_win = game_pnl > 0 (decisive only),COMPATIBILITY_ONLY_NOT_PRODUCTION,630814.5920,577721.2471,6644.3283,4370,4077,-0.01053293,-0.02940797,-0.00432247,-0.01053293,-6644.3283,630814.5920,OK,0.0000,265.7731,4.0000,96.0000,AG03-UNRESOLVED,ALL5_LEVELS_bet23_to_bet27,265.7731,265.7731,265.7731,332.2164,332.2164,4.000000,4.000000,4.000000,5.000000,5.000000,96.000000,96.000000,96.000000,95.000000,95.000000,5.0,1461.7522,1339.0033,5182.5761,5305.325,PENDING_AG03,FALSE,NOT_FOR_ENFORCEMENT,6378.5552,554612.3973,6644.3283,6378.5552,265.7731,0.01053293,0.01011162,265.7731,6378.5552,0.01011162,265.7731,265.7731,265.7731,332.2164,332.2164,6378.5552,0.01011162,1461.7522,1339.0033,5182.5761,5305.325,0.00821569,0.00841028,0.00042132,144.3512,141.7025,1.6297,93.5821,10.0216,8884.7126,57.4225,158.2289,140.3023,51.4311,102.8621,129.7286,258.1778,514.3107,1008.3546,77.1466,0.0,5.0,9.802971,1.403346,17,104,92,7,0.24757185,0.01053293,0.02940797,0E-8,0.000000,0.915834,0.000000,-0.02508550,2026-05-12,2026-08-06,71,663,310,87,0.816092,1.127771,1.096139,0.825239,,,,,,,,GLOBAL_BASELINE_NO_ENTITY_RANKING,,,NOT_APPLICABLE_GLOBAL_BASELINE,HF9g-P5,,,,X 全窗基线 · 不参与实体赏罚,14193452,1420,A168_HF9F_20260827_0900,2026-08-27 09:00:00
2026-06-05,137070871,1704,0,282.8708823000,-282.8708823000,-282.8708823000,0E-7,4,4,0.49994810000000000,0.499948100000,-1.9997924107733216,-1.9997924107733216,-1.9997924107733216,0E-17,ELIGIBLE,R03b_20260811_FULL_v1,L1_ELIGIBILITY,v2026-08-11,2026-03-21..2026-08-06,baccarat_bet02_101_all_pairs_incl_sentinel,round_win = game_pnl > 0 (decisive only),COMPATIBILITY_ONLY_NOT_PRODUCTION,630814.5920,577721.2471,6644.3283,4370,4077,-0.01053293,-0.02940797,-0.00432247,-0.01053293,-6644.3283,630814.5920,OK,0.0000,265.7731,4.0000,96.0000,AG03-UNRESOLVED,ALL5_LEVELS_bet23_to_bet27,265.7731,265.7731,265.7731,332.2164,332.2164,4.000000,4.000000,4.000000,5.000000,5.000000,96.000000,96.000000,96.000000,95.000000,95.000000,5.0,1461.7522,1339.0033,5182.5761,5305.325,PENDING_AG03,FALSE,NOT_FOR_ENFORCEMENT,6378.5552,554612.3973,6644.3283,6378.5552,265.7731,0.01053293,0.01011162,265.7731,6378.5552,0.01011162,265.7731,265.7731,265.7731,332.2164,332.2164,6378.5552,0.01011162,1461.7522,1339.0033,5182.5761,5305.325,0.00821569,0.00841028,0.00042132,144.3512,141.7025,1.6297,93.5821,10.0216,8884.7126,57.4225,158.2289,140.3023,51.4311,102.8621,129.7286,258.1778,514.3107,1008.3546,77.1466,0.0,5.0,9.802971,1.403346,17,104,92,7,0.24757185,0.01053293,0.02940797,0E-8,0.000000,0.915834,0.000000,-0.02508550,2026-05-12,2026-08-06,71,663,310,87,0.816092,1.127771,1.096139,0.825239,,,,,,,,GLOBAL_BASELINE_NO_ENTITY_RANKING,,,NOT_APPLICABLE_GLOBAL_BASELINE,HF9g-P5,,,,X 全窗基线 · 不参与实体赏罚,14193453,1420,A168_HF9F_20260827_0900,2026-08-27 09:00:00
2026-06-05,137070871,1710,0,51.4310695091,48.8595160336,48.8595160336,1.0000000,1,1,0.50665070000000000,0.506650700000,0.9867858985152569,0.9867858985152569,0.9867858985152569,0E-17,ELIGIBLE,R03b_20260811_FULL_v1,L1_ELIGIBILITY,v2026-08-11,2026-03-21..2026-08-06,baccarat_bet02_101_all_pairs_incl_sentinel,round_win = game_pnl > 0 (decisive only),COMPATIBILITY_ONLY_NOT_PRODUCTION,630814.5920,577721.2471,6644.3283,4370,4077,-0.01053293,-0.02940797,-0.00432247,-0.01053293,-6644.3283,630814.5920,OK,0.0000,265.7731,4.0000,96.0000,AG03-UNRESOLVED,ALL5_LEVELS_bet23_to_bet27,265.7731,265.7731,265.7731,332.2164,332.2164,4.000000,4.000000,4.000000,5.000000,5.000000,96.000000,96.000000,96.000000,95.000000,95.000000,5.0,1461.7522,1339.0033,5182.5761,5305.325,PENDING_AG03,FALSE,NOT_FOR_ENFORCEMENT,6378.5552,554612.3973,6644.3283,6378.5552,265.7731,0.01053293,0.01011162,265.7731,6378.5552,0.01011162,265.7731,265.7731,265.7731,332.2164,332.2164,6378.5552,0.01011162,1461.7522,1339.0033,5182.5761,5305.325,0.00821569,0.00841028,0.00042132,144.3512,141.7025,1.6297,93.5821,10.0216,8884.7126,57.4225,158.2289,140.3023,51.4311,102.8621,129.7286,258.1778,514.3107,1008.3546,77.1466,0.0,5.0,9.802971,1.403346,17,104,92,7,0.24757185,0.01053293,0.02940797,0E-8,0.000000,0.915834,0.000000,-0.02508550,2026-05-12,2026-08-06,71,663,310,87,0.816092,1.127771,1.096139,0.825239,,,,,,,,GLOBAL_BASELINE_NO_ENTITY_RANKING,,,NOT_APPLICABLE_GLOBAL_BASELINE,HF9g-P5,,,,X 全窗基线 · 不参与实体赏罚,14193454,1420,A168_HF9F_20260827_0900,2026-08-27 09:00:00
2026-06-05,137070871,1994,0,2468.6913364365,776.6091495872,776.6091495872,0.6470588,21,19,0.49436900964911329,0.487026077193,1.2591923167726422,1.3201083165555858,1.2591923167726422,0.00734293245611329,ELIGIBLE,R03b_20260811_FULL_v1,L1_ELIGIBILITY,v2026-08-11,2026-03-21..2026-08-06,baccarat_bet02_101_all_pairs_incl_sentinel,round_win = game_pnl > 0 (decisive only),COMPATIBILITY_ONLY_NOT_PRODUCTION,630814.5920,577721.2471,6644.3283,4370,4077,-0.01053293,-0.02940797,-0.00432247,-0.01053293,-6644.3283,630814.5920,OK,0.0000,265.7731,4.0000,96.0000,AG03-UNRESOLVED,ALL5_LEVELS_bet23_to_bet27,265.7731,265.7731,265.7731,332.2164,332.2164,4.000000,4.000000,4.000000,5.000000,5.000000,96.000000,96.000000,96.000000,95.000000,95.000000,5.0,1461.7522,1339.0033,5182.5761,5305.325,PENDING_AG03,FALSE,NOT_FOR_ENFORCEMENT,6378.5552,554612.3973,6644.3283,6378.5552,265.7731,0.01053293,0.01011162,265.7731,6378.5552,0.01011162,265.7731,265.7731,265.7731,332.2164,332.2164,6378.5552,0.01011162,1461.7522,1339.0033,5182.5761,5305.325,0.00821569,0.00841028,0.00042132,144.3512,141.7025,1.6297,93.5821,10.0216,8884.7126,57.4225,158.2289,140.3023,51.4311,102.8621,129.7286,258.1778,514.3107,1008.3546,77.1466,0.0,5.0,9.802971,1.403346,17,104,92,7,0.24757185,0.01053293,0.02940797,0E-8,0.000000,0.915834,0.000000,-0.02508550,2026-05-12,2026-08-06,71,663,310,87,0.816092,1.127771,1.096139,0.825239,,,,,,,,GLOBAL_BASELINE_NO_ENTITY_RANKING,,,NOT_APPLICABLE_GLOBAL_BASELINE,HF9g-P5,,,,X 全窗基线 · 不参与实体赏罚,14193455,1420,A168_HF9F_20260827_0900,2026-08-27 09:00:00
2026-06-05,137070871,2101,0,1530.0743178955,187.7234037079,187.7234037079,0.4761905,27,21,0.43810730515872370,0.428141896825,0.3517432809111725,0.4449919912506557,0.3517432809111725,0.00996540833372370,ELIGIBLE,R03b_20260811_FULL_v1,L1_ELIGIBILITY,v2026-08-11,2026-03-21..2026-08-06,baccarat_bet02_101_all_pairs_incl_sentinel,round_win = game_pnl > 0 (decisive only),COMPATIBILITY_ONLY_NOT_PRODUCTION,630814.5920,577721.2471,6644.3283,4370,4077,-0.01053293,-0.02940797,-0.00432247,-0.01053293,-6644.3283,630814.5920,OK,0.0000,265.7731,4.0000,96.0000,AG03-UNRESOLVED,ALL5_LEVELS_bet23_to_bet27,265.7731,265.7731,265.7731,332.2164,332.2164,4.000000,4.000000,4.000000,5.000000,5.000000,96.000000,96.000000,96.000000,95.000000,95.000000,5.0,1461.7522,1339.0033,5182.5761,5305.325,PENDING_AG03,FALSE,NOT_FOR_ENFORCEMENT,6378.5552,554612.3973,6644.3283,6378.5552,265.7731,0.01053293,0.01011162,265.7731,6378.5552,0.01011162,265.7731,265.7731,265.7731,332.2164,332.2164,6378.5552,0.01011162,1461.7522,1339.0033,5182.5761,5305.325,0.00821569,0.00841028,0.00042132,144.3512,141.7025,1.6297,93.5821,10.0216,8884.7126,57.4225,158.2289,140.3023,51.4311,102.8621,129.7286,258.1778,514.3107,1008.3546,77.1466,0.0,5.0,9.802971,1.403346,17,104,92,7,0.24757185,0.01053293,0.02940797,0E-8,0.000000,0.915834,0.000000,-0.02508550,2026-05-12,2026-08-06,71,663,310,87,0.816092,1.127771,1.096139,0.825239,,,,,,,,GLOBAL_BASELINE_NO_ENTITY_RANKING,,,NOT_APPLICABLE_GLOBAL_BASELINE,HF9g-P5,,,,X 全窗基线 · 不参与实体赏罚,14193456,1420,A168_HF9F_20260827_0900,2026-08-27 09:00:00
2026-06-05,137070871,2142,0,262.2984544964,-108.0052459691,-108.0052459691,0.2000000,6,6,0.43127345000000000,0.431273450000,-1.044197545837518,-1.044197545837518,-1.044197545837518,0E-17,ELIGIBLE,R03b_20260811_FULL_v1,L1_ELIGIBILITY,v2026-08-11,2026-03-21..2026-08-06,baccarat_bet02_101_all_pairs_incl_sentinel,round_win = game_pnl > 0 (decisive only),COMPATIBILITY_ONLY_NOT_PRODUCTION,630814.5920,577721.2471,6644.3283,4370,4077,-0.01053293,-0.02940797,-0.00432247,-0.01053293,-6644.3283,630814.5920,OK,0.0000,265.7731,4.0000,96.0000,AG03-UNRESOLVED,ALL5_LEVELS_bet23_to_bet27,265.7731,265.7731,265.7731,332.2164,332.2164,4.000000,4.000000,4.000000,5.000000,5.000000,96.000000,96.000000,96.000000,95.000000,95.000000,5.0,1461.7522,1339.0033,5182.5761,5305.325,PENDING_AG03,FALSE,NOT_FOR_ENFORCEMENT,6378.5552,554612.3973,6644.3283,6378.5552,265.7731,0.01053293,0.01011162,265.7731,6378.5552,0.01011162,265.7731,265.7731,265.7731,332.2164,332.2164,6378.5552,0.01011162,1461.7522,1339.0033,5182.5761,5305.325,0.00821569,0.00841028,0.00042132,144.3512,141.7025,1.6297,93.5821,10.0216,8884.7126,57.4225,158.2289,140.3023,51.4311,102.8621,129.7286,258.1778,514.3107,1008.3546,77.1466,0.0,5.0,9.802971,1.403346,17,104,92,7,0.24757185,0.01053293,0.02940797,0E-8,0.000000,0.915834,0.000000,-0.02508550,2026-05-12,2026-08-06,71,663,310,87,0.816092,1.127771,1.096139,0.825239,,,,,,,,GLOBAL_BASELINE_NO_ENTITY_RANKING,,,NOT_APPLICABLE_GLOBAL_BASELINE,HF9g-P5,,,,X 全窗基线 · 不参与实体赏罚,14193457,1420,A168_HF9F_20260827_0900,2026-08-27 09:00:00
2026-06-05,137070871,2155,0,185.1518502328,-59.1457299356,-59.1457299356,0.2500000,6,4,0.48865268541637505,0.434658641667,-0.9548566709824619,-0.7450237097296282,-0.9548566709824619,0.05399404374937505,ELIGIBLE,R03b_20260811_FULL_v1,L1_ELIGIBILITY,v2026-08-11,2026-03-21..2026-08-06,baccarat_bet02_101_all_pairs_incl_sentinel,round_win = game_pnl > 0 (decisive only),COMPATIBILITY_ONLY_NOT_PRODUCTION,630814.5920,577721.2471,6644.3283,4370,4077,-0.01053293,-0.02940797,-0.00432247,-0.01053293,-6644.3283,630814.5920,OK,0.0000,265.7731,4.0000,96.0000,AG03-UNRESOLVED,ALL5_LEVELS_bet23_to_bet27,265.7731,265.7731,265.7731,332.2164,332.2164,4.000000,4.000000,4.000000,5.000000,5.000000,96.000000,96.000000,96.000000,95.000000,95.000000,5.0,1461.7522,1339.0033,5182.5761,5305.325,PENDING_AG03,FALSE,NOT_FOR_ENFORCEMENT,6378.5552,554612.3973,6644.3283,6378.5552,265.7731,0.01053293,0.01011162,265.7731,6378.5552,0.01011162,265.7731,265.7731,265.7731,332.2164,332.2164,6378.5552,0.01011162,1461.7522,1339.0033,5182.5761,5305.325,0.00821569,0.00841028,0.00042132,144.3512,141.7025,1.6297,93.5821,10.0216,8884.7126,57.4225,158.2289,140.3023,51.4311,102.8621,129.7286,258.1778,514.3107,1008.3546,77.1466,0.0,5.0,9.802971,1.403346,17,104,92,7,0.24757185,0.01053293,0.02940797,0E-8,0.000000,0.915834,0.000000,-0.02508550,2026-05-12,2026-08-06,71,663,310,87,0.816092,1.127771,1.096139,0.825239,,,,,,,,GLOBAL_BASELINE_NO_ENTITY_RANKING,,,NOT_APPLICABLE_GLOBAL_BASELINE,HF9g-P5,,,,X 全窗基线 · 不参与实体赏罚,14193458,1420,A168_HF9F_20260827_0900,2026-08-27 09:00:00
2026-06-05,137070871,2169,0,3519.1709311590,596.7932728164,596.7932728164,0.5625000,38,34,0.49418619782913037,0.485242992157,0.7729346968273358,0.8744442033839412,0.7729346968273358,0.00894320567213037,ELIGIBLE,R03b_20260811_FULL_v1,L1_ELIGIBILITY,v2026-08-11,2026-03-21..2026-08-06,baccarat_bet02_101_all_pairs_incl_sentinel,round_win = game_pnl > 0 (decisive only),COMPATIBILITY_ONLY_NOT_PRODUCTION,630814.5920,577721.2471,6644.3283,4370,4077,-0.01053293,-0.02940797,-0.00432247,-0.01053293,-6644.3283,630814.5920,OK,0.0000,265.7731,4.0000,96.0000,AG03-UNRESOLVED,ALL5_LEVELS_bet23_to_bet27,265.7731,265.7731,265.7731,332.2164,332.2164,4.000000,4.000000,4.000000,5.000000,5.000000,96.000000,96.000000,96.000000,95.000000,95.000000,5.0,1461.7522,1339.0033,5182.5761,5305.325,PENDING_AG03,FALSE,NOT_FOR_ENFORCEMENT,6378.5552,554612.3973,6644.3283,6378.5552,265.7731,0.01053293,0.01011162,265.7731,6378.5552,0.01011162,265.7731,265.7731,265.7731,332.2164,332.2164,6378.5552,0.01011162,1461.7522,1339.0033,5182.5761,5305.325,0.00821569,0.00841028,0.00042132,144.3512,141.7025,1.6297,93.5821,10.0216,8884.7126,57.4225,158.2289,140.3023,51.4311,102.8621,129.7286,258.1778,514.3107,1008.3546,77.1466,0.0,5.0,9.802971,1.403346,17,104,92,7,0.24757185,0.01053293,0.02940797,0E-8,0.000000,0.915834,0.000000,-0.02508550,2026-05-12,2026-08-06,71,663,310,87,0.816092,1.127771,1.096139,0.825239,,,,,,,,GLOBAL_BASELINE_NO_ENTITY_RANKING,,,NOT_APPLICABLE_GLOBAL_BASELINE,HF9g-P5,,,,X 全窗基线 · 不参与实体赏罚,14193459,1420,A168_HF9F_20260827_0900,2026-08-27 09:00:00
2026-06-05,137070871,2170,0,488.5951603364,25.7155347546,25.7155347546,0.2500000,4,4,0.49659680000000000,0.496596800000,-0.9864100490137353,-0.9864100490137354,-0.9864100490137353,0E-17,ELIGIBLE,R03b_20260811_FULL_v1,L1_ELIGIBILITY,v2026-08-11,2026-03-21..2026-08-06,baccarat_bet02_101_all_pairs_incl_sentinel,round_win = game_pnl > 0 (decisive only),COMPATIBILITY_ONLY_NOT_PRODUCTION,630814.5920,577721.2471,6644.3283,4370,4077,-0.01053293,-0.02940797,-0.00432247,-0.01053293,-6644.3283,630814.5920,OK,0.0000,265.7731,4.0000,96.0000,AG03-UNRESOLVED,ALL5_LEVELS_bet23_to_bet27,265.7731,265.7731,265.7731,332.2164,332.2164,4.000000,4.000000,4.000000,5.000000,5.000000,96.000000,96.000000,96.000000,95.000000,95.000000,5.0,1461.7522,1339.0033,5182.5761,5305.325,PENDING_AG03,FALSE,NOT_FOR_ENFORCEMENT,6378.5552,554612.3973,6644.3283,6378.5552,265.7731,0.01053293,0.01011162,265.7731,6378.5552,0.01011162,265.7731,265.7731,265.7731,332.2164,332.2164,6378.5552,0.01011162,1461.7522,1339.0033,5182.5761,5305.325,0.00821569,0.00841028,0.00042132,144.3512,141.7025,1.6297,93.5821,10.0216,8884.7126,57.4225,158.2289,140.3023,51.4311,102.8621,129.7286,258.1778,514.3107,1008.3546,77.1466,0.0,5.0,9.802971,1.403346,17,104,92,7,0.24757185,0.01053293,0.02940797,0E-8,0.000000,0.915834,0.000000,-0.02508550,2026-05-12,2026-08-06,71,663,310,87,0.816092,1.127771,1.096139,0.825239,,,,,,,,GLOBAL_BASELINE_NO_ENTITY_RANKING,,,NOT_APPLICABLE_GLOBAL_BASELINE,HF9g-P5,,,,X 全窗基线 · 不参与实体赏罚,14193460,1420,A168_HF9F_20260827_0900,2026-08-27 09:00:00
2026-06-05,137070871,2177,0,617.1728341090,241.7260266927,241.7260266927,0.6666667,6,6,0.50441650000000000,0.504416500000,0.7948912480929629,0.7948912480929629,0.7948912480929629,0E-17,ELIGIBLE,R03b_20260811_FULL_v1,L1_ELIGIBILITY,v2026-08-11,2026-03-21..2026-08-06,baccarat_bet02_101_all_pairs_incl_sentinel,round_win = game_pnl > 0 (decisive only),COMPATIBILITY_ONLY_NOT_PRODUCTION,630814.5920,577721.2471,6644.3283,4370,4077,-0.01053293,-0.02940797,-0.00432247,-0.01053293,-6644.3283,630814.5920,OK,0.0000,265.7731,4.0000,96.0000,AG03-UNRESOLVED,ALL5_LEVELS_bet23_to_bet27,265.7731,265.7731,265.7731,332.2164,332.2164,4.000000,4.000000,4.000000,5.000000,5.000000,96.000000,96.000000,96.000000,95.000000,95.000000,5.0,1461.7522,1339.0033,5182.5761,5305.325,PENDING_AG03,FALSE,NOT_FOR_ENFORCEMENT,6378.5552,554612.3973,6644.3283,6378.5552,265.7731,0.01053293,0.01011162,265.7731,6378.5552,0.01011162,265.7731,265.7731,265.7731,332.2164,332.2164,6378.5552,0.01011162,1461.7522,1339.0033,5182.5761,5305.325,0.00821569,0.00841028,0.00042132,144.3512,141.7025,1.6297,93.5821,10.0216,8884.7126,57.4225,158.2289,140.3023,51.4311,102.8621,129.7286,258.1778,514.3107,1008.3546,77.1466,0.0,5.0,9.802971,1.403346,17,104,92,7,0.24757185,0.01053293,0.02940797,0E-8,0.000000,0.915834,0.000000,-0.02508550,2026-05-12,2026-08-06,71,663,310,87,0.816092,1.127771,1.096139,0.825239,,,,,,,,GLOBAL_BASELINE_NO_ENTITY_RANKING,,,NOT_APPLICABLE_GLOBAL_BASELINE,HF9g-P5,,,,X 全窗基线 · 不参与实体赏罚,14193461,1420,A168_HF9F_20260827_0900,2026-08-27 09:00:00
2026-06-05,137070871,2223,0,360.0174865636,-308.5864170545,-308.5864170545,0E-7,5,5,0.50128862000000000,0.501288620000,-2.005161139317648,-2.005161139317648,-2.005161139317648,0E-17,ELIGIBLE,R03b_20260811_FULL_v1,L1_ELIGIBILITY,v2026-08-11,2026-03-21..2026-08-06,baccarat_bet02_101_all_pairs_incl_sentinel,round_win = game_pnl > 0 (decisive only),COMPATIBILITY_ONLY_NOT_PRODUCTION,630814.5920,577721.2471,6644.3283,4370,4077,-0.01053293,-0.02940797,-0.00432247,-0.01053293,-6644.3283,630814.5920,OK,0.0000,265.7731,4.0000,96.0000,AG03-UNRESOLVED,ALL5_LEVELS_bet23_to_bet27,265.7731,265.7731,265.7731,332.2164,332.2164,4.000000,4.000000,4.000000,5.000000,5.000000,96.000000,96.000000,96.000000,95.000000,95.000000,5.0,1461.7522,1339.0033,5182.5761,5305.325,PENDING_AG03,FALSE,NOT_FOR_ENFORCEMENT,6378.5552,554612.3973,6644.3283,6378.5552,265.7731,0.01053293,0.01011162,265.7731,6378.5552,0.01011162,265.7731,265.7731,265.7731,332.2164,332.2164,6378.5552,0.01011162,1461.7522,1339.0033,5182.5761,5305.325,0.00821569,0.00841028,0.00042132,144.3512,141.7025,1.6297,93.5821,10.0216,8884.7126,57.4225,158.2289,140.3023,51.4311,102.8621,129.7286,258.1778,514.3107,1008.3546,77.1466,0.0,5.0,9.802971,1.403346,17,104,92,7,0.24757185,0.01053293,0.02940797,0E-8,0.000000,0.915834,0.000000,-0.02508550,2026-05-12,2026-08-06,71,663,310,87,0.816092,1.127771,1.096139,0.825239,,,,,,,,GLOBAL_BASELINE_NO_ENTITY_RANKING,,,NOT_APPLICABLE_GLOBAL_BASELINE,HF9g-P5,,,,X 全窗基线 · 不参与实体赏罚,14193462,1420,A168_HF9F_20260827_0900,2026-08-27 09:00:00
2026-06-05,137070871,2233,0,705.8914290122,528.4542392060,528.4542392060,0.8333333,9,6,0.41623303588515957,0.391373219445,2.07266013465492,2.218133191631784,2.07266013465492,0.02485981644015957,ELIGIBLE,R03b_20260811_FULL_v1,L1_ELIGIBILITY,v2026-08-11,2026-03-21..2026-08-06,baccarat_bet02_101_all_pairs_incl_sentinel,round_win = game_pnl > 0 (decisive only),COMPATIBILITY_ONLY_NOT_PRODUCTION,630814.5920,577721.2471,6644.3283,4370,4077,-0.01053293,-0.02940797,-0.00432247,-0.01053293,-6644.3283,630814.5920,OK,0.0000,265.7731,4.0000,96.0000,AG03-UNRESOLVED,ALL5_LEVELS_bet23_to_bet27,265.7731,265.7731,265.7731,332.2164,332.2164,4.000000,4.000000,4.000000,5.000000,5.000000,96.000000,96.000000,96.000000,95.000000,95.000000,5.0,1461.7522,1339.0033,5182.5761,5305.325,PENDING_AG03,FALSE,NOT_FOR_ENFORCEMENT,6378.5552,554612.3973,6644.3283,6378.5552,265.7731,0.01053293,0.01011162,265.7731,6378.5552,0.01011162,265.7731,265.7731,265.7731,332.2164,332.2164,6378.5552,0.01011162,1461.7522,1339.0033,5182.5761,5305.325,0.00821569,0.00841028,0.00042132,144.3512,141.7025,1.6297,93.5821,10.0216,8884.7126,57.4225,158.2289,140.3023,51.4311,102.8621,129.7286,258.1778,514.3107,1008.3546,77.1466,0.0,5.0,9.802971,1.403346,17,104,92,7,0.24757185,0.01053293,0.02940797,0E-8,0.000000,0.915834,0.000000,-0.02508550,2026-05-12,2026-08-06,71,663,310,87,0.816092,1.127771,1.096139,0.825239,,,,,,,,GLOBAL_BASELINE_NO_ENTITY_RANKING,,,NOT_APPLICABLE_GLOBAL_BASELINE,HF9g-P5,,,,X 全窗基线 · 不参与实体赏罚,14193463,1420,A168_HF9F_20260827_0900,2026-08-27 09:00:00
2026-06-05,137070871,2235,0,385.7330213182,366.4463702523,366.4463702523,1.0000000,2,2,0.50665070000000000,0.506650700000,1.3955260008387969,1.3955260008387969,1.3955260008387969,0E-17,ELIGIBLE,R03b_20260811_FULL_v1,L1_ELIGIBILITY,v2026-08-11,2026-03-21..2026-08-06,baccarat_bet02_101_all_pairs_incl_sentinel,round_win = game_pnl > 0 (decisive only),COMPATIBILITY_ONLY_NOT_PRODUCTION,630814.5920,577721.2471,6644.3283,4370,4077,-0.01053293,-0.02940797,-0.00432247,-0.01053293,-6644.3283,630814.5920,OK,0.0000,265.7731,4.0000,96.0000,AG03-UNRESOLVED,ALL5_LEVELS_bet23_to_bet27,265.7731,265.7731,265.7731,332.2164,332.2164,4.000000,4.000000,4.000000,5.000000,5.000000,96.000000,96.000000,96.000000,95.000000,95.000000,5.0,1461.7522,1339.0033,5182.5761,5305.325,PENDING_AG03,FALSE,NOT_FOR_ENFORCEMENT,6378.5552,554612.3973,6644.3283,6378.5552,265.7731,0.01053293,0.01011162,265.7731,6378.5552,0.01011162,265.7731,265.7731,265.7731,332.2164,332.2164,6378.5552,0.01011162,1461.7522,1339.0033,5182.5761,5305.325,0.00821569,0.00841028,0.00042132,144.3512,141.7025,1.6297,93.5821,10.0216,8884.7126,57.4225,158.2289,140.3023,51.4311,102.8621,129.7286,258.1778,514.3107,1008.3546,77.1466,0.0,5.0,9.802971,1.403346,17,104,92,7,0.24757185,0.01053293,0.02940797,0E-8,0.000000,0.915834,0.000000,-0.02508550,2026-05-12,2026-08-06,71,663,310,87,0.816092,1.127771,1.096139,0.825239,,,,,,,,GLOBAL_BASELINE_NO_ENTITY_RANKING,,,NOT_APPLICABLE_GLOBAL_BASELINE,HF9g-P5,,,,X 全窗基线 · 不参与实体赏罚,14193464,1420,A168_HF9F_20260827_0900,2026-08-27 09:00:00
2026-06-05,137070871,2246,0,154.2932085271,-54.0026229845,-54.0026229845,0.4000000,5,5,0.50128862000000000,0.501288620000,-0.4529779837142727,-0.4529779837142727,-0.4529779837142727,0E-17,ELIGIBLE,R03b_20260811_FULL_v1,L1_ELIGIBILITY,v2026-08-11,2026-03-21..2026-08-06,baccarat_bet02_101_all_pairs_incl_sentinel,round_win = game_pnl > 0 (decisive only),COMPATIBILITY_ONLY_NOT_PRODUCTION,630814.5920,577721.2471,6644.3283,4370,4077,-0.01053293,-0.02940797,-0.00432247,-0.01053293,-6644.3283,630814.5920,OK,0.0000,265.7731,4.0000,96.0000,AG03-UNRESOLVED,ALL5_LEVELS_bet23_to_bet27,265.7731,265.7731,265.7731,332.2164,332.2164,4.000000,4.000000,4.000000,5.000000,5.000000,96.000000,96.000000,96.000000,95.000000,95.000000,5.0,1461.7522,1339.0033,5182.5761,5305.325,PENDING_AG03,FALSE,NOT_FOR_ENFORCEMENT,6378.5552,554612.3973,6644.3283,6378.5552,265.7731,0.01053293,0.01011162,265.7731,6378.5552,0.01011162,265.7731,265.7731,265.7731,332.2164,332.2164,6378.5552,0.01011162,1461.7522,1339.0033,5182.5761,5305.325,0.00821569,0.00841028,0.00042132,144.3512,141.7025,1.6297,93.5821,10.0216,8884.7126,57.4225,158.2289,140.3023,51.4311,102.8621,129.7286,258.1778,514.3107,1008.3546,77.1466,0.0,5.0,9.802971,1.403346,17,104,92,7,0.24757185,0.01053293,0.02940797,0E-8,0.000000,0.915834,0.000000,-0.02508550,2026-05-12,2026-08-06,71,663,310,87,0.816092,1.127771,1.096139,0.825239,,,,,,,,GLOBAL_BASELINE_NO_ENTITY_RANKING,,,NOT_APPLICABLE_GLOBAL_BASELINE,HF9g-P5,,,,X 全窗基线 · 不参与实体赏罚,14193465,1420,A168_HF9F_20260827_0900,2026-08-27 09:00:00
2026-06-05,137070871,2251,0,1452.9277136318,-443.5929745161,-443.5929745161,0.3888889,26,18,0.41842570425421849,0.397215175926,-0.2540318325560616,-0.07219274572951041,-0.2540318325560616,0.02121052832821849,ELIGIBLE,R03b_20260811_FULL_v1,L1_ELIGIBILITY,v2026-08-11,2026-03-21..2026-08-06,baccarat_bet02_101_all_pairs_incl_sentinel,round_win = game_pnl > 0 (decisive only),COMPATIBILITY_ONLY_NOT_PRODUCTION,630814.5920,577721.2471,6644.3283,4370,4077,-0.01053293,-0.02940797,-0.00432247,-0.01053293,-6644.3283,630814.5920,OK,0.0000,265.7731,4.0000,96.0000,AG03-UNRESOLVED,ALL5_LEVELS_bet23_to_bet27,265.7731,265.7731,265.7731,332.2164,332.2164,4.000000,4.000000,4.000000,5.000000,5.000000,96.000000,96.000000,96.000000,95.000000,95.000000,5.0,1461.7522,1339.0033,5182.5761,5305.325,PENDING_AG03,FALSE,NOT_FOR_ENFORCEMENT,6378.5552,554612.3973,6644.3283,6378.5552,265.7731,0.01053293,0.01011162,265.7731,6378.5552,0.01011162,265.7731,265.7731,265.7731,332.2164,332.2164,6378.5552,0.01011162,1461.7522,1339.0033,5182.5761,5305.325,0.00821569,0.00841028,0.00042132,144.3512,141.7025,1.6297,93.5821,10.0216,8884.7126,57.4225,158.2289,140.3023,51.4311,102.8621,129.7286,258.1778,514.3107,1008.3546,77.1466,0.0,5.0,9.802971,1.403346,17,104,92,7,0.24757185,0.01053293,0.02940797,0E-8,0.000000,0.915834,0.000000,-0.02508550,2026-05-12,2026-08-06,71,663,310,87,0.816092,1.127771,1.096139,0.825239,,,,,,,,GLOBAL_BASELINE_NO_ENTITY_RANKING,,,NOT_APPLICABLE_GLOBAL_BASELINE,HF9g-P5,,,,X 全窗基线 · 不参与实体赏罚,14193466,1420,A168_HF9F_20260827_0900,2026-08-27 09:00:00
2026-06-05,137070871,526,0,51.4310695091,-51.4310695091,-51.4310695091,0E-7,1,1,0.50665070000000000,0.506650700000,-1.013391052207602,-1.013391052207602,-1.013391052207602,0E-17,ELIGIBLE,R03b_20260811_FULL_v1,L1_ELIGIBILITY,v2026-08-11,2026-03-21..2026-08-06,baccarat_bet02_101_all_pairs_incl_sentinel,round_win = game_pnl > 0 (decisive only),COMPATIBILITY_ONLY_NOT_PRODUCTION,630814.5920,577721.2471,6644.3283,4370,4077,-0.01053293,-0.02940797,-0.00432247,-0.01053293,-6644.3283,630814.5920,OK,0.0000,265.7731,4.0000,96.0000,AG03-UNRESOLVED,ALL5_LEVELS_bet23_to_bet27,265.7731,265.7731,265.7731,332.2164,332.2164,4.000000,4.000000,4.000000,5.000000,5.000000,96.000000,96.000000,96.000000,95.000000,95.000000,5.0,1461.7522,1339.0033,5182.5761,5305.325,PENDING_AG03,FALSE,NOT_FOR_ENFORCEMENT,6378.5552,554612.3973,6644.3283,6378.5552,265.7731,0.01053293,0.01011162,265.7731,6378.5552,0.01011162,265.7731,265.7731,265.7731,332.2164,332.2164,6378.5552,0.01011162,1461.7522,1339.0033,5182.5761,5305.325,0.00821569,0.00841028,0.00042132,144.3512,141.7025,1.6297,93.5821,10.0216,8884.7126,57.4225,158.2289,140.3023,51.4311,102.8621,129.7286,258.1778,514.3107,1008.3546,77.1466,0.0,5.0,9.802971,1.403346,17,104,92,7,0.24757185,0.01053293,0.02940797,0E-8,0.000000,0.915834,0.000000,-0.02508550,2026-05-12,2026-08-06,71,663,310,87,0.816092,1.127771,1.096139,0.825239,,,,,,,,GLOBAL_BASELINE_NO_ENTITY_RANKING,,,NOT_APPLICABLE_GLOBAL_BASELINE,HF9g-P5,,,,X 全窗基线 · 不参与实体赏罚,14193467,1420,A168_HF9F_20260827_0900,2026-08-27 09:00:00
2026-06-06,137070871,1306,0,282.8708823000,-154.2932085273,-154.2932085273,0E-7,3,3,0.50665070000000000,0.506650700000,-1.4331513700195317,-1.4331513700195317,-1.4331513700195317,0E-17,ELIGIBLE,R03b_20260811_FULL_v1,L1_ELIGIBILITY,v2026-08-11,2026-03-21..2026-08-06,baccarat_bet02_101_all_pairs_incl_sentinel,round_win = game_pnl > 0 (decisive only),COMPATIBILITY_ONLY_NOT_PRODUCTION,630814.5920,577721.2471,6644.3283,4370,4077,-0.01053293,-0.02940797,-0.00432247,-0.01053293,-6644.3283,630814.5920,OK,0.0000,265.7731,4.0000,96.0000,AG03-UNRESOLVED,ALL5_LEVELS_bet23_to_bet27,265.7731,265.7731,265.7731,332.2164,332.2164,4.000000,4.000000,4.000000,5.000000,5.000000,96.000000,96.000000,96.000000,95.000000,95.000000,5.0,1461.7522,1339.0033,5182.5761,5305.325,PENDING_AG03,FALSE,NOT_FOR_ENFORCEMENT,6378.5552,554612.3973,6644.3283,6378.5552,265.7731,0.01053293,0.01011162,265.7731,6378.5552,0.01011162,265.7731,265.7731,265.7731,332.2164,332.2164,6378.5552,0.01011162,1461.7522,1339.0033,5182.5761,5305.325,0.00821569,0.00841028,0.00042132,144.3512,141.7025,1.6297,93.5821,10.0216,8884.7126,57.4225,158.2289,140.3023,51.4311,102.8621,129.7286,258.1778,514.3107,1008.3546,77.1466,0.0,5.0,9.802971,1.403346,17,104,92,7,0.24757185,0.01053293,0.02940797,0E-8,0.000000,0.915834,0.000000,-0.02508550,2026-05-12,2026-08-06,71,663,310,87,0.816092,1.127771,1.096139,0.825239,,,,,,,,GLOBAL_BASELINE_NO_ENTITY_RANKING,,,NOT_APPLICABLE_GLOBAL_BASELINE,HF9g-P5,,,,X 全窗基线 · 不参与实体赏罚,14193468,1420,A168_HF9F_20260827_0900,2026-08-27 09:00:00
2026-06-06,137070871,1318,0,2433.2038984751,663.7179520149,663.7179520149,0.6250000,9,9,0.50069283333333333,0.500692833333,0.70318819908704,0.7031881990889248,0.70318819908704,3.3333E-13,ELIGIBLE,R03b_20260811_FULL_v1,L1_ELIGIBILITY,v2026-08-11,2026-03-21..2026-08-06,baccarat_bet02_101_all_pairs_incl_sentinel,round_win = game_pnl > 0 (decisive only),COMPATIBILITY_ONLY_NOT_PRODUCTION,630814.5920,577721.2471,6644.3283,4370,4077,-0.01053293,-0.02940797,-0.00432247,-0.01053293,-6644.3283,630814.5920,OK,0.0000,265.7731,4.0000,96.0000,AG03-UNRESOLVED,ALL5_LEVELS_bet23_to_bet27,265.7731,265.7731,265.7731,332.2164,332.2164,4.000000,4.000000,4.000000,5.000000,5.000000,96.000000,96.000000,96.000000,95.000000,95.000000,5.0,1461.7522,1339.0033,5182.5761,5305.325,PENDING_AG03,FALSE,NOT_FOR_ENFORCEMENT,6378.5552,554612.3973,6644.3283,6378.5552,265.7731,0.01053293,0.01011162,265.7731,6378.5552,0.01011162,265.7731,265.7731,265.7731,332.2164,332.2164,6378.5552,0.01011162,1461.7522,1339.0033,5182.5761,5305.325,0.00821569,0.00841028,0.00042132,144.3512,141.7025,1.6297,93.5821,10.0216,8884.7126,57.4225,158.2289,140.3023,51.4311,102.8621,129.7286,258.1778,514.3107,1008.3546,77.1466,0.0,5.0,9.802971,1.403346,17,104,92,7,0.24757185,0.01053293,0.02940797,0E-8,0.000000,0.915834,0.000000,-0.02508550,2026-05-12,2026-08-06,71,663,310,87,0.816092,1.127771,1.096139,0.825239,,,,,,,,GLOBAL_BASELINE_NO_ENTITY_RANKING,,,NOT_APPLICABLE_GLOBAL_BASELINE,HF9g-P5,,,,X 全窗基线 · 不参与实体赏罚,14193469,1420,A168_HF9F_20260827_0900,2026-08-27 09:00:00
2026-06-06,137070871,1331,0,51.4310695091,48.8595160336,48.8595160336,1.0000000,1,1,0.50665070000000000,0.506650700000,0.9867858985152569,0.9867858985152569,0.9867858985152569,0E-17,ELIGIBLE,R03b_20260811_FULL_v1,L1_ELIGIBILITY,v2026-08-11,2026-03-21..2026-08-06,baccarat_bet02_101_all_pairs_incl_sentinel,round_win = game_pnl > 0 (decisive only),COMPATIBILITY_ONLY_NOT_PRODUCTION,630814.5920,577721.2471,6644.3283,4370,4077,-0.01053293,-0.02940797,-0.00432247,-0.01053293,-6644.3283,630814.5920,OK,0.0000,265.7731,4.0000,96.0000,AG03-UNRESOLVED,ALL5_LEVELS_bet23_to_bet27,265.7731,265.7731,265.7731,332.2164,332.2164,4.000000,4.000000,4.000000,5.000000,5.000000,96.000000,96.000000,96.000000,95.000000,95.000000,5.0,1461.7522,1339.0033,5182.5761,5305.325,PENDING_AG03,FALSE,NOT_FOR_ENFORCEMENT,6378.5552,554612.3973,6644.3283,6378.5552,265.7731,0.01053293,0.01011162,265.7731,6378.5552,0.01011162,265.7731,265.7731,265.7731,332.2164,332.2164,6378.5552,0.01011162,1461.7522,1339.0033,5182.5761,5305.325,0.00821569,0.00841028,0.00042132,144.3512,141.7025,1.6297,93.5821,10.0216,8884.7126,57.4225,158.2289,140.3023,51.4311,102.8621,129.7286,258.1778,514.3107,1008.3546,77.1466,0.0,5.0,9.802971,1.403346,17,104,92,7,0.24757185,0.01053293,0.02940797,0E-8,0.000000,0.915834,0.000000,-0.02508550,2026-05-12,2026-08-06,71,663,310,87,0.816092,1.127771,1.096139,0.825239,,,,,,,,GLOBAL_BASELINE_NO_ENTITY_RANKING,,,NOT_APPLICABLE_GLOBAL_BASELINE,HF9g-P5,,,,X 全窗基线 · 不参与实体赏罚,14193470,1420,A168_HF9F_20260827_0900,2026-08-27 09:00:00
2026-06-06,137070871,1400,0,1735.7985959320,-203.1527245611,-203.1527245611,0.4444444,24,22,0.48122481212121212,0.481224812121,-0.3123120312359796,-0.3123120312341835,-0.3123120312359796,2.1212E-13,ELIGIBLE,R03b_20260811_FULL_v1,L1_ELIGIBILITY,v2026-08-11,2026-03-21..2026-08-06,baccarat_bet02_101_all_pairs_incl_sentinel,round_win = game_pnl > 0 (decisive only),COMPATIBILITY_ONLY_NOT_PRODUCTION,630814.5920,577721.2471,6644.3283,4370,4077,-0.01053293,-0.02940797,-0.00432247,-0.01053293,-6644.3283,630814.5920,OK,0.0000,265.7731,4.0000,96.0000,AG03-UNRESOLVED,ALL5_LEVELS_bet23_to_bet27,265.7731,265.7731,265.7731,332.2164,332.2164,4.000000,4.000000,4.000000,5.000000,5.000000,96.000000,96.000000,96.000000,95.000000,95.000000,5.0,1461.7522,1339.0033,5182.5761,5305.325,PENDING_AG03,FALSE,NOT_FOR_ENFORCEMENT,6378.5552,554612.3973,6644.3283,6378.5552,265.7731,0.01053293,0.01011162,265.7731,6378.5552,0.01011162,265.7731,265.7731,265.7731,332.2164,332.2164,6378.5552,0.01011162,1461.7522,1339.0033,5182.5761,5305.325,0.00821569,0.00841028,0.00042132,144.3512,141.7025,1.6297,93.5821,10.0216,8884.7126,57.4225,158.2289,140.3023,51.4311,102.8621,129.7286,258.1778,514.3107,1008.3546,77.1466,0.0,5.0,9.802971,1.403346,17,104,92,7,0.24757185,0.01053293,0.02940797,0E-8,0.000000,0.915834,0.000000,-0.02508550,2026-05-12,2026-08-06,71,663,310,87,0.816092,1.127771,1.096139,0.825239,,,,,,,,GLOBAL_BASELINE_NO_ENTITY_RANKING,,,NOT_APPLICABLE_GLOBAL_BASELINE,HF9g-P5,,,,X 全窗基线 · 不参与实体赏罚,14193471,1420,A168_HF9F_20260827_0900,2026-08-27 09:00:00
2026-06-06,137070871,1505,0,3663.6922364802,78.3038033276,78.3038033276,0.4615385,30,30,0.50262914000000000,0.502629140000,-0.4190501359095082,-0.4190501359095082,-0.4190501359095082,0E-17,ELIGIBLE,R03b_20260811_FULL_v1,L1_ELIGIBILITY,v2026-08-11,2026-03-21..2026-08-06,baccarat_bet02_101_all_pairs_incl_sentinel,round_win = game_pnl > 0 (decisive only),COMPATIBILITY_ONLY_NOT_PRODUCTION,630814.5920,577721.2471,6644.3283,4370,4077,-0.01053293,-0.02940797,-0.00432247,-0.01053293,-6644.3283,630814.5920,OK,0.0000,265.7731,4.0000,96.0000,AG03-UNRESOLVED,ALL5_LEVELS_bet23_to_bet27,265.7731,265.7731,265.7731,332.2164,332.2164,4.000000,4.000000,4.000000,5.000000,5.000000,96.000000,96.000000,96.000000,95.000000,95.000000,5.0,1461.7522,1339.0033,5182.5761,5305.325,PENDING_AG03,FALSE,NOT_FOR_ENFORCEMENT,6378.5552,554612.3973,6644.3283,6378.5552,265.7731,0.01053293,0.01011162,265.7731,6378.5552,0.01011162,265.7731,265.7731,265.7731,332.2164,332.2164,6378.5552,0.01011162,1461.7522,1339.0033,5182.5761,5305.325,0.00821569,0.00841028,0.00042132,144.3512,141.7025,1.6297,93.5821,10.0216,8884.7126,57.4225,158.2289,140.3023,51.4311,102.8621,129.7286,258.1778,514.3107,1008.3546,77.1466,0.0,5.0,9.802971,1.403346,17,104,92,7,0.24757185,0.01053293,0.02940797,0E-8,0.000000,0.915834,0.000000,-0.02508550,2026-05-12,2026-08-06,71,663,310,87,0.816092,1.127771,1.096139,0.825239,,,,,,,,GLOBAL_BASELINE_NO_ENTITY_RANKING,,,NOT_APPLICABLE_GLOBAL_BASELINE,HF9g-P5,,,,X 全窗基线 · 不参与实体赏罚,14193472,1420,A168_HF9F_20260827_0900,2026-08-27 09:00:00
2026-06-06,137070871,1623,0,822.8971121455,57.8599531977,57.8599531977,0.4000000,9,6,0.42265996527775445,0.386663936111,-0.10257295063631687,0.06123455764657743,-0.10257295063631687,0.03599602916675445,ELIGIBLE,R03b_20260811_FULL_v1,L1_ELIGIBILITY,v2026-08-11,2026-03-21..2026-08-06,baccarat_bet02_101_all_pairs_incl_sentinel,round_win = game_pnl > 0 (decisive only),COMPATIBILITY_ONLY_NOT_PRODUCTION,630814.5920,577721.2471,6644.3283,4370,4077,-0.01053293,-0.02940797,-0.00432247,-0.01053293,-6644.3283,630814.5920,OK,0.0000,265.7731,4.0000,96.0000,AG03-UNRESOLVED,ALL5_LEVELS_bet23_to_bet27,265.7731,265.7731,265.7731,332.2164,332.2164,4.000000,4.000000,4.000000,5.000000,5.000000,96.000000,96.000000,96.000000,95.000000,95.000000,5.0,1461.7522,1339.0033,5182.5761,5305.325,PENDING_AG03,FALSE,NOT_FOR_ENFORCEMENT,6378.5552,554612.3973,6644.3283,6378.5552,265.7731,0.01053293,0.01011162,265.7731,6378.5552,0.01011162,265.7731,265.7731,265.7731,332.2164,332.2164,6378.5552,0.01011162,1461.7522,1339.0033,5182.5761,5305.325,0.00821569,0.00841028,0.00042132,144.3512,141.7025,1.6297,93.5821,10.0216,8884.7126,57.4225,158.2289,140.3023,51.4311,102.8621,129.7286,258.1778,514.3107,1008.3546,77.1466,0.0,5.0,9.802971,1.403346,17,104,92,7,0.24757185,0.01053293,0.02940797,0E-8,0.000000,0.915834,0.000000,-0.02508550,2026-05-12,2026-08-06,71,663,310,87,0.816092,1.127771,1.096139,0.825239,,,,,,,,GLOBAL_BASELINE_NO_ENTITY_RANKING,,,NOT_APPLICABLE_GLOBAL_BASELINE,HF9g-P5,,,,X 全窗基线 · 不参与实体赏罚,14193473,1420,A168_HF9F_20260827_0900,2026-08-27 09:00:00
2026-06-06,137070871,1704,0,128.5776737727,122.1487900841,122.1487900841,1.0000000,1,1,0.50665070000000000,0.506650700000,0.9867858985152569,0.9867858985152569,0.9867858985152569,0E-17,ELIGIBLE,R03b_20260811_FULL_v1,L1_ELIGIBILITY,v2026-08-11,2026-03-21..2026-08-06,baccarat_bet02_101_all_pairs_incl_sentinel,round_win = game_pnl > 0 (decisive only),COMPATIBILITY_ONLY_NOT_PRODUCTION,630814.5920,577721.2471,6644.3283,4370,4077,-0.01053293,-0.02940797,-0.00432247,-0.01053293,-6644.3283,630814.5920,OK,0.0000,265.7731,4.0000,96.0000,AG03-UNRESOLVED,ALL5_LEVELS_bet23_to_bet27,265.7731,265.7731,265.7731,332.2164,332.2164,4.000000,4.000000,4.000000,5.000000,5.000000,96.000000,96.000000,96.000000,95.000000,95.000000,5.0,1461.7522,1339.0033,5182.5761,5305.325,PENDING_AG03,FALSE,NOT_FOR_ENFORCEMENT,6378.5552,554612.3973,6644.3283,6378.5552,265.7731,0.01053293,0.01011162,265.7731,6378.5552,0.01011162,265.7731,265.7731,265.7731,332.2164,332.2164,6378.5552,0.01011162,1461.7522,1339.0033,5182.5761,5305.325,0.00821569,0.00841028,0.00042132,144.3512,141.7025,1.6297,93.5821,10.0216,8884.7126,57.4225,158.2289,140.3023,51.4311,102.8621,129.7286,258.1778,514.3107,1008.3546,77.1466,0.0,5.0,9.802971,1.403346,17,104,92,7,0.24757185,0.01053293,0.02940797,0E-8,0.000000,0.915834,0.000000,-0.02508550,2026-05-12,2026-08-06,71,663,310,87,0.816092,1.127771,1.096139,0.825239,,,,,,,,GLOBAL_BASELINE_NO_ENTITY_RANKING,,,NOT_APPLICABLE_GLOBAL_BASELINE,HF9g-P5,,,,X 全窗基线 · 不参与实体赏罚,14193474,1420,A168_HF9F_20260827_0900,2026-08-27 09:00:00
2026-06-06,137070871,1710,0,308.5864170544,-77.1466042636,-77.1466042636,0.3333333,4,4,0.49659680000000000,0.496596800000,-0.5655743394288276,-0.5655743394288276,-0.5655743394288276,0E-17,ELIGIBLE,R03b_20260811_FULL_v1,L1_ELIGIBILITY,v2026-08-11,2026-03-21..2026-08-06,baccarat_bet02_101_all_pairs_incl_sentinel,round_win = game_pnl > 0 (decisive only),COMPATIBILITY_ONLY_NOT_PRODUCTION,630814.5920,577721.2471,6644.3283,4370,4077,-0.01053293,-0.02940797,-0.00432247,-0.01053293,-6644.3283,630814.5920,OK,0.0000,265.7731,4.0000,96.0000,AG03-UNRESOLVED,ALL5_LEVELS_bet23_to_bet27,265.7731,265.7731,265.7731,332.2164,332.2164,4.000000,4.000000,4.000000,5.000000,5.000000,96.000000,96.000000,96.000000,95.000000,95.000000,5.0,1461.7522,1339.0033,5182.5761,5305.325,PENDING_AG03,FALSE,NOT_FOR_ENFORCEMENT,6378.5552,554612.3973,6644.3283,6378.5552,265.7731,0.01053293,0.01011162,265.7731,6378.5552,0.01011162,265.7731,265.7731,265.7731,332.2164,332.2164,6378.5552,0.01011162,1461.7522,1339.0033,5182.5761,5305.325,0.00821569,0.00841028,0.00042132,144.3512,141.7025,1.6297,93.5821,10.0216,8884.7126,57.4225,158.2289,140.3023,51.4311,102.8621,129.7286,258.1778,514.3107,1008.3546,77.1466,0.0,5.0,9.802971,1.403346,17,104,92,7,0.24757185,0.01053293,0.02940797,0E-8,0.000000,0.915834,0.000000,-0.02508550,2026-05-12,2026-08-06,71,663,310,87,0.816092,1.127771,1.096139,0.825239,,,,,,,,GLOBAL_BASELINE_NO_ENTITY_RANKING,,,NOT_APPLICABLE_GLOBAL_BASELINE,HF9g-P5,,,,X 全窗基线 · 不参与实体赏罚,14193475,1420,A168_HF9F_20260827_0900,2026-08-27 09:00:00
2026-06-06,137070871,1940,0,128.5776737727,122.1487900841,122.1487900841,1.0000000,1,1,0.50665070000000000,0.506650700000,0.9867858985152569,0.9867858985152569,0.9867858985152569,0E-17,ELIGIBLE,R03b_20260811_FULL_v1,L1_ELIGIBILITY,v2026-08-11,2026-03-21..2026-08-06,baccarat_bet02_101_all_pairs_incl_sentinel,round_win = game_pnl > 0 (decisive only),COMPATIBILITY_ONLY_NOT_PRODUCTION,630814.5920,577721.2471,6644.3283,4370,4077,-0.01053293,-0.02940797,-0.00432247,-0.01053293,-6644.3283,630814.5920,OK,0.0000,265.7731,4.0000,96.0000,AG03-UNRESOLVED,ALL5_LEVELS_bet23_to_bet27,265.7731,265.7731,265.7731,332.2164,332.2164,4.000000,4.000000,4.000000,5.000000,5.000000,96.000000,96.000000,96.000000,95.000000,95.000000,5.0,1461.7522,1339.0033,5182.5761,5305.325,PENDING_AG03,FALSE,NOT_FOR_ENFORCEMENT,6378.5552,554612.3973,6644.3283,6378.5552,265.7731,0.01053293,0.01011162,265.7731,6378.5552,0.01011162,265.7731,265.7731,265.7731,332.2164,332.2164,6378.5552,0.01011162,1461.7522,1339.0033,5182.5761,5305.325,0.00821569,0.00841028,0.00042132,144.3512,141.7025,1.6297,93.5821,10.0216,8884.7126,57.4225,158.2289,140.3023,51.4311,102.8621,129.7286,258.1778,514.3107,1008.3546,77.1466,0.0,5.0,9.802971,1.403346,17,104,92,7,0.24757185,0.01053293,0.02940797,0E-8,0.000000,0.915834,0.000000,-0.02508550,2026-05-12,2026-08-06,71,663,310,87,0.816092,1.127771,1.096139,0.825239,,,,,,,,GLOBAL_BASELINE_NO_ENTITY_RANKING,,,NOT_APPLICABLE_GLOBAL_BASELINE,HF9g-P5,,,,X 全窗基线 · 不参与实体赏罚,14193476,1420,A168_HF9F_20260827_0900,2026-08-27 09:00:00
2026-06-06,137070871,1994,0,3426.5950060434,734.1785172422,734.1785172422,0.5714286,29,29,0.48643292413793103,0.486432924138,0.8998407013544903,0.8998407013537567,0.8998407013544903,-6.897E-14,ELIGIBLE,R03b_20260811_FULL_v1,L1_ELIGIBILITY,v2026-08-11,2026-03-21..2026-08-06,baccarat_bet02_101_all_pairs_incl_sentinel,round_win = game_pnl > 0 (decisive only),COMPATIBILITY_ONLY_NOT_PRODUCTION,630814.5920,577721.2471,6644.3283,4370,4077,-0.01053293,-0.02940797,-0.00432247,-0.01053293,-6644.3283,630814.5920,OK,0.0000,265.7731,4.0000,96.0000,AG03-UNRESOLVED,ALL5_LEVELS_bet23_to_bet27,265.7731,265.7731,265.7731,332.2164,332.2164,4.000000,4.000000,4.000000,5.000000,5.000000,96.000000,96.000000,96.000000,95.000000,95.000000,5.0,1461.7522,1339.0033,5182.5761,5305.325,PENDING_AG03,FALSE,NOT_FOR_ENFORCEMENT,6378.5552,554612.3973,6644.3283,6378.5552,265.7731,0.01053293,0.01011162,265.7731,6378.5552,0.01011162,265.7731,265.7731,265.7731,332.2164,332.2164,6378.5552,0.01011162,1461.7522,1339.0033,5182.5761,5305.325,0.00821569,0.00841028,0.00042132,144.3512,141.7025,1.6297,93.5821,10.0216,8884.7126,57.4225,158.2289,140.3023,51.4311,102.8621,129.7286,258.1778,514.3107,1008.3546,77.1466,0.0,5.0,9.802971,1.403346,17,104,92,7,0.24757185,0.01053293,0.02940797,0E-8,0.000000,0.915834,0.000000,-0.02508550,2026-05-12,2026-08-06,71,663,310,87,0.816092,1.127771,1.096139,0.825239,,,,,,,,GLOBAL_BASELINE_NO_ENTITY_RANKING,,,NOT_APPLICABLE_GLOBAL_BASELINE,HF9g-P5,,,,X 全窗基线 · 不参与实体赏罚,14193477,1420,A168_HF9F_20260827_0900,2026-08-27 09:00:00
2026-06-06,137070871,2101,0,1767.9430143750,-294.4428729395,-294.4428729395,0.5454545,13,12,0.50098170988372233,0.486689287500,0.2949999865187394,0.389942823469373,0.2949999865187394,0.01429242238372233,ELIGIBLE,R03b_20260811_FULL_v1,L1_ELIGIBILITY,v2026-08-11,2026-03-21..2026-08-06,baccarat_bet02_101_all_pairs_incl_sentinel,round_win = game_pnl > 0 (decisive only),COMPATIBILITY_ONLY_NOT_PRODUCTION,630814.5920,577721.2471,6644.3283,4370,4077,-0.01053293,-0.02940797,-0.00432247,-0.01053293,-6644.3283,630814.5920,OK,0.0000,265.7731,4.0000,96.0000,AG03-UNRESOLVED,ALL5_LEVELS_bet23_to_bet27,265.7731,265.7731,265.7731,332.2164,332.2164,4.000000,4.000000,4.000000,5.000000,5.000000,96.000000,96.000000,96.000000,95.000000,95.000000,5.0,1461.7522,1339.0033,5182.5761,5305.325,PENDING_AG03,FALSE,NOT_FOR_ENFORCEMENT,6378.5552,554612.3973,6644.3283,6378.5552,265.7731,0.01053293,0.01011162,265.7731,6378.5552,0.01011162,265.7731,265.7731,265.7731,332.2164,332.2164,6378.5552,0.01011162,1461.7522,1339.0033,5182.5761,5305.325,0.00821569,0.00841028,0.00042132,144.3512,141.7025,1.6297,93.5821,10.0216,8884.7126,57.4225,158.2289,140.3023,51.4311,102.8621,129.7286,258.1778,514.3107,1008.3546,77.1466,0.0,5.0,9.802971,1.403346,17,104,92,7,0.24757185,0.01053293,0.02940797,0E-8,0.000000,0.915834,0.000000,-0.02508550,2026-05-12,2026-08-06,71,663,310,87,0.816092,1.127771,1.096139,0.825239,,,,,,,,GLOBAL_BASELINE_NO_ENTITY_RANKING,,,NOT_APPLICABLE_GLOBAL_BASELINE,HF9g-P5,,,,X 全窗基线 · 不参与实体赏罚,14193478,1420,A168_HF9F_20260827_0900,2026-08-27 09:00:00
2026-06-06,137070871,2103,0,51.4310695090,0E-10,0E-10,0.5000000,2,2,0.49324550000000000,0.493245500000,0.01910635448239258,0.01910635448239258,0.01910635448239258,0E-17,ELIGIBLE,R03b_20260811_FULL_v1,L1_ELIGIBILITY,v2026-08-11,2026-03-21..2026-08-06,baccarat_bet02_101_all_pairs_incl_sentinel,round_win = game_pnl > 0 (decisive only),COMPATIBILITY_ONLY_NOT_PRODUCTION,630814.5920,577721.2471,6644.3283,4370,4077,-0.01053293,-0.02940797,-0.00432247,-0.01053293,-6644.3283,630814.5920,OK,0.0000,265.7731,4.0000,96.0000,AG03-UNRESOLVED,ALL5_LEVELS_bet23_to_bet27,265.7731,265.7731,265.7731,332.2164,332.2164,4.000000,4.000000,4.000000,5.000000,5.000000,96.000000,96.000000,96.000000,95.000000,95.000000,5.0,1461.7522,1339.0033,5182.5761,5305.325,PENDING_AG03,FALSE,NOT_FOR_ENFORCEMENT,6378.5552,554612.3973,6644.3283,6378.5552,265.7731,0.01053293,0.01011162,265.7731,6378.5552,0.01011162,265.7731,265.7731,265.7731,332.2164,332.2164,6378.5552,0.01011162,1461.7522,1339.0033,5182.5761,5305.325,0.00821569,0.00841028,0.00042132,144.3512,141.7025,1.6297,93.5821,10.0216,8884.7126,57.4225,158.2289,140.3023,51.4311,102.8621,129.7286,258.1778,514.3107,1008.3546,77.1466,0.0,5.0,9.802971,1.403346,17,104,92,7,0.24757185,0.01053293,0.02940797,0E-8,0.000000,0.915834,0.000000,-0.02508550,2026-05-12,2026-08-06,71,663,310,87,0.816092,1.127771,1.096139,0.825239,,,,,,,,GLOBAL_BASELINE_NO_ENTITY_RANKING,,,NOT_APPLICABLE_GLOBAL_BASELINE,HF9g-P5,,,,X 全窗基线 · 不参与实体赏罚,14193479,1420,A168_HF9F_20260827_0900,2026-08-27 09:00:00
2026-06-06,137070871,2142,0,642.8883688637,111.8625761822,111.8625761822,0.5454545,11,11,0.50299473636363636,0.502994736364,0.2816515628482435,0.2816515628458326,0.2816515628482435,-3.6364E-13,ELIGIBLE,R03b_20260811_FULL_v1,L1_ELIGIBILITY,v2026-08-11,2026-03-21..2026-08-06,baccarat_bet02_101_all_pairs_incl_sentinel,round_win = game_pnl > 0 (decisive only),COMPATIBILITY_ONLY_NOT_PRODUCTION,630814.5920,577721.2471,6644.3283,4370,4077,-0.01053293,-0.02940797,-0.00432247,-0.01053293,-6644.3283,630814.5920,OK,0.0000,265.7731,4.0000,96.0000,AG03-UNRESOLVED,ALL5_LEVELS_bet23_to_bet27,265.7731,265.7731,265.7731,332.2164,332.2164,4.000000,4.000000,4.000000,5.000000,5.000000,96.000000,96.000000,96.000000,95.000000,95.000000,5.0,1461.7522,1339.0033,5182.5761,5305.325,PENDING_AG03,FALSE,NOT_FOR_ENFORCEMENT,6378.5552,554612.3973,6644.3283,6378.5552,265.7731,0.01053293,0.01011162,265.7731,6378.5552,0.01011162,265.7731,265.7731,265.7731,332.2164,332.2164,6378.5552,0.01011162,1461.7522,1339.0033,5182.5761,5305.325,0.00821569,0.00841028,0.00042132,144.3512,141.7025,1.6297,93.5821,10.0216,8884.7126,57.4225,158.2289,140.3023,51.4311,102.8621,129.7286,258.1778,514.3107,1008.3546,77.1466,0.0,5.0,9.802971,1.403346,17,104,92,7,0.24757185,0.01053293,0.02940797,0E-8,0.000000,0.915834,0.000000,-0.02508550,2026-05-12,2026-08-06,71,663,310,87,0.816092,1.127771,1.096139,0.825239,,,,,,,,GLOBAL_BASELINE_NO_ENTITY_RANKING,,,NOT_APPLICABLE_GLOBAL_BASELINE,HF9g-P5,,,,X 全窗基线 · 不参与实体赏罚,14193480,1420,A168_HF9F_20260827_0900,2026-08-27 09:00:00
2026-06-06,137070871,2170,0,951.4747859180,-83.5754879522,-83.5754879522,0.5000000,8,8,0.50162375000000000,0.501623750000,-0.009185365523350236,-0.009185365523350236,-0.009185365523350236,0E-17,ELIGIBLE,R03b_20260811_FULL_v1,L1_ELIGIBILITY,v2026-08-11,2026-03-21..2026-08-06,baccarat_bet02_101_all_pairs_incl_sentinel,round_win = game_pnl > 0 (decisive only),COMPATIBILITY_ONLY_NOT_PRODUCTION,630814.5920,577721.2471,6644.3283,4370,4077,-0.01053293,-0.02940797,-0.00432247,-0.01053293,-6644.3283,630814.5920,OK,0.0000,265.7731,4.0000,96.0000,AG03-UNRESOLVED,ALL5_LEVELS_bet23_to_bet27,265.7731,265.7731,265.7731,332.2164,332.2164,4.000000,4.000000,4.000000,5.000000,5.000000,96.000000,96.000000,96.000000,95.000000,95.000000,5.0,1461.7522,1339.0033,5182.5761,5305.325,PENDING_AG03,FALSE,NOT_FOR_ENFORCEMENT,6378.5552,554612.3973,6644.3283,6378.5552,265.7731,0.01053293,0.01011162,265.7731,6378.5552,0.01011162,265.7731,265.7731,265.7731,332.2164,332.2164,6378.5552,0.01011162,1461.7522,1339.0033,5182.5761,5305.325,0.00821569,0.00841028,0.00042132,144.3512,141.7025,1.6297,93.5821,10.0216,8884.7126,57.4225,158.2289,140.3023,51.4311,102.8621,129.7286,258.1778,514.3107,1008.3546,77.1466,0.0,5.0,9.802971,1.403346,17,104,92,7,0.24757185,0.01053293,0.02940797,0E-8,0.000000,0.915834,0.000000,-0.02508550,2026-05-12,2026-08-06,71,663,310,87,0.816092,1.127771,1.096139,0.825239,,,,,,,,GLOBAL_BASELINE_NO_ENTITY_RANKING,,,NOT_APPLICABLE_GLOBAL_BASELINE,HF9g-P5,,,,X 全窗基线 · 不参与实体赏罚,14193481,1420,A168_HF9F_20260827_0900,2026-08-27 09:00:00
2026-06-06,137070871,2171,0,642.8883688635,-263.5842312340,-263.5842312340,0.2500000,5,5,0.50128862000000000,0.501288620000,-1.0051578182180947,-1.0051578182180947,-1.0051578182180947,0E-17,ELIGIBLE,R03b_20260811_FULL_v1,L1_ELIGIBILITY,v2026-08-11,2026-03-21..2026-08-06,baccarat_bet02_101_all_pairs_incl_sentinel,round_win = game_pnl > 0 (decisive only),COMPATIBILITY_ONLY_NOT_PRODUCTION,630814.5920,577721.2471,6644.3283,4370,4077,-0.01053293,-0.02940797,-0.00432247,-0.01053293,-6644.3283,630814.5920,OK,0.0000,265.7731,4.0000,96.0000,AG03-UNRESOLVED,ALL5_LEVELS_bet23_to_bet27,265.7731,265.7731,265.7731,332.2164,332.2164,4.000000,4.000000,4.000000,5.000000,5.000000,96.000000,96.000000,96.000000,95.000000,95.000000,5.0,1461.7522,1339.0033,5182.5761,5305.325,PENDING_AG03,FALSE,NOT_FOR_ENFORCEMENT,6378.5552,554612.3973,6644.3283,6378.5552,265.7731,0.01053293,0.01011162,265.7731,6378.5552,0.01011162,265.7731,265.7731,265.7731,332.2164,332.2164,6378.5552,0.01011162,1461.7522,1339.0033,5182.5761,5305.325,0.00821569,0.00841028,0.00042132,144.3512,141.7025,1.6297,93.5821,10.0216,8884.7126,57.4225,158.2289,140.3023,51.4311,102.8621,129.7286,258.1778,514.3107,1008.3546,77.1466,0.0,5.0,9.802971,1.403346,17,104,92,7,0.24757185,0.01053293,0.02940797,0E-8,0.000000,0.915834,0.000000,-0.02508550,2026-05-12,2026-08-06,71,663,310,87,0.816092,1.127771,1.096139,0.825239,,,,,,,,GLOBAL_BASELINE_NO_ENTITY_RANKING,,,NOT_APPLICABLE_GLOBAL_BASELINE,HF9g-P5,,,,X 全窗基线 · 不参与实体赏罚,14193482,1420,A168_HF9F_20260827_0900,2026-08-27 09:00:00
2026-06-06,137070871,2202,0,514.3106950908,250.7264638568,250.7264638568,1.0000000,4,4,0.49994810000000000,0.499948100000,1.4143603653603398,1.4143603653603398,1.4143603653603398,0E-17,ELIGIBLE,R03b_20260811_FULL_v1,L1_ELIGIBILITY,v2026-08-11,2026-03-21..2026-08-06,baccarat_bet02_101_all_pairs_incl_sentinel,round_win = game_pnl > 0 (decisive only),COMPATIBILITY_ONLY_NOT_PRODUCTION,630814.5920,577721.2471,6644.3283,4370,4077,-0.01053293,-0.02940797,-0.00432247,-0.01053293,-6644.3283,630814.5920,OK,0.0000,265.7731,4.0000,96.0000,AG03-UNRESOLVED,ALL5_LEVELS_bet23_to_bet27,265.7731,265.7731,265.7731,332.2164,332.2164,4.000000,4.000000,4.000000,5.000000,5.000000,96.000000,96.000000,96.000000,95.000000,95.000000,5.0,1461.7522,1339.0033,5182.5761,5305.325,PENDING_AG03,FALSE,NOT_FOR_ENFORCEMENT,6378.5552,554612.3973,6644.3283,6378.5552,265.7731,0.01053293,0.01011162,265.7731,6378.5552,0.01011162,265.7731,265.7731,265.7731,332.2164,332.2164,6378.5552,0.01011162,1461.7522,1339.0033,5182.5761,5305.325,0.00821569,0.00841028,0.00042132,144.3512,141.7025,1.6297,93.5821,10.0216,8884.7126,57.4225,158.2289,140.3023,51.4311,102.8621,129.7286,258.1778,514.3107,1008.3546,77.1466,0.0,5.0,9.802971,1.403346,17,104,92,7,0.24757185,0.01053293,0.02940797,0E-8,0.000000,0.915834,0.000000,-0.02508550,2026-05-12,2026-08-06,71,663,310,87,0.816092,1.127771,1.096139,0.825239,,,,,,,,GLOBAL_BASELINE_NO_ENTITY_RANKING,,,NOT_APPLICABLE_GLOBAL_BASELINE,HF9g-P5,,,,X 全窗基线 · 不参与实体赏罚,14193483,1420,A168_HF9F_20260827_0900,2026-08-27 09:00:00
2026-06-06,137070871,2233,0,720.0349731272,312.4437472678,312.4437472678,0.6666667,8,8,0.50497505000000000,0.504975050000,0.7921631278619334,0.7921631278619334,0.7921631278619334,0E-17,ELIGIBLE,R03b_20260811_FULL_v1,L1_ELIGIBILITY,v2026-08-11,2026-03-21..2026-08-06,baccarat_bet02_101_all_pairs_incl_sentinel,round_win = game_pnl > 0 (decisive only),COMPATIBILITY_ONLY_NOT_PRODUCTION,630814.5920,577721.2471,6644.3283,4370,4077,-0.01053293,-0.02940797,-0.00432247,-0.01053293,-6644.3283,630814.5920,OK,0.0000,265.7731,4.0000,96.0000,AG03-UNRESOLVED,ALL5_LEVELS_bet23_to_bet27,265.7731,265.7731,265.7731,332.2164,332.2164,4.000000,4.000000,4.000000,5.000000,5.000000,96.000000,96.000000,96.000000,95.000000,95.000000,5.0,1461.7522,1339.0033,5182.5761,5305.325,PENDING_AG03,FALSE,NOT_FOR_ENFORCEMENT,6378.5552,554612.3973,6644.3283,6378.5552,265.7731,0.01053293,0.01011162,265.7731,6378.5552,0.01011162,265.7731,265.7731,265.7731,332.2164,332.2164,6378.5552,0.01011162,1461.7522,1339.0033,5182.5761,5305.325,0.00821569,0.00841028,0.00042132,144.3512,141.7025,1.6297,93.5821,10.0216,8884.7126,57.4225,158.2289,140.3023,51.4311,102.8621,129.7286,258.1778,514.3107,1008.3546,77.1466,0.0,5.0,9.802971,1.403346,17,104,92,7,0.24757185,0.01053293,0.02940797,0E-8,0.000000,0.915834,0.000000,-0.02508550,2026-05-12,2026-08-06,71,663,310,87,0.816092,1.127771,1.096139,0.825239,,,,,,,,GLOBAL_BASELINE_NO_ENTITY_RANKING,,,NOT_APPLICABLE_GLOBAL_BASELINE,HF9g-P5,,,,X 全窗基线 · 不参与实体赏罚,14193484,1420,A168_HF9F_20260827_0900,2026-08-27 09:00:00
2026-06-06,137070871,2235,0,3047.2908684136,1585.3627176179,1585.3627176179,0.8095238,26,22,0.49426244378342727,0.478978218182,2.8896083998883855,3.0321815061330866,2.8896083998883855,0.01528422560142727,ELIGIBLE,R03b_20260811_FULL_v1,L1_ELIGIBILITY,v2026-08-11,2026-03-21..2026-08-06,baccarat_bet02_101_all_pairs_incl_sentinel,round_win = game_pnl > 0 (decisive only),COMPATIBILITY_ONLY_NOT_PRODUCTION,630814.5920,577721.2471,6644.3283,4370,4077,-0.01053293,-0.02940797,-0.00432247,-0.01053293,-6644.3283,630814.5920,OK,0.0000,265.7731,4.0000,96.0000,AG03-UNRESOLVED,ALL5_LEVELS_bet23_to_bet27,265.7731,265.7731,265.7731,332.2164,332.2164,4.000000,4.000000,4.000000,5.000000,5.000000,96.000000,96.000000,96.000000,95.000000,95.000000,5.0,1461.7522,1339.0033,5182.5761,5305.325,PENDING_AG03,FALSE,NOT_FOR_ENFORCEMENT,6378.5552,554612.3973,6644.3283,6378.5552,265.7731,0.01053293,0.01011162,265.7731,6378.5552,0.01011162,265.7731,265.7731,265.7731,332.2164,332.2164,6378.5552,0.01011162,1461.7522,1339.0033,5182.5761,5305.325,0.00821569,0.00841028,0.00042132,144.3512,141.7025,1.6297,93.5821,10.0216,8884.7126,57.4225,158.2289,140.3023,51.4311,102.8621,129.7286,258.1778,514.3107,1008.3546,77.1466,0.0,5.0,9.802971,1.403346,17,104,92,7,0.24757185,0.01053293,0.02940797,0E-8,0.000000,0.915834,0.000000,-0.02508550,2026-05-12,2026-08-06,71,663,310,87,0.816092,1.127771,1.096139,0.825239,,,,,,,,GLOBAL_BASELINE_NO_ENTITY_RANKING,,,NOT_APPLICABLE_GLOBAL_BASELINE,HF9g-P5,,,,X 全窗基线 · 不参与实体赏罚,14193485,1420,A168_HF9F_20260827_0900,2026-08-27 09:00:00
2026-06-06,137070871,2252,0,552.8839972229,-100.2905855430,-100.2905855430,0.4000000,13,11,0.46676681515151515,0.466766815152,-0.42320626645784465,-0.42320626646089055,-0.42320626645784465,-4.8485E-13,ELIGIBLE,R03b_20260811_FULL_v1,L1_ELIGIBILITY,v2026-08-11,2026-03-21..2026-08-06,baccarat_bet02_101_all_pairs_incl_sentinel,round_win = game_pnl > 0 (decisive only),COMPATIBILITY_ONLY_NOT_PRODUCTION,630814.5920,577721.2471,6644.3283,4370,4077,-0.01053293,-0.02940797,-0.00432247,-0.01053293,-6644.3283,630814.5920,OK,0.0000,265.7731,4.0000,96.0000,AG03-UNRESOLVED,ALL5_LEVELS_bet23_to_bet27,265.7731,265.7731,265.7731,332.2164,332.2164,4.000000,4.000000,4.000000,5.000000,5.000000,96.000000,96.000000,96.000000,95.000000,95.000000,5.0,1461.7522,1339.0033,5182.5761,5305.325,PENDING_AG03,FALSE,NOT_FOR_ENFORCEMENT,6378.5552,554612.3973,6644.3283,6378.5552,265.7731,0.01053293,0.01011162,265.7731,6378.5552,0.01011162,265.7731,265.7731,265.7731,332.2164,332.2164,6378.5552,0.01011162,1461.7522,1339.0033,5182.5761,5305.325,0.00821569,0.00841028,0.00042132,144.3512,141.7025,1.6297,93.5821,10.0216,8884.7126,57.4225,158.2289,140.3023,51.4311,102.8621,129.7286,258.1778,514.3107,1008.3546,77.1466,0.0,5.0,9.802971,1.403346,17,104,92,7,0.24757185,0.01053293,0.02940797,0E-8,0.000000,0.915834,0.000000,-0.02508550,2026-05-12,2026-08-06,71,663,310,87,0.816092,1.127771,1.096139,0.825239,,,,,,,,GLOBAL_BASELINE_NO_ENTITY_RANKING,,,NOT_APPLICABLE_GLOBAL_BASELINE,HF9g-P5,,,,X 全窗基线 · 不参与实体赏罚,14193486,1420,A168_HF9F_20260827_0900,2026-08-27 09:00:00
2026-06-06,137070871,471,0,308.5864170545,-180.0087432818,-180.0087432818,0E-7,3,3,0.50665070000000000,0.506650700000,-1.4331513700195317,-1.4331513700195317,-1.4331513700195317,0E-17,ELIGIBLE,R03b_20260811_FULL_v1,L1_ELIGIBILITY,v2026-08-11,2026-03-21..2026-08-06,baccarat_bet02_101_all_pairs_incl_sentinel,round_win = game_pnl > 0 (decisive only),COMPATIBILITY_ONLY_NOT_PRODUCTION,630814.5920,577721.2471,6644.3283,4370,4077,-0.01053293,-0.02940797,-0.00432247,-0.01053293,-6644.3283,630814.5920,OK,0.0000,265.7731,4.0000,96.0000,AG03-UNRESOLVED,ALL5_LEVELS_bet23_to_bet27,265.7731,265.7731,265.7731,332.2164,332.2164,4.000000,4.000000,4.000000,5.000000,5.000000,96.000000,96.000000,96.000000,95.000000,95.000000,5.0,1461.7522,1339.0033,5182.5761,5305.325,PENDING_AG03,FALSE,NOT_FOR_ENFORCEMENT,6378.5552,554612.3973,6644.3283,6378.5552,265.7731,0.01053293,0.01011162,265.7731,6378.5552,0.01011162,265.7731,265.7731,265.7731,332.2164,332.2164,6378.5552,0.01011162,1461.7522,1339.0033,5182.5761,5305.325,0.00821569,0.00841028,0.00042132,144.3512,141.7025,1.6297,93.5821,10.0216,8884.7126,57.4225,158.2289,140.3023,51.4311,102.8621,129.7286,258.1778,514.3107,1008.3546,77.1466,0.0,5.0,9.802971,1.403346,17,104,92,7,0.24757185,0.01053293,0.02940797,0E-8,0.000000,0.915834,0.000000,-0.02508550,2026-05-12,2026-08-06,71,663,310,87,0.816092,1.127771,1.096139,0.825239,,,,,,,,GLOBAL_BASELINE_NO_ENTITY_RANKING,,,NOT_APPLICABLE_GLOBAL_BASELINE,HF9g-P5,,,,X 全窗基线 · 不参与实体赏罚,14193487,1420,A168_HF9F_20260827_0900,2026-08-27 09:00:00
2026-06-06,137070871,526,0,462.8796255819,-51.4310695091,-51.4310695091,0.6000000,5,5,0.49592654000000000,0.495926540000,0.46544610904919037,0.46544610904919037,0.46544610904919037,0E-17,ELIGIBLE,R03b_20260811_FULL_v1,L1_ELIGIBILITY,v2026-08-11,2026-03-21..2026-08-06,baccarat_bet02_101_all_pairs_incl_sentinel,round_win = game_pnl > 0 (decisive only),COMPATIBILITY_ONLY_NOT_PRODUCTION,630814.5920,577721.2471,6644.3283,4370,4077,-0.01053293,-0.02940797,-0.00432247,-0.01053293,-6644.3283,630814.5920,OK,0.0000,265.7731,4.0000,96.0000,AG03-UNRESOLVED,ALL5_LEVELS_bet23_to_bet27,265.7731,265.7731,265.7731,332.2164,332.2164,4.000000,4.000000,4.000000,5.000000,5.000000,96.000000,96.000000,96.000000,95.000000,95.000000,5.0,1461.7522,1339.0033,5182.5761,5305.325,PENDING_AG03,FALSE,NOT_FOR_ENFORCEMENT,6378.5552,554612.3973,6644.3283,6378.5552,265.7731,0.01053293,0.01011162,265.7731,6378.5552,0.01011162,265.7731,265.7731,265.7731,332.2164,332.2164,6378.5552,0.01011162,1461.7522,1339.0033,5182.5761,5305.325,0.00821569,0.00841028,0.00042132,144.3512,141.7025,1.6297,93.5821,10.0216,8884.7126,57.4225,158.2289,140.3023,51.4311,102.8621,129.7286,258.1778,514.3107,1008.3546,77.1466,0.0,5.0,9.802971,1.403346,17,104,92,7,0.24757185,0.01053293,0.02940797,0E-8,0.000000,0.915834,0.000000,-0.02508550,2026-05-12,2026-08-06,71,663,310,87,0.816092,1.127771,1.096139,0.825239,,,,,,,,GLOBAL_BASELINE_NO_ENTITY_RANKING,,,NOT_APPLICABLE_GLOBAL_BASELINE,HF9g-P5,,,,X 全窗基线 · 不参与实体赏罚,14193488,1420,A168_HF9F_20260827_0900,2026-08-27 09:00:00
2026-06-06,137070871,595,0,154.2932085273,-154.2932085273,-154.2932085273,0E-7,3,3,0.49771390000000000,0.497713900000,-1.724149546644903,-1.724149546644903,-1.724149546644903,0E-17,ELIGIBLE,R03b_20260811_FULL_v1,L1_ELIGIBILITY,v2026-08-11,2026-03-21..2026-08-06,baccarat_bet02_101_all_pairs_incl_sentinel,round_win = game_pnl > 0 (decisive only),COMPATIBILITY_ONLY_NOT_PRODUCTION,630814.5920,577721.2471,6644.3283,4370,4077,-0.01053293,-0.02940797,-0.00432247,-0.01053293,-6644.3283,630814.5920,OK,0.0000,265.7731,4.0000,96.0000,AG03-UNRESOLVED,ALL5_LEVELS_bet23_to_bet27,265.7731,265.7731,265.7731,332.2164,332.2164,4.000000,4.000000,4.000000,5.000000,5.000000,96.000000,96.000000,96.000000,95.000000,95.000000,5.0,1461.7522,1339.0033,5182.5761,5305.325,PENDING_AG03,FALSE,NOT_FOR_ENFORCEMENT,6378.5552,554612.3973,6644.3283,6378.5552,265.7731,0.01053293,0.01011162,265.7731,6378.5552,0.01011162,265.7731,265.7731,265.7731,332.2164,332.2164,6378.5552,0.01011162,1461.7522,1339.0033,5182.5761,5305.325,0.00821569,0.00841028,0.00042132,144.3512,141.7025,1.6297,93.5821,10.0216,8884.7126,57.4225,158.2289,140.3023,51.4311,102.8621,129.7286,258.1778,514.3107,1008.3546,77.1466,0.0,5.0,9.802971,1.403346,17,104,92,7,0.24757185,0.01053293,0.02940797,0E-8,0.000000,0.915834,0.000000,-0.02508550,2026-05-12,2026-08-06,71,663,310,87,0.816092,1.127771,1.096139,0.825239,,,,,,,,GLOBAL_BASELINE_NO_ENTITY_RANKING,,,NOT_APPLICABLE_GLOBAL_BASELINE,HF9g-P5,,,,X 全窗基线 · 不参与实体赏罚,14193489,1420,A168_HF9F_20260827_0900,2026-08-27 09:00:00
2026-06-07,137070871,1210,0,1845.8610846814,763.4942268625,763.4942268625,0.5000000,7,7,0.49899058571428571,0.498990585714,0.004945109955477372,0.0049451099568770685,0.004945109955477372,2.8571E-13,ELIGIBLE,R03b_20260811_FULL_v1,L1_ELIGIBILITY,v2026-08-11,2026-03-21..2026-08-06,baccarat_bet02_101_all_pairs_incl_sentinel,round_win = game_pnl > 0 (decisive only),COMPATIBILITY_ONLY_NOT_PRODUCTION,630814.5920,577721.2471,6644.3283,4370,4077,-0.01053293,-0.02940797,-0.00432247,-0.01053293,-6644.3283,630814.5920,OK,0.0000,265.7731,4.0000,96.0000,AG03-UNRESOLVED,ALL5_LEVELS_bet23_to_bet27,265.7731,265.7731,265.7731,332.2164,332.2164,4.000000,4.000000,4.000000,5.000000,5.000000,96.000000,96.000000,96.000000,95.000000,95.000000,5.0,1461.7522,1339.0033,5182.5761,5305.325,PENDING_AG03,FALSE,NOT_FOR_ENFORCEMENT,6378.5552,554612.3973,6644.3283,6378.5552,265.7731,0.01053293,0.01011162,265.7731,6378.5552,0.01011162,265.7731,265.7731,265.7731,332.2164,332.2164,6378.5552,0.01011162,1461.7522,1339.0033,5182.5761,5305.325,0.00821569,0.00841028,0.00042132,144.3512,141.7025,1.6297,93.5821,10.0216,8884.7126,57.4225,158.2289,140.3023,51.4311,102.8621,129.7286,258.1778,514.3107,1008.3546,77.1466,0.0,5.0,9.802971,1.403346,17,104,92,7,0.24757185,0.01053293,0.02940797,0E-8,0.000000,0.915834,0.000000,-0.02508550,2026-05-12,2026-08-06,71,663,310,87,0.816092,1.127771,1.096139,0.825239,,,,,,,,GLOBAL_BASELINE_NO_ENTITY_RANKING,,,NOT_APPLICABLE_GLOBAL_BASELINE,HF9g-P5,,,,X 全窗基线 · 不参与实体赏罚,14193490,1420,A168_HF9F_20260827_0900,2026-08-27 09:00:00
2026-06-07,137070871,1318,0,515.8536271762,515.8536271762,515.8536271762,1.0000000,1,1,0.49324550000000000,0.493245500000,1.01360149184955,1.01360149184955,1.01360149184955,0E-17,ELIGIBLE,R03b_20260811_FULL_v1,L1_ELIGIBILITY,v2026-08-11,2026-03-21..2026-08-06,baccarat_bet02_101_all_pairs_incl_sentinel,round_win = game_pnl > 0 (decisive only),COMPATIBILITY_ONLY_NOT_PRODUCTION,630814.5920,577721.2471,6644.3283,4370,4077,-0.01053293,-0.02940797,-0.00432247,-0.01053293,-6644.3283,630814.5920,OK,0.0000,265.7731,4.0000,96.0000,AG03-UNRESOLVED,ALL5_LEVELS_bet23_to_bet27,265.7731,265.7731,265.7731,332.2164,332.2164,4.000000,4.000000,4.000000,5.000000,5.000000,96.000000,96.000000,96.000000,95.000000,95.000000,5.0,1461.7522,1339.0033,5182.5761,5305.325,PENDING_AG03,FALSE,NOT_FOR_ENFORCEMENT,6378.5552,554612.3973,6644.3283,6378.5552,265.7731,0.01053293,0.01011162,265.7731,6378.5552,0.01011162,265.7731,265.7731,265.7731,332.2164,332.2164,6378.5552,0.01011162,1461.7522,1339.0033,5182.5761,5305.325,0.00821569,0.00841028,0.00042132,144.3512,141.7025,1.6297,93.5821,10.0216,8884.7126,57.4225,158.2289,140.3023,51.4311,102.8621,129.7286,258.1778,514.3107,1008.3546,77.1466,0.0,5.0,9.802971,1.403346,17,104,92,7,0.24757185,0.01053293,0.02940797,0E-8,0.000000,0.915834,0.000000,-0.02508550,2026-05-12,2026-08-06,71,663,310,87,0.816092,1.127771,1.096139,0.825239,,,,,,,,GLOBAL_BASELINE_NO_ENTITY_RANKING,,,NOT_APPLICABLE_GLOBAL_BASELINE,HF9g-P5,,,,X 全窗基线 · 不参与实体赏罚,14193491,1420,A168_HF9F_20260827_0900,2026-08-27 09:00:00
2026-06-07,137070871,1325,0,514.3106950908,-12.8577673772,-12.8577673772,0.5000000,4,4,0.50329940000000000,0.503299400000,-0.01319788734859681,-0.01319788734859681,-0.01319788734859681,0E-17,ELIGIBLE,R03b_20260811_FULL_v1,L1_ELIGIBILITY,v2026-08-11,2026-03-21..2026-08-06,baccarat_bet02_101_all_pairs_incl_sentinel,round_win = game_pnl > 0 (decisive only),COMPATIBILITY_ONLY_NOT_PRODUCTION,630814.5920,577721.2471,6644.3283,4370,4077,-0.01053293,-0.02940797,-0.00432247,-0.01053293,-6644.3283,630814.5920,OK,0.0000,265.7731,4.0000,96.0000,AG03-UNRESOLVED,ALL5_LEVELS_bet23_to_bet27,265.7731,265.7731,265.7731,332.2164,332.2164,4.000000,4.000000,4.000000,5.000000,5.000000,96.000000,96.000000,96.000000,95.000000,95.000000,5.0,1461.7522,1339.0033,5182.5761,5305.325,PENDING_AG03,FALSE,NOT_FOR_ENFORCEMENT,6378.5552,554612.3973,6644.3283,6378.5552,265.7731,0.01053293,0.01011162,265.7731,6378.5552,0.01011162,265.7731,265.7731,265.7731,332.2164,332.2164,6378.5552,0.01011162,1461.7522,1339.0033,5182.5761,5305.325,0.00821569,0.00841028,0.00042132,144.3512,141.7025,1.6297,93.5821,10.0216,8884.7126,57.4225,158.2289,140.3023,51.4311,102.8621,129.7286,258.1778,514.3107,1008.3546,77.1466,0.0,5.0,9.802971,1.403346,17,104,92,7,0.24757185,0.01053293,0.02940797,0E-8,0.000000,0.915834,0.000000,-0.02508550,2026-05-12,2026-08-06,71,663,310,87,0.816092,1.127771,1.096139,0.825239,,,,,,,,GLOBAL_BASELINE_NO_ENTITY_RANKING,,,NOT_APPLICABLE_GLOBAL_BASELINE,HF9g-P5,,,,X 全窗基线 · 不参与实体赏罚,14193492,1420,A168_HF9F_20260827_0900,2026-08-27 09:00:00
2026-06-07,137070871,1331,0,2561.7815722481,-1803.1732969889,-1803.1732969889,0.1428571,8,8,0.49994810000000000,0.499948100000,-1.889547746239457,-1.889547746239457,-1.889547746239457,0E-17,ELIGIBLE,R03b_20260811_FULL_v1,L1_ELIGIBILITY,v2026-08-11,2026-03-21..2026-08-06,baccarat_bet02_101_all_pairs_incl_sentinel,round_win = game_pnl > 0 (decisive only),COMPATIBILITY_ONLY_NOT_PRODUCTION,630814.5920,577721.2471,6644.3283,4370,4077,-0.01053293,-0.02940797,-0.00432247,-0.01053293,-6644.3283,630814.5920,OK,0.0000,265.7731,4.0000,96.0000,AG03-UNRESOLVED,ALL5_LEVELS_bet23_to_bet27,265.7731,265.7731,265.7731,332.2164,332.2164,4.000000,4.000000,4.000000,5.000000,5.000000,96.000000,96.000000,96.000000,95.000000,95.000000,5.0,1461.7522,1339.0033,5182.5761,5305.325,PENDING_AG03,FALSE,NOT_FOR_ENFORCEMENT,6378.5552,554612.3973,6644.3283,6378.5552,265.7731,0.01053293,0.01011162,265.7731,6378.5552,0.01011162,265.7731,265.7731,265.7731,332.2164,332.2164,6378.5552,0.01011162,1461.7522,1339.0033,5182.5761,5305.325,0.00821569,0.00841028,0.00042132,144.3512,141.7025,1.6297,93.5821,10.0216,8884.7126,57.4225,158.2289,140.3023,51.4311,102.8621,129.7286,258.1778,514.3107,1008.3546,77.1466,0.0,5.0,9.802971,1.403346,17,104,92,7,0.24757185,0.01053293,0.02940797,0E-8,0.000000,0.915834,0.000000,-0.02508550,2026-05-12,2026-08-06,71,663,310,87,0.816092,1.127771,1.096139,0.825239,,,,,,,,GLOBAL_BASELINE_NO_ENTITY_RANKING,,,NOT_APPLICABLE_GLOBAL_BASELINE,HF9g-P5,,,,X 全窗基线 · 不参与实体赏罚,14193493,1420,A168_HF9F_20260827_0900,2026-08-27 09:00:00
2026-06-07,137070871,1400,0,843.4695399489,-91.2901483785,-91.2901483785,0.4285714,9,7,0.49430926650247447,0.461682323810,-0.34787447396039217,-0.1757231578891852,-0.34787447396039217,0.03262694269247447,ELIGIBLE,R03b_20260811_FULL_v1,L1_ELIGIBILITY,v2026-08-11,2026-03-21..2026-08-06,baccarat_bet02_101_all_pairs_incl_sentinel,round_win = game_pnl > 0 (decisive only),COMPATIBILITY_ONLY_NOT_PRODUCTION,630814.5920,577721.2471,6644.3283,4370,4077,-0.01053293,-0.02940797,-0.00432247,-0.01053293,-6644.3283,630814.5920,OK,0.0000,265.7731,4.0000,96.0000,AG03-UNRESOLVED,ALL5_LEVELS_bet23_to_bet27,265.7731,265.7731,265.7731,332.2164,332.2164,4.000000,4.000000,4.000000,5.000000,5.000000,96.000000,96.000000,96.000000,95.000000,95.000000,5.0,1461.7522,1339.0033,5182.5761,5305.325,PENDING_AG03,FALSE,NOT_FOR_ENFORCEMENT,6378.5552,554612.3973,6644.3283,6378.5552,265.7731,0.01053293,0.01011162,265.7731,6378.5552,0.01011162,265.7731,265.7731,265.7731,332.2164,332.2164,6378.5552,0.01011162,1461.7522,1339.0033,5182.5761,5305.325,0.00821569,0.00841028,0.00042132,144.3512,141.7025,1.6297,93.5821,10.0216,8884.7126,57.4225,158.2289,140.3023,51.4311,102.8621,129.7286,258.1778,514.3107,1008.3546,77.1466,0.0,5.0,9.802971,1.403346,17,104,92,7,0.24757185,0.01053293,0.02940797,0E-8,0.000000,0.915834,0.000000,-0.02508550,2026-05-12,2026-08-06,71,663,310,87,0.816092,1.127771,1.096139,0.825239,,,,,,,,GLOBAL_BASELINE_NO_ENTITY_RANKING,,,NOT_APPLICABLE_GLOBAL_BASELINE,HF9g-P5,,,,X 全窗基线 · 不参与实体赏罚,14193494,1420,A168_HF9F_20260827_0900,2026-08-27 09:00:00
2026-06-07,137070871,1994,0,257.1553475454,-257.1553475454,-257.1553475454,0E-7,2,2,0.49994810000000000,0.499948100000,-1.4140667746232096,-1.4140667746232096,-1.4140667746232096,0E-17,ELIGIBLE,R03b_20260811_FULL_v1,L1_ELIGIBILITY,v2026-08-11,2026-03-21..2026-08-06,baccarat_bet02_101_all_pairs_incl_sentinel,round_win = game_pnl > 0 (decisive only),COMPATIBILITY_ONLY_NOT_PRODUCTION,630814.5920,577721.2471,6644.3283,4370,4077,-0.01053293,-0.02940797,-0.00432247,-0.01053293,-6644.3283,630814.5920,OK,0.0000,265.7731,4.0000,96.0000,AG03-UNRESOLVED,ALL5_LEVELS_bet23_to_bet27,265.7731,265.7731,265.7731,332.2164,332.2164,4.000000,4.000000,4.000000,5.000000,5.000000,96.000000,96.000000,96.000000,95.000000,95.000000,5.0,1461.7522,1339.0033,5182.5761,5305.325,PENDING_AG03,FALSE,NOT_FOR_ENFORCEMENT,6378.5552,554612.3973,6644.3283,6378.5552,265.7731,0.01053293,0.01011162,265.7731,6378.5552,0.01011162,265.7731,265.7731,265.7731,332.2164,332.2164,6378.5552,0.01011162,1461.7522,1339.0033,5182.5761,5305.325,0.00821569,0.00841028,0.00042132,144.3512,141.7025,1.6297,93.5821,10.0216,8884.7126,57.4225,158.2289,140.3023,51.4311,102.8621,129.7286,258.1778,514.3107,1008.3546,77.1466,0.0,5.0,9.802971,1.403346,17,104,92,7,0.24757185,0.01053293,0.02940797,0E-8,0.000000,0.915834,0.000000,-0.02508550,2026-05-12,2026-08-06,71,663,310,87,0.816092,1.127771,1.096139,0.825239,,,,,,,,GLOBAL_BASELINE_NO_ENTITY_RANKING,,,NOT_APPLICABLE_GLOBAL_BASELINE,HF9g-P5,,,,X 全窗基线 · 不参与实体赏罚,14193495,1420,A168_HF9F_20260827_0900,2026-08-27 09:00:00
2026-06-07,137070871,2088,0,1388.6388767455,-105.4336924935,-105.4336924935,0.3333333,13,13,0.50046368461538462,0.500463684615,-1.1579135375402423,-1.157913537537577,-1.1579135375402423,3.8462E-13,ELIGIBLE,R03b_20260811_FULL_v1,L1_ELIGIBILITY,v2026-08-11,2026-03-21..2026-08-06,baccarat_bet02_101_all_pairs_incl_sentinel,round_win = game_pnl > 0 (decisive only),COMPATIBILITY_ONLY_NOT_PRODUCTION,630814.5920,577721.2471,6644.3283,4370,4077,-0.01053293,-0.02940797,-0.00432247,-0.01053293,-6644.3283,630814.5920,OK,0.0000,265.7731,4.0000,96.0000,AG03-UNRESOLVED,ALL5_LEVELS_bet23_to_bet27,265.7731,265.7731,265.7731,332.2164,332.2164,4.000000,4.000000,4.000000,5.000000,5.000000,96.000000,96.000000,96.000000,95.000000,95.000000,5.0,1461.7522,1339.0033,5182.5761,5305.325,PENDING_AG03,FALSE,NOT_FOR_ENFORCEMENT,6378.5552,554612.3973,6644.3283,6378.5552,265.7731,0.01053293,0.01011162,265.7731,6378.5552,0.01011162,265.7731,265.7731,265.7731,332.2164,332.2164,6378.5552,0.01011162,1461.7522,1339.0033,5182.5761,5305.325,0.00821569,0.00841028,0.00042132,144.3512,141.7025,1.6297,93.5821,10.0216,8884.7126,57.4225,158.2289,140.3023,51.4311,102.8621,129.7286,258.1778,514.3107,1008.3546,77.1466,0.0,5.0,9.802971,1.403346,17,104,92,7,0.24757185,0.01053293,0.02940797,0E-8,0.000000,0.915834,0.000000,-0.02508550,2026-05-12,2026-08-06,71,663,310,87,0.816092,1.127771,1.096139,0.825239,,,,,,,,GLOBAL_BASELINE_NO_ENTITY_RANKING,,,NOT_APPLICABLE_GLOBAL_BASELINE,HF9g-P5,,,,X 全窗基线 · 不参与实体赏罚,14193496,1420,A168_HF9F_20260827_0900,2026-08-27 09:00:00
2026-06-07,137070871,2101,0,797.1815773907,-128.5776737727,-128.5776737727,0.4545455,11,11,0.49690146363636364,0.496901463636,-0.2809633746126877,-0.2809633746102768,-0.2809633746126877,3.6364E-13,ELIGIBLE,R03b_20260811_FULL_v1,L1_ELIGIBILITY,v2026-08-11,2026-03-21..2026-08-06,baccarat_bet02_101_all_pairs_incl_sentinel,round_win = game_pnl > 0 (decisive only),COMPATIBILITY_ONLY_NOT_PRODUCTION,630814.5920,577721.2471,6644.3283,4370,4077,-0.01053293,-0.02940797,-0.00432247,-0.01053293,-6644.3283,630814.5920,OK,0.0000,265.7731,4.0000,96.0000,AG03-UNRESOLVED,ALL5_LEVELS_bet23_to_bet27,265.7731,265.7731,265.7731,332.2164,332.2164,4.000000,4.000000,4.000000,5.000000,5.000000,96.000000,96.000000,96.000000,95.000000,95.000000,5.0,1461.7522,1339.0033,5182.5761,5305.325,PENDING_AG03,FALSE,NOT_FOR_ENFORCEMENT,6378.5552,554612.3973,6644.3283,6378.5552,265.7731,0.01053293,0.01011162,265.7731,6378.5552,0.01011162,265.7731,265.7731,265.7731,332.2164,332.2164,6378.5552,0.01011162,1461.7522,1339.0033,5182.5761,5305.325,0.00821569,0.00841028,0.00042132,144.3512,141.7025,1.6297,93.5821,10.0216,8884.7126,57.4225,158.2289,140.3023,51.4311,102.8621,129.7286,258.1778,514.3107,1008.3546,77.1466,0.0,5.0,9.802971,1.403346,17,104,92,7,0.24757185,0.01053293,0.02940797,0E-8,0.000000,0.915834,0.000000,-0.02508550,2026-05-12,2026-08-06,71,663,310,87,0.816092,1.127771,1.096139,0.825239,,,,,,,,GLOBAL_BASELINE_NO_ENTITY_RANKING,,,NOT_APPLICABLE_GLOBAL_BASELINE,HF9g-P5,,,,X 全窗基线 · 不参与实体赏罚,14193497,1420,A168_HF9F_20260827_0900,2026-08-27 09:00:00
2026-06-07,137070871,2103,0,10724.1494586879,-1946.1002391544,-1946.1002391544,0.3571429,15,15,0.49950126000000000,0.499501260000,-1.065313269215098,-1.0653132692150977,-1.065313269215098,0E-17,ELIGIBLE,R03b_20260811_FULL_v1,L1_ELIGIBILITY,v2026-08-11,2026-03-21..2026-08-06,baccarat_bet02_101_all_pairs_incl_sentinel,round_win = game_pnl > 0 (decisive only),COMPATIBILITY_ONLY_NOT_PRODUCTION,630814.5920,577721.2471,6644.3283,4370,4077,-0.01053293,-0.02940797,-0.00432247,-0.01053293,-6644.3283,630814.5920,OK,0.0000,265.7731,4.0000,96.0000,AG03-UNRESOLVED,ALL5_LEVELS_bet23_to_bet27,265.7731,265.7731,265.7731,332.2164,332.2164,4.000000,4.000000,4.000000,5.000000,5.000000,96.000000,96.000000,96.000000,95.000000,95.000000,5.0,1461.7522,1339.0033,5182.5761,5305.325,PENDING_AG03,FALSE,NOT_FOR_ENFORCEMENT,6378.5552,554612.3973,6644.3283,6378.5552,265.7731,0.01053293,0.01011162,265.7731,6378.5552,0.01011162,265.7731,265.7731,265.7731,332.2164,332.2164,6378.5552,0.01011162,1461.7522,1339.0033,5182.5761,5305.325,0.00821569,0.00841028,0.00042132,144.3512,141.7025,1.6297,93.5821,10.0216,8884.7126,57.4225,158.2289,140.3023,51.4311,102.8621,129.7286,258.1778,514.3107,1008.3546,77.1466,0.0,5.0,9.802971,1.403346,17,104,92,7,0.24757185,0.01053293,0.02940797,0E-8,0.000000,0.915834,0.000000,-0.02508550,2026-05-12,2026-08-06,71,663,310,87,0.816092,1.127771,1.096139,0.825239,,,,,,,,GLOBAL_BASELINE_NO_ENTITY_RANKING,,,NOT_APPLICABLE_GLOBAL_BASELINE,HF9g-P5,,,,X 全窗基线 · 不参与实体赏罚,14193498,1420,A168_HF9F_20260827_0900,2026-08-27 09:00:00
2026-06-07,137070871,2142,0,2235.4514362127,-879.2398487928,-879.2398487928,0.3333333,13,13,0.50458836153846154,0.504588361538,-1.18653960124621,-1.186539601243002,-1.18653960124621,4.6154E-13,ELIGIBLE,R03b_20260811_FULL_v1,L1_ELIGIBILITY,v2026-08-11,2026-03-21..2026-08-06,baccarat_bet02_101_all_pairs_incl_sentinel,round_win = game_pnl > 0 (decisive only),COMPATIBILITY_ONLY_NOT_PRODUCTION,630814.5920,577721.2471,6644.3283,4370,4077,-0.01053293,-0.02940797,-0.00432247,-0.01053293,-6644.3283,630814.5920,OK,0.0000,265.7731,4.0000,96.0000,AG03-UNRESOLVED,ALL5_LEVELS_bet23_to_bet27,265.7731,265.7731,265.7731,332.2164,332.2164,4.000000,4.000000,4.000000,5.000000,5.000000,96.000000,96.000000,96.000000,95.000000,95.000000,5.0,1461.7522,1339.0033,5182.5761,5305.325,PENDING_AG03,FALSE,NOT_FOR_ENFORCEMENT,6378.5552,554612.3973,6644.3283,6378.5552,265.7731,0.01053293,0.01011162,265.7731,6378.5552,0.01011162,265.7731,265.7731,265.7731,332.2164,332.2164,6378.5552,0.01011162,1461.7522,1339.0033,5182.5761,5305.325,0.00821569,0.00841028,0.00042132,144.3512,141.7025,1.6297,93.5821,10.0216,8884.7126,57.4225,158.2289,140.3023,51.4311,102.8621,129.7286,258.1778,514.3107,1008.3546,77.1466,0.0,5.0,9.802971,1.403346,17,104,92,7,0.24757185,0.01053293,0.02940797,0E-8,0.000000,0.915834,0.000000,-0.02508550,2026-05-12,2026-08-06,71,663,310,87,0.816092,1.127771,1.096139,0.825239,,,,,,,,GLOBAL_BASELINE_NO_ENTITY_RANKING,,,NOT_APPLICABLE_GLOBAL_BASELINE,HF9g-P5,,,,X 全窗基线 · 不参与实体赏罚,14193499,1420,A168_HF9F_20260827_0900,2026-08-27 09:00:00
2026-06-07,137070871,2174,0,2674.4156144730,469.3085092703,469.3085092703,0.5000000,28,23,0.44269978097826772,0.434874557246,0.5159077113706619,0.5875045802277897,0.5159077113706619,0.00782522373226772,ELIGIBLE,R03b_20260811_FULL_v1,L1_ELIGIBILITY,v2026-08-11,2026-03-21..2026-08-06,baccarat_bet02_101_all_pairs_incl_sentinel,round_win = game_pnl > 0 (decisive only),COMPATIBILITY_ONLY_NOT_PRODUCTION,630814.5920,577721.2471,6644.3283,4370,4077,-0.01053293,-0.02940797,-0.00432247,-0.01053293,-6644.3283,630814.5920,OK,0.0000,265.7731,4.0000,96.0000,AG03-UNRESOLVED,ALL5_LEVELS_bet23_to_bet27,265.7731,265.7731,265.7731,332.2164,332.2164,4.000000,4.000000,4.000000,5.000000,5.000000,96.000000,96.000000,96.000000,95.000000,95.000000,5.0,1461.7522,1339.0033,5182.5761,5305.325,PENDING_AG03,FALSE,NOT_FOR_ENFORCEMENT,6378.5552,554612.3973,6644.3283,6378.5552,265.7731,0.01053293,0.01011162,265.7731,6378.5552,0.01011162,265.7731,265.7731,265.7731,332.2164,332.2164,6378.5552,0.01011162,1461.7522,1339.0033,5182.5761,5305.325,0.00821569,0.00841028,0.00042132,144.3512,141.7025,1.6297,93.5821,10.0216,8884.7126,57.4225,158.2289,140.3023,51.4311,102.8621,129.7286,258.1778,514.3107,1008.3546,77.1466,0.0,5.0,9.802971,1.403346,17,104,92,7,0.24757185,0.01053293,0.02940797,0E-8,0.000000,0.915834,0.000000,-0.02508550,2026-05-12,2026-08-06,71,663,310,87,0.816092,1.127771,1.096139,0.825239,,,,,,,,GLOBAL_BASELINE_NO_ENTITY_RANKING,,,NOT_APPLICABLE_GLOBAL_BASELINE,HF9g-P5,,,,X 全窗基线 · 不参与实体赏罚,14193500,1420,A168_HF9F_20260827_0900,2026-08-27 09:00:00
2026-06-07,137070871,2252,0,4263.3785069558,1046.0436649782,1046.0436649782,0.6400000,34,27,0.48998758877864864,0.462683424074,1.5004249727183638,1.7781248477134672,1.5004249727183638,0.02730416470464864,ELIGIBLE,R03b_20260811_FULL_v1,L1_ELIGIBILITY,v2026-08-11,2026-03-21..2026-08-06,baccarat_bet02_101_all_pairs_incl_sentinel,round_win = game_pnl > 0 (decisive only),COMPATIBILITY_ONLY_NOT_PRODUCTION,630814.5920,577721.2471,6644.3283,4370,4077,-0.01053293,-0.02940797,-0.00432247,-0.01053293,-6644.3283,630814.5920,OK,0.0000,265.7731,4.0000,96.0000,AG03-UNRESOLVED,ALL5_LEVELS_bet23_to_bet27,265.7731,265.7731,265.7731,332.2164,332.2164,4.000000,4.000000,4.000000,5.000000,5.000000,96.000000,96.000000,96.000000,95.000000,95.000000,5.0,1461.7522,1339.0033,5182.5761,5305.325,PENDING_AG03,FALSE,NOT_FOR_ENFORCEMENT,6378.5552,554612.3973,6644.3283,6378.5552,265.7731,0.01053293,0.01011162,265.7731,6378.5552,0.01011162,265.7731,265.7731,265.7731,332.2164,332.2164,6378.5552,0.01011162,1461.7522,1339.0033,5182.5761,5305.325,0.00821569,0.00841028,0.00042132,144.3512,141.7025,1.6297,93.5821,10.0216,8884.7126,57.4225,158.2289,140.3023,51.4311,102.8621,129.7286,258.1778,514.3107,1008.3546,77.1466,0.0,5.0,9.802971,1.403346,17,104,92,7,0.24757185,0.01053293,0.02940797,0E-8,0.000000,0.915834,0.000000,-0.02508550,2026-05-12,2026-08-06,71,663,310,87,0.816092,1.127771,1.096139,0.825239,,,,,,,,GLOBAL_BASELINE_NO_ENTITY_RANKING,,,NOT_APPLICABLE_GLOBAL_BASELINE,HF9g-P5,,,,X 全窗基线 · 不参与实体赏罚,14193501,1420,A168_HF9F_20260827_0900,2026-08-27 09:00:00
2026-06-07,137070871,2261,0,385.7330213181,366.4463702523,366.4463702523,1.0000000,3,3,0.50665070000000000,0.506650700000,1.7091633124209307,1.7091633124209307,1.7091633124209307,0E-17,ELIGIBLE,R03b_20260811_FULL_v1,L1_ELIGIBILITY,v2026-08-11,2026-03-21..2026-08-06,baccarat_bet02_101_all_pairs_incl_sentinel,round_win = game_pnl > 0 (decisive only),COMPATIBILITY_ONLY_NOT_PRODUCTION,630814.5920,577721.2471,6644.3283,4370,4077,-0.01053293,-0.02940797,-0.00432247,-0.01053293,-6644.3283,630814.5920,OK,0.0000,265.7731,4.0000,96.0000,AG03-UNRESOLVED,ALL5_LEVELS_bet23_to_bet27,265.7731,265.7731,265.7731,332.2164,332.2164,4.000000,4.000000,4.000000,5.000000,5.000000,96.000000,96.000000,96.000000,95.000000,95.000000,5.0,1461.7522,1339.0033,5182.5761,5305.325,PENDING_AG03,FALSE,NOT_FOR_ENFORCEMENT,6378.5552,554612.3973,6644.3283,6378.5552,265.7731,0.01053293,0.01011162,265.7731,6378.5552,0.01011162,265.7731,265.7731,265.7731,332.2164,332.2164,6378.5552,0.01011162,1461.7522,1339.0033,5182.5761,5305.325,0.00821569,0.00841028,0.00042132,144.3512,141.7025,1.6297,93.5821,10.0216,8884.7126,57.4225,158.2289,140.3023,51.4311,102.8621,129.7286,258.1778,514.3107,1008.3546,77.1466,0.0,5.0,9.802971,1.403346,17,104,92,7,0.24757185,0.01053293,0.02940797,0E-8,0.000000,0.915834,0.000000,-0.02508550,2026-05-12,2026-08-06,71,663,310,87,0.816092,1.127771,1.096139,0.825239,,,,,,,,GLOBAL_BASELINE_NO_ENTITY_RANKING,,,NOT_APPLICABLE_GLOBAL_BASELINE,HF9g-P5,,,,X 全窗基线 · 不参与实体赏罚,14193502,1420,A168_HF9F_20260827_0900,2026-08-27 09:00:00
2026-06-07,137070871,595,0,9421.4004680231,-1034.0345102478,-1034.0345102478,0.4210526,20,20,0.49994810000000000,0.499948100000,-0.6877947516066474,-0.6877947516066475,-0.6877947516066474,0E-17,ELIGIBLE,R03b_20260811_FULL_v1,L1_ELIGIBILITY,v2026-08-11,2026-03-21..2026-08-06,baccarat_bet02_101_all_pairs_incl_sentinel,round_win = game_pnl > 0 (decisive only),COMPATIBILITY_ONLY_NOT_PRODUCTION,630814.5920,577721.2471,6644.3283,4370,4077,-0.01053293,-0.02940797,-0.00432247,-0.01053293,-6644.3283,630814.5920,OK,0.0000,265.7731,4.0000,96.0000,AG03-UNRESOLVED,ALL5_LEVELS_bet23_to_bet27,265.7731,265.7731,265.7731,332.2164,332.2164,4.000000,4.000000,4.000000,5.000000,5.000000,96.000000,96.000000,96.000000,95.000000,95.000000,5.0,1461.7522,1339.0033,5182.5761,5305.325,PENDING_AG03,FALSE,NOT_FOR_ENFORCEMENT,6378.5552,554612.3973,6644.3283,6378.5552,265.7731,0.01053293,0.01011162,265.7731,6378.5552,0.01011162,265.7731,265.7731,265.7731,332.2164,332.2164,6378.5552,0.01011162,1461.7522,1339.0033,5182.5761,5305.325,0.00821569,0.00841028,0.00042132,144.3512,141.7025,1.6297,93.5821,10.0216,8884.7126,57.4225,158.2289,140.3023,51.4311,102.8621,129.7286,258.1778,514.3107,1008.3546,77.1466,0.0,5.0,9.802971,1.403346,17,104,92,7,0.24757185,0.01053293,0.02940797,0E-8,0.000000,0.915834,0.000000,-0.02508550,2026-05-12,2026-08-06,71,663,310,87,0.816092,1.127771,1.096139,0.825239,,,,,,,,GLOBAL_BASELINE_NO_ENTITY_RANKING,,,NOT_APPLICABLE_GLOBAL_BASELINE,HF9g-P5,,,,X 全窗基线 · 不参与实体赏罚,14193503,1420,A168_HF9F_20260827_0900,2026-08-27 09:00:00
2026-06-08,137070871,1151,0,1220.2021241031,-131.7021112455,-131.7021112455,0.5000000,13,10,0.41958319166666667,0.419583191667,0.46090645918419737,0.46090645918223616,0.46090645918419737,-3.3333E-13,ELIGIBLE,R03b_20260811_FULL_v1,L1_ELIGIBILITY,v2026-08-11,2026-03-21..2026-08-06,baccarat_bet02_101_all_pairs_incl_sentinel,round_win = game_pnl > 0 (decisive only),COMPATIBILITY_ONLY_NOT_PRODUCTION,630814.5920,577721.2471,6644.3283,4370,4077,-0.01053293,-0.02940797,-0.00432247,-0.01053293,-6644.3283,630814.5920,OK,0.0000,265.7731,4.0000,96.0000,AG03-UNRESOLVED,ALL5_LEVELS_bet23_to_bet27,265.7731,265.7731,265.7731,332.2164,332.2164,4.000000,4.000000,4.000000,5.000000,5.000000,96.000000,96.000000,96.000000,95.000000,95.000000,5.0,1461.7522,1339.0033,5182.5761,5305.325,PENDING_AG03,FALSE,NOT_FOR_ENFORCEMENT,6378.5552,554612.3973,6644.3283,6378.5552,265.7731,0.01053293,0.01011162,265.7731,6378.5552,0.01011162,265.7731,265.7731,265.7731,332.2164,332.2164,6378.5552,0.01011162,1461.7522,1339.0033,5182.5761,5305.325,0.00821569,0.00841028,0.00042132,144.3512,141.7025,1.6297,93.5821,10.0216,8884.7126,57.4225,158.2289,140.3023,51.4311,102.8621,129.7286,258.1778,514.3107,1008.3546,77.1466,0.0,5.0,9.802971,1.403346,17,104,92,7,0.24757185,0.01053293,0.02940797,0E-8,0.000000,0.915834,0.000000,-0.02508550,2026-05-12,2026-08-06,71,663,310,87,0.816092,1.127771,1.096139,0.825239,,,,,,,,GLOBAL_BASELINE_NO_ENTITY_RANKING,,,NOT_APPLICABLE_GLOBAL_BASELINE,HF9g-P5,,,,X 全窗基线 · 不参与实体赏罚,14193504,1420,A168_HF9F_20260827_0900,2026-08-27 09:00:00
2026-06-08,137070871,1210,0,102.8621390182,-2.5715534755,-2.5715534755,0.5000000,2,2,0.50665070000000000,0.506650700000,-0.018812684590367487,-0.018812684590367487,-0.018812684590367487,0E-17,ELIGIBLE,R03b_20260811_FULL_v1,L1_ELIGIBILITY,v2026-08-11,2026-03-21..2026-08-06,baccarat_bet02_101_all_pairs_incl_sentinel,round_win = game_pnl > 0 (decisive only),COMPATIBILITY_ONLY_NOT_PRODUCTION,630814.5920,577721.2471,6644.3283,4370,4077,-0.01053293,-0.02940797,-0.00432247,-0.01053293,-6644.3283,630814.5920,OK,0.0000,265.7731,4.0000,96.0000,AG03-UNRESOLVED,ALL5_LEVELS_bet23_to_bet27,265.7731,265.7731,265.7731,332.2164,332.2164,4.000000,4.000000,4.000000,5.000000,5.000000,96.000000,96.000000,96.000000,95.000000,95.000000,5.0,1461.7522,1339.0033,5182.5761,5305.325,PENDING_AG03,FALSE,NOT_FOR_ENFORCEMENT,6378.5552,554612.3973,6644.3283,6378.5552,265.7731,0.01053293,0.01011162,265.7731,6378.5552,0.01011162,265.7731,265.7731,265.7731,332.2164,332.2164,6378.5552,0.01011162,1461.7522,1339.0033,5182.5761,5305.325,0.00821569,0.00841028,0.00042132,144.3512,141.7025,1.6297,93.5821,10.0216,8884.7126,57.4225,158.2289,140.3023,51.4311,102.8621,129.7286,258.1778,514.3107,1008.3546,77.1466,0.0,5.0,9.802971,1.403346,17,104,92,7,0.24757185,0.01053293,0.02940797,0E-8,0.000000,0.915834,0.000000,-0.02508550,2026-05-12,2026-08-06,71,663,310,87,0.816092,1.127771,1.096139,0.825239,,,,,,,,GLOBAL_BASELINE_NO_ENTITY_RANKING,,,NOT_APPLICABLE_GLOBAL_BASELINE,HF9g-P5,,,,X 全窗基线 · 不参与实体赏罚,14193505,1420,A168_HF9F_20260827_0900,2026-08-27 09:00:00
2026-06-08,137070871,1401,0,1954.3806413450,330.4446215963,330.4446215963,0.5333333,26,17,0.45447484679522056,0.412695965686,0.6133830227481739,0.9490320468641715,0.6133830227481739,0.04177888110922056,ELIGIBLE,R03b_20260811_FULL_v1,L1_ELIGIBILITY,v2026-08-11,2026-03-21..2026-08-06,baccarat_bet02_101_all_pairs_incl_sentinel,round_win = game_pnl > 0 (decisive only),COMPATIBILITY_ONLY_NOT_PRODUCTION,630814.5920,577721.2471,6644.3283,4370,4077,-0.01053293,-0.02940797,-0.00432247,-0.01053293,-6644.3283,630814.5920,OK,0.0000,265.7731,4.0000,96.0000,AG03-UNRESOLVED,ALL5_LEVELS_bet23_to_bet27,265.7731,265.7731,265.7731,332.2164,332.2164,4.000000,4.000000,4.000000,5.000000,5.000000,96.000000,96.000000,96.000000,95.000000,95.000000,5.0,1461.7522,1339.0033,5182.5761,5305.325,PENDING_AG03,FALSE,NOT_FOR_ENFORCEMENT,6378.5552,554612.3973,6644.3283,6378.5552,265.7731,0.01053293,0.01011162,265.7731,6378.5552,0.01011162,265.7731,265.7731,265.7731,332.2164,332.2164,6378.5552,0.01011162,1461.7522,1339.0033,5182.5761,5305.325,0.00821569,0.00841028,0.00042132,144.3512,141.7025,1.6297,93.5821,10.0216,8884.7126,57.4225,158.2289,140.3023,51.4311,102.8621,129.7286,258.1778,514.3107,1008.3546,77.1466,0.0,5.0,9.802971,1.403346,17,104,92,7,0.24757185,0.01053293,0.02940797,0E-8,0.000000,0.915834,0.000000,-0.02508550,2026-05-12,2026-08-06,71,663,310,87,0.816092,1.127771,1.096139,0.825239,,,,,,,,GLOBAL_BASELINE_NO_ENTITY_RANKING,,,NOT_APPLICABLE_GLOBAL_BASELINE,HF9g-P5,,,,X 全窗基线 · 不参与实体赏罚,14193506,1420,A168_HF9F_20260827_0900,2026-08-27 09:00:00
2026-06-08,137070871,1402,0,51.4310695091,-51.4310695091,-51.4310695091,0E-7,1,1,0.50665070000000000,0.506650700000,-1.013391052207602,-1.013391052207602,-1.013391052207602,0E-17,ELIGIBLE,R03b_20260811_FULL_v1,L1_ELIGIBILITY,v2026-08-11,2026-03-21..2026-08-06,baccarat_bet02_101_all_pairs_incl_sentinel,round_win = game_pnl > 0 (decisive only),COMPATIBILITY_ONLY_NOT_PRODUCTION,630814.5920,577721.2471,6644.3283,4370,4077,-0.01053293,-0.02940797,-0.00432247,-0.01053293,-6644.3283,630814.5920,OK,0.0000,265.7731,4.0000,96.0000,AG03-UNRESOLVED,ALL5_LEVELS_bet23_to_bet27,265.7731,265.7731,265.7731,332.2164,332.2164,4.000000,4.000000,4.000000,5.000000,5.000000,96.000000,96.000000,96.000000,95.000000,95.000000,5.0,1461.7522,1339.0033,5182.5761,5305.325,PENDING_AG03,FALSE,NOT_FOR_ENFORCEMENT,6378.5552,554612.3973,6644.3283,6378.5552,265.7731,0.01053293,0.01011162,265.7731,6378.5552,0.01011162,265.7731,265.7731,265.7731,332.2164,332.2164,6378.5552,0.01011162,1461.7522,1339.0033,5182.5761,5305.325,0.00821569,0.00841028,0.00042132,144.3512,141.7025,1.6297,93.5821,10.0216,8884.7126,57.4225,158.2289,140.3023,51.4311,102.8621,129.7286,258.1778,514.3107,1008.3546,77.1466,0.0,5.0,9.802971,1.403346,17,104,92,7,0.24757185,0.01053293,0.02940797,0E-8,0.000000,0.915834,0.000000,-0.02508550,2026-05-12,2026-08-06,71,663,310,87,0.816092,1.127771,1.096139,0.825239,,,,,,,,GLOBAL_BASELINE_NO_ENTITY_RANKING,,,NOT_APPLICABLE_GLOBAL_BASELINE,HF9g-P5,,,,X 全窗基线 · 不参与实体赏罚,14193507,1420,A168_HF9F_20260827_0900,2026-08-27 09:00:00
2026-06-08,137070871,2123,0,25.7155347545,-25.7155347545,-25.7155347545,0E-7,1,1,0.50665070000000000,0.506650700000,-1.013391052207602,-1.013391052207602,-1.013391052207602,0E-17,ELIGIBLE,R03b_20260811_FULL_v1,L1_ELIGIBILITY,v2026-08-11,2026-03-21..2026-08-06,baccarat_bet02_101_all_pairs_incl_sentinel,round_win = game_pnl > 0 (decisive only),COMPATIBILITY_ONLY_NOT_PRODUCTION,630814.5920,577721.2471,6644.3283,4370,4077,-0.01053293,-0.02940797,-0.00432247,-0.01053293,-6644.3283,630814.5920,OK,0.0000,265.7731,4.0000,96.0000,AG03-UNRESOLVED,ALL5_LEVELS_bet23_to_bet27,265.7731,265.7731,265.7731,332.2164,332.2164,4.000000,4.000000,4.000000,5.000000,5.000000,96.000000,96.000000,96.000000,95.000000,95.000000,5.0,1461.7522,1339.0033,5182.5761,5305.325,PENDING_AG03,FALSE,NOT_FOR_ENFORCEMENT,6378.5552,554612.3973,6644.3283,6378.5552,265.7731,0.01053293,0.01011162,265.7731,6378.5552,0.01011162,265.7731,265.7731,265.7731,332.2164,332.2164,6378.5552,0.01011162,1461.7522,1339.0033,5182.5761,5305.325,0.00821569,0.00841028,0.00042132,144.3512,141.7025,1.6297,93.5821,10.0216,8884.7126,57.4225,158.2289,140.3023,51.4311,102.8621,129.7286,258.1778,514.3107,1008.3546,77.1466,0.0,5.0,9.802971,1.403346,17,104,92,7,0.24757185,0.01053293,0.02940797,0E-8,0.000000,0.915834,0.000000,-0.02508550,2026-05-12,2026-08-06,71,663,310,87,0.816092,1.127771,1.096139,0.825239,,,,,,,,GLOBAL_BASELINE_NO_ENTITY_RANKING,,,NOT_APPLICABLE_GLOBAL_BASELINE,HF9g-P5,,,,X 全窗基线 · 不参与实体赏罚,14193508,1420,A168_HF9F_20260827_0900,2026-08-27 09:00:00
2026-06-08,137070871,2170,0,720.0349731271,213.4389384628,213.4389384628,0.6666667,10,10,0.50396966000000000,0.503969660000,0.9762128071991669,0.9762128071991667,0.9762128071991669,0E-17,ELIGIBLE,R03b_20260811_FULL_v1,L1_ELIGIBILITY,v2026-08-11,2026-03-21..2026-08-06,baccarat_bet02_101_all_pairs_incl_sentinel,round_win = game_pnl > 0 (decisive only),COMPATIBILITY_ONLY_NOT_PRODUCTION,630814.5920,577721.2471,6644.3283,4370,4077,-0.01053293,-0.02940797,-0.00432247,-0.01053293,-6644.3283,630814.5920,OK,0.0000,265.7731,4.0000,96.0000,AG03-UNRESOLVED,ALL5_LEVELS_bet23_to_bet27,265.7731,265.7731,265.7731,332.2164,332.2164,4.000000,4.000000,4.000000,5.000000,5.000000,96.000000,96.000000,96.000000,95.000000,95.000000,5.0,1461.7522,1339.0033,5182.5761,5305.325,PENDING_AG03,FALSE,NOT_FOR_ENFORCEMENT,6378.5552,554612.3973,6644.3283,6378.5552,265.7731,0.01053293,0.01011162,265.7731,6378.5552,0.01011162,265.7731,265.7731,265.7731,332.2164,332.2164,6378.5552,0.01011162,1461.7522,1339.0033,5182.5761,5305.325,0.00821569,0.00841028,0.00042132,144.3512,141.7025,1.6297,93.5821,10.0216,8884.7126,57.4225,158.2289,140.3023,51.4311,102.8621,129.7286,258.1778,514.3107,1008.3546,77.1466,0.0,5.0,9.802971,1.403346,17,104,92,7,0.24757185,0.01053293,0.02940797,0E-8,0.000000,0.915834,0.000000,-0.02508550,2026-05-12,2026-08-06,71,663,310,87,0.816092,1.127771,1.096139,0.825239,,,,,,,,GLOBAL_BASELINE_NO_ENTITY_RANKING,,,NOT_APPLICABLE_GLOBAL_BASELINE,HF9g-P5,,,,X 全窗基线 · 不参与实体赏罚,14193509,1420,A168_HF9F_20260827_0900,2026-08-27 09:00:00
2026-06-08,137070871,2174,0,2160.1049193817,720.0349731272,720.0349731272,0.4705882,18,18,0.50218230000000000,0.502182300000,-0.2605338134115345,-0.2605338134115345,-0.2605338134115345,0E-17,ELIGIBLE,R03b_20260811_FULL_v1,L1_ELIGIBILITY,v2026-08-11,2026-03-21..2026-08-06,baccarat_bet02_101_all_pairs_incl_sentinel,round_win = game_pnl > 0 (decisive only),COMPATIBILITY_ONLY_NOT_PRODUCTION,630814.5920,577721.2471,6644.3283,4370,4077,-0.01053293,-0.02940797,-0.00432247,-0.01053293,-6644.3283,630814.5920,OK,0.0000,265.7731,4.0000,96.0000,AG03-UNRESOLVED,ALL5_LEVELS_bet23_to_bet27,265.7731,265.7731,265.7731,332.2164,332.2164,4.000000,4.000000,4.000000,5.000000,5.000000,96.000000,96.000000,96.000000,95.000000,95.000000,5.0,1461.7522,1339.0033,5182.5761,5305.325,PENDING_AG03,FALSE,NOT_FOR_ENFORCEMENT,6378.5552,554612.3973,6644.3283,6378.5552,265.7731,0.01053293,0.01011162,265.7731,6378.5552,0.01011162,265.7731,265.7731,265.7731,332.2164,332.2164,6378.5552,0.01011162,1461.7522,1339.0033,5182.5761,5305.325,0.00821569,0.00841028,0.00042132,144.3512,141.7025,1.6297,93.5821,10.0216,8884.7126,57.4225,158.2289,140.3023,51.4311,102.8621,129.7286,258.1778,514.3107,1008.3546,77.1466,0.0,5.0,9.802971,1.403346,17,104,92,7,0.24757185,0.01053293,0.02940797,0E-8,0.000000,0.915834,0.000000,-0.02508550,2026-05-12,2026-08-06,71,663,310,87,0.816092,1.127771,1.096139,0.825239,,,,,,,,GLOBAL_BASELINE_NO_ENTITY_RANKING,,,NOT_APPLICABLE_GLOBAL_BASELINE,HF9g-P5,,,,X 全窗基线 · 不参与实体赏罚,14193510,1420,A168_HF9F_20260827_0900,2026-08-27 09:00:00
2026-06-08,137070871,2177,0,437.1640908273,114.4341296578,114.4341296578,0.6000000,5,5,0.50396966000000000,0.503969660000,0.4294742719815242,0.4294742719815242,0.4294742719815242,0E-17,ELIGIBLE,R03b_20260811_FULL_v1,L1_ELIGIBILITY,v2026-08-11,2026-03-21..2026-08-06,baccarat_bet02_101_all_pairs_incl_sentinel,round_win = game_pnl > 0 (decisive only),COMPATIBILITY_ONLY_NOT_PRODUCTION,630814.5920,577721.2471,6644.3283,4370,4077,-0.01053293,-0.02940797,-0.00432247,-0.01053293,-6644.3283,630814.5920,OK,0.0000,265.7731,4.0000,96.0000,AG03-UNRESOLVED,ALL5_LEVELS_bet23_to_bet27,265.7731,265.7731,265.7731,332.2164,332.2164,4.000000,4.000000,4.000000,5.000000,5.000000,96.000000,96.000000,96.000000,95.000000,95.000000,5.0,1461.7522,1339.0033,5182.5761,5305.325,PENDING_AG03,FALSE,NOT_FOR_ENFORCEMENT,6378.5552,554612.3973,6644.3283,6378.5552,265.7731,0.01053293,0.01011162,265.7731,6378.5552,0.01011162,265.7731,265.7731,265.7731,332.2164,332.2164,6378.5552,0.01011162,1461.7522,1339.0033,5182.5761,5305.325,0.00821569,0.00841028,0.00042132,144.3512,141.7025,1.6297,93.5821,10.0216,8884.7126,57.4225,158.2289,140.3023,51.4311,102.8621,129.7286,258.1778,514.3107,1008.3546,77.1466,0.0,5.0,9.802971,1.403346,17,104,92,7,0.24757185,0.01053293,0.02940797,0E-8,0.000000,0.915834,0.000000,-0.02508550,2026-05-12,2026-08-06,71,663,310,87,0.816092,1.127771,1.096139,0.825239,,,,,,,,GLOBAL_BASELINE_NO_ENTITY_RANKING,,,NOT_APPLICABLE_GLOBAL_BASELINE,HF9g-P5,,,,X 全窗基线 · 不参与实体赏罚,14193511,1420,A168_HF9F_20260827_0900,2026-08-27 09:00:00
2026-06-08,137070871,2223,0,385.7330213182,128.5776737728,128.5776737728,0.5000000,2,2,0.49994810000000000,0.499948100000,0.00014679536856514622,0.00014679536856514622,0.00014679536856514622,0E-17,ELIGIBLE,R03b_20260811_FULL_v1,L1_ELIGIBILITY,v2026-08-11,2026-03-21..2026-08-06,baccarat_bet02_101_all_pairs_incl_sentinel,round_win = game_pnl > 0 (decisive only),COMPATIBILITY_ONLY_NOT_PRODUCTION,630814.5920,577721.2471,6644.3283,4370,4077,-0.01053293,-0.02940797,-0.00432247,-0.01053293,-6644.3283,630814.5920,OK,0.0000,265.7731,4.0000,96.0000,AG03-UNRESOLVED,ALL5_LEVELS_bet23_to_bet27,265.7731,265.7731,265.7731,332.2164,332.2164,4.000000,4.000000,4.000000,5.000000,5.000000,96.000000,96.000000,96.000000,95.000000,95.000000,5.0,1461.7522,1339.0033,5182.5761,5305.325,PENDING_AG03,FALSE,NOT_FOR_ENFORCEMENT,6378.5552,554612.3973,6644.3283,6378.5552,265.7731,0.01053293,0.01011162,265.7731,6378.5552,0.01011162,265.7731,265.7731,265.7731,332.2164,332.2164,6378.5552,0.01011162,1461.7522,1339.0033,5182.5761,5305.325,0.00821569,0.00841028,0.00042132,144.3512,141.7025,1.6297,93.5821,10.0216,8884.7126,57.4225,158.2289,140.3023,51.4311,102.8621,129.7286,258.1778,514.3107,1008.3546,77.1466,0.0,5.0,9.802971,1.403346,17,104,92,7,0.24757185,0.01053293,0.02940797,0E-8,0.000000,0.915834,0.000000,-0.02508550,2026-05-12,2026-08-06,71,663,310,87,0.816092,1.127771,1.096139,0.825239,,,,,,,,GLOBAL_BASELINE_NO_ENTITY_RANKING,,,NOT_APPLICABLE_GLOBAL_BASELINE,HF9g-P5,,,,X 全窗基线 · 不参与实体赏罚,14193512,1420,A168_HF9F_20260827_0900,2026-08-27 09:00:00
2026-06-08,137070871,2246,0,738.5501581504,24.1726026693,24.1726026693,0.4545455,12,12,0.50218230000000000,0.502182300000,-0.3159900949155774,-0.3159900949155774,-0.3159900949155774,0E-17,ELIGIBLE,R03b_20260811_FULL_v1,L1_ELIGIBILITY,v2026-08-11,2026-03-21..2026-08-06,baccarat_bet02_101_all_pairs_incl_sentinel,round_win = game_pnl > 0 (decisive only),COMPATIBILITY_ONLY_NOT_PRODUCTION,630814.5920,577721.2471,6644.3283,4370,4077,-0.01053293,-0.02940797,-0.00432247,-0.01053293,-6644.3283,630814.5920,OK,0.0000,265.7731,4.0000,96.0000,AG03-UNRESOLVED,ALL5_LEVELS_bet23_to_bet27,265.7731,265.7731,265.7731,332.2164,332.2164,4.000000,4.000000,4.000000,5.000000,5.000000,96.000000,96.000000,96.000000,95.000000,95.000000,5.0,1461.7522,1339.0033,5182.5761,5305.325,PENDING_AG03,FALSE,NOT_FOR_ENFORCEMENT,6378.5552,554612.3973,6644.3283,6378.5552,265.7731,0.01053293,0.01011162,265.7731,6378.5552,0.01011162,265.7731,265.7731,265.7731,332.2164,332.2164,6378.5552,0.01011162,1461.7522,1339.0033,5182.5761,5305.325,0.00821569,0.00841028,0.00042132,144.3512,141.7025,1.6297,93.5821,10.0216,8884.7126,57.4225,158.2289,140.3023,51.4311,102.8621,129.7286,258.1778,514.3107,1008.3546,77.1466,0.0,5.0,9.802971,1.403346,17,104,92,7,0.24757185,0.01053293,0.02940797,0E-8,0.000000,0.915834,0.000000,-0.02508550,2026-05-12,2026-08-06,71,663,310,87,0.816092,1.127771,1.096139,0.825239,,,,,,,,GLOBAL_BASELINE_NO_ENTITY_RANKING,,,NOT_APPLICABLE_GLOBAL_BASELINE,HF9g-P5,,,,X 全窗基线 · 不参与实体赏罚,14193513,1420,A168_HF9F_20260827_0900,2026-08-27 09:00:00
2026-06-08,137070871,2278,0,1967.2384087224,360.0174865638,360.0174865638,0.6000000,18,12,0.45220628506944586,0.420233933333,0.9390293054131531,1.1516904365756981,0.9390293054131531,0.03197235173644586,ELIGIBLE,R03b_20260811_FULL_v1,L1_ELIGIBILITY,v2026-08-11,2026-03-21..2026-08-06,baccarat_bet02_101_all_pairs_incl_sentinel,round_win = game_pnl > 0 (decisive only),COMPATIBILITY_ONLY_NOT_PRODUCTION,630814.5920,577721.2471,6644.3283,4370,4077,-0.01053293,-0.02940797,-0.00432247,-0.01053293,-6644.3283,630814.5920,OK,0.0000,265.7731,4.0000,96.0000,AG03-UNRESOLVED,ALL5_LEVELS_bet23_to_bet27,265.7731,265.7731,265.7731,332.2164,332.2164,4.000000,4.000000,4.000000,5.000000,5.000000,96.000000,96.000000,96.000000,95.000000,95.000000,5.0,1461.7522,1339.0033,5182.5761,5305.325,PENDING_AG03,FALSE,NOT_FOR_ENFORCEMENT,6378.5552,554612.3973,6644.3283,6378.5552,265.7731,0.01053293,0.01011162,265.7731,6378.5552,0.01011162,265.7731,265.7731,265.7731,332.2164,332.2164,6378.5552,0.01011162,1461.7522,1339.0033,5182.5761,5305.325,0.00821569,0.00841028,0.00042132,144.3512,141.7025,1.6297,93.5821,10.0216,8884.7126,57.4225,158.2289,140.3023,51.4311,102.8621,129.7286,258.1778,514.3107,1008.3546,77.1466,0.0,5.0,9.802971,1.403346,17,104,92,7,0.24757185,0.01053293,0.02940797,0E-8,0.000000,0.915834,0.000000,-0.02508550,2026-05-12,2026-08-06,71,663,310,87,0.816092,1.127771,1.096139,0.825239,,,,,,,,GLOBAL_BASELINE_NO_ENTITY_RANKING,,,NOT_APPLICABLE_GLOBAL_BASELINE,HF9g-P5,,,,X 全窗基线 · 不参与实体赏罚,14193514,1420,A168_HF9F_20260827_0900,2026-08-27 09:00:00
2026-06-08,137070871,970,0,709.7487592254,-257.1553475455,-257.1553475455,0.3000000,11,11,0.50177608181818182,0.501776081818,-1.2761520429633397,-1.2761520429621882,-1.2761520429633397,1.8182E-13,ELIGIBLE,R03b_20260811_FULL_v1,L1_ELIGIBILITY,v2026-08-11,2026-03-21..2026-08-06,baccarat_bet02_101_all_pairs_incl_sentinel,round_win = game_pnl > 0 (decisive only),COMPATIBILITY_ONLY_NOT_PRODUCTION,630814.5920,577721.2471,6644.3283,4370,4077,-0.01053293,-0.02940797,-0.00432247,-0.01053293,-6644.3283,630814.5920,OK,0.0000,265.7731,4.0000,96.0000,AG03-UNRESOLVED,ALL5_LEVELS_bet23_to_bet27,265.7731,265.7731,265.7731,332.2164,332.2164,4.000000,4.000000,4.000000,5.000000,5.000000,96.000000,96.000000,96.000000,95.000000,95.000000,5.0,1461.7522,1339.0033,5182.5761,5305.325,PENDING_AG03,FALSE,NOT_FOR_ENFORCEMENT,6378.5552,554612.3973,6644.3283,6378.5552,265.7731,0.01053293,0.01011162,265.7731,6378.5552,0.01011162,265.7731,265.7731,265.7731,332.2164,332.2164,6378.5552,0.01011162,1461.7522,1339.0033,5182.5761,5305.325,0.00821569,0.00841028,0.00042132,144.3512,141.7025,1.6297,93.5821,10.0216,8884.7126,57.4225,158.2289,140.3023,51.4311,102.8621,129.7286,258.1778,514.3107,1008.3546,77.1466,0.0,5.0,9.802971,1.403346,17,104,92,7,0.24757185,0.01053293,0.02940797,0E-8,0.000000,0.915834,0.000000,-0.02508550,2026-05-12,2026-08-06,71,663,310,87,0.816092,1.127771,1.096139,0.825239,,,,,,,,GLOBAL_BASELINE_NO_ENTITY_RANKING,,,NOT_APPLICABLE_GLOBAL_BASELINE,HF9g-P5,,,,X 全窗基线 · 不参与实体赏罚,14193515,1420,A168_HF9F_20260827_0900,2026-08-27 09:00:00
2026-06-08,137070871,986,0,537.4546763700,-537.4546763700,-537.4546763700,0E-7,2,2,0.49324550000000000,0.493245500000,-1.3952362676504506,-1.3952362676504506,-1.3952362676504506,0E-17,ELIGIBLE,R03b_20260811_FULL_v1,L1_ELIGIBILITY,v2026-08-11,2026-03-21..2026-08-06,baccarat_bet02_101_all_pairs_incl_sentinel,round_win = game_pnl > 0 (decisive only),COMPATIBILITY_ONLY_NOT_PRODUCTION,630814.5920,577721.2471,6644.3283,4370,4077,-0.01053293,-0.02940797,-0.00432247,-0.01053293,-6644.3283,630814.5920,OK,0.0000,265.7731,4.0000,96.0000,AG03-UNRESOLVED,ALL5_LEVELS_bet23_to_bet27,265.7731,265.7731,265.7731,332.2164,332.2164,4.000000,4.000000,4.000000,5.000000,5.000000,96.000000,96.000000,96.000000,95.000000,95.000000,5.0,1461.7522,1339.0033,5182.5761,5305.325,PENDING_AG03,FALSE,NOT_FOR_ENFORCEMENT,6378.5552,554612.3973,6644.3283,6378.5552,265.7731,0.01053293,0.01011162,265.7731,6378.5552,0.01011162,265.7731,265.7731,265.7731,332.2164,332.2164,6378.5552,0.01011162,1461.7522,1339.0033,5182.5761,5305.325,0.00821569,0.00841028,0.00042132,144.3512,141.7025,1.6297,93.5821,10.0216,8884.7126,57.4225,158.2289,140.3023,51.4311,102.8621,129.7286,258.1778,514.3107,1008.3546,77.1466,0.0,5.0,9.802971,1.403346,17,104,92,7,0.24757185,0.01053293,0.02940797,0E-8,0.000000,0.915834,0.000000,-0.02508550,2026-05-12,2026-08-06,71,663,310,87,0.816092,1.127771,1.096139,0.825239,,,,,,,,GLOBAL_BASELINE_NO_ENTITY_RANKING,,,NOT_APPLICABLE_GLOBAL_BASELINE,HF9g-P5,,,,X 全窗基线 · 不参与实体赏罚,14193516,1420,A168_HF9F_20260827_0900,2026-08-27 09:00:00
2026-06-09,137070871,1210,0,2149.8187054802,-470.5942860083,-470.5942860083,0.3529412,25,19,0.46926622214909589,0.448779184211,-0.9610581826791336,-0.794480204503805,-0.9610581826791336,0.02048703793809589,ELIGIBLE,R03b_20260811_FULL_v1,L1_ELIGIBILITY,v2026-08-11,2026-03-21..2026-08-06,baccarat_bet02_101_all_pairs_incl_sentinel,round_win = game_pnl > 0 (decisive only),COMPATIBILITY_ONLY_NOT_PRODUCTION,630814.5920,577721.2471,6644.3283,4370,4077,-0.01053293,-0.02940797,-0.00432247,-0.01053293,-6644.3283,630814.5920,OK,0.0000,265.7731,4.0000,96.0000,AG03-UNRESOLVED,ALL5_LEVELS_bet23_to_bet27,265.7731,265.7731,265.7731,332.2164,332.2164,4.000000,4.000000,4.000000,5.000000,5.000000,96.000000,96.000000,96.000000,95.000000,95.000000,5.0,1461.7522,1339.0033,5182.5761,5305.325,PENDING_AG03,FALSE,NOT_FOR_ENFORCEMENT,6378.5552,554612.3973,6644.3283,6378.5552,265.7731,0.01053293,0.01011162,265.7731,6378.5552,0.01011162,265.7731,265.7731,265.7731,332.2164,332.2164,6378.5552,0.01011162,1461.7522,1339.0033,5182.5761,5305.325,0.00821569,0.00841028,0.00042132,144.3512,141.7025,1.6297,93.5821,10.0216,8884.7126,57.4225,158.2289,140.3023,51.4311,102.8621,129.7286,258.1778,514.3107,1008.3546,77.1466,0.0,5.0,9.802971,1.403346,17,104,92,7,0.24757185,0.01053293,0.02940797,0E-8,0.000000,0.915834,0.000000,-0.02508550,2026-05-12,2026-08-06,71,663,310,87,0.816092,1.127771,1.096139,0.825239,,,,,,,,GLOBAL_BASELINE_NO_ENTITY_RANKING,,,NOT_APPLICABLE_GLOBAL_BASELINE,HF9g-P5,,,,X 全窗基线 · 不参与实体赏罚,14193517,1420,A168_HF9F_20260827_0900,2026-08-27 09:00:00
2026-06-09,137070871,1299,0,1486.3579088128,488.5951603365,488.5951603365,0.7142857,12,10,0.46053970777777778,0.460097386667,1.3468987622316952,1.3493419601788401,1.3468987622316952,0.00044232111077778,ELIGIBLE,R03b_20260811_FULL_v1,L1_ELIGIBILITY,v2026-08-11,2026-03-21..2026-08-06,baccarat_bet02_101_all_pairs_incl_sentinel,round_win = game_pnl > 0 (decisive only),COMPATIBILITY_ONLY_NOT_PRODUCTION,630814.5920,577721.2471,6644.3283,4370,4077,-0.01053293,-0.02940797,-0.00432247,-0.01053293,-6644.3283,630814.5920,OK,0.0000,265.7731,4.0000,96.0000,AG03-UNRESOLVED,ALL5_LEVELS_bet23_to_bet27,265.7731,265.7731,265.7731,332.2164,332.2164,4.000000,4.000000,4.000000,5.000000,5.000000,96.000000,96.000000,96.000000,95.000000,95.000000,5.0,1461.7522,1339.0033,5182.5761,5305.325,PENDING_AG03,FALSE,NOT_FOR_ENFORCEMENT,6378.5552,554612.3973,6644.3283,6378.5552,265.7731,0.01053293,0.01011162,265.7731,6378.5552,0.01011162,265.7731,265.7731,265.7731,332.2164,332.2164,6378.5552,0.01011162,1461.7522,1339.0033,5182.5761,5305.325,0.00821569,0.00841028,0.00042132,144.3512,141.7025,1.6297,93.5821,10.0216,8884.7126,57.4225,158.2289,140.3023,51.4311,102.8621,129.7286,258.1778,514.3107,1008.3546,77.1466,0.0,5.0,9.802971,1.403346,17,104,92,7,0.24757185,0.01053293,0.02940797,0E-8,0.000000,0.915834,0.000000,-0.02508550,2026-05-12,2026-08-06,71,663,310,87,0.816092,1.127771,1.096139,0.825239,,,,,,,,GLOBAL_BASELINE_NO_ENTITY_RANKING,,,NOT_APPLICABLE_GLOBAL_BASELINE,HF9g-P5,,,,X 全窗基线 · 不参与实体赏罚,14193518,1420,A168_HF9F_20260827_0900,2026-08-27 09:00:00
2026-06-09,137070871,1306,0,4774.6033378766,1322.2927970787,1322.2927970787,0.5000000,14,13,0.47136125769230769,0.471361257692,0.1814251562015259,0.1814251562034815,0.1814251562015259,3.0769E-13,ELIGIBLE,R03b_20260811_FULL_v1,L1_ELIGIBILITY,v2026-08-11,2026-03-21..2026-08-06,baccarat_bet02_101_all_pairs_incl_sentinel,round_win = game_pnl > 0 (decisive only),COMPATIBILITY_ONLY_NOT_PRODUCTION,630814.5920,577721.2471,6644.3283,4370,4077,-0.01053293,-0.02940797,-0.00432247,-0.01053293,-6644.3283,630814.5920,OK,0.0000,265.7731,4.0000,96.0000,AG03-UNRESOLVED,ALL5_LEVELS_bet23_to_bet27,265.7731,265.7731,265.7731,332.2164,332.2164,4.000000,4.000000,4.000000,5.000000,5.000000,96.000000,96.000000,96.000000,95.000000,95.000000,5.0,1461.7522,1339.0033,5182.5761,5305.325,PENDING_AG03,FALSE,NOT_FOR_ENFORCEMENT,6378.5552,554612.3973,6644.3283,6378.5552,265.7731,0.01053293,0.01011162,265.7731,6378.5552,0.01011162,265.7731,265.7731,265.7731,332.2164,332.2164,6378.5552,0.01011162,1461.7522,1339.0033,5182.5761,5305.325,0.00821569,0.00841028,0.00042132,144.3512,141.7025,1.6297,93.5821,10.0216,8884.7126,57.4225,158.2289,140.3023,51.4311,102.8621,129.7286,258.1778,514.3107,1008.3546,77.1466,0.0,5.0,9.802971,1.403346,17,104,92,7,0.24757185,0.01053293,0.02940797,0E-8,0.000000,0.915834,0.000000,-0.02508550,2026-05-12,2026-08-06,71,663,310,87,0.816092,1.127771,1.096139,0.825239,,,,,,,,GLOBAL_BASELINE_NO_ENTITY_RANKING,,,NOT_APPLICABLE_GLOBAL_BASELINE,HF9g-P5,,,,X 全窗基线 · 不参与实体赏罚,14193519,1420,A168_HF9F_20260827_0900,2026-08-27 09:00:00
2026-06-09,137070871,1318,0,102.8621390181,-2.5715534754,-2.5715534754,0.5000000,3,2,0.29067452500000000,0.290674525000,0.6519447895314049,0.6519447895314049,0.6519447895314049,0E-17,ELIGIBLE,R03b_20260811_FULL_v1,L1_ELIGIBILITY,v2026-08-11,2026-03-21..2026-08-06,baccarat_bet02_101_all_pairs_incl_sentinel,round_win = game_pnl > 0 (decisive only),COMPATIBILITY_ONLY_NOT_PRODUCTION,630814.5920,577721.2471,6644.3283,4370,4077,-0.01053293,-0.02940797,-0.00432247,-0.01053293,-6644.3283,630814.5920,OK,0.0000,265.7731,4.0000,96.0000,AG03-UNRESOLVED,ALL5_LEVELS_bet23_to_bet27,265.7731,265.7731,265.7731,332.2164,332.2164,4.000000,4.000000,4.000000,5.000000,5.000000,96.000000,96.000000,96.000000,95.000000,95.000000,5.0,1461.7522,1339.0033,5182.5761,5305.325,PENDING_AG03,FALSE,NOT_FOR_ENFORCEMENT,6378.5552,554612.3973,6644.3283,6378.5552,265.7731,0.01053293,0.01011162,265.7731,6378.5552,0.01011162,265.7731,265.7731,265.7731,332.2164,332.2164,6378.5552,0.01011162,1461.7522,1339.0033,5182.5761,5305.325,0.00821569,0.00841028,0.00042132,144.3512,141.7025,1.6297,93.5821,10.0216,8884.7126,57.4225,158.2289,140.3023,51.4311,102.8621,129.7286,258.1778,514.3107,1008.3546,77.1466,0.0,5.0,9.802971,1.403346,17,104,92,7,0.24757185,0.01053293,0.02940797,0E-8,0.000000,0.915834,0.000000,-0.02508550,2026-05-12,2026-08-06,71,663,310,87,0.816092,1.127771,1.096139,0.825239,,,,,,,,GLOBAL_BASELINE_NO_ENTITY_RANKING,,,NOT_APPLICABLE_GLOBAL_BASELINE,HF9g-P5,,,,X 全窗基线 · 不参与实体赏罚,14193520,1420,A168_HF9F_20260827_0900,2026-08-27 09:00:00
2026-06-09,137070871,1331,0,2005.8117108544,433.3067606143,433.3067606143,0.5384615,14,14,0.50282064285714286,0.502820642857,0.2570142428668154,0.25701424286784513,0.2570142428668154,1.4286E-13,ELIGIBLE,R03b_20260811_FULL_v1,L1_ELIGIBILITY,v2026-08-11,2026-03-21..2026-08-06,baccarat_bet02_101_all_pairs_incl_sentinel,round_win = game_pnl > 0 (decisive only),COMPATIBILITY_ONLY_NOT_PRODUCTION,630814.5920,577721.2471,6644.3283,4370,4077,-0.01053293,-0.02940797,-0.00432247,-0.01053293,-6644.3283,630814.5920,OK,0.0000,265.7731,4.0000,96.0000,AG03-UNRESOLVED,ALL5_LEVELS_bet23_to_bet27,265.7731,265.7731,265.7731,332.2164,332.2164,4.000000,4.000000,4.000000,5.000000,5.000000,96.000000,96.000000,96.000000,95.000000,95.000000,5.0,1461.7522,1339.0033,5182.5761,5305.325,PENDING_AG03,FALSE,NOT_FOR_ENFORCEMENT,6378.5552,554612.3973,6644.3283,6378.5552,265.7731,0.01053293,0.01011162,265.7731,6378.5552,0.01011162,265.7731,265.7731,265.7731,332.2164,332.2164,6378.5552,0.01011162,1461.7522,1339.0033,5182.5761,5305.325,0.00821569,0.00841028,0.00042132,144.3512,141.7025,1.6297,93.5821,10.0216,8884.7126,57.4225,158.2289,140.3023,51.4311,102.8621,129.7286,258.1778,514.3107,1008.3546,77.1466,0.0,5.0,9.802971,1.403346,17,104,92,7,0.24757185,0.01053293,0.02940797,0E-8,0.000000,0.915834,0.000000,-0.02508550,2026-05-12,2026-08-06,71,663,310,87,0.816092,1.127771,1.096139,0.825239,,,,,,,,GLOBAL_BASELINE_NO_ENTITY_RANKING,,,NOT_APPLICABLE_GLOBAL_BASELINE,HF9g-P5,,,,X 全窗基线 · 不参与实体赏罚,14193521,1420,A168_HF9F_20260827_0900,2026-08-27 09:00:00
2026-06-09,137070871,1383,0,385.7330213182,-385.7330213182,-385.7330213182,0E-7,1,1,0.50665070000000000,0.506650700000,-1.013391052207602,-1.013391052207602,-1.013391052207602,0E-17,ELIGIBLE,R03b_20260811_FULL_v1,L1_ELIGIBILITY,v2026-08-11,2026-03-21..2026-08-06,baccarat_bet02_101_all_pairs_incl_sentinel,round_win = game_pnl > 0 (decisive only),COMPATIBILITY_ONLY_NOT_PRODUCTION,630814.5920,577721.2471,6644.3283,4370,4077,-0.01053293,-0.02940797,-0.00432247,-0.01053293,-6644.3283,630814.5920,OK,0.0000,265.7731,4.0000,96.0000,AG03-UNRESOLVED,ALL5_LEVELS_bet23_to_bet27,265.7731,265.7731,265.7731,332.2164,332.2164,4.000000,4.000000,4.000000,5.000000,5.000000,96.000000,96.000000,96.000000,95.000000,95.000000,5.0,1461.7522,1339.0033,5182.5761,5305.325,PENDING_AG03,FALSE,NOT_FOR_ENFORCEMENT,6378.5552,554612.3973,6644.3283,6378.5552,265.7731,0.01053293,0.01011162,265.7731,6378.5552,0.01011162,265.7731,265.7731,265.7731,332.2164,332.2164,6378.5552,0.01011162,1461.7522,1339.0033,5182.5761,5305.325,0.00821569,0.00841028,0.00042132,144.3512,141.7025,1.6297,93.5821,10.0216,8884.7126,57.4225,158.2289,140.3023,51.4311,102.8621,129.7286,258.1778,514.3107,1008.3546,77.1466,0.0,5.0,9.802971,1.403346,17,104,92,7,0.24757185,0.01053293,0.02940797,0E-8,0.000000,0.915834,0.000000,-0.02508550,2026-05-12,2026-08-06,71,663,310,87,0.816092,1.127771,1.096139,0.825239,,,,,,,,GLOBAL_BASELINE_NO_ENTITY_RANKING,,,NOT_APPLICABLE_GLOBAL_BASELINE,HF9g-P5,,,,X 全窗基线 · 不参与实体赏罚,14193522,1420,A168_HF9F_20260827_0900,2026-08-27 09:00:00
2026-06-09,137070871,1505,0,257.1553475453,2E-10,2E-10,0.5000000,7,5,0.32582664000000000,0.325826640000,0.743246096511002,0.743246096511002,0.743246096511002,0E-17,ELIGIBLE,R03b_20260811_FULL_v1,L1_ELIGIBILITY,v2026-08-11,2026-03-21..2026-08-06,baccarat_bet02_101_all_pairs_incl_sentinel,round_win = game_pnl > 0 (decisive only),COMPATIBILITY_ONLY_NOT_PRODUCTION,630814.5920,577721.2471,6644.3283,4370,4077,-0.01053293,-0.02940797,-0.00432247,-0.01053293,-6644.3283,630814.5920,OK,0.0000,265.7731,4.0000,96.0000,AG03-UNRESOLVED,ALL5_LEVELS_bet23_to_bet27,265.7731,265.7731,265.7731,332.2164,332.2164,4.000000,4.000000,4.000000,5.000000,5.000000,96.000000,96.000000,96.000000,95.000000,95.000000,5.0,1461.7522,1339.0033,5182.5761,5305.325,PENDING_AG03,FALSE,NOT_FOR_ENFORCEMENT,6378.5552,554612.3973,6644.3283,6378.5552,265.7731,0.01053293,0.01011162,265.7731,6378.5552,0.01011162,265.7731,265.7731,265.7731,332.2164,332.2164,6378.5552,0.01011162,1461.7522,1339.0033,5182.5761,5305.325,0.00821569,0.00841028,0.00042132,144.3512,141.7025,1.6297,93.5821,10.0216,8884.7126,57.4225,158.2289,140.3023,51.4311,102.8621,129.7286,258.1778,514.3107,1008.3546,77.1466,0.0,5.0,9.802971,1.403346,17,104,92,7,0.24757185,0.01053293,0.02940797,0E-8,0.000000,0.915834,0.000000,-0.02508550,2026-05-12,2026-08-06,71,663,310,87,0.816092,1.127771,1.096139,0.825239,,,,,,,,GLOBAL_BASELINE_NO_ENTITY_RANKING,,,NOT_APPLICABLE_GLOBAL_BASELINE,HF9g-P5,,,,X 全窗基线 · 不参与实体赏罚,14193523,1420,A168_HF9F_20260827_0900,2026-08-27 09:00:00
2026-06-09,137070871,1623,0,102.8621390182,-2.5715534755,-2.5715534755,0.5000000,2,2,0.50665070000000000,0.506650700000,-0.018812684590367487,-0.018812684590367487,-0.018812684590367487,0E-17,ELIGIBLE,R03b_20260811_FULL_v1,L1_ELIGIBILITY,v2026-08-11,2026-03-21..2026-08-06,baccarat_bet02_101_all_pairs_incl_sentinel,round_win = game_pnl > 0 (decisive only),COMPATIBILITY_ONLY_NOT_PRODUCTION,630814.5920,577721.2471,6644.3283,4370,4077,-0.01053293,-0.02940797,-0.00432247,-0.01053293,-6644.3283,630814.5920,OK,0.0000,265.7731,4.0000,96.0000,AG03-UNRESOLVED,ALL5_LEVELS_bet23_to_bet27,265.7731,265.7731,265.7731,332.2164,332.2164,4.000000,4.000000,4.000000,5.000000,5.000000,96.000000,96.000000,96.000000,95.000000,95.000000,5.0,1461.7522,1339.0033,5182.5761,5305.325,PENDING_AG03,FALSE,NOT_FOR_ENFORCEMENT,6378.5552,554612.3973,6644.3283,6378.5552,265.7731,0.01053293,0.01011162,265.7731,6378.5552,0.01011162,265.7731,265.7731,265.7731,332.2164,332.2164,6378.5552,0.01011162,1461.7522,1339.0033,5182.5761,5305.325,0.00821569,0.00841028,0.00042132,144.3512,141.7025,1.6297,93.5821,10.0216,8884.7126,57.4225,158.2289,140.3023,51.4311,102.8621,129.7286,258.1778,514.3107,1008.3546,77.1466,0.0,5.0,9.802971,1.403346,17,104,92,7,0.24757185,0.01053293,0.02940797,0E-8,0.000000,0.915834,0.000000,-0.02508550,2026-05-12,2026-08-06,71,663,310,87,0.816092,1.127771,1.096139,0.825239,,,,,,,,GLOBAL_BASELINE_NO_ENTITY_RANKING,,,NOT_APPLICABLE_GLOBAL_BASELINE,HF9g-P5,,,,X 全窗基线 · 不参与实体赏罚,14193524,1420,A168_HF9F_20260827_0900,2026-08-27 09:00:00
2026-06-09,137070871,1704,0,1028.6213901820,-270.0131149228,-270.0131149228,0.3333333,4,4,0.50665070000000000,0.506650700000,-0.6004420894325239,-0.6004420894325239,-0.6004420894325239,0E-17,ELIGIBLE,R03b_20260811_FULL_v1,L1_ELIGIBILITY,v2026-08-11,2026-03-21..2026-08-06,baccarat_bet02_101_all_pairs_incl_sentinel,round_win = game_pnl > 0 (decisive only),COMPATIBILITY_ONLY_NOT_PRODUCTION,630814.5920,577721.2471,6644.3283,4370,4077,-0.01053293,-0.02940797,-0.00432247,-0.01053293,-6644.3283,630814.5920,OK,0.0000,265.7731,4.0000,96.0000,AG03-UNRESOLVED,ALL5_LEVELS_bet23_to_bet27,265.7731,265.7731,265.7731,332.2164,332.2164,4.000000,4.000000,4.000000,5.000000,5.000000,96.000000,96.000000,96.000000,95.000000,95.000000,5.0,1461.7522,1339.0033,5182.5761,5305.325,PENDING_AG03,FALSE,NOT_FOR_ENFORCEMENT,6378.5552,554612.3973,6644.3283,6378.5552,265.7731,0.01053293,0.01011162,265.7731,6378.5552,0.01011162,265.7731,265.7731,265.7731,332.2164,332.2164,6378.5552,0.01011162,1461.7522,1339.0033,5182.5761,5305.325,0.00821569,0.00841028,0.00042132,144.3512,141.7025,1.6297,93.5821,10.0216,8884.7126,57.4225,158.2289,140.3023,51.4311,102.8621,129.7286,258.1778,514.3107,1008.3546,77.1466,0.0,5.0,9.802971,1.403346,17,104,92,7,0.24757185,0.01053293,0.02940797,0E-8,0.000000,0.915834,0.000000,-0.02508550,2026-05-12,2026-08-06,71,663,310,87,0.816092,1.127771,1.096139,0.825239,,,,,,,,GLOBAL_BASELINE_NO_ENTITY_RANKING,,,NOT_APPLICABLE_GLOBAL_BASELINE,HF9g-P5,,,,X 全窗基线 · 不参与实体赏罚,14193525,1420,A168_HF9F_20260827_0900,2026-08-27 09:00:00
2026-06-09,137070871,1710,0,514.3106950910,-12.8577673773,-12.8577673773,0.5000000,2,2,0.50665070000000000,0.506650700000,-0.018812684590367487,-0.018812684590367487,-0.018812684590367487,0E-17,ELIGIBLE,R03b_20260811_FULL_v1,L1_ELIGIBILITY,v2026-08-11,2026-03-21..2026-08-06,baccarat_bet02_101_all_pairs_incl_sentinel,round_win = game_pnl > 0 (decisive only),COMPATIBILITY_ONLY_NOT_PRODUCTION,630814.5920,577721.2471,6644.3283,4370,4077,-0.01053293,-0.02940797,-0.00432247,-0.01053293,-6644.3283,630814.5920,OK,0.0000,265.7731,4.0000,96.0000,AG03-UNRESOLVED,ALL5_LEVELS_bet23_to_bet27,265.7731,265.7731,265.7731,332.2164,332.2164,4.000000,4.000000,4.000000,5.000000,5.000000,96.000000,96.000000,96.000000,95.000000,95.000000,5.0,1461.7522,1339.0033,5182.5761,5305.325,PENDING_AG03,FALSE,NOT_FOR_ENFORCEMENT,6378.5552,554612.3973,6644.3283,6378.5552,265.7731,0.01053293,0.01011162,265.7731,6378.5552,0.01011162,265.7731,265.7731,265.7731,332.2164,332.2164,6378.5552,0.01011162,1461.7522,1339.0033,5182.5761,5305.325,0.00821569,0.00841028,0.00042132,144.3512,141.7025,1.6297,93.5821,10.0216,8884.7126,57.4225,158.2289,140.3023,51.4311,102.8621,129.7286,258.1778,514.3107,1008.3546,77.1466,0.0,5.0,9.802971,1.403346,17,104,92,7,0.24757185,0.01053293,0.02940797,0E-8,0.000000,0.915834,0.000000,-0.02508550,2026-05-12,2026-08-06,71,663,310,87,0.816092,1.127771,1.096139,0.825239,,,,,,,,GLOBAL_BASELINE_NO_ENTITY_RANKING,,,NOT_APPLICABLE_GLOBAL_BASELINE,HF9g-P5,,,,X 全窗基线 · 不参与实体赏罚,14193526,1420,A168_HF9F_20260827_0900,2026-08-27 09:00:00
2026-06-09,137070871,1994,0,82.2897112145,-20.5724278036,-20.5724278036,0.3333333,7,3,0.22310567777777778,0.223105677778,0.4585797917067744,0.4585797917056871,0.4585797917067744,-2.2222E-13,ELIGIBLE,R03b_20260811_FULL_v1,L1_ELIGIBILITY,v2026-08-11,2026-03-21..2026-08-06,baccarat_bet02_101_all_pairs_incl_sentinel,round_win = game_pnl > 0 (decisive only),COMPATIBILITY_ONLY_NOT_PRODUCTION,630814.5920,577721.2471,6644.3283,4370,4077,-0.01053293,-0.02940797,-0.00432247,-0.01053293,-6644.3283,630814.5920,OK,0.0000,265.7731,4.0000,96.0000,AG03-UNRESOLVED,ALL5_LEVELS_bet23_to_bet27,265.7731,265.7731,265.7731,332.2164,332.2164,4.000000,4.000000,4.000000,5.000000,5.000000,96.000000,96.000000,96.000000,95.000000,95.000000,5.0,1461.7522,1339.0033,5182.5761,5305.325,PENDING_AG03,FALSE,NOT_FOR_ENFORCEMENT,6378.5552,554612.3973,6644.3283,6378.5552,265.7731,0.01053293,0.01011162,265.7731,6378.5552,0.01011162,265.7731,265.7731,265.7731,332.2164,332.2164,6378.5552,0.01011162,1461.7522,1339.0033,5182.5761,5305.325,0.00821569,0.00841028,0.00042132,144.3512,141.7025,1.6297,93.5821,10.0216,8884.7126,57.4225,158.2289,140.3023,51.4311,102.8621,129.7286,258.1778,514.3107,1008.3546,77.1466,0.0,5.0,9.802971,1.403346,17,104,92,7,0.24757185,0.01053293,0.02940797,0E-8,0.000000,0.915834,0.000000,-0.02508550,2026-05-12,2026-08-06,71,663,310,87,0.816092,1.127771,1.096139,0.825239,,,,,,,,GLOBAL_BASELINE_NO_ENTITY_RANKING,,,NOT_APPLICABLE_GLOBAL_BASELINE,HF9g-P5,,,,X 全窗基线 · 不参与实体赏罚,14193527,1420,A168_HF9F_20260827_0900,2026-08-27 09:00:00
2026-06-09,137070871,2142,0,4527.4770488852,767.6601434928,767.6601434928,0.4736842,27,22,0.45610230189393887,0.440671684849,0.15386968931206277,0.28984417500599546,0.15386968931206277,0.01543061704493887,ELIGIBLE,R03b_20260811_FULL_v1,L1_ELIGIBILITY,v2026-08-11,2026-03-21..2026-08-06,baccarat_bet02_101_all_pairs_incl_sentinel,round_win = game_pnl > 0 (decisive only),COMPATIBILITY_ONLY_NOT_PRODUCTION,630814.5920,577721.2471,6644.3283,4370,4077,-0.01053293,-0.02940797,-0.00432247,-0.01053293,-6644.3283,630814.5920,OK,0.0000,265.7731,4.0000,96.0000,AG03-UNRESOLVED,ALL5_LEVELS_bet23_to_bet27,265.7731,265.7731,265.7731,332.2164,332.2164,4.000000,4.000000,4.000000,5.000000,5.000000,96.000000,96.000000,96.000000,95.000000,95.000000,5.0,1461.7522,1339.0033,5182.5761,5305.325,PENDING_AG03,FALSE,NOT_FOR_ENFORCEMENT,6378.5552,554612.3973,6644.3283,6378.5552,265.7731,0.01053293,0.01011162,265.7731,6378.5552,0.01011162,265.7731,265.7731,265.7731,332.2164,332.2164,6378.5552,0.01011162,1461.7522,1339.0033,5182.5761,5305.325,0.00821569,0.00841028,0.00042132,144.3512,141.7025,1.6297,93.5821,10.0216,8884.7126,57.4225,158.2289,140.3023,51.4311,102.8621,129.7286,258.1778,514.3107,1008.3546,77.1466,0.0,5.0,9.802971,1.403346,17,104,92,7,0.24757185,0.01053293,0.02940797,0E-8,0.000000,0.915834,0.000000,-0.02508550,2026-05-12,2026-08-06,71,663,310,87,0.816092,1.127771,1.096139,0.825239,,,,,,,,GLOBAL_BASELINE_NO_ENTITY_RANKING,,,NOT_APPLICABLE_GLOBAL_BASELINE,HF9g-P5,,,,X 全窗基线 · 不参与实体赏罚,14193528,1420,A168_HF9F_20260827_0900,2026-08-27 09:00:00
2026-06-09,137070871,2155,0,1028.6213901819,977.1903206728,977.1903206728,1.0000000,3,3,0.50665070000000000,0.506650700000,1.7091633124209307,1.7091633124209307,1.7091633124209307,0E-17,ELIGIBLE,R03b_20260811_FULL_v1,L1_ELIGIBILITY,v2026-08-11,2026-03-21..2026-08-06,baccarat_bet02_101_all_pairs_incl_sentinel,round_win = game_pnl > 0 (decisive only),COMPATIBILITY_ONLY_NOT_PRODUCTION,630814.5920,577721.2471,6644.3283,4370,4077,-0.01053293,-0.02940797,-0.00432247,-0.01053293,-6644.3283,630814.5920,OK,0.0000,265.7731,4.0000,96.0000,AG03-UNRESOLVED,ALL5_LEVELS_bet23_to_bet27,265.7731,265.7731,265.7731,332.2164,332.2164,4.000000,4.000000,4.000000,5.000000,5.000000,96.000000,96.000000,96.000000,95.000000,95.000000,5.0,1461.7522,1339.0033,5182.5761,5305.325,PENDING_AG03,FALSE,NOT_FOR_ENFORCEMENT,6378.5552,554612.3973,6644.3283,6378.5552,265.7731,0.01053293,0.01011162,265.7731,6378.5552,0.01011162,265.7731,265.7731,265.7731,332.2164,332.2164,6378.5552,0.01011162,1461.7522,1339.0033,5182.5761,5305.325,0.00821569,0.00841028,0.00042132,144.3512,141.7025,1.6297,93.5821,10.0216,8884.7126,57.4225,158.2289,140.3023,51.4311,102.8621,129.7286,258.1778,514.3107,1008.3546,77.1466,0.0,5.0,9.802971,1.403346,17,104,92,7,0.24757185,0.01053293,0.02940797,0E-8,0.000000,0.915834,0.000000,-0.02508550,2026-05-12,2026-08-06,71,663,310,87,0.816092,1.127771,1.096139,0.825239,,,,,,,,GLOBAL_BASELINE_NO_ENTITY_RANKING,,,NOT_APPLICABLE_GLOBAL_BASELINE,HF9g-P5,,,,X 全窗基线 · 不参与实体赏罚,14193529,1420,A168_HF9F_20260827_0900,2026-08-27 09:00:00
2026-06-09,137070871,2160,0,3085.8641705459,488.5951603363,488.5951603363,0.5454545,11,11,0.50055742727272727,0.500557427273,0.2978139754313191,0.2978139754295102,0.2978139754313191,-2.7273E-13,ELIGIBLE,R03b_20260811_FULL_v1,L1_ELIGIBILITY,v2026-08-11,2026-03-21..2026-08-06,baccarat_bet02_101_all_pairs_incl_sentinel,round_win = game_pnl > 0 (decisive only),COMPATIBILITY_ONLY_NOT_PRODUCTION,630814.5920,577721.2471,6644.3283,4370,4077,-0.01053293,-0.02940797,-0.00432247,-0.01053293,-6644.3283,630814.5920,OK,0.0000,265.7731,4.0000,96.0000,AG03-UNRESOLVED,ALL5_LEVELS_bet23_to_bet27,265.7731,265.7731,265.7731,332.2164,332.2164,4.000000,4.000000,4.000000,5.000000,5.000000,96.000000,96.000000,96.000000,95.000000,95.000000,5.0,1461.7522,1339.0033,5182.5761,5305.325,PENDING_AG03,FALSE,NOT_FOR_ENFORCEMENT,6378.5552,554612.3973,6644.3283,6378.5552,265.7731,0.01053293,0.01011162,265.7731,6378.5552,0.01011162,265.7731,265.7731,265.7731,332.2164,332.2164,6378.5552,0.01011162,1461.7522,1339.0033,5182.5761,5305.325,0.00821569,0.00841028,0.00042132,144.3512,141.7025,1.6297,93.5821,10.0216,8884.7126,57.4225,158.2289,140.3023,51.4311,102.8621,129.7286,258.1778,514.3107,1008.3546,77.1466,0.0,5.0,9.802971,1.403346,17,104,92,7,0.24757185,0.01053293,0.02940797,0E-8,0.000000,0.915834,0.000000,-0.02508550,2026-05-12,2026-08-06,71,663,310,87,0.816092,1.127771,1.096139,0.825239,,,,,,,,GLOBAL_BASELINE_NO_ENTITY_RANKING,,,NOT_APPLICABLE_GLOBAL_BASELINE,HF9g-P5,,,,X 全窗基线 · 不参与实体赏罚,14193530,1420,A168_HF9F_20260827_0900,2026-08-27 09:00:00
2026-06-09,137070871,2174,0,4088.7700259726,1402.7824208608,1402.7824208608,0.6153846,36,31,0.44777654596774131,0.447669532796,1.7186739827756368,1.7198102187480637,1.7186739827756368,0.00010701317174131,ELIGIBLE,R03b_20260811_FULL_v1,L1_ELIGIBILITY,v2026-08-11,2026-03-21..2026-08-06,baccarat_bet02_101_all_pairs_incl_sentinel,round_win = game_pnl > 0 (decisive only),COMPATIBILITY_ONLY_NOT_PRODUCTION,630814.5920,577721.2471,6644.3283,4370,4077,-0.01053293,-0.02940797,-0.00432247,-0.01053293,-6644.3283,630814.5920,OK,0.0000,265.7731,4.0000,96.0000,AG03-UNRESOLVED,ALL5_LEVELS_bet23_to_bet27,265.7731,265.7731,265.7731,332.2164,332.2164,4.000000,4.000000,4.000000,5.000000,5.000000,96.000000,96.000000,96.000000,95.000000,95.000000,5.0,1461.7522,1339.0033,5182.5761,5305.325,PENDING_AG03,FALSE,NOT_FOR_ENFORCEMENT,6378.5552,554612.3973,6644.3283,6378.5552,265.7731,0.01053293,0.01011162,265.7731,6378.5552,0.01011162,265.7731,265.7731,265.7731,332.2164,332.2164,6378.5552,0.01011162,1461.7522,1339.0033,5182.5761,5305.325,0.00821569,0.00841028,0.00042132,144.3512,141.7025,1.6297,93.5821,10.0216,8884.7126,57.4225,158.2289,140.3023,51.4311,102.8621,129.7286,258.1778,514.3107,1008.3546,77.1466,0.0,5.0,9.802971,1.403346,17,104,92,7,0.24757185,0.01053293,0.02940797,0E-8,0.000000,0.915834,0.000000,-0.02508550,2026-05-12,2026-08-06,71,663,310,87,0.816092,1.127771,1.096139,0.825239,,,,,,,,GLOBAL_BASELINE_NO_ENTITY_RANKING,,,NOT_APPLICABLE_GLOBAL_BASELINE,HF9g-P5,,,,X 全窗基线 · 不参与实体赏罚,14193531,1420,A168_HF9F_20260827_0900,2026-08-27 09:00:00
2026-06-09,137070871,2177,0,1712.3974593052,-516.6250932187,-516.6250932187,0.2500000,18,13,0.39415421538460147,0.383422237180,-1.021889264353769,-0.950574728676391,-1.021889264353769,0.01073197820460147,ELIGIBLE,R03b_20260811_FULL_v1,L1_ELIGIBILITY,v2026-08-11,2026-03-21..2026-08-06,baccarat_bet02_101_all_pairs_incl_sentinel,round_win = game_pnl > 0 (decisive only),COMPATIBILITY_ONLY_NOT_PRODUCTION,630814.5920,577721.2471,6644.3283,4370,4077,-0.01053293,-0.02940797,-0.00432247,-0.01053293,-6644.3283,630814.5920,OK,0.0000,265.7731,4.0000,96.0000,AG03-UNRESOLVED,ALL5_LEVELS_bet23_to_bet27,265.7731,265.7731,265.7731,332.2164,332.2164,4.000000,4.000000,4.000000,5.000000,5.000000,96.000000,96.000000,96.000000,95.000000,95.000000,5.0,1461.7522,1339.0033,5182.5761,5305.325,PENDING_AG03,FALSE,NOT_FOR_ENFORCEMENT,6378.5552,554612.3973,6644.3283,6378.5552,265.7731,0.01053293,0.01011162,265.7731,6378.5552,0.01011162,265.7731,265.7731,265.7731,332.2164,332.2164,6378.5552,0.01011162,1461.7522,1339.0033,5182.5761,5305.325,0.00821569,0.00841028,0.00042132,144.3512,141.7025,1.6297,93.5821,10.0216,8884.7126,57.4225,158.2289,140.3023,51.4311,102.8621,129.7286,258.1778,514.3107,1008.3546,77.1466,0.0,5.0,9.802971,1.403346,17,104,92,7,0.24757185,0.01053293,0.02940797,0E-8,0.000000,0.915834,0.000000,-0.02508550,2026-05-12,2026-08-06,71,663,310,87,0.816092,1.127771,1.096139,0.825239,,,,,,,,GLOBAL_BASELINE_NO_ENTITY_RANKING,,,NOT_APPLICABLE_GLOBAL_BASELINE,HF9g-P5,,,,X 全窗基线 · 不参与实体赏罚,14193532,1420,A168_HF9F_20260827_0900,2026-08-27 09:00:00
2026-06-09,137070871,2202,0,3700.7226065269,-95.9575179364,-95.9575179364,0.5000000,21,18,0.47641958842593241,0.464420912037,0.20030930942407413,0.302665816933932,0.20030930942407413,0.01199867638893241,ELIGIBLE,R03b_20260811_FULL_v1,L1_ELIGIBILITY,v2026-08-11,2026-03-21..2026-08-06,baccarat_bet02_101_all_pairs_incl_sentinel,round_win = game_pnl > 0 (decisive only),COMPATIBILITY_ONLY_NOT_PRODUCTION,630814.5920,577721.2471,6644.3283,4370,4077,-0.01053293,-0.02940797,-0.00432247,-0.01053293,-6644.3283,630814.5920,OK,0.0000,265.7731,4.0000,96.0000,AG03-UNRESOLVED,ALL5_LEVELS_bet23_to_bet27,265.7731,265.7731,265.7731,332.2164,332.2164,4.000000,4.000000,4.000000,5.000000,5.000000,96.000000,96.000000,96.000000,95.000000,95.000000,5.0,1461.7522,1339.0033,5182.5761,5305.325,PENDING_AG03,FALSE,NOT_FOR_ENFORCEMENT,6378.5552,554612.3973,6644.3283,6378.5552,265.7731,0.01053293,0.01011162,265.7731,6378.5552,0.01011162,265.7731,265.7731,265.7731,332.2164,332.2164,6378.5552,0.01011162,1461.7522,1339.0033,5182.5761,5305.325,0.00821569,0.00841028,0.00042132,144.3512,141.7025,1.6297,93.5821,10.0216,8884.7126,57.4225,158.2289,140.3023,51.4311,102.8621,129.7286,258.1778,514.3107,1008.3546,77.1466,0.0,5.0,9.802971,1.403346,17,104,92,7,0.24757185,0.01053293,0.02940797,0E-8,0.000000,0.915834,0.000000,-0.02508550,2026-05-12,2026-08-06,71,663,310,87,0.816092,1.127771,1.096139,0.825239,,,,,,,,GLOBAL_BASELINE_NO_ENTITY_RANKING,,,NOT_APPLICABLE_GLOBAL_BASELINE,HF9g-P5,,,,X 全窗基线 · 不参与实体赏罚,14193533,1420,A168_HF9F_20260827_0900,2026-08-27 09:00:00
2026-06-09,137070871,2233,0,257.1553475455,0E-10,0E-10,,1,1,0.50665070000000000,0.506650700000,,,,0E-17,NO_DECISIVE_ROUND,R03b_20260811_FULL_v1,L1_ELIGIBILITY,v2026-08-11,2026-03-21..2026-08-06,baccarat_bet02_101_all_pairs_incl_sentinel,round_win = game_pnl > 0 (decisive only),COMPATIBILITY_ONLY_NOT_PRODUCTION,630814.5920,577721.2471,6644.3283,4370,4077,-0.01053293,-0.02940797,-0.00432247,-0.01053293,-6644.3283,630814.5920,OK,0.0000,265.7731,4.0000,96.0000,AG03-UNRESOLVED,ALL5_LEVELS_bet23_to_bet27,265.7731,265.7731,265.7731,332.2164,332.2164,4.000000,4.000000,4.000000,5.000000,5.000000,96.000000,96.000000,96.000000,95.000000,95.000000,5.0,1461.7522,1339.0033,5182.5761,5305.325,PENDING_AG03,FALSE,NOT_FOR_ENFORCEMENT,6378.5552,554612.3973,6644.3283,6378.5552,265.7731,0.01053293,0.01011162,265.7731,6378.5552,0.01011162,265.7731,265.7731,265.7731,332.2164,332.2164,6378.5552,0.01011162,1461.7522,1339.0033,5182.5761,5305.325,0.00821569,0.00841028,0.00042132,144.3512,141.7025,1.6297,93.5821,10.0216,8884.7126,57.4225,158.2289,140.3023,51.4311,102.8621,129.7286,258.1778,514.3107,1008.3546,77.1466,0.0,5.0,9.802971,1.403346,17,104,92,7,0.24757185,0.01053293,0.02940797,0E-8,0.000000,0.915834,0.000000,-0.02508550,2026-05-12,2026-08-06,71,663,310,87,0.816092,1.127771,1.096139,0.825239,,,,,,,,GLOBAL_BASELINE_NO_ENTITY_RANKING,,,NOT_APPLICABLE_GLOBAL_BASELINE,HF9g-P5,,,,X 全窗基线 · 不参与实体赏罚,14193534,1420,A168_HF9F_20260827_0900,2026-08-27 09:00:00
2026-06-09,137070871,2252,0,4088.7700259729,2926.4278550676,2926.4278550676,0.8000000,20,18,0.48078774814814815,0.480787748148,2.4744348257519007,2.474434825753077,2.4744348257519007,1.4815E-13,ELIGIBLE,R03b_20260811_FULL_v1,L1_ELIGIBILITY,v2026-08-11,2026-03-21..2026-08-06,baccarat_bet02_101_all_pairs_incl_sentinel,round_win = game_pnl > 0 (decisive only),COMPATIBILITY_ONLY_NOT_PRODUCTION,630814.5920,577721.2471,6644.3283,4370,4077,-0.01053293,-0.02940797,-0.00432247,-0.01053293,-6644.3283,630814.5920,OK,0.0000,265.7731,4.0000,96.0000,AG03-UNRESOLVED,ALL5_LEVELS_bet23_to_bet27,265.7731,265.7731,265.7731,332.2164,332.2164,4.000000,4.000000,4.000000,5.000000,5.000000,96.000000,96.000000,96.000000,95.000000,95.000000,5.0,1461.7522,1339.0033,5182.5761,5305.325,PENDING_AG03,FALSE,NOT_FOR_ENFORCEMENT,6378.5552,554612.3973,6644.3283,6378.5552,265.7731,0.01053293,0.01011162,265.7731,6378.5552,0.01011162,265.7731,265.7731,265.7731,332.2164,332.2164,6378.5552,0.01011162,1461.7522,1339.0033,5182.5761,5305.325,0.00821569,0.00841028,0.00042132,144.3512,141.7025,1.6297,93.5821,10.0216,8884.7126,57.4225,158.2289,140.3023,51.4311,102.8621,129.7286,258.1778,514.3107,1008.3546,77.1466,0.0,5.0,9.802971,1.403346,17,104,92,7,0.24757185,0.01053293,0.02940797,0E-8,0.000000,0.915834,0.000000,-0.02508550,2026-05-12,2026-08-06,71,663,310,87,0.816092,1.127771,1.096139,0.825239,,,,,,,,GLOBAL_BASELINE_NO_ENTITY_RANKING,,,NOT_APPLICABLE_GLOBAL_BASELINE,HF9g-P5,,,,X 全窗基线 · 不参与实体赏罚,14193535,1420,A168_HF9F_20260827_0900,2026-08-27 09:00:00
2026-06-09,137070871,2267,0,257.1553475455,-257.1553475455,-257.1553475455,0E-7,1,1,0.50665070000000000,0.506650700000,-1.013391052207602,-1.013391052207602,-1.013391052207602,0E-17,ELIGIBLE,R03b_20260811_FULL_v1,L1_ELIGIBILITY,v2026-08-11,2026-03-21..2026-08-06,baccarat_bet02_101_all_pairs_incl_sentinel,round_win = game_pnl > 0 (decisive only),COMPATIBILITY_ONLY_NOT_PRODUCTION,630814.5920,577721.2471,6644.3283,4370,4077,-0.01053293,-0.02940797,-0.00432247,-0.01053293,-6644.3283,630814.5920,OK,0.0000,265.7731,4.0000,96.0000,AG03-UNRESOLVED,ALL5_LEVELS_bet23_to_bet27,265.7731,265.7731,265.7731,332.2164,332.2164,4.000000,4.000000,4.000000,5.000000,5.000000,96.000000,96.000000,96.000000,95.000000,95.000000,5.0,1461.7522,1339.0033,5182.5761,5305.325,PENDING_AG03,FALSE,NOT_FOR_ENFORCEMENT,6378.5552,554612.3973,6644.3283,6378.5552,265.7731,0.01053293,0.01011162,265.7731,6378.5552,0.01011162,265.7731,265.7731,265.7731,332.2164,332.2164,6378.5552,0.01011162,1461.7522,1339.0033,5182.5761,5305.325,0.00821569,0.00841028,0.00042132,144.3512,141.7025,1.6297,93.5821,10.0216,8884.7126,57.4225,158.2289,140.3023,51.4311,102.8621,129.7286,258.1778,514.3107,1008.3546,77.1466,0.0,5.0,9.802971,1.403346,17,104,92,7,0.24757185,0.01053293,0.02940797,0E-8,0.000000,0.915834,0.000000,-0.02508550,2026-05-12,2026-08-06,71,663,310,87,0.816092,1.127771,1.096139,0.825239,,,,,,,,GLOBAL_BASELINE_NO_ENTITY_RANKING,,,NOT_APPLICABLE_GLOBAL_BASELINE,HF9g-P5,,,,X 全窗基线 · 不参与实体赏罚,14193536,1420,A168_HF9F_20260827_0900,2026-08-27 09:00:00
2026-06-09,137070871,2281,0,514.3106950909,-514.3106950909,-514.3106950909,0E-7,3,3,0.50218230000000000,0.502182300000,-1.7396270863184011,-1.7396270863184016,-1.7396270863184011,0E-17,ELIGIBLE,R03b_20260811_FULL_v1,L1_ELIGIBILITY,v2026-08-11,2026-03-21..2026-08-06,baccarat_bet02_101_all_pairs_incl_sentinel,round_win = game_pnl > 0 (decisive only),COMPATIBILITY_ONLY_NOT_PRODUCTION,630814.5920,577721.2471,6644.3283,4370,4077,-0.01053293,-0.02940797,-0.00432247,-0.01053293,-6644.3283,630814.5920,OK,0.0000,265.7731,4.0000,96.0000,AG03-UNRESOLVED,ALL5_LEVELS_bet23_to_bet27,265.7731,265.7731,265.7731,332.2164,332.2164,4.000000,4.000000,4.000000,5.000000,5.000000,96.000000,96.000000,96.000000,95.000000,95.000000,5.0,1461.7522,1339.0033,5182.5761,5305.325,PENDING_AG03,FALSE,NOT_FOR_ENFORCEMENT,6378.5552,554612.3973,6644.3283,6378.5552,265.7731,0.01053293,0.01011162,265.7731,6378.5552,0.01011162,265.7731,265.7731,265.7731,332.2164,332.2164,6378.5552,0.01011162,1461.7522,1339.0033,5182.5761,5305.325,0.00821569,0.00841028,0.00042132,144.3512,141.7025,1.6297,93.5821,10.0216,8884.7126,57.4225,158.2289,140.3023,51.4311,102.8621,129.7286,258.1778,514.3107,1008.3546,77.1466,0.0,5.0,9.802971,1.403346,17,104,92,7,0.24757185,0.01053293,0.02940797,0E-8,0.000000,0.915834,0.000000,-0.02508550,2026-05-12,2026-08-06,71,663,310,87,0.816092,1.127771,1.096139,0.825239,,,,,,,,GLOBAL_BASELINE_NO_ENTITY_RANKING,,,NOT_APPLICABLE_GLOBAL_BASELINE,HF9g-P5,,,,X 全窗基线 · 不参与实体赏罚,14193537,1420,A168_HF9F_20260827_0900,2026-08-27 09:00:00
2026-06-09,137070871,763,0,900.0437164092,-398.5907886955,-398.5907886955,0.2500000,4,4,0.50665070000000000,0.506650700000,-1.0266936290537745,-1.0266936290537745,-1.0266936290537745,0E-17,ELIGIBLE,R03b_20260811_FULL_v1,L1_ELIGIBILITY,v2026-08-11,2026-03-21..2026-08-06,baccarat_bet02_101_all_pairs_incl_sentinel,round_win = game_pnl > 0 (decisive only),COMPATIBILITY_ONLY_NOT_PRODUCTION,630814.5920,577721.2471,6644.3283,4370,4077,-0.01053293,-0.02940797,-0.00432247,-0.01053293,-6644.3283,630814.5920,OK,0.0000,265.7731,4.0000,96.0000,AG03-UNRESOLVED,ALL5_LEVELS_bet23_to_bet27,265.7731,265.7731,265.7731,332.2164,332.2164,4.000000,4.000000,4.000000,5.000000,5.000000,96.000000,96.000000,96.000000,95.000000,95.000000,5.0,1461.7522,1339.0033,5182.5761,5305.325,PENDING_AG03,FALSE,NOT_FOR_ENFORCEMENT,6378.5552,554612.3973,6644.3283,6378.5552,265.7731,0.01053293,0.01011162,265.7731,6378.5552,0.01011162,265.7731,265.7731,265.7731,332.2164,332.2164,6378.5552,0.01011162,1461.7522,1339.0033,5182.5761,5305.325,0.00821569,0.00841028,0.00042132,144.3512,141.7025,1.6297,93.5821,10.0216,8884.7126,57.4225,158.2289,140.3023,51.4311,102.8621,129.7286,258.1778,514.3107,1008.3546,77.1466,0.0,5.0,9.802971,1.403346,17,104,92,7,0.24757185,0.01053293,0.02940797,0E-8,0.000000,0.915834,0.000000,-0.02508550,2026-05-12,2026-08-06,71,663,310,87,0.816092,1.127771,1.096139,0.825239,,,,,,,,GLOBAL_BASELINE_NO_ENTITY_RANKING,,,NOT_APPLICABLE_GLOBAL_BASELINE,HF9g-P5,,,,X 全窗基线 · 不参与实体赏罚,14193538,1420,A168_HF9F_20260827_0900,2026-08-27 09:00:00
2026-06-09,137070871,970,0,135.7780235040,-24.6869133643,-24.6869133643,0.4000000,10,5,0.15973462857142857,0.159734743333,1.466453893927569,1.466452766838108,1.466453893927569,-1.1476157143E-7,ELIGIBLE,R03b_20260811_FULL_v1,L1_ELIGIBILITY,v2026-08-11,2026-03-21..2026-08-06,baccarat_bet02_101_all_pairs_incl_sentinel,round_win = game_pnl > 0 (decisive only),COMPATIBILITY_ONLY_NOT_PRODUCTION,630814.5920,577721.2471,6644.3283,4370,4077,-0.01053293,-0.02940797,-0.00432247,-0.01053293,-6644.3283,630814.5920,OK,0.0000,265.7731,4.0000,96.0000,AG03-UNRESOLVED,ALL5_LEVELS_bet23_to_bet27,265.7731,265.7731,265.7731,332.2164,332.2164,4.000000,4.000000,4.000000,5.000000,5.000000,96.000000,96.000000,96.000000,95.000000,95.000000,5.0,1461.7522,1339.0033,5182.5761,5305.325,PENDING_AG03,FALSE,NOT_FOR_ENFORCEMENT,6378.5552,554612.3973,6644.3283,6378.5552,265.7731,0.01053293,0.01011162,265.7731,6378.5552,0.01011162,265.7731,265.7731,265.7731,332.2164,332.2164,6378.5552,0.01011162,1461.7522,1339.0033,5182.5761,5305.325,0.00821569,0.00841028,0.00042132,144.3512,141.7025,1.6297,93.5821,10.0216,8884.7126,57.4225,158.2289,140.3023,51.4311,102.8621,129.7286,258.1778,514.3107,1008.3546,77.1466,0.0,5.0,9.802971,1.403346,17,104,92,7,0.24757185,0.01053293,0.02940797,0E-8,0.000000,0.915834,0.000000,-0.02508550,2026-05-12,2026-08-06,71,663,310,87,0.816092,1.127771,1.096139,0.825239,,,,,,,,GLOBAL_BASELINE_NO_ENTITY_RANKING,,,NOT_APPLICABLE_GLOBAL_BASELINE,HF9g-P5,,,,X 全窗基线 · 不参与实体赏罚,14193539,1420,A168_HF9F_20260827_0900,2026-08-27 09:00:00
2026-06-10,137070871,1157,0,102.8621390182,-2.5715534755,-2.5715534755,0.5000000,2,2,0.49994810000000000,0.499948100000,0.00014679536856514622,0.00014679536856514622,0.00014679536856514622,0E-17,ELIGIBLE,R03b_20260811_FULL_v1,L1_ELIGIBILITY,v2026-08-11,2026-03-21..2026-08-06,baccarat_bet02_101_all_pairs_incl_sentinel,round_win = game_pnl > 0 (decisive only),COMPATIBILITY_ONLY_NOT_PRODUCTION,630814.5920,577721.2471,6644.3283,4370,4077,-0.01053293,-0.02940797,-0.00432247,-0.01053293,-6644.3283,630814.5920,OK,0.0000,265.7731,4.0000,96.0000,AG03-UNRESOLVED,ALL5_LEVELS_bet23_to_bet27,265.7731,265.7731,265.7731,332.2164,332.2164,4.000000,4.000000,4.000000,5.000000,5.000000,96.000000,96.000000,96.000000,95.000000,95.000000,5.0,1461.7522,1339.0033,5182.5761,5305.325,PENDING_AG03,FALSE,NOT_FOR_ENFORCEMENT,6378.5552,554612.3973,6644.3283,6378.5552,265.7731,0.01053293,0.01011162,265.7731,6378.5552,0.01011162,265.7731,265.7731,265.7731,332.2164,332.2164,6378.5552,0.01011162,1461.7522,1339.0033,5182.5761,5305.325,0.00821569,0.00841028,0.00042132,144.3512,141.7025,1.6297,93.5821,10.0216,8884.7126,57.4225,158.2289,140.3023,51.4311,102.8621,129.7286,258.1778,514.3107,1008.3546,77.1466,0.0,5.0,9.802971,1.403346,17,104,92,7,0.24757185,0.01053293,0.02940797,0E-8,0.000000,0.915834,0.000000,-0.02508550,2026-05-12,2026-08-06,71,663,310,87,0.816092,1.127771,1.096139,0.825239,,,,,,,,GLOBAL_BASELINE_NO_ENTITY_RANKING,,,NOT_APPLICABLE_GLOBAL_BASELINE,HF9g-P5,,,,X 全窗基线 · 不参与实体赏罚,14193540,1420,A168_HF9F_20260827_0900,2026-08-27 09:00:00
2026-06-10,137070871,1306,0,4412.7857638797,601.7435132566,601.7435132566,0.6296296,33,29,0.49632336383004688,0.484017332184,1.3853968071273346,1.514021082245338,1.3853968071273346,0.01230603164604688,ELIGIBLE,R03b_20260811_FULL_v1,L1_ELIGIBILITY,v2026-08-11,2026-03-21..2026-08-06,baccarat_bet02_101_all_pairs_incl_sentinel,round_win = game_pnl > 0 (decisive only),COMPATIBILITY_ONLY_NOT_PRODUCTION,630814.5920,577721.2471,6644.3283,4370,4077,-0.01053293,-0.02940797,-0.00432247,-0.01053293,-6644.3283,630814.5920,OK,0.0000,265.7731,4.0000,96.0000,AG03-UNRESOLVED,ALL5_LEVELS_bet23_to_bet27,265.7731,265.7731,265.7731,332.2164,332.2164,4.000000,4.000000,4.000000,5.000000,5.000000,96.000000,96.000000,96.000000,95.000000,95.000000,5.0,1461.7522,1339.0033,5182.5761,5305.325,PENDING_AG03,FALSE,NOT_FOR_ENFORCEMENT,6378.5552,554612.3973,6644.3283,6378.5552,265.7731,0.01053293,0.01011162,265.7731,6378.5552,0.01011162,265.7731,265.7731,265.7731,332.2164,332.2164,6378.5552,0.01011162,1461.7522,1339.0033,5182.5761,5305.325,0.00821569,0.00841028,0.00042132,144.3512,141.7025,1.6297,93.5821,10.0216,8884.7126,57.4225,158.2289,140.3023,51.4311,102.8621,129.7286,258.1778,514.3107,1008.3546,77.1466,0.0,5.0,9.802971,1.403346,17,104,92,7,0.24757185,0.01053293,0.02940797,0E-8,0.000000,0.915834,0.000000,-0.02508550,2026-05-12,2026-08-06,71,663,310,87,0.816092,1.127771,1.096139,0.825239,,,,,,,,GLOBAL_BASELINE_NO_ENTITY_RANKING,,,NOT_APPLICABLE_GLOBAL_BASELINE,HF9g-P5,,,,X 全窗基线 · 不参与实体赏罚,14193541,1420,A168_HF9F_20260827_0900,2026-08-27 09:00:00
2026-06-10,137070871,1325,0,308.5864170545,-108.0052459690,-108.0052459690,0.3333333,3,3,0.50218230000000000,0.502182300000,-0.5849155494134425,-0.5849155494134426,-0.5849155494134425,0E-17,ELIGIBLE,R03b_20260811_FULL_v1,L1_ELIGIBILITY,v2026-08-11,2026-03-21..2026-08-06,baccarat_bet02_101_all_pairs_incl_sentinel,round_win = game_pnl > 0 (decisive only),COMPATIBILITY_ONLY_NOT_PRODUCTION,630814.5920,577721.2471,6644.3283,4370,4077,-0.01053293,-0.02940797,-0.00432247,-0.01053293,-6644.3283,630814.5920,OK,0.0000,265.7731,4.0000,96.0000,AG03-UNRESOLVED,ALL5_LEVELS_bet23_to_bet27,265.7731,265.7731,265.7731,332.2164,332.2164,4.000000,4.000000,4.000000,5.000000,5.000000,96.000000,96.000000,96.000000,95.000000,95.000000,5.0,1461.7522,1339.0033,5182.5761,5305.325,PENDING_AG03,FALSE,NOT_FOR_ENFORCEMENT,6378.5552,554612.3973,6644.3283,6378.5552,265.7731,0.01053293,0.01011162,265.7731,6378.5552,0.01011162,265.7731,265.7731,265.7731,332.2164,332.2164,6378.5552,0.01011162,1461.7522,1339.0033,5182.5761,5305.325,0.00821569,0.00841028,0.00042132,144.3512,141.7025,1.6297,93.5821,10.0216,8884.7126,57.4225,158.2289,140.3023,51.4311,102.8621,129.7286,258.1778,514.3107,1008.3546,77.1466,0.0,5.0,9.802971,1.403346,17,104,92,7,0.24757185,0.01053293,0.02940797,0E-8,0.000000,0.915834,0.000000,-0.02508550,2026-05-12,2026-08-06,71,663,310,87,0.816092,1.127771,1.096139,0.825239,,,,,,,,GLOBAL_BASELINE_NO_ENTITY_RANKING,,,NOT_APPLICABLE_GLOBAL_BASELINE,HF9g-P5,,,,X 全窗基线 · 不参与实体赏罚,14193542,1420,A168_HF9F_20260827_0900,2026-08-27 09:00:00
2026-06-10,137070871,1353,0,335.0734178516,-134.4922467663,-134.4922467663,0.5000000,6,6,0.50665070000000000,0.506650700000,-0.032584525537284574,-0.032584525537284574,-0.032584525537284574,0E-17,ELIGIBLE,R03b_20260811_FULL_v1,L1_ELIGIBILITY,v2026-08-11,2026-03-21..2026-08-06,baccarat_bet02_101_all_pairs_incl_sentinel,round_win = game_pnl > 0 (decisive only),COMPATIBILITY_ONLY_NOT_PRODUCTION,630814.5920,577721.2471,6644.3283,4370,4077,-0.01053293,-0.02940797,-0.00432247,-0.01053293,-6644.3283,630814.5920,OK,0.0000,265.7731,4.0000,96.0000,AG03-UNRESOLVED,ALL5_LEVELS_bet23_to_bet27,265.7731,265.7731,265.7731,332.2164,332.2164,4.000000,4.000000,4.000000,5.000000,5.000000,96.000000,96.000000,96.000000,95.000000,95.000000,5.0,1461.7522,1339.0033,5182.5761,5305.325,PENDING_AG03,FALSE,NOT_FOR_ENFORCEMENT,6378.5552,554612.3973,6644.3283,6378.5552,265.7731,0.01053293,0.01011162,265.7731,6378.5552,0.01011162,265.7731,265.7731,265.7731,332.2164,332.2164,6378.5552,0.01011162,1461.7522,1339.0033,5182.5761,5305.325,0.00821569,0.00841028,0.00042132,144.3512,141.7025,1.6297,93.5821,10.0216,8884.7126,57.4225,158.2289,140.3023,51.4311,102.8621,129.7286,258.1778,514.3107,1008.3546,77.1466,0.0,5.0,9.802971,1.403346,17,104,92,7,0.24757185,0.01053293,0.02940797,0E-8,0.000000,0.915834,0.000000,-0.02508550,2026-05-12,2026-08-06,71,663,310,87,0.816092,1.127771,1.096139,0.825239,,,,,,,,GLOBAL_BASELINE_NO_ENTITY_RANKING,,,NOT_APPLICABLE_GLOBAL_BASELINE,HF9g-P5,,,,X 全窗基线 · 不参与实体赏罚,14193543,1420,A168_HF9F_20260827_0900,2026-08-27 09:00:00
2026-06-10,137070871,1383,0,2700.1311492273,-655.7461362409,-655.7461362409,0.4000000,6,6,0.49994810000000000,0.499948100000,-0.4469814940518811,-0.4469814940518811,-0.4469814940518811,0E-17,ELIGIBLE,R03b_20260811_FULL_v1,L1_ELIGIBILITY,v2026-08-11,2026-03-21..2026-08-06,baccarat_bet02_101_all_pairs_incl_sentinel,round_win = game_pnl > 0 (decisive only),COMPATIBILITY_ONLY_NOT_PRODUCTION,630814.5920,577721.2471,6644.3283,4370,4077,-0.01053293,-0.02940797,-0.00432247,-0.01053293,-6644.3283,630814.5920,OK,0.0000,265.7731,4.0000,96.0000,AG03-UNRESOLVED,ALL5_LEVELS_bet23_to_bet27,265.7731,265.7731,265.7731,332.2164,332.2164,4.000000,4.000000,4.000000,5.000000,5.000000,96.000000,96.000000,96.000000,95.000000,95.000000,5.0,1461.7522,1339.0033,5182.5761,5305.325,PENDING_AG03,FALSE,NOT_FOR_ENFORCEMENT,6378.5552,554612.3973,6644.3283,6378.5552,265.7731,0.01053293,0.01011162,265.7731,6378.5552,0.01011162,265.7731,265.7731,265.7731,332.2164,332.2164,6378.5552,0.01011162,1461.7522,1339.0033,5182.5761,5305.325,0.00821569,0.00841028,0.00042132,144.3512,141.7025,1.6297,93.5821,10.0216,8884.7126,57.4225,158.2289,140.3023,51.4311,102.8621,129.7286,258.1778,514.3107,1008.3546,77.1466,0.0,5.0,9.802971,1.403346,17,104,92,7,0.24757185,0.01053293,0.02940797,0E-8,0.000000,0.915834,0.000000,-0.02508550,2026-05-12,2026-08-06,71,663,310,87,0.816092,1.127771,1.096139,0.825239,,,,,,,,GLOBAL_BASELINE_NO_ENTITY_RANKING,,,NOT_APPLICABLE_GLOBAL_BASELINE,HF9g-P5,,,,X 全窗基线 · 不参与实体赏罚,14193544,1420,A168_HF9F_20260827_0900,2026-08-27 09:00:00
2026-06-10,137070871,1485,0,1028.6213901818,-1028.6213901818,-1028.6213901818,0E-7,1,1,0.49324550000000000,0.493245500000,-0.9865810262130424,-0.9865810262130424,-0.9865810262130424,0E-17,ELIGIBLE,R03b_20260811_FULL_v1,L1_ELIGIBILITY,v2026-08-11,2026-03-21..2026-08-06,baccarat_bet02_101_all_pairs_incl_sentinel,round_win = game_pnl > 0 (decisive only),COMPATIBILITY_ONLY_NOT_PRODUCTION,630814.5920,577721.2471,6644.3283,4370,4077,-0.01053293,-0.02940797,-0.00432247,-0.01053293,-6644.3283,630814.5920,OK,0.0000,265.7731,4.0000,96.0000,AG03-UNRESOLVED,ALL5_LEVELS_bet23_to_bet27,265.7731,265.7731,265.7731,332.2164,332.2164,4.000000,4.000000,4.000000,5.000000,5.000000,96.000000,96.000000,96.000000,95.000000,95.000000,5.0,1461.7522,1339.0033,5182.5761,5305.325,PENDING_AG03,FALSE,NOT_FOR_ENFORCEMENT,6378.5552,554612.3973,6644.3283,6378.5552,265.7731,0.01053293,0.01011162,265.7731,6378.5552,0.01011162,265.7731,265.7731,265.7731,332.2164,332.2164,6378.5552,0.01011162,1461.7522,1339.0033,5182.5761,5305.325,0.00821569,0.00841028,0.00042132,144.3512,141.7025,1.6297,93.5821,10.0216,8884.7126,57.4225,158.2289,140.3023,51.4311,102.8621,129.7286,258.1778,514.3107,1008.3546,77.1466,0.0,5.0,9.802971,1.403346,17,104,92,7,0.24757185,0.01053293,0.02940797,0E-8,0.000000,0.915834,0.000000,-0.02508550,2026-05-12,2026-08-06,71,663,310,87,0.816092,1.127771,1.096139,0.825239,,,,,,,,GLOBAL_BASELINE_NO_ENTITY_RANKING,,,NOT_APPLICABLE_GLOBAL_BASELINE,HF9g-P5,,,,X 全窗基线 · 不参与实体赏罚,14193545,1420,A168_HF9F_20260827_0900,2026-08-27 09:00:00
2026-06-10,137070871,1490,0,932.1881348523,-932.1881348523,-932.1881348523,0E-7,3,3,0.50665070000000000,0.506650700000,-1.7552447903592512,-1.7552447903592512,-1.7552447903592512,0E-17,ELIGIBLE,R03b_20260811_FULL_v1,L1_ELIGIBILITY,v2026-08-11,2026-03-21..2026-08-06,baccarat_bet02_101_all_pairs_incl_sentinel,round_win = game_pnl > 0 (decisive only),COMPATIBILITY_ONLY_NOT_PRODUCTION,630814.5920,577721.2471,6644.3283,4370,4077,-0.01053293,-0.02940797,-0.00432247,-0.01053293,-6644.3283,630814.5920,OK,0.0000,265.7731,4.0000,96.0000,AG03-UNRESOLVED,ALL5_LEVELS_bet23_to_bet27,265.7731,265.7731,265.7731,332.2164,332.2164,4.000000,4.000000,4.000000,5.000000,5.000000,96.000000,96.000000,96.000000,95.000000,95.000000,5.0,1461.7522,1339.0033,5182.5761,5305.325,PENDING_AG03,FALSE,NOT_FOR_ENFORCEMENT,6378.5552,554612.3973,6644.3283,6378.5552,265.7731,0.01053293,0.01011162,265.7731,6378.5552,0.01011162,265.7731,265.7731,265.7731,332.2164,332.2164,6378.5552,0.01011162,1461.7522,1339.0033,5182.5761,5305.325,0.00821569,0.00841028,0.00042132,144.3512,141.7025,1.6297,93.5821,10.0216,8884.7126,57.4225,158.2289,140.3023,51.4311,102.8621,129.7286,258.1778,514.3107,1008.3546,77.1466,0.0,5.0,9.802971,1.403346,17,104,92,7,0.24757185,0.01053293,0.02940797,0E-8,0.000000,0.915834,0.000000,-0.02508550,2026-05-12,2026-08-06,71,663,310,87,0.816092,1.127771,1.096139,0.825239,,,,,,,,GLOBAL_BASELINE_NO_ENTITY_RANKING,,,NOT_APPLICABLE_GLOBAL_BASELINE,HF9g-P5,,,,X 全窗基线 · 不参与实体赏罚,14193546,1420,A168_HF9F_20260827_0900,2026-08-27 09:00:00
2026-06-10,137070871,1623,0,257.4125028928,119.8215341888,119.8215341888,0.6000000,6,6,0.50441650000000000,0.504416500000,0.42747908374280613,0.42747908374280613,0.42747908374280613,0E-17,ELIGIBLE,R03b_20260811_FULL_v1,L1_ELIGIBILITY,v2026-08-11,2026-03-21..2026-08-06,baccarat_bet02_101_all_pairs_incl_sentinel,round_win = game_pnl > 0 (decisive only),COMPATIBILITY_ONLY_NOT_PRODUCTION,630814.5920,577721.2471,6644.3283,4370,4077,-0.01053293,-0.02940797,-0.00432247,-0.01053293,-6644.3283,630814.5920,OK,0.0000,265.7731,4.0000,96.0000,AG03-UNRESOLVED,ALL5_LEVELS_bet23_to_bet27,265.7731,265.7731,265.7731,332.2164,332.2164,4.000000,4.000000,4.000000,5.000000,5.000000,96.000000,96.000000,96.000000,95.000000,95.000000,5.0,1461.7522,1339.0033,5182.5761,5305.325,PENDING_AG03,FALSE,NOT_FOR_ENFORCEMENT,6378.5552,554612.3973,6644.3283,6378.5552,265.7731,0.01053293,0.01011162,265.7731,6378.5552,0.01011162,265.7731,265.7731,265.7731,332.2164,332.2164,6378.5552,0.01011162,1461.7522,1339.0033,5182.5761,5305.325,0.00821569,0.00841028,0.00042132,144.3512,141.7025,1.6297,93.5821,10.0216,8884.7126,57.4225,158.2289,140.3023,51.4311,102.8621,129.7286,258.1778,514.3107,1008.3546,77.1466,0.0,5.0,9.802971,1.403346,17,104,92,7,0.24757185,0.01053293,0.02940797,0E-8,0.000000,0.915834,0.000000,-0.02508550,2026-05-12,2026-08-06,71,663,310,87,0.816092,1.127771,1.096139,0.825239,,,,,,,,GLOBAL_BASELINE_NO_ENTITY_RANKING,,,NOT_APPLICABLE_GLOBAL_BASELINE,HF9g-P5,,,,X 全窗基线 · 不参与实体赏罚,14193547,1420,A168_HF9F_20260827_0900,2026-08-27 09:00:00
2026-06-10,137070871,1704,0,588.8857458792,-486.0236068610,-486.0236068610,0E-7,8,7,0.38607923571428571,0.386079235714,-1.773238137953969,-1.7732381379529003,-1.773238137953969,2.8571E-13,ELIGIBLE,R03b_20260811_FULL_v1,L1_ELIGIBILITY,v2026-08-11,2026-03-21..2026-08-06,baccarat_bet02_101_all_pairs_incl_sentinel,round_win = game_pnl > 0 (decisive only),COMPATIBILITY_ONLY_NOT_PRODUCTION,630814.5920,577721.2471,6644.3283,4370,4077,-0.01053293,-0.02940797,-0.00432247,-0.01053293,-6644.3283,630814.5920,OK,0.0000,265.7731,4.0000,96.0000,AG03-UNRESOLVED,ALL5_LEVELS_bet23_to_bet27,265.7731,265.7731,265.7731,332.2164,332.2164,4.000000,4.000000,4.000000,5.000000,5.000000,96.000000,96.000000,96.000000,95.000000,95.000000,5.0,1461.7522,1339.0033,5182.5761,5305.325,PENDING_AG03,FALSE,NOT_FOR_ENFORCEMENT,6378.5552,554612.3973,6644.3283,6378.5552,265.7731,0.01053293,0.01011162,265.7731,6378.5552,0.01011162,265.7731,265.7731,265.7731,332.2164,332.2164,6378.5552,0.01011162,1461.7522,1339.0033,5182.5761,5305.325,0.00821569,0.00841028,0.00042132,144.3512,141.7025,1.6297,93.5821,10.0216,8884.7126,57.4225,158.2289,140.3023,51.4311,102.8621,129.7286,258.1778,514.3107,1008.3546,77.1466,0.0,5.0,9.802971,1.403346,17,104,92,7,0.24757185,0.01053293,0.02940797,0E-8,0.000000,0.915834,0.000000,-0.02508550,2026-05-12,2026-08-06,71,663,310,87,0.816092,1.127771,1.096139,0.825239,,,,,,,,GLOBAL_BASELINE_NO_ENTITY_RANKING,,,NOT_APPLICABLE_GLOBAL_BASELINE,HF9g-P5,,,,X 全窗基线 · 不参与实体赏罚,14193548,1420,A168_HF9F_20260827_0900,2026-08-27 09:00:00
2026-06-10,137070871,1940,0,128.5776737727,-128.5776737727,-128.5776737727,0E-7,1,1,0.49324550000000000,0.493245500000,-0.9865810262130424,-0.9865810262130424,-0.9865810262130424,0E-17,ELIGIBLE,R03b_20260811_FULL_v1,L1_ELIGIBILITY,v2026-08-11,2026-03-21..2026-08-06,baccarat_bet02_101_all_pairs_incl_sentinel,round_win = game_pnl > 0 (decisive only),COMPATIBILITY_ONLY_NOT_PRODUCTION,630814.5920,577721.2471,6644.3283,4370,4077,-0.01053293,-0.02940797,-0.00432247,-0.01053293,-6644.3283,630814.5920,OK,0.0000,265.7731,4.0000,96.0000,AG03-UNRESOLVED,ALL5_LEVELS_bet23_to_bet27,265.7731,265.7731,265.7731,332.2164,332.2164,4.000000,4.000000,4.000000,5.000000,5.000000,96.000000,96.000000,96.000000,95.000000,95.000000,5.0,1461.7522,1339.0033,5182.5761,5305.325,PENDING_AG03,FALSE,NOT_FOR_ENFORCEMENT,6378.5552,554612.3973,6644.3283,6378.5552,265.7731,0.01053293,0.01011162,265.7731,6378.5552,0.01011162,265.7731,265.7731,265.7731,332.2164,332.2164,6378.5552,0.01011162,1461.7522,1339.0033,5182.5761,5305.325,0.00821569,0.00841028,0.00042132,144.3512,141.7025,1.6297,93.5821,10.0216,8884.7126,57.4225,158.2289,140.3023,51.4311,102.8621,129.7286,258.1778,514.3107,1008.3546,77.1466,0.0,5.0,9.802971,1.403346,17,104,92,7,0.24757185,0.01053293,0.02940797,0E-8,0.000000,0.915834,0.000000,-0.02508550,2026-05-12,2026-08-06,71,663,310,87,0.816092,1.127771,1.096139,0.825239,,,,,,,,GLOBAL_BASELINE_NO_ENTITY_RANKING,,,NOT_APPLICABLE_GLOBAL_BASELINE,HF9g-P5,,,,X 全窗基线 · 不参与实体赏罚,14193549,1420,A168_HF9F_20260827_0900,2026-08-27 09:00:00
2026-06-10,137070871,1994,0,360.0174865637,141.4354411499,141.4354411499,0.6666667,6,6,0.50665070000000000,0.506650700000,0.7839842952205449,0.7839842952205449,0.7839842952205449,0E-17,ELIGIBLE,R03b_20260811_FULL_v1,L1_ELIGIBILITY,v2026-08-11,2026-03-21..2026-08-06,baccarat_bet02_101_all_pairs_incl_sentinel,round_win = game_pnl > 0 (decisive only),COMPATIBILITY_ONLY_NOT_PRODUCTION,630814.5920,577721.2471,6644.3283,4370,4077,-0.01053293,-0.02940797,-0.00432247,-0.01053293,-6644.3283,630814.5920,OK,0.0000,265.7731,4.0000,96.0000,AG03-UNRESOLVED,ALL5_LEVELS_bet23_to_bet27,265.7731,265.7731,265.7731,332.2164,332.2164,4.000000,4.000000,4.000000,5.000000,5.000000,96.000000,96.000000,96.000000,95.000000,95.000000,5.0,1461.7522,1339.0033,5182.5761,5305.325,PENDING_AG03,FALSE,NOT_FOR_ENFORCEMENT,6378.5552,554612.3973,6644.3283,6378.5552,265.7731,0.01053293,0.01011162,265.7731,6378.5552,0.01011162,265.7731,265.7731,265.7731,332.2164,332.2164,6378.5552,0.01011162,1461.7522,1339.0033,5182.5761,5305.325,0.00821569,0.00841028,0.00042132,144.3512,141.7025,1.6297,93.5821,10.0216,8884.7126,57.4225,158.2289,140.3023,51.4311,102.8621,129.7286,258.1778,514.3107,1008.3546,77.1466,0.0,5.0,9.802971,1.403346,17,104,92,7,0.24757185,0.01053293,0.02940797,0E-8,0.000000,0.915834,0.000000,-0.02508550,2026-05-12,2026-08-06,71,663,310,87,0.816092,1.127771,1.096139,0.825239,,,,,,,,GLOBAL_BASELINE_NO_ENTITY_RANKING,,,NOT_APPLICABLE_GLOBAL_BASELINE,HF9g-P5,,,,X 全窗基线 · 不参与实体赏罚,14193550,1420,A168_HF9F_20260827_0900,2026-08-27 09:00:00
2026-06-10,137070871,2101,0,102.8621390182,48.8595160336,48.8595160336,1.0000000,2,2,0.50665070000000000,0.506650700000,0.9867858985152569,0.9867858985152569,0.9867858985152569,0E-17,ELIGIBLE,R03b_20260811_FULL_v1,L1_ELIGIBILITY,v2026-08-11,2026-03-21..2026-08-06,baccarat_bet02_101_all_pairs_incl_sentinel,round_win = game_pnl > 0 (decisive only),COMPATIBILITY_ONLY_NOT_PRODUCTION,630814.5920,577721.2471,6644.3283,4370,4077,-0.01053293,-0.02940797,-0.00432247,-0.01053293,-6644.3283,630814.5920,OK,0.0000,265.7731,4.0000,96.0000,AG03-UNRESOLVED,ALL5_LEVELS_bet23_to_bet27,265.7731,265.7731,265.7731,332.2164,332.2164,4.000000,4.000000,4.000000,5.000000,5.000000,96.000000,96.000000,96.000000,95.000000,95.000000,5.0,1461.7522,1339.0033,5182.5761,5305.325,PENDING_AG03,FALSE,NOT_FOR_ENFORCEMENT,6378.5552,554612.3973,6644.3283,6378.5552,265.7731,0.01053293,0.01011162,265.7731,6378.5552,0.01011162,265.7731,265.7731,265.7731,332.2164,332.2164,6378.5552,0.01011162,1461.7522,1339.0033,5182.5761,5305.325,0.00821569,0.00841028,0.00042132,144.3512,141.7025,1.6297,93.5821,10.0216,8884.7126,57.4225,158.2289,140.3023,51.4311,102.8621,129.7286,258.1778,514.3107,1008.3546,77.1466,0.0,5.0,9.802971,1.403346,17,104,92,7,0.24757185,0.01053293,0.02940797,0E-8,0.000000,0.915834,0.000000,-0.02508550,2026-05-12,2026-08-06,71,663,310,87,0.816092,1.127771,1.096139,0.825239,,,,,,,,GLOBAL_BASELINE_NO_ENTITY_RANKING,,,NOT_APPLICABLE_GLOBAL_BASELINE,HF9g-P5,,,,X 全窗基线 · 不参与实体赏罚,14193551,1420,A168_HF9F_20260827_0900,2026-08-27 09:00:00
2026-06-10,137070871,2108,0,51.4310695091,-51.4310695091,-51.4310695091,0E-7,1,1,0.50665070000000000,0.506650700000,-1.013391052207602,-1.013391052207602,-1.013391052207602,0E-17,ELIGIBLE,R03b_20260811_FULL_v1,L1_ELIGIBILITY,v2026-08-11,2026-03-21..2026-08-06,baccarat_bet02_101_all_pairs_incl_sentinel,round_win = game_pnl > 0 (decisive only),COMPATIBILITY_ONLY_NOT_PRODUCTION,630814.5920,577721.2471,6644.3283,4370,4077,-0.01053293,-0.02940797,-0.00432247,-0.01053293,-6644.3283,630814.5920,OK,0.0000,265.7731,4.0000,96.0000,AG03-UNRESOLVED,ALL5_LEVELS_bet23_to_bet27,265.7731,265.7731,265.7731,332.2164,332.2164,4.000000,4.000000,4.000000,5.000000,5.000000,96.000000,96.000000,96.000000,95.000000,95.000000,5.0,1461.7522,1339.0033,5182.5761,5305.325,PENDING_AG03,FALSE,NOT_FOR_ENFORCEMENT,6378.5552,554612.3973,6644.3283,6378.5552,265.7731,0.01053293,0.01011162,265.7731,6378.5552,0.01011162,265.7731,265.7731,265.7731,332.2164,332.2164,6378.5552,0.01011162,1461.7522,1339.0033,5182.5761,5305.325,0.00821569,0.00841028,0.00042132,144.3512,141.7025,1.6297,93.5821,10.0216,8884.7126,57.4225,158.2289,140.3023,51.4311,102.8621,129.7286,258.1778,514.3107,1008.3546,77.1466,0.0,5.0,9.802971,1.403346,17,104,92,7,0.24757185,0.01053293,0.02940797,0E-8,0.000000,0.915834,0.000000,-0.02508550,2026-05-12,2026-08-06,71,663,310,87,0.816092,1.127771,1.096139,0.825239,,,,,,,,GLOBAL_BASELINE_NO_ENTITY_RANKING,,,NOT_APPLICABLE_GLOBAL_BASELINE,HF9g-P5,,,,X 全窗基线 · 不参与实体赏罚,14193552,1420,A168_HF9F_20260827_0900,2026-08-27 09:00:00
2026-06-10,137070871,2121,0,614.6012806337,-514.3106950910,-514.3106950910,0.1428571,7,7,0.44395665714285714,0.443956657143,-1.6033726301139941,-1.6033726301147024,-1.6033726301139941,-1.4286E-13,ELIGIBLE,R03b_20260811_FULL_v1,L1_ELIGIBILITY,v2026-08-11,2026-03-21..2026-08-06,baccarat_bet02_101_all_pairs_incl_sentinel,round_win = game_pnl > 0 (decisive only),COMPATIBILITY_ONLY_NOT_PRODUCTION,630814.5920,577721.2471,6644.3283,4370,4077,-0.01053293,-0.02940797,-0.00432247,-0.01053293,-6644.3283,630814.5920,OK,0.0000,265.7731,4.0000,96.0000,AG03-UNRESOLVED,ALL5_LEVELS_bet23_to_bet27,265.7731,265.7731,265.7731,332.2164,332.2164,4.000000,4.000000,4.000000,5.000000,5.000000,96.000000,96.000000,96.000000,95.000000,95.000000,5.0,1461.7522,1339.0033,5182.5761,5305.325,PENDING_AG03,FALSE,NOT_FOR_ENFORCEMENT,6378.5552,554612.3973,6644.3283,6378.5552,265.7731,0.01053293,0.01011162,265.7731,6378.5552,0.01011162,265.7731,265.7731,265.7731,332.2164,332.2164,6378.5552,0.01011162,1461.7522,1339.0033,5182.5761,5305.325,0.00821569,0.00841028,0.00042132,144.3512,141.7025,1.6297,93.5821,10.0216,8884.7126,57.4225,158.2289,140.3023,51.4311,102.8621,129.7286,258.1778,514.3107,1008.3546,77.1466,0.0,5.0,9.802971,1.403346,17,104,92,7,0.24757185,0.01053293,0.02940797,0E-8,0.000000,0.915834,0.000000,-0.02508550,2026-05-12,2026-08-06,71,663,310,87,0.816092,1.127771,1.096139,0.825239,,,,,,,,GLOBAL_BASELINE_NO_ENTITY_RANKING,,,NOT_APPLICABLE_GLOBAL_BASELINE,HF9g-P5,,,,X 全窗基线 · 不参与实体赏罚,14193553,1420,A168_HF9F_20260827_0900,2026-08-27 09:00:00
2026-06-10,137070871,2141,0,462.8796255819,249.4406871190,249.4406871190,0.7777778,9,9,0.50069283333333333,0.500692833333,1.662511262738188,1.6625112627401863,1.662511262738188,3.3333E-13,ELIGIBLE,R03b_20260811_FULL_v1,L1_ELIGIBILITY,v2026-08-11,2026-03-21..2026-08-06,baccarat_bet02_101_all_pairs_incl_sentinel,round_win = game_pnl > 0 (decisive only),COMPATIBILITY_ONLY_NOT_PRODUCTION,630814.5920,577721.2471,6644.3283,4370,4077,-0.01053293,-0.02940797,-0.00432247,-0.01053293,-6644.3283,630814.5920,OK,0.0000,265.7731,4.0000,96.0000,AG03-UNRESOLVED,ALL5_LEVELS_bet23_to_bet27,265.7731,265.7731,265.7731,332.2164,332.2164,4.000000,4.000000,4.000000,5.000000,5.000000,96.000000,96.000000,96.000000,95.000000,95.000000,5.0,1461.7522,1339.0033,5182.5761,5305.325,PENDING_AG03,FALSE,NOT_FOR_ENFORCEMENT,6378.5552,554612.3973,6644.3283,6378.5552,265.7731,0.01053293,0.01011162,265.7731,6378.5552,0.01011162,265.7731,265.7731,265.7731,332.2164,332.2164,6378.5552,0.01011162,1461.7522,1339.0033,5182.5761,5305.325,0.00821569,0.00841028,0.00042132,144.3512,141.7025,1.6297,93.5821,10.0216,8884.7126,57.4225,158.2289,140.3023,51.4311,102.8621,129.7286,258.1778,514.3107,1008.3546,77.1466,0.0,5.0,9.802971,1.403346,17,104,92,7,0.24757185,0.01053293,0.02940797,0E-8,0.000000,0.915834,0.000000,-0.02508550,2026-05-12,2026-08-06,71,663,310,87,0.816092,1.127771,1.096139,0.825239,,,,,,,,GLOBAL_BASELINE_NO_ENTITY_RANKING,,,NOT_APPLICABLE_GLOBAL_BASELINE,HF9g-P5,,,,X 全窗基线 · 不参与实体赏罚,14193554,1420,A168_HF9F_20260827_0900,2026-08-27 09:00:00
2026-06-10,137070871,2142,0,822.8971121456,406.3054491219,406.3054491219,0.6000000,5,5,0.50128862000000000,0.501288620000,0.4414521777673877,0.4414521777673877,0.4414521777673877,0E-17,ELIGIBLE,R03b_20260811_FULL_v1,L1_ELIGIBILITY,v2026-08-11,2026-03-21..2026-08-06,baccarat_bet02_101_all_pairs_incl_sentinel,round_win = game_pnl > 0 (decisive only),COMPATIBILITY_ONLY_NOT_PRODUCTION,630814.5920,577721.2471,6644.3283,4370,4077,-0.01053293,-0.02940797,-0.00432247,-0.01053293,-6644.3283,630814.5920,OK,0.0000,265.7731,4.0000,96.0000,AG03-UNRESOLVED,ALL5_LEVELS_bet23_to_bet27,265.7731,265.7731,265.7731,332.2164,332.2164,4.000000,4.000000,4.000000,5.000000,5.000000,96.000000,96.000000,96.000000,95.000000,95.000000,5.0,1461.7522,1339.0033,5182.5761,5305.325,PENDING_AG03,FALSE,NOT_FOR_ENFORCEMENT,6378.5552,554612.3973,6644.3283,6378.5552,265.7731,0.01053293,0.01011162,265.7731,6378.5552,0.01011162,265.7731,265.7731,265.7731,332.2164,332.2164,6378.5552,0.01011162,1461.7522,1339.0033,5182.5761,5305.325,0.00821569,0.00841028,0.00042132,144.3512,141.7025,1.6297,93.5821,10.0216,8884.7126,57.4225,158.2289,140.3023,51.4311,102.8621,129.7286,258.1778,514.3107,1008.3546,77.1466,0.0,5.0,9.802971,1.403346,17,104,92,7,0.24757185,0.01053293,0.02940797,0E-8,0.000000,0.915834,0.000000,-0.02508550,2026-05-12,2026-08-06,71,663,310,87,0.816092,1.127771,1.096139,0.825239,,,,,,,,GLOBAL_BASELINE_NO_ENTITY_RANKING,,,NOT_APPLICABLE_GLOBAL_BASELINE,HF9g-P5,,,,X 全窗基线 · 不参与实体赏罚,14193555,1420,A168_HF9F_20260827_0900,2026-08-27 09:00:00
2026-06-10,137070871,2155,0,51.4310695091,-51.4310695091,-51.4310695091,0E-7,1,1,0.50665070000000000,0.506650700000,-1.013391052207602,-1.013391052207602,-1.013391052207602,0E-17,ELIGIBLE,R03b_20260811_FULL_v1,L1_ELIGIBILITY,v2026-08-11,2026-03-21..2026-08-06,baccarat_bet02_101_all_pairs_incl_sentinel,round_win = game_pnl > 0 (decisive only),COMPATIBILITY_ONLY_NOT_PRODUCTION,630814.5920,577721.2471,6644.3283,4370,4077,-0.01053293,-0.02940797,-0.00432247,-0.01053293,-6644.3283,630814.5920,OK,0.0000,265.7731,4.0000,96.0000,AG03-UNRESOLVED,ALL5_LEVELS_bet23_to_bet27,265.7731,265.7731,265.7731,332.2164,332.2164,4.000000,4.000000,4.000000,5.000000,5.000000,96.000000,96.000000,96.000000,95.000000,95.000000,5.0,1461.7522,1339.0033,5182.5761,5305.325,PENDING_AG03,FALSE,NOT_FOR_ENFORCEMENT,6378.5552,554612.3973,6644.3283,6378.5552,265.7731,0.01053293,0.01011162,265.7731,6378.5552,0.01011162,265.7731,265.7731,265.7731,332.2164,332.2164,6378.5552,0.01011162,1461.7522,1339.0033,5182.5761,5305.325,0.00821569,0.00841028,0.00042132,144.3512,141.7025,1.6297,93.5821,10.0216,8884.7126,57.4225,158.2289,140.3023,51.4311,102.8621,129.7286,258.1778,514.3107,1008.3546,77.1466,0.0,5.0,9.802971,1.403346,17,104,92,7,0.24757185,0.01053293,0.02940797,0E-8,0.000000,0.915834,0.000000,-0.02508550,2026-05-12,2026-08-06,71,663,310,87,0.816092,1.127771,1.096139,0.825239,,,,,,,,GLOBAL_BASELINE_NO_ENTITY_RANKING,,,NOT_APPLICABLE_GLOBAL_BASELINE,HF9g-P5,,,,X 全窗基线 · 不参与实体赏罚,14193556,1420,A168_HF9F_20260827_0900,2026-08-27 09:00:00
2026-06-10,137070871,2196,0,1928.6651065911,-900.0437164091,-900.0437164091,0.3333333,6,6,0.49771390000000000,0.497713900000,-0.8053054414300617,-0.8053054414300617,-0.8053054414300617,0E-17,ELIGIBLE,R03b_20260811_FULL_v1,L1_ELIGIBILITY,v2026-08-11,2026-03-21..2026-08-06,baccarat_bet02_101_all_pairs_incl_sentinel,round_win = game_pnl > 0 (decisive only),COMPATIBILITY_ONLY_NOT_PRODUCTION,630814.5920,577721.2471,6644.3283,4370,4077,-0.01053293,-0.02940797,-0.00432247,-0.01053293,-6644.3283,630814.5920,OK,0.0000,265.7731,4.0000,96.0000,AG03-UNRESOLVED,ALL5_LEVELS_bet23_to_bet27,265.7731,265.7731,265.7731,332.2164,332.2164,4.000000,4.000000,4.000000,5.000000,5.000000,96.000000,96.000000,96.000000,95.000000,95.000000,5.0,1461.7522,1339.0033,5182.5761,5305.325,PENDING_AG03,FALSE,NOT_FOR_ENFORCEMENT,6378.5552,554612.3973,6644.3283,6378.5552,265.7731,0.01053293,0.01011162,265.7731,6378.5552,0.01011162,265.7731,265.7731,265.7731,332.2164,332.2164,6378.5552,0.01011162,1461.7522,1339.0033,5182.5761,5305.325,0.00821569,0.00841028,0.00042132,144.3512,141.7025,1.6297,93.5821,10.0216,8884.7126,57.4225,158.2289,140.3023,51.4311,102.8621,129.7286,258.1778,514.3107,1008.3546,77.1466,0.0,5.0,9.802971,1.403346,17,104,92,7,0.24757185,0.01053293,0.02940797,0E-8,0.000000,0.915834,0.000000,-0.02508550,2026-05-12,2026-08-06,71,663,310,87,0.816092,1.127771,1.096139,0.825239,,,,,,,,GLOBAL_BASELINE_NO_ENTITY_RANKING,,,NOT_APPLICABLE_GLOBAL_BASELINE,HF9g-P5,,,,X 全窗基线 · 不参与实体赏罚,14193557,1420,A168_HF9F_20260827_0900,2026-08-27 09:00:00
2026-06-10,137070871,2202,0,7367.5007071775,1368.8764882864,1368.8764882864,0.5294118,19,18,0.47967441388888889,0.479674413889,0.41048400821483416,0.4104840082139135,0.41048400821483416,-1.1111E-13,ELIGIBLE,R03b_20260811_FULL_v1,L1_ELIGIBILITY,v2026-08-11,2026-03-21..2026-08-06,baccarat_bet02_101_all_pairs_incl_sentinel,round_win = game_pnl > 0 (decisive only),COMPATIBILITY_ONLY_NOT_PRODUCTION,630814.5920,577721.2471,6644.3283,4370,4077,-0.01053293,-0.02940797,-0.00432247,-0.01053293,-6644.3283,630814.5920,OK,0.0000,265.7731,4.0000,96.0000,AG03-UNRESOLVED,ALL5_LEVELS_bet23_to_bet27,265.7731,265.7731,265.7731,332.2164,332.2164,4.000000,4.000000,4.000000,5.000000,5.000000,96.000000,96.000000,96.000000,95.000000,95.000000,5.0,1461.7522,1339.0033,5182.5761,5305.325,PENDING_AG03,FALSE,NOT_FOR_ENFORCEMENT,6378.5552,554612.3973,6644.3283,6378.5552,265.7731,0.01053293,0.01011162,265.7731,6378.5552,0.01011162,265.7731,265.7731,265.7731,332.2164,332.2164,6378.5552,0.01011162,1461.7522,1339.0033,5182.5761,5305.325,0.00821569,0.00841028,0.00042132,144.3512,141.7025,1.6297,93.5821,10.0216,8884.7126,57.4225,158.2289,140.3023,51.4311,102.8621,129.7286,258.1778,514.3107,1008.3546,77.1466,0.0,5.0,9.802971,1.403346,17,104,92,7,0.24757185,0.01053293,0.02940797,0E-8,0.000000,0.915834,0.000000,-0.02508550,2026-05-12,2026-08-06,71,663,310,87,0.816092,1.127771,1.096139,0.825239,,,,,,,,GLOBAL_BASELINE_NO_ENTITY_RANKING,,,NOT_APPLICABLE_GLOBAL_BASELINE,HF9g-P5,,,,X 全窗基线 · 不参与实体赏罚,14193558,1420,A168_HF9F_20260827_0900,2026-08-27 09:00:00
2026-06-10,137070871,2233,0,11160.5420834727,1240.7745519070,1240.7745519070,0.5666667,39,39,0.50046368461538462,0.500463684615,0.7252176447205546,0.7252176447247675,0.7252176447205546,3.8462E-13,ELIGIBLE,R03b_20260811_FULL_v1,L1_ELIGIBILITY,v2026-08-11,2026-03-21..2026-08-06,baccarat_bet02_101_all_pairs_incl_sentinel,round_win = game_pnl > 0 (decisive only),COMPATIBILITY_ONLY_NOT_PRODUCTION,630814.5920,577721.2471,6644.3283,4370,4077,-0.01053293,-0.02940797,-0.00432247,-0.01053293,-6644.3283,630814.5920,OK,0.0000,265.7731,4.0000,96.0000,AG03-UNRESOLVED,ALL5_LEVELS_bet23_to_bet27,265.7731,265.7731,265.7731,332.2164,332.2164,4.000000,4.000000,4.000000,5.000000,5.000000,96.000000,96.000000,96.000000,95.000000,95.000000,5.0,1461.7522,1339.0033,5182.5761,5305.325,PENDING_AG03,FALSE,NOT_FOR_ENFORCEMENT,6378.5552,554612.3973,6644.3283,6378.5552,265.7731,0.01053293,0.01011162,265.7731,6378.5552,0.01011162,265.7731,265.7731,265.7731,332.2164,332.2164,6378.5552,0.01011162,1461.7522,1339.0033,5182.5761,5305.325,0.00821569,0.00841028,0.00042132,144.3512,141.7025,1.6297,93.5821,10.0216,8884.7126,57.4225,158.2289,140.3023,51.4311,102.8621,129.7286,258.1778,514.3107,1008.3546,77.1466,0.0,5.0,9.802971,1.403346,17,104,92,7,0.24757185,0.01053293,0.02940797,0E-8,0.000000,0.915834,0.000000,-0.02508550,2026-05-12,2026-08-06,71,663,310,87,0.816092,1.127771,1.096139,0.825239,,,,,,,,GLOBAL_BASELINE_NO_ENTITY_RANKING,,,NOT_APPLICABLE_GLOBAL_BASELINE,HF9g-P5,,,,X 全窗基线 · 不参与实体赏罚,14193559,1420,A168_HF9F_20260827_0900,2026-08-27 09:00:00
2026-06-10,137070871,2235,0,1325.6358165968,-614.6012806337,-614.6012806337,0.3333333,11,11,0.50055742727272727,0.500557427273,-1.0033451871657537,-1.0033451871673909,-1.0033451871657537,-2.7273E-13,ELIGIBLE,R03b_20260811_FULL_v1,L1_ELIGIBILITY,v2026-08-11,2026-03-21..2026-08-06,baccarat_bet02_101_all_pairs_incl_sentinel,round_win = game_pnl > 0 (decisive only),COMPATIBILITY_ONLY_NOT_PRODUCTION,630814.5920,577721.2471,6644.3283,4370,4077,-0.01053293,-0.02940797,-0.00432247,-0.01053293,-6644.3283,630814.5920,OK,0.0000,265.7731,4.0000,96.0000,AG03-UNRESOLVED,ALL5_LEVELS_bet23_to_bet27,265.7731,265.7731,265.7731,332.2164,332.2164,4.000000,4.000000,4.000000,5.000000,5.000000,96.000000,96.000000,96.000000,95.000000,95.000000,5.0,1461.7522,1339.0033,5182.5761,5305.325,PENDING_AG03,FALSE,NOT_FOR_ENFORCEMENT,6378.5552,554612.3973,6644.3283,6378.5552,265.7731,0.01053293,0.01011162,265.7731,6378.5552,0.01011162,265.7731,265.7731,265.7731,332.2164,332.2164,6378.5552,0.01011162,1461.7522,1339.0033,5182.5761,5305.325,0.00821569,0.00841028,0.00042132,144.3512,141.7025,1.6297,93.5821,10.0216,8884.7126,57.4225,158.2289,140.3023,51.4311,102.8621,129.7286,258.1778,514.3107,1008.3546,77.1466,0.0,5.0,9.802971,1.403346,17,104,92,7,0.24757185,0.01053293,0.02940797,0E-8,0.000000,0.915834,0.000000,-0.02508550,2026-05-12,2026-08-06,71,663,310,87,0.816092,1.127771,1.096139,0.825239,,,,,,,,GLOBAL_BASELINE_NO_ENTITY_RANKING,,,NOT_APPLICABLE_GLOBAL_BASELINE,HF9g-P5,,,,X 全窗基线 · 不参与实体赏罚,14193560,1420,A168_HF9F_20260827_0900,2026-08-27 09:00:00
2026-06-10,137070871,2252,0,3298.0173322705,514.3106950913,514.3106950913,0.4736842,20,19,0.47897760789473684,0.478977607895,-0.046187610846903746,-0.04618761084919893,-0.046187610846903746,-2.6316E-13,ELIGIBLE,R03b_20260811_FULL_v1,L1_ELIGIBILITY,v2026-08-11,2026-03-21..2026-08-06,baccarat_bet02_101_all_pairs_incl_sentinel,round_win = game_pnl > 0 (decisive only),COMPATIBILITY_ONLY_NOT_PRODUCTION,630814.5920,577721.2471,6644.3283,4370,4077,-0.01053293,-0.02940797,-0.00432247,-0.01053293,-6644.3283,630814.5920,OK,0.0000,265.7731,4.0000,96.0000,AG03-UNRESOLVED,ALL5_LEVELS_bet23_to_bet27,265.7731,265.7731,265.7731,332.2164,332.2164,4.000000,4.000000,4.000000,5.000000,5.000000,96.000000,96.000000,96.000000,95.000000,95.000000,5.0,1461.7522,1339.0033,5182.5761,5305.325,PENDING_AG03,FALSE,NOT_FOR_ENFORCEMENT,6378.5552,554612.3973,6644.3283,6378.5552,265.7731,0.01053293,0.01011162,265.7731,6378.5552,0.01011162,265.7731,265.7731,265.7731,332.2164,332.2164,6378.5552,0.01011162,1461.7522,1339.0033,5182.5761,5305.325,0.00821569,0.00841028,0.00042132,144.3512,141.7025,1.6297,93.5821,10.0216,8884.7126,57.4225,158.2289,140.3023,51.4311,102.8621,129.7286,258.1778,514.3107,1008.3546,77.1466,0.0,5.0,9.802971,1.403346,17,104,92,7,0.24757185,0.01053293,0.02940797,0E-8,0.000000,0.915834,0.000000,-0.02508550,2026-05-12,2026-08-06,71,663,310,87,0.816092,1.127771,1.096139,0.825239,,,,,,,,GLOBAL_BASELINE_NO_ENTITY_RANKING,,,NOT_APPLICABLE_GLOBAL_BASELINE,HF9g-P5,,,,X 全窗基线 · 不参与实体赏罚,14193561,1420,A168_HF9F_20260827_0900,2026-08-27 09:00:00
2026-06-10,137070871,2267,0,257.1553475455,0E-10,0E-10,,1,1,0.50665070000000000,0.506650700000,,,,0E-17,NO_DECISIVE_ROUND,R03b_20260811_FULL_v1,L1_ELIGIBILITY,v2026-08-11,2026-03-21..2026-08-06,baccarat_bet02_101_all_pairs_incl_sentinel,round_win = game_pnl > 0 (decisive only),COMPATIBILITY_ONLY_NOT_PRODUCTION,630814.5920,577721.2471,6644.3283,4370,4077,-0.01053293,-0.02940797,-0.00432247,-0.01053293,-6644.3283,630814.5920,OK,0.0000,265.7731,4.0000,96.0000,AG03-UNRESOLVED,ALL5_LEVELS_bet23_to_bet27,265.7731,265.7731,265.7731,332.2164,332.2164,4.000000,4.000000,4.000000,5.000000,5.000000,96.000000,96.000000,96.000000,95.000000,95.000000,5.0,1461.7522,1339.0033,5182.5761,5305.325,PENDING_AG03,FALSE,NOT_FOR_ENFORCEMENT,6378.5552,554612.3973,6644.3283,6378.5552,265.7731,0.01053293,0.01011162,265.7731,6378.5552,0.01011162,265.7731,265.7731,265.7731,332.2164,332.2164,6378.5552,0.01011162,1461.7522,1339.0033,5182.5761,5305.325,0.00821569,0.00841028,0.00042132,144.3512,141.7025,1.6297,93.5821,10.0216,8884.7126,57.4225,158.2289,140.3023,51.4311,102.8621,129.7286,258.1778,514.3107,1008.3546,77.1466,0.0,5.0,9.802971,1.403346,17,104,92,7,0.24757185,0.01053293,0.02940797,0E-8,0.000000,0.915834,0.000000,-0.02508550,2026-05-12,2026-08-06,71,663,310,87,0.816092,1.127771,1.096139,0.825239,,,,,,,,GLOBAL_BASELINE_NO_ENTITY_RANKING,,,NOT_APPLICABLE_GLOBAL_BASELINE,HF9g-P5,,,,X 全窗基线 · 不参与实体赏罚,14193562,1420,A168_HF9F_20260827_0900,2026-08-27 09:00:00
2026-06-10,137070871,2281,0,6135.7265924343,-1768.3801784657,-1768.3801784657,0.3125000,22,19,0.47883050111642339,0.470247285088,-1.3318382648394589,-1.2642184987830967,-1.3318382648394589,0.00858321602842339,ELIGIBLE,R03b_20260811_FULL_v1,L1_ELIGIBILITY,v2026-08-11,2026-03-21..2026-08-06,baccarat_bet02_101_all_pairs_incl_sentinel,round_win = game_pnl > 0 (decisive only),COMPATIBILITY_ONLY_NOT_PRODUCTION,630814.5920,577721.2471,6644.3283,4370,4077,-0.01053293,-0.02940797,-0.00432247,-0.01053293,-6644.3283,630814.5920,OK,0.0000,265.7731,4.0000,96.0000,AG03-UNRESOLVED,ALL5_LEVELS_bet23_to_bet27,265.7731,265.7731,265.7731,332.2164,332.2164,4.000000,4.000000,4.000000,5.000000,5.000000,96.000000,96.000000,96.000000,95.000000,95.000000,5.0,1461.7522,1339.0033,5182.5761,5305.325,PENDING_AG03,FALSE,NOT_FOR_ENFORCEMENT,6378.5552,554612.3973,6644.3283,6378.5552,265.7731,0.01053293,0.01011162,265.7731,6378.5552,0.01011162,265.7731,265.7731,265.7731,332.2164,332.2164,6378.5552,0.01011162,1461.7522,1339.0033,5182.5761,5305.325,0.00821569,0.00841028,0.00042132,144.3512,141.7025,1.6297,93.5821,10.0216,8884.7126,57.4225,158.2289,140.3023,51.4311,102.8621,129.7286,258.1778,514.3107,1008.3546,77.1466,0.0,5.0,9.802971,1.403346,17,104,92,7,0.24757185,0.01053293,0.02940797,0E-8,0.000000,0.915834,0.000000,-0.02508550,2026-05-12,2026-08-06,71,663,310,87,0.816092,1.127771,1.096139,0.825239,,,,,,,,GLOBAL_BASELINE_NO_ENTITY_RANKING,,,NOT_APPLICABLE_GLOBAL_BASELINE,HF9g-P5,,,,X 全窗基线 · 不参与实体赏罚,14193563,1420,A168_HF9F_20260827_0900,2026-08-27 09:00:00
2026-06-10,137070871,772,0,514.3106950909,-135.0065574614,-135.0065574614,0.5000000,3,3,0.50665070000000000,0.506650700000,-0.018812684590367487,-0.018812684590367487,-0.018812684590367487,0E-17,ELIGIBLE,R03b_20260811_FULL_v1,L1_ELIGIBILITY,v2026-08-11,2026-03-21..2026-08-06,baccarat_bet02_101_all_pairs_incl_sentinel,round_win = game_pnl > 0 (decisive only),COMPATIBILITY_ONLY_NOT_PRODUCTION,630814.5920,577721.2471,6644.3283,4370,4077,-0.01053293,-0.02940797,-0.00432247,-0.01053293,-6644.3283,630814.5920,OK,0.0000,265.7731,4.0000,96.0000,AG03-UNRESOLVED,ALL5_LEVELS_bet23_to_bet27,265.7731,265.7731,265.7731,332.2164,332.2164,4.000000,4.000000,4.000000,5.000000,5.000000,96.000000,96.000000,96.000000,95.000000,95.000000,5.0,1461.7522,1339.0033,5182.5761,5305.325,PENDING_AG03,FALSE,NOT_FOR_ENFORCEMENT,6378.5552,554612.3973,6644.3283,6378.5552,265.7731,0.01053293,0.01011162,265.7731,6378.5552,0.01011162,265.7731,265.7731,265.7731,332.2164,332.2164,6378.5552,0.01011162,1461.7522,1339.0033,5182.5761,5305.325,0.00821569,0.00841028,0.00042132,144.3512,141.7025,1.6297,93.5821,10.0216,8884.7126,57.4225,158.2289,140.3023,51.4311,102.8621,129.7286,258.1778,514.3107,1008.3546,77.1466,0.0,5.0,9.802971,1.403346,17,104,92,7,0.24757185,0.01053293,0.02940797,0E-8,0.000000,0.915834,0.000000,-0.02508550,2026-05-12,2026-08-06,71,663,310,87,0.816092,1.127771,1.096139,0.825239,,,,,,,,GLOBAL_BASELINE_NO_ENTITY_RANKING,,,NOT_APPLICABLE_GLOBAL_BASELINE,HF9g-P5,,,,X 全窗基线 · 不参与实体赏罚,14193564,1420,A168_HF9F_20260827_0900,2026-08-27 09:00:00
2026-06-10,137070871,986,0,2143.1326664436,-564.1474014450,-564.1474014450,0.4000000,10,10,0.50128862000000000,0.501288620000,-0.6406076080251435,-0.6406076080251435,-0.6406076080251435,0E-17,ELIGIBLE,R03b_20260811_FULL_v1,L1_ELIGIBILITY,v2026-08-11,2026-03-21..2026-08-06,baccarat_bet02_101_all_pairs_incl_sentinel,round_win = game_pnl > 0 (decisive only),COMPATIBILITY_ONLY_NOT_PRODUCTION,630814.5920,577721.2471,6644.3283,4370,4077,-0.01053293,-0.02940797,-0.00432247,-0.01053293,-6644.3283,630814.5920,OK,0.0000,265.7731,4.0000,96.0000,AG03-UNRESOLVED,ALL5_LEVELS_bet23_to_bet27,265.7731,265.7731,265.7731,332.2164,332.2164,4.000000,4.000000,4.000000,5.000000,5.000000,96.000000,96.000000,96.000000,95.000000,95.000000,5.0,1461.7522,1339.0033,5182.5761,5305.325,PENDING_AG03,FALSE,NOT_FOR_ENFORCEMENT,6378.5552,554612.3973,6644.3283,6378.5552,265.7731,0.01053293,0.01011162,265.7731,6378.5552,0.01011162,265.7731,265.7731,265.7731,332.2164,332.2164,6378.5552,0.01011162,1461.7522,1339.0033,5182.5761,5305.325,0.00821569,0.00841028,0.00042132,144.3512,141.7025,1.6297,93.5821,10.0216,8884.7126,57.4225,158.2289,140.3023,51.4311,102.8621,129.7286,258.1778,514.3107,1008.3546,77.1466,0.0,5.0,9.802971,1.403346,17,104,92,7,0.24757185,0.01053293,0.02940797,0E-8,0.000000,0.915834,0.000000,-0.02508550,2026-05-12,2026-08-06,71,663,310,87,0.816092,1.127771,1.096139,0.825239,,,,,,,,GLOBAL_BASELINE_NO_ENTITY_RANKING,,,NOT_APPLICABLE_GLOBAL_BASELINE,HF9g-P5,,,,X 全窗基线 · 不参与实体赏罚,14193565,1420,A168_HF9F_20260827_0900,2026-08-27 09:00:00
2026-06-11,137070871,1325,0,4196.7752719419,-451.5647902902,-451.5647902902,0.5600000,38,27,0.41625210498235390,0.410979785803,1.4580775157681867,1.514397406686975,1.4580775157681867,0.00527231917935390,ELIGIBLE,R03b_20260811_FULL_v1,L1_ELIGIBILITY,v2026-08-11,2026-03-21..2026-08-06,baccarat_bet02_101_all_pairs_incl_sentinel,round_win = game_pnl > 0 (decisive only),COMPATIBILITY_ONLY_NOT_PRODUCTION,630814.5920,577721.2471,6644.3283,4370,4077,-0.01053293,-0.02940797,-0.00432247,-0.01053293,-6644.3283,630814.5920,OK,0.0000,265.7731,4.0000,96.0000,AG03-UNRESOLVED,ALL5_LEVELS_bet23_to_bet27,265.7731,265.7731,265.7731,332.2164,332.2164,4.000000,4.000000,4.000000,5.000000,5.000000,96.000000,96.000000,96.000000,95.000000,95.000000,5.0,1461.7522,1339.0033,5182.5761,5305.325,PENDING_AG03,FALSE,NOT_FOR_ENFORCEMENT,6378.5552,554612.3973,6644.3283,6378.5552,265.7731,0.01053293,0.01011162,265.7731,6378.5552,0.01011162,265.7731,265.7731,265.7731,332.2164,332.2164,6378.5552,0.01011162,1461.7522,1339.0033,5182.5761,5305.325,0.00821569,0.00841028,0.00042132,144.3512,141.7025,1.6297,93.5821,10.0216,8884.7126,57.4225,158.2289,140.3023,51.4311,102.8621,129.7286,258.1778,514.3107,1008.3546,77.1466,0.0,5.0,9.802971,1.403346,17,104,92,7,0.24757185,0.01053293,0.02940797,0E-8,0.000000,0.915834,0.000000,-0.02508550,2026-05-12,2026-08-06,71,663,310,87,0.816092,1.127771,1.096139,0.825239,,,,,,,,GLOBAL_BASELINE_NO_ENTITY_RANKING,,,NOT_APPLICABLE_GLOBAL_BASELINE,HF9g-P5,,,,X 全窗基线 · 不参与实体赏罚,14193566,1420,A168_HF9F_20260827_0900,2026-08-27 09:00:00
2026-06-11,137070871,1396,0,1594.3631547814,694.3194383732,694.3194383732,0.5000000,28,17,0.34905147549019608,0.349051475490,1.2666913388473913,1.2666913388492016,1.2666913388473913,1.9608E-13,ELIGIBLE,R03b_20260811_FULL_v1,L1_ELIGIBILITY,v2026-08-11,2026-03-21..2026-08-06,baccarat_bet02_101_all_pairs_incl_sentinel,round_win = game_pnl > 0 (decisive only),COMPATIBILITY_ONLY_NOT_PRODUCTION,630814.5920,577721.2471,6644.3283,4370,4077,-0.01053293,-0.02940797,-0.00432247,-0.01053293,-6644.3283,630814.5920,OK,0.0000,265.7731,4.0000,96.0000,AG03-UNRESOLVED,ALL5_LEVELS_bet23_to_bet27,265.7731,265.7731,265.7731,332.2164,332.2164,4.000000,4.000000,4.000000,5.000000,5.000000,96.000000,96.000000,96.000000,95.000000,95.000000,5.0,1461.7522,1339.0033,5182.5761,5305.325,PENDING_AG03,FALSE,NOT_FOR_ENFORCEMENT,6378.5552,554612.3973,6644.3283,6378.5552,265.7731,0.01053293,0.01011162,265.7731,6378.5552,0.01011162,265.7731,265.7731,265.7731,332.2164,332.2164,6378.5552,0.01011162,1461.7522,1339.0033,5182.5761,5305.325,0.00821569,0.00841028,0.00042132,144.3512,141.7025,1.6297,93.5821,10.0216,8884.7126,57.4225,158.2289,140.3023,51.4311,102.8621,129.7286,258.1778,514.3107,1008.3546,77.1466,0.0,5.0,9.802971,1.403346,17,104,92,7,0.24757185,0.01053293,0.02940797,0E-8,0.000000,0.915834,0.000000,-0.02508550,2026-05-12,2026-08-06,71,663,310,87,0.816092,1.127771,1.096139,0.825239,,,,,,,,GLOBAL_BASELINE_NO_ENTITY_RANKING,,,NOT_APPLICABLE_GLOBAL_BASELINE,HF9g-P5,,,,X 全窗基线 · 不参与实体赏罚,14193567,1420,A168_HF9F_20260827_0900,2026-08-27 09:00:00
2026-06-11,137070871,1704,0,5273.2275567671,2161.5707048628,2161.5707048628,0.7777778,10,10,0.49592654000000000,0.495926540000,1.6911635508098652,1.6911635508098652,1.6911635508098652,0E-17,ELIGIBLE,R03b_20260811_FULL_v1,L1_ELIGIBILITY,v2026-08-11,2026-03-21..2026-08-06,baccarat_bet02_101_all_pairs_incl_sentinel,round_win = game_pnl > 0 (decisive only),COMPATIBILITY_ONLY_NOT_PRODUCTION,630814.5920,577721.2471,6644.3283,4370,4077,-0.01053293,-0.02940797,-0.00432247,-0.01053293,-6644.3283,630814.5920,OK,0.0000,265.7731,4.0000,96.0000,AG03-UNRESOLVED,ALL5_LEVELS_bet23_to_bet27,265.7731,265.7731,265.7731,332.2164,332.2164,4.000000,4.000000,4.000000,5.000000,5.000000,96.000000,96.000000,96.000000,95.000000,95.000000,5.0,1461.7522,1339.0033,5182.5761,5305.325,PENDING_AG03,FALSE,NOT_FOR_ENFORCEMENT,6378.5552,554612.3973,6644.3283,6378.5552,265.7731,0.01053293,0.01011162,265.7731,6378.5552,0.01011162,265.7731,265.7731,265.7731,332.2164,332.2164,6378.5552,0.01011162,1461.7522,1339.0033,5182.5761,5305.325,0.00821569,0.00841028,0.00042132,144.3512,141.7025,1.6297,93.5821,10.0216,8884.7126,57.4225,158.2289,140.3023,51.4311,102.8621,129.7286,258.1778,514.3107,1008.3546,77.1466,0.0,5.0,9.802971,1.403346,17,104,92,7,0.24757185,0.01053293,0.02940797,0E-8,0.000000,0.915834,0.000000,-0.02508550,2026-05-12,2026-08-06,71,663,310,87,0.816092,1.127771,1.096139,0.825239,,,,,,,,GLOBAL_BASELINE_NO_ENTITY_RANKING,,,NOT_APPLICABLE_GLOBAL_BASELINE,HF9g-P5,,,,X 全窗基线 · 不参与实体赏罚,14193568,1420,A168_HF9F_20260827_0900,2026-08-27 09:00:00
2026-06-11,137070871,1710,0,102.8621390182,0E-10,0E-10,0.5000000,2,2,0.49994810000000000,0.499948100000,0.00014679536856514622,0.00014679536856514622,0.00014679536856514622,0E-17,ELIGIBLE,R03b_20260811_FULL_v1,L1_ELIGIBILITY,v2026-08-11,2026-03-21..2026-08-06,baccarat_bet02_101_all_pairs_incl_sentinel,round_win = game_pnl > 0 (decisive only),COMPATIBILITY_ONLY_NOT_PRODUCTION,630814.5920,577721.2471,6644.3283,4370,4077,-0.01053293,-0.02940797,-0.00432247,-0.01053293,-6644.3283,630814.5920,OK,0.0000,265.7731,4.0000,96.0000,AG03-UNRESOLVED,ALL5_LEVELS_bet23_to_bet27,265.7731,265.7731,265.7731,332.2164,332.2164,4.000000,4.000000,4.000000,5.000000,5.000000,96.000000,96.000000,96.000000,95.000000,95.000000,5.0,1461.7522,1339.0033,5182.5761,5305.325,PENDING_AG03,FALSE,NOT_FOR_ENFORCEMENT,6378.5552,554612.3973,6644.3283,6378.5552,265.7731,0.01053293,0.01011162,265.7731,6378.5552,0.01011162,265.7731,265.7731,265.7731,332.2164,332.2164,6378.5552,0.01011162,1461.7522,1339.0033,5182.5761,5305.325,0.00821569,0.00841028,0.00042132,144.3512,141.7025,1.6297,93.5821,10.0216,8884.7126,57.4225,158.2289,140.3023,51.4311,102.8621,129.7286,258.1778,514.3107,1008.3546,77.1466,0.0,5.0,9.802971,1.403346,17,104,92,7,0.24757185,0.01053293,0.02940797,0E-8,0.000000,0.915834,0.000000,-0.02508550,2026-05-12,2026-08-06,71,663,310,87,0.816092,1.127771,1.096139,0.825239,,,,,,,,GLOBAL_BASELINE_NO_ENTITY_RANKING,,,NOT_APPLICABLE_GLOBAL_BASELINE,HF9g-P5,,,,X 全窗基线 · 不参与实体赏罚,14193569,1420,A168_HF9F_20260827_0900,2026-08-27 09:00:00
2026-06-11,137070871,1994,0,801.2960629518,149.9858564558,149.9858564558,0.5555556,9,9,0.50218230000000000,0.502182300000,0.3202425836157423,0.3202425836157423,0.3202425836157423,0E-17,ELIGIBLE,R03b_20260811_FULL_v1,L1_ELIGIBILITY,v2026-08-11,2026-03-21..2026-08-06,baccarat_bet02_101_all_pairs_incl_sentinel,round_win = game_pnl > 0 (decisive only),COMPATIBILITY_ONLY_NOT_PRODUCTION,630814.5920,577721.2471,6644.3283,4370,4077,-0.01053293,-0.02940797,-0.00432247,-0.01053293,-6644.3283,630814.5920,OK,0.0000,265.7731,4.0000,96.0000,AG03-UNRESOLVED,ALL5_LEVELS_bet23_to_bet27,265.7731,265.7731,265.7731,332.2164,332.2164,4.000000,4.000000,4.000000,5.000000,5.000000,96.000000,96.000000,96.000000,95.000000,95.000000,5.0,1461.7522,1339.0033,5182.5761,5305.325,PENDING_AG03,FALSE,NOT_FOR_ENFORCEMENT,6378.5552,554612.3973,6644.3283,6378.5552,265.7731,0.01053293,0.01011162,265.7731,6378.5552,0.01011162,265.7731,265.7731,265.7731,332.2164,332.2164,6378.5552,0.01011162,1461.7522,1339.0033,5182.5761,5305.325,0.00821569,0.00841028,0.00042132,144.3512,141.7025,1.6297,93.5821,10.0216,8884.7126,57.4225,158.2289,140.3023,51.4311,102.8621,129.7286,258.1778,514.3107,1008.3546,77.1466,0.0,5.0,9.802971,1.403346,17,104,92,7,0.24757185,0.01053293,0.02940797,0E-8,0.000000,0.915834,0.000000,-0.02508550,2026-05-12,2026-08-06,71,663,310,87,0.816092,1.127771,1.096139,0.825239,,,,,,,,GLOBAL_BASELINE_NO_ENTITY_RANKING,,,NOT_APPLICABLE_GLOBAL_BASELINE,HF9g-P5,,,,X 全窗基线 · 不参与实体赏罚,14193570,1420,A168_HF9F_20260827_0900,2026-08-27 09:00:00
2026-06-11,137070871,2142,0,4680.2273253271,-9.0004371638,-9.0004371638,0.6153846,28,28,0.50042685714285714,0.500426857143,1.1723441322459545,1.1723441322444978,1.1723441322459545,-1.4286E-13,ELIGIBLE,R03b_20260811_FULL_v1,L1_ELIGIBILITY,v2026-08-11,2026-03-21..2026-08-06,baccarat_bet02_101_all_pairs_incl_sentinel,round_win = game_pnl > 0 (decisive only),COMPATIBILITY_ONLY_NOT_PRODUCTION,630814.5920,577721.2471,6644.3283,4370,4077,-0.01053293,-0.02940797,-0.00432247,-0.01053293,-6644.3283,630814.5920,OK,0.0000,265.7731,4.0000,96.0000,AG03-UNRESOLVED,ALL5_LEVELS_bet23_to_bet27,265.7731,265.7731,265.7731,332.2164,332.2164,4.000000,4.000000,4.000000,5.000000,5.000000,96.000000,96.000000,96.000000,95.000000,95.000000,5.0,1461.7522,1339.0033,5182.5761,5305.325,PENDING_AG03,FALSE,NOT_FOR_ENFORCEMENT,6378.5552,554612.3973,6644.3283,6378.5552,265.7731,0.01053293,0.01011162,265.7731,6378.5552,0.01011162,265.7731,265.7731,265.7731,332.2164,332.2164,6378.5552,0.01011162,1461.7522,1339.0033,5182.5761,5305.325,0.00821569,0.00841028,0.00042132,144.3512,141.7025,1.6297,93.5821,10.0216,8884.7126,57.4225,158.2289,140.3023,51.4311,102.8621,129.7286,258.1778,514.3107,1008.3546,77.1466,0.0,5.0,9.802971,1.403346,17,104,92,7,0.24757185,0.01053293,0.02940797,0E-8,0.000000,0.915834,0.000000,-0.02508550,2026-05-12,2026-08-06,71,663,310,87,0.816092,1.127771,1.096139,0.825239,,,,,,,,GLOBAL_BASELINE_NO_ENTITY_RANKING,,,NOT_APPLICABLE_GLOBAL_BASELINE,HF9g-P5,,,,X 全窗基线 · 不参与实体赏罚,14193571,1420,A168_HF9F_20260827_0900,2026-08-27 09:00:00
2026-06-11,137070871,2196,0,4104.7136575206,-1539.8462211021,-1539.8462211021,0.2857143,7,7,0.49899058571428571,0.498990585714,-1.1285544004973334,-1.1285544004958228,-1.1285544004973334,2.8571E-13,ELIGIBLE,R03b_20260811_FULL_v1,L1_ELIGIBILITY,v2026-08-11,2026-03-21..2026-08-06,baccarat_bet02_101_all_pairs_incl_sentinel,round_win = game_pnl > 0 (decisive only),COMPATIBILITY_ONLY_NOT_PRODUCTION,630814.5920,577721.2471,6644.3283,4370,4077,-0.01053293,-0.02940797,-0.00432247,-0.01053293,-6644.3283,630814.5920,OK,0.0000,265.7731,4.0000,96.0000,AG03-UNRESOLVED,ALL5_LEVELS_bet23_to_bet27,265.7731,265.7731,265.7731,332.2164,332.2164,4.000000,4.000000,4.000000,5.000000,5.000000,96.000000,96.000000,96.000000,95.000000,95.000000,5.0,1461.7522,1339.0033,5182.5761,5305.325,PENDING_AG03,FALSE,NOT_FOR_ENFORCEMENT,6378.5552,554612.3973,6644.3283,6378.5552,265.7731,0.01053293,0.01011162,265.7731,6378.5552,0.01011162,265.7731,265.7731,265.7731,332.2164,332.2164,6378.5552,0.01011162,1461.7522,1339.0033,5182.5761,5305.325,0.00821569,0.00841028,0.00042132,144.3512,141.7025,1.6297,93.5821,10.0216,8884.7126,57.4225,158.2289,140.3023,51.4311,102.8621,129.7286,258.1778,514.3107,1008.3546,77.1466,0.0,5.0,9.802971,1.403346,17,104,92,7,0.24757185,0.01053293,0.02940797,0E-8,0.000000,0.915834,0.000000,-0.02508550,2026-05-12,2026-08-06,71,663,310,87,0.816092,1.127771,1.096139,0.825239,,,,,,,,GLOBAL_BASELINE_NO_ENTITY_RANKING,,,NOT_APPLICABLE_GLOBAL_BASELINE,HF9g-P5,,,,X 全窗基线 · 不参与实体赏罚,14193572,1420,A168_HF9F_20260827_0900,2026-08-27 09:00:00
2026-06-11,137070871,2233,0,128.5776737727,-128.5776737727,-128.5776737727,0E-7,1,1,0.49324550000000000,0.493245500000,-0.9865810262130424,-0.9865810262130424,-0.9865810262130424,0E-17,ELIGIBLE,R03b_20260811_FULL_v1,L1_ELIGIBILITY,v2026-08-11,2026-03-21..2026-08-06,baccarat_bet02_101_all_pairs_incl_sentinel,round_win = game_pnl > 0 (decisive only),COMPATIBILITY_ONLY_NOT_PRODUCTION,630814.5920,577721.2471,6644.3283,4370,4077,-0.01053293,-0.02940797,-0.00432247,-0.01053293,-6644.3283,630814.5920,OK,0.0000,265.7731,4.0000,96.0000,AG03-UNRESOLVED,ALL5_LEVELS_bet23_to_bet27,265.7731,265.7731,265.7731,332.2164,332.2164,4.000000,4.000000,4.000000,5.000000,5.000000,96.000000,96.000000,96.000000,95.000000,95.000000,5.0,1461.7522,1339.0033,5182.5761,5305.325,PENDING_AG03,FALSE,NOT_FOR_ENFORCEMENT,6378.5552,554612.3973,6644.3283,6378.5552,265.7731,0.01053293,0.01011162,265.7731,6378.5552,0.01011162,265.7731,265.7731,265.7731,332.2164,332.2164,6378.5552,0.01011162,1461.7522,1339.0033,5182.5761,5305.325,0.00821569,0.00841028,0.00042132,144.3512,141.7025,1.6297,93.5821,10.0216,8884.7126,57.4225,158.2289,140.3023,51.4311,102.8621,129.7286,258.1778,514.3107,1008.3546,77.1466,0.0,5.0,9.802971,1.403346,17,104,92,7,0.24757185,0.01053293,0.02940797,0E-8,0.000000,0.915834,0.000000,-0.02508550,2026-05-12,2026-08-06,71,663,310,87,0.816092,1.127771,1.096139,0.825239,,,,,,,,GLOBAL_BASELINE_NO_ENTITY_RANKING,,,NOT_APPLICABLE_GLOBAL_BASELINE,HF9g-P5,,,,X 全窗基线 · 不参与实体赏罚,14193573,1420,A168_HF9F_20260827_0900,2026-08-27 09:00:00
2026-06-11,137070871,2251,0,18.5151850232,-9.2575925116,-9.2575925116,0E-7,2,2,0.29392415000000000,0.293924150000,-0.6451964315166089,-0.6451964315166089,-0.6451964315166089,0E-17,ELIGIBLE,R03b_20260811_FULL_v1,L1_ELIGIBILITY,v2026-08-11,2026-03-21..2026-08-06,baccarat_bet02_101_all_pairs_incl_sentinel,round_win = game_pnl > 0 (decisive only),COMPATIBILITY_ONLY_NOT_PRODUCTION,630814.5920,577721.2471,6644.3283,4370,4077,-0.01053293,-0.02940797,-0.00432247,-0.01053293,-6644.3283,630814.5920,OK,0.0000,265.7731,4.0000,96.0000,AG03-UNRESOLVED,ALL5_LEVELS_bet23_to_bet27,265.7731,265.7731,265.7731,332.2164,332.2164,4.000000,4.000000,4.000000,5.000000,5.000000,96.000000,96.000000,96.000000,95.000000,95.000000,5.0,1461.7522,1339.0033,5182.5761,5305.325,PENDING_AG03,FALSE,NOT_FOR_ENFORCEMENT,6378.5552,554612.3973,6644.3283,6378.5552,265.7731,0.01053293,0.01011162,265.7731,6378.5552,0.01011162,265.7731,265.7731,265.7731,332.2164,332.2164,6378.5552,0.01011162,1461.7522,1339.0033,5182.5761,5305.325,0.00821569,0.00841028,0.00042132,144.3512,141.7025,1.6297,93.5821,10.0216,8884.7126,57.4225,158.2289,140.3023,51.4311,102.8621,129.7286,258.1778,514.3107,1008.3546,77.1466,0.0,5.0,9.802971,1.403346,17,104,92,7,0.24757185,0.01053293,0.02940797,0E-8,0.000000,0.915834,0.000000,-0.02508550,2026-05-12,2026-08-06,71,663,310,87,0.816092,1.127771,1.096139,0.825239,,,,,,,,GLOBAL_BASELINE_NO_ENTITY_RANKING,,,NOT_APPLICABLE_GLOBAL_BASELINE,HF9g-P5,,,,X 全窗基线 · 不参与实体赏罚,14193574,1420,A168_HF9F_20260827_0900,2026-08-27 09:00:00
2026-06-11,137070871,2281,0,1902.9495718363,482.1662766479,482.1662766479,0.5454545,12,12,0.46896207500000000,0.468962075000,0.5083740801595099,0.5083740801595099,0.5083740801595099,0E-17,ELIGIBLE,R03b_20260811_FULL_v1,L1_ELIGIBILITY,v2026-08-11,2026-03-21..2026-08-06,baccarat_bet02_101_all_pairs_incl_sentinel,round_win = game_pnl > 0 (decisive only),COMPATIBILITY_ONLY_NOT_PRODUCTION,630814.5920,577721.2471,6644.3283,4370,4077,-0.01053293,-0.02940797,-0.00432247,-0.01053293,-6644.3283,630814.5920,OK,0.0000,265.7731,4.0000,96.0000,AG03-UNRESOLVED,ALL5_LEVELS_bet23_to_bet27,265.7731,265.7731,265.7731,332.2164,332.2164,4.000000,4.000000,4.000000,5.000000,5.000000,96.000000,96.000000,96.000000,95.000000,95.000000,5.0,1461.7522,1339.0033,5182.5761,5305.325,PENDING_AG03,FALSE,NOT_FOR_ENFORCEMENT,6378.5552,554612.3973,6644.3283,6378.5552,265.7731,0.01053293,0.01011162,265.7731,6378.5552,0.01011162,265.7731,265.7731,265.7731,332.2164,332.2164,6378.5552,0.01011162,1461.7522,1339.0033,5182.5761,5305.325,0.00821569,0.00841028,0.00042132,144.3512,141.7025,1.6297,93.5821,10.0216,8884.7126,57.4225,158.2289,140.3023,51.4311,102.8621,129.7286,258.1778,514.3107,1008.3546,77.1466,0.0,5.0,9.802971,1.403346,17,104,92,7,0.24757185,0.01053293,0.02940797,0E-8,0.000000,0.915834,0.000000,-0.02508550,2026-05-12,2026-08-06,71,663,310,87,0.816092,1.127771,1.096139,0.825239,,,,,,,,GLOBAL_BASELINE_NO_ENTITY_RANKING,,,NOT_APPLICABLE_GLOBAL_BASELINE,HF9g-P5,,,,X 全窗基线 · 不参与实体赏罚,14193575,1420,A168_HF9F_20260827_0900,2026-08-27 09:00:00
2026-06-11,137070871,772,0,257.1553475454,-6.4288836886,-6.4288836886,0.5000000,2,2,0.50665070000000000,0.506650700000,-0.018812684590367487,-0.018812684590367487,-0.018812684590367487,0E-17,ELIGIBLE,R03b_20260811_FULL_v1,L1_ELIGIBILITY,v2026-08-11,2026-03-21..2026-08-06,baccarat_bet02_101_all_pairs_incl_sentinel,round_win = game_pnl > 0 (decisive only),COMPATIBILITY_ONLY_NOT_PRODUCTION,630814.5920,577721.2471,6644.3283,4370,4077,-0.01053293,-0.02940797,-0.00432247,-0.01053293,-6644.3283,630814.5920,OK,0.0000,265.7731,4.0000,96.0000,AG03-UNRESOLVED,ALL5_LEVELS_bet23_to_bet27,265.7731,265.7731,265.7731,332.2164,332.2164,4.000000,4.000000,4.000000,5.000000,5.000000,96.000000,96.000000,96.000000,95.000000,95.000000,5.0,1461.7522,1339.0033,5182.5761,5305.325,PENDING_AG03,FALSE,NOT_FOR_ENFORCEMENT,6378.5552,554612.3973,6644.3283,6378.5552,265.7731,0.01053293,0.01011162,265.7731,6378.5552,0.01011162,265.7731,265.7731,265.7731,332.2164,332.2164,6378.5552,0.01011162,1461.7522,1339.0033,5182.5761,5305.325,0.00821569,0.00841028,0.00042132,144.3512,141.7025,1.6297,93.5821,10.0216,8884.7126,57.4225,158.2289,140.3023,51.4311,102.8621,129.7286,258.1778,514.3107,1008.3546,77.1466,0.0,5.0,9.802971,1.403346,17,104,92,7,0.24757185,0.01053293,0.02940797,0E-8,0.000000,0.915834,0.000000,-0.02508550,2026-05-12,2026-08-06,71,663,310,87,0.816092,1.127771,1.096139,0.825239,,,,,,,,GLOBAL_BASELINE_NO_ENTITY_RANKING,,,NOT_APPLICABLE_GLOBAL_BASELINE,HF9g-P5,,,,X 全窗基线 · 不参与实体赏罚,14193576,1420,A168_HF9F_20260827_0900,2026-08-27 09:00:00
2026-06-11,137070871,986,0,128.5776737727,122.1487900841,122.1487900841,1.0000000,1,1,0.50665070000000000,0.506650700000,0.9867858985152569,0.9867858985152569,0.9867858985152569,0E-17,ELIGIBLE,R03b_20260811_FULL_v1,L1_ELIGIBILITY,v2026-08-11,2026-03-21..2026-08-06,baccarat_bet02_101_all_pairs_incl_sentinel,round_win = game_pnl > 0 (decisive only),COMPATIBILITY_ONLY_NOT_PRODUCTION,630814.5920,577721.2471,6644.3283,4370,4077,-0.01053293,-0.02940797,-0.00432247,-0.01053293,-6644.3283,630814.5920,OK,0.0000,265.7731,4.0000,96.0000,AG03-UNRESOLVED,ALL5_LEVELS_bet23_to_bet27,265.7731,265.7731,265.7731,332.2164,332.2164,4.000000,4.000000,4.000000,5.000000,5.000000,96.000000,96.000000,96.000000,95.000000,95.000000,5.0,1461.7522,1339.0033,5182.5761,5305.325,PENDING_AG03,FALSE,NOT_FOR_ENFORCEMENT,6378.5552,554612.3973,6644.3283,6378.5552,265.7731,0.01053293,0.01011162,265.7731,6378.5552,0.01011162,265.7731,265.7731,265.7731,332.2164,332.2164,6378.5552,0.01011162,1461.7522,1339.0033,5182.5761,5305.325,0.00821569,0.00841028,0.00042132,144.3512,141.7025,1.6297,93.5821,10.0216,8884.7126,57.4225,158.2289,140.3023,51.4311,102.8621,129.7286,258.1778,514.3107,1008.3546,77.1466,0.0,5.0,9.802971,1.403346,17,104,92,7,0.24757185,0.01053293,0.02940797,0E-8,0.000000,0.915834,0.000000,-0.02508550,2026-05-12,2026-08-06,71,663,310,87,0.816092,1.127771,1.096139,0.825239,,,,,,,,GLOBAL_BASELINE_NO_ENTITY_RANKING,,,NOT_APPLICABLE_GLOBAL_BASELINE,HF9g-P5,,,,X 全窗基线 · 不参与实体赏罚,14193577,1420,A168_HF9F_20260827_0900,2026-08-27 09:00:00
2026-06-12,137070871,1325,0,1851.5185023274,780.4664798006,780.4664798006,0.7272727,11,11,0.50055742727272727,0.500557427273,1.503860103240369,1.503860103238561,1.503860103240369,-2.7273E-13,ELIGIBLE,R03b_20260811_FULL_v1,L1_ELIGIBILITY,v2026-08-11,2026-03-21..2026-08-06,baccarat_bet02_101_all_pairs_incl_sentinel,round_win = game_pnl > 0 (decisive only),COMPATIBILITY_ONLY_NOT_PRODUCTION,630814.5920,577721.2471,6644.3283,4370,4077,-0.01053293,-0.02940797,-0.00432247,-0.01053293,-6644.3283,630814.5920,OK,0.0000,265.7731,4.0000,96.0000,AG03-UNRESOLVED,ALL5_LEVELS_bet23_to_bet27,265.7731,265.7731,265.7731,332.2164,332.2164,4.000000,4.000000,4.000000,5.000000,5.000000,96.000000,96.000000,96.000000,95.000000,95.000000,5.0,1461.7522,1339.0033,5182.5761,5305.325,PENDING_AG03,FALSE,NOT_FOR_ENFORCEMENT,6378.5552,554612.3973,6644.3283,6378.5552,265.7731,0.01053293,0.01011162,265.7731,6378.5552,0.01011162,265.7731,265.7731,265.7731,332.2164,332.2164,6378.5552,0.01011162,1461.7522,1339.0033,5182.5761,5305.325,0.00821569,0.00841028,0.00042132,144.3512,141.7025,1.6297,93.5821,10.0216,8884.7126,57.4225,158.2289,140.3023,51.4311,102.8621,129.7286,258.1778,514.3107,1008.3546,77.1466,0.0,5.0,9.802971,1.403346,17,104,92,7,0.24757185,0.01053293,0.02940797,0E-8,0.000000,0.915834,0.000000,-0.02508550,2026-05-12,2026-08-06,71,663,310,87,0.816092,1.127771,1.096139,0.825239,,,,,,,,GLOBAL_BASELINE_NO_ENTITY_RANKING,,,NOT_APPLICABLE_GLOBAL_BASELINE,HF9g-P5,,,,X 全窗基线 · 不参与实体赏罚,14193578,1420,A168_HF9F_20260827_0900,2026-08-27 09:00:00
2026-06-12,137070871,1374,0,514.3106950910,-59.1457299356,-59.1457299356,0.4444444,10,10,0.50396966000000000,0.503969660000,-0.35716254998887953,-0.35716254998887953,-0.35716254998887953,0E-17,ELIGIBLE,R03b_20260811_FULL_v1,L1_ELIGIBILITY,v2026-08-11,2026-03-21..2026-08-06,baccarat_bet02_101_all_pairs_incl_sentinel,round_win = game_pnl > 0 (decisive only),COMPATIBILITY_ONLY_NOT_PRODUCTION,630814.5920,577721.2471,6644.3283,4370,4077,-0.01053293,-0.02940797,-0.00432247,-0.01053293,-6644.3283,630814.5920,OK,0.0000,265.7731,4.0000,96.0000,AG03-UNRESOLVED,ALL5_LEVELS_bet23_to_bet27,265.7731,265.7731,265.7731,332.2164,332.2164,4.000000,4.000000,4.000000,5.000000,5.000000,96.000000,96.000000,96.000000,95.000000,95.000000,5.0,1461.7522,1339.0033,5182.5761,5305.325,PENDING_AG03,FALSE,NOT_FOR_ENFORCEMENT,6378.5552,554612.3973,6644.3283,6378.5552,265.7731,0.01053293,0.01011162,265.7731,6378.5552,0.01011162,265.7731,265.7731,265.7731,332.2164,332.2164,6378.5552,0.01011162,1461.7522,1339.0033,5182.5761,5305.325,0.00821569,0.00841028,0.00042132,144.3512,141.7025,1.6297,93.5821,10.0216,8884.7126,57.4225,158.2289,140.3023,51.4311,102.8621,129.7286,258.1778,514.3107,1008.3546,77.1466,0.0,5.0,9.802971,1.403346,17,104,92,7,0.24757185,0.01053293,0.02940797,0E-8,0.000000,0.915834,0.000000,-0.02508550,2026-05-12,2026-08-06,71,663,310,87,0.816092,1.127771,1.096139,0.825239,,,,,,,,GLOBAL_BASELINE_NO_ENTITY_RANKING,,,NOT_APPLICABLE_GLOBAL_BASELINE,HF9g-P5,,,,X 全窗基线 · 不参与实体赏罚,14193579,1420,A168_HF9F_20260827_0900,2026-08-27 09:00:00
2026-06-12,137070871,1396,0,334.3019518090,-183.8660734949,-183.8660734949,0.2500000,4,4,0.50329940000000000,0.503299400000,-1.013219660140378,-1.013219660140378,-1.013219660140378,0E-17,ELIGIBLE,R03b_20260811_FULL_v1,L1_ELIGIBILITY,v2026-08-11,2026-03-21..2026-08-06,baccarat_bet02_101_all_pairs_incl_sentinel,round_win = game_pnl > 0 (decisive only),COMPATIBILITY_ONLY_NOT_PRODUCTION,630814.5920,577721.2471,6644.3283,4370,4077,-0.01053293,-0.02940797,-0.00432247,-0.01053293,-6644.3283,630814.5920,OK,0.0000,265.7731,4.0000,96.0000,AG03-UNRESOLVED,ALL5_LEVELS_bet23_to_bet27,265.7731,265.7731,265.7731,332.2164,332.2164,4.000000,4.000000,4.000000,5.000000,5.000000,96.000000,96.000000,96.000000,95.000000,95.000000,5.0,1461.7522,1339.0033,5182.5761,5305.325,PENDING_AG03,FALSE,NOT_FOR_ENFORCEMENT,6378.5552,554612.3973,6644.3283,6378.5552,265.7731,0.01053293,0.01011162,265.7731,6378.5552,0.01011162,265.7731,265.7731,265.7731,332.2164,332.2164,6378.5552,0.01011162,1461.7522,1339.0033,5182.5761,5305.325,0.00821569,0.00841028,0.00042132,144.3512,141.7025,1.6297,93.5821,10.0216,8884.7126,57.4225,158.2289,140.3023,51.4311,102.8621,129.7286,258.1778,514.3107,1008.3546,77.1466,0.0,5.0,9.802971,1.403346,17,104,92,7,0.24757185,0.01053293,0.02940797,0E-8,0.000000,0.915834,0.000000,-0.02508550,2026-05-12,2026-08-06,71,663,310,87,0.816092,1.127771,1.096139,0.825239,,,,,,,,GLOBAL_BASELINE_NO_ENTITY_RANKING,,,NOT_APPLICABLE_GLOBAL_BASELINE,HF9g-P5,,,,X 全窗基线 · 不参与实体赏罚,14193580,1420,A168_HF9F_20260827_0900,2026-08-27 09:00:00
2026-06-12,137070871,1400,0,332.7590197238,-332.7590197238,-332.7590197238,0E-7,3,3,0.50218230000000000,0.502182300000,-1.7396270863184011,-1.7396270863184016,-1.7396270863184011,0E-17,ELIGIBLE,R03b_20260811_FULL_v1,L1_ELIGIBILITY,v2026-08-11,2026-03-21..2026-08-06,baccarat_bet02_101_all_pairs_incl_sentinel,round_win = game_pnl > 0 (decisive only),COMPATIBILITY_ONLY_NOT_PRODUCTION,630814.5920,577721.2471,6644.3283,4370,4077,-0.01053293,-0.02940797,-0.00432247,-0.01053293,-6644.3283,630814.5920,OK,0.0000,265.7731,4.0000,96.0000,AG03-UNRESOLVED,ALL5_LEVELS_bet23_to_bet27,265.7731,265.7731,265.7731,332.2164,332.2164,4.000000,4.000000,4.000000,5.000000,5.000000,96.000000,96.000000,96.000000,95.000000,95.000000,5.0,1461.7522,1339.0033,5182.5761,5305.325,PENDING_AG03,FALSE,NOT_FOR_ENFORCEMENT,6378.5552,554612.3973,6644.3283,6378.5552,265.7731,0.01053293,0.01011162,265.7731,6378.5552,0.01011162,265.7731,265.7731,265.7731,332.2164,332.2164,6378.5552,0.01011162,1461.7522,1339.0033,5182.5761,5305.325,0.00821569,0.00841028,0.00042132,144.3512,141.7025,1.6297,93.5821,10.0216,8884.7126,57.4225,158.2289,140.3023,51.4311,102.8621,129.7286,258.1778,514.3107,1008.3546,77.1466,0.0,5.0,9.802971,1.403346,17,104,92,7,0.24757185,0.01053293,0.02940797,0E-8,0.000000,0.915834,0.000000,-0.02508550,2026-05-12,2026-08-06,71,663,310,87,0.816092,1.127771,1.096139,0.825239,,,,,,,,GLOBAL_BASELINE_NO_ENTITY_RANKING,,,NOT_APPLICABLE_GLOBAL_BASELINE,HF9g-P5,,,,X 全窗基线 · 不参与实体赏罚,14193581,1420,A168_HF9F_20260827_0900,2026-08-27 09:00:00
2026-06-12,137070871,1951,0,424.8206341451,-373.3895646361,-373.3895646361,0.2000000,5,5,0.50128862000000000,0.501288620000,-1.347408145195933,-1.347408145195933,-1.347408145195933,0E-17,ELIGIBLE,R03b_20260811_FULL_v1,L1_ELIGIBILITY,v2026-08-11,2026-03-21..2026-08-06,baccarat_bet02_101_all_pairs_incl_sentinel,round_win = game_pnl > 0 (decisive only),COMPATIBILITY_ONLY_NOT_PRODUCTION,630814.5920,577721.2471,6644.3283,4370,4077,-0.01053293,-0.02940797,-0.00432247,-0.01053293,-6644.3283,630814.5920,OK,0.0000,265.7731,4.0000,96.0000,AG03-UNRESOLVED,ALL5_LEVELS_bet23_to_bet27,265.7731,265.7731,265.7731,332.2164,332.2164,4.000000,4.000000,4.000000,5.000000,5.000000,96.000000,96.000000,96.000000,95.000000,95.000000,5.0,1461.7522,1339.0033,5182.5761,5305.325,PENDING_AG03,FALSE,NOT_FOR_ENFORCEMENT,6378.5552,554612.3973,6644.3283,6378.5552,265.7731,0.01053293,0.01011162,265.7731,6378.5552,0.01011162,265.7731,265.7731,265.7731,332.2164,332.2164,6378.5552,0.01011162,1461.7522,1339.0033,5182.5761,5305.325,0.00821569,0.00841028,0.00042132,144.3512,141.7025,1.6297,93.5821,10.0216,8884.7126,57.4225,158.2289,140.3023,51.4311,102.8621,129.7286,258.1778,514.3107,1008.3546,77.1466,0.0,5.0,9.802971,1.403346,17,104,92,7,0.24757185,0.01053293,0.02940797,0E-8,0.000000,0.915834,0.000000,-0.02508550,2026-05-12,2026-08-06,71,663,310,87,0.816092,1.127771,1.096139,0.825239,,,,,,,,GLOBAL_BASELINE_NO_ENTITY_RANKING,,,NOT_APPLICABLE_GLOBAL_BASELINE,HF9g-P5,,,,X 全窗基线 · 不参与实体赏罚,14193582,1420,A168_HF9F_20260827_0900,2026-08-27 09:00:00
2026-06-12,137070871,2123,0,568.0561627279,244.7861753283,244.7861753283,0.7000000,10,10,0.50128862000000000,0.501288620000,1.256765289419239,1.256765289419239,1.256765289419239,0E-17,ELIGIBLE,R03b_20260811_FULL_v1,L1_ELIGIBILITY,v2026-08-11,2026-03-21..2026-08-06,baccarat_bet02_101_all_pairs_incl_sentinel,round_win = game_pnl > 0 (decisive only),COMPATIBILITY_ONLY_NOT_PRODUCTION,630814.5920,577721.2471,6644.3283,4370,4077,-0.01053293,-0.02940797,-0.00432247,-0.01053293,-6644.3283,630814.5920,OK,0.0000,265.7731,4.0000,96.0000,AG03-UNRESOLVED,ALL5_LEVELS_bet23_to_bet27,265.7731,265.7731,265.7731,332.2164,332.2164,4.000000,4.000000,4.000000,5.000000,5.000000,96.000000,96.000000,96.000000,95.000000,95.000000,5.0,1461.7522,1339.0033,5182.5761,5305.325,PENDING_AG03,FALSE,NOT_FOR_ENFORCEMENT,6378.5552,554612.3973,6644.3283,6378.5552,265.7731,0.01053293,0.01011162,265.7731,6378.5552,0.01011162,265.7731,265.7731,265.7731,332.2164,332.2164,6378.5552,0.01011162,1461.7522,1339.0033,5182.5761,5305.325,0.00821569,0.00841028,0.00042132,144.3512,141.7025,1.6297,93.5821,10.0216,8884.7126,57.4225,158.2289,140.3023,51.4311,102.8621,129.7286,258.1778,514.3107,1008.3546,77.1466,0.0,5.0,9.802971,1.403346,17,104,92,7,0.24757185,0.01053293,0.02940797,0E-8,0.000000,0.915834,0.000000,-0.02508550,2026-05-12,2026-08-06,71,663,310,87,0.816092,1.127771,1.096139,0.825239,,,,,,,,GLOBAL_BASELINE_NO_ENTITY_RANKING,,,NOT_APPLICABLE_GLOBAL_BASELINE,HF9g-P5,,,,X 全窗基线 · 不参与实体赏罚,14193583,1420,A168_HF9F_20260827_0900,2026-08-27 09:00:00
2026-06-12,137070871,2142,0,1791.8584616967,-788.9526062694,-788.9526062694,0.3750000,8,8,0.50497505000000000,0.504975050000,-0.7352863131446508,-0.7352863131446508,-0.7352863131446508,0E-17,ELIGIBLE,R03b_20260811_FULL_v1,L1_ELIGIBILITY,v2026-08-11,2026-03-21..2026-08-06,baccarat_bet02_101_all_pairs_incl_sentinel,round_win = game_pnl > 0 (decisive only),COMPATIBILITY_ONLY_NOT_PRODUCTION,630814.5920,577721.2471,6644.3283,4370,4077,-0.01053293,-0.02940797,-0.00432247,-0.01053293,-6644.3283,630814.5920,OK,0.0000,265.7731,4.0000,96.0000,AG03-UNRESOLVED,ALL5_LEVELS_bet23_to_bet27,265.7731,265.7731,265.7731,332.2164,332.2164,4.000000,4.000000,4.000000,5.000000,5.000000,96.000000,96.000000,96.000000,95.000000,95.000000,5.0,1461.7522,1339.0033,5182.5761,5305.325,PENDING_AG03,FALSE,NOT_FOR_ENFORCEMENT,6378.5552,554612.3973,6644.3283,6378.5552,265.7731,0.01053293,0.01011162,265.7731,6378.5552,0.01011162,265.7731,265.7731,265.7731,332.2164,332.2164,6378.5552,0.01011162,1461.7522,1339.0033,5182.5761,5305.325,0.00821569,0.00841028,0.00042132,144.3512,141.7025,1.6297,93.5821,10.0216,8884.7126,57.4225,158.2289,140.3023,51.4311,102.8621,129.7286,258.1778,514.3107,1008.3546,77.1466,0.0,5.0,9.802971,1.403346,17,104,92,7,0.24757185,0.01053293,0.02940797,0E-8,0.000000,0.915834,0.000000,-0.02508550,2026-05-12,2026-08-06,71,663,310,87,0.816092,1.127771,1.096139,0.825239,,,,,,,,GLOBAL_BASELINE_NO_ENTITY_RANKING,,,NOT_APPLICABLE_GLOBAL_BASELINE,HF9g-P5,,,,X 全窗基线 · 不参与实体赏罚,14193584,1420,A168_HF9F_20260827_0900,2026-08-27 09:00:00
2026-06-12,137070871,2170,0,51.4310695091,-51.4310695091,-51.4310695091,0E-7,1,1,0.50665070000000000,0.506650700000,-1.013391052207602,-1.013391052207602,-1.013391052207602,0E-17,ELIGIBLE,R03b_20260811_FULL_v1,L1_ELIGIBILITY,v2026-08-11,2026-03-21..2026-08-06,baccarat_bet02_101_all_pairs_incl_sentinel,round_win = game_pnl > 0 (decisive only),COMPATIBILITY_ONLY_NOT_PRODUCTION,630814.5920,577721.2471,6644.3283,4370,4077,-0.01053293,-0.02940797,-0.00432247,-0.01053293,-6644.3283,630814.5920,OK,0.0000,265.7731,4.0000,96.0000,AG03-UNRESOLVED,ALL5_LEVELS_bet23_to_bet27,265.7731,265.7731,265.7731,332.2164,332.2164,4.000000,4.000000,4.000000,5.000000,5.000000,96.000000,96.000000,96.000000,95.000000,95.000000,5.0,1461.7522,1339.0033,5182.5761,5305.325,PENDING_AG03,FALSE,NOT_FOR_ENFORCEMENT,6378.5552,554612.3973,6644.3283,6378.5552,265.7731,0.01053293,0.01011162,265.7731,6378.5552,0.01011162,265.7731,265.7731,265.7731,332.2164,332.2164,6378.5552,0.01011162,1461.7522,1339.0033,5182.5761,5305.325,0.00821569,0.00841028,0.00042132,144.3512,141.7025,1.6297,93.5821,10.0216,8884.7126,57.4225,158.2289,140.3023,51.4311,102.8621,129.7286,258.1778,514.3107,1008.3546,77.1466,0.0,5.0,9.802971,1.403346,17,104,92,7,0.24757185,0.01053293,0.02940797,0E-8,0.000000,0.915834,0.000000,-0.02508550,2026-05-12,2026-08-06,71,663,310,87,0.816092,1.127771,1.096139,0.825239,,,,,,,,GLOBAL_BASELINE_NO_ENTITY_RANKING,,,NOT_APPLICABLE_GLOBAL_BASELINE,HF9g-P5,,,,X 全窗基线 · 不参与实体赏罚,14193585,1420,A168_HF9F_20260827_0900,2026-08-27 09:00:00
2026-06-12,137070871,2223,0,1620.0786895366,-1105.7679944456,-1105.7679944456,0E-7,7,7,0.50090561428571429,0.500905614286,-2.24012168212571,-2.24012168212699,-2.24012168212571,-2.8571E-13,ELIGIBLE,R03b_20260811_FULL_v1,L1_ELIGIBILITY,v2026-08-11,2026-03-21..2026-08-06,baccarat_bet02_101_all_pairs_incl_sentinel,round_win = game_pnl > 0 (decisive only),COMPATIBILITY_ONLY_NOT_PRODUCTION,630814.5920,577721.2471,6644.3283,4370,4077,-0.01053293,-0.02940797,-0.00432247,-0.01053293,-6644.3283,630814.5920,OK,0.0000,265.7731,4.0000,96.0000,AG03-UNRESOLVED,ALL5_LEVELS_bet23_to_bet27,265.7731,265.7731,265.7731,332.2164,332.2164,4.000000,4.000000,4.000000,5.000000,5.000000,96.000000,96.000000,96.000000,95.000000,95.000000,5.0,1461.7522,1339.0033,5182.5761,5305.325,PENDING_AG03,FALSE,NOT_FOR_ENFORCEMENT,6378.5552,554612.3973,6644.3283,6378.5552,265.7731,0.01053293,0.01011162,265.7731,6378.5552,0.01011162,265.7731,265.7731,265.7731,332.2164,332.2164,6378.5552,0.01011162,1461.7522,1339.0033,5182.5761,5305.325,0.00821569,0.00841028,0.00042132,144.3512,141.7025,1.6297,93.5821,10.0216,8884.7126,57.4225,158.2289,140.3023,51.4311,102.8621,129.7286,258.1778,514.3107,1008.3546,77.1466,0.0,5.0,9.802971,1.403346,17,104,92,7,0.24757185,0.01053293,0.02940797,0E-8,0.000000,0.915834,0.000000,-0.02508550,2026-05-12,2026-08-06,71,663,310,87,0.816092,1.127771,1.096139,0.825239,,,,,,,,GLOBAL_BASELINE_NO_ENTITY_RANKING,,,NOT_APPLICABLE_GLOBAL_BASELINE,HF9g-P5,,,,X 全窗基线 · 不参与实体赏罚,14193586,1420,A168_HF9F_20260827_0900,2026-08-27 09:00:00
2026-06-12,137070871,2281,0,2274.0247383448,-515.8536271763,-515.8536271763,0.3750000,10,10,0.50396966000000000,0.503969660000,-0.7295855635001475,-0.7295855635001475,-0.7295855635001475,0E-17,ELIGIBLE,R03b_20260811_FULL_v1,L1_ELIGIBILITY,v2026-08-11,2026-03-21..2026-08-06,baccarat_bet02_101_all_pairs_incl_sentinel,round_win = game_pnl > 0 (decisive only),COMPATIBILITY_ONLY_NOT_PRODUCTION,630814.5920,577721.2471,6644.3283,4370,4077,-0.01053293,-0.02940797,-0.00432247,-0.01053293,-6644.3283,630814.5920,OK,0.0000,265.7731,4.0000,96.0000,AG03-UNRESOLVED,ALL5_LEVELS_bet23_to_bet27,265.7731,265.7731,265.7731,332.2164,332.2164,4.000000,4.000000,4.000000,5.000000,5.000000,96.000000,96.000000,96.000000,95.000000,95.000000,5.0,1461.7522,1339.0033,5182.5761,5305.325,PENDING_AG03,FALSE,NOT_FOR_ENFORCEMENT,6378.5552,554612.3973,6644.3283,6378.5552,265.7731,0.01053293,0.01011162,265.7731,6378.5552,0.01011162,265.7731,265.7731,265.7731,332.2164,332.2164,6378.5552,0.01011162,1461.7522,1339.0033,5182.5761,5305.325,0.00821569,0.00841028,0.00042132,144.3512,141.7025,1.6297,93.5821,10.0216,8884.7126,57.4225,158.2289,140.3023,51.4311,102.8621,129.7286,258.1778,514.3107,1008.3546,77.1466,0.0,5.0,9.802971,1.403346,17,104,92,7,0.24757185,0.01053293,0.02940797,0E-8,0.000000,0.915834,0.000000,-0.02508550,2026-05-12,2026-08-06,71,663,310,87,0.816092,1.127771,1.096139,0.825239,,,,,,,,GLOBAL_BASELINE_NO_ENTITY_RANKING,,,NOT_APPLICABLE_GLOBAL_BASELINE,HF9g-P5,,,,X 全窗基线 · 不参与实体赏罚,14193587,1420,A168_HF9F_20260827_0900,2026-08-27 09:00:00
2026-06-12,137070871,994,0,2200.2211535987,63.7745261914,63.7745261914,0.6363636,14,14,0.50090561428571429,0.500905614286,0.8985283419865986,0.8985283419847043,0.8985283419865986,-2.8571E-13,ELIGIBLE,R03b_20260811_FULL_v1,L1_ELIGIBILITY,v2026-08-11,2026-03-21..2026-08-06,baccarat_bet02_101_all_pairs_incl_sentinel,round_win = game_pnl > 0 (decisive only),COMPATIBILITY_ONLY_NOT_PRODUCTION,630814.5920,577721.2471,6644.3283,4370,4077,-0.01053293,-0.02940797,-0.00432247,-0.01053293,-6644.3283,630814.5920,OK,0.0000,265.7731,4.0000,96.0000,AG03-UNRESOLVED,ALL5_LEVELS_bet23_to_bet27,265.7731,265.7731,265.7731,332.2164,332.2164,4.000000,4.000000,4.000000,5.000000,5.000000,96.000000,96.000000,96.000000,95.000000,95.000000,5.0,1461.7522,1339.0033,5182.5761,5305.325,PENDING_AG03,FALSE,NOT_FOR_ENFORCEMENT,6378.5552,554612.3973,6644.3283,6378.5552,265.7731,0.01053293,0.01011162,265.7731,6378.5552,0.01011162,265.7731,265.7731,265.7731,332.2164,332.2164,6378.5552,0.01011162,1461.7522,1339.0033,5182.5761,5305.325,0.00821569,0.00841028,0.00042132,144.3512,141.7025,1.6297,93.5821,10.0216,8884.7126,57.4225,158.2289,140.3023,51.4311,102.8621,129.7286,258.1778,514.3107,1008.3546,77.1466,0.0,5.0,9.802971,1.403346,17,104,92,7,0.24757185,0.01053293,0.02940797,0E-8,0.000000,0.915834,0.000000,-0.02508550,2026-05-12,2026-08-06,71,663,310,87,0.816092,1.127771,1.096139,0.825239,,,,,,,,GLOBAL_BASELINE_NO_ENTITY_RANKING,,,NOT_APPLICABLE_GLOBAL_BASELINE,HF9g-P5,,,,X 全窗基线 · 不参与实体赏罚,14193588,1420,A168_HF9F_20260827_0900,2026-08-27 09:00:00
2026-06-13,137070871,-1,1,51.4310695091,-51.4310695091,-51.4310695091,0E-7,1,1,0.49324550000000000,0.493245500000,-0.9865810262130424,-0.9865810262130424,-0.9865810262130424,0E-17,SENTINEL_DEALER,R03b_20260811_FULL_v1,L1_ELIGIBILITY,v2026-08-11,2026-03-21..2026-08-06,baccarat_bet02_101_all_pairs_incl_sentinel,round_win = game_pnl > 0 (decisive only),COMPATIBILITY_ONLY_NOT_PRODUCTION,630814.5920,577721.2471,6644.3283,4370,4077,-0.01053293,-0.02940797,-0.00432247,-0.01053293,-6644.3283,630814.5920,OK,0.0000,265.7731,4.0000,96.0000,AG03-UNRESOLVED,ALL5_LEVELS_bet23_to_bet27,265.7731,265.7731,265.7731,332.2164,332.2164,4.000000,4.000000,4.000000,5.000000,5.000000,96.000000,96.000000,96.000000,95.000000,95.000000,5.0,1461.7522,1339.0033,5182.5761,5305.325,PENDING_AG03,FALSE,NOT_FOR_ENFORCEMENT,6378.5552,554612.3973,6644.3283,6378.5552,265.7731,0.01053293,0.01011162,265.7731,6378.5552,0.01011162,265.7731,265.7731,265.7731,332.2164,332.2164,6378.5552,0.01011162,1461.7522,1339.0033,5182.5761,5305.325,0.00821569,0.00841028,0.00042132,144.3512,141.7025,1.6297,93.5821,10.0216,8884.7126,57.4225,158.2289,140.3023,51.4311,102.8621,129.7286,258.1778,514.3107,1008.3546,77.1466,0.0,5.0,9.802971,1.403346,17,104,92,7,0.24757185,0.01053293,0.02940797,0E-8,0.000000,0.915834,0.000000,-0.02508550,2026-05-12,2026-08-06,71,663,310,87,0.816092,1.127771,1.096139,0.825239,,,,,,,,GLOBAL_BASELINE_NO_ENTITY_RANKING,,,NOT_APPLICABLE_GLOBAL_BASELINE,HF9g-P5,,,,X 全窗基线 · 不参与实体赏罚,14193589,1420,A168_HF9F_20260827_0900,2026-08-27 09:00:00
2026-06-13,137070871,1151,0,41.4020109548,-41.4020109548,-41.4020109548,0E-7,1,1,0.49324550000000000,0.493245500000,-0.9865810262130424,-0.9865810262130424,-0.9865810262130424,0E-17,ELIGIBLE,R03b_20260811_FULL_v1,L1_ELIGIBILITY,v2026-08-11,2026-03-21..2026-08-06,baccarat_bet02_101_all_pairs_incl_sentinel,round_win = game_pnl > 0 (decisive only),COMPATIBILITY_ONLY_NOT_PRODUCTION,630814.5920,577721.2471,6644.3283,4370,4077,-0.01053293,-0.02940797,-0.00432247,-0.01053293,-6644.3283,630814.5920,OK,0.0000,265.7731,4.0000,96.0000,AG03-UNRESOLVED,ALL5_LEVELS_bet23_to_bet27,265.7731,265.7731,265.7731,332.2164,332.2164,4.000000,4.000000,4.000000,5.000000,5.000000,96.000000,96.000000,96.000000,95.000000,95.000000,5.0,1461.7522,1339.0033,5182.5761,5305.325,PENDING_AG03,FALSE,NOT_FOR_ENFORCEMENT,6378.5552,554612.3973,6644.3283,6378.5552,265.7731,0.01053293,0.01011162,265.7731,6378.5552,0.01011162,265.7731,265.7731,265.7731,332.2164,332.2164,6378.5552,0.01011162,1461.7522,1339.0033,5182.5761,5305.325,0.00821569,0.00841028,0.00042132,144.3512,141.7025,1.6297,93.5821,10.0216,8884.7126,57.4225,158.2289,140.3023,51.4311,102.8621,129.7286,258.1778,514.3107,1008.3546,77.1466,0.0,5.0,9.802971,1.403346,17,104,92,7,0.24757185,0.01053293,0.02940797,0E-8,0.000000,0.915834,0.000000,-0.02508550,2026-05-12,2026-08-06,71,663,310,87,0.816092,1.127771,1.096139,0.825239,,,,,,,,GLOBAL_BASELINE_NO_ENTITY_RANKING,,,NOT_APPLICABLE_GLOBAL_BASELINE,HF9g-P5,,,,X 全窗基线 · 不参与实体赏罚,14193590,1420,A168_HF9F_20260827_0900,2026-08-27 09:00:00
2026-06-13,137070871,1205,0,180.0087432818,70.7177205750,70.7177205750,0.5000000,2,2,0.49994810000000000,0.499948100000,0.00014679536856514622,0.00014679536856514622,0.00014679536856514622,0E-17,ELIGIBLE,R03b_20260811_FULL_v1,L1_ELIGIBILITY,v2026-08-11,2026-03-21..2026-08-06,baccarat_bet02_101_all_pairs_incl_sentinel,round_win = game_pnl > 0 (decisive only),COMPATIBILITY_ONLY_NOT_PRODUCTION,630814.5920,577721.2471,6644.3283,4370,4077,-0.01053293,-0.02940797,-0.00432247,-0.01053293,-6644.3283,630814.5920,OK,0.0000,265.7731,4.0000,96.0000,AG03-UNRESOLVED,ALL5_LEVELS_bet23_to_bet27,265.7731,265.7731,265.7731,332.2164,332.2164,4.000000,4.000000,4.000000,5.000000,5.000000,96.000000,96.000000,96.000000,95.000000,95.000000,5.0,1461.7522,1339.0033,5182.5761,5305.325,PENDING_AG03,FALSE,NOT_FOR_ENFORCEMENT,6378.5552,554612.3973,6644.3283,6378.5552,265.7731,0.01053293,0.01011162,265.7731,6378.5552,0.01011162,265.7731,265.7731,265.7731,332.2164,332.2164,6378.5552,0.01011162,1461.7522,1339.0033,5182.5761,5305.325,0.00821569,0.00841028,0.00042132,144.3512,141.7025,1.6297,93.5821,10.0216,8884.7126,57.4225,158.2289,140.3023,51.4311,102.8621,129.7286,258.1778,514.3107,1008.3546,77.1466,0.0,5.0,9.802971,1.403346,17,104,92,7,0.24757185,0.01053293,0.02940797,0E-8,0.000000,0.915834,0.000000,-0.02508550,2026-05-12,2026-08-06,71,663,310,87,0.816092,1.127771,1.096139,0.825239,,,,,,,,GLOBAL_BASELINE_NO_ENTITY_RANKING,,,NOT_APPLICABLE_GLOBAL_BASELINE,HF9g-P5,,,,X 全窗基线 · 不参与实体赏罚,14193591,1420,A168_HF9F_20260827_0900,2026-08-27 09:00:00
2026-06-13,137070871,1374,0,2198.6782215134,-1239.4887751690,-1239.4887751690,0.3333333,17,15,0.49395463619048533,0.482984417778,-1.244258211723103,-1.1598641411807484,-1.244258211723103,0.01097021841248533,ELIGIBLE,R03b_20260811_FULL_v1,L1_ELIGIBILITY,v2026-08-11,2026-03-21..2026-08-06,baccarat_bet02_101_all_pairs_incl_sentinel,round_win = game_pnl > 0 (decisive only),COMPATIBILITY_ONLY_NOT_PRODUCTION,630814.5920,577721.2471,6644.3283,4370,4077,-0.01053293,-0.02940797,-0.00432247,-0.01053293,-6644.3283,630814.5920,OK,0.0000,265.7731,4.0000,96.0000,AG03-UNRESOLVED,ALL5_LEVELS_bet23_to_bet27,265.7731,265.7731,265.7731,332.2164,332.2164,4.000000,4.000000,4.000000,5.000000,5.000000,96.000000,96.000000,96.000000,95.000000,95.000000,5.0,1461.7522,1339.0033,5182.5761,5305.325,PENDING_AG03,FALSE,NOT_FOR_ENFORCEMENT,6378.5552,554612.3973,6644.3283,6378.5552,265.7731,0.01053293,0.01011162,265.7731,6378.5552,0.01011162,265.7731,265.7731,265.7731,332.2164,332.2164,6378.5552,0.01011162,1461.7522,1339.0033,5182.5761,5305.325,0.00821569,0.00841028,0.00042132,144.3512,141.7025,1.6297,93.5821,10.0216,8884.7126,57.4225,158.2289,140.3023,51.4311,102.8621,129.7286,258.1778,514.3107,1008.3546,77.1466,0.0,5.0,9.802971,1.403346,17,104,92,7,0.24757185,0.01053293,0.02940797,0E-8,0.000000,0.915834,0.000000,-0.02508550,2026-05-12,2026-08-06,71,663,310,87,0.816092,1.127771,1.096139,0.825239,,,,,,,,GLOBAL_BASELINE_NO_ENTITY_RANKING,,,NOT_APPLICABLE_GLOBAL_BASELINE,HF9g-P5,,,,X 全窗基线 · 不参与实体赏罚,14193592,1420,A168_HF9F_20260827_0900,2026-08-27 09:00:00
2026-06-13,137070871,1396,0,1794.9443258674,-37.0303700465,-37.0303700465,0.5000000,6,6,0.50218230000000000,0.502182300000,-0.01069114476356389,-0.01069114476356389,-0.01069114476356389,0E-17,ELIGIBLE,R03b_20260811_FULL_v1,L1_ELIGIBILITY,v2026-08-11,2026-03-21..2026-08-06,baccarat_bet02_101_all_pairs_incl_sentinel,round_win = game_pnl > 0 (decisive only),COMPATIBILITY_ONLY_NOT_PRODUCTION,630814.5920,577721.2471,6644.3283,4370,4077,-0.01053293,-0.02940797,-0.00432247,-0.01053293,-6644.3283,630814.5920,OK,0.0000,265.7731,4.0000,96.0000,AG03-UNRESOLVED,ALL5_LEVELS_bet23_to_bet27,265.7731,265.7731,265.7731,332.2164,332.2164,4.000000,4.000000,4.000000,5.000000,5.000000,96.000000,96.000000,96.000000,95.000000,95.000000,5.0,1461.7522,1339.0033,5182.5761,5305.325,PENDING_AG03,FALSE,NOT_FOR_ENFORCEMENT,6378.5552,554612.3973,6644.3283,6378.5552,265.7731,0.01053293,0.01011162,265.7731,6378.5552,0.01011162,265.7731,265.7731,265.7731,332.2164,332.2164,6378.5552,0.01011162,1461.7522,1339.0033,5182.5761,5305.325,0.00821569,0.00841028,0.00042132,144.3512,141.7025,1.6297,93.5821,10.0216,8884.7126,57.4225,158.2289,140.3023,51.4311,102.8621,129.7286,258.1778,514.3107,1008.3546,77.1466,0.0,5.0,9.802971,1.403346,17,104,92,7,0.24757185,0.01053293,0.02940797,0E-8,0.000000,0.915834,0.000000,-0.02508550,2026-05-12,2026-08-06,71,663,310,87,0.816092,1.127771,1.096139,0.825239,,,,,,,,GLOBAL_BASELINE_NO_ENTITY_RANKING,,,NOT_APPLICABLE_GLOBAL_BASELINE,HF9g-P5,,,,X 全窗基线 · 不参与实体赏罚,14193593,1420,A168_HF9F_20260827_0900,2026-08-27 09:00:00
2026-06-13,137070871,1402,0,1180.3430452333,-385.3472882967,-385.3472882967,0.3636364,13,13,0.50149485384615385,0.501494853846,-0.9144538592459274,-0.9144538592449057,-0.9144538592459274,1.5385E-13,ELIGIBLE,R03b_20260811_FULL_v1,L1_ELIGIBILITY,v2026-08-11,2026-03-21..2026-08-06,baccarat_bet02_101_all_pairs_incl_sentinel,round_win = game_pnl > 0 (decisive only),COMPATIBILITY_ONLY_NOT_PRODUCTION,630814.5920,577721.2471,6644.3283,4370,4077,-0.01053293,-0.02940797,-0.00432247,-0.01053293,-6644.3283,630814.5920,OK,0.0000,265.7731,4.0000,96.0000,AG03-UNRESOLVED,ALL5_LEVELS_bet23_to_bet27,265.7731,265.7731,265.7731,332.2164,332.2164,4.000000,4.000000,4.000000,5.000000,5.000000,96.000000,96.000000,96.000000,95.000000,95.000000,5.0,1461.7522,1339.0033,5182.5761,5305.325,PENDING_AG03,FALSE,NOT_FOR_ENFORCEMENT,6378.5552,554612.3973,6644.3283,6378.5552,265.7731,0.01053293,0.01011162,265.7731,6378.5552,0.01011162,265.7731,265.7731,265.7731,332.2164,332.2164,6378.5552,0.01011162,1461.7522,1339.0033,5182.5761,5305.325,0.00821569,0.00841028,0.00042132,144.3512,141.7025,1.6297,93.5821,10.0216,8884.7126,57.4225,158.2289,140.3023,51.4311,102.8621,129.7286,258.1778,514.3107,1008.3546,77.1466,0.0,5.0,9.802971,1.403346,17,104,92,7,0.24757185,0.01053293,0.02940797,0E-8,0.000000,0.915834,0.000000,-0.02508550,2026-05-12,2026-08-06,71,663,310,87,0.816092,1.127771,1.096139,0.825239,,,,,,,,GLOBAL_BASELINE_NO_ENTITY_RANKING,,,NOT_APPLICABLE_GLOBAL_BASELINE,HF9g-P5,,,,X 全窗基线 · 不参与实体赏罚,14193594,1420,A168_HF9F_20260827_0900,2026-08-27 09:00:00
2026-06-13,137070871,1994,0,1234.3456682180,348.4454959242,348.4454959242,0.6000000,11,11,0.50665070000000000,0.506650700000,0.5904450471821361,0.5904450471821361,0.5904450471821361,0E-17,ELIGIBLE,R03b_20260811_FULL_v1,L1_ELIGIBILITY,v2026-08-11,2026-03-21..2026-08-06,baccarat_bet02_101_all_pairs_incl_sentinel,round_win = game_pnl > 0 (decisive only),COMPATIBILITY_ONLY_NOT_PRODUCTION,630814.5920,577721.2471,6644.3283,4370,4077,-0.01053293,-0.02940797,-0.00432247,-0.01053293,-6644.3283,630814.5920,OK,0.0000,265.7731,4.0000,96.0000,AG03-UNRESOLVED,ALL5_LEVELS_bet23_to_bet27,265.7731,265.7731,265.7731,332.2164,332.2164,4.000000,4.000000,4.000000,5.000000,5.000000,96.000000,96.000000,96.000000,95.000000,95.000000,5.0,1461.7522,1339.0033,5182.5761,5305.325,PENDING_AG03,FALSE,NOT_FOR_ENFORCEMENT,6378.5552,554612.3973,6644.3283,6378.5552,265.7731,0.01053293,0.01011162,265.7731,6378.5552,0.01011162,265.7731,265.7731,265.7731,332.2164,332.2164,6378.5552,0.01011162,1461.7522,1339.0033,5182.5761,5305.325,0.00821569,0.00841028,0.00042132,144.3512,141.7025,1.6297,93.5821,10.0216,8884.7126,57.4225,158.2289,140.3023,51.4311,102.8621,129.7286,258.1778,514.3107,1008.3546,77.1466,0.0,5.0,9.802971,1.403346,17,104,92,7,0.24757185,0.01053293,0.02940797,0E-8,0.000000,0.915834,0.000000,-0.02508550,2026-05-12,2026-08-06,71,663,310,87,0.816092,1.127771,1.096139,0.825239,,,,,,,,GLOBAL_BASELINE_NO_ENTITY_RANKING,,,NOT_APPLICABLE_GLOBAL_BASELINE,HF9g-P5,,,,X 全窗基线 · 不参与实体赏罚,14193595,1420,A168_HF9F_20260827_0900,2026-08-27 09:00:00
2026-06-13,137070871,2088,0,1119.3972278653,-176.9228791111,-176.9228791111,0.4482759,30,30,0.50173546000000000,0.501735460000,-0.5757809590728227,-0.5757809590728227,-0.5757809590728227,0E-17,ELIGIBLE,R03b_20260811_FULL_v1,L1_ELIGIBILITY,v2026-08-11,2026-03-21..2026-08-06,baccarat_bet02_101_all_pairs_incl_sentinel,round_win = game_pnl > 0 (decisive only),COMPATIBILITY_ONLY_NOT_PRODUCTION,630814.5920,577721.2471,6644.3283,4370,4077,-0.01053293,-0.02940797,-0.00432247,-0.01053293,-6644.3283,630814.5920,OK,0.0000,265.7731,4.0000,96.0000,AG03-UNRESOLVED,ALL5_LEVELS_bet23_to_bet27,265.7731,265.7731,265.7731,332.2164,332.2164,4.000000,4.000000,4.000000,5.000000,5.000000,96.000000,96.000000,96.000000,95.000000,95.000000,5.0,1461.7522,1339.0033,5182.5761,5305.325,PENDING_AG03,FALSE,NOT_FOR_ENFORCEMENT,6378.5552,554612.3973,6644.3283,6378.5552,265.7731,0.01053293,0.01011162,265.7731,6378.5552,0.01011162,265.7731,265.7731,265.7731,332.2164,332.2164,6378.5552,0.01011162,1461.7522,1339.0033,5182.5761,5305.325,0.00821569,0.00841028,0.00042132,144.3512,141.7025,1.6297,93.5821,10.0216,8884.7126,57.4225,158.2289,140.3023,51.4311,102.8621,129.7286,258.1778,514.3107,1008.3546,77.1466,0.0,5.0,9.802971,1.403346,17,104,92,7,0.24757185,0.01053293,0.02940797,0E-8,0.000000,0.915834,0.000000,-0.02508550,2026-05-12,2026-08-06,71,663,310,87,0.816092,1.127771,1.096139,0.825239,,,,,,,,GLOBAL_BASELINE_NO_ENTITY_RANKING,,,NOT_APPLICABLE_GLOBAL_BASELINE,HF9g-P5,,,,X 全窗基线 · 不参与实体赏罚,14193596,1420,A168_HF9F_20260827_0900,2026-08-27 09:00:00
2026-06-13,137070871,2141,0,642.8883688636,-88.7185949032,-88.7185949032,0.5714286,7,7,0.50473567142857143,0.504735671429,0.35292148522900274,0.3529214852267378,0.35292148522900274,-4.2857E-13,ELIGIBLE,R03b_20260811_FULL_v1,L1_ELIGIBILITY,v2026-08-11,2026-03-21..2026-08-06,baccarat_bet02_101_all_pairs_incl_sentinel,round_win = game_pnl > 0 (decisive only),COMPATIBILITY_ONLY_NOT_PRODUCTION,630814.5920,577721.2471,6644.3283,4370,4077,-0.01053293,-0.02940797,-0.00432247,-0.01053293,-6644.3283,630814.5920,OK,0.0000,265.7731,4.0000,96.0000,AG03-UNRESOLVED,ALL5_LEVELS_bet23_to_bet27,265.7731,265.7731,265.7731,332.2164,332.2164,4.000000,4.000000,4.000000,5.000000,5.000000,96.000000,96.000000,96.000000,95.000000,95.000000,5.0,1461.7522,1339.0033,5182.5761,5305.325,PENDING_AG03,FALSE,NOT_FOR_ENFORCEMENT,6378.5552,554612.3973,6644.3283,6378.5552,265.7731,0.01053293,0.01011162,265.7731,6378.5552,0.01011162,265.7731,265.7731,265.7731,332.2164,332.2164,6378.5552,0.01011162,1461.7522,1339.0033,5182.5761,5305.325,0.00821569,0.00841028,0.00042132,144.3512,141.7025,1.6297,93.5821,10.0216,8884.7126,57.4225,158.2289,140.3023,51.4311,102.8621,129.7286,258.1778,514.3107,1008.3546,77.1466,0.0,5.0,9.802971,1.403346,17,104,92,7,0.24757185,0.01053293,0.02940797,0E-8,0.000000,0.915834,0.000000,-0.02508550,2026-05-12,2026-08-06,71,663,310,87,0.816092,1.127771,1.096139,0.825239,,,,,,,,GLOBAL_BASELINE_NO_ENTITY_RANKING,,,NOT_APPLICABLE_GLOBAL_BASELINE,HF9g-P5,,,,X 全窗基线 · 不参与实体赏罚,14193597,1420,A168_HF9F_20260827_0900,2026-08-27 09:00:00
2026-06-13,137070871,2145,0,4060.9972484376,424.1777457762,424.1777457762,0.5925926,59,58,0.50244424068965517,0.502374903448,1.324920610964567,1.3259387821787478,1.324920610964567,0.00006933724165517,ELIGIBLE,R03b_20260811_FULL_v1,L1_ELIGIBILITY,v2026-08-11,2026-03-21..2026-08-06,baccarat_bet02_101_all_pairs_incl_sentinel,round_win = game_pnl > 0 (decisive only),COMPATIBILITY_ONLY_NOT_PRODUCTION,630814.5920,577721.2471,6644.3283,4370,4077,-0.01053293,-0.02940797,-0.00432247,-0.01053293,-6644.3283,630814.5920,OK,0.0000,265.7731,4.0000,96.0000,AG03-UNRESOLVED,ALL5_LEVELS_bet23_to_bet27,265.7731,265.7731,265.7731,332.2164,332.2164,4.000000,4.000000,4.000000,5.000000,5.000000,96.000000,96.000000,96.000000,95.000000,95.000000,5.0,1461.7522,1339.0033,5182.5761,5305.325,PENDING_AG03,FALSE,NOT_FOR_ENFORCEMENT,6378.5552,554612.3973,6644.3283,6378.5552,265.7731,0.01053293,0.01011162,265.7731,6378.5552,0.01011162,265.7731,265.7731,265.7731,332.2164,332.2164,6378.5552,0.01011162,1461.7522,1339.0033,5182.5761,5305.325,0.00821569,0.00841028,0.00042132,144.3512,141.7025,1.6297,93.5821,10.0216,8884.7126,57.4225,158.2289,140.3023,51.4311,102.8621,129.7286,258.1778,514.3107,1008.3546,77.1466,0.0,5.0,9.802971,1.403346,17,104,92,7,0.24757185,0.01053293,0.02940797,0E-8,0.000000,0.915834,0.000000,-0.02508550,2026-05-12,2026-08-06,71,663,310,87,0.816092,1.127771,1.096139,0.825239,,,,,,,,GLOBAL_BASELINE_NO_ENTITY_RANKING,,,NOT_APPLICABLE_GLOBAL_BASELINE,HF9g-P5,,,,X 全窗基线 · 不参与实体赏罚,14193598,1420,A168_HF9F_20260827_0900,2026-08-27 09:00:00
2026-06-13,137070871,2169,0,282.8708822999,-32.1444184431,-32.1444184431,0.3333333,3,3,0.50665070000000000,0.506650700000,-0.6004420894325239,-0.6004420894325239,-0.6004420894325239,0E-17,ELIGIBLE,R03b_20260811_FULL_v1,L1_ELIGIBILITY,v2026-08-11,2026-03-21..2026-08-06,baccarat_bet02_101_all_pairs_incl_sentinel,round_win = game_pnl > 0 (decisive only),COMPATIBILITY_ONLY_NOT_PRODUCTION,630814.5920,577721.2471,6644.3283,4370,4077,-0.01053293,-0.02940797,-0.00432247,-0.01053293,-6644.3283,630814.5920,OK,0.0000,265.7731,4.0000,96.0000,AG03-UNRESOLVED,ALL5_LEVELS_bet23_to_bet27,265.7731,265.7731,265.7731,332.2164,332.2164,4.000000,4.000000,4.000000,5.000000,5.000000,96.000000,96.000000,96.000000,95.000000,95.000000,5.0,1461.7522,1339.0033,5182.5761,5305.325,PENDING_AG03,FALSE,NOT_FOR_ENFORCEMENT,6378.5552,554612.3973,6644.3283,6378.5552,265.7731,0.01053293,0.01011162,265.7731,6378.5552,0.01011162,265.7731,265.7731,265.7731,332.2164,332.2164,6378.5552,0.01011162,1461.7522,1339.0033,5182.5761,5305.325,0.00821569,0.00841028,0.00042132,144.3512,141.7025,1.6297,93.5821,10.0216,8884.7126,57.4225,158.2289,140.3023,51.4311,102.8621,129.7286,258.1778,514.3107,1008.3546,77.1466,0.0,5.0,9.802971,1.403346,17,104,92,7,0.24757185,0.01053293,0.02940797,0E-8,0.000000,0.915834,0.000000,-0.02508550,2026-05-12,2026-08-06,71,663,310,87,0.816092,1.127771,1.096139,0.825239,,,,,,,,GLOBAL_BASELINE_NO_ENTITY_RANKING,,,NOT_APPLICABLE_GLOBAL_BASELINE,HF9g-P5,,,,X 全窗基线 · 不参与实体赏罚,14193599,1420,A168_HF9F_20260827_0900,2026-08-27 09:00:00
2026-06-13,137070871,2196,0,900.0437164089,259.7269010210,259.7269010210,0.6000000,10,10,0.50396966000000000,0.503969660000,0.6073683401265829,0.6073683401265829,0.6073683401265829,0E-17,ELIGIBLE,R03b_20260811_FULL_v1,L1_ELIGIBILITY,v2026-08-11,2026-03-21..2026-08-06,baccarat_bet02_101_all_pairs_incl_sentinel,round_win = game_pnl > 0 (decisive only),COMPATIBILITY_ONLY_NOT_PRODUCTION,630814.5920,577721.2471,6644.3283,4370,4077,-0.01053293,-0.02940797,-0.00432247,-0.01053293,-6644.3283,630814.5920,OK,0.0000,265.7731,4.0000,96.0000,AG03-UNRESOLVED,ALL5_LEVELS_bet23_to_bet27,265.7731,265.7731,265.7731,332.2164,332.2164,4.000000,4.000000,4.000000,5.000000,5.000000,96.000000,96.000000,96.000000,95.000000,95.000000,5.0,1461.7522,1339.0033,5182.5761,5305.325,PENDING_AG03,FALSE,NOT_FOR_ENFORCEMENT,6378.5552,554612.3973,6644.3283,6378.5552,265.7731,0.01053293,0.01011162,265.7731,6378.5552,0.01011162,265.7731,265.7731,265.7731,332.2164,332.2164,6378.5552,0.01011162,1461.7522,1339.0033,5182.5761,5305.325,0.00821569,0.00841028,0.00042132,144.3512,141.7025,1.6297,93.5821,10.0216,8884.7126,57.4225,158.2289,140.3023,51.4311,102.8621,129.7286,258.1778,514.3107,1008.3546,77.1466,0.0,5.0,9.802971,1.403346,17,104,92,7,0.24757185,0.01053293,0.02940797,0E-8,0.000000,0.915834,0.000000,-0.02508550,2026-05-12,2026-08-06,71,663,310,87,0.816092,1.127771,1.096139,0.825239,,,,,,,,GLOBAL_BASELINE_NO_ENTITY_RANKING,,,NOT_APPLICABLE_GLOBAL_BASELINE,HF9g-P5,,,,X 全窗基线 · 不参与实体赏罚,14193600,1420,A168_HF9F_20260827_0900,2026-08-27 09:00:00
2026-06-13,137070871,2223,0,257.1553475455,122.1487900841,122.1487900841,0.6666667,3,3,0.49771390000000000,0.497713900000,0.5852756695216578,0.5852756695216578,0.5852756695216578,0E-17,ELIGIBLE,R03b_20260811_FULL_v1,L1_ELIGIBILITY,v2026-08-11,2026-03-21..2026-08-06,baccarat_bet02_101_all_pairs_incl_sentinel,round_win = game_pnl > 0 (decisive only),COMPATIBILITY_ONLY_NOT_PRODUCTION,630814.5920,577721.2471,6644.3283,4370,4077,-0.01053293,-0.02940797,-0.00432247,-0.01053293,-6644.3283,630814.5920,OK,0.0000,265.7731,4.0000,96.0000,AG03-UNRESOLVED,ALL5_LEVELS_bet23_to_bet27,265.7731,265.7731,265.7731,332.2164,332.2164,4.000000,4.000000,4.000000,5.000000,5.000000,96.000000,96.000000,96.000000,95.000000,95.000000,5.0,1461.7522,1339.0033,5182.5761,5305.325,PENDING_AG03,FALSE,NOT_FOR_ENFORCEMENT,6378.5552,554612.3973,6644.3283,6378.5552,265.7731,0.01053293,0.01011162,265.7731,6378.5552,0.01011162,265.7731,265.7731,265.7731,332.2164,332.2164,6378.5552,0.01011162,1461.7522,1339.0033,5182.5761,5305.325,0.00821569,0.00841028,0.00042132,144.3512,141.7025,1.6297,93.5821,10.0216,8884.7126,57.4225,158.2289,140.3023,51.4311,102.8621,129.7286,258.1778,514.3107,1008.3546,77.1466,0.0,5.0,9.802971,1.403346,17,104,92,7,0.24757185,0.01053293,0.02940797,0E-8,0.000000,0.915834,0.000000,-0.02508550,2026-05-12,2026-08-06,71,663,310,87,0.816092,1.127771,1.096139,0.825239,,,,,,,,GLOBAL_BASELINE_NO_ENTITY_RANKING,,,NOT_APPLICABLE_GLOBAL_BASELINE,HF9g-P5,,,,X 全窗基线 · 不参与实体赏罚,14193601,1420,A168_HF9F_20260827_0900,2026-08-27 09:00:00
2026-06-13,137070871,2235,0,1019.6209530178,-425.5921001877,-425.5921001877,0.3333333,4,4,0.49659680000000000,0.496596800000,-0.5655743394288276,-0.5655743394288276,-0.5655743394288276,0E-17,ELIGIBLE,R03b_20260811_FULL_v1,L1_ELIGIBILITY,v2026-08-11,2026-03-21..2026-08-06,baccarat_bet02_101_all_pairs_incl_sentinel,round_win = game_pnl > 0 (decisive only),COMPATIBILITY_ONLY_NOT_PRODUCTION,630814.5920,577721.2471,6644.3283,4370,4077,-0.01053293,-0.02940797,-0.00432247,-0.01053293,-6644.3283,630814.5920,OK,0.0000,265.7731,4.0000,96.0000,AG03-UNRESOLVED,ALL5_LEVELS_bet23_to_bet27,265.7731,265.7731,265.7731,332.2164,332.2164,4.000000,4.000000,4.000000,5.000000,5.000000,96.000000,96.000000,96.000000,95.000000,95.000000,5.0,1461.7522,1339.0033,5182.5761,5305.325,PENDING_AG03,FALSE,NOT_FOR_ENFORCEMENT,6378.5552,554612.3973,6644.3283,6378.5552,265.7731,0.01053293,0.01011162,265.7731,6378.5552,0.01011162,265.7731,265.7731,265.7731,332.2164,332.2164,6378.5552,0.01011162,1461.7522,1339.0033,5182.5761,5305.325,0.00821569,0.00841028,0.00042132,144.3512,141.7025,1.6297,93.5821,10.0216,8884.7126,57.4225,158.2289,140.3023,51.4311,102.8621,129.7286,258.1778,514.3107,1008.3546,77.1466,0.0,5.0,9.802971,1.403346,17,104,92,7,0.24757185,0.01053293,0.02940797,0E-8,0.000000,0.915834,0.000000,-0.02508550,2026-05-12,2026-08-06,71,663,310,87,0.816092,1.127771,1.096139,0.825239,,,,,,,,GLOBAL_BASELINE_NO_ENTITY_RANKING,,,NOT_APPLICABLE_GLOBAL_BASELINE,HF9g-P5,,,,X 全窗基线 · 不参与实体赏罚,14193602,1420,A168_HF9F_20260827_0900,2026-08-27 09:00:00
2026-06-13,137070871,986,0,2317.4839920798,1803.1732969888,1803.1732969888,0.8000000,5,5,0.49592654000000000,0.495926540000,1.359902984124143,1.359902984124143,1.359902984124143,0E-17,ELIGIBLE,R03b_20260811_FULL_v1,L1_ELIGIBILITY,v2026-08-11,2026-03-21..2026-08-06,baccarat_bet02_101_all_pairs_incl_sentinel,round_win = game_pnl > 0 (decisive only),COMPATIBILITY_ONLY_NOT_PRODUCTION,630814.5920,577721.2471,6644.3283,4370,4077,-0.01053293,-0.02940797,-0.00432247,-0.01053293,-6644.3283,630814.5920,OK,0.0000,265.7731,4.0000,96.0000,AG03-UNRESOLVED,ALL5_LEVELS_bet23_to_bet27,265.7731,265.7731,265.7731,332.2164,332.2164,4.000000,4.000000,4.000000,5.000000,5.000000,96.000000,96.000000,96.000000,95.000000,95.000000,5.0,1461.7522,1339.0033,5182.5761,5305.325,PENDING_AG03,FALSE,NOT_FOR_ENFORCEMENT,6378.5552,554612.3973,6644.3283,6378.5552,265.7731,0.01053293,0.01011162,265.7731,6378.5552,0.01011162,265.7731,265.7731,265.7731,332.2164,332.2164,6378.5552,0.01011162,1461.7522,1339.0033,5182.5761,5305.325,0.00821569,0.00841028,0.00042132,144.3512,141.7025,1.6297,93.5821,10.0216,8884.7126,57.4225,158.2289,140.3023,51.4311,102.8621,129.7286,258.1778,514.3107,1008.3546,77.1466,0.0,5.0,9.802971,1.403346,17,104,92,7,0.24757185,0.01053293,0.02940797,0E-8,0.000000,0.915834,0.000000,-0.02508550,2026-05-12,2026-08-06,71,663,310,87,0.816092,1.127771,1.096139,0.825239,,,,,,,,GLOBAL_BASELINE_NO_ENTITY_RANKING,,,NOT_APPLICABLE_GLOBAL_BASELINE,HF9g-P5,,,,X 全窗基线 · 不参与实体赏罚,14193603,1420,A168_HF9F_20260827_0900,2026-08-27 09:00:00
2026-06-14,137070871,1210,0,1944.6087381385,-935.2739990227,-935.2739990227,0.4000000,10,10,0.50128862000000000,0.501288620000,-0.6406076080251435,-0.6406076080251435,-0.6406076080251435,0E-17,ELIGIBLE,R03b_20260811_FULL_v1,L1_ELIGIBILITY,v2026-08-11,2026-03-21..2026-08-06,baccarat_bet02_101_all_pairs_incl_sentinel,round_win = game_pnl > 0 (decisive only),COMPATIBILITY_ONLY_NOT_PRODUCTION,630814.5920,577721.2471,6644.3283,4370,4077,-0.01053293,-0.02940797,-0.00432247,-0.01053293,-6644.3283,630814.5920,OK,0.0000,265.7731,4.0000,96.0000,AG03-UNRESOLVED,ALL5_LEVELS_bet23_to_bet27,265.7731,265.7731,265.7731,332.2164,332.2164,4.000000,4.000000,4.000000,5.000000,5.000000,96.000000,96.000000,96.000000,95.000000,95.000000,5.0,1461.7522,1339.0033,5182.5761,5305.325,PENDING_AG03,FALSE,NOT_FOR_ENFORCEMENT,6378.5552,554612.3973,6644.3283,6378.5552,265.7731,0.01053293,0.01011162,265.7731,6378.5552,0.01011162,265.7731,265.7731,265.7731,332.2164,332.2164,6378.5552,0.01011162,1461.7522,1339.0033,5182.5761,5305.325,0.00821569,0.00841028,0.00042132,144.3512,141.7025,1.6297,93.5821,10.0216,8884.7126,57.4225,158.2289,140.3023,51.4311,102.8621,129.7286,258.1778,514.3107,1008.3546,77.1466,0.0,5.0,9.802971,1.403346,17,104,92,7,0.24757185,0.01053293,0.02940797,0E-8,0.000000,0.915834,0.000000,-0.02508550,2026-05-12,2026-08-06,71,663,310,87,0.816092,1.127771,1.096139,0.825239,,,,,,,,GLOBAL_BASELINE_NO_ENTITY_RANKING,,,NOT_APPLICABLE_GLOBAL_BASELINE,HF9g-P5,,,,X 全窗基线 · 不参与实体赏罚,14193604,1420,A168_HF9F_20260827_0900,2026-08-27 09:00:00
2026-06-14,137070871,1306,0,6191.0149921565,-1225.3452310539,-1225.3452310539,0.4838710,35,33,0.49138242510822530,0.491324980808,-0.08365647529097234,-0.08301687258762405,-0.08365647529097234,0.00005744430022530,ELIGIBLE,R03b_20260811_FULL_v1,L1_ELIGIBILITY,v2026-08-11,2026-03-21..2026-08-06,baccarat_bet02_101_all_pairs_incl_sentinel,round_win = game_pnl > 0 (decisive only),COMPATIBILITY_ONLY_NOT_PRODUCTION,630814.5920,577721.2471,6644.3283,4370,4077,-0.01053293,-0.02940797,-0.00432247,-0.01053293,-6644.3283,630814.5920,OK,0.0000,265.7731,4.0000,96.0000,AG03-UNRESOLVED,ALL5_LEVELS_bet23_to_bet27,265.7731,265.7731,265.7731,332.2164,332.2164,4.000000,4.000000,4.000000,5.000000,5.000000,96.000000,96.000000,96.000000,95.000000,95.000000,5.0,1461.7522,1339.0033,5182.5761,5305.325,PENDING_AG03,FALSE,NOT_FOR_ENFORCEMENT,6378.5552,554612.3973,6644.3283,6378.5552,265.7731,0.01053293,0.01011162,265.7731,6378.5552,0.01011162,265.7731,265.7731,265.7731,332.2164,332.2164,6378.5552,0.01011162,1461.7522,1339.0033,5182.5761,5305.325,0.00821569,0.00841028,0.00042132,144.3512,141.7025,1.6297,93.5821,10.0216,8884.7126,57.4225,158.2289,140.3023,51.4311,102.8621,129.7286,258.1778,514.3107,1008.3546,77.1466,0.0,5.0,9.802971,1.403346,17,104,92,7,0.24757185,0.01053293,0.02940797,0E-8,0.000000,0.915834,0.000000,-0.02508550,2026-05-12,2026-08-06,71,663,310,87,0.816092,1.127771,1.096139,0.825239,,,,,,,,GLOBAL_BASELINE_NO_ENTITY_RANKING,,,NOT_APPLICABLE_GLOBAL_BASELINE,HF9g-P5,,,,X 全窗基线 · 不参与实体赏罚,14193605,1420,A168_HF9F_20260827_0900,2026-08-27 09:00:00
2026-06-14,137070871,1318,0,1285.7767377275,475.7373929591,475.7373929591,0.7500000,5,5,0.50665070000000000,0.506650700000,0.9734833216690844,0.9734833216690844,0.9734833216690844,0E-17,ELIGIBLE,R03b_20260811_FULL_v1,L1_ELIGIBILITY,v2026-08-11,2026-03-21..2026-08-06,baccarat_bet02_101_all_pairs_incl_sentinel,round_win = game_pnl > 0 (decisive only),COMPATIBILITY_ONLY_NOT_PRODUCTION,630814.5920,577721.2471,6644.3283,4370,4077,-0.01053293,-0.02940797,-0.00432247,-0.01053293,-6644.3283,630814.5920,OK,0.0000,265.7731,4.0000,96.0000,AG03-UNRESOLVED,ALL5_LEVELS_bet23_to_bet27,265.7731,265.7731,265.7731,332.2164,332.2164,4.000000,4.000000,4.000000,5.000000,5.000000,96.000000,96.000000,96.000000,95.000000,95.000000,5.0,1461.7522,1339.0033,5182.5761,5305.325,PENDING_AG03,FALSE,NOT_FOR_ENFORCEMENT,6378.5552,554612.3973,6644.3283,6378.5552,265.7731,0.01053293,0.01011162,265.7731,6378.5552,0.01011162,265.7731,265.7731,265.7731,332.2164,332.2164,6378.5552,0.01011162,1461.7522,1339.0033,5182.5761,5305.325,0.00821569,0.00841028,0.00042132,144.3512,141.7025,1.6297,93.5821,10.0216,8884.7126,57.4225,158.2289,140.3023,51.4311,102.8621,129.7286,258.1778,514.3107,1008.3546,77.1466,0.0,5.0,9.802971,1.403346,17,104,92,7,0.24757185,0.01053293,0.02940797,0E-8,0.000000,0.915834,0.000000,-0.02508550,2026-05-12,2026-08-06,71,663,310,87,0.816092,1.127771,1.096139,0.825239,,,,,,,,GLOBAL_BASELINE_NO_ENTITY_RANKING,,,NOT_APPLICABLE_GLOBAL_BASELINE,HF9g-P5,,,,X 全窗基线 · 不参与实体赏罚,14193606,1420,A168_HF9F_20260827_0900,2026-08-27 09:00:00
2026-06-14,137070871,1374,0,514.3106950909,-514.3106950909,-514.3106950909,0E-7,2,2,0.50665070000000000,0.506650700000,-1.4331513700195317,-1.4331513700195317,-1.4331513700195317,0E-17,ELIGIBLE,R03b_20260811_FULL_v1,L1_ELIGIBILITY,v2026-08-11,2026-03-21..2026-08-06,baccarat_bet02_101_all_pairs_incl_sentinel,round_win = game_pnl > 0 (decisive only),COMPATIBILITY_ONLY_NOT_PRODUCTION,630814.5920,577721.2471,6644.3283,4370,4077,-0.01053293,-0.02940797,-0.00432247,-0.01053293,-6644.3283,630814.5920,OK,0.0000,265.7731,4.0000,96.0000,AG03-UNRESOLVED,ALL5_LEVELS_bet23_to_bet27,265.7731,265.7731,265.7731,332.2164,332.2164,4.000000,4.000000,4.000000,5.000000,5.000000,96.000000,96.000000,96.000000,95.000000,95.000000,5.0,1461.7522,1339.0033,5182.5761,5305.325,PENDING_AG03,FALSE,NOT_FOR_ENFORCEMENT,6378.5552,554612.3973,6644.3283,6378.5552,265.7731,0.01053293,0.01011162,265.7731,6378.5552,0.01011162,265.7731,265.7731,265.7731,332.2164,332.2164,6378.5552,0.01011162,1461.7522,1339.0033,5182.5761,5305.325,0.00821569,0.00841028,0.00042132,144.3512,141.7025,1.6297,93.5821,10.0216,8884.7126,57.4225,158.2289,140.3023,51.4311,102.8621,129.7286,258.1778,514.3107,1008.3546,77.1466,0.0,5.0,9.802971,1.403346,17,104,92,7,0.24757185,0.01053293,0.02940797,0E-8,0.000000,0.915834,0.000000,-0.02508550,2026-05-12,2026-08-06,71,663,310,87,0.816092,1.127771,1.096139,0.825239,,,,,,,,GLOBAL_BASELINE_NO_ENTITY_RANKING,,,NOT_APPLICABLE_GLOBAL_BASELINE,HF9g-P5,,,,X 全窗基线 · 不参与实体赏罚,14193607,1420,A168_HF9F_20260827_0900,2026-08-27 09:00:00
2026-06-14,137070871,1396,0,1356.4944583018,282.8708823004,282.8708823004,0.4545455,15,11,0.34592115454545455,0.345921154545,0.7573902688117022,0.757390268815106,0.7573902688117022,4.5455E-13,ELIGIBLE,R03b_20260811_FULL_v1,L1_ELIGIBILITY,v2026-08-11,2026-03-21..2026-08-06,baccarat_bet02_101_all_pairs_incl_sentinel,round_win = game_pnl > 0 (decisive only),COMPATIBILITY_ONLY_NOT_PRODUCTION,630814.5920,577721.2471,6644.3283,4370,4077,-0.01053293,-0.02940797,-0.00432247,-0.01053293,-6644.3283,630814.5920,OK,0.0000,265.7731,4.0000,96.0000,AG03-UNRESOLVED,ALL5_LEVELS_bet23_to_bet27,265.7731,265.7731,265.7731,332.2164,332.2164,4.000000,4.000000,4.000000,5.000000,5.000000,96.000000,96.000000,96.000000,95.000000,95.000000,5.0,1461.7522,1339.0033,5182.5761,5305.325,PENDING_AG03,FALSE,NOT_FOR_ENFORCEMENT,6378.5552,554612.3973,6644.3283,6378.5552,265.7731,0.01053293,0.01011162,265.7731,6378.5552,0.01011162,265.7731,265.7731,265.7731,332.2164,332.2164,6378.5552,0.01011162,1461.7522,1339.0033,5182.5761,5305.325,0.00821569,0.00841028,0.00042132,144.3512,141.7025,1.6297,93.5821,10.0216,8884.7126,57.4225,158.2289,140.3023,51.4311,102.8621,129.7286,258.1778,514.3107,1008.3546,77.1466,0.0,5.0,9.802971,1.403346,17,104,92,7,0.24757185,0.01053293,0.02940797,0E-8,0.000000,0.915834,0.000000,-0.02508550,2026-05-12,2026-08-06,71,663,310,87,0.816092,1.127771,1.096139,0.825239,,,,,,,,GLOBAL_BASELINE_NO_ENTITY_RANKING,,,NOT_APPLICABLE_GLOBAL_BASELINE,HF9g-P5,,,,X 全窗基线 · 不参与实体赏罚,14193608,1420,A168_HF9F_20260827_0900,2026-08-27 09:00:00
2026-06-14,137070871,1402,0,4885.9516033636,1491.5010157638,1491.5010157638,0.4545455,13,13,0.50149485384615385,0.501494853846,-0.3114284750577775,-0.3114284750567567,-0.3114284750577775,1.5385E-13,ELIGIBLE,R03b_20260811_FULL_v1,L1_ELIGIBILITY,v2026-08-11,2026-03-21..2026-08-06,baccarat_bet02_101_all_pairs_incl_sentinel,round_win = game_pnl > 0 (decisive only),COMPATIBILITY_ONLY_NOT_PRODUCTION,630814.5920,577721.2471,6644.3283,4370,4077,-0.01053293,-0.02940797,-0.00432247,-0.01053293,-6644.3283,630814.5920,OK,0.0000,265.7731,4.0000,96.0000,AG03-UNRESOLVED,ALL5_LEVELS_bet23_to_bet27,265.7731,265.7731,265.7731,332.2164,332.2164,4.000000,4.000000,4.000000,5.000000,5.000000,96.000000,96.000000,96.000000,95.000000,95.000000,5.0,1461.7522,1339.0033,5182.5761,5305.325,PENDING_AG03,FALSE,NOT_FOR_ENFORCEMENT,6378.5552,554612.3973,6644.3283,6378.5552,265.7731,0.01053293,0.01011162,265.7731,6378.5552,0.01011162,265.7731,265.7731,265.7731,332.2164,332.2164,6378.5552,0.01011162,1461.7522,1339.0033,5182.5761,5305.325,0.00821569,0.00841028,0.00042132,144.3512,141.7025,1.6297,93.5821,10.0216,8884.7126,57.4225,158.2289,140.3023,51.4311,102.8621,129.7286,258.1778,514.3107,1008.3546,77.1466,0.0,5.0,9.802971,1.403346,17,104,92,7,0.24757185,0.01053293,0.02940797,0E-8,0.000000,0.915834,0.000000,-0.02508550,2026-05-12,2026-08-06,71,663,310,87,0.816092,1.127771,1.096139,0.825239,,,,,,,,GLOBAL_BASELINE_NO_ENTITY_RANKING,,,NOT_APPLICABLE_GLOBAL_BASELINE,HF9g-P5,,,,X 全窗基线 · 不参与实体赏罚,14193609,1420,A168_HF9F_20260827_0900,2026-08-27 09:00:00
2026-06-14,137070871,1985,0,154.2932085272,146.5785481010,146.5785481010,1.0000000,2,2,0.50665070000000000,0.506650700000,1.3955260008387969,1.3955260008387969,1.3955260008387969,0E-17,ELIGIBLE,R03b_20260811_FULL_v1,L1_ELIGIBILITY,v2026-08-11,2026-03-21..2026-08-06,baccarat_bet02_101_all_pairs_incl_sentinel,round_win = game_pnl > 0 (decisive only),COMPATIBILITY_ONLY_NOT_PRODUCTION,630814.5920,577721.2471,6644.3283,4370,4077,-0.01053293,-0.02940797,-0.00432247,-0.01053293,-6644.3283,630814.5920,OK,0.0000,265.7731,4.0000,96.0000,AG03-UNRESOLVED,ALL5_LEVELS_bet23_to_bet27,265.7731,265.7731,265.7731,332.2164,332.2164,4.000000,4.000000,4.000000,5.000000,5.000000,96.000000,96.000000,96.000000,95.000000,95.000000,5.0,1461.7522,1339.0033,5182.5761,5305.325,PENDING_AG03,FALSE,NOT_FOR_ENFORCEMENT,6378.5552,554612.3973,6644.3283,6378.5552,265.7731,0.01053293,0.01011162,265.7731,6378.5552,0.01011162,265.7731,265.7731,265.7731,332.2164,332.2164,6378.5552,0.01011162,1461.7522,1339.0033,5182.5761,5305.325,0.00821569,0.00841028,0.00042132,144.3512,141.7025,1.6297,93.5821,10.0216,8884.7126,57.4225,158.2289,140.3023,51.4311,102.8621,129.7286,258.1778,514.3107,1008.3546,77.1466,0.0,5.0,9.802971,1.403346,17,104,92,7,0.24757185,0.01053293,0.02940797,0E-8,0.000000,0.915834,0.000000,-0.02508550,2026-05-12,2026-08-06,71,663,310,87,0.816092,1.127771,1.096139,0.825239,,,,,,,,GLOBAL_BASELINE_NO_ENTITY_RANKING,,,NOT_APPLICABLE_GLOBAL_BASELINE,HF9g-P5,,,,X 全窗基线 · 不参与实体赏罚,14193610,1420,A168_HF9F_20260827_0900,2026-08-27 09:00:00
2026-06-14,137070871,2088,0,9276.1076966599,2366.8578188084,2366.8578188084,0.5000000,20,20,0.50262914000000000,0.502629140000,-0.022309301095003325,-0.022309301095003325,-0.022309301095003325,0E-17,ELIGIBLE,R03b_20260811_FULL_v1,L1_ELIGIBILITY,v2026-08-11,2026-03-21..2026-08-06,baccarat_bet02_101_all_pairs_incl_sentinel,round_win = game_pnl > 0 (decisive only),COMPATIBILITY_ONLY_NOT_PRODUCTION,630814.5920,577721.2471,6644.3283,4370,4077,-0.01053293,-0.02940797,-0.00432247,-0.01053293,-6644.3283,630814.5920,OK,0.0000,265.7731,4.0000,96.0000,AG03-UNRESOLVED,ALL5_LEVELS_bet23_to_bet27,265.7731,265.7731,265.7731,332.2164,332.2164,4.000000,4.000000,4.000000,5.000000,5.000000,96.000000,96.000000,96.000000,95.000000,95.000000,5.0,1461.7522,1339.0033,5182.5761,5305.325,PENDING_AG03,FALSE,NOT_FOR_ENFORCEMENT,6378.5552,554612.3973,6644.3283,6378.5552,265.7731,0.01053293,0.01011162,265.7731,6378.5552,0.01011162,265.7731,265.7731,265.7731,332.2164,332.2164,6378.5552,0.01011162,1461.7522,1339.0033,5182.5761,5305.325,0.00821569,0.00841028,0.00042132,144.3512,141.7025,1.6297,93.5821,10.0216,8884.7126,57.4225,158.2289,140.3023,51.4311,102.8621,129.7286,258.1778,514.3107,1008.3546,77.1466,0.0,5.0,9.802971,1.403346,17,104,92,7,0.24757185,0.01053293,0.02940797,0E-8,0.000000,0.915834,0.000000,-0.02508550,2026-05-12,2026-08-06,71,663,310,87,0.816092,1.127771,1.096139,0.825239,,,,,,,,GLOBAL_BASELINE_NO_ENTITY_RANKING,,,NOT_APPLICABLE_GLOBAL_BASELINE,HF9g-P5,,,,X 全窗基线 · 不参与实体赏罚,14193611,1420,A168_HF9F_20260827_0900,2026-08-27 09:00:00
2026-06-14,137070871,2101,0,257.1553475454,250.7264638568,250.7264638568,1.0000000,2,2,0.49994810000000000,0.499948100000,1.4143603653603398,1.4143603653603398,1.4143603653603398,0E-17,ELIGIBLE,R03b_20260811_FULL_v1,L1_ELIGIBILITY,v2026-08-11,2026-03-21..2026-08-06,baccarat_bet02_101_all_pairs_incl_sentinel,round_win = game_pnl > 0 (decisive only),COMPATIBILITY_ONLY_NOT_PRODUCTION,630814.5920,577721.2471,6644.3283,4370,4077,-0.01053293,-0.02940797,-0.00432247,-0.01053293,-6644.3283,630814.5920,OK,0.0000,265.7731,4.0000,96.0000,AG03-UNRESOLVED,ALL5_LEVELS_bet23_to_bet27,265.7731,265.7731,265.7731,332.2164,332.2164,4.000000,4.000000,4.000000,5.000000,5.000000,96.000000,96.000000,96.000000,95.000000,95.000000,5.0,1461.7522,1339.0033,5182.5761,5305.325,PENDING_AG03,FALSE,NOT_FOR_ENFORCEMENT,6378.5552,554612.3973,6644.3283,6378.5552,265.7731,0.01053293,0.01011162,265.7731,6378.5552,0.01011162,265.7731,265.7731,265.7731,332.2164,332.2164,6378.5552,0.01011162,1461.7522,1339.0033,5182.5761,5305.325,0.00821569,0.00841028,0.00042132,144.3512,141.7025,1.6297,93.5821,10.0216,8884.7126,57.4225,158.2289,140.3023,51.4311,102.8621,129.7286,258.1778,514.3107,1008.3546,77.1466,0.0,5.0,9.802971,1.403346,17,104,92,7,0.24757185,0.01053293,0.02940797,0E-8,0.000000,0.915834,0.000000,-0.02508550,2026-05-12,2026-08-06,71,663,310,87,0.816092,1.127771,1.096139,0.825239,,,,,,,,GLOBAL_BASELINE_NO_ENTITY_RANKING,,,NOT_APPLICABLE_GLOBAL_BASELINE,HF9g-P5,,,,X 全窗基线 · 不参与实体赏罚,14193612,1420,A168_HF9F_20260827_0900,2026-08-27 09:00:00
2026-06-14,137070871,2103,0,344.5881657109,-241.7260266927,-241.7260266927,0E-7,6,5,0.41489815000000000,0.414898150000,-1.6841664406903238,-1.6841664406903238,-1.6841664406903238,0E-17,ELIGIBLE,R03b_20260811_FULL_v1,L1_ELIGIBILITY,v2026-08-11,2026-03-21..2026-08-06,baccarat_bet02_101_all_pairs_incl_sentinel,round_win = game_pnl > 0 (decisive only),COMPATIBILITY_ONLY_NOT_PRODUCTION,630814.5920,577721.2471,6644.3283,4370,4077,-0.01053293,-0.02940797,-0.00432247,-0.01053293,-6644.3283,630814.5920,OK,0.0000,265.7731,4.0000,96.0000,AG03-UNRESOLVED,ALL5_LEVELS_bet23_to_bet27,265.7731,265.7731,265.7731,332.2164,332.2164,4.000000,4.000000,4.000000,5.000000,5.000000,96.000000,96.000000,96.000000,95.000000,95.000000,5.0,1461.7522,1339.0033,5182.5761,5305.325,PENDING_AG03,FALSE,NOT_FOR_ENFORCEMENT,6378.5552,554612.3973,6644.3283,6378.5552,265.7731,0.01053293,0.01011162,265.7731,6378.5552,0.01011162,265.7731,265.7731,265.7731,332.2164,332.2164,6378.5552,0.01011162,1461.7522,1339.0033,5182.5761,5305.325,0.00821569,0.00841028,0.00042132,144.3512,141.7025,1.6297,93.5821,10.0216,8884.7126,57.4225,158.2289,140.3023,51.4311,102.8621,129.7286,258.1778,514.3107,1008.3546,77.1466,0.0,5.0,9.802971,1.403346,17,104,92,7,0.24757185,0.01053293,0.02940797,0E-8,0.000000,0.915834,0.000000,-0.02508550,2026-05-12,2026-08-06,71,663,310,87,0.816092,1.127771,1.096139,0.825239,,,,,,,,GLOBAL_BASELINE_NO_ENTITY_RANKING,,,NOT_APPLICABLE_GLOBAL_BASELINE,HF9g-P5,,,,X 全窗基线 · 不参与实体赏罚,14193613,1420,A168_HF9F_20260827_0900,2026-08-27 09:00:00
2026-06-14,137070871,2141,0,128.5776737726,47.5737392959,47.5737392959,0.6666667,4,4,0.50329940000000000,0.503299400000,0.5659331339966515,0.5659331339966515,0.5659331339966515,0E-17,ELIGIBLE,R03b_20260811_FULL_v1,L1_ELIGIBILITY,v2026-08-11,2026-03-21..2026-08-06,baccarat_bet02_101_all_pairs_incl_sentinel,round_win = game_pnl > 0 (decisive only),COMPATIBILITY_ONLY_NOT_PRODUCTION,630814.5920,577721.2471,6644.3283,4370,4077,-0.01053293,-0.02940797,-0.00432247,-0.01053293,-6644.3283,630814.5920,OK,0.0000,265.7731,4.0000,96.0000,AG03-UNRESOLVED,ALL5_LEVELS_bet23_to_bet27,265.7731,265.7731,265.7731,332.2164,332.2164,4.000000,4.000000,4.000000,5.000000,5.000000,96.000000,96.000000,96.000000,95.000000,95.000000,5.0,1461.7522,1339.0033,5182.5761,5305.325,PENDING_AG03,FALSE,NOT_FOR_ENFORCEMENT,6378.5552,554612.3973,6644.3283,6378.5552,265.7731,0.01053293,0.01011162,265.7731,6378.5552,0.01011162,265.7731,265.7731,265.7731,332.2164,332.2164,6378.5552,0.01011162,1461.7522,1339.0033,5182.5761,5305.325,0.00821569,0.00841028,0.00042132,144.3512,141.7025,1.6297,93.5821,10.0216,8884.7126,57.4225,158.2289,140.3023,51.4311,102.8621,129.7286,258.1778,514.3107,1008.3546,77.1466,0.0,5.0,9.802971,1.403346,17,104,92,7,0.24757185,0.01053293,0.02940797,0E-8,0.000000,0.915834,0.000000,-0.02508550,2026-05-12,2026-08-06,71,663,310,87,0.816092,1.127771,1.096139,0.825239,,,,,,,,GLOBAL_BASELINE_NO_ENTITY_RANKING,,,NOT_APPLICABLE_GLOBAL_BASELINE,HF9g-P5,,,,X 全窗基线 · 不参与实体赏罚,14193614,1420,A168_HF9F_20260827_0900,2026-08-27 09:00:00
2026-06-14,137070871,2170,0,5989.1480443334,164.2579782447,164.2579782447,0.5833333,33,26,0.46140559989316519,0.456380449359,1.198217819856878,1.2486397101453004,1.198217819856878,0.00502515053416519,ELIGIBLE,R03b_20260811_FULL_v1,L1_ELIGIBILITY,v2026-08-11,2026-03-21..2026-08-06,baccarat_bet02_101_all_pairs_incl_sentinel,round_win = game_pnl > 0 (decisive only),COMPATIBILITY_ONLY_NOT_PRODUCTION,630814.5920,577721.2471,6644.3283,4370,4077,-0.01053293,-0.02940797,-0.00432247,-0.01053293,-6644.3283,630814.5920,OK,0.0000,265.7731,4.0000,96.0000,AG03-UNRESOLVED,ALL5_LEVELS_bet23_to_bet27,265.7731,265.7731,265.7731,332.2164,332.2164,4.000000,4.000000,4.000000,5.000000,5.000000,96.000000,96.000000,96.000000,95.000000,95.000000,5.0,1461.7522,1339.0033,5182.5761,5305.325,PENDING_AG03,FALSE,NOT_FOR_ENFORCEMENT,6378.5552,554612.3973,6644.3283,6378.5552,265.7731,0.01053293,0.01011162,265.7731,6378.5552,0.01011162,265.7731,265.7731,265.7731,332.2164,332.2164,6378.5552,0.01011162,1461.7522,1339.0033,5182.5761,5305.325,0.00821569,0.00841028,0.00042132,144.3512,141.7025,1.6297,93.5821,10.0216,8884.7126,57.4225,158.2289,140.3023,51.4311,102.8621,129.7286,258.1778,514.3107,1008.3546,77.1466,0.0,5.0,9.802971,1.403346,17,104,92,7,0.24757185,0.01053293,0.02940797,0E-8,0.000000,0.915834,0.000000,-0.02508550,2026-05-12,2026-08-06,71,663,310,87,0.816092,1.127771,1.096139,0.825239,,,,,,,,GLOBAL_BASELINE_NO_ENTITY_RANKING,,,NOT_APPLICABLE_GLOBAL_BASELINE,HF9g-P5,,,,X 全窗基线 · 不参与实体赏罚,14193615,1420,A168_HF9F_20260827_0900,2026-08-27 09:00:00
2026-06-14,137070871,2171,0,694.3194383723,-192.8665106587,-192.8665106587,0.3333333,11,6,0.34160736944446659,0.315032947222,-0.04273531810982369,0.09649905242431216,-0.04273531810982369,0.02657442222246659,ELIGIBLE,R03b_20260811_FULL_v1,L1_ELIGIBILITY,v2026-08-11,2026-03-21..2026-08-06,baccarat_bet02_101_all_pairs_incl_sentinel,round_win = game_pnl > 0 (decisive only),COMPATIBILITY_ONLY_NOT_PRODUCTION,630814.5920,577721.2471,6644.3283,4370,4077,-0.01053293,-0.02940797,-0.00432247,-0.01053293,-6644.3283,630814.5920,OK,0.0000,265.7731,4.0000,96.0000,AG03-UNRESOLVED,ALL5_LEVELS_bet23_to_bet27,265.7731,265.7731,265.7731,332.2164,332.2164,4.000000,4.000000,4.000000,5.000000,5.000000,96.000000,96.000000,96.000000,95.000000,95.000000,5.0,1461.7522,1339.0033,5182.5761,5305.325,PENDING_AG03,FALSE,NOT_FOR_ENFORCEMENT,6378.5552,554612.3973,6644.3283,6378.5552,265.7731,0.01053293,0.01011162,265.7731,6378.5552,0.01011162,265.7731,265.7731,265.7731,332.2164,332.2164,6378.5552,0.01011162,1461.7522,1339.0033,5182.5761,5305.325,0.00821569,0.00841028,0.00042132,144.3512,141.7025,1.6297,93.5821,10.0216,8884.7126,57.4225,158.2289,140.3023,51.4311,102.8621,129.7286,258.1778,514.3107,1008.3546,77.1466,0.0,5.0,9.802971,1.403346,17,104,92,7,0.24757185,0.01053293,0.02940797,0E-8,0.000000,0.915834,0.000000,-0.02508550,2026-05-12,2026-08-06,71,663,310,87,0.816092,1.127771,1.096139,0.825239,,,,,,,,GLOBAL_BASELINE_NO_ENTITY_RANKING,,,NOT_APPLICABLE_GLOBAL_BASELINE,HF9g-P5,,,,X 全窗基线 · 不参与实体赏罚,14193616,1420,A168_HF9F_20260827_0900,2026-08-27 09:00:00
2026-06-14,137070871,2174,0,3724.6380538483,176.8328747397,176.8328747397,0.6666667,16,15,0.50147239999999470,0.490234730000,1.279594835615307,1.366896625649421,1.279594835615307,0.01123766999999470,ELIGIBLE,R03b_20260811_FULL_v1,L1_ELIGIBILITY,v2026-08-11,2026-03-21..2026-08-06,baccarat_bet02_101_all_pairs_incl_sentinel,round_win = game_pnl > 0 (decisive only),COMPATIBILITY_ONLY_NOT_PRODUCTION,630814.5920,577721.2471,6644.3283,4370,4077,-0.01053293,-0.02940797,-0.00432247,-0.01053293,-6644.3283,630814.5920,OK,0.0000,265.7731,4.0000,96.0000,AG03-UNRESOLVED,ALL5_LEVELS_bet23_to_bet27,265.7731,265.7731,265.7731,332.2164,332.2164,4.000000,4.000000,4.000000,5.000000,5.000000,96.000000,96.000000,96.000000,95.000000,95.000000,5.0,1461.7522,1339.0033,5182.5761,5305.325,PENDING_AG03,FALSE,NOT_FOR_ENFORCEMENT,6378.5552,554612.3973,6644.3283,6378.5552,265.7731,0.01053293,0.01011162,265.7731,6378.5552,0.01011162,265.7731,265.7731,265.7731,332.2164,332.2164,6378.5552,0.01011162,1461.7522,1339.0033,5182.5761,5305.325,0.00821569,0.00841028,0.00042132,144.3512,141.7025,1.6297,93.5821,10.0216,8884.7126,57.4225,158.2289,140.3023,51.4311,102.8621,129.7286,258.1778,514.3107,1008.3546,77.1466,0.0,5.0,9.802971,1.403346,17,104,92,7,0.24757185,0.01053293,0.02940797,0E-8,0.000000,0.915834,0.000000,-0.02508550,2026-05-12,2026-08-06,71,663,310,87,0.816092,1.127771,1.096139,0.825239,,,,,,,,GLOBAL_BASELINE_NO_ENTITY_RANKING,,,NOT_APPLICABLE_GLOBAL_BASELINE,HF9g-P5,,,,X 全窗基线 · 不参与实体赏罚,14193617,1420,A168_HF9F_20260827_0900,2026-08-27 09:00:00
2026-06-14,137070871,2177,0,1234.3456682183,-216.0104919383,-216.0104919383,0.4761905,21,21,0.50026727142857143,0.500267271429,-0.22066750486738215,-0.22066750487131018,-0.22066750486738215,-4.2857E-13,ELIGIBLE,R03b_20260811_FULL_v1,L1_ELIGIBILITY,v2026-08-11,2026-03-21..2026-08-06,baccarat_bet02_101_all_pairs_incl_sentinel,round_win = game_pnl > 0 (decisive only),COMPATIBILITY_ONLY_NOT_PRODUCTION,630814.5920,577721.2471,6644.3283,4370,4077,-0.01053293,-0.02940797,-0.00432247,-0.01053293,-6644.3283,630814.5920,OK,0.0000,265.7731,4.0000,96.0000,AG03-UNRESOLVED,ALL5_LEVELS_bet23_to_bet27,265.7731,265.7731,265.7731,332.2164,332.2164,4.000000,4.000000,4.000000,5.000000,5.000000,96.000000,96.000000,96.000000,95.000000,95.000000,5.0,1461.7522,1339.0033,5182.5761,5305.325,PENDING_AG03,FALSE,NOT_FOR_ENFORCEMENT,6378.5552,554612.3973,6644.3283,6378.5552,265.7731,0.01053293,0.01011162,265.7731,6378.5552,0.01011162,265.7731,265.7731,265.7731,332.2164,332.2164,6378.5552,0.01011162,1461.7522,1339.0033,5182.5761,5305.325,0.00821569,0.00841028,0.00042132,144.3512,141.7025,1.6297,93.5821,10.0216,8884.7126,57.4225,158.2289,140.3023,51.4311,102.8621,129.7286,258.1778,514.3107,1008.3546,77.1466,0.0,5.0,9.802971,1.403346,17,104,92,7,0.24757185,0.01053293,0.02940797,0E-8,0.000000,0.915834,0.000000,-0.02508550,2026-05-12,2026-08-06,71,663,310,87,0.816092,1.127771,1.096139,0.825239,,,,,,,,GLOBAL_BASELINE_NO_ENTITY_RANKING,,,NOT_APPLICABLE_GLOBAL_BASELINE,HF9g-P5,,,,X 全窗基线 · 不参与实体赏罚,14193618,1420,A168_HF9F_20260827_0900,2026-08-27 09:00:00
2026-06-14,137070871,2246,0,2700.1311492271,1652.2231079796,1652.2231079796,0.7500000,9,9,0.50069283333333333,0.500692833333,1.4102956591225702,1.4102956591244544,1.4102956591225702,3.3333E-13,ELIGIBLE,R03b_20260811_FULL_v1,L1_ELIGIBILITY,v2026-08-11,2026-03-21..2026-08-06,baccarat_bet02_101_all_pairs_incl_sentinel,round_win = game_pnl > 0 (decisive only),COMPATIBILITY_ONLY_NOT_PRODUCTION,630814.5920,577721.2471,6644.3283,4370,4077,-0.01053293,-0.02940797,-0.00432247,-0.01053293,-6644.3283,630814.5920,OK,0.0000,265.7731,4.0000,96.0000,AG03-UNRESOLVED,ALL5_LEVELS_bet23_to_bet27,265.7731,265.7731,265.7731,332.2164,332.2164,4.000000,4.000000,4.000000,5.000000,5.000000,96.000000,96.000000,96.000000,95.000000,95.000000,5.0,1461.7522,1339.0033,5182.5761,5305.325,PENDING_AG03,FALSE,NOT_FOR_ENFORCEMENT,6378.5552,554612.3973,6644.3283,6378.5552,265.7731,0.01053293,0.01011162,265.7731,6378.5552,0.01011162,265.7731,265.7731,265.7731,332.2164,332.2164,6378.5552,0.01011162,1461.7522,1339.0033,5182.5761,5305.325,0.00821569,0.00841028,0.00042132,144.3512,141.7025,1.6297,93.5821,10.0216,8884.7126,57.4225,158.2289,140.3023,51.4311,102.8621,129.7286,258.1778,514.3107,1008.3546,77.1466,0.0,5.0,9.802971,1.403346,17,104,92,7,0.24757185,0.01053293,0.02940797,0E-8,0.000000,0.915834,0.000000,-0.02508550,2026-05-12,2026-08-06,71,663,310,87,0.816092,1.127771,1.096139,0.825239,,,,,,,,GLOBAL_BASELINE_NO_ENTITY_RANKING,,,NOT_APPLICABLE_GLOBAL_BASELINE,HF9g-P5,,,,X 全窗基线 · 不参与实体赏罚,14193619,1420,A168_HF9F_20260827_0900,2026-08-27 09:00:00
2026-06-14,137070871,2252,0,642.8883688636,360.0174865637,360.0174865637,0.5000000,2,2,0.50665070000000000,0.506650700000,-0.018812684590367487,-0.018812684590367487,-0.018812684590367487,0E-17,ELIGIBLE,R03b_20260811_FULL_v1,L1_ELIGIBILITY,v2026-08-11,2026-03-21..2026-08-06,baccarat_bet02_101_all_pairs_incl_sentinel,round_win = game_pnl > 0 (decisive only),COMPATIBILITY_ONLY_NOT_PRODUCTION,630814.5920,577721.2471,6644.3283,4370,4077,-0.01053293,-0.02940797,-0.00432247,-0.01053293,-6644.3283,630814.5920,OK,0.0000,265.7731,4.0000,96.0000,AG03-UNRESOLVED,ALL5_LEVELS_bet23_to_bet27,265.7731,265.7731,265.7731,332.2164,332.2164,4.000000,4.000000,4.000000,5.000000,5.000000,96.000000,96.000000,96.000000,95.000000,95.000000,5.0,1461.7522,1339.0033,5182.5761,5305.325,PENDING_AG03,FALSE,NOT_FOR_ENFORCEMENT,6378.5552,554612.3973,6644.3283,6378.5552,265.7731,0.01053293,0.01011162,265.7731,6378.5552,0.01011162,265.7731,265.7731,265.7731,332.2164,332.2164,6378.5552,0.01011162,1461.7522,1339.0033,5182.5761,5305.325,0.00821569,0.00841028,0.00042132,144.3512,141.7025,1.6297,93.5821,10.0216,8884.7126,57.4225,158.2289,140.3023,51.4311,102.8621,129.7286,258.1778,514.3107,1008.3546,77.1466,0.0,5.0,9.802971,1.403346,17,104,92,7,0.24757185,0.01053293,0.02940797,0E-8,0.000000,0.915834,0.000000,-0.02508550,2026-05-12,2026-08-06,71,663,310,87,0.816092,1.127771,1.096139,0.825239,,,,,,,,GLOBAL_BASELINE_NO_ENTITY_RANKING,,,NOT_APPLICABLE_GLOBAL_BASELINE,HF9g-P5,,,,X 全窗基线 · 不参与实体赏罚,14193620,1420,A168_HF9F_20260827_0900,2026-08-27 09:00:00
2026-06-15,137070871,1325,0,5570.4991385290,-1461.1566847529,-1461.1566847529,0.5000000,41,31,0.45827502974910794,0.454577946452,0.4431211987772369,0.48269772541493816,0.4431211987772369,0.00369708329710794,ELIGIBLE,R03b_20260811_FULL_v1,L1_ELIGIBILITY,v2026-08-11,2026-03-21..2026-08-06,baccarat_bet02_101_all_pairs_incl_sentinel,round_win = game_pnl > 0 (decisive only),COMPATIBILITY_ONLY_NOT_PRODUCTION,630814.5920,577721.2471,6644.3283,4370,4077,-0.01053293,-0.02940797,-0.00432247,-0.01053293,-6644.3283,630814.5920,OK,0.0000,265.7731,4.0000,96.0000,AG03-UNRESOLVED,ALL5_LEVELS_bet23_to_bet27,265.7731,265.7731,265.7731,332.2164,332.2164,4.000000,4.000000,4.000000,5.000000,5.000000,96.000000,96.000000,96.000000,95.000000,95.000000,5.0,1461.7522,1339.0033,5182.5761,5305.325,PENDING_AG03,FALSE,NOT_FOR_ENFORCEMENT,6378.5552,554612.3973,6644.3283,6378.5552,265.7731,0.01053293,0.01011162,265.7731,6378.5552,0.01011162,265.7731,265.7731,265.7731,332.2164,332.2164,6378.5552,0.01011162,1461.7522,1339.0033,5182.5761,5305.325,0.00821569,0.00841028,0.00042132,144.3512,141.7025,1.6297,93.5821,10.0216,8884.7126,57.4225,158.2289,140.3023,51.4311,102.8621,129.7286,258.1778,514.3107,1008.3546,77.1466,0.0,5.0,9.802971,1.403346,17,104,92,7,0.24757185,0.01053293,0.02940797,0E-8,0.000000,0.915834,0.000000,-0.02508550,2026-05-12,2026-08-06,71,663,310,87,0.816092,1.127771,1.096139,0.825239,,,,,,,,GLOBAL_BASELINE_NO_ENTITY_RANKING,,,NOT_APPLICABLE_GLOBAL_BASELINE,HF9g-P5,,,,X 全窗基线 · 不参与实体赏罚,14193621,1420,A168_HF9F_20260827_0900,2026-08-27 09:00:00
2026-06-15,137070871,1331,0,102.8621390182,100.2905855427,100.2905855427,1.0000000,2,2,0.49994810000000000,0.499948100000,1.4143603653603398,1.4143603653603398,1.4143603653603398,0E-17,ELIGIBLE,R03b_20260811_FULL_v1,L1_ELIGIBILITY,v2026-08-11,2026-03-21..2026-08-06,baccarat_bet02_101_all_pairs_incl_sentinel,round_win = game_pnl > 0 (decisive only),COMPATIBILITY_ONLY_NOT_PRODUCTION,630814.5920,577721.2471,6644.3283,4370,4077,-0.01053293,-0.02940797,-0.00432247,-0.01053293,-6644.3283,630814.5920,OK,0.0000,265.7731,4.0000,96.0000,AG03-UNRESOLVED,ALL5_LEVELS_bet23_to_bet27,265.7731,265.7731,265.7731,332.2164,332.2164,4.000000,4.000000,4.000000,5.000000,5.000000,96.000000,96.000000,96.000000,95.000000,95.000000,5.0,1461.7522,1339.0033,5182.5761,5305.325,PENDING_AG03,FALSE,NOT_FOR_ENFORCEMENT,6378.5552,554612.3973,6644.3283,6378.5552,265.7731,0.01053293,0.01011162,265.7731,6378.5552,0.01011162,265.7731,265.7731,265.7731,332.2164,332.2164,6378.5552,0.01011162,1461.7522,1339.0033,5182.5761,5305.325,0.00821569,0.00841028,0.00042132,144.3512,141.7025,1.6297,93.5821,10.0216,8884.7126,57.4225,158.2289,140.3023,51.4311,102.8621,129.7286,258.1778,514.3107,1008.3546,77.1466,0.0,5.0,9.802971,1.403346,17,104,92,7,0.24757185,0.01053293,0.02940797,0E-8,0.000000,0.915834,0.000000,-0.02508550,2026-05-12,2026-08-06,71,663,310,87,0.816092,1.127771,1.096139,0.825239,,,,,,,,GLOBAL_BASELINE_NO_ENTITY_RANKING,,,NOT_APPLICABLE_GLOBAL_BASELINE,HF9g-P5,,,,X 全窗基线 · 不参与实体赏罚,14193622,1420,A168_HF9F_20260827_0900,2026-08-27 09:00:00
2026-06-15,137070871,1384,0,308.5864170545,-51.4310695091,-51.4310695091,0.4000000,5,5,0.49860758000000000,0.498607580000,-0.440988213962219,-0.440988213962219,-0.440988213962219,0E-17,ELIGIBLE,R03b_20260811_FULL_v1,L1_ELIGIBILITY,v2026-08-11,2026-03-21..2026-08-06,baccarat_bet02_101_all_pairs_incl_sentinel,round_win = game_pnl > 0 (decisive only),COMPATIBILITY_ONLY_NOT_PRODUCTION,630814.5920,577721.2471,6644.3283,4370,4077,-0.01053293,-0.02940797,-0.00432247,-0.01053293,-6644.3283,630814.5920,OK,0.0000,265.7731,4.0000,96.0000,AG03-UNRESOLVED,ALL5_LEVELS_bet23_to_bet27,265.7731,265.7731,265.7731,332.2164,332.2164,4.000000,4.000000,4.000000,5.000000,5.000000,96.000000,96.000000,96.000000,95.000000,95.000000,5.0,1461.7522,1339.0033,5182.5761,5305.325,PENDING_AG03,FALSE,NOT_FOR_ENFORCEMENT,6378.5552,554612.3973,6644.3283,6378.5552,265.7731,0.01053293,0.01011162,265.7731,6378.5552,0.01011162,265.7731,265.7731,265.7731,332.2164,332.2164,6378.5552,0.01011162,1461.7522,1339.0033,5182.5761,5305.325,0.00821569,0.00841028,0.00042132,144.3512,141.7025,1.6297,93.5821,10.0216,8884.7126,57.4225,158.2289,140.3023,51.4311,102.8621,129.7286,258.1778,514.3107,1008.3546,77.1466,0.0,5.0,9.802971,1.403346,17,104,92,7,0.24757185,0.01053293,0.02940797,0E-8,0.000000,0.915834,0.000000,-0.02508550,2026-05-12,2026-08-06,71,663,310,87,0.816092,1.127771,1.096139,0.825239,,,,,,,,GLOBAL_BASELINE_NO_ENTITY_RANKING,,,NOT_APPLICABLE_GLOBAL_BASELINE,HF9g-P5,,,,X 全窗基线 · 不参与实体赏罚,14193623,1420,A168_HF9F_20260827_0900,2026-08-27 09:00:00
2026-06-15,137070871,1396,0,1722.9408285546,-372.8752539409,-372.8752539409,0.4000000,17,17,0.50034237058823529,0.500342370588,-0.7772488426289562,-0.7772488426271335,-0.7772488426289562,2.3529E-13,ELIGIBLE,R03b_20260811_FULL_v1,L1_ELIGIBILITY,v2026-08-11,2026-03-21..2026-08-06,baccarat_bet02_101_all_pairs_incl_sentinel,round_win = game_pnl > 0 (decisive only),COMPATIBILITY_ONLY_NOT_PRODUCTION,630814.5920,577721.2471,6644.3283,4370,4077,-0.01053293,-0.02940797,-0.00432247,-0.01053293,-6644.3283,630814.5920,OK,0.0000,265.7731,4.0000,96.0000,AG03-UNRESOLVED,ALL5_LEVELS_bet23_to_bet27,265.7731,265.7731,265.7731,332.2164,332.2164,4.000000,4.000000,4.000000,5.000000,5.000000,96.000000,96.000000,96.000000,95.000000,95.000000,5.0,1461.7522,1339.0033,5182.5761,5305.325,PENDING_AG03,FALSE,NOT_FOR_ENFORCEMENT,6378.5552,554612.3973,6644.3283,6378.5552,265.7731,0.01053293,0.01011162,265.7731,6378.5552,0.01011162,265.7731,265.7731,265.7731,332.2164,332.2164,6378.5552,0.01011162,1461.7522,1339.0033,5182.5761,5305.325,0.00821569,0.00841028,0.00042132,144.3512,141.7025,1.6297,93.5821,10.0216,8884.7126,57.4225,158.2289,140.3023,51.4311,102.8621,129.7286,258.1778,514.3107,1008.3546,77.1466,0.0,5.0,9.802971,1.403346,17,104,92,7,0.24757185,0.01053293,0.02940797,0E-8,0.000000,0.915834,0.000000,-0.02508550,2026-05-12,2026-08-06,71,663,310,87,0.816092,1.127771,1.096139,0.825239,,,,,,,,GLOBAL_BASELINE_NO_ENTITY_RANKING,,,NOT_APPLICABLE_GLOBAL_BASELINE,HF9g-P5,,,,X 全窗基线 · 不参与实体赏罚,14193624,1420,A168_HF9F_20260827_0900,2026-08-27 09:00:00
2026-06-15,137070871,1401,0,360.0174865636,100.2905855427,100.2905855427,0.7500000,4,4,0.49994810000000000,0.499948100000,1.0002076053883384,1.0002076053883384,1.0002076053883384,0E-17,ELIGIBLE,R03b_20260811_FULL_v1,L1_ELIGIBILITY,v2026-08-11,2026-03-21..2026-08-06,baccarat_bet02_101_all_pairs_incl_sentinel,round_win = game_pnl > 0 (decisive only),COMPATIBILITY_ONLY_NOT_PRODUCTION,630814.5920,577721.2471,6644.3283,4370,4077,-0.01053293,-0.02940797,-0.00432247,-0.01053293,-6644.3283,630814.5920,OK,0.0000,265.7731,4.0000,96.0000,AG03-UNRESOLVED,ALL5_LEVELS_bet23_to_bet27,265.7731,265.7731,265.7731,332.2164,332.2164,4.000000,4.000000,4.000000,5.000000,5.000000,96.000000,96.000000,96.000000,95.000000,95.000000,5.0,1461.7522,1339.0033,5182.5761,5305.325,PENDING_AG03,FALSE,NOT_FOR_ENFORCEMENT,6378.5552,554612.3973,6644.3283,6378.5552,265.7731,0.01053293,0.01011162,265.7731,6378.5552,0.01011162,265.7731,265.7731,265.7731,332.2164,332.2164,6378.5552,0.01011162,1461.7522,1339.0033,5182.5761,5305.325,0.00821569,0.00841028,0.00042132,144.3512,141.7025,1.6297,93.5821,10.0216,8884.7126,57.4225,158.2289,140.3023,51.4311,102.8621,129.7286,258.1778,514.3107,1008.3546,77.1466,0.0,5.0,9.802971,1.403346,17,104,92,7,0.24757185,0.01053293,0.02940797,0E-8,0.000000,0.915834,0.000000,-0.02508550,2026-05-12,2026-08-06,71,663,310,87,0.816092,1.127771,1.096139,0.825239,,,,,,,,GLOBAL_BASELINE_NO_ENTITY_RANKING,,,NOT_APPLICABLE_GLOBAL_BASELINE,HF9g-P5,,,,X 全窗基线 · 不参与实体赏罚,14193625,1420,A168_HF9F_20260827_0900,2026-08-27 09:00:00
2026-06-15,137070871,1505,0,1208.6301334636,342.0166122354,342.0166122354,0.4545455,15,13,0.49126484615385637,0.478999728205,-0.24360606753245054,-0.16235456413983293,-0.24360606753245054,0.01226511794885637,ELIGIBLE,R03b_20260811_FULL_v1,L1_ELIGIBILITY,v2026-08-11,2026-03-21..2026-08-06,baccarat_bet02_101_all_pairs_incl_sentinel,round_win = game_pnl > 0 (decisive only),COMPATIBILITY_ONLY_NOT_PRODUCTION,630814.5920,577721.2471,6644.3283,4370,4077,-0.01053293,-0.02940797,-0.00432247,-0.01053293,-6644.3283,630814.5920,OK,0.0000,265.7731,4.0000,96.0000,AG03-UNRESOLVED,ALL5_LEVELS_bet23_to_bet27,265.7731,265.7731,265.7731,332.2164,332.2164,4.000000,4.000000,4.000000,5.000000,5.000000,96.000000,96.000000,96.000000,95.000000,95.000000,5.0,1461.7522,1339.0033,5182.5761,5305.325,PENDING_AG03,FALSE,NOT_FOR_ENFORCEMENT,6378.5552,554612.3973,6644.3283,6378.5552,265.7731,0.01053293,0.01011162,265.7731,6378.5552,0.01011162,265.7731,265.7731,265.7731,332.2164,332.2164,6378.5552,0.01011162,1461.7522,1339.0033,5182.5761,5305.325,0.00821569,0.00841028,0.00042132,144.3512,141.7025,1.6297,93.5821,10.0216,8884.7126,57.4225,158.2289,140.3023,51.4311,102.8621,129.7286,258.1778,514.3107,1008.3546,77.1466,0.0,5.0,9.802971,1.403346,17,104,92,7,0.24757185,0.01053293,0.02940797,0E-8,0.000000,0.915834,0.000000,-0.02508550,2026-05-12,2026-08-06,71,663,310,87,0.816092,1.127771,1.096139,0.825239,,,,,,,,GLOBAL_BASELINE_NO_ENTITY_RANKING,,,NOT_APPLICABLE_GLOBAL_BASELINE,HF9g-P5,,,,X 全窗基线 · 不参与实体赏罚,14193626,1420,A168_HF9F_20260827_0900,2026-08-27 09:00:00
2026-06-15,137070871,2103,0,822.8971121456,-308.5864170546,-308.5864170546,0.6000000,6,6,0.49324550000000000,0.493245500000,0.47746420675292983,0.47746420675292983,0.47746420675292983,0E-17,ELIGIBLE,R03b_20260811_FULL_v1,L1_ELIGIBILITY,v2026-08-11,2026-03-21..2026-08-06,baccarat_bet02_101_all_pairs_incl_sentinel,round_win = game_pnl > 0 (decisive only),COMPATIBILITY_ONLY_NOT_PRODUCTION,630814.5920,577721.2471,6644.3283,4370,4077,-0.01053293,-0.02940797,-0.00432247,-0.01053293,-6644.3283,630814.5920,OK,0.0000,265.7731,4.0000,96.0000,AG03-UNRESOLVED,ALL5_LEVELS_bet23_to_bet27,265.7731,265.7731,265.7731,332.2164,332.2164,4.000000,4.000000,4.000000,5.000000,5.000000,96.000000,96.000000,96.000000,95.000000,95.000000,5.0,1461.7522,1339.0033,5182.5761,5305.325,PENDING_AG03,FALSE,NOT_FOR_ENFORCEMENT,6378.5552,554612.3973,6644.3283,6378.5552,265.7731,0.01053293,0.01011162,265.7731,6378.5552,0.01011162,265.7731,265.7731,265.7731,332.2164,332.2164,6378.5552,0.01011162,1461.7522,1339.0033,5182.5761,5305.325,0.00821569,0.00841028,0.00042132,144.3512,141.7025,1.6297,93.5821,10.0216,8884.7126,57.4225,158.2289,140.3023,51.4311,102.8621,129.7286,258.1778,514.3107,1008.3546,77.1466,0.0,5.0,9.802971,1.403346,17,104,92,7,0.24757185,0.01053293,0.02940797,0E-8,0.000000,0.915834,0.000000,-0.02508550,2026-05-12,2026-08-06,71,663,310,87,0.816092,1.127771,1.096139,0.825239,,,,,,,,GLOBAL_BASELINE_NO_ENTITY_RANKING,,,NOT_APPLICABLE_GLOBAL_BASELINE,HF9g-P5,,,,X 全窗基线 · 不参与实体赏罚,14193627,1420,A168_HF9F_20260827_0900,2026-08-27 09:00:00
2026-06-15,137070871,2233,0,340.7308354977,162.0078689536,162.0078689536,0.6000000,6,6,0.43797605000000000,0.437976050000,0.7302332856177998,0.7302332856177997,0.7302332856177998,0E-17,ELIGIBLE,R03b_20260811_FULL_v1,L1_ELIGIBILITY,v2026-08-11,2026-03-21..2026-08-06,baccarat_bet02_101_all_pairs_incl_sentinel,round_win = game_pnl > 0 (decisive only),COMPATIBILITY_ONLY_NOT_PRODUCTION,630814.5920,577721.2471,6644.3283,4370,4077,-0.01053293,-0.02940797,-0.00432247,-0.01053293,-6644.3283,630814.5920,OK,0.0000,265.7731,4.0000,96.0000,AG03-UNRESOLVED,ALL5_LEVELS_bet23_to_bet27,265.7731,265.7731,265.7731,332.2164,332.2164,4.000000,4.000000,4.000000,5.000000,5.000000,96.000000,96.000000,96.000000,95.000000,95.000000,5.0,1461.7522,1339.0033,5182.5761,5305.325,PENDING_AG03,FALSE,NOT_FOR_ENFORCEMENT,6378.5552,554612.3973,6644.3283,6378.5552,265.7731,0.01053293,0.01011162,265.7731,6378.5552,0.01011162,265.7731,265.7731,265.7731,332.2164,332.2164,6378.5552,0.01011162,1461.7522,1339.0033,5182.5761,5305.325,0.00821569,0.00841028,0.00042132,144.3512,141.7025,1.6297,93.5821,10.0216,8884.7126,57.4225,158.2289,140.3023,51.4311,102.8621,129.7286,258.1778,514.3107,1008.3546,77.1466,0.0,5.0,9.802971,1.403346,17,104,92,7,0.24757185,0.01053293,0.02940797,0E-8,0.000000,0.915834,0.000000,-0.02508550,2026-05-12,2026-08-06,71,663,310,87,0.816092,1.127771,1.096139,0.825239,,,,,,,,GLOBAL_BASELINE_NO_ENTITY_RANKING,,,NOT_APPLICABLE_GLOBAL_BASELINE,HF9g-P5,,,,X 全窗基线 · 不参与实体赏罚,14193628,1420,A168_HF9F_20260827_0900,2026-08-27 09:00:00
2026-06-16,137070871,1307,0,205.7242780364,-105.4336924937,-105.4336924937,0.2500000,4,4,0.50329940000000000,0.503299400000,-1.013219660140378,-1.013219660140378,-1.013219660140378,0E-17,ELIGIBLE,R03b_20260811_FULL_v1,L1_ELIGIBILITY,v2026-08-11,2026-03-21..2026-08-06,baccarat_bet02_101_all_pairs_incl_sentinel,round_win = game_pnl > 0 (decisive only),COMPATIBILITY_ONLY_NOT_PRODUCTION,630814.5920,577721.2471,6644.3283,4370,4077,-0.01053293,-0.02940797,-0.00432247,-0.01053293,-6644.3283,630814.5920,OK,0.0000,265.7731,4.0000,96.0000,AG03-UNRESOLVED,ALL5_LEVELS_bet23_to_bet27,265.7731,265.7731,265.7731,332.2164,332.2164,4.000000,4.000000,4.000000,5.000000,5.000000,96.000000,96.000000,96.000000,95.000000,95.000000,5.0,1461.7522,1339.0033,5182.5761,5305.325,PENDING_AG03,FALSE,NOT_FOR_ENFORCEMENT,6378.5552,554612.3973,6644.3283,6378.5552,265.7731,0.01053293,0.01011162,265.7731,6378.5552,0.01011162,265.7731,265.7731,265.7731,332.2164,332.2164,6378.5552,0.01011162,1461.7522,1339.0033,5182.5761,5305.325,0.00821569,0.00841028,0.00042132,144.3512,141.7025,1.6297,93.5821,10.0216,8884.7126,57.4225,158.2289,140.3023,51.4311,102.8621,129.7286,258.1778,514.3107,1008.3546,77.1466,0.0,5.0,9.802971,1.403346,17,104,92,7,0.24757185,0.01053293,0.02940797,0E-8,0.000000,0.915834,0.000000,-0.02508550,2026-05-12,2026-08-06,71,663,310,87,0.816092,1.127771,1.096139,0.825239,,,,,,,,GLOBAL_BASELINE_NO_ENTITY_RANKING,,,NOT_APPLICABLE_GLOBAL_BASELINE,HF9g-P5,,,,X 全窗基线 · 不参与实体赏罚,14193629,1420,A168_HF9F_20260827_0900,2026-08-27 09:00:00
2026-06-16,137070871,1396,0,514.3106950909,366.4463702523,366.4463702523,1.0000000,3,3,0.50665070000000000,0.506650700000,1.3955260008387969,1.3955260008387969,1.3955260008387969,0E-17,ELIGIBLE,R03b_20260811_FULL_v1,L1_ELIGIBILITY,v2026-08-11,2026-03-21..2026-08-06,baccarat_bet02_101_all_pairs_incl_sentinel,round_win = game_pnl > 0 (decisive only),COMPATIBILITY_ONLY_NOT_PRODUCTION,630814.5920,577721.2471,6644.3283,4370,4077,-0.01053293,-0.02940797,-0.00432247,-0.01053293,-6644.3283,630814.5920,OK,0.0000,265.7731,4.0000,96.0000,AG03-UNRESOLVED,ALL5_LEVELS_bet23_to_bet27,265.7731,265.7731,265.7731,332.2164,332.2164,4.000000,4.000000,4.000000,5.000000,5.000000,96.000000,96.000000,96.000000,95.000000,95.000000,5.0,1461.7522,1339.0033,5182.5761,5305.325,PENDING_AG03,FALSE,NOT_FOR_ENFORCEMENT,6378.5552,554612.3973,6644.3283,6378.5552,265.7731,0.01053293,0.01011162,265.7731,6378.5552,0.01011162,265.7731,265.7731,265.7731,332.2164,332.2164,6378.5552,0.01011162,1461.7522,1339.0033,5182.5761,5305.325,0.00821569,0.00841028,0.00042132,144.3512,141.7025,1.6297,93.5821,10.0216,8884.7126,57.4225,158.2289,140.3023,51.4311,102.8621,129.7286,258.1778,514.3107,1008.3546,77.1466,0.0,5.0,9.802971,1.403346,17,104,92,7,0.24757185,0.01053293,0.02940797,0E-8,0.000000,0.915834,0.000000,-0.02508550,2026-05-12,2026-08-06,71,663,310,87,0.816092,1.127771,1.096139,0.825239,,,,,,,,GLOBAL_BASELINE_NO_ENTITY_RANKING,,,NOT_APPLICABLE_GLOBAL_BASELINE,HF9g-P5,,,,X 全窗基线 · 不参与实体赏罚,14193630,1420,A168_HF9F_20260827_0900,2026-08-27 09:00:00
2026-06-16,137070871,2196,0,1278.5763879959,-668.2696016664,-668.2696016664,0.2500000,9,9,0.50367176666666667,0.503671766667,-1.4350229053520671,-1.4350229053539596,-1.4350229053520671,-3.3333E-13,ELIGIBLE,R03b_20260811_FULL_v1,L1_ELIGIBILITY,v2026-08-11,2026-03-21..2026-08-06,baccarat_bet02_101_all_pairs_incl_sentinel,round_win = game_pnl > 0 (decisive only),COMPATIBILITY_ONLY_NOT_PRODUCTION,630814.5920,577721.2471,6644.3283,4370,4077,-0.01053293,-0.02940797,-0.00432247,-0.01053293,-6644.3283,630814.5920,OK,0.0000,265.7731,4.0000,96.0000,AG03-UNRESOLVED,ALL5_LEVELS_bet23_to_bet27,265.7731,265.7731,265.7731,332.2164,332.2164,4.000000,4.000000,4.000000,5.000000,5.000000,96.000000,96.000000,96.000000,95.000000,95.000000,5.0,1461.7522,1339.0033,5182.5761,5305.325,PENDING_AG03,FALSE,NOT_FOR_ENFORCEMENT,6378.5552,554612.3973,6644.3283,6378.5552,265.7731,0.01053293,0.01011162,265.7731,6378.5552,0.01011162,265.7731,265.7731,265.7731,332.2164,332.2164,6378.5552,0.01011162,1461.7522,1339.0033,5182.5761,5305.325,0.00821569,0.00841028,0.00042132,144.3512,141.7025,1.6297,93.5821,10.0216,8884.7126,57.4225,158.2289,140.3023,51.4311,102.8621,129.7286,258.1778,514.3107,1008.3546,77.1466,0.0,5.0,9.802971,1.403346,17,104,92,7,0.24757185,0.01053293,0.02940797,0E-8,0.000000,0.915834,0.000000,-0.02508550,2026-05-12,2026-08-06,71,663,310,87,0.816092,1.127771,1.096139,0.825239,,,,,,,,GLOBAL_BASELINE_NO_ENTITY_RANKING,,,NOT_APPLICABLE_GLOBAL_BASELINE,HF9g-P5,,,,X 全窗基线 · 不参与实体赏罚,14193631,1420,A168_HF9F_20260827_0900,2026-08-27 09:00:00
2026-06-16,137070871,2233,0,5271.6846246823,-945.0459022298,-945.0459022298,0.3571429,16,16,0.50246157500000000,0.502461575000,-1.0874788871268595,-1.0874788871268597,-1.0874788871268595,0E-17,ELIGIBLE,R03b_20260811_FULL_v1,L1_ELIGIBILITY,v2026-08-11,2026-03-21..2026-08-06,baccarat_bet02_101_all_pairs_incl_sentinel,round_win = game_pnl > 0 (decisive only),COMPATIBILITY_ONLY_NOT_PRODUCTION,630814.5920,577721.2471,6644.3283,4370,4077,-0.01053293,-0.02940797,-0.00432247,-0.01053293,-6644.3283,630814.5920,OK,0.0000,265.7731,4.0000,96.0000,AG03-UNRESOLVED,ALL5_LEVELS_bet23_to_bet27,265.7731,265.7731,265.7731,332.2164,332.2164,4.000000,4.000000,4.000000,5.000000,5.000000,96.000000,96.000000,96.000000,95.000000,95.000000,5.0,1461.7522,1339.0033,5182.5761,5305.325,PENDING_AG03,FALSE,NOT_FOR_ENFORCEMENT,6378.5552,554612.3973,6644.3283,6378.5552,265.7731,0.01053293,0.01011162,265.7731,6378.5552,0.01011162,265.7731,265.7731,265.7731,332.2164,332.2164,6378.5552,0.01011162,1461.7522,1339.0033,5182.5761,5305.325,0.00821569,0.00841028,0.00042132,144.3512,141.7025,1.6297,93.5821,10.0216,8884.7126,57.4225,158.2289,140.3023,51.4311,102.8621,129.7286,258.1778,514.3107,1008.3546,77.1466,0.0,5.0,9.802971,1.403346,17,104,92,7,0.24757185,0.01053293,0.02940797,0E-8,0.000000,0.915834,0.000000,-0.02508550,2026-05-12,2026-08-06,71,663,310,87,0.816092,1.127771,1.096139,0.825239,,,,,,,,GLOBAL_BASELINE_NO_ENTITY_RANKING,,,NOT_APPLICABLE_GLOBAL_BASELINE,HF9g-P5,,,,X 全窗基线 · 不参与实体赏罚,14193632,1420,A168_HF9F_20260827_0900,2026-08-27 09:00:00
2026-06-17,137070871,1210,0,900.0437164089,-270.0131149226,-270.0131149226,0.3333333,7,7,0.50282064285714286,0.502820642857,-0.8303280647496518,-0.8303280647489506,-0.8303280647496518,1.4286E-13,ELIGIBLE,R03b_20260811_FULL_v1,L1_ELIGIBILITY,v2026-08-11,2026-03-21..2026-08-06,baccarat_bet02_101_all_pairs_incl_sentinel,round_win = game_pnl > 0 (decisive only),COMPATIBILITY_ONLY_NOT_PRODUCTION,630814.5920,577721.2471,6644.3283,4370,4077,-0.01053293,-0.02940797,-0.00432247,-0.01053293,-6644.3283,630814.5920,OK,0.0000,265.7731,4.0000,96.0000,AG03-UNRESOLVED,ALL5_LEVELS_bet23_to_bet27,265.7731,265.7731,265.7731,332.2164,332.2164,4.000000,4.000000,4.000000,5.000000,5.000000,96.000000,96.000000,96.000000,95.000000,95.000000,5.0,1461.7522,1339.0033,5182.5761,5305.325,PENDING_AG03,FALSE,NOT_FOR_ENFORCEMENT,6378.5552,554612.3973,6644.3283,6378.5552,265.7731,0.01053293,0.01011162,265.7731,6378.5552,0.01011162,265.7731,265.7731,265.7731,332.2164,332.2164,6378.5552,0.01011162,1461.7522,1339.0033,5182.5761,5305.325,0.00821569,0.00841028,0.00042132,144.3512,141.7025,1.6297,93.5821,10.0216,8884.7126,57.4225,158.2289,140.3023,51.4311,102.8621,129.7286,258.1778,514.3107,1008.3546,77.1466,0.0,5.0,9.802971,1.403346,17,104,92,7,0.24757185,0.01053293,0.02940797,0E-8,0.000000,0.915834,0.000000,-0.02508550,2026-05-12,2026-08-06,71,663,310,87,0.816092,1.127771,1.096139,0.825239,,,,,,,,GLOBAL_BASELINE_NO_ENTITY_RANKING,,,NOT_APPLICABLE_GLOBAL_BASELINE,HF9g-P5,,,,X 全窗基线 · 不参与实体赏罚,14193633,1420,A168_HF9F_20260827_0900,2026-08-27 09:00:00
2026-06-17,137070871,1307,0,2693.7022655387,328.1945123048,328.1945123048,0.5454545,12,12,0.50329940000000000,0.503299400000,0.2796316891411517,0.2796316891411517,0.2796316891411517,0E-17,ELIGIBLE,R03b_20260811_FULL_v1,L1_ELIGIBILITY,v2026-08-11,2026-03-21..2026-08-06,baccarat_bet02_101_all_pairs_incl_sentinel,round_win = game_pnl > 0 (decisive only),COMPATIBILITY_ONLY_NOT_PRODUCTION,630814.5920,577721.2471,6644.3283,4370,4077,-0.01053293,-0.02940797,-0.00432247,-0.01053293,-6644.3283,630814.5920,OK,0.0000,265.7731,4.0000,96.0000,AG03-UNRESOLVED,ALL5_LEVELS_bet23_to_bet27,265.7731,265.7731,265.7731,332.2164,332.2164,4.000000,4.000000,4.000000,5.000000,5.000000,96.000000,96.000000,96.000000,95.000000,95.000000,5.0,1461.7522,1339.0033,5182.5761,5305.325,PENDING_AG03,FALSE,NOT_FOR_ENFORCEMENT,6378.5552,554612.3973,6644.3283,6378.5552,265.7731,0.01053293,0.01011162,265.7731,6378.5552,0.01011162,265.7731,265.7731,265.7731,332.2164,332.2164,6378.5552,0.01011162,1461.7522,1339.0033,5182.5761,5305.325,0.00821569,0.00841028,0.00042132,144.3512,141.7025,1.6297,93.5821,10.0216,8884.7126,57.4225,158.2289,140.3023,51.4311,102.8621,129.7286,258.1778,514.3107,1008.3546,77.1466,0.0,5.0,9.802971,1.403346,17,104,92,7,0.24757185,0.01053293,0.02940797,0E-8,0.000000,0.915834,0.000000,-0.02508550,2026-05-12,2026-08-06,71,663,310,87,0.816092,1.127771,1.096139,0.825239,,,,,,,,GLOBAL_BASELINE_NO_ENTITY_RANKING,,,NOT_APPLICABLE_GLOBAL_BASELINE,HF9g-P5,,,,X 全窗基线 · 不参与实体赏罚,14193634,1420,A168_HF9F_20260827_0900,2026-08-27 09:00:00
2026-06-17,137070871,1325,0,2151.6187929126,-1117.2114074111,-1117.2114074111,0.2500000,14,10,0.45511431376624550,0.433981603333,-1.1650056049849284,-1.0499496167496833,-1.1650056049849284,0.02113271043324550,ELIGIBLE,R03b_20260811_FULL_v1,L1_ELIGIBILITY,v2026-08-11,2026-03-21..2026-08-06,baccarat_bet02_101_all_pairs_incl_sentinel,round_win = game_pnl > 0 (decisive only),COMPATIBILITY_ONLY_NOT_PRODUCTION,630814.5920,577721.2471,6644.3283,4370,4077,-0.01053293,-0.02940797,-0.00432247,-0.01053293,-6644.3283,630814.5920,OK,0.0000,265.7731,4.0000,96.0000,AG03-UNRESOLVED,ALL5_LEVELS_bet23_to_bet27,265.7731,265.7731,265.7731,332.2164,332.2164,4.000000,4.000000,4.000000,5.000000,5.000000,96.000000,96.000000,96.000000,95.000000,95.000000,5.0,1461.7522,1339.0033,5182.5761,5305.325,PENDING_AG03,FALSE,NOT_FOR_ENFORCEMENT,6378.5552,554612.3973,6644.3283,6378.5552,265.7731,0.01053293,0.01011162,265.7731,6378.5552,0.01011162,265.7731,265.7731,265.7731,332.2164,332.2164,6378.5552,0.01011162,1461.7522,1339.0033,5182.5761,5305.325,0.00821569,0.00841028,0.00042132,144.3512,141.7025,1.6297,93.5821,10.0216,8884.7126,57.4225,158.2289,140.3023,51.4311,102.8621,129.7286,258.1778,514.3107,1008.3546,77.1466,0.0,5.0,9.802971,1.403346,17,104,92,7,0.24757185,0.01053293,0.02940797,0E-8,0.000000,0.915834,0.000000,-0.02508550,2026-05-12,2026-08-06,71,663,310,87,0.816092,1.127771,1.096139,0.825239,,,,,,,,GLOBAL_BASELINE_NO_ENTITY_RANKING,,,NOT_APPLICABLE_GLOBAL_BASELINE,HF9g-P5,,,,X 全窗基线 · 不参与实体赏罚,14193635,1420,A168_HF9F_20260827_0900,2026-08-27 09:00:00
2026-06-17,137070871,1331,0,1783.8866459229,-966.1326407283,-966.1326407283,0.3333333,6,6,0.49547970000000000,0.495479700000,-0.7943841881047936,-0.7943841881047936,-0.7943841881047936,0E-17,ELIGIBLE,R03b_20260811_FULL_v1,L1_ELIGIBILITY,v2026-08-11,2026-03-21..2026-08-06,baccarat_bet02_101_all_pairs_incl_sentinel,round_win = game_pnl > 0 (decisive only),COMPATIBILITY_ONLY_NOT_PRODUCTION,630814.5920,577721.2471,6644.3283,4370,4077,-0.01053293,-0.02940797,-0.00432247,-0.01053293,-6644.3283,630814.5920,OK,0.0000,265.7731,4.0000,96.0000,AG03-UNRESOLVED,ALL5_LEVELS_bet23_to_bet27,265.7731,265.7731,265.7731,332.2164,332.2164,4.000000,4.000000,4.000000,5.000000,5.000000,96.000000,96.000000,96.000000,95.000000,95.000000,5.0,1461.7522,1339.0033,5182.5761,5305.325,PENDING_AG03,FALSE,NOT_FOR_ENFORCEMENT,6378.5552,554612.3973,6644.3283,6378.5552,265.7731,0.01053293,0.01011162,265.7731,6378.5552,0.01011162,265.7731,265.7731,265.7731,332.2164,332.2164,6378.5552,0.01011162,1461.7522,1339.0033,5182.5761,5305.325,0.00821569,0.00841028,0.00042132,144.3512,141.7025,1.6297,93.5821,10.0216,8884.7126,57.4225,158.2289,140.3023,51.4311,102.8621,129.7286,258.1778,514.3107,1008.3546,77.1466,0.0,5.0,9.802971,1.403346,17,104,92,7,0.24757185,0.01053293,0.02940797,0E-8,0.000000,0.915834,0.000000,-0.02508550,2026-05-12,2026-08-06,71,663,310,87,0.816092,1.127771,1.096139,0.825239,,,,,,,,GLOBAL_BASELINE_NO_ENTITY_RANKING,,,NOT_APPLICABLE_GLOBAL_BASELINE,HF9g-P5,,,,X 全窗基线 · 不参与实体赏罚,14193636,1420,A168_HF9F_20260827_0900,2026-08-27 09:00:00
2026-06-17,137070871,1396,0,334.3019518091,-234.0113662664,-234.0113662664,0.1666667,6,6,0.50218230000000000,0.502182300000,-1.6436998608832374,-1.6436998608832374,-1.6436998608832374,0E-17,ELIGIBLE,R03b_20260811_FULL_v1,L1_ELIGIBILITY,v2026-08-11,2026-03-21..2026-08-06,baccarat_bet02_101_all_pairs_incl_sentinel,round_win = game_pnl > 0 (decisive only),COMPATIBILITY_ONLY_NOT_PRODUCTION,630814.5920,577721.2471,6644.3283,4370,4077,-0.01053293,-0.02940797,-0.00432247,-0.01053293,-6644.3283,630814.5920,OK,0.0000,265.7731,4.0000,96.0000,AG03-UNRESOLVED,ALL5_LEVELS_bet23_to_bet27,265.7731,265.7731,265.7731,332.2164,332.2164,4.000000,4.000000,4.000000,5.000000,5.000000,96.000000,96.000000,96.000000,95.000000,95.000000,5.0,1461.7522,1339.0033,5182.5761,5305.325,PENDING_AG03,FALSE,NOT_FOR_ENFORCEMENT,6378.5552,554612.3973,6644.3283,6378.5552,265.7731,0.01053293,0.01011162,265.7731,6378.5552,0.01011162,265.7731,265.7731,265.7731,332.2164,332.2164,6378.5552,0.01011162,1461.7522,1339.0033,5182.5761,5305.325,0.00821569,0.00841028,0.00042132,144.3512,141.7025,1.6297,93.5821,10.0216,8884.7126,57.4225,158.2289,140.3023,51.4311,102.8621,129.7286,258.1778,514.3107,1008.3546,77.1466,0.0,5.0,9.802971,1.403346,17,104,92,7,0.24757185,0.01053293,0.02940797,0E-8,0.000000,0.915834,0.000000,-0.02508550,2026-05-12,2026-08-06,71,663,310,87,0.816092,1.127771,1.096139,0.825239,,,,,,,,GLOBAL_BASELINE_NO_ENTITY_RANKING,,,NOT_APPLICABLE_GLOBAL_BASELINE,HF9g-P5,,,,X 全窗基线 · 不参与实体赏罚,14193637,1420,A168_HF9F_20260827_0900,2026-08-27 09:00:00
2026-06-17,137070871,1985,0,514.3106950909,-514.3106950909,-514.3106950909,0E-7,1,1,0.49324550000000000,0.493245500000,-0.9865810262130424,-0.9865810262130424,-0.9865810262130424,0E-17,ELIGIBLE,R03b_20260811_FULL_v1,L1_ELIGIBILITY,v2026-08-11,2026-03-21..2026-08-06,baccarat_bet02_101_all_pairs_incl_sentinel,round_win = game_pnl > 0 (decisive only),COMPATIBILITY_ONLY_NOT_PRODUCTION,630814.5920,577721.2471,6644.3283,4370,4077,-0.01053293,-0.02940797,-0.00432247,-0.01053293,-6644.3283,630814.5920,OK,0.0000,265.7731,4.0000,96.0000,AG03-UNRESOLVED,ALL5_LEVELS_bet23_to_bet27,265.7731,265.7731,265.7731,332.2164,332.2164,4.000000,4.000000,4.000000,5.000000,5.000000,96.000000,96.000000,96.000000,95.000000,95.000000,5.0,1461.7522,1339.0033,5182.5761,5305.325,PENDING_AG03,FALSE,NOT_FOR_ENFORCEMENT,6378.5552,554612.3973,6644.3283,6378.5552,265.7731,0.01053293,0.01011162,265.7731,6378.5552,0.01011162,265.7731,265.7731,265.7731,332.2164,332.2164,6378.5552,0.01011162,1461.7522,1339.0033,5182.5761,5305.325,0.00821569,0.00841028,0.00042132,144.3512,141.7025,1.6297,93.5821,10.0216,8884.7126,57.4225,158.2289,140.3023,51.4311,102.8621,129.7286,258.1778,514.3107,1008.3546,77.1466,0.0,5.0,9.802971,1.403346,17,104,92,7,0.24757185,0.01053293,0.02940797,0E-8,0.000000,0.915834,0.000000,-0.02508550,2026-05-12,2026-08-06,71,663,310,87,0.816092,1.127771,1.096139,0.825239,,,,,,,,GLOBAL_BASELINE_NO_ENTITY_RANKING,,,NOT_APPLICABLE_GLOBAL_BASELINE,HF9g-P5,,,,X 全窗基线 · 不参与实体赏罚,14193638,1420,A168_HF9F_20260827_0900,2026-08-27 09:00:00
2026-06-17,137070871,2134,0,771.4660426364,482.1662766478,482.1662766478,0.7500000,4,4,0.50665070000000000,0.506650700000,0.9734833216690844,0.9734833216690844,0.9734833216690844,0E-17,ELIGIBLE,R03b_20260811_FULL_v1,L1_ELIGIBILITY,v2026-08-11,2026-03-21..2026-08-06,baccarat_bet02_101_all_pairs_incl_sentinel,round_win = game_pnl > 0 (decisive only),COMPATIBILITY_ONLY_NOT_PRODUCTION,630814.5920,577721.2471,6644.3283,4370,4077,-0.01053293,-0.02940797,-0.00432247,-0.01053293,-6644.3283,630814.5920,OK,0.0000,265.7731,4.0000,96.0000,AG03-UNRESOLVED,ALL5_LEVELS_bet23_to_bet27,265.7731,265.7731,265.7731,332.2164,332.2164,4.000000,4.000000,4.000000,5.000000,5.000000,96.000000,96.000000,96.000000,95.000000,95.000000,5.0,1461.7522,1339.0033,5182.5761,5305.325,PENDING_AG03,FALSE,NOT_FOR_ENFORCEMENT,6378.5552,554612.3973,6644.3283,6378.5552,265.7731,0.01053293,0.01011162,265.7731,6378.5552,0.01011162,265.7731,265.7731,265.7731,332.2164,332.2164,6378.5552,0.01011162,1461.7522,1339.0033,5182.5761,5305.325,0.00821569,0.00841028,0.00042132,144.3512,141.7025,1.6297,93.5821,10.0216,8884.7126,57.4225,158.2289,140.3023,51.4311,102.8621,129.7286,258.1778,514.3107,1008.3546,77.1466,0.0,5.0,9.802971,1.403346,17,104,92,7,0.24757185,0.01053293,0.02940797,0E-8,0.000000,0.915834,0.000000,-0.02508550,2026-05-12,2026-08-06,71,663,310,87,0.816092,1.127771,1.096139,0.825239,,,,,,,,GLOBAL_BASELINE_NO_ENTITY_RANKING,,,NOT_APPLICABLE_GLOBAL_BASELINE,HF9g-P5,,,,X 全窗基线 · 不参与实体赏罚,14193639,1420,A168_HF9F_20260827_0900,2026-08-27 09:00:00
2026-06-17,137070871,2196,0,1170.0568313318,576.6708668707,576.6708668707,0.7500000,7,5,0.42225067499999613,0.421587193333,1.3271404979993617,1.330109591225124,1.3271404979993617,0.00066348166699613,ELIGIBLE,R03b_20260811_FULL_v1,L1_ELIGIBILITY,v2026-08-11,2026-03-21..2026-08-06,baccarat_bet02_101_all_pairs_incl_sentinel,round_win = game_pnl > 0 (decisive only),COMPATIBILITY_ONLY_NOT_PRODUCTION,630814.5920,577721.2471,6644.3283,4370,4077,-0.01053293,-0.02940797,-0.00432247,-0.01053293,-6644.3283,630814.5920,OK,0.0000,265.7731,4.0000,96.0000,AG03-UNRESOLVED,ALL5_LEVELS_bet23_to_bet27,265.7731,265.7731,265.7731,332.2164,332.2164,4.000000,4.000000,4.000000,5.000000,5.000000,96.000000,96.000000,96.000000,95.000000,95.000000,5.0,1461.7522,1339.0033,5182.5761,5305.325,PENDING_AG03,FALSE,NOT_FOR_ENFORCEMENT,6378.5552,554612.3973,6644.3283,6378.5552,265.7731,0.01053293,0.01011162,265.7731,6378.5552,0.01011162,265.7731,265.7731,265.7731,332.2164,332.2164,6378.5552,0.01011162,1461.7522,1339.0033,5182.5761,5305.325,0.00821569,0.00841028,0.00042132,144.3512,141.7025,1.6297,93.5821,10.0216,8884.7126,57.4225,158.2289,140.3023,51.4311,102.8621,129.7286,258.1778,514.3107,1008.3546,77.1466,0.0,5.0,9.802971,1.403346,17,104,92,7,0.24757185,0.01053293,0.02940797,0E-8,0.000000,0.915834,0.000000,-0.02508550,2026-05-12,2026-08-06,71,663,310,87,0.816092,1.127771,1.096139,0.825239,,,,,,,,GLOBAL_BASELINE_NO_ENTITY_RANKING,,,NOT_APPLICABLE_GLOBAL_BASELINE,HF9g-P5,,,,X 全窗基线 · 不参与实体赏罚,14193640,1420,A168_HF9F_20260827_0900,2026-08-27 09:00:00
2026-06-17,137070871,2223,0,848.6126468999,-720.0349731272,-720.0349731272,0E-7,7,5,0.41890615333333333,0.418906153333,-1.6981076842407434,-1.6981076842395806,-1.6981076842407434,3.3333E-13,ELIGIBLE,R03b_20260811_FULL_v1,L1_ELIGIBILITY,v2026-08-11,2026-03-21..2026-08-06,baccarat_bet02_101_all_pairs_incl_sentinel,round_win = game_pnl > 0 (decisive only),COMPATIBILITY_ONLY_NOT_PRODUCTION,630814.5920,577721.2471,6644.3283,4370,4077,-0.01053293,-0.02940797,-0.00432247,-0.01053293,-6644.3283,630814.5920,OK,0.0000,265.7731,4.0000,96.0000,AG03-UNRESOLVED,ALL5_LEVELS_bet23_to_bet27,265.7731,265.7731,265.7731,332.2164,332.2164,4.000000,4.000000,4.000000,5.000000,5.000000,96.000000,96.000000,96.000000,95.000000,95.000000,5.0,1461.7522,1339.0033,5182.5761,5305.325,PENDING_AG03,FALSE,NOT_FOR_ENFORCEMENT,6378.5552,554612.3973,6644.3283,6378.5552,265.7731,0.01053293,0.01011162,265.7731,6378.5552,0.01011162,265.7731,265.7731,265.7731,332.2164,332.2164,6378.5552,0.01011162,1461.7522,1339.0033,5182.5761,5305.325,0.00821569,0.00841028,0.00042132,144.3512,141.7025,1.6297,93.5821,10.0216,8884.7126,57.4225,158.2289,140.3023,51.4311,102.8621,129.7286,258.1778,514.3107,1008.3546,77.1466,0.0,5.0,9.802971,1.403346,17,104,92,7,0.24757185,0.01053293,0.02940797,0E-8,0.000000,0.915834,0.000000,-0.02508550,2026-05-12,2026-08-06,71,663,310,87,0.816092,1.127771,1.096139,0.825239,,,,,,,,GLOBAL_BASELINE_NO_ENTITY_RANKING,,,NOT_APPLICABLE_GLOBAL_BASELINE,HF9g-P5,,,,X 全窗基线 · 不参与实体赏罚,14193641,1420,A168_HF9F_20260827_0900,2026-08-27 09:00:00
2026-06-18,137070871,1210,0,292.6427855067,-99.0819554093,-99.0819554093,0.5000000,2,2,0.50665070000000000,0.506650700000,-0.018812684590367487,-0.018812684590367487,-0.018812684590367487,0E-17,ELIGIBLE,R03b_20260811_FULL_v1,L1_ELIGIBILITY,v2026-08-11,2026-03-21..2026-08-06,baccarat_bet02_101_all_pairs_incl_sentinel,round_win = game_pnl > 0 (decisive only),COMPATIBILITY_ONLY_NOT_PRODUCTION,630814.5920,577721.2471,6644.3283,4370,4077,-0.01053293,-0.02940797,-0.00432247,-0.01053293,-6644.3283,630814.5920,OK,0.0000,265.7731,4.0000,96.0000,AG03-UNRESOLVED,ALL5_LEVELS_bet23_to_bet27,265.7731,265.7731,265.7731,332.2164,332.2164,4.000000,4.000000,4.000000,5.000000,5.000000,96.000000,96.000000,96.000000,95.000000,95.000000,5.0,1461.7522,1339.0033,5182.5761,5305.325,PENDING_AG03,FALSE,NOT_FOR_ENFORCEMENT,6378.5552,554612.3973,6644.3283,6378.5552,265.7731,0.01053293,0.01011162,265.7731,6378.5552,0.01011162,265.7731,265.7731,265.7731,332.2164,332.2164,6378.5552,0.01011162,1461.7522,1339.0033,5182.5761,5305.325,0.00821569,0.00841028,0.00042132,144.3512,141.7025,1.6297,93.5821,10.0216,8884.7126,57.4225,158.2289,140.3023,51.4311,102.8621,129.7286,258.1778,514.3107,1008.3546,77.1466,0.0,5.0,9.802971,1.403346,17,104,92,7,0.24757185,0.01053293,0.02940797,0E-8,0.000000,0.915834,0.000000,-0.02508550,2026-05-12,2026-08-06,71,663,310,87,0.816092,1.127771,1.096139,0.825239,,,,,,,,GLOBAL_BASELINE_NO_ENTITY_RANKING,,,NOT_APPLICABLE_GLOBAL_BASELINE,HF9g-P5,,,,X 全窗基线 · 不参与实体赏罚,14193642,1420,A168_HF9F_20260827_0900,2026-08-27 09:00:00
2026-06-18,137070871,1307,0,5271.6846246819,546.4551135344,546.4551135344,0.4736842,22,22,0.50360406363636364,0.503604063636,-0.26084200860958445,-0.26084200860641293,-0.26084200860958445,3.6364E-13,ELIGIBLE,R03b_20260811_FULL_v1,L1_ELIGIBILITY,v2026-08-11,2026-03-21..2026-08-06,baccarat_bet02_101_all_pairs_incl_sentinel,round_win = game_pnl > 0 (decisive only),COMPATIBILITY_ONLY_NOT_PRODUCTION,630814.5920,577721.2471,6644.3283,4370,4077,-0.01053293,-0.02940797,-0.00432247,-0.01053293,-6644.3283,630814.5920,OK,0.0000,265.7731,4.0000,96.0000,AG03-UNRESOLVED,ALL5_LEVELS_bet23_to_bet27,265.7731,265.7731,265.7731,332.2164,332.2164,4.000000,4.000000,4.000000,5.000000,5.000000,96.000000,96.000000,96.000000,95.000000,95.000000,5.0,1461.7522,1339.0033,5182.5761,5305.325,PENDING_AG03,FALSE,NOT_FOR_ENFORCEMENT,6378.5552,554612.3973,6644.3283,6378.5552,265.7731,0.01053293,0.01011162,265.7731,6378.5552,0.01011162,265.7731,265.7731,265.7731,332.2164,332.2164,6378.5552,0.01011162,1461.7522,1339.0033,5182.5761,5305.325,0.00821569,0.00841028,0.00042132,144.3512,141.7025,1.6297,93.5821,10.0216,8884.7126,57.4225,158.2289,140.3023,51.4311,102.8621,129.7286,258.1778,514.3107,1008.3546,77.1466,0.0,5.0,9.802971,1.403346,17,104,92,7,0.24757185,0.01053293,0.02940797,0E-8,0.000000,0.915834,0.000000,-0.02508550,2026-05-12,2026-08-06,71,663,310,87,0.816092,1.127771,1.096139,0.825239,,,,,,,,GLOBAL_BASELINE_NO_ENTITY_RANKING,,,NOT_APPLICABLE_GLOBAL_BASELINE,HF9g-P5,,,,X 全窗基线 · 不参与实体赏罚,14193643,1420,A168_HF9F_20260827_0900,2026-08-27 09:00:00
2026-06-18,137070871,1325,0,2442.9758016820,1067.1946923138,1067.1946923138,0.6000000,10,10,0.50531018000000000,0.505310180000,0.5989047816631956,0.5989047816631956,0.5989047816631956,0E-17,ELIGIBLE,R03b_20260811_FULL_v1,L1_ELIGIBILITY,v2026-08-11,2026-03-21..2026-08-06,baccarat_bet02_101_all_pairs_incl_sentinel,round_win = game_pnl > 0 (decisive only),COMPATIBILITY_ONLY_NOT_PRODUCTION,630814.5920,577721.2471,6644.3283,4370,4077,-0.01053293,-0.02940797,-0.00432247,-0.01053293,-6644.3283,630814.5920,OK,0.0000,265.7731,4.0000,96.0000,AG03-UNRESOLVED,ALL5_LEVELS_bet23_to_bet27,265.7731,265.7731,265.7731,332.2164,332.2164,4.000000,4.000000,4.000000,5.000000,5.000000,96.000000,96.000000,96.000000,95.000000,95.000000,5.0,1461.7522,1339.0033,5182.5761,5305.325,PENDING_AG03,FALSE,NOT_FOR_ENFORCEMENT,6378.5552,554612.3973,6644.3283,6378.5552,265.7731,0.01053293,0.01011162,265.7731,6378.5552,0.01011162,265.7731,265.7731,265.7731,332.2164,332.2164,6378.5552,0.01011162,1461.7522,1339.0033,5182.5761,5305.325,0.00821569,0.00841028,0.00042132,144.3512,141.7025,1.6297,93.5821,10.0216,8884.7126,57.4225,158.2289,140.3023,51.4311,102.8621,129.7286,258.1778,514.3107,1008.3546,77.1466,0.0,5.0,9.802971,1.403346,17,104,92,7,0.24757185,0.01053293,0.02940797,0E-8,0.000000,0.915834,0.000000,-0.02508550,2026-05-12,2026-08-06,71,663,310,87,0.816092,1.127771,1.096139,0.825239,,,,,,,,GLOBAL_BASELINE_NO_ENTITY_RANKING,,,NOT_APPLICABLE_GLOBAL_BASELINE,HF9g-P5,,,,X 全窗基线 · 不参与实体赏罚,14193644,1420,A168_HF9F_20260827_0900,2026-08-27 09:00:00
2026-06-18,137070871,1396,0,2057.2427803639,488.5951603365,488.5951603365,0.5555556,9,9,0.50069283333333333,0.500692833333,0.32917664935493707,0.32917664935693675,0.32917664935493707,3.3333E-13,ELIGIBLE,R03b_20260811_FULL_v1,L1_ELIGIBILITY,v2026-08-11,2026-03-21..2026-08-06,baccarat_bet02_101_all_pairs_incl_sentinel,round_win = game_pnl > 0 (decisive only),COMPATIBILITY_ONLY_NOT_PRODUCTION,630814.5920,577721.2471,6644.3283,4370,4077,-0.01053293,-0.02940797,-0.00432247,-0.01053293,-6644.3283,630814.5920,OK,0.0000,265.7731,4.0000,96.0000,AG03-UNRESOLVED,ALL5_LEVELS_bet23_to_bet27,265.7731,265.7731,265.7731,332.2164,332.2164,4.000000,4.000000,4.000000,5.000000,5.000000,96.000000,96.000000,96.000000,95.000000,95.000000,5.0,1461.7522,1339.0033,5182.5761,5305.325,PENDING_AG03,FALSE,NOT_FOR_ENFORCEMENT,6378.5552,554612.3973,6644.3283,6378.5552,265.7731,0.01053293,0.01011162,265.7731,6378.5552,0.01011162,265.7731,265.7731,265.7731,332.2164,332.2164,6378.5552,0.01011162,1461.7522,1339.0033,5182.5761,5305.325,0.00821569,0.00841028,0.00042132,144.3512,141.7025,1.6297,93.5821,10.0216,8884.7126,57.4225,158.2289,140.3023,51.4311,102.8621,129.7286,258.1778,514.3107,1008.3546,77.1466,0.0,5.0,9.802971,1.403346,17,104,92,7,0.24757185,0.01053293,0.02940797,0E-8,0.000000,0.915834,0.000000,-0.02508550,2026-05-12,2026-08-06,71,663,310,87,0.816092,1.127771,1.096139,0.825239,,,,,,,,GLOBAL_BASELINE_NO_ENTITY_RANKING,,,NOT_APPLICABLE_GLOBAL_BASELINE,HF9g-P5,,,,X 全窗基线 · 不参与实体赏罚,14193645,1420,A168_HF9F_20260827_0900,2026-08-27 09:00:00
2026-06-18,137070871,1402,0,334.3019518091,-231.4398127909,-231.4398127909,0.2000000,5,5,0.50128862000000000,0.501288620000,-1.347408145195933,-1.347408145195933,-1.347408145195933,0E-17,ELIGIBLE,R03b_20260811_FULL_v1,L1_ELIGIBILITY,v2026-08-11,2026-03-21..2026-08-06,baccarat_bet02_101_all_pairs_incl_sentinel,round_win = game_pnl > 0 (decisive only),COMPATIBILITY_ONLY_NOT_PRODUCTION,630814.5920,577721.2471,6644.3283,4370,4077,-0.01053293,-0.02940797,-0.00432247,-0.01053293,-6644.3283,630814.5920,OK,0.0000,265.7731,4.0000,96.0000,AG03-UNRESOLVED,ALL5_LEVELS_bet23_to_bet27,265.7731,265.7731,265.7731,332.2164,332.2164,4.000000,4.000000,4.000000,5.000000,5.000000,96.000000,96.000000,96.000000,95.000000,95.000000,5.0,1461.7522,1339.0033,5182.5761,5305.325,PENDING_AG03,FALSE,NOT_FOR_ENFORCEMENT,6378.5552,554612.3973,6644.3283,6378.5552,265.7731,0.01053293,0.01011162,265.7731,6378.5552,0.01011162,265.7731,265.7731,265.7731,332.2164,332.2164,6378.5552,0.01011162,1461.7522,1339.0033,5182.5761,5305.325,0.00821569,0.00841028,0.00042132,144.3512,141.7025,1.6297,93.5821,10.0216,8884.7126,57.4225,158.2289,140.3023,51.4311,102.8621,129.7286,258.1778,514.3107,1008.3546,77.1466,0.0,5.0,9.802971,1.403346,17,104,92,7,0.24757185,0.01053293,0.02940797,0E-8,0.000000,0.915834,0.000000,-0.02508550,2026-05-12,2026-08-06,71,663,310,87,0.816092,1.127771,1.096139,0.825239,,,,,,,,GLOBAL_BASELINE_NO_ENTITY_RANKING,,,NOT_APPLICABLE_GLOBAL_BASELINE,HF9g-P5,,,,X 全窗基线 · 不参与实体赏罚,14193646,1420,A168_HF9F_20260827_0900,2026-08-27 09:00:00
2026-06-18,137070871,2088,0,874.3281816544,228.8682593155,228.8682593155,0.6250000,8,8,0.50665070000000000,0.506650700000,0.6695439735338472,0.6695439735338472,0.6695439735338472,0E-17,ELIGIBLE,R03b_20260811_FULL_v1,L1_ELIGIBILITY,v2026-08-11,2026-03-21..2026-08-06,baccarat_bet02_101_all_pairs_incl_sentinel,round_win = game_pnl > 0 (decisive only),COMPATIBILITY_ONLY_NOT_PRODUCTION,630814.5920,577721.2471,6644.3283,4370,4077,-0.01053293,-0.02940797,-0.00432247,-0.01053293,-6644.3283,630814.5920,OK,0.0000,265.7731,4.0000,96.0000,AG03-UNRESOLVED,ALL5_LEVELS_bet23_to_bet27,265.7731,265.7731,265.7731,332.2164,332.2164,4.000000,4.000000,4.000000,5.000000,5.000000,96.000000,96.000000,96.000000,95.000000,95.000000,5.0,1461.7522,1339.0033,5182.5761,5305.325,PENDING_AG03,FALSE,NOT_FOR_ENFORCEMENT,6378.5552,554612.3973,6644.3283,6378.5552,265.7731,0.01053293,0.01011162,265.7731,6378.5552,0.01011162,265.7731,265.7731,265.7731,332.2164,332.2164,6378.5552,0.01011162,1461.7522,1339.0033,5182.5761,5305.325,0.00821569,0.00841028,0.00042132,144.3512,141.7025,1.6297,93.5821,10.0216,8884.7126,57.4225,158.2289,140.3023,51.4311,102.8621,129.7286,258.1778,514.3107,1008.3546,77.1466,0.0,5.0,9.802971,1.403346,17,104,92,7,0.24757185,0.01053293,0.02940797,0E-8,0.000000,0.915834,0.000000,-0.02508550,2026-05-12,2026-08-06,71,663,310,87,0.816092,1.127771,1.096139,0.825239,,,,,,,,GLOBAL_BASELINE_NO_ENTITY_RANKING,,,NOT_APPLICABLE_GLOBAL_BASELINE,HF9g-P5,,,,X 全窗基线 · 不参与实体赏罚,14193647,1420,A168_HF9F_20260827_0900,2026-08-27 09:00:00
2026-06-18,137070871,2142,0,2512.9220562143,-546.4551135341,-546.4551135341,0.4444444,11,11,0.50177608181818182,0.501776081818,-0.3439919944718018,-0.3439919944707104,-0.3439919944718018,1.8182E-13,ELIGIBLE,R03b_20260811_FULL_v1,L1_ELIGIBILITY,v2026-08-11,2026-03-21..2026-08-06,baccarat_bet02_101_all_pairs_incl_sentinel,round_win = game_pnl > 0 (decisive only),COMPATIBILITY_ONLY_NOT_PRODUCTION,630814.5920,577721.2471,6644.3283,4370,4077,-0.01053293,-0.02940797,-0.00432247,-0.01053293,-6644.3283,630814.5920,OK,0.0000,265.7731,4.0000,96.0000,AG03-UNRESOLVED,ALL5_LEVELS_bet23_to_bet27,265.7731,265.7731,265.7731,332.2164,332.2164,4.000000,4.000000,4.000000,5.000000,5.000000,96.000000,96.000000,96.000000,95.000000,95.000000,5.0,1461.7522,1339.0033,5182.5761,5305.325,PENDING_AG03,FALSE,NOT_FOR_ENFORCEMENT,6378.5552,554612.3973,6644.3283,6378.5552,265.7731,0.01053293,0.01011162,265.7731,6378.5552,0.01011162,265.7731,265.7731,265.7731,332.2164,332.2164,6378.5552,0.01011162,1461.7522,1339.0033,5182.5761,5305.325,0.00821569,0.00841028,0.00042132,144.3512,141.7025,1.6297,93.5821,10.0216,8884.7126,57.4225,158.2289,140.3023,51.4311,102.8621,129.7286,258.1778,514.3107,1008.3546,77.1466,0.0,5.0,9.802971,1.403346,17,104,92,7,0.24757185,0.01053293,0.02940797,0E-8,0.000000,0.915834,0.000000,-0.02508550,2026-05-12,2026-08-06,71,663,310,87,0.816092,1.127771,1.096139,0.825239,,,,,,,,GLOBAL_BASELINE_NO_ENTITY_RANKING,,,NOT_APPLICABLE_GLOBAL_BASELINE,HF9g-P5,,,,X 全窗基线 · 不参与实体赏罚,14193648,1420,A168_HF9F_20260827_0900,2026-08-27 09:00:00
2026-06-18,137070871,2233,0,1028.6213901817,1002.9058554272,1002.9058554272,1.0000000,7,7,0.49899058571428571,0.498990585714,2.6510980319085355,2.6510980319100503,2.6510980319085355,2.8571E-13,ELIGIBLE,R03b_20260811_FULL_v1,L1_ELIGIBILITY,v2026-08-11,2026-03-21..2026-08-06,baccarat_bet02_101_all_pairs_incl_sentinel,round_win = game_pnl > 0 (decisive only),COMPATIBILITY_ONLY_NOT_PRODUCTION,630814.5920,577721.2471,6644.3283,4370,4077,-0.01053293,-0.02940797,-0.00432247,-0.01053293,-6644.3283,630814.5920,OK,0.0000,265.7731,4.0000,96.0000,AG03-UNRESOLVED,ALL5_LEVELS_bet23_to_bet27,265.7731,265.7731,265.7731,332.2164,332.2164,4.000000,4.000000,4.000000,5.000000,5.000000,96.000000,96.000000,96.000000,95.000000,95.000000,5.0,1461.7522,1339.0033,5182.5761,5305.325,PENDING_AG03,FALSE,NOT_FOR_ENFORCEMENT,6378.5552,554612.3973,6644.3283,6378.5552,265.7731,0.01053293,0.01011162,265.7731,6378.5552,0.01011162,265.7731,265.7731,265.7731,332.2164,332.2164,6378.5552,0.01011162,1461.7522,1339.0033,5182.5761,5305.325,0.00821569,0.00841028,0.00042132,144.3512,141.7025,1.6297,93.5821,10.0216,8884.7126,57.4225,158.2289,140.3023,51.4311,102.8621,129.7286,258.1778,514.3107,1008.3546,77.1466,0.0,5.0,9.802971,1.403346,17,104,92,7,0.24757185,0.01053293,0.02940797,0E-8,0.000000,0.915834,0.000000,-0.02508550,2026-05-12,2026-08-06,71,663,310,87,0.816092,1.127771,1.096139,0.825239,,,,,,,,GLOBAL_BASELINE_NO_ENTITY_RANKING,,,NOT_APPLICABLE_GLOBAL_BASELINE,HF9g-P5,,,,X 全窗基线 · 不参与实体赏罚,14193649,1420,A168_HF9F_20260827_0900,2026-08-27 09:00:00
2026-06-18,137070871,2235,0,290.5855427264,-290.5855427264,-290.5855427264,0E-7,1,1,0.50665070000000000,0.506650700000,-1.013391052207602,-1.013391052207602,-1.013391052207602,0E-17,ELIGIBLE,R03b_20260811_FULL_v1,L1_ELIGIBILITY,v2026-08-11,2026-03-21..2026-08-06,baccarat_bet02_101_all_pairs_incl_sentinel,round_win = game_pnl > 0 (decisive only),COMPATIBILITY_ONLY_NOT_PRODUCTION,630814.5920,577721.2471,6644.3283,4370,4077,-0.01053293,-0.02940797,-0.00432247,-0.01053293,-6644.3283,630814.5920,OK,0.0000,265.7731,4.0000,96.0000,AG03-UNRESOLVED,ALL5_LEVELS_bet23_to_bet27,265.7731,265.7731,265.7731,332.2164,332.2164,4.000000,4.000000,4.000000,5.000000,5.000000,96.000000,96.000000,96.000000,95.000000,95.000000,5.0,1461.7522,1339.0033,5182.5761,5305.325,PENDING_AG03,FALSE,NOT_FOR_ENFORCEMENT,6378.5552,554612.3973,6644.3283,6378.5552,265.7731,0.01053293,0.01011162,265.7731,6378.5552,0.01011162,265.7731,265.7731,265.7731,332.2164,332.2164,6378.5552,0.01011162,1461.7522,1339.0033,5182.5761,5305.325,0.00821569,0.00841028,0.00042132,144.3512,141.7025,1.6297,93.5821,10.0216,8884.7126,57.4225,158.2289,140.3023,51.4311,102.8621,129.7286,258.1778,514.3107,1008.3546,77.1466,0.0,5.0,9.802971,1.403346,17,104,92,7,0.24757185,0.01053293,0.02940797,0E-8,0.000000,0.915834,0.000000,-0.02508550,2026-05-12,2026-08-06,71,663,310,87,0.816092,1.127771,1.096139,0.825239,,,,,,,,GLOBAL_BASELINE_NO_ENTITY_RANKING,,,NOT_APPLICABLE_GLOBAL_BASELINE,HF9g-P5,,,,X 全窗基线 · 不参与实体赏罚,14193650,1420,A168_HF9F_20260827_0900,2026-08-27 09:00:00
2026-06-19,137070871,1400,0,1427.2121788771,240.4402499550,240.4402499550,0.5384615,15,15,0.50396966000000000,0.503969660000,0.24873231203112797,0.24873231203112797,0.24873231203112797,0E-17,ELIGIBLE,R03b_20260811_FULL_v1,L1_ELIGIBILITY,v2026-08-11,2026-03-21..2026-08-06,baccarat_bet02_101_all_pairs_incl_sentinel,round_win = game_pnl > 0 (decisive only),COMPATIBILITY_ONLY_NOT_PRODUCTION,630814.5920,577721.2471,6644.3283,4370,4077,-0.01053293,-0.02940797,-0.00432247,-0.01053293,-6644.3283,630814.5920,OK,0.0000,265.7731,4.0000,96.0000,AG03-UNRESOLVED,ALL5_LEVELS_bet23_to_bet27,265.7731,265.7731,265.7731,332.2164,332.2164,4.000000,4.000000,4.000000,5.000000,5.000000,96.000000,96.000000,96.000000,95.000000,95.000000,5.0,1461.7522,1339.0033,5182.5761,5305.325,PENDING_AG03,FALSE,NOT_FOR_ENFORCEMENT,6378.5552,554612.3973,6644.3283,6378.5552,265.7731,0.01053293,0.01011162,265.7731,6378.5552,0.01011162,265.7731,265.7731,265.7731,332.2164,332.2164,6378.5552,0.01011162,1461.7522,1339.0033,5182.5761,5305.325,0.00821569,0.00841028,0.00042132,144.3512,141.7025,1.6297,93.5821,10.0216,8884.7126,57.4225,158.2289,140.3023,51.4311,102.8621,129.7286,258.1778,514.3107,1008.3546,77.1466,0.0,5.0,9.802971,1.403346,17,104,92,7,0.24757185,0.01053293,0.02940797,0E-8,0.000000,0.915834,0.000000,-0.02508550,2026-05-12,2026-08-06,71,663,310,87,0.816092,1.127771,1.096139,0.825239,,,,,,,,GLOBAL_BASELINE_NO_ENTITY_RANKING,,,NOT_APPLICABLE_GLOBAL_BASELINE,HF9g-P5,,,,X 全窗基线 · 不参与实体赏罚,14193651,1420,A168_HF9F_20260827_0900,2026-08-27 09:00:00
2026-06-19,137070871,1401,0,205.7242780364,195.4380641345,195.4380641345,1.0000000,3,3,0.50665070000000000,0.506650700000,1.7091633124209307,1.7091633124209307,1.7091633124209307,0E-17,ELIGIBLE,R03b_20260811_FULL_v1,L1_ELIGIBILITY,v2026-08-11,2026-03-21..2026-08-06,baccarat_bet02_101_all_pairs_incl_sentinel,round_win = game_pnl > 0 (decisive only),COMPATIBILITY_ONLY_NOT_PRODUCTION,630814.5920,577721.2471,6644.3283,4370,4077,-0.01053293,-0.02940797,-0.00432247,-0.01053293,-6644.3283,630814.5920,OK,0.0000,265.7731,4.0000,96.0000,AG03-UNRESOLVED,ALL5_LEVELS_bet23_to_bet27,265.7731,265.7731,265.7731,332.2164,332.2164,4.000000,4.000000,4.000000,5.000000,5.000000,96.000000,96.000000,96.000000,95.000000,95.000000,5.0,1461.7522,1339.0033,5182.5761,5305.325,PENDING_AG03,FALSE,NOT_FOR_ENFORCEMENT,6378.5552,554612.3973,6644.3283,6378.5552,265.7731,0.01053293,0.01011162,265.7731,6378.5552,0.01011162,265.7731,265.7731,265.7731,332.2164,332.2164,6378.5552,0.01011162,1461.7522,1339.0033,5182.5761,5305.325,0.00821569,0.00841028,0.00042132,144.3512,141.7025,1.6297,93.5821,10.0216,8884.7126,57.4225,158.2289,140.3023,51.4311,102.8621,129.7286,258.1778,514.3107,1008.3546,77.1466,0.0,5.0,9.802971,1.403346,17,104,92,7,0.24757185,0.01053293,0.02940797,0E-8,0.000000,0.915834,0.000000,-0.02508550,2026-05-12,2026-08-06,71,663,310,87,0.816092,1.127771,1.096139,0.825239,,,,,,,,GLOBAL_BASELINE_NO_ENTITY_RANKING,,,NOT_APPLICABLE_GLOBAL_BASELINE,HF9g-P5,,,,X 全窗基线 · 不参与实体赏罚,14193652,1420,A168_HF9F_20260827_0900,2026-08-27 09:00:00
2026-06-19,137070871,1505,0,51.4310695091,48.8595160336,48.8595160336,1.0000000,1,1,0.50665070000000000,0.506650700000,0.9867858985152569,0.9867858985152569,0.9867858985152569,0E-17,ELIGIBLE,R03b_20260811_FULL_v1,L1_ELIGIBILITY,v2026-08-11,2026-03-21..2026-08-06,baccarat_bet02_101_all_pairs_incl_sentinel,round_win = game_pnl > 0 (decisive only),COMPATIBILITY_ONLY_NOT_PRODUCTION,630814.5920,577721.2471,6644.3283,4370,4077,-0.01053293,-0.02940797,-0.00432247,-0.01053293,-6644.3283,630814.5920,OK,0.0000,265.7731,4.0000,96.0000,AG03-UNRESOLVED,ALL5_LEVELS_bet23_to_bet27,265.7731,265.7731,265.7731,332.2164,332.2164,4.000000,4.000000,4.000000,5.000000,5.000000,96.000000,96.000000,96.000000,95.000000,95.000000,5.0,1461.7522,1339.0033,5182.5761,5305.325,PENDING_AG03,FALSE,NOT_FOR_ENFORCEMENT,6378.5552,554612.3973,6644.3283,6378.5552,265.7731,0.01053293,0.01011162,265.7731,6378.5552,0.01011162,265.7731,265.7731,265.7731,332.2164,332.2164,6378.5552,0.01011162,1461.7522,1339.0033,5182.5761,5305.325,0.00821569,0.00841028,0.00042132,144.3512,141.7025,1.6297,93.5821,10.0216,8884.7126,57.4225,158.2289,140.3023,51.4311,102.8621,129.7286,258.1778,514.3107,1008.3546,77.1466,0.0,5.0,9.802971,1.403346,17,104,92,7,0.24757185,0.01053293,0.02940797,0E-8,0.000000,0.915834,0.000000,-0.02508550,2026-05-12,2026-08-06,71,663,310,87,0.816092,1.127771,1.096139,0.825239,,,,,,,,GLOBAL_BASELINE_NO_ENTITY_RANKING,,,NOT_APPLICABLE_GLOBAL_BASELINE,HF9g-P5,,,,X 全窗基线 · 不参与实体赏罚,14193653,1420,A168_HF9F_20260827_0900,2026-08-27 09:00:00
2026-06-19,137070871,2101,0,488.5951603363,218.5820454136,218.5820454136,0.7142857,8,8,0.50497505000000000,0.504975050000,1.107622760077867,1.107622760077867,1.107622760077867,0E-17,ELIGIBLE,R03b_20260811_FULL_v1,L1_ELIGIBILITY,v2026-08-11,2026-03-21..2026-08-06,baccarat_bet02_101_all_pairs_incl_sentinel,round_win = game_pnl > 0 (decisive only),COMPATIBILITY_ONLY_NOT_PRODUCTION,630814.5920,577721.2471,6644.3283,4370,4077,-0.01053293,-0.02940797,-0.00432247,-0.01053293,-6644.3283,630814.5920,OK,0.0000,265.7731,4.0000,96.0000,AG03-UNRESOLVED,ALL5_LEVELS_bet23_to_bet27,265.7731,265.7731,265.7731,332.2164,332.2164,4.000000,4.000000,4.000000,5.000000,5.000000,96.000000,96.000000,96.000000,95.000000,95.000000,5.0,1461.7522,1339.0033,5182.5761,5305.325,PENDING_AG03,FALSE,NOT_FOR_ENFORCEMENT,6378.5552,554612.3973,6644.3283,6378.5552,265.7731,0.01053293,0.01011162,265.7731,6378.5552,0.01011162,265.7731,265.7731,265.7731,332.2164,332.2164,6378.5552,0.01011162,1461.7522,1339.0033,5182.5761,5305.325,0.00821569,0.00841028,0.00042132,144.3512,141.7025,1.6297,93.5821,10.0216,8884.7126,57.4225,158.2289,140.3023,51.4311,102.8621,129.7286,258.1778,514.3107,1008.3546,77.1466,0.0,5.0,9.802971,1.403346,17,104,92,7,0.24757185,0.01053293,0.02940797,0E-8,0.000000,0.915834,0.000000,-0.02508550,2026-05-12,2026-08-06,71,663,310,87,0.816092,1.127771,1.096139,0.825239,,,,,,,,GLOBAL_BASELINE_NO_ENTITY_RANKING,,,NOT_APPLICABLE_GLOBAL_BASELINE,HF9g-P5,,,,X 全窗基线 · 不参与实体赏罚,14193654,1420,A168_HF9F_20260827_0900,2026-08-27 09:00:00
2026-06-19,137070871,2174,0,257.1553475455,200.5811710854,200.5811710854,1.0000000,4,4,0.50329940000000000,0.503299400000,1.7206588134302945,1.7206588134302945,1.7206588134302945,0E-17,ELIGIBLE,R03b_20260811_FULL_v1,L1_ELIGIBILITY,v2026-08-11,2026-03-21..2026-08-06,baccarat_bet02_101_all_pairs_incl_sentinel,round_win = game_pnl > 0 (decisive only),COMPATIBILITY_ONLY_NOT_PRODUCTION,630814.5920,577721.2471,6644.3283,4370,4077,-0.01053293,-0.02940797,-0.00432247,-0.01053293,-6644.3283,630814.5920,OK,0.0000,265.7731,4.0000,96.0000,AG03-UNRESOLVED,ALL5_LEVELS_bet23_to_bet27,265.7731,265.7731,265.7731,332.2164,332.2164,4.000000,4.000000,4.000000,5.000000,5.000000,96.000000,96.000000,96.000000,95.000000,95.000000,5.0,1461.7522,1339.0033,5182.5761,5305.325,PENDING_AG03,FALSE,NOT_FOR_ENFORCEMENT,6378.5552,554612.3973,6644.3283,6378.5552,265.7731,0.01053293,0.01011162,265.7731,6378.5552,0.01011162,265.7731,265.7731,265.7731,332.2164,332.2164,6378.5552,0.01011162,1461.7522,1339.0033,5182.5761,5305.325,0.00821569,0.00841028,0.00042132,144.3512,141.7025,1.6297,93.5821,10.0216,8884.7126,57.4225,158.2289,140.3023,51.4311,102.8621,129.7286,258.1778,514.3107,1008.3546,77.1466,0.0,5.0,9.802971,1.403346,17,104,92,7,0.24757185,0.01053293,0.02940797,0E-8,0.000000,0.915834,0.000000,-0.02508550,2026-05-12,2026-08-06,71,663,310,87,0.816092,1.127771,1.096139,0.825239,,,,,,,,GLOBAL_BASELINE_NO_ENTITY_RANKING,,,NOT_APPLICABLE_GLOBAL_BASELINE,HF9g-P5,,,,X 全窗基线 · 不参与实体赏罚,14193655,1420,A168_HF9F_20260827_0900,2026-08-27 09:00:00
2026-06-19,137070871,2281,0,514.3106950909,244.2975801682,244.2975801682,0.8333333,7,7,0.50090561428571429,0.500905614286,1.6285592473342474,1.6285592473328494,1.6285592473342474,-2.8571E-13,ELIGIBLE,R03b_20260811_FULL_v1,L1_ELIGIBILITY,v2026-08-11,2026-03-21..2026-08-06,baccarat_bet02_101_all_pairs_incl_sentinel,round_win = game_pnl > 0 (decisive only),COMPATIBILITY_ONLY_NOT_PRODUCTION,630814.5920,577721.2471,6644.3283,4370,4077,-0.01053293,-0.02940797,-0.00432247,-0.01053293,-6644.3283,630814.5920,OK,0.0000,265.7731,4.0000,96.0000,AG03-UNRESOLVED,ALL5_LEVELS_bet23_to_bet27,265.7731,265.7731,265.7731,332.2164,332.2164,4.000000,4.000000,4.000000,5.000000,5.000000,96.000000,96.000000,96.000000,95.000000,95.000000,5.0,1461.7522,1339.0033,5182.5761,5305.325,PENDING_AG03,FALSE,NOT_FOR_ENFORCEMENT,6378.5552,554612.3973,6644.3283,6378.5552,265.7731,0.01053293,0.01011162,265.7731,6378.5552,0.01011162,265.7731,265.7731,265.7731,332.2164,332.2164,6378.5552,0.01011162,1461.7522,1339.0033,5182.5761,5305.325,0.00821569,0.00841028,0.00042132,144.3512,141.7025,1.6297,93.5821,10.0216,8884.7126,57.4225,158.2289,140.3023,51.4311,102.8621,129.7286,258.1778,514.3107,1008.3546,77.1466,0.0,5.0,9.802971,1.403346,17,104,92,7,0.24757185,0.01053293,0.02940797,0E-8,0.000000,0.915834,0.000000,-0.02508550,2026-05-12,2026-08-06,71,663,310,87,0.816092,1.127771,1.096139,0.825239,,,,,,,,GLOBAL_BASELINE_NO_ENTITY_RANKING,,,NOT_APPLICABLE_GLOBAL_BASELINE,HF9g-P5,,,,X 全窗基线 · 不参与实体赏罚,14193656,1420,A168_HF9F_20260827_0900,2026-08-27 09:00:00
2026-06-19,137070871,763,0,102.8621390182,-102.8621390182,-102.8621390182,0E-7,2,2,0.50665070000000000,0.506650700000,-1.4331513700195317,-1.4331513700195317,-1.4331513700195317,0E-17,ELIGIBLE,R03b_20260811_FULL_v1,L1_ELIGIBILITY,v2026-08-11,2026-03-21..2026-08-06,baccarat_bet02_101_all_pairs_incl_sentinel,round_win = game_pnl > 0 (decisive only),COMPATIBILITY_ONLY_NOT_PRODUCTION,630814.5920,577721.2471,6644.3283,4370,4077,-0.01053293,-0.02940797,-0.00432247,-0.01053293,-6644.3283,630814.5920,OK,0.0000,265.7731,4.0000,96.0000,AG03-UNRESOLVED,ALL5_LEVELS_bet23_to_bet27,265.7731,265.7731,265.7731,332.2164,332.2164,4.000000,4.000000,4.000000,5.000000,5.000000,96.000000,96.000000,96.000000,95.000000,95.000000,5.0,1461.7522,1339.0033,5182.5761,5305.325,PENDING_AG03,FALSE,NOT_FOR_ENFORCEMENT,6378.5552,554612.3973,6644.3283,6378.5552,265.7731,0.01053293,0.01011162,265.7731,6378.5552,0.01011162,265.7731,265.7731,265.7731,332.2164,332.2164,6378.5552,0.01011162,1461.7522,1339.0033,5182.5761,5305.325,0.00821569,0.00841028,0.00042132,144.3512,141.7025,1.6297,93.5821,10.0216,8884.7126,57.4225,158.2289,140.3023,51.4311,102.8621,129.7286,258.1778,514.3107,1008.3546,77.1466,0.0,5.0,9.802971,1.403346,17,104,92,7,0.24757185,0.01053293,0.02940797,0E-8,0.000000,0.915834,0.000000,-0.02508550,2026-05-12,2026-08-06,71,663,310,87,0.816092,1.127771,1.096139,0.825239,,,,,,,,GLOBAL_BASELINE_NO_ENTITY_RANKING,,,NOT_APPLICABLE_GLOBAL_BASELINE,HF9g-P5,,,,X 全窗基线 · 不参与实体赏罚,14193657,1420,A168_HF9F_20260827_0900,2026-08-27 09:00:00
2026-06-20,137070871,1330,0,308.5864170546,-257.1553475455,-257.1553475455,0E-7,4,4,0.49994810000000000,0.499948100000,-1.7318710300250217,-1.7318710300250217,-1.7318710300250217,0E-17,ELIGIBLE,R03b_20260811_FULL_v1,L1_ELIGIBILITY,v2026-08-11,2026-03-21..2026-08-06,baccarat_bet02_101_all_pairs_incl_sentinel,round_win = game_pnl > 0 (decisive only),COMPATIBILITY_ONLY_NOT_PRODUCTION,630814.5920,577721.2471,6644.3283,4370,4077,-0.01053293,-0.02940797,-0.00432247,-0.01053293,-6644.3283,630814.5920,OK,0.0000,265.7731,4.0000,96.0000,AG03-UNRESOLVED,ALL5_LEVELS_bet23_to_bet27,265.7731,265.7731,265.7731,332.2164,332.2164,4.000000,4.000000,4.000000,5.000000,5.000000,96.000000,96.000000,96.000000,95.000000,95.000000,5.0,1461.7522,1339.0033,5182.5761,5305.325,PENDING_AG03,FALSE,NOT_FOR_ENFORCEMENT,6378.5552,554612.3973,6644.3283,6378.5552,265.7731,0.01053293,0.01011162,265.7731,6378.5552,0.01011162,265.7731,265.7731,265.7731,332.2164,332.2164,6378.5552,0.01011162,1461.7522,1339.0033,5182.5761,5305.325,0.00821569,0.00841028,0.00042132,144.3512,141.7025,1.6297,93.5821,10.0216,8884.7126,57.4225,158.2289,140.3023,51.4311,102.8621,129.7286,258.1778,514.3107,1008.3546,77.1466,0.0,5.0,9.802971,1.403346,17,104,92,7,0.24757185,0.01053293,0.02940797,0E-8,0.000000,0.915834,0.000000,-0.02508550,2026-05-12,2026-08-06,71,663,310,87,0.816092,1.127771,1.096139,0.825239,,,,,,,,GLOBAL_BASELINE_NO_ENTITY_RANKING,,,NOT_APPLICABLE_GLOBAL_BASELINE,HF9g-P5,,,,X 全窗基线 · 不参与实体赏罚,14193658,1420,A168_HF9F_20260827_0900,2026-08-27 09:00:00
2026-06-20,137070871,1947,0,1285.7767377273,-1285.7767377273,-1285.7767377273,0E-7,1,1,0.50665070000000000,0.506650700000,-1.013391052207602,-1.013391052207602,-1.013391052207602,0E-17,ELIGIBLE,R03b_20260811_FULL_v1,L1_ELIGIBILITY,v2026-08-11,2026-03-21..2026-08-06,baccarat_bet02_101_all_pairs_incl_sentinel,round_win = game_pnl > 0 (decisive only),COMPATIBILITY_ONLY_NOT_PRODUCTION,630814.5920,577721.2471,6644.3283,4370,4077,-0.01053293,-0.02940797,-0.00432247,-0.01053293,-6644.3283,630814.5920,OK,0.0000,265.7731,4.0000,96.0000,AG03-UNRESOLVED,ALL5_LEVELS_bet23_to_bet27,265.7731,265.7731,265.7731,332.2164,332.2164,4.000000,4.000000,4.000000,5.000000,5.000000,96.000000,96.000000,96.000000,95.000000,95.000000,5.0,1461.7522,1339.0033,5182.5761,5305.325,PENDING_AG03,FALSE,NOT_FOR_ENFORCEMENT,6378.5552,554612.3973,6644.3283,6378.5552,265.7731,0.01053293,0.01011162,265.7731,6378.5552,0.01011162,265.7731,265.7731,265.7731,332.2164,332.2164,6378.5552,0.01011162,1461.7522,1339.0033,5182.5761,5305.325,0.00821569,0.00841028,0.00042132,144.3512,141.7025,1.6297,93.5821,10.0216,8884.7126,57.4225,158.2289,140.3023,51.4311,102.8621,129.7286,258.1778,514.3107,1008.3546,77.1466,0.0,5.0,9.802971,1.403346,17,104,92,7,0.24757185,0.01053293,0.02940797,0E-8,0.000000,0.915834,0.000000,-0.02508550,2026-05-12,2026-08-06,71,663,310,87,0.816092,1.127771,1.096139,0.825239,,,,,,,,GLOBAL_BASELINE_NO_ENTITY_RANKING,,,NOT_APPLICABLE_GLOBAL_BASELINE,HF9g-P5,,,,X 全窗基线 · 不参与实体赏罚,14193659,1420,A168_HF9F_20260827_0900,2026-08-27 09:00:00
2026-06-20,137070871,2093,0,308.5864170546,192.8665106591,192.8665106591,0.5000000,2,2,0.49994810000000000,0.499948100000,0.00014679536856514622,0.00014679536856514622,0.00014679536856514622,0E-17,ELIGIBLE,R03b_20260811_FULL_v1,L1_ELIGIBILITY,v2026-08-11,2026-03-21..2026-08-06,baccarat_bet02_101_all_pairs_incl_sentinel,round_win = game_pnl > 0 (decisive only),COMPATIBILITY_ONLY_NOT_PRODUCTION,630814.5920,577721.2471,6644.3283,4370,4077,-0.01053293,-0.02940797,-0.00432247,-0.01053293,-6644.3283,630814.5920,OK,0.0000,265.7731,4.0000,96.0000,AG03-UNRESOLVED,ALL5_LEVELS_bet23_to_bet27,265.7731,265.7731,265.7731,332.2164,332.2164,4.000000,4.000000,4.000000,5.000000,5.000000,96.000000,96.000000,96.000000,95.000000,95.000000,5.0,1461.7522,1339.0033,5182.5761,5305.325,PENDING_AG03,FALSE,NOT_FOR_ENFORCEMENT,6378.5552,554612.3973,6644.3283,6378.5552,265.7731,0.01053293,0.01011162,265.7731,6378.5552,0.01011162,265.7731,265.7731,265.7731,332.2164,332.2164,6378.5552,0.01011162,1461.7522,1339.0033,5182.5761,5305.325,0.00821569,0.00841028,0.00042132,144.3512,141.7025,1.6297,93.5821,10.0216,8884.7126,57.4225,158.2289,140.3023,51.4311,102.8621,129.7286,258.1778,514.3107,1008.3546,77.1466,0.0,5.0,9.802971,1.403346,17,104,92,7,0.24757185,0.01053293,0.02940797,0E-8,0.000000,0.915834,0.000000,-0.02508550,2026-05-12,2026-08-06,71,663,310,87,0.816092,1.127771,1.096139,0.825239,,,,,,,,GLOBAL_BASELINE_NO_ENTITY_RANKING,,,NOT_APPLICABLE_GLOBAL_BASELINE,HF9g-P5,,,,X 全窗基线 · 不参与实体赏罚,14193660,1420,A168_HF9F_20260827_0900,2026-08-27 09:00:00
2026-06-20,137070871,2170,0,282.8708823000,-82.2897112145,-82.2897112145,0.2500000,4,4,0.50329940000000000,0.503299400000,-1.013219660140378,-1.013219660140378,-1.013219660140378,0E-17,ELIGIBLE,R03b_20260811_FULL_v1,L1_ELIGIBILITY,v2026-08-11,2026-03-21..2026-08-06,baccarat_bet02_101_all_pairs_incl_sentinel,round_win = game_pnl > 0 (decisive only),COMPATIBILITY_ONLY_NOT_PRODUCTION,630814.5920,577721.2471,6644.3283,4370,4077,-0.01053293,-0.02940797,-0.00432247,-0.01053293,-6644.3283,630814.5920,OK,0.0000,265.7731,4.0000,96.0000,AG03-UNRESOLVED,ALL5_LEVELS_bet23_to_bet27,265.7731,265.7731,265.7731,332.2164,332.2164,4.000000,4.000000,4.000000,5.000000,5.000000,96.000000,96.000000,96.000000,95.000000,95.000000,5.0,1461.7522,1339.0033,5182.5761,5305.325,PENDING_AG03,FALSE,NOT_FOR_ENFORCEMENT,6378.5552,554612.3973,6644.3283,6378.5552,265.7731,0.01053293,0.01011162,265.7731,6378.5552,0.01011162,265.7731,265.7731,265.7731,332.2164,332.2164,6378.5552,0.01011162,1461.7522,1339.0033,5182.5761,5305.325,0.00821569,0.00841028,0.00042132,144.3512,141.7025,1.6297,93.5821,10.0216,8884.7126,57.4225,158.2289,140.3023,51.4311,102.8621,129.7286,258.1778,514.3107,1008.3546,77.1466,0.0,5.0,9.802971,1.403346,17,104,92,7,0.24757185,0.01053293,0.02940797,0E-8,0.000000,0.915834,0.000000,-0.02508550,2026-05-12,2026-08-06,71,663,310,87,0.816092,1.127771,1.096139,0.825239,,,,,,,,GLOBAL_BASELINE_NO_ENTITY_RANKING,,,NOT_APPLICABLE_GLOBAL_BASELINE,HF9g-P5,,,,X 全窗基线 · 不参与实体赏罚,14193661,1420,A168_HF9F_20260827_0900,2026-08-27 09:00:00
2026-06-20,137070871,2177,0,51.4310695091,-51.4310695091,-51.4310695091,0E-7,1,1,0.50665070000000000,0.506650700000,-1.013391052207602,-1.013391052207602,-1.013391052207602,0E-17,ELIGIBLE,R03b_20260811_FULL_v1,L1_ELIGIBILITY,v2026-08-11,2026-03-21..2026-08-06,baccarat_bet02_101_all_pairs_incl_sentinel,round_win = game_pnl > 0 (decisive only),COMPATIBILITY_ONLY_NOT_PRODUCTION,630814.5920,577721.2471,6644.3283,4370,4077,-0.01053293,-0.02940797,-0.00432247,-0.01053293,-6644.3283,630814.5920,OK,0.0000,265.7731,4.0000,96.0000,AG03-UNRESOLVED,ALL5_LEVELS_bet23_to_bet27,265.7731,265.7731,265.7731,332.2164,332.2164,4.000000,4.000000,4.000000,5.000000,5.000000,96.000000,96.000000,96.000000,95.000000,95.000000,5.0,1461.7522,1339.0033,5182.5761,5305.325,PENDING_AG03,FALSE,NOT_FOR_ENFORCEMENT,6378.5552,554612.3973,6644.3283,6378.5552,265.7731,0.01053293,0.01011162,265.7731,6378.5552,0.01011162,265.7731,265.7731,265.7731,332.2164,332.2164,6378.5552,0.01011162,1461.7522,1339.0033,5182.5761,5305.325,0.00821569,0.00841028,0.00042132,144.3512,141.7025,1.6297,93.5821,10.0216,8884.7126,57.4225,158.2289,140.3023,51.4311,102.8621,129.7286,258.1778,514.3107,1008.3546,77.1466,0.0,5.0,9.802971,1.403346,17,104,92,7,0.24757185,0.01053293,0.02940797,0E-8,0.000000,0.915834,0.000000,-0.02508550,2026-05-12,2026-08-06,71,663,310,87,0.816092,1.127771,1.096139,0.825239,,,,,,,,GLOBAL_BASELINE_NO_ENTITY_RANKING,,,NOT_APPLICABLE_GLOBAL_BASELINE,HF9g-P5,,,,X 全窗基线 · 不参与实体赏罚,14193662,1420,A168_HF9F_20260827_0900,2026-08-27 09:00:00
2026-06-20,137070871,462,0,77.1466042636,-77.1466042636,-77.1466042636,0E-7,1,1,0.50665070000000000,0.506650700000,-1.013391052207602,-1.013391052207602,-1.013391052207602,0E-17,ELIGIBLE,R03b_20260811_FULL_v1,L1_ELIGIBILITY,v2026-08-11,2026-03-21..2026-08-06,baccarat_bet02_101_all_pairs_incl_sentinel,round_win = game_pnl > 0 (decisive only),COMPATIBILITY_ONLY_NOT_PRODUCTION,630814.5920,577721.2471,6644.3283,4370,4077,-0.01053293,-0.02940797,-0.00432247,-0.01053293,-6644.3283,630814.5920,OK,0.0000,265.7731,4.0000,96.0000,AG03-UNRESOLVED,ALL5_LEVELS_bet23_to_bet27,265.7731,265.7731,265.7731,332.2164,332.2164,4.000000,4.000000,4.000000,5.000000,5.000000,96.000000,96.000000,96.000000,95.000000,95.000000,5.0,1461.7522,1339.0033,5182.5761,5305.325,PENDING_AG03,FALSE,NOT_FOR_ENFORCEMENT,6378.5552,554612.3973,6644.3283,6378.5552,265.7731,0.01053293,0.01011162,265.7731,6378.5552,0.01011162,265.7731,265.7731,265.7731,332.2164,332.2164,6378.5552,0.01011162,1461.7522,1339.0033,5182.5761,5305.325,0.00821569,0.00841028,0.00042132,144.3512,141.7025,1.6297,93.5821,10.0216,8884.7126,57.4225,158.2289,140.3023,51.4311,102.8621,129.7286,258.1778,514.3107,1008.3546,77.1466,0.0,5.0,9.802971,1.403346,17,104,92,7,0.24757185,0.01053293,0.02940797,0E-8,0.000000,0.915834,0.000000,-0.02508550,2026-05-12,2026-08-06,71,663,310,87,0.816092,1.127771,1.096139,0.825239,,,,,,,,GLOBAL_BASELINE_NO_ENTITY_RANKING,,,NOT_APPLICABLE_GLOBAL_BASELINE,HF9g-P5,,,,X 全窗基线 · 不参与实体赏罚,14193663,1420,A168_HF9F_20260827_0900,2026-08-27 09:00:00
2026-06-21,137070871,1331,0,514.3106950909,-514.3106950909,-514.3106950909,0E-7,1,1,0.50665070000000000,0.506650700000,-1.013391052207602,-1.013391052207602,-1.013391052207602,0E-17,ELIGIBLE,R03b_20260811_FULL_v1,L1_ELIGIBILITY,v2026-08-11,2026-03-21..2026-08-06,baccarat_bet02_101_all_pairs_incl_sentinel,round_win = game_pnl > 0 (decisive only),COMPATIBILITY_ONLY_NOT_PRODUCTION,630814.5920,577721.2471,6644.3283,4370,4077,-0.01053293,-0.02940797,-0.00432247,-0.01053293,-6644.3283,630814.5920,OK,0.0000,265.7731,4.0000,96.0000,AG03-UNRESOLVED,ALL5_LEVELS_bet23_to_bet27,265.7731,265.7731,265.7731,332.2164,332.2164,4.000000,4.000000,4.000000,5.000000,5.000000,96.000000,96.000000,96.000000,95.000000,95.000000,5.0,1461.7522,1339.0033,5182.5761,5305.325,PENDING_AG03,FALSE,NOT_FOR_ENFORCEMENT,6378.5552,554612.3973,6644.3283,6378.5552,265.7731,0.01053293,0.01011162,265.7731,6378.5552,0.01011162,265.7731,265.7731,265.7731,332.2164,332.2164,6378.5552,0.01011162,1461.7522,1339.0033,5182.5761,5305.325,0.00821569,0.00841028,0.00042132,144.3512,141.7025,1.6297,93.5821,10.0216,8884.7126,57.4225,158.2289,140.3023,51.4311,102.8621,129.7286,258.1778,514.3107,1008.3546,77.1466,0.0,5.0,9.802971,1.403346,17,104,92,7,0.24757185,0.01053293,0.02940797,0E-8,0.000000,0.915834,0.000000,-0.02508550,2026-05-12,2026-08-06,71,663,310,87,0.816092,1.127771,1.096139,0.825239,,,,,,,,GLOBAL_BASELINE_NO_ENTITY_RANKING,,,NOT_APPLICABLE_GLOBAL_BASELINE,HF9g-P5,,,,X 全窗基线 · 不参与实体赏罚,14193664,1420,A168_HF9F_20260827_0900,2026-08-27 09:00:00
2026-06-21,137070871,1374,0,1359.0660117777,-1359.0660117777,-1359.0660117777,0E-7,1,1,0.50665070000000000,0.506650700000,-1.013391052207602,-1.013391052207602,-1.013391052207602,0E-17,ELIGIBLE,R03b_20260811_FULL_v1,L1_ELIGIBILITY,v2026-08-11,2026-03-21..2026-08-06,baccarat_bet02_101_all_pairs_incl_sentinel,round_win = game_pnl > 0 (decisive only),COMPATIBILITY_ONLY_NOT_PRODUCTION,630814.5920,577721.2471,6644.3283,4370,4077,-0.01053293,-0.02940797,-0.00432247,-0.01053293,-6644.3283,630814.5920,OK,0.0000,265.7731,4.0000,96.0000,AG03-UNRESOLVED,ALL5_LEVELS_bet23_to_bet27,265.7731,265.7731,265.7731,332.2164,332.2164,4.000000,4.000000,4.000000,5.000000,5.000000,96.000000,96.000000,96.000000,95.000000,95.000000,5.0,1461.7522,1339.0033,5182.5761,5305.325,PENDING_AG03,FALSE,NOT_FOR_ENFORCEMENT,6378.5552,554612.3973,6644.3283,6378.5552,265.7731,0.01053293,0.01011162,265.7731,6378.5552,0.01011162,265.7731,265.7731,265.7731,332.2164,332.2164,6378.5552,0.01011162,1461.7522,1339.0033,5182.5761,5305.325,0.00821569,0.00841028,0.00042132,144.3512,141.7025,1.6297,93.5821,10.0216,8884.7126,57.4225,158.2289,140.3023,51.4311,102.8621,129.7286,258.1778,514.3107,1008.3546,77.1466,0.0,5.0,9.802971,1.403346,17,104,92,7,0.24757185,0.01053293,0.02940797,0E-8,0.000000,0.915834,0.000000,-0.02508550,2026-05-12,2026-08-06,71,663,310,87,0.816092,1.127771,1.096139,0.825239,,,,,,,,GLOBAL_BASELINE_NO_ENTITY_RANKING,,,NOT_APPLICABLE_GLOBAL_BASELINE,HF9g-P5,,,,X 全窗基线 · 不参与实体赏罚,14193665,1420,A168_HF9F_20260827_0900,2026-08-27 09:00:00
2026-06-21,137070871,1401,0,2314.3981279094,-308.5864170546,-308.5864170546,0.5000000,8,8,0.50497505000000000,0.504975050000,-0.028144525985643355,-0.028144525985643355,-0.028144525985643355,0E-17,ELIGIBLE,R03b_20260811_FULL_v1,L1_ELIGIBILITY,v2026-08-11,2026-03-21..2026-08-06,baccarat_bet02_101_all_pairs_incl_sentinel,round_win = game_pnl > 0 (decisive only),COMPATIBILITY_ONLY_NOT_PRODUCTION,630814.5920,577721.2471,6644.3283,4370,4077,-0.01053293,-0.02940797,-0.00432247,-0.01053293,-6644.3283,630814.5920,OK,0.0000,265.7731,4.0000,96.0000,AG03-UNRESOLVED,ALL5_LEVELS_bet23_to_bet27,265.7731,265.7731,265.7731,332.2164,332.2164,4.000000,4.000000,4.000000,5.000000,5.000000,96.000000,96.000000,96.000000,95.000000,95.000000,5.0,1461.7522,1339.0033,5182.5761,5305.325,PENDING_AG03,FALSE,NOT_FOR_ENFORCEMENT,6378.5552,554612.3973,6644.3283,6378.5552,265.7731,0.01053293,0.01011162,265.7731,6378.5552,0.01011162,265.7731,265.7731,265.7731,332.2164,332.2164,6378.5552,0.01011162,1461.7522,1339.0033,5182.5761,5305.325,0.00821569,0.00841028,0.00042132,144.3512,141.7025,1.6297,93.5821,10.0216,8884.7126,57.4225,158.2289,140.3023,51.4311,102.8621,129.7286,258.1778,514.3107,1008.3546,77.1466,0.0,5.0,9.802971,1.403346,17,104,92,7,0.24757185,0.01053293,0.02940797,0E-8,0.000000,0.915834,0.000000,-0.02508550,2026-05-12,2026-08-06,71,663,310,87,0.816092,1.127771,1.096139,0.825239,,,,,,,,GLOBAL_BASELINE_NO_ENTITY_RANKING,,,NOT_APPLICABLE_GLOBAL_BASELINE,HF9g-P5,,,,X 全窗基线 · 不参与实体赏罚,14193666,1420,A168_HF9F_20260827_0900,2026-08-27 09:00:00
2026-06-21,137070871,1402,0,775.3233728497,-510.4533648778,-510.4533648778,0.3333333,4,4,0.49659680000000000,0.496596800000,-0.5655743394288276,-0.5655743394288276,-0.5655743394288276,0E-17,ELIGIBLE,R03b_20260811_FULL_v1,L1_ELIGIBILITY,v2026-08-11,2026-03-21..2026-08-06,baccarat_bet02_101_all_pairs_incl_sentinel,round_win = game_pnl > 0 (decisive only),COMPATIBILITY_ONLY_NOT_PRODUCTION,630814.5920,577721.2471,6644.3283,4370,4077,-0.01053293,-0.02940797,-0.00432247,-0.01053293,-6644.3283,630814.5920,OK,0.0000,265.7731,4.0000,96.0000,AG03-UNRESOLVED,ALL5_LEVELS_bet23_to_bet27,265.7731,265.7731,265.7731,332.2164,332.2164,4.000000,4.000000,4.000000,5.000000,5.000000,96.000000,96.000000,96.000000,95.000000,95.000000,5.0,1461.7522,1339.0033,5182.5761,5305.325,PENDING_AG03,FALSE,NOT_FOR_ENFORCEMENT,6378.5552,554612.3973,6644.3283,6378.5552,265.7731,0.01053293,0.01011162,265.7731,6378.5552,0.01011162,265.7731,265.7731,265.7731,332.2164,332.2164,6378.5552,0.01011162,1461.7522,1339.0033,5182.5761,5305.325,0.00821569,0.00841028,0.00042132,144.3512,141.7025,1.6297,93.5821,10.0216,8884.7126,57.4225,158.2289,140.3023,51.4311,102.8621,129.7286,258.1778,514.3107,1008.3546,77.1466,0.0,5.0,9.802971,1.403346,17,104,92,7,0.24757185,0.01053293,0.02940797,0E-8,0.000000,0.915834,0.000000,-0.02508550,2026-05-12,2026-08-06,71,663,310,87,0.816092,1.127771,1.096139,0.825239,,,,,,,,GLOBAL_BASELINE_NO_ENTITY_RANKING,,,NOT_APPLICABLE_GLOBAL_BASELINE,HF9g-P5,,,,X 全窗基线 · 不参与实体赏罚,14193667,1420,A168_HF9F_20260827_0900,2026-08-27 09:00:00
2026-06-21,137070871,2169,0,3334.0190809271,-793.3242471778,-793.3242471778,0.3000000,10,10,0.49860758000000000,0.498607580000,-1.2561094975318896,-1.2561094975318896,-1.2561094975318896,0E-17,ELIGIBLE,R03b_20260811_FULL_v1,L1_ELIGIBILITY,v2026-08-11,2026-03-21..2026-08-06,baccarat_bet02_101_all_pairs_incl_sentinel,round_win = game_pnl > 0 (decisive only),COMPATIBILITY_ONLY_NOT_PRODUCTION,630814.5920,577721.2471,6644.3283,4370,4077,-0.01053293,-0.02940797,-0.00432247,-0.01053293,-6644.3283,630814.5920,OK,0.0000,265.7731,4.0000,96.0000,AG03-UNRESOLVED,ALL5_LEVELS_bet23_to_bet27,265.7731,265.7731,265.7731,332.2164,332.2164,4.000000,4.000000,4.000000,5.000000,5.000000,96.000000,96.000000,96.000000,95.000000,95.000000,5.0,1461.7522,1339.0033,5182.5761,5305.325,PENDING_AG03,FALSE,NOT_FOR_ENFORCEMENT,6378.5552,554612.3973,6644.3283,6378.5552,265.7731,0.01053293,0.01011162,265.7731,6378.5552,0.01011162,265.7731,265.7731,265.7731,332.2164,332.2164,6378.5552,0.01011162,1461.7522,1339.0033,5182.5761,5305.325,0.00821569,0.00841028,0.00042132,144.3512,141.7025,1.6297,93.5821,10.0216,8884.7126,57.4225,158.2289,140.3023,51.4311,102.8621,129.7286,258.1778,514.3107,1008.3546,77.1466,0.0,5.0,9.802971,1.403346,17,104,92,7,0.24757185,0.01053293,0.02940797,0E-8,0.000000,0.915834,0.000000,-0.02508550,2026-05-12,2026-08-06,71,663,310,87,0.816092,1.127771,1.096139,0.825239,,,,,,,,GLOBAL_BASELINE_NO_ENTITY_RANKING,,,NOT_APPLICABLE_GLOBAL_BASELINE,HF9g-P5,,,,X 全窗基线 · 不参与实体赏罚,14193668,1420,A168_HF9F_20260827_0900,2026-08-27 09:00:00
2026-06-21,137070871,2235,0,3857.3302131819,1722.9408285547,1722.9408285547,0.7777778,9,9,0.50069283333333333,0.500692833333,1.662511262738188,1.6625112627401863,1.662511262738188,3.3333E-13,ELIGIBLE,R03b_20260811_FULL_v1,L1_ELIGIBILITY,v2026-08-11,2026-03-21..2026-08-06,baccarat_bet02_101_all_pairs_incl_sentinel,round_win = game_pnl > 0 (decisive only),COMPATIBILITY_ONLY_NOT_PRODUCTION,630814.5920,577721.2471,6644.3283,4370,4077,-0.01053293,-0.02940797,-0.00432247,-0.01053293,-6644.3283,630814.5920,OK,0.0000,265.7731,4.0000,96.0000,AG03-UNRESOLVED,ALL5_LEVELS_bet23_to_bet27,265.7731,265.7731,265.7731,332.2164,332.2164,4.000000,4.000000,4.000000,5.000000,5.000000,96.000000,96.000000,96.000000,95.000000,95.000000,5.0,1461.7522,1339.0033,5182.5761,5305.325,PENDING_AG03,FALSE,NOT_FOR_ENFORCEMENT,6378.5552,554612.3973,6644.3283,6378.5552,265.7731,0.01053293,0.01011162,265.7731,6378.5552,0.01011162,265.7731,265.7731,265.7731,332.2164,332.2164,6378.5552,0.01011162,1461.7522,1339.0033,5182.5761,5305.325,0.00821569,0.00841028,0.00042132,144.3512,141.7025,1.6297,93.5821,10.0216,8884.7126,57.4225,158.2289,140.3023,51.4311,102.8621,129.7286,258.1778,514.3107,1008.3546,77.1466,0.0,5.0,9.802971,1.403346,17,104,92,7,0.24757185,0.01053293,0.02940797,0E-8,0.000000,0.915834,0.000000,-0.02508550,2026-05-12,2026-08-06,71,663,310,87,0.816092,1.127771,1.096139,0.825239,,,,,,,,GLOBAL_BASELINE_NO_ENTITY_RANKING,,,NOT_APPLICABLE_GLOBAL_BASELINE,HF9g-P5,,,,X 全窗基线 · 不参与实体赏罚,14193669,1420,A168_HF9F_20260827_0900,2026-08-27 09:00:00
2026-06-22,137070871,1307,0,540.0262298453,-162.0078689535,-162.0078689535,0.4000000,6,6,0.50665070000000000,0.506650700000,-0.4769986289884125,-0.4769986289884125,-0.4769986289884125,0E-17,ELIGIBLE,R03b_20260811_FULL_v1,L1_ELIGIBILITY,v2026-08-11,2026-03-21..2026-08-06,baccarat_bet02_101_all_pairs_incl_sentinel,round_win = game_pnl > 0 (decisive only),COMPATIBILITY_ONLY_NOT_PRODUCTION,630814.5920,577721.2471,6644.3283,4370,4077,-0.01053293,-0.02940797,-0.00432247,-0.01053293,-6644.3283,630814.5920,OK,0.0000,265.7731,4.0000,96.0000,AG03-UNRESOLVED,ALL5_LEVELS_bet23_to_bet27,265.7731,265.7731,265.7731,332.2164,332.2164,4.000000,4.000000,4.000000,5.000000,5.000000,96.000000,96.000000,96.000000,95.000000,95.000000,5.0,1461.7522,1339.0033,5182.5761,5305.325,PENDING_AG03,FALSE,NOT_FOR_ENFORCEMENT,6378.5552,554612.3973,6644.3283,6378.5552,265.7731,0.01053293,0.01011162,265.7731,6378.5552,0.01011162,265.7731,265.7731,265.7731,332.2164,332.2164,6378.5552,0.01011162,1461.7522,1339.0033,5182.5761,5305.325,0.00821569,0.00841028,0.00042132,144.3512,141.7025,1.6297,93.5821,10.0216,8884.7126,57.4225,158.2289,140.3023,51.4311,102.8621,129.7286,258.1778,514.3107,1008.3546,77.1466,0.0,5.0,9.802971,1.403346,17,104,92,7,0.24757185,0.01053293,0.02940797,0E-8,0.000000,0.915834,0.000000,-0.02508550,2026-05-12,2026-08-06,71,663,310,87,0.816092,1.127771,1.096139,0.825239,,,,,,,,GLOBAL_BASELINE_NO_ENTITY_RANKING,,,NOT_APPLICABLE_GLOBAL_BASELINE,HF9g-P5,,,,X 全窗基线 · 不参与实体赏罚,14193670,1420,A168_HF9F_20260827_0900,2026-08-27 09:00:00
2026-06-22,137070871,1325,0,128.5776737727,-128.5776737727,-128.5776737727,0E-7,1,1,0.50665070000000000,0.506650700000,-1.013391052207602,-1.013391052207602,-1.013391052207602,0E-17,ELIGIBLE,R03b_20260811_FULL_v1,L1_ELIGIBILITY,v2026-08-11,2026-03-21..2026-08-06,baccarat_bet02_101_all_pairs_incl_sentinel,round_win = game_pnl > 0 (decisive only),COMPATIBILITY_ONLY_NOT_PRODUCTION,630814.5920,577721.2471,6644.3283,4370,4077,-0.01053293,-0.02940797,-0.00432247,-0.01053293,-6644.3283,630814.5920,OK,0.0000,265.7731,4.0000,96.0000,AG03-UNRESOLVED,ALL5_LEVELS_bet23_to_bet27,265.7731,265.7731,265.7731,332.2164,332.2164,4.000000,4.000000,4.000000,5.000000,5.000000,96.000000,96.000000,96.000000,95.000000,95.000000,5.0,1461.7522,1339.0033,5182.5761,5305.325,PENDING_AG03,FALSE,NOT_FOR_ENFORCEMENT,6378.5552,554612.3973,6644.3283,6378.5552,265.7731,0.01053293,0.01011162,265.7731,6378.5552,0.01011162,265.7731,265.7731,265.7731,332.2164,332.2164,6378.5552,0.01011162,1461.7522,1339.0033,5182.5761,5305.325,0.00821569,0.00841028,0.00042132,144.3512,141.7025,1.6297,93.5821,10.0216,8884.7126,57.4225,158.2289,140.3023,51.4311,102.8621,129.7286,258.1778,514.3107,1008.3546,77.1466,0.0,5.0,9.802971,1.403346,17,104,92,7,0.24757185,0.01053293,0.02940797,0E-8,0.000000,0.915834,0.000000,-0.02508550,2026-05-12,2026-08-06,71,663,310,87,0.816092,1.127771,1.096139,0.825239,,,,,,,,GLOBAL_BASELINE_NO_ENTITY_RANKING,,,NOT_APPLICABLE_GLOBAL_BASELINE,HF9g-P5,,,,X 全窗基线 · 不参与实体赏罚,14193671,1420,A168_HF9F_20260827_0900,2026-08-27 09:00:00
2026-06-22,137070871,1384,0,128.5776737727,0E-10,0E-10,,1,1,0.50665070000000000,0.506650700000,,,,0E-17,NO_DECISIVE_ROUND,R03b_20260811_FULL_v1,L1_ELIGIBILITY,v2026-08-11,2026-03-21..2026-08-06,baccarat_bet02_101_all_pairs_incl_sentinel,round_win = game_pnl > 0 (decisive only),COMPATIBILITY_ONLY_NOT_PRODUCTION,630814.5920,577721.2471,6644.3283,4370,4077,-0.01053293,-0.02940797,-0.00432247,-0.01053293,-6644.3283,630814.5920,OK,0.0000,265.7731,4.0000,96.0000,AG03-UNRESOLVED,ALL5_LEVELS_bet23_to_bet27,265.7731,265.7731,265.7731,332.2164,332.2164,4.000000,4.000000,4.000000,5.000000,5.000000,96.000000,96.000000,96.000000,95.000000,95.000000,5.0,1461.7522,1339.0033,5182.5761,5305.325,PENDING_AG03,FALSE,NOT_FOR_ENFORCEMENT,6378.5552,554612.3973,6644.3283,6378.5552,265.7731,0.01053293,0.01011162,265.7731,6378.5552,0.01011162,265.7731,265.7731,265.7731,332.2164,332.2164,6378.5552,0.01011162,1461.7522,1339.0033,5182.5761,5305.325,0.00821569,0.00841028,0.00042132,144.3512,141.7025,1.6297,93.5821,10.0216,8884.7126,57.4225,158.2289,140.3023,51.4311,102.8621,129.7286,258.1778,514.3107,1008.3546,77.1466,0.0,5.0,9.802971,1.403346,17,104,92,7,0.24757185,0.01053293,0.02940797,0E-8,0.000000,0.915834,0.000000,-0.02508550,2026-05-12,2026-08-06,71,663,310,87,0.816092,1.127771,1.096139,0.825239,,,,,,,,GLOBAL_BASELINE_NO_ENTITY_RANKING,,,NOT_APPLICABLE_GLOBAL_BASELINE,HF9g-P5,,,,X 全窗基线 · 不参与实体赏罚,14193672,1420,A168_HF9F_20260827_0900,2026-08-27 09:00:00
2026-06-22,137070871,2088,0,581.1710854527,-277.7277753491,-277.7277753491,0.3750000,8,8,0.50497505000000000,0.504975050000,-0.7352863131446508,-0.7352863131446508,-0.7352863131446508,0E-17,ELIGIBLE,R03b_20260811_FULL_v1,L1_ELIGIBILITY,v2026-08-11,2026-03-21..2026-08-06,baccarat_bet02_101_all_pairs_incl_sentinel,round_win = game_pnl > 0 (decisive only),COMPATIBILITY_ONLY_NOT_PRODUCTION,630814.5920,577721.2471,6644.3283,4370,4077,-0.01053293,-0.02940797,-0.00432247,-0.01053293,-6644.3283,630814.5920,OK,0.0000,265.7731,4.0000,96.0000,AG03-UNRESOLVED,ALL5_LEVELS_bet23_to_bet27,265.7731,265.7731,265.7731,332.2164,332.2164,4.000000,4.000000,4.000000,5.000000,5.000000,96.000000,96.000000,96.000000,95.000000,95.000000,5.0,1461.7522,1339.0033,5182.5761,5305.325,PENDING_AG03,FALSE,NOT_FOR_ENFORCEMENT,6378.5552,554612.3973,6644.3283,6378.5552,265.7731,0.01053293,0.01011162,265.7731,6378.5552,0.01011162,265.7731,265.7731,265.7731,332.2164,332.2164,6378.5552,0.01011162,1461.7522,1339.0033,5182.5761,5305.325,0.00821569,0.00841028,0.00042132,144.3512,141.7025,1.6297,93.5821,10.0216,8884.7126,57.4225,158.2289,140.3023,51.4311,102.8621,129.7286,258.1778,514.3107,1008.3546,77.1466,0.0,5.0,9.802971,1.403346,17,104,92,7,0.24757185,0.01053293,0.02940797,0E-8,0.000000,0.915834,0.000000,-0.02508550,2026-05-12,2026-08-06,71,663,310,87,0.816092,1.127771,1.096139,0.825239,,,,,,,,GLOBAL_BASELINE_NO_ENTITY_RANKING,,,NOT_APPLICABLE_GLOBAL_BASELINE,HF9g-P5,,,,X 全窗基线 · 不参与实体赏罚,14193673,1420,A168_HF9F_20260827_0900,2026-08-27 09:00:00
2026-06-22,137070871,2145,0,668.6039036180,-239.1544732171,-239.1544732171,0.4000000,6,6,0.50441650000000000,0.504416500000,-0.466983001748531,-0.466983001748531,-0.466983001748531,0E-17,ELIGIBLE,R03b_20260811_FULL_v1,L1_ELIGIBILITY,v2026-08-11,2026-03-21..2026-08-06,baccarat_bet02_101_all_pairs_incl_sentinel,round_win = game_pnl > 0 (decisive only),COMPATIBILITY_ONLY_NOT_PRODUCTION,630814.5920,577721.2471,6644.3283,4370,4077,-0.01053293,-0.02940797,-0.00432247,-0.01053293,-6644.3283,630814.5920,OK,0.0000,265.7731,4.0000,96.0000,AG03-UNRESOLVED,ALL5_LEVELS_bet23_to_bet27,265.7731,265.7731,265.7731,332.2164,332.2164,4.000000,4.000000,4.000000,5.000000,5.000000,96.000000,96.000000,96.000000,95.000000,95.000000,5.0,1461.7522,1339.0033,5182.5761,5305.325,PENDING_AG03,FALSE,NOT_FOR_ENFORCEMENT,6378.5552,554612.3973,6644.3283,6378.5552,265.7731,0.01053293,0.01011162,265.7731,6378.5552,0.01011162,265.7731,265.7731,265.7731,332.2164,332.2164,6378.5552,0.01011162,1461.7522,1339.0033,5182.5761,5305.325,0.00821569,0.00841028,0.00042132,144.3512,141.7025,1.6297,93.5821,10.0216,8884.7126,57.4225,158.2289,140.3023,51.4311,102.8621,129.7286,258.1778,514.3107,1008.3546,77.1466,0.0,5.0,9.802971,1.403346,17,104,92,7,0.24757185,0.01053293,0.02940797,0E-8,0.000000,0.915834,0.000000,-0.02508550,2026-05-12,2026-08-06,71,663,310,87,0.816092,1.127771,1.096139,0.825239,,,,,,,,GLOBAL_BASELINE_NO_ENTITY_RANKING,,,NOT_APPLICABLE_GLOBAL_BASELINE,HF9g-P5,,,,X 全窗基线 · 不参与实体赏罚,14193674,1420,A168_HF9F_20260827_0900,2026-08-27 09:00:00
2026-06-22,137070871,2196,0,900.0437164089,732.8927405046,732.8927405046,1.0000000,7,7,0.50665070000000000,0.506650700000,2.4171219367362036,2.4171219367362036,2.4171219367362036,0E-17,ELIGIBLE,R03b_20260811_FULL_v1,L1_ELIGIBILITY,v2026-08-11,2026-03-21..2026-08-06,baccarat_bet02_101_all_pairs_incl_sentinel,round_win = game_pnl > 0 (decisive only),COMPATIBILITY_ONLY_NOT_PRODUCTION,630814.5920,577721.2471,6644.3283,4370,4077,-0.01053293,-0.02940797,-0.00432247,-0.01053293,-6644.3283,630814.5920,OK,0.0000,265.7731,4.0000,96.0000,AG03-UNRESOLVED,ALL5_LEVELS_bet23_to_bet27,265.7731,265.7731,265.7731,332.2164,332.2164,4.000000,4.000000,4.000000,5.000000,5.000000,96.000000,96.000000,96.000000,95.000000,95.000000,5.0,1461.7522,1339.0033,5182.5761,5305.325,PENDING_AG03,FALSE,NOT_FOR_ENFORCEMENT,6378.5552,554612.3973,6644.3283,6378.5552,265.7731,0.01053293,0.01011162,265.7731,6378.5552,0.01011162,265.7731,265.7731,265.7731,332.2164,332.2164,6378.5552,0.01011162,1461.7522,1339.0033,5182.5761,5305.325,0.00821569,0.00841028,0.00042132,144.3512,141.7025,1.6297,93.5821,10.0216,8884.7126,57.4225,158.2289,140.3023,51.4311,102.8621,129.7286,258.1778,514.3107,1008.3546,77.1466,0.0,5.0,9.802971,1.403346,17,104,92,7,0.24757185,0.01053293,0.02940797,0E-8,0.000000,0.915834,0.000000,-0.02508550,2026-05-12,2026-08-06,71,663,310,87,0.816092,1.127771,1.096139,0.825239,,,,,,,,GLOBAL_BASELINE_NO_ENTITY_RANKING,,,NOT_APPLICABLE_GLOBAL_BASELINE,HF9g-P5,,,,X 全窗基线 · 不参与实体赏罚,14193675,1420,A168_HF9F_20260827_0900,2026-08-27 09:00:00
2026-06-22,137070871,2281,0,771.4660426364,-771.4660426364,-771.4660426364,0E-7,2,2,0.49324550000000000,0.493245500000,-1.3952362676504506,-1.3952362676504506,-1.3952362676504506,0E-17,ELIGIBLE,R03b_20260811_FULL_v1,L1_ELIGIBILITY,v2026-08-11,2026-03-21..2026-08-06,baccarat_bet02_101_all_pairs_incl_sentinel,round_win = game_pnl > 0 (decisive only),COMPATIBILITY_ONLY_NOT_PRODUCTION,630814.5920,577721.2471,6644.3283,4370,4077,-0.01053293,-0.02940797,-0.00432247,-0.01053293,-6644.3283,630814.5920,OK,0.0000,265.7731,4.0000,96.0000,AG03-UNRESOLVED,ALL5_LEVELS_bet23_to_bet27,265.7731,265.7731,265.7731,332.2164,332.2164,4.000000,4.000000,4.000000,5.000000,5.000000,96.000000,96.000000,96.000000,95.000000,95.000000,5.0,1461.7522,1339.0033,5182.5761,5305.325,PENDING_AG03,FALSE,NOT_FOR_ENFORCEMENT,6378.5552,554612.3973,6644.3283,6378.5552,265.7731,0.01053293,0.01011162,265.7731,6378.5552,0.01011162,265.7731,265.7731,265.7731,332.2164,332.2164,6378.5552,0.01011162,1461.7522,1339.0033,5182.5761,5305.325,0.00821569,0.00841028,0.00042132,144.3512,141.7025,1.6297,93.5821,10.0216,8884.7126,57.4225,158.2289,140.3023,51.4311,102.8621,129.7286,258.1778,514.3107,1008.3546,77.1466,0.0,5.0,9.802971,1.403346,17,104,92,7,0.24757185,0.01053293,0.02940797,0E-8,0.000000,0.915834,0.000000,-0.02508550,2026-05-12,2026-08-06,71,663,310,87,0.816092,1.127771,1.096139,0.825239,,,,,,,,GLOBAL_BASELINE_NO_ENTITY_RANKING,,,NOT_APPLICABLE_GLOBAL_BASELINE,HF9g-P5,,,,X 全窗基线 · 不参与实体赏罚,14193676,1420,A168_HF9F_20260827_0900,2026-08-27 09:00:00
2026-06-22,137070871,994,0,257.1553475455,-257.1553475455,-257.1553475455,0E-7,1,1,0.50665070000000000,0.506650700000,-1.013391052207602,-1.013391052207602,-1.013391052207602,0E-17,ELIGIBLE,R03b_20260811_FULL_v1,L1_ELIGIBILITY,v2026-08-11,2026-03-21..2026-08-06,baccarat_bet02_101_all_pairs_incl_sentinel,round_win = game_pnl > 0 (decisive only),COMPATIBILITY_ONLY_NOT_PRODUCTION,630814.5920,577721.2471,6644.3283,4370,4077,-0.01053293,-0.02940797,-0.00432247,-0.01053293,-6644.3283,630814.5920,OK,0.0000,265.7731,4.0000,96.0000,AG03-UNRESOLVED,ALL5_LEVELS_bet23_to_bet27,265.7731,265.7731,265.7731,332.2164,332.2164,4.000000,4.000000,4.000000,5.000000,5.000000,96.000000,96.000000,96.000000,95.000000,95.000000,5.0,1461.7522,1339.0033,5182.5761,5305.325,PENDING_AG03,FALSE,NOT_FOR_ENFORCEMENT,6378.5552,554612.3973,6644.3283,6378.5552,265.7731,0.01053293,0.01011162,265.7731,6378.5552,0.01011162,265.7731,265.7731,265.7731,332.2164,332.2164,6378.5552,0.01011162,1461.7522,1339.0033,5182.5761,5305.325,0.00821569,0.00841028,0.00042132,144.3512,141.7025,1.6297,93.5821,10.0216,8884.7126,57.4225,158.2289,140.3023,51.4311,102.8621,129.7286,258.1778,514.3107,1008.3546,77.1466,0.0,5.0,9.802971,1.403346,17,104,92,7,0.24757185,0.01053293,0.02940797,0E-8,0.000000,0.915834,0.000000,-0.02508550,2026-05-12,2026-08-06,71,663,310,87,0.816092,1.127771,1.096139,0.825239,,,,,,,,GLOBAL_BASELINE_NO_ENTITY_RANKING,,,NOT_APPLICABLE_GLOBAL_BASELINE,HF9g-P5,,,,X 全窗基线 · 不参与实体赏罚,14193677,1420,A168_HF9F_20260827_0900,2026-08-27 09:00:00
2026-06-23,137070871,1004,0,385.7330213182,115.7199063955,115.7199063955,0.5000000,2,2,0.49994810000000000,0.499948100000,0.00014679536856514622,0.00014679536856514622,0.00014679536856514622,0E-17,ELIGIBLE,R03b_20260811_FULL_v1,L1_ELIGIBILITY,v2026-08-11,2026-03-21..2026-08-06,baccarat_bet02_101_all_pairs_incl_sentinel,round_win = game_pnl > 0 (decisive only),COMPATIBILITY_ONLY_NOT_PRODUCTION,630814.5920,577721.2471,6644.3283,4370,4077,-0.01053293,-0.02940797,-0.00432247,-0.01053293,-6644.3283,630814.5920,OK,0.0000,265.7731,4.0000,96.0000,AG03-UNRESOLVED,ALL5_LEVELS_bet23_to_bet27,265.7731,265.7731,265.7731,332.2164,332.2164,4.000000,4.000000,4.000000,5.000000,5.000000,96.000000,96.000000,96.000000,95.000000,95.000000,5.0,1461.7522,1339.0033,5182.5761,5305.325,PENDING_AG03,FALSE,NOT_FOR_ENFORCEMENT,6378.5552,554612.3973,6644.3283,6378.5552,265.7731,0.01053293,0.01011162,265.7731,6378.5552,0.01011162,265.7731,265.7731,265.7731,332.2164,332.2164,6378.5552,0.01011162,1461.7522,1339.0033,5182.5761,5305.325,0.00821569,0.00841028,0.00042132,144.3512,141.7025,1.6297,93.5821,10.0216,8884.7126,57.4225,158.2289,140.3023,51.4311,102.8621,129.7286,258.1778,514.3107,1008.3546,77.1466,0.0,5.0,9.802971,1.403346,17,104,92,7,0.24757185,0.01053293,0.02940797,0E-8,0.000000,0.915834,0.000000,-0.02508550,2026-05-12,2026-08-06,71,663,310,87,0.816092,1.127771,1.096139,0.825239,,,,,,,,GLOBAL_BASELINE_NO_ENTITY_RANKING,,,NOT_APPLICABLE_GLOBAL_BASELINE,HF9g-P5,,,,X 全窗基线 · 不参与实体赏罚,14193678,1420,A168_HF9F_20260827_0900,2026-08-27 09:00:00
2026-06-23,137070871,1306,0,1028.6213901820,-270.0131149228,-270.0131149228,0.3333333,4,4,0.50329940000000000,0.503299400000,-0.5887925454369916,-0.5887925454369916,-0.5887925454369916,0E-17,ELIGIBLE,R03b_20260811_FULL_v1,L1_ELIGIBILITY,v2026-08-11,2026-03-21..2026-08-06,baccarat_bet02_101_all_pairs_incl_sentinel,round_win = game_pnl > 0 (decisive only),COMPATIBILITY_ONLY_NOT_PRODUCTION,630814.5920,577721.2471,6644.3283,4370,4077,-0.01053293,-0.02940797,-0.00432247,-0.01053293,-6644.3283,630814.5920,OK,0.0000,265.7731,4.0000,96.0000,AG03-UNRESOLVED,ALL5_LEVELS_bet23_to_bet27,265.7731,265.7731,265.7731,332.2164,332.2164,4.000000,4.000000,4.000000,5.000000,5.000000,96.000000,96.000000,96.000000,95.000000,95.000000,5.0,1461.7522,1339.0033,5182.5761,5305.325,PENDING_AG03,FALSE,NOT_FOR_ENFORCEMENT,6378.5552,554612.3973,6644.3283,6378.5552,265.7731,0.01053293,0.01011162,265.7731,6378.5552,0.01011162,265.7731,265.7731,265.7731,332.2164,332.2164,6378.5552,0.01011162,1461.7522,1339.0033,5182.5761,5305.325,0.00821569,0.00841028,0.00042132,144.3512,141.7025,1.6297,93.5821,10.0216,8884.7126,57.4225,158.2289,140.3023,51.4311,102.8621,129.7286,258.1778,514.3107,1008.3546,77.1466,0.0,5.0,9.802971,1.403346,17,104,92,7,0.24757185,0.01053293,0.02940797,0E-8,0.000000,0.915834,0.000000,-0.02508550,2026-05-12,2026-08-06,71,663,310,87,0.816092,1.127771,1.096139,0.825239,,,,,,,,GLOBAL_BASELINE_NO_ENTITY_RANKING,,,NOT_APPLICABLE_GLOBAL_BASELINE,HF9g-P5,,,,X 全窗基线 · 不参与实体赏罚,14193679,1420,A168_HF9F_20260827_0900,2026-08-27 09:00:00
2026-06-23,137070871,1385,0,2185.8204541365,1388.6388767455,1388.6388767455,0.7500000,5,5,0.49860758000000000,0.498607580000,1.005573579286957,1.005573579286957,1.005573579286957,0E-17,ELIGIBLE,R03b_20260811_FULL_v1,L1_ELIGIBILITY,v2026-08-11,2026-03-21..2026-08-06,baccarat_bet02_101_all_pairs_incl_sentinel,round_win = game_pnl > 0 (decisive only),COMPATIBILITY_ONLY_NOT_PRODUCTION,630814.5920,577721.2471,6644.3283,4370,4077,-0.01053293,-0.02940797,-0.00432247,-0.01053293,-6644.3283,630814.5920,OK,0.0000,265.7731,4.0000,96.0000,AG03-UNRESOLVED,ALL5_LEVELS_bet23_to_bet27,265.7731,265.7731,265.7731,332.2164,332.2164,4.000000,4.000000,4.000000,5.000000,5.000000,96.000000,96.000000,96.000000,95.000000,95.000000,5.0,1461.7522,1339.0033,5182.5761,5305.325,PENDING_AG03,FALSE,NOT_FOR_ENFORCEMENT,6378.5552,554612.3973,6644.3283,6378.5552,265.7731,0.01053293,0.01011162,265.7731,6378.5552,0.01011162,265.7731,265.7731,265.7731,332.2164,332.2164,6378.5552,0.01011162,1461.7522,1339.0033,5182.5761,5305.325,0.00821569,0.00841028,0.00042132,144.3512,141.7025,1.6297,93.5821,10.0216,8884.7126,57.4225,158.2289,140.3023,51.4311,102.8621,129.7286,258.1778,514.3107,1008.3546,77.1466,0.0,5.0,9.802971,1.403346,17,104,92,7,0.24757185,0.01053293,0.02940797,0E-8,0.000000,0.915834,0.000000,-0.02508550,2026-05-12,2026-08-06,71,663,310,87,0.816092,1.127771,1.096139,0.825239,,,,,,,,GLOBAL_BASELINE_NO_ENTITY_RANKING,,,NOT_APPLICABLE_GLOBAL_BASELINE,HF9g-P5,,,,X 全窗基线 · 不参与实体赏罚,14193680,1420,A168_HF9F_20260827_0900,2026-08-27 09:00:00
2026-06-23,137070871,1401,0,771.4660426364,514.3106950910,514.3106950910,0.7500000,4,4,0.49324550000000000,0.493245500000,1.0271117246678039,1.0271117246678039,1.0271117246678039,0E-17,ELIGIBLE,R03b_20260811_FULL_v1,L1_ELIGIBILITY,v2026-08-11,2026-03-21..2026-08-06,baccarat_bet02_101_all_pairs_incl_sentinel,round_win = game_pnl > 0 (decisive only),COMPATIBILITY_ONLY_NOT_PRODUCTION,630814.5920,577721.2471,6644.3283,4370,4077,-0.01053293,-0.02940797,-0.00432247,-0.01053293,-6644.3283,630814.5920,OK,0.0000,265.7731,4.0000,96.0000,AG03-UNRESOLVED,ALL5_LEVELS_bet23_to_bet27,265.7731,265.7731,265.7731,332.2164,332.2164,4.000000,4.000000,4.000000,5.000000,5.000000,96.000000,96.000000,96.000000,95.000000,95.000000,5.0,1461.7522,1339.0033,5182.5761,5305.325,PENDING_AG03,FALSE,NOT_FOR_ENFORCEMENT,6378.5552,554612.3973,6644.3283,6378.5552,265.7731,0.01053293,0.01011162,265.7731,6378.5552,0.01011162,265.7731,265.7731,265.7731,332.2164,332.2164,6378.5552,0.01011162,1461.7522,1339.0033,5182.5761,5305.325,0.00821569,0.00841028,0.00042132,144.3512,141.7025,1.6297,93.5821,10.0216,8884.7126,57.4225,158.2289,140.3023,51.4311,102.8621,129.7286,258.1778,514.3107,1008.3546,77.1466,0.0,5.0,9.802971,1.403346,17,104,92,7,0.24757185,0.01053293,0.02940797,0E-8,0.000000,0.915834,0.000000,-0.02508550,2026-05-12,2026-08-06,71,663,310,87,0.816092,1.127771,1.096139,0.825239,,,,,,,,GLOBAL_BASELINE_NO_ENTITY_RANKING,,,NOT_APPLICABLE_GLOBAL_BASELINE,HF9g-P5,,,,X 全窗基线 · 不参与实体赏罚,14193681,1420,A168_HF9F_20260827_0900,2026-08-27 09:00:00
2026-06-23,137070871,1505,0,1028.6213901818,-19.2866510659,-19.2866510659,0.5000000,6,6,0.49994810000000000,0.499948100000,0.00025425703667063243,0.00025425703667063243,0.00025425703667063243,0E-17,ELIGIBLE,R03b_20260811_FULL_v1,L1_ELIGIBILITY,v2026-08-11,2026-03-21..2026-08-06,baccarat_bet02_101_all_pairs_incl_sentinel,round_win = game_pnl > 0 (decisive only),COMPATIBILITY_ONLY_NOT_PRODUCTION,630814.5920,577721.2471,6644.3283,4370,4077,-0.01053293,-0.02940797,-0.00432247,-0.01053293,-6644.3283,630814.5920,OK,0.0000,265.7731,4.0000,96.0000,AG03-UNRESOLVED,ALL5_LEVELS_bet23_to_bet27,265.7731,265.7731,265.7731,332.2164,332.2164,4.000000,4.000000,4.000000,5.000000,5.000000,96.000000,96.000000,96.000000,95.000000,95.000000,5.0,1461.7522,1339.0033,5182.5761,5305.325,PENDING_AG03,FALSE,NOT_FOR_ENFORCEMENT,6378.5552,554612.3973,6644.3283,6378.5552,265.7731,0.01053293,0.01011162,265.7731,6378.5552,0.01011162,265.7731,265.7731,265.7731,332.2164,332.2164,6378.5552,0.01011162,1461.7522,1339.0033,5182.5761,5305.325,0.00821569,0.00841028,0.00042132,144.3512,141.7025,1.6297,93.5821,10.0216,8884.7126,57.4225,158.2289,140.3023,51.4311,102.8621,129.7286,258.1778,514.3107,1008.3546,77.1466,0.0,5.0,9.802971,1.403346,17,104,92,7,0.24757185,0.01053293,0.02940797,0E-8,0.000000,0.915834,0.000000,-0.02508550,2026-05-12,2026-08-06,71,663,310,87,0.816092,1.127771,1.096139,0.825239,,,,,,,,GLOBAL_BASELINE_NO_ENTITY_RANKING,,,NOT_APPLICABLE_GLOBAL_BASELINE,HF9g-P5,,,,X 全窗基线 · 不参与实体赏罚,14193682,1420,A168_HF9F_20260827_0900,2026-08-27 09:00:00
2026-06-24,137070871,-1,1,128.5776737727,122.1487900841,122.1487900841,1.0000000,1,1,0.50665070000000000,0.506650700000,0.9867858985152569,0.9867858985152569,0.9867858985152569,0E-17,SENTINEL_DEALER,R03b_20260811_FULL_v1,L1_ELIGIBILITY,v2026-08-11,2026-03-21..2026-08-06,baccarat_bet02_101_all_pairs_incl_sentinel,round_win = game_pnl > 0 (decisive only),COMPATIBILITY_ONLY_NOT_PRODUCTION,630814.5920,577721.2471,6644.3283,4370,4077,-0.01053293,-0.02940797,-0.00432247,-0.01053293,-6644.3283,630814.5920,OK,0.0000,265.7731,4.0000,96.0000,AG03-UNRESOLVED,ALL5_LEVELS_bet23_to_bet27,265.7731,265.7731,265.7731,332.2164,332.2164,4.000000,4.000000,4.000000,5.000000,5.000000,96.000000,96.000000,96.000000,95.000000,95.000000,5.0,1461.7522,1339.0033,5182.5761,5305.325,PENDING_AG03,FALSE,NOT_FOR_ENFORCEMENT,6378.5552,554612.3973,6644.3283,6378.5552,265.7731,0.01053293,0.01011162,265.7731,6378.5552,0.01011162,265.7731,265.7731,265.7731,332.2164,332.2164,6378.5552,0.01011162,1461.7522,1339.0033,5182.5761,5305.325,0.00821569,0.00841028,0.00042132,144.3512,141.7025,1.6297,93.5821,10.0216,8884.7126,57.4225,158.2289,140.3023,51.4311,102.8621,129.7286,258.1778,514.3107,1008.3546,77.1466,0.0,5.0,9.802971,1.403346,17,104,92,7,0.24757185,0.01053293,0.02940797,0E-8,0.000000,0.915834,0.000000,-0.02508550,2026-05-12,2026-08-06,71,663,310,87,0.816092,1.127771,1.096139,0.825239,,,,,,,,GLOBAL_BASELINE_NO_ENTITY_RANKING,,,NOT_APPLICABLE_GLOBAL_BASELINE,HF9g-P5,,,,X 全窗基线 · 不参与实体赏罚,14193683,1420,A168_HF9F_20260827_0900,2026-08-27 09:00:00
2026-06-24,137070871,1004,0,128.5776737727,-128.5776737727,-128.5776737727,0E-7,1,1,0.49324550000000000,0.493245500000,-0.9865810262130424,-0.9865810262130424,-0.9865810262130424,0E-17,ELIGIBLE,R03b_20260811_FULL_v1,L1_ELIGIBILITY,v2026-08-11,2026-03-21..2026-08-06,baccarat_bet02_101_all_pairs_incl_sentinel,round_win = game_pnl > 0 (decisive only),COMPATIBILITY_ONLY_NOT_PRODUCTION,630814.5920,577721.2471,6644.3283,4370,4077,-0.01053293,-0.02940797,-0.00432247,-0.01053293,-6644.3283,630814.5920,OK,0.0000,265.7731,4.0000,96.0000,AG03-UNRESOLVED,ALL5_LEVELS_bet23_to_bet27,265.7731,265.7731,265.7731,332.2164,332.2164,4.000000,4.000000,4.000000,5.000000,5.000000,96.000000,96.000000,96.000000,95.000000,95.000000,5.0,1461.7522,1339.0033,5182.5761,5305.325,PENDING_AG03,FALSE,NOT_FOR_ENFORCEMENT,6378.5552,554612.3973,6644.3283,6378.5552,265.7731,0.01053293,0.01011162,265.7731,6378.5552,0.01011162,265.7731,265.7731,265.7731,332.2164,332.2164,6378.5552,0.01011162,1461.7522,1339.0033,5182.5761,5305.325,0.00821569,0.00841028,0.00042132,144.3512,141.7025,1.6297,93.5821,10.0216,8884.7126,57.4225,158.2289,140.3023,51.4311,102.8621,129.7286,258.1778,514.3107,1008.3546,77.1466,0.0,5.0,9.802971,1.403346,17,104,92,7,0.24757185,0.01053293,0.02940797,0E-8,0.000000,0.915834,0.000000,-0.02508550,2026-05-12,2026-08-06,71,663,310,87,0.816092,1.127771,1.096139,0.825239,,,,,,,,GLOBAL_BASELINE_NO_ENTITY_RANKING,,,NOT_APPLICABLE_GLOBAL_BASELINE,HF9g-P5,,,,X 全窗基线 · 不参与实体赏罚,14193684,1420,A168_HF9F_20260827_0900,2026-08-27 09:00:00
2026-06-24,137070871,1306,0,1721.9122071644,-753.6066037493,-753.6066037493,0.2500000,4,4,0.49994810000000000,0.499948100000,-0.9997924053861017,-0.9997924053861017,-0.9997924053861017,0E-17,ELIGIBLE,R03b_20260811_FULL_v1,L1_ELIGIBILITY,v2026-08-11,2026-03-21..2026-08-06,baccarat_bet02_101_all_pairs_incl_sentinel,round_win = game_pnl > 0 (decisive only),COMPATIBILITY_ONLY_NOT_PRODUCTION,630814.5920,577721.2471,6644.3283,4370,4077,-0.01053293,-0.02940797,-0.00432247,-0.01053293,-6644.3283,630814.5920,OK,0.0000,265.7731,4.0000,96.0000,AG03-UNRESOLVED,ALL5_LEVELS_bet23_to_bet27,265.7731,265.7731,265.7731,332.2164,332.2164,4.000000,4.000000,4.000000,5.000000,5.000000,96.000000,96.000000,96.000000,95.000000,95.000000,5.0,1461.7522,1339.0033,5182.5761,5305.325,PENDING_AG03,FALSE,NOT_FOR_ENFORCEMENT,6378.5552,554612.3973,6644.3283,6378.5552,265.7731,0.01053293,0.01011162,265.7731,6378.5552,0.01011162,265.7731,265.7731,265.7731,332.2164,332.2164,6378.5552,0.01011162,1461.7522,1339.0033,5182.5761,5305.325,0.00821569,0.00841028,0.00042132,144.3512,141.7025,1.6297,93.5821,10.0216,8884.7126,57.4225,158.2289,140.3023,51.4311,102.8621,129.7286,258.1778,514.3107,1008.3546,77.1466,0.0,5.0,9.802971,1.403346,17,104,92,7,0.24757185,0.01053293,0.02940797,0E-8,0.000000,0.915834,0.000000,-0.02508550,2026-05-12,2026-08-06,71,663,310,87,0.816092,1.127771,1.096139,0.825239,,,,,,,,GLOBAL_BASELINE_NO_ENTITY_RANKING,,,NOT_APPLICABLE_GLOBAL_BASELINE,HF9g-P5,,,,X 全窗基线 · 不参与实体赏罚,14193685,1420,A168_HF9F_20260827_0900,2026-08-27 09:00:00
2026-06-24,137070871,1402,0,1671.5097590455,334.3019518091,334.3019518091,0.4000000,5,5,0.50396966000000000,0.503969660000,-0.4649811094771361,-0.4649811094771361,-0.4649811094771361,0E-17,ELIGIBLE,R03b_20260811_FULL_v1,L1_ELIGIBILITY,v2026-08-11,2026-03-21..2026-08-06,baccarat_bet02_101_all_pairs_incl_sentinel,round_win = game_pnl > 0 (decisive only),COMPATIBILITY_ONLY_NOT_PRODUCTION,630814.5920,577721.2471,6644.3283,4370,4077,-0.01053293,-0.02940797,-0.00432247,-0.01053293,-6644.3283,630814.5920,OK,0.0000,265.7731,4.0000,96.0000,AG03-UNRESOLVED,ALL5_LEVELS_bet23_to_bet27,265.7731,265.7731,265.7731,332.2164,332.2164,4.000000,4.000000,4.000000,5.000000,5.000000,96.000000,96.000000,96.000000,95.000000,95.000000,5.0,1461.7522,1339.0033,5182.5761,5305.325,PENDING_AG03,FALSE,NOT_FOR_ENFORCEMENT,6378.5552,554612.3973,6644.3283,6378.5552,265.7731,0.01053293,0.01011162,265.7731,6378.5552,0.01011162,265.7731,265.7731,265.7731,332.2164,332.2164,6378.5552,0.01011162,1461.7522,1339.0033,5182.5761,5305.325,0.00821569,0.00841028,0.00042132,144.3512,141.7025,1.6297,93.5821,10.0216,8884.7126,57.4225,158.2289,140.3023,51.4311,102.8621,129.7286,258.1778,514.3107,1008.3546,77.1466,0.0,5.0,9.802971,1.403346,17,104,92,7,0.24757185,0.01053293,0.02940797,0E-8,0.000000,0.915834,0.000000,-0.02508550,2026-05-12,2026-08-06,71,663,310,87,0.816092,1.127771,1.096139,0.825239,,,,,,,,GLOBAL_BASELINE_NO_ENTITY_RANKING,,,NOT_APPLICABLE_GLOBAL_BASELINE,HF9g-P5,,,,X 全窗基线 · 不参与实体赏罚,14193686,1420,A168_HF9F_20260827_0900,2026-08-27 09:00:00
2026-06-24,137070871,2093,0,6616.0927816494,-3044.7193149381,-3044.7193149381,0.2222222,11,11,0.50421339090909091,0.504213390909,-1.692007088450856,-1.6920070884503078,-1.692007088450856,9.091E-14,ELIGIBLE,R03b_20260811_FULL_v1,L1_ELIGIBILITY,v2026-08-11,2026-03-21..2026-08-06,baccarat_bet02_101_all_pairs_incl_sentinel,round_win = game_pnl > 0 (decisive only),COMPATIBILITY_ONLY_NOT_PRODUCTION,630814.5920,577721.2471,6644.3283,4370,4077,-0.01053293,-0.02940797,-0.00432247,-0.01053293,-6644.3283,630814.5920,OK,0.0000,265.7731,4.0000,96.0000,AG03-UNRESOLVED,ALL5_LEVELS_bet23_to_bet27,265.7731,265.7731,265.7731,332.2164,332.2164,4.000000,4.000000,4.000000,5.000000,5.000000,96.000000,96.000000,96.000000,95.000000,95.000000,5.0,1461.7522,1339.0033,5182.5761,5305.325,PENDING_AG03,FALSE,NOT_FOR_ENFORCEMENT,6378.5552,554612.3973,6644.3283,6378.5552,265.7731,0.01053293,0.01011162,265.7731,6378.5552,0.01011162,265.7731,265.7731,265.7731,332.2164,332.2164,6378.5552,0.01011162,1461.7522,1339.0033,5182.5761,5305.325,0.00821569,0.00841028,0.00042132,144.3512,141.7025,1.6297,93.5821,10.0216,8884.7126,57.4225,158.2289,140.3023,51.4311,102.8621,129.7286,258.1778,514.3107,1008.3546,77.1466,0.0,5.0,9.802971,1.403346,17,104,92,7,0.24757185,0.01053293,0.02940797,0E-8,0.000000,0.915834,0.000000,-0.02508550,2026-05-12,2026-08-06,71,663,310,87,0.816092,1.127771,1.096139,0.825239,,,,,,,,GLOBAL_BASELINE_NO_ENTITY_RANKING,,,NOT_APPLICABLE_GLOBAL_BASELINE,HF9g-P5,,,,X 全窗基线 · 不参与实体赏罚,14193687,1420,A168_HF9F_20260827_0900,2026-08-27 09:00:00
2026-06-24,137070871,2101,0,1542.9320852729,-38.5733021320,-38.5733021320,0.2500000,4,4,0.50329940000000000,0.503299400000,-1.013219660140378,-1.013219660140378,-1.013219660140378,0E-17,ELIGIBLE,R03b_20260811_FULL_v1,L1_ELIGIBILITY,v2026-08-11,2026-03-21..2026-08-06,baccarat_bet02_101_all_pairs_incl_sentinel,round_win = game_pnl > 0 (decisive only),COMPATIBILITY_ONLY_NOT_PRODUCTION,630814.5920,577721.2471,6644.3283,4370,4077,-0.01053293,-0.02940797,-0.00432247,-0.01053293,-6644.3283,630814.5920,OK,0.0000,265.7731,4.0000,96.0000,AG03-UNRESOLVED,ALL5_LEVELS_bet23_to_bet27,265.7731,265.7731,265.7731,332.2164,332.2164,4.000000,4.000000,4.000000,5.000000,5.000000,96.000000,96.000000,96.000000,95.000000,95.000000,5.0,1461.7522,1339.0033,5182.5761,5305.325,PENDING_AG03,FALSE,NOT_FOR_ENFORCEMENT,6378.5552,554612.3973,6644.3283,6378.5552,265.7731,0.01053293,0.01011162,265.7731,6378.5552,0.01011162,265.7731,265.7731,265.7731,332.2164,332.2164,6378.5552,0.01011162,1461.7522,1339.0033,5182.5761,5305.325,0.00821569,0.00841028,0.00042132,144.3512,141.7025,1.6297,93.5821,10.0216,8884.7126,57.4225,158.2289,140.3023,51.4311,102.8621,129.7286,258.1778,514.3107,1008.3546,77.1466,0.0,5.0,9.802971,1.403346,17,104,92,7,0.24757185,0.01053293,0.02940797,0E-8,0.000000,0.915834,0.000000,-0.02508550,2026-05-12,2026-08-06,71,663,310,87,0.816092,1.127771,1.096139,0.825239,,,,,,,,GLOBAL_BASELINE_NO_ENTITY_RANKING,,,NOT_APPLICABLE_GLOBAL_BASELINE,HF9g-P5,,,,X 全窗基线 · 不参与实体赏罚,14193688,1420,A168_HF9F_20260827_0900,2026-08-27 09:00:00
2026-06-24,137070871,2141,0,1800.0874328182,-12.8577673773,-12.8577673773,0.5000000,10,10,0.49860758000000000,0.498607580000,0.008806471467772546,0.008806471467772546,0.008806471467772546,0E-17,ELIGIBLE,R03b_20260811_FULL_v1,L1_ELIGIBILITY,v2026-08-11,2026-03-21..2026-08-06,baccarat_bet02_101_all_pairs_incl_sentinel,round_win = game_pnl > 0 (decisive only),COMPATIBILITY_ONLY_NOT_PRODUCTION,630814.5920,577721.2471,6644.3283,4370,4077,-0.01053293,-0.02940797,-0.00432247,-0.01053293,-6644.3283,630814.5920,OK,0.0000,265.7731,4.0000,96.0000,AG03-UNRESOLVED,ALL5_LEVELS_bet23_to_bet27,265.7731,265.7731,265.7731,332.2164,332.2164,4.000000,4.000000,4.000000,5.000000,5.000000,96.000000,96.000000,96.000000,95.000000,95.000000,5.0,1461.7522,1339.0033,5182.5761,5305.325,PENDING_AG03,FALSE,NOT_FOR_ENFORCEMENT,6378.5552,554612.3973,6644.3283,6378.5552,265.7731,0.01053293,0.01011162,265.7731,6378.5552,0.01011162,265.7731,265.7731,265.7731,332.2164,332.2164,6378.5552,0.01011162,1461.7522,1339.0033,5182.5761,5305.325,0.00821569,0.00841028,0.00042132,144.3512,141.7025,1.6297,93.5821,10.0216,8884.7126,57.4225,158.2289,140.3023,51.4311,102.8621,129.7286,258.1778,514.3107,1008.3546,77.1466,0.0,5.0,9.802971,1.403346,17,104,92,7,0.24757185,0.01053293,0.02940797,0E-8,0.000000,0.915834,0.000000,-0.02508550,2026-05-12,2026-08-06,71,663,310,87,0.816092,1.127771,1.096139,0.825239,,,,,,,,GLOBAL_BASELINE_NO_ENTITY_RANKING,,,NOT_APPLICABLE_GLOBAL_BASELINE,HF9g-P5,,,,X 全窗基线 · 不参与实体赏罚,14193689,1420,A168_HF9F_20260827_0900,2026-08-27 09:00:00
2026-06-24,137070871,2145,0,1157.1990639543,353.5886028751,353.5886028751,0.6666667,9,9,0.50367176666666667,0.503671766667,0.9779957707801055,0.9779957707781104,0.9779957707801055,-3.3333E-13,ELIGIBLE,R03b_20260811_FULL_v1,L1_ELIGIBILITY,v2026-08-11,2026-03-21..2026-08-06,baccarat_bet02_101_all_pairs_incl_sentinel,round_win = game_pnl > 0 (decisive only),COMPATIBILITY_ONLY_NOT_PRODUCTION,630814.5920,577721.2471,6644.3283,4370,4077,-0.01053293,-0.02940797,-0.00432247,-0.01053293,-6644.3283,630814.5920,OK,0.0000,265.7731,4.0000,96.0000,AG03-UNRESOLVED,ALL5_LEVELS_bet23_to_bet27,265.7731,265.7731,265.7731,332.2164,332.2164,4.000000,4.000000,4.000000,5.000000,5.000000,96.000000,96.000000,96.000000,95.000000,95.000000,5.0,1461.7522,1339.0033,5182.5761,5305.325,PENDING_AG03,FALSE,NOT_FOR_ENFORCEMENT,6378.5552,554612.3973,6644.3283,6378.5552,265.7731,0.01053293,0.01011162,265.7731,6378.5552,0.01011162,265.7731,265.7731,265.7731,332.2164,332.2164,6378.5552,0.01011162,1461.7522,1339.0033,5182.5761,5305.325,0.00821569,0.00841028,0.00042132,144.3512,141.7025,1.6297,93.5821,10.0216,8884.7126,57.4225,158.2289,140.3023,51.4311,102.8621,129.7286,258.1778,514.3107,1008.3546,77.1466,0.0,5.0,9.802971,1.403346,17,104,92,7,0.24757185,0.01053293,0.02940797,0E-8,0.000000,0.915834,0.000000,-0.02508550,2026-05-12,2026-08-06,71,663,310,87,0.816092,1.127771,1.096139,0.825239,,,,,,,,GLOBAL_BASELINE_NO_ENTITY_RANKING,,,NOT_APPLICABLE_GLOBAL_BASELINE,HF9g-P5,,,,X 全窗基线 · 不参与实体赏罚,14193690,1420,A168_HF9F_20260827_0900,2026-08-27 09:00:00
2026-06-24,137070871,2177,0,4885.9516033638,-1838.6607349502,-1838.6607349502,0.2500000,9,9,0.50069283333333333,0.500692833333,-1.4181341810195505,-1.4181341810176638,-1.4181341810195505,3.3333E-13,ELIGIBLE,R03b_20260811_FULL_v1,L1_ELIGIBILITY,v2026-08-11,2026-03-21..2026-08-06,baccarat_bet02_101_all_pairs_incl_sentinel,round_win = game_pnl > 0 (decisive only),COMPATIBILITY_ONLY_NOT_PRODUCTION,630814.5920,577721.2471,6644.3283,4370,4077,-0.01053293,-0.02940797,-0.00432247,-0.01053293,-6644.3283,630814.5920,OK,0.0000,265.7731,4.0000,96.0000,AG03-UNRESOLVED,ALL5_LEVELS_bet23_to_bet27,265.7731,265.7731,265.7731,332.2164,332.2164,4.000000,4.000000,4.000000,5.000000,5.000000,96.000000,96.000000,96.000000,95.000000,95.000000,5.0,1461.7522,1339.0033,5182.5761,5305.325,PENDING_AG03,FALSE,NOT_FOR_ENFORCEMENT,6378.5552,554612.3973,6644.3283,6378.5552,265.7731,0.01053293,0.01011162,265.7731,6378.5552,0.01011162,265.7731,265.7731,265.7731,332.2164,332.2164,6378.5552,0.01011162,1461.7522,1339.0033,5182.5761,5305.325,0.00821569,0.00841028,0.00042132,144.3512,141.7025,1.6297,93.5821,10.0216,8884.7126,57.4225,158.2289,140.3023,51.4311,102.8621,129.7286,258.1778,514.3107,1008.3546,77.1466,0.0,5.0,9.802971,1.403346,17,104,92,7,0.24757185,0.01053293,0.02940797,0E-8,0.000000,0.915834,0.000000,-0.02508550,2026-05-12,2026-08-06,71,663,310,87,0.816092,1.127771,1.096139,0.825239,,,,,,,,GLOBAL_BASELINE_NO_ENTITY_RANKING,,,NOT_APPLICABLE_GLOBAL_BASELINE,HF9g-P5,,,,X 全窗基线 · 不参与实体赏罚,14193691,1420,A168_HF9F_20260827_0900,2026-08-27 09:00:00
2026-06-24,137070871,2201,0,257.1553475455,-257.1553475455,-257.1553475455,0E-7,1,1,0.50665070000000000,0.506650700000,-1.013391052207602,-1.013391052207602,-1.013391052207602,0E-17,ELIGIBLE,R03b_20260811_FULL_v1,L1_ELIGIBILITY,v2026-08-11,2026-03-21..2026-08-06,baccarat_bet02_101_all_pairs_incl_sentinel,round_win = game_pnl > 0 (decisive only),COMPATIBILITY_ONLY_NOT_PRODUCTION,630814.5920,577721.2471,6644.3283,4370,4077,-0.01053293,-0.02940797,-0.00432247,-0.01053293,-6644.3283,630814.5920,OK,0.0000,265.7731,4.0000,96.0000,AG03-UNRESOLVED,ALL5_LEVELS_bet23_to_bet27,265.7731,265.7731,265.7731,332.2164,332.2164,4.000000,4.000000,4.000000,5.000000,5.000000,96.000000,96.000000,96.000000,95.000000,95.000000,5.0,1461.7522,1339.0033,5182.5761,5305.325,PENDING_AG03,FALSE,NOT_FOR_ENFORCEMENT,6378.5552,554612.3973,6644.3283,6378.5552,265.7731,0.01053293,0.01011162,265.7731,6378.5552,0.01011162,265.7731,265.7731,265.7731,332.2164,332.2164,6378.5552,0.01011162,1461.7522,1339.0033,5182.5761,5305.325,0.00821569,0.00841028,0.00042132,144.3512,141.7025,1.6297,93.5821,10.0216,8884.7126,57.4225,158.2289,140.3023,51.4311,102.8621,129.7286,258.1778,514.3107,1008.3546,77.1466,0.0,5.0,9.802971,1.403346,17,104,92,7,0.24757185,0.01053293,0.02940797,0E-8,0.000000,0.915834,0.000000,-0.02508550,2026-05-12,2026-08-06,71,663,310,87,0.816092,1.127771,1.096139,0.825239,,,,,,,,GLOBAL_BASELINE_NO_ENTITY_RANKING,,,NOT_APPLICABLE_GLOBAL_BASELINE,HF9g-P5,,,,X 全窗基线 · 不参与实体赏罚,14193692,1420,A168_HF9F_20260827_0900,2026-08-27 09:00:00
2026-06-24,137070871,2235,0,488.5951603363,-102.8621390182,-102.8621390182,0.3333333,4,4,0.49994810000000000,0.499948100000,-0.5771704854251445,-0.5771704854251445,-0.5771704854251445,0E-17,ELIGIBLE,R03b_20260811_FULL_v1,L1_ELIGIBILITY,v2026-08-11,2026-03-21..2026-08-06,baccarat_bet02_101_all_pairs_incl_sentinel,round_win = game_pnl > 0 (decisive only),COMPATIBILITY_ONLY_NOT_PRODUCTION,630814.5920,577721.2471,6644.3283,4370,4077,-0.01053293,-0.02940797,-0.00432247,-0.01053293,-6644.3283,630814.5920,OK,0.0000,265.7731,4.0000,96.0000,AG03-UNRESOLVED,ALL5_LEVELS_bet23_to_bet27,265.7731,265.7731,265.7731,332.2164,332.2164,4.000000,4.000000,4.000000,5.000000,5.000000,96.000000,96.000000,96.000000,95.000000,95.000000,5.0,1461.7522,1339.0033,5182.5761,5305.325,PENDING_AG03,FALSE,NOT_FOR_ENFORCEMENT,6378.5552,554612.3973,6644.3283,6378.5552,265.7731,0.01053293,0.01011162,265.7731,6378.5552,0.01011162,265.7731,265.7731,265.7731,332.2164,332.2164,6378.5552,0.01011162,1461.7522,1339.0033,5182.5761,5305.325,0.00821569,0.00841028,0.00042132,144.3512,141.7025,1.6297,93.5821,10.0216,8884.7126,57.4225,158.2289,140.3023,51.4311,102.8621,129.7286,258.1778,514.3107,1008.3546,77.1466,0.0,5.0,9.802971,1.403346,17,104,92,7,0.24757185,0.01053293,0.02940797,0E-8,0.000000,0.915834,0.000000,-0.02508550,2026-05-12,2026-08-06,71,663,310,87,0.816092,1.127771,1.096139,0.825239,,,,,,,,GLOBAL_BASELINE_NO_ENTITY_RANKING,,,NOT_APPLICABLE_GLOBAL_BASELINE,HF9g-P5,,,,X 全窗基线 · 不参与实体赏罚,14193693,1420,A168_HF9F_20260827_0900,2026-08-27 09:00:00
2026-06-24,137070871,994,0,1285.7767377275,-270.0131149228,-270.0131149228,0.3333333,5,5,0.50665070000000000,0.506650700000,-0.6004420894325239,-0.6004420894325239,-0.6004420894325239,0E-17,ELIGIBLE,R03b_20260811_FULL_v1,L1_ELIGIBILITY,v2026-08-11,2026-03-21..2026-08-06,baccarat_bet02_101_all_pairs_incl_sentinel,round_win = game_pnl > 0 (decisive only),COMPATIBILITY_ONLY_NOT_PRODUCTION,630814.5920,577721.2471,6644.3283,4370,4077,-0.01053293,-0.02940797,-0.00432247,-0.01053293,-6644.3283,630814.5920,OK,0.0000,265.7731,4.0000,96.0000,AG03-UNRESOLVED,ALL5_LEVELS_bet23_to_bet27,265.7731,265.7731,265.7731,332.2164,332.2164,4.000000,4.000000,4.000000,5.000000,5.000000,96.000000,96.000000,96.000000,95.000000,95.000000,5.0,1461.7522,1339.0033,5182.5761,5305.325,PENDING_AG03,FALSE,NOT_FOR_ENFORCEMENT,6378.5552,554612.3973,6644.3283,6378.5552,265.7731,0.01053293,0.01011162,265.7731,6378.5552,0.01011162,265.7731,265.7731,265.7731,332.2164,332.2164,6378.5552,0.01011162,1461.7522,1339.0033,5182.5761,5305.325,0.00821569,0.00841028,0.00042132,144.3512,141.7025,1.6297,93.5821,10.0216,8884.7126,57.4225,158.2289,140.3023,51.4311,102.8621,129.7286,258.1778,514.3107,1008.3546,77.1466,0.0,5.0,9.802971,1.403346,17,104,92,7,0.24757185,0.01053293,0.02940797,0E-8,0.000000,0.915834,0.000000,-0.02508550,2026-05-12,2026-08-06,71,663,310,87,0.816092,1.127771,1.096139,0.825239,,,,,,,,GLOBAL_BASELINE_NO_ENTITY_RANKING,,,NOT_APPLICABLE_GLOBAL_BASELINE,HF9g-P5,,,,X 全窗基线 · 不参与实体赏罚,14193694,1420,A168_HF9F_20260827_0900,2026-08-27 09:00:00
2026-06-25,137070871,1325,0,1118.6257618225,507.8818114022,507.8818114022,0.7777778,12,11,0.49837072727272005,0.483046631818,1.6764512034327244,1.769404280914977,1.6764512034327244,0.01532409545472005,ELIGIBLE,R03b_20260811_FULL_v1,L1_ELIGIBILITY,v2026-08-11,2026-03-21..2026-08-06,baccarat_bet02_101_all_pairs_incl_sentinel,round_win = game_pnl > 0 (decisive only),COMPATIBILITY_ONLY_NOT_PRODUCTION,630814.5920,577721.2471,6644.3283,4370,4077,-0.01053293,-0.02940797,-0.00432247,-0.01053293,-6644.3283,630814.5920,OK,0.0000,265.7731,4.0000,96.0000,AG03-UNRESOLVED,ALL5_LEVELS_bet23_to_bet27,265.7731,265.7731,265.7731,332.2164,332.2164,4.000000,4.000000,4.000000,5.000000,5.000000,96.000000,96.000000,96.000000,95.000000,95.000000,5.0,1461.7522,1339.0033,5182.5761,5305.325,PENDING_AG03,FALSE,NOT_FOR_ENFORCEMENT,6378.5552,554612.3973,6644.3283,6378.5552,265.7731,0.01053293,0.01011162,265.7731,6378.5552,0.01011162,265.7731,265.7731,265.7731,332.2164,332.2164,6378.5552,0.01011162,1461.7522,1339.0033,5182.5761,5305.325,0.00821569,0.00841028,0.00042132,144.3512,141.7025,1.6297,93.5821,10.0216,8884.7126,57.4225,158.2289,140.3023,51.4311,102.8621,129.7286,258.1778,514.3107,1008.3546,77.1466,0.0,5.0,9.802971,1.403346,17,104,92,7,0.24757185,0.01053293,0.02940797,0E-8,0.000000,0.915834,0.000000,-0.02508550,2026-05-12,2026-08-06,71,663,310,87,0.816092,1.127771,1.096139,0.825239,,,,,,,,GLOBAL_BASELINE_NO_ENTITY_RANKING,,,NOT_APPLICABLE_GLOBAL_BASELINE,HF9g-P5,,,,X 全窗基线 · 不参与实体赏罚,14193695,1420,A168_HF9F_20260827_0900,2026-08-27 09:00:00
2026-06-25,137070871,1402,0,1208.6301334636,-137.5781109366,-137.5781109366,0.3750000,10,10,0.50262914000000000,0.502629140000,-0.7219894243634376,-0.7219894243634376,-0.7219894243634376,0E-17,ELIGIBLE,R03b_20260811_FULL_v1,L1_ELIGIBILITY,v2026-08-11,2026-03-21..2026-08-06,baccarat_bet02_101_all_pairs_incl_sentinel,round_win = game_pnl > 0 (decisive only),COMPATIBILITY_ONLY_NOT_PRODUCTION,630814.5920,577721.2471,6644.3283,4370,4077,-0.01053293,-0.02940797,-0.00432247,-0.01053293,-6644.3283,630814.5920,OK,0.0000,265.7731,4.0000,96.0000,AG03-UNRESOLVED,ALL5_LEVELS_bet23_to_bet27,265.7731,265.7731,265.7731,332.2164,332.2164,4.000000,4.000000,4.000000,5.000000,5.000000,96.000000,96.000000,96.000000,95.000000,95.000000,5.0,1461.7522,1339.0033,5182.5761,5305.325,PENDING_AG03,FALSE,NOT_FOR_ENFORCEMENT,6378.5552,554612.3973,6644.3283,6378.5552,265.7731,0.01053293,0.01011162,265.7731,6378.5552,0.01011162,265.7731,265.7731,265.7731,332.2164,332.2164,6378.5552,0.01011162,1461.7522,1339.0033,5182.5761,5305.325,0.00821569,0.00841028,0.00042132,144.3512,141.7025,1.6297,93.5821,10.0216,8884.7126,57.4225,158.2289,140.3023,51.4311,102.8621,129.7286,258.1778,514.3107,1008.3546,77.1466,0.0,5.0,9.802971,1.403346,17,104,92,7,0.24757185,0.01053293,0.02940797,0E-8,0.000000,0.915834,0.000000,-0.02508550,2026-05-12,2026-08-06,71,663,310,87,0.816092,1.127771,1.096139,0.825239,,,,,,,,GLOBAL_BASELINE_NO_ENTITY_RANKING,,,NOT_APPLICABLE_GLOBAL_BASELINE,HF9g-P5,,,,X 全窗基线 · 不参与实体赏罚,14193696,1420,A168_HF9F_20260827_0900,2026-08-27 09:00:00
2026-06-25,137070871,1710,0,257.1553475455,244.2975801681,244.2975801681,1.0000000,4,4,0.50665070000000000,0.506650700000,1.9735717970305138,1.9735717970305138,1.9735717970305138,0E-17,ELIGIBLE,R03b_20260811_FULL_v1,L1_ELIGIBILITY,v2026-08-11,2026-03-21..2026-08-06,baccarat_bet02_101_all_pairs_incl_sentinel,round_win = game_pnl > 0 (decisive only),COMPATIBILITY_ONLY_NOT_PRODUCTION,630814.5920,577721.2471,6644.3283,4370,4077,-0.01053293,-0.02940797,-0.00432247,-0.01053293,-6644.3283,630814.5920,OK,0.0000,265.7731,4.0000,96.0000,AG03-UNRESOLVED,ALL5_LEVELS_bet23_to_bet27,265.7731,265.7731,265.7731,332.2164,332.2164,4.000000,4.000000,4.000000,5.000000,5.000000,96.000000,96.000000,96.000000,95.000000,95.000000,5.0,1461.7522,1339.0033,5182.5761,5305.325,PENDING_AG03,FALSE,NOT_FOR_ENFORCEMENT,6378.5552,554612.3973,6644.3283,6378.5552,265.7731,0.01053293,0.01011162,265.7731,6378.5552,0.01011162,265.7731,265.7731,265.7731,332.2164,332.2164,6378.5552,0.01011162,1461.7522,1339.0033,5182.5761,5305.325,0.00821569,0.00841028,0.00042132,144.3512,141.7025,1.6297,93.5821,10.0216,8884.7126,57.4225,158.2289,140.3023,51.4311,102.8621,129.7286,258.1778,514.3107,1008.3546,77.1466,0.0,5.0,9.802971,1.403346,17,104,92,7,0.24757185,0.01053293,0.02940797,0E-8,0.000000,0.915834,0.000000,-0.02508550,2026-05-12,2026-08-06,71,663,310,87,0.816092,1.127771,1.096139,0.825239,,,,,,,,GLOBAL_BASELINE_NO_ENTITY_RANKING,,,NOT_APPLICABLE_GLOBAL_BASELINE,HF9g-P5,,,,X 全窗基线 · 不参与实体赏罚,14193697,1420,A168_HF9F_20260827_0900,2026-08-27 09:00:00
2026-06-25,137070871,1951,0,102.8621390182,0E-10,0E-10,0.5000000,2,2,0.49994810000000000,0.499948100000,0.00014679536856514622,0.00014679536856514622,0.00014679536856514622,0E-17,ELIGIBLE,R03b_20260811_FULL_v1,L1_ELIGIBILITY,v2026-08-11,2026-03-21..2026-08-06,baccarat_bet02_101_all_pairs_incl_sentinel,round_win = game_pnl > 0 (decisive only),COMPATIBILITY_ONLY_NOT_PRODUCTION,630814.5920,577721.2471,6644.3283,4370,4077,-0.01053293,-0.02940797,-0.00432247,-0.01053293,-6644.3283,630814.5920,OK,0.0000,265.7731,4.0000,96.0000,AG03-UNRESOLVED,ALL5_LEVELS_bet23_to_bet27,265.7731,265.7731,265.7731,332.2164,332.2164,4.000000,4.000000,4.000000,5.000000,5.000000,96.000000,96.000000,96.000000,95.000000,95.000000,5.0,1461.7522,1339.0033,5182.5761,5305.325,PENDING_AG03,FALSE,NOT_FOR_ENFORCEMENT,6378.5552,554612.3973,6644.3283,6378.5552,265.7731,0.01053293,0.01011162,265.7731,6378.5552,0.01011162,265.7731,265.7731,265.7731,332.2164,332.2164,6378.5552,0.01011162,1461.7522,1339.0033,5182.5761,5305.325,0.00821569,0.00841028,0.00042132,144.3512,141.7025,1.6297,93.5821,10.0216,8884.7126,57.4225,158.2289,140.3023,51.4311,102.8621,129.7286,258.1778,514.3107,1008.3546,77.1466,0.0,5.0,9.802971,1.403346,17,104,92,7,0.24757185,0.01053293,0.02940797,0E-8,0.000000,0.915834,0.000000,-0.02508550,2026-05-12,2026-08-06,71,663,310,87,0.816092,1.127771,1.096139,0.825239,,,,,,,,GLOBAL_BASELINE_NO_ENTITY_RANKING,,,NOT_APPLICABLE_GLOBAL_BASELINE,HF9g-P5,,,,X 全窗基线 · 不参与实体赏罚,14193698,1420,A168_HF9F_20260827_0900,2026-08-27 09:00:00
2026-06-25,137070871,2093,0,257.1553475455,-257.1553475455,-257.1553475455,0E-7,1,1,0.50665070000000000,0.506650700000,-1.013391052207602,-1.013391052207602,-1.013391052207602,0E-17,ELIGIBLE,R03b_20260811_FULL_v1,L1_ELIGIBILITY,v2026-08-11,2026-03-21..2026-08-06,baccarat_bet02_101_all_pairs_incl_sentinel,round_win = game_pnl > 0 (decisive only),COMPATIBILITY_ONLY_NOT_PRODUCTION,630814.5920,577721.2471,6644.3283,4370,4077,-0.01053293,-0.02940797,-0.00432247,-0.01053293,-6644.3283,630814.5920,OK,0.0000,265.7731,4.0000,96.0000,AG03-UNRESOLVED,ALL5_LEVELS_bet23_to_bet27,265.7731,265.7731,265.7731,332.2164,332.2164,4.000000,4.000000,4.000000,5.000000,5.000000,96.000000,96.000000,96.000000,95.000000,95.000000,5.0,1461.7522,1339.0033,5182.5761,5305.325,PENDING_AG03,FALSE,NOT_FOR_ENFORCEMENT,6378.5552,554612.3973,6644.3283,6378.5552,265.7731,0.01053293,0.01011162,265.7731,6378.5552,0.01011162,265.7731,265.7731,265.7731,332.2164,332.2164,6378.5552,0.01011162,1461.7522,1339.0033,5182.5761,5305.325,0.00821569,0.00841028,0.00042132,144.3512,141.7025,1.6297,93.5821,10.0216,8884.7126,57.4225,158.2289,140.3023,51.4311,102.8621,129.7286,258.1778,514.3107,1008.3546,77.1466,0.0,5.0,9.802971,1.403346,17,104,92,7,0.24757185,0.01053293,0.02940797,0E-8,0.000000,0.915834,0.000000,-0.02508550,2026-05-12,2026-08-06,71,663,310,87,0.816092,1.127771,1.096139,0.825239,,,,,,,,GLOBAL_BASELINE_NO_ENTITY_RANKING,,,NOT_APPLICABLE_GLOBAL_BASELINE,HF9g-P5,,,,X 全窗基线 · 不参与实体赏罚,14193699,1420,A168_HF9F_20260827_0900,2026-08-27 09:00:00
2026-06-25,137070871,2106,0,257.1553475455,-257.1553475455,-257.1553475455,0E-7,1,1,0.49324550000000000,0.493245500000,-0.9865810262130424,-0.9865810262130424,-0.9865810262130424,0E-17,ELIGIBLE,R03b_20260811_FULL_v1,L1_ELIGIBILITY,v2026-08-11,2026-03-21..2026-08-06,baccarat_bet02_101_all_pairs_incl_sentinel,round_win = game_pnl > 0 (decisive only),COMPATIBILITY_ONLY_NOT_PRODUCTION,630814.5920,577721.2471,6644.3283,4370,4077,-0.01053293,-0.02940797,-0.00432247,-0.01053293,-6644.3283,630814.5920,OK,0.0000,265.7731,4.0000,96.0000,AG03-UNRESOLVED,ALL5_LEVELS_bet23_to_bet27,265.7731,265.7731,265.7731,332.2164,332.2164,4.000000,4.000000,4.000000,5.000000,5.000000,96.000000,96.000000,96.000000,95.000000,95.000000,5.0,1461.7522,1339.0033,5182.5761,5305.325,PENDING_AG03,FALSE,NOT_FOR_ENFORCEMENT,6378.5552,554612.3973,6644.3283,6378.5552,265.7731,0.01053293,0.01011162,265.7731,6378.5552,0.01011162,265.7731,265.7731,265.7731,332.2164,332.2164,6378.5552,0.01011162,1461.7522,1339.0033,5182.5761,5305.325,0.00821569,0.00841028,0.00042132,144.3512,141.7025,1.6297,93.5821,10.0216,8884.7126,57.4225,158.2289,140.3023,51.4311,102.8621,129.7286,258.1778,514.3107,1008.3546,77.1466,0.0,5.0,9.802971,1.403346,17,104,92,7,0.24757185,0.01053293,0.02940797,0E-8,0.000000,0.915834,0.000000,-0.02508550,2026-05-12,2026-08-06,71,663,310,87,0.816092,1.127771,1.096139,0.825239,,,,,,,,GLOBAL_BASELINE_NO_ENTITY_RANKING,,,NOT_APPLICABLE_GLOBAL_BASELINE,HF9g-P5,,,,X 全窗基线 · 不参与实体赏罚,14193700,1420,A168_HF9F_20260827_0900,2026-08-27 09:00:00
2026-06-25,137070871,2170,0,1041.4791575589,-203.7956129297,-203.7956129297,0.5000000,11,11,0.50421339090909091,0.504213390909,-0.023835384566984925,-0.023835384566470608,-0.023835384566984925,9.091E-14,ELIGIBLE,R03b_20260811_FULL_v1,L1_ELIGIBILITY,v2026-08-11,2026-03-21..2026-08-06,baccarat_bet02_101_all_pairs_incl_sentinel,round_win = game_pnl > 0 (decisive only),COMPATIBILITY_ONLY_NOT_PRODUCTION,630814.5920,577721.2471,6644.3283,4370,4077,-0.01053293,-0.02940797,-0.00432247,-0.01053293,-6644.3283,630814.5920,OK,0.0000,265.7731,4.0000,96.0000,AG03-UNRESOLVED,ALL5_LEVELS_bet23_to_bet27,265.7731,265.7731,265.7731,332.2164,332.2164,4.000000,4.000000,4.000000,5.000000,5.000000,96.000000,96.000000,96.000000,95.000000,95.000000,5.0,1461.7522,1339.0033,5182.5761,5305.325,PENDING_AG03,FALSE,NOT_FOR_ENFORCEMENT,6378.5552,554612.3973,6644.3283,6378.5552,265.7731,0.01053293,0.01011162,265.7731,6378.5552,0.01011162,265.7731,265.7731,265.7731,332.2164,332.2164,6378.5552,0.01011162,1461.7522,1339.0033,5182.5761,5305.325,0.00821569,0.00841028,0.00042132,144.3512,141.7025,1.6297,93.5821,10.0216,8884.7126,57.4225,158.2289,140.3023,51.4311,102.8621,129.7286,258.1778,514.3107,1008.3546,77.1466,0.0,5.0,9.802971,1.403346,17,104,92,7,0.24757185,0.01053293,0.02940797,0E-8,0.000000,0.915834,0.000000,-0.02508550,2026-05-12,2026-08-06,71,663,310,87,0.816092,1.127771,1.096139,0.825239,,,,,,,,GLOBAL_BASELINE_NO_ENTITY_RANKING,,,NOT_APPLICABLE_GLOBAL_BASELINE,HF9g-P5,,,,X 全窗基线 · 不参与实体赏罚,14193701,1420,A168_HF9F_20260827_0900,2026-08-27 09:00:00
2026-06-26,137070871,2142,0,154.2932085273,-54.0026229846,-54.0026229846,0.3333333,3,3,0.50665070000000000,0.506650700000,-0.6004420894325239,-0.6004420894325239,-0.6004420894325239,0E-17,ELIGIBLE,R03b_20260811_FULL_v1,L1_ELIGIBILITY,v2026-08-11,2026-03-21..2026-08-06,baccarat_bet02_101_all_pairs_incl_sentinel,round_win = game_pnl > 0 (decisive only),COMPATIBILITY_ONLY_NOT_PRODUCTION,630814.5920,577721.2471,6644.3283,4370,4077,-0.01053293,-0.02940797,-0.00432247,-0.01053293,-6644.3283,630814.5920,OK,0.0000,265.7731,4.0000,96.0000,AG03-UNRESOLVED,ALL5_LEVELS_bet23_to_bet27,265.7731,265.7731,265.7731,332.2164,332.2164,4.000000,4.000000,4.000000,5.000000,5.000000,96.000000,96.000000,96.000000,95.000000,95.000000,5.0,1461.7522,1339.0033,5182.5761,5305.325,PENDING_AG03,FALSE,NOT_FOR_ENFORCEMENT,6378.5552,554612.3973,6644.3283,6378.5552,265.7731,0.01053293,0.01011162,265.7731,6378.5552,0.01011162,265.7731,265.7731,265.7731,332.2164,332.2164,6378.5552,0.01011162,1461.7522,1339.0033,5182.5761,5305.325,0.00821569,0.00841028,0.00042132,144.3512,141.7025,1.6297,93.5821,10.0216,8884.7126,57.4225,158.2289,140.3023,51.4311,102.8621,129.7286,258.1778,514.3107,1008.3546,77.1466,0.0,5.0,9.802971,1.403346,17,104,92,7,0.24757185,0.01053293,0.02940797,0E-8,0.000000,0.915834,0.000000,-0.02508550,2026-05-12,2026-08-06,71,663,310,87,0.816092,1.127771,1.096139,0.825239,,,,,,,,GLOBAL_BASELINE_NO_ENTITY_RANKING,,,NOT_APPLICABLE_GLOBAL_BASELINE,HF9g-P5,,,,X 全窗基线 · 不参与实体赏罚,14193702,1420,A168_HF9F_20260827_0900,2026-08-27 09:00:00
2026-06-26,137070871,986,0,977.1903206728,-977.1903206728,-977.1903206728,0E-7,4,4,0.50329940000000000,0.503299400000,-2.013241432932159,-2.013241432932159,-2.013241432932159,0E-17,ELIGIBLE,R03b_20260811_FULL_v1,L1_ELIGIBILITY,v2026-08-11,2026-03-21..2026-08-06,baccarat_bet02_101_all_pairs_incl_sentinel,round_win = game_pnl > 0 (decisive only),COMPATIBILITY_ONLY_NOT_PRODUCTION,630814.5920,577721.2471,6644.3283,4370,4077,-0.01053293,-0.02940797,-0.00432247,-0.01053293,-6644.3283,630814.5920,OK,0.0000,265.7731,4.0000,96.0000,AG03-UNRESOLVED,ALL5_LEVELS_bet23_to_bet27,265.7731,265.7731,265.7731,332.2164,332.2164,4.000000,4.000000,4.000000,5.000000,5.000000,96.000000,96.000000,96.000000,95.000000,95.000000,5.0,1461.7522,1339.0033,5182.5761,5305.325,PENDING_AG03,FALSE,NOT_FOR_ENFORCEMENT,6378.5552,554612.3973,6644.3283,6378.5552,265.7731,0.01053293,0.01011162,265.7731,6378.5552,0.01011162,265.7731,265.7731,265.7731,332.2164,332.2164,6378.5552,0.01011162,1461.7522,1339.0033,5182.5761,5305.325,0.00821569,0.00841028,0.00042132,144.3512,141.7025,1.6297,93.5821,10.0216,8884.7126,57.4225,158.2289,140.3023,51.4311,102.8621,129.7286,258.1778,514.3107,1008.3546,77.1466,0.0,5.0,9.802971,1.403346,17,104,92,7,0.24757185,0.01053293,0.02940797,0E-8,0.000000,0.915834,0.000000,-0.02508550,2026-05-12,2026-08-06,71,663,310,87,0.816092,1.127771,1.096139,0.825239,,,,,,,,GLOBAL_BASELINE_NO_ENTITY_RANKING,,,NOT_APPLICABLE_GLOBAL_BASELINE,HF9g-P5,,,,X 全窗基线 · 不参与实体赏罚,14193703,1420,A168_HF9F_20260827_0900,2026-08-27 09:00:00
2026-06-27,137070871,1307,0,205.7242780364,-102.8621390182,-102.8621390182,0.3333333,3,3,0.49771390000000000,0.497713900000,-0.5694369385616226,-0.5694369385616226,-0.5694369385616226,0E-17,ELIGIBLE,R03b_20260811_FULL_v1,L1_ELIGIBILITY,v2026-08-11,2026-03-21..2026-08-06,baccarat_bet02_101_all_pairs_incl_sentinel,round_win = game_pnl > 0 (decisive only),COMPATIBILITY_ONLY_NOT_PRODUCTION,630814.5920,577721.2471,6644.3283,4370,4077,-0.01053293,-0.02940797,-0.00432247,-0.01053293,-6644.3283,630814.5920,OK,0.0000,265.7731,4.0000,96.0000,AG03-UNRESOLVED,ALL5_LEVELS_bet23_to_bet27,265.7731,265.7731,265.7731,332.2164,332.2164,4.000000,4.000000,4.000000,5.000000,5.000000,96.000000,96.000000,96.000000,95.000000,95.000000,5.0,1461.7522,1339.0033,5182.5761,5305.325,PENDING_AG03,FALSE,NOT_FOR_ENFORCEMENT,6378.5552,554612.3973,6644.3283,6378.5552,265.7731,0.01053293,0.01011162,265.7731,6378.5552,0.01011162,265.7731,265.7731,265.7731,332.2164,332.2164,6378.5552,0.01011162,1461.7522,1339.0033,5182.5761,5305.325,0.00821569,0.00841028,0.00042132,144.3512,141.7025,1.6297,93.5821,10.0216,8884.7126,57.4225,158.2289,140.3023,51.4311,102.8621,129.7286,258.1778,514.3107,1008.3546,77.1466,0.0,5.0,9.802971,1.403346,17,104,92,7,0.24757185,0.01053293,0.02940797,0E-8,0.000000,0.915834,0.000000,-0.02508550,2026-05-12,2026-08-06,71,663,310,87,0.816092,1.127771,1.096139,0.825239,,,,,,,,GLOBAL_BASELINE_NO_ENTITY_RANKING,,,NOT_APPLICABLE_GLOBAL_BASELINE,HF9g-P5,,,,X 全窗基线 · 不参与实体赏罚,14193704,1420,A168_HF9F_20260827_0900,2026-08-27 09:00:00
2026-06-27,137070871,2288,0,51.4310695091,48.8595160336,48.8595160336,1.0000000,1,1,0.50665070000000000,0.506650700000,0.9867858985152569,0.9867858985152569,0.9867858985152569,0E-17,ELIGIBLE,R03b_20260811_FULL_v1,L1_ELIGIBILITY,v2026-08-11,2026-03-21..2026-08-06,baccarat_bet02_101_all_pairs_incl_sentinel,round_win = game_pnl > 0 (decisive only),COMPATIBILITY_ONLY_NOT_PRODUCTION,630814.5920,577721.2471,6644.3283,4370,4077,-0.01053293,-0.02940797,-0.00432247,-0.01053293,-6644.3283,630814.5920,OK,0.0000,265.7731,4.0000,96.0000,AG03-UNRESOLVED,ALL5_LEVELS_bet23_to_bet27,265.7731,265.7731,265.7731,332.2164,332.2164,4.000000,4.000000,4.000000,5.000000,5.000000,96.000000,96.000000,96.000000,95.000000,95.000000,5.0,1461.7522,1339.0033,5182.5761,5305.325,PENDING_AG03,FALSE,NOT_FOR_ENFORCEMENT,6378.5552,554612.3973,6644.3283,6378.5552,265.7731,0.01053293,0.01011162,265.7731,6378.5552,0.01011162,265.7731,265.7731,265.7731,332.2164,332.2164,6378.5552,0.01011162,1461.7522,1339.0033,5182.5761,5305.325,0.00821569,0.00841028,0.00042132,144.3512,141.7025,1.6297,93.5821,10.0216,8884.7126,57.4225,158.2289,140.3023,51.4311,102.8621,129.7286,258.1778,514.3107,1008.3546,77.1466,0.0,5.0,9.802971,1.403346,17,104,92,7,0.24757185,0.01053293,0.02940797,0E-8,0.000000,0.915834,0.000000,-0.02508550,2026-05-12,2026-08-06,71,663,310,87,0.816092,1.127771,1.096139,0.825239,,,,,,,,GLOBAL_BASELINE_NO_ENTITY_RANKING,,,NOT_APPLICABLE_GLOBAL_BASELINE,HF9g-P5,,,,X 全窗基线 · 不参与实体赏罚,14193705,1420,A168_HF9F_20260827_0900,2026-08-27 09:00:00
2026-06-28,137070871,2252,0,102.8621390182,0E-10,0E-10,0.5000000,2,2,0.49994810000000000,0.499948100000,0.00014679536856514622,0.00014679536856514622,0.00014679536856514622,0E-17,ELIGIBLE,R03b_20260811_FULL_v1,L1_ELIGIBILITY,v2026-08-11,2026-03-21..2026-08-06,baccarat_bet02_101_all_pairs_incl_sentinel,round_win = game_pnl > 0 (decisive only),COMPATIBILITY_ONLY_NOT_PRODUCTION,630814.5920,577721.2471,6644.3283,4370,4077,-0.01053293,-0.02940797,-0.00432247,-0.01053293,-6644.3283,630814.5920,OK,0.0000,265.7731,4.0000,96.0000,AG03-UNRESOLVED,ALL5_LEVELS_bet23_to_bet27,265.7731,265.7731,265.7731,332.2164,332.2164,4.000000,4.000000,4.000000,5.000000,5.000000,96.000000,96.000000,96.000000,95.000000,95.000000,5.0,1461.7522,1339.0033,5182.5761,5305.325,PENDING_AG03,FALSE,NOT_FOR_ENFORCEMENT,6378.5552,554612.3973,6644.3283,6378.5552,265.7731,0.01053293,0.01011162,265.7731,6378.5552,0.01011162,265.7731,265.7731,265.7731,332.2164,332.2164,6378.5552,0.01011162,1461.7522,1339.0033,5182.5761,5305.325,0.00821569,0.00841028,0.00042132,144.3512,141.7025,1.6297,93.5821,10.0216,8884.7126,57.4225,158.2289,140.3023,51.4311,102.8621,129.7286,258.1778,514.3107,1008.3546,77.1466,0.0,5.0,9.802971,1.403346,17,104,92,7,0.24757185,0.01053293,0.02940797,0E-8,0.000000,0.915834,0.000000,-0.02508550,2026-05-12,2026-08-06,71,663,310,87,0.816092,1.127771,1.096139,0.825239,,,,,,,,GLOBAL_BASELINE_NO_ENTITY_RANKING,,,NOT_APPLICABLE_GLOBAL_BASELINE,HF9g-P5,,,,X 全窗基线 · 不参与实体赏罚,14193706,1420,A168_HF9F_20260827_0900,2026-08-27 09:00:00
2026-06-28,137070871,970,0,257.1553475455,-56.5741764601,-56.5741764601,0.4000000,5,5,0.50665070000000000,0.506650700000,-0.4769986289884125,-0.4769986289884125,-0.4769986289884125,0E-17,ELIGIBLE,R03b_20260811_FULL_v1,L1_ELIGIBILITY,v2026-08-11,2026-03-21..2026-08-06,baccarat_bet02_101_all_pairs_incl_sentinel,round_win = game_pnl > 0 (decisive only),COMPATIBILITY_ONLY_NOT_PRODUCTION,630814.5920,577721.2471,6644.3283,4370,4077,-0.01053293,-0.02940797,-0.00432247,-0.01053293,-6644.3283,630814.5920,OK,0.0000,265.7731,4.0000,96.0000,AG03-UNRESOLVED,ALL5_LEVELS_bet23_to_bet27,265.7731,265.7731,265.7731,332.2164,332.2164,4.000000,4.000000,4.000000,5.000000,5.000000,96.000000,96.000000,96.000000,95.000000,95.000000,5.0,1461.7522,1339.0033,5182.5761,5305.325,PENDING_AG03,FALSE,NOT_FOR_ENFORCEMENT,6378.5552,554612.3973,6644.3283,6378.5552,265.7731,0.01053293,0.01011162,265.7731,6378.5552,0.01011162,265.7731,265.7731,265.7731,332.2164,332.2164,6378.5552,0.01011162,1461.7522,1339.0033,5182.5761,5305.325,0.00821569,0.00841028,0.00042132,144.3512,141.7025,1.6297,93.5821,10.0216,8884.7126,57.4225,158.2289,140.3023,51.4311,102.8621,129.7286,258.1778,514.3107,1008.3546,77.1466,0.0,5.0,9.802971,1.403346,17,104,92,7,0.24757185,0.01053293,0.02940797,0E-8,0.000000,0.915834,0.000000,-0.02508550,2026-05-12,2026-08-06,71,663,310,87,0.816092,1.127771,1.096139,0.825239,,,,,,,,GLOBAL_BASELINE_NO_ENTITY_RANKING,,,NOT_APPLICABLE_GLOBAL_BASELINE,HF9g-P5,,,,X 全窗基线 · 不参与实体赏罚,14193707,1420,A168_HF9F_20260827_0900,2026-08-27 09:00:00
2026-06-29,137070871,1330,0,308.5864170546,-156.8647620028,-156.8647620028,0.2000000,6,6,0.50218230000000000,0.502182300000,-1.351413200886205,-1.351413200886205,-1.351413200886205,0E-17,ELIGIBLE,R03b_20260811_FULL_v1,L1_ELIGIBILITY,v2026-08-11,2026-03-21..2026-08-06,baccarat_bet02_101_all_pairs_incl_sentinel,round_win = game_pnl > 0 (decisive only),COMPATIBILITY_ONLY_NOT_PRODUCTION,630814.5920,577721.2471,6644.3283,4370,4077,-0.01053293,-0.02940797,-0.00432247,-0.01053293,-6644.3283,630814.5920,OK,0.0000,265.7731,4.0000,96.0000,AG03-UNRESOLVED,ALL5_LEVELS_bet23_to_bet27,265.7731,265.7731,265.7731,332.2164,332.2164,4.000000,4.000000,4.000000,5.000000,5.000000,96.000000,96.000000,96.000000,95.000000,95.000000,5.0,1461.7522,1339.0033,5182.5761,5305.325,PENDING_AG03,FALSE,NOT_FOR_ENFORCEMENT,6378.5552,554612.3973,6644.3283,6378.5552,265.7731,0.01053293,0.01011162,265.7731,6378.5552,0.01011162,265.7731,265.7731,265.7731,332.2164,332.2164,6378.5552,0.01011162,1461.7522,1339.0033,5182.5761,5305.325,0.00821569,0.00841028,0.00042132,144.3512,141.7025,1.6297,93.5821,10.0216,8884.7126,57.4225,158.2289,140.3023,51.4311,102.8621,129.7286,258.1778,514.3107,1008.3546,77.1466,0.0,5.0,9.802971,1.403346,17,104,92,7,0.24757185,0.01053293,0.02940797,0E-8,0.000000,0.915834,0.000000,-0.02508550,2026-05-12,2026-08-06,71,663,310,87,0.816092,1.127771,1.096139,0.825239,,,,,,,,GLOBAL_BASELINE_NO_ENTITY_RANKING,,,NOT_APPLICABLE_GLOBAL_BASELINE,HF9g-P5,,,,X 全窗基线 · 不参与实体赏罚,14193708,1420,A168_HF9F_20260827_0900,2026-08-27 09:00:00
2026-06-29,137070871,1505,0,308.5864170546,195.4380641345,195.4380641345,1.0000000,5,5,0.50665070000000000,0.506650700000,1.7091633124209307,1.7091633124209307,1.7091633124209307,0E-17,ELIGIBLE,R03b_20260811_FULL_v1,L1_ELIGIBILITY,v2026-08-11,2026-03-21..2026-08-06,baccarat_bet02_101_all_pairs_incl_sentinel,round_win = game_pnl > 0 (decisive only),COMPATIBILITY_ONLY_NOT_PRODUCTION,630814.5920,577721.2471,6644.3283,4370,4077,-0.01053293,-0.02940797,-0.00432247,-0.01053293,-6644.3283,630814.5920,OK,0.0000,265.7731,4.0000,96.0000,AG03-UNRESOLVED,ALL5_LEVELS_bet23_to_bet27,265.7731,265.7731,265.7731,332.2164,332.2164,4.000000,4.000000,4.000000,5.000000,5.000000,96.000000,96.000000,96.000000,95.000000,95.000000,5.0,1461.7522,1339.0033,5182.5761,5305.325,PENDING_AG03,FALSE,NOT_FOR_ENFORCEMENT,6378.5552,554612.3973,6644.3283,6378.5552,265.7731,0.01053293,0.01011162,265.7731,6378.5552,0.01011162,265.7731,265.7731,265.7731,332.2164,332.2164,6378.5552,0.01011162,1461.7522,1339.0033,5182.5761,5305.325,0.00821569,0.00841028,0.00042132,144.3512,141.7025,1.6297,93.5821,10.0216,8884.7126,57.4225,158.2289,140.3023,51.4311,102.8621,129.7286,258.1778,514.3107,1008.3546,77.1466,0.0,5.0,9.802971,1.403346,17,104,92,7,0.24757185,0.01053293,0.02940797,0E-8,0.000000,0.915834,0.000000,-0.02508550,2026-05-12,2026-08-06,71,663,310,87,0.816092,1.127771,1.096139,0.825239,,,,,,,,GLOBAL_BASELINE_NO_ENTITY_RANKING,,,NOT_APPLICABLE_GLOBAL_BASELINE,HF9g-P5,,,,X 全窗基线 · 不参与实体赏罚,14193709,1420,A168_HF9F_20260827_0900,2026-08-27 09:00:00
2026-06-29,137070871,1994,0,154.2932085273,46.2879625581,46.2879625581,0.6666667,3,3,0.50665070000000000,0.506650700000,0.5543606114942035,0.5543606114942035,0.5543606114942035,0E-17,ELIGIBLE,R03b_20260811_FULL_v1,L1_ELIGIBILITY,v2026-08-11,2026-03-21..2026-08-06,baccarat_bet02_101_all_pairs_incl_sentinel,round_win = game_pnl > 0 (decisive only),COMPATIBILITY_ONLY_NOT_PRODUCTION,630814.5920,577721.2471,6644.3283,4370,4077,-0.01053293,-0.02940797,-0.00432247,-0.01053293,-6644.3283,630814.5920,OK,0.0000,265.7731,4.0000,96.0000,AG03-UNRESOLVED,ALL5_LEVELS_bet23_to_bet27,265.7731,265.7731,265.7731,332.2164,332.2164,4.000000,4.000000,4.000000,5.000000,5.000000,96.000000,96.000000,96.000000,95.000000,95.000000,5.0,1461.7522,1339.0033,5182.5761,5305.325,PENDING_AG03,FALSE,NOT_FOR_ENFORCEMENT,6378.5552,554612.3973,6644.3283,6378.5552,265.7731,0.01053293,0.01011162,265.7731,6378.5552,0.01011162,265.7731,265.7731,265.7731,332.2164,332.2164,6378.5552,0.01011162,1461.7522,1339.0033,5182.5761,5305.325,0.00821569,0.00841028,0.00042132,144.3512,141.7025,1.6297,93.5821,10.0216,8884.7126,57.4225,158.2289,140.3023,51.4311,102.8621,129.7286,258.1778,514.3107,1008.3546,77.1466,0.0,5.0,9.802971,1.403346,17,104,92,7,0.24757185,0.01053293,0.02940797,0E-8,0.000000,0.915834,0.000000,-0.02508550,2026-05-12,2026-08-06,71,663,310,87,0.816092,1.127771,1.096139,0.825239,,,,,,,,GLOBAL_BASELINE_NO_ENTITY_RANKING,,,NOT_APPLICABLE_GLOBAL_BASELINE,HF9g-P5,,,,X 全窗基线 · 不参与实体赏罚,14193710,1420,A168_HF9F_20260827_0900,2026-08-27 09:00:00
2026-06-30,137070871,1400,0,1634.2222336511,-361.3032633013,-361.3032633013,0.4166667,12,12,0.50106520000000000,0.501065200000,-0.5847315182044713,-0.5847315182044714,-0.5847315182044713,0E-17,ELIGIBLE,R03b_20260811_FULL_v1,L1_ELIGIBILITY,v2026-08-11,2026-03-21..2026-08-06,baccarat_bet02_101_all_pairs_incl_sentinel,round_win = game_pnl > 0 (decisive only),COMPATIBILITY_ONLY_NOT_PRODUCTION,630814.5920,577721.2471,6644.3283,4370,4077,-0.01053293,-0.02940797,-0.00432247,-0.01053293,-6644.3283,630814.5920,OK,0.0000,265.7731,4.0000,96.0000,AG03-UNRESOLVED,ALL5_LEVELS_bet23_to_bet27,265.7731,265.7731,265.7731,332.2164,332.2164,4.000000,4.000000,4.000000,5.000000,5.000000,96.000000,96.000000,96.000000,95.000000,95.000000,5.0,1461.7522,1339.0033,5182.5761,5305.325,PENDING_AG03,FALSE,NOT_FOR_ENFORCEMENT,6378.5552,554612.3973,6644.3283,6378.5552,265.7731,0.01053293,0.01011162,265.7731,6378.5552,0.01011162,265.7731,265.7731,265.7731,332.2164,332.2164,6378.5552,0.01011162,1461.7522,1339.0033,5182.5761,5305.325,0.00821569,0.00841028,0.00042132,144.3512,141.7025,1.6297,93.5821,10.0216,8884.7126,57.4225,158.2289,140.3023,51.4311,102.8621,129.7286,258.1778,514.3107,1008.3546,77.1466,0.0,5.0,9.802971,1.403346,17,104,92,7,0.24757185,0.01053293,0.02940797,0E-8,0.000000,0.915834,0.000000,-0.02508550,2026-05-12,2026-08-06,71,663,310,87,0.816092,1.127771,1.096139,0.825239,,,,,,,,GLOBAL_BASELINE_NO_ENTITY_RANKING,,,NOT_APPLICABLE_GLOBAL_BASELINE,HF9g-P5,,,,X 全窗基线 · 不参与实体赏罚,14193711,1420,A168_HF9F_20260827_0900,2026-08-27 09:00:00
2026-06-30,137070871,2288,0,2057.2427803637,951.4747859183,951.4747859183,0.7272727,11,11,0.50543204545454545,0.505432045455,1.4716114582431477,1.471611458240147,1.4716114582431477,-4.5455E-13,ELIGIBLE,R03b_20260811_FULL_v1,L1_ELIGIBILITY,v2026-08-11,2026-03-21..2026-08-06,baccarat_bet02_101_all_pairs_incl_sentinel,round_win = game_pnl > 0 (decisive only),COMPATIBILITY_ONLY_NOT_PRODUCTION,630814.5920,577721.2471,6644.3283,4370,4077,-0.01053293,-0.02940797,-0.00432247,-0.01053293,-6644.3283,630814.5920,OK,0.0000,265.7731,4.0000,96.0000,AG03-UNRESOLVED,ALL5_LEVELS_bet23_to_bet27,265.7731,265.7731,265.7731,332.2164,332.2164,4.000000,4.000000,4.000000,5.000000,5.000000,96.000000,96.000000,96.000000,95.000000,95.000000,5.0,1461.7522,1339.0033,5182.5761,5305.325,PENDING_AG03,FALSE,NOT_FOR_ENFORCEMENT,6378.5552,554612.3973,6644.3283,6378.5552,265.7731,0.01053293,0.01011162,265.7731,6378.5552,0.01011162,265.7731,265.7731,265.7731,332.2164,332.2164,6378.5552,0.01011162,1461.7522,1339.0033,5182.5761,5305.325,0.00821569,0.00841028,0.00042132,144.3512,141.7025,1.6297,93.5821,10.0216,8884.7126,57.4225,158.2289,140.3023,51.4311,102.8621,129.7286,258.1778,514.3107,1008.3546,77.1466,0.0,5.0,9.802971,1.403346,17,104,92,7,0.24757185,0.01053293,0.02940797,0E-8,0.000000,0.915834,0.000000,-0.02508550,2026-05-12,2026-08-06,71,663,310,87,0.816092,1.127771,1.096139,0.825239,,,,,,,,GLOBAL_BASELINE_NO_ENTITY_RANKING,,,NOT_APPLICABLE_GLOBAL_BASELINE,HF9g-P5,,,,X 全窗基线 · 不参与实体赏罚,14193712,1420,A168_HF9F_20260827_0900,2026-08-27 09:00:00
2026-06-30,137070871,595,0,257.1553475454,-6.4288836886,-6.4288836886,0.5000000,2,2,0.50665070000000000,0.506650700000,-0.018812684590367487,-0.018812684590367487,-0.018812684590367487,0E-17,ELIGIBLE,R03b_20260811_FULL_v1,L1_ELIGIBILITY,v2026-08-11,2026-03-21..2026-08-06,baccarat_bet02_101_all_pairs_incl_sentinel,round_win = game_pnl > 0 (decisive only),COMPATIBILITY_ONLY_NOT_PRODUCTION,630814.5920,577721.2471,6644.3283,4370,4077,-0.01053293,-0.02940797,-0.00432247,-0.01053293,-6644.3283,630814.5920,OK,0.0000,265.7731,4.0000,96.0000,AG03-UNRESOLVED,ALL5_LEVELS_bet23_to_bet27,265.7731,265.7731,265.7731,332.2164,332.2164,4.000000,4.000000,4.000000,5.000000,5.000000,96.000000,96.000000,96.000000,95.000000,95.000000,5.0,1461.7522,1339.0033,5182.5761,5305.325,PENDING_AG03,FALSE,NOT_FOR_ENFORCEMENT,6378.5552,554612.3973,6644.3283,6378.5552,265.7731,0.01053293,0.01011162,265.7731,6378.5552,0.01011162,265.7731,265.7731,265.7731,332.2164,332.2164,6378.5552,0.01011162,1461.7522,1339.0033,5182.5761,5305.325,0.00821569,0.00841028,0.00042132,144.3512,141.7025,1.6297,93.5821,10.0216,8884.7126,57.4225,158.2289,140.3023,51.4311,102.8621,129.7286,258.1778,514.3107,1008.3546,77.1466,0.0,5.0,9.802971,1.403346,17,104,92,7,0.24757185,0.01053293,0.02940797,0E-8,0.000000,0.915834,0.000000,-0.02508550,2026-05-12,2026-08-06,71,663,310,87,0.816092,1.127771,1.096139,0.825239,,,,,,,,GLOBAL_BASELINE_NO_ENTITY_RANKING,,,NOT_APPLICABLE_GLOBAL_BASELINE,HF9g-P5,,,,X 全窗基线 · 不参与实体赏罚,14193713,1420,A168_HF9F_20260827_0900,2026-08-27 09:00:00
2026-07-01,137070871,1384,0,2969.0444840317,-1323.1611287531,-1323.1611287531,0.4166667,13,13,0.50458836153846154,0.504588361538,-0.609165020539505,-0.6091650205363021,-0.609165020539505,4.6154E-13,ELIGIBLE,R03b_20260811_FULL_v1,L1_ELIGIBILITY,v2026-08-11,2026-03-21..2026-08-06,baccarat_bet02_101_all_pairs_incl_sentinel,round_win = game_pnl > 0 (decisive only),COMPATIBILITY_ONLY_NOT_PRODUCTION,630814.5920,577721.2471,6644.3283,4370,4077,-0.01053293,-0.02940797,-0.00432247,-0.01053293,-6644.3283,630814.5920,OK,0.0000,265.7731,4.0000,96.0000,AG03-UNRESOLVED,ALL5_LEVELS_bet23_to_bet27,265.7731,265.7731,265.7731,332.2164,332.2164,4.000000,4.000000,4.000000,5.000000,5.000000,96.000000,96.000000,96.000000,95.000000,95.000000,5.0,1461.7522,1339.0033,5182.5761,5305.325,PENDING_AG03,FALSE,NOT_FOR_ENFORCEMENT,6378.5552,554612.3973,6644.3283,6378.5552,265.7731,0.01053293,0.01011162,265.7731,6378.5552,0.01011162,265.7731,265.7731,265.7731,332.2164,332.2164,6378.5552,0.01011162,1461.7522,1339.0033,5182.5761,5305.325,0.00821569,0.00841028,0.00042132,144.3512,141.7025,1.6297,93.5821,10.0216,8884.7126,57.4225,158.2289,140.3023,51.4311,102.8621,129.7286,258.1778,514.3107,1008.3546,77.1466,0.0,5.0,9.802971,1.403346,17,104,92,7,0.24757185,0.01053293,0.02940797,0E-8,0.000000,0.915834,0.000000,-0.02508550,2026-05-12,2026-08-06,71,663,310,87,0.816092,1.127771,1.096139,0.825239,,,,,,,,GLOBAL_BASELINE_NO_ENTITY_RANKING,,,NOT_APPLICABLE_GLOBAL_BASELINE,HF9g-P5,,,,X 全窗基线 · 不参与实体赏罚,14193714,1420,A168_HF9F_20260827_0900,2026-08-27 09:00:00
2026-07-01,137070871,1994,0,1032.7111248806,-25.8177781220,-25.8177781220,0.5000000,2,2,0.50665070000000000,0.506650700000,-0.018812684590367487,-0.018812684590367487,-0.018812684590367487,0E-17,ELIGIBLE,R03b_20260811_FULL_v1,L1_ELIGIBILITY,v2026-08-11,2026-03-21..2026-08-06,baccarat_bet02_101_all_pairs_incl_sentinel,round_win = game_pnl > 0 (decisive only),COMPATIBILITY_ONLY_NOT_PRODUCTION,630814.5920,577721.2471,6644.3283,4370,4077,-0.01053293,-0.02940797,-0.00432247,-0.01053293,-6644.3283,630814.5920,OK,0.0000,265.7731,4.0000,96.0000,AG03-UNRESOLVED,ALL5_LEVELS_bet23_to_bet27,265.7731,265.7731,265.7731,332.2164,332.2164,4.000000,4.000000,4.000000,5.000000,5.000000,96.000000,96.000000,96.000000,95.000000,95.000000,5.0,1461.7522,1339.0033,5182.5761,5305.325,PENDING_AG03,FALSE,NOT_FOR_ENFORCEMENT,6378.5552,554612.3973,6644.3283,6378.5552,265.7731,0.01053293,0.01011162,265.7731,6378.5552,0.01011162,265.7731,265.7731,265.7731,332.2164,332.2164,6378.5552,0.01011162,1461.7522,1339.0033,5182.5761,5305.325,0.00821569,0.00841028,0.00042132,144.3512,141.7025,1.6297,93.5821,10.0216,8884.7126,57.4225,158.2289,140.3023,51.4311,102.8621,129.7286,258.1778,514.3107,1008.3546,77.1466,0.0,5.0,9.802971,1.403346,17,104,92,7,0.24757185,0.01053293,0.02940797,0E-8,0.000000,0.915834,0.000000,-0.02508550,2026-05-12,2026-08-06,71,663,310,87,0.816092,1.127771,1.096139,0.825239,,,,,,,,GLOBAL_BASELINE_NO_ENTITY_RANKING,,,NOT_APPLICABLE_GLOBAL_BASELINE,HF9g-P5,,,,X 全窗基线 · 不参与实体赏罚,14193715,1420,A168_HF9F_20260827_0900,2026-08-27 09:00:00
2026-07-01,137070871,2177,0,3227.2222652517,361.4488937083,361.4488937083,0.4285714,7,7,0.50090561428571429,0.500905614286,-0.38275716120403624,-0.38275716120554854,-0.38275716120403624,-2.8571E-13,ELIGIBLE,R03b_20260811_FULL_v1,L1_ELIGIBILITY,v2026-08-11,2026-03-21..2026-08-06,baccarat_bet02_101_all_pairs_incl_sentinel,round_win = game_pnl > 0 (decisive only),COMPATIBILITY_ONLY_NOT_PRODUCTION,630814.5920,577721.2471,6644.3283,4370,4077,-0.01053293,-0.02940797,-0.00432247,-0.01053293,-6644.3283,630814.5920,OK,0.0000,265.7731,4.0000,96.0000,AG03-UNRESOLVED,ALL5_LEVELS_bet23_to_bet27,265.7731,265.7731,265.7731,332.2164,332.2164,4.000000,4.000000,4.000000,5.000000,5.000000,96.000000,96.000000,96.000000,95.000000,95.000000,5.0,1461.7522,1339.0033,5182.5761,5305.325,PENDING_AG03,FALSE,NOT_FOR_ENFORCEMENT,6378.5552,554612.3973,6644.3283,6378.5552,265.7731,0.01053293,0.01011162,265.7731,6378.5552,0.01011162,265.7731,265.7731,265.7731,332.2164,332.2164,6378.5552,0.01011162,1461.7522,1339.0033,5182.5761,5305.325,0.00821569,0.00841028,0.00042132,144.3512,141.7025,1.6297,93.5821,10.0216,8884.7126,57.4225,158.2289,140.3023,51.4311,102.8621,129.7286,258.1778,514.3107,1008.3546,77.1466,0.0,5.0,9.802971,1.403346,17,104,92,7,0.24757185,0.01053293,0.02940797,0E-8,0.000000,0.915834,0.000000,-0.02508550,2026-05-12,2026-08-06,71,663,310,87,0.816092,1.127771,1.096139,0.825239,,,,,,,,GLOBAL_BASELINE_NO_ENTITY_RANKING,,,NOT_APPLICABLE_GLOBAL_BASELINE,HF9g-P5,,,,X 全窗基线 · 不参与实体赏罚,14193716,1420,A168_HF9F_20260827_0900,2026-08-27 09:00:00
2026-07-01,137070871,2246,0,1715.5913562077,-1604.5749102831,-1604.5749102831,0E-7,7,7,0.50282064285714286,0.502820642857,-2.248718057841359,-2.248718057840717,-2.248718057841359,1.4286E-13,ELIGIBLE,R03b_20260811_FULL_v1,L1_ELIGIBILITY,v2026-08-11,2026-03-21..2026-08-06,baccarat_bet02_101_all_pairs_incl_sentinel,round_win = game_pnl > 0 (decisive only),COMPATIBILITY_ONLY_NOT_PRODUCTION,630814.5920,577721.2471,6644.3283,4370,4077,-0.01053293,-0.02940797,-0.00432247,-0.01053293,-6644.3283,630814.5920,OK,0.0000,265.7731,4.0000,96.0000,AG03-UNRESOLVED,ALL5_LEVELS_bet23_to_bet27,265.7731,265.7731,265.7731,332.2164,332.2164,4.000000,4.000000,4.000000,5.000000,5.000000,96.000000,96.000000,96.000000,95.000000,95.000000,5.0,1461.7522,1339.0033,5182.5761,5305.325,PENDING_AG03,FALSE,NOT_FOR_ENFORCEMENT,6378.5552,554612.3973,6644.3283,6378.5552,265.7731,0.01053293,0.01011162,265.7731,6378.5552,0.01011162,265.7731,265.7731,265.7731,332.2164,332.2164,6378.5552,0.01011162,1461.7522,1339.0033,5182.5761,5305.325,0.00821569,0.00841028,0.00042132,144.3512,141.7025,1.6297,93.5821,10.0216,8884.7126,57.4225,158.2289,140.3023,51.4311,102.8621,129.7286,258.1778,514.3107,1008.3546,77.1466,0.0,5.0,9.802971,1.403346,17,104,92,7,0.24757185,0.01053293,0.02940797,0E-8,0.000000,0.915834,0.000000,-0.02508550,2026-05-12,2026-08-06,71,663,310,87,0.816092,1.127771,1.096139,0.825239,,,,,,,,GLOBAL_BASELINE_NO_ENTITY_RANKING,,,NOT_APPLICABLE_GLOBAL_BASELINE,HF9g-P5,,,,X 全窗基线 · 不参与实体赏罚,14193717,1420,A168_HF9F_20260827_0900,2026-08-27 09:00:00
2026-07-05,137070871,2251,0,748.7155655384,-141.9977796711,-141.9977796711,0.4444444,10,10,0.50531018000000000,0.505310180000,-0.3652150105883852,-0.3652150105883852,-0.3652150105883852,0E-17,ELIGIBLE,R03b_20260811_FULL_v1,L1_ELIGIBILITY,v2026-08-11,2026-03-21..2026-08-06,baccarat_bet02_101_all_pairs_incl_sentinel,round_win = game_pnl > 0 (decisive only),COMPATIBILITY_ONLY_NOT_PRODUCTION,630814.5920,577721.2471,6644.3283,4370,4077,-0.01053293,-0.02940797,-0.00432247,-0.01053293,-6644.3283,630814.5920,OK,0.0000,265.7731,4.0000,96.0000,AG03-UNRESOLVED,ALL5_LEVELS_bet23_to_bet27,265.7731,265.7731,265.7731,332.2164,332.2164,4.000000,4.000000,4.000000,5.000000,5.000000,96.000000,96.000000,96.000000,95.000000,95.000000,5.0,1461.7522,1339.0033,5182.5761,5305.325,PENDING_AG03,FALSE,NOT_FOR_ENFORCEMENT,6378.5552,554612.3973,6644.3283,6378.5552,265.7731,0.01053293,0.01011162,265.7731,6378.5552,0.01011162,265.7731,265.7731,265.7731,332.2164,332.2164,6378.5552,0.01011162,1461.7522,1339.0033,5182.5761,5305.325,0.00821569,0.00841028,0.00042132,144.3512,141.7025,1.6297,93.5821,10.0216,8884.7126,57.4225,158.2289,140.3023,51.4311,102.8621,129.7286,258.1778,514.3107,1008.3546,77.1466,0.0,5.0,9.802971,1.403346,17,104,92,7,0.24757185,0.01053293,0.02940797,0E-8,0.000000,0.915834,0.000000,-0.02508550,2026-05-12,2026-08-06,71,663,310,87,0.816092,1.127771,1.096139,0.825239,,,,,,,,GLOBAL_BASELINE_NO_ENTITY_RANKING,,,NOT_APPLICABLE_GLOBAL_BASELINE,HF9g-P5,,,,X 全窗基线 · 不参与实体赏罚,14193718,1420,A168_HF9F_20260827_0900,2026-08-27 09:00:00
2026-07-05,137070871,789,0,129.0888906101,-129.0888906101,-129.0888906101,0E-7,1,1,0.50665070000000000,0.506650700000,-1.013391052207602,-1.013391052207602,-1.013391052207602,0E-17,ELIGIBLE,R03b_20260811_FULL_v1,L1_ELIGIBILITY,v2026-08-11,2026-03-21..2026-08-06,baccarat_bet02_101_all_pairs_incl_sentinel,round_win = game_pnl > 0 (decisive only),COMPATIBILITY_ONLY_NOT_PRODUCTION,630814.5920,577721.2471,6644.3283,4370,4077,-0.01053293,-0.02940797,-0.00432247,-0.01053293,-6644.3283,630814.5920,OK,0.0000,265.7731,4.0000,96.0000,AG03-UNRESOLVED,ALL5_LEVELS_bet23_to_bet27,265.7731,265.7731,265.7731,332.2164,332.2164,4.000000,4.000000,4.000000,5.000000,5.000000,96.000000,96.000000,96.000000,95.000000,95.000000,5.0,1461.7522,1339.0033,5182.5761,5305.325,PENDING_AG03,FALSE,NOT_FOR_ENFORCEMENT,6378.5552,554612.3973,6644.3283,6378.5552,265.7731,0.01053293,0.01011162,265.7731,6378.5552,0.01011162,265.7731,265.7731,265.7731,332.2164,332.2164,6378.5552,0.01011162,1461.7522,1339.0033,5182.5761,5305.325,0.00821569,0.00841028,0.00042132,144.3512,141.7025,1.6297,93.5821,10.0216,8884.7126,57.4225,158.2289,140.3023,51.4311,102.8621,129.7286,258.1778,514.3107,1008.3546,77.1466,0.0,5.0,9.802971,1.403346,17,104,92,7,0.24757185,0.01053293,0.02940797,0E-8,0.000000,0.915834,0.000000,-0.02508550,2026-05-12,2026-08-06,71,663,310,87,0.816092,1.127771,1.096139,0.825239,,,,,,,,GLOBAL_BASELINE_NO_ENTITY_RANKING,,,NOT_APPLICABLE_GLOBAL_BASELINE,HF9g-P5,,,,X 全窗基线 · 不参与实体赏罚,14193719,1420,A168_HF9F_20260827_0900,2026-08-27 09:00:00
2026-07-06,137070871,2141,0,438.9022280742,-30.9813337464,-30.9813337464,0.5000000,6,6,0.50218230000000000,0.502182300000,-0.01069114476356389,-0.01069114476356389,-0.01069114476356389,0E-17,ELIGIBLE,R03b_20260811_FULL_v1,L1_ELIGIBILITY,v2026-08-11,2026-03-21..2026-08-06,baccarat_bet02_101_all_pairs_incl_sentinel,round_win = game_pnl > 0 (decisive only),COMPATIBILITY_ONLY_NOT_PRODUCTION,630814.5920,577721.2471,6644.3283,4370,4077,-0.01053293,-0.02940797,-0.00432247,-0.01053293,-6644.3283,630814.5920,OK,0.0000,265.7731,4.0000,96.0000,AG03-UNRESOLVED,ALL5_LEVELS_bet23_to_bet27,265.7731,265.7731,265.7731,332.2164,332.2164,4.000000,4.000000,4.000000,5.000000,5.000000,96.000000,96.000000,96.000000,95.000000,95.000000,5.0,1461.7522,1339.0033,5182.5761,5305.325,PENDING_AG03,FALSE,NOT_FOR_ENFORCEMENT,6378.5552,554612.3973,6644.3283,6378.5552,265.7731,0.01053293,0.01011162,265.7731,6378.5552,0.01011162,265.7731,265.7731,265.7731,332.2164,332.2164,6378.5552,0.01011162,1461.7522,1339.0033,5182.5761,5305.325,0.00821569,0.00841028,0.00042132,144.3512,141.7025,1.6297,93.5821,10.0216,8884.7126,57.4225,158.2289,140.3023,51.4311,102.8621,129.7286,258.1778,514.3107,1008.3546,77.1466,0.0,5.0,9.802971,1.403346,17,104,92,7,0.24757185,0.01053293,0.02940797,0E-8,0.000000,0.915834,0.000000,-0.02508550,2026-05-12,2026-08-06,71,663,310,87,0.816092,1.127771,1.096139,0.825239,,,,,,,,GLOBAL_BASELINE_NO_ENTITY_RANKING,,,NOT_APPLICABLE_GLOBAL_BASELINE,HF9g-P5,,,,X 全窗基线 · 不参与实体赏罚,14193720,1420,A168_HF9F_20260827_0900,2026-08-27 09:00:00
2026-07-07,137070871,1330,0,4899.4397542147,-2330.5708310743,-2330.5708310743,0.3333333,6,6,0.50218230000000000,0.502182300000,-0.8271955028234007,-0.8271955028234007,-0.8271955028234007,0E-17,ELIGIBLE,R03b_20260811_FULL_v1,L1_ELIGIBILITY,v2026-08-11,2026-03-21..2026-08-06,baccarat_bet02_101_all_pairs_incl_sentinel,round_win = game_pnl > 0 (decisive only),COMPATIBILITY_ONLY_NOT_PRODUCTION,630814.5920,577721.2471,6644.3283,4370,4077,-0.01053293,-0.02940797,-0.00432247,-0.01053293,-6644.3283,630814.5920,OK,0.0000,265.7731,4.0000,96.0000,AG03-UNRESOLVED,ALL5_LEVELS_bet23_to_bet27,265.7731,265.7731,265.7731,332.2164,332.2164,4.000000,4.000000,4.000000,5.000000,5.000000,96.000000,96.000000,96.000000,95.000000,95.000000,5.0,1461.7522,1339.0033,5182.5761,5305.325,PENDING_AG03,FALSE,NOT_FOR_ENFORCEMENT,6378.5552,554612.3973,6644.3283,6378.5552,265.7731,0.01053293,0.01011162,265.7731,6378.5552,0.01011162,265.7731,265.7731,265.7731,332.2164,332.2164,6378.5552,0.01011162,1461.7522,1339.0033,5182.5761,5305.325,0.00821569,0.00841028,0.00042132,144.3512,141.7025,1.6297,93.5821,10.0216,8884.7126,57.4225,158.2289,140.3023,51.4311,102.8621,129.7286,258.1778,514.3107,1008.3546,77.1466,0.0,5.0,9.802971,1.403346,17,104,92,7,0.24757185,0.01053293,0.02940797,0E-8,0.000000,0.915834,0.000000,-0.02508550,2026-05-12,2026-08-06,71,663,310,87,0.816092,1.127771,1.096139,0.825239,,,,,,,,GLOBAL_BASELINE_NO_ENTITY_RANKING,,,NOT_APPLICABLE_GLOBAL_BASELINE,HF9g-P5,,,,X 全窗基线 · 不参与实体赏罚,14193721,1420,A168_HF9F_20260827_0900,2026-08-27 09:00:00
2026-07-11,137070871,1505,0,129.0888906101,122.6344460796,122.6344460796,1.0000000,1,1,0.50665070000000000,0.506650700000,0.9867858985152569,0.9867858985152569,0.9867858985152569,0E-17,ELIGIBLE,R03b_20260811_FULL_v1,L1_ELIGIBILITY,v2026-08-11,2026-03-21..2026-08-06,baccarat_bet02_101_all_pairs_incl_sentinel,round_win = game_pnl > 0 (decisive only),COMPATIBILITY_ONLY_NOT_PRODUCTION,630814.5920,577721.2471,6644.3283,4370,4077,-0.01053293,-0.02940797,-0.00432247,-0.01053293,-6644.3283,630814.5920,OK,0.0000,265.7731,4.0000,96.0000,AG03-UNRESOLVED,ALL5_LEVELS_bet23_to_bet27,265.7731,265.7731,265.7731,332.2164,332.2164,4.000000,4.000000,4.000000,5.000000,5.000000,96.000000,96.000000,96.000000,95.000000,95.000000,5.0,1461.7522,1339.0033,5182.5761,5305.325,PENDING_AG03,FALSE,NOT_FOR_ENFORCEMENT,6378.5552,554612.3973,6644.3283,6378.5552,265.7731,0.01053293,0.01011162,265.7731,6378.5552,0.01011162,265.7731,265.7731,265.7731,332.2164,332.2164,6378.5552,0.01011162,1461.7522,1339.0033,5182.5761,5305.325,0.00821569,0.00841028,0.00042132,144.3512,141.7025,1.6297,93.5821,10.0216,8884.7126,57.4225,158.2289,140.3023,51.4311,102.8621,129.7286,258.1778,514.3107,1008.3546,77.1466,0.0,5.0,9.802971,1.403346,17,104,92,7,0.24757185,0.01053293,0.02940797,0E-8,0.000000,0.915834,0.000000,-0.02508550,2026-05-12,2026-08-06,71,663,310,87,0.816092,1.127771,1.096139,0.825239,,,,,,,,GLOBAL_BASELINE_NO_ENTITY_RANKING,,,NOT_APPLICABLE_GLOBAL_BASELINE,HF9g-P5,,,,X 全窗基线 · 不参与实体赏罚,14193722,1420,A168_HF9F_20260827_0900,2026-08-27 09:00:00
2026-07-12,137070871,1331,0,1161.8000154905,645.4444530503,645.4444530503,0.7500000,4,4,0.49659680000000000,0.496596800000,1.0136362796769356,1.0136362796769358,1.0136362796769356,0E-17,ELIGIBLE,R03b_20260811_FULL_v1,L1_ELIGIBILITY,v2026-08-11,2026-03-21..2026-08-06,baccarat_bet02_101_all_pairs_incl_sentinel,round_win = game_pnl > 0 (decisive only),COMPATIBILITY_ONLY_NOT_PRODUCTION,630814.5920,577721.2471,6644.3283,4370,4077,-0.01053293,-0.02940797,-0.00432247,-0.01053293,-6644.3283,630814.5920,OK,0.0000,265.7731,4.0000,96.0000,AG03-UNRESOLVED,ALL5_LEVELS_bet23_to_bet27,265.7731,265.7731,265.7731,332.2164,332.2164,4.000000,4.000000,4.000000,5.000000,5.000000,96.000000,96.000000,96.000000,95.000000,95.000000,5.0,1461.7522,1339.0033,5182.5761,5305.325,PENDING_AG03,FALSE,NOT_FOR_ENFORCEMENT,6378.5552,554612.3973,6644.3283,6378.5552,265.7731,0.01053293,0.01011162,265.7731,6378.5552,0.01011162,265.7731,265.7731,265.7731,332.2164,332.2164,6378.5552,0.01011162,1461.7522,1339.0033,5182.5761,5305.325,0.00821569,0.00841028,0.00042132,144.3512,141.7025,1.6297,93.5821,10.0216,8884.7126,57.4225,158.2289,140.3023,51.4311,102.8621,129.7286,258.1778,514.3107,1008.3546,77.1466,0.0,5.0,9.802971,1.403346,17,104,92,7,0.24757185,0.01053293,0.02940797,0E-8,0.000000,0.915834,0.000000,-0.02508550,2026-05-12,2026-08-06,71,663,310,87,0.816092,1.127771,1.096139,0.825239,,,,,,,,GLOBAL_BASELINE_NO_ENTITY_RANKING,,,NOT_APPLICABLE_GLOBAL_BASELINE,HF9g-P5,,,,X 全窗基线 · 不参与实体赏罚,14193723,1420,A168_HF9F_20260827_0900,2026-08-27 09:00:00
2026-07-12,137070871,1396,0,1290.8889061005,-283.9955593421,-283.9955593421,0.4000000,5,5,0.50396966000000000,0.503969660000,-0.4649811094771361,-0.4649811094771361,-0.4649811094771361,0E-17,ELIGIBLE,R03b_20260811_FULL_v1,L1_ELIGIBILITY,v2026-08-11,2026-03-21..2026-08-06,baccarat_bet02_101_all_pairs_incl_sentinel,round_win = game_pnl > 0 (decisive only),COMPATIBILITY_ONLY_NOT_PRODUCTION,630814.5920,577721.2471,6644.3283,4370,4077,-0.01053293,-0.02940797,-0.00432247,-0.01053293,-6644.3283,630814.5920,OK,0.0000,265.7731,4.0000,96.0000,AG03-UNRESOLVED,ALL5_LEVELS_bet23_to_bet27,265.7731,265.7731,265.7731,332.2164,332.2164,4.000000,4.000000,4.000000,5.000000,5.000000,96.000000,96.000000,96.000000,95.000000,95.000000,5.0,1461.7522,1339.0033,5182.5761,5305.325,PENDING_AG03,FALSE,NOT_FOR_ENFORCEMENT,6378.5552,554612.3973,6644.3283,6378.5552,265.7731,0.01053293,0.01011162,265.7731,6378.5552,0.01011162,265.7731,265.7731,265.7731,332.2164,332.2164,6378.5552,0.01011162,1461.7522,1339.0033,5182.5761,5305.325,0.00821569,0.00841028,0.00042132,144.3512,141.7025,1.6297,93.5821,10.0216,8884.7126,57.4225,158.2289,140.3023,51.4311,102.8621,129.7286,258.1778,514.3107,1008.3546,77.1466,0.0,5.0,9.802971,1.403346,17,104,92,7,0.24757185,0.01053293,0.02940797,0E-8,0.000000,0.915834,0.000000,-0.02508550,2026-05-12,2026-08-06,71,663,310,87,0.816092,1.127771,1.096139,0.825239,,,,,,,,GLOBAL_BASELINE_NO_ENTITY_RANKING,,,NOT_APPLICABLE_GLOBAL_BASELINE,HF9g-P5,,,,X 全窗基线 · 不参与实体赏罚,14193724,1420,A168_HF9F_20260827_0900,2026-08-27 09:00:00
2026-07-12,137070871,2145,0,206.5422249760,147.1613352954,147.1613352954,1.0000000,4,4,0.50665070000000000,0.506650700000,1.7091633124209307,1.7091633124209307,1.7091633124209307,0E-17,ELIGIBLE,R03b_20260811_FULL_v1,L1_ELIGIBILITY,v2026-08-11,2026-03-21..2026-08-06,baccarat_bet02_101_all_pairs_incl_sentinel,round_win = game_pnl > 0 (decisive only),COMPATIBILITY_ONLY_NOT_PRODUCTION,630814.5920,577721.2471,6644.3283,4370,4077,-0.01053293,-0.02940797,-0.00432247,-0.01053293,-6644.3283,630814.5920,OK,0.0000,265.7731,4.0000,96.0000,AG03-UNRESOLVED,ALL5_LEVELS_bet23_to_bet27,265.7731,265.7731,265.7731,332.2164,332.2164,4.000000,4.000000,4.000000,5.000000,5.000000,96.000000,96.000000,96.000000,95.000000,95.000000,5.0,1461.7522,1339.0033,5182.5761,5305.325,PENDING_AG03,FALSE,NOT_FOR_ENFORCEMENT,6378.5552,554612.3973,6644.3283,6378.5552,265.7731,0.01053293,0.01011162,265.7731,6378.5552,0.01011162,265.7731,265.7731,265.7731,332.2164,332.2164,6378.5552,0.01011162,1461.7522,1339.0033,5182.5761,5305.325,0.00821569,0.00841028,0.00042132,144.3512,141.7025,1.6297,93.5821,10.0216,8884.7126,57.4225,158.2289,140.3023,51.4311,102.8621,129.7286,258.1778,514.3107,1008.3546,77.1466,0.0,5.0,9.802971,1.403346,17,104,92,7,0.24757185,0.01053293,0.02940797,0E-8,0.000000,0.915834,0.000000,-0.02508550,2026-05-12,2026-08-06,71,663,310,87,0.816092,1.127771,1.096139,0.825239,,,,,,,,GLOBAL_BASELINE_NO_ENTITY_RANKING,,,NOT_APPLICABLE_GLOBAL_BASELINE,HF9g-P5,,,,X 全窗基线 · 不参与实体赏罚,14193725,1420,A168_HF9F_20260827_0900,2026-08-27 09:00:00
2026-07-13,137070871,1325,0,593.8088968060,139.4160018588,139.4160018588,0.6250000,10,10,0.50531018000000000,0.505310180000,0.6771060540535877,0.6771060540535877,0.6771060540535877,0E-17,ELIGIBLE,R03b_20260811_FULL_v1,L1_ELIGIBILITY,v2026-08-11,2026-03-21..2026-08-06,baccarat_bet02_101_all_pairs_incl_sentinel,round_win = game_pnl > 0 (decisive only),COMPATIBILITY_ONLY_NOT_PRODUCTION,630814.5920,577721.2471,6644.3283,4370,4077,-0.01053293,-0.02940797,-0.00432247,-0.01053293,-6644.3283,630814.5920,OK,0.0000,265.7731,4.0000,96.0000,AG03-UNRESOLVED,ALL5_LEVELS_bet23_to_bet27,265.7731,265.7731,265.7731,332.2164,332.2164,4.000000,4.000000,4.000000,5.000000,5.000000,96.000000,96.000000,96.000000,95.000000,95.000000,5.0,1461.7522,1339.0033,5182.5761,5305.325,PENDING_AG03,FALSE,NOT_FOR_ENFORCEMENT,6378.5552,554612.3973,6644.3283,6378.5552,265.7731,0.01053293,0.01011162,265.7731,6378.5552,0.01011162,265.7731,265.7731,265.7731,332.2164,332.2164,6378.5552,0.01011162,1461.7522,1339.0033,5182.5761,5305.325,0.00821569,0.00841028,0.00042132,144.3512,141.7025,1.6297,93.5821,10.0216,8884.7126,57.4225,158.2289,140.3023,51.4311,102.8621,129.7286,258.1778,514.3107,1008.3546,77.1466,0.0,5.0,9.802971,1.403346,17,104,92,7,0.24757185,0.01053293,0.02940797,0E-8,0.000000,0.915834,0.000000,-0.02508550,2026-05-12,2026-08-06,71,663,310,87,0.816092,1.127771,1.096139,0.825239,,,,,,,,GLOBAL_BASELINE_NO_ENTITY_RANKING,,,NOT_APPLICABLE_GLOBAL_BASELINE,HF9g-P5,,,,X 全窗基线 · 不参与实体赏罚,14193726,1420,A168_HF9F_20260827_0900,2026-08-27 09:00:00
2026-07-13,137070871,1396,0,258.1777812202,-129.0888906101,-129.0888906101,0E-7,2,2,0.50665070000000000,0.506650700000,-1.013391052207602,-1.013391052207602,-1.013391052207602,0E-17,ELIGIBLE,R03b_20260811_FULL_v1,L1_ELIGIBILITY,v2026-08-11,2026-03-21..2026-08-06,baccarat_bet02_101_all_pairs_incl_sentinel,round_win = game_pnl > 0 (decisive only),COMPATIBILITY_ONLY_NOT_PRODUCTION,630814.5920,577721.2471,6644.3283,4370,4077,-0.01053293,-0.02940797,-0.00432247,-0.01053293,-6644.3283,630814.5920,OK,0.0000,265.7731,4.0000,96.0000,AG03-UNRESOLVED,ALL5_LEVELS_bet23_to_bet27,265.7731,265.7731,265.7731,332.2164,332.2164,4.000000,4.000000,4.000000,5.000000,5.000000,96.000000,96.000000,96.000000,95.000000,95.000000,5.0,1461.7522,1339.0033,5182.5761,5305.325,PENDING_AG03,FALSE,NOT_FOR_ENFORCEMENT,6378.5552,554612.3973,6644.3283,6378.5552,265.7731,0.01053293,0.01011162,265.7731,6378.5552,0.01011162,265.7731,265.7731,265.7731,332.2164,332.2164,6378.5552,0.01011162,1461.7522,1339.0033,5182.5761,5305.325,0.00821569,0.00841028,0.00042132,144.3512,141.7025,1.6297,93.5821,10.0216,8884.7126,57.4225,158.2289,140.3023,51.4311,102.8621,129.7286,258.1778,514.3107,1008.3546,77.1466,0.0,5.0,9.802971,1.403346,17,104,92,7,0.24757185,0.01053293,0.02940797,0E-8,0.000000,0.915834,0.000000,-0.02508550,2026-05-12,2026-08-06,71,663,310,87,0.816092,1.127771,1.096139,0.825239,,,,,,,,GLOBAL_BASELINE_NO_ENTITY_RANKING,,,NOT_APPLICABLE_GLOBAL_BASELINE,HF9g-P5,,,,X 全窗基线 · 不参与实体赏罚,14193727,1420,A168_HF9F_20260827_0900,2026-08-27 09:00:00
2026-07-13,137070871,1505,0,722.8977874162,392.4302274546,392.4302274546,0.7777778,11,11,0.50421339090909091,0.504213390909,1.6414446022723435,1.6414446022728861,1.6414446022723435,9.091E-14,ELIGIBLE,R03b_20260811_FULL_v1,L1_ELIGIBILITY,v2026-08-11,2026-03-21..2026-08-06,baccarat_bet02_101_all_pairs_incl_sentinel,round_win = game_pnl > 0 (decisive only),COMPATIBILITY_ONLY_NOT_PRODUCTION,630814.5920,577721.2471,6644.3283,4370,4077,-0.01053293,-0.02940797,-0.00432247,-0.01053293,-6644.3283,630814.5920,OK,0.0000,265.7731,4.0000,96.0000,AG03-UNRESOLVED,ALL5_LEVELS_bet23_to_bet27,265.7731,265.7731,265.7731,332.2164,332.2164,4.000000,4.000000,4.000000,5.000000,5.000000,96.000000,96.000000,96.000000,95.000000,95.000000,5.0,1461.7522,1339.0033,5182.5761,5305.325,PENDING_AG03,FALSE,NOT_FOR_ENFORCEMENT,6378.5552,554612.3973,6644.3283,6378.5552,265.7731,0.01053293,0.01011162,265.7731,6378.5552,0.01011162,265.7731,265.7731,265.7731,332.2164,332.2164,6378.5552,0.01011162,1461.7522,1339.0033,5182.5761,5305.325,0.00821569,0.00841028,0.00042132,144.3512,141.7025,1.6297,93.5821,10.0216,8884.7126,57.4225,158.2289,140.3023,51.4311,102.8621,129.7286,258.1778,514.3107,1008.3546,77.1466,0.0,5.0,9.802971,1.403346,17,104,92,7,0.24757185,0.01053293,0.02940797,0E-8,0.000000,0.915834,0.000000,-0.02508550,2026-05-12,2026-08-06,71,663,310,87,0.816092,1.127771,1.096139,0.825239,,,,,,,,GLOBAL_BASELINE_NO_ENTITY_RANKING,,,NOT_APPLICABLE_GLOBAL_BASELINE,HF9g-P5,,,,X 全窗基线 · 不参与实体赏罚,14193728,1420,A168_HF9F_20260827_0900,2026-08-27 09:00:00
2026-07-13,137070871,1942,0,116.1800015490,116.1800015490,116.1800015490,1.0000000,2,2,0.49324550000000000,0.493245500000,1.4334489766152358,1.4334489766152358,1.4334489766152358,0E-17,ELIGIBLE,R03b_20260811_FULL_v1,L1_ELIGIBILITY,v2026-08-11,2026-03-21..2026-08-06,baccarat_bet02_101_all_pairs_incl_sentinel,round_win = game_pnl > 0 (decisive only),COMPATIBILITY_ONLY_NOT_PRODUCTION,630814.5920,577721.2471,6644.3283,4370,4077,-0.01053293,-0.02940797,-0.00432247,-0.01053293,-6644.3283,630814.5920,OK,0.0000,265.7731,4.0000,96.0000,AG03-UNRESOLVED,ALL5_LEVELS_bet23_to_bet27,265.7731,265.7731,265.7731,332.2164,332.2164,4.000000,4.000000,4.000000,5.000000,5.000000,96.000000,96.000000,96.000000,95.000000,95.000000,5.0,1461.7522,1339.0033,5182.5761,5305.325,PENDING_AG03,FALSE,NOT_FOR_ENFORCEMENT,6378.5552,554612.3973,6644.3283,6378.5552,265.7731,0.01053293,0.01011162,265.7731,6378.5552,0.01011162,265.7731,265.7731,265.7731,332.2164,332.2164,6378.5552,0.01011162,1461.7522,1339.0033,5182.5761,5305.325,0.00821569,0.00841028,0.00042132,144.3512,141.7025,1.6297,93.5821,10.0216,8884.7126,57.4225,158.2289,140.3023,51.4311,102.8621,129.7286,258.1778,514.3107,1008.3546,77.1466,0.0,5.0,9.802971,1.403346,17,104,92,7,0.24757185,0.01053293,0.02940797,0E-8,0.000000,0.915834,0.000000,-0.02508550,2026-05-12,2026-08-06,71,663,310,87,0.816092,1.127771,1.096139,0.825239,,,,,,,,GLOBAL_BASELINE_NO_ENTITY_RANKING,,,NOT_APPLICABLE_GLOBAL_BASELINE,HF9g-P5,,,,X 全窗基线 · 不参与实体赏罚,14193729,1420,A168_HF9F_20260827_0900,2026-08-27 09:00:00
2026-07-13,137070871,2141,0,490.5377843182,77.4533343660,77.4533343660,0.4000000,5,5,0.50128862000000000,0.501288620000,-0.4529779837142727,-0.4529779837142727,-0.4529779837142727,0E-17,ELIGIBLE,R03b_20260811_FULL_v1,L1_ELIGIBILITY,v2026-08-11,2026-03-21..2026-08-06,baccarat_bet02_101_all_pairs_incl_sentinel,round_win = game_pnl > 0 (decisive only),COMPATIBILITY_ONLY_NOT_PRODUCTION,630814.5920,577721.2471,6644.3283,4370,4077,-0.01053293,-0.02940797,-0.00432247,-0.01053293,-6644.3283,630814.5920,OK,0.0000,265.7731,4.0000,96.0000,AG03-UNRESOLVED,ALL5_LEVELS_bet23_to_bet27,265.7731,265.7731,265.7731,332.2164,332.2164,4.000000,4.000000,4.000000,5.000000,5.000000,96.000000,96.000000,96.000000,95.000000,95.000000,5.0,1461.7522,1339.0033,5182.5761,5305.325,PENDING_AG03,FALSE,NOT_FOR_ENFORCEMENT,6378.5552,554612.3973,6644.3283,6378.5552,265.7731,0.01053293,0.01011162,265.7731,6378.5552,0.01011162,265.7731,265.7731,265.7731,332.2164,332.2164,6378.5552,0.01011162,1461.7522,1339.0033,5182.5761,5305.325,0.00821569,0.00841028,0.00042132,144.3512,141.7025,1.6297,93.5821,10.0216,8884.7126,57.4225,158.2289,140.3023,51.4311,102.8621,129.7286,258.1778,514.3107,1008.3546,77.1466,0.0,5.0,9.802971,1.403346,17,104,92,7,0.24757185,0.01053293,0.02940797,0E-8,0.000000,0.915834,0.000000,-0.02508550,2026-05-12,2026-08-06,71,663,310,87,0.816092,1.127771,1.096139,0.825239,,,,,,,,GLOBAL_BASELINE_NO_ENTITY_RANKING,,,NOT_APPLICABLE_GLOBAL_BASELINE,HF9g-P5,,,,X 全窗基线 · 不参与实体赏罚,14193730,1420,A168_HF9F_20260827_0900,2026-08-27 09:00:00
2026-07-13,137070871,2142,0,413.0844499521,196.2151137273,196.2151137273,0.7142857,7,7,0.50473567142857143,0.504735671429,1.1088843393366314,1.1088843393343726,1.1088843393366314,-4.2857E-13,ELIGIBLE,R03b_20260811_FULL_v1,L1_ELIGIBILITY,v2026-08-11,2026-03-21..2026-08-06,baccarat_bet02_101_all_pairs_incl_sentinel,round_win = game_pnl > 0 (decisive only),COMPATIBILITY_ONLY_NOT_PRODUCTION,630814.5920,577721.2471,6644.3283,4370,4077,-0.01053293,-0.02940797,-0.00432247,-0.01053293,-6644.3283,630814.5920,OK,0.0000,265.7731,4.0000,96.0000,AG03-UNRESOLVED,ALL5_LEVELS_bet23_to_bet27,265.7731,265.7731,265.7731,332.2164,332.2164,4.000000,4.000000,4.000000,5.000000,5.000000,96.000000,96.000000,96.000000,95.000000,95.000000,5.0,1461.7522,1339.0033,5182.5761,5305.325,PENDING_AG03,FALSE,NOT_FOR_ENFORCEMENT,6378.5552,554612.3973,6644.3283,6378.5552,265.7731,0.01053293,0.01011162,265.7731,6378.5552,0.01011162,265.7731,265.7731,265.7731,332.2164,332.2164,6378.5552,0.01011162,1461.7522,1339.0033,5182.5761,5305.325,0.00821569,0.00841028,0.00042132,144.3512,141.7025,1.6297,93.5821,10.0216,8884.7126,57.4225,158.2289,140.3023,51.4311,102.8621,129.7286,258.1778,514.3107,1008.3546,77.1466,0.0,5.0,9.802971,1.403346,17,104,92,7,0.24757185,0.01053293,0.02940797,0E-8,0.000000,0.915834,0.000000,-0.02508550,2026-05-12,2026-08-06,71,663,310,87,0.816092,1.127771,1.096139,0.825239,,,,,,,,GLOBAL_BASELINE_NO_ENTITY_RANKING,,,NOT_APPLICABLE_GLOBAL_BASELINE,HF9g-P5,,,,X 全窗基线 · 不参与实体赏罚,14193731,1420,A168_HF9F_20260827_0900,2026-08-27 09:00:00
2026-07-13,137070871,2153,0,51.6355562440,-51.6355562440,-51.6355562440,0E-7,1,1,0.49324550000000000,0.493245500000,-0.9865810262130424,-0.9865810262130424,-0.9865810262130424,0E-17,ELIGIBLE,R03b_20260811_FULL_v1,L1_ELIGIBILITY,v2026-08-11,2026-03-21..2026-08-06,baccarat_bet02_101_all_pairs_incl_sentinel,round_win = game_pnl > 0 (decisive only),COMPATIBILITY_ONLY_NOT_PRODUCTION,630814.5920,577721.2471,6644.3283,4370,4077,-0.01053293,-0.02940797,-0.00432247,-0.01053293,-6644.3283,630814.5920,OK,0.0000,265.7731,4.0000,96.0000,AG03-UNRESOLVED,ALL5_LEVELS_bet23_to_bet27,265.7731,265.7731,265.7731,332.2164,332.2164,4.000000,4.000000,4.000000,5.000000,5.000000,96.000000,96.000000,96.000000,95.000000,95.000000,5.0,1461.7522,1339.0033,5182.5761,5305.325,PENDING_AG03,FALSE,NOT_FOR_ENFORCEMENT,6378.5552,554612.3973,6644.3283,6378.5552,265.7731,0.01053293,0.01011162,265.7731,6378.5552,0.01011162,265.7731,265.7731,265.7731,332.2164,332.2164,6378.5552,0.01011162,1461.7522,1339.0033,5182.5761,5305.325,0.00821569,0.00841028,0.00042132,144.3512,141.7025,1.6297,93.5821,10.0216,8884.7126,57.4225,158.2289,140.3023,51.4311,102.8621,129.7286,258.1778,514.3107,1008.3546,77.1466,0.0,5.0,9.802971,1.403346,17,104,92,7,0.24757185,0.01053293,0.02940797,0E-8,0.000000,0.915834,0.000000,-0.02508550,2026-05-12,2026-08-06,71,663,310,87,0.816092,1.127771,1.096139,0.825239,,,,,,,,GLOBAL_BASELINE_NO_ENTITY_RANKING,,,NOT_APPLICABLE_GLOBAL_BASELINE,HF9g-P5,,,,X 全窗基线 · 不参与实体赏罚,14193732,1420,A168_HF9F_20260827_0900,2026-08-27 09:00:00
2026-07-13,137070871,2160,0,51.6355562440,-51.6355562440,-51.6355562440,0E-7,1,1,0.50665070000000000,0.506650700000,-1.013391052207602,-1.013391052207602,-1.013391052207602,0E-17,ELIGIBLE,R03b_20260811_FULL_v1,L1_ELIGIBILITY,v2026-08-11,2026-03-21..2026-08-06,baccarat_bet02_101_all_pairs_incl_sentinel,round_win = game_pnl > 0 (decisive only),COMPATIBILITY_ONLY_NOT_PRODUCTION,630814.5920,577721.2471,6644.3283,4370,4077,-0.01053293,-0.02940797,-0.00432247,-0.01053293,-6644.3283,630814.5920,OK,0.0000,265.7731,4.0000,96.0000,AG03-UNRESOLVED,ALL5_LEVELS_bet23_to_bet27,265.7731,265.7731,265.7731,332.2164,332.2164,4.000000,4.000000,4.000000,5.000000,5.000000,96.000000,96.000000,96.000000,95.000000,95.000000,5.0,1461.7522,1339.0033,5182.5761,5305.325,PENDING_AG03,FALSE,NOT_FOR_ENFORCEMENT,6378.5552,554612.3973,6644.3283,6378.5552,265.7731,0.01053293,0.01011162,265.7731,6378.5552,0.01011162,265.7731,265.7731,265.7731,332.2164,332.2164,6378.5552,0.01011162,1461.7522,1339.0033,5182.5761,5305.325,0.00821569,0.00841028,0.00042132,144.3512,141.7025,1.6297,93.5821,10.0216,8884.7126,57.4225,158.2289,140.3023,51.4311,102.8621,129.7286,258.1778,514.3107,1008.3546,77.1466,0.0,5.0,9.802971,1.403346,17,104,92,7,0.24757185,0.01053293,0.02940797,0E-8,0.000000,0.915834,0.000000,-0.02508550,2026-05-12,2026-08-06,71,663,310,87,0.816092,1.127771,1.096139,0.825239,,,,,,,,GLOBAL_BASELINE_NO_ENTITY_RANKING,,,NOT_APPLICABLE_GLOBAL_BASELINE,HF9g-P5,,,,X 全窗基线 · 不参与实体赏罚,14193733,1420,A168_HF9F_20260827_0900,2026-08-27 09:00:00
2026-07-13,137070871,2233,0,1316.7066842228,747.4246766323,747.4246766323,0.7142857,7,7,0.50473567142857143,0.504735671429,1.1088843393366314,1.1088843393343726,1.1088843393366314,-4.2857E-13,ELIGIBLE,R03b_20260811_FULL_v1,L1_ELIGIBILITY,v2026-08-11,2026-03-21..2026-08-06,baccarat_bet02_101_all_pairs_incl_sentinel,round_win = game_pnl > 0 (decisive only),COMPATIBILITY_ONLY_NOT_PRODUCTION,630814.5920,577721.2471,6644.3283,4370,4077,-0.01053293,-0.02940797,-0.00432247,-0.01053293,-6644.3283,630814.5920,OK,0.0000,265.7731,4.0000,96.0000,AG03-UNRESOLVED,ALL5_LEVELS_bet23_to_bet27,265.7731,265.7731,265.7731,332.2164,332.2164,4.000000,4.000000,4.000000,5.000000,5.000000,96.000000,96.000000,96.000000,95.000000,95.000000,5.0,1461.7522,1339.0033,5182.5761,5305.325,PENDING_AG03,FALSE,NOT_FOR_ENFORCEMENT,6378.5552,554612.3973,6644.3283,6378.5552,265.7731,0.01053293,0.01011162,265.7731,6378.5552,0.01011162,265.7731,265.7731,265.7731,332.2164,332.2164,6378.5552,0.01011162,1461.7522,1339.0033,5182.5761,5305.325,0.00821569,0.00841028,0.00042132,144.3512,141.7025,1.6297,93.5821,10.0216,8884.7126,57.4225,158.2289,140.3023,51.4311,102.8621,129.7286,258.1778,514.3107,1008.3546,77.1466,0.0,5.0,9.802971,1.403346,17,104,92,7,0.24757185,0.01053293,0.02940797,0E-8,0.000000,0.915834,0.000000,-0.02508550,2026-05-12,2026-08-06,71,663,310,87,0.816092,1.127771,1.096139,0.825239,,,,,,,,GLOBAL_BASELINE_NO_ENTITY_RANKING,,,NOT_APPLICABLE_GLOBAL_BASELINE,HF9g-P5,,,,X 全窗基线 · 不参与实体赏罚,14193734,1420,A168_HF9F_20260827_0900,2026-08-27 09:00:00
2026-07-13,137070871,2246,0,51.6355562440,-51.6355562440,-51.6355562440,0E-7,1,1,0.49324550000000000,0.493245500000,-0.9865810262130424,-0.9865810262130424,-0.9865810262130424,0E-17,ELIGIBLE,R03b_20260811_FULL_v1,L1_ELIGIBILITY,v2026-08-11,2026-03-21..2026-08-06,baccarat_bet02_101_all_pairs_incl_sentinel,round_win = game_pnl > 0 (decisive only),COMPATIBILITY_ONLY_NOT_PRODUCTION,630814.5920,577721.2471,6644.3283,4370,4077,-0.01053293,-0.02940797,-0.00432247,-0.01053293,-6644.3283,630814.5920,OK,0.0000,265.7731,4.0000,96.0000,AG03-UNRESOLVED,ALL5_LEVELS_bet23_to_bet27,265.7731,265.7731,265.7731,332.2164,332.2164,4.000000,4.000000,4.000000,5.000000,5.000000,96.000000,96.000000,96.000000,95.000000,95.000000,5.0,1461.7522,1339.0033,5182.5761,5305.325,PENDING_AG03,FALSE,NOT_FOR_ENFORCEMENT,6378.5552,554612.3973,6644.3283,6378.5552,265.7731,0.01053293,0.01011162,265.7731,6378.5552,0.01011162,265.7731,265.7731,265.7731,332.2164,332.2164,6378.5552,0.01011162,1461.7522,1339.0033,5182.5761,5305.325,0.00821569,0.00841028,0.00042132,144.3512,141.7025,1.6297,93.5821,10.0216,8884.7126,57.4225,158.2289,140.3023,51.4311,102.8621,129.7286,258.1778,514.3107,1008.3546,77.1466,0.0,5.0,9.802971,1.403346,17,104,92,7,0.24757185,0.01053293,0.02940797,0E-8,0.000000,0.915834,0.000000,-0.02508550,2026-05-12,2026-08-06,71,663,310,87,0.816092,1.127771,1.096139,0.825239,,,,,,,,GLOBAL_BASELINE_NO_ENTITY_RANKING,,,NOT_APPLICABLE_GLOBAL_BASELINE,HF9g-P5,,,,X 全窗基线 · 不参与实体赏罚,14193735,1420,A168_HF9F_20260827_0900,2026-08-27 09:00:00
2026-07-13,137070871,2251,0,361.4488937080,-5.1635556244,-5.1635556244,0.5000000,7,7,0.50282064285714286,0.502820642857,-0.013818491375558404,-0.0138184913748585,-0.013818491375558404,1.4286E-13,ELIGIBLE,R03b_20260811_FULL_v1,L1_ELIGIBILITY,v2026-08-11,2026-03-21..2026-08-06,baccarat_bet02_101_all_pairs_incl_sentinel,round_win = game_pnl > 0 (decisive only),COMPATIBILITY_ONLY_NOT_PRODUCTION,630814.5920,577721.2471,6644.3283,4370,4077,-0.01053293,-0.02940797,-0.00432247,-0.01053293,-6644.3283,630814.5920,OK,0.0000,265.7731,4.0000,96.0000,AG03-UNRESOLVED,ALL5_LEVELS_bet23_to_bet27,265.7731,265.7731,265.7731,332.2164,332.2164,4.000000,4.000000,4.000000,5.000000,5.000000,96.000000,96.000000,96.000000,95.000000,95.000000,5.0,1461.7522,1339.0033,5182.5761,5305.325,PENDING_AG03,FALSE,NOT_FOR_ENFORCEMENT,6378.5552,554612.3973,6644.3283,6378.5552,265.7731,0.01053293,0.01011162,265.7731,6378.5552,0.01011162,265.7731,265.7731,265.7731,332.2164,332.2164,6378.5552,0.01011162,1461.7522,1339.0033,5182.5761,5305.325,0.00821569,0.00841028,0.00042132,144.3512,141.7025,1.6297,93.5821,10.0216,8884.7126,57.4225,158.2289,140.3023,51.4311,102.8621,129.7286,258.1778,514.3107,1008.3546,77.1466,0.0,5.0,9.802971,1.403346,17,104,92,7,0.24757185,0.01053293,0.02940797,0E-8,0.000000,0.915834,0.000000,-0.02508550,2026-05-12,2026-08-06,71,663,310,87,0.816092,1.127771,1.096139,0.825239,,,,,,,,GLOBAL_BASELINE_NO_ENTITY_RANKING,,,NOT_APPLICABLE_GLOBAL_BASELINE,HF9g-P5,,,,X 全窗基线 · 不参与实体赏罚,14193736,1420,A168_HF9F_20260827_0900,2026-08-27 09:00:00
2026-07-13,137070871,970,0,154.9066687320,-54.2173340562,-54.2173340562,0.3333333,3,3,0.50665070000000000,0.506650700000,-0.6004420894325239,-0.6004420894325239,-0.6004420894325239,0E-17,ELIGIBLE,R03b_20260811_FULL_v1,L1_ELIGIBILITY,v2026-08-11,2026-03-21..2026-08-06,baccarat_bet02_101_all_pairs_incl_sentinel,round_win = game_pnl > 0 (decisive only),COMPATIBILITY_ONLY_NOT_PRODUCTION,630814.5920,577721.2471,6644.3283,4370,4077,-0.01053293,-0.02940797,-0.00432247,-0.01053293,-6644.3283,630814.5920,OK,0.0000,265.7731,4.0000,96.0000,AG03-UNRESOLVED,ALL5_LEVELS_bet23_to_bet27,265.7731,265.7731,265.7731,332.2164,332.2164,4.000000,4.000000,4.000000,5.000000,5.000000,96.000000,96.000000,96.000000,95.000000,95.000000,5.0,1461.7522,1339.0033,5182.5761,5305.325,PENDING_AG03,FALSE,NOT_FOR_ENFORCEMENT,6378.5552,554612.3973,6644.3283,6378.5552,265.7731,0.01053293,0.01011162,265.7731,6378.5552,0.01011162,265.7731,265.7731,265.7731,332.2164,332.2164,6378.5552,0.01011162,1461.7522,1339.0033,5182.5761,5305.325,0.00821569,0.00841028,0.00042132,144.3512,141.7025,1.6297,93.5821,10.0216,8884.7126,57.4225,158.2289,140.3023,51.4311,102.8621,129.7286,258.1778,514.3107,1008.3546,77.1466,0.0,5.0,9.802971,1.403346,17,104,92,7,0.24757185,0.01053293,0.02940797,0E-8,0.000000,0.915834,0.000000,-0.02508550,2026-05-12,2026-08-06,71,663,310,87,0.816092,1.127771,1.096139,0.825239,,,,,,,,GLOBAL_BASELINE_NO_ENTITY_RANKING,,,NOT_APPLICABLE_GLOBAL_BASELINE,HF9g-P5,,,,X 全窗基线 · 不参与实体赏罚,14193737,1420,A168_HF9F_20260827_0900,2026-08-27 09:00:00
2026-07-14,137070871,1157,0,51.6355562440,-51.6355562440,-51.6355562440,0E-7,1,1,0.50665070000000000,0.506650700000,-1.013391052207602,-1.013391052207602,-1.013391052207602,0E-17,ELIGIBLE,R03b_20260811_FULL_v1,L1_ELIGIBILITY,v2026-08-11,2026-03-21..2026-08-06,baccarat_bet02_101_all_pairs_incl_sentinel,round_win = game_pnl > 0 (decisive only),COMPATIBILITY_ONLY_NOT_PRODUCTION,630814.5920,577721.2471,6644.3283,4370,4077,-0.01053293,-0.02940797,-0.00432247,-0.01053293,-6644.3283,630814.5920,OK,0.0000,265.7731,4.0000,96.0000,AG03-UNRESOLVED,ALL5_LEVELS_bet23_to_bet27,265.7731,265.7731,265.7731,332.2164,332.2164,4.000000,4.000000,4.000000,5.000000,5.000000,96.000000,96.000000,96.000000,95.000000,95.000000,5.0,1461.7522,1339.0033,5182.5761,5305.325,PENDING_AG03,FALSE,NOT_FOR_ENFORCEMENT,6378.5552,554612.3973,6644.3283,6378.5552,265.7731,0.01053293,0.01011162,265.7731,6378.5552,0.01011162,265.7731,265.7731,265.7731,332.2164,332.2164,6378.5552,0.01011162,1461.7522,1339.0033,5182.5761,5305.325,0.00821569,0.00841028,0.00042132,144.3512,141.7025,1.6297,93.5821,10.0216,8884.7126,57.4225,158.2289,140.3023,51.4311,102.8621,129.7286,258.1778,514.3107,1008.3546,77.1466,0.0,5.0,9.802971,1.403346,17,104,92,7,0.24757185,0.01053293,0.02940797,0E-8,0.000000,0.915834,0.000000,-0.02508550,2026-05-12,2026-08-06,71,663,310,87,0.816092,1.127771,1.096139,0.825239,,,,,,,,GLOBAL_BASELINE_NO_ENTITY_RANKING,,,NOT_APPLICABLE_GLOBAL_BASELINE,HF9g-P5,,,,X 全窗基线 · 不参与实体赏罚,14193738,1420,A168_HF9F_20260827_0900,2026-08-27 09:00:00
2026-07-14,137070871,1205,0,258.1777812201,-258.1777812201,-258.1777812201,0E-7,1,1,0.50665070000000000,0.506650700000,-1.013391052207602,-1.013391052207602,-1.013391052207602,0E-17,ELIGIBLE,R03b_20260811_FULL_v1,L1_ELIGIBILITY,v2026-08-11,2026-03-21..2026-08-06,baccarat_bet02_101_all_pairs_incl_sentinel,round_win = game_pnl > 0 (decisive only),COMPATIBILITY_ONLY_NOT_PRODUCTION,630814.5920,577721.2471,6644.3283,4370,4077,-0.01053293,-0.02940797,-0.00432247,-0.01053293,-6644.3283,630814.5920,OK,0.0000,265.7731,4.0000,96.0000,AG03-UNRESOLVED,ALL5_LEVELS_bet23_to_bet27,265.7731,265.7731,265.7731,332.2164,332.2164,4.000000,4.000000,4.000000,5.000000,5.000000,96.000000,96.000000,96.000000,95.000000,95.000000,5.0,1461.7522,1339.0033,5182.5761,5305.325,PENDING_AG03,FALSE,NOT_FOR_ENFORCEMENT,6378.5552,554612.3973,6644.3283,6378.5552,265.7731,0.01053293,0.01011162,265.7731,6378.5552,0.01011162,265.7731,265.7731,265.7731,332.2164,332.2164,6378.5552,0.01011162,1461.7522,1339.0033,5182.5761,5305.325,0.00821569,0.00841028,0.00042132,144.3512,141.7025,1.6297,93.5821,10.0216,8884.7126,57.4225,158.2289,140.3023,51.4311,102.8621,129.7286,258.1778,514.3107,1008.3546,77.1466,0.0,5.0,9.802971,1.403346,17,104,92,7,0.24757185,0.01053293,0.02940797,0E-8,0.000000,0.915834,0.000000,-0.02508550,2026-05-12,2026-08-06,71,663,310,87,0.816092,1.127771,1.096139,0.825239,,,,,,,,GLOBAL_BASELINE_NO_ENTITY_RANKING,,,NOT_APPLICABLE_GLOBAL_BASELINE,HF9g-P5,,,,X 全窗基线 · 不参与实体赏罚,14193739,1420,A168_HF9F_20260827_0900,2026-08-27 09:00:00
2026-07-14,137070871,1306,0,258.1777812201,-258.1777812201,-258.1777812201,0E-7,1,1,0.50665070000000000,0.506650700000,-1.013391052207602,-1.013391052207602,-1.013391052207602,0E-17,ELIGIBLE,R03b_20260811_FULL_v1,L1_ELIGIBILITY,v2026-08-11,2026-03-21..2026-08-06,baccarat_bet02_101_all_pairs_incl_sentinel,round_win = game_pnl > 0 (decisive only),COMPATIBILITY_ONLY_NOT_PRODUCTION,630814.5920,577721.2471,6644.3283,4370,4077,-0.01053293,-0.02940797,-0.00432247,-0.01053293,-6644.3283,630814.5920,OK,0.0000,265.7731,4.0000,96.0000,AG03-UNRESOLVED,ALL5_LEVELS_bet23_to_bet27,265.7731,265.7731,265.7731,332.2164,332.2164,4.000000,4.000000,4.000000,5.000000,5.000000,96.000000,96.000000,96.000000,95.000000,95.000000,5.0,1461.7522,1339.0033,5182.5761,5305.325,PENDING_AG03,FALSE,NOT_FOR_ENFORCEMENT,6378.5552,554612.3973,6644.3283,6378.5552,265.7731,0.01053293,0.01011162,265.7731,6378.5552,0.01011162,265.7731,265.7731,265.7731,332.2164,332.2164,6378.5552,0.01011162,1461.7522,1339.0033,5182.5761,5305.325,0.00821569,0.00841028,0.00042132,144.3512,141.7025,1.6297,93.5821,10.0216,8884.7126,57.4225,158.2289,140.3023,51.4311,102.8621,129.7286,258.1778,514.3107,1008.3546,77.1466,0.0,5.0,9.802971,1.403346,17,104,92,7,0.24757185,0.01053293,0.02940797,0E-8,0.000000,0.915834,0.000000,-0.02508550,2026-05-12,2026-08-06,71,663,310,87,0.816092,1.127771,1.096139,0.825239,,,,,,,,GLOBAL_BASELINE_NO_ENTITY_RANKING,,,NOT_APPLICABLE_GLOBAL_BASELINE,HF9g-P5,,,,X 全窗基线 · 不参与实体赏罚,14193740,1420,A168_HF9F_20260827_0900,2026-08-27 09:00:00
2026-07-14,137070871,1307,0,5034.4667337925,1019.8022358195,1019.8022358195,0.6428571,14,14,0.50473567142857143,0.504735671429,1.0336528113283527,1.0336528113251537,1.0336528113283527,-4.2857E-13,ELIGIBLE,R03b_20260811_FULL_v1,L1_ELIGIBILITY,v2026-08-11,2026-03-21..2026-08-06,baccarat_bet02_101_all_pairs_incl_sentinel,round_win = game_pnl > 0 (decisive only),COMPATIBILITY_ONLY_NOT_PRODUCTION,630814.5920,577721.2471,6644.3283,4370,4077,-0.01053293,-0.02940797,-0.00432247,-0.01053293,-6644.3283,630814.5920,OK,0.0000,265.7731,4.0000,96.0000,AG03-UNRESOLVED,ALL5_LEVELS_bet23_to_bet27,265.7731,265.7731,265.7731,332.2164,332.2164,4.000000,4.000000,4.000000,5.000000,5.000000,96.000000,96.000000,96.000000,95.000000,95.000000,5.0,1461.7522,1339.0033,5182.5761,5305.325,PENDING_AG03,FALSE,NOT_FOR_ENFORCEMENT,6378.5552,554612.3973,6644.3283,6378.5552,265.7731,0.01053293,0.01011162,265.7731,6378.5552,0.01011162,265.7731,265.7731,265.7731,332.2164,332.2164,6378.5552,0.01011162,1461.7522,1339.0033,5182.5761,5305.325,0.00821569,0.00841028,0.00042132,144.3512,141.7025,1.6297,93.5821,10.0216,8884.7126,57.4225,158.2289,140.3023,51.4311,102.8621,129.7286,258.1778,514.3107,1008.3546,77.1466,0.0,5.0,9.802971,1.403346,17,104,92,7,0.24757185,0.01053293,0.02940797,0E-8,0.000000,0.915834,0.000000,-0.02508550,2026-05-12,2026-08-06,71,663,310,87,0.816092,1.127771,1.096139,0.825239,,,,,,,,GLOBAL_BASELINE_NO_ENTITY_RANKING,,,NOT_APPLICABLE_GLOBAL_BASELINE,HF9g-P5,,,,X 全窗基线 · 不参与实体赏罚,14193741,1420,A168_HF9F_20260827_0900,2026-08-27 09:00:00
2026-07-14,137070871,1318,0,51.6355562440,-51.6355562440,-51.6355562440,0E-7,1,1,0.50665070000000000,0.506650700000,-1.013391052207602,-1.013391052207602,-1.013391052207602,0E-17,ELIGIBLE,R03b_20260811_FULL_v1,L1_ELIGIBILITY,v2026-08-11,2026-03-21..2026-08-06,baccarat_bet02_101_all_pairs_incl_sentinel,round_win = game_pnl > 0 (decisive only),COMPATIBILITY_ONLY_NOT_PRODUCTION,630814.5920,577721.2471,6644.3283,4370,4077,-0.01053293,-0.02940797,-0.00432247,-0.01053293,-6644.3283,630814.5920,OK,0.0000,265.7731,4.0000,96.0000,AG03-UNRESOLVED,ALL5_LEVELS_bet23_to_bet27,265.7731,265.7731,265.7731,332.2164,332.2164,4.000000,4.000000,4.000000,5.000000,5.000000,96.000000,96.000000,96.000000,95.000000,95.000000,5.0,1461.7522,1339.0033,5182.5761,5305.325,PENDING_AG03,FALSE,NOT_FOR_ENFORCEMENT,6378.5552,554612.3973,6644.3283,6378.5552,265.7731,0.01053293,0.01011162,265.7731,6378.5552,0.01011162,265.7731,265.7731,265.7731,332.2164,332.2164,6378.5552,0.01011162,1461.7522,1339.0033,5182.5761,5305.325,0.00821569,0.00841028,0.00042132,144.3512,141.7025,1.6297,93.5821,10.0216,8884.7126,57.4225,158.2289,140.3023,51.4311,102.8621,129.7286,258.1778,514.3107,1008.3546,77.1466,0.0,5.0,9.802971,1.403346,17,104,92,7,0.24757185,0.01053293,0.02940797,0E-8,0.000000,0.915834,0.000000,-0.02508550,2026-05-12,2026-08-06,71,663,310,87,0.816092,1.127771,1.096139,0.825239,,,,,,,,GLOBAL_BASELINE_NO_ENTITY_RANKING,,,NOT_APPLICABLE_GLOBAL_BASELINE,HF9g-P5,,,,X 全窗基线 · 不参与实体赏罚,14193742,1420,A168_HF9F_20260827_0900,2026-08-27 09:00:00
2026-07-14,137070871,1396,0,103.2711124880,-103.2711124880,-103.2711124880,0E-7,2,2,0.50665070000000000,0.506650700000,-1.4331513700195317,-1.4331513700195317,-1.4331513700195317,0E-17,ELIGIBLE,R03b_20260811_FULL_v1,L1_ELIGIBILITY,v2026-08-11,2026-03-21..2026-08-06,baccarat_bet02_101_all_pairs_incl_sentinel,round_win = game_pnl > 0 (decisive only),COMPATIBILITY_ONLY_NOT_PRODUCTION,630814.5920,577721.2471,6644.3283,4370,4077,-0.01053293,-0.02940797,-0.00432247,-0.01053293,-6644.3283,630814.5920,OK,0.0000,265.7731,4.0000,96.0000,AG03-UNRESOLVED,ALL5_LEVELS_bet23_to_bet27,265.7731,265.7731,265.7731,332.2164,332.2164,4.000000,4.000000,4.000000,5.000000,5.000000,96.000000,96.000000,96.000000,95.000000,95.000000,5.0,1461.7522,1339.0033,5182.5761,5305.325,PENDING_AG03,FALSE,NOT_FOR_ENFORCEMENT,6378.5552,554612.3973,6644.3283,6378.5552,265.7731,0.01053293,0.01011162,265.7731,6378.5552,0.01011162,265.7731,265.7731,265.7731,332.2164,332.2164,6378.5552,0.01011162,1461.7522,1339.0033,5182.5761,5305.325,0.00821569,0.00841028,0.00042132,144.3512,141.7025,1.6297,93.5821,10.0216,8884.7126,57.4225,158.2289,140.3023,51.4311,102.8621,129.7286,258.1778,514.3107,1008.3546,77.1466,0.0,5.0,9.802971,1.403346,17,104,92,7,0.24757185,0.01053293,0.02940797,0E-8,0.000000,0.915834,0.000000,-0.02508550,2026-05-12,2026-08-06,71,663,310,87,0.816092,1.127771,1.096139,0.825239,,,,,,,,GLOBAL_BASELINE_NO_ENTITY_RANKING,,,NOT_APPLICABLE_GLOBAL_BASELINE,HF9g-P5,,,,X 全窗基线 · 不参与实体赏罚,14193743,1420,A168_HF9F_20260827_0900,2026-08-27 09:00:00
2026-07-14,137070871,1400,0,903.6222342704,-645.4444530502,-645.4444530502,0.2500000,4,4,0.50329940000000000,0.503299400000,-1.013219660140378,-1.013219660140378,-1.013219660140378,0E-17,ELIGIBLE,R03b_20260811_FULL_v1,L1_ELIGIBILITY,v2026-08-11,2026-03-21..2026-08-06,baccarat_bet02_101_all_pairs_incl_sentinel,round_win = game_pnl > 0 (decisive only),COMPATIBILITY_ONLY_NOT_PRODUCTION,630814.5920,577721.2471,6644.3283,4370,4077,-0.01053293,-0.02940797,-0.00432247,-0.01053293,-6644.3283,630814.5920,OK,0.0000,265.7731,4.0000,96.0000,AG03-UNRESOLVED,ALL5_LEVELS_bet23_to_bet27,265.7731,265.7731,265.7731,332.2164,332.2164,4.000000,4.000000,4.000000,5.000000,5.000000,96.000000,96.000000,96.000000,95.000000,95.000000,5.0,1461.7522,1339.0033,5182.5761,5305.325,PENDING_AG03,FALSE,NOT_FOR_ENFORCEMENT,6378.5552,554612.3973,6644.3283,6378.5552,265.7731,0.01053293,0.01011162,265.7731,6378.5552,0.01011162,265.7731,265.7731,265.7731,332.2164,332.2164,6378.5552,0.01011162,1461.7522,1339.0033,5182.5761,5305.325,0.00821569,0.00841028,0.00042132,144.3512,141.7025,1.6297,93.5821,10.0216,8884.7126,57.4225,158.2289,140.3023,51.4311,102.8621,129.7286,258.1778,514.3107,1008.3546,77.1466,0.0,5.0,9.802971,1.403346,17,104,92,7,0.24757185,0.01053293,0.02940797,0E-8,0.000000,0.915834,0.000000,-0.02508550,2026-05-12,2026-08-06,71,663,310,87,0.816092,1.127771,1.096139,0.825239,,,,,,,,GLOBAL_BASELINE_NO_ENTITY_RANKING,,,NOT_APPLICABLE_GLOBAL_BASELINE,HF9g-P5,,,,X 全窗基线 · 不参与实体赏罚,14193744,1420,A168_HF9F_20260827_0900,2026-08-27 09:00:00
2026-07-14,137070871,1405,0,103.2711124880,-51.6355562440,-51.6355562440,0E-7,2,2,0.50665070000000000,0.506650700000,-1.013391052207602,-1.013391052207602,-1.013391052207602,0E-17,ELIGIBLE,R03b_20260811_FULL_v1,L1_ELIGIBILITY,v2026-08-11,2026-03-21..2026-08-06,baccarat_bet02_101_all_pairs_incl_sentinel,round_win = game_pnl > 0 (decisive only),COMPATIBILITY_ONLY_NOT_PRODUCTION,630814.5920,577721.2471,6644.3283,4370,4077,-0.01053293,-0.02940797,-0.00432247,-0.01053293,-6644.3283,630814.5920,OK,0.0000,265.7731,4.0000,96.0000,AG03-UNRESOLVED,ALL5_LEVELS_bet23_to_bet27,265.7731,265.7731,265.7731,332.2164,332.2164,4.000000,4.000000,4.000000,5.000000,5.000000,96.000000,96.000000,96.000000,95.000000,95.000000,5.0,1461.7522,1339.0033,5182.5761,5305.325,PENDING_AG03,FALSE,NOT_FOR_ENFORCEMENT,6378.5552,554612.3973,6644.3283,6378.5552,265.7731,0.01053293,0.01011162,265.7731,6378.5552,0.01011162,265.7731,265.7731,265.7731,332.2164,332.2164,6378.5552,0.01011162,1461.7522,1339.0033,5182.5761,5305.325,0.00821569,0.00841028,0.00042132,144.3512,141.7025,1.6297,93.5821,10.0216,8884.7126,57.4225,158.2289,140.3023,51.4311,102.8621,129.7286,258.1778,514.3107,1008.3546,77.1466,0.0,5.0,9.802971,1.403346,17,104,92,7,0.24757185,0.01053293,0.02940797,0E-8,0.000000,0.915834,0.000000,-0.02508550,2026-05-12,2026-08-06,71,663,310,87,0.816092,1.127771,1.096139,0.825239,,,,,,,,GLOBAL_BASELINE_NO_ENTITY_RANKING,,,NOT_APPLICABLE_GLOBAL_BASELINE,HF9g-P5,,,,X 全窗基线 · 不参与实体赏罚,14193745,1420,A168_HF9F_20260827_0900,2026-08-27 09:00:00
2026-07-14,137070871,1994,0,1347.4298401880,-1347.4298401880,-1347.4298401880,0E-7,1,1,0.50665070000000000,0.506650700000,-1.013391052207602,-1.013391052207602,-1.013391052207602,0E-17,ELIGIBLE,R03b_20260811_FULL_v1,L1_ELIGIBILITY,v2026-08-11,2026-03-21..2026-08-06,baccarat_bet02_101_all_pairs_incl_sentinel,round_win = game_pnl > 0 (decisive only),COMPATIBILITY_ONLY_NOT_PRODUCTION,630814.5920,577721.2471,6644.3283,4370,4077,-0.01053293,-0.02940797,-0.00432247,-0.01053293,-6644.3283,630814.5920,OK,0.0000,265.7731,4.0000,96.0000,AG03-UNRESOLVED,ALL5_LEVELS_bet23_to_bet27,265.7731,265.7731,265.7731,332.2164,332.2164,4.000000,4.000000,4.000000,5.000000,5.000000,96.000000,96.000000,96.000000,95.000000,95.000000,5.0,1461.7522,1339.0033,5182.5761,5305.325,PENDING_AG03,FALSE,NOT_FOR_ENFORCEMENT,6378.5552,554612.3973,6644.3283,6378.5552,265.7731,0.01053293,0.01011162,265.7731,6378.5552,0.01011162,265.7731,265.7731,265.7731,332.2164,332.2164,6378.5552,0.01011162,1461.7522,1339.0033,5182.5761,5305.325,0.00821569,0.00841028,0.00042132,144.3512,141.7025,1.6297,93.5821,10.0216,8884.7126,57.4225,158.2289,140.3023,51.4311,102.8621,129.7286,258.1778,514.3107,1008.3546,77.1466,0.0,5.0,9.802971,1.403346,17,104,92,7,0.24757185,0.01053293,0.02940797,0E-8,0.000000,0.915834,0.000000,-0.02508550,2026-05-12,2026-08-06,71,663,310,87,0.816092,1.127771,1.096139,0.825239,,,,,,,,GLOBAL_BASELINE_NO_ENTITY_RANKING,,,NOT_APPLICABLE_GLOBAL_BASELINE,HF9g-P5,,,,X 全窗基线 · 不参与实体赏罚,14193746,1420,A168_HF9F_20260827_0900,2026-08-27 09:00:00
2026-07-14,137070871,2103,0,206.5422249762,-206.5422249762,-206.5422249762,0E-7,2,2,0.50665070000000000,0.506650700000,-1.4331513700195317,-1.4331513700195317,-1.4331513700195317,0E-17,ELIGIBLE,R03b_20260811_FULL_v1,L1_ELIGIBILITY,v2026-08-11,2026-03-21..2026-08-06,baccarat_bet02_101_all_pairs_incl_sentinel,round_win = game_pnl > 0 (decisive only),COMPATIBILITY_ONLY_NOT_PRODUCTION,630814.5920,577721.2471,6644.3283,4370,4077,-0.01053293,-0.02940797,-0.00432247,-0.01053293,-6644.3283,630814.5920,OK,0.0000,265.7731,4.0000,96.0000,AG03-UNRESOLVED,ALL5_LEVELS_bet23_to_bet27,265.7731,265.7731,265.7731,332.2164,332.2164,4.000000,4.000000,4.000000,5.000000,5.000000,96.000000,96.000000,96.000000,95.000000,95.000000,5.0,1461.7522,1339.0033,5182.5761,5305.325,PENDING_AG03,FALSE,NOT_FOR_ENFORCEMENT,6378.5552,554612.3973,6644.3283,6378.5552,265.7731,0.01053293,0.01011162,265.7731,6378.5552,0.01011162,265.7731,265.7731,265.7731,332.2164,332.2164,6378.5552,0.01011162,1461.7522,1339.0033,5182.5761,5305.325,0.00821569,0.00841028,0.00042132,144.3512,141.7025,1.6297,93.5821,10.0216,8884.7126,57.4225,158.2289,140.3023,51.4311,102.8621,129.7286,258.1778,514.3107,1008.3546,77.1466,0.0,5.0,9.802971,1.403346,17,104,92,7,0.24757185,0.01053293,0.02940797,0E-8,0.000000,0.915834,0.000000,-0.02508550,2026-05-12,2026-08-06,71,663,310,87,0.816092,1.127771,1.096139,0.825239,,,,,,,,GLOBAL_BASELINE_NO_ENTITY_RANKING,,,NOT_APPLICABLE_GLOBAL_BASELINE,HF9g-P5,,,,X 全窗基线 · 不参与实体赏罚,14193747,1420,A168_HF9F_20260827_0900,2026-08-27 09:00:00
2026-07-14,137070871,2134,0,2895.4638163839,-773.4360880902,-773.4360880902,0.3333333,3,3,0.50665070000000000,0.506650700000,-0.6004420894325239,-0.6004420894325239,-0.6004420894325239,0E-17,ELIGIBLE,R03b_20260811_FULL_v1,L1_ELIGIBILITY,v2026-08-11,2026-03-21..2026-08-06,baccarat_bet02_101_all_pairs_incl_sentinel,round_win = game_pnl > 0 (decisive only),COMPATIBILITY_ONLY_NOT_PRODUCTION,630814.5920,577721.2471,6644.3283,4370,4077,-0.01053293,-0.02940797,-0.00432247,-0.01053293,-6644.3283,630814.5920,OK,0.0000,265.7731,4.0000,96.0000,AG03-UNRESOLVED,ALL5_LEVELS_bet23_to_bet27,265.7731,265.7731,265.7731,332.2164,332.2164,4.000000,4.000000,4.000000,5.000000,5.000000,96.000000,96.000000,96.000000,95.000000,95.000000,5.0,1461.7522,1339.0033,5182.5761,5305.325,PENDING_AG03,FALSE,NOT_FOR_ENFORCEMENT,6378.5552,554612.3973,6644.3283,6378.5552,265.7731,0.01053293,0.01011162,265.7731,6378.5552,0.01011162,265.7731,265.7731,265.7731,332.2164,332.2164,6378.5552,0.01011162,1461.7522,1339.0033,5182.5761,5305.325,0.00821569,0.00841028,0.00042132,144.3512,141.7025,1.6297,93.5821,10.0216,8884.7126,57.4225,158.2289,140.3023,51.4311,102.8621,129.7286,258.1778,514.3107,1008.3546,77.1466,0.0,5.0,9.802971,1.403346,17,104,92,7,0.24757185,0.01053293,0.02940797,0E-8,0.000000,0.915834,0.000000,-0.02508550,2026-05-12,2026-08-06,71,663,310,87,0.816092,1.127771,1.096139,0.825239,,,,,,,,GLOBAL_BASELINE_NO_ENTITY_RANKING,,,NOT_APPLICABLE_GLOBAL_BASELINE,HF9g-P5,,,,X 全窗基线 · 不参与实体赏罚,14193748,1420,A168_HF9F_20260827_0900,2026-08-27 09:00:00
2026-07-14,137070871,2169,0,413.0844499520,140.7068907649,140.7068907649,0.7142857,7,7,0.50665070000000000,0.506650700000,1.098798430526454,1.098798430526454,1.098798430526454,0E-17,ELIGIBLE,R03b_20260811_FULL_v1,L1_ELIGIBILITY,v2026-08-11,2026-03-21..2026-08-06,baccarat_bet02_101_all_pairs_incl_sentinel,round_win = game_pnl > 0 (decisive only),COMPATIBILITY_ONLY_NOT_PRODUCTION,630814.5920,577721.2471,6644.3283,4370,4077,-0.01053293,-0.02940797,-0.00432247,-0.01053293,-6644.3283,630814.5920,OK,0.0000,265.7731,4.0000,96.0000,AG03-UNRESOLVED,ALL5_LEVELS_bet23_to_bet27,265.7731,265.7731,265.7731,332.2164,332.2164,4.000000,4.000000,4.000000,5.000000,5.000000,96.000000,96.000000,96.000000,95.000000,95.000000,5.0,1461.7522,1339.0033,5182.5761,5305.325,PENDING_AG03,FALSE,NOT_FOR_ENFORCEMENT,6378.5552,554612.3973,6644.3283,6378.5552,265.7731,0.01053293,0.01011162,265.7731,6378.5552,0.01011162,265.7731,265.7731,265.7731,332.2164,332.2164,6378.5552,0.01011162,1461.7522,1339.0033,5182.5761,5305.325,0.00821569,0.00841028,0.00042132,144.3512,141.7025,1.6297,93.5821,10.0216,8884.7126,57.4225,158.2289,140.3023,51.4311,102.8621,129.7286,258.1778,514.3107,1008.3546,77.1466,0.0,5.0,9.802971,1.403346,17,104,92,7,0.24757185,0.01053293,0.02940797,0E-8,0.000000,0.915834,0.000000,-0.02508550,2026-05-12,2026-08-06,71,663,310,87,0.816092,1.127771,1.096139,0.825239,,,,,,,,GLOBAL_BASELINE_NO_ENTITY_RANKING,,,NOT_APPLICABLE_GLOBAL_BASELINE,HF9g-P5,,,,X 全窗基线 · 不参与实体赏罚,14193749,1420,A168_HF9F_20260827_0900,2026-08-27 09:00:00
2026-07-14,137070871,2177,0,671.2622311723,61.9626674930,61.9626674930,0.4285714,8,8,0.50665070000000000,0.506650700000,-0.4131932236838825,-0.4131932236838825,-0.4131932236838825,0E-17,ELIGIBLE,R03b_20260811_FULL_v1,L1_ELIGIBILITY,v2026-08-11,2026-03-21..2026-08-06,baccarat_bet02_101_all_pairs_incl_sentinel,round_win = game_pnl > 0 (decisive only),COMPATIBILITY_ONLY_NOT_PRODUCTION,630814.5920,577721.2471,6644.3283,4370,4077,-0.01053293,-0.02940797,-0.00432247,-0.01053293,-6644.3283,630814.5920,OK,0.0000,265.7731,4.0000,96.0000,AG03-UNRESOLVED,ALL5_LEVELS_bet23_to_bet27,265.7731,265.7731,265.7731,332.2164,332.2164,4.000000,4.000000,4.000000,5.000000,5.000000,96.000000,96.000000,96.000000,95.000000,95.000000,5.0,1461.7522,1339.0033,5182.5761,5305.325,PENDING_AG03,FALSE,NOT_FOR_ENFORCEMENT,6378.5552,554612.3973,6644.3283,6378.5552,265.7731,0.01053293,0.01011162,265.7731,6378.5552,0.01011162,265.7731,265.7731,265.7731,332.2164,332.2164,6378.5552,0.01011162,1461.7522,1339.0033,5182.5761,5305.325,0.00821569,0.00841028,0.00042132,144.3512,141.7025,1.6297,93.5821,10.0216,8884.7126,57.4225,158.2289,140.3023,51.4311,102.8621,129.7286,258.1778,514.3107,1008.3546,77.1466,0.0,5.0,9.802971,1.403346,17,104,92,7,0.24757185,0.01053293,0.02940797,0E-8,0.000000,0.915834,0.000000,-0.02508550,2026-05-12,2026-08-06,71,663,310,87,0.816092,1.127771,1.096139,0.825239,,,,,,,,GLOBAL_BASELINE_NO_ENTITY_RANKING,,,NOT_APPLICABLE_GLOBAL_BASELINE,HF9g-P5,,,,X 全窗基线 · 不参与实体赏罚,14193750,1420,A168_HF9F_20260827_0900,2026-08-27 09:00:00
2026-07-14,137070871,2196,0,1807.2444685408,-296.9044484032,-296.9044484032,0.6000000,5,5,0.50396966000000000,0.503969660000,0.4294742719815242,0.4294742719815242,0.4294742719815242,0E-17,ELIGIBLE,R03b_20260811_FULL_v1,L1_ELIGIBILITY,v2026-08-11,2026-03-21..2026-08-06,baccarat_bet02_101_all_pairs_incl_sentinel,round_win = game_pnl > 0 (decisive only),COMPATIBILITY_ONLY_NOT_PRODUCTION,630814.5920,577721.2471,6644.3283,4370,4077,-0.01053293,-0.02940797,-0.00432247,-0.01053293,-6644.3283,630814.5920,OK,0.0000,265.7731,4.0000,96.0000,AG03-UNRESOLVED,ALL5_LEVELS_bet23_to_bet27,265.7731,265.7731,265.7731,332.2164,332.2164,4.000000,4.000000,4.000000,5.000000,5.000000,96.000000,96.000000,96.000000,95.000000,95.000000,5.0,1461.7522,1339.0033,5182.5761,5305.325,PENDING_AG03,FALSE,NOT_FOR_ENFORCEMENT,6378.5552,554612.3973,6644.3283,6378.5552,265.7731,0.01053293,0.01011162,265.7731,6378.5552,0.01011162,265.7731,265.7731,265.7731,332.2164,332.2164,6378.5552,0.01011162,1461.7522,1339.0033,5182.5761,5305.325,0.00821569,0.00841028,0.00042132,144.3512,141.7025,1.6297,93.5821,10.0216,8884.7126,57.4225,158.2289,140.3023,51.4311,102.8621,129.7286,258.1778,514.3107,1008.3546,77.1466,0.0,5.0,9.802971,1.403346,17,104,92,7,0.24757185,0.01053293,0.02940797,0E-8,0.000000,0.915834,0.000000,-0.02508550,2026-05-12,2026-08-06,71,663,310,87,0.816092,1.127771,1.096139,0.825239,,,,,,,,GLOBAL_BASELINE_NO_ENTITY_RANKING,,,NOT_APPLICABLE_GLOBAL_BASELINE,HF9g-P5,,,,X 全窗基线 · 不参与实体赏罚,14193751,1420,A168_HF9F_20260827_0900,2026-08-27 09:00:00
2026-07-14,137070871,2233,0,3798.3115173108,390.3648052049,390.3648052049,0.5000000,9,9,0.50367176666666667,0.503671766667,-0.020771208948525265,-0.020771208950411013,-0.020771208948525265,-3.3333E-13,ELIGIBLE,R03b_20260811_FULL_v1,L1_ELIGIBILITY,v2026-08-11,2026-03-21..2026-08-06,baccarat_bet02_101_all_pairs_incl_sentinel,round_win = game_pnl > 0 (decisive only),COMPATIBILITY_ONLY_NOT_PRODUCTION,630814.5920,577721.2471,6644.3283,4370,4077,-0.01053293,-0.02940797,-0.00432247,-0.01053293,-6644.3283,630814.5920,OK,0.0000,265.7731,4.0000,96.0000,AG03-UNRESOLVED,ALL5_LEVELS_bet23_to_bet27,265.7731,265.7731,265.7731,332.2164,332.2164,4.000000,4.000000,4.000000,5.000000,5.000000,96.000000,96.000000,96.000000,95.000000,95.000000,5.0,1461.7522,1339.0033,5182.5761,5305.325,PENDING_AG03,FALSE,NOT_FOR_ENFORCEMENT,6378.5552,554612.3973,6644.3283,6378.5552,265.7731,0.01053293,0.01011162,265.7731,6378.5552,0.01011162,265.7731,265.7731,265.7731,332.2164,332.2164,6378.5552,0.01011162,1461.7522,1339.0033,5182.5761,5305.325,0.00821569,0.00841028,0.00042132,144.3512,141.7025,1.6297,93.5821,10.0216,8884.7126,57.4225,158.2289,140.3023,51.4311,102.8621,129.7286,258.1778,514.3107,1008.3546,77.1466,0.0,5.0,9.802971,1.403346,17,104,92,7,0.24757185,0.01053293,0.02940797,0E-8,0.000000,0.915834,0.000000,-0.02508550,2026-05-12,2026-08-06,71,663,310,87,0.816092,1.127771,1.096139,0.825239,,,,,,,,GLOBAL_BASELINE_NO_ENTITY_RANKING,,,NOT_APPLICABLE_GLOBAL_BASELINE,HF9g-P5,,,,X 全窗基线 · 不参与实体赏罚,14193752,1420,A168_HF9F_20260827_0900,2026-08-27 09:00:00
2026-07-14,137070871,2246,0,6237.5751942787,-4693.6720625824,-4693.6720625824,0.5000000,5,5,0.50128862000000000,0.501288620000,-0.0051544971185412255,-0.0051544971185412255,-0.0051544971185412255,0E-17,ELIGIBLE,R03b_20260811_FULL_v1,L1_ELIGIBILITY,v2026-08-11,2026-03-21..2026-08-06,baccarat_bet02_101_all_pairs_incl_sentinel,round_win = game_pnl > 0 (decisive only),COMPATIBILITY_ONLY_NOT_PRODUCTION,630814.5920,577721.2471,6644.3283,4370,4077,-0.01053293,-0.02940797,-0.00432247,-0.01053293,-6644.3283,630814.5920,OK,0.0000,265.7731,4.0000,96.0000,AG03-UNRESOLVED,ALL5_LEVELS_bet23_to_bet27,265.7731,265.7731,265.7731,332.2164,332.2164,4.000000,4.000000,4.000000,5.000000,5.000000,96.000000,96.000000,96.000000,95.000000,95.000000,5.0,1461.7522,1339.0033,5182.5761,5305.325,PENDING_AG03,FALSE,NOT_FOR_ENFORCEMENT,6378.5552,554612.3973,6644.3283,6378.5552,265.7731,0.01053293,0.01011162,265.7731,6378.5552,0.01011162,265.7731,265.7731,265.7731,332.2164,332.2164,6378.5552,0.01011162,1461.7522,1339.0033,5182.5761,5305.325,0.00821569,0.00841028,0.00042132,144.3512,141.7025,1.6297,93.5821,10.0216,8884.7126,57.4225,158.2289,140.3023,51.4311,102.8621,129.7286,258.1778,514.3107,1008.3546,77.1466,0.0,5.0,9.802971,1.403346,17,104,92,7,0.24757185,0.01053293,0.02940797,0E-8,0.000000,0.915834,0.000000,-0.02508550,2026-05-12,2026-08-06,71,663,310,87,0.816092,1.127771,1.096139,0.825239,,,,,,,,GLOBAL_BASELINE_NO_ENTITY_RANKING,,,NOT_APPLICABLE_GLOBAL_BASELINE,HF9g-P5,,,,X 全窗基线 · 不参与实体赏罚,14193753,1420,A168_HF9F_20260827_0900,2026-08-27 09:00:00
2026-07-14,137070871,2261,0,206.5422249762,196.2151137274,196.2151137274,1.0000000,2,2,0.50665070000000000,0.506650700000,1.3955260008387969,1.3955260008387969,1.3955260008387969,0E-17,ELIGIBLE,R03b_20260811_FULL_v1,L1_ELIGIBILITY,v2026-08-11,2026-03-21..2026-08-06,baccarat_bet02_101_all_pairs_incl_sentinel,round_win = game_pnl > 0 (decisive only),COMPATIBILITY_ONLY_NOT_PRODUCTION,630814.5920,577721.2471,6644.3283,4370,4077,-0.01053293,-0.02940797,-0.00432247,-0.01053293,-6644.3283,630814.5920,OK,0.0000,265.7731,4.0000,96.0000,AG03-UNRESOLVED,ALL5_LEVELS_bet23_to_bet27,265.7731,265.7731,265.7731,332.2164,332.2164,4.000000,4.000000,4.000000,5.000000,5.000000,96.000000,96.000000,96.000000,95.000000,95.000000,5.0,1461.7522,1339.0033,5182.5761,5305.325,PENDING_AG03,FALSE,NOT_FOR_ENFORCEMENT,6378.5552,554612.3973,6644.3283,6378.5552,265.7731,0.01053293,0.01011162,265.7731,6378.5552,0.01011162,265.7731,265.7731,265.7731,332.2164,332.2164,6378.5552,0.01011162,1461.7522,1339.0033,5182.5761,5305.325,0.00821569,0.00841028,0.00042132,144.3512,141.7025,1.6297,93.5821,10.0216,8884.7126,57.4225,158.2289,140.3023,51.4311,102.8621,129.7286,258.1778,514.3107,1008.3546,77.1466,0.0,5.0,9.802971,1.403346,17,104,92,7,0.24757185,0.01053293,0.02940797,0E-8,0.000000,0.915834,0.000000,-0.02508550,2026-05-12,2026-08-06,71,663,310,87,0.816092,1.127771,1.096139,0.825239,,,,,,,,GLOBAL_BASELINE_NO_ENTITY_RANKING,,,NOT_APPLICABLE_GLOBAL_BASELINE,HF9g-P5,,,,X 全窗基线 · 不参与实体赏罚,14193754,1420,A168_HF9F_20260827_0900,2026-08-27 09:00:00
2026-07-14,137070871,2281,0,1807.2444685408,-800.3511217824,-800.3511217824,0.3333333,6,6,0.50218230000000000,0.502182300000,-0.8271955028234007,-0.8271955028234007,-0.8271955028234007,0E-17,ELIGIBLE,R03b_20260811_FULL_v1,L1_ELIGIBILITY,v2026-08-11,2026-03-21..2026-08-06,baccarat_bet02_101_all_pairs_incl_sentinel,round_win = game_pnl > 0 (decisive only),COMPATIBILITY_ONLY_NOT_PRODUCTION,630814.5920,577721.2471,6644.3283,4370,4077,-0.01053293,-0.02940797,-0.00432247,-0.01053293,-6644.3283,630814.5920,OK,0.0000,265.7731,4.0000,96.0000,AG03-UNRESOLVED,ALL5_LEVELS_bet23_to_bet27,265.7731,265.7731,265.7731,332.2164,332.2164,4.000000,4.000000,4.000000,5.000000,5.000000,96.000000,96.000000,96.000000,95.000000,95.000000,5.0,1461.7522,1339.0033,5182.5761,5305.325,PENDING_AG03,FALSE,NOT_FOR_ENFORCEMENT,6378.5552,554612.3973,6644.3283,6378.5552,265.7731,0.01053293,0.01011162,265.7731,6378.5552,0.01011162,265.7731,265.7731,265.7731,332.2164,332.2164,6378.5552,0.01011162,1461.7522,1339.0033,5182.5761,5305.325,0.00821569,0.00841028,0.00042132,144.3512,141.7025,1.6297,93.5821,10.0216,8884.7126,57.4225,158.2289,140.3023,51.4311,102.8621,129.7286,258.1778,514.3107,1008.3546,77.1466,0.0,5.0,9.802971,1.403346,17,104,92,7,0.24757185,0.01053293,0.02940797,0E-8,0.000000,0.915834,0.000000,-0.02508550,2026-05-12,2026-08-06,71,663,310,87,0.816092,1.127771,1.096139,0.825239,,,,,,,,GLOBAL_BASELINE_NO_ENTITY_RANKING,,,NOT_APPLICABLE_GLOBAL_BASELINE,HF9g-P5,,,,X 全窗基线 · 不参与实体赏罚,14193755,1420,A168_HF9F_20260827_0900,2026-08-27 09:00:00
2026-07-15,137070871,-1,1,129.0888906101,-129.0888906101,-129.0888906101,0E-7,1,1,0.50665070000000000,0.506650700000,-1.013391052207602,-1.013391052207602,-1.013391052207602,0E-17,SENTINEL_DEALER,R03b_20260811_FULL_v1,L1_ELIGIBILITY,v2026-08-11,2026-03-21..2026-08-06,baccarat_bet02_101_all_pairs_incl_sentinel,round_win = game_pnl > 0 (decisive only),COMPATIBILITY_ONLY_NOT_PRODUCTION,630814.5920,577721.2471,6644.3283,4370,4077,-0.01053293,-0.02940797,-0.00432247,-0.01053293,-6644.3283,630814.5920,OK,0.0000,265.7731,4.0000,96.0000,AG03-UNRESOLVED,ALL5_LEVELS_bet23_to_bet27,265.7731,265.7731,265.7731,332.2164,332.2164,4.000000,4.000000,4.000000,5.000000,5.000000,96.000000,96.000000,96.000000,95.000000,95.000000,5.0,1461.7522,1339.0033,5182.5761,5305.325,PENDING_AG03,FALSE,NOT_FOR_ENFORCEMENT,6378.5552,554612.3973,6644.3283,6378.5552,265.7731,0.01053293,0.01011162,265.7731,6378.5552,0.01011162,265.7731,265.7731,265.7731,332.2164,332.2164,6378.5552,0.01011162,1461.7522,1339.0033,5182.5761,5305.325,0.00821569,0.00841028,0.00042132,144.3512,141.7025,1.6297,93.5821,10.0216,8884.7126,57.4225,158.2289,140.3023,51.4311,102.8621,129.7286,258.1778,514.3107,1008.3546,77.1466,0.0,5.0,9.802971,1.403346,17,104,92,7,0.24757185,0.01053293,0.02940797,0E-8,0.000000,0.915834,0.000000,-0.02508550,2026-05-12,2026-08-06,71,663,310,87,0.816092,1.127771,1.096139,0.825239,,,,,,,,GLOBAL_BASELINE_NO_ENTITY_RANKING,,,NOT_APPLICABLE_GLOBAL_BASELINE,HF9g-P5,,,,X 全窗基线 · 不参与实体赏罚,14193756,1420,A168_HF9F_20260827_0900,2026-08-27 09:00:00
2026-07-15,137070871,1210,0,12.9088890610,12.2634446080,12.2634446080,1.0000000,1,1,0.50665070000000000,0.506650700000,0.9867858985152569,0.9867858985152569,0.9867858985152569,0E-17,ELIGIBLE,R03b_20260811_FULL_v1,L1_ELIGIBILITY,v2026-08-11,2026-03-21..2026-08-06,baccarat_bet02_101_all_pairs_incl_sentinel,round_win = game_pnl > 0 (decisive only),COMPATIBILITY_ONLY_NOT_PRODUCTION,630814.5920,577721.2471,6644.3283,4370,4077,-0.01053293,-0.02940797,-0.00432247,-0.01053293,-6644.3283,630814.5920,OK,0.0000,265.7731,4.0000,96.0000,AG03-UNRESOLVED,ALL5_LEVELS_bet23_to_bet27,265.7731,265.7731,265.7731,332.2164,332.2164,4.000000,4.000000,4.000000,5.000000,5.000000,96.000000,96.000000,96.000000,95.000000,95.000000,5.0,1461.7522,1339.0033,5182.5761,5305.325,PENDING_AG03,FALSE,NOT_FOR_ENFORCEMENT,6378.5552,554612.3973,6644.3283,6378.5552,265.7731,0.01053293,0.01011162,265.7731,6378.5552,0.01011162,265.7731,265.7731,265.7731,332.2164,332.2164,6378.5552,0.01011162,1461.7522,1339.0033,5182.5761,5305.325,0.00821569,0.00841028,0.00042132,144.3512,141.7025,1.6297,93.5821,10.0216,8884.7126,57.4225,158.2289,140.3023,51.4311,102.8621,129.7286,258.1778,514.3107,1008.3546,77.1466,0.0,5.0,9.802971,1.403346,17,104,92,7,0.24757185,0.01053293,0.02940797,0E-8,0.000000,0.915834,0.000000,-0.02508550,2026-05-12,2026-08-06,71,663,310,87,0.816092,1.127771,1.096139,0.825239,,,,,,,,GLOBAL_BASELINE_NO_ENTITY_RANKING,,,NOT_APPLICABLE_GLOBAL_BASELINE,HF9g-P5,,,,X 全窗基线 · 不参与实体赏罚,14193757,1420,A168_HF9F_20260827_0900,2026-08-27 09:00:00
2026-07-15,137070871,1299,0,5028.0122892621,-1239.2533498566,-1239.2533498566,0.4285714,7,7,0.50282064285714286,0.502820642857,-0.39289616391791987,-0.3928961639171632,-0.39289616391791987,1.4286E-13,ELIGIBLE,R03b_20260811_FULL_v1,L1_ELIGIBILITY,v2026-08-11,2026-03-21..2026-08-06,baccarat_bet02_101_all_pairs_incl_sentinel,round_win = game_pnl > 0 (decisive only),COMPATIBILITY_ONLY_NOT_PRODUCTION,630814.5920,577721.2471,6644.3283,4370,4077,-0.01053293,-0.02940797,-0.00432247,-0.01053293,-6644.3283,630814.5920,OK,0.0000,265.7731,4.0000,96.0000,AG03-UNRESOLVED,ALL5_LEVELS_bet23_to_bet27,265.7731,265.7731,265.7731,332.2164,332.2164,4.000000,4.000000,4.000000,5.000000,5.000000,96.000000,96.000000,96.000000,95.000000,95.000000,5.0,1461.7522,1339.0033,5182.5761,5305.325,PENDING_AG03,FALSE,NOT_FOR_ENFORCEMENT,6378.5552,554612.3973,6644.3283,6378.5552,265.7731,0.01053293,0.01011162,265.7731,6378.5552,0.01011162,265.7731,265.7731,265.7731,332.2164,332.2164,6378.5552,0.01011162,1461.7522,1339.0033,5182.5761,5305.325,0.00821569,0.00841028,0.00042132,144.3512,141.7025,1.6297,93.5821,10.0216,8884.7126,57.4225,158.2289,140.3023,51.4311,102.8621,129.7286,258.1778,514.3107,1008.3546,77.1466,0.0,5.0,9.802971,1.403346,17,104,92,7,0.24757185,0.01053293,0.02940797,0E-8,0.000000,0.915834,0.000000,-0.02508550,2026-05-12,2026-08-06,71,663,310,87,0.816092,1.127771,1.096139,0.825239,,,,,,,,GLOBAL_BASELINE_NO_ENTITY_RANKING,,,NOT_APPLICABLE_GLOBAL_BASELINE,HF9g-P5,,,,X 全窗基线 · 不参与实体赏罚,14193758,1420,A168_HF9F_20260827_0900,2026-08-27 09:00:00
2026-07-15,137070871,1307,0,1678.1555779309,83.9077788968,83.9077788968,0.5000000,6,6,0.50441650000000000,0.504416500000,-0.02163718700157003,-0.02163718700157003,-0.02163718700157003,0E-17,ELIGIBLE,R03b_20260811_FULL_v1,L1_ELIGIBILITY,v2026-08-11,2026-03-21..2026-08-06,baccarat_bet02_101_all_pairs_incl_sentinel,round_win = game_pnl > 0 (decisive only),COMPATIBILITY_ONLY_NOT_PRODUCTION,630814.5920,577721.2471,6644.3283,4370,4077,-0.01053293,-0.02940797,-0.00432247,-0.01053293,-6644.3283,630814.5920,OK,0.0000,265.7731,4.0000,96.0000,AG03-UNRESOLVED,ALL5_LEVELS_bet23_to_bet27,265.7731,265.7731,265.7731,332.2164,332.2164,4.000000,4.000000,4.000000,5.000000,5.000000,96.000000,96.000000,96.000000,95.000000,95.000000,5.0,1461.7522,1339.0033,5182.5761,5305.325,PENDING_AG03,FALSE,NOT_FOR_ENFORCEMENT,6378.5552,554612.3973,6644.3283,6378.5552,265.7731,0.01053293,0.01011162,265.7731,6378.5552,0.01011162,265.7731,265.7731,265.7731,332.2164,332.2164,6378.5552,0.01011162,1461.7522,1339.0033,5182.5761,5305.325,0.00821569,0.00841028,0.00042132,144.3512,141.7025,1.6297,93.5821,10.0216,8884.7126,57.4225,158.2289,140.3023,51.4311,102.8621,129.7286,258.1778,514.3107,1008.3546,77.1466,0.0,5.0,9.802971,1.403346,17,104,92,7,0.24757185,0.01053293,0.02940797,0E-8,0.000000,0.915834,0.000000,-0.02508550,2026-05-12,2026-08-06,71,663,310,87,0.816092,1.127771,1.096139,0.825239,,,,,,,,GLOBAL_BASELINE_NO_ENTITY_RANKING,,,NOT_APPLICABLE_GLOBAL_BASELINE,HF9g-P5,,,,X 全窗基线 · 不参与实体赏罚,14193759,1420,A168_HF9F_20260827_0900,2026-08-27 09:00:00
2026-07-15,137070871,1325,0,77.4533343660,-27.1086670281,-27.1086670281,0.3333333,3,3,0.50665070000000000,0.506650700000,-0.6004420894325239,-0.6004420894325239,-0.6004420894325239,0E-17,ELIGIBLE,R03b_20260811_FULL_v1,L1_ELIGIBILITY,v2026-08-11,2026-03-21..2026-08-06,baccarat_bet02_101_all_pairs_incl_sentinel,round_win = game_pnl > 0 (decisive only),COMPATIBILITY_ONLY_NOT_PRODUCTION,630814.5920,577721.2471,6644.3283,4370,4077,-0.01053293,-0.02940797,-0.00432247,-0.01053293,-6644.3283,630814.5920,OK,0.0000,265.7731,4.0000,96.0000,AG03-UNRESOLVED,ALL5_LEVELS_bet23_to_bet27,265.7731,265.7731,265.7731,332.2164,332.2164,4.000000,4.000000,4.000000,5.000000,5.000000,96.000000,96.000000,96.000000,95.000000,95.000000,5.0,1461.7522,1339.0033,5182.5761,5305.325,PENDING_AG03,FALSE,NOT_FOR_ENFORCEMENT,6378.5552,554612.3973,6644.3283,6378.5552,265.7731,0.01053293,0.01011162,265.7731,6378.5552,0.01011162,265.7731,265.7731,265.7731,332.2164,332.2164,6378.5552,0.01011162,1461.7522,1339.0033,5182.5761,5305.325,0.00821569,0.00841028,0.00042132,144.3512,141.7025,1.6297,93.5821,10.0216,8884.7126,57.4225,158.2289,140.3023,51.4311,102.8621,129.7286,258.1778,514.3107,1008.3546,77.1466,0.0,5.0,9.802971,1.403346,17,104,92,7,0.24757185,0.01053293,0.02940797,0E-8,0.000000,0.915834,0.000000,-0.02508550,2026-05-12,2026-08-06,71,663,310,87,0.816092,1.127771,1.096139,0.825239,,,,,,,,GLOBAL_BASELINE_NO_ENTITY_RANKING,,,NOT_APPLICABLE_GLOBAL_BASELINE,HF9g-P5,,,,X 全窗基线 · 不参与实体赏罚,14193760,1420,A168_HF9F_20260827_0900,2026-08-27 09:00:00
2026-07-15,137070871,1331,0,258.1777812201,-258.1777812201,-258.1777812201,0E-7,1,1,0.49324550000000000,0.493245500000,-0.9865810262130424,-0.9865810262130424,-0.9865810262130424,0E-17,ELIGIBLE,R03b_20260811_FULL_v1,L1_ELIGIBILITY,v2026-08-11,2026-03-21..2026-08-06,baccarat_bet02_101_all_pairs_incl_sentinel,round_win = game_pnl > 0 (decisive only),COMPATIBILITY_ONLY_NOT_PRODUCTION,630814.5920,577721.2471,6644.3283,4370,4077,-0.01053293,-0.02940797,-0.00432247,-0.01053293,-6644.3283,630814.5920,OK,0.0000,265.7731,4.0000,96.0000,AG03-UNRESOLVED,ALL5_LEVELS_bet23_to_bet27,265.7731,265.7731,265.7731,332.2164,332.2164,4.000000,4.000000,4.000000,5.000000,5.000000,96.000000,96.000000,96.000000,95.000000,95.000000,5.0,1461.7522,1339.0033,5182.5761,5305.325,PENDING_AG03,FALSE,NOT_FOR_ENFORCEMENT,6378.5552,554612.3973,6644.3283,6378.5552,265.7731,0.01053293,0.01011162,265.7731,6378.5552,0.01011162,265.7731,265.7731,265.7731,332.2164,332.2164,6378.5552,0.01011162,1461.7522,1339.0033,5182.5761,5305.325,0.00821569,0.00841028,0.00042132,144.3512,141.7025,1.6297,93.5821,10.0216,8884.7126,57.4225,158.2289,140.3023,51.4311,102.8621,129.7286,258.1778,514.3107,1008.3546,77.1466,0.0,5.0,9.802971,1.403346,17,104,92,7,0.24757185,0.01053293,0.02940797,0E-8,0.000000,0.915834,0.000000,-0.02508550,2026-05-12,2026-08-06,71,663,310,87,0.816092,1.127771,1.096139,0.825239,,,,,,,,GLOBAL_BASELINE_NO_ENTITY_RANKING,,,NOT_APPLICABLE_GLOBAL_BASELINE,HF9g-P5,,,,X 全窗基线 · 不参与实体赏罚,14193761,1420,A168_HF9F_20260827_0900,2026-08-27 09:00:00
2026-07-15,137070871,1505,0,154.9066687320,46.4720006196,46.4720006196,0.6666667,3,3,0.50665070000000000,0.506650700000,0.5543606114942035,0.5543606114942035,0.5543606114942035,0E-17,ELIGIBLE,R03b_20260811_FULL_v1,L1_ELIGIBILITY,v2026-08-11,2026-03-21..2026-08-06,baccarat_bet02_101_all_pairs_incl_sentinel,round_win = game_pnl > 0 (decisive only),COMPATIBILITY_ONLY_NOT_PRODUCTION,630814.5920,577721.2471,6644.3283,4370,4077,-0.01053293,-0.02940797,-0.00432247,-0.01053293,-6644.3283,630814.5920,OK,0.0000,265.7731,4.0000,96.0000,AG03-UNRESOLVED,ALL5_LEVELS_bet23_to_bet27,265.7731,265.7731,265.7731,332.2164,332.2164,4.000000,4.000000,4.000000,5.000000,5.000000,96.000000,96.000000,96.000000,95.000000,95.000000,5.0,1461.7522,1339.0033,5182.5761,5305.325,PENDING_AG03,FALSE,NOT_FOR_ENFORCEMENT,6378.5552,554612.3973,6644.3283,6378.5552,265.7731,0.01053293,0.01011162,265.7731,6378.5552,0.01011162,265.7731,265.7731,265.7731,332.2164,332.2164,6378.5552,0.01011162,1461.7522,1339.0033,5182.5761,5305.325,0.00821569,0.00841028,0.00042132,144.3512,141.7025,1.6297,93.5821,10.0216,8884.7126,57.4225,158.2289,140.3023,51.4311,102.8621,129.7286,258.1778,514.3107,1008.3546,77.1466,0.0,5.0,9.802971,1.403346,17,104,92,7,0.24757185,0.01053293,0.02940797,0E-8,0.000000,0.915834,0.000000,-0.02508550,2026-05-12,2026-08-06,71,663,310,87,0.816092,1.127771,1.096139,0.825239,,,,,,,,GLOBAL_BASELINE_NO_ENTITY_RANKING,,,NOT_APPLICABLE_GLOBAL_BASELINE,HF9g-P5,,,,X 全窗基线 · 不参与实体赏罚,14193762,1420,A168_HF9F_20260827_0900,2026-08-27 09:00:00
2026-07-15,137070871,1646,0,258.1777812201,-258.1777812201,-258.1777812201,0E-7,1,1,0.50665070000000000,0.506650700000,-1.013391052207602,-1.013391052207602,-1.013391052207602,0E-17,ELIGIBLE,R03b_20260811_FULL_v1,L1_ELIGIBILITY,v2026-08-11,2026-03-21..2026-08-06,baccarat_bet02_101_all_pairs_incl_sentinel,round_win = game_pnl > 0 (decisive only),COMPATIBILITY_ONLY_NOT_PRODUCTION,630814.5920,577721.2471,6644.3283,4370,4077,-0.01053293,-0.02940797,-0.00432247,-0.01053293,-6644.3283,630814.5920,OK,0.0000,265.7731,4.0000,96.0000,AG03-UNRESOLVED,ALL5_LEVELS_bet23_to_bet27,265.7731,265.7731,265.7731,332.2164,332.2164,4.000000,4.000000,4.000000,5.000000,5.000000,96.000000,96.000000,96.000000,95.000000,95.000000,5.0,1461.7522,1339.0033,5182.5761,5305.325,PENDING_AG03,FALSE,NOT_FOR_ENFORCEMENT,6378.5552,554612.3973,6644.3283,6378.5552,265.7731,0.01053293,0.01011162,265.7731,6378.5552,0.01011162,265.7731,265.7731,265.7731,332.2164,332.2164,6378.5552,0.01011162,1461.7522,1339.0033,5182.5761,5305.325,0.00821569,0.00841028,0.00042132,144.3512,141.7025,1.6297,93.5821,10.0216,8884.7126,57.4225,158.2289,140.3023,51.4311,102.8621,129.7286,258.1778,514.3107,1008.3546,77.1466,0.0,5.0,9.802971,1.403346,17,104,92,7,0.24757185,0.01053293,0.02940797,0E-8,0.000000,0.915834,0.000000,-0.02508550,2026-05-12,2026-08-06,71,663,310,87,0.816092,1.127771,1.096139,0.825239,,,,,,,,GLOBAL_BASELINE_NO_ENTITY_RANKING,,,NOT_APPLICABLE_GLOBAL_BASELINE,HF9g-P5,,,,X 全窗基线 · 不参与实体赏罚,14193763,1420,A168_HF9F_20260827_0900,2026-08-27 09:00:00
2026-07-15,137070871,1710,0,1032.7111248805,735.8066764774,735.8066764774,1.0000000,3,3,0.50665070000000000,0.506650700000,1.3955260008387969,1.3955260008387969,1.3955260008387969,0E-17,ELIGIBLE,R03b_20260811_FULL_v1,L1_ELIGIBILITY,v2026-08-11,2026-03-21..2026-08-06,baccarat_bet02_101_all_pairs_incl_sentinel,round_win = game_pnl > 0 (decisive only),COMPATIBILITY_ONLY_NOT_PRODUCTION,630814.5920,577721.2471,6644.3283,4370,4077,-0.01053293,-0.02940797,-0.00432247,-0.01053293,-6644.3283,630814.5920,OK,0.0000,265.7731,4.0000,96.0000,AG03-UNRESOLVED,ALL5_LEVELS_bet23_to_bet27,265.7731,265.7731,265.7731,332.2164,332.2164,4.000000,4.000000,4.000000,5.000000,5.000000,96.000000,96.000000,96.000000,95.000000,95.000000,5.0,1461.7522,1339.0033,5182.5761,5305.325,PENDING_AG03,FALSE,NOT_FOR_ENFORCEMENT,6378.5552,554612.3973,6644.3283,6378.5552,265.7731,0.01053293,0.01011162,265.7731,6378.5552,0.01011162,265.7731,265.7731,265.7731,332.2164,332.2164,6378.5552,0.01011162,1461.7522,1339.0033,5182.5761,5305.325,0.00821569,0.00841028,0.00042132,144.3512,141.7025,1.6297,93.5821,10.0216,8884.7126,57.4225,158.2289,140.3023,51.4311,102.8621,129.7286,258.1778,514.3107,1008.3546,77.1466,0.0,5.0,9.802971,1.403346,17,104,92,7,0.24757185,0.01053293,0.02940797,0E-8,0.000000,0.915834,0.000000,-0.02508550,2026-05-12,2026-08-06,71,663,310,87,0.816092,1.127771,1.096139,0.825239,,,,,,,,GLOBAL_BASELINE_NO_ENTITY_RANKING,,,NOT_APPLICABLE_GLOBAL_BASELINE,HF9g-P5,,,,X 全窗基线 · 不参与实体赏罚,14193764,1420,A168_HF9F_20260827_0900,2026-08-27 09:00:00
2026-07-15,137070871,2088,0,309.8133374642,206.5422249762,206.5422249762,0.6666667,3,3,0.49771390000000000,0.497713900000,0.5852756695216578,0.5852756695216578,0.5852756695216578,0E-17,ELIGIBLE,R03b_20260811_FULL_v1,L1_ELIGIBILITY,v2026-08-11,2026-03-21..2026-08-06,baccarat_bet02_101_all_pairs_incl_sentinel,round_win = game_pnl > 0 (decisive only),COMPATIBILITY_ONLY_NOT_PRODUCTION,630814.5920,577721.2471,6644.3283,4370,4077,-0.01053293,-0.02940797,-0.00432247,-0.01053293,-6644.3283,630814.5920,OK,0.0000,265.7731,4.0000,96.0000,AG03-UNRESOLVED,ALL5_LEVELS_bet23_to_bet27,265.7731,265.7731,265.7731,332.2164,332.2164,4.000000,4.000000,4.000000,5.000000,5.000000,96.000000,96.000000,96.000000,95.000000,95.000000,5.0,1461.7522,1339.0033,5182.5761,5305.325,PENDING_AG03,FALSE,NOT_FOR_ENFORCEMENT,6378.5552,554612.3973,6644.3283,6378.5552,265.7731,0.01053293,0.01011162,265.7731,6378.5552,0.01011162,265.7731,265.7731,265.7731,332.2164,332.2164,6378.5552,0.01011162,1461.7522,1339.0033,5182.5761,5305.325,0.00821569,0.00841028,0.00042132,144.3512,141.7025,1.6297,93.5821,10.0216,8884.7126,57.4225,158.2289,140.3023,51.4311,102.8621,129.7286,258.1778,514.3107,1008.3546,77.1466,0.0,5.0,9.802971,1.403346,17,104,92,7,0.24757185,0.01053293,0.02940797,0E-8,0.000000,0.915834,0.000000,-0.02508550,2026-05-12,2026-08-06,71,663,310,87,0.816092,1.127771,1.096139,0.825239,,,,,,,,GLOBAL_BASELINE_NO_ENTITY_RANKING,,,NOT_APPLICABLE_GLOBAL_BASELINE,HF9g-P5,,,,X 全窗基线 · 不参与实体赏罚,14193765,1420,A168_HF9F_20260827_0900,2026-08-27 09:00:00
2026-07-15,137070871,2123,0,154.9066687320,-154.9066687320,-154.9066687320,0E-7,3,3,0.49771390000000000,0.497713900000,-1.724149546644903,-1.724149546644903,-1.724149546644903,0E-17,ELIGIBLE,R03b_20260811_FULL_v1,L1_ELIGIBILITY,v2026-08-11,2026-03-21..2026-08-06,baccarat_bet02_101_all_pairs_incl_sentinel,round_win = game_pnl > 0 (decisive only),COMPATIBILITY_ONLY_NOT_PRODUCTION,630814.5920,577721.2471,6644.3283,4370,4077,-0.01053293,-0.02940797,-0.00432247,-0.01053293,-6644.3283,630814.5920,OK,0.0000,265.7731,4.0000,96.0000,AG03-UNRESOLVED,ALL5_LEVELS_bet23_to_bet27,265.7731,265.7731,265.7731,332.2164,332.2164,4.000000,4.000000,4.000000,5.000000,5.000000,96.000000,96.000000,96.000000,95.000000,95.000000,5.0,1461.7522,1339.0033,5182.5761,5305.325,PENDING_AG03,FALSE,NOT_FOR_ENFORCEMENT,6378.5552,554612.3973,6644.3283,6378.5552,265.7731,0.01053293,0.01011162,265.7731,6378.5552,0.01011162,265.7731,265.7731,265.7731,332.2164,332.2164,6378.5552,0.01011162,1461.7522,1339.0033,5182.5761,5305.325,0.00821569,0.00841028,0.00042132,144.3512,141.7025,1.6297,93.5821,10.0216,8884.7126,57.4225,158.2289,140.3023,51.4311,102.8621,129.7286,258.1778,514.3107,1008.3546,77.1466,0.0,5.0,9.802971,1.403346,17,104,92,7,0.24757185,0.01053293,0.02940797,0E-8,0.000000,0.915834,0.000000,-0.02508550,2026-05-12,2026-08-06,71,663,310,87,0.816092,1.127771,1.096139,0.825239,,,,,,,,GLOBAL_BASELINE_NO_ENTITY_RANKING,,,NOT_APPLICABLE_GLOBAL_BASELINE,HF9g-P5,,,,X 全窗基线 · 不参与实体赏罚,14193766,1420,A168_HF9F_20260827_0900,2026-08-27 09:00:00
2026-07-15,137070871,2167,0,258.1777812201,-258.1777812201,-258.1777812201,0E-7,1,1,0.50665070000000000,0.506650700000,-1.013391052207602,-1.013391052207602,-1.013391052207602,0E-17,ELIGIBLE,R03b_20260811_FULL_v1,L1_ELIGIBILITY,v2026-08-11,2026-03-21..2026-08-06,baccarat_bet02_101_all_pairs_incl_sentinel,round_win = game_pnl > 0 (decisive only),COMPATIBILITY_ONLY_NOT_PRODUCTION,630814.5920,577721.2471,6644.3283,4370,4077,-0.01053293,-0.02940797,-0.00432247,-0.01053293,-6644.3283,630814.5920,OK,0.0000,265.7731,4.0000,96.0000,AG03-UNRESOLVED,ALL5_LEVELS_bet23_to_bet27,265.7731,265.7731,265.7731,332.2164,332.2164,4.000000,4.000000,4.000000,5.000000,5.000000,96.000000,96.000000,96.000000,95.000000,95.000000,5.0,1461.7522,1339.0033,5182.5761,5305.325,PENDING_AG03,FALSE,NOT_FOR_ENFORCEMENT,6378.5552,554612.3973,6644.3283,6378.5552,265.7731,0.01053293,0.01011162,265.7731,6378.5552,0.01011162,265.7731,265.7731,265.7731,332.2164,332.2164,6378.5552,0.01011162,1461.7522,1339.0033,5182.5761,5305.325,0.00821569,0.00841028,0.00042132,144.3512,141.7025,1.6297,93.5821,10.0216,8884.7126,57.4225,158.2289,140.3023,51.4311,102.8621,129.7286,258.1778,514.3107,1008.3546,77.1466,0.0,5.0,9.802971,1.403346,17,104,92,7,0.24757185,0.01053293,0.02940797,0E-8,0.000000,0.915834,0.000000,-0.02508550,2026-05-12,2026-08-06,71,663,310,87,0.816092,1.127771,1.096139,0.825239,,,,,,,,GLOBAL_BASELINE_NO_ENTITY_RANKING,,,NOT_APPLICABLE_GLOBAL_BASELINE,HF9g-P5,,,,X 全窗基线 · 不参与实体赏罚,14193767,1420,A168_HF9F_20260827_0900,2026-08-27 09:00:00
2026-07-15,137070871,2170,0,503.4466733790,156.8430020912,156.8430020912,0.6250000,16,16,0.50246157500000000,0.502461575000,0.9803192802701519,0.980319280270152,0.9803192802701519,0E-17,ELIGIBLE,R03b_20260811_FULL_v1,L1_ELIGIBILITY,v2026-08-11,2026-03-21..2026-08-06,baccarat_bet02_101_all_pairs_incl_sentinel,round_win = game_pnl > 0 (decisive only),COMPATIBILITY_ONLY_NOT_PRODUCTION,630814.5920,577721.2471,6644.3283,4370,4077,-0.01053293,-0.02940797,-0.00432247,-0.01053293,-6644.3283,630814.5920,OK,0.0000,265.7731,4.0000,96.0000,AG03-UNRESOLVED,ALL5_LEVELS_bet23_to_bet27,265.7731,265.7731,265.7731,332.2164,332.2164,4.000000,4.000000,4.000000,5.000000,5.000000,96.000000,96.000000,96.000000,95.000000,95.000000,5.0,1461.7522,1339.0033,5182.5761,5305.325,PENDING_AG03,FALSE,NOT_FOR_ENFORCEMENT,6378.5552,554612.3973,6644.3283,6378.5552,265.7731,0.01053293,0.01011162,265.7731,6378.5552,0.01011162,265.7731,265.7731,265.7731,332.2164,332.2164,6378.5552,0.01011162,1461.7522,1339.0033,5182.5761,5305.325,0.00821569,0.00841028,0.00042132,144.3512,141.7025,1.6297,93.5821,10.0216,8884.7126,57.4225,158.2289,140.3023,51.4311,102.8621,129.7286,258.1778,514.3107,1008.3546,77.1466,0.0,5.0,9.802971,1.403346,17,104,92,7,0.24757185,0.01053293,0.02940797,0E-8,0.000000,0.915834,0.000000,-0.02508550,2026-05-12,2026-08-06,71,663,310,87,0.816092,1.127771,1.096139,0.825239,,,,,,,,GLOBAL_BASELINE_NO_ENTITY_RANKING,,,NOT_APPLICABLE_GLOBAL_BASELINE,HF9g-P5,,,,X 全窗基线 · 不参与实体赏罚,14193768,1420,A168_HF9F_20260827_0900,2026-08-27 09:00:00
2026-07-15,137070871,2171,0,51.6355562440,-51.6355562440,-51.6355562440,0E-7,1,1,0.50665070000000000,0.506650700000,-1.013391052207602,-1.013391052207602,-1.013391052207602,0E-17,ELIGIBLE,R03b_20260811_FULL_v1,L1_ELIGIBILITY,v2026-08-11,2026-03-21..2026-08-06,baccarat_bet02_101_all_pairs_incl_sentinel,round_win = game_pnl > 0 (decisive only),COMPATIBILITY_ONLY_NOT_PRODUCTION,630814.5920,577721.2471,6644.3283,4370,4077,-0.01053293,-0.02940797,-0.00432247,-0.01053293,-6644.3283,630814.5920,OK,0.0000,265.7731,4.0000,96.0000,AG03-UNRESOLVED,ALL5_LEVELS_bet23_to_bet27,265.7731,265.7731,265.7731,332.2164,332.2164,4.000000,4.000000,4.000000,5.000000,5.000000,96.000000,96.000000,96.000000,95.000000,95.000000,5.0,1461.7522,1339.0033,5182.5761,5305.325,PENDING_AG03,FALSE,NOT_FOR_ENFORCEMENT,6378.5552,554612.3973,6644.3283,6378.5552,265.7731,0.01053293,0.01011162,265.7731,6378.5552,0.01011162,265.7731,265.7731,265.7731,332.2164,332.2164,6378.5552,0.01011162,1461.7522,1339.0033,5182.5761,5305.325,0.00821569,0.00841028,0.00042132,144.3512,141.7025,1.6297,93.5821,10.0216,8884.7126,57.4225,158.2289,140.3023,51.4311,102.8621,129.7286,258.1778,514.3107,1008.3546,77.1466,0.0,5.0,9.802971,1.403346,17,104,92,7,0.24757185,0.01053293,0.02940797,0E-8,0.000000,0.915834,0.000000,-0.02508550,2026-05-12,2026-08-06,71,663,310,87,0.816092,1.127771,1.096139,0.825239,,,,,,,,GLOBAL_BASELINE_NO_ENTITY_RANKING,,,NOT_APPLICABLE_GLOBAL_BASELINE,HF9g-P5,,,,X 全窗基线 · 不参与实体赏罚,14193769,1420,A168_HF9F_20260827_0900,2026-08-27 09:00:00
2026-07-15,137070871,2233,0,774.5333436603,-258.1777812202,-258.1777812202,0.5000000,5,5,0.49592654000000000,0.495926540000,0.016294380756781617,0.016294380756781617,0.016294380756781617,0E-17,ELIGIBLE,R03b_20260811_FULL_v1,L1_ELIGIBILITY,v2026-08-11,2026-03-21..2026-08-06,baccarat_bet02_101_all_pairs_incl_sentinel,round_win = game_pnl > 0 (decisive only),COMPATIBILITY_ONLY_NOT_PRODUCTION,630814.5920,577721.2471,6644.3283,4370,4077,-0.01053293,-0.02940797,-0.00432247,-0.01053293,-6644.3283,630814.5920,OK,0.0000,265.7731,4.0000,96.0000,AG03-UNRESOLVED,ALL5_LEVELS_bet23_to_bet27,265.7731,265.7731,265.7731,332.2164,332.2164,4.000000,4.000000,4.000000,5.000000,5.000000,96.000000,96.000000,96.000000,95.000000,95.000000,5.0,1461.7522,1339.0033,5182.5761,5305.325,PENDING_AG03,FALSE,NOT_FOR_ENFORCEMENT,6378.5552,554612.3973,6644.3283,6378.5552,265.7731,0.01053293,0.01011162,265.7731,6378.5552,0.01011162,265.7731,265.7731,265.7731,332.2164,332.2164,6378.5552,0.01011162,1461.7522,1339.0033,5182.5761,5305.325,0.00821569,0.00841028,0.00042132,144.3512,141.7025,1.6297,93.5821,10.0216,8884.7126,57.4225,158.2289,140.3023,51.4311,102.8621,129.7286,258.1778,514.3107,1008.3546,77.1466,0.0,5.0,9.802971,1.403346,17,104,92,7,0.24757185,0.01053293,0.02940797,0E-8,0.000000,0.915834,0.000000,-0.02508550,2026-05-12,2026-08-06,71,663,310,87,0.816092,1.127771,1.096139,0.825239,,,,,,,,GLOBAL_BASELINE_NO_ENTITY_RANKING,,,NOT_APPLICABLE_GLOBAL_BASELINE,HF9g-P5,,,,X 全窗基线 · 不参与实体赏罚,14193770,1420,A168_HF9F_20260827_0900,2026-08-27 09:00:00
2026-07-15,137070871,2281,0,15361.5779825981,4589.1100611880,4589.1100611880,0.6250000,24,24,0.50553360000000000,0.505533600000,1.1705985769877316,1.1705985769877316,1.1705985769877316,0E-17,ELIGIBLE,R03b_20260811_FULL_v1,L1_ELIGIBILITY,v2026-08-11,2026-03-21..2026-08-06,baccarat_bet02_101_all_pairs_incl_sentinel,round_win = game_pnl > 0 (decisive only),COMPATIBILITY_ONLY_NOT_PRODUCTION,630814.5920,577721.2471,6644.3283,4370,4077,-0.01053293,-0.02940797,-0.00432247,-0.01053293,-6644.3283,630814.5920,OK,0.0000,265.7731,4.0000,96.0000,AG03-UNRESOLVED,ALL5_LEVELS_bet23_to_bet27,265.7731,265.7731,265.7731,332.2164,332.2164,4.000000,4.000000,4.000000,5.000000,5.000000,96.000000,96.000000,96.000000,95.000000,95.000000,5.0,1461.7522,1339.0033,5182.5761,5305.325,PENDING_AG03,FALSE,NOT_FOR_ENFORCEMENT,6378.5552,554612.3973,6644.3283,6378.5552,265.7731,0.01053293,0.01011162,265.7731,6378.5552,0.01011162,265.7731,265.7731,265.7731,332.2164,332.2164,6378.5552,0.01011162,1461.7522,1339.0033,5182.5761,5305.325,0.00821569,0.00841028,0.00042132,144.3512,141.7025,1.6297,93.5821,10.0216,8884.7126,57.4225,158.2289,140.3023,51.4311,102.8621,129.7286,258.1778,514.3107,1008.3546,77.1466,0.0,5.0,9.802971,1.403346,17,104,92,7,0.24757185,0.01053293,0.02940797,0E-8,0.000000,0.915834,0.000000,-0.02508550,2026-05-12,2026-08-06,71,663,310,87,0.816092,1.127771,1.096139,0.825239,,,,,,,,GLOBAL_BASELINE_NO_ENTITY_RANKING,,,NOT_APPLICABLE_GLOBAL_BASELINE,HF9g-P5,,,,X 全窗基线 · 不参与实体赏罚,14193771,1420,A168_HF9F_20260827_0900,2026-08-27 09:00:00
2026-07-15,137070871,2288,0,387.2666718301,73.5806676477,73.5806676477,1.0000000,5,5,0.50665070000000000,0.506650700000,1.3955260008387969,1.3955260008387969,1.3955260008387969,0E-17,ELIGIBLE,R03b_20260811_FULL_v1,L1_ELIGIBILITY,v2026-08-11,2026-03-21..2026-08-06,baccarat_bet02_101_all_pairs_incl_sentinel,round_win = game_pnl > 0 (decisive only),COMPATIBILITY_ONLY_NOT_PRODUCTION,630814.5920,577721.2471,6644.3283,4370,4077,-0.01053293,-0.02940797,-0.00432247,-0.01053293,-6644.3283,630814.5920,OK,0.0000,265.7731,4.0000,96.0000,AG03-UNRESOLVED,ALL5_LEVELS_bet23_to_bet27,265.7731,265.7731,265.7731,332.2164,332.2164,4.000000,4.000000,4.000000,5.000000,5.000000,96.000000,96.000000,96.000000,95.000000,95.000000,5.0,1461.7522,1339.0033,5182.5761,5305.325,PENDING_AG03,FALSE,NOT_FOR_ENFORCEMENT,6378.5552,554612.3973,6644.3283,6378.5552,265.7731,0.01053293,0.01011162,265.7731,6378.5552,0.01011162,265.7731,265.7731,265.7731,332.2164,332.2164,6378.5552,0.01011162,1461.7522,1339.0033,5182.5761,5305.325,0.00821569,0.00841028,0.00042132,144.3512,141.7025,1.6297,93.5821,10.0216,8884.7126,57.4225,158.2289,140.3023,51.4311,102.8621,129.7286,258.1778,514.3107,1008.3546,77.1466,0.0,5.0,9.802971,1.403346,17,104,92,7,0.24757185,0.01053293,0.02940797,0E-8,0.000000,0.915834,0.000000,-0.02508550,2026-05-12,2026-08-06,71,663,310,87,0.816092,1.127771,1.096139,0.825239,,,,,,,,GLOBAL_BASELINE_NO_ENTITY_RANKING,,,NOT_APPLICABLE_GLOBAL_BASELINE,HF9g-P5,,,,X 全窗基线 · 不参与实体赏罚,14193772,1420,A168_HF9F_20260827_0900,2026-08-27 09:00:00
2026-07-15,137070871,986,0,645.4444530503,-236.2326698164,-236.2326698164,0.4000000,5,5,0.50396966000000000,0.503969660000,-0.4649811094771361,-0.4649811094771361,-0.4649811094771361,0E-17,ELIGIBLE,R03b_20260811_FULL_v1,L1_ELIGIBILITY,v2026-08-11,2026-03-21..2026-08-06,baccarat_bet02_101_all_pairs_incl_sentinel,round_win = game_pnl > 0 (decisive only),COMPATIBILITY_ONLY_NOT_PRODUCTION,630814.5920,577721.2471,6644.3283,4370,4077,-0.01053293,-0.02940797,-0.00432247,-0.01053293,-6644.3283,630814.5920,OK,0.0000,265.7731,4.0000,96.0000,AG03-UNRESOLVED,ALL5_LEVELS_bet23_to_bet27,265.7731,265.7731,265.7731,332.2164,332.2164,4.000000,4.000000,4.000000,5.000000,5.000000,96.000000,96.000000,96.000000,95.000000,95.000000,5.0,1461.7522,1339.0033,5182.5761,5305.325,PENDING_AG03,FALSE,NOT_FOR_ENFORCEMENT,6378.5552,554612.3973,6644.3283,6378.5552,265.7731,0.01053293,0.01011162,265.7731,6378.5552,0.01011162,265.7731,265.7731,265.7731,332.2164,332.2164,6378.5552,0.01011162,1461.7522,1339.0033,5182.5761,5305.325,0.00821569,0.00841028,0.00042132,144.3512,141.7025,1.6297,93.5821,10.0216,8884.7126,57.4225,158.2289,140.3023,51.4311,102.8621,129.7286,258.1778,514.3107,1008.3546,77.1466,0.0,5.0,9.802971,1.403346,17,104,92,7,0.24757185,0.01053293,0.02940797,0E-8,0.000000,0.915834,0.000000,-0.02508550,2026-05-12,2026-08-06,71,663,310,87,0.816092,1.127771,1.096139,0.825239,,,,,,,,GLOBAL_BASELINE_NO_ENTITY_RANKING,,,NOT_APPLICABLE_GLOBAL_BASELINE,HF9g-P5,,,,X 全窗基线 · 不参与实体赏罚,14193773,1420,A168_HF9F_20260827_0900,2026-08-27 09:00:00
2026-07-16,137070871,1331,0,1755.6089122968,-996.5662355098,-996.5662355098,0.3000000,11,11,0.50421339090909091,0.504213390909,-1.2916047476197523,-1.2916047476191752,-1.2916047476197523,9.091E-14,ELIGIBLE,R03b_20260811_FULL_v1,L1_ELIGIBILITY,v2026-08-11,2026-03-21..2026-08-06,baccarat_bet02_101_all_pairs_incl_sentinel,round_win = game_pnl > 0 (decisive only),COMPATIBILITY_ONLY_NOT_PRODUCTION,630814.5920,577721.2471,6644.3283,4370,4077,-0.01053293,-0.02940797,-0.00432247,-0.01053293,-6644.3283,630814.5920,OK,0.0000,265.7731,4.0000,96.0000,AG03-UNRESOLVED,ALL5_LEVELS_bet23_to_bet27,265.7731,265.7731,265.7731,332.2164,332.2164,4.000000,4.000000,4.000000,5.000000,5.000000,96.000000,96.000000,96.000000,95.000000,95.000000,5.0,1461.7522,1339.0033,5182.5761,5305.325,PENDING_AG03,FALSE,NOT_FOR_ENFORCEMENT,6378.5552,554612.3973,6644.3283,6378.5552,265.7731,0.01053293,0.01011162,265.7731,6378.5552,0.01011162,265.7731,265.7731,265.7731,332.2164,332.2164,6378.5552,0.01011162,1461.7522,1339.0033,5182.5761,5305.325,0.00821569,0.00841028,0.00042132,144.3512,141.7025,1.6297,93.5821,10.0216,8884.7126,57.4225,158.2289,140.3023,51.4311,102.8621,129.7286,258.1778,514.3107,1008.3546,77.1466,0.0,5.0,9.802971,1.403346,17,104,92,7,0.24757185,0.01053293,0.02940797,0E-8,0.000000,0.915834,0.000000,-0.02508550,2026-05-12,2026-08-06,71,663,310,87,0.816092,1.127771,1.096139,0.825239,,,,,,,,GLOBAL_BASELINE_NO_ENTITY_RANKING,,,NOT_APPLICABLE_GLOBAL_BASELINE,HF9g-P5,,,,X 全窗基线 · 不参与实体赏罚,14193774,1420,A168_HF9F_20260827_0900,2026-08-27 09:00:00
2026-07-16,137070871,1374,0,129.0888906101,122.6344460796,122.6344460796,1.0000000,1,1,0.50665070000000000,0.506650700000,0.9867858985152569,0.9867858985152569,0.9867858985152569,0E-17,ELIGIBLE,R03b_20260811_FULL_v1,L1_ELIGIBILITY,v2026-08-11,2026-03-21..2026-08-06,baccarat_bet02_101_all_pairs_incl_sentinel,round_win = game_pnl > 0 (decisive only),COMPATIBILITY_ONLY_NOT_PRODUCTION,630814.5920,577721.2471,6644.3283,4370,4077,-0.01053293,-0.02940797,-0.00432247,-0.01053293,-6644.3283,630814.5920,OK,0.0000,265.7731,4.0000,96.0000,AG03-UNRESOLVED,ALL5_LEVELS_bet23_to_bet27,265.7731,265.7731,265.7731,332.2164,332.2164,4.000000,4.000000,4.000000,5.000000,5.000000,96.000000,96.000000,96.000000,95.000000,95.000000,5.0,1461.7522,1339.0033,5182.5761,5305.325,PENDING_AG03,FALSE,NOT_FOR_ENFORCEMENT,6378.5552,554612.3973,6644.3283,6378.5552,265.7731,0.01053293,0.01011162,265.7731,6378.5552,0.01011162,265.7731,265.7731,265.7731,332.2164,332.2164,6378.5552,0.01011162,1461.7522,1339.0033,5182.5761,5305.325,0.00821569,0.00841028,0.00042132,144.3512,141.7025,1.6297,93.5821,10.0216,8884.7126,57.4225,158.2289,140.3023,51.4311,102.8621,129.7286,258.1778,514.3107,1008.3546,77.1466,0.0,5.0,9.802971,1.403346,17,104,92,7,0.24757185,0.01053293,0.02940797,0E-8,0.000000,0.915834,0.000000,-0.02508550,2026-05-12,2026-08-06,71,663,310,87,0.816092,1.127771,1.096139,0.825239,,,,,,,,GLOBAL_BASELINE_NO_ENTITY_RANKING,,,NOT_APPLICABLE_GLOBAL_BASELINE,HF9g-P5,,,,X 全窗基线 · 不参与实体赏罚,14193775,1420,A168_HF9F_20260827_0900,2026-08-27 09:00:00
2026-07-16,137070871,2174,0,877.8044561483,-116.1800015490,-116.1800015490,0.2500000,5,5,0.50665070000000000,0.506650700000,-1.0266936290537745,-1.0266936290537745,-1.0266936290537745,0E-17,ELIGIBLE,R03b_20260811_FULL_v1,L1_ELIGIBILITY,v2026-08-11,2026-03-21..2026-08-06,baccarat_bet02_101_all_pairs_incl_sentinel,round_win = game_pnl > 0 (decisive only),COMPATIBILITY_ONLY_NOT_PRODUCTION,630814.5920,577721.2471,6644.3283,4370,4077,-0.01053293,-0.02940797,-0.00432247,-0.01053293,-6644.3283,630814.5920,OK,0.0000,265.7731,4.0000,96.0000,AG03-UNRESOLVED,ALL5_LEVELS_bet23_to_bet27,265.7731,265.7731,265.7731,332.2164,332.2164,4.000000,4.000000,4.000000,5.000000,5.000000,96.000000,96.000000,96.000000,95.000000,95.000000,5.0,1461.7522,1339.0033,5182.5761,5305.325,PENDING_AG03,FALSE,NOT_FOR_ENFORCEMENT,6378.5552,554612.3973,6644.3283,6378.5552,265.7731,0.01053293,0.01011162,265.7731,6378.5552,0.01011162,265.7731,265.7731,265.7731,332.2164,332.2164,6378.5552,0.01011162,1461.7522,1339.0033,5182.5761,5305.325,0.00821569,0.00841028,0.00042132,144.3512,141.7025,1.6297,93.5821,10.0216,8884.7126,57.4225,158.2289,140.3023,51.4311,102.8621,129.7286,258.1778,514.3107,1008.3546,77.1466,0.0,5.0,9.802971,1.403346,17,104,92,7,0.24757185,0.01053293,0.02940797,0E-8,0.000000,0.915834,0.000000,-0.02508550,2026-05-12,2026-08-06,71,663,310,87,0.816092,1.127771,1.096139,0.825239,,,,,,,,GLOBAL_BASELINE_NO_ENTITY_RANKING,,,NOT_APPLICABLE_GLOBAL_BASELINE,HF9g-P5,,,,X 全窗基线 · 不参与实体赏罚,14193776,1420,A168_HF9F_20260827_0900,2026-08-27 09:00:00
2026-07-16,137070871,2233,0,129.0888906101,-129.0888906101,-129.0888906101,0E-7,1,1,0.50665070000000000,0.506650700000,-1.013391052207602,-1.013391052207602,-1.013391052207602,0E-17,ELIGIBLE,R03b_20260811_FULL_v1,L1_ELIGIBILITY,v2026-08-11,2026-03-21..2026-08-06,baccarat_bet02_101_all_pairs_incl_sentinel,round_win = game_pnl > 0 (decisive only),COMPATIBILITY_ONLY_NOT_PRODUCTION,630814.5920,577721.2471,6644.3283,4370,4077,-0.01053293,-0.02940797,-0.00432247,-0.01053293,-6644.3283,630814.5920,OK,0.0000,265.7731,4.0000,96.0000,AG03-UNRESOLVED,ALL5_LEVELS_bet23_to_bet27,265.7731,265.7731,265.7731,332.2164,332.2164,4.000000,4.000000,4.000000,5.000000,5.000000,96.000000,96.000000,96.000000,95.000000,95.000000,5.0,1461.7522,1339.0033,5182.5761,5305.325,PENDING_AG03,FALSE,NOT_FOR_ENFORCEMENT,6378.5552,554612.3973,6644.3283,6378.5552,265.7731,0.01053293,0.01011162,265.7731,6378.5552,0.01011162,265.7731,265.7731,265.7731,332.2164,332.2164,6378.5552,0.01011162,1461.7522,1339.0033,5182.5761,5305.325,0.00821569,0.00841028,0.00042132,144.3512,141.7025,1.6297,93.5821,10.0216,8884.7126,57.4225,158.2289,140.3023,51.4311,102.8621,129.7286,258.1778,514.3107,1008.3546,77.1466,0.0,5.0,9.802971,1.403346,17,104,92,7,0.24757185,0.01053293,0.02940797,0E-8,0.000000,0.915834,0.000000,-0.02508550,2026-05-12,2026-08-06,71,663,310,87,0.816092,1.127771,1.096139,0.825239,,,,,,,,GLOBAL_BASELINE_NO_ENTITY_RANKING,,,NOT_APPLICABLE_GLOBAL_BASELINE,HF9g-P5,,,,X 全窗基线 · 不参与实体赏罚,14193777,1420,A168_HF9F_20260827_0900,2026-08-27 09:00:00
2026-07-16,137070871,2281,0,1239.2533498568,380.8122272998,380.8122272998,0.6000000,6,6,0.50441650000000000,0.504416500000,0.42747908374280613,0.42747908374280613,0.42747908374280613,0E-17,ELIGIBLE,R03b_20260811_FULL_v1,L1_ELIGIBILITY,v2026-08-11,2026-03-21..2026-08-06,baccarat_bet02_101_all_pairs_incl_sentinel,round_win = game_pnl > 0 (decisive only),COMPATIBILITY_ONLY_NOT_PRODUCTION,630814.5920,577721.2471,6644.3283,4370,4077,-0.01053293,-0.02940797,-0.00432247,-0.01053293,-6644.3283,630814.5920,OK,0.0000,265.7731,4.0000,96.0000,AG03-UNRESOLVED,ALL5_LEVELS_bet23_to_bet27,265.7731,265.7731,265.7731,332.2164,332.2164,4.000000,4.000000,4.000000,5.000000,5.000000,96.000000,96.000000,96.000000,95.000000,95.000000,5.0,1461.7522,1339.0033,5182.5761,5305.325,PENDING_AG03,FALSE,NOT_FOR_ENFORCEMENT,6378.5552,554612.3973,6644.3283,6378.5552,265.7731,0.01053293,0.01011162,265.7731,6378.5552,0.01011162,265.7731,265.7731,265.7731,332.2164,332.2164,6378.5552,0.01011162,1461.7522,1339.0033,5182.5761,5305.325,0.00821569,0.00841028,0.00042132,144.3512,141.7025,1.6297,93.5821,10.0216,8884.7126,57.4225,158.2289,140.3023,51.4311,102.8621,129.7286,258.1778,514.3107,1008.3546,77.1466,0.0,5.0,9.802971,1.403346,17,104,92,7,0.24757185,0.01053293,0.02940797,0E-8,0.000000,0.915834,0.000000,-0.02508550,2026-05-12,2026-08-06,71,663,310,87,0.816092,1.127771,1.096139,0.825239,,,,,,,,GLOBAL_BASELINE_NO_ENTITY_RANKING,,,NOT_APPLICABLE_GLOBAL_BASELINE,HF9g-P5,,,,X 全窗基线 · 不参与实体赏罚,14193778,1420,A168_HF9F_20260827_0900,2026-08-27 09:00:00
2026-07-17,137070871,1094,0,154.9066687321,46.4720006197,46.4720006197,0.5000000,2,2,0.50665070000000000,0.506650700000,-0.018812684590367487,-0.018812684590367487,-0.018812684590367487,0E-17,ELIGIBLE,R03b_20260811_FULL_v1,L1_ELIGIBILITY,v2026-08-11,2026-03-21..2026-08-06,baccarat_bet02_101_all_pairs_incl_sentinel,round_win = game_pnl > 0 (decisive only),COMPATIBILITY_ONLY_NOT_PRODUCTION,630814.5920,577721.2471,6644.3283,4370,4077,-0.01053293,-0.02940797,-0.00432247,-0.01053293,-6644.3283,630814.5920,OK,0.0000,265.7731,4.0000,96.0000,AG03-UNRESOLVED,ALL5_LEVELS_bet23_to_bet27,265.7731,265.7731,265.7731,332.2164,332.2164,4.000000,4.000000,4.000000,5.000000,5.000000,96.000000,96.000000,96.000000,95.000000,95.000000,5.0,1461.7522,1339.0033,5182.5761,5305.325,PENDING_AG03,FALSE,NOT_FOR_ENFORCEMENT,6378.5552,554612.3973,6644.3283,6378.5552,265.7731,0.01053293,0.01011162,265.7731,6378.5552,0.01011162,265.7731,265.7731,265.7731,332.2164,332.2164,6378.5552,0.01011162,1461.7522,1339.0033,5182.5761,5305.325,0.00821569,0.00841028,0.00042132,144.3512,141.7025,1.6297,93.5821,10.0216,8884.7126,57.4225,158.2289,140.3023,51.4311,102.8621,129.7286,258.1778,514.3107,1008.3546,77.1466,0.0,5.0,9.802971,1.403346,17,104,92,7,0.24757185,0.01053293,0.02940797,0E-8,0.000000,0.915834,0.000000,-0.02508550,2026-05-12,2026-08-06,71,663,310,87,0.816092,1.127771,1.096139,0.825239,,,,,,,,GLOBAL_BASELINE_NO_ENTITY_RANKING,,,NOT_APPLICABLE_GLOBAL_BASELINE,HF9g-P5,,,,X 全窗基线 · 不参与实体赏罚,14193779,1420,A168_HF9F_20260827_0900,2026-08-27 09:00:00
2026-07-17,137070871,1306,0,51.6355562440,-51.6355562440,-51.6355562440,0E-7,1,1,0.50665070000000000,0.506650700000,-1.013391052207602,-1.013391052207602,-1.013391052207602,0E-17,ELIGIBLE,R03b_20260811_FULL_v1,L1_ELIGIBILITY,v2026-08-11,2026-03-21..2026-08-06,baccarat_bet02_101_all_pairs_incl_sentinel,round_win = game_pnl > 0 (decisive only),COMPATIBILITY_ONLY_NOT_PRODUCTION,630814.5920,577721.2471,6644.3283,4370,4077,-0.01053293,-0.02940797,-0.00432247,-0.01053293,-6644.3283,630814.5920,OK,0.0000,265.7731,4.0000,96.0000,AG03-UNRESOLVED,ALL5_LEVELS_bet23_to_bet27,265.7731,265.7731,265.7731,332.2164,332.2164,4.000000,4.000000,4.000000,5.000000,5.000000,96.000000,96.000000,96.000000,95.000000,95.000000,5.0,1461.7522,1339.0033,5182.5761,5305.325,PENDING_AG03,FALSE,NOT_FOR_ENFORCEMENT,6378.5552,554612.3973,6644.3283,6378.5552,265.7731,0.01053293,0.01011162,265.7731,6378.5552,0.01011162,265.7731,265.7731,265.7731,332.2164,332.2164,6378.5552,0.01011162,1461.7522,1339.0033,5182.5761,5305.325,0.00821569,0.00841028,0.00042132,144.3512,141.7025,1.6297,93.5821,10.0216,8884.7126,57.4225,158.2289,140.3023,51.4311,102.8621,129.7286,258.1778,514.3107,1008.3546,77.1466,0.0,5.0,9.802971,1.403346,17,104,92,7,0.24757185,0.01053293,0.02940797,0E-8,0.000000,0.915834,0.000000,-0.02508550,2026-05-12,2026-08-06,71,663,310,87,0.816092,1.127771,1.096139,0.825239,,,,,,,,GLOBAL_BASELINE_NO_ENTITY_RANKING,,,NOT_APPLICABLE_GLOBAL_BASELINE,HF9g-P5,,,,X 全窗基线 · 不参与实体赏罚,14193780,1420,A168_HF9F_20260827_0900,2026-08-27 09:00:00
2026-07-17,137070871,1307,0,671.2622311722,136.8342240468,136.8342240468,0.5000000,10,10,0.50396966000000000,0.503969660000,-0.02510712557163591,-0.02510712557163591,-0.02510712557163591,0E-17,ELIGIBLE,R03b_20260811_FULL_v1,L1_ELIGIBILITY,v2026-08-11,2026-03-21..2026-08-06,baccarat_bet02_101_all_pairs_incl_sentinel,round_win = game_pnl > 0 (decisive only),COMPATIBILITY_ONLY_NOT_PRODUCTION,630814.5920,577721.2471,6644.3283,4370,4077,-0.01053293,-0.02940797,-0.00432247,-0.01053293,-6644.3283,630814.5920,OK,0.0000,265.7731,4.0000,96.0000,AG03-UNRESOLVED,ALL5_LEVELS_bet23_to_bet27,265.7731,265.7731,265.7731,332.2164,332.2164,4.000000,4.000000,4.000000,5.000000,5.000000,96.000000,96.000000,96.000000,95.000000,95.000000,5.0,1461.7522,1339.0033,5182.5761,5305.325,PENDING_AG03,FALSE,NOT_FOR_ENFORCEMENT,6378.5552,554612.3973,6644.3283,6378.5552,265.7731,0.01053293,0.01011162,265.7731,6378.5552,0.01011162,265.7731,265.7731,265.7731,332.2164,332.2164,6378.5552,0.01011162,1461.7522,1339.0033,5182.5761,5305.325,0.00821569,0.00841028,0.00042132,144.3512,141.7025,1.6297,93.5821,10.0216,8884.7126,57.4225,158.2289,140.3023,51.4311,102.8621,129.7286,258.1778,514.3107,1008.3546,77.1466,0.0,5.0,9.802971,1.403346,17,104,92,7,0.24757185,0.01053293,0.02940797,0E-8,0.000000,0.915834,0.000000,-0.02508550,2026-05-12,2026-08-06,71,663,310,87,0.816092,1.127771,1.096139,0.825239,,,,,,,,GLOBAL_BASELINE_NO_ENTITY_RANKING,,,NOT_APPLICABLE_GLOBAL_BASELINE,HF9g-P5,,,,X 全窗基线 · 不参与实体赏罚,14193781,1420,A168_HF9F_20260827_0900,2026-08-27 09:00:00
2026-07-17,137070871,1331,0,464.7200061963,441.4840058865,441.4840058865,1.0000000,5,5,0.50665070000000000,0.506650700000,2.2065203483183233,2.2065203483183233,2.2065203483183233,0E-17,ELIGIBLE,R03b_20260811_FULL_v1,L1_ELIGIBILITY,v2026-08-11,2026-03-21..2026-08-06,baccarat_bet02_101_all_pairs_incl_sentinel,round_win = game_pnl > 0 (decisive only),COMPATIBILITY_ONLY_NOT_PRODUCTION,630814.5920,577721.2471,6644.3283,4370,4077,-0.01053293,-0.02940797,-0.00432247,-0.01053293,-6644.3283,630814.5920,OK,0.0000,265.7731,4.0000,96.0000,AG03-UNRESOLVED,ALL5_LEVELS_bet23_to_bet27,265.7731,265.7731,265.7731,332.2164,332.2164,4.000000,4.000000,4.000000,5.000000,5.000000,96.000000,96.000000,96.000000,95.000000,95.000000,5.0,1461.7522,1339.0033,5182.5761,5305.325,PENDING_AG03,FALSE,NOT_FOR_ENFORCEMENT,6378.5552,554612.3973,6644.3283,6378.5552,265.7731,0.01053293,0.01011162,265.7731,6378.5552,0.01011162,265.7731,265.7731,265.7731,332.2164,332.2164,6378.5552,0.01011162,1461.7522,1339.0033,5182.5761,5305.325,0.00821569,0.00841028,0.00042132,144.3512,141.7025,1.6297,93.5821,10.0216,8884.7126,57.4225,158.2289,140.3023,51.4311,102.8621,129.7286,258.1778,514.3107,1008.3546,77.1466,0.0,5.0,9.802971,1.403346,17,104,92,7,0.24757185,0.01053293,0.02940797,0E-8,0.000000,0.915834,0.000000,-0.02508550,2026-05-12,2026-08-06,71,663,310,87,0.816092,1.127771,1.096139,0.825239,,,,,,,,GLOBAL_BASELINE_NO_ENTITY_RANKING,,,NOT_APPLICABLE_GLOBAL_BASELINE,HF9g-P5,,,,X 全窗基线 · 不参与实体赏罚,14193782,1420,A168_HF9F_20260827_0900,2026-08-27 09:00:00
2026-07-17,137070871,1402,0,103.2711124880,-103.2711124880,-103.2711124880,0E-7,2,2,0.49994810000000000,0.499948100000,-1.4140667746232096,-1.4140667746232096,-1.4140667746232096,0E-17,ELIGIBLE,R03b_20260811_FULL_v1,L1_ELIGIBILITY,v2026-08-11,2026-03-21..2026-08-06,baccarat_bet02_101_all_pairs_incl_sentinel,round_win = game_pnl > 0 (decisive only),COMPATIBILITY_ONLY_NOT_PRODUCTION,630814.5920,577721.2471,6644.3283,4370,4077,-0.01053293,-0.02940797,-0.00432247,-0.01053293,-6644.3283,630814.5920,OK,0.0000,265.7731,4.0000,96.0000,AG03-UNRESOLVED,ALL5_LEVELS_bet23_to_bet27,265.7731,265.7731,265.7731,332.2164,332.2164,4.000000,4.000000,4.000000,5.000000,5.000000,96.000000,96.000000,96.000000,95.000000,95.000000,5.0,1461.7522,1339.0033,5182.5761,5305.325,PENDING_AG03,FALSE,NOT_FOR_ENFORCEMENT,6378.5552,554612.3973,6644.3283,6378.5552,265.7731,0.01053293,0.01011162,265.7731,6378.5552,0.01011162,265.7731,265.7731,265.7731,332.2164,332.2164,6378.5552,0.01011162,1461.7522,1339.0033,5182.5761,5305.325,0.00821569,0.00841028,0.00042132,144.3512,141.7025,1.6297,93.5821,10.0216,8884.7126,57.4225,158.2289,140.3023,51.4311,102.8621,129.7286,258.1778,514.3107,1008.3546,77.1466,0.0,5.0,9.802971,1.403346,17,104,92,7,0.24757185,0.01053293,0.02940797,0E-8,0.000000,0.915834,0.000000,-0.02508550,2026-05-12,2026-08-06,71,663,310,87,0.816092,1.127771,1.096139,0.825239,,,,,,,,GLOBAL_BASELINE_NO_ENTITY_RANKING,,,NOT_APPLICABLE_GLOBAL_BASELINE,HF9g-P5,,,,X 全窗基线 · 不参与实体赏罚,14193783,1420,A168_HF9F_20260827_0900,2026-08-27 09:00:00
2026-07-17,137070871,2093,0,154.9066687320,-51.6355562440,-51.6355562440,0.3333333,3,3,0.50218230000000000,0.502182300000,-0.5849155494134425,-0.5849155494134426,-0.5849155494134425,0E-17,ELIGIBLE,R03b_20260811_FULL_v1,L1_ELIGIBILITY,v2026-08-11,2026-03-21..2026-08-06,baccarat_bet02_101_all_pairs_incl_sentinel,round_win = game_pnl > 0 (decisive only),COMPATIBILITY_ONLY_NOT_PRODUCTION,630814.5920,577721.2471,6644.3283,4370,4077,-0.01053293,-0.02940797,-0.00432247,-0.01053293,-6644.3283,630814.5920,OK,0.0000,265.7731,4.0000,96.0000,AG03-UNRESOLVED,ALL5_LEVELS_bet23_to_bet27,265.7731,265.7731,265.7731,332.2164,332.2164,4.000000,4.000000,4.000000,5.000000,5.000000,96.000000,96.000000,96.000000,95.000000,95.000000,5.0,1461.7522,1339.0033,5182.5761,5305.325,PENDING_AG03,FALSE,NOT_FOR_ENFORCEMENT,6378.5552,554612.3973,6644.3283,6378.5552,265.7731,0.01053293,0.01011162,265.7731,6378.5552,0.01011162,265.7731,265.7731,265.7731,332.2164,332.2164,6378.5552,0.01011162,1461.7522,1339.0033,5182.5761,5305.325,0.00821569,0.00841028,0.00042132,144.3512,141.7025,1.6297,93.5821,10.0216,8884.7126,57.4225,158.2289,140.3023,51.4311,102.8621,129.7286,258.1778,514.3107,1008.3546,77.1466,0.0,5.0,9.802971,1.403346,17,104,92,7,0.24757185,0.01053293,0.02940797,0E-8,0.000000,0.915834,0.000000,-0.02508550,2026-05-12,2026-08-06,71,663,310,87,0.816092,1.127771,1.096139,0.825239,,,,,,,,GLOBAL_BASELINE_NO_ENTITY_RANKING,,,NOT_APPLICABLE_GLOBAL_BASELINE,HF9g-P5,,,,X 全窗基线 · 不参与实体赏罚,14193784,1420,A168_HF9F_20260827_0900,2026-08-27 09:00:00
2026-07-17,137070871,2103,0,309.8133374642,200.0877804457,200.0877804457,0.6666667,3,3,0.49771390000000000,0.497713900000,0.5852756695216578,0.5852756695216578,0.5852756695216578,0E-17,ELIGIBLE,R03b_20260811_FULL_v1,L1_ELIGIBILITY,v2026-08-11,2026-03-21..2026-08-06,baccarat_bet02_101_all_pairs_incl_sentinel,round_win = game_pnl > 0 (decisive only),COMPATIBILITY_ONLY_NOT_PRODUCTION,630814.5920,577721.2471,6644.3283,4370,4077,-0.01053293,-0.02940797,-0.00432247,-0.01053293,-6644.3283,630814.5920,OK,0.0000,265.7731,4.0000,96.0000,AG03-UNRESOLVED,ALL5_LEVELS_bet23_to_bet27,265.7731,265.7731,265.7731,332.2164,332.2164,4.000000,4.000000,4.000000,5.000000,5.000000,96.000000,96.000000,96.000000,95.000000,95.000000,5.0,1461.7522,1339.0033,5182.5761,5305.325,PENDING_AG03,FALSE,NOT_FOR_ENFORCEMENT,6378.5552,554612.3973,6644.3283,6378.5552,265.7731,0.01053293,0.01011162,265.7731,6378.5552,0.01011162,265.7731,265.7731,265.7731,332.2164,332.2164,6378.5552,0.01011162,1461.7522,1339.0033,5182.5761,5305.325,0.00821569,0.00841028,0.00042132,144.3512,141.7025,1.6297,93.5821,10.0216,8884.7126,57.4225,158.2289,140.3023,51.4311,102.8621,129.7286,258.1778,514.3107,1008.3546,77.1466,0.0,5.0,9.802971,1.403346,17,104,92,7,0.24757185,0.01053293,0.02940797,0E-8,0.000000,0.915834,0.000000,-0.02508550,2026-05-12,2026-08-06,71,663,310,87,0.816092,1.127771,1.096139,0.825239,,,,,,,,GLOBAL_BASELINE_NO_ENTITY_RANKING,,,NOT_APPLICABLE_GLOBAL_BASELINE,HF9g-P5,,,,X 全窗基线 · 不参与实体赏罚,14193785,1420,A168_HF9F_20260827_0900,2026-08-27 09:00:00
2026-07-17,137070871,2127,0,103.2711124880,-2.5817778122,-2.5817778122,0.5000000,2,2,0.50665070000000000,0.506650700000,-0.018812684590367487,-0.018812684590367487,-0.018812684590367487,0E-17,ELIGIBLE,R03b_20260811_FULL_v1,L1_ELIGIBILITY,v2026-08-11,2026-03-21..2026-08-06,baccarat_bet02_101_all_pairs_incl_sentinel,round_win = game_pnl > 0 (decisive only),COMPATIBILITY_ONLY_NOT_PRODUCTION,630814.5920,577721.2471,6644.3283,4370,4077,-0.01053293,-0.02940797,-0.00432247,-0.01053293,-6644.3283,630814.5920,OK,0.0000,265.7731,4.0000,96.0000,AG03-UNRESOLVED,ALL5_LEVELS_bet23_to_bet27,265.7731,265.7731,265.7731,332.2164,332.2164,4.000000,4.000000,4.000000,5.000000,5.000000,96.000000,96.000000,96.000000,95.000000,95.000000,5.0,1461.7522,1339.0033,5182.5761,5305.325,PENDING_AG03,FALSE,NOT_FOR_ENFORCEMENT,6378.5552,554612.3973,6644.3283,6378.5552,265.7731,0.01053293,0.01011162,265.7731,6378.5552,0.01011162,265.7731,265.7731,265.7731,332.2164,332.2164,6378.5552,0.01011162,1461.7522,1339.0033,5182.5761,5305.325,0.00821569,0.00841028,0.00042132,144.3512,141.7025,1.6297,93.5821,10.0216,8884.7126,57.4225,158.2289,140.3023,51.4311,102.8621,129.7286,258.1778,514.3107,1008.3546,77.1466,0.0,5.0,9.802971,1.403346,17,104,92,7,0.24757185,0.01053293,0.02940797,0E-8,0.000000,0.915834,0.000000,-0.02508550,2026-05-12,2026-08-06,71,663,310,87,0.816092,1.127771,1.096139,0.825239,,,,,,,,GLOBAL_BASELINE_NO_ENTITY_RANKING,,,NOT_APPLICABLE_GLOBAL_BASELINE,HF9g-P5,,,,X 全窗基线 · 不参与实体赏罚,14193786,1420,A168_HF9F_20260827_0900,2026-08-27 09:00:00
2026-07-17,137070871,2170,0,283.9955593421,272.3775591872,272.3775591872,1.0000000,4,4,0.50329940000000000,0.503299400000,1.9868456582349654,1.9868456582349654,1.9868456582349654,0E-17,ELIGIBLE,R03b_20260811_FULL_v1,L1_ELIGIBILITY,v2026-08-11,2026-03-21..2026-08-06,baccarat_bet02_101_all_pairs_incl_sentinel,round_win = game_pnl > 0 (decisive only),COMPATIBILITY_ONLY_NOT_PRODUCTION,630814.5920,577721.2471,6644.3283,4370,4077,-0.01053293,-0.02940797,-0.00432247,-0.01053293,-6644.3283,630814.5920,OK,0.0000,265.7731,4.0000,96.0000,AG03-UNRESOLVED,ALL5_LEVELS_bet23_to_bet27,265.7731,265.7731,265.7731,332.2164,332.2164,4.000000,4.000000,4.000000,5.000000,5.000000,96.000000,96.000000,96.000000,95.000000,95.000000,5.0,1461.7522,1339.0033,5182.5761,5305.325,PENDING_AG03,FALSE,NOT_FOR_ENFORCEMENT,6378.5552,554612.3973,6644.3283,6378.5552,265.7731,0.01053293,0.01011162,265.7731,6378.5552,0.01011162,265.7731,265.7731,265.7731,332.2164,332.2164,6378.5552,0.01011162,1461.7522,1339.0033,5182.5761,5305.325,0.00821569,0.00841028,0.00042132,144.3512,141.7025,1.6297,93.5821,10.0216,8884.7126,57.4225,158.2289,140.3023,51.4311,102.8621,129.7286,258.1778,514.3107,1008.3546,77.1466,0.0,5.0,9.802971,1.403346,17,104,92,7,0.24757185,0.01053293,0.02940797,0E-8,0.000000,0.915834,0.000000,-0.02508550,2026-05-12,2026-08-06,71,663,310,87,0.816092,1.127771,1.096139,0.825239,,,,,,,,GLOBAL_BASELINE_NO_ENTITY_RANKING,,,NOT_APPLICABLE_GLOBAL_BASELINE,HF9g-P5,,,,X 全窗基线 · 不参与实体赏罚,14193787,1420,A168_HF9F_20260827_0900,2026-08-27 09:00:00
2026-07-17,137070871,2174,0,180.7244468540,-29.6904448403,-29.6904448403,0.3333333,3,3,0.50665070000000000,0.506650700000,-0.6004420894325239,-0.6004420894325239,-0.6004420894325239,0E-17,ELIGIBLE,R03b_20260811_FULL_v1,L1_ELIGIBILITY,v2026-08-11,2026-03-21..2026-08-06,baccarat_bet02_101_all_pairs_incl_sentinel,round_win = game_pnl > 0 (decisive only),COMPATIBILITY_ONLY_NOT_PRODUCTION,630814.5920,577721.2471,6644.3283,4370,4077,-0.01053293,-0.02940797,-0.00432247,-0.01053293,-6644.3283,630814.5920,OK,0.0000,265.7731,4.0000,96.0000,AG03-UNRESOLVED,ALL5_LEVELS_bet23_to_bet27,265.7731,265.7731,265.7731,332.2164,332.2164,4.000000,4.000000,4.000000,5.000000,5.000000,96.000000,96.000000,96.000000,95.000000,95.000000,5.0,1461.7522,1339.0033,5182.5761,5305.325,PENDING_AG03,FALSE,NOT_FOR_ENFORCEMENT,6378.5552,554612.3973,6644.3283,6378.5552,265.7731,0.01053293,0.01011162,265.7731,6378.5552,0.01011162,265.7731,265.7731,265.7731,332.2164,332.2164,6378.5552,0.01011162,1461.7522,1339.0033,5182.5761,5305.325,0.00821569,0.00841028,0.00042132,144.3512,141.7025,1.6297,93.5821,10.0216,8884.7126,57.4225,158.2289,140.3023,51.4311,102.8621,129.7286,258.1778,514.3107,1008.3546,77.1466,0.0,5.0,9.802971,1.403346,17,104,92,7,0.24757185,0.01053293,0.02940797,0E-8,0.000000,0.915834,0.000000,-0.02508550,2026-05-12,2026-08-06,71,663,310,87,0.816092,1.127771,1.096139,0.825239,,,,,,,,GLOBAL_BASELINE_NO_ENTITY_RANKING,,,NOT_APPLICABLE_GLOBAL_BASELINE,HF9g-P5,,,,X 全窗基线 · 不参与实体赏罚,14193788,1420,A168_HF9F_20260827_0900,2026-08-27 09:00:00
2026-07-17,137070871,2233,0,851.9866780265,316.2677819946,316.2677819946,0.7142857,7,7,0.50090561428571429,0.500905614286,1.129103210700875,1.1291032106993646,1.129103210700875,-2.8571E-13,ELIGIBLE,R03b_20260811_FULL_v1,L1_ELIGIBILITY,v2026-08-11,2026-03-21..2026-08-06,baccarat_bet02_101_all_pairs_incl_sentinel,round_win = game_pnl > 0 (decisive only),COMPATIBILITY_ONLY_NOT_PRODUCTION,630814.5920,577721.2471,6644.3283,4370,4077,-0.01053293,-0.02940797,-0.00432247,-0.01053293,-6644.3283,630814.5920,OK,0.0000,265.7731,4.0000,96.0000,AG03-UNRESOLVED,ALL5_LEVELS_bet23_to_bet27,265.7731,265.7731,265.7731,332.2164,332.2164,4.000000,4.000000,4.000000,5.000000,5.000000,96.000000,96.000000,96.000000,95.000000,95.000000,5.0,1461.7522,1339.0033,5182.5761,5305.325,PENDING_AG03,FALSE,NOT_FOR_ENFORCEMENT,6378.5552,554612.3973,6644.3283,6378.5552,265.7731,0.01053293,0.01011162,265.7731,6378.5552,0.01011162,265.7731,265.7731,265.7731,332.2164,332.2164,6378.5552,0.01011162,1461.7522,1339.0033,5182.5761,5305.325,0.00821569,0.00841028,0.00042132,144.3512,141.7025,1.6297,93.5821,10.0216,8884.7126,57.4225,158.2289,140.3023,51.4311,102.8621,129.7286,258.1778,514.3107,1008.3546,77.1466,0.0,5.0,9.802971,1.403346,17,104,92,7,0.24757185,0.01053293,0.02940797,0E-8,0.000000,0.915834,0.000000,-0.02508550,2026-05-12,2026-08-06,71,663,310,87,0.816092,1.127771,1.096139,0.825239,,,,,,,,GLOBAL_BASELINE_NO_ENTITY_RANKING,,,NOT_APPLICABLE_GLOBAL_BASELINE,HF9g-P5,,,,X 全窗基线 · 不参与实体赏罚,14193789,1420,A168_HF9F_20260827_0900,2026-08-27 09:00:00
2026-07-17,137070871,2246,0,658.3533421114,207.1876694290,207.1876694290,0.8571429,9,9,0.50367176666666667,0.503671766667,1.870443636939199,1.8704436369374446,1.870443636939199,-3.3333E-13,ELIGIBLE,R03b_20260811_FULL_v1,L1_ELIGIBILITY,v2026-08-11,2026-03-21..2026-08-06,baccarat_bet02_101_all_pairs_incl_sentinel,round_win = game_pnl > 0 (decisive only),COMPATIBILITY_ONLY_NOT_PRODUCTION,630814.5920,577721.2471,6644.3283,4370,4077,-0.01053293,-0.02940797,-0.00432247,-0.01053293,-6644.3283,630814.5920,OK,0.0000,265.7731,4.0000,96.0000,AG03-UNRESOLVED,ALL5_LEVELS_bet23_to_bet27,265.7731,265.7731,265.7731,332.2164,332.2164,4.000000,4.000000,4.000000,5.000000,5.000000,96.000000,96.000000,96.000000,95.000000,95.000000,5.0,1461.7522,1339.0033,5182.5761,5305.325,PENDING_AG03,FALSE,NOT_FOR_ENFORCEMENT,6378.5552,554612.3973,6644.3283,6378.5552,265.7731,0.01053293,0.01011162,265.7731,6378.5552,0.01011162,265.7731,265.7731,265.7731,332.2164,332.2164,6378.5552,0.01011162,1461.7522,1339.0033,5182.5761,5305.325,0.00821569,0.00841028,0.00042132,144.3512,141.7025,1.6297,93.5821,10.0216,8884.7126,57.4225,158.2289,140.3023,51.4311,102.8621,129.7286,258.1778,514.3107,1008.3546,77.1466,0.0,5.0,9.802971,1.403346,17,104,92,7,0.24757185,0.01053293,0.02940797,0E-8,0.000000,0.915834,0.000000,-0.02508550,2026-05-12,2026-08-06,71,663,310,87,0.816092,1.127771,1.096139,0.825239,,,,,,,,GLOBAL_BASELINE_NO_ENTITY_RANKING,,,NOT_APPLICABLE_GLOBAL_BASELINE,HF9g-P5,,,,X 全窗基线 · 不参与实体赏罚,14193790,1420,A168_HF9F_20260827_0900,2026-08-27 09:00:00
2026-07-17,137070871,2281,0,774.5333436605,-6.4544445305,-6.4544445305,0.5000000,5,5,0.50128862000000000,0.501288620000,-0.0051544971185412255,-0.0051544971185412255,-0.0051544971185412255,0E-17,ELIGIBLE,R03b_20260811_FULL_v1,L1_ELIGIBILITY,v2026-08-11,2026-03-21..2026-08-06,baccarat_bet02_101_all_pairs_incl_sentinel,round_win = game_pnl > 0 (decisive only),COMPATIBILITY_ONLY_NOT_PRODUCTION,630814.5920,577721.2471,6644.3283,4370,4077,-0.01053293,-0.02940797,-0.00432247,-0.01053293,-6644.3283,630814.5920,OK,0.0000,265.7731,4.0000,96.0000,AG03-UNRESOLVED,ALL5_LEVELS_bet23_to_bet27,265.7731,265.7731,265.7731,332.2164,332.2164,4.000000,4.000000,4.000000,5.000000,5.000000,96.000000,96.000000,96.000000,95.000000,95.000000,5.0,1461.7522,1339.0033,5182.5761,5305.325,PENDING_AG03,FALSE,NOT_FOR_ENFORCEMENT,6378.5552,554612.3973,6644.3283,6378.5552,265.7731,0.01053293,0.01011162,265.7731,6378.5552,0.01011162,265.7731,265.7731,265.7731,332.2164,332.2164,6378.5552,0.01011162,1461.7522,1339.0033,5182.5761,5305.325,0.00821569,0.00841028,0.00042132,144.3512,141.7025,1.6297,93.5821,10.0216,8884.7126,57.4225,158.2289,140.3023,51.4311,102.8621,129.7286,258.1778,514.3107,1008.3546,77.1466,0.0,5.0,9.802971,1.403346,17,104,92,7,0.24757185,0.01053293,0.02940797,0E-8,0.000000,0.915834,0.000000,-0.02508550,2026-05-12,2026-08-06,71,663,310,87,0.816092,1.127771,1.096139,0.825239,,,,,,,,GLOBAL_BASELINE_NO_ENTITY_RANKING,,,NOT_APPLICABLE_GLOBAL_BASELINE,HF9g-P5,,,,X 全窗基线 · 不参与实体赏罚,14193791,1420,A168_HF9F_20260827_0900,2026-08-27 09:00:00
2026-07-18,137070871,1210,0,90.3622234270,61.3172230398,61.3172230398,0.7500000,4,4,0.50329940000000000,0.503299400000,0.9868238854431842,0.9868238854431842,0.9868238854431842,0E-17,ELIGIBLE,R03b_20260811_FULL_v1,L1_ELIGIBILITY,v2026-08-11,2026-03-21..2026-08-06,baccarat_bet02_101_all_pairs_incl_sentinel,round_win = game_pnl > 0 (decisive only),COMPATIBILITY_ONLY_NOT_PRODUCTION,630814.5920,577721.2471,6644.3283,4370,4077,-0.01053293,-0.02940797,-0.00432247,-0.01053293,-6644.3283,630814.5920,OK,0.0000,265.7731,4.0000,96.0000,AG03-UNRESOLVED,ALL5_LEVELS_bet23_to_bet27,265.7731,265.7731,265.7731,332.2164,332.2164,4.000000,4.000000,4.000000,5.000000,5.000000,96.000000,96.000000,96.000000,95.000000,95.000000,5.0,1461.7522,1339.0033,5182.5761,5305.325,PENDING_AG03,FALSE,NOT_FOR_ENFORCEMENT,6378.5552,554612.3973,6644.3283,6378.5552,265.7731,0.01053293,0.01011162,265.7731,6378.5552,0.01011162,265.7731,265.7731,265.7731,332.2164,332.2164,6378.5552,0.01011162,1461.7522,1339.0033,5182.5761,5305.325,0.00821569,0.00841028,0.00042132,144.3512,141.7025,1.6297,93.5821,10.0216,8884.7126,57.4225,158.2289,140.3023,51.4311,102.8621,129.7286,258.1778,514.3107,1008.3546,77.1466,0.0,5.0,9.802971,1.403346,17,104,92,7,0.24757185,0.01053293,0.02940797,0E-8,0.000000,0.915834,0.000000,-0.02508550,2026-05-12,2026-08-06,71,663,310,87,0.816092,1.127771,1.096139,0.825239,,,,,,,,GLOBAL_BASELINE_NO_ENTITY_RANKING,,,NOT_APPLICABLE_GLOBAL_BASELINE,HF9g-P5,,,,X 全窗基线 · 不参与实体赏罚,14193792,1420,A168_HF9F_20260827_0900,2026-08-27 09:00:00
2026-07-18,137070871,1307,0,258.1777812201,245.2688921591,245.2688921591,1.0000000,1,1,0.50665070000000000,0.506650700000,0.9867858985152569,0.9867858985152569,0.9867858985152569,0E-17,ELIGIBLE,R03b_20260811_FULL_v1,L1_ELIGIBILITY,v2026-08-11,2026-03-21..2026-08-06,baccarat_bet02_101_all_pairs_incl_sentinel,round_win = game_pnl > 0 (decisive only),COMPATIBILITY_ONLY_NOT_PRODUCTION,630814.5920,577721.2471,6644.3283,4370,4077,-0.01053293,-0.02940797,-0.00432247,-0.01053293,-6644.3283,630814.5920,OK,0.0000,265.7731,4.0000,96.0000,AG03-UNRESOLVED,ALL5_LEVELS_bet23_to_bet27,265.7731,265.7731,265.7731,332.2164,332.2164,4.000000,4.000000,4.000000,5.000000,5.000000,96.000000,96.000000,96.000000,95.000000,95.000000,5.0,1461.7522,1339.0033,5182.5761,5305.325,PENDING_AG03,FALSE,NOT_FOR_ENFORCEMENT,6378.5552,554612.3973,6644.3283,6378.5552,265.7731,0.01053293,0.01011162,265.7731,6378.5552,0.01011162,265.7731,265.7731,265.7731,332.2164,332.2164,6378.5552,0.01011162,1461.7522,1339.0033,5182.5761,5305.325,0.00821569,0.00841028,0.00042132,144.3512,141.7025,1.6297,93.5821,10.0216,8884.7126,57.4225,158.2289,140.3023,51.4311,102.8621,129.7286,258.1778,514.3107,1008.3546,77.1466,0.0,5.0,9.802971,1.403346,17,104,92,7,0.24757185,0.01053293,0.02940797,0E-8,0.000000,0.915834,0.000000,-0.02508550,2026-05-12,2026-08-06,71,663,310,87,0.816092,1.127771,1.096139,0.825239,,,,,,,,GLOBAL_BASELINE_NO_ENTITY_RANKING,,,NOT_APPLICABLE_GLOBAL_BASELINE,HF9g-P5,,,,X 全窗基线 · 不参与实体赏罚,14193793,1420,A168_HF9F_20260827_0900,2026-08-27 09:00:00
2026-07-18,137070871,1374,0,1419.9777967111,219.4511140372,219.4511140372,0.6000000,11,11,0.50543204545454545,0.505432045455,0.5981355596082979,0.5981355596054287,0.5981355596082979,-4.5455E-13,ELIGIBLE,R03b_20260811_FULL_v1,L1_ELIGIBILITY,v2026-08-11,2026-03-21..2026-08-06,baccarat_bet02_101_all_pairs_incl_sentinel,round_win = game_pnl > 0 (decisive only),COMPATIBILITY_ONLY_NOT_PRODUCTION,630814.5920,577721.2471,6644.3283,4370,4077,-0.01053293,-0.02940797,-0.00432247,-0.01053293,-6644.3283,630814.5920,OK,0.0000,265.7731,4.0000,96.0000,AG03-UNRESOLVED,ALL5_LEVELS_bet23_to_bet27,265.7731,265.7731,265.7731,332.2164,332.2164,4.000000,4.000000,4.000000,5.000000,5.000000,96.000000,96.000000,96.000000,95.000000,95.000000,5.0,1461.7522,1339.0033,5182.5761,5305.325,PENDING_AG03,FALSE,NOT_FOR_ENFORCEMENT,6378.5552,554612.3973,6644.3283,6378.5552,265.7731,0.01053293,0.01011162,265.7731,6378.5552,0.01011162,265.7731,265.7731,265.7731,332.2164,332.2164,6378.5552,0.01011162,1461.7522,1339.0033,5182.5761,5305.325,0.00821569,0.00841028,0.00042132,144.3512,141.7025,1.6297,93.5821,10.0216,8884.7126,57.4225,158.2289,140.3023,51.4311,102.8621,129.7286,258.1778,514.3107,1008.3546,77.1466,0.0,5.0,9.802971,1.403346,17,104,92,7,0.24757185,0.01053293,0.02940797,0E-8,0.000000,0.915834,0.000000,-0.02508550,2026-05-12,2026-08-06,71,663,310,87,0.816092,1.127771,1.096139,0.825239,,,,,,,,GLOBAL_BASELINE_NO_ENTITY_RANKING,,,NOT_APPLICABLE_GLOBAL_BASELINE,HF9g-P5,,,,X 全窗基线 · 不参与实体赏罚,14193794,1420,A168_HF9F_20260827_0900,2026-08-27 09:00:00
2026-07-18,137070871,1505,0,103.2711124880,-103.2711124880,-103.2711124880,0E-7,2,2,0.50665070000000000,0.506650700000,-1.4331513700195317,-1.4331513700195317,-1.4331513700195317,0E-17,ELIGIBLE,R03b_20260811_FULL_v1,L1_ELIGIBILITY,v2026-08-11,2026-03-21..2026-08-06,baccarat_bet02_101_all_pairs_incl_sentinel,round_win = game_pnl > 0 (decisive only),COMPATIBILITY_ONLY_NOT_PRODUCTION,630814.5920,577721.2471,6644.3283,4370,4077,-0.01053293,-0.02940797,-0.00432247,-0.01053293,-6644.3283,630814.5920,OK,0.0000,265.7731,4.0000,96.0000,AG03-UNRESOLVED,ALL5_LEVELS_bet23_to_bet27,265.7731,265.7731,265.7731,332.2164,332.2164,4.000000,4.000000,4.000000,5.000000,5.000000,96.000000,96.000000,96.000000,95.000000,95.000000,5.0,1461.7522,1339.0033,5182.5761,5305.325,PENDING_AG03,FALSE,NOT_FOR_ENFORCEMENT,6378.5552,554612.3973,6644.3283,6378.5552,265.7731,0.01053293,0.01011162,265.7731,6378.5552,0.01011162,265.7731,265.7731,265.7731,332.2164,332.2164,6378.5552,0.01011162,1461.7522,1339.0033,5182.5761,5305.325,0.00821569,0.00841028,0.00042132,144.3512,141.7025,1.6297,93.5821,10.0216,8884.7126,57.4225,158.2289,140.3023,51.4311,102.8621,129.7286,258.1778,514.3107,1008.3546,77.1466,0.0,5.0,9.802971,1.403346,17,104,92,7,0.24757185,0.01053293,0.02940797,0E-8,0.000000,0.915834,0.000000,-0.02508550,2026-05-12,2026-08-06,71,663,310,87,0.816092,1.127771,1.096139,0.825239,,,,,,,,GLOBAL_BASELINE_NO_ENTITY_RANKING,,,NOT_APPLICABLE_GLOBAL_BASELINE,HF9g-P5,,,,X 全窗基线 · 不参与实体赏罚,14193795,1420,A168_HF9F_20260827_0900,2026-08-27 09:00:00
2026-07-18,137070871,2093,0,258.1777812200,47.7628895257,47.7628895257,0.5555556,9,9,0.50218230000000000,0.502182300000,0.3202425836157423,0.3202425836157423,0.3202425836157423,0E-17,ELIGIBLE,R03b_20260811_FULL_v1,L1_ELIGIBILITY,v2026-08-11,2026-03-21..2026-08-06,baccarat_bet02_101_all_pairs_incl_sentinel,round_win = game_pnl > 0 (decisive only),COMPATIBILITY_ONLY_NOT_PRODUCTION,630814.5920,577721.2471,6644.3283,4370,4077,-0.01053293,-0.02940797,-0.00432247,-0.01053293,-6644.3283,630814.5920,OK,0.0000,265.7731,4.0000,96.0000,AG03-UNRESOLVED,ALL5_LEVELS_bet23_to_bet27,265.7731,265.7731,265.7731,332.2164,332.2164,4.000000,4.000000,4.000000,5.000000,5.000000,96.000000,96.000000,96.000000,95.000000,95.000000,5.0,1461.7522,1339.0033,5182.5761,5305.325,PENDING_AG03,FALSE,NOT_FOR_ENFORCEMENT,6378.5552,554612.3973,6644.3283,6378.5552,265.7731,0.01053293,0.01011162,265.7731,6378.5552,0.01011162,265.7731,265.7731,265.7731,332.2164,332.2164,6378.5552,0.01011162,1461.7522,1339.0033,5182.5761,5305.325,0.00821569,0.00841028,0.00042132,144.3512,141.7025,1.6297,93.5821,10.0216,8884.7126,57.4225,158.2289,140.3023,51.4311,102.8621,129.7286,258.1778,514.3107,1008.3546,77.1466,0.0,5.0,9.802971,1.403346,17,104,92,7,0.24757185,0.01053293,0.02940797,0E-8,0.000000,0.915834,0.000000,-0.02508550,2026-05-12,2026-08-06,71,663,310,87,0.816092,1.127771,1.096139,0.825239,,,,,,,,GLOBAL_BASELINE_NO_ENTITY_RANKING,,,NOT_APPLICABLE_GLOBAL_BASELINE,HF9g-P5,,,,X 全窗基线 · 不参与实体赏罚,14193796,1420,A168_HF9F_20260827_0900,2026-08-27 09:00:00
2026-07-19,137070871,1325,0,198.7968915395,-98.1075568637,-98.1075568637,0.5000000,3,2,0.48134951315791193,0.403638725000,0.05278827947670442,0.27775789067037676,0.05278827947670442,0.07771078815791193,ELIGIBLE,R03b_20260811_FULL_v1,L1_ELIGIBILITY,v2026-08-11,2026-03-21..2026-08-06,baccarat_bet02_101_all_pairs_incl_sentinel,round_win = game_pnl > 0 (decisive only),COMPATIBILITY_ONLY_NOT_PRODUCTION,630814.5920,577721.2471,6644.3283,4370,4077,-0.01053293,-0.02940797,-0.00432247,-0.01053293,-6644.3283,630814.5920,OK,0.0000,265.7731,4.0000,96.0000,AG03-UNRESOLVED,ALL5_LEVELS_bet23_to_bet27,265.7731,265.7731,265.7731,332.2164,332.2164,4.000000,4.000000,4.000000,5.000000,5.000000,96.000000,96.000000,96.000000,95.000000,95.000000,5.0,1461.7522,1339.0033,5182.5761,5305.325,PENDING_AG03,FALSE,NOT_FOR_ENFORCEMENT,6378.5552,554612.3973,6644.3283,6378.5552,265.7731,0.01053293,0.01011162,265.7731,6378.5552,0.01011162,265.7731,265.7731,265.7731,332.2164,332.2164,6378.5552,0.01011162,1461.7522,1339.0033,5182.5761,5305.325,0.00821569,0.00841028,0.00042132,144.3512,141.7025,1.6297,93.5821,10.0216,8884.7126,57.4225,158.2289,140.3023,51.4311,102.8621,129.7286,258.1778,514.3107,1008.3546,77.1466,0.0,5.0,9.802971,1.403346,17,104,92,7,0.24757185,0.01053293,0.02940797,0E-8,0.000000,0.915834,0.000000,-0.02508550,2026-05-12,2026-08-06,71,663,310,87,0.816092,1.127771,1.096139,0.825239,,,,,,,,GLOBAL_BASELINE_NO_ENTITY_RANKING,,,NOT_APPLICABLE_GLOBAL_BASELINE,HF9g-P5,,,,X 全窗基线 · 不参与实体赏罚,14193797,1420,A168_HF9F_20260827_0900,2026-08-27 09:00:00
2026-07-19,137070871,2142,0,129.0888906101,-129.0888906101,-129.0888906101,0E-7,1,1,0.50665070000000000,0.506650700000,-1.013391052207602,-1.013391052207602,-1.013391052207602,0E-17,ELIGIBLE,R03b_20260811_FULL_v1,L1_ELIGIBILITY,v2026-08-11,2026-03-21..2026-08-06,baccarat_bet02_101_all_pairs_incl_sentinel,round_win = game_pnl > 0 (decisive only),COMPATIBILITY_ONLY_NOT_PRODUCTION,630814.5920,577721.2471,6644.3283,4370,4077,-0.01053293,-0.02940797,-0.00432247,-0.01053293,-6644.3283,630814.5920,OK,0.0000,265.7731,4.0000,96.0000,AG03-UNRESOLVED,ALL5_LEVELS_bet23_to_bet27,265.7731,265.7731,265.7731,332.2164,332.2164,4.000000,4.000000,4.000000,5.000000,5.000000,96.000000,96.000000,96.000000,95.000000,95.000000,5.0,1461.7522,1339.0033,5182.5761,5305.325,PENDING_AG03,FALSE,NOT_FOR_ENFORCEMENT,6378.5552,554612.3973,6644.3283,6378.5552,265.7731,0.01053293,0.01011162,265.7731,6378.5552,0.01011162,265.7731,265.7731,265.7731,332.2164,332.2164,6378.5552,0.01011162,1461.7522,1339.0033,5182.5761,5305.325,0.00821569,0.00841028,0.00042132,144.3512,141.7025,1.6297,93.5821,10.0216,8884.7126,57.4225,158.2289,140.3023,51.4311,102.8621,129.7286,258.1778,514.3107,1008.3546,77.1466,0.0,5.0,9.802971,1.403346,17,104,92,7,0.24757185,0.01053293,0.02940797,0E-8,0.000000,0.915834,0.000000,-0.02508550,2026-05-12,2026-08-06,71,663,310,87,0.816092,1.127771,1.096139,0.825239,,,,,,,,GLOBAL_BASELINE_NO_ENTITY_RANKING,,,NOT_APPLICABLE_GLOBAL_BASELINE,HF9g-P5,,,,X 全窗基线 · 不参与实体赏罚,14193798,1420,A168_HF9F_20260827_0900,2026-08-27 09:00:00
2026-07-19,137070871,2170,0,464.7200061960,98.1075568636,98.1075568636,0.6666667,9,9,0.50069283333333333,0.500692833333,0.8131031852495589,0.8131031852511911,0.8131031852495589,3.3333E-13,ELIGIBLE,R03b_20260811_FULL_v1,L1_ELIGIBILITY,v2026-08-11,2026-03-21..2026-08-06,baccarat_bet02_101_all_pairs_incl_sentinel,round_win = game_pnl > 0 (decisive only),COMPATIBILITY_ONLY_NOT_PRODUCTION,630814.5920,577721.2471,6644.3283,4370,4077,-0.01053293,-0.02940797,-0.00432247,-0.01053293,-6644.3283,630814.5920,OK,0.0000,265.7731,4.0000,96.0000,AG03-UNRESOLVED,ALL5_LEVELS_bet23_to_bet27,265.7731,265.7731,265.7731,332.2164,332.2164,4.000000,4.000000,4.000000,5.000000,5.000000,96.000000,96.000000,96.000000,95.000000,95.000000,5.0,1461.7522,1339.0033,5182.5761,5305.325,PENDING_AG03,FALSE,NOT_FOR_ENFORCEMENT,6378.5552,554612.3973,6644.3283,6378.5552,265.7731,0.01053293,0.01011162,265.7731,6378.5552,0.01011162,265.7731,265.7731,265.7731,332.2164,332.2164,6378.5552,0.01011162,1461.7522,1339.0033,5182.5761,5305.325,0.00821569,0.00841028,0.00042132,144.3512,141.7025,1.6297,93.5821,10.0216,8884.7126,57.4225,158.2289,140.3023,51.4311,102.8621,129.7286,258.1778,514.3107,1008.3546,77.1466,0.0,5.0,9.802971,1.403346,17,104,92,7,0.24757185,0.01053293,0.02940797,0E-8,0.000000,0.915834,0.000000,-0.02508550,2026-05-12,2026-08-06,71,663,310,87,0.816092,1.127771,1.096139,0.825239,,,,,,,,GLOBAL_BASELINE_NO_ENTITY_RANKING,,,NOT_APPLICABLE_GLOBAL_BASELINE,HF9g-P5,,,,X 全窗基线 · 不参与实体赏罚,14193799,1420,A168_HF9F_20260827_0900,2026-08-27 09:00:00
2026-07-19,137070871,2171,0,77.4533343660,-77.4533343660,-77.4533343660,0E-7,1,1,0.50665070000000000,0.506650700000,-1.013391052207602,-1.013391052207602,-1.013391052207602,0E-17,ELIGIBLE,R03b_20260811_FULL_v1,L1_ELIGIBILITY,v2026-08-11,2026-03-21..2026-08-06,baccarat_bet02_101_all_pairs_incl_sentinel,round_win = game_pnl > 0 (decisive only),COMPATIBILITY_ONLY_NOT_PRODUCTION,630814.5920,577721.2471,6644.3283,4370,4077,-0.01053293,-0.02940797,-0.00432247,-0.01053293,-6644.3283,630814.5920,OK,0.0000,265.7731,4.0000,96.0000,AG03-UNRESOLVED,ALL5_LEVELS_bet23_to_bet27,265.7731,265.7731,265.7731,332.2164,332.2164,4.000000,4.000000,4.000000,5.000000,5.000000,96.000000,96.000000,96.000000,95.000000,95.000000,5.0,1461.7522,1339.0033,5182.5761,5305.325,PENDING_AG03,FALSE,NOT_FOR_ENFORCEMENT,6378.5552,554612.3973,6644.3283,6378.5552,265.7731,0.01053293,0.01011162,265.7731,6378.5552,0.01011162,265.7731,265.7731,265.7731,332.2164,332.2164,6378.5552,0.01011162,1461.7522,1339.0033,5182.5761,5305.325,0.00821569,0.00841028,0.00042132,144.3512,141.7025,1.6297,93.5821,10.0216,8884.7126,57.4225,158.2289,140.3023,51.4311,102.8621,129.7286,258.1778,514.3107,1008.3546,77.1466,0.0,5.0,9.802971,1.403346,17,104,92,7,0.24757185,0.01053293,0.02940797,0E-8,0.000000,0.915834,0.000000,-0.02508550,2026-05-12,2026-08-06,71,663,310,87,0.816092,1.127771,1.096139,0.825239,,,,,,,,GLOBAL_BASELINE_NO_ENTITY_RANKING,,,NOT_APPLICABLE_GLOBAL_BASELINE,HF9g-P5,,,,X 全窗基线 · 不参与实体赏罚,14193800,1420,A168_HF9F_20260827_0900,2026-08-27 09:00:00
2026-07-19,137070871,763,0,258.1777812202,-6.4544445305,-6.4544445305,0.5000000,2,2,0.50665070000000000,0.506650700000,-0.018812684590367487,-0.018812684590367487,-0.018812684590367487,0E-17,ELIGIBLE,R03b_20260811_FULL_v1,L1_ELIGIBILITY,v2026-08-11,2026-03-21..2026-08-06,baccarat_bet02_101_all_pairs_incl_sentinel,round_win = game_pnl > 0 (decisive only),COMPATIBILITY_ONLY_NOT_PRODUCTION,630814.5920,577721.2471,6644.3283,4370,4077,-0.01053293,-0.02940797,-0.00432247,-0.01053293,-6644.3283,630814.5920,OK,0.0000,265.7731,4.0000,96.0000,AG03-UNRESOLVED,ALL5_LEVELS_bet23_to_bet27,265.7731,265.7731,265.7731,332.2164,332.2164,4.000000,4.000000,4.000000,5.000000,5.000000,96.000000,96.000000,96.000000,95.000000,95.000000,5.0,1461.7522,1339.0033,5182.5761,5305.325,PENDING_AG03,FALSE,NOT_FOR_ENFORCEMENT,6378.5552,554612.3973,6644.3283,6378.5552,265.7731,0.01053293,0.01011162,265.7731,6378.5552,0.01011162,265.7731,265.7731,265.7731,332.2164,332.2164,6378.5552,0.01011162,1461.7522,1339.0033,5182.5761,5305.325,0.00821569,0.00841028,0.00042132,144.3512,141.7025,1.6297,93.5821,10.0216,8884.7126,57.4225,158.2289,140.3023,51.4311,102.8621,129.7286,258.1778,514.3107,1008.3546,77.1466,0.0,5.0,9.802971,1.403346,17,104,92,7,0.24757185,0.01053293,0.02940797,0E-8,0.000000,0.915834,0.000000,-0.02508550,2026-05-12,2026-08-06,71,663,310,87,0.816092,1.127771,1.096139,0.825239,,,,,,,,GLOBAL_BASELINE_NO_ENTITY_RANKING,,,NOT_APPLICABLE_GLOBAL_BASELINE,HF9g-P5,,,,X 全窗基线 · 不参与实体赏罚,14193801,1420,A168_HF9F_20260827_0900,2026-08-27 09:00:00
2026-07-19,137070871,970,0,567.9911186844,322.7222265253,322.7222265253,0.7500000,5,5,0.50128862000000000,0.501288620000,0.9948488239810122,0.9948488239810122,0.9948488239810122,0E-17,ELIGIBLE,R03b_20260811_FULL_v1,L1_ELIGIBILITY,v2026-08-11,2026-03-21..2026-08-06,baccarat_bet02_101_all_pairs_incl_sentinel,round_win = game_pnl > 0 (decisive only),COMPATIBILITY_ONLY_NOT_PRODUCTION,630814.5920,577721.2471,6644.3283,4370,4077,-0.01053293,-0.02940797,-0.00432247,-0.01053293,-6644.3283,630814.5920,OK,0.0000,265.7731,4.0000,96.0000,AG03-UNRESOLVED,ALL5_LEVELS_bet23_to_bet27,265.7731,265.7731,265.7731,332.2164,332.2164,4.000000,4.000000,4.000000,5.000000,5.000000,96.000000,96.000000,96.000000,95.000000,95.000000,5.0,1461.7522,1339.0033,5182.5761,5305.325,PENDING_AG03,FALSE,NOT_FOR_ENFORCEMENT,6378.5552,554612.3973,6644.3283,6378.5552,265.7731,0.01053293,0.01011162,265.7731,6378.5552,0.01011162,265.7731,265.7731,265.7731,332.2164,332.2164,6378.5552,0.01011162,1461.7522,1339.0033,5182.5761,5305.325,0.00821569,0.00841028,0.00042132,144.3512,141.7025,1.6297,93.5821,10.0216,8884.7126,57.4225,158.2289,140.3023,51.4311,102.8621,129.7286,258.1778,514.3107,1008.3546,77.1466,0.0,5.0,9.802971,1.403346,17,104,92,7,0.24757185,0.01053293,0.02940797,0E-8,0.000000,0.915834,0.000000,-0.02508550,2026-05-12,2026-08-06,71,663,310,87,0.816092,1.127771,1.096139,0.825239,,,,,,,,GLOBAL_BASELINE_NO_ENTITY_RANKING,,,NOT_APPLICABLE_GLOBAL_BASELINE,HF9g-P5,,,,X 全窗基线 · 不参与实体赏罚,14193802,1420,A168_HF9F_20260827_0900,2026-08-27 09:00:00
2026-07-20,137070871,1306,0,1419.9777967111,361.4488937083,361.4488937083,0.6363636,11,11,0.50177608181818182,0.501776081818,0.8927584721289042,0.8927584721301092,0.8927584721289042,1.8182E-13,ELIGIBLE,R03b_20260811_FULL_v1,L1_ELIGIBILITY,v2026-08-11,2026-03-21..2026-08-06,baccarat_bet02_101_all_pairs_incl_sentinel,round_win = game_pnl > 0 (decisive only),COMPATIBILITY_ONLY_NOT_PRODUCTION,630814.5920,577721.2471,6644.3283,4370,4077,-0.01053293,-0.02940797,-0.00432247,-0.01053293,-6644.3283,630814.5920,OK,0.0000,265.7731,4.0000,96.0000,AG03-UNRESOLVED,ALL5_LEVELS_bet23_to_bet27,265.7731,265.7731,265.7731,332.2164,332.2164,4.000000,4.000000,4.000000,5.000000,5.000000,96.000000,96.000000,96.000000,95.000000,95.000000,5.0,1461.7522,1339.0033,5182.5761,5305.325,PENDING_AG03,FALSE,NOT_FOR_ENFORCEMENT,6378.5552,554612.3973,6644.3283,6378.5552,265.7731,0.01053293,0.01011162,265.7731,6378.5552,0.01011162,265.7731,265.7731,265.7731,332.2164,332.2164,6378.5552,0.01011162,1461.7522,1339.0033,5182.5761,5305.325,0.00821569,0.00841028,0.00042132,144.3512,141.7025,1.6297,93.5821,10.0216,8884.7126,57.4225,158.2289,140.3023,51.4311,102.8621,129.7286,258.1778,514.3107,1008.3546,77.1466,0.0,5.0,9.802971,1.403346,17,104,92,7,0.24757185,0.01053293,0.02940797,0E-8,0.000000,0.915834,0.000000,-0.02508550,2026-05-12,2026-08-06,71,663,310,87,0.816092,1.127771,1.096139,0.825239,,,,,,,,GLOBAL_BASELINE_NO_ENTITY_RANKING,,,NOT_APPLICABLE_GLOBAL_BASELINE,HF9g-P5,,,,X 全窗基线 · 不参与实体赏罚,14193803,1420,A168_HF9F_20260827_0900,2026-08-27 09:00:00
2026-07-20,137070871,1401,0,451.8111171352,-451.8111171352,-451.8111171352,0E-7,2,2,0.49994810000000000,0.499948100000,-1.4140667746232096,-1.4140667746232096,-1.4140667746232096,0E-17,ELIGIBLE,R03b_20260811_FULL_v1,L1_ELIGIBILITY,v2026-08-11,2026-03-21..2026-08-06,baccarat_bet02_101_all_pairs_incl_sentinel,round_win = game_pnl > 0 (decisive only),COMPATIBILITY_ONLY_NOT_PRODUCTION,630814.5920,577721.2471,6644.3283,4370,4077,-0.01053293,-0.02940797,-0.00432247,-0.01053293,-6644.3283,630814.5920,OK,0.0000,265.7731,4.0000,96.0000,AG03-UNRESOLVED,ALL5_LEVELS_bet23_to_bet27,265.7731,265.7731,265.7731,332.2164,332.2164,4.000000,4.000000,4.000000,5.000000,5.000000,96.000000,96.000000,96.000000,95.000000,95.000000,5.0,1461.7522,1339.0033,5182.5761,5305.325,PENDING_AG03,FALSE,NOT_FOR_ENFORCEMENT,6378.5552,554612.3973,6644.3283,6378.5552,265.7731,0.01053293,0.01011162,265.7731,6378.5552,0.01011162,265.7731,265.7731,265.7731,332.2164,332.2164,6378.5552,0.01011162,1461.7522,1339.0033,5182.5761,5305.325,0.00821569,0.00841028,0.00042132,144.3512,141.7025,1.6297,93.5821,10.0216,8884.7126,57.4225,158.2289,140.3023,51.4311,102.8621,129.7286,258.1778,514.3107,1008.3546,77.1466,0.0,5.0,9.802971,1.403346,17,104,92,7,0.24757185,0.01053293,0.02940797,0E-8,0.000000,0.915834,0.000000,-0.02508550,2026-05-12,2026-08-06,71,663,310,87,0.816092,1.127771,1.096139,0.825239,,,,,,,,GLOBAL_BASELINE_NO_ENTITY_RANKING,,,NOT_APPLICABLE_GLOBAL_BASELINE,HF9g-P5,,,,X 全窗基线 · 不参与实体赏罚,14193804,1420,A168_HF9F_20260827_0900,2026-08-27 09:00:00
2026-07-20,137070871,2141,0,387.2666718303,122.6344460796,122.6344460796,0.6666667,3,3,0.50218230000000000,0.502182300000,0.5697959874915163,0.5697959874915164,0.5697959874915163,0E-17,ELIGIBLE,R03b_20260811_FULL_v1,L1_ELIGIBILITY,v2026-08-11,2026-03-21..2026-08-06,baccarat_bet02_101_all_pairs_incl_sentinel,round_win = game_pnl > 0 (decisive only),COMPATIBILITY_ONLY_NOT_PRODUCTION,630814.5920,577721.2471,6644.3283,4370,4077,-0.01053293,-0.02940797,-0.00432247,-0.01053293,-6644.3283,630814.5920,OK,0.0000,265.7731,4.0000,96.0000,AG03-UNRESOLVED,ALL5_LEVELS_bet23_to_bet27,265.7731,265.7731,265.7731,332.2164,332.2164,4.000000,4.000000,4.000000,5.000000,5.000000,96.000000,96.000000,96.000000,95.000000,95.000000,5.0,1461.7522,1339.0033,5182.5761,5305.325,PENDING_AG03,FALSE,NOT_FOR_ENFORCEMENT,6378.5552,554612.3973,6644.3283,6378.5552,265.7731,0.01053293,0.01011162,265.7731,6378.5552,0.01011162,265.7731,265.7731,265.7731,332.2164,332.2164,6378.5552,0.01011162,1461.7522,1339.0033,5182.5761,5305.325,0.00821569,0.00841028,0.00042132,144.3512,141.7025,1.6297,93.5821,10.0216,8884.7126,57.4225,158.2289,140.3023,51.4311,102.8621,129.7286,258.1778,514.3107,1008.3546,77.1466,0.0,5.0,9.802971,1.403346,17,104,92,7,0.24757185,0.01053293,0.02940797,0E-8,0.000000,0.915834,0.000000,-0.02508550,2026-05-12,2026-08-06,71,663,310,87,0.816092,1.127771,1.096139,0.825239,,,,,,,,GLOBAL_BASELINE_NO_ENTITY_RANKING,,,NOT_APPLICABLE_GLOBAL_BASELINE,HF9g-P5,,,,X 全窗基线 · 不参与实体赏罚,14193805,1420,A168_HF9F_20260827_0900,2026-08-27 09:00:00
2026-07-20,137070871,2169,0,1807.2444685408,-283.9955593422,-283.9955593422,0.3333333,8,8,0.49994810000000000,0.499948100000,-0.8162423282897021,-0.8162423282897021,-0.8162423282897021,0E-17,ELIGIBLE,R03b_20260811_FULL_v1,L1_ELIGIBILITY,v2026-08-11,2026-03-21..2026-08-06,baccarat_bet02_101_all_pairs_incl_sentinel,round_win = game_pnl > 0 (decisive only),COMPATIBILITY_ONLY_NOT_PRODUCTION,630814.5920,577721.2471,6644.3283,4370,4077,-0.01053293,-0.02940797,-0.00432247,-0.01053293,-6644.3283,630814.5920,OK,0.0000,265.7731,4.0000,96.0000,AG03-UNRESOLVED,ALL5_LEVELS_bet23_to_bet27,265.7731,265.7731,265.7731,332.2164,332.2164,4.000000,4.000000,4.000000,5.000000,5.000000,96.000000,96.000000,96.000000,95.000000,95.000000,5.0,1461.7522,1339.0033,5182.5761,5305.325,PENDING_AG03,FALSE,NOT_FOR_ENFORCEMENT,6378.5552,554612.3973,6644.3283,6378.5552,265.7731,0.01053293,0.01011162,265.7731,6378.5552,0.01011162,265.7731,265.7731,265.7731,332.2164,332.2164,6378.5552,0.01011162,1461.7522,1339.0033,5182.5761,5305.325,0.00821569,0.00841028,0.00042132,144.3512,141.7025,1.6297,93.5821,10.0216,8884.7126,57.4225,158.2289,140.3023,51.4311,102.8621,129.7286,258.1778,514.3107,1008.3546,77.1466,0.0,5.0,9.802971,1.403346,17,104,92,7,0.24757185,0.01053293,0.02940797,0E-8,0.000000,0.915834,0.000000,-0.02508550,2026-05-12,2026-08-06,71,663,310,87,0.816092,1.127771,1.096139,0.825239,,,,,,,,GLOBAL_BASELINE_NO_ENTITY_RANKING,,,NOT_APPLICABLE_GLOBAL_BASELINE,HF9g-P5,,,,X 全窗基线 · 不参与实体赏罚,14193806,1420,A168_HF9F_20260827_0900,2026-08-27 09:00:00
2026-07-20,137070871,2233,0,619.6266749282,-216.8693362248,-216.8693362248,0.4285714,7,7,0.50473567142857143,0.504735671429,-0.403041368878626,-0.40304136888089725,-0.403041368878626,-4.2857E-13,ELIGIBLE,R03b_20260811_FULL_v1,L1_ELIGIBILITY,v2026-08-11,2026-03-21..2026-08-06,baccarat_bet02_101_all_pairs_incl_sentinel,round_win = game_pnl > 0 (decisive only),COMPATIBILITY_ONLY_NOT_PRODUCTION,630814.5920,577721.2471,6644.3283,4370,4077,-0.01053293,-0.02940797,-0.00432247,-0.01053293,-6644.3283,630814.5920,OK,0.0000,265.7731,4.0000,96.0000,AG03-UNRESOLVED,ALL5_LEVELS_bet23_to_bet27,265.7731,265.7731,265.7731,332.2164,332.2164,4.000000,4.000000,4.000000,5.000000,5.000000,96.000000,96.000000,96.000000,95.000000,95.000000,5.0,1461.7522,1339.0033,5182.5761,5305.325,PENDING_AG03,FALSE,NOT_FOR_ENFORCEMENT,6378.5552,554612.3973,6644.3283,6378.5552,265.7731,0.01053293,0.01011162,265.7731,6378.5552,0.01011162,265.7731,265.7731,265.7731,332.2164,332.2164,6378.5552,0.01011162,1461.7522,1339.0033,5182.5761,5305.325,0.00821569,0.00841028,0.00042132,144.3512,141.7025,1.6297,93.5821,10.0216,8884.7126,57.4225,158.2289,140.3023,51.4311,102.8621,129.7286,258.1778,514.3107,1008.3546,77.1466,0.0,5.0,9.802971,1.403346,17,104,92,7,0.24757185,0.01053293,0.02940797,0E-8,0.000000,0.915834,0.000000,-0.02508550,2026-05-12,2026-08-06,71,663,310,87,0.816092,1.127771,1.096139,0.825239,,,,,,,,GLOBAL_BASELINE_NO_ENTITY_RANKING,,,NOT_APPLICABLE_GLOBAL_BASELINE,HF9g-P5,,,,X 全窗基线 · 不参与实体赏罚,14193807,1420,A168_HF9F_20260827_0900,2026-08-27 09:00:00
2026-07-20,137070871,2281,0,103.2711124880,98.1075568636,98.1075568636,1.0000000,2,2,0.50665070000000000,0.506650700000,1.3955260008387969,1.3955260008387969,1.3955260008387969,0E-17,ELIGIBLE,R03b_20260811_FULL_v1,L1_ELIGIBILITY,v2026-08-11,2026-03-21..2026-08-06,baccarat_bet02_101_all_pairs_incl_sentinel,round_win = game_pnl > 0 (decisive only),COMPATIBILITY_ONLY_NOT_PRODUCTION,630814.5920,577721.2471,6644.3283,4370,4077,-0.01053293,-0.02940797,-0.00432247,-0.01053293,-6644.3283,630814.5920,OK,0.0000,265.7731,4.0000,96.0000,AG03-UNRESOLVED,ALL5_LEVELS_bet23_to_bet27,265.7731,265.7731,265.7731,332.2164,332.2164,4.000000,4.000000,4.000000,5.000000,5.000000,96.000000,96.000000,96.000000,95.000000,95.000000,5.0,1461.7522,1339.0033,5182.5761,5305.325,PENDING_AG03,FALSE,NOT_FOR_ENFORCEMENT,6378.5552,554612.3973,6644.3283,6378.5552,265.7731,0.01053293,0.01011162,265.7731,6378.5552,0.01011162,265.7731,265.7731,265.7731,332.2164,332.2164,6378.5552,0.01011162,1461.7522,1339.0033,5182.5761,5305.325,0.00821569,0.00841028,0.00042132,144.3512,141.7025,1.6297,93.5821,10.0216,8884.7126,57.4225,158.2289,140.3023,51.4311,102.8621,129.7286,258.1778,514.3107,1008.3546,77.1466,0.0,5.0,9.802971,1.403346,17,104,92,7,0.24757185,0.01053293,0.02940797,0E-8,0.000000,0.915834,0.000000,-0.02508550,2026-05-12,2026-08-06,71,663,310,87,0.816092,1.127771,1.096139,0.825239,,,,,,,,GLOBAL_BASELINE_NO_ENTITY_RANKING,,,NOT_APPLICABLE_GLOBAL_BASELINE,HF9g-P5,,,,X 全窗基线 · 不参与实体赏罚,14193808,1420,A168_HF9F_20260827_0900,2026-08-27 09:00:00
2026-07-20,137070871,986,0,103.2711124880,0E-10,0E-10,0.5000000,2,2,0.49324550000000000,0.493245500000,0.01910635448239258,0.01910635448239258,0.01910635448239258,0E-17,ELIGIBLE,R03b_20260811_FULL_v1,L1_ELIGIBILITY,v2026-08-11,2026-03-21..2026-08-06,baccarat_bet02_101_all_pairs_incl_sentinel,round_win = game_pnl > 0 (decisive only),COMPATIBILITY_ONLY_NOT_PRODUCTION,630814.5920,577721.2471,6644.3283,4370,4077,-0.01053293,-0.02940797,-0.00432247,-0.01053293,-6644.3283,630814.5920,OK,0.0000,265.7731,4.0000,96.0000,AG03-UNRESOLVED,ALL5_LEVELS_bet23_to_bet27,265.7731,265.7731,265.7731,332.2164,332.2164,4.000000,4.000000,4.000000,5.000000,5.000000,96.000000,96.000000,96.000000,95.000000,95.000000,5.0,1461.7522,1339.0033,5182.5761,5305.325,PENDING_AG03,FALSE,NOT_FOR_ENFORCEMENT,6378.5552,554612.3973,6644.3283,6378.5552,265.7731,0.01053293,0.01011162,265.7731,6378.5552,0.01011162,265.7731,265.7731,265.7731,332.2164,332.2164,6378.5552,0.01011162,1461.7522,1339.0033,5182.5761,5305.325,0.00821569,0.00841028,0.00042132,144.3512,141.7025,1.6297,93.5821,10.0216,8884.7126,57.4225,158.2289,140.3023,51.4311,102.8621,129.7286,258.1778,514.3107,1008.3546,77.1466,0.0,5.0,9.802971,1.403346,17,104,92,7,0.24757185,0.01053293,0.02940797,0E-8,0.000000,0.915834,0.000000,-0.02508550,2026-05-12,2026-08-06,71,663,310,87,0.816092,1.127771,1.096139,0.825239,,,,,,,,GLOBAL_BASELINE_NO_ENTITY_RANKING,,,NOT_APPLICABLE_GLOBAL_BASELINE,HF9g-P5,,,,X 全窗基线 · 不参与实体赏罚,14193809,1420,A168_HF9F_20260827_0900,2026-08-27 09:00:00
2026-07-21,137070871,1396,0,2375.2355872253,-109.7255570186,-109.7255570186,0.4615385,13,13,0.50561953076923077,0.505619530769,-0.3178931889898867,-0.31789318898822083,-0.3178931889898867,2.3077E-13,ELIGIBLE,R03b_20260811_FULL_v1,L1_ELIGIBILITY,v2026-08-11,2026-03-21..2026-08-06,baccarat_bet02_101_all_pairs_incl_sentinel,round_win = game_pnl > 0 (decisive only),COMPATIBILITY_ONLY_NOT_PRODUCTION,630814.5920,577721.2471,6644.3283,4370,4077,-0.01053293,-0.02940797,-0.00432247,-0.01053293,-6644.3283,630814.5920,OK,0.0000,265.7731,4.0000,96.0000,AG03-UNRESOLVED,ALL5_LEVELS_bet23_to_bet27,265.7731,265.7731,265.7731,332.2164,332.2164,4.000000,4.000000,4.000000,5.000000,5.000000,96.000000,96.000000,96.000000,95.000000,95.000000,5.0,1461.7522,1339.0033,5182.5761,5305.325,PENDING_AG03,FALSE,NOT_FOR_ENFORCEMENT,6378.5552,554612.3973,6644.3283,6378.5552,265.7731,0.01053293,0.01011162,265.7731,6378.5552,0.01011162,265.7731,265.7731,265.7731,332.2164,332.2164,6378.5552,0.01011162,1461.7522,1339.0033,5182.5761,5305.325,0.00821569,0.00841028,0.00042132,144.3512,141.7025,1.6297,93.5821,10.0216,8884.7126,57.4225,158.2289,140.3023,51.4311,102.8621,129.7286,258.1778,514.3107,1008.3546,77.1466,0.0,5.0,9.802971,1.403346,17,104,92,7,0.24757185,0.01053293,0.02940797,0E-8,0.000000,0.915834,0.000000,-0.02508550,2026-05-12,2026-08-06,71,663,310,87,0.816092,1.127771,1.096139,0.825239,,,,,,,,GLOBAL_BASELINE_NO_ENTITY_RANKING,,,NOT_APPLICABLE_GLOBAL_BASELINE,HF9g-P5,,,,X 全窗基线 · 不参与实体赏罚,14193810,1420,A168_HF9F_20260827_0900,2026-08-27 09:00:00
2026-07-21,137070871,1400,0,903.6222342704,-12.9088890610,-12.9088890610,0.5000000,4,4,0.50329940000000000,0.503299400000,-0.009332315641528947,-0.009332315641528947,-0.009332315641528947,0E-17,ELIGIBLE,R03b_20260811_FULL_v1,L1_ELIGIBILITY,v2026-08-11,2026-03-21..2026-08-06,baccarat_bet02_101_all_pairs_incl_sentinel,round_win = game_pnl > 0 (decisive only),COMPATIBILITY_ONLY_NOT_PRODUCTION,630814.5920,577721.2471,6644.3283,4370,4077,-0.01053293,-0.02940797,-0.00432247,-0.01053293,-6644.3283,630814.5920,OK,0.0000,265.7731,4.0000,96.0000,AG03-UNRESOLVED,ALL5_LEVELS_bet23_to_bet27,265.7731,265.7731,265.7731,332.2164,332.2164,4.000000,4.000000,4.000000,5.000000,5.000000,96.000000,96.000000,96.000000,95.000000,95.000000,5.0,1461.7522,1339.0033,5182.5761,5305.325,PENDING_AG03,FALSE,NOT_FOR_ENFORCEMENT,6378.5552,554612.3973,6644.3283,6378.5552,265.7731,0.01053293,0.01011162,265.7731,6378.5552,0.01011162,265.7731,265.7731,265.7731,332.2164,332.2164,6378.5552,0.01011162,1461.7522,1339.0033,5182.5761,5305.325,0.00821569,0.00841028,0.00042132,144.3512,141.7025,1.6297,93.5821,10.0216,8884.7126,57.4225,158.2289,140.3023,51.4311,102.8621,129.7286,258.1778,514.3107,1008.3546,77.1466,0.0,5.0,9.802971,1.403346,17,104,92,7,0.24757185,0.01053293,0.02940797,0E-8,0.000000,0.915834,0.000000,-0.02508550,2026-05-12,2026-08-06,71,663,310,87,0.816092,1.127771,1.096139,0.825239,,,,,,,,GLOBAL_BASELINE_NO_ENTITY_RANKING,,,NOT_APPLICABLE_GLOBAL_BASELINE,HF9g-P5,,,,X 全窗基线 · 不参与实体赏罚,14193811,1420,A168_HF9F_20260827_0900,2026-08-27 09:00:00
2026-07-21,137070871,2093,0,1628.5854439367,-845.0158779335,-845.0158779335,0.4285714,8,8,0.50497505000000000,0.504975050000,-0.4043099778764335,-0.4043099778764335,-0.4043099778764335,0E-17,ELIGIBLE,R03b_20260811_FULL_v1,L1_ELIGIBILITY,v2026-08-11,2026-03-21..2026-08-06,baccarat_bet02_101_all_pairs_incl_sentinel,round_win = game_pnl > 0 (decisive only),COMPATIBILITY_ONLY_NOT_PRODUCTION,630814.5920,577721.2471,6644.3283,4370,4077,-0.01053293,-0.02940797,-0.00432247,-0.01053293,-6644.3283,630814.5920,OK,0.0000,265.7731,4.0000,96.0000,AG03-UNRESOLVED,ALL5_LEVELS_bet23_to_bet27,265.7731,265.7731,265.7731,332.2164,332.2164,4.000000,4.000000,4.000000,5.000000,5.000000,96.000000,96.000000,96.000000,95.000000,95.000000,5.0,1461.7522,1339.0033,5182.5761,5305.325,PENDING_AG03,FALSE,NOT_FOR_ENFORCEMENT,6378.5552,554612.3973,6644.3283,6378.5552,265.7731,0.01053293,0.01011162,265.7731,6378.5552,0.01011162,265.7731,265.7731,265.7731,332.2164,332.2164,6378.5552,0.01011162,1461.7522,1339.0033,5182.5761,5305.325,0.00821569,0.00841028,0.00042132,144.3512,141.7025,1.6297,93.5821,10.0216,8884.7126,57.4225,158.2289,140.3023,51.4311,102.8621,129.7286,258.1778,514.3107,1008.3546,77.1466,0.0,5.0,9.802971,1.403346,17,104,92,7,0.24757185,0.01053293,0.02940797,0E-8,0.000000,0.915834,0.000000,-0.02508550,2026-05-12,2026-08-06,71,663,310,87,0.816092,1.127771,1.096139,0.825239,,,,,,,,GLOBAL_BASELINE_NO_ENTITY_RANKING,,,NOT_APPLICABLE_GLOBAL_BASELINE,HF9g-P5,,,,X 全窗基线 · 不参与实体赏罚,14193812,1420,A168_HF9F_20260827_0900,2026-08-27 09:00:00
2026-07-21,137070871,2235,0,309.8133374641,-54.2173340563,-54.2173340563,0.5000000,5,5,0.50128862000000000,0.501288620000,-0.0051544971185412255,-0.0051544971185412255,-0.0051544971185412255,0E-17,ELIGIBLE,R03b_20260811_FULL_v1,L1_ELIGIBILITY,v2026-08-11,2026-03-21..2026-08-06,baccarat_bet02_101_all_pairs_incl_sentinel,round_win = game_pnl > 0 (decisive only),COMPATIBILITY_ONLY_NOT_PRODUCTION,630814.5920,577721.2471,6644.3283,4370,4077,-0.01053293,-0.02940797,-0.00432247,-0.01053293,-6644.3283,630814.5920,OK,0.0000,265.7731,4.0000,96.0000,AG03-UNRESOLVED,ALL5_LEVELS_bet23_to_bet27,265.7731,265.7731,265.7731,332.2164,332.2164,4.000000,4.000000,4.000000,5.000000,5.000000,96.000000,96.000000,96.000000,95.000000,95.000000,5.0,1461.7522,1339.0033,5182.5761,5305.325,PENDING_AG03,FALSE,NOT_FOR_ENFORCEMENT,6378.5552,554612.3973,6644.3283,6378.5552,265.7731,0.01053293,0.01011162,265.7731,6378.5552,0.01011162,265.7731,265.7731,265.7731,332.2164,332.2164,6378.5552,0.01011162,1461.7522,1339.0033,5182.5761,5305.325,0.00821569,0.00841028,0.00042132,144.3512,141.7025,1.6297,93.5821,10.0216,8884.7126,57.4225,158.2289,140.3023,51.4311,102.8621,129.7286,258.1778,514.3107,1008.3546,77.1466,0.0,5.0,9.802971,1.403346,17,104,92,7,0.24757185,0.01053293,0.02940797,0E-8,0.000000,0.915834,0.000000,-0.02508550,2026-05-12,2026-08-06,71,663,310,87,0.816092,1.127771,1.096139,0.825239,,,,,,,,GLOBAL_BASELINE_NO_ENTITY_RANKING,,,NOT_APPLICABLE_GLOBAL_BASELINE,HF9g-P5,,,,X 全窗基线 · 不参与实体赏罚,14193813,1420,A168_HF9F_20260827_0900,2026-08-27 09:00:00
2026-07-22,137070871,1210,0,752.5882322567,714.9588206439,714.9588206439,1.0000000,1,1,0.50665070000000000,0.506650700000,0.9867858985152569,0.9867858985152569,0.9867858985152569,0E-17,ELIGIBLE,R03b_20260811_FULL_v1,L1_ELIGIBILITY,v2026-08-11,2026-03-21..2026-08-06,baccarat_bet02_101_all_pairs_incl_sentinel,round_win = game_pnl > 0 (decisive only),COMPATIBILITY_ONLY_NOT_PRODUCTION,630814.5920,577721.2471,6644.3283,4370,4077,-0.01053293,-0.02940797,-0.00432247,-0.01053293,-6644.3283,630814.5920,OK,0.0000,265.7731,4.0000,96.0000,AG03-UNRESOLVED,ALL5_LEVELS_bet23_to_bet27,265.7731,265.7731,265.7731,332.2164,332.2164,4.000000,4.000000,4.000000,5.000000,5.000000,96.000000,96.000000,96.000000,95.000000,95.000000,5.0,1461.7522,1339.0033,5182.5761,5305.325,PENDING_AG03,FALSE,NOT_FOR_ENFORCEMENT,6378.5552,554612.3973,6644.3283,6378.5552,265.7731,0.01053293,0.01011162,265.7731,6378.5552,0.01011162,265.7731,265.7731,265.7731,332.2164,332.2164,6378.5552,0.01011162,1461.7522,1339.0033,5182.5761,5305.325,0.00821569,0.00841028,0.00042132,144.3512,141.7025,1.6297,93.5821,10.0216,8884.7126,57.4225,158.2289,140.3023,51.4311,102.8621,129.7286,258.1778,514.3107,1008.3546,77.1466,0.0,5.0,9.802971,1.403346,17,104,92,7,0.24757185,0.01053293,0.02940797,0E-8,0.000000,0.915834,0.000000,-0.02508550,2026-05-12,2026-08-06,71,663,310,87,0.816092,1.127771,1.096139,0.825239,,,,,,,,GLOBAL_BASELINE_NO_ENTITY_RANKING,,,NOT_APPLICABLE_GLOBAL_BASELINE,HF9g-P5,,,,X 全窗基线 · 不参与实体赏罚,14193814,1420,A168_HF9F_20260827_0900,2026-08-27 09:00:00
2026-07-22,137070871,1307,0,1032.7111248806,-516.3555624403,-516.3555624403,0E-7,2,2,0.50665070000000000,0.506650700000,-1.013391052207602,-1.013391052207602,-1.013391052207602,0E-17,ELIGIBLE,R03b_20260811_FULL_v1,L1_ELIGIBILITY,v2026-08-11,2026-03-21..2026-08-06,baccarat_bet02_101_all_pairs_incl_sentinel,round_win = game_pnl > 0 (decisive only),COMPATIBILITY_ONLY_NOT_PRODUCTION,630814.5920,577721.2471,6644.3283,4370,4077,-0.01053293,-0.02940797,-0.00432247,-0.01053293,-6644.3283,630814.5920,OK,0.0000,265.7731,4.0000,96.0000,AG03-UNRESOLVED,ALL5_LEVELS_bet23_to_bet27,265.7731,265.7731,265.7731,332.2164,332.2164,4.000000,4.000000,4.000000,5.000000,5.000000,96.000000,96.000000,96.000000,95.000000,95.000000,5.0,1461.7522,1339.0033,5182.5761,5305.325,PENDING_AG03,FALSE,NOT_FOR_ENFORCEMENT,6378.5552,554612.3973,6644.3283,6378.5552,265.7731,0.01053293,0.01011162,265.7731,6378.5552,0.01011162,265.7731,265.7731,265.7731,332.2164,332.2164,6378.5552,0.01011162,1461.7522,1339.0033,5182.5761,5305.325,0.00821569,0.00841028,0.00042132,144.3512,141.7025,1.6297,93.5821,10.0216,8884.7126,57.4225,158.2289,140.3023,51.4311,102.8621,129.7286,258.1778,514.3107,1008.3546,77.1466,0.0,5.0,9.802971,1.403346,17,104,92,7,0.24757185,0.01053293,0.02940797,0E-8,0.000000,0.915834,0.000000,-0.02508550,2026-05-12,2026-08-06,71,663,310,87,0.816092,1.127771,1.096139,0.825239,,,,,,,,GLOBAL_BASELINE_NO_ENTITY_RANKING,,,NOT_APPLICABLE_GLOBAL_BASELINE,HF9g-P5,,,,X 全窗基线 · 不参与实体赏罚,14193815,1420,A168_HF9F_20260827_0900,2026-08-27 09:00:00
2026-07-22,137070871,2196,0,1032.7111248805,-25.8177781221,-25.8177781221,0.6666667,3,3,0.50665070000000000,0.506650700000,0.5543606114942035,0.5543606114942035,0.5543606114942035,0E-17,ELIGIBLE,R03b_20260811_FULL_v1,L1_ELIGIBILITY,v2026-08-11,2026-03-21..2026-08-06,baccarat_bet02_101_all_pairs_incl_sentinel,round_win = game_pnl > 0 (decisive only),COMPATIBILITY_ONLY_NOT_PRODUCTION,630814.5920,577721.2471,6644.3283,4370,4077,-0.01053293,-0.02940797,-0.00432247,-0.01053293,-6644.3283,630814.5920,OK,0.0000,265.7731,4.0000,96.0000,AG03-UNRESOLVED,ALL5_LEVELS_bet23_to_bet27,265.7731,265.7731,265.7731,332.2164,332.2164,4.000000,4.000000,4.000000,5.000000,5.000000,96.000000,96.000000,96.000000,95.000000,95.000000,5.0,1461.7522,1339.0033,5182.5761,5305.325,PENDING_AG03,FALSE,NOT_FOR_ENFORCEMENT,6378.5552,554612.3973,6644.3283,6378.5552,265.7731,0.01053293,0.01011162,265.7731,6378.5552,0.01011162,265.7731,265.7731,265.7731,332.2164,332.2164,6378.5552,0.01011162,1461.7522,1339.0033,5182.5761,5305.325,0.00821569,0.00841028,0.00042132,144.3512,141.7025,1.6297,93.5821,10.0216,8884.7126,57.4225,158.2289,140.3023,51.4311,102.8621,129.7286,258.1778,514.3107,1008.3546,77.1466,0.0,5.0,9.802971,1.403346,17,104,92,7,0.24757185,0.01053293,0.02940797,0E-8,0.000000,0.915834,0.000000,-0.02508550,2026-05-12,2026-08-06,71,663,310,87,0.816092,1.127771,1.096139,0.825239,,,,,,,,GLOBAL_BASELINE_NO_ENTITY_RANKING,,,NOT_APPLICABLE_GLOBAL_BASELINE,HF9g-P5,,,,X 全窗基线 · 不参与实体赏罚,14193816,1420,A168_HF9F_20260827_0900,2026-08-27 09:00:00
2026-07-22,137070871,2223,0,258.1777812202,-258.1777812202,-258.1777812202,0E-7,2,2,0.50665070000000000,0.506650700000,-1.4331513700195317,-1.4331513700195317,-1.4331513700195317,0E-17,ELIGIBLE,R03b_20260811_FULL_v1,L1_ELIGIBILITY,v2026-08-11,2026-03-21..2026-08-06,baccarat_bet02_101_all_pairs_incl_sentinel,round_win = game_pnl > 0 (decisive only),COMPATIBILITY_ONLY_NOT_PRODUCTION,630814.5920,577721.2471,6644.3283,4370,4077,-0.01053293,-0.02940797,-0.00432247,-0.01053293,-6644.3283,630814.5920,OK,0.0000,265.7731,4.0000,96.0000,AG03-UNRESOLVED,ALL5_LEVELS_bet23_to_bet27,265.7731,265.7731,265.7731,332.2164,332.2164,4.000000,4.000000,4.000000,5.000000,5.000000,96.000000,96.000000,96.000000,95.000000,95.000000,5.0,1461.7522,1339.0033,5182.5761,5305.325,PENDING_AG03,FALSE,NOT_FOR_ENFORCEMENT,6378.5552,554612.3973,6644.3283,6378.5552,265.7731,0.01053293,0.01011162,265.7731,6378.5552,0.01011162,265.7731,265.7731,265.7731,332.2164,332.2164,6378.5552,0.01011162,1461.7522,1339.0033,5182.5761,5305.325,0.00821569,0.00841028,0.00042132,144.3512,141.7025,1.6297,93.5821,10.0216,8884.7126,57.4225,158.2289,140.3023,51.4311,102.8621,129.7286,258.1778,514.3107,1008.3546,77.1466,0.0,5.0,9.802971,1.403346,17,104,92,7,0.24757185,0.01053293,0.02940797,0E-8,0.000000,0.915834,0.000000,-0.02508550,2026-05-12,2026-08-06,71,663,310,87,0.816092,1.127771,1.096139,0.825239,,,,,,,,GLOBAL_BASELINE_NO_ENTITY_RANKING,,,NOT_APPLICABLE_GLOBAL_BASELINE,HF9g-P5,,,,X 全窗基线 · 不参与实体赏罚,14193817,1420,A168_HF9F_20260827_0900,2026-08-27 09:00:00
2026-07-23,137070871,1210,0,1290.8889061007,1226.3444607957,1226.3444607957,1.0000000,1,1,0.50665070000000000,0.506650700000,0.9867858985152569,0.9867858985152569,0.9867858985152569,0E-17,ELIGIBLE,R03b_20260811_FULL_v1,L1_ELIGIBILITY,v2026-08-11,2026-03-21..2026-08-06,baccarat_bet02_101_all_pairs_incl_sentinel,round_win = game_pnl > 0 (decisive only),COMPATIBILITY_ONLY_NOT_PRODUCTION,630814.5920,577721.2471,6644.3283,4370,4077,-0.01053293,-0.02940797,-0.00432247,-0.01053293,-6644.3283,630814.5920,OK,0.0000,265.7731,4.0000,96.0000,AG03-UNRESOLVED,ALL5_LEVELS_bet23_to_bet27,265.7731,265.7731,265.7731,332.2164,332.2164,4.000000,4.000000,4.000000,5.000000,5.000000,96.000000,96.000000,96.000000,95.000000,95.000000,5.0,1461.7522,1339.0033,5182.5761,5305.325,PENDING_AG03,FALSE,NOT_FOR_ENFORCEMENT,6378.5552,554612.3973,6644.3283,6378.5552,265.7731,0.01053293,0.01011162,265.7731,6378.5552,0.01011162,265.7731,265.7731,265.7731,332.2164,332.2164,6378.5552,0.01011162,1461.7522,1339.0033,5182.5761,5305.325,0.00821569,0.00841028,0.00042132,144.3512,141.7025,1.6297,93.5821,10.0216,8884.7126,57.4225,158.2289,140.3023,51.4311,102.8621,129.7286,258.1778,514.3107,1008.3546,77.1466,0.0,5.0,9.802971,1.403346,17,104,92,7,0.24757185,0.01053293,0.02940797,0E-8,0.000000,0.915834,0.000000,-0.02508550,2026-05-12,2026-08-06,71,663,310,87,0.816092,1.127771,1.096139,0.825239,,,,,,,,GLOBAL_BASELINE_NO_ENTITY_RANKING,,,NOT_APPLICABLE_GLOBAL_BASELINE,HF9g-P5,,,,X 全窗基线 · 不参与实体赏罚,14193818,1420,A168_HF9F_20260827_0900,2026-08-27 09:00:00
2026-07-23,137070871,1306,0,258.1777812200,95.5257790514,95.5257790514,0.7500000,6,5,0.42026023000000000,0.420260230000,1.3360589863897214,1.3360589863897214,1.3360589863897214,0E-17,ELIGIBLE,R03b_20260811_FULL_v1,L1_ELIGIBILITY,v2026-08-11,2026-03-21..2026-08-06,baccarat_bet02_101_all_pairs_incl_sentinel,round_win = game_pnl > 0 (decisive only),COMPATIBILITY_ONLY_NOT_PRODUCTION,630814.5920,577721.2471,6644.3283,4370,4077,-0.01053293,-0.02940797,-0.00432247,-0.01053293,-6644.3283,630814.5920,OK,0.0000,265.7731,4.0000,96.0000,AG03-UNRESOLVED,ALL5_LEVELS_bet23_to_bet27,265.7731,265.7731,265.7731,332.2164,332.2164,4.000000,4.000000,4.000000,5.000000,5.000000,96.000000,96.000000,96.000000,95.000000,95.000000,5.0,1461.7522,1339.0033,5182.5761,5305.325,PENDING_AG03,FALSE,NOT_FOR_ENFORCEMENT,6378.5552,554612.3973,6644.3283,6378.5552,265.7731,0.01053293,0.01011162,265.7731,6378.5552,0.01011162,265.7731,265.7731,265.7731,332.2164,332.2164,6378.5552,0.01011162,1461.7522,1339.0033,5182.5761,5305.325,0.00821569,0.00841028,0.00042132,144.3512,141.7025,1.6297,93.5821,10.0216,8884.7126,57.4225,158.2289,140.3023,51.4311,102.8621,129.7286,258.1778,514.3107,1008.3546,77.1466,0.0,5.0,9.802971,1.403346,17,104,92,7,0.24757185,0.01053293,0.02940797,0E-8,0.000000,0.915834,0.000000,-0.02508550,2026-05-12,2026-08-06,71,663,310,87,0.816092,1.127771,1.096139,0.825239,,,,,,,,GLOBAL_BASELINE_NO_ENTITY_RANKING,,,NOT_APPLICABLE_GLOBAL_BASELINE,HF9g-P5,,,,X 全窗基线 · 不参与实体赏罚,14193819,1420,A168_HF9F_20260827_0900,2026-08-27 09:00:00
2026-07-23,137070871,2142,0,413.0844499522,-154.9066687320,-154.9066687320,0.2500000,4,4,0.49994810000000000,0.499948100000,-0.9997924053861017,-0.9997924053861017,-0.9997924053861017,0E-17,ELIGIBLE,R03b_20260811_FULL_v1,L1_ELIGIBILITY,v2026-08-11,2026-03-21..2026-08-06,baccarat_bet02_101_all_pairs_incl_sentinel,round_win = game_pnl > 0 (decisive only),COMPATIBILITY_ONLY_NOT_PRODUCTION,630814.5920,577721.2471,6644.3283,4370,4077,-0.01053293,-0.02940797,-0.00432247,-0.01053293,-6644.3283,630814.5920,OK,0.0000,265.7731,4.0000,96.0000,AG03-UNRESOLVED,ALL5_LEVELS_bet23_to_bet27,265.7731,265.7731,265.7731,332.2164,332.2164,4.000000,4.000000,4.000000,5.000000,5.000000,96.000000,96.000000,96.000000,95.000000,95.000000,5.0,1461.7522,1339.0033,5182.5761,5305.325,PENDING_AG03,FALSE,NOT_FOR_ENFORCEMENT,6378.5552,554612.3973,6644.3283,6378.5552,265.7731,0.01053293,0.01011162,265.7731,6378.5552,0.01011162,265.7731,265.7731,265.7731,332.2164,332.2164,6378.5552,0.01011162,1461.7522,1339.0033,5182.5761,5305.325,0.00821569,0.00841028,0.00042132,144.3512,141.7025,1.6297,93.5821,10.0216,8884.7126,57.4225,158.2289,140.3023,51.4311,102.8621,129.7286,258.1778,514.3107,1008.3546,77.1466,0.0,5.0,9.802971,1.403346,17,104,92,7,0.24757185,0.01053293,0.02940797,0E-8,0.000000,0.915834,0.000000,-0.02508550,2026-05-12,2026-08-06,71,663,310,87,0.816092,1.127771,1.096139,0.825239,,,,,,,,GLOBAL_BASELINE_NO_ENTITY_RANKING,,,NOT_APPLICABLE_GLOBAL_BASELINE,HF9g-P5,,,,X 全窗基线 · 不参与实体赏罚,14193820,1420,A168_HF9F_20260827_0900,2026-08-27 09:00:00
2026-07-23,137070871,2223,0,206.5422249760,-105.8528903002,-105.8528903002,0.2500000,4,4,0.50665070000000000,0.506650700000,-1.0266936290537745,-1.0266936290537745,-1.0266936290537745,0E-17,ELIGIBLE,R03b_20260811_FULL_v1,L1_ELIGIBILITY,v2026-08-11,2026-03-21..2026-08-06,baccarat_bet02_101_all_pairs_incl_sentinel,round_win = game_pnl > 0 (decisive only),COMPATIBILITY_ONLY_NOT_PRODUCTION,630814.5920,577721.2471,6644.3283,4370,4077,-0.01053293,-0.02940797,-0.00432247,-0.01053293,-6644.3283,630814.5920,OK,0.0000,265.7731,4.0000,96.0000,AG03-UNRESOLVED,ALL5_LEVELS_bet23_to_bet27,265.7731,265.7731,265.7731,332.2164,332.2164,4.000000,4.000000,4.000000,5.000000,5.000000,96.000000,96.000000,96.000000,95.000000,95.000000,5.0,1461.7522,1339.0033,5182.5761,5305.325,PENDING_AG03,FALSE,NOT_FOR_ENFORCEMENT,6378.5552,554612.3973,6644.3283,6378.5552,265.7731,0.01053293,0.01011162,265.7731,6378.5552,0.01011162,265.7731,265.7731,265.7731,332.2164,332.2164,6378.5552,0.01011162,1461.7522,1339.0033,5182.5761,5305.325,0.00821569,0.00841028,0.00042132,144.3512,141.7025,1.6297,93.5821,10.0216,8884.7126,57.4225,158.2289,140.3023,51.4311,102.8621,129.7286,258.1778,514.3107,1008.3546,77.1466,0.0,5.0,9.802971,1.403346,17,104,92,7,0.24757185,0.01053293,0.02940797,0E-8,0.000000,0.915834,0.000000,-0.02508550,2026-05-12,2026-08-06,71,663,310,87,0.816092,1.127771,1.096139,0.825239,,,,,,,,GLOBAL_BASELINE_NO_ENTITY_RANKING,,,NOT_APPLICABLE_GLOBAL_BASELINE,HF9g-P5,,,,X 全窗基线 · 不参与实体赏罚,14193821,1420,A168_HF9F_20260827_0900,2026-08-27 09:00:00
2026-07-23,137070871,2252,0,1058.5289030023,-289.1591149665,-289.1591149665,0.4285714,8,8,0.50497505000000000,0.504975050000,-0.4043099778764335,-0.4043099778764335,-0.4043099778764335,0E-17,ELIGIBLE,R03b_20260811_FULL_v1,L1_ELIGIBILITY,v2026-08-11,2026-03-21..2026-08-06,baccarat_bet02_101_all_pairs_incl_sentinel,round_win = game_pnl > 0 (decisive only),COMPATIBILITY_ONLY_NOT_PRODUCTION,630814.5920,577721.2471,6644.3283,4370,4077,-0.01053293,-0.02940797,-0.00432247,-0.01053293,-6644.3283,630814.5920,OK,0.0000,265.7731,4.0000,96.0000,AG03-UNRESOLVED,ALL5_LEVELS_bet23_to_bet27,265.7731,265.7731,265.7731,332.2164,332.2164,4.000000,4.000000,4.000000,5.000000,5.000000,96.000000,96.000000,96.000000,95.000000,95.000000,5.0,1461.7522,1339.0033,5182.5761,5305.325,PENDING_AG03,FALSE,NOT_FOR_ENFORCEMENT,6378.5552,554612.3973,6644.3283,6378.5552,265.7731,0.01053293,0.01011162,265.7731,6378.5552,0.01011162,265.7731,265.7731,265.7731,332.2164,332.2164,6378.5552,0.01011162,1461.7522,1339.0033,5182.5761,5305.325,0.00821569,0.00841028,0.00042132,144.3512,141.7025,1.6297,93.5821,10.0216,8884.7126,57.4225,158.2289,140.3023,51.4311,102.8621,129.7286,258.1778,514.3107,1008.3546,77.1466,0.0,5.0,9.802971,1.403346,17,104,92,7,0.24757185,0.01053293,0.02940797,0E-8,0.000000,0.915834,0.000000,-0.02508550,2026-05-12,2026-08-06,71,663,310,87,0.816092,1.127771,1.096139,0.825239,,,,,,,,GLOBAL_BASELINE_NO_ENTITY_RANKING,,,NOT_APPLICABLE_GLOBAL_BASELINE,HF9g-P5,,,,X 全窗基线 · 不参与实体赏罚,14193822,1420,A168_HF9F_20260827_0900,2026-08-27 09:00:00
2026-07-23,137070871,987,0,51.6355562440,-51.6355562440,-51.6355562440,0E-7,1,1,0.49324550000000000,0.493245500000,-0.9865810262130424,-0.9865810262130424,-0.9865810262130424,0E-17,ELIGIBLE,R03b_20260811_FULL_v1,L1_ELIGIBILITY,v2026-08-11,2026-03-21..2026-08-06,baccarat_bet02_101_all_pairs_incl_sentinel,round_win = game_pnl > 0 (decisive only),COMPATIBILITY_ONLY_NOT_PRODUCTION,630814.5920,577721.2471,6644.3283,4370,4077,-0.01053293,-0.02940797,-0.00432247,-0.01053293,-6644.3283,630814.5920,OK,0.0000,265.7731,4.0000,96.0000,AG03-UNRESOLVED,ALL5_LEVELS_bet23_to_bet27,265.7731,265.7731,265.7731,332.2164,332.2164,4.000000,4.000000,4.000000,5.000000,5.000000,96.000000,96.000000,96.000000,95.000000,95.000000,5.0,1461.7522,1339.0033,5182.5761,5305.325,PENDING_AG03,FALSE,NOT_FOR_ENFORCEMENT,6378.5552,554612.3973,6644.3283,6378.5552,265.7731,0.01053293,0.01011162,265.7731,6378.5552,0.01011162,265.7731,265.7731,265.7731,332.2164,332.2164,6378.5552,0.01011162,1461.7522,1339.0033,5182.5761,5305.325,0.00821569,0.00841028,0.00042132,144.3512,141.7025,1.6297,93.5821,10.0216,8884.7126,57.4225,158.2289,140.3023,51.4311,102.8621,129.7286,258.1778,514.3107,1008.3546,77.1466,0.0,5.0,9.802971,1.403346,17,104,92,7,0.24757185,0.01053293,0.02940797,0E-8,0.000000,0.915834,0.000000,-0.02508550,2026-05-12,2026-08-06,71,663,310,87,0.816092,1.127771,1.096139,0.825239,,,,,,,,GLOBAL_BASELINE_NO_ENTITY_RANKING,,,NOT_APPLICABLE_GLOBAL_BASELINE,HF9g-P5,,,,X 全窗基线 · 不参与实体赏罚,14193823,1420,A168_HF9F_20260827_0900,2026-08-27 09:00:00
2026-07-24,137070871,1401,0,619.6266749281,-10.3271112487,-10.3271112487,0.4444444,11,11,0.50421339090909091,0.504213390909,-0.35862641216157626,-0.35862641216103014,-0.35862641216157626,9.091E-14,ELIGIBLE,R03b_20260811_FULL_v1,L1_ELIGIBILITY,v2026-08-11,2026-03-21..2026-08-06,baccarat_bet02_101_all_pairs_incl_sentinel,round_win = game_pnl > 0 (decisive only),COMPATIBILITY_ONLY_NOT_PRODUCTION,630814.5920,577721.2471,6644.3283,4370,4077,-0.01053293,-0.02940797,-0.00432247,-0.01053293,-6644.3283,630814.5920,OK,0.0000,265.7731,4.0000,96.0000,AG03-UNRESOLVED,ALL5_LEVELS_bet23_to_bet27,265.7731,265.7731,265.7731,332.2164,332.2164,4.000000,4.000000,4.000000,5.000000,5.000000,96.000000,96.000000,96.000000,95.000000,95.000000,5.0,1461.7522,1339.0033,5182.5761,5305.325,PENDING_AG03,FALSE,NOT_FOR_ENFORCEMENT,6378.5552,554612.3973,6644.3283,6378.5552,265.7731,0.01053293,0.01011162,265.7731,6378.5552,0.01011162,265.7731,265.7731,265.7731,332.2164,332.2164,6378.5552,0.01011162,1461.7522,1339.0033,5182.5761,5305.325,0.00821569,0.00841028,0.00042132,144.3512,141.7025,1.6297,93.5821,10.0216,8884.7126,57.4225,158.2289,140.3023,51.4311,102.8621,129.7286,258.1778,514.3107,1008.3546,77.1466,0.0,5.0,9.802971,1.403346,17,104,92,7,0.24757185,0.01053293,0.02940797,0E-8,0.000000,0.915834,0.000000,-0.02508550,2026-05-12,2026-08-06,71,663,310,87,0.816092,1.127771,1.096139,0.825239,,,,,,,,GLOBAL_BASELINE_NO_ENTITY_RANKING,,,NOT_APPLICABLE_GLOBAL_BASELINE,HF9g-P5,,,,X 全窗基线 · 不参与实体赏罚,14193824,1420,A168_HF9F_20260827_0900,2026-08-27 09:00:00
2026-07-24,137070871,2093,0,51.6355562440,-51.6355562440,-51.6355562440,0E-7,1,1,0.50665070000000000,0.506650700000,-1.013391052207602,-1.013391052207602,-1.013391052207602,0E-17,ELIGIBLE,R03b_20260811_FULL_v1,L1_ELIGIBILITY,v2026-08-11,2026-03-21..2026-08-06,baccarat_bet02_101_all_pairs_incl_sentinel,round_win = game_pnl > 0 (decisive only),COMPATIBILITY_ONLY_NOT_PRODUCTION,630814.5920,577721.2471,6644.3283,4370,4077,-0.01053293,-0.02940797,-0.00432247,-0.01053293,-6644.3283,630814.5920,OK,0.0000,265.7731,4.0000,96.0000,AG03-UNRESOLVED,ALL5_LEVELS_bet23_to_bet27,265.7731,265.7731,265.7731,332.2164,332.2164,4.000000,4.000000,4.000000,5.000000,5.000000,96.000000,96.000000,96.000000,95.000000,95.000000,5.0,1461.7522,1339.0033,5182.5761,5305.325,PENDING_AG03,FALSE,NOT_FOR_ENFORCEMENT,6378.5552,554612.3973,6644.3283,6378.5552,265.7731,0.01053293,0.01011162,265.7731,6378.5552,0.01011162,265.7731,265.7731,265.7731,332.2164,332.2164,6378.5552,0.01011162,1461.7522,1339.0033,5182.5761,5305.325,0.00821569,0.00841028,0.00042132,144.3512,141.7025,1.6297,93.5821,10.0216,8884.7126,57.4225,158.2289,140.3023,51.4311,102.8621,129.7286,258.1778,514.3107,1008.3546,77.1466,0.0,5.0,9.802971,1.403346,17,104,92,7,0.24757185,0.01053293,0.02940797,0E-8,0.000000,0.915834,0.000000,-0.02508550,2026-05-12,2026-08-06,71,663,310,87,0.816092,1.127771,1.096139,0.825239,,,,,,,,GLOBAL_BASELINE_NO_ENTITY_RANKING,,,NOT_APPLICABLE_GLOBAL_BASELINE,HF9g-P5,,,,X 全窗基线 · 不参与实体赏罚,14193825,1420,A168_HF9F_20260827_0900,2026-08-27 09:00:00
2026-07-24,137070871,2101,0,103.2711124880,-2.5817778122,-2.5817778122,0.5000000,2,2,0.50665070000000000,0.506650700000,-0.018812684590367487,-0.018812684590367487,-0.018812684590367487,0E-17,ELIGIBLE,R03b_20260811_FULL_v1,L1_ELIGIBILITY,v2026-08-11,2026-03-21..2026-08-06,baccarat_bet02_101_all_pairs_incl_sentinel,round_win = game_pnl > 0 (decisive only),COMPATIBILITY_ONLY_NOT_PRODUCTION,630814.5920,577721.2471,6644.3283,4370,4077,-0.01053293,-0.02940797,-0.00432247,-0.01053293,-6644.3283,630814.5920,OK,0.0000,265.7731,4.0000,96.0000,AG03-UNRESOLVED,ALL5_LEVELS_bet23_to_bet27,265.7731,265.7731,265.7731,332.2164,332.2164,4.000000,4.000000,4.000000,5.000000,5.000000,96.000000,96.000000,96.000000,95.000000,95.000000,5.0,1461.7522,1339.0033,5182.5761,5305.325,PENDING_AG03,FALSE,NOT_FOR_ENFORCEMENT,6378.5552,554612.3973,6644.3283,6378.5552,265.7731,0.01053293,0.01011162,265.7731,6378.5552,0.01011162,265.7731,265.7731,265.7731,332.2164,332.2164,6378.5552,0.01011162,1461.7522,1339.0033,5182.5761,5305.325,0.00821569,0.00841028,0.00042132,144.3512,141.7025,1.6297,93.5821,10.0216,8884.7126,57.4225,158.2289,140.3023,51.4311,102.8621,129.7286,258.1778,514.3107,1008.3546,77.1466,0.0,5.0,9.802971,1.403346,17,104,92,7,0.24757185,0.01053293,0.02940797,0E-8,0.000000,0.915834,0.000000,-0.02508550,2026-05-12,2026-08-06,71,663,310,87,0.816092,1.127771,1.096139,0.825239,,,,,,,,GLOBAL_BASELINE_NO_ENTITY_RANKING,,,NOT_APPLICABLE_GLOBAL_BASELINE,HF9g-P5,,,,X 全窗基线 · 不参与实体赏罚,14193826,1420,A168_HF9F_20260827_0900,2026-08-27 09:00:00
2026-07-24,137070871,2123,0,129.0888906100,73.5806676477,73.5806676477,1.0000000,4,4,0.50665070000000000,0.506650700000,1.7091633124209307,1.7091633124209307,1.7091633124209307,0E-17,ELIGIBLE,R03b_20260811_FULL_v1,L1_ELIGIBILITY,v2026-08-11,2026-03-21..2026-08-06,baccarat_bet02_101_all_pairs_incl_sentinel,round_win = game_pnl > 0 (decisive only),COMPATIBILITY_ONLY_NOT_PRODUCTION,630814.5920,577721.2471,6644.3283,4370,4077,-0.01053293,-0.02940797,-0.00432247,-0.01053293,-6644.3283,630814.5920,OK,0.0000,265.7731,4.0000,96.0000,AG03-UNRESOLVED,ALL5_LEVELS_bet23_to_bet27,265.7731,265.7731,265.7731,332.2164,332.2164,4.000000,4.000000,4.000000,5.000000,5.000000,96.000000,96.000000,96.000000,95.000000,95.000000,5.0,1461.7522,1339.0033,5182.5761,5305.325,PENDING_AG03,FALSE,NOT_FOR_ENFORCEMENT,6378.5552,554612.3973,6644.3283,6378.5552,265.7731,0.01053293,0.01011162,265.7731,6378.5552,0.01011162,265.7731,265.7731,265.7731,332.2164,332.2164,6378.5552,0.01011162,1461.7522,1339.0033,5182.5761,5305.325,0.00821569,0.00841028,0.00042132,144.3512,141.7025,1.6297,93.5821,10.0216,8884.7126,57.4225,158.2289,140.3023,51.4311,102.8621,129.7286,258.1778,514.3107,1008.3546,77.1466,0.0,5.0,9.802971,1.403346,17,104,92,7,0.24757185,0.01053293,0.02940797,0E-8,0.000000,0.915834,0.000000,-0.02508550,2026-05-12,2026-08-06,71,663,310,87,0.816092,1.127771,1.096139,0.825239,,,,,,,,GLOBAL_BASELINE_NO_ENTITY_RANKING,,,NOT_APPLICABLE_GLOBAL_BASELINE,HF9g-P5,,,,X 全窗基线 · 不参与实体赏罚,14193827,1420,A168_HF9F_20260827_0900,2026-08-27 09:00:00
2026-07-24,137070871,2223,0,154.9066687320,-103.2711124880,-103.2711124880,0E-7,3,3,0.50665070000000000,0.506650700000,-1.4331513700195317,-1.4331513700195317,-1.4331513700195317,0E-17,ELIGIBLE,R03b_20260811_FULL_v1,L1_ELIGIBILITY,v2026-08-11,2026-03-21..2026-08-06,baccarat_bet02_101_all_pairs_incl_sentinel,round_win = game_pnl > 0 (decisive only),COMPATIBILITY_ONLY_NOT_PRODUCTION,630814.5920,577721.2471,6644.3283,4370,4077,-0.01053293,-0.02940797,-0.00432247,-0.01053293,-6644.3283,630814.5920,OK,0.0000,265.7731,4.0000,96.0000,AG03-UNRESOLVED,ALL5_LEVELS_bet23_to_bet27,265.7731,265.7731,265.7731,332.2164,332.2164,4.000000,4.000000,4.000000,5.000000,5.000000,96.000000,96.000000,96.000000,95.000000,95.000000,5.0,1461.7522,1339.0033,5182.5761,5305.325,PENDING_AG03,FALSE,NOT_FOR_ENFORCEMENT,6378.5552,554612.3973,6644.3283,6378.5552,265.7731,0.01053293,0.01011162,265.7731,6378.5552,0.01011162,265.7731,265.7731,265.7731,332.2164,332.2164,6378.5552,0.01011162,1461.7522,1339.0033,5182.5761,5305.325,0.00821569,0.00841028,0.00042132,144.3512,141.7025,1.6297,93.5821,10.0216,8884.7126,57.4225,158.2289,140.3023,51.4311,102.8621,129.7286,258.1778,514.3107,1008.3546,77.1466,0.0,5.0,9.802971,1.403346,17,104,92,7,0.24757185,0.01053293,0.02940797,0E-8,0.000000,0.915834,0.000000,-0.02508550,2026-05-12,2026-08-06,71,663,310,87,0.816092,1.127771,1.096139,0.825239,,,,,,,,GLOBAL_BASELINE_NO_ENTITY_RANKING,,,NOT_APPLICABLE_GLOBAL_BASELINE,HF9g-P5,,,,X 全窗基线 · 不参与实体赏罚,14193828,1420,A168_HF9F_20260827_0900,2026-08-27 09:00:00
2026-07-24,137070871,970,0,516.3555624400,188.4697802906,188.4697802906,0.7000000,10,10,0.50665070000000000,0.506650700000,1.2229565359475965,1.2229565359475965,1.2229565359475965,0E-17,ELIGIBLE,R03b_20260811_FULL_v1,L1_ELIGIBILITY,v2026-08-11,2026-03-21..2026-08-06,baccarat_bet02_101_all_pairs_incl_sentinel,round_win = game_pnl > 0 (decisive only),COMPATIBILITY_ONLY_NOT_PRODUCTION,630814.5920,577721.2471,6644.3283,4370,4077,-0.01053293,-0.02940797,-0.00432247,-0.01053293,-6644.3283,630814.5920,OK,0.0000,265.7731,4.0000,96.0000,AG03-UNRESOLVED,ALL5_LEVELS_bet23_to_bet27,265.7731,265.7731,265.7731,332.2164,332.2164,4.000000,4.000000,4.000000,5.000000,5.000000,96.000000,96.000000,96.000000,95.000000,95.000000,5.0,1461.7522,1339.0033,5182.5761,5305.325,PENDING_AG03,FALSE,NOT_FOR_ENFORCEMENT,6378.5552,554612.3973,6644.3283,6378.5552,265.7731,0.01053293,0.01011162,265.7731,6378.5552,0.01011162,265.7731,265.7731,265.7731,332.2164,332.2164,6378.5552,0.01011162,1461.7522,1339.0033,5182.5761,5305.325,0.00821569,0.00841028,0.00042132,144.3512,141.7025,1.6297,93.5821,10.0216,8884.7126,57.4225,158.2289,140.3023,51.4311,102.8621,129.7286,258.1778,514.3107,1008.3546,77.1466,0.0,5.0,9.802971,1.403346,17,104,92,7,0.24757185,0.01053293,0.02940797,0E-8,0.000000,0.915834,0.000000,-0.02508550,2026-05-12,2026-08-06,71,663,310,87,0.816092,1.127771,1.096139,0.825239,,,,,,,,GLOBAL_BASELINE_NO_ENTITY_RANKING,,,NOT_APPLICABLE_GLOBAL_BASELINE,HF9g-P5,,,,X 全窗基线 · 不参与实体赏罚,14193829,1420,A168_HF9F_20260827_0900,2026-08-27 09:00:00
2026-07-25,137070871,1400,0,51.6355562440,-51.6355562440,-51.6355562440,0E-7,2,2,0.50665070000000000,0.506650700000,-1.4331513700195317,-1.4331513700195317,-1.4331513700195317,0E-17,ELIGIBLE,R03b_20260811_FULL_v1,L1_ELIGIBILITY,v2026-08-11,2026-03-21..2026-08-06,baccarat_bet02_101_all_pairs_incl_sentinel,round_win = game_pnl > 0 (decisive only),COMPATIBILITY_ONLY_NOT_PRODUCTION,630814.5920,577721.2471,6644.3283,4370,4077,-0.01053293,-0.02940797,-0.00432247,-0.01053293,-6644.3283,630814.5920,OK,0.0000,265.7731,4.0000,96.0000,AG03-UNRESOLVED,ALL5_LEVELS_bet23_to_bet27,265.7731,265.7731,265.7731,332.2164,332.2164,4.000000,4.000000,4.000000,5.000000,5.000000,96.000000,96.000000,96.000000,95.000000,95.000000,5.0,1461.7522,1339.0033,5182.5761,5305.325,PENDING_AG03,FALSE,NOT_FOR_ENFORCEMENT,6378.5552,554612.3973,6644.3283,6378.5552,265.7731,0.01053293,0.01011162,265.7731,6378.5552,0.01011162,265.7731,265.7731,265.7731,332.2164,332.2164,6378.5552,0.01011162,1461.7522,1339.0033,5182.5761,5305.325,0.00821569,0.00841028,0.00042132,144.3512,141.7025,1.6297,93.5821,10.0216,8884.7126,57.4225,158.2289,140.3023,51.4311,102.8621,129.7286,258.1778,514.3107,1008.3546,77.1466,0.0,5.0,9.802971,1.403346,17,104,92,7,0.24757185,0.01053293,0.02940797,0E-8,0.000000,0.915834,0.000000,-0.02508550,2026-05-12,2026-08-06,71,663,310,87,0.816092,1.127771,1.096139,0.825239,,,,,,,,GLOBAL_BASELINE_NO_ENTITY_RANKING,,,NOT_APPLICABLE_GLOBAL_BASELINE,HF9g-P5,,,,X 全窗基线 · 不参与实体赏罚,14193830,1420,A168_HF9F_20260827_0900,2026-08-27 09:00:00
2026-07-25,137070871,1402,0,335.6311155860,94.2348901453,94.2348901453,0.7142857,9,9,0.50665070000000000,0.506650700000,1.098798430526454,1.098798430526454,1.098798430526454,0E-17,ELIGIBLE,R03b_20260811_FULL_v1,L1_ELIGIBILITY,v2026-08-11,2026-03-21..2026-08-06,baccarat_bet02_101_all_pairs_incl_sentinel,round_win = game_pnl > 0 (decisive only),COMPATIBILITY_ONLY_NOT_PRODUCTION,630814.5920,577721.2471,6644.3283,4370,4077,-0.01053293,-0.02940797,-0.00432247,-0.01053293,-6644.3283,630814.5920,OK,0.0000,265.7731,4.0000,96.0000,AG03-UNRESOLVED,ALL5_LEVELS_bet23_to_bet27,265.7731,265.7731,265.7731,332.2164,332.2164,4.000000,4.000000,4.000000,5.000000,5.000000,96.000000,96.000000,96.000000,95.000000,95.000000,5.0,1461.7522,1339.0033,5182.5761,5305.325,PENDING_AG03,FALSE,NOT_FOR_ENFORCEMENT,6378.5552,554612.3973,6644.3283,6378.5552,265.7731,0.01053293,0.01011162,265.7731,6378.5552,0.01011162,265.7731,265.7731,265.7731,332.2164,332.2164,6378.5552,0.01011162,1461.7522,1339.0033,5182.5761,5305.325,0.00821569,0.00841028,0.00042132,144.3512,141.7025,1.6297,93.5821,10.0216,8884.7126,57.4225,158.2289,140.3023,51.4311,102.8621,129.7286,258.1778,514.3107,1008.3546,77.1466,0.0,5.0,9.802971,1.403346,17,104,92,7,0.24757185,0.01053293,0.02940797,0E-8,0.000000,0.915834,0.000000,-0.02508550,2026-05-12,2026-08-06,71,663,310,87,0.816092,1.127771,1.096139,0.825239,,,,,,,,GLOBAL_BASELINE_NO_ENTITY_RANKING,,,NOT_APPLICABLE_GLOBAL_BASELINE,HF9g-P5,,,,X 全窗基线 · 不参与实体赏罚,14193831,1420,A168_HF9F_20260827_0900,2026-08-27 09:00:00
2026-07-25,137070871,2101,0,206.5422249760,95.5257790514,95.5257790514,0.7500000,4,4,0.50665070000000000,0.506650700000,0.9734833216690844,0.9734833216690844,0.9734833216690844,0E-17,ELIGIBLE,R03b_20260811_FULL_v1,L1_ELIGIBILITY,v2026-08-11,2026-03-21..2026-08-06,baccarat_bet02_101_all_pairs_incl_sentinel,round_win = game_pnl > 0 (decisive only),COMPATIBILITY_ONLY_NOT_PRODUCTION,630814.5920,577721.2471,6644.3283,4370,4077,-0.01053293,-0.02940797,-0.00432247,-0.01053293,-6644.3283,630814.5920,OK,0.0000,265.7731,4.0000,96.0000,AG03-UNRESOLVED,ALL5_LEVELS_bet23_to_bet27,265.7731,265.7731,265.7731,332.2164,332.2164,4.000000,4.000000,4.000000,5.000000,5.000000,96.000000,96.000000,96.000000,95.000000,95.000000,5.0,1461.7522,1339.0033,5182.5761,5305.325,PENDING_AG03,FALSE,NOT_FOR_ENFORCEMENT,6378.5552,554612.3973,6644.3283,6378.5552,265.7731,0.01053293,0.01011162,265.7731,6378.5552,0.01011162,265.7731,265.7731,265.7731,332.2164,332.2164,6378.5552,0.01011162,1461.7522,1339.0033,5182.5761,5305.325,0.00821569,0.00841028,0.00042132,144.3512,141.7025,1.6297,93.5821,10.0216,8884.7126,57.4225,158.2289,140.3023,51.4311,102.8621,129.7286,258.1778,514.3107,1008.3546,77.1466,0.0,5.0,9.802971,1.403346,17,104,92,7,0.24757185,0.01053293,0.02940797,0E-8,0.000000,0.915834,0.000000,-0.02508550,2026-05-12,2026-08-06,71,663,310,87,0.816092,1.127771,1.096139,0.825239,,,,,,,,GLOBAL_BASELINE_NO_ENTITY_RANKING,,,NOT_APPLICABLE_GLOBAL_BASELINE,HF9g-P5,,,,X 全窗基线 · 不参与实体赏罚,14193832,1420,A168_HF9F_20260827_0900,2026-08-27 09:00:00
2026-07-25,137070871,2142,0,25.8177781220,-25.8177781220,-25.8177781220,0E-7,1,1,0.50665070000000000,0.506650700000,-1.013391052207602,-1.013391052207602,-1.013391052207602,0E-17,ELIGIBLE,R03b_20260811_FULL_v1,L1_ELIGIBILITY,v2026-08-11,2026-03-21..2026-08-06,baccarat_bet02_101_all_pairs_incl_sentinel,round_win = game_pnl > 0 (decisive only),COMPATIBILITY_ONLY_NOT_PRODUCTION,630814.5920,577721.2471,6644.3283,4370,4077,-0.01053293,-0.02940797,-0.00432247,-0.01053293,-6644.3283,630814.5920,OK,0.0000,265.7731,4.0000,96.0000,AG03-UNRESOLVED,ALL5_LEVELS_bet23_to_bet27,265.7731,265.7731,265.7731,332.2164,332.2164,4.000000,4.000000,4.000000,5.000000,5.000000,96.000000,96.000000,96.000000,95.000000,95.000000,5.0,1461.7522,1339.0033,5182.5761,5305.325,PENDING_AG03,FALSE,NOT_FOR_ENFORCEMENT,6378.5552,554612.3973,6644.3283,6378.5552,265.7731,0.01053293,0.01011162,265.7731,6378.5552,0.01011162,265.7731,265.7731,265.7731,332.2164,332.2164,6378.5552,0.01011162,1461.7522,1339.0033,5182.5761,5305.325,0.00821569,0.00841028,0.00042132,144.3512,141.7025,1.6297,93.5821,10.0216,8884.7126,57.4225,158.2289,140.3023,51.4311,102.8621,129.7286,258.1778,514.3107,1008.3546,77.1466,0.0,5.0,9.802971,1.403346,17,104,92,7,0.24757185,0.01053293,0.02940797,0E-8,0.000000,0.915834,0.000000,-0.02508550,2026-05-12,2026-08-06,71,663,310,87,0.816092,1.127771,1.096139,0.825239,,,,,,,,GLOBAL_BASELINE_NO_ENTITY_RANKING,,,NOT_APPLICABLE_GLOBAL_BASELINE,HF9g-P5,,,,X 全窗基线 · 不参与实体赏罚,14193833,1420,A168_HF9F_20260827_0900,2026-08-27 09:00:00
2026-07-25,137070871,2145,0,25.8177781220,-25.8177781220,-25.8177781220,0E-7,1,1,0.50665070000000000,0.506650700000,-1.013391052207602,-1.013391052207602,-1.013391052207602,0E-17,ELIGIBLE,R03b_20260811_FULL_v1,L1_ELIGIBILITY,v2026-08-11,2026-03-21..2026-08-06,baccarat_bet02_101_all_pairs_incl_sentinel,round_win = game_pnl > 0 (decisive only),COMPATIBILITY_ONLY_NOT_PRODUCTION,630814.5920,577721.2471,6644.3283,4370,4077,-0.01053293,-0.02940797,-0.00432247,-0.01053293,-6644.3283,630814.5920,OK,0.0000,265.7731,4.0000,96.0000,AG03-UNRESOLVED,ALL5_LEVELS_bet23_to_bet27,265.7731,265.7731,265.7731,332.2164,332.2164,4.000000,4.000000,4.000000,5.000000,5.000000,96.000000,96.000000,96.000000,95.000000,95.000000,5.0,1461.7522,1339.0033,5182.5761,5305.325,PENDING_AG03,FALSE,NOT_FOR_ENFORCEMENT,6378.5552,554612.3973,6644.3283,6378.5552,265.7731,0.01053293,0.01011162,265.7731,6378.5552,0.01011162,265.7731,265.7731,265.7731,332.2164,332.2164,6378.5552,0.01011162,1461.7522,1339.0033,5182.5761,5305.325,0.00821569,0.00841028,0.00042132,144.3512,141.7025,1.6297,93.5821,10.0216,8884.7126,57.4225,158.2289,140.3023,51.4311,102.8621,129.7286,258.1778,514.3107,1008.3546,77.1466,0.0,5.0,9.802971,1.403346,17,104,92,7,0.24757185,0.01053293,0.02940797,0E-8,0.000000,0.915834,0.000000,-0.02508550,2026-05-12,2026-08-06,71,663,310,87,0.816092,1.127771,1.096139,0.825239,,,,,,,,GLOBAL_BASELINE_NO_ENTITY_RANKING,,,NOT_APPLICABLE_GLOBAL_BASELINE,HF9g-P5,,,,X 全窗基线 · 不参与实体赏罚,14193834,1420,A168_HF9F_20260827_0900,2026-08-27 09:00:00
2026-07-25,137070871,2196,0,51.6355562440,49.0537784318,49.0537784318,1.0000000,1,1,0.50665070000000000,0.506650700000,0.9867858985152569,0.9867858985152569,0.9867858985152569,0E-17,ELIGIBLE,R03b_20260811_FULL_v1,L1_ELIGIBILITY,v2026-08-11,2026-03-21..2026-08-06,baccarat_bet02_101_all_pairs_incl_sentinel,round_win = game_pnl > 0 (decisive only),COMPATIBILITY_ONLY_NOT_PRODUCTION,630814.5920,577721.2471,6644.3283,4370,4077,-0.01053293,-0.02940797,-0.00432247,-0.01053293,-6644.3283,630814.5920,OK,0.0000,265.7731,4.0000,96.0000,AG03-UNRESOLVED,ALL5_LEVELS_bet23_to_bet27,265.7731,265.7731,265.7731,332.2164,332.2164,4.000000,4.000000,4.000000,5.000000,5.000000,96.000000,96.000000,96.000000,95.000000,95.000000,5.0,1461.7522,1339.0033,5182.5761,5305.325,PENDING_AG03,FALSE,NOT_FOR_ENFORCEMENT,6378.5552,554612.3973,6644.3283,6378.5552,265.7731,0.01053293,0.01011162,265.7731,6378.5552,0.01011162,265.7731,265.7731,265.7731,332.2164,332.2164,6378.5552,0.01011162,1461.7522,1339.0033,5182.5761,5305.325,0.00821569,0.00841028,0.00042132,144.3512,141.7025,1.6297,93.5821,10.0216,8884.7126,57.4225,158.2289,140.3023,51.4311,102.8621,129.7286,258.1778,514.3107,1008.3546,77.1466,0.0,5.0,9.802971,1.403346,17,104,92,7,0.24757185,0.01053293,0.02940797,0E-8,0.000000,0.915834,0.000000,-0.02508550,2026-05-12,2026-08-06,71,663,310,87,0.816092,1.127771,1.096139,0.825239,,,,,,,,GLOBAL_BASELINE_NO_ENTITY_RANKING,,,NOT_APPLICABLE_GLOBAL_BASELINE,HF9g-P5,,,,X 全窗基线 · 不参与实体赏罚,14193835,1420,A168_HF9F_20260827_0900,2026-08-27 09:00:00
2026-07-26,137070871,1402,0,542.1733405621,-441.4840058863,-441.4840058863,0.2222222,9,9,0.50665070000000000,0.506650700000,-1.7067218561408997,-1.7067218561408997,-1.7067218561408997,0E-17,ELIGIBLE,R03b_20260811_FULL_v1,L1_ELIGIBILITY,v2026-08-11,2026-03-21..2026-08-06,baccarat_bet02_101_all_pairs_incl_sentinel,round_win = game_pnl > 0 (decisive only),COMPATIBILITY_ONLY_NOT_PRODUCTION,630814.5920,577721.2471,6644.3283,4370,4077,-0.01053293,-0.02940797,-0.00432247,-0.01053293,-6644.3283,630814.5920,OK,0.0000,265.7731,4.0000,96.0000,AG03-UNRESOLVED,ALL5_LEVELS_bet23_to_bet27,265.7731,265.7731,265.7731,332.2164,332.2164,4.000000,4.000000,4.000000,5.000000,5.000000,96.000000,96.000000,96.000000,95.000000,95.000000,5.0,1461.7522,1339.0033,5182.5761,5305.325,PENDING_AG03,FALSE,NOT_FOR_ENFORCEMENT,6378.5552,554612.3973,6644.3283,6378.5552,265.7731,0.01053293,0.01011162,265.7731,6378.5552,0.01011162,265.7731,265.7731,265.7731,332.2164,332.2164,6378.5552,0.01011162,1461.7522,1339.0033,5182.5761,5305.325,0.00821569,0.00841028,0.00042132,144.3512,141.7025,1.6297,93.5821,10.0216,8884.7126,57.4225,158.2289,140.3023,51.4311,102.8621,129.7286,258.1778,514.3107,1008.3546,77.1466,0.0,5.0,9.802971,1.403346,17,104,92,7,0.24757185,0.01053293,0.02940797,0E-8,0.000000,0.915834,0.000000,-0.02508550,2026-05-12,2026-08-06,71,663,310,87,0.816092,1.127771,1.096139,0.825239,,,,,,,,GLOBAL_BASELINE_NO_ENTITY_RANKING,,,NOT_APPLICABLE_GLOBAL_BASELINE,HF9g-P5,,,,X 全窗基线 · 不参与实体赏罚,14193836,1420,A168_HF9F_20260827_0900,2026-08-27 09:00:00
2026-07-26,137070871,1490,0,645.4444530505,238.8144476287,238.8144476287,0.7500000,5,5,0.50665070000000000,0.506650700000,0.9734833216690844,0.9734833216690844,0.9734833216690844,0E-17,ELIGIBLE,R03b_20260811_FULL_v1,L1_ELIGIBILITY,v2026-08-11,2026-03-21..2026-08-06,baccarat_bet02_101_all_pairs_incl_sentinel,round_win = game_pnl > 0 (decisive only),COMPATIBILITY_ONLY_NOT_PRODUCTION,630814.5920,577721.2471,6644.3283,4370,4077,-0.01053293,-0.02940797,-0.00432247,-0.01053293,-6644.3283,630814.5920,OK,0.0000,265.7731,4.0000,96.0000,AG03-UNRESOLVED,ALL5_LEVELS_bet23_to_bet27,265.7731,265.7731,265.7731,332.2164,332.2164,4.000000,4.000000,4.000000,5.000000,5.000000,96.000000,96.000000,96.000000,95.000000,95.000000,5.0,1461.7522,1339.0033,5182.5761,5305.325,PENDING_AG03,FALSE,NOT_FOR_ENFORCEMENT,6378.5552,554612.3973,6644.3283,6378.5552,265.7731,0.01053293,0.01011162,265.7731,6378.5552,0.01011162,265.7731,265.7731,265.7731,332.2164,332.2164,6378.5552,0.01011162,1461.7522,1339.0033,5182.5761,5305.325,0.00821569,0.00841028,0.00042132,144.3512,141.7025,1.6297,93.5821,10.0216,8884.7126,57.4225,158.2289,140.3023,51.4311,102.8621,129.7286,258.1778,514.3107,1008.3546,77.1466,0.0,5.0,9.802971,1.403346,17,104,92,7,0.24757185,0.01053293,0.02940797,0E-8,0.000000,0.915834,0.000000,-0.02508550,2026-05-12,2026-08-06,71,663,310,87,0.816092,1.127771,1.096139,0.825239,,,,,,,,GLOBAL_BASELINE_NO_ENTITY_RANKING,,,NOT_APPLICABLE_GLOBAL_BASELINE,HF9g-P5,,,,X 全窗基线 · 不参与实体赏罚,14193837,1420,A168_HF9F_20260827_0900,2026-08-27 09:00:00
2026-07-26,137070871,1654,0,258.1777812201,-258.1777812201,-258.1777812201,0E-7,1,1,0.50665070000000000,0.506650700000,-1.013391052207602,-1.013391052207602,-1.013391052207602,0E-17,ELIGIBLE,R03b_20260811_FULL_v1,L1_ELIGIBILITY,v2026-08-11,2026-03-21..2026-08-06,baccarat_bet02_101_all_pairs_incl_sentinel,round_win = game_pnl > 0 (decisive only),COMPATIBILITY_ONLY_NOT_PRODUCTION,630814.5920,577721.2471,6644.3283,4370,4077,-0.01053293,-0.02940797,-0.00432247,-0.01053293,-6644.3283,630814.5920,OK,0.0000,265.7731,4.0000,96.0000,AG03-UNRESOLVED,ALL5_LEVELS_bet23_to_bet27,265.7731,265.7731,265.7731,332.2164,332.2164,4.000000,4.000000,4.000000,5.000000,5.000000,96.000000,96.000000,96.000000,95.000000,95.000000,5.0,1461.7522,1339.0033,5182.5761,5305.325,PENDING_AG03,FALSE,NOT_FOR_ENFORCEMENT,6378.5552,554612.3973,6644.3283,6378.5552,265.7731,0.01053293,0.01011162,265.7731,6378.5552,0.01011162,265.7731,265.7731,265.7731,332.2164,332.2164,6378.5552,0.01011162,1461.7522,1339.0033,5182.5761,5305.325,0.00821569,0.00841028,0.00042132,144.3512,141.7025,1.6297,93.5821,10.0216,8884.7126,57.4225,158.2289,140.3023,51.4311,102.8621,129.7286,258.1778,514.3107,1008.3546,77.1466,0.0,5.0,9.802971,1.403346,17,104,92,7,0.24757185,0.01053293,0.02940797,0E-8,0.000000,0.915834,0.000000,-0.02508550,2026-05-12,2026-08-06,71,663,310,87,0.816092,1.127771,1.096139,0.825239,,,,,,,,GLOBAL_BASELINE_NO_ENTITY_RANKING,,,NOT_APPLICABLE_GLOBAL_BASELINE,HF9g-P5,,,,X 全窗基线 · 不参与实体赏罚,14193838,1420,A168_HF9F_20260827_0900,2026-08-27 09:00:00
2026-07-26,137070871,2101,0,51.6355562440,-1.2908889061,-1.2908889061,0.5000000,2,2,0.50665070000000000,0.506650700000,-0.018812684590367487,-0.018812684590367487,-0.018812684590367487,0E-17,ELIGIBLE,R03b_20260811_FULL_v1,L1_ELIGIBILITY,v2026-08-11,2026-03-21..2026-08-06,baccarat_bet02_101_all_pairs_incl_sentinel,round_win = game_pnl > 0 (decisive only),COMPATIBILITY_ONLY_NOT_PRODUCTION,630814.5920,577721.2471,6644.3283,4370,4077,-0.01053293,-0.02940797,-0.00432247,-0.01053293,-6644.3283,630814.5920,OK,0.0000,265.7731,4.0000,96.0000,AG03-UNRESOLVED,ALL5_LEVELS_bet23_to_bet27,265.7731,265.7731,265.7731,332.2164,332.2164,4.000000,4.000000,4.000000,5.000000,5.000000,96.000000,96.000000,96.000000,95.000000,95.000000,5.0,1461.7522,1339.0033,5182.5761,5305.325,PENDING_AG03,FALSE,NOT_FOR_ENFORCEMENT,6378.5552,554612.3973,6644.3283,6378.5552,265.7731,0.01053293,0.01011162,265.7731,6378.5552,0.01011162,265.7731,265.7731,265.7731,332.2164,332.2164,6378.5552,0.01011162,1461.7522,1339.0033,5182.5761,5305.325,0.00821569,0.00841028,0.00042132,144.3512,141.7025,1.6297,93.5821,10.0216,8884.7126,57.4225,158.2289,140.3023,51.4311,102.8621,129.7286,258.1778,514.3107,1008.3546,77.1466,0.0,5.0,9.802971,1.403346,17,104,92,7,0.24757185,0.01053293,0.02940797,0E-8,0.000000,0.915834,0.000000,-0.02508550,2026-05-12,2026-08-06,71,663,310,87,0.816092,1.127771,1.096139,0.825239,,,,,,,,GLOBAL_BASELINE_NO_ENTITY_RANKING,,,NOT_APPLICABLE_GLOBAL_BASELINE,HF9g-P5,,,,X 全窗基线 · 不参与实体赏罚,14193839,1420,A168_HF9F_20260827_0900,2026-08-27 09:00:00
2026-07-26,137070871,2103,0,1794.3355794798,748.0701210853,748.0701210853,0.6000000,10,10,0.50665070000000000,0.506650700000,0.5904450471821361,0.5904450471821361,0.5904450471821361,0E-17,ELIGIBLE,R03b_20260811_FULL_v1,L1_ELIGIBILITY,v2026-08-11,2026-03-21..2026-08-06,baccarat_bet02_101_all_pairs_incl_sentinel,round_win = game_pnl > 0 (decisive only),COMPATIBILITY_ONLY_NOT_PRODUCTION,630814.5920,577721.2471,6644.3283,4370,4077,-0.01053293,-0.02940797,-0.00432247,-0.01053293,-6644.3283,630814.5920,OK,0.0000,265.7731,4.0000,96.0000,AG03-UNRESOLVED,ALL5_LEVELS_bet23_to_bet27,265.7731,265.7731,265.7731,332.2164,332.2164,4.000000,4.000000,4.000000,5.000000,5.000000,96.000000,96.000000,96.000000,95.000000,95.000000,5.0,1461.7522,1339.0033,5182.5761,5305.325,PENDING_AG03,FALSE,NOT_FOR_ENFORCEMENT,6378.5552,554612.3973,6644.3283,6378.5552,265.7731,0.01053293,0.01011162,265.7731,6378.5552,0.01011162,265.7731,265.7731,265.7731,332.2164,332.2164,6378.5552,0.01011162,1461.7522,1339.0033,5182.5761,5305.325,0.00821569,0.00841028,0.00042132,144.3512,141.7025,1.6297,93.5821,10.0216,8884.7126,57.4225,158.2289,140.3023,51.4311,102.8621,129.7286,258.1778,514.3107,1008.3546,77.1466,0.0,5.0,9.802971,1.403346,17,104,92,7,0.24757185,0.01053293,0.02940797,0E-8,0.000000,0.915834,0.000000,-0.02508550,2026-05-12,2026-08-06,71,663,310,87,0.816092,1.127771,1.096139,0.825239,,,,,,,,GLOBAL_BASELINE_NO_ENTITY_RANKING,,,NOT_APPLICABLE_GLOBAL_BASELINE,HF9g-P5,,,,X 全窗基线 · 不参与实体赏罚,14193840,1420,A168_HF9F_20260827_0900,2026-08-27 09:00:00
2026-07-26,137070871,2142,0,296.9044484031,-170.3973356053,-170.3973356053,0.4000000,6,6,0.50665070000000000,0.506650700000,-0.4769986289884125,-0.4769986289884125,-0.4769986289884125,0E-17,ELIGIBLE,R03b_20260811_FULL_v1,L1_ELIGIBILITY,v2026-08-11,2026-03-21..2026-08-06,baccarat_bet02_101_all_pairs_incl_sentinel,round_win = game_pnl > 0 (decisive only),COMPATIBILITY_ONLY_NOT_PRODUCTION,630814.5920,577721.2471,6644.3283,4370,4077,-0.01053293,-0.02940797,-0.00432247,-0.01053293,-6644.3283,630814.5920,OK,0.0000,265.7731,4.0000,96.0000,AG03-UNRESOLVED,ALL5_LEVELS_bet23_to_bet27,265.7731,265.7731,265.7731,332.2164,332.2164,4.000000,4.000000,4.000000,5.000000,5.000000,96.000000,96.000000,96.000000,95.000000,95.000000,5.0,1461.7522,1339.0033,5182.5761,5305.325,PENDING_AG03,FALSE,NOT_FOR_ENFORCEMENT,6378.5552,554612.3973,6644.3283,6378.5552,265.7731,0.01053293,0.01011162,265.7731,6378.5552,0.01011162,265.7731,265.7731,265.7731,332.2164,332.2164,6378.5552,0.01011162,1461.7522,1339.0033,5182.5761,5305.325,0.00821569,0.00841028,0.00042132,144.3512,141.7025,1.6297,93.5821,10.0216,8884.7126,57.4225,158.2289,140.3023,51.4311,102.8621,129.7286,258.1778,514.3107,1008.3546,77.1466,0.0,5.0,9.802971,1.403346,17,104,92,7,0.24757185,0.01053293,0.02940797,0E-8,0.000000,0.915834,0.000000,-0.02508550,2026-05-12,2026-08-06,71,663,310,87,0.816092,1.127771,1.096139,0.825239,,,,,,,,GLOBAL_BASELINE_NO_ENTITY_RANKING,,,NOT_APPLICABLE_GLOBAL_BASELINE,HF9g-P5,,,,X 全窗基线 · 不参与实体赏罚,14193841,1420,A168_HF9F_20260827_0900,2026-08-27 09:00:00
2026-07-26,137070871,2145,0,335.6311155861,-209.1240027883,-209.1240027883,0.2857143,8,8,0.50665070000000000,0.506650700000,-1.169189050789051,-1.169189050789051,-1.169189050789051,0E-17,ELIGIBLE,R03b_20260811_FULL_v1,L1_ELIGIBILITY,v2026-08-11,2026-03-21..2026-08-06,baccarat_bet02_101_all_pairs_incl_sentinel,round_win = game_pnl > 0 (decisive only),COMPATIBILITY_ONLY_NOT_PRODUCTION,630814.5920,577721.2471,6644.3283,4370,4077,-0.01053293,-0.02940797,-0.00432247,-0.01053293,-6644.3283,630814.5920,OK,0.0000,265.7731,4.0000,96.0000,AG03-UNRESOLVED,ALL5_LEVELS_bet23_to_bet27,265.7731,265.7731,265.7731,332.2164,332.2164,4.000000,4.000000,4.000000,5.000000,5.000000,96.000000,96.000000,96.000000,95.000000,95.000000,5.0,1461.7522,1339.0033,5182.5761,5305.325,PENDING_AG03,FALSE,NOT_FOR_ENFORCEMENT,6378.5552,554612.3973,6644.3283,6378.5552,265.7731,0.01053293,0.01011162,265.7731,6378.5552,0.01011162,265.7731,265.7731,265.7731,332.2164,332.2164,6378.5552,0.01011162,1461.7522,1339.0033,5182.5761,5305.325,0.00821569,0.00841028,0.00042132,144.3512,141.7025,1.6297,93.5821,10.0216,8884.7126,57.4225,158.2289,140.3023,51.4311,102.8621,129.7286,258.1778,514.3107,1008.3546,77.1466,0.0,5.0,9.802971,1.403346,17,104,92,7,0.24757185,0.01053293,0.02940797,0E-8,0.000000,0.915834,0.000000,-0.02508550,2026-05-12,2026-08-06,71,663,310,87,0.816092,1.127771,1.096139,0.825239,,,,,,,,GLOBAL_BASELINE_NO_ENTITY_RANKING,,,NOT_APPLICABLE_GLOBAL_BASELINE,HF9g-P5,,,,X 全窗基线 · 不参与实体赏罚,14193842,1420,A168_HF9F_20260827_0900,2026-08-27 09:00:00
2026-07-26,137070871,2196,0,51.6355562440,-1.2908889061,-1.2908889061,0.5000000,2,2,0.50665070000000000,0.506650700000,-0.018812684590367487,-0.018812684590367487,-0.018812684590367487,0E-17,ELIGIBLE,R03b_20260811_FULL_v1,L1_ELIGIBILITY,v2026-08-11,2026-03-21..2026-08-06,baccarat_bet02_101_all_pairs_incl_sentinel,round_win = game_pnl > 0 (decisive only),COMPATIBILITY_ONLY_NOT_PRODUCTION,630814.5920,577721.2471,6644.3283,4370,4077,-0.01053293,-0.02940797,-0.00432247,-0.01053293,-6644.3283,630814.5920,OK,0.0000,265.7731,4.0000,96.0000,AG03-UNRESOLVED,ALL5_LEVELS_bet23_to_bet27,265.7731,265.7731,265.7731,332.2164,332.2164,4.000000,4.000000,4.000000,5.000000,5.000000,96.000000,96.000000,96.000000,95.000000,95.000000,5.0,1461.7522,1339.0033,5182.5761,5305.325,PENDING_AG03,FALSE,NOT_FOR_ENFORCEMENT,6378.5552,554612.3973,6644.3283,6378.5552,265.7731,0.01053293,0.01011162,265.7731,6378.5552,0.01011162,265.7731,265.7731,265.7731,332.2164,332.2164,6378.5552,0.01011162,1461.7522,1339.0033,5182.5761,5305.325,0.00821569,0.00841028,0.00042132,144.3512,141.7025,1.6297,93.5821,10.0216,8884.7126,57.4225,158.2289,140.3023,51.4311,102.8621,129.7286,258.1778,514.3107,1008.3546,77.1466,0.0,5.0,9.802971,1.403346,17,104,92,7,0.24757185,0.01053293,0.02940797,0E-8,0.000000,0.915834,0.000000,-0.02508550,2026-05-12,2026-08-06,71,663,310,87,0.816092,1.127771,1.096139,0.825239,,,,,,,,GLOBAL_BASELINE_NO_ENTITY_RANKING,,,NOT_APPLICABLE_GLOBAL_BASELINE,HF9g-P5,,,,X 全窗基线 · 不参与实体赏罚,14193843,1420,A168_HF9F_20260827_0900,2026-08-27 09:00:00
2026-07-26,137070871,2223,0,129.0888906101,-129.0888906101,-129.0888906101,0E-7,1,1,0.50665070000000000,0.506650700000,-1.013391052207602,-1.013391052207602,-1.013391052207602,0E-17,ELIGIBLE,R03b_20260811_FULL_v1,L1_ELIGIBILITY,v2026-08-11,2026-03-21..2026-08-06,baccarat_bet02_101_all_pairs_incl_sentinel,round_win = game_pnl > 0 (decisive only),COMPATIBILITY_ONLY_NOT_PRODUCTION,630814.5920,577721.2471,6644.3283,4370,4077,-0.01053293,-0.02940797,-0.00432247,-0.01053293,-6644.3283,630814.5920,OK,0.0000,265.7731,4.0000,96.0000,AG03-UNRESOLVED,ALL5_LEVELS_bet23_to_bet27,265.7731,265.7731,265.7731,332.2164,332.2164,4.000000,4.000000,4.000000,5.000000,5.000000,96.000000,96.000000,96.000000,95.000000,95.000000,5.0,1461.7522,1339.0033,5182.5761,5305.325,PENDING_AG03,FALSE,NOT_FOR_ENFORCEMENT,6378.5552,554612.3973,6644.3283,6378.5552,265.7731,0.01053293,0.01011162,265.7731,6378.5552,0.01011162,265.7731,265.7731,265.7731,332.2164,332.2164,6378.5552,0.01011162,1461.7522,1339.0033,5182.5761,5305.325,0.00821569,0.00841028,0.00042132,144.3512,141.7025,1.6297,93.5821,10.0216,8884.7126,57.4225,158.2289,140.3023,51.4311,102.8621,129.7286,258.1778,514.3107,1008.3546,77.1466,0.0,5.0,9.802971,1.403346,17,104,92,7,0.24757185,0.01053293,0.02940797,0E-8,0.000000,0.915834,0.000000,-0.02508550,2026-05-12,2026-08-06,71,663,310,87,0.816092,1.127771,1.096139,0.825239,,,,,,,,GLOBAL_BASELINE_NO_ENTITY_RANKING,,,NOT_APPLICABLE_GLOBAL_BASELINE,HF9g-P5,,,,X 全窗基线 · 不参与实体赏罚,14193844,1420,A168_HF9F_20260827_0900,2026-08-27 09:00:00
2026-07-26,137070871,2267,0,387.2666718302,367.9033382387,367.9033382387,1.0000000,2,2,0.50665070000000000,0.506650700000,1.3955260008387969,1.3955260008387969,1.3955260008387969,0E-17,ELIGIBLE,R03b_20260811_FULL_v1,L1_ELIGIBILITY,v2026-08-11,2026-03-21..2026-08-06,baccarat_bet02_101_all_pairs_incl_sentinel,round_win = game_pnl > 0 (decisive only),COMPATIBILITY_ONLY_NOT_PRODUCTION,630814.5920,577721.2471,6644.3283,4370,4077,-0.01053293,-0.02940797,-0.00432247,-0.01053293,-6644.3283,630814.5920,OK,0.0000,265.7731,4.0000,96.0000,AG03-UNRESOLVED,ALL5_LEVELS_bet23_to_bet27,265.7731,265.7731,265.7731,332.2164,332.2164,4.000000,4.000000,4.000000,5.000000,5.000000,96.000000,96.000000,96.000000,95.000000,95.000000,5.0,1461.7522,1339.0033,5182.5761,5305.325,PENDING_AG03,FALSE,NOT_FOR_ENFORCEMENT,6378.5552,554612.3973,6644.3283,6378.5552,265.7731,0.01053293,0.01011162,265.7731,6378.5552,0.01011162,265.7731,265.7731,265.7731,332.2164,332.2164,6378.5552,0.01011162,1461.7522,1339.0033,5182.5761,5305.325,0.00821569,0.00841028,0.00042132,144.3512,141.7025,1.6297,93.5821,10.0216,8884.7126,57.4225,158.2289,140.3023,51.4311,102.8621,129.7286,258.1778,514.3107,1008.3546,77.1466,0.0,5.0,9.802971,1.403346,17,104,92,7,0.24757185,0.01053293,0.02940797,0E-8,0.000000,0.915834,0.000000,-0.02508550,2026-05-12,2026-08-06,71,663,310,87,0.816092,1.127771,1.096139,0.825239,,,,,,,,GLOBAL_BASELINE_NO_ENTITY_RANKING,,,NOT_APPLICABLE_GLOBAL_BASELINE,HF9g-P5,,,,X 全窗基线 · 不参与实体赏罚,14193845,1420,A168_HF9F_20260827_0900,2026-08-27 09:00:00
2026-07-27,137070871,1094,0,154.9066687320,-2.5817778122,-2.5817778122,0.5000000,3,3,0.50665070000000000,0.506650700000,-0.018812684590367487,-0.018812684590367487,-0.018812684590367487,0E-17,ELIGIBLE,R03b_20260811_FULL_v1,L1_ELIGIBILITY,v2026-08-11,2026-03-21..2026-08-06,baccarat_bet02_101_all_pairs_incl_sentinel,round_win = game_pnl > 0 (decisive only),COMPATIBILITY_ONLY_NOT_PRODUCTION,630814.5920,577721.2471,6644.3283,4370,4077,-0.01053293,-0.02940797,-0.00432247,-0.01053293,-6644.3283,630814.5920,OK,0.0000,265.7731,4.0000,96.0000,AG03-UNRESOLVED,ALL5_LEVELS_bet23_to_bet27,265.7731,265.7731,265.7731,332.2164,332.2164,4.000000,4.000000,4.000000,5.000000,5.000000,96.000000,96.000000,96.000000,95.000000,95.000000,5.0,1461.7522,1339.0033,5182.5761,5305.325,PENDING_AG03,FALSE,NOT_FOR_ENFORCEMENT,6378.5552,554612.3973,6644.3283,6378.5552,265.7731,0.01053293,0.01011162,265.7731,6378.5552,0.01011162,265.7731,265.7731,265.7731,332.2164,332.2164,6378.5552,0.01011162,1461.7522,1339.0033,5182.5761,5305.325,0.00821569,0.00841028,0.00042132,144.3512,141.7025,1.6297,93.5821,10.0216,8884.7126,57.4225,158.2289,140.3023,51.4311,102.8621,129.7286,258.1778,514.3107,1008.3546,77.1466,0.0,5.0,9.802971,1.403346,17,104,92,7,0.24757185,0.01053293,0.02940797,0E-8,0.000000,0.915834,0.000000,-0.02508550,2026-05-12,2026-08-06,71,663,310,87,0.816092,1.127771,1.096139,0.825239,,,,,,,,GLOBAL_BASELINE_NO_ENTITY_RANKING,,,NOT_APPLICABLE_GLOBAL_BASELINE,HF9g-P5,,,,X 全窗基线 · 不参与实体赏罚,14193846,1420,A168_HF9F_20260827_0900,2026-08-27 09:00:00
2026-07-27,137070871,1306,0,51.6355562440,-51.6355562440,-51.6355562440,0E-7,1,1,0.50665070000000000,0.506650700000,-1.013391052207602,-1.013391052207602,-1.013391052207602,0E-17,ELIGIBLE,R03b_20260811_FULL_v1,L1_ELIGIBILITY,v2026-08-11,2026-03-21..2026-08-06,baccarat_bet02_101_all_pairs_incl_sentinel,round_win = game_pnl > 0 (decisive only),COMPATIBILITY_ONLY_NOT_PRODUCTION,630814.5920,577721.2471,6644.3283,4370,4077,-0.01053293,-0.02940797,-0.00432247,-0.01053293,-6644.3283,630814.5920,OK,0.0000,265.7731,4.0000,96.0000,AG03-UNRESOLVED,ALL5_LEVELS_bet23_to_bet27,265.7731,265.7731,265.7731,332.2164,332.2164,4.000000,4.000000,4.000000,5.000000,5.000000,96.000000,96.000000,96.000000,95.000000,95.000000,5.0,1461.7522,1339.0033,5182.5761,5305.325,PENDING_AG03,FALSE,NOT_FOR_ENFORCEMENT,6378.5552,554612.3973,6644.3283,6378.5552,265.7731,0.01053293,0.01011162,265.7731,6378.5552,0.01011162,265.7731,265.7731,265.7731,332.2164,332.2164,6378.5552,0.01011162,1461.7522,1339.0033,5182.5761,5305.325,0.00821569,0.00841028,0.00042132,144.3512,141.7025,1.6297,93.5821,10.0216,8884.7126,57.4225,158.2289,140.3023,51.4311,102.8621,129.7286,258.1778,514.3107,1008.3546,77.1466,0.0,5.0,9.802971,1.403346,17,104,92,7,0.24757185,0.01053293,0.02940797,0E-8,0.000000,0.915834,0.000000,-0.02508550,2026-05-12,2026-08-06,71,663,310,87,0.816092,1.127771,1.096139,0.825239,,,,,,,,GLOBAL_BASELINE_NO_ENTITY_RANKING,,,NOT_APPLICABLE_GLOBAL_BASELINE,HF9g-P5,,,,X 全窗基线 · 不参与实体赏罚,14193847,1420,A168_HF9F_20260827_0900,2026-08-27 09:00:00
2026-07-27,137070871,1330,0,103.2711124880,-2.5817778122,-2.5817778122,0.5000000,2,2,0.50665070000000000,0.506650700000,-0.018812684590367487,-0.018812684590367487,-0.018812684590367487,0E-17,ELIGIBLE,R03b_20260811_FULL_v1,L1_ELIGIBILITY,v2026-08-11,2026-03-21..2026-08-06,baccarat_bet02_101_all_pairs_incl_sentinel,round_win = game_pnl > 0 (decisive only),COMPATIBILITY_ONLY_NOT_PRODUCTION,630814.5920,577721.2471,6644.3283,4370,4077,-0.01053293,-0.02940797,-0.00432247,-0.01053293,-6644.3283,630814.5920,OK,0.0000,265.7731,4.0000,96.0000,AG03-UNRESOLVED,ALL5_LEVELS_bet23_to_bet27,265.7731,265.7731,265.7731,332.2164,332.2164,4.000000,4.000000,4.000000,5.000000,5.000000,96.000000,96.000000,96.000000,95.000000,95.000000,5.0,1461.7522,1339.0033,5182.5761,5305.325,PENDING_AG03,FALSE,NOT_FOR_ENFORCEMENT,6378.5552,554612.3973,6644.3283,6378.5552,265.7731,0.01053293,0.01011162,265.7731,6378.5552,0.01011162,265.7731,265.7731,265.7731,332.2164,332.2164,6378.5552,0.01011162,1461.7522,1339.0033,5182.5761,5305.325,0.00821569,0.00841028,0.00042132,144.3512,141.7025,1.6297,93.5821,10.0216,8884.7126,57.4225,158.2289,140.3023,51.4311,102.8621,129.7286,258.1778,514.3107,1008.3546,77.1466,0.0,5.0,9.802971,1.403346,17,104,92,7,0.24757185,0.01053293,0.02940797,0E-8,0.000000,0.915834,0.000000,-0.02508550,2026-05-12,2026-08-06,71,663,310,87,0.816092,1.127771,1.096139,0.825239,,,,,,,,GLOBAL_BASELINE_NO_ENTITY_RANKING,,,NOT_APPLICABLE_GLOBAL_BASELINE,HF9g-P5,,,,X 全窗基线 · 不参与实体赏罚,14193848,1420,A168_HF9F_20260827_0900,2026-08-27 09:00:00
2026-07-27,137070871,1951,0,154.9066687320,46.4720006196,46.4720006196,0.6666667,3,3,0.50665070000000000,0.506650700000,0.5543606114942035,0.5543606114942035,0.5543606114942035,0E-17,ELIGIBLE,R03b_20260811_FULL_v1,L1_ELIGIBILITY,v2026-08-11,2026-03-21..2026-08-06,baccarat_bet02_101_all_pairs_incl_sentinel,round_win = game_pnl > 0 (decisive only),COMPATIBILITY_ONLY_NOT_PRODUCTION,630814.5920,577721.2471,6644.3283,4370,4077,-0.01053293,-0.02940797,-0.00432247,-0.01053293,-6644.3283,630814.5920,OK,0.0000,265.7731,4.0000,96.0000,AG03-UNRESOLVED,ALL5_LEVELS_bet23_to_bet27,265.7731,265.7731,265.7731,332.2164,332.2164,4.000000,4.000000,4.000000,5.000000,5.000000,96.000000,96.000000,96.000000,95.000000,95.000000,5.0,1461.7522,1339.0033,5182.5761,5305.325,PENDING_AG03,FALSE,NOT_FOR_ENFORCEMENT,6378.5552,554612.3973,6644.3283,6378.5552,265.7731,0.01053293,0.01011162,265.7731,6378.5552,0.01011162,265.7731,265.7731,265.7731,332.2164,332.2164,6378.5552,0.01011162,1461.7522,1339.0033,5182.5761,5305.325,0.00821569,0.00841028,0.00042132,144.3512,141.7025,1.6297,93.5821,10.0216,8884.7126,57.4225,158.2289,140.3023,51.4311,102.8621,129.7286,258.1778,514.3107,1008.3546,77.1466,0.0,5.0,9.802971,1.403346,17,104,92,7,0.24757185,0.01053293,0.02940797,0E-8,0.000000,0.915834,0.000000,-0.02508550,2026-05-12,2026-08-06,71,663,310,87,0.816092,1.127771,1.096139,0.825239,,,,,,,,GLOBAL_BASELINE_NO_ENTITY_RANKING,,,NOT_APPLICABLE_GLOBAL_BASELINE,HF9g-P5,,,,X 全窗基线 · 不参与实体赏罚,14193849,1420,A168_HF9F_20260827_0900,2026-08-27 09:00:00
2026-07-27,137070871,1990,0,51.6355562440,-51.6355562440,-51.6355562440,0E-7,1,1,0.50665070000000000,0.506650700000,-1.013391052207602,-1.013391052207602,-1.013391052207602,0E-17,ELIGIBLE,R03b_20260811_FULL_v1,L1_ELIGIBILITY,v2026-08-11,2026-03-21..2026-08-06,baccarat_bet02_101_all_pairs_incl_sentinel,round_win = game_pnl > 0 (decisive only),COMPATIBILITY_ONLY_NOT_PRODUCTION,630814.5920,577721.2471,6644.3283,4370,4077,-0.01053293,-0.02940797,-0.00432247,-0.01053293,-6644.3283,630814.5920,OK,0.0000,265.7731,4.0000,96.0000,AG03-UNRESOLVED,ALL5_LEVELS_bet23_to_bet27,265.7731,265.7731,265.7731,332.2164,332.2164,4.000000,4.000000,4.000000,5.000000,5.000000,96.000000,96.000000,96.000000,95.000000,95.000000,5.0,1461.7522,1339.0033,5182.5761,5305.325,PENDING_AG03,FALSE,NOT_FOR_ENFORCEMENT,6378.5552,554612.3973,6644.3283,6378.5552,265.7731,0.01053293,0.01011162,265.7731,6378.5552,0.01011162,265.7731,265.7731,265.7731,332.2164,332.2164,6378.5552,0.01011162,1461.7522,1339.0033,5182.5761,5305.325,0.00821569,0.00841028,0.00042132,144.3512,141.7025,1.6297,93.5821,10.0216,8884.7126,57.4225,158.2289,140.3023,51.4311,102.8621,129.7286,258.1778,514.3107,1008.3546,77.1466,0.0,5.0,9.802971,1.403346,17,104,92,7,0.24757185,0.01053293,0.02940797,0E-8,0.000000,0.915834,0.000000,-0.02508550,2026-05-12,2026-08-06,71,663,310,87,0.816092,1.127771,1.096139,0.825239,,,,,,,,GLOBAL_BASELINE_NO_ENTITY_RANKING,,,NOT_APPLICABLE_GLOBAL_BASELINE,HF9g-P5,,,,X 全窗基线 · 不参与实体赏罚,14193850,1420,A168_HF9F_20260827_0900,2026-08-27 09:00:00
2026-07-27,137070871,2123,0,51.6355562440,-51.6355562440,-51.6355562440,0E-7,1,1,0.50665070000000000,0.506650700000,-1.013391052207602,-1.013391052207602,-1.013391052207602,0E-17,ELIGIBLE,R03b_20260811_FULL_v1,L1_ELIGIBILITY,v2026-08-11,2026-03-21..2026-08-06,baccarat_bet02_101_all_pairs_incl_sentinel,round_win = game_pnl > 0 (decisive only),COMPATIBILITY_ONLY_NOT_PRODUCTION,630814.5920,577721.2471,6644.3283,4370,4077,-0.01053293,-0.02940797,-0.00432247,-0.01053293,-6644.3283,630814.5920,OK,0.0000,265.7731,4.0000,96.0000,AG03-UNRESOLVED,ALL5_LEVELS_bet23_to_bet27,265.7731,265.7731,265.7731,332.2164,332.2164,4.000000,4.000000,4.000000,5.000000,5.000000,96.000000,96.000000,96.000000,95.000000,95.000000,5.0,1461.7522,1339.0033,5182.5761,5305.325,PENDING_AG03,FALSE,NOT_FOR_ENFORCEMENT,6378.5552,554612.3973,6644.3283,6378.5552,265.7731,0.01053293,0.01011162,265.7731,6378.5552,0.01011162,265.7731,265.7731,265.7731,332.2164,332.2164,6378.5552,0.01011162,1461.7522,1339.0033,5182.5761,5305.325,0.00821569,0.00841028,0.00042132,144.3512,141.7025,1.6297,93.5821,10.0216,8884.7126,57.4225,158.2289,140.3023,51.4311,102.8621,129.7286,258.1778,514.3107,1008.3546,77.1466,0.0,5.0,9.802971,1.403346,17,104,92,7,0.24757185,0.01053293,0.02940797,0E-8,0.000000,0.915834,0.000000,-0.02508550,2026-05-12,2026-08-06,71,663,310,87,0.816092,1.127771,1.096139,0.825239,,,,,,,,GLOBAL_BASELINE_NO_ENTITY_RANKING,,,NOT_APPLICABLE_GLOBAL_BASELINE,HF9g-P5,,,,X 全窗基线 · 不参与实体赏罚,14193851,1420,A168_HF9F_20260827_0900,2026-08-27 09:00:00
2026-07-27,137070871,2142,0,232.3600030980,120.0526682673,120.0526682673,0.7500000,4,4,0.50665070000000000,0.506650700000,0.9734833216690844,0.9734833216690844,0.9734833216690844,0E-17,ELIGIBLE,R03b_20260811_FULL_v1,L1_ELIGIBILITY,v2026-08-11,2026-03-21..2026-08-06,baccarat_bet02_101_all_pairs_incl_sentinel,round_win = game_pnl > 0 (decisive only),COMPATIBILITY_ONLY_NOT_PRODUCTION,630814.5920,577721.2471,6644.3283,4370,4077,-0.01053293,-0.02940797,-0.00432247,-0.01053293,-6644.3283,630814.5920,OK,0.0000,265.7731,4.0000,96.0000,AG03-UNRESOLVED,ALL5_LEVELS_bet23_to_bet27,265.7731,265.7731,265.7731,332.2164,332.2164,4.000000,4.000000,4.000000,5.000000,5.000000,96.000000,96.000000,96.000000,95.000000,95.000000,5.0,1461.7522,1339.0033,5182.5761,5305.325,PENDING_AG03,FALSE,NOT_FOR_ENFORCEMENT,6378.5552,554612.3973,6644.3283,6378.5552,265.7731,0.01053293,0.01011162,265.7731,6378.5552,0.01011162,265.7731,265.7731,265.7731,332.2164,332.2164,6378.5552,0.01011162,1461.7522,1339.0033,5182.5761,5305.325,0.00821569,0.00841028,0.00042132,144.3512,141.7025,1.6297,93.5821,10.0216,8884.7126,57.4225,158.2289,140.3023,51.4311,102.8621,129.7286,258.1778,514.3107,1008.3546,77.1466,0.0,5.0,9.802971,1.403346,17,104,92,7,0.24757185,0.01053293,0.02940797,0E-8,0.000000,0.915834,0.000000,-0.02508550,2026-05-12,2026-08-06,71,663,310,87,0.816092,1.127771,1.096139,0.825239,,,,,,,,GLOBAL_BASELINE_NO_ENTITY_RANKING,,,NOT_APPLICABLE_GLOBAL_BASELINE,HF9g-P5,,,,X 全窗基线 · 不参与实体赏罚,14193852,1420,A168_HF9F_20260827_0900,2026-08-27 09:00:00
2026-07-27,137070871,2169,0,361.4488937080,141.9977796710,141.9977796710,0.7142857,7,7,0.50665070000000000,0.506650700000,1.098798430526454,1.098798430526454,1.098798430526454,0E-17,ELIGIBLE,R03b_20260811_FULL_v1,L1_ELIGIBILITY,v2026-08-11,2026-03-21..2026-08-06,baccarat_bet02_101_all_pairs_incl_sentinel,round_win = game_pnl > 0 (decisive only),COMPATIBILITY_ONLY_NOT_PRODUCTION,630814.5920,577721.2471,6644.3283,4370,4077,-0.01053293,-0.02940797,-0.00432247,-0.01053293,-6644.3283,630814.5920,OK,0.0000,265.7731,4.0000,96.0000,AG03-UNRESOLVED,ALL5_LEVELS_bet23_to_bet27,265.7731,265.7731,265.7731,332.2164,332.2164,4.000000,4.000000,4.000000,5.000000,5.000000,96.000000,96.000000,96.000000,95.000000,95.000000,5.0,1461.7522,1339.0033,5182.5761,5305.325,PENDING_AG03,FALSE,NOT_FOR_ENFORCEMENT,6378.5552,554612.3973,6644.3283,6378.5552,265.7731,0.01053293,0.01011162,265.7731,6378.5552,0.01011162,265.7731,265.7731,265.7731,332.2164,332.2164,6378.5552,0.01011162,1461.7522,1339.0033,5182.5761,5305.325,0.00821569,0.00841028,0.00042132,144.3512,141.7025,1.6297,93.5821,10.0216,8884.7126,57.4225,158.2289,140.3023,51.4311,102.8621,129.7286,258.1778,514.3107,1008.3546,77.1466,0.0,5.0,9.802971,1.403346,17,104,92,7,0.24757185,0.01053293,0.02940797,0E-8,0.000000,0.915834,0.000000,-0.02508550,2026-05-12,2026-08-06,71,663,310,87,0.816092,1.127771,1.096139,0.825239,,,,,,,,GLOBAL_BASELINE_NO_ENTITY_RANKING,,,NOT_APPLICABLE_GLOBAL_BASELINE,HF9g-P5,,,,X 全窗基线 · 不参与实体赏罚,14193853,1420,A168_HF9F_20260827_0900,2026-08-27 09:00:00
2026-07-27,137070871,2196,0,258.1777812200,95.5257790514,95.5257790514,0.7500000,5,5,0.50665070000000000,0.506650700000,0.9734833216690844,0.9734833216690844,0.9734833216690844,0E-17,ELIGIBLE,R03b_20260811_FULL_v1,L1_ELIGIBILITY,v2026-08-11,2026-03-21..2026-08-06,baccarat_bet02_101_all_pairs_incl_sentinel,round_win = game_pnl > 0 (decisive only),COMPATIBILITY_ONLY_NOT_PRODUCTION,630814.5920,577721.2471,6644.3283,4370,4077,-0.01053293,-0.02940797,-0.00432247,-0.01053293,-6644.3283,630814.5920,OK,0.0000,265.7731,4.0000,96.0000,AG03-UNRESOLVED,ALL5_LEVELS_bet23_to_bet27,265.7731,265.7731,265.7731,332.2164,332.2164,4.000000,4.000000,4.000000,5.000000,5.000000,96.000000,96.000000,96.000000,95.000000,95.000000,5.0,1461.7522,1339.0033,5182.5761,5305.325,PENDING_AG03,FALSE,NOT_FOR_ENFORCEMENT,6378.5552,554612.3973,6644.3283,6378.5552,265.7731,0.01053293,0.01011162,265.7731,6378.5552,0.01011162,265.7731,265.7731,265.7731,332.2164,332.2164,6378.5552,0.01011162,1461.7522,1339.0033,5182.5761,5305.325,0.00821569,0.00841028,0.00042132,144.3512,141.7025,1.6297,93.5821,10.0216,8884.7126,57.4225,158.2289,140.3023,51.4311,102.8621,129.7286,258.1778,514.3107,1008.3546,77.1466,0.0,5.0,9.802971,1.403346,17,104,92,7,0.24757185,0.01053293,0.02940797,0E-8,0.000000,0.915834,0.000000,-0.02508550,2026-05-12,2026-08-06,71,663,310,87,0.816092,1.127771,1.096139,0.825239,,,,,,,,GLOBAL_BASELINE_NO_ENTITY_RANKING,,,NOT_APPLICABLE_GLOBAL_BASELINE,HF9g-P5,,,,X 全窗基线 · 不参与实体赏罚,14193854,1420,A168_HF9F_20260827_0900,2026-08-27 09:00:00
2026-07-27,137070871,763,0,103.2711124880,-103.2711124880,-103.2711124880,0E-7,2,2,0.50665070000000000,0.506650700000,-1.4331513700195317,-1.4331513700195317,-1.4331513700195317,0E-17,ELIGIBLE,R03b_20260811_FULL_v1,L1_ELIGIBILITY,v2026-08-11,2026-03-21..2026-08-06,baccarat_bet02_101_all_pairs_incl_sentinel,round_win = game_pnl > 0 (decisive only),COMPATIBILITY_ONLY_NOT_PRODUCTION,630814.5920,577721.2471,6644.3283,4370,4077,-0.01053293,-0.02940797,-0.00432247,-0.01053293,-6644.3283,630814.5920,OK,0.0000,265.7731,4.0000,96.0000,AG03-UNRESOLVED,ALL5_LEVELS_bet23_to_bet27,265.7731,265.7731,265.7731,332.2164,332.2164,4.000000,4.000000,4.000000,5.000000,5.000000,96.000000,96.000000,96.000000,95.000000,95.000000,5.0,1461.7522,1339.0033,5182.5761,5305.325,PENDING_AG03,FALSE,NOT_FOR_ENFORCEMENT,6378.5552,554612.3973,6644.3283,6378.5552,265.7731,0.01053293,0.01011162,265.7731,6378.5552,0.01011162,265.7731,265.7731,265.7731,332.2164,332.2164,6378.5552,0.01011162,1461.7522,1339.0033,5182.5761,5305.325,0.00821569,0.00841028,0.00042132,144.3512,141.7025,1.6297,93.5821,10.0216,8884.7126,57.4225,158.2289,140.3023,51.4311,102.8621,129.7286,258.1778,514.3107,1008.3546,77.1466,0.0,5.0,9.802971,1.403346,17,104,92,7,0.24757185,0.01053293,0.02940797,0E-8,0.000000,0.915834,0.000000,-0.02508550,2026-05-12,2026-08-06,71,663,310,87,0.816092,1.127771,1.096139,0.825239,,,,,,,,GLOBAL_BASELINE_NO_ENTITY_RANKING,,,NOT_APPLICABLE_GLOBAL_BASELINE,HF9g-P5,,,,X 全窗基线 · 不参与实体赏罚,14193855,1420,A168_HF9F_20260827_0900,2026-08-27 09:00:00
2026-07-27,137070871,986,0,826.1688999040,-18.0724446854,-18.0724446854,0.6363636,25,13,0.45056487142857143,0.408500500000,1.2385179052125077,1.5374355756549791,1.2385179052125077,0.04206437142857143,ELIGIBLE,R03b_20260811_FULL_v1,L1_ELIGIBILITY,v2026-08-11,2026-03-21..2026-08-06,baccarat_bet02_101_all_pairs_incl_sentinel,round_win = game_pnl > 0 (decisive only),COMPATIBILITY_ONLY_NOT_PRODUCTION,630814.5920,577721.2471,6644.3283,4370,4077,-0.01053293,-0.02940797,-0.00432247,-0.01053293,-6644.3283,630814.5920,OK,0.0000,265.7731,4.0000,96.0000,AG03-UNRESOLVED,ALL5_LEVELS_bet23_to_bet27,265.7731,265.7731,265.7731,332.2164,332.2164,4.000000,4.000000,4.000000,5.000000,5.000000,96.000000,96.000000,96.000000,95.000000,95.000000,5.0,1461.7522,1339.0033,5182.5761,5305.325,PENDING_AG03,FALSE,NOT_FOR_ENFORCEMENT,6378.5552,554612.3973,6644.3283,6378.5552,265.7731,0.01053293,0.01011162,265.7731,6378.5552,0.01011162,265.7731,265.7731,265.7731,332.2164,332.2164,6378.5552,0.01011162,1461.7522,1339.0033,5182.5761,5305.325,0.00821569,0.00841028,0.00042132,144.3512,141.7025,1.6297,93.5821,10.0216,8884.7126,57.4225,158.2289,140.3023,51.4311,102.8621,129.7286,258.1778,514.3107,1008.3546,77.1466,0.0,5.0,9.802971,1.403346,17,104,92,7,0.24757185,0.01053293,0.02940797,0E-8,0.000000,0.915834,0.000000,-0.02508550,2026-05-12,2026-08-06,71,663,310,87,0.816092,1.127771,1.096139,0.825239,,,,,,,,GLOBAL_BASELINE_NO_ENTITY_RANKING,,,NOT_APPLICABLE_GLOBAL_BASELINE,HF9g-P5,,,,X 全窗基线 · 不参与实体赏罚,14193856,1420,A168_HF9F_20260827_0900,2026-08-27 09:00:00
2026-07-28,137070871,2101,0,103.2711124881,0E-10,0E-10,,1,1,0.50665070000000000,0.506650700000,,,,0E-17,NO_DECISIVE_ROUND,R03b_20260811_FULL_v1,L1_ELIGIBILITY,v2026-08-11,2026-03-21..2026-08-06,baccarat_bet02_101_all_pairs_incl_sentinel,round_win = game_pnl > 0 (decisive only),COMPATIBILITY_ONLY_NOT_PRODUCTION,630814.5920,577721.2471,6644.3283,4370,4077,-0.01053293,-0.02940797,-0.00432247,-0.01053293,-6644.3283,630814.5920,OK,0.0000,265.7731,4.0000,96.0000,AG03-UNRESOLVED,ALL5_LEVELS_bet23_to_bet27,265.7731,265.7731,265.7731,332.2164,332.2164,4.000000,4.000000,4.000000,5.000000,5.000000,96.000000,96.000000,96.000000,95.000000,95.000000,5.0,1461.7522,1339.0033,5182.5761,5305.325,PENDING_AG03,FALSE,NOT_FOR_ENFORCEMENT,6378.5552,554612.3973,6644.3283,6378.5552,265.7731,0.01053293,0.01011162,265.7731,6378.5552,0.01011162,265.7731,265.7731,265.7731,332.2164,332.2164,6378.5552,0.01011162,1461.7522,1339.0033,5182.5761,5305.325,0.00821569,0.00841028,0.00042132,144.3512,141.7025,1.6297,93.5821,10.0216,8884.7126,57.4225,158.2289,140.3023,51.4311,102.8621,129.7286,258.1778,514.3107,1008.3546,77.1466,0.0,5.0,9.802971,1.403346,17,104,92,7,0.24757185,0.01053293,0.02940797,0E-8,0.000000,0.915834,0.000000,-0.02508550,2026-05-12,2026-08-06,71,663,310,87,0.816092,1.127771,1.096139,0.825239,,,,,,,,GLOBAL_BASELINE_NO_ENTITY_RANKING,,,NOT_APPLICABLE_GLOBAL_BASELINE,HF9g-P5,,,,X 全窗基线 · 不参与实体赏罚,14193857,1420,A168_HF9F_20260827_0900,2026-08-27 09:00:00
2026-07-28,137070871,2288,0,206.5422249761,-206.5422249761,-206.5422249761,0E-7,3,3,0.50665070000000000,0.506650700000,-1.7552447903592512,-1.7552447903592512,-1.7552447903592512,0E-17,ELIGIBLE,R03b_20260811_FULL_v1,L1_ELIGIBILITY,v2026-08-11,2026-03-21..2026-08-06,baccarat_bet02_101_all_pairs_incl_sentinel,round_win = game_pnl > 0 (decisive only),COMPATIBILITY_ONLY_NOT_PRODUCTION,630814.5920,577721.2471,6644.3283,4370,4077,-0.01053293,-0.02940797,-0.00432247,-0.01053293,-6644.3283,630814.5920,OK,0.0000,265.7731,4.0000,96.0000,AG03-UNRESOLVED,ALL5_LEVELS_bet23_to_bet27,265.7731,265.7731,265.7731,332.2164,332.2164,4.000000,4.000000,4.000000,5.000000,5.000000,96.000000,96.000000,96.000000,95.000000,95.000000,5.0,1461.7522,1339.0033,5182.5761,5305.325,PENDING_AG03,FALSE,NOT_FOR_ENFORCEMENT,6378.5552,554612.3973,6644.3283,6378.5552,265.7731,0.01053293,0.01011162,265.7731,6378.5552,0.01011162,265.7731,265.7731,265.7731,332.2164,332.2164,6378.5552,0.01011162,1461.7522,1339.0033,5182.5761,5305.325,0.00821569,0.00841028,0.00042132,144.3512,141.7025,1.6297,93.5821,10.0216,8884.7126,57.4225,158.2289,140.3023,51.4311,102.8621,129.7286,258.1778,514.3107,1008.3546,77.1466,0.0,5.0,9.802971,1.403346,17,104,92,7,0.24757185,0.01053293,0.02940797,0E-8,0.000000,0.915834,0.000000,-0.02508550,2026-05-12,2026-08-06,71,663,310,87,0.816092,1.127771,1.096139,0.825239,,,,,,,,GLOBAL_BASELINE_NO_ENTITY_RANKING,,,NOT_APPLICABLE_GLOBAL_BASELINE,HF9g-P5,,,,X 全窗基线 · 不参与实体赏罚,14193858,1420,A168_HF9F_20260827_0900,2026-08-27 09:00:00
2026-07-29,137070871,1017,0,129.0888906101,-129.0888906101,-129.0888906101,0E-7,1,1,0.50665070000000000,0.506650700000,-1.013391052207602,-1.013391052207602,-1.013391052207602,0E-17,ELIGIBLE,R03b_20260811_FULL_v1,L1_ELIGIBILITY,v2026-08-11,2026-03-21..2026-08-06,baccarat_bet02_101_all_pairs_incl_sentinel,round_win = game_pnl > 0 (decisive only),COMPATIBILITY_ONLY_NOT_PRODUCTION,630814.5920,577721.2471,6644.3283,4370,4077,-0.01053293,-0.02940797,-0.00432247,-0.01053293,-6644.3283,630814.5920,OK,0.0000,265.7731,4.0000,96.0000,AG03-UNRESOLVED,ALL5_LEVELS_bet23_to_bet27,265.7731,265.7731,265.7731,332.2164,332.2164,4.000000,4.000000,4.000000,5.000000,5.000000,96.000000,96.000000,96.000000,95.000000,95.000000,5.0,1461.7522,1339.0033,5182.5761,5305.325,PENDING_AG03,FALSE,NOT_FOR_ENFORCEMENT,6378.5552,554612.3973,6644.3283,6378.5552,265.7731,0.01053293,0.01011162,265.7731,6378.5552,0.01011162,265.7731,265.7731,265.7731,332.2164,332.2164,6378.5552,0.01011162,1461.7522,1339.0033,5182.5761,5305.325,0.00821569,0.00841028,0.00042132,144.3512,141.7025,1.6297,93.5821,10.0216,8884.7126,57.4225,158.2289,140.3023,51.4311,102.8621,129.7286,258.1778,514.3107,1008.3546,77.1466,0.0,5.0,9.802971,1.403346,17,104,92,7,0.24757185,0.01053293,0.02940797,0E-8,0.000000,0.915834,0.000000,-0.02508550,2026-05-12,2026-08-06,71,663,310,87,0.816092,1.127771,1.096139,0.825239,,,,,,,,GLOBAL_BASELINE_NO_ENTITY_RANKING,,,NOT_APPLICABLE_GLOBAL_BASELINE,HF9g-P5,,,,X 全窗基线 · 不参与实体赏罚,14193859,1420,A168_HF9F_20260827_0900,2026-08-27 09:00:00
2026-07-29,137070871,1210,0,258.1777812201,-258.1777812201,-258.1777812201,0E-7,1,1,0.50665070000000000,0.506650700000,-1.013391052207602,-1.013391052207602,-1.013391052207602,0E-17,ELIGIBLE,R03b_20260811_FULL_v1,L1_ELIGIBILITY,v2026-08-11,2026-03-21..2026-08-06,baccarat_bet02_101_all_pairs_incl_sentinel,round_win = game_pnl > 0 (decisive only),COMPATIBILITY_ONLY_NOT_PRODUCTION,630814.5920,577721.2471,6644.3283,4370,4077,-0.01053293,-0.02940797,-0.00432247,-0.01053293,-6644.3283,630814.5920,OK,0.0000,265.7731,4.0000,96.0000,AG03-UNRESOLVED,ALL5_LEVELS_bet23_to_bet27,265.7731,265.7731,265.7731,332.2164,332.2164,4.000000,4.000000,4.000000,5.000000,5.000000,96.000000,96.000000,96.000000,95.000000,95.000000,5.0,1461.7522,1339.0033,5182.5761,5305.325,PENDING_AG03,FALSE,NOT_FOR_ENFORCEMENT,6378.5552,554612.3973,6644.3283,6378.5552,265.7731,0.01053293,0.01011162,265.7731,6378.5552,0.01011162,265.7731,265.7731,265.7731,332.2164,332.2164,6378.5552,0.01011162,1461.7522,1339.0033,5182.5761,5305.325,0.00821569,0.00841028,0.00042132,144.3512,141.7025,1.6297,93.5821,10.0216,8884.7126,57.4225,158.2289,140.3023,51.4311,102.8621,129.7286,258.1778,514.3107,1008.3546,77.1466,0.0,5.0,9.802971,1.403346,17,104,92,7,0.24757185,0.01053293,0.02940797,0E-8,0.000000,0.915834,0.000000,-0.02508550,2026-05-12,2026-08-06,71,663,310,87,0.816092,1.127771,1.096139,0.825239,,,,,,,,GLOBAL_BASELINE_NO_ENTITY_RANKING,,,NOT_APPLICABLE_GLOBAL_BASELINE,HF9g-P5,,,,X 全窗基线 · 不参与实体赏罚,14193860,1420,A168_HF9F_20260827_0900,2026-08-27 09:00:00
2026-07-29,137070871,1307,0,387.2666718303,116.1800015491,116.1800015491,0.6666667,3,3,0.50665070000000000,0.506650700000,0.5543606114942035,0.5543606114942035,0.5543606114942035,0E-17,ELIGIBLE,R03b_20260811_FULL_v1,L1_ELIGIBILITY,v2026-08-11,2026-03-21..2026-08-06,baccarat_bet02_101_all_pairs_incl_sentinel,round_win = game_pnl > 0 (decisive only),COMPATIBILITY_ONLY_NOT_PRODUCTION,630814.5920,577721.2471,6644.3283,4370,4077,-0.01053293,-0.02940797,-0.00432247,-0.01053293,-6644.3283,630814.5920,OK,0.0000,265.7731,4.0000,96.0000,AG03-UNRESOLVED,ALL5_LEVELS_bet23_to_bet27,265.7731,265.7731,265.7731,332.2164,332.2164,4.000000,4.000000,4.000000,5.000000,5.000000,96.000000,96.000000,96.000000,95.000000,95.000000,5.0,1461.7522,1339.0033,5182.5761,5305.325,PENDING_AG03,FALSE,NOT_FOR_ENFORCEMENT,6378.5552,554612.3973,6644.3283,6378.5552,265.7731,0.01053293,0.01011162,265.7731,6378.5552,0.01011162,265.7731,265.7731,265.7731,332.2164,332.2164,6378.5552,0.01011162,1461.7522,1339.0033,5182.5761,5305.325,0.00821569,0.00841028,0.00042132,144.3512,141.7025,1.6297,93.5821,10.0216,8884.7126,57.4225,158.2289,140.3023,51.4311,102.8621,129.7286,258.1778,514.3107,1008.3546,77.1466,0.0,5.0,9.802971,1.403346,17,104,92,7,0.24757185,0.01053293,0.02940797,0E-8,0.000000,0.915834,0.000000,-0.02508550,2026-05-12,2026-08-06,71,663,310,87,0.816092,1.127771,1.096139,0.825239,,,,,,,,GLOBAL_BASELINE_NO_ENTITY_RANKING,,,NOT_APPLICABLE_GLOBAL_BASELINE,HF9g-P5,,,,X 全窗基线 · 不参与实体赏罚,14193861,1420,A168_HF9F_20260827_0900,2026-08-27 09:00:00
2026-07-29,137070871,1994,0,645.4444530505,-12.9088890610,-12.9088890610,0.5000000,5,5,0.50665070000000000,0.506650700000,-0.02660515369234503,-0.02660515369234503,-0.02660515369234503,0E-17,ELIGIBLE,R03b_20260811_FULL_v1,L1_ELIGIBILITY,v2026-08-11,2026-03-21..2026-08-06,baccarat_bet02_101_all_pairs_incl_sentinel,round_win = game_pnl > 0 (decisive only),COMPATIBILITY_ONLY_NOT_PRODUCTION,630814.5920,577721.2471,6644.3283,4370,4077,-0.01053293,-0.02940797,-0.00432247,-0.01053293,-6644.3283,630814.5920,OK,0.0000,265.7731,4.0000,96.0000,AG03-UNRESOLVED,ALL5_LEVELS_bet23_to_bet27,265.7731,265.7731,265.7731,332.2164,332.2164,4.000000,4.000000,4.000000,5.000000,5.000000,96.000000,96.000000,96.000000,95.000000,95.000000,5.0,1461.7522,1339.0033,5182.5761,5305.325,PENDING_AG03,FALSE,NOT_FOR_ENFORCEMENT,6378.5552,554612.3973,6644.3283,6378.5552,265.7731,0.01053293,0.01011162,265.7731,6378.5552,0.01011162,265.7731,265.7731,265.7731,332.2164,332.2164,6378.5552,0.01011162,1461.7522,1339.0033,5182.5761,5305.325,0.00821569,0.00841028,0.00042132,144.3512,141.7025,1.6297,93.5821,10.0216,8884.7126,57.4225,158.2289,140.3023,51.4311,102.8621,129.7286,258.1778,514.3107,1008.3546,77.1466,0.0,5.0,9.802971,1.403346,17,104,92,7,0.24757185,0.01053293,0.02940797,0E-8,0.000000,0.915834,0.000000,-0.02508550,2026-05-12,2026-08-06,71,663,310,87,0.816092,1.127771,1.096139,0.825239,,,,,,,,GLOBAL_BASELINE_NO_ENTITY_RANKING,,,NOT_APPLICABLE_GLOBAL_BASELINE,HF9g-P5,,,,X 全窗基线 · 不参与实体赏罚,14193862,1420,A168_HF9F_20260827_0900,2026-08-27 09:00:00
2026-07-29,137070871,2101,0,1161.8000154908,348.5400046474,348.5400046474,0.7500000,8,8,0.50665070000000000,0.506650700000,1.3767133162484293,1.3767133162484293,1.3767133162484293,0E-17,ELIGIBLE,R03b_20260811_FULL_v1,L1_ELIGIBILITY,v2026-08-11,2026-03-21..2026-08-06,baccarat_bet02_101_all_pairs_incl_sentinel,round_win = game_pnl > 0 (decisive only),COMPATIBILITY_ONLY_NOT_PRODUCTION,630814.5920,577721.2471,6644.3283,4370,4077,-0.01053293,-0.02940797,-0.00432247,-0.01053293,-6644.3283,630814.5920,OK,0.0000,265.7731,4.0000,96.0000,AG03-UNRESOLVED,ALL5_LEVELS_bet23_to_bet27,265.7731,265.7731,265.7731,332.2164,332.2164,4.000000,4.000000,4.000000,5.000000,5.000000,96.000000,96.000000,96.000000,95.000000,95.000000,5.0,1461.7522,1339.0033,5182.5761,5305.325,PENDING_AG03,FALSE,NOT_FOR_ENFORCEMENT,6378.5552,554612.3973,6644.3283,6378.5552,265.7731,0.01053293,0.01011162,265.7731,6378.5552,0.01011162,265.7731,265.7731,265.7731,332.2164,332.2164,6378.5552,0.01011162,1461.7522,1339.0033,5182.5761,5305.325,0.00821569,0.00841028,0.00042132,144.3512,141.7025,1.6297,93.5821,10.0216,8884.7126,57.4225,158.2289,140.3023,51.4311,102.8621,129.7286,258.1778,514.3107,1008.3546,77.1466,0.0,5.0,9.802971,1.403346,17,104,92,7,0.24757185,0.01053293,0.02940797,0E-8,0.000000,0.915834,0.000000,-0.02508550,2026-05-12,2026-08-06,71,663,310,87,0.816092,1.127771,1.096139,0.825239,,,,,,,,GLOBAL_BASELINE_NO_ENTITY_RANKING,,,NOT_APPLICABLE_GLOBAL_BASELINE,HF9g-P5,,,,X 全窗基线 · 不参与实体赏罚,14193863,1420,A168_HF9F_20260827_0900,2026-08-27 09:00:00
2026-07-29,137070871,2145,0,232.3600030981,-232.3600030981,-232.3600030981,0E-7,3,3,0.50665070000000000,0.506650700000,-1.7552447903592512,-1.7552447903592512,-1.7552447903592512,0E-17,ELIGIBLE,R03b_20260811_FULL_v1,L1_ELIGIBILITY,v2026-08-11,2026-03-21..2026-08-06,baccarat_bet02_101_all_pairs_incl_sentinel,round_win = game_pnl > 0 (decisive only),COMPATIBILITY_ONLY_NOT_PRODUCTION,630814.5920,577721.2471,6644.3283,4370,4077,-0.01053293,-0.02940797,-0.00432247,-0.01053293,-6644.3283,630814.5920,OK,0.0000,265.7731,4.0000,96.0000,AG03-UNRESOLVED,ALL5_LEVELS_bet23_to_bet27,265.7731,265.7731,265.7731,332.2164,332.2164,4.000000,4.000000,4.000000,5.000000,5.000000,96.000000,96.000000,96.000000,95.000000,95.000000,5.0,1461.7522,1339.0033,5182.5761,5305.325,PENDING_AG03,FALSE,NOT_FOR_ENFORCEMENT,6378.5552,554612.3973,6644.3283,6378.5552,265.7731,0.01053293,0.01011162,265.7731,6378.5552,0.01011162,265.7731,265.7731,265.7731,332.2164,332.2164,6378.5552,0.01011162,1461.7522,1339.0033,5182.5761,5305.325,0.00821569,0.00841028,0.00042132,144.3512,141.7025,1.6297,93.5821,10.0216,8884.7126,57.4225,158.2289,140.3023,51.4311,102.8621,129.7286,258.1778,514.3107,1008.3546,77.1466,0.0,5.0,9.802971,1.403346,17,104,92,7,0.24757185,0.01053293,0.02940797,0E-8,0.000000,0.915834,0.000000,-0.02508550,2026-05-12,2026-08-06,71,663,310,87,0.816092,1.127771,1.096139,0.825239,,,,,,,,GLOBAL_BASELINE_NO_ENTITY_RANKING,,,NOT_APPLICABLE_GLOBAL_BASELINE,HF9g-P5,,,,X 全窗基线 · 不参与实体赏罚,14193864,1420,A168_HF9F_20260827_0900,2026-08-27 09:00:00
2026-07-29,137070871,2170,0,129.0888906101,-129.0888906101,-129.0888906101,0E-7,1,1,0.50665070000000000,0.506650700000,-1.013391052207602,-1.013391052207602,-1.013391052207602,0E-17,ELIGIBLE,R03b_20260811_FULL_v1,L1_ELIGIBILITY,v2026-08-11,2026-03-21..2026-08-06,baccarat_bet02_101_all_pairs_incl_sentinel,round_win = game_pnl > 0 (decisive only),COMPATIBILITY_ONLY_NOT_PRODUCTION,630814.5920,577721.2471,6644.3283,4370,4077,-0.01053293,-0.02940797,-0.00432247,-0.01053293,-6644.3283,630814.5920,OK,0.0000,265.7731,4.0000,96.0000,AG03-UNRESOLVED,ALL5_LEVELS_bet23_to_bet27,265.7731,265.7731,265.7731,332.2164,332.2164,4.000000,4.000000,4.000000,5.000000,5.000000,96.000000,96.000000,96.000000,95.000000,95.000000,5.0,1461.7522,1339.0033,5182.5761,5305.325,PENDING_AG03,FALSE,NOT_FOR_ENFORCEMENT,6378.5552,554612.3973,6644.3283,6378.5552,265.7731,0.01053293,0.01011162,265.7731,6378.5552,0.01011162,265.7731,265.7731,265.7731,332.2164,332.2164,6378.5552,0.01011162,1461.7522,1339.0033,5182.5761,5305.325,0.00821569,0.00841028,0.00042132,144.3512,141.7025,1.6297,93.5821,10.0216,8884.7126,57.4225,158.2289,140.3023,51.4311,102.8621,129.7286,258.1778,514.3107,1008.3546,77.1466,0.0,5.0,9.802971,1.403346,17,104,92,7,0.24757185,0.01053293,0.02940797,0E-8,0.000000,0.915834,0.000000,-0.02508550,2026-05-12,2026-08-06,71,663,310,87,0.816092,1.127771,1.096139,0.825239,,,,,,,,GLOBAL_BASELINE_NO_ENTITY_RANKING,,,NOT_APPLICABLE_GLOBAL_BASELINE,HF9g-P5,,,,X 全窗基线 · 不参与实体赏罚,14193865,1420,A168_HF9F_20260827_0900,2026-08-27 09:00:00
2026-07-29,137070871,2196,0,154.9066687321,-154.9066687321,-154.9066687321,0E-7,2,2,0.50665070000000000,0.506650700000,-1.4331513700195317,-1.4331513700195317,-1.4331513700195317,0E-17,ELIGIBLE,R03b_20260811_FULL_v1,L1_ELIGIBILITY,v2026-08-11,2026-03-21..2026-08-06,baccarat_bet02_101_all_pairs_incl_sentinel,round_win = game_pnl > 0 (decisive only),COMPATIBILITY_ONLY_NOT_PRODUCTION,630814.5920,577721.2471,6644.3283,4370,4077,-0.01053293,-0.02940797,-0.00432247,-0.01053293,-6644.3283,630814.5920,OK,0.0000,265.7731,4.0000,96.0000,AG03-UNRESOLVED,ALL5_LEVELS_bet23_to_bet27,265.7731,265.7731,265.7731,332.2164,332.2164,4.000000,4.000000,4.000000,5.000000,5.000000,96.000000,96.000000,96.000000,95.000000,95.000000,5.0,1461.7522,1339.0033,5182.5761,5305.325,PENDING_AG03,FALSE,NOT_FOR_ENFORCEMENT,6378.5552,554612.3973,6644.3283,6378.5552,265.7731,0.01053293,0.01011162,265.7731,6378.5552,0.01011162,265.7731,265.7731,265.7731,332.2164,332.2164,6378.5552,0.01011162,1461.7522,1339.0033,5182.5761,5305.325,0.00821569,0.00841028,0.00042132,144.3512,141.7025,1.6297,93.5821,10.0216,8884.7126,57.4225,158.2289,140.3023,51.4311,102.8621,129.7286,258.1778,514.3107,1008.3546,77.1466,0.0,5.0,9.802971,1.403346,17,104,92,7,0.24757185,0.01053293,0.02940797,0E-8,0.000000,0.915834,0.000000,-0.02508550,2026-05-12,2026-08-06,71,663,310,87,0.816092,1.127771,1.096139,0.825239,,,,,,,,GLOBAL_BASELINE_NO_ENTITY_RANKING,,,NOT_APPLICABLE_GLOBAL_BASELINE,HF9g-P5,,,,X 全窗基线 · 不参与实体赏罚,14193866,1420,A168_HF9F_20260827_0900,2026-08-27 09:00:00
2026-07-29,137070871,2223,0,258.1777812202,245.2688921592,245.2688921592,1.0000000,2,2,0.50665070000000000,0.506650700000,1.3955260008387969,1.3955260008387969,1.3955260008387969,0E-17,ELIGIBLE,R03b_20260811_FULL_v1,L1_ELIGIBILITY,v2026-08-11,2026-03-21..2026-08-06,baccarat_bet02_101_all_pairs_incl_sentinel,round_win = game_pnl > 0 (decisive only),COMPATIBILITY_ONLY_NOT_PRODUCTION,630814.5920,577721.2471,6644.3283,4370,4077,-0.01053293,-0.02940797,-0.00432247,-0.01053293,-6644.3283,630814.5920,OK,0.0000,265.7731,4.0000,96.0000,AG03-UNRESOLVED,ALL5_LEVELS_bet23_to_bet27,265.7731,265.7731,265.7731,332.2164,332.2164,4.000000,4.000000,4.000000,5.000000,5.000000,96.000000,96.000000,96.000000,95.000000,95.000000,5.0,1461.7522,1339.0033,5182.5761,5305.325,PENDING_AG03,FALSE,NOT_FOR_ENFORCEMENT,6378.5552,554612.3973,6644.3283,6378.5552,265.7731,0.01053293,0.01011162,265.7731,6378.5552,0.01011162,265.7731,265.7731,265.7731,332.2164,332.2164,6378.5552,0.01011162,1461.7522,1339.0033,5182.5761,5305.325,0.00821569,0.00841028,0.00042132,144.3512,141.7025,1.6297,93.5821,10.0216,8884.7126,57.4225,158.2289,140.3023,51.4311,102.8621,129.7286,258.1778,514.3107,1008.3546,77.1466,0.0,5.0,9.802971,1.403346,17,104,92,7,0.24757185,0.01053293,0.02940797,0E-8,0.000000,0.915834,0.000000,-0.02508550,2026-05-12,2026-08-06,71,663,310,87,0.816092,1.127771,1.096139,0.825239,,,,,,,,GLOBAL_BASELINE_NO_ENTITY_RANKING,,,NOT_APPLICABLE_GLOBAL_BASELINE,HF9g-P5,,,,X 全窗基线 · 不参与实体赏罚,14193867,1420,A168_HF9F_20260827_0900,2026-08-27 09:00:00
2026-07-30,137070871,1017,0,645.4444530504,-141.9977796710,-141.9977796710,0.5000000,4,4,0.50665070000000000,0.506650700000,-0.02660515369234503,-0.02660515369234503,-0.02660515369234503,0E-17,ELIGIBLE,R03b_20260811_FULL_v1,L1_ELIGIBILITY,v2026-08-11,2026-03-21..2026-08-06,baccarat_bet02_101_all_pairs_incl_sentinel,round_win = game_pnl > 0 (decisive only),COMPATIBILITY_ONLY_NOT_PRODUCTION,630814.5920,577721.2471,6644.3283,4370,4077,-0.01053293,-0.02940797,-0.00432247,-0.01053293,-6644.3283,630814.5920,OK,0.0000,265.7731,4.0000,96.0000,AG03-UNRESOLVED,ALL5_LEVELS_bet23_to_bet27,265.7731,265.7731,265.7731,332.2164,332.2164,4.000000,4.000000,4.000000,5.000000,5.000000,96.000000,96.000000,96.000000,95.000000,95.000000,5.0,1461.7522,1339.0033,5182.5761,5305.325,PENDING_AG03,FALSE,NOT_FOR_ENFORCEMENT,6378.5552,554612.3973,6644.3283,6378.5552,265.7731,0.01053293,0.01011162,265.7731,6378.5552,0.01011162,265.7731,265.7731,265.7731,332.2164,332.2164,6378.5552,0.01011162,1461.7522,1339.0033,5182.5761,5305.325,0.00821569,0.00841028,0.00042132,144.3512,141.7025,1.6297,93.5821,10.0216,8884.7126,57.4225,158.2289,140.3023,51.4311,102.8621,129.7286,258.1778,514.3107,1008.3546,77.1466,0.0,5.0,9.802971,1.403346,17,104,92,7,0.24757185,0.01053293,0.02940797,0E-8,0.000000,0.915834,0.000000,-0.02508550,2026-05-12,2026-08-06,71,663,310,87,0.816092,1.127771,1.096139,0.825239,,,,,,,,GLOBAL_BASELINE_NO_ENTITY_RANKING,,,NOT_APPLICABLE_GLOBAL_BASELINE,HF9g-P5,,,,X 全窗基线 · 不参与实体赏罚,14193868,1420,A168_HF9F_20260827_0900,2026-08-27 09:00:00
2026-07-30,137070871,1210,0,1497.4311310769,344.6673379291,344.6673379291,0.5714286,16,16,0.50665070000000000,0.506650700000,0.48479609097518783,0.4847960909751879,0.48479609097518783,0E-17,ELIGIBLE,R03b_20260811_FULL_v1,L1_ELIGIBILITY,v2026-08-11,2026-03-21..2026-08-06,baccarat_bet02_101_all_pairs_incl_sentinel,round_win = game_pnl > 0 (decisive only),COMPATIBILITY_ONLY_NOT_PRODUCTION,630814.5920,577721.2471,6644.3283,4370,4077,-0.01053293,-0.02940797,-0.00432247,-0.01053293,-6644.3283,630814.5920,OK,0.0000,265.7731,4.0000,96.0000,AG03-UNRESOLVED,ALL5_LEVELS_bet23_to_bet27,265.7731,265.7731,265.7731,332.2164,332.2164,4.000000,4.000000,4.000000,5.000000,5.000000,96.000000,96.000000,96.000000,95.000000,95.000000,5.0,1461.7522,1339.0033,5182.5761,5305.325,PENDING_AG03,FALSE,NOT_FOR_ENFORCEMENT,6378.5552,554612.3973,6644.3283,6378.5552,265.7731,0.01053293,0.01011162,265.7731,6378.5552,0.01011162,265.7731,265.7731,265.7731,332.2164,332.2164,6378.5552,0.01011162,1461.7522,1339.0033,5182.5761,5305.325,0.00821569,0.00841028,0.00042132,144.3512,141.7025,1.6297,93.5821,10.0216,8884.7126,57.4225,158.2289,140.3023,51.4311,102.8621,129.7286,258.1778,514.3107,1008.3546,77.1466,0.0,5.0,9.802971,1.403346,17,104,92,7,0.24757185,0.01053293,0.02940797,0E-8,0.000000,0.915834,0.000000,-0.02508550,2026-05-12,2026-08-06,71,663,310,87,0.816092,1.127771,1.096139,0.825239,,,,,,,,GLOBAL_BASELINE_NO_ENTITY_RANKING,,,NOT_APPLICABLE_GLOBAL_BASELINE,HF9g-P5,,,,X 全窗基线 · 不参与实体赏罚,14193869,1420,A168_HF9F_20260827_0900,2026-08-27 09:00:00
2026-07-30,137070871,1304,0,413.0844499521,41.3084449951,41.3084449951,0.6666667,7,7,0.50665070000000000,0.506650700000,0.7839842952205449,0.7839842952205449,0.7839842952205449,0E-17,ELIGIBLE,R03b_20260811_FULL_v1,L1_ELIGIBILITY,v2026-08-11,2026-03-21..2026-08-06,baccarat_bet02_101_all_pairs_incl_sentinel,round_win = game_pnl > 0 (decisive only),COMPATIBILITY_ONLY_NOT_PRODUCTION,630814.5920,577721.2471,6644.3283,4370,4077,-0.01053293,-0.02940797,-0.00432247,-0.01053293,-6644.3283,630814.5920,OK,0.0000,265.7731,4.0000,96.0000,AG03-UNRESOLVED,ALL5_LEVELS_bet23_to_bet27,265.7731,265.7731,265.7731,332.2164,332.2164,4.000000,4.000000,4.000000,5.000000,5.000000,96.000000,96.000000,96.000000,95.000000,95.000000,5.0,1461.7522,1339.0033,5182.5761,5305.325,PENDING_AG03,FALSE,NOT_FOR_ENFORCEMENT,6378.5552,554612.3973,6644.3283,6378.5552,265.7731,0.01053293,0.01011162,265.7731,6378.5552,0.01011162,265.7731,265.7731,265.7731,332.2164,332.2164,6378.5552,0.01011162,1461.7522,1339.0033,5182.5761,5305.325,0.00821569,0.00841028,0.00042132,144.3512,141.7025,1.6297,93.5821,10.0216,8884.7126,57.4225,158.2289,140.3023,51.4311,102.8621,129.7286,258.1778,514.3107,1008.3546,77.1466,0.0,5.0,9.802971,1.403346,17,104,92,7,0.24757185,0.01053293,0.02940797,0E-8,0.000000,0.915834,0.000000,-0.02508550,2026-05-12,2026-08-06,71,663,310,87,0.816092,1.127771,1.096139,0.825239,,,,,,,,GLOBAL_BASELINE_NO_ENTITY_RANKING,,,NOT_APPLICABLE_GLOBAL_BASELINE,HF9g-P5,,,,X 全窗基线 · 不参与实体赏罚,14193870,1420,A168_HF9F_20260827_0900,2026-08-27 09:00:00
2026-07-30,137070871,1383,0,129.0888906101,-129.0888906101,-129.0888906101,0E-7,1,1,0.50665070000000000,0.506650700000,-1.013391052207602,-1.013391052207602,-1.013391052207602,0E-17,ELIGIBLE,R03b_20260811_FULL_v1,L1_ELIGIBILITY,v2026-08-11,2026-03-21..2026-08-06,baccarat_bet02_101_all_pairs_incl_sentinel,round_win = game_pnl > 0 (decisive only),COMPATIBILITY_ONLY_NOT_PRODUCTION,630814.5920,577721.2471,6644.3283,4370,4077,-0.01053293,-0.02940797,-0.00432247,-0.01053293,-6644.3283,630814.5920,OK,0.0000,265.7731,4.0000,96.0000,AG03-UNRESOLVED,ALL5_LEVELS_bet23_to_bet27,265.7731,265.7731,265.7731,332.2164,332.2164,4.000000,4.000000,4.000000,5.000000,5.000000,96.000000,96.000000,96.000000,95.000000,95.000000,5.0,1461.7522,1339.0033,5182.5761,5305.325,PENDING_AG03,FALSE,NOT_FOR_ENFORCEMENT,6378.5552,554612.3973,6644.3283,6378.5552,265.7731,0.01053293,0.01011162,265.7731,6378.5552,0.01011162,265.7731,265.7731,265.7731,332.2164,332.2164,6378.5552,0.01011162,1461.7522,1339.0033,5182.5761,5305.325,0.00821569,0.00841028,0.00042132,144.3512,141.7025,1.6297,93.5821,10.0216,8884.7126,57.4225,158.2289,140.3023,51.4311,102.8621,129.7286,258.1778,514.3107,1008.3546,77.1466,0.0,5.0,9.802971,1.403346,17,104,92,7,0.24757185,0.01053293,0.02940797,0E-8,0.000000,0.915834,0.000000,-0.02508550,2026-05-12,2026-08-06,71,663,310,87,0.816092,1.127771,1.096139,0.825239,,,,,,,,GLOBAL_BASELINE_NO_ENTITY_RANKING,,,NOT_APPLICABLE_GLOBAL_BASELINE,HF9g-P5,,,,X 全窗基线 · 不参与实体赏罚,14193871,1420,A168_HF9F_20260827_0900,2026-08-27 09:00:00
2026-07-30,137070871,1400,0,206.5422249761,122.6344460796,122.6344460796,1.0000000,2,2,0.50665070000000000,0.506650700000,0.9867858985152569,0.9867858985152569,0.9867858985152569,0E-17,ELIGIBLE,R03b_20260811_FULL_v1,L1_ELIGIBILITY,v2026-08-11,2026-03-21..2026-08-06,baccarat_bet02_101_all_pairs_incl_sentinel,round_win = game_pnl > 0 (decisive only),COMPATIBILITY_ONLY_NOT_PRODUCTION,630814.5920,577721.2471,6644.3283,4370,4077,-0.01053293,-0.02940797,-0.00432247,-0.01053293,-6644.3283,630814.5920,OK,0.0000,265.7731,4.0000,96.0000,AG03-UNRESOLVED,ALL5_LEVELS_bet23_to_bet27,265.7731,265.7731,265.7731,332.2164,332.2164,4.000000,4.000000,4.000000,5.000000,5.000000,96.000000,96.000000,96.000000,95.000000,95.000000,5.0,1461.7522,1339.0033,5182.5761,5305.325,PENDING_AG03,FALSE,NOT_FOR_ENFORCEMENT,6378.5552,554612.3973,6644.3283,6378.5552,265.7731,0.01053293,0.01011162,265.7731,6378.5552,0.01011162,265.7731,265.7731,265.7731,332.2164,332.2164,6378.5552,0.01011162,1461.7522,1339.0033,5182.5761,5305.325,0.00821569,0.00841028,0.00042132,144.3512,141.7025,1.6297,93.5821,10.0216,8884.7126,57.4225,158.2289,140.3023,51.4311,102.8621,129.7286,258.1778,514.3107,1008.3546,77.1466,0.0,5.0,9.802971,1.403346,17,104,92,7,0.24757185,0.01053293,0.02940797,0E-8,0.000000,0.915834,0.000000,-0.02508550,2026-05-12,2026-08-06,71,663,310,87,0.816092,1.127771,1.096139,0.825239,,,,,,,,GLOBAL_BASELINE_NO_ENTITY_RANKING,,,NOT_APPLICABLE_GLOBAL_BASELINE,HF9g-P5,,,,X 全窗基线 · 不参与实体赏罚,14193872,1420,A168_HF9F_20260827_0900,2026-08-27 09:00:00
2026-07-30,137070871,1947,0,103.2711124880,-2.5817778122,-2.5817778122,0.5000000,2,2,0.50665070000000000,0.506650700000,-0.018812684590367487,-0.018812684590367487,-0.018812684590367487,0E-17,ELIGIBLE,R03b_20260811_FULL_v1,L1_ELIGIBILITY,v2026-08-11,2026-03-21..2026-08-06,baccarat_bet02_101_all_pairs_incl_sentinel,round_win = game_pnl > 0 (decisive only),COMPATIBILITY_ONLY_NOT_PRODUCTION,630814.5920,577721.2471,6644.3283,4370,4077,-0.01053293,-0.02940797,-0.00432247,-0.01053293,-6644.3283,630814.5920,OK,0.0000,265.7731,4.0000,96.0000,AG03-UNRESOLVED,ALL5_LEVELS_bet23_to_bet27,265.7731,265.7731,265.7731,332.2164,332.2164,4.000000,4.000000,4.000000,5.000000,5.000000,96.000000,96.000000,96.000000,95.000000,95.000000,5.0,1461.7522,1339.0033,5182.5761,5305.325,PENDING_AG03,FALSE,NOT_FOR_ENFORCEMENT,6378.5552,554612.3973,6644.3283,6378.5552,265.7731,0.01053293,0.01011162,265.7731,6378.5552,0.01011162,265.7731,265.7731,265.7731,332.2164,332.2164,6378.5552,0.01011162,1461.7522,1339.0033,5182.5761,5305.325,0.00821569,0.00841028,0.00042132,144.3512,141.7025,1.6297,93.5821,10.0216,8884.7126,57.4225,158.2289,140.3023,51.4311,102.8621,129.7286,258.1778,514.3107,1008.3546,77.1466,0.0,5.0,9.802971,1.403346,17,104,92,7,0.24757185,0.01053293,0.02940797,0E-8,0.000000,0.915834,0.000000,-0.02508550,2026-05-12,2026-08-06,71,663,310,87,0.816092,1.127771,1.096139,0.825239,,,,,,,,GLOBAL_BASELINE_NO_ENTITY_RANKING,,,NOT_APPLICABLE_GLOBAL_BASELINE,HF9g-P5,,,,X 全窗基线 · 不参与实体赏罚,14193873,1420,A168_HF9F_20260827_0900,2026-08-27 09:00:00
2026-07-30,137070871,2145,0,438.9022280743,64.5444453051,64.5444453051,0.5000000,4,4,0.50665070000000000,0.506650700000,-0.02660515369234503,-0.02660515369234503,-0.02660515369234503,0E-17,ELIGIBLE,R03b_20260811_FULL_v1,L1_ELIGIBILITY,v2026-08-11,2026-03-21..2026-08-06,baccarat_bet02_101_all_pairs_incl_sentinel,round_win = game_pnl > 0 (decisive only),COMPATIBILITY_ONLY_NOT_PRODUCTION,630814.5920,577721.2471,6644.3283,4370,4077,-0.01053293,-0.02940797,-0.00432247,-0.01053293,-6644.3283,630814.5920,OK,0.0000,265.7731,4.0000,96.0000,AG03-UNRESOLVED,ALL5_LEVELS_bet23_to_bet27,265.7731,265.7731,265.7731,332.2164,332.2164,4.000000,4.000000,4.000000,5.000000,5.000000,96.000000,96.000000,96.000000,95.000000,95.000000,5.0,1461.7522,1339.0033,5182.5761,5305.325,PENDING_AG03,FALSE,NOT_FOR_ENFORCEMENT,6378.5552,554612.3973,6644.3283,6378.5552,265.7731,0.01053293,0.01011162,265.7731,6378.5552,0.01011162,265.7731,265.7731,265.7731,332.2164,332.2164,6378.5552,0.01011162,1461.7522,1339.0033,5182.5761,5305.325,0.00821569,0.00841028,0.00042132,144.3512,141.7025,1.6297,93.5821,10.0216,8884.7126,57.4225,158.2289,140.3023,51.4311,102.8621,129.7286,258.1778,514.3107,1008.3546,77.1466,0.0,5.0,9.802971,1.403346,17,104,92,7,0.24757185,0.01053293,0.02940797,0E-8,0.000000,0.915834,0.000000,-0.02508550,2026-05-12,2026-08-06,71,663,310,87,0.816092,1.127771,1.096139,0.825239,,,,,,,,GLOBAL_BASELINE_NO_ENTITY_RANKING,,,NOT_APPLICABLE_GLOBAL_BASELINE,HF9g-P5,,,,X 全窗基线 · 不参与实体赏罚,14193874,1420,A168_HF9F_20260827_0900,2026-08-27 09:00:00
2026-07-30,137070871,2170,0,438.9022280743,64.5444453051,64.5444453051,0.5000000,4,4,0.50665070000000000,0.506650700000,-0.02660515369234503,-0.02660515369234503,-0.02660515369234503,0E-17,ELIGIBLE,R03b_20260811_FULL_v1,L1_ELIGIBILITY,v2026-08-11,2026-03-21..2026-08-06,baccarat_bet02_101_all_pairs_incl_sentinel,round_win = game_pnl > 0 (decisive only),COMPATIBILITY_ONLY_NOT_PRODUCTION,630814.5920,577721.2471,6644.3283,4370,4077,-0.01053293,-0.02940797,-0.00432247,-0.01053293,-6644.3283,630814.5920,OK,0.0000,265.7731,4.0000,96.0000,AG03-UNRESOLVED,ALL5_LEVELS_bet23_to_bet27,265.7731,265.7731,265.7731,332.2164,332.2164,4.000000,4.000000,4.000000,5.000000,5.000000,96.000000,96.000000,96.000000,95.000000,95.000000,5.0,1461.7522,1339.0033,5182.5761,5305.325,PENDING_AG03,FALSE,NOT_FOR_ENFORCEMENT,6378.5552,554612.3973,6644.3283,6378.5552,265.7731,0.01053293,0.01011162,265.7731,6378.5552,0.01011162,265.7731,265.7731,265.7731,332.2164,332.2164,6378.5552,0.01011162,1461.7522,1339.0033,5182.5761,5305.325,0.00821569,0.00841028,0.00042132,144.3512,141.7025,1.6297,93.5821,10.0216,8884.7126,57.4225,158.2289,140.3023,51.4311,102.8621,129.7286,258.1778,514.3107,1008.3546,77.1466,0.0,5.0,9.802971,1.403346,17,104,92,7,0.24757185,0.01053293,0.02940797,0E-8,0.000000,0.915834,0.000000,-0.02508550,2026-05-12,2026-08-06,71,663,310,87,0.816092,1.127771,1.096139,0.825239,,,,,,,,GLOBAL_BASELINE_NO_ENTITY_RANKING,,,NOT_APPLICABLE_GLOBAL_BASELINE,HF9g-P5,,,,X 全窗基线 · 不参与实体赏罚,14193875,1420,A168_HF9F_20260827_0900,2026-08-27 09:00:00
2026-07-30,137070871,2196,0,1084.3466811245,215.5784473189,215.5784473189,0.5833333,13,13,0.50355719230769231,0.503557192308,0.5527193059266987,0.5527193059245693,0.5527193059266987,-3.0769E-13,ELIGIBLE,R03b_20260811_FULL_v1,L1_ELIGIBILITY,v2026-08-11,2026-03-21..2026-08-06,baccarat_bet02_101_all_pairs_incl_sentinel,round_win = game_pnl > 0 (decisive only),COMPATIBILITY_ONLY_NOT_PRODUCTION,630814.5920,577721.2471,6644.3283,4370,4077,-0.01053293,-0.02940797,-0.00432247,-0.01053293,-6644.3283,630814.5920,OK,0.0000,265.7731,4.0000,96.0000,AG03-UNRESOLVED,ALL5_LEVELS_bet23_to_bet27,265.7731,265.7731,265.7731,332.2164,332.2164,4.000000,4.000000,4.000000,5.000000,5.000000,96.000000,96.000000,96.000000,95.000000,95.000000,5.0,1461.7522,1339.0033,5182.5761,5305.325,PENDING_AG03,FALSE,NOT_FOR_ENFORCEMENT,6378.5552,554612.3973,6644.3283,6378.5552,265.7731,0.01053293,0.01011162,265.7731,6378.5552,0.01011162,265.7731,265.7731,265.7731,332.2164,332.2164,6378.5552,0.01011162,1461.7522,1339.0033,5182.5761,5305.325,0.00821569,0.00841028,0.00042132,144.3512,141.7025,1.6297,93.5821,10.0216,8884.7126,57.4225,158.2289,140.3023,51.4311,102.8621,129.7286,258.1778,514.3107,1008.3546,77.1466,0.0,5.0,9.802971,1.403346,17,104,92,7,0.24757185,0.01053293,0.02940797,0E-8,0.000000,0.915834,0.000000,-0.02508550,2026-05-12,2026-08-06,71,663,310,87,0.816092,1.127771,1.096139,0.825239,,,,,,,,GLOBAL_BASELINE_NO_ENTITY_RANKING,,,NOT_APPLICABLE_GLOBAL_BASELINE,HF9g-P5,,,,X 全窗基线 · 不参与实体赏罚,14193876,1420,A168_HF9F_20260827_0900,2026-08-27 09:00:00
2026-07-30,137070871,2223,0,309.8133374640,-131.6706684222,-131.6706684222,0.2500000,5,5,0.50665070000000000,0.506650700000,-1.0266936290537745,-1.0266936290537745,-1.0266936290537745,0E-17,ELIGIBLE,R03b_20260811_FULL_v1,L1_ELIGIBILITY,v2026-08-11,2026-03-21..2026-08-06,baccarat_bet02_101_all_pairs_incl_sentinel,round_win = game_pnl > 0 (decisive only),COMPATIBILITY_ONLY_NOT_PRODUCTION,630814.5920,577721.2471,6644.3283,4370,4077,-0.01053293,-0.02940797,-0.00432247,-0.01053293,-6644.3283,630814.5920,OK,0.0000,265.7731,4.0000,96.0000,AG03-UNRESOLVED,ALL5_LEVELS_bet23_to_bet27,265.7731,265.7731,265.7731,332.2164,332.2164,4.000000,4.000000,4.000000,5.000000,5.000000,96.000000,96.000000,96.000000,95.000000,95.000000,5.0,1461.7522,1339.0033,5182.5761,5305.325,PENDING_AG03,FALSE,NOT_FOR_ENFORCEMENT,6378.5552,554612.3973,6644.3283,6378.5552,265.7731,0.01053293,0.01011162,265.7731,6378.5552,0.01011162,265.7731,265.7731,265.7731,332.2164,332.2164,6378.5552,0.01011162,1461.7522,1339.0033,5182.5761,5305.325,0.00821569,0.00841028,0.00042132,144.3512,141.7025,1.6297,93.5821,10.0216,8884.7126,57.4225,158.2289,140.3023,51.4311,102.8621,129.7286,258.1778,514.3107,1008.3546,77.1466,0.0,5.0,9.802971,1.403346,17,104,92,7,0.24757185,0.01053293,0.02940797,0E-8,0.000000,0.915834,0.000000,-0.02508550,2026-05-12,2026-08-06,71,663,310,87,0.816092,1.127771,1.096139,0.825239,,,,,,,,GLOBAL_BASELINE_NO_ENTITY_RANKING,,,NOT_APPLICABLE_GLOBAL_BASELINE,HF9g-P5,,,,X 全窗基线 · 不参与实体赏罚,14193877,1420,A168_HF9F_20260827_0900,2026-08-27 09:00:00
2026-07-31,137070871,1151,0,1027.4060565588,-25.6851514140,-25.6851514140,0.5000000,2,2,0.50665070000000000,0.506650700000,-0.018812684590367487,-0.018812684590367487,-0.018812684590367487,0E-17,ELIGIBLE,R03b_20260811_FULL_v1,L1_ELIGIBILITY,v2026-08-11,2026-03-21..2026-08-06,baccarat_bet02_101_all_pairs_incl_sentinel,round_win = game_pnl > 0 (decisive only),COMPATIBILITY_ONLY_NOT_PRODUCTION,630814.5920,577721.2471,6644.3283,4370,4077,-0.01053293,-0.02940797,-0.00432247,-0.01053293,-6644.3283,630814.5920,OK,0.0000,265.7731,4.0000,96.0000,AG03-UNRESOLVED,ALL5_LEVELS_bet23_to_bet27,265.7731,265.7731,265.7731,332.2164,332.2164,4.000000,4.000000,4.000000,5.000000,5.000000,96.000000,96.000000,96.000000,95.000000,95.000000,5.0,1461.7522,1339.0033,5182.5761,5305.325,PENDING_AG03,FALSE,NOT_FOR_ENFORCEMENT,6378.5552,554612.3973,6644.3283,6378.5552,265.7731,0.01053293,0.01011162,265.7731,6378.5552,0.01011162,265.7731,265.7731,265.7731,332.2164,332.2164,6378.5552,0.01011162,1461.7522,1339.0033,5182.5761,5305.325,0.00821569,0.00841028,0.00042132,144.3512,141.7025,1.6297,93.5821,10.0216,8884.7126,57.4225,158.2289,140.3023,51.4311,102.8621,129.7286,258.1778,514.3107,1008.3546,77.1466,0.0,5.0,9.802971,1.403346,17,104,92,7,0.24757185,0.01053293,0.02940797,0E-8,0.000000,0.915834,0.000000,-0.02508550,2026-05-12,2026-08-06,71,663,310,87,0.816092,1.127771,1.096139,0.825239,,,,,,,,GLOBAL_BASELINE_NO_ENTITY_RANKING,,,NOT_APPLICABLE_GLOBAL_BASELINE,HF9g-P5,,,,X 全窗基线 · 不参与实体赏罚,14193878,1420,A168_HF9F_20260827_0900,2026-08-27 09:00:00
2026-07-31,137070871,1210,0,7742.6011937915,-2079.7577472912,-2079.7577472912,0.4705882,21,21,0.50665070000000000,0.506650700000,-0.29740501289308274,-0.29740501289308274,-0.29740501289308274,0E-17,ELIGIBLE,R03b_20260811_FULL_v1,L1_ELIGIBILITY,v2026-08-11,2026-03-21..2026-08-06,baccarat_bet02_101_all_pairs_incl_sentinel,round_win = game_pnl > 0 (decisive only),COMPATIBILITY_ONLY_NOT_PRODUCTION,630814.5920,577721.2471,6644.3283,4370,4077,-0.01053293,-0.02940797,-0.00432247,-0.01053293,-6644.3283,630814.5920,OK,0.0000,265.7731,4.0000,96.0000,AG03-UNRESOLVED,ALL5_LEVELS_bet23_to_bet27,265.7731,265.7731,265.7731,332.2164,332.2164,4.000000,4.000000,4.000000,5.000000,5.000000,96.000000,96.000000,96.000000,95.000000,95.000000,5.0,1461.7522,1339.0033,5182.5761,5305.325,PENDING_AG03,FALSE,NOT_FOR_ENFORCEMENT,6378.5552,554612.3973,6644.3283,6378.5552,265.7731,0.01053293,0.01011162,265.7731,6378.5552,0.01011162,265.7731,265.7731,265.7731,332.2164,332.2164,6378.5552,0.01011162,1461.7522,1339.0033,5182.5761,5305.325,0.00821569,0.00841028,0.00042132,144.3512,141.7025,1.6297,93.5821,10.0216,8884.7126,57.4225,158.2289,140.3023,51.4311,102.8621,129.7286,258.1778,514.3107,1008.3546,77.1466,0.0,5.0,9.802971,1.403346,17,104,92,7,0.24757185,0.01053293,0.02940797,0E-8,0.000000,0.915834,0.000000,-0.02508550,2026-05-12,2026-08-06,71,663,310,87,0.816092,1.127771,1.096139,0.825239,,,,,,,,GLOBAL_BASELINE_NO_ENTITY_RANKING,,,NOT_APPLICABLE_GLOBAL_BASELINE,HF9g-P5,,,,X 全窗基线 · 不参与实体赏罚,14193879,1420,A168_HF9F_20260827_0900,2026-08-27 09:00:00
2026-07-31,137070871,1384,0,1027.4060565588,-25.6851514140,-25.6851514140,0.5000000,2,2,0.50665070000000000,0.506650700000,-0.018812684590367487,-0.018812684590367487,-0.018812684590367487,0E-17,ELIGIBLE,R03b_20260811_FULL_v1,L1_ELIGIBILITY,v2026-08-11,2026-03-21..2026-08-06,baccarat_bet02_101_all_pairs_incl_sentinel,round_win = game_pnl > 0 (decisive only),COMPATIBILITY_ONLY_NOT_PRODUCTION,630814.5920,577721.2471,6644.3283,4370,4077,-0.01053293,-0.02940797,-0.00432247,-0.01053293,-6644.3283,630814.5920,OK,0.0000,265.7731,4.0000,96.0000,AG03-UNRESOLVED,ALL5_LEVELS_bet23_to_bet27,265.7731,265.7731,265.7731,332.2164,332.2164,4.000000,4.000000,4.000000,5.000000,5.000000,96.000000,96.000000,96.000000,95.000000,95.000000,5.0,1461.7522,1339.0033,5182.5761,5305.325,PENDING_AG03,FALSE,NOT_FOR_ENFORCEMENT,6378.5552,554612.3973,6644.3283,6378.5552,265.7731,0.01053293,0.01011162,265.7731,6378.5552,0.01011162,265.7731,265.7731,265.7731,332.2164,332.2164,6378.5552,0.01011162,1461.7522,1339.0033,5182.5761,5305.325,0.00821569,0.00841028,0.00042132,144.3512,141.7025,1.6297,93.5821,10.0216,8884.7126,57.4225,158.2289,140.3023,51.4311,102.8621,129.7286,258.1778,514.3107,1008.3546,77.1466,0.0,5.0,9.802971,1.403346,17,104,92,7,0.24757185,0.01053293,0.02940797,0E-8,0.000000,0.915834,0.000000,-0.02508550,2026-05-12,2026-08-06,71,663,310,87,0.816092,1.127771,1.096139,0.825239,,,,,,,,GLOBAL_BASELINE_NO_ENTITY_RANKING,,,NOT_APPLICABLE_GLOBAL_BASELINE,HF9g-P5,,,,X 全窗基线 · 不参与实体赏罚,14193880,1420,A168_HF9F_20260827_0900,2026-08-27 09:00:00
2026-07-31,137070871,1400,0,129.0888906101,-129.0888906101,-129.0888906101,0E-7,1,1,0.50665070000000000,0.506650700000,-1.013391052207602,-1.013391052207602,-1.013391052207602,0E-17,ELIGIBLE,R03b_20260811_FULL_v1,L1_ELIGIBILITY,v2026-08-11,2026-03-21..2026-08-06,baccarat_bet02_101_all_pairs_incl_sentinel,round_win = game_pnl > 0 (decisive only),COMPATIBILITY_ONLY_NOT_PRODUCTION,630814.5920,577721.2471,6644.3283,4370,4077,-0.01053293,-0.02940797,-0.00432247,-0.01053293,-6644.3283,630814.5920,OK,0.0000,265.7731,4.0000,96.0000,AG03-UNRESOLVED,ALL5_LEVELS_bet23_to_bet27,265.7731,265.7731,265.7731,332.2164,332.2164,4.000000,4.000000,4.000000,5.000000,5.000000,96.000000,96.000000,96.000000,95.000000,95.000000,5.0,1461.7522,1339.0033,5182.5761,5305.325,PENDING_AG03,FALSE,NOT_FOR_ENFORCEMENT,6378.5552,554612.3973,6644.3283,6378.5552,265.7731,0.01053293,0.01011162,265.7731,6378.5552,0.01011162,265.7731,265.7731,265.7731,332.2164,332.2164,6378.5552,0.01011162,1461.7522,1339.0033,5182.5761,5305.325,0.00821569,0.00841028,0.00042132,144.3512,141.7025,1.6297,93.5821,10.0216,8884.7126,57.4225,158.2289,140.3023,51.4311,102.8621,129.7286,258.1778,514.3107,1008.3546,77.1466,0.0,5.0,9.802971,1.403346,17,104,92,7,0.24757185,0.01053293,0.02940797,0E-8,0.000000,0.915834,0.000000,-0.02508550,2026-05-12,2026-08-06,71,663,310,87,0.816092,1.127771,1.096139,0.825239,,,,,,,,GLOBAL_BASELINE_NO_ENTITY_RANKING,,,NOT_APPLICABLE_GLOBAL_BASELINE,HF9g-P5,,,,X 全窗基线 · 不参与实体赏罚,14193881,1420,A168_HF9F_20260827_0900,2026-08-27 09:00:00
2026-07-31,137070871,1509,0,129.0888906101,-129.0888906101,-129.0888906101,0E-7,1,1,0.50665070000000000,0.506650700000,-1.013391052207602,-1.013391052207602,-1.013391052207602,0E-17,ELIGIBLE,R03b_20260811_FULL_v1,L1_ELIGIBILITY,v2026-08-11,2026-03-21..2026-08-06,baccarat_bet02_101_all_pairs_incl_sentinel,round_win = game_pnl > 0 (decisive only),COMPATIBILITY_ONLY_NOT_PRODUCTION,630814.5920,577721.2471,6644.3283,4370,4077,-0.01053293,-0.02940797,-0.00432247,-0.01053293,-6644.3283,630814.5920,OK,0.0000,265.7731,4.0000,96.0000,AG03-UNRESOLVED,ALL5_LEVELS_bet23_to_bet27,265.7731,265.7731,265.7731,332.2164,332.2164,4.000000,4.000000,4.000000,5.000000,5.000000,96.000000,96.000000,96.000000,95.000000,95.000000,5.0,1461.7522,1339.0033,5182.5761,5305.325,PENDING_AG03,FALSE,NOT_FOR_ENFORCEMENT,6378.5552,554612.3973,6644.3283,6378.5552,265.7731,0.01053293,0.01011162,265.7731,6378.5552,0.01011162,265.7731,265.7731,265.7731,332.2164,332.2164,6378.5552,0.01011162,1461.7522,1339.0033,5182.5761,5305.325,0.00821569,0.00841028,0.00042132,144.3512,141.7025,1.6297,93.5821,10.0216,8884.7126,57.4225,158.2289,140.3023,51.4311,102.8621,129.7286,258.1778,514.3107,1008.3546,77.1466,0.0,5.0,9.802971,1.403346,17,104,92,7,0.24757185,0.01053293,0.02940797,0E-8,0.000000,0.915834,0.000000,-0.02508550,2026-05-12,2026-08-06,71,663,310,87,0.816092,1.127771,1.096139,0.825239,,,,,,,,GLOBAL_BASELINE_NO_ENTITY_RANKING,,,NOT_APPLICABLE_GLOBAL_BASELINE,HF9g-P5,,,,X 全窗基线 · 不参与实体赏罚,14193882,1420,A168_HF9F_20260827_0900,2026-08-27 09:00:00
2026-07-31,137070871,2145,0,903.6222342704,-271.0866702811,-271.0866702811,0.3333333,4,4,0.50665070000000000,0.506650700000,-0.6004420894325239,-0.6004420894325239,-0.6004420894325239,0E-17,ELIGIBLE,R03b_20260811_FULL_v1,L1_ELIGIBILITY,v2026-08-11,2026-03-21..2026-08-06,baccarat_bet02_101_all_pairs_incl_sentinel,round_win = game_pnl > 0 (decisive only),COMPATIBILITY_ONLY_NOT_PRODUCTION,630814.5920,577721.2471,6644.3283,4370,4077,-0.01053293,-0.02940797,-0.00432247,-0.01053293,-6644.3283,630814.5920,OK,0.0000,265.7731,4.0000,96.0000,AG03-UNRESOLVED,ALL5_LEVELS_bet23_to_bet27,265.7731,265.7731,265.7731,332.2164,332.2164,4.000000,4.000000,4.000000,5.000000,5.000000,96.000000,96.000000,96.000000,95.000000,95.000000,5.0,1461.7522,1339.0033,5182.5761,5305.325,PENDING_AG03,FALSE,NOT_FOR_ENFORCEMENT,6378.5552,554612.3973,6644.3283,6378.5552,265.7731,0.01053293,0.01011162,265.7731,6378.5552,0.01011162,265.7731,265.7731,265.7731,332.2164,332.2164,6378.5552,0.01011162,1461.7522,1339.0033,5182.5761,5305.325,0.00821569,0.00841028,0.00042132,144.3512,141.7025,1.6297,93.5821,10.0216,8884.7126,57.4225,158.2289,140.3023,51.4311,102.8621,129.7286,258.1778,514.3107,1008.3546,77.1466,0.0,5.0,9.802971,1.403346,17,104,92,7,0.24757185,0.01053293,0.02940797,0E-8,0.000000,0.915834,0.000000,-0.02508550,2026-05-12,2026-08-06,71,663,310,87,0.816092,1.127771,1.096139,0.825239,,,,,,,,GLOBAL_BASELINE_NO_ENTITY_RANKING,,,NOT_APPLICABLE_GLOBAL_BASELINE,HF9g-P5,,,,X 全窗基线 · 不参与实体赏罚,14193883,1420,A168_HF9F_20260827_0900,2026-08-27 09:00:00
2026-07-31,137070871,2169,0,719.1842395910,-619.0121490766,-619.0121490766,0.2000000,5,5,0.50665070000000000,0.506650700000,-1.3715049547573244,-1.3715049547573244,-1.3715049547573244,0E-17,ELIGIBLE,R03b_20260811_FULL_v1,L1_ELIGIBILITY,v2026-08-11,2026-03-21..2026-08-06,baccarat_bet02_101_all_pairs_incl_sentinel,round_win = game_pnl > 0 (decisive only),COMPATIBILITY_ONLY_NOT_PRODUCTION,630814.5920,577721.2471,6644.3283,4370,4077,-0.01053293,-0.02940797,-0.00432247,-0.01053293,-6644.3283,630814.5920,OK,0.0000,265.7731,4.0000,96.0000,AG03-UNRESOLVED,ALL5_LEVELS_bet23_to_bet27,265.7731,265.7731,265.7731,332.2164,332.2164,4.000000,4.000000,4.000000,5.000000,5.000000,96.000000,96.000000,96.000000,95.000000,95.000000,5.0,1461.7522,1339.0033,5182.5761,5305.325,PENDING_AG03,FALSE,NOT_FOR_ENFORCEMENT,6378.5552,554612.3973,6644.3283,6378.5552,265.7731,0.01053293,0.01011162,265.7731,6378.5552,0.01011162,265.7731,265.7731,265.7731,332.2164,332.2164,6378.5552,0.01011162,1461.7522,1339.0033,5182.5761,5305.325,0.00821569,0.00841028,0.00042132,144.3512,141.7025,1.6297,93.5821,10.0216,8884.7126,57.4225,158.2289,140.3023,51.4311,102.8621,129.7286,258.1778,514.3107,1008.3546,77.1466,0.0,5.0,9.802971,1.403346,17,104,92,7,0.24757185,0.01053293,0.02940797,0E-8,0.000000,0.915834,0.000000,-0.02508550,2026-05-12,2026-08-06,71,663,310,87,0.816092,1.127771,1.096139,0.825239,,,,,,,,GLOBAL_BASELINE_NO_ENTITY_RANKING,,,NOT_APPLICABLE_GLOBAL_BASELINE,HF9g-P5,,,,X 全窗基线 · 不参与实体赏罚,14193884,1420,A168_HF9F_20260827_0900,2026-08-27 09:00:00
2026-08-01,137070871,-1,1,256.8515141397,244.0089384327,244.0089384327,1.0000000,1,1,0.50665070000000000,0.506650700000,0.9867858985152569,0.9867858985152569,0.9867858985152569,0E-17,SENTINEL_DEALER,R03b_20260811_FULL_v1,L1_ELIGIBILITY,v2026-08-11,2026-03-21..2026-08-06,baccarat_bet02_101_all_pairs_incl_sentinel,round_win = game_pnl > 0 (decisive only),COMPATIBILITY_ONLY_NOT_PRODUCTION,630814.5920,577721.2471,6644.3283,4370,4077,-0.01053293,-0.02940797,-0.00432247,-0.01053293,-6644.3283,630814.5920,OK,0.0000,265.7731,4.0000,96.0000,AG03-UNRESOLVED,ALL5_LEVELS_bet23_to_bet27,265.7731,265.7731,265.7731,332.2164,332.2164,4.000000,4.000000,4.000000,5.000000,5.000000,96.000000,96.000000,96.000000,95.000000,95.000000,5.0,1461.7522,1339.0033,5182.5761,5305.325,PENDING_AG03,FALSE,NOT_FOR_ENFORCEMENT,6378.5552,554612.3973,6644.3283,6378.5552,265.7731,0.01053293,0.01011162,265.7731,6378.5552,0.01011162,265.7731,265.7731,265.7731,332.2164,332.2164,6378.5552,0.01011162,1461.7522,1339.0033,5182.5761,5305.325,0.00821569,0.00841028,0.00042132,144.3512,141.7025,1.6297,93.5821,10.0216,8884.7126,57.4225,158.2289,140.3023,51.4311,102.8621,129.7286,258.1778,514.3107,1008.3546,77.1466,0.0,5.0,9.802971,1.403346,17,104,92,7,0.24757185,0.01053293,0.02940797,0E-8,0.000000,0.915834,0.000000,-0.02508550,2026-05-12,2026-08-06,71,663,310,87,0.816092,1.127771,1.096139,0.825239,,,,,,,,GLOBAL_BASELINE_NO_ENTITY_RANKING,,,NOT_APPLICABLE_GLOBAL_BASELINE,HF9g-P5,,,,X 全窗基线 · 不参与实体赏罚,14193885,1420,A168_HF9F_20260827_0900,2026-08-27 09:00:00
2026-08-01,137070871,2141,0,256.8515141396,244.0089384326,244.0089384326,1.0000000,2,2,0.50665070000000000,0.506650700000,1.3955260008387969,1.3955260008387969,1.3955260008387969,0E-17,ELIGIBLE,R03b_20260811_FULL_v1,L1_ELIGIBILITY,v2026-08-11,2026-03-21..2026-08-06,baccarat_bet02_101_all_pairs_incl_sentinel,round_win = game_pnl > 0 (decisive only),COMPATIBILITY_ONLY_NOT_PRODUCTION,630814.5920,577721.2471,6644.3283,4370,4077,-0.01053293,-0.02940797,-0.00432247,-0.01053293,-6644.3283,630814.5920,OK,0.0000,265.7731,4.0000,96.0000,AG03-UNRESOLVED,ALL5_LEVELS_bet23_to_bet27,265.7731,265.7731,265.7731,332.2164,332.2164,4.000000,4.000000,4.000000,5.000000,5.000000,96.000000,96.000000,96.000000,95.000000,95.000000,5.0,1461.7522,1339.0033,5182.5761,5305.325,PENDING_AG03,FALSE,NOT_FOR_ENFORCEMENT,6378.5552,554612.3973,6644.3283,6378.5552,265.7731,0.01053293,0.01011162,265.7731,6378.5552,0.01011162,265.7731,265.7731,265.7731,332.2164,332.2164,6378.5552,0.01011162,1461.7522,1339.0033,5182.5761,5305.325,0.00821569,0.00841028,0.00042132,144.3512,141.7025,1.6297,93.5821,10.0216,8884.7126,57.4225,158.2289,140.3023,51.4311,102.8621,129.7286,258.1778,514.3107,1008.3546,77.1466,0.0,5.0,9.802971,1.403346,17,104,92,7,0.24757185,0.01053293,0.02940797,0E-8,0.000000,0.915834,0.000000,-0.02508550,2026-05-12,2026-08-06,71,663,310,87,0.816092,1.127771,1.096139,0.825239,,,,,,,,GLOBAL_BASELINE_NO_ENTITY_RANKING,,,NOT_APPLICABLE_GLOBAL_BASELINE,HF9g-P5,,,,X 全窗基线 · 不参与实体赏罚,14193886,1420,A168_HF9F_20260827_0900,2026-08-27 09:00:00
2026-08-01,137070871,2252,0,141.2683327768,-141.2683327768,-141.2683327768,0E-7,1,1,0.50665070000000000,0.506650700000,-1.013391052207602,-1.013391052207602,-1.013391052207602,0E-17,ELIGIBLE,R03b_20260811_FULL_v1,L1_ELIGIBILITY,v2026-08-11,2026-03-21..2026-08-06,baccarat_bet02_101_all_pairs_incl_sentinel,round_win = game_pnl > 0 (decisive only),COMPATIBILITY_ONLY_NOT_PRODUCTION,630814.5920,577721.2471,6644.3283,4370,4077,-0.01053293,-0.02940797,-0.00432247,-0.01053293,-6644.3283,630814.5920,OK,0.0000,265.7731,4.0000,96.0000,AG03-UNRESOLVED,ALL5_LEVELS_bet23_to_bet27,265.7731,265.7731,265.7731,332.2164,332.2164,4.000000,4.000000,4.000000,5.000000,5.000000,96.000000,96.000000,96.000000,95.000000,95.000000,5.0,1461.7522,1339.0033,5182.5761,5305.325,PENDING_AG03,FALSE,NOT_FOR_ENFORCEMENT,6378.5552,554612.3973,6644.3283,6378.5552,265.7731,0.01053293,0.01011162,265.7731,6378.5552,0.01011162,265.7731,265.7731,265.7731,332.2164,332.2164,6378.5552,0.01011162,1461.7522,1339.0033,5182.5761,5305.325,0.00821569,0.00841028,0.00042132,144.3512,141.7025,1.6297,93.5821,10.0216,8884.7126,57.4225,158.2289,140.3023,51.4311,102.8621,129.7286,258.1778,514.3107,1008.3546,77.1466,0.0,5.0,9.802971,1.403346,17,104,92,7,0.24757185,0.01053293,0.02940797,0E-8,0.000000,0.915834,0.000000,-0.02508550,2026-05-12,2026-08-06,71,663,310,87,0.816092,1.127771,1.096139,0.825239,,,,,,,,GLOBAL_BASELINE_NO_ENTITY_RANKING,,,NOT_APPLICABLE_GLOBAL_BASELINE,HF9g-P5,,,,X 全窗基线 · 不参与实体赏罚,14193887,1420,A168_HF9F_20260827_0900,2026-08-27 09:00:00
2026-08-02,137070871,1210,0,102.7406056558,-2.5685151414,-2.5685151414,0.5000000,2,2,0.50665070000000000,0.506650700000,-0.018812684590367487,-0.018812684590367487,-0.018812684590367487,0E-17,ELIGIBLE,R03b_20260811_FULL_v1,L1_ELIGIBILITY,v2026-08-11,2026-03-21..2026-08-06,baccarat_bet02_101_all_pairs_incl_sentinel,round_win = game_pnl > 0 (decisive only),COMPATIBILITY_ONLY_NOT_PRODUCTION,630814.5920,577721.2471,6644.3283,4370,4077,-0.01053293,-0.02940797,-0.00432247,-0.01053293,-6644.3283,630814.5920,OK,0.0000,265.7731,4.0000,96.0000,AG03-UNRESOLVED,ALL5_LEVELS_bet23_to_bet27,265.7731,265.7731,265.7731,332.2164,332.2164,4.000000,4.000000,4.000000,5.000000,5.000000,96.000000,96.000000,96.000000,95.000000,95.000000,5.0,1461.7522,1339.0033,5182.5761,5305.325,PENDING_AG03,FALSE,NOT_FOR_ENFORCEMENT,6378.5552,554612.3973,6644.3283,6378.5552,265.7731,0.01053293,0.01011162,265.7731,6378.5552,0.01011162,265.7731,265.7731,265.7731,332.2164,332.2164,6378.5552,0.01011162,1461.7522,1339.0033,5182.5761,5305.325,0.00821569,0.00841028,0.00042132,144.3512,141.7025,1.6297,93.5821,10.0216,8884.7126,57.4225,158.2289,140.3023,51.4311,102.8621,129.7286,258.1778,514.3107,1008.3546,77.1466,0.0,5.0,9.802971,1.403346,17,104,92,7,0.24757185,0.01053293,0.02940797,0E-8,0.000000,0.915834,0.000000,-0.02508550,2026-05-12,2026-08-06,71,663,310,87,0.816092,1.127771,1.096139,0.825239,,,,,,,,GLOBAL_BASELINE_NO_ENTITY_RANKING,,,NOT_APPLICABLE_GLOBAL_BASELINE,HF9g-P5,,,,X 全窗基线 · 不参与实体赏罚,14193888,1420,A168_HF9F_20260827_0900,2026-08-27 09:00:00
2026-08-02,137070871,1325,0,821.9248452470,-821.9248452470,-821.9248452470,0E-7,3,3,0.50665070000000000,0.506650700000,-1.7552447903592512,-1.7552447903592512,-1.7552447903592512,0E-17,ELIGIBLE,R03b_20260811_FULL_v1,L1_ELIGIBILITY,v2026-08-11,2026-03-21..2026-08-06,baccarat_bet02_101_all_pairs_incl_sentinel,round_win = game_pnl > 0 (decisive only),COMPATIBILITY_ONLY_NOT_PRODUCTION,630814.5920,577721.2471,6644.3283,4370,4077,-0.01053293,-0.02940797,-0.00432247,-0.01053293,-6644.3283,630814.5920,OK,0.0000,265.7731,4.0000,96.0000,AG03-UNRESOLVED,ALL5_LEVELS_bet23_to_bet27,265.7731,265.7731,265.7731,332.2164,332.2164,4.000000,4.000000,4.000000,5.000000,5.000000,96.000000,96.000000,96.000000,95.000000,95.000000,5.0,1461.7522,1339.0033,5182.5761,5305.325,PENDING_AG03,FALSE,NOT_FOR_ENFORCEMENT,6378.5552,554612.3973,6644.3283,6378.5552,265.7731,0.01053293,0.01011162,265.7731,6378.5552,0.01011162,265.7731,265.7731,265.7731,332.2164,332.2164,6378.5552,0.01011162,1461.7522,1339.0033,5182.5761,5305.325,0.00821569,0.00841028,0.00042132,144.3512,141.7025,1.6297,93.5821,10.0216,8884.7126,57.4225,158.2289,140.3023,51.4311,102.8621,129.7286,258.1778,514.3107,1008.3546,77.1466,0.0,5.0,9.802971,1.403346,17,104,92,7,0.24757185,0.01053293,0.02940797,0E-8,0.000000,0.915834,0.000000,-0.02508550,2026-05-12,2026-08-06,71,663,310,87,0.816092,1.127771,1.096139,0.825239,,,,,,,,GLOBAL_BASELINE_NO_ENTITY_RANKING,,,NOT_APPLICABLE_GLOBAL_BASELINE,HF9g-P5,,,,X 全窗基线 · 不参与实体赏罚,14193889,1420,A168_HF9F_20260827_0900,2026-08-27 09:00:00
2026-08-02,137070871,1384,0,51.3703028279,-51.3703028279,-51.3703028279,0E-7,1,1,0.50665070000000000,0.506650700000,-1.013391052207602,-1.013391052207602,-1.013391052207602,0E-17,ELIGIBLE,R03b_20260811_FULL_v1,L1_ELIGIBILITY,v2026-08-11,2026-03-21..2026-08-06,baccarat_bet02_101_all_pairs_incl_sentinel,round_win = game_pnl > 0 (decisive only),COMPATIBILITY_ONLY_NOT_PRODUCTION,630814.5920,577721.2471,6644.3283,4370,4077,-0.01053293,-0.02940797,-0.00432247,-0.01053293,-6644.3283,630814.5920,OK,0.0000,265.7731,4.0000,96.0000,AG03-UNRESOLVED,ALL5_LEVELS_bet23_to_bet27,265.7731,265.7731,265.7731,332.2164,332.2164,4.000000,4.000000,4.000000,5.000000,5.000000,96.000000,96.000000,96.000000,95.000000,95.000000,5.0,1461.7522,1339.0033,5182.5761,5305.325,PENDING_AG03,FALSE,NOT_FOR_ENFORCEMENT,6378.5552,554612.3973,6644.3283,6378.5552,265.7731,0.01053293,0.01011162,265.7731,6378.5552,0.01011162,265.7731,265.7731,265.7731,332.2164,332.2164,6378.5552,0.01011162,1461.7522,1339.0033,5182.5761,5305.325,0.00821569,0.00841028,0.00042132,144.3512,141.7025,1.6297,93.5821,10.0216,8884.7126,57.4225,158.2289,140.3023,51.4311,102.8621,129.7286,258.1778,514.3107,1008.3546,77.1466,0.0,5.0,9.802971,1.403346,17,104,92,7,0.24757185,0.01053293,0.02940797,0E-8,0.000000,0.915834,0.000000,-0.02508550,2026-05-12,2026-08-06,71,663,310,87,0.816092,1.127771,1.096139,0.825239,,,,,,,,GLOBAL_BASELINE_NO_ENTITY_RANKING,,,NOT_APPLICABLE_GLOBAL_BASELINE,HF9g-P5,,,,X 全窗基线 · 不参与实体赏罚,14193890,1420,A168_HF9F_20260827_0900,2026-08-27 09:00:00
2026-08-02,137070871,1385,0,128.4257570698,-128.4257570698,-128.4257570698,0E-7,1,1,0.50665070000000000,0.506650700000,-1.013391052207602,-1.013391052207602,-1.013391052207602,0E-17,ELIGIBLE,R03b_20260811_FULL_v1,L1_ELIGIBILITY,v2026-08-11,2026-03-21..2026-08-06,baccarat_bet02_101_all_pairs_incl_sentinel,round_win = game_pnl > 0 (decisive only),COMPATIBILITY_ONLY_NOT_PRODUCTION,630814.5920,577721.2471,6644.3283,4370,4077,-0.01053293,-0.02940797,-0.00432247,-0.01053293,-6644.3283,630814.5920,OK,0.0000,265.7731,4.0000,96.0000,AG03-UNRESOLVED,ALL5_LEVELS_bet23_to_bet27,265.7731,265.7731,265.7731,332.2164,332.2164,4.000000,4.000000,4.000000,5.000000,5.000000,96.000000,96.000000,96.000000,95.000000,95.000000,5.0,1461.7522,1339.0033,5182.5761,5305.325,PENDING_AG03,FALSE,NOT_FOR_ENFORCEMENT,6378.5552,554612.3973,6644.3283,6378.5552,265.7731,0.01053293,0.01011162,265.7731,6378.5552,0.01011162,265.7731,265.7731,265.7731,332.2164,332.2164,6378.5552,0.01011162,1461.7522,1339.0033,5182.5761,5305.325,0.00821569,0.00841028,0.00042132,144.3512,141.7025,1.6297,93.5821,10.0216,8884.7126,57.4225,158.2289,140.3023,51.4311,102.8621,129.7286,258.1778,514.3107,1008.3546,77.1466,0.0,5.0,9.802971,1.403346,17,104,92,7,0.24757185,0.01053293,0.02940797,0E-8,0.000000,0.915834,0.000000,-0.02508550,2026-05-12,2026-08-06,71,663,310,87,0.816092,1.127771,1.096139,0.825239,,,,,,,,GLOBAL_BASELINE_NO_ENTITY_RANKING,,,NOT_APPLICABLE_GLOBAL_BASELINE,HF9g-P5,,,,X 全窗基线 · 不参与实体赏罚,14193891,1420,A168_HF9F_20260827_0900,2026-08-27 09:00:00
2026-08-02,137070871,1402,0,128.4257570698,122.0044692163,122.0044692163,1.0000000,1,1,0.50665070000000000,0.506650700000,0.9867858985152569,0.9867858985152569,0.9867858985152569,0E-17,ELIGIBLE,R03b_20260811_FULL_v1,L1_ELIGIBILITY,v2026-08-11,2026-03-21..2026-08-06,baccarat_bet02_101_all_pairs_incl_sentinel,round_win = game_pnl > 0 (decisive only),COMPATIBILITY_ONLY_NOT_PRODUCTION,630814.5920,577721.2471,6644.3283,4370,4077,-0.01053293,-0.02940797,-0.00432247,-0.01053293,-6644.3283,630814.5920,OK,0.0000,265.7731,4.0000,96.0000,AG03-UNRESOLVED,ALL5_LEVELS_bet23_to_bet27,265.7731,265.7731,265.7731,332.2164,332.2164,4.000000,4.000000,4.000000,5.000000,5.000000,96.000000,96.000000,96.000000,95.000000,95.000000,5.0,1461.7522,1339.0033,5182.5761,5305.325,PENDING_AG03,FALSE,NOT_FOR_ENFORCEMENT,6378.5552,554612.3973,6644.3283,6378.5552,265.7731,0.01053293,0.01011162,265.7731,6378.5552,0.01011162,265.7731,265.7731,265.7731,332.2164,332.2164,6378.5552,0.01011162,1461.7522,1339.0033,5182.5761,5305.325,0.00821569,0.00841028,0.00042132,144.3512,141.7025,1.6297,93.5821,10.0216,8884.7126,57.4225,158.2289,140.3023,51.4311,102.8621,129.7286,258.1778,514.3107,1008.3546,77.1466,0.0,5.0,9.802971,1.403346,17,104,92,7,0.24757185,0.01053293,0.02940797,0E-8,0.000000,0.915834,0.000000,-0.02508550,2026-05-12,2026-08-06,71,663,310,87,0.816092,1.127771,1.096139,0.825239,,,,,,,,GLOBAL_BASELINE_NO_ENTITY_RANKING,,,NOT_APPLICABLE_GLOBAL_BASELINE,HF9g-P5,,,,X 全窗基线 · 不参与实体赏罚,14193892,1420,A168_HF9F_20260827_0900,2026-08-27 09:00:00
2026-08-02,137070871,1994,0,154.1109084839,96.9614465877,96.9614465877,0.8000000,6,6,0.50665070000000000,0.506650700000,1.3120140225494112,1.3120140225494112,1.3120140225494112,0E-17,ELIGIBLE,R03b_20260811_FULL_v1,L1_ELIGIBILITY,v2026-08-11,2026-03-21..2026-08-06,baccarat_bet02_101_all_pairs_incl_sentinel,round_win = game_pnl > 0 (decisive only),COMPATIBILITY_ONLY_NOT_PRODUCTION,630814.5920,577721.2471,6644.3283,4370,4077,-0.01053293,-0.02940797,-0.00432247,-0.01053293,-6644.3283,630814.5920,OK,0.0000,265.7731,4.0000,96.0000,AG03-UNRESOLVED,ALL5_LEVELS_bet23_to_bet27,265.7731,265.7731,265.7731,332.2164,332.2164,4.000000,4.000000,4.000000,5.000000,5.000000,96.000000,96.000000,96.000000,95.000000,95.000000,5.0,1461.7522,1339.0033,5182.5761,5305.325,PENDING_AG03,FALSE,NOT_FOR_ENFORCEMENT,6378.5552,554612.3973,6644.3283,6378.5552,265.7731,0.01053293,0.01011162,265.7731,6378.5552,0.01011162,265.7731,265.7731,265.7731,332.2164,332.2164,6378.5552,0.01011162,1461.7522,1339.0033,5182.5761,5305.325,0.00821569,0.00841028,0.00042132,144.3512,141.7025,1.6297,93.5821,10.0216,8884.7126,57.4225,158.2289,140.3023,51.4311,102.8621,129.7286,258.1778,514.3107,1008.3546,77.1466,0.0,5.0,9.802971,1.403346,17,104,92,7,0.24757185,0.01053293,0.02940797,0E-8,0.000000,0.915834,0.000000,-0.02508550,2026-05-12,2026-08-06,71,663,310,87,0.816092,1.127771,1.096139,0.825239,,,,,,,,GLOBAL_BASELINE_NO_ENTITY_RANKING,,,NOT_APPLICABLE_GLOBAL_BASELINE,HF9g-P5,,,,X 全窗基线 · 不参与实体赏罚,14193893,1420,A168_HF9F_20260827_0900,2026-08-27 09:00:00
2026-08-02,137070871,2101,0,976.0357537303,527.8298615567,527.8298615567,0.7857143,15,15,0.50665070000000000,0.506650700000,2.0885054186595795,2.08850541865958,2.0885054186595795,0E-17,ELIGIBLE,R03b_20260811_FULL_v1,L1_ELIGIBILITY,v2026-08-11,2026-03-21..2026-08-06,baccarat_bet02_101_all_pairs_incl_sentinel,round_win = game_pnl > 0 (decisive only),COMPATIBILITY_ONLY_NOT_PRODUCTION,630814.5920,577721.2471,6644.3283,4370,4077,-0.01053293,-0.02940797,-0.00432247,-0.01053293,-6644.3283,630814.5920,OK,0.0000,265.7731,4.0000,96.0000,AG03-UNRESOLVED,ALL5_LEVELS_bet23_to_bet27,265.7731,265.7731,265.7731,332.2164,332.2164,4.000000,4.000000,4.000000,5.000000,5.000000,96.000000,96.000000,96.000000,95.000000,95.000000,5.0,1461.7522,1339.0033,5182.5761,5305.325,PENDING_AG03,FALSE,NOT_FOR_ENFORCEMENT,6378.5552,554612.3973,6644.3283,6378.5552,265.7731,0.01053293,0.01011162,265.7731,6378.5552,0.01011162,265.7731,265.7731,265.7731,332.2164,332.2164,6378.5552,0.01011162,1461.7522,1339.0033,5182.5761,5305.325,0.00821569,0.00841028,0.00042132,144.3512,141.7025,1.6297,93.5821,10.0216,8884.7126,57.4225,158.2289,140.3023,51.4311,102.8621,129.7286,258.1778,514.3107,1008.3546,77.1466,0.0,5.0,9.802971,1.403346,17,104,92,7,0.24757185,0.01053293,0.02940797,0E-8,0.000000,0.915834,0.000000,-0.02508550,2026-05-12,2026-08-06,71,663,310,87,0.816092,1.127771,1.096139,0.825239,,,,,,,,GLOBAL_BASELINE_NO_ENTITY_RANKING,,,NOT_APPLICABLE_GLOBAL_BASELINE,HF9g-P5,,,,X 全窗基线 · 不参与实体赏罚,14193894,1420,A168_HF9F_20260827_0900,2026-08-27 09:00:00
2026-08-02,137070871,2174,0,462.3327254511,-61.6443633935,-61.6443633935,0.4444444,9,9,0.50367176666666667,0.503671766667,-0.35537351566192493,-0.3553735156639268,-0.35537351566192493,-3.3333E-13,ELIGIBLE,R03b_20260811_FULL_v1,L1_ELIGIBILITY,v2026-08-11,2026-03-21..2026-08-06,baccarat_bet02_101_all_pairs_incl_sentinel,round_win = game_pnl > 0 (decisive only),COMPATIBILITY_ONLY_NOT_PRODUCTION,630814.5920,577721.2471,6644.3283,4370,4077,-0.01053293,-0.02940797,-0.00432247,-0.01053293,-6644.3283,630814.5920,OK,0.0000,265.7731,4.0000,96.0000,AG03-UNRESOLVED,ALL5_LEVELS_bet23_to_bet27,265.7731,265.7731,265.7731,332.2164,332.2164,4.000000,4.000000,4.000000,5.000000,5.000000,96.000000,96.000000,96.000000,95.000000,95.000000,5.0,1461.7522,1339.0033,5182.5761,5305.325,PENDING_AG03,FALSE,NOT_FOR_ENFORCEMENT,6378.5552,554612.3973,6644.3283,6378.5552,265.7731,0.01053293,0.01011162,265.7731,6378.5552,0.01011162,265.7731,265.7731,265.7731,332.2164,332.2164,6378.5552,0.01011162,1461.7522,1339.0033,5182.5761,5305.325,0.00821569,0.00841028,0.00042132,144.3512,141.7025,1.6297,93.5821,10.0216,8884.7126,57.4225,158.2289,140.3023,51.4311,102.8621,129.7286,258.1778,514.3107,1008.3546,77.1466,0.0,5.0,9.802971,1.403346,17,104,92,7,0.24757185,0.01053293,0.02940797,0E-8,0.000000,0.915834,0.000000,-0.02508550,2026-05-12,2026-08-06,71,663,310,87,0.816092,1.127771,1.096139,0.825239,,,,,,,,GLOBAL_BASELINE_NO_ENTITY_RANKING,,,NOT_APPLICABLE_GLOBAL_BASELINE,HF9g-P5,,,,X 全窗基线 · 不参与实体赏罚,14193895,1420,A168_HF9F_20260827_0900,2026-08-27 09:00:00
2026-08-02,137070871,2196,0,1490.7661880662,-526.2887524721,-526.2887524721,0.3333333,15,15,0.50128862000000000,0.501288620000,-1.3009803770059847,-1.3009803770059847,-1.3009803770059847,0E-17,ELIGIBLE,R03b_20260811_FULL_v1,L1_ELIGIBILITY,v2026-08-11,2026-03-21..2026-08-06,baccarat_bet02_101_all_pairs_incl_sentinel,round_win = game_pnl > 0 (decisive only),COMPATIBILITY_ONLY_NOT_PRODUCTION,630814.5920,577721.2471,6644.3283,4370,4077,-0.01053293,-0.02940797,-0.00432247,-0.01053293,-6644.3283,630814.5920,OK,0.0000,265.7731,4.0000,96.0000,AG03-UNRESOLVED,ALL5_LEVELS_bet23_to_bet27,265.7731,265.7731,265.7731,332.2164,332.2164,4.000000,4.000000,4.000000,5.000000,5.000000,96.000000,96.000000,96.000000,95.000000,95.000000,5.0,1461.7522,1339.0033,5182.5761,5305.325,PENDING_AG03,FALSE,NOT_FOR_ENFORCEMENT,6378.5552,554612.3973,6644.3283,6378.5552,265.7731,0.01053293,0.01011162,265.7731,6378.5552,0.01011162,265.7731,265.7731,265.7731,332.2164,332.2164,6378.5552,0.01011162,1461.7522,1339.0033,5182.5761,5305.325,0.00821569,0.00841028,0.00042132,144.3512,141.7025,1.6297,93.5821,10.0216,8884.7126,57.4225,158.2289,140.3023,51.4311,102.8621,129.7286,258.1778,514.3107,1008.3546,77.1466,0.0,5.0,9.802971,1.403346,17,104,92,7,0.24757185,0.01053293,0.02940797,0E-8,0.000000,0.915834,0.000000,-0.02508550,2026-05-12,2026-08-06,71,663,310,87,0.816092,1.127771,1.096139,0.825239,,,,,,,,GLOBAL_BASELINE_NO_ENTITY_RANKING,,,NOT_APPLICABLE_GLOBAL_BASELINE,HF9g-P5,,,,X 全窗基线 · 不参与实体赏罚,14193896,1420,A168_HF9F_20260827_0900,2026-08-27 09:00:00
2026-08-02,137070871,2233,0,205.4812113116,95.0350602316,95.0350602316,0.7500000,4,4,0.50665070000000000,0.506650700000,0.9734833216690844,0.9734833216690844,0.9734833216690844,0E-17,ELIGIBLE,R03b_20260811_FULL_v1,L1_ELIGIBILITY,v2026-08-11,2026-03-21..2026-08-06,baccarat_bet02_101_all_pairs_incl_sentinel,round_win = game_pnl > 0 (decisive only),COMPATIBILITY_ONLY_NOT_PRODUCTION,630814.5920,577721.2471,6644.3283,4370,4077,-0.01053293,-0.02940797,-0.00432247,-0.01053293,-6644.3283,630814.5920,OK,0.0000,265.7731,4.0000,96.0000,AG03-UNRESOLVED,ALL5_LEVELS_bet23_to_bet27,265.7731,265.7731,265.7731,332.2164,332.2164,4.000000,4.000000,4.000000,5.000000,5.000000,96.000000,96.000000,96.000000,95.000000,95.000000,5.0,1461.7522,1339.0033,5182.5761,5305.325,PENDING_AG03,FALSE,NOT_FOR_ENFORCEMENT,6378.5552,554612.3973,6644.3283,6378.5552,265.7731,0.01053293,0.01011162,265.7731,6378.5552,0.01011162,265.7731,265.7731,265.7731,332.2164,332.2164,6378.5552,0.01011162,1461.7522,1339.0033,5182.5761,5305.325,0.00821569,0.00841028,0.00042132,144.3512,141.7025,1.6297,93.5821,10.0216,8884.7126,57.4225,158.2289,140.3023,51.4311,102.8621,129.7286,258.1778,514.3107,1008.3546,77.1466,0.0,5.0,9.802971,1.403346,17,104,92,7,0.24757185,0.01053293,0.02940797,0E-8,0.000000,0.915834,0.000000,-0.02508550,2026-05-12,2026-08-06,71,663,310,87,0.816092,1.127771,1.096139,0.825239,,,,,,,,GLOBAL_BASELINE_NO_ENTITY_RANKING,,,NOT_APPLICABLE_GLOBAL_BASELINE,HF9g-P5,,,,X 全窗基线 · 不参与实体赏罚,14193897,1420,A168_HF9F_20260827_0900,2026-08-27 09:00:00
2026-08-02,137070871,2287,0,179.7960598977,48.8017876865,48.8017876865,1.0000000,2,2,0.50665070000000000,0.506650700000,0.9867858985152569,0.9867858985152569,0.9867858985152569,0E-17,ELIGIBLE,R03b_20260811_FULL_v1,L1_ELIGIBILITY,v2026-08-11,2026-03-21..2026-08-06,baccarat_bet02_101_all_pairs_incl_sentinel,round_win = game_pnl > 0 (decisive only),COMPATIBILITY_ONLY_NOT_PRODUCTION,630814.5920,577721.2471,6644.3283,4370,4077,-0.01053293,-0.02940797,-0.00432247,-0.01053293,-6644.3283,630814.5920,OK,0.0000,265.7731,4.0000,96.0000,AG03-UNRESOLVED,ALL5_LEVELS_bet23_to_bet27,265.7731,265.7731,265.7731,332.2164,332.2164,4.000000,4.000000,4.000000,5.000000,5.000000,96.000000,96.000000,96.000000,95.000000,95.000000,5.0,1461.7522,1339.0033,5182.5761,5305.325,PENDING_AG03,FALSE,NOT_FOR_ENFORCEMENT,6378.5552,554612.3973,6644.3283,6378.5552,265.7731,0.01053293,0.01011162,265.7731,6378.5552,0.01011162,265.7731,265.7731,265.7731,332.2164,332.2164,6378.5552,0.01011162,1461.7522,1339.0033,5182.5761,5305.325,0.00821569,0.00841028,0.00042132,144.3512,141.7025,1.6297,93.5821,10.0216,8884.7126,57.4225,158.2289,140.3023,51.4311,102.8621,129.7286,258.1778,514.3107,1008.3546,77.1466,0.0,5.0,9.802971,1.403346,17,104,92,7,0.24757185,0.01053293,0.02940797,0E-8,0.000000,0.915834,0.000000,-0.02508550,2026-05-12,2026-08-06,71,663,310,87,0.816092,1.127771,1.096139,0.825239,,,,,,,,GLOBAL_BASELINE_NO_ENTITY_RANKING,,,NOT_APPLICABLE_GLOBAL_BASELINE,HF9g-P5,,,,X 全窗基线 · 不参与实体赏罚,14193898,1420,A168_HF9F_20260827_0900,2026-08-27 09:00:00
2026-08-03,137070871,1402,0,642.1287853492,359.5921197956,359.5921197956,0.5000000,2,2,0.50665070000000000,0.506650700000,-0.018812684590367487,-0.018812684590367487,-0.018812684590367487,0E-17,ELIGIBLE,R03b_20260811_FULL_v1,L1_ELIGIBILITY,v2026-08-11,2026-03-21..2026-08-06,baccarat_bet02_101_all_pairs_incl_sentinel,round_win = game_pnl > 0 (decisive only),COMPATIBILITY_ONLY_NOT_PRODUCTION,630814.5920,577721.2471,6644.3283,4370,4077,-0.01053293,-0.02940797,-0.00432247,-0.01053293,-6644.3283,630814.5920,OK,0.0000,265.7731,4.0000,96.0000,AG03-UNRESOLVED,ALL5_LEVELS_bet23_to_bet27,265.7731,265.7731,265.7731,332.2164,332.2164,4.000000,4.000000,4.000000,5.000000,5.000000,96.000000,96.000000,96.000000,95.000000,95.000000,5.0,1461.7522,1339.0033,5182.5761,5305.325,PENDING_AG03,FALSE,NOT_FOR_ENFORCEMENT,6378.5552,554612.3973,6644.3283,6378.5552,265.7731,0.01053293,0.01011162,265.7731,6378.5552,0.01011162,265.7731,265.7731,265.7731,332.2164,332.2164,6378.5552,0.01011162,1461.7522,1339.0033,5182.5761,5305.325,0.00821569,0.00841028,0.00042132,144.3512,141.7025,1.6297,93.5821,10.0216,8884.7126,57.4225,158.2289,140.3023,51.4311,102.8621,129.7286,258.1778,514.3107,1008.3546,77.1466,0.0,5.0,9.802971,1.403346,17,104,92,7,0.24757185,0.01053293,0.02940797,0E-8,0.000000,0.915834,0.000000,-0.02508550,2026-05-12,2026-08-06,71,663,310,87,0.816092,1.127771,1.096139,0.825239,,,,,,,,GLOBAL_BASELINE_NO_ENTITY_RANKING,,,NOT_APPLICABLE_GLOBAL_BASELINE,HF9g-P5,,,,X 全窗基线 · 不参与实体赏罚,14193899,1420,A168_HF9F_20260827_0900,2026-08-27 09:00:00
2026-08-03,137070871,2103,0,770.5545424191,-256.8515141397,-256.8515141397,0E-7,2,2,0.50665070000000000,0.506650700000,-1.013391052207602,-1.013391052207602,-1.013391052207602,0E-17,ELIGIBLE,R03b_20260811_FULL_v1,L1_ELIGIBILITY,v2026-08-11,2026-03-21..2026-08-06,baccarat_bet02_101_all_pairs_incl_sentinel,round_win = game_pnl > 0 (decisive only),COMPATIBILITY_ONLY_NOT_PRODUCTION,630814.5920,577721.2471,6644.3283,4370,4077,-0.01053293,-0.02940797,-0.00432247,-0.01053293,-6644.3283,630814.5920,OK,0.0000,265.7731,4.0000,96.0000,AG03-UNRESOLVED,ALL5_LEVELS_bet23_to_bet27,265.7731,265.7731,265.7731,332.2164,332.2164,4.000000,4.000000,4.000000,5.000000,5.000000,96.000000,96.000000,96.000000,95.000000,95.000000,5.0,1461.7522,1339.0033,5182.5761,5305.325,PENDING_AG03,FALSE,NOT_FOR_ENFORCEMENT,6378.5552,554612.3973,6644.3283,6378.5552,265.7731,0.01053293,0.01011162,265.7731,6378.5552,0.01011162,265.7731,265.7731,265.7731,332.2164,332.2164,6378.5552,0.01011162,1461.7522,1339.0033,5182.5761,5305.325,0.00821569,0.00841028,0.00042132,144.3512,141.7025,1.6297,93.5821,10.0216,8884.7126,57.4225,158.2289,140.3023,51.4311,102.8621,129.7286,258.1778,514.3107,1008.3546,77.1466,0.0,5.0,9.802971,1.403346,17,104,92,7,0.24757185,0.01053293,0.02940797,0E-8,0.000000,0.915834,0.000000,-0.02508550,2026-05-12,2026-08-06,71,663,310,87,0.816092,1.127771,1.096139,0.825239,,,,,,,,GLOBAL_BASELINE_NO_ENTITY_RANKING,,,NOT_APPLICABLE_GLOBAL_BASELINE,HF9g-P5,,,,X 全窗基线 · 不参与实体赏罚,14193900,1420,A168_HF9F_20260827_0900,2026-08-27 09:00:00
2026-08-03,137070871,2141,0,1030.4882747284,-1030.4882747284,-1030.4882747284,0E-7,1,1,0.49324550000000000,0.493245500000,-0.9865810262130424,-0.9865810262130424,-0.9865810262130424,0E-17,ELIGIBLE,R03b_20260811_FULL_v1,L1_ELIGIBILITY,v2026-08-11,2026-03-21..2026-08-06,baccarat_bet02_101_all_pairs_incl_sentinel,round_win = game_pnl > 0 (decisive only),COMPATIBILITY_ONLY_NOT_PRODUCTION,630814.5920,577721.2471,6644.3283,4370,4077,-0.01053293,-0.02940797,-0.00432247,-0.01053293,-6644.3283,630814.5920,OK,0.0000,265.7731,4.0000,96.0000,AG03-UNRESOLVED,ALL5_LEVELS_bet23_to_bet27,265.7731,265.7731,265.7731,332.2164,332.2164,4.000000,4.000000,4.000000,5.000000,5.000000,96.000000,96.000000,96.000000,95.000000,95.000000,5.0,1461.7522,1339.0033,5182.5761,5305.325,PENDING_AG03,FALSE,NOT_FOR_ENFORCEMENT,6378.5552,554612.3973,6644.3283,6378.5552,265.7731,0.01053293,0.01011162,265.7731,6378.5552,0.01011162,265.7731,265.7731,265.7731,332.2164,332.2164,6378.5552,0.01011162,1461.7522,1339.0033,5182.5761,5305.325,0.00821569,0.00841028,0.00042132,144.3512,141.7025,1.6297,93.5821,10.0216,8884.7126,57.4225,158.2289,140.3023,51.4311,102.8621,129.7286,258.1778,514.3107,1008.3546,77.1466,0.0,5.0,9.802971,1.403346,17,104,92,7,0.24757185,0.01053293,0.02940797,0E-8,0.000000,0.915834,0.000000,-0.02508550,2026-05-12,2026-08-06,71,663,310,87,0.816092,1.127771,1.096139,0.825239,,,,,,,,GLOBAL_BASELINE_NO_ENTITY_RANKING,,,NOT_APPLICABLE_GLOBAL_BASELINE,HF9g-P5,,,,X 全窗基线 · 不参与实体赏罚,14193901,1420,A168_HF9F_20260827_0900,2026-08-27 09:00:00
2026-08-03,137070871,2169,0,1027.4060565587,1E-10,1E-10,0.4000000,5,5,0.49860758000000000,0.498607580000,-0.440988213962219,-0.440988213962219,-0.440988213962219,0E-17,ELIGIBLE,R03b_20260811_FULL_v1,L1_ELIGIBILITY,v2026-08-11,2026-03-21..2026-08-06,baccarat_bet02_101_all_pairs_incl_sentinel,round_win = game_pnl > 0 (decisive only),COMPATIBILITY_ONLY_NOT_PRODUCTION,630814.5920,577721.2471,6644.3283,4370,4077,-0.01053293,-0.02940797,-0.00432247,-0.01053293,-6644.3283,630814.5920,OK,0.0000,265.7731,4.0000,96.0000,AG03-UNRESOLVED,ALL5_LEVELS_bet23_to_bet27,265.7731,265.7731,265.7731,332.2164,332.2164,4.000000,4.000000,4.000000,5.000000,5.000000,96.000000,96.000000,96.000000,95.000000,95.000000,5.0,1461.7522,1339.0033,5182.5761,5305.325,PENDING_AG03,FALSE,NOT_FOR_ENFORCEMENT,6378.5552,554612.3973,6644.3283,6378.5552,265.7731,0.01053293,0.01011162,265.7731,6378.5552,0.01011162,265.7731,265.7731,265.7731,332.2164,332.2164,6378.5552,0.01011162,1461.7522,1339.0033,5182.5761,5305.325,0.00821569,0.00841028,0.00042132,144.3512,141.7025,1.6297,93.5821,10.0216,8884.7126,57.4225,158.2289,140.3023,51.4311,102.8621,129.7286,258.1778,514.3107,1008.3546,77.1466,0.0,5.0,9.802971,1.403346,17,104,92,7,0.24757185,0.01053293,0.02940797,0E-8,0.000000,0.915834,0.000000,-0.02508550,2026-05-12,2026-08-06,71,663,310,87,0.816092,1.127771,1.096139,0.825239,,,,,,,,GLOBAL_BASELINE_NO_ENTITY_RANKING,,,NOT_APPLICABLE_GLOBAL_BASELINE,HF9g-P5,,,,X 全窗基线 · 不参与实体赏罚,14193902,1420,A168_HF9F_20260827_0900,2026-08-27 09:00:00
2026-08-03,137070871,2174,0,385.2772712094,-128.4257570698,-128.4257570698,0E-7,3,3,0.50665070000000000,0.506650700000,-1.013391052207602,-1.013391052207602,-1.013391052207602,0E-17,ELIGIBLE,R03b_20260811_FULL_v1,L1_ELIGIBILITY,v2026-08-11,2026-03-21..2026-08-06,baccarat_bet02_101_all_pairs_incl_sentinel,round_win = game_pnl > 0 (decisive only),COMPATIBILITY_ONLY_NOT_PRODUCTION,630814.5920,577721.2471,6644.3283,4370,4077,-0.01053293,-0.02940797,-0.00432247,-0.01053293,-6644.3283,630814.5920,OK,0.0000,265.7731,4.0000,96.0000,AG03-UNRESOLVED,ALL5_LEVELS_bet23_to_bet27,265.7731,265.7731,265.7731,332.2164,332.2164,4.000000,4.000000,4.000000,5.000000,5.000000,96.000000,96.000000,96.000000,95.000000,95.000000,5.0,1461.7522,1339.0033,5182.5761,5305.325,PENDING_AG03,FALSE,NOT_FOR_ENFORCEMENT,6378.5552,554612.3973,6644.3283,6378.5552,265.7731,0.01053293,0.01011162,265.7731,6378.5552,0.01011162,265.7731,265.7731,265.7731,332.2164,332.2164,6378.5552,0.01011162,1461.7522,1339.0033,5182.5761,5305.325,0.00821569,0.00841028,0.00042132,144.3512,141.7025,1.6297,93.5821,10.0216,8884.7126,57.4225,158.2289,140.3023,51.4311,102.8621,129.7286,258.1778,514.3107,1008.3546,77.1466,0.0,5.0,9.802971,1.403346,17,104,92,7,0.24757185,0.01053293,0.02940797,0E-8,0.000000,0.915834,0.000000,-0.02508550,2026-05-12,2026-08-06,71,663,310,87,0.816092,1.127771,1.096139,0.825239,,,,,,,,GLOBAL_BASELINE_NO_ENTITY_RANKING,,,NOT_APPLICABLE_GLOBAL_BASELINE,HF9g-P5,,,,X 全窗基线 · 不参与实体赏罚,14193903,1420,A168_HF9F_20260827_0900,2026-08-27 09:00:00
2026-08-03,137070871,2196,0,256.8515141396,-6.4212878535,-6.4212878535,0.5000000,2,2,0.50665070000000000,0.506650700000,-0.018812684590367487,-0.018812684590367487,-0.018812684590367487,0E-17,ELIGIBLE,R03b_20260811_FULL_v1,L1_ELIGIBILITY,v2026-08-11,2026-03-21..2026-08-06,baccarat_bet02_101_all_pairs_incl_sentinel,round_win = game_pnl > 0 (decisive only),COMPATIBILITY_ONLY_NOT_PRODUCTION,630814.5920,577721.2471,6644.3283,4370,4077,-0.01053293,-0.02940797,-0.00432247,-0.01053293,-6644.3283,630814.5920,OK,0.0000,265.7731,4.0000,96.0000,AG03-UNRESOLVED,ALL5_LEVELS_bet23_to_bet27,265.7731,265.7731,265.7731,332.2164,332.2164,4.000000,4.000000,4.000000,5.000000,5.000000,96.000000,96.000000,96.000000,95.000000,95.000000,5.0,1461.7522,1339.0033,5182.5761,5305.325,PENDING_AG03,FALSE,NOT_FOR_ENFORCEMENT,6378.5552,554612.3973,6644.3283,6378.5552,265.7731,0.01053293,0.01011162,265.7731,6378.5552,0.01011162,265.7731,265.7731,265.7731,332.2164,332.2164,6378.5552,0.01011162,1461.7522,1339.0033,5182.5761,5305.325,0.00821569,0.00841028,0.00042132,144.3512,141.7025,1.6297,93.5821,10.0216,8884.7126,57.4225,158.2289,140.3023,51.4311,102.8621,129.7286,258.1778,514.3107,1008.3546,77.1466,0.0,5.0,9.802971,1.403346,17,104,92,7,0.24757185,0.01053293,0.02940797,0E-8,0.000000,0.915834,0.000000,-0.02508550,2026-05-12,2026-08-06,71,663,310,87,0.816092,1.127771,1.096139,0.825239,,,,,,,,GLOBAL_BASELINE_NO_ENTITY_RANKING,,,NOT_APPLICABLE_GLOBAL_BASELINE,HF9g-P5,,,,X 全窗基线 · 不参与实体赏罚,14193904,1420,A168_HF9F_20260827_0900,2026-08-27 09:00:00
2026-08-03,137070871,2241,0,128.4257570698,-128.4257570698,-128.4257570698,0E-7,1,1,0.50665070000000000,0.506650700000,-1.013391052207602,-1.013391052207602,-1.013391052207602,0E-17,ELIGIBLE,R03b_20260811_FULL_v1,L1_ELIGIBILITY,v2026-08-11,2026-03-21..2026-08-06,baccarat_bet02_101_all_pairs_incl_sentinel,round_win = game_pnl > 0 (decisive only),COMPATIBILITY_ONLY_NOT_PRODUCTION,630814.5920,577721.2471,6644.3283,4370,4077,-0.01053293,-0.02940797,-0.00432247,-0.01053293,-6644.3283,630814.5920,OK,0.0000,265.7731,4.0000,96.0000,AG03-UNRESOLVED,ALL5_LEVELS_bet23_to_bet27,265.7731,265.7731,265.7731,332.2164,332.2164,4.000000,4.000000,4.000000,5.000000,5.000000,96.000000,96.000000,96.000000,95.000000,95.000000,5.0,1461.7522,1339.0033,5182.5761,5305.325,PENDING_AG03,FALSE,NOT_FOR_ENFORCEMENT,6378.5552,554612.3973,6644.3283,6378.5552,265.7731,0.01053293,0.01011162,265.7731,6378.5552,0.01011162,265.7731,265.7731,265.7731,332.2164,332.2164,6378.5552,0.01011162,1461.7522,1339.0033,5182.5761,5305.325,0.00821569,0.00841028,0.00042132,144.3512,141.7025,1.6297,93.5821,10.0216,8884.7126,57.4225,158.2289,140.3023,51.4311,102.8621,129.7286,258.1778,514.3107,1008.3546,77.1466,0.0,5.0,9.802971,1.403346,17,104,92,7,0.24757185,0.01053293,0.02940797,0E-8,0.000000,0.915834,0.000000,-0.02508550,2026-05-12,2026-08-06,71,663,310,87,0.816092,1.127771,1.096139,0.825239,,,,,,,,GLOBAL_BASELINE_NO_ENTITY_RANKING,,,NOT_APPLICABLE_GLOBAL_BASELINE,HF9g-P5,,,,X 全窗基线 · 不参与实体赏罚,14193905,1420,A168_HF9F_20260827_0900,2026-08-27 09:00:00
2026-08-04,137070871,1307,0,128.4257570698,-128.4257570698,-128.4257570698,0E-7,1,1,0.50665070000000000,0.506650700000,-1.013391052207602,-1.013391052207602,-1.013391052207602,0E-17,ELIGIBLE,R03b_20260811_FULL_v1,L1_ELIGIBILITY,v2026-08-11,2026-03-21..2026-08-06,baccarat_bet02_101_all_pairs_incl_sentinel,round_win = game_pnl > 0 (decisive only),COMPATIBILITY_ONLY_NOT_PRODUCTION,630814.5920,577721.2471,6644.3283,4370,4077,-0.01053293,-0.02940797,-0.00432247,-0.01053293,-6644.3283,630814.5920,OK,0.0000,265.7731,4.0000,96.0000,AG03-UNRESOLVED,ALL5_LEVELS_bet23_to_bet27,265.7731,265.7731,265.7731,332.2164,332.2164,4.000000,4.000000,4.000000,5.000000,5.000000,96.000000,96.000000,96.000000,95.000000,95.000000,5.0,1461.7522,1339.0033,5182.5761,5305.325,PENDING_AG03,FALSE,NOT_FOR_ENFORCEMENT,6378.5552,554612.3973,6644.3283,6378.5552,265.7731,0.01053293,0.01011162,265.7731,6378.5552,0.01011162,265.7731,265.7731,265.7731,332.2164,332.2164,6378.5552,0.01011162,1461.7522,1339.0033,5182.5761,5305.325,0.00821569,0.00841028,0.00042132,144.3512,141.7025,1.6297,93.5821,10.0216,8884.7126,57.4225,158.2289,140.3023,51.4311,102.8621,129.7286,258.1778,514.3107,1008.3546,77.1466,0.0,5.0,9.802971,1.403346,17,104,92,7,0.24757185,0.01053293,0.02940797,0E-8,0.000000,0.915834,0.000000,-0.02508550,2026-05-12,2026-08-06,71,663,310,87,0.816092,1.127771,1.096139,0.825239,,,,,,,,GLOBAL_BASELINE_NO_ENTITY_RANKING,,,NOT_APPLICABLE_GLOBAL_BASELINE,HF9g-P5,,,,X 全窗基线 · 不参与实体赏罚,14193906,1420,A168_HF9F_20260827_0900,2026-08-27 09:00:00
2026-08-04,137070871,1382,0,616.4436339352,359.5921197956,359.5921197956,0.6666667,3,3,0.49771390000000000,0.497713900000,0.5852756695216578,0.5852756695216578,0.5852756695216578,0E-17,ELIGIBLE,R03b_20260811_FULL_v1,L1_ELIGIBILITY,v2026-08-11,2026-03-21..2026-08-06,baccarat_bet02_101_all_pairs_incl_sentinel,round_win = game_pnl > 0 (decisive only),COMPATIBILITY_ONLY_NOT_PRODUCTION,630814.5920,577721.2471,6644.3283,4370,4077,-0.01053293,-0.02940797,-0.00432247,-0.01053293,-6644.3283,630814.5920,OK,0.0000,265.7731,4.0000,96.0000,AG03-UNRESOLVED,ALL5_LEVELS_bet23_to_bet27,265.7731,265.7731,265.7731,332.2164,332.2164,4.000000,4.000000,4.000000,5.000000,5.000000,96.000000,96.000000,96.000000,95.000000,95.000000,5.0,1461.7522,1339.0033,5182.5761,5305.325,PENDING_AG03,FALSE,NOT_FOR_ENFORCEMENT,6378.5552,554612.3973,6644.3283,6378.5552,265.7731,0.01053293,0.01011162,265.7731,6378.5552,0.01011162,265.7731,265.7731,265.7731,332.2164,332.2164,6378.5552,0.01011162,1461.7522,1339.0033,5182.5761,5305.325,0.00821569,0.00841028,0.00042132,144.3512,141.7025,1.6297,93.5821,10.0216,8884.7126,57.4225,158.2289,140.3023,51.4311,102.8621,129.7286,258.1778,514.3107,1008.3546,77.1466,0.0,5.0,9.802971,1.403346,17,104,92,7,0.24757185,0.01053293,0.02940797,0E-8,0.000000,0.915834,0.000000,-0.02508550,2026-05-12,2026-08-06,71,663,310,87,0.816092,1.127771,1.096139,0.825239,,,,,,,,GLOBAL_BASELINE_NO_ENTITY_RANKING,,,NOT_APPLICABLE_GLOBAL_BASELINE,HF9g-P5,,,,X 全窗基线 · 不参与实体赏罚,14193907,1420,A168_HF9F_20260827_0900,2026-08-27 09:00:00
2026-08-04,137070871,1384,0,513.7030282793,488.0178768653,488.0178768653,1.0000000,3,3,0.50665070000000000,0.506650700000,1.7091633124209307,1.7091633124209307,1.7091633124209307,0E-17,ELIGIBLE,R03b_20260811_FULL_v1,L1_ELIGIBILITY,v2026-08-11,2026-03-21..2026-08-06,baccarat_bet02_101_all_pairs_incl_sentinel,round_win = game_pnl > 0 (decisive only),COMPATIBILITY_ONLY_NOT_PRODUCTION,630814.5920,577721.2471,6644.3283,4370,4077,-0.01053293,-0.02940797,-0.00432247,-0.01053293,-6644.3283,630814.5920,OK,0.0000,265.7731,4.0000,96.0000,AG03-UNRESOLVED,ALL5_LEVELS_bet23_to_bet27,265.7731,265.7731,265.7731,332.2164,332.2164,4.000000,4.000000,4.000000,5.000000,5.000000,96.000000,96.000000,96.000000,95.000000,95.000000,5.0,1461.7522,1339.0033,5182.5761,5305.325,PENDING_AG03,FALSE,NOT_FOR_ENFORCEMENT,6378.5552,554612.3973,6644.3283,6378.5552,265.7731,0.01053293,0.01011162,265.7731,6378.5552,0.01011162,265.7731,265.7731,265.7731,332.2164,332.2164,6378.5552,0.01011162,1461.7522,1339.0033,5182.5761,5305.325,0.00821569,0.00841028,0.00042132,144.3512,141.7025,1.6297,93.5821,10.0216,8884.7126,57.4225,158.2289,140.3023,51.4311,102.8621,129.7286,258.1778,514.3107,1008.3546,77.1466,0.0,5.0,9.802971,1.403346,17,104,92,7,0.24757185,0.01053293,0.02940797,0E-8,0.000000,0.915834,0.000000,-0.02508550,2026-05-12,2026-08-06,71,663,310,87,0.816092,1.127771,1.096139,0.825239,,,,,,,,GLOBAL_BASELINE_NO_ENTITY_RANKING,,,NOT_APPLICABLE_GLOBAL_BASELINE,HF9g-P5,,,,X 全窗基线 · 不参与实体赏罚,14193908,1420,A168_HF9F_20260827_0900,2026-08-27 09:00:00
2026-08-04,137070871,1402,0,863.0210875093,68.5793542753,68.5793542753,0.5000000,2,2,0.50665070000000000,0.506650700000,-0.018812684590367487,-0.018812684590367487,-0.018812684590367487,0E-17,ELIGIBLE,R03b_20260811_FULL_v1,L1_ELIGIBILITY,v2026-08-11,2026-03-21..2026-08-06,baccarat_bet02_101_all_pairs_incl_sentinel,round_win = game_pnl > 0 (decisive only),COMPATIBILITY_ONLY_NOT_PRODUCTION,630814.5920,577721.2471,6644.3283,4370,4077,-0.01053293,-0.02940797,-0.00432247,-0.01053293,-6644.3283,630814.5920,OK,0.0000,265.7731,4.0000,96.0000,AG03-UNRESOLVED,ALL5_LEVELS_bet23_to_bet27,265.7731,265.7731,265.7731,332.2164,332.2164,4.000000,4.000000,4.000000,5.000000,5.000000,96.000000,96.000000,96.000000,95.000000,95.000000,5.0,1461.7522,1339.0033,5182.5761,5305.325,PENDING_AG03,FALSE,NOT_FOR_ENFORCEMENT,6378.5552,554612.3973,6644.3283,6378.5552,265.7731,0.01053293,0.01011162,265.7731,6378.5552,0.01011162,265.7731,265.7731,265.7731,332.2164,332.2164,6378.5552,0.01011162,1461.7522,1339.0033,5182.5761,5305.325,0.00821569,0.00841028,0.00042132,144.3512,141.7025,1.6297,93.5821,10.0216,8884.7126,57.4225,158.2289,140.3023,51.4311,102.8621,129.7286,258.1778,514.3107,1008.3546,77.1466,0.0,5.0,9.802971,1.403346,17,104,92,7,0.24757185,0.01053293,0.02940797,0E-8,0.000000,0.915834,0.000000,-0.02508550,2026-05-12,2026-08-06,71,663,310,87,0.816092,1.127771,1.096139,0.825239,,,,,,,,GLOBAL_BASELINE_NO_ENTITY_RANKING,,,NOT_APPLICABLE_GLOBAL_BASELINE,HF9g-P5,,,,X 全窗基线 · 不参与实体赏罚,14193909,1420,A168_HF9F_20260827_0900,2026-08-27 09:00:00
2026-08-04,137070871,1405,0,166.6966326766,-166.6966326766,-166.6966326766,0E-7,1,1,0.50665070000000000,0.506650700000,-1.013391052207602,-1.013391052207602,-1.013391052207602,0E-17,ELIGIBLE,R03b_20260811_FULL_v1,L1_ELIGIBILITY,v2026-08-11,2026-03-21..2026-08-06,baccarat_bet02_101_all_pairs_incl_sentinel,round_win = game_pnl > 0 (decisive only),COMPATIBILITY_ONLY_NOT_PRODUCTION,630814.5920,577721.2471,6644.3283,4370,4077,-0.01053293,-0.02940797,-0.00432247,-0.01053293,-6644.3283,630814.5920,OK,0.0000,265.7731,4.0000,96.0000,AG03-UNRESOLVED,ALL5_LEVELS_bet23_to_bet27,265.7731,265.7731,265.7731,332.2164,332.2164,4.000000,4.000000,4.000000,5.000000,5.000000,96.000000,96.000000,96.000000,95.000000,95.000000,5.0,1461.7522,1339.0033,5182.5761,5305.325,PENDING_AG03,FALSE,NOT_FOR_ENFORCEMENT,6378.5552,554612.3973,6644.3283,6378.5552,265.7731,0.01053293,0.01011162,265.7731,6378.5552,0.01011162,265.7731,265.7731,265.7731,332.2164,332.2164,6378.5552,0.01011162,1461.7522,1339.0033,5182.5761,5305.325,0.00821569,0.00841028,0.00042132,144.3512,141.7025,1.6297,93.5821,10.0216,8884.7126,57.4225,158.2289,140.3023,51.4311,102.8621,129.7286,258.1778,514.3107,1008.3546,77.1466,0.0,5.0,9.802971,1.403346,17,104,92,7,0.24757185,0.01053293,0.02940797,0E-8,0.000000,0.915834,0.000000,-0.02508550,2026-05-12,2026-08-06,71,663,310,87,0.816092,1.127771,1.096139,0.825239,,,,,,,,GLOBAL_BASELINE_NO_ENTITY_RANKING,,,NOT_APPLICABLE_GLOBAL_BASELINE,HF9g-P5,,,,X 全窗基线 · 不参与实体赏罚,14193910,1420,A168_HF9F_20260827_0900,2026-08-27 09:00:00
2026-08-04,137070871,2101,0,898.9802994888,-547.0937251175,-547.0937251175,0.4000000,6,6,0.50441650000000000,0.504416500000,-0.466983001748531,-0.466983001748531,-0.466983001748531,0E-17,ELIGIBLE,R03b_20260811_FULL_v1,L1_ELIGIBILITY,v2026-08-11,2026-03-21..2026-08-06,baccarat_bet02_101_all_pairs_incl_sentinel,round_win = game_pnl > 0 (decisive only),COMPATIBILITY_ONLY_NOT_PRODUCTION,630814.5920,577721.2471,6644.3283,4370,4077,-0.01053293,-0.02940797,-0.00432247,-0.01053293,-6644.3283,630814.5920,OK,0.0000,265.7731,4.0000,96.0000,AG03-UNRESOLVED,ALL5_LEVELS_bet23_to_bet27,265.7731,265.7731,265.7731,332.2164,332.2164,4.000000,4.000000,4.000000,5.000000,5.000000,96.000000,96.000000,96.000000,95.000000,95.000000,5.0,1461.7522,1339.0033,5182.5761,5305.325,PENDING_AG03,FALSE,NOT_FOR_ENFORCEMENT,6378.5552,554612.3973,6644.3283,6378.5552,265.7731,0.01053293,0.01011162,265.7731,6378.5552,0.01011162,265.7731,265.7731,265.7731,332.2164,332.2164,6378.5552,0.01011162,1461.7522,1339.0033,5182.5761,5305.325,0.00821569,0.00841028,0.00042132,144.3512,141.7025,1.6297,93.5821,10.0216,8884.7126,57.4225,158.2289,140.3023,51.4311,102.8621,129.7286,258.1778,514.3107,1008.3546,77.1466,0.0,5.0,9.802971,1.403346,17,104,92,7,0.24757185,0.01053293,0.02940797,0E-8,0.000000,0.915834,0.000000,-0.02508550,2026-05-12,2026-08-06,71,663,310,87,0.816092,1.127771,1.096139,0.825239,,,,,,,,GLOBAL_BASELINE_NO_ENTITY_RANKING,,,NOT_APPLICABLE_GLOBAL_BASELINE,HF9g-P5,,,,X 全窗基线 · 不参与实体赏罚,14193911,1420,A168_HF9F_20260827_0900,2026-08-27 09:00:00
2026-08-04,137070871,2106,0,385.2772712095,115.5831813629,115.5831813629,0.5000000,2,2,0.50665070000000000,0.506650700000,-0.018812684590367487,-0.018812684590367487,-0.018812684590367487,0E-17,ELIGIBLE,R03b_20260811_FULL_v1,L1_ELIGIBILITY,v2026-08-11,2026-03-21..2026-08-06,baccarat_bet02_101_all_pairs_incl_sentinel,round_win = game_pnl > 0 (decisive only),COMPATIBILITY_ONLY_NOT_PRODUCTION,630814.5920,577721.2471,6644.3283,4370,4077,-0.01053293,-0.02940797,-0.00432247,-0.01053293,-6644.3283,630814.5920,OK,0.0000,265.7731,4.0000,96.0000,AG03-UNRESOLVED,ALL5_LEVELS_bet23_to_bet27,265.7731,265.7731,265.7731,332.2164,332.2164,4.000000,4.000000,4.000000,5.000000,5.000000,96.000000,96.000000,96.000000,95.000000,95.000000,5.0,1461.7522,1339.0033,5182.5761,5305.325,PENDING_AG03,FALSE,NOT_FOR_ENFORCEMENT,6378.5552,554612.3973,6644.3283,6378.5552,265.7731,0.01053293,0.01011162,265.7731,6378.5552,0.01011162,265.7731,265.7731,265.7731,332.2164,332.2164,6378.5552,0.01011162,1461.7522,1339.0033,5182.5761,5305.325,0.00821569,0.00841028,0.00042132,144.3512,141.7025,1.6297,93.5821,10.0216,8884.7126,57.4225,158.2289,140.3023,51.4311,102.8621,129.7286,258.1778,514.3107,1008.3546,77.1466,0.0,5.0,9.802971,1.403346,17,104,92,7,0.24757185,0.01053293,0.02940797,0E-8,0.000000,0.915834,0.000000,-0.02508550,2026-05-12,2026-08-06,71,663,310,87,0.816092,1.127771,1.096139,0.825239,,,,,,,,GLOBAL_BASELINE_NO_ENTITY_RANKING,,,NOT_APPLICABLE_GLOBAL_BASELINE,HF9g-P5,,,,X 全窗基线 · 不参与实体赏罚,14193912,1420,A168_HF9F_20260827_0900,2026-08-27 09:00:00
2026-08-04,137070871,2155,0,368.3250712763,-124.9068913261,-124.9068913261,0.5000000,2,2,0.50665070000000000,0.506650700000,-0.018812684590367487,-0.018812684590367487,-0.018812684590367487,0E-17,ELIGIBLE,R03b_20260811_FULL_v1,L1_ELIGIBILITY,v2026-08-11,2026-03-21..2026-08-06,baccarat_bet02_101_all_pairs_incl_sentinel,round_win = game_pnl > 0 (decisive only),COMPATIBILITY_ONLY_NOT_PRODUCTION,630814.5920,577721.2471,6644.3283,4370,4077,-0.01053293,-0.02940797,-0.00432247,-0.01053293,-6644.3283,630814.5920,OK,0.0000,265.7731,4.0000,96.0000,AG03-UNRESOLVED,ALL5_LEVELS_bet23_to_bet27,265.7731,265.7731,265.7731,332.2164,332.2164,4.000000,4.000000,4.000000,5.000000,5.000000,96.000000,96.000000,96.000000,95.000000,95.000000,5.0,1461.7522,1339.0033,5182.5761,5305.325,PENDING_AG03,FALSE,NOT_FOR_ENFORCEMENT,6378.5552,554612.3973,6644.3283,6378.5552,265.7731,0.01053293,0.01011162,265.7731,6378.5552,0.01011162,265.7731,265.7731,265.7731,332.2164,332.2164,6378.5552,0.01011162,1461.7522,1339.0033,5182.5761,5305.325,0.00821569,0.00841028,0.00042132,144.3512,141.7025,1.6297,93.5821,10.0216,8884.7126,57.4225,158.2289,140.3023,51.4311,102.8621,129.7286,258.1778,514.3107,1008.3546,77.1466,0.0,5.0,9.802971,1.403346,17,104,92,7,0.24757185,0.01053293,0.02940797,0E-8,0.000000,0.915834,0.000000,-0.02508550,2026-05-12,2026-08-06,71,663,310,87,0.816092,1.127771,1.096139,0.825239,,,,,,,,GLOBAL_BASELINE_NO_ENTITY_RANKING,,,NOT_APPLICABLE_GLOBAL_BASELINE,HF9g-P5,,,,X 全窗基线 · 不参与实体赏罚,14193913,1420,A168_HF9F_20260827_0900,2026-08-27 09:00:00
2026-08-04,137070871,2169,0,821.9248452468,-70.6341663885,-70.6341663885,0.5000000,6,6,0.50665070000000000,0.506650700000,-0.032584525537284574,-0.032584525537284574,-0.032584525537284574,0E-17,ELIGIBLE,R03b_20260811_FULL_v1,L1_ELIGIBILITY,v2026-08-11,2026-03-21..2026-08-06,baccarat_bet02_101_all_pairs_incl_sentinel,round_win = game_pnl > 0 (decisive only),COMPATIBILITY_ONLY_NOT_PRODUCTION,630814.5920,577721.2471,6644.3283,4370,4077,-0.01053293,-0.02940797,-0.00432247,-0.01053293,-6644.3283,630814.5920,OK,0.0000,265.7731,4.0000,96.0000,AG03-UNRESOLVED,ALL5_LEVELS_bet23_to_bet27,265.7731,265.7731,265.7731,332.2164,332.2164,4.000000,4.000000,4.000000,5.000000,5.000000,96.000000,96.000000,96.000000,95.000000,95.000000,5.0,1461.7522,1339.0033,5182.5761,5305.325,PENDING_AG03,FALSE,NOT_FOR_ENFORCEMENT,6378.5552,554612.3973,6644.3283,6378.5552,265.7731,0.01053293,0.01011162,265.7731,6378.5552,0.01011162,265.7731,265.7731,265.7731,332.2164,332.2164,6378.5552,0.01011162,1461.7522,1339.0033,5182.5761,5305.325,0.00821569,0.00841028,0.00042132,144.3512,141.7025,1.6297,93.5821,10.0216,8884.7126,57.4225,158.2289,140.3023,51.4311,102.8621,129.7286,258.1778,514.3107,1008.3546,77.1466,0.0,5.0,9.802971,1.403346,17,104,92,7,0.24757185,0.01053293,0.02940797,0E-8,0.000000,0.915834,0.000000,-0.02508550,2026-05-12,2026-08-06,71,663,310,87,0.816092,1.127771,1.096139,0.825239,,,,,,,,GLOBAL_BASELINE_NO_ENTITY_RANKING,,,NOT_APPLICABLE_GLOBAL_BASELINE,HF9g-P5,,,,X 全窗基线 · 不参与实体赏罚,14193914,1420,A168_HF9F_20260827_0900,2026-08-27 09:00:00
2026-08-04,137070871,2170,0,256.8515141396,-128.4257570698,-128.4257570698,0E-7,2,2,0.50665070000000000,0.506650700000,-1.013391052207602,-1.013391052207602,-1.013391052207602,0E-17,ELIGIBLE,R03b_20260811_FULL_v1,L1_ELIGIBILITY,v2026-08-11,2026-03-21..2026-08-06,baccarat_bet02_101_all_pairs_incl_sentinel,round_win = game_pnl > 0 (decisive only),COMPATIBILITY_ONLY_NOT_PRODUCTION,630814.5920,577721.2471,6644.3283,4370,4077,-0.01053293,-0.02940797,-0.00432247,-0.01053293,-6644.3283,630814.5920,OK,0.0000,265.7731,4.0000,96.0000,AG03-UNRESOLVED,ALL5_LEVELS_bet23_to_bet27,265.7731,265.7731,265.7731,332.2164,332.2164,4.000000,4.000000,4.000000,5.000000,5.000000,96.000000,96.000000,96.000000,95.000000,95.000000,5.0,1461.7522,1339.0033,5182.5761,5305.325,PENDING_AG03,FALSE,NOT_FOR_ENFORCEMENT,6378.5552,554612.3973,6644.3283,6378.5552,265.7731,0.01053293,0.01011162,265.7731,6378.5552,0.01011162,265.7731,265.7731,265.7731,332.2164,332.2164,6378.5552,0.01011162,1461.7522,1339.0033,5182.5761,5305.325,0.00821569,0.00841028,0.00042132,144.3512,141.7025,1.6297,93.5821,10.0216,8884.7126,57.4225,158.2289,140.3023,51.4311,102.8621,129.7286,258.1778,514.3107,1008.3546,77.1466,0.0,5.0,9.802971,1.403346,17,104,92,7,0.24757185,0.01053293,0.02940797,0E-8,0.000000,0.915834,0.000000,-0.02508550,2026-05-12,2026-08-06,71,663,310,87,0.816092,1.127771,1.096139,0.825239,,,,,,,,GLOBAL_BASELINE_NO_ENTITY_RANKING,,,NOT_APPLICABLE_GLOBAL_BASELINE,HF9g-P5,,,,X 全窗基线 · 不参与实体赏罚,14193915,1420,A168_HF9F_20260827_0900,2026-08-27 09:00:00
2026-08-04,137070871,2196,0,1027.4060565587,-25.6851514141,-25.6851514141,0.6000000,5,5,0.50665070000000000,0.506650700000,0.4175076967804994,0.4175076967804994,0.4175076967804994,0E-17,ELIGIBLE,R03b_20260811_FULL_v1,L1_ELIGIBILITY,v2026-08-11,2026-03-21..2026-08-06,baccarat_bet02_101_all_pairs_incl_sentinel,round_win = game_pnl > 0 (decisive only),COMPATIBILITY_ONLY_NOT_PRODUCTION,630814.5920,577721.2471,6644.3283,4370,4077,-0.01053293,-0.02940797,-0.00432247,-0.01053293,-6644.3283,630814.5920,OK,0.0000,265.7731,4.0000,96.0000,AG03-UNRESOLVED,ALL5_LEVELS_bet23_to_bet27,265.7731,265.7731,265.7731,332.2164,332.2164,4.000000,4.000000,4.000000,5.000000,5.000000,96.000000,96.000000,96.000000,95.000000,95.000000,5.0,1461.7522,1339.0033,5182.5761,5305.325,PENDING_AG03,FALSE,NOT_FOR_ENFORCEMENT,6378.5552,554612.3973,6644.3283,6378.5552,265.7731,0.01053293,0.01011162,265.7731,6378.5552,0.01011162,265.7731,265.7731,265.7731,332.2164,332.2164,6378.5552,0.01011162,1461.7522,1339.0033,5182.5761,5305.325,0.00821569,0.00841028,0.00042132,144.3512,141.7025,1.6297,93.5821,10.0216,8884.7126,57.4225,158.2289,140.3023,51.4311,102.8621,129.7286,258.1778,514.3107,1008.3546,77.1466,0.0,5.0,9.802971,1.403346,17,104,92,7,0.24757185,0.01053293,0.02940797,0E-8,0.000000,0.915834,0.000000,-0.02508550,2026-05-12,2026-08-06,71,663,310,87,0.816092,1.127771,1.096139,0.825239,,,,,,,,GLOBAL_BASELINE_NO_ENTITY_RANKING,,,NOT_APPLICABLE_GLOBAL_BASELINE,HF9g-P5,,,,X 全窗基线 · 不参与实体赏罚,14193916,1420,A168_HF9F_20260827_0900,2026-08-27 09:00:00
2026-08-04,137070871,2281,0,821.9248452468,-593.3269976626,-593.3269976626,0.2500000,5,5,0.50665070000000000,0.506650700000,-1.0266936290537745,-1.0266936290537745,-1.0266936290537745,0E-17,ELIGIBLE,R03b_20260811_FULL_v1,L1_ELIGIBILITY,v2026-08-11,2026-03-21..2026-08-06,baccarat_bet02_101_all_pairs_incl_sentinel,round_win = game_pnl > 0 (decisive only),COMPATIBILITY_ONLY_NOT_PRODUCTION,630814.5920,577721.2471,6644.3283,4370,4077,-0.01053293,-0.02940797,-0.00432247,-0.01053293,-6644.3283,630814.5920,OK,0.0000,265.7731,4.0000,96.0000,AG03-UNRESOLVED,ALL5_LEVELS_bet23_to_bet27,265.7731,265.7731,265.7731,332.2164,332.2164,4.000000,4.000000,4.000000,5.000000,5.000000,96.000000,96.000000,96.000000,95.000000,95.000000,5.0,1461.7522,1339.0033,5182.5761,5305.325,PENDING_AG03,FALSE,NOT_FOR_ENFORCEMENT,6378.5552,554612.3973,6644.3283,6378.5552,265.7731,0.01053293,0.01011162,265.7731,6378.5552,0.01011162,265.7731,265.7731,265.7731,332.2164,332.2164,6378.5552,0.01011162,1461.7522,1339.0033,5182.5761,5305.325,0.00821569,0.00841028,0.00042132,144.3512,141.7025,1.6297,93.5821,10.0216,8884.7126,57.4225,158.2289,140.3023,51.4311,102.8621,129.7286,258.1778,514.3107,1008.3546,77.1466,0.0,5.0,9.802971,1.403346,17,104,92,7,0.24757185,0.01053293,0.02940797,0E-8,0.000000,0.915834,0.000000,-0.02508550,2026-05-12,2026-08-06,71,663,310,87,0.816092,1.127771,1.096139,0.825239,,,,,,,,GLOBAL_BASELINE_NO_ENTITY_RANKING,,,NOT_APPLICABLE_GLOBAL_BASELINE,HF9g-P5,,,,X 全窗基线 · 不参与实体赏罚,14193917,1420,A168_HF9F_20260827_0900,2026-08-27 09:00:00
2026-08-05,137070871,1318,0,1361.3130249399,327.4856805279,327.4856805279,0.7272727,13,13,0.50561953076923077,0.505619530769,1.4703738419446855,1.4703738419462085,1.4703738419446855,2.3077E-13,ELIGIBLE,R03b_20260811_FULL_v1,L1_ELIGIBILITY,v2026-08-11,2026-03-21..2026-08-06,baccarat_bet02_101_all_pairs_incl_sentinel,round_win = game_pnl > 0 (decisive only),COMPATIBILITY_ONLY_NOT_PRODUCTION,630814.5920,577721.2471,6644.3283,4370,4077,-0.01053293,-0.02940797,-0.00432247,-0.01053293,-6644.3283,630814.5920,OK,0.0000,265.7731,4.0000,96.0000,AG03-UNRESOLVED,ALL5_LEVELS_bet23_to_bet27,265.7731,265.7731,265.7731,332.2164,332.2164,4.000000,4.000000,4.000000,5.000000,5.000000,96.000000,96.000000,96.000000,95.000000,95.000000,5.0,1461.7522,1339.0033,5182.5761,5305.325,PENDING_AG03,FALSE,NOT_FOR_ENFORCEMENT,6378.5552,554612.3973,6644.3283,6378.5552,265.7731,0.01053293,0.01011162,265.7731,6378.5552,0.01011162,265.7731,265.7731,265.7731,332.2164,332.2164,6378.5552,0.01011162,1461.7522,1339.0033,5182.5761,5305.325,0.00821569,0.00841028,0.00042132,144.3512,141.7025,1.6297,93.5821,10.0216,8884.7126,57.4225,158.2289,140.3023,51.4311,102.8621,129.7286,258.1778,514.3107,1008.3546,77.1466,0.0,5.0,9.802971,1.403346,17,104,92,7,0.24757185,0.01053293,0.02940797,0E-8,0.000000,0.915834,0.000000,-0.02508550,2026-05-12,2026-08-06,71,663,310,87,0.816092,1.127771,1.096139,0.825239,,,,,,,,GLOBAL_BASELINE_NO_ENTITY_RANKING,,,NOT_APPLICABLE_GLOBAL_BASELINE,HF9g-P5,,,,X 全窗基线 · 不参与实体赏罚,14193918,1420,A168_HF9F_20260827_0900,2026-08-27 09:00:00
2026-08-05,137070871,1325,0,128.4257570698,-128.4257570698,-128.4257570698,0E-7,1,1,0.50665070000000000,0.506650700000,-1.013391052207602,-1.013391052207602,-1.013391052207602,0E-17,ELIGIBLE,R03b_20260811_FULL_v1,L1_ELIGIBILITY,v2026-08-11,2026-03-21..2026-08-06,baccarat_bet02_101_all_pairs_incl_sentinel,round_win = game_pnl > 0 (decisive only),COMPATIBILITY_ONLY_NOT_PRODUCTION,630814.5920,577721.2471,6644.3283,4370,4077,-0.01053293,-0.02940797,-0.00432247,-0.01053293,-6644.3283,630814.5920,OK,0.0000,265.7731,4.0000,96.0000,AG03-UNRESOLVED,ALL5_LEVELS_bet23_to_bet27,265.7731,265.7731,265.7731,332.2164,332.2164,4.000000,4.000000,4.000000,5.000000,5.000000,96.000000,96.000000,96.000000,95.000000,95.000000,5.0,1461.7522,1339.0033,5182.5761,5305.325,PENDING_AG03,FALSE,NOT_FOR_ENFORCEMENT,6378.5552,554612.3973,6644.3283,6378.5552,265.7731,0.01053293,0.01011162,265.7731,6378.5552,0.01011162,265.7731,265.7731,265.7731,332.2164,332.2164,6378.5552,0.01011162,1461.7522,1339.0033,5182.5761,5305.325,0.00821569,0.00841028,0.00042132,144.3512,141.7025,1.6297,93.5821,10.0216,8884.7126,57.4225,158.2289,140.3023,51.4311,102.8621,129.7286,258.1778,514.3107,1008.3546,77.1466,0.0,5.0,9.802971,1.403346,17,104,92,7,0.24757185,0.01053293,0.02940797,0E-8,0.000000,0.915834,0.000000,-0.02508550,2026-05-12,2026-08-06,71,663,310,87,0.816092,1.127771,1.096139,0.825239,,,,,,,,GLOBAL_BASELINE_NO_ENTITY_RANKING,,,NOT_APPLICABLE_GLOBAL_BASELINE,HF9g-P5,,,,X 全窗基线 · 不参与实体赏罚,14193919,1420,A168_HF9F_20260827_0900,2026-08-27 09:00:00
2026-08-05,137070871,1374,0,1411.6559217116,-531.9394857833,-531.9394857833,0.4000000,6,6,0.50665070000000000,0.506650700000,-0.4769986289884125,-0.4769986289884125,-0.4769986289884125,0E-17,ELIGIBLE,R03b_20260811_FULL_v1,L1_ELIGIBILITY,v2026-08-11,2026-03-21..2026-08-06,baccarat_bet02_101_all_pairs_incl_sentinel,round_win = game_pnl > 0 (decisive only),COMPATIBILITY_ONLY_NOT_PRODUCTION,630814.5920,577721.2471,6644.3283,4370,4077,-0.01053293,-0.02940797,-0.00432247,-0.01053293,-6644.3283,630814.5920,OK,0.0000,265.7731,4.0000,96.0000,AG03-UNRESOLVED,ALL5_LEVELS_bet23_to_bet27,265.7731,265.7731,265.7731,332.2164,332.2164,4.000000,4.000000,4.000000,5.000000,5.000000,96.000000,96.000000,96.000000,95.000000,95.000000,5.0,1461.7522,1339.0033,5182.5761,5305.325,PENDING_AG03,FALSE,NOT_FOR_ENFORCEMENT,6378.5552,554612.3973,6644.3283,6378.5552,265.7731,0.01053293,0.01011162,265.7731,6378.5552,0.01011162,265.7731,265.7731,265.7731,332.2164,332.2164,6378.5552,0.01011162,1461.7522,1339.0033,5182.5761,5305.325,0.00821569,0.00841028,0.00042132,144.3512,141.7025,1.6297,93.5821,10.0216,8884.7126,57.4225,158.2289,140.3023,51.4311,102.8621,129.7286,258.1778,514.3107,1008.3546,77.1466,0.0,5.0,9.802971,1.403346,17,104,92,7,0.24757185,0.01053293,0.02940797,0E-8,0.000000,0.915834,0.000000,-0.02508550,2026-05-12,2026-08-06,71,663,310,87,0.816092,1.127771,1.096139,0.825239,,,,,,,,GLOBAL_BASELINE_NO_ENTITY_RANKING,,,NOT_APPLICABLE_GLOBAL_BASELINE,HF9g-P5,,,,X 全窗基线 · 不参与实体赏罚,14193920,1420,A168_HF9F_20260827_0900,2026-08-27 09:00:00
2026-08-05,137070871,1710,0,256.8515141397,-256.8515141397,-256.8515141397,0E-7,1,1,0.50665070000000000,0.506650700000,-1.013391052207602,-1.013391052207602,-1.013391052207602,0E-17,ELIGIBLE,R03b_20260811_FULL_v1,L1_ELIGIBILITY,v2026-08-11,2026-03-21..2026-08-06,baccarat_bet02_101_all_pairs_incl_sentinel,round_win = game_pnl > 0 (decisive only),COMPATIBILITY_ONLY_NOT_PRODUCTION,630814.5920,577721.2471,6644.3283,4370,4077,-0.01053293,-0.02940797,-0.00432247,-0.01053293,-6644.3283,630814.5920,OK,0.0000,265.7731,4.0000,96.0000,AG03-UNRESOLVED,ALL5_LEVELS_bet23_to_bet27,265.7731,265.7731,265.7731,332.2164,332.2164,4.000000,4.000000,4.000000,5.000000,5.000000,96.000000,96.000000,96.000000,95.000000,95.000000,5.0,1461.7522,1339.0033,5182.5761,5305.325,PENDING_AG03,FALSE,NOT_FOR_ENFORCEMENT,6378.5552,554612.3973,6644.3283,6378.5552,265.7731,0.01053293,0.01011162,265.7731,6378.5552,0.01011162,265.7731,265.7731,265.7731,332.2164,332.2164,6378.5552,0.01011162,1461.7522,1339.0033,5182.5761,5305.325,0.00821569,0.00841028,0.00042132,144.3512,141.7025,1.6297,93.5821,10.0216,8884.7126,57.4225,158.2289,140.3023,51.4311,102.8621,129.7286,258.1778,514.3107,1008.3546,77.1466,0.0,5.0,9.802971,1.403346,17,104,92,7,0.24757185,0.01053293,0.02940797,0E-8,0.000000,0.915834,0.000000,-0.02508550,2026-05-12,2026-08-06,71,663,310,87,0.816092,1.127771,1.096139,0.825239,,,,,,,,GLOBAL_BASELINE_NO_ENTITY_RANKING,,,NOT_APPLICABLE_GLOBAL_BASELINE,HF9g-P5,,,,X 全窗基线 · 不参与实体赏罚,14193921,1420,A168_HF9F_20260827_0900,2026-08-27 09:00:00
2026-08-05,137070871,2088,0,1868.5947653659,665.2454216217,665.2454216217,0.6363636,12,12,0.50329940000000000,0.503299400000,0.8826675077841292,0.8826675077841293,0.8826675077841292,0E-17,ELIGIBLE,R03b_20260811_FULL_v1,L1_ELIGIBILITY,v2026-08-11,2026-03-21..2026-08-06,baccarat_bet02_101_all_pairs_incl_sentinel,round_win = game_pnl > 0 (decisive only),COMPATIBILITY_ONLY_NOT_PRODUCTION,630814.5920,577721.2471,6644.3283,4370,4077,-0.01053293,-0.02940797,-0.00432247,-0.01053293,-6644.3283,630814.5920,OK,0.0000,265.7731,4.0000,96.0000,AG03-UNRESOLVED,ALL5_LEVELS_bet23_to_bet27,265.7731,265.7731,265.7731,332.2164,332.2164,4.000000,4.000000,4.000000,5.000000,5.000000,96.000000,96.000000,96.000000,95.000000,95.000000,5.0,1461.7522,1339.0033,5182.5761,5305.325,PENDING_AG03,FALSE,NOT_FOR_ENFORCEMENT,6378.5552,554612.3973,6644.3283,6378.5552,265.7731,0.01053293,0.01011162,265.7731,6378.5552,0.01011162,265.7731,265.7731,265.7731,332.2164,332.2164,6378.5552,0.01011162,1461.7522,1339.0033,5182.5761,5305.325,0.00821569,0.00841028,0.00042132,144.3512,141.7025,1.6297,93.5821,10.0216,8884.7126,57.4225,158.2289,140.3023,51.4311,102.8621,129.7286,258.1778,514.3107,1008.3546,77.1466,0.0,5.0,9.802971,1.403346,17,104,92,7,0.24757185,0.01053293,0.02940797,0E-8,0.000000,0.915834,0.000000,-0.02508550,2026-05-12,2026-08-06,71,663,310,87,0.816092,1.127771,1.096139,0.825239,,,,,,,,GLOBAL_BASELINE_NO_ENTITY_RANKING,,,NOT_APPLICABLE_GLOBAL_BASELINE,HF9g-P5,,,,X 全窗基线 · 不参与实体赏罚,14193922,1420,A168_HF9F_20260827_0900,2026-08-27 09:00:00
2026-08-05,137070871,2169,0,1258.5724192846,488.0178768650,488.0178768650,0.7142857,13,8,0.43165897256942530,0.380664597917,1.5096886200824755,1.8178931533423315,1.5096886200824755,0.05099437465242530,ELIGIBLE,R03b_20260811_FULL_v1,L1_ELIGIBILITY,v2026-08-11,2026-03-21..2026-08-06,baccarat_bet02_101_all_pairs_incl_sentinel,round_win = game_pnl > 0 (decisive only),COMPATIBILITY_ONLY_NOT_PRODUCTION,630814.5920,577721.2471,6644.3283,4370,4077,-0.01053293,-0.02940797,-0.00432247,-0.01053293,-6644.3283,630814.5920,OK,0.0000,265.7731,4.0000,96.0000,AG03-UNRESOLVED,ALL5_LEVELS_bet23_to_bet27,265.7731,265.7731,265.7731,332.2164,332.2164,4.000000,4.000000,4.000000,5.000000,5.000000,96.000000,96.000000,96.000000,95.000000,95.000000,5.0,1461.7522,1339.0033,5182.5761,5305.325,PENDING_AG03,FALSE,NOT_FOR_ENFORCEMENT,6378.5552,554612.3973,6644.3283,6378.5552,265.7731,0.01053293,0.01011162,265.7731,6378.5552,0.01011162,265.7731,265.7731,265.7731,332.2164,332.2164,6378.5552,0.01011162,1461.7522,1339.0033,5182.5761,5305.325,0.00821569,0.00841028,0.00042132,144.3512,141.7025,1.6297,93.5821,10.0216,8884.7126,57.4225,158.2289,140.3023,51.4311,102.8621,129.7286,258.1778,514.3107,1008.3546,77.1466,0.0,5.0,9.802971,1.403346,17,104,92,7,0.24757185,0.01053293,0.02940797,0E-8,0.000000,0.915834,0.000000,-0.02508550,2026-05-12,2026-08-06,71,663,310,87,0.816092,1.127771,1.096139,0.825239,,,,,,,,GLOBAL_BASELINE_NO_ENTITY_RANKING,,,NOT_APPLICABLE_GLOBAL_BASELINE,HF9g-P5,,,,X 全窗基线 · 不参与实体赏罚,14193923,1420,A168_HF9F_20260827_0900,2026-08-27 09:00:00
2026-08-05,137070871,2281,0,436.6475740373,-86.0452572368,-86.0452572368,0.5000000,4,4,0.50665070000000000,0.506650700000,-0.02660515369234503,-0.02660515369234503,-0.02660515369234503,0E-17,ELIGIBLE,R03b_20260811_FULL_v1,L1_ELIGIBILITY,v2026-08-11,2026-03-21..2026-08-06,baccarat_bet02_101_all_pairs_incl_sentinel,round_win = game_pnl > 0 (decisive only),COMPATIBILITY_ONLY_NOT_PRODUCTION,630814.5920,577721.2471,6644.3283,4370,4077,-0.01053293,-0.02940797,-0.00432247,-0.01053293,-6644.3283,630814.5920,OK,0.0000,265.7731,4.0000,96.0000,AG03-UNRESOLVED,ALL5_LEVELS_bet23_to_bet27,265.7731,265.7731,265.7731,332.2164,332.2164,4.000000,4.000000,4.000000,5.000000,5.000000,96.000000,96.000000,96.000000,95.000000,95.000000,5.0,1461.7522,1339.0033,5182.5761,5305.325,PENDING_AG03,FALSE,NOT_FOR_ENFORCEMENT,6378.5552,554612.3973,6644.3283,6378.5552,265.7731,0.01053293,0.01011162,265.7731,6378.5552,0.01011162,265.7731,265.7731,265.7731,332.2164,332.2164,6378.5552,0.01011162,1461.7522,1339.0033,5182.5761,5305.325,0.00821569,0.00841028,0.00042132,144.3512,141.7025,1.6297,93.5821,10.0216,8884.7126,57.4225,158.2289,140.3023,51.4311,102.8621,129.7286,258.1778,514.3107,1008.3546,77.1466,0.0,5.0,9.802971,1.403346,17,104,92,7,0.24757185,0.01053293,0.02940797,0E-8,0.000000,0.915834,0.000000,-0.02508550,2026-05-12,2026-08-06,71,663,310,87,0.816092,1.127771,1.096139,0.825239,,,,,,,,GLOBAL_BASELINE_NO_ENTITY_RANKING,,,NOT_APPLICABLE_GLOBAL_BASELINE,HF9g-P5,,,,X 全窗基线 · 不参与实体赏罚,14193924,1420,A168_HF9F_20260827_0900,2026-08-27 09:00:00
2026-08-06,137070871,1306,0,102.7406056558,-102.7406056558,-102.7406056558,0E-7,2,2,0.50665070000000000,0.506650700000,-1.4331513700195317,-1.4331513700195317,-1.4331513700195317,0E-17,ELIGIBLE,R03b_20260811_FULL_v1,L1_ELIGIBILITY,v2026-08-11,2026-03-21..2026-08-06,baccarat_bet02_101_all_pairs_incl_sentinel,round_win = game_pnl > 0 (decisive only),COMPATIBILITY_ONLY_NOT_PRODUCTION,630814.5920,577721.2471,6644.3283,4370,4077,-0.01053293,-0.02940797,-0.00432247,-0.01053293,-6644.3283,630814.5920,OK,0.0000,265.7731,4.0000,96.0000,AG03-UNRESOLVED,ALL5_LEVELS_bet23_to_bet27,265.7731,265.7731,265.7731,332.2164,332.2164,4.000000,4.000000,4.000000,5.000000,5.000000,96.000000,96.000000,96.000000,95.000000,95.000000,5.0,1461.7522,1339.0033,5182.5761,5305.325,PENDING_AG03,FALSE,NOT_FOR_ENFORCEMENT,6378.5552,554612.3973,6644.3283,6378.5552,265.7731,0.01053293,0.01011162,265.7731,6378.5552,0.01011162,265.7731,265.7731,265.7731,332.2164,332.2164,6378.5552,0.01011162,1461.7522,1339.0033,5182.5761,5305.325,0.00821569,0.00841028,0.00042132,144.3512,141.7025,1.6297,93.5821,10.0216,8884.7126,57.4225,158.2289,140.3023,51.4311,102.8621,129.7286,258.1778,514.3107,1008.3546,77.1466,0.0,5.0,9.802971,1.403346,17,104,92,7,0.24757185,0.01053293,0.02940797,0E-8,0.000000,0.915834,0.000000,-0.02508550,2026-05-12,2026-08-06,71,663,310,87,0.816092,1.127771,1.096139,0.825239,,,,,,,,GLOBAL_BASELINE_NO_ENTITY_RANKING,,,NOT_APPLICABLE_GLOBAL_BASELINE,HF9g-P5,,,,X 全窗基线 · 不参与实体赏罚,14193925,1420,A168_HF9F_20260827_0900,2026-08-27 09:00:00
2026-08-06,137070871,1325,0,770.5545424189,-520.1243161328,-520.1243161328,0.2000000,5,5,0.50665070000000000,0.506650700000,-1.3715049547573244,-1.3715049547573244,-1.3715049547573244,0E-17,ELIGIBLE,R03b_20260811_FULL_v1,L1_ELIGIBILITY,v2026-08-11,2026-03-21..2026-08-06,baccarat_bet02_101_all_pairs_incl_sentinel,round_win = game_pnl > 0 (decisive only),COMPATIBILITY_ONLY_NOT_PRODUCTION,630814.5920,577721.2471,6644.3283,4370,4077,-0.01053293,-0.02940797,-0.00432247,-0.01053293,-6644.3283,630814.5920,OK,0.0000,265.7731,4.0000,96.0000,AG03-UNRESOLVED,ALL5_LEVELS_bet23_to_bet27,265.7731,265.7731,265.7731,332.2164,332.2164,4.000000,4.000000,4.000000,5.000000,5.000000,96.000000,96.000000,96.000000,95.000000,95.000000,5.0,1461.7522,1339.0033,5182.5761,5305.325,PENDING_AG03,FALSE,NOT_FOR_ENFORCEMENT,6378.5552,554612.3973,6644.3283,6378.5552,265.7731,0.01053293,0.01011162,265.7731,6378.5552,0.01011162,265.7731,265.7731,265.7731,332.2164,332.2164,6378.5552,0.01011162,1461.7522,1339.0033,5182.5761,5305.325,0.00821569,0.00841028,0.00042132,144.3512,141.7025,1.6297,93.5821,10.0216,8884.7126,57.4225,158.2289,140.3023,51.4311,102.8621,129.7286,258.1778,514.3107,1008.3546,77.1466,0.0,5.0,9.802971,1.403346,17,104,92,7,0.24757185,0.01053293,0.02940797,0E-8,0.000000,0.915834,0.000000,-0.02508550,2026-05-12,2026-08-06,71,663,310,87,0.816092,1.127771,1.096139,0.825239,,,,,,,,GLOBAL_BASELINE_NO_ENTITY_RANKING,,,NOT_APPLICABLE_GLOBAL_BASELINE,HF9g-P5,,,,X 全窗基线 · 不参与实体赏罚,14193926,1420,A168_HF9F_20260827_0900,2026-08-27 09:00:00
2026-08-06,137070871,1330,0,385.2772712095,115.5831813629,115.5831813629,0.5000000,2,2,0.50665070000000000,0.506650700000,-0.018812684590367487,-0.018812684590367487,-0.018812684590367487,0E-17,ELIGIBLE,R03b_20260811_FULL_v1,L1_ELIGIBILITY,v2026-08-11,2026-03-21..2026-08-06,baccarat_bet02_101_all_pairs_incl_sentinel,round_win = game_pnl > 0 (decisive only),COMPATIBILITY_ONLY_NOT_PRODUCTION,630814.5920,577721.2471,6644.3283,4370,4077,-0.01053293,-0.02940797,-0.00432247,-0.01053293,-6644.3283,630814.5920,OK,0.0000,265.7731,4.0000,96.0000,AG03-UNRESOLVED,ALL5_LEVELS_bet23_to_bet27,265.7731,265.7731,265.7731,332.2164,332.2164,4.000000,4.000000,4.000000,5.000000,5.000000,96.000000,96.000000,96.000000,95.000000,95.000000,5.0,1461.7522,1339.0033,5182.5761,5305.325,PENDING_AG03,FALSE,NOT_FOR_ENFORCEMENT,6378.5552,554612.3973,6644.3283,6378.5552,265.7731,0.01053293,0.01011162,265.7731,6378.5552,0.01011162,265.7731,265.7731,265.7731,332.2164,332.2164,6378.5552,0.01011162,1461.7522,1339.0033,5182.5761,5305.325,0.00821569,0.00841028,0.00042132,144.3512,141.7025,1.6297,93.5821,10.0216,8884.7126,57.4225,158.2289,140.3023,51.4311,102.8621,129.7286,258.1778,514.3107,1008.3546,77.1466,0.0,5.0,9.802971,1.403346,17,104,92,7,0.24757185,0.01053293,0.02940797,0E-8,0.000000,0.915834,0.000000,-0.02508550,2026-05-12,2026-08-06,71,663,310,87,0.816092,1.127771,1.096139,0.825239,,,,,,,,GLOBAL_BASELINE_NO_ENTITY_RANKING,,,NOT_APPLICABLE_GLOBAL_BASELINE,HF9g-P5,,,,X 全窗基线 · 不参与实体赏罚,14193927,1420,A168_HF9F_20260827_0900,2026-08-27 09:00:00
2026-08-06,137070871,1384,0,51.3703028279,-51.3703028279,-51.3703028279,0E-7,1,1,0.50665070000000000,0.506650700000,-1.013391052207602,-1.013391052207602,-1.013391052207602,0E-17,ELIGIBLE,R03b_20260811_FULL_v1,L1_ELIGIBILITY,v2026-08-11,2026-03-21..2026-08-06,baccarat_bet02_101_all_pairs_incl_sentinel,round_win = game_pnl > 0 (decisive only),COMPATIBILITY_ONLY_NOT_PRODUCTION,630814.5920,577721.2471,6644.3283,4370,4077,-0.01053293,-0.02940797,-0.00432247,-0.01053293,-6644.3283,630814.5920,OK,0.0000,265.7731,4.0000,96.0000,AG03-UNRESOLVED,ALL5_LEVELS_bet23_to_bet27,265.7731,265.7731,265.7731,332.2164,332.2164,4.000000,4.000000,4.000000,5.000000,5.000000,96.000000,96.000000,96.000000,95.000000,95.000000,5.0,1461.7522,1339.0033,5182.5761,5305.325,PENDING_AG03,FALSE,NOT_FOR_ENFORCEMENT,6378.5552,554612.3973,6644.3283,6378.5552,265.7731,0.01053293,0.01011162,265.7731,6378.5552,0.01011162,265.7731,265.7731,265.7731,332.2164,332.2164,6378.5552,0.01011162,1461.7522,1339.0033,5182.5761,5305.325,0.00821569,0.00841028,0.00042132,144.3512,141.7025,1.6297,93.5821,10.0216,8884.7126,57.4225,158.2289,140.3023,51.4311,102.8621,129.7286,258.1778,514.3107,1008.3546,77.1466,0.0,5.0,9.802971,1.403346,17,104,92,7,0.24757185,0.01053293,0.02940797,0E-8,0.000000,0.915834,0.000000,-0.02508550,2026-05-12,2026-08-06,71,663,310,87,0.816092,1.127771,1.096139,0.825239,,,,,,,,GLOBAL_BASELINE_NO_ENTITY_RANKING,,,NOT_APPLICABLE_GLOBAL_BASELINE,HF9g-P5,,,,X 全窗基线 · 不参与实体赏罚,14193928,1420,A168_HF9F_20260827_0900,2026-08-27 09:00:00
2026-08-06,137070871,1994,0,154.1109084837,97.6035753730,97.6035753730,1.0000000,3,3,0.50665070000000000,0.506650700000,1.3955260008387969,1.3955260008387969,1.3955260008387969,0E-17,ELIGIBLE,R03b_20260811_FULL_v1,L1_ELIGIBILITY,v2026-08-11,2026-03-21..2026-08-06,baccarat_bet02_101_all_pairs_incl_sentinel,round_win = game_pnl > 0 (decisive only),COMPATIBILITY_ONLY_NOT_PRODUCTION,630814.5920,577721.2471,6644.3283,4370,4077,-0.01053293,-0.02940797,-0.00432247,-0.01053293,-6644.3283,630814.5920,OK,0.0000,265.7731,4.0000,96.0000,AG03-UNRESOLVED,ALL5_LEVELS_bet23_to_bet27,265.7731,265.7731,265.7731,332.2164,332.2164,4.000000,4.000000,4.000000,5.000000,5.000000,96.000000,96.000000,96.000000,95.000000,95.000000,5.0,1461.7522,1339.0033,5182.5761,5305.325,PENDING_AG03,FALSE,NOT_FOR_ENFORCEMENT,6378.5552,554612.3973,6644.3283,6378.5552,265.7731,0.01053293,0.01011162,265.7731,6378.5552,0.01011162,265.7731,265.7731,265.7731,332.2164,332.2164,6378.5552,0.01011162,1461.7522,1339.0033,5182.5761,5305.325,0.00821569,0.00841028,0.00042132,144.3512,141.7025,1.6297,93.5821,10.0216,8884.7126,57.4225,158.2289,140.3023,51.4311,102.8621,129.7286,258.1778,514.3107,1008.3546,77.1466,0.0,5.0,9.802971,1.403346,17,104,92,7,0.24757185,0.01053293,0.02940797,0E-8,0.000000,0.915834,0.000000,-0.02508550,2026-05-12,2026-08-06,71,663,310,87,0.816092,1.127771,1.096139,0.825239,,,,,,,,GLOBAL_BASELINE_NO_ENTITY_RANKING,,,NOT_APPLICABLE_GLOBAL_BASELINE,HF9g-P5,,,,X 全窗基线 · 不参与实体赏罚,14193929,1420,A168_HF9F_20260827_0900,2026-08-27 09:00:00
2026-08-06,137070871,2101,0,128.4257570698,-128.4257570698,-128.4257570698,0E-7,1,1,0.49324550000000000,0.493245500000,-0.9865810262130424,-0.9865810262130424,-0.9865810262130424,0E-17,ELIGIBLE,R03b_20260811_FULL_v1,L1_ELIGIBILITY,v2026-08-11,2026-03-21..2026-08-06,baccarat_bet02_101_all_pairs_incl_sentinel,round_win = game_pnl > 0 (decisive only),COMPATIBILITY_ONLY_NOT_PRODUCTION,630814.5920,577721.2471,6644.3283,4370,4077,-0.01053293,-0.02940797,-0.00432247,-0.01053293,-6644.3283,630814.5920,OK,0.0000,265.7731,4.0000,96.0000,AG03-UNRESOLVED,ALL5_LEVELS_bet23_to_bet27,265.7731,265.7731,265.7731,332.2164,332.2164,4.000000,4.000000,4.000000,5.000000,5.000000,96.000000,96.000000,96.000000,95.000000,95.000000,5.0,1461.7522,1339.0033,5182.5761,5305.325,PENDING_AG03,FALSE,NOT_FOR_ENFORCEMENT,6378.5552,554612.3973,6644.3283,6378.5552,265.7731,0.01053293,0.01011162,265.7731,6378.5552,0.01011162,265.7731,265.7731,265.7731,332.2164,332.2164,6378.5552,0.01011162,1461.7522,1339.0033,5182.5761,5305.325,0.00821569,0.00841028,0.00042132,144.3512,141.7025,1.6297,93.5821,10.0216,8884.7126,57.4225,158.2289,140.3023,51.4311,102.8621,129.7286,258.1778,514.3107,1008.3546,77.1466,0.0,5.0,9.802971,1.403346,17,104,92,7,0.24757185,0.01053293,0.02940797,0E-8,0.000000,0.915834,0.000000,-0.02508550,2026-05-12,2026-08-06,71,663,310,87,0.816092,1.127771,1.096139,0.825239,,,,,,,,GLOBAL_BASELINE_NO_ENTITY_RANKING,,,NOT_APPLICABLE_GLOBAL_BASELINE,HF9g-P5,,,,X 全窗基线 · 不参与实体赏罚,14193930,1420,A168_HF9F_20260827_0900,2026-08-27 09:00:00
2026-08-06,137070871,2115,0,345.7221380320,78.0058048443,78.0058048443,0.5000000,2,2,0.50665070000000000,0.506650700000,-0.018812684590367487,-0.018812684590367487,-0.018812684590367487,0E-17,ELIGIBLE,R03b_20260811_FULL_v1,L1_ELIGIBILITY,v2026-08-11,2026-03-21..2026-08-06,baccarat_bet02_101_all_pairs_incl_sentinel,round_win = game_pnl > 0 (decisive only),COMPATIBILITY_ONLY_NOT_PRODUCTION,630814.5920,577721.2471,6644.3283,4370,4077,-0.01053293,-0.02940797,-0.00432247,-0.01053293,-6644.3283,630814.5920,OK,0.0000,265.7731,4.0000,96.0000,AG03-UNRESOLVED,ALL5_LEVELS_bet23_to_bet27,265.7731,265.7731,265.7731,332.2164,332.2164,4.000000,4.000000,4.000000,5.000000,5.000000,96.000000,96.000000,96.000000,95.000000,95.000000,5.0,1461.7522,1339.0033,5182.5761,5305.325,PENDING_AG03,FALSE,NOT_FOR_ENFORCEMENT,6378.5552,554612.3973,6644.3283,6378.5552,265.7731,0.01053293,0.01011162,265.7731,6378.5552,0.01011162,265.7731,265.7731,265.7731,332.2164,332.2164,6378.5552,0.01011162,1461.7522,1339.0033,5182.5761,5305.325,0.00821569,0.00841028,0.00042132,144.3512,141.7025,1.6297,93.5821,10.0216,8884.7126,57.4225,158.2289,140.3023,51.4311,102.8621,129.7286,258.1778,514.3107,1008.3546,77.1466,0.0,5.0,9.802971,1.403346,17,104,92,7,0.24757185,0.01053293,0.02940797,0E-8,0.000000,0.915834,0.000000,-0.02508550,2026-05-12,2026-08-06,71,663,310,87,0.816092,1.127771,1.096139,0.825239,,,,,,,,GLOBAL_BASELINE_NO_ENTITY_RANKING,,,NOT_APPLICABLE_GLOBAL_BASELINE,HF9g-P5,,,,X 全窗基线 · 不参与实体赏罚,14193931,1420,A168_HF9F_20260827_0900,2026-08-27 09:00:00
2026-08-06,137070871,2121,0,256.8515141397,-256.8515141397,-256.8515141397,0E-7,1,1,0.50665070000000000,0.506650700000,-1.013391052207602,-1.013391052207602,-1.013391052207602,0E-17,ELIGIBLE,R03b_20260811_FULL_v1,L1_ELIGIBILITY,v2026-08-11,2026-03-21..2026-08-06,baccarat_bet02_101_all_pairs_incl_sentinel,round_win = game_pnl > 0 (decisive only),COMPATIBILITY_ONLY_NOT_PRODUCTION,630814.5920,577721.2471,6644.3283,4370,4077,-0.01053293,-0.02940797,-0.00432247,-0.01053293,-6644.3283,630814.5920,OK,0.0000,265.7731,4.0000,96.0000,AG03-UNRESOLVED,ALL5_LEVELS_bet23_to_bet27,265.7731,265.7731,265.7731,332.2164,332.2164,4.000000,4.000000,4.000000,5.000000,5.000000,96.000000,96.000000,96.000000,95.000000,95.000000,5.0,1461.7522,1339.0033,5182.5761,5305.325,PENDING_AG03,FALSE,NOT_FOR_ENFORCEMENT,6378.5552,554612.3973,6644.3283,6378.5552,265.7731,0.01053293,0.01011162,265.7731,6378.5552,0.01011162,265.7731,265.7731,265.7731,332.2164,332.2164,6378.5552,0.01011162,1461.7522,1339.0033,5182.5761,5305.325,0.00821569,0.00841028,0.00042132,144.3512,141.7025,1.6297,93.5821,10.0216,8884.7126,57.4225,158.2289,140.3023,51.4311,102.8621,129.7286,258.1778,514.3107,1008.3546,77.1466,0.0,5.0,9.802971,1.403346,17,104,92,7,0.24757185,0.01053293,0.02940797,0E-8,0.000000,0.915834,0.000000,-0.02508550,2026-05-12,2026-08-06,71,663,310,87,0.816092,1.127771,1.096139,0.825239,,,,,,,,GLOBAL_BASELINE_NO_ENTITY_RANKING,,,NOT_APPLICABLE_GLOBAL_BASELINE,HF9g-P5,,,,X 全窗基线 · 不参与实体赏罚,14193932,1420,A168_HF9F_20260827_0900,2026-08-27 09:00:00
2026-08-06,137070871,2123,0,3107.9033210903,1207.2021164556,1207.2021164556,0.7500000,38,18,0.42911252314809640,0.375947831482,2.593294906329017,3.0890001386939336,2.593294906329017,0.05316469166609640,ELIGIBLE,R03b_20260811_FULL_v1,L1_ELIGIBILITY,v2026-08-11,2026-03-21..2026-08-06,baccarat_bet02_101_all_pairs_incl_sentinel,round_win = game_pnl > 0 (decisive only),COMPATIBILITY_ONLY_NOT_PRODUCTION,630814.5920,577721.2471,6644.3283,4370,4077,-0.01053293,-0.02940797,-0.00432247,-0.01053293,-6644.3283,630814.5920,OK,0.0000,265.7731,4.0000,96.0000,AG03-UNRESOLVED,ALL5_LEVELS_bet23_to_bet27,265.7731,265.7731,265.7731,332.2164,332.2164,4.000000,4.000000,4.000000,5.000000,5.000000,96.000000,96.000000,96.000000,95.000000,95.000000,5.0,1461.7522,1339.0033,5182.5761,5305.325,PENDING_AG03,FALSE,NOT_FOR_ENFORCEMENT,6378.5552,554612.3973,6644.3283,6378.5552,265.7731,0.01053293,0.01011162,265.7731,6378.5552,0.01011162,265.7731,265.7731,265.7731,332.2164,332.2164,6378.5552,0.01011162,1461.7522,1339.0033,5182.5761,5305.325,0.00821569,0.00841028,0.00042132,144.3512,141.7025,1.6297,93.5821,10.0216,8884.7126,57.4225,158.2289,140.3023,51.4311,102.8621,129.7286,258.1778,514.3107,1008.3546,77.1466,0.0,5.0,9.802971,1.403346,17,104,92,7,0.24757185,0.01053293,0.02940797,0E-8,0.000000,0.915834,0.000000,-0.02508550,2026-05-12,2026-08-06,71,663,310,87,0.816092,1.127771,1.096139,0.825239,,,,,,,,GLOBAL_BASELINE_NO_ENTITY_RANKING,,,NOT_APPLICABLE_GLOBAL_BASELINE,HF9g-P5,,,,X 全窗基线 · 不参与实体赏罚,14193933,1420,A168_HF9F_20260827_0900,2026-08-27 09:00:00
2026-08-06,137070871,2142,0,667.8139367630,44.9490149745,44.9490149745,0.5000000,6,4,0.40032131666666667,0.400321316667,0.40688213764513026,0.4068821376437134,0.40688213764513026,-3.3333E-13,ELIGIBLE,R03b_20260811_FULL_v1,L1_ELIGIBILITY,v2026-08-11,2026-03-21..2026-08-06,baccarat_bet02_101_all_pairs_incl_sentinel,round_win = game_pnl > 0 (decisive only),COMPATIBILITY_ONLY_NOT_PRODUCTION,630814.5920,577721.2471,6644.3283,4370,4077,-0.01053293,-0.02940797,-0.00432247,-0.01053293,-6644.3283,630814.5920,OK,0.0000,265.7731,4.0000,96.0000,AG03-UNRESOLVED,ALL5_LEVELS_bet23_to_bet27,265.7731,265.7731,265.7731,332.2164,332.2164,4.000000,4.000000,4.000000,5.000000,5.000000,96.000000,96.000000,96.000000,95.000000,95.000000,5.0,1461.7522,1339.0033,5182.5761,5305.325,PENDING_AG03,FALSE,NOT_FOR_ENFORCEMENT,6378.5552,554612.3973,6644.3283,6378.5552,265.7731,0.01053293,0.01011162,265.7731,6378.5552,0.01011162,265.7731,265.7731,265.7731,332.2164,332.2164,6378.5552,0.01011162,1461.7522,1339.0033,5182.5761,5305.325,0.00821569,0.00841028,0.00042132,144.3512,141.7025,1.6297,93.5821,10.0216,8884.7126,57.4225,158.2289,140.3023,51.4311,102.8621,129.7286,258.1778,514.3107,1008.3546,77.1466,0.0,5.0,9.802971,1.403346,17,104,92,7,0.24757185,0.01053293,0.02940797,0E-8,0.000000,0.915834,0.000000,-0.02508550,2026-05-12,2026-08-06,71,663,310,87,0.816092,1.127771,1.096139,0.825239,,,,,,,,GLOBAL_BASELINE_NO_ENTITY_RANKING,,,NOT_APPLICABLE_GLOBAL_BASELINE,HF9g-P5,,,,X 全窗基线 · 不参与实体赏罚,14193934,1420,A168_HF9F_20260827_0900,2026-08-27 09:00:00
2026-08-06,137070871,2169,0,2825.3666555367,1939.2289317546,1939.2289317546,0.8888889,10,10,0.50665070000000000,0.506650700000,2.293632045304818,2.293632045304818,2.293632045304818,0E-17,ELIGIBLE,R03b_20260811_FULL_v1,L1_ELIGIBILITY,v2026-08-11,2026-03-21..2026-08-06,baccarat_bet02_101_all_pairs_incl_sentinel,round_win = game_pnl > 0 (decisive only),COMPATIBILITY_ONLY_NOT_PRODUCTION,630814.5920,577721.2471,6644.3283,4370,4077,-0.01053293,-0.02940797,-0.00432247,-0.01053293,-6644.3283,630814.5920,OK,0.0000,265.7731,4.0000,96.0000,AG03-UNRESOLVED,ALL5_LEVELS_bet23_to_bet27,265.7731,265.7731,265.7731,332.2164,332.2164,4.000000,4.000000,4.000000,5.000000,5.000000,96.000000,96.000000,96.000000,95.000000,95.000000,5.0,1461.7522,1339.0033,5182.5761,5305.325,PENDING_AG03,FALSE,NOT_FOR_ENFORCEMENT,6378.5552,554612.3973,6644.3283,6378.5552,265.7731,0.01053293,0.01011162,265.7731,6378.5552,0.01011162,265.7731,265.7731,265.7731,332.2164,332.2164,6378.5552,0.01011162,1461.7522,1339.0033,5182.5761,5305.325,0.00821569,0.00841028,0.00042132,144.3512,141.7025,1.6297,93.5821,10.0216,8884.7126,57.4225,158.2289,140.3023,51.4311,102.8621,129.7286,258.1778,514.3107,1008.3546,77.1466,0.0,5.0,9.802971,1.403346,17,104,92,7,0.24757185,0.01053293,0.02940797,0E-8,0.000000,0.915834,0.000000,-0.02508550,2026-05-12,2026-08-06,71,663,310,87,0.816092,1.127771,1.096139,0.825239,,,,,,,,GLOBAL_BASELINE_NO_ENTITY_RANKING,,,NOT_APPLICABLE_GLOBAL_BASELINE,HF9g-P5,,,,X 全窗基线 · 不参与实体赏罚,14193935,1420,A168_HF9F_20260827_0900,2026-08-27 09:00:00
2026-08-06,137070871,2196,0,1797.9605989778,-1297.1001464054,-1297.1001464054,0.3333333,3,3,0.50665070000000000,0.506650700000,-0.6004420894325239,-0.6004420894325239,-0.6004420894325239,0E-17,ELIGIBLE,R03b_20260811_FULL_v1,L1_ELIGIBILITY,v2026-08-11,2026-03-21..2026-08-06,baccarat_bet02_101_all_pairs_incl_sentinel,round_win = game_pnl > 0 (decisive only),COMPATIBILITY_ONLY_NOT_PRODUCTION,630814.5920,577721.2471,6644.3283,4370,4077,-0.01053293,-0.02940797,-0.00432247,-0.01053293,-6644.3283,630814.5920,OK,0.0000,265.7731,4.0000,96.0000,AG03-UNRESOLVED,ALL5_LEVELS_bet23_to_bet27,265.7731,265.7731,265.7731,332.2164,332.2164,4.000000,4.000000,4.000000,5.000000,5.000000,96.000000,96.000000,96.000000,95.000000,95.000000,5.0,1461.7522,1339.0033,5182.5761,5305.325,PENDING_AG03,FALSE,NOT_FOR_ENFORCEMENT,6378.5552,554612.3973,6644.3283,6378.5552,265.7731,0.01053293,0.01011162,265.7731,6378.5552,0.01011162,265.7731,265.7731,265.7731,332.2164,332.2164,6378.5552,0.01011162,1461.7522,1339.0033,5182.5761,5305.325,0.00821569,0.00841028,0.00042132,144.3512,141.7025,1.6297,93.5821,10.0216,8884.7126,57.4225,158.2289,140.3023,51.4311,102.8621,129.7286,258.1778,514.3107,1008.3546,77.1466,0.0,5.0,9.802971,1.403346,17,104,92,7,0.24757185,0.01053293,0.02940797,0E-8,0.000000,0.915834,0.000000,-0.02508550,2026-05-12,2026-08-06,71,663,310,87,0.816092,1.127771,1.096139,0.825239,,,,,,,,GLOBAL_BASELINE_NO_ENTITY_RANKING,,,NOT_APPLICABLE_GLOBAL_BASELINE,HF9g-P5,,,,X 全窗基线 · 不参与实体赏罚,14193936,1420,A168_HF9F_20260827_0900,2026-08-27 09:00:00
2026-08-06,137070871,2288,0,1335.6278735262,642.1287853494,642.1287853494,0.6666667,8,4,0.29399193333333334,0.293991933334,1.4168309590409254,1.4168309590374533,1.4168309590409254,-6.6666E-13,ELIGIBLE,R03b_20260811_FULL_v1,L1_ELIGIBILITY,v2026-08-11,2026-03-21..2026-08-06,baccarat_bet02_101_all_pairs_incl_sentinel,round_win = game_pnl > 0 (decisive only),COMPATIBILITY_ONLY_NOT_PRODUCTION,630814.5920,577721.2471,6644.3283,4370,4077,-0.01053293,-0.02940797,-0.00432247,-0.01053293,-6644.3283,630814.5920,OK,0.0000,265.7731,4.0000,96.0000,AG03-UNRESOLVED,ALL5_LEVELS_bet23_to_bet27,265.7731,265.7731,265.7731,332.2164,332.2164,4.000000,4.000000,4.000000,5.000000,5.000000,96.000000,96.000000,96.000000,95.000000,95.000000,5.0,1461.7522,1339.0033,5182.5761,5305.325,PENDING_AG03,FALSE,NOT_FOR_ENFORCEMENT,6378.5552,554612.3973,6644.3283,6378.5552,265.7731,0.01053293,0.01011162,265.7731,6378.5552,0.01011162,265.7731,265.7731,265.7731,332.2164,332.2164,6378.5552,0.01011162,1461.7522,1339.0033,5182.5761,5305.325,0.00821569,0.00841028,0.00042132,144.3512,141.7025,1.6297,93.5821,10.0216,8884.7126,57.4225,158.2289,140.3023,51.4311,102.8621,129.7286,258.1778,514.3107,1008.3546,77.1466,0.0,5.0,9.802971,1.403346,17,104,92,7,0.24757185,0.01053293,0.02940797,0E-8,0.000000,0.915834,0.000000,-0.02508550,2026-05-12,2026-08-06,71,663,310,87,0.816092,1.127771,1.096139,0.825239,,,,,,,,GLOBAL_BASELINE_NO_ENTITY_RANKING,,,NOT_APPLICABLE_GLOBAL_BASELINE,HF9g-P5,,,,X 全窗基线 · 不参与实体赏罚,14193937,1420,A168_HF9F_20260827_0900,2026-08-27 09:00:00
2026-08-06,137070871,970,0,1541.1090848382,488.0178768654,488.0178768654,0.6666667,6,6,0.50218230000000000,0.502182300000,0.8058132132962729,0.8058132132962729,0.8058132132962729,0E-17,ELIGIBLE,R03b_20260811_FULL_v1,L1_ELIGIBILITY,v2026-08-11,2026-03-21..2026-08-06,baccarat_bet02_101_all_pairs_incl_sentinel,round_win = game_pnl > 0 (decisive only),COMPATIBILITY_ONLY_NOT_PRODUCTION,630814.5920,577721.2471,6644.3283,4370,4077,-0.01053293,-0.02940797,-0.00432247,-0.01053293,-6644.3283,630814.5920,OK,0.0000,265.7731,4.0000,96.0000,AG03-UNRESOLVED,ALL5_LEVELS_bet23_to_bet27,265.7731,265.7731,265.7731,332.2164,332.2164,4.000000,4.000000,4.000000,5.000000,5.000000,96.000000,96.000000,96.000000,95.000000,95.000000,5.0,1461.7522,1339.0033,5182.5761,5305.325,PENDING_AG03,FALSE,NOT_FOR_ENFORCEMENT,6378.5552,554612.3973,6644.3283,6378.5552,265.7731,0.01053293,0.01011162,265.7731,6378.5552,0.01011162,265.7731,265.7731,265.7731,332.2164,332.2164,6378.5552,0.01011162,1461.7522,1339.0033,5182.5761,5305.325,0.00821569,0.00841028,0.00042132,144.3512,141.7025,1.6297,93.5821,10.0216,8884.7126,57.4225,158.2289,140.3023,51.4311,102.8621,129.7286,258.1778,514.3107,1008.3546,77.1466,0.0,5.0,9.802971,1.403346,17,104,92,7,0.24757185,0.01053293,0.02940797,0E-8,0.000000,0.915834,0.000000,-0.02508550,2026-05-12,2026-08-06,71,663,310,87,0.816092,1.127771,1.096139,0.825239,,,,,,,,GLOBAL_BASELINE_NO_ENTITY_RANKING,,,NOT_APPLICABLE_GLOBAL_BASELINE,HF9g-P5,,,,X 全窗基线 · 不参与实体赏罚,14193938,1420,A168_HF9F_20260827_0900,2026-08-27 09:00:00
2026-04-23,149049228,-1,1,1047.5617098134,1047.5617098134,1047.5617098134,1.0000000,1,1,0.49324550000000000,0.493245500000,1.01360149184955,1.01360149184955,1.01360149184955,0E-17,SENTINEL_DEALER,R03b_20260811_FULL_v1,L1_ELIGIBILITY,v2026-08-11,2026-03-21..2026-08-06,baccarat_bet02_101_all_pairs_incl_sentinel,round_win = game_pnl > 0 (decisive only),COMPATIBILITY_ONLY_NOT_PRODUCTION,23832.3398,19665.8429,6646.5081,26,26,-0.27888609,,-0.27888609,-0.27888609,-6646.5081,23832.3398,THIN_EXPOSURE,0.0000,265.8603,4.0000,96.0000,AG03-UNRESOLVED,ALL5_LEVELS_bet23_to_bet27,265.8603,265.8603,265.8603,332.3254,332.3254,4.000000,4.000000,4.000000,5.000000,5.000000,96.000000,96.000000,96.000000,95.000000,95.000000,5.0,1462.2318,1339.4426,5184.2763,5307.0655,PENDING_AG03,FALSE,NOT_FOR_ENFORCEMENT,6380.6478,18879.2092,6646.5081,6380.6478,265.8603,0.27888609,0.26773065,265.8603,6380.6478,0.26773065,265.8603,265.8603,265.8603,332.3254,332.3254,6380.6478,0.26773065,1462.2318,1339.4426,5184.2763,5307.0655,0.21753115,0.22268336,0.01115544,916.6285,756.3786,255.6349,349.8162,302.1140,1254.3337,1.3684,,916.6285,1039.1261,1039.645,1047.2999,1047.5618,1047.7711,1048.6088,1039.3856,-324.3215,1.007816,1.008622,0.881674,14,9,19,2,0E-8,0.27888609,,0E-8,0.000000,0.825175,0.000000,,2026-04-23,2026-05-17,19,22,22,25,0.760000,,,0.000000,,,,,,,,GLOBAL_BASELINE_NO_ENTITY_RANKING,,,NOT_APPLICABLE_GLOBAL_BASELINE,HF9g-P5,,,,X 全窗基线 · 不参与实体赏罚,14193939,1420,A168_HF9F_20260827_0900,2026-08-27 09:00:00
2026-04-25,149049228,-1,1,1047.2999502657,-1047.2999502657,-1047.2999502657,0E-7,1,1,0.49324550000000000,0.493245500000,-0.9865810262130424,-0.9865810262130424,-0.9865810262130424,0E-17,SENTINEL_DEALER,R03b_20260811_FULL_v1,L1_ELIGIBILITY,v2026-08-11,2026-03-21..2026-08-06,baccarat_bet02_101_all_pairs_incl_sentinel,round_win = game_pnl > 0 (decisive only),COMPATIBILITY_ONLY_NOT_PRODUCTION,23832.3398,19665.8429,6646.5081,26,26,-0.27888609,,-0.27888609,-0.27888609,-6646.5081,23832.3398,THIN_EXPOSURE,0.0000,265.8603,4.0000,96.0000,AG03-UNRESOLVED,ALL5_LEVELS_bet23_to_bet27,265.8603,265.8603,265.8603,332.3254,332.3254,4.000000,4.000000,4.000000,5.000000,5.000000,96.000000,96.000000,96.000000,95.000000,95.000000,5.0,1462.2318,1339.4426,5184.2763,5307.0655,PENDING_AG03,FALSE,NOT_FOR_ENFORCEMENT,6380.6478,18879.2092,6646.5081,6380.6478,265.8603,0.27888609,0.26773065,265.8603,6380.6478,0.26773065,265.8603,265.8603,265.8603,332.3254,332.3254,6380.6478,0.26773065,1462.2318,1339.4426,5184.2763,5307.0655,0.21753115,0.22268336,0.01115544,916.6285,756.3786,255.6349,349.8162,302.1140,1254.3337,1.3684,,916.6285,1039.1261,1039.645,1047.2999,1047.5618,1047.7711,1048.6088,1039.3856,-324.3215,1.007816,1.008622,0.881674,14,9,19,2,0E-8,0.27888609,,0E-8,0.000000,0.825175,0.000000,,2026-04-23,2026-05-17,19,22,22,25,0.760000,,,0.000000,,,,,,,,GLOBAL_BASELINE_NO_ENTITY_RANKING,,,NOT_APPLICABLE_GLOBAL_BASELINE,HF9g-P5,,,,X 全窗基线 · 不参与实体赏罚,14193940,1420,A168_HF9F_20260827_0900,2026-08-27 09:00:00
2026-04-26,149049228,-1,1,2095.1234196268,-1047.5617098134,-1047.5617098134,0E-7,2,2,0.49324550000000000,0.493245500000,-0.9865810262130424,-0.9865810262130424,-0.9865810262130424,0E-17,SENTINEL_DEALER,R03b_20260811_FULL_v1,L1_ELIGIBILITY,v2026-08-11,2026-03-21..2026-08-06,baccarat_bet02_101_all_pairs_incl_sentinel,round_win = game_pnl > 0 (decisive only),COMPATIBILITY_ONLY_NOT_PRODUCTION,23832.3398,19665.8429,6646.5081,26,26,-0.27888609,,-0.27888609,-0.27888609,-6646.5081,23832.3398,THIN_EXPOSURE,0.0000,265.8603,4.0000,96.0000,AG03-UNRESOLVED,ALL5_LEVELS_bet23_to_bet27,265.8603,265.8603,265.8603,332.3254,332.3254,4.000000,4.000000,4.000000,5.000000,5.000000,96.000000,96.000000,96.000000,95.000000,95.000000,5.0,1462.2318,1339.4426,5184.2763,5307.0655,PENDING_AG03,FALSE,NOT_FOR_ENFORCEMENT,6380.6478,18879.2092,6646.5081,6380.6478,265.8603,0.27888609,0.26773065,265.8603,6380.6478,0.26773065,265.8603,265.8603,265.8603,332.3254,332.3254,6380.6478,0.26773065,1462.2318,1339.4426,5184.2763,5307.0655,0.21753115,0.22268336,0.01115544,916.6285,756.3786,255.6349,349.8162,302.1140,1254.3337,1.3684,,916.6285,1039.1261,1039.645,1047.2999,1047.5618,1047.7711,1048.6088,1039.3856,-324.3215,1.007816,1.008622,0.881674,14,9,19,2,0E-8,0.27888609,,0E-8,0.000000,0.825175,0.000000,,2026-04-23,2026-05-17,19,22,22,25,0.760000,,,0.000000,,,,,,,,GLOBAL_BASELINE_NO_ENTITY_RANKING,,,NOT_APPLICABLE_GLOBAL_BASELINE,HF9g-P5,,,,X 全窗基线 · 不参与实体赏罚,14193941,1420,A168_HF9F_20260827_0900,2026-08-27 09:00:00
2026-04-27,149049228,-1,1,1047.2999502657,-1047.2999502657,-1047.2999502657,0E-7,1,1,0.49324550000000000,0.493245500000,-0.9865810262130424,-0.9865810262130424,-0.9865810262130424,0E-17,SENTINEL_DEALER,R03b_20260811_FULL_v1,L1_ELIGIBILITY,v2026-08-11,2026-03-21..2026-08-06,baccarat_bet02_101_all_pairs_incl_sentinel,round_win = game_pnl > 0 (decisive only),COMPATIBILITY_ONLY_NOT_PRODUCTION,23832.3398,19665.8429,6646.5081,26,26,-0.27888609,,-0.27888609,-0.27888609,-6646.5081,23832.3398,THIN_EXPOSURE,0.0000,265.8603,4.0000,96.0000,AG03-UNRESOLVED,ALL5_LEVELS_bet23_to_bet27,265.8603,265.8603,265.8603,332.3254,332.3254,4.000000,4.000000,4.000000,5.000000,5.000000,96.000000,96.000000,96.000000,95.000000,95.000000,5.0,1462.2318,1339.4426,5184.2763,5307.0655,PENDING_AG03,FALSE,NOT_FOR_ENFORCEMENT,6380.6478,18879.2092,6646.5081,6380.6478,265.8603,0.27888609,0.26773065,265.8603,6380.6478,0.26773065,265.8603,265.8603,265.8603,332.3254,332.3254,6380.6478,0.26773065,1462.2318,1339.4426,5184.2763,5307.0655,0.21753115,0.22268336,0.01115544,916.6285,756.3786,255.6349,349.8162,302.1140,1254.3337,1.3684,,916.6285,1039.1261,1039.645,1047.2999,1047.5618,1047.7711,1048.6088,1039.3856,-324.3215,1.007816,1.008622,0.881674,14,9,19,2,0E-8,0.27888609,,0E-8,0.000000,0.825175,0.000000,,2026-04-23,2026-05-17,19,22,22,25,0.760000,,,0.000000,,,,,,,,GLOBAL_BASELINE_NO_ENTITY_RANKING,,,NOT_APPLICABLE_GLOBAL_BASELINE,HF9g-P5,,,,X 全窗基线 · 不参与实体赏罚,14193942,1420,A168_HF9F_20260827_0900,2026-08-27 09:00:00
2026-04-28,149049228,1115,0,1047.5617098134,-1047.5617098134,-1047.5617098134,0E-7,1,1,0.49324550000000000,0.493245500000,-0.9865810262130424,-0.9865810262130424,-0.9865810262130424,0E-17,ELIGIBLE,R03b_20260811_FULL_v1,L1_ELIGIBILITY,v2026-08-11,2026-03-21..2026-08-06,baccarat_bet02_101_all_pairs_incl_sentinel,round_win = game_pnl > 0 (decisive only),COMPATIBILITY_ONLY_NOT_PRODUCTION,23832.3398,19665.8429,6646.5081,26,26,-0.27888609,,-0.27888609,-0.27888609,-6646.5081,23832.3398,THIN_EXPOSURE,0.0000,265.8603,4.0000,96.0000,AG03-UNRESOLVED,ALL5_LEVELS_bet23_to_bet27,265.8603,265.8603,265.8603,332.3254,332.3254,4.000000,4.000000,4.000000,5.000000,5.000000,96.000000,96.000000,96.000000,95.000000,95.000000,5.0,1462.2318,1339.4426,5184.2763,5307.0655,PENDING_AG03,FALSE,NOT_FOR_ENFORCEMENT,6380.6478,18879.2092,6646.5081,6380.6478,265.8603,0.27888609,0.26773065,265.8603,6380.6478,0.26773065,265.8603,265.8603,265.8603,332.3254,332.3254,6380.6478,0.26773065,1462.2318,1339.4426,5184.2763,5307.0655,0.21753115,0.22268336,0.01115544,916.6285,756.3786,255.6349,349.8162,302.1140,1254.3337,1.3684,,916.6285,1039.1261,1039.645,1047.2999,1047.5618,1047.7711,1048.6088,1039.3856,-324.3215,1.007816,1.008622,0.881674,14,9,19,2,0E-8,0.27888609,,0E-8,0.000000,0.825175,0.000000,,2026-04-23,2026-05-17,19,22,22,25,0.760000,,,0.000000,,,,,,,,GLOBAL_BASELINE_NO_ENTITY_RANKING,,,NOT_APPLICABLE_GLOBAL_BASELINE,HF9g-P5,,,,X 全窗基线 · 不参与实体赏罚,14193943,1420,A168_HF9F_20260827_0900,2026-08-27 09:00:00
2026-04-29,149049228,-1,1,1048.6087480041,1048.6087480041,1048.6087480041,1.0000000,1,1,0.49324550000000000,0.493245500000,1.01360149184955,1.01360149184955,1.01360149184955,0E-17,SENTINEL_DEALER,R03b_20260811_FULL_v1,L1_ELIGIBILITY,v2026-08-11,2026-03-21..2026-08-06,baccarat_bet02_101_all_pairs_incl_sentinel,round_win = game_pnl > 0 (decisive only),COMPATIBILITY_ONLY_NOT_PRODUCTION,23832.3398,19665.8429,6646.5081,26,26,-0.27888609,,-0.27888609,-0.27888609,-6646.5081,23832.3398,THIN_EXPOSURE,0.0000,265.8603,4.0000,96.0000,AG03-UNRESOLVED,ALL5_LEVELS_bet23_to_bet27,265.8603,265.8603,265.8603,332.3254,332.3254,4.000000,4.000000,4.000000,5.000000,5.000000,96.000000,96.000000,96.000000,95.000000,95.000000,5.0,1462.2318,1339.4426,5184.2763,5307.0655,PENDING_AG03,FALSE,NOT_FOR_ENFORCEMENT,6380.6478,18879.2092,6646.5081,6380.6478,265.8603,0.27888609,0.26773065,265.8603,6380.6478,0.26773065,265.8603,265.8603,265.8603,332.3254,332.3254,6380.6478,0.26773065,1462.2318,1339.4426,5184.2763,5307.0655,0.21753115,0.22268336,0.01115544,916.6285,756.3786,255.6349,349.8162,302.1140,1254.3337,1.3684,,916.6285,1039.1261,1039.645,1047.2999,1047.5618,1047.7711,1048.6088,1039.3856,-324.3215,1.007816,1.008622,0.881674,14,9,19,2,0E-8,0.27888609,,0E-8,0.000000,0.825175,0.000000,,2026-04-23,2026-05-17,19,22,22,25,0.760000,,,0.000000,,,,,,,,GLOBAL_BASELINE_NO_ENTITY_RANKING,,,NOT_APPLICABLE_GLOBAL_BASELINE,HF9g-P5,,,,X 全窗基线 · 不参与实体赏罚,14193944,1420,A168_HF9F_20260827_0900,2026-08-27 09:00:00
2026-05-01,149049228,-1,1,1039.6450625292,-1039.6450625292,-1039.6450625292,0E-7,1,1,0.49324550000000000,0.493245500000,-0.9865810262130424,-0.9865810262130424,-0.9865810262130424,0E-17,SENTINEL_DEALER,R03b_20260811_FULL_v1,L1_ELIGIBILITY,v2026-08-11,2026-03-21..2026-08-06,baccarat_bet02_101_all_pairs_incl_sentinel,round_win = game_pnl > 0 (decisive only),COMPATIBILITY_ONLY_NOT_PRODUCTION,23832.3398,19665.8429,6646.5081,26,26,-0.27888609,,-0.27888609,-0.27888609,-6646.5081,23832.3398,THIN_EXPOSURE,0.0000,265.8603,4.0000,96.0000,AG03-UNRESOLVED,ALL5_LEVELS_bet23_to_bet27,265.8603,265.8603,265.8603,332.3254,332.3254,4.000000,4.000000,4.000000,5.000000,5.000000,96.000000,96.000000,96.000000,95.000000,95.000000,5.0,1462.2318,1339.4426,5184.2763,5307.0655,PENDING_AG03,FALSE,NOT_FOR_ENFORCEMENT,6380.6478,18879.2092,6646.5081,6380.6478,265.8603,0.27888609,0.26773065,265.8603,6380.6478,0.26773065,265.8603,265.8603,265.8603,332.3254,332.3254,6380.6478,0.26773065,1462.2318,1339.4426,5184.2763,5307.0655,0.21753115,0.22268336,0.01115544,916.6285,756.3786,255.6349,349.8162,302.1140,1254.3337,1.3684,,916.6285,1039.1261,1039.645,1047.2999,1047.5618,1047.7711,1048.6088,1039.3856,-324.3215,1.007816,1.008622,0.881674,14,9,19,2,0E-8,0.27888609,,0E-8,0.000000,0.825175,0.000000,,2026-04-23,2026-05-17,19,22,22,25,0.760000,,,0.000000,,,,,,,,GLOBAL_BASELINE_NO_ENTITY_RANKING,,,NOT_APPLICABLE_GLOBAL_BASELINE,HF9g-P5,,,,X 全窗基线 · 不参与实体赏罚,14193945,1420,A168_HF9F_20260827_0900,2026-08-27 09:00:00
2026-05-02,149049228,-1,1,1039.1261480982,1039.1261480982,1039.1261480982,1.0000000,1,1,0.49324550000000000,0.493245500000,1.01360149184955,1.01360149184955,1.01360149184955,0E-17,SENTINEL_DEALER,R03b_20260811_FULL_v1,L1_ELIGIBILITY,v2026-08-11,2026-03-21..2026-08-06,baccarat_bet02_101_all_pairs_incl_sentinel,round_win = game_pnl > 0 (decisive only),COMPATIBILITY_ONLY_NOT_PRODUCTION,23832.3398,19665.8429,6646.5081,26,26,-0.27888609,,-0.27888609,-0.27888609,-6646.5081,23832.3398,THIN_EXPOSURE,0.0000,265.8603,4.0000,96.0000,AG03-UNRESOLVED,ALL5_LEVELS_bet23_to_bet27,265.8603,265.8603,265.8603,332.3254,332.3254,4.000000,4.000000,4.000000,5.000000,5.000000,96.000000,96.000000,96.000000,95.000000,95.000000,5.0,1462.2318,1339.4426,5184.2763,5307.0655,PENDING_AG03,FALSE,NOT_FOR_ENFORCEMENT,6380.6478,18879.2092,6646.5081,6380.6478,265.8603,0.27888609,0.26773065,265.8603,6380.6478,0.26773065,265.8603,265.8603,265.8603,332.3254,332.3254,6380.6478,0.26773065,1462.2318,1339.4426,5184.2763,5307.0655,0.21753115,0.22268336,0.01115544,916.6285,756.3786,255.6349,349.8162,302.1140,1254.3337,1.3684,,916.6285,1039.1261,1039.645,1047.2999,1047.5618,1047.7711,1048.6088,1039.3856,-324.3215,1.007816,1.008622,0.881674,14,9,19,2,0E-8,0.27888609,,0E-8,0.000000,0.825175,0.000000,,2026-04-23,2026-05-17,19,22,22,25,0.760000,,,0.000000,,,,,,,,GLOBAL_BASELINE_NO_ENTITY_RANKING,,,NOT_APPLICABLE_GLOBAL_BASELINE,HF9g-P5,,,,X 全窗基线 · 不参与实体赏罚,14193946,1420,A168_HF9F_20260827_0900,2026-08-27 09:00:00
2026-05-03,149049228,-1,1,389.1858232578,-136.2150381402,-136.2150381402,0.5000000,2,2,0.50665070000000000,0.506650700000,-0.018812684590367487,-0.018812684590367487,-0.018812684590367487,0E-17,SENTINEL_DEALER,R03b_20260811_FULL_v1,L1_ELIGIBILITY,v2026-08-11,2026-03-21..2026-08-06,baccarat_bet02_101_all_pairs_incl_sentinel,round_win = game_pnl > 0 (decisive only),COMPATIBILITY_ONLY_NOT_PRODUCTION,23832.3398,19665.8429,6646.5081,26,26,-0.27888609,,-0.27888609,-0.27888609,-6646.5081,23832.3398,THIN_EXPOSURE,0.0000,265.8603,4.0000,96.0000,AG03-UNRESOLVED,ALL5_LEVELS_bet23_to_bet27,265.8603,265.8603,265.8603,332.3254,332.3254,4.000000,4.000000,4.000000,5.000000,5.000000,96.000000,96.000000,96.000000,95.000000,95.000000,5.0,1462.2318,1339.4426,5184.2763,5307.0655,PENDING_AG03,FALSE,NOT_FOR_ENFORCEMENT,6380.6478,18879.2092,6646.5081,6380.6478,265.8603,0.27888609,0.26773065,265.8603,6380.6478,0.26773065,265.8603,265.8603,265.8603,332.3254,332.3254,6380.6478,0.26773065,1462.2318,1339.4426,5184.2763,5307.0655,0.21753115,0.22268336,0.01115544,916.6285,756.3786,255.6349,349.8162,302.1140,1254.3337,1.3684,,916.6285,1039.1261,1039.645,1047.2999,1047.5618,1047.7711,1048.6088,1039.3856,-324.3215,1.007816,1.008622,0.881674,14,9,19,2,0E-8,0.27888609,,0E-8,0.000000,0.825175,0.000000,,2026-04-23,2026-05-17,19,22,22,25,0.760000,,,0.000000,,,,,,,,GLOBAL_BASELINE_NO_ENTITY_RANKING,,,NOT_APPLICABLE_GLOBAL_BASELINE,HF9g-P5,,,,X 全窗基线 · 不参与实体赏罚,14193947,1420,A168_HF9F_20260827_0900,2026-08-27 09:00:00
2026-05-03,149049228,2127,0,389.1858232577,-389.1858232577,-389.1858232577,0E-7,1,1,0.49324550000000000,0.493245500000,-0.9865810262130424,-0.9865810262130424,-0.9865810262130424,0E-17,ELIGIBLE,R03b_20260811_FULL_v1,L1_ELIGIBILITY,v2026-08-11,2026-03-21..2026-08-06,baccarat_bet02_101_all_pairs_incl_sentinel,round_win = game_pnl > 0 (decisive only),COMPATIBILITY_ONLY_NOT_PRODUCTION,23832.3398,19665.8429,6646.5081,26,26,-0.27888609,,-0.27888609,-0.27888609,-6646.5081,23832.3398,THIN_EXPOSURE,0.0000,265.8603,4.0000,96.0000,AG03-UNRESOLVED,ALL5_LEVELS_bet23_to_bet27,265.8603,265.8603,265.8603,332.3254,332.3254,4.000000,4.000000,4.000000,5.000000,5.000000,96.000000,96.000000,96.000000,95.000000,95.000000,5.0,1462.2318,1339.4426,5184.2763,5307.0655,PENDING_AG03,FALSE,NOT_FOR_ENFORCEMENT,6380.6478,18879.2092,6646.5081,6380.6478,265.8603,0.27888609,0.26773065,265.8603,6380.6478,0.26773065,265.8603,265.8603,265.8603,332.3254,332.3254,6380.6478,0.26773065,1462.2318,1339.4426,5184.2763,5307.0655,0.21753115,0.22268336,0.01115544,916.6285,756.3786,255.6349,349.8162,302.1140,1254.3337,1.3684,,916.6285,1039.1261,1039.645,1047.2999,1047.5618,1047.7711,1048.6088,1039.3856,-324.3215,1.007816,1.008622,0.881674,14,9,19,2,0E-8,0.27888609,,0E-8,0.000000,0.825175,0.000000,,2026-04-23,2026-05-17,19,22,22,25,0.760000,,,0.000000,,,,,,,,GLOBAL_BASELINE_NO_ENTITY_RANKING,,,NOT_APPLICABLE_GLOBAL_BASELINE,HF9g-P5,,,,X 全窗基线 · 不参与实体赏罚,14193948,1420,A168_HF9F_20260827_0900,2026-08-27 09:00:00
2026-05-03,149049228,2175,0,129.7286077526,129.7286077526,129.7286077526,1.0000000,1,1,0.49324550000000000,0.493245500000,1.01360149184955,1.01360149184955,1.01360149184955,0E-17,ELIGIBLE,R03b_20260811_FULL_v1,L1_ELIGIBILITY,v2026-08-11,2026-03-21..2026-08-06,baccarat_bet02_101_all_pairs_incl_sentinel,round_win = game_pnl > 0 (decisive only),COMPATIBILITY_ONLY_NOT_PRODUCTION,23832.3398,19665.8429,6646.5081,26,26,-0.27888609,,-0.27888609,-0.27888609,-6646.5081,23832.3398,THIN_EXPOSURE,0.0000,265.8603,4.0000,96.0000,AG03-UNRESOLVED,ALL5_LEVELS_bet23_to_bet27,265.8603,265.8603,265.8603,332.3254,332.3254,4.000000,4.000000,4.000000,5.000000,5.000000,96.000000,96.000000,96.000000,95.000000,95.000000,5.0,1462.2318,1339.4426,5184.2763,5307.0655,PENDING_AG03,FALSE,NOT_FOR_ENFORCEMENT,6380.6478,18879.2092,6646.5081,6380.6478,265.8603,0.27888609,0.26773065,265.8603,6380.6478,0.26773065,265.8603,265.8603,265.8603,332.3254,332.3254,6380.6478,0.26773065,1462.2318,1339.4426,5184.2763,5307.0655,0.21753115,0.22268336,0.01115544,916.6285,756.3786,255.6349,349.8162,302.1140,1254.3337,1.3684,,916.6285,1039.1261,1039.645,1047.2999,1047.5618,1047.7711,1048.6088,1039.3856,-324.3215,1.007816,1.008622,0.881674,14,9,19,2,0E-8,0.27888609,,0E-8,0.000000,0.825175,0.000000,,2026-04-23,2026-05-17,19,22,22,25,0.760000,,,0.000000,,,,,,,,GLOBAL_BASELINE_NO_ENTITY_RANKING,,,NOT_APPLICABLE_GLOBAL_BASELINE,HF9g-P5,,,,X 全窗基线 · 不参与实体赏罚,14193949,1420,A168_HF9F_20260827_0900,2026-08-27 09:00:00
2026-05-08,149049228,1360,0,1037.8288620207,-1037.8288620207,-1037.8288620207,0E-7,1,1,0.49324550000000000,0.493245500000,-0.9865810262130424,-0.9865810262130424,-0.9865810262130424,0E-17,ELIGIBLE,R03b_20260811_FULL_v1,L1_ELIGIBILITY,v2026-08-11,2026-03-21..2026-08-06,baccarat_bet02_101_all_pairs_incl_sentinel,round_win = game_pnl > 0 (decisive only),COMPATIBILITY_ONLY_NOT_PRODUCTION,23832.3398,19665.8429,6646.5081,26,26,-0.27888609,,-0.27888609,-0.27888609,-6646.5081,23832.3398,THIN_EXPOSURE,0.0000,265.8603,4.0000,96.0000,AG03-UNRESOLVED,ALL5_LEVELS_bet23_to_bet27,265.8603,265.8603,265.8603,332.3254,332.3254,4.000000,4.000000,4.000000,5.000000,5.000000,96.000000,96.000000,96.000000,95.000000,95.000000,5.0,1462.2318,1339.4426,5184.2763,5307.0655,PENDING_AG03,FALSE,NOT_FOR_ENFORCEMENT,6380.6478,18879.2092,6646.5081,6380.6478,265.8603,0.27888609,0.26773065,265.8603,6380.6478,0.26773065,265.8603,265.8603,265.8603,332.3254,332.3254,6380.6478,0.26773065,1462.2318,1339.4426,5184.2763,5307.0655,0.21753115,0.22268336,0.01115544,916.6285,756.3786,255.6349,349.8162,302.1140,1254.3337,1.3684,,916.6285,1039.1261,1039.645,1047.2999,1047.5618,1047.7711,1048.6088,1039.3856,-324.3215,1.007816,1.008622,0.881674,14,9,19,2,0E-8,0.27888609,,0E-8,0.000000,0.825175,0.000000,,2026-04-23,2026-05-17,19,22,22,25,0.760000,,,0.000000,,,,,,,,GLOBAL_BASELINE_NO_ENTITY_RANKING,,,NOT_APPLICABLE_GLOBAL_BASELINE,HF9g-P5,,,,X 全窗基线 · 不参与实体赏罚,14193950,1420,A168_HF9F_20260827_0900,2026-08-27 09:00:00
2026-05-09,149049228,1318,0,1039.6450625292,-1039.6450625292,-1039.6450625292,0E-7,1,1,0.49324550000000000,0.493245500000,-0.9865810262130424,-0.9865810262130424,-0.9865810262130424,0E-17,ELIGIBLE,R03b_20260811_FULL_v1,L1_ELIGIBILITY,v2026-08-11,2026-03-21..2026-08-06,baccarat_bet02_101_all_pairs_incl_sentinel,round_win = game_pnl > 0 (decisive only),COMPATIBILITY_ONLY_NOT_PRODUCTION,23832.3398,19665.8429,6646.5081,26,26,-0.27888609,,-0.27888609,-0.27888609,-6646.5081,23832.3398,THIN_EXPOSURE,0.0000,265.8603,4.0000,96.0000,AG03-UNRESOLVED,ALL5_LEVELS_bet23_to_bet27,265.8603,265.8603,265.8603,332.3254,332.3254,4.000000,4.000000,4.000000,5.000000,5.000000,96.000000,96.000000,96.000000,95.000000,95.000000,5.0,1462.2318,1339.4426,5184.2763,5307.0655,PENDING_AG03,FALSE,NOT_FOR_ENFORCEMENT,6380.6478,18879.2092,6646.5081,6380.6478,265.8603,0.27888609,0.26773065,265.8603,6380.6478,0.26773065,265.8603,265.8603,265.8603,332.3254,332.3254,6380.6478,0.26773065,1462.2318,1339.4426,5184.2763,5307.0655,0.21753115,0.22268336,0.01115544,916.6285,756.3786,255.6349,349.8162,302.1140,1254.3337,1.3684,,916.6285,1039.1261,1039.645,1047.2999,1047.5618,1047.7711,1048.6088,1039.3856,-324.3215,1.007816,1.008622,0.881674,14,9,19,2,0E-8,0.27888609,,0E-8,0.000000,0.825175,0.000000,,2026-04-23,2026-05-17,19,22,22,25,0.760000,,,0.000000,,,,,,,,GLOBAL_BASELINE_NO_ENTITY_RANKING,,,NOT_APPLICABLE_GLOBAL_BASELINE,HF9g-P5,,,,X 全窗基线 · 不参与实体赏罚,14193951,1420,A168_HF9F_20260827_0900,2026-08-27 09:00:00
2026-05-10,149049228,1115,0,1039.1261480982,1039.1261480982,1039.1261480982,1.0000000,1,1,0.49324550000000000,0.493245500000,1.01360149184955,1.01360149184955,1.01360149184955,0E-17,ELIGIBLE,R03b_20260811_FULL_v1,L1_ELIGIBILITY,v2026-08-11,2026-03-21..2026-08-06,baccarat_bet02_101_all_pairs_incl_sentinel,round_win = game_pnl > 0 (decisive only),COMPATIBILITY_ONLY_NOT_PRODUCTION,23832.3398,19665.8429,6646.5081,26,26,-0.27888609,,-0.27888609,-0.27888609,-6646.5081,23832.3398,THIN_EXPOSURE,0.0000,265.8603,4.0000,96.0000,AG03-UNRESOLVED,ALL5_LEVELS_bet23_to_bet27,265.8603,265.8603,265.8603,332.3254,332.3254,4.000000,4.000000,4.000000,5.000000,5.000000,96.000000,96.000000,96.000000,95.000000,95.000000,5.0,1462.2318,1339.4426,5184.2763,5307.0655,PENDING_AG03,FALSE,NOT_FOR_ENFORCEMENT,6380.6478,18879.2092,6646.5081,6380.6478,265.8603,0.27888609,0.26773065,265.8603,6380.6478,0.26773065,265.8603,265.8603,265.8603,332.3254,332.3254,6380.6478,0.26773065,1462.2318,1339.4426,5184.2763,5307.0655,0.21753115,0.22268336,0.01115544,916.6285,756.3786,255.6349,349.8162,302.1140,1254.3337,1.3684,,916.6285,1039.1261,1039.645,1047.2999,1047.5618,1047.7711,1048.6088,1039.3856,-324.3215,1.007816,1.008622,0.881674,14,9,19,2,0E-8,0.27888609,,0E-8,0.000000,0.825175,0.000000,,2026-04-23,2026-05-17,19,22,22,25,0.760000,,,0.000000,,,,,,,,GLOBAL_BASELINE_NO_ENTITY_RANKING,,,NOT_APPLICABLE_GLOBAL_BASELINE,HF9g-P5,,,,X 全窗基线 · 不参与实体赏罚,14193952,1420,A168_HF9F_20260827_0900,2026-08-27 09:00:00
2026-05-11,149049228,-1,1,1039.3856053137,-1039.3856053137,-1039.3856053137,0E-7,1,1,0.49324550000000000,0.493245500000,-0.9865810262130424,-0.9865810262130424,-0.9865810262130424,0E-17,SENTINEL_DEALER,R03b_20260811_FULL_v1,L1_ELIGIBILITY,v2026-08-11,2026-03-21..2026-08-06,baccarat_bet02_101_all_pairs_incl_sentinel,round_win = game_pnl > 0 (decisive only),COMPATIBILITY_ONLY_NOT_PRODUCTION,23832.3398,19665.8429,6646.5081,26,26,-0.27888609,,-0.27888609,-0.27888609,-6646.5081,23832.3398,THIN_EXPOSURE,0.0000,265.8603,4.0000,96.0000,AG03-UNRESOLVED,ALL5_LEVELS_bet23_to_bet27,265.8603,265.8603,265.8603,332.3254,332.3254,4.000000,4.000000,4.000000,5.000000,5.000000,96.000000,96.000000,96.000000,95.000000,95.000000,5.0,1462.2318,1339.4426,5184.2763,5307.0655,PENDING_AG03,FALSE,NOT_FOR_ENFORCEMENT,6380.6478,18879.2092,6646.5081,6380.6478,265.8603,0.27888609,0.26773065,265.8603,6380.6478,0.26773065,265.8603,265.8603,265.8603,332.3254,332.3254,6380.6478,0.26773065,1462.2318,1339.4426,5184.2763,5307.0655,0.21753115,0.22268336,0.01115544,916.6285,756.3786,255.6349,349.8162,302.1140,1254.3337,1.3684,,916.6285,1039.1261,1039.645,1047.2999,1047.5618,1047.7711,1048.6088,1039.3856,-324.3215,1.007816,1.008622,0.881674,14,9,19,2,0E-8,0.27888609,,0E-8,0.000000,0.825175,0.000000,,2026-04-23,2026-05-17,19,22,22,25,0.760000,,,0.000000,,,,,,,,GLOBAL_BASELINE_NO_ENTITY_RANKING,,,NOT_APPLICABLE_GLOBAL_BASELINE,HF9g-P5,,,,X 全窗基线 · 不参与实体赏罚,14193953,1420,A168_HF9F_20260827_0900,2026-08-27 09:00:00
2026-05-12,149049228,-1,1,2079.2901250584,-1039.6450625292,-1039.6450625292,0E-7,2,2,0.49324550000000000,0.493245500000,-0.9865810262130424,-0.9865810262130424,-0.9865810262130424,0E-17,SENTINEL_DEALER,R03b_20260811_FULL_v1,L1_ELIGIBILITY,v2026-08-11,2026-03-21..2026-08-06,baccarat_bet02_101_all_pairs_incl_sentinel,round_win = game_pnl > 0 (decisive only),COMPATIBILITY_ONLY_NOT_PRODUCTION,23832.3398,19665.8429,6646.5081,26,26,-0.27888609,,-0.27888609,-0.27888609,-6646.5081,23832.3398,THIN_EXPOSURE,0.0000,265.8603,4.0000,96.0000,AG03-UNRESOLVED,ALL5_LEVELS_bet23_to_bet27,265.8603,265.8603,265.8603,332.3254,332.3254,4.000000,4.000000,4.000000,5.000000,5.000000,96.000000,96.000000,96.000000,95.000000,95.000000,5.0,1462.2318,1339.4426,5184.2763,5307.0655,PENDING_AG03,FALSE,NOT_FOR_ENFORCEMENT,6380.6478,18879.2092,6646.5081,6380.6478,265.8603,0.27888609,0.26773065,265.8603,6380.6478,0.26773065,265.8603,265.8603,265.8603,332.3254,332.3254,6380.6478,0.26773065,1462.2318,1339.4426,5184.2763,5307.0655,0.21753115,0.22268336,0.01115544,916.6285,756.3786,255.6349,349.8162,302.1140,1254.3337,1.3684,,916.6285,1039.1261,1039.645,1047.2999,1047.5618,1047.7711,1048.6088,1039.3856,-324.3215,1.007816,1.008622,0.881674,14,9,19,2,0E-8,0.27888609,,0E-8,0.000000,0.825175,0.000000,,2026-04-23,2026-05-17,19,22,22,25,0.760000,,,0.000000,,,,,,,,GLOBAL_BASELINE_NO_ENTITY_RANKING,,,NOT_APPLICABLE_GLOBAL_BASELINE,HF9g-P5,,,,X 全窗基线 · 不参与实体赏罚,14193954,1420,A168_HF9F_20260827_0900,2026-08-27 09:00:00
2026-05-13,149049228,-1,1,1039.3856053137,1039.3856053137,1039.3856053137,1.0000000,1,1,0.49324550000000000,0.493245500000,1.01360149184955,1.01360149184955,1.01360149184955,0E-17,SENTINEL_DEALER,R03b_20260811_FULL_v1,L1_ELIGIBILITY,v2026-08-11,2026-03-21..2026-08-06,baccarat_bet02_101_all_pairs_incl_sentinel,round_win = game_pnl > 0 (decisive only),COMPATIBILITY_ONLY_NOT_PRODUCTION,23832.3398,19665.8429,6646.5081,26,26,-0.27888609,,-0.27888609,-0.27888609,-6646.5081,23832.3398,THIN_EXPOSURE,0.0000,265.8603,4.0000,96.0000,AG03-UNRESOLVED,ALL5_LEVELS_bet23_to_bet27,265.8603,265.8603,265.8603,332.3254,332.3254,4.000000,4.000000,4.000000,5.000000,5.000000,96.000000,96.000000,96.000000,95.000000,95.000000,5.0,1462.2318,1339.4426,5184.2763,5307.0655,PENDING_AG03,FALSE,NOT_FOR_ENFORCEMENT,6380.6478,18879.2092,6646.5081,6380.6478,265.8603,0.27888609,0.26773065,265.8603,6380.6478,0.26773065,265.8603,265.8603,265.8603,332.3254,332.3254,6380.6478,0.26773065,1462.2318,1339.4426,5184.2763,5307.0655,0.21753115,0.22268336,0.01115544,916.6285,756.3786,255.6349,349.8162,302.1140,1254.3337,1.3684,,916.6285,1039.1261,1039.645,1047.2999,1047.5618,1047.7711,1048.6088,1039.3856,-324.3215,1.007816,1.008622,0.881674,14,9,19,2,0E-8,0.27888609,,0E-8,0.000000,0.825175,0.000000,,2026-04-23,2026-05-17,19,22,22,25,0.760000,,,0.000000,,,,,,,,GLOBAL_BASELINE_NO_ENTITY_RANKING,,,NOT_APPLICABLE_GLOBAL_BASELINE,HF9g-P5,,,,X 全窗基线 · 不参与实体赏罚,14193955,1420,A168_HF9F_20260827_0900,2026-08-27 09:00:00
2026-05-14,149049228,1935,0,2079.2901250584,1039.6450625292,1039.6450625292,1.0000000,2,2,0.49324550000000000,0.493245500000,1.01360149184955,1.01360149184955,1.01360149184955,0E-17,ELIGIBLE,R03b_20260811_FULL_v1,L1_ELIGIBILITY,v2026-08-11,2026-03-21..2026-08-06,baccarat_bet02_101_all_pairs_incl_sentinel,round_win = game_pnl > 0 (decisive only),COMPATIBILITY_ONLY_NOT_PRODUCTION,23832.3398,19665.8429,6646.5081,26,26,-0.27888609,,-0.27888609,-0.27888609,-6646.5081,23832.3398,THIN_EXPOSURE,0.0000,265.8603,4.0000,96.0000,AG03-UNRESOLVED,ALL5_LEVELS_bet23_to_bet27,265.8603,265.8603,265.8603,332.3254,332.3254,4.000000,4.000000,4.000000,5.000000,5.000000,96.000000,96.000000,96.000000,95.000000,95.000000,5.0,1462.2318,1339.4426,5184.2763,5307.0655,PENDING_AG03,FALSE,NOT_FOR_ENFORCEMENT,6380.6478,18879.2092,6646.5081,6380.6478,265.8603,0.27888609,0.26773065,265.8603,6380.6478,0.26773065,265.8603,265.8603,265.8603,332.3254,332.3254,6380.6478,0.26773065,1462.2318,1339.4426,5184.2763,5307.0655,0.21753115,0.22268336,0.01115544,916.6285,756.3786,255.6349,349.8162,302.1140,1254.3337,1.3684,,916.6285,1039.1261,1039.645,1047.2999,1047.5618,1047.7711,1048.6088,1039.3856,-324.3215,1.007816,1.008622,0.881674,14,9,19,2,0E-8,0.27888609,,0E-8,0.000000,0.825175,0.000000,,2026-04-23,2026-05-17,19,22,22,25,0.760000,,,0.000000,,,,,,,,GLOBAL_BASELINE_NO_ENTITY_RANKING,,,NOT_APPLICABLE_GLOBAL_BASELINE,HF9g-P5,,,,X 全窗基线 · 不参与实体赏罚,14193956,1420,A168_HF9F_20260827_0900,2026-08-27 09:00:00
2026-05-14,149049228,2248,0,1039.6450625292,0E-10,0E-10,,1,1,0.49324550000000000,0.493245500000,,,,0E-17,NO_DECISIVE_ROUND,R03b_20260811_FULL_v1,L1_ELIGIBILITY,v2026-08-11,2026-03-21..2026-08-06,baccarat_bet02_101_all_pairs_incl_sentinel,round_win = game_pnl > 0 (decisive only),COMPATIBILITY_ONLY_NOT_PRODUCTION,23832.3398,19665.8429,6646.5081,26,26,-0.27888609,,-0.27888609,-0.27888609,-6646.5081,23832.3398,THIN_EXPOSURE,0.0000,265.8603,4.0000,96.0000,AG03-UNRESOLVED,ALL5_LEVELS_bet23_to_bet27,265.8603,265.8603,265.8603,332.3254,332.3254,4.000000,4.000000,4.000000,5.000000,5.000000,96.000000,96.000000,96.000000,95.000000,95.000000,5.0,1462.2318,1339.4426,5184.2763,5307.0655,PENDING_AG03,FALSE,NOT_FOR_ENFORCEMENT,6380.6478,18879.2092,6646.5081,6380.6478,265.8603,0.27888609,0.26773065,265.8603,6380.6478,0.26773065,265.8603,265.8603,265.8603,332.3254,332.3254,6380.6478,0.26773065,1462.2318,1339.4426,5184.2763,5307.0655,0.21753115,0.22268336,0.01115544,916.6285,756.3786,255.6349,349.8162,302.1140,1254.3337,1.3684,,916.6285,1039.1261,1039.645,1047.2999,1047.5618,1047.7711,1048.6088,1039.3856,-324.3215,1.007816,1.008622,0.881674,14,9,19,2,0E-8,0.27888609,,0E-8,0.000000,0.825175,0.000000,,2026-04-23,2026-05-17,19,22,22,25,0.760000,,,0.000000,,,,,,,,GLOBAL_BASELINE_NO_ENTITY_RANKING,,,NOT_APPLICABLE_GLOBAL_BASELINE,HF9g-P5,,,,X 全窗基线 · 不参与实体赏罚,14193957,1420,A168_HF9F_20260827_0900,2026-08-27 09:00:00
2026-05-15,149049228,2241,0,1039.3856053137,-1039.3856053137,-1039.3856053137,0E-7,1,1,0.49324550000000000,0.493245500000,-0.9865810262130424,-0.9865810262130424,-0.9865810262130424,0E-17,ELIGIBLE,R03b_20260811_FULL_v1,L1_ELIGIBILITY,v2026-08-11,2026-03-21..2026-08-06,baccarat_bet02_101_all_pairs_incl_sentinel,round_win = game_pnl > 0 (decisive only),COMPATIBILITY_ONLY_NOT_PRODUCTION,23832.3398,19665.8429,6646.5081,26,26,-0.27888609,,-0.27888609,-0.27888609,-6646.5081,23832.3398,THIN_EXPOSURE,0.0000,265.8603,4.0000,96.0000,AG03-UNRESOLVED,ALL5_LEVELS_bet23_to_bet27,265.8603,265.8603,265.8603,332.3254,332.3254,4.000000,4.000000,4.000000,5.000000,5.000000,96.000000,96.000000,96.000000,95.000000,95.000000,5.0,1462.2318,1339.4426,5184.2763,5307.0655,PENDING_AG03,FALSE,NOT_FOR_ENFORCEMENT,6380.6478,18879.2092,6646.5081,6380.6478,265.8603,0.27888609,0.26773065,265.8603,6380.6478,0.26773065,265.8603,265.8603,265.8603,332.3254,332.3254,6380.6478,0.26773065,1462.2318,1339.4426,5184.2763,5307.0655,0.21753115,0.22268336,0.01115544,916.6285,756.3786,255.6349,349.8162,302.1140,1254.3337,1.3684,,916.6285,1039.1261,1039.645,1047.2999,1047.5618,1047.7711,1048.6088,1039.3856,-324.3215,1.007816,1.008622,0.881674,14,9,19,2,0E-8,0.27888609,,0E-8,0.000000,0.825175,0.000000,,2026-04-23,2026-05-17,19,22,22,25,0.760000,,,0.000000,,,,,,,,GLOBAL_BASELINE_NO_ENTITY_RANKING,,,NOT_APPLICABLE_GLOBAL_BASELINE,HF9g-P5,,,,X 全窗基线 · 不参与实体赏罚,14193958,1420,A168_HF9F_20260827_0900,2026-08-27 09:00:00
2026-05-16,149049228,2241,0,1039.6450625292,-1039.6450625292,-1039.6450625292,0E-7,1,1,0.49324550000000000,0.493245500000,-0.9865810262130424,-0.9865810262130424,-0.9865810262130424,0E-17,ELIGIBLE,R03b_20260811_FULL_v1,L1_ELIGIBILITY,v2026-08-11,2026-03-21..2026-08-06,baccarat_bet02_101_all_pairs_incl_sentinel,round_win = game_pnl > 0 (decisive only),COMPATIBILITY_ONLY_NOT_PRODUCTION,23832.3398,19665.8429,6646.5081,26,26,-0.27888609,,-0.27888609,-0.27888609,-6646.5081,23832.3398,THIN_EXPOSURE,0.0000,265.8603,4.0000,96.0000,AG03-UNRESOLVED,ALL5_LEVELS_bet23_to_bet27,265.8603,265.8603,265.8603,332.3254,332.3254,4.000000,4.000000,4.000000,5.000000,5.000000,96.000000,96.000000,96.000000,95.000000,95.000000,5.0,1462.2318,1339.4426,5184.2763,5307.0655,PENDING_AG03,FALSE,NOT_FOR_ENFORCEMENT,6380.6478,18879.2092,6646.5081,6380.6478,265.8603,0.27888609,0.26773065,265.8603,6380.6478,0.26773065,265.8603,265.8603,265.8603,332.3254,332.3254,6380.6478,0.26773065,1462.2318,1339.4426,5184.2763,5307.0655,0.21753115,0.22268336,0.01115544,916.6285,756.3786,255.6349,349.8162,302.1140,1254.3337,1.3684,,916.6285,1039.1261,1039.645,1047.2999,1047.5618,1047.7711,1048.6088,1039.3856,-324.3215,1.007816,1.008622,0.881674,14,9,19,2,0E-8,0.27888609,,0E-8,0.000000,0.825175,0.000000,,2026-04-23,2026-05-17,19,22,22,25,0.760000,,,0.000000,,,,,,,,GLOBAL_BASELINE_NO_ENTITY_RANKING,,,NOT_APPLICABLE_GLOBAL_BASELINE,HF9g-P5,,,,X 全窗基线 · 不参与实体赏罚,14193959,1420,A168_HF9F_20260827_0900,2026-08-27 09:00:00
2026-05-17,149049228,-1,1,1039.3856053137,-1039.3856053137,-1039.3856053137,0E-7,1,1,0.49324550000000000,0.493245500000,-0.9865810262130424,-0.9865810262130424,-0.9865810262130424,0E-17,SENTINEL_DEALER,R03b_20260811_FULL_v1,L1_ELIGIBILITY,v2026-08-11,2026-03-21..2026-08-06,baccarat_bet02_101_all_pairs_incl_sentinel,round_win = game_pnl > 0 (decisive only),COMPATIBILITY_ONLY_NOT_PRODUCTION,23832.3398,19665.8429,6646.5081,26,26,-0.27888609,,-0.27888609,-0.27888609,-6646.5081,23832.3398,THIN_EXPOSURE,0.0000,265.8603,4.0000,96.0000,AG03-UNRESOLVED,ALL5_LEVELS_bet23_to_bet27,265.8603,265.8603,265.8603,332.3254,332.3254,4.000000,4.000000,4.000000,5.000000,5.000000,96.000000,96.000000,96.000000,95.000000,95.000000,5.0,1462.2318,1339.4426,5184.2763,5307.0655,PENDING_AG03,FALSE,NOT_FOR_ENFORCEMENT,6380.6478,18879.2092,6646.5081,6380.6478,265.8603,0.27888609,0.26773065,265.8603,6380.6478,0.26773065,265.8603,265.8603,265.8603,332.3254,332.3254,6380.6478,0.26773065,1462.2318,1339.4426,5184.2763,5307.0655,0.21753115,0.22268336,0.01115544,916.6285,756.3786,255.6349,349.8162,302.1140,1254.3337,1.3684,,916.6285,1039.1261,1039.645,1047.2999,1047.5618,1047.7711,1048.6088,1039.3856,-324.3215,1.007816,1.008622,0.881674,14,9,19,2,0E-8,0.27888609,,0E-8,0.000000,0.825175,0.000000,,2026-04-23,2026-05-17,19,22,22,25,0.760000,,,0.000000,,,,,,,,GLOBAL_BASELINE_NO_ENTITY_RANKING,,,NOT_APPLICABLE_GLOBAL_BASELINE,HF9g-P5,,,,X 全窗基线 · 不参与实体赏罚,14193960,1420,A168_HF9F_20260827_0900,2026-08-27 09:00:00
2026-04-02,147109059,-1,1,10800.0000000000,-5800.0000000000,-5800.0000000000,0.1818182,24,24,0.49492115000000000,0.494921150000,-2.9373177312851095,-2.9373177312851095,-2.9373177312851095,0E-17,SENTINEL_DEALER,R03b_20260811_FULL_v1,L1_ELIGIBILITY,v2026-08-11,2026-03-21..2026-08-06,baccarat_bet02_101_all_pairs_incl_sentinel,round_win = game_pnl > 0 (decisive only),COMPATIBILITY_ONLY_NOT_PRODUCTION,50283.0000,46083.0000,6579.2500,105,105,-0.13084442,,-0.13084442,-0.13084442,-6579.2500,50283.0000,OK,0.0000,197.3775,3.0000,97.0000,AG03-UNRESOLVED,ALL5_LEVELS_bet23_to_bet27,197.3775,197.3775,197.3775,197.3775,197.3775,3.000000,3.000000,3.000000,3.000000,3.000000,97.000000,97.000000,97.000000,97.000000,97.000000,5.0,986.8875,929.4242,5592.3625,5649.8258,PENDING_AG03,FALSE,NOT_FOR_ENFORCEMENT,6381.8725,44700.5100,6579.2500,6381.8725,197.3775,0.13084442,0.12691909,197.3775,6381.8725,0.12691909,197.3775,197.3775,197.3775,197.3775,197.3775,6381.8725,0.12691909,986.8875,929.4242,5592.3625,5649.8258,0.11121776,0.11236056,0.00392533,478.8857,438.8857,62.6595,6579.2500,253.0481,50283.0000,105.0000,,478.8857,300.0,400.0,500.0,800.0,1110.0,1535.0015,400.0,0.0,2.775,3.837504,1.197214,25,23,2,2,0E-8,0.13084442,,0E-8,0.000000,0.916473,0.000000,,2026-04-02,2026-04-02,1,26,25,1,1.000000,,,0.000000,,,,,,,,GLOBAL_BASELINE_NO_ENTITY_RANKING,,,NOT_APPLICABLE_GLOBAL_BASELINE,HF9g-P5,,,,X 全窗基线 · 不参与实体赏罚,14193961,1420,A168_HF9F_20260827_0900,2026-08-27 09:00:00
2026-04-02,147109059,1094,0,500.0000000000,500.0000000000,500.0000000000,1.0000000,1,1,0.49324550000000000,0.493245500000,1.01360149184955,1.01360149184955,1.01360149184955,0E-17,ELIGIBLE,R03b_20260811_FULL_v1,L1_ELIGIBILITY,v2026-08-11,2026-03-21..2026-08-06,baccarat_bet02_101_all_pairs_incl_sentinel,round_win = game_pnl > 0 (decisive only),COMPATIBILITY_ONLY_NOT_PRODUCTION,50283.0000,46083.0000,6579.2500,105,105,-0.13084442,,-0.13084442,-0.13084442,-6579.2500,50283.0000,OK,0.0000,197.3775,3.0000,97.0000,AG03-UNRESOLVED,ALL5_LEVELS_bet23_to_bet27,197.3775,197.3775,197.3775,197.3775,197.3775,3.000000,3.000000,3.000000,3.000000,3.000000,97.000000,97.000000,97.000000,97.000000,97.000000,5.0,986.8875,929.4242,5592.3625,5649.8258,PENDING_AG03,FALSE,NOT_FOR_ENFORCEMENT,6381.8725,44700.5100,6579.2500,6381.8725,197.3775,0.13084442,0.12691909,197.3775,6381.8725,0.12691909,197.3775,197.3775,197.3775,197.3775,197.3775,6381.8725,0.12691909,986.8875,929.4242,5592.3625,5649.8258,0.11121776,0.11236056,0.00392533,478.8857,438.8857,62.6595,6579.2500,253.0481,50283.0000,105.0000,,478.8857,300.0,400.0,500.0,800.0,1110.0,1535.0015,400.0,0.0,2.775,3.837504,1.197214,25,23,2,2,0E-8,0.13084442,,0E-8,0.000000,0.916473,0.000000,,2026-04-02,2026-04-02,1,26,25,1,1.000000,,,0.000000,,,,,,,,GLOBAL_BASELINE_NO_ENTITY_RANKING,,,NOT_APPLICABLE_GLOBAL_BASELINE,HF9g-P5,,,,X 全窗基线 · 不参与实体赏罚,14193962,1420,A168_HF9F_20260827_0900,2026-08-27 09:00:00
2026-04-02,147109059,1115,0,1400.0000000000,-815.0000000000,-815.0000000000,0.5000000,2,2,0.49994810000000000,0.499948100000,0.00014679536856514622,0.00014679536856514622,0.00014679536856514622,0E-17,ELIGIBLE,R03b_20260811_FULL_v1,L1_ELIGIBILITY,v2026-08-11,2026-03-21..2026-08-06,baccarat_bet02_101_all_pairs_incl_sentinel,round_win = game_pnl > 0 (decisive only),COMPATIBILITY_ONLY_NOT_PRODUCTION,50283.0000,46083.0000,6579.2500,105,105,-0.13084442,,-0.13084442,-0.13084442,-6579.2500,50283.0000,OK,0.0000,197.3775,3.0000,97.0000,AG03-UNRESOLVED,ALL5_LEVELS_bet23_to_bet27,197.3775,197.3775,197.3775,197.3775,197.3775,3.000000,3.000000,3.000000,3.000000,3.000000,97.000000,97.000000,97.000000,97.000000,97.000000,5.0,986.8875,929.4242,5592.3625,5649.8258,PENDING_AG03,FALSE,NOT_FOR_ENFORCEMENT,6381.8725,44700.5100,6579.2500,6381.8725,197.3775,0.13084442,0.12691909,197.3775,6381.8725,0.12691909,197.3775,197.3775,197.3775,197.3775,197.3775,6381.8725,0.12691909,986.8875,929.4242,5592.3625,5649.8258,0.11121776,0.11236056,0.00392533,478.8857,438.8857,62.6595,6579.2500,253.0481,50283.0000,105.0000,,478.8857,300.0,400.0,500.0,800.0,1110.0,1535.0015,400.0,0.0,2.775,3.837504,1.197214,25,23,2,2,0E-8,0.13084442,,0E-8,0.000000,0.916473,0.000000,,2026-04-02,2026-04-02,1,26,25,1,1.000000,,,0.000000,,,,,,,,GLOBAL_BASELINE_NO_ENTITY_RANKING,,,NOT_APPLICABLE_GLOBAL_BASELINE,HF9g-P5,,,,X 全窗基线 · 不参与实体赏罚,14193963,1420,A168_HF9F_20260827_0900,2026-08-27 09:00:00
2026-04-02,147109059,1221,0,900.0000000000,900.0000000000,900.0000000000,1.0000000,2,2,0.49324550000000000,0.493245500000,1.4334489766152358,1.4334489766152358,1.4334489766152358,0E-17,ELIGIBLE,R03b_20260811_FULL_v1,L1_ELIGIBILITY,v2026-08-11,2026-03-21..2026-08-06,baccarat_bet02_101_all_pairs_incl_sentinel,round_win = game_pnl > 0 (decisive only),COMPATIBILITY_ONLY_NOT_PRODUCTION,50283.0000,46083.0000,6579.2500,105,105,-0.13084442,,-0.13084442,-0.13084442,-6579.2500,50283.0000,OK,0.0000,197.3775,3.0000,97.0000,AG03-UNRESOLVED,ALL5_LEVELS_bet23_to_bet27,197.3775,197.3775,197.3775,197.3775,197.3775,3.000000,3.000000,3.000000,3.000000,3.000000,97.000000,97.000000,97.000000,97.000000,97.000000,5.0,986.8875,929.4242,5592.3625,5649.8258,PENDING_AG03,FALSE,NOT_FOR_ENFORCEMENT,6381.8725,44700.5100,6579.2500,6381.8725,197.3775,0.13084442,0.12691909,197.3775,6381.8725,0.12691909,197.3775,197.3775,197.3775,197.3775,197.3775,6381.8725,0.12691909,986.8875,929.4242,5592.3625,5649.8258,0.11121776,0.11236056,0.00392533,478.8857,438.8857,62.6595,6579.2500,253.0481,50283.0000,105.0000,,478.8857,300.0,400.0,500.0,800.0,1110.0,1535.0015,400.0,0.0,2.775,3.837504,1.197214,25,23,2,2,0E-8,0.13084442,,0E-8,0.000000,0.916473,0.000000,,2026-04-02,2026-04-02,1,26,25,1,1.000000,,,0.000000,,,,,,,,GLOBAL_BASELINE_NO_ENTITY_RANKING,,,NOT_APPLICABLE_GLOBAL_BASELINE,HF9g-P5,,,,X 全窗基线 · 不参与实体赏罚,14193964,1420,A168_HF9F_20260827_0900,2026-08-27 09:00:00
2026-04-02,147109059,1304,0,600.0000000000,585.0000000000,585.0000000000,1.0000000,2,2,0.49994810000000000,0.499948100000,1.4143603653603398,1.4143603653603398,1.4143603653603398,0E-17,ELIGIBLE,R03b_20260811_FULL_v1,L1_ELIGIBILITY,v2026-08-11,2026-03-21..2026-08-06,baccarat_bet02_101_all_pairs_incl_sentinel,round_win = game_pnl > 0 (decisive only),COMPATIBILITY_ONLY_NOT_PRODUCTION,50283.0000,46083.0000,6579.2500,105,105,-0.13084442,,-0.13084442,-0.13084442,-6579.2500,50283.0000,OK,0.0000,197.3775,3.0000,97.0000,AG03-UNRESOLVED,ALL5_LEVELS_bet23_to_bet27,197.3775,197.3775,197.3775,197.3775,197.3775,3.000000,3.000000,3.000000,3.000000,3.000000,97.000000,97.000000,97.000000,97.000000,97.000000,5.0,986.8875,929.4242,5592.3625,5649.8258,PENDING_AG03,FALSE,NOT_FOR_ENFORCEMENT,6381.8725,44700.5100,6579.2500,6381.8725,197.3775,0.13084442,0.12691909,197.3775,6381.8725,0.12691909,197.3775,197.3775,197.3775,197.3775,197.3775,6381.8725,0.12691909,986.8875,929.4242,5592.3625,5649.8258,0.11121776,0.11236056,0.00392533,478.8857,438.8857,62.6595,6579.2500,253.0481,50283.0000,105.0000,,478.8857,300.0,400.0,500.0,800.0,1110.0,1535.0015,400.0,0.0,2.775,3.837504,1.197214,25,23,2,2,0E-8,0.13084442,,0E-8,0.000000,0.916473,0.000000,,2026-04-02,2026-04-02,1,26,25,1,1.000000,,,0.000000,,,,,,,,GLOBAL_BASELINE_NO_ENTITY_RANKING,,,NOT_APPLICABLE_GLOBAL_BASELINE,HF9g-P5,,,,X 全窗基线 · 不参与实体赏罚,14193965,1420,A168_HF9F_20260827_0900,2026-08-27 09:00:00
2026-04-02,147109059,1363,0,900.0000000000,-900.0000000000,-900.0000000000,0E-7,2,2,0.49324550000000000,0.493245500000,-1.3952362676504506,-1.3952362676504506,-1.3952362676504506,0E-17,ELIGIBLE,R03b_20260811_FULL_v1,L1_ELIGIBILITY,v2026-08-11,2026-03-21..2026-08-06,baccarat_bet02_101_all_pairs_incl_sentinel,round_win = game_pnl > 0 (decisive only),COMPATIBILITY_ONLY_NOT_PRODUCTION,50283.0000,46083.0000,6579.2500,105,105,-0.13084442,,-0.13084442,-0.13084442,-6579.2500,50283.0000,OK,0.0000,197.3775,3.0000,97.0000,AG03-UNRESOLVED,ALL5_LEVELS_bet23_to_bet27,197.3775,197.3775,197.3775,197.3775,197.3775,3.000000,3.000000,3.000000,3.000000,3.000000,97.000000,97.000000,97.000000,97.000000,97.000000,5.0,986.8875,929.4242,5592.3625,5649.8258,PENDING_AG03,FALSE,NOT_FOR_ENFORCEMENT,6381.8725,44700.5100,6579.2500,6381.8725,197.3775,0.13084442,0.12691909,197.3775,6381.8725,0.12691909,197.3775,197.3775,197.3775,197.3775,197.3775,6381.8725,0.12691909,986.8875,929.4242,5592.3625,5649.8258,0.11121776,0.11236056,0.00392533,478.8857,438.8857,62.6595,6579.2500,253.0481,50283.0000,105.0000,,478.8857,300.0,400.0,500.0,800.0,1110.0,1535.0015,400.0,0.0,2.775,3.837504,1.197214,25,23,2,2,0E-8,0.13084442,,0E-8,0.000000,0.916473,0.000000,,2026-04-02,2026-04-02,1,26,25,1,1.000000,,,0.000000,,,,,,,,GLOBAL_BASELINE_NO_ENTITY_RANKING,,,NOT_APPLICABLE_GLOBAL_BASELINE,HF9g-P5,,,,X 全窗基线 · 不参与实体赏罚,14193966,1420,A168_HF9F_20260827_0900,2026-08-27 09:00:00
2026-04-02,147109059,1401,0,1600.0000000000,-300.0000000000,-300.0000000000,0.3333333,4,4,0.49994810000000000,0.499948100000,-0.5771704854251445,-0.5771704854251445,-0.5771704854251445,0E-17,ELIGIBLE,R03b_20260811_FULL_v1,L1_ELIGIBILITY,v2026-08-11,2026-03-21..2026-08-06,baccarat_bet02_101_all_pairs_incl_sentinel,round_win = game_pnl > 0 (decisive only),COMPATIBILITY_ONLY_NOT_PRODUCTION,50283.0000,46083.0000,6579.2500,105,105,-0.13084442,,-0.13084442,-0.13084442,-6579.2500,50283.0000,OK,0.0000,197.3775,3.0000,97.0000,AG03-UNRESOLVED,ALL5_LEVELS_bet23_to_bet27,197.3775,197.3775,197.3775,197.3775,197.3775,3.000000,3.000000,3.000000,3.000000,3.000000,97.000000,97.000000,97.000000,97.000000,97.000000,5.0,986.8875,929.4242,5592.3625,5649.8258,PENDING_AG03,FALSE,NOT_FOR_ENFORCEMENT,6381.8725,44700.5100,6579.2500,6381.8725,197.3775,0.13084442,0.12691909,197.3775,6381.8725,0.12691909,197.3775,197.3775,197.3775,197.3775,197.3775,6381.8725,0.12691909,986.8875,929.4242,5592.3625,5649.8258,0.11121776,0.11236056,0.00392533,478.8857,438.8857,62.6595,6579.2500,253.0481,50283.0000,105.0000,,478.8857,300.0,400.0,500.0,800.0,1110.0,1535.0015,400.0,0.0,2.775,3.837504,1.197214,25,23,2,2,0E-8,0.13084442,,0E-8,0.000000,0.916473,0.000000,,2026-04-02,2026-04-02,1,26,25,1,1.000000,,,0.000000,,,,,,,,GLOBAL_BASELINE_NO_ENTITY_RANKING,,,NOT_APPLICABLE_GLOBAL_BASELINE,HF9g-P5,,,,X 全窗基线 · 不参与实体赏罚,14193967,1420,A168_HF9F_20260827_0900,2026-08-27 09:00:00
2026-04-02,147109059,1714,0,1200.0000000000,360.0000000000,360.0000000000,0.6666667,3,3,0.50665070000000000,0.506650700000,0.5543606114942035,0.5543606114942035,0.5543606114942035,0E-17,ELIGIBLE,R03b_20260811_FULL_v1,L1_ELIGIBILITY,v2026-08-11,2026-03-21..2026-08-06,baccarat_bet02_101_all_pairs_incl_sentinel,round_win = game_pnl > 0 (decisive only),COMPATIBILITY_ONLY_NOT_PRODUCTION,50283.0000,46083.0000,6579.2500,105,105,-0.13084442,,-0.13084442,-0.13084442,-6579.2500,50283.0000,OK,0.0000,197.3775,3.0000,97.0000,AG03-UNRESOLVED,ALL5_LEVELS_bet23_to_bet27,197.3775,197.3775,197.3775,197.3775,197.3775,3.000000,3.000000,3.000000,3.000000,3.000000,97.000000,97.000000,97.000000,97.000000,97.000000,5.0,986.8875,929.4242,5592.3625,5649.8258,PENDING_AG03,FALSE,NOT_FOR_ENFORCEMENT,6381.8725,44700.5100,6579.2500,6381.8725,197.3775,0.13084442,0.12691909,197.3775,6381.8725,0.12691909,197.3775,197.3775,197.3775,197.3775,197.3775,6381.8725,0.12691909,986.8875,929.4242,5592.3625,5649.8258,0.11121776,0.11236056,0.00392533,478.8857,438.8857,62.6595,6579.2500,253.0481,50283.0000,105.0000,,478.8857,300.0,400.0,500.0,800.0,1110.0,1535.0015,400.0,0.0,2.775,3.837504,1.197214,25,23,2,2,0E-8,0.13084442,,0E-8,0.000000,0.916473,0.000000,,2026-04-02,2026-04-02,1,26,25,1,1.000000,,,0.000000,,,,,,,,GLOBAL_BASELINE_NO_ENTITY_RANKING,,,NOT_APPLICABLE_GLOBAL_BASELINE,HF9g-P5,,,,X 全窗基线 · 不参与实体赏罚,14193968,1420,A168_HF9F_20260827_0900,2026-08-27 09:00:00
2026-04-02,147109059,1935,0,3678.0000000000,-3678.0000000000,-3678.0000000000,0E-7,3,3,0.50665070000000000,0.506650700000,-1.7552447903592512,-1.7552447903592512,-1.7552447903592512,0E-17,ELIGIBLE,R03b_20260811_FULL_v1,L1_ELIGIBILITY,v2026-08-11,2026-03-21..2026-08-06,baccarat_bet02_101_all_pairs_incl_sentinel,round_win = game_pnl > 0 (decisive only),COMPATIBILITY_ONLY_NOT_PRODUCTION,50283.0000,46083.0000,6579.2500,105,105,-0.13084442,,-0.13084442,-0.13084442,-6579.2500,50283.0000,OK,0.0000,197.3775,3.0000,97.0000,AG03-UNRESOLVED,ALL5_LEVELS_bet23_to_bet27,197.3775,197.3775,197.3775,197.3775,197.3775,3.000000,3.000000,3.000000,3.000000,3.000000,97.000000,97.000000,97.000000,97.000000,97.000000,5.0,986.8875,929.4242,5592.3625,5649.8258,PENDING_AG03,FALSE,NOT_FOR_ENFORCEMENT,6381.8725,44700.5100,6579.2500,6381.8725,197.3775,0.13084442,0.12691909,197.3775,6381.8725,0.12691909,197.3775,197.3775,197.3775,197.3775,197.3775,6381.8725,0.12691909,986.8875,929.4242,5592.3625,5649.8258,0.11121776,0.11236056,0.00392533,478.8857,438.8857,62.6595,6579.2500,253.0481,50283.0000,105.0000,,478.8857,300.0,400.0,500.0,800.0,1110.0,1535.0015,400.0,0.0,2.775,3.837504,1.197214,25,23,2,2,0E-8,0.13084442,,0E-8,0.000000,0.916473,0.000000,,2026-04-02,2026-04-02,1,26,25,1,1.000000,,,0.000000,,,,,,,,GLOBAL_BASELINE_NO_ENTITY_RANKING,,,NOT_APPLICABLE_GLOBAL_BASELINE,HF9g-P5,,,,X 全窗基线 · 不参与实体赏罚,14193969,1420,A168_HF9F_20260827_0900,2026-08-27 09:00:00
2026-04-02,147109059,1947,0,300.0000000000,300.0000000000,300.0000000000,1.0000000,1,1,0.49324550000000000,0.493245500000,1.01360149184955,1.01360149184955,1.01360149184955,0E-17,ELIGIBLE,R03b_20260811_FULL_v1,L1_ELIGIBILITY,v2026-08-11,2026-03-21..2026-08-06,baccarat_bet02_101_all_pairs_incl_sentinel,round_win = game_pnl > 0 (decisive only),COMPATIBILITY_ONLY_NOT_PRODUCTION,50283.0000,46083.0000,6579.2500,105,105,-0.13084442,,-0.13084442,-0.13084442,-6579.2500,50283.0000,OK,0.0000,197.3775,3.0000,97.0000,AG03-UNRESOLVED,ALL5_LEVELS_bet23_to_bet27,197.3775,197.3775,197.3775,197.3775,197.3775,3.000000,3.000000,3.000000,3.000000,3.000000,97.000000,97.000000,97.000000,97.000000,97.000000,5.0,986.8875,929.4242,5592.3625,5649.8258,PENDING_AG03,FALSE,NOT_FOR_ENFORCEMENT,6381.8725,44700.5100,6579.2500,6381.8725,197.3775,0.13084442,0.12691909,197.3775,6381.8725,0.12691909,197.3775,197.3775,197.3775,197.3775,197.3775,6381.8725,0.12691909,986.8875,929.4242,5592.3625,5649.8258,0.11121776,0.11236056,0.00392533,478.8857,438.8857,62.6595,6579.2500,253.0481,50283.0000,105.0000,,478.8857,300.0,400.0,500.0,800.0,1110.0,1535.0015,400.0,0.0,2.775,3.837504,1.197214,25,23,2,2,0E-8,0.13084442,,0E-8,0.000000,0.916473,0.000000,,2026-04-02,2026-04-02,1,26,25,1,1.000000,,,0.000000,,,,,,,,GLOBAL_BASELINE_NO_ENTITY_RANKING,,,NOT_APPLICABLE_GLOBAL_BASELINE,HF9g-P5,,,,X 全窗基线 · 不参与实体赏罚,14193970,1420,A168_HF9F_20260827_0900,2026-08-27 09:00:00
2026-04-02,147109059,2117,0,300.0000000000,-300.0000000000,-300.0000000000,0E-7,1,1,0.49324550000000000,0.493245500000,-0.9865810262130424,-0.9865810262130424,-0.9865810262130424,0E-17,ELIGIBLE,R03b_20260811_FULL_v1,L1_ELIGIBILITY,v2026-08-11,2026-03-21..2026-08-06,baccarat_bet02_101_all_pairs_incl_sentinel,round_win = game_pnl > 0 (decisive only),COMPATIBILITY_ONLY_NOT_PRODUCTION,50283.0000,46083.0000,6579.2500,105,105,-0.13084442,,-0.13084442,-0.13084442,-6579.2500,50283.0000,OK,0.0000,197.3775,3.0000,97.0000,AG03-UNRESOLVED,ALL5_LEVELS_bet23_to_bet27,197.3775,197.3775,197.3775,197.3775,197.3775,3.000000,3.000000,3.000000,3.000000,3.000000,97.000000,97.000000,97.000000,97.000000,97.000000,5.0,986.8875,929.4242,5592.3625,5649.8258,PENDING_AG03,FALSE,NOT_FOR_ENFORCEMENT,6381.8725,44700.5100,6579.2500,6381.8725,197.3775,0.13084442,0.12691909,197.3775,6381.8725,0.12691909,197.3775,197.3775,197.3775,197.3775,197.3775,6381.8725,0.12691909,986.8875,929.4242,5592.3625,5649.8258,0.11121776,0.11236056,0.00392533,478.8857,438.8857,62.6595,6579.2500,253.0481,50283.0000,105.0000,,478.8857,300.0,400.0,500.0,800.0,1110.0,1535.0015,400.0,0.0,2.775,3.837504,1.197214,25,23,2,2,0E-8,0.13084442,,0E-8,0.000000,0.916473,0.000000,,2026-04-02,2026-04-02,1,26,25,1,1.000000,,,0.000000,,,,,,,,GLOBAL_BASELINE_NO_ENTITY_RANKING,,,NOT_APPLICABLE_GLOBAL_BASELINE,HF9g-P5,,,,X 全窗基线 · 不参与实体赏罚,14193971,1420,A168_HF9F_20260827_0900,2026-08-27 09:00:00
2026-04-02,147109059,2170,0,1100.0000000000,-500.0000000000,-500.0000000000,0.5000000,2,2,0.49994810000000000,0.499948100000,0.00014679536856514622,0.00014679536856514622,0.00014679536856514622,0E-17,ELIGIBLE,R03b_20260811_FULL_v1,L1_ELIGIBILITY,v2026-08-11,2026-03-21..2026-08-06,baccarat_bet02_101_all_pairs_incl_sentinel,round_win = game_pnl > 0 (decisive only),COMPATIBILITY_ONLY_NOT_PRODUCTION,50283.0000,46083.0000,6579.2500,105,105,-0.13084442,,-0.13084442,-0.13084442,-6579.2500,50283.0000,OK,0.0000,197.3775,3.0000,97.0000,AG03-UNRESOLVED,ALL5_LEVELS_bet23_to_bet27,197.3775,197.3775,197.3775,197.3775,197.3775,3.000000,3.000000,3.000000,3.000000,3.000000,97.000000,97.000000,97.000000,97.000000,97.000000,5.0,986.8875,929.4242,5592.3625,5649.8258,PENDING_AG03,FALSE,NOT_FOR_ENFORCEMENT,6381.8725,44700.5100,6579.2500,6381.8725,197.3775,0.13084442,0.12691909,197.3775,6381.8725,0.12691909,197.3775,197.3775,197.3775,197.3775,197.3775,6381.8725,0.12691909,986.8875,929.4242,5592.3625,5649.8258,0.11121776,0.11236056,0.00392533,478.8857,438.8857,62.6595,6579.2500,253.0481,50283.0000,105.0000,,478.8857,300.0,400.0,500.0,800.0,1110.0,1535.0015,400.0,0.0,2.775,3.837504,1.197214,25,23,2,2,0E-8,0.13084442,,0E-8,0.000000,0.916473,0.000000,,2026-04-02,2026-04-02,1,26,25,1,1.000000,,,0.000000,,,,,,,,GLOBAL_BASELINE_NO_ENTITY_RANKING,,,NOT_APPLICABLE_GLOBAL_BASELINE,HF9g-P5,,,,X 全窗基线 · 不参与实体赏罚,14193972,1420,A168_HF9F_20260827_0900,2026-08-27 09:00:00
2026-04-02,147109059,2175,0,300.0000000000,0E-10,0E-10,,1,1,0.49324550000000000,0.493245500000,,,,0E-17,NO_DECISIVE_ROUND,R03b_20260811_FULL_v1,L1_ELIGIBILITY,v2026-08-11,2026-03-21..2026-08-06,baccarat_bet02_101_all_pairs_incl_sentinel,round_win = game_pnl > 0 (decisive only),COMPATIBILITY_ONLY_NOT_PRODUCTION,50283.0000,46083.0000,6579.2500,105,105,-0.13084442,,-0.13084442,-0.13084442,-6579.2500,50283.0000,OK,0.0000,197.3775,3.0000,97.0000,AG03-UNRESOLVED,ALL5_LEVELS_bet23_to_bet27,197.3775,197.3775,197.3775,197.3775,197.3775,3.000000,3.000000,3.000000,3.000000,3.000000,97.000000,97.000000,97.000000,97.000000,97.000000,5.0,986.8875,929.4242,5592.3625,5649.8258,PENDING_AG03,FALSE,NOT_FOR_ENFORCEMENT,6381.8725,44700.5100,6579.2500,6381.8725,197.3775,0.13084442,0.12691909,197.3775,6381.8725,0.12691909,197.3775,197.3775,197.3775,197.3775,197.3775,6381.8725,0.12691909,986.8875,929.4242,5592.3625,5649.8258,0.11121776,0.11236056,0.00392533,478.8857,438.8857,62.6595,6579.2500,253.0481,50283.0000,105.0000,,478.8857,300.0,400.0,500.0,800.0,1110.0,1535.0015,400.0,0.0,2.775,3.837504,1.197214,25,23,2,2,0E-8,0.13084442,,0E-8,0.000000,0.916473,0.000000,,2026-04-02,2026-04-02,1,26,25,1,1.000000,,,0.000000,,,,,,,,GLOBAL_BASELINE_NO_ENTITY_RANKING,,,NOT_APPLICABLE_GLOBAL_BASELINE,HF9g-P5,,,,X 全窗基线 · 不参与实体赏罚,14193973,1420,A168_HF9F_20260827_0900,2026-08-27 09:00:00
2026-04-02,147109059,2216,0,5105.0000000000,38.7500000000,38.7500000000,0.6666667,7,7,0.50473567142857143,0.504735671429,0.7933322080094374,0.7933322080073443,0.7933322080094374,-4.2857E-13,ELIGIBLE,R03b_20260811_FULL_v1,L1_ELIGIBILITY,v2026-08-11,2026-03-21..2026-08-06,baccarat_bet02_101_all_pairs_incl_sentinel,round_win = game_pnl > 0 (decisive only),COMPATIBILITY_ONLY_NOT_PRODUCTION,50283.0000,46083.0000,6579.2500,105,105,-0.13084442,,-0.13084442,-0.13084442,-6579.2500,50283.0000,OK,0.0000,197.3775,3.0000,97.0000,AG03-UNRESOLVED,ALL5_LEVELS_bet23_to_bet27,197.3775,197.3775,197.3775,197.3775,197.3775,3.000000,3.000000,3.000000,3.000000,3.000000,97.000000,97.000000,97.000000,97.000000,97.000000,5.0,986.8875,929.4242,5592.3625,5649.8258,PENDING_AG03,FALSE,NOT_FOR_ENFORCEMENT,6381.8725,44700.5100,6579.2500,6381.8725,197.3775,0.13084442,0.12691909,197.3775,6381.8725,0.12691909,197.3775,197.3775,197.3775,197.3775,197.3775,6381.8725,0.12691909,986.8875,929.4242,5592.3625,5649.8258,0.11121776,0.11236056,0.00392533,478.8857,438.8857,62.6595,6579.2500,253.0481,50283.0000,105.0000,,478.8857,300.0,400.0,500.0,800.0,1110.0,1535.0015,400.0,0.0,2.775,3.837504,1.197214,25,23,2,2,0E-8,0.13084442,,0E-8,0.000000,0.916473,0.000000,,2026-04-02,2026-04-02,1,26,25,1,1.000000,,,0.000000,,,,,,,,GLOBAL_BASELINE_NO_ENTITY_RANKING,,,NOT_APPLICABLE_GLOBAL_BASELINE,HF9g-P5,,,,X 全窗基线 · 不参与实体赏罚,14193974,1420,A168_HF9F_20260827_0900,2026-08-27 09:00:00
2026-04-02,147109059,2223,0,1000.0000000000,-25.0000000000,-25.0000000000,0.5000000,2,2,0.49994810000000000,0.499948100000,0.00014679536856514622,0.00014679536856514622,0.00014679536856514622,0E-17,ELIGIBLE,R03b_20260811_FULL_v1,L1_ELIGIBILITY,v2026-08-11,2026-03-21..2026-08-06,baccarat_bet02_101_all_pairs_incl_sentinel,round_win = game_pnl > 0 (decisive only),COMPATIBILITY_ONLY_NOT_PRODUCTION,50283.0000,46083.0000,6579.2500,105,105,-0.13084442,,-0.13084442,-0.13084442,-6579.2500,50283.0000,OK,0.0000,197.3775,3.0000,97.0000,AG03-UNRESOLVED,ALL5_LEVELS_bet23_to_bet27,197.3775,197.3775,197.3775,197.3775,197.3775,3.000000,3.000000,3.000000,3.000000,3.000000,97.000000,97.000000,97.000000,97.000000,97.000000,5.0,986.8875,929.4242,5592.3625,5649.8258,PENDING_AG03,FALSE,NOT_FOR_ENFORCEMENT,6381.8725,44700.5100,6579.2500,6381.8725,197.3775,0.13084442,0.12691909,197.3775,6381.8725,0.12691909,197.3775,197.3775,197.3775,197.3775,197.3775,6381.8725,0.12691909,986.8875,929.4242,5592.3625,5649.8258,0.11121776,0.11236056,0.00392533,478.8857,438.8857,62.6595,6579.2500,253.0481,50283.0000,105.0000,,478.8857,300.0,400.0,500.0,800.0,1110.0,1535.0015,400.0,0.0,2.775,3.837504,1.197214,25,23,2,2,0E-8,0.13084442,,0E-8,0.000000,0.916473,0.000000,,2026-04-02,2026-04-02,1,26,25,1,1.000000,,,0.000000,,,,,,,,GLOBAL_BASELINE_NO_ENTITY_RANKING,,,NOT_APPLICABLE_GLOBAL_BASELINE,HF9g-P5,,,,X 全窗基线 · 不参与实体赏罚,14193975,1420,A168_HF9F_20260827_0900,2026-08-27 09:00:00
2026-04-02,147109059,2233,0,10300.0000000000,-225.0000000000,-225.0000000000,0.5000000,19,19,0.49677318421052632,0.496773184211,0.027381010123238705,0.02738101011921915,0.027381010123238705,-4.7368E-13,ELIGIBLE,R03b_20260811_FULL_v1,L1_ELIGIBILITY,v2026-08-11,2026-03-21..2026-08-06,baccarat_bet02_101_all_pairs_incl_sentinel,round_win = game_pnl > 0 (decisive only),COMPATIBILITY_ONLY_NOT_PRODUCTION,50283.0000,46083.0000,6579.2500,105,105,-0.13084442,,-0.13084442,-0.13084442,-6579.2500,50283.0000,OK,0.0000,197.3775,3.0000,97.0000,AG03-UNRESOLVED,ALL5_LEVELS_bet23_to_bet27,197.3775,197.3775,197.3775,197.3775,197.3775,3.000000,3.000000,3.000000,3.000000,3.000000,97.000000,97.000000,97.000000,97.000000,97.000000,5.0,986.8875,929.4242,5592.3625,5649.8258,PENDING_AG03,FALSE,NOT_FOR_ENFORCEMENT,6381.8725,44700.5100,6579.2500,6381.8725,197.3775,0.13084442,0.12691909,197.3775,6381.8725,0.12691909,197.3775,197.3775,197.3775,197.3775,197.3775,6381.8725,0.12691909,986.8875,929.4242,5592.3625,5649.8258,0.11121776,0.11236056,0.00392533,478.8857,438.8857,62.6595,6579.2500,253.0481,50283.0000,105.0000,,478.8857,300.0,400.0,500.0,800.0,1110.0,1535.0015,400.0,0.0,2.775,3.837504,1.197214,25,23,2,2,0E-8,0.13084442,,0E-8,0.000000,0.916473,0.000000,,2026-04-02,2026-04-02,1,26,25,1,1.000000,,,0.000000,,,,,,,,GLOBAL_BASELINE_NO_ENTITY_RANKING,,,NOT_APPLICABLE_GLOBAL_BASELINE,HF9g-P5,,,,X 全窗基线 · 不参与实体赏罚,14193976,1420,A168_HF9F_20260827_0900,2026-08-27 09:00:00
2026-04-02,147109059,2250,0,1800.0000000000,870.0000000000,870.0000000000,0.7500000,5,5,0.50396966000000000,0.503969660000,0.9841523774297893,0.9841523774297894,0.9841523774297893,0E-17,ELIGIBLE,R03b_20260811_FULL_v1,L1_ELIGIBILITY,v2026-08-11,2026-03-21..2026-08-06,baccarat_bet02_101_all_pairs_incl_sentinel,round_win = game_pnl > 0 (decisive only),COMPATIBILITY_ONLY_NOT_PRODUCTION,50283.0000,46083.0000,6579.2500,105,105,-0.13084442,,-0.13084442,-0.13084442,-6579.2500,50283.0000,OK,0.0000,197.3775,3.0000,97.0000,AG03-UNRESOLVED,ALL5_LEVELS_bet23_to_bet27,197.3775,197.3775,197.3775,197.3775,197.3775,3.000000,3.000000,3.000000,3.000000,3.000000,97.000000,97.000000,97.000000,97.000000,97.000000,5.0,986.8875,929.4242,5592.3625,5649.8258,PENDING_AG03,FALSE,NOT_FOR_ENFORCEMENT,6381.8725,44700.5100,6579.2500,6381.8725,197.3775,0.13084442,0.12691909,197.3775,6381.8725,0.12691909,197.3775,197.3775,197.3775,197.3775,197.3775,6381.8725,0.12691909,986.8875,929.4242,5592.3625,5649.8258,0.11121776,0.11236056,0.00392533,478.8857,438.8857,62.6595,6579.2500,253.0481,50283.0000,105.0000,,478.8857,300.0,400.0,500.0,800.0,1110.0,1535.0015,400.0,0.0,2.775,3.837504,1.197214,25,23,2,2,0E-8,0.13084442,,0E-8,0.000000,0.916473,0.000000,,2026-04-02,2026-04-02,1,26,25,1,1.000000,,,0.000000,,,,,,,,GLOBAL_BASELINE_NO_ENTITY_RANKING,,,NOT_APPLICABLE_GLOBAL_BASELINE,HF9g-P5,,,,X 全窗基线 · 不参与实体赏罚,14193977,1420,A168_HF9F_20260827_0900,2026-08-27 09:00:00
2026-04-02,147109059,2266,0,3400.0000000000,1600.0000000000,1600.0000000000,0.7272727,11,11,0.49324550000000000,0.493245500000,1.5525026741434669,1.5525026741434669,1.5525026741434669,0E-17,ELIGIBLE,R03b_20260811_FULL_v1,L1_ELIGIBILITY,v2026-08-11,2026-03-21..2026-08-06,baccarat_bet02_101_all_pairs_incl_sentinel,round_win = game_pnl > 0 (decisive only),COMPATIBILITY_ONLY_NOT_PRODUCTION,50283.0000,46083.0000,6579.2500,105,105,-0.13084442,,-0.13084442,-0.13084442,-6579.2500,50283.0000,OK,0.0000,197.3775,3.0000,97.0000,AG03-UNRESOLVED,ALL5_LEVELS_bet23_to_bet27,197.3775,197.3775,197.3775,197.3775,197.3775,3.000000,3.000000,3.000000,3.000000,3.000000,97.000000,97.000000,97.000000,97.000000,97.000000,5.0,986.8875,929.4242,5592.3625,5649.8258,PENDING_AG03,FALSE,NOT_FOR_ENFORCEMENT,6381.8725,44700.5100,6579.2500,6381.8725,197.3775,0.13084442,0.12691909,197.3775,6381.8725,0.12691909,197.3775,197.3775,197.3775,197.3775,197.3775,6381.8725,0.12691909,986.8875,929.4242,5592.3625,5649.8258,0.11121776,0.11236056,0.00392533,478.8857,438.8857,62.6595,6579.2500,253.0481,50283.0000,105.0000,,478.8857,300.0,400.0,500.0,800.0,1110.0,1535.0015,400.0,0.0,2.775,3.837504,1.197214,25,23,2,2,0E-8,0.13084442,,0E-8,0.000000,0.916473,0.000000,,2026-04-02,2026-04-02,1,26,25,1,1.000000,,,0.000000,,,,,,,,GLOBAL_BASELINE_NO_ENTITY_RANKING,,,NOT_APPLICABLE_GLOBAL_BASELINE,HF9g-P5,,,,X 全窗基线 · 不参与实体赏罚,14193978,1420,A168_HF9F_20260827_0900,2026-08-27 09:00:00
2026-04-02,147109059,471,0,3100.0000000000,1410.0000000000,1410.0000000000,0.6250000,8,8,0.50162375000000000,0.501623750000,0.6979251443573454,0.6979251443573454,0.6979251443573454,0E-17,ELIGIBLE,R03b_20260811_FULL_v1,L1_ELIGIBILITY,v2026-08-11,2026-03-21..2026-08-06,baccarat_bet02_101_all_pairs_incl_sentinel,round_win = game_pnl > 0 (decisive only),COMPATIBILITY_ONLY_NOT_PRODUCTION,50283.0000,46083.0000,6579.2500,105,105,-0.13084442,,-0.13084442,-0.13084442,-6579.2500,50283.0000,OK,0.0000,197.3775,3.0000,97.0000,AG03-UNRESOLVED,ALL5_LEVELS_bet23_to_bet27,197.3775,197.3775,197.3775,197.3775,197.3775,3.000000,3.000000,3.000000,3.000000,3.000000,97.000000,97.000000,97.000000,97.000000,97.000000,5.0,986.8875,929.4242,5592.3625,5649.8258,PENDING_AG03,FALSE,NOT_FOR_ENFORCEMENT,6381.8725,44700.5100,6579.2500,6381.8725,197.3775,0.13084442,0.12691909,197.3775,6381.8725,0.12691909,197.3775,197.3775,197.3775,197.3775,197.3775,6381.8725,0.12691909,986.8875,929.4242,5592.3625,5649.8258,0.11121776,0.11236056,0.00392533,478.8857,438.8857,62.6595,6579.2500,253.0481,50283.0000,105.0000,,478.8857,300.0,400.0,500.0,800.0,1110.0,1535.0015,400.0,0.0,2.775,3.837504,1.197214,25,23,2,2,0E-8,0.13084442,,0E-8,0.000000,0.916473,0.000000,,2026-04-02,2026-04-02,1,26,25,1,1.000000,,,0.000000,,,,,,,,GLOBAL_BASELINE_NO_ENTITY_RANKING,,,NOT_APPLICABLE_GLOBAL_BASELINE,HF9g-P5,,,,X 全窗基线 · 不参与实体赏罚,14193979,1420,A168_HF9F_20260827_0900,2026-08-27 09:00:00
2026-04-02,147109059,550,0,1000.0000000000,-600.0000000000,-600.0000000000,0E-7,2,2,0.49324550000000000,0.493245500000,-0.9865810262130424,-0.9865810262130424,-0.9865810262130424,0E-17,ELIGIBLE,R03b_20260811_FULL_v1,L1_ELIGIBILITY,v2026-08-11,2026-03-21..2026-08-06,baccarat_bet02_101_all_pairs_incl_sentinel,round_win = game_pnl > 0 (decisive only),COMPATIBILITY_ONLY_NOT_PRODUCTION,50283.0000,46083.0000,6579.2500,105,105,-0.13084442,,-0.13084442,-0.13084442,-6579.2500,50283.0000,OK,0.0000,197.3775,3.0000,97.0000,AG03-UNRESOLVED,ALL5_LEVELS_bet23_to_bet27,197.3775,197.3775,197.3775,197.3775,197.3775,3.000000,3.000000,3.000000,3.000000,3.000000,97.000000,97.000000,97.000000,97.000000,97.000000,5.0,986.8875,929.4242,5592.3625,5649.8258,PENDING_AG03,FALSE,NOT_FOR_ENFORCEMENT,6381.8725,44700.5100,6579.2500,6381.8725,197.3775,0.13084442,0.12691909,197.3775,6381.8725,0.12691909,197.3775,197.3775,197.3775,197.3775,197.3775,6381.8725,0.12691909,986.8875,929.4242,5592.3625,5649.8258,0.11121776,0.11236056,0.00392533,478.8857,438.8857,62.6595,6579.2500,253.0481,50283.0000,105.0000,,478.8857,300.0,400.0,500.0,800.0,1110.0,1535.0015,400.0,0.0,2.775,3.837504,1.197214,25,23,2,2,0E-8,0.13084442,,0E-8,0.000000,0.916473,0.000000,,2026-04-02,2026-04-02,1,26,25,1,1.000000,,,0.000000,,,,,,,,GLOBAL_BASELINE_NO_ENTITY_RANKING,,,NOT_APPLICABLE_GLOBAL_BASELINE,HF9g-P5,,,,X 全窗基线 · 不参与实体赏罚,14193980,1420,A168_HF9F_20260827_0900,2026-08-27 09:00:00
2026-04-02,147109059,626,0,400.0000000000,0E-10,0E-10,,1,1,0.49324550000000000,0.493245500000,,,,0E-17,NO_DECISIVE_ROUND,R03b_20260811_FULL_v1,L1_ELIGIBILITY,v2026-08-11,2026-03-21..2026-08-06,baccarat_bet02_101_all_pairs_incl_sentinel,round_win = game_pnl > 0 (decisive only),COMPATIBILITY_ONLY_NOT_PRODUCTION,50283.0000,46083.0000,6579.2500,105,105,-0.13084442,,-0.13084442,-0.13084442,-6579.2500,50283.0000,OK,0.0000,197.3775,3.0000,97.0000,AG03-UNRESOLVED,ALL5_LEVELS_bet23_to_bet27,197.3775,197.3775,197.3775,197.3775,197.3775,3.000000,3.000000,3.000000,3.000000,3.000000,97.000000,97.000000,97.000000,97.000000,97.000000,5.0,986.8875,929.4242,5592.3625,5649.8258,PENDING_AG03,FALSE,NOT_FOR_ENFORCEMENT,6381.8725,44700.5100,6579.2500,6381.8725,197.3775,0.13084442,0.12691909,197.3775,6381.8725,0.12691909,197.3775,197.3775,197.3775,197.3775,197.3775,6381.8725,0.12691909,986.8875,929.4242,5592.3625,5649.8258,0.11121776,0.11236056,0.00392533,478.8857,438.8857,62.6595,6579.2500,253.0481,50283.0000,105.0000,,478.8857,300.0,400.0,500.0,800.0,1110.0,1535.0015,400.0,0.0,2.775,3.837504,1.197214,25,23,2,2,0E-8,0.13084442,,0E-8,0.000000,0.916473,0.000000,,2026-04-02,2026-04-02,1,26,25,1,1.000000,,,0.000000,,,,,,,,GLOBAL_BASELINE_NO_ENTITY_RANKING,,,NOT_APPLICABLE_GLOBAL_BASELINE,HF9g-P5,,,,X 全窗基线 · 不参与实体赏罚,14193981,1420,A168_HF9F_20260827_0900,2026-08-27 09:00:00
2026-04-02,147109059,948,0,300.0000000000,300.0000000000,300.0000000000,1.0000000,1,1,0.49324550000000000,0.493245500000,1.01360149184955,1.01360149184955,1.01360149184955,0E-17,ELIGIBLE,R03b_20260811_FULL_v1,L1_ELIGIBILITY,v2026-08-11,2026-03-21..2026-08-06,baccarat_bet02_101_all_pairs_incl_sentinel,round_win = game_pnl > 0 (decisive only),COMPATIBILITY_ONLY_NOT_PRODUCTION,50283.0000,46083.0000,6579.2500,105,105,-0.13084442,,-0.13084442,-0.13084442,-6579.2500,50283.0000,OK,0.0000,197.3775,3.0000,97.0000,AG03-UNRESOLVED,ALL5_LEVELS_bet23_to_bet27,197.3775,197.3775,197.3775,197.3775,197.3775,3.000000,3.000000,3.000000,3.000000,3.000000,97.000000,97.000000,97.000000,97.000000,97.000000,5.0,986.8875,929.4242,5592.3625,5649.8258,PENDING_AG03,FALSE,NOT_FOR_ENFORCEMENT,6381.8725,44700.5100,6579.2500,6381.8725,197.3775,0.13084442,0.12691909,197.3775,6381.8725,0.12691909,197.3775,197.3775,197.3775,197.3775,197.3775,6381.8725,0.12691909,986.8875,929.4242,5592.3625,5649.8258,0.11121776,0.11236056,0.00392533,478.8857,438.8857,62.6595,6579.2500,253.0481,50283.0000,105.0000,,478.8857,300.0,400.0,500.0,800.0,1110.0,1535.0015,400.0,0.0,2.775,3.837504,1.197214,25,23,2,2,0E-8,0.13084442,,0E-8,0.000000,0.916473,0.000000,,2026-04-02,2026-04-02,1,26,25,1,1.000000,,,0.000000,,,,,,,,GLOBAL_BASELINE_NO_ENTITY_RANKING,,,NOT_APPLICABLE_GLOBAL_BASELINE,HF9g-P5,,,,X 全窗基线 · 不参与实体赏罚,14193982,1420,A168_HF9F_20260827_0900,2026-08-27 09:00:00
2026-04-02,147109059,987,0,300.0000000000,-300.0000000000,-300.0000000000,0E-7,1,1,0.49324550000000000,0.493245500000,-0.9865810262130424,-0.9865810262130424,-0.9865810262130424,0E-17,ELIGIBLE,R03b_20260811_FULL_v1,L1_ELIGIBILITY,v2026-08-11,2026-03-21..2026-08-06,baccarat_bet02_101_all_pairs_incl_sentinel,round_win = game_pnl > 0 (decisive only),COMPATIBILITY_ONLY_NOT_PRODUCTION,50283.0000,46083.0000,6579.2500,105,105,-0.13084442,,-0.13084442,-0.13084442,-6579.2500,50283.0000,OK,0.0000,197.3775,3.0000,97.0000,AG03-UNRESOLVED,ALL5_LEVELS_bet23_to_bet27,197.3775,197.3775,197.3775,197.3775,197.3775,3.000000,3.000000,3.000000,3.000000,3.000000,97.000000,97.000000,97.000000,97.000000,97.000000,5.0,986.8875,929.4242,5592.3625,5649.8258,PENDING_AG03,FALSE,NOT_FOR_ENFORCEMENT,6381.8725,44700.5100,6579.2500,6381.8725,197.3775,0.13084442,0.12691909,197.3775,6381.8725,0.12691909,197.3775,197.3775,197.3775,197.3775,197.3775,6381.8725,0.12691909,986.8875,929.4242,5592.3625,5649.8258,0.11121776,0.11236056,0.00392533,478.8857,438.8857,62.6595,6579.2500,253.0481,50283.0000,105.0000,,478.8857,300.0,400.0,500.0,800.0,1110.0,1535.0015,400.0,0.0,2.775,3.837504,1.197214,25,23,2,2,0E-8,0.13084442,,0E-8,0.000000,0.916473,0.000000,,2026-04-02,2026-04-02,1,26,25,1,1.000000,,,0.000000,,,,,,,,GLOBAL_BASELINE_NO_ENTITY_RANKING,,,NOT_APPLICABLE_GLOBAL_BASELINE,HF9g-P5,,,,X 全窗基线 · 不参与实体赏罚,14193983,1420,A168_HF9F_20260827_0900,2026-08-27 09:00:00
2026-06-16,87903735,1318,0,24822.7675528298,-3210.6339468304,-3210.6339468304,0.4000000,63,63,0.49899058571428571,0.498990585714,-1.5335586847528129,-1.5335586847483882,-1.5335586847528129,2.8571E-13,ELIGIBLE,R03b_20260811_FULL_v1,L1_ELIGIBILITY,v2026-08-11,2026-03-21..2026-08-06,baccarat_bet02_101_all_pairs_incl_sentinel,round_win = game_pnl > 0 (decisive only),COMPATIBILITY_ONLY_NOT_PRODUCTION,321133.2652,280969.6660,6647.9209,647,647,-0.02070144,,-0.02070144,-0.02070144,-6647.9209,321133.2652,OK,0.0000,265.9168,4.0000,96.0000,AG03-UNRESOLVED,ALL5_LEVELS_bet23_to_bet27,265.9168,265.9168,332.3960,0.0000,0.0000,4.000000,4.000000,5.000000,0.000000,0.000000,96.000000,96.000000,95.000000,100.000000,100.000000,5.0,864.2297,827.5332,5783.6912,5820.3877,PENDING_AG03,FALSE,NOT_FOR_ENFORCEMENT,6382.0041,269730.8793,6647.9209,6382.0041,265.9168,0.02070144,0.01987338,265.9168,6382.0041,0.01987338,265.9168,265.9168,332.3960,0.0000,0.0000,6382.0041,0.01987338,864.2297,827.5332,5783.6912,5820.3877,0.01801025,0.01812452,0.00082806,496.3420,434.2653,10.2750,1661.9802,141.4451,80283.3163,161.7500,,496.3420,511.2474,511.2474,511.2474,511.2474,681.6633,767.9969,511.2474,0.0,1.333333,1.502202,0.970845,6,27,11,2,0E-8,0.02070144,,0E-8,0.000000,0.874932,1.000000,,2026-06-16,2026-06-23,4,47,16,8,0.500000,,,0.000000,,,,,,,,GLOBAL_BASELINE_NO_ENTITY_RANKING,,,NOT_APPLICABLE_GLOBAL_BASELINE,HF9g-P5,,,,X 全窗基线 · 不参与实体赏罚,14193984,1420,A168_HF9F_20260827_0900,2026-08-27 09:00:00
2026-06-16,87903735,1331,0,7157.4642126792,1278.1186094070,1278.1186094070,0.6153846,14,14,0.50186312857142857,0.501863128571,0.8186207664349535,0.8186207664380415,0.8186207664349535,4.2857E-13,ELIGIBLE,R03b_20260811_FULL_v1,L1_ELIGIBILITY,v2026-08-11,2026-03-21..2026-08-06,baccarat_bet02_101_all_pairs_incl_sentinel,round_win = game_pnl > 0 (decisive only),COMPATIBILITY_ONLY_NOT_PRODUCTION,321133.2652,280969.6660,6647.9209,647,647,-0.02070144,,-0.02070144,-0.02070144,-6647.9209,321133.2652,OK,0.0000,265.9168,4.0000,96.0000,AG03-UNRESOLVED,ALL5_LEVELS_bet23_to_bet27,265.9168,265.9168,332.3960,0.0000,0.0000,4.000000,4.000000,5.000000,0.000000,0.000000,96.000000,96.000000,95.000000,100.000000,100.000000,5.0,864.2297,827.5332,5783.6912,5820.3877,PENDING_AG03,FALSE,NOT_FOR_ENFORCEMENT,6382.0041,269730.8793,6647.9209,6382.0041,265.9168,0.02070144,0.01987338,265.9168,6382.0041,0.01987338,265.9168,265.9168,332.3960,0.0000,0.0000,6382.0041,0.01987338,864.2297,827.5332,5783.6912,5820.3877,0.01801025,0.01812452,0.00082806,496.3420,434.2653,10.2750,1661.9802,141.4451,80283.3163,161.7500,,496.3420,511.2474,511.2474,511.2474,511.2474,681.6633,767.9969,511.2474,0.0,1.333333,1.502202,0.970845,6,27,11,2,0E-8,0.02070144,,0E-8,0.000000,0.874932,1.000000,,2026-06-16,2026-06-23,4,47,16,8,0.500000,,,0.000000,,,,,,,,GLOBAL_BASELINE_NO_ENTITY_RANKING,,,NOT_APPLICABLE_GLOBAL_BASELINE,HF9g-P5,,,,X 全窗基线 · 不参与实体赏罚,14193985,1420,A168_HF9F_20260827_0900,2026-08-27 09:00:00
2026-06-16,87903735,1396,0,12951.6019086576,-340.8316291752,-340.8316291752,0.4761905,25,25,0.50075241200000000,0.500752412000,-0.22511411500864734,-0.22511411500864734,-0.22511411500864734,0E-17,ELIGIBLE,R03b_20260811_FULL_v1,L1_ELIGIBILITY,v2026-08-11,2026-03-21..2026-08-06,baccarat_bet02_101_all_pairs_incl_sentinel,round_win = game_pnl > 0 (decisive only),COMPATIBILITY_ONLY_NOT_PRODUCTION,321133.2652,280969.6660,6647.9209,647,647,-0.02070144,,-0.02070144,-0.02070144,-6647.9209,321133.2652,OK,0.0000,265.9168,4.0000,96.0000,AG03-UNRESOLVED,ALL5_LEVELS_bet23_to_bet27,265.9168,265.9168,332.3960,0.0000,0.0000,4.000000,4.000000,5.000000,0.000000,0.000000,96.000000,96.000000,95.000000,100.000000,100.000000,5.0,864.2297,827.5332,5783.6912,5820.3877,PENDING_AG03,FALSE,NOT_FOR_ENFORCEMENT,6382.0041,269730.8793,6647.9209,6382.0041,265.9168,0.02070144,0.01987338,265.9168,6382.0041,0.01987338,265.9168,265.9168,332.3960,0.0000,0.0000,6382.0041,0.01987338,864.2297,827.5332,5783.6912,5820.3877,0.01801025,0.01812452,0.00082806,496.3420,434.2653,10.2750,1661.9802,141.4451,80283.3163,161.7500,,496.3420,511.2474,511.2474,511.2474,511.2474,681.6633,767.9969,511.2474,0.0,1.333333,1.502202,0.970845,6,27,11,2,0E-8,0.02070144,,0E-8,0.000000,0.874932,1.000000,,2026-06-16,2026-06-23,4,47,16,8,0.500000,,,0.000000,,,,,,,,GLOBAL_BASELINE_NO_ENTITY_RANKING,,,NOT_APPLICABLE_GLOBAL_BASELINE,HF9g-P5,,,,X 全窗基线 · 不参与实体赏罚,14193986,1420,A168_HF9F_20260827_0900,2026-08-27 09:00:00
2026-06-16,87903735,1400,0,15848.6707566468,-2044.9897750512,-2044.9897750512,0.4444444,31,31,0.50232644193548387,0.502326441935,-0.6015338744257401,-0.6015338744207089,-0.6015338744257401,4.8387E-13,ELIGIBLE,R03b_20260811_FULL_v1,L1_ELIGIBILITY,v2026-08-11,2026-03-21..2026-08-06,baccarat_bet02_101_all_pairs_incl_sentinel,round_win = game_pnl > 0 (decisive only),COMPATIBILITY_ONLY_NOT_PRODUCTION,321133.2652,280969.6660,6647.9209,647,647,-0.02070144,,-0.02070144,-0.02070144,-6647.9209,321133.2652,OK,0.0000,265.9168,4.0000,96.0000,AG03-UNRESOLVED,ALL5_LEVELS_bet23_to_bet27,265.9168,265.9168,332.3960,0.0000,0.0000,4.000000,4.000000,5.000000,0.000000,0.000000,96.000000,96.000000,95.000000,100.000000,100.000000,5.0,864.2297,827.5332,5783.6912,5820.3877,PENDING_AG03,FALSE,NOT_FOR_ENFORCEMENT,6382.0041,269730.8793,6647.9209,6382.0041,265.9168,0.02070144,0.01987338,265.9168,6382.0041,0.01987338,265.9168,265.9168,332.3960,0.0000,0.0000,6382.0041,0.01987338,864.2297,827.5332,5783.6912,5820.3877,0.01801025,0.01812452,0.00082806,496.3420,434.2653,10.2750,1661.9802,141.4451,80283.3163,161.7500,,496.3420,511.2474,511.2474,511.2474,511.2474,681.6633,767.9969,511.2474,0.0,1.333333,1.502202,0.970845,6,27,11,2,0E-8,0.02070144,,0E-8,0.000000,0.874932,1.000000,,2026-06-16,2026-06-23,4,47,16,8,0.500000,,,0.000000,,,,,,,,GLOBAL_BASELINE_NO_ENTITY_RANKING,,,NOT_APPLICABLE_GLOBAL_BASELINE,HF9g-P5,,,,X 全窗基线 · 不参与实体赏罚,14193987,1420,A168_HF9F_20260827_0900,2026-08-27 09:00:00
2026-06-16,87903735,1994,0,15167.0074982964,170.4158145876,170.4158145876,0.5384615,29,29,0.50110372068965517,0.501103720690,0.3809774118221623,0.3809774118186463,0.3809774118221623,-3.4483E-13,ELIGIBLE,R03b_20260811_FULL_v1,L1_ELIGIBILITY,v2026-08-11,2026-03-21..2026-08-06,baccarat_bet02_101_all_pairs_incl_sentinel,round_win = game_pnl > 0 (decisive only),COMPATIBILITY_ONLY_NOT_PRODUCTION,321133.2652,280969.6660,6647.9209,647,647,-0.02070144,,-0.02070144,-0.02070144,-6647.9209,321133.2652,OK,0.0000,265.9168,4.0000,96.0000,AG03-UNRESOLVED,ALL5_LEVELS_bet23_to_bet27,265.9168,265.9168,332.3960,0.0000,0.0000,4.000000,4.000000,5.000000,0.000000,0.000000,96.000000,96.000000,95.000000,100.000000,100.000000,5.0,864.2297,827.5332,5783.6912,5820.3877,PENDING_AG03,FALSE,NOT_FOR_ENFORCEMENT,6382.0041,269730.8793,6647.9209,6382.0041,265.9168,0.02070144,0.01987338,265.9168,6382.0041,0.01987338,265.9168,265.9168,332.3960,0.0000,0.0000,6382.0041,0.01987338,864.2297,827.5332,5783.6912,5820.3877,0.01801025,0.01812452,0.00082806,496.3420,434.2653,10.2750,1661.9802,141.4451,80283.3163,161.7500,,496.3420,511.2474,511.2474,511.2474,511.2474,681.6633,767.9969,511.2474,0.0,1.333333,1.502202,0.970845,6,27,11,2,0E-8,0.02070144,,0E-8,0.000000,0.874932,1.000000,,2026-06-16,2026-06-23,4,47,16,8,0.500000,,,0.000000,,,,,,,,GLOBAL_BASELINE_NO_ENTITY_RANKING,,,NOT_APPLICABLE_GLOBAL_BASELINE,HF9g-P5,,,,X 全窗基线 · 不参与实体赏罚,14193988,1420,A168_HF9F_20260827_0900,2026-08-27 09:00:00
2026-06-16,87903735,2101,0,30674.8466257680,3067.4846625768,3067.4846625768,0.5555556,60,60,0.49994810000000000,0.499948100000,0.8172593564363846,0.8172593564363847,0.8172593564363846,0E-17,ELIGIBLE,R03b_20260811_FULL_v1,L1_ELIGIBILITY,v2026-08-11,2026-03-21..2026-08-06,baccarat_bet02_101_all_pairs_incl_sentinel,round_win = game_pnl > 0 (decisive only),COMPATIBILITY_ONLY_NOT_PRODUCTION,321133.2652,280969.6660,6647.9209,647,647,-0.02070144,,-0.02070144,-0.02070144,-6647.9209,321133.2652,OK,0.0000,265.9168,4.0000,96.0000,AG03-UNRESOLVED,ALL5_LEVELS_bet23_to_bet27,265.9168,265.9168,332.3960,0.0000,0.0000,4.000000,4.000000,5.000000,0.000000,0.000000,96.000000,96.000000,95.000000,100.000000,100.000000,5.0,864.2297,827.5332,5783.6912,5820.3877,PENDING_AG03,FALSE,NOT_FOR_ENFORCEMENT,6382.0041,269730.8793,6647.9209,6382.0041,265.9168,0.02070144,0.01987338,265.9168,6382.0041,0.01987338,265.9168,265.9168,332.3960,0.0000,0.0000,6382.0041,0.01987338,864.2297,827.5332,5783.6912,5820.3877,0.01801025,0.01812452,0.00082806,496.3420,434.2653,10.2750,1661.9802,141.4451,80283.3163,161.7500,,496.3420,511.2474,511.2474,511.2474,511.2474,681.6633,767.9969,511.2474,0.0,1.333333,1.502202,0.970845,6,27,11,2,0E-8,0.02070144,,0E-8,0.000000,0.874932,1.000000,,2026-06-16,2026-06-23,4,47,16,8,0.500000,,,0.000000,,,,,,,,GLOBAL_BASELINE_NO_ENTITY_RANKING,,,NOT_APPLICABLE_GLOBAL_BASELINE,HF9g-P5,,,,X 全窗基线 · 不参与实体赏罚,14193989,1420,A168_HF9F_20260827_0900,2026-08-27 09:00:00
2026-06-16,87903735,2123,0,4686.4349011590,1192.9107021132,1192.9107021132,0.5555556,13,13,0.49943251538461538,0.499432515385,0.33673845791140106,0.3367384579090931,0.33673845791140106,-3.8462E-13,ELIGIBLE,R03b_20260811_FULL_v1,L1_ELIGIBILITY,v2026-08-11,2026-03-21..2026-08-06,baccarat_bet02_101_all_pairs_incl_sentinel,round_win = game_pnl > 0 (decisive only),COMPATIBILITY_ONLY_NOT_PRODUCTION,321133.2652,280969.6660,6647.9209,647,647,-0.02070144,,-0.02070144,-0.02070144,-6647.9209,321133.2652,OK,0.0000,265.9168,4.0000,96.0000,AG03-UNRESOLVED,ALL5_LEVELS_bet23_to_bet27,265.9168,265.9168,332.3960,0.0000,0.0000,4.000000,4.000000,5.000000,0.000000,0.000000,96.000000,96.000000,95.000000,100.000000,100.000000,5.0,864.2297,827.5332,5783.6912,5820.3877,PENDING_AG03,FALSE,NOT_FOR_ENFORCEMENT,6382.0041,269730.8793,6647.9209,6382.0041,265.9168,0.02070144,0.01987338,265.9168,6382.0041,0.01987338,265.9168,265.9168,332.3960,0.0000,0.0000,6382.0041,0.01987338,864.2297,827.5332,5783.6912,5820.3877,0.01801025,0.01812452,0.00082806,496.3420,434.2653,10.2750,1661.9802,141.4451,80283.3163,161.7500,,496.3420,511.2474,511.2474,511.2474,511.2474,681.6633,767.9969,511.2474,0.0,1.333333,1.502202,0.970845,6,27,11,2,0E-8,0.02070144,,0E-8,0.000000,0.874932,1.000000,,2026-06-16,2026-06-23,4,47,16,8,0.500000,,,0.000000,,,,,,,,GLOBAL_BASELINE_NO_ENTITY_RANKING,,,NOT_APPLICABLE_GLOBAL_BASELINE,HF9g-P5,,,,X 全窗基线 · 不参与实体赏罚,14193990,1420,A168_HF9F_20260827_0900,2026-08-27 09:00:00
2026-06-16,87903735,2145,0,8605.9986366738,-1789.3660531698,-1789.3660531698,0.4782609,24,24,0.50106520000000000,0.501065200000,-0.21873194990377226,-0.21873194990377226,-0.21873194990377226,0E-17,ELIGIBLE,R03b_20260811_FULL_v1,L1_ELIGIBILITY,v2026-08-11,2026-03-21..2026-08-06,baccarat_bet02_101_all_pairs_incl_sentinel,round_win = game_pnl > 0 (decisive only),COMPATIBILITY_ONLY_NOT_PRODUCTION,321133.2652,280969.6660,6647.9209,647,647,-0.02070144,,-0.02070144,-0.02070144,-6647.9209,321133.2652,OK,0.0000,265.9168,4.0000,96.0000,AG03-UNRESOLVED,ALL5_LEVELS_bet23_to_bet27,265.9168,265.9168,332.3960,0.0000,0.0000,4.000000,4.000000,5.000000,0.000000,0.000000,96.000000,96.000000,95.000000,100.000000,100.000000,5.0,864.2297,827.5332,5783.6912,5820.3877,PENDING_AG03,FALSE,NOT_FOR_ENFORCEMENT,6382.0041,269730.8793,6647.9209,6382.0041,265.9168,0.02070144,0.01987338,265.9168,6382.0041,0.01987338,265.9168,265.9168,332.3960,0.0000,0.0000,6382.0041,0.01987338,864.2297,827.5332,5783.6912,5820.3877,0.01801025,0.01812452,0.00082806,496.3420,434.2653,10.2750,1661.9802,141.4451,80283.3163,161.7500,,496.3420,511.2474,511.2474,511.2474,511.2474,681.6633,767.9969,511.2474,0.0,1.333333,1.502202,0.970845,6,27,11,2,0E-8,0.02070144,,0E-8,0.000000,0.874932,1.000000,,2026-06-16,2026-06-23,4,47,16,8,0.500000,,,0.000000,,,,,,,,GLOBAL_BASELINE_NO_ENTITY_RANKING,,,NOT_APPLICABLE_GLOBAL_BASELINE,HF9g-P5,,,,X 全窗基线 · 不参与实体赏罚,14193991,1420,A168_HF9F_20260827_0900,2026-08-27 09:00:00
2026-06-16,87903735,2177,0,1533.7423312884,1533.7423312884,1533.7423312884,1.0000000,3,3,0.49771390000000000,0.497713900000,1.739988277604938,1.739988277604938,1.739988277604938,0E-17,ELIGIBLE,R03b_20260811_FULL_v1,L1_ELIGIBILITY,v2026-08-11,2026-03-21..2026-08-06,baccarat_bet02_101_all_pairs_incl_sentinel,round_win = game_pnl > 0 (decisive only),COMPATIBILITY_ONLY_NOT_PRODUCTION,321133.2652,280969.6660,6647.9209,647,647,-0.02070144,,-0.02070144,-0.02070144,-6647.9209,321133.2652,OK,0.0000,265.9168,4.0000,96.0000,AG03-UNRESOLVED,ALL5_LEVELS_bet23_to_bet27,265.9168,265.9168,332.3960,0.0000,0.0000,4.000000,4.000000,5.000000,0.000000,0.000000,96.000000,96.000000,95.000000,100.000000,100.000000,5.0,864.2297,827.5332,5783.6912,5820.3877,PENDING_AG03,FALSE,NOT_FOR_ENFORCEMENT,6382.0041,269730.8793,6647.9209,6382.0041,265.9168,0.02070144,0.01987338,265.9168,6382.0041,0.01987338,265.9168,265.9168,332.3960,0.0000,0.0000,6382.0041,0.01987338,864.2297,827.5332,5783.6912,5820.3877,0.01801025,0.01812452,0.00082806,496.3420,434.2653,10.2750,1661.9802,141.4451,80283.3163,161.7500,,496.3420,511.2474,511.2474,511.2474,511.2474,681.6633,767.9969,511.2474,0.0,1.333333,1.502202,0.970845,6,27,11,2,0E-8,0.02070144,,0E-8,0.000000,0.874932,1.000000,,2026-06-16,2026-06-23,4,47,16,8,0.500000,,,0.000000,,,,,,,,GLOBAL_BASELINE_NO_ENTITY_RANKING,,,NOT_APPLICABLE_GLOBAL_BASELINE,HF9g-P5,,,,X 全窗基线 · 不参与实体赏罚,14193992,1420,A168_HF9F_20260827_0900,2026-08-27 09:00:00
2026-06-16,87903735,2233,0,9202.4539877304,511.2474437628,511.2474437628,0.5294118,18,18,0.49845863333333333,0.498458633333,0.2552472730268208,0.2552472730295701,0.2552472730268208,3.3333E-13,ELIGIBLE,R03b_20260811_FULL_v1,L1_ELIGIBILITY,v2026-08-11,2026-03-21..2026-08-06,baccarat_bet02_101_all_pairs_incl_sentinel,round_win = game_pnl > 0 (decisive only),COMPATIBILITY_ONLY_NOT_PRODUCTION,321133.2652,280969.6660,6647.9209,647,647,-0.02070144,,-0.02070144,-0.02070144,-6647.9209,321133.2652,OK,0.0000,265.9168,4.0000,96.0000,AG03-UNRESOLVED,ALL5_LEVELS_bet23_to_bet27,265.9168,265.9168,332.3960,0.0000,0.0000,4.000000,4.000000,5.000000,0.000000,0.000000,96.000000,96.000000,95.000000,100.000000,100.000000,5.0,864.2297,827.5332,5783.6912,5820.3877,PENDING_AG03,FALSE,NOT_FOR_ENFORCEMENT,6382.0041,269730.8793,6647.9209,6382.0041,265.9168,0.02070144,0.01987338,265.9168,6382.0041,0.01987338,265.9168,265.9168,332.3960,0.0000,0.0000,6382.0041,0.01987338,864.2297,827.5332,5783.6912,5820.3877,0.01801025,0.01812452,0.00082806,496.3420,434.2653,10.2750,1661.9802,141.4451,80283.3163,161.7500,,496.3420,511.2474,511.2474,511.2474,511.2474,681.6633,767.9969,511.2474,0.0,1.333333,1.502202,0.970845,6,27,11,2,0E-8,0.02070144,,0E-8,0.000000,0.874932,1.000000,,2026-06-16,2026-06-23,4,47,16,8,0.500000,,,0.000000,,,,,,,,GLOBAL_BASELINE_NO_ENTITY_RANKING,,,NOT_APPLICABLE_GLOBAL_BASELINE,HF9g-P5,,,,X 全窗基线 · 不参与实体赏罚,14193993,1420,A168_HF9F_20260827_0900,2026-08-27 09:00:00
2026-06-16,87903735,2235,0,18404.9079754608,-1278.1186094070,-1278.1186094070,0.4687500,36,36,0.50032046666666667,0.500320466667,-0.3571791304073858,-0.3571791304111572,-0.3571791304073858,-3.3333E-13,ELIGIBLE,R03b_20260811_FULL_v1,L1_ELIGIBILITY,v2026-08-11,2026-03-21..2026-08-06,baccarat_bet02_101_all_pairs_incl_sentinel,round_win = game_pnl > 0 (decisive only),COMPATIBILITY_ONLY_NOT_PRODUCTION,321133.2652,280969.6660,6647.9209,647,647,-0.02070144,,-0.02070144,-0.02070144,-6647.9209,321133.2652,OK,0.0000,265.9168,4.0000,96.0000,AG03-UNRESOLVED,ALL5_LEVELS_bet23_to_bet27,265.9168,265.9168,332.3960,0.0000,0.0000,4.000000,4.000000,5.000000,0.000000,0.000000,96.000000,96.000000,95.000000,100.000000,100.000000,5.0,864.2297,827.5332,5783.6912,5820.3877,PENDING_AG03,FALSE,NOT_FOR_ENFORCEMENT,6382.0041,269730.8793,6647.9209,6382.0041,265.9168,0.02070144,0.01987338,265.9168,6382.0041,0.01987338,265.9168,265.9168,332.3960,0.0000,0.0000,6382.0041,0.01987338,864.2297,827.5332,5783.6912,5820.3877,0.01801025,0.01812452,0.00082806,496.3420,434.2653,10.2750,1661.9802,141.4451,80283.3163,161.7500,,496.3420,511.2474,511.2474,511.2474,511.2474,681.6633,767.9969,511.2474,0.0,1.333333,1.502202,0.970845,6,27,11,2,0E-8,0.02070144,,0E-8,0.000000,0.874932,1.000000,,2026-06-16,2026-06-23,4,47,16,8,0.500000,,,0.000000,,,,,,,,GLOBAL_BASELINE_NO_ENTITY_RANKING,,,NOT_APPLICABLE_GLOBAL_BASELINE,HF9g-P5,,,,X 全窗基线 · 不参与实体赏罚,14193994,1420,A168_HF9F_20260827_0900,2026-08-27 09:00:00
2026-06-16,87903735,2246,0,14539.8773006140,4655.7600545332,4655.7600545332,0.7142857,36,36,0.49957573333333333,0.499575733333,2.5404836696696558,2.540483669673601,2.5404836696696558,3.3333E-13,ELIGIBLE,R03b_20260811_FULL_v1,L1_ELIGIBILITY,v2026-08-11,2026-03-21..2026-08-06,baccarat_bet02_101_all_pairs_incl_sentinel,round_win = game_pnl > 0 (decisive only),COMPATIBILITY_ONLY_NOT_PRODUCTION,321133.2652,280969.6660,6647.9209,647,647,-0.02070144,,-0.02070144,-0.02070144,-6647.9209,321133.2652,OK,0.0000,265.9168,4.0000,96.0000,AG03-UNRESOLVED,ALL5_LEVELS_bet23_to_bet27,265.9168,265.9168,332.3960,0.0000,0.0000,4.000000,4.000000,5.000000,0.000000,0.000000,96.000000,96.000000,95.000000,100.000000,100.000000,5.0,864.2297,827.5332,5783.6912,5820.3877,PENDING_AG03,FALSE,NOT_FOR_ENFORCEMENT,6382.0041,269730.8793,6647.9209,6382.0041,265.9168,0.02070144,0.01987338,265.9168,6382.0041,0.01987338,265.9168,265.9168,332.3960,0.0000,0.0000,6382.0041,0.01987338,864.2297,827.5332,5783.6912,5820.3877,0.01801025,0.01812452,0.00082806,496.3420,434.2653,10.2750,1661.9802,141.4451,80283.3163,161.7500,,496.3420,511.2474,511.2474,511.2474,511.2474,681.6633,767.9969,511.2474,0.0,1.333333,1.502202,0.970845,6,27,11,2,0E-8,0.02070144,,0E-8,0.000000,0.874932,1.000000,,2026-06-16,2026-06-23,4,47,16,8,0.500000,,,0.000000,,,,,,,,GLOBAL_BASELINE_NO_ENTITY_RANKING,,,NOT_APPLICABLE_GLOBAL_BASELINE,HF9g-P5,,,,X 全窗基线 · 不参与实体赏罚,14193995,1420,A168_HF9F_20260827_0900,2026-08-27 09:00:00
2026-06-16,87903735,2252,0,6134.9693251536,-1022.4948875256,-1022.4948875256,0.4166667,12,12,0.49436260000000000,0.494362600000,-0.5383274337785655,-0.5383274337785655,-0.5383274337785655,0E-17,ELIGIBLE,R03b_20260811_FULL_v1,L1_ELIGIBILITY,v2026-08-11,2026-03-21..2026-08-06,baccarat_bet02_101_all_pairs_incl_sentinel,round_win = game_pnl > 0 (decisive only),COMPATIBILITY_ONLY_NOT_PRODUCTION,321133.2652,280969.6660,6647.9209,647,647,-0.02070144,,-0.02070144,-0.02070144,-6647.9209,321133.2652,OK,0.0000,265.9168,4.0000,96.0000,AG03-UNRESOLVED,ALL5_LEVELS_bet23_to_bet27,265.9168,265.9168,332.3960,0.0000,0.0000,4.000000,4.000000,5.000000,0.000000,0.000000,96.000000,96.000000,95.000000,100.000000,100.000000,5.0,864.2297,827.5332,5783.6912,5820.3877,PENDING_AG03,FALSE,NOT_FOR_ENFORCEMENT,6382.0041,269730.8793,6647.9209,6382.0041,265.9168,0.02070144,0.01987338,265.9168,6382.0041,0.01987338,265.9168,265.9168,332.3960,0.0000,0.0000,6382.0041,0.01987338,864.2297,827.5332,5783.6912,5820.3877,0.01801025,0.01812452,0.00082806,496.3420,434.2653,10.2750,1661.9802,141.4451,80283.3163,161.7500,,496.3420,511.2474,511.2474,511.2474,511.2474,681.6633,767.9969,511.2474,0.0,1.333333,1.502202,0.970845,6,27,11,2,0E-8,0.02070144,,0E-8,0.000000,0.874932,1.000000,,2026-06-16,2026-06-23,4,47,16,8,0.500000,,,0.000000,,,,,,,,GLOBAL_BASELINE_NO_ENTITY_RANKING,,,NOT_APPLICABLE_GLOBAL_BASELINE,HF9g-P5,,,,X 全窗基线 · 不参与实体赏罚,14193996,1420,A168_HF9F_20260827_0900,2026-08-27 09:00:00
2026-06-17,87903735,1307,0,4089.9795501024,766.8711656442,766.8711656442,0.6250000,8,8,0.49994810000000000,0.499948100000,0.7074003757330176,0.7074003757330176,0.7074003757330176,0E-17,ELIGIBLE,R03b_20260811_FULL_v1,L1_ELIGIBILITY,v2026-08-11,2026-03-21..2026-08-06,baccarat_bet02_101_all_pairs_incl_sentinel,round_win = game_pnl > 0 (decisive only),COMPATIBILITY_ONLY_NOT_PRODUCTION,321133.2652,280969.6660,6647.9209,647,647,-0.02070144,,-0.02070144,-0.02070144,-6647.9209,321133.2652,OK,0.0000,265.9168,4.0000,96.0000,AG03-UNRESOLVED,ALL5_LEVELS_bet23_to_bet27,265.9168,265.9168,332.3960,0.0000,0.0000,4.000000,4.000000,5.000000,0.000000,0.000000,96.000000,96.000000,95.000000,100.000000,100.000000,5.0,864.2297,827.5332,5783.6912,5820.3877,PENDING_AG03,FALSE,NOT_FOR_ENFORCEMENT,6382.0041,269730.8793,6647.9209,6382.0041,265.9168,0.02070144,0.01987338,265.9168,6382.0041,0.01987338,265.9168,265.9168,332.3960,0.0000,0.0000,6382.0041,0.01987338,864.2297,827.5332,5783.6912,5820.3877,0.01801025,0.01812452,0.00082806,496.3420,434.2653,10.2750,1661.9802,141.4451,80283.3163,161.7500,,496.3420,511.2474,511.2474,511.2474,511.2474,681.6633,767.9969,511.2474,0.0,1.333333,1.502202,0.970845,6,27,11,2,0E-8,0.02070144,,0E-8,0.000000,0.874932,1.000000,,2026-06-16,2026-06-23,4,47,16,8,0.500000,,,0.000000,,,,,,,,GLOBAL_BASELINE_NO_ENTITY_RANKING,,,NOT_APPLICABLE_GLOBAL_BASELINE,HF9g-P5,,,,X 全窗基线 · 不参与实体赏罚,14193997,1420,A168_HF9F_20260827_0900,2026-08-27 09:00:00
2026-06-17,87903735,1331,0,2556.2372188140,511.2474437628,511.2474437628,0.6666667,5,5,0.49592654000000000,0.495926540000,0.5914807778519792,0.5914807778519792,0.5914807778519792,0E-17,ELIGIBLE,R03b_20260811_FULL_v1,L1_ELIGIBILITY,v2026-08-11,2026-03-21..2026-08-06,baccarat_bet02_101_all_pairs_incl_sentinel,round_win = game_pnl > 0 (decisive only),COMPATIBILITY_ONLY_NOT_PRODUCTION,321133.2652,280969.6660,6647.9209,647,647,-0.02070144,,-0.02070144,-0.02070144,-6647.9209,321133.2652,OK,0.0000,265.9168,4.0000,96.0000,AG03-UNRESOLVED,ALL5_LEVELS_bet23_to_bet27,265.9168,265.9168,332.3960,0.0000,0.0000,4.000000,4.000000,5.000000,0.000000,0.000000,96.000000,96.000000,95.000000,100.000000,100.000000,5.0,864.2297,827.5332,5783.6912,5820.3877,PENDING_AG03,FALSE,NOT_FOR_ENFORCEMENT,6382.0041,269730.8793,6647.9209,6382.0041,265.9168,0.02070144,0.01987338,265.9168,6382.0041,0.01987338,265.9168,265.9168,332.3960,0.0000,0.0000,6382.0041,0.01987338,864.2297,827.5332,5783.6912,5820.3877,0.01801025,0.01812452,0.00082806,496.3420,434.2653,10.2750,1661.9802,141.4451,80283.3163,161.7500,,496.3420,511.2474,511.2474,511.2474,511.2474,681.6633,767.9969,511.2474,0.0,1.333333,1.502202,0.970845,6,27,11,2,0E-8,0.02070144,,0E-8,0.000000,0.874932,1.000000,,2026-06-16,2026-06-23,4,47,16,8,0.500000,,,0.000000,,,,,,,,GLOBAL_BASELINE_NO_ENTITY_RANKING,,,NOT_APPLICABLE_GLOBAL_BASELINE,HF9g-P5,,,,X 全窗基线 · 不参与实体赏罚,14193998,1420,A168_HF9F_20260827_0900,2026-08-27 09:00:00
2026-06-17,87903735,1396,0,7668.7116564420,1278.1186094070,1278.1186094070,0.6153846,15,15,0.50307598000000000,0.503075980000,0.809884412948756,0.8098844129487561,0.809884412948756,0E-17,ELIGIBLE,R03b_20260811_FULL_v1,L1_ELIGIBILITY,v2026-08-11,2026-03-21..2026-08-06,baccarat_bet02_101_all_pairs_incl_sentinel,round_win = game_pnl > 0 (decisive only),COMPATIBILITY_ONLY_NOT_PRODUCTION,321133.2652,280969.6660,6647.9209,647,647,-0.02070144,,-0.02070144,-0.02070144,-6647.9209,321133.2652,OK,0.0000,265.9168,4.0000,96.0000,AG03-UNRESOLVED,ALL5_LEVELS_bet23_to_bet27,265.9168,265.9168,332.3960,0.0000,0.0000,4.000000,4.000000,5.000000,0.000000,0.000000,96.000000,96.000000,95.000000,100.000000,100.000000,5.0,864.2297,827.5332,5783.6912,5820.3877,PENDING_AG03,FALSE,NOT_FOR_ENFORCEMENT,6382.0041,269730.8793,6647.9209,6382.0041,265.9168,0.02070144,0.01987338,265.9168,6382.0041,0.01987338,265.9168,265.9168,332.3960,0.0000,0.0000,6382.0041,0.01987338,864.2297,827.5332,5783.6912,5820.3877,0.01801025,0.01812452,0.00082806,496.3420,434.2653,10.2750,1661.9802,141.4451,80283.3163,161.7500,,496.3420,511.2474,511.2474,511.2474,511.2474,681.6633,767.9969,511.2474,0.0,1.333333,1.502202,0.970845,6,27,11,2,0E-8,0.02070144,,0E-8,0.000000,0.874932,1.000000,,2026-06-16,2026-06-23,4,47,16,8,0.500000,,,0.000000,,,,,,,,GLOBAL_BASELINE_NO_ENTITY_RANKING,,,NOT_APPLICABLE_GLOBAL_BASELINE,HF9g-P5,,,,X 全窗基线 · 不参与实体赏罚,14193999,1420,A168_HF9F_20260827_0900,2026-08-27 09:00:00
2026-06-17,87903735,1401,0,511.2474437628,511.2474437628,511.2474437628,1.0000000,1,1,0.50665070000000000,0.506650700000,0.9867858985152569,0.9867858985152569,0.9867858985152569,0E-17,ELIGIBLE,R03b_20260811_FULL_v1,L1_ELIGIBILITY,v2026-08-11,2026-03-21..2026-08-06,baccarat_bet02_101_all_pairs_incl_sentinel,round_win = game_pnl > 0 (decisive only),COMPATIBILITY_ONLY_NOT_PRODUCTION,321133.2652,280969.6660,6647.9209,647,647,-0.02070144,,-0.02070144,-0.02070144,-6647.9209,321133.2652,OK,0.0000,265.9168,4.0000,96.0000,AG03-UNRESOLVED,ALL5_LEVELS_bet23_to_bet27,265.9168,265.9168,332.3960,0.0000,0.0000,4.000000,4.000000,5.000000,0.000000,0.000000,96.000000,96.000000,95.000000,100.000000,100.000000,5.0,864.2297,827.5332,5783.6912,5820.3877,PENDING_AG03,FALSE,NOT_FOR_ENFORCEMENT,6382.0041,269730.8793,6647.9209,6382.0041,265.9168,0.02070144,0.01987338,265.9168,6382.0041,0.01987338,265.9168,265.9168,332.3960,0.0000,0.0000,6382.0041,0.01987338,864.2297,827.5332,5783.6912,5820.3877,0.01801025,0.01812452,0.00082806,496.3420,434.2653,10.2750,1661.9802,141.4451,80283.3163,161.7500,,496.3420,511.2474,511.2474,511.2474,511.2474,681.6633,767.9969,511.2474,0.0,1.333333,1.502202,0.970845,6,27,11,2,0E-8,0.02070144,,0E-8,0.000000,0.874932,1.000000,,2026-06-16,2026-06-23,4,47,16,8,0.500000,,,0.000000,,,,,,,,GLOBAL_BASELINE_NO_ENTITY_RANKING,,,NOT_APPLICABLE_GLOBAL_BASELINE,HF9g-P5,,,,X 全窗基线 · 不参与实体赏罚,14194000,1420,A168_HF9F_20260827_0900,2026-08-27 09:00:00
2026-06-17,87903735,2103,0,511.2474437628,511.2474437628,511.2474437628,1.0000000,1,1,0.50665070000000000,0.506650700000,0.9867858985152569,0.9867858985152569,0.9867858985152569,0E-17,ELIGIBLE,R03b_20260811_FULL_v1,L1_ELIGIBILITY,v2026-08-11,2026-03-21..2026-08-06,baccarat_bet02_101_all_pairs_incl_sentinel,round_win = game_pnl > 0 (decisive only),COMPATIBILITY_ONLY_NOT_PRODUCTION,321133.2652,280969.6660,6647.9209,647,647,-0.02070144,,-0.02070144,-0.02070144,-6647.9209,321133.2652,OK,0.0000,265.9168,4.0000,96.0000,AG03-UNRESOLVED,ALL5_LEVELS_bet23_to_bet27,265.9168,265.9168,332.3960,0.0000,0.0000,4.000000,4.000000,5.000000,0.000000,0.000000,96.000000,96.000000,95.000000,100.000000,100.000000,5.0,864.2297,827.5332,5783.6912,5820.3877,PENDING_AG03,FALSE,NOT_FOR_ENFORCEMENT,6382.0041,269730.8793,6647.9209,6382.0041,265.9168,0.02070144,0.01987338,265.9168,6382.0041,0.01987338,265.9168,265.9168,332.3960,0.0000,0.0000,6382.0041,0.01987338,864.2297,827.5332,5783.6912,5820.3877,0.01801025,0.01812452,0.00082806,496.3420,434.2653,10.2750,1661.9802,141.4451,80283.3163,161.7500,,496.3420,511.2474,511.2474,511.2474,511.2474,681.6633,767.9969,511.2474,0.0,1.333333,1.502202,0.970845,6,27,11,2,0E-8,0.02070144,,0E-8,0.000000,0.874932,1.000000,,2026-06-16,2026-06-23,4,47,16,8,0.500000,,,0.000000,,,,,,,,GLOBAL_BASELINE_NO_ENTITY_RANKING,,,NOT_APPLICABLE_GLOBAL_BASELINE,HF9g-P5,,,,X 全窗基线 · 不参与实体赏罚,14194001,1420,A168_HF9F_20260827_0900,2026-08-27 09:00:00
2026-06-17,87903735,2196,0,4089.9795501024,-2044.9897750512,-2044.9897750512,0.2500000,8,8,0.50329940000000000,0.503299400000,-1.4329089850335803,-1.4329089850335803,-1.4329089850335803,0E-17,ELIGIBLE,R03b_20260811_FULL_v1,L1_ELIGIBILITY,v2026-08-11,2026-03-21..2026-08-06,baccarat_bet02_101_all_pairs_incl_sentinel,round_win = game_pnl > 0 (decisive only),COMPATIBILITY_ONLY_NOT_PRODUCTION,321133.2652,280969.6660,6647.9209,647,647,-0.02070144,,-0.02070144,-0.02070144,-6647.9209,321133.2652,OK,0.0000,265.9168,4.0000,96.0000,AG03-UNRESOLVED,ALL5_LEVELS_bet23_to_bet27,265.9168,265.9168,332.3960,0.0000,0.0000,4.000000,4.000000,5.000000,0.000000,0.000000,96.000000,96.000000,95.000000,100.000000,100.000000,5.0,864.2297,827.5332,5783.6912,5820.3877,PENDING_AG03,FALSE,NOT_FOR_ENFORCEMENT,6382.0041,269730.8793,6647.9209,6382.0041,265.9168,0.02070144,0.01987338,265.9168,6382.0041,0.01987338,265.9168,265.9168,332.3960,0.0000,0.0000,6382.0041,0.01987338,864.2297,827.5332,5783.6912,5820.3877,0.01801025,0.01812452,0.00082806,496.3420,434.2653,10.2750,1661.9802,141.4451,80283.3163,161.7500,,496.3420,511.2474,511.2474,511.2474,511.2474,681.6633,767.9969,511.2474,0.0,1.333333,1.502202,0.970845,6,27,11,2,0E-8,0.02070144,,0E-8,0.000000,0.874932,1.000000,,2026-06-16,2026-06-23,4,47,16,8,0.500000,,,0.000000,,,,,,,,GLOBAL_BASELINE_NO_ENTITY_RANKING,,,NOT_APPLICABLE_GLOBAL_BASELINE,HF9g-P5,,,,X 全窗基线 · 不参与实体赏罚,14194002,1420,A168_HF9F_20260827_0900,2026-08-27 09:00:00
2026-06-17,87903735,2233,0,12781.1860940700,511.2474437628,511.2474437628,0.5238095,25,25,0.50075241200000000,0.500752412000,0.21132215961755715,0.21132215961755715,0.21132215961755715,0E-17,ELIGIBLE,R03b_20260811_FULL_v1,L1_ELIGIBILITY,v2026-08-11,2026-03-21..2026-08-06,baccarat_bet02_101_all_pairs_incl_sentinel,round_win = game_pnl > 0 (decisive only),COMPATIBILITY_ONLY_NOT_PRODUCTION,321133.2652,280969.6660,6647.9209,647,647,-0.02070144,,-0.02070144,-0.02070144,-6647.9209,321133.2652,OK,0.0000,265.9168,4.0000,96.0000,AG03-UNRESOLVED,ALL5_LEVELS_bet23_to_bet27,265.9168,265.9168,332.3960,0.0000,0.0000,4.000000,4.000000,5.000000,0.000000,0.000000,96.000000,96.000000,95.000000,100.000000,100.000000,5.0,864.2297,827.5332,5783.6912,5820.3877,PENDING_AG03,FALSE,NOT_FOR_ENFORCEMENT,6382.0041,269730.8793,6647.9209,6382.0041,265.9168,0.02070144,0.01987338,265.9168,6382.0041,0.01987338,265.9168,265.9168,332.3960,0.0000,0.0000,6382.0041,0.01987338,864.2297,827.5332,5783.6912,5820.3877,0.01801025,0.01812452,0.00082806,496.3420,434.2653,10.2750,1661.9802,141.4451,80283.3163,161.7500,,496.3420,511.2474,511.2474,511.2474,511.2474,681.6633,767.9969,511.2474,0.0,1.333333,1.502202,0.970845,6,27,11,2,0E-8,0.02070144,,0E-8,0.000000,0.874932,1.000000,,2026-06-16,2026-06-23,4,47,16,8,0.500000,,,0.000000,,,,,,,,GLOBAL_BASELINE_NO_ENTITY_RANKING,,,NOT_APPLICABLE_GLOBAL_BASELINE,HF9g-P5,,,,X 全窗基线 · 不参与实体赏罚,14194003,1420,A168_HF9F_20260827_0900,2026-08-27 09:00:00
2026-06-22,87903735,1384,0,6134.9693251536,-1533.7423312884,-1533.7423312884,0.3636364,12,12,0.49436260000000000,0.494362600000,-0.8671948736884628,-0.8671948736884628,-0.8671948736884628,0E-17,ELIGIBLE,R03b_20260811_FULL_v1,L1_ELIGIBILITY,v2026-08-11,2026-03-21..2026-08-06,baccarat_bet02_101_all_pairs_incl_sentinel,round_win = game_pnl > 0 (decisive only),COMPATIBILITY_ONLY_NOT_PRODUCTION,321133.2652,280969.6660,6647.9209,647,647,-0.02070144,,-0.02070144,-0.02070144,-6647.9209,321133.2652,OK,0.0000,265.9168,4.0000,96.0000,AG03-UNRESOLVED,ALL5_LEVELS_bet23_to_bet27,265.9168,265.9168,332.3960,0.0000,0.0000,4.000000,4.000000,5.000000,0.000000,0.000000,96.000000,96.000000,95.000000,100.000000,100.000000,5.0,864.2297,827.5332,5783.6912,5820.3877,PENDING_AG03,FALSE,NOT_FOR_ENFORCEMENT,6382.0041,269730.8793,6647.9209,6382.0041,265.9168,0.02070144,0.01987338,265.9168,6382.0041,0.01987338,265.9168,265.9168,332.3960,0.0000,0.0000,6382.0041,0.01987338,864.2297,827.5332,5783.6912,5820.3877,0.01801025,0.01812452,0.00082806,496.3420,434.2653,10.2750,1661.9802,141.4451,80283.3163,161.7500,,496.3420,511.2474,511.2474,511.2474,511.2474,681.6633,767.9969,511.2474,0.0,1.333333,1.502202,0.970845,6,27,11,2,0E-8,0.02070144,,0E-8,0.000000,0.874932,1.000000,,2026-06-16,2026-06-23,4,47,16,8,0.500000,,,0.000000,,,,,,,,GLOBAL_BASELINE_NO_ENTITY_RANKING,,,NOT_APPLICABLE_GLOBAL_BASELINE,HF9g-P5,,,,X 全窗基线 · 不参与实体赏罚,14194004,1420,A168_HF9F_20260827_0900,2026-08-27 09:00:00
2026-06-22,87903735,2088,0,2556.2372188140,-852.0790729380,-852.0790729380,0E-7,3,3,0.49324550000000000,0.493245500000,-0.9865810262130424,-0.9865810262130424,-0.9865810262130424,0E-17,ELIGIBLE,R03b_20260811_FULL_v1,L1_ELIGIBILITY,v2026-08-11,2026-03-21..2026-08-06,baccarat_bet02_101_all_pairs_incl_sentinel,round_win = game_pnl > 0 (decisive only),COMPATIBILITY_ONLY_NOT_PRODUCTION,321133.2652,280969.6660,6647.9209,647,647,-0.02070144,,-0.02070144,-0.02070144,-6647.9209,321133.2652,OK,0.0000,265.9168,4.0000,96.0000,AG03-UNRESOLVED,ALL5_LEVELS_bet23_to_bet27,265.9168,265.9168,332.3960,0.0000,0.0000,4.000000,4.000000,5.000000,0.000000,0.000000,96.000000,96.000000,95.000000,100.000000,100.000000,5.0,864.2297,827.5332,5783.6912,5820.3877,PENDING_AG03,FALSE,NOT_FOR_ENFORCEMENT,6382.0041,269730.8793,6647.9209,6382.0041,265.9168,0.02070144,0.01987338,265.9168,6382.0041,0.01987338,265.9168,265.9168,332.3960,0.0000,0.0000,6382.0041,0.01987338,864.2297,827.5332,5783.6912,5820.3877,0.01801025,0.01812452,0.00082806,496.3420,434.2653,10.2750,1661.9802,141.4451,80283.3163,161.7500,,496.3420,511.2474,511.2474,511.2474,511.2474,681.6633,767.9969,511.2474,0.0,1.333333,1.502202,0.970845,6,27,11,2,0E-8,0.02070144,,0E-8,0.000000,0.874932,1.000000,,2026-06-16,2026-06-23,4,47,16,8,0.500000,,,0.000000,,,,,,,,GLOBAL_BASELINE_NO_ENTITY_RANKING,,,NOT_APPLICABLE_GLOBAL_BASELINE,HF9g-P5,,,,X 全窗基线 · 不参与实体赏罚,14194005,1420,A168_HF9F_20260827_0900,2026-08-27 09:00:00
2026-06-22,87903735,2121,0,2982.2767552830,-1533.7423312884,-1533.7423312884,0.2500000,5,5,0.49860758000000000,0.498607580000,-0.9944341760919779,-0.9944341760919779,-0.9944341760919779,0E-17,ELIGIBLE,R03b_20260811_FULL_v1,L1_ELIGIBILITY,v2026-08-11,2026-03-21..2026-08-06,baccarat_bet02_101_all_pairs_incl_sentinel,round_win = game_pnl > 0 (decisive only),COMPATIBILITY_ONLY_NOT_PRODUCTION,321133.2652,280969.6660,6647.9209,647,647,-0.02070144,,-0.02070144,-0.02070144,-6647.9209,321133.2652,OK,0.0000,265.9168,4.0000,96.0000,AG03-UNRESOLVED,ALL5_LEVELS_bet23_to_bet27,265.9168,265.9168,332.3960,0.0000,0.0000,4.000000,4.000000,5.000000,0.000000,0.000000,96.000000,96.000000,95.000000,100.000000,100.000000,5.0,864.2297,827.5332,5783.6912,5820.3877,PENDING_AG03,FALSE,NOT_FOR_ENFORCEMENT,6382.0041,269730.8793,6647.9209,6382.0041,265.9168,0.02070144,0.01987338,265.9168,6382.0041,0.01987338,265.9168,265.9168,332.3960,0.0000,0.0000,6382.0041,0.01987338,864.2297,827.5332,5783.6912,5820.3877,0.01801025,0.01812452,0.00082806,496.3420,434.2653,10.2750,1661.9802,141.4451,80283.3163,161.7500,,496.3420,511.2474,511.2474,511.2474,511.2474,681.6633,767.9969,511.2474,0.0,1.333333,1.502202,0.970845,6,27,11,2,0E-8,0.02070144,,0E-8,0.000000,0.874932,1.000000,,2026-06-16,2026-06-23,4,47,16,8,0.500000,,,0.000000,,,,,,,,GLOBAL_BASELINE_NO_ENTITY_RANKING,,,NOT_APPLICABLE_GLOBAL_BASELINE,HF9g-P5,,,,X 全窗基线 · 不参与实体赏罚,14194006,1420,A168_HF9F_20260827_0900,2026-08-27 09:00:00
2026-06-22,87903735,2123,0,19171.7791411050,-1192.9107021132,-1192.9107021132,0.4687500,37,37,0.49940464594594595,0.499404645946,-0.34681797422890387,-0.3468179742295153,-0.34681797422890387,-5.405E-14,ELIGIBLE,R03b_20260811_FULL_v1,L1_ELIGIBILITY,v2026-08-11,2026-03-21..2026-08-06,baccarat_bet02_101_all_pairs_incl_sentinel,round_win = game_pnl > 0 (decisive only),COMPATIBILITY_ONLY_NOT_PRODUCTION,321133.2652,280969.6660,6647.9209,647,647,-0.02070144,,-0.02070144,-0.02070144,-6647.9209,321133.2652,OK,0.0000,265.9168,4.0000,96.0000,AG03-UNRESOLVED,ALL5_LEVELS_bet23_to_bet27,265.9168,265.9168,332.3960,0.0000,0.0000,4.000000,4.000000,5.000000,0.000000,0.000000,96.000000,96.000000,95.000000,100.000000,100.000000,5.0,864.2297,827.5332,5783.6912,5820.3877,PENDING_AG03,FALSE,NOT_FOR_ENFORCEMENT,6382.0041,269730.8793,6647.9209,6382.0041,265.9168,0.02070144,0.01987338,265.9168,6382.0041,0.01987338,265.9168,265.9168,332.3960,0.0000,0.0000,6382.0041,0.01987338,864.2297,827.5332,5783.6912,5820.3877,0.01801025,0.01812452,0.00082806,496.3420,434.2653,10.2750,1661.9802,141.4451,80283.3163,161.7500,,496.3420,511.2474,511.2474,511.2474,511.2474,681.6633,767.9969,511.2474,0.0,1.333333,1.502202,0.970845,6,27,11,2,0E-8,0.02070144,,0E-8,0.000000,0.874932,1.000000,,2026-06-16,2026-06-23,4,47,16,8,0.500000,,,0.000000,,,,,,,,GLOBAL_BASELINE_NO_ENTITY_RANKING,,,NOT_APPLICABLE_GLOBAL_BASELINE,HF9g-P5,,,,X 全窗基线 · 不参与实体赏罚,14194007,1420,A168_HF9F_20260827_0900,2026-08-27 09:00:00
2026-06-22,87903735,2141,0,22365.3715064766,-3619.6319018406,-3619.6319018406,0.4242424,39,39,0.50080740769230769,0.500807407692,-0.8796658348397037,-0.8796658348361677,-0.8796658348397037,3.0769E-13,ELIGIBLE,R03b_20260811_FULL_v1,L1_ELIGIBILITY,v2026-08-11,2026-03-21..2026-08-06,baccarat_bet02_101_all_pairs_incl_sentinel,round_win = game_pnl > 0 (decisive only),COMPATIBILITY_ONLY_NOT_PRODUCTION,321133.2652,280969.6660,6647.9209,647,647,-0.02070144,,-0.02070144,-0.02070144,-6647.9209,321133.2652,OK,0.0000,265.9168,4.0000,96.0000,AG03-UNRESOLVED,ALL5_LEVELS_bet23_to_bet27,265.9168,265.9168,332.3960,0.0000,0.0000,4.000000,4.000000,5.000000,0.000000,0.000000,96.000000,96.000000,95.000000,100.000000,100.000000,5.0,864.2297,827.5332,5783.6912,5820.3877,PENDING_AG03,FALSE,NOT_FOR_ENFORCEMENT,6382.0041,269730.8793,6647.9209,6382.0041,265.9168,0.02070144,0.01987338,265.9168,6382.0041,0.01987338,265.9168,265.9168,332.3960,0.0000,0.0000,6382.0041,0.01987338,864.2297,827.5332,5783.6912,5820.3877,0.01801025,0.01812452,0.00082806,496.3420,434.2653,10.2750,1661.9802,141.4451,80283.3163,161.7500,,496.3420,511.2474,511.2474,511.2474,511.2474,681.6633,767.9969,511.2474,0.0,1.333333,1.502202,0.970845,6,27,11,2,0E-8,0.02070144,,0E-8,0.000000,0.874932,1.000000,,2026-06-16,2026-06-23,4,47,16,8,0.500000,,,0.000000,,,,,,,,GLOBAL_BASELINE_NO_ENTITY_RANKING,,,NOT_APPLICABLE_GLOBAL_BASELINE,HF9g-P5,,,,X 全窗基线 · 不参与实体赏罚,14194008,1420,A168_HF9F_20260827_0900,2026-08-27 09:00:00
2026-06-22,87903735,2246,0,3929.7886843900,-1864.3490115884,-1864.3490115884,0.2857143,7,7,0.49707555714285714,0.497075557143,-1.1184378527242427,-1.1184378527249965,-1.1184378527242427,-1.4286E-13,ELIGIBLE,R03b_20260811_FULL_v1,L1_ELIGIBILITY,v2026-08-11,2026-03-21..2026-08-06,baccarat_bet02_101_all_pairs_incl_sentinel,round_win = game_pnl > 0 (decisive only),COMPATIBILITY_ONLY_NOT_PRODUCTION,321133.2652,280969.6660,6647.9209,647,647,-0.02070144,,-0.02070144,-0.02070144,-6647.9209,321133.2652,OK,0.0000,265.9168,4.0000,96.0000,AG03-UNRESOLVED,ALL5_LEVELS_bet23_to_bet27,265.9168,265.9168,332.3960,0.0000,0.0000,4.000000,4.000000,5.000000,0.000000,0.000000,96.000000,96.000000,95.000000,100.000000,100.000000,5.0,864.2297,827.5332,5783.6912,5820.3877,PENDING_AG03,FALSE,NOT_FOR_ENFORCEMENT,6382.0041,269730.8793,6647.9209,6382.0041,265.9168,0.02070144,0.01987338,265.9168,6382.0041,0.01987338,265.9168,265.9168,332.3960,0.0000,0.0000,6382.0041,0.01987338,864.2297,827.5332,5783.6912,5820.3877,0.01801025,0.01812452,0.00082806,496.3420,434.2653,10.2750,1661.9802,141.4451,80283.3163,161.7500,,496.3420,511.2474,511.2474,511.2474,511.2474,681.6633,767.9969,511.2474,0.0,1.333333,1.502202,0.970845,6,27,11,2,0E-8,0.02070144,,0E-8,0.000000,0.874932,1.000000,,2026-06-16,2026-06-23,4,47,16,8,0.500000,,,0.000000,,,,,,,,GLOBAL_BASELINE_NO_ENTITY_RANKING,,,NOT_APPLICABLE_GLOBAL_BASELINE,HF9g-P5,,,,X 全窗基线 · 不参与实体赏罚,14194009,1420,A168_HF9F_20260827_0900,2026-08-27 09:00:00
2026-06-22,87903735,2251,0,21279.8227675536,361.2815269257,361.2815269257,0.5312500,38,38,0.50241747894736842,0.502417478947,0.3262065513381633,0.32620655134233034,0.3262065513381633,3.6842E-13,ELIGIBLE,R03b_20260811_FULL_v1,L1_ELIGIBILITY,v2026-08-11,2026-03-21..2026-08-06,baccarat_bet02_101_all_pairs_incl_sentinel,round_win = game_pnl > 0 (decisive only),COMPATIBILITY_ONLY_NOT_PRODUCTION,321133.2652,280969.6660,6647.9209,647,647,-0.02070144,,-0.02070144,-0.02070144,-6647.9209,321133.2652,OK,0.0000,265.9168,4.0000,96.0000,AG03-UNRESOLVED,ALL5_LEVELS_bet23_to_bet27,265.9168,265.9168,332.3960,0.0000,0.0000,4.000000,4.000000,5.000000,0.000000,0.000000,96.000000,96.000000,95.000000,100.000000,100.000000,5.0,864.2297,827.5332,5783.6912,5820.3877,PENDING_AG03,FALSE,NOT_FOR_ENFORCEMENT,6382.0041,269730.8793,6647.9209,6382.0041,265.9168,0.02070144,0.01987338,265.9168,6382.0041,0.01987338,265.9168,265.9168,332.3960,0.0000,0.0000,6382.0041,0.01987338,864.2297,827.5332,5783.6912,5820.3877,0.01801025,0.01812452,0.00082806,496.3420,434.2653,10.2750,1661.9802,141.4451,80283.3163,161.7500,,496.3420,511.2474,511.2474,511.2474,511.2474,681.6633,767.9969,511.2474,0.0,1.333333,1.502202,0.970845,6,27,11,2,0E-8,0.02070144,,0E-8,0.000000,0.874932,1.000000,,2026-06-16,2026-06-23,4,47,16,8,0.500000,,,0.000000,,,,,,,,GLOBAL_BASELINE_NO_ENTITY_RANKING,,,NOT_APPLICABLE_GLOBAL_BASELINE,HF9g-P5,,,,X 全窗基线 · 不参与实体赏罚,14194010,1420,A168_HF9F_20260827_0900,2026-08-27 09:00:00
2026-06-22,87903735,987,0,1363.3265167008,-681.6632583504,-681.6632583504,0E-7,2,2,0.50665070000000000,0.506650700000,-1.013391052207602,-1.013391052207602,-1.013391052207602,0E-17,ELIGIBLE,R03b_20260811_FULL_v1,L1_ELIGIBILITY,v2026-08-11,2026-03-21..2026-08-06,baccarat_bet02_101_all_pairs_incl_sentinel,round_win = game_pnl > 0 (decisive only),COMPATIBILITY_ONLY_NOT_PRODUCTION,321133.2652,280969.6660,6647.9209,647,647,-0.02070144,,-0.02070144,-0.02070144,-6647.9209,321133.2652,OK,0.0000,265.9168,4.0000,96.0000,AG03-UNRESOLVED,ALL5_LEVELS_bet23_to_bet27,265.9168,265.9168,332.3960,0.0000,0.0000,4.000000,4.000000,5.000000,0.000000,0.000000,96.000000,96.000000,95.000000,100.000000,100.000000,5.0,864.2297,827.5332,5783.6912,5820.3877,PENDING_AG03,FALSE,NOT_FOR_ENFORCEMENT,6382.0041,269730.8793,6647.9209,6382.0041,265.9168,0.02070144,0.01987338,265.9168,6382.0041,0.01987338,265.9168,265.9168,332.3960,0.0000,0.0000,6382.0041,0.01987338,864.2297,827.5332,5783.6912,5820.3877,0.01801025,0.01812452,0.00082806,496.3420,434.2653,10.2750,1661.9802,141.4451,80283.3163,161.7500,,496.3420,511.2474,511.2474,511.2474,511.2474,681.6633,767.9969,511.2474,0.0,1.333333,1.502202,0.970845,6,27,11,2,0E-8,0.02070144,,0E-8,0.000000,0.874932,1.000000,,2026-06-16,2026-06-23,4,47,16,8,0.500000,,,0.000000,,,,,,,,GLOBAL_BASELINE_NO_ENTITY_RANKING,,,NOT_APPLICABLE_GLOBAL_BASELINE,HF9g-P5,,,,X 全窗基线 · 不参与实体赏罚,14194011,1420,A168_HF9F_20260827_0900,2026-08-27 09:00:00
2026-06-23,87903735,1306,0,4771.6428084528,426.0395364690,426.0395364690,0.6000000,10,10,0.49994810000000000,0.499948100000,0.6327837798637467,0.6327837798637467,0.6327837798637467,0E-17,ELIGIBLE,R03b_20260811_FULL_v1,L1_ELIGIBILITY,v2026-08-11,2026-03-21..2026-08-06,baccarat_bet02_101_all_pairs_incl_sentinel,round_win = game_pnl > 0 (decisive only),COMPATIBILITY_ONLY_NOT_PRODUCTION,321133.2652,280969.6660,6647.9209,647,647,-0.02070144,,-0.02070144,-0.02070144,-6647.9209,321133.2652,OK,0.0000,265.9168,4.0000,96.0000,AG03-UNRESOLVED,ALL5_LEVELS_bet23_to_bet27,265.9168,265.9168,332.3960,0.0000,0.0000,4.000000,4.000000,5.000000,0.000000,0.000000,96.000000,96.000000,95.000000,100.000000,100.000000,5.0,864.2297,827.5332,5783.6912,5820.3877,PENDING_AG03,FALSE,NOT_FOR_ENFORCEMENT,6382.0041,269730.8793,6647.9209,6382.0041,265.9168,0.02070144,0.01987338,265.9168,6382.0041,0.01987338,265.9168,265.9168,332.3960,0.0000,0.0000,6382.0041,0.01987338,864.2297,827.5332,5783.6912,5820.3877,0.01801025,0.01812452,0.00082806,496.3420,434.2653,10.2750,1661.9802,141.4451,80283.3163,161.7500,,496.3420,511.2474,511.2474,511.2474,511.2474,681.6633,767.9969,511.2474,0.0,1.333333,1.502202,0.970845,6,27,11,2,0E-8,0.02070144,,0E-8,0.000000,0.874932,1.000000,,2026-06-16,2026-06-23,4,47,16,8,0.500000,,,0.000000,,,,,,,,GLOBAL_BASELINE_NO_ENTITY_RANKING,,,NOT_APPLICABLE_GLOBAL_BASELINE,HF9g-P5,,,,X 全窗基线 · 不参与实体赏罚,14194012,1420,A168_HF9F_20260827_0900,2026-08-27 09:00:00
2026-06-23,87903735,1307,0,17068.8479890939,-143.1492842537,-143.1492842537,0.4666667,33,33,0.50055742727272727,0.500557427273,-0.37125491221549584,-0.3712549122184837,-0.37125491221549584,-2.7273E-13,ELIGIBLE,R03b_20260811_FULL_v1,L1_ELIGIBILITY,v2026-08-11,2026-03-21..2026-08-06,baccarat_bet02_101_all_pairs_incl_sentinel,round_win = game_pnl > 0 (decisive only),COMPATIBILITY_ONLY_NOT_PRODUCTION,321133.2652,280969.6660,6647.9209,647,647,-0.02070144,,-0.02070144,-0.02070144,-6647.9209,321133.2652,OK,0.0000,265.9168,4.0000,96.0000,AG03-UNRESOLVED,ALL5_LEVELS_bet23_to_bet27,265.9168,265.9168,332.3960,0.0000,0.0000,4.000000,4.000000,5.000000,0.000000,0.000000,96.000000,96.000000,95.000000,100.000000,100.000000,5.0,864.2297,827.5332,5783.6912,5820.3877,PENDING_AG03,FALSE,NOT_FOR_ENFORCEMENT,6382.0041,269730.8793,6647.9209,6382.0041,265.9168,0.02070144,0.01987338,265.9168,6382.0041,0.01987338,265.9168,265.9168,332.3960,0.0000,0.0000,6382.0041,0.01987338,864.2297,827.5332,5783.6912,5820.3877,0.01801025,0.01812452,0.00082806,496.3420,434.2653,10.2750,1661.9802,141.4451,80283.3163,161.7500,,496.3420,511.2474,511.2474,511.2474,511.2474,681.6633,767.9969,511.2474,0.0,1.333333,1.502202,0.970845,6,27,11,2,0E-8,0.02070144,,0E-8,0.000000,0.874932,1.000000,,2026-06-16,2026-06-23,4,47,16,8,0.500000,,,0.000000,,,,,,,,GLOBAL_BASELINE_NO_ENTITY_RANKING,,,NOT_APPLICABLE_GLOBAL_BASELINE,HF9g-P5,,,,X 全窗基线 · 不参与实体赏罚,14194013,1420,A168_HF9F_20260827_0900,2026-08-27 09:00:00
2026-06-23,87903735,1318,0,7733.4696659853,-2450.5794137697,-2450.5794137697,0.3571429,15,15,0.49950126000000000,0.499501260000,-1.065313269215098,-1.0653132692150977,-1.065313269215098,0E-17,ELIGIBLE,R03b_20260811_FULL_v1,L1_ELIGIBILITY,v2026-08-11,2026-03-21..2026-08-06,baccarat_bet02_101_all_pairs_incl_sentinel,round_win = game_pnl > 0 (decisive only),COMPATIBILITY_ONLY_NOT_PRODUCTION,321133.2652,280969.6660,6647.9209,647,647,-0.02070144,,-0.02070144,-0.02070144,-6647.9209,321133.2652,OK,0.0000,265.9168,4.0000,96.0000,AG03-UNRESOLVED,ALL5_LEVELS_bet23_to_bet27,265.9168,265.9168,332.3960,0.0000,0.0000,4.000000,4.000000,5.000000,0.000000,0.000000,96.000000,96.000000,95.000000,100.000000,100.000000,5.0,864.2297,827.5332,5783.6912,5820.3877,PENDING_AG03,FALSE,NOT_FOR_ENFORCEMENT,6382.0041,269730.8793,6647.9209,6382.0041,265.9168,0.02070144,0.01987338,265.9168,6382.0041,0.01987338,265.9168,265.9168,332.3960,0.0000,0.0000,6382.0041,0.01987338,864.2297,827.5332,5783.6912,5820.3877,0.01801025,0.01812452,0.00082806,496.3420,434.2653,10.2750,1661.9802,141.4451,80283.3163,161.7500,,496.3420,511.2474,511.2474,511.2474,511.2474,681.6633,767.9969,511.2474,0.0,1.333333,1.502202,0.970845,6,27,11,2,0E-8,0.02070144,,0E-8,0.000000,0.874932,1.000000,,2026-06-16,2026-06-23,4,47,16,8,0.500000,,,0.000000,,,,,,,,GLOBAL_BASELINE_NO_ENTITY_RANKING,,,NOT_APPLICABLE_GLOBAL_BASELINE,HF9g-P5,,,,X 全窗基线 · 不参与实体赏罚,14194014,1420,A168_HF9F_20260827_0900,2026-08-27 09:00:00
2026-06-23,87903735,2093,0,511.2474437628,511.2474437628,511.2474437628,1.0000000,1,1,0.50665070000000000,0.506650700000,0.9867858985152569,0.9867858985152569,0.9867858985152569,0E-17,ELIGIBLE,R03b_20260811_FULL_v1,L1_ELIGIBILITY,v2026-08-11,2026-03-21..2026-08-06,baccarat_bet02_101_all_pairs_incl_sentinel,round_win = game_pnl > 0 (decisive only),COMPATIBILITY_ONLY_NOT_PRODUCTION,321133.2652,280969.6660,6647.9209,647,647,-0.02070144,,-0.02070144,-0.02070144,-6647.9209,321133.2652,OK,0.0000,265.9168,4.0000,96.0000,AG03-UNRESOLVED,ALL5_LEVELS_bet23_to_bet27,265.9168,265.9168,332.3960,0.0000,0.0000,4.000000,4.000000,5.000000,0.000000,0.000000,96.000000,96.000000,95.000000,100.000000,100.000000,5.0,864.2297,827.5332,5783.6912,5820.3877,PENDING_AG03,FALSE,NOT_FOR_ENFORCEMENT,6382.0041,269730.8793,6647.9209,6382.0041,265.9168,0.02070144,0.01987338,265.9168,6382.0041,0.01987338,265.9168,265.9168,332.3960,0.0000,0.0000,6382.0041,0.01987338,864.2297,827.5332,5783.6912,5820.3877,0.01801025,0.01812452,0.00082806,496.3420,434.2653,10.2750,1661.9802,141.4451,80283.3163,161.7500,,496.3420,511.2474,511.2474,511.2474,511.2474,681.6633,767.9969,511.2474,0.0,1.333333,1.502202,0.970845,6,27,11,2,0E-8,0.02070144,,0E-8,0.000000,0.874932,1.000000,,2026-06-16,2026-06-23,4,47,16,8,0.500000,,,0.000000,,,,,,,,GLOBAL_BASELINE_NO_ENTITY_RANKING,,,NOT_APPLICABLE_GLOBAL_BASELINE,HF9g-P5,,,,X 全窗基线 · 不参与实体赏罚,14194015,1420,A168_HF9F_20260827_0900,2026-08-27 09:00:00
2026-06-23,87903735,2103,0,4236.5371506477,-875.9372869803,-875.9372869803,0.3750000,8,8,0.49994810000000000,0.499948100000,-0.7068131942587571,-0.7068131942587571,-0.7068131942587571,0E-17,ELIGIBLE,R03b_20260811_FULL_v1,L1_ELIGIBILITY,v2026-08-11,2026-03-21..2026-08-06,baccarat_bet02_101_all_pairs_incl_sentinel,round_win = game_pnl > 0 (decisive only),COMPATIBILITY_ONLY_NOT_PRODUCTION,321133.2652,280969.6660,6647.9209,647,647,-0.02070144,,-0.02070144,-0.02070144,-6647.9209,321133.2652,OK,0.0000,265.9168,4.0000,96.0000,AG03-UNRESOLVED,ALL5_LEVELS_bet23_to_bet27,265.9168,265.9168,332.3960,0.0000,0.0000,4.000000,4.000000,5.000000,0.000000,0.000000,96.000000,96.000000,95.000000,100.000000,100.000000,5.0,864.2297,827.5332,5783.6912,5820.3877,PENDING_AG03,FALSE,NOT_FOR_ENFORCEMENT,6382.0041,269730.8793,6647.9209,6382.0041,265.9168,0.02070144,0.01987338,265.9168,6382.0041,0.01987338,265.9168,265.9168,332.3960,0.0000,0.0000,6382.0041,0.01987338,864.2297,827.5332,5783.6912,5820.3877,0.01801025,0.01812452,0.00082806,496.3420,434.2653,10.2750,1661.9802,141.4451,80283.3163,161.7500,,496.3420,511.2474,511.2474,511.2474,511.2474,681.6633,767.9969,511.2474,0.0,1.333333,1.502202,0.970845,6,27,11,2,0E-8,0.02070144,,0E-8,0.000000,0.874932,1.000000,,2026-06-16,2026-06-23,4,47,16,8,0.500000,,,0.000000,,,,,,,,GLOBAL_BASELINE_NO_ENTITY_RANKING,,,NOT_APPLICABLE_GLOBAL_BASELINE,HF9g-P5,,,,X 全窗基线 · 不参与实体赏罚,14194016,1420,A168_HF9F_20260827_0900,2026-08-27 09:00:00
2026-06-23,87903735,2169,0,3043.6264485344,1521.8132242672,1521.8132242672,0.8000000,6,6,0.49994810000000000,0.499948100000,1.3418728975849028,1.3418728975849028,1.3418728975849028,0E-17,ELIGIBLE,R03b_20260811_FULL_v1,L1_ELIGIBILITY,v2026-08-11,2026-03-21..2026-08-06,baccarat_bet02_101_all_pairs_incl_sentinel,round_win = game_pnl > 0 (decisive only),COMPATIBILITY_ONLY_NOT_PRODUCTION,321133.2652,280969.6660,6647.9209,647,647,-0.02070144,,-0.02070144,-0.02070144,-6647.9209,321133.2652,OK,0.0000,265.9168,4.0000,96.0000,AG03-UNRESOLVED,ALL5_LEVELS_bet23_to_bet27,265.9168,265.9168,332.3960,0.0000,0.0000,4.000000,4.000000,5.000000,0.000000,0.000000,96.000000,96.000000,95.000000,100.000000,100.000000,5.0,864.2297,827.5332,5783.6912,5820.3877,PENDING_AG03,FALSE,NOT_FOR_ENFORCEMENT,6382.0041,269730.8793,6647.9209,6382.0041,265.9168,0.02070144,0.01987338,265.9168,6382.0041,0.01987338,265.9168,265.9168,332.3960,0.0000,0.0000,6382.0041,0.01987338,864.2297,827.5332,5783.6912,5820.3877,0.01801025,0.01812452,0.00082806,496.3420,434.2653,10.2750,1661.9802,141.4451,80283.3163,161.7500,,496.3420,511.2474,511.2474,511.2474,511.2474,681.6633,767.9969,511.2474,0.0,1.333333,1.502202,0.970845,6,27,11,2,0E-8,0.02070144,,0E-8,0.000000,0.874932,1.000000,,2026-06-16,2026-06-23,4,47,16,8,0.500000,,,0.000000,,,,,,,,GLOBAL_BASELINE_NO_ENTITY_RANKING,,,NOT_APPLICABLE_GLOBAL_BASELINE,HF9g-P5,,,,X 全窗基线 · 不参与实体赏罚,14194017,1420,A168_HF9F_20260827_0900,2026-08-27 09:00:00
2026-06-23,87903735,2223,0,2044.9897750512,511.2474437628,511.2474437628,0.6666667,4,4,0.50329940000000000,0.503299400000,0.5659331339966515,0.5659331339966515,0.5659331339966515,0E-17,ELIGIBLE,R03b_20260811_FULL_v1,L1_ELIGIBILITY,v2026-08-11,2026-03-21..2026-08-06,baccarat_bet02_101_all_pairs_incl_sentinel,round_win = game_pnl > 0 (decisive only),COMPATIBILITY_ONLY_NOT_PRODUCTION,321133.2652,280969.6660,6647.9209,647,647,-0.02070144,,-0.02070144,-0.02070144,-6647.9209,321133.2652,OK,0.0000,265.9168,4.0000,96.0000,AG03-UNRESOLVED,ALL5_LEVELS_bet23_to_bet27,265.9168,265.9168,332.3960,0.0000,0.0000,4.000000,4.000000,5.000000,0.000000,0.000000,96.000000,96.000000,95.000000,100.000000,100.000000,5.0,864.2297,827.5332,5783.6912,5820.3877,PENDING_AG03,FALSE,NOT_FOR_ENFORCEMENT,6382.0041,269730.8793,6647.9209,6382.0041,265.9168,0.02070144,0.01987338,265.9168,6382.0041,0.01987338,265.9168,265.9168,332.3960,0.0000,0.0000,6382.0041,0.01987338,864.2297,827.5332,5783.6912,5820.3877,0.01801025,0.01812452,0.00082806,496.3420,434.2653,10.2750,1661.9802,141.4451,80283.3163,161.7500,,496.3420,511.2474,511.2474,511.2474,511.2474,681.6633,767.9969,511.2474,0.0,1.333333,1.502202,0.970845,6,27,11,2,0E-8,0.02070144,,0E-8,0.000000,0.874932,1.000000,,2026-06-16,2026-06-23,4,47,16,8,0.500000,,,0.000000,,,,,,,,GLOBAL_BASELINE_NO_ENTITY_RANKING,,,NOT_APPLICABLE_GLOBAL_BASELINE,HF9g-P5,,,,X 全窗基线 · 不参与实体赏罚,14194018,1420,A168_HF9F_20260827_0900,2026-08-27 09:00:00
2026-05-05,149566184,-1,1,913.0060292849,254.9526270455,254.9526270455,0.6000000,17,17,0.49561112352941176,0.495611123529,0.8086239126102298,0.8086239126134253,0.8086239126102298,4.1176E-13,SENTINEL_DEALER,R03b_20260811_FULL_v1,L1_ELIGIBILITY,v2026-08-11,2026-03-21..2026-08-06,baccarat_bet02_101_all_pairs_incl_sentinel,round_win = game_pnl > 0 (decisive only),COMPATIBILITY_ONLY_NOT_PRODUCTION,30962.9630,28413.4367,6649.4401,186,186,-0.21475465,,-0.21475465,-0.21475465,-6649.4401,30962.9630,OK,0.0000,265.9776,4.0000,96.0000,AG03-UNRESOLVED,ALL5_LEVELS_bet23_to_bet27,265.9776,265.9776,332.4720,0.0000,0.0000,4.000000,4.000000,5.000000,0.000000,0.000000,96.000000,96.000000,95.000000,100.000000,100.000000,5.0,864.4272,827.7223,5785.0129,5821.7178,PENDING_AG03,FALSE,NOT_FOR_ENFORCEMENT,6383.4625,27276.8992,6649.4401,6383.4625,265.9776,0.21475465,0.20616446,265.9776,6383.4625,0.20616446,265.9776,265.9776,332.4720,0.0000,0.0000,6383.4625,0.20616446,864.4272,827.7223,5785.0129,5821.7178,0.18683654,0.18802199,0.00859019,166.4675,152.7604,35.7497,2216.4800,221.6480,10320.9877,62.0000,,166.4675,17.2265,51.6796,172.2653,344.5306,861.3264,1569.9568,34.4531,0.0,16.666666,30.378663,3.221147,16,23,8,2,0E-8,0.21475465,,0E-8,0.000000,0.917659,0.000000,,2026-05-05,2026-05-08,3,30,25,4,0.750000,,,0.000000,,,,,,,,GLOBAL_BASELINE_NO_ENTITY_RANKING,,,NOT_APPLICABLE_GLOBAL_BASELINE,HF9g-P5,,,,X 全窗基线 · 不参与实体赏罚,14194019,1420,A168_HF9F_20260827_0900,2026-08-27 09:00:00
2026-05-05,149566184,1115,0,51.6795865633,51.6795865633,51.6795865633,1.0000000,2,2,0.49324550000000000,0.493245500000,1.4334489766152358,1.4334489766152358,1.4334489766152358,0E-17,ELIGIBLE,R03b_20260811_FULL_v1,L1_ELIGIBILITY,v2026-08-11,2026-03-21..2026-08-06,baccarat_bet02_101_all_pairs_incl_sentinel,round_win = game_pnl > 0 (decisive only),COMPATIBILITY_ONLY_NOT_PRODUCTION,30962.9630,28413.4367,6649.4401,186,186,-0.21475465,,-0.21475465,-0.21475465,-6649.4401,30962.9630,OK,0.0000,265.9776,4.0000,96.0000,AG03-UNRESOLVED,ALL5_LEVELS_bet23_to_bet27,265.9776,265.9776,332.4720,0.0000,0.0000,4.000000,4.000000,5.000000,0.000000,0.000000,96.000000,96.000000,95.000000,100.000000,100.000000,5.0,864.4272,827.7223,5785.0129,5821.7178,PENDING_AG03,FALSE,NOT_FOR_ENFORCEMENT,6383.4625,27276.8992,6649.4401,6383.4625,265.9776,0.21475465,0.20616446,265.9776,6383.4625,0.20616446,265.9776,265.9776,332.4720,0.0000,0.0000,6383.4625,0.20616446,864.4272,827.7223,5785.0129,5821.7178,0.18683654,0.18802199,0.00859019,166.4675,152.7604,35.7497,2216.4800,221.6480,10320.9877,62.0000,,166.4675,17.2265,51.6796,172.2653,344.5306,861.3264,1569.9568,34.4531,0.0,16.666666,30.378663,3.221147,16,23,8,2,0E-8,0.21475465,,0E-8,0.000000,0.917659,0.000000,,2026-05-05,2026-05-08,3,30,25,4,0.750000,,,0.000000,,,,,,,,GLOBAL_BASELINE_NO_ENTITY_RANKING,,,NOT_APPLICABLE_GLOBAL_BASELINE,HF9g-P5,,,,X 全窗基线 · 不参与实体赏罚,14194020,1420,A168_HF9F_20260827_0900,2026-08-27 09:00:00
2026-05-05,149566184,1157,0,137.8122308355,34.4530577089,34.4530577089,0.6666667,5,5,0.49324550000000000,0.493245500000,0.6008033672792107,0.6008033672792106,0.6008033672792107,0E-17,ELIGIBLE,R03b_20260811_FULL_v1,L1_ELIGIBILITY,v2026-08-11,2026-03-21..2026-08-06,baccarat_bet02_101_all_pairs_incl_sentinel,round_win = game_pnl > 0 (decisive only),COMPATIBILITY_ONLY_NOT_PRODUCTION,30962.9630,28413.4367,6649.4401,186,186,-0.21475465,,-0.21475465,-0.21475465,-6649.4401,30962.9630,OK,0.0000,265.9776,4.0000,96.0000,AG03-UNRESOLVED,ALL5_LEVELS_bet23_to_bet27,265.9776,265.9776,332.4720,0.0000,0.0000,4.000000,4.000000,5.000000,0.000000,0.000000,96.000000,96.000000,95.000000,100.000000,100.000000,5.0,864.4272,827.7223,5785.0129,5821.7178,PENDING_AG03,FALSE,NOT_FOR_ENFORCEMENT,6383.4625,27276.8992,6649.4401,6383.4625,265.9776,0.21475465,0.20616446,265.9776,6383.4625,0.20616446,265.9776,265.9776,332.4720,0.0000,0.0000,6383.4625,0.20616446,864.4272,827.7223,5785.0129,5821.7178,0.18683654,0.18802199,0.00859019,166.4675,152.7604,35.7497,2216.4800,221.6480,10320.9877,62.0000,,166.4675,17.2265,51.6796,172.2653,344.5306,861.3264,1569.9568,34.4531,0.0,16.666666,30.378663,3.221147,16,23,8,2,0E-8,0.21475465,,0E-8,0.000000,0.917659,0.000000,,2026-05-05,2026-05-08,3,30,25,4,0.750000,,,0.000000,,,,,,,,GLOBAL_BASELINE_NO_ENTITY_RANKING,,,NOT_APPLICABLE_GLOBAL_BASELINE,HF9g-P5,,,,X 全窗基线 · 不参与实体赏罚,14194021,1420,A168_HF9F_20260827_0900,2026-08-27 09:00:00
2026-05-05,149566184,1205,0,327.3040482341,42.2049956934,42.2049956934,0.5000000,8,8,0.50665070000000000,0.506650700000,-0.037625369180734974,-0.037625369180734974,-0.037625369180734974,0E-17,ELIGIBLE,R03b_20260811_FULL_v1,L1_ELIGIBILITY,v2026-08-11,2026-03-21..2026-08-06,baccarat_bet02_101_all_pairs_incl_sentinel,round_win = game_pnl > 0 (decisive only),COMPATIBILITY_ONLY_NOT_PRODUCTION,30962.9630,28413.4367,6649.4401,186,186,-0.21475465,,-0.21475465,-0.21475465,-6649.4401,30962.9630,OK,0.0000,265.9776,4.0000,96.0000,AG03-UNRESOLVED,ALL5_LEVELS_bet23_to_bet27,265.9776,265.9776,332.4720,0.0000,0.0000,4.000000,4.000000,5.000000,0.000000,0.000000,96.000000,96.000000,95.000000,100.000000,100.000000,5.0,864.4272,827.7223,5785.0129,5821.7178,PENDING_AG03,FALSE,NOT_FOR_ENFORCEMENT,6383.4625,27276.8992,6649.4401,6383.4625,265.9776,0.21475465,0.20616446,265.9776,6383.4625,0.20616446,265.9776,265.9776,332.4720,0.0000,0.0000,6383.4625,0.20616446,864.4272,827.7223,5785.0129,5821.7178,0.18683654,0.18802199,0.00859019,166.4675,152.7604,35.7497,2216.4800,221.6480,10320.9877,62.0000,,166.4675,17.2265,51.6796,172.2653,344.5306,861.3264,1569.9568,34.4531,0.0,16.666666,30.378663,3.221147,16,23,8,2,0E-8,0.21475465,,0E-8,0.000000,0.917659,0.000000,,2026-05-05,2026-05-08,3,30,25,4,0.750000,,,0.000000,,,,,,,,GLOBAL_BASELINE_NO_ENTITY_RANKING,,,NOT_APPLICABLE_GLOBAL_BASELINE,HF9g-P5,,,,X 全窗基线 · 不参与实体赏罚,14194022,1420,A168_HF9F_20260827_0900,2026-08-27 09:00:00
2026-05-05,149566184,1291,0,413.4366925063,172.2652885443,172.2652885443,0.6666667,9,9,0.49324550000000000,0.493245500000,1.0406219574860578,1.0406219574860578,1.0406219574860578,0E-17,ELIGIBLE,R03b_20260811_FULL_v1,L1_ELIGIBILITY,v2026-08-11,2026-03-21..2026-08-06,baccarat_bet02_101_all_pairs_incl_sentinel,round_win = game_pnl > 0 (decisive only),COMPATIBILITY_ONLY_NOT_PRODUCTION,30962.9630,28413.4367,6649.4401,186,186,-0.21475465,,-0.21475465,-0.21475465,-6649.4401,30962.9630,OK,0.0000,265.9776,4.0000,96.0000,AG03-UNRESOLVED,ALL5_LEVELS_bet23_to_bet27,265.9776,265.9776,332.4720,0.0000,0.0000,4.000000,4.000000,5.000000,0.000000,0.000000,96.000000,96.000000,95.000000,100.000000,100.000000,5.0,864.4272,827.7223,5785.0129,5821.7178,PENDING_AG03,FALSE,NOT_FOR_ENFORCEMENT,6383.4625,27276.8992,6649.4401,6383.4625,265.9776,0.21475465,0.20616446,265.9776,6383.4625,0.20616446,265.9776,265.9776,332.4720,0.0000,0.0000,6383.4625,0.20616446,864.4272,827.7223,5785.0129,5821.7178,0.18683654,0.18802199,0.00859019,166.4675,152.7604,35.7497,2216.4800,221.6480,10320.9877,62.0000,,166.4675,17.2265,51.6796,172.2653,344.5306,861.3264,1569.9568,34.4531,0.0,16.666666,30.378663,3.221147,16,23,8,2,0E-8,0.21475465,,0E-8,0.000000,0.917659,0.000000,,2026-05-05,2026-05-08,3,30,25,4,0.750000,,,0.000000,,,,,,,,GLOBAL_BASELINE_NO_ENTITY_RANKING,,,NOT_APPLICABLE_GLOBAL_BASELINE,HF9g-P5,,,,X 全窗基线 · 不参与实体赏罚,14194023,1420,A168_HF9F_20260827_0900,2026-08-27 09:00:00
2026-05-05,149566184,1299,0,344.5305770886,68.9061154178,68.9061154178,0.5000000,8,8,0.49324550000000000,0.493245500000,0.03821270896478516,0.03821270896478516,0.03821270896478516,0E-17,ELIGIBLE,R03b_20260811_FULL_v1,L1_ELIGIBILITY,v2026-08-11,2026-03-21..2026-08-06,baccarat_bet02_101_all_pairs_incl_sentinel,round_win = game_pnl > 0 (decisive only),COMPATIBILITY_ONLY_NOT_PRODUCTION,30962.9630,28413.4367,6649.4401,186,186,-0.21475465,,-0.21475465,-0.21475465,-6649.4401,30962.9630,OK,0.0000,265.9776,4.0000,96.0000,AG03-UNRESOLVED,ALL5_LEVELS_bet23_to_bet27,265.9776,265.9776,332.4720,0.0000,0.0000,4.000000,4.000000,5.000000,0.000000,0.000000,96.000000,96.000000,95.000000,100.000000,100.000000,5.0,864.4272,827.7223,5785.0129,5821.7178,PENDING_AG03,FALSE,NOT_FOR_ENFORCEMENT,6383.4625,27276.8992,6649.4401,6383.4625,265.9776,0.21475465,0.20616446,265.9776,6383.4625,0.20616446,265.9776,265.9776,332.4720,0.0000,0.0000,6383.4625,0.20616446,864.4272,827.7223,5785.0129,5821.7178,0.18683654,0.18802199,0.00859019,166.4675,152.7604,35.7497,2216.4800,221.6480,10320.9877,62.0000,,166.4675,17.2265,51.6796,172.2653,344.5306,861.3264,1569.9568,34.4531,0.0,16.666666,30.378663,3.221147,16,23,8,2,0E-8,0.21475465,,0E-8,0.000000,0.917659,0.000000,,2026-05-05,2026-05-08,3,30,25,4,0.750000,,,0.000000,,,,,,,,GLOBAL_BASELINE_NO_ENTITY_RANKING,,,NOT_APPLICABLE_GLOBAL_BASELINE,HF9g-P5,,,,X 全窗基线 · 不参与实体赏罚,14194024,1420,A168_HF9F_20260827_0900,2026-08-27 09:00:00
2026-05-05,149566184,1399,0,1171.4039621017,139.5348837209,139.5348837209,0.5000000,7,7,0.50665070000000000,0.506650700000,-0.032584525537284574,-0.032584525537284574,-0.032584525537284574,0E-17,ELIGIBLE,R03b_20260811_FULL_v1,L1_ELIGIBILITY,v2026-08-11,2026-03-21..2026-08-06,baccarat_bet02_101_all_pairs_incl_sentinel,round_win = game_pnl > 0 (decisive only),COMPATIBILITY_ONLY_NOT_PRODUCTION,30962.9630,28413.4367,6649.4401,186,186,-0.21475465,,-0.21475465,-0.21475465,-6649.4401,30962.9630,OK,0.0000,265.9776,4.0000,96.0000,AG03-UNRESOLVED,ALL5_LEVELS_bet23_to_bet27,265.9776,265.9776,332.4720,0.0000,0.0000,4.000000,4.000000,5.000000,0.000000,0.000000,96.000000,96.000000,95.000000,100.000000,100.000000,5.0,864.4272,827.7223,5785.0129,5821.7178,PENDING_AG03,FALSE,NOT_FOR_ENFORCEMENT,6383.4625,27276.8992,6649.4401,6383.4625,265.9776,0.21475465,0.20616446,265.9776,6383.4625,0.20616446,265.9776,265.9776,332.4720,0.0000,0.0000,6383.4625,0.20616446,864.4272,827.7223,5785.0129,5821.7178,0.18683654,0.18802199,0.00859019,166.4675,152.7604,35.7497,2216.4800,221.6480,10320.9877,62.0000,,166.4675,17.2265,51.6796,172.2653,344.5306,861.3264,1569.9568,34.4531,0.0,16.666666,30.378663,3.221147,16,23,8,2,0E-8,0.21475465,,0E-8,0.000000,0.917659,0.000000,,2026-05-05,2026-05-08,3,30,25,4,0.750000,,,0.000000,,,,,,,,GLOBAL_BASELINE_NO_ENTITY_RANKING,,,NOT_APPLICABLE_GLOBAL_BASELINE,HF9g-P5,,,,X 全窗基线 · 不参与实体赏罚,14194025,1420,A168_HF9F_20260827_0900,2026-08-27 09:00:00
2026-05-05,149566184,1947,0,258.3979328164,77.5193798450,77.5193798450,0.5555556,9,9,0.50665070000000000,0.506650700000,0.2934550945819589,0.2934550945819589,0.2934550945819589,0E-17,ELIGIBLE,R03b_20260811_FULL_v1,L1_ELIGIBILITY,v2026-08-11,2026-03-21..2026-08-06,baccarat_bet02_101_all_pairs_incl_sentinel,round_win = game_pnl > 0 (decisive only),COMPATIBILITY_ONLY_NOT_PRODUCTION,30962.9630,28413.4367,6649.4401,186,186,-0.21475465,,-0.21475465,-0.21475465,-6649.4401,30962.9630,OK,0.0000,265.9776,4.0000,96.0000,AG03-UNRESOLVED,ALL5_LEVELS_bet23_to_bet27,265.9776,265.9776,332.4720,0.0000,0.0000,4.000000,4.000000,5.000000,0.000000,0.000000,96.000000,96.000000,95.000000,100.000000,100.000000,5.0,864.4272,827.7223,5785.0129,5821.7178,PENDING_AG03,FALSE,NOT_FOR_ENFORCEMENT,6383.4625,27276.8992,6649.4401,6383.4625,265.9776,0.21475465,0.20616446,265.9776,6383.4625,0.20616446,265.9776,265.9776,332.4720,0.0000,0.0000,6383.4625,0.20616446,864.4272,827.7223,5785.0129,5821.7178,0.18683654,0.18802199,0.00859019,166.4675,152.7604,35.7497,2216.4800,221.6480,10320.9877,62.0000,,166.4675,17.2265,51.6796,172.2653,344.5306,861.3264,1569.9568,34.4531,0.0,16.666666,30.378663,3.221147,16,23,8,2,0E-8,0.21475465,,0E-8,0.000000,0.917659,0.000000,,2026-05-05,2026-05-08,3,30,25,4,0.750000,,,0.000000,,,,,,,,GLOBAL_BASELINE_NO_ENTITY_RANKING,,,NOT_APPLICABLE_GLOBAL_BASELINE,HF9g-P5,,,,X 全窗基线 · 不参与实体赏罚,14194026,1420,A168_HF9F_20260827_0900,2026-08-27 09:00:00
2026-05-05,149566184,2251,0,86.1326442721,51.6795865633,51.6795865633,0.7500000,4,4,0.49324550000000000,0.493245500000,1.0271117246678039,1.0271117246678039,1.0271117246678039,0E-17,ELIGIBLE,R03b_20260811_FULL_v1,L1_ELIGIBILITY,v2026-08-11,2026-03-21..2026-08-06,baccarat_bet02_101_all_pairs_incl_sentinel,round_win = game_pnl > 0 (decisive only),COMPATIBILITY_ONLY_NOT_PRODUCTION,30962.9630,28413.4367,6649.4401,186,186,-0.21475465,,-0.21475465,-0.21475465,-6649.4401,30962.9630,OK,0.0000,265.9776,4.0000,96.0000,AG03-UNRESOLVED,ALL5_LEVELS_bet23_to_bet27,265.9776,265.9776,332.4720,0.0000,0.0000,4.000000,4.000000,5.000000,0.000000,0.000000,96.000000,96.000000,95.000000,100.000000,100.000000,5.0,864.4272,827.7223,5785.0129,5821.7178,PENDING_AG03,FALSE,NOT_FOR_ENFORCEMENT,6383.4625,27276.8992,6649.4401,6383.4625,265.9776,0.21475465,0.20616446,265.9776,6383.4625,0.20616446,265.9776,265.9776,332.4720,0.0000,0.0000,6383.4625,0.20616446,864.4272,827.7223,5785.0129,5821.7178,0.18683654,0.18802199,0.00859019,166.4675,152.7604,35.7497,2216.4800,221.6480,10320.9877,62.0000,,166.4675,17.2265,51.6796,172.2653,344.5306,861.3264,1569.9568,34.4531,0.0,16.666666,30.378663,3.221147,16,23,8,2,0E-8,0.21475465,,0E-8,0.000000,0.917659,0.000000,,2026-05-05,2026-05-08,3,30,25,4,0.750000,,,0.000000,,,,,,,,GLOBAL_BASELINE_NO_ENTITY_RANKING,,,NOT_APPLICABLE_GLOBAL_BASELINE,HF9g-P5,,,,X 全窗基线 · 不参与实体赏罚,14194027,1420,A168_HF9F_20260827_0900,2026-08-27 09:00:00
2026-05-05,149566184,2252,0,292.8509905253,29.2850990526,29.2850990526,0.4000000,8,8,0.50665070000000000,0.506650700000,-0.4769986289884125,-0.4769986289884125,-0.4769986289884125,0E-17,ELIGIBLE,R03b_20260811_FULL_v1,L1_ELIGIBILITY,v2026-08-11,2026-03-21..2026-08-06,baccarat_bet02_101_all_pairs_incl_sentinel,round_win = game_pnl > 0 (decisive only),COMPATIBILITY_ONLY_NOT_PRODUCTION,30962.9630,28413.4367,6649.4401,186,186,-0.21475465,,-0.21475465,-0.21475465,-6649.4401,30962.9630,OK,0.0000,265.9776,4.0000,96.0000,AG03-UNRESOLVED,ALL5_LEVELS_bet23_to_bet27,265.9776,265.9776,332.4720,0.0000,0.0000,4.000000,4.000000,5.000000,0.000000,0.000000,96.000000,96.000000,95.000000,100.000000,100.000000,5.0,864.4272,827.7223,5785.0129,5821.7178,PENDING_AG03,FALSE,NOT_FOR_ENFORCEMENT,6383.4625,27276.8992,6649.4401,6383.4625,265.9776,0.21475465,0.20616446,265.9776,6383.4625,0.20616446,265.9776,265.9776,332.4720,0.0000,0.0000,6383.4625,0.20616446,864.4272,827.7223,5785.0129,5821.7178,0.18683654,0.18802199,0.00859019,166.4675,152.7604,35.7497,2216.4800,221.6480,10320.9877,62.0000,,166.4675,17.2265,51.6796,172.2653,344.5306,861.3264,1569.9568,34.4531,0.0,16.666666,30.378663,3.221147,16,23,8,2,0E-8,0.21475465,,0E-8,0.000000,0.917659,0.000000,,2026-05-05,2026-05-08,3,30,25,4,0.750000,,,0.000000,,,,,,,,GLOBAL_BASELINE_NO_ENTITY_RANKING,,,NOT_APPLICABLE_GLOBAL_BASELINE,HF9g-P5,,,,X 全窗基线 · 不参与实体赏罚,14194028,1420,A168_HF9F_20260827_0900,2026-08-27 09:00:00
2026-05-05,149566184,919,0,223.9448751077,79.2420327304,79.2420327304,0.6666667,4,4,0.50665070000000000,0.506650700000,0.5543606114942035,0.5543606114942035,0.5543606114942035,0E-17,ELIGIBLE,R03b_20260811_FULL_v1,L1_ELIGIBILITY,v2026-08-11,2026-03-21..2026-08-06,baccarat_bet02_101_all_pairs_incl_sentinel,round_win = game_pnl > 0 (decisive only),COMPATIBILITY_ONLY_NOT_PRODUCTION,30962.9630,28413.4367,6649.4401,186,186,-0.21475465,,-0.21475465,-0.21475465,-6649.4401,30962.9630,OK,0.0000,265.9776,4.0000,96.0000,AG03-UNRESOLVED,ALL5_LEVELS_bet23_to_bet27,265.9776,265.9776,332.4720,0.0000,0.0000,4.000000,4.000000,5.000000,0.000000,0.000000,96.000000,96.000000,95.000000,100.000000,100.000000,5.0,864.4272,827.7223,5785.0129,5821.7178,PENDING_AG03,FALSE,NOT_FOR_ENFORCEMENT,6383.4625,27276.8992,6649.4401,6383.4625,265.9776,0.21475465,0.20616446,265.9776,6383.4625,0.20616446,265.9776,265.9776,332.4720,0.0000,0.0000,6383.4625,0.20616446,864.4272,827.7223,5785.0129,5821.7178,0.18683654,0.18802199,0.00859019,166.4675,152.7604,35.7497,2216.4800,221.6480,10320.9877,62.0000,,166.4675,17.2265,51.6796,172.2653,344.5306,861.3264,1569.9568,34.4531,0.0,16.666666,30.378663,3.221147,16,23,8,2,0E-8,0.21475465,,0E-8,0.000000,0.917659,0.000000,,2026-05-05,2026-05-08,3,30,25,4,0.750000,,,0.000000,,,,,,,,GLOBAL_BASELINE_NO_ENTITY_RANKING,,,NOT_APPLICABLE_GLOBAL_BASELINE,HF9g-P5,,,,X 全窗基线 · 不参与实体赏罚,14194029,1420,A168_HF9F_20260827_0900,2026-08-27 09:00:00
2026-05-05,149566184,948,0,155.0387596896,114.5564168819,114.5564168819,1.0000000,9,9,0.50665070000000000,0.506650700000,2.6107900847367906,2.6107900847367906,2.6107900847367906,0E-17,ELIGIBLE,R03b_20260811_FULL_v1,L1_ELIGIBILITY,v2026-08-11,2026-03-21..2026-08-06,baccarat_bet02_101_all_pairs_incl_sentinel,round_win = game_pnl > 0 (decisive only),COMPATIBILITY_ONLY_NOT_PRODUCTION,30962.9630,28413.4367,6649.4401,186,186,-0.21475465,,-0.21475465,-0.21475465,-6649.4401,30962.9630,OK,0.0000,265.9776,4.0000,96.0000,AG03-UNRESOLVED,ALL5_LEVELS_bet23_to_bet27,265.9776,265.9776,332.4720,0.0000,0.0000,4.000000,4.000000,5.000000,0.000000,0.000000,96.000000,96.000000,95.000000,100.000000,100.000000,5.0,864.4272,827.7223,5785.0129,5821.7178,PENDING_AG03,FALSE,NOT_FOR_ENFORCEMENT,6383.4625,27276.8992,6649.4401,6383.4625,265.9776,0.21475465,0.20616446,265.9776,6383.4625,0.20616446,265.9776,265.9776,332.4720,0.0000,0.0000,6383.4625,0.20616446,864.4272,827.7223,5785.0129,5821.7178,0.18683654,0.18802199,0.00859019,166.4675,152.7604,35.7497,2216.4800,221.6480,10320.9877,62.0000,,166.4675,17.2265,51.6796,172.2653,344.5306,861.3264,1569.9568,34.4531,0.0,16.666666,30.378663,3.221147,16,23,8,2,0E-8,0.21475465,,0E-8,0.000000,0.917659,0.000000,,2026-05-05,2026-05-08,3,30,25,4,0.750000,,,0.000000,,,,,,,,GLOBAL_BASELINE_NO_ENTITY_RANKING,,,NOT_APPLICABLE_GLOBAL_BASELINE,HF9g-P5,,,,X 全窗基线 · 不参与实体赏罚,14194030,1420,A168_HF9F_20260827_0900,2026-08-27 09:00:00
2026-05-06,149566184,-1,1,6046.5116279070,146.4254952627,146.4254952627,0.4545455,24,24,0.49603825000000000,0.496038250000,-0.3892491425211242,-0.3892491425211242,-0.3892491425211242,0E-17,SENTINEL_DEALER,R03b_20260811_FULL_v1,L1_ELIGIBILITY,v2026-08-11,2026-03-21..2026-08-06,baccarat_bet02_101_all_pairs_incl_sentinel,round_win = game_pnl > 0 (decisive only),COMPATIBILITY_ONLY_NOT_PRODUCTION,30962.9630,28413.4367,6649.4401,186,186,-0.21475465,,-0.21475465,-0.21475465,-6649.4401,30962.9630,OK,0.0000,265.9776,4.0000,96.0000,AG03-UNRESOLVED,ALL5_LEVELS_bet23_to_bet27,265.9776,265.9776,332.4720,0.0000,0.0000,4.000000,4.000000,5.000000,0.000000,0.000000,96.000000,96.000000,95.000000,100.000000,100.000000,5.0,864.4272,827.7223,5785.0129,5821.7178,PENDING_AG03,FALSE,NOT_FOR_ENFORCEMENT,6383.4625,27276.8992,6649.4401,6383.4625,265.9776,0.21475465,0.20616446,265.9776,6383.4625,0.20616446,265.9776,265.9776,332.4720,0.0000,0.0000,6383.4625,0.20616446,864.4272,827.7223,5785.0129,5821.7178,0.18683654,0.18802199,0.00859019,166.4675,152.7604,35.7497,2216.4800,221.6480,10320.9877,62.0000,,166.4675,17.2265,51.6796,172.2653,344.5306,861.3264,1569.9568,34.4531,0.0,16.666666,30.378663,3.221147,16,23,8,2,0E-8,0.21475465,,0E-8,0.000000,0.917659,0.000000,,2026-05-05,2026-05-08,3,30,25,4,0.750000,,,0.000000,,,,,,,,GLOBAL_BASELINE_NO_ENTITY_RANKING,,,NOT_APPLICABLE_GLOBAL_BASELINE,HF9g-P5,,,,X 全窗基线 · 不参与实体赏罚,14194031,1420,A168_HF9F_20260827_0900,2026-08-27 09:00:00
2026-05-06,149566184,1330,0,103.3591731266,34.4530577088,34.4530577088,0.5000000,2,2,0.49324550000000000,0.493245500000,0.01910635448239258,0.01910635448239258,0.01910635448239258,0E-17,ELIGIBLE,R03b_20260811_FULL_v1,L1_ELIGIBILITY,v2026-08-11,2026-03-21..2026-08-06,baccarat_bet02_101_all_pairs_incl_sentinel,round_win = game_pnl > 0 (decisive only),COMPATIBILITY_ONLY_NOT_PRODUCTION,30962.9630,28413.4367,6649.4401,186,186,-0.21475465,,-0.21475465,-0.21475465,-6649.4401,30962.9630,OK,0.0000,265.9776,4.0000,96.0000,AG03-UNRESOLVED,ALL5_LEVELS_bet23_to_bet27,265.9776,265.9776,332.4720,0.0000,0.0000,4.000000,4.000000,5.000000,0.000000,0.000000,96.000000,96.000000,95.000000,100.000000,100.000000,5.0,864.4272,827.7223,5785.0129,5821.7178,PENDING_AG03,FALSE,NOT_FOR_ENFORCEMENT,6383.4625,27276.8992,6649.4401,6383.4625,265.9776,0.21475465,0.20616446,265.9776,6383.4625,0.20616446,265.9776,265.9776,332.4720,0.0000,0.0000,6383.4625,0.20616446,864.4272,827.7223,5785.0129,5821.7178,0.18683654,0.18802199,0.00859019,166.4675,152.7604,35.7497,2216.4800,221.6480,10320.9877,62.0000,,166.4675,17.2265,51.6796,172.2653,344.5306,861.3264,1569.9568,34.4531,0.0,16.666666,30.378663,3.221147,16,23,8,2,0E-8,0.21475465,,0E-8,0.000000,0.917659,0.000000,,2026-05-05,2026-05-08,3,30,25,4,0.750000,,,0.000000,,,,,,,,GLOBAL_BASELINE_NO_ENTITY_RANKING,,,NOT_APPLICABLE_GLOBAL_BASELINE,HF9g-P5,,,,X 全窗基线 · 不参与实体赏罚,14194032,1420,A168_HF9F_20260827_0900,2026-08-27 09:00:00
2026-05-06,149566184,2121,0,5546.9422911285,-3331.6106804479,-3331.6106804479,0.2941176,18,18,0.50367176666666667,0.503671766667,-1.7280741348243602,-1.7280741348271176,-1.7280741348243602,-3.3333E-13,ELIGIBLE,R03b_20260811_FULL_v1,L1_ELIGIBILITY,v2026-08-11,2026-03-21..2026-08-06,baccarat_bet02_101_all_pairs_incl_sentinel,round_win = game_pnl > 0 (decisive only),COMPATIBILITY_ONLY_NOT_PRODUCTION,30962.9630,28413.4367,6649.4401,186,186,-0.21475465,,-0.21475465,-0.21475465,-6649.4401,30962.9630,OK,0.0000,265.9776,4.0000,96.0000,AG03-UNRESOLVED,ALL5_LEVELS_bet23_to_bet27,265.9776,265.9776,332.4720,0.0000,0.0000,4.000000,4.000000,5.000000,0.000000,0.000000,96.000000,96.000000,95.000000,100.000000,100.000000,5.0,864.4272,827.7223,5785.0129,5821.7178,PENDING_AG03,FALSE,NOT_FOR_ENFORCEMENT,6383.4625,27276.8992,6649.4401,6383.4625,265.9776,0.21475465,0.20616446,265.9776,6383.4625,0.20616446,265.9776,265.9776,332.4720,0.0000,0.0000,6383.4625,0.20616446,864.4272,827.7223,5785.0129,5821.7178,0.18683654,0.18802199,0.00859019,166.4675,152.7604,35.7497,2216.4800,221.6480,10320.9877,62.0000,,166.4675,17.2265,51.6796,172.2653,344.5306,861.3264,1569.9568,34.4531,0.0,16.666666,30.378663,3.221147,16,23,8,2,0E-8,0.21475465,,0E-8,0.000000,0.917659,0.000000,,2026-05-05,2026-05-08,3,30,25,4,0.750000,,,0.000000,,,,,,,,GLOBAL_BASELINE_NO_ENTITY_RANKING,,,NOT_APPLICABLE_GLOBAL_BASELINE,HF9g-P5,,,,X 全窗基线 · 不参与实体赏罚,14194033,1420,A168_HF9F_20260827_0900,2026-08-27 09:00:00
2026-05-06,149566184,2171,0,258.3979328165,-51.6795865633,-51.6795865633,0.3333333,6,6,0.49324550000000000,0.493245500000,-0.783477916903833,-0.7834779169038328,-0.783477916903833,0E-17,ELIGIBLE,R03b_20260811_FULL_v1,L1_ELIGIBILITY,v2026-08-11,2026-03-21..2026-08-06,baccarat_bet02_101_all_pairs_incl_sentinel,round_win = game_pnl > 0 (decisive only),COMPATIBILITY_ONLY_NOT_PRODUCTION,30962.9630,28413.4367,6649.4401,186,186,-0.21475465,,-0.21475465,-0.21475465,-6649.4401,30962.9630,OK,0.0000,265.9776,4.0000,96.0000,AG03-UNRESOLVED,ALL5_LEVELS_bet23_to_bet27,265.9776,265.9776,332.4720,0.0000,0.0000,4.000000,4.000000,5.000000,0.000000,0.000000,96.000000,96.000000,95.000000,100.000000,100.000000,5.0,864.4272,827.7223,5785.0129,5821.7178,PENDING_AG03,FALSE,NOT_FOR_ENFORCEMENT,6383.4625,27276.8992,6649.4401,6383.4625,265.9776,0.21475465,0.20616446,265.9776,6383.4625,0.20616446,265.9776,265.9776,332.4720,0.0000,0.0000,6383.4625,0.20616446,864.4272,827.7223,5785.0129,5821.7178,0.18683654,0.18802199,0.00859019,166.4675,152.7604,35.7497,2216.4800,221.6480,10320.9877,62.0000,,166.4675,17.2265,51.6796,172.2653,344.5306,861.3264,1569.9568,34.4531,0.0,16.666666,30.378663,3.221147,16,23,8,2,0E-8,0.21475465,,0E-8,0.000000,0.917659,0.000000,,2026-05-05,2026-05-08,3,30,25,4,0.750000,,,0.000000,,,,,,,,GLOBAL_BASELINE_NO_ENTITY_RANKING,,,NOT_APPLICABLE_GLOBAL_BASELINE,HF9g-P5,,,,X 全窗基线 · 不参与实体赏罚,14194034,1420,A168_HF9F_20260827_0900,2026-08-27 09:00:00
2026-05-06,149566184,2222,0,241.1714039621,62.0155038760,62.0155038760,0.5000000,5,5,0.50396966000000000,0.503969660000,-0.0158791404612453,-0.0158791404612453,-0.0158791404612453,0E-17,ELIGIBLE,R03b_20260811_FULL_v1,L1_ELIGIBILITY,v2026-08-11,2026-03-21..2026-08-06,baccarat_bet02_101_all_pairs_incl_sentinel,round_win = game_pnl > 0 (decisive only),COMPATIBILITY_ONLY_NOT_PRODUCTION,30962.9630,28413.4367,6649.4401,186,186,-0.21475465,,-0.21475465,-0.21475465,-6649.4401,30962.9630,OK,0.0000,265.9776,4.0000,96.0000,AG03-UNRESOLVED,ALL5_LEVELS_bet23_to_bet27,265.9776,265.9776,332.4720,0.0000,0.0000,4.000000,4.000000,5.000000,0.000000,0.000000,96.000000,96.000000,95.000000,100.000000,100.000000,5.0,864.4272,827.7223,5785.0129,5821.7178,PENDING_AG03,FALSE,NOT_FOR_ENFORCEMENT,6383.4625,27276.8992,6649.4401,6383.4625,265.9776,0.21475465,0.20616446,265.9776,6383.4625,0.20616446,265.9776,265.9776,332.4720,0.0000,0.0000,6383.4625,0.20616446,864.4272,827.7223,5785.0129,5821.7178,0.18683654,0.18802199,0.00859019,166.4675,152.7604,35.7497,2216.4800,221.6480,10320.9877,62.0000,,166.4675,17.2265,51.6796,172.2653,344.5306,861.3264,1569.9568,34.4531,0.0,16.666666,30.378663,3.221147,16,23,8,2,0E-8,0.21475465,,0E-8,0.000000,0.917659,0.000000,,2026-05-05,2026-05-08,3,30,25,4,0.750000,,,0.000000,,,,,,,,GLOBAL_BASELINE_NO_ENTITY_RANKING,,,NOT_APPLICABLE_GLOBAL_BASELINE,HF9g-P5,,,,X 全窗基线 · 不参与实体赏罚,14194035,1420,A168_HF9F_20260827_0900,2026-08-27 09:00:00
2026-05-06,149566184,2235,0,34.4530577089,32.7304048234,32.7304048234,1.0000000,1,1,0.50665070000000000,0.506650700000,0.9867858985152569,0.9867858985152569,0.9867858985152569,0E-17,ELIGIBLE,R03b_20260811_FULL_v1,L1_ELIGIBILITY,v2026-08-11,2026-03-21..2026-08-06,baccarat_bet02_101_all_pairs_incl_sentinel,round_win = game_pnl > 0 (decisive only),COMPATIBILITY_ONLY_NOT_PRODUCTION,30962.9630,28413.4367,6649.4401,186,186,-0.21475465,,-0.21475465,-0.21475465,-6649.4401,30962.9630,OK,0.0000,265.9776,4.0000,96.0000,AG03-UNRESOLVED,ALL5_LEVELS_bet23_to_bet27,265.9776,265.9776,332.4720,0.0000,0.0000,4.000000,4.000000,5.000000,0.000000,0.000000,96.000000,96.000000,95.000000,100.000000,100.000000,5.0,864.4272,827.7223,5785.0129,5821.7178,PENDING_AG03,FALSE,NOT_FOR_ENFORCEMENT,6383.4625,27276.8992,6649.4401,6383.4625,265.9776,0.21475465,0.20616446,265.9776,6383.4625,0.20616446,265.9776,265.9776,332.4720,0.0000,0.0000,6383.4625,0.20616446,864.4272,827.7223,5785.0129,5821.7178,0.18683654,0.18802199,0.00859019,166.4675,152.7604,35.7497,2216.4800,221.6480,10320.9877,62.0000,,166.4675,17.2265,51.6796,172.2653,344.5306,861.3264,1569.9568,34.4531,0.0,16.666666,30.378663,3.221147,16,23,8,2,0E-8,0.21475465,,0E-8,0.000000,0.917659,0.000000,,2026-05-05,2026-05-08,3,30,25,4,0.750000,,,0.000000,,,,,,,,GLOBAL_BASELINE_NO_ENTITY_RANKING,,,NOT_APPLICABLE_GLOBAL_BASELINE,HF9g-P5,,,,X 全窗基线 · 不参与实体赏罚,14194036,1420,A168_HF9F_20260827_0900,2026-08-27 09:00:00
2026-05-06,149566184,789,0,275.6244616710,275.6244616710,275.6244616710,1.0000000,3,3,0.49324550000000000,0.493245500000,1.755609282511032,1.7556092825110319,1.755609282511032,0E-17,ELIGIBLE,R03b_20260811_FULL_v1,L1_ELIGIBILITY,v2026-08-11,2026-03-21..2026-08-06,baccarat_bet02_101_all_pairs_incl_sentinel,round_win = game_pnl > 0 (decisive only),COMPATIBILITY_ONLY_NOT_PRODUCTION,30962.9630,28413.4367,6649.4401,186,186,-0.21475465,,-0.21475465,-0.21475465,-6649.4401,30962.9630,OK,0.0000,265.9776,4.0000,96.0000,AG03-UNRESOLVED,ALL5_LEVELS_bet23_to_bet27,265.9776,265.9776,332.4720,0.0000,0.0000,4.000000,4.000000,5.000000,0.000000,0.000000,96.000000,96.000000,95.000000,100.000000,100.000000,5.0,864.4272,827.7223,5785.0129,5821.7178,PENDING_AG03,FALSE,NOT_FOR_ENFORCEMENT,6383.4625,27276.8992,6649.4401,6383.4625,265.9776,0.21475465,0.20616446,265.9776,6383.4625,0.20616446,265.9776,265.9776,332.4720,0.0000,0.0000,6383.4625,0.20616446,864.4272,827.7223,5785.0129,5821.7178,0.18683654,0.18802199,0.00859019,166.4675,152.7604,35.7497,2216.4800,221.6480,10320.9877,62.0000,,166.4675,17.2265,51.6796,172.2653,344.5306,861.3264,1569.9568,34.4531,0.0,16.666666,30.378663,3.221147,16,23,8,2,0E-8,0.21475465,,0E-8,0.000000,0.917659,0.000000,,2026-05-05,2026-05-08,3,30,25,4,0.750000,,,0.000000,,,,,,,,GLOBAL_BASELINE_NO_ENTITY_RANKING,,,NOT_APPLICABLE_GLOBAL_BASELINE,HF9g-P5,,,,X 全窗基线 · 不参与实体赏罚,14194037,1420,A168_HF9F_20260827_0900,2026-08-27 09:00:00
2026-05-08,149566184,-1,1,1963.8242894057,620.1550387597,620.1550387597,0.5555556,9,9,0.49771390000000000,0.497713900000,0.34705356093186585,0.34705356093186585,0.34705356093186585,0E-17,SENTINEL_DEALER,R03b_20260811_FULL_v1,L1_ELIGIBILITY,v2026-08-11,2026-03-21..2026-08-06,baccarat_bet02_101_all_pairs_incl_sentinel,round_win = game_pnl > 0 (decisive only),COMPATIBILITY_ONLY_NOT_PRODUCTION,30962.9630,28413.4367,6649.4401,186,186,-0.21475465,,-0.21475465,-0.21475465,-6649.4401,30962.9630,OK,0.0000,265.9776,4.0000,96.0000,AG03-UNRESOLVED,ALL5_LEVELS_bet23_to_bet27,265.9776,265.9776,332.4720,0.0000,0.0000,4.000000,4.000000,5.000000,0.000000,0.000000,96.000000,96.000000,95.000000,100.000000,100.000000,5.0,864.4272,827.7223,5785.0129,5821.7178,PENDING_AG03,FALSE,NOT_FOR_ENFORCEMENT,6383.4625,27276.8992,6649.4401,6383.4625,265.9776,0.21475465,0.20616446,265.9776,6383.4625,0.20616446,265.9776,265.9776,332.4720,0.0000,0.0000,6383.4625,0.20616446,864.4272,827.7223,5785.0129,5821.7178,0.18683654,0.18802199,0.00859019,166.4675,152.7604,35.7497,2216.4800,221.6480,10320.9877,62.0000,,166.4675,17.2265,51.6796,172.2653,344.5306,861.3264,1569.9568,34.4531,0.0,16.666666,30.378663,3.221147,16,23,8,2,0E-8,0.21475465,,0E-8,0.000000,0.917659,0.000000,,2026-05-05,2026-05-08,3,30,25,4,0.750000,,,0.000000,,,,,,,,GLOBAL_BASELINE_NO_ENTITY_RANKING,,,NOT_APPLICABLE_GLOBAL_BASELINE,HF9g-P5,,,,X 全窗基线 · 不参与实体赏罚,14194038,1420,A168_HF9F_20260827_0900,2026-08-27 09:00:00
2026-05-08,149566184,1330,0,258.3979328166,-86.1326442722,-86.1326442722,0E-7,2,2,0.49324550000000000,0.493245500000,-0.9865810262130424,-0.9865810262130424,-0.9865810262130424,0E-17,ELIGIBLE,R03b_20260811_FULL_v1,L1_ELIGIBILITY,v2026-08-11,2026-03-21..2026-08-06,baccarat_bet02_101_all_pairs_incl_sentinel,round_win = game_pnl > 0 (decisive only),COMPATIBILITY_ONLY_NOT_PRODUCTION,30962.9630,28413.4367,6649.4401,186,186,-0.21475465,,-0.21475465,-0.21475465,-6649.4401,30962.9630,OK,0.0000,265.9776,4.0000,96.0000,AG03-UNRESOLVED,ALL5_LEVELS_bet23_to_bet27,265.9776,265.9776,332.4720,0.0000,0.0000,4.000000,4.000000,5.000000,0.000000,0.000000,96.000000,96.000000,95.000000,100.000000,100.000000,5.0,864.4272,827.7223,5785.0129,5821.7178,PENDING_AG03,FALSE,NOT_FOR_ENFORCEMENT,6383.4625,27276.8992,6649.4401,6383.4625,265.9776,0.21475465,0.20616446,265.9776,6383.4625,0.20616446,265.9776,265.9776,332.4720,0.0000,0.0000,6383.4625,0.20616446,864.4272,827.7223,5785.0129,5821.7178,0.18683654,0.18802199,0.00859019,166.4675,152.7604,35.7497,2216.4800,221.6480,10320.9877,62.0000,,166.4675,17.2265,51.6796,172.2653,344.5306,861.3264,1569.9568,34.4531,0.0,16.666666,30.378663,3.221147,16,23,8,2,0E-8,0.21475465,,0E-8,0.000000,0.917659,0.000000,,2026-05-05,2026-05-08,3,30,25,4,0.750000,,,0.000000,,,,,,,,GLOBAL_BASELINE_NO_ENTITY_RANKING,,,NOT_APPLICABLE_GLOBAL_BASELINE,HF9g-P5,,,,X 全窗基线 · 不参与实体赏罚,14194039,1420,A168_HF9F_20260827_0900,2026-08-27 09:00:00
2026-05-08,149566184,1942,0,6501.2919896640,-6165.3746770025,-6165.3746770025,0.1666667,6,6,0.50665070000000000,0.506650700000,-1.6657221670529434,-1.6657221670529434,-1.6657221670529434,0E-17,ELIGIBLE,R03b_20260811_FULL_v1,L1_ELIGIBILITY,v2026-08-11,2026-03-21..2026-08-06,baccarat_bet02_101_all_pairs_incl_sentinel,round_win = game_pnl > 0 (decisive only),COMPATIBILITY_ONLY_NOT_PRODUCTION,30962.9630,28413.4367,6649.4401,186,186,-0.21475465,,-0.21475465,-0.21475465,-6649.4401,30962.9630,OK,0.0000,265.9776,4.0000,96.0000,AG03-UNRESOLVED,ALL5_LEVELS_bet23_to_bet27,265.9776,265.9776,332.4720,0.0000,0.0000,4.000000,4.000000,5.000000,0.000000,0.000000,96.000000,96.000000,95.000000,100.000000,100.000000,5.0,864.4272,827.7223,5785.0129,5821.7178,PENDING_AG03,FALSE,NOT_FOR_ENFORCEMENT,6383.4625,27276.8992,6649.4401,6383.4625,265.9776,0.21475465,0.20616446,265.9776,6383.4625,0.20616446,265.9776,265.9776,332.4720,0.0000,0.0000,6383.4625,0.20616446,864.4272,827.7223,5785.0129,5821.7178,0.18683654,0.18802199,0.00859019,166.4675,152.7604,35.7497,2216.4800,221.6480,10320.9877,62.0000,,166.4675,17.2265,51.6796,172.2653,344.5306,861.3264,1569.9568,34.4531,0.0,16.666666,30.378663,3.221147,16,23,8,2,0E-8,0.21475465,,0E-8,0.000000,0.917659,0.000000,,2026-05-05,2026-05-08,3,30,25,4,0.750000,,,0.000000,,,,,,,,GLOBAL_BASELINE_NO_ENTITY_RANKING,,,NOT_APPLICABLE_GLOBAL_BASELINE,HF9g-P5,,,,X 全窗基线 · 不参与实体赏罚,14194040,1420,A168_HF9F_20260827_0900,2026-08-27 09:00:00
2026-05-08,149566184,1963,0,3273.0404823429,422.0499569336,422.0499569336,0.4285714,7,7,0.50665070000000000,0.506650700000,-0.4131932236838825,-0.4131932236838825,-0.4131932236838825,0E-17,ELIGIBLE,R03b_20260811_FULL_v1,L1_ELIGIBILITY,v2026-08-11,2026-03-21..2026-08-06,baccarat_bet02_101_all_pairs_incl_sentinel,round_win = game_pnl > 0 (decisive only),COMPATIBILITY_ONLY_NOT_PRODUCTION,30962.9630,28413.4367,6649.4401,186,186,-0.21475465,,-0.21475465,-0.21475465,-6649.4401,30962.9630,OK,0.0000,265.9776,4.0000,96.0000,AG03-UNRESOLVED,ALL5_LEVELS_bet23_to_bet27,265.9776,265.9776,332.4720,0.0000,0.0000,4.000000,4.000000,5.000000,0.000000,0.000000,96.000000,96.000000,95.000000,100.000000,100.000000,5.0,864.4272,827.7223,5785.0129,5821.7178,PENDING_AG03,FALSE,NOT_FOR_ENFORCEMENT,6383.4625,27276.8992,6649.4401,6383.4625,265.9776,0.21475465,0.20616446,265.9776,6383.4625,0.20616446,265.9776,265.9776,332.4720,0.0000,0.0000,6383.4625,0.20616446,864.4272,827.7223,5785.0129,5821.7178,0.18683654,0.18802199,0.00859019,166.4675,152.7604,35.7497,2216.4800,221.6480,10320.9877,62.0000,,166.4675,17.2265,51.6796,172.2653,344.5306,861.3264,1569.9568,34.4531,0.0,16.666666,30.378663,3.221147,16,23,8,2,0E-8,0.21475465,,0E-8,0.000000,0.917659,0.000000,,2026-05-05,2026-05-08,3,30,25,4,0.750000,,,0.000000,,,,,,,,GLOBAL_BASELINE_NO_ENTITY_RANKING,,,NOT_APPLICABLE_GLOBAL_BASELINE,HF9g-P5,,,,X 全窗基线 · 不参与实体赏罚,14194041,1420,A168_HF9F_20260827_0900,2026-08-27 09:00:00
2026-05-08,149566184,2088,0,499.5693367786,-275.6244616710,-275.6244616710,0.2000000,7,7,0.49324550000000000,0.493245500000,-1.3115534243649334,-1.3115534243649334,-1.3115534243649334,0E-17,ELIGIBLE,R03b_20260811_FULL_v1,L1_ELIGIBILITY,v2026-08-11,2026-03-21..2026-08-06,baccarat_bet02_101_all_pairs_incl_sentinel,round_win = game_pnl > 0 (decisive only),COMPATIBILITY_ONLY_NOT_PRODUCTION,30962.9630,28413.4367,6649.4401,186,186,-0.21475465,,-0.21475465,-0.21475465,-6649.4401,30962.9630,OK,0.0000,265.9776,4.0000,96.0000,AG03-UNRESOLVED,ALL5_LEVELS_bet23_to_bet27,265.9776,265.9776,332.4720,0.0000,0.0000,4.000000,4.000000,5.000000,0.000000,0.000000,96.000000,96.000000,95.000000,100.000000,100.000000,5.0,864.4272,827.7223,5785.0129,5821.7178,PENDING_AG03,FALSE,NOT_FOR_ENFORCEMENT,6383.4625,27276.8992,6649.4401,6383.4625,265.9776,0.21475465,0.20616446,265.9776,6383.4625,0.20616446,265.9776,265.9776,332.4720,0.0000,0.0000,6383.4625,0.20616446,864.4272,827.7223,5785.0129,5821.7178,0.18683654,0.18802199,0.00859019,166.4675,152.7604,35.7497,2216.4800,221.6480,10320.9877,62.0000,,166.4675,17.2265,51.6796,172.2653,344.5306,861.3264,1569.9568,34.4531,0.0,16.666666,30.378663,3.221147,16,23,8,2,0E-8,0.21475465,,0E-8,0.000000,0.917659,0.000000,,2026-05-05,2026-05-08,3,30,25,4,0.750000,,,0.000000,,,,,,,,GLOBAL_BASELINE_NO_ENTITY_RANKING,,,NOT_APPLICABLE_GLOBAL_BASELINE,HF9g-P5,,,,X 全窗基线 · 不参与实体赏罚,14194042,1420,A168_HF9F_20260827_0900,2026-08-27 09:00:00
2026-05-08,149566184,2233,0,1068.0447889750,378.9836347976,378.9836347976,0.6666667,3,3,0.49324550000000000,0.493245500000,0.6008033672792107,0.6008033672792106,0.6008033672792107,0E-17,ELIGIBLE,R03b_20260811_FULL_v1,L1_ELIGIBILITY,v2026-08-11,2026-03-21..2026-08-06,baccarat_bet02_101_all_pairs_incl_sentinel,round_win = game_pnl > 0 (decisive only),COMPATIBILITY_ONLY_NOT_PRODUCTION,30962.9630,28413.4367,6649.4401,186,186,-0.21475465,,-0.21475465,-0.21475465,-6649.4401,30962.9630,OK,0.0000,265.9776,4.0000,96.0000,AG03-UNRESOLVED,ALL5_LEVELS_bet23_to_bet27,265.9776,265.9776,332.4720,0.0000,0.0000,4.000000,4.000000,5.000000,0.000000,0.000000,96.000000,96.000000,95.000000,100.000000,100.000000,5.0,864.4272,827.7223,5785.0129,5821.7178,PENDING_AG03,FALSE,NOT_FOR_ENFORCEMENT,6383.4625,27276.8992,6649.4401,6383.4625,265.9776,0.21475465,0.20616446,265.9776,6383.4625,0.20616446,265.9776,265.9776,332.4720,0.0000,0.0000,6383.4625,0.20616446,864.4272,827.7223,5785.0129,5821.7178,0.18683654,0.18802199,0.00859019,166.4675,152.7604,35.7497,2216.4800,221.6480,10320.9877,62.0000,,166.4675,17.2265,51.6796,172.2653,344.5306,861.3264,1569.9568,34.4531,0.0,16.666666,30.378663,3.221147,16,23,8,2,0E-8,0.21475465,,0E-8,0.000000,0.917659,0.000000,,2026-05-05,2026-05-08,3,30,25,4,0.750000,,,0.000000,,,,,,,,GLOBAL_BASELINE_NO_ENTITY_RANKING,,,NOT_APPLICABLE_GLOBAL_BASELINE,HF9g-P5,,,,X 全窗基线 · 不参与实体赏罚,14194043,1420,A168_HF9F_20260827_0900,2026-08-27 09:00:00
2026-05-08,149566184,986,0,516.7958656332,172.2652885444,172.2652885444,0.6666667,3,3,0.49324550000000000,0.493245500000,0.6008033672792107,0.6008033672792106,0.6008033672792107,0E-17,ELIGIBLE,R03b_20260811_FULL_v1,L1_ELIGIBILITY,v2026-08-11,2026-03-21..2026-08-06,baccarat_bet02_101_all_pairs_incl_sentinel,round_win = game_pnl > 0 (decisive only),COMPATIBILITY_ONLY_NOT_PRODUCTION,30962.9630,28413.4367,6649.4401,186,186,-0.21475465,,-0.21475465,-0.21475465,-6649.4401,30962.9630,OK,0.0000,265.9776,4.0000,96.0000,AG03-UNRESOLVED,ALL5_LEVELS_bet23_to_bet27,265.9776,265.9776,332.4720,0.0000,0.0000,4.000000,4.000000,5.000000,0.000000,0.000000,96.000000,96.000000,95.000000,100.000000,100.000000,5.0,864.4272,827.7223,5785.0129,5821.7178,PENDING_AG03,FALSE,NOT_FOR_ENFORCEMENT,6383.4625,27276.8992,6649.4401,6383.4625,265.9776,0.21475465,0.20616446,265.9776,6383.4625,0.20616446,265.9776,265.9776,332.4720,0.0000,0.0000,6383.4625,0.20616446,864.4272,827.7223,5785.0129,5821.7178,0.18683654,0.18802199,0.00859019,166.4675,152.7604,35.7497,2216.4800,221.6480,10320.9877,62.0000,,166.4675,17.2265,51.6796,172.2653,344.5306,861.3264,1569.9568,34.4531,0.0,16.666666,30.378663,3.221147,16,23,8,2,0E-8,0.21475465,,0E-8,0.000000,0.917659,0.000000,,2026-05-05,2026-05-08,3,30,25,4,0.750000,,,0.000000,,,,,,,,GLOBAL_BASELINE_NO_ENTITY_RANKING,,,NOT_APPLICABLE_GLOBAL_BASELINE,HF9g-P5,,,,X 全窗基线 · 不参与实体赏罚,14194044,1420,A168_HF9F_20260827_0900,2026-08-27 09:00:00
2026-03-22,110249610,2175,0,14.0154169586,-0.5819961279,-0.5819961279,0.5000000,2,2,0.50665070000000000,0.506650700000,-0.018812684590367487,-0.018812684590367487,-0.018812684590367487,0E-17,ELIGIBLE,R03b_20260811_FULL_v1,L1_ELIGIBILITY,v2026-08-11,2026-03-21..2026-08-06,baccarat_bet02_101_all_pairs_incl_sentinel,round_win = game_pnl > 0 (decisive only),COMPATIBILITY_ONLY_NOT_PRODUCTION,296357.1217,267511.9505,6650.6079,18220,18206,-0.02244119,-0.04150452,-0.02020951,-0.02244119,-6650.6079,296357.1217,OK,0.0000,266.0243,4.0000,96.0000,AG03-UNRESOLVED,ALL5_LEVELS_bet23_to_bet27,266.0243,266.0243,266.0243,332.5304,332.5304,4.000000,4.000000,4.000000,5.000000,5.000000,96.000000,96.000000,96.000000,95.000000,95.000000,5.0,1463.1337,1340.2688,5187.4742,5310.3391,PENDING_AG03,FALSE,NOT_FOR_ENFORCEMENT,6384.5836,256811.4724,6650.6079,6384.5836,266.0243,0.02244119,0.02154355,266.0243,6384.5836,0.02154355,266.0243,266.0243,266.0243,332.5304,332.5304,6384.5836,0.02154355,1463.1337,1340.2688,5187.4742,5310.3391,0.01750413,0.01791872,0.00089765,16.2655,14.6936,0.3653,59.3804,1.1678,2646.0457,162.5536,12.4780,16.8648,9.0895,16.5695,22.0926,29.825,33.4482,44.5976,11.8163,0.0,2.018664,2.691552,0.981654,30,240,141,4,0.10479828,0.02244119,0.04150452,0E-8,0.000000,0.902668,0.011910,-0.02129501,2026-03-22,2026-08-05,112,5695,2177,137,0.817518,0.739886,0.767145,0.349328,,,,,,,,GLOBAL_BASELINE_NO_ENTITY_RANKING,,,NOT_APPLICABLE_GLOBAL_BASELINE,HF9g-P5,,,,X 全窗基线 · 不参与实体赏罚,14194045,1420,A168_HF9F_20260827_0900,2026-08-27 09:00:00
2026-03-22,110249610,2216,0,5.9387359994,-5.9387359994,-5.9387359994,0E-7,1,1,0.49324550000000000,0.493245500000,-0.9865810262130424,-0.9865810262130424,-0.9865810262130424,0E-17,ELIGIBLE,R03b_20260811_FULL_v1,L1_ELIGIBILITY,v2026-08-11,2026-03-21..2026-08-06,baccarat_bet02_101_all_pairs_incl_sentinel,round_win = game_pnl > 0 (decisive only),COMPATIBILITY_ONLY_NOT_PRODUCTION,296357.1217,267511.9505,6650.6079,18220,18206,-0.02244119,-0.04150452,-0.02020951,-0.02244119,-6650.6079,296357.1217,OK,0.0000,266.0243,4.0000,96.0000,AG03-UNRESOLVED,ALL5_LEVELS_bet23_to_bet27,266.0243,266.0243,266.0243,332.5304,332.5304,4.000000,4.000000,4.000000,5.000000,5.000000,96.000000,96.000000,96.000000,95.000000,95.000000,5.0,1463.1337,1340.2688,5187.4742,5310.3391,PENDING_AG03,FALSE,NOT_FOR_ENFORCEMENT,6384.5836,256811.4724,6650.6079,6384.5836,266.0243,0.02244119,0.02154355,266.0243,6384.5836,0.02154355,266.0243,266.0243,266.0243,332.5304,332.5304,6384.5836,0.02154355,1463.1337,1340.2688,5187.4742,5310.3391,0.01750413,0.01791872,0.00089765,16.2655,14.6936,0.3653,59.3804,1.1678,2646.0457,162.5536,12.4780,16.8648,9.0895,16.5695,22.0926,29.825,33.4482,44.5976,11.8163,0.0,2.018664,2.691552,0.981654,30,240,141,4,0.10479828,0.02244119,0.04150452,0E-8,0.000000,0.902668,0.011910,-0.02129501,2026-03-22,2026-08-05,112,5695,2177,137,0.817518,0.739886,0.767145,0.349328,,,,,,,,GLOBAL_BASELINE_NO_ENTITY_RANKING,,,NOT_APPLICABLE_GLOBAL_BASELINE,HF9g-P5,,,,X 全窗基线 · 不参与实体赏罚,14194046,1420,A168_HF9F_20260827_0900,2026-08-27 09:00:00
2026-03-22,110249610,2246,0,22.0920979179,-2.8684094877,-2.8684094877,0.6666667,3,3,0.50665070000000000,0.506650700000,0.5543606114942035,0.5543606114942035,0.5543606114942035,0E-17,ELIGIBLE,R03b_20260811_FULL_v1,L1_ELIGIBILITY,v2026-08-11,2026-03-21..2026-08-06,baccarat_bet02_101_all_pairs_incl_sentinel,round_win = game_pnl > 0 (decisive only),COMPATIBILITY_ONLY_NOT_PRODUCTION,296357.1217,267511.9505,6650.6079,18220,18206,-0.02244119,-0.04150452,-0.02020951,-0.02244119,-6650.6079,296357.1217,OK,0.0000,266.0243,4.0000,96.0000,AG03-UNRESOLVED,ALL5_LEVELS_bet23_to_bet27,266.0243,266.0243,266.0243,332.5304,332.5304,4.000000,4.000000,4.000000,5.000000,5.000000,96.000000,96.000000,96.000000,95.000000,95.000000,5.0,1463.1337,1340.2688,5187.4742,5310.3391,PENDING_AG03,FALSE,NOT_FOR_ENFORCEMENT,6384.5836,256811.4724,6650.6079,6384.5836,266.0243,0.02244119,0.02154355,266.0243,6384.5836,0.02154355,266.0243,266.0243,266.0243,332.5304,332.5304,6384.5836,0.02154355,1463.1337,1340.2688,5187.4742,5310.3391,0.01750413,0.01791872,0.00089765,16.2655,14.6936,0.3653,59.3804,1.1678,2646.0457,162.5536,12.4780,16.8648,9.0895,16.5695,22.0926,29.825,33.4482,44.5976,11.8163,0.0,2.018664,2.691552,0.981654,30,240,141,4,0.10479828,0.02244119,0.04150452,0E-8,0.000000,0.902668,0.011910,-0.02129501,2026-03-22,2026-08-05,112,5695,2177,137,0.817518,0.739886,0.767145,0.349328,,,,,,,,GLOBAL_BASELINE_NO_ENTITY_RANKING,,,NOT_APPLICABLE_GLOBAL_BASELINE,HF9g-P5,,,,X 全窗基线 · 不参与实体赏罚,14194047,1420,A168_HF9F_20260827_0900,2026-08-27 09:00:00
2026-03-23,110249610,1017,0,29.0998063972,-6.5326095994,-6.5326095994,0.3333333,3,3,0.49771390000000000,0.497713900000,-0.5694369385616226,-0.5694369385616226,-0.5694369385616226,0E-17,ELIGIBLE,R03b_20260811_FULL_v1,L1_ELIGIBILITY,v2026-08-11,2026-03-21..2026-08-06,baccarat_bet02_101_all_pairs_incl_sentinel,round_win = game_pnl > 0 (decisive only),COMPATIBILITY_ONLY_NOT_PRODUCTION,296357.1217,267511.9505,6650.6079,18220,18206,-0.02244119,-0.04150452,-0.02020951,-0.02244119,-6650.6079,296357.1217,OK,0.0000,266.0243,4.0000,96.0000,AG03-UNRESOLVED,ALL5_LEVELS_bet23_to_bet27,266.0243,266.0243,266.0243,332.5304,332.5304,4.000000,4.000000,4.000000,5.000000,5.000000,96.000000,96.000000,96.000000,95.000000,95.000000,5.0,1463.1337,1340.2688,5187.4742,5310.3391,PENDING_AG03,FALSE,NOT_FOR_ENFORCEMENT,6384.5836,256811.4724,6650.6079,6384.5836,266.0243,0.02244119,0.02154355,266.0243,6384.5836,0.02154355,266.0243,266.0243,266.0243,332.5304,332.5304,6384.5836,0.02154355,1463.1337,1340.2688,5187.4742,5310.3391,0.01750413,0.01791872,0.00089765,16.2655,14.6936,0.3653,59.3804,1.1678,2646.0457,162.5536,12.4780,16.8648,9.0895,16.5695,22.0926,29.825,33.4482,44.5976,11.8163,0.0,2.018664,2.691552,0.981654,30,240,141,4,0.10479828,0.02244119,0.04150452,0E-8,0.000000,0.902668,0.011910,-0.02129501,2026-03-22,2026-08-05,112,5695,2177,137,0.817518,0.739886,0.767145,0.349328,,,,,,,,GLOBAL_BASELINE_NO_ENTITY_RANKING,,,NOT_APPLICABLE_GLOBAL_BASELINE,HF9g-P5,,,,X 全窗基线 · 不参与实体赏罚,14194048,1420,A168_HF9F_20260827_0900,2026-08-27 09:00:00
2026-03-23,110249610,1393,0,5.9387359994,-5.9387359994,-5.9387359994,0E-7,1,1,0.49324550000000000,0.493245500000,-0.9865810262130424,-0.9865810262130424,-0.9865810262130424,0E-17,ELIGIBLE,R03b_20260811_FULL_v1,L1_ELIGIBILITY,v2026-08-11,2026-03-21..2026-08-06,baccarat_bet02_101_all_pairs_incl_sentinel,round_win = game_pnl > 0 (decisive only),COMPATIBILITY_ONLY_NOT_PRODUCTION,296357.1217,267511.9505,6650.6079,18220,18206,-0.02244119,-0.04150452,-0.02020951,-0.02244119,-6650.6079,296357.1217,OK,0.0000,266.0243,4.0000,96.0000,AG03-UNRESOLVED,ALL5_LEVELS_bet23_to_bet27,266.0243,266.0243,266.0243,332.5304,332.5304,4.000000,4.000000,4.000000,5.000000,5.000000,96.000000,96.000000,96.000000,95.000000,95.000000,5.0,1463.1337,1340.2688,5187.4742,5310.3391,PENDING_AG03,FALSE,NOT_FOR_ENFORCEMENT,6384.5836,256811.4724,6650.6079,6384.5836,266.0243,0.02244119,0.02154355,266.0243,6384.5836,0.02154355,266.0243,266.0243,266.0243,332.5304,332.5304,6384.5836,0.02154355,1463.1337,1340.2688,5187.4742,5310.3391,0.01750413,0.01791872,0.00089765,16.2655,14.6936,0.3653,59.3804,1.1678,2646.0457,162.5536,12.4780,16.8648,9.0895,16.5695,22.0926,29.825,33.4482,44.5976,11.8163,0.0,2.018664,2.691552,0.981654,30,240,141,4,0.10479828,0.02244119,0.04150452,0E-8,0.000000,0.902668,0.011910,-0.02129501,2026-03-22,2026-08-05,112,5695,2177,137,0.817518,0.739886,0.767145,0.349328,,,,,,,,GLOBAL_BASELINE_NO_ENTITY_RANKING,,,NOT_APPLICABLE_GLOBAL_BASELINE,HF9g-P5,,,,X 全窗基线 · 不参与实体赏罚,14194049,1420,A168_HF9F_20260827_0900,2026-08-27 09:00:00
2026-03-23,110249610,1485,0,10.6897247990,-10.6897247990,-10.6897247990,0E-7,1,1,0.49324550000000000,0.493245500000,-0.9865810262130424,-0.9865810262130424,-0.9865810262130424,0E-17,ELIGIBLE,R03b_20260811_FULL_v1,L1_ELIGIBILITY,v2026-08-11,2026-03-21..2026-08-06,baccarat_bet02_101_all_pairs_incl_sentinel,round_win = game_pnl > 0 (decisive only),COMPATIBILITY_ONLY_NOT_PRODUCTION,296357.1217,267511.9505,6650.6079,18220,18206,-0.02244119,-0.04150452,-0.02020951,-0.02244119,-6650.6079,296357.1217,OK,0.0000,266.0243,4.0000,96.0000,AG03-UNRESOLVED,ALL5_LEVELS_bet23_to_bet27,266.0243,266.0243,266.0243,332.5304,332.5304,4.000000,4.000000,4.000000,5.000000,5.000000,96.000000,96.000000,96.000000,95.000000,95.000000,5.0,1463.1337,1340.2688,5187.4742,5310.3391,PENDING_AG03,FALSE,NOT_FOR_ENFORCEMENT,6384.5836,256811.4724,6650.6079,6384.5836,266.0243,0.02244119,0.02154355,266.0243,6384.5836,0.02154355,266.0243,266.0243,266.0243,332.5304,332.5304,6384.5836,0.02154355,1463.1337,1340.2688,5187.4742,5310.3391,0.01750413,0.01791872,0.00089765,16.2655,14.6936,0.3653,59.3804,1.1678,2646.0457,162.5536,12.4780,16.8648,9.0895,16.5695,22.0926,29.825,33.4482,44.5976,11.8163,0.0,2.018664,2.691552,0.981654,30,240,141,4,0.10479828,0.02244119,0.04150452,0E-8,0.000000,0.902668,0.011910,-0.02129501,2026-03-22,2026-08-05,112,5695,2177,137,0.817518,0.739886,0.767145,0.349328,,,,,,,,GLOBAL_BASELINE_NO_ENTITY_RANKING,,,NOT_APPLICABLE_GLOBAL_BASELINE,HF9g-P5,,,,X 全窗基线 · 不参与实体赏罚,14194050,1420,A168_HF9F_20260827_0900,2026-08-27 09:00:00
2026-03-23,110249610,1942,0,12.4713455988,-12.4713455988,-12.4713455988,0E-7,1,1,0.50665070000000000,0.506650700000,-1.013391052207602,-1.013391052207602,-1.013391052207602,0E-17,ELIGIBLE,R03b_20260811_FULL_v1,L1_ELIGIBILITY,v2026-08-11,2026-03-21..2026-08-06,baccarat_bet02_101_all_pairs_incl_sentinel,round_win = game_pnl > 0 (decisive only),COMPATIBILITY_ONLY_NOT_PRODUCTION,296357.1217,267511.9505,6650.6079,18220,18206,-0.02244119,-0.04150452,-0.02020951,-0.02244119,-6650.6079,296357.1217,OK,0.0000,266.0243,4.0000,96.0000,AG03-UNRESOLVED,ALL5_LEVELS_bet23_to_bet27,266.0243,266.0243,266.0243,332.5304,332.5304,4.000000,4.000000,4.000000,5.000000,5.000000,96.000000,96.000000,96.000000,95.000000,95.000000,5.0,1463.1337,1340.2688,5187.4742,5310.3391,PENDING_AG03,FALSE,NOT_FOR_ENFORCEMENT,6384.5836,256811.4724,6650.6079,6384.5836,266.0243,0.02244119,0.02154355,266.0243,6384.5836,0.02154355,266.0243,266.0243,266.0243,332.5304,332.5304,6384.5836,0.02154355,1463.1337,1340.2688,5187.4742,5310.3391,0.01750413,0.01791872,0.00089765,16.2655,14.6936,0.3653,59.3804,1.1678,2646.0457,162.5536,12.4780,16.8648,9.0895,16.5695,22.0926,29.825,33.4482,44.5976,11.8163,0.0,2.018664,2.691552,0.981654,30,240,141,4,0.10479828,0.02244119,0.04150452,0E-8,0.000000,0.902668,0.011910,-0.02129501,2026-03-22,2026-08-05,112,5695,2177,137,0.817518,0.739886,0.767145,0.349328,,,,,,,,GLOBAL_BASELINE_NO_ENTITY_RANKING,,,NOT_APPLICABLE_GLOBAL_BASELINE,HF9g-P5,,,,X 全窗基线 · 不参与实体赏罚,14194051,1420,A168_HF9F_20260827_0900,2026-08-27 09:00:00
2026-03-23,110249610,2222,0,23.7549439978,-0.5938736000,-0.5938736000,0.5000000,2,2,0.50665070000000000,0.506650700000,-0.018812684590367487,-0.018812684590367487,-0.018812684590367487,0E-17,ELIGIBLE,R03b_20260811_FULL_v1,L1_ELIGIBILITY,v2026-08-11,2026-03-21..2026-08-06,baccarat_bet02_101_all_pairs_incl_sentinel,round_win = game_pnl > 0 (decisive only),COMPATIBILITY_ONLY_NOT_PRODUCTION,296357.1217,267511.9505,6650.6079,18220,18206,-0.02244119,-0.04150452,-0.02020951,-0.02244119,-6650.6079,296357.1217,OK,0.0000,266.0243,4.0000,96.0000,AG03-UNRESOLVED,ALL5_LEVELS_bet23_to_bet27,266.0243,266.0243,266.0243,332.5304,332.5304,4.000000,4.000000,4.000000,5.000000,5.000000,96.000000,96.000000,96.000000,95.000000,95.000000,5.0,1463.1337,1340.2688,5187.4742,5310.3391,PENDING_AG03,FALSE,NOT_FOR_ENFORCEMENT,6384.5836,256811.4724,6650.6079,6384.5836,266.0243,0.02244119,0.02154355,266.0243,6384.5836,0.02154355,266.0243,266.0243,266.0243,332.5304,332.5304,6384.5836,0.02154355,1463.1337,1340.2688,5187.4742,5310.3391,0.01750413,0.01791872,0.00089765,16.2655,14.6936,0.3653,59.3804,1.1678,2646.0457,162.5536,12.4780,16.8648,9.0895,16.5695,22.0926,29.825,33.4482,44.5976,11.8163,0.0,2.018664,2.691552,0.981654,30,240,141,4,0.10479828,0.02244119,0.04150452,0E-8,0.000000,0.902668,0.011910,-0.02129501,2026-03-22,2026-08-05,112,5695,2177,137,0.817518,0.739886,0.767145,0.349328,,,,,,,,GLOBAL_BASELINE_NO_ENTITY_RANKING,,,NOT_APPLICABLE_GLOBAL_BASELINE,HF9g-P5,,,,X 全窗基线 · 不参与实体赏罚,14194052,1420,A168_HF9F_20260827_0900,2026-08-27 09:00:00
2026-03-26,110249610,-1,1,24.9426911975,-13.0652191987,-13.0652191987,0.2500000,4,4,0.49659680000000000,0.496596800000,-0.9864100490137353,-0.9864100490137354,-0.9864100490137353,0E-17,SENTINEL_DEALER,R03b_20260811_FULL_v1,L1_ELIGIBILITY,v2026-08-11,2026-03-21..2026-08-06,baccarat_bet02_101_all_pairs_incl_sentinel,round_win = game_pnl > 0 (decisive only),COMPATIBILITY_ONLY_NOT_PRODUCTION,296357.1217,267511.9505,6650.6079,18220,18206,-0.02244119,-0.04150452,-0.02020951,-0.02244119,-6650.6079,296357.1217,OK,0.0000,266.0243,4.0000,96.0000,AG03-UNRESOLVED,ALL5_LEVELS_bet23_to_bet27,266.0243,266.0243,266.0243,332.5304,332.5304,4.000000,4.000000,4.000000,5.000000,5.000000,96.000000,96.000000,96.000000,95.000000,95.000000,5.0,1463.1337,1340.2688,5187.4742,5310.3391,PENDING_AG03,FALSE,NOT_FOR_ENFORCEMENT,6384.5836,256811.4724,6650.6079,6384.5836,266.0243,0.02244119,0.02154355,266.0243,6384.5836,0.02154355,266.0243,266.0243,266.0243,332.5304,332.5304,6384.5836,0.02154355,1463.1337,1340.2688,5187.4742,5310.3391,0.01750413,0.01791872,0.00089765,16.2655,14.6936,0.3653,59.3804,1.1678,2646.0457,162.5536,12.4780,16.8648,9.0895,16.5695,22.0926,29.825,33.4482,44.5976,11.8163,0.0,2.018664,2.691552,0.981654,30,240,141,4,0.10479828,0.02244119,0.04150452,0E-8,0.000000,0.902668,0.011910,-0.02129501,2026-03-22,2026-08-05,112,5695,2177,137,0.817518,0.739886,0.767145,0.349328,,,,,,,,GLOBAL_BASELINE_NO_ENTITY_RANKING,,,NOT_APPLICABLE_GLOBAL_BASELINE,HF9g-P5,,,,X 全窗基线 · 不参与实体赏罚,14194053,1420,A168_HF9F_20260827_0900,2026-08-27 09:00:00
2026-03-26,110249610,2088,0,11.8774719989,0E-10,0E-10,,1,1,0.50665070000000000,0.506650700000,,,,0E-17,NO_DECISIVE_ROUND,R03b_20260811_FULL_v1,L1_ELIGIBILITY,v2026-08-11,2026-03-21..2026-08-06,baccarat_bet02_101_all_pairs_incl_sentinel,round_win = game_pnl > 0 (decisive only),COMPATIBILITY_ONLY_NOT_PRODUCTION,296357.1217,267511.9505,6650.6079,18220,18206,-0.02244119,-0.04150452,-0.02020951,-0.02244119,-6650.6079,296357.1217,OK,0.0000,266.0243,4.0000,96.0000,AG03-UNRESOLVED,ALL5_LEVELS_bet23_to_bet27,266.0243,266.0243,266.0243,332.5304,332.5304,4.000000,4.000000,4.000000,5.000000,5.000000,96.000000,96.000000,96.000000,95.000000,95.000000,5.0,1463.1337,1340.2688,5187.4742,5310.3391,PENDING_AG03,FALSE,NOT_FOR_ENFORCEMENT,6384.5836,256811.4724,6650.6079,6384.5836,266.0243,0.02244119,0.02154355,266.0243,6384.5836,0.02154355,266.0243,266.0243,266.0243,332.5304,332.5304,6384.5836,0.02154355,1463.1337,1340.2688,5187.4742,5310.3391,0.01750413,0.01791872,0.00089765,16.2655,14.6936,0.3653,59.3804,1.1678,2646.0457,162.5536,12.4780,16.8648,9.0895,16.5695,22.0926,29.825,33.4482,44.5976,11.8163,0.0,2.018664,2.691552,0.981654,30,240,141,4,0.10479828,0.02244119,0.04150452,0E-8,0.000000,0.902668,0.011910,-0.02129501,2026-03-22,2026-08-05,112,5695,2177,137,0.817518,0.739886,0.767145,0.349328,,,,,,,,GLOBAL_BASELINE_NO_ENTITY_RANKING,,,NOT_APPLICABLE_GLOBAL_BASELINE,HF9g-P5,,,,X 全窗基线 · 不参与实体赏罚,14194054,1420,A168_HF9F_20260827_0900,2026-08-27 09:00:00
2026-03-26,110249610,2121,0,35.6324159967,-12.4713455989,-12.4713455989,0.3333333,3,3,0.50665070000000000,0.506650700000,-0.6004420894325239,-0.6004420894325239,-0.6004420894325239,0E-17,ELIGIBLE,R03b_20260811_FULL_v1,L1_ELIGIBILITY,v2026-08-11,2026-03-21..2026-08-06,baccarat_bet02_101_all_pairs_incl_sentinel,round_win = game_pnl > 0 (decisive only),COMPATIBILITY_ONLY_NOT_PRODUCTION,296357.1217,267511.9505,6650.6079,18220,18206,-0.02244119,-0.04150452,-0.02020951,-0.02244119,-6650.6079,296357.1217,OK,0.0000,266.0243,4.0000,96.0000,AG03-UNRESOLVED,ALL5_LEVELS_bet23_to_bet27,266.0243,266.0243,266.0243,332.5304,332.5304,4.000000,4.000000,4.000000,5.000000,5.000000,96.000000,96.000000,96.000000,95.000000,95.000000,5.0,1463.1337,1340.2688,5187.4742,5310.3391,PENDING_AG03,FALSE,NOT_FOR_ENFORCEMENT,6384.5836,256811.4724,6650.6079,6384.5836,266.0243,0.02244119,0.02154355,266.0243,6384.5836,0.02154355,266.0243,266.0243,266.0243,332.5304,332.5304,6384.5836,0.02154355,1463.1337,1340.2688,5187.4742,5310.3391,0.01750413,0.01791872,0.00089765,16.2655,14.6936,0.3653,59.3804,1.1678,2646.0457,162.5536,12.4780,16.8648,9.0895,16.5695,22.0926,29.825,33.4482,44.5976,11.8163,0.0,2.018664,2.691552,0.981654,30,240,141,4,0.10479828,0.02244119,0.04150452,0E-8,0.000000,0.902668,0.011910,-0.02129501,2026-03-22,2026-08-05,112,5695,2177,137,0.817518,0.739886,0.767145,0.349328,,,,,,,,GLOBAL_BASELINE_NO_ENTITY_RANKING,,,NOT_APPLICABLE_GLOBAL_BASELINE,HF9g-P5,,,,X 全窗基线 · 不参与实体赏罚,14194055,1420,A168_HF9F_20260827_0900,2026-08-27 09:00:00
2026-03-26,110249610,2232,0,16.9847849584,-4.8697635196,-4.8697635196,0.5000000,2,2,0.49324550000000000,0.493245500000,0.01910635448239258,0.01910635448239258,0.01910635448239258,0E-17,ELIGIBLE,R03b_20260811_FULL_v1,L1_ELIGIBILITY,v2026-08-11,2026-03-21..2026-08-06,baccarat_bet02_101_all_pairs_incl_sentinel,round_win = game_pnl > 0 (decisive only),COMPATIBILITY_ONLY_NOT_PRODUCTION,296357.1217,267511.9505,6650.6079,18220,18206,-0.02244119,-0.04150452,-0.02020951,-0.02244119,-6650.6079,296357.1217,OK,0.0000,266.0243,4.0000,96.0000,AG03-UNRESOLVED,ALL5_LEVELS_bet23_to_bet27,266.0243,266.0243,266.0243,332.5304,332.5304,4.000000,4.000000,4.000000,5.000000,5.000000,96.000000,96.000000,96.000000,95.000000,95.000000,5.0,1463.1337,1340.2688,5187.4742,5310.3391,PENDING_AG03,FALSE,NOT_FOR_ENFORCEMENT,6384.5836,256811.4724,6650.6079,6384.5836,266.0243,0.02244119,0.02154355,266.0243,6384.5836,0.02154355,266.0243,266.0243,266.0243,332.5304,332.5304,6384.5836,0.02154355,1463.1337,1340.2688,5187.4742,5310.3391,0.01750413,0.01791872,0.00089765,16.2655,14.6936,0.3653,59.3804,1.1678,2646.0457,162.5536,12.4780,16.8648,9.0895,16.5695,22.0926,29.825,33.4482,44.5976,11.8163,0.0,2.018664,2.691552,0.981654,30,240,141,4,0.10479828,0.02244119,0.04150452,0E-8,0.000000,0.902668,0.011910,-0.02129501,2026-03-22,2026-08-05,112,5695,2177,137,0.817518,0.739886,0.767145,0.349328,,,,,,,,GLOBAL_BASELINE_NO_ENTITY_RANKING,,,NOT_APPLICABLE_GLOBAL_BASELINE,HF9g-P5,,,,X 全窗基线 · 不参与实体赏罚,14194056,1420,A168_HF9F_20260827_0900,2026-08-27 09:00:00
2026-03-27,110249610,1951,0,3.9195657596,-3.9195657596,-3.9195657596,0E-7,1,1,0.50665070000000000,0.506650700000,-1.013391052207602,-1.013391052207602,-1.013391052207602,0E-17,ELIGIBLE,R03b_20260811_FULL_v1,L1_ELIGIBILITY,v2026-08-11,2026-03-21..2026-08-06,baccarat_bet02_101_all_pairs_incl_sentinel,round_win = game_pnl > 0 (decisive only),COMPATIBILITY_ONLY_NOT_PRODUCTION,296357.1217,267511.9505,6650.6079,18220,18206,-0.02244119,-0.04150452,-0.02020951,-0.02244119,-6650.6079,296357.1217,OK,0.0000,266.0243,4.0000,96.0000,AG03-UNRESOLVED,ALL5_LEVELS_bet23_to_bet27,266.0243,266.0243,266.0243,332.5304,332.5304,4.000000,4.000000,4.000000,5.000000,5.000000,96.000000,96.000000,96.000000,95.000000,95.000000,5.0,1463.1337,1340.2688,5187.4742,5310.3391,PENDING_AG03,FALSE,NOT_FOR_ENFORCEMENT,6384.5836,256811.4724,6650.6079,6384.5836,266.0243,0.02244119,0.02154355,266.0243,6384.5836,0.02154355,266.0243,266.0243,266.0243,332.5304,332.5304,6384.5836,0.02154355,1463.1337,1340.2688,5187.4742,5310.3391,0.01750413,0.01791872,0.00089765,16.2655,14.6936,0.3653,59.3804,1.1678,2646.0457,162.5536,12.4780,16.8648,9.0895,16.5695,22.0926,29.825,33.4482,44.5976,11.8163,0.0,2.018664,2.691552,0.981654,30,240,141,4,0.10479828,0.02244119,0.04150452,0E-8,0.000000,0.902668,0.011910,-0.02129501,2026-03-22,2026-08-05,112,5695,2177,137,0.817518,0.739886,0.767145,0.349328,,,,,,,,GLOBAL_BASELINE_NO_ENTITY_RANKING,,,NOT_APPLICABLE_GLOBAL_BASELINE,HF9g-P5,,,,X 全窗基线 · 不参与实体赏罚,14194057,1420,A168_HF9F_20260827_0900,2026-08-27 09:00:00
2026-03-28,110249610,-1,1,1124.9153730123,262.4802537030,262.4802537030,0.6557377,65,65,0.50314472461538462,0.503144724615,2.3836256951203714,2.383625695126368,2.3836256951203714,3.8462E-13,SENTINEL_DEALER,R03b_20260811_FULL_v1,L1_ELIGIBILITY,v2026-08-11,2026-03-21..2026-08-06,baccarat_bet02_101_all_pairs_incl_sentinel,round_win = game_pnl > 0 (decisive only),COMPATIBILITY_ONLY_NOT_PRODUCTION,296357.1217,267511.9505,6650.6079,18220,18206,-0.02244119,-0.04150452,-0.02020951,-0.02244119,-6650.6079,296357.1217,OK,0.0000,266.0243,4.0000,96.0000,AG03-UNRESOLVED,ALL5_LEVELS_bet23_to_bet27,266.0243,266.0243,266.0243,332.5304,332.5304,4.000000,4.000000,4.000000,5.000000,5.000000,96.000000,96.000000,96.000000,95.000000,95.000000,5.0,1463.1337,1340.2688,5187.4742,5310.3391,PENDING_AG03,FALSE,NOT_FOR_ENFORCEMENT,6384.5836,256811.4724,6650.6079,6384.5836,266.0243,0.02244119,0.02154355,266.0243,6384.5836,0.02154355,266.0243,266.0243,266.0243,332.5304,332.5304,6384.5836,0.02154355,1463.1337,1340.2688,5187.4742,5310.3391,0.01750413,0.01791872,0.00089765,16.2655,14.6936,0.3653,59.3804,1.1678,2646.0457,162.5536,12.4780,16.8648,9.0895,16.5695,22.0926,29.825,33.4482,44.5976,11.8163,0.0,2.018664,2.691552,0.981654,30,240,141,4,0.10479828,0.02244119,0.04150452,0E-8,0.000000,0.902668,0.011910,-0.02129501,2026-03-22,2026-08-05,112,5695,2177,137,0.817518,0.739886,0.767145,0.349328,,,,,,,,GLOBAL_BASELINE_NO_ENTITY_RANKING,,,NOT_APPLICABLE_GLOBAL_BASELINE,HF9g-P5,,,,X 全窗基线 · 不参与实体赏罚,14194058,1420,A168_HF9F_20260827_0900,2026-08-27 09:00:00
2026-03-28,110249610,1109,0,11.8774719989,-11.8774719989,-11.8774719989,0E-7,1,1,0.49324550000000000,0.493245500000,-0.9865810262130424,-0.9865810262130424,-0.9865810262130424,0E-17,ELIGIBLE,R03b_20260811_FULL_v1,L1_ELIGIBILITY,v2026-08-11,2026-03-21..2026-08-06,baccarat_bet02_101_all_pairs_incl_sentinel,round_win = game_pnl > 0 (decisive only),COMPATIBILITY_ONLY_NOT_PRODUCTION,296357.1217,267511.9505,6650.6079,18220,18206,-0.02244119,-0.04150452,-0.02020951,-0.02244119,-6650.6079,296357.1217,OK,0.0000,266.0243,4.0000,96.0000,AG03-UNRESOLVED,ALL5_LEVELS_bet23_to_bet27,266.0243,266.0243,266.0243,332.5304,332.5304,4.000000,4.000000,4.000000,5.000000,5.000000,96.000000,96.000000,96.000000,95.000000,95.000000,5.0,1463.1337,1340.2688,5187.4742,5310.3391,PENDING_AG03,FALSE,NOT_FOR_ENFORCEMENT,6384.5836,256811.4724,6650.6079,6384.5836,266.0243,0.02244119,0.02154355,266.0243,6384.5836,0.02154355,266.0243,266.0243,266.0243,332.5304,332.5304,6384.5836,0.02154355,1463.1337,1340.2688,5187.4742,5310.3391,0.01750413,0.01791872,0.00089765,16.2655,14.6936,0.3653,59.3804,1.1678,2646.0457,162.5536,12.4780,16.8648,9.0895,16.5695,22.0926,29.825,33.4482,44.5976,11.8163,0.0,2.018664,2.691552,0.981654,30,240,141,4,0.10479828,0.02244119,0.04150452,0E-8,0.000000,0.902668,0.011910,-0.02129501,2026-03-22,2026-08-05,112,5695,2177,137,0.817518,0.739886,0.767145,0.349328,,,,,,,,GLOBAL_BASELINE_NO_ENTITY_RANKING,,,NOT_APPLICABLE_GLOBAL_BASELINE,HF9g-P5,,,,X 全窗基线 · 不参与实体赏罚,14194059,1420,A168_HF9F_20260827_0900,2026-08-27 09:00:00
2026-03-28,110249610,1210,0,202.0357987007,34.9197676765,34.9197676765,0.6000000,10,10,0.49726706000000000,0.497267060000,0.6497498682362389,0.649749868236239,0.6497498682362389,0E-17,ELIGIBLE,R03b_20260811_FULL_v1,L1_ELIGIBILITY,v2026-08-11,2026-03-21..2026-08-06,baccarat_bet02_101_all_pairs_incl_sentinel,round_win = game_pnl > 0 (decisive only),COMPATIBILITY_ONLY_NOT_PRODUCTION,296357.1217,267511.9505,6650.6079,18220,18206,-0.02244119,-0.04150452,-0.02020951,-0.02244119,-6650.6079,296357.1217,OK,0.0000,266.0243,4.0000,96.0000,AG03-UNRESOLVED,ALL5_LEVELS_bet23_to_bet27,266.0243,266.0243,266.0243,332.5304,332.5304,4.000000,4.000000,4.000000,5.000000,5.000000,96.000000,96.000000,96.000000,95.000000,95.000000,5.0,1463.1337,1340.2688,5187.4742,5310.3391,PENDING_AG03,FALSE,NOT_FOR_ENFORCEMENT,6384.5836,256811.4724,6650.6079,6384.5836,266.0243,0.02244119,0.02154355,266.0243,6384.5836,0.02154355,266.0243,266.0243,266.0243,332.5304,332.5304,6384.5836,0.02154355,1463.1337,1340.2688,5187.4742,5310.3391,0.01750413,0.01791872,0.00089765,16.2655,14.6936,0.3653,59.3804,1.1678,2646.0457,162.5536,12.4780,16.8648,9.0895,16.5695,22.0926,29.825,33.4482,44.5976,11.8163,0.0,2.018664,2.691552,0.981654,30,240,141,4,0.10479828,0.02244119,0.04150452,0E-8,0.000000,0.902668,0.011910,-0.02129501,2026-03-22,2026-08-05,112,5695,2177,137,0.817518,0.739886,0.767145,0.349328,,,,,,,,GLOBAL_BASELINE_NO_ENTITY_RANKING,,,NOT_APPLICABLE_GLOBAL_BASELINE,HF9g-P5,,,,X 全窗基线 · 不参与实体赏罚,14194060,1420,A168_HF9F_20260827_0900,2026-08-27 09:00:00
2026-03-28,110249610,1304,0,11.8774719989,-11.8774719989,-11.8774719989,0E-7,1,1,0.50665070000000000,0.506650700000,-1.013391052207602,-1.013391052207602,-1.013391052207602,0E-17,ELIGIBLE,R03b_20260811_FULL_v1,L1_ELIGIBILITY,v2026-08-11,2026-03-21..2026-08-06,baccarat_bet02_101_all_pairs_incl_sentinel,round_win = game_pnl > 0 (decisive only),COMPATIBILITY_ONLY_NOT_PRODUCTION,296357.1217,267511.9505,6650.6079,18220,18206,-0.02244119,-0.04150452,-0.02020951,-0.02244119,-6650.6079,296357.1217,OK,0.0000,266.0243,4.0000,96.0000,AG03-UNRESOLVED,ALL5_LEVELS_bet23_to_bet27,266.0243,266.0243,266.0243,332.5304,332.5304,4.000000,4.000000,4.000000,5.000000,5.000000,96.000000,96.000000,96.000000,95.000000,95.000000,5.0,1463.1337,1340.2688,5187.4742,5310.3391,PENDING_AG03,FALSE,NOT_FOR_ENFORCEMENT,6384.5836,256811.4724,6650.6079,6384.5836,266.0243,0.02244119,0.02154355,266.0243,6384.5836,0.02154355,266.0243,266.0243,266.0243,332.5304,332.5304,6384.5836,0.02154355,1463.1337,1340.2688,5187.4742,5310.3391,0.01750413,0.01791872,0.00089765,16.2655,14.6936,0.3653,59.3804,1.1678,2646.0457,162.5536,12.4780,16.8648,9.0895,16.5695,22.0926,29.825,33.4482,44.5976,11.8163,0.0,2.018664,2.691552,0.981654,30,240,141,4,0.10479828,0.02244119,0.04150452,0E-8,0.000000,0.902668,0.011910,-0.02129501,2026-03-22,2026-08-05,112,5695,2177,137,0.817518,0.739886,0.767145,0.349328,,,,,,,,GLOBAL_BASELINE_NO_ENTITY_RANKING,,,NOT_APPLICABLE_GLOBAL_BASELINE,HF9g-P5,,,,X 全窗基线 · 不参与实体赏罚,14194061,1420,A168_HF9F_20260827_0900,2026-08-27 09:00:00
2026-03-28,110249610,1382,0,86.3492214317,-12.6495076788,-12.6495076788,0.5000000,4,4,0.49994810000000000,0.499948100000,0.00020760000111838688,0.00020760000111838688,0.00020760000111838688,0E-17,ELIGIBLE,R03b_20260811_FULL_v1,L1_ELIGIBILITY,v2026-08-11,2026-03-21..2026-08-06,baccarat_bet02_101_all_pairs_incl_sentinel,round_win = game_pnl > 0 (decisive only),COMPATIBILITY_ONLY_NOT_PRODUCTION,296357.1217,267511.9505,6650.6079,18220,18206,-0.02244119,-0.04150452,-0.02020951,-0.02244119,-6650.6079,296357.1217,OK,0.0000,266.0243,4.0000,96.0000,AG03-UNRESOLVED,ALL5_LEVELS_bet23_to_bet27,266.0243,266.0243,266.0243,332.5304,332.5304,4.000000,4.000000,4.000000,5.000000,5.000000,96.000000,96.000000,96.000000,95.000000,95.000000,5.0,1463.1337,1340.2688,5187.4742,5310.3391,PENDING_AG03,FALSE,NOT_FOR_ENFORCEMENT,6384.5836,256811.4724,6650.6079,6384.5836,266.0243,0.02244119,0.02154355,266.0243,6384.5836,0.02154355,266.0243,266.0243,266.0243,332.5304,332.5304,6384.5836,0.02154355,1463.1337,1340.2688,5187.4742,5310.3391,0.01750413,0.01791872,0.00089765,16.2655,14.6936,0.3653,59.3804,1.1678,2646.0457,162.5536,12.4780,16.8648,9.0895,16.5695,22.0926,29.825,33.4482,44.5976,11.8163,0.0,2.018664,2.691552,0.981654,30,240,141,4,0.10479828,0.02244119,0.04150452,0E-8,0.000000,0.902668,0.011910,-0.02129501,2026-03-22,2026-08-05,112,5695,2177,137,0.817518,0.739886,0.767145,0.349328,,,,,,,,GLOBAL_BASELINE_NO_ENTITY_RANKING,,,NOT_APPLICABLE_GLOBAL_BASELINE,HF9g-P5,,,,X 全窗基线 · 不参与实体赏罚,14194062,1420,A168_HF9F_20260827_0900,2026-08-27 09:00:00
2026-03-28,110249610,1399,0,5.9387359994,-5.9387359994,-5.9387359994,0E-7,1,1,0.50665070000000000,0.506650700000,-1.013391052207602,-1.013391052207602,-1.013391052207602,0E-17,ELIGIBLE,R03b_20260811_FULL_v1,L1_ELIGIBILITY,v2026-08-11,2026-03-21..2026-08-06,baccarat_bet02_101_all_pairs_incl_sentinel,round_win = game_pnl > 0 (decisive only),COMPATIBILITY_ONLY_NOT_PRODUCTION,296357.1217,267511.9505,6650.6079,18220,18206,-0.02244119,-0.04150452,-0.02020951,-0.02244119,-6650.6079,296357.1217,OK,0.0000,266.0243,4.0000,96.0000,AG03-UNRESOLVED,ALL5_LEVELS_bet23_to_bet27,266.0243,266.0243,266.0243,332.5304,332.5304,4.000000,4.000000,4.000000,5.000000,5.000000,96.000000,96.000000,96.000000,95.000000,95.000000,5.0,1463.1337,1340.2688,5187.4742,5310.3391,PENDING_AG03,FALSE,NOT_FOR_ENFORCEMENT,6384.5836,256811.4724,6650.6079,6384.5836,266.0243,0.02244119,0.02154355,266.0243,6384.5836,0.02154355,266.0243,266.0243,266.0243,332.5304,332.5304,6384.5836,0.02154355,1463.1337,1340.2688,5187.4742,5310.3391,0.01750413,0.01791872,0.00089765,16.2655,14.6936,0.3653,59.3804,1.1678,2646.0457,162.5536,12.4780,16.8648,9.0895,16.5695,22.0926,29.825,33.4482,44.5976,11.8163,0.0,2.018664,2.691552,0.981654,30,240,141,4,0.10479828,0.02244119,0.04150452,0E-8,0.000000,0.902668,0.011910,-0.02129501,2026-03-22,2026-08-05,112,5695,2177,137,0.817518,0.739886,0.767145,0.349328,,,,,,,,GLOBAL_BASELINE_NO_ENTITY_RANKING,,,NOT_APPLICABLE_GLOBAL_BASELINE,HF9g-P5,,,,X 全窗基线 · 不参与实体赏罚,14194063,1420,A168_HF9F_20260827_0900,2026-08-27 09:00:00
2026-03-28,110249610,1401,0,11.8774719989,-11.8774719989,-11.8774719989,0E-7,1,1,0.49324550000000000,0.493245500000,-0.9865810262130424,-0.9865810262130424,-0.9865810262130424,0E-17,ELIGIBLE,R03b_20260811_FULL_v1,L1_ELIGIBILITY,v2026-08-11,2026-03-21..2026-08-06,baccarat_bet02_101_all_pairs_incl_sentinel,round_win = game_pnl > 0 (decisive only),COMPATIBILITY_ONLY_NOT_PRODUCTION,296357.1217,267511.9505,6650.6079,18220,18206,-0.02244119,-0.04150452,-0.02020951,-0.02244119,-6650.6079,296357.1217,OK,0.0000,266.0243,4.0000,96.0000,AG03-UNRESOLVED,ALL5_LEVELS_bet23_to_bet27,266.0243,266.0243,266.0243,332.5304,332.5304,4.000000,4.000000,4.000000,5.000000,5.000000,96.000000,96.000000,96.000000,95.000000,95.000000,5.0,1463.1337,1340.2688,5187.4742,5310.3391,PENDING_AG03,FALSE,NOT_FOR_ENFORCEMENT,6384.5836,256811.4724,6650.6079,6384.5836,266.0243,0.02244119,0.02154355,266.0243,6384.5836,0.02154355,266.0243,266.0243,266.0243,332.5304,332.5304,6384.5836,0.02154355,1463.1337,1340.2688,5187.4742,5310.3391,0.01750413,0.01791872,0.00089765,16.2655,14.6936,0.3653,59.3804,1.1678,2646.0457,162.5536,12.4780,16.8648,9.0895,16.5695,22.0926,29.825,33.4482,44.5976,11.8163,0.0,2.018664,2.691552,0.981654,30,240,141,4,0.10479828,0.02244119,0.04150452,0E-8,0.000000,0.902668,0.011910,-0.02129501,2026-03-22,2026-08-05,112,5695,2177,137,0.817518,0.739886,0.767145,0.349328,,,,,,,,GLOBAL_BASELINE_NO_ENTITY_RANKING,,,NOT_APPLICABLE_GLOBAL_BASELINE,HF9g-P5,,,,X 全窗基线 · 不参与实体赏罚,14194064,1420,A168_HF9F_20260827_0900,2026-08-27 09:00:00
2026-03-28,110249610,1402,0,71.2648319932,-35.6324159966,-35.6324159966,0.2500000,4,4,0.49324550000000000,0.493245500000,-0.9730707933947887,-0.9730707933947887,-0.9730707933947887,0E-17,ELIGIBLE,R03b_20260811_FULL_v1,L1_ELIGIBILITY,v2026-08-11,2026-03-21..2026-08-06,baccarat_bet02_101_all_pairs_incl_sentinel,round_win = game_pnl > 0 (decisive only),COMPATIBILITY_ONLY_NOT_PRODUCTION,296357.1217,267511.9505,6650.6079,18220,18206,-0.02244119,-0.04150452,-0.02020951,-0.02244119,-6650.6079,296357.1217,OK,0.0000,266.0243,4.0000,96.0000,AG03-UNRESOLVED,ALL5_LEVELS_bet23_to_bet27,266.0243,266.0243,266.0243,332.5304,332.5304,4.000000,4.000000,4.000000,5.000000,5.000000,96.000000,96.000000,96.000000,95.000000,95.000000,5.0,1463.1337,1340.2688,5187.4742,5310.3391,PENDING_AG03,FALSE,NOT_FOR_ENFORCEMENT,6384.5836,256811.4724,6650.6079,6384.5836,266.0243,0.02244119,0.02154355,266.0243,6384.5836,0.02154355,266.0243,266.0243,266.0243,332.5304,332.5304,6384.5836,0.02154355,1463.1337,1340.2688,5187.4742,5310.3391,0.01750413,0.01791872,0.00089765,16.2655,14.6936,0.3653,59.3804,1.1678,2646.0457,162.5536,12.4780,16.8648,9.0895,16.5695,22.0926,29.825,33.4482,44.5976,11.8163,0.0,2.018664,2.691552,0.981654,30,240,141,4,0.10479828,0.02244119,0.04150452,0E-8,0.000000,0.902668,0.011910,-0.02129501,2026-03-22,2026-08-05,112,5695,2177,137,0.817518,0.739886,0.767145,0.349328,,,,,,,,GLOBAL_BASELINE_NO_ENTITY_RANKING,,,NOT_APPLICABLE_GLOBAL_BASELINE,HF9g-P5,,,,X 全窗基线 · 不参与实体赏罚,14194065,1420,A168_HF9F_20260827_0900,2026-08-27 09:00:00
2026-03-28,110249610,1491,0,5.9387359994,-5.9387359994,-5.9387359994,0E-7,1,1,0.49324550000000000,0.493245500000,-0.9865810262130424,-0.9865810262130424,-0.9865810262130424,0E-17,ELIGIBLE,R03b_20260811_FULL_v1,L1_ELIGIBILITY,v2026-08-11,2026-03-21..2026-08-06,baccarat_bet02_101_all_pairs_incl_sentinel,round_win = game_pnl > 0 (decisive only),COMPATIBILITY_ONLY_NOT_PRODUCTION,296357.1217,267511.9505,6650.6079,18220,18206,-0.02244119,-0.04150452,-0.02020951,-0.02244119,-6650.6079,296357.1217,OK,0.0000,266.0243,4.0000,96.0000,AG03-UNRESOLVED,ALL5_LEVELS_bet23_to_bet27,266.0243,266.0243,266.0243,332.5304,332.5304,4.000000,4.000000,4.000000,5.000000,5.000000,96.000000,96.000000,96.000000,95.000000,95.000000,5.0,1463.1337,1340.2688,5187.4742,5310.3391,PENDING_AG03,FALSE,NOT_FOR_ENFORCEMENT,6384.5836,256811.4724,6650.6079,6384.5836,266.0243,0.02244119,0.02154355,266.0243,6384.5836,0.02154355,266.0243,266.0243,266.0243,332.5304,332.5304,6384.5836,0.02154355,1463.1337,1340.2688,5187.4742,5310.3391,0.01750413,0.01791872,0.00089765,16.2655,14.6936,0.3653,59.3804,1.1678,2646.0457,162.5536,12.4780,16.8648,9.0895,16.5695,22.0926,29.825,33.4482,44.5976,11.8163,0.0,2.018664,2.691552,0.981654,30,240,141,4,0.10479828,0.02244119,0.04150452,0E-8,0.000000,0.902668,0.011910,-0.02129501,2026-03-22,2026-08-05,112,5695,2177,137,0.817518,0.739886,0.767145,0.349328,,,,,,,,GLOBAL_BASELINE_NO_ENTITY_RANKING,,,NOT_APPLICABLE_GLOBAL_BASELINE,HF9g-P5,,,,X 全窗基线 · 不参与实体赏罚,14194066,1420,A168_HF9F_20260827_0900,2026-08-27 09:00:00
2026-03-28,110249610,1505,0,97.9891439906,-2.5833501597,-2.5833501597,0.4000000,6,6,0.50441650000000000,0.504416500000,-0.466983001748531,-0.466983001748531,-0.466983001748531,0E-17,ELIGIBLE,R03b_20260811_FULL_v1,L1_ELIGIBILITY,v2026-08-11,2026-03-21..2026-08-06,baccarat_bet02_101_all_pairs_incl_sentinel,round_win = game_pnl > 0 (decisive only),COMPATIBILITY_ONLY_NOT_PRODUCTION,296357.1217,267511.9505,6650.6079,18220,18206,-0.02244119,-0.04150452,-0.02020951,-0.02244119,-6650.6079,296357.1217,OK,0.0000,266.0243,4.0000,96.0000,AG03-UNRESOLVED,ALL5_LEVELS_bet23_to_bet27,266.0243,266.0243,266.0243,332.5304,332.5304,4.000000,4.000000,4.000000,5.000000,5.000000,96.000000,96.000000,96.000000,95.000000,95.000000,5.0,1463.1337,1340.2688,5187.4742,5310.3391,PENDING_AG03,FALSE,NOT_FOR_ENFORCEMENT,6384.5836,256811.4724,6650.6079,6384.5836,266.0243,0.02244119,0.02154355,266.0243,6384.5836,0.02154355,266.0243,266.0243,266.0243,332.5304,332.5304,6384.5836,0.02154355,1463.1337,1340.2688,5187.4742,5310.3391,0.01750413,0.01791872,0.00089765,16.2655,14.6936,0.3653,59.3804,1.1678,2646.0457,162.5536,12.4780,16.8648,9.0895,16.5695,22.0926,29.825,33.4482,44.5976,11.8163,0.0,2.018664,2.691552,0.981654,30,240,141,4,0.10479828,0.02244119,0.04150452,0E-8,0.000000,0.902668,0.011910,-0.02129501,2026-03-22,2026-08-05,112,5695,2177,137,0.817518,0.739886,0.767145,0.349328,,,,,,,,GLOBAL_BASELINE_NO_ENTITY_RANKING,,,NOT_APPLICABLE_GLOBAL_BASELINE,HF9g-P5,,,,X 全窗基线 · 不参与实体赏罚,14194067,1420,A168_HF9F_20260827_0900,2026-08-27 09:00:00
2026-03-28,110249610,1509,0,97.9891439907,-30.8220398371,-30.8220398371,0.4285714,7,7,0.50282064285714286,0.502820642857,-0.39289616391791987,-0.3928961639171632,-0.39289616391791987,1.4286E-13,ELIGIBLE,R03b_20260811_FULL_v1,L1_ELIGIBILITY,v2026-08-11,2026-03-21..2026-08-06,baccarat_bet02_101_all_pairs_incl_sentinel,round_win = game_pnl > 0 (decisive only),COMPATIBILITY_ONLY_NOT_PRODUCTION,296357.1217,267511.9505,6650.6079,18220,18206,-0.02244119,-0.04150452,-0.02020951,-0.02244119,-6650.6079,296357.1217,OK,0.0000,266.0243,4.0000,96.0000,AG03-UNRESOLVED,ALL5_LEVELS_bet23_to_bet27,266.0243,266.0243,266.0243,332.5304,332.5304,4.000000,4.000000,4.000000,5.000000,5.000000,96.000000,96.000000,96.000000,95.000000,95.000000,5.0,1463.1337,1340.2688,5187.4742,5310.3391,PENDING_AG03,FALSE,NOT_FOR_ENFORCEMENT,6384.5836,256811.4724,6650.6079,6384.5836,266.0243,0.02244119,0.02154355,266.0243,6384.5836,0.02154355,266.0243,266.0243,266.0243,332.5304,332.5304,6384.5836,0.02154355,1463.1337,1340.2688,5187.4742,5310.3391,0.01750413,0.01791872,0.00089765,16.2655,14.6936,0.3653,59.3804,1.1678,2646.0457,162.5536,12.4780,16.8648,9.0895,16.5695,22.0926,29.825,33.4482,44.5976,11.8163,0.0,2.018664,2.691552,0.981654,30,240,141,4,0.10479828,0.02244119,0.04150452,0E-8,0.000000,0.902668,0.011910,-0.02129501,2026-03-22,2026-08-05,112,5695,2177,137,0.817518,0.739886,0.767145,0.349328,,,,,,,,GLOBAL_BASELINE_NO_ENTITY_RANKING,,,NOT_APPLICABLE_GLOBAL_BASELINE,HF9g-P5,,,,X 全窗基线 · 不参与实体赏罚,14194068,1420,A168_HF9F_20260827_0900,2026-08-27 09:00:00
2026-03-28,110249610,1646,0,4.5134393596,-4.5134393596,-4.5134393596,0E-7,1,1,0.49324550000000000,0.493245500000,-0.9865810262130424,-0.9865810262130424,-0.9865810262130424,0E-17,ELIGIBLE,R03b_20260811_FULL_v1,L1_ELIGIBILITY,v2026-08-11,2026-03-21..2026-08-06,baccarat_bet02_101_all_pairs_incl_sentinel,round_win = game_pnl > 0 (decisive only),COMPATIBILITY_ONLY_NOT_PRODUCTION,296357.1217,267511.9505,6650.6079,18220,18206,-0.02244119,-0.04150452,-0.02020951,-0.02244119,-6650.6079,296357.1217,OK,0.0000,266.0243,4.0000,96.0000,AG03-UNRESOLVED,ALL5_LEVELS_bet23_to_bet27,266.0243,266.0243,266.0243,332.5304,332.5304,4.000000,4.000000,4.000000,5.000000,5.000000,96.000000,96.000000,96.000000,95.000000,95.000000,5.0,1463.1337,1340.2688,5187.4742,5310.3391,PENDING_AG03,FALSE,NOT_FOR_ENFORCEMENT,6384.5836,256811.4724,6650.6079,6384.5836,266.0243,0.02244119,0.02154355,266.0243,6384.5836,0.02154355,266.0243,266.0243,266.0243,332.5304,332.5304,6384.5836,0.02154355,1463.1337,1340.2688,5187.4742,5310.3391,0.01750413,0.01791872,0.00089765,16.2655,14.6936,0.3653,59.3804,1.1678,2646.0457,162.5536,12.4780,16.8648,9.0895,16.5695,22.0926,29.825,33.4482,44.5976,11.8163,0.0,2.018664,2.691552,0.981654,30,240,141,4,0.10479828,0.02244119,0.04150452,0E-8,0.000000,0.902668,0.011910,-0.02129501,2026-03-22,2026-08-05,112,5695,2177,137,0.817518,0.739886,0.767145,0.349328,,,,,,,,GLOBAL_BASELINE_NO_ENTITY_RANKING,,,NOT_APPLICABLE_GLOBAL_BASELINE,HF9g-P5,,,,X 全窗基线 · 不参与实体赏罚,14194069,1420,A168_HF9F_20260827_0900,2026-08-27 09:00:00
2026-03-28,110249610,1941,0,5.9387359994,-5.9387359994,-5.9387359994,0E-7,1,1,0.50665070000000000,0.506650700000,-1.013391052207602,-1.013391052207602,-1.013391052207602,0E-17,ELIGIBLE,R03b_20260811_FULL_v1,L1_ELIGIBILITY,v2026-08-11,2026-03-21..2026-08-06,baccarat_bet02_101_all_pairs_incl_sentinel,round_win = game_pnl > 0 (decisive only),COMPATIBILITY_ONLY_NOT_PRODUCTION,296357.1217,267511.9505,6650.6079,18220,18206,-0.02244119,-0.04150452,-0.02020951,-0.02244119,-6650.6079,296357.1217,OK,0.0000,266.0243,4.0000,96.0000,AG03-UNRESOLVED,ALL5_LEVELS_bet23_to_bet27,266.0243,266.0243,266.0243,332.5304,332.5304,4.000000,4.000000,4.000000,5.000000,5.000000,96.000000,96.000000,96.000000,95.000000,95.000000,5.0,1463.1337,1340.2688,5187.4742,5310.3391,PENDING_AG03,FALSE,NOT_FOR_ENFORCEMENT,6384.5836,256811.4724,6650.6079,6384.5836,266.0243,0.02244119,0.02154355,266.0243,6384.5836,0.02154355,266.0243,266.0243,266.0243,332.5304,332.5304,6384.5836,0.02154355,1463.1337,1340.2688,5187.4742,5310.3391,0.01750413,0.01791872,0.00089765,16.2655,14.6936,0.3653,59.3804,1.1678,2646.0457,162.5536,12.4780,16.8648,9.0895,16.5695,22.0926,29.825,33.4482,44.5976,11.8163,0.0,2.018664,2.691552,0.981654,30,240,141,4,0.10479828,0.02244119,0.04150452,0E-8,0.000000,0.902668,0.011910,-0.02129501,2026-03-22,2026-08-05,112,5695,2177,137,0.817518,0.739886,0.767145,0.349328,,,,,,,,GLOBAL_BASELINE_NO_ENTITY_RANKING,,,NOT_APPLICABLE_GLOBAL_BASELINE,HF9g-P5,,,,X 全窗基线 · 不参与实体赏罚,14194070,1420,A168_HF9F_20260827_0900,2026-08-27 09:00:00
2026-03-28,110249610,1951,0,27.5557350374,27.5557350374,27.5557350374,1.0000000,1,1,0.49324550000000000,0.493245500000,1.01360149184955,1.01360149184955,1.01360149184955,0E-17,ELIGIBLE,R03b_20260811_FULL_v1,L1_ELIGIBILITY,v2026-08-11,2026-03-21..2026-08-06,baccarat_bet02_101_all_pairs_incl_sentinel,round_win = game_pnl > 0 (decisive only),COMPATIBILITY_ONLY_NOT_PRODUCTION,296357.1217,267511.9505,6650.6079,18220,18206,-0.02244119,-0.04150452,-0.02020951,-0.02244119,-6650.6079,296357.1217,OK,0.0000,266.0243,4.0000,96.0000,AG03-UNRESOLVED,ALL5_LEVELS_bet23_to_bet27,266.0243,266.0243,266.0243,332.5304,332.5304,4.000000,4.000000,4.000000,5.000000,5.000000,96.000000,96.000000,96.000000,95.000000,95.000000,5.0,1463.1337,1340.2688,5187.4742,5310.3391,PENDING_AG03,FALSE,NOT_FOR_ENFORCEMENT,6384.5836,256811.4724,6650.6079,6384.5836,266.0243,0.02244119,0.02154355,266.0243,6384.5836,0.02154355,266.0243,266.0243,266.0243,332.5304,332.5304,6384.5836,0.02154355,1463.1337,1340.2688,5187.4742,5310.3391,0.01750413,0.01791872,0.00089765,16.2655,14.6936,0.3653,59.3804,1.1678,2646.0457,162.5536,12.4780,16.8648,9.0895,16.5695,22.0926,29.825,33.4482,44.5976,11.8163,0.0,2.018664,2.691552,0.981654,30,240,141,4,0.10479828,0.02244119,0.04150452,0E-8,0.000000,0.902668,0.011910,-0.02129501,2026-03-22,2026-08-05,112,5695,2177,137,0.817518,0.739886,0.767145,0.349328,,,,,,,,GLOBAL_BASELINE_NO_ENTITY_RANKING,,,NOT_APPLICABLE_GLOBAL_BASELINE,HF9g-P5,,,,X 全窗基线 · 不参与实体赏罚,14194071,1420,A168_HF9F_20260827_0900,2026-08-27 09:00:00
2026-03-28,110249610,1984,0,23.7549439978,-0.5938736000,-0.5938736000,0.5000000,2,2,0.50665070000000000,0.506650700000,-0.018812684590367487,-0.018812684590367487,-0.018812684590367487,0E-17,ELIGIBLE,R03b_20260811_FULL_v1,L1_ELIGIBILITY,v2026-08-11,2026-03-21..2026-08-06,baccarat_bet02_101_all_pairs_incl_sentinel,round_win = game_pnl > 0 (decisive only),COMPATIBILITY_ONLY_NOT_PRODUCTION,296357.1217,267511.9505,6650.6079,18220,18206,-0.02244119,-0.04150452,-0.02020951,-0.02244119,-6650.6079,296357.1217,OK,0.0000,266.0243,4.0000,96.0000,AG03-UNRESOLVED,ALL5_LEVELS_bet23_to_bet27,266.0243,266.0243,266.0243,332.5304,332.5304,4.000000,4.000000,4.000000,5.000000,5.000000,96.000000,96.000000,96.000000,95.000000,95.000000,5.0,1463.1337,1340.2688,5187.4742,5310.3391,PENDING_AG03,FALSE,NOT_FOR_ENFORCEMENT,6384.5836,256811.4724,6650.6079,6384.5836,266.0243,0.02244119,0.02154355,266.0243,6384.5836,0.02154355,266.0243,266.0243,266.0243,332.5304,332.5304,6384.5836,0.02154355,1463.1337,1340.2688,5187.4742,5310.3391,0.01750413,0.01791872,0.00089765,16.2655,14.6936,0.3653,59.3804,1.1678,2646.0457,162.5536,12.4780,16.8648,9.0895,16.5695,22.0926,29.825,33.4482,44.5976,11.8163,0.0,2.018664,2.691552,0.981654,30,240,141,4,0.10479828,0.02244119,0.04150452,0E-8,0.000000,0.902668,0.011910,-0.02129501,2026-03-22,2026-08-05,112,5695,2177,137,0.817518,0.739886,0.767145,0.349328,,,,,,,,GLOBAL_BASELINE_NO_ENTITY_RANKING,,,NOT_APPLICABLE_GLOBAL_BASELINE,HF9g-P5,,,,X 全窗基线 · 不参与实体赏罚,14194072,1420,A168_HF9F_20260827_0900,2026-08-27 09:00:00
2026-03-28,110249610,1990,0,41.5711519960,16.9253975984,16.9253975984,1.0000000,2,2,0.50665070000000000,0.506650700000,0.9867858985152569,0.9867858985152569,0.9867858985152569,0E-17,ELIGIBLE,R03b_20260811_FULL_v1,L1_ELIGIBILITY,v2026-08-11,2026-03-21..2026-08-06,baccarat_bet02_101_all_pairs_incl_sentinel,round_win = game_pnl > 0 (decisive only),COMPATIBILITY_ONLY_NOT_PRODUCTION,296357.1217,267511.9505,6650.6079,18220,18206,-0.02244119,-0.04150452,-0.02020951,-0.02244119,-6650.6079,296357.1217,OK,0.0000,266.0243,4.0000,96.0000,AG03-UNRESOLVED,ALL5_LEVELS_bet23_to_bet27,266.0243,266.0243,266.0243,332.5304,332.5304,4.000000,4.000000,4.000000,5.000000,5.000000,96.000000,96.000000,96.000000,95.000000,95.000000,5.0,1463.1337,1340.2688,5187.4742,5310.3391,PENDING_AG03,FALSE,NOT_FOR_ENFORCEMENT,6384.5836,256811.4724,6650.6079,6384.5836,266.0243,0.02244119,0.02154355,266.0243,6384.5836,0.02154355,266.0243,266.0243,266.0243,332.5304,332.5304,6384.5836,0.02154355,1463.1337,1340.2688,5187.4742,5310.3391,0.01750413,0.01791872,0.00089765,16.2655,14.6936,0.3653,59.3804,1.1678,2646.0457,162.5536,12.4780,16.8648,9.0895,16.5695,22.0926,29.825,33.4482,44.5976,11.8163,0.0,2.018664,2.691552,0.981654,30,240,141,4,0.10479828,0.02244119,0.04150452,0E-8,0.000000,0.902668,0.011910,-0.02129501,2026-03-22,2026-08-05,112,5695,2177,137,0.817518,0.739886,0.767145,0.349328,,,,,,,,GLOBAL_BASELINE_NO_ENTITY_RANKING,,,NOT_APPLICABLE_GLOBAL_BASELINE,HF9g-P5,,,,X 全窗基线 · 不参与实体赏罚,14194073,1420,A168_HF9F_20260827_0900,2026-08-27 09:00:00
2026-03-28,110249610,1996,0,35.0385423967,-11.8774719989,-11.8774719989,0.5000000,2,2,0.50665070000000000,0.506650700000,-0.018812684590367487,-0.018812684590367487,-0.018812684590367487,0E-17,ELIGIBLE,R03b_20260811_FULL_v1,L1_ELIGIBILITY,v2026-08-11,2026-03-21..2026-08-06,baccarat_bet02_101_all_pairs_incl_sentinel,round_win = game_pnl > 0 (decisive only),COMPATIBILITY_ONLY_NOT_PRODUCTION,296357.1217,267511.9505,6650.6079,18220,18206,-0.02244119,-0.04150452,-0.02020951,-0.02244119,-6650.6079,296357.1217,OK,0.0000,266.0243,4.0000,96.0000,AG03-UNRESOLVED,ALL5_LEVELS_bet23_to_bet27,266.0243,266.0243,266.0243,332.5304,332.5304,4.000000,4.000000,4.000000,5.000000,5.000000,96.000000,96.000000,96.000000,95.000000,95.000000,5.0,1463.1337,1340.2688,5187.4742,5310.3391,PENDING_AG03,FALSE,NOT_FOR_ENFORCEMENT,6384.5836,256811.4724,6650.6079,6384.5836,266.0243,0.02244119,0.02154355,266.0243,6384.5836,0.02154355,266.0243,266.0243,266.0243,332.5304,332.5304,6384.5836,0.02154355,1463.1337,1340.2688,5187.4742,5310.3391,0.01750413,0.01791872,0.00089765,16.2655,14.6936,0.3653,59.3804,1.1678,2646.0457,162.5536,12.4780,16.8648,9.0895,16.5695,22.0926,29.825,33.4482,44.5976,11.8163,0.0,2.018664,2.691552,0.981654,30,240,141,4,0.10479828,0.02244119,0.04150452,0E-8,0.000000,0.902668,0.011910,-0.02129501,2026-03-22,2026-08-05,112,5695,2177,137,0.817518,0.739886,0.767145,0.349328,,,,,,,,GLOBAL_BASELINE_NO_ENTITY_RANKING,,,NOT_APPLICABLE_GLOBAL_BASELINE,HF9g-P5,,,,X 全窗基线 · 不参与实体赏罚,14194074,1420,A168_HF9F_20260827_0900,2026-08-27 09:00:00
2026-03-28,110249610,2106,0,52.2608767950,-29.0998063972,-29.0998063972,0.2500000,4,4,0.50329940000000000,0.503299400000,-1.013219660140378,-1.013219660140378,-1.013219660140378,0E-17,ELIGIBLE,R03b_20260811_FULL_v1,L1_ELIGIBILITY,v2026-08-11,2026-03-21..2026-08-06,baccarat_bet02_101_all_pairs_incl_sentinel,round_win = game_pnl > 0 (decisive only),COMPATIBILITY_ONLY_NOT_PRODUCTION,296357.1217,267511.9505,6650.6079,18220,18206,-0.02244119,-0.04150452,-0.02020951,-0.02244119,-6650.6079,296357.1217,OK,0.0000,266.0243,4.0000,96.0000,AG03-UNRESOLVED,ALL5_LEVELS_bet23_to_bet27,266.0243,266.0243,266.0243,332.5304,332.5304,4.000000,4.000000,4.000000,5.000000,5.000000,96.000000,96.000000,96.000000,95.000000,95.000000,5.0,1463.1337,1340.2688,5187.4742,5310.3391,PENDING_AG03,FALSE,NOT_FOR_ENFORCEMENT,6384.5836,256811.4724,6650.6079,6384.5836,266.0243,0.02244119,0.02154355,266.0243,6384.5836,0.02154355,266.0243,266.0243,266.0243,332.5304,332.5304,6384.5836,0.02154355,1463.1337,1340.2688,5187.4742,5310.3391,0.01750413,0.01791872,0.00089765,16.2655,14.6936,0.3653,59.3804,1.1678,2646.0457,162.5536,12.4780,16.8648,9.0895,16.5695,22.0926,29.825,33.4482,44.5976,11.8163,0.0,2.018664,2.691552,0.981654,30,240,141,4,0.10479828,0.02244119,0.04150452,0E-8,0.000000,0.902668,0.011910,-0.02129501,2026-03-22,2026-08-05,112,5695,2177,137,0.817518,0.739886,0.767145,0.349328,,,,,,,,GLOBAL_BASELINE_NO_ENTITY_RANKING,,,NOT_APPLICABLE_GLOBAL_BASELINE,HF9g-P5,,,,X 全窗基线 · 不参与实体赏罚,14194075,1420,A168_HF9F_20260827_0900,2026-08-27 09:00:00
2026-03-28,110249610,2108,0,26.1304383975,-26.1304383975,-26.1304383975,0E-7,2,2,0.49324550000000000,0.493245500000,-1.3952362676504506,-1.3952362676504506,-1.3952362676504506,0E-17,ELIGIBLE,R03b_20260811_FULL_v1,L1_ELIGIBILITY,v2026-08-11,2026-03-21..2026-08-06,baccarat_bet02_101_all_pairs_incl_sentinel,round_win = game_pnl > 0 (decisive only),COMPATIBILITY_ONLY_NOT_PRODUCTION,296357.1217,267511.9505,6650.6079,18220,18206,-0.02244119,-0.04150452,-0.02020951,-0.02244119,-6650.6079,296357.1217,OK,0.0000,266.0243,4.0000,96.0000,AG03-UNRESOLVED,ALL5_LEVELS_bet23_to_bet27,266.0243,266.0243,266.0243,332.5304,332.5304,4.000000,4.000000,4.000000,5.000000,5.000000,96.000000,96.000000,96.000000,95.000000,95.000000,5.0,1463.1337,1340.2688,5187.4742,5310.3391,PENDING_AG03,FALSE,NOT_FOR_ENFORCEMENT,6384.5836,256811.4724,6650.6079,6384.5836,266.0243,0.02244119,0.02154355,266.0243,6384.5836,0.02154355,266.0243,266.0243,266.0243,332.5304,332.5304,6384.5836,0.02154355,1463.1337,1340.2688,5187.4742,5310.3391,0.01750413,0.01791872,0.00089765,16.2655,14.6936,0.3653,59.3804,1.1678,2646.0457,162.5536,12.4780,16.8648,9.0895,16.5695,22.0926,29.825,33.4482,44.5976,11.8163,0.0,2.018664,2.691552,0.981654,30,240,141,4,0.10479828,0.02244119,0.04150452,0E-8,0.000000,0.902668,0.011910,-0.02129501,2026-03-22,2026-08-05,112,5695,2177,137,0.817518,0.739886,0.767145,0.349328,,,,,,,,GLOBAL_BASELINE_NO_ENTITY_RANKING,,,NOT_APPLICABLE_GLOBAL_BASELINE,HF9g-P5,,,,X 全窗基线 · 不参与实体赏罚,14194076,1420,A168_HF9F_20260827_0900,2026-08-27 09:00:00
2026-03-28,110249610,2121,0,128.2766975878,-48.6976351954,-48.6976351954,0.2857143,9,9,0.50516123333333333,0.505161233333,-1.1612659687636686,-1.1612659687618967,-1.1612659687636686,3.3333E-13,ELIGIBLE,R03b_20260811_FULL_v1,L1_ELIGIBILITY,v2026-08-11,2026-03-21..2026-08-06,baccarat_bet02_101_all_pairs_incl_sentinel,round_win = game_pnl > 0 (decisive only),COMPATIBILITY_ONLY_NOT_PRODUCTION,296357.1217,267511.9505,6650.6079,18220,18206,-0.02244119,-0.04150452,-0.02020951,-0.02244119,-6650.6079,296357.1217,OK,0.0000,266.0243,4.0000,96.0000,AG03-UNRESOLVED,ALL5_LEVELS_bet23_to_bet27,266.0243,266.0243,266.0243,332.5304,332.5304,4.000000,4.000000,4.000000,5.000000,5.000000,96.000000,96.000000,96.000000,95.000000,95.000000,5.0,1463.1337,1340.2688,5187.4742,5310.3391,PENDING_AG03,FALSE,NOT_FOR_ENFORCEMENT,6384.5836,256811.4724,6650.6079,6384.5836,266.0243,0.02244119,0.02154355,266.0243,6384.5836,0.02154355,266.0243,266.0243,266.0243,332.5304,332.5304,6384.5836,0.02154355,1463.1337,1340.2688,5187.4742,5310.3391,0.01750413,0.01791872,0.00089765,16.2655,14.6936,0.3653,59.3804,1.1678,2646.0457,162.5536,12.4780,16.8648,9.0895,16.5695,22.0926,29.825,33.4482,44.5976,11.8163,0.0,2.018664,2.691552,0.981654,30,240,141,4,0.10479828,0.02244119,0.04150452,0E-8,0.000000,0.902668,0.011910,-0.02129501,2026-03-22,2026-08-05,112,5695,2177,137,0.817518,0.739886,0.767145,0.349328,,,,,,,,GLOBAL_BASELINE_NO_ENTITY_RANKING,,,NOT_APPLICABLE_GLOBAL_BASELINE,HF9g-P5,,,,X 全窗基线 · 不参与实体赏罚,14194077,1420,A168_HF9F_20260827_0900,2026-08-27 09:00:00
2026-03-28,110249610,2127,0,186.4763103821,51.0731295951,51.0731295951,0.6363636,11,11,0.49446415454545455,0.494464154545,0.9413123741782674,0.9413123741812922,0.9413123741782674,4.5455E-13,ELIGIBLE,R03b_20260811_FULL_v1,L1_ELIGIBILITY,v2026-08-11,2026-03-21..2026-08-06,baccarat_bet02_101_all_pairs_incl_sentinel,round_win = game_pnl > 0 (decisive only),COMPATIBILITY_ONLY_NOT_PRODUCTION,296357.1217,267511.9505,6650.6079,18220,18206,-0.02244119,-0.04150452,-0.02020951,-0.02244119,-6650.6079,296357.1217,OK,0.0000,266.0243,4.0000,96.0000,AG03-UNRESOLVED,ALL5_LEVELS_bet23_to_bet27,266.0243,266.0243,266.0243,332.5304,332.5304,4.000000,4.000000,4.000000,5.000000,5.000000,96.000000,96.000000,96.000000,95.000000,95.000000,5.0,1463.1337,1340.2688,5187.4742,5310.3391,PENDING_AG03,FALSE,NOT_FOR_ENFORCEMENT,6384.5836,256811.4724,6650.6079,6384.5836,266.0243,0.02244119,0.02154355,266.0243,6384.5836,0.02154355,266.0243,266.0243,266.0243,332.5304,332.5304,6384.5836,0.02154355,1463.1337,1340.2688,5187.4742,5310.3391,0.01750413,0.01791872,0.00089765,16.2655,14.6936,0.3653,59.3804,1.1678,2646.0457,162.5536,12.4780,16.8648,9.0895,16.5695,22.0926,29.825,33.4482,44.5976,11.8163,0.0,2.018664,2.691552,0.981654,30,240,141,4,0.10479828,0.02244119,0.04150452,0E-8,0.000000,0.902668,0.011910,-0.02129501,2026-03-22,2026-08-05,112,5695,2177,137,0.817518,0.739886,0.767145,0.349328,,,,,,,,GLOBAL_BASELINE_NO_ENTITY_RANKING,,,NOT_APPLICABLE_GLOBAL_BASELINE,HF9g-P5,,,,X 全窗基线 · 不参与实体赏罚,14194078,1420,A168_HF9F_20260827_0900,2026-08-27 09:00:00
2026-03-28,110249610,2155,0,93.8320287910,-1.7816207998,-1.7816207998,0.5000000,5,5,0.50665070000000000,0.506650700000,-0.02660515369234503,-0.02660515369234503,-0.02660515369234503,0E-17,ELIGIBLE,R03b_20260811_FULL_v1,L1_ELIGIBILITY,v2026-08-11,2026-03-21..2026-08-06,baccarat_bet02_101_all_pairs_incl_sentinel,round_win = game_pnl > 0 (decisive only),COMPATIBILITY_ONLY_NOT_PRODUCTION,296357.1217,267511.9505,6650.6079,18220,18206,-0.02244119,-0.04150452,-0.02020951,-0.02244119,-6650.6079,296357.1217,OK,0.0000,266.0243,4.0000,96.0000,AG03-UNRESOLVED,ALL5_LEVELS_bet23_to_bet27,266.0243,266.0243,266.0243,332.5304,332.5304,4.000000,4.000000,4.000000,5.000000,5.000000,96.000000,96.000000,96.000000,95.000000,95.000000,5.0,1463.1337,1340.2688,5187.4742,5310.3391,PENDING_AG03,FALSE,NOT_FOR_ENFORCEMENT,6384.5836,256811.4724,6650.6079,6384.5836,266.0243,0.02244119,0.02154355,266.0243,6384.5836,0.02154355,266.0243,266.0243,266.0243,332.5304,332.5304,6384.5836,0.02154355,1463.1337,1340.2688,5187.4742,5310.3391,0.01750413,0.01791872,0.00089765,16.2655,14.6936,0.3653,59.3804,1.1678,2646.0457,162.5536,12.4780,16.8648,9.0895,16.5695,22.0926,29.825,33.4482,44.5976,11.8163,0.0,2.018664,2.691552,0.981654,30,240,141,4,0.10479828,0.02244119,0.04150452,0E-8,0.000000,0.902668,0.011910,-0.02129501,2026-03-22,2026-08-05,112,5695,2177,137,0.817518,0.739886,0.767145,0.349328,,,,,,,,GLOBAL_BASELINE_NO_ENTITY_RANKING,,,NOT_APPLICABLE_GLOBAL_BASELINE,HF9g-P5,,,,X 全窗基线 · 不参与实体赏罚,14194079,1420,A168_HF9F_20260827_0900,2026-08-27 09:00:00
2026-03-28,110249610,2167,0,11.8774719989,-11.8774719989,-11.8774719989,0E-7,1,1,0.49324550000000000,0.493245500000,-0.9865810262130424,-0.9865810262130424,-0.9865810262130424,0E-17,ELIGIBLE,R03b_20260811_FULL_v1,L1_ELIGIBILITY,v2026-08-11,2026-03-21..2026-08-06,baccarat_bet02_101_all_pairs_incl_sentinel,round_win = game_pnl > 0 (decisive only),COMPATIBILITY_ONLY_NOT_PRODUCTION,296357.1217,267511.9505,6650.6079,18220,18206,-0.02244119,-0.04150452,-0.02020951,-0.02244119,-6650.6079,296357.1217,OK,0.0000,266.0243,4.0000,96.0000,AG03-UNRESOLVED,ALL5_LEVELS_bet23_to_bet27,266.0243,266.0243,266.0243,332.5304,332.5304,4.000000,4.000000,4.000000,5.000000,5.000000,96.000000,96.000000,96.000000,95.000000,95.000000,5.0,1463.1337,1340.2688,5187.4742,5310.3391,PENDING_AG03,FALSE,NOT_FOR_ENFORCEMENT,6384.5836,256811.4724,6650.6079,6384.5836,266.0243,0.02244119,0.02154355,266.0243,6384.5836,0.02154355,266.0243,266.0243,266.0243,332.5304,332.5304,6384.5836,0.02154355,1463.1337,1340.2688,5187.4742,5310.3391,0.01750413,0.01791872,0.00089765,16.2655,14.6936,0.3653,59.3804,1.1678,2646.0457,162.5536,12.4780,16.8648,9.0895,16.5695,22.0926,29.825,33.4482,44.5976,11.8163,0.0,2.018664,2.691552,0.981654,30,240,141,4,0.10479828,0.02244119,0.04150452,0E-8,0.000000,0.902668,0.011910,-0.02129501,2026-03-22,2026-08-05,112,5695,2177,137,0.817518,0.739886,0.767145,0.349328,,,,,,,,GLOBAL_BASELINE_NO_ENTITY_RANKING,,,NOT_APPLICABLE_GLOBAL_BASELINE,HF9g-P5,,,,X 全窗基线 · 不参与实体赏罚,14194080,1420,A168_HF9F_20260827_0900,2026-08-27 09:00:00
2026-03-28,110249610,2196,0,29.6936799972,-29.6936799972,-29.6936799972,0E-7,2,2,0.49994810000000000,0.499948100000,-1.4140667746232096,-1.4140667746232096,-1.4140667746232096,0E-17,ELIGIBLE,R03b_20260811_FULL_v1,L1_ELIGIBILITY,v2026-08-11,2026-03-21..2026-08-06,baccarat_bet02_101_all_pairs_incl_sentinel,round_win = game_pnl > 0 (decisive only),COMPATIBILITY_ONLY_NOT_PRODUCTION,296357.1217,267511.9505,6650.6079,18220,18206,-0.02244119,-0.04150452,-0.02020951,-0.02244119,-6650.6079,296357.1217,OK,0.0000,266.0243,4.0000,96.0000,AG03-UNRESOLVED,ALL5_LEVELS_bet23_to_bet27,266.0243,266.0243,266.0243,332.5304,332.5304,4.000000,4.000000,4.000000,5.000000,5.000000,96.000000,96.000000,96.000000,95.000000,95.000000,5.0,1463.1337,1340.2688,5187.4742,5310.3391,PENDING_AG03,FALSE,NOT_FOR_ENFORCEMENT,6384.5836,256811.4724,6650.6079,6384.5836,266.0243,0.02244119,0.02154355,266.0243,6384.5836,0.02154355,266.0243,266.0243,266.0243,332.5304,332.5304,6384.5836,0.02154355,1463.1337,1340.2688,5187.4742,5310.3391,0.01750413,0.01791872,0.00089765,16.2655,14.6936,0.3653,59.3804,1.1678,2646.0457,162.5536,12.4780,16.8648,9.0895,16.5695,22.0926,29.825,33.4482,44.5976,11.8163,0.0,2.018664,2.691552,0.981654,30,240,141,4,0.10479828,0.02244119,0.04150452,0E-8,0.000000,0.902668,0.011910,-0.02129501,2026-03-22,2026-08-05,112,5695,2177,137,0.817518,0.739886,0.767145,0.349328,,,,,,,,GLOBAL_BASELINE_NO_ENTITY_RANKING,,,NOT_APPLICABLE_GLOBAL_BASELINE,HF9g-P5,,,,X 全窗基线 · 不参与实体赏罚,14194081,1420,A168_HF9F_20260827_0900,2026-08-27 09:00:00
2026-03-28,110249610,2201,0,23.7549439978,-0.5938736000,-0.5938736000,0.5000000,2,2,0.50665070000000000,0.506650700000,-0.018812684590367487,-0.018812684590367487,-0.018812684590367487,0E-17,ELIGIBLE,R03b_20260811_FULL_v1,L1_ELIGIBILITY,v2026-08-11,2026-03-21..2026-08-06,baccarat_bet02_101_all_pairs_incl_sentinel,round_win = game_pnl > 0 (decisive only),COMPATIBILITY_ONLY_NOT_PRODUCTION,296357.1217,267511.9505,6650.6079,18220,18206,-0.02244119,-0.04150452,-0.02020951,-0.02244119,-6650.6079,296357.1217,OK,0.0000,266.0243,4.0000,96.0000,AG03-UNRESOLVED,ALL5_LEVELS_bet23_to_bet27,266.0243,266.0243,266.0243,332.5304,332.5304,4.000000,4.000000,4.000000,5.000000,5.000000,96.000000,96.000000,96.000000,95.000000,95.000000,5.0,1463.1337,1340.2688,5187.4742,5310.3391,PENDING_AG03,FALSE,NOT_FOR_ENFORCEMENT,6384.5836,256811.4724,6650.6079,6384.5836,266.0243,0.02244119,0.02154355,266.0243,6384.5836,0.02154355,266.0243,266.0243,266.0243,332.5304,332.5304,6384.5836,0.02154355,1463.1337,1340.2688,5187.4742,5310.3391,0.01750413,0.01791872,0.00089765,16.2655,14.6936,0.3653,59.3804,1.1678,2646.0457,162.5536,12.4780,16.8648,9.0895,16.5695,22.0926,29.825,33.4482,44.5976,11.8163,0.0,2.018664,2.691552,0.981654,30,240,141,4,0.10479828,0.02244119,0.04150452,0E-8,0.000000,0.902668,0.011910,-0.02129501,2026-03-22,2026-08-05,112,5695,2177,137,0.817518,0.739886,0.767145,0.349328,,,,,,,,GLOBAL_BASELINE_NO_ENTITY_RANKING,,,NOT_APPLICABLE_GLOBAL_BASELINE,HF9g-P5,,,,X 全窗基线 · 不参与实体赏罚,14194082,1420,A168_HF9F_20260827_0900,2026-08-27 09:00:00
2026-03-28,110249610,2224,0,162.1274927845,-43.7090969558,-43.7090969558,0.3750000,9,9,0.50516123333333333,0.505161233333,-0.7363423568065913,-0.7363423568047006,-0.7363423568065913,3.3333E-13,ELIGIBLE,R03b_20260811_FULL_v1,L1_ELIGIBILITY,v2026-08-11,2026-03-21..2026-08-06,baccarat_bet02_101_all_pairs_incl_sentinel,round_win = game_pnl > 0 (decisive only),COMPATIBILITY_ONLY_NOT_PRODUCTION,296357.1217,267511.9505,6650.6079,18220,18206,-0.02244119,-0.04150452,-0.02020951,-0.02244119,-6650.6079,296357.1217,OK,0.0000,266.0243,4.0000,96.0000,AG03-UNRESOLVED,ALL5_LEVELS_bet23_to_bet27,266.0243,266.0243,266.0243,332.5304,332.5304,4.000000,4.000000,4.000000,5.000000,5.000000,96.000000,96.000000,96.000000,95.000000,95.000000,5.0,1463.1337,1340.2688,5187.4742,5310.3391,PENDING_AG03,FALSE,NOT_FOR_ENFORCEMENT,6384.5836,256811.4724,6650.6079,6384.5836,266.0243,0.02244119,0.02154355,266.0243,6384.5836,0.02154355,266.0243,266.0243,266.0243,332.5304,332.5304,6384.5836,0.02154355,1463.1337,1340.2688,5187.4742,5310.3391,0.01750413,0.01791872,0.00089765,16.2655,14.6936,0.3653,59.3804,1.1678,2646.0457,162.5536,12.4780,16.8648,9.0895,16.5695,22.0926,29.825,33.4482,44.5976,11.8163,0.0,2.018664,2.691552,0.981654,30,240,141,4,0.10479828,0.02244119,0.04150452,0E-8,0.000000,0.902668,0.011910,-0.02129501,2026-03-22,2026-08-05,112,5695,2177,137,0.817518,0.739886,0.767145,0.349328,,,,,,,,GLOBAL_BASELINE_NO_ENTITY_RANKING,,,NOT_APPLICABLE_GLOBAL_BASELINE,HF9g-P5,,,,X 全窗基线 · 不参与实体赏罚,14194083,1420,A168_HF9F_20260827_0900,2026-08-27 09:00:00
2026-03-28,110249610,2232,0,23.7549439978,-23.7549439978,-23.7549439978,0E-7,2,2,0.49994810000000000,0.499948100000,-1.4140667746232096,-1.4140667746232096,-1.4140667746232096,0E-17,ELIGIBLE,R03b_20260811_FULL_v1,L1_ELIGIBILITY,v2026-08-11,2026-03-21..2026-08-06,baccarat_bet02_101_all_pairs_incl_sentinel,round_win = game_pnl > 0 (decisive only),COMPATIBILITY_ONLY_NOT_PRODUCTION,296357.1217,267511.9505,6650.6079,18220,18206,-0.02244119,-0.04150452,-0.02020951,-0.02244119,-6650.6079,296357.1217,OK,0.0000,266.0243,4.0000,96.0000,AG03-UNRESOLVED,ALL5_LEVELS_bet23_to_bet27,266.0243,266.0243,266.0243,332.5304,332.5304,4.000000,4.000000,4.000000,5.000000,5.000000,96.000000,96.000000,96.000000,95.000000,95.000000,5.0,1463.1337,1340.2688,5187.4742,5310.3391,PENDING_AG03,FALSE,NOT_FOR_ENFORCEMENT,6384.5836,256811.4724,6650.6079,6384.5836,266.0243,0.02244119,0.02154355,266.0243,6384.5836,0.02154355,266.0243,266.0243,266.0243,332.5304,332.5304,6384.5836,0.02154355,1463.1337,1340.2688,5187.4742,5310.3391,0.01750413,0.01791872,0.00089765,16.2655,14.6936,0.3653,59.3804,1.1678,2646.0457,162.5536,12.4780,16.8648,9.0895,16.5695,22.0926,29.825,33.4482,44.5976,11.8163,0.0,2.018664,2.691552,0.981654,30,240,141,4,0.10479828,0.02244119,0.04150452,0E-8,0.000000,0.902668,0.011910,-0.02129501,2026-03-22,2026-08-05,112,5695,2177,137,0.817518,0.739886,0.767145,0.349328,,,,,,,,GLOBAL_BASELINE_NO_ENTITY_RANKING,,,NOT_APPLICABLE_GLOBAL_BASELINE,HF9g-P5,,,,X 全窗基线 · 不参与实体赏罚,14194084,1420,A168_HF9F_20260827_0900,2026-08-27 09:00:00
2026-03-28,110249610,2233,0,183.5069423823,50.1526255151,50.1526255151,0.6666667,9,9,0.50367176666666667,0.503671766667,0.9779957707801055,0.9779957707781104,0.9779957707801055,-3.3333E-13,ELIGIBLE,R03b_20260811_FULL_v1,L1_ELIGIBILITY,v2026-08-11,2026-03-21..2026-08-06,baccarat_bet02_101_all_pairs_incl_sentinel,round_win = game_pnl > 0 (decisive only),COMPATIBILITY_ONLY_NOT_PRODUCTION,296357.1217,267511.9505,6650.6079,18220,18206,-0.02244119,-0.04150452,-0.02020951,-0.02244119,-6650.6079,296357.1217,OK,0.0000,266.0243,4.0000,96.0000,AG03-UNRESOLVED,ALL5_LEVELS_bet23_to_bet27,266.0243,266.0243,266.0243,332.5304,332.5304,4.000000,4.000000,4.000000,5.000000,5.000000,96.000000,96.000000,96.000000,95.000000,95.000000,5.0,1463.1337,1340.2688,5187.4742,5310.3391,PENDING_AG03,FALSE,NOT_FOR_ENFORCEMENT,6384.5836,256811.4724,6650.6079,6384.5836,266.0243,0.02244119,0.02154355,266.0243,6384.5836,0.02154355,266.0243,266.0243,266.0243,332.5304,332.5304,6384.5836,0.02154355,1463.1337,1340.2688,5187.4742,5310.3391,0.01750413,0.01791872,0.00089765,16.2655,14.6936,0.3653,59.3804,1.1678,2646.0457,162.5536,12.4780,16.8648,9.0895,16.5695,22.0926,29.825,33.4482,44.5976,11.8163,0.0,2.018664,2.691552,0.981654,30,240,141,4,0.10479828,0.02244119,0.04150452,0E-8,0.000000,0.902668,0.011910,-0.02129501,2026-03-22,2026-08-05,112,5695,2177,137,0.817518,0.739886,0.767145,0.349328,,,,,,,,GLOBAL_BASELINE_NO_ENTITY_RANKING,,,NOT_APPLICABLE_GLOBAL_BASELINE,HF9g-P5,,,,X 全窗基线 · 不参与实体赏罚,14194085,1420,A168_HF9F_20260827_0900,2026-08-27 09:00:00
2026-03-28,110249610,2239,0,108.0849951898,32.9599847969,32.9599847969,0.7142857,7,7,0.49899058571428571,0.498990585714,1.1392370589461878,1.139237058947701,1.1392370589461878,2.8571E-13,ELIGIBLE,R03b_20260811_FULL_v1,L1_ELIGIBILITY,v2026-08-11,2026-03-21..2026-08-06,baccarat_bet02_101_all_pairs_incl_sentinel,round_win = game_pnl > 0 (decisive only),COMPATIBILITY_ONLY_NOT_PRODUCTION,296357.1217,267511.9505,6650.6079,18220,18206,-0.02244119,-0.04150452,-0.02020951,-0.02244119,-6650.6079,296357.1217,OK,0.0000,266.0243,4.0000,96.0000,AG03-UNRESOLVED,ALL5_LEVELS_bet23_to_bet27,266.0243,266.0243,266.0243,332.5304,332.5304,4.000000,4.000000,4.000000,5.000000,5.000000,96.000000,96.000000,96.000000,95.000000,95.000000,5.0,1463.1337,1340.2688,5187.4742,5310.3391,PENDING_AG03,FALSE,NOT_FOR_ENFORCEMENT,6384.5836,256811.4724,6650.6079,6384.5836,266.0243,0.02244119,0.02154355,266.0243,6384.5836,0.02154355,266.0243,266.0243,266.0243,332.5304,332.5304,6384.5836,0.02154355,1463.1337,1340.2688,5187.4742,5310.3391,0.01750413,0.01791872,0.00089765,16.2655,14.6936,0.3653,59.3804,1.1678,2646.0457,162.5536,12.4780,16.8648,9.0895,16.5695,22.0926,29.825,33.4482,44.5976,11.8163,0.0,2.018664,2.691552,0.981654,30,240,141,4,0.10479828,0.02244119,0.04150452,0E-8,0.000000,0.902668,0.011910,-0.02129501,2026-03-22,2026-08-05,112,5695,2177,137,0.817518,0.739886,0.767145,0.349328,,,,,,,,GLOBAL_BASELINE_NO_ENTITY_RANKING,,,NOT_APPLICABLE_GLOBAL_BASELINE,HF9g-P5,,,,X 全窗基线 · 不参与实体赏罚,14194086,1420,A168_HF9F_20260827_0900,2026-08-27 09:00:00
2026-03-28,110249610,2252,0,16.5096860785,-16.5096860785,-16.5096860785,0E-7,2,2,0.50665070000000000,0.506650700000,-1.4331513700195317,-1.4331513700195317,-1.4331513700195317,0E-17,ELIGIBLE,R03b_20260811_FULL_v1,L1_ELIGIBILITY,v2026-08-11,2026-03-21..2026-08-06,baccarat_bet02_101_all_pairs_incl_sentinel,round_win = game_pnl > 0 (decisive only),COMPATIBILITY_ONLY_NOT_PRODUCTION,296357.1217,267511.9505,6650.6079,18220,18206,-0.02244119,-0.04150452,-0.02020951,-0.02244119,-6650.6079,296357.1217,OK,0.0000,266.0243,4.0000,96.0000,AG03-UNRESOLVED,ALL5_LEVELS_bet23_to_bet27,266.0243,266.0243,266.0243,332.5304,332.5304,4.000000,4.000000,4.000000,5.000000,5.000000,96.000000,96.000000,96.000000,95.000000,95.000000,5.0,1463.1337,1340.2688,5187.4742,5310.3391,PENDING_AG03,FALSE,NOT_FOR_ENFORCEMENT,6384.5836,256811.4724,6650.6079,6384.5836,266.0243,0.02244119,0.02154355,266.0243,6384.5836,0.02154355,266.0243,266.0243,266.0243,332.5304,332.5304,6384.5836,0.02154355,1463.1337,1340.2688,5187.4742,5310.3391,0.01750413,0.01791872,0.00089765,16.2655,14.6936,0.3653,59.3804,1.1678,2646.0457,162.5536,12.4780,16.8648,9.0895,16.5695,22.0926,29.825,33.4482,44.5976,11.8163,0.0,2.018664,2.691552,0.981654,30,240,141,4,0.10479828,0.02244119,0.04150452,0E-8,0.000000,0.902668,0.011910,-0.02129501,2026-03-22,2026-08-05,112,5695,2177,137,0.817518,0.739886,0.767145,0.349328,,,,,,,,GLOBAL_BASELINE_NO_ENTITY_RANKING,,,NOT_APPLICABLE_GLOBAL_BASELINE,HF9g-P5,,,,X 全窗基线 · 不参与实体赏罚,14194087,1420,A168_HF9F_20260827_0900,2026-08-27 09:00:00
2026-03-28,110249610,2254,0,11.8774719989,-11.8774719989,-11.8774719989,0E-7,1,1,0.49324550000000000,0.493245500000,-0.9865810262130424,-0.9865810262130424,-0.9865810262130424,0E-17,ELIGIBLE,R03b_20260811_FULL_v1,L1_ELIGIBILITY,v2026-08-11,2026-03-21..2026-08-06,baccarat_bet02_101_all_pairs_incl_sentinel,round_win = game_pnl > 0 (decisive only),COMPATIBILITY_ONLY_NOT_PRODUCTION,296357.1217,267511.9505,6650.6079,18220,18206,-0.02244119,-0.04150452,-0.02020951,-0.02244119,-6650.6079,296357.1217,OK,0.0000,266.0243,4.0000,96.0000,AG03-UNRESOLVED,ALL5_LEVELS_bet23_to_bet27,266.0243,266.0243,266.0243,332.5304,332.5304,4.000000,4.000000,4.000000,5.000000,5.000000,96.000000,96.000000,96.000000,95.000000,95.000000,5.0,1463.1337,1340.2688,5187.4742,5310.3391,PENDING_AG03,FALSE,NOT_FOR_ENFORCEMENT,6384.5836,256811.4724,6650.6079,6384.5836,266.0243,0.02244119,0.02154355,266.0243,6384.5836,0.02154355,266.0243,266.0243,266.0243,332.5304,332.5304,6384.5836,0.02154355,1463.1337,1340.2688,5187.4742,5310.3391,0.01750413,0.01791872,0.00089765,16.2655,14.6936,0.3653,59.3804,1.1678,2646.0457,162.5536,12.4780,16.8648,9.0895,16.5695,22.0926,29.825,33.4482,44.5976,11.8163,0.0,2.018664,2.691552,0.981654,30,240,141,4,0.10479828,0.02244119,0.04150452,0E-8,0.000000,0.902668,0.011910,-0.02129501,2026-03-22,2026-08-05,112,5695,2177,137,0.817518,0.739886,0.767145,0.349328,,,,,,,,GLOBAL_BASELINE_NO_ENTITY_RANKING,,,NOT_APPLICABLE_GLOBAL_BASELINE,HF9g-P5,,,,X 全窗基线 · 不参与实体赏罚,14194088,1420,A168_HF9F_20260827_0900,2026-08-27 09:00:00
2026-03-28,110249610,2264,0,46.3221407957,34.4446687968,34.4446687968,1.0000000,4,4,0.49324550000000000,0.493245500000,1.755609282511032,1.7556092825110319,1.755609282511032,0E-17,ELIGIBLE,R03b_20260811_FULL_v1,L1_ELIGIBILITY,v2026-08-11,2026-03-21..2026-08-06,baccarat_bet02_101_all_pairs_incl_sentinel,round_win = game_pnl > 0 (decisive only),COMPATIBILITY_ONLY_NOT_PRODUCTION,296357.1217,267511.9505,6650.6079,18220,18206,-0.02244119,-0.04150452,-0.02020951,-0.02244119,-6650.6079,296357.1217,OK,0.0000,266.0243,4.0000,96.0000,AG03-UNRESOLVED,ALL5_LEVELS_bet23_to_bet27,266.0243,266.0243,266.0243,332.5304,332.5304,4.000000,4.000000,4.000000,5.000000,5.000000,96.000000,96.000000,96.000000,95.000000,95.000000,5.0,1463.1337,1340.2688,5187.4742,5310.3391,PENDING_AG03,FALSE,NOT_FOR_ENFORCEMENT,6384.5836,256811.4724,6650.6079,6384.5836,266.0243,0.02244119,0.02154355,266.0243,6384.5836,0.02154355,266.0243,266.0243,266.0243,332.5304,332.5304,6384.5836,0.02154355,1463.1337,1340.2688,5187.4742,5310.3391,0.01750413,0.01791872,0.00089765,16.2655,14.6936,0.3653,59.3804,1.1678,2646.0457,162.5536,12.4780,16.8648,9.0895,16.5695,22.0926,29.825,33.4482,44.5976,11.8163,0.0,2.018664,2.691552,0.981654,30,240,141,4,0.10479828,0.02244119,0.04150452,0E-8,0.000000,0.902668,0.011910,-0.02129501,2026-03-22,2026-08-05,112,5695,2177,137,0.817518,0.739886,0.767145,0.349328,,,,,,,,GLOBAL_BASELINE_NO_ENTITY_RANKING,,,NOT_APPLICABLE_GLOBAL_BASELINE,HF9g-P5,,,,X 全窗基线 · 不参与实体赏罚,14194089,1420,A168_HF9F_20260827_0900,2026-08-27 09:00:00
2026-03-28,110249610,2266,0,35.6324159966,-17.8162079983,-17.8162079983,0E-7,2,2,0.49324550000000000,0.493245500000,-0.9865810262130424,-0.9865810262130424,-0.9865810262130424,0E-17,ELIGIBLE,R03b_20260811_FULL_v1,L1_ELIGIBILITY,v2026-08-11,2026-03-21..2026-08-06,baccarat_bet02_101_all_pairs_incl_sentinel,round_win = game_pnl > 0 (decisive only),COMPATIBILITY_ONLY_NOT_PRODUCTION,296357.1217,267511.9505,6650.6079,18220,18206,-0.02244119,-0.04150452,-0.02020951,-0.02244119,-6650.6079,296357.1217,OK,0.0000,266.0243,4.0000,96.0000,AG03-UNRESOLVED,ALL5_LEVELS_bet23_to_bet27,266.0243,266.0243,266.0243,332.5304,332.5304,4.000000,4.000000,4.000000,5.000000,5.000000,96.000000,96.000000,96.000000,95.000000,95.000000,5.0,1463.1337,1340.2688,5187.4742,5310.3391,PENDING_AG03,FALSE,NOT_FOR_ENFORCEMENT,6384.5836,256811.4724,6650.6079,6384.5836,266.0243,0.02244119,0.02154355,266.0243,6384.5836,0.02154355,266.0243,266.0243,266.0243,332.5304,332.5304,6384.5836,0.02154355,1463.1337,1340.2688,5187.4742,5310.3391,0.01750413,0.01791872,0.00089765,16.2655,14.6936,0.3653,59.3804,1.1678,2646.0457,162.5536,12.4780,16.8648,9.0895,16.5695,22.0926,29.825,33.4482,44.5976,11.8163,0.0,2.018664,2.691552,0.981654,30,240,141,4,0.10479828,0.02244119,0.04150452,0E-8,0.000000,0.902668,0.011910,-0.02129501,2026-03-22,2026-08-05,112,5695,2177,137,0.817518,0.739886,0.767145,0.349328,,,,,,,,GLOBAL_BASELINE_NO_ENTITY_RANKING,,,NOT_APPLICABLE_GLOBAL_BASELINE,HF9g-P5,,,,X 全窗基线 · 不参与实体赏罚,14194090,1420,A168_HF9F_20260827_0900,2026-08-27 09:00:00
2026-03-28,110249610,462,0,17.8162079983,-17.8162079983,-17.8162079983,0E-7,1,1,0.50665070000000000,0.506650700000,-1.013391052207602,-1.013391052207602,-1.013391052207602,0E-17,ELIGIBLE,R03b_20260811_FULL_v1,L1_ELIGIBILITY,v2026-08-11,2026-03-21..2026-08-06,baccarat_bet02_101_all_pairs_incl_sentinel,round_win = game_pnl > 0 (decisive only),COMPATIBILITY_ONLY_NOT_PRODUCTION,296357.1217,267511.9505,6650.6079,18220,18206,-0.02244119,-0.04150452,-0.02020951,-0.02244119,-6650.6079,296357.1217,OK,0.0000,266.0243,4.0000,96.0000,AG03-UNRESOLVED,ALL5_LEVELS_bet23_to_bet27,266.0243,266.0243,266.0243,332.5304,332.5304,4.000000,4.000000,4.000000,5.000000,5.000000,96.000000,96.000000,96.000000,95.000000,95.000000,5.0,1463.1337,1340.2688,5187.4742,5310.3391,PENDING_AG03,FALSE,NOT_FOR_ENFORCEMENT,6384.5836,256811.4724,6650.6079,6384.5836,266.0243,0.02244119,0.02154355,266.0243,6384.5836,0.02154355,266.0243,266.0243,266.0243,332.5304,332.5304,6384.5836,0.02154355,1463.1337,1340.2688,5187.4742,5310.3391,0.01750413,0.01791872,0.00089765,16.2655,14.6936,0.3653,59.3804,1.1678,2646.0457,162.5536,12.4780,16.8648,9.0895,16.5695,22.0926,29.825,33.4482,44.5976,11.8163,0.0,2.018664,2.691552,0.981654,30,240,141,4,0.10479828,0.02244119,0.04150452,0E-8,0.000000,0.902668,0.011910,-0.02129501,2026-03-22,2026-08-05,112,5695,2177,137,0.817518,0.739886,0.767145,0.349328,,,,,,,,GLOBAL_BASELINE_NO_ENTITY_RANKING,,,NOT_APPLICABLE_GLOBAL_BASELINE,HF9g-P5,,,,X 全窗基线 · 不参与实体赏罚,14194091,1420,A168_HF9F_20260827_0900,2026-08-27 09:00:00
2026-03-28,110249610,526,0,29.6936799972,28.2089959973,28.2089959973,1.0000000,3,3,0.50665070000000000,0.506650700000,1.7091633124209307,1.7091633124209307,1.7091633124209307,0E-17,ELIGIBLE,R03b_20260811_FULL_v1,L1_ELIGIBILITY,v2026-08-11,2026-03-21..2026-08-06,baccarat_bet02_101_all_pairs_incl_sentinel,round_win = game_pnl > 0 (decisive only),COMPATIBILITY_ONLY_NOT_PRODUCTION,296357.1217,267511.9505,6650.6079,18220,18206,-0.02244119,-0.04150452,-0.02020951,-0.02244119,-6650.6079,296357.1217,OK,0.0000,266.0243,4.0000,96.0000,AG03-UNRESOLVED,ALL5_LEVELS_bet23_to_bet27,266.0243,266.0243,266.0243,332.5304,332.5304,4.000000,4.000000,4.000000,5.000000,5.000000,96.000000,96.000000,96.000000,95.000000,95.000000,5.0,1463.1337,1340.2688,5187.4742,5310.3391,PENDING_AG03,FALSE,NOT_FOR_ENFORCEMENT,6384.5836,256811.4724,6650.6079,6384.5836,266.0243,0.02244119,0.02154355,266.0243,6384.5836,0.02154355,266.0243,266.0243,266.0243,332.5304,332.5304,6384.5836,0.02154355,1463.1337,1340.2688,5187.4742,5310.3391,0.01750413,0.01791872,0.00089765,16.2655,14.6936,0.3653,59.3804,1.1678,2646.0457,162.5536,12.4780,16.8648,9.0895,16.5695,22.0926,29.825,33.4482,44.5976,11.8163,0.0,2.018664,2.691552,0.981654,30,240,141,4,0.10479828,0.02244119,0.04150452,0E-8,0.000000,0.902668,0.011910,-0.02129501,2026-03-22,2026-08-05,112,5695,2177,137,0.817518,0.739886,0.767145,0.349328,,,,,,,,GLOBAL_BASELINE_NO_ENTITY_RANKING,,,NOT_APPLICABLE_GLOBAL_BASELINE,HF9g-P5,,,,X 全窗基线 · 不参与实体赏罚,14194092,1420,A168_HF9F_20260827_0900,2026-08-27 09:00:00
2026-03-28,110249610,595,0,23.7549439978,11.8774719989,11.8774719989,1.0000000,2,2,0.49994810000000000,0.499948100000,1.0001038053877793,1.0001038053877793,1.0001038053877793,0E-17,ELIGIBLE,R03b_20260811_FULL_v1,L1_ELIGIBILITY,v2026-08-11,2026-03-21..2026-08-06,baccarat_bet02_101_all_pairs_incl_sentinel,round_win = game_pnl > 0 (decisive only),COMPATIBILITY_ONLY_NOT_PRODUCTION,296357.1217,267511.9505,6650.6079,18220,18206,-0.02244119,-0.04150452,-0.02020951,-0.02244119,-6650.6079,296357.1217,OK,0.0000,266.0243,4.0000,96.0000,AG03-UNRESOLVED,ALL5_LEVELS_bet23_to_bet27,266.0243,266.0243,266.0243,332.5304,332.5304,4.000000,4.000000,4.000000,5.000000,5.000000,96.000000,96.000000,96.000000,95.000000,95.000000,5.0,1463.1337,1340.2688,5187.4742,5310.3391,PENDING_AG03,FALSE,NOT_FOR_ENFORCEMENT,6384.5836,256811.4724,6650.6079,6384.5836,266.0243,0.02244119,0.02154355,266.0243,6384.5836,0.02154355,266.0243,266.0243,266.0243,332.5304,332.5304,6384.5836,0.02154355,1463.1337,1340.2688,5187.4742,5310.3391,0.01750413,0.01791872,0.00089765,16.2655,14.6936,0.3653,59.3804,1.1678,2646.0457,162.5536,12.4780,16.8648,9.0895,16.5695,22.0926,29.825,33.4482,44.5976,11.8163,0.0,2.018664,2.691552,0.981654,30,240,141,4,0.10479828,0.02244119,0.04150452,0E-8,0.000000,0.902668,0.011910,-0.02129501,2026-03-22,2026-08-05,112,5695,2177,137,0.817518,0.739886,0.767145,0.349328,,,,,,,,GLOBAL_BASELINE_NO_ENTITY_RANKING,,,NOT_APPLICABLE_GLOBAL_BASELINE,HF9g-P5,,,,X 全窗基线 · 不参与实体赏罚,14194093,1420,A168_HF9F_20260827_0900,2026-08-27 09:00:00
2026-03-28,110249610,925,0,77.2035679926,16.6284607984,16.6284607984,0.6666667,4,4,0.49324550000000000,0.493245500000,0.6008033672792107,0.6008033672792106,0.6008033672792107,0E-17,ELIGIBLE,R03b_20260811_FULL_v1,L1_ELIGIBILITY,v2026-08-11,2026-03-21..2026-08-06,baccarat_bet02_101_all_pairs_incl_sentinel,round_win = game_pnl > 0 (decisive only),COMPATIBILITY_ONLY_NOT_PRODUCTION,296357.1217,267511.9505,6650.6079,18220,18206,-0.02244119,-0.04150452,-0.02020951,-0.02244119,-6650.6079,296357.1217,OK,0.0000,266.0243,4.0000,96.0000,AG03-UNRESOLVED,ALL5_LEVELS_bet23_to_bet27,266.0243,266.0243,266.0243,332.5304,332.5304,4.000000,4.000000,4.000000,5.000000,5.000000,96.000000,96.000000,96.000000,95.000000,95.000000,5.0,1463.1337,1340.2688,5187.4742,5310.3391,PENDING_AG03,FALSE,NOT_FOR_ENFORCEMENT,6384.5836,256811.4724,6650.6079,6384.5836,266.0243,0.02244119,0.02154355,266.0243,6384.5836,0.02154355,266.0243,266.0243,266.0243,332.5304,332.5304,6384.5836,0.02154355,1463.1337,1340.2688,5187.4742,5310.3391,0.01750413,0.01791872,0.00089765,16.2655,14.6936,0.3653,59.3804,1.1678,2646.0457,162.5536,12.4780,16.8648,9.0895,16.5695,22.0926,29.825,33.4482,44.5976,11.8163,0.0,2.018664,2.691552,0.981654,30,240,141,4,0.10479828,0.02244119,0.04150452,0E-8,0.000000,0.902668,0.011910,-0.02129501,2026-03-22,2026-08-05,112,5695,2177,137,0.817518,0.739886,0.767145,0.349328,,,,,,,,GLOBAL_BASELINE_NO_ENTITY_RANKING,,,NOT_APPLICABLE_GLOBAL_BASELINE,HF9g-P5,,,,X 全窗基线 · 不参与实体赏罚,14194094,1420,A168_HF9F_20260827_0900,2026-08-27 09:00:00
2026-03-28,110249610,948,0,17.8162079983,-17.8162079983,-17.8162079983,0E-7,1,1,0.49324550000000000,0.493245500000,-0.9865810262130424,-0.9865810262130424,-0.9865810262130424,0E-17,ELIGIBLE,R03b_20260811_FULL_v1,L1_ELIGIBILITY,v2026-08-11,2026-03-21..2026-08-06,baccarat_bet02_101_all_pairs_incl_sentinel,round_win = game_pnl > 0 (decisive only),COMPATIBILITY_ONLY_NOT_PRODUCTION,296357.1217,267511.9505,6650.6079,18220,18206,-0.02244119,-0.04150452,-0.02020951,-0.02244119,-6650.6079,296357.1217,OK,0.0000,266.0243,4.0000,96.0000,AG03-UNRESOLVED,ALL5_LEVELS_bet23_to_bet27,266.0243,266.0243,266.0243,332.5304,332.5304,4.000000,4.000000,4.000000,5.000000,5.000000,96.000000,96.000000,96.000000,95.000000,95.000000,5.0,1463.1337,1340.2688,5187.4742,5310.3391,PENDING_AG03,FALSE,NOT_FOR_ENFORCEMENT,6384.5836,256811.4724,6650.6079,6384.5836,266.0243,0.02244119,0.02154355,266.0243,6384.5836,0.02154355,266.0243,266.0243,266.0243,332.5304,332.5304,6384.5836,0.02154355,1463.1337,1340.2688,5187.4742,5310.3391,0.01750413,0.01791872,0.00089765,16.2655,14.6936,0.3653,59.3804,1.1678,2646.0457,162.5536,12.4780,16.8648,9.0895,16.5695,22.0926,29.825,33.4482,44.5976,11.8163,0.0,2.018664,2.691552,0.981654,30,240,141,4,0.10479828,0.02244119,0.04150452,0E-8,0.000000,0.902668,0.011910,-0.02129501,2026-03-22,2026-08-05,112,5695,2177,137,0.817518,0.739886,0.767145,0.349328,,,,,,,,GLOBAL_BASELINE_NO_ENTITY_RANKING,,,NOT_APPLICABLE_GLOBAL_BASELINE,HF9g-P5,,,,X 全窗基线 · 不参与实体赏罚,14194095,1420,A168_HF9F_20260827_0900,2026-08-27 09:00:00
2026-03-29,110249610,-1,1,323.1860130890,2.1973323198,2.1973323198,0.5000000,32,32,0.50246157500000000,0.502461575000,-0.02510354214255823,-0.025103542142558236,-0.02510354214255823,0E-17,SENTINEL_DEALER,R03b_20260811_FULL_v1,L1_ELIGIBILITY,v2026-08-11,2026-03-21..2026-08-06,baccarat_bet02_101_all_pairs_incl_sentinel,round_win = game_pnl > 0 (decisive only),COMPATIBILITY_ONLY_NOT_PRODUCTION,296357.1217,267511.9505,6650.6079,18220,18206,-0.02244119,-0.04150452,-0.02020951,-0.02244119,-6650.6079,296357.1217,OK,0.0000,266.0243,4.0000,96.0000,AG03-UNRESOLVED,ALL5_LEVELS_bet23_to_bet27,266.0243,266.0243,266.0243,332.5304,332.5304,4.000000,4.000000,4.000000,5.000000,5.000000,96.000000,96.000000,96.000000,95.000000,95.000000,5.0,1463.1337,1340.2688,5187.4742,5310.3391,PENDING_AG03,FALSE,NOT_FOR_ENFORCEMENT,6384.5836,256811.4724,6650.6079,6384.5836,266.0243,0.02244119,0.02154355,266.0243,6384.5836,0.02154355,266.0243,266.0243,266.0243,332.5304,332.5304,6384.5836,0.02154355,1463.1337,1340.2688,5187.4742,5310.3391,0.01750413,0.01791872,0.00089765,16.2655,14.6936,0.3653,59.3804,1.1678,2646.0457,162.5536,12.4780,16.8648,9.0895,16.5695,22.0926,29.825,33.4482,44.5976,11.8163,0.0,2.018664,2.691552,0.981654,30,240,141,4,0.10479828,0.02244119,0.04150452,0E-8,0.000000,0.902668,0.011910,-0.02129501,2026-03-22,2026-08-05,112,5695,2177,137,0.817518,0.739886,0.767145,0.349328,,,,,,,,GLOBAL_BASELINE_NO_ENTITY_RANKING,,,NOT_APPLICABLE_GLOBAL_BASELINE,HF9g-P5,,,,X 全窗基线 · 不参与实体赏罚,14194096,1420,A168_HF9F_20260827_0900,2026-08-27 09:00:00
2026-03-29,110249610,1078,0,16.6284607984,-16.6284607984,-16.6284607984,0E-7,1,1,0.49324550000000000,0.493245500000,-0.9865810262130424,-0.9865810262130424,-0.9865810262130424,0E-17,ELIGIBLE,R03b_20260811_FULL_v1,L1_ELIGIBILITY,v2026-08-11,2026-03-21..2026-08-06,baccarat_bet02_101_all_pairs_incl_sentinel,round_win = game_pnl > 0 (decisive only),COMPATIBILITY_ONLY_NOT_PRODUCTION,296357.1217,267511.9505,6650.6079,18220,18206,-0.02244119,-0.04150452,-0.02020951,-0.02244119,-6650.6079,296357.1217,OK,0.0000,266.0243,4.0000,96.0000,AG03-UNRESOLVED,ALL5_LEVELS_bet23_to_bet27,266.0243,266.0243,266.0243,332.5304,332.5304,4.000000,4.000000,4.000000,5.000000,5.000000,96.000000,96.000000,96.000000,95.000000,95.000000,5.0,1463.1337,1340.2688,5187.4742,5310.3391,PENDING_AG03,FALSE,NOT_FOR_ENFORCEMENT,6384.5836,256811.4724,6650.6079,6384.5836,266.0243,0.02244119,0.02154355,266.0243,6384.5836,0.02154355,266.0243,266.0243,266.0243,332.5304,332.5304,6384.5836,0.02154355,1463.1337,1340.2688,5187.4742,5310.3391,0.01750413,0.01791872,0.00089765,16.2655,14.6936,0.3653,59.3804,1.1678,2646.0457,162.5536,12.4780,16.8648,9.0895,16.5695,22.0926,29.825,33.4482,44.5976,11.8163,0.0,2.018664,2.691552,0.981654,30,240,141,4,0.10479828,0.02244119,0.04150452,0E-8,0.000000,0.902668,0.011910,-0.02129501,2026-03-22,2026-08-05,112,5695,2177,137,0.817518,0.739886,0.767145,0.349328,,,,,,,,GLOBAL_BASELINE_NO_ENTITY_RANKING,,,NOT_APPLICABLE_GLOBAL_BASELINE,HF9g-P5,,,,X 全窗基线 · 不参与实体赏罚,14194097,1420,A168_HF9F_20260827_0900,2026-08-27 09:00:00
2026-03-29,110249610,1109,0,14.2529663986,2.3754943998,2.3754943998,0.6666667,3,3,0.49324550000000000,0.493245500000,0.6008033672792107,0.6008033672792106,0.6008033672792107,0E-17,ELIGIBLE,R03b_20260811_FULL_v1,L1_ELIGIBILITY,v2026-08-11,2026-03-21..2026-08-06,baccarat_bet02_101_all_pairs_incl_sentinel,round_win = game_pnl > 0 (decisive only),COMPATIBILITY_ONLY_NOT_PRODUCTION,296357.1217,267511.9505,6650.6079,18220,18206,-0.02244119,-0.04150452,-0.02020951,-0.02244119,-6650.6079,296357.1217,OK,0.0000,266.0243,4.0000,96.0000,AG03-UNRESOLVED,ALL5_LEVELS_bet23_to_bet27,266.0243,266.0243,266.0243,332.5304,332.5304,4.000000,4.000000,4.000000,5.000000,5.000000,96.000000,96.000000,96.000000,95.000000,95.000000,5.0,1463.1337,1340.2688,5187.4742,5310.3391,PENDING_AG03,FALSE,NOT_FOR_ENFORCEMENT,6384.5836,256811.4724,6650.6079,6384.5836,266.0243,0.02244119,0.02154355,266.0243,6384.5836,0.02154355,266.0243,266.0243,266.0243,332.5304,332.5304,6384.5836,0.02154355,1463.1337,1340.2688,5187.4742,5310.3391,0.01750413,0.01791872,0.00089765,16.2655,14.6936,0.3653,59.3804,1.1678,2646.0457,162.5536,12.4780,16.8648,9.0895,16.5695,22.0926,29.825,33.4482,44.5976,11.8163,0.0,2.018664,2.691552,0.981654,30,240,141,4,0.10479828,0.02244119,0.04150452,0E-8,0.000000,0.902668,0.011910,-0.02129501,2026-03-22,2026-08-05,112,5695,2177,137,0.817518,0.739886,0.767145,0.349328,,,,,,,,GLOBAL_BASELINE_NO_ENTITY_RANKING,,,NOT_APPLICABLE_GLOBAL_BASELINE,HF9g-P5,,,,X 全窗基线 · 不参与实体赏罚,14194098,1420,A168_HF9F_20260827_0900,2026-08-27 09:00:00
2026-03-29,110249610,1304,0,24.9426911976,23.6955566377,23.6955566377,1.0000000,2,2,0.50665070000000000,0.506650700000,1.3955260008387969,1.3955260008387969,1.3955260008387969,0E-17,ELIGIBLE,R03b_20260811_FULL_v1,L1_ELIGIBILITY,v2026-08-11,2026-03-21..2026-08-06,baccarat_bet02_101_all_pairs_incl_sentinel,round_win = game_pnl > 0 (decisive only),COMPATIBILITY_ONLY_NOT_PRODUCTION,296357.1217,267511.9505,6650.6079,18220,18206,-0.02244119,-0.04150452,-0.02020951,-0.02244119,-6650.6079,296357.1217,OK,0.0000,266.0243,4.0000,96.0000,AG03-UNRESOLVED,ALL5_LEVELS_bet23_to_bet27,266.0243,266.0243,266.0243,332.5304,332.5304,4.000000,4.000000,4.000000,5.000000,5.000000,96.000000,96.000000,96.000000,95.000000,95.000000,5.0,1463.1337,1340.2688,5187.4742,5310.3391,PENDING_AG03,FALSE,NOT_FOR_ENFORCEMENT,6384.5836,256811.4724,6650.6079,6384.5836,266.0243,0.02244119,0.02154355,266.0243,6384.5836,0.02154355,266.0243,266.0243,266.0243,332.5304,332.5304,6384.5836,0.02154355,1463.1337,1340.2688,5187.4742,5310.3391,0.01750413,0.01791872,0.00089765,16.2655,14.6936,0.3653,59.3804,1.1678,2646.0457,162.5536,12.4780,16.8648,9.0895,16.5695,22.0926,29.825,33.4482,44.5976,11.8163,0.0,2.018664,2.691552,0.981654,30,240,141,4,0.10479828,0.02244119,0.04150452,0E-8,0.000000,0.902668,0.011910,-0.02129501,2026-03-22,2026-08-05,112,5695,2177,137,0.817518,0.739886,0.767145,0.349328,,,,,,,,GLOBAL_BASELINE_NO_ENTITY_RANKING,,,NOT_APPLICABLE_GLOBAL_BASELINE,HF9g-P5,,,,X 全窗基线 · 不参与实体赏罚,14194099,1420,A168_HF9F_20260827_0900,2026-08-27 09:00:00
2026-03-29,110249610,1307,0,3.5632415997,-3.5632415997,-3.5632415997,0E-7,1,1,0.49324550000000000,0.493245500000,-0.9865810262130424,-0.9865810262130424,-0.9865810262130424,0E-17,ELIGIBLE,R03b_20260811_FULL_v1,L1_ELIGIBILITY,v2026-08-11,2026-03-21..2026-08-06,baccarat_bet02_101_all_pairs_incl_sentinel,round_win = game_pnl > 0 (decisive only),COMPATIBILITY_ONLY_NOT_PRODUCTION,296357.1217,267511.9505,6650.6079,18220,18206,-0.02244119,-0.04150452,-0.02020951,-0.02244119,-6650.6079,296357.1217,OK,0.0000,266.0243,4.0000,96.0000,AG03-UNRESOLVED,ALL5_LEVELS_bet23_to_bet27,266.0243,266.0243,266.0243,332.5304,332.5304,4.000000,4.000000,4.000000,5.000000,5.000000,96.000000,96.000000,96.000000,95.000000,95.000000,5.0,1463.1337,1340.2688,5187.4742,5310.3391,PENDING_AG03,FALSE,NOT_FOR_ENFORCEMENT,6384.5836,256811.4724,6650.6079,6384.5836,266.0243,0.02244119,0.02154355,266.0243,6384.5836,0.02154355,266.0243,266.0243,266.0243,332.5304,332.5304,6384.5836,0.02154355,1463.1337,1340.2688,5187.4742,5310.3391,0.01750413,0.01791872,0.00089765,16.2655,14.6936,0.3653,59.3804,1.1678,2646.0457,162.5536,12.4780,16.8648,9.0895,16.5695,22.0926,29.825,33.4482,44.5976,11.8163,0.0,2.018664,2.691552,0.981654,30,240,141,4,0.10479828,0.02244119,0.04150452,0E-8,0.000000,0.902668,0.011910,-0.02129501,2026-03-22,2026-08-05,112,5695,2177,137,0.817518,0.739886,0.767145,0.349328,,,,,,,,GLOBAL_BASELINE_NO_ENTITY_RANKING,,,NOT_APPLICABLE_GLOBAL_BASELINE,HF9g-P5,,,,X 全窗基线 · 不参与实体赏罚,14194100,1420,A168_HF9F_20260827_0900,2026-08-27 09:00:00
2026-03-29,110249610,1505,0,5.5824118395,-5.5824118395,-5.5824118395,0E-7,1,1,0.50665070000000000,0.506650700000,-1.013391052207602,-1.013391052207602,-1.013391052207602,0E-17,ELIGIBLE,R03b_20260811_FULL_v1,L1_ELIGIBILITY,v2026-08-11,2026-03-21..2026-08-06,baccarat_bet02_101_all_pairs_incl_sentinel,round_win = game_pnl > 0 (decisive only),COMPATIBILITY_ONLY_NOT_PRODUCTION,296357.1217,267511.9505,6650.6079,18220,18206,-0.02244119,-0.04150452,-0.02020951,-0.02244119,-6650.6079,296357.1217,OK,0.0000,266.0243,4.0000,96.0000,AG03-UNRESOLVED,ALL5_LEVELS_bet23_to_bet27,266.0243,266.0243,266.0243,332.5304,332.5304,4.000000,4.000000,4.000000,5.000000,5.000000,96.000000,96.000000,96.000000,95.000000,95.000000,5.0,1463.1337,1340.2688,5187.4742,5310.3391,PENDING_AG03,FALSE,NOT_FOR_ENFORCEMENT,6384.5836,256811.4724,6650.6079,6384.5836,266.0243,0.02244119,0.02154355,266.0243,6384.5836,0.02154355,266.0243,266.0243,266.0243,332.5304,332.5304,6384.5836,0.02154355,1463.1337,1340.2688,5187.4742,5310.3391,0.01750413,0.01791872,0.00089765,16.2655,14.6936,0.3653,59.3804,1.1678,2646.0457,162.5536,12.4780,16.8648,9.0895,16.5695,22.0926,29.825,33.4482,44.5976,11.8163,0.0,2.018664,2.691552,0.981654,30,240,141,4,0.10479828,0.02244119,0.04150452,0E-8,0.000000,0.902668,0.011910,-0.02129501,2026-03-22,2026-08-05,112,5695,2177,137,0.817518,0.739886,0.767145,0.349328,,,,,,,,GLOBAL_BASELINE_NO_ENTITY_RANKING,,,NOT_APPLICABLE_GLOBAL_BASELINE,HF9g-P5,,,,X 全窗基线 · 不参与实体赏罚,14194101,1420,A168_HF9F_20260827_0900,2026-08-27 09:00:00
2026-03-29,110249610,1623,0,5.9387359994,-5.9387359994,-5.9387359994,0E-7,1,1,0.49324550000000000,0.493245500000,-0.9865810262130424,-0.9865810262130424,-0.9865810262130424,0E-17,ELIGIBLE,R03b_20260811_FULL_v1,L1_ELIGIBILITY,v2026-08-11,2026-03-21..2026-08-06,baccarat_bet02_101_all_pairs_incl_sentinel,round_win = game_pnl > 0 (decisive only),COMPATIBILITY_ONLY_NOT_PRODUCTION,296357.1217,267511.9505,6650.6079,18220,18206,-0.02244119,-0.04150452,-0.02020951,-0.02244119,-6650.6079,296357.1217,OK,0.0000,266.0243,4.0000,96.0000,AG03-UNRESOLVED,ALL5_LEVELS_bet23_to_bet27,266.0243,266.0243,266.0243,332.5304,332.5304,4.000000,4.000000,4.000000,5.000000,5.000000,96.000000,96.000000,96.000000,95.000000,95.000000,5.0,1463.1337,1340.2688,5187.4742,5310.3391,PENDING_AG03,FALSE,NOT_FOR_ENFORCEMENT,6384.5836,256811.4724,6650.6079,6384.5836,266.0243,0.02244119,0.02154355,266.0243,6384.5836,0.02154355,266.0243,266.0243,266.0243,332.5304,332.5304,6384.5836,0.02154355,1463.1337,1340.2688,5187.4742,5310.3391,0.01750413,0.01791872,0.00089765,16.2655,14.6936,0.3653,59.3804,1.1678,2646.0457,162.5536,12.4780,16.8648,9.0895,16.5695,22.0926,29.825,33.4482,44.5976,11.8163,0.0,2.018664,2.691552,0.981654,30,240,141,4,0.10479828,0.02244119,0.04150452,0E-8,0.000000,0.902668,0.011910,-0.02129501,2026-03-22,2026-08-05,112,5695,2177,137,0.817518,0.739886,0.767145,0.349328,,,,,,,,GLOBAL_BASELINE_NO_ENTITY_RANKING,,,NOT_APPLICABLE_GLOBAL_BASELINE,HF9g-P5,,,,X 全窗基线 · 不参与实体赏罚,14194102,1420,A168_HF9F_20260827_0900,2026-08-27 09:00:00
2026-03-29,110249610,1991,0,20.1917023981,-20.1917023981,-20.1917023981,0E-7,1,1,0.50665070000000000,0.506650700000,-1.013391052207602,-1.013391052207602,-1.013391052207602,0E-17,ELIGIBLE,R03b_20260811_FULL_v1,L1_ELIGIBILITY,v2026-08-11,2026-03-21..2026-08-06,baccarat_bet02_101_all_pairs_incl_sentinel,round_win = game_pnl > 0 (decisive only),COMPATIBILITY_ONLY_NOT_PRODUCTION,296357.1217,267511.9505,6650.6079,18220,18206,-0.02244119,-0.04150452,-0.02020951,-0.02244119,-6650.6079,296357.1217,OK,0.0000,266.0243,4.0000,96.0000,AG03-UNRESOLVED,ALL5_LEVELS_bet23_to_bet27,266.0243,266.0243,266.0243,332.5304,332.5304,4.000000,4.000000,4.000000,5.000000,5.000000,96.000000,96.000000,96.000000,95.000000,95.000000,5.0,1463.1337,1340.2688,5187.4742,5310.3391,PENDING_AG03,FALSE,NOT_FOR_ENFORCEMENT,6384.5836,256811.4724,6650.6079,6384.5836,266.0243,0.02244119,0.02154355,266.0243,6384.5836,0.02154355,266.0243,266.0243,266.0243,332.5304,332.5304,6384.5836,0.02154355,1463.1337,1340.2688,5187.4742,5310.3391,0.01750413,0.01791872,0.00089765,16.2655,14.6936,0.3653,59.3804,1.1678,2646.0457,162.5536,12.4780,16.8648,9.0895,16.5695,22.0926,29.825,33.4482,44.5976,11.8163,0.0,2.018664,2.691552,0.981654,30,240,141,4,0.10479828,0.02244119,0.04150452,0E-8,0.000000,0.902668,0.011910,-0.02129501,2026-03-22,2026-08-05,112,5695,2177,137,0.817518,0.739886,0.767145,0.349328,,,,,,,,GLOBAL_BASELINE_NO_ENTITY_RANKING,,,NOT_APPLICABLE_GLOBAL_BASELINE,HF9g-P5,,,,X 全窗基线 · 不参与实体赏罚,14194103,1420,A168_HF9F_20260827_0900,2026-08-27 09:00:00
2026-03-29,110249610,1994,0,5.9387359994,5.6417991995,5.6417991995,1.0000000,1,1,0.50665070000000000,0.506650700000,0.9867858985152569,0.9867858985152569,0.9867858985152569,0E-17,ELIGIBLE,R03b_20260811_FULL_v1,L1_ELIGIBILITY,v2026-08-11,2026-03-21..2026-08-06,baccarat_bet02_101_all_pairs_incl_sentinel,round_win = game_pnl > 0 (decisive only),COMPATIBILITY_ONLY_NOT_PRODUCTION,296357.1217,267511.9505,6650.6079,18220,18206,-0.02244119,-0.04150452,-0.02020951,-0.02244119,-6650.6079,296357.1217,OK,0.0000,266.0243,4.0000,96.0000,AG03-UNRESOLVED,ALL5_LEVELS_bet23_to_bet27,266.0243,266.0243,266.0243,332.5304,332.5304,4.000000,4.000000,4.000000,5.000000,5.000000,96.000000,96.000000,96.000000,95.000000,95.000000,5.0,1463.1337,1340.2688,5187.4742,5310.3391,PENDING_AG03,FALSE,NOT_FOR_ENFORCEMENT,6384.5836,256811.4724,6650.6079,6384.5836,266.0243,0.02244119,0.02154355,266.0243,6384.5836,0.02154355,266.0243,266.0243,266.0243,332.5304,332.5304,6384.5836,0.02154355,1463.1337,1340.2688,5187.4742,5310.3391,0.01750413,0.01791872,0.00089765,16.2655,14.6936,0.3653,59.3804,1.1678,2646.0457,162.5536,12.4780,16.8648,9.0895,16.5695,22.0926,29.825,33.4482,44.5976,11.8163,0.0,2.018664,2.691552,0.981654,30,240,141,4,0.10479828,0.02244119,0.04150452,0E-8,0.000000,0.902668,0.011910,-0.02129501,2026-03-22,2026-08-05,112,5695,2177,137,0.817518,0.739886,0.767145,0.349328,,,,,,,,GLOBAL_BASELINE_NO_ENTITY_RANKING,,,NOT_APPLICABLE_GLOBAL_BASELINE,HF9g-P5,,,,X 全窗基线 · 不参与实体赏罚,14194104,1420,A168_HF9F_20260827_0900,2026-08-27 09:00:00
2026-03-29,110249610,2088,0,8.7893292792,-8.7893292792,-8.7893292792,0E-7,1,1,0.49324550000000000,0.493245500000,-0.9865810262130424,-0.9865810262130424,-0.9865810262130424,0E-17,ELIGIBLE,R03b_20260811_FULL_v1,L1_ELIGIBILITY,v2026-08-11,2026-03-21..2026-08-06,baccarat_bet02_101_all_pairs_incl_sentinel,round_win = game_pnl > 0 (decisive only),COMPATIBILITY_ONLY_NOT_PRODUCTION,296357.1217,267511.9505,6650.6079,18220,18206,-0.02244119,-0.04150452,-0.02020951,-0.02244119,-6650.6079,296357.1217,OK,0.0000,266.0243,4.0000,96.0000,AG03-UNRESOLVED,ALL5_LEVELS_bet23_to_bet27,266.0243,266.0243,266.0243,332.5304,332.5304,4.000000,4.000000,4.000000,5.000000,5.000000,96.000000,96.000000,96.000000,95.000000,95.000000,5.0,1463.1337,1340.2688,5187.4742,5310.3391,PENDING_AG03,FALSE,NOT_FOR_ENFORCEMENT,6384.5836,256811.4724,6650.6079,6384.5836,266.0243,0.02244119,0.02154355,266.0243,6384.5836,0.02154355,266.0243,266.0243,266.0243,332.5304,332.5304,6384.5836,0.02154355,1463.1337,1340.2688,5187.4742,5310.3391,0.01750413,0.01791872,0.00089765,16.2655,14.6936,0.3653,59.3804,1.1678,2646.0457,162.5536,12.4780,16.8648,9.0895,16.5695,22.0926,29.825,33.4482,44.5976,11.8163,0.0,2.018664,2.691552,0.981654,30,240,141,4,0.10479828,0.02244119,0.04150452,0E-8,0.000000,0.902668,0.011910,-0.02129501,2026-03-22,2026-08-05,112,5695,2177,137,0.817518,0.739886,0.767145,0.349328,,,,,,,,GLOBAL_BASELINE_NO_ENTITY_RANKING,,,NOT_APPLICABLE_GLOBAL_BASELINE,HF9g-P5,,,,X 全窗基线 · 不参与实体赏罚,14194105,1420,A168_HF9F_20260827_0900,2026-08-27 09:00:00
2026-03-29,110249610,2222,0,2.3754943998,-2.3754943998,-2.3754943998,0E-7,1,1,0.50665070000000000,0.506650700000,-1.013391052207602,-1.013391052207602,-1.013391052207602,0E-17,ELIGIBLE,R03b_20260811_FULL_v1,L1_ELIGIBILITY,v2026-08-11,2026-03-21..2026-08-06,baccarat_bet02_101_all_pairs_incl_sentinel,round_win = game_pnl > 0 (decisive only),COMPATIBILITY_ONLY_NOT_PRODUCTION,296357.1217,267511.9505,6650.6079,18220,18206,-0.02244119,-0.04150452,-0.02020951,-0.02244119,-6650.6079,296357.1217,OK,0.0000,266.0243,4.0000,96.0000,AG03-UNRESOLVED,ALL5_LEVELS_bet23_to_bet27,266.0243,266.0243,266.0243,332.5304,332.5304,4.000000,4.000000,4.000000,5.000000,5.000000,96.000000,96.000000,96.000000,95.000000,95.000000,5.0,1463.1337,1340.2688,5187.4742,5310.3391,PENDING_AG03,FALSE,NOT_FOR_ENFORCEMENT,6384.5836,256811.4724,6650.6079,6384.5836,266.0243,0.02244119,0.02154355,266.0243,6384.5836,0.02154355,266.0243,266.0243,266.0243,332.5304,332.5304,6384.5836,0.02154355,1463.1337,1340.2688,5187.4742,5310.3391,0.01750413,0.01791872,0.00089765,16.2655,14.6936,0.3653,59.3804,1.1678,2646.0457,162.5536,12.4780,16.8648,9.0895,16.5695,22.0926,29.825,33.4482,44.5976,11.8163,0.0,2.018664,2.691552,0.981654,30,240,141,4,0.10479828,0.02244119,0.04150452,0E-8,0.000000,0.902668,0.011910,-0.02129501,2026-03-22,2026-08-05,112,5695,2177,137,0.817518,0.739886,0.767145,0.349328,,,,,,,,GLOBAL_BASELINE_NO_ENTITY_RANKING,,,NOT_APPLICABLE_GLOBAL_BASELINE,HF9g-P5,,,,X 全窗基线 · 不参与实体赏罚,14194106,1420,A168_HF9F_20260827_0900,2026-08-27 09:00:00
2026-03-29,110249610,2239,0,23.7549439978,-23.7549439978,-23.7549439978,0E-7,2,2,0.49994810000000000,0.499948100000,-1.4140667746232096,-1.4140667746232096,-1.4140667746232096,0E-17,ELIGIBLE,R03b_20260811_FULL_v1,L1_ELIGIBILITY,v2026-08-11,2026-03-21..2026-08-06,baccarat_bet02_101_all_pairs_incl_sentinel,round_win = game_pnl > 0 (decisive only),COMPATIBILITY_ONLY_NOT_PRODUCTION,296357.1217,267511.9505,6650.6079,18220,18206,-0.02244119,-0.04150452,-0.02020951,-0.02244119,-6650.6079,296357.1217,OK,0.0000,266.0243,4.0000,96.0000,AG03-UNRESOLVED,ALL5_LEVELS_bet23_to_bet27,266.0243,266.0243,266.0243,332.5304,332.5304,4.000000,4.000000,4.000000,5.000000,5.000000,96.000000,96.000000,96.000000,95.000000,95.000000,5.0,1463.1337,1340.2688,5187.4742,5310.3391,PENDING_AG03,FALSE,NOT_FOR_ENFORCEMENT,6384.5836,256811.4724,6650.6079,6384.5836,266.0243,0.02244119,0.02154355,266.0243,6384.5836,0.02154355,266.0243,266.0243,266.0243,332.5304,332.5304,6384.5836,0.02154355,1463.1337,1340.2688,5187.4742,5310.3391,0.01750413,0.01791872,0.00089765,16.2655,14.6936,0.3653,59.3804,1.1678,2646.0457,162.5536,12.4780,16.8648,9.0895,16.5695,22.0926,29.825,33.4482,44.5976,11.8163,0.0,2.018664,2.691552,0.981654,30,240,141,4,0.10479828,0.02244119,0.04150452,0E-8,0.000000,0.902668,0.011910,-0.02129501,2026-03-22,2026-08-05,112,5695,2177,137,0.817518,0.739886,0.767145,0.349328,,,,,,,,GLOBAL_BASELINE_NO_ENTITY_RANKING,,,NOT_APPLICABLE_GLOBAL_BASELINE,HF9g-P5,,,,X 全窗基线 · 不参与实体赏罚,14194107,1420,A168_HF9F_20260827_0900,2026-08-27 09:00:00
2026-03-29,110249610,2254,0,129.7019942275,72.2150297531,72.2150297531,0.8333333,6,6,0.49324550000000000,0.493245500000,1.666235363940442,1.6662353639404415,1.666235363940442,0E-17,ELIGIBLE,R03b_20260811_FULL_v1,L1_ELIGIBILITY,v2026-08-11,2026-03-21..2026-08-06,baccarat_bet02_101_all_pairs_incl_sentinel,round_win = game_pnl > 0 (decisive only),COMPATIBILITY_ONLY_NOT_PRODUCTION,296357.1217,267511.9505,6650.6079,18220,18206,-0.02244119,-0.04150452,-0.02020951,-0.02244119,-6650.6079,296357.1217,OK,0.0000,266.0243,4.0000,96.0000,AG03-UNRESOLVED,ALL5_LEVELS_bet23_to_bet27,266.0243,266.0243,266.0243,332.5304,332.5304,4.000000,4.000000,4.000000,5.000000,5.000000,96.000000,96.000000,96.000000,95.000000,95.000000,5.0,1463.1337,1340.2688,5187.4742,5310.3391,PENDING_AG03,FALSE,NOT_FOR_ENFORCEMENT,6384.5836,256811.4724,6650.6079,6384.5836,266.0243,0.02244119,0.02154355,266.0243,6384.5836,0.02154355,266.0243,266.0243,266.0243,332.5304,332.5304,6384.5836,0.02154355,1463.1337,1340.2688,5187.4742,5310.3391,0.01750413,0.01791872,0.00089765,16.2655,14.6936,0.3653,59.3804,1.1678,2646.0457,162.5536,12.4780,16.8648,9.0895,16.5695,22.0926,29.825,33.4482,44.5976,11.8163,0.0,2.018664,2.691552,0.981654,30,240,141,4,0.10479828,0.02244119,0.04150452,0E-8,0.000000,0.902668,0.011910,-0.02129501,2026-03-22,2026-08-05,112,5695,2177,137,0.817518,0.739886,0.767145,0.349328,,,,,,,,GLOBAL_BASELINE_NO_ENTITY_RANKING,,,NOT_APPLICABLE_GLOBAL_BASELINE,HF9g-P5,,,,X 全窗基线 · 不参与实体赏罚,14194108,1420,A168_HF9F_20260827_0900,2026-08-27 09:00:00
2026-03-29,110249610,2266,0,23.1610703977,1E-10,1E-10,0.6666667,3,3,0.50665070000000000,0.506650700000,0.5543606114942035,0.5543606114942035,0.5543606114942035,0E-17,ELIGIBLE,R03b_20260811_FULL_v1,L1_ELIGIBILITY,v2026-08-11,2026-03-21..2026-08-06,baccarat_bet02_101_all_pairs_incl_sentinel,round_win = game_pnl > 0 (decisive only),COMPATIBILITY_ONLY_NOT_PRODUCTION,296357.1217,267511.9505,6650.6079,18220,18206,-0.02244119,-0.04150452,-0.02020951,-0.02244119,-6650.6079,296357.1217,OK,0.0000,266.0243,4.0000,96.0000,AG03-UNRESOLVED,ALL5_LEVELS_bet23_to_bet27,266.0243,266.0243,266.0243,332.5304,332.5304,4.000000,4.000000,4.000000,5.000000,5.000000,96.000000,96.000000,96.000000,95.000000,95.000000,5.0,1463.1337,1340.2688,5187.4742,5310.3391,PENDING_AG03,FALSE,NOT_FOR_ENFORCEMENT,6384.5836,256811.4724,6650.6079,6384.5836,266.0243,0.02244119,0.02154355,266.0243,6384.5836,0.02154355,266.0243,266.0243,266.0243,332.5304,332.5304,6384.5836,0.02154355,1463.1337,1340.2688,5187.4742,5310.3391,0.01750413,0.01791872,0.00089765,16.2655,14.6936,0.3653,59.3804,1.1678,2646.0457,162.5536,12.4780,16.8648,9.0895,16.5695,22.0926,29.825,33.4482,44.5976,11.8163,0.0,2.018664,2.691552,0.981654,30,240,141,4,0.10479828,0.02244119,0.04150452,0E-8,0.000000,0.902668,0.011910,-0.02129501,2026-03-22,2026-08-05,112,5695,2177,137,0.817518,0.739886,0.767145,0.349328,,,,,,,,GLOBAL_BASELINE_NO_ENTITY_RANKING,,,NOT_APPLICABLE_GLOBAL_BASELINE,HF9g-P5,,,,X 全窗基线 · 不参与实体赏罚,14194109,1420,A168_HF9F_20260827_0900,2026-08-27 09:00:00
2026-03-29,110249610,526,0,54.6363711947,17.1629470383,17.1629470383,0.6666667,3,3,0.50665070000000000,0.506650700000,0.5543606114942035,0.5543606114942035,0.5543606114942035,0E-17,ELIGIBLE,R03b_20260811_FULL_v1,L1_ELIGIBILITY,v2026-08-11,2026-03-21..2026-08-06,baccarat_bet02_101_all_pairs_incl_sentinel,round_win = game_pnl > 0 (decisive only),COMPATIBILITY_ONLY_NOT_PRODUCTION,296357.1217,267511.9505,6650.6079,18220,18206,-0.02244119,-0.04150452,-0.02020951,-0.02244119,-6650.6079,296357.1217,OK,0.0000,266.0243,4.0000,96.0000,AG03-UNRESOLVED,ALL5_LEVELS_bet23_to_bet27,266.0243,266.0243,266.0243,332.5304,332.5304,4.000000,4.000000,4.000000,5.000000,5.000000,96.000000,96.000000,96.000000,95.000000,95.000000,5.0,1463.1337,1340.2688,5187.4742,5310.3391,PENDING_AG03,FALSE,NOT_FOR_ENFORCEMENT,6384.5836,256811.4724,6650.6079,6384.5836,266.0243,0.02244119,0.02154355,266.0243,6384.5836,0.02154355,266.0243,266.0243,266.0243,332.5304,332.5304,6384.5836,0.02154355,1463.1337,1340.2688,5187.4742,5310.3391,0.01750413,0.01791872,0.00089765,16.2655,14.6936,0.3653,59.3804,1.1678,2646.0457,162.5536,12.4780,16.8648,9.0895,16.5695,22.0926,29.825,33.4482,44.5976,11.8163,0.0,2.018664,2.691552,0.981654,30,240,141,4,0.10479828,0.02244119,0.04150452,0E-8,0.000000,0.902668,0.011910,-0.02129501,2026-03-22,2026-08-05,112,5695,2177,137,0.817518,0.739886,0.767145,0.349328,,,,,,,,GLOBAL_BASELINE_NO_ENTITY_RANKING,,,NOT_APPLICABLE_GLOBAL_BASELINE,HF9g-P5,,,,X 全窗基线 · 不参与实体赏罚,14194110,1420,A168_HF9F_20260827_0900,2026-08-27 09:00:00
2026-03-29,110249610,583,0,17.8162079983,-6.2356727994,-6.2356727994,0.5000000,2,2,0.50665070000000000,0.506650700000,-0.018812684590367487,-0.018812684590367487,-0.018812684590367487,0E-17,ELIGIBLE,R03b_20260811_FULL_v1,L1_ELIGIBILITY,v2026-08-11,2026-03-21..2026-08-06,baccarat_bet02_101_all_pairs_incl_sentinel,round_win = game_pnl > 0 (decisive only),COMPATIBILITY_ONLY_NOT_PRODUCTION,296357.1217,267511.9505,6650.6079,18220,18206,-0.02244119,-0.04150452,-0.02020951,-0.02244119,-6650.6079,296357.1217,OK,0.0000,266.0243,4.0000,96.0000,AG03-UNRESOLVED,ALL5_LEVELS_bet23_to_bet27,266.0243,266.0243,266.0243,332.5304,332.5304,4.000000,4.000000,4.000000,5.000000,5.000000,96.000000,96.000000,96.000000,95.000000,95.000000,5.0,1463.1337,1340.2688,5187.4742,5310.3391,PENDING_AG03,FALSE,NOT_FOR_ENFORCEMENT,6384.5836,256811.4724,6650.6079,6384.5836,266.0243,0.02244119,0.02154355,266.0243,6384.5836,0.02154355,266.0243,266.0243,266.0243,332.5304,332.5304,6384.5836,0.02154355,1463.1337,1340.2688,5187.4742,5310.3391,0.01750413,0.01791872,0.00089765,16.2655,14.6936,0.3653,59.3804,1.1678,2646.0457,162.5536,12.4780,16.8648,9.0895,16.5695,22.0926,29.825,33.4482,44.5976,11.8163,0.0,2.018664,2.691552,0.981654,30,240,141,4,0.10479828,0.02244119,0.04150452,0E-8,0.000000,0.902668,0.011910,-0.02129501,2026-03-22,2026-08-05,112,5695,2177,137,0.817518,0.739886,0.767145,0.349328,,,,,,,,GLOBAL_BASELINE_NO_ENTITY_RANKING,,,NOT_APPLICABLE_GLOBAL_BASELINE,HF9g-P5,,,,X 全窗基线 · 不参与实体赏罚,14194111,1420,A168_HF9F_20260827_0900,2026-08-27 09:00:00
2026-03-29,110249610,986,0,131.1272908676,38.4830092763,38.4830092763,0.7142857,8,8,0.50665070000000000,0.506650700000,1.098798430526454,1.098798430526454,1.098798430526454,0E-17,ELIGIBLE,R03b_20260811_FULL_v1,L1_ELIGIBILITY,v2026-08-11,2026-03-21..2026-08-06,baccarat_bet02_101_all_pairs_incl_sentinel,round_win = game_pnl > 0 (decisive only),COMPATIBILITY_ONLY_NOT_PRODUCTION,296357.1217,267511.9505,6650.6079,18220,18206,-0.02244119,-0.04150452,-0.02020951,-0.02244119,-6650.6079,296357.1217,OK,0.0000,266.0243,4.0000,96.0000,AG03-UNRESOLVED,ALL5_LEVELS_bet23_to_bet27,266.0243,266.0243,266.0243,332.5304,332.5304,4.000000,4.000000,4.000000,5.000000,5.000000,96.000000,96.000000,96.000000,95.000000,95.000000,5.0,1463.1337,1340.2688,5187.4742,5310.3391,PENDING_AG03,FALSE,NOT_FOR_ENFORCEMENT,6384.5836,256811.4724,6650.6079,6384.5836,266.0243,0.02244119,0.02154355,266.0243,6384.5836,0.02154355,266.0243,266.0243,266.0243,332.5304,332.5304,6384.5836,0.02154355,1463.1337,1340.2688,5187.4742,5310.3391,0.01750413,0.01791872,0.00089765,16.2655,14.6936,0.3653,59.3804,1.1678,2646.0457,162.5536,12.4780,16.8648,9.0895,16.5695,22.0926,29.825,33.4482,44.5976,11.8163,0.0,2.018664,2.691552,0.981654,30,240,141,4,0.10479828,0.02244119,0.04150452,0E-8,0.000000,0.902668,0.011910,-0.02129501,2026-03-22,2026-08-05,112,5695,2177,137,0.817518,0.739886,0.767145,0.349328,,,,,,,,GLOBAL_BASELINE_NO_ENTITY_RANKING,,,NOT_APPLICABLE_GLOBAL_BASELINE,HF9g-P5,,,,X 全窗基线 · 不参与实体赏罚,14194112,1420,A168_HF9F_20260827_0900,2026-08-27 09:00:00
2026-03-30,110249610,-1,1,35.9887401566,-35.9887401566,-35.9887401566,0E-7,3,3,0.49771390000000000,0.497713900000,-1.724149546644903,-1.724149546644903,-1.724149546644903,0E-17,SENTINEL_DEALER,R03b_20260811_FULL_v1,L1_ELIGIBILITY,v2026-08-11,2026-03-21..2026-08-06,baccarat_bet02_101_all_pairs_incl_sentinel,round_win = game_pnl > 0 (decisive only),COMPATIBILITY_ONLY_NOT_PRODUCTION,296357.1217,267511.9505,6650.6079,18220,18206,-0.02244119,-0.04150452,-0.02020951,-0.02244119,-6650.6079,296357.1217,OK,0.0000,266.0243,4.0000,96.0000,AG03-UNRESOLVED,ALL5_LEVELS_bet23_to_bet27,266.0243,266.0243,266.0243,332.5304,332.5304,4.000000,4.000000,4.000000,5.000000,5.000000,96.000000,96.000000,96.000000,95.000000,95.000000,5.0,1463.1337,1340.2688,5187.4742,5310.3391,PENDING_AG03,FALSE,NOT_FOR_ENFORCEMENT,6384.5836,256811.4724,6650.6079,6384.5836,266.0243,0.02244119,0.02154355,266.0243,6384.5836,0.02154355,266.0243,266.0243,266.0243,332.5304,332.5304,6384.5836,0.02154355,1463.1337,1340.2688,5187.4742,5310.3391,0.01750413,0.01791872,0.00089765,16.2655,14.6936,0.3653,59.3804,1.1678,2646.0457,162.5536,12.4780,16.8648,9.0895,16.5695,22.0926,29.825,33.4482,44.5976,11.8163,0.0,2.018664,2.691552,0.981654,30,240,141,4,0.10479828,0.02244119,0.04150452,0E-8,0.000000,0.902668,0.011910,-0.02129501,2026-03-22,2026-08-05,112,5695,2177,137,0.817518,0.739886,0.767145,0.349328,,,,,,,,GLOBAL_BASELINE_NO_ENTITY_RANKING,,,NOT_APPLICABLE_GLOBAL_BASELINE,HF9g-P5,,,,X 全窗基线 · 不参与实体赏罚,14194113,1420,A168_HF9F_20260827_0900,2026-08-27 09:00:00
2026-03-30,110249610,1017,0,11.8774719989,-11.8774719989,-11.8774719989,0E-7,1,1,0.49324550000000000,0.493245500000,-0.9865810262130424,-0.9865810262130424,-0.9865810262130424,0E-17,ELIGIBLE,R03b_20260811_FULL_v1,L1_ELIGIBILITY,v2026-08-11,2026-03-21..2026-08-06,baccarat_bet02_101_all_pairs_incl_sentinel,round_win = game_pnl > 0 (decisive only),COMPATIBILITY_ONLY_NOT_PRODUCTION,296357.1217,267511.9505,6650.6079,18220,18206,-0.02244119,-0.04150452,-0.02020951,-0.02244119,-6650.6079,296357.1217,OK,0.0000,266.0243,4.0000,96.0000,AG03-UNRESOLVED,ALL5_LEVELS_bet23_to_bet27,266.0243,266.0243,266.0243,332.5304,332.5304,4.000000,4.000000,4.000000,5.000000,5.000000,96.000000,96.000000,96.000000,95.000000,95.000000,5.0,1463.1337,1340.2688,5187.4742,5310.3391,PENDING_AG03,FALSE,NOT_FOR_ENFORCEMENT,6384.5836,256811.4724,6650.6079,6384.5836,266.0243,0.02244119,0.02154355,266.0243,6384.5836,0.02154355,266.0243,266.0243,266.0243,332.5304,332.5304,6384.5836,0.02154355,1463.1337,1340.2688,5187.4742,5310.3391,0.01750413,0.01791872,0.00089765,16.2655,14.6936,0.3653,59.3804,1.1678,2646.0457,162.5536,12.4780,16.8648,9.0895,16.5695,22.0926,29.825,33.4482,44.5976,11.8163,0.0,2.018664,2.691552,0.981654,30,240,141,4,0.10479828,0.02244119,0.04150452,0E-8,0.000000,0.902668,0.011910,-0.02129501,2026-03-22,2026-08-05,112,5695,2177,137,0.817518,0.739886,0.767145,0.349328,,,,,,,,GLOBAL_BASELINE_NO_ENTITY_RANKING,,,NOT_APPLICABLE_GLOBAL_BASELINE,HF9g-P5,,,,X 全窗基线 · 不参与实体赏罚,14194114,1420,A168_HF9F_20260827_0900,2026-08-27 09:00:00
2026-03-30,110249610,1505,0,29.0998063972,-5.9387359994,-5.9387359994,0.5000000,2,2,0.50665070000000000,0.506650700000,-0.018812684590367487,-0.018812684590367487,-0.018812684590367487,0E-17,ELIGIBLE,R03b_20260811_FULL_v1,L1_ELIGIBILITY,v2026-08-11,2026-03-21..2026-08-06,baccarat_bet02_101_all_pairs_incl_sentinel,round_win = game_pnl > 0 (decisive only),COMPATIBILITY_ONLY_NOT_PRODUCTION,296357.1217,267511.9505,6650.6079,18220,18206,-0.02244119,-0.04150452,-0.02020951,-0.02244119,-6650.6079,296357.1217,OK,0.0000,266.0243,4.0000,96.0000,AG03-UNRESOLVED,ALL5_LEVELS_bet23_to_bet27,266.0243,266.0243,266.0243,332.5304,332.5304,4.000000,4.000000,4.000000,5.000000,5.000000,96.000000,96.000000,96.000000,95.000000,95.000000,5.0,1463.1337,1340.2688,5187.4742,5310.3391,PENDING_AG03,FALSE,NOT_FOR_ENFORCEMENT,6384.5836,256811.4724,6650.6079,6384.5836,266.0243,0.02244119,0.02154355,266.0243,6384.5836,0.02154355,266.0243,266.0243,266.0243,332.5304,332.5304,6384.5836,0.02154355,1463.1337,1340.2688,5187.4742,5310.3391,0.01750413,0.01791872,0.00089765,16.2655,14.6936,0.3653,59.3804,1.1678,2646.0457,162.5536,12.4780,16.8648,9.0895,16.5695,22.0926,29.825,33.4482,44.5976,11.8163,0.0,2.018664,2.691552,0.981654,30,240,141,4,0.10479828,0.02244119,0.04150452,0E-8,0.000000,0.902668,0.011910,-0.02129501,2026-03-22,2026-08-05,112,5695,2177,137,0.817518,0.739886,0.767145,0.349328,,,,,,,,GLOBAL_BASELINE_NO_ENTITY_RANKING,,,NOT_APPLICABLE_GLOBAL_BASELINE,HF9g-P5,,,,X 全窗基线 · 不参与实体赏罚,14194115,1420,A168_HF9F_20260827_0900,2026-08-27 09:00:00
2026-03-30,110249610,2202,0,5.9387359994,-5.9387359994,-5.9387359994,0E-7,1,1,0.49324550000000000,0.493245500000,-0.9865810262130424,-0.9865810262130424,-0.9865810262130424,0E-17,ELIGIBLE,R03b_20260811_FULL_v1,L1_ELIGIBILITY,v2026-08-11,2026-03-21..2026-08-06,baccarat_bet02_101_all_pairs_incl_sentinel,round_win = game_pnl > 0 (decisive only),COMPATIBILITY_ONLY_NOT_PRODUCTION,296357.1217,267511.9505,6650.6079,18220,18206,-0.02244119,-0.04150452,-0.02020951,-0.02244119,-6650.6079,296357.1217,OK,0.0000,266.0243,4.0000,96.0000,AG03-UNRESOLVED,ALL5_LEVELS_bet23_to_bet27,266.0243,266.0243,266.0243,332.5304,332.5304,4.000000,4.000000,4.000000,5.000000,5.000000,96.000000,96.000000,96.000000,95.000000,95.000000,5.0,1463.1337,1340.2688,5187.4742,5310.3391,PENDING_AG03,FALSE,NOT_FOR_ENFORCEMENT,6384.5836,256811.4724,6650.6079,6384.5836,266.0243,0.02244119,0.02154355,266.0243,6384.5836,0.02154355,266.0243,266.0243,266.0243,332.5304,332.5304,6384.5836,0.02154355,1463.1337,1340.2688,5187.4742,5310.3391,0.01750413,0.01791872,0.00089765,16.2655,14.6936,0.3653,59.3804,1.1678,2646.0457,162.5536,12.4780,16.8648,9.0895,16.5695,22.0926,29.825,33.4482,44.5976,11.8163,0.0,2.018664,2.691552,0.981654,30,240,141,4,0.10479828,0.02244119,0.04150452,0E-8,0.000000,0.902668,0.011910,-0.02129501,2026-03-22,2026-08-05,112,5695,2177,137,0.817518,0.739886,0.767145,0.349328,,,,,,,,GLOBAL_BASELINE_NO_ENTITY_RANKING,,,NOT_APPLICABLE_GLOBAL_BASELINE,HF9g-P5,,,,X 全窗基线 · 不参与实体赏罚,14194116,1420,A168_HF9F_20260827_0900,2026-08-27 09:00:00
2026-03-30,110249610,2220,0,11.8774719988,0E-10,0E-10,0.5000000,2,2,0.49324550000000000,0.493245500000,0.01910635448239258,0.01910635448239258,0.01910635448239258,0E-17,ELIGIBLE,R03b_20260811_FULL_v1,L1_ELIGIBILITY,v2026-08-11,2026-03-21..2026-08-06,baccarat_bet02_101_all_pairs_incl_sentinel,round_win = game_pnl > 0 (decisive only),COMPATIBILITY_ONLY_NOT_PRODUCTION,296357.1217,267511.9505,6650.6079,18220,18206,-0.02244119,-0.04150452,-0.02020951,-0.02244119,-6650.6079,296357.1217,OK,0.0000,266.0243,4.0000,96.0000,AG03-UNRESOLVED,ALL5_LEVELS_bet23_to_bet27,266.0243,266.0243,266.0243,332.5304,332.5304,4.000000,4.000000,4.000000,5.000000,5.000000,96.000000,96.000000,96.000000,95.000000,95.000000,5.0,1463.1337,1340.2688,5187.4742,5310.3391,PENDING_AG03,FALSE,NOT_FOR_ENFORCEMENT,6384.5836,256811.4724,6650.6079,6384.5836,266.0243,0.02244119,0.02154355,266.0243,6384.5836,0.02154355,266.0243,266.0243,266.0243,332.5304,332.5304,6384.5836,0.02154355,1463.1337,1340.2688,5187.4742,5310.3391,0.01750413,0.01791872,0.00089765,16.2655,14.6936,0.3653,59.3804,1.1678,2646.0457,162.5536,12.4780,16.8648,9.0895,16.5695,22.0926,29.825,33.4482,44.5976,11.8163,0.0,2.018664,2.691552,0.981654,30,240,141,4,0.10479828,0.02244119,0.04150452,0E-8,0.000000,0.902668,0.011910,-0.02129501,2026-03-22,2026-08-05,112,5695,2177,137,0.817518,0.739886,0.767145,0.349328,,,,,,,,GLOBAL_BASELINE_NO_ENTITY_RANKING,,,NOT_APPLICABLE_GLOBAL_BASELINE,HF9g-P5,,,,X 全窗基线 · 不参与实体赏罚,14194117,1420,A168_HF9F_20260827_0900,2026-08-27 09:00:00
2026-03-30,110249610,2233,0,11.8774719988,-0.2969367999,-0.2969367999,0.5000000,2,2,0.50665070000000000,0.506650700000,-0.018812684590367487,-0.018812684590367487,-0.018812684590367487,0E-17,ELIGIBLE,R03b_20260811_FULL_v1,L1_ELIGIBILITY,v2026-08-11,2026-03-21..2026-08-06,baccarat_bet02_101_all_pairs_incl_sentinel,round_win = game_pnl > 0 (decisive only),COMPATIBILITY_ONLY_NOT_PRODUCTION,296357.1217,267511.9505,6650.6079,18220,18206,-0.02244119,-0.04150452,-0.02020951,-0.02244119,-6650.6079,296357.1217,OK,0.0000,266.0243,4.0000,96.0000,AG03-UNRESOLVED,ALL5_LEVELS_bet23_to_bet27,266.0243,266.0243,266.0243,332.5304,332.5304,4.000000,4.000000,4.000000,5.000000,5.000000,96.000000,96.000000,96.000000,95.000000,95.000000,5.0,1463.1337,1340.2688,5187.4742,5310.3391,PENDING_AG03,FALSE,NOT_FOR_ENFORCEMENT,6384.5836,256811.4724,6650.6079,6384.5836,266.0243,0.02244119,0.02154355,266.0243,6384.5836,0.02154355,266.0243,266.0243,266.0243,332.5304,332.5304,6384.5836,0.02154355,1463.1337,1340.2688,5187.4742,5310.3391,0.01750413,0.01791872,0.00089765,16.2655,14.6936,0.3653,59.3804,1.1678,2646.0457,162.5536,12.4780,16.8648,9.0895,16.5695,22.0926,29.825,33.4482,44.5976,11.8163,0.0,2.018664,2.691552,0.981654,30,240,141,4,0.10479828,0.02244119,0.04150452,0E-8,0.000000,0.902668,0.011910,-0.02129501,2026-03-22,2026-08-05,112,5695,2177,137,0.817518,0.739886,0.767145,0.349328,,,,,,,,GLOBAL_BASELINE_NO_ENTITY_RANKING,,,NOT_APPLICABLE_GLOBAL_BASELINE,HF9g-P5,,,,X 全窗基线 · 不参与实体赏罚,14194118,1420,A168_HF9F_20260827_0900,2026-08-27 09:00:00
2026-03-30,110249610,2264,0,11.8774719988,0E-10,0E-10,0.5000000,2,2,0.49324550000000000,0.493245500000,0.01910635448239258,0.01910635448239258,0.01910635448239258,0E-17,ELIGIBLE,R03b_20260811_FULL_v1,L1_ELIGIBILITY,v2026-08-11,2026-03-21..2026-08-06,baccarat_bet02_101_all_pairs_incl_sentinel,round_win = game_pnl > 0 (decisive only),COMPATIBILITY_ONLY_NOT_PRODUCTION,296357.1217,267511.9505,6650.6079,18220,18206,-0.02244119,-0.04150452,-0.02020951,-0.02244119,-6650.6079,296357.1217,OK,0.0000,266.0243,4.0000,96.0000,AG03-UNRESOLVED,ALL5_LEVELS_bet23_to_bet27,266.0243,266.0243,266.0243,332.5304,332.5304,4.000000,4.000000,4.000000,5.000000,5.000000,96.000000,96.000000,96.000000,95.000000,95.000000,5.0,1463.1337,1340.2688,5187.4742,5310.3391,PENDING_AG03,FALSE,NOT_FOR_ENFORCEMENT,6384.5836,256811.4724,6650.6079,6384.5836,266.0243,0.02244119,0.02154355,266.0243,6384.5836,0.02154355,266.0243,266.0243,266.0243,332.5304,332.5304,6384.5836,0.02154355,1463.1337,1340.2688,5187.4742,5310.3391,0.01750413,0.01791872,0.00089765,16.2655,14.6936,0.3653,59.3804,1.1678,2646.0457,162.5536,12.4780,16.8648,9.0895,16.5695,22.0926,29.825,33.4482,44.5976,11.8163,0.0,2.018664,2.691552,0.981654,30,240,141,4,0.10479828,0.02244119,0.04150452,0E-8,0.000000,0.902668,0.011910,-0.02129501,2026-03-22,2026-08-05,112,5695,2177,137,0.817518,0.739886,0.767145,0.349328,,,,,,,,GLOBAL_BASELINE_NO_ENTITY_RANKING,,,NOT_APPLICABLE_GLOBAL_BASELINE,HF9g-P5,,,,X 全窗基线 · 不参与实体赏罚,14194119,1420,A168_HF9F_20260827_0900,2026-08-27 09:00:00
2026-03-31,110249610,-1,1,52.0610134371,-34.5417422388,-34.5417422388,0.1666667,7,7,0.50282064285714286,0.502820642857,-1.6468376381237455,-1.6468376381230425,-1.6468376381237455,1.4286E-13,SENTINEL_DEALER,R03b_20260811_FULL_v1,L1_ELIGIBILITY,v2026-08-11,2026-03-21..2026-08-06,baccarat_bet02_101_all_pairs_incl_sentinel,round_win = game_pnl > 0 (decisive only),COMPATIBILITY_ONLY_NOT_PRODUCTION,296357.1217,267511.9505,6650.6079,18220,18206,-0.02244119,-0.04150452,-0.02020951,-0.02244119,-6650.6079,296357.1217,OK,0.0000,266.0243,4.0000,96.0000,AG03-UNRESOLVED,ALL5_LEVELS_bet23_to_bet27,266.0243,266.0243,266.0243,332.5304,332.5304,4.000000,4.000000,4.000000,5.000000,5.000000,96.000000,96.000000,96.000000,95.000000,95.000000,5.0,1463.1337,1340.2688,5187.4742,5310.3391,PENDING_AG03,FALSE,NOT_FOR_ENFORCEMENT,6384.5836,256811.4724,6650.6079,6384.5836,266.0243,0.02244119,0.02154355,266.0243,6384.5836,0.02154355,266.0243,266.0243,266.0243,332.5304,332.5304,6384.5836,0.02154355,1463.1337,1340.2688,5187.4742,5310.3391,0.01750413,0.01791872,0.00089765,16.2655,14.6936,0.3653,59.3804,1.1678,2646.0457,162.5536,12.4780,16.8648,9.0895,16.5695,22.0926,29.825,33.4482,44.5976,11.8163,0.0,2.018664,2.691552,0.981654,30,240,141,4,0.10479828,0.02244119,0.04150452,0E-8,0.000000,0.902668,0.011910,-0.02129501,2026-03-22,2026-08-05,112,5695,2177,137,0.817518,0.739886,0.767145,0.349328,,,,,,,,GLOBAL_BASELINE_NO_ENTITY_RANKING,,,NOT_APPLICABLE_GLOBAL_BASELINE,HF9g-P5,,,,X 全窗基线 · 不参与实体赏罚,14194120,1420,A168_HF9F_20260827_0900,2026-08-27 09:00:00
2026-03-31,110249610,1078,0,5.9387359994,-5.9387359994,-5.9387359994,0E-7,1,1,0.50665070000000000,0.506650700000,-1.013391052207602,-1.013391052207602,-1.013391052207602,0E-17,ELIGIBLE,R03b_20260811_FULL_v1,L1_ELIGIBILITY,v2026-08-11,2026-03-21..2026-08-06,baccarat_bet02_101_all_pairs_incl_sentinel,round_win = game_pnl > 0 (decisive only),COMPATIBILITY_ONLY_NOT_PRODUCTION,296357.1217,267511.9505,6650.6079,18220,18206,-0.02244119,-0.04150452,-0.02020951,-0.02244119,-6650.6079,296357.1217,OK,0.0000,266.0243,4.0000,96.0000,AG03-UNRESOLVED,ALL5_LEVELS_bet23_to_bet27,266.0243,266.0243,266.0243,332.5304,332.5304,4.000000,4.000000,4.000000,5.000000,5.000000,96.000000,96.000000,96.000000,95.000000,95.000000,5.0,1463.1337,1340.2688,5187.4742,5310.3391,PENDING_AG03,FALSE,NOT_FOR_ENFORCEMENT,6384.5836,256811.4724,6650.6079,6384.5836,266.0243,0.02244119,0.02154355,266.0243,6384.5836,0.02154355,266.0243,266.0243,266.0243,332.5304,332.5304,6384.5836,0.02154355,1463.1337,1340.2688,5187.4742,5310.3391,0.01750413,0.01791872,0.00089765,16.2655,14.6936,0.3653,59.3804,1.1678,2646.0457,162.5536,12.4780,16.8648,9.0895,16.5695,22.0926,29.825,33.4482,44.5976,11.8163,0.0,2.018664,2.691552,0.981654,30,240,141,4,0.10479828,0.02244119,0.04150452,0E-8,0.000000,0.902668,0.011910,-0.02129501,2026-03-22,2026-08-05,112,5695,2177,137,0.817518,0.739886,0.767145,0.349328,,,,,,,,GLOBAL_BASELINE_NO_ENTITY_RANKING,,,NOT_APPLICABLE_GLOBAL_BASELINE,HF9g-P5,,,,X 全窗基线 · 不参与实体赏罚,14194121,1420,A168_HF9F_20260827_0900,2026-08-27 09:00:00
2026-03-31,110249610,1330,0,6.2490058400,-6.2490058400,-6.2490058400,0E-7,1,1,0.49324550000000000,0.493245500000,-0.9865810262130424,-0.9865810262130424,-0.9865810262130424,0E-17,ELIGIBLE,R03b_20260811_FULL_v1,L1_ELIGIBILITY,v2026-08-11,2026-03-21..2026-08-06,baccarat_bet02_101_all_pairs_incl_sentinel,round_win = game_pnl > 0 (decisive only),COMPATIBILITY_ONLY_NOT_PRODUCTION,296357.1217,267511.9505,6650.6079,18220,18206,-0.02244119,-0.04150452,-0.02020951,-0.02244119,-6650.6079,296357.1217,OK,0.0000,266.0243,4.0000,96.0000,AG03-UNRESOLVED,ALL5_LEVELS_bet23_to_bet27,266.0243,266.0243,266.0243,332.5304,332.5304,4.000000,4.000000,4.000000,5.000000,5.000000,96.000000,96.000000,96.000000,95.000000,95.000000,5.0,1463.1337,1340.2688,5187.4742,5310.3391,PENDING_AG03,FALSE,NOT_FOR_ENFORCEMENT,6384.5836,256811.4724,6650.6079,6384.5836,266.0243,0.02244119,0.02154355,266.0243,6384.5836,0.02154355,266.0243,266.0243,266.0243,332.5304,332.5304,6384.5836,0.02154355,1463.1337,1340.2688,5187.4742,5310.3391,0.01750413,0.01791872,0.00089765,16.2655,14.6936,0.3653,59.3804,1.1678,2646.0457,162.5536,12.4780,16.8648,9.0895,16.5695,22.0926,29.825,33.4482,44.5976,11.8163,0.0,2.018664,2.691552,0.981654,30,240,141,4,0.10479828,0.02244119,0.04150452,0E-8,0.000000,0.902668,0.011910,-0.02129501,2026-03-22,2026-08-05,112,5695,2177,137,0.817518,0.739886,0.767145,0.349328,,,,,,,,GLOBAL_BASELINE_NO_ENTITY_RANKING,,,NOT_APPLICABLE_GLOBAL_BASELINE,HF9g-P5,,,,X 全窗基线 · 不参与实体赏罚,14194122,1420,A168_HF9F_20260827_0900,2026-08-27 09:00:00
2026-03-31,110249610,1363,0,5.6809144000,-5.6809144000,-5.6809144000,0E-7,1,1,0.49324550000000000,0.493245500000,-0.9865810262130424,-0.9865810262130424,-0.9865810262130424,0E-17,ELIGIBLE,R03b_20260811_FULL_v1,L1_ELIGIBILITY,v2026-08-11,2026-03-21..2026-08-06,baccarat_bet02_101_all_pairs_incl_sentinel,round_win = game_pnl > 0 (decisive only),COMPATIBILITY_ONLY_NOT_PRODUCTION,296357.1217,267511.9505,6650.6079,18220,18206,-0.02244119,-0.04150452,-0.02020951,-0.02244119,-6650.6079,296357.1217,OK,0.0000,266.0243,4.0000,96.0000,AG03-UNRESOLVED,ALL5_LEVELS_bet23_to_bet27,266.0243,266.0243,266.0243,332.5304,332.5304,4.000000,4.000000,4.000000,5.000000,5.000000,96.000000,96.000000,96.000000,95.000000,95.000000,5.0,1463.1337,1340.2688,5187.4742,5310.3391,PENDING_AG03,FALSE,NOT_FOR_ENFORCEMENT,6384.5836,256811.4724,6650.6079,6384.5836,266.0243,0.02244119,0.02154355,266.0243,6384.5836,0.02154355,266.0243,266.0243,266.0243,332.5304,332.5304,6384.5836,0.02154355,1463.1337,1340.2688,5187.4742,5310.3391,0.01750413,0.01791872,0.00089765,16.2655,14.6936,0.3653,59.3804,1.1678,2646.0457,162.5536,12.4780,16.8648,9.0895,16.5695,22.0926,29.825,33.4482,44.5976,11.8163,0.0,2.018664,2.691552,0.981654,30,240,141,4,0.10479828,0.02244119,0.04150452,0E-8,0.000000,0.902668,0.011910,-0.02129501,2026-03-22,2026-08-05,112,5695,2177,137,0.817518,0.739886,0.767145,0.349328,,,,,,,,GLOBAL_BASELINE_NO_ENTITY_RANKING,,,NOT_APPLICABLE_GLOBAL_BASELINE,HF9g-P5,,,,X 全窗基线 · 不参与实体赏罚,14194123,1420,A168_HF9F_20260827_0900,2026-08-27 09:00:00
2026-03-31,110249610,1711,0,36.3578521600,10.1688367760,10.1688367760,0.6666667,3,3,0.50665070000000000,0.506650700000,0.5543606114942035,0.5543606114942035,0.5543606114942035,0E-17,ELIGIBLE,R03b_20260811_FULL_v1,L1_ELIGIBILITY,v2026-08-11,2026-03-21..2026-08-06,baccarat_bet02_101_all_pairs_incl_sentinel,round_win = game_pnl > 0 (decisive only),COMPATIBILITY_ONLY_NOT_PRODUCTION,296357.1217,267511.9505,6650.6079,18220,18206,-0.02244119,-0.04150452,-0.02020951,-0.02244119,-6650.6079,296357.1217,OK,0.0000,266.0243,4.0000,96.0000,AG03-UNRESOLVED,ALL5_LEVELS_bet23_to_bet27,266.0243,266.0243,266.0243,332.5304,332.5304,4.000000,4.000000,4.000000,5.000000,5.000000,96.000000,96.000000,96.000000,95.000000,95.000000,5.0,1463.1337,1340.2688,5187.4742,5310.3391,PENDING_AG03,FALSE,NOT_FOR_ENFORCEMENT,6384.5836,256811.4724,6650.6079,6384.5836,266.0243,0.02244119,0.02154355,266.0243,6384.5836,0.02154355,266.0243,266.0243,266.0243,332.5304,332.5304,6384.5836,0.02154355,1463.1337,1340.2688,5187.4742,5310.3391,0.01750413,0.01791872,0.00089765,16.2655,14.6936,0.3653,59.3804,1.1678,2646.0457,162.5536,12.4780,16.8648,9.0895,16.5695,22.0926,29.825,33.4482,44.5976,11.8163,0.0,2.018664,2.691552,0.981654,30,240,141,4,0.10479828,0.02244119,0.04150452,0E-8,0.000000,0.902668,0.011910,-0.02129501,2026-03-22,2026-08-05,112,5695,2177,137,0.817518,0.739886,0.767145,0.349328,,,,,,,,GLOBAL_BASELINE_NO_ENTITY_RANKING,,,NOT_APPLICABLE_GLOBAL_BASELINE,HF9g-P5,,,,X 全窗基线 · 不参与实体赏罚,14194124,1420,A168_HF9F_20260827_0900,2026-08-27 09:00:00
2026-03-31,110249610,1963,0,12.5901203188,-0.2375494400,-0.2375494400,0.5000000,2,2,0.49324550000000000,0.493245500000,0.01910635448239258,0.01910635448239258,0.01910635448239258,0E-17,ELIGIBLE,R03b_20260811_FULL_v1,L1_ELIGIBILITY,v2026-08-11,2026-03-21..2026-08-06,baccarat_bet02_101_all_pairs_incl_sentinel,round_win = game_pnl > 0 (decisive only),COMPATIBILITY_ONLY_NOT_PRODUCTION,296357.1217,267511.9505,6650.6079,18220,18206,-0.02244119,-0.04150452,-0.02020951,-0.02244119,-6650.6079,296357.1217,OK,0.0000,266.0243,4.0000,96.0000,AG03-UNRESOLVED,ALL5_LEVELS_bet23_to_bet27,266.0243,266.0243,266.0243,332.5304,332.5304,4.000000,4.000000,4.000000,5.000000,5.000000,96.000000,96.000000,96.000000,95.000000,95.000000,5.0,1463.1337,1340.2688,5187.4742,5310.3391,PENDING_AG03,FALSE,NOT_FOR_ENFORCEMENT,6384.5836,256811.4724,6650.6079,6384.5836,266.0243,0.02244119,0.02154355,266.0243,6384.5836,0.02154355,266.0243,266.0243,266.0243,332.5304,332.5304,6384.5836,0.02154355,1463.1337,1340.2688,5187.4742,5310.3391,0.01750413,0.01791872,0.00089765,16.2655,14.6936,0.3653,59.3804,1.1678,2646.0457,162.5536,12.4780,16.8648,9.0895,16.5695,22.0926,29.825,33.4482,44.5976,11.8163,0.0,2.018664,2.691552,0.981654,30,240,141,4,0.10479828,0.02244119,0.04150452,0E-8,0.000000,0.902668,0.011910,-0.02129501,2026-03-22,2026-08-05,112,5695,2177,137,0.817518,0.739886,0.767145,0.349328,,,,,,,,GLOBAL_BASELINE_NO_ENTITY_RANKING,,,NOT_APPLICABLE_GLOBAL_BASELINE,HF9g-P5,,,,X 全窗基线 · 不参与实体赏罚,14194125,1420,A168_HF9F_20260827_0900,2026-08-27 09:00:00
2026-03-31,110249610,2108,0,5.9387359994,-5.9387359994,-5.9387359994,0E-7,1,1,0.50665070000000000,0.506650700000,-1.013391052207602,-1.013391052207602,-1.013391052207602,0E-17,ELIGIBLE,R03b_20260811_FULL_v1,L1_ELIGIBILITY,v2026-08-11,2026-03-21..2026-08-06,baccarat_bet02_101_all_pairs_incl_sentinel,round_win = game_pnl > 0 (decisive only),COMPATIBILITY_ONLY_NOT_PRODUCTION,296357.1217,267511.9505,6650.6079,18220,18206,-0.02244119,-0.04150452,-0.02020951,-0.02244119,-6650.6079,296357.1217,OK,0.0000,266.0243,4.0000,96.0000,AG03-UNRESOLVED,ALL5_LEVELS_bet23_to_bet27,266.0243,266.0243,266.0243,332.5304,332.5304,4.000000,4.000000,4.000000,5.000000,5.000000,96.000000,96.000000,96.000000,95.000000,95.000000,5.0,1463.1337,1340.2688,5187.4742,5310.3391,PENDING_AG03,FALSE,NOT_FOR_ENFORCEMENT,6384.5836,256811.4724,6650.6079,6384.5836,266.0243,0.02244119,0.02154355,266.0243,6384.5836,0.02154355,266.0243,266.0243,266.0243,332.5304,332.5304,6384.5836,0.02154355,1463.1337,1340.2688,5187.4742,5310.3391,0.01750413,0.01791872,0.00089765,16.2655,14.6936,0.3653,59.3804,1.1678,2646.0457,162.5536,12.4780,16.8648,9.0895,16.5695,22.0926,29.825,33.4482,44.5976,11.8163,0.0,2.018664,2.691552,0.981654,30,240,141,4,0.10479828,0.02244119,0.04150452,0E-8,0.000000,0.902668,0.011910,-0.02129501,2026-03-22,2026-08-05,112,5695,2177,137,0.817518,0.739886,0.767145,0.349328,,,,,,,,GLOBAL_BASELINE_NO_ENTITY_RANKING,,,NOT_APPLICABLE_GLOBAL_BASELINE,HF9g-P5,,,,X 全窗基线 · 不参与实体赏罚,14194126,1420,A168_HF9F_20260827_0900,2026-08-27 09:00:00
2026-03-31,110249610,2241,0,5.6809144000,-5.6809144000,-5.6809144000,0E-7,1,1,0.49324550000000000,0.493245500000,-0.9865810262130424,-0.9865810262130424,-0.9865810262130424,0E-17,ELIGIBLE,R03b_20260811_FULL_v1,L1_ELIGIBILITY,v2026-08-11,2026-03-21..2026-08-06,baccarat_bet02_101_all_pairs_incl_sentinel,round_win = game_pnl > 0 (decisive only),COMPATIBILITY_ONLY_NOT_PRODUCTION,296357.1217,267511.9505,6650.6079,18220,18206,-0.02244119,-0.04150452,-0.02020951,-0.02244119,-6650.6079,296357.1217,OK,0.0000,266.0243,4.0000,96.0000,AG03-UNRESOLVED,ALL5_LEVELS_bet23_to_bet27,266.0243,266.0243,266.0243,332.5304,332.5304,4.000000,4.000000,4.000000,5.000000,5.000000,96.000000,96.000000,96.000000,95.000000,95.000000,5.0,1463.1337,1340.2688,5187.4742,5310.3391,PENDING_AG03,FALSE,NOT_FOR_ENFORCEMENT,6384.5836,256811.4724,6650.6079,6384.5836,266.0243,0.02244119,0.02154355,266.0243,6384.5836,0.02154355,266.0243,266.0243,266.0243,332.5304,332.5304,6384.5836,0.02154355,1463.1337,1340.2688,5187.4742,5310.3391,0.01750413,0.01791872,0.00089765,16.2655,14.6936,0.3653,59.3804,1.1678,2646.0457,162.5536,12.4780,16.8648,9.0895,16.5695,22.0926,29.825,33.4482,44.5976,11.8163,0.0,2.018664,2.691552,0.981654,30,240,141,4,0.10479828,0.02244119,0.04150452,0E-8,0.000000,0.902668,0.011910,-0.02129501,2026-03-22,2026-08-05,112,5695,2177,137,0.817518,0.739886,0.767145,0.349328,,,,,,,,GLOBAL_BASELINE_NO_ENTITY_RANKING,,,NOT_APPLICABLE_GLOBAL_BASELINE,HF9g-P5,,,,X 全窗基线 · 不参与实体赏罚,14194127,1420,A168_HF9F_20260827_0900,2026-08-27 09:00:00
2026-03-31,110249610,948,0,11.3618288000,-11.3618288000,-11.3618288000,0E-7,1,1,0.50665070000000000,0.506650700000,-1.013391052207602,-1.013391052207602,-1.013391052207602,0E-17,ELIGIBLE,R03b_20260811_FULL_v1,L1_ELIGIBILITY,v2026-08-11,2026-03-21..2026-08-06,baccarat_bet02_101_all_pairs_incl_sentinel,round_win = game_pnl > 0 (decisive only),COMPATIBILITY_ONLY_NOT_PRODUCTION,296357.1217,267511.9505,6650.6079,18220,18206,-0.02244119,-0.04150452,-0.02020951,-0.02244119,-6650.6079,296357.1217,OK,0.0000,266.0243,4.0000,96.0000,AG03-UNRESOLVED,ALL5_LEVELS_bet23_to_bet27,266.0243,266.0243,266.0243,332.5304,332.5304,4.000000,4.000000,4.000000,5.000000,5.000000,96.000000,96.000000,96.000000,95.000000,95.000000,5.0,1463.1337,1340.2688,5187.4742,5310.3391,PENDING_AG03,FALSE,NOT_FOR_ENFORCEMENT,6384.5836,256811.4724,6650.6079,6384.5836,266.0243,0.02244119,0.02154355,266.0243,6384.5836,0.02154355,266.0243,266.0243,266.0243,332.5304,332.5304,6384.5836,0.02154355,1463.1337,1340.2688,5187.4742,5310.3391,0.01750413,0.01791872,0.00089765,16.2655,14.6936,0.3653,59.3804,1.1678,2646.0457,162.5536,12.4780,16.8648,9.0895,16.5695,22.0926,29.825,33.4482,44.5976,11.8163,0.0,2.018664,2.691552,0.981654,30,240,141,4,0.10479828,0.02244119,0.04150452,0E-8,0.000000,0.902668,0.011910,-0.02129501,2026-03-22,2026-08-05,112,5695,2177,137,0.817518,0.739886,0.767145,0.349328,,,,,,,,GLOBAL_BASELINE_NO_ENTITY_RANKING,,,NOT_APPLICABLE_GLOBAL_BASELINE,HF9g-P5,,,,X 全窗基线 · 不参与实体赏罚,14194128,1420,A168_HF9F_20260827_0900,2026-08-27 09:00:00
2026-04-01,110249610,-1,1,838.0484922849,86.6566682574,86.6566682574,0.5882353,56,56,0.50162375000000000,0.501623750000,1.2370668100325035,1.2370668100325035,1.2370668100325035,0E-17,SENTINEL_DEALER,R03b_20260811_FULL_v1,L1_ELIGIBILITY,v2026-08-11,2026-03-21..2026-08-06,baccarat_bet02_101_all_pairs_incl_sentinel,round_win = game_pnl > 0 (decisive only),COMPATIBILITY_ONLY_NOT_PRODUCTION,296357.1217,267511.9505,6650.6079,18220,18206,-0.02244119,-0.04150452,-0.02020951,-0.02244119,-6650.6079,296357.1217,OK,0.0000,266.0243,4.0000,96.0000,AG03-UNRESOLVED,ALL5_LEVELS_bet23_to_bet27,266.0243,266.0243,266.0243,332.5304,332.5304,4.000000,4.000000,4.000000,5.000000,5.000000,96.000000,96.000000,96.000000,95.000000,95.000000,5.0,1463.1337,1340.2688,5187.4742,5310.3391,PENDING_AG03,FALSE,NOT_FOR_ENFORCEMENT,6384.5836,256811.4724,6650.6079,6384.5836,266.0243,0.02244119,0.02154355,266.0243,6384.5836,0.02154355,266.0243,266.0243,266.0243,332.5304,332.5304,6384.5836,0.02154355,1463.1337,1340.2688,5187.4742,5310.3391,0.01750413,0.01791872,0.00089765,16.2655,14.6936,0.3653,59.3804,1.1678,2646.0457,162.5536,12.4780,16.8648,9.0895,16.5695,22.0926,29.825,33.4482,44.5976,11.8163,0.0,2.018664,2.691552,0.981654,30,240,141,4,0.10479828,0.02244119,0.04150452,0E-8,0.000000,0.902668,0.011910,-0.02129501,2026-03-22,2026-08-05,112,5695,2177,137,0.817518,0.739886,0.767145,0.349328,,,,,,,,GLOBAL_BASELINE_NO_ENTITY_RANKING,,,NOT_APPLICABLE_GLOBAL_BASELINE,HF9g-P5,,,,X 全窗基线 · 不参与实体赏罚,14194129,1420,A168_HF9F_20260827_0900,2026-08-27 09:00:00
2026-04-01,110249610,1017,0,165.5418456153,6.9534392255,6.9534392255,0.5555556,10,10,0.50396966000000000,0.503969660000,0.3095251286051437,0.30952512860514364,0.3095251286051437,0E-17,ELIGIBLE,R03b_20260811_FULL_v1,L1_ELIGIBILITY,v2026-08-11,2026-03-21..2026-08-06,baccarat_bet02_101_all_pairs_incl_sentinel,round_win = game_pnl > 0 (decisive only),COMPATIBILITY_ONLY_NOT_PRODUCTION,296357.1217,267511.9505,6650.6079,18220,18206,-0.02244119,-0.04150452,-0.02020951,-0.02244119,-6650.6079,296357.1217,OK,0.0000,266.0243,4.0000,96.0000,AG03-UNRESOLVED,ALL5_LEVELS_bet23_to_bet27,266.0243,266.0243,266.0243,332.5304,332.5304,4.000000,4.000000,4.000000,5.000000,5.000000,96.000000,96.000000,96.000000,95.000000,95.000000,5.0,1463.1337,1340.2688,5187.4742,5310.3391,PENDING_AG03,FALSE,NOT_FOR_ENFORCEMENT,6384.5836,256811.4724,6650.6079,6384.5836,266.0243,0.02244119,0.02154355,266.0243,6384.5836,0.02154355,266.0243,266.0243,266.0243,332.5304,332.5304,6384.5836,0.02154355,1463.1337,1340.2688,5187.4742,5310.3391,0.01750413,0.01791872,0.00089765,16.2655,14.6936,0.3653,59.3804,1.1678,2646.0457,162.5536,12.4780,16.8648,9.0895,16.5695,22.0926,29.825,33.4482,44.5976,11.8163,0.0,2.018664,2.691552,0.981654,30,240,141,4,0.10479828,0.02244119,0.04150452,0E-8,0.000000,0.902668,0.011910,-0.02129501,2026-03-22,2026-08-05,112,5695,2177,137,0.817518,0.739886,0.767145,0.349328,,,,,,,,GLOBAL_BASELINE_NO_ENTITY_RANKING,,,NOT_APPLICABLE_GLOBAL_BASELINE,HF9g-P5,,,,X 全窗基线 · 不参与实体赏罚,14194130,1420,A168_HF9F_20260827_0900,2026-08-27 09:00:00
2026-04-01,110249610,1307,0,81.8051673597,-41.9251482719,-41.9251482719,0.2000000,5,5,0.50396966000000000,0.503969660000,-1.3594364909357963,-1.3594364909357963,-1.3594364909357963,0E-17,ELIGIBLE,R03b_20260811_FULL_v1,L1_ELIGIBILITY,v2026-08-11,2026-03-21..2026-08-06,baccarat_bet02_101_all_pairs_incl_sentinel,round_win = game_pnl > 0 (decisive only),COMPATIBILITY_ONLY_NOT_PRODUCTION,296357.1217,267511.9505,6650.6079,18220,18206,-0.02244119,-0.04150452,-0.02020951,-0.02244119,-6650.6079,296357.1217,OK,0.0000,266.0243,4.0000,96.0000,AG03-UNRESOLVED,ALL5_LEVELS_bet23_to_bet27,266.0243,266.0243,266.0243,332.5304,332.5304,4.000000,4.000000,4.000000,5.000000,5.000000,96.000000,96.000000,96.000000,95.000000,95.000000,5.0,1463.1337,1340.2688,5187.4742,5310.3391,PENDING_AG03,FALSE,NOT_FOR_ENFORCEMENT,6384.5836,256811.4724,6650.6079,6384.5836,266.0243,0.02244119,0.02154355,266.0243,6384.5836,0.02154355,266.0243,266.0243,266.0243,332.5304,332.5304,6384.5836,0.02154355,1463.1337,1340.2688,5187.4742,5310.3391,0.01750413,0.01791872,0.00089765,16.2655,14.6936,0.3653,59.3804,1.1678,2646.0457,162.5536,12.4780,16.8648,9.0895,16.5695,22.0926,29.825,33.4482,44.5976,11.8163,0.0,2.018664,2.691552,0.981654,30,240,141,4,0.10479828,0.02244119,0.04150452,0E-8,0.000000,0.902668,0.011910,-0.02129501,2026-03-22,2026-08-05,112,5695,2177,137,0.817518,0.739886,0.767145,0.349328,,,,,,,,GLOBAL_BASELINE_NO_ENTITY_RANKING,,,NOT_APPLICABLE_GLOBAL_BASELINE,HF9g-P5,,,,X 全窗基线 · 不参与实体赏罚,14194131,1420,A168_HF9F_20260827_0900,2026-08-27 09:00:00
2026-04-01,110249610,1331,0,28.4045719999,-28.4045719999,-28.4045719999,0E-7,2,2,0.49324550000000000,0.493245500000,-1.3952362676504506,-1.3952362676504506,-1.3952362676504506,0E-17,ELIGIBLE,R03b_20260811_FULL_v1,L1_ELIGIBILITY,v2026-08-11,2026-03-21..2026-08-06,baccarat_bet02_101_all_pairs_incl_sentinel,round_win = game_pnl > 0 (decisive only),COMPATIBILITY_ONLY_NOT_PRODUCTION,296357.1217,267511.9505,6650.6079,18220,18206,-0.02244119,-0.04150452,-0.02020951,-0.02244119,-6650.6079,296357.1217,OK,0.0000,266.0243,4.0000,96.0000,AG03-UNRESOLVED,ALL5_LEVELS_bet23_to_bet27,266.0243,266.0243,266.0243,332.5304,332.5304,4.000000,4.000000,4.000000,5.000000,5.000000,96.000000,96.000000,96.000000,95.000000,95.000000,5.0,1463.1337,1340.2688,5187.4742,5310.3391,PENDING_AG03,FALSE,NOT_FOR_ENFORCEMENT,6384.5836,256811.4724,6650.6079,6384.5836,266.0243,0.02244119,0.02154355,266.0243,6384.5836,0.02154355,266.0243,266.0243,266.0243,332.5304,332.5304,6384.5836,0.02154355,1463.1337,1340.2688,5187.4742,5310.3391,0.01750413,0.01791872,0.00089765,16.2655,14.6936,0.3653,59.3804,1.1678,2646.0457,162.5536,12.4780,16.8648,9.0895,16.5695,22.0926,29.825,33.4482,44.5976,11.8163,0.0,2.018664,2.691552,0.981654,30,240,141,4,0.10479828,0.02244119,0.04150452,0E-8,0.000000,0.902668,0.011910,-0.02129501,2026-03-22,2026-08-05,112,5695,2177,137,0.817518,0.739886,0.767145,0.349328,,,,,,,,GLOBAL_BASELINE_NO_ENTITY_RANKING,,,NOT_APPLICABLE_GLOBAL_BASELINE,HF9g-P5,,,,X 全窗基线 · 不参与实体赏罚,14194132,1420,A168_HF9F_20260827_0900,2026-08-27 09:00:00
2026-04-01,110249610,1382,0,22.7236576000,-0.5680914400,-0.5680914400,0.5000000,2,2,0.50665070000000000,0.506650700000,-0.018812684590367487,-0.018812684590367487,-0.018812684590367487,0E-17,ELIGIBLE,R03b_20260811_FULL_v1,L1_ELIGIBILITY,v2026-08-11,2026-03-21..2026-08-06,baccarat_bet02_101_all_pairs_incl_sentinel,round_win = game_pnl > 0 (decisive only),COMPATIBILITY_ONLY_NOT_PRODUCTION,296357.1217,267511.9505,6650.6079,18220,18206,-0.02244119,-0.04150452,-0.02020951,-0.02244119,-6650.6079,296357.1217,OK,0.0000,266.0243,4.0000,96.0000,AG03-UNRESOLVED,ALL5_LEVELS_bet23_to_bet27,266.0243,266.0243,266.0243,332.5304,332.5304,4.000000,4.000000,4.000000,5.000000,5.000000,96.000000,96.000000,96.000000,95.000000,95.000000,5.0,1463.1337,1340.2688,5187.4742,5310.3391,PENDING_AG03,FALSE,NOT_FOR_ENFORCEMENT,6384.5836,256811.4724,6650.6079,6384.5836,266.0243,0.02244119,0.02154355,266.0243,6384.5836,0.02154355,266.0243,266.0243,266.0243,332.5304,332.5304,6384.5836,0.02154355,1463.1337,1340.2688,5187.4742,5310.3391,0.01750413,0.01791872,0.00089765,16.2655,14.6936,0.3653,59.3804,1.1678,2646.0457,162.5536,12.4780,16.8648,9.0895,16.5695,22.0926,29.825,33.4482,44.5976,11.8163,0.0,2.018664,2.691552,0.981654,30,240,141,4,0.10479828,0.02244119,0.04150452,0E-8,0.000000,0.902668,0.011910,-0.02129501,2026-03-22,2026-08-05,112,5695,2177,137,0.817518,0.739886,0.767145,0.349328,,,,,,,,GLOBAL_BASELINE_NO_ENTITY_RANKING,,,NOT_APPLICABLE_GLOBAL_BASELINE,HF9g-P5,,,,X 全窗基线 · 不参与实体赏罚,14194133,1420,A168_HF9F_20260827_0900,2026-08-27 09:00:00
2026-04-01,110249610,1385,0,5.6809144000,-5.6809144000,-5.6809144000,0E-7,1,1,0.49324550000000000,0.493245500000,-0.9865810262130424,-0.9865810262130424,-0.9865810262130424,0E-17,ELIGIBLE,R03b_20260811_FULL_v1,L1_ELIGIBILITY,v2026-08-11,2026-03-21..2026-08-06,baccarat_bet02_101_all_pairs_incl_sentinel,round_win = game_pnl > 0 (decisive only),COMPATIBILITY_ONLY_NOT_PRODUCTION,296357.1217,267511.9505,6650.6079,18220,18206,-0.02244119,-0.04150452,-0.02020951,-0.02244119,-6650.6079,296357.1217,OK,0.0000,266.0243,4.0000,96.0000,AG03-UNRESOLVED,ALL5_LEVELS_bet23_to_bet27,266.0243,266.0243,266.0243,332.5304,332.5304,4.000000,4.000000,4.000000,5.000000,5.000000,96.000000,96.000000,96.000000,95.000000,95.000000,5.0,1463.1337,1340.2688,5187.4742,5310.3391,PENDING_AG03,FALSE,NOT_FOR_ENFORCEMENT,6384.5836,256811.4724,6650.6079,6384.5836,266.0243,0.02244119,0.02154355,266.0243,6384.5836,0.02154355,266.0243,266.0243,266.0243,332.5304,332.5304,6384.5836,0.02154355,1463.1337,1340.2688,5187.4742,5310.3391,0.01750413,0.01791872,0.00089765,16.2655,14.6936,0.3653,59.3804,1.1678,2646.0457,162.5536,12.4780,16.8648,9.0895,16.5695,22.0926,29.825,33.4482,44.5976,11.8163,0.0,2.018664,2.691552,0.981654,30,240,141,4,0.10479828,0.02244119,0.04150452,0E-8,0.000000,0.902668,0.011910,-0.02129501,2026-03-22,2026-08-05,112,5695,2177,137,0.817518,0.739886,0.767145,0.349328,,,,,,,,GLOBAL_BASELINE_NO_ENTITY_RANKING,,,NOT_APPLICABLE_GLOBAL_BASELINE,HF9g-P5,,,,X 全窗基线 · 不参与实体赏罚,14194134,1420,A168_HF9F_20260827_0900,2026-08-27 09:00:00
2026-04-01,110249610,1402,0,22.7236575999,-22.7236575999,-22.7236575999,0E-7,2,2,0.49324550000000000,0.493245500000,-1.3952362676504506,-1.3952362676504506,-1.3952362676504506,0E-17,ELIGIBLE,R03b_20260811_FULL_v1,L1_ELIGIBILITY,v2026-08-11,2026-03-21..2026-08-06,baccarat_bet02_101_all_pairs_incl_sentinel,round_win = game_pnl > 0 (decisive only),COMPATIBILITY_ONLY_NOT_PRODUCTION,296357.1217,267511.9505,6650.6079,18220,18206,-0.02244119,-0.04150452,-0.02020951,-0.02244119,-6650.6079,296357.1217,OK,0.0000,266.0243,4.0000,96.0000,AG03-UNRESOLVED,ALL5_LEVELS_bet23_to_bet27,266.0243,266.0243,266.0243,332.5304,332.5304,4.000000,4.000000,4.000000,5.000000,5.000000,96.000000,96.000000,96.000000,95.000000,95.000000,5.0,1463.1337,1340.2688,5187.4742,5310.3391,PENDING_AG03,FALSE,NOT_FOR_ENFORCEMENT,6384.5836,256811.4724,6650.6079,6384.5836,266.0243,0.02244119,0.02154355,266.0243,6384.5836,0.02154355,266.0243,266.0243,266.0243,332.5304,332.5304,6384.5836,0.02154355,1463.1337,1340.2688,5187.4742,5310.3391,0.01750413,0.01791872,0.00089765,16.2655,14.6936,0.3653,59.3804,1.1678,2646.0457,162.5536,12.4780,16.8648,9.0895,16.5695,22.0926,29.825,33.4482,44.5976,11.8163,0.0,2.018664,2.691552,0.981654,30,240,141,4,0.10479828,0.02244119,0.04150452,0E-8,0.000000,0.902668,0.011910,-0.02129501,2026-03-22,2026-08-05,112,5695,2177,137,0.817518,0.739886,0.767145,0.349328,,,,,,,,GLOBAL_BASELINE_NO_ENTITY_RANKING,,,NOT_APPLICABLE_GLOBAL_BASELINE,HF9g-P5,,,,X 全窗基线 · 不参与实体赏罚,14194135,1420,A168_HF9F_20260827_0900,2026-08-27 09:00:00
2026-04-01,110249610,1490,0,28.4045719999,-28.4045719999,-28.4045719999,0E-7,2,2,0.49994810000000000,0.499948100000,-1.4140667746232096,-1.4140667746232096,-1.4140667746232096,0E-17,ELIGIBLE,R03b_20260811_FULL_v1,L1_ELIGIBILITY,v2026-08-11,2026-03-21..2026-08-06,baccarat_bet02_101_all_pairs_incl_sentinel,round_win = game_pnl > 0 (decisive only),COMPATIBILITY_ONLY_NOT_PRODUCTION,296357.1217,267511.9505,6650.6079,18220,18206,-0.02244119,-0.04150452,-0.02020951,-0.02244119,-6650.6079,296357.1217,OK,0.0000,266.0243,4.0000,96.0000,AG03-UNRESOLVED,ALL5_LEVELS_bet23_to_bet27,266.0243,266.0243,266.0243,332.5304,332.5304,4.000000,4.000000,4.000000,5.000000,5.000000,96.000000,96.000000,96.000000,95.000000,95.000000,5.0,1463.1337,1340.2688,5187.4742,5310.3391,PENDING_AG03,FALSE,NOT_FOR_ENFORCEMENT,6384.5836,256811.4724,6650.6079,6384.5836,266.0243,0.02244119,0.02154355,266.0243,6384.5836,0.02154355,266.0243,266.0243,266.0243,332.5304,332.5304,6384.5836,0.02154355,1463.1337,1340.2688,5187.4742,5310.3391,0.01750413,0.01791872,0.00089765,16.2655,14.6936,0.3653,59.3804,1.1678,2646.0457,162.5536,12.4780,16.8648,9.0895,16.5695,22.0926,29.825,33.4482,44.5976,11.8163,0.0,2.018664,2.691552,0.981654,30,240,141,4,0.10479828,0.02244119,0.04150452,0E-8,0.000000,0.902668,0.011910,-0.02129501,2026-03-22,2026-08-05,112,5695,2177,137,0.817518,0.739886,0.767145,0.349328,,,,,,,,GLOBAL_BASELINE_NO_ENTITY_RANKING,,,NOT_APPLICABLE_GLOBAL_BASELINE,HF9g-P5,,,,X 全窗基线 · 不参与实体赏罚,14194136,1420,A168_HF9F_20260827_0900,2026-08-27 09:00:00
2026-04-01,110249610,1509,0,79.5328015997,37.8916990479,37.8916990479,0.8000000,5,5,0.50665070000000000,0.506650700000,1.3120140225494112,1.3120140225494112,1.3120140225494112,0E-17,ELIGIBLE,R03b_20260811_FULL_v1,L1_ELIGIBILITY,v2026-08-11,2026-03-21..2026-08-06,baccarat_bet02_101_all_pairs_incl_sentinel,round_win = game_pnl > 0 (decisive only),COMPATIBILITY_ONLY_NOT_PRODUCTION,296357.1217,267511.9505,6650.6079,18220,18206,-0.02244119,-0.04150452,-0.02020951,-0.02244119,-6650.6079,296357.1217,OK,0.0000,266.0243,4.0000,96.0000,AG03-UNRESOLVED,ALL5_LEVELS_bet23_to_bet27,266.0243,266.0243,266.0243,332.5304,332.5304,4.000000,4.000000,4.000000,5.000000,5.000000,96.000000,96.000000,96.000000,95.000000,95.000000,5.0,1463.1337,1340.2688,5187.4742,5310.3391,PENDING_AG03,FALSE,NOT_FOR_ENFORCEMENT,6384.5836,256811.4724,6650.6079,6384.5836,266.0243,0.02244119,0.02154355,266.0243,6384.5836,0.02154355,266.0243,266.0243,266.0243,332.5304,332.5304,6384.5836,0.02154355,1463.1337,1340.2688,5187.4742,5310.3391,0.01750413,0.01791872,0.00089765,16.2655,14.6936,0.3653,59.3804,1.1678,2646.0457,162.5536,12.4780,16.8648,9.0895,16.5695,22.0926,29.825,33.4482,44.5976,11.8163,0.0,2.018664,2.691552,0.981654,30,240,141,4,0.10479828,0.02244119,0.04150452,0E-8,0.000000,0.902668,0.011910,-0.02129501,2026-03-22,2026-08-05,112,5695,2177,137,0.817518,0.739886,0.767145,0.349328,,,,,,,,GLOBAL_BASELINE_NO_ENTITY_RANKING,,,NOT_APPLICABLE_GLOBAL_BASELINE,HF9g-P5,,,,X 全窗基线 · 不参与实体赏罚,14194137,1420,A168_HF9F_20260827_0900,2026-08-27 09:00:00
2026-04-01,110249610,1654,0,96.5755447995,-22.7236575998,-22.7236575998,0.4000000,6,6,0.49771390000000000,0.497713900000,-0.4369944132040151,-0.436994413204015,-0.4369944132040151,0E-17,ELIGIBLE,R03b_20260811_FULL_v1,L1_ELIGIBILITY,v2026-08-11,2026-03-21..2026-08-06,baccarat_bet02_101_all_pairs_incl_sentinel,round_win = game_pnl > 0 (decisive only),COMPATIBILITY_ONLY_NOT_PRODUCTION,296357.1217,267511.9505,6650.6079,18220,18206,-0.02244119,-0.04150452,-0.02020951,-0.02244119,-6650.6079,296357.1217,OK,0.0000,266.0243,4.0000,96.0000,AG03-UNRESOLVED,ALL5_LEVELS_bet23_to_bet27,266.0243,266.0243,266.0243,332.5304,332.5304,4.000000,4.000000,4.000000,5.000000,5.000000,96.000000,96.000000,96.000000,95.000000,95.000000,5.0,1463.1337,1340.2688,5187.4742,5310.3391,PENDING_AG03,FALSE,NOT_FOR_ENFORCEMENT,6384.5836,256811.4724,6650.6079,6384.5836,266.0243,0.02244119,0.02154355,266.0243,6384.5836,0.02154355,266.0243,266.0243,266.0243,332.5304,332.5304,6384.5836,0.02154355,1463.1337,1340.2688,5187.4742,5310.3391,0.01750413,0.01791872,0.00089765,16.2655,14.6936,0.3653,59.3804,1.1678,2646.0457,162.5536,12.4780,16.8648,9.0895,16.5695,22.0926,29.825,33.4482,44.5976,11.8163,0.0,2.018664,2.691552,0.981654,30,240,141,4,0.10479828,0.02244119,0.04150452,0E-8,0.000000,0.902668,0.011910,-0.02129501,2026-03-22,2026-08-05,112,5695,2177,137,0.817518,0.739886,0.767145,0.349328,,,,,,,,GLOBAL_BASELINE_NO_ENTITY_RANKING,,,NOT_APPLICABLE_GLOBAL_BASELINE,HF9g-P5,,,,X 全窗基线 · 不参与实体赏罚,14194138,1420,A168_HF9F_20260827_0900,2026-08-27 09:00:00
2026-04-01,110249610,1951,0,72.2612311677,5.0560138160,5.0560138160,0.6666667,4,4,0.50665070000000000,0.506650700000,0.5543606114942035,0.5543606114942035,0.5543606114942035,0E-17,ELIGIBLE,R03b_20260811_FULL_v1,L1_ELIGIBILITY,v2026-08-11,2026-03-21..2026-08-06,baccarat_bet02_101_all_pairs_incl_sentinel,round_win = game_pnl > 0 (decisive only),COMPATIBILITY_ONLY_NOT_PRODUCTION,296357.1217,267511.9505,6650.6079,18220,18206,-0.02244119,-0.04150452,-0.02020951,-0.02244119,-6650.6079,296357.1217,OK,0.0000,266.0243,4.0000,96.0000,AG03-UNRESOLVED,ALL5_LEVELS_bet23_to_bet27,266.0243,266.0243,266.0243,332.5304,332.5304,4.000000,4.000000,4.000000,5.000000,5.000000,96.000000,96.000000,96.000000,95.000000,95.000000,5.0,1463.1337,1340.2688,5187.4742,5310.3391,PENDING_AG03,FALSE,NOT_FOR_ENFORCEMENT,6384.5836,256811.4724,6650.6079,6384.5836,266.0243,0.02244119,0.02154355,266.0243,6384.5836,0.02154355,266.0243,266.0243,266.0243,332.5304,332.5304,6384.5836,0.02154355,1463.1337,1340.2688,5187.4742,5310.3391,0.01750413,0.01791872,0.00089765,16.2655,14.6936,0.3653,59.3804,1.1678,2646.0457,162.5536,12.4780,16.8648,9.0895,16.5695,22.0926,29.825,33.4482,44.5976,11.8163,0.0,2.018664,2.691552,0.981654,30,240,141,4,0.10479828,0.02244119,0.04150452,0E-8,0.000000,0.902668,0.011910,-0.02129501,2026-03-22,2026-08-05,112,5695,2177,137,0.817518,0.739886,0.767145,0.349328,,,,,,,,GLOBAL_BASELINE_NO_ENTITY_RANKING,,,NOT_APPLICABLE_GLOBAL_BASELINE,HF9g-P5,,,,X 全窗基线 · 不参与实体赏罚,14194139,1420,A168_HF9F_20260827_0900,2026-08-27 09:00:00
2026-04-01,110249610,1985,0,18.0653077920,-18.0653077920,-18.0653077920,0E-7,2,2,0.50665070000000000,0.506650700000,-1.4331513700195317,-1.4331513700195317,-1.4331513700195317,0E-17,ELIGIBLE,R03b_20260811_FULL_v1,L1_ELIGIBILITY,v2026-08-11,2026-03-21..2026-08-06,baccarat_bet02_101_all_pairs_incl_sentinel,round_win = game_pnl > 0 (decisive only),COMPATIBILITY_ONLY_NOT_PRODUCTION,296357.1217,267511.9505,6650.6079,18220,18206,-0.02244119,-0.04150452,-0.02020951,-0.02244119,-6650.6079,296357.1217,OK,0.0000,266.0243,4.0000,96.0000,AG03-UNRESOLVED,ALL5_LEVELS_bet23_to_bet27,266.0243,266.0243,266.0243,332.5304,332.5304,4.000000,4.000000,4.000000,5.000000,5.000000,96.000000,96.000000,96.000000,95.000000,95.000000,5.0,1463.1337,1340.2688,5187.4742,5310.3391,PENDING_AG03,FALSE,NOT_FOR_ENFORCEMENT,6384.5836,256811.4724,6650.6079,6384.5836,266.0243,0.02244119,0.02154355,266.0243,6384.5836,0.02154355,266.0243,266.0243,266.0243,332.5304,332.5304,6384.5836,0.02154355,1463.1337,1340.2688,5187.4742,5310.3391,0.01750413,0.01791872,0.00089765,16.2655,14.6936,0.3653,59.3804,1.1678,2646.0457,162.5536,12.4780,16.8648,9.0895,16.5695,22.0926,29.825,33.4482,44.5976,11.8163,0.0,2.018664,2.691552,0.981654,30,240,141,4,0.10479828,0.02244119,0.04150452,0E-8,0.000000,0.902668,0.011910,-0.02129501,2026-03-22,2026-08-05,112,5695,2177,137,0.817518,0.739886,0.767145,0.349328,,,,,,,,GLOBAL_BASELINE_NO_ENTITY_RANKING,,,NOT_APPLICABLE_GLOBAL_BASELINE,HF9g-P5,,,,X 全窗基线 · 不参与实体赏罚,14194140,1420,A168_HF9F_20260827_0900,2026-08-27 09:00:00
2026-04-01,110249610,1990,0,17.0427431999,-17.0427431999,-17.0427431999,0E-7,1,1,0.49324550000000000,0.493245500000,-0.9865810262130424,-0.9865810262130424,-0.9865810262130424,0E-17,ELIGIBLE,R03b_20260811_FULL_v1,L1_ELIGIBILITY,v2026-08-11,2026-03-21..2026-08-06,baccarat_bet02_101_all_pairs_incl_sentinel,round_win = game_pnl > 0 (decisive only),COMPATIBILITY_ONLY_NOT_PRODUCTION,296357.1217,267511.9505,6650.6079,18220,18206,-0.02244119,-0.04150452,-0.02020951,-0.02244119,-6650.6079,296357.1217,OK,0.0000,266.0243,4.0000,96.0000,AG03-UNRESOLVED,ALL5_LEVELS_bet23_to_bet27,266.0243,266.0243,266.0243,332.5304,332.5304,4.000000,4.000000,4.000000,5.000000,5.000000,96.000000,96.000000,96.000000,95.000000,95.000000,5.0,1463.1337,1340.2688,5187.4742,5310.3391,PENDING_AG03,FALSE,NOT_FOR_ENFORCEMENT,6384.5836,256811.4724,6650.6079,6384.5836,266.0243,0.02244119,0.02154355,266.0243,6384.5836,0.02154355,266.0243,266.0243,266.0243,332.5304,332.5304,6384.5836,0.02154355,1463.1337,1340.2688,5187.4742,5310.3391,0.01750413,0.01791872,0.00089765,16.2655,14.6936,0.3653,59.3804,1.1678,2646.0457,162.5536,12.4780,16.8648,9.0895,16.5695,22.0926,29.825,33.4482,44.5976,11.8163,0.0,2.018664,2.691552,0.981654,30,240,141,4,0.10479828,0.02244119,0.04150452,0E-8,0.000000,0.902668,0.011910,-0.02129501,2026-03-22,2026-08-05,112,5695,2177,137,0.817518,0.739886,0.767145,0.349328,,,,,,,,GLOBAL_BASELINE_NO_ENTITY_RANKING,,,NOT_APPLICABLE_GLOBAL_BASELINE,HF9g-P5,,,,X 全窗基线 · 不参与实体赏罚,14194141,1420,A168_HF9F_20260827_0900,2026-08-27 09:00:00
2026-04-01,110249610,1994,0,52.1507941919,-7.8396618719,-7.8396618719,0.5000000,4,4,0.50665070000000000,0.506650700000,-0.02660515369234503,-0.02660515369234503,-0.02660515369234503,0E-17,ELIGIBLE,R03b_20260811_FULL_v1,L1_ELIGIBILITY,v2026-08-11,2026-03-21..2026-08-06,baccarat_bet02_101_all_pairs_incl_sentinel,round_win = game_pnl > 0 (decisive only),COMPATIBILITY_ONLY_NOT_PRODUCTION,296357.1217,267511.9505,6650.6079,18220,18206,-0.02244119,-0.04150452,-0.02020951,-0.02244119,-6650.6079,296357.1217,OK,0.0000,266.0243,4.0000,96.0000,AG03-UNRESOLVED,ALL5_LEVELS_bet23_to_bet27,266.0243,266.0243,266.0243,332.5304,332.5304,4.000000,4.000000,4.000000,5.000000,5.000000,96.000000,96.000000,96.000000,95.000000,95.000000,5.0,1463.1337,1340.2688,5187.4742,5310.3391,PENDING_AG03,FALSE,NOT_FOR_ENFORCEMENT,6384.5836,256811.4724,6650.6079,6384.5836,266.0243,0.02244119,0.02154355,266.0243,6384.5836,0.02154355,266.0243,266.0243,266.0243,332.5304,332.5304,6384.5836,0.02154355,1463.1337,1340.2688,5187.4742,5310.3391,0.01750413,0.01791872,0.00089765,16.2655,14.6936,0.3653,59.3804,1.1678,2646.0457,162.5536,12.4780,16.8648,9.0895,16.5695,22.0926,29.825,33.4482,44.5976,11.8163,0.0,2.018664,2.691552,0.981654,30,240,141,4,0.10479828,0.02244119,0.04150452,0E-8,0.000000,0.902668,0.011910,-0.02129501,2026-03-22,2026-08-05,112,5695,2177,137,0.817518,0.739886,0.767145,0.349328,,,,,,,,GLOBAL_BASELINE_NO_ENTITY_RANKING,,,NOT_APPLICABLE_GLOBAL_BASELINE,HF9g-P5,,,,X 全窗基线 · 不参与实体赏罚,14194142,1420,A168_HF9F_20260827_0900,2026-08-27 09:00:00
2026-04-01,110249610,2103,0,17.0427431999,-17.0427431999,-17.0427431999,0E-7,1,1,0.50665070000000000,0.506650700000,-1.013391052207602,-1.013391052207602,-1.013391052207602,0E-17,ELIGIBLE,R03b_20260811_FULL_v1,L1_ELIGIBILITY,v2026-08-11,2026-03-21..2026-08-06,baccarat_bet02_101_all_pairs_incl_sentinel,round_win = game_pnl > 0 (decisive only),COMPATIBILITY_ONLY_NOT_PRODUCTION,296357.1217,267511.9505,6650.6079,18220,18206,-0.02244119,-0.04150452,-0.02020951,-0.02244119,-6650.6079,296357.1217,OK,0.0000,266.0243,4.0000,96.0000,AG03-UNRESOLVED,ALL5_LEVELS_bet23_to_bet27,266.0243,266.0243,266.0243,332.5304,332.5304,4.000000,4.000000,4.000000,5.000000,5.000000,96.000000,96.000000,96.000000,95.000000,95.000000,5.0,1463.1337,1340.2688,5187.4742,5310.3391,PENDING_AG03,FALSE,NOT_FOR_ENFORCEMENT,6384.5836,256811.4724,6650.6079,6384.5836,266.0243,0.02244119,0.02154355,266.0243,6384.5836,0.02154355,266.0243,266.0243,266.0243,332.5304,332.5304,6384.5836,0.02154355,1463.1337,1340.2688,5187.4742,5310.3391,0.01750413,0.01791872,0.00089765,16.2655,14.6936,0.3653,59.3804,1.1678,2646.0457,162.5536,12.4780,16.8648,9.0895,16.5695,22.0926,29.825,33.4482,44.5976,11.8163,0.0,2.018664,2.691552,0.981654,30,240,141,4,0.10479828,0.02244119,0.04150452,0E-8,0.000000,0.902668,0.011910,-0.02129501,2026-03-22,2026-08-05,112,5695,2177,137,0.817518,0.739886,0.767145,0.349328,,,,,,,,GLOBAL_BASELINE_NO_ENTITY_RANKING,,,NOT_APPLICABLE_GLOBAL_BASELINE,HF9g-P5,,,,X 全窗基线 · 不参与实体赏罚,14194143,1420,A168_HF9F_20260827_0900,2026-08-27 09:00:00
2026-04-01,110249610,2129,0,28.4045719999,10.7937373600,10.7937373600,1.0000000,2,2,0.50665070000000000,0.506650700000,0.9867858985152569,0.9867858985152569,0.9867858985152569,0E-17,ELIGIBLE,R03b_20260811_FULL_v1,L1_ELIGIBILITY,v2026-08-11,2026-03-21..2026-08-06,baccarat_bet02_101_all_pairs_incl_sentinel,round_win = game_pnl > 0 (decisive only),COMPATIBILITY_ONLY_NOT_PRODUCTION,296357.1217,267511.9505,6650.6079,18220,18206,-0.02244119,-0.04150452,-0.02020951,-0.02244119,-6650.6079,296357.1217,OK,0.0000,266.0243,4.0000,96.0000,AG03-UNRESOLVED,ALL5_LEVELS_bet23_to_bet27,266.0243,266.0243,266.0243,332.5304,332.5304,4.000000,4.000000,4.000000,5.000000,5.000000,96.000000,96.000000,96.000000,95.000000,95.000000,5.0,1463.1337,1340.2688,5187.4742,5310.3391,PENDING_AG03,FALSE,NOT_FOR_ENFORCEMENT,6384.5836,256811.4724,6650.6079,6384.5836,266.0243,0.02244119,0.02154355,266.0243,6384.5836,0.02154355,266.0243,266.0243,266.0243,332.5304,332.5304,6384.5836,0.02154355,1463.1337,1340.2688,5187.4742,5310.3391,0.01750413,0.01791872,0.00089765,16.2655,14.6936,0.3653,59.3804,1.1678,2646.0457,162.5536,12.4780,16.8648,9.0895,16.5695,22.0926,29.825,33.4482,44.5976,11.8163,0.0,2.018664,2.691552,0.981654,30,240,141,4,0.10479828,0.02244119,0.04150452,0E-8,0.000000,0.902668,0.011910,-0.02129501,2026-03-22,2026-08-05,112,5695,2177,137,0.817518,0.739886,0.767145,0.349328,,,,,,,,GLOBAL_BASELINE_NO_ENTITY_RANKING,,,NOT_APPLICABLE_GLOBAL_BASELINE,HF9g-P5,,,,X 全窗基线 · 不参与实体赏罚,14194144,1420,A168_HF9F_20260827_0900,2026-08-27 09:00:00
2026-04-01,110249610,2152,0,45.4473151998,-45.4473151998,-45.4473151998,0E-7,3,3,0.50218230000000000,0.502182300000,-1.7396270863184011,-1.7396270863184016,-1.7396270863184011,0E-17,ELIGIBLE,R03b_20260811_FULL_v1,L1_ELIGIBILITY,v2026-08-11,2026-03-21..2026-08-06,baccarat_bet02_101_all_pairs_incl_sentinel,round_win = game_pnl > 0 (decisive only),COMPATIBILITY_ONLY_NOT_PRODUCTION,296357.1217,267511.9505,6650.6079,18220,18206,-0.02244119,-0.04150452,-0.02020951,-0.02244119,-6650.6079,296357.1217,OK,0.0000,266.0243,4.0000,96.0000,AG03-UNRESOLVED,ALL5_LEVELS_bet23_to_bet27,266.0243,266.0243,266.0243,332.5304,332.5304,4.000000,4.000000,4.000000,5.000000,5.000000,96.000000,96.000000,96.000000,95.000000,95.000000,5.0,1463.1337,1340.2688,5187.4742,5310.3391,PENDING_AG03,FALSE,NOT_FOR_ENFORCEMENT,6384.5836,256811.4724,6650.6079,6384.5836,266.0243,0.02244119,0.02154355,266.0243,6384.5836,0.02154355,266.0243,266.0243,266.0243,332.5304,332.5304,6384.5836,0.02154355,1463.1337,1340.2688,5187.4742,5310.3391,0.01750413,0.01791872,0.00089765,16.2655,14.6936,0.3653,59.3804,1.1678,2646.0457,162.5536,12.4780,16.8648,9.0895,16.5695,22.0926,29.825,33.4482,44.5976,11.8163,0.0,2.018664,2.691552,0.981654,30,240,141,4,0.10479828,0.02244119,0.04150452,0E-8,0.000000,0.902668,0.011910,-0.02129501,2026-03-22,2026-08-05,112,5695,2177,137,0.817518,0.739886,0.767145,0.349328,,,,,,,,GLOBAL_BASELINE_NO_ENTITY_RANKING,,,NOT_APPLICABLE_GLOBAL_BASELINE,HF9g-P5,,,,X 全窗基线 · 不参与实体赏罚,14194145,1420,A168_HF9F_20260827_0900,2026-08-27 09:00:00
2026-04-01,110249610,2201,0,44.3111323198,0E-10,0E-10,0.5000000,2,2,0.50665070000000000,0.506650700000,-0.018812684590367487,-0.018812684590367487,-0.018812684590367487,0E-17,ELIGIBLE,R03b_20260811_FULL_v1,L1_ELIGIBILITY,v2026-08-11,2026-03-21..2026-08-06,baccarat_bet02_101_all_pairs_incl_sentinel,round_win = game_pnl > 0 (decisive only),COMPATIBILITY_ONLY_NOT_PRODUCTION,296357.1217,267511.9505,6650.6079,18220,18206,-0.02244119,-0.04150452,-0.02020951,-0.02244119,-6650.6079,296357.1217,OK,0.0000,266.0243,4.0000,96.0000,AG03-UNRESOLVED,ALL5_LEVELS_bet23_to_bet27,266.0243,266.0243,266.0243,332.5304,332.5304,4.000000,4.000000,4.000000,5.000000,5.000000,96.000000,96.000000,96.000000,95.000000,95.000000,5.0,1463.1337,1340.2688,5187.4742,5310.3391,PENDING_AG03,FALSE,NOT_FOR_ENFORCEMENT,6384.5836,256811.4724,6650.6079,6384.5836,266.0243,0.02244119,0.02154355,266.0243,6384.5836,0.02154355,266.0243,266.0243,266.0243,332.5304,332.5304,6384.5836,0.02154355,1463.1337,1340.2688,5187.4742,5310.3391,0.01750413,0.01791872,0.00089765,16.2655,14.6936,0.3653,59.3804,1.1678,2646.0457,162.5536,12.4780,16.8648,9.0895,16.5695,22.0926,29.825,33.4482,44.5976,11.8163,0.0,2.018664,2.691552,0.981654,30,240,141,4,0.10479828,0.02244119,0.04150452,0E-8,0.000000,0.902668,0.011910,-0.02129501,2026-03-22,2026-08-05,112,5695,2177,137,0.817518,0.739886,0.767145,0.349328,,,,,,,,GLOBAL_BASELINE_NO_ENTITY_RANKING,,,NOT_APPLICABLE_GLOBAL_BASELINE,HF9g-P5,,,,X 全窗基线 · 不参与实体赏罚,14194146,1420,A168_HF9F_20260827_0900,2026-08-27 09:00:00
2026-04-01,110249610,2205,0,17.0427431999,-17.0427431999,-17.0427431999,0E-7,1,1,0.50665070000000000,0.506650700000,-1.013391052207602,-1.013391052207602,-1.013391052207602,0E-17,ELIGIBLE,R03b_20260811_FULL_v1,L1_ELIGIBILITY,v2026-08-11,2026-03-21..2026-08-06,baccarat_bet02_101_all_pairs_incl_sentinel,round_win = game_pnl > 0 (decisive only),COMPATIBILITY_ONLY_NOT_PRODUCTION,296357.1217,267511.9505,6650.6079,18220,18206,-0.02244119,-0.04150452,-0.02020951,-0.02244119,-6650.6079,296357.1217,OK,0.0000,266.0243,4.0000,96.0000,AG03-UNRESOLVED,ALL5_LEVELS_bet23_to_bet27,266.0243,266.0243,266.0243,332.5304,332.5304,4.000000,4.000000,4.000000,5.000000,5.000000,96.000000,96.000000,96.000000,95.000000,95.000000,5.0,1463.1337,1340.2688,5187.4742,5310.3391,PENDING_AG03,FALSE,NOT_FOR_ENFORCEMENT,6384.5836,256811.4724,6650.6079,6384.5836,266.0243,0.02244119,0.02154355,266.0243,6384.5836,0.02154355,266.0243,266.0243,266.0243,332.5304,332.5304,6384.5836,0.02154355,1463.1337,1340.2688,5187.4742,5310.3391,0.01750413,0.01791872,0.00089765,16.2655,14.6936,0.3653,59.3804,1.1678,2646.0457,162.5536,12.4780,16.8648,9.0895,16.5695,22.0926,29.825,33.4482,44.5976,11.8163,0.0,2.018664,2.691552,0.981654,30,240,141,4,0.10479828,0.02244119,0.04150452,0E-8,0.000000,0.902668,0.011910,-0.02129501,2026-03-22,2026-08-05,112,5695,2177,137,0.817518,0.739886,0.767145,0.349328,,,,,,,,GLOBAL_BASELINE_NO_ENTITY_RANKING,,,NOT_APPLICABLE_GLOBAL_BASELINE,HF9g-P5,,,,X 全窗基线 · 不参与实体赏罚,14194147,1420,A168_HF9F_20260827_0900,2026-08-27 09:00:00
2026-04-01,110249610,2212,0,42.8340945759,-10.2654123207,-10.2654123207,0.5000000,4,4,0.50329940000000000,0.503299400000,-0.01319788734859681,-0.01319788734859681,-0.01319788734859681,0E-17,ELIGIBLE,R03b_20260811_FULL_v1,L1_ELIGIBILITY,v2026-08-11,2026-03-21..2026-08-06,baccarat_bet02_101_all_pairs_incl_sentinel,round_win = game_pnl > 0 (decisive only),COMPATIBILITY_ONLY_NOT_PRODUCTION,296357.1217,267511.9505,6650.6079,18220,18206,-0.02244119,-0.04150452,-0.02020951,-0.02244119,-6650.6079,296357.1217,OK,0.0000,266.0243,4.0000,96.0000,AG03-UNRESOLVED,ALL5_LEVELS_bet23_to_bet27,266.0243,266.0243,266.0243,332.5304,332.5304,4.000000,4.000000,4.000000,5.000000,5.000000,96.000000,96.000000,96.000000,95.000000,95.000000,5.0,1463.1337,1340.2688,5187.4742,5310.3391,PENDING_AG03,FALSE,NOT_FOR_ENFORCEMENT,6384.5836,256811.4724,6650.6079,6384.5836,266.0243,0.02244119,0.02154355,266.0243,6384.5836,0.02154355,266.0243,266.0243,266.0243,332.5304,332.5304,6384.5836,0.02154355,1463.1337,1340.2688,5187.4742,5310.3391,0.01750413,0.01791872,0.00089765,16.2655,14.6936,0.3653,59.3804,1.1678,2646.0457,162.5536,12.4780,16.8648,9.0895,16.5695,22.0926,29.825,33.4482,44.5976,11.8163,0.0,2.018664,2.691552,0.981654,30,240,141,4,0.10479828,0.02244119,0.04150452,0E-8,0.000000,0.902668,0.011910,-0.02129501,2026-03-22,2026-08-05,112,5695,2177,137,0.817518,0.739886,0.767145,0.349328,,,,,,,,GLOBAL_BASELINE_NO_ENTITY_RANKING,,,NOT_APPLICABLE_GLOBAL_BASELINE,HF9g-P5,,,,X 全窗基线 · 不参与实体赏罚,14194148,1420,A168_HF9F_20260827_0900,2026-08-27 09:00:00
2026-04-01,110249610,2239,0,173.7223623513,55.3548299133,55.3548299133,0.6666667,8,8,0.50497505000000000,0.504975050000,0.7921631278619334,0.7921631278619334,0.7921631278619334,0E-17,ELIGIBLE,R03b_20260811_FULL_v1,L1_ELIGIBILITY,v2026-08-11,2026-03-21..2026-08-06,baccarat_bet02_101_all_pairs_incl_sentinel,round_win = game_pnl > 0 (decisive only),COMPATIBILITY_ONLY_NOT_PRODUCTION,296357.1217,267511.9505,6650.6079,18220,18206,-0.02244119,-0.04150452,-0.02020951,-0.02244119,-6650.6079,296357.1217,OK,0.0000,266.0243,4.0000,96.0000,AG03-UNRESOLVED,ALL5_LEVELS_bet23_to_bet27,266.0243,266.0243,266.0243,332.5304,332.5304,4.000000,4.000000,4.000000,5.000000,5.000000,96.000000,96.000000,96.000000,95.000000,95.000000,5.0,1463.1337,1340.2688,5187.4742,5310.3391,PENDING_AG03,FALSE,NOT_FOR_ENFORCEMENT,6384.5836,256811.4724,6650.6079,6384.5836,266.0243,0.02244119,0.02154355,266.0243,6384.5836,0.02154355,266.0243,266.0243,266.0243,332.5304,332.5304,6384.5836,0.02154355,1463.1337,1340.2688,5187.4742,5310.3391,0.01750413,0.01791872,0.00089765,16.2655,14.6936,0.3653,59.3804,1.1678,2646.0457,162.5536,12.4780,16.8648,9.0895,16.5695,22.0926,29.825,33.4482,44.5976,11.8163,0.0,2.018664,2.691552,0.981654,30,240,141,4,0.10479828,0.02244119,0.04150452,0E-8,0.000000,0.902668,0.011910,-0.02129501,2026-03-22,2026-08-05,112,5695,2177,137,0.817518,0.739886,0.767145,0.349328,,,,,,,,GLOBAL_BASELINE_NO_ENTITY_RANKING,,,NOT_APPLICABLE_GLOBAL_BASELINE,HF9g-P5,,,,X 全窗基线 · 不参与实体赏罚,14194149,1420,A168_HF9F_20260827_0900,2026-08-27 09:00:00
2026-04-01,110249610,2264,0,28.4045719999,-5.6809143999,-5.6809143999,0.5000000,2,2,0.49324550000000000,0.493245500000,0.01910635448239258,0.01910635448239258,0.01910635448239258,0E-17,ELIGIBLE,R03b_20260811_FULL_v1,L1_ELIGIBILITY,v2026-08-11,2026-03-21..2026-08-06,baccarat_bet02_101_all_pairs_incl_sentinel,round_win = game_pnl > 0 (decisive only),COMPATIBILITY_ONLY_NOT_PRODUCTION,296357.1217,267511.9505,6650.6079,18220,18206,-0.02244119,-0.04150452,-0.02020951,-0.02244119,-6650.6079,296357.1217,OK,0.0000,266.0243,4.0000,96.0000,AG03-UNRESOLVED,ALL5_LEVELS_bet23_to_bet27,266.0243,266.0243,266.0243,332.5304,332.5304,4.000000,4.000000,4.000000,5.000000,5.000000,96.000000,96.000000,96.000000,95.000000,95.000000,5.0,1463.1337,1340.2688,5187.4742,5310.3391,PENDING_AG03,FALSE,NOT_FOR_ENFORCEMENT,6384.5836,256811.4724,6650.6079,6384.5836,266.0243,0.02244119,0.02154355,266.0243,6384.5836,0.02154355,266.0243,266.0243,266.0243,332.5304,332.5304,6384.5836,0.02154355,1463.1337,1340.2688,5187.4742,5310.3391,0.01750413,0.01791872,0.00089765,16.2655,14.6936,0.3653,59.3804,1.1678,2646.0457,162.5536,12.4780,16.8648,9.0895,16.5695,22.0926,29.825,33.4482,44.5976,11.8163,0.0,2.018664,2.691552,0.981654,30,240,141,4,0.10479828,0.02244119,0.04150452,0E-8,0.000000,0.902668,0.011910,-0.02129501,2026-03-22,2026-08-05,112,5695,2177,137,0.817518,0.739886,0.767145,0.349328,,,,,,,,GLOBAL_BASELINE_NO_ENTITY_RANKING,,,NOT_APPLICABLE_GLOBAL_BASELINE,HF9g-P5,,,,X 全窗基线 · 不参与实体赏罚,14194150,1420,A168_HF9F_20260827_0900,2026-08-27 09:00:00
2026-04-01,110249610,583,0,132.3653055194,-35.4773104277,-35.4773104277,0.4285714,8,8,0.50329940000000000,0.503299400000,-0.395431866228915,-0.39543186622891513,-0.395431866228915,0E-17,ELIGIBLE,R03b_20260811_FULL_v1,L1_ELIGIBILITY,v2026-08-11,2026-03-21..2026-08-06,baccarat_bet02_101_all_pairs_incl_sentinel,round_win = game_pnl > 0 (decisive only),COMPATIBILITY_ONLY_NOT_PRODUCTION,296357.1217,267511.9505,6650.6079,18220,18206,-0.02244119,-0.04150452,-0.02020951,-0.02244119,-6650.6079,296357.1217,OK,0.0000,266.0243,4.0000,96.0000,AG03-UNRESOLVED,ALL5_LEVELS_bet23_to_bet27,266.0243,266.0243,266.0243,332.5304,332.5304,4.000000,4.000000,4.000000,5.000000,5.000000,96.000000,96.000000,96.000000,95.000000,95.000000,5.0,1463.1337,1340.2688,5187.4742,5310.3391,PENDING_AG03,FALSE,NOT_FOR_ENFORCEMENT,6384.5836,256811.4724,6650.6079,6384.5836,266.0243,0.02244119,0.02154355,266.0243,6384.5836,0.02154355,266.0243,266.0243,266.0243,332.5304,332.5304,6384.5836,0.02154355,1463.1337,1340.2688,5187.4742,5310.3391,0.01750413,0.01791872,0.00089765,16.2655,14.6936,0.3653,59.3804,1.1678,2646.0457,162.5536,12.4780,16.8648,9.0895,16.5695,22.0926,29.825,33.4482,44.5976,11.8163,0.0,2.018664,2.691552,0.981654,30,240,141,4,0.10479828,0.02244119,0.04150452,0E-8,0.000000,0.902668,0.011910,-0.02129501,2026-03-22,2026-08-05,112,5695,2177,137,0.817518,0.739886,0.767145,0.349328,,,,,,,,GLOBAL_BASELINE_NO_ENTITY_RANKING,,,NOT_APPLICABLE_GLOBAL_BASELINE,HF9g-P5,,,,X 全窗基线 · 不参与实体赏罚,14194151,1420,A168_HF9F_20260827_0900,2026-08-27 09:00:00
2026-04-01,110249610,595,0,11.3618288000,10.7937373600,10.7937373600,1.0000000,1,1,0.50665070000000000,0.506650700000,0.9867858985152569,0.9867858985152569,0.9867858985152569,0E-17,ELIGIBLE,R03b_20260811_FULL_v1,L1_ELIGIBILITY,v2026-08-11,2026-03-21..2026-08-06,baccarat_bet02_101_all_pairs_incl_sentinel,round_win = game_pnl > 0 (decisive only),COMPATIBILITY_ONLY_NOT_PRODUCTION,296357.1217,267511.9505,6650.6079,18220,18206,-0.02244119,-0.04150452,-0.02020951,-0.02244119,-6650.6079,296357.1217,OK,0.0000,266.0243,4.0000,96.0000,AG03-UNRESOLVED,ALL5_LEVELS_bet23_to_bet27,266.0243,266.0243,266.0243,332.5304,332.5304,4.000000,4.000000,4.000000,5.000000,5.000000,96.000000,96.000000,96.000000,95.000000,95.000000,5.0,1463.1337,1340.2688,5187.4742,5310.3391,PENDING_AG03,FALSE,NOT_FOR_ENFORCEMENT,6384.5836,256811.4724,6650.6079,6384.5836,266.0243,0.02244119,0.02154355,266.0243,6384.5836,0.02154355,266.0243,266.0243,266.0243,332.5304,332.5304,6384.5836,0.02154355,1463.1337,1340.2688,5187.4742,5310.3391,0.01750413,0.01791872,0.00089765,16.2655,14.6936,0.3653,59.3804,1.1678,2646.0457,162.5536,12.4780,16.8648,9.0895,16.5695,22.0926,29.825,33.4482,44.5976,11.8163,0.0,2.018664,2.691552,0.981654,30,240,141,4,0.10479828,0.02244119,0.04150452,0E-8,0.000000,0.902668,0.011910,-0.02129501,2026-03-22,2026-08-05,112,5695,2177,137,0.817518,0.739886,0.767145,0.349328,,,,,,,,GLOBAL_BASELINE_NO_ENTITY_RANKING,,,NOT_APPLICABLE_GLOBAL_BASELINE,HF9g-P5,,,,X 全窗基线 · 不参与实体赏罚,14194152,1420,A168_HF9F_20260827_0900,2026-08-27 09:00:00
2026-04-01,110249610,752,0,139.1824027993,12.0719430999,12.0719430999,0.5000000,8,8,0.50329940000000000,0.503299400000,-0.016164044843397878,-0.016164044843397878,-0.016164044843397878,0E-17,ELIGIBLE,R03b_20260811_FULL_v1,L1_ELIGIBILITY,v2026-08-11,2026-03-21..2026-08-06,baccarat_bet02_101_all_pairs_incl_sentinel,round_win = game_pnl > 0 (decisive only),COMPATIBILITY_ONLY_NOT_PRODUCTION,296357.1217,267511.9505,6650.6079,18220,18206,-0.02244119,-0.04150452,-0.02020951,-0.02244119,-6650.6079,296357.1217,OK,0.0000,266.0243,4.0000,96.0000,AG03-UNRESOLVED,ALL5_LEVELS_bet23_to_bet27,266.0243,266.0243,266.0243,332.5304,332.5304,4.000000,4.000000,4.000000,5.000000,5.000000,96.000000,96.000000,96.000000,95.000000,95.000000,5.0,1463.1337,1340.2688,5187.4742,5310.3391,PENDING_AG03,FALSE,NOT_FOR_ENFORCEMENT,6384.5836,256811.4724,6650.6079,6384.5836,266.0243,0.02244119,0.02154355,266.0243,6384.5836,0.02154355,266.0243,266.0243,266.0243,332.5304,332.5304,6384.5836,0.02154355,1463.1337,1340.2688,5187.4742,5310.3391,0.01750413,0.01791872,0.00089765,16.2655,14.6936,0.3653,59.3804,1.1678,2646.0457,162.5536,12.4780,16.8648,9.0895,16.5695,22.0926,29.825,33.4482,44.5976,11.8163,0.0,2.018664,2.691552,0.981654,30,240,141,4,0.10479828,0.02244119,0.04150452,0E-8,0.000000,0.902668,0.011910,-0.02129501,2026-03-22,2026-08-05,112,5695,2177,137,0.817518,0.739886,0.767145,0.349328,,,,,,,,GLOBAL_BASELINE_NO_ENTITY_RANKING,,,NOT_APPLICABLE_GLOBAL_BASELINE,HF9g-P5,,,,X 全窗基线 · 不参与实体赏罚,14194153,1420,A168_HF9F_20260827_0900,2026-08-27 09:00:00
2026-04-01,110249610,789,0,11.3618288000,10.7937373600,10.7937373600,1.0000000,1,1,0.50665070000000000,0.506650700000,0.9867858985152569,0.9867858985152569,0.9867858985152569,0E-17,ELIGIBLE,R03b_20260811_FULL_v1,L1_ELIGIBILITY,v2026-08-11,2026-03-21..2026-08-06,baccarat_bet02_101_all_pairs_incl_sentinel,round_win = game_pnl > 0 (decisive only),COMPATIBILITY_ONLY_NOT_PRODUCTION,296357.1217,267511.9505,6650.6079,18220,18206,-0.02244119,-0.04150452,-0.02020951,-0.02244119,-6650.6079,296357.1217,OK,0.0000,266.0243,4.0000,96.0000,AG03-UNRESOLVED,ALL5_LEVELS_bet23_to_bet27,266.0243,266.0243,266.0243,332.5304,332.5304,4.000000,4.000000,4.000000,5.000000,5.000000,96.000000,96.000000,96.000000,95.000000,95.000000,5.0,1463.1337,1340.2688,5187.4742,5310.3391,PENDING_AG03,FALSE,NOT_FOR_ENFORCEMENT,6384.5836,256811.4724,6650.6079,6384.5836,266.0243,0.02244119,0.02154355,266.0243,6384.5836,0.02154355,266.0243,266.0243,266.0243,332.5304,332.5304,6384.5836,0.02154355,1463.1337,1340.2688,5187.4742,5310.3391,0.01750413,0.01791872,0.00089765,16.2655,14.6936,0.3653,59.3804,1.1678,2646.0457,162.5536,12.4780,16.8648,9.0895,16.5695,22.0926,29.825,33.4482,44.5976,11.8163,0.0,2.018664,2.691552,0.981654,30,240,141,4,0.10479828,0.02244119,0.04150452,0E-8,0.000000,0.902668,0.011910,-0.02129501,2026-03-22,2026-08-05,112,5695,2177,137,0.817518,0.739886,0.767145,0.349328,,,,,,,,GLOBAL_BASELINE_NO_ENTITY_RANKING,,,NOT_APPLICABLE_GLOBAL_BASELINE,HF9g-P5,,,,X 全窗基线 · 不参与实体赏罚,14194154,1420,A168_HF9F_20260827_0900,2026-08-27 09:00:00
2026-04-02,110249610,-1,1,217.3517849440,-19.4514509056,-19.4514509056,0.5111111,49,49,0.50008488775510204,0.500084887755,0.14793231188677294,0.14793231188814196,0.14793231188677294,1.0204E-13,SENTINEL_DEALER,R03b_20260811_FULL_v1,L1_ELIGIBILITY,v2026-08-11,2026-03-21..2026-08-06,baccarat_bet02_101_all_pairs_incl_sentinel,round_win = game_pnl > 0 (decisive only),COMPATIBILITY_ONLY_NOT_PRODUCTION,296357.1217,267511.9505,6650.6079,18220,18206,-0.02244119,-0.04150452,-0.02020951,-0.02244119,-6650.6079,296357.1217,OK,0.0000,266.0243,4.0000,96.0000,AG03-UNRESOLVED,ALL5_LEVELS_bet23_to_bet27,266.0243,266.0243,266.0243,332.5304,332.5304,4.000000,4.000000,4.000000,5.000000,5.000000,96.000000,96.000000,96.000000,95.000000,95.000000,5.0,1463.1337,1340.2688,5187.4742,5310.3391,PENDING_AG03,FALSE,NOT_FOR_ENFORCEMENT,6384.5836,256811.4724,6650.6079,6384.5836,266.0243,0.02244119,0.02154355,266.0243,6384.5836,0.02154355,266.0243,266.0243,266.0243,332.5304,332.5304,6384.5836,0.02154355,1463.1337,1340.2688,5187.4742,5310.3391,0.01750413,0.01791872,0.00089765,16.2655,14.6936,0.3653,59.3804,1.1678,2646.0457,162.5536,12.4780,16.8648,9.0895,16.5695,22.0926,29.825,33.4482,44.5976,11.8163,0.0,2.018664,2.691552,0.981654,30,240,141,4,0.10479828,0.02244119,0.04150452,0E-8,0.000000,0.902668,0.011910,-0.02129501,2026-03-22,2026-08-05,112,5695,2177,137,0.817518,0.739886,0.767145,0.349328,,,,,,,,GLOBAL_BASELINE_NO_ENTITY_RANKING,,,NOT_APPLICABLE_GLOBAL_BASELINE,HF9g-P5,,,,X 全窗基线 · 不参与实体赏罚,14194155,1420,A168_HF9F_20260827_0900,2026-08-27 09:00:00
2026-04-02,110249610,1017,0,5.6809144000,-5.6809144000,-5.6809144000,0E-7,1,1,0.49324550000000000,0.493245500000,-0.9865810262130424,-0.9865810262130424,-0.9865810262130424,0E-17,ELIGIBLE,R03b_20260811_FULL_v1,L1_ELIGIBILITY,v2026-08-11,2026-03-21..2026-08-06,baccarat_bet02_101_all_pairs_incl_sentinel,round_win = game_pnl > 0 (decisive only),COMPATIBILITY_ONLY_NOT_PRODUCTION,296357.1217,267511.9505,6650.6079,18220,18206,-0.02244119,-0.04150452,-0.02020951,-0.02244119,-6650.6079,296357.1217,OK,0.0000,266.0243,4.0000,96.0000,AG03-UNRESOLVED,ALL5_LEVELS_bet23_to_bet27,266.0243,266.0243,266.0243,332.5304,332.5304,4.000000,4.000000,4.000000,5.000000,5.000000,96.000000,96.000000,96.000000,95.000000,95.000000,5.0,1463.1337,1340.2688,5187.4742,5310.3391,PENDING_AG03,FALSE,NOT_FOR_ENFORCEMENT,6384.5836,256811.4724,6650.6079,6384.5836,266.0243,0.02244119,0.02154355,266.0243,6384.5836,0.02154355,266.0243,266.0243,266.0243,332.5304,332.5304,6384.5836,0.02154355,1463.1337,1340.2688,5187.4742,5310.3391,0.01750413,0.01791872,0.00089765,16.2655,14.6936,0.3653,59.3804,1.1678,2646.0457,162.5536,12.4780,16.8648,9.0895,16.5695,22.0926,29.825,33.4482,44.5976,11.8163,0.0,2.018664,2.691552,0.981654,30,240,141,4,0.10479828,0.02244119,0.04150452,0E-8,0.000000,0.902668,0.011910,-0.02129501,2026-03-22,2026-08-05,112,5695,2177,137,0.817518,0.739886,0.767145,0.349328,,,,,,,,GLOBAL_BASELINE_NO_ENTITY_RANKING,,,NOT_APPLICABLE_GLOBAL_BASELINE,HF9g-P5,,,,X 全窗基线 · 不参与实体赏罚,14194156,1420,A168_HF9F_20260827_0900,2026-08-27 09:00:00
2026-04-02,110249610,1151,0,21.5874747200,-1.1361828800,-1.1361828800,0.5000000,2,2,0.49324550000000000,0.493245500000,0.01910635448239258,0.01910635448239258,0.01910635448239258,0E-17,ELIGIBLE,R03b_20260811_FULL_v1,L1_ELIGIBILITY,v2026-08-11,2026-03-21..2026-08-06,baccarat_bet02_101_all_pairs_incl_sentinel,round_win = game_pnl > 0 (decisive only),COMPATIBILITY_ONLY_NOT_PRODUCTION,296357.1217,267511.9505,6650.6079,18220,18206,-0.02244119,-0.04150452,-0.02020951,-0.02244119,-6650.6079,296357.1217,OK,0.0000,266.0243,4.0000,96.0000,AG03-UNRESOLVED,ALL5_LEVELS_bet23_to_bet27,266.0243,266.0243,266.0243,332.5304,332.5304,4.000000,4.000000,4.000000,5.000000,5.000000,96.000000,96.000000,96.000000,95.000000,95.000000,5.0,1463.1337,1340.2688,5187.4742,5310.3391,PENDING_AG03,FALSE,NOT_FOR_ENFORCEMENT,6384.5836,256811.4724,6650.6079,6384.5836,266.0243,0.02244119,0.02154355,266.0243,6384.5836,0.02154355,266.0243,266.0243,266.0243,332.5304,332.5304,6384.5836,0.02154355,1463.1337,1340.2688,5187.4742,5310.3391,0.01750413,0.01791872,0.00089765,16.2655,14.6936,0.3653,59.3804,1.1678,2646.0457,162.5536,12.4780,16.8648,9.0895,16.5695,22.0926,29.825,33.4482,44.5976,11.8163,0.0,2.018664,2.691552,0.981654,30,240,141,4,0.10479828,0.02244119,0.04150452,0E-8,0.000000,0.902668,0.011910,-0.02129501,2026-03-22,2026-08-05,112,5695,2177,137,0.817518,0.739886,0.767145,0.349328,,,,,,,,GLOBAL_BASELINE_NO_ENTITY_RANKING,,,NOT_APPLICABLE_GLOBAL_BASELINE,HF9g-P5,,,,X 全窗基线 · 不参与实体赏罚,14194157,1420,A168_HF9F_20260827_0900,2026-08-27 09:00:00
2026-04-02,110249610,1205,0,37.6076533280,-0.6021769264,-0.6021769264,0.6666667,9,9,0.50367176666666667,0.503671766667,0.9779957707801055,0.9779957707781104,0.9779957707801055,-3.3333E-13,ELIGIBLE,R03b_20260811_FULL_v1,L1_ELIGIBILITY,v2026-08-11,2026-03-21..2026-08-06,baccarat_bet02_101_all_pairs_incl_sentinel,round_win = game_pnl > 0 (decisive only),COMPATIBILITY_ONLY_NOT_PRODUCTION,296357.1217,267511.9505,6650.6079,18220,18206,-0.02244119,-0.04150452,-0.02020951,-0.02244119,-6650.6079,296357.1217,OK,0.0000,266.0243,4.0000,96.0000,AG03-UNRESOLVED,ALL5_LEVELS_bet23_to_bet27,266.0243,266.0243,266.0243,332.5304,332.5304,4.000000,4.000000,4.000000,5.000000,5.000000,96.000000,96.000000,96.000000,95.000000,95.000000,5.0,1463.1337,1340.2688,5187.4742,5310.3391,PENDING_AG03,FALSE,NOT_FOR_ENFORCEMENT,6384.5836,256811.4724,6650.6079,6384.5836,266.0243,0.02244119,0.02154355,266.0243,6384.5836,0.02154355,266.0243,266.0243,266.0243,332.5304,332.5304,6384.5836,0.02154355,1463.1337,1340.2688,5187.4742,5310.3391,0.01750413,0.01791872,0.00089765,16.2655,14.6936,0.3653,59.3804,1.1678,2646.0457,162.5536,12.4780,16.8648,9.0895,16.5695,22.0926,29.825,33.4482,44.5976,11.8163,0.0,2.018664,2.691552,0.981654,30,240,141,4,0.10479828,0.02244119,0.04150452,0E-8,0.000000,0.902668,0.011910,-0.02129501,2026-03-22,2026-08-05,112,5695,2177,137,0.817518,0.739886,0.767145,0.349328,,,,,,,,GLOBAL_BASELINE_NO_ENTITY_RANKING,,,NOT_APPLICABLE_GLOBAL_BASELINE,HF9g-P5,,,,X 全窗基线 · 不参与实体赏罚,14194158,1420,A168_HF9F_20260827_0900,2026-08-27 09:00:00
2026-04-02,110249610,1210,0,49.8784284320,-3.1813120640,-3.1813120640,0.4000000,11,11,0.49812011818181818,0.498120118182,-0.6205705016316515,-0.6205705016328007,-0.6205705016316515,-1.8182E-13,ELIGIBLE,R03b_20260811_FULL_v1,L1_ELIGIBILITY,v2026-08-11,2026-03-21..2026-08-06,baccarat_bet02_101_all_pairs_incl_sentinel,round_win = game_pnl > 0 (decisive only),COMPATIBILITY_ONLY_NOT_PRODUCTION,296357.1217,267511.9505,6650.6079,18220,18206,-0.02244119,-0.04150452,-0.02020951,-0.02244119,-6650.6079,296357.1217,OK,0.0000,266.0243,4.0000,96.0000,AG03-UNRESOLVED,ALL5_LEVELS_bet23_to_bet27,266.0243,266.0243,266.0243,332.5304,332.5304,4.000000,4.000000,4.000000,5.000000,5.000000,96.000000,96.000000,96.000000,95.000000,95.000000,5.0,1463.1337,1340.2688,5187.4742,5310.3391,PENDING_AG03,FALSE,NOT_FOR_ENFORCEMENT,6384.5836,256811.4724,6650.6079,6384.5836,266.0243,0.02244119,0.02154355,266.0243,6384.5836,0.02154355,266.0243,266.0243,266.0243,332.5304,332.5304,6384.5836,0.02154355,1463.1337,1340.2688,5187.4742,5310.3391,0.01750413,0.01791872,0.00089765,16.2655,14.6936,0.3653,59.3804,1.1678,2646.0457,162.5536,12.4780,16.8648,9.0895,16.5695,22.0926,29.825,33.4482,44.5976,11.8163,0.0,2.018664,2.691552,0.981654,30,240,141,4,0.10479828,0.02244119,0.04150452,0E-8,0.000000,0.902668,0.011910,-0.02129501,2026-03-22,2026-08-05,112,5695,2177,137,0.817518,0.739886,0.767145,0.349328,,,,,,,,GLOBAL_BASELINE_NO_ENTITY_RANKING,,,NOT_APPLICABLE_GLOBAL_BASELINE,HF9g-P5,,,,X 全窗基线 · 不参与实体赏罚,14194159,1420,A168_HF9F_20260827_0900,2026-08-27 09:00:00
2026-04-02,110249610,1306,0,43.0613311520,11.2538914264,11.2538914264,0.6666667,4,4,0.50665070000000000,0.506650700000,0.5543606114942035,0.5543606114942035,0.5543606114942035,0E-17,ELIGIBLE,R03b_20260811_FULL_v1,L1_ELIGIBILITY,v2026-08-11,2026-03-21..2026-08-06,baccarat_bet02_101_all_pairs_incl_sentinel,round_win = game_pnl > 0 (decisive only),COMPATIBILITY_ONLY_NOT_PRODUCTION,296357.1217,267511.9505,6650.6079,18220,18206,-0.02244119,-0.04150452,-0.02020951,-0.02244119,-6650.6079,296357.1217,OK,0.0000,266.0243,4.0000,96.0000,AG03-UNRESOLVED,ALL5_LEVELS_bet23_to_bet27,266.0243,266.0243,266.0243,332.5304,332.5304,4.000000,4.000000,4.000000,5.000000,5.000000,96.000000,96.000000,96.000000,95.000000,95.000000,5.0,1463.1337,1340.2688,5187.4742,5310.3391,PENDING_AG03,FALSE,NOT_FOR_ENFORCEMENT,6384.5836,256811.4724,6650.6079,6384.5836,266.0243,0.02244119,0.02154355,266.0243,6384.5836,0.02154355,266.0243,266.0243,266.0243,332.5304,332.5304,6384.5836,0.02154355,1463.1337,1340.2688,5187.4742,5310.3391,0.01750413,0.01791872,0.00089765,16.2655,14.6936,0.3653,59.3804,1.1678,2646.0457,162.5536,12.4780,16.8648,9.0895,16.5695,22.0926,29.825,33.4482,44.5976,11.8163,0.0,2.018664,2.691552,0.981654,30,240,141,4,0.10479828,0.02244119,0.04150452,0E-8,0.000000,0.902668,0.011910,-0.02129501,2026-03-22,2026-08-05,112,5695,2177,137,0.817518,0.739886,0.767145,0.349328,,,,,,,,GLOBAL_BASELINE_NO_ENTITY_RANKING,,,NOT_APPLICABLE_GLOBAL_BASELINE,HF9g-P5,,,,X 全窗基线 · 不参与实体赏罚,14194160,1420,A168_HF9F_20260827_0900,2026-08-27 09:00:00
2026-04-02,110249610,1382,0,7.3851887200,-0.6817097280,-0.6817097280,0.5000000,3,3,0.50665070000000000,0.506650700000,-0.018812684590367487,-0.018812684590367487,-0.018812684590367487,0E-17,ELIGIBLE,R03b_20260811_FULL_v1,L1_ELIGIBILITY,v2026-08-11,2026-03-21..2026-08-06,baccarat_bet02_101_all_pairs_incl_sentinel,round_win = game_pnl > 0 (decisive only),COMPATIBILITY_ONLY_NOT_PRODUCTION,296357.1217,267511.9505,6650.6079,18220,18206,-0.02244119,-0.04150452,-0.02020951,-0.02244119,-6650.6079,296357.1217,OK,0.0000,266.0243,4.0000,96.0000,AG03-UNRESOLVED,ALL5_LEVELS_bet23_to_bet27,266.0243,266.0243,266.0243,332.5304,332.5304,4.000000,4.000000,4.000000,5.000000,5.000000,96.000000,96.000000,96.000000,95.000000,95.000000,5.0,1463.1337,1340.2688,5187.4742,5310.3391,PENDING_AG03,FALSE,NOT_FOR_ENFORCEMENT,6384.5836,256811.4724,6650.6079,6384.5836,266.0243,0.02244119,0.02154355,266.0243,6384.5836,0.02154355,266.0243,266.0243,266.0243,332.5304,332.5304,6384.5836,0.02154355,1463.1337,1340.2688,5187.4742,5310.3391,0.01750413,0.01791872,0.00089765,16.2655,14.6936,0.3653,59.3804,1.1678,2646.0457,162.5536,12.4780,16.8648,9.0895,16.5695,22.0926,29.825,33.4482,44.5976,11.8163,0.0,2.018664,2.691552,0.981654,30,240,141,4,0.10479828,0.02244119,0.04150452,0E-8,0.000000,0.902668,0.011910,-0.02129501,2026-03-22,2026-08-05,112,5695,2177,137,0.817518,0.739886,0.767145,0.349328,,,,,,,,GLOBAL_BASELINE_NO_ENTITY_RANKING,,,NOT_APPLICABLE_GLOBAL_BASELINE,HF9g-P5,,,,X 全窗基线 · 不参与实体赏罚,14194161,1420,A168_HF9F_20260827_0900,2026-08-27 09:00:00
2026-04-02,110249610,1383,0,7.9532801600,-3.5221669280,-3.5221669280,0.3333333,3,3,0.50665070000000000,0.506650700000,-0.6004420894325239,-0.6004420894325239,-0.6004420894325239,0E-17,ELIGIBLE,R03b_20260811_FULL_v1,L1_ELIGIBILITY,v2026-08-11,2026-03-21..2026-08-06,baccarat_bet02_101_all_pairs_incl_sentinel,round_win = game_pnl > 0 (decisive only),COMPATIBILITY_ONLY_NOT_PRODUCTION,296357.1217,267511.9505,6650.6079,18220,18206,-0.02244119,-0.04150452,-0.02020951,-0.02244119,-6650.6079,296357.1217,OK,0.0000,266.0243,4.0000,96.0000,AG03-UNRESOLVED,ALL5_LEVELS_bet23_to_bet27,266.0243,266.0243,266.0243,332.5304,332.5304,4.000000,4.000000,4.000000,5.000000,5.000000,96.000000,96.000000,96.000000,95.000000,95.000000,5.0,1463.1337,1340.2688,5187.4742,5310.3391,PENDING_AG03,FALSE,NOT_FOR_ENFORCEMENT,6384.5836,256811.4724,6650.6079,6384.5836,266.0243,0.02244119,0.02154355,266.0243,6384.5836,0.02154355,266.0243,266.0243,266.0243,332.5304,332.5304,6384.5836,0.02154355,1463.1337,1340.2688,5187.4742,5310.3391,0.01750413,0.01791872,0.00089765,16.2655,14.6936,0.3653,59.3804,1.1678,2646.0457,162.5536,12.4780,16.8648,9.0895,16.5695,22.0926,29.825,33.4482,44.5976,11.8163,0.0,2.018664,2.691552,0.981654,30,240,141,4,0.10479828,0.02244119,0.04150452,0E-8,0.000000,0.902668,0.011910,-0.02129501,2026-03-22,2026-08-05,112,5695,2177,137,0.817518,0.739886,0.767145,0.349328,,,,,,,,GLOBAL_BASELINE_NO_ENTITY_RANKING,,,NOT_APPLICABLE_GLOBAL_BASELINE,HF9g-P5,,,,X 全窗基线 · 不参与实体赏罚,14194162,1420,A168_HF9F_20260827_0900,2026-08-27 09:00:00
2026-04-02,110249610,1402,0,2.2723657600,-2.2723657600,-2.2723657600,0E-7,1,1,0.50665070000000000,0.506650700000,-1.013391052207602,-1.013391052207602,-1.013391052207602,0E-17,ELIGIBLE,R03b_20260811_FULL_v1,L1_ELIGIBILITY,v2026-08-11,2026-03-21..2026-08-06,baccarat_bet02_101_all_pairs_incl_sentinel,round_win = game_pnl > 0 (decisive only),COMPATIBILITY_ONLY_NOT_PRODUCTION,296357.1217,267511.9505,6650.6079,18220,18206,-0.02244119,-0.04150452,-0.02020951,-0.02244119,-6650.6079,296357.1217,OK,0.0000,266.0243,4.0000,96.0000,AG03-UNRESOLVED,ALL5_LEVELS_bet23_to_bet27,266.0243,266.0243,266.0243,332.5304,332.5304,4.000000,4.000000,4.000000,5.000000,5.000000,96.000000,96.000000,96.000000,95.000000,95.000000,5.0,1463.1337,1340.2688,5187.4742,5310.3391,PENDING_AG03,FALSE,NOT_FOR_ENFORCEMENT,6384.5836,256811.4724,6650.6079,6384.5836,266.0243,0.02244119,0.02154355,266.0243,6384.5836,0.02154355,266.0243,266.0243,266.0243,332.5304,332.5304,6384.5836,0.02154355,1463.1337,1340.2688,5187.4742,5310.3391,0.01750413,0.01791872,0.00089765,16.2655,14.6936,0.3653,59.3804,1.1678,2646.0457,162.5536,12.4780,16.8648,9.0895,16.5695,22.0926,29.825,33.4482,44.5976,11.8163,0.0,2.018664,2.691552,0.981654,30,240,141,4,0.10479828,0.02244119,0.04150452,0E-8,0.000000,0.902668,0.011910,-0.02129501,2026-03-22,2026-08-05,112,5695,2177,137,0.817518,0.739886,0.767145,0.349328,,,,,,,,GLOBAL_BASELINE_NO_ENTITY_RANKING,,,NOT_APPLICABLE_GLOBAL_BASELINE,HF9g-P5,,,,X 全窗基线 · 不参与实体赏罚,14194163,1420,A168_HF9F_20260827_0900,2026-08-27 09:00:00
2026-04-02,110249610,1490,0,34.0854864000,-7.3851887200,-7.3851887200,0.5000000,5,5,0.50665070000000000,0.506650700000,-0.02660515369234503,-0.02660515369234503,-0.02660515369234503,0E-17,ELIGIBLE,R03b_20260811_FULL_v1,L1_ELIGIBILITY,v2026-08-11,2026-03-21..2026-08-06,baccarat_bet02_101_all_pairs_incl_sentinel,round_win = game_pnl > 0 (decisive only),COMPATIBILITY_ONLY_NOT_PRODUCTION,296357.1217,267511.9505,6650.6079,18220,18206,-0.02244119,-0.04150452,-0.02020951,-0.02244119,-6650.6079,296357.1217,OK,0.0000,266.0243,4.0000,96.0000,AG03-UNRESOLVED,ALL5_LEVELS_bet23_to_bet27,266.0243,266.0243,266.0243,332.5304,332.5304,4.000000,4.000000,4.000000,5.000000,5.000000,96.000000,96.000000,96.000000,95.000000,95.000000,5.0,1463.1337,1340.2688,5187.4742,5310.3391,PENDING_AG03,FALSE,NOT_FOR_ENFORCEMENT,6384.5836,256811.4724,6650.6079,6384.5836,266.0243,0.02244119,0.02154355,266.0243,6384.5836,0.02154355,266.0243,266.0243,266.0243,332.5304,332.5304,6384.5836,0.02154355,1463.1337,1340.2688,5187.4742,5310.3391,0.01750413,0.01791872,0.00089765,16.2655,14.6936,0.3653,59.3804,1.1678,2646.0457,162.5536,12.4780,16.8648,9.0895,16.5695,22.0926,29.825,33.4482,44.5976,11.8163,0.0,2.018664,2.691552,0.981654,30,240,141,4,0.10479828,0.02244119,0.04150452,0E-8,0.000000,0.902668,0.011910,-0.02129501,2026-03-22,2026-08-05,112,5695,2177,137,0.817518,0.739886,0.767145,0.349328,,,,,,,,GLOBAL_BASELINE_NO_ENTITY_RANKING,,,NOT_APPLICABLE_GLOBAL_BASELINE,HF9g-P5,,,,X 全窗基线 · 不参与实体赏罚,14194164,1420,A168_HF9F_20260827_0900,2026-08-27 09:00:00
2026-04-02,110249610,1645,0,5.6809144000,-5.6809144000,-5.6809144000,0E-7,1,1,0.49324550000000000,0.493245500000,-0.9865810262130424,-0.9865810262130424,-0.9865810262130424,0E-17,ELIGIBLE,R03b_20260811_FULL_v1,L1_ELIGIBILITY,v2026-08-11,2026-03-21..2026-08-06,baccarat_bet02_101_all_pairs_incl_sentinel,round_win = game_pnl > 0 (decisive only),COMPATIBILITY_ONLY_NOT_PRODUCTION,296357.1217,267511.9505,6650.6079,18220,18206,-0.02244119,-0.04150452,-0.02020951,-0.02244119,-6650.6079,296357.1217,OK,0.0000,266.0243,4.0000,96.0000,AG03-UNRESOLVED,ALL5_LEVELS_bet23_to_bet27,266.0243,266.0243,266.0243,332.5304,332.5304,4.000000,4.000000,4.000000,5.000000,5.000000,96.000000,96.000000,96.000000,95.000000,95.000000,5.0,1463.1337,1340.2688,5187.4742,5310.3391,PENDING_AG03,FALSE,NOT_FOR_ENFORCEMENT,6384.5836,256811.4724,6650.6079,6384.5836,266.0243,0.02244119,0.02154355,266.0243,6384.5836,0.02154355,266.0243,266.0243,266.0243,332.5304,332.5304,6384.5836,0.02154355,1463.1337,1340.2688,5187.4742,5310.3391,0.01750413,0.01791872,0.00089765,16.2655,14.6936,0.3653,59.3804,1.1678,2646.0457,162.5536,12.4780,16.8648,9.0895,16.5695,22.0926,29.825,33.4482,44.5976,11.8163,0.0,2.018664,2.691552,0.981654,30,240,141,4,0.10479828,0.02244119,0.04150452,0E-8,0.000000,0.902668,0.011910,-0.02129501,2026-03-22,2026-08-05,112,5695,2177,137,0.817518,0.739886,0.767145,0.349328,,,,,,,,GLOBAL_BASELINE_NO_ENTITY_RANKING,,,NOT_APPLICABLE_GLOBAL_BASELINE,HF9g-P5,,,,X 全窗基线 · 不参与实体赏罚,14194165,1420,A168_HF9F_20260827_0900,2026-08-27 09:00:00
2026-04-02,110249610,1654,0,30.6769377600,-7.9532801600,-7.9532801600,0.3333333,4,4,0.49324550000000000,0.493245500000,-0.5540025479526107,-0.5540025479526106,-0.5540025479526107,0E-17,ELIGIBLE,R03b_20260811_FULL_v1,L1_ELIGIBILITY,v2026-08-11,2026-03-21..2026-08-06,baccarat_bet02_101_all_pairs_incl_sentinel,round_win = game_pnl > 0 (decisive only),COMPATIBILITY_ONLY_NOT_PRODUCTION,296357.1217,267511.9505,6650.6079,18220,18206,-0.02244119,-0.04150452,-0.02020951,-0.02244119,-6650.6079,296357.1217,OK,0.0000,266.0243,4.0000,96.0000,AG03-UNRESOLVED,ALL5_LEVELS_bet23_to_bet27,266.0243,266.0243,266.0243,332.5304,332.5304,4.000000,4.000000,4.000000,5.000000,5.000000,96.000000,96.000000,96.000000,95.000000,95.000000,5.0,1463.1337,1340.2688,5187.4742,5310.3391,PENDING_AG03,FALSE,NOT_FOR_ENFORCEMENT,6384.5836,256811.4724,6650.6079,6384.5836,266.0243,0.02244119,0.02154355,266.0243,6384.5836,0.02154355,266.0243,266.0243,266.0243,332.5304,332.5304,6384.5836,0.02154355,1463.1337,1340.2688,5187.4742,5310.3391,0.01750413,0.01791872,0.00089765,16.2655,14.6936,0.3653,59.3804,1.1678,2646.0457,162.5536,12.4780,16.8648,9.0895,16.5695,22.0926,29.825,33.4482,44.5976,11.8163,0.0,2.018664,2.691552,0.981654,30,240,141,4,0.10479828,0.02244119,0.04150452,0E-8,0.000000,0.902668,0.011910,-0.02129501,2026-03-22,2026-08-05,112,5695,2177,137,0.817518,0.739886,0.767145,0.349328,,,,,,,,GLOBAL_BASELINE_NO_ENTITY_RANKING,,,NOT_APPLICABLE_GLOBAL_BASELINE,HF9g-P5,,,,X 全窗基线 · 不参与实体赏罚,14194166,1420,A168_HF9F_20260827_0900,2026-08-27 09:00:00
2026-04-02,110249610,1951,0,2.2723657600,-2.2723657600,-2.2723657600,0E-7,1,1,0.50665070000000000,0.506650700000,-1.013391052207602,-1.013391052207602,-1.013391052207602,0E-17,ELIGIBLE,R03b_20260811_FULL_v1,L1_ELIGIBILITY,v2026-08-11,2026-03-21..2026-08-06,baccarat_bet02_101_all_pairs_incl_sentinel,round_win = game_pnl > 0 (decisive only),COMPATIBILITY_ONLY_NOT_PRODUCTION,296357.1217,267511.9505,6650.6079,18220,18206,-0.02244119,-0.04150452,-0.02020951,-0.02244119,-6650.6079,296357.1217,OK,0.0000,266.0243,4.0000,96.0000,AG03-UNRESOLVED,ALL5_LEVELS_bet23_to_bet27,266.0243,266.0243,266.0243,332.5304,332.5304,4.000000,4.000000,4.000000,5.000000,5.000000,96.000000,96.000000,96.000000,95.000000,95.000000,5.0,1463.1337,1340.2688,5187.4742,5310.3391,PENDING_AG03,FALSE,NOT_FOR_ENFORCEMENT,6384.5836,256811.4724,6650.6079,6384.5836,266.0243,0.02244119,0.02154355,266.0243,6384.5836,0.02154355,266.0243,266.0243,266.0243,332.5304,332.5304,6384.5836,0.02154355,1463.1337,1340.2688,5187.4742,5310.3391,0.01750413,0.01791872,0.00089765,16.2655,14.6936,0.3653,59.3804,1.1678,2646.0457,162.5536,12.4780,16.8648,9.0895,16.5695,22.0926,29.825,33.4482,44.5976,11.8163,0.0,2.018664,2.691552,0.981654,30,240,141,4,0.10479828,0.02244119,0.04150452,0E-8,0.000000,0.902668,0.011910,-0.02129501,2026-03-22,2026-08-05,112,5695,2177,137,0.817518,0.739886,0.767145,0.349328,,,,,,,,GLOBAL_BASELINE_NO_ENTITY_RANKING,,,NOT_APPLICABLE_GLOBAL_BASELINE,HF9g-P5,,,,X 全窗基线 · 不参与实体赏罚,14194167,1420,A168_HF9F_20260827_0900,2026-08-27 09:00:00
2026-04-02,110249610,2090,0,4.5447315200,-2.2723657600,-2.2723657600,0E-7,2,2,0.50665070000000000,0.506650700000,-1.013391052207602,-1.013391052207602,-1.013391052207602,0E-17,ELIGIBLE,R03b_20260811_FULL_v1,L1_ELIGIBILITY,v2026-08-11,2026-03-21..2026-08-06,baccarat_bet02_101_all_pairs_incl_sentinel,round_win = game_pnl > 0 (decisive only),COMPATIBILITY_ONLY_NOT_PRODUCTION,296357.1217,267511.9505,6650.6079,18220,18206,-0.02244119,-0.04150452,-0.02020951,-0.02244119,-6650.6079,296357.1217,OK,0.0000,266.0243,4.0000,96.0000,AG03-UNRESOLVED,ALL5_LEVELS_bet23_to_bet27,266.0243,266.0243,266.0243,332.5304,332.5304,4.000000,4.000000,4.000000,5.000000,5.000000,96.000000,96.000000,96.000000,95.000000,95.000000,5.0,1463.1337,1340.2688,5187.4742,5310.3391,PENDING_AG03,FALSE,NOT_FOR_ENFORCEMENT,6384.5836,256811.4724,6650.6079,6384.5836,266.0243,0.02244119,0.02154355,266.0243,6384.5836,0.02154355,266.0243,266.0243,266.0243,332.5304,332.5304,6384.5836,0.02154355,1463.1337,1340.2688,5187.4742,5310.3391,0.01750413,0.01791872,0.00089765,16.2655,14.6936,0.3653,59.3804,1.1678,2646.0457,162.5536,12.4780,16.8648,9.0895,16.5695,22.0926,29.825,33.4482,44.5976,11.8163,0.0,2.018664,2.691552,0.981654,30,240,141,4,0.10479828,0.02244119,0.04150452,0E-8,0.000000,0.902668,0.011910,-0.02129501,2026-03-22,2026-08-05,112,5695,2177,137,0.817518,0.739886,0.767145,0.349328,,,,,,,,GLOBAL_BASELINE_NO_ENTITY_RANKING,,,NOT_APPLICABLE_GLOBAL_BASELINE,HF9g-P5,,,,X 全窗基线 · 不参与实体赏罚,14194168,1420,A168_HF9F_20260827_0900,2026-08-27 09:00:00
2026-04-02,110249610,2103,0,14.7703774400,5.6809144000,5.6809144000,1.0000000,2,2,0.49324550000000000,0.493245500000,1.01360149184955,1.01360149184955,1.01360149184955,0E-17,ELIGIBLE,R03b_20260811_FULL_v1,L1_ELIGIBILITY,v2026-08-11,2026-03-21..2026-08-06,baccarat_bet02_101_all_pairs_incl_sentinel,round_win = game_pnl > 0 (decisive only),COMPATIBILITY_ONLY_NOT_PRODUCTION,296357.1217,267511.9505,6650.6079,18220,18206,-0.02244119,-0.04150452,-0.02020951,-0.02244119,-6650.6079,296357.1217,OK,0.0000,266.0243,4.0000,96.0000,AG03-UNRESOLVED,ALL5_LEVELS_bet23_to_bet27,266.0243,266.0243,266.0243,332.5304,332.5304,4.000000,4.000000,4.000000,5.000000,5.000000,96.000000,96.000000,96.000000,95.000000,95.000000,5.0,1463.1337,1340.2688,5187.4742,5310.3391,PENDING_AG03,FALSE,NOT_FOR_ENFORCEMENT,6384.5836,256811.4724,6650.6079,6384.5836,266.0243,0.02244119,0.02154355,266.0243,6384.5836,0.02154355,266.0243,266.0243,266.0243,332.5304,332.5304,6384.5836,0.02154355,1463.1337,1340.2688,5187.4742,5310.3391,0.01750413,0.01791872,0.00089765,16.2655,14.6936,0.3653,59.3804,1.1678,2646.0457,162.5536,12.4780,16.8648,9.0895,16.5695,22.0926,29.825,33.4482,44.5976,11.8163,0.0,2.018664,2.691552,0.981654,30,240,141,4,0.10479828,0.02244119,0.04150452,0E-8,0.000000,0.902668,0.011910,-0.02129501,2026-03-22,2026-08-05,112,5695,2177,137,0.817518,0.739886,0.767145,0.349328,,,,,,,,GLOBAL_BASELINE_NO_ENTITY_RANKING,,,NOT_APPLICABLE_GLOBAL_BASELINE,HF9g-P5,,,,X 全窗基线 · 不参与实体赏罚,14194169,1420,A168_HF9F_20260827_0900,2026-08-27 09:00:00
2026-04-02,110249610,2106,0,32.4948303680,-10.2256459200,-10.2256459200,0.5000000,4,4,0.50329940000000000,0.503299400000,-0.01319788734859681,-0.01319788734859681,-0.01319788734859681,0E-17,ELIGIBLE,R03b_20260811_FULL_v1,L1_ELIGIBILITY,v2026-08-11,2026-03-21..2026-08-06,baccarat_bet02_101_all_pairs_incl_sentinel,round_win = game_pnl > 0 (decisive only),COMPATIBILITY_ONLY_NOT_PRODUCTION,296357.1217,267511.9505,6650.6079,18220,18206,-0.02244119,-0.04150452,-0.02020951,-0.02244119,-6650.6079,296357.1217,OK,0.0000,266.0243,4.0000,96.0000,AG03-UNRESOLVED,ALL5_LEVELS_bet23_to_bet27,266.0243,266.0243,266.0243,332.5304,332.5304,4.000000,4.000000,4.000000,5.000000,5.000000,96.000000,96.000000,96.000000,95.000000,95.000000,5.0,1463.1337,1340.2688,5187.4742,5310.3391,PENDING_AG03,FALSE,NOT_FOR_ENFORCEMENT,6384.5836,256811.4724,6650.6079,6384.5836,266.0243,0.02244119,0.02154355,266.0243,6384.5836,0.02154355,266.0243,266.0243,266.0243,332.5304,332.5304,6384.5836,0.02154355,1463.1337,1340.2688,5187.4742,5310.3391,0.01750413,0.01791872,0.00089765,16.2655,14.6936,0.3653,59.3804,1.1678,2646.0457,162.5536,12.4780,16.8648,9.0895,16.5695,22.0926,29.825,33.4482,44.5976,11.8163,0.0,2.018664,2.691552,0.981654,30,240,141,4,0.10479828,0.02244119,0.04150452,0E-8,0.000000,0.902668,0.011910,-0.02129501,2026-03-22,2026-08-05,112,5695,2177,137,0.817518,0.739886,0.767145,0.349328,,,,,,,,GLOBAL_BASELINE_NO_ENTITY_RANKING,,,NOT_APPLICABLE_GLOBAL_BASELINE,HF9g-P5,,,,X 全窗基线 · 不参与实体赏罚,14194170,1420,A168_HF9F_20260827_0900,2026-08-27 09:00:00
2026-04-02,110249610,2156,0,98.5070556957,-8.6065853158,-8.6065853158,0.5000000,8,8,0.50497505000000000,0.504975050000,-0.02437387448103841,-0.02437387448103841,-0.02437387448103841,0E-17,ELIGIBLE,R03b_20260811_FULL_v1,L1_ELIGIBILITY,v2026-08-11,2026-03-21..2026-08-06,baccarat_bet02_101_all_pairs_incl_sentinel,round_win = game_pnl > 0 (decisive only),COMPATIBILITY_ONLY_NOT_PRODUCTION,296357.1217,267511.9505,6650.6079,18220,18206,-0.02244119,-0.04150452,-0.02020951,-0.02244119,-6650.6079,296357.1217,OK,0.0000,266.0243,4.0000,96.0000,AG03-UNRESOLVED,ALL5_LEVELS_bet23_to_bet27,266.0243,266.0243,266.0243,332.5304,332.5304,4.000000,4.000000,4.000000,5.000000,5.000000,96.000000,96.000000,96.000000,95.000000,95.000000,5.0,1463.1337,1340.2688,5187.4742,5310.3391,PENDING_AG03,FALSE,NOT_FOR_ENFORCEMENT,6384.5836,256811.4724,6650.6079,6384.5836,266.0243,0.02244119,0.02154355,266.0243,6384.5836,0.02154355,266.0243,266.0243,266.0243,332.5304,332.5304,6384.5836,0.02154355,1463.1337,1340.2688,5187.4742,5310.3391,0.01750413,0.01791872,0.00089765,16.2655,14.6936,0.3653,59.3804,1.1678,2646.0457,162.5536,12.4780,16.8648,9.0895,16.5695,22.0926,29.825,33.4482,44.5976,11.8163,0.0,2.018664,2.691552,0.981654,30,240,141,4,0.10479828,0.02244119,0.04150452,0E-8,0.000000,0.902668,0.011910,-0.02129501,2026-03-22,2026-08-05,112,5695,2177,137,0.817518,0.739886,0.767145,0.349328,,,,,,,,GLOBAL_BASELINE_NO_ENTITY_RANKING,,,NOT_APPLICABLE_GLOBAL_BASELINE,HF9g-P5,,,,X 全窗基线 · 不参与实体赏罚,14194171,1420,A168_HF9F_20260827_0900,2026-08-27 09:00:00
2026-04-02,110249610,2160,0,34.0854864000,21.3034290000,21.3034290000,0.7500000,4,4,0.50329940000000000,0.503299400000,0.9868238854431842,0.9868238854431842,0.9868238854431842,0E-17,ELIGIBLE,R03b_20260811_FULL_v1,L1_ELIGIBILITY,v2026-08-11,2026-03-21..2026-08-06,baccarat_bet02_101_all_pairs_incl_sentinel,round_win = game_pnl > 0 (decisive only),COMPATIBILITY_ONLY_NOT_PRODUCTION,296357.1217,267511.9505,6650.6079,18220,18206,-0.02244119,-0.04150452,-0.02020951,-0.02244119,-6650.6079,296357.1217,OK,0.0000,266.0243,4.0000,96.0000,AG03-UNRESOLVED,ALL5_LEVELS_bet23_to_bet27,266.0243,266.0243,266.0243,332.5304,332.5304,4.000000,4.000000,4.000000,5.000000,5.000000,96.000000,96.000000,96.000000,95.000000,95.000000,5.0,1463.1337,1340.2688,5187.4742,5310.3391,PENDING_AG03,FALSE,NOT_FOR_ENFORCEMENT,6384.5836,256811.4724,6650.6079,6384.5836,266.0243,0.02244119,0.02154355,266.0243,6384.5836,0.02154355,266.0243,266.0243,266.0243,332.5304,332.5304,6384.5836,0.02154355,1463.1337,1340.2688,5187.4742,5310.3391,0.01750413,0.01791872,0.00089765,16.2655,14.6936,0.3653,59.3804,1.1678,2646.0457,162.5536,12.4780,16.8648,9.0895,16.5695,22.0926,29.825,33.4482,44.5976,11.8163,0.0,2.018664,2.691552,0.981654,30,240,141,4,0.10479828,0.02244119,0.04150452,0E-8,0.000000,0.902668,0.011910,-0.02129501,2026-03-22,2026-08-05,112,5695,2177,137,0.817518,0.739886,0.767145,0.349328,,,,,,,,GLOBAL_BASELINE_NO_ENTITY_RANKING,,,NOT_APPLICABLE_GLOBAL_BASELINE,HF9g-P5,,,,X 全窗基线 · 不参与实体赏罚,14194172,1420,A168_HF9F_20260827_0900,2026-08-27 09:00:00
2026-04-02,110249610,2171,0,5.5672961120,-5.5672961120,-5.5672961120,0E-7,1,1,0.50665070000000000,0.506650700000,-1.013391052207602,-1.013391052207602,-1.013391052207602,0E-17,ELIGIBLE,R03b_20260811_FULL_v1,L1_ELIGIBILITY,v2026-08-11,2026-03-21..2026-08-06,baccarat_bet02_101_all_pairs_incl_sentinel,round_win = game_pnl > 0 (decisive only),COMPATIBILITY_ONLY_NOT_PRODUCTION,296357.1217,267511.9505,6650.6079,18220,18206,-0.02244119,-0.04150452,-0.02020951,-0.02244119,-6650.6079,296357.1217,OK,0.0000,266.0243,4.0000,96.0000,AG03-UNRESOLVED,ALL5_LEVELS_bet23_to_bet27,266.0243,266.0243,266.0243,332.5304,332.5304,4.000000,4.000000,4.000000,5.000000,5.000000,96.000000,96.000000,96.000000,95.000000,95.000000,5.0,1463.1337,1340.2688,5187.4742,5310.3391,PENDING_AG03,FALSE,NOT_FOR_ENFORCEMENT,6384.5836,256811.4724,6650.6079,6384.5836,266.0243,0.02244119,0.02154355,266.0243,6384.5836,0.02154355,266.0243,266.0243,266.0243,332.5304,332.5304,6384.5836,0.02154355,1463.1337,1340.2688,5187.4742,5310.3391,0.01750413,0.01791872,0.00089765,16.2655,14.6936,0.3653,59.3804,1.1678,2646.0457,162.5536,12.4780,16.8648,9.0895,16.5695,22.0926,29.825,33.4482,44.5976,11.8163,0.0,2.018664,2.691552,0.981654,30,240,141,4,0.10479828,0.02244119,0.04150452,0E-8,0.000000,0.902668,0.011910,-0.02129501,2026-03-22,2026-08-05,112,5695,2177,137,0.817518,0.739886,0.767145,0.349328,,,,,,,,GLOBAL_BASELINE_NO_ENTITY_RANKING,,,NOT_APPLICABLE_GLOBAL_BASELINE,HF9g-P5,,,,X 全窗基线 · 不参与实体赏罚,14194173,1420,A168_HF9F_20260827_0900,2026-08-27 09:00:00
2026-04-02,110249610,2196,0,12.4980116800,-10.2256459200,-10.2256459200,0E-7,3,3,0.50665070000000000,0.506650700000,-1.4331513700195317,-1.4331513700195317,-1.4331513700195317,0E-17,ELIGIBLE,R03b_20260811_FULL_v1,L1_ELIGIBILITY,v2026-08-11,2026-03-21..2026-08-06,baccarat_bet02_101_all_pairs_incl_sentinel,round_win = game_pnl > 0 (decisive only),COMPATIBILITY_ONLY_NOT_PRODUCTION,296357.1217,267511.9505,6650.6079,18220,18206,-0.02244119,-0.04150452,-0.02020951,-0.02244119,-6650.6079,296357.1217,OK,0.0000,266.0243,4.0000,96.0000,AG03-UNRESOLVED,ALL5_LEVELS_bet23_to_bet27,266.0243,266.0243,266.0243,332.5304,332.5304,4.000000,4.000000,4.000000,5.000000,5.000000,96.000000,96.000000,96.000000,95.000000,95.000000,5.0,1463.1337,1340.2688,5187.4742,5310.3391,PENDING_AG03,FALSE,NOT_FOR_ENFORCEMENT,6384.5836,256811.4724,6650.6079,6384.5836,266.0243,0.02244119,0.02154355,266.0243,6384.5836,0.02154355,266.0243,266.0243,266.0243,332.5304,332.5304,6384.5836,0.02154355,1463.1337,1340.2688,5187.4742,5310.3391,0.01750413,0.01791872,0.00089765,16.2655,14.6936,0.3653,59.3804,1.1678,2646.0457,162.5536,12.4780,16.8648,9.0895,16.5695,22.0926,29.825,33.4482,44.5976,11.8163,0.0,2.018664,2.691552,0.981654,30,240,141,4,0.10479828,0.02244119,0.04150452,0E-8,0.000000,0.902668,0.011910,-0.02129501,2026-03-22,2026-08-05,112,5695,2177,137,0.817518,0.739886,0.767145,0.349328,,,,,,,,GLOBAL_BASELINE_NO_ENTITY_RANKING,,,NOT_APPLICABLE_GLOBAL_BASELINE,HF9g-P5,,,,X 全窗基线 · 不参与实体赏罚,14194174,1420,A168_HF9F_20260827_0900,2026-08-27 09:00:00
2026-04-02,110249610,2201,0,5.6809144000,-5.6809144000,-5.6809144000,0E-7,1,1,0.49324550000000000,0.493245500000,-0.9865810262130424,-0.9865810262130424,-0.9865810262130424,0E-17,ELIGIBLE,R03b_20260811_FULL_v1,L1_ELIGIBILITY,v2026-08-11,2026-03-21..2026-08-06,baccarat_bet02_101_all_pairs_incl_sentinel,round_win = game_pnl > 0 (decisive only),COMPATIBILITY_ONLY_NOT_PRODUCTION,296357.1217,267511.9505,6650.6079,18220,18206,-0.02244119,-0.04150452,-0.02020951,-0.02244119,-6650.6079,296357.1217,OK,0.0000,266.0243,4.0000,96.0000,AG03-UNRESOLVED,ALL5_LEVELS_bet23_to_bet27,266.0243,266.0243,266.0243,332.5304,332.5304,4.000000,4.000000,4.000000,5.000000,5.000000,96.000000,96.000000,96.000000,95.000000,95.000000,5.0,1463.1337,1340.2688,5187.4742,5310.3391,PENDING_AG03,FALSE,NOT_FOR_ENFORCEMENT,6384.5836,256811.4724,6650.6079,6384.5836,266.0243,0.02244119,0.02154355,266.0243,6384.5836,0.02154355,266.0243,266.0243,266.0243,332.5304,332.5304,6384.5836,0.02154355,1463.1337,1340.2688,5187.4742,5310.3391,0.01750413,0.01791872,0.00089765,16.2655,14.6936,0.3653,59.3804,1.1678,2646.0457,162.5536,12.4780,16.8648,9.0895,16.5695,22.0926,29.825,33.4482,44.5976,11.8163,0.0,2.018664,2.691552,0.981654,30,240,141,4,0.10479828,0.02244119,0.04150452,0E-8,0.000000,0.902668,0.011910,-0.02129501,2026-03-22,2026-08-05,112,5695,2177,137,0.817518,0.739886,0.767145,0.349328,,,,,,,,GLOBAL_BASELINE_NO_ENTITY_RANKING,,,NOT_APPLICABLE_GLOBAL_BASELINE,HF9g-P5,,,,X 全窗基线 · 不参与实体赏罚,14194175,1420,A168_HF9F_20260827_0900,2026-08-27 09:00:00
2026-04-02,110249610,2212,0,11.5890653760,-11.5890653760,-11.5890653760,0E-7,2,2,0.49324550000000000,0.493245500000,-1.3952362676504506,-1.3952362676504506,-1.3952362676504506,0E-17,ELIGIBLE,R03b_20260811_FULL_v1,L1_ELIGIBILITY,v2026-08-11,2026-03-21..2026-08-06,baccarat_bet02_101_all_pairs_incl_sentinel,round_win = game_pnl > 0 (decisive only),COMPATIBILITY_ONLY_NOT_PRODUCTION,296357.1217,267511.9505,6650.6079,18220,18206,-0.02244119,-0.04150452,-0.02020951,-0.02244119,-6650.6079,296357.1217,OK,0.0000,266.0243,4.0000,96.0000,AG03-UNRESOLVED,ALL5_LEVELS_bet23_to_bet27,266.0243,266.0243,266.0243,332.5304,332.5304,4.000000,4.000000,4.000000,5.000000,5.000000,96.000000,96.000000,96.000000,95.000000,95.000000,5.0,1463.1337,1340.2688,5187.4742,5310.3391,PENDING_AG03,FALSE,NOT_FOR_ENFORCEMENT,6384.5836,256811.4724,6650.6079,6384.5836,266.0243,0.02244119,0.02154355,266.0243,6384.5836,0.02154355,266.0243,266.0243,266.0243,332.5304,332.5304,6384.5836,0.02154355,1463.1337,1340.2688,5187.4742,5310.3391,0.01750413,0.01791872,0.00089765,16.2655,14.6936,0.3653,59.3804,1.1678,2646.0457,162.5536,12.4780,16.8648,9.0895,16.5695,22.0926,29.825,33.4482,44.5976,11.8163,0.0,2.018664,2.691552,0.981654,30,240,141,4,0.10479828,0.02244119,0.04150452,0E-8,0.000000,0.902668,0.011910,-0.02129501,2026-03-22,2026-08-05,112,5695,2177,137,0.817518,0.739886,0.767145,0.349328,,,,,,,,GLOBAL_BASELINE_NO_ENTITY_RANKING,,,NOT_APPLICABLE_GLOBAL_BASELINE,HF9g-P5,,,,X 全窗基线 · 不参与实体赏罚,14194176,1420,A168_HF9F_20260827_0900,2026-08-27 09:00:00
2026-04-02,110249610,2218,0,36.3578521600,8.0668984480,8.0668984480,0.8333333,7,7,0.50665070000000000,0.506650700000,1.6005531159783741,1.6005531159783741,1.6005531159783741,0E-17,ELIGIBLE,R03b_20260811_FULL_v1,L1_ELIGIBILITY,v2026-08-11,2026-03-21..2026-08-06,baccarat_bet02_101_all_pairs_incl_sentinel,round_win = game_pnl > 0 (decisive only),COMPATIBILITY_ONLY_NOT_PRODUCTION,296357.1217,267511.9505,6650.6079,18220,18206,-0.02244119,-0.04150452,-0.02020951,-0.02244119,-6650.6079,296357.1217,OK,0.0000,266.0243,4.0000,96.0000,AG03-UNRESOLVED,ALL5_LEVELS_bet23_to_bet27,266.0243,266.0243,266.0243,332.5304,332.5304,4.000000,4.000000,4.000000,5.000000,5.000000,96.000000,96.000000,96.000000,95.000000,95.000000,5.0,1463.1337,1340.2688,5187.4742,5310.3391,PENDING_AG03,FALSE,NOT_FOR_ENFORCEMENT,6384.5836,256811.4724,6650.6079,6384.5836,266.0243,0.02244119,0.02154355,266.0243,6384.5836,0.02154355,266.0243,266.0243,266.0243,332.5304,332.5304,6384.5836,0.02154355,1463.1337,1340.2688,5187.4742,5310.3391,0.01750413,0.01791872,0.00089765,16.2655,14.6936,0.3653,59.3804,1.1678,2646.0457,162.5536,12.4780,16.8648,9.0895,16.5695,22.0926,29.825,33.4482,44.5976,11.8163,0.0,2.018664,2.691552,0.981654,30,240,141,4,0.10479828,0.02244119,0.04150452,0E-8,0.000000,0.902668,0.011910,-0.02129501,2026-03-22,2026-08-05,112,5695,2177,137,0.817518,0.739886,0.767145,0.349328,,,,,,,,GLOBAL_BASELINE_NO_ENTITY_RANKING,,,NOT_APPLICABLE_GLOBAL_BASELINE,HF9g-P5,,,,X 全窗基线 · 不参与实体赏罚,14194177,1420,A168_HF9F_20260827_0900,2026-08-27 09:00:00
2026-04-02,110249610,2220,0,2.2723657600,-2.2723657600,-2.2723657600,0E-7,1,1,0.50665070000000000,0.506650700000,-1.013391052207602,-1.013391052207602,-1.013391052207602,0E-17,ELIGIBLE,R03b_20260811_FULL_v1,L1_ELIGIBILITY,v2026-08-11,2026-03-21..2026-08-06,baccarat_bet02_101_all_pairs_incl_sentinel,round_win = game_pnl > 0 (decisive only),COMPATIBILITY_ONLY_NOT_PRODUCTION,296357.1217,267511.9505,6650.6079,18220,18206,-0.02244119,-0.04150452,-0.02020951,-0.02244119,-6650.6079,296357.1217,OK,0.0000,266.0243,4.0000,96.0000,AG03-UNRESOLVED,ALL5_LEVELS_bet23_to_bet27,266.0243,266.0243,266.0243,332.5304,332.5304,4.000000,4.000000,4.000000,5.000000,5.000000,96.000000,96.000000,96.000000,95.000000,95.000000,5.0,1463.1337,1340.2688,5187.4742,5310.3391,PENDING_AG03,FALSE,NOT_FOR_ENFORCEMENT,6384.5836,256811.4724,6650.6079,6384.5836,266.0243,0.02244119,0.02154355,266.0243,6384.5836,0.02154355,266.0243,266.0243,266.0243,332.5304,332.5304,6384.5836,0.02154355,1463.1337,1340.2688,5187.4742,5310.3391,0.01750413,0.01791872,0.00089765,16.2655,14.6936,0.3653,59.3804,1.1678,2646.0457,162.5536,12.4780,16.8648,9.0895,16.5695,22.0926,29.825,33.4482,44.5976,11.8163,0.0,2.018664,2.691552,0.981654,30,240,141,4,0.10479828,0.02244119,0.04150452,0E-8,0.000000,0.902668,0.011910,-0.02129501,2026-03-22,2026-08-05,112,5695,2177,137,0.817518,0.739886,0.767145,0.349328,,,,,,,,GLOBAL_BASELINE_NO_ENTITY_RANKING,,,NOT_APPLICABLE_GLOBAL_BASELINE,HF9g-P5,,,,X 全窗基线 · 不参与实体赏罚,14194178,1420,A168_HF9F_20260827_0900,2026-08-27 09:00:00
2026-04-02,110249610,2224,0,23.8598404800,-23.8598404800,-23.8598404800,0E-7,4,4,0.50329940000000000,0.503299400000,-2.013241432932159,-2.013241432932159,-2.013241432932159,0E-17,ELIGIBLE,R03b_20260811_FULL_v1,L1_ELIGIBILITY,v2026-08-11,2026-03-21..2026-08-06,baccarat_bet02_101_all_pairs_incl_sentinel,round_win = game_pnl > 0 (decisive only),COMPATIBILITY_ONLY_NOT_PRODUCTION,296357.1217,267511.9505,6650.6079,18220,18206,-0.02244119,-0.04150452,-0.02020951,-0.02244119,-6650.6079,296357.1217,OK,0.0000,266.0243,4.0000,96.0000,AG03-UNRESOLVED,ALL5_LEVELS_bet23_to_bet27,266.0243,266.0243,266.0243,332.5304,332.5304,4.000000,4.000000,4.000000,5.000000,5.000000,96.000000,96.000000,96.000000,95.000000,95.000000,5.0,1463.1337,1340.2688,5187.4742,5310.3391,PENDING_AG03,FALSE,NOT_FOR_ENFORCEMENT,6384.5836,256811.4724,6650.6079,6384.5836,266.0243,0.02244119,0.02154355,266.0243,6384.5836,0.02154355,266.0243,266.0243,266.0243,332.5304,332.5304,6384.5836,0.02154355,1463.1337,1340.2688,5187.4742,5310.3391,0.01750413,0.01791872,0.00089765,16.2655,14.6936,0.3653,59.3804,1.1678,2646.0457,162.5536,12.4780,16.8648,9.0895,16.5695,22.0926,29.825,33.4482,44.5976,11.8163,0.0,2.018664,2.691552,0.981654,30,240,141,4,0.10479828,0.02244119,0.04150452,0E-8,0.000000,0.902668,0.011910,-0.02129501,2026-03-22,2026-08-05,112,5695,2177,137,0.817518,0.739886,0.767145,0.349328,,,,,,,,GLOBAL_BASELINE_NO_ENTITY_RANKING,,,NOT_APPLICABLE_GLOBAL_BASELINE,HF9g-P5,,,,X 全窗基线 · 不参与实体赏罚,14194179,1420,A168_HF9F_20260827_0900,2026-08-27 09:00:00
2026-04-02,110249610,2232,0,40.9025836800,-4.2890903720,-4.2890903720,0.4285714,8,8,0.50665070000000000,0.506650700000,-0.4131932236838825,-0.4131932236838825,-0.4131932236838825,0E-17,ELIGIBLE,R03b_20260811_FULL_v1,L1_ELIGIBILITY,v2026-08-11,2026-03-21..2026-08-06,baccarat_bet02_101_all_pairs_incl_sentinel,round_win = game_pnl > 0 (decisive only),COMPATIBILITY_ONLY_NOT_PRODUCTION,296357.1217,267511.9505,6650.6079,18220,18206,-0.02244119,-0.04150452,-0.02020951,-0.02244119,-6650.6079,296357.1217,OK,0.0000,266.0243,4.0000,96.0000,AG03-UNRESOLVED,ALL5_LEVELS_bet23_to_bet27,266.0243,266.0243,266.0243,332.5304,332.5304,4.000000,4.000000,4.000000,5.000000,5.000000,96.000000,96.000000,96.000000,95.000000,95.000000,5.0,1463.1337,1340.2688,5187.4742,5310.3391,PENDING_AG03,FALSE,NOT_FOR_ENFORCEMENT,6384.5836,256811.4724,6650.6079,6384.5836,266.0243,0.02244119,0.02154355,266.0243,6384.5836,0.02154355,266.0243,266.0243,266.0243,332.5304,332.5304,6384.5836,0.02154355,1463.1337,1340.2688,5187.4742,5310.3391,0.01750413,0.01791872,0.00089765,16.2655,14.6936,0.3653,59.3804,1.1678,2646.0457,162.5536,12.4780,16.8648,9.0895,16.5695,22.0926,29.825,33.4482,44.5976,11.8163,0.0,2.018664,2.691552,0.981654,30,240,141,4,0.10479828,0.02244119,0.04150452,0E-8,0.000000,0.902668,0.011910,-0.02129501,2026-03-22,2026-08-05,112,5695,2177,137,0.817518,0.739886,0.767145,0.349328,,,,,,,,GLOBAL_BASELINE_NO_ENTITY_RANKING,,,NOT_APPLICABLE_GLOBAL_BASELINE,HF9g-P5,,,,X 全窗基线 · 不参与实体赏罚,14194180,1420,A168_HF9F_20260827_0900,2026-08-27 09:00:00
2026-04-02,110249610,2235,0,31.8131206400,8.0668984480,8.0668984480,0.7500000,4,4,0.50665070000000000,0.506650700000,0.9734833216690844,0.9734833216690844,0.9734833216690844,0E-17,ELIGIBLE,R03b_20260811_FULL_v1,L1_ELIGIBILITY,v2026-08-11,2026-03-21..2026-08-06,baccarat_bet02_101_all_pairs_incl_sentinel,round_win = game_pnl > 0 (decisive only),COMPATIBILITY_ONLY_NOT_PRODUCTION,296357.1217,267511.9505,6650.6079,18220,18206,-0.02244119,-0.04150452,-0.02020951,-0.02244119,-6650.6079,296357.1217,OK,0.0000,266.0243,4.0000,96.0000,AG03-UNRESOLVED,ALL5_LEVELS_bet23_to_bet27,266.0243,266.0243,266.0243,332.5304,332.5304,4.000000,4.000000,4.000000,5.000000,5.000000,96.000000,96.000000,96.000000,95.000000,95.000000,5.0,1463.1337,1340.2688,5187.4742,5310.3391,PENDING_AG03,FALSE,NOT_FOR_ENFORCEMENT,6384.5836,256811.4724,6650.6079,6384.5836,266.0243,0.02244119,0.02154355,266.0243,6384.5836,0.02154355,266.0243,266.0243,266.0243,332.5304,332.5304,6384.5836,0.02154355,1463.1337,1340.2688,5187.4742,5310.3391,0.01750413,0.01791872,0.00089765,16.2655,14.6936,0.3653,59.3804,1.1678,2646.0457,162.5536,12.4780,16.8648,9.0895,16.5695,22.0926,29.825,33.4482,44.5976,11.8163,0.0,2.018664,2.691552,0.981654,30,240,141,4,0.10479828,0.02244119,0.04150452,0E-8,0.000000,0.902668,0.011910,-0.02129501,2026-03-22,2026-08-05,112,5695,2177,137,0.817518,0.739886,0.767145,0.349328,,,,,,,,GLOBAL_BASELINE_NO_ENTITY_RANKING,,,NOT_APPLICABLE_GLOBAL_BASELINE,HF9g-P5,,,,X 全窗基线 · 不参与实体赏罚,14194181,1420,A168_HF9F_20260827_0900,2026-08-27 09:00:00
2026-04-02,110249610,2239,0,12.4980116800,-7.9532801600,-7.9532801600,0E-7,3,3,0.50218230000000000,0.502182300000,-1.4203995680682369,-1.4203995680682369,-1.4203995680682369,0E-17,ELIGIBLE,R03b_20260811_FULL_v1,L1_ELIGIBILITY,v2026-08-11,2026-03-21..2026-08-06,baccarat_bet02_101_all_pairs_incl_sentinel,round_win = game_pnl > 0 (decisive only),COMPATIBILITY_ONLY_NOT_PRODUCTION,296357.1217,267511.9505,6650.6079,18220,18206,-0.02244119,-0.04150452,-0.02020951,-0.02244119,-6650.6079,296357.1217,OK,0.0000,266.0243,4.0000,96.0000,AG03-UNRESOLVED,ALL5_LEVELS_bet23_to_bet27,266.0243,266.0243,266.0243,332.5304,332.5304,4.000000,4.000000,4.000000,5.000000,5.000000,96.000000,96.000000,96.000000,95.000000,95.000000,5.0,1463.1337,1340.2688,5187.4742,5310.3391,PENDING_AG03,FALSE,NOT_FOR_ENFORCEMENT,6384.5836,256811.4724,6650.6079,6384.5836,266.0243,0.02244119,0.02154355,266.0243,6384.5836,0.02154355,266.0243,266.0243,266.0243,332.5304,332.5304,6384.5836,0.02154355,1463.1337,1340.2688,5187.4742,5310.3391,0.01750413,0.01791872,0.00089765,16.2655,14.6936,0.3653,59.3804,1.1678,2646.0457,162.5536,12.4780,16.8648,9.0895,16.5695,22.0926,29.825,33.4482,44.5976,11.8163,0.0,2.018664,2.691552,0.981654,30,240,141,4,0.10479828,0.02244119,0.04150452,0E-8,0.000000,0.902668,0.011910,-0.02129501,2026-03-22,2026-08-05,112,5695,2177,137,0.817518,0.739886,0.767145,0.349328,,,,,,,,GLOBAL_BASELINE_NO_ENTITY_RANKING,,,NOT_APPLICABLE_GLOBAL_BASELINE,HF9g-P5,,,,X 全窗基线 · 不参与实体赏罚,14194182,1420,A168_HF9F_20260827_0900,2026-08-27 09:00:00
2026-04-02,110249610,2246,0,52.2644124800,2.1587474720,2.1587474720,0.6363636,12,12,0.49547970000000000,0.495479700000,0.9345565043890042,0.9345565043890043,0.9345565043890042,0E-17,ELIGIBLE,R03b_20260811_FULL_v1,L1_ELIGIBILITY,v2026-08-11,2026-03-21..2026-08-06,baccarat_bet02_101_all_pairs_incl_sentinel,round_win = game_pnl > 0 (decisive only),COMPATIBILITY_ONLY_NOT_PRODUCTION,296357.1217,267511.9505,6650.6079,18220,18206,-0.02244119,-0.04150452,-0.02020951,-0.02244119,-6650.6079,296357.1217,OK,0.0000,266.0243,4.0000,96.0000,AG03-UNRESOLVED,ALL5_LEVELS_bet23_to_bet27,266.0243,266.0243,266.0243,332.5304,332.5304,4.000000,4.000000,4.000000,5.000000,5.000000,96.000000,96.000000,96.000000,95.000000,95.000000,5.0,1463.1337,1340.2688,5187.4742,5310.3391,PENDING_AG03,FALSE,NOT_FOR_ENFORCEMENT,6384.5836,256811.4724,6650.6079,6384.5836,266.0243,0.02244119,0.02154355,266.0243,6384.5836,0.02154355,266.0243,266.0243,266.0243,332.5304,332.5304,6384.5836,0.02154355,1463.1337,1340.2688,5187.4742,5310.3391,0.01750413,0.01791872,0.00089765,16.2655,14.6936,0.3653,59.3804,1.1678,2646.0457,162.5536,12.4780,16.8648,9.0895,16.5695,22.0926,29.825,33.4482,44.5976,11.8163,0.0,2.018664,2.691552,0.981654,30,240,141,4,0.10479828,0.02244119,0.04150452,0E-8,0.000000,0.902668,0.011910,-0.02129501,2026-03-22,2026-08-05,112,5695,2177,137,0.817518,0.739886,0.767145,0.349328,,,,,,,,GLOBAL_BASELINE_NO_ENTITY_RANKING,,,NOT_APPLICABLE_GLOBAL_BASELINE,HF9g-P5,,,,X 全窗基线 · 不参与实体赏罚,14194183,1420,A168_HF9F_20260827_0900,2026-08-27 09:00:00
2026-04-02,110249610,462,0,19.3151089600,0E-10,0E-10,0.5000000,4,4,0.49324550000000000,0.493245500000,0.01910635448239258,0.01910635448239258,0.01910635448239258,0E-17,ELIGIBLE,R03b_20260811_FULL_v1,L1_ELIGIBILITY,v2026-08-11,2026-03-21..2026-08-06,baccarat_bet02_101_all_pairs_incl_sentinel,round_win = game_pnl > 0 (decisive only),COMPATIBILITY_ONLY_NOT_PRODUCTION,296357.1217,267511.9505,6650.6079,18220,18206,-0.02244119,-0.04150452,-0.02020951,-0.02244119,-6650.6079,296357.1217,OK,0.0000,266.0243,4.0000,96.0000,AG03-UNRESOLVED,ALL5_LEVELS_bet23_to_bet27,266.0243,266.0243,266.0243,332.5304,332.5304,4.000000,4.000000,4.000000,5.000000,5.000000,96.000000,96.000000,96.000000,95.000000,95.000000,5.0,1463.1337,1340.2688,5187.4742,5310.3391,PENDING_AG03,FALSE,NOT_FOR_ENFORCEMENT,6384.5836,256811.4724,6650.6079,6384.5836,266.0243,0.02244119,0.02154355,266.0243,6384.5836,0.02154355,266.0243,266.0243,266.0243,332.5304,332.5304,6384.5836,0.02154355,1463.1337,1340.2688,5187.4742,5310.3391,0.01750413,0.01791872,0.00089765,16.2655,14.6936,0.3653,59.3804,1.1678,2646.0457,162.5536,12.4780,16.8648,9.0895,16.5695,22.0926,29.825,33.4482,44.5976,11.8163,0.0,2.018664,2.691552,0.981654,30,240,141,4,0.10479828,0.02244119,0.04150452,0E-8,0.000000,0.902668,0.011910,-0.02129501,2026-03-22,2026-08-05,112,5695,2177,137,0.817518,0.739886,0.767145,0.349328,,,,,,,,GLOBAL_BASELINE_NO_ENTITY_RANKING,,,NOT_APPLICABLE_GLOBAL_BASELINE,HF9g-P5,,,,X 全窗基线 · 不参与实体赏罚,14194184,1420,A168_HF9F_20260827_0900,2026-08-27 09:00:00
2026-04-02,110249610,595,0,5.6809144000,5.6809144000,5.6809144000,1.0000000,2,2,0.49324550000000000,0.493245500000,1.4334489766152358,1.4334489766152358,1.4334489766152358,0E-17,ELIGIBLE,R03b_20260811_FULL_v1,L1_ELIGIBILITY,v2026-08-11,2026-03-21..2026-08-06,baccarat_bet02_101_all_pairs_incl_sentinel,round_win = game_pnl > 0 (decisive only),COMPATIBILITY_ONLY_NOT_PRODUCTION,296357.1217,267511.9505,6650.6079,18220,18206,-0.02244119,-0.04150452,-0.02020951,-0.02244119,-6650.6079,296357.1217,OK,0.0000,266.0243,4.0000,96.0000,AG03-UNRESOLVED,ALL5_LEVELS_bet23_to_bet27,266.0243,266.0243,266.0243,332.5304,332.5304,4.000000,4.000000,4.000000,5.000000,5.000000,96.000000,96.000000,96.000000,95.000000,95.000000,5.0,1463.1337,1340.2688,5187.4742,5310.3391,PENDING_AG03,FALSE,NOT_FOR_ENFORCEMENT,6384.5836,256811.4724,6650.6079,6384.5836,266.0243,0.02244119,0.02154355,266.0243,6384.5836,0.02154355,266.0243,266.0243,266.0243,332.5304,332.5304,6384.5836,0.02154355,1463.1337,1340.2688,5187.4742,5310.3391,0.01750413,0.01791872,0.00089765,16.2655,14.6936,0.3653,59.3804,1.1678,2646.0457,162.5536,12.4780,16.8648,9.0895,16.5695,22.0926,29.825,33.4482,44.5976,11.8163,0.0,2.018664,2.691552,0.981654,30,240,141,4,0.10479828,0.02244119,0.04150452,0E-8,0.000000,0.902668,0.011910,-0.02129501,2026-03-22,2026-08-05,112,5695,2177,137,0.817518,0.739886,0.767145,0.349328,,,,,,,,GLOBAL_BASELINE_NO_ENTITY_RANKING,,,NOT_APPLICABLE_GLOBAL_BASELINE,HF9g-P5,,,,X 全窗基线 · 不参与实体赏罚,14194185,1420,A168_HF9F_20260827_0900,2026-08-27 09:00:00
2026-04-03,110249610,-1,1,49.4239552800,-9.4303179040,-9.4303179040,0.3333333,10,10,0.49592654000000000,0.495926540000,-0.9755916166696431,-0.9755916166696431,-0.9755916166696431,0E-17,SENTINEL_DEALER,R03b_20260811_FULL_v1,L1_ELIGIBILITY,v2026-08-11,2026-03-21..2026-08-06,baccarat_bet02_101_all_pairs_incl_sentinel,round_win = game_pnl > 0 (decisive only),COMPATIBILITY_ONLY_NOT_PRODUCTION,296357.1217,267511.9505,6650.6079,18220,18206,-0.02244119,-0.04150452,-0.02020951,-0.02244119,-6650.6079,296357.1217,OK,0.0000,266.0243,4.0000,96.0000,AG03-UNRESOLVED,ALL5_LEVELS_bet23_to_bet27,266.0243,266.0243,266.0243,332.5304,332.5304,4.000000,4.000000,4.000000,5.000000,5.000000,96.000000,96.000000,96.000000,95.000000,95.000000,5.0,1463.1337,1340.2688,5187.4742,5310.3391,PENDING_AG03,FALSE,NOT_FOR_ENFORCEMENT,6384.5836,256811.4724,6650.6079,6384.5836,266.0243,0.02244119,0.02154355,266.0243,6384.5836,0.02154355,266.0243,266.0243,266.0243,332.5304,332.5304,6384.5836,0.02154355,1463.1337,1340.2688,5187.4742,5310.3391,0.01750413,0.01791872,0.00089765,16.2655,14.6936,0.3653,59.3804,1.1678,2646.0457,162.5536,12.4780,16.8648,9.0895,16.5695,22.0926,29.825,33.4482,44.5976,11.8163,0.0,2.018664,2.691552,0.981654,30,240,141,4,0.10479828,0.02244119,0.04150452,0E-8,0.000000,0.902668,0.011910,-0.02129501,2026-03-22,2026-08-05,112,5695,2177,137,0.817518,0.739886,0.767145,0.349328,,,,,,,,GLOBAL_BASELINE_NO_ENTITY_RANKING,,,NOT_APPLICABLE_GLOBAL_BASELINE,HF9g-P5,,,,X 全窗基线 · 不参与实体赏罚,14194186,1420,A168_HF9F_20260827_0900,2026-08-27 09:00:00
2026-04-03,110249610,1383,0,7.7260435840,-1.3634194560,-1.3634194560,0.5000000,2,2,0.49324550000000000,0.493245500000,0.01910635448239258,0.01910635448239258,0.01910635448239258,0E-17,ELIGIBLE,R03b_20260811_FULL_v1,L1_ELIGIBILITY,v2026-08-11,2026-03-21..2026-08-06,baccarat_bet02_101_all_pairs_incl_sentinel,round_win = game_pnl > 0 (decisive only),COMPATIBILITY_ONLY_NOT_PRODUCTION,296357.1217,267511.9505,6650.6079,18220,18206,-0.02244119,-0.04150452,-0.02020951,-0.02244119,-6650.6079,296357.1217,OK,0.0000,266.0243,4.0000,96.0000,AG03-UNRESOLVED,ALL5_LEVELS_bet23_to_bet27,266.0243,266.0243,266.0243,332.5304,332.5304,4.000000,4.000000,4.000000,5.000000,5.000000,96.000000,96.000000,96.000000,95.000000,95.000000,5.0,1463.1337,1340.2688,5187.4742,5310.3391,PENDING_AG03,FALSE,NOT_FOR_ENFORCEMENT,6384.5836,256811.4724,6650.6079,6384.5836,266.0243,0.02244119,0.02154355,266.0243,6384.5836,0.02154355,266.0243,266.0243,266.0243,332.5304,332.5304,6384.5836,0.02154355,1463.1337,1340.2688,5187.4742,5310.3391,0.01750413,0.01791872,0.00089765,16.2655,14.6936,0.3653,59.3804,1.1678,2646.0457,162.5536,12.4780,16.8648,9.0895,16.5695,22.0926,29.825,33.4482,44.5976,11.8163,0.0,2.018664,2.691552,0.981654,30,240,141,4,0.10479828,0.02244119,0.04150452,0E-8,0.000000,0.902668,0.011910,-0.02129501,2026-03-22,2026-08-05,112,5695,2177,137,0.817518,0.739886,0.767145,0.349328,,,,,,,,GLOBAL_BASELINE_NO_ENTITY_RANKING,,,NOT_APPLICABLE_GLOBAL_BASELINE,HF9g-P5,,,,X 全窗基线 · 不参与实体赏罚,14194187,1420,A168_HF9F_20260827_0900,2026-08-27 09:00:00
2026-04-03,110249610,1400,0,12.4980116800,0.7953280160,0.7953280160,0.5000000,2,2,0.50665070000000000,0.506650700000,-0.018812684590367487,-0.018812684590367487,-0.018812684590367487,0E-17,ELIGIBLE,R03b_20260811_FULL_v1,L1_ELIGIBILITY,v2026-08-11,2026-03-21..2026-08-06,baccarat_bet02_101_all_pairs_incl_sentinel,round_win = game_pnl > 0 (decisive only),COMPATIBILITY_ONLY_NOT_PRODUCTION,296357.1217,267511.9505,6650.6079,18220,18206,-0.02244119,-0.04150452,-0.02020951,-0.02244119,-6650.6079,296357.1217,OK,0.0000,266.0243,4.0000,96.0000,AG03-UNRESOLVED,ALL5_LEVELS_bet23_to_bet27,266.0243,266.0243,266.0243,332.5304,332.5304,4.000000,4.000000,4.000000,5.000000,5.000000,96.000000,96.000000,96.000000,95.000000,95.000000,5.0,1463.1337,1340.2688,5187.4742,5310.3391,PENDING_AG03,FALSE,NOT_FOR_ENFORCEMENT,6384.5836,256811.4724,6650.6079,6384.5836,266.0243,0.02244119,0.02154355,266.0243,6384.5836,0.02154355,266.0243,266.0243,266.0243,332.5304,332.5304,6384.5836,0.02154355,1463.1337,1340.2688,5187.4742,5310.3391,0.01750413,0.01791872,0.00089765,16.2655,14.6936,0.3653,59.3804,1.1678,2646.0457,162.5536,12.4780,16.8648,9.0895,16.5695,22.0926,29.825,33.4482,44.5976,11.8163,0.0,2.018664,2.691552,0.981654,30,240,141,4,0.10479828,0.02244119,0.04150452,0E-8,0.000000,0.902668,0.011910,-0.02129501,2026-03-22,2026-08-05,112,5695,2177,137,0.817518,0.739886,0.767145,0.349328,,,,,,,,GLOBAL_BASELINE_NO_ENTITY_RANKING,,,NOT_APPLICABLE_GLOBAL_BASELINE,HF9g-P5,,,,X 全窗基线 · 不参与实体赏罚,14194188,1420,A168_HF9F_20260827_0900,2026-08-27 09:00:00
2026-04-03,110249610,1405,0,65.1032790240,9.3394232736,9.3394232736,0.6000000,5,5,0.50665070000000000,0.506650700000,0.4175076967804994,0.4175076967804994,0.4175076967804994,0E-17,ELIGIBLE,R03b_20260811_FULL_v1,L1_ELIGIBILITY,v2026-08-11,2026-03-21..2026-08-06,baccarat_bet02_101_all_pairs_incl_sentinel,round_win = game_pnl > 0 (decisive only),COMPATIBILITY_ONLY_NOT_PRODUCTION,296357.1217,267511.9505,6650.6079,18220,18206,-0.02244119,-0.04150452,-0.02020951,-0.02244119,-6650.6079,296357.1217,OK,0.0000,266.0243,4.0000,96.0000,AG03-UNRESOLVED,ALL5_LEVELS_bet23_to_bet27,266.0243,266.0243,266.0243,332.5304,332.5304,4.000000,4.000000,4.000000,5.000000,5.000000,96.000000,96.000000,96.000000,95.000000,95.000000,5.0,1463.1337,1340.2688,5187.4742,5310.3391,PENDING_AG03,FALSE,NOT_FOR_ENFORCEMENT,6384.5836,256811.4724,6650.6079,6384.5836,266.0243,0.02244119,0.02154355,266.0243,6384.5836,0.02154355,266.0243,266.0243,266.0243,332.5304,332.5304,6384.5836,0.02154355,1463.1337,1340.2688,5187.4742,5310.3391,0.01750413,0.01791872,0.00089765,16.2655,14.6936,0.3653,59.3804,1.1678,2646.0457,162.5536,12.4780,16.8648,9.0895,16.5695,22.0926,29.825,33.4482,44.5976,11.8163,0.0,2.018664,2.691552,0.981654,30,240,141,4,0.10479828,0.02244119,0.04150452,0E-8,0.000000,0.902668,0.011910,-0.02129501,2026-03-22,2026-08-05,112,5695,2177,137,0.817518,0.739886,0.767145,0.349328,,,,,,,,GLOBAL_BASELINE_NO_ENTITY_RANKING,,,NOT_APPLICABLE_GLOBAL_BASELINE,HF9g-P5,,,,X 全窗基线 · 不参与实体赏罚,14194189,1420,A168_HF9F_20260827_0900,2026-08-27 09:00:00
2026-04-03,110249610,1645,0,25.1096416480,6.3512622992,6.3512622992,0.7500000,4,4,0.50665070000000000,0.506650700000,0.9734833216690844,0.9734833216690844,0.9734833216690844,0E-17,ELIGIBLE,R03b_20260811_FULL_v1,L1_ELIGIBILITY,v2026-08-11,2026-03-21..2026-08-06,baccarat_bet02_101_all_pairs_incl_sentinel,round_win = game_pnl > 0 (decisive only),COMPATIBILITY_ONLY_NOT_PRODUCTION,296357.1217,267511.9505,6650.6079,18220,18206,-0.02244119,-0.04150452,-0.02020951,-0.02244119,-6650.6079,296357.1217,OK,0.0000,266.0243,4.0000,96.0000,AG03-UNRESOLVED,ALL5_LEVELS_bet23_to_bet27,266.0243,266.0243,266.0243,332.5304,332.5304,4.000000,4.000000,4.000000,5.000000,5.000000,96.000000,96.000000,96.000000,95.000000,95.000000,5.0,1463.1337,1340.2688,5187.4742,5310.3391,PENDING_AG03,FALSE,NOT_FOR_ENFORCEMENT,6384.5836,256811.4724,6650.6079,6384.5836,266.0243,0.02244119,0.02154355,266.0243,6384.5836,0.02154355,266.0243,266.0243,266.0243,332.5304,332.5304,6384.5836,0.02154355,1463.1337,1340.2688,5187.4742,5310.3391,0.01750413,0.01791872,0.00089765,16.2655,14.6936,0.3653,59.3804,1.1678,2646.0457,162.5536,12.4780,16.8648,9.0895,16.5695,22.0926,29.825,33.4482,44.5976,11.8163,0.0,2.018664,2.691552,0.981654,30,240,141,4,0.10479828,0.02244119,0.04150452,0E-8,0.000000,0.902668,0.011910,-0.02129501,2026-03-22,2026-08-05,112,5695,2177,137,0.817518,0.739886,0.767145,0.349328,,,,,,,,GLOBAL_BASELINE_NO_ENTITY_RANKING,,,NOT_APPLICABLE_GLOBAL_BASELINE,HF9g-P5,,,,X 全窗基线 · 不参与实体赏罚,14194190,1420,A168_HF9F_20260827_0900,2026-08-27 09:00:00
2026-04-03,110249610,1951,0,44.9928420480,14.1113913696,14.1113913696,0.7500000,5,5,0.50665070000000000,0.506650700000,0.9734833216690844,0.9734833216690844,0.9734833216690844,0E-17,ELIGIBLE,R03b_20260811_FULL_v1,L1_ELIGIBILITY,v2026-08-11,2026-03-21..2026-08-06,baccarat_bet02_101_all_pairs_incl_sentinel,round_win = game_pnl > 0 (decisive only),COMPATIBILITY_ONLY_NOT_PRODUCTION,296357.1217,267511.9505,6650.6079,18220,18206,-0.02244119,-0.04150452,-0.02020951,-0.02244119,-6650.6079,296357.1217,OK,0.0000,266.0243,4.0000,96.0000,AG03-UNRESOLVED,ALL5_LEVELS_bet23_to_bet27,266.0243,266.0243,266.0243,332.5304,332.5304,4.000000,4.000000,4.000000,5.000000,5.000000,96.000000,96.000000,96.000000,95.000000,95.000000,5.0,1463.1337,1340.2688,5187.4742,5310.3391,PENDING_AG03,FALSE,NOT_FOR_ENFORCEMENT,6384.5836,256811.4724,6650.6079,6384.5836,266.0243,0.02244119,0.02154355,266.0243,6384.5836,0.02154355,266.0243,266.0243,266.0243,332.5304,332.5304,6384.5836,0.02154355,1463.1337,1340.2688,5187.4742,5310.3391,0.01750413,0.01791872,0.00089765,16.2655,14.6936,0.3653,59.3804,1.1678,2646.0457,162.5536,12.4780,16.8648,9.0895,16.5695,22.0926,29.825,33.4482,44.5976,11.8163,0.0,2.018664,2.691552,0.981654,30,240,141,4,0.10479828,0.02244119,0.04150452,0E-8,0.000000,0.902668,0.011910,-0.02129501,2026-03-22,2026-08-05,112,5695,2177,137,0.817518,0.739886,0.767145,0.349328,,,,,,,,GLOBAL_BASELINE_NO_ENTITY_RANKING,,,NOT_APPLICABLE_GLOBAL_BASELINE,HF9g-P5,,,,X 全窗基线 · 不参与实体赏罚,14194191,1420,A168_HF9F_20260827_0900,2026-08-27 09:00:00
2026-04-03,110249610,1990,0,19.3151089600,5.0560138160,5.0560138160,0.6666667,3,3,0.50665070000000000,0.506650700000,0.5543606114942035,0.5543606114942035,0.5543606114942035,0E-17,ELIGIBLE,R03b_20260811_FULL_v1,L1_ELIGIBILITY,v2026-08-11,2026-03-21..2026-08-06,baccarat_bet02_101_all_pairs_incl_sentinel,round_win = game_pnl > 0 (decisive only),COMPATIBILITY_ONLY_NOT_PRODUCTION,296357.1217,267511.9505,6650.6079,18220,18206,-0.02244119,-0.04150452,-0.02020951,-0.02244119,-6650.6079,296357.1217,OK,0.0000,266.0243,4.0000,96.0000,AG03-UNRESOLVED,ALL5_LEVELS_bet23_to_bet27,266.0243,266.0243,266.0243,332.5304,332.5304,4.000000,4.000000,4.000000,5.000000,5.000000,96.000000,96.000000,96.000000,95.000000,95.000000,5.0,1463.1337,1340.2688,5187.4742,5310.3391,PENDING_AG03,FALSE,NOT_FOR_ENFORCEMENT,6384.5836,256811.4724,6650.6079,6384.5836,266.0243,0.02244119,0.02154355,266.0243,6384.5836,0.02154355,266.0243,266.0243,266.0243,332.5304,332.5304,6384.5836,0.02154355,1463.1337,1340.2688,5187.4742,5310.3391,0.01750413,0.01791872,0.00089765,16.2655,14.6936,0.3653,59.3804,1.1678,2646.0457,162.5536,12.4780,16.8648,9.0895,16.5695,22.0926,29.825,33.4482,44.5976,11.8163,0.0,2.018664,2.691552,0.981654,30,240,141,4,0.10479828,0.02244119,0.04150452,0E-8,0.000000,0.902668,0.011910,-0.02129501,2026-03-22,2026-08-05,112,5695,2177,137,0.817518,0.739886,0.767145,0.349328,,,,,,,,GLOBAL_BASELINE_NO_ENTITY_RANKING,,,NOT_APPLICABLE_GLOBAL_BASELINE,HF9g-P5,,,,X 全窗基线 · 不参与实体赏罚,14194192,1420,A168_HF9F_20260827_0900,2026-08-27 09:00:00
2026-04-03,110249610,2103,0,6.8170972800,-6.8170972800,-6.8170972800,0E-7,1,1,0.50665070000000000,0.506650700000,-1.013391052207602,-1.013391052207602,-1.013391052207602,0E-17,ELIGIBLE,R03b_20260811_FULL_v1,L1_ELIGIBILITY,v2026-08-11,2026-03-21..2026-08-06,baccarat_bet02_101_all_pairs_incl_sentinel,round_win = game_pnl > 0 (decisive only),COMPATIBILITY_ONLY_NOT_PRODUCTION,296357.1217,267511.9505,6650.6079,18220,18206,-0.02244119,-0.04150452,-0.02020951,-0.02244119,-6650.6079,296357.1217,OK,0.0000,266.0243,4.0000,96.0000,AG03-UNRESOLVED,ALL5_LEVELS_bet23_to_bet27,266.0243,266.0243,266.0243,332.5304,332.5304,4.000000,4.000000,4.000000,5.000000,5.000000,96.000000,96.000000,96.000000,95.000000,95.000000,5.0,1463.1337,1340.2688,5187.4742,5310.3391,PENDING_AG03,FALSE,NOT_FOR_ENFORCEMENT,6384.5836,256811.4724,6650.6079,6384.5836,266.0243,0.02244119,0.02154355,266.0243,6384.5836,0.02154355,266.0243,266.0243,266.0243,332.5304,332.5304,6384.5836,0.02154355,1463.1337,1340.2688,5187.4742,5310.3391,0.01750413,0.01791872,0.00089765,16.2655,14.6936,0.3653,59.3804,1.1678,2646.0457,162.5536,12.4780,16.8648,9.0895,16.5695,22.0926,29.825,33.4482,44.5976,11.8163,0.0,2.018664,2.691552,0.981654,30,240,141,4,0.10479828,0.02244119,0.04150452,0E-8,0.000000,0.902668,0.011910,-0.02129501,2026-03-22,2026-08-05,112,5695,2177,137,0.817518,0.739886,0.767145,0.349328,,,,,,,,GLOBAL_BASELINE_NO_ENTITY_RANKING,,,NOT_APPLICABLE_GLOBAL_BASELINE,HF9g-P5,,,,X 全窗基线 · 不参与实体赏罚,14194193,1420,A168_HF9F_20260827_0900,2026-08-27 09:00:00
2026-04-03,110249610,2134,0,11.3618288000,-11.3618288000,-11.3618288000,0E-7,1,1,0.49324550000000000,0.493245500000,-0.9865810262130424,-0.9865810262130424,-0.9865810262130424,0E-17,ELIGIBLE,R03b_20260811_FULL_v1,L1_ELIGIBILITY,v2026-08-11,2026-03-21..2026-08-06,baccarat_bet02_101_all_pairs_incl_sentinel,round_win = game_pnl > 0 (decisive only),COMPATIBILITY_ONLY_NOT_PRODUCTION,296357.1217,267511.9505,6650.6079,18220,18206,-0.02244119,-0.04150452,-0.02020951,-0.02244119,-6650.6079,296357.1217,OK,0.0000,266.0243,4.0000,96.0000,AG03-UNRESOLVED,ALL5_LEVELS_bet23_to_bet27,266.0243,266.0243,266.0243,332.5304,332.5304,4.000000,4.000000,4.000000,5.000000,5.000000,96.000000,96.000000,96.000000,95.000000,95.000000,5.0,1463.1337,1340.2688,5187.4742,5310.3391,PENDING_AG03,FALSE,NOT_FOR_ENFORCEMENT,6384.5836,256811.4724,6650.6079,6384.5836,266.0243,0.02244119,0.02154355,266.0243,6384.5836,0.02154355,266.0243,266.0243,266.0243,332.5304,332.5304,6384.5836,0.02154355,1463.1337,1340.2688,5187.4742,5310.3391,0.01750413,0.01791872,0.00089765,16.2655,14.6936,0.3653,59.3804,1.1678,2646.0457,162.5536,12.4780,16.8648,9.0895,16.5695,22.0926,29.825,33.4482,44.5976,11.8163,0.0,2.018664,2.691552,0.981654,30,240,141,4,0.10479828,0.02244119,0.04150452,0E-8,0.000000,0.902668,0.011910,-0.02129501,2026-03-22,2026-08-05,112,5695,2177,137,0.817518,0.739886,0.767145,0.349328,,,,,,,,GLOBAL_BASELINE_NO_ENTITY_RANKING,,,NOT_APPLICABLE_GLOBAL_BASELINE,HF9g-P5,,,,X 全窗基线 · 不参与实体赏罚,14194194,1420,A168_HF9F_20260827_0900,2026-08-27 09:00:00
2026-04-03,110249610,2152,0,11.3618288000,-11.3618288000,-11.3618288000,0E-7,1,1,0.50665070000000000,0.506650700000,-1.013391052207602,-1.013391052207602,-1.013391052207602,0E-17,ELIGIBLE,R03b_20260811_FULL_v1,L1_ELIGIBILITY,v2026-08-11,2026-03-21..2026-08-06,baccarat_bet02_101_all_pairs_incl_sentinel,round_win = game_pnl > 0 (decisive only),COMPATIBILITY_ONLY_NOT_PRODUCTION,296357.1217,267511.9505,6650.6079,18220,18206,-0.02244119,-0.04150452,-0.02020951,-0.02244119,-6650.6079,296357.1217,OK,0.0000,266.0243,4.0000,96.0000,AG03-UNRESOLVED,ALL5_LEVELS_bet23_to_bet27,266.0243,266.0243,266.0243,332.5304,332.5304,4.000000,4.000000,4.000000,5.000000,5.000000,96.000000,96.000000,96.000000,95.000000,95.000000,5.0,1463.1337,1340.2688,5187.4742,5310.3391,PENDING_AG03,FALSE,NOT_FOR_ENFORCEMENT,6384.5836,256811.4724,6650.6079,6384.5836,266.0243,0.02244119,0.02154355,266.0243,6384.5836,0.02154355,266.0243,266.0243,266.0243,332.5304,332.5304,6384.5836,0.02154355,1463.1337,1340.2688,5187.4742,5310.3391,0.01750413,0.01791872,0.00089765,16.2655,14.6936,0.3653,59.3804,1.1678,2646.0457,162.5536,12.4780,16.8648,9.0895,16.5695,22.0926,29.825,33.4482,44.5976,11.8163,0.0,2.018664,2.691552,0.981654,30,240,141,4,0.10479828,0.02244119,0.04150452,0E-8,0.000000,0.902668,0.011910,-0.02129501,2026-03-22,2026-08-05,112,5695,2177,137,0.817518,0.739886,0.767145,0.349328,,,,,,,,GLOBAL_BASELINE_NO_ENTITY_RANKING,,,NOT_APPLICABLE_GLOBAL_BASELINE,HF9g-P5,,,,X 全窗基线 · 不参与实体赏罚,14194195,1420,A168_HF9F_20260827_0900,2026-08-27 09:00:00
2026-04-03,110249610,2205,0,4.5447315200,-4.5447315200,-4.5447315200,0E-7,1,1,0.50665070000000000,0.506650700000,-1.013391052207602,-1.013391052207602,-1.013391052207602,0E-17,ELIGIBLE,R03b_20260811_FULL_v1,L1_ELIGIBILITY,v2026-08-11,2026-03-21..2026-08-06,baccarat_bet02_101_all_pairs_incl_sentinel,round_win = game_pnl > 0 (decisive only),COMPATIBILITY_ONLY_NOT_PRODUCTION,296357.1217,267511.9505,6650.6079,18220,18206,-0.02244119,-0.04150452,-0.02020951,-0.02244119,-6650.6079,296357.1217,OK,0.0000,266.0243,4.0000,96.0000,AG03-UNRESOLVED,ALL5_LEVELS_bet23_to_bet27,266.0243,266.0243,266.0243,332.5304,332.5304,4.000000,4.000000,4.000000,5.000000,5.000000,96.000000,96.000000,96.000000,95.000000,95.000000,5.0,1463.1337,1340.2688,5187.4742,5310.3391,PENDING_AG03,FALSE,NOT_FOR_ENFORCEMENT,6384.5836,256811.4724,6650.6079,6384.5836,266.0243,0.02244119,0.02154355,266.0243,6384.5836,0.02154355,266.0243,266.0243,266.0243,332.5304,332.5304,6384.5836,0.02154355,1463.1337,1340.2688,5187.4742,5310.3391,0.01750413,0.01791872,0.00089765,16.2655,14.6936,0.3653,59.3804,1.1678,2646.0457,162.5536,12.4780,16.8648,9.0895,16.5695,22.0926,29.825,33.4482,44.5976,11.8163,0.0,2.018664,2.691552,0.981654,30,240,141,4,0.10479828,0.02244119,0.04150452,0E-8,0.000000,0.902668,0.011910,-0.02129501,2026-03-22,2026-08-05,112,5695,2177,137,0.817518,0.739886,0.767145,0.349328,,,,,,,,GLOBAL_BASELINE_NO_ENTITY_RANKING,,,NOT_APPLICABLE_GLOBAL_BASELINE,HF9g-P5,,,,X 全窗基线 · 不参与实体赏罚,14194196,1420,A168_HF9F_20260827_0900,2026-08-27 09:00:00
2026-04-03,110249610,2218,0,7.9532801600,-7.9532801600,-7.9532801600,0E-7,1,1,0.49324550000000000,0.493245500000,-0.9865810262130424,-0.9865810262130424,-0.9865810262130424,0E-17,ELIGIBLE,R03b_20260811_FULL_v1,L1_ELIGIBILITY,v2026-08-11,2026-03-21..2026-08-06,baccarat_bet02_101_all_pairs_incl_sentinel,round_win = game_pnl > 0 (decisive only),COMPATIBILITY_ONLY_NOT_PRODUCTION,296357.1217,267511.9505,6650.6079,18220,18206,-0.02244119,-0.04150452,-0.02020951,-0.02244119,-6650.6079,296357.1217,OK,0.0000,266.0243,4.0000,96.0000,AG03-UNRESOLVED,ALL5_LEVELS_bet23_to_bet27,266.0243,266.0243,266.0243,332.5304,332.5304,4.000000,4.000000,4.000000,5.000000,5.000000,96.000000,96.000000,96.000000,95.000000,95.000000,5.0,1463.1337,1340.2688,5187.4742,5310.3391,PENDING_AG03,FALSE,NOT_FOR_ENFORCEMENT,6384.5836,256811.4724,6650.6079,6384.5836,266.0243,0.02244119,0.02154355,266.0243,6384.5836,0.02154355,266.0243,266.0243,266.0243,332.5304,332.5304,6384.5836,0.02154355,1463.1337,1340.2688,5187.4742,5310.3391,0.01750413,0.01791872,0.00089765,16.2655,14.6936,0.3653,59.3804,1.1678,2646.0457,162.5536,12.4780,16.8648,9.0895,16.5695,22.0926,29.825,33.4482,44.5976,11.8163,0.0,2.018664,2.691552,0.981654,30,240,141,4,0.10479828,0.02244119,0.04150452,0E-8,0.000000,0.902668,0.011910,-0.02129501,2026-03-22,2026-08-05,112,5695,2177,137,0.817518,0.739886,0.767145,0.349328,,,,,,,,GLOBAL_BASELINE_NO_ENTITY_RANKING,,,NOT_APPLICABLE_GLOBAL_BASELINE,HF9g-P5,,,,X 全窗基线 · 不参与实体赏罚,14194197,1420,A168_HF9F_20260827_0900,2026-08-27 09:00:00
2026-04-03,110249610,2220,0,19.8832004000,-10.7937373600,-10.7937373600,0.3333333,3,3,0.49324550000000000,0.493245500000,-0.5540025479526107,-0.5540025479526106,-0.5540025479526107,0E-17,ELIGIBLE,R03b_20260811_FULL_v1,L1_ELIGIBILITY,v2026-08-11,2026-03-21..2026-08-06,baccarat_bet02_101_all_pairs_incl_sentinel,round_win = game_pnl > 0 (decisive only),COMPATIBILITY_ONLY_NOT_PRODUCTION,296357.1217,267511.9505,6650.6079,18220,18206,-0.02244119,-0.04150452,-0.02020951,-0.02244119,-6650.6079,296357.1217,OK,0.0000,266.0243,4.0000,96.0000,AG03-UNRESOLVED,ALL5_LEVELS_bet23_to_bet27,266.0243,266.0243,266.0243,332.5304,332.5304,4.000000,4.000000,4.000000,5.000000,5.000000,96.000000,96.000000,96.000000,95.000000,95.000000,5.0,1463.1337,1340.2688,5187.4742,5310.3391,PENDING_AG03,FALSE,NOT_FOR_ENFORCEMENT,6384.5836,256811.4724,6650.6079,6384.5836,266.0243,0.02244119,0.02154355,266.0243,6384.5836,0.02154355,266.0243,266.0243,266.0243,332.5304,332.5304,6384.5836,0.02154355,1463.1337,1340.2688,5187.4742,5310.3391,0.01750413,0.01791872,0.00089765,16.2655,14.6936,0.3653,59.3804,1.1678,2646.0457,162.5536,12.4780,16.8648,9.0895,16.5695,22.0926,29.825,33.4482,44.5976,11.8163,0.0,2.018664,2.691552,0.981654,30,240,141,4,0.10479828,0.02244119,0.04150452,0E-8,0.000000,0.902668,0.011910,-0.02129501,2026-03-22,2026-08-05,112,5695,2177,137,0.817518,0.739886,0.767145,0.349328,,,,,,,,GLOBAL_BASELINE_NO_ENTITY_RANKING,,,NOT_APPLICABLE_GLOBAL_BASELINE,HF9g-P5,,,,X 全窗基线 · 不参与实体赏罚,14194198,1420,A168_HF9F_20260827_0900,2026-08-27 09:00:00
2026-04-03,110249610,2232,0,34.0854864000,2.2723657600,2.2723657600,0.6000000,5,5,0.49324550000000000,0.493245500000,0.47746420675292983,0.47746420675292983,0.47746420675292983,0E-17,ELIGIBLE,R03b_20260811_FULL_v1,L1_ELIGIBILITY,v2026-08-11,2026-03-21..2026-08-06,baccarat_bet02_101_all_pairs_incl_sentinel,round_win = game_pnl > 0 (decisive only),COMPATIBILITY_ONLY_NOT_PRODUCTION,296357.1217,267511.9505,6650.6079,18220,18206,-0.02244119,-0.04150452,-0.02020951,-0.02244119,-6650.6079,296357.1217,OK,0.0000,266.0243,4.0000,96.0000,AG03-UNRESOLVED,ALL5_LEVELS_bet23_to_bet27,266.0243,266.0243,266.0243,332.5304,332.5304,4.000000,4.000000,4.000000,5.000000,5.000000,96.000000,96.000000,96.000000,95.000000,95.000000,5.0,1463.1337,1340.2688,5187.4742,5310.3391,PENDING_AG03,FALSE,NOT_FOR_ENFORCEMENT,6384.5836,256811.4724,6650.6079,6384.5836,266.0243,0.02244119,0.02154355,266.0243,6384.5836,0.02154355,266.0243,266.0243,266.0243,332.5304,332.5304,6384.5836,0.02154355,1463.1337,1340.2688,5187.4742,5310.3391,0.01750413,0.01791872,0.00089765,16.2655,14.6936,0.3653,59.3804,1.1678,2646.0457,162.5536,12.4780,16.8648,9.0895,16.5695,22.0926,29.825,33.4482,44.5976,11.8163,0.0,2.018664,2.691552,0.981654,30,240,141,4,0.10479828,0.02244119,0.04150452,0E-8,0.000000,0.902668,0.011910,-0.02129501,2026-03-22,2026-08-05,112,5695,2177,137,0.817518,0.739886,0.767145,0.349328,,,,,,,,GLOBAL_BASELINE_NO_ENTITY_RANKING,,,NOT_APPLICABLE_GLOBAL_BASELINE,HF9g-P5,,,,X 全窗基线 · 不参与实体赏罚,14194199,1420,A168_HF9F_20260827_0900,2026-08-27 09:00:00
2026-04-03,110249610,2235,0,11.5890653760,-2.0451291840,-2.0451291840,0.5000000,2,2,0.49324550000000000,0.493245500000,0.01910635448239258,0.01910635448239258,0.01910635448239258,0E-17,ELIGIBLE,R03b_20260811_FULL_v1,L1_ELIGIBILITY,v2026-08-11,2026-03-21..2026-08-06,baccarat_bet02_101_all_pairs_incl_sentinel,round_win = game_pnl > 0 (decisive only),COMPATIBILITY_ONLY_NOT_PRODUCTION,296357.1217,267511.9505,6650.6079,18220,18206,-0.02244119,-0.04150452,-0.02020951,-0.02244119,-6650.6079,296357.1217,OK,0.0000,266.0243,4.0000,96.0000,AG03-UNRESOLVED,ALL5_LEVELS_bet23_to_bet27,266.0243,266.0243,266.0243,332.5304,332.5304,4.000000,4.000000,4.000000,5.000000,5.000000,96.000000,96.000000,96.000000,95.000000,95.000000,5.0,1463.1337,1340.2688,5187.4742,5310.3391,PENDING_AG03,FALSE,NOT_FOR_ENFORCEMENT,6384.5836,256811.4724,6650.6079,6384.5836,266.0243,0.02244119,0.02154355,266.0243,6384.5836,0.02154355,266.0243,266.0243,266.0243,332.5304,332.5304,6384.5836,0.02154355,1463.1337,1340.2688,5187.4742,5310.3391,0.01750413,0.01791872,0.00089765,16.2655,14.6936,0.3653,59.3804,1.1678,2646.0457,162.5536,12.4780,16.8648,9.0895,16.5695,22.0926,29.825,33.4482,44.5976,11.8163,0.0,2.018664,2.691552,0.981654,30,240,141,4,0.10479828,0.02244119,0.04150452,0E-8,0.000000,0.902668,0.011910,-0.02129501,2026-03-22,2026-08-05,112,5695,2177,137,0.817518,0.739886,0.767145,0.349328,,,,,,,,GLOBAL_BASELINE_NO_ENTITY_RANKING,,,NOT_APPLICABLE_GLOBAL_BASELINE,HF9g-P5,,,,X 全窗基线 · 不参与实体赏罚,14194200,1420,A168_HF9F_20260827_0900,2026-08-27 09:00:00
2026-04-03,110249610,583,0,10.7937373600,-10.7937373600,-10.7937373600,0E-7,1,1,0.50665070000000000,0.506650700000,-1.013391052207602,-1.013391052207602,-1.013391052207602,0E-17,ELIGIBLE,R03b_20260811_FULL_v1,L1_ELIGIBILITY,v2026-08-11,2026-03-21..2026-08-06,baccarat_bet02_101_all_pairs_incl_sentinel,round_win = game_pnl > 0 (decisive only),COMPATIBILITY_ONLY_NOT_PRODUCTION,296357.1217,267511.9505,6650.6079,18220,18206,-0.02244119,-0.04150452,-0.02020951,-0.02244119,-6650.6079,296357.1217,OK,0.0000,266.0243,4.0000,96.0000,AG03-UNRESOLVED,ALL5_LEVELS_bet23_to_bet27,266.0243,266.0243,266.0243,332.5304,332.5304,4.000000,4.000000,4.000000,5.000000,5.000000,96.000000,96.000000,96.000000,95.000000,95.000000,5.0,1463.1337,1340.2688,5187.4742,5310.3391,PENDING_AG03,FALSE,NOT_FOR_ENFORCEMENT,6384.5836,256811.4724,6650.6079,6384.5836,266.0243,0.02244119,0.02154355,266.0243,6384.5836,0.02154355,266.0243,266.0243,266.0243,332.5304,332.5304,6384.5836,0.02154355,1463.1337,1340.2688,5187.4742,5310.3391,0.01750413,0.01791872,0.00089765,16.2655,14.6936,0.3653,59.3804,1.1678,2646.0457,162.5536,12.4780,16.8648,9.0895,16.5695,22.0926,29.825,33.4482,44.5976,11.8163,0.0,2.018664,2.691552,0.981654,30,240,141,4,0.10479828,0.02244119,0.04150452,0E-8,0.000000,0.902668,0.011910,-0.02129501,2026-03-22,2026-08-05,112,5695,2177,137,0.817518,0.739886,0.767145,0.349328,,,,,,,,GLOBAL_BASELINE_NO_ENTITY_RANKING,,,NOT_APPLICABLE_GLOBAL_BASELINE,HF9g-P5,,,,X 全窗基线 · 不参与实体赏罚,14194201,1420,A168_HF9F_20260827_0900,2026-08-27 09:00:00
2026-04-03,110249610,789,0,6.8170972800,6.4762424160,6.4762424160,1.0000000,1,1,0.50665070000000000,0.506650700000,0.9867858985152569,0.9867858985152569,0.9867858985152569,0E-17,ELIGIBLE,R03b_20260811_FULL_v1,L1_ELIGIBILITY,v2026-08-11,2026-03-21..2026-08-06,baccarat_bet02_101_all_pairs_incl_sentinel,round_win = game_pnl > 0 (decisive only),COMPATIBILITY_ONLY_NOT_PRODUCTION,296357.1217,267511.9505,6650.6079,18220,18206,-0.02244119,-0.04150452,-0.02020951,-0.02244119,-6650.6079,296357.1217,OK,0.0000,266.0243,4.0000,96.0000,AG03-UNRESOLVED,ALL5_LEVELS_bet23_to_bet27,266.0243,266.0243,266.0243,332.5304,332.5304,4.000000,4.000000,4.000000,5.000000,5.000000,96.000000,96.000000,96.000000,95.000000,95.000000,5.0,1463.1337,1340.2688,5187.4742,5310.3391,PENDING_AG03,FALSE,NOT_FOR_ENFORCEMENT,6384.5836,256811.4724,6650.6079,6384.5836,266.0243,0.02244119,0.02154355,266.0243,6384.5836,0.02154355,266.0243,266.0243,266.0243,332.5304,332.5304,6384.5836,0.02154355,1463.1337,1340.2688,5187.4742,5310.3391,0.01750413,0.01791872,0.00089765,16.2655,14.6936,0.3653,59.3804,1.1678,2646.0457,162.5536,12.4780,16.8648,9.0895,16.5695,22.0926,29.825,33.4482,44.5976,11.8163,0.0,2.018664,2.691552,0.981654,30,240,141,4,0.10479828,0.02244119,0.04150452,0E-8,0.000000,0.902668,0.011910,-0.02129501,2026-03-22,2026-08-05,112,5695,2177,137,0.817518,0.739886,0.767145,0.349328,,,,,,,,GLOBAL_BASELINE_NO_ENTITY_RANKING,,,NOT_APPLICABLE_GLOBAL_BASELINE,HF9g-P5,,,,X 全窗基线 · 不参与实体赏罚,14194202,1420,A168_HF9F_20260827_0900,2026-08-27 09:00:00
2026-04-06,110249610,-1,1,6279.5691594484,416.1383416264,416.1383416264,0.5387205,329,328,0.50158677282229967,0.501603315244,1.2799099122792976,1.2793398705688124,1.2799099122792976,-0.00001654242170033,SENTINEL_DEALER,R03b_20260811_FULL_v1,L1_ELIGIBILITY,v2026-08-11,2026-03-21..2026-08-06,baccarat_bet02_101_all_pairs_incl_sentinel,round_win = game_pnl > 0 (decisive only),COMPATIBILITY_ONLY_NOT_PRODUCTION,296357.1217,267511.9505,6650.6079,18220,18206,-0.02244119,-0.04150452,-0.02020951,-0.02244119,-6650.6079,296357.1217,OK,0.0000,266.0243,4.0000,96.0000,AG03-UNRESOLVED,ALL5_LEVELS_bet23_to_bet27,266.0243,266.0243,266.0243,332.5304,332.5304,4.000000,4.000000,4.000000,5.000000,5.000000,96.000000,96.000000,96.000000,95.000000,95.000000,5.0,1463.1337,1340.2688,5187.4742,5310.3391,PENDING_AG03,FALSE,NOT_FOR_ENFORCEMENT,6384.5836,256811.4724,6650.6079,6384.5836,266.0243,0.02244119,0.02154355,266.0243,6384.5836,0.02154355,266.0243,266.0243,266.0243,332.5304,332.5304,6384.5836,0.02154355,1463.1337,1340.2688,5187.4742,5310.3391,0.01750413,0.01791872,0.00089765,16.2655,14.6936,0.3653,59.3804,1.1678,2646.0457,162.5536,12.4780,16.8648,9.0895,16.5695,22.0926,29.825,33.4482,44.5976,11.8163,0.0,2.018664,2.691552,0.981654,30,240,141,4,0.10479828,0.02244119,0.04150452,0E-8,0.000000,0.902668,0.011910,-0.02129501,2026-03-22,2026-08-05,112,5695,2177,137,0.817518,0.739886,0.767145,0.349328,,,,,,,,GLOBAL_BASELINE_NO_ENTITY_RANKING,,,NOT_APPLICABLE_GLOBAL_BASELINE,HF9g-P5,,,,X 全窗基线 · 不参与实体赏罚,14194203,1420,A168_HF9F_20260827_0900,2026-08-27 09:00:00
2026-04-06,110249610,1017,0,73.8518871998,-24.9960233599,-24.9960233599,0.3333333,7,7,0.49707555714285714,0.497075557143,-0.8021835166153284,-0.8021835166160269,-0.8021835166153284,-1.4286E-13,ELIGIBLE,R03b_20260811_FULL_v1,L1_ELIGIBILITY,v2026-08-11,2026-03-21..2026-08-06,baccarat_bet02_101_all_pairs_incl_sentinel,round_win = game_pnl > 0 (decisive only),COMPATIBILITY_ONLY_NOT_PRODUCTION,296357.1217,267511.9505,6650.6079,18220,18206,-0.02244119,-0.04150452,-0.02020951,-0.02244119,-6650.6079,296357.1217,OK,0.0000,266.0243,4.0000,96.0000,AG03-UNRESOLVED,ALL5_LEVELS_bet23_to_bet27,266.0243,266.0243,266.0243,332.5304,332.5304,4.000000,4.000000,4.000000,5.000000,5.000000,96.000000,96.000000,96.000000,95.000000,95.000000,5.0,1463.1337,1340.2688,5187.4742,5310.3391,PENDING_AG03,FALSE,NOT_FOR_ENFORCEMENT,6384.5836,256811.4724,6650.6079,6384.5836,266.0243,0.02244119,0.02154355,266.0243,6384.5836,0.02154355,266.0243,266.0243,266.0243,332.5304,332.5304,6384.5836,0.02154355,1463.1337,1340.2688,5187.4742,5310.3391,0.01750413,0.01791872,0.00089765,16.2655,14.6936,0.3653,59.3804,1.1678,2646.0457,162.5536,12.4780,16.8648,9.0895,16.5695,22.0926,29.825,33.4482,44.5976,11.8163,0.0,2.018664,2.691552,0.981654,30,240,141,4,0.10479828,0.02244119,0.04150452,0E-8,0.000000,0.902668,0.011910,-0.02129501,2026-03-22,2026-08-05,112,5695,2177,137,0.817518,0.739886,0.767145,0.349328,,,,,,,,GLOBAL_BASELINE_NO_ENTITY_RANKING,,,NOT_APPLICABLE_GLOBAL_BASELINE,HF9g-P5,,,,X 全窗基线 · 不参与实体赏罚,14194204,1420,A168_HF9F_20260827_0900,2026-08-27 09:00:00
2026-04-06,110249610,1078,0,60.2176926398,-3.4085486400,-3.4085486400,0.5000000,4,4,0.49659680000000000,0.496596800000,0.013613115331600182,0.013613115331600183,0.013613115331600182,0E-17,ELIGIBLE,R03b_20260811_FULL_v1,L1_ELIGIBILITY,v2026-08-11,2026-03-21..2026-08-06,baccarat_bet02_101_all_pairs_incl_sentinel,round_win = game_pnl > 0 (decisive only),COMPATIBILITY_ONLY_NOT_PRODUCTION,296357.1217,267511.9505,6650.6079,18220,18206,-0.02244119,-0.04150452,-0.02020951,-0.02244119,-6650.6079,296357.1217,OK,0.0000,266.0243,4.0000,96.0000,AG03-UNRESOLVED,ALL5_LEVELS_bet23_to_bet27,266.0243,266.0243,266.0243,332.5304,332.5304,4.000000,4.000000,4.000000,5.000000,5.000000,96.000000,96.000000,96.000000,95.000000,95.000000,5.0,1463.1337,1340.2688,5187.4742,5310.3391,PENDING_AG03,FALSE,NOT_FOR_ENFORCEMENT,6384.5836,256811.4724,6650.6079,6384.5836,266.0243,0.02244119,0.02154355,266.0243,6384.5836,0.02154355,266.0243,266.0243,266.0243,332.5304,332.5304,6384.5836,0.02154355,1463.1337,1340.2688,5187.4742,5310.3391,0.01750413,0.01791872,0.00089765,16.2655,14.6936,0.3653,59.3804,1.1678,2646.0457,162.5536,12.4780,16.8648,9.0895,16.5695,22.0926,29.825,33.4482,44.5976,11.8163,0.0,2.018664,2.691552,0.981654,30,240,141,4,0.10479828,0.02244119,0.04150452,0E-8,0.000000,0.902668,0.011910,-0.02129501,2026-03-22,2026-08-05,112,5695,2177,137,0.817518,0.739886,0.767145,0.349328,,,,,,,,GLOBAL_BASELINE_NO_ENTITY_RANKING,,,NOT_APPLICABLE_GLOBAL_BASELINE,HF9g-P5,,,,X 全窗基线 · 不参与实体赏罚,14194205,1420,A168_HF9F_20260827_0900,2026-08-27 09:00:00
2026-04-06,110249610,1094,0,39.7664007998,-39.7664007998,-39.7664007998,0E-7,2,2,0.49994810000000000,0.499948100000,-1.4140667746232096,-1.4140667746232096,-1.4140667746232096,0E-17,ELIGIBLE,R03b_20260811_FULL_v1,L1_ELIGIBILITY,v2026-08-11,2026-03-21..2026-08-06,baccarat_bet02_101_all_pairs_incl_sentinel,round_win = game_pnl > 0 (decisive only),COMPATIBILITY_ONLY_NOT_PRODUCTION,296357.1217,267511.9505,6650.6079,18220,18206,-0.02244119,-0.04150452,-0.02020951,-0.02244119,-6650.6079,296357.1217,OK,0.0000,266.0243,4.0000,96.0000,AG03-UNRESOLVED,ALL5_LEVELS_bet23_to_bet27,266.0243,266.0243,266.0243,332.5304,332.5304,4.000000,4.000000,4.000000,5.000000,5.000000,96.000000,96.000000,96.000000,95.000000,95.000000,5.0,1463.1337,1340.2688,5187.4742,5310.3391,PENDING_AG03,FALSE,NOT_FOR_ENFORCEMENT,6384.5836,256811.4724,6650.6079,6384.5836,266.0243,0.02244119,0.02154355,266.0243,6384.5836,0.02154355,266.0243,266.0243,266.0243,332.5304,332.5304,6384.5836,0.02154355,1463.1337,1340.2688,5187.4742,5310.3391,0.01750413,0.01791872,0.00089765,16.2655,14.6936,0.3653,59.3804,1.1678,2646.0457,162.5536,12.4780,16.8648,9.0895,16.5695,22.0926,29.825,33.4482,44.5976,11.8163,0.0,2.018664,2.691552,0.981654,30,240,141,4,0.10479828,0.02244119,0.04150452,0E-8,0.000000,0.902668,0.011910,-0.02129501,2026-03-22,2026-08-05,112,5695,2177,137,0.817518,0.739886,0.767145,0.349328,,,,,,,,GLOBAL_BASELINE_NO_ENTITY_RANKING,,,NOT_APPLICABLE_GLOBAL_BASELINE,HF9g-P5,,,,X 全窗基线 · 不参与实体赏罚,14194206,1420,A168_HF9F_20260827_0900,2026-08-27 09:00:00
2026-04-06,110249610,1109,0,17.3835980640,-5.6411479992,-5.6411479992,0.3333333,3,3,0.50218230000000000,0.502182300000,-0.5849155494134425,-0.5849155494134426,-0.5849155494134425,0E-17,ELIGIBLE,R03b_20260811_FULL_v1,L1_ELIGIBILITY,v2026-08-11,2026-03-21..2026-08-06,baccarat_bet02_101_all_pairs_incl_sentinel,round_win = game_pnl > 0 (decisive only),COMPATIBILITY_ONLY_NOT_PRODUCTION,296357.1217,267511.9505,6650.6079,18220,18206,-0.02244119,-0.04150452,-0.02020951,-0.02244119,-6650.6079,296357.1217,OK,0.0000,266.0243,4.0000,96.0000,AG03-UNRESOLVED,ALL5_LEVELS_bet23_to_bet27,266.0243,266.0243,266.0243,332.5304,332.5304,4.000000,4.000000,4.000000,5.000000,5.000000,96.000000,96.000000,96.000000,95.000000,95.000000,5.0,1463.1337,1340.2688,5187.4742,5310.3391,PENDING_AG03,FALSE,NOT_FOR_ENFORCEMENT,6384.5836,256811.4724,6650.6079,6384.5836,266.0243,0.02244119,0.02154355,266.0243,6384.5836,0.02154355,266.0243,266.0243,266.0243,332.5304,332.5304,6384.5836,0.02154355,1463.1337,1340.2688,5187.4742,5310.3391,0.01750413,0.01791872,0.00089765,16.2655,14.6936,0.3653,59.3804,1.1678,2646.0457,162.5536,12.4780,16.8648,9.0895,16.5695,22.0926,29.825,33.4482,44.5976,11.8163,0.0,2.018664,2.691552,0.981654,30,240,141,4,0.10479828,0.02244119,0.04150452,0E-8,0.000000,0.902668,0.011910,-0.02129501,2026-03-22,2026-08-05,112,5695,2177,137,0.817518,0.739886,0.767145,0.349328,,,,,,,,GLOBAL_BASELINE_NO_ENTITY_RANKING,,,NOT_APPLICABLE_GLOBAL_BASELINE,HF9g-P5,,,,X 全窗基线 · 不参与实体赏罚,14194207,1420,A168_HF9F_20260827_0900,2026-08-27 09:00:00
2026-04-06,110249610,1210,0,94.7576521915,-61.5243029517,-61.5243029517,0.1666667,6,6,0.50218230000000000,0.502182300000,-1.6436998608832374,-1.6436998608832374,-1.6436998608832374,0E-17,ELIGIBLE,R03b_20260811_FULL_v1,L1_ELIGIBILITY,v2026-08-11,2026-03-21..2026-08-06,baccarat_bet02_101_all_pairs_incl_sentinel,round_win = game_pnl > 0 (decisive only),COMPATIBILITY_ONLY_NOT_PRODUCTION,296357.1217,267511.9505,6650.6079,18220,18206,-0.02244119,-0.04150452,-0.02020951,-0.02244119,-6650.6079,296357.1217,OK,0.0000,266.0243,4.0000,96.0000,AG03-UNRESOLVED,ALL5_LEVELS_bet23_to_bet27,266.0243,266.0243,266.0243,332.5304,332.5304,4.000000,4.000000,4.000000,5.000000,5.000000,96.000000,96.000000,96.000000,95.000000,95.000000,5.0,1463.1337,1340.2688,5187.4742,5310.3391,PENDING_AG03,FALSE,NOT_FOR_ENFORCEMENT,6384.5836,256811.4724,6650.6079,6384.5836,266.0243,0.02244119,0.02154355,266.0243,6384.5836,0.02154355,266.0243,266.0243,266.0243,332.5304,332.5304,6384.5836,0.02154355,1463.1337,1340.2688,5187.4742,5310.3391,0.01750413,0.01791872,0.00089765,16.2655,14.6936,0.3653,59.3804,1.1678,2646.0457,162.5536,12.4780,16.8648,9.0895,16.5695,22.0926,29.825,33.4482,44.5976,11.8163,0.0,2.018664,2.691552,0.981654,30,240,141,4,0.10479828,0.02244119,0.04150452,0E-8,0.000000,0.902668,0.011910,-0.02129501,2026-03-22,2026-08-05,112,5695,2177,137,0.817518,0.739886,0.767145,0.349328,,,,,,,,GLOBAL_BASELINE_NO_ENTITY_RANKING,,,NOT_APPLICABLE_GLOBAL_BASELINE,HF9g-P5,,,,X 全窗基线 · 不参与实体赏罚,14194208,1420,A168_HF9F_20260827_0900,2026-08-27 09:00:00
2026-04-06,110249610,1221,0,288.2495966546,130.4337946234,130.4337946234,0.7500000,14,14,0.49803307142857143,0.498033071429,1.7456915959946704,1.745691595991695,1.7456915959946704,-4.2857E-13,ELIGIBLE,R03b_20260811_FULL_v1,L1_ELIGIBILITY,v2026-08-11,2026-03-21..2026-08-06,baccarat_bet02_101_all_pairs_incl_sentinel,round_win = game_pnl > 0 (decisive only),COMPATIBILITY_ONLY_NOT_PRODUCTION,296357.1217,267511.9505,6650.6079,18220,18206,-0.02244119,-0.04150452,-0.02020951,-0.02244119,-6650.6079,296357.1217,OK,0.0000,266.0243,4.0000,96.0000,AG03-UNRESOLVED,ALL5_LEVELS_bet23_to_bet27,266.0243,266.0243,266.0243,332.5304,332.5304,4.000000,4.000000,4.000000,5.000000,5.000000,96.000000,96.000000,96.000000,95.000000,95.000000,5.0,1463.1337,1340.2688,5187.4742,5310.3391,PENDING_AG03,FALSE,NOT_FOR_ENFORCEMENT,6384.5836,256811.4724,6650.6079,6384.5836,266.0243,0.02244119,0.02154355,266.0243,6384.5836,0.02154355,266.0243,266.0243,266.0243,332.5304,332.5304,6384.5836,0.02154355,1463.1337,1340.2688,5187.4742,5310.3391,0.01750413,0.01791872,0.00089765,16.2655,14.6936,0.3653,59.3804,1.1678,2646.0457,162.5536,12.4780,16.8648,9.0895,16.5695,22.0926,29.825,33.4482,44.5976,11.8163,0.0,2.018664,2.691552,0.981654,30,240,141,4,0.10479828,0.02244119,0.04150452,0E-8,0.000000,0.902668,0.011910,-0.02129501,2026-03-22,2026-08-05,112,5695,2177,137,0.817518,0.739886,0.767145,0.349328,,,,,,,,GLOBAL_BASELINE_NO_ENTITY_RANKING,,,NOT_APPLICABLE_GLOBAL_BASELINE,HF9g-P5,,,,X 全窗基线 · 不参与实体赏罚,14194209,1420,A168_HF9F_20260827_0900,2026-08-27 09:00:00
2026-04-06,110249610,1299,0,23.8598404799,-19.4287272479,-19.4287272479,0.3333333,3,3,0.49771390000000000,0.497713900000,-0.5694369385616226,-0.5694369385616226,-0.5694369385616226,0E-17,ELIGIBLE,R03b_20260811_FULL_v1,L1_ELIGIBILITY,v2026-08-11,2026-03-21..2026-08-06,baccarat_bet02_101_all_pairs_incl_sentinel,round_win = game_pnl > 0 (decisive only),COMPATIBILITY_ONLY_NOT_PRODUCTION,296357.1217,267511.9505,6650.6079,18220,18206,-0.02244119,-0.04150452,-0.02020951,-0.02244119,-6650.6079,296357.1217,OK,0.0000,266.0243,4.0000,96.0000,AG03-UNRESOLVED,ALL5_LEVELS_bet23_to_bet27,266.0243,266.0243,266.0243,332.5304,332.5304,4.000000,4.000000,4.000000,5.000000,5.000000,96.000000,96.000000,96.000000,95.000000,95.000000,5.0,1463.1337,1340.2688,5187.4742,5310.3391,PENDING_AG03,FALSE,NOT_FOR_ENFORCEMENT,6384.5836,256811.4724,6650.6079,6384.5836,266.0243,0.02244119,0.02154355,266.0243,6384.5836,0.02154355,266.0243,266.0243,266.0243,332.5304,332.5304,6384.5836,0.02154355,1463.1337,1340.2688,5187.4742,5310.3391,0.01750413,0.01791872,0.00089765,16.2655,14.6936,0.3653,59.3804,1.1678,2646.0457,162.5536,12.4780,16.8648,9.0895,16.5695,22.0926,29.825,33.4482,44.5976,11.8163,0.0,2.018664,2.691552,0.981654,30,240,141,4,0.10479828,0.02244119,0.04150452,0E-8,0.000000,0.902668,0.011910,-0.02129501,2026-03-22,2026-08-05,112,5695,2177,137,0.817518,0.739886,0.767145,0.349328,,,,,,,,GLOBAL_BASELINE_NO_ENTITY_RANKING,,,NOT_APPLICABLE_GLOBAL_BASELINE,HF9g-P5,,,,X 全窗基线 · 不参与实体赏罚,14194210,1420,A168_HF9F_20260827_0900,2026-08-27 09:00:00
2026-04-06,110249610,1304,0,120.4353852795,-67.2620264957,-67.2620264957,0.2857143,7,7,0.50665070000000000,0.506650700000,-1.169189050789051,-1.169189050789051,-1.169189050789051,0E-17,ELIGIBLE,R03b_20260811_FULL_v1,L1_ELIGIBILITY,v2026-08-11,2026-03-21..2026-08-06,baccarat_bet02_101_all_pairs_incl_sentinel,round_win = game_pnl > 0 (decisive only),COMPATIBILITY_ONLY_NOT_PRODUCTION,296357.1217,267511.9505,6650.6079,18220,18206,-0.02244119,-0.04150452,-0.02020951,-0.02244119,-6650.6079,296357.1217,OK,0.0000,266.0243,4.0000,96.0000,AG03-UNRESOLVED,ALL5_LEVELS_bet23_to_bet27,266.0243,266.0243,266.0243,332.5304,332.5304,4.000000,4.000000,4.000000,5.000000,5.000000,96.000000,96.000000,96.000000,95.000000,95.000000,5.0,1463.1337,1340.2688,5187.4742,5310.3391,PENDING_AG03,FALSE,NOT_FOR_ENFORCEMENT,6384.5836,256811.4724,6650.6079,6384.5836,266.0243,0.02244119,0.02154355,266.0243,6384.5836,0.02154355,266.0243,266.0243,266.0243,332.5304,332.5304,6384.5836,0.02154355,1463.1337,1340.2688,5187.4742,5310.3391,0.01750413,0.01791872,0.00089765,16.2655,14.6936,0.3653,59.3804,1.1678,2646.0457,162.5536,12.4780,16.8648,9.0895,16.5695,22.0926,29.825,33.4482,44.5976,11.8163,0.0,2.018664,2.691552,0.981654,30,240,141,4,0.10479828,0.02244119,0.04150452,0E-8,0.000000,0.902668,0.011910,-0.02129501,2026-03-22,2026-08-05,112,5695,2177,137,0.817518,0.739886,0.767145,0.349328,,,,,,,,GLOBAL_BASELINE_NO_ENTITY_RANKING,,,NOT_APPLICABLE_GLOBAL_BASELINE,HF9g-P5,,,,X 全窗基线 · 不参与实体赏罚,14194211,1420,A168_HF9F_20260827_0900,2026-08-27 09:00:00
2026-04-06,110249610,1318,0,19.8832004000,-19.8832004000,-19.8832004000,0E-7,2,2,0.49994810000000000,0.499948100000,-1.4140667746232096,-1.4140667746232096,-1.4140667746232096,0E-17,ELIGIBLE,R03b_20260811_FULL_v1,L1_ELIGIBILITY,v2026-08-11,2026-03-21..2026-08-06,baccarat_bet02_101_all_pairs_incl_sentinel,round_win = game_pnl > 0 (decisive only),COMPATIBILITY_ONLY_NOT_PRODUCTION,296357.1217,267511.9505,6650.6079,18220,18206,-0.02244119,-0.04150452,-0.02020951,-0.02244119,-6650.6079,296357.1217,OK,0.0000,266.0243,4.0000,96.0000,AG03-UNRESOLVED,ALL5_LEVELS_bet23_to_bet27,266.0243,266.0243,266.0243,332.5304,332.5304,4.000000,4.000000,4.000000,5.000000,5.000000,96.000000,96.000000,96.000000,95.000000,95.000000,5.0,1463.1337,1340.2688,5187.4742,5310.3391,PENDING_AG03,FALSE,NOT_FOR_ENFORCEMENT,6384.5836,256811.4724,6650.6079,6384.5836,266.0243,0.02244119,0.02154355,266.0243,6384.5836,0.02154355,266.0243,266.0243,266.0243,332.5304,332.5304,6384.5836,0.02154355,1463.1337,1340.2688,5187.4742,5310.3391,0.01750413,0.01791872,0.00089765,16.2655,14.6936,0.3653,59.3804,1.1678,2646.0457,162.5536,12.4780,16.8648,9.0895,16.5695,22.0926,29.825,33.4482,44.5976,11.8163,0.0,2.018664,2.691552,0.981654,30,240,141,4,0.10479828,0.02244119,0.04150452,0E-8,0.000000,0.902668,0.011910,-0.02129501,2026-03-22,2026-08-05,112,5695,2177,137,0.817518,0.739886,0.767145,0.349328,,,,,,,,GLOBAL_BASELINE_NO_ENTITY_RANKING,,,NOT_APPLICABLE_GLOBAL_BASELINE,HF9g-P5,,,,X 全窗基线 · 不参与实体赏罚,14194212,1420,A168_HF9F_20260827_0900,2026-08-27 09:00:00
2026-04-06,110249610,1325,0,286.8861771990,31.8131206399,31.8131206399,0.5454545,13,13,0.49324550000000000,0.493245500000,0.3463472332994882,0.3463472332994882,0.3463472332994882,0E-17,ELIGIBLE,R03b_20260811_FULL_v1,L1_ELIGIBILITY,v2026-08-11,2026-03-21..2026-08-06,baccarat_bet02_101_all_pairs_incl_sentinel,round_win = game_pnl > 0 (decisive only),COMPATIBILITY_ONLY_NOT_PRODUCTION,296357.1217,267511.9505,6650.6079,18220,18206,-0.02244119,-0.04150452,-0.02020951,-0.02244119,-6650.6079,296357.1217,OK,0.0000,266.0243,4.0000,96.0000,AG03-UNRESOLVED,ALL5_LEVELS_bet23_to_bet27,266.0243,266.0243,266.0243,332.5304,332.5304,4.000000,4.000000,4.000000,5.000000,5.000000,96.000000,96.000000,96.000000,95.000000,95.000000,5.0,1463.1337,1340.2688,5187.4742,5310.3391,PENDING_AG03,FALSE,NOT_FOR_ENFORCEMENT,6384.5836,256811.4724,6650.6079,6384.5836,266.0243,0.02244119,0.02154355,266.0243,6384.5836,0.02154355,266.0243,266.0243,266.0243,332.5304,332.5304,6384.5836,0.02154355,1463.1337,1340.2688,5187.4742,5310.3391,0.01750413,0.01791872,0.00089765,16.2655,14.6936,0.3653,59.3804,1.1678,2646.0457,162.5536,12.4780,16.8648,9.0895,16.5695,22.0926,29.825,33.4482,44.5976,11.8163,0.0,2.018664,2.691552,0.981654,30,240,141,4,0.10479828,0.02244119,0.04150452,0E-8,0.000000,0.902668,0.011910,-0.02129501,2026-03-22,2026-08-05,112,5695,2177,137,0.817518,0.739886,0.767145,0.349328,,,,,,,,GLOBAL_BASELINE_NO_ENTITY_RANKING,,,NOT_APPLICABLE_GLOBAL_BASELINE,HF9g-P5,,,,X 全窗基线 · 不参与实体赏罚,14194213,1420,A168_HF9F_20260827_0900,2026-08-27 09:00:00
2026-04-06,110249610,1382,0,135.2057627194,6.2490058401,6.2490058401,0.5714286,8,8,0.49659680000000000,0.496596800000,0.3959816871769319,0.3959816871769319,0.3959816871769319,0E-17,ELIGIBLE,R03b_20260811_FULL_v1,L1_ELIGIBILITY,v2026-08-11,2026-03-21..2026-08-06,baccarat_bet02_101_all_pairs_incl_sentinel,round_win = game_pnl > 0 (decisive only),COMPATIBILITY_ONLY_NOT_PRODUCTION,296357.1217,267511.9505,6650.6079,18220,18206,-0.02244119,-0.04150452,-0.02020951,-0.02244119,-6650.6079,296357.1217,OK,0.0000,266.0243,4.0000,96.0000,AG03-UNRESOLVED,ALL5_LEVELS_bet23_to_bet27,266.0243,266.0243,266.0243,332.5304,332.5304,4.000000,4.000000,4.000000,5.000000,5.000000,96.000000,96.000000,96.000000,95.000000,95.000000,5.0,1463.1337,1340.2688,5187.4742,5310.3391,PENDING_AG03,FALSE,NOT_FOR_ENFORCEMENT,6384.5836,256811.4724,6650.6079,6384.5836,266.0243,0.02244119,0.02154355,266.0243,6384.5836,0.02154355,266.0243,266.0243,266.0243,332.5304,332.5304,6384.5836,0.02154355,1463.1337,1340.2688,5187.4742,5310.3391,0.01750413,0.01791872,0.00089765,16.2655,14.6936,0.3653,59.3804,1.1678,2646.0457,162.5536,12.4780,16.8648,9.0895,16.5695,22.0926,29.825,33.4482,44.5976,11.8163,0.0,2.018664,2.691552,0.981654,30,240,141,4,0.10479828,0.02244119,0.04150452,0E-8,0.000000,0.902668,0.011910,-0.02129501,2026-03-22,2026-08-05,112,5695,2177,137,0.817518,0.739886,0.767145,0.349328,,,,,,,,GLOBAL_BASELINE_NO_ENTITY_RANKING,,,NOT_APPLICABLE_GLOBAL_BASELINE,HF9g-P5,,,,X 全窗基线 · 不参与实体赏罚,14194214,1420,A168_HF9F_20260827_0900,2026-08-27 09:00:00
2026-04-06,110249610,1384,0,38.6302179198,-38.6302179198,-38.6302179198,0E-7,2,2,0.49994810000000000,0.499948100000,-1.4140667746232096,-1.4140667746232096,-1.4140667746232096,0E-17,ELIGIBLE,R03b_20260811_FULL_v1,L1_ELIGIBILITY,v2026-08-11,2026-03-21..2026-08-06,baccarat_bet02_101_all_pairs_incl_sentinel,round_win = game_pnl > 0 (decisive only),COMPATIBILITY_ONLY_NOT_PRODUCTION,296357.1217,267511.9505,6650.6079,18220,18206,-0.02244119,-0.04150452,-0.02020951,-0.02244119,-6650.6079,296357.1217,OK,0.0000,266.0243,4.0000,96.0000,AG03-UNRESOLVED,ALL5_LEVELS_bet23_to_bet27,266.0243,266.0243,266.0243,332.5304,332.5304,4.000000,4.000000,4.000000,5.000000,5.000000,96.000000,96.000000,96.000000,95.000000,95.000000,5.0,1463.1337,1340.2688,5187.4742,5310.3391,PENDING_AG03,FALSE,NOT_FOR_ENFORCEMENT,6384.5836,256811.4724,6650.6079,6384.5836,266.0243,0.02244119,0.02154355,266.0243,6384.5836,0.02154355,266.0243,266.0243,266.0243,332.5304,332.5304,6384.5836,0.02154355,1463.1337,1340.2688,5187.4742,5310.3391,0.01750413,0.01791872,0.00089765,16.2655,14.6936,0.3653,59.3804,1.1678,2646.0457,162.5536,12.4780,16.8648,9.0895,16.5695,22.0926,29.825,33.4482,44.5976,11.8163,0.0,2.018664,2.691552,0.981654,30,240,141,4,0.10479828,0.02244119,0.04150452,0E-8,0.000000,0.902668,0.011910,-0.02129501,2026-03-22,2026-08-05,112,5695,2177,137,0.817518,0.739886,0.767145,0.349328,,,,,,,,GLOBAL_BASELINE_NO_ENTITY_RANKING,,,NOT_APPLICABLE_GLOBAL_BASELINE,HF9g-P5,,,,X 全窗基线 · 不参与实体赏罚,14194215,1420,A168_HF9F_20260827_0900,2026-08-27 09:00:00
2026-04-06,110249610,1385,0,68.1709727997,-45.4473151998,-45.4473151998,0E-7,3,3,0.50665070000000000,0.506650700000,-1.4331513700195317,-1.4331513700195317,-1.4331513700195317,0E-17,ELIGIBLE,R03b_20260811_FULL_v1,L1_ELIGIBILITY,v2026-08-11,2026-03-21..2026-08-06,baccarat_bet02_101_all_pairs_incl_sentinel,round_win = game_pnl > 0 (decisive only),COMPATIBILITY_ONLY_NOT_PRODUCTION,296357.1217,267511.9505,6650.6079,18220,18206,-0.02244119,-0.04150452,-0.02020951,-0.02244119,-6650.6079,296357.1217,OK,0.0000,266.0243,4.0000,96.0000,AG03-UNRESOLVED,ALL5_LEVELS_bet23_to_bet27,266.0243,266.0243,266.0243,332.5304,332.5304,4.000000,4.000000,4.000000,5.000000,5.000000,96.000000,96.000000,96.000000,95.000000,95.000000,5.0,1463.1337,1340.2688,5187.4742,5310.3391,PENDING_AG03,FALSE,NOT_FOR_ENFORCEMENT,6384.5836,256811.4724,6650.6079,6384.5836,266.0243,0.02244119,0.02154355,266.0243,6384.5836,0.02154355,266.0243,266.0243,266.0243,332.5304,332.5304,6384.5836,0.02154355,1463.1337,1340.2688,5187.4742,5310.3391,0.01750413,0.01791872,0.00089765,16.2655,14.6936,0.3653,59.3804,1.1678,2646.0457,162.5536,12.4780,16.8648,9.0895,16.5695,22.0926,29.825,33.4482,44.5976,11.8163,0.0,2.018664,2.691552,0.981654,30,240,141,4,0.10479828,0.02244119,0.04150452,0E-8,0.000000,0.902668,0.011910,-0.02129501,2026-03-22,2026-08-05,112,5695,2177,137,0.817518,0.739886,0.767145,0.349328,,,,,,,,GLOBAL_BASELINE_NO_ENTITY_RANKING,,,NOT_APPLICABLE_GLOBAL_BASELINE,HF9g-P5,,,,X 全窗基线 · 不参与实体赏罚,14194216,1420,A168_HF9F_20260827_0900,2026-08-27 09:00:00
2026-04-06,110249610,1396,0,320.4035721588,116.7427909195,116.7427909195,0.6428571,15,15,0.49682022000000000,0.496820220000,1.0928623623883325,1.0928623623883325,1.0928623623883325,0E-17,ELIGIBLE,R03b_20260811_FULL_v1,L1_ELIGIBILITY,v2026-08-11,2026-03-21..2026-08-06,baccarat_bet02_101_all_pairs_incl_sentinel,round_win = game_pnl > 0 (decisive only),COMPATIBILITY_ONLY_NOT_PRODUCTION,296357.1217,267511.9505,6650.6079,18220,18206,-0.02244119,-0.04150452,-0.02020951,-0.02244119,-6650.6079,296357.1217,OK,0.0000,266.0243,4.0000,96.0000,AG03-UNRESOLVED,ALL5_LEVELS_bet23_to_bet27,266.0243,266.0243,266.0243,332.5304,332.5304,4.000000,4.000000,4.000000,5.000000,5.000000,96.000000,96.000000,96.000000,95.000000,95.000000,5.0,1463.1337,1340.2688,5187.4742,5310.3391,PENDING_AG03,FALSE,NOT_FOR_ENFORCEMENT,6384.5836,256811.4724,6650.6079,6384.5836,266.0243,0.02244119,0.02154355,266.0243,6384.5836,0.02154355,266.0243,266.0243,266.0243,332.5304,332.5304,6384.5836,0.02154355,1463.1337,1340.2688,5187.4742,5310.3391,0.01750413,0.01791872,0.00089765,16.2655,14.6936,0.3653,59.3804,1.1678,2646.0457,162.5536,12.4780,16.8648,9.0895,16.5695,22.0926,29.825,33.4482,44.5976,11.8163,0.0,2.018664,2.691552,0.981654,30,240,141,4,0.10479828,0.02244119,0.04150452,0E-8,0.000000,0.902668,0.011910,-0.02129501,2026-03-22,2026-08-05,112,5695,2177,137,0.817518,0.739886,0.767145,0.349328,,,,,,,,GLOBAL_BASELINE_NO_ENTITY_RANKING,,,NOT_APPLICABLE_GLOBAL_BASELINE,HF9g-P5,,,,X 全窗基线 · 不参与实体赏罚,14194217,1420,A168_HF9F_20260827_0900,2026-08-27 09:00:00
2026-04-06,110249610,1401,0,113.1638148476,-16.6223555344,-16.6223555344,0.4285714,8,8,0.49827245000000000,0.498272450000,-0.36882533912701604,-0.36882533912701604,-0.36882533912701604,0E-17,ELIGIBLE,R03b_20260811_FULL_v1,L1_ELIGIBILITY,v2026-08-11,2026-03-21..2026-08-06,baccarat_bet02_101_all_pairs_incl_sentinel,round_win = game_pnl > 0 (decisive only),COMPATIBILITY_ONLY_NOT_PRODUCTION,296357.1217,267511.9505,6650.6079,18220,18206,-0.02244119,-0.04150452,-0.02020951,-0.02244119,-6650.6079,296357.1217,OK,0.0000,266.0243,4.0000,96.0000,AG03-UNRESOLVED,ALL5_LEVELS_bet23_to_bet27,266.0243,266.0243,266.0243,332.5304,332.5304,4.000000,4.000000,4.000000,5.000000,5.000000,96.000000,96.000000,96.000000,95.000000,95.000000,5.0,1463.1337,1340.2688,5187.4742,5310.3391,PENDING_AG03,FALSE,NOT_FOR_ENFORCEMENT,6384.5836,256811.4724,6650.6079,6384.5836,266.0243,0.02244119,0.02154355,266.0243,6384.5836,0.02154355,266.0243,266.0243,266.0243,332.5304,332.5304,6384.5836,0.02154355,1463.1337,1340.2688,5187.4742,5310.3391,0.01750413,0.01791872,0.00089765,16.2655,14.6936,0.3653,59.3804,1.1678,2646.0457,162.5536,12.4780,16.8648,9.0895,16.5695,22.0926,29.825,33.4482,44.5976,11.8163,0.0,2.018664,2.691552,0.981654,30,240,141,4,0.10479828,0.02244119,0.04150452,0E-8,0.000000,0.902668,0.011910,-0.02129501,2026-03-22,2026-08-05,112,5695,2177,137,0.817518,0.739886,0.767145,0.349328,,,,,,,,GLOBAL_BASELINE_NO_ENTITY_RANKING,,,NOT_APPLICABLE_GLOBAL_BASELINE,HF9g-P5,,,,X 全窗基线 · 不参与实体赏罚,14194218,1420,A168_HF9F_20260827_0900,2026-08-27 09:00:00
2026-04-06,110249610,1402,0,62.4900583998,-6.2490058400,-6.2490058400,0.5000000,4,4,0.49659680000000000,0.496596800000,0.013613115331600182,0.013613115331600183,0.013613115331600182,0E-17,ELIGIBLE,R03b_20260811_FULL_v1,L1_ELIGIBILITY,v2026-08-11,2026-03-21..2026-08-06,baccarat_bet02_101_all_pairs_incl_sentinel,round_win = game_pnl > 0 (decisive only),COMPATIBILITY_ONLY_NOT_PRODUCTION,296357.1217,267511.9505,6650.6079,18220,18206,-0.02244119,-0.04150452,-0.02020951,-0.02244119,-6650.6079,296357.1217,OK,0.0000,266.0243,4.0000,96.0000,AG03-UNRESOLVED,ALL5_LEVELS_bet23_to_bet27,266.0243,266.0243,266.0243,332.5304,332.5304,4.000000,4.000000,4.000000,5.000000,5.000000,96.000000,96.000000,96.000000,95.000000,95.000000,5.0,1463.1337,1340.2688,5187.4742,5310.3391,PENDING_AG03,FALSE,NOT_FOR_ENFORCEMENT,6384.5836,256811.4724,6650.6079,6384.5836,266.0243,0.02244119,0.02154355,266.0243,6384.5836,0.02154355,266.0243,266.0243,266.0243,332.5304,332.5304,6384.5836,0.02154355,1463.1337,1340.2688,5187.4742,5310.3391,0.01750413,0.01791872,0.00089765,16.2655,14.6936,0.3653,59.3804,1.1678,2646.0457,162.5536,12.4780,16.8648,9.0895,16.5695,22.0926,29.825,33.4482,44.5976,11.8163,0.0,2.018664,2.691552,0.981654,30,240,141,4,0.10479828,0.02244119,0.04150452,0E-8,0.000000,0.902668,0.011910,-0.02129501,2026-03-22,2026-08-05,112,5695,2177,137,0.817518,0.739886,0.767145,0.349328,,,,,,,,GLOBAL_BASELINE_NO_ENTITY_RANKING,,,NOT_APPLICABLE_GLOBAL_BASELINE,HF9g-P5,,,,X 全窗基线 · 不参与实体赏罚,14194219,1420,A168_HF9F_20260827_0900,2026-08-27 09:00:00
2026-04-06,110249610,1405,0,53.1733587838,32.1653373327,32.1653373327,1.0000000,3,3,0.50665070000000000,0.506650700000,1.3955260008387969,1.3955260008387969,1.3955260008387969,0E-17,ELIGIBLE,R03b_20260811_FULL_v1,L1_ELIGIBILITY,v2026-08-11,2026-03-21..2026-08-06,baccarat_bet02_101_all_pairs_incl_sentinel,round_win = game_pnl > 0 (decisive only),COMPATIBILITY_ONLY_NOT_PRODUCTION,296357.1217,267511.9505,6650.6079,18220,18206,-0.02244119,-0.04150452,-0.02020951,-0.02244119,-6650.6079,296357.1217,OK,0.0000,266.0243,4.0000,96.0000,AG03-UNRESOLVED,ALL5_LEVELS_bet23_to_bet27,266.0243,266.0243,266.0243,332.5304,332.5304,4.000000,4.000000,4.000000,5.000000,5.000000,96.000000,96.000000,96.000000,95.000000,95.000000,5.0,1463.1337,1340.2688,5187.4742,5310.3391,PENDING_AG03,FALSE,NOT_FOR_ENFORCEMENT,6384.5836,256811.4724,6650.6079,6384.5836,266.0243,0.02244119,0.02154355,266.0243,6384.5836,0.02154355,266.0243,266.0243,266.0243,332.5304,332.5304,6384.5836,0.02154355,1463.1337,1340.2688,5187.4742,5310.3391,0.01750413,0.01791872,0.00089765,16.2655,14.6936,0.3653,59.3804,1.1678,2646.0457,162.5536,12.4780,16.8648,9.0895,16.5695,22.0926,29.825,33.4482,44.5976,11.8163,0.0,2.018664,2.691552,0.981654,30,240,141,4,0.10479828,0.02244119,0.04150452,0E-8,0.000000,0.902668,0.011910,-0.02129501,2026-03-22,2026-08-05,112,5695,2177,137,0.817518,0.739886,0.767145,0.349328,,,,,,,,GLOBAL_BASELINE_NO_ENTITY_RANKING,,,NOT_APPLICABLE_GLOBAL_BASELINE,HF9g-P5,,,,X 全窗基线 · 不参与实体赏罚,14194220,1420,A168_HF9F_20260827_0900,2026-08-27 09:00:00
2026-04-06,110249610,1485,0,124.9801167995,7.9532801599,7.9532801599,0.4285714,7,7,0.50473567142857143,0.504735671429,-0.403041368878626,-0.40304136888089725,-0.403041368878626,-4.2857E-13,ELIGIBLE,R03b_20260811_FULL_v1,L1_ELIGIBILITY,v2026-08-11,2026-03-21..2026-08-06,baccarat_bet02_101_all_pairs_incl_sentinel,round_win = game_pnl > 0 (decisive only),COMPATIBILITY_ONLY_NOT_PRODUCTION,296357.1217,267511.9505,6650.6079,18220,18206,-0.02244119,-0.04150452,-0.02020951,-0.02244119,-6650.6079,296357.1217,OK,0.0000,266.0243,4.0000,96.0000,AG03-UNRESOLVED,ALL5_LEVELS_bet23_to_bet27,266.0243,266.0243,266.0243,332.5304,332.5304,4.000000,4.000000,4.000000,5.000000,5.000000,96.000000,96.000000,96.000000,95.000000,95.000000,5.0,1463.1337,1340.2688,5187.4742,5310.3391,PENDING_AG03,FALSE,NOT_FOR_ENFORCEMENT,6384.5836,256811.4724,6650.6079,6384.5836,266.0243,0.02244119,0.02154355,266.0243,6384.5836,0.02154355,266.0243,266.0243,266.0243,332.5304,332.5304,6384.5836,0.02154355,1463.1337,1340.2688,5187.4742,5310.3391,0.01750413,0.01791872,0.00089765,16.2655,14.6936,0.3653,59.3804,1.1678,2646.0457,162.5536,12.4780,16.8648,9.0895,16.5695,22.0926,29.825,33.4482,44.5976,11.8163,0.0,2.018664,2.691552,0.981654,30,240,141,4,0.10479828,0.02244119,0.04150452,0E-8,0.000000,0.902668,0.011910,-0.02129501,2026-03-22,2026-08-05,112,5695,2177,137,0.817518,0.739886,0.767145,0.349328,,,,,,,,GLOBAL_BASELINE_NO_ENTITY_RANKING,,,NOT_APPLICABLE_GLOBAL_BASELINE,HF9g-P5,,,,X 全窗基线 · 不参与实体赏罚,14194221,1420,A168_HF9F_20260827_0900,2026-08-27 09:00:00
2026-04-06,110249610,1505,0,159.0656031994,124.9801167996,124.9801167996,0.8333333,6,6,0.49324550000000000,0.493245500000,1.666235363940442,1.6662353639404415,1.666235363940442,0E-17,ELIGIBLE,R03b_20260811_FULL_v1,L1_ELIGIBILITY,v2026-08-11,2026-03-21..2026-08-06,baccarat_bet02_101_all_pairs_incl_sentinel,round_win = game_pnl > 0 (decisive only),COMPATIBILITY_ONLY_NOT_PRODUCTION,296357.1217,267511.9505,6650.6079,18220,18206,-0.02244119,-0.04150452,-0.02020951,-0.02244119,-6650.6079,296357.1217,OK,0.0000,266.0243,4.0000,96.0000,AG03-UNRESOLVED,ALL5_LEVELS_bet23_to_bet27,266.0243,266.0243,266.0243,332.5304,332.5304,4.000000,4.000000,4.000000,5.000000,5.000000,96.000000,96.000000,96.000000,95.000000,95.000000,5.0,1463.1337,1340.2688,5187.4742,5310.3391,PENDING_AG03,FALSE,NOT_FOR_ENFORCEMENT,6384.5836,256811.4724,6650.6079,6384.5836,266.0243,0.02244119,0.02154355,266.0243,6384.5836,0.02154355,266.0243,266.0243,266.0243,332.5304,332.5304,6384.5836,0.02154355,1463.1337,1340.2688,5187.4742,5310.3391,0.01750413,0.01791872,0.00089765,16.2655,14.6936,0.3653,59.3804,1.1678,2646.0457,162.5536,12.4780,16.8648,9.0895,16.5695,22.0926,29.825,33.4482,44.5976,11.8163,0.0,2.018664,2.691552,0.981654,30,240,141,4,0.10479828,0.02244119,0.04150452,0E-8,0.000000,0.902668,0.011910,-0.02129501,2026-03-22,2026-08-05,112,5695,2177,137,0.817518,0.739886,0.767145,0.349328,,,,,,,,GLOBAL_BASELINE_NO_ENTITY_RANKING,,,NOT_APPLICABLE_GLOBAL_BASELINE,HF9g-P5,,,,X 全窗基线 · 不参与实体赏罚,14194222,1420,A168_HF9F_20260827_0900,2026-08-27 09:00:00
2026-04-06,110249610,1507,0,314.3818028947,29.0465153271,29.0465153271,0.6153846,15,15,0.49860758000000000,0.498607580000,0.8420944431198975,0.8420944431198973,0.8420944431198975,0E-17,ELIGIBLE,R03b_20260811_FULL_v1,L1_ELIGIBILITY,v2026-08-11,2026-03-21..2026-08-06,baccarat_bet02_101_all_pairs_incl_sentinel,round_win = game_pnl > 0 (decisive only),COMPATIBILITY_ONLY_NOT_PRODUCTION,296357.1217,267511.9505,6650.6079,18220,18206,-0.02244119,-0.04150452,-0.02020951,-0.02244119,-6650.6079,296357.1217,OK,0.0000,266.0243,4.0000,96.0000,AG03-UNRESOLVED,ALL5_LEVELS_bet23_to_bet27,266.0243,266.0243,266.0243,332.5304,332.5304,4.000000,4.000000,4.000000,5.000000,5.000000,96.000000,96.000000,96.000000,95.000000,95.000000,5.0,1463.1337,1340.2688,5187.4742,5310.3391,PENDING_AG03,FALSE,NOT_FOR_ENFORCEMENT,6384.5836,256811.4724,6650.6079,6384.5836,266.0243,0.02244119,0.02154355,266.0243,6384.5836,0.02154355,266.0243,266.0243,266.0243,332.5304,332.5304,6384.5836,0.02154355,1463.1337,1340.2688,5187.4742,5310.3391,0.01750413,0.01791872,0.00089765,16.2655,14.6936,0.3653,59.3804,1.1678,2646.0457,162.5536,12.4780,16.8648,9.0895,16.5695,22.0926,29.825,33.4482,44.5976,11.8163,0.0,2.018664,2.691552,0.981654,30,240,141,4,0.10479828,0.02244119,0.04150452,0E-8,0.000000,0.902668,0.011910,-0.02129501,2026-03-22,2026-08-05,112,5695,2177,137,0.817518,0.739886,0.767145,0.349328,,,,,,,,GLOBAL_BASELINE_NO_ENTITY_RANKING,,,NOT_APPLICABLE_GLOBAL_BASELINE,HF9g-P5,,,,X 全窗基线 · 不参与实体赏罚,14194223,1420,A168_HF9F_20260827_0900,2026-08-27 09:00:00
2026-04-06,110249610,1623,0,22.7236576000,-22.7236576000,-22.7236576000,0E-7,2,2,0.49994810000000000,0.499948100000,-1.4140667746232096,-1.4140667746232096,-1.4140667746232096,0E-17,ELIGIBLE,R03b_20260811_FULL_v1,L1_ELIGIBILITY,v2026-08-11,2026-03-21..2026-08-06,baccarat_bet02_101_all_pairs_incl_sentinel,round_win = game_pnl > 0 (decisive only),COMPATIBILITY_ONLY_NOT_PRODUCTION,296357.1217,267511.9505,6650.6079,18220,18206,-0.02244119,-0.04150452,-0.02020951,-0.02244119,-6650.6079,296357.1217,OK,0.0000,266.0243,4.0000,96.0000,AG03-UNRESOLVED,ALL5_LEVELS_bet23_to_bet27,266.0243,266.0243,266.0243,332.5304,332.5304,4.000000,4.000000,4.000000,5.000000,5.000000,96.000000,96.000000,96.000000,95.000000,95.000000,5.0,1463.1337,1340.2688,5187.4742,5310.3391,PENDING_AG03,FALSE,NOT_FOR_ENFORCEMENT,6384.5836,256811.4724,6650.6079,6384.5836,266.0243,0.02244119,0.02154355,266.0243,6384.5836,0.02154355,266.0243,266.0243,266.0243,332.5304,332.5304,6384.5836,0.02154355,1463.1337,1340.2688,5187.4742,5310.3391,0.01750413,0.01791872,0.00089765,16.2655,14.6936,0.3653,59.3804,1.1678,2646.0457,162.5536,12.4780,16.8648,9.0895,16.5695,22.0926,29.825,33.4482,44.5976,11.8163,0.0,2.018664,2.691552,0.981654,30,240,141,4,0.10479828,0.02244119,0.04150452,0E-8,0.000000,0.902668,0.011910,-0.02129501,2026-03-22,2026-08-05,112,5695,2177,137,0.817518,0.739886,0.767145,0.349328,,,,,,,,GLOBAL_BASELINE_NO_ENTITY_RANKING,,,NOT_APPLICABLE_GLOBAL_BASELINE,HF9g-P5,,,,X 全窗基线 · 不参与实体赏罚,14194224,1420,A168_HF9F_20260827_0900,2026-08-27 09:00:00
2026-04-06,110249610,1646,0,11.3618288000,-11.3618288000,-11.3618288000,0E-7,1,1,0.50665070000000000,0.506650700000,-1.013391052207602,-1.013391052207602,-1.013391052207602,0E-17,ELIGIBLE,R03b_20260811_FULL_v1,L1_ELIGIBILITY,v2026-08-11,2026-03-21..2026-08-06,baccarat_bet02_101_all_pairs_incl_sentinel,round_win = game_pnl > 0 (decisive only),COMPATIBILITY_ONLY_NOT_PRODUCTION,296357.1217,267511.9505,6650.6079,18220,18206,-0.02244119,-0.04150452,-0.02020951,-0.02244119,-6650.6079,296357.1217,OK,0.0000,266.0243,4.0000,96.0000,AG03-UNRESOLVED,ALL5_LEVELS_bet23_to_bet27,266.0243,266.0243,266.0243,332.5304,332.5304,4.000000,4.000000,4.000000,5.000000,5.000000,96.000000,96.000000,96.000000,95.000000,95.000000,5.0,1463.1337,1340.2688,5187.4742,5310.3391,PENDING_AG03,FALSE,NOT_FOR_ENFORCEMENT,6384.5836,256811.4724,6650.6079,6384.5836,266.0243,0.02244119,0.02154355,266.0243,6384.5836,0.02154355,266.0243,266.0243,266.0243,332.5304,332.5304,6384.5836,0.02154355,1463.1337,1340.2688,5187.4742,5310.3391,0.01750413,0.01791872,0.00089765,16.2655,14.6936,0.3653,59.3804,1.1678,2646.0457,162.5536,12.4780,16.8648,9.0895,16.5695,22.0926,29.825,33.4482,44.5976,11.8163,0.0,2.018664,2.691552,0.981654,30,240,141,4,0.10479828,0.02244119,0.04150452,0E-8,0.000000,0.902668,0.011910,-0.02129501,2026-03-22,2026-08-05,112,5695,2177,137,0.817518,0.739886,0.767145,0.349328,,,,,,,,GLOBAL_BASELINE_NO_ENTITY_RANKING,,,NOT_APPLICABLE_GLOBAL_BASELINE,HF9g-P5,,,,X 全窗基线 · 不参与实体赏罚,14194225,1420,A168_HF9F_20260827_0900,2026-08-27 09:00:00
2026-04-06,110249610,1654,0,34.0854863998,-0.8521371600,-0.8521371600,0.5000000,2,2,0.49994810000000000,0.499948100000,0.00014679536856514622,0.00014679536856514622,0.00014679536856514622,0E-17,ELIGIBLE,R03b_20260811_FULL_v1,L1_ELIGIBILITY,v2026-08-11,2026-03-21..2026-08-06,baccarat_bet02_101_all_pairs_incl_sentinel,round_win = game_pnl > 0 (decisive only),COMPATIBILITY_ONLY_NOT_PRODUCTION,296357.1217,267511.9505,6650.6079,18220,18206,-0.02244119,-0.04150452,-0.02020951,-0.02244119,-6650.6079,296357.1217,OK,0.0000,266.0243,4.0000,96.0000,AG03-UNRESOLVED,ALL5_LEVELS_bet23_to_bet27,266.0243,266.0243,266.0243,332.5304,332.5304,4.000000,4.000000,4.000000,5.000000,5.000000,96.000000,96.000000,96.000000,95.000000,95.000000,5.0,1463.1337,1340.2688,5187.4742,5310.3391,PENDING_AG03,FALSE,NOT_FOR_ENFORCEMENT,6384.5836,256811.4724,6650.6079,6384.5836,266.0243,0.02244119,0.02154355,266.0243,6384.5836,0.02154355,266.0243,266.0243,266.0243,332.5304,332.5304,6384.5836,0.02154355,1463.1337,1340.2688,5187.4742,5310.3391,0.01750413,0.01791872,0.00089765,16.2655,14.6936,0.3653,59.3804,1.1678,2646.0457,162.5536,12.4780,16.8648,9.0895,16.5695,22.0926,29.825,33.4482,44.5976,11.8163,0.0,2.018664,2.691552,0.981654,30,240,141,4,0.10479828,0.02244119,0.04150452,0E-8,0.000000,0.902668,0.011910,-0.02129501,2026-03-22,2026-08-05,112,5695,2177,137,0.817518,0.739886,0.767145,0.349328,,,,,,,,GLOBAL_BASELINE_NO_ENTITY_RANKING,,,NOT_APPLICABLE_GLOBAL_BASELINE,HF9g-P5,,,,X 全窗基线 · 不参与实体赏罚,14194226,1420,A168_HF9F_20260827_0900,2026-08-27 09:00:00
2026-04-06,110249610,1703,0,232.9174903990,-37.2099893198,-37.2099893198,0.4615385,13,13,0.49943251538461538,0.499432515385,-0.27325808435446375,-0.2732580843572371,-0.27325808435446375,-3.8462E-13,ELIGIBLE,R03b_20260811_FULL_v1,L1_ELIGIBILITY,v2026-08-11,2026-03-21..2026-08-06,baccarat_bet02_101_all_pairs_incl_sentinel,round_win = game_pnl > 0 (decisive only),COMPATIBILITY_ONLY_NOT_PRODUCTION,296357.1217,267511.9505,6650.6079,18220,18206,-0.02244119,-0.04150452,-0.02020951,-0.02244119,-6650.6079,296357.1217,OK,0.0000,266.0243,4.0000,96.0000,AG03-UNRESOLVED,ALL5_LEVELS_bet23_to_bet27,266.0243,266.0243,266.0243,332.5304,332.5304,4.000000,4.000000,4.000000,5.000000,5.000000,96.000000,96.000000,96.000000,95.000000,95.000000,5.0,1463.1337,1340.2688,5187.4742,5310.3391,PENDING_AG03,FALSE,NOT_FOR_ENFORCEMENT,6384.5836,256811.4724,6650.6079,6384.5836,266.0243,0.02244119,0.02154355,266.0243,6384.5836,0.02154355,266.0243,266.0243,266.0243,332.5304,332.5304,6384.5836,0.02154355,1463.1337,1340.2688,5187.4742,5310.3391,0.01750413,0.01791872,0.00089765,16.2655,14.6936,0.3653,59.3804,1.1678,2646.0457,162.5536,12.4780,16.8648,9.0895,16.5695,22.0926,29.825,33.4482,44.5976,11.8163,0.0,2.018664,2.691552,0.981654,30,240,141,4,0.10479828,0.02244119,0.04150452,0E-8,0.000000,0.902668,0.011910,-0.02129501,2026-03-22,2026-08-05,112,5695,2177,137,0.817518,0.739886,0.767145,0.349328,,,,,,,,GLOBAL_BASELINE_NO_ENTITY_RANKING,,,NOT_APPLICABLE_GLOBAL_BASELINE,HF9g-P5,,,,X 全窗基线 · 不参与实体赏罚,14194227,1420,A168_HF9F_20260827_0900,2026-08-27 09:00:00
2026-04-06,110249610,1704,0,34.0854863998,-0.8521371600,-0.8521371600,0.5000000,2,2,0.50665070000000000,0.506650700000,-0.018812684590367487,-0.018812684590367487,-0.018812684590367487,0E-17,ELIGIBLE,R03b_20260811_FULL_v1,L1_ELIGIBILITY,v2026-08-11,2026-03-21..2026-08-06,baccarat_bet02_101_all_pairs_incl_sentinel,round_win = game_pnl > 0 (decisive only),COMPATIBILITY_ONLY_NOT_PRODUCTION,296357.1217,267511.9505,6650.6079,18220,18206,-0.02244119,-0.04150452,-0.02020951,-0.02244119,-6650.6079,296357.1217,OK,0.0000,266.0243,4.0000,96.0000,AG03-UNRESOLVED,ALL5_LEVELS_bet23_to_bet27,266.0243,266.0243,266.0243,332.5304,332.5304,4.000000,4.000000,4.000000,5.000000,5.000000,96.000000,96.000000,96.000000,95.000000,95.000000,5.0,1463.1337,1340.2688,5187.4742,5310.3391,PENDING_AG03,FALSE,NOT_FOR_ENFORCEMENT,6384.5836,256811.4724,6650.6079,6384.5836,266.0243,0.02244119,0.02154355,266.0243,6384.5836,0.02154355,266.0243,266.0243,266.0243,332.5304,332.5304,6384.5836,0.02154355,1463.1337,1340.2688,5187.4742,5310.3391,0.01750413,0.01791872,0.00089765,16.2655,14.6936,0.3653,59.3804,1.1678,2646.0457,162.5536,12.4780,16.8648,9.0895,16.5695,22.0926,29.825,33.4482,44.5976,11.8163,0.0,2.018664,2.691552,0.981654,30,240,141,4,0.10479828,0.02244119,0.04150452,0E-8,0.000000,0.902668,0.011910,-0.02129501,2026-03-22,2026-08-05,112,5695,2177,137,0.817518,0.739886,0.767145,0.349328,,,,,,,,GLOBAL_BASELINE_NO_ENTITY_RANKING,,,NOT_APPLICABLE_GLOBAL_BASELINE,HF9g-P5,,,,X 全窗基线 · 不参与实体赏罚,14194228,1420,A168_HF9F_20260827_0900,2026-08-27 09:00:00
2026-04-06,110249610,1714,0,55.6729611197,-22.4396118799,-22.4396118799,0.3333333,3,3,0.50665070000000000,0.506650700000,-0.6004420894325239,-0.6004420894325239,-0.6004420894325239,0E-17,ELIGIBLE,R03b_20260811_FULL_v1,L1_ELIGIBILITY,v2026-08-11,2026-03-21..2026-08-06,baccarat_bet02_101_all_pairs_incl_sentinel,round_win = game_pnl > 0 (decisive only),COMPATIBILITY_ONLY_NOT_PRODUCTION,296357.1217,267511.9505,6650.6079,18220,18206,-0.02244119,-0.04150452,-0.02020951,-0.02244119,-6650.6079,296357.1217,OK,0.0000,266.0243,4.0000,96.0000,AG03-UNRESOLVED,ALL5_LEVELS_bet23_to_bet27,266.0243,266.0243,266.0243,332.5304,332.5304,4.000000,4.000000,4.000000,5.000000,5.000000,96.000000,96.000000,96.000000,95.000000,95.000000,5.0,1463.1337,1340.2688,5187.4742,5310.3391,PENDING_AG03,FALSE,NOT_FOR_ENFORCEMENT,6384.5836,256811.4724,6650.6079,6384.5836,266.0243,0.02244119,0.02154355,266.0243,6384.5836,0.02154355,266.0243,266.0243,266.0243,332.5304,332.5304,6384.5836,0.02154355,1463.1337,1340.2688,5187.4742,5310.3391,0.01750413,0.01791872,0.00089765,16.2655,14.6936,0.3653,59.3804,1.1678,2646.0457,162.5536,12.4780,16.8648,9.0895,16.5695,22.0926,29.825,33.4482,44.5976,11.8163,0.0,2.018664,2.691552,0.981654,30,240,141,4,0.10479828,0.02244119,0.04150452,0E-8,0.000000,0.902668,0.011910,-0.02129501,2026-03-22,2026-08-05,112,5695,2177,137,0.817518,0.739886,0.767145,0.349328,,,,,,,,GLOBAL_BASELINE_NO_ENTITY_RANKING,,,NOT_APPLICABLE_GLOBAL_BASELINE,HF9g-P5,,,,X 全窗基线 · 不参与实体赏罚,14194229,1420,A168_HF9F_20260827_0900,2026-08-27 09:00:00
2026-04-06,110249610,1941,0,129.5248483196,-53.9118776558,-53.9118776558,0.2857143,8,8,0.49994810000000000,0.499948100000,-1.133618796148647,-1.133618796148647,-1.133618796148647,0E-17,ELIGIBLE,R03b_20260811_FULL_v1,L1_ELIGIBILITY,v2026-08-11,2026-03-21..2026-08-06,baccarat_bet02_101_all_pairs_incl_sentinel,round_win = game_pnl > 0 (decisive only),COMPATIBILITY_ONLY_NOT_PRODUCTION,296357.1217,267511.9505,6650.6079,18220,18206,-0.02244119,-0.04150452,-0.02020951,-0.02244119,-6650.6079,296357.1217,OK,0.0000,266.0243,4.0000,96.0000,AG03-UNRESOLVED,ALL5_LEVELS_bet23_to_bet27,266.0243,266.0243,266.0243,332.5304,332.5304,4.000000,4.000000,4.000000,5.000000,5.000000,96.000000,96.000000,96.000000,95.000000,95.000000,5.0,1463.1337,1340.2688,5187.4742,5310.3391,PENDING_AG03,FALSE,NOT_FOR_ENFORCEMENT,6384.5836,256811.4724,6650.6079,6384.5836,266.0243,0.02244119,0.02154355,266.0243,6384.5836,0.02154355,266.0243,266.0243,266.0243,332.5304,332.5304,6384.5836,0.02154355,1463.1337,1340.2688,5187.4742,5310.3391,0.01750413,0.01791872,0.00089765,16.2655,14.6936,0.3653,59.3804,1.1678,2646.0457,162.5536,12.4780,16.8648,9.0895,16.5695,22.0926,29.825,33.4482,44.5976,11.8163,0.0,2.018664,2.691552,0.981654,30,240,141,4,0.10479828,0.02244119,0.04150452,0E-8,0.000000,0.902668,0.011910,-0.02129501,2026-03-22,2026-08-05,112,5695,2177,137,0.817518,0.739886,0.767145,0.349328,,,,,,,,GLOBAL_BASELINE_NO_ENTITY_RANKING,,,NOT_APPLICABLE_GLOBAL_BASELINE,HF9g-P5,,,,X 全窗基线 · 不参与实体赏罚,14194230,1420,A168_HF9F_20260827_0900,2026-08-27 09:00:00
2026-04-06,110249610,1942,0,428.3409457583,6.1921966959,6.1921966959,0.4761905,25,25,0.50343345200000000,0.503433452000,-0.24969188470721568,-0.24969188470721568,-0.24969188470721568,0E-17,ELIGIBLE,R03b_20260811_FULL_v1,L1_ELIGIBILITY,v2026-08-11,2026-03-21..2026-08-06,baccarat_bet02_101_all_pairs_incl_sentinel,round_win = game_pnl > 0 (decisive only),COMPATIBILITY_ONLY_NOT_PRODUCTION,296357.1217,267511.9505,6650.6079,18220,18206,-0.02244119,-0.04150452,-0.02020951,-0.02244119,-6650.6079,296357.1217,OK,0.0000,266.0243,4.0000,96.0000,AG03-UNRESOLVED,ALL5_LEVELS_bet23_to_bet27,266.0243,266.0243,266.0243,332.5304,332.5304,4.000000,4.000000,4.000000,5.000000,5.000000,96.000000,96.000000,96.000000,95.000000,95.000000,5.0,1463.1337,1340.2688,5187.4742,5310.3391,PENDING_AG03,FALSE,NOT_FOR_ENFORCEMENT,6384.5836,256811.4724,6650.6079,6384.5836,266.0243,0.02244119,0.02154355,266.0243,6384.5836,0.02154355,266.0243,266.0243,266.0243,332.5304,332.5304,6384.5836,0.02154355,1463.1337,1340.2688,5187.4742,5310.3391,0.01750413,0.01791872,0.00089765,16.2655,14.6936,0.3653,59.3804,1.1678,2646.0457,162.5536,12.4780,16.8648,9.0895,16.5695,22.0926,29.825,33.4482,44.5976,11.8163,0.0,2.018664,2.691552,0.981654,30,240,141,4,0.10479828,0.02244119,0.04150452,0E-8,0.000000,0.902668,0.011910,-0.02129501,2026-03-22,2026-08-05,112,5695,2177,137,0.817518,0.739886,0.767145,0.349328,,,,,,,,GLOBAL_BASELINE_NO_ENTITY_RANKING,,,NOT_APPLICABLE_GLOBAL_BASELINE,HF9g-P5,,,,X 全窗基线 · 不参与实体赏罚,14194231,1420,A168_HF9F_20260827_0900,2026-08-27 09:00:00
2026-04-06,110249610,1947,0,129.5248483194,-33.8014406798,-33.8014406798,0.4000000,7,7,0.49899058571428571,0.498990585714,-0.4427002597300625,-0.4427002597287852,-0.4427002597300625,2.8571E-13,ELIGIBLE,R03b_20260811_FULL_v1,L1_ELIGIBILITY,v2026-08-11,2026-03-21..2026-08-06,baccarat_bet02_101_all_pairs_incl_sentinel,round_win = game_pnl > 0 (decisive only),COMPATIBILITY_ONLY_NOT_PRODUCTION,296357.1217,267511.9505,6650.6079,18220,18206,-0.02244119,-0.04150452,-0.02020951,-0.02244119,-6650.6079,296357.1217,OK,0.0000,266.0243,4.0000,96.0000,AG03-UNRESOLVED,ALL5_LEVELS_bet23_to_bet27,266.0243,266.0243,266.0243,332.5304,332.5304,4.000000,4.000000,4.000000,5.000000,5.000000,96.000000,96.000000,96.000000,95.000000,95.000000,5.0,1463.1337,1340.2688,5187.4742,5310.3391,PENDING_AG03,FALSE,NOT_FOR_ENFORCEMENT,6384.5836,256811.4724,6650.6079,6384.5836,266.0243,0.02244119,0.02154355,266.0243,6384.5836,0.02154355,266.0243,266.0243,266.0243,332.5304,332.5304,6384.5836,0.02154355,1463.1337,1340.2688,5187.4742,5310.3391,0.01750413,0.01791872,0.00089765,16.2655,14.6936,0.3653,59.3804,1.1678,2646.0457,162.5536,12.4780,16.8648,9.0895,16.5695,22.0926,29.825,33.4482,44.5976,11.8163,0.0,2.018664,2.691552,0.981654,30,240,141,4,0.10479828,0.02244119,0.04150452,0E-8,0.000000,0.902668,0.011910,-0.02129501,2026-03-22,2026-08-05,112,5695,2177,137,0.817518,0.739886,0.767145,0.349328,,,,,,,,GLOBAL_BASELINE_NO_ENTITY_RANKING,,,NOT_APPLICABLE_GLOBAL_BASELINE,HF9g-P5,,,,X 全窗基线 · 不参与实体赏罚,14194232,1420,A168_HF9F_20260827_0900,2026-08-27 09:00:00
2026-04-06,110249610,1951,0,67.0347899198,-0.5680914400,-0.5680914400,0.5000000,4,4,0.50329940000000000,0.503299400000,-0.01319788734859681,-0.01319788734859681,-0.01319788734859681,0E-17,ELIGIBLE,R03b_20260811_FULL_v1,L1_ELIGIBILITY,v2026-08-11,2026-03-21..2026-08-06,baccarat_bet02_101_all_pairs_incl_sentinel,round_win = game_pnl > 0 (decisive only),COMPATIBILITY_ONLY_NOT_PRODUCTION,296357.1217,267511.9505,6650.6079,18220,18206,-0.02244119,-0.04150452,-0.02020951,-0.02244119,-6650.6079,296357.1217,OK,0.0000,266.0243,4.0000,96.0000,AG03-UNRESOLVED,ALL5_LEVELS_bet23_to_bet27,266.0243,266.0243,266.0243,332.5304,332.5304,4.000000,4.000000,4.000000,5.000000,5.000000,96.000000,96.000000,96.000000,95.000000,95.000000,5.0,1463.1337,1340.2688,5187.4742,5310.3391,PENDING_AG03,FALSE,NOT_FOR_ENFORCEMENT,6384.5836,256811.4724,6650.6079,6384.5836,266.0243,0.02244119,0.02154355,266.0243,6384.5836,0.02154355,266.0243,266.0243,266.0243,332.5304,332.5304,6384.5836,0.02154355,1463.1337,1340.2688,5187.4742,5310.3391,0.01750413,0.01791872,0.00089765,16.2655,14.6936,0.3653,59.3804,1.1678,2646.0457,162.5536,12.4780,16.8648,9.0895,16.5695,22.0926,29.825,33.4482,44.5976,11.8163,0.0,2.018664,2.691552,0.981654,30,240,141,4,0.10479828,0.02244119,0.04150452,0E-8,0.000000,0.902668,0.011910,-0.02129501,2026-03-22,2026-08-05,112,5695,2177,137,0.817518,0.739886,0.767145,0.349328,,,,,,,,GLOBAL_BASELINE_NO_ENTITY_RANKING,,,NOT_APPLICABLE_GLOBAL_BASELINE,HF9g-P5,,,,X 全窗基线 · 不参与实体赏罚,14194233,1420,A168_HF9F_20260827_0900,2026-08-27 09:00:00
2026-04-06,110249610,1957,0,217.0109300790,13.9750494239,13.9750494239,0.6000000,11,11,0.50543204545454545,0.505432045455,0.5981355596082979,0.5981355596054287,0.5981355596082979,-4.5455E-13,ELIGIBLE,R03b_20260811_FULL_v1,L1_ELIGIBILITY,v2026-08-11,2026-03-21..2026-08-06,baccarat_bet02_101_all_pairs_incl_sentinel,round_win = game_pnl > 0 (decisive only),COMPATIBILITY_ONLY_NOT_PRODUCTION,296357.1217,267511.9505,6650.6079,18220,18206,-0.02244119,-0.04150452,-0.02020951,-0.02244119,-6650.6079,296357.1217,OK,0.0000,266.0243,4.0000,96.0000,AG03-UNRESOLVED,ALL5_LEVELS_bet23_to_bet27,266.0243,266.0243,266.0243,332.5304,332.5304,4.000000,4.000000,4.000000,5.000000,5.000000,96.000000,96.000000,96.000000,95.000000,95.000000,5.0,1463.1337,1340.2688,5187.4742,5310.3391,PENDING_AG03,FALSE,NOT_FOR_ENFORCEMENT,6384.5836,256811.4724,6650.6079,6384.5836,266.0243,0.02244119,0.02154355,266.0243,6384.5836,0.02154355,266.0243,266.0243,266.0243,332.5304,332.5304,6384.5836,0.02154355,1463.1337,1340.2688,5187.4742,5310.3391,0.01750413,0.01791872,0.00089765,16.2655,14.6936,0.3653,59.3804,1.1678,2646.0457,162.5536,12.4780,16.8648,9.0895,16.5695,22.0926,29.825,33.4482,44.5976,11.8163,0.0,2.018664,2.691552,0.981654,30,240,141,4,0.10479828,0.02244119,0.04150452,0E-8,0.000000,0.902668,0.011910,-0.02129501,2026-03-22,2026-08-05,112,5695,2177,137,0.817518,0.739886,0.767145,0.349328,,,,,,,,GLOBAL_BASELINE_NO_ENTITY_RANKING,,,NOT_APPLICABLE_GLOBAL_BASELINE,HF9g-P5,,,,X 全窗基线 · 不参与实体赏罚,14194234,1420,A168_HF9F_20260827_0900,2026-08-27 09:00:00
2026-04-06,110249610,1963,0,121.5715681595,-38.3461721998,-38.3461721998,0.4285714,8,8,0.49994810000000000,0.499948100000,-0.377689846057837,-0.377689846057837,-0.377689846057837,0E-17,ELIGIBLE,R03b_20260811_FULL_v1,L1_ELIGIBILITY,v2026-08-11,2026-03-21..2026-08-06,baccarat_bet02_101_all_pairs_incl_sentinel,round_win = game_pnl > 0 (decisive only),COMPATIBILITY_ONLY_NOT_PRODUCTION,296357.1217,267511.9505,6650.6079,18220,18206,-0.02244119,-0.04150452,-0.02020951,-0.02244119,-6650.6079,296357.1217,OK,0.0000,266.0243,4.0000,96.0000,AG03-UNRESOLVED,ALL5_LEVELS_bet23_to_bet27,266.0243,266.0243,266.0243,332.5304,332.5304,4.000000,4.000000,4.000000,5.000000,5.000000,96.000000,96.000000,96.000000,95.000000,95.000000,5.0,1463.1337,1340.2688,5187.4742,5310.3391,PENDING_AG03,FALSE,NOT_FOR_ENFORCEMENT,6384.5836,256811.4724,6650.6079,6384.5836,266.0243,0.02244119,0.02154355,266.0243,6384.5836,0.02154355,266.0243,266.0243,266.0243,332.5304,332.5304,6384.5836,0.02154355,1463.1337,1340.2688,5187.4742,5310.3391,0.01750413,0.01791872,0.00089765,16.2655,14.6936,0.3653,59.3804,1.1678,2646.0457,162.5536,12.4780,16.8648,9.0895,16.5695,22.0926,29.825,33.4482,44.5976,11.8163,0.0,2.018664,2.691552,0.981654,30,240,141,4,0.10479828,0.02244119,0.04150452,0E-8,0.000000,0.902668,0.011910,-0.02129501,2026-03-22,2026-08-05,112,5695,2177,137,0.817518,0.739886,0.767145,0.349328,,,,,,,,GLOBAL_BASELINE_NO_ENTITY_RANKING,,,NOT_APPLICABLE_GLOBAL_BASELINE,HF9g-P5,,,,X 全窗基线 · 不参与实体赏罚,14194235,1420,A168_HF9F_20260827_0900,2026-08-27 09:00:00
2026-04-06,110249610,1966,0,160.2017860793,-29.4839457358,-29.4839457358,0.4444444,9,9,0.50516123333333333,0.505161233333,-0.36432014361047776,-0.3643201436084752,-0.36432014361047776,3.3333E-13,ELIGIBLE,R03b_20260811_FULL_v1,L1_ELIGIBILITY,v2026-08-11,2026-03-21..2026-08-06,baccarat_bet02_101_all_pairs_incl_sentinel,round_win = game_pnl > 0 (decisive only),COMPATIBILITY_ONLY_NOT_PRODUCTION,296357.1217,267511.9505,6650.6079,18220,18206,-0.02244119,-0.04150452,-0.02020951,-0.02244119,-6650.6079,296357.1217,OK,0.0000,266.0243,4.0000,96.0000,AG03-UNRESOLVED,ALL5_LEVELS_bet23_to_bet27,266.0243,266.0243,266.0243,332.5304,332.5304,4.000000,4.000000,4.000000,5.000000,5.000000,96.000000,96.000000,96.000000,95.000000,95.000000,5.0,1463.1337,1340.2688,5187.4742,5310.3391,PENDING_AG03,FALSE,NOT_FOR_ENFORCEMENT,6384.5836,256811.4724,6650.6079,6384.5836,266.0243,0.02244119,0.02154355,266.0243,6384.5836,0.02154355,266.0243,266.0243,266.0243,332.5304,332.5304,6384.5836,0.02154355,1463.1337,1340.2688,5187.4742,5310.3391,0.01750413,0.01791872,0.00089765,16.2655,14.6936,0.3653,59.3804,1.1678,2646.0457,162.5536,12.4780,16.8648,9.0895,16.5695,22.0926,29.825,33.4482,44.5976,11.8163,0.0,2.018664,2.691552,0.981654,30,240,141,4,0.10479828,0.02244119,0.04150452,0E-8,0.000000,0.902668,0.011910,-0.02129501,2026-03-22,2026-08-05,112,5695,2177,137,0.817518,0.739886,0.767145,0.349328,,,,,,,,GLOBAL_BASELINE_NO_ENTITY_RANKING,,,NOT_APPLICABLE_GLOBAL_BASELINE,HF9g-P5,,,,X 全窗基线 · 不参与实体赏罚,14194236,1420,A168_HF9F_20260827_0900,2026-08-27 09:00:00
2026-04-06,110249610,1996,0,55.6729611197,-22.4396118799,-22.4396118799,0.3333333,3,3,0.50665070000000000,0.506650700000,-0.6004420894325239,-0.6004420894325239,-0.6004420894325239,0E-17,ELIGIBLE,R03b_20260811_FULL_v1,L1_ELIGIBILITY,v2026-08-11,2026-03-21..2026-08-06,baccarat_bet02_101_all_pairs_incl_sentinel,round_win = game_pnl > 0 (decisive only),COMPATIBILITY_ONLY_NOT_PRODUCTION,296357.1217,267511.9505,6650.6079,18220,18206,-0.02244119,-0.04150452,-0.02020951,-0.02244119,-6650.6079,296357.1217,OK,0.0000,266.0243,4.0000,96.0000,AG03-UNRESOLVED,ALL5_LEVELS_bet23_to_bet27,266.0243,266.0243,266.0243,332.5304,332.5304,4.000000,4.000000,4.000000,5.000000,5.000000,96.000000,96.000000,96.000000,95.000000,95.000000,5.0,1463.1337,1340.2688,5187.4742,5310.3391,PENDING_AG03,FALSE,NOT_FOR_ENFORCEMENT,6384.5836,256811.4724,6650.6079,6384.5836,266.0243,0.02244119,0.02154355,266.0243,6384.5836,0.02154355,266.0243,266.0243,266.0243,332.5304,332.5304,6384.5836,0.02154355,1463.1337,1340.2688,5187.4742,5310.3391,0.01750413,0.01791872,0.00089765,16.2655,14.6936,0.3653,59.3804,1.1678,2646.0457,162.5536,12.4780,16.8648,9.0895,16.5695,22.0926,29.825,33.4482,44.5976,11.8163,0.0,2.018664,2.691552,0.981654,30,240,141,4,0.10479828,0.02244119,0.04150452,0E-8,0.000000,0.902668,0.011910,-0.02129501,2026-03-22,2026-08-05,112,5695,2177,137,0.817518,0.739886,0.767145,0.349328,,,,,,,,GLOBAL_BASELINE_NO_ENTITY_RANKING,,,NOT_APPLICABLE_GLOBAL_BASELINE,HF9g-P5,,,,X 全窗基线 · 不参与实体赏罚,14194237,1420,A168_HF9F_20260827_0900,2026-08-27 09:00:00
2026-04-06,110249610,2101,0,259.7314063670,-6.8739064240,-6.8739064240,0.4545455,12,12,0.50329940000000000,0.503299400000,-0.3234041295018258,-0.3234041295018258,-0.3234041295018258,0E-17,ELIGIBLE,R03b_20260811_FULL_v1,L1_ELIGIBILITY,v2026-08-11,2026-03-21..2026-08-06,baccarat_bet02_101_all_pairs_incl_sentinel,round_win = game_pnl > 0 (decisive only),COMPATIBILITY_ONLY_NOT_PRODUCTION,296357.1217,267511.9505,6650.6079,18220,18206,-0.02244119,-0.04150452,-0.02020951,-0.02244119,-6650.6079,296357.1217,OK,0.0000,266.0243,4.0000,96.0000,AG03-UNRESOLVED,ALL5_LEVELS_bet23_to_bet27,266.0243,266.0243,266.0243,332.5304,332.5304,4.000000,4.000000,4.000000,5.000000,5.000000,96.000000,96.000000,96.000000,95.000000,95.000000,5.0,1463.1337,1340.2688,5187.4742,5310.3391,PENDING_AG03,FALSE,NOT_FOR_ENFORCEMENT,6384.5836,256811.4724,6650.6079,6384.5836,266.0243,0.02244119,0.02154355,266.0243,6384.5836,0.02154355,266.0243,266.0243,266.0243,332.5304,332.5304,6384.5836,0.02154355,1463.1337,1340.2688,5187.4742,5310.3391,0.01750413,0.01791872,0.00089765,16.2655,14.6936,0.3653,59.3804,1.1678,2646.0457,162.5536,12.4780,16.8648,9.0895,16.5695,22.0926,29.825,33.4482,44.5976,11.8163,0.0,2.018664,2.691552,0.981654,30,240,141,4,0.10479828,0.02244119,0.04150452,0E-8,0.000000,0.902668,0.011910,-0.02129501,2026-03-22,2026-08-05,112,5695,2177,137,0.817518,0.739886,0.767145,0.349328,,,,,,,,GLOBAL_BASELINE_NO_ENTITY_RANKING,,,NOT_APPLICABLE_GLOBAL_BASELINE,HF9g-P5,,,,X 全窗基线 · 不参与实体赏罚,14194238,1420,A168_HF9F_20260827_0900,2026-08-27 09:00:00
2026-04-06,110249610,2108,0,11.3618288000,-11.3618288000,-11.3618288000,0E-7,1,1,0.49324550000000000,0.493245500000,-0.9865810262130424,-0.9865810262130424,-0.9865810262130424,0E-17,ELIGIBLE,R03b_20260811_FULL_v1,L1_ELIGIBILITY,v2026-08-11,2026-03-21..2026-08-06,baccarat_bet02_101_all_pairs_incl_sentinel,round_win = game_pnl > 0 (decisive only),COMPATIBILITY_ONLY_NOT_PRODUCTION,296357.1217,267511.9505,6650.6079,18220,18206,-0.02244119,-0.04150452,-0.02020951,-0.02244119,-6650.6079,296357.1217,OK,0.0000,266.0243,4.0000,96.0000,AG03-UNRESOLVED,ALL5_LEVELS_bet23_to_bet27,266.0243,266.0243,266.0243,332.5304,332.5304,4.000000,4.000000,4.000000,5.000000,5.000000,96.000000,96.000000,96.000000,95.000000,95.000000,5.0,1463.1337,1340.2688,5187.4742,5310.3391,PENDING_AG03,FALSE,NOT_FOR_ENFORCEMENT,6384.5836,256811.4724,6650.6079,6384.5836,266.0243,0.02244119,0.02154355,266.0243,6384.5836,0.02154355,266.0243,266.0243,266.0243,332.5304,332.5304,6384.5836,0.02154355,1463.1337,1340.2688,5187.4742,5310.3391,0.01750413,0.01791872,0.00089765,16.2655,14.6936,0.3653,59.3804,1.1678,2646.0457,162.5536,12.4780,16.8648,9.0895,16.5695,22.0926,29.825,33.4482,44.5976,11.8163,0.0,2.018664,2.691552,0.981654,30,240,141,4,0.10479828,0.02244119,0.04150452,0E-8,0.000000,0.902668,0.011910,-0.02129501,2026-03-22,2026-08-05,112,5695,2177,137,0.817518,0.739886,0.767145,0.349328,,,,,,,,GLOBAL_BASELINE_NO_ENTITY_RANKING,,,NOT_APPLICABLE_GLOBAL_BASELINE,HF9g-P5,,,,X 全窗基线 · 不参与实体赏罚,14194239,1420,A168_HF9F_20260827_0900,2026-08-27 09:00:00
2026-04-06,110249610,2115,0,131.5699775038,10.5835435274,10.5835435274,0.6666667,14,14,0.50090561428571429,0.500905614286,1.1484281422984883,1.1484281422965101,1.1484281422984883,-2.8571E-13,ELIGIBLE,R03b_20260811_FULL_v1,L1_ELIGIBILITY,v2026-08-11,2026-03-21..2026-08-06,baccarat_bet02_101_all_pairs_incl_sentinel,round_win = game_pnl > 0 (decisive only),COMPATIBILITY_ONLY_NOT_PRODUCTION,296357.1217,267511.9505,6650.6079,18220,18206,-0.02244119,-0.04150452,-0.02020951,-0.02244119,-6650.6079,296357.1217,OK,0.0000,266.0243,4.0000,96.0000,AG03-UNRESOLVED,ALL5_LEVELS_bet23_to_bet27,266.0243,266.0243,266.0243,332.5304,332.5304,4.000000,4.000000,4.000000,5.000000,5.000000,96.000000,96.000000,96.000000,95.000000,95.000000,5.0,1463.1337,1340.2688,5187.4742,5310.3391,PENDING_AG03,FALSE,NOT_FOR_ENFORCEMENT,6384.5836,256811.4724,6650.6079,6384.5836,266.0243,0.02244119,0.02154355,266.0243,6384.5836,0.02154355,266.0243,266.0243,266.0243,332.5304,332.5304,6384.5836,0.02154355,1463.1337,1340.2688,5187.4742,5310.3391,0.01750413,0.01791872,0.00089765,16.2655,14.6936,0.3653,59.3804,1.1678,2646.0457,162.5536,12.4780,16.8648,9.0895,16.5695,22.0926,29.825,33.4482,44.5976,11.8163,0.0,2.018664,2.691552,0.981654,30,240,141,4,0.10479828,0.02244119,0.04150452,0E-8,0.000000,0.902668,0.011910,-0.02129501,2026-03-22,2026-08-05,112,5695,2177,137,0.817518,0.739886,0.767145,0.349328,,,,,,,,GLOBAL_BASELINE_NO_ENTITY_RANKING,,,NOT_APPLICABLE_GLOBAL_BASELINE,HF9g-P5,,,,X 全窗基线 · 不参与实体赏罚,14194240,1420,A168_HF9F_20260827_0900,2026-08-27 09:00:00
2026-04-06,110249610,2117,0,74.4199786399,-11.0550594223,-11.0550594223,0.5000000,6,6,0.50441650000000000,0.504416500000,-0.02163718700157003,-0.02163718700157003,-0.02163718700157003,0E-17,ELIGIBLE,R03b_20260811_FULL_v1,L1_ELIGIBILITY,v2026-08-11,2026-03-21..2026-08-06,baccarat_bet02_101_all_pairs_incl_sentinel,round_win = game_pnl > 0 (decisive only),COMPATIBILITY_ONLY_NOT_PRODUCTION,296357.1217,267511.9505,6650.6079,18220,18206,-0.02244119,-0.04150452,-0.02020951,-0.02244119,-6650.6079,296357.1217,OK,0.0000,266.0243,4.0000,96.0000,AG03-UNRESOLVED,ALL5_LEVELS_bet23_to_bet27,266.0243,266.0243,266.0243,332.5304,332.5304,4.000000,4.000000,4.000000,5.000000,5.000000,96.000000,96.000000,96.000000,95.000000,95.000000,5.0,1463.1337,1340.2688,5187.4742,5310.3391,PENDING_AG03,FALSE,NOT_FOR_ENFORCEMENT,6384.5836,256811.4724,6650.6079,6384.5836,266.0243,0.02244119,0.02154355,266.0243,6384.5836,0.02154355,266.0243,266.0243,266.0243,332.5304,332.5304,6384.5836,0.02154355,1463.1337,1340.2688,5187.4742,5310.3391,0.01750413,0.01791872,0.00089765,16.2655,14.6936,0.3653,59.3804,1.1678,2646.0457,162.5536,12.4780,16.8648,9.0895,16.5695,22.0926,29.825,33.4482,44.5976,11.8163,0.0,2.018664,2.691552,0.981654,30,240,141,4,0.10479828,0.02244119,0.04150452,0E-8,0.000000,0.902668,0.011910,-0.02129501,2026-03-22,2026-08-05,112,5695,2177,137,0.817518,0.739886,0.767145,0.349328,,,,,,,,GLOBAL_BASELINE_NO_ENTITY_RANKING,,,NOT_APPLICABLE_GLOBAL_BASELINE,HF9g-P5,,,,X 全窗基线 · 不参与实体赏罚,14194241,1420,A168_HF9F_20260827_0900,2026-08-27 09:00:00
2026-04-06,110249610,2121,0,7.9532801600,-0.1136182880,-0.1136182880,0.5000000,3,3,0.50665070000000000,0.506650700000,-0.018812684590367487,-0.018812684590367487,-0.018812684590367487,0E-17,ELIGIBLE,R03b_20260811_FULL_v1,L1_ELIGIBILITY,v2026-08-11,2026-03-21..2026-08-06,baccarat_bet02_101_all_pairs_incl_sentinel,round_win = game_pnl > 0 (decisive only),COMPATIBILITY_ONLY_NOT_PRODUCTION,296357.1217,267511.9505,6650.6079,18220,18206,-0.02244119,-0.04150452,-0.02020951,-0.02244119,-6650.6079,296357.1217,OK,0.0000,266.0243,4.0000,96.0000,AG03-UNRESOLVED,ALL5_LEVELS_bet23_to_bet27,266.0243,266.0243,266.0243,332.5304,332.5304,4.000000,4.000000,4.000000,5.000000,5.000000,96.000000,96.000000,96.000000,95.000000,95.000000,5.0,1463.1337,1340.2688,5187.4742,5310.3391,PENDING_AG03,FALSE,NOT_FOR_ENFORCEMENT,6384.5836,256811.4724,6650.6079,6384.5836,266.0243,0.02244119,0.02154355,266.0243,6384.5836,0.02154355,266.0243,266.0243,266.0243,332.5304,332.5304,6384.5836,0.02154355,1463.1337,1340.2688,5187.4742,5310.3391,0.01750413,0.01791872,0.00089765,16.2655,14.6936,0.3653,59.3804,1.1678,2646.0457,162.5536,12.4780,16.8648,9.0895,16.5695,22.0926,29.825,33.4482,44.5976,11.8163,0.0,2.018664,2.691552,0.981654,30,240,141,4,0.10479828,0.02244119,0.04150452,0E-8,0.000000,0.902668,0.011910,-0.02129501,2026-03-22,2026-08-05,112,5695,2177,137,0.817518,0.739886,0.767145,0.349328,,,,,,,,GLOBAL_BASELINE_NO_ENTITY_RANKING,,,NOT_APPLICABLE_GLOBAL_BASELINE,HF9g-P5,,,,X 全窗基线 · 不参与实体赏罚,14194242,1420,A168_HF9F_20260827_0900,2026-08-27 09:00:00
2026-04-06,110249610,2127,0,36.3578521599,-27.2683891199,-27.2683891199,0E-7,2,2,0.49994810000000000,0.499948100000,-0.9998962053866608,-0.9998962053866608,-0.9998962053866608,0E-17,ELIGIBLE,R03b_20260811_FULL_v1,L1_ELIGIBILITY,v2026-08-11,2026-03-21..2026-08-06,baccarat_bet02_101_all_pairs_incl_sentinel,round_win = game_pnl > 0 (decisive only),COMPATIBILITY_ONLY_NOT_PRODUCTION,296357.1217,267511.9505,6650.6079,18220,18206,-0.02244119,-0.04150452,-0.02020951,-0.02244119,-6650.6079,296357.1217,OK,0.0000,266.0243,4.0000,96.0000,AG03-UNRESOLVED,ALL5_LEVELS_bet23_to_bet27,266.0243,266.0243,266.0243,332.5304,332.5304,4.000000,4.000000,4.000000,5.000000,5.000000,96.000000,96.000000,96.000000,95.000000,95.000000,5.0,1463.1337,1340.2688,5187.4742,5310.3391,PENDING_AG03,FALSE,NOT_FOR_ENFORCEMENT,6384.5836,256811.4724,6650.6079,6384.5836,266.0243,0.02244119,0.02154355,266.0243,6384.5836,0.02154355,266.0243,266.0243,266.0243,332.5304,332.5304,6384.5836,0.02154355,1463.1337,1340.2688,5187.4742,5310.3391,0.01750413,0.01791872,0.00089765,16.2655,14.6936,0.3653,59.3804,1.1678,2646.0457,162.5536,12.4780,16.8648,9.0895,16.5695,22.0926,29.825,33.4482,44.5976,11.8163,0.0,2.018664,2.691552,0.981654,30,240,141,4,0.10479828,0.02244119,0.04150452,0E-8,0.000000,0.902668,0.011910,-0.02129501,2026-03-22,2026-08-05,112,5695,2177,137,0.817518,0.739886,0.767145,0.349328,,,,,,,,GLOBAL_BASELINE_NO_ENTITY_RANKING,,,NOT_APPLICABLE_GLOBAL_BASELINE,HF9g-P5,,,,X 全窗基线 · 不参与实体赏罚,14194243,1420,A168_HF9F_20260827_0900,2026-08-27 09:00:00
2026-04-06,110249610,2129,0,121.0034767195,-22.4112073079,-22.4112073079,0.5000000,6,6,0.50665070000000000,0.506650700000,-0.032584525537284574,-0.032584525537284574,-0.032584525537284574,0E-17,ELIGIBLE,R03b_20260811_FULL_v1,L1_ELIGIBILITY,v2026-08-11,2026-03-21..2026-08-06,baccarat_bet02_101_all_pairs_incl_sentinel,round_win = game_pnl > 0 (decisive only),COMPATIBILITY_ONLY_NOT_PRODUCTION,296357.1217,267511.9505,6650.6079,18220,18206,-0.02244119,-0.04150452,-0.02020951,-0.02244119,-6650.6079,296357.1217,OK,0.0000,266.0243,4.0000,96.0000,AG03-UNRESOLVED,ALL5_LEVELS_bet23_to_bet27,266.0243,266.0243,266.0243,332.5304,332.5304,4.000000,4.000000,4.000000,5.000000,5.000000,96.000000,96.000000,96.000000,95.000000,95.000000,5.0,1463.1337,1340.2688,5187.4742,5310.3391,PENDING_AG03,FALSE,NOT_FOR_ENFORCEMENT,6384.5836,256811.4724,6650.6079,6384.5836,266.0243,0.02244119,0.02154355,266.0243,6384.5836,0.02154355,266.0243,266.0243,266.0243,332.5304,332.5304,6384.5836,0.02154355,1463.1337,1340.2688,5187.4742,5310.3391,0.01750413,0.01791872,0.00089765,16.2655,14.6936,0.3653,59.3804,1.1678,2646.0457,162.5536,12.4780,16.8648,9.0895,16.5695,22.0926,29.825,33.4482,44.5976,11.8163,0.0,2.018664,2.691552,0.981654,30,240,141,4,0.10479828,0.02244119,0.04150452,0E-8,0.000000,0.902668,0.011910,-0.02129501,2026-03-22,2026-08-05,112,5695,2177,137,0.817518,0.739886,0.767145,0.349328,,,,,,,,GLOBAL_BASELINE_NO_ENTITY_RANKING,,,NOT_APPLICABLE_GLOBAL_BASELINE,HF9g-P5,,,,X 全窗基线 · 不参与实体赏罚,14194244,1420,A168_HF9F_20260827_0900,2026-08-27 09:00:00
2026-04-06,110249610,2141,0,20.4512918400,-15.9065603200,-15.9065603200,0E-7,3,3,0.50218230000000000,0.502182300000,-1.4203995680682369,-1.4203995680682369,-1.4203995680682369,0E-17,ELIGIBLE,R03b_20260811_FULL_v1,L1_ELIGIBILITY,v2026-08-11,2026-03-21..2026-08-06,baccarat_bet02_101_all_pairs_incl_sentinel,round_win = game_pnl > 0 (decisive only),COMPATIBILITY_ONLY_NOT_PRODUCTION,296357.1217,267511.9505,6650.6079,18220,18206,-0.02244119,-0.04150452,-0.02020951,-0.02244119,-6650.6079,296357.1217,OK,0.0000,266.0243,4.0000,96.0000,AG03-UNRESOLVED,ALL5_LEVELS_bet23_to_bet27,266.0243,266.0243,266.0243,332.5304,332.5304,4.000000,4.000000,4.000000,5.000000,5.000000,96.000000,96.000000,96.000000,95.000000,95.000000,5.0,1463.1337,1340.2688,5187.4742,5310.3391,PENDING_AG03,FALSE,NOT_FOR_ENFORCEMENT,6384.5836,256811.4724,6650.6079,6384.5836,266.0243,0.02244119,0.02154355,266.0243,6384.5836,0.02154355,266.0243,266.0243,266.0243,332.5304,332.5304,6384.5836,0.02154355,1463.1337,1340.2688,5187.4742,5310.3391,0.01750413,0.01791872,0.00089765,16.2655,14.6936,0.3653,59.3804,1.1678,2646.0457,162.5536,12.4780,16.8648,9.0895,16.5695,22.0926,29.825,33.4482,44.5976,11.8163,0.0,2.018664,2.691552,0.981654,30,240,141,4,0.10479828,0.02244119,0.04150452,0E-8,0.000000,0.902668,0.011910,-0.02129501,2026-03-22,2026-08-05,112,5695,2177,137,0.817518,0.739886,0.767145,0.349328,,,,,,,,GLOBAL_BASELINE_NO_ENTITY_RANKING,,,NOT_APPLICABLE_GLOBAL_BASELINE,HF9g-P5,,,,X 全窗基线 · 不参与实体赏罚,14194245,1420,A168_HF9F_20260827_0900,2026-08-27 09:00:00
2026-04-06,110249610,2142,0,201.4452246235,23.6212420751,23.6212420751,0.6923077,14,14,0.50090561428571429,0.500905614286,1.3802222770224208,1.380222277020362,1.3802222770224208,-2.8571E-13,ELIGIBLE,R03b_20260811_FULL_v1,L1_ELIGIBILITY,v2026-08-11,2026-03-21..2026-08-06,baccarat_bet02_101_all_pairs_incl_sentinel,round_win = game_pnl > 0 (decisive only),COMPATIBILITY_ONLY_NOT_PRODUCTION,296357.1217,267511.9505,6650.6079,18220,18206,-0.02244119,-0.04150452,-0.02020951,-0.02244119,-6650.6079,296357.1217,OK,0.0000,266.0243,4.0000,96.0000,AG03-UNRESOLVED,ALL5_LEVELS_bet23_to_bet27,266.0243,266.0243,266.0243,332.5304,332.5304,4.000000,4.000000,4.000000,5.000000,5.000000,96.000000,96.000000,96.000000,95.000000,95.000000,5.0,1463.1337,1340.2688,5187.4742,5310.3391,PENDING_AG03,FALSE,NOT_FOR_ENFORCEMENT,6384.5836,256811.4724,6650.6079,6384.5836,266.0243,0.02244119,0.02154355,266.0243,6384.5836,0.02154355,266.0243,266.0243,266.0243,332.5304,332.5304,6384.5836,0.02154355,1463.1337,1340.2688,5187.4742,5310.3391,0.01750413,0.01791872,0.00089765,16.2655,14.6936,0.3653,59.3804,1.1678,2646.0457,162.5536,12.4780,16.8648,9.0895,16.5695,22.0926,29.825,33.4482,44.5976,11.8163,0.0,2.018664,2.691552,0.981654,30,240,141,4,0.10479828,0.02244119,0.04150452,0E-8,0.000000,0.902668,0.011910,-0.02129501,2026-03-22,2026-08-05,112,5695,2177,137,0.817518,0.739886,0.767145,0.349328,,,,,,,,GLOBAL_BASELINE_NO_ENTITY_RANKING,,,NOT_APPLICABLE_GLOBAL_BASELINE,HF9g-P5,,,,X 全窗基线 · 不参与实体赏罚,14194246,1420,A168_HF9F_20260827_0900,2026-08-27 09:00:00
2026-04-06,110249610,2145,0,105.4377712635,-39.3687367918,-39.3687367918,0.2500000,6,6,0.50665070000000000,0.506650700000,-1.0266936290537745,-1.0266936290537745,-1.0266936290537745,0E-17,ELIGIBLE,R03b_20260811_FULL_v1,L1_ELIGIBILITY,v2026-08-11,2026-03-21..2026-08-06,baccarat_bet02_101_all_pairs_incl_sentinel,round_win = game_pnl > 0 (decisive only),COMPATIBILITY_ONLY_NOT_PRODUCTION,296357.1217,267511.9505,6650.6079,18220,18206,-0.02244119,-0.04150452,-0.02020951,-0.02244119,-6650.6079,296357.1217,OK,0.0000,266.0243,4.0000,96.0000,AG03-UNRESOLVED,ALL5_LEVELS_bet23_to_bet27,266.0243,266.0243,266.0243,332.5304,332.5304,4.000000,4.000000,4.000000,5.000000,5.000000,96.000000,96.000000,96.000000,95.000000,95.000000,5.0,1463.1337,1340.2688,5187.4742,5310.3391,PENDING_AG03,FALSE,NOT_FOR_ENFORCEMENT,6384.5836,256811.4724,6650.6079,6384.5836,266.0243,0.02244119,0.02154355,266.0243,6384.5836,0.02154355,266.0243,266.0243,266.0243,332.5304,332.5304,6384.5836,0.02154355,1463.1337,1340.2688,5187.4742,5310.3391,0.01750413,0.01791872,0.00089765,16.2655,14.6936,0.3653,59.3804,1.1678,2646.0457,162.5536,12.4780,16.8648,9.0895,16.5695,22.0926,29.825,33.4482,44.5976,11.8163,0.0,2.018664,2.691552,0.981654,30,240,141,4,0.10479828,0.02244119,0.04150452,0E-8,0.000000,0.902668,0.011910,-0.02129501,2026-03-22,2026-08-05,112,5695,2177,137,0.817518,0.739886,0.767145,0.349328,,,,,,,,GLOBAL_BASELINE_NO_ENTITY_RANKING,,,NOT_APPLICABLE_GLOBAL_BASELINE,HF9g-P5,,,,X 全窗基线 · 不参与实体赏罚,14194247,1420,A168_HF9F_20260827_0900,2026-08-27 09:00:00
2026-04-06,110249610,2147,0,22.7236575999,-22.7236575999,-22.7236575999,0E-7,1,1,0.50665070000000000,0.506650700000,-1.013391052207602,-1.013391052207602,-1.013391052207602,0E-17,ELIGIBLE,R03b_20260811_FULL_v1,L1_ELIGIBILITY,v2026-08-11,2026-03-21..2026-08-06,baccarat_bet02_101_all_pairs_incl_sentinel,round_win = game_pnl > 0 (decisive only),COMPATIBILITY_ONLY_NOT_PRODUCTION,296357.1217,267511.9505,6650.6079,18220,18206,-0.02244119,-0.04150452,-0.02020951,-0.02244119,-6650.6079,296357.1217,OK,0.0000,266.0243,4.0000,96.0000,AG03-UNRESOLVED,ALL5_LEVELS_bet23_to_bet27,266.0243,266.0243,266.0243,332.5304,332.5304,4.000000,4.000000,4.000000,5.000000,5.000000,96.000000,96.000000,96.000000,95.000000,95.000000,5.0,1463.1337,1340.2688,5187.4742,5310.3391,PENDING_AG03,FALSE,NOT_FOR_ENFORCEMENT,6384.5836,256811.4724,6650.6079,6384.5836,266.0243,0.02244119,0.02154355,266.0243,6384.5836,0.02154355,266.0243,266.0243,266.0243,332.5304,332.5304,6384.5836,0.02154355,1463.1337,1340.2688,5187.4742,5310.3391,0.01750413,0.01791872,0.00089765,16.2655,14.6936,0.3653,59.3804,1.1678,2646.0457,162.5536,12.4780,16.8648,9.0895,16.5695,22.0926,29.825,33.4482,44.5976,11.8163,0.0,2.018664,2.691552,0.981654,30,240,141,4,0.10479828,0.02244119,0.04150452,0E-8,0.000000,0.902668,0.011910,-0.02129501,2026-03-22,2026-08-05,112,5695,2177,137,0.817518,0.739886,0.767145,0.349328,,,,,,,,GLOBAL_BASELINE_NO_ENTITY_RANKING,,,NOT_APPLICABLE_GLOBAL_BASELINE,HF9g-P5,,,,X 全窗基线 · 不参与实体赏罚,14194248,1420,A168_HF9F_20260827_0900,2026-08-27 09:00:00
2026-04-06,110249610,2151,0,17.0427431999,-17.0427431999,-17.0427431999,0E-7,1,1,0.49324550000000000,0.493245500000,-0.9865810262130424,-0.9865810262130424,-0.9865810262130424,0E-17,ELIGIBLE,R03b_20260811_FULL_v1,L1_ELIGIBILITY,v2026-08-11,2026-03-21..2026-08-06,baccarat_bet02_101_all_pairs_incl_sentinel,round_win = game_pnl > 0 (decisive only),COMPATIBILITY_ONLY_NOT_PRODUCTION,296357.1217,267511.9505,6650.6079,18220,18206,-0.02244119,-0.04150452,-0.02020951,-0.02244119,-6650.6079,296357.1217,OK,0.0000,266.0243,4.0000,96.0000,AG03-UNRESOLVED,ALL5_LEVELS_bet23_to_bet27,266.0243,266.0243,266.0243,332.5304,332.5304,4.000000,4.000000,4.000000,5.000000,5.000000,96.000000,96.000000,96.000000,95.000000,95.000000,5.0,1463.1337,1340.2688,5187.4742,5310.3391,PENDING_AG03,FALSE,NOT_FOR_ENFORCEMENT,6384.5836,256811.4724,6650.6079,6384.5836,266.0243,0.02244119,0.02154355,266.0243,6384.5836,0.02154355,266.0243,266.0243,266.0243,332.5304,332.5304,6384.5836,0.02154355,1463.1337,1340.2688,5187.4742,5310.3391,0.01750413,0.01791872,0.00089765,16.2655,14.6936,0.3653,59.3804,1.1678,2646.0457,162.5536,12.4780,16.8648,9.0895,16.5695,22.0926,29.825,33.4482,44.5976,11.8163,0.0,2.018664,2.691552,0.981654,30,240,141,4,0.10479828,0.02244119,0.04150452,0E-8,0.000000,0.902668,0.011910,-0.02129501,2026-03-22,2026-08-05,112,5695,2177,137,0.817518,0.739886,0.767145,0.349328,,,,,,,,GLOBAL_BASELINE_NO_ENTITY_RANKING,,,NOT_APPLICABLE_GLOBAL_BASELINE,HF9g-P5,,,,X 全窗基线 · 不参与实体赏罚,14194249,1420,A168_HF9F_20260827_0900,2026-08-27 09:00:00
2026-04-06,110249610,2152,0,62.4900583997,-39.7664007997,-39.7664007997,0.2500000,4,4,0.49994810000000000,0.499948100000,-0.9997924053861017,-0.9997924053861017,-0.9997924053861017,0E-17,ELIGIBLE,R03b_20260811_FULL_v1,L1_ELIGIBILITY,v2026-08-11,2026-03-21..2026-08-06,baccarat_bet02_101_all_pairs_incl_sentinel,round_win = game_pnl > 0 (decisive only),COMPATIBILITY_ONLY_NOT_PRODUCTION,296357.1217,267511.9505,6650.6079,18220,18206,-0.02244119,-0.04150452,-0.02020951,-0.02244119,-6650.6079,296357.1217,OK,0.0000,266.0243,4.0000,96.0000,AG03-UNRESOLVED,ALL5_LEVELS_bet23_to_bet27,266.0243,266.0243,266.0243,332.5304,332.5304,4.000000,4.000000,4.000000,5.000000,5.000000,96.000000,96.000000,96.000000,95.000000,95.000000,5.0,1463.1337,1340.2688,5187.4742,5310.3391,PENDING_AG03,FALSE,NOT_FOR_ENFORCEMENT,6384.5836,256811.4724,6650.6079,6384.5836,266.0243,0.02244119,0.02154355,266.0243,6384.5836,0.02154355,266.0243,266.0243,266.0243,332.5304,332.5304,6384.5836,0.02154355,1463.1337,1340.2688,5187.4742,5310.3391,0.01750413,0.01791872,0.00089765,16.2655,14.6936,0.3653,59.3804,1.1678,2646.0457,162.5536,12.4780,16.8648,9.0895,16.5695,22.0926,29.825,33.4482,44.5976,11.8163,0.0,2.018664,2.691552,0.981654,30,240,141,4,0.10479828,0.02244119,0.04150452,0E-8,0.000000,0.902668,0.011910,-0.02129501,2026-03-22,2026-08-05,112,5695,2177,137,0.817518,0.739886,0.767145,0.349328,,,,,,,,GLOBAL_BASELINE_NO_ENTITY_RANKING,,,NOT_APPLICABLE_GLOBAL_BASELINE,HF9g-P5,,,,X 全窗基线 · 不参与实体赏罚,14194250,1420,A168_HF9F_20260827_0900,2026-08-27 09:00:00
2026-04-06,110249610,2153,0,61.3538755197,-27.2683891199,-27.2683891199,0.2500000,4,4,0.49324550000000000,0.493245500000,-0.9730707933947887,-0.9730707933947887,-0.9730707933947887,0E-17,ELIGIBLE,R03b_20260811_FULL_v1,L1_ELIGIBILITY,v2026-08-11,2026-03-21..2026-08-06,baccarat_bet02_101_all_pairs_incl_sentinel,round_win = game_pnl > 0 (decisive only),COMPATIBILITY_ONLY_NOT_PRODUCTION,296357.1217,267511.9505,6650.6079,18220,18206,-0.02244119,-0.04150452,-0.02020951,-0.02244119,-6650.6079,296357.1217,OK,0.0000,266.0243,4.0000,96.0000,AG03-UNRESOLVED,ALL5_LEVELS_bet23_to_bet27,266.0243,266.0243,266.0243,332.5304,332.5304,4.000000,4.000000,4.000000,5.000000,5.000000,96.000000,96.000000,96.000000,95.000000,95.000000,5.0,1463.1337,1340.2688,5187.4742,5310.3391,PENDING_AG03,FALSE,NOT_FOR_ENFORCEMENT,6384.5836,256811.4724,6650.6079,6384.5836,266.0243,0.02244119,0.02154355,266.0243,6384.5836,0.02154355,266.0243,266.0243,266.0243,332.5304,332.5304,6384.5836,0.02154355,1463.1337,1340.2688,5187.4742,5310.3391,0.01750413,0.01791872,0.00089765,16.2655,14.6936,0.3653,59.3804,1.1678,2646.0457,162.5536,12.4780,16.8648,9.0895,16.5695,22.0926,29.825,33.4482,44.5976,11.8163,0.0,2.018664,2.691552,0.981654,30,240,141,4,0.10479828,0.02244119,0.04150452,0E-8,0.000000,0.902668,0.011910,-0.02129501,2026-03-22,2026-08-05,112,5695,2177,137,0.817518,0.739886,0.767145,0.349328,,,,,,,,GLOBAL_BASELINE_NO_ENTITY_RANKING,,,NOT_APPLICABLE_GLOBAL_BASELINE,HF9g-P5,,,,X 全窗基线 · 不参与实体赏罚,14194251,1420,A168_HF9F_20260827_0900,2026-08-27 09:00:00
2026-04-06,110249610,2160,0,138.6143113594,35.6193332879,35.6193332879,0.6000000,6,6,0.50218230000000000,0.502182300000,0.4374582199563857,0.4374582199563857,0.4374582199563857,0E-17,ELIGIBLE,R03b_20260811_FULL_v1,L1_ELIGIBILITY,v2026-08-11,2026-03-21..2026-08-06,baccarat_bet02_101_all_pairs_incl_sentinel,round_win = game_pnl > 0 (decisive only),COMPATIBILITY_ONLY_NOT_PRODUCTION,296357.1217,267511.9505,6650.6079,18220,18206,-0.02244119,-0.04150452,-0.02020951,-0.02244119,-6650.6079,296357.1217,OK,0.0000,266.0243,4.0000,96.0000,AG03-UNRESOLVED,ALL5_LEVELS_bet23_to_bet27,266.0243,266.0243,266.0243,332.5304,332.5304,4.000000,4.000000,4.000000,5.000000,5.000000,96.000000,96.000000,96.000000,95.000000,95.000000,5.0,1463.1337,1340.2688,5187.4742,5310.3391,PENDING_AG03,FALSE,NOT_FOR_ENFORCEMENT,6384.5836,256811.4724,6650.6079,6384.5836,266.0243,0.02244119,0.02154355,266.0243,6384.5836,0.02154355,266.0243,266.0243,266.0243,332.5304,332.5304,6384.5836,0.02154355,1463.1337,1340.2688,5187.4742,5310.3391,0.01750413,0.01791872,0.00089765,16.2655,14.6936,0.3653,59.3804,1.1678,2646.0457,162.5536,12.4780,16.8648,9.0895,16.5695,22.0926,29.825,33.4482,44.5976,11.8163,0.0,2.018664,2.691552,0.981654,30,240,141,4,0.10479828,0.02244119,0.04150452,0E-8,0.000000,0.902668,0.011910,-0.02129501,2026-03-22,2026-08-05,112,5695,2177,137,0.817518,0.739886,0.767145,0.349328,,,,,,,,GLOBAL_BASELINE_NO_ENTITY_RANKING,,,NOT_APPLICABLE_GLOBAL_BASELINE,HF9g-P5,,,,X 全窗基线 · 不参与实体赏罚,14194252,1420,A168_HF9F_20260827_0900,2026-08-27 09:00:00
2026-04-06,110249610,2164,0,44.3111323199,-22.1555661599,-22.1555661599,0.2500000,4,4,0.50329940000000000,0.503299400000,-1.013219660140378,-1.013219660140378,-1.013219660140378,0E-17,ELIGIBLE,R03b_20260811_FULL_v1,L1_ELIGIBILITY,v2026-08-11,2026-03-21..2026-08-06,baccarat_bet02_101_all_pairs_incl_sentinel,round_win = game_pnl > 0 (decisive only),COMPATIBILITY_ONLY_NOT_PRODUCTION,296357.1217,267511.9505,6650.6079,18220,18206,-0.02244119,-0.04150452,-0.02020951,-0.02244119,-6650.6079,296357.1217,OK,0.0000,266.0243,4.0000,96.0000,AG03-UNRESOLVED,ALL5_LEVELS_bet23_to_bet27,266.0243,266.0243,266.0243,332.5304,332.5304,4.000000,4.000000,4.000000,5.000000,5.000000,96.000000,96.000000,96.000000,95.000000,95.000000,5.0,1463.1337,1340.2688,5187.4742,5310.3391,PENDING_AG03,FALSE,NOT_FOR_ENFORCEMENT,6384.5836,256811.4724,6650.6079,6384.5836,266.0243,0.02244119,0.02154355,266.0243,6384.5836,0.02154355,266.0243,266.0243,266.0243,332.5304,332.5304,6384.5836,0.02154355,1463.1337,1340.2688,5187.4742,5310.3391,0.01750413,0.01791872,0.00089765,16.2655,14.6936,0.3653,59.3804,1.1678,2646.0457,162.5536,12.4780,16.8648,9.0895,16.5695,22.0926,29.825,33.4482,44.5976,11.8163,0.0,2.018664,2.691552,0.981654,30,240,141,4,0.10479828,0.02244119,0.04150452,0E-8,0.000000,0.902668,0.011910,-0.02129501,2026-03-22,2026-08-05,112,5695,2177,137,0.817518,0.739886,0.767145,0.349328,,,,,,,,GLOBAL_BASELINE_NO_ENTITY_RANKING,,,NOT_APPLICABLE_GLOBAL_BASELINE,HF9g-P5,,,,X 全窗基线 · 不参与实体赏罚,14194253,1420,A168_HF9F_20260827_0900,2026-08-27 09:00:00
2026-04-06,110249610,2167,0,43.9702774560,5.3400595360,5.3400595360,0.6666667,6,6,0.49324550000000000,0.493245500000,0.8496642703256836,0.8496642703256835,0.8496642703256836,0E-17,ELIGIBLE,R03b_20260811_FULL_v1,L1_ELIGIBILITY,v2026-08-11,2026-03-21..2026-08-06,baccarat_bet02_101_all_pairs_incl_sentinel,round_win = game_pnl > 0 (decisive only),COMPATIBILITY_ONLY_NOT_PRODUCTION,296357.1217,267511.9505,6650.6079,18220,18206,-0.02244119,-0.04150452,-0.02020951,-0.02244119,-6650.6079,296357.1217,OK,0.0000,266.0243,4.0000,96.0000,AG03-UNRESOLVED,ALL5_LEVELS_bet23_to_bet27,266.0243,266.0243,266.0243,332.5304,332.5304,4.000000,4.000000,4.000000,5.000000,5.000000,96.000000,96.000000,96.000000,95.000000,95.000000,5.0,1463.1337,1340.2688,5187.4742,5310.3391,PENDING_AG03,FALSE,NOT_FOR_ENFORCEMENT,6384.5836,256811.4724,6650.6079,6384.5836,266.0243,0.02244119,0.02154355,266.0243,6384.5836,0.02154355,266.0243,266.0243,266.0243,332.5304,332.5304,6384.5836,0.02154355,1463.1337,1340.2688,5187.4742,5310.3391,0.01750413,0.01791872,0.00089765,16.2655,14.6936,0.3653,59.3804,1.1678,2646.0457,162.5536,12.4780,16.8648,9.0895,16.5695,22.0926,29.825,33.4482,44.5976,11.8163,0.0,2.018664,2.691552,0.981654,30,240,141,4,0.10479828,0.02244119,0.04150452,0E-8,0.000000,0.902668,0.011910,-0.02129501,2026-03-22,2026-08-05,112,5695,2177,137,0.817518,0.739886,0.767145,0.349328,,,,,,,,GLOBAL_BASELINE_NO_ENTITY_RANKING,,,NOT_APPLICABLE_GLOBAL_BASELINE,HF9g-P5,,,,X 全窗基线 · 不参与实体赏罚,14194254,1420,A168_HF9F_20260827_0900,2026-08-27 09:00:00
2026-04-06,110249610,2175,0,47.8332992478,-21.0250641942,-21.0250641942,0.5000000,4,4,0.50329940000000000,0.503299400000,-0.01319788734859681,-0.01319788734859681,-0.01319788734859681,0E-17,ELIGIBLE,R03b_20260811_FULL_v1,L1_ELIGIBILITY,v2026-08-11,2026-03-21..2026-08-06,baccarat_bet02_101_all_pairs_incl_sentinel,round_win = game_pnl > 0 (decisive only),COMPATIBILITY_ONLY_NOT_PRODUCTION,296357.1217,267511.9505,6650.6079,18220,18206,-0.02244119,-0.04150452,-0.02020951,-0.02244119,-6650.6079,296357.1217,OK,0.0000,266.0243,4.0000,96.0000,AG03-UNRESOLVED,ALL5_LEVELS_bet23_to_bet27,266.0243,266.0243,266.0243,332.5304,332.5304,4.000000,4.000000,4.000000,5.000000,5.000000,96.000000,96.000000,96.000000,95.000000,95.000000,5.0,1463.1337,1340.2688,5187.4742,5310.3391,PENDING_AG03,FALSE,NOT_FOR_ENFORCEMENT,6384.5836,256811.4724,6650.6079,6384.5836,266.0243,0.02244119,0.02154355,266.0243,6384.5836,0.02154355,266.0243,266.0243,266.0243,332.5304,332.5304,6384.5836,0.02154355,1463.1337,1340.2688,5187.4742,5310.3391,0.01750413,0.01791872,0.00089765,16.2655,14.6936,0.3653,59.3804,1.1678,2646.0457,162.5536,12.4780,16.8648,9.0895,16.5695,22.0926,29.825,33.4482,44.5976,11.8163,0.0,2.018664,2.691552,0.981654,30,240,141,4,0.10479828,0.02244119,0.04150452,0E-8,0.000000,0.902668,0.011910,-0.02129501,2026-03-22,2026-08-05,112,5695,2177,137,0.817518,0.739886,0.767145,0.349328,,,,,,,,GLOBAL_BASELINE_NO_ENTITY_RANKING,,,NOT_APPLICABLE_GLOBAL_BASELINE,HF9g-P5,,,,X 全窗基线 · 不参与实体赏罚,14194255,1420,A168_HF9F_20260827_0900,2026-08-27 09:00:00
2026-04-06,110249610,2188,0,68.7390642398,21.2466198560,21.2466198560,0.7500000,5,5,0.50665070000000000,0.506650700000,0.9734833216690844,0.9734833216690844,0.9734833216690844,0E-17,ELIGIBLE,R03b_20260811_FULL_v1,L1_ELIGIBILITY,v2026-08-11,2026-03-21..2026-08-06,baccarat_bet02_101_all_pairs_incl_sentinel,round_win = game_pnl > 0 (decisive only),COMPATIBILITY_ONLY_NOT_PRODUCTION,296357.1217,267511.9505,6650.6079,18220,18206,-0.02244119,-0.04150452,-0.02020951,-0.02244119,-6650.6079,296357.1217,OK,0.0000,266.0243,4.0000,96.0000,AG03-UNRESOLVED,ALL5_LEVELS_bet23_to_bet27,266.0243,266.0243,266.0243,332.5304,332.5304,4.000000,4.000000,4.000000,5.000000,5.000000,96.000000,96.000000,96.000000,95.000000,95.000000,5.0,1463.1337,1340.2688,5187.4742,5310.3391,PENDING_AG03,FALSE,NOT_FOR_ENFORCEMENT,6384.5836,256811.4724,6650.6079,6384.5836,266.0243,0.02244119,0.02154355,266.0243,6384.5836,0.02154355,266.0243,266.0243,266.0243,332.5304,332.5304,6384.5836,0.02154355,1463.1337,1340.2688,5187.4742,5310.3391,0.01750413,0.01791872,0.00089765,16.2655,14.6936,0.3653,59.3804,1.1678,2646.0457,162.5536,12.4780,16.8648,9.0895,16.5695,22.0926,29.825,33.4482,44.5976,11.8163,0.0,2.018664,2.691552,0.981654,30,240,141,4,0.10479828,0.02244119,0.04150452,0E-8,0.000000,0.902668,0.011910,-0.02129501,2026-03-22,2026-08-05,112,5695,2177,137,0.817518,0.739886,0.767145,0.349328,,,,,,,,GLOBAL_BASELINE_NO_ENTITY_RANKING,,,NOT_APPLICABLE_GLOBAL_BASELINE,HF9g-P5,,,,X 全窗基线 · 不参与实体赏罚,14194256,1420,A168_HF9F_20260827_0900,2026-08-27 09:00:00
2026-04-06,110249610,2201,0,17.0427431999,-17.0427431999,-17.0427431999,0E-7,1,1,0.50665070000000000,0.506650700000,-1.013391052207602,-1.013391052207602,-1.013391052207602,0E-17,ELIGIBLE,R03b_20260811_FULL_v1,L1_ELIGIBILITY,v2026-08-11,2026-03-21..2026-08-06,baccarat_bet02_101_all_pairs_incl_sentinel,round_win = game_pnl > 0 (decisive only),COMPATIBILITY_ONLY_NOT_PRODUCTION,296357.1217,267511.9505,6650.6079,18220,18206,-0.02244119,-0.04150452,-0.02020951,-0.02244119,-6650.6079,296357.1217,OK,0.0000,266.0243,4.0000,96.0000,AG03-UNRESOLVED,ALL5_LEVELS_bet23_to_bet27,266.0243,266.0243,266.0243,332.5304,332.5304,4.000000,4.000000,4.000000,5.000000,5.000000,96.000000,96.000000,96.000000,95.000000,95.000000,5.0,1463.1337,1340.2688,5187.4742,5310.3391,PENDING_AG03,FALSE,NOT_FOR_ENFORCEMENT,6384.5836,256811.4724,6650.6079,6384.5836,266.0243,0.02244119,0.02154355,266.0243,6384.5836,0.02154355,266.0243,266.0243,266.0243,332.5304,332.5304,6384.5836,0.02154355,1463.1337,1340.2688,5187.4742,5310.3391,0.01750413,0.01791872,0.00089765,16.2655,14.6936,0.3653,59.3804,1.1678,2646.0457,162.5536,12.4780,16.8648,9.0895,16.5695,22.0926,29.825,33.4482,44.5976,11.8163,0.0,2.018664,2.691552,0.981654,30,240,141,4,0.10479828,0.02244119,0.04150452,0E-8,0.000000,0.902668,0.011910,-0.02129501,2026-03-22,2026-08-05,112,5695,2177,137,0.817518,0.739886,0.767145,0.349328,,,,,,,,GLOBAL_BASELINE_NO_ENTITY_RANKING,,,NOT_APPLICABLE_GLOBAL_BASELINE,HF9g-P5,,,,X 全窗基线 · 不参与实体赏罚,14194257,1420,A168_HF9F_20260827_0900,2026-08-27 09:00:00
2026-04-06,110249610,2202,0,11.3618288000,0E-10,0E-10,,1,1,0.49324550000000000,0.493245500000,,,,0E-17,NO_DECISIVE_ROUND,R03b_20260811_FULL_v1,L1_ELIGIBILITY,v2026-08-11,2026-03-21..2026-08-06,baccarat_bet02_101_all_pairs_incl_sentinel,round_win = game_pnl > 0 (decisive only),COMPATIBILITY_ONLY_NOT_PRODUCTION,296357.1217,267511.9505,6650.6079,18220,18206,-0.02244119,-0.04150452,-0.02020951,-0.02244119,-6650.6079,296357.1217,OK,0.0000,266.0243,4.0000,96.0000,AG03-UNRESOLVED,ALL5_LEVELS_bet23_to_bet27,266.0243,266.0243,266.0243,332.5304,332.5304,4.000000,4.000000,4.000000,5.000000,5.000000,96.000000,96.000000,96.000000,95.000000,95.000000,5.0,1463.1337,1340.2688,5187.4742,5310.3391,PENDING_AG03,FALSE,NOT_FOR_ENFORCEMENT,6384.5836,256811.4724,6650.6079,6384.5836,266.0243,0.02244119,0.02154355,266.0243,6384.5836,0.02154355,266.0243,266.0243,266.0243,332.5304,332.5304,6384.5836,0.02154355,1463.1337,1340.2688,5187.4742,5310.3391,0.01750413,0.01791872,0.00089765,16.2655,14.6936,0.3653,59.3804,1.1678,2646.0457,162.5536,12.4780,16.8648,9.0895,16.5695,22.0926,29.825,33.4482,44.5976,11.8163,0.0,2.018664,2.691552,0.981654,30,240,141,4,0.10479828,0.02244119,0.04150452,0E-8,0.000000,0.902668,0.011910,-0.02129501,2026-03-22,2026-08-05,112,5695,2177,137,0.817518,0.739886,0.767145,0.349328,,,,,,,,GLOBAL_BASELINE_NO_ENTITY_RANKING,,,NOT_APPLICABLE_GLOBAL_BASELINE,HF9g-P5,,,,X 全窗基线 · 不参与实体赏罚,14194258,1420,A168_HF9F_20260827_0900,2026-08-27 09:00:00
2026-04-06,110249610,2209,0,28.4045719999,-28.4045719999,-28.4045719999,0E-7,2,2,0.49324550000000000,0.493245500000,-1.3952362676504506,-1.3952362676504506,-1.3952362676504506,0E-17,ELIGIBLE,R03b_20260811_FULL_v1,L1_ELIGIBILITY,v2026-08-11,2026-03-21..2026-08-06,baccarat_bet02_101_all_pairs_incl_sentinel,round_win = game_pnl > 0 (decisive only),COMPATIBILITY_ONLY_NOT_PRODUCTION,296357.1217,267511.9505,6650.6079,18220,18206,-0.02244119,-0.04150452,-0.02020951,-0.02244119,-6650.6079,296357.1217,OK,0.0000,266.0243,4.0000,96.0000,AG03-UNRESOLVED,ALL5_LEVELS_bet23_to_bet27,266.0243,266.0243,266.0243,332.5304,332.5304,4.000000,4.000000,4.000000,5.000000,5.000000,96.000000,96.000000,96.000000,95.000000,95.000000,5.0,1463.1337,1340.2688,5187.4742,5310.3391,PENDING_AG03,FALSE,NOT_FOR_ENFORCEMENT,6384.5836,256811.4724,6650.6079,6384.5836,266.0243,0.02244119,0.02154355,266.0243,6384.5836,0.02154355,266.0243,266.0243,266.0243,332.5304,332.5304,6384.5836,0.02154355,1463.1337,1340.2688,5187.4742,5310.3391,0.01750413,0.01791872,0.00089765,16.2655,14.6936,0.3653,59.3804,1.1678,2646.0457,162.5536,12.4780,16.8648,9.0895,16.5695,22.0926,29.825,33.4482,44.5976,11.8163,0.0,2.018664,2.691552,0.981654,30,240,141,4,0.10479828,0.02244119,0.04150452,0E-8,0.000000,0.902668,0.011910,-0.02129501,2026-03-22,2026-08-05,112,5695,2177,137,0.817518,0.739886,0.767145,0.349328,,,,,,,,GLOBAL_BASELINE_NO_ENTITY_RANKING,,,NOT_APPLICABLE_GLOBAL_BASELINE,HF9g-P5,,,,X 全窗基线 · 不参与实体赏罚,14194259,1420,A168_HF9F_20260827_0900,2026-08-27 09:00:00
2026-04-06,110249610,2216,0,22.7236576000,-22.7236576000,-22.7236576000,0E-7,2,2,0.49324550000000000,0.493245500000,-1.3952362676504506,-1.3952362676504506,-1.3952362676504506,0E-17,ELIGIBLE,R03b_20260811_FULL_v1,L1_ELIGIBILITY,v2026-08-11,2026-03-21..2026-08-06,baccarat_bet02_101_all_pairs_incl_sentinel,round_win = game_pnl > 0 (decisive only),COMPATIBILITY_ONLY_NOT_PRODUCTION,296357.1217,267511.9505,6650.6079,18220,18206,-0.02244119,-0.04150452,-0.02020951,-0.02244119,-6650.6079,296357.1217,OK,0.0000,266.0243,4.0000,96.0000,AG03-UNRESOLVED,ALL5_LEVELS_bet23_to_bet27,266.0243,266.0243,266.0243,332.5304,332.5304,4.000000,4.000000,4.000000,5.000000,5.000000,96.000000,96.000000,96.000000,95.000000,95.000000,5.0,1463.1337,1340.2688,5187.4742,5310.3391,PENDING_AG03,FALSE,NOT_FOR_ENFORCEMENT,6384.5836,256811.4724,6650.6079,6384.5836,266.0243,0.02244119,0.02154355,266.0243,6384.5836,0.02154355,266.0243,266.0243,266.0243,332.5304,332.5304,6384.5836,0.02154355,1463.1337,1340.2688,5187.4742,5310.3391,0.01750413,0.01791872,0.00089765,16.2655,14.6936,0.3653,59.3804,1.1678,2646.0457,162.5536,12.4780,16.8648,9.0895,16.5695,22.0926,29.825,33.4482,44.5976,11.8163,0.0,2.018664,2.691552,0.981654,30,240,141,4,0.10479828,0.02244119,0.04150452,0E-8,0.000000,0.902668,0.011910,-0.02129501,2026-03-22,2026-08-05,112,5695,2177,137,0.817518,0.739886,0.767145,0.349328,,,,,,,,GLOBAL_BASELINE_NO_ENTITY_RANKING,,,NOT_APPLICABLE_GLOBAL_BASELINE,HF9g-P5,,,,X 全窗基线 · 不参与实体赏罚,14194260,1420,A168_HF9F_20260827_0900,2026-08-27 09:00:00
2026-04-06,110249610,2220,0,17.0427431999,17.0427431999,17.0427431999,1.0000000,1,1,0.49324550000000000,0.493245500000,1.01360149184955,1.01360149184955,1.01360149184955,0E-17,ELIGIBLE,R03b_20260811_FULL_v1,L1_ELIGIBILITY,v2026-08-11,2026-03-21..2026-08-06,baccarat_bet02_101_all_pairs_incl_sentinel,round_win = game_pnl > 0 (decisive only),COMPATIBILITY_ONLY_NOT_PRODUCTION,296357.1217,267511.9505,6650.6079,18220,18206,-0.02244119,-0.04150452,-0.02020951,-0.02244119,-6650.6079,296357.1217,OK,0.0000,266.0243,4.0000,96.0000,AG03-UNRESOLVED,ALL5_LEVELS_bet23_to_bet27,266.0243,266.0243,266.0243,332.5304,332.5304,4.000000,4.000000,4.000000,5.000000,5.000000,96.000000,96.000000,96.000000,95.000000,95.000000,5.0,1463.1337,1340.2688,5187.4742,5310.3391,PENDING_AG03,FALSE,NOT_FOR_ENFORCEMENT,6384.5836,256811.4724,6650.6079,6384.5836,266.0243,0.02244119,0.02154355,266.0243,6384.5836,0.02154355,266.0243,266.0243,266.0243,332.5304,332.5304,6384.5836,0.02154355,1463.1337,1340.2688,5187.4742,5310.3391,0.01750413,0.01791872,0.00089765,16.2655,14.6936,0.3653,59.3804,1.1678,2646.0457,162.5536,12.4780,16.8648,9.0895,16.5695,22.0926,29.825,33.4482,44.5976,11.8163,0.0,2.018664,2.691552,0.981654,30,240,141,4,0.10479828,0.02244119,0.04150452,0E-8,0.000000,0.902668,0.011910,-0.02129501,2026-03-22,2026-08-05,112,5695,2177,137,0.817518,0.739886,0.767145,0.349328,,,,,,,,GLOBAL_BASELINE_NO_ENTITY_RANKING,,,NOT_APPLICABLE_GLOBAL_BASELINE,HF9g-P5,,,,X 全窗基线 · 不参与实体赏罚,14194261,1420,A168_HF9F_20260827_0900,2026-08-27 09:00:00
2026-04-06,110249610,2222,0,155.6570545592,-62.2060126797,-62.2060126797,0.2000000,8,8,0.50497505000000000,0.504975050000,-1.3639574071077902,-1.3639574071077902,-1.3639574071077902,0E-17,ELIGIBLE,R03b_20260811_FULL_v1,L1_ELIGIBILITY,v2026-08-11,2026-03-21..2026-08-06,baccarat_bet02_101_all_pairs_incl_sentinel,round_win = game_pnl > 0 (decisive only),COMPATIBILITY_ONLY_NOT_PRODUCTION,296357.1217,267511.9505,6650.6079,18220,18206,-0.02244119,-0.04150452,-0.02020951,-0.02244119,-6650.6079,296357.1217,OK,0.0000,266.0243,4.0000,96.0000,AG03-UNRESOLVED,ALL5_LEVELS_bet23_to_bet27,266.0243,266.0243,266.0243,332.5304,332.5304,4.000000,4.000000,4.000000,5.000000,5.000000,96.000000,96.000000,96.000000,95.000000,95.000000,5.0,1463.1337,1340.2688,5187.4742,5310.3391,PENDING_AG03,FALSE,NOT_FOR_ENFORCEMENT,6384.5836,256811.4724,6650.6079,6384.5836,266.0243,0.02244119,0.02154355,266.0243,6384.5836,0.02154355,266.0243,266.0243,266.0243,332.5304,332.5304,6384.5836,0.02154355,1463.1337,1340.2688,5187.4742,5310.3391,0.01750413,0.01791872,0.00089765,16.2655,14.6936,0.3653,59.3804,1.1678,2646.0457,162.5536,12.4780,16.8648,9.0895,16.5695,22.0926,29.825,33.4482,44.5976,11.8163,0.0,2.018664,2.691552,0.981654,30,240,141,4,0.10479828,0.02244119,0.04150452,0E-8,0.000000,0.902668,0.011910,-0.02129501,2026-03-22,2026-08-05,112,5695,2177,137,0.817518,0.739886,0.767145,0.349328,,,,,,,,GLOBAL_BASELINE_NO_ENTITY_RANKING,,,NOT_APPLICABLE_GLOBAL_BASELINE,HF9g-P5,,,,X 全窗基线 · 不参与实体赏罚,14194262,1420,A168_HF9F_20260827_0900,2026-08-27 09:00:00
2026-04-06,110249610,2223,0,123.2758424795,-34.6535778399,-34.6535778399,0.3750000,8,8,0.50162375000000000,0.501623750000,-0.7162958754040458,-0.7162958754040458,-0.7162958754040458,0E-17,ELIGIBLE,R03b_20260811_FULL_v1,L1_ELIGIBILITY,v2026-08-11,2026-03-21..2026-08-06,baccarat_bet02_101_all_pairs_incl_sentinel,round_win = game_pnl > 0 (decisive only),COMPATIBILITY_ONLY_NOT_PRODUCTION,296357.1217,267511.9505,6650.6079,18220,18206,-0.02244119,-0.04150452,-0.02020951,-0.02244119,-6650.6079,296357.1217,OK,0.0000,266.0243,4.0000,96.0000,AG03-UNRESOLVED,ALL5_LEVELS_bet23_to_bet27,266.0243,266.0243,266.0243,332.5304,332.5304,4.000000,4.000000,4.000000,5.000000,5.000000,96.000000,96.000000,96.000000,95.000000,95.000000,5.0,1463.1337,1340.2688,5187.4742,5310.3391,PENDING_AG03,FALSE,NOT_FOR_ENFORCEMENT,6384.5836,256811.4724,6650.6079,6384.5836,266.0243,0.02244119,0.02154355,266.0243,6384.5836,0.02154355,266.0243,266.0243,266.0243,332.5304,332.5304,6384.5836,0.02154355,1463.1337,1340.2688,5187.4742,5310.3391,0.01750413,0.01791872,0.00089765,16.2655,14.6936,0.3653,59.3804,1.1678,2646.0457,162.5536,12.4780,16.8648,9.0895,16.5695,22.0926,29.825,33.4482,44.5976,11.8163,0.0,2.018664,2.691552,0.981654,30,240,141,4,0.10479828,0.02244119,0.04150452,0E-8,0.000000,0.902668,0.011910,-0.02129501,2026-03-22,2026-08-05,112,5695,2177,137,0.817518,0.739886,0.767145,0.349328,,,,,,,,GLOBAL_BASELINE_NO_ENTITY_RANKING,,,NOT_APPLICABLE_GLOBAL_BASELINE,HF9g-P5,,,,X 全窗基线 · 不参与实体赏罚,14194263,1420,A168_HF9F_20260827_0900,2026-08-27 09:00:00
2026-04-06,110249610,2224,0,224.9642102392,159.0656031994,159.0656031994,0.8750000,8,8,0.49324550000000000,0.493245500000,2.15972664216405,2.15972664216405,2.15972664216405,0E-17,ELIGIBLE,R03b_20260811_FULL_v1,L1_ELIGIBILITY,v2026-08-11,2026-03-21..2026-08-06,baccarat_bet02_101_all_pairs_incl_sentinel,round_win = game_pnl > 0 (decisive only),COMPATIBILITY_ONLY_NOT_PRODUCTION,296357.1217,267511.9505,6650.6079,18220,18206,-0.02244119,-0.04150452,-0.02020951,-0.02244119,-6650.6079,296357.1217,OK,0.0000,266.0243,4.0000,96.0000,AG03-UNRESOLVED,ALL5_LEVELS_bet23_to_bet27,266.0243,266.0243,266.0243,332.5304,332.5304,4.000000,4.000000,4.000000,5.000000,5.000000,96.000000,96.000000,96.000000,95.000000,95.000000,5.0,1463.1337,1340.2688,5187.4742,5310.3391,PENDING_AG03,FALSE,NOT_FOR_ENFORCEMENT,6384.5836,256811.4724,6650.6079,6384.5836,266.0243,0.02244119,0.02154355,266.0243,6384.5836,0.02154355,266.0243,266.0243,266.0243,332.5304,332.5304,6384.5836,0.02154355,1463.1337,1340.2688,5187.4742,5310.3391,0.01750413,0.01791872,0.00089765,16.2655,14.6936,0.3653,59.3804,1.1678,2646.0457,162.5536,12.4780,16.8648,9.0895,16.5695,22.0926,29.825,33.4482,44.5976,11.8163,0.0,2.018664,2.691552,0.981654,30,240,141,4,0.10479828,0.02244119,0.04150452,0E-8,0.000000,0.902668,0.011910,-0.02129501,2026-03-22,2026-08-05,112,5695,2177,137,0.817518,0.739886,0.767145,0.349328,,,,,,,,GLOBAL_BASELINE_NO_ENTITY_RANKING,,,NOT_APPLICABLE_GLOBAL_BASELINE,HF9g-P5,,,,X 全窗基线 · 不参与实体赏罚,14194264,1420,A168_HF9F_20260827_0900,2026-08-27 09:00:00
2026-04-06,110249610,2235,0,96.0074533596,-1.4202285999,-1.4202285999,0.5000000,5,5,0.50665070000000000,0.506650700000,-0.02660515369234503,-0.02660515369234503,-0.02660515369234503,0E-17,ELIGIBLE,R03b_20260811_FULL_v1,L1_ELIGIBILITY,v2026-08-11,2026-03-21..2026-08-06,baccarat_bet02_101_all_pairs_incl_sentinel,round_win = game_pnl > 0 (decisive only),COMPATIBILITY_ONLY_NOT_PRODUCTION,296357.1217,267511.9505,6650.6079,18220,18206,-0.02244119,-0.04150452,-0.02020951,-0.02244119,-6650.6079,296357.1217,OK,0.0000,266.0243,4.0000,96.0000,AG03-UNRESOLVED,ALL5_LEVELS_bet23_to_bet27,266.0243,266.0243,266.0243,332.5304,332.5304,4.000000,4.000000,4.000000,5.000000,5.000000,96.000000,96.000000,96.000000,95.000000,95.000000,5.0,1463.1337,1340.2688,5187.4742,5310.3391,PENDING_AG03,FALSE,NOT_FOR_ENFORCEMENT,6384.5836,256811.4724,6650.6079,6384.5836,266.0243,0.02244119,0.02154355,266.0243,6384.5836,0.02154355,266.0243,266.0243,266.0243,332.5304,332.5304,6384.5836,0.02154355,1463.1337,1340.2688,5187.4742,5310.3391,0.01750413,0.01791872,0.00089765,16.2655,14.6936,0.3653,59.3804,1.1678,2646.0457,162.5536,12.4780,16.8648,9.0895,16.5695,22.0926,29.825,33.4482,44.5976,11.8163,0.0,2.018664,2.691552,0.981654,30,240,141,4,0.10479828,0.02244119,0.04150452,0E-8,0.000000,0.902668,0.011910,-0.02129501,2026-03-22,2026-08-05,112,5695,2177,137,0.817518,0.739886,0.767145,0.349328,,,,,,,,GLOBAL_BASELINE_NO_ENTITY_RANKING,,,NOT_APPLICABLE_GLOBAL_BASELINE,HF9g-P5,,,,X 全窗基线 · 不参与实体赏罚,14194265,1420,A168_HF9F_20260827_0900,2026-08-27 09:00:00
2026-04-06,110249610,2239,0,123.1622241916,-25.4504965118,-25.4504965118,0.4285714,8,8,0.49827245000000000,0.498272450000,-0.36882533912701604,-0.36882533912701604,-0.36882533912701604,0E-17,ELIGIBLE,R03b_20260811_FULL_v1,L1_ELIGIBILITY,v2026-08-11,2026-03-21..2026-08-06,baccarat_bet02_101_all_pairs_incl_sentinel,round_win = game_pnl > 0 (decisive only),COMPATIBILITY_ONLY_NOT_PRODUCTION,296357.1217,267511.9505,6650.6079,18220,18206,-0.02244119,-0.04150452,-0.02020951,-0.02244119,-6650.6079,296357.1217,OK,0.0000,266.0243,4.0000,96.0000,AG03-UNRESOLVED,ALL5_LEVELS_bet23_to_bet27,266.0243,266.0243,266.0243,332.5304,332.5304,4.000000,4.000000,4.000000,5.000000,5.000000,96.000000,96.000000,96.000000,95.000000,95.000000,5.0,1463.1337,1340.2688,5187.4742,5310.3391,PENDING_AG03,FALSE,NOT_FOR_ENFORCEMENT,6384.5836,256811.4724,6650.6079,6384.5836,266.0243,0.02244119,0.02154355,266.0243,6384.5836,0.02154355,266.0243,266.0243,266.0243,332.5304,332.5304,6384.5836,0.02154355,1463.1337,1340.2688,5187.4742,5310.3391,0.01750413,0.01791872,0.00089765,16.2655,14.6936,0.3653,59.3804,1.1678,2646.0457,162.5536,12.4780,16.8648,9.0895,16.5695,22.0926,29.825,33.4482,44.5976,11.8163,0.0,2.018664,2.691552,0.981654,30,240,141,4,0.10479828,0.02244119,0.04150452,0E-8,0.000000,0.902668,0.011910,-0.02129501,2026-03-22,2026-08-05,112,5695,2177,137,0.817518,0.739886,0.767145,0.349328,,,,,,,,GLOBAL_BASELINE_NO_ENTITY_RANKING,,,NOT_APPLICABLE_GLOBAL_BASELINE,HF9g-P5,,,,X 全窗基线 · 不参与实体赏罚,14194266,1420,A168_HF9F_20260827_0900,2026-08-27 09:00:00
2026-04-06,110249610,2242,0,17.0427431999,-17.0427431999,-17.0427431999,0E-7,1,1,0.50665070000000000,0.506650700000,-1.013391052207602,-1.013391052207602,-1.013391052207602,0E-17,ELIGIBLE,R03b_20260811_FULL_v1,L1_ELIGIBILITY,v2026-08-11,2026-03-21..2026-08-06,baccarat_bet02_101_all_pairs_incl_sentinel,round_win = game_pnl > 0 (decisive only),COMPATIBILITY_ONLY_NOT_PRODUCTION,296357.1217,267511.9505,6650.6079,18220,18206,-0.02244119,-0.04150452,-0.02020951,-0.02244119,-6650.6079,296357.1217,OK,0.0000,266.0243,4.0000,96.0000,AG03-UNRESOLVED,ALL5_LEVELS_bet23_to_bet27,266.0243,266.0243,266.0243,332.5304,332.5304,4.000000,4.000000,4.000000,5.000000,5.000000,96.000000,96.000000,96.000000,95.000000,95.000000,5.0,1463.1337,1340.2688,5187.4742,5310.3391,PENDING_AG03,FALSE,NOT_FOR_ENFORCEMENT,6384.5836,256811.4724,6650.6079,6384.5836,266.0243,0.02244119,0.02154355,266.0243,6384.5836,0.02154355,266.0243,266.0243,266.0243,332.5304,332.5304,6384.5836,0.02154355,1463.1337,1340.2688,5187.4742,5310.3391,0.01750413,0.01791872,0.00089765,16.2655,14.6936,0.3653,59.3804,1.1678,2646.0457,162.5536,12.4780,16.8648,9.0895,16.5695,22.0926,29.825,33.4482,44.5976,11.8163,0.0,2.018664,2.691552,0.981654,30,240,141,4,0.10479828,0.02244119,0.04150452,0E-8,0.000000,0.902668,0.011910,-0.02129501,2026-03-22,2026-08-05,112,5695,2177,137,0.817518,0.739886,0.767145,0.349328,,,,,,,,GLOBAL_BASELINE_NO_ENTITY_RANKING,,,NOT_APPLICABLE_GLOBAL_BASELINE,HF9g-P5,,,,X 全窗基线 · 不参与实体赏罚,14194267,1420,A168_HF9F_20260827_0900,2026-08-27 09:00:00
2026-04-06,110249610,2244,0,56.9227622880,-17.0427432000,-17.0427432000,0.4285714,7,7,0.50473567142857143,0.504735671429,-0.403041368878626,-0.40304136888089725,-0.403041368878626,-4.2857E-13,ELIGIBLE,R03b_20260811_FULL_v1,L1_ELIGIBILITY,v2026-08-11,2026-03-21..2026-08-06,baccarat_bet02_101_all_pairs_incl_sentinel,round_win = game_pnl > 0 (decisive only),COMPATIBILITY_ONLY_NOT_PRODUCTION,296357.1217,267511.9505,6650.6079,18220,18206,-0.02244119,-0.04150452,-0.02020951,-0.02244119,-6650.6079,296357.1217,OK,0.0000,266.0243,4.0000,96.0000,AG03-UNRESOLVED,ALL5_LEVELS_bet23_to_bet27,266.0243,266.0243,266.0243,332.5304,332.5304,4.000000,4.000000,4.000000,5.000000,5.000000,96.000000,96.000000,96.000000,95.000000,95.000000,5.0,1463.1337,1340.2688,5187.4742,5310.3391,PENDING_AG03,FALSE,NOT_FOR_ENFORCEMENT,6384.5836,256811.4724,6650.6079,6384.5836,266.0243,0.02244119,0.02154355,266.0243,6384.5836,0.02154355,266.0243,266.0243,266.0243,332.5304,332.5304,6384.5836,0.02154355,1463.1337,1340.2688,5187.4742,5310.3391,0.01750413,0.01791872,0.00089765,16.2655,14.6936,0.3653,59.3804,1.1678,2646.0457,162.5536,12.4780,16.8648,9.0895,16.5695,22.0926,29.825,33.4482,44.5976,11.8163,0.0,2.018664,2.691552,0.981654,30,240,141,4,0.10479828,0.02244119,0.04150452,0E-8,0.000000,0.902668,0.011910,-0.02129501,2026-03-22,2026-08-05,112,5695,2177,137,0.817518,0.739886,0.767145,0.349328,,,,,,,,GLOBAL_BASELINE_NO_ENTITY_RANKING,,,NOT_APPLICABLE_GLOBAL_BASELINE,HF9g-P5,,,,X 全窗基线 · 不参与实体赏罚,14194268,1420,A168_HF9F_20260827_0900,2026-08-27 09:00:00
2026-04-06,110249610,2246,0,39.7664007998,-39.7664007998,-39.7664007998,0E-7,3,3,0.50218230000000000,0.502182300000,-1.7396270863184011,-1.7396270863184016,-1.7396270863184011,0E-17,ELIGIBLE,R03b_20260811_FULL_v1,L1_ELIGIBILITY,v2026-08-11,2026-03-21..2026-08-06,baccarat_bet02_101_all_pairs_incl_sentinel,round_win = game_pnl > 0 (decisive only),COMPATIBILITY_ONLY_NOT_PRODUCTION,296357.1217,267511.9505,6650.6079,18220,18206,-0.02244119,-0.04150452,-0.02020951,-0.02244119,-6650.6079,296357.1217,OK,0.0000,266.0243,4.0000,96.0000,AG03-UNRESOLVED,ALL5_LEVELS_bet23_to_bet27,266.0243,266.0243,266.0243,332.5304,332.5304,4.000000,4.000000,4.000000,5.000000,5.000000,96.000000,96.000000,96.000000,95.000000,95.000000,5.0,1463.1337,1340.2688,5187.4742,5310.3391,PENDING_AG03,FALSE,NOT_FOR_ENFORCEMENT,6384.5836,256811.4724,6650.6079,6384.5836,266.0243,0.02244119,0.02154355,266.0243,6384.5836,0.02154355,266.0243,266.0243,266.0243,332.5304,332.5304,6384.5836,0.02154355,1463.1337,1340.2688,5187.4742,5310.3391,0.01750413,0.01791872,0.00089765,16.2655,14.6936,0.3653,59.3804,1.1678,2646.0457,162.5536,12.4780,16.8648,9.0895,16.5695,22.0926,29.825,33.4482,44.5976,11.8163,0.0,2.018664,2.691552,0.981654,30,240,141,4,0.10479828,0.02244119,0.04150452,0E-8,0.000000,0.902668,0.011910,-0.02129501,2026-03-22,2026-08-05,112,5695,2177,137,0.817518,0.739886,0.767145,0.349328,,,,,,,,GLOBAL_BASELINE_NO_ENTITY_RANKING,,,NOT_APPLICABLE_GLOBAL_BASELINE,HF9g-P5,,,,X 全窗基线 · 不参与实体赏罚,14194269,1420,A168_HF9F_20260827_0900,2026-08-27 09:00:00
2026-04-06,110249610,2248,0,45.4473151998,-12.2139659600,-12.2139659600,0.3333333,3,3,0.50665070000000000,0.506650700000,-0.6004420894325239,-0.6004420894325239,-0.6004420894325239,0E-17,ELIGIBLE,R03b_20260811_FULL_v1,L1_ELIGIBILITY,v2026-08-11,2026-03-21..2026-08-06,baccarat_bet02_101_all_pairs_incl_sentinel,round_win = game_pnl > 0 (decisive only),COMPATIBILITY_ONLY_NOT_PRODUCTION,296357.1217,267511.9505,6650.6079,18220,18206,-0.02244119,-0.04150452,-0.02020951,-0.02244119,-6650.6079,296357.1217,OK,0.0000,266.0243,4.0000,96.0000,AG03-UNRESOLVED,ALL5_LEVELS_bet23_to_bet27,266.0243,266.0243,266.0243,332.5304,332.5304,4.000000,4.000000,4.000000,5.000000,5.000000,96.000000,96.000000,96.000000,95.000000,95.000000,5.0,1463.1337,1340.2688,5187.4742,5310.3391,PENDING_AG03,FALSE,NOT_FOR_ENFORCEMENT,6384.5836,256811.4724,6650.6079,6384.5836,266.0243,0.02244119,0.02154355,266.0243,6384.5836,0.02154355,266.0243,266.0243,266.0243,332.5304,332.5304,6384.5836,0.02154355,1463.1337,1340.2688,5187.4742,5310.3391,0.01750413,0.01791872,0.00089765,16.2655,14.6936,0.3653,59.3804,1.1678,2646.0457,162.5536,12.4780,16.8648,9.0895,16.5695,22.0926,29.825,33.4482,44.5976,11.8163,0.0,2.018664,2.691552,0.981654,30,240,141,4,0.10479828,0.02244119,0.04150452,0E-8,0.000000,0.902668,0.011910,-0.02129501,2026-03-22,2026-08-05,112,5695,2177,137,0.817518,0.739886,0.767145,0.349328,,,,,,,,GLOBAL_BASELINE_NO_ENTITY_RANKING,,,NOT_APPLICABLE_GLOBAL_BASELINE,HF9g-P5,,,,X 全窗基线 · 不参与实体赏罚,14194270,1420,A168_HF9F_20260827_0900,2026-08-27 09:00:00
2026-04-06,110249610,2256,0,234.9626195829,-66.8075533437,-66.8075533437,0.3333333,11,11,0.49690146363636364,0.496901463636,-0.981427627230298,-0.9814276272281206,-0.981427627230298,3.6364E-13,ELIGIBLE,R03b_20260811_FULL_v1,L1_ELIGIBILITY,v2026-08-11,2026-03-21..2026-08-06,baccarat_bet02_101_all_pairs_incl_sentinel,round_win = game_pnl > 0 (decisive only),COMPATIBILITY_ONLY_NOT_PRODUCTION,296357.1217,267511.9505,6650.6079,18220,18206,-0.02244119,-0.04150452,-0.02020951,-0.02244119,-6650.6079,296357.1217,OK,0.0000,266.0243,4.0000,96.0000,AG03-UNRESOLVED,ALL5_LEVELS_bet23_to_bet27,266.0243,266.0243,266.0243,332.5304,332.5304,4.000000,4.000000,4.000000,5.000000,5.000000,96.000000,96.000000,96.000000,95.000000,95.000000,5.0,1463.1337,1340.2688,5187.4742,5310.3391,PENDING_AG03,FALSE,NOT_FOR_ENFORCEMENT,6384.5836,256811.4724,6650.6079,6384.5836,266.0243,0.02244119,0.02154355,266.0243,6384.5836,0.02154355,266.0243,266.0243,266.0243,332.5304,332.5304,6384.5836,0.02154355,1463.1337,1340.2688,5187.4742,5310.3391,0.01750413,0.01791872,0.00089765,16.2655,14.6936,0.3653,59.3804,1.1678,2646.0457,162.5536,12.4780,16.8648,9.0895,16.5695,22.0926,29.825,33.4482,44.5976,11.8163,0.0,2.018664,2.691552,0.981654,30,240,141,4,0.10479828,0.02244119,0.04150452,0E-8,0.000000,0.902668,0.011910,-0.02129501,2026-03-22,2026-08-05,112,5695,2177,137,0.817518,0.739886,0.767145,0.349328,,,,,,,,GLOBAL_BASELINE_NO_ENTITY_RANKING,,,NOT_APPLICABLE_GLOBAL_BASELINE,HF9g-P5,,,,X 全窗基线 · 不参与实体赏罚,14194271,1420,A168_HF9F_20260827_0900,2026-08-27 09:00:00
2026-04-06,110249610,2258,0,60.1040743518,-19.4287272478,-19.4287272478,0.6000000,5,5,0.49592654000000000,0.495926540000,0.46544610904919037,0.46544610904919037,0.46544610904919037,0E-17,ELIGIBLE,R03b_20260811_FULL_v1,L1_ELIGIBILITY,v2026-08-11,2026-03-21..2026-08-06,baccarat_bet02_101_all_pairs_incl_sentinel,round_win = game_pnl > 0 (decisive only),COMPATIBILITY_ONLY_NOT_PRODUCTION,296357.1217,267511.9505,6650.6079,18220,18206,-0.02244119,-0.04150452,-0.02020951,-0.02244119,-6650.6079,296357.1217,OK,0.0000,266.0243,4.0000,96.0000,AG03-UNRESOLVED,ALL5_LEVELS_bet23_to_bet27,266.0243,266.0243,266.0243,332.5304,332.5304,4.000000,4.000000,4.000000,5.000000,5.000000,96.000000,96.000000,96.000000,95.000000,95.000000,5.0,1463.1337,1340.2688,5187.4742,5310.3391,PENDING_AG03,FALSE,NOT_FOR_ENFORCEMENT,6384.5836,256811.4724,6650.6079,6384.5836,266.0243,0.02244119,0.02154355,266.0243,6384.5836,0.02154355,266.0243,266.0243,266.0243,332.5304,332.5304,6384.5836,0.02154355,1463.1337,1340.2688,5187.4742,5310.3391,0.01750413,0.01791872,0.00089765,16.2655,14.6936,0.3653,59.3804,1.1678,2646.0457,162.5536,12.4780,16.8648,9.0895,16.5695,22.0926,29.825,33.4482,44.5976,11.8163,0.0,2.018664,2.691552,0.981654,30,240,141,4,0.10479828,0.02244119,0.04150452,0E-8,0.000000,0.902668,0.011910,-0.02129501,2026-03-22,2026-08-05,112,5695,2177,137,0.817518,0.739886,0.767145,0.349328,,,,,,,,GLOBAL_BASELINE_NO_ENTITY_RANKING,,,NOT_APPLICABLE_GLOBAL_BASELINE,HF9g-P5,,,,X 全窗基线 · 不参与实体赏罚,14194272,1420,A168_HF9F_20260827_0900,2026-08-27 09:00:00
2026-04-06,110249610,2267,0,17.0427431999,-17.0427431999,-17.0427431999,0E-7,1,1,0.49324550000000000,0.493245500000,-0.9865810262130424,-0.9865810262130424,-0.9865810262130424,0E-17,ELIGIBLE,R03b_20260811_FULL_v1,L1_ELIGIBILITY,v2026-08-11,2026-03-21..2026-08-06,baccarat_bet02_101_all_pairs_incl_sentinel,round_win = game_pnl > 0 (decisive only),COMPATIBILITY_ONLY_NOT_PRODUCTION,296357.1217,267511.9505,6650.6079,18220,18206,-0.02244119,-0.04150452,-0.02020951,-0.02244119,-6650.6079,296357.1217,OK,0.0000,266.0243,4.0000,96.0000,AG03-UNRESOLVED,ALL5_LEVELS_bet23_to_bet27,266.0243,266.0243,266.0243,332.5304,332.5304,4.000000,4.000000,4.000000,5.000000,5.000000,96.000000,96.000000,96.000000,95.000000,95.000000,5.0,1463.1337,1340.2688,5187.4742,5310.3391,PENDING_AG03,FALSE,NOT_FOR_ENFORCEMENT,6384.5836,256811.4724,6650.6079,6384.5836,266.0243,0.02244119,0.02154355,266.0243,6384.5836,0.02154355,266.0243,266.0243,266.0243,332.5304,332.5304,6384.5836,0.02154355,1463.1337,1340.2688,5187.4742,5310.3391,0.01750413,0.01791872,0.00089765,16.2655,14.6936,0.3653,59.3804,1.1678,2646.0457,162.5536,12.4780,16.8648,9.0895,16.5695,22.0926,29.825,33.4482,44.5976,11.8163,0.0,2.018664,2.691552,0.981654,30,240,141,4,0.10479828,0.02244119,0.04150452,0E-8,0.000000,0.902668,0.011910,-0.02129501,2026-03-22,2026-08-05,112,5695,2177,137,0.817518,0.739886,0.767145,0.349328,,,,,,,,GLOBAL_BASELINE_NO_ENTITY_RANKING,,,NOT_APPLICABLE_GLOBAL_BASELINE,HF9g-P5,,,,X 全窗基线 · 不参与实体赏罚,14194273,1420,A168_HF9F_20260827_0900,2026-08-27 09:00:00
2026-04-06,110249610,462,0,51.1282295998,-51.1282295998,-51.1282295998,0E-7,3,3,0.50665070000000000,0.506650700000,-1.7552447903592512,-1.7552447903592512,-1.7552447903592512,0E-17,ELIGIBLE,R03b_20260811_FULL_v1,L1_ELIGIBILITY,v2026-08-11,2026-03-21..2026-08-06,baccarat_bet02_101_all_pairs_incl_sentinel,round_win = game_pnl > 0 (decisive only),COMPATIBILITY_ONLY_NOT_PRODUCTION,296357.1217,267511.9505,6650.6079,18220,18206,-0.02244119,-0.04150452,-0.02020951,-0.02244119,-6650.6079,296357.1217,OK,0.0000,266.0243,4.0000,96.0000,AG03-UNRESOLVED,ALL5_LEVELS_bet23_to_bet27,266.0243,266.0243,266.0243,332.5304,332.5304,4.000000,4.000000,4.000000,5.000000,5.000000,96.000000,96.000000,96.000000,95.000000,95.000000,5.0,1463.1337,1340.2688,5187.4742,5310.3391,PENDING_AG03,FALSE,NOT_FOR_ENFORCEMENT,6384.5836,256811.4724,6650.6079,6384.5836,266.0243,0.02244119,0.02154355,266.0243,6384.5836,0.02154355,266.0243,266.0243,266.0243,332.5304,332.5304,6384.5836,0.02154355,1463.1337,1340.2688,5187.4742,5310.3391,0.01750413,0.01791872,0.00089765,16.2655,14.6936,0.3653,59.3804,1.1678,2646.0457,162.5536,12.4780,16.8648,9.0895,16.5695,22.0926,29.825,33.4482,44.5976,11.8163,0.0,2.018664,2.691552,0.981654,30,240,141,4,0.10479828,0.02244119,0.04150452,0E-8,0.000000,0.902668,0.011910,-0.02129501,2026-03-22,2026-08-05,112,5695,2177,137,0.817518,0.739886,0.767145,0.349328,,,,,,,,GLOBAL_BASELINE_NO_ENTITY_RANKING,,,NOT_APPLICABLE_GLOBAL_BASELINE,HF9g-P5,,,,X 全窗基线 · 不参与实体赏罚,14194274,1420,A168_HF9F_20260827_0900,2026-08-27 09:00:00
2026-04-06,110249610,526,0,28.4045719999,-28.4045719999,-28.4045719999,0E-7,1,1,0.50665070000000000,0.506650700000,-1.013391052207602,-1.013391052207602,-1.013391052207602,0E-17,ELIGIBLE,R03b_20260811_FULL_v1,L1_ELIGIBILITY,v2026-08-11,2026-03-21..2026-08-06,baccarat_bet02_101_all_pairs_incl_sentinel,round_win = game_pnl > 0 (decisive only),COMPATIBILITY_ONLY_NOT_PRODUCTION,296357.1217,267511.9505,6650.6079,18220,18206,-0.02244119,-0.04150452,-0.02020951,-0.02244119,-6650.6079,296357.1217,OK,0.0000,266.0243,4.0000,96.0000,AG03-UNRESOLVED,ALL5_LEVELS_bet23_to_bet27,266.0243,266.0243,266.0243,332.5304,332.5304,4.000000,4.000000,4.000000,5.000000,5.000000,96.000000,96.000000,96.000000,95.000000,95.000000,5.0,1463.1337,1340.2688,5187.4742,5310.3391,PENDING_AG03,FALSE,NOT_FOR_ENFORCEMENT,6384.5836,256811.4724,6650.6079,6384.5836,266.0243,0.02244119,0.02154355,266.0243,6384.5836,0.02154355,266.0243,266.0243,266.0243,332.5304,332.5304,6384.5836,0.02154355,1463.1337,1340.2688,5187.4742,5310.3391,0.01750413,0.01791872,0.00089765,16.2655,14.6936,0.3653,59.3804,1.1678,2646.0457,162.5536,12.4780,16.8648,9.0895,16.5695,22.0926,29.825,33.4482,44.5976,11.8163,0.0,2.018664,2.691552,0.981654,30,240,141,4,0.10479828,0.02244119,0.04150452,0E-8,0.000000,0.902668,0.011910,-0.02129501,2026-03-22,2026-08-05,112,5695,2177,137,0.817518,0.739886,0.767145,0.349328,,,,,,,,GLOBAL_BASELINE_NO_ENTITY_RANKING,,,NOT_APPLICABLE_GLOBAL_BASELINE,HF9g-P5,,,,X 全窗基线 · 不参与实体赏罚,14194275,1420,A168_HF9F_20260827_0900,2026-08-27 09:00:00
2026-04-06,110249610,529,0,193.7191810392,-0.2840457200,-0.2840457200,0.5454545,11,11,0.49568280909090909,0.495682809091,0.33016065675406375,0.3301606567534602,0.33016065675406375,-9.091E-14,ELIGIBLE,R03b_20260811_FULL_v1,L1_ELIGIBILITY,v2026-08-11,2026-03-21..2026-08-06,baccarat_bet02_101_all_pairs_incl_sentinel,round_win = game_pnl > 0 (decisive only),COMPATIBILITY_ONLY_NOT_PRODUCTION,296357.1217,267511.9505,6650.6079,18220,18206,-0.02244119,-0.04150452,-0.02020951,-0.02244119,-6650.6079,296357.1217,OK,0.0000,266.0243,4.0000,96.0000,AG03-UNRESOLVED,ALL5_LEVELS_bet23_to_bet27,266.0243,266.0243,266.0243,332.5304,332.5304,4.000000,4.000000,4.000000,5.000000,5.000000,96.000000,96.000000,96.000000,95.000000,95.000000,5.0,1463.1337,1340.2688,5187.4742,5310.3391,PENDING_AG03,FALSE,NOT_FOR_ENFORCEMENT,6384.5836,256811.4724,6650.6079,6384.5836,266.0243,0.02244119,0.02154355,266.0243,6384.5836,0.02154355,266.0243,266.0243,266.0243,332.5304,332.5304,6384.5836,0.02154355,1463.1337,1340.2688,5187.4742,5310.3391,0.01750413,0.01791872,0.00089765,16.2655,14.6936,0.3653,59.3804,1.1678,2646.0457,162.5536,12.4780,16.8648,9.0895,16.5695,22.0926,29.825,33.4482,44.5976,11.8163,0.0,2.018664,2.691552,0.981654,30,240,141,4,0.10479828,0.02244119,0.04150452,0E-8,0.000000,0.902668,0.011910,-0.02129501,2026-03-22,2026-08-05,112,5695,2177,137,0.817518,0.739886,0.767145,0.349328,,,,,,,,GLOBAL_BASELINE_NO_ENTITY_RANKING,,,NOT_APPLICABLE_GLOBAL_BASELINE,HF9g-P5,,,,X 全窗基线 · 不参与实体赏罚,14194276,1420,A168_HF9F_20260827_0900,2026-08-27 09:00:00
2026-04-06,110249610,919,0,322.7895562065,97.9105596834,97.9105596834,0.7058824,18,18,0.50441650000000000,0.504416500000,1.661394797107722,1.661394797107722,1.661394797107722,0E-17,ELIGIBLE,R03b_20260811_FULL_v1,L1_ELIGIBILITY,v2026-08-11,2026-03-21..2026-08-06,baccarat_bet02_101_all_pairs_incl_sentinel,round_win = game_pnl > 0 (decisive only),COMPATIBILITY_ONLY_NOT_PRODUCTION,296357.1217,267511.9505,6650.6079,18220,18206,-0.02244119,-0.04150452,-0.02020951,-0.02244119,-6650.6079,296357.1217,OK,0.0000,266.0243,4.0000,96.0000,AG03-UNRESOLVED,ALL5_LEVELS_bet23_to_bet27,266.0243,266.0243,266.0243,332.5304,332.5304,4.000000,4.000000,4.000000,5.000000,5.000000,96.000000,96.000000,96.000000,95.000000,95.000000,5.0,1463.1337,1340.2688,5187.4742,5310.3391,PENDING_AG03,FALSE,NOT_FOR_ENFORCEMENT,6384.5836,256811.4724,6650.6079,6384.5836,266.0243,0.02244119,0.02154355,266.0243,6384.5836,0.02154355,266.0243,266.0243,266.0243,332.5304,332.5304,6384.5836,0.02154355,1463.1337,1340.2688,5187.4742,5310.3391,0.01750413,0.01791872,0.00089765,16.2655,14.6936,0.3653,59.3804,1.1678,2646.0457,162.5536,12.4780,16.8648,9.0895,16.5695,22.0926,29.825,33.4482,44.5976,11.8163,0.0,2.018664,2.691552,0.981654,30,240,141,4,0.10479828,0.02244119,0.04150452,0E-8,0.000000,0.902668,0.011910,-0.02129501,2026-03-22,2026-08-05,112,5695,2177,137,0.817518,0.739886,0.767145,0.349328,,,,,,,,GLOBAL_BASELINE_NO_ENTITY_RANKING,,,NOT_APPLICABLE_GLOBAL_BASELINE,HF9g-P5,,,,X 全窗基线 · 不参与实体赏罚,14194277,1420,A168_HF9F_20260827_0900,2026-08-27 09:00:00
2026-04-06,110249610,925,0,114.7544708795,-1.4770377441,-1.4770377441,0.4285714,8,8,0.50162375000000000,0.501623750000,-0.38655858877025023,-0.38655858877025023,-0.38655858877025023,0E-17,ELIGIBLE,R03b_20260811_FULL_v1,L1_ELIGIBILITY,v2026-08-11,2026-03-21..2026-08-06,baccarat_bet02_101_all_pairs_incl_sentinel,round_win = game_pnl > 0 (decisive only),COMPATIBILITY_ONLY_NOT_PRODUCTION,296357.1217,267511.9505,6650.6079,18220,18206,-0.02244119,-0.04150452,-0.02020951,-0.02244119,-6650.6079,296357.1217,OK,0.0000,266.0243,4.0000,96.0000,AG03-UNRESOLVED,ALL5_LEVELS_bet23_to_bet27,266.0243,266.0243,266.0243,332.5304,332.5304,4.000000,4.000000,4.000000,5.000000,5.000000,96.000000,96.000000,96.000000,95.000000,95.000000,5.0,1463.1337,1340.2688,5187.4742,5310.3391,PENDING_AG03,FALSE,NOT_FOR_ENFORCEMENT,6384.5836,256811.4724,6650.6079,6384.5836,266.0243,0.02244119,0.02154355,266.0243,6384.5836,0.02154355,266.0243,266.0243,266.0243,332.5304,332.5304,6384.5836,0.02154355,1463.1337,1340.2688,5187.4742,5310.3391,0.01750413,0.01791872,0.00089765,16.2655,14.6936,0.3653,59.3804,1.1678,2646.0457,162.5536,12.4780,16.8648,9.0895,16.5695,22.0926,29.825,33.4482,44.5976,11.8163,0.0,2.018664,2.691552,0.981654,30,240,141,4,0.10479828,0.02244119,0.04150452,0E-8,0.000000,0.902668,0.011910,-0.02129501,2026-03-22,2026-08-05,112,5695,2177,137,0.817518,0.739886,0.767145,0.349328,,,,,,,,GLOBAL_BASELINE_NO_ENTITY_RANKING,,,NOT_APPLICABLE_GLOBAL_BASELINE,HF9g-P5,,,,X 全窗基线 · 不参与实体赏罚,14194278,1420,A168_HF9F_20260827_0900,2026-08-27 09:00:00
2026-04-06,110249610,969,0,31.2450291999,-31.2450291999,-31.2450291999,0E-7,2,2,0.49994810000000000,0.499948100000,-1.4140667746232096,-1.4140667746232096,-1.4140667746232096,0E-17,ELIGIBLE,R03b_20260811_FULL_v1,L1_ELIGIBILITY,v2026-08-11,2026-03-21..2026-08-06,baccarat_bet02_101_all_pairs_incl_sentinel,round_win = game_pnl > 0 (decisive only),COMPATIBILITY_ONLY_NOT_PRODUCTION,296357.1217,267511.9505,6650.6079,18220,18206,-0.02244119,-0.04150452,-0.02020951,-0.02244119,-6650.6079,296357.1217,OK,0.0000,266.0243,4.0000,96.0000,AG03-UNRESOLVED,ALL5_LEVELS_bet23_to_bet27,266.0243,266.0243,266.0243,332.5304,332.5304,4.000000,4.000000,4.000000,5.000000,5.000000,96.000000,96.000000,96.000000,95.000000,95.000000,5.0,1463.1337,1340.2688,5187.4742,5310.3391,PENDING_AG03,FALSE,NOT_FOR_ENFORCEMENT,6384.5836,256811.4724,6650.6079,6384.5836,266.0243,0.02244119,0.02154355,266.0243,6384.5836,0.02154355,266.0243,266.0243,266.0243,332.5304,332.5304,6384.5836,0.02154355,1463.1337,1340.2688,5187.4742,5310.3391,0.01750413,0.01791872,0.00089765,16.2655,14.6936,0.3653,59.3804,1.1678,2646.0457,162.5536,12.4780,16.8648,9.0895,16.5695,22.0926,29.825,33.4482,44.5976,11.8163,0.0,2.018664,2.691552,0.981654,30,240,141,4,0.10479828,0.02244119,0.04150452,0E-8,0.000000,0.902668,0.011910,-0.02129501,2026-03-22,2026-08-05,112,5695,2177,137,0.817518,0.739886,0.767145,0.349328,,,,,,,,GLOBAL_BASELINE_NO_ENTITY_RANKING,,,NOT_APPLICABLE_GLOBAL_BASELINE,HF9g-P5,,,,X 全窗基线 · 不参与实体赏罚,14194279,1420,A168_HF9F_20260827_0900,2026-08-27 09:00:00
2026-04-06,110249610,986,0,161.9060603993,-50.3044970119,-50.3044970119,0.2857143,9,9,0.49622443333333333,0.496224433333,-1.113946756971111,-1.1139467569693526,-1.113946756971111,3.3333E-13,ELIGIBLE,R03b_20260811_FULL_v1,L1_ELIGIBILITY,v2026-08-11,2026-03-21..2026-08-06,baccarat_bet02_101_all_pairs_incl_sentinel,round_win = game_pnl > 0 (decisive only),COMPATIBILITY_ONLY_NOT_PRODUCTION,296357.1217,267511.9505,6650.6079,18220,18206,-0.02244119,-0.04150452,-0.02020951,-0.02244119,-6650.6079,296357.1217,OK,0.0000,266.0243,4.0000,96.0000,AG03-UNRESOLVED,ALL5_LEVELS_bet23_to_bet27,266.0243,266.0243,266.0243,332.5304,332.5304,4.000000,4.000000,4.000000,5.000000,5.000000,96.000000,96.000000,96.000000,95.000000,95.000000,5.0,1463.1337,1340.2688,5187.4742,5310.3391,PENDING_AG03,FALSE,NOT_FOR_ENFORCEMENT,6384.5836,256811.4724,6650.6079,6384.5836,266.0243,0.02244119,0.02154355,266.0243,6384.5836,0.02154355,266.0243,266.0243,266.0243,332.5304,332.5304,6384.5836,0.02154355,1463.1337,1340.2688,5187.4742,5310.3391,0.01750413,0.01791872,0.00089765,16.2655,14.6936,0.3653,59.3804,1.1678,2646.0457,162.5536,12.4780,16.8648,9.0895,16.5695,22.0926,29.825,33.4482,44.5976,11.8163,0.0,2.018664,2.691552,0.981654,30,240,141,4,0.10479828,0.02244119,0.04150452,0E-8,0.000000,0.902668,0.011910,-0.02129501,2026-03-22,2026-08-05,112,5695,2177,137,0.817518,0.739886,0.767145,0.349328,,,,,,,,GLOBAL_BASELINE_NO_ENTITY_RANKING,,,NOT_APPLICABLE_GLOBAL_BASELINE,HF9g-P5,,,,X 全窗基线 · 不参与实体赏罚,14194280,1420,A168_HF9F_20260827_0900,2026-08-27 09:00:00
2026-04-06,110249610,987,0,251.3236530548,90.5537755354,90.5537755354,0.7272727,13,13,0.50561953076923077,0.505619530769,1.4703738419446855,1.4703738419462085,1.4703738419446855,2.3077E-13,ELIGIBLE,R03b_20260811_FULL_v1,L1_ELIGIBILITY,v2026-08-11,2026-03-21..2026-08-06,baccarat_bet02_101_all_pairs_incl_sentinel,round_win = game_pnl > 0 (decisive only),COMPATIBILITY_ONLY_NOT_PRODUCTION,296357.1217,267511.9505,6650.6079,18220,18206,-0.02244119,-0.04150452,-0.02020951,-0.02244119,-6650.6079,296357.1217,OK,0.0000,266.0243,4.0000,96.0000,AG03-UNRESOLVED,ALL5_LEVELS_bet23_to_bet27,266.0243,266.0243,266.0243,332.5304,332.5304,4.000000,4.000000,4.000000,5.000000,5.000000,96.000000,96.000000,96.000000,95.000000,95.000000,5.0,1463.1337,1340.2688,5187.4742,5310.3391,PENDING_AG03,FALSE,NOT_FOR_ENFORCEMENT,6384.5836,256811.4724,6650.6079,6384.5836,266.0243,0.02244119,0.02154355,266.0243,6384.5836,0.02154355,266.0243,266.0243,266.0243,332.5304,332.5304,6384.5836,0.02154355,1463.1337,1340.2688,5187.4742,5310.3391,0.01750413,0.01791872,0.00089765,16.2655,14.6936,0.3653,59.3804,1.1678,2646.0457,162.5536,12.4780,16.8648,9.0895,16.5695,22.0926,29.825,33.4482,44.5976,11.8163,0.0,2.018664,2.691552,0.981654,30,240,141,4,0.10479828,0.02244119,0.04150452,0E-8,0.000000,0.902668,0.011910,-0.02129501,2026-03-22,2026-08-05,112,5695,2177,137,0.817518,0.739886,0.767145,0.349328,,,,,,,,GLOBAL_BASELINE_NO_ENTITY_RANKING,,,NOT_APPLICABLE_GLOBAL_BASELINE,HF9g-P5,,,,X 全窗基线 · 不参与实体赏罚,14194281,1420,A168_HF9F_20260827_0900,2026-08-27 09:00:00
2026-04-06,110249610,994,0,179.0624218871,-48.4013906878,-48.4013906878,0.3750000,9,9,0.49473496666666667,0.494734966667,-0.67736080970584,-0.677360809707721,-0.67736080970584,-3.3333E-13,ELIGIBLE,R03b_20260811_FULL_v1,L1_ELIGIBILITY,v2026-08-11,2026-03-21..2026-08-06,baccarat_bet02_101_all_pairs_incl_sentinel,round_win = game_pnl > 0 (decisive only),COMPATIBILITY_ONLY_NOT_PRODUCTION,296357.1217,267511.9505,6650.6079,18220,18206,-0.02244119,-0.04150452,-0.02020951,-0.02244119,-6650.6079,296357.1217,OK,0.0000,266.0243,4.0000,96.0000,AG03-UNRESOLVED,ALL5_LEVELS_bet23_to_bet27,266.0243,266.0243,266.0243,332.5304,332.5304,4.000000,4.000000,4.000000,5.000000,5.000000,96.000000,96.000000,96.000000,95.000000,95.000000,5.0,1463.1337,1340.2688,5187.4742,5310.3391,PENDING_AG03,FALSE,NOT_FOR_ENFORCEMENT,6384.5836,256811.4724,6650.6079,6384.5836,266.0243,0.02244119,0.02154355,266.0243,6384.5836,0.02154355,266.0243,266.0243,266.0243,332.5304,332.5304,6384.5836,0.02154355,1463.1337,1340.2688,5187.4742,5310.3391,0.01750413,0.01791872,0.00089765,16.2655,14.6936,0.3653,59.3804,1.1678,2646.0457,162.5536,12.4780,16.8648,9.0895,16.5695,22.0926,29.825,33.4482,44.5976,11.8163,0.0,2.018664,2.691552,0.981654,30,240,141,4,0.10479828,0.02244119,0.04150452,0E-8,0.000000,0.902668,0.011910,-0.02129501,2026-03-22,2026-08-05,112,5695,2177,137,0.817518,0.739886,0.767145,0.349328,,,,,,,,GLOBAL_BASELINE_NO_ENTITY_RANKING,,,NOT_APPLICABLE_GLOBAL_BASELINE,HF9g-P5,,,,X 全窗基线 · 不参与实体赏罚,14194282,1420,A168_HF9F_20260827_0900,2026-08-27 09:00:00
2026-04-07,110249610,-1,1,2280.5462767273,-274.6381257527,-274.6381257527,0.4513274,130,130,0.50262914000000000,0.502629140000,-1.0907043171695505,-1.0907043171695507,-1.0907043171695505,0E-17,SENTINEL_DEALER,R03b_20260811_FULL_v1,L1_ELIGIBILITY,v2026-08-11,2026-03-21..2026-08-06,baccarat_bet02_101_all_pairs_incl_sentinel,round_win = game_pnl > 0 (decisive only),COMPATIBILITY_ONLY_NOT_PRODUCTION,296357.1217,267511.9505,6650.6079,18220,18206,-0.02244119,-0.04150452,-0.02020951,-0.02244119,-6650.6079,296357.1217,OK,0.0000,266.0243,4.0000,96.0000,AG03-UNRESOLVED,ALL5_LEVELS_bet23_to_bet27,266.0243,266.0243,266.0243,332.5304,332.5304,4.000000,4.000000,4.000000,5.000000,5.000000,96.000000,96.000000,96.000000,95.000000,95.000000,5.0,1463.1337,1340.2688,5187.4742,5310.3391,PENDING_AG03,FALSE,NOT_FOR_ENFORCEMENT,6384.5836,256811.4724,6650.6079,6384.5836,266.0243,0.02244119,0.02154355,266.0243,6384.5836,0.02154355,266.0243,266.0243,266.0243,332.5304,332.5304,6384.5836,0.02154355,1463.1337,1340.2688,5187.4742,5310.3391,0.01750413,0.01791872,0.00089765,16.2655,14.6936,0.3653,59.3804,1.1678,2646.0457,162.5536,12.4780,16.8648,9.0895,16.5695,22.0926,29.825,33.4482,44.5976,11.8163,0.0,2.018664,2.691552,0.981654,30,240,141,4,0.10479828,0.02244119,0.04150452,0E-8,0.000000,0.902668,0.011910,-0.02129501,2026-03-22,2026-08-05,112,5695,2177,137,0.817518,0.739886,0.767145,0.349328,,,,,,,,GLOBAL_BASELINE_NO_ENTITY_RANKING,,,NOT_APPLICABLE_GLOBAL_BASELINE,HF9g-P5,,,,X 全窗基线 · 不参与实体赏罚,14194283,1420,A168_HF9F_20260827_0900,2026-08-27 09:00:00
2026-04-07,110249610,1109,0,51.9235576158,-29.1999000159,-29.1999000159,0E-7,4,4,0.50329940000000000,0.503299400000,-1.743518224870635,-1.743518224870635,-1.743518224870635,0E-17,ELIGIBLE,R03b_20260811_FULL_v1,L1_ELIGIBILITY,v2026-08-11,2026-03-21..2026-08-06,baccarat_bet02_101_all_pairs_incl_sentinel,round_win = game_pnl > 0 (decisive only),COMPATIBILITY_ONLY_NOT_PRODUCTION,296357.1217,267511.9505,6650.6079,18220,18206,-0.02244119,-0.04150452,-0.02020951,-0.02244119,-6650.6079,296357.1217,OK,0.0000,266.0243,4.0000,96.0000,AG03-UNRESOLVED,ALL5_LEVELS_bet23_to_bet27,266.0243,266.0243,266.0243,332.5304,332.5304,4.000000,4.000000,4.000000,5.000000,5.000000,96.000000,96.000000,96.000000,95.000000,95.000000,5.0,1463.1337,1340.2688,5187.4742,5310.3391,PENDING_AG03,FALSE,NOT_FOR_ENFORCEMENT,6384.5836,256811.4724,6650.6079,6384.5836,266.0243,0.02244119,0.02154355,266.0243,6384.5836,0.02154355,266.0243,266.0243,266.0243,332.5304,332.5304,6384.5836,0.02154355,1463.1337,1340.2688,5187.4742,5310.3391,0.01750413,0.01791872,0.00089765,16.2655,14.6936,0.3653,59.3804,1.1678,2646.0457,162.5536,12.4780,16.8648,9.0895,16.5695,22.0926,29.825,33.4482,44.5976,11.8163,0.0,2.018664,2.691552,0.981654,30,240,141,4,0.10479828,0.02244119,0.04150452,0E-8,0.000000,0.902668,0.011910,-0.02129501,2026-03-22,2026-08-05,112,5695,2177,137,0.817518,0.739886,0.767145,0.349328,,,,,,,,GLOBAL_BASELINE_NO_ENTITY_RANKING,,,NOT_APPLICABLE_GLOBAL_BASELINE,HF9g-P5,,,,X 全窗基线 · 不参与实体赏罚,14194284,1420,A168_HF9F_20260827_0900,2026-08-27 09:00:00
2026-04-07,110249610,1205,0,56.8091439997,-56.8091439997,-56.8091439997,0E-7,3,3,0.50665070000000000,0.506650700000,-1.7552447903592512,-1.7552447903592512,-1.7552447903592512,0E-17,ELIGIBLE,R03b_20260811_FULL_v1,L1_ELIGIBILITY,v2026-08-11,2026-03-21..2026-08-06,baccarat_bet02_101_all_pairs_incl_sentinel,round_win = game_pnl > 0 (decisive only),COMPATIBILITY_ONLY_NOT_PRODUCTION,296357.1217,267511.9505,6650.6079,18220,18206,-0.02244119,-0.04150452,-0.02020951,-0.02244119,-6650.6079,296357.1217,OK,0.0000,266.0243,4.0000,96.0000,AG03-UNRESOLVED,ALL5_LEVELS_bet23_to_bet27,266.0243,266.0243,266.0243,332.5304,332.5304,4.000000,4.000000,4.000000,5.000000,5.000000,96.000000,96.000000,96.000000,95.000000,95.000000,5.0,1463.1337,1340.2688,5187.4742,5310.3391,PENDING_AG03,FALSE,NOT_FOR_ENFORCEMENT,6384.5836,256811.4724,6650.6079,6384.5836,266.0243,0.02244119,0.02154355,266.0243,6384.5836,0.02154355,266.0243,266.0243,266.0243,332.5304,332.5304,6384.5836,0.02154355,1463.1337,1340.2688,5187.4742,5310.3391,0.01750413,0.01791872,0.00089765,16.2655,14.6936,0.3653,59.3804,1.1678,2646.0457,162.5536,12.4780,16.8648,9.0895,16.5695,22.0926,29.825,33.4482,44.5976,11.8163,0.0,2.018664,2.691552,0.981654,30,240,141,4,0.10479828,0.02244119,0.04150452,0E-8,0.000000,0.902668,0.011910,-0.02129501,2026-03-22,2026-08-05,112,5695,2177,137,0.817518,0.739886,0.767145,0.349328,,,,,,,,GLOBAL_BASELINE_NO_ENTITY_RANKING,,,NOT_APPLICABLE_GLOBAL_BASELINE,HF9g-P5,,,,X 全窗基线 · 不参与实体赏罚,14194285,1420,A168_HF9F_20260827_0900,2026-08-27 09:00:00
2026-04-07,110249610,1210,0,124.9801167995,-80.6689844797,-80.6689844797,0.1428571,7,7,0.50282064285714286,0.502820642857,-1.904778113290813,-1.904778113290054,-1.904778113290813,1.4286E-13,ELIGIBLE,R03b_20260811_FULL_v1,L1_ELIGIBILITY,v2026-08-11,2026-03-21..2026-08-06,baccarat_bet02_101_all_pairs_incl_sentinel,round_win = game_pnl > 0 (decisive only),COMPATIBILITY_ONLY_NOT_PRODUCTION,296357.1217,267511.9505,6650.6079,18220,18206,-0.02244119,-0.04150452,-0.02020951,-0.02244119,-6650.6079,296357.1217,OK,0.0000,266.0243,4.0000,96.0000,AG03-UNRESOLVED,ALL5_LEVELS_bet23_to_bet27,266.0243,266.0243,266.0243,332.5304,332.5304,4.000000,4.000000,4.000000,5.000000,5.000000,96.000000,96.000000,96.000000,95.000000,95.000000,5.0,1463.1337,1340.2688,5187.4742,5310.3391,PENDING_AG03,FALSE,NOT_FOR_ENFORCEMENT,6384.5836,256811.4724,6650.6079,6384.5836,266.0243,0.02244119,0.02154355,266.0243,6384.5836,0.02154355,266.0243,266.0243,266.0243,332.5304,332.5304,6384.5836,0.02154355,1463.1337,1340.2688,5187.4742,5310.3391,0.01750413,0.01791872,0.00089765,16.2655,14.6936,0.3653,59.3804,1.1678,2646.0457,162.5536,12.4780,16.8648,9.0895,16.5695,22.0926,29.825,33.4482,44.5976,11.8163,0.0,2.018664,2.691552,0.981654,30,240,141,4,0.10479828,0.02244119,0.04150452,0E-8,0.000000,0.902668,0.011910,-0.02129501,2026-03-22,2026-08-05,112,5695,2177,137,0.817518,0.739886,0.767145,0.349328,,,,,,,,GLOBAL_BASELINE_NO_ENTITY_RANKING,,,NOT_APPLICABLE_GLOBAL_BASELINE,HF9g-P5,,,,X 全窗基线 · 不参与实体赏罚,14194286,1420,A168_HF9F_20260827_0900,2026-08-27 09:00:00
2026-04-07,110249610,1325,0,11.3618288000,0E-10,0E-10,,1,1,0.50665070000000000,0.506650700000,,,,0E-17,NO_DECISIVE_ROUND,R03b_20260811_FULL_v1,L1_ELIGIBILITY,v2026-08-11,2026-03-21..2026-08-06,baccarat_bet02_101_all_pairs_incl_sentinel,round_win = game_pnl > 0 (decisive only),COMPATIBILITY_ONLY_NOT_PRODUCTION,296357.1217,267511.9505,6650.6079,18220,18206,-0.02244119,-0.04150452,-0.02020951,-0.02244119,-6650.6079,296357.1217,OK,0.0000,266.0243,4.0000,96.0000,AG03-UNRESOLVED,ALL5_LEVELS_bet23_to_bet27,266.0243,266.0243,266.0243,332.5304,332.5304,4.000000,4.000000,4.000000,5.000000,5.000000,96.000000,96.000000,96.000000,95.000000,95.000000,5.0,1463.1337,1340.2688,5187.4742,5310.3391,PENDING_AG03,FALSE,NOT_FOR_ENFORCEMENT,6384.5836,256811.4724,6650.6079,6384.5836,266.0243,0.02244119,0.02154355,266.0243,6384.5836,0.02154355,266.0243,266.0243,266.0243,332.5304,332.5304,6384.5836,0.02154355,1463.1337,1340.2688,5187.4742,5310.3391,0.01750413,0.01791872,0.00089765,16.2655,14.6936,0.3653,59.3804,1.1678,2646.0457,162.5536,12.4780,16.8648,9.0895,16.5695,22.0926,29.825,33.4482,44.5976,11.8163,0.0,2.018664,2.691552,0.981654,30,240,141,4,0.10479828,0.02244119,0.04150452,0E-8,0.000000,0.902668,0.011910,-0.02129501,2026-03-22,2026-08-05,112,5695,2177,137,0.817518,0.739886,0.767145,0.349328,,,,,,,,GLOBAL_BASELINE_NO_ENTITY_RANKING,,,NOT_APPLICABLE_GLOBAL_BASELINE,HF9g-P5,,,,X 全窗基线 · 不参与实体赏罚,14194287,1420,A168_HF9F_20260827_0900,2026-08-27 09:00:00
2026-04-07,110249610,1353,0,237.4622219191,-0.5680914398,-0.5680914398,0.5714286,16,16,0.49911027500000000,0.499110275000,0.5411814328723131,0.5411814328723131,0.5411814328723131,0E-17,ELIGIBLE,R03b_20260811_FULL_v1,L1_ELIGIBILITY,v2026-08-11,2026-03-21..2026-08-06,baccarat_bet02_101_all_pairs_incl_sentinel,round_win = game_pnl > 0 (decisive only),COMPATIBILITY_ONLY_NOT_PRODUCTION,296357.1217,267511.9505,6650.6079,18220,18206,-0.02244119,-0.04150452,-0.02020951,-0.02244119,-6650.6079,296357.1217,OK,0.0000,266.0243,4.0000,96.0000,AG03-UNRESOLVED,ALL5_LEVELS_bet23_to_bet27,266.0243,266.0243,266.0243,332.5304,332.5304,4.000000,4.000000,4.000000,5.000000,5.000000,96.000000,96.000000,96.000000,95.000000,95.000000,5.0,1463.1337,1340.2688,5187.4742,5310.3391,PENDING_AG03,FALSE,NOT_FOR_ENFORCEMENT,6384.5836,256811.4724,6650.6079,6384.5836,266.0243,0.02244119,0.02154355,266.0243,6384.5836,0.02154355,266.0243,266.0243,266.0243,332.5304,332.5304,6384.5836,0.02154355,1463.1337,1340.2688,5187.4742,5310.3391,0.01750413,0.01791872,0.00089765,16.2655,14.6936,0.3653,59.3804,1.1678,2646.0457,162.5536,12.4780,16.8648,9.0895,16.5695,22.0926,29.825,33.4482,44.5976,11.8163,0.0,2.018664,2.691552,0.981654,30,240,141,4,0.10479828,0.02244119,0.04150452,0E-8,0.000000,0.902668,0.011910,-0.02129501,2026-03-22,2026-08-05,112,5695,2177,137,0.817518,0.739886,0.767145,0.349328,,,,,,,,GLOBAL_BASELINE_NO_ENTITY_RANKING,,,NOT_APPLICABLE_GLOBAL_BASELINE,HF9g-P5,,,,X 全窗基线 · 不参与实体赏罚,14194288,1420,A168_HF9F_20260827_0900,2026-08-27 09:00:00
2026-04-07,110249610,1385,0,17.0427431999,-17.0427431999,-17.0427431999,0E-7,1,1,0.49324550000000000,0.493245500000,-0.9865810262130424,-0.9865810262130424,-0.9865810262130424,0E-17,ELIGIBLE,R03b_20260811_FULL_v1,L1_ELIGIBILITY,v2026-08-11,2026-03-21..2026-08-06,baccarat_bet02_101_all_pairs_incl_sentinel,round_win = game_pnl > 0 (decisive only),COMPATIBILITY_ONLY_NOT_PRODUCTION,296357.1217,267511.9505,6650.6079,18220,18206,-0.02244119,-0.04150452,-0.02020951,-0.02244119,-6650.6079,296357.1217,OK,0.0000,266.0243,4.0000,96.0000,AG03-UNRESOLVED,ALL5_LEVELS_bet23_to_bet27,266.0243,266.0243,266.0243,332.5304,332.5304,4.000000,4.000000,4.000000,5.000000,5.000000,96.000000,96.000000,96.000000,95.000000,95.000000,5.0,1463.1337,1340.2688,5187.4742,5310.3391,PENDING_AG03,FALSE,NOT_FOR_ENFORCEMENT,6384.5836,256811.4724,6650.6079,6384.5836,266.0243,0.02244119,0.02154355,266.0243,6384.5836,0.02154355,266.0243,266.0243,266.0243,332.5304,332.5304,6384.5836,0.02154355,1463.1337,1340.2688,5187.4742,5310.3391,0.01750413,0.01791872,0.00089765,16.2655,14.6936,0.3653,59.3804,1.1678,2646.0457,162.5536,12.4780,16.8648,9.0895,16.5695,22.0926,29.825,33.4482,44.5976,11.8163,0.0,2.018664,2.691552,0.981654,30,240,141,4,0.10479828,0.02244119,0.04150452,0E-8,0.000000,0.902668,0.011910,-0.02129501,2026-03-22,2026-08-05,112,5695,2177,137,0.817518,0.739886,0.767145,0.349328,,,,,,,,GLOBAL_BASELINE_NO_ENTITY_RANKING,,,NOT_APPLICABLE_GLOBAL_BASELINE,HF9g-P5,,,,X 全窗基线 · 不参与实体赏罚,14194289,1420,A168_HF9F_20260827_0900,2026-08-27 09:00:00
2026-04-07,110249610,1400,0,173.4951257752,6.0217692640,6.0217692640,0.5454545,11,11,0.50055742727272727,0.500557427273,0.2978139754313191,0.2978139754295102,0.2978139754313191,-2.7273E-13,ELIGIBLE,R03b_20260811_FULL_v1,L1_ELIGIBILITY,v2026-08-11,2026-03-21..2026-08-06,baccarat_bet02_101_all_pairs_incl_sentinel,round_win = game_pnl > 0 (decisive only),COMPATIBILITY_ONLY_NOT_PRODUCTION,296357.1217,267511.9505,6650.6079,18220,18206,-0.02244119,-0.04150452,-0.02020951,-0.02244119,-6650.6079,296357.1217,OK,0.0000,266.0243,4.0000,96.0000,AG03-UNRESOLVED,ALL5_LEVELS_bet23_to_bet27,266.0243,266.0243,266.0243,332.5304,332.5304,4.000000,4.000000,4.000000,5.000000,5.000000,96.000000,96.000000,96.000000,95.000000,95.000000,5.0,1463.1337,1340.2688,5187.4742,5310.3391,PENDING_AG03,FALSE,NOT_FOR_ENFORCEMENT,6384.5836,256811.4724,6650.6079,6384.5836,266.0243,0.02244119,0.02154355,266.0243,6384.5836,0.02154355,266.0243,266.0243,266.0243,332.5304,332.5304,6384.5836,0.02154355,1463.1337,1340.2688,5187.4742,5310.3391,0.01750413,0.01791872,0.00089765,16.2655,14.6936,0.3653,59.3804,1.1678,2646.0457,162.5536,12.4780,16.8648,9.0895,16.5695,22.0926,29.825,33.4482,44.5976,11.8163,0.0,2.018664,2.691552,0.981654,30,240,141,4,0.10479828,0.02244119,0.04150452,0E-8,0.000000,0.902668,0.011910,-0.02129501,2026-03-22,2026-08-05,112,5695,2177,137,0.817518,0.739886,0.767145,0.349328,,,,,,,,GLOBAL_BASELINE_NO_ENTITY_RANKING,,,NOT_APPLICABLE_GLOBAL_BASELINE,HF9g-P5,,,,X 全窗基线 · 不参与实体赏罚,14194290,1420,A168_HF9F_20260827_0900,2026-08-27 09:00:00
2026-04-07,110249610,1490,0,179.4032767513,-51.5827027518,-51.5827027518,0.3333333,10,10,0.50262914000000000,0.502629140000,-1.015788883128781,-1.015788883128781,-1.015788883128781,0E-17,ELIGIBLE,R03b_20260811_FULL_v1,L1_ELIGIBILITY,v2026-08-11,2026-03-21..2026-08-06,baccarat_bet02_101_all_pairs_incl_sentinel,round_win = game_pnl > 0 (decisive only),COMPATIBILITY_ONLY_NOT_PRODUCTION,296357.1217,267511.9505,6650.6079,18220,18206,-0.02244119,-0.04150452,-0.02020951,-0.02244119,-6650.6079,296357.1217,OK,0.0000,266.0243,4.0000,96.0000,AG03-UNRESOLVED,ALL5_LEVELS_bet23_to_bet27,266.0243,266.0243,266.0243,332.5304,332.5304,4.000000,4.000000,4.000000,5.000000,5.000000,96.000000,96.000000,96.000000,95.000000,95.000000,5.0,1463.1337,1340.2688,5187.4742,5310.3391,PENDING_AG03,FALSE,NOT_FOR_ENFORCEMENT,6384.5836,256811.4724,6650.6079,6384.5836,266.0243,0.02244119,0.02154355,266.0243,6384.5836,0.02154355,266.0243,266.0243,266.0243,332.5304,332.5304,6384.5836,0.02154355,1463.1337,1340.2688,5187.4742,5310.3391,0.01750413,0.01791872,0.00089765,16.2655,14.6936,0.3653,59.3804,1.1678,2646.0457,162.5536,12.4780,16.8648,9.0895,16.5695,22.0926,29.825,33.4482,44.5976,11.8163,0.0,2.018664,2.691552,0.981654,30,240,141,4,0.10479828,0.02244119,0.04150452,0E-8,0.000000,0.902668,0.011910,-0.02129501,2026-03-22,2026-08-05,112,5695,2177,137,0.817518,0.739886,0.767145,0.349328,,,,,,,,GLOBAL_BASELINE_NO_ENTITY_RANKING,,,NOT_APPLICABLE_GLOBAL_BASELINE,HF9g-P5,,,,X 全窗基线 · 不参与实体赏罚,14194291,1420,A168_HF9F_20260827_0900,2026-08-27 09:00:00
2026-04-07,110249610,1509,0,95.6665984957,22.9508941759,22.9508941759,0.5555556,9,9,0.49771390000000000,0.497713900000,0.34705356093186585,0.34705356093186585,0.34705356093186585,0E-17,ELIGIBLE,R03b_20260811_FULL_v1,L1_ELIGIBILITY,v2026-08-11,2026-03-21..2026-08-06,baccarat_bet02_101_all_pairs_incl_sentinel,round_win = game_pnl > 0 (decisive only),COMPATIBILITY_ONLY_NOT_PRODUCTION,296357.1217,267511.9505,6650.6079,18220,18206,-0.02244119,-0.04150452,-0.02020951,-0.02244119,-6650.6079,296357.1217,OK,0.0000,266.0243,4.0000,96.0000,AG03-UNRESOLVED,ALL5_LEVELS_bet23_to_bet27,266.0243,266.0243,266.0243,332.5304,332.5304,4.000000,4.000000,4.000000,5.000000,5.000000,96.000000,96.000000,96.000000,95.000000,95.000000,5.0,1463.1337,1340.2688,5187.4742,5310.3391,PENDING_AG03,FALSE,NOT_FOR_ENFORCEMENT,6384.5836,256811.4724,6650.6079,6384.5836,266.0243,0.02244119,0.02154355,266.0243,6384.5836,0.02154355,266.0243,266.0243,266.0243,332.5304,332.5304,6384.5836,0.02154355,1463.1337,1340.2688,5187.4742,5310.3391,0.01750413,0.01791872,0.00089765,16.2655,14.6936,0.3653,59.3804,1.1678,2646.0457,162.5536,12.4780,16.8648,9.0895,16.5695,22.0926,29.825,33.4482,44.5976,11.8163,0.0,2.018664,2.691552,0.981654,30,240,141,4,0.10479828,0.02244119,0.04150452,0E-8,0.000000,0.902668,0.011910,-0.02129501,2026-03-22,2026-08-05,112,5695,2177,137,0.817518,0.739886,0.767145,0.349328,,,,,,,,GLOBAL_BASELINE_NO_ENTITY_RANKING,,,NOT_APPLICABLE_GLOBAL_BASELINE,HF9g-P5,,,,X 全窗基线 · 不参与实体赏罚,14194292,1420,A168_HF9F_20260827_0900,2026-08-27 09:00:00
2026-04-07,110249610,1623,0,28.4045719999,11.3618288000,11.3618288000,1.0000000,2,2,0.49324550000000000,0.493245500000,1.01360149184955,1.01360149184955,1.01360149184955,0E-17,ELIGIBLE,R03b_20260811_FULL_v1,L1_ELIGIBILITY,v2026-08-11,2026-03-21..2026-08-06,baccarat_bet02_101_all_pairs_incl_sentinel,round_win = game_pnl > 0 (decisive only),COMPATIBILITY_ONLY_NOT_PRODUCTION,296357.1217,267511.9505,6650.6079,18220,18206,-0.02244119,-0.04150452,-0.02020951,-0.02244119,-6650.6079,296357.1217,OK,0.0000,266.0243,4.0000,96.0000,AG03-UNRESOLVED,ALL5_LEVELS_bet23_to_bet27,266.0243,266.0243,266.0243,332.5304,332.5304,4.000000,4.000000,4.000000,5.000000,5.000000,96.000000,96.000000,96.000000,95.000000,95.000000,5.0,1463.1337,1340.2688,5187.4742,5310.3391,PENDING_AG03,FALSE,NOT_FOR_ENFORCEMENT,6384.5836,256811.4724,6650.6079,6384.5836,266.0243,0.02244119,0.02154355,266.0243,6384.5836,0.02154355,266.0243,266.0243,266.0243,332.5304,332.5304,6384.5836,0.02154355,1463.1337,1340.2688,5187.4742,5310.3391,0.01750413,0.01791872,0.00089765,16.2655,14.6936,0.3653,59.3804,1.1678,2646.0457,162.5536,12.4780,16.8648,9.0895,16.5695,22.0926,29.825,33.4482,44.5976,11.8163,0.0,2.018664,2.691552,0.981654,30,240,141,4,0.10479828,0.02244119,0.04150452,0E-8,0.000000,0.902668,0.011910,-0.02129501,2026-03-22,2026-08-05,112,5695,2177,137,0.817518,0.739886,0.767145,0.349328,,,,,,,,GLOBAL_BASELINE_NO_ENTITY_RANKING,,,NOT_APPLICABLE_GLOBAL_BASELINE,HF9g-P5,,,,X 全窗基线 · 不参与实体赏罚,14194293,1420,A168_HF9F_20260827_0900,2026-08-27 09:00:00
2026-04-07,110249610,1645,0,34.0854863998,0E-10,0E-10,0.5000000,2,2,0.49324550000000000,0.493245500000,0.01910635448239258,0.01910635448239258,0.01910635448239258,0E-17,ELIGIBLE,R03b_20260811_FULL_v1,L1_ELIGIBILITY,v2026-08-11,2026-03-21..2026-08-06,baccarat_bet02_101_all_pairs_incl_sentinel,round_win = game_pnl > 0 (decisive only),COMPATIBILITY_ONLY_NOT_PRODUCTION,296357.1217,267511.9505,6650.6079,18220,18206,-0.02244119,-0.04150452,-0.02020951,-0.02244119,-6650.6079,296357.1217,OK,0.0000,266.0243,4.0000,96.0000,AG03-UNRESOLVED,ALL5_LEVELS_bet23_to_bet27,266.0243,266.0243,266.0243,332.5304,332.5304,4.000000,4.000000,4.000000,5.000000,5.000000,96.000000,96.000000,96.000000,95.000000,95.000000,5.0,1463.1337,1340.2688,5187.4742,5310.3391,PENDING_AG03,FALSE,NOT_FOR_ENFORCEMENT,6384.5836,256811.4724,6650.6079,6384.5836,266.0243,0.02244119,0.02154355,266.0243,6384.5836,0.02154355,266.0243,266.0243,266.0243,332.5304,332.5304,6384.5836,0.02154355,1463.1337,1340.2688,5187.4742,5310.3391,0.01750413,0.01791872,0.00089765,16.2655,14.6936,0.3653,59.3804,1.1678,2646.0457,162.5536,12.4780,16.8648,9.0895,16.5695,22.0926,29.825,33.4482,44.5976,11.8163,0.0,2.018664,2.691552,0.981654,30,240,141,4,0.10479828,0.02244119,0.04150452,0E-8,0.000000,0.902668,0.011910,-0.02129501,2026-03-22,2026-08-05,112,5695,2177,137,0.817518,0.739886,0.767145,0.349328,,,,,,,,GLOBAL_BASELINE_NO_ENTITY_RANKING,,,NOT_APPLICABLE_GLOBAL_BASELINE,HF9g-P5,,,,X 全窗基线 · 不参与实体赏罚,14194294,1420,A168_HF9F_20260827_0900,2026-08-27 09:00:00
2026-04-07,110249610,1710,0,113.6182879995,64.7340195877,64.7340195877,0.7142857,7,7,0.50473567142857143,0.504735671429,1.1088843393366314,1.1088843393343726,1.1088843393366314,-4.2857E-13,ELIGIBLE,R03b_20260811_FULL_v1,L1_ELIGIBILITY,v2026-08-11,2026-03-21..2026-08-06,baccarat_bet02_101_all_pairs_incl_sentinel,round_win = game_pnl > 0 (decisive only),COMPATIBILITY_ONLY_NOT_PRODUCTION,296357.1217,267511.9505,6650.6079,18220,18206,-0.02244119,-0.04150452,-0.02020951,-0.02244119,-6650.6079,296357.1217,OK,0.0000,266.0243,4.0000,96.0000,AG03-UNRESOLVED,ALL5_LEVELS_bet23_to_bet27,266.0243,266.0243,266.0243,332.5304,332.5304,4.000000,4.000000,4.000000,5.000000,5.000000,96.000000,96.000000,96.000000,95.000000,95.000000,5.0,1463.1337,1340.2688,5187.4742,5310.3391,PENDING_AG03,FALSE,NOT_FOR_ENFORCEMENT,6384.5836,256811.4724,6650.6079,6384.5836,266.0243,0.02244119,0.02154355,266.0243,6384.5836,0.02154355,266.0243,266.0243,266.0243,332.5304,332.5304,6384.5836,0.02154355,1463.1337,1340.2688,5187.4742,5310.3391,0.01750413,0.01791872,0.00089765,16.2655,14.6936,0.3653,59.3804,1.1678,2646.0457,162.5536,12.4780,16.8648,9.0895,16.5695,22.0926,29.825,33.4482,44.5976,11.8163,0.0,2.018664,2.691552,0.981654,30,240,141,4,0.10479828,0.02244119,0.04150452,0E-8,0.000000,0.902668,0.011910,-0.02129501,2026-03-22,2026-08-05,112,5695,2177,137,0.817518,0.739886,0.767145,0.349328,,,,,,,,GLOBAL_BASELINE_NO_ENTITY_RANKING,,,NOT_APPLICABLE_GLOBAL_BASELINE,HF9g-P5,,,,X 全窗基线 · 不参与实体赏罚,14194295,1420,A168_HF9F_20260827_0900,2026-08-27 09:00:00
2026-04-07,110249610,1951,0,51.1282295998,-17.0427431998,-17.0427431998,0.5000000,4,4,0.49324550000000000,0.493245500000,0.027020465636507562,0.027020465636507562,0.027020465636507562,0E-17,ELIGIBLE,R03b_20260811_FULL_v1,L1_ELIGIBILITY,v2026-08-11,2026-03-21..2026-08-06,baccarat_bet02_101_all_pairs_incl_sentinel,round_win = game_pnl > 0 (decisive only),COMPATIBILITY_ONLY_NOT_PRODUCTION,296357.1217,267511.9505,6650.6079,18220,18206,-0.02244119,-0.04150452,-0.02020951,-0.02244119,-6650.6079,296357.1217,OK,0.0000,266.0243,4.0000,96.0000,AG03-UNRESOLVED,ALL5_LEVELS_bet23_to_bet27,266.0243,266.0243,266.0243,332.5304,332.5304,4.000000,4.000000,4.000000,5.000000,5.000000,96.000000,96.000000,96.000000,95.000000,95.000000,5.0,1463.1337,1340.2688,5187.4742,5310.3391,PENDING_AG03,FALSE,NOT_FOR_ENFORCEMENT,6384.5836,256811.4724,6650.6079,6384.5836,266.0243,0.02244119,0.02154355,266.0243,6384.5836,0.02154355,266.0243,266.0243,266.0243,332.5304,332.5304,6384.5836,0.02154355,1463.1337,1340.2688,5187.4742,5310.3391,0.01750413,0.01791872,0.00089765,16.2655,14.6936,0.3653,59.3804,1.1678,2646.0457,162.5536,12.4780,16.8648,9.0895,16.5695,22.0926,29.825,33.4482,44.5976,11.8163,0.0,2.018664,2.691552,0.981654,30,240,141,4,0.10479828,0.02244119,0.04150452,0E-8,0.000000,0.902668,0.011910,-0.02129501,2026-03-22,2026-08-05,112,5695,2177,137,0.817518,0.739886,0.767145,0.349328,,,,,,,,GLOBAL_BASELINE_NO_ENTITY_RANKING,,,NOT_APPLICABLE_GLOBAL_BASELINE,HF9g-P5,,,,X 全窗基线 · 不参与实体赏罚,14194296,1420,A168_HF9F_20260827_0900,2026-08-27 09:00:00
2026-04-07,110249610,1985,0,17.0427431999,-17.0427431999,-17.0427431999,0E-7,1,1,0.50665070000000000,0.506650700000,-1.013391052207602,-1.013391052207602,-1.013391052207602,0E-17,ELIGIBLE,R03b_20260811_FULL_v1,L1_ELIGIBILITY,v2026-08-11,2026-03-21..2026-08-06,baccarat_bet02_101_all_pairs_incl_sentinel,round_win = game_pnl > 0 (decisive only),COMPATIBILITY_ONLY_NOT_PRODUCTION,296357.1217,267511.9505,6650.6079,18220,18206,-0.02244119,-0.04150452,-0.02020951,-0.02244119,-6650.6079,296357.1217,OK,0.0000,266.0243,4.0000,96.0000,AG03-UNRESOLVED,ALL5_LEVELS_bet23_to_bet27,266.0243,266.0243,266.0243,332.5304,332.5304,4.000000,4.000000,4.000000,5.000000,5.000000,96.000000,96.000000,96.000000,95.000000,95.000000,5.0,1463.1337,1340.2688,5187.4742,5310.3391,PENDING_AG03,FALSE,NOT_FOR_ENFORCEMENT,6384.5836,256811.4724,6650.6079,6384.5836,266.0243,0.02244119,0.02154355,266.0243,6384.5836,0.02154355,266.0243,266.0243,266.0243,332.5304,332.5304,6384.5836,0.02154355,1463.1337,1340.2688,5187.4742,5310.3391,0.01750413,0.01791872,0.00089765,16.2655,14.6936,0.3653,59.3804,1.1678,2646.0457,162.5536,12.4780,16.8648,9.0895,16.5695,22.0926,29.825,33.4482,44.5976,11.8163,0.0,2.018664,2.691552,0.981654,30,240,141,4,0.10479828,0.02244119,0.04150452,0E-8,0.000000,0.902668,0.011910,-0.02129501,2026-03-22,2026-08-05,112,5695,2177,137,0.817518,0.739886,0.767145,0.349328,,,,,,,,GLOBAL_BASELINE_NO_ENTITY_RANKING,,,NOT_APPLICABLE_GLOBAL_BASELINE,HF9g-P5,,,,X 全窗基线 · 不参与实体赏罚,14194297,1420,A168_HF9F_20260827_0900,2026-08-27 09:00:00
2026-04-07,110249610,1994,0,49.9920467198,-49.9920467198,-49.9920467198,0E-7,3,3,0.49324550000000000,0.493245500000,-1.708808463184432,-1.7088084631844318,-1.708808463184432,0E-17,ELIGIBLE,R03b_20260811_FULL_v1,L1_ELIGIBILITY,v2026-08-11,2026-03-21..2026-08-06,baccarat_bet02_101_all_pairs_incl_sentinel,round_win = game_pnl > 0 (decisive only),COMPATIBILITY_ONLY_NOT_PRODUCTION,296357.1217,267511.9505,6650.6079,18220,18206,-0.02244119,-0.04150452,-0.02020951,-0.02244119,-6650.6079,296357.1217,OK,0.0000,266.0243,4.0000,96.0000,AG03-UNRESOLVED,ALL5_LEVELS_bet23_to_bet27,266.0243,266.0243,266.0243,332.5304,332.5304,4.000000,4.000000,4.000000,5.000000,5.000000,96.000000,96.000000,96.000000,95.000000,95.000000,5.0,1463.1337,1340.2688,5187.4742,5310.3391,PENDING_AG03,FALSE,NOT_FOR_ENFORCEMENT,6384.5836,256811.4724,6650.6079,6384.5836,266.0243,0.02244119,0.02154355,266.0243,6384.5836,0.02154355,266.0243,266.0243,266.0243,332.5304,332.5304,6384.5836,0.02154355,1463.1337,1340.2688,5187.4742,5310.3391,0.01750413,0.01791872,0.00089765,16.2655,14.6936,0.3653,59.3804,1.1678,2646.0457,162.5536,12.4780,16.8648,9.0895,16.5695,22.0926,29.825,33.4482,44.5976,11.8163,0.0,2.018664,2.691552,0.981654,30,240,141,4,0.10479828,0.02244119,0.04150452,0E-8,0.000000,0.902668,0.011910,-0.02129501,2026-03-22,2026-08-05,112,5695,2177,137,0.817518,0.739886,0.767145,0.349328,,,,,,,,GLOBAL_BASELINE_NO_ENTITY_RANKING,,,NOT_APPLICABLE_GLOBAL_BASELINE,HF9g-P5,,,,X 全窗基线 · 不参与实体赏罚,14194298,1420,A168_HF9F_20260827_0900,2026-08-27 09:00:00
2026-04-07,110249610,2078,0,11.3618288000,-11.3618288000,-11.3618288000,0E-7,1,1,0.49324550000000000,0.493245500000,-0.9865810262130424,-0.9865810262130424,-0.9865810262130424,0E-17,ELIGIBLE,R03b_20260811_FULL_v1,L1_ELIGIBILITY,v2026-08-11,2026-03-21..2026-08-06,baccarat_bet02_101_all_pairs_incl_sentinel,round_win = game_pnl > 0 (decisive only),COMPATIBILITY_ONLY_NOT_PRODUCTION,296357.1217,267511.9505,6650.6079,18220,18206,-0.02244119,-0.04150452,-0.02020951,-0.02244119,-6650.6079,296357.1217,OK,0.0000,266.0243,4.0000,96.0000,AG03-UNRESOLVED,ALL5_LEVELS_bet23_to_bet27,266.0243,266.0243,266.0243,332.5304,332.5304,4.000000,4.000000,4.000000,5.000000,5.000000,96.000000,96.000000,96.000000,95.000000,95.000000,5.0,1463.1337,1340.2688,5187.4742,5310.3391,PENDING_AG03,FALSE,NOT_FOR_ENFORCEMENT,6384.5836,256811.4724,6650.6079,6384.5836,266.0243,0.02244119,0.02154355,266.0243,6384.5836,0.02154355,266.0243,266.0243,266.0243,332.5304,332.5304,6384.5836,0.02154355,1463.1337,1340.2688,5187.4742,5310.3391,0.01750413,0.01791872,0.00089765,16.2655,14.6936,0.3653,59.3804,1.1678,2646.0457,162.5536,12.4780,16.8648,9.0895,16.5695,22.0926,29.825,33.4482,44.5976,11.8163,0.0,2.018664,2.691552,0.981654,30,240,141,4,0.10479828,0.02244119,0.04150452,0E-8,0.000000,0.902668,0.011910,-0.02129501,2026-03-22,2026-08-05,112,5695,2177,137,0.817518,0.739886,0.767145,0.349328,,,,,,,,GLOBAL_BASELINE_NO_ENTITY_RANKING,,,NOT_APPLICABLE_GLOBAL_BASELINE,HF9g-P5,,,,X 全窗基线 · 不参与实体赏罚,14194299,1420,A168_HF9F_20260827_0900,2026-08-27 09:00:00
2026-04-07,110249610,2106,0,45.4473151998,9.9416002000,9.9416002000,0.6666667,3,3,0.50665070000000000,0.506650700000,0.5543606114942035,0.5543606114942035,0.5543606114942035,0E-17,ELIGIBLE,R03b_20260811_FULL_v1,L1_ELIGIBILITY,v2026-08-11,2026-03-21..2026-08-06,baccarat_bet02_101_all_pairs_incl_sentinel,round_win = game_pnl > 0 (decisive only),COMPATIBILITY_ONLY_NOT_PRODUCTION,296357.1217,267511.9505,6650.6079,18220,18206,-0.02244119,-0.04150452,-0.02020951,-0.02244119,-6650.6079,296357.1217,OK,0.0000,266.0243,4.0000,96.0000,AG03-UNRESOLVED,ALL5_LEVELS_bet23_to_bet27,266.0243,266.0243,266.0243,332.5304,332.5304,4.000000,4.000000,4.000000,5.000000,5.000000,96.000000,96.000000,96.000000,95.000000,95.000000,5.0,1463.1337,1340.2688,5187.4742,5310.3391,PENDING_AG03,FALSE,NOT_FOR_ENFORCEMENT,6384.5836,256811.4724,6650.6079,6384.5836,266.0243,0.02244119,0.02154355,266.0243,6384.5836,0.02154355,266.0243,266.0243,266.0243,332.5304,332.5304,6384.5836,0.02154355,1463.1337,1340.2688,5187.4742,5310.3391,0.01750413,0.01791872,0.00089765,16.2655,14.6936,0.3653,59.3804,1.1678,2646.0457,162.5536,12.4780,16.8648,9.0895,16.5695,22.0926,29.825,33.4482,44.5976,11.8163,0.0,2.018664,2.691552,0.981654,30,240,141,4,0.10479828,0.02244119,0.04150452,0E-8,0.000000,0.902668,0.011910,-0.02129501,2026-03-22,2026-08-05,112,5695,2177,137,0.817518,0.739886,0.767145,0.349328,,,,,,,,GLOBAL_BASELINE_NO_ENTITY_RANKING,,,NOT_APPLICABLE_GLOBAL_BASELINE,HF9g-P5,,,,X 全窗基线 · 不参与实体赏罚,14194300,1420,A168_HF9F_20260827_0900,2026-08-27 09:00:00
2026-04-07,110249610,2108,0,122.7077510395,-45.1632694799,-45.1632694799,0.4000000,5,5,0.50665070000000000,0.506650700000,-0.4769986289884125,-0.4769986289884125,-0.4769986289884125,0E-17,ELIGIBLE,R03b_20260811_FULL_v1,L1_ELIGIBILITY,v2026-08-11,2026-03-21..2026-08-06,baccarat_bet02_101_all_pairs_incl_sentinel,round_win = game_pnl > 0 (decisive only),COMPATIBILITY_ONLY_NOT_PRODUCTION,296357.1217,267511.9505,6650.6079,18220,18206,-0.02244119,-0.04150452,-0.02020951,-0.02244119,-6650.6079,296357.1217,OK,0.0000,266.0243,4.0000,96.0000,AG03-UNRESOLVED,ALL5_LEVELS_bet23_to_bet27,266.0243,266.0243,266.0243,332.5304,332.5304,4.000000,4.000000,4.000000,5.000000,5.000000,96.000000,96.000000,96.000000,95.000000,95.000000,5.0,1463.1337,1340.2688,5187.4742,5310.3391,PENDING_AG03,FALSE,NOT_FOR_ENFORCEMENT,6384.5836,256811.4724,6650.6079,6384.5836,266.0243,0.02244119,0.02154355,266.0243,6384.5836,0.02154355,266.0243,266.0243,266.0243,332.5304,332.5304,6384.5836,0.02154355,1463.1337,1340.2688,5187.4742,5310.3391,0.01750413,0.01791872,0.00089765,16.2655,14.6936,0.3653,59.3804,1.1678,2646.0457,162.5536,12.4780,16.8648,9.0895,16.5695,22.0926,29.825,33.4482,44.5976,11.8163,0.0,2.018664,2.691552,0.981654,30,240,141,4,0.10479828,0.02244119,0.04150452,0E-8,0.000000,0.902668,0.011910,-0.02129501,2026-03-22,2026-08-05,112,5695,2177,137,0.817518,0.739886,0.767145,0.349328,,,,,,,,GLOBAL_BASELINE_NO_ENTITY_RANKING,,,NOT_APPLICABLE_GLOBAL_BASELINE,HF9g-P5,,,,X 全窗基线 · 不参与实体赏罚,14194301,1420,A168_HF9F_20260827_0900,2026-08-27 09:00:00
2026-04-07,110249610,2134,0,32.9493035199,-32.9493035199,-32.9493035199,0E-7,2,2,0.49994810000000000,0.499948100000,-1.4140667746232096,-1.4140667746232096,-1.4140667746232096,0E-17,ELIGIBLE,R03b_20260811_FULL_v1,L1_ELIGIBILITY,v2026-08-11,2026-03-21..2026-08-06,baccarat_bet02_101_all_pairs_incl_sentinel,round_win = game_pnl > 0 (decisive only),COMPATIBILITY_ONLY_NOT_PRODUCTION,296357.1217,267511.9505,6650.6079,18220,18206,-0.02244119,-0.04150452,-0.02020951,-0.02244119,-6650.6079,296357.1217,OK,0.0000,266.0243,4.0000,96.0000,AG03-UNRESOLVED,ALL5_LEVELS_bet23_to_bet27,266.0243,266.0243,266.0243,332.5304,332.5304,4.000000,4.000000,4.000000,5.000000,5.000000,96.000000,96.000000,96.000000,95.000000,95.000000,5.0,1463.1337,1340.2688,5187.4742,5310.3391,PENDING_AG03,FALSE,NOT_FOR_ENFORCEMENT,6384.5836,256811.4724,6650.6079,6384.5836,266.0243,0.02244119,0.02154355,266.0243,6384.5836,0.02154355,266.0243,266.0243,266.0243,332.5304,332.5304,6384.5836,0.02154355,1463.1337,1340.2688,5187.4742,5310.3391,0.01750413,0.01791872,0.00089765,16.2655,14.6936,0.3653,59.3804,1.1678,2646.0457,162.5536,12.4780,16.8648,9.0895,16.5695,22.0926,29.825,33.4482,44.5976,11.8163,0.0,2.018664,2.691552,0.981654,30,240,141,4,0.10479828,0.02244119,0.04150452,0E-8,0.000000,0.902668,0.011910,-0.02129501,2026-03-22,2026-08-05,112,5695,2177,137,0.817518,0.739886,0.767145,0.349328,,,,,,,,GLOBAL_BASELINE_NO_ENTITY_RANKING,,,NOT_APPLICABLE_GLOBAL_BASELINE,HF9g-P5,,,,X 全窗基线 · 不参与实体赏罚,14194302,1420,A168_HF9F_20260827_0900,2026-08-27 09:00:00
2026-04-07,110249610,2152,0,141.4547685594,-61.9219669598,-61.9219669598,0.2500000,8,8,0.49492115000000000,0.494921150000,-1.385554729997152,-1.385554729997152,-1.385554729997152,0E-17,ELIGIBLE,R03b_20260811_FULL_v1,L1_ELIGIBILITY,v2026-08-11,2026-03-21..2026-08-06,baccarat_bet02_101_all_pairs_incl_sentinel,round_win = game_pnl > 0 (decisive only),COMPATIBILITY_ONLY_NOT_PRODUCTION,296357.1217,267511.9505,6650.6079,18220,18206,-0.02244119,-0.04150452,-0.02020951,-0.02244119,-6650.6079,296357.1217,OK,0.0000,266.0243,4.0000,96.0000,AG03-UNRESOLVED,ALL5_LEVELS_bet23_to_bet27,266.0243,266.0243,266.0243,332.5304,332.5304,4.000000,4.000000,4.000000,5.000000,5.000000,96.000000,96.000000,96.000000,95.000000,95.000000,5.0,1463.1337,1340.2688,5187.4742,5310.3391,PENDING_AG03,FALSE,NOT_FOR_ENFORCEMENT,6384.5836,256811.4724,6650.6079,6384.5836,266.0243,0.02244119,0.02154355,266.0243,6384.5836,0.02154355,266.0243,266.0243,266.0243,332.5304,332.5304,6384.5836,0.02154355,1463.1337,1340.2688,5187.4742,5310.3391,0.01750413,0.01791872,0.00089765,16.2655,14.6936,0.3653,59.3804,1.1678,2646.0457,162.5536,12.4780,16.8648,9.0895,16.5695,22.0926,29.825,33.4482,44.5976,11.8163,0.0,2.018664,2.691552,0.981654,30,240,141,4,0.10479828,0.02244119,0.04150452,0E-8,0.000000,0.902668,0.011910,-0.02129501,2026-03-22,2026-08-05,112,5695,2177,137,0.817518,0.739886,0.767145,0.349328,,,,,,,,GLOBAL_BASELINE_NO_ENTITY_RANKING,,,NOT_APPLICABLE_GLOBAL_BASELINE,HF9g-P5,,,,X 全窗基线 · 不参与实体赏罚,14194303,1420,A168_HF9F_20260827_0900,2026-08-27 09:00:00
2026-04-07,110249610,2169,0,49.9920467198,-27.8364805598,-27.8364805598,0.3333333,3,3,0.50218230000000000,0.502182300000,-0.5849155494134425,-0.5849155494134426,-0.5849155494134425,0E-17,ELIGIBLE,R03b_20260811_FULL_v1,L1_ELIGIBILITY,v2026-08-11,2026-03-21..2026-08-06,baccarat_bet02_101_all_pairs_incl_sentinel,round_win = game_pnl > 0 (decisive only),COMPATIBILITY_ONLY_NOT_PRODUCTION,296357.1217,267511.9505,6650.6079,18220,18206,-0.02244119,-0.04150452,-0.02020951,-0.02244119,-6650.6079,296357.1217,OK,0.0000,266.0243,4.0000,96.0000,AG03-UNRESOLVED,ALL5_LEVELS_bet23_to_bet27,266.0243,266.0243,266.0243,332.5304,332.5304,4.000000,4.000000,4.000000,5.000000,5.000000,96.000000,96.000000,96.000000,95.000000,95.000000,5.0,1463.1337,1340.2688,5187.4742,5310.3391,PENDING_AG03,FALSE,NOT_FOR_ENFORCEMENT,6384.5836,256811.4724,6650.6079,6384.5836,266.0243,0.02244119,0.02154355,266.0243,6384.5836,0.02154355,266.0243,266.0243,266.0243,332.5304,332.5304,6384.5836,0.02154355,1463.1337,1340.2688,5187.4742,5310.3391,0.01750413,0.01791872,0.00089765,16.2655,14.6936,0.3653,59.3804,1.1678,2646.0457,162.5536,12.4780,16.8648,9.0895,16.5695,22.0926,29.825,33.4482,44.5976,11.8163,0.0,2.018664,2.691552,0.981654,30,240,141,4,0.10479828,0.02244119,0.04150452,0E-8,0.000000,0.902668,0.011910,-0.02129501,2026-03-22,2026-08-05,112,5695,2177,137,0.817518,0.739886,0.767145,0.349328,,,,,,,,GLOBAL_BASELINE_NO_ENTITY_RANKING,,,NOT_APPLICABLE_GLOBAL_BASELINE,HF9g-P5,,,,X 全窗基线 · 不参与实体赏罚,14194304,1420,A168_HF9F_20260827_0900,2026-08-27 09:00:00
2026-04-07,110249610,2170,0,52.2644124797,-19.0310632399,-19.0310632399,0.3333333,3,3,0.50218230000000000,0.502182300000,-0.5849155494134425,-0.5849155494134426,-0.5849155494134425,0E-17,ELIGIBLE,R03b_20260811_FULL_v1,L1_ELIGIBILITY,v2026-08-11,2026-03-21..2026-08-06,baccarat_bet02_101_all_pairs_incl_sentinel,round_win = game_pnl > 0 (decisive only),COMPATIBILITY_ONLY_NOT_PRODUCTION,296357.1217,267511.9505,6650.6079,18220,18206,-0.02244119,-0.04150452,-0.02020951,-0.02244119,-6650.6079,296357.1217,OK,0.0000,266.0243,4.0000,96.0000,AG03-UNRESOLVED,ALL5_LEVELS_bet23_to_bet27,266.0243,266.0243,266.0243,332.5304,332.5304,4.000000,4.000000,4.000000,5.000000,5.000000,96.000000,96.000000,96.000000,95.000000,95.000000,5.0,1463.1337,1340.2688,5187.4742,5310.3391,PENDING_AG03,FALSE,NOT_FOR_ENFORCEMENT,6384.5836,256811.4724,6650.6079,6384.5836,266.0243,0.02244119,0.02154355,266.0243,6384.5836,0.02154355,266.0243,266.0243,266.0243,332.5304,332.5304,6384.5836,0.02154355,1463.1337,1340.2688,5187.4742,5310.3391,0.01750413,0.01791872,0.00089765,16.2655,14.6936,0.3653,59.3804,1.1678,2646.0457,162.5536,12.4780,16.8648,9.0895,16.5695,22.0926,29.825,33.4482,44.5976,11.8163,0.0,2.018664,2.691552,0.981654,30,240,141,4,0.10479828,0.02244119,0.04150452,0E-8,0.000000,0.902668,0.011910,-0.02129501,2026-03-22,2026-08-05,112,5695,2177,137,0.817518,0.739886,0.767145,0.349328,,,,,,,,GLOBAL_BASELINE_NO_ENTITY_RANKING,,,NOT_APPLICABLE_GLOBAL_BASELINE,HF9g-P5,,,,X 全窗基线 · 不参与实体赏罚,14194305,1420,A168_HF9F_20260827_0900,2026-08-27 09:00:00
2026-04-07,110249610,2196,0,108.3918467517,16.1337968961,16.1337968961,0.6250000,8,8,0.49324550000000000,0.493245500000,0.7453840200312067,0.7453840200312067,0.7453840200312067,0E-17,ELIGIBLE,R03b_20260811_FULL_v1,L1_ELIGIBILITY,v2026-08-11,2026-03-21..2026-08-06,baccarat_bet02_101_all_pairs_incl_sentinel,round_win = game_pnl > 0 (decisive only),COMPATIBILITY_ONLY_NOT_PRODUCTION,296357.1217,267511.9505,6650.6079,18220,18206,-0.02244119,-0.04150452,-0.02020951,-0.02244119,-6650.6079,296357.1217,OK,0.0000,266.0243,4.0000,96.0000,AG03-UNRESOLVED,ALL5_LEVELS_bet23_to_bet27,266.0243,266.0243,266.0243,332.5304,332.5304,4.000000,4.000000,4.000000,5.000000,5.000000,96.000000,96.000000,96.000000,95.000000,95.000000,5.0,1463.1337,1340.2688,5187.4742,5310.3391,PENDING_AG03,FALSE,NOT_FOR_ENFORCEMENT,6384.5836,256811.4724,6650.6079,6384.5836,266.0243,0.02244119,0.02154355,266.0243,6384.5836,0.02154355,266.0243,266.0243,266.0243,332.5304,332.5304,6384.5836,0.02154355,1463.1337,1340.2688,5187.4742,5310.3391,0.01750413,0.01791872,0.00089765,16.2655,14.6936,0.3653,59.3804,1.1678,2646.0457,162.5536,12.4780,16.8648,9.0895,16.5695,22.0926,29.825,33.4482,44.5976,11.8163,0.0,2.018664,2.691552,0.981654,30,240,141,4,0.10479828,0.02244119,0.04150452,0E-8,0.000000,0.902668,0.011910,-0.02129501,2026-03-22,2026-08-05,112,5695,2177,137,0.817518,0.739886,0.767145,0.349328,,,,,,,,GLOBAL_BASELINE_NO_ENTITY_RANKING,,,NOT_APPLICABLE_GLOBAL_BASELINE,HF9g-P5,,,,X 全窗基线 · 不参与实体赏罚,14194306,1420,A168_HF9F_20260827_0900,2026-08-27 09:00:00
2026-04-07,110249610,2201,0,168.7231576792,43.4305905878,43.4305905878,0.7142857,9,9,0.49771390000000000,0.497713900000,1.1460023018311523,1.1460023018311523,1.1460023018311523,0E-17,ELIGIBLE,R03b_20260811_FULL_v1,L1_ELIGIBILITY,v2026-08-11,2026-03-21..2026-08-06,baccarat_bet02_101_all_pairs_incl_sentinel,round_win = game_pnl > 0 (decisive only),COMPATIBILITY_ONLY_NOT_PRODUCTION,296357.1217,267511.9505,6650.6079,18220,18206,-0.02244119,-0.04150452,-0.02020951,-0.02244119,-6650.6079,296357.1217,OK,0.0000,266.0243,4.0000,96.0000,AG03-UNRESOLVED,ALL5_LEVELS_bet23_to_bet27,266.0243,266.0243,266.0243,332.5304,332.5304,4.000000,4.000000,4.000000,5.000000,5.000000,96.000000,96.000000,96.000000,95.000000,95.000000,5.0,1463.1337,1340.2688,5187.4742,5310.3391,PENDING_AG03,FALSE,NOT_FOR_ENFORCEMENT,6384.5836,256811.4724,6650.6079,6384.5836,266.0243,0.02244119,0.02154355,266.0243,6384.5836,0.02154355,266.0243,266.0243,266.0243,332.5304,332.5304,6384.5836,0.02154355,1463.1337,1340.2688,5187.4742,5310.3391,0.01750413,0.01791872,0.00089765,16.2655,14.6936,0.3653,59.3804,1.1678,2646.0457,162.5536,12.4780,16.8648,9.0895,16.5695,22.0926,29.825,33.4482,44.5976,11.8163,0.0,2.018664,2.691552,0.981654,30,240,141,4,0.10479828,0.02244119,0.04150452,0E-8,0.000000,0.902668,0.011910,-0.02129501,2026-03-22,2026-08-05,112,5695,2177,137,0.817518,0.739886,0.767145,0.349328,,,,,,,,GLOBAL_BASELINE_NO_ENTITY_RANKING,,,NOT_APPLICABLE_GLOBAL_BASELINE,HF9g-P5,,,,X 全窗基线 · 不参与实体赏罚,14194307,1420,A168_HF9F_20260827_0900,2026-08-27 09:00:00
2026-04-07,110249610,2209,0,136.3419455995,79.5328015997,79.5328015997,0.8000000,5,5,0.49324550000000000,0.493245500000,1.3719730223118614,1.3719730223118614,1.3719730223118614,0E-17,ELIGIBLE,R03b_20260811_FULL_v1,L1_ELIGIBILITY,v2026-08-11,2026-03-21..2026-08-06,baccarat_bet02_101_all_pairs_incl_sentinel,round_win = game_pnl > 0 (decisive only),COMPATIBILITY_ONLY_NOT_PRODUCTION,296357.1217,267511.9505,6650.6079,18220,18206,-0.02244119,-0.04150452,-0.02020951,-0.02244119,-6650.6079,296357.1217,OK,0.0000,266.0243,4.0000,96.0000,AG03-UNRESOLVED,ALL5_LEVELS_bet23_to_bet27,266.0243,266.0243,266.0243,332.5304,332.5304,4.000000,4.000000,4.000000,5.000000,5.000000,96.000000,96.000000,96.000000,95.000000,95.000000,5.0,1463.1337,1340.2688,5187.4742,5310.3391,PENDING_AG03,FALSE,NOT_FOR_ENFORCEMENT,6384.5836,256811.4724,6650.6079,6384.5836,266.0243,0.02244119,0.02154355,266.0243,6384.5836,0.02154355,266.0243,266.0243,266.0243,332.5304,332.5304,6384.5836,0.02154355,1463.1337,1340.2688,5187.4742,5310.3391,0.01750413,0.01791872,0.00089765,16.2655,14.6936,0.3653,59.3804,1.1678,2646.0457,162.5536,12.4780,16.8648,9.0895,16.5695,22.0926,29.825,33.4482,44.5976,11.8163,0.0,2.018664,2.691552,0.981654,30,240,141,4,0.10479828,0.02244119,0.04150452,0E-8,0.000000,0.902668,0.011910,-0.02129501,2026-03-22,2026-08-05,112,5695,2177,137,0.817518,0.739886,0.767145,0.349328,,,,,,,,GLOBAL_BASELINE_NO_ENTITY_RANKING,,,NOT_APPLICABLE_GLOBAL_BASELINE,HF9g-P5,,,,X 全窗基线 · 不参与实体赏罚,14194308,1420,A168_HF9F_20260827_0900,2026-08-27 09:00:00
2026-04-07,110249610,2212,0,211.3300156791,17.0427432001,17.0427432001,0.5454545,13,13,0.49427666923076923,0.494276669231,0.33949786826572814,0.3394978682641956,0.33949786826572814,-2.3077E-13,ELIGIBLE,R03b_20260811_FULL_v1,L1_ELIGIBILITY,v2026-08-11,2026-03-21..2026-08-06,baccarat_bet02_101_all_pairs_incl_sentinel,round_win = game_pnl > 0 (decisive only),COMPATIBILITY_ONLY_NOT_PRODUCTION,296357.1217,267511.9505,6650.6079,18220,18206,-0.02244119,-0.04150452,-0.02020951,-0.02244119,-6650.6079,296357.1217,OK,0.0000,266.0243,4.0000,96.0000,AG03-UNRESOLVED,ALL5_LEVELS_bet23_to_bet27,266.0243,266.0243,266.0243,332.5304,332.5304,4.000000,4.000000,4.000000,5.000000,5.000000,96.000000,96.000000,96.000000,95.000000,95.000000,5.0,1463.1337,1340.2688,5187.4742,5310.3391,PENDING_AG03,FALSE,NOT_FOR_ENFORCEMENT,6384.5836,256811.4724,6650.6079,6384.5836,266.0243,0.02244119,0.02154355,266.0243,6384.5836,0.02154355,266.0243,266.0243,266.0243,332.5304,332.5304,6384.5836,0.02154355,1463.1337,1340.2688,5187.4742,5310.3391,0.01750413,0.01791872,0.00089765,16.2655,14.6936,0.3653,59.3804,1.1678,2646.0457,162.5536,12.4780,16.8648,9.0895,16.5695,22.0926,29.825,33.4482,44.5976,11.8163,0.0,2.018664,2.691552,0.981654,30,240,141,4,0.10479828,0.02244119,0.04150452,0E-8,0.000000,0.902668,0.011910,-0.02129501,2026-03-22,2026-08-05,112,5695,2177,137,0.817518,0.739886,0.767145,0.349328,,,,,,,,GLOBAL_BASELINE_NO_ENTITY_RANKING,,,NOT_APPLICABLE_GLOBAL_BASELINE,HF9g-P5,,,,X 全窗基线 · 不参与实体赏罚,14194309,1420,A168_HF9F_20260827_0900,2026-08-27 09:00:00
2026-04-07,110249610,2216,0,70.5569568480,-1.3122912264,-1.3122912264,0.5714286,9,9,0.50665070000000000,0.506650700000,0.34280260342128577,0.34280260342128577,0.34280260342128577,0E-17,ELIGIBLE,R03b_20260811_FULL_v1,L1_ELIGIBILITY,v2026-08-11,2026-03-21..2026-08-06,baccarat_bet02_101_all_pairs_incl_sentinel,round_win = game_pnl > 0 (decisive only),COMPATIBILITY_ONLY_NOT_PRODUCTION,296357.1217,267511.9505,6650.6079,18220,18206,-0.02244119,-0.04150452,-0.02020951,-0.02244119,-6650.6079,296357.1217,OK,0.0000,266.0243,4.0000,96.0000,AG03-UNRESOLVED,ALL5_LEVELS_bet23_to_bet27,266.0243,266.0243,266.0243,332.5304,332.5304,4.000000,4.000000,4.000000,5.000000,5.000000,96.000000,96.000000,96.000000,95.000000,95.000000,5.0,1463.1337,1340.2688,5187.4742,5310.3391,PENDING_AG03,FALSE,NOT_FOR_ENFORCEMENT,6384.5836,256811.4724,6650.6079,6384.5836,266.0243,0.02244119,0.02154355,266.0243,6384.5836,0.02154355,266.0243,266.0243,266.0243,332.5304,332.5304,6384.5836,0.02154355,1463.1337,1340.2688,5187.4742,5310.3391,0.01750413,0.01791872,0.00089765,16.2655,14.6936,0.3653,59.3804,1.1678,2646.0457,162.5536,12.4780,16.8648,9.0895,16.5695,22.0926,29.825,33.4482,44.5976,11.8163,0.0,2.018664,2.691552,0.981654,30,240,141,4,0.10479828,0.02244119,0.04150452,0E-8,0.000000,0.902668,0.011910,-0.02129501,2026-03-22,2026-08-05,112,5695,2177,137,0.817518,0.739886,0.767145,0.349328,,,,,,,,GLOBAL_BASELINE_NO_ENTITY_RANKING,,,NOT_APPLICABLE_GLOBAL_BASELINE,HF9g-P5,,,,X 全窗基线 · 不参与实体赏罚,14194310,1420,A168_HF9F_20260827_0900,2026-08-27 09:00:00
2026-04-07,110249610,2218,0,11.3618288000,-11.3618288000,-11.3618288000,0E-7,1,1,0.50665070000000000,0.506650700000,-1.013391052207602,-1.013391052207602,-1.013391052207602,0E-17,ELIGIBLE,R03b_20260811_FULL_v1,L1_ELIGIBILITY,v2026-08-11,2026-03-21..2026-08-06,baccarat_bet02_101_all_pairs_incl_sentinel,round_win = game_pnl > 0 (decisive only),COMPATIBILITY_ONLY_NOT_PRODUCTION,296357.1217,267511.9505,6650.6079,18220,18206,-0.02244119,-0.04150452,-0.02020951,-0.02244119,-6650.6079,296357.1217,OK,0.0000,266.0243,4.0000,96.0000,AG03-UNRESOLVED,ALL5_LEVELS_bet23_to_bet27,266.0243,266.0243,266.0243,332.5304,332.5304,4.000000,4.000000,4.000000,5.000000,5.000000,96.000000,96.000000,96.000000,95.000000,95.000000,5.0,1463.1337,1340.2688,5187.4742,5310.3391,PENDING_AG03,FALSE,NOT_FOR_ENFORCEMENT,6384.5836,256811.4724,6650.6079,6384.5836,266.0243,0.02244119,0.02154355,266.0243,6384.5836,0.02154355,266.0243,266.0243,266.0243,332.5304,332.5304,6384.5836,0.02154355,1463.1337,1340.2688,5187.4742,5310.3391,0.01750413,0.01791872,0.00089765,16.2655,14.6936,0.3653,59.3804,1.1678,2646.0457,162.5536,12.4780,16.8648,9.0895,16.5695,22.0926,29.825,33.4482,44.5976,11.8163,0.0,2.018664,2.691552,0.981654,30,240,141,4,0.10479828,0.02244119,0.04150452,0E-8,0.000000,0.902668,0.011910,-0.02129501,2026-03-22,2026-08-05,112,5695,2177,137,0.817518,0.739886,0.767145,0.349328,,,,,,,,GLOBAL_BASELINE_NO_ENTITY_RANKING,,,NOT_APPLICABLE_GLOBAL_BASELINE,HF9g-P5,,,,X 全窗基线 · 不参与实体赏罚,14194311,1420,A168_HF9F_20260827_0900,2026-08-27 09:00:00
2026-04-07,110249610,2223,0,132.9333969593,22.5816347399,22.5816347399,0.6000000,7,7,0.50665070000000000,0.506650700000,0.4175076967804994,0.4175076967804994,0.4175076967804994,0E-17,ELIGIBLE,R03b_20260811_FULL_v1,L1_ELIGIBILITY,v2026-08-11,2026-03-21..2026-08-06,baccarat_bet02_101_all_pairs_incl_sentinel,round_win = game_pnl > 0 (decisive only),COMPATIBILITY_ONLY_NOT_PRODUCTION,296357.1217,267511.9505,6650.6079,18220,18206,-0.02244119,-0.04150452,-0.02020951,-0.02244119,-6650.6079,296357.1217,OK,0.0000,266.0243,4.0000,96.0000,AG03-UNRESOLVED,ALL5_LEVELS_bet23_to_bet27,266.0243,266.0243,266.0243,332.5304,332.5304,4.000000,4.000000,4.000000,5.000000,5.000000,96.000000,96.000000,96.000000,95.000000,95.000000,5.0,1463.1337,1340.2688,5187.4742,5310.3391,PENDING_AG03,FALSE,NOT_FOR_ENFORCEMENT,6384.5836,256811.4724,6650.6079,6384.5836,266.0243,0.02244119,0.02154355,266.0243,6384.5836,0.02154355,266.0243,266.0243,266.0243,332.5304,332.5304,6384.5836,0.02154355,1463.1337,1340.2688,5187.4742,5310.3391,0.01750413,0.01791872,0.00089765,16.2655,14.6936,0.3653,59.3804,1.1678,2646.0457,162.5536,12.4780,16.8648,9.0895,16.5695,22.0926,29.825,33.4482,44.5976,11.8163,0.0,2.018664,2.691552,0.981654,30,240,141,4,0.10479828,0.02244119,0.04150452,0E-8,0.000000,0.902668,0.011910,-0.02129501,2026-03-22,2026-08-05,112,5695,2177,137,0.817518,0.739886,0.767145,0.349328,,,,,,,,GLOBAL_BASELINE_NO_ENTITY_RANKING,,,NOT_APPLICABLE_GLOBAL_BASELINE,HF9g-P5,,,,X 全窗基线 · 不参与实体赏罚,14194312,1420,A168_HF9F_20260827_0900,2026-08-27 09:00:00
2026-04-07,110249610,2224,0,290.0674892631,90.5935419363,90.5935419363,0.6428571,14,14,0.50377815714285714,0.503778157143,1.0408015426936303,1.0408015426925634,1.0408015426936303,-1.4286E-13,ELIGIBLE,R03b_20260811_FULL_v1,L1_ELIGIBILITY,v2026-08-11,2026-03-21..2026-08-06,baccarat_bet02_101_all_pairs_incl_sentinel,round_win = game_pnl > 0 (decisive only),COMPATIBILITY_ONLY_NOT_PRODUCTION,296357.1217,267511.9505,6650.6079,18220,18206,-0.02244119,-0.04150452,-0.02020951,-0.02244119,-6650.6079,296357.1217,OK,0.0000,266.0243,4.0000,96.0000,AG03-UNRESOLVED,ALL5_LEVELS_bet23_to_bet27,266.0243,266.0243,266.0243,332.5304,332.5304,4.000000,4.000000,4.000000,5.000000,5.000000,96.000000,96.000000,96.000000,95.000000,95.000000,5.0,1463.1337,1340.2688,5187.4742,5310.3391,PENDING_AG03,FALSE,NOT_FOR_ENFORCEMENT,6384.5836,256811.4724,6650.6079,6384.5836,266.0243,0.02244119,0.02154355,266.0243,6384.5836,0.02154355,266.0243,266.0243,266.0243,332.5304,332.5304,6384.5836,0.02154355,1463.1337,1340.2688,5187.4742,5310.3391,0.01750413,0.01791872,0.00089765,16.2655,14.6936,0.3653,59.3804,1.1678,2646.0457,162.5536,12.4780,16.8648,9.0895,16.5695,22.0926,29.825,33.4482,44.5976,11.8163,0.0,2.018664,2.691552,0.981654,30,240,141,4,0.10479828,0.02244119,0.04150452,0E-8,0.000000,0.902668,0.011910,-0.02129501,2026-03-22,2026-08-05,112,5695,2177,137,0.817518,0.739886,0.767145,0.349328,,,,,,,,GLOBAL_BASELINE_NO_ENTITY_RANKING,,,NOT_APPLICABLE_GLOBAL_BASELINE,HF9g-P5,,,,X 全窗基线 · 不参与实体赏罚,14194313,1420,A168_HF9F_20260827_0900,2026-08-27 09:00:00
2026-04-07,110249610,2235,0,85.2137159996,-85.2137159996,-85.2137159996,0E-7,4,4,0.49659680000000000,0.496596800000,-1.9864332133590707,-1.986433213359071,-1.9864332133590707,0E-17,ELIGIBLE,R03b_20260811_FULL_v1,L1_ELIGIBILITY,v2026-08-11,2026-03-21..2026-08-06,baccarat_bet02_101_all_pairs_incl_sentinel,round_win = game_pnl > 0 (decisive only),COMPATIBILITY_ONLY_NOT_PRODUCTION,296357.1217,267511.9505,6650.6079,18220,18206,-0.02244119,-0.04150452,-0.02020951,-0.02244119,-6650.6079,296357.1217,OK,0.0000,266.0243,4.0000,96.0000,AG03-UNRESOLVED,ALL5_LEVELS_bet23_to_bet27,266.0243,266.0243,266.0243,332.5304,332.5304,4.000000,4.000000,4.000000,5.000000,5.000000,96.000000,96.000000,96.000000,95.000000,95.000000,5.0,1463.1337,1340.2688,5187.4742,5310.3391,PENDING_AG03,FALSE,NOT_FOR_ENFORCEMENT,6384.5836,256811.4724,6650.6079,6384.5836,266.0243,0.02244119,0.02154355,266.0243,6384.5836,0.02154355,266.0243,266.0243,266.0243,332.5304,332.5304,6384.5836,0.02154355,1463.1337,1340.2688,5187.4742,5310.3391,0.01750413,0.01791872,0.00089765,16.2655,14.6936,0.3653,59.3804,1.1678,2646.0457,162.5536,12.4780,16.8648,9.0895,16.5695,22.0926,29.825,33.4482,44.5976,11.8163,0.0,2.018664,2.691552,0.981654,30,240,141,4,0.10479828,0.02244119,0.04150452,0E-8,0.000000,0.902668,0.011910,-0.02129501,2026-03-22,2026-08-05,112,5695,2177,137,0.817518,0.739886,0.767145,0.349328,,,,,,,,GLOBAL_BASELINE_NO_ENTITY_RANKING,,,NOT_APPLICABLE_GLOBAL_BASELINE,HF9g-P5,,,,X 全窗基线 · 不参与实体赏罚,14194314,1420,A168_HF9F_20260827_0900,2026-08-27 09:00:00
2026-04-07,110249610,2239,0,95.4393619196,28.6318085758,28.6318085758,0.7500000,4,4,0.50665070000000000,0.506650700000,0.9734833216690844,0.9734833216690844,0.9734833216690844,0E-17,ELIGIBLE,R03b_20260811_FULL_v1,L1_ELIGIBILITY,v2026-08-11,2026-03-21..2026-08-06,baccarat_bet02_101_all_pairs_incl_sentinel,round_win = game_pnl > 0 (decisive only),COMPATIBILITY_ONLY_NOT_PRODUCTION,296357.1217,267511.9505,6650.6079,18220,18206,-0.02244119,-0.04150452,-0.02020951,-0.02244119,-6650.6079,296357.1217,OK,0.0000,266.0243,4.0000,96.0000,AG03-UNRESOLVED,ALL5_LEVELS_bet23_to_bet27,266.0243,266.0243,266.0243,332.5304,332.5304,4.000000,4.000000,4.000000,5.000000,5.000000,96.000000,96.000000,96.000000,95.000000,95.000000,5.0,1463.1337,1340.2688,5187.4742,5310.3391,PENDING_AG03,FALSE,NOT_FOR_ENFORCEMENT,6384.5836,256811.4724,6650.6079,6384.5836,266.0243,0.02244119,0.02154355,266.0243,6384.5836,0.02154355,266.0243,266.0243,266.0243,332.5304,332.5304,6384.5836,0.02154355,1463.1337,1340.2688,5187.4742,5310.3391,0.01750413,0.01791872,0.00089765,16.2655,14.6936,0.3653,59.3804,1.1678,2646.0457,162.5536,12.4780,16.8648,9.0895,16.5695,22.0926,29.825,33.4482,44.5976,11.8163,0.0,2.018664,2.691552,0.981654,30,240,141,4,0.10479828,0.02244119,0.04150452,0E-8,0.000000,0.902668,0.011910,-0.02129501,2026-03-22,2026-08-05,112,5695,2177,137,0.817518,0.739886,0.767145,0.349328,,,,,,,,GLOBAL_BASELINE_NO_ENTITY_RANKING,,,NOT_APPLICABLE_GLOBAL_BASELINE,HF9g-P5,,,,X 全窗基线 · 不参与实体赏罚,14194315,1420,A168_HF9F_20260827_0900,2026-08-27 09:00:00
2026-04-07,110249610,2241,0,65.7849887518,-0.4260685800,-0.4260685800,0.5000000,4,4,0.50329940000000000,0.503299400000,-0.01319788734859681,-0.01319788734859681,-0.01319788734859681,0E-17,ELIGIBLE,R03b_20260811_FULL_v1,L1_ELIGIBILITY,v2026-08-11,2026-03-21..2026-08-06,baccarat_bet02_101_all_pairs_incl_sentinel,round_win = game_pnl > 0 (decisive only),COMPATIBILITY_ONLY_NOT_PRODUCTION,296357.1217,267511.9505,6650.6079,18220,18206,-0.02244119,-0.04150452,-0.02020951,-0.02244119,-6650.6079,296357.1217,OK,0.0000,266.0243,4.0000,96.0000,AG03-UNRESOLVED,ALL5_LEVELS_bet23_to_bet27,266.0243,266.0243,266.0243,332.5304,332.5304,4.000000,4.000000,4.000000,5.000000,5.000000,96.000000,96.000000,96.000000,95.000000,95.000000,5.0,1463.1337,1340.2688,5187.4742,5310.3391,PENDING_AG03,FALSE,NOT_FOR_ENFORCEMENT,6384.5836,256811.4724,6650.6079,6384.5836,266.0243,0.02244119,0.02154355,266.0243,6384.5836,0.02154355,266.0243,266.0243,266.0243,332.5304,332.5304,6384.5836,0.02154355,1463.1337,1340.2688,5187.4742,5310.3391,0.01750413,0.01791872,0.00089765,16.2655,14.6936,0.3653,59.3804,1.1678,2646.0457,162.5536,12.4780,16.8648,9.0895,16.5695,22.0926,29.825,33.4482,44.5976,11.8163,0.0,2.018664,2.691552,0.981654,30,240,141,4,0.10479828,0.02244119,0.04150452,0E-8,0.000000,0.902668,0.011910,-0.02129501,2026-03-22,2026-08-05,112,5695,2177,137,0.817518,0.739886,0.767145,0.349328,,,,,,,,GLOBAL_BASELINE_NO_ENTITY_RANKING,,,NOT_APPLICABLE_GLOBAL_BASELINE,HF9g-P5,,,,X 全窗基线 · 不参与实体赏罚,14194316,1420,A168_HF9F_20260827_0900,2026-08-27 09:00:00
2026-04-07,110249610,2246,0,124.4120253595,24.4279319199,24.4279319199,0.6000000,5,5,0.49592654000000000,0.495926540000,0.46544610904919037,0.46544610904919037,0.46544610904919037,0E-17,ELIGIBLE,R03b_20260811_FULL_v1,L1_ELIGIBILITY,v2026-08-11,2026-03-21..2026-08-06,baccarat_bet02_101_all_pairs_incl_sentinel,round_win = game_pnl > 0 (decisive only),COMPATIBILITY_ONLY_NOT_PRODUCTION,296357.1217,267511.9505,6650.6079,18220,18206,-0.02244119,-0.04150452,-0.02020951,-0.02244119,-6650.6079,296357.1217,OK,0.0000,266.0243,4.0000,96.0000,AG03-UNRESOLVED,ALL5_LEVELS_bet23_to_bet27,266.0243,266.0243,266.0243,332.5304,332.5304,4.000000,4.000000,4.000000,5.000000,5.000000,96.000000,96.000000,96.000000,95.000000,95.000000,5.0,1463.1337,1340.2688,5187.4742,5310.3391,PENDING_AG03,FALSE,NOT_FOR_ENFORCEMENT,6384.5836,256811.4724,6650.6079,6384.5836,266.0243,0.02244119,0.02154355,266.0243,6384.5836,0.02154355,266.0243,266.0243,266.0243,332.5304,332.5304,6384.5836,0.02154355,1463.1337,1340.2688,5187.4742,5310.3391,0.01750413,0.01791872,0.00089765,16.2655,14.6936,0.3653,59.3804,1.1678,2646.0457,162.5536,12.4780,16.8648,9.0895,16.5695,22.0926,29.825,33.4482,44.5976,11.8163,0.0,2.018664,2.691552,0.981654,30,240,141,4,0.10479828,0.02244119,0.04150452,0E-8,0.000000,0.902668,0.011910,-0.02129501,2026-03-22,2026-08-05,112,5695,2177,137,0.817518,0.739886,0.767145,0.349328,,,,,,,,GLOBAL_BASELINE_NO_ENTITY_RANKING,,,NOT_APPLICABLE_GLOBAL_BASELINE,HF9g-P5,,,,X 全窗基线 · 不参与实体赏罚,14194317,1420,A168_HF9F_20260827_0900,2026-08-27 09:00:00
2026-04-07,110249610,2258,0,11.3618288000,-11.3618288000,-11.3618288000,0E-7,1,1,0.49324550000000000,0.493245500000,-0.9865810262130424,-0.9865810262130424,-0.9865810262130424,0E-17,ELIGIBLE,R03b_20260811_FULL_v1,L1_ELIGIBILITY,v2026-08-11,2026-03-21..2026-08-06,baccarat_bet02_101_all_pairs_incl_sentinel,round_win = game_pnl > 0 (decisive only),COMPATIBILITY_ONLY_NOT_PRODUCTION,296357.1217,267511.9505,6650.6079,18220,18206,-0.02244119,-0.04150452,-0.02020951,-0.02244119,-6650.6079,296357.1217,OK,0.0000,266.0243,4.0000,96.0000,AG03-UNRESOLVED,ALL5_LEVELS_bet23_to_bet27,266.0243,266.0243,266.0243,332.5304,332.5304,4.000000,4.000000,4.000000,5.000000,5.000000,96.000000,96.000000,96.000000,95.000000,95.000000,5.0,1463.1337,1340.2688,5187.4742,5310.3391,PENDING_AG03,FALSE,NOT_FOR_ENFORCEMENT,6384.5836,256811.4724,6650.6079,6384.5836,266.0243,0.02244119,0.02154355,266.0243,6384.5836,0.02154355,266.0243,266.0243,266.0243,332.5304,332.5304,6384.5836,0.02154355,1463.1337,1340.2688,5187.4742,5310.3391,0.01750413,0.01791872,0.00089765,16.2655,14.6936,0.3653,59.3804,1.1678,2646.0457,162.5536,12.4780,16.8648,9.0895,16.5695,22.0926,29.825,33.4482,44.5976,11.8163,0.0,2.018664,2.691552,0.981654,30,240,141,4,0.10479828,0.02244119,0.04150452,0E-8,0.000000,0.902668,0.011910,-0.02129501,2026-03-22,2026-08-05,112,5695,2177,137,0.817518,0.739886,0.767145,0.349328,,,,,,,,GLOBAL_BASELINE_NO_ENTITY_RANKING,,,NOT_APPLICABLE_GLOBAL_BASELINE,HF9g-P5,,,,X 全窗基线 · 不参与实体赏罚,14194318,1420,A168_HF9F_20260827_0900,2026-08-27 09:00:00
2026-04-07,110249610,2264,0,63.6262412797,-63.6262412797,-63.6262412797,0E-7,3,3,0.49771390000000000,0.497713900000,-1.724149546644903,-1.724149546644903,-1.724149546644903,0E-17,ELIGIBLE,R03b_20260811_FULL_v1,L1_ELIGIBILITY,v2026-08-11,2026-03-21..2026-08-06,baccarat_bet02_101_all_pairs_incl_sentinel,round_win = game_pnl > 0 (decisive only),COMPATIBILITY_ONLY_NOT_PRODUCTION,296357.1217,267511.9505,6650.6079,18220,18206,-0.02244119,-0.04150452,-0.02020951,-0.02244119,-6650.6079,296357.1217,OK,0.0000,266.0243,4.0000,96.0000,AG03-UNRESOLVED,ALL5_LEVELS_bet23_to_bet27,266.0243,266.0243,266.0243,332.5304,332.5304,4.000000,4.000000,4.000000,5.000000,5.000000,96.000000,96.000000,96.000000,95.000000,95.000000,5.0,1463.1337,1340.2688,5187.4742,5310.3391,PENDING_AG03,FALSE,NOT_FOR_ENFORCEMENT,6384.5836,256811.4724,6650.6079,6384.5836,266.0243,0.02244119,0.02154355,266.0243,6384.5836,0.02154355,266.0243,266.0243,266.0243,332.5304,332.5304,6384.5836,0.02154355,1463.1337,1340.2688,5187.4742,5310.3391,0.01750413,0.01791872,0.00089765,16.2655,14.6936,0.3653,59.3804,1.1678,2646.0457,162.5536,12.4780,16.8648,9.0895,16.5695,22.0926,29.825,33.4482,44.5976,11.8163,0.0,2.018664,2.691552,0.981654,30,240,141,4,0.10479828,0.02244119,0.04150452,0E-8,0.000000,0.902668,0.011910,-0.02129501,2026-03-22,2026-08-05,112,5695,2177,137,0.817518,0.739886,0.767145,0.349328,,,,,,,,GLOBAL_BASELINE_NO_ENTITY_RANKING,,,NOT_APPLICABLE_GLOBAL_BASELINE,HF9g-P5,,,,X 全窗基线 · 不参与实体赏罚,14194319,1420,A168_HF9F_20260827_0900,2026-08-27 09:00:00
2026-04-07,110249610,2267,0,34.3127229758,-34.3127229758,-34.3127229758,0E-7,2,2,0.49994810000000000,0.499948100000,-1.4140667746232096,-1.4140667746232096,-1.4140667746232096,0E-17,ELIGIBLE,R03b_20260811_FULL_v1,L1_ELIGIBILITY,v2026-08-11,2026-03-21..2026-08-06,baccarat_bet02_101_all_pairs_incl_sentinel,round_win = game_pnl > 0 (decisive only),COMPATIBILITY_ONLY_NOT_PRODUCTION,296357.1217,267511.9505,6650.6079,18220,18206,-0.02244119,-0.04150452,-0.02020951,-0.02244119,-6650.6079,296357.1217,OK,0.0000,266.0243,4.0000,96.0000,AG03-UNRESOLVED,ALL5_LEVELS_bet23_to_bet27,266.0243,266.0243,266.0243,332.5304,332.5304,4.000000,4.000000,4.000000,5.000000,5.000000,96.000000,96.000000,96.000000,95.000000,95.000000,5.0,1463.1337,1340.2688,5187.4742,5310.3391,PENDING_AG03,FALSE,NOT_FOR_ENFORCEMENT,6384.5836,256811.4724,6650.6079,6384.5836,266.0243,0.02244119,0.02154355,266.0243,6384.5836,0.02154355,266.0243,266.0243,266.0243,332.5304,332.5304,6384.5836,0.02154355,1463.1337,1340.2688,5187.4742,5310.3391,0.01750413,0.01791872,0.00089765,16.2655,14.6936,0.3653,59.3804,1.1678,2646.0457,162.5536,12.4780,16.8648,9.0895,16.5695,22.0926,29.825,33.4482,44.5976,11.8163,0.0,2.018664,2.691552,0.981654,30,240,141,4,0.10479828,0.02244119,0.04150452,0E-8,0.000000,0.902668,0.011910,-0.02129501,2026-03-22,2026-08-05,112,5695,2177,137,0.817518,0.739886,0.767145,0.349328,,,,,,,,GLOBAL_BASELINE_NO_ENTITY_RANKING,,,NOT_APPLICABLE_GLOBAL_BASELINE,HF9g-P5,,,,X 全窗基线 · 不参与实体赏罚,14194320,1420,A168_HF9F_20260827_0900,2026-08-27 09:00:00
2026-04-07,110249610,529,0,5.6809144000,-5.6809144000,-5.6809144000,0E-7,1,1,0.49324550000000000,0.493245500000,-0.9865810262130424,-0.9865810262130424,-0.9865810262130424,0E-17,ELIGIBLE,R03b_20260811_FULL_v1,L1_ELIGIBILITY,v2026-08-11,2026-03-21..2026-08-06,baccarat_bet02_101_all_pairs_incl_sentinel,round_win = game_pnl > 0 (decisive only),COMPATIBILITY_ONLY_NOT_PRODUCTION,296357.1217,267511.9505,6650.6079,18220,18206,-0.02244119,-0.04150452,-0.02020951,-0.02244119,-6650.6079,296357.1217,OK,0.0000,266.0243,4.0000,96.0000,AG03-UNRESOLVED,ALL5_LEVELS_bet23_to_bet27,266.0243,266.0243,266.0243,332.5304,332.5304,4.000000,4.000000,4.000000,5.000000,5.000000,96.000000,96.000000,96.000000,95.000000,95.000000,5.0,1463.1337,1340.2688,5187.4742,5310.3391,PENDING_AG03,FALSE,NOT_FOR_ENFORCEMENT,6384.5836,256811.4724,6650.6079,6384.5836,266.0243,0.02244119,0.02154355,266.0243,6384.5836,0.02154355,266.0243,266.0243,266.0243,332.5304,332.5304,6384.5836,0.02154355,1463.1337,1340.2688,5187.4742,5310.3391,0.01750413,0.01791872,0.00089765,16.2655,14.6936,0.3653,59.3804,1.1678,2646.0457,162.5536,12.4780,16.8648,9.0895,16.5695,22.0926,29.825,33.4482,44.5976,11.8163,0.0,2.018664,2.691552,0.981654,30,240,141,4,0.10479828,0.02244119,0.04150452,0E-8,0.000000,0.902668,0.011910,-0.02129501,2026-03-22,2026-08-05,112,5695,2177,137,0.817518,0.739886,0.767145,0.349328,,,,,,,,GLOBAL_BASELINE_NO_ENTITY_RANKING,,,NOT_APPLICABLE_GLOBAL_BASELINE,HF9g-P5,,,,X 全窗基线 · 不参与实体赏罚,14194321,1420,A168_HF9F_20260827_0900,2026-08-27 09:00:00
2026-04-07,110249610,550,0,138.8415479355,-0.7953280159,-0.7953280159,0.5000000,10,10,0.49592654000000000,0.495926540000,0.025763678126724022,0.025763678126724022,0.025763678126724022,0E-17,ELIGIBLE,R03b_20260811_FULL_v1,L1_ELIGIBILITY,v2026-08-11,2026-03-21..2026-08-06,baccarat_bet02_101_all_pairs_incl_sentinel,round_win = game_pnl > 0 (decisive only),COMPATIBILITY_ONLY_NOT_PRODUCTION,296357.1217,267511.9505,6650.6079,18220,18206,-0.02244119,-0.04150452,-0.02020951,-0.02244119,-6650.6079,296357.1217,OK,0.0000,266.0243,4.0000,96.0000,AG03-UNRESOLVED,ALL5_LEVELS_bet23_to_bet27,266.0243,266.0243,266.0243,332.5304,332.5304,4.000000,4.000000,4.000000,5.000000,5.000000,96.000000,96.000000,96.000000,95.000000,95.000000,5.0,1463.1337,1340.2688,5187.4742,5310.3391,PENDING_AG03,FALSE,NOT_FOR_ENFORCEMENT,6384.5836,256811.4724,6650.6079,6384.5836,266.0243,0.02244119,0.02154355,266.0243,6384.5836,0.02154355,266.0243,266.0243,266.0243,332.5304,332.5304,6384.5836,0.02154355,1463.1337,1340.2688,5187.4742,5310.3391,0.01750413,0.01791872,0.00089765,16.2655,14.6936,0.3653,59.3804,1.1678,2646.0457,162.5536,12.4780,16.8648,9.0895,16.5695,22.0926,29.825,33.4482,44.5976,11.8163,0.0,2.018664,2.691552,0.981654,30,240,141,4,0.10479828,0.02244119,0.04150452,0E-8,0.000000,0.902668,0.011910,-0.02129501,2026-03-22,2026-08-05,112,5695,2177,137,0.817518,0.739886,0.767145,0.349328,,,,,,,,GLOBAL_BASELINE_NO_ENTITY_RANKING,,,NOT_APPLICABLE_GLOBAL_BASELINE,HF9g-P5,,,,X 全窗基线 · 不参与实体赏罚,14194322,1420,A168_HF9F_20260827_0900,2026-08-27 09:00:00
2026-04-07,110249610,752,0,124.9801167995,34.0854863999,34.0854863999,0.6250000,8,8,0.49492115000000000,0.494921150000,0.7358750597491888,0.7358750597491888,0.7358750597491888,0E-17,ELIGIBLE,R03b_20260811_FULL_v1,L1_ELIGIBILITY,v2026-08-11,2026-03-21..2026-08-06,baccarat_bet02_101_all_pairs_incl_sentinel,round_win = game_pnl > 0 (decisive only),COMPATIBILITY_ONLY_NOT_PRODUCTION,296357.1217,267511.9505,6650.6079,18220,18206,-0.02244119,-0.04150452,-0.02020951,-0.02244119,-6650.6079,296357.1217,OK,0.0000,266.0243,4.0000,96.0000,AG03-UNRESOLVED,ALL5_LEVELS_bet23_to_bet27,266.0243,266.0243,266.0243,332.5304,332.5304,4.000000,4.000000,4.000000,5.000000,5.000000,96.000000,96.000000,96.000000,95.000000,95.000000,5.0,1463.1337,1340.2688,5187.4742,5310.3391,PENDING_AG03,FALSE,NOT_FOR_ENFORCEMENT,6384.5836,256811.4724,6650.6079,6384.5836,266.0243,0.02244119,0.02154355,266.0243,6384.5836,0.02154355,266.0243,266.0243,266.0243,332.5304,332.5304,6384.5836,0.02154355,1463.1337,1340.2688,5187.4742,5310.3391,0.01750413,0.01791872,0.00089765,16.2655,14.6936,0.3653,59.3804,1.1678,2646.0457,162.5536,12.4780,16.8648,9.0895,16.5695,22.0926,29.825,33.4482,44.5976,11.8163,0.0,2.018664,2.691552,0.981654,30,240,141,4,0.10479828,0.02244119,0.04150452,0E-8,0.000000,0.902668,0.011910,-0.02129501,2026-03-22,2026-08-05,112,5695,2177,137,0.817518,0.739886,0.767145,0.349328,,,,,,,,GLOBAL_BASELINE_NO_ENTITY_RANKING,,,NOT_APPLICABLE_GLOBAL_BASELINE,HF9g-P5,,,,X 全窗基线 · 不参与实体赏罚,14194323,1420,A168_HF9F_20260827_0900,2026-08-27 09:00:00
2026-04-07,110249610,772,0,38.6302179198,-4.5447315200,-4.5447315200,0.5000000,2,2,0.49324550000000000,0.493245500000,0.01910635448239258,0.01910635448239258,0.01910635448239258,0E-17,ELIGIBLE,R03b_20260811_FULL_v1,L1_ELIGIBILITY,v2026-08-11,2026-03-21..2026-08-06,baccarat_bet02_101_all_pairs_incl_sentinel,round_win = game_pnl > 0 (decisive only),COMPATIBILITY_ONLY_NOT_PRODUCTION,296357.1217,267511.9505,6650.6079,18220,18206,-0.02244119,-0.04150452,-0.02020951,-0.02244119,-6650.6079,296357.1217,OK,0.0000,266.0243,4.0000,96.0000,AG03-UNRESOLVED,ALL5_LEVELS_bet23_to_bet27,266.0243,266.0243,266.0243,332.5304,332.5304,4.000000,4.000000,4.000000,5.000000,5.000000,96.000000,96.000000,96.000000,95.000000,95.000000,5.0,1463.1337,1340.2688,5187.4742,5310.3391,PENDING_AG03,FALSE,NOT_FOR_ENFORCEMENT,6384.5836,256811.4724,6650.6079,6384.5836,266.0243,0.02244119,0.02154355,266.0243,6384.5836,0.02154355,266.0243,266.0243,266.0243,332.5304,332.5304,6384.5836,0.02154355,1463.1337,1340.2688,5187.4742,5310.3391,0.01750413,0.01791872,0.00089765,16.2655,14.6936,0.3653,59.3804,1.1678,2646.0457,162.5536,12.4780,16.8648,9.0895,16.5695,22.0926,29.825,33.4482,44.5976,11.8163,0.0,2.018664,2.691552,0.981654,30,240,141,4,0.10479828,0.02244119,0.04150452,0E-8,0.000000,0.902668,0.011910,-0.02129501,2026-03-22,2026-08-05,112,5695,2177,137,0.817518,0.739886,0.767145,0.349328,,,,,,,,GLOBAL_BASELINE_NO_ENTITY_RANKING,,,NOT_APPLICABLE_GLOBAL_BASELINE,HF9g-P5,,,,X 全窗基线 · 不参与实体赏罚,14194324,1420,A168_HF9F_20260827_0900,2026-08-27 09:00:00
2026-04-07,110249610,789,0,23.1781307520,0.4544731520,0.4544731520,0.5000000,2,2,0.49324550000000000,0.493245500000,0.01910635448239258,0.01910635448239258,0.01910635448239258,0E-17,ELIGIBLE,R03b_20260811_FULL_v1,L1_ELIGIBILITY,v2026-08-11,2026-03-21..2026-08-06,baccarat_bet02_101_all_pairs_incl_sentinel,round_win = game_pnl > 0 (decisive only),COMPATIBILITY_ONLY_NOT_PRODUCTION,296357.1217,267511.9505,6650.6079,18220,18206,-0.02244119,-0.04150452,-0.02020951,-0.02244119,-6650.6079,296357.1217,OK,0.0000,266.0243,4.0000,96.0000,AG03-UNRESOLVED,ALL5_LEVELS_bet23_to_bet27,266.0243,266.0243,266.0243,332.5304,332.5304,4.000000,4.000000,4.000000,5.000000,5.000000,96.000000,96.000000,96.000000,95.000000,95.000000,5.0,1463.1337,1340.2688,5187.4742,5310.3391,PENDING_AG03,FALSE,NOT_FOR_ENFORCEMENT,6384.5836,256811.4724,6650.6079,6384.5836,266.0243,0.02244119,0.02154355,266.0243,6384.5836,0.02154355,266.0243,266.0243,266.0243,332.5304,332.5304,6384.5836,0.02154355,1463.1337,1340.2688,5187.4742,5310.3391,0.01750413,0.01791872,0.00089765,16.2655,14.6936,0.3653,59.3804,1.1678,2646.0457,162.5536,12.4780,16.8648,9.0895,16.5695,22.0926,29.825,33.4482,44.5976,11.8163,0.0,2.018664,2.691552,0.981654,30,240,141,4,0.10479828,0.02244119,0.04150452,0E-8,0.000000,0.902668,0.011910,-0.02129501,2026-03-22,2026-08-05,112,5695,2177,137,0.817518,0.739886,0.767145,0.349328,,,,,,,,GLOBAL_BASELINE_NO_ENTITY_RANKING,,,NOT_APPLICABLE_GLOBAL_BASELINE,HF9g-P5,,,,X 全窗基线 · 不参与实体赏罚,14194325,1420,A168_HF9F_20260827_0900,2026-08-27 09:00:00
2026-04-07,110249610,919,0,73.8518871996,11.3618287999,11.3618287999,0.6666667,4,4,0.49324550000000000,0.493245500000,0.6008033672792107,0.6008033672792106,0.6008033672792107,0E-17,ELIGIBLE,R03b_20260811_FULL_v1,L1_ELIGIBILITY,v2026-08-11,2026-03-21..2026-08-06,baccarat_bet02_101_all_pairs_incl_sentinel,round_win = game_pnl > 0 (decisive only),COMPATIBILITY_ONLY_NOT_PRODUCTION,296357.1217,267511.9505,6650.6079,18220,18206,-0.02244119,-0.04150452,-0.02020951,-0.02244119,-6650.6079,296357.1217,OK,0.0000,266.0243,4.0000,96.0000,AG03-UNRESOLVED,ALL5_LEVELS_bet23_to_bet27,266.0243,266.0243,266.0243,332.5304,332.5304,4.000000,4.000000,4.000000,5.000000,5.000000,96.000000,96.000000,96.000000,95.000000,95.000000,5.0,1463.1337,1340.2688,5187.4742,5310.3391,PENDING_AG03,FALSE,NOT_FOR_ENFORCEMENT,6384.5836,256811.4724,6650.6079,6384.5836,266.0243,0.02244119,0.02154355,266.0243,6384.5836,0.02154355,266.0243,266.0243,266.0243,332.5304,332.5304,6384.5836,0.02154355,1463.1337,1340.2688,5187.4742,5310.3391,0.01750413,0.01791872,0.00089765,16.2655,14.6936,0.3653,59.3804,1.1678,2646.0457,162.5536,12.4780,16.8648,9.0895,16.5695,22.0926,29.825,33.4482,44.5976,11.8163,0.0,2.018664,2.691552,0.981654,30,240,141,4,0.10479828,0.02244119,0.04150452,0E-8,0.000000,0.902668,0.011910,-0.02129501,2026-03-22,2026-08-05,112,5695,2177,137,0.817518,0.739886,0.767145,0.349328,,,,,,,,GLOBAL_BASELINE_NO_ENTITY_RANKING,,,NOT_APPLICABLE_GLOBAL_BASELINE,HF9g-P5,,,,X 全窗基线 · 不参与实体赏罚,14194326,1420,A168_HF9F_20260827_0900,2026-08-27 09:00:00
2026-04-07,110249610,948,0,107.9373735996,-28.4045719998,-28.4045719998,0.3750000,8,8,0.49324550000000000,0.493245500000,-0.6689586021016365,-0.6689586021016365,-0.6689586021016365,0E-17,ELIGIBLE,R03b_20260811_FULL_v1,L1_ELIGIBILITY,v2026-08-11,2026-03-21..2026-08-06,baccarat_bet02_101_all_pairs_incl_sentinel,round_win = game_pnl > 0 (decisive only),COMPATIBILITY_ONLY_NOT_PRODUCTION,296357.1217,267511.9505,6650.6079,18220,18206,-0.02244119,-0.04150452,-0.02020951,-0.02244119,-6650.6079,296357.1217,OK,0.0000,266.0243,4.0000,96.0000,AG03-UNRESOLVED,ALL5_LEVELS_bet23_to_bet27,266.0243,266.0243,266.0243,332.5304,332.5304,4.000000,4.000000,4.000000,5.000000,5.000000,96.000000,96.000000,96.000000,95.000000,95.000000,5.0,1463.1337,1340.2688,5187.4742,5310.3391,PENDING_AG03,FALSE,NOT_FOR_ENFORCEMENT,6384.5836,256811.4724,6650.6079,6384.5836,266.0243,0.02244119,0.02154355,266.0243,6384.5836,0.02154355,266.0243,266.0243,266.0243,332.5304,332.5304,6384.5836,0.02154355,1463.1337,1340.2688,5187.4742,5310.3391,0.01750413,0.01791872,0.00089765,16.2655,14.6936,0.3653,59.3804,1.1678,2646.0457,162.5536,12.4780,16.8648,9.0895,16.5695,22.0926,29.825,33.4482,44.5976,11.8163,0.0,2.018664,2.691552,0.981654,30,240,141,4,0.10479828,0.02244119,0.04150452,0E-8,0.000000,0.902668,0.011910,-0.02129501,2026-03-22,2026-08-05,112,5695,2177,137,0.817518,0.739886,0.767145,0.349328,,,,,,,,GLOBAL_BASELINE_NO_ENTITY_RANKING,,,NOT_APPLICABLE_GLOBAL_BASELINE,HF9g-P5,,,,X 全窗基线 · 不参与实体赏罚,14194327,1420,A168_HF9F_20260827_0900,2026-08-27 09:00:00
2026-04-07,110249610,986,0,37.4940350399,-37.4940350399,-37.4940350399,0E-7,3,3,0.50218230000000000,0.502182300000,-1.7396270863184011,-1.7396270863184016,-1.7396270863184011,0E-17,ELIGIBLE,R03b_20260811_FULL_v1,L1_ELIGIBILITY,v2026-08-11,2026-03-21..2026-08-06,baccarat_bet02_101_all_pairs_incl_sentinel,round_win = game_pnl > 0 (decisive only),COMPATIBILITY_ONLY_NOT_PRODUCTION,296357.1217,267511.9505,6650.6079,18220,18206,-0.02244119,-0.04150452,-0.02020951,-0.02244119,-6650.6079,296357.1217,OK,0.0000,266.0243,4.0000,96.0000,AG03-UNRESOLVED,ALL5_LEVELS_bet23_to_bet27,266.0243,266.0243,266.0243,332.5304,332.5304,4.000000,4.000000,4.000000,5.000000,5.000000,96.000000,96.000000,96.000000,95.000000,95.000000,5.0,1463.1337,1340.2688,5187.4742,5310.3391,PENDING_AG03,FALSE,NOT_FOR_ENFORCEMENT,6384.5836,256811.4724,6650.6079,6384.5836,266.0243,0.02244119,0.02154355,266.0243,6384.5836,0.02154355,266.0243,266.0243,266.0243,332.5304,332.5304,6384.5836,0.02154355,1463.1337,1340.2688,5187.4742,5310.3391,0.01750413,0.01791872,0.00089765,16.2655,14.6936,0.3653,59.3804,1.1678,2646.0457,162.5536,12.4780,16.8648,9.0895,16.5695,22.0926,29.825,33.4482,44.5976,11.8163,0.0,2.018664,2.691552,0.981654,30,240,141,4,0.10479828,0.02244119,0.04150452,0E-8,0.000000,0.902668,0.011910,-0.02129501,2026-03-22,2026-08-05,112,5695,2177,137,0.817518,0.739886,0.767145,0.349328,,,,,,,,GLOBAL_BASELINE_NO_ENTITY_RANKING,,,NOT_APPLICABLE_GLOBAL_BASELINE,HF9g-P5,,,,X 全窗基线 · 不参与实体赏罚,14194328,1420,A168_HF9F_20260827_0900,2026-08-27 09:00:00
2026-04-08,110249610,-1,1,912.0139977732,-169.7457222712,-169.7457222712,0.4210526,66,66,0.49832322727272727,0.498323227273,-1.166766969310512,-1.1667669693146283,-1.166766969310512,-2.7273E-13,SENTINEL_DEALER,R03b_20260811_FULL_v1,L1_ELIGIBILITY,v2026-08-11,2026-03-21..2026-08-06,baccarat_bet02_101_all_pairs_incl_sentinel,round_win = game_pnl > 0 (decisive only),COMPATIBILITY_ONLY_NOT_PRODUCTION,296357.1217,267511.9505,6650.6079,18220,18206,-0.02244119,-0.04150452,-0.02020951,-0.02244119,-6650.6079,296357.1217,OK,0.0000,266.0243,4.0000,96.0000,AG03-UNRESOLVED,ALL5_LEVELS_bet23_to_bet27,266.0243,266.0243,266.0243,332.5304,332.5304,4.000000,4.000000,4.000000,5.000000,5.000000,96.000000,96.000000,96.000000,95.000000,95.000000,5.0,1463.1337,1340.2688,5187.4742,5310.3391,PENDING_AG03,FALSE,NOT_FOR_ENFORCEMENT,6384.5836,256811.4724,6650.6079,6384.5836,266.0243,0.02244119,0.02154355,266.0243,6384.5836,0.02154355,266.0243,266.0243,266.0243,332.5304,332.5304,6384.5836,0.02154355,1463.1337,1340.2688,5187.4742,5310.3391,0.01750413,0.01791872,0.00089765,16.2655,14.6936,0.3653,59.3804,1.1678,2646.0457,162.5536,12.4780,16.8648,9.0895,16.5695,22.0926,29.825,33.4482,44.5976,11.8163,0.0,2.018664,2.691552,0.981654,30,240,141,4,0.10479828,0.02244119,0.04150452,0E-8,0.000000,0.902668,0.011910,-0.02129501,2026-03-22,2026-08-05,112,5695,2177,137,0.817518,0.739886,0.767145,0.349328,,,,,,,,GLOBAL_BASELINE_NO_ENTITY_RANKING,,,NOT_APPLICABLE_GLOBAL_BASELINE,HF9g-P5,,,,X 全窗基线 · 不参与实体赏罚,14194329,1420,A168_HF9F_20260827_0900,2026-08-27 09:00:00
2026-04-08,110249610,1115,0,68.7390642397,-34.3979366919,-34.3979366919,0.2500000,4,4,0.50665070000000000,0.506650700000,-1.0266936290537745,-1.0266936290537745,-1.0266936290537745,0E-17,ELIGIBLE,R03b_20260811_FULL_v1,L1_ELIGIBILITY,v2026-08-11,2026-03-21..2026-08-06,baccarat_bet02_101_all_pairs_incl_sentinel,round_win = game_pnl > 0 (decisive only),COMPATIBILITY_ONLY_NOT_PRODUCTION,296357.1217,267511.9505,6650.6079,18220,18206,-0.02244119,-0.04150452,-0.02020951,-0.02244119,-6650.6079,296357.1217,OK,0.0000,266.0243,4.0000,96.0000,AG03-UNRESOLVED,ALL5_LEVELS_bet23_to_bet27,266.0243,266.0243,266.0243,332.5304,332.5304,4.000000,4.000000,4.000000,5.000000,5.000000,96.000000,96.000000,96.000000,95.000000,95.000000,5.0,1463.1337,1340.2688,5187.4742,5310.3391,PENDING_AG03,FALSE,NOT_FOR_ENFORCEMENT,6384.5836,256811.4724,6650.6079,6384.5836,266.0243,0.02244119,0.02154355,266.0243,6384.5836,0.02154355,266.0243,266.0243,266.0243,332.5304,332.5304,6384.5836,0.02154355,1463.1337,1340.2688,5187.4742,5310.3391,0.01750413,0.01791872,0.00089765,16.2655,14.6936,0.3653,59.3804,1.1678,2646.0457,162.5536,12.4780,16.8648,9.0895,16.5695,22.0926,29.825,33.4482,44.5976,11.8163,0.0,2.018664,2.691552,0.981654,30,240,141,4,0.10479828,0.02244119,0.04150452,0E-8,0.000000,0.902668,0.011910,-0.02129501,2026-03-22,2026-08-05,112,5695,2177,137,0.817518,0.739886,0.767145,0.349328,,,,,,,,GLOBAL_BASELINE_NO_ENTITY_RANKING,,,NOT_APPLICABLE_GLOBAL_BASELINE,HF9g-P5,,,,X 全窗基线 · 不参与实体赏罚,14194330,1420,A168_HF9F_20260827_0900,2026-08-27 09:00:00
2026-04-08,110249610,1221,0,28.4045719999,-28.4045719999,-28.4045719999,0E-7,2,2,0.49994810000000000,0.499948100000,-1.4140667746232096,-1.4140667746232096,-1.4140667746232096,0E-17,ELIGIBLE,R03b_20260811_FULL_v1,L1_ELIGIBILITY,v2026-08-11,2026-03-21..2026-08-06,baccarat_bet02_101_all_pairs_incl_sentinel,round_win = game_pnl > 0 (decisive only),COMPATIBILITY_ONLY_NOT_PRODUCTION,296357.1217,267511.9505,6650.6079,18220,18206,-0.02244119,-0.04150452,-0.02020951,-0.02244119,-6650.6079,296357.1217,OK,0.0000,266.0243,4.0000,96.0000,AG03-UNRESOLVED,ALL5_LEVELS_bet23_to_bet27,266.0243,266.0243,266.0243,332.5304,332.5304,4.000000,4.000000,4.000000,5.000000,5.000000,96.000000,96.000000,96.000000,95.000000,95.000000,5.0,1463.1337,1340.2688,5187.4742,5310.3391,PENDING_AG03,FALSE,NOT_FOR_ENFORCEMENT,6384.5836,256811.4724,6650.6079,6384.5836,266.0243,0.02244119,0.02154355,266.0243,6384.5836,0.02154355,266.0243,266.0243,266.0243,332.5304,332.5304,6384.5836,0.02154355,1463.1337,1340.2688,5187.4742,5310.3391,0.01750413,0.01791872,0.00089765,16.2655,14.6936,0.3653,59.3804,1.1678,2646.0457,162.5536,12.4780,16.8648,9.0895,16.5695,22.0926,29.825,33.4482,44.5976,11.8163,0.0,2.018664,2.691552,0.981654,30,240,141,4,0.10479828,0.02244119,0.04150452,0E-8,0.000000,0.902668,0.011910,-0.02129501,2026-03-22,2026-08-05,112,5695,2177,137,0.817518,0.739886,0.767145,0.349328,,,,,,,,GLOBAL_BASELINE_NO_ENTITY_RANKING,,,NOT_APPLICABLE_GLOBAL_BASELINE,HF9g-P5,,,,X 全窗基线 · 不参与实体赏罚,14194331,1420,A168_HF9F_20260827_0900,2026-08-27 09:00:00
2026-04-08,110249610,1325,0,62.4900583998,-40.3344922398,-40.3344922398,0.2500000,4,4,0.50329940000000000,0.503299400000,-1.013219660140378,-1.013219660140378,-1.013219660140378,0E-17,ELIGIBLE,R03b_20260811_FULL_v1,L1_ELIGIBILITY,v2026-08-11,2026-03-21..2026-08-06,baccarat_bet02_101_all_pairs_incl_sentinel,round_win = game_pnl > 0 (decisive only),COMPATIBILITY_ONLY_NOT_PRODUCTION,296357.1217,267511.9505,6650.6079,18220,18206,-0.02244119,-0.04150452,-0.02020951,-0.02244119,-6650.6079,296357.1217,OK,0.0000,266.0243,4.0000,96.0000,AG03-UNRESOLVED,ALL5_LEVELS_bet23_to_bet27,266.0243,266.0243,266.0243,332.5304,332.5304,4.000000,4.000000,4.000000,5.000000,5.000000,96.000000,96.000000,96.000000,95.000000,95.000000,5.0,1463.1337,1340.2688,5187.4742,5310.3391,PENDING_AG03,FALSE,NOT_FOR_ENFORCEMENT,6384.5836,256811.4724,6650.6079,6384.5836,266.0243,0.02244119,0.02154355,266.0243,6384.5836,0.02154355,266.0243,266.0243,266.0243,332.5304,332.5304,6384.5836,0.02154355,1463.1337,1340.2688,5187.4742,5310.3391,0.01750413,0.01791872,0.00089765,16.2655,14.6936,0.3653,59.3804,1.1678,2646.0457,162.5536,12.4780,16.8648,9.0895,16.5695,22.0926,29.825,33.4482,44.5976,11.8163,0.0,2.018664,2.691552,0.981654,30,240,141,4,0.10479828,0.02244119,0.04150452,0E-8,0.000000,0.902668,0.011910,-0.02129501,2026-03-22,2026-08-05,112,5695,2177,137,0.817518,0.739886,0.767145,0.349328,,,,,,,,GLOBAL_BASELINE_NO_ENTITY_RANKING,,,NOT_APPLICABLE_GLOBAL_BASELINE,HF9g-P5,,,,X 全窗基线 · 不参与实体赏罚,14194332,1420,A168_HF9F_20260827_0900,2026-08-27 09:00:00
2026-04-08,110249610,1353,0,103.9607335195,53.3437862157,53.3437862157,0.8000000,5,5,0.50665070000000000,0.506650700000,1.3120140225494112,1.3120140225494112,1.3120140225494112,0E-17,ELIGIBLE,R03b_20260811_FULL_v1,L1_ELIGIBILITY,v2026-08-11,2026-03-21..2026-08-06,baccarat_bet02_101_all_pairs_incl_sentinel,round_win = game_pnl > 0 (decisive only),COMPATIBILITY_ONLY_NOT_PRODUCTION,296357.1217,267511.9505,6650.6079,18220,18206,-0.02244119,-0.04150452,-0.02020951,-0.02244119,-6650.6079,296357.1217,OK,0.0000,266.0243,4.0000,96.0000,AG03-UNRESOLVED,ALL5_LEVELS_bet23_to_bet27,266.0243,266.0243,266.0243,332.5304,332.5304,4.000000,4.000000,4.000000,5.000000,5.000000,96.000000,96.000000,96.000000,95.000000,95.000000,5.0,1463.1337,1340.2688,5187.4742,5310.3391,PENDING_AG03,FALSE,NOT_FOR_ENFORCEMENT,6384.5836,256811.4724,6650.6079,6384.5836,266.0243,0.02244119,0.02154355,266.0243,6384.5836,0.02154355,266.0243,266.0243,266.0243,332.5304,332.5304,6384.5836,0.02154355,1463.1337,1340.2688,5187.4742,5310.3391,0.01750413,0.01791872,0.00089765,16.2655,14.6936,0.3653,59.3804,1.1678,2646.0457,162.5536,12.4780,16.8648,9.0895,16.5695,22.0926,29.825,33.4482,44.5976,11.8163,0.0,2.018664,2.691552,0.981654,30,240,141,4,0.10479828,0.02244119,0.04150452,0E-8,0.000000,0.902668,0.011910,-0.02129501,2026-03-22,2026-08-05,112,5695,2177,137,0.817518,0.739886,0.767145,0.349328,,,,,,,,GLOBAL_BASELINE_NO_ENTITY_RANKING,,,NOT_APPLICABLE_GLOBAL_BASELINE,HF9g-P5,,,,X 全窗基线 · 不参与实体赏罚,14194333,1420,A168_HF9F_20260827_0900,2026-08-27 09:00:00
2026-04-08,110249610,1363,0,109.6416479195,-5.6809143999,-5.6809143999,0.5000000,6,6,0.49771390000000000,0.497713900000,0.011199674067230152,0.011199674067230152,0.011199674067230152,0E-17,ELIGIBLE,R03b_20260811_FULL_v1,L1_ELIGIBILITY,v2026-08-11,2026-03-21..2026-08-06,baccarat_bet02_101_all_pairs_incl_sentinel,round_win = game_pnl > 0 (decisive only),COMPATIBILITY_ONLY_NOT_PRODUCTION,296357.1217,267511.9505,6650.6079,18220,18206,-0.02244119,-0.04150452,-0.02020951,-0.02244119,-6650.6079,296357.1217,OK,0.0000,266.0243,4.0000,96.0000,AG03-UNRESOLVED,ALL5_LEVELS_bet23_to_bet27,266.0243,266.0243,266.0243,332.5304,332.5304,4.000000,4.000000,4.000000,5.000000,5.000000,96.000000,96.000000,96.000000,95.000000,95.000000,5.0,1463.1337,1340.2688,5187.4742,5310.3391,PENDING_AG03,FALSE,NOT_FOR_ENFORCEMENT,6384.5836,256811.4724,6650.6079,6384.5836,266.0243,0.02244119,0.02154355,266.0243,6384.5836,0.02154355,266.0243,266.0243,266.0243,332.5304,332.5304,6384.5836,0.02154355,1463.1337,1340.2688,5187.4742,5310.3391,0.01750413,0.01791872,0.00089765,16.2655,14.6936,0.3653,59.3804,1.1678,2646.0457,162.5536,12.4780,16.8648,9.0895,16.5695,22.0926,29.825,33.4482,44.5976,11.8163,0.0,2.018664,2.691552,0.981654,30,240,141,4,0.10479828,0.02244119,0.04150452,0E-8,0.000000,0.902668,0.011910,-0.02129501,2026-03-22,2026-08-05,112,5695,2177,137,0.817518,0.739886,0.767145,0.349328,,,,,,,,GLOBAL_BASELINE_NO_ENTITY_RANKING,,,NOT_APPLICABLE_GLOBAL_BASELINE,HF9g-P5,,,,X 全窗基线 · 不参与实体赏罚,14194334,1420,A168_HF9F_20260827_0900,2026-08-27 09:00:00
2026-04-08,110249610,1374,0,17.0427431999,-17.0427431999,-17.0427431999,0E-7,1,1,0.49324550000000000,0.493245500000,-0.9865810262130424,-0.9865810262130424,-0.9865810262130424,0E-17,ELIGIBLE,R03b_20260811_FULL_v1,L1_ELIGIBILITY,v2026-08-11,2026-03-21..2026-08-06,baccarat_bet02_101_all_pairs_incl_sentinel,round_win = game_pnl > 0 (decisive only),COMPATIBILITY_ONLY_NOT_PRODUCTION,296357.1217,267511.9505,6650.6079,18220,18206,-0.02244119,-0.04150452,-0.02020951,-0.02244119,-6650.6079,296357.1217,OK,0.0000,266.0243,4.0000,96.0000,AG03-UNRESOLVED,ALL5_LEVELS_bet23_to_bet27,266.0243,266.0243,266.0243,332.5304,332.5304,4.000000,4.000000,4.000000,5.000000,5.000000,96.000000,96.000000,96.000000,95.000000,95.000000,5.0,1463.1337,1340.2688,5187.4742,5310.3391,PENDING_AG03,FALSE,NOT_FOR_ENFORCEMENT,6384.5836,256811.4724,6650.6079,6384.5836,266.0243,0.02244119,0.02154355,266.0243,6384.5836,0.02154355,266.0243,266.0243,266.0243,332.5304,332.5304,6384.5836,0.02154355,1463.1337,1340.2688,5187.4742,5310.3391,0.01750413,0.01791872,0.00089765,16.2655,14.6936,0.3653,59.3804,1.1678,2646.0457,162.5536,12.4780,16.8648,9.0895,16.5695,22.0926,29.825,33.4482,44.5976,11.8163,0.0,2.018664,2.691552,0.981654,30,240,141,4,0.10479828,0.02244119,0.04150452,0E-8,0.000000,0.902668,0.011910,-0.02129501,2026-03-22,2026-08-05,112,5695,2177,137,0.817518,0.739886,0.767145,0.349328,,,,,,,,GLOBAL_BASELINE_NO_ENTITY_RANKING,,,NOT_APPLICABLE_GLOBAL_BASELINE,HF9g-P5,,,,X 全窗基线 · 不参与实体赏罚,14194335,1420,A168_HF9F_20260827_0900,2026-08-27 09:00:00
2026-04-08,110249610,1396,0,79.5328015996,-12.2139659600,-12.2139659600,0.5000000,4,4,0.49994810000000000,0.499948100000,0.00020760000111838688,0.00020760000111838688,0.00020760000111838688,0E-17,ELIGIBLE,R03b_20260811_FULL_v1,L1_ELIGIBILITY,v2026-08-11,2026-03-21..2026-08-06,baccarat_bet02_101_all_pairs_incl_sentinel,round_win = game_pnl > 0 (decisive only),COMPATIBILITY_ONLY_NOT_PRODUCTION,296357.1217,267511.9505,6650.6079,18220,18206,-0.02244119,-0.04150452,-0.02020951,-0.02244119,-6650.6079,296357.1217,OK,0.0000,266.0243,4.0000,96.0000,AG03-UNRESOLVED,ALL5_LEVELS_bet23_to_bet27,266.0243,266.0243,266.0243,332.5304,332.5304,4.000000,4.000000,4.000000,5.000000,5.000000,96.000000,96.000000,96.000000,95.000000,95.000000,5.0,1463.1337,1340.2688,5187.4742,5310.3391,PENDING_AG03,FALSE,NOT_FOR_ENFORCEMENT,6384.5836,256811.4724,6650.6079,6384.5836,266.0243,0.02244119,0.02154355,266.0243,6384.5836,0.02154355,266.0243,266.0243,266.0243,332.5304,332.5304,6384.5836,0.02154355,1463.1337,1340.2688,5187.4742,5310.3391,0.01750413,0.01791872,0.00089765,16.2655,14.6936,0.3653,59.3804,1.1678,2646.0457,162.5536,12.4780,16.8648,9.0895,16.5695,22.0926,29.825,33.4482,44.5976,11.8163,0.0,2.018664,2.691552,0.981654,30,240,141,4,0.10479828,0.02244119,0.04150452,0E-8,0.000000,0.902668,0.011910,-0.02129501,2026-03-22,2026-08-05,112,5695,2177,137,0.817518,0.739886,0.767145,0.349328,,,,,,,,GLOBAL_BASELINE_NO_ENTITY_RANKING,,,NOT_APPLICABLE_GLOBAL_BASELINE,HF9g-P5,,,,X 全窗基线 · 不参与实体赏罚,14194336,1420,A168_HF9F_20260827_0900,2026-08-27 09:00:00
2026-04-08,110249610,1400,0,23.0645124639,-23.0645124639,-23.0645124639,0E-7,1,1,0.50665070000000000,0.506650700000,-1.013391052207602,-1.013391052207602,-1.013391052207602,0E-17,ELIGIBLE,R03b_20260811_FULL_v1,L1_ELIGIBILITY,v2026-08-11,2026-03-21..2026-08-06,baccarat_bet02_101_all_pairs_incl_sentinel,round_win = game_pnl > 0 (decisive only),COMPATIBILITY_ONLY_NOT_PRODUCTION,296357.1217,267511.9505,6650.6079,18220,18206,-0.02244119,-0.04150452,-0.02020951,-0.02244119,-6650.6079,296357.1217,OK,0.0000,266.0243,4.0000,96.0000,AG03-UNRESOLVED,ALL5_LEVELS_bet23_to_bet27,266.0243,266.0243,266.0243,332.5304,332.5304,4.000000,4.000000,4.000000,5.000000,5.000000,96.000000,96.000000,96.000000,95.000000,95.000000,5.0,1463.1337,1340.2688,5187.4742,5310.3391,PENDING_AG03,FALSE,NOT_FOR_ENFORCEMENT,6384.5836,256811.4724,6650.6079,6384.5836,266.0243,0.02244119,0.02154355,266.0243,6384.5836,0.02154355,266.0243,266.0243,266.0243,332.5304,332.5304,6384.5836,0.02154355,1463.1337,1340.2688,5187.4742,5310.3391,0.01750413,0.01791872,0.00089765,16.2655,14.6936,0.3653,59.3804,1.1678,2646.0457,162.5536,12.4780,16.8648,9.0895,16.5695,22.0926,29.825,33.4482,44.5976,11.8163,0.0,2.018664,2.691552,0.981654,30,240,141,4,0.10479828,0.02244119,0.04150452,0E-8,0.000000,0.902668,0.011910,-0.02129501,2026-03-22,2026-08-05,112,5695,2177,137,0.817518,0.739886,0.767145,0.349328,,,,,,,,GLOBAL_BASELINE_NO_ENTITY_RANKING,,,NOT_APPLICABLE_GLOBAL_BASELINE,HF9g-P5,,,,X 全窗基线 · 不参与实体赏罚,14194337,1420,A168_HF9F_20260827_0900,2026-08-27 09:00:00
2026-04-08,110249610,1402,0,175.8811098234,-17.5824300678,-17.5824300678,0.5714286,9,9,0.50665070000000000,0.506650700000,0.34280260342128577,0.34280260342128577,0.34280260342128577,0E-17,ELIGIBLE,R03b_20260811_FULL_v1,L1_ELIGIBILITY,v2026-08-11,2026-03-21..2026-08-06,baccarat_bet02_101_all_pairs_incl_sentinel,round_win = game_pnl > 0 (decisive only),COMPATIBILITY_ONLY_NOT_PRODUCTION,296357.1217,267511.9505,6650.6079,18220,18206,-0.02244119,-0.04150452,-0.02020951,-0.02244119,-6650.6079,296357.1217,OK,0.0000,266.0243,4.0000,96.0000,AG03-UNRESOLVED,ALL5_LEVELS_bet23_to_bet27,266.0243,266.0243,266.0243,332.5304,332.5304,4.000000,4.000000,4.000000,5.000000,5.000000,96.000000,96.000000,96.000000,95.000000,95.000000,5.0,1463.1337,1340.2688,5187.4742,5310.3391,PENDING_AG03,FALSE,NOT_FOR_ENFORCEMENT,6384.5836,256811.4724,6650.6079,6384.5836,266.0243,0.02244119,0.02154355,266.0243,6384.5836,0.02154355,266.0243,266.0243,266.0243,332.5304,332.5304,6384.5836,0.02154355,1463.1337,1340.2688,5187.4742,5310.3391,0.01750413,0.01791872,0.00089765,16.2655,14.6936,0.3653,59.3804,1.1678,2646.0457,162.5536,12.4780,16.8648,9.0895,16.5695,22.0926,29.825,33.4482,44.5976,11.8163,0.0,2.018664,2.691552,0.981654,30,240,141,4,0.10479828,0.02244119,0.04150452,0E-8,0.000000,0.902668,0.011910,-0.02129501,2026-03-22,2026-08-05,112,5695,2177,137,0.817518,0.739886,0.767145,0.349328,,,,,,,,GLOBAL_BASELINE_NO_ENTITY_RANKING,,,NOT_APPLICABLE_GLOBAL_BASELINE,HF9g-P5,,,,X 全窗基线 · 不参与实体赏罚,14194338,1420,A168_HF9F_20260827_0900,2026-08-27 09:00:00
2026-04-08,110249610,1507,0,199.8545685910,10.1745176905,10.1745176905,0.6000000,13,13,0.50046368461538462,0.500463684615,0.6295232037318317,0.6295232037342637,0.6295232037318317,3.8462E-13,ELIGIBLE,R03b_20260811_FULL_v1,L1_ELIGIBILITY,v2026-08-11,2026-03-21..2026-08-06,baccarat_bet02_101_all_pairs_incl_sentinel,round_win = game_pnl > 0 (decisive only),COMPATIBILITY_ONLY_NOT_PRODUCTION,296357.1217,267511.9505,6650.6079,18220,18206,-0.02244119,-0.04150452,-0.02020951,-0.02244119,-6650.6079,296357.1217,OK,0.0000,266.0243,4.0000,96.0000,AG03-UNRESOLVED,ALL5_LEVELS_bet23_to_bet27,266.0243,266.0243,266.0243,332.5304,332.5304,4.000000,4.000000,4.000000,5.000000,5.000000,96.000000,96.000000,96.000000,95.000000,95.000000,5.0,1463.1337,1340.2688,5187.4742,5310.3391,PENDING_AG03,FALSE,NOT_FOR_ENFORCEMENT,6384.5836,256811.4724,6650.6079,6384.5836,266.0243,0.02244119,0.02154355,266.0243,6384.5836,0.02154355,266.0243,266.0243,266.0243,332.5304,332.5304,6384.5836,0.02154355,1463.1337,1340.2688,5187.4742,5310.3391,0.01750413,0.01791872,0.00089765,16.2655,14.6936,0.3653,59.3804,1.1678,2646.0457,162.5536,12.4780,16.8648,9.0895,16.5695,22.0926,29.825,33.4482,44.5976,11.8163,0.0,2.018664,2.691552,0.981654,30,240,141,4,0.10479828,0.02244119,0.04150452,0E-8,0.000000,0.902668,0.011910,-0.02129501,2026-03-22,2026-08-05,112,5695,2177,137,0.817518,0.739886,0.767145,0.349328,,,,,,,,GLOBAL_BASELINE_NO_ENTITY_RANKING,,,NOT_APPLICABLE_GLOBAL_BASELINE,HF9g-P5,,,,X 全窗基线 · 不参与实体赏罚,14194339,1420,A168_HF9F_20260827_0900,2026-08-27 09:00:00
2026-04-08,110249610,1509,0,11.3618288000,-11.3618288000,-11.3618288000,0E-7,1,1,0.49324550000000000,0.493245500000,-0.9865810262130424,-0.9865810262130424,-0.9865810262130424,0E-17,ELIGIBLE,R03b_20260811_FULL_v1,L1_ELIGIBILITY,v2026-08-11,2026-03-21..2026-08-06,baccarat_bet02_101_all_pairs_incl_sentinel,round_win = game_pnl > 0 (decisive only),COMPATIBILITY_ONLY_NOT_PRODUCTION,296357.1217,267511.9505,6650.6079,18220,18206,-0.02244119,-0.04150452,-0.02020951,-0.02244119,-6650.6079,296357.1217,OK,0.0000,266.0243,4.0000,96.0000,AG03-UNRESOLVED,ALL5_LEVELS_bet23_to_bet27,266.0243,266.0243,266.0243,332.5304,332.5304,4.000000,4.000000,4.000000,5.000000,5.000000,96.000000,96.000000,96.000000,95.000000,95.000000,5.0,1463.1337,1340.2688,5187.4742,5310.3391,PENDING_AG03,FALSE,NOT_FOR_ENFORCEMENT,6384.5836,256811.4724,6650.6079,6384.5836,266.0243,0.02244119,0.02154355,266.0243,6384.5836,0.02154355,266.0243,266.0243,266.0243,332.5304,332.5304,6384.5836,0.02154355,1463.1337,1340.2688,5187.4742,5310.3391,0.01750413,0.01791872,0.00089765,16.2655,14.6936,0.3653,59.3804,1.1678,2646.0457,162.5536,12.4780,16.8648,9.0895,16.5695,22.0926,29.825,33.4482,44.5976,11.8163,0.0,2.018664,2.691552,0.981654,30,240,141,4,0.10479828,0.02244119,0.04150452,0E-8,0.000000,0.902668,0.011910,-0.02129501,2026-03-22,2026-08-05,112,5695,2177,137,0.817518,0.739886,0.767145,0.349328,,,,,,,,GLOBAL_BASELINE_NO_ENTITY_RANKING,,,NOT_APPLICABLE_GLOBAL_BASELINE,HF9g-P5,,,,X 全窗基线 · 不参与实体赏罚,14194340,1420,A168_HF9F_20260827_0900,2026-08-27 09:00:00
2026-04-08,110249610,1646,0,34.8808144159,-11.8390256095,-11.8390256095,0.5000000,2,2,0.50665070000000000,0.506650700000,-0.018812684590367487,-0.018812684590367487,-0.018812684590367487,0E-17,ELIGIBLE,R03b_20260811_FULL_v1,L1_ELIGIBILITY,v2026-08-11,2026-03-21..2026-08-06,baccarat_bet02_101_all_pairs_incl_sentinel,round_win = game_pnl > 0 (decisive only),COMPATIBILITY_ONLY_NOT_PRODUCTION,296357.1217,267511.9505,6650.6079,18220,18206,-0.02244119,-0.04150452,-0.02020951,-0.02244119,-6650.6079,296357.1217,OK,0.0000,266.0243,4.0000,96.0000,AG03-UNRESOLVED,ALL5_LEVELS_bet23_to_bet27,266.0243,266.0243,266.0243,332.5304,332.5304,4.000000,4.000000,4.000000,5.000000,5.000000,96.000000,96.000000,96.000000,95.000000,95.000000,5.0,1463.1337,1340.2688,5187.4742,5310.3391,PENDING_AG03,FALSE,NOT_FOR_ENFORCEMENT,6384.5836,256811.4724,6650.6079,6384.5836,266.0243,0.02244119,0.02154355,266.0243,6384.5836,0.02154355,266.0243,266.0243,266.0243,332.5304,332.5304,6384.5836,0.02154355,1463.1337,1340.2688,5187.4742,5310.3391,0.01750413,0.01791872,0.00089765,16.2655,14.6936,0.3653,59.3804,1.1678,2646.0457,162.5536,12.4780,16.8648,9.0895,16.5695,22.0926,29.825,33.4482,44.5976,11.8163,0.0,2.018664,2.691552,0.981654,30,240,141,4,0.10479828,0.02244119,0.04150452,0E-8,0.000000,0.902668,0.011910,-0.02129501,2026-03-22,2026-08-05,112,5695,2177,137,0.817518,0.739886,0.767145,0.349328,,,,,,,,GLOBAL_BASELINE_NO_ENTITY_RANKING,,,NOT_APPLICABLE_GLOBAL_BASELINE,HF9g-P5,,,,X 全窗基线 · 不参与实体赏罚,14194341,1420,A168_HF9F_20260827_0900,2026-08-27 09:00:00
2026-04-08,110249610,1704,0,46.9243529438,-24.2006953438,-24.2006953438,0.3333333,3,3,0.49324550000000000,0.493245500000,-0.5540025479526107,-0.5540025479526106,-0.5540025479526107,0E-17,ELIGIBLE,R03b_20260811_FULL_v1,L1_ELIGIBILITY,v2026-08-11,2026-03-21..2026-08-06,baccarat_bet02_101_all_pairs_incl_sentinel,round_win = game_pnl > 0 (decisive only),COMPATIBILITY_ONLY_NOT_PRODUCTION,296357.1217,267511.9505,6650.6079,18220,18206,-0.02244119,-0.04150452,-0.02020951,-0.02244119,-6650.6079,296357.1217,OK,0.0000,266.0243,4.0000,96.0000,AG03-UNRESOLVED,ALL5_LEVELS_bet23_to_bet27,266.0243,266.0243,266.0243,332.5304,332.5304,4.000000,4.000000,4.000000,5.000000,5.000000,96.000000,96.000000,96.000000,95.000000,95.000000,5.0,1463.1337,1340.2688,5187.4742,5310.3391,PENDING_AG03,FALSE,NOT_FOR_ENFORCEMENT,6384.5836,256811.4724,6650.6079,6384.5836,266.0243,0.02244119,0.02154355,266.0243,6384.5836,0.02154355,266.0243,266.0243,266.0243,332.5304,332.5304,6384.5836,0.02154355,1463.1337,1340.2688,5187.4742,5310.3391,0.01750413,0.01791872,0.00089765,16.2655,14.6936,0.3653,59.3804,1.1678,2646.0457,162.5536,12.4780,16.8648,9.0895,16.5695,22.0926,29.825,33.4482,44.5976,11.8163,0.0,2.018664,2.691552,0.981654,30,240,141,4,0.10479828,0.02244119,0.04150452,0E-8,0.000000,0.902668,0.011910,-0.02129501,2026-03-22,2026-08-05,112,5695,2177,137,0.817518,0.739886,0.767145,0.349328,,,,,,,,GLOBAL_BASELINE_NO_ENTITY_RANKING,,,NOT_APPLICABLE_GLOBAL_BASELINE,HF9g-P5,,,,X 全窗基线 · 不参与实体赏罚,14194342,1420,A168_HF9F_20260827_0900,2026-08-27 09:00:00
2026-04-08,110249610,1710,0,11.3618288000,10.7937373600,10.7937373600,1.0000000,1,1,0.50665070000000000,0.506650700000,0.9867858985152569,0.9867858985152569,0.9867858985152569,0E-17,ELIGIBLE,R03b_20260811_FULL_v1,L1_ELIGIBILITY,v2026-08-11,2026-03-21..2026-08-06,baccarat_bet02_101_all_pairs_incl_sentinel,round_win = game_pnl > 0 (decisive only),COMPATIBILITY_ONLY_NOT_PRODUCTION,296357.1217,267511.9505,6650.6079,18220,18206,-0.02244119,-0.04150452,-0.02020951,-0.02244119,-6650.6079,296357.1217,OK,0.0000,266.0243,4.0000,96.0000,AG03-UNRESOLVED,ALL5_LEVELS_bet23_to_bet27,266.0243,266.0243,266.0243,332.5304,332.5304,4.000000,4.000000,4.000000,5.000000,5.000000,96.000000,96.000000,96.000000,95.000000,95.000000,5.0,1463.1337,1340.2688,5187.4742,5310.3391,PENDING_AG03,FALSE,NOT_FOR_ENFORCEMENT,6384.5836,256811.4724,6650.6079,6384.5836,266.0243,0.02244119,0.02154355,266.0243,6384.5836,0.02154355,266.0243,266.0243,266.0243,332.5304,332.5304,6384.5836,0.02154355,1463.1337,1340.2688,5187.4742,5310.3391,0.01750413,0.01791872,0.00089765,16.2655,14.6936,0.3653,59.3804,1.1678,2646.0457,162.5536,12.4780,16.8648,9.0895,16.5695,22.0926,29.825,33.4482,44.5976,11.8163,0.0,2.018664,2.691552,0.981654,30,240,141,4,0.10479828,0.02244119,0.04150452,0E-8,0.000000,0.902668,0.011910,-0.02129501,2026-03-22,2026-08-05,112,5695,2177,137,0.817518,0.739886,0.767145,0.349328,,,,,,,,GLOBAL_BASELINE_NO_ENTITY_RANKING,,,NOT_APPLICABLE_GLOBAL_BASELINE,HF9g-P5,,,,X 全窗基线 · 不参与实体赏罚,14194343,1420,A168_HF9F_20260827_0900,2026-08-27 09:00:00
2026-04-08,110249610,1947,0,77.4876724157,-32.4380212239,-32.4380212239,0.3333333,6,6,0.49994810000000000,0.499948100000,-0.8162423282897021,-0.8162423282897021,-0.8162423282897021,0E-17,ELIGIBLE,R03b_20260811_FULL_v1,L1_ELIGIBILITY,v2026-08-11,2026-03-21..2026-08-06,baccarat_bet02_101_all_pairs_incl_sentinel,round_win = game_pnl > 0 (decisive only),COMPATIBILITY_ONLY_NOT_PRODUCTION,296357.1217,267511.9505,6650.6079,18220,18206,-0.02244119,-0.04150452,-0.02020951,-0.02244119,-6650.6079,296357.1217,OK,0.0000,266.0243,4.0000,96.0000,AG03-UNRESOLVED,ALL5_LEVELS_bet23_to_bet27,266.0243,266.0243,266.0243,332.5304,332.5304,4.000000,4.000000,4.000000,5.000000,5.000000,96.000000,96.000000,96.000000,95.000000,95.000000,5.0,1463.1337,1340.2688,5187.4742,5310.3391,PENDING_AG03,FALSE,NOT_FOR_ENFORCEMENT,6384.5836,256811.4724,6650.6079,6384.5836,266.0243,0.02244119,0.02154355,266.0243,6384.5836,0.02154355,266.0243,266.0243,266.0243,332.5304,332.5304,6384.5836,0.02154355,1463.1337,1340.2688,5187.4742,5310.3391,0.01750413,0.01791872,0.00089765,16.2655,14.6936,0.3653,59.3804,1.1678,2646.0457,162.5536,12.4780,16.8648,9.0895,16.5695,22.0926,29.825,33.4482,44.5976,11.8163,0.0,2.018664,2.691552,0.981654,30,240,141,4,0.10479828,0.02244119,0.04150452,0E-8,0.000000,0.902668,0.011910,-0.02129501,2026-03-22,2026-08-05,112,5695,2177,137,0.817518,0.739886,0.767145,0.349328,,,,,,,,GLOBAL_BASELINE_NO_ENTITY_RANKING,,,NOT_APPLICABLE_GLOBAL_BASELINE,HF9g-P5,,,,X 全窗基线 · 不参与实体赏罚,14194344,1420,A168_HF9F_20260827_0900,2026-08-27 09:00:00
2026-04-08,110249610,1957,0,34.4263412639,-34.4263412639,-34.4263412639,0E-7,3,3,0.49771390000000000,0.497713900000,-1.724149546644903,-1.724149546644903,-1.724149546644903,0E-17,ELIGIBLE,R03b_20260811_FULL_v1,L1_ELIGIBILITY,v2026-08-11,2026-03-21..2026-08-06,baccarat_bet02_101_all_pairs_incl_sentinel,round_win = game_pnl > 0 (decisive only),COMPATIBILITY_ONLY_NOT_PRODUCTION,296357.1217,267511.9505,6650.6079,18220,18206,-0.02244119,-0.04150452,-0.02020951,-0.02244119,-6650.6079,296357.1217,OK,0.0000,266.0243,4.0000,96.0000,AG03-UNRESOLVED,ALL5_LEVELS_bet23_to_bet27,266.0243,266.0243,266.0243,332.5304,332.5304,4.000000,4.000000,4.000000,5.000000,5.000000,96.000000,96.000000,96.000000,95.000000,95.000000,5.0,1463.1337,1340.2688,5187.4742,5310.3391,PENDING_AG03,FALSE,NOT_FOR_ENFORCEMENT,6384.5836,256811.4724,6650.6079,6384.5836,266.0243,0.02244119,0.02154355,266.0243,6384.5836,0.02154355,266.0243,266.0243,266.0243,332.5304,332.5304,6384.5836,0.02154355,1463.1337,1340.2688,5187.4742,5310.3391,0.01750413,0.01791872,0.00089765,16.2655,14.6936,0.3653,59.3804,1.1678,2646.0457,162.5536,12.4780,16.8648,9.0895,16.5695,22.0926,29.825,33.4482,44.5976,11.8163,0.0,2.018664,2.691552,0.981654,30,240,141,4,0.10479828,0.02244119,0.04150452,0E-8,0.000000,0.902668,0.011910,-0.02129501,2026-03-22,2026-08-05,112,5695,2177,137,0.817518,0.739886,0.767145,0.349328,,,,,,,,GLOBAL_BASELINE_NO_ENTITY_RANKING,,,NOT_APPLICABLE_GLOBAL_BASELINE,HF9g-P5,,,,X 全窗基线 · 不参与实体赏罚,14194345,1420,A168_HF9F_20260827_0900,2026-08-27 09:00:00
2026-04-08,110249610,2060,0,178.3807121592,44.3111323198,44.3111323198,0.6250000,8,8,0.49324550000000000,0.493245500000,0.7453840200312067,0.7453840200312067,0.7453840200312067,0E-17,ELIGIBLE,R03b_20260811_FULL_v1,L1_ELIGIBILITY,v2026-08-11,2026-03-21..2026-08-06,baccarat_bet02_101_all_pairs_incl_sentinel,round_win = game_pnl > 0 (decisive only),COMPATIBILITY_ONLY_NOT_PRODUCTION,296357.1217,267511.9505,6650.6079,18220,18206,-0.02244119,-0.04150452,-0.02020951,-0.02244119,-6650.6079,296357.1217,OK,0.0000,266.0243,4.0000,96.0000,AG03-UNRESOLVED,ALL5_LEVELS_bet23_to_bet27,266.0243,266.0243,266.0243,332.5304,332.5304,4.000000,4.000000,4.000000,5.000000,5.000000,96.000000,96.000000,96.000000,95.000000,95.000000,5.0,1463.1337,1340.2688,5187.4742,5310.3391,PENDING_AG03,FALSE,NOT_FOR_ENFORCEMENT,6384.5836,256811.4724,6650.6079,6384.5836,266.0243,0.02244119,0.02154355,266.0243,6384.5836,0.02154355,266.0243,266.0243,266.0243,332.5304,332.5304,6384.5836,0.02154355,1463.1337,1340.2688,5187.4742,5310.3391,0.01750413,0.01791872,0.00089765,16.2655,14.6936,0.3653,59.3804,1.1678,2646.0457,162.5536,12.4780,16.8648,9.0895,16.5695,22.0926,29.825,33.4482,44.5976,11.8163,0.0,2.018664,2.691552,0.981654,30,240,141,4,0.10479828,0.02244119,0.04150452,0E-8,0.000000,0.902668,0.011910,-0.02129501,2026-03-22,2026-08-05,112,5695,2177,137,0.817518,0.739886,0.767145,0.349328,,,,,,,,GLOBAL_BASELINE_NO_ENTITY_RANKING,,,NOT_APPLICABLE_GLOBAL_BASELINE,HF9g-P5,,,,X 全窗基线 · 不参与实体赏罚,14194346,1420,A168_HF9F_20260827_0900,2026-08-27 09:00:00
2026-04-08,110249610,2107,0,23.6326039040,-23.6326039040,-23.6326039040,0E-7,2,2,0.50665070000000000,0.506650700000,-1.4331513700195317,-1.4331513700195317,-1.4331513700195317,0E-17,ELIGIBLE,R03b_20260811_FULL_v1,L1_ELIGIBILITY,v2026-08-11,2026-03-21..2026-08-06,baccarat_bet02_101_all_pairs_incl_sentinel,round_win = game_pnl > 0 (decisive only),COMPATIBILITY_ONLY_NOT_PRODUCTION,296357.1217,267511.9505,6650.6079,18220,18206,-0.02244119,-0.04150452,-0.02020951,-0.02244119,-6650.6079,296357.1217,OK,0.0000,266.0243,4.0000,96.0000,AG03-UNRESOLVED,ALL5_LEVELS_bet23_to_bet27,266.0243,266.0243,266.0243,332.5304,332.5304,4.000000,4.000000,4.000000,5.000000,5.000000,96.000000,96.000000,96.000000,95.000000,95.000000,5.0,1463.1337,1340.2688,5187.4742,5310.3391,PENDING_AG03,FALSE,NOT_FOR_ENFORCEMENT,6384.5836,256811.4724,6650.6079,6384.5836,266.0243,0.02244119,0.02154355,266.0243,6384.5836,0.02154355,266.0243,266.0243,266.0243,332.5304,332.5304,6384.5836,0.02154355,1463.1337,1340.2688,5187.4742,5310.3391,0.01750413,0.01791872,0.00089765,16.2655,14.6936,0.3653,59.3804,1.1678,2646.0457,162.5536,12.4780,16.8648,9.0895,16.5695,22.0926,29.825,33.4482,44.5976,11.8163,0.0,2.018664,2.691552,0.981654,30,240,141,4,0.10479828,0.02244119,0.04150452,0E-8,0.000000,0.902668,0.011910,-0.02129501,2026-03-22,2026-08-05,112,5695,2177,137,0.817518,0.739886,0.767145,0.349328,,,,,,,,GLOBAL_BASELINE_NO_ENTITY_RANKING,,,NOT_APPLICABLE_GLOBAL_BASELINE,HF9g-P5,,,,X 全窗基线 · 不参与实体赏罚,14194347,1420,A168_HF9F_20260827_0900,2026-08-27 09:00:00
2026-04-08,110249610,2123,0,176.1083463992,-63.3421955598,-63.3421955598,0.2500000,11,11,0.50055742727272727,0.500557427273,-1.4173677280335195,-1.4173677280350632,-1.4173677280335195,-2.7273E-13,ELIGIBLE,R03b_20260811_FULL_v1,L1_ELIGIBILITY,v2026-08-11,2026-03-21..2026-08-06,baccarat_bet02_101_all_pairs_incl_sentinel,round_win = game_pnl > 0 (decisive only),COMPATIBILITY_ONLY_NOT_PRODUCTION,296357.1217,267511.9505,6650.6079,18220,18206,-0.02244119,-0.04150452,-0.02020951,-0.02244119,-6650.6079,296357.1217,OK,0.0000,266.0243,4.0000,96.0000,AG03-UNRESOLVED,ALL5_LEVELS_bet23_to_bet27,266.0243,266.0243,266.0243,332.5304,332.5304,4.000000,4.000000,4.000000,5.000000,5.000000,96.000000,96.000000,96.000000,95.000000,95.000000,5.0,1463.1337,1340.2688,5187.4742,5310.3391,PENDING_AG03,FALSE,NOT_FOR_ENFORCEMENT,6384.5836,256811.4724,6650.6079,6384.5836,266.0243,0.02244119,0.02154355,266.0243,6384.5836,0.02154355,266.0243,266.0243,266.0243,332.5304,332.5304,6384.5836,0.02154355,1463.1337,1340.2688,5187.4742,5310.3391,0.01750413,0.01791872,0.00089765,16.2655,14.6936,0.3653,59.3804,1.1678,2646.0457,162.5536,12.4780,16.8648,9.0895,16.5695,22.0926,29.825,33.4482,44.5976,11.8163,0.0,2.018664,2.691552,0.981654,30,240,141,4,0.10479828,0.02244119,0.04150452,0E-8,0.000000,0.902668,0.011910,-0.02129501,2026-03-22,2026-08-05,112,5695,2177,137,0.817518,0.739886,0.767145,0.349328,,,,,,,,GLOBAL_BASELINE_NO_ENTITY_RANKING,,,NOT_APPLICABLE_GLOBAL_BASELINE,HF9g-P5,,,,X 全窗基线 · 不参与实体赏罚,14194348,1420,A168_HF9F_20260827_0900,2026-08-27 09:00:00
2026-04-08,110249610,2134,0,33.5173949599,-11.3618287999,-11.3618287999,0.5000000,2,2,0.50665070000000000,0.506650700000,-0.018812684590367487,-0.018812684590367487,-0.018812684590367487,0E-17,ELIGIBLE,R03b_20260811_FULL_v1,L1_ELIGIBILITY,v2026-08-11,2026-03-21..2026-08-06,baccarat_bet02_101_all_pairs_incl_sentinel,round_win = game_pnl > 0 (decisive only),COMPATIBILITY_ONLY_NOT_PRODUCTION,296357.1217,267511.9505,6650.6079,18220,18206,-0.02244119,-0.04150452,-0.02020951,-0.02244119,-6650.6079,296357.1217,OK,0.0000,266.0243,4.0000,96.0000,AG03-UNRESOLVED,ALL5_LEVELS_bet23_to_bet27,266.0243,266.0243,266.0243,332.5304,332.5304,4.000000,4.000000,4.000000,5.000000,5.000000,96.000000,96.000000,96.000000,95.000000,95.000000,5.0,1463.1337,1340.2688,5187.4742,5310.3391,PENDING_AG03,FALSE,NOT_FOR_ENFORCEMENT,6384.5836,256811.4724,6650.6079,6384.5836,266.0243,0.02244119,0.02154355,266.0243,6384.5836,0.02154355,266.0243,266.0243,266.0243,332.5304,332.5304,6384.5836,0.02154355,1463.1337,1340.2688,5187.4742,5310.3391,0.01750413,0.01791872,0.00089765,16.2655,14.6936,0.3653,59.3804,1.1678,2646.0457,162.5536,12.4780,16.8648,9.0895,16.5695,22.0926,29.825,33.4482,44.5976,11.8163,0.0,2.018664,2.691552,0.981654,30,240,141,4,0.10479828,0.02244119,0.04150452,0E-8,0.000000,0.902668,0.011910,-0.02129501,2026-03-22,2026-08-05,112,5695,2177,137,0.817518,0.739886,0.767145,0.349328,,,,,,,,GLOBAL_BASELINE_NO_ENTITY_RANKING,,,NOT_APPLICABLE_GLOBAL_BASELINE,HF9g-P5,,,,X 全窗基线 · 不参与实体赏罚,14194349,1420,A168_HF9F_20260827_0900,2026-08-27 09:00:00
2026-04-08,110249610,2145,0,22.7236576000,-0.5680914400,-0.5680914400,0.5000000,2,2,0.50665070000000000,0.506650700000,-0.018812684590367487,-0.018812684590367487,-0.018812684590367487,0E-17,ELIGIBLE,R03b_20260811_FULL_v1,L1_ELIGIBILITY,v2026-08-11,2026-03-21..2026-08-06,baccarat_bet02_101_all_pairs_incl_sentinel,round_win = game_pnl > 0 (decisive only),COMPATIBILITY_ONLY_NOT_PRODUCTION,296357.1217,267511.9505,6650.6079,18220,18206,-0.02244119,-0.04150452,-0.02020951,-0.02244119,-6650.6079,296357.1217,OK,0.0000,266.0243,4.0000,96.0000,AG03-UNRESOLVED,ALL5_LEVELS_bet23_to_bet27,266.0243,266.0243,266.0243,332.5304,332.5304,4.000000,4.000000,4.000000,5.000000,5.000000,96.000000,96.000000,96.000000,95.000000,95.000000,5.0,1463.1337,1340.2688,5187.4742,5310.3391,PENDING_AG03,FALSE,NOT_FOR_ENFORCEMENT,6384.5836,256811.4724,6650.6079,6384.5836,266.0243,0.02244119,0.02154355,266.0243,6384.5836,0.02154355,266.0243,266.0243,266.0243,332.5304,332.5304,6384.5836,0.02154355,1463.1337,1340.2688,5187.4742,5310.3391,0.01750413,0.01791872,0.00089765,16.2655,14.6936,0.3653,59.3804,1.1678,2646.0457,162.5536,12.4780,16.8648,9.0895,16.5695,22.0926,29.825,33.4482,44.5976,11.8163,0.0,2.018664,2.691552,0.981654,30,240,141,4,0.10479828,0.02244119,0.04150452,0E-8,0.000000,0.902668,0.011910,-0.02129501,2026-03-22,2026-08-05,112,5695,2177,137,0.817518,0.739886,0.767145,0.349328,,,,,,,,GLOBAL_BASELINE_NO_ENTITY_RANKING,,,NOT_APPLICABLE_GLOBAL_BASELINE,HF9g-P5,,,,X 全窗基线 · 不参与实体赏罚,14194350,1420,A168_HF9F_20260827_0900,2026-08-27 09:00:00
2026-04-08,110249610,2147,0,39.6527825118,-39.6527825118,-39.6527825118,0E-7,2,2,0.50665070000000000,0.506650700000,-1.4331513700195317,-1.4331513700195317,-1.4331513700195317,0E-17,ELIGIBLE,R03b_20260811_FULL_v1,L1_ELIGIBILITY,v2026-08-11,2026-03-21..2026-08-06,baccarat_bet02_101_all_pairs_incl_sentinel,round_win = game_pnl > 0 (decisive only),COMPATIBILITY_ONLY_NOT_PRODUCTION,296357.1217,267511.9505,6650.6079,18220,18206,-0.02244119,-0.04150452,-0.02020951,-0.02244119,-6650.6079,296357.1217,OK,0.0000,266.0243,4.0000,96.0000,AG03-UNRESOLVED,ALL5_LEVELS_bet23_to_bet27,266.0243,266.0243,266.0243,332.5304,332.5304,4.000000,4.000000,4.000000,5.000000,5.000000,96.000000,96.000000,96.000000,95.000000,95.000000,5.0,1463.1337,1340.2688,5187.4742,5310.3391,PENDING_AG03,FALSE,NOT_FOR_ENFORCEMENT,6384.5836,256811.4724,6650.6079,6384.5836,266.0243,0.02244119,0.02154355,266.0243,6384.5836,0.02154355,266.0243,266.0243,266.0243,332.5304,332.5304,6384.5836,0.02154355,1463.1337,1340.2688,5187.4742,5310.3391,0.01750413,0.01791872,0.00089765,16.2655,14.6936,0.3653,59.3804,1.1678,2646.0457,162.5536,12.4780,16.8648,9.0895,16.5695,22.0926,29.825,33.4482,44.5976,11.8163,0.0,2.018664,2.691552,0.981654,30,240,141,4,0.10479828,0.02244119,0.04150452,0E-8,0.000000,0.902668,0.011910,-0.02129501,2026-03-22,2026-08-05,112,5695,2177,137,0.817518,0.739886,0.767145,0.349328,,,,,,,,GLOBAL_BASELINE_NO_ENTITY_RANKING,,,NOT_APPLICABLE_GLOBAL_BASELINE,HF9g-P5,,,,X 全窗基线 · 不参与实体赏罚,14194351,1420,A168_HF9F_20260827_0900,2026-08-27 09:00:00
2026-04-08,110249610,2171,0,121.0034767196,27.4672211239,27.4672211239,0.7500000,7,7,0.50665070000000000,0.506650700000,0.9734833216690844,0.9734833216690844,0.9734833216690844,0E-17,ELIGIBLE,R03b_20260811_FULL_v1,L1_ELIGIBILITY,v2026-08-11,2026-03-21..2026-08-06,baccarat_bet02_101_all_pairs_incl_sentinel,round_win = game_pnl > 0 (decisive only),COMPATIBILITY_ONLY_NOT_PRODUCTION,296357.1217,267511.9505,6650.6079,18220,18206,-0.02244119,-0.04150452,-0.02020951,-0.02244119,-6650.6079,296357.1217,OK,0.0000,266.0243,4.0000,96.0000,AG03-UNRESOLVED,ALL5_LEVELS_bet23_to_bet27,266.0243,266.0243,266.0243,332.5304,332.5304,4.000000,4.000000,4.000000,5.000000,5.000000,96.000000,96.000000,96.000000,95.000000,95.000000,5.0,1463.1337,1340.2688,5187.4742,5310.3391,PENDING_AG03,FALSE,NOT_FOR_ENFORCEMENT,6384.5836,256811.4724,6650.6079,6384.5836,266.0243,0.02244119,0.02154355,266.0243,6384.5836,0.02154355,266.0243,266.0243,266.0243,332.5304,332.5304,6384.5836,0.02154355,1463.1337,1340.2688,5187.4742,5310.3391,0.01750413,0.01791872,0.00089765,16.2655,14.6936,0.3653,59.3804,1.1678,2646.0457,162.5536,12.4780,16.8648,9.0895,16.5695,22.0926,29.825,33.4482,44.5976,11.8163,0.0,2.018664,2.691552,0.981654,30,240,141,4,0.10479828,0.02244119,0.04150452,0E-8,0.000000,0.902668,0.011910,-0.02129501,2026-03-22,2026-08-05,112,5695,2177,137,0.817518,0.739886,0.767145,0.349328,,,,,,,,GLOBAL_BASELINE_NO_ENTITY_RANKING,,,NOT_APPLICABLE_GLOBAL_BASELINE,HF9g-P5,,,,X 全窗基线 · 不参与实体赏罚,14194352,1420,A168_HF9F_20260827_0900,2026-08-27 09:00:00
2026-04-08,110249610,2201,0,38.6302179198,3.4653577840,3.4653577840,0.5000000,2,2,0.50665070000000000,0.506650700000,-0.018812684590367487,-0.018812684590367487,-0.018812684590367487,0E-17,ELIGIBLE,R03b_20260811_FULL_v1,L1_ELIGIBILITY,v2026-08-11,2026-03-21..2026-08-06,baccarat_bet02_101_all_pairs_incl_sentinel,round_win = game_pnl > 0 (decisive only),COMPATIBILITY_ONLY_NOT_PRODUCTION,296357.1217,267511.9505,6650.6079,18220,18206,-0.02244119,-0.04150452,-0.02020951,-0.02244119,-6650.6079,296357.1217,OK,0.0000,266.0243,4.0000,96.0000,AG03-UNRESOLVED,ALL5_LEVELS_bet23_to_bet27,266.0243,266.0243,266.0243,332.5304,332.5304,4.000000,4.000000,4.000000,5.000000,5.000000,96.000000,96.000000,96.000000,95.000000,95.000000,5.0,1463.1337,1340.2688,5187.4742,5310.3391,PENDING_AG03,FALSE,NOT_FOR_ENFORCEMENT,6384.5836,256811.4724,6650.6079,6384.5836,266.0243,0.02244119,0.02154355,266.0243,6384.5836,0.02154355,266.0243,266.0243,266.0243,332.5304,332.5304,6384.5836,0.02154355,1463.1337,1340.2688,5187.4742,5310.3391,0.01750413,0.01791872,0.00089765,16.2655,14.6936,0.3653,59.3804,1.1678,2646.0457,162.5536,12.4780,16.8648,9.0895,16.5695,22.0926,29.825,33.4482,44.5976,11.8163,0.0,2.018664,2.691552,0.981654,30,240,141,4,0.10479828,0.02244119,0.04150452,0E-8,0.000000,0.902668,0.011910,-0.02129501,2026-03-22,2026-08-05,112,5695,2177,137,0.817518,0.739886,0.767145,0.349328,,,,,,,,GLOBAL_BASELINE_NO_ENTITY_RANKING,,,NOT_APPLICABLE_GLOBAL_BASELINE,HF9g-P5,,,,X 全窗基线 · 不参与实体赏罚,14194353,1420,A168_HF9F_20260827_0900,2026-08-27 09:00:00
2026-04-08,110249610,2209,0,57.6044720158,-23.5189856160,-23.5189856160,0.2500000,4,4,0.49994810000000000,0.499948100000,-0.9997924053861017,-0.9997924053861017,-0.9997924053861017,0E-17,ELIGIBLE,R03b_20260811_FULL_v1,L1_ELIGIBILITY,v2026-08-11,2026-03-21..2026-08-06,baccarat_bet02_101_all_pairs_incl_sentinel,round_win = game_pnl > 0 (decisive only),COMPATIBILITY_ONLY_NOT_PRODUCTION,296357.1217,267511.9505,6650.6079,18220,18206,-0.02244119,-0.04150452,-0.02020951,-0.02244119,-6650.6079,296357.1217,OK,0.0000,266.0243,4.0000,96.0000,AG03-UNRESOLVED,ALL5_LEVELS_bet23_to_bet27,266.0243,266.0243,266.0243,332.5304,332.5304,4.000000,4.000000,4.000000,5.000000,5.000000,96.000000,96.000000,96.000000,95.000000,95.000000,5.0,1463.1337,1340.2688,5187.4742,5310.3391,PENDING_AG03,FALSE,NOT_FOR_ENFORCEMENT,6384.5836,256811.4724,6650.6079,6384.5836,266.0243,0.02244119,0.02154355,266.0243,6384.5836,0.02154355,266.0243,266.0243,266.0243,332.5304,332.5304,6384.5836,0.02154355,1463.1337,1340.2688,5187.4742,5310.3391,0.01750413,0.01791872,0.00089765,16.2655,14.6936,0.3653,59.3804,1.1678,2646.0457,162.5536,12.4780,16.8648,9.0895,16.5695,22.0926,29.825,33.4482,44.5976,11.8163,0.0,2.018664,2.691552,0.981654,30,240,141,4,0.10479828,0.02244119,0.04150452,0E-8,0.000000,0.902668,0.011910,-0.02129501,2026-03-22,2026-08-05,112,5695,2177,137,0.817518,0.739886,0.767145,0.349328,,,,,,,,GLOBAL_BASELINE_NO_ENTITY_RANKING,,,NOT_APPLICABLE_GLOBAL_BASELINE,HF9g-P5,,,,X 全窗基线 · 不参与实体赏罚,14194354,1420,A168_HF9F_20260827_0900,2026-08-27 09:00:00
2026-04-08,110249610,2216,0,11.3618288000,-11.3618288000,-11.3618288000,0E-7,1,1,0.49324550000000000,0.493245500000,-0.9865810262130424,-0.9865810262130424,-0.9865810262130424,0E-17,ELIGIBLE,R03b_20260811_FULL_v1,L1_ELIGIBILITY,v2026-08-11,2026-03-21..2026-08-06,baccarat_bet02_101_all_pairs_incl_sentinel,round_win = game_pnl > 0 (decisive only),COMPATIBILITY_ONLY_NOT_PRODUCTION,296357.1217,267511.9505,6650.6079,18220,18206,-0.02244119,-0.04150452,-0.02020951,-0.02244119,-6650.6079,296357.1217,OK,0.0000,266.0243,4.0000,96.0000,AG03-UNRESOLVED,ALL5_LEVELS_bet23_to_bet27,266.0243,266.0243,266.0243,332.5304,332.5304,4.000000,4.000000,4.000000,5.000000,5.000000,96.000000,96.000000,96.000000,95.000000,95.000000,5.0,1463.1337,1340.2688,5187.4742,5310.3391,PENDING_AG03,FALSE,NOT_FOR_ENFORCEMENT,6384.5836,256811.4724,6650.6079,6384.5836,266.0243,0.02244119,0.02154355,266.0243,6384.5836,0.02154355,266.0243,266.0243,266.0243,332.5304,332.5304,6384.5836,0.02154355,1463.1337,1340.2688,5187.4742,5310.3391,0.01750413,0.01791872,0.00089765,16.2655,14.6936,0.3653,59.3804,1.1678,2646.0457,162.5536,12.4780,16.8648,9.0895,16.5695,22.0926,29.825,33.4482,44.5976,11.8163,0.0,2.018664,2.691552,0.981654,30,240,141,4,0.10479828,0.02244119,0.04150452,0E-8,0.000000,0.902668,0.011910,-0.02129501,2026-03-22,2026-08-05,112,5695,2177,137,0.817518,0.739886,0.767145,0.349328,,,,,,,,GLOBAL_BASELINE_NO_ENTITY_RANKING,,,NOT_APPLICABLE_GLOBAL_BASELINE,HF9g-P5,,,,X 全窗基线 · 不参与实体赏罚,14194355,1420,A168_HF9F_20260827_0900,2026-08-27 09:00:00
2026-04-08,110249610,2224,0,56.9227622879,-22.7236575999,-22.7236575999,0.3333333,4,4,0.49659680000000000,0.496596800000,-0.5655743394288276,-0.5655743394288276,-0.5655743394288276,0E-17,ELIGIBLE,R03b_20260811_FULL_v1,L1_ELIGIBILITY,v2026-08-11,2026-03-21..2026-08-06,baccarat_bet02_101_all_pairs_incl_sentinel,round_win = game_pnl > 0 (decisive only),COMPATIBILITY_ONLY_NOT_PRODUCTION,296357.1217,267511.9505,6650.6079,18220,18206,-0.02244119,-0.04150452,-0.02020951,-0.02244119,-6650.6079,296357.1217,OK,0.0000,266.0243,4.0000,96.0000,AG03-UNRESOLVED,ALL5_LEVELS_bet23_to_bet27,266.0243,266.0243,266.0243,332.5304,332.5304,4.000000,4.000000,4.000000,5.000000,5.000000,96.000000,96.000000,96.000000,95.000000,95.000000,5.0,1463.1337,1340.2688,5187.4742,5310.3391,PENDING_AG03,FALSE,NOT_FOR_ENFORCEMENT,6384.5836,256811.4724,6650.6079,6384.5836,266.0243,0.02244119,0.02154355,266.0243,6384.5836,0.02154355,266.0243,266.0243,266.0243,332.5304,332.5304,6384.5836,0.02154355,1463.1337,1340.2688,5187.4742,5310.3391,0.01750413,0.01791872,0.00089765,16.2655,14.6936,0.3653,59.3804,1.1678,2646.0457,162.5536,12.4780,16.8648,9.0895,16.5695,22.0926,29.825,33.4482,44.5976,11.8163,0.0,2.018664,2.691552,0.981654,30,240,141,4,0.10479828,0.02244119,0.04150452,0E-8,0.000000,0.902668,0.011910,-0.02129501,2026-03-22,2026-08-05,112,5695,2177,137,0.817518,0.739886,0.767145,0.349328,,,,,,,,GLOBAL_BASELINE_NO_ENTITY_RANKING,,,NOT_APPLICABLE_GLOBAL_BASELINE,HF9g-P5,,,,X 全窗基线 · 不参与实体赏罚,14194356,1420,A168_HF9F_20260827_0900,2026-08-27 09:00:00
2026-04-08,110249610,2237,0,40.7889653918,-6.7034789920,-6.7034789920,0.3333333,3,3,0.49324550000000000,0.493245500000,-0.5540025479526107,-0.5540025479526106,-0.5540025479526107,0E-17,ELIGIBLE,R03b_20260811_FULL_v1,L1_ELIGIBILITY,v2026-08-11,2026-03-21..2026-08-06,baccarat_bet02_101_all_pairs_incl_sentinel,round_win = game_pnl > 0 (decisive only),COMPATIBILITY_ONLY_NOT_PRODUCTION,296357.1217,267511.9505,6650.6079,18220,18206,-0.02244119,-0.04150452,-0.02020951,-0.02244119,-6650.6079,296357.1217,OK,0.0000,266.0243,4.0000,96.0000,AG03-UNRESOLVED,ALL5_LEVELS_bet23_to_bet27,266.0243,266.0243,266.0243,332.5304,332.5304,4.000000,4.000000,4.000000,5.000000,5.000000,96.000000,96.000000,96.000000,95.000000,95.000000,5.0,1463.1337,1340.2688,5187.4742,5310.3391,PENDING_AG03,FALSE,NOT_FOR_ENFORCEMENT,6384.5836,256811.4724,6650.6079,6384.5836,266.0243,0.02244119,0.02154355,266.0243,6384.5836,0.02154355,266.0243,266.0243,266.0243,332.5304,332.5304,6384.5836,0.02154355,1463.1337,1340.2688,5187.4742,5310.3391,0.01750413,0.01791872,0.00089765,16.2655,14.6936,0.3653,59.3804,1.1678,2646.0457,162.5536,12.4780,16.8648,9.0895,16.5695,22.0926,29.825,33.4482,44.5976,11.8163,0.0,2.018664,2.691552,0.981654,30,240,141,4,0.10479828,0.02244119,0.04150452,0E-8,0.000000,0.902668,0.011910,-0.02129501,2026-03-22,2026-08-05,112,5695,2177,137,0.817518,0.739886,0.767145,0.349328,,,,,,,,GLOBAL_BASELINE_NO_ENTITY_RANKING,,,NOT_APPLICABLE_GLOBAL_BASELINE,HF9g-P5,,,,X 全窗基线 · 不参与实体赏罚,14194357,1420,A168_HF9F_20260827_0900,2026-08-27 09:00:00
2026-04-08,110249610,2241,0,56.8091439997,11.3618287999,11.3618287999,0.6666667,3,3,0.49324550000000000,0.493245500000,0.6008033672792107,0.6008033672792106,0.6008033672792107,0E-17,ELIGIBLE,R03b_20260811_FULL_v1,L1_ELIGIBILITY,v2026-08-11,2026-03-21..2026-08-06,baccarat_bet02_101_all_pairs_incl_sentinel,round_win = game_pnl > 0 (decisive only),COMPATIBILITY_ONLY_NOT_PRODUCTION,296357.1217,267511.9505,6650.6079,18220,18206,-0.02244119,-0.04150452,-0.02020951,-0.02244119,-6650.6079,296357.1217,OK,0.0000,266.0243,4.0000,96.0000,AG03-UNRESOLVED,ALL5_LEVELS_bet23_to_bet27,266.0243,266.0243,266.0243,332.5304,332.5304,4.000000,4.000000,4.000000,5.000000,5.000000,96.000000,96.000000,96.000000,95.000000,95.000000,5.0,1463.1337,1340.2688,5187.4742,5310.3391,PENDING_AG03,FALSE,NOT_FOR_ENFORCEMENT,6384.5836,256811.4724,6650.6079,6384.5836,266.0243,0.02244119,0.02154355,266.0243,6384.5836,0.02154355,266.0243,266.0243,266.0243,332.5304,332.5304,6384.5836,0.02154355,1463.1337,1340.2688,5187.4742,5310.3391,0.01750413,0.01791872,0.00089765,16.2655,14.6936,0.3653,59.3804,1.1678,2646.0457,162.5536,12.4780,16.8648,9.0895,16.5695,22.0926,29.825,33.4482,44.5976,11.8163,0.0,2.018664,2.691552,0.981654,30,240,141,4,0.10479828,0.02244119,0.04150452,0E-8,0.000000,0.902668,0.011910,-0.02129501,2026-03-22,2026-08-05,112,5695,2177,137,0.817518,0.739886,0.767145,0.349328,,,,,,,,GLOBAL_BASELINE_NO_ENTITY_RANKING,,,NOT_APPLICABLE_GLOBAL_BASELINE,HF9g-P5,,,,X 全窗基线 · 不参与实体赏罚,14194358,1420,A168_HF9F_20260827_0900,2026-08-27 09:00:00
2026-04-08,110249610,2246,0,89.7584475195,-22.4396118799,-22.4396118799,0.3333333,5,5,0.50396966000000000,0.503969660000,-0.5911202050821986,-0.5911202050821988,-0.5911202050821986,0E-17,ELIGIBLE,R03b_20260811_FULL_v1,L1_ELIGIBILITY,v2026-08-11,2026-03-21..2026-08-06,baccarat_bet02_101_all_pairs_incl_sentinel,round_win = game_pnl > 0 (decisive only),COMPATIBILITY_ONLY_NOT_PRODUCTION,296357.1217,267511.9505,6650.6079,18220,18206,-0.02244119,-0.04150452,-0.02020951,-0.02244119,-6650.6079,296357.1217,OK,0.0000,266.0243,4.0000,96.0000,AG03-UNRESOLVED,ALL5_LEVELS_bet23_to_bet27,266.0243,266.0243,266.0243,332.5304,332.5304,4.000000,4.000000,4.000000,5.000000,5.000000,96.000000,96.000000,96.000000,95.000000,95.000000,5.0,1463.1337,1340.2688,5187.4742,5310.3391,PENDING_AG03,FALSE,NOT_FOR_ENFORCEMENT,6384.5836,256811.4724,6650.6079,6384.5836,266.0243,0.02244119,0.02154355,266.0243,6384.5836,0.02154355,266.0243,266.0243,266.0243,332.5304,332.5304,6384.5836,0.02154355,1463.1337,1340.2688,5187.4742,5310.3391,0.01750413,0.01791872,0.00089765,16.2655,14.6936,0.3653,59.3804,1.1678,2646.0457,162.5536,12.4780,16.8648,9.0895,16.5695,22.0926,29.825,33.4482,44.5976,11.8163,0.0,2.018664,2.691552,0.981654,30,240,141,4,0.10479828,0.02244119,0.04150452,0E-8,0.000000,0.902668,0.011910,-0.02129501,2026-03-22,2026-08-05,112,5695,2177,137,0.817518,0.739886,0.767145,0.349328,,,,,,,,GLOBAL_BASELINE_NO_ENTITY_RANKING,,,NOT_APPLICABLE_GLOBAL_BASELINE,HF9g-P5,,,,X 全窗基线 · 不参与实体赏罚,14194359,1420,A168_HF9F_20260827_0900,2026-08-27 09:00:00
2026-04-08,110249610,2250,0,67.6028813597,67.6028813597,67.6028813597,1.0000000,3,3,0.49324550000000000,0.493245500000,1.755609282511032,1.7556092825110319,1.755609282511032,0E-17,ELIGIBLE,R03b_20260811_FULL_v1,L1_ELIGIBILITY,v2026-08-11,2026-03-21..2026-08-06,baccarat_bet02_101_all_pairs_incl_sentinel,round_win = game_pnl > 0 (decisive only),COMPATIBILITY_ONLY_NOT_PRODUCTION,296357.1217,267511.9505,6650.6079,18220,18206,-0.02244119,-0.04150452,-0.02020951,-0.02244119,-6650.6079,296357.1217,OK,0.0000,266.0243,4.0000,96.0000,AG03-UNRESOLVED,ALL5_LEVELS_bet23_to_bet27,266.0243,266.0243,266.0243,332.5304,332.5304,4.000000,4.000000,4.000000,5.000000,5.000000,96.000000,96.000000,96.000000,95.000000,95.000000,5.0,1463.1337,1340.2688,5187.4742,5310.3391,PENDING_AG03,FALSE,NOT_FOR_ENFORCEMENT,6384.5836,256811.4724,6650.6079,6384.5836,266.0243,0.02244119,0.02154355,266.0243,6384.5836,0.02154355,266.0243,266.0243,266.0243,332.5304,332.5304,6384.5836,0.02154355,1463.1337,1340.2688,5187.4742,5310.3391,0.01750413,0.01791872,0.00089765,16.2655,14.6936,0.3653,59.3804,1.1678,2646.0457,162.5536,12.4780,16.8648,9.0895,16.5695,22.0926,29.825,33.4482,44.5976,11.8163,0.0,2.018664,2.691552,0.981654,30,240,141,4,0.10479828,0.02244119,0.04150452,0E-8,0.000000,0.902668,0.011910,-0.02129501,2026-03-22,2026-08-05,112,5695,2177,137,0.817518,0.739886,0.767145,0.349328,,,,,,,,GLOBAL_BASELINE_NO_ENTITY_RANKING,,,NOT_APPLICABLE_GLOBAL_BASELINE,HF9g-P5,,,,X 全窗基线 · 不参与实体赏罚,14194360,1420,A168_HF9F_20260827_0900,2026-08-27 09:00:00
2026-04-08,110249610,529,0,51.1282295997,-34.0854863998,-34.0854863998,0E-7,3,3,0.50665070000000000,0.506650700000,-1.4331513700195317,-1.4331513700195317,-1.4331513700195317,0E-17,ELIGIBLE,R03b_20260811_FULL_v1,L1_ELIGIBILITY,v2026-08-11,2026-03-21..2026-08-06,baccarat_bet02_101_all_pairs_incl_sentinel,round_win = game_pnl > 0 (decisive only),COMPATIBILITY_ONLY_NOT_PRODUCTION,296357.1217,267511.9505,6650.6079,18220,18206,-0.02244119,-0.04150452,-0.02020951,-0.02244119,-6650.6079,296357.1217,OK,0.0000,266.0243,4.0000,96.0000,AG03-UNRESOLVED,ALL5_LEVELS_bet23_to_bet27,266.0243,266.0243,266.0243,332.5304,332.5304,4.000000,4.000000,4.000000,5.000000,5.000000,96.000000,96.000000,96.000000,95.000000,95.000000,5.0,1463.1337,1340.2688,5187.4742,5310.3391,PENDING_AG03,FALSE,NOT_FOR_ENFORCEMENT,6384.5836,256811.4724,6650.6079,6384.5836,266.0243,0.02244119,0.02154355,266.0243,6384.5836,0.02154355,266.0243,266.0243,266.0243,332.5304,332.5304,6384.5836,0.02154355,1463.1337,1340.2688,5187.4742,5310.3391,0.01750413,0.01791872,0.00089765,16.2655,14.6936,0.3653,59.3804,1.1678,2646.0457,162.5536,12.4780,16.8648,9.0895,16.5695,22.0926,29.825,33.4482,44.5976,11.8163,0.0,2.018664,2.691552,0.981654,30,240,141,4,0.10479828,0.02244119,0.04150452,0E-8,0.000000,0.902668,0.011910,-0.02129501,2026-03-22,2026-08-05,112,5695,2177,137,0.817518,0.739886,0.767145,0.349328,,,,,,,,GLOBAL_BASELINE_NO_ENTITY_RANKING,,,NOT_APPLICABLE_GLOBAL_BASELINE,HF9g-P5,,,,X 全窗基线 · 不参与实体赏罚,14194361,1420,A168_HF9F_20260827_0900,2026-08-27 09:00:00
2026-04-08,110249610,752,0,22.7236576000,21.5874747200,21.5874747200,1.0000000,2,2,0.50665070000000000,0.506650700000,1.3955260008387969,1.3955260008387969,1.3955260008387969,0E-17,ELIGIBLE,R03b_20260811_FULL_v1,L1_ELIGIBILITY,v2026-08-11,2026-03-21..2026-08-06,baccarat_bet02_101_all_pairs_incl_sentinel,round_win = game_pnl > 0 (decisive only),COMPATIBILITY_ONLY_NOT_PRODUCTION,296357.1217,267511.9505,6650.6079,18220,18206,-0.02244119,-0.04150452,-0.02020951,-0.02244119,-6650.6079,296357.1217,OK,0.0000,266.0243,4.0000,96.0000,AG03-UNRESOLVED,ALL5_LEVELS_bet23_to_bet27,266.0243,266.0243,266.0243,332.5304,332.5304,4.000000,4.000000,4.000000,5.000000,5.000000,96.000000,96.000000,96.000000,95.000000,95.000000,5.0,1463.1337,1340.2688,5187.4742,5310.3391,PENDING_AG03,FALSE,NOT_FOR_ENFORCEMENT,6384.5836,256811.4724,6650.6079,6384.5836,266.0243,0.02244119,0.02154355,266.0243,6384.5836,0.02154355,266.0243,266.0243,266.0243,332.5304,332.5304,6384.5836,0.02154355,1463.1337,1340.2688,5187.4742,5310.3391,0.01750413,0.01791872,0.00089765,16.2655,14.6936,0.3653,59.3804,1.1678,2646.0457,162.5536,12.4780,16.8648,9.0895,16.5695,22.0926,29.825,33.4482,44.5976,11.8163,0.0,2.018664,2.691552,0.981654,30,240,141,4,0.10479828,0.02244119,0.04150452,0E-8,0.000000,0.902668,0.011910,-0.02129501,2026-03-22,2026-08-05,112,5695,2177,137,0.817518,0.739886,0.767145,0.349328,,,,,,,,GLOBAL_BASELINE_NO_ENTITY_RANKING,,,NOT_APPLICABLE_GLOBAL_BASELINE,HF9g-P5,,,,X 全窗基线 · 不参与实体赏罚,14194362,1420,A168_HF9F_20260827_0900,2026-08-27 09:00:00
2026-04-08,110249610,970,0,145.0905537755,30.0520371759,30.0520371759,0.7142857,10,10,0.50665070000000000,0.506650700000,1.098798430526454,1.098798430526454,1.098798430526454,0E-17,ELIGIBLE,R03b_20260811_FULL_v1,L1_ELIGIBILITY,v2026-08-11,2026-03-21..2026-08-06,baccarat_bet02_101_all_pairs_incl_sentinel,round_win = game_pnl > 0 (decisive only),COMPATIBILITY_ONLY_NOT_PRODUCTION,296357.1217,267511.9505,6650.6079,18220,18206,-0.02244119,-0.04150452,-0.02020951,-0.02244119,-6650.6079,296357.1217,OK,0.0000,266.0243,4.0000,96.0000,AG03-UNRESOLVED,ALL5_LEVELS_bet23_to_bet27,266.0243,266.0243,266.0243,332.5304,332.5304,4.000000,4.000000,4.000000,5.000000,5.000000,96.000000,96.000000,96.000000,95.000000,95.000000,5.0,1463.1337,1340.2688,5187.4742,5310.3391,PENDING_AG03,FALSE,NOT_FOR_ENFORCEMENT,6384.5836,256811.4724,6650.6079,6384.5836,266.0243,0.02244119,0.02154355,266.0243,6384.5836,0.02154355,266.0243,266.0243,266.0243,332.5304,332.5304,6384.5836,0.02154355,1463.1337,1340.2688,5187.4742,5310.3391,0.01750413,0.01791872,0.00089765,16.2655,14.6936,0.3653,59.3804,1.1678,2646.0457,162.5536,12.4780,16.8648,9.0895,16.5695,22.0926,29.825,33.4482,44.5976,11.8163,0.0,2.018664,2.691552,0.981654,30,240,141,4,0.10479828,0.02244119,0.04150452,0E-8,0.000000,0.902668,0.011910,-0.02129501,2026-03-22,2026-08-05,112,5695,2177,137,0.817518,0.739886,0.767145,0.349328,,,,,,,,GLOBAL_BASELINE_NO_ENTITY_RANKING,,,NOT_APPLICABLE_GLOBAL_BASELINE,HF9g-P5,,,,X 全窗基线 · 不参与实体赏罚,14194363,1420,A168_HF9F_20260827_0900,2026-08-27 09:00:00
2026-04-08,110249610,986,0,65.8986070398,30.4781057558,30.4781057558,0.6000000,5,5,0.50665070000000000,0.506650700000,0.4175076967804994,0.4175076967804994,0.4175076967804994,0E-17,ELIGIBLE,R03b_20260811_FULL_v1,L1_ELIGIBILITY,v2026-08-11,2026-03-21..2026-08-06,baccarat_bet02_101_all_pairs_incl_sentinel,round_win = game_pnl > 0 (decisive only),COMPATIBILITY_ONLY_NOT_PRODUCTION,296357.1217,267511.9505,6650.6079,18220,18206,-0.02244119,-0.04150452,-0.02020951,-0.02244119,-6650.6079,296357.1217,OK,0.0000,266.0243,4.0000,96.0000,AG03-UNRESOLVED,ALL5_LEVELS_bet23_to_bet27,266.0243,266.0243,266.0243,332.5304,332.5304,4.000000,4.000000,4.000000,5.000000,5.000000,96.000000,96.000000,96.000000,95.000000,95.000000,5.0,1463.1337,1340.2688,5187.4742,5310.3391,PENDING_AG03,FALSE,NOT_FOR_ENFORCEMENT,6384.5836,256811.4724,6650.6079,6384.5836,266.0243,0.02244119,0.02154355,266.0243,6384.5836,0.02154355,266.0243,266.0243,266.0243,332.5304,332.5304,6384.5836,0.02154355,1463.1337,1340.2688,5187.4742,5310.3391,0.01750413,0.01791872,0.00089765,16.2655,14.6936,0.3653,59.3804,1.1678,2646.0457,162.5536,12.4780,16.8648,9.0895,16.5695,22.0926,29.825,33.4482,44.5976,11.8163,0.0,2.018664,2.691552,0.981654,30,240,141,4,0.10479828,0.02244119,0.04150452,0E-8,0.000000,0.902668,0.011910,-0.02129501,2026-03-22,2026-08-05,112,5695,2177,137,0.817518,0.739886,0.767145,0.349328,,,,,,,,GLOBAL_BASELINE_NO_ENTITY_RANKING,,,NOT_APPLICABLE_GLOBAL_BASELINE,HF9g-P5,,,,X 全窗基线 · 不参与实体赏罚,14194364,1420,A168_HF9F_20260827_0900,2026-08-27 09:00:00
2026-04-08,110249610,987,0,17.0427431999,-17.0427431999,-17.0427431999,0E-7,1,1,0.49324550000000000,0.493245500000,-0.9865810262130424,-0.9865810262130424,-0.9865810262130424,0E-17,ELIGIBLE,R03b_20260811_FULL_v1,L1_ELIGIBILITY,v2026-08-11,2026-03-21..2026-08-06,baccarat_bet02_101_all_pairs_incl_sentinel,round_win = game_pnl > 0 (decisive only),COMPATIBILITY_ONLY_NOT_PRODUCTION,296357.1217,267511.9505,6650.6079,18220,18206,-0.02244119,-0.04150452,-0.02020951,-0.02244119,-6650.6079,296357.1217,OK,0.0000,266.0243,4.0000,96.0000,AG03-UNRESOLVED,ALL5_LEVELS_bet23_to_bet27,266.0243,266.0243,266.0243,332.5304,332.5304,4.000000,4.000000,4.000000,5.000000,5.000000,96.000000,96.000000,96.000000,95.000000,95.000000,5.0,1463.1337,1340.2688,5187.4742,5310.3391,PENDING_AG03,FALSE,NOT_FOR_ENFORCEMENT,6384.5836,256811.4724,6650.6079,6384.5836,266.0243,0.02244119,0.02154355,266.0243,6384.5836,0.02154355,266.0243,266.0243,266.0243,332.5304,332.5304,6384.5836,0.02154355,1463.1337,1340.2688,5187.4742,5310.3391,0.01750413,0.01791872,0.00089765,16.2655,14.6936,0.3653,59.3804,1.1678,2646.0457,162.5536,12.4780,16.8648,9.0895,16.5695,22.0926,29.825,33.4482,44.5976,11.8163,0.0,2.018664,2.691552,0.981654,30,240,141,4,0.10479828,0.02244119,0.04150452,0E-8,0.000000,0.902668,0.011910,-0.02129501,2026-03-22,2026-08-05,112,5695,2177,137,0.817518,0.739886,0.767145,0.349328,,,,,,,,GLOBAL_BASELINE_NO_ENTITY_RANKING,,,NOT_APPLICABLE_GLOBAL_BASELINE,HF9g-P5,,,,X 全窗基线 · 不参与实体赏罚,14194365,1420,A168_HF9F_20260827_0900,2026-08-27 09:00:00
2026-04-09,110249610,-1,1,2070.3524439332,-31.3188810871,-31.3188810871,0.4876847,226,225,0.50180993333333333,0.501795038667,-0.4025090013906275,-0.402084522771545,-0.4025090013906275,0.00001489466633333,SENTINEL_DEALER,R03b_20260811_FULL_v1,L1_ELIGIBILITY,v2026-08-11,2026-03-21..2026-08-06,baccarat_bet02_101_all_pairs_incl_sentinel,round_win = game_pnl > 0 (decisive only),COMPATIBILITY_ONLY_NOT_PRODUCTION,296357.1217,267511.9505,6650.6079,18220,18206,-0.02244119,-0.04150452,-0.02020951,-0.02244119,-6650.6079,296357.1217,OK,0.0000,266.0243,4.0000,96.0000,AG03-UNRESOLVED,ALL5_LEVELS_bet23_to_bet27,266.0243,266.0243,266.0243,332.5304,332.5304,4.000000,4.000000,4.000000,5.000000,5.000000,96.000000,96.000000,96.000000,95.000000,95.000000,5.0,1463.1337,1340.2688,5187.4742,5310.3391,PENDING_AG03,FALSE,NOT_FOR_ENFORCEMENT,6384.5836,256811.4724,6650.6079,6384.5836,266.0243,0.02244119,0.02154355,266.0243,6384.5836,0.02154355,266.0243,266.0243,266.0243,332.5304,332.5304,6384.5836,0.02154355,1463.1337,1340.2688,5187.4742,5310.3391,0.01750413,0.01791872,0.00089765,16.2655,14.6936,0.3653,59.3804,1.1678,2646.0457,162.5536,12.4780,16.8648,9.0895,16.5695,22.0926,29.825,33.4482,44.5976,11.8163,0.0,2.018664,2.691552,0.981654,30,240,141,4,0.10479828,0.02244119,0.04150452,0E-8,0.000000,0.902668,0.011910,-0.02129501,2026-03-22,2026-08-05,112,5695,2177,137,0.817518,0.739886,0.767145,0.349328,,,,,,,,GLOBAL_BASELINE_NO_ENTITY_RANKING,,,NOT_APPLICABLE_GLOBAL_BASELINE,HF9g-P5,,,,X 全窗基线 · 不参与实体赏罚,14194366,1420,A168_HF9F_20260827_0900,2026-08-27 09:00:00
2026-04-09,110249610,1004,0,87.4860817598,-21.5874747200,-21.5874747200,0.3333333,7,7,0.49324550000000000,0.493245500000,-0.783477916903833,-0.7834779169038328,-0.783477916903833,0E-17,ELIGIBLE,R03b_20260811_FULL_v1,L1_ELIGIBILITY,v2026-08-11,2026-03-21..2026-08-06,baccarat_bet02_101_all_pairs_incl_sentinel,round_win = game_pnl > 0 (decisive only),COMPATIBILITY_ONLY_NOT_PRODUCTION,296357.1217,267511.9505,6650.6079,18220,18206,-0.02244119,-0.04150452,-0.02020951,-0.02244119,-6650.6079,296357.1217,OK,0.0000,266.0243,4.0000,96.0000,AG03-UNRESOLVED,ALL5_LEVELS_bet23_to_bet27,266.0243,266.0243,266.0243,332.5304,332.5304,4.000000,4.000000,4.000000,5.000000,5.000000,96.000000,96.000000,96.000000,95.000000,95.000000,5.0,1463.1337,1340.2688,5187.4742,5310.3391,PENDING_AG03,FALSE,NOT_FOR_ENFORCEMENT,6384.5836,256811.4724,6650.6079,6384.5836,266.0243,0.02244119,0.02154355,266.0243,6384.5836,0.02154355,266.0243,266.0243,266.0243,332.5304,332.5304,6384.5836,0.02154355,1463.1337,1340.2688,5187.4742,5310.3391,0.01750413,0.01791872,0.00089765,16.2655,14.6936,0.3653,59.3804,1.1678,2646.0457,162.5536,12.4780,16.8648,9.0895,16.5695,22.0926,29.825,33.4482,44.5976,11.8163,0.0,2.018664,2.691552,0.981654,30,240,141,4,0.10479828,0.02244119,0.04150452,0E-8,0.000000,0.902668,0.011910,-0.02129501,2026-03-22,2026-08-05,112,5695,2177,137,0.817518,0.739886,0.767145,0.349328,,,,,,,,GLOBAL_BASELINE_NO_ENTITY_RANKING,,,NOT_APPLICABLE_GLOBAL_BASELINE,HF9g-P5,,,,X 全窗基线 · 不参与实体赏罚,14194367,1420,A168_HF9F_20260827_0900,2026-08-27 09:00:00
2026-04-09,110249610,1017,0,84.0775331199,-11.3618287999,-11.3618287999,0.5555556,10,10,0.49592654000000000,0.495926540000,0.35778596707011096,0.35778596707011096,0.35778596707011096,0E-17,ELIGIBLE,R03b_20260811_FULL_v1,L1_ELIGIBILITY,v2026-08-11,2026-03-21..2026-08-06,baccarat_bet02_101_all_pairs_incl_sentinel,round_win = game_pnl > 0 (decisive only),COMPATIBILITY_ONLY_NOT_PRODUCTION,296357.1217,267511.9505,6650.6079,18220,18206,-0.02244119,-0.04150452,-0.02020951,-0.02244119,-6650.6079,296357.1217,OK,0.0000,266.0243,4.0000,96.0000,AG03-UNRESOLVED,ALL5_LEVELS_bet23_to_bet27,266.0243,266.0243,266.0243,332.5304,332.5304,4.000000,4.000000,4.000000,5.000000,5.000000,96.000000,96.000000,96.000000,95.000000,95.000000,5.0,1463.1337,1340.2688,5187.4742,5310.3391,PENDING_AG03,FALSE,NOT_FOR_ENFORCEMENT,6384.5836,256811.4724,6650.6079,6384.5836,266.0243,0.02244119,0.02154355,266.0243,6384.5836,0.02154355,266.0243,266.0243,266.0243,332.5304,332.5304,6384.5836,0.02154355,1463.1337,1340.2688,5187.4742,5310.3391,0.01750413,0.01791872,0.00089765,16.2655,14.6936,0.3653,59.3804,1.1678,2646.0457,162.5536,12.4780,16.8648,9.0895,16.5695,22.0926,29.825,33.4482,44.5976,11.8163,0.0,2.018664,2.691552,0.981654,30,240,141,4,0.10479828,0.02244119,0.04150452,0E-8,0.000000,0.902668,0.011910,-0.02129501,2026-03-22,2026-08-05,112,5695,2177,137,0.817518,0.739886,0.767145,0.349328,,,,,,,,GLOBAL_BASELINE_NO_ENTITY_RANKING,,,NOT_APPLICABLE_GLOBAL_BASELINE,HF9g-P5,,,,X 全窗基线 · 不参与实体赏罚,14194368,1420,A168_HF9F_20260827_0900,2026-08-27 09:00:00
2026-04-09,110249610,1094,0,52.2644124798,-20.6785284158,-20.6785284158,0.5000000,4,4,0.49659680000000000,0.496596800000,0.013613115331600182,0.013613115331600183,0.013613115331600182,0E-17,ELIGIBLE,R03b_20260811_FULL_v1,L1_ELIGIBILITY,v2026-08-11,2026-03-21..2026-08-06,baccarat_bet02_101_all_pairs_incl_sentinel,round_win = game_pnl > 0 (decisive only),COMPATIBILITY_ONLY_NOT_PRODUCTION,296357.1217,267511.9505,6650.6079,18220,18206,-0.02244119,-0.04150452,-0.02020951,-0.02244119,-6650.6079,296357.1217,OK,0.0000,266.0243,4.0000,96.0000,AG03-UNRESOLVED,ALL5_LEVELS_bet23_to_bet27,266.0243,266.0243,266.0243,332.5304,332.5304,4.000000,4.000000,4.000000,5.000000,5.000000,96.000000,96.000000,96.000000,95.000000,95.000000,5.0,1463.1337,1340.2688,5187.4742,5310.3391,PENDING_AG03,FALSE,NOT_FOR_ENFORCEMENT,6384.5836,256811.4724,6650.6079,6384.5836,266.0243,0.02244119,0.02154355,266.0243,6384.5836,0.02154355,266.0243,266.0243,266.0243,332.5304,332.5304,6384.5836,0.02154355,1463.1337,1340.2688,5187.4742,5310.3391,0.01750413,0.01791872,0.00089765,16.2655,14.6936,0.3653,59.3804,1.1678,2646.0457,162.5536,12.4780,16.8648,9.0895,16.5695,22.0926,29.825,33.4482,44.5976,11.8163,0.0,2.018664,2.691552,0.981654,30,240,141,4,0.10479828,0.02244119,0.04150452,0E-8,0.000000,0.902668,0.011910,-0.02129501,2026-03-22,2026-08-05,112,5695,2177,137,0.817518,0.739886,0.767145,0.349328,,,,,,,,GLOBAL_BASELINE_NO_ENTITY_RANKING,,,NOT_APPLICABLE_GLOBAL_BASELINE,HF9g-P5,,,,X 全窗基线 · 不参与实体赏罚,14194369,1420,A168_HF9F_20260827_0900,2026-08-27 09:00:00
2026-04-09,110249610,1205,0,35.2216692800,-10.2256459200,-10.2256459200,0.4000000,5,5,0.49324550000000000,0.493245500000,-0.4170446088060018,-0.4170446088060018,-0.4170446088060018,0E-17,ELIGIBLE,R03b_20260811_FULL_v1,L1_ELIGIBILITY,v2026-08-11,2026-03-21..2026-08-06,baccarat_bet02_101_all_pairs_incl_sentinel,round_win = game_pnl > 0 (decisive only),COMPATIBILITY_ONLY_NOT_PRODUCTION,296357.1217,267511.9505,6650.6079,18220,18206,-0.02244119,-0.04150452,-0.02020951,-0.02244119,-6650.6079,296357.1217,OK,0.0000,266.0243,4.0000,96.0000,AG03-UNRESOLVED,ALL5_LEVELS_bet23_to_bet27,266.0243,266.0243,266.0243,332.5304,332.5304,4.000000,4.000000,4.000000,5.000000,5.000000,96.000000,96.000000,96.000000,95.000000,95.000000,5.0,1463.1337,1340.2688,5187.4742,5310.3391,PENDING_AG03,FALSE,NOT_FOR_ENFORCEMENT,6384.5836,256811.4724,6650.6079,6384.5836,266.0243,0.02244119,0.02154355,266.0243,6384.5836,0.02154355,266.0243,266.0243,266.0243,332.5304,332.5304,6384.5836,0.02154355,1463.1337,1340.2688,5187.4742,5310.3391,0.01750413,0.01791872,0.00089765,16.2655,14.6936,0.3653,59.3804,1.1678,2646.0457,162.5536,12.4780,16.8648,9.0895,16.5695,22.0926,29.825,33.4482,44.5976,11.8163,0.0,2.018664,2.691552,0.981654,30,240,141,4,0.10479828,0.02244119,0.04150452,0E-8,0.000000,0.902668,0.011910,-0.02129501,2026-03-22,2026-08-05,112,5695,2177,137,0.817518,0.739886,0.767145,0.349328,,,,,,,,GLOBAL_BASELINE_NO_ENTITY_RANKING,,,NOT_APPLICABLE_GLOBAL_BASELINE,HF9g-P5,,,,X 全窗基线 · 不参与实体赏罚,14194370,1420,A168_HF9F_20260827_0900,2026-08-27 09:00:00
2026-04-09,110249610,1210,0,15.9065603200,-15.9065603200,-15.9065603200,0E-7,2,2,0.49324550000000000,0.493245500000,-1.3952362676504506,-1.3952362676504506,-1.3952362676504506,0E-17,ELIGIBLE,R03b_20260811_FULL_v1,L1_ELIGIBILITY,v2026-08-11,2026-03-21..2026-08-06,baccarat_bet02_101_all_pairs_incl_sentinel,round_win = game_pnl > 0 (decisive only),COMPATIBILITY_ONLY_NOT_PRODUCTION,296357.1217,267511.9505,6650.6079,18220,18206,-0.02244119,-0.04150452,-0.02020951,-0.02244119,-6650.6079,296357.1217,OK,0.0000,266.0243,4.0000,96.0000,AG03-UNRESOLVED,ALL5_LEVELS_bet23_to_bet27,266.0243,266.0243,266.0243,332.5304,332.5304,4.000000,4.000000,4.000000,5.000000,5.000000,96.000000,96.000000,96.000000,95.000000,95.000000,5.0,1463.1337,1340.2688,5187.4742,5310.3391,PENDING_AG03,FALSE,NOT_FOR_ENFORCEMENT,6384.5836,256811.4724,6650.6079,6384.5836,266.0243,0.02244119,0.02154355,266.0243,6384.5836,0.02154355,266.0243,266.0243,266.0243,332.5304,332.5304,6384.5836,0.02154355,1463.1337,1340.2688,5187.4742,5310.3391,0.01750413,0.01791872,0.00089765,16.2655,14.6936,0.3653,59.3804,1.1678,2646.0457,162.5536,12.4780,16.8648,9.0895,16.5695,22.0926,29.825,33.4482,44.5976,11.8163,0.0,2.018664,2.691552,0.981654,30,240,141,4,0.10479828,0.02244119,0.04150452,0E-8,0.000000,0.902668,0.011910,-0.02129501,2026-03-22,2026-08-05,112,5695,2177,137,0.817518,0.739886,0.767145,0.349328,,,,,,,,GLOBAL_BASELINE_NO_ENTITY_RANKING,,,NOT_APPLICABLE_GLOBAL_BASELINE,HF9g-P5,,,,X 全窗基线 · 不参与实体赏罚,14194371,1420,A168_HF9F_20260827_0900,2026-08-27 09:00:00
2026-04-09,110249610,1221,0,95.4393619198,57.7180903038,57.7180903038,0.7500000,8,8,0.49994810000000000,0.499948100000,1.414507160728905,1.414507160728905,1.414507160728905,0E-17,ELIGIBLE,R03b_20260811_FULL_v1,L1_ELIGIBILITY,v2026-08-11,2026-03-21..2026-08-06,baccarat_bet02_101_all_pairs_incl_sentinel,round_win = game_pnl > 0 (decisive only),COMPATIBILITY_ONLY_NOT_PRODUCTION,296357.1217,267511.9505,6650.6079,18220,18206,-0.02244119,-0.04150452,-0.02020951,-0.02244119,-6650.6079,296357.1217,OK,0.0000,266.0243,4.0000,96.0000,AG03-UNRESOLVED,ALL5_LEVELS_bet23_to_bet27,266.0243,266.0243,266.0243,332.5304,332.5304,4.000000,4.000000,4.000000,5.000000,5.000000,96.000000,96.000000,96.000000,95.000000,95.000000,5.0,1463.1337,1340.2688,5187.4742,5310.3391,PENDING_AG03,FALSE,NOT_FOR_ENFORCEMENT,6384.5836,256811.4724,6650.6079,6384.5836,266.0243,0.02244119,0.02154355,266.0243,6384.5836,0.02154355,266.0243,266.0243,266.0243,332.5304,332.5304,6384.5836,0.02154355,1463.1337,1340.2688,5187.4742,5310.3391,0.01750413,0.01791872,0.00089765,16.2655,14.6936,0.3653,59.3804,1.1678,2646.0457,162.5536,12.4780,16.8648,9.0895,16.5695,22.0926,29.825,33.4482,44.5976,11.8163,0.0,2.018664,2.691552,0.981654,30,240,141,4,0.10479828,0.02244119,0.04150452,0E-8,0.000000,0.902668,0.011910,-0.02129501,2026-03-22,2026-08-05,112,5695,2177,137,0.817518,0.739886,0.767145,0.349328,,,,,,,,GLOBAL_BASELINE_NO_ENTITY_RANKING,,,NOT_APPLICABLE_GLOBAL_BASELINE,HF9g-P5,,,,X 全窗基线 · 不参与实体赏罚,14194372,1420,A168_HF9F_20260827_0900,2026-08-27 09:00:00
2026-04-09,110249610,1302,0,9.0894630400,-9.0894630400,-9.0894630400,0E-7,1,1,0.50665070000000000,0.506650700000,-1.013391052207602,-1.013391052207602,-1.013391052207602,0E-17,ELIGIBLE,R03b_20260811_FULL_v1,L1_ELIGIBILITY,v2026-08-11,2026-03-21..2026-08-06,baccarat_bet02_101_all_pairs_incl_sentinel,round_win = game_pnl > 0 (decisive only),COMPATIBILITY_ONLY_NOT_PRODUCTION,296357.1217,267511.9505,6650.6079,18220,18206,-0.02244119,-0.04150452,-0.02020951,-0.02244119,-6650.6079,296357.1217,OK,0.0000,266.0243,4.0000,96.0000,AG03-UNRESOLVED,ALL5_LEVELS_bet23_to_bet27,266.0243,266.0243,266.0243,332.5304,332.5304,4.000000,4.000000,4.000000,5.000000,5.000000,96.000000,96.000000,96.000000,95.000000,95.000000,5.0,1463.1337,1340.2688,5187.4742,5310.3391,PENDING_AG03,FALSE,NOT_FOR_ENFORCEMENT,6384.5836,256811.4724,6650.6079,6384.5836,266.0243,0.02244119,0.02154355,266.0243,6384.5836,0.02154355,266.0243,266.0243,266.0243,332.5304,332.5304,6384.5836,0.02154355,1463.1337,1340.2688,5187.4742,5310.3391,0.01750413,0.01791872,0.00089765,16.2655,14.6936,0.3653,59.3804,1.1678,2646.0457,162.5536,12.4780,16.8648,9.0895,16.5695,22.0926,29.825,33.4482,44.5976,11.8163,0.0,2.018664,2.691552,0.981654,30,240,141,4,0.10479828,0.02244119,0.04150452,0E-8,0.000000,0.902668,0.011910,-0.02129501,2026-03-22,2026-08-05,112,5695,2177,137,0.817518,0.739886,0.767145,0.349328,,,,,,,,GLOBAL_BASELINE_NO_ENTITY_RANKING,,,NOT_APPLICABLE_GLOBAL_BASELINE,HF9g-P5,,,,X 全窗基线 · 不参与实体赏罚,14194373,1420,A168_HF9F_20260827_0900,2026-08-27 09:00:00
2026-04-09,110249610,1330,0,6.8170972800,-6.8170972800,-6.8170972800,0E-7,1,1,0.50665070000000000,0.506650700000,-1.013391052207602,-1.013391052207602,-1.013391052207602,0E-17,ELIGIBLE,R03b_20260811_FULL_v1,L1_ELIGIBILITY,v2026-08-11,2026-03-21..2026-08-06,baccarat_bet02_101_all_pairs_incl_sentinel,round_win = game_pnl > 0 (decisive only),COMPATIBILITY_ONLY_NOT_PRODUCTION,296357.1217,267511.9505,6650.6079,18220,18206,-0.02244119,-0.04150452,-0.02020951,-0.02244119,-6650.6079,296357.1217,OK,0.0000,266.0243,4.0000,96.0000,AG03-UNRESOLVED,ALL5_LEVELS_bet23_to_bet27,266.0243,266.0243,266.0243,332.5304,332.5304,4.000000,4.000000,4.000000,5.000000,5.000000,96.000000,96.000000,96.000000,95.000000,95.000000,5.0,1463.1337,1340.2688,5187.4742,5310.3391,PENDING_AG03,FALSE,NOT_FOR_ENFORCEMENT,6384.5836,256811.4724,6650.6079,6384.5836,266.0243,0.02244119,0.02154355,266.0243,6384.5836,0.02154355,266.0243,266.0243,266.0243,332.5304,332.5304,6384.5836,0.02154355,1463.1337,1340.2688,5187.4742,5310.3391,0.01750413,0.01791872,0.00089765,16.2655,14.6936,0.3653,59.3804,1.1678,2646.0457,162.5536,12.4780,16.8648,9.0895,16.5695,22.0926,29.825,33.4482,44.5976,11.8163,0.0,2.018664,2.691552,0.981654,30,240,141,4,0.10479828,0.02244119,0.04150452,0E-8,0.000000,0.902668,0.011910,-0.02129501,2026-03-22,2026-08-05,112,5695,2177,137,0.817518,0.739886,0.767145,0.349328,,,,,,,,GLOBAL_BASELINE_NO_ENTITY_RANKING,,,NOT_APPLICABLE_GLOBAL_BASELINE,HF9g-P5,,,,X 全窗基线 · 不参与实体赏罚,14194374,1420,A168_HF9F_20260827_0900,2026-08-27 09:00:00
2026-04-09,110249610,1353,0,5.6809144000,-5.6809144000,-5.6809144000,0E-7,1,1,0.49324550000000000,0.493245500000,-0.9865810262130424,-0.9865810262130424,-0.9865810262130424,0E-17,ELIGIBLE,R03b_20260811_FULL_v1,L1_ELIGIBILITY,v2026-08-11,2026-03-21..2026-08-06,baccarat_bet02_101_all_pairs_incl_sentinel,round_win = game_pnl > 0 (decisive only),COMPATIBILITY_ONLY_NOT_PRODUCTION,296357.1217,267511.9505,6650.6079,18220,18206,-0.02244119,-0.04150452,-0.02020951,-0.02244119,-6650.6079,296357.1217,OK,0.0000,266.0243,4.0000,96.0000,AG03-UNRESOLVED,ALL5_LEVELS_bet23_to_bet27,266.0243,266.0243,266.0243,332.5304,332.5304,4.000000,4.000000,4.000000,5.000000,5.000000,96.000000,96.000000,96.000000,95.000000,95.000000,5.0,1463.1337,1340.2688,5187.4742,5310.3391,PENDING_AG03,FALSE,NOT_FOR_ENFORCEMENT,6384.5836,256811.4724,6650.6079,6384.5836,266.0243,0.02244119,0.02154355,266.0243,6384.5836,0.02154355,266.0243,266.0243,266.0243,332.5304,332.5304,6384.5836,0.02154355,1463.1337,1340.2688,5187.4742,5310.3391,0.01750413,0.01791872,0.00089765,16.2655,14.6936,0.3653,59.3804,1.1678,2646.0457,162.5536,12.4780,16.8648,9.0895,16.5695,22.0926,29.825,33.4482,44.5976,11.8163,0.0,2.018664,2.691552,0.981654,30,240,141,4,0.10479828,0.02244119,0.04150452,0E-8,0.000000,0.902668,0.011910,-0.02129501,2026-03-22,2026-08-05,112,5695,2177,137,0.817518,0.739886,0.767145,0.349328,,,,,,,,GLOBAL_BASELINE_NO_ENTITY_RANKING,,,NOT_APPLICABLE_GLOBAL_BASELINE,HF9g-P5,,,,X 全窗基线 · 不参与实体赏罚,14194375,1420,A168_HF9F_20260827_0900,2026-08-27 09:00:00
2026-04-09,110249610,1374,0,94.1895607520,48.9694821280,48.9694821280,0.8000000,11,11,0.50055742727272727,0.500557427273,1.8938422934068808,1.8938422934051573,1.8938422934068808,-2.7273E-13,ELIGIBLE,R03b_20260811_FULL_v1,L1_ELIGIBILITY,v2026-08-11,2026-03-21..2026-08-06,baccarat_bet02_101_all_pairs_incl_sentinel,round_win = game_pnl > 0 (decisive only),COMPATIBILITY_ONLY_NOT_PRODUCTION,296357.1217,267511.9505,6650.6079,18220,18206,-0.02244119,-0.04150452,-0.02020951,-0.02244119,-6650.6079,296357.1217,OK,0.0000,266.0243,4.0000,96.0000,AG03-UNRESOLVED,ALL5_LEVELS_bet23_to_bet27,266.0243,266.0243,266.0243,332.5304,332.5304,4.000000,4.000000,4.000000,5.000000,5.000000,96.000000,96.000000,96.000000,95.000000,95.000000,5.0,1463.1337,1340.2688,5187.4742,5310.3391,PENDING_AG03,FALSE,NOT_FOR_ENFORCEMENT,6384.5836,256811.4724,6650.6079,6384.5836,266.0243,0.02244119,0.02154355,266.0243,6384.5836,0.02154355,266.0243,266.0243,266.0243,332.5304,332.5304,6384.5836,0.02154355,1463.1337,1340.2688,5187.4742,5310.3391,0.01750413,0.01791872,0.00089765,16.2655,14.6936,0.3653,59.3804,1.1678,2646.0457,162.5536,12.4780,16.8648,9.0895,16.5695,22.0926,29.825,33.4482,44.5976,11.8163,0.0,2.018664,2.691552,0.981654,30,240,141,4,0.10479828,0.02244119,0.04150452,0E-8,0.000000,0.902668,0.011910,-0.02129501,2026-03-22,2026-08-05,112,5695,2177,137,0.817518,0.739886,0.767145,0.349328,,,,,,,,GLOBAL_BASELINE_NO_ENTITY_RANKING,,,NOT_APPLICABLE_GLOBAL_BASELINE,HF9g-P5,,,,X 全窗基线 · 不参与实体赏罚,14194376,1420,A168_HF9F_20260827_0900,2026-08-27 09:00:00
2026-04-09,110249610,1382,0,38.6302179200,2.2723657600,2.2723657600,0.5000000,6,6,0.49324550000000000,0.493245500000,0.03309317671092531,0.03309317671092531,0.03309317671092531,0E-17,ELIGIBLE,R03b_20260811_FULL_v1,L1_ELIGIBILITY,v2026-08-11,2026-03-21..2026-08-06,baccarat_bet02_101_all_pairs_incl_sentinel,round_win = game_pnl > 0 (decisive only),COMPATIBILITY_ONLY_NOT_PRODUCTION,296357.1217,267511.9505,6650.6079,18220,18206,-0.02244119,-0.04150452,-0.02020951,-0.02244119,-6650.6079,296357.1217,OK,0.0000,266.0243,4.0000,96.0000,AG03-UNRESOLVED,ALL5_LEVELS_bet23_to_bet27,266.0243,266.0243,266.0243,332.5304,332.5304,4.000000,4.000000,4.000000,5.000000,5.000000,96.000000,96.000000,96.000000,95.000000,95.000000,5.0,1463.1337,1340.2688,5187.4742,5310.3391,PENDING_AG03,FALSE,NOT_FOR_ENFORCEMENT,6384.5836,256811.4724,6650.6079,6384.5836,266.0243,0.02244119,0.02154355,266.0243,6384.5836,0.02154355,266.0243,266.0243,266.0243,332.5304,332.5304,6384.5836,0.02154355,1463.1337,1340.2688,5187.4742,5310.3391,0.01750413,0.01791872,0.00089765,16.2655,14.6936,0.3653,59.3804,1.1678,2646.0457,162.5536,12.4780,16.8648,9.0895,16.5695,22.0926,29.825,33.4482,44.5976,11.8163,0.0,2.018664,2.691552,0.981654,30,240,141,4,0.10479828,0.02244119,0.04150452,0E-8,0.000000,0.902668,0.011910,-0.02129501,2026-03-22,2026-08-05,112,5695,2177,137,0.817518,0.739886,0.767145,0.349328,,,,,,,,GLOBAL_BASELINE_NO_ENTITY_RANKING,,,NOT_APPLICABLE_GLOBAL_BASELINE,HF9g-P5,,,,X 全窗基线 · 不参与实体赏罚,14194377,1420,A168_HF9F_20260827_0900,2026-08-27 09:00:00
2026-04-09,110249610,1385,0,13.6341945600,-13.6341945600,-13.6341945600,0E-7,2,2,0.50665070000000000,0.506650700000,-1.4331513700195317,-1.4331513700195317,-1.4331513700195317,0E-17,ELIGIBLE,R03b_20260811_FULL_v1,L1_ELIGIBILITY,v2026-08-11,2026-03-21..2026-08-06,baccarat_bet02_101_all_pairs_incl_sentinel,round_win = game_pnl > 0 (decisive only),COMPATIBILITY_ONLY_NOT_PRODUCTION,296357.1217,267511.9505,6650.6079,18220,18206,-0.02244119,-0.04150452,-0.02020951,-0.02244119,-6650.6079,296357.1217,OK,0.0000,266.0243,4.0000,96.0000,AG03-UNRESOLVED,ALL5_LEVELS_bet23_to_bet27,266.0243,266.0243,266.0243,332.5304,332.5304,4.000000,4.000000,4.000000,5.000000,5.000000,96.000000,96.000000,96.000000,95.000000,95.000000,5.0,1463.1337,1340.2688,5187.4742,5310.3391,PENDING_AG03,FALSE,NOT_FOR_ENFORCEMENT,6384.5836,256811.4724,6650.6079,6384.5836,266.0243,0.02244119,0.02154355,266.0243,6384.5836,0.02154355,266.0243,266.0243,266.0243,332.5304,332.5304,6384.5836,0.02154355,1463.1337,1340.2688,5187.4742,5310.3391,0.01750413,0.01791872,0.00089765,16.2655,14.6936,0.3653,59.3804,1.1678,2646.0457,162.5536,12.4780,16.8648,9.0895,16.5695,22.0926,29.825,33.4482,44.5976,11.8163,0.0,2.018664,2.691552,0.981654,30,240,141,4,0.10479828,0.02244119,0.04150452,0E-8,0.000000,0.902668,0.011910,-0.02129501,2026-03-22,2026-08-05,112,5695,2177,137,0.817518,0.739886,0.767145,0.349328,,,,,,,,GLOBAL_BASELINE_NO_ENTITY_RANKING,,,NOT_APPLICABLE_GLOBAL_BASELINE,HF9g-P5,,,,X 全窗基线 · 不参与实体赏罚,14194378,1420,A168_HF9F_20260827_0900,2026-08-27 09:00:00
2026-04-09,110249610,1396,0,154.8617265437,-4.8628627263,-4.8628627263,0.5000000,13,13,0.49943251538461538,0.499432515385,0.003931651277728624,0.003931651275063894,0.003931651277728624,-3.8462E-13,ELIGIBLE,R03b_20260811_FULL_v1,L1_ELIGIBILITY,v2026-08-11,2026-03-21..2026-08-06,baccarat_bet02_101_all_pairs_incl_sentinel,round_win = game_pnl > 0 (decisive only),COMPATIBILITY_ONLY_NOT_PRODUCTION,296357.1217,267511.9505,6650.6079,18220,18206,-0.02244119,-0.04150452,-0.02020951,-0.02244119,-6650.6079,296357.1217,OK,0.0000,266.0243,4.0000,96.0000,AG03-UNRESOLVED,ALL5_LEVELS_bet23_to_bet27,266.0243,266.0243,266.0243,332.5304,332.5304,4.000000,4.000000,4.000000,5.000000,5.000000,96.000000,96.000000,96.000000,95.000000,95.000000,5.0,1463.1337,1340.2688,5187.4742,5310.3391,PENDING_AG03,FALSE,NOT_FOR_ENFORCEMENT,6384.5836,256811.4724,6650.6079,6384.5836,266.0243,0.02244119,0.02154355,266.0243,6384.5836,0.02154355,266.0243,266.0243,266.0243,332.5304,332.5304,6384.5836,0.02154355,1463.1337,1340.2688,5187.4742,5310.3391,0.01750413,0.01791872,0.00089765,16.2655,14.6936,0.3653,59.3804,1.1678,2646.0457,162.5536,12.4780,16.8648,9.0895,16.5695,22.0926,29.825,33.4482,44.5976,11.8163,0.0,2.018664,2.691552,0.981654,30,240,141,4,0.10479828,0.02244119,0.04150452,0E-8,0.000000,0.902668,0.011910,-0.02129501,2026-03-22,2026-08-05,112,5695,2177,137,0.817518,0.739886,0.767145,0.349328,,,,,,,,GLOBAL_BASELINE_NO_ENTITY_RANKING,,,NOT_APPLICABLE_GLOBAL_BASELINE,HF9g-P5,,,,X 全窗基线 · 不参与实体赏罚,14194379,1420,A168_HF9F_20260827_0900,2026-08-27 09:00:00
2026-04-09,110249610,1399,0,29.5407548799,-20.6785284159,-20.6785284159,0.3333333,3,3,0.50218230000000000,0.502182300000,-0.5849155494134425,-0.5849155494134426,-0.5849155494134425,0E-17,ELIGIBLE,R03b_20260811_FULL_v1,L1_ELIGIBILITY,v2026-08-11,2026-03-21..2026-08-06,baccarat_bet02_101_all_pairs_incl_sentinel,round_win = game_pnl > 0 (decisive only),COMPATIBILITY_ONLY_NOT_PRODUCTION,296357.1217,267511.9505,6650.6079,18220,18206,-0.02244119,-0.04150452,-0.02020951,-0.02244119,-6650.6079,296357.1217,OK,0.0000,266.0243,4.0000,96.0000,AG03-UNRESOLVED,ALL5_LEVELS_bet23_to_bet27,266.0243,266.0243,266.0243,332.5304,332.5304,4.000000,4.000000,4.000000,5.000000,5.000000,96.000000,96.000000,96.000000,95.000000,95.000000,5.0,1463.1337,1340.2688,5187.4742,5310.3391,PENDING_AG03,FALSE,NOT_FOR_ENFORCEMENT,6384.5836,256811.4724,6650.6079,6384.5836,266.0243,0.02244119,0.02154355,266.0243,6384.5836,0.02154355,266.0243,266.0243,266.0243,332.5304,332.5304,6384.5836,0.02154355,1463.1337,1340.2688,5187.4742,5310.3391,0.01750413,0.01791872,0.00089765,16.2655,14.6936,0.3653,59.3804,1.1678,2646.0457,162.5536,12.4780,16.8648,9.0895,16.5695,22.0926,29.825,33.4482,44.5976,11.8163,0.0,2.018664,2.691552,0.981654,30,240,141,4,0.10479828,0.02244119,0.04150452,0E-8,0.000000,0.902668,0.011910,-0.02129501,2026-03-22,2026-08-05,112,5695,2177,137,0.817518,0.739886,0.767145,0.349328,,,,,,,,GLOBAL_BASELINE_NO_ENTITY_RANKING,,,NOT_APPLICABLE_GLOBAL_BASELINE,HF9g-P5,,,,X 全窗基线 · 不参与实体赏罚,14194380,1420,A168_HF9F_20260827_0900,2026-08-27 09:00:00
2026-04-09,110249610,1402,0,22.7236576000,-4.9992046720,-4.9992046720,0.3333333,3,3,0.50218230000000000,0.502182300000,-0.5849155494134425,-0.5849155494134426,-0.5849155494134425,0E-17,ELIGIBLE,R03b_20260811_FULL_v1,L1_ELIGIBILITY,v2026-08-11,2026-03-21..2026-08-06,baccarat_bet02_101_all_pairs_incl_sentinel,round_win = game_pnl > 0 (decisive only),COMPATIBILITY_ONLY_NOT_PRODUCTION,296357.1217,267511.9505,6650.6079,18220,18206,-0.02244119,-0.04150452,-0.02020951,-0.02244119,-6650.6079,296357.1217,OK,0.0000,266.0243,4.0000,96.0000,AG03-UNRESOLVED,ALL5_LEVELS_bet23_to_bet27,266.0243,266.0243,266.0243,332.5304,332.5304,4.000000,4.000000,4.000000,5.000000,5.000000,96.000000,96.000000,96.000000,95.000000,95.000000,5.0,1463.1337,1340.2688,5187.4742,5310.3391,PENDING_AG03,FALSE,NOT_FOR_ENFORCEMENT,6384.5836,256811.4724,6650.6079,6384.5836,266.0243,0.02244119,0.02154355,266.0243,6384.5836,0.02154355,266.0243,266.0243,266.0243,332.5304,332.5304,6384.5836,0.02154355,1463.1337,1340.2688,5187.4742,5310.3391,0.01750413,0.01791872,0.00089765,16.2655,14.6936,0.3653,59.3804,1.1678,2646.0457,162.5536,12.4780,16.8648,9.0895,16.5695,22.0926,29.825,33.4482,44.5976,11.8163,0.0,2.018664,2.691552,0.981654,30,240,141,4,0.10479828,0.02244119,0.04150452,0E-8,0.000000,0.902668,0.011910,-0.02129501,2026-03-22,2026-08-05,112,5695,2177,137,0.817518,0.739886,0.767145,0.349328,,,,,,,,GLOBAL_BASELINE_NO_ENTITY_RANKING,,,NOT_APPLICABLE_GLOBAL_BASELINE,HF9g-P5,,,,X 全窗基线 · 不参与实体赏罚,14194381,1420,A168_HF9F_20260827_0900,2026-08-27 09:00:00
2026-04-09,110249610,1405,0,15.9065603200,-0.3408548640,-0.3408548640,0.6666667,4,4,0.50665070000000000,0.506650700000,0.5543606114942035,0.5543606114942035,0.5543606114942035,0E-17,ELIGIBLE,R03b_20260811_FULL_v1,L1_ELIGIBILITY,v2026-08-11,2026-03-21..2026-08-06,baccarat_bet02_101_all_pairs_incl_sentinel,round_win = game_pnl > 0 (decisive only),COMPATIBILITY_ONLY_NOT_PRODUCTION,296357.1217,267511.9505,6650.6079,18220,18206,-0.02244119,-0.04150452,-0.02020951,-0.02244119,-6650.6079,296357.1217,OK,0.0000,266.0243,4.0000,96.0000,AG03-UNRESOLVED,ALL5_LEVELS_bet23_to_bet27,266.0243,266.0243,266.0243,332.5304,332.5304,4.000000,4.000000,4.000000,5.000000,5.000000,96.000000,96.000000,96.000000,95.000000,95.000000,5.0,1463.1337,1340.2688,5187.4742,5310.3391,PENDING_AG03,FALSE,NOT_FOR_ENFORCEMENT,6384.5836,256811.4724,6650.6079,6384.5836,266.0243,0.02244119,0.02154355,266.0243,6384.5836,0.02154355,266.0243,266.0243,266.0243,332.5304,332.5304,6384.5836,0.02154355,1463.1337,1340.2688,5187.4742,5310.3391,0.01750413,0.01791872,0.00089765,16.2655,14.6936,0.3653,59.3804,1.1678,2646.0457,162.5536,12.4780,16.8648,9.0895,16.5695,22.0926,29.825,33.4482,44.5976,11.8163,0.0,2.018664,2.691552,0.981654,30,240,141,4,0.10479828,0.02244119,0.04150452,0E-8,0.000000,0.902668,0.011910,-0.02129501,2026-03-22,2026-08-05,112,5695,2177,137,0.817518,0.739886,0.767145,0.349328,,,,,,,,GLOBAL_BASELINE_NO_ENTITY_RANKING,,,NOT_APPLICABLE_GLOBAL_BASELINE,HF9g-P5,,,,X 全窗基线 · 不参与实体赏罚,14194382,1420,A168_HF9F_20260827_0900,2026-08-27 09:00:00
2026-04-09,110249610,1485,0,45.4473151999,-11.3618287999,-11.3618287999,0.5000000,4,4,0.49659680000000000,0.496596800000,0.013613115331600182,0.013613115331600183,0.013613115331600182,0E-17,ELIGIBLE,R03b_20260811_FULL_v1,L1_ELIGIBILITY,v2026-08-11,2026-03-21..2026-08-06,baccarat_bet02_101_all_pairs_incl_sentinel,round_win = game_pnl > 0 (decisive only),COMPATIBILITY_ONLY_NOT_PRODUCTION,296357.1217,267511.9505,6650.6079,18220,18206,-0.02244119,-0.04150452,-0.02020951,-0.02244119,-6650.6079,296357.1217,OK,0.0000,266.0243,4.0000,96.0000,AG03-UNRESOLVED,ALL5_LEVELS_bet23_to_bet27,266.0243,266.0243,266.0243,332.5304,332.5304,4.000000,4.000000,4.000000,5.000000,5.000000,96.000000,96.000000,96.000000,95.000000,95.000000,5.0,1463.1337,1340.2688,5187.4742,5310.3391,PENDING_AG03,FALSE,NOT_FOR_ENFORCEMENT,6384.5836,256811.4724,6650.6079,6384.5836,266.0243,0.02244119,0.02154355,266.0243,6384.5836,0.02154355,266.0243,266.0243,266.0243,332.5304,332.5304,6384.5836,0.02154355,1463.1337,1340.2688,5187.4742,5310.3391,0.01750413,0.01791872,0.00089765,16.2655,14.6936,0.3653,59.3804,1.1678,2646.0457,162.5536,12.4780,16.8648,9.0895,16.5695,22.0926,29.825,33.4482,44.5976,11.8163,0.0,2.018664,2.691552,0.981654,30,240,141,4,0.10479828,0.02244119,0.04150452,0E-8,0.000000,0.902668,0.011910,-0.02129501,2026-03-22,2026-08-05,112,5695,2177,137,0.817518,0.739886,0.767145,0.349328,,,,,,,,GLOBAL_BASELINE_NO_ENTITY_RANKING,,,NOT_APPLICABLE_GLOBAL_BASELINE,HF9g-P5,,,,X 全窗基线 · 不参与实体赏罚,14194383,1420,A168_HF9F_20260827_0900,2026-08-27 09:00:00
2026-04-09,110249610,1507,0,39.7664008000,-13.1797214080,-13.1797214080,0.3333333,6,6,0.50665070000000000,0.506650700000,-0.8491533462951141,-0.8491533462951141,-0.8491533462951141,0E-17,ELIGIBLE,R03b_20260811_FULL_v1,L1_ELIGIBILITY,v2026-08-11,2026-03-21..2026-08-06,baccarat_bet02_101_all_pairs_incl_sentinel,round_win = game_pnl > 0 (decisive only),COMPATIBILITY_ONLY_NOT_PRODUCTION,296357.1217,267511.9505,6650.6079,18220,18206,-0.02244119,-0.04150452,-0.02020951,-0.02244119,-6650.6079,296357.1217,OK,0.0000,266.0243,4.0000,96.0000,AG03-UNRESOLVED,ALL5_LEVELS_bet23_to_bet27,266.0243,266.0243,266.0243,332.5304,332.5304,4.000000,4.000000,4.000000,5.000000,5.000000,96.000000,96.000000,96.000000,95.000000,95.000000,5.0,1463.1337,1340.2688,5187.4742,5310.3391,PENDING_AG03,FALSE,NOT_FOR_ENFORCEMENT,6384.5836,256811.4724,6650.6079,6384.5836,266.0243,0.02244119,0.02154355,266.0243,6384.5836,0.02154355,266.0243,266.0243,266.0243,332.5304,332.5304,6384.5836,0.02154355,1463.1337,1340.2688,5187.4742,5310.3391,0.01750413,0.01791872,0.00089765,16.2655,14.6936,0.3653,59.3804,1.1678,2646.0457,162.5536,12.4780,16.8648,9.0895,16.5695,22.0926,29.825,33.4482,44.5976,11.8163,0.0,2.018664,2.691552,0.981654,30,240,141,4,0.10479828,0.02244119,0.04150452,0E-8,0.000000,0.902668,0.011910,-0.02129501,2026-03-22,2026-08-05,112,5695,2177,137,0.817518,0.739886,0.767145,0.349328,,,,,,,,GLOBAL_BASELINE_NO_ENTITY_RANKING,,,NOT_APPLICABLE_GLOBAL_BASELINE,HF9g-P5,,,,X 全窗基线 · 不参与实体赏罚,14194384,1420,A168_HF9F_20260827_0900,2026-08-27 09:00:00
2026-04-09,110249610,1509,0,48.8558638400,-21.8715204400,-21.8715204400,0.3333333,7,7,0.49899058571428571,0.498990585714,-0.8115531348621552,-0.8115531348607564,-0.8115531348621552,2.8571E-13,ELIGIBLE,R03b_20260811_FULL_v1,L1_ELIGIBILITY,v2026-08-11,2026-03-21..2026-08-06,baccarat_bet02_101_all_pairs_incl_sentinel,round_win = game_pnl > 0 (decisive only),COMPATIBILITY_ONLY_NOT_PRODUCTION,296357.1217,267511.9505,6650.6079,18220,18206,-0.02244119,-0.04150452,-0.02020951,-0.02244119,-6650.6079,296357.1217,OK,0.0000,266.0243,4.0000,96.0000,AG03-UNRESOLVED,ALL5_LEVELS_bet23_to_bet27,266.0243,266.0243,266.0243,332.5304,332.5304,4.000000,4.000000,4.000000,5.000000,5.000000,96.000000,96.000000,96.000000,95.000000,95.000000,5.0,1463.1337,1340.2688,5187.4742,5310.3391,PENDING_AG03,FALSE,NOT_FOR_ENFORCEMENT,6384.5836,256811.4724,6650.6079,6384.5836,266.0243,0.02244119,0.02154355,266.0243,6384.5836,0.02154355,266.0243,266.0243,266.0243,332.5304,332.5304,6384.5836,0.02154355,1463.1337,1340.2688,5187.4742,5310.3391,0.01750413,0.01791872,0.00089765,16.2655,14.6936,0.3653,59.3804,1.1678,2646.0457,162.5536,12.4780,16.8648,9.0895,16.5695,22.0926,29.825,33.4482,44.5976,11.8163,0.0,2.018664,2.691552,0.981654,30,240,141,4,0.10479828,0.02244119,0.04150452,0E-8,0.000000,0.902668,0.011910,-0.02129501,2026-03-22,2026-08-05,112,5695,2177,137,0.817518,0.739886,0.767145,0.349328,,,,,,,,GLOBAL_BASELINE_NO_ENTITY_RANKING,,,NOT_APPLICABLE_GLOBAL_BASELINE,HF9g-P5,,,,X 全窗基线 · 不参与实体赏罚,14194385,1420,A168_HF9F_20260827_0900,2026-08-27 09:00:00
2026-04-09,110249610,1646,0,27.2683891200,12.6116299680,12.6116299680,0.8000000,5,5,0.50665070000000000,0.506650700000,1.3120140225494112,1.3120140225494112,1.3120140225494112,0E-17,ELIGIBLE,R03b_20260811_FULL_v1,L1_ELIGIBILITY,v2026-08-11,2026-03-21..2026-08-06,baccarat_bet02_101_all_pairs_incl_sentinel,round_win = game_pnl > 0 (decisive only),COMPATIBILITY_ONLY_NOT_PRODUCTION,296357.1217,267511.9505,6650.6079,18220,18206,-0.02244119,-0.04150452,-0.02020951,-0.02244119,-6650.6079,296357.1217,OK,0.0000,266.0243,4.0000,96.0000,AG03-UNRESOLVED,ALL5_LEVELS_bet23_to_bet27,266.0243,266.0243,266.0243,332.5304,332.5304,4.000000,4.000000,4.000000,5.000000,5.000000,96.000000,96.000000,96.000000,95.000000,95.000000,5.0,1463.1337,1340.2688,5187.4742,5310.3391,PENDING_AG03,FALSE,NOT_FOR_ENFORCEMENT,6384.5836,256811.4724,6650.6079,6384.5836,266.0243,0.02244119,0.02154355,266.0243,6384.5836,0.02154355,266.0243,266.0243,266.0243,332.5304,332.5304,6384.5836,0.02154355,1463.1337,1340.2688,5187.4742,5310.3391,0.01750413,0.01791872,0.00089765,16.2655,14.6936,0.3653,59.3804,1.1678,2646.0457,162.5536,12.4780,16.8648,9.0895,16.5695,22.0926,29.825,33.4482,44.5976,11.8163,0.0,2.018664,2.691552,0.981654,30,240,141,4,0.10479828,0.02244119,0.04150452,0E-8,0.000000,0.902668,0.011910,-0.02129501,2026-03-22,2026-08-05,112,5695,2177,137,0.817518,0.739886,0.767145,0.349328,,,,,,,,GLOBAL_BASELINE_NO_ENTITY_RANKING,,,NOT_APPLICABLE_GLOBAL_BASELINE,HF9g-P5,,,,X 全窗基线 · 不参与实体赏罚,14194386,1420,A168_HF9F_20260827_0900,2026-08-27 09:00:00
2026-04-09,110249610,1702,0,38.6302179200,6.8170972800,6.8170972800,0.6000000,5,5,0.49324550000000000,0.493245500000,0.47746420675292983,0.47746420675292983,0.47746420675292983,0E-17,ELIGIBLE,R03b_20260811_FULL_v1,L1_ELIGIBILITY,v2026-08-11,2026-03-21..2026-08-06,baccarat_bet02_101_all_pairs_incl_sentinel,round_win = game_pnl > 0 (decisive only),COMPATIBILITY_ONLY_NOT_PRODUCTION,296357.1217,267511.9505,6650.6079,18220,18206,-0.02244119,-0.04150452,-0.02020951,-0.02244119,-6650.6079,296357.1217,OK,0.0000,266.0243,4.0000,96.0000,AG03-UNRESOLVED,ALL5_LEVELS_bet23_to_bet27,266.0243,266.0243,266.0243,332.5304,332.5304,4.000000,4.000000,4.000000,5.000000,5.000000,96.000000,96.000000,96.000000,95.000000,95.000000,5.0,1463.1337,1340.2688,5187.4742,5310.3391,PENDING_AG03,FALSE,NOT_FOR_ENFORCEMENT,6384.5836,256811.4724,6650.6079,6384.5836,266.0243,0.02244119,0.02154355,266.0243,6384.5836,0.02154355,266.0243,266.0243,266.0243,332.5304,332.5304,6384.5836,0.02154355,1463.1337,1340.2688,5187.4742,5310.3391,0.01750413,0.01791872,0.00089765,16.2655,14.6936,0.3653,59.3804,1.1678,2646.0457,162.5536,12.4780,16.8648,9.0895,16.5695,22.0926,29.825,33.4482,44.5976,11.8163,0.0,2.018664,2.691552,0.981654,30,240,141,4,0.10479828,0.02244119,0.04150452,0E-8,0.000000,0.902668,0.011910,-0.02129501,2026-03-22,2026-08-05,112,5695,2177,137,0.817518,0.739886,0.767145,0.349328,,,,,,,,GLOBAL_BASELINE_NO_ENTITY_RANKING,,,NOT_APPLICABLE_GLOBAL_BASELINE,HF9g-P5,,,,X 全窗基线 · 不参与实体赏罚,14194387,1420,A168_HF9F_20260827_0900,2026-08-27 09:00:00
2026-04-09,110249610,1710,0,60.7857840800,-11.2482105120,-11.2482105120,0.4000000,6,6,0.49771390000000000,0.497713900000,-0.4369944132040151,-0.436994413204015,-0.4369944132040151,0E-17,ELIGIBLE,R03b_20260811_FULL_v1,L1_ELIGIBILITY,v2026-08-11,2026-03-21..2026-08-06,baccarat_bet02_101_all_pairs_incl_sentinel,round_win = game_pnl > 0 (decisive only),COMPATIBILITY_ONLY_NOT_PRODUCTION,296357.1217,267511.9505,6650.6079,18220,18206,-0.02244119,-0.04150452,-0.02020951,-0.02244119,-6650.6079,296357.1217,OK,0.0000,266.0243,4.0000,96.0000,AG03-UNRESOLVED,ALL5_LEVELS_bet23_to_bet27,266.0243,266.0243,266.0243,332.5304,332.5304,4.000000,4.000000,4.000000,5.000000,5.000000,96.000000,96.000000,96.000000,95.000000,95.000000,5.0,1463.1337,1340.2688,5187.4742,5310.3391,PENDING_AG03,FALSE,NOT_FOR_ENFORCEMENT,6384.5836,256811.4724,6650.6079,6384.5836,266.0243,0.02244119,0.02154355,266.0243,6384.5836,0.02154355,266.0243,266.0243,266.0243,332.5304,332.5304,6384.5836,0.02154355,1463.1337,1340.2688,5187.4742,5310.3391,0.01750413,0.01791872,0.00089765,16.2655,14.6936,0.3653,59.3804,1.1678,2646.0457,162.5536,12.4780,16.8648,9.0895,16.5695,22.0926,29.825,33.4482,44.5976,11.8163,0.0,2.018664,2.691552,0.981654,30,240,141,4,0.10479828,0.02244119,0.04150452,0E-8,0.000000,0.902668,0.011910,-0.02129501,2026-03-22,2026-08-05,112,5695,2177,137,0.817518,0.739886,0.767145,0.349328,,,,,,,,GLOBAL_BASELINE_NO_ENTITY_RANKING,,,NOT_APPLICABLE_GLOBAL_BASELINE,HF9g-P5,,,,X 全窗基线 · 不参与实体赏罚,14194388,1420,A168_HF9F_20260827_0900,2026-08-27 09:00:00
2026-04-09,110249610,1714,0,30.1088463200,6.4478378440,6.4478378440,0.6666667,3,3,0.50665070000000000,0.506650700000,0.5543606114942035,0.5543606114942035,0.5543606114942035,0E-17,ELIGIBLE,R03b_20260811_FULL_v1,L1_ELIGIBILITY,v2026-08-11,2026-03-21..2026-08-06,baccarat_bet02_101_all_pairs_incl_sentinel,round_win = game_pnl > 0 (decisive only),COMPATIBILITY_ONLY_NOT_PRODUCTION,296357.1217,267511.9505,6650.6079,18220,18206,-0.02244119,-0.04150452,-0.02020951,-0.02244119,-6650.6079,296357.1217,OK,0.0000,266.0243,4.0000,96.0000,AG03-UNRESOLVED,ALL5_LEVELS_bet23_to_bet27,266.0243,266.0243,266.0243,332.5304,332.5304,4.000000,4.000000,4.000000,5.000000,5.000000,96.000000,96.000000,96.000000,95.000000,95.000000,5.0,1463.1337,1340.2688,5187.4742,5310.3391,PENDING_AG03,FALSE,NOT_FOR_ENFORCEMENT,6384.5836,256811.4724,6650.6079,6384.5836,266.0243,0.02244119,0.02154355,266.0243,6384.5836,0.02154355,266.0243,266.0243,266.0243,332.5304,332.5304,6384.5836,0.02154355,1463.1337,1340.2688,5187.4742,5310.3391,0.01750413,0.01791872,0.00089765,16.2655,14.6936,0.3653,59.3804,1.1678,2646.0457,162.5536,12.4780,16.8648,9.0895,16.5695,22.0926,29.825,33.4482,44.5976,11.8163,0.0,2.018664,2.691552,0.981654,30,240,141,4,0.10479828,0.02244119,0.04150452,0E-8,0.000000,0.902668,0.011910,-0.02129501,2026-03-22,2026-08-05,112,5695,2177,137,0.817518,0.739886,0.767145,0.349328,,,,,,,,GLOBAL_BASELINE_NO_ENTITY_RANKING,,,NOT_APPLICABLE_GLOBAL_BASELINE,HF9g-P5,,,,X 全窗基线 · 不参与实体赏罚,14194389,1420,A168_HF9F_20260827_0900,2026-08-27 09:00:00
2026-04-09,110249610,1750,0,26.7002976800,-13.4069579840,-13.4069579840,0.2500000,4,4,0.50329940000000000,0.503299400000,-1.013219660140378,-1.013219660140378,-1.013219660140378,0E-17,ELIGIBLE,R03b_20260811_FULL_v1,L1_ELIGIBILITY,v2026-08-11,2026-03-21..2026-08-06,baccarat_bet02_101_all_pairs_incl_sentinel,round_win = game_pnl > 0 (decisive only),COMPATIBILITY_ONLY_NOT_PRODUCTION,296357.1217,267511.9505,6650.6079,18220,18206,-0.02244119,-0.04150452,-0.02020951,-0.02244119,-6650.6079,296357.1217,OK,0.0000,266.0243,4.0000,96.0000,AG03-UNRESOLVED,ALL5_LEVELS_bet23_to_bet27,266.0243,266.0243,266.0243,332.5304,332.5304,4.000000,4.000000,4.000000,5.000000,5.000000,96.000000,96.000000,96.000000,95.000000,95.000000,5.0,1463.1337,1340.2688,5187.4742,5310.3391,PENDING_AG03,FALSE,NOT_FOR_ENFORCEMENT,6384.5836,256811.4724,6650.6079,6384.5836,266.0243,0.02244119,0.02154355,266.0243,6384.5836,0.02154355,266.0243,266.0243,266.0243,332.5304,332.5304,6384.5836,0.02154355,1463.1337,1340.2688,5187.4742,5310.3391,0.01750413,0.01791872,0.00089765,16.2655,14.6936,0.3653,59.3804,1.1678,2646.0457,162.5536,12.4780,16.8648,9.0895,16.5695,22.0926,29.825,33.4482,44.5976,11.8163,0.0,2.018664,2.691552,0.981654,30,240,141,4,0.10479828,0.02244119,0.04150452,0E-8,0.000000,0.902668,0.011910,-0.02129501,2026-03-22,2026-08-05,112,5695,2177,137,0.817518,0.739886,0.767145,0.349328,,,,,,,,GLOBAL_BASELINE_NO_ENTITY_RANKING,,,NOT_APPLICABLE_GLOBAL_BASELINE,HF9g-P5,,,,X 全窗基线 · 不参与实体赏罚,14194390,1420,A168_HF9F_20260827_0900,2026-08-27 09:00:00
2026-04-09,110249610,1935,0,36.5850887360,10.5551389552,10.5551389552,0.8000000,6,6,0.50665070000000000,0.506650700000,1.3120140225494112,1.3120140225494112,1.3120140225494112,0E-17,ELIGIBLE,R03b_20260811_FULL_v1,L1_ELIGIBILITY,v2026-08-11,2026-03-21..2026-08-06,baccarat_bet02_101_all_pairs_incl_sentinel,round_win = game_pnl > 0 (decisive only),COMPATIBILITY_ONLY_NOT_PRODUCTION,296357.1217,267511.9505,6650.6079,18220,18206,-0.02244119,-0.04150452,-0.02020951,-0.02244119,-6650.6079,296357.1217,OK,0.0000,266.0243,4.0000,96.0000,AG03-UNRESOLVED,ALL5_LEVELS_bet23_to_bet27,266.0243,266.0243,266.0243,332.5304,332.5304,4.000000,4.000000,4.000000,5.000000,5.000000,96.000000,96.000000,96.000000,95.000000,95.000000,5.0,1463.1337,1340.2688,5187.4742,5310.3391,PENDING_AG03,FALSE,NOT_FOR_ENFORCEMENT,6384.5836,256811.4724,6650.6079,6384.5836,266.0243,0.02244119,0.02154355,266.0243,6384.5836,0.02154355,266.0243,266.0243,266.0243,332.5304,332.5304,6384.5836,0.02154355,1463.1337,1340.2688,5187.4742,5310.3391,0.01750413,0.01791872,0.00089765,16.2655,14.6936,0.3653,59.3804,1.1678,2646.0457,162.5536,12.4780,16.8648,9.0895,16.5695,22.0926,29.825,33.4482,44.5976,11.8163,0.0,2.018664,2.691552,0.981654,30,240,141,4,0.10479828,0.02244119,0.04150452,0E-8,0.000000,0.902668,0.011910,-0.02129501,2026-03-22,2026-08-05,112,5695,2177,137,0.817518,0.739886,0.767145,0.349328,,,,,,,,GLOBAL_BASELINE_NO_ENTITY_RANKING,,,NOT_APPLICABLE_GLOBAL_BASELINE,HF9g-P5,,,,X 全窗基线 · 不参与实体赏罚,14194391,1420,A168_HF9F_20260827_0900,2026-08-27 09:00:00
2026-04-09,110249610,1941,0,53.4005953599,-8.4077533119,-8.4077533119,0.5000000,5,5,0.49860758000000000,0.498607580000,0.005569701597489473,0.005569701597489473,0.005569701597489473,0E-17,ELIGIBLE,R03b_20260811_FULL_v1,L1_ELIGIBILITY,v2026-08-11,2026-03-21..2026-08-06,baccarat_bet02_101_all_pairs_incl_sentinel,round_win = game_pnl > 0 (decisive only),COMPATIBILITY_ONLY_NOT_PRODUCTION,296357.1217,267511.9505,6650.6079,18220,18206,-0.02244119,-0.04150452,-0.02020951,-0.02244119,-6650.6079,296357.1217,OK,0.0000,266.0243,4.0000,96.0000,AG03-UNRESOLVED,ALL5_LEVELS_bet23_to_bet27,266.0243,266.0243,266.0243,332.5304,332.5304,4.000000,4.000000,4.000000,5.000000,5.000000,96.000000,96.000000,96.000000,95.000000,95.000000,5.0,1463.1337,1340.2688,5187.4742,5310.3391,PENDING_AG03,FALSE,NOT_FOR_ENFORCEMENT,6384.5836,256811.4724,6650.6079,6384.5836,266.0243,0.02244119,0.02154355,266.0243,6384.5836,0.02154355,266.0243,266.0243,266.0243,332.5304,332.5304,6384.5836,0.02154355,1463.1337,1340.2688,5187.4742,5310.3391,0.01750413,0.01791872,0.00089765,16.2655,14.6936,0.3653,59.3804,1.1678,2646.0457,162.5536,12.4780,16.8648,9.0895,16.5695,22.0926,29.825,33.4482,44.5976,11.8163,0.0,2.018664,2.691552,0.981654,30,240,141,4,0.10479828,0.02244119,0.04150452,0E-8,0.000000,0.902668,0.011910,-0.02129501,2026-03-22,2026-08-05,112,5695,2177,137,0.817518,0.739886,0.767145,0.349328,,,,,,,,GLOBAL_BASELINE_NO_ENTITY_RANKING,,,NOT_APPLICABLE_GLOBAL_BASELINE,HF9g-P5,,,,X 全窗基线 · 不参与实体赏罚,14194392,1420,A168_HF9F_20260827_0900,2026-08-27 09:00:00
2026-04-09,110249610,1942,0,90.8946303997,34.0854863999,34.0854863999,0.6250000,8,8,0.49324550000000000,0.493245500000,0.7453840200312067,0.7453840200312067,0.7453840200312067,0E-17,ELIGIBLE,R03b_20260811_FULL_v1,L1_ELIGIBILITY,v2026-08-11,2026-03-21..2026-08-06,baccarat_bet02_101_all_pairs_incl_sentinel,round_win = game_pnl > 0 (decisive only),COMPATIBILITY_ONLY_NOT_PRODUCTION,296357.1217,267511.9505,6650.6079,18220,18206,-0.02244119,-0.04150452,-0.02020951,-0.02244119,-6650.6079,296357.1217,OK,0.0000,266.0243,4.0000,96.0000,AG03-UNRESOLVED,ALL5_LEVELS_bet23_to_bet27,266.0243,266.0243,266.0243,332.5304,332.5304,4.000000,4.000000,4.000000,5.000000,5.000000,96.000000,96.000000,96.000000,95.000000,95.000000,5.0,1463.1337,1340.2688,5187.4742,5310.3391,PENDING_AG03,FALSE,NOT_FOR_ENFORCEMENT,6384.5836,256811.4724,6650.6079,6384.5836,266.0243,0.02244119,0.02154355,266.0243,6384.5836,0.02154355,266.0243,266.0243,266.0243,332.5304,332.5304,6384.5836,0.02154355,1463.1337,1340.2688,5187.4742,5310.3391,0.01750413,0.01791872,0.00089765,16.2655,14.6936,0.3653,59.3804,1.1678,2646.0457,162.5536,12.4780,16.8648,9.0895,16.5695,22.0926,29.825,33.4482,44.5976,11.8163,0.0,2.018664,2.691552,0.981654,30,240,141,4,0.10479828,0.02244119,0.04150452,0E-8,0.000000,0.902668,0.011910,-0.02129501,2026-03-22,2026-08-05,112,5695,2177,137,0.817518,0.739886,0.767145,0.349328,,,,,,,,GLOBAL_BASELINE_NO_ENTITY_RANKING,,,NOT_APPLICABLE_GLOBAL_BASELINE,HF9g-P5,,,,X 全窗基线 · 不参与实体赏罚,14194393,1420,A168_HF9F_20260827_0900,2026-08-27 09:00:00
2026-04-09,110249610,1947,0,36.3578521600,7.9532801600,7.9532801600,0.6666667,6,6,0.50665070000000000,0.506650700000,0.7839842952205449,0.7839842952205449,0.7839842952205449,0E-17,ELIGIBLE,R03b_20260811_FULL_v1,L1_ELIGIBILITY,v2026-08-11,2026-03-21..2026-08-06,baccarat_bet02_101_all_pairs_incl_sentinel,round_win = game_pnl > 0 (decisive only),COMPATIBILITY_ONLY_NOT_PRODUCTION,296357.1217,267511.9505,6650.6079,18220,18206,-0.02244119,-0.04150452,-0.02020951,-0.02244119,-6650.6079,296357.1217,OK,0.0000,266.0243,4.0000,96.0000,AG03-UNRESOLVED,ALL5_LEVELS_bet23_to_bet27,266.0243,266.0243,266.0243,332.5304,332.5304,4.000000,4.000000,4.000000,5.000000,5.000000,96.000000,96.000000,96.000000,95.000000,95.000000,5.0,1463.1337,1340.2688,5187.4742,5310.3391,PENDING_AG03,FALSE,NOT_FOR_ENFORCEMENT,6384.5836,256811.4724,6650.6079,6384.5836,266.0243,0.02244119,0.02154355,266.0243,6384.5836,0.02154355,266.0243,266.0243,266.0243,332.5304,332.5304,6384.5836,0.02154355,1463.1337,1340.2688,5187.4742,5310.3391,0.01750413,0.01791872,0.00089765,16.2655,14.6936,0.3653,59.3804,1.1678,2646.0457,162.5536,12.4780,16.8648,9.0895,16.5695,22.0926,29.825,33.4482,44.5976,11.8163,0.0,2.018664,2.691552,0.981654,30,240,141,4,0.10479828,0.02244119,0.04150452,0E-8,0.000000,0.902668,0.011910,-0.02129501,2026-03-22,2026-08-05,112,5695,2177,137,0.817518,0.739886,0.767145,0.349328,,,,,,,,GLOBAL_BASELINE_NO_ENTITY_RANKING,,,NOT_APPLICABLE_GLOBAL_BASELINE,HF9g-P5,,,,X 全窗基线 · 不参与实体赏罚,14194394,1420,A168_HF9F_20260827_0900,2026-08-27 09:00:00
2026-04-09,110249610,1957,0,11.3618288000,-2.3859840480,-2.3859840480,0.5000000,3,3,0.50218230000000000,0.502182300000,-0.00617253530718887,-0.00617253530718887,-0.00617253530718887,0E-17,ELIGIBLE,R03b_20260811_FULL_v1,L1_ELIGIBILITY,v2026-08-11,2026-03-21..2026-08-06,baccarat_bet02_101_all_pairs_incl_sentinel,round_win = game_pnl > 0 (decisive only),COMPATIBILITY_ONLY_NOT_PRODUCTION,296357.1217,267511.9505,6650.6079,18220,18206,-0.02244119,-0.04150452,-0.02020951,-0.02244119,-6650.6079,296357.1217,OK,0.0000,266.0243,4.0000,96.0000,AG03-UNRESOLVED,ALL5_LEVELS_bet23_to_bet27,266.0243,266.0243,266.0243,332.5304,332.5304,4.000000,4.000000,4.000000,5.000000,5.000000,96.000000,96.000000,96.000000,95.000000,95.000000,5.0,1463.1337,1340.2688,5187.4742,5310.3391,PENDING_AG03,FALSE,NOT_FOR_ENFORCEMENT,6384.5836,256811.4724,6650.6079,6384.5836,266.0243,0.02244119,0.02154355,266.0243,6384.5836,0.02154355,266.0243,266.0243,266.0243,332.5304,332.5304,6384.5836,0.02154355,1463.1337,1340.2688,5187.4742,5310.3391,0.01750413,0.01791872,0.00089765,16.2655,14.6936,0.3653,59.3804,1.1678,2646.0457,162.5536,12.4780,16.8648,9.0895,16.5695,22.0926,29.825,33.4482,44.5976,11.8163,0.0,2.018664,2.691552,0.981654,30,240,141,4,0.10479828,0.02244119,0.04150452,0E-8,0.000000,0.902668,0.011910,-0.02129501,2026-03-22,2026-08-05,112,5695,2177,137,0.817518,0.739886,0.767145,0.349328,,,,,,,,GLOBAL_BASELINE_NO_ENTITY_RANKING,,,NOT_APPLICABLE_GLOBAL_BASELINE,HF9g-P5,,,,X 全窗基线 · 不参与实体赏罚,14194395,1420,A168_HF9F_20260827_0900,2026-08-27 09:00:00
2026-04-09,110249610,1963,0,9.0894630400,-9.0894630400,-9.0894630400,0E-7,1,1,0.49324550000000000,0.493245500000,-0.9865810262130424,-0.9865810262130424,-0.9865810262130424,0E-17,ELIGIBLE,R03b_20260811_FULL_v1,L1_ELIGIBILITY,v2026-08-11,2026-03-21..2026-08-06,baccarat_bet02_101_all_pairs_incl_sentinel,round_win = game_pnl > 0 (decisive only),COMPATIBILITY_ONLY_NOT_PRODUCTION,296357.1217,267511.9505,6650.6079,18220,18206,-0.02244119,-0.04150452,-0.02020951,-0.02244119,-6650.6079,296357.1217,OK,0.0000,266.0243,4.0000,96.0000,AG03-UNRESOLVED,ALL5_LEVELS_bet23_to_bet27,266.0243,266.0243,266.0243,332.5304,332.5304,4.000000,4.000000,4.000000,5.000000,5.000000,96.000000,96.000000,96.000000,95.000000,95.000000,5.0,1463.1337,1340.2688,5187.4742,5310.3391,PENDING_AG03,FALSE,NOT_FOR_ENFORCEMENT,6384.5836,256811.4724,6650.6079,6384.5836,266.0243,0.02244119,0.02154355,266.0243,6384.5836,0.02154355,266.0243,266.0243,266.0243,332.5304,332.5304,6384.5836,0.02154355,1463.1337,1340.2688,5187.4742,5310.3391,0.01750413,0.01791872,0.00089765,16.2655,14.6936,0.3653,59.3804,1.1678,2646.0457,162.5536,12.4780,16.8648,9.0895,16.5695,22.0926,29.825,33.4482,44.5976,11.8163,0.0,2.018664,2.691552,0.981654,30,240,141,4,0.10479828,0.02244119,0.04150452,0E-8,0.000000,0.902668,0.011910,-0.02129501,2026-03-22,2026-08-05,112,5695,2177,137,0.817518,0.739886,0.767145,0.349328,,,,,,,,GLOBAL_BASELINE_NO_ENTITY_RANKING,,,NOT_APPLICABLE_GLOBAL_BASELINE,HF9g-P5,,,,X 全窗基线 · 不参与实体赏罚,14194396,1420,A168_HF9F_20260827_0900,2026-08-27 09:00:00
2026-04-09,110249610,1966,0,59.0815097600,15.9065603200,15.9065603200,0.7142857,8,8,0.49492115000000000,0.494921150000,1.1608280551280008,1.1608280551280008,1.1608280551280008,0E-17,ELIGIBLE,R03b_20260811_FULL_v1,L1_ELIGIBILITY,v2026-08-11,2026-03-21..2026-08-06,baccarat_bet02_101_all_pairs_incl_sentinel,round_win = game_pnl > 0 (decisive only),COMPATIBILITY_ONLY_NOT_PRODUCTION,296357.1217,267511.9505,6650.6079,18220,18206,-0.02244119,-0.04150452,-0.02020951,-0.02244119,-6650.6079,296357.1217,OK,0.0000,266.0243,4.0000,96.0000,AG03-UNRESOLVED,ALL5_LEVELS_bet23_to_bet27,266.0243,266.0243,266.0243,332.5304,332.5304,4.000000,4.000000,4.000000,5.000000,5.000000,96.000000,96.000000,96.000000,95.000000,95.000000,5.0,1463.1337,1340.2688,5187.4742,5310.3391,PENDING_AG03,FALSE,NOT_FOR_ENFORCEMENT,6384.5836,256811.4724,6650.6079,6384.5836,266.0243,0.02244119,0.02154355,266.0243,6384.5836,0.02154355,266.0243,266.0243,266.0243,332.5304,332.5304,6384.5836,0.02154355,1463.1337,1340.2688,5187.4742,5310.3391,0.01750413,0.01791872,0.00089765,16.2655,14.6936,0.3653,59.3804,1.1678,2646.0457,162.5536,12.4780,16.8648,9.0895,16.5695,22.0926,29.825,33.4482,44.5976,11.8163,0.0,2.018664,2.691552,0.981654,30,240,141,4,0.10479828,0.02244119,0.04150452,0E-8,0.000000,0.902668,0.011910,-0.02129501,2026-03-22,2026-08-05,112,5695,2177,137,0.817518,0.739886,0.767145,0.349328,,,,,,,,GLOBAL_BASELINE_NO_ENTITY_RANKING,,,NOT_APPLICABLE_GLOBAL_BASELINE,HF9g-P5,,,,X 全窗基线 · 不参与实体赏罚,14194397,1420,A168_HF9F_20260827_0900,2026-08-27 09:00:00
2026-04-09,110249610,1985,0,9.0894630400,-9.0894630400,-9.0894630400,0E-7,2,2,0.49994810000000000,0.499948100000,-1.4140667746232096,-1.4140667746232096,-1.4140667746232096,0E-17,ELIGIBLE,R03b_20260811_FULL_v1,L1_ELIGIBILITY,v2026-08-11,2026-03-21..2026-08-06,baccarat_bet02_101_all_pairs_incl_sentinel,round_win = game_pnl > 0 (decisive only),COMPATIBILITY_ONLY_NOT_PRODUCTION,296357.1217,267511.9505,6650.6079,18220,18206,-0.02244119,-0.04150452,-0.02020951,-0.02244119,-6650.6079,296357.1217,OK,0.0000,266.0243,4.0000,96.0000,AG03-UNRESOLVED,ALL5_LEVELS_bet23_to_bet27,266.0243,266.0243,266.0243,332.5304,332.5304,4.000000,4.000000,4.000000,5.000000,5.000000,96.000000,96.000000,96.000000,95.000000,95.000000,5.0,1463.1337,1340.2688,5187.4742,5310.3391,PENDING_AG03,FALSE,NOT_FOR_ENFORCEMENT,6384.5836,256811.4724,6650.6079,6384.5836,266.0243,0.02244119,0.02154355,266.0243,6384.5836,0.02154355,266.0243,266.0243,266.0243,332.5304,332.5304,6384.5836,0.02154355,1463.1337,1340.2688,5187.4742,5310.3391,0.01750413,0.01791872,0.00089765,16.2655,14.6936,0.3653,59.3804,1.1678,2646.0457,162.5536,12.4780,16.8648,9.0895,16.5695,22.0926,29.825,33.4482,44.5976,11.8163,0.0,2.018664,2.691552,0.981654,30,240,141,4,0.10479828,0.02244119,0.04150452,0E-8,0.000000,0.902668,0.011910,-0.02129501,2026-03-22,2026-08-05,112,5695,2177,137,0.817518,0.739886,0.767145,0.349328,,,,,,,,GLOBAL_BASELINE_NO_ENTITY_RANKING,,,NOT_APPLICABLE_GLOBAL_BASELINE,HF9g-P5,,,,X 全窗基线 · 不参与实体赏罚,14194398,1420,A168_HF9F_20260827_0900,2026-08-27 09:00:00
2026-04-09,110249610,2091,0,22.7236576000,0E-10,0E-10,0.5000000,2,2,0.49324550000000000,0.493245500000,0.01910635448239258,0.01910635448239258,0.01910635448239258,0E-17,ELIGIBLE,R03b_20260811_FULL_v1,L1_ELIGIBILITY,v2026-08-11,2026-03-21..2026-08-06,baccarat_bet02_101_all_pairs_incl_sentinel,round_win = game_pnl > 0 (decisive only),COMPATIBILITY_ONLY_NOT_PRODUCTION,296357.1217,267511.9505,6650.6079,18220,18206,-0.02244119,-0.04150452,-0.02020951,-0.02244119,-6650.6079,296357.1217,OK,0.0000,266.0243,4.0000,96.0000,AG03-UNRESOLVED,ALL5_LEVELS_bet23_to_bet27,266.0243,266.0243,266.0243,332.5304,332.5304,4.000000,4.000000,4.000000,5.000000,5.000000,96.000000,96.000000,96.000000,95.000000,95.000000,5.0,1463.1337,1340.2688,5187.4742,5310.3391,PENDING_AG03,FALSE,NOT_FOR_ENFORCEMENT,6384.5836,256811.4724,6650.6079,6384.5836,266.0243,0.02244119,0.02154355,266.0243,6384.5836,0.02154355,266.0243,266.0243,266.0243,332.5304,332.5304,6384.5836,0.02154355,1463.1337,1340.2688,5187.4742,5310.3391,0.01750413,0.01791872,0.00089765,16.2655,14.6936,0.3653,59.3804,1.1678,2646.0457,162.5536,12.4780,16.8648,9.0895,16.5695,22.0926,29.825,33.4482,44.5976,11.8163,0.0,2.018664,2.691552,0.981654,30,240,141,4,0.10479828,0.02244119,0.04150452,0E-8,0.000000,0.902668,0.011910,-0.02129501,2026-03-22,2026-08-05,112,5695,2177,137,0.817518,0.739886,0.767145,0.349328,,,,,,,,GLOBAL_BASELINE_NO_ENTITY_RANKING,,,NOT_APPLICABLE_GLOBAL_BASELINE,HF9g-P5,,,,X 全窗基线 · 不参与实体赏罚,14194399,1420,A168_HF9F_20260827_0900,2026-08-27 09:00:00
2026-04-09,110249610,2107,0,6.8170972800,-6.8170972800,-6.8170972800,0E-7,1,1,0.49324550000000000,0.493245500000,-0.9865810262130424,-0.9865810262130424,-0.9865810262130424,0E-17,ELIGIBLE,R03b_20260811_FULL_v1,L1_ELIGIBILITY,v2026-08-11,2026-03-21..2026-08-06,baccarat_bet02_101_all_pairs_incl_sentinel,round_win = game_pnl > 0 (decisive only),COMPATIBILITY_ONLY_NOT_PRODUCTION,296357.1217,267511.9505,6650.6079,18220,18206,-0.02244119,-0.04150452,-0.02020951,-0.02244119,-6650.6079,296357.1217,OK,0.0000,266.0243,4.0000,96.0000,AG03-UNRESOLVED,ALL5_LEVELS_bet23_to_bet27,266.0243,266.0243,266.0243,332.5304,332.5304,4.000000,4.000000,4.000000,5.000000,5.000000,96.000000,96.000000,96.000000,95.000000,95.000000,5.0,1463.1337,1340.2688,5187.4742,5310.3391,PENDING_AG03,FALSE,NOT_FOR_ENFORCEMENT,6384.5836,256811.4724,6650.6079,6384.5836,266.0243,0.02244119,0.02154355,266.0243,6384.5836,0.02154355,266.0243,266.0243,266.0243,332.5304,332.5304,6384.5836,0.02154355,1463.1337,1340.2688,5187.4742,5310.3391,0.01750413,0.01791872,0.00089765,16.2655,14.6936,0.3653,59.3804,1.1678,2646.0457,162.5536,12.4780,16.8648,9.0895,16.5695,22.0926,29.825,33.4482,44.5976,11.8163,0.0,2.018664,2.691552,0.981654,30,240,141,4,0.10479828,0.02244119,0.04150452,0E-8,0.000000,0.902668,0.011910,-0.02129501,2026-03-22,2026-08-05,112,5695,2177,137,0.817518,0.739886,0.767145,0.349328,,,,,,,,GLOBAL_BASELINE_NO_ENTITY_RANKING,,,NOT_APPLICABLE_GLOBAL_BASELINE,HF9g-P5,,,,X 全窗基线 · 不参与实体赏罚,14194400,1420,A168_HF9F_20260827_0900,2026-08-27 09:00:00
2026-04-09,110249610,2117,0,11.3618288000,-11.3618288000,-11.3618288000,0E-7,1,1,0.50665070000000000,0.506650700000,-1.013391052207602,-1.013391052207602,-1.013391052207602,0E-17,ELIGIBLE,R03b_20260811_FULL_v1,L1_ELIGIBILITY,v2026-08-11,2026-03-21..2026-08-06,baccarat_bet02_101_all_pairs_incl_sentinel,round_win = game_pnl > 0 (decisive only),COMPATIBILITY_ONLY_NOT_PRODUCTION,296357.1217,267511.9505,6650.6079,18220,18206,-0.02244119,-0.04150452,-0.02020951,-0.02244119,-6650.6079,296357.1217,OK,0.0000,266.0243,4.0000,96.0000,AG03-UNRESOLVED,ALL5_LEVELS_bet23_to_bet27,266.0243,266.0243,266.0243,332.5304,332.5304,4.000000,4.000000,4.000000,5.000000,5.000000,96.000000,96.000000,96.000000,95.000000,95.000000,5.0,1463.1337,1340.2688,5187.4742,5310.3391,PENDING_AG03,FALSE,NOT_FOR_ENFORCEMENT,6384.5836,256811.4724,6650.6079,6384.5836,266.0243,0.02244119,0.02154355,266.0243,6384.5836,0.02154355,266.0243,266.0243,266.0243,332.5304,332.5304,6384.5836,0.02154355,1463.1337,1340.2688,5187.4742,5310.3391,0.01750413,0.01791872,0.00089765,16.2655,14.6936,0.3653,59.3804,1.1678,2646.0457,162.5536,12.4780,16.8648,9.0895,16.5695,22.0926,29.825,33.4482,44.5976,11.8163,0.0,2.018664,2.691552,0.981654,30,240,141,4,0.10479828,0.02244119,0.04150452,0E-8,0.000000,0.902668,0.011910,-0.02129501,2026-03-22,2026-08-05,112,5695,2177,137,0.817518,0.739886,0.767145,0.349328,,,,,,,,GLOBAL_BASELINE_NO_ENTITY_RANKING,,,NOT_APPLICABLE_GLOBAL_BASELINE,HF9g-P5,,,,X 全窗基线 · 不参与实体赏罚,14194401,1420,A168_HF9F_20260827_0900,2026-08-27 09:00:00
2026-04-09,110249610,2127,0,43.1749494399,-25.5641148000,-25.5641148000,0E-7,4,4,0.49994810000000000,0.499948100000,-1.7318710300250217,-1.7318710300250217,-1.7318710300250217,0E-17,ELIGIBLE,R03b_20260811_FULL_v1,L1_ELIGIBILITY,v2026-08-11,2026-03-21..2026-08-06,baccarat_bet02_101_all_pairs_incl_sentinel,round_win = game_pnl > 0 (decisive only),COMPATIBILITY_ONLY_NOT_PRODUCTION,296357.1217,267511.9505,6650.6079,18220,18206,-0.02244119,-0.04150452,-0.02020951,-0.02244119,-6650.6079,296357.1217,OK,0.0000,266.0243,4.0000,96.0000,AG03-UNRESOLVED,ALL5_LEVELS_bet23_to_bet27,266.0243,266.0243,266.0243,332.5304,332.5304,4.000000,4.000000,4.000000,5.000000,5.000000,96.000000,96.000000,96.000000,95.000000,95.000000,5.0,1463.1337,1340.2688,5187.4742,5310.3391,PENDING_AG03,FALSE,NOT_FOR_ENFORCEMENT,6384.5836,256811.4724,6650.6079,6384.5836,266.0243,0.02244119,0.02154355,266.0243,6384.5836,0.02154355,266.0243,266.0243,266.0243,332.5304,332.5304,6384.5836,0.02154355,1463.1337,1340.2688,5187.4742,5310.3391,0.01750413,0.01791872,0.00089765,16.2655,14.6936,0.3653,59.3804,1.1678,2646.0457,162.5536,12.4780,16.8648,9.0895,16.5695,22.0926,29.825,33.4482,44.5976,11.8163,0.0,2.018664,2.691552,0.981654,30,240,141,4,0.10479828,0.02244119,0.04150452,0E-8,0.000000,0.902668,0.011910,-0.02129501,2026-03-22,2026-08-05,112,5695,2177,137,0.817518,0.739886,0.767145,0.349328,,,,,,,,GLOBAL_BASELINE_NO_ENTITY_RANKING,,,NOT_APPLICABLE_GLOBAL_BASELINE,HF9g-P5,,,,X 全窗基线 · 不参与实体赏罚,14194402,1420,A168_HF9F_20260827_0900,2026-08-27 09:00:00
2026-04-09,110249610,2130,0,17.0427432000,3.4085486400,3.4085486400,0.6666667,3,3,0.49324550000000000,0.493245500000,0.6008033672792107,0.6008033672792106,0.6008033672792107,0E-17,ELIGIBLE,R03b_20260811_FULL_v1,L1_ELIGIBILITY,v2026-08-11,2026-03-21..2026-08-06,baccarat_bet02_101_all_pairs_incl_sentinel,round_win = game_pnl > 0 (decisive only),COMPATIBILITY_ONLY_NOT_PRODUCTION,296357.1217,267511.9505,6650.6079,18220,18206,-0.02244119,-0.04150452,-0.02020951,-0.02244119,-6650.6079,296357.1217,OK,0.0000,266.0243,4.0000,96.0000,AG03-UNRESOLVED,ALL5_LEVELS_bet23_to_bet27,266.0243,266.0243,266.0243,332.5304,332.5304,4.000000,4.000000,4.000000,5.000000,5.000000,96.000000,96.000000,96.000000,95.000000,95.000000,5.0,1463.1337,1340.2688,5187.4742,5310.3391,PENDING_AG03,FALSE,NOT_FOR_ENFORCEMENT,6384.5836,256811.4724,6650.6079,6384.5836,266.0243,0.02244119,0.02154355,266.0243,6384.5836,0.02154355,266.0243,266.0243,266.0243,332.5304,332.5304,6384.5836,0.02154355,1463.1337,1340.2688,5187.4742,5310.3391,0.01750413,0.01791872,0.00089765,16.2655,14.6936,0.3653,59.3804,1.1678,2646.0457,162.5536,12.4780,16.8648,9.0895,16.5695,22.0926,29.825,33.4482,44.5976,11.8163,0.0,2.018664,2.691552,0.981654,30,240,141,4,0.10479828,0.02244119,0.04150452,0E-8,0.000000,0.902668,0.011910,-0.02129501,2026-03-22,2026-08-05,112,5695,2177,137,0.817518,0.739886,0.767145,0.349328,,,,,,,,GLOBAL_BASELINE_NO_ENTITY_RANKING,,,NOT_APPLICABLE_GLOBAL_BASELINE,HF9g-P5,,,,X 全窗基线 · 不参与实体赏罚,14194403,1420,A168_HF9F_20260827_0900,2026-08-27 09:00:00
2026-04-09,110249610,2134,0,109.7552662080,9.3166996160,9.3166996160,0.5833333,14,14,0.50090561428571429,0.500905614286,0.5710769260936263,0.5710769260916475,0.5710769260936263,-2.8571E-13,ELIGIBLE,R03b_20260811_FULL_v1,L1_ELIGIBILITY,v2026-08-11,2026-03-21..2026-08-06,baccarat_bet02_101_all_pairs_incl_sentinel,round_win = game_pnl > 0 (decisive only),COMPATIBILITY_ONLY_NOT_PRODUCTION,296357.1217,267511.9505,6650.6079,18220,18206,-0.02244119,-0.04150452,-0.02020951,-0.02244119,-6650.6079,296357.1217,OK,0.0000,266.0243,4.0000,96.0000,AG03-UNRESOLVED,ALL5_LEVELS_bet23_to_bet27,266.0243,266.0243,266.0243,332.5304,332.5304,4.000000,4.000000,4.000000,5.000000,5.000000,96.000000,96.000000,96.000000,95.000000,95.000000,5.0,1463.1337,1340.2688,5187.4742,5310.3391,PENDING_AG03,FALSE,NOT_FOR_ENFORCEMENT,6384.5836,256811.4724,6650.6079,6384.5836,266.0243,0.02244119,0.02154355,266.0243,6384.5836,0.02154355,266.0243,266.0243,266.0243,332.5304,332.5304,6384.5836,0.02154355,1463.1337,1340.2688,5187.4742,5310.3391,0.01750413,0.01791872,0.00089765,16.2655,14.6936,0.3653,59.3804,1.1678,2646.0457,162.5536,12.4780,16.8648,9.0895,16.5695,22.0926,29.825,33.4482,44.5976,11.8163,0.0,2.018664,2.691552,0.981654,30,240,141,4,0.10479828,0.02244119,0.04150452,0E-8,0.000000,0.902668,0.011910,-0.02129501,2026-03-22,2026-08-05,112,5695,2177,137,0.817518,0.739886,0.767145,0.349328,,,,,,,,GLOBAL_BASELINE_NO_ENTITY_RANKING,,,NOT_APPLICABLE_GLOBAL_BASELINE,HF9g-P5,,,,X 全窗基线 · 不参与实体赏罚,14194404,1420,A168_HF9F_20260827_0900,2026-08-27 09:00:00
2026-04-09,110249610,2153,0,29.1999000160,-11.7992592088,-11.7992592088,0.4000000,5,5,0.49592654000000000,0.495926540000,-0.42901076602576227,-0.42901076602576227,-0.42901076602576227,0E-17,ELIGIBLE,R03b_20260811_FULL_v1,L1_ELIGIBILITY,v2026-08-11,2026-03-21..2026-08-06,baccarat_bet02_101_all_pairs_incl_sentinel,round_win = game_pnl > 0 (decisive only),COMPATIBILITY_ONLY_NOT_PRODUCTION,296357.1217,267511.9505,6650.6079,18220,18206,-0.02244119,-0.04150452,-0.02020951,-0.02244119,-6650.6079,296357.1217,OK,0.0000,266.0243,4.0000,96.0000,AG03-UNRESOLVED,ALL5_LEVELS_bet23_to_bet27,266.0243,266.0243,266.0243,332.5304,332.5304,4.000000,4.000000,4.000000,5.000000,5.000000,96.000000,96.000000,96.000000,95.000000,95.000000,5.0,1463.1337,1340.2688,5187.4742,5310.3391,PENDING_AG03,FALSE,NOT_FOR_ENFORCEMENT,6384.5836,256811.4724,6650.6079,6384.5836,266.0243,0.02244119,0.02154355,266.0243,6384.5836,0.02154355,266.0243,266.0243,266.0243,332.5304,332.5304,6384.5836,0.02154355,1463.1337,1340.2688,5187.4742,5310.3391,0.01750413,0.01791872,0.00089765,16.2655,14.6936,0.3653,59.3804,1.1678,2646.0457,162.5536,12.4780,16.8648,9.0895,16.5695,22.0926,29.825,33.4482,44.5976,11.8163,0.0,2.018664,2.691552,0.981654,30,240,141,4,0.10479828,0.02244119,0.04150452,0E-8,0.000000,0.902668,0.011910,-0.02129501,2026-03-22,2026-08-05,112,5695,2177,137,0.817518,0.739886,0.767145,0.349328,,,,,,,,GLOBAL_BASELINE_NO_ENTITY_RANKING,,,NOT_APPLICABLE_GLOBAL_BASELINE,HF9g-P5,,,,X 全窗基线 · 不参与实体赏罚,14194405,1420,A168_HF9F_20260827_0900,2026-08-27 09:00:00
2026-04-09,110249610,2171,0,62.4900584000,35.0512418480,35.0512418480,0.8333333,7,7,0.50282064285714286,0.502820642857,1.6192006553726281,1.6192006553733256,1.6192006553726281,1.4286E-13,ELIGIBLE,R03b_20260811_FULL_v1,L1_ELIGIBILITY,v2026-08-11,2026-03-21..2026-08-06,baccarat_bet02_101_all_pairs_incl_sentinel,round_win = game_pnl > 0 (decisive only),COMPATIBILITY_ONLY_NOT_PRODUCTION,296357.1217,267511.9505,6650.6079,18220,18206,-0.02244119,-0.04150452,-0.02020951,-0.02244119,-6650.6079,296357.1217,OK,0.0000,266.0243,4.0000,96.0000,AG03-UNRESOLVED,ALL5_LEVELS_bet23_to_bet27,266.0243,266.0243,266.0243,332.5304,332.5304,4.000000,4.000000,4.000000,5.000000,5.000000,96.000000,96.000000,96.000000,95.000000,95.000000,5.0,1463.1337,1340.2688,5187.4742,5310.3391,PENDING_AG03,FALSE,NOT_FOR_ENFORCEMENT,6384.5836,256811.4724,6650.6079,6384.5836,266.0243,0.02244119,0.02154355,266.0243,6384.5836,0.02154355,266.0243,266.0243,266.0243,332.5304,332.5304,6384.5836,0.02154355,1463.1337,1340.2688,5187.4742,5310.3391,0.01750413,0.01791872,0.00089765,16.2655,14.6936,0.3653,59.3804,1.1678,2646.0457,162.5536,12.4780,16.8648,9.0895,16.5695,22.0926,29.825,33.4482,44.5976,11.8163,0.0,2.018664,2.691552,0.981654,30,240,141,4,0.10479828,0.02244119,0.04150452,0E-8,0.000000,0.902668,0.011910,-0.02129501,2026-03-22,2026-08-05,112,5695,2177,137,0.817518,0.739886,0.767145,0.349328,,,,,,,,GLOBAL_BASELINE_NO_ENTITY_RANKING,,,NOT_APPLICABLE_GLOBAL_BASELINE,HF9g-P5,,,,X 全窗基线 · 不参与实体赏罚,14194406,1420,A168_HF9F_20260827_0900,2026-08-27 09:00:00
2026-04-09,110249610,2174,0,55.1048696799,-35.1648601359,-35.1648601359,0.2000000,5,5,0.50396966000000000,0.503969660000,-1.3594364909357963,-1.3594364909357963,-1.3594364909357963,0E-17,ELIGIBLE,R03b_20260811_FULL_v1,L1_ELIGIBILITY,v2026-08-11,2026-03-21..2026-08-06,baccarat_bet02_101_all_pairs_incl_sentinel,round_win = game_pnl > 0 (decisive only),COMPATIBILITY_ONLY_NOT_PRODUCTION,296357.1217,267511.9505,6650.6079,18220,18206,-0.02244119,-0.04150452,-0.02020951,-0.02244119,-6650.6079,296357.1217,OK,0.0000,266.0243,4.0000,96.0000,AG03-UNRESOLVED,ALL5_LEVELS_bet23_to_bet27,266.0243,266.0243,266.0243,332.5304,332.5304,4.000000,4.000000,4.000000,5.000000,5.000000,96.000000,96.000000,96.000000,95.000000,95.000000,5.0,1463.1337,1340.2688,5187.4742,5310.3391,PENDING_AG03,FALSE,NOT_FOR_ENFORCEMENT,6384.5836,256811.4724,6650.6079,6384.5836,266.0243,0.02244119,0.02154355,266.0243,6384.5836,0.02154355,266.0243,266.0243,266.0243,332.5304,332.5304,6384.5836,0.02154355,1463.1337,1340.2688,5187.4742,5310.3391,0.01750413,0.01791872,0.00089765,16.2655,14.6936,0.3653,59.3804,1.1678,2646.0457,162.5536,12.4780,16.8648,9.0895,16.5695,22.0926,29.825,33.4482,44.5976,11.8163,0.0,2.018664,2.691552,0.981654,30,240,141,4,0.10479828,0.02244119,0.04150452,0E-8,0.000000,0.902668,0.011910,-0.02129501,2026-03-22,2026-08-05,112,5695,2177,137,0.817518,0.739886,0.767145,0.349328,,,,,,,,GLOBAL_BASELINE_NO_ENTITY_RANKING,,,NOT_APPLICABLE_GLOBAL_BASELINE,HF9g-P5,,,,X 全窗基线 · 不参与实体赏罚,14194407,1420,A168_HF9F_20260827_0900,2026-08-27 09:00:00
2026-04-09,110249610,2175,0,15.3384688800,-15.3384688800,-15.3384688800,0E-7,1,1,0.49324550000000000,0.493245500000,-0.9865810262130424,-0.9865810262130424,-0.9865810262130424,0E-17,ELIGIBLE,R03b_20260811_FULL_v1,L1_ELIGIBILITY,v2026-08-11,2026-03-21..2026-08-06,baccarat_bet02_101_all_pairs_incl_sentinel,round_win = game_pnl > 0 (decisive only),COMPATIBILITY_ONLY_NOT_PRODUCTION,296357.1217,267511.9505,6650.6079,18220,18206,-0.02244119,-0.04150452,-0.02020951,-0.02244119,-6650.6079,296357.1217,OK,0.0000,266.0243,4.0000,96.0000,AG03-UNRESOLVED,ALL5_LEVELS_bet23_to_bet27,266.0243,266.0243,266.0243,332.5304,332.5304,4.000000,4.000000,4.000000,5.000000,5.000000,96.000000,96.000000,96.000000,95.000000,95.000000,5.0,1463.1337,1340.2688,5187.4742,5310.3391,PENDING_AG03,FALSE,NOT_FOR_ENFORCEMENT,6384.5836,256811.4724,6650.6079,6384.5836,266.0243,0.02244119,0.02154355,266.0243,6384.5836,0.02154355,266.0243,266.0243,266.0243,332.5304,332.5304,6384.5836,0.02154355,1463.1337,1340.2688,5187.4742,5310.3391,0.01750413,0.01791872,0.00089765,16.2655,14.6936,0.3653,59.3804,1.1678,2646.0457,162.5536,12.4780,16.8648,9.0895,16.5695,22.0926,29.825,33.4482,44.5976,11.8163,0.0,2.018664,2.691552,0.981654,30,240,141,4,0.10479828,0.02244119,0.04150452,0E-8,0.000000,0.902668,0.011910,-0.02129501,2026-03-22,2026-08-05,112,5695,2177,137,0.817518,0.739886,0.767145,0.349328,,,,,,,,GLOBAL_BASELINE_NO_ENTITY_RANKING,,,NOT_APPLICABLE_GLOBAL_BASELINE,HF9g-P5,,,,X 全窗基线 · 不参与实体赏罚,14194408,1420,A168_HF9F_20260827_0900,2026-08-27 09:00:00
2026-04-09,110249610,2177,0,174.2904537915,-14.5431408638,-14.5431408638,0.5384615,15,15,0.49860758000000000,0.498607580000,0.28739209593955983,0.2873920959395598,0.28739209593955983,0E-17,ELIGIBLE,R03b_20260811_FULL_v1,L1_ELIGIBILITY,v2026-08-11,2026-03-21..2026-08-06,baccarat_bet02_101_all_pairs_incl_sentinel,round_win = game_pnl > 0 (decisive only),COMPATIBILITY_ONLY_NOT_PRODUCTION,296357.1217,267511.9505,6650.6079,18220,18206,-0.02244119,-0.04150452,-0.02020951,-0.02244119,-6650.6079,296357.1217,OK,0.0000,266.0243,4.0000,96.0000,AG03-UNRESOLVED,ALL5_LEVELS_bet23_to_bet27,266.0243,266.0243,266.0243,332.5304,332.5304,4.000000,4.000000,4.000000,5.000000,5.000000,96.000000,96.000000,96.000000,95.000000,95.000000,5.0,1463.1337,1340.2688,5187.4742,5310.3391,PENDING_AG03,FALSE,NOT_FOR_ENFORCEMENT,6384.5836,256811.4724,6650.6079,6384.5836,266.0243,0.02244119,0.02154355,266.0243,6384.5836,0.02154355,266.0243,266.0243,266.0243,332.5304,332.5304,6384.5836,0.02154355,1463.1337,1340.2688,5187.4742,5310.3391,0.01750413,0.01791872,0.00089765,16.2655,14.6936,0.3653,59.3804,1.1678,2646.0457,162.5536,12.4780,16.8648,9.0895,16.5695,22.0926,29.825,33.4482,44.5976,11.8163,0.0,2.018664,2.691552,0.981654,30,240,141,4,0.10479828,0.02244119,0.04150452,0E-8,0.000000,0.902668,0.011910,-0.02129501,2026-03-22,2026-08-05,112,5695,2177,137,0.817518,0.739886,0.767145,0.349328,,,,,,,,GLOBAL_BASELINE_NO_ENTITY_RANKING,,,NOT_APPLICABLE_GLOBAL_BASELINE,HF9g-P5,,,,X 全窗基线 · 不参与实体赏罚,14194409,1420,A168_HF9F_20260827_0900,2026-08-27 09:00:00
2026-04-09,110249610,2186,0,45.4473152000,-1.1361828800,-1.1361828800,0.4000000,5,5,0.50665070000000000,0.506650700000,-0.4769986289884125,-0.4769986289884125,-0.4769986289884125,0E-17,ELIGIBLE,R03b_20260811_FULL_v1,L1_ELIGIBILITY,v2026-08-11,2026-03-21..2026-08-06,baccarat_bet02_101_all_pairs_incl_sentinel,round_win = game_pnl > 0 (decisive only),COMPATIBILITY_ONLY_NOT_PRODUCTION,296357.1217,267511.9505,6650.6079,18220,18206,-0.02244119,-0.04150452,-0.02020951,-0.02244119,-6650.6079,296357.1217,OK,0.0000,266.0243,4.0000,96.0000,AG03-UNRESOLVED,ALL5_LEVELS_bet23_to_bet27,266.0243,266.0243,266.0243,332.5304,332.5304,4.000000,4.000000,4.000000,5.000000,5.000000,96.000000,96.000000,96.000000,95.000000,95.000000,5.0,1463.1337,1340.2688,5187.4742,5310.3391,PENDING_AG03,FALSE,NOT_FOR_ENFORCEMENT,6384.5836,256811.4724,6650.6079,6384.5836,266.0243,0.02244119,0.02154355,266.0243,6384.5836,0.02154355,266.0243,266.0243,266.0243,332.5304,332.5304,6384.5836,0.02154355,1463.1337,1340.2688,5187.4742,5310.3391,0.01750413,0.01791872,0.00089765,16.2655,14.6936,0.3653,59.3804,1.1678,2646.0457,162.5536,12.4780,16.8648,9.0895,16.5695,22.0926,29.825,33.4482,44.5976,11.8163,0.0,2.018664,2.691552,0.981654,30,240,141,4,0.10479828,0.02244119,0.04150452,0E-8,0.000000,0.902668,0.011910,-0.02129501,2026-03-22,2026-08-05,112,5695,2177,137,0.817518,0.739886,0.767145,0.349328,,,,,,,,GLOBAL_BASELINE_NO_ENTITY_RANKING,,,NOT_APPLICABLE_GLOBAL_BASELINE,HF9g-P5,,,,X 全窗基线 · 不参与实体赏罚,14194410,1420,A168_HF9F_20260827_0900,2026-08-27 09:00:00
2026-04-09,110249610,2188,0,22.7236576000,-22.7236576000,-22.7236576000,0E-7,3,3,0.50665070000000000,0.506650700000,-1.7552447903592512,-1.7552447903592512,-1.7552447903592512,0E-17,ELIGIBLE,R03b_20260811_FULL_v1,L1_ELIGIBILITY,v2026-08-11,2026-03-21..2026-08-06,baccarat_bet02_101_all_pairs_incl_sentinel,round_win = game_pnl > 0 (decisive only),COMPATIBILITY_ONLY_NOT_PRODUCTION,296357.1217,267511.9505,6650.6079,18220,18206,-0.02244119,-0.04150452,-0.02020951,-0.02244119,-6650.6079,296357.1217,OK,0.0000,266.0243,4.0000,96.0000,AG03-UNRESOLVED,ALL5_LEVELS_bet23_to_bet27,266.0243,266.0243,266.0243,332.5304,332.5304,4.000000,4.000000,4.000000,5.000000,5.000000,96.000000,96.000000,96.000000,95.000000,95.000000,5.0,1463.1337,1340.2688,5187.4742,5310.3391,PENDING_AG03,FALSE,NOT_FOR_ENFORCEMENT,6384.5836,256811.4724,6650.6079,6384.5836,266.0243,0.02244119,0.02154355,266.0243,6384.5836,0.02154355,266.0243,266.0243,266.0243,332.5304,332.5304,6384.5836,0.02154355,1463.1337,1340.2688,5187.4742,5310.3391,0.01750413,0.01791872,0.00089765,16.2655,14.6936,0.3653,59.3804,1.1678,2646.0457,162.5536,12.4780,16.8648,9.0895,16.5695,22.0926,29.825,33.4482,44.5976,11.8163,0.0,2.018664,2.691552,0.981654,30,240,141,4,0.10479828,0.02244119,0.04150452,0E-8,0.000000,0.902668,0.011910,-0.02129501,2026-03-22,2026-08-05,112,5695,2177,137,0.817518,0.739886,0.767145,0.349328,,,,,,,,GLOBAL_BASELINE_NO_ENTITY_RANKING,,,NOT_APPLICABLE_GLOBAL_BASELINE,HF9g-P5,,,,X 全窗基线 · 不参与实体赏罚,14194411,1420,A168_HF9F_20260827_0900,2026-08-27 09:00:00
2026-04-09,110249610,2196,0,132.9333969595,12.2707751040,12.2707751040,0.6000000,9,9,0.50069283333333333,0.500692833333,0.4441155770063072,0.44411557700779747,0.4441155770063072,3.3333E-13,ELIGIBLE,R03b_20260811_FULL_v1,L1_ELIGIBILITY,v2026-08-11,2026-03-21..2026-08-06,baccarat_bet02_101_all_pairs_incl_sentinel,round_win = game_pnl > 0 (decisive only),COMPATIBILITY_ONLY_NOT_PRODUCTION,296357.1217,267511.9505,6650.6079,18220,18206,-0.02244119,-0.04150452,-0.02020951,-0.02244119,-6650.6079,296357.1217,OK,0.0000,266.0243,4.0000,96.0000,AG03-UNRESOLVED,ALL5_LEVELS_bet23_to_bet27,266.0243,266.0243,266.0243,332.5304,332.5304,4.000000,4.000000,4.000000,5.000000,5.000000,96.000000,96.000000,96.000000,95.000000,95.000000,5.0,1463.1337,1340.2688,5187.4742,5310.3391,PENDING_AG03,FALSE,NOT_FOR_ENFORCEMENT,6384.5836,256811.4724,6650.6079,6384.5836,266.0243,0.02244119,0.02154355,266.0243,6384.5836,0.02154355,266.0243,266.0243,266.0243,332.5304,332.5304,6384.5836,0.02154355,1463.1337,1340.2688,5187.4742,5310.3391,0.01750413,0.01791872,0.00089765,16.2655,14.6936,0.3653,59.3804,1.1678,2646.0457,162.5536,12.4780,16.8648,9.0895,16.5695,22.0926,29.825,33.4482,44.5976,11.8163,0.0,2.018664,2.691552,0.981654,30,240,141,4,0.10479828,0.02244119,0.04150452,0E-8,0.000000,0.902668,0.011910,-0.02129501,2026-03-22,2026-08-05,112,5695,2177,137,0.817518,0.739886,0.767145,0.349328,,,,,,,,GLOBAL_BASELINE_NO_ENTITY_RANKING,,,NOT_APPLICABLE_GLOBAL_BASELINE,HF9g-P5,,,,X 全窗基线 · 不参与实体赏罚,14194412,1420,A168_HF9F_20260827_0900,2026-08-27 09:00:00
2026-04-09,110249610,2201,0,11.3618288000,-11.3618288000,-11.3618288000,0E-7,2,2,0.49994810000000000,0.499948100000,-1.4140667746232096,-1.4140667746232096,-1.4140667746232096,0E-17,ELIGIBLE,R03b_20260811_FULL_v1,L1_ELIGIBILITY,v2026-08-11,2026-03-21..2026-08-06,baccarat_bet02_101_all_pairs_incl_sentinel,round_win = game_pnl > 0 (decisive only),COMPATIBILITY_ONLY_NOT_PRODUCTION,296357.1217,267511.9505,6650.6079,18220,18206,-0.02244119,-0.04150452,-0.02020951,-0.02244119,-6650.6079,296357.1217,OK,0.0000,266.0243,4.0000,96.0000,AG03-UNRESOLVED,ALL5_LEVELS_bet23_to_bet27,266.0243,266.0243,266.0243,332.5304,332.5304,4.000000,4.000000,4.000000,5.000000,5.000000,96.000000,96.000000,96.000000,95.000000,95.000000,5.0,1463.1337,1340.2688,5187.4742,5310.3391,PENDING_AG03,FALSE,NOT_FOR_ENFORCEMENT,6384.5836,256811.4724,6650.6079,6384.5836,266.0243,0.02244119,0.02154355,266.0243,6384.5836,0.02154355,266.0243,266.0243,266.0243,332.5304,332.5304,6384.5836,0.02154355,1463.1337,1340.2688,5187.4742,5310.3391,0.01750413,0.01791872,0.00089765,16.2655,14.6936,0.3653,59.3804,1.1678,2646.0457,162.5536,12.4780,16.8648,9.0895,16.5695,22.0926,29.825,33.4482,44.5976,11.8163,0.0,2.018664,2.691552,0.981654,30,240,141,4,0.10479828,0.02244119,0.04150452,0E-8,0.000000,0.902668,0.011910,-0.02129501,2026-03-22,2026-08-05,112,5695,2177,137,0.817518,0.739886,0.767145,0.349328,,,,,,,,GLOBAL_BASELINE_NO_ENTITY_RANKING,,,NOT_APPLICABLE_GLOBAL_BASELINE,HF9g-P5,,,,X 全窗基线 · 不参与实体赏罚,14194413,1420,A168_HF9F_20260827_0900,2026-08-27 09:00:00
2026-04-09,110249610,2209,0,69.3071556800,-3.9766400800,-3.9766400800,0.5000000,7,7,0.49707555714285714,0.497075557143,0.011697971520951105,0.011697971520379635,0.011697971520951105,-1.4286E-13,ELIGIBLE,R03b_20260811_FULL_v1,L1_ELIGIBILITY,v2026-08-11,2026-03-21..2026-08-06,baccarat_bet02_101_all_pairs_incl_sentinel,round_win = game_pnl > 0 (decisive only),COMPATIBILITY_ONLY_NOT_PRODUCTION,296357.1217,267511.9505,6650.6079,18220,18206,-0.02244119,-0.04150452,-0.02020951,-0.02244119,-6650.6079,296357.1217,OK,0.0000,266.0243,4.0000,96.0000,AG03-UNRESOLVED,ALL5_LEVELS_bet23_to_bet27,266.0243,266.0243,266.0243,332.5304,332.5304,4.000000,4.000000,4.000000,5.000000,5.000000,96.000000,96.000000,96.000000,95.000000,95.000000,5.0,1463.1337,1340.2688,5187.4742,5310.3391,PENDING_AG03,FALSE,NOT_FOR_ENFORCEMENT,6384.5836,256811.4724,6650.6079,6384.5836,266.0243,0.02244119,0.02154355,266.0243,6384.5836,0.02154355,266.0243,266.0243,266.0243,332.5304,332.5304,6384.5836,0.02154355,1463.1337,1340.2688,5187.4742,5310.3391,0.01750413,0.01791872,0.00089765,16.2655,14.6936,0.3653,59.3804,1.1678,2646.0457,162.5536,12.4780,16.8648,9.0895,16.5695,22.0926,29.825,33.4482,44.5976,11.8163,0.0,2.018664,2.691552,0.981654,30,240,141,4,0.10479828,0.02244119,0.04150452,0E-8,0.000000,0.902668,0.011910,-0.02129501,2026-03-22,2026-08-05,112,5695,2177,137,0.817518,0.739886,0.767145,0.349328,,,,,,,,GLOBAL_BASELINE_NO_ENTITY_RANKING,,,NOT_APPLICABLE_GLOBAL_BASELINE,HF9g-P5,,,,X 全窗基线 · 不参与实体赏罚,14194414,1420,A168_HF9F_20260827_0900,2026-08-27 09:00:00
2026-04-09,110249610,2216,0,11.3618288000,-11.3618288000,-11.3618288000,0E-7,2,2,0.50665070000000000,0.506650700000,-1.4331513700195317,-1.4331513700195317,-1.4331513700195317,0E-17,ELIGIBLE,R03b_20260811_FULL_v1,L1_ELIGIBILITY,v2026-08-11,2026-03-21..2026-08-06,baccarat_bet02_101_all_pairs_incl_sentinel,round_win = game_pnl > 0 (decisive only),COMPATIBILITY_ONLY_NOT_PRODUCTION,296357.1217,267511.9505,6650.6079,18220,18206,-0.02244119,-0.04150452,-0.02020951,-0.02244119,-6650.6079,296357.1217,OK,0.0000,266.0243,4.0000,96.0000,AG03-UNRESOLVED,ALL5_LEVELS_bet23_to_bet27,266.0243,266.0243,266.0243,332.5304,332.5304,4.000000,4.000000,4.000000,5.000000,5.000000,96.000000,96.000000,96.000000,95.000000,95.000000,5.0,1463.1337,1340.2688,5187.4742,5310.3391,PENDING_AG03,FALSE,NOT_FOR_ENFORCEMENT,6384.5836,256811.4724,6650.6079,6384.5836,266.0243,0.02244119,0.02154355,266.0243,6384.5836,0.02154355,266.0243,266.0243,266.0243,332.5304,332.5304,6384.5836,0.02154355,1463.1337,1340.2688,5187.4742,5310.3391,0.01750413,0.01791872,0.00089765,16.2655,14.6936,0.3653,59.3804,1.1678,2646.0457,162.5536,12.4780,16.8648,9.0895,16.5695,22.0926,29.825,33.4482,44.5976,11.8163,0.0,2.018664,2.691552,0.981654,30,240,141,4,0.10479828,0.02244119,0.04150452,0E-8,0.000000,0.902668,0.011910,-0.02129501,2026-03-22,2026-08-05,112,5695,2177,137,0.817518,0.739886,0.767145,0.349328,,,,,,,,GLOBAL_BASELINE_NO_ENTITY_RANKING,,,NOT_APPLICABLE_GLOBAL_BASELINE,HF9g-P5,,,,X 全窗基线 · 不参与实体赏罚,14194415,1420,A168_HF9F_20260827_0900,2026-08-27 09:00:00
2026-04-09,110249610,2220,0,69.8752471200,0.5964960120,0.5964960120,0.5714286,8,8,0.50162375000000000,0.501623750000,0.36937434338991915,0.36937434338991915,0.36937434338991915,0E-17,ELIGIBLE,R03b_20260811_FULL_v1,L1_ELIGIBILITY,v2026-08-11,2026-03-21..2026-08-06,baccarat_bet02_101_all_pairs_incl_sentinel,round_win = game_pnl > 0 (decisive only),COMPATIBILITY_ONLY_NOT_PRODUCTION,296357.1217,267511.9505,6650.6079,18220,18206,-0.02244119,-0.04150452,-0.02020951,-0.02244119,-6650.6079,296357.1217,OK,0.0000,266.0243,4.0000,96.0000,AG03-UNRESOLVED,ALL5_LEVELS_bet23_to_bet27,266.0243,266.0243,266.0243,332.5304,332.5304,4.000000,4.000000,4.000000,5.000000,5.000000,96.000000,96.000000,96.000000,95.000000,95.000000,5.0,1463.1337,1340.2688,5187.4742,5310.3391,PENDING_AG03,FALSE,NOT_FOR_ENFORCEMENT,6384.5836,256811.4724,6650.6079,6384.5836,266.0243,0.02244119,0.02154355,266.0243,6384.5836,0.02154355,266.0243,266.0243,266.0243,332.5304,332.5304,6384.5836,0.02154355,1463.1337,1340.2688,5187.4742,5310.3391,0.01750413,0.01791872,0.00089765,16.2655,14.6936,0.3653,59.3804,1.1678,2646.0457,162.5536,12.4780,16.8648,9.0895,16.5695,22.0926,29.825,33.4482,44.5976,11.8163,0.0,2.018664,2.691552,0.981654,30,240,141,4,0.10479828,0.02244119,0.04150452,0E-8,0.000000,0.902668,0.011910,-0.02129501,2026-03-22,2026-08-05,112,5695,2177,137,0.817518,0.739886,0.767145,0.349328,,,,,,,,GLOBAL_BASELINE_NO_ENTITY_RANKING,,,NOT_APPLICABLE_GLOBAL_BASELINE,HF9g-P5,,,,X 全窗基线 · 不参与实体赏罚,14194416,1420,A168_HF9F_20260827_0900,2026-08-27 09:00:00
2026-04-09,110249610,2222,0,24.9960233599,-24.9960233599,-24.9960233599,0E-7,2,2,0.49324550000000000,0.493245500000,-1.3952362676504506,-1.3952362676504506,-1.3952362676504506,0E-17,ELIGIBLE,R03b_20260811_FULL_v1,L1_ELIGIBILITY,v2026-08-11,2026-03-21..2026-08-06,baccarat_bet02_101_all_pairs_incl_sentinel,round_win = game_pnl > 0 (decisive only),COMPATIBILITY_ONLY_NOT_PRODUCTION,296357.1217,267511.9505,6650.6079,18220,18206,-0.02244119,-0.04150452,-0.02020951,-0.02244119,-6650.6079,296357.1217,OK,0.0000,266.0243,4.0000,96.0000,AG03-UNRESOLVED,ALL5_LEVELS_bet23_to_bet27,266.0243,266.0243,266.0243,332.5304,332.5304,4.000000,4.000000,4.000000,5.000000,5.000000,96.000000,96.000000,96.000000,95.000000,95.000000,5.0,1463.1337,1340.2688,5187.4742,5310.3391,PENDING_AG03,FALSE,NOT_FOR_ENFORCEMENT,6384.5836,256811.4724,6650.6079,6384.5836,266.0243,0.02244119,0.02154355,266.0243,6384.5836,0.02154355,266.0243,266.0243,266.0243,332.5304,332.5304,6384.5836,0.02154355,1463.1337,1340.2688,5187.4742,5310.3391,0.01750413,0.01791872,0.00089765,16.2655,14.6936,0.3653,59.3804,1.1678,2646.0457,162.5536,12.4780,16.8648,9.0895,16.5695,22.0926,29.825,33.4482,44.5976,11.8163,0.0,2.018664,2.691552,0.981654,30,240,141,4,0.10479828,0.02244119,0.04150452,0E-8,0.000000,0.902668,0.011910,-0.02129501,2026-03-22,2026-08-05,112,5695,2177,137,0.817518,0.739886,0.767145,0.349328,,,,,,,,GLOBAL_BASELINE_NO_ENTITY_RANKING,,,NOT_APPLICABLE_GLOBAL_BASELINE,HF9g-P5,,,,X 全窗基线 · 不参与实体赏罚,14194417,1420,A168_HF9F_20260827_0900,2026-08-27 09:00:00
2026-04-09,110249610,2223,0,69.3071556800,-15.2248505920,-15.2248505920,0.4444444,9,9,0.49920336666666667,0.499203366667,-0.3285539503504811,-0.3285539503524808,-0.3285539503504811,-3.3333E-13,ELIGIBLE,R03b_20260811_FULL_v1,L1_ELIGIBILITY,v2026-08-11,2026-03-21..2026-08-06,baccarat_bet02_101_all_pairs_incl_sentinel,round_win = game_pnl > 0 (decisive only),COMPATIBILITY_ONLY_NOT_PRODUCTION,296357.1217,267511.9505,6650.6079,18220,18206,-0.02244119,-0.04150452,-0.02020951,-0.02244119,-6650.6079,296357.1217,OK,0.0000,266.0243,4.0000,96.0000,AG03-UNRESOLVED,ALL5_LEVELS_bet23_to_bet27,266.0243,266.0243,266.0243,332.5304,332.5304,4.000000,4.000000,4.000000,5.000000,5.000000,96.000000,96.000000,96.000000,95.000000,95.000000,5.0,1463.1337,1340.2688,5187.4742,5310.3391,PENDING_AG03,FALSE,NOT_FOR_ENFORCEMENT,6384.5836,256811.4724,6650.6079,6384.5836,266.0243,0.02244119,0.02154355,266.0243,6384.5836,0.02154355,266.0243,266.0243,266.0243,332.5304,332.5304,6384.5836,0.02154355,1463.1337,1340.2688,5187.4742,5310.3391,0.01750413,0.01791872,0.00089765,16.2655,14.6936,0.3653,59.3804,1.1678,2646.0457,162.5536,12.4780,16.8648,9.0895,16.5695,22.0926,29.825,33.4482,44.5976,11.8163,0.0,2.018664,2.691552,0.981654,30,240,141,4,0.10479828,0.02244119,0.04150452,0E-8,0.000000,0.902668,0.011910,-0.02129501,2026-03-22,2026-08-05,112,5695,2177,137,0.817518,0.739886,0.767145,0.349328,,,,,,,,GLOBAL_BASELINE_NO_ENTITY_RANKING,,,NOT_APPLICABLE_GLOBAL_BASELINE,HF9g-P5,,,,X 全窗基线 · 不参与实体赏罚,14194418,1420,A168_HF9F_20260827_0900,2026-08-27 09:00:00
2026-04-09,110249610,2224,0,32.4948303680,-1.5906560320,-1.5906560320,0.6000000,6,6,0.49547970000000000,0.495479700000,0.4674480948863271,0.4674480948863271,0.4674480948863271,0E-17,ELIGIBLE,R03b_20260811_FULL_v1,L1_ELIGIBILITY,v2026-08-11,2026-03-21..2026-08-06,baccarat_bet02_101_all_pairs_incl_sentinel,round_win = game_pnl > 0 (decisive only),COMPATIBILITY_ONLY_NOT_PRODUCTION,296357.1217,267511.9505,6650.6079,18220,18206,-0.02244119,-0.04150452,-0.02020951,-0.02244119,-6650.6079,296357.1217,OK,0.0000,266.0243,4.0000,96.0000,AG03-UNRESOLVED,ALL5_LEVELS_bet23_to_bet27,266.0243,266.0243,266.0243,332.5304,332.5304,4.000000,4.000000,4.000000,5.000000,5.000000,96.000000,96.000000,96.000000,95.000000,95.000000,5.0,1463.1337,1340.2688,5187.4742,5310.3391,PENDING_AG03,FALSE,NOT_FOR_ENFORCEMENT,6384.5836,256811.4724,6650.6079,6384.5836,266.0243,0.02244119,0.02154355,266.0243,6384.5836,0.02154355,266.0243,266.0243,266.0243,332.5304,332.5304,6384.5836,0.02154355,1463.1337,1340.2688,5187.4742,5310.3391,0.01750413,0.01791872,0.00089765,16.2655,14.6936,0.3653,59.3804,1.1678,2646.0457,162.5536,12.4780,16.8648,9.0895,16.5695,22.0926,29.825,33.4482,44.5976,11.8163,0.0,2.018664,2.691552,0.981654,30,240,141,4,0.10479828,0.02244119,0.04150452,0E-8,0.000000,0.902668,0.011910,-0.02129501,2026-03-22,2026-08-05,112,5695,2177,137,0.817518,0.739886,0.767145,0.349328,,,,,,,,GLOBAL_BASELINE_NO_ENTITY_RANKING,,,NOT_APPLICABLE_GLOBAL_BASELINE,HF9g-P5,,,,X 全窗基线 · 不参与实体赏罚,14194419,1420,A168_HF9F_20260827_0900,2026-08-27 09:00:00
2026-04-09,110249610,2233,0,212.6934351356,30.8928125070,30.8928125070,0.5555556,19,19,0.50100640526315789,0.501006405263,0.4628658265863152,0.4628658265876548,0.4628658265863152,1.5789E-13,ELIGIBLE,R03b_20260811_FULL_v1,L1_ELIGIBILITY,v2026-08-11,2026-03-21..2026-08-06,baccarat_bet02_101_all_pairs_incl_sentinel,round_win = game_pnl > 0 (decisive only),COMPATIBILITY_ONLY_NOT_PRODUCTION,296357.1217,267511.9505,6650.6079,18220,18206,-0.02244119,-0.04150452,-0.02020951,-0.02244119,-6650.6079,296357.1217,OK,0.0000,266.0243,4.0000,96.0000,AG03-UNRESOLVED,ALL5_LEVELS_bet23_to_bet27,266.0243,266.0243,266.0243,332.5304,332.5304,4.000000,4.000000,4.000000,5.000000,5.000000,96.000000,96.000000,96.000000,95.000000,95.000000,5.0,1463.1337,1340.2688,5187.4742,5310.3391,PENDING_AG03,FALSE,NOT_FOR_ENFORCEMENT,6384.5836,256811.4724,6650.6079,6384.5836,266.0243,0.02244119,0.02154355,266.0243,6384.5836,0.02154355,266.0243,266.0243,266.0243,332.5304,332.5304,6384.5836,0.02154355,1463.1337,1340.2688,5187.4742,5310.3391,0.01750413,0.01791872,0.00089765,16.2655,14.6936,0.3653,59.3804,1.1678,2646.0457,162.5536,12.4780,16.8648,9.0895,16.5695,22.0926,29.825,33.4482,44.5976,11.8163,0.0,2.018664,2.691552,0.981654,30,240,141,4,0.10479828,0.02244119,0.04150452,0E-8,0.000000,0.902668,0.011910,-0.02129501,2026-03-22,2026-08-05,112,5695,2177,137,0.817518,0.739886,0.767145,0.349328,,,,,,,,GLOBAL_BASELINE_NO_ENTITY_RANKING,,,NOT_APPLICABLE_GLOBAL_BASELINE,HF9g-P5,,,,X 全窗基线 · 不参与实体赏罚,14194420,1420,A168_HF9F_20260827_0900,2026-08-27 09:00:00
2026-04-09,110249610,2241,0,22.7236576000,-22.7236576000,-22.7236576000,0E-7,2,2,0.50665070000000000,0.506650700000,-1.4331513700195317,-1.4331513700195317,-1.4331513700195317,0E-17,ELIGIBLE,R03b_20260811_FULL_v1,L1_ELIGIBILITY,v2026-08-11,2026-03-21..2026-08-06,baccarat_bet02_101_all_pairs_incl_sentinel,round_win = game_pnl > 0 (decisive only),COMPATIBILITY_ONLY_NOT_PRODUCTION,296357.1217,267511.9505,6650.6079,18220,18206,-0.02244119,-0.04150452,-0.02020951,-0.02244119,-6650.6079,296357.1217,OK,0.0000,266.0243,4.0000,96.0000,AG03-UNRESOLVED,ALL5_LEVELS_bet23_to_bet27,266.0243,266.0243,266.0243,332.5304,332.5304,4.000000,4.000000,4.000000,5.000000,5.000000,96.000000,96.000000,96.000000,95.000000,95.000000,5.0,1463.1337,1340.2688,5187.4742,5310.3391,PENDING_AG03,FALSE,NOT_FOR_ENFORCEMENT,6384.5836,256811.4724,6650.6079,6384.5836,266.0243,0.02244119,0.02154355,266.0243,6384.5836,0.02154355,266.0243,266.0243,266.0243,332.5304,332.5304,6384.5836,0.02154355,1463.1337,1340.2688,5187.4742,5310.3391,0.01750413,0.01791872,0.00089765,16.2655,14.6936,0.3653,59.3804,1.1678,2646.0457,162.5536,12.4780,16.8648,9.0895,16.5695,22.0926,29.825,33.4482,44.5976,11.8163,0.0,2.018664,2.691552,0.981654,30,240,141,4,0.10479828,0.02244119,0.04150452,0E-8,0.000000,0.902668,0.011910,-0.02129501,2026-03-22,2026-08-05,112,5695,2177,137,0.817518,0.739886,0.767145,0.349328,,,,,,,,GLOBAL_BASELINE_NO_ENTITY_RANKING,,,NOT_APPLICABLE_GLOBAL_BASELINE,HF9g-P5,,,,X 全窗基线 · 不参与实体赏罚,14194421,1420,A168_HF9F_20260827_0900,2026-08-27 09:00:00
2026-04-09,110249610,2246,0,65.6713704640,8.5554570864,8.5554570864,0.6250000,8,8,0.50329940000000000,0.503299400000,0.6884575455922034,0.6884575455922034,0.6884575455922034,0E-17,ELIGIBLE,R03b_20260811_FULL_v1,L1_ELIGIBILITY,v2026-08-11,2026-03-21..2026-08-06,baccarat_bet02_101_all_pairs_incl_sentinel,round_win = game_pnl > 0 (decisive only),COMPATIBILITY_ONLY_NOT_PRODUCTION,296357.1217,267511.9505,6650.6079,18220,18206,-0.02244119,-0.04150452,-0.02020951,-0.02244119,-6650.6079,296357.1217,OK,0.0000,266.0243,4.0000,96.0000,AG03-UNRESOLVED,ALL5_LEVELS_bet23_to_bet27,266.0243,266.0243,266.0243,332.5304,332.5304,4.000000,4.000000,4.000000,5.000000,5.000000,96.000000,96.000000,96.000000,95.000000,95.000000,5.0,1463.1337,1340.2688,5187.4742,5310.3391,PENDING_AG03,FALSE,NOT_FOR_ENFORCEMENT,6384.5836,256811.4724,6650.6079,6384.5836,266.0243,0.02244119,0.02154355,266.0243,6384.5836,0.02154355,266.0243,266.0243,266.0243,332.5304,332.5304,6384.5836,0.02154355,1463.1337,1340.2688,5187.4742,5310.3391,0.01750413,0.01791872,0.00089765,16.2655,14.6936,0.3653,59.3804,1.1678,2646.0457,162.5536,12.4780,16.8648,9.0895,16.5695,22.0926,29.825,33.4482,44.5976,11.8163,0.0,2.018664,2.691552,0.981654,30,240,141,4,0.10479828,0.02244119,0.04150452,0E-8,0.000000,0.902668,0.011910,-0.02129501,2026-03-22,2026-08-05,112,5695,2177,137,0.817518,0.739886,0.767145,0.349328,,,,,,,,GLOBAL_BASELINE_NO_ENTITY_RANKING,,,NOT_APPLICABLE_GLOBAL_BASELINE,HF9g-P5,,,,X 全窗基线 · 不参与实体赏罚,14194422,1420,A168_HF9F_20260827_0900,2026-08-27 09:00:00
2026-04-09,110249610,2250,0,49.3103369920,-21.3602381440,-21.3602381440,0.2000000,6,6,0.50665070000000000,0.506650700000,-1.3715049547573244,-1.3715049547573244,-1.3715049547573244,0E-17,ELIGIBLE,R03b_20260811_FULL_v1,L1_ELIGIBILITY,v2026-08-11,2026-03-21..2026-08-06,baccarat_bet02_101_all_pairs_incl_sentinel,round_win = game_pnl > 0 (decisive only),COMPATIBILITY_ONLY_NOT_PRODUCTION,296357.1217,267511.9505,6650.6079,18220,18206,-0.02244119,-0.04150452,-0.02020951,-0.02244119,-6650.6079,296357.1217,OK,0.0000,266.0243,4.0000,96.0000,AG03-UNRESOLVED,ALL5_LEVELS_bet23_to_bet27,266.0243,266.0243,266.0243,332.5304,332.5304,4.000000,4.000000,4.000000,5.000000,5.000000,96.000000,96.000000,96.000000,95.000000,95.000000,5.0,1463.1337,1340.2688,5187.4742,5310.3391,PENDING_AG03,FALSE,NOT_FOR_ENFORCEMENT,6384.5836,256811.4724,6650.6079,6384.5836,266.0243,0.02244119,0.02154355,266.0243,6384.5836,0.02154355,266.0243,266.0243,266.0243,332.5304,332.5304,6384.5836,0.02154355,1463.1337,1340.2688,5187.4742,5310.3391,0.01750413,0.01791872,0.00089765,16.2655,14.6936,0.3653,59.3804,1.1678,2646.0457,162.5536,12.4780,16.8648,9.0895,16.5695,22.0926,29.825,33.4482,44.5976,11.8163,0.0,2.018664,2.691552,0.981654,30,240,141,4,0.10479828,0.02244119,0.04150452,0E-8,0.000000,0.902668,0.011910,-0.02129501,2026-03-22,2026-08-05,112,5695,2177,137,0.817518,0.739886,0.767145,0.349328,,,,,,,,GLOBAL_BASELINE_NO_ENTITY_RANKING,,,NOT_APPLICABLE_GLOBAL_BASELINE,HF9g-P5,,,,X 全窗基线 · 不参与实体赏罚,14194423,1420,A168_HF9F_20260827_0900,2026-08-27 09:00:00
2026-04-09,110249610,2267,0,9.0894630400,0E-10,0E-10,,1,1,0.49324550000000000,0.493245500000,,,,0E-17,NO_DECISIVE_ROUND,R03b_20260811_FULL_v1,L1_ELIGIBILITY,v2026-08-11,2026-03-21..2026-08-06,baccarat_bet02_101_all_pairs_incl_sentinel,round_win = game_pnl > 0 (decisive only),COMPATIBILITY_ONLY_NOT_PRODUCTION,296357.1217,267511.9505,6650.6079,18220,18206,-0.02244119,-0.04150452,-0.02020951,-0.02244119,-6650.6079,296357.1217,OK,0.0000,266.0243,4.0000,96.0000,AG03-UNRESOLVED,ALL5_LEVELS_bet23_to_bet27,266.0243,266.0243,266.0243,332.5304,332.5304,4.000000,4.000000,4.000000,5.000000,5.000000,96.000000,96.000000,96.000000,95.000000,95.000000,5.0,1463.1337,1340.2688,5187.4742,5310.3391,PENDING_AG03,FALSE,NOT_FOR_ENFORCEMENT,6384.5836,256811.4724,6650.6079,6384.5836,266.0243,0.02244119,0.02154355,266.0243,6384.5836,0.02154355,266.0243,266.0243,266.0243,332.5304,332.5304,6384.5836,0.02154355,1463.1337,1340.2688,5187.4742,5310.3391,0.01750413,0.01791872,0.00089765,16.2655,14.6936,0.3653,59.3804,1.1678,2646.0457,162.5536,12.4780,16.8648,9.0895,16.5695,22.0926,29.825,33.4482,44.5976,11.8163,0.0,2.018664,2.691552,0.981654,30,240,141,4,0.10479828,0.02244119,0.04150452,0E-8,0.000000,0.902668,0.011910,-0.02129501,2026-03-22,2026-08-05,112,5695,2177,137,0.817518,0.739886,0.767145,0.349328,,,,,,,,GLOBAL_BASELINE_NO_ENTITY_RANKING,,,NOT_APPLICABLE_GLOBAL_BASELINE,HF9g-P5,,,,X 全窗基线 · 不参与实体赏罚,14194424,1420,A168_HF9F_20260827_0900,2026-08-27 09:00:00
2026-04-09,110249610,471,0,4.5447315200,-4.5447315200,-4.5447315200,0E-7,1,1,0.49324550000000000,0.493245500000,-0.9865810262130424,-0.9865810262130424,-0.9865810262130424,0E-17,ELIGIBLE,R03b_20260811_FULL_v1,L1_ELIGIBILITY,v2026-08-11,2026-03-21..2026-08-06,baccarat_bet02_101_all_pairs_incl_sentinel,round_win = game_pnl > 0 (decisive only),COMPATIBILITY_ONLY_NOT_PRODUCTION,296357.1217,267511.9505,6650.6079,18220,18206,-0.02244119,-0.04150452,-0.02020951,-0.02244119,-6650.6079,296357.1217,OK,0.0000,266.0243,4.0000,96.0000,AG03-UNRESOLVED,ALL5_LEVELS_bet23_to_bet27,266.0243,266.0243,266.0243,332.5304,332.5304,4.000000,4.000000,4.000000,5.000000,5.000000,96.000000,96.000000,96.000000,95.000000,95.000000,5.0,1463.1337,1340.2688,5187.4742,5310.3391,PENDING_AG03,FALSE,NOT_FOR_ENFORCEMENT,6384.5836,256811.4724,6650.6079,6384.5836,266.0243,0.02244119,0.02154355,266.0243,6384.5836,0.02154355,266.0243,266.0243,266.0243,332.5304,332.5304,6384.5836,0.02154355,1463.1337,1340.2688,5187.4742,5310.3391,0.01750413,0.01791872,0.00089765,16.2655,14.6936,0.3653,59.3804,1.1678,2646.0457,162.5536,12.4780,16.8648,9.0895,16.5695,22.0926,29.825,33.4482,44.5976,11.8163,0.0,2.018664,2.691552,0.981654,30,240,141,4,0.10479828,0.02244119,0.04150452,0E-8,0.000000,0.902668,0.011910,-0.02129501,2026-03-22,2026-08-05,112,5695,2177,137,0.817518,0.739886,0.767145,0.349328,,,,,,,,GLOBAL_BASELINE_NO_ENTITY_RANKING,,,NOT_APPLICABLE_GLOBAL_BASELINE,HF9g-P5,,,,X 全窗基线 · 不参与实体赏罚,14194425,1420,A168_HF9F_20260827_0900,2026-08-27 09:00:00
2026-04-09,110249610,526,0,5.6809144000,-5.6809144000,-5.6809144000,0E-7,1,1,0.50665070000000000,0.506650700000,-1.013391052207602,-1.013391052207602,-1.013391052207602,0E-17,ELIGIBLE,R03b_20260811_FULL_v1,L1_ELIGIBILITY,v2026-08-11,2026-03-21..2026-08-06,baccarat_bet02_101_all_pairs_incl_sentinel,round_win = game_pnl > 0 (decisive only),COMPATIBILITY_ONLY_NOT_PRODUCTION,296357.1217,267511.9505,6650.6079,18220,18206,-0.02244119,-0.04150452,-0.02020951,-0.02244119,-6650.6079,296357.1217,OK,0.0000,266.0243,4.0000,96.0000,AG03-UNRESOLVED,ALL5_LEVELS_bet23_to_bet27,266.0243,266.0243,266.0243,332.5304,332.5304,4.000000,4.000000,4.000000,5.000000,5.000000,96.000000,96.000000,96.000000,95.000000,95.000000,5.0,1463.1337,1340.2688,5187.4742,5310.3391,PENDING_AG03,FALSE,NOT_FOR_ENFORCEMENT,6384.5836,256811.4724,6650.6079,6384.5836,266.0243,0.02244119,0.02154355,266.0243,6384.5836,0.02154355,266.0243,266.0243,266.0243,332.5304,332.5304,6384.5836,0.02154355,1463.1337,1340.2688,5187.4742,5310.3391,0.01750413,0.01791872,0.00089765,16.2655,14.6936,0.3653,59.3804,1.1678,2646.0457,162.5536,12.4780,16.8648,9.0895,16.5695,22.0926,29.825,33.4482,44.5976,11.8163,0.0,2.018664,2.691552,0.981654,30,240,141,4,0.10479828,0.02244119,0.04150452,0E-8,0.000000,0.902668,0.011910,-0.02129501,2026-03-22,2026-08-05,112,5695,2177,137,0.817518,0.739886,0.767145,0.349328,,,,,,,,GLOBAL_BASELINE_NO_ENTITY_RANKING,,,NOT_APPLICABLE_GLOBAL_BASELINE,HF9g-P5,,,,X 全窗基线 · 不参与实体赏罚,14194426,1420,A168_HF9F_20260827_0900,2026-08-27 09:00:00
2026-04-09,110249610,550,0,114.7544708797,-35.7897607198,-35.7897607198,0.4285714,11,11,0.49812011818181818,0.498120118182,-0.3680196745786343,-0.36801967457959595,-0.3680196745786343,-1.8182E-13,ELIGIBLE,R03b_20260811_FULL_v1,L1_ELIGIBILITY,v2026-08-11,2026-03-21..2026-08-06,baccarat_bet02_101_all_pairs_incl_sentinel,round_win = game_pnl > 0 (decisive only),COMPATIBILITY_ONLY_NOT_PRODUCTION,296357.1217,267511.9505,6650.6079,18220,18206,-0.02244119,-0.04150452,-0.02020951,-0.02244119,-6650.6079,296357.1217,OK,0.0000,266.0243,4.0000,96.0000,AG03-UNRESOLVED,ALL5_LEVELS_bet23_to_bet27,266.0243,266.0243,266.0243,332.5304,332.5304,4.000000,4.000000,4.000000,5.000000,5.000000,96.000000,96.000000,96.000000,95.000000,95.000000,5.0,1463.1337,1340.2688,5187.4742,5310.3391,PENDING_AG03,FALSE,NOT_FOR_ENFORCEMENT,6384.5836,256811.4724,6650.6079,6384.5836,266.0243,0.02244119,0.02154355,266.0243,6384.5836,0.02154355,266.0243,266.0243,266.0243,332.5304,332.5304,6384.5836,0.02154355,1463.1337,1340.2688,5187.4742,5310.3391,0.01750413,0.01791872,0.00089765,16.2655,14.6936,0.3653,59.3804,1.1678,2646.0457,162.5536,12.4780,16.8648,9.0895,16.5695,22.0926,29.825,33.4482,44.5976,11.8163,0.0,2.018664,2.691552,0.981654,30,240,141,4,0.10479828,0.02244119,0.04150452,0E-8,0.000000,0.902668,0.011910,-0.02129501,2026-03-22,2026-08-05,112,5695,2177,137,0.817518,0.739886,0.767145,0.349328,,,,,,,,GLOBAL_BASELINE_NO_ENTITY_RANKING,,,NOT_APPLICABLE_GLOBAL_BASELINE,HF9g-P5,,,,X 全窗基线 · 不参与实体赏罚,14194427,1420,A168_HF9F_20260827_0900,2026-08-27 09:00:00
2026-04-09,110249610,583,0,22.7236576000,-22.7236576000,-22.7236576000,0E-7,2,2,0.49324550000000000,0.493245500000,-1.3952362676504506,-1.3952362676504506,-1.3952362676504506,0E-17,ELIGIBLE,R03b_20260811_FULL_v1,L1_ELIGIBILITY,v2026-08-11,2026-03-21..2026-08-06,baccarat_bet02_101_all_pairs_incl_sentinel,round_win = game_pnl > 0 (decisive only),COMPATIBILITY_ONLY_NOT_PRODUCTION,296357.1217,267511.9505,6650.6079,18220,18206,-0.02244119,-0.04150452,-0.02020951,-0.02244119,-6650.6079,296357.1217,OK,0.0000,266.0243,4.0000,96.0000,AG03-UNRESOLVED,ALL5_LEVELS_bet23_to_bet27,266.0243,266.0243,266.0243,332.5304,332.5304,4.000000,4.000000,4.000000,5.000000,5.000000,96.000000,96.000000,96.000000,95.000000,95.000000,5.0,1463.1337,1340.2688,5187.4742,5310.3391,PENDING_AG03,FALSE,NOT_FOR_ENFORCEMENT,6384.5836,256811.4724,6650.6079,6384.5836,266.0243,0.02244119,0.02154355,266.0243,6384.5836,0.02154355,266.0243,266.0243,266.0243,332.5304,332.5304,6384.5836,0.02154355,1463.1337,1340.2688,5187.4742,5310.3391,0.01750413,0.01791872,0.00089765,16.2655,14.6936,0.3653,59.3804,1.1678,2646.0457,162.5536,12.4780,16.8648,9.0895,16.5695,22.0926,29.825,33.4482,44.5976,11.8163,0.0,2.018664,2.691552,0.981654,30,240,141,4,0.10479828,0.02244119,0.04150452,0E-8,0.000000,0.902668,0.011910,-0.02129501,2026-03-22,2026-08-05,112,5695,2177,137,0.817518,0.739886,0.767145,0.349328,,,,,,,,GLOBAL_BASELINE_NO_ENTITY_RANKING,,,NOT_APPLICABLE_GLOBAL_BASELINE,HF9g-P5,,,,X 全窗基线 · 不参与实体赏罚,14194428,1420,A168_HF9F_20260827_0900,2026-08-27 09:00:00
2026-04-09,110249610,595,0,3.7494035040,-3.7494035040,-3.7494035040,0E-7,1,1,0.50665070000000000,0.506650700000,-1.013391052207602,-1.013391052207602,-1.013391052207602,0E-17,ELIGIBLE,R03b_20260811_FULL_v1,L1_ELIGIBILITY,v2026-08-11,2026-03-21..2026-08-06,baccarat_bet02_101_all_pairs_incl_sentinel,round_win = game_pnl > 0 (decisive only),COMPATIBILITY_ONLY_NOT_PRODUCTION,296357.1217,267511.9505,6650.6079,18220,18206,-0.02244119,-0.04150452,-0.02020951,-0.02244119,-6650.6079,296357.1217,OK,0.0000,266.0243,4.0000,96.0000,AG03-UNRESOLVED,ALL5_LEVELS_bet23_to_bet27,266.0243,266.0243,266.0243,332.5304,332.5304,4.000000,4.000000,4.000000,5.000000,5.000000,96.000000,96.000000,96.000000,95.000000,95.000000,5.0,1463.1337,1340.2688,5187.4742,5310.3391,PENDING_AG03,FALSE,NOT_FOR_ENFORCEMENT,6384.5836,256811.4724,6650.6079,6384.5836,266.0243,0.02244119,0.02154355,266.0243,6384.5836,0.02154355,266.0243,266.0243,266.0243,332.5304,332.5304,6384.5836,0.02154355,1463.1337,1340.2688,5187.4742,5310.3391,0.01750413,0.01791872,0.00089765,16.2655,14.6936,0.3653,59.3804,1.1678,2646.0457,162.5536,12.4780,16.8648,9.0895,16.5695,22.0926,29.825,33.4482,44.5976,11.8163,0.0,2.018664,2.691552,0.981654,30,240,141,4,0.10479828,0.02244119,0.04150452,0E-8,0.000000,0.902668,0.011910,-0.02129501,2026-03-22,2026-08-05,112,5695,2177,137,0.817518,0.739886,0.767145,0.349328,,,,,,,,GLOBAL_BASELINE_NO_ENTITY_RANKING,,,NOT_APPLICABLE_GLOBAL_BASELINE,HF9g-P5,,,,X 全窗基线 · 不参与实体赏罚,14194429,1420,A168_HF9F_20260827_0900,2026-08-27 09:00:00
2026-04-09,110249610,772,0,21.5874747199,-21.5874747199,-21.5874747199,0E-7,2,2,0.49994810000000000,0.499948100000,-1.4140667746232096,-1.4140667746232096,-1.4140667746232096,0E-17,ELIGIBLE,R03b_20260811_FULL_v1,L1_ELIGIBILITY,v2026-08-11,2026-03-21..2026-08-06,baccarat_bet02_101_all_pairs_incl_sentinel,round_win = game_pnl > 0 (decisive only),COMPATIBILITY_ONLY_NOT_PRODUCTION,296357.1217,267511.9505,6650.6079,18220,18206,-0.02244119,-0.04150452,-0.02020951,-0.02244119,-6650.6079,296357.1217,OK,0.0000,266.0243,4.0000,96.0000,AG03-UNRESOLVED,ALL5_LEVELS_bet23_to_bet27,266.0243,266.0243,266.0243,332.5304,332.5304,4.000000,4.000000,4.000000,5.000000,5.000000,96.000000,96.000000,96.000000,95.000000,95.000000,5.0,1463.1337,1340.2688,5187.4742,5310.3391,PENDING_AG03,FALSE,NOT_FOR_ENFORCEMENT,6384.5836,256811.4724,6650.6079,6384.5836,266.0243,0.02244119,0.02154355,266.0243,6384.5836,0.02154355,266.0243,266.0243,266.0243,332.5304,332.5304,6384.5836,0.02154355,1463.1337,1340.2688,5187.4742,5310.3391,0.01750413,0.01791872,0.00089765,16.2655,14.6936,0.3653,59.3804,1.1678,2646.0457,162.5536,12.4780,16.8648,9.0895,16.5695,22.0926,29.825,33.4482,44.5976,11.8163,0.0,2.018664,2.691552,0.981654,30,240,141,4,0.10479828,0.02244119,0.04150452,0E-8,0.000000,0.902668,0.011910,-0.02129501,2026-03-22,2026-08-05,112,5695,2177,137,0.817518,0.739886,0.767145,0.349328,,,,,,,,GLOBAL_BASELINE_NO_ENTITY_RANKING,,,NOT_APPLICABLE_GLOBAL_BASELINE,HF9g-P5,,,,X 全窗基线 · 不参与实体赏罚,14194430,1420,A168_HF9F_20260827_0900,2026-08-27 09:00:00
2026-04-09,110249610,919,0,52.8325039200,-14.0602631400,-14.0602631400,0.4000000,5,5,0.50665070000000000,0.506650700000,-0.4769986289884125,-0.4769986289884125,-0.4769986289884125,0E-17,ELIGIBLE,R03b_20260811_FULL_v1,L1_ELIGIBILITY,v2026-08-11,2026-03-21..2026-08-06,baccarat_bet02_101_all_pairs_incl_sentinel,round_win = game_pnl > 0 (decisive only),COMPATIBILITY_ONLY_NOT_PRODUCTION,296357.1217,267511.9505,6650.6079,18220,18206,-0.02244119,-0.04150452,-0.02020951,-0.02244119,-6650.6079,296357.1217,OK,0.0000,266.0243,4.0000,96.0000,AG03-UNRESOLVED,ALL5_LEVELS_bet23_to_bet27,266.0243,266.0243,266.0243,332.5304,332.5304,4.000000,4.000000,4.000000,5.000000,5.000000,96.000000,96.000000,96.000000,95.000000,95.000000,5.0,1463.1337,1340.2688,5187.4742,5310.3391,PENDING_AG03,FALSE,NOT_FOR_ENFORCEMENT,6384.5836,256811.4724,6650.6079,6384.5836,266.0243,0.02244119,0.02154355,266.0243,6384.5836,0.02154355,266.0243,266.0243,266.0243,332.5304,332.5304,6384.5836,0.02154355,1463.1337,1340.2688,5187.4742,5310.3391,0.01750413,0.01791872,0.00089765,16.2655,14.6936,0.3653,59.3804,1.1678,2646.0457,162.5536,12.4780,16.8648,9.0895,16.5695,22.0926,29.825,33.4482,44.5976,11.8163,0.0,2.018664,2.691552,0.981654,30,240,141,4,0.10479828,0.02244119,0.04150452,0E-8,0.000000,0.902668,0.011910,-0.02129501,2026-03-22,2026-08-05,112,5695,2177,137,0.817518,0.739886,0.767145,0.349328,,,,,,,,GLOBAL_BASELINE_NO_ENTITY_RANKING,,,NOT_APPLICABLE_GLOBAL_BASELINE,HF9g-P5,,,,X 全窗基线 · 不参与实体赏罚,14194431,1420,A168_HF9F_20260827_0900,2026-08-27 09:00:00
2026-04-09,110249610,948,0,11.3618288000,10.7937373600,10.7937373600,1.0000000,1,1,0.50665070000000000,0.506650700000,0.9867858985152569,0.9867858985152569,0.9867858985152569,0E-17,ELIGIBLE,R03b_20260811_FULL_v1,L1_ELIGIBILITY,v2026-08-11,2026-03-21..2026-08-06,baccarat_bet02_101_all_pairs_incl_sentinel,round_win = game_pnl > 0 (decisive only),COMPATIBILITY_ONLY_NOT_PRODUCTION,296357.1217,267511.9505,6650.6079,18220,18206,-0.02244119,-0.04150452,-0.02020951,-0.02244119,-6650.6079,296357.1217,OK,0.0000,266.0243,4.0000,96.0000,AG03-UNRESOLVED,ALL5_LEVELS_bet23_to_bet27,266.0243,266.0243,266.0243,332.5304,332.5304,4.000000,4.000000,4.000000,5.000000,5.000000,96.000000,96.000000,96.000000,95.000000,95.000000,5.0,1463.1337,1340.2688,5187.4742,5310.3391,PENDING_AG03,FALSE,NOT_FOR_ENFORCEMENT,6384.5836,256811.4724,6650.6079,6384.5836,266.0243,0.02244119,0.02154355,266.0243,6384.5836,0.02154355,266.0243,266.0243,266.0243,332.5304,332.5304,6384.5836,0.02154355,1463.1337,1340.2688,5187.4742,5310.3391,0.01750413,0.01791872,0.00089765,16.2655,14.6936,0.3653,59.3804,1.1678,2646.0457,162.5536,12.4780,16.8648,9.0895,16.5695,22.0926,29.825,33.4482,44.5976,11.8163,0.0,2.018664,2.691552,0.981654,30,240,141,4,0.10479828,0.02244119,0.04150452,0E-8,0.000000,0.902668,0.011910,-0.02129501,2026-03-22,2026-08-05,112,5695,2177,137,0.817518,0.739886,0.767145,0.349328,,,,,,,,GLOBAL_BASELINE_NO_ENTITY_RANKING,,,NOT_APPLICABLE_GLOBAL_BASELINE,HF9g-P5,,,,X 全窗基线 · 不参与实体赏罚,14194432,1420,A168_HF9F_20260827_0900,2026-08-27 09:00:00
2026-04-10,110249610,-1,1,919.0583316285,-60.6039948195,-60.6039948195,0.4444444,57,57,0.49888979473684211,0.498889794737,-0.8001819350408746,-0.8001819350431946,-0.8001819350408746,-1.5789E-13,SENTINEL_DEALER,R03b_20260811_FULL_v1,L1_ELIGIBILITY,v2026-08-11,2026-03-21..2026-08-06,baccarat_bet02_101_all_pairs_incl_sentinel,round_win = game_pnl > 0 (decisive only),COMPATIBILITY_ONLY_NOT_PRODUCTION,296357.1217,267511.9505,6650.6079,18220,18206,-0.02244119,-0.04150452,-0.02020951,-0.02244119,-6650.6079,296357.1217,OK,0.0000,266.0243,4.0000,96.0000,AG03-UNRESOLVED,ALL5_LEVELS_bet23_to_bet27,266.0243,266.0243,266.0243,332.5304,332.5304,4.000000,4.000000,4.000000,5.000000,5.000000,96.000000,96.000000,96.000000,95.000000,95.000000,5.0,1463.1337,1340.2688,5187.4742,5310.3391,PENDING_AG03,FALSE,NOT_FOR_ENFORCEMENT,6384.5836,256811.4724,6650.6079,6384.5836,266.0243,0.02244119,0.02154355,266.0243,6384.5836,0.02154355,266.0243,266.0243,266.0243,332.5304,332.5304,6384.5836,0.02154355,1463.1337,1340.2688,5187.4742,5310.3391,0.01750413,0.01791872,0.00089765,16.2655,14.6936,0.3653,59.3804,1.1678,2646.0457,162.5536,12.4780,16.8648,9.0895,16.5695,22.0926,29.825,33.4482,44.5976,11.8163,0.0,2.018664,2.691552,0.981654,30,240,141,4,0.10479828,0.02244119,0.04150452,0E-8,0.000000,0.902668,0.011910,-0.02129501,2026-03-22,2026-08-05,112,5695,2177,137,0.817518,0.739886,0.767145,0.349328,,,,,,,,GLOBAL_BASELINE_NO_ENTITY_RANKING,,,NOT_APPLICABLE_GLOBAL_BASELINE,HF9g-P5,,,,X 全窗基线 · 不参与实体赏罚,14194433,1420,A168_HF9F_20260827_0900,2026-08-27 09:00:00
2026-04-10,110249610,1004,0,1.2498011680,-1.2498011680,-1.2498011680,0E-7,1,1,0.50665070000000000,0.506650700000,-1.013391052207602,-1.013391052207602,-1.013391052207602,0E-17,ELIGIBLE,R03b_20260811_FULL_v1,L1_ELIGIBILITY,v2026-08-11,2026-03-21..2026-08-06,baccarat_bet02_101_all_pairs_incl_sentinel,round_win = game_pnl > 0 (decisive only),COMPATIBILITY_ONLY_NOT_PRODUCTION,296357.1217,267511.9505,6650.6079,18220,18206,-0.02244119,-0.04150452,-0.02020951,-0.02244119,-6650.6079,296357.1217,OK,0.0000,266.0243,4.0000,96.0000,AG03-UNRESOLVED,ALL5_LEVELS_bet23_to_bet27,266.0243,266.0243,266.0243,332.5304,332.5304,4.000000,4.000000,4.000000,5.000000,5.000000,96.000000,96.000000,96.000000,95.000000,95.000000,5.0,1463.1337,1340.2688,5187.4742,5310.3391,PENDING_AG03,FALSE,NOT_FOR_ENFORCEMENT,6384.5836,256811.4724,6650.6079,6384.5836,266.0243,0.02244119,0.02154355,266.0243,6384.5836,0.02154355,266.0243,266.0243,266.0243,332.5304,332.5304,6384.5836,0.02154355,1463.1337,1340.2688,5187.4742,5310.3391,0.01750413,0.01791872,0.00089765,16.2655,14.6936,0.3653,59.3804,1.1678,2646.0457,162.5536,12.4780,16.8648,9.0895,16.5695,22.0926,29.825,33.4482,44.5976,11.8163,0.0,2.018664,2.691552,0.981654,30,240,141,4,0.10479828,0.02244119,0.04150452,0E-8,0.000000,0.902668,0.011910,-0.02129501,2026-03-22,2026-08-05,112,5695,2177,137,0.817518,0.739886,0.767145,0.349328,,,,,,,,GLOBAL_BASELINE_NO_ENTITY_RANKING,,,NOT_APPLICABLE_GLOBAL_BASELINE,HF9g-P5,,,,X 全窗基线 · 不参与实体赏罚,14194434,1420,A168_HF9F_20260827_0900,2026-08-27 09:00:00
2026-04-10,110249610,1330,0,34.0854863999,-34.0854863999,-34.0854863999,0E-7,2,2,0.49324550000000000,0.493245500000,-1.3952362676504506,-1.3952362676504506,-1.3952362676504506,0E-17,ELIGIBLE,R03b_20260811_FULL_v1,L1_ELIGIBILITY,v2026-08-11,2026-03-21..2026-08-06,baccarat_bet02_101_all_pairs_incl_sentinel,round_win = game_pnl > 0 (decisive only),COMPATIBILITY_ONLY_NOT_PRODUCTION,296357.1217,267511.9505,6650.6079,18220,18206,-0.02244119,-0.04150452,-0.02020951,-0.02244119,-6650.6079,296357.1217,OK,0.0000,266.0243,4.0000,96.0000,AG03-UNRESOLVED,ALL5_LEVELS_bet23_to_bet27,266.0243,266.0243,266.0243,332.5304,332.5304,4.000000,4.000000,4.000000,5.000000,5.000000,96.000000,96.000000,96.000000,95.000000,95.000000,5.0,1463.1337,1340.2688,5187.4742,5310.3391,PENDING_AG03,FALSE,NOT_FOR_ENFORCEMENT,6384.5836,256811.4724,6650.6079,6384.5836,266.0243,0.02244119,0.02154355,266.0243,6384.5836,0.02154355,266.0243,266.0243,266.0243,332.5304,332.5304,6384.5836,0.02154355,1463.1337,1340.2688,5187.4742,5310.3391,0.01750413,0.01791872,0.00089765,16.2655,14.6936,0.3653,59.3804,1.1678,2646.0457,162.5536,12.4780,16.8648,9.0895,16.5695,22.0926,29.825,33.4482,44.5976,11.8163,0.0,2.018664,2.691552,0.981654,30,240,141,4,0.10479828,0.02244119,0.04150452,0E-8,0.000000,0.902668,0.011910,-0.02129501,2026-03-22,2026-08-05,112,5695,2177,137,0.817518,0.739886,0.767145,0.349328,,,,,,,,GLOBAL_BASELINE_NO_ENTITY_RANKING,,,NOT_APPLICABLE_GLOBAL_BASELINE,HF9g-P5,,,,X 全窗基线 · 不参与实体赏罚,14194435,1420,A168_HF9F_20260827_0900,2026-08-27 09:00:00
2026-04-10,110249610,1374,0,38.0621264799,-38.0621264799,-38.0621264799,0E-7,2,2,0.49324550000000000,0.493245500000,-1.3952362676504506,-1.3952362676504506,-1.3952362676504506,0E-17,ELIGIBLE,R03b_20260811_FULL_v1,L1_ELIGIBILITY,v2026-08-11,2026-03-21..2026-08-06,baccarat_bet02_101_all_pairs_incl_sentinel,round_win = game_pnl > 0 (decisive only),COMPATIBILITY_ONLY_NOT_PRODUCTION,296357.1217,267511.9505,6650.6079,18220,18206,-0.02244119,-0.04150452,-0.02020951,-0.02244119,-6650.6079,296357.1217,OK,0.0000,266.0243,4.0000,96.0000,AG03-UNRESOLVED,ALL5_LEVELS_bet23_to_bet27,266.0243,266.0243,266.0243,332.5304,332.5304,4.000000,4.000000,4.000000,5.000000,5.000000,96.000000,96.000000,96.000000,95.000000,95.000000,5.0,1463.1337,1340.2688,5187.4742,5310.3391,PENDING_AG03,FALSE,NOT_FOR_ENFORCEMENT,6384.5836,256811.4724,6650.6079,6384.5836,266.0243,0.02244119,0.02154355,266.0243,6384.5836,0.02154355,266.0243,266.0243,266.0243,332.5304,332.5304,6384.5836,0.02154355,1463.1337,1340.2688,5187.4742,5310.3391,0.01750413,0.01791872,0.00089765,16.2655,14.6936,0.3653,59.3804,1.1678,2646.0457,162.5536,12.4780,16.8648,9.0895,16.5695,22.0926,29.825,33.4482,44.5976,11.8163,0.0,2.018664,2.691552,0.981654,30,240,141,4,0.10479828,0.02244119,0.04150452,0E-8,0.000000,0.902668,0.011910,-0.02129501,2026-03-22,2026-08-05,112,5695,2177,137,0.817518,0.739886,0.767145,0.349328,,,,,,,,GLOBAL_BASELINE_NO_ENTITY_RANKING,,,NOT_APPLICABLE_GLOBAL_BASELINE,HF9g-P5,,,,X 全窗基线 · 不参与实体赏罚,14194436,1420,A168_HF9F_20260827_0900,2026-08-27 09:00:00
2026-04-10,110249610,1383,0,45.4473151998,11.3618288000,11.3618288000,0.6666667,3,3,0.49324550000000000,0.493245500000,0.6008033672792107,0.6008033672792106,0.6008033672792107,0E-17,ELIGIBLE,R03b_20260811_FULL_v1,L1_ELIGIBILITY,v2026-08-11,2026-03-21..2026-08-06,baccarat_bet02_101_all_pairs_incl_sentinel,round_win = game_pnl > 0 (decisive only),COMPATIBILITY_ONLY_NOT_PRODUCTION,296357.1217,267511.9505,6650.6079,18220,18206,-0.02244119,-0.04150452,-0.02020951,-0.02244119,-6650.6079,296357.1217,OK,0.0000,266.0243,4.0000,96.0000,AG03-UNRESOLVED,ALL5_LEVELS_bet23_to_bet27,266.0243,266.0243,266.0243,332.5304,332.5304,4.000000,4.000000,4.000000,5.000000,5.000000,96.000000,96.000000,96.000000,95.000000,95.000000,5.0,1463.1337,1340.2688,5187.4742,5310.3391,PENDING_AG03,FALSE,NOT_FOR_ENFORCEMENT,6384.5836,256811.4724,6650.6079,6384.5836,266.0243,0.02244119,0.02154355,266.0243,6384.5836,0.02154355,266.0243,266.0243,266.0243,332.5304,332.5304,6384.5836,0.02154355,1463.1337,1340.2688,5187.4742,5310.3391,0.01750413,0.01791872,0.00089765,16.2655,14.6936,0.3653,59.3804,1.1678,2646.0457,162.5536,12.4780,16.8648,9.0895,16.5695,22.0926,29.825,33.4482,44.5976,11.8163,0.0,2.018664,2.691552,0.981654,30,240,141,4,0.10479828,0.02244119,0.04150452,0E-8,0.000000,0.902668,0.011910,-0.02129501,2026-03-22,2026-08-05,112,5695,2177,137,0.817518,0.739886,0.767145,0.349328,,,,,,,,GLOBAL_BASELINE_NO_ENTITY_RANKING,,,NOT_APPLICABLE_GLOBAL_BASELINE,HF9g-P5,,,,X 全窗基线 · 不参与实体赏罚,14194437,1420,A168_HF9F_20260827_0900,2026-08-27 09:00:00
2026-04-10,110249610,1385,0,11.8163019520,-11.8163019520,-11.8163019520,0E-7,1,1,0.50665070000000000,0.506650700000,-1.013391052207602,-1.013391052207602,-1.013391052207602,0E-17,ELIGIBLE,R03b_20260811_FULL_v1,L1_ELIGIBILITY,v2026-08-11,2026-03-21..2026-08-06,baccarat_bet02_101_all_pairs_incl_sentinel,round_win = game_pnl > 0 (decisive only),COMPATIBILITY_ONLY_NOT_PRODUCTION,296357.1217,267511.9505,6650.6079,18220,18206,-0.02244119,-0.04150452,-0.02020951,-0.02244119,-6650.6079,296357.1217,OK,0.0000,266.0243,4.0000,96.0000,AG03-UNRESOLVED,ALL5_LEVELS_bet23_to_bet27,266.0243,266.0243,266.0243,332.5304,332.5304,4.000000,4.000000,4.000000,5.000000,5.000000,96.000000,96.000000,96.000000,95.000000,95.000000,5.0,1463.1337,1340.2688,5187.4742,5310.3391,PENDING_AG03,FALSE,NOT_FOR_ENFORCEMENT,6384.5836,256811.4724,6650.6079,6384.5836,266.0243,0.02244119,0.02154355,266.0243,6384.5836,0.02154355,266.0243,266.0243,266.0243,332.5304,332.5304,6384.5836,0.02154355,1463.1337,1340.2688,5187.4742,5310.3391,0.01750413,0.01791872,0.00089765,16.2655,14.6936,0.3653,59.3804,1.1678,2646.0457,162.5536,12.4780,16.8648,9.0895,16.5695,22.0926,29.825,33.4482,44.5976,11.8163,0.0,2.018664,2.691552,0.981654,30,240,141,4,0.10479828,0.02244119,0.04150452,0E-8,0.000000,0.902668,0.011910,-0.02129501,2026-03-22,2026-08-05,112,5695,2177,137,0.817518,0.739886,0.767145,0.349328,,,,,,,,GLOBAL_BASELINE_NO_ENTITY_RANKING,,,NOT_APPLICABLE_GLOBAL_BASELINE,HF9g-P5,,,,X 全窗基线 · 不参与实体赏罚,14194438,1420,A168_HF9F_20260827_0900,2026-08-27 09:00:00
2026-04-10,110249610,1396,0,78.3966187196,-3.0676937760,-3.0676937760,0.5000000,4,4,0.50665070000000000,0.506650700000,-0.02660515369234503,-0.02660515369234503,-0.02660515369234503,0E-17,ELIGIBLE,R03b_20260811_FULL_v1,L1_ELIGIBILITY,v2026-08-11,2026-03-21..2026-08-06,baccarat_bet02_101_all_pairs_incl_sentinel,round_win = game_pnl > 0 (decisive only),COMPATIBILITY_ONLY_NOT_PRODUCTION,296357.1217,267511.9505,6650.6079,18220,18206,-0.02244119,-0.04150452,-0.02020951,-0.02244119,-6650.6079,296357.1217,OK,0.0000,266.0243,4.0000,96.0000,AG03-UNRESOLVED,ALL5_LEVELS_bet23_to_bet27,266.0243,266.0243,266.0243,332.5304,332.5304,4.000000,4.000000,4.000000,5.000000,5.000000,96.000000,96.000000,96.000000,95.000000,95.000000,5.0,1463.1337,1340.2688,5187.4742,5310.3391,PENDING_AG03,FALSE,NOT_FOR_ENFORCEMENT,6384.5836,256811.4724,6650.6079,6384.5836,266.0243,0.02244119,0.02154355,266.0243,6384.5836,0.02154355,266.0243,266.0243,266.0243,332.5304,332.5304,6384.5836,0.02154355,1463.1337,1340.2688,5187.4742,5310.3391,0.01750413,0.01791872,0.00089765,16.2655,14.6936,0.3653,59.3804,1.1678,2646.0457,162.5536,12.4780,16.8648,9.0895,16.5695,22.0926,29.825,33.4482,44.5976,11.8163,0.0,2.018664,2.691552,0.981654,30,240,141,4,0.10479828,0.02244119,0.04150452,0E-8,0.000000,0.902668,0.011910,-0.02129501,2026-03-22,2026-08-05,112,5695,2177,137,0.817518,0.739886,0.767145,0.349328,,,,,,,,GLOBAL_BASELINE_NO_ENTITY_RANKING,,,NOT_APPLICABLE_GLOBAL_BASELINE,HF9g-P5,,,,X 全窗基线 · 不参与实体赏罚,14194439,1420,A168_HF9F_20260827_0900,2026-08-27 09:00:00
2026-04-10,110249610,1401,0,11.3618288000,-11.3618288000,-11.3618288000,0E-7,1,1,0.49324550000000000,0.493245500000,-0.9865810262130424,-0.9865810262130424,-0.9865810262130424,0E-17,ELIGIBLE,R03b_20260811_FULL_v1,L1_ELIGIBILITY,v2026-08-11,2026-03-21..2026-08-06,baccarat_bet02_101_all_pairs_incl_sentinel,round_win = game_pnl > 0 (decisive only),COMPATIBILITY_ONLY_NOT_PRODUCTION,296357.1217,267511.9505,6650.6079,18220,18206,-0.02244119,-0.04150452,-0.02020951,-0.02244119,-6650.6079,296357.1217,OK,0.0000,266.0243,4.0000,96.0000,AG03-UNRESOLVED,ALL5_LEVELS_bet23_to_bet27,266.0243,266.0243,266.0243,332.5304,332.5304,4.000000,4.000000,4.000000,5.000000,5.000000,96.000000,96.000000,96.000000,95.000000,95.000000,5.0,1463.1337,1340.2688,5187.4742,5310.3391,PENDING_AG03,FALSE,NOT_FOR_ENFORCEMENT,6384.5836,256811.4724,6650.6079,6384.5836,266.0243,0.02244119,0.02154355,266.0243,6384.5836,0.02154355,266.0243,266.0243,266.0243,332.5304,332.5304,6384.5836,0.02154355,1463.1337,1340.2688,5187.4742,5310.3391,0.01750413,0.01791872,0.00089765,16.2655,14.6936,0.3653,59.3804,1.1678,2646.0457,162.5536,12.4780,16.8648,9.0895,16.5695,22.0926,29.825,33.4482,44.5976,11.8163,0.0,2.018664,2.691552,0.981654,30,240,141,4,0.10479828,0.02244119,0.04150452,0E-8,0.000000,0.902668,0.011910,-0.02129501,2026-03-22,2026-08-05,112,5695,2177,137,0.817518,0.739886,0.767145,0.349328,,,,,,,,GLOBAL_BASELINE_NO_ENTITY_RANKING,,,NOT_APPLICABLE_GLOBAL_BASELINE,HF9g-P5,,,,X 全窗基线 · 不参与实体赏罚,14194440,1420,A168_HF9F_20260827_0900,2026-08-27 09:00:00
2026-04-10,110249610,1509,0,34.0854864000,-11.3618288000,-11.3618288000,0.3333333,3,3,0.49771390000000000,0.497713900000,-0.5694369385616226,-0.5694369385616226,-0.5694369385616226,0E-17,ELIGIBLE,R03b_20260811_FULL_v1,L1_ELIGIBILITY,v2026-08-11,2026-03-21..2026-08-06,baccarat_bet02_101_all_pairs_incl_sentinel,round_win = game_pnl > 0 (decisive only),COMPATIBILITY_ONLY_NOT_PRODUCTION,296357.1217,267511.9505,6650.6079,18220,18206,-0.02244119,-0.04150452,-0.02020951,-0.02244119,-6650.6079,296357.1217,OK,0.0000,266.0243,4.0000,96.0000,AG03-UNRESOLVED,ALL5_LEVELS_bet23_to_bet27,266.0243,266.0243,266.0243,332.5304,332.5304,4.000000,4.000000,4.000000,5.000000,5.000000,96.000000,96.000000,96.000000,95.000000,95.000000,5.0,1463.1337,1340.2688,5187.4742,5310.3391,PENDING_AG03,FALSE,NOT_FOR_ENFORCEMENT,6384.5836,256811.4724,6650.6079,6384.5836,266.0243,0.02244119,0.02154355,266.0243,6384.5836,0.02154355,266.0243,266.0243,266.0243,332.5304,332.5304,6384.5836,0.02154355,1463.1337,1340.2688,5187.4742,5310.3391,0.01750413,0.01791872,0.00089765,16.2655,14.6936,0.3653,59.3804,1.1678,2646.0457,162.5536,12.4780,16.8648,9.0895,16.5695,22.0926,29.825,33.4482,44.5976,11.8163,0.0,2.018664,2.691552,0.981654,30,240,141,4,0.10479828,0.02244119,0.04150452,0E-8,0.000000,0.902668,0.011910,-0.02129501,2026-03-22,2026-08-05,112,5695,2177,137,0.817518,0.739886,0.767145,0.349328,,,,,,,,GLOBAL_BASELINE_NO_ENTITY_RANKING,,,NOT_APPLICABLE_GLOBAL_BASELINE,HF9g-P5,,,,X 全窗基线 · 不参与实体赏罚,14194441,1420,A168_HF9F_20260827_0900,2026-08-27 09:00:00
2026-04-10,110249610,1645,0,109.3007930555,22.5248255959,22.5248255959,0.6666667,6,6,0.50665070000000000,0.506650700000,0.7839842952205449,0.7839842952205449,0.7839842952205449,0E-17,ELIGIBLE,R03b_20260811_FULL_v1,L1_ELIGIBILITY,v2026-08-11,2026-03-21..2026-08-06,baccarat_bet02_101_all_pairs_incl_sentinel,round_win = game_pnl > 0 (decisive only),COMPATIBILITY_ONLY_NOT_PRODUCTION,296357.1217,267511.9505,6650.6079,18220,18206,-0.02244119,-0.04150452,-0.02020951,-0.02244119,-6650.6079,296357.1217,OK,0.0000,266.0243,4.0000,96.0000,AG03-UNRESOLVED,ALL5_LEVELS_bet23_to_bet27,266.0243,266.0243,266.0243,332.5304,332.5304,4.000000,4.000000,4.000000,5.000000,5.000000,96.000000,96.000000,96.000000,95.000000,95.000000,5.0,1463.1337,1340.2688,5187.4742,5310.3391,PENDING_AG03,FALSE,NOT_FOR_ENFORCEMENT,6384.5836,256811.4724,6650.6079,6384.5836,266.0243,0.02244119,0.02154355,266.0243,6384.5836,0.02154355,266.0243,266.0243,266.0243,332.5304,332.5304,6384.5836,0.02154355,1463.1337,1340.2688,5187.4742,5310.3391,0.01750413,0.01791872,0.00089765,16.2655,14.6936,0.3653,59.3804,1.1678,2646.0457,162.5536,12.4780,16.8648,9.0895,16.5695,22.0926,29.825,33.4482,44.5976,11.8163,0.0,2.018664,2.691552,0.981654,30,240,141,4,0.10479828,0.02244119,0.04150452,0E-8,0.000000,0.902668,0.011910,-0.02129501,2026-03-22,2026-08-05,112,5695,2177,137,0.817518,0.739886,0.767145,0.349328,,,,,,,,GLOBAL_BASELINE_NO_ENTITY_RANKING,,,NOT_APPLICABLE_GLOBAL_BASELINE,HF9g-P5,,,,X 全窗基线 · 不参与实体赏罚,14194442,1420,A168_HF9F_20260827_0900,2026-08-27 09:00:00
2026-04-10,110249610,1704,0,22.7236575999,-22.7236575999,-22.7236575999,0E-7,1,1,0.49324550000000000,0.493245500000,-0.9865810262130424,-0.9865810262130424,-0.9865810262130424,0E-17,ELIGIBLE,R03b_20260811_FULL_v1,L1_ELIGIBILITY,v2026-08-11,2026-03-21..2026-08-06,baccarat_bet02_101_all_pairs_incl_sentinel,round_win = game_pnl > 0 (decisive only),COMPATIBILITY_ONLY_NOT_PRODUCTION,296357.1217,267511.9505,6650.6079,18220,18206,-0.02244119,-0.04150452,-0.02020951,-0.02244119,-6650.6079,296357.1217,OK,0.0000,266.0243,4.0000,96.0000,AG03-UNRESOLVED,ALL5_LEVELS_bet23_to_bet27,266.0243,266.0243,266.0243,332.5304,332.5304,4.000000,4.000000,4.000000,5.000000,5.000000,96.000000,96.000000,96.000000,95.000000,95.000000,5.0,1463.1337,1340.2688,5187.4742,5310.3391,PENDING_AG03,FALSE,NOT_FOR_ENFORCEMENT,6384.5836,256811.4724,6650.6079,6384.5836,266.0243,0.02244119,0.02154355,266.0243,6384.5836,0.02154355,266.0243,266.0243,266.0243,332.5304,332.5304,6384.5836,0.02154355,1463.1337,1340.2688,5187.4742,5310.3391,0.01750413,0.01791872,0.00089765,16.2655,14.6936,0.3653,59.3804,1.1678,2646.0457,162.5536,12.4780,16.8648,9.0895,16.5695,22.0926,29.825,33.4482,44.5976,11.8163,0.0,2.018664,2.691552,0.981654,30,240,141,4,0.10479828,0.02244119,0.04150452,0E-8,0.000000,0.902668,0.011910,-0.02129501,2026-03-22,2026-08-05,112,5695,2177,137,0.817518,0.739886,0.767145,0.349328,,,,,,,,GLOBAL_BASELINE_NO_ENTITY_RANKING,,,NOT_APPLICABLE_GLOBAL_BASELINE,HF9g-P5,,,,X 全窗基线 · 不参与实体赏罚,14194443,1420,A168_HF9F_20260827_0900,2026-08-27 09:00:00
2026-04-10,110249610,1714,0,44.6519871838,-11.4186379440,-11.4186379440,0.3333333,3,3,0.50665070000000000,0.506650700000,-0.6004420894325239,-0.6004420894325239,-0.6004420894325239,0E-17,ELIGIBLE,R03b_20260811_FULL_v1,L1_ELIGIBILITY,v2026-08-11,2026-03-21..2026-08-06,baccarat_bet02_101_all_pairs_incl_sentinel,round_win = game_pnl > 0 (decisive only),COMPATIBILITY_ONLY_NOT_PRODUCTION,296357.1217,267511.9505,6650.6079,18220,18206,-0.02244119,-0.04150452,-0.02020951,-0.02244119,-6650.6079,296357.1217,OK,0.0000,266.0243,4.0000,96.0000,AG03-UNRESOLVED,ALL5_LEVELS_bet23_to_bet27,266.0243,266.0243,266.0243,332.5304,332.5304,4.000000,4.000000,4.000000,5.000000,5.000000,96.000000,96.000000,96.000000,95.000000,95.000000,5.0,1463.1337,1340.2688,5187.4742,5310.3391,PENDING_AG03,FALSE,NOT_FOR_ENFORCEMENT,6384.5836,256811.4724,6650.6079,6384.5836,266.0243,0.02244119,0.02154355,266.0243,6384.5836,0.02154355,266.0243,266.0243,266.0243,332.5304,332.5304,6384.5836,0.02154355,1463.1337,1340.2688,5187.4742,5310.3391,0.01750413,0.01791872,0.00089765,16.2655,14.6936,0.3653,59.3804,1.1678,2646.0457,162.5536,12.4780,16.8648,9.0895,16.5695,22.0926,29.825,33.4482,44.5976,11.8163,0.0,2.018664,2.691552,0.981654,30,240,141,4,0.10479828,0.02244119,0.04150452,0E-8,0.000000,0.902668,0.011910,-0.02129501,2026-03-22,2026-08-05,112,5695,2177,137,0.817518,0.739886,0.767145,0.349328,,,,,,,,GLOBAL_BASELINE_NO_ENTITY_RANKING,,,NOT_APPLICABLE_GLOBAL_BASELINE,HF9g-P5,,,,X 全窗基线 · 不参与实体赏罚,14194444,1420,A168_HF9F_20260827_0900,2026-08-27 09:00:00
2026-04-10,110249610,1750,0,11.3618288000,-11.3618288000,-11.3618288000,0E-7,1,1,0.49324550000000000,0.493245500000,-0.9865810262130424,-0.9865810262130424,-0.9865810262130424,0E-17,ELIGIBLE,R03b_20260811_FULL_v1,L1_ELIGIBILITY,v2026-08-11,2026-03-21..2026-08-06,baccarat_bet02_101_all_pairs_incl_sentinel,round_win = game_pnl > 0 (decisive only),COMPATIBILITY_ONLY_NOT_PRODUCTION,296357.1217,267511.9505,6650.6079,18220,18206,-0.02244119,-0.04150452,-0.02020951,-0.02244119,-6650.6079,296357.1217,OK,0.0000,266.0243,4.0000,96.0000,AG03-UNRESOLVED,ALL5_LEVELS_bet23_to_bet27,266.0243,266.0243,266.0243,332.5304,332.5304,4.000000,4.000000,4.000000,5.000000,5.000000,96.000000,96.000000,96.000000,95.000000,95.000000,5.0,1463.1337,1340.2688,5187.4742,5310.3391,PENDING_AG03,FALSE,NOT_FOR_ENFORCEMENT,6384.5836,256811.4724,6650.6079,6384.5836,266.0243,0.02244119,0.02154355,266.0243,6384.5836,0.02154355,266.0243,266.0243,266.0243,332.5304,332.5304,6384.5836,0.02154355,1463.1337,1340.2688,5187.4742,5310.3391,0.01750413,0.01791872,0.00089765,16.2655,14.6936,0.3653,59.3804,1.1678,2646.0457,162.5536,12.4780,16.8648,9.0895,16.5695,22.0926,29.825,33.4482,44.5976,11.8163,0.0,2.018664,2.691552,0.981654,30,240,141,4,0.10479828,0.02244119,0.04150452,0E-8,0.000000,0.902668,0.011910,-0.02129501,2026-03-22,2026-08-05,112,5695,2177,137,0.817518,0.739886,0.767145,0.349328,,,,,,,,GLOBAL_BASELINE_NO_ENTITY_RANKING,,,NOT_APPLICABLE_GLOBAL_BASELINE,HF9g-P5,,,,X 全窗基线 · 不参与实体赏罚,14194445,1420,A168_HF9F_20260827_0900,2026-08-27 09:00:00
2026-04-10,110249610,1940,0,33.5173949599,31.8415252119,31.8415252119,1.0000000,2,2,0.50665070000000000,0.506650700000,1.3955260008387969,1.3955260008387969,1.3955260008387969,0E-17,ELIGIBLE,R03b_20260811_FULL_v1,L1_ELIGIBILITY,v2026-08-11,2026-03-21..2026-08-06,baccarat_bet02_101_all_pairs_incl_sentinel,round_win = game_pnl > 0 (decisive only),COMPATIBILITY_ONLY_NOT_PRODUCTION,296357.1217,267511.9505,6650.6079,18220,18206,-0.02244119,-0.04150452,-0.02020951,-0.02244119,-6650.6079,296357.1217,OK,0.0000,266.0243,4.0000,96.0000,AG03-UNRESOLVED,ALL5_LEVELS_bet23_to_bet27,266.0243,266.0243,266.0243,332.5304,332.5304,4.000000,4.000000,4.000000,5.000000,5.000000,96.000000,96.000000,96.000000,95.000000,95.000000,5.0,1463.1337,1340.2688,5187.4742,5310.3391,PENDING_AG03,FALSE,NOT_FOR_ENFORCEMENT,6384.5836,256811.4724,6650.6079,6384.5836,266.0243,0.02244119,0.02154355,266.0243,6384.5836,0.02154355,266.0243,266.0243,266.0243,332.5304,332.5304,6384.5836,0.02154355,1463.1337,1340.2688,5187.4742,5310.3391,0.01750413,0.01791872,0.00089765,16.2655,14.6936,0.3653,59.3804,1.1678,2646.0457,162.5536,12.4780,16.8648,9.0895,16.5695,22.0926,29.825,33.4482,44.5976,11.8163,0.0,2.018664,2.691552,0.981654,30,240,141,4,0.10479828,0.02244119,0.04150452,0E-8,0.000000,0.902668,0.011910,-0.02129501,2026-03-22,2026-08-05,112,5695,2177,137,0.817518,0.739886,0.767145,0.349328,,,,,,,,GLOBAL_BASELINE_NO_ENTITY_RANKING,,,NOT_APPLICABLE_GLOBAL_BASELINE,HF9g-P5,,,,X 全窗基线 · 不参与实体赏罚,14194446,1420,A168_HF9F_20260827_0900,2026-08-27 09:00:00
2026-04-10,110249610,1985,0,69.8752471197,-8.5213715999,-8.5213715999,0.5000000,4,4,0.49324550000000000,0.493245500000,0.027020465636507562,0.027020465636507562,0.027020465636507562,0E-17,ELIGIBLE,R03b_20260811_FULL_v1,L1_ELIGIBILITY,v2026-08-11,2026-03-21..2026-08-06,baccarat_bet02_101_all_pairs_incl_sentinel,round_win = game_pnl > 0 (decisive only),COMPATIBILITY_ONLY_NOT_PRODUCTION,296357.1217,267511.9505,6650.6079,18220,18206,-0.02244119,-0.04150452,-0.02020951,-0.02244119,-6650.6079,296357.1217,OK,0.0000,266.0243,4.0000,96.0000,AG03-UNRESOLVED,ALL5_LEVELS_bet23_to_bet27,266.0243,266.0243,266.0243,332.5304,332.5304,4.000000,4.000000,4.000000,5.000000,5.000000,96.000000,96.000000,96.000000,95.000000,95.000000,5.0,1463.1337,1340.2688,5187.4742,5310.3391,PENDING_AG03,FALSE,NOT_FOR_ENFORCEMENT,6384.5836,256811.4724,6650.6079,6384.5836,266.0243,0.02244119,0.02154355,266.0243,6384.5836,0.02154355,266.0243,266.0243,266.0243,332.5304,332.5304,6384.5836,0.02154355,1463.1337,1340.2688,5187.4742,5310.3391,0.01750413,0.01791872,0.00089765,16.2655,14.6936,0.3653,59.3804,1.1678,2646.0457,162.5536,12.4780,16.8648,9.0895,16.5695,22.0926,29.825,33.4482,44.5976,11.8163,0.0,2.018664,2.691552,0.981654,30,240,141,4,0.10479828,0.02244119,0.04150452,0E-8,0.000000,0.902668,0.011910,-0.02129501,2026-03-22,2026-08-05,112,5695,2177,137,0.817518,0.739886,0.767145,0.349328,,,,,,,,GLOBAL_BASELINE_NO_ENTITY_RANKING,,,NOT_APPLICABLE_GLOBAL_BASELINE,HF9g-P5,,,,X 全窗基线 · 不参与实体赏罚,14194447,1420,A168_HF9F_20260827_0900,2026-08-27 09:00:00
2026-04-10,110249610,1990,0,11.3618288000,-11.3618288000,-11.3618288000,0E-7,1,1,0.50665070000000000,0.506650700000,-1.013391052207602,-1.013391052207602,-1.013391052207602,0E-17,ELIGIBLE,R03b_20260811_FULL_v1,L1_ELIGIBILITY,v2026-08-11,2026-03-21..2026-08-06,baccarat_bet02_101_all_pairs_incl_sentinel,round_win = game_pnl > 0 (decisive only),COMPATIBILITY_ONLY_NOT_PRODUCTION,296357.1217,267511.9505,6650.6079,18220,18206,-0.02244119,-0.04150452,-0.02020951,-0.02244119,-6650.6079,296357.1217,OK,0.0000,266.0243,4.0000,96.0000,AG03-UNRESOLVED,ALL5_LEVELS_bet23_to_bet27,266.0243,266.0243,266.0243,332.5304,332.5304,4.000000,4.000000,4.000000,5.000000,5.000000,96.000000,96.000000,96.000000,95.000000,95.000000,5.0,1463.1337,1340.2688,5187.4742,5310.3391,PENDING_AG03,FALSE,NOT_FOR_ENFORCEMENT,6384.5836,256811.4724,6650.6079,6384.5836,266.0243,0.02244119,0.02154355,266.0243,6384.5836,0.02154355,266.0243,266.0243,266.0243,332.5304,332.5304,6384.5836,0.02154355,1463.1337,1340.2688,5187.4742,5310.3391,0.01750413,0.01791872,0.00089765,16.2655,14.6936,0.3653,59.3804,1.1678,2646.0457,162.5536,12.4780,16.8648,9.0895,16.5695,22.0926,29.825,33.4482,44.5976,11.8163,0.0,2.018664,2.691552,0.981654,30,240,141,4,0.10479828,0.02244119,0.04150452,0E-8,0.000000,0.902668,0.011910,-0.02129501,2026-03-22,2026-08-05,112,5695,2177,137,0.817518,0.739886,0.767145,0.349328,,,,,,,,GLOBAL_BASELINE_NO_ENTITY_RANKING,,,NOT_APPLICABLE_GLOBAL_BASELINE,HF9g-P5,,,,X 全窗基线 · 不参与实体赏罚,14194448,1420,A168_HF9F_20260827_0900,2026-08-27 09:00:00
2026-04-10,110249610,2127,0,11.3618288000,11.3618288000,11.3618288000,1.0000000,1,1,0.49324550000000000,0.493245500000,1.01360149184955,1.01360149184955,1.01360149184955,0E-17,ELIGIBLE,R03b_20260811_FULL_v1,L1_ELIGIBILITY,v2026-08-11,2026-03-21..2026-08-06,baccarat_bet02_101_all_pairs_incl_sentinel,round_win = game_pnl > 0 (decisive only),COMPATIBILITY_ONLY_NOT_PRODUCTION,296357.1217,267511.9505,6650.6079,18220,18206,-0.02244119,-0.04150452,-0.02020951,-0.02244119,-6650.6079,296357.1217,OK,0.0000,266.0243,4.0000,96.0000,AG03-UNRESOLVED,ALL5_LEVELS_bet23_to_bet27,266.0243,266.0243,266.0243,332.5304,332.5304,4.000000,4.000000,4.000000,5.000000,5.000000,96.000000,96.000000,96.000000,95.000000,95.000000,5.0,1463.1337,1340.2688,5187.4742,5310.3391,PENDING_AG03,FALSE,NOT_FOR_ENFORCEMENT,6384.5836,256811.4724,6650.6079,6384.5836,266.0243,0.02244119,0.02154355,266.0243,6384.5836,0.02154355,266.0243,266.0243,266.0243,332.5304,332.5304,6384.5836,0.02154355,1463.1337,1340.2688,5187.4742,5310.3391,0.01750413,0.01791872,0.00089765,16.2655,14.6936,0.3653,59.3804,1.1678,2646.0457,162.5536,12.4780,16.8648,9.0895,16.5695,22.0926,29.825,33.4482,44.5976,11.8163,0.0,2.018664,2.691552,0.981654,30,240,141,4,0.10479828,0.02244119,0.04150452,0E-8,0.000000,0.902668,0.011910,-0.02129501,2026-03-22,2026-08-05,112,5695,2177,137,0.817518,0.739886,0.767145,0.349328,,,,,,,,GLOBAL_BASELINE_NO_ENTITY_RANKING,,,NOT_APPLICABLE_GLOBAL_BASELINE,HF9g-P5,,,,X 全窗基线 · 不参与实体赏罚,14194449,1420,A168_HF9F_20260827_0900,2026-08-27 09:00:00
2026-04-10,110249610,2152,0,28.4045719999,-11.3618288000,-11.3618288000,0E-7,2,2,0.49324550000000000,0.493245500000,-0.9865810262130424,-0.9865810262130424,-0.9865810262130424,0E-17,ELIGIBLE,R03b_20260811_FULL_v1,L1_ELIGIBILITY,v2026-08-11,2026-03-21..2026-08-06,baccarat_bet02_101_all_pairs_incl_sentinel,round_win = game_pnl > 0 (decisive only),COMPATIBILITY_ONLY_NOT_PRODUCTION,296357.1217,267511.9505,6650.6079,18220,18206,-0.02244119,-0.04150452,-0.02020951,-0.02244119,-6650.6079,296357.1217,OK,0.0000,266.0243,4.0000,96.0000,AG03-UNRESOLVED,ALL5_LEVELS_bet23_to_bet27,266.0243,266.0243,266.0243,332.5304,332.5304,4.000000,4.000000,4.000000,5.000000,5.000000,96.000000,96.000000,96.000000,95.000000,95.000000,5.0,1463.1337,1340.2688,5187.4742,5310.3391,PENDING_AG03,FALSE,NOT_FOR_ENFORCEMENT,6384.5836,256811.4724,6650.6079,6384.5836,266.0243,0.02244119,0.02154355,266.0243,6384.5836,0.02154355,266.0243,266.0243,266.0243,332.5304,332.5304,6384.5836,0.02154355,1463.1337,1340.2688,5187.4742,5310.3391,0.01750413,0.01791872,0.00089765,16.2655,14.6936,0.3653,59.3804,1.1678,2646.0457,162.5536,12.4780,16.8648,9.0895,16.5695,22.0926,29.825,33.4482,44.5976,11.8163,0.0,2.018664,2.691552,0.981654,30,240,141,4,0.10479828,0.02244119,0.04150452,0E-8,0.000000,0.902668,0.011910,-0.02129501,2026-03-22,2026-08-05,112,5695,2177,137,0.817518,0.739886,0.767145,0.349328,,,,,,,,GLOBAL_BASELINE_NO_ENTITY_RANKING,,,NOT_APPLICABLE_GLOBAL_BASELINE,HF9g-P5,,,,X 全窗基线 · 不参与实体赏罚,14194450,1420,A168_HF9F_20260827_0900,2026-08-27 09:00:00
2026-04-10,110249610,2153,0,5.6809144000,-5.6809144000,-5.6809144000,0E-7,1,1,0.50665070000000000,0.506650700000,-1.013391052207602,-1.013391052207602,-1.013391052207602,0E-17,ELIGIBLE,R03b_20260811_FULL_v1,L1_ELIGIBILITY,v2026-08-11,2026-03-21..2026-08-06,baccarat_bet02_101_all_pairs_incl_sentinel,round_win = game_pnl > 0 (decisive only),COMPATIBILITY_ONLY_NOT_PRODUCTION,296357.1217,267511.9505,6650.6079,18220,18206,-0.02244119,-0.04150452,-0.02020951,-0.02244119,-6650.6079,296357.1217,OK,0.0000,266.0243,4.0000,96.0000,AG03-UNRESOLVED,ALL5_LEVELS_bet23_to_bet27,266.0243,266.0243,266.0243,332.5304,332.5304,4.000000,4.000000,4.000000,5.000000,5.000000,96.000000,96.000000,96.000000,95.000000,95.000000,5.0,1463.1337,1340.2688,5187.4742,5310.3391,PENDING_AG03,FALSE,NOT_FOR_ENFORCEMENT,6384.5836,256811.4724,6650.6079,6384.5836,266.0243,0.02244119,0.02154355,266.0243,6384.5836,0.02154355,266.0243,266.0243,266.0243,332.5304,332.5304,6384.5836,0.02154355,1463.1337,1340.2688,5187.4742,5310.3391,0.01750413,0.01791872,0.00089765,16.2655,14.6936,0.3653,59.3804,1.1678,2646.0457,162.5536,12.4780,16.8648,9.0895,16.5695,22.0926,29.825,33.4482,44.5976,11.8163,0.0,2.018664,2.691552,0.981654,30,240,141,4,0.10479828,0.02244119,0.04150452,0E-8,0.000000,0.902668,0.011910,-0.02129501,2026-03-22,2026-08-05,112,5695,2177,137,0.817518,0.739886,0.767145,0.349328,,,,,,,,GLOBAL_BASELINE_NO_ENTITY_RANKING,,,NOT_APPLICABLE_GLOBAL_BASELINE,HF9g-P5,,,,X 全窗基线 · 不参与实体赏罚,14194451,1420,A168_HF9F_20260827_0900,2026-08-27 09:00:00
2026-04-10,110249610,2216,0,73.8518871997,5.6809143999,5.6809143999,0.6666667,4,4,0.49324550000000000,0.493245500000,0.6008033672792107,0.6008033672792106,0.6008033672792107,0E-17,ELIGIBLE,R03b_20260811_FULL_v1,L1_ELIGIBILITY,v2026-08-11,2026-03-21..2026-08-06,baccarat_bet02_101_all_pairs_incl_sentinel,round_win = game_pnl > 0 (decisive only),COMPATIBILITY_ONLY_NOT_PRODUCTION,296357.1217,267511.9505,6650.6079,18220,18206,-0.02244119,-0.04150452,-0.02020951,-0.02244119,-6650.6079,296357.1217,OK,0.0000,266.0243,4.0000,96.0000,AG03-UNRESOLVED,ALL5_LEVELS_bet23_to_bet27,266.0243,266.0243,266.0243,332.5304,332.5304,4.000000,4.000000,4.000000,5.000000,5.000000,96.000000,96.000000,96.000000,95.000000,95.000000,5.0,1463.1337,1340.2688,5187.4742,5310.3391,PENDING_AG03,FALSE,NOT_FOR_ENFORCEMENT,6384.5836,256811.4724,6650.6079,6384.5836,266.0243,0.02244119,0.02154355,266.0243,6384.5836,0.02154355,266.0243,266.0243,266.0243,332.5304,332.5304,6384.5836,0.02154355,1463.1337,1340.2688,5187.4742,5310.3391,0.01750413,0.01791872,0.00089765,16.2655,14.6936,0.3653,59.3804,1.1678,2646.0457,162.5536,12.4780,16.8648,9.0895,16.5695,22.0926,29.825,33.4482,44.5976,11.8163,0.0,2.018664,2.691552,0.981654,30,240,141,4,0.10479828,0.02244119,0.04150452,0E-8,0.000000,0.902668,0.011910,-0.02129501,2026-03-22,2026-08-05,112,5695,2177,137,0.817518,0.739886,0.767145,0.349328,,,,,,,,GLOBAL_BASELINE_NO_ENTITY_RANKING,,,NOT_APPLICABLE_GLOBAL_BASELINE,HF9g-P5,,,,X 全窗基线 · 不参与实体赏罚,14194452,1420,A168_HF9F_20260827_0900,2026-08-27 09:00:00
2026-04-10,110249610,2220,0,245.9835935190,41.4706751197,41.4706751197,0.6363636,13,13,0.49324550000000000,0.493245500000,0.9494249537214775,0.9494249537214775,0.9494249537214775,0E-17,ELIGIBLE,R03b_20260811_FULL_v1,L1_ELIGIBILITY,v2026-08-11,2026-03-21..2026-08-06,baccarat_bet02_101_all_pairs_incl_sentinel,round_win = game_pnl > 0 (decisive only),COMPATIBILITY_ONLY_NOT_PRODUCTION,296357.1217,267511.9505,6650.6079,18220,18206,-0.02244119,-0.04150452,-0.02020951,-0.02244119,-6650.6079,296357.1217,OK,0.0000,266.0243,4.0000,96.0000,AG03-UNRESOLVED,ALL5_LEVELS_bet23_to_bet27,266.0243,266.0243,266.0243,332.5304,332.5304,4.000000,4.000000,4.000000,5.000000,5.000000,96.000000,96.000000,96.000000,95.000000,95.000000,5.0,1463.1337,1340.2688,5187.4742,5310.3391,PENDING_AG03,FALSE,NOT_FOR_ENFORCEMENT,6384.5836,256811.4724,6650.6079,6384.5836,266.0243,0.02244119,0.02154355,266.0243,6384.5836,0.02154355,266.0243,266.0243,266.0243,332.5304,332.5304,6384.5836,0.02154355,1463.1337,1340.2688,5187.4742,5310.3391,0.01750413,0.01791872,0.00089765,16.2655,14.6936,0.3653,59.3804,1.1678,2646.0457,162.5536,12.4780,16.8648,9.0895,16.5695,22.0926,29.825,33.4482,44.5976,11.8163,0.0,2.018664,2.691552,0.981654,30,240,141,4,0.10479828,0.02244119,0.04150452,0E-8,0.000000,0.902668,0.011910,-0.02129501,2026-03-22,2026-08-05,112,5695,2177,137,0.817518,0.739886,0.767145,0.349328,,,,,,,,GLOBAL_BASELINE_NO_ENTITY_RANKING,,,NOT_APPLICABLE_GLOBAL_BASELINE,HF9g-P5,,,,X 全窗基线 · 不参与实体赏罚,14194453,1420,A168_HF9F_20260827_0900,2026-08-27 09:00:00
2026-04-10,110249610,2232,0,73.2837957599,-5.1128229599,-5.1128229599,0.5000000,6,6,0.49324550000000000,0.493245500000,0.03309317671092531,0.03309317671092531,0.03309317671092531,0E-17,ELIGIBLE,R03b_20260811_FULL_v1,L1_ELIGIBILITY,v2026-08-11,2026-03-21..2026-08-06,baccarat_bet02_101_all_pairs_incl_sentinel,round_win = game_pnl > 0 (decisive only),COMPATIBILITY_ONLY_NOT_PRODUCTION,296357.1217,267511.9505,6650.6079,18220,18206,-0.02244119,-0.04150452,-0.02020951,-0.02244119,-6650.6079,296357.1217,OK,0.0000,266.0243,4.0000,96.0000,AG03-UNRESOLVED,ALL5_LEVELS_bet23_to_bet27,266.0243,266.0243,266.0243,332.5304,332.5304,4.000000,4.000000,4.000000,5.000000,5.000000,96.000000,96.000000,96.000000,95.000000,95.000000,5.0,1463.1337,1340.2688,5187.4742,5310.3391,PENDING_AG03,FALSE,NOT_FOR_ENFORCEMENT,6384.5836,256811.4724,6650.6079,6384.5836,266.0243,0.02244119,0.02154355,266.0243,6384.5836,0.02154355,266.0243,266.0243,266.0243,332.5304,332.5304,6384.5836,0.02154355,1463.1337,1340.2688,5187.4742,5310.3391,0.01750413,0.01791872,0.00089765,16.2655,14.6936,0.3653,59.3804,1.1678,2646.0457,162.5536,12.4780,16.8648,9.0895,16.5695,22.0926,29.825,33.4482,44.5976,11.8163,0.0,2.018664,2.691552,0.981654,30,240,141,4,0.10479828,0.02244119,0.04150452,0E-8,0.000000,0.902668,0.011910,-0.02129501,2026-03-22,2026-08-05,112,5695,2177,137,0.817518,0.739886,0.767145,0.349328,,,,,,,,GLOBAL_BASELINE_NO_ENTITY_RANKING,,,NOT_APPLICABLE_GLOBAL_BASELINE,HF9g-P5,,,,X 全窗基线 · 不参与实体赏罚,14194454,1420,A168_HF9F_20260827_0900,2026-08-27 09:00:00
2026-04-10,110249610,2244,0,11.3618288000,-11.3618288000,-11.3618288000,0E-7,1,1,0.50665070000000000,0.506650700000,-1.013391052207602,-1.013391052207602,-1.013391052207602,0E-17,ELIGIBLE,R03b_20260811_FULL_v1,L1_ELIGIBILITY,v2026-08-11,2026-03-21..2026-08-06,baccarat_bet02_101_all_pairs_incl_sentinel,round_win = game_pnl > 0 (decisive only),COMPATIBILITY_ONLY_NOT_PRODUCTION,296357.1217,267511.9505,6650.6079,18220,18206,-0.02244119,-0.04150452,-0.02020951,-0.02244119,-6650.6079,296357.1217,OK,0.0000,266.0243,4.0000,96.0000,AG03-UNRESOLVED,ALL5_LEVELS_bet23_to_bet27,266.0243,266.0243,266.0243,332.5304,332.5304,4.000000,4.000000,4.000000,5.000000,5.000000,96.000000,96.000000,96.000000,95.000000,95.000000,5.0,1463.1337,1340.2688,5187.4742,5310.3391,PENDING_AG03,FALSE,NOT_FOR_ENFORCEMENT,6384.5836,256811.4724,6650.6079,6384.5836,266.0243,0.02244119,0.02154355,266.0243,6384.5836,0.02154355,266.0243,266.0243,266.0243,332.5304,332.5304,6384.5836,0.02154355,1463.1337,1340.2688,5187.4742,5310.3391,0.01750413,0.01791872,0.00089765,16.2655,14.6936,0.3653,59.3804,1.1678,2646.0457,162.5536,12.4780,16.8648,9.0895,16.5695,22.0926,29.825,33.4482,44.5976,11.8163,0.0,2.018664,2.691552,0.981654,30,240,141,4,0.10479828,0.02244119,0.04150452,0E-8,0.000000,0.902668,0.011910,-0.02129501,2026-03-22,2026-08-05,112,5695,2177,137,0.817518,0.739886,0.767145,0.349328,,,,,,,,GLOBAL_BASELINE_NO_ENTITY_RANKING,,,NOT_APPLICABLE_GLOBAL_BASELINE,HF9g-P5,,,,X 全窗基线 · 不参与实体赏罚,14194455,1420,A168_HF9F_20260827_0900,2026-08-27 09:00:00
2026-04-10,110249610,2246,0,96.9163996635,6.0217692639,6.0217692639,0.5000000,6,6,0.49547970000000000,0.495479700000,0.022145762000773162,0.022145762000773162,0.022145762000773162,0E-17,ELIGIBLE,R03b_20260811_FULL_v1,L1_ELIGIBILITY,v2026-08-11,2026-03-21..2026-08-06,baccarat_bet02_101_all_pairs_incl_sentinel,round_win = game_pnl > 0 (decisive only),COMPATIBILITY_ONLY_NOT_PRODUCTION,296357.1217,267511.9505,6650.6079,18220,18206,-0.02244119,-0.04150452,-0.02020951,-0.02244119,-6650.6079,296357.1217,OK,0.0000,266.0243,4.0000,96.0000,AG03-UNRESOLVED,ALL5_LEVELS_bet23_to_bet27,266.0243,266.0243,266.0243,332.5304,332.5304,4.000000,4.000000,4.000000,5.000000,5.000000,96.000000,96.000000,96.000000,95.000000,95.000000,5.0,1463.1337,1340.2688,5187.4742,5310.3391,PENDING_AG03,FALSE,NOT_FOR_ENFORCEMENT,6384.5836,256811.4724,6650.6079,6384.5836,266.0243,0.02244119,0.02154355,266.0243,6384.5836,0.02154355,266.0243,266.0243,266.0243,332.5304,332.5304,6384.5836,0.02154355,1463.1337,1340.2688,5187.4742,5310.3391,0.01750413,0.01791872,0.00089765,16.2655,14.6936,0.3653,59.3804,1.1678,2646.0457,162.5536,12.4780,16.8648,9.0895,16.5695,22.0926,29.825,33.4482,44.5976,11.8163,0.0,2.018664,2.691552,0.981654,30,240,141,4,0.10479828,0.02244119,0.04150452,0E-8,0.000000,0.902668,0.011910,-0.02129501,2026-03-22,2026-08-05,112,5695,2177,137,0.817518,0.739886,0.767145,0.349328,,,,,,,,GLOBAL_BASELINE_NO_ENTITY_RANKING,,,NOT_APPLICABLE_GLOBAL_BASELINE,HF9g-P5,,,,X 全窗基线 · 不参与实体赏罚,14194456,1420,A168_HF9F_20260827_0900,2026-08-27 09:00:00
2026-04-10,110249610,2248,0,91.1218669757,-11.1345922238,-11.1345922238,0.5000000,6,6,0.49771390000000000,0.497713900000,0.009144495583398339,0.009144495583398339,0.009144495583398339,0E-17,ELIGIBLE,R03b_20260811_FULL_v1,L1_ELIGIBILITY,v2026-08-11,2026-03-21..2026-08-06,baccarat_bet02_101_all_pairs_incl_sentinel,round_win = game_pnl > 0 (decisive only),COMPATIBILITY_ONLY_NOT_PRODUCTION,296357.1217,267511.9505,6650.6079,18220,18206,-0.02244119,-0.04150452,-0.02020951,-0.02244119,-6650.6079,296357.1217,OK,0.0000,266.0243,4.0000,96.0000,AG03-UNRESOLVED,ALL5_LEVELS_bet23_to_bet27,266.0243,266.0243,266.0243,332.5304,332.5304,4.000000,4.000000,4.000000,5.000000,5.000000,96.000000,96.000000,96.000000,95.000000,95.000000,5.0,1463.1337,1340.2688,5187.4742,5310.3391,PENDING_AG03,FALSE,NOT_FOR_ENFORCEMENT,6384.5836,256811.4724,6650.6079,6384.5836,266.0243,0.02244119,0.02154355,266.0243,6384.5836,0.02154355,266.0243,266.0243,266.0243,332.5304,332.5304,6384.5836,0.02154355,1463.1337,1340.2688,5187.4742,5310.3391,0.01750413,0.01791872,0.00089765,16.2655,14.6936,0.3653,59.3804,1.1678,2646.0457,162.5536,12.4780,16.8648,9.0895,16.5695,22.0926,29.825,33.4482,44.5976,11.8163,0.0,2.018664,2.691552,0.981654,30,240,141,4,0.10479828,0.02244119,0.04150452,0E-8,0.000000,0.902668,0.011910,-0.02129501,2026-03-22,2026-08-05,112,5695,2177,137,0.817518,0.739886,0.767145,0.349328,,,,,,,,GLOBAL_BASELINE_NO_ENTITY_RANKING,,,NOT_APPLICABLE_GLOBAL_BASELINE,HF9g-P5,,,,X 全窗基线 · 不参与实体赏罚,14194457,1420,A168_HF9F_20260827_0900,2026-08-27 09:00:00
2026-04-10,110249610,2250,0,102.2564591996,13.4921716999,13.4921716999,0.6000000,6,6,0.50665070000000000,0.506650700000,0.4175076967804994,0.4175076967804994,0.4175076967804994,0E-17,ELIGIBLE,R03b_20260811_FULL_v1,L1_ELIGIBILITY,v2026-08-11,2026-03-21..2026-08-06,baccarat_bet02_101_all_pairs_incl_sentinel,round_win = game_pnl > 0 (decisive only),COMPATIBILITY_ONLY_NOT_PRODUCTION,296357.1217,267511.9505,6650.6079,18220,18206,-0.02244119,-0.04150452,-0.02020951,-0.02244119,-6650.6079,296357.1217,OK,0.0000,266.0243,4.0000,96.0000,AG03-UNRESOLVED,ALL5_LEVELS_bet23_to_bet27,266.0243,266.0243,266.0243,332.5304,332.5304,4.000000,4.000000,4.000000,5.000000,5.000000,96.000000,96.000000,96.000000,95.000000,95.000000,5.0,1463.1337,1340.2688,5187.4742,5310.3391,PENDING_AG03,FALSE,NOT_FOR_ENFORCEMENT,6384.5836,256811.4724,6650.6079,6384.5836,266.0243,0.02244119,0.02154355,266.0243,6384.5836,0.02154355,266.0243,266.0243,266.0243,332.5304,332.5304,6384.5836,0.02154355,1463.1337,1340.2688,5187.4742,5310.3391,0.01750413,0.01791872,0.00089765,16.2655,14.6936,0.3653,59.3804,1.1678,2646.0457,162.5536,12.4780,16.8648,9.0895,16.5695,22.0926,29.825,33.4482,44.5976,11.8163,0.0,2.018664,2.691552,0.981654,30,240,141,4,0.10479828,0.02244119,0.04150452,0E-8,0.000000,0.902668,0.011910,-0.02129501,2026-03-22,2026-08-05,112,5695,2177,137,0.817518,0.739886,0.767145,0.349328,,,,,,,,GLOBAL_BASELINE_NO_ENTITY_RANKING,,,NOT_APPLICABLE_GLOBAL_BASELINE,HF9g-P5,,,,X 全窗基线 · 不参与实体赏罚,14194458,1420,A168_HF9F_20260827_0900,2026-08-27 09:00:00
2026-04-10,110249610,2251,0,51.1282295997,15.3384688799,15.3384688799,0.6666667,3,3,0.50665070000000000,0.506650700000,0.5543606114942035,0.5543606114942035,0.5543606114942035,0E-17,ELIGIBLE,R03b_20260811_FULL_v1,L1_ELIGIBILITY,v2026-08-11,2026-03-21..2026-08-06,baccarat_bet02_101_all_pairs_incl_sentinel,round_win = game_pnl > 0 (decisive only),COMPATIBILITY_ONLY_NOT_PRODUCTION,296357.1217,267511.9505,6650.6079,18220,18206,-0.02244119,-0.04150452,-0.02020951,-0.02244119,-6650.6079,296357.1217,OK,0.0000,266.0243,4.0000,96.0000,AG03-UNRESOLVED,ALL5_LEVELS_bet23_to_bet27,266.0243,266.0243,266.0243,332.5304,332.5304,4.000000,4.000000,4.000000,5.000000,5.000000,96.000000,96.000000,96.000000,95.000000,95.000000,5.0,1463.1337,1340.2688,5187.4742,5310.3391,PENDING_AG03,FALSE,NOT_FOR_ENFORCEMENT,6384.5836,256811.4724,6650.6079,6384.5836,266.0243,0.02244119,0.02154355,266.0243,6384.5836,0.02154355,266.0243,266.0243,266.0243,332.5304,332.5304,6384.5836,0.02154355,1463.1337,1340.2688,5187.4742,5310.3391,0.01750413,0.01791872,0.00089765,16.2655,14.6936,0.3653,59.3804,1.1678,2646.0457,162.5536,12.4780,16.8648,9.0895,16.5695,22.0926,29.825,33.4482,44.5976,11.8163,0.0,2.018664,2.691552,0.981654,30,240,141,4,0.10479828,0.02244119,0.04150452,0E-8,0.000000,0.902668,0.011910,-0.02129501,2026-03-22,2026-08-05,112,5695,2177,137,0.817518,0.739886,0.767145,0.349328,,,,,,,,GLOBAL_BASELINE_NO_ENTITY_RANKING,,,NOT_APPLICABLE_GLOBAL_BASELINE,HF9g-P5,,,,X 全窗基线 · 不参与实体赏罚,14194459,1420,A168_HF9F_20260827_0900,2026-08-27 09:00:00
2026-04-10,110249610,2258,0,24.6551684960,10.7937373600,10.7937373600,0.6666667,3,3,0.50665070000000000,0.506650700000,0.5543606114942035,0.5543606114942035,0.5543606114942035,0E-17,ELIGIBLE,R03b_20260811_FULL_v1,L1_ELIGIBILITY,v2026-08-11,2026-03-21..2026-08-06,baccarat_bet02_101_all_pairs_incl_sentinel,round_win = game_pnl > 0 (decisive only),COMPATIBILITY_ONLY_NOT_PRODUCTION,296357.1217,267511.9505,6650.6079,18220,18206,-0.02244119,-0.04150452,-0.02020951,-0.02244119,-6650.6079,296357.1217,OK,0.0000,266.0243,4.0000,96.0000,AG03-UNRESOLVED,ALL5_LEVELS_bet23_to_bet27,266.0243,266.0243,266.0243,332.5304,332.5304,4.000000,4.000000,4.000000,5.000000,5.000000,96.000000,96.000000,96.000000,95.000000,95.000000,5.0,1463.1337,1340.2688,5187.4742,5310.3391,PENDING_AG03,FALSE,NOT_FOR_ENFORCEMENT,6384.5836,256811.4724,6650.6079,6384.5836,266.0243,0.02244119,0.02154355,266.0243,6384.5836,0.02154355,266.0243,266.0243,266.0243,332.5304,332.5304,6384.5836,0.02154355,1463.1337,1340.2688,5187.4742,5310.3391,0.01750413,0.01791872,0.00089765,16.2655,14.6936,0.3653,59.3804,1.1678,2646.0457,162.5536,12.4780,16.8648,9.0895,16.5695,22.0926,29.825,33.4482,44.5976,11.8163,0.0,2.018664,2.691552,0.981654,30,240,141,4,0.10479828,0.02244119,0.04150452,0E-8,0.000000,0.902668,0.011910,-0.02129501,2026-03-22,2026-08-05,112,5695,2177,137,0.817518,0.739886,0.767145,0.349328,,,,,,,,GLOBAL_BASELINE_NO_ENTITY_RANKING,,,NOT_APPLICABLE_GLOBAL_BASELINE,HF9g-P5,,,,X 全窗基线 · 不参与实体赏罚,14194460,1420,A168_HF9F_20260827_0900,2026-08-27 09:00:00
2026-04-10,110249610,471,0,17.0427431999,-17.0427431999,-17.0427431999,0E-7,1,1,0.49324550000000000,0.493245500000,-0.9865810262130424,-0.9865810262130424,-0.9865810262130424,0E-17,ELIGIBLE,R03b_20260811_FULL_v1,L1_ELIGIBILITY,v2026-08-11,2026-03-21..2026-08-06,baccarat_bet02_101_all_pairs_incl_sentinel,round_win = game_pnl > 0 (decisive only),COMPATIBILITY_ONLY_NOT_PRODUCTION,296357.1217,267511.9505,6650.6079,18220,18206,-0.02244119,-0.04150452,-0.02020951,-0.02244119,-6650.6079,296357.1217,OK,0.0000,266.0243,4.0000,96.0000,AG03-UNRESOLVED,ALL5_LEVELS_bet23_to_bet27,266.0243,266.0243,266.0243,332.5304,332.5304,4.000000,4.000000,4.000000,5.000000,5.000000,96.000000,96.000000,96.000000,95.000000,95.000000,5.0,1463.1337,1340.2688,5187.4742,5310.3391,PENDING_AG03,FALSE,NOT_FOR_ENFORCEMENT,6384.5836,256811.4724,6650.6079,6384.5836,266.0243,0.02244119,0.02154355,266.0243,6384.5836,0.02154355,266.0243,266.0243,266.0243,332.5304,332.5304,6384.5836,0.02154355,1463.1337,1340.2688,5187.4742,5310.3391,0.01750413,0.01791872,0.00089765,16.2655,14.6936,0.3653,59.3804,1.1678,2646.0457,162.5536,12.4780,16.8648,9.0895,16.5695,22.0926,29.825,33.4482,44.5976,11.8163,0.0,2.018664,2.691552,0.981654,30,240,141,4,0.10479828,0.02244119,0.04150452,0E-8,0.000000,0.902668,0.011910,-0.02129501,2026-03-22,2026-08-05,112,5695,2177,137,0.817518,0.739886,0.767145,0.349328,,,,,,,,GLOBAL_BASELINE_NO_ENTITY_RANKING,,,NOT_APPLICABLE_GLOBAL_BASELINE,HF9g-P5,,,,X 全窗基线 · 不参与实体赏罚,14194461,1420,A168_HF9F_20260827_0900,2026-08-27 09:00:00
2026-04-10,110249610,526,0,34.0854863998,-34.0854863998,-34.0854863998,0E-7,2,2,0.49994810000000000,0.499948100000,-1.4140667746232096,-1.4140667746232096,-1.4140667746232096,0E-17,ELIGIBLE,R03b_20260811_FULL_v1,L1_ELIGIBILITY,v2026-08-11,2026-03-21..2026-08-06,baccarat_bet02_101_all_pairs_incl_sentinel,round_win = game_pnl > 0 (decisive only),COMPATIBILITY_ONLY_NOT_PRODUCTION,296357.1217,267511.9505,6650.6079,18220,18206,-0.02244119,-0.04150452,-0.02020951,-0.02244119,-6650.6079,296357.1217,OK,0.0000,266.0243,4.0000,96.0000,AG03-UNRESOLVED,ALL5_LEVELS_bet23_to_bet27,266.0243,266.0243,266.0243,332.5304,332.5304,4.000000,4.000000,4.000000,5.000000,5.000000,96.000000,96.000000,96.000000,95.000000,95.000000,5.0,1463.1337,1340.2688,5187.4742,5310.3391,PENDING_AG03,FALSE,NOT_FOR_ENFORCEMENT,6384.5836,256811.4724,6650.6079,6384.5836,266.0243,0.02244119,0.02154355,266.0243,6384.5836,0.02154355,266.0243,266.0243,266.0243,332.5304,332.5304,6384.5836,0.02154355,1463.1337,1340.2688,5187.4742,5310.3391,0.01750413,0.01791872,0.00089765,16.2655,14.6936,0.3653,59.3804,1.1678,2646.0457,162.5536,12.4780,16.8648,9.0895,16.5695,22.0926,29.825,33.4482,44.5976,11.8163,0.0,2.018664,2.691552,0.981654,30,240,141,4,0.10479828,0.02244119,0.04150452,0E-8,0.000000,0.902668,0.011910,-0.02129501,2026-03-22,2026-08-05,112,5695,2177,137,0.817518,0.739886,0.767145,0.349328,,,,,,,,GLOBAL_BASELINE_NO_ENTITY_RANKING,,,NOT_APPLICABLE_GLOBAL_BASELINE,HF9g-P5,,,,X 全窗基线 · 不参与实体赏罚,14194462,1420,A168_HF9F_20260827_0900,2026-08-27 09:00:00
2026-04-10,110249610,789,0,168.1550662393,13.5205762719,13.5205762719,0.5714286,7,7,0.50665070000000000,0.506650700000,0.34280260342128577,0.34280260342128577,0.34280260342128577,0E-17,ELIGIBLE,R03b_20260811_FULL_v1,L1_ELIGIBILITY,v2026-08-11,2026-03-21..2026-08-06,baccarat_bet02_101_all_pairs_incl_sentinel,round_win = game_pnl > 0 (decisive only),COMPATIBILITY_ONLY_NOT_PRODUCTION,296357.1217,267511.9505,6650.6079,18220,18206,-0.02244119,-0.04150452,-0.02020951,-0.02244119,-6650.6079,296357.1217,OK,0.0000,266.0243,4.0000,96.0000,AG03-UNRESOLVED,ALL5_LEVELS_bet23_to_bet27,266.0243,266.0243,266.0243,332.5304,332.5304,4.000000,4.000000,4.000000,5.000000,5.000000,96.000000,96.000000,96.000000,95.000000,95.000000,5.0,1463.1337,1340.2688,5187.4742,5310.3391,PENDING_AG03,FALSE,NOT_FOR_ENFORCEMENT,6384.5836,256811.4724,6650.6079,6384.5836,266.0243,0.02244119,0.02154355,266.0243,6384.5836,0.02154355,266.0243,266.0243,266.0243,332.5304,332.5304,6384.5836,0.02154355,1463.1337,1340.2688,5187.4742,5310.3391,0.01750413,0.01791872,0.00089765,16.2655,14.6936,0.3653,59.3804,1.1678,2646.0457,162.5536,12.4780,16.8648,9.0895,16.5695,22.0926,29.825,33.4482,44.5976,11.8163,0.0,2.018664,2.691552,0.981654,30,240,141,4,0.10479828,0.02244119,0.04150452,0E-8,0.000000,0.902668,0.011910,-0.02129501,2026-03-22,2026-08-05,112,5695,2177,137,0.817518,0.739886,0.767145,0.349328,,,,,,,,GLOBAL_BASELINE_NO_ENTITY_RANKING,,,NOT_APPLICABLE_GLOBAL_BASELINE,HF9g-P5,,,,X 全窗基线 · 不参与实体赏罚,14194463,1420,A168_HF9F_20260827_0900,2026-08-27 09:00:00
2026-04-10,110249610,925,0,34.0854864000,-0.5680914400,-0.5680914400,0.5000000,3,3,0.50665070000000000,0.506650700000,-0.018812684590367487,-0.018812684590367487,-0.018812684590367487,0E-17,ELIGIBLE,R03b_20260811_FULL_v1,L1_ELIGIBILITY,v2026-08-11,2026-03-21..2026-08-06,baccarat_bet02_101_all_pairs_incl_sentinel,round_win = game_pnl > 0 (decisive only),COMPATIBILITY_ONLY_NOT_PRODUCTION,296357.1217,267511.9505,6650.6079,18220,18206,-0.02244119,-0.04150452,-0.02020951,-0.02244119,-6650.6079,296357.1217,OK,0.0000,266.0243,4.0000,96.0000,AG03-UNRESOLVED,ALL5_LEVELS_bet23_to_bet27,266.0243,266.0243,266.0243,332.5304,332.5304,4.000000,4.000000,4.000000,5.000000,5.000000,96.000000,96.000000,96.000000,95.000000,95.000000,5.0,1463.1337,1340.2688,5187.4742,5310.3391,PENDING_AG03,FALSE,NOT_FOR_ENFORCEMENT,6384.5836,256811.4724,6650.6079,6384.5836,266.0243,0.02244119,0.02154355,266.0243,6384.5836,0.02154355,266.0243,266.0243,266.0243,332.5304,332.5304,6384.5836,0.02154355,1463.1337,1340.2688,5187.4742,5310.3391,0.01750413,0.01791872,0.00089765,16.2655,14.6936,0.3653,59.3804,1.1678,2646.0457,162.5536,12.4780,16.8648,9.0895,16.5695,22.0926,29.825,33.4482,44.5976,11.8163,0.0,2.018664,2.691552,0.981654,30,240,141,4,0.10479828,0.02244119,0.04150452,0E-8,0.000000,0.902668,0.011910,-0.02129501,2026-03-22,2026-08-05,112,5695,2177,137,0.817518,0.739886,0.767145,0.349328,,,,,,,,GLOBAL_BASELINE_NO_ENTITY_RANKING,,,NOT_APPLICABLE_GLOBAL_BASELINE,HF9g-P5,,,,X 全窗基线 · 不参与实体赏罚,14194464,1420,A168_HF9F_20260827_0900,2026-08-27 09:00:00
2026-04-10,110249610,970,0,11.3618288000,-11.3618288000,-11.3618288000,0E-7,1,1,0.50665070000000000,0.506650700000,-1.013391052207602,-1.013391052207602,-1.013391052207602,0E-17,ELIGIBLE,R03b_20260811_FULL_v1,L1_ELIGIBILITY,v2026-08-11,2026-03-21..2026-08-06,baccarat_bet02_101_all_pairs_incl_sentinel,round_win = game_pnl > 0 (decisive only),COMPATIBILITY_ONLY_NOT_PRODUCTION,296357.1217,267511.9505,6650.6079,18220,18206,-0.02244119,-0.04150452,-0.02020951,-0.02244119,-6650.6079,296357.1217,OK,0.0000,266.0243,4.0000,96.0000,AG03-UNRESOLVED,ALL5_LEVELS_bet23_to_bet27,266.0243,266.0243,266.0243,332.5304,332.5304,4.000000,4.000000,4.000000,5.000000,5.000000,96.000000,96.000000,96.000000,95.000000,95.000000,5.0,1463.1337,1340.2688,5187.4742,5310.3391,PENDING_AG03,FALSE,NOT_FOR_ENFORCEMENT,6384.5836,256811.4724,6650.6079,6384.5836,266.0243,0.02244119,0.02154355,266.0243,6384.5836,0.02154355,266.0243,266.0243,266.0243,332.5304,332.5304,6384.5836,0.02154355,1463.1337,1340.2688,5187.4742,5310.3391,0.01750413,0.01791872,0.00089765,16.2655,14.6936,0.3653,59.3804,1.1678,2646.0457,162.5536,12.4780,16.8648,9.0895,16.5695,22.0926,29.825,33.4482,44.5976,11.8163,0.0,2.018664,2.691552,0.981654,30,240,141,4,0.10479828,0.02244119,0.04150452,0E-8,0.000000,0.902668,0.011910,-0.02129501,2026-03-22,2026-08-05,112,5695,2177,137,0.817518,0.739886,0.767145,0.349328,,,,,,,,GLOBAL_BASELINE_NO_ENTITY_RANKING,,,NOT_APPLICABLE_GLOBAL_BASELINE,HF9g-P5,,,,X 全窗基线 · 不参与实体赏罚,14194465,1420,A168_HF9F_20260827_0900,2026-08-27 09:00:00
2026-04-10,110249610,986,0,33.4037766720,-33.4037766720,-33.4037766720,0E-7,4,4,0.49659680000000000,0.496596800000,-1.9864332133590707,-1.986433213359071,-1.9864332133590707,0E-17,ELIGIBLE,R03b_20260811_FULL_v1,L1_ELIGIBILITY,v2026-08-11,2026-03-21..2026-08-06,baccarat_bet02_101_all_pairs_incl_sentinel,round_win = game_pnl > 0 (decisive only),COMPATIBILITY_ONLY_NOT_PRODUCTION,296357.1217,267511.9505,6650.6079,18220,18206,-0.02244119,-0.04150452,-0.02020951,-0.02244119,-6650.6079,296357.1217,OK,0.0000,266.0243,4.0000,96.0000,AG03-UNRESOLVED,ALL5_LEVELS_bet23_to_bet27,266.0243,266.0243,266.0243,332.5304,332.5304,4.000000,4.000000,4.000000,5.000000,5.000000,96.000000,96.000000,96.000000,95.000000,95.000000,5.0,1463.1337,1340.2688,5187.4742,5310.3391,PENDING_AG03,FALSE,NOT_FOR_ENFORCEMENT,6384.5836,256811.4724,6650.6079,6384.5836,266.0243,0.02244119,0.02154355,266.0243,6384.5836,0.02154355,266.0243,266.0243,266.0243,332.5304,332.5304,6384.5836,0.02154355,1463.1337,1340.2688,5187.4742,5310.3391,0.01750413,0.01791872,0.00089765,16.2655,14.6936,0.3653,59.3804,1.1678,2646.0457,162.5536,12.4780,16.8648,9.0895,16.5695,22.0926,29.825,33.4482,44.5976,11.8163,0.0,2.018664,2.691552,0.981654,30,240,141,4,0.10479828,0.02244119,0.04150452,0E-8,0.000000,0.902668,0.011910,-0.02129501,2026-03-22,2026-08-05,112,5695,2177,137,0.817518,0.739886,0.767145,0.349328,,,,,,,,GLOBAL_BASELINE_NO_ENTITY_RANKING,,,NOT_APPLICABLE_GLOBAL_BASELINE,HF9g-P5,,,,X 全窗基线 · 不参与实体赏罚,14194466,1420,A168_HF9F_20260827_0900,2026-08-27 09:00:00
2026-04-10,110249610,987,0,17.0427431999,-17.0427431999,-17.0427431999,0E-7,1,1,0.50665070000000000,0.506650700000,-1.013391052207602,-1.013391052207602,-1.013391052207602,0E-17,ELIGIBLE,R03b_20260811_FULL_v1,L1_ELIGIBILITY,v2026-08-11,2026-03-21..2026-08-06,baccarat_bet02_101_all_pairs_incl_sentinel,round_win = game_pnl > 0 (decisive only),COMPATIBILITY_ONLY_NOT_PRODUCTION,296357.1217,267511.9505,6650.6079,18220,18206,-0.02244119,-0.04150452,-0.02020951,-0.02244119,-6650.6079,296357.1217,OK,0.0000,266.0243,4.0000,96.0000,AG03-UNRESOLVED,ALL5_LEVELS_bet23_to_bet27,266.0243,266.0243,266.0243,332.5304,332.5304,4.000000,4.000000,4.000000,5.000000,5.000000,96.000000,96.000000,96.000000,95.000000,95.000000,5.0,1463.1337,1340.2688,5187.4742,5310.3391,PENDING_AG03,FALSE,NOT_FOR_ENFORCEMENT,6384.5836,256811.4724,6650.6079,6384.5836,266.0243,0.02244119,0.02154355,266.0243,6384.5836,0.02154355,266.0243,266.0243,266.0243,332.5304,332.5304,6384.5836,0.02154355,1463.1337,1340.2688,5187.4742,5310.3391,0.01750413,0.01791872,0.00089765,16.2655,14.6936,0.3653,59.3804,1.1678,2646.0457,162.5536,12.4780,16.8648,9.0895,16.5695,22.0926,29.825,33.4482,44.5976,11.8163,0.0,2.018664,2.691552,0.981654,30,240,141,4,0.10479828,0.02244119,0.04150452,0E-8,0.000000,0.902668,0.011910,-0.02129501,2026-03-22,2026-08-05,112,5695,2177,137,0.817518,0.739886,0.767145,0.349328,,,,,,,,GLOBAL_BASELINE_NO_ENTITY_RANKING,,,NOT_APPLICABLE_GLOBAL_BASELINE,HF9g-P5,,,,X 全窗基线 · 不参与实体赏罚,14194467,1420,A168_HF9F_20260827_0900,2026-08-27 09:00:00
2026-04-11,110249610,-1,1,1702.1155725217,-98.9615288477,-98.9615288477,0.4920635,69,69,0.49868529130434783,0.498685291304,-0.10511816752410787,-0.10511816751858644,-0.10511816752410787,3.4783E-13,SENTINEL_DEALER,R03b_20260811_FULL_v1,L1_ELIGIBILITY,v2026-08-11,2026-03-21..2026-08-06,baccarat_bet02_101_all_pairs_incl_sentinel,round_win = game_pnl > 0 (decisive only),COMPATIBILITY_ONLY_NOT_PRODUCTION,296357.1217,267511.9505,6650.6079,18220,18206,-0.02244119,-0.04150452,-0.02020951,-0.02244119,-6650.6079,296357.1217,OK,0.0000,266.0243,4.0000,96.0000,AG03-UNRESOLVED,ALL5_LEVELS_bet23_to_bet27,266.0243,266.0243,266.0243,332.5304,332.5304,4.000000,4.000000,4.000000,5.000000,5.000000,96.000000,96.000000,96.000000,95.000000,95.000000,5.0,1463.1337,1340.2688,5187.4742,5310.3391,PENDING_AG03,FALSE,NOT_FOR_ENFORCEMENT,6384.5836,256811.4724,6650.6079,6384.5836,266.0243,0.02244119,0.02154355,266.0243,6384.5836,0.02154355,266.0243,266.0243,266.0243,332.5304,332.5304,6384.5836,0.02154355,1463.1337,1340.2688,5187.4742,5310.3391,0.01750413,0.01791872,0.00089765,16.2655,14.6936,0.3653,59.3804,1.1678,2646.0457,162.5536,12.4780,16.8648,9.0895,16.5695,22.0926,29.825,33.4482,44.5976,11.8163,0.0,2.018664,2.691552,0.981654,30,240,141,4,0.10479828,0.02244119,0.04150452,0E-8,0.000000,0.902668,0.011910,-0.02129501,2026-03-22,2026-08-05,112,5695,2177,137,0.817518,0.739886,0.767145,0.349328,,,,,,,,GLOBAL_BASELINE_NO_ENTITY_RANKING,,,NOT_APPLICABLE_GLOBAL_BASELINE,HF9g-P5,,,,X 全窗基线 · 不参与实体赏罚,14194468,1420,A168_HF9F_20260827_0900,2026-08-27 09:00:00
2026-04-11,110249610,1078,0,228.7136137431,87.0032040355,87.0032040355,0.7777778,9,9,0.50665070000000000,0.506650700000,1.6269063950638647,1.6269063950638647,1.6269063950638647,0E-17,ELIGIBLE,R03b_20260811_FULL_v1,L1_ELIGIBILITY,v2026-08-11,2026-03-21..2026-08-06,baccarat_bet02_101_all_pairs_incl_sentinel,round_win = game_pnl > 0 (decisive only),COMPATIBILITY_ONLY_NOT_PRODUCTION,296357.1217,267511.9505,6650.6079,18220,18206,-0.02244119,-0.04150452,-0.02020951,-0.02244119,-6650.6079,296357.1217,OK,0.0000,266.0243,4.0000,96.0000,AG03-UNRESOLVED,ALL5_LEVELS_bet23_to_bet27,266.0243,266.0243,266.0243,332.5304,332.5304,4.000000,4.000000,4.000000,5.000000,5.000000,96.000000,96.000000,96.000000,95.000000,95.000000,5.0,1463.1337,1340.2688,5187.4742,5310.3391,PENDING_AG03,FALSE,NOT_FOR_ENFORCEMENT,6384.5836,256811.4724,6650.6079,6384.5836,266.0243,0.02244119,0.02154355,266.0243,6384.5836,0.02154355,266.0243,266.0243,266.0243,332.5304,332.5304,6384.5836,0.02154355,1463.1337,1340.2688,5187.4742,5310.3391,0.01750413,0.01791872,0.00089765,16.2655,14.6936,0.3653,59.3804,1.1678,2646.0457,162.5536,12.4780,16.8648,9.0895,16.5695,22.0926,29.825,33.4482,44.5976,11.8163,0.0,2.018664,2.691552,0.981654,30,240,141,4,0.10479828,0.02244119,0.04150452,0E-8,0.000000,0.902668,0.011910,-0.02129501,2026-03-22,2026-08-05,112,5695,2177,137,0.817518,0.739886,0.767145,0.349328,,,,,,,,GLOBAL_BASELINE_NO_ENTITY_RANKING,,,NOT_APPLICABLE_GLOBAL_BASELINE,HF9g-P5,,,,X 全窗基线 · 不参与实体赏罚,14194469,1420,A168_HF9F_20260827_0900,2026-08-27 09:00:00
2026-04-11,110249610,1109,0,22.7236576000,-11.3618288000,-11.3618288000,0E-7,2,2,0.50665070000000000,0.506650700000,-1.013391052207602,-1.013391052207602,-1.013391052207602,0E-17,ELIGIBLE,R03b_20260811_FULL_v1,L1_ELIGIBILITY,v2026-08-11,2026-03-21..2026-08-06,baccarat_bet02_101_all_pairs_incl_sentinel,round_win = game_pnl > 0 (decisive only),COMPATIBILITY_ONLY_NOT_PRODUCTION,296357.1217,267511.9505,6650.6079,18220,18206,-0.02244119,-0.04150452,-0.02020951,-0.02244119,-6650.6079,296357.1217,OK,0.0000,266.0243,4.0000,96.0000,AG03-UNRESOLVED,ALL5_LEVELS_bet23_to_bet27,266.0243,266.0243,266.0243,332.5304,332.5304,4.000000,4.000000,4.000000,5.000000,5.000000,96.000000,96.000000,96.000000,95.000000,95.000000,5.0,1463.1337,1340.2688,5187.4742,5310.3391,PENDING_AG03,FALSE,NOT_FOR_ENFORCEMENT,6384.5836,256811.4724,6650.6079,6384.5836,266.0243,0.02244119,0.02154355,266.0243,6384.5836,0.02154355,266.0243,266.0243,266.0243,332.5304,332.5304,6384.5836,0.02154355,1463.1337,1340.2688,5187.4742,5310.3391,0.01750413,0.01791872,0.00089765,16.2655,14.6936,0.3653,59.3804,1.1678,2646.0457,162.5536,12.4780,16.8648,9.0895,16.5695,22.0926,29.825,33.4482,44.5976,11.8163,0.0,2.018664,2.691552,0.981654,30,240,141,4,0.10479828,0.02244119,0.04150452,0E-8,0.000000,0.902668,0.011910,-0.02129501,2026-03-22,2026-08-05,112,5695,2177,137,0.817518,0.739886,0.767145,0.349328,,,,,,,,GLOBAL_BASELINE_NO_ENTITY_RANKING,,,NOT_APPLICABLE_GLOBAL_BASELINE,HF9g-P5,,,,X 全窗基线 · 不参与实体赏罚,14194470,1420,A168_HF9F_20260827_0900,2026-08-27 09:00:00
2026-04-11,110249610,1115,0,45.4473151999,-11.3618287999,-11.3618287999,0.5000000,3,3,0.49324550000000000,0.493245500000,0.01910635448239258,0.01910635448239258,0.01910635448239258,0E-17,ELIGIBLE,R03b_20260811_FULL_v1,L1_ELIGIBILITY,v2026-08-11,2026-03-21..2026-08-06,baccarat_bet02_101_all_pairs_incl_sentinel,round_win = game_pnl > 0 (decisive only),COMPATIBILITY_ONLY_NOT_PRODUCTION,296357.1217,267511.9505,6650.6079,18220,18206,-0.02244119,-0.04150452,-0.02020951,-0.02244119,-6650.6079,296357.1217,OK,0.0000,266.0243,4.0000,96.0000,AG03-UNRESOLVED,ALL5_LEVELS_bet23_to_bet27,266.0243,266.0243,266.0243,332.5304,332.5304,4.000000,4.000000,4.000000,5.000000,5.000000,96.000000,96.000000,96.000000,95.000000,95.000000,5.0,1463.1337,1340.2688,5187.4742,5310.3391,PENDING_AG03,FALSE,NOT_FOR_ENFORCEMENT,6384.5836,256811.4724,6650.6079,6384.5836,266.0243,0.02244119,0.02154355,266.0243,6384.5836,0.02154355,266.0243,266.0243,266.0243,332.5304,332.5304,6384.5836,0.02154355,1463.1337,1340.2688,5187.4742,5310.3391,0.01750413,0.01791872,0.00089765,16.2655,14.6936,0.3653,59.3804,1.1678,2646.0457,162.5536,12.4780,16.8648,9.0895,16.5695,22.0926,29.825,33.4482,44.5976,11.8163,0.0,2.018664,2.691552,0.981654,30,240,141,4,0.10479828,0.02244119,0.04150452,0E-8,0.000000,0.902668,0.011910,-0.02129501,2026-03-22,2026-08-05,112,5695,2177,137,0.817518,0.739886,0.767145,0.349328,,,,,,,,GLOBAL_BASELINE_NO_ENTITY_RANKING,,,NOT_APPLICABLE_GLOBAL_BASELINE,HF9g-P5,,,,X 全窗基线 · 不参与实体赏罚,14194471,1420,A168_HF9F_20260827_0900,2026-08-27 09:00:00
2026-04-11,110249610,1210,0,137.4781284796,32.9208989479,32.9208989479,1.0000000,4,4,0.50665070000000000,0.506650700000,0.9867858985152569,0.9867858985152569,0.9867858985152569,0E-17,ELIGIBLE,R03b_20260811_FULL_v1,L1_ELIGIBILITY,v2026-08-11,2026-03-21..2026-08-06,baccarat_bet02_101_all_pairs_incl_sentinel,round_win = game_pnl > 0 (decisive only),COMPATIBILITY_ONLY_NOT_PRODUCTION,296357.1217,267511.9505,6650.6079,18220,18206,-0.02244119,-0.04150452,-0.02020951,-0.02244119,-6650.6079,296357.1217,OK,0.0000,266.0243,4.0000,96.0000,AG03-UNRESOLVED,ALL5_LEVELS_bet23_to_bet27,266.0243,266.0243,266.0243,332.5304,332.5304,4.000000,4.000000,4.000000,5.000000,5.000000,96.000000,96.000000,96.000000,95.000000,95.000000,5.0,1463.1337,1340.2688,5187.4742,5310.3391,PENDING_AG03,FALSE,NOT_FOR_ENFORCEMENT,6384.5836,256811.4724,6650.6079,6384.5836,266.0243,0.02244119,0.02154355,266.0243,6384.5836,0.02154355,266.0243,266.0243,266.0243,332.5304,332.5304,6384.5836,0.02154355,1463.1337,1340.2688,5187.4742,5310.3391,0.01750413,0.01791872,0.00089765,16.2655,14.6936,0.3653,59.3804,1.1678,2646.0457,162.5536,12.4780,16.8648,9.0895,16.5695,22.0926,29.825,33.4482,44.5976,11.8163,0.0,2.018664,2.691552,0.981654,30,240,141,4,0.10479828,0.02244119,0.04150452,0E-8,0.000000,0.902668,0.011910,-0.02129501,2026-03-22,2026-08-05,112,5695,2177,137,0.817518,0.739886,0.767145,0.349328,,,,,,,,GLOBAL_BASELINE_NO_ENTITY_RANKING,,,NOT_APPLICABLE_GLOBAL_BASELINE,HF9g-P5,,,,X 全窗基线 · 不参与实体赏罚,14194472,1420,A168_HF9F_20260827_0900,2026-08-27 09:00:00
2026-04-11,110249610,1304,0,39.7664007998,-5.6809144000,-5.6809144000,0.5000000,2,2,0.49324550000000000,0.493245500000,0.01910635448239258,0.01910635448239258,0.01910635448239258,0E-17,ELIGIBLE,R03b_20260811_FULL_v1,L1_ELIGIBILITY,v2026-08-11,2026-03-21..2026-08-06,baccarat_bet02_101_all_pairs_incl_sentinel,round_win = game_pnl > 0 (decisive only),COMPATIBILITY_ONLY_NOT_PRODUCTION,296357.1217,267511.9505,6650.6079,18220,18206,-0.02244119,-0.04150452,-0.02020951,-0.02244119,-6650.6079,296357.1217,OK,0.0000,266.0243,4.0000,96.0000,AG03-UNRESOLVED,ALL5_LEVELS_bet23_to_bet27,266.0243,266.0243,266.0243,332.5304,332.5304,4.000000,4.000000,4.000000,5.000000,5.000000,96.000000,96.000000,96.000000,95.000000,95.000000,5.0,1463.1337,1340.2688,5187.4742,5310.3391,PENDING_AG03,FALSE,NOT_FOR_ENFORCEMENT,6384.5836,256811.4724,6650.6079,6384.5836,266.0243,0.02244119,0.02154355,266.0243,6384.5836,0.02154355,266.0243,266.0243,266.0243,332.5304,332.5304,6384.5836,0.02154355,1463.1337,1340.2688,5187.4742,5310.3391,0.01750413,0.01791872,0.00089765,16.2655,14.6936,0.3653,59.3804,1.1678,2646.0457,162.5536,12.4780,16.8648,9.0895,16.5695,22.0926,29.825,33.4482,44.5976,11.8163,0.0,2.018664,2.691552,0.981654,30,240,141,4,0.10479828,0.02244119,0.04150452,0E-8,0.000000,0.902668,0.011910,-0.02129501,2026-03-22,2026-08-05,112,5695,2177,137,0.817518,0.739886,0.767145,0.349328,,,,,,,,GLOBAL_BASELINE_NO_ENTITY_RANKING,,,NOT_APPLICABLE_GLOBAL_BASELINE,HF9g-P5,,,,X 全窗基线 · 不参与实体赏罚,14194473,1420,A168_HF9F_20260827_0900,2026-08-27 09:00:00
2026-04-11,110249610,1323,0,39.7664007999,-39.7664007999,-39.7664007999,0E-7,2,2,0.49324550000000000,0.493245500000,-1.3952362676504506,-1.3952362676504506,-1.3952362676504506,0E-17,ELIGIBLE,R03b_20260811_FULL_v1,L1_ELIGIBILITY,v2026-08-11,2026-03-21..2026-08-06,baccarat_bet02_101_all_pairs_incl_sentinel,round_win = game_pnl > 0 (decisive only),COMPATIBILITY_ONLY_NOT_PRODUCTION,296357.1217,267511.9505,6650.6079,18220,18206,-0.02244119,-0.04150452,-0.02020951,-0.02244119,-6650.6079,296357.1217,OK,0.0000,266.0243,4.0000,96.0000,AG03-UNRESOLVED,ALL5_LEVELS_bet23_to_bet27,266.0243,266.0243,266.0243,332.5304,332.5304,4.000000,4.000000,4.000000,5.000000,5.000000,96.000000,96.000000,96.000000,95.000000,95.000000,5.0,1463.1337,1340.2688,5187.4742,5310.3391,PENDING_AG03,FALSE,NOT_FOR_ENFORCEMENT,6384.5836,256811.4724,6650.6079,6384.5836,266.0243,0.02244119,0.02154355,266.0243,6384.5836,0.02154355,266.0243,266.0243,266.0243,332.5304,332.5304,6384.5836,0.02154355,1463.1337,1340.2688,5187.4742,5310.3391,0.01750413,0.01791872,0.00089765,16.2655,14.6936,0.3653,59.3804,1.1678,2646.0457,162.5536,12.4780,16.8648,9.0895,16.5695,22.0926,29.825,33.4482,44.5976,11.8163,0.0,2.018664,2.691552,0.981654,30,240,141,4,0.10479828,0.02244119,0.04150452,0E-8,0.000000,0.902668,0.011910,-0.02129501,2026-03-22,2026-08-05,112,5695,2177,137,0.817518,0.739886,0.767145,0.349328,,,,,,,,GLOBAL_BASELINE_NO_ENTITY_RANKING,,,NOT_APPLICABLE_GLOBAL_BASELINE,HF9g-P5,,,,X 全窗基线 · 不参与实体赏罚,14194474,1420,A168_HF9F_20260827_0900,2026-08-27 09:00:00
2026-04-11,110249610,1330,0,45.4473151998,0E-10,0E-10,0.5000000,2,2,0.49324550000000000,0.493245500000,0.01910635448239258,0.01910635448239258,0.01910635448239258,0E-17,ELIGIBLE,R03b_20260811_FULL_v1,L1_ELIGIBILITY,v2026-08-11,2026-03-21..2026-08-06,baccarat_bet02_101_all_pairs_incl_sentinel,round_win = game_pnl > 0 (decisive only),COMPATIBILITY_ONLY_NOT_PRODUCTION,296357.1217,267511.9505,6650.6079,18220,18206,-0.02244119,-0.04150452,-0.02020951,-0.02244119,-6650.6079,296357.1217,OK,0.0000,266.0243,4.0000,96.0000,AG03-UNRESOLVED,ALL5_LEVELS_bet23_to_bet27,266.0243,266.0243,266.0243,332.5304,332.5304,4.000000,4.000000,4.000000,5.000000,5.000000,96.000000,96.000000,96.000000,95.000000,95.000000,5.0,1463.1337,1340.2688,5187.4742,5310.3391,PENDING_AG03,FALSE,NOT_FOR_ENFORCEMENT,6384.5836,256811.4724,6650.6079,6384.5836,266.0243,0.02244119,0.02154355,266.0243,6384.5836,0.02154355,266.0243,266.0243,266.0243,332.5304,332.5304,6384.5836,0.02154355,1463.1337,1340.2688,5187.4742,5310.3391,0.01750413,0.01791872,0.00089765,16.2655,14.6936,0.3653,59.3804,1.1678,2646.0457,162.5536,12.4780,16.8648,9.0895,16.5695,22.0926,29.825,33.4482,44.5976,11.8163,0.0,2.018664,2.691552,0.981654,30,240,141,4,0.10479828,0.02244119,0.04150452,0E-8,0.000000,0.902668,0.011910,-0.02129501,2026-03-22,2026-08-05,112,5695,2177,137,0.817518,0.739886,0.767145,0.349328,,,,,,,,GLOBAL_BASELINE_NO_ENTITY_RANKING,,,NOT_APPLICABLE_GLOBAL_BASELINE,HF9g-P5,,,,X 全窗基线 · 不参与实体赏罚,14194475,1420,A168_HF9F_20260827_0900,2026-08-27 09:00:00
2026-04-11,110249610,1363,0,80.1008930397,-11.0209739359,-11.0209739359,0.5000000,5,5,0.49324550000000000,0.493245500000,0.027020465636507562,0.027020465636507562,0.027020465636507562,0E-17,ELIGIBLE,R03b_20260811_FULL_v1,L1_ELIGIBILITY,v2026-08-11,2026-03-21..2026-08-06,baccarat_bet02_101_all_pairs_incl_sentinel,round_win = game_pnl > 0 (decisive only),COMPATIBILITY_ONLY_NOT_PRODUCTION,296357.1217,267511.9505,6650.6079,18220,18206,-0.02244119,-0.04150452,-0.02020951,-0.02244119,-6650.6079,296357.1217,OK,0.0000,266.0243,4.0000,96.0000,AG03-UNRESOLVED,ALL5_LEVELS_bet23_to_bet27,266.0243,266.0243,266.0243,332.5304,332.5304,4.000000,4.000000,4.000000,5.000000,5.000000,96.000000,96.000000,96.000000,95.000000,95.000000,5.0,1463.1337,1340.2688,5187.4742,5310.3391,PENDING_AG03,FALSE,NOT_FOR_ENFORCEMENT,6384.5836,256811.4724,6650.6079,6384.5836,266.0243,0.02244119,0.02154355,266.0243,6384.5836,0.02154355,266.0243,266.0243,266.0243,332.5304,332.5304,6384.5836,0.02154355,1463.1337,1340.2688,5187.4742,5310.3391,0.01750413,0.01791872,0.00089765,16.2655,14.6936,0.3653,59.3804,1.1678,2646.0457,162.5536,12.4780,16.8648,9.0895,16.5695,22.0926,29.825,33.4482,44.5976,11.8163,0.0,2.018664,2.691552,0.981654,30,240,141,4,0.10479828,0.02244119,0.04150452,0E-8,0.000000,0.902668,0.011910,-0.02129501,2026-03-22,2026-08-05,112,5695,2177,137,0.817518,0.739886,0.767145,0.349328,,,,,,,,GLOBAL_BASELINE_NO_ENTITY_RANKING,,,NOT_APPLICABLE_GLOBAL_BASELINE,HF9g-P5,,,,X 全窗基线 · 不参与实体赏罚,14194476,1420,A168_HF9F_20260827_0900,2026-08-27 09:00:00
2026-04-11,110249610,1383,0,162.4741518394,45.7881700638,45.7881700638,0.6666667,6,6,0.50665070000000000,0.506650700000,0.7839842952205449,0.7839842952205449,0.7839842952205449,0E-17,ELIGIBLE,R03b_20260811_FULL_v1,L1_ELIGIBILITY,v2026-08-11,2026-03-21..2026-08-06,baccarat_bet02_101_all_pairs_incl_sentinel,round_win = game_pnl > 0 (decisive only),COMPATIBILITY_ONLY_NOT_PRODUCTION,296357.1217,267511.9505,6650.6079,18220,18206,-0.02244119,-0.04150452,-0.02020951,-0.02244119,-6650.6079,296357.1217,OK,0.0000,266.0243,4.0000,96.0000,AG03-UNRESOLVED,ALL5_LEVELS_bet23_to_bet27,266.0243,266.0243,266.0243,332.5304,332.5304,4.000000,4.000000,4.000000,5.000000,5.000000,96.000000,96.000000,96.000000,95.000000,95.000000,5.0,1463.1337,1340.2688,5187.4742,5310.3391,PENDING_AG03,FALSE,NOT_FOR_ENFORCEMENT,6384.5836,256811.4724,6650.6079,6384.5836,266.0243,0.02244119,0.02154355,266.0243,6384.5836,0.02154355,266.0243,266.0243,266.0243,332.5304,332.5304,6384.5836,0.02154355,1463.1337,1340.2688,5187.4742,5310.3391,0.01750413,0.01791872,0.00089765,16.2655,14.6936,0.3653,59.3804,1.1678,2646.0457,162.5536,12.4780,16.8648,9.0895,16.5695,22.0926,29.825,33.4482,44.5976,11.8163,0.0,2.018664,2.691552,0.981654,30,240,141,4,0.10479828,0.02244119,0.04150452,0E-8,0.000000,0.902668,0.011910,-0.02129501,2026-03-22,2026-08-05,112,5695,2177,137,0.817518,0.739886,0.767145,0.349328,,,,,,,,GLOBAL_BASELINE_NO_ENTITY_RANKING,,,NOT_APPLICABLE_GLOBAL_BASELINE,HF9g-P5,,,,X 全窗基线 · 不参与实体赏罚,14194477,1420,A168_HF9F_20260827_0900,2026-08-27 09:00:00
2026-04-11,110249610,1385,0,219.2832958393,-39.7664007999,-39.7664007999,0.4000000,7,7,0.50090561428571429,0.500905614286,-0.4512643659064873,-0.4512643659077655,-0.4512643659064873,-2.8571E-13,ELIGIBLE,R03b_20260811_FULL_v1,L1_ELIGIBILITY,v2026-08-11,2026-03-21..2026-08-06,baccarat_bet02_101_all_pairs_incl_sentinel,round_win = game_pnl > 0 (decisive only),COMPATIBILITY_ONLY_NOT_PRODUCTION,296357.1217,267511.9505,6650.6079,18220,18206,-0.02244119,-0.04150452,-0.02020951,-0.02244119,-6650.6079,296357.1217,OK,0.0000,266.0243,4.0000,96.0000,AG03-UNRESOLVED,ALL5_LEVELS_bet23_to_bet27,266.0243,266.0243,266.0243,332.5304,332.5304,4.000000,4.000000,4.000000,5.000000,5.000000,96.000000,96.000000,96.000000,95.000000,95.000000,5.0,1463.1337,1340.2688,5187.4742,5310.3391,PENDING_AG03,FALSE,NOT_FOR_ENFORCEMENT,6384.5836,256811.4724,6650.6079,6384.5836,266.0243,0.02244119,0.02154355,266.0243,6384.5836,0.02154355,266.0243,266.0243,266.0243,332.5304,332.5304,6384.5836,0.02154355,1463.1337,1340.2688,5187.4742,5310.3391,0.01750413,0.01791872,0.00089765,16.2655,14.6936,0.3653,59.3804,1.1678,2646.0457,162.5536,12.4780,16.8648,9.0895,16.5695,22.0926,29.825,33.4482,44.5976,11.8163,0.0,2.018664,2.691552,0.981654,30,240,141,4,0.10479828,0.02244119,0.04150452,0E-8,0.000000,0.902668,0.011910,-0.02129501,2026-03-22,2026-08-05,112,5695,2177,137,0.817518,0.739886,0.767145,0.349328,,,,,,,,GLOBAL_BASELINE_NO_ENTITY_RANKING,,,NOT_APPLICABLE_GLOBAL_BASELINE,HF9g-P5,,,,X 全窗基线 · 不参与实体赏罚,14194478,1420,A168_HF9F_20260827_0900,2026-08-27 09:00:00
2026-04-11,110249610,1405,0,17.7244529279,-17.7244529279,-17.7244529279,0E-7,1,1,0.50665070000000000,0.506650700000,-1.013391052207602,-1.013391052207602,-1.013391052207602,0E-17,ELIGIBLE,R03b_20260811_FULL_v1,L1_ELIGIBILITY,v2026-08-11,2026-03-21..2026-08-06,baccarat_bet02_101_all_pairs_incl_sentinel,round_win = game_pnl > 0 (decisive only),COMPATIBILITY_ONLY_NOT_PRODUCTION,296357.1217,267511.9505,6650.6079,18220,18206,-0.02244119,-0.04150452,-0.02020951,-0.02244119,-6650.6079,296357.1217,OK,0.0000,266.0243,4.0000,96.0000,AG03-UNRESOLVED,ALL5_LEVELS_bet23_to_bet27,266.0243,266.0243,266.0243,332.5304,332.5304,4.000000,4.000000,4.000000,5.000000,5.000000,96.000000,96.000000,96.000000,95.000000,95.000000,5.0,1463.1337,1340.2688,5187.4742,5310.3391,PENDING_AG03,FALSE,NOT_FOR_ENFORCEMENT,6384.5836,256811.4724,6650.6079,6384.5836,266.0243,0.02244119,0.02154355,266.0243,6384.5836,0.02154355,266.0243,266.0243,266.0243,332.5304,332.5304,6384.5836,0.02154355,1463.1337,1340.2688,5187.4742,5310.3391,0.01750413,0.01791872,0.00089765,16.2655,14.6936,0.3653,59.3804,1.1678,2646.0457,162.5536,12.4780,16.8648,9.0895,16.5695,22.0926,29.825,33.4482,44.5976,11.8163,0.0,2.018664,2.691552,0.981654,30,240,141,4,0.10479828,0.02244119,0.04150452,0E-8,0.000000,0.902668,0.011910,-0.02129501,2026-03-22,2026-08-05,112,5695,2177,137,0.817518,0.739886,0.767145,0.349328,,,,,,,,GLOBAL_BASELINE_NO_ENTITY_RANKING,,,NOT_APPLICABLE_GLOBAL_BASELINE,HF9g-P5,,,,X 全窗基线 · 不参与实体赏罚,14194479,1420,A168_HF9F_20260827_0900,2026-08-27 09:00:00
2026-04-11,110249610,1623,0,39.7664007998,-22.7236575999,-22.7236575999,0E-7,2,2,0.50665070000000000,0.506650700000,-1.013391052207602,-1.013391052207602,-1.013391052207602,0E-17,ELIGIBLE,R03b_20260811_FULL_v1,L1_ELIGIBILITY,v2026-08-11,2026-03-21..2026-08-06,baccarat_bet02_101_all_pairs_incl_sentinel,round_win = game_pnl > 0 (decisive only),COMPATIBILITY_ONLY_NOT_PRODUCTION,296357.1217,267511.9505,6650.6079,18220,18206,-0.02244119,-0.04150452,-0.02020951,-0.02244119,-6650.6079,296357.1217,OK,0.0000,266.0243,4.0000,96.0000,AG03-UNRESOLVED,ALL5_LEVELS_bet23_to_bet27,266.0243,266.0243,266.0243,332.5304,332.5304,4.000000,4.000000,4.000000,5.000000,5.000000,96.000000,96.000000,96.000000,95.000000,95.000000,5.0,1463.1337,1340.2688,5187.4742,5310.3391,PENDING_AG03,FALSE,NOT_FOR_ENFORCEMENT,6384.5836,256811.4724,6650.6079,6384.5836,266.0243,0.02244119,0.02154355,266.0243,6384.5836,0.02154355,266.0243,266.0243,266.0243,332.5304,332.5304,6384.5836,0.02154355,1463.1337,1340.2688,5187.4742,5310.3391,0.01750413,0.01791872,0.00089765,16.2655,14.6936,0.3653,59.3804,1.1678,2646.0457,162.5536,12.4780,16.8648,9.0895,16.5695,22.0926,29.825,33.4482,44.5976,11.8163,0.0,2.018664,2.691552,0.981654,30,240,141,4,0.10479828,0.02244119,0.04150452,0E-8,0.000000,0.902668,0.011910,-0.02129501,2026-03-22,2026-08-05,112,5695,2177,137,0.817518,0.739886,0.767145,0.349328,,,,,,,,GLOBAL_BASELINE_NO_ENTITY_RANKING,,,NOT_APPLICABLE_GLOBAL_BASELINE,HF9g-P5,,,,X 全窗基线 · 不参与实体赏罚,14194480,1420,A168_HF9F_20260827_0900,2026-08-27 09:00:00
2026-04-11,110249610,1646,0,22.7236575999,-22.7236575999,-22.7236575999,0E-7,1,1,0.49324550000000000,0.493245500000,-0.9865810262130424,-0.9865810262130424,-0.9865810262130424,0E-17,ELIGIBLE,R03b_20260811_FULL_v1,L1_ELIGIBILITY,v2026-08-11,2026-03-21..2026-08-06,baccarat_bet02_101_all_pairs_incl_sentinel,round_win = game_pnl > 0 (decisive only),COMPATIBILITY_ONLY_NOT_PRODUCTION,296357.1217,267511.9505,6650.6079,18220,18206,-0.02244119,-0.04150452,-0.02020951,-0.02244119,-6650.6079,296357.1217,OK,0.0000,266.0243,4.0000,96.0000,AG03-UNRESOLVED,ALL5_LEVELS_bet23_to_bet27,266.0243,266.0243,266.0243,332.5304,332.5304,4.000000,4.000000,4.000000,5.000000,5.000000,96.000000,96.000000,96.000000,95.000000,95.000000,5.0,1463.1337,1340.2688,5187.4742,5310.3391,PENDING_AG03,FALSE,NOT_FOR_ENFORCEMENT,6384.5836,256811.4724,6650.6079,6384.5836,266.0243,0.02244119,0.02154355,266.0243,6384.5836,0.02154355,266.0243,266.0243,266.0243,332.5304,332.5304,6384.5836,0.02154355,1463.1337,1340.2688,5187.4742,5310.3391,0.01750413,0.01791872,0.00089765,16.2655,14.6936,0.3653,59.3804,1.1678,2646.0457,162.5536,12.4780,16.8648,9.0895,16.5695,22.0926,29.825,33.4482,44.5976,11.8163,0.0,2.018664,2.691552,0.981654,30,240,141,4,0.10479828,0.02244119,0.04150452,0E-8,0.000000,0.902668,0.011910,-0.02129501,2026-03-22,2026-08-05,112,5695,2177,137,0.817518,0.739886,0.767145,0.349328,,,,,,,,GLOBAL_BASELINE_NO_ENTITY_RANKING,,,NOT_APPLICABLE_GLOBAL_BASELINE,HF9g-P5,,,,X 全窗基线 · 不参与实体赏罚,14194481,1420,A168_HF9F_20260827_0900,2026-08-27 09:00:00
2026-04-11,110249610,1710,0,133.5014883994,1.7042743200,1.7042743200,0.5000000,6,6,0.49547970000000000,0.495479700000,0.022145762000773162,0.022145762000773162,0.022145762000773162,0E-17,ELIGIBLE,R03b_20260811_FULL_v1,L1_ELIGIBILITY,v2026-08-11,2026-03-21..2026-08-06,baccarat_bet02_101_all_pairs_incl_sentinel,round_win = game_pnl > 0 (decisive only),COMPATIBILITY_ONLY_NOT_PRODUCTION,296357.1217,267511.9505,6650.6079,18220,18206,-0.02244119,-0.04150452,-0.02020951,-0.02244119,-6650.6079,296357.1217,OK,0.0000,266.0243,4.0000,96.0000,AG03-UNRESOLVED,ALL5_LEVELS_bet23_to_bet27,266.0243,266.0243,266.0243,332.5304,332.5304,4.000000,4.000000,4.000000,5.000000,5.000000,96.000000,96.000000,96.000000,95.000000,95.000000,5.0,1463.1337,1340.2688,5187.4742,5310.3391,PENDING_AG03,FALSE,NOT_FOR_ENFORCEMENT,6384.5836,256811.4724,6650.6079,6384.5836,266.0243,0.02244119,0.02154355,266.0243,6384.5836,0.02154355,266.0243,266.0243,266.0243,332.5304,332.5304,6384.5836,0.02154355,1463.1337,1340.2688,5187.4742,5310.3391,0.01750413,0.01791872,0.00089765,16.2655,14.6936,0.3653,59.3804,1.1678,2646.0457,162.5536,12.4780,16.8648,9.0895,16.5695,22.0926,29.825,33.4482,44.5976,11.8163,0.0,2.018664,2.691552,0.981654,30,240,141,4,0.10479828,0.02244119,0.04150452,0E-8,0.000000,0.902668,0.011910,-0.02129501,2026-03-22,2026-08-05,112,5695,2177,137,0.817518,0.739886,0.767145,0.349328,,,,,,,,GLOBAL_BASELINE_NO_ENTITY_RANKING,,,NOT_APPLICABLE_GLOBAL_BASELINE,HF9g-P5,,,,X 全窗基线 · 不参与实体赏罚,14194482,1420,A168_HF9F_20260827_0900,2026-08-27 09:00:00
2026-04-11,110249610,1750,0,46.0154066398,-46.0154066398,-46.0154066398,0E-7,2,2,0.49994810000000000,0.499948100000,-1.4140667746232096,-1.4140667746232096,-1.4140667746232096,0E-17,ELIGIBLE,R03b_20260811_FULL_v1,L1_ELIGIBILITY,v2026-08-11,2026-03-21..2026-08-06,baccarat_bet02_101_all_pairs_incl_sentinel,round_win = game_pnl > 0 (decisive only),COMPATIBILITY_ONLY_NOT_PRODUCTION,296357.1217,267511.9505,6650.6079,18220,18206,-0.02244119,-0.04150452,-0.02020951,-0.02244119,-6650.6079,296357.1217,OK,0.0000,266.0243,4.0000,96.0000,AG03-UNRESOLVED,ALL5_LEVELS_bet23_to_bet27,266.0243,266.0243,266.0243,332.5304,332.5304,4.000000,4.000000,4.000000,5.000000,5.000000,96.000000,96.000000,96.000000,95.000000,95.000000,5.0,1463.1337,1340.2688,5187.4742,5310.3391,PENDING_AG03,FALSE,NOT_FOR_ENFORCEMENT,6384.5836,256811.4724,6650.6079,6384.5836,266.0243,0.02244119,0.02154355,266.0243,6384.5836,0.02154355,266.0243,266.0243,266.0243,332.5304,332.5304,6384.5836,0.02154355,1463.1337,1340.2688,5187.4742,5310.3391,0.01750413,0.01791872,0.00089765,16.2655,14.6936,0.3653,59.3804,1.1678,2646.0457,162.5536,12.4780,16.8648,9.0895,16.5695,22.0926,29.825,33.4482,44.5976,11.8163,0.0,2.018664,2.691552,0.981654,30,240,141,4,0.10479828,0.02244119,0.04150452,0E-8,0.000000,0.902668,0.011910,-0.02129501,2026-03-22,2026-08-05,112,5695,2177,137,0.817518,0.739886,0.767145,0.349328,,,,,,,,GLOBAL_BASELINE_NO_ENTITY_RANKING,,,NOT_APPLICABLE_GLOBAL_BASELINE,HF9g-P5,,,,X 全窗基线 · 不参与实体赏罚,14194483,1420,A168_HF9F_20260827_0900,2026-08-27 09:00:00
2026-04-11,110249610,1935,0,54.5367782398,-54.5367782398,-54.5367782398,0E-7,2,2,0.50665070000000000,0.506650700000,-1.4331513700195317,-1.4331513700195317,-1.4331513700195317,0E-17,ELIGIBLE,R03b_20260811_FULL_v1,L1_ELIGIBILITY,v2026-08-11,2026-03-21..2026-08-06,baccarat_bet02_101_all_pairs_incl_sentinel,round_win = game_pnl > 0 (decisive only),COMPATIBILITY_ONLY_NOT_PRODUCTION,296357.1217,267511.9505,6650.6079,18220,18206,-0.02244119,-0.04150452,-0.02020951,-0.02244119,-6650.6079,296357.1217,OK,0.0000,266.0243,4.0000,96.0000,AG03-UNRESOLVED,ALL5_LEVELS_bet23_to_bet27,266.0243,266.0243,266.0243,332.5304,332.5304,4.000000,4.000000,4.000000,5.000000,5.000000,96.000000,96.000000,96.000000,95.000000,95.000000,5.0,1463.1337,1340.2688,5187.4742,5310.3391,PENDING_AG03,FALSE,NOT_FOR_ENFORCEMENT,6384.5836,256811.4724,6650.6079,6384.5836,266.0243,0.02244119,0.02154355,266.0243,6384.5836,0.02154355,266.0243,266.0243,266.0243,332.5304,332.5304,6384.5836,0.02154355,1463.1337,1340.2688,5187.4742,5310.3391,0.01750413,0.01791872,0.00089765,16.2655,14.6936,0.3653,59.3804,1.1678,2646.0457,162.5536,12.4780,16.8648,9.0895,16.5695,22.0926,29.825,33.4482,44.5976,11.8163,0.0,2.018664,2.691552,0.981654,30,240,141,4,0.10479828,0.02244119,0.04150452,0E-8,0.000000,0.902668,0.011910,-0.02129501,2026-03-22,2026-08-05,112,5695,2177,137,0.817518,0.739886,0.767145,0.349328,,,,,,,,GLOBAL_BASELINE_NO_ENTITY_RANKING,,,NOT_APPLICABLE_GLOBAL_BASELINE,HF9g-P5,,,,X 全窗基线 · 不参与实体赏罚,14194484,1420,A168_HF9F_20260827_0900,2026-08-27 09:00:00
2026-04-11,110249610,1940,0,61.0130206558,26.9843433999,26.9843433999,1.0000000,2,2,0.50665070000000000,0.506650700000,0.9867858985152569,0.9867858985152569,0.9867858985152569,0E-17,ELIGIBLE,R03b_20260811_FULL_v1,L1_ELIGIBILITY,v2026-08-11,2026-03-21..2026-08-06,baccarat_bet02_101_all_pairs_incl_sentinel,round_win = game_pnl > 0 (decisive only),COMPATIBILITY_ONLY_NOT_PRODUCTION,296357.1217,267511.9505,6650.6079,18220,18206,-0.02244119,-0.04150452,-0.02020951,-0.02244119,-6650.6079,296357.1217,OK,0.0000,266.0243,4.0000,96.0000,AG03-UNRESOLVED,ALL5_LEVELS_bet23_to_bet27,266.0243,266.0243,266.0243,332.5304,332.5304,4.000000,4.000000,4.000000,5.000000,5.000000,96.000000,96.000000,96.000000,95.000000,95.000000,5.0,1463.1337,1340.2688,5187.4742,5310.3391,PENDING_AG03,FALSE,NOT_FOR_ENFORCEMENT,6384.5836,256811.4724,6650.6079,6384.5836,266.0243,0.02244119,0.02154355,266.0243,6384.5836,0.02154355,266.0243,266.0243,266.0243,332.5304,332.5304,6384.5836,0.02154355,1463.1337,1340.2688,5187.4742,5310.3391,0.01750413,0.01791872,0.00089765,16.2655,14.6936,0.3653,59.3804,1.1678,2646.0457,162.5536,12.4780,16.8648,9.0895,16.5695,22.0926,29.825,33.4482,44.5976,11.8163,0.0,2.018664,2.691552,0.981654,30,240,141,4,0.10479828,0.02244119,0.04150452,0E-8,0.000000,0.902668,0.011910,-0.02129501,2026-03-22,2026-08-05,112,5695,2177,137,0.817518,0.739886,0.767145,0.349328,,,,,,,,GLOBAL_BASELINE_NO_ENTITY_RANKING,,,NOT_APPLICABLE_GLOBAL_BASELINE,HF9g-P5,,,,X 全窗基线 · 不参与实体赏罚,14194485,1420,A168_HF9F_20260827_0900,2026-08-27 09:00:00
2026-04-11,110249610,1941,0,28.4045719999,-28.4045719999,-28.4045719999,0E-7,1,1,0.49324550000000000,0.493245500000,-0.9865810262130424,-0.9865810262130424,-0.9865810262130424,0E-17,ELIGIBLE,R03b_20260811_FULL_v1,L1_ELIGIBILITY,v2026-08-11,2026-03-21..2026-08-06,baccarat_bet02_101_all_pairs_incl_sentinel,round_win = game_pnl > 0 (decisive only),COMPATIBILITY_ONLY_NOT_PRODUCTION,296357.1217,267511.9505,6650.6079,18220,18206,-0.02244119,-0.04150452,-0.02020951,-0.02244119,-6650.6079,296357.1217,OK,0.0000,266.0243,4.0000,96.0000,AG03-UNRESOLVED,ALL5_LEVELS_bet23_to_bet27,266.0243,266.0243,266.0243,332.5304,332.5304,4.000000,4.000000,4.000000,5.000000,5.000000,96.000000,96.000000,96.000000,95.000000,95.000000,5.0,1463.1337,1340.2688,5187.4742,5310.3391,PENDING_AG03,FALSE,NOT_FOR_ENFORCEMENT,6384.5836,256811.4724,6650.6079,6384.5836,266.0243,0.02244119,0.02154355,266.0243,6384.5836,0.02154355,266.0243,266.0243,266.0243,332.5304,332.5304,6384.5836,0.02154355,1463.1337,1340.2688,5187.4742,5310.3391,0.01750413,0.01791872,0.00089765,16.2655,14.6936,0.3653,59.3804,1.1678,2646.0457,162.5536,12.4780,16.8648,9.0895,16.5695,22.0926,29.825,33.4482,44.5976,11.8163,0.0,2.018664,2.691552,0.981654,30,240,141,4,0.10479828,0.02244119,0.04150452,0E-8,0.000000,0.902668,0.011910,-0.02129501,2026-03-22,2026-08-05,112,5695,2177,137,0.817518,0.739886,0.767145,0.349328,,,,,,,,GLOBAL_BASELINE_NO_ENTITY_RANKING,,,NOT_APPLICABLE_GLOBAL_BASELINE,HF9g-P5,,,,X 全窗基线 · 不参与实体赏罚,14194486,1420,A168_HF9F_20260827_0900,2026-08-27 09:00:00
2026-04-11,110249610,1951,0,42.2660031359,40.1527029791,40.1527029791,1.0000000,2,2,0.50665070000000000,0.506650700000,1.3955260008387969,1.3955260008387969,1.3955260008387969,0E-17,ELIGIBLE,R03b_20260811_FULL_v1,L1_ELIGIBILITY,v2026-08-11,2026-03-21..2026-08-06,baccarat_bet02_101_all_pairs_incl_sentinel,round_win = game_pnl > 0 (decisive only),COMPATIBILITY_ONLY_NOT_PRODUCTION,296357.1217,267511.9505,6650.6079,18220,18206,-0.02244119,-0.04150452,-0.02020951,-0.02244119,-6650.6079,296357.1217,OK,0.0000,266.0243,4.0000,96.0000,AG03-UNRESOLVED,ALL5_LEVELS_bet23_to_bet27,266.0243,266.0243,266.0243,332.5304,332.5304,4.000000,4.000000,4.000000,5.000000,5.000000,96.000000,96.000000,96.000000,95.000000,95.000000,5.0,1463.1337,1340.2688,5187.4742,5310.3391,PENDING_AG03,FALSE,NOT_FOR_ENFORCEMENT,6384.5836,256811.4724,6650.6079,6384.5836,266.0243,0.02244119,0.02154355,266.0243,6384.5836,0.02154355,266.0243,266.0243,266.0243,332.5304,332.5304,6384.5836,0.02154355,1463.1337,1340.2688,5187.4742,5310.3391,0.01750413,0.01791872,0.00089765,16.2655,14.6936,0.3653,59.3804,1.1678,2646.0457,162.5536,12.4780,16.8648,9.0895,16.5695,22.0926,29.825,33.4482,44.5976,11.8163,0.0,2.018664,2.691552,0.981654,30,240,141,4,0.10479828,0.02244119,0.04150452,0E-8,0.000000,0.902668,0.011910,-0.02129501,2026-03-22,2026-08-05,112,5695,2177,137,0.817518,0.739886,0.767145,0.349328,,,,,,,,GLOBAL_BASELINE_NO_ENTITY_RANKING,,,NOT_APPLICABLE_GLOBAL_BASELINE,HF9g-P5,,,,X 全窗基线 · 不参与实体赏罚,14194487,1420,A168_HF9F_20260827_0900,2026-08-27 09:00:00
2026-04-11,110249610,1963,0,23.6326039040,-11.8163019520,-11.8163019520,0E-7,2,2,0.49324550000000000,0.493245500000,-0.9865810262130424,-0.9865810262130424,-0.9865810262130424,0E-17,ELIGIBLE,R03b_20260811_FULL_v1,L1_ELIGIBILITY,v2026-08-11,2026-03-21..2026-08-06,baccarat_bet02_101_all_pairs_incl_sentinel,round_win = game_pnl > 0 (decisive only),COMPATIBILITY_ONLY_NOT_PRODUCTION,296357.1217,267511.9505,6650.6079,18220,18206,-0.02244119,-0.04150452,-0.02020951,-0.02244119,-6650.6079,296357.1217,OK,0.0000,266.0243,4.0000,96.0000,AG03-UNRESOLVED,ALL5_LEVELS_bet23_to_bet27,266.0243,266.0243,266.0243,332.5304,332.5304,4.000000,4.000000,4.000000,5.000000,5.000000,96.000000,96.000000,96.000000,95.000000,95.000000,5.0,1463.1337,1340.2688,5187.4742,5310.3391,PENDING_AG03,FALSE,NOT_FOR_ENFORCEMENT,6384.5836,256811.4724,6650.6079,6384.5836,266.0243,0.02244119,0.02154355,266.0243,6384.5836,0.02154355,266.0243,266.0243,266.0243,332.5304,332.5304,6384.5836,0.02154355,1463.1337,1340.2688,5187.4742,5310.3391,0.01750413,0.01791872,0.00089765,16.2655,14.6936,0.3653,59.3804,1.1678,2646.0457,162.5536,12.4780,16.8648,9.0895,16.5695,22.0926,29.825,33.4482,44.5976,11.8163,0.0,2.018664,2.691552,0.981654,30,240,141,4,0.10479828,0.02244119,0.04150452,0E-8,0.000000,0.902668,0.011910,-0.02129501,2026-03-22,2026-08-05,112,5695,2177,137,0.817518,0.739886,0.767145,0.349328,,,,,,,,GLOBAL_BASELINE_NO_ENTITY_RANKING,,,NOT_APPLICABLE_GLOBAL_BASELINE,HF9g-P5,,,,X 全窗基线 · 不参与实体赏罚,14194488,1420,A168_HF9F_20260827_0900,2026-08-27 09:00:00
2026-04-11,110249610,2103,0,11.3618288000,-11.3618288000,-11.3618288000,0E-7,1,1,0.49324550000000000,0.493245500000,-0.9865810262130424,-0.9865810262130424,-0.9865810262130424,0E-17,ELIGIBLE,R03b_20260811_FULL_v1,L1_ELIGIBILITY,v2026-08-11,2026-03-21..2026-08-06,baccarat_bet02_101_all_pairs_incl_sentinel,round_win = game_pnl > 0 (decisive only),COMPATIBILITY_ONLY_NOT_PRODUCTION,296357.1217,267511.9505,6650.6079,18220,18206,-0.02244119,-0.04150452,-0.02020951,-0.02244119,-6650.6079,296357.1217,OK,0.0000,266.0243,4.0000,96.0000,AG03-UNRESOLVED,ALL5_LEVELS_bet23_to_bet27,266.0243,266.0243,266.0243,332.5304,332.5304,4.000000,4.000000,4.000000,5.000000,5.000000,96.000000,96.000000,96.000000,95.000000,95.000000,5.0,1463.1337,1340.2688,5187.4742,5310.3391,PENDING_AG03,FALSE,NOT_FOR_ENFORCEMENT,6384.5836,256811.4724,6650.6079,6384.5836,266.0243,0.02244119,0.02154355,266.0243,6384.5836,0.02154355,266.0243,266.0243,266.0243,332.5304,332.5304,6384.5836,0.02154355,1463.1337,1340.2688,5187.4742,5310.3391,0.01750413,0.01791872,0.00089765,16.2655,14.6936,0.3653,59.3804,1.1678,2646.0457,162.5536,12.4780,16.8648,9.0895,16.5695,22.0926,29.825,33.4482,44.5976,11.8163,0.0,2.018664,2.691552,0.981654,30,240,141,4,0.10479828,0.02244119,0.04150452,0E-8,0.000000,0.902668,0.011910,-0.02129501,2026-03-22,2026-08-05,112,5695,2177,137,0.817518,0.739886,0.767145,0.349328,,,,,,,,GLOBAL_BASELINE_NO_ENTITY_RANKING,,,NOT_APPLICABLE_GLOBAL_BASELINE,HF9g-P5,,,,X 全窗基线 · 不参与实体赏罚,14194489,1420,A168_HF9F_20260827_0900,2026-08-27 09:00:00
2026-04-11,110249610,2115,0,114.7544708795,35.2216692799,35.2216692799,0.6666667,6,6,0.49324550000000000,0.493245500000,0.8496642703256836,0.8496642703256835,0.8496642703256836,0E-17,ELIGIBLE,R03b_20260811_FULL_v1,L1_ELIGIBILITY,v2026-08-11,2026-03-21..2026-08-06,baccarat_bet02_101_all_pairs_incl_sentinel,round_win = game_pnl > 0 (decisive only),COMPATIBILITY_ONLY_NOT_PRODUCTION,296357.1217,267511.9505,6650.6079,18220,18206,-0.02244119,-0.04150452,-0.02020951,-0.02244119,-6650.6079,296357.1217,OK,0.0000,266.0243,4.0000,96.0000,AG03-UNRESOLVED,ALL5_LEVELS_bet23_to_bet27,266.0243,266.0243,266.0243,332.5304,332.5304,4.000000,4.000000,4.000000,5.000000,5.000000,96.000000,96.000000,96.000000,95.000000,95.000000,5.0,1463.1337,1340.2688,5187.4742,5310.3391,PENDING_AG03,FALSE,NOT_FOR_ENFORCEMENT,6384.5836,256811.4724,6650.6079,6384.5836,266.0243,0.02244119,0.02154355,266.0243,6384.5836,0.02154355,266.0243,266.0243,266.0243,332.5304,332.5304,6384.5836,0.02154355,1463.1337,1340.2688,5187.4742,5310.3391,0.01750413,0.01791872,0.00089765,16.2655,14.6936,0.3653,59.3804,1.1678,2646.0457,162.5536,12.4780,16.8648,9.0895,16.5695,22.0926,29.825,33.4482,44.5976,11.8163,0.0,2.018664,2.691552,0.981654,30,240,141,4,0.10479828,0.02244119,0.04150452,0E-8,0.000000,0.902668,0.011910,-0.02129501,2026-03-22,2026-08-05,112,5695,2177,137,0.817518,0.739886,0.767145,0.349328,,,,,,,,GLOBAL_BASELINE_NO_ENTITY_RANKING,,,NOT_APPLICABLE_GLOBAL_BASELINE,HF9g-P5,,,,X 全窗基线 · 不参与实体赏罚,14194490,1420,A168_HF9F_20260827_0900,2026-08-27 09:00:00
2026-04-11,110249610,2123,0,23.0645124639,0E-10,0E-10,,1,1,0.49324550000000000,0.493245500000,,,,0E-17,NO_DECISIVE_ROUND,R03b_20260811_FULL_v1,L1_ELIGIBILITY,v2026-08-11,2026-03-21..2026-08-06,baccarat_bet02_101_all_pairs_incl_sentinel,round_win = game_pnl > 0 (decisive only),COMPATIBILITY_ONLY_NOT_PRODUCTION,296357.1217,267511.9505,6650.6079,18220,18206,-0.02244119,-0.04150452,-0.02020951,-0.02244119,-6650.6079,296357.1217,OK,0.0000,266.0243,4.0000,96.0000,AG03-UNRESOLVED,ALL5_LEVELS_bet23_to_bet27,266.0243,266.0243,266.0243,332.5304,332.5304,4.000000,4.000000,4.000000,5.000000,5.000000,96.000000,96.000000,96.000000,95.000000,95.000000,5.0,1463.1337,1340.2688,5187.4742,5310.3391,PENDING_AG03,FALSE,NOT_FOR_ENFORCEMENT,6384.5836,256811.4724,6650.6079,6384.5836,266.0243,0.02244119,0.02154355,266.0243,6384.5836,0.02154355,266.0243,266.0243,266.0243,332.5304,332.5304,6384.5836,0.02154355,1463.1337,1340.2688,5187.4742,5310.3391,0.01750413,0.01791872,0.00089765,16.2655,14.6936,0.3653,59.3804,1.1678,2646.0457,162.5536,12.4780,16.8648,9.0895,16.5695,22.0926,29.825,33.4482,44.5976,11.8163,0.0,2.018664,2.691552,0.981654,30,240,141,4,0.10479828,0.02244119,0.04150452,0E-8,0.000000,0.902668,0.011910,-0.02129501,2026-03-22,2026-08-05,112,5695,2177,137,0.817518,0.739886,0.767145,0.349328,,,,,,,,GLOBAL_BASELINE_NO_ENTITY_RANKING,,,NOT_APPLICABLE_GLOBAL_BASELINE,HF9g-P5,,,,X 全窗基线 · 不参与实体赏罚,14194491,1420,A168_HF9F_20260827_0900,2026-08-27 09:00:00
2026-04-11,110249610,2129,0,22.1555661599,-22.1555661599,-22.1555661599,0E-7,1,1,0.50665070000000000,0.506650700000,-1.013391052207602,-1.013391052207602,-1.013391052207602,0E-17,ELIGIBLE,R03b_20260811_FULL_v1,L1_ELIGIBILITY,v2026-08-11,2026-03-21..2026-08-06,baccarat_bet02_101_all_pairs_incl_sentinel,round_win = game_pnl > 0 (decisive only),COMPATIBILITY_ONLY_NOT_PRODUCTION,296357.1217,267511.9505,6650.6079,18220,18206,-0.02244119,-0.04150452,-0.02020951,-0.02244119,-6650.6079,296357.1217,OK,0.0000,266.0243,4.0000,96.0000,AG03-UNRESOLVED,ALL5_LEVELS_bet23_to_bet27,266.0243,266.0243,266.0243,332.5304,332.5304,4.000000,4.000000,4.000000,5.000000,5.000000,96.000000,96.000000,96.000000,95.000000,95.000000,5.0,1463.1337,1340.2688,5187.4742,5310.3391,PENDING_AG03,FALSE,NOT_FOR_ENFORCEMENT,6384.5836,256811.4724,6650.6079,6384.5836,266.0243,0.02244119,0.02154355,266.0243,6384.5836,0.02154355,266.0243,266.0243,266.0243,332.5304,332.5304,6384.5836,0.02154355,1463.1337,1340.2688,5187.4742,5310.3391,0.01750413,0.01791872,0.00089765,16.2655,14.6936,0.3653,59.3804,1.1678,2646.0457,162.5536,12.4780,16.8648,9.0895,16.5695,22.0926,29.825,33.4482,44.5976,11.8163,0.0,2.018664,2.691552,0.981654,30,240,141,4,0.10479828,0.02244119,0.04150452,0E-8,0.000000,0.902668,0.011910,-0.02129501,2026-03-22,2026-08-05,112,5695,2177,137,0.817518,0.739886,0.767145,0.349328,,,,,,,,GLOBAL_BASELINE_NO_ENTITY_RANKING,,,NOT_APPLICABLE_GLOBAL_BASELINE,HF9g-P5,,,,X 全窗基线 · 不参与实体赏罚,14194492,1420,A168_HF9F_20260827_0900,2026-08-27 09:00:00
2026-04-11,110249610,2130,0,11.3618288000,-11.3618288000,-11.3618288000,0E-7,1,1,0.50665070000000000,0.506650700000,-1.013391052207602,-1.013391052207602,-1.013391052207602,0E-17,ELIGIBLE,R03b_20260811_FULL_v1,L1_ELIGIBILITY,v2026-08-11,2026-03-21..2026-08-06,baccarat_bet02_101_all_pairs_incl_sentinel,round_win = game_pnl > 0 (decisive only),COMPATIBILITY_ONLY_NOT_PRODUCTION,296357.1217,267511.9505,6650.6079,18220,18206,-0.02244119,-0.04150452,-0.02020951,-0.02244119,-6650.6079,296357.1217,OK,0.0000,266.0243,4.0000,96.0000,AG03-UNRESOLVED,ALL5_LEVELS_bet23_to_bet27,266.0243,266.0243,266.0243,332.5304,332.5304,4.000000,4.000000,4.000000,5.000000,5.000000,96.000000,96.000000,96.000000,95.000000,95.000000,5.0,1463.1337,1340.2688,5187.4742,5310.3391,PENDING_AG03,FALSE,NOT_FOR_ENFORCEMENT,6384.5836,256811.4724,6650.6079,6384.5836,266.0243,0.02244119,0.02154355,266.0243,6384.5836,0.02154355,266.0243,266.0243,266.0243,332.5304,332.5304,6384.5836,0.02154355,1463.1337,1340.2688,5187.4742,5310.3391,0.01750413,0.01791872,0.00089765,16.2655,14.6936,0.3653,59.3804,1.1678,2646.0457,162.5536,12.4780,16.8648,9.0895,16.5695,22.0926,29.825,33.4482,44.5976,11.8163,0.0,2.018664,2.691552,0.981654,30,240,141,4,0.10479828,0.02244119,0.04150452,0E-8,0.000000,0.902668,0.011910,-0.02129501,2026-03-22,2026-08-05,112,5695,2177,137,0.817518,0.739886,0.767145,0.349328,,,,,,,,GLOBAL_BASELINE_NO_ENTITY_RANKING,,,NOT_APPLICABLE_GLOBAL_BASELINE,HF9g-P5,,,,X 全窗基线 · 不参与实体赏罚,14194493,1420,A168_HF9F_20260827_0900,2026-08-27 09:00:00
2026-04-11,110249610,2145,0,11.3618288000,11.3618288000,11.3618288000,1.0000000,1,1,0.49324550000000000,0.493245500000,1.01360149184955,1.01360149184955,1.01360149184955,0E-17,ELIGIBLE,R03b_20260811_FULL_v1,L1_ELIGIBILITY,v2026-08-11,2026-03-21..2026-08-06,baccarat_bet02_101_all_pairs_incl_sentinel,round_win = game_pnl > 0 (decisive only),COMPATIBILITY_ONLY_NOT_PRODUCTION,296357.1217,267511.9505,6650.6079,18220,18206,-0.02244119,-0.04150452,-0.02020951,-0.02244119,-6650.6079,296357.1217,OK,0.0000,266.0243,4.0000,96.0000,AG03-UNRESOLVED,ALL5_LEVELS_bet23_to_bet27,266.0243,266.0243,266.0243,332.5304,332.5304,4.000000,4.000000,4.000000,5.000000,5.000000,96.000000,96.000000,96.000000,95.000000,95.000000,5.0,1463.1337,1340.2688,5187.4742,5310.3391,PENDING_AG03,FALSE,NOT_FOR_ENFORCEMENT,6384.5836,256811.4724,6650.6079,6384.5836,266.0243,0.02244119,0.02154355,266.0243,6384.5836,0.02154355,266.0243,266.0243,266.0243,332.5304,332.5304,6384.5836,0.02154355,1463.1337,1340.2688,5187.4742,5310.3391,0.01750413,0.01791872,0.00089765,16.2655,14.6936,0.3653,59.3804,1.1678,2646.0457,162.5536,12.4780,16.8648,9.0895,16.5695,22.0926,29.825,33.4482,44.5976,11.8163,0.0,2.018664,2.691552,0.981654,30,240,141,4,0.10479828,0.02244119,0.04150452,0E-8,0.000000,0.902668,0.011910,-0.02129501,2026-03-22,2026-08-05,112,5695,2177,137,0.817518,0.739886,0.767145,0.349328,,,,,,,,GLOBAL_BASELINE_NO_ENTITY_RANKING,,,NOT_APPLICABLE_GLOBAL_BASELINE,HF9g-P5,,,,X 全窗基线 · 不参与实体赏罚,14194494,1420,A168_HF9F_20260827_0900,2026-08-27 09:00:00
2026-04-11,110249610,2156,0,39.7664007998,39.7664007998,39.7664007998,1.0000000,2,2,0.49324550000000000,0.493245500000,1.4334489766152358,1.4334489766152358,1.4334489766152358,0E-17,ELIGIBLE,R03b_20260811_FULL_v1,L1_ELIGIBILITY,v2026-08-11,2026-03-21..2026-08-06,baccarat_bet02_101_all_pairs_incl_sentinel,round_win = game_pnl > 0 (decisive only),COMPATIBILITY_ONLY_NOT_PRODUCTION,296357.1217,267511.9505,6650.6079,18220,18206,-0.02244119,-0.04150452,-0.02020951,-0.02244119,-6650.6079,296357.1217,OK,0.0000,266.0243,4.0000,96.0000,AG03-UNRESOLVED,ALL5_LEVELS_bet23_to_bet27,266.0243,266.0243,266.0243,332.5304,332.5304,4.000000,4.000000,4.000000,5.000000,5.000000,96.000000,96.000000,96.000000,95.000000,95.000000,5.0,1463.1337,1340.2688,5187.4742,5310.3391,PENDING_AG03,FALSE,NOT_FOR_ENFORCEMENT,6384.5836,256811.4724,6650.6079,6384.5836,266.0243,0.02244119,0.02154355,266.0243,6384.5836,0.02154355,266.0243,266.0243,266.0243,332.5304,332.5304,6384.5836,0.02154355,1463.1337,1340.2688,5187.4742,5310.3391,0.01750413,0.01791872,0.00089765,16.2655,14.6936,0.3653,59.3804,1.1678,2646.0457,162.5536,12.4780,16.8648,9.0895,16.5695,22.0926,29.825,33.4482,44.5976,11.8163,0.0,2.018664,2.691552,0.981654,30,240,141,4,0.10479828,0.02244119,0.04150452,0E-8,0.000000,0.902668,0.011910,-0.02129501,2026-03-22,2026-08-05,112,5695,2177,137,0.817518,0.739886,0.767145,0.349328,,,,,,,,GLOBAL_BASELINE_NO_ENTITY_RANKING,,,NOT_APPLICABLE_GLOBAL_BASELINE,HF9g-P5,,,,X 全窗基线 · 不参与实体赏罚,14194495,1420,A168_HF9F_20260827_0900,2026-08-27 09:00:00
2026-04-11,110249610,2169,0,309.0417433589,52.0939850479,52.0939850479,0.5454545,11,11,0.50665070000000000,0.506650700000,0.25741836475932667,0.25741836475932667,0.25741836475932667,0E-17,ELIGIBLE,R03b_20260811_FULL_v1,L1_ELIGIBILITY,v2026-08-11,2026-03-21..2026-08-06,baccarat_bet02_101_all_pairs_incl_sentinel,round_win = game_pnl > 0 (decisive only),COMPATIBILITY_ONLY_NOT_PRODUCTION,296357.1217,267511.9505,6650.6079,18220,18206,-0.02244119,-0.04150452,-0.02020951,-0.02244119,-6650.6079,296357.1217,OK,0.0000,266.0243,4.0000,96.0000,AG03-UNRESOLVED,ALL5_LEVELS_bet23_to_bet27,266.0243,266.0243,266.0243,332.5304,332.5304,4.000000,4.000000,4.000000,5.000000,5.000000,96.000000,96.000000,96.000000,95.000000,95.000000,5.0,1463.1337,1340.2688,5187.4742,5310.3391,PENDING_AG03,FALSE,NOT_FOR_ENFORCEMENT,6384.5836,256811.4724,6650.6079,6384.5836,266.0243,0.02244119,0.02154355,266.0243,6384.5836,0.02154355,266.0243,266.0243,266.0243,332.5304,332.5304,6384.5836,0.02154355,1463.1337,1340.2688,5187.4742,5310.3391,0.01750413,0.01791872,0.00089765,16.2655,14.6936,0.3653,59.3804,1.1678,2646.0457,162.5536,12.4780,16.8648,9.0895,16.5695,22.0926,29.825,33.4482,44.5976,11.8163,0.0,2.018664,2.691552,0.981654,30,240,141,4,0.10479828,0.02244119,0.04150452,0E-8,0.000000,0.902668,0.011910,-0.02129501,2026-03-22,2026-08-05,112,5695,2177,137,0.817518,0.739886,0.767145,0.349328,,,,,,,,GLOBAL_BASELINE_NO_ENTITY_RANKING,,,NOT_APPLICABLE_GLOBAL_BASELINE,HF9g-P5,,,,X 全窗基线 · 不参与实体赏罚,14194496,1420,A168_HF9F_20260827_0900,2026-08-27 09:00:00
2026-04-11,110249610,2171,0,17.0427431999,-17.0427431999,-17.0427431999,0E-7,1,1,0.50665070000000000,0.506650700000,-1.013391052207602,-1.013391052207602,-1.013391052207602,0E-17,ELIGIBLE,R03b_20260811_FULL_v1,L1_ELIGIBILITY,v2026-08-11,2026-03-21..2026-08-06,baccarat_bet02_101_all_pairs_incl_sentinel,round_win = game_pnl > 0 (decisive only),COMPATIBILITY_ONLY_NOT_PRODUCTION,296357.1217,267511.9505,6650.6079,18220,18206,-0.02244119,-0.04150452,-0.02020951,-0.02244119,-6650.6079,296357.1217,OK,0.0000,266.0243,4.0000,96.0000,AG03-UNRESOLVED,ALL5_LEVELS_bet23_to_bet27,266.0243,266.0243,266.0243,332.5304,332.5304,4.000000,4.000000,4.000000,5.000000,5.000000,96.000000,96.000000,96.000000,95.000000,95.000000,5.0,1463.1337,1340.2688,5187.4742,5310.3391,PENDING_AG03,FALSE,NOT_FOR_ENFORCEMENT,6384.5836,256811.4724,6650.6079,6384.5836,266.0243,0.02244119,0.02154355,266.0243,6384.5836,0.02154355,266.0243,266.0243,266.0243,332.5304,332.5304,6384.5836,0.02154355,1463.1337,1340.2688,5187.4742,5310.3391,0.01750413,0.01791872,0.00089765,16.2655,14.6936,0.3653,59.3804,1.1678,2646.0457,162.5536,12.4780,16.8648,9.0895,16.5695,22.0926,29.825,33.4482,44.5976,11.8163,0.0,2.018664,2.691552,0.981654,30,240,141,4,0.10479828,0.02244119,0.04150452,0E-8,0.000000,0.902668,0.011910,-0.02129501,2026-03-22,2026-08-05,112,5695,2177,137,0.817518,0.739886,0.767145,0.349328,,,,,,,,GLOBAL_BASELINE_NO_ENTITY_RANKING,,,NOT_APPLICABLE_GLOBAL_BASELINE,HF9g-P5,,,,X 全窗基线 · 不参与实体赏罚,14194497,1420,A168_HF9F_20260827_0900,2026-08-27 09:00:00
2026-04-11,110249610,2174,0,132.7061603833,-21.2238961983,-21.2238961983,0.4285714,7,7,0.50282064285714286,0.502820642857,-0.39289616391791987,-0.3928961639171632,-0.39289616391791987,1.4286E-13,ELIGIBLE,R03b_20260811_FULL_v1,L1_ELIGIBILITY,v2026-08-11,2026-03-21..2026-08-06,baccarat_bet02_101_all_pairs_incl_sentinel,round_win = game_pnl > 0 (decisive only),COMPATIBILITY_ONLY_NOT_PRODUCTION,296357.1217,267511.9505,6650.6079,18220,18206,-0.02244119,-0.04150452,-0.02020951,-0.02244119,-6650.6079,296357.1217,OK,0.0000,266.0243,4.0000,96.0000,AG03-UNRESOLVED,ALL5_LEVELS_bet23_to_bet27,266.0243,266.0243,266.0243,332.5304,332.5304,4.000000,4.000000,4.000000,5.000000,5.000000,96.000000,96.000000,96.000000,95.000000,95.000000,5.0,1463.1337,1340.2688,5187.4742,5310.3391,PENDING_AG03,FALSE,NOT_FOR_ENFORCEMENT,6384.5836,256811.4724,6650.6079,6384.5836,266.0243,0.02244119,0.02154355,266.0243,6384.5836,0.02154355,266.0243,266.0243,266.0243,332.5304,332.5304,6384.5836,0.02154355,1463.1337,1340.2688,5187.4742,5310.3391,0.01750413,0.01791872,0.00089765,16.2655,14.6936,0.3653,59.3804,1.1678,2646.0457,162.5536,12.4780,16.8648,9.0895,16.5695,22.0926,29.825,33.4482,44.5976,11.8163,0.0,2.018664,2.691552,0.981654,30,240,141,4,0.10479828,0.02244119,0.04150452,0E-8,0.000000,0.902668,0.011910,-0.02129501,2026-03-22,2026-08-05,112,5695,2177,137,0.817518,0.739886,0.767145,0.349328,,,,,,,,GLOBAL_BASELINE_NO_ENTITY_RANKING,,,NOT_APPLICABLE_GLOBAL_BASELINE,HF9g-P5,,,,X 全窗基线 · 不参与实体赏罚,14194498,1420,A168_HF9F_20260827_0900,2026-08-27 09:00:00
2026-04-11,110249610,2177,0,602.6313995501,451.7235894289,451.7235894289,0.9444444,20,20,0.50665070000000000,0.506650700000,3.7151317740400023,3.7151317740400023,3.7151317740400023,0E-17,ELIGIBLE,R03b_20260811_FULL_v1,L1_ELIGIBILITY,v2026-08-11,2026-03-21..2026-08-06,baccarat_bet02_101_all_pairs_incl_sentinel,round_win = game_pnl > 0 (decisive only),COMPATIBILITY_ONLY_NOT_PRODUCTION,296357.1217,267511.9505,6650.6079,18220,18206,-0.02244119,-0.04150452,-0.02020951,-0.02244119,-6650.6079,296357.1217,OK,0.0000,266.0243,4.0000,96.0000,AG03-UNRESOLVED,ALL5_LEVELS_bet23_to_bet27,266.0243,266.0243,266.0243,332.5304,332.5304,4.000000,4.000000,4.000000,5.000000,5.000000,96.000000,96.000000,96.000000,95.000000,95.000000,5.0,1463.1337,1340.2688,5187.4742,5310.3391,PENDING_AG03,FALSE,NOT_FOR_ENFORCEMENT,6384.5836,256811.4724,6650.6079,6384.5836,266.0243,0.02244119,0.02154355,266.0243,6384.5836,0.02154355,266.0243,266.0243,266.0243,332.5304,332.5304,6384.5836,0.02154355,1463.1337,1340.2688,5187.4742,5310.3391,0.01750413,0.01791872,0.00089765,16.2655,14.6936,0.3653,59.3804,1.1678,2646.0457,162.5536,12.4780,16.8648,9.0895,16.5695,22.0926,29.825,33.4482,44.5976,11.8163,0.0,2.018664,2.691552,0.981654,30,240,141,4,0.10479828,0.02244119,0.04150452,0E-8,0.000000,0.902668,0.011910,-0.02129501,2026-03-22,2026-08-05,112,5695,2177,137,0.817518,0.739886,0.767145,0.349328,,,,,,,,GLOBAL_BASELINE_NO_ENTITY_RANKING,,,NOT_APPLICABLE_GLOBAL_BASELINE,HF9g-P5,,,,X 全窗基线 · 不参与实体赏罚,14194499,1420,A168_HF9F_20260827_0900,2026-08-27 09:00:00
2026-04-11,110249610,2188,0,280.2963164949,78.6238552957,78.6238552957,0.6923077,13,13,0.50665070000000000,0.506650700000,1.3389100608992626,1.3389100608992626,1.3389100608992626,0E-17,ELIGIBLE,R03b_20260811_FULL_v1,L1_ELIGIBILITY,v2026-08-11,2026-03-21..2026-08-06,baccarat_bet02_101_all_pairs_incl_sentinel,round_win = game_pnl > 0 (decisive only),COMPATIBILITY_ONLY_NOT_PRODUCTION,296357.1217,267511.9505,6650.6079,18220,18206,-0.02244119,-0.04150452,-0.02020951,-0.02244119,-6650.6079,296357.1217,OK,0.0000,266.0243,4.0000,96.0000,AG03-UNRESOLVED,ALL5_LEVELS_bet23_to_bet27,266.0243,266.0243,266.0243,332.5304,332.5304,4.000000,4.000000,4.000000,5.000000,5.000000,96.000000,96.000000,96.000000,95.000000,95.000000,5.0,1463.1337,1340.2688,5187.4742,5310.3391,PENDING_AG03,FALSE,NOT_FOR_ENFORCEMENT,6384.5836,256811.4724,6650.6079,6384.5836,266.0243,0.02244119,0.02154355,266.0243,6384.5836,0.02154355,266.0243,266.0243,266.0243,332.5304,332.5304,6384.5836,0.02154355,1463.1337,1340.2688,5187.4742,5310.3391,0.01750413,0.01791872,0.00089765,16.2655,14.6936,0.3653,59.3804,1.1678,2646.0457,162.5536,12.4780,16.8648,9.0895,16.5695,22.0926,29.825,33.4482,44.5976,11.8163,0.0,2.018664,2.691552,0.981654,30,240,141,4,0.10479828,0.02244119,0.04150452,0E-8,0.000000,0.902668,0.011910,-0.02129501,2026-03-22,2026-08-05,112,5695,2177,137,0.817518,0.739886,0.767145,0.349328,,,,,,,,GLOBAL_BASELINE_NO_ENTITY_RANKING,,,NOT_APPLICABLE_GLOBAL_BASELINE,HF9g-P5,,,,X 全窗基线 · 不参与实体赏罚,14194500,1420,A168_HF9F_20260827_0900,2026-08-27 09:00:00
2026-04-11,110249610,2196,0,102.9381689277,-24.0643533983,-24.0643533983,0.5000000,4,4,0.50329940000000000,0.503299400000,-0.01319788734859681,-0.01319788734859681,-0.01319788734859681,0E-17,ELIGIBLE,R03b_20260811_FULL_v1,L1_ELIGIBILITY,v2026-08-11,2026-03-21..2026-08-06,baccarat_bet02_101_all_pairs_incl_sentinel,round_win = game_pnl > 0 (decisive only),COMPATIBILITY_ONLY_NOT_PRODUCTION,296357.1217,267511.9505,6650.6079,18220,18206,-0.02244119,-0.04150452,-0.02020951,-0.02244119,-6650.6079,296357.1217,OK,0.0000,266.0243,4.0000,96.0000,AG03-UNRESOLVED,ALL5_LEVELS_bet23_to_bet27,266.0243,266.0243,266.0243,332.5304,332.5304,4.000000,4.000000,4.000000,5.000000,5.000000,96.000000,96.000000,96.000000,95.000000,95.000000,5.0,1463.1337,1340.2688,5187.4742,5310.3391,PENDING_AG03,FALSE,NOT_FOR_ENFORCEMENT,6384.5836,256811.4724,6650.6079,6384.5836,266.0243,0.02244119,0.02154355,266.0243,6384.5836,0.02154355,266.0243,266.0243,266.0243,332.5304,332.5304,6384.5836,0.02154355,1463.1337,1340.2688,5187.4742,5310.3391,0.01750413,0.01791872,0.00089765,16.2655,14.6936,0.3653,59.3804,1.1678,2646.0457,162.5536,12.4780,16.8648,9.0895,16.5695,22.0926,29.825,33.4482,44.5976,11.8163,0.0,2.018664,2.691552,0.981654,30,240,141,4,0.10479828,0.02244119,0.04150452,0E-8,0.000000,0.902668,0.011910,-0.02129501,2026-03-22,2026-08-05,112,5695,2177,137,0.817518,0.739886,0.767145,0.349328,,,,,,,,GLOBAL_BASELINE_NO_ENTITY_RANKING,,,NOT_APPLICABLE_GLOBAL_BASELINE,HF9g-P5,,,,X 全窗基线 · 不参与实体赏罚,14194501,1420,A168_HF9F_20260827_0900,2026-08-27 09:00:00
2026-04-11,110249610,2205,0,73.8518871998,-17.0427432000,-17.0427432000,0.3333333,3,3,0.49771390000000000,0.497713900000,-0.5694369385616226,-0.5694369385616226,-0.5694369385616226,0E-17,ELIGIBLE,R03b_20260811_FULL_v1,L1_ELIGIBILITY,v2026-08-11,2026-03-21..2026-08-06,baccarat_bet02_101_all_pairs_incl_sentinel,round_win = game_pnl > 0 (decisive only),COMPATIBILITY_ONLY_NOT_PRODUCTION,296357.1217,267511.9505,6650.6079,18220,18206,-0.02244119,-0.04150452,-0.02020951,-0.02244119,-6650.6079,296357.1217,OK,0.0000,266.0243,4.0000,96.0000,AG03-UNRESOLVED,ALL5_LEVELS_bet23_to_bet27,266.0243,266.0243,266.0243,332.5304,332.5304,4.000000,4.000000,4.000000,5.000000,5.000000,96.000000,96.000000,96.000000,95.000000,95.000000,5.0,1463.1337,1340.2688,5187.4742,5310.3391,PENDING_AG03,FALSE,NOT_FOR_ENFORCEMENT,6384.5836,256811.4724,6650.6079,6384.5836,266.0243,0.02244119,0.02154355,266.0243,6384.5836,0.02154355,266.0243,266.0243,266.0243,332.5304,332.5304,6384.5836,0.02154355,1463.1337,1340.2688,5187.4742,5310.3391,0.01750413,0.01791872,0.00089765,16.2655,14.6936,0.3653,59.3804,1.1678,2646.0457,162.5536,12.4780,16.8648,9.0895,16.5695,22.0926,29.825,33.4482,44.5976,11.8163,0.0,2.018664,2.691552,0.981654,30,240,141,4,0.10479828,0.02244119,0.04150452,0E-8,0.000000,0.902668,0.011910,-0.02129501,2026-03-22,2026-08-05,112,5695,2177,137,0.817518,0.739886,0.767145,0.349328,,,,,,,,GLOBAL_BASELINE_NO_ENTITY_RANKING,,,NOT_APPLICABLE_GLOBAL_BASELINE,HF9g-P5,,,,X 全窗基线 · 不参与实体赏罚,14194502,1420,A168_HF9F_20260827_0900,2026-08-27 09:00:00
2026-04-11,110249610,2209,0,295.9756402388,104.9548935395,104.9548935395,0.7272727,12,12,0.50441650000000000,0.504416500000,1.4783186478472694,1.4783186478472694,1.4783186478472694,0E-17,ELIGIBLE,R03b_20260811_FULL_v1,L1_ELIGIBILITY,v2026-08-11,2026-03-21..2026-08-06,baccarat_bet02_101_all_pairs_incl_sentinel,round_win = game_pnl > 0 (decisive only),COMPATIBILITY_ONLY_NOT_PRODUCTION,296357.1217,267511.9505,6650.6079,18220,18206,-0.02244119,-0.04150452,-0.02020951,-0.02244119,-6650.6079,296357.1217,OK,0.0000,266.0243,4.0000,96.0000,AG03-UNRESOLVED,ALL5_LEVELS_bet23_to_bet27,266.0243,266.0243,266.0243,332.5304,332.5304,4.000000,4.000000,4.000000,5.000000,5.000000,96.000000,96.000000,96.000000,95.000000,95.000000,5.0,1463.1337,1340.2688,5187.4742,5310.3391,PENDING_AG03,FALSE,NOT_FOR_ENFORCEMENT,6384.5836,256811.4724,6650.6079,6384.5836,266.0243,0.02244119,0.02154355,266.0243,6384.5836,0.02154355,266.0243,266.0243,266.0243,332.5304,332.5304,6384.5836,0.02154355,1463.1337,1340.2688,5187.4742,5310.3391,0.01750413,0.01791872,0.00089765,16.2655,14.6936,0.3653,59.3804,1.1678,2646.0457,162.5536,12.4780,16.8648,9.0895,16.5695,22.0926,29.825,33.4482,44.5976,11.8163,0.0,2.018664,2.691552,0.981654,30,240,141,4,0.10479828,0.02244119,0.04150452,0E-8,0.000000,0.902668,0.011910,-0.02129501,2026-03-22,2026-08-05,112,5695,2177,137,0.817518,0.739886,0.767145,0.349328,,,,,,,,GLOBAL_BASELINE_NO_ENTITY_RANKING,,,NOT_APPLICABLE_GLOBAL_BASELINE,HF9g-P5,,,,X 全窗基线 · 不参与实体赏罚,14194503,1420,A168_HF9F_20260827_0900,2026-08-27 09:00:00
2026-04-11,110249610,2241,0,44.3111323198,-44.3111323198,-44.3111323198,0E-7,2,2,0.49994810000000000,0.499948100000,-1.4140667746232096,-1.4140667746232096,-1.4140667746232096,0E-17,ELIGIBLE,R03b_20260811_FULL_v1,L1_ELIGIBILITY,v2026-08-11,2026-03-21..2026-08-06,baccarat_bet02_101_all_pairs_incl_sentinel,round_win = game_pnl > 0 (decisive only),COMPATIBILITY_ONLY_NOT_PRODUCTION,296357.1217,267511.9505,6650.6079,18220,18206,-0.02244119,-0.04150452,-0.02020951,-0.02244119,-6650.6079,296357.1217,OK,0.0000,266.0243,4.0000,96.0000,AG03-UNRESOLVED,ALL5_LEVELS_bet23_to_bet27,266.0243,266.0243,266.0243,332.5304,332.5304,4.000000,4.000000,4.000000,5.000000,5.000000,96.000000,96.000000,96.000000,95.000000,95.000000,5.0,1463.1337,1340.2688,5187.4742,5310.3391,PENDING_AG03,FALSE,NOT_FOR_ENFORCEMENT,6384.5836,256811.4724,6650.6079,6384.5836,266.0243,0.02244119,0.02154355,266.0243,6384.5836,0.02154355,266.0243,266.0243,266.0243,332.5304,332.5304,6384.5836,0.02154355,1463.1337,1340.2688,5187.4742,5310.3391,0.01750413,0.01791872,0.00089765,16.2655,14.6936,0.3653,59.3804,1.1678,2646.0457,162.5536,12.4780,16.8648,9.0895,16.5695,22.0926,29.825,33.4482,44.5976,11.8163,0.0,2.018664,2.691552,0.981654,30,240,141,4,0.10479828,0.02244119,0.04150452,0E-8,0.000000,0.902668,0.011910,-0.02129501,2026-03-22,2026-08-05,112,5695,2177,137,0.817518,0.739886,0.767145,0.349328,,,,,,,,GLOBAL_BASELINE_NO_ENTITY_RANKING,,,NOT_APPLICABLE_GLOBAL_BASELINE,HF9g-P5,,,,X 全窗基线 · 不参与实体赏罚,14194504,1420,A168_HF9F_20260827_0900,2026-08-27 09:00:00
2026-04-11,110249610,2246,0,56.8091439997,18.1789260799,18.1789260799,1.0000000,3,3,0.49324550000000000,0.493245500000,1.01360149184955,1.01360149184955,1.01360149184955,0E-17,ELIGIBLE,R03b_20260811_FULL_v1,L1_ELIGIBILITY,v2026-08-11,2026-03-21..2026-08-06,baccarat_bet02_101_all_pairs_incl_sentinel,round_win = game_pnl > 0 (decisive only),COMPATIBILITY_ONLY_NOT_PRODUCTION,296357.1217,267511.9505,6650.6079,18220,18206,-0.02244119,-0.04150452,-0.02020951,-0.02244119,-6650.6079,296357.1217,OK,0.0000,266.0243,4.0000,96.0000,AG03-UNRESOLVED,ALL5_LEVELS_bet23_to_bet27,266.0243,266.0243,266.0243,332.5304,332.5304,4.000000,4.000000,4.000000,5.000000,5.000000,96.000000,96.000000,96.000000,95.000000,95.000000,5.0,1463.1337,1340.2688,5187.4742,5310.3391,PENDING_AG03,FALSE,NOT_FOR_ENFORCEMENT,6384.5836,256811.4724,6650.6079,6384.5836,266.0243,0.02244119,0.02154355,266.0243,6384.5836,0.02154355,266.0243,266.0243,266.0243,332.5304,332.5304,6384.5836,0.02154355,1463.1337,1340.2688,5187.4742,5310.3391,0.01750413,0.01791872,0.00089765,16.2655,14.6936,0.3653,59.3804,1.1678,2646.0457,162.5536,12.4780,16.8648,9.0895,16.5695,22.0926,29.825,33.4482,44.5976,11.8163,0.0,2.018664,2.691552,0.981654,30,240,141,4,0.10479828,0.02244119,0.04150452,0E-8,0.000000,0.902668,0.011910,-0.02129501,2026-03-22,2026-08-05,112,5695,2177,137,0.817518,0.739886,0.767145,0.349328,,,,,,,,GLOBAL_BASELINE_NO_ENTITY_RANKING,,,NOT_APPLICABLE_GLOBAL_BASELINE,HF9g-P5,,,,X 全窗基线 · 不参与实体赏罚,14194505,1420,A168_HF9F_20260827_0900,2026-08-27 09:00:00
2026-04-11,110249610,2250,0,73.8518871997,17.0427431999,17.0427431999,1.0000000,3,3,0.49324550000000000,0.493245500000,1.01360149184955,1.01360149184955,1.01360149184955,0E-17,ELIGIBLE,R03b_20260811_FULL_v1,L1_ELIGIBILITY,v2026-08-11,2026-03-21..2026-08-06,baccarat_bet02_101_all_pairs_incl_sentinel,round_win = game_pnl > 0 (decisive only),COMPATIBILITY_ONLY_NOT_PRODUCTION,296357.1217,267511.9505,6650.6079,18220,18206,-0.02244119,-0.04150452,-0.02020951,-0.02244119,-6650.6079,296357.1217,OK,0.0000,266.0243,4.0000,96.0000,AG03-UNRESOLVED,ALL5_LEVELS_bet23_to_bet27,266.0243,266.0243,266.0243,332.5304,332.5304,4.000000,4.000000,4.000000,5.000000,5.000000,96.000000,96.000000,96.000000,95.000000,95.000000,5.0,1463.1337,1340.2688,5187.4742,5310.3391,PENDING_AG03,FALSE,NOT_FOR_ENFORCEMENT,6384.5836,256811.4724,6650.6079,6384.5836,266.0243,0.02244119,0.02154355,266.0243,6384.5836,0.02154355,266.0243,266.0243,266.0243,332.5304,332.5304,6384.5836,0.02154355,1463.1337,1340.2688,5187.4742,5310.3391,0.01750413,0.01791872,0.00089765,16.2655,14.6936,0.3653,59.3804,1.1678,2646.0457,162.5536,12.4780,16.8648,9.0895,16.5695,22.0926,29.825,33.4482,44.5976,11.8163,0.0,2.018664,2.691552,0.981654,30,240,141,4,0.10479828,0.02244119,0.04150452,0E-8,0.000000,0.902668,0.011910,-0.02129501,2026-03-22,2026-08-05,112,5695,2177,137,0.817518,0.739886,0.767145,0.349328,,,,,,,,GLOBAL_BASELINE_NO_ENTITY_RANKING,,,NOT_APPLICABLE_GLOBAL_BASELINE,HF9g-P5,,,,X 全窗基线 · 不参与实体赏罚,14194506,1420,A168_HF9F_20260827_0900,2026-08-27 09:00:00
2026-04-11,110249610,2251,0,45.4473151998,0E-10,0E-10,0.5000000,2,2,0.49324550000000000,0.493245500000,0.01910635448239258,0.01910635448239258,0.01910635448239258,0E-17,ELIGIBLE,R03b_20260811_FULL_v1,L1_ELIGIBILITY,v2026-08-11,2026-03-21..2026-08-06,baccarat_bet02_101_all_pairs_incl_sentinel,round_win = game_pnl > 0 (decisive only),COMPATIBILITY_ONLY_NOT_PRODUCTION,296357.1217,267511.9505,6650.6079,18220,18206,-0.02244119,-0.04150452,-0.02020951,-0.02244119,-6650.6079,296357.1217,OK,0.0000,266.0243,4.0000,96.0000,AG03-UNRESOLVED,ALL5_LEVELS_bet23_to_bet27,266.0243,266.0243,266.0243,332.5304,332.5304,4.000000,4.000000,4.000000,5.000000,5.000000,96.000000,96.000000,96.000000,95.000000,95.000000,5.0,1463.1337,1340.2688,5187.4742,5310.3391,PENDING_AG03,FALSE,NOT_FOR_ENFORCEMENT,6384.5836,256811.4724,6650.6079,6384.5836,266.0243,0.02244119,0.02154355,266.0243,6384.5836,0.02154355,266.0243,266.0243,266.0243,332.5304,332.5304,6384.5836,0.02154355,1463.1337,1340.2688,5187.4742,5310.3391,0.01750413,0.01791872,0.00089765,16.2655,14.6936,0.3653,59.3804,1.1678,2646.0457,162.5536,12.4780,16.8648,9.0895,16.5695,22.0926,29.825,33.4482,44.5976,11.8163,0.0,2.018664,2.691552,0.981654,30,240,141,4,0.10479828,0.02244119,0.04150452,0E-8,0.000000,0.902668,0.011910,-0.02129501,2026-03-22,2026-08-05,112,5695,2177,137,0.817518,0.739886,0.767145,0.349328,,,,,,,,GLOBAL_BASELINE_NO_ENTITY_RANKING,,,NOT_APPLICABLE_GLOBAL_BASELINE,HF9g-P5,,,,X 全窗基线 · 不参与实体赏罚,14194507,1420,A168_HF9F_20260827_0900,2026-08-27 09:00:00
2026-04-11,110249610,2254,0,43.1749494398,-20.4512918399,-20.4512918399,0E-7,2,2,0.50665070000000000,0.506650700000,-1.013391052207602,-1.013391052207602,-1.013391052207602,0E-17,ELIGIBLE,R03b_20260811_FULL_v1,L1_ELIGIBILITY,v2026-08-11,2026-03-21..2026-08-06,baccarat_bet02_101_all_pairs_incl_sentinel,round_win = game_pnl > 0 (decisive only),COMPATIBILITY_ONLY_NOT_PRODUCTION,296357.1217,267511.9505,6650.6079,18220,18206,-0.02244119,-0.04150452,-0.02020951,-0.02244119,-6650.6079,296357.1217,OK,0.0000,266.0243,4.0000,96.0000,AG03-UNRESOLVED,ALL5_LEVELS_bet23_to_bet27,266.0243,266.0243,266.0243,332.5304,332.5304,4.000000,4.000000,4.000000,5.000000,5.000000,96.000000,96.000000,96.000000,95.000000,95.000000,5.0,1463.1337,1340.2688,5187.4742,5310.3391,PENDING_AG03,FALSE,NOT_FOR_ENFORCEMENT,6384.5836,256811.4724,6650.6079,6384.5836,266.0243,0.02244119,0.02154355,266.0243,6384.5836,0.02154355,266.0243,266.0243,266.0243,332.5304,332.5304,6384.5836,0.02154355,1463.1337,1340.2688,5187.4742,5310.3391,0.01750413,0.01791872,0.00089765,16.2655,14.6936,0.3653,59.3804,1.1678,2646.0457,162.5536,12.4780,16.8648,9.0895,16.5695,22.0926,29.825,33.4482,44.5976,11.8163,0.0,2.018664,2.691552,0.981654,30,240,141,4,0.10479828,0.02244119,0.04150452,0E-8,0.000000,0.902668,0.011910,-0.02129501,2026-03-22,2026-08-05,112,5695,2177,137,0.817518,0.739886,0.767145,0.349328,,,,,,,,GLOBAL_BASELINE_NO_ENTITY_RANKING,,,NOT_APPLICABLE_GLOBAL_BASELINE,HF9g-P5,,,,X 全窗基线 · 不参与实体赏罚,14194508,1420,A168_HF9F_20260827_0900,2026-08-27 09:00:00
2026-04-11,110249610,2256,0,220.4194787191,29.8816097438,29.8816097438,0.5555556,11,11,0.50055742727272727,0.500557427273,0.3299889747687903,0.3299889747671541,0.3299889747687903,-2.7273E-13,ELIGIBLE,R03b_20260811_FULL_v1,L1_ELIGIBILITY,v2026-08-11,2026-03-21..2026-08-06,baccarat_bet02_101_all_pairs_incl_sentinel,round_win = game_pnl > 0 (decisive only),COMPATIBILITY_ONLY_NOT_PRODUCTION,296357.1217,267511.9505,6650.6079,18220,18206,-0.02244119,-0.04150452,-0.02020951,-0.02244119,-6650.6079,296357.1217,OK,0.0000,266.0243,4.0000,96.0000,AG03-UNRESOLVED,ALL5_LEVELS_bet23_to_bet27,266.0243,266.0243,266.0243,332.5304,332.5304,4.000000,4.000000,4.000000,5.000000,5.000000,96.000000,96.000000,96.000000,95.000000,95.000000,5.0,1463.1337,1340.2688,5187.4742,5310.3391,PENDING_AG03,FALSE,NOT_FOR_ENFORCEMENT,6384.5836,256811.4724,6650.6079,6384.5836,266.0243,0.02244119,0.02154355,266.0243,6384.5836,0.02154355,266.0243,266.0243,266.0243,332.5304,332.5304,6384.5836,0.02154355,1463.1337,1340.2688,5187.4742,5310.3391,0.01750413,0.01791872,0.00089765,16.2655,14.6936,0.3653,59.3804,1.1678,2646.0457,162.5536,12.4780,16.8648,9.0895,16.5695,22.0926,29.825,33.4482,44.5976,11.8163,0.0,2.018664,2.691552,0.981654,30,240,141,4,0.10479828,0.02244119,0.04150452,0E-8,0.000000,0.902668,0.011910,-0.02129501,2026-03-22,2026-08-05,112,5695,2177,137,0.817518,0.739886,0.767145,0.349328,,,,,,,,GLOBAL_BASELINE_NO_ENTITY_RANKING,,,NOT_APPLICABLE_GLOBAL_BASELINE,HF9g-P5,,,,X 全窗基线 · 不参与实体赏罚,14194509,1420,A168_HF9F_20260827_0900,2026-08-27 09:00:00
2026-04-11,110249610,471,0,17.0427431999,-17.0427431999,-17.0427431999,0E-7,1,1,0.50665070000000000,0.506650700000,-1.013391052207602,-1.013391052207602,-1.013391052207602,0E-17,ELIGIBLE,R03b_20260811_FULL_v1,L1_ELIGIBILITY,v2026-08-11,2026-03-21..2026-08-06,baccarat_bet02_101_all_pairs_incl_sentinel,round_win = game_pnl > 0 (decisive only),COMPATIBILITY_ONLY_NOT_PRODUCTION,296357.1217,267511.9505,6650.6079,18220,18206,-0.02244119,-0.04150452,-0.02020951,-0.02244119,-6650.6079,296357.1217,OK,0.0000,266.0243,4.0000,96.0000,AG03-UNRESOLVED,ALL5_LEVELS_bet23_to_bet27,266.0243,266.0243,266.0243,332.5304,332.5304,4.000000,4.000000,4.000000,5.000000,5.000000,96.000000,96.000000,96.000000,95.000000,95.000000,5.0,1463.1337,1340.2688,5187.4742,5310.3391,PENDING_AG03,FALSE,NOT_FOR_ENFORCEMENT,6384.5836,256811.4724,6650.6079,6384.5836,266.0243,0.02244119,0.02154355,266.0243,6384.5836,0.02154355,266.0243,266.0243,266.0243,332.5304,332.5304,6384.5836,0.02154355,1463.1337,1340.2688,5187.4742,5310.3391,0.01750413,0.01791872,0.00089765,16.2655,14.6936,0.3653,59.3804,1.1678,2646.0457,162.5536,12.4780,16.8648,9.0895,16.5695,22.0926,29.825,33.4482,44.5976,11.8163,0.0,2.018664,2.691552,0.981654,30,240,141,4,0.10479828,0.02244119,0.04150452,0E-8,0.000000,0.902668,0.011910,-0.02129501,2026-03-22,2026-08-05,112,5695,2177,137,0.817518,0.739886,0.767145,0.349328,,,,,,,,GLOBAL_BASELINE_NO_ENTITY_RANKING,,,NOT_APPLICABLE_GLOBAL_BASELINE,HF9g-P5,,,,X 全窗基线 · 不参与实体赏罚,14194510,1420,A168_HF9F_20260827_0900,2026-08-27 09:00:00
2026-04-11,110249610,772,0,55.6729611198,-55.6729611198,-55.6729611198,0E-7,2,2,0.49994810000000000,0.499948100000,-1.4140667746232096,-1.4140667746232096,-1.4140667746232096,0E-17,ELIGIBLE,R03b_20260811_FULL_v1,L1_ELIGIBILITY,v2026-08-11,2026-03-21..2026-08-06,baccarat_bet02_101_all_pairs_incl_sentinel,round_win = game_pnl > 0 (decisive only),COMPATIBILITY_ONLY_NOT_PRODUCTION,296357.1217,267511.9505,6650.6079,18220,18206,-0.02244119,-0.04150452,-0.02020951,-0.02244119,-6650.6079,296357.1217,OK,0.0000,266.0243,4.0000,96.0000,AG03-UNRESOLVED,ALL5_LEVELS_bet23_to_bet27,266.0243,266.0243,266.0243,332.5304,332.5304,4.000000,4.000000,4.000000,5.000000,5.000000,96.000000,96.000000,96.000000,95.000000,95.000000,5.0,1463.1337,1340.2688,5187.4742,5310.3391,PENDING_AG03,FALSE,NOT_FOR_ENFORCEMENT,6384.5836,256811.4724,6650.6079,6384.5836,266.0243,0.02244119,0.02154355,266.0243,6384.5836,0.02154355,266.0243,266.0243,266.0243,332.5304,332.5304,6384.5836,0.02154355,1463.1337,1340.2688,5187.4742,5310.3391,0.01750413,0.01791872,0.00089765,16.2655,14.6936,0.3653,59.3804,1.1678,2646.0457,162.5536,12.4780,16.8648,9.0895,16.5695,22.0926,29.825,33.4482,44.5976,11.8163,0.0,2.018664,2.691552,0.981654,30,240,141,4,0.10479828,0.02244119,0.04150452,0E-8,0.000000,0.902668,0.011910,-0.02129501,2026-03-22,2026-08-05,112,5695,2177,137,0.817518,0.739886,0.767145,0.349328,,,,,,,,GLOBAL_BASELINE_NO_ENTITY_RANKING,,,NOT_APPLICABLE_GLOBAL_BASELINE,HF9g-P5,,,,X 全窗基线 · 不参与实体赏罚,14194511,1420,A168_HF9F_20260827_0900,2026-08-27 09:00:00
2026-04-11,110249610,919,0,17.0427431999,-17.0427431999,-17.0427431999,0E-7,1,1,0.50665070000000000,0.506650700000,-1.013391052207602,-1.013391052207602,-1.013391052207602,0E-17,ELIGIBLE,R03b_20260811_FULL_v1,L1_ELIGIBILITY,v2026-08-11,2026-03-21..2026-08-06,baccarat_bet02_101_all_pairs_incl_sentinel,round_win = game_pnl > 0 (decisive only),COMPATIBILITY_ONLY_NOT_PRODUCTION,296357.1217,267511.9505,6650.6079,18220,18206,-0.02244119,-0.04150452,-0.02020951,-0.02244119,-6650.6079,296357.1217,OK,0.0000,266.0243,4.0000,96.0000,AG03-UNRESOLVED,ALL5_LEVELS_bet23_to_bet27,266.0243,266.0243,266.0243,332.5304,332.5304,4.000000,4.000000,4.000000,5.000000,5.000000,96.000000,96.000000,96.000000,95.000000,95.000000,5.0,1463.1337,1340.2688,5187.4742,5310.3391,PENDING_AG03,FALSE,NOT_FOR_ENFORCEMENT,6384.5836,256811.4724,6650.6079,6384.5836,266.0243,0.02244119,0.02154355,266.0243,6384.5836,0.02154355,266.0243,266.0243,266.0243,332.5304,332.5304,6384.5836,0.02154355,1463.1337,1340.2688,5187.4742,5310.3391,0.01750413,0.01791872,0.00089765,16.2655,14.6936,0.3653,59.3804,1.1678,2646.0457,162.5536,12.4780,16.8648,9.0895,16.5695,22.0926,29.825,33.4482,44.5976,11.8163,0.0,2.018664,2.691552,0.981654,30,240,141,4,0.10479828,0.02244119,0.04150452,0E-8,0.000000,0.902668,0.011910,-0.02129501,2026-03-22,2026-08-05,112,5695,2177,137,0.817518,0.739886,0.767145,0.349328,,,,,,,,GLOBAL_BASELINE_NO_ENTITY_RANKING,,,NOT_APPLICABLE_GLOBAL_BASELINE,HF9g-P5,,,,X 全窗基线 · 不参与实体赏罚,14194512,1420,A168_HF9F_20260827_0900,2026-08-27 09:00:00
2026-04-11,110249610,948,0,83.7366782557,-83.7366782557,-83.7366782557,0E-7,3,3,0.49771390000000000,0.497713900000,-1.724149546644903,-1.724149546644903,-1.724149546644903,0E-17,ELIGIBLE,R03b_20260811_FULL_v1,L1_ELIGIBILITY,v2026-08-11,2026-03-21..2026-08-06,baccarat_bet02_101_all_pairs_incl_sentinel,round_win = game_pnl > 0 (decisive only),COMPATIBILITY_ONLY_NOT_PRODUCTION,296357.1217,267511.9505,6650.6079,18220,18206,-0.02244119,-0.04150452,-0.02020951,-0.02244119,-6650.6079,296357.1217,OK,0.0000,266.0243,4.0000,96.0000,AG03-UNRESOLVED,ALL5_LEVELS_bet23_to_bet27,266.0243,266.0243,266.0243,332.5304,332.5304,4.000000,4.000000,4.000000,5.000000,5.000000,96.000000,96.000000,96.000000,95.000000,95.000000,5.0,1463.1337,1340.2688,5187.4742,5310.3391,PENDING_AG03,FALSE,NOT_FOR_ENFORCEMENT,6384.5836,256811.4724,6650.6079,6384.5836,266.0243,0.02244119,0.02154355,266.0243,6384.5836,0.02154355,266.0243,266.0243,266.0243,332.5304,332.5304,6384.5836,0.02154355,1463.1337,1340.2688,5187.4742,5310.3391,0.01750413,0.01791872,0.00089765,16.2655,14.6936,0.3653,59.3804,1.1678,2646.0457,162.5536,12.4780,16.8648,9.0895,16.5695,22.0926,29.825,33.4482,44.5976,11.8163,0.0,2.018664,2.691552,0.981654,30,240,141,4,0.10479828,0.02244119,0.04150452,0E-8,0.000000,0.902668,0.011910,-0.02129501,2026-03-22,2026-08-05,112,5695,2177,137,0.817518,0.739886,0.767145,0.349328,,,,,,,,GLOBAL_BASELINE_NO_ENTITY_RANKING,,,NOT_APPLICABLE_GLOBAL_BASELINE,HF9g-P5,,,,X 全窗基线 · 不参与实体赏罚,14194513,1420,A168_HF9F_20260827_0900,2026-08-27 09:00:00
2026-04-11,110249610,970,0,119.2992023995,-28.4045719999,-28.4045719999,0.4000000,5,5,0.49860758000000000,0.498607580000,-0.440988213962219,-0.440988213962219,-0.440988213962219,0E-17,ELIGIBLE,R03b_20260811_FULL_v1,L1_ELIGIBILITY,v2026-08-11,2026-03-21..2026-08-06,baccarat_bet02_101_all_pairs_incl_sentinel,round_win = game_pnl > 0 (decisive only),COMPATIBILITY_ONLY_NOT_PRODUCTION,296357.1217,267511.9505,6650.6079,18220,18206,-0.02244119,-0.04150452,-0.02020951,-0.02244119,-6650.6079,296357.1217,OK,0.0000,266.0243,4.0000,96.0000,AG03-UNRESOLVED,ALL5_LEVELS_bet23_to_bet27,266.0243,266.0243,266.0243,332.5304,332.5304,4.000000,4.000000,4.000000,5.000000,5.000000,96.000000,96.000000,96.000000,95.000000,95.000000,5.0,1463.1337,1340.2688,5187.4742,5310.3391,PENDING_AG03,FALSE,NOT_FOR_ENFORCEMENT,6384.5836,256811.4724,6650.6079,6384.5836,266.0243,0.02244119,0.02154355,266.0243,6384.5836,0.02154355,266.0243,266.0243,266.0243,332.5304,332.5304,6384.5836,0.02154355,1463.1337,1340.2688,5187.4742,5310.3391,0.01750413,0.01791872,0.00089765,16.2655,14.6936,0.3653,59.3804,1.1678,2646.0457,162.5536,12.4780,16.8648,9.0895,16.5695,22.0926,29.825,33.4482,44.5976,11.8163,0.0,2.018664,2.691552,0.981654,30,240,141,4,0.10479828,0.02244119,0.04150452,0E-8,0.000000,0.902668,0.011910,-0.02129501,2026-03-22,2026-08-05,112,5695,2177,137,0.817518,0.739886,0.767145,0.349328,,,,,,,,GLOBAL_BASELINE_NO_ENTITY_RANKING,,,NOT_APPLICABLE_GLOBAL_BASELINE,HF9g-P5,,,,X 全窗基线 · 不参与实体赏罚,14194514,1420,A168_HF9F_20260827_0900,2026-08-27 09:00:00
2026-04-11,110249610,987,0,11.3618288000,-11.3618288000,-11.3618288000,0E-7,1,1,0.50665070000000000,0.506650700000,-1.013391052207602,-1.013391052207602,-1.013391052207602,0E-17,ELIGIBLE,R03b_20260811_FULL_v1,L1_ELIGIBILITY,v2026-08-11,2026-03-21..2026-08-06,baccarat_bet02_101_all_pairs_incl_sentinel,round_win = game_pnl > 0 (decisive only),COMPATIBILITY_ONLY_NOT_PRODUCTION,296357.1217,267511.9505,6650.6079,18220,18206,-0.02244119,-0.04150452,-0.02020951,-0.02244119,-6650.6079,296357.1217,OK,0.0000,266.0243,4.0000,96.0000,AG03-UNRESOLVED,ALL5_LEVELS_bet23_to_bet27,266.0243,266.0243,266.0243,332.5304,332.5304,4.000000,4.000000,4.000000,5.000000,5.000000,96.000000,96.000000,96.000000,95.000000,95.000000,5.0,1463.1337,1340.2688,5187.4742,5310.3391,PENDING_AG03,FALSE,NOT_FOR_ENFORCEMENT,6384.5836,256811.4724,6650.6079,6384.5836,266.0243,0.02244119,0.02154355,266.0243,6384.5836,0.02154355,266.0243,266.0243,266.0243,332.5304,332.5304,6384.5836,0.02154355,1463.1337,1340.2688,5187.4742,5310.3391,0.01750413,0.01791872,0.00089765,16.2655,14.6936,0.3653,59.3804,1.1678,2646.0457,162.5536,12.4780,16.8648,9.0895,16.5695,22.0926,29.825,33.4482,44.5976,11.8163,0.0,2.018664,2.691552,0.981654,30,240,141,4,0.10479828,0.02244119,0.04150452,0E-8,0.000000,0.902668,0.011910,-0.02129501,2026-03-22,2026-08-05,112,5695,2177,137,0.817518,0.739886,0.767145,0.349328,,,,,,,,GLOBAL_BASELINE_NO_ENTITY_RANKING,,,NOT_APPLICABLE_GLOBAL_BASELINE,HF9g-P5,,,,X 全窗基线 · 不参与实体赏罚,14194515,1420,A168_HF9F_20260827_0900,2026-08-27 09:00:00
2026-04-12,110249610,-1,1,194.0600359035,-89.4459972278,-89.4459972278,0.2666667,16,16,0.50162375000000000,0.501623750000,-1.819979338656477,-1.819979338656477,-1.819979338656477,0E-17,SENTINEL_DEALER,R03b_20260811_FULL_v1,L1_ELIGIBILITY,v2026-08-11,2026-03-21..2026-08-06,baccarat_bet02_101_all_pairs_incl_sentinel,round_win = game_pnl > 0 (decisive only),COMPATIBILITY_ONLY_NOT_PRODUCTION,296357.1217,267511.9505,6650.6079,18220,18206,-0.02244119,-0.04150452,-0.02020951,-0.02244119,-6650.6079,296357.1217,OK,0.0000,266.0243,4.0000,96.0000,AG03-UNRESOLVED,ALL5_LEVELS_bet23_to_bet27,266.0243,266.0243,266.0243,332.5304,332.5304,4.000000,4.000000,4.000000,5.000000,5.000000,96.000000,96.000000,96.000000,95.000000,95.000000,5.0,1463.1337,1340.2688,5187.4742,5310.3391,PENDING_AG03,FALSE,NOT_FOR_ENFORCEMENT,6384.5836,256811.4724,6650.6079,6384.5836,266.0243,0.02244119,0.02154355,266.0243,6384.5836,0.02154355,266.0243,266.0243,266.0243,332.5304,332.5304,6384.5836,0.02154355,1463.1337,1340.2688,5187.4742,5310.3391,0.01750413,0.01791872,0.00089765,16.2655,14.6936,0.3653,59.3804,1.1678,2646.0457,162.5536,12.4780,16.8648,9.0895,16.5695,22.0926,29.825,33.4482,44.5976,11.8163,0.0,2.018664,2.691552,0.981654,30,240,141,4,0.10479828,0.02244119,0.04150452,0E-8,0.000000,0.902668,0.011910,-0.02129501,2026-03-22,2026-08-05,112,5695,2177,137,0.817518,0.739886,0.767145,0.349328,,,,,,,,GLOBAL_BASELINE_NO_ENTITY_RANKING,,,NOT_APPLICABLE_GLOBAL_BASELINE,HF9g-P5,,,,X 全窗基线 · 不参与实体赏罚,14194516,1420,A168_HF9F_20260827_0900,2026-08-27 09:00:00
2026-04-12,110249610,1299,0,5.6809144000,-5.6809144000,-5.6809144000,0E-7,1,1,0.50665070000000000,0.506650700000,-1.013391052207602,-1.013391052207602,-1.013391052207602,0E-17,ELIGIBLE,R03b_20260811_FULL_v1,L1_ELIGIBILITY,v2026-08-11,2026-03-21..2026-08-06,baccarat_bet02_101_all_pairs_incl_sentinel,round_win = game_pnl > 0 (decisive only),COMPATIBILITY_ONLY_NOT_PRODUCTION,296357.1217,267511.9505,6650.6079,18220,18206,-0.02244119,-0.04150452,-0.02020951,-0.02244119,-6650.6079,296357.1217,OK,0.0000,266.0243,4.0000,96.0000,AG03-UNRESOLVED,ALL5_LEVELS_bet23_to_bet27,266.0243,266.0243,266.0243,332.5304,332.5304,4.000000,4.000000,4.000000,5.000000,5.000000,96.000000,96.000000,96.000000,95.000000,95.000000,5.0,1463.1337,1340.2688,5187.4742,5310.3391,PENDING_AG03,FALSE,NOT_FOR_ENFORCEMENT,6384.5836,256811.4724,6650.6079,6384.5836,266.0243,0.02244119,0.02154355,266.0243,6384.5836,0.02154355,266.0243,266.0243,266.0243,332.5304,332.5304,6384.5836,0.02154355,1463.1337,1340.2688,5187.4742,5310.3391,0.01750413,0.01791872,0.00089765,16.2655,14.6936,0.3653,59.3804,1.1678,2646.0457,162.5536,12.4780,16.8648,9.0895,16.5695,22.0926,29.825,33.4482,44.5976,11.8163,0.0,2.018664,2.691552,0.981654,30,240,141,4,0.10479828,0.02244119,0.04150452,0E-8,0.000000,0.902668,0.011910,-0.02129501,2026-03-22,2026-08-05,112,5695,2177,137,0.817518,0.739886,0.767145,0.349328,,,,,,,,GLOBAL_BASELINE_NO_ENTITY_RANKING,,,NOT_APPLICABLE_GLOBAL_BASELINE,HF9g-P5,,,,X 全窗基线 · 不参与实体赏罚,14194517,1420,A168_HF9F_20260827_0900,2026-08-27 09:00:00
2026-04-12,110249610,1374,0,79.5328015999,22.7236576001,22.7236576001,0.7500000,8,8,0.49324550000000000,0.493245500000,1.4525553310976282,1.4525553310976282,1.4525553310976282,0E-17,ELIGIBLE,R03b_20260811_FULL_v1,L1_ELIGIBILITY,v2026-08-11,2026-03-21..2026-08-06,baccarat_bet02_101_all_pairs_incl_sentinel,round_win = game_pnl > 0 (decisive only),COMPATIBILITY_ONLY_NOT_PRODUCTION,296357.1217,267511.9505,6650.6079,18220,18206,-0.02244119,-0.04150452,-0.02020951,-0.02244119,-6650.6079,296357.1217,OK,0.0000,266.0243,4.0000,96.0000,AG03-UNRESOLVED,ALL5_LEVELS_bet23_to_bet27,266.0243,266.0243,266.0243,332.5304,332.5304,4.000000,4.000000,4.000000,5.000000,5.000000,96.000000,96.000000,96.000000,95.000000,95.000000,5.0,1463.1337,1340.2688,5187.4742,5310.3391,PENDING_AG03,FALSE,NOT_FOR_ENFORCEMENT,6384.5836,256811.4724,6650.6079,6384.5836,266.0243,0.02244119,0.02154355,266.0243,6384.5836,0.02154355,266.0243,266.0243,266.0243,332.5304,332.5304,6384.5836,0.02154355,1463.1337,1340.2688,5187.4742,5310.3391,0.01750413,0.01791872,0.00089765,16.2655,14.6936,0.3653,59.3804,1.1678,2646.0457,162.5536,12.4780,16.8648,9.0895,16.5695,22.0926,29.825,33.4482,44.5976,11.8163,0.0,2.018664,2.691552,0.981654,30,240,141,4,0.10479828,0.02244119,0.04150452,0E-8,0.000000,0.902668,0.011910,-0.02129501,2026-03-22,2026-08-05,112,5695,2177,137,0.817518,0.739886,0.767145,0.349328,,,,,,,,GLOBAL_BASELINE_NO_ENTITY_RANKING,,,NOT_APPLICABLE_GLOBAL_BASELINE,HF9g-P5,,,,X 全窗基线 · 不参与实体赏罚,14194518,1420,A168_HF9F_20260827_0900,2026-08-27 09:00:00
2026-04-12,110249610,1385,0,10.5665007840,10.5665007840,10.5665007840,1.0000000,1,1,0.49324550000000000,0.493245500000,1.01360149184955,1.01360149184955,1.01360149184955,0E-17,ELIGIBLE,R03b_20260811_FULL_v1,L1_ELIGIBILITY,v2026-08-11,2026-03-21..2026-08-06,baccarat_bet02_101_all_pairs_incl_sentinel,round_win = game_pnl > 0 (decisive only),COMPATIBILITY_ONLY_NOT_PRODUCTION,296357.1217,267511.9505,6650.6079,18220,18206,-0.02244119,-0.04150452,-0.02020951,-0.02244119,-6650.6079,296357.1217,OK,0.0000,266.0243,4.0000,96.0000,AG03-UNRESOLVED,ALL5_LEVELS_bet23_to_bet27,266.0243,266.0243,266.0243,332.5304,332.5304,4.000000,4.000000,4.000000,5.000000,5.000000,96.000000,96.000000,96.000000,95.000000,95.000000,5.0,1463.1337,1340.2688,5187.4742,5310.3391,PENDING_AG03,FALSE,NOT_FOR_ENFORCEMENT,6384.5836,256811.4724,6650.6079,6384.5836,266.0243,0.02244119,0.02154355,266.0243,6384.5836,0.02154355,266.0243,266.0243,266.0243,332.5304,332.5304,6384.5836,0.02154355,1463.1337,1340.2688,5187.4742,5310.3391,0.01750413,0.01791872,0.00089765,16.2655,14.6936,0.3653,59.3804,1.1678,2646.0457,162.5536,12.4780,16.8648,9.0895,16.5695,22.0926,29.825,33.4482,44.5976,11.8163,0.0,2.018664,2.691552,0.981654,30,240,141,4,0.10479828,0.02244119,0.04150452,0E-8,0.000000,0.902668,0.011910,-0.02129501,2026-03-22,2026-08-05,112,5695,2177,137,0.817518,0.739886,0.767145,0.349328,,,,,,,,GLOBAL_BASELINE_NO_ENTITY_RANKING,,,NOT_APPLICABLE_GLOBAL_BASELINE,HF9g-P5,,,,X 全窗基线 · 不参与实体赏罚,14194519,1420,A168_HF9F_20260827_0900,2026-08-27 09:00:00
2026-04-12,110249610,1399,0,45.3336969119,-0.1363419455,-0.1363419455,0.6666667,3,3,0.50665070000000000,0.506650700000,0.5543606114942035,0.5543606114942035,0.5543606114942035,0E-17,ELIGIBLE,R03b_20260811_FULL_v1,L1_ELIGIBILITY,v2026-08-11,2026-03-21..2026-08-06,baccarat_bet02_101_all_pairs_incl_sentinel,round_win = game_pnl > 0 (decisive only),COMPATIBILITY_ONLY_NOT_PRODUCTION,296357.1217,267511.9505,6650.6079,18220,18206,-0.02244119,-0.04150452,-0.02020951,-0.02244119,-6650.6079,296357.1217,OK,0.0000,266.0243,4.0000,96.0000,AG03-UNRESOLVED,ALL5_LEVELS_bet23_to_bet27,266.0243,266.0243,266.0243,332.5304,332.5304,4.000000,4.000000,4.000000,5.000000,5.000000,96.000000,96.000000,96.000000,95.000000,95.000000,5.0,1463.1337,1340.2688,5187.4742,5310.3391,PENDING_AG03,FALSE,NOT_FOR_ENFORCEMENT,6384.5836,256811.4724,6650.6079,6384.5836,266.0243,0.02244119,0.02154355,266.0243,6384.5836,0.02154355,266.0243,266.0243,266.0243,332.5304,332.5304,6384.5836,0.02154355,1463.1337,1340.2688,5187.4742,5310.3391,0.01750413,0.01791872,0.00089765,16.2655,14.6936,0.3653,59.3804,1.1678,2646.0457,162.5536,12.4780,16.8648,9.0895,16.5695,22.0926,29.825,33.4482,44.5976,11.8163,0.0,2.018664,2.691552,0.981654,30,240,141,4,0.10479828,0.02244119,0.04150452,0E-8,0.000000,0.902668,0.011910,-0.02129501,2026-03-22,2026-08-05,112,5695,2177,137,0.817518,0.739886,0.767145,0.349328,,,,,,,,GLOBAL_BASELINE_NO_ENTITY_RANKING,,,NOT_APPLICABLE_GLOBAL_BASELINE,HF9g-P5,,,,X 全窗基线 · 不参与实体赏罚,14194520,1420,A168_HF9F_20260827_0900,2026-08-27 09:00:00
2026-04-12,110249610,1507,0,5.9081509760,5.9081509760,5.9081509760,1.0000000,1,1,0.49324550000000000,0.493245500000,1.01360149184955,1.01360149184955,1.01360149184955,0E-17,ELIGIBLE,R03b_20260811_FULL_v1,L1_ELIGIBILITY,v2026-08-11,2026-03-21..2026-08-06,baccarat_bet02_101_all_pairs_incl_sentinel,round_win = game_pnl > 0 (decisive only),COMPATIBILITY_ONLY_NOT_PRODUCTION,296357.1217,267511.9505,6650.6079,18220,18206,-0.02244119,-0.04150452,-0.02020951,-0.02244119,-6650.6079,296357.1217,OK,0.0000,266.0243,4.0000,96.0000,AG03-UNRESOLVED,ALL5_LEVELS_bet23_to_bet27,266.0243,266.0243,266.0243,332.5304,332.5304,4.000000,4.000000,4.000000,5.000000,5.000000,96.000000,96.000000,96.000000,95.000000,95.000000,5.0,1463.1337,1340.2688,5187.4742,5310.3391,PENDING_AG03,FALSE,NOT_FOR_ENFORCEMENT,6384.5836,256811.4724,6650.6079,6384.5836,266.0243,0.02244119,0.02154355,266.0243,6384.5836,0.02154355,266.0243,266.0243,266.0243,332.5304,332.5304,6384.5836,0.02154355,1463.1337,1340.2688,5187.4742,5310.3391,0.01750413,0.01791872,0.00089765,16.2655,14.6936,0.3653,59.3804,1.1678,2646.0457,162.5536,12.4780,16.8648,9.0895,16.5695,22.0926,29.825,33.4482,44.5976,11.8163,0.0,2.018664,2.691552,0.981654,30,240,141,4,0.10479828,0.02244119,0.04150452,0E-8,0.000000,0.902668,0.011910,-0.02129501,2026-03-22,2026-08-05,112,5695,2177,137,0.817518,0.739886,0.767145,0.349328,,,,,,,,GLOBAL_BASELINE_NO_ENTITY_RANKING,,,NOT_APPLICABLE_GLOBAL_BASELINE,HF9g-P5,,,,X 全窗基线 · 不参与实体赏罚,14194521,1420,A168_HF9F_20260827_0900,2026-08-27 09:00:00
2026-04-12,110249610,1646,0,6.1353875520,-6.1353875520,-6.1353875520,0E-7,1,1,0.50665070000000000,0.506650700000,-1.013391052207602,-1.013391052207602,-1.013391052207602,0E-17,ELIGIBLE,R03b_20260811_FULL_v1,L1_ELIGIBILITY,v2026-08-11,2026-03-21..2026-08-06,baccarat_bet02_101_all_pairs_incl_sentinel,round_win = game_pnl > 0 (decisive only),COMPATIBILITY_ONLY_NOT_PRODUCTION,296357.1217,267511.9505,6650.6079,18220,18206,-0.02244119,-0.04150452,-0.02020951,-0.02244119,-6650.6079,296357.1217,OK,0.0000,266.0243,4.0000,96.0000,AG03-UNRESOLVED,ALL5_LEVELS_bet23_to_bet27,266.0243,266.0243,266.0243,332.5304,332.5304,4.000000,4.000000,4.000000,5.000000,5.000000,96.000000,96.000000,96.000000,95.000000,95.000000,5.0,1463.1337,1340.2688,5187.4742,5310.3391,PENDING_AG03,FALSE,NOT_FOR_ENFORCEMENT,6384.5836,256811.4724,6650.6079,6384.5836,266.0243,0.02244119,0.02154355,266.0243,6384.5836,0.02154355,266.0243,266.0243,266.0243,332.5304,332.5304,6384.5836,0.02154355,1463.1337,1340.2688,5187.4742,5310.3391,0.01750413,0.01791872,0.00089765,16.2655,14.6936,0.3653,59.3804,1.1678,2646.0457,162.5536,12.4780,16.8648,9.0895,16.5695,22.0926,29.825,33.4482,44.5976,11.8163,0.0,2.018664,2.691552,0.981654,30,240,141,4,0.10479828,0.02244119,0.04150452,0E-8,0.000000,0.902668,0.011910,-0.02129501,2026-03-22,2026-08-05,112,5695,2177,137,0.817518,0.739886,0.767145,0.349328,,,,,,,,GLOBAL_BASELINE_NO_ENTITY_RANKING,,,NOT_APPLICABLE_GLOBAL_BASELINE,HF9g-P5,,,,X 全窗基线 · 不参与实体赏罚,14194522,1420,A168_HF9F_20260827_0900,2026-08-27 09:00:00
2026-04-12,110249610,1940,0,5.6809144000,0E-10,0E-10,,1,1,0.49324550000000000,0.493245500000,,,,0E-17,NO_DECISIVE_ROUND,R03b_20260811_FULL_v1,L1_ELIGIBILITY,v2026-08-11,2026-03-21..2026-08-06,baccarat_bet02_101_all_pairs_incl_sentinel,round_win = game_pnl > 0 (decisive only),COMPATIBILITY_ONLY_NOT_PRODUCTION,296357.1217,267511.9505,6650.6079,18220,18206,-0.02244119,-0.04150452,-0.02020951,-0.02244119,-6650.6079,296357.1217,OK,0.0000,266.0243,4.0000,96.0000,AG03-UNRESOLVED,ALL5_LEVELS_bet23_to_bet27,266.0243,266.0243,266.0243,332.5304,332.5304,4.000000,4.000000,4.000000,5.000000,5.000000,96.000000,96.000000,96.000000,95.000000,95.000000,5.0,1463.1337,1340.2688,5187.4742,5310.3391,PENDING_AG03,FALSE,NOT_FOR_ENFORCEMENT,6384.5836,256811.4724,6650.6079,6384.5836,266.0243,0.02244119,0.02154355,266.0243,6384.5836,0.02154355,266.0243,266.0243,266.0243,332.5304,332.5304,6384.5836,0.02154355,1463.1337,1340.2688,5187.4742,5310.3391,0.01750413,0.01791872,0.00089765,16.2655,14.6936,0.3653,59.3804,1.1678,2646.0457,162.5536,12.4780,16.8648,9.0895,16.5695,22.0926,29.825,33.4482,44.5976,11.8163,0.0,2.018664,2.691552,0.981654,30,240,141,4,0.10479828,0.02244119,0.04150452,0E-8,0.000000,0.902668,0.011910,-0.02129501,2026-03-22,2026-08-05,112,5695,2177,137,0.817518,0.739886,0.767145,0.349328,,,,,,,,GLOBAL_BASELINE_NO_ENTITY_RANKING,,,NOT_APPLICABLE_GLOBAL_BASELINE,HF9g-P5,,,,X 全窗基线 · 不参与实体赏罚,14194523,1420,A168_HF9F_20260827_0900,2026-08-27 09:00:00
2026-04-12,110249610,2109,0,29.0862817280,-17.4972163520,-17.4972163520,0E-7,3,3,0.49771390000000000,0.497713900000,-1.4077622098436522,-1.4077622098436524,-1.4077622098436522,0E-17,ELIGIBLE,R03b_20260811_FULL_v1,L1_ELIGIBILITY,v2026-08-11,2026-03-21..2026-08-06,baccarat_bet02_101_all_pairs_incl_sentinel,round_win = game_pnl > 0 (decisive only),COMPATIBILITY_ONLY_NOT_PRODUCTION,296357.1217,267511.9505,6650.6079,18220,18206,-0.02244119,-0.04150452,-0.02020951,-0.02244119,-6650.6079,296357.1217,OK,0.0000,266.0243,4.0000,96.0000,AG03-UNRESOLVED,ALL5_LEVELS_bet23_to_bet27,266.0243,266.0243,266.0243,332.5304,332.5304,4.000000,4.000000,4.000000,5.000000,5.000000,96.000000,96.000000,96.000000,95.000000,95.000000,5.0,1463.1337,1340.2688,5187.4742,5310.3391,PENDING_AG03,FALSE,NOT_FOR_ENFORCEMENT,6384.5836,256811.4724,6650.6079,6384.5836,266.0243,0.02244119,0.02154355,266.0243,6384.5836,0.02154355,266.0243,266.0243,266.0243,332.5304,332.5304,6384.5836,0.02154355,1463.1337,1340.2688,5187.4742,5310.3391,0.01750413,0.01791872,0.00089765,16.2655,14.6936,0.3653,59.3804,1.1678,2646.0457,162.5536,12.4780,16.8648,9.0895,16.5695,22.0926,29.825,33.4482,44.5976,11.8163,0.0,2.018664,2.691552,0.981654,30,240,141,4,0.10479828,0.02244119,0.04150452,0E-8,0.000000,0.902668,0.011910,-0.02129501,2026-03-22,2026-08-05,112,5695,2177,137,0.817518,0.739886,0.767145,0.349328,,,,,,,,GLOBAL_BASELINE_NO_ENTITY_RANKING,,,NOT_APPLICABLE_GLOBAL_BASELINE,HF9g-P5,,,,X 全窗基线 · 不参与实体赏罚,14194524,1420,A168_HF9F_20260827_0900,2026-08-27 09:00:00
2026-04-12,110249610,2115,0,22.7236576000,-11.3618288000,-11.3618288000,0E-7,2,2,0.50665070000000000,0.506650700000,-1.013391052207602,-1.013391052207602,-1.013391052207602,0E-17,ELIGIBLE,R03b_20260811_FULL_v1,L1_ELIGIBILITY,v2026-08-11,2026-03-21..2026-08-06,baccarat_bet02_101_all_pairs_incl_sentinel,round_win = game_pnl > 0 (decisive only),COMPATIBILITY_ONLY_NOT_PRODUCTION,296357.1217,267511.9505,6650.6079,18220,18206,-0.02244119,-0.04150452,-0.02020951,-0.02244119,-6650.6079,296357.1217,OK,0.0000,266.0243,4.0000,96.0000,AG03-UNRESOLVED,ALL5_LEVELS_bet23_to_bet27,266.0243,266.0243,266.0243,332.5304,332.5304,4.000000,4.000000,4.000000,5.000000,5.000000,96.000000,96.000000,96.000000,95.000000,95.000000,5.0,1463.1337,1340.2688,5187.4742,5310.3391,PENDING_AG03,FALSE,NOT_FOR_ENFORCEMENT,6384.5836,256811.4724,6650.6079,6384.5836,266.0243,0.02244119,0.02154355,266.0243,6384.5836,0.02154355,266.0243,266.0243,266.0243,332.5304,332.5304,6384.5836,0.02154355,1463.1337,1340.2688,5187.4742,5310.3391,0.01750413,0.01791872,0.00089765,16.2655,14.6936,0.3653,59.3804,1.1678,2646.0457,162.5536,12.4780,16.8648,9.0895,16.5695,22.0926,29.825,33.4482,44.5976,11.8163,0.0,2.018664,2.691552,0.981654,30,240,141,4,0.10479828,0.02244119,0.04150452,0E-8,0.000000,0.902668,0.011910,-0.02129501,2026-03-22,2026-08-05,112,5695,2177,137,0.817518,0.739886,0.767145,0.349328,,,,,,,,GLOBAL_BASELINE_NO_ENTITY_RANKING,,,NOT_APPLICABLE_GLOBAL_BASELINE,HF9g-P5,,,,X 全窗基线 · 不参与实体赏罚,14194525,1420,A168_HF9F_20260827_0900,2026-08-27 09:00:00
2026-04-12,110249610,2127,0,11.1345922240,-0.0568091440,-0.0568091440,0.5000000,2,2,0.50665070000000000,0.506650700000,-0.018812684590367487,-0.018812684590367487,-0.018812684590367487,0E-17,ELIGIBLE,R03b_20260811_FULL_v1,L1_ELIGIBILITY,v2026-08-11,2026-03-21..2026-08-06,baccarat_bet02_101_all_pairs_incl_sentinel,round_win = game_pnl > 0 (decisive only),COMPATIBILITY_ONLY_NOT_PRODUCTION,296357.1217,267511.9505,6650.6079,18220,18206,-0.02244119,-0.04150452,-0.02020951,-0.02244119,-6650.6079,296357.1217,OK,0.0000,266.0243,4.0000,96.0000,AG03-UNRESOLVED,ALL5_LEVELS_bet23_to_bet27,266.0243,266.0243,266.0243,332.5304,332.5304,4.000000,4.000000,4.000000,5.000000,5.000000,96.000000,96.000000,96.000000,95.000000,95.000000,5.0,1463.1337,1340.2688,5187.4742,5310.3391,PENDING_AG03,FALSE,NOT_FOR_ENFORCEMENT,6384.5836,256811.4724,6650.6079,6384.5836,266.0243,0.02244119,0.02154355,266.0243,6384.5836,0.02154355,266.0243,266.0243,266.0243,332.5304,332.5304,6384.5836,0.02154355,1463.1337,1340.2688,5187.4742,5310.3391,0.01750413,0.01791872,0.00089765,16.2655,14.6936,0.3653,59.3804,1.1678,2646.0457,162.5536,12.4780,16.8648,9.0895,16.5695,22.0926,29.825,33.4482,44.5976,11.8163,0.0,2.018664,2.691552,0.981654,30,240,141,4,0.10479828,0.02244119,0.04150452,0E-8,0.000000,0.902668,0.011910,-0.02129501,2026-03-22,2026-08-05,112,5695,2177,137,0.817518,0.739886,0.767145,0.349328,,,,,,,,GLOBAL_BASELINE_NO_ENTITY_RANKING,,,NOT_APPLICABLE_GLOBAL_BASELINE,HF9g-P5,,,,X 全窗基线 · 不参与实体赏罚,14194526,1420,A168_HF9F_20260827_0900,2026-08-27 09:00:00
2026-04-12,110249610,2134,0,11.4754470880,11.4754470880,11.4754470880,1.0000000,1,1,0.49324550000000000,0.493245500000,1.01360149184955,1.01360149184955,1.01360149184955,0E-17,ELIGIBLE,R03b_20260811_FULL_v1,L1_ELIGIBILITY,v2026-08-11,2026-03-21..2026-08-06,baccarat_bet02_101_all_pairs_incl_sentinel,round_win = game_pnl > 0 (decisive only),COMPATIBILITY_ONLY_NOT_PRODUCTION,296357.1217,267511.9505,6650.6079,18220,18206,-0.02244119,-0.04150452,-0.02020951,-0.02244119,-6650.6079,296357.1217,OK,0.0000,266.0243,4.0000,96.0000,AG03-UNRESOLVED,ALL5_LEVELS_bet23_to_bet27,266.0243,266.0243,266.0243,332.5304,332.5304,4.000000,4.000000,4.000000,5.000000,5.000000,96.000000,96.000000,96.000000,95.000000,95.000000,5.0,1463.1337,1340.2688,5187.4742,5310.3391,PENDING_AG03,FALSE,NOT_FOR_ENFORCEMENT,6384.5836,256811.4724,6650.6079,6384.5836,266.0243,0.02244119,0.02154355,266.0243,6384.5836,0.02154355,266.0243,266.0243,266.0243,332.5304,332.5304,6384.5836,0.02154355,1463.1337,1340.2688,5187.4742,5310.3391,0.01750413,0.01791872,0.00089765,16.2655,14.6936,0.3653,59.3804,1.1678,2646.0457,162.5536,12.4780,16.8648,9.0895,16.5695,22.0926,29.825,33.4482,44.5976,11.8163,0.0,2.018664,2.691552,0.981654,30,240,141,4,0.10479828,0.02244119,0.04150452,0E-8,0.000000,0.902668,0.011910,-0.02129501,2026-03-22,2026-08-05,112,5695,2177,137,0.817518,0.739886,0.767145,0.349328,,,,,,,,GLOBAL_BASELINE_NO_ENTITY_RANKING,,,NOT_APPLICABLE_GLOBAL_BASELINE,HF9g-P5,,,,X 全窗基线 · 不参与实体赏罚,14194527,1420,A168_HF9F_20260827_0900,2026-08-27 09:00:00
2026-04-12,110249610,2142,0,11.3618288000,-11.3618288000,-11.3618288000,0E-7,1,1,0.49324550000000000,0.493245500000,-0.9865810262130424,-0.9865810262130424,-0.9865810262130424,0E-17,ELIGIBLE,R03b_20260811_FULL_v1,L1_ELIGIBILITY,v2026-08-11,2026-03-21..2026-08-06,baccarat_bet02_101_all_pairs_incl_sentinel,round_win = game_pnl > 0 (decisive only),COMPATIBILITY_ONLY_NOT_PRODUCTION,296357.1217,267511.9505,6650.6079,18220,18206,-0.02244119,-0.04150452,-0.02020951,-0.02244119,-6650.6079,296357.1217,OK,0.0000,266.0243,4.0000,96.0000,AG03-UNRESOLVED,ALL5_LEVELS_bet23_to_bet27,266.0243,266.0243,266.0243,332.5304,332.5304,4.000000,4.000000,4.000000,5.000000,5.000000,96.000000,96.000000,96.000000,95.000000,95.000000,5.0,1463.1337,1340.2688,5187.4742,5310.3391,PENDING_AG03,FALSE,NOT_FOR_ENFORCEMENT,6384.5836,256811.4724,6650.6079,6384.5836,266.0243,0.02244119,0.02154355,266.0243,6384.5836,0.02154355,266.0243,266.0243,266.0243,332.5304,332.5304,6384.5836,0.02154355,1463.1337,1340.2688,5187.4742,5310.3391,0.01750413,0.01791872,0.00089765,16.2655,14.6936,0.3653,59.3804,1.1678,2646.0457,162.5536,12.4780,16.8648,9.0895,16.5695,22.0926,29.825,33.4482,44.5976,11.8163,0.0,2.018664,2.691552,0.981654,30,240,141,4,0.10479828,0.02244119,0.04150452,0E-8,0.000000,0.902668,0.011910,-0.02129501,2026-03-22,2026-08-05,112,5695,2177,137,0.817518,0.739886,0.767145,0.349328,,,,,,,,GLOBAL_BASELINE_NO_ENTITY_RANKING,,,NOT_APPLICABLE_GLOBAL_BASELINE,HF9g-P5,,,,X 全窗基线 · 不参与实体赏罚,14194528,1420,A168_HF9F_20260827_0900,2026-08-27 09:00:00
2026-04-12,110249610,2145,0,57.6044720159,-5.0957802167,-5.0957802167,0.5000000,4,4,0.50329940000000000,0.503299400000,-0.01319788734859681,-0.01319788734859681,-0.01319788734859681,0E-17,ELIGIBLE,R03b_20260811_FULL_v1,L1_ELIGIBILITY,v2026-08-11,2026-03-21..2026-08-06,baccarat_bet02_101_all_pairs_incl_sentinel,round_win = game_pnl > 0 (decisive only),COMPATIBILITY_ONLY_NOT_PRODUCTION,296357.1217,267511.9505,6650.6079,18220,18206,-0.02244119,-0.04150452,-0.02020951,-0.02244119,-6650.6079,296357.1217,OK,0.0000,266.0243,4.0000,96.0000,AG03-UNRESOLVED,ALL5_LEVELS_bet23_to_bet27,266.0243,266.0243,266.0243,332.5304,332.5304,4.000000,4.000000,4.000000,5.000000,5.000000,96.000000,96.000000,96.000000,95.000000,95.000000,5.0,1463.1337,1340.2688,5187.4742,5310.3391,PENDING_AG03,FALSE,NOT_FOR_ENFORCEMENT,6384.5836,256811.4724,6650.6079,6384.5836,266.0243,0.02244119,0.02154355,266.0243,6384.5836,0.02154355,266.0243,266.0243,266.0243,332.5304,332.5304,6384.5836,0.02154355,1463.1337,1340.2688,5187.4742,5310.3391,0.01750413,0.01791872,0.00089765,16.2655,14.6936,0.3653,59.3804,1.1678,2646.0457,162.5536,12.4780,16.8648,9.0895,16.5695,22.0926,29.825,33.4482,44.5976,11.8163,0.0,2.018664,2.691552,0.981654,30,240,141,4,0.10479828,0.02244119,0.04150452,0E-8,0.000000,0.902668,0.011910,-0.02129501,2026-03-22,2026-08-05,112,5695,2177,137,0.817518,0.739886,0.767145,0.349328,,,,,,,,GLOBAL_BASELINE_NO_ENTITY_RANKING,,,NOT_APPLICABLE_GLOBAL_BASELINE,HF9g-P5,,,,X 全窗基线 · 不参与实体赏罚,14194529,1420,A168_HF9F_20260827_0900,2026-08-27 09:00:00
2026-04-12,110249610,2171,0,66.1258436159,30.6939805033,30.6939805033,0.8333333,6,6,0.50665070000000000,0.506650700000,1.6005531159783741,1.6005531159783741,1.6005531159783741,0E-17,ELIGIBLE,R03b_20260811_FULL_v1,L1_ELIGIBILITY,v2026-08-11,2026-03-21..2026-08-06,baccarat_bet02_101_all_pairs_incl_sentinel,round_win = game_pnl > 0 (decisive only),COMPATIBILITY_ONLY_NOT_PRODUCTION,296357.1217,267511.9505,6650.6079,18220,18206,-0.02244119,-0.04150452,-0.02020951,-0.02244119,-6650.6079,296357.1217,OK,0.0000,266.0243,4.0000,96.0000,AG03-UNRESOLVED,ALL5_LEVELS_bet23_to_bet27,266.0243,266.0243,266.0243,332.5304,332.5304,4.000000,4.000000,4.000000,5.000000,5.000000,96.000000,96.000000,96.000000,95.000000,95.000000,5.0,1463.1337,1340.2688,5187.4742,5310.3391,PENDING_AG03,FALSE,NOT_FOR_ENFORCEMENT,6384.5836,256811.4724,6650.6079,6384.5836,266.0243,0.02244119,0.02154355,266.0243,6384.5836,0.02154355,266.0243,266.0243,266.0243,332.5304,332.5304,6384.5836,0.02154355,1463.1337,1340.2688,5187.4742,5310.3391,0.01750413,0.01791872,0.00089765,16.2655,14.6936,0.3653,59.3804,1.1678,2646.0457,162.5536,12.4780,16.8648,9.0895,16.5695,22.0926,29.825,33.4482,44.5976,11.8163,0.0,2.018664,2.691552,0.981654,30,240,141,4,0.10479828,0.02244119,0.04150452,0E-8,0.000000,0.902668,0.011910,-0.02129501,2026-03-22,2026-08-05,112,5695,2177,137,0.817518,0.739886,0.767145,0.349328,,,,,,,,GLOBAL_BASELINE_NO_ENTITY_RANKING,,,NOT_APPLICABLE_GLOBAL_BASELINE,HF9g-P5,,,,X 全窗基线 · 不参与实体赏罚,14194530,1420,A168_HF9F_20260827_0900,2026-08-27 09:00:00
2026-04-12,110249610,2175,0,17.0427432000,-5.6809144000,-5.6809144000,0.5000000,2,2,0.49324550000000000,0.493245500000,0.01910635448239258,0.01910635448239258,0.01910635448239258,0E-17,ELIGIBLE,R03b_20260811_FULL_v1,L1_ELIGIBILITY,v2026-08-11,2026-03-21..2026-08-06,baccarat_bet02_101_all_pairs_incl_sentinel,round_win = game_pnl > 0 (decisive only),COMPATIBILITY_ONLY_NOT_PRODUCTION,296357.1217,267511.9505,6650.6079,18220,18206,-0.02244119,-0.04150452,-0.02020951,-0.02244119,-6650.6079,296357.1217,OK,0.0000,266.0243,4.0000,96.0000,AG03-UNRESOLVED,ALL5_LEVELS_bet23_to_bet27,266.0243,266.0243,266.0243,332.5304,332.5304,4.000000,4.000000,4.000000,5.000000,5.000000,96.000000,96.000000,96.000000,95.000000,95.000000,5.0,1463.1337,1340.2688,5187.4742,5310.3391,PENDING_AG03,FALSE,NOT_FOR_ENFORCEMENT,6384.5836,256811.4724,6650.6079,6384.5836,266.0243,0.02244119,0.02154355,266.0243,6384.5836,0.02154355,266.0243,266.0243,266.0243,332.5304,332.5304,6384.5836,0.02154355,1463.1337,1340.2688,5187.4742,5310.3391,0.01750413,0.01791872,0.00089765,16.2655,14.6936,0.3653,59.3804,1.1678,2646.0457,162.5536,12.4780,16.8648,9.0895,16.5695,22.0926,29.825,33.4482,44.5976,11.8163,0.0,2.018664,2.691552,0.981654,30,240,141,4,0.10479828,0.02244119,0.04150452,0E-8,0.000000,0.902668,0.011910,-0.02129501,2026-03-22,2026-08-05,112,5695,2177,137,0.817518,0.739886,0.767145,0.349328,,,,,,,,GLOBAL_BASELINE_NO_ENTITY_RANKING,,,NOT_APPLICABLE_GLOBAL_BASELINE,HF9g-P5,,,,X 全窗基线 · 不参与实体赏罚,14194531,1420,A168_HF9F_20260827_0900,2026-08-27 09:00:00
2026-04-12,110249610,2233,0,5.6809144000,0E-10,0E-10,,1,1,0.50665070000000000,0.506650700000,,,,0E-17,NO_DECISIVE_ROUND,R03b_20260811_FULL_v1,L1_ELIGIBILITY,v2026-08-11,2026-03-21..2026-08-06,baccarat_bet02_101_all_pairs_incl_sentinel,round_win = game_pnl > 0 (decisive only),COMPATIBILITY_ONLY_NOT_PRODUCTION,296357.1217,267511.9505,6650.6079,18220,18206,-0.02244119,-0.04150452,-0.02020951,-0.02244119,-6650.6079,296357.1217,OK,0.0000,266.0243,4.0000,96.0000,AG03-UNRESOLVED,ALL5_LEVELS_bet23_to_bet27,266.0243,266.0243,266.0243,332.5304,332.5304,4.000000,4.000000,4.000000,5.000000,5.000000,96.000000,96.000000,96.000000,95.000000,95.000000,5.0,1463.1337,1340.2688,5187.4742,5310.3391,PENDING_AG03,FALSE,NOT_FOR_ENFORCEMENT,6384.5836,256811.4724,6650.6079,6384.5836,266.0243,0.02244119,0.02154355,266.0243,6384.5836,0.02154355,266.0243,266.0243,266.0243,332.5304,332.5304,6384.5836,0.02154355,1463.1337,1340.2688,5187.4742,5310.3391,0.01750413,0.01791872,0.00089765,16.2655,14.6936,0.3653,59.3804,1.1678,2646.0457,162.5536,12.4780,16.8648,9.0895,16.5695,22.0926,29.825,33.4482,44.5976,11.8163,0.0,2.018664,2.691552,0.981654,30,240,141,4,0.10479828,0.02244119,0.04150452,0E-8,0.000000,0.902668,0.011910,-0.02129501,2026-03-22,2026-08-05,112,5695,2177,137,0.817518,0.739886,0.767145,0.349328,,,,,,,,GLOBAL_BASELINE_NO_ENTITY_RANKING,,,NOT_APPLICABLE_GLOBAL_BASELINE,HF9g-P5,,,,X 全窗基线 · 不参与实体赏罚,14194532,1420,A168_HF9F_20260827_0900,2026-08-27 09:00:00
2026-04-12,110249610,2248,0,63.7398595678,-10.1120276320,-10.1120276320,0.4000000,5,5,0.49860758000000000,0.498607580000,-0.440988213962219,-0.440988213962219,-0.440988213962219,0E-17,ELIGIBLE,R03b_20260811_FULL_v1,L1_ELIGIBILITY,v2026-08-11,2026-03-21..2026-08-06,baccarat_bet02_101_all_pairs_incl_sentinel,round_win = game_pnl > 0 (decisive only),COMPATIBILITY_ONLY_NOT_PRODUCTION,296357.1217,267511.9505,6650.6079,18220,18206,-0.02244119,-0.04150452,-0.02020951,-0.02244119,-6650.6079,296357.1217,OK,0.0000,266.0243,4.0000,96.0000,AG03-UNRESOLVED,ALL5_LEVELS_bet23_to_bet27,266.0243,266.0243,266.0243,332.5304,332.5304,4.000000,4.000000,4.000000,5.000000,5.000000,96.000000,96.000000,96.000000,95.000000,95.000000,5.0,1463.1337,1340.2688,5187.4742,5310.3391,PENDING_AG03,FALSE,NOT_FOR_ENFORCEMENT,6384.5836,256811.4724,6650.6079,6384.5836,266.0243,0.02244119,0.02154355,266.0243,6384.5836,0.02154355,266.0243,266.0243,266.0243,332.5304,332.5304,6384.5836,0.02154355,1463.1337,1340.2688,5187.4742,5310.3391,0.01750413,0.01791872,0.00089765,16.2655,14.6936,0.3653,59.3804,1.1678,2646.0457,162.5536,12.4780,16.8648,9.0895,16.5695,22.0926,29.825,33.4482,44.5976,11.8163,0.0,2.018664,2.691552,0.981654,30,240,141,4,0.10479828,0.02244119,0.04150452,0E-8,0.000000,0.902668,0.011910,-0.02129501,2026-03-22,2026-08-05,112,5695,2177,137,0.817518,0.739886,0.767145,0.349328,,,,,,,,GLOBAL_BASELINE_NO_ENTITY_RANKING,,,NOT_APPLICABLE_GLOBAL_BASELINE,HF9g-P5,,,,X 全窗基线 · 不参与实体赏罚,14194533,1420,A168_HF9F_20260827_0900,2026-08-27 09:00:00
2026-04-12,110249610,2250,0,38.8574544958,-5.6241052560,-5.6241052560,0.5000000,2,2,0.50665070000000000,0.506650700000,-0.018812684590367487,-0.018812684590367487,-0.018812684590367487,0E-17,ELIGIBLE,R03b_20260811_FULL_v1,L1_ELIGIBILITY,v2026-08-11,2026-03-21..2026-08-06,baccarat_bet02_101_all_pairs_incl_sentinel,round_win = game_pnl > 0 (decisive only),COMPATIBILITY_ONLY_NOT_PRODUCTION,296357.1217,267511.9505,6650.6079,18220,18206,-0.02244119,-0.04150452,-0.02020951,-0.02244119,-6650.6079,296357.1217,OK,0.0000,266.0243,4.0000,96.0000,AG03-UNRESOLVED,ALL5_LEVELS_bet23_to_bet27,266.0243,266.0243,266.0243,332.5304,332.5304,4.000000,4.000000,4.000000,5.000000,5.000000,96.000000,96.000000,96.000000,95.000000,95.000000,5.0,1463.1337,1340.2688,5187.4742,5310.3391,PENDING_AG03,FALSE,NOT_FOR_ENFORCEMENT,6384.5836,256811.4724,6650.6079,6384.5836,266.0243,0.02244119,0.02154355,266.0243,6384.5836,0.02154355,266.0243,266.0243,266.0243,332.5304,332.5304,6384.5836,0.02154355,1463.1337,1340.2688,5187.4742,5310.3391,0.01750413,0.01791872,0.00089765,16.2655,14.6936,0.3653,59.3804,1.1678,2646.0457,162.5536,12.4780,16.8648,9.0895,16.5695,22.0926,29.825,33.4482,44.5976,11.8163,0.0,2.018664,2.691552,0.981654,30,240,141,4,0.10479828,0.02244119,0.04150452,0E-8,0.000000,0.902668,0.011910,-0.02129501,2026-03-22,2026-08-05,112,5695,2177,137,0.817518,0.739886,0.767145,0.349328,,,,,,,,GLOBAL_BASELINE_NO_ENTITY_RANKING,,,NOT_APPLICABLE_GLOBAL_BASELINE,HF9g-P5,,,,X 全窗基线 · 不参与实体赏罚,14194534,1420,A168_HF9F_20260827_0900,2026-08-27 09:00:00
2026-04-12,110249610,2254,0,5.6809144000,0E-10,0E-10,,1,1,0.50665070000000000,0.506650700000,,,,0E-17,NO_DECISIVE_ROUND,R03b_20260811_FULL_v1,L1_ELIGIBILITY,v2026-08-11,2026-03-21..2026-08-06,baccarat_bet02_101_all_pairs_incl_sentinel,round_win = game_pnl > 0 (decisive only),COMPATIBILITY_ONLY_NOT_PRODUCTION,296357.1217,267511.9505,6650.6079,18220,18206,-0.02244119,-0.04150452,-0.02020951,-0.02244119,-6650.6079,296357.1217,OK,0.0000,266.0243,4.0000,96.0000,AG03-UNRESOLVED,ALL5_LEVELS_bet23_to_bet27,266.0243,266.0243,266.0243,332.5304,332.5304,4.000000,4.000000,4.000000,5.000000,5.000000,96.000000,96.000000,96.000000,95.000000,95.000000,5.0,1463.1337,1340.2688,5187.4742,5310.3391,PENDING_AG03,FALSE,NOT_FOR_ENFORCEMENT,6384.5836,256811.4724,6650.6079,6384.5836,266.0243,0.02244119,0.02154355,266.0243,6384.5836,0.02154355,266.0243,266.0243,266.0243,332.5304,332.5304,6384.5836,0.02154355,1463.1337,1340.2688,5187.4742,5310.3391,0.01750413,0.01791872,0.00089765,16.2655,14.6936,0.3653,59.3804,1.1678,2646.0457,162.5536,12.4780,16.8648,9.0895,16.5695,22.0926,29.825,33.4482,44.5976,11.8163,0.0,2.018664,2.691552,0.981654,30,240,141,4,0.10479828,0.02244119,0.04150452,0E-8,0.000000,0.902668,0.011910,-0.02129501,2026-03-22,2026-08-05,112,5695,2177,137,0.817518,0.739886,0.767145,0.349328,,,,,,,,GLOBAL_BASELINE_NO_ENTITY_RANKING,,,NOT_APPLICABLE_GLOBAL_BASELINE,HF9g-P5,,,,X 全窗基线 · 不参与实体赏罚,14194535,1420,A168_HF9F_20260827_0900,2026-08-27 09:00:00
2026-04-12,110249610,529,0,22.7236576000,0E-10,0E-10,0.5000000,2,2,0.49324550000000000,0.493245500000,0.01910635448239258,0.01910635448239258,0.01910635448239258,0E-17,ELIGIBLE,R03b_20260811_FULL_v1,L1_ELIGIBILITY,v2026-08-11,2026-03-21..2026-08-06,baccarat_bet02_101_all_pairs_incl_sentinel,round_win = game_pnl > 0 (decisive only),COMPATIBILITY_ONLY_NOT_PRODUCTION,296357.1217,267511.9505,6650.6079,18220,18206,-0.02244119,-0.04150452,-0.02020951,-0.02244119,-6650.6079,296357.1217,OK,0.0000,266.0243,4.0000,96.0000,AG03-UNRESOLVED,ALL5_LEVELS_bet23_to_bet27,266.0243,266.0243,266.0243,332.5304,332.5304,4.000000,4.000000,4.000000,5.000000,5.000000,96.000000,96.000000,96.000000,95.000000,95.000000,5.0,1463.1337,1340.2688,5187.4742,5310.3391,PENDING_AG03,FALSE,NOT_FOR_ENFORCEMENT,6384.5836,256811.4724,6650.6079,6384.5836,266.0243,0.02244119,0.02154355,266.0243,6384.5836,0.02154355,266.0243,266.0243,266.0243,332.5304,332.5304,6384.5836,0.02154355,1463.1337,1340.2688,5187.4742,5310.3391,0.01750413,0.01791872,0.00089765,16.2655,14.6936,0.3653,59.3804,1.1678,2646.0457,162.5536,12.4780,16.8648,9.0895,16.5695,22.0926,29.825,33.4482,44.5976,11.8163,0.0,2.018664,2.691552,0.981654,30,240,141,4,0.10479828,0.02244119,0.04150452,0E-8,0.000000,0.902668,0.011910,-0.02129501,2026-03-22,2026-08-05,112,5695,2177,137,0.817518,0.739886,0.767145,0.349328,,,,,,,,GLOBAL_BASELINE_NO_ENTITY_RANKING,,,NOT_APPLICABLE_GLOBAL_BASELINE,HF9g-P5,,,,X 全窗基线 · 不参与实体赏罚,14194536,1420,A168_HF9F_20260827_0900,2026-08-27 09:00:00
2026-04-12,110249610,550,0,17.0427432000,-5.6809144000,-5.6809144000,0.5000000,2,2,0.49994810000000000,0.499948100000,0.00014679536856514622,0.00014679536856514622,0.00014679536856514622,0E-17,ELIGIBLE,R03b_20260811_FULL_v1,L1_ELIGIBILITY,v2026-08-11,2026-03-21..2026-08-06,baccarat_bet02_101_all_pairs_incl_sentinel,round_win = game_pnl > 0 (decisive only),COMPATIBILITY_ONLY_NOT_PRODUCTION,296357.1217,267511.9505,6650.6079,18220,18206,-0.02244119,-0.04150452,-0.02020951,-0.02244119,-6650.6079,296357.1217,OK,0.0000,266.0243,4.0000,96.0000,AG03-UNRESOLVED,ALL5_LEVELS_bet23_to_bet27,266.0243,266.0243,266.0243,332.5304,332.5304,4.000000,4.000000,4.000000,5.000000,5.000000,96.000000,96.000000,96.000000,95.000000,95.000000,5.0,1463.1337,1340.2688,5187.4742,5310.3391,PENDING_AG03,FALSE,NOT_FOR_ENFORCEMENT,6384.5836,256811.4724,6650.6079,6384.5836,266.0243,0.02244119,0.02154355,266.0243,6384.5836,0.02154355,266.0243,266.0243,266.0243,332.5304,332.5304,6384.5836,0.02154355,1463.1337,1340.2688,5187.4742,5310.3391,0.01750413,0.01791872,0.00089765,16.2655,14.6936,0.3653,59.3804,1.1678,2646.0457,162.5536,12.4780,16.8648,9.0895,16.5695,22.0926,29.825,33.4482,44.5976,11.8163,0.0,2.018664,2.691552,0.981654,30,240,141,4,0.10479828,0.02244119,0.04150452,0E-8,0.000000,0.902668,0.011910,-0.02129501,2026-03-22,2026-08-05,112,5695,2177,137,0.817518,0.739886,0.767145,0.349328,,,,,,,,GLOBAL_BASELINE_NO_ENTITY_RANKING,,,NOT_APPLICABLE_GLOBAL_BASELINE,HF9g-P5,,,,X 全窗基线 · 不参与实体赏罚,14194537,1420,A168_HF9F_20260827_0900,2026-08-27 09:00:00
2026-04-12,110249610,772,0,11.3618288000,-11.3618288000,-11.3618288000,0E-7,1,1,0.50665070000000000,0.506650700000,-1.013391052207602,-1.013391052207602,-1.013391052207602,0E-17,ELIGIBLE,R03b_20260811_FULL_v1,L1_ELIGIBILITY,v2026-08-11,2026-03-21..2026-08-06,baccarat_bet02_101_all_pairs_incl_sentinel,round_win = game_pnl > 0 (decisive only),COMPATIBILITY_ONLY_NOT_PRODUCTION,296357.1217,267511.9505,6650.6079,18220,18206,-0.02244119,-0.04150452,-0.02020951,-0.02244119,-6650.6079,296357.1217,OK,0.0000,266.0243,4.0000,96.0000,AG03-UNRESOLVED,ALL5_LEVELS_bet23_to_bet27,266.0243,266.0243,266.0243,332.5304,332.5304,4.000000,4.000000,4.000000,5.000000,5.000000,96.000000,96.000000,96.000000,95.000000,95.000000,5.0,1463.1337,1340.2688,5187.4742,5310.3391,PENDING_AG03,FALSE,NOT_FOR_ENFORCEMENT,6384.5836,256811.4724,6650.6079,6384.5836,266.0243,0.02244119,0.02154355,266.0243,6384.5836,0.02154355,266.0243,266.0243,266.0243,332.5304,332.5304,6384.5836,0.02154355,1463.1337,1340.2688,5187.4742,5310.3391,0.01750413,0.01791872,0.00089765,16.2655,14.6936,0.3653,59.3804,1.1678,2646.0457,162.5536,12.4780,16.8648,9.0895,16.5695,22.0926,29.825,33.4482,44.5976,11.8163,0.0,2.018664,2.691552,0.981654,30,240,141,4,0.10479828,0.02244119,0.04150452,0E-8,0.000000,0.902668,0.011910,-0.02129501,2026-03-22,2026-08-05,112,5695,2177,137,0.817518,0.739886,0.767145,0.349328,,,,,,,,GLOBAL_BASELINE_NO_ENTITY_RANKING,,,NOT_APPLICABLE_GLOBAL_BASELINE,HF9g-P5,,,,X 全窗基线 · 不参与实体赏罚,14194538,1420,A168_HF9F_20260827_0900,2026-08-27 09:00:00
2026-04-13,110249610,-1,1,1493.7396323314,-74.8744517914,-74.8744517914,0.4831461,103,103,0.49910214077669903,0.499102140777,-0.3010590754568314,-0.30105907546250976,-0.3010590754568314,-3.0097E-13,SENTINEL_DEALER,R03b_20260811_FULL_v1,L1_ELIGIBILITY,v2026-08-11,2026-03-21..2026-08-06,baccarat_bet02_101_all_pairs_incl_sentinel,round_win = game_pnl > 0 (decisive only),COMPATIBILITY_ONLY_NOT_PRODUCTION,296357.1217,267511.9505,6650.6079,18220,18206,-0.02244119,-0.04150452,-0.02020951,-0.02244119,-6650.6079,296357.1217,OK,0.0000,266.0243,4.0000,96.0000,AG03-UNRESOLVED,ALL5_LEVELS_bet23_to_bet27,266.0243,266.0243,266.0243,332.5304,332.5304,4.000000,4.000000,4.000000,5.000000,5.000000,96.000000,96.000000,96.000000,95.000000,95.000000,5.0,1463.1337,1340.2688,5187.4742,5310.3391,PENDING_AG03,FALSE,NOT_FOR_ENFORCEMENT,6384.5836,256811.4724,6650.6079,6384.5836,266.0243,0.02244119,0.02154355,266.0243,6384.5836,0.02154355,266.0243,266.0243,266.0243,332.5304,332.5304,6384.5836,0.02154355,1463.1337,1340.2688,5187.4742,5310.3391,0.01750413,0.01791872,0.00089765,16.2655,14.6936,0.3653,59.3804,1.1678,2646.0457,162.5536,12.4780,16.8648,9.0895,16.5695,22.0926,29.825,33.4482,44.5976,11.8163,0.0,2.018664,2.691552,0.981654,30,240,141,4,0.10479828,0.02244119,0.04150452,0E-8,0.000000,0.902668,0.011910,-0.02129501,2026-03-22,2026-08-05,112,5695,2177,137,0.817518,0.739886,0.767145,0.349328,,,,,,,,GLOBAL_BASELINE_NO_ENTITY_RANKING,,,NOT_APPLICABLE_GLOBAL_BASELINE,HF9g-P5,,,,X 全窗基线 · 不参与实体赏罚,14194539,1420,A168_HF9F_20260827_0900,2026-08-27 09:00:00
2026-04-13,110249610,1004,0,22.7236575999,11.3618287999,11.3618287999,0.5000000,2,2,0.49324550000000000,0.493245500000,0.01910635448239258,0.01910635448239258,0.01910635448239258,0E-17,ELIGIBLE,R03b_20260811_FULL_v1,L1_ELIGIBILITY,v2026-08-11,2026-03-21..2026-08-06,baccarat_bet02_101_all_pairs_incl_sentinel,round_win = game_pnl > 0 (decisive only),COMPATIBILITY_ONLY_NOT_PRODUCTION,296357.1217,267511.9505,6650.6079,18220,18206,-0.02244119,-0.04150452,-0.02020951,-0.02244119,-6650.6079,296357.1217,OK,0.0000,266.0243,4.0000,96.0000,AG03-UNRESOLVED,ALL5_LEVELS_bet23_to_bet27,266.0243,266.0243,266.0243,332.5304,332.5304,4.000000,4.000000,4.000000,5.000000,5.000000,96.000000,96.000000,96.000000,95.000000,95.000000,5.0,1463.1337,1340.2688,5187.4742,5310.3391,PENDING_AG03,FALSE,NOT_FOR_ENFORCEMENT,6384.5836,256811.4724,6650.6079,6384.5836,266.0243,0.02244119,0.02154355,266.0243,6384.5836,0.02154355,266.0243,266.0243,266.0243,332.5304,332.5304,6384.5836,0.02154355,1463.1337,1340.2688,5187.4742,5310.3391,0.01750413,0.01791872,0.00089765,16.2655,14.6936,0.3653,59.3804,1.1678,2646.0457,162.5536,12.4780,16.8648,9.0895,16.5695,22.0926,29.825,33.4482,44.5976,11.8163,0.0,2.018664,2.691552,0.981654,30,240,141,4,0.10479828,0.02244119,0.04150452,0E-8,0.000000,0.902668,0.011910,-0.02129501,2026-03-22,2026-08-05,112,5695,2177,137,0.817518,0.739886,0.767145,0.349328,,,,,,,,GLOBAL_BASELINE_NO_ENTITY_RANKING,,,NOT_APPLICABLE_GLOBAL_BASELINE,HF9g-P5,,,,X 全窗基线 · 不参与实体赏罚,14194540,1420,A168_HF9F_20260827_0900,2026-08-27 09:00:00
2026-04-13,110249610,1109,0,137.3645101916,10.1290703753,10.1290703753,0.5714286,10,10,0.49994810000000000,0.499948100000,0.37823910403297295,0.37823910403297295,0.37823910403297295,0E-17,ELIGIBLE,R03b_20260811_FULL_v1,L1_ELIGIBILITY,v2026-08-11,2026-03-21..2026-08-06,baccarat_bet02_101_all_pairs_incl_sentinel,round_win = game_pnl > 0 (decisive only),COMPATIBILITY_ONLY_NOT_PRODUCTION,296357.1217,267511.9505,6650.6079,18220,18206,-0.02244119,-0.04150452,-0.02020951,-0.02244119,-6650.6079,296357.1217,OK,0.0000,266.0243,4.0000,96.0000,AG03-UNRESOLVED,ALL5_LEVELS_bet23_to_bet27,266.0243,266.0243,266.0243,332.5304,332.5304,4.000000,4.000000,4.000000,5.000000,5.000000,96.000000,96.000000,96.000000,95.000000,95.000000,5.0,1463.1337,1340.2688,5187.4742,5310.3391,PENDING_AG03,FALSE,NOT_FOR_ENFORCEMENT,6384.5836,256811.4724,6650.6079,6384.5836,266.0243,0.02244119,0.02154355,266.0243,6384.5836,0.02154355,266.0243,266.0243,266.0243,332.5304,332.5304,6384.5836,0.02154355,1463.1337,1340.2688,5187.4742,5310.3391,0.01750413,0.01791872,0.00089765,16.2655,14.6936,0.3653,59.3804,1.1678,2646.0457,162.5536,12.4780,16.8648,9.0895,16.5695,22.0926,29.825,33.4482,44.5976,11.8163,0.0,2.018664,2.691552,0.981654,30,240,141,4,0.10479828,0.02244119,0.04150452,0E-8,0.000000,0.902668,0.011910,-0.02129501,2026-03-22,2026-08-05,112,5695,2177,137,0.817518,0.739886,0.767145,0.349328,,,,,,,,GLOBAL_BASELINE_NO_ENTITY_RANKING,,,NOT_APPLICABLE_GLOBAL_BASELINE,HF9g-P5,,,,X 全窗基线 · 不参与实体赏罚,14194541,1420,A168_HF9F_20260827_0900,2026-08-27 09:00:00
2026-04-13,110249610,1205,0,55.6729611199,-24.4279319199,-24.4279319199,0.4000000,5,5,0.50396966000000000,0.503969660000,-0.4649811094771361,-0.4649811094771361,-0.4649811094771361,0E-17,ELIGIBLE,R03b_20260811_FULL_v1,L1_ELIGIBILITY,v2026-08-11,2026-03-21..2026-08-06,baccarat_bet02_101_all_pairs_incl_sentinel,round_win = game_pnl > 0 (decisive only),COMPATIBILITY_ONLY_NOT_PRODUCTION,296357.1217,267511.9505,6650.6079,18220,18206,-0.02244119,-0.04150452,-0.02020951,-0.02244119,-6650.6079,296357.1217,OK,0.0000,266.0243,4.0000,96.0000,AG03-UNRESOLVED,ALL5_LEVELS_bet23_to_bet27,266.0243,266.0243,266.0243,332.5304,332.5304,4.000000,4.000000,4.000000,5.000000,5.000000,96.000000,96.000000,96.000000,95.000000,95.000000,5.0,1463.1337,1340.2688,5187.4742,5310.3391,PENDING_AG03,FALSE,NOT_FOR_ENFORCEMENT,6384.5836,256811.4724,6650.6079,6384.5836,266.0243,0.02244119,0.02154355,266.0243,6384.5836,0.02154355,266.0243,266.0243,266.0243,332.5304,332.5304,6384.5836,0.02154355,1463.1337,1340.2688,5187.4742,5310.3391,0.01750413,0.01791872,0.00089765,16.2655,14.6936,0.3653,59.3804,1.1678,2646.0457,162.5536,12.4780,16.8648,9.0895,16.5695,22.0926,29.825,33.4482,44.5976,11.8163,0.0,2.018664,2.691552,0.981654,30,240,141,4,0.10479828,0.02244119,0.04150452,0E-8,0.000000,0.902668,0.011910,-0.02129501,2026-03-22,2026-08-05,112,5695,2177,137,0.817518,0.739886,0.767145,0.349328,,,,,,,,GLOBAL_BASELINE_NO_ENTITY_RANKING,,,NOT_APPLICABLE_GLOBAL_BASELINE,HF9g-P5,,,,X 全窗基线 · 不参与实体赏罚,14194542,1420,A168_HF9F_20260827_0900,2026-08-27 09:00:00
2026-04-13,110249610,1210,0,84.0775331198,-22.7236575999,-22.7236575999,0.3333333,6,6,0.50441650000000000,0.504416500000,-0.5926725951415955,-0.5926725951415955,-0.5926725951415955,0E-17,ELIGIBLE,R03b_20260811_FULL_v1,L1_ELIGIBILITY,v2026-08-11,2026-03-21..2026-08-06,baccarat_bet02_101_all_pairs_incl_sentinel,round_win = game_pnl > 0 (decisive only),COMPATIBILITY_ONLY_NOT_PRODUCTION,296357.1217,267511.9505,6650.6079,18220,18206,-0.02244119,-0.04150452,-0.02020951,-0.02244119,-6650.6079,296357.1217,OK,0.0000,266.0243,4.0000,96.0000,AG03-UNRESOLVED,ALL5_LEVELS_bet23_to_bet27,266.0243,266.0243,266.0243,332.5304,332.5304,4.000000,4.000000,4.000000,5.000000,5.000000,96.000000,96.000000,96.000000,95.000000,95.000000,5.0,1463.1337,1340.2688,5187.4742,5310.3391,PENDING_AG03,FALSE,NOT_FOR_ENFORCEMENT,6384.5836,256811.4724,6650.6079,6384.5836,266.0243,0.02244119,0.02154355,266.0243,6384.5836,0.02154355,266.0243,266.0243,266.0243,332.5304,332.5304,6384.5836,0.02154355,1463.1337,1340.2688,5187.4742,5310.3391,0.01750413,0.01791872,0.00089765,16.2655,14.6936,0.3653,59.3804,1.1678,2646.0457,162.5536,12.4780,16.8648,9.0895,16.5695,22.0926,29.825,33.4482,44.5976,11.8163,0.0,2.018664,2.691552,0.981654,30,240,141,4,0.10479828,0.02244119,0.04150452,0E-8,0.000000,0.902668,0.011910,-0.02129501,2026-03-22,2026-08-05,112,5695,2177,137,0.817518,0.739886,0.767145,0.349328,,,,,,,,GLOBAL_BASELINE_NO_ENTITY_RANKING,,,NOT_APPLICABLE_GLOBAL_BASELINE,HF9g-P5,,,,X 全窗基线 · 不参与实体赏罚,14194543,1420,A168_HF9F_20260827_0900,2026-08-27 09:00:00
2026-04-13,110249610,1221,0,28.4045720000,26.9843434000,26.9843434000,1.0000000,3,3,0.50665070000000000,0.506650700000,1.7091633124209307,1.7091633124209307,1.7091633124209307,0E-17,ELIGIBLE,R03b_20260811_FULL_v1,L1_ELIGIBILITY,v2026-08-11,2026-03-21..2026-08-06,baccarat_bet02_101_all_pairs_incl_sentinel,round_win = game_pnl > 0 (decisive only),COMPATIBILITY_ONLY_NOT_PRODUCTION,296357.1217,267511.9505,6650.6079,18220,18206,-0.02244119,-0.04150452,-0.02020951,-0.02244119,-6650.6079,296357.1217,OK,0.0000,266.0243,4.0000,96.0000,AG03-UNRESOLVED,ALL5_LEVELS_bet23_to_bet27,266.0243,266.0243,266.0243,332.5304,332.5304,4.000000,4.000000,4.000000,5.000000,5.000000,96.000000,96.000000,96.000000,95.000000,95.000000,5.0,1463.1337,1340.2688,5187.4742,5310.3391,PENDING_AG03,FALSE,NOT_FOR_ENFORCEMENT,6384.5836,256811.4724,6650.6079,6384.5836,266.0243,0.02244119,0.02154355,266.0243,6384.5836,0.02154355,266.0243,266.0243,266.0243,332.5304,332.5304,6384.5836,0.02154355,1463.1337,1340.2688,5187.4742,5310.3391,0.01750413,0.01791872,0.00089765,16.2655,14.6936,0.3653,59.3804,1.1678,2646.0457,162.5536,12.4780,16.8648,9.0895,16.5695,22.0926,29.825,33.4482,44.5976,11.8163,0.0,2.018664,2.691552,0.981654,30,240,141,4,0.10479828,0.02244119,0.04150452,0E-8,0.000000,0.902668,0.011910,-0.02129501,2026-03-22,2026-08-05,112,5695,2177,137,0.817518,0.739886,0.767145,0.349328,,,,,,,,GLOBAL_BASELINE_NO_ENTITY_RANKING,,,NOT_APPLICABLE_GLOBAL_BASELINE,HF9g-P5,,,,X 全窗基线 · 不参与实体赏罚,14194544,1420,A168_HF9F_20260827_0900,2026-08-27 09:00:00
2026-04-13,110249610,1302,0,169.1776308312,-31.3586474877,-31.3586474877,0.4444444,10,10,0.49324550000000000,0.493245500000,-0.29283305455567077,-0.29283305455567077,-0.29283305455567077,0E-17,ELIGIBLE,R03b_20260811_FULL_v1,L1_ELIGIBILITY,v2026-08-11,2026-03-21..2026-08-06,baccarat_bet02_101_all_pairs_incl_sentinel,round_win = game_pnl > 0 (decisive only),COMPATIBILITY_ONLY_NOT_PRODUCTION,296357.1217,267511.9505,6650.6079,18220,18206,-0.02244119,-0.04150452,-0.02020951,-0.02244119,-6650.6079,296357.1217,OK,0.0000,266.0243,4.0000,96.0000,AG03-UNRESOLVED,ALL5_LEVELS_bet23_to_bet27,266.0243,266.0243,266.0243,332.5304,332.5304,4.000000,4.000000,4.000000,5.000000,5.000000,96.000000,96.000000,96.000000,95.000000,95.000000,5.0,1463.1337,1340.2688,5187.4742,5310.3391,PENDING_AG03,FALSE,NOT_FOR_ENFORCEMENT,6384.5836,256811.4724,6650.6079,6384.5836,266.0243,0.02244119,0.02154355,266.0243,6384.5836,0.02154355,266.0243,266.0243,266.0243,332.5304,332.5304,6384.5836,0.02154355,1463.1337,1340.2688,5187.4742,5310.3391,0.01750413,0.01791872,0.00089765,16.2655,14.6936,0.3653,59.3804,1.1678,2646.0457,162.5536,12.4780,16.8648,9.0895,16.5695,22.0926,29.825,33.4482,44.5976,11.8163,0.0,2.018664,2.691552,0.981654,30,240,141,4,0.10479828,0.02244119,0.04150452,0E-8,0.000000,0.902668,0.011910,-0.02129501,2026-03-22,2026-08-05,112,5695,2177,137,0.817518,0.739886,0.767145,0.349328,,,,,,,,GLOBAL_BASELINE_NO_ENTITY_RANKING,,,NOT_APPLICABLE_GLOBAL_BASELINE,HF9g-P5,,,,X 全窗基线 · 不参与实体赏罚,14194545,1420,A168_HF9F_20260827_0900,2026-08-27 09:00:00
2026-04-13,110249610,1307,0,80.4417479038,24.3711227760,24.3711227760,0.6666667,6,6,0.49994810000000000,0.499948100000,0.8167508423630434,0.8167508423630434,0.8167508423630434,0E-17,ELIGIBLE,R03b_20260811_FULL_v1,L1_ELIGIBILITY,v2026-08-11,2026-03-21..2026-08-06,baccarat_bet02_101_all_pairs_incl_sentinel,round_win = game_pnl > 0 (decisive only),COMPATIBILITY_ONLY_NOT_PRODUCTION,296357.1217,267511.9505,6650.6079,18220,18206,-0.02244119,-0.04150452,-0.02020951,-0.02244119,-6650.6079,296357.1217,OK,0.0000,266.0243,4.0000,96.0000,AG03-UNRESOLVED,ALL5_LEVELS_bet23_to_bet27,266.0243,266.0243,266.0243,332.5304,332.5304,4.000000,4.000000,4.000000,5.000000,5.000000,96.000000,96.000000,96.000000,95.000000,95.000000,5.0,1463.1337,1340.2688,5187.4742,5310.3391,PENDING_AG03,FALSE,NOT_FOR_ENFORCEMENT,6384.5836,256811.4724,6650.6079,6384.5836,266.0243,0.02244119,0.02154355,266.0243,6384.5836,0.02154355,266.0243,266.0243,266.0243,332.5304,332.5304,6384.5836,0.02154355,1463.1337,1340.2688,5187.4742,5310.3391,0.01750413,0.01791872,0.00089765,16.2655,14.6936,0.3653,59.3804,1.1678,2646.0457,162.5536,12.4780,16.8648,9.0895,16.5695,22.0926,29.825,33.4482,44.5976,11.8163,0.0,2.018664,2.691552,0.981654,30,240,141,4,0.10479828,0.02244119,0.04150452,0E-8,0.000000,0.902668,0.011910,-0.02129501,2026-03-22,2026-08-05,112,5695,2177,137,0.817518,0.739886,0.767145,0.349328,,,,,,,,GLOBAL_BASELINE_NO_ENTITY_RANKING,,,NOT_APPLICABLE_GLOBAL_BASELINE,HF9g-P5,,,,X 全窗基线 · 不参与实体赏罚,14194546,1420,A168_HF9F_20260827_0900,2026-08-27 09:00:00
2026-04-13,110249610,1331,0,11.3618288000,-11.3618288000,-11.3618288000,0E-7,1,1,0.50665070000000000,0.506650700000,-1.013391052207602,-1.013391052207602,-1.013391052207602,0E-17,ELIGIBLE,R03b_20260811_FULL_v1,L1_ELIGIBILITY,v2026-08-11,2026-03-21..2026-08-06,baccarat_bet02_101_all_pairs_incl_sentinel,round_win = game_pnl > 0 (decisive only),COMPATIBILITY_ONLY_NOT_PRODUCTION,296357.1217,267511.9505,6650.6079,18220,18206,-0.02244119,-0.04150452,-0.02020951,-0.02244119,-6650.6079,296357.1217,OK,0.0000,266.0243,4.0000,96.0000,AG03-UNRESOLVED,ALL5_LEVELS_bet23_to_bet27,266.0243,266.0243,266.0243,332.5304,332.5304,4.000000,4.000000,4.000000,5.000000,5.000000,96.000000,96.000000,96.000000,95.000000,95.000000,5.0,1463.1337,1340.2688,5187.4742,5310.3391,PENDING_AG03,FALSE,NOT_FOR_ENFORCEMENT,6384.5836,256811.4724,6650.6079,6384.5836,266.0243,0.02244119,0.02154355,266.0243,6384.5836,0.02154355,266.0243,266.0243,266.0243,332.5304,332.5304,6384.5836,0.02154355,1463.1337,1340.2688,5187.4742,5310.3391,0.01750413,0.01791872,0.00089765,16.2655,14.6936,0.3653,59.3804,1.1678,2646.0457,162.5536,12.4780,16.8648,9.0895,16.5695,22.0926,29.825,33.4482,44.5976,11.8163,0.0,2.018664,2.691552,0.981654,30,240,141,4,0.10479828,0.02244119,0.04150452,0E-8,0.000000,0.902668,0.011910,-0.02129501,2026-03-22,2026-08-05,112,5695,2177,137,0.817518,0.739886,0.767145,0.349328,,,,,,,,GLOBAL_BASELINE_NO_ENTITY_RANKING,,,NOT_APPLICABLE_GLOBAL_BASELINE,HF9g-P5,,,,X 全窗基线 · 不参与实体赏罚,14194547,1420,A168_HF9F_20260827_0900,2026-08-27 09:00:00
2026-04-13,110249610,1382,0,34.0854863998,32.3812120798,32.3812120798,1.0000000,2,2,0.50665070000000000,0.506650700000,1.3955260008387969,1.3955260008387969,1.3955260008387969,0E-17,ELIGIBLE,R03b_20260811_FULL_v1,L1_ELIGIBILITY,v2026-08-11,2026-03-21..2026-08-06,baccarat_bet02_101_all_pairs_incl_sentinel,round_win = game_pnl > 0 (decisive only),COMPATIBILITY_ONLY_NOT_PRODUCTION,296357.1217,267511.9505,6650.6079,18220,18206,-0.02244119,-0.04150452,-0.02020951,-0.02244119,-6650.6079,296357.1217,OK,0.0000,266.0243,4.0000,96.0000,AG03-UNRESOLVED,ALL5_LEVELS_bet23_to_bet27,266.0243,266.0243,266.0243,332.5304,332.5304,4.000000,4.000000,4.000000,5.000000,5.000000,96.000000,96.000000,96.000000,95.000000,95.000000,5.0,1463.1337,1340.2688,5187.4742,5310.3391,PENDING_AG03,FALSE,NOT_FOR_ENFORCEMENT,6384.5836,256811.4724,6650.6079,6384.5836,266.0243,0.02244119,0.02154355,266.0243,6384.5836,0.02154355,266.0243,266.0243,266.0243,332.5304,332.5304,6384.5836,0.02154355,1463.1337,1340.2688,5187.4742,5310.3391,0.01750413,0.01791872,0.00089765,16.2655,14.6936,0.3653,59.3804,1.1678,2646.0457,162.5536,12.4780,16.8648,9.0895,16.5695,22.0926,29.825,33.4482,44.5976,11.8163,0.0,2.018664,2.691552,0.981654,30,240,141,4,0.10479828,0.02244119,0.04150452,0E-8,0.000000,0.902668,0.011910,-0.02129501,2026-03-22,2026-08-05,112,5695,2177,137,0.817518,0.739886,0.767145,0.349328,,,,,,,,GLOBAL_BASELINE_NO_ENTITY_RANKING,,,NOT_APPLICABLE_GLOBAL_BASELINE,HF9g-P5,,,,X 全窗基线 · 不参与实体赏罚,14194548,1420,A168_HF9F_20260827_0900,2026-08-27 09:00:00
2026-04-13,110249610,1383,0,82.3732587997,16.2190106119,16.2190106119,0.6000000,5,5,0.50665070000000000,0.506650700000,0.4175076967804994,0.4175076967804994,0.4175076967804994,0E-17,ELIGIBLE,R03b_20260811_FULL_v1,L1_ELIGIBILITY,v2026-08-11,2026-03-21..2026-08-06,baccarat_bet02_101_all_pairs_incl_sentinel,round_win = game_pnl > 0 (decisive only),COMPATIBILITY_ONLY_NOT_PRODUCTION,296357.1217,267511.9505,6650.6079,18220,18206,-0.02244119,-0.04150452,-0.02020951,-0.02244119,-6650.6079,296357.1217,OK,0.0000,266.0243,4.0000,96.0000,AG03-UNRESOLVED,ALL5_LEVELS_bet23_to_bet27,266.0243,266.0243,266.0243,332.5304,332.5304,4.000000,4.000000,4.000000,5.000000,5.000000,96.000000,96.000000,96.000000,95.000000,95.000000,5.0,1463.1337,1340.2688,5187.4742,5310.3391,PENDING_AG03,FALSE,NOT_FOR_ENFORCEMENT,6384.5836,256811.4724,6650.6079,6384.5836,266.0243,0.02244119,0.02154355,266.0243,6384.5836,0.02154355,266.0243,266.0243,266.0243,332.5304,332.5304,6384.5836,0.02154355,1463.1337,1340.2688,5187.4742,5310.3391,0.01750413,0.01791872,0.00089765,16.2655,14.6936,0.3653,59.3804,1.1678,2646.0457,162.5536,12.4780,16.8648,9.0895,16.5695,22.0926,29.825,33.4482,44.5976,11.8163,0.0,2.018664,2.691552,0.981654,30,240,141,4,0.10479828,0.02244119,0.04150452,0E-8,0.000000,0.902668,0.011910,-0.02129501,2026-03-22,2026-08-05,112,5695,2177,137,0.817518,0.739886,0.767145,0.349328,,,,,,,,GLOBAL_BASELINE_NO_ENTITY_RANKING,,,NOT_APPLICABLE_GLOBAL_BASELINE,HF9g-P5,,,,X 全窗基线 · 不参与实体赏罚,14194549,1420,A168_HF9F_20260827_0900,2026-08-27 09:00:00
2026-04-13,110249610,1399,0,62.4900583997,17.0427431999,17.0427431999,0.6666667,3,3,0.49324550000000000,0.493245500000,0.6008033672792107,0.6008033672792106,0.6008033672792107,0E-17,ELIGIBLE,R03b_20260811_FULL_v1,L1_ELIGIBILITY,v2026-08-11,2026-03-21..2026-08-06,baccarat_bet02_101_all_pairs_incl_sentinel,round_win = game_pnl > 0 (decisive only),COMPATIBILITY_ONLY_NOT_PRODUCTION,296357.1217,267511.9505,6650.6079,18220,18206,-0.02244119,-0.04150452,-0.02020951,-0.02244119,-6650.6079,296357.1217,OK,0.0000,266.0243,4.0000,96.0000,AG03-UNRESOLVED,ALL5_LEVELS_bet23_to_bet27,266.0243,266.0243,266.0243,332.5304,332.5304,4.000000,4.000000,4.000000,5.000000,5.000000,96.000000,96.000000,96.000000,95.000000,95.000000,5.0,1463.1337,1340.2688,5187.4742,5310.3391,PENDING_AG03,FALSE,NOT_FOR_ENFORCEMENT,6384.5836,256811.4724,6650.6079,6384.5836,266.0243,0.02244119,0.02154355,266.0243,6384.5836,0.02154355,266.0243,266.0243,266.0243,332.5304,332.5304,6384.5836,0.02154355,1463.1337,1340.2688,5187.4742,5310.3391,0.01750413,0.01791872,0.00089765,16.2655,14.6936,0.3653,59.3804,1.1678,2646.0457,162.5536,12.4780,16.8648,9.0895,16.5695,22.0926,29.825,33.4482,44.5976,11.8163,0.0,2.018664,2.691552,0.981654,30,240,141,4,0.10479828,0.02244119,0.04150452,0E-8,0.000000,0.902668,0.011910,-0.02129501,2026-03-22,2026-08-05,112,5695,2177,137,0.817518,0.739886,0.767145,0.349328,,,,,,,,GLOBAL_BASELINE_NO_ENTITY_RANKING,,,NOT_APPLICABLE_GLOBAL_BASELINE,HF9g-P5,,,,X 全窗基线 · 不参与实体赏罚,14194550,1420,A168_HF9F_20260827_0900,2026-08-27 09:00:00
2026-04-13,110249610,1401,0,13.8614311360,13.1683595792,13.1683595792,1.0000000,2,2,0.50665070000000000,0.506650700000,1.3955260008387969,1.3955260008387969,1.3955260008387969,0E-17,ELIGIBLE,R03b_20260811_FULL_v1,L1_ELIGIBILITY,v2026-08-11,2026-03-21..2026-08-06,baccarat_bet02_101_all_pairs_incl_sentinel,round_win = game_pnl > 0 (decisive only),COMPATIBILITY_ONLY_NOT_PRODUCTION,296357.1217,267511.9505,6650.6079,18220,18206,-0.02244119,-0.04150452,-0.02020951,-0.02244119,-6650.6079,296357.1217,OK,0.0000,266.0243,4.0000,96.0000,AG03-UNRESOLVED,ALL5_LEVELS_bet23_to_bet27,266.0243,266.0243,266.0243,332.5304,332.5304,4.000000,4.000000,4.000000,5.000000,5.000000,96.000000,96.000000,96.000000,95.000000,95.000000,5.0,1463.1337,1340.2688,5187.4742,5310.3391,PENDING_AG03,FALSE,NOT_FOR_ENFORCEMENT,6384.5836,256811.4724,6650.6079,6384.5836,266.0243,0.02244119,0.02154355,266.0243,6384.5836,0.02154355,266.0243,266.0243,266.0243,332.5304,332.5304,6384.5836,0.02154355,1463.1337,1340.2688,5187.4742,5310.3391,0.01750413,0.01791872,0.00089765,16.2655,14.6936,0.3653,59.3804,1.1678,2646.0457,162.5536,12.4780,16.8648,9.0895,16.5695,22.0926,29.825,33.4482,44.5976,11.8163,0.0,2.018664,2.691552,0.981654,30,240,141,4,0.10479828,0.02244119,0.04150452,0E-8,0.000000,0.902668,0.011910,-0.02129501,2026-03-22,2026-08-05,112,5695,2177,137,0.817518,0.739886,0.767145,0.349328,,,,,,,,GLOBAL_BASELINE_NO_ENTITY_RANKING,,,NOT_APPLICABLE_GLOBAL_BASELINE,HF9g-P5,,,,X 全窗基线 · 不参与实体赏罚,14194551,1420,A168_HF9F_20260827_0900,2026-08-27 09:00:00
2026-04-13,110249610,1490,0,60.2176926400,21.0193832800,21.0193832800,0.7500000,5,5,0.50396966000000000,0.503969660000,0.9841523774297893,0.9841523774297894,0.9841523774297893,0E-17,ELIGIBLE,R03b_20260811_FULL_v1,L1_ELIGIBILITY,v2026-08-11,2026-03-21..2026-08-06,baccarat_bet02_101_all_pairs_incl_sentinel,round_win = game_pnl > 0 (decisive only),COMPATIBILITY_ONLY_NOT_PRODUCTION,296357.1217,267511.9505,6650.6079,18220,18206,-0.02244119,-0.04150452,-0.02020951,-0.02244119,-6650.6079,296357.1217,OK,0.0000,266.0243,4.0000,96.0000,AG03-UNRESOLVED,ALL5_LEVELS_bet23_to_bet27,266.0243,266.0243,266.0243,332.5304,332.5304,4.000000,4.000000,4.000000,5.000000,5.000000,96.000000,96.000000,96.000000,95.000000,95.000000,5.0,1463.1337,1340.2688,5187.4742,5310.3391,PENDING_AG03,FALSE,NOT_FOR_ENFORCEMENT,6384.5836,256811.4724,6650.6079,6384.5836,266.0243,0.02244119,0.02154355,266.0243,6384.5836,0.02154355,266.0243,266.0243,266.0243,332.5304,332.5304,6384.5836,0.02154355,1463.1337,1340.2688,5187.4742,5310.3391,0.01750413,0.01791872,0.00089765,16.2655,14.6936,0.3653,59.3804,1.1678,2646.0457,162.5536,12.4780,16.8648,9.0895,16.5695,22.0926,29.825,33.4482,44.5976,11.8163,0.0,2.018664,2.691552,0.981654,30,240,141,4,0.10479828,0.02244119,0.04150452,0E-8,0.000000,0.902668,0.011910,-0.02129501,2026-03-22,2026-08-05,112,5695,2177,137,0.817518,0.739886,0.767145,0.349328,,,,,,,,GLOBAL_BASELINE_NO_ENTITY_RANKING,,,NOT_APPLICABLE_GLOBAL_BASELINE,HF9g-P5,,,,X 全窗基线 · 不参与实体赏罚,14194552,1420,A168_HF9F_20260827_0900,2026-08-27 09:00:00
2026-04-13,110249610,1507,0,27.7228622720,-14.0886677120,-14.0886677120,0E-7,2,2,0.49324550000000000,0.493245500000,-0.9865810262130424,-0.9865810262130424,-0.9865810262130424,0E-17,ELIGIBLE,R03b_20260811_FULL_v1,L1_ELIGIBILITY,v2026-08-11,2026-03-21..2026-08-06,baccarat_bet02_101_all_pairs_incl_sentinel,round_win = game_pnl > 0 (decisive only),COMPATIBILITY_ONLY_NOT_PRODUCTION,296357.1217,267511.9505,6650.6079,18220,18206,-0.02244119,-0.04150452,-0.02020951,-0.02244119,-6650.6079,296357.1217,OK,0.0000,266.0243,4.0000,96.0000,AG03-UNRESOLVED,ALL5_LEVELS_bet23_to_bet27,266.0243,266.0243,266.0243,332.5304,332.5304,4.000000,4.000000,4.000000,5.000000,5.000000,96.000000,96.000000,96.000000,95.000000,95.000000,5.0,1463.1337,1340.2688,5187.4742,5310.3391,PENDING_AG03,FALSE,NOT_FOR_ENFORCEMENT,6384.5836,256811.4724,6650.6079,6384.5836,266.0243,0.02244119,0.02154355,266.0243,6384.5836,0.02154355,266.0243,266.0243,266.0243,332.5304,332.5304,6384.5836,0.02154355,1463.1337,1340.2688,5187.4742,5310.3391,0.01750413,0.01791872,0.00089765,16.2655,14.6936,0.3653,59.3804,1.1678,2646.0457,162.5536,12.4780,16.8648,9.0895,16.5695,22.0926,29.825,33.4482,44.5976,11.8163,0.0,2.018664,2.691552,0.981654,30,240,141,4,0.10479828,0.02244119,0.04150452,0E-8,0.000000,0.902668,0.011910,-0.02129501,2026-03-22,2026-08-05,112,5695,2177,137,0.817518,0.739886,0.767145,0.349328,,,,,,,,GLOBAL_BASELINE_NO_ENTITY_RANKING,,,NOT_APPLICABLE_GLOBAL_BASELINE,HF9g-P5,,,,X 全窗基线 · 不参与实体赏罚,14194553,1420,A168_HF9F_20260827_0900,2026-08-27 09:00:00
2026-04-13,110249610,1645,0,74.5335969277,11.4981707456,11.4981707456,0.6666667,4,4,0.50665070000000000,0.506650700000,0.5543606114942035,0.5543606114942035,0.5543606114942035,0E-17,ELIGIBLE,R03b_20260811_FULL_v1,L1_ELIGIBILITY,v2026-08-11,2026-03-21..2026-08-06,baccarat_bet02_101_all_pairs_incl_sentinel,round_win = game_pnl > 0 (decisive only),COMPATIBILITY_ONLY_NOT_PRODUCTION,296357.1217,267511.9505,6650.6079,18220,18206,-0.02244119,-0.04150452,-0.02020951,-0.02244119,-6650.6079,296357.1217,OK,0.0000,266.0243,4.0000,96.0000,AG03-UNRESOLVED,ALL5_LEVELS_bet23_to_bet27,266.0243,266.0243,266.0243,332.5304,332.5304,4.000000,4.000000,4.000000,5.000000,5.000000,96.000000,96.000000,96.000000,95.000000,95.000000,5.0,1463.1337,1340.2688,5187.4742,5310.3391,PENDING_AG03,FALSE,NOT_FOR_ENFORCEMENT,6384.5836,256811.4724,6650.6079,6384.5836,266.0243,0.02244119,0.02154355,266.0243,6384.5836,0.02154355,266.0243,266.0243,266.0243,332.5304,332.5304,6384.5836,0.02154355,1463.1337,1340.2688,5187.4742,5310.3391,0.01750413,0.01791872,0.00089765,16.2655,14.6936,0.3653,59.3804,1.1678,2646.0457,162.5536,12.4780,16.8648,9.0895,16.5695,22.0926,29.825,33.4482,44.5976,11.8163,0.0,2.018664,2.691552,0.981654,30,240,141,4,0.10479828,0.02244119,0.04150452,0E-8,0.000000,0.902668,0.011910,-0.02129501,2026-03-22,2026-08-05,112,5695,2177,137,0.817518,0.739886,0.767145,0.349328,,,,,,,,GLOBAL_BASELINE_NO_ENTITY_RANKING,,,NOT_APPLICABLE_GLOBAL_BASELINE,HF9g-P5,,,,X 全窗基线 · 不参与实体赏罚,14194554,1420,A168_HF9F_20260827_0900,2026-08-27 09:00:00
2026-04-13,110249610,1941,0,17.0427431999,-17.0427431999,-17.0427431999,0E-7,1,1,0.49324550000000000,0.493245500000,-0.9865810262130424,-0.9865810262130424,-0.9865810262130424,0E-17,ELIGIBLE,R03b_20260811_FULL_v1,L1_ELIGIBILITY,v2026-08-11,2026-03-21..2026-08-06,baccarat_bet02_101_all_pairs_incl_sentinel,round_win = game_pnl > 0 (decisive only),COMPATIBILITY_ONLY_NOT_PRODUCTION,296357.1217,267511.9505,6650.6079,18220,18206,-0.02244119,-0.04150452,-0.02020951,-0.02244119,-6650.6079,296357.1217,OK,0.0000,266.0243,4.0000,96.0000,AG03-UNRESOLVED,ALL5_LEVELS_bet23_to_bet27,266.0243,266.0243,266.0243,332.5304,332.5304,4.000000,4.000000,4.000000,5.000000,5.000000,96.000000,96.000000,96.000000,95.000000,95.000000,5.0,1463.1337,1340.2688,5187.4742,5310.3391,PENDING_AG03,FALSE,NOT_FOR_ENFORCEMENT,6384.5836,256811.4724,6650.6079,6384.5836,266.0243,0.02244119,0.02154355,266.0243,6384.5836,0.02154355,266.0243,266.0243,266.0243,332.5304,332.5304,6384.5836,0.02154355,1463.1337,1340.2688,5187.4742,5310.3391,0.01750413,0.01791872,0.00089765,16.2655,14.6936,0.3653,59.3804,1.1678,2646.0457,162.5536,12.4780,16.8648,9.0895,16.5695,22.0926,29.825,33.4482,44.5976,11.8163,0.0,2.018664,2.691552,0.981654,30,240,141,4,0.10479828,0.02244119,0.04150452,0E-8,0.000000,0.902668,0.011910,-0.02129501,2026-03-22,2026-08-05,112,5695,2177,137,0.817518,0.739886,0.767145,0.349328,,,,,,,,GLOBAL_BASELINE_NO_ENTITY_RANKING,,,NOT_APPLICABLE_GLOBAL_BASELINE,HF9g-P5,,,,X 全窗基线 · 不参与实体赏罚,14194555,1420,A168_HF9F_20260827_0900,2026-08-27 09:00:00
2026-04-13,110249610,1957,0,31.5858840640,20.2240552640,20.2240552640,1.0000000,4,4,0.49324550000000000,0.493245500000,1.755609282511032,1.7556092825110319,1.755609282511032,0E-17,ELIGIBLE,R03b_20260811_FULL_v1,L1_ELIGIBILITY,v2026-08-11,2026-03-21..2026-08-06,baccarat_bet02_101_all_pairs_incl_sentinel,round_win = game_pnl > 0 (decisive only),COMPATIBILITY_ONLY_NOT_PRODUCTION,296357.1217,267511.9505,6650.6079,18220,18206,-0.02244119,-0.04150452,-0.02020951,-0.02244119,-6650.6079,296357.1217,OK,0.0000,266.0243,4.0000,96.0000,AG03-UNRESOLVED,ALL5_LEVELS_bet23_to_bet27,266.0243,266.0243,266.0243,332.5304,332.5304,4.000000,4.000000,4.000000,5.000000,5.000000,96.000000,96.000000,96.000000,95.000000,95.000000,5.0,1463.1337,1340.2688,5187.4742,5310.3391,PENDING_AG03,FALSE,NOT_FOR_ENFORCEMENT,6384.5836,256811.4724,6650.6079,6384.5836,266.0243,0.02244119,0.02154355,266.0243,6384.5836,0.02154355,266.0243,266.0243,266.0243,332.5304,332.5304,6384.5836,0.02154355,1463.1337,1340.2688,5187.4742,5310.3391,0.01750413,0.01791872,0.00089765,16.2655,14.6936,0.3653,59.3804,1.1678,2646.0457,162.5536,12.4780,16.8648,9.0895,16.5695,22.0926,29.825,33.4482,44.5976,11.8163,0.0,2.018664,2.691552,0.981654,30,240,141,4,0.10479828,0.02244119,0.04150452,0E-8,0.000000,0.902668,0.011910,-0.02129501,2026-03-22,2026-08-05,112,5695,2177,137,0.817518,0.739886,0.767145,0.349328,,,,,,,,GLOBAL_BASELINE_NO_ENTITY_RANKING,,,NOT_APPLICABLE_GLOBAL_BASELINE,HF9g-P5,,,,X 全窗基线 · 不参与实体赏罚,14194556,1420,A168_HF9F_20260827_0900,2026-08-27 09:00:00
2026-04-13,110249610,1985,0,59.7632194879,-32.2675937919,-32.2675937919,0.3333333,6,6,0.49547970000000000,0.495479700000,-0.7943841881047936,-0.7943841881047936,-0.7943841881047936,0E-17,ELIGIBLE,R03b_20260811_FULL_v1,L1_ELIGIBILITY,v2026-08-11,2026-03-21..2026-08-06,baccarat_bet02_101_all_pairs_incl_sentinel,round_win = game_pnl > 0 (decisive only),COMPATIBILITY_ONLY_NOT_PRODUCTION,296357.1217,267511.9505,6650.6079,18220,18206,-0.02244119,-0.04150452,-0.02020951,-0.02244119,-6650.6079,296357.1217,OK,0.0000,266.0243,4.0000,96.0000,AG03-UNRESOLVED,ALL5_LEVELS_bet23_to_bet27,266.0243,266.0243,266.0243,332.5304,332.5304,4.000000,4.000000,4.000000,5.000000,5.000000,96.000000,96.000000,96.000000,95.000000,95.000000,5.0,1463.1337,1340.2688,5187.4742,5310.3391,PENDING_AG03,FALSE,NOT_FOR_ENFORCEMENT,6384.5836,256811.4724,6650.6079,6384.5836,266.0243,0.02244119,0.02154355,266.0243,6384.5836,0.02154355,266.0243,266.0243,266.0243,332.5304,332.5304,6384.5836,0.02154355,1463.1337,1340.2688,5187.4742,5310.3391,0.01750413,0.01791872,0.00089765,16.2655,14.6936,0.3653,59.3804,1.1678,2646.0457,162.5536,12.4780,16.8648,9.0895,16.5695,22.0926,29.825,33.4482,44.5976,11.8163,0.0,2.018664,2.691552,0.981654,30,240,141,4,0.10479828,0.02244119,0.04150452,0E-8,0.000000,0.902668,0.011910,-0.02129501,2026-03-22,2026-08-05,112,5695,2177,137,0.817518,0.739886,0.767145,0.349328,,,,,,,,GLOBAL_BASELINE_NO_ENTITY_RANKING,,,NOT_APPLICABLE_GLOBAL_BASELINE,HF9g-P5,,,,X 全窗基线 · 不参与实体赏罚,14194557,1420,A168_HF9F_20260827_0900,2026-08-27 09:00:00
2026-04-13,110249610,2088,0,80.7826027679,-20.3944826959,-20.3944826959,0.4285714,7,7,0.49899058571428571,0.498990585714,-0.3726239140161595,-0.3726239140146481,-0.3726239140161595,2.8571E-13,ELIGIBLE,R03b_20260811_FULL_v1,L1_ELIGIBILITY,v2026-08-11,2026-03-21..2026-08-06,baccarat_bet02_101_all_pairs_incl_sentinel,round_win = game_pnl > 0 (decisive only),COMPATIBILITY_ONLY_NOT_PRODUCTION,296357.1217,267511.9505,6650.6079,18220,18206,-0.02244119,-0.04150452,-0.02020951,-0.02244119,-6650.6079,296357.1217,OK,0.0000,266.0243,4.0000,96.0000,AG03-UNRESOLVED,ALL5_LEVELS_bet23_to_bet27,266.0243,266.0243,266.0243,332.5304,332.5304,4.000000,4.000000,4.000000,5.000000,5.000000,96.000000,96.000000,96.000000,95.000000,95.000000,5.0,1463.1337,1340.2688,5187.4742,5310.3391,PENDING_AG03,FALSE,NOT_FOR_ENFORCEMENT,6384.5836,256811.4724,6650.6079,6384.5836,266.0243,0.02244119,0.02154355,266.0243,6384.5836,0.02154355,266.0243,266.0243,266.0243,332.5304,332.5304,6384.5836,0.02154355,1463.1337,1340.2688,5187.4742,5310.3391,0.01750413,0.01791872,0.00089765,16.2655,14.6936,0.3653,59.3804,1.1678,2646.0457,162.5536,12.4780,16.8648,9.0895,16.5695,22.0926,29.825,33.4482,44.5976,11.8163,0.0,2.018664,2.691552,0.981654,30,240,141,4,0.10479828,0.02244119,0.04150452,0E-8,0.000000,0.902668,0.011910,-0.02129501,2026-03-22,2026-08-05,112,5695,2177,137,0.817518,0.739886,0.767145,0.349328,,,,,,,,GLOBAL_BASELINE_NO_ENTITY_RANKING,,,NOT_APPLICABLE_GLOBAL_BASELINE,HF9g-P5,,,,X 全窗基线 · 不参与实体赏罚,14194558,1420,A168_HF9F_20260827_0900,2026-08-27 09:00:00
2026-04-13,110249610,2101,0,17.2699797760,-5.4536778240,-5.4536778240,0.5000000,2,2,0.49994810000000000,0.499948100000,0.00014679536856514622,0.00014679536856514622,0.00014679536856514622,0E-17,ELIGIBLE,R03b_20260811_FULL_v1,L1_ELIGIBILITY,v2026-08-11,2026-03-21..2026-08-06,baccarat_bet02_101_all_pairs_incl_sentinel,round_win = game_pnl > 0 (decisive only),COMPATIBILITY_ONLY_NOT_PRODUCTION,296357.1217,267511.9505,6650.6079,18220,18206,-0.02244119,-0.04150452,-0.02020951,-0.02244119,-6650.6079,296357.1217,OK,0.0000,266.0243,4.0000,96.0000,AG03-UNRESOLVED,ALL5_LEVELS_bet23_to_bet27,266.0243,266.0243,266.0243,332.5304,332.5304,4.000000,4.000000,4.000000,5.000000,5.000000,96.000000,96.000000,96.000000,95.000000,95.000000,5.0,1463.1337,1340.2688,5187.4742,5310.3391,PENDING_AG03,FALSE,NOT_FOR_ENFORCEMENT,6384.5836,256811.4724,6650.6079,6384.5836,266.0243,0.02244119,0.02154355,266.0243,6384.5836,0.02154355,266.0243,266.0243,266.0243,332.5304,332.5304,6384.5836,0.02154355,1463.1337,1340.2688,5187.4742,5310.3391,0.01750413,0.01791872,0.00089765,16.2655,14.6936,0.3653,59.3804,1.1678,2646.0457,162.5536,12.4780,16.8648,9.0895,16.5695,22.0926,29.825,33.4482,44.5976,11.8163,0.0,2.018664,2.691552,0.981654,30,240,141,4,0.10479828,0.02244119,0.04150452,0E-8,0.000000,0.902668,0.011910,-0.02129501,2026-03-22,2026-08-05,112,5695,2177,137,0.817518,0.739886,0.767145,0.349328,,,,,,,,GLOBAL_BASELINE_NO_ENTITY_RANKING,,,NOT_APPLICABLE_GLOBAL_BASELINE,HF9g-P5,,,,X 全窗基线 · 不参与实体赏罚,14194559,1420,A168_HF9F_20260827_0900,2026-08-27 09:00:00
2026-04-13,110249610,2106,0,32.0403572160,-6.8852682528,-6.8852682528,0.5000000,5,5,0.49592654000000000,0.495926540000,0.016294380756781617,0.016294380756781617,0.016294380756781617,0E-17,ELIGIBLE,R03b_20260811_FULL_v1,L1_ELIGIBILITY,v2026-08-11,2026-03-21..2026-08-06,baccarat_bet02_101_all_pairs_incl_sentinel,round_win = game_pnl > 0 (decisive only),COMPATIBILITY_ONLY_NOT_PRODUCTION,296357.1217,267511.9505,6650.6079,18220,18206,-0.02244119,-0.04150452,-0.02020951,-0.02244119,-6650.6079,296357.1217,OK,0.0000,266.0243,4.0000,96.0000,AG03-UNRESOLVED,ALL5_LEVELS_bet23_to_bet27,266.0243,266.0243,266.0243,332.5304,332.5304,4.000000,4.000000,4.000000,5.000000,5.000000,96.000000,96.000000,96.000000,95.000000,95.000000,5.0,1463.1337,1340.2688,5187.4742,5310.3391,PENDING_AG03,FALSE,NOT_FOR_ENFORCEMENT,6384.5836,256811.4724,6650.6079,6384.5836,266.0243,0.02244119,0.02154355,266.0243,6384.5836,0.02154355,266.0243,266.0243,266.0243,332.5304,332.5304,6384.5836,0.02154355,1463.1337,1340.2688,5187.4742,5310.3391,0.01750413,0.01791872,0.00089765,16.2655,14.6936,0.3653,59.3804,1.1678,2646.0457,162.5536,12.4780,16.8648,9.0895,16.5695,22.0926,29.825,33.4482,44.5976,11.8163,0.0,2.018664,2.691552,0.981654,30,240,141,4,0.10479828,0.02244119,0.04150452,0E-8,0.000000,0.902668,0.011910,-0.02129501,2026-03-22,2026-08-05,112,5695,2177,137,0.817518,0.739886,0.767145,0.349328,,,,,,,,GLOBAL_BASELINE_NO_ENTITY_RANKING,,,NOT_APPLICABLE_GLOBAL_BASELINE,HF9g-P5,,,,X 全窗基线 · 不参与实体赏罚,14194560,1420,A168_HF9F_20260827_0900,2026-08-27 09:00:00
2026-04-13,110249610,2129,0,11.3618288000,-11.3618288000,-11.3618288000,0E-7,1,1,0.49324550000000000,0.493245500000,-0.9865810262130424,-0.9865810262130424,-0.9865810262130424,0E-17,ELIGIBLE,R03b_20260811_FULL_v1,L1_ELIGIBILITY,v2026-08-11,2026-03-21..2026-08-06,baccarat_bet02_101_all_pairs_incl_sentinel,round_win = game_pnl > 0 (decisive only),COMPATIBILITY_ONLY_NOT_PRODUCTION,296357.1217,267511.9505,6650.6079,18220,18206,-0.02244119,-0.04150452,-0.02020951,-0.02244119,-6650.6079,296357.1217,OK,0.0000,266.0243,4.0000,96.0000,AG03-UNRESOLVED,ALL5_LEVELS_bet23_to_bet27,266.0243,266.0243,266.0243,332.5304,332.5304,4.000000,4.000000,4.000000,5.000000,5.000000,96.000000,96.000000,96.000000,95.000000,95.000000,5.0,1463.1337,1340.2688,5187.4742,5310.3391,PENDING_AG03,FALSE,NOT_FOR_ENFORCEMENT,6384.5836,256811.4724,6650.6079,6384.5836,266.0243,0.02244119,0.02154355,266.0243,6384.5836,0.02154355,266.0243,266.0243,266.0243,332.5304,332.5304,6384.5836,0.02154355,1463.1337,1340.2688,5187.4742,5310.3391,0.01750413,0.01791872,0.00089765,16.2655,14.6936,0.3653,59.3804,1.1678,2646.0457,162.5536,12.4780,16.8648,9.0895,16.5695,22.0926,29.825,33.4482,44.5976,11.8163,0.0,2.018664,2.691552,0.981654,30,240,141,4,0.10479828,0.02244119,0.04150452,0E-8,0.000000,0.902668,0.011910,-0.02129501,2026-03-22,2026-08-05,112,5695,2177,137,0.817518,0.739886,0.767145,0.349328,,,,,,,,GLOBAL_BASELINE_NO_ENTITY_RANKING,,,NOT_APPLICABLE_GLOBAL_BASELINE,HF9g-P5,,,,X 全窗基线 · 不参与实体赏罚,14194561,1420,A168_HF9F_20260827_0900,2026-08-27 09:00:00
2026-04-13,110249610,2130,0,62.4900583997,28.4045719999,28.4045719999,0.7500000,4,4,0.49324550000000000,0.493245500000,1.0271117246678039,1.0271117246678039,1.0271117246678039,0E-17,ELIGIBLE,R03b_20260811_FULL_v1,L1_ELIGIBILITY,v2026-08-11,2026-03-21..2026-08-06,baccarat_bet02_101_all_pairs_incl_sentinel,round_win = game_pnl > 0 (decisive only),COMPATIBILITY_ONLY_NOT_PRODUCTION,296357.1217,267511.9505,6650.6079,18220,18206,-0.02244119,-0.04150452,-0.02020951,-0.02244119,-6650.6079,296357.1217,OK,0.0000,266.0243,4.0000,96.0000,AG03-UNRESOLVED,ALL5_LEVELS_bet23_to_bet27,266.0243,266.0243,266.0243,332.5304,332.5304,4.000000,4.000000,4.000000,5.000000,5.000000,96.000000,96.000000,96.000000,95.000000,95.000000,5.0,1463.1337,1340.2688,5187.4742,5310.3391,PENDING_AG03,FALSE,NOT_FOR_ENFORCEMENT,6384.5836,256811.4724,6650.6079,6384.5836,266.0243,0.02244119,0.02154355,266.0243,6384.5836,0.02154355,266.0243,266.0243,266.0243,332.5304,332.5304,6384.5836,0.02154355,1463.1337,1340.2688,5187.4742,5310.3391,0.01750413,0.01791872,0.00089765,16.2655,14.6936,0.3653,59.3804,1.1678,2646.0457,162.5536,12.4780,16.8648,9.0895,16.5695,22.0926,29.825,33.4482,44.5976,11.8163,0.0,2.018664,2.691552,0.981654,30,240,141,4,0.10479828,0.02244119,0.04150452,0E-8,0.000000,0.902668,0.011910,-0.02129501,2026-03-22,2026-08-05,112,5695,2177,137,0.817518,0.739886,0.767145,0.349328,,,,,,,,GLOBAL_BASELINE_NO_ENTITY_RANKING,,,NOT_APPLICABLE_GLOBAL_BASELINE,HF9g-P5,,,,X 全窗基线 · 不参与实体赏罚,14194562,1420,A168_HF9F_20260827_0900,2026-08-27 09:00:00
2026-04-13,110249610,2134,0,84.6456245597,6.2490058399,6.2490058399,0.6000000,6,6,0.49324550000000000,0.493245500000,0.47746420675292983,0.47746420675292983,0.47746420675292983,0E-17,ELIGIBLE,R03b_20260811_FULL_v1,L1_ELIGIBILITY,v2026-08-11,2026-03-21..2026-08-06,baccarat_bet02_101_all_pairs_incl_sentinel,round_win = game_pnl > 0 (decisive only),COMPATIBILITY_ONLY_NOT_PRODUCTION,296357.1217,267511.9505,6650.6079,18220,18206,-0.02244119,-0.04150452,-0.02020951,-0.02244119,-6650.6079,296357.1217,OK,0.0000,266.0243,4.0000,96.0000,AG03-UNRESOLVED,ALL5_LEVELS_bet23_to_bet27,266.0243,266.0243,266.0243,332.5304,332.5304,4.000000,4.000000,4.000000,5.000000,5.000000,96.000000,96.000000,96.000000,95.000000,95.000000,5.0,1463.1337,1340.2688,5187.4742,5310.3391,PENDING_AG03,FALSE,NOT_FOR_ENFORCEMENT,6384.5836,256811.4724,6650.6079,6384.5836,266.0243,0.02244119,0.02154355,266.0243,6384.5836,0.02154355,266.0243,266.0243,266.0243,332.5304,332.5304,6384.5836,0.02154355,1463.1337,1340.2688,5187.4742,5310.3391,0.01750413,0.01791872,0.00089765,16.2655,14.6936,0.3653,59.3804,1.1678,2646.0457,162.5536,12.4780,16.8648,9.0895,16.5695,22.0926,29.825,33.4482,44.5976,11.8163,0.0,2.018664,2.691552,0.981654,30,240,141,4,0.10479828,0.02244119,0.04150452,0E-8,0.000000,0.902668,0.011910,-0.02129501,2026-03-22,2026-08-05,112,5695,2177,137,0.817518,0.739886,0.767145,0.349328,,,,,,,,GLOBAL_BASELINE_NO_ENTITY_RANKING,,,NOT_APPLICABLE_GLOBAL_BASELINE,HF9g-P5,,,,X 全窗基线 · 不参与实体赏罚,14194563,1420,A168_HF9F_20260827_0900,2026-08-27 09:00:00
2026-04-13,110249610,2147,0,49.9920467198,-16.7586974800,-16.7586974800,0.3333333,3,3,0.50665070000000000,0.506650700000,-0.6004420894325239,-0.6004420894325239,-0.6004420894325239,0E-17,ELIGIBLE,R03b_20260811_FULL_v1,L1_ELIGIBILITY,v2026-08-11,2026-03-21..2026-08-06,baccarat_bet02_101_all_pairs_incl_sentinel,round_win = game_pnl > 0 (decisive only),COMPATIBILITY_ONLY_NOT_PRODUCTION,296357.1217,267511.9505,6650.6079,18220,18206,-0.02244119,-0.04150452,-0.02020951,-0.02244119,-6650.6079,296357.1217,OK,0.0000,266.0243,4.0000,96.0000,AG03-UNRESOLVED,ALL5_LEVELS_bet23_to_bet27,266.0243,266.0243,266.0243,332.5304,332.5304,4.000000,4.000000,4.000000,5.000000,5.000000,96.000000,96.000000,96.000000,95.000000,95.000000,5.0,1463.1337,1340.2688,5187.4742,5310.3391,PENDING_AG03,FALSE,NOT_FOR_ENFORCEMENT,6384.5836,256811.4724,6650.6079,6384.5836,266.0243,0.02244119,0.02154355,266.0243,6384.5836,0.02154355,266.0243,266.0243,266.0243,332.5304,332.5304,6384.5836,0.02154355,1463.1337,1340.2688,5187.4742,5310.3391,0.01750413,0.01791872,0.00089765,16.2655,14.6936,0.3653,59.3804,1.1678,2646.0457,162.5536,12.4780,16.8648,9.0895,16.5695,22.0926,29.825,33.4482,44.5976,11.8163,0.0,2.018664,2.691552,0.981654,30,240,141,4,0.10479828,0.02244119,0.04150452,0E-8,0.000000,0.902668,0.011910,-0.02129501,2026-03-22,2026-08-05,112,5695,2177,137,0.817518,0.739886,0.767145,0.349328,,,,,,,,GLOBAL_BASELINE_NO_ENTITY_RANKING,,,NOT_APPLICABLE_GLOBAL_BASELINE,HF9g-P5,,,,X 全窗基线 · 不参与实体赏罚,14194564,1420,A168_HF9F_20260827_0900,2026-08-27 09:00:00
2026-04-13,110249610,2152,0,117.0268366395,14.3159042880,14.3159042880,0.6666667,7,7,0.49516052857142857,0.495160528571,0.8402444109601804,0.840244410962287,0.8402444109601804,4.2857E-13,ELIGIBLE,R03b_20260811_FULL_v1,L1_ELIGIBILITY,v2026-08-11,2026-03-21..2026-08-06,baccarat_bet02_101_all_pairs_incl_sentinel,round_win = game_pnl > 0 (decisive only),COMPATIBILITY_ONLY_NOT_PRODUCTION,296357.1217,267511.9505,6650.6079,18220,18206,-0.02244119,-0.04150452,-0.02020951,-0.02244119,-6650.6079,296357.1217,OK,0.0000,266.0243,4.0000,96.0000,AG03-UNRESOLVED,ALL5_LEVELS_bet23_to_bet27,266.0243,266.0243,266.0243,332.5304,332.5304,4.000000,4.000000,4.000000,5.000000,5.000000,96.000000,96.000000,96.000000,95.000000,95.000000,5.0,1463.1337,1340.2688,5187.4742,5310.3391,PENDING_AG03,FALSE,NOT_FOR_ENFORCEMENT,6384.5836,256811.4724,6650.6079,6384.5836,266.0243,0.02244119,0.02154355,266.0243,6384.5836,0.02154355,266.0243,266.0243,266.0243,332.5304,332.5304,6384.5836,0.02154355,1463.1337,1340.2688,5187.4742,5310.3391,0.01750413,0.01791872,0.00089765,16.2655,14.6936,0.3653,59.3804,1.1678,2646.0457,162.5536,12.4780,16.8648,9.0895,16.5695,22.0926,29.825,33.4482,44.5976,11.8163,0.0,2.018664,2.691552,0.981654,30,240,141,4,0.10479828,0.02244119,0.04150452,0E-8,0.000000,0.902668,0.011910,-0.02129501,2026-03-22,2026-08-05,112,5695,2177,137,0.817518,0.739886,0.767145,0.349328,,,,,,,,GLOBAL_BASELINE_NO_ENTITY_RANKING,,,NOT_APPLICABLE_GLOBAL_BASELINE,HF9g-P5,,,,X 全窗基线 · 不参与实体赏罚,14194565,1420,A168_HF9F_20260827_0900,2026-08-27 09:00:00
2026-04-13,110249610,2156,0,49.9920467198,-15.9065603200,-15.9065603200,0.3333333,3,3,0.49324550000000000,0.493245500000,-0.5540025479526107,-0.5540025479526106,-0.5540025479526107,0E-17,ELIGIBLE,R03b_20260811_FULL_v1,L1_ELIGIBILITY,v2026-08-11,2026-03-21..2026-08-06,baccarat_bet02_101_all_pairs_incl_sentinel,round_win = game_pnl > 0 (decisive only),COMPATIBILITY_ONLY_NOT_PRODUCTION,296357.1217,267511.9505,6650.6079,18220,18206,-0.02244119,-0.04150452,-0.02020951,-0.02244119,-6650.6079,296357.1217,OK,0.0000,266.0243,4.0000,96.0000,AG03-UNRESOLVED,ALL5_LEVELS_bet23_to_bet27,266.0243,266.0243,266.0243,332.5304,332.5304,4.000000,4.000000,4.000000,5.000000,5.000000,96.000000,96.000000,96.000000,95.000000,95.000000,5.0,1463.1337,1340.2688,5187.4742,5310.3391,PENDING_AG03,FALSE,NOT_FOR_ENFORCEMENT,6384.5836,256811.4724,6650.6079,6384.5836,266.0243,0.02244119,0.02154355,266.0243,6384.5836,0.02154355,266.0243,266.0243,266.0243,332.5304,332.5304,6384.5836,0.02154355,1463.1337,1340.2688,5187.4742,5310.3391,0.01750413,0.01791872,0.00089765,16.2655,14.6936,0.3653,59.3804,1.1678,2646.0457,162.5536,12.4780,16.8648,9.0895,16.5695,22.0926,29.825,33.4482,44.5976,11.8163,0.0,2.018664,2.691552,0.981654,30,240,141,4,0.10479828,0.02244119,0.04150452,0E-8,0.000000,0.902668,0.011910,-0.02129501,2026-03-22,2026-08-05,112,5695,2177,137,0.817518,0.739886,0.767145,0.349328,,,,,,,,GLOBAL_BASELINE_NO_ENTITY_RANKING,,,NOT_APPLICABLE_GLOBAL_BASELINE,HF9g-P5,,,,X 全窗基线 · 不参与实体赏罚,14194566,1420,A168_HF9F_20260827_0900,2026-08-27 09:00:00
2026-04-13,110249610,2160,0,11.3618288000,-11.3618288000,-11.3618288000,0E-7,1,1,0.49324550000000000,0.493245500000,-0.9865810262130424,-0.9865810262130424,-0.9865810262130424,0E-17,ELIGIBLE,R03b_20260811_FULL_v1,L1_ELIGIBILITY,v2026-08-11,2026-03-21..2026-08-06,baccarat_bet02_101_all_pairs_incl_sentinel,round_win = game_pnl > 0 (decisive only),COMPATIBILITY_ONLY_NOT_PRODUCTION,296357.1217,267511.9505,6650.6079,18220,18206,-0.02244119,-0.04150452,-0.02020951,-0.02244119,-6650.6079,296357.1217,OK,0.0000,266.0243,4.0000,96.0000,AG03-UNRESOLVED,ALL5_LEVELS_bet23_to_bet27,266.0243,266.0243,266.0243,332.5304,332.5304,4.000000,4.000000,4.000000,5.000000,5.000000,96.000000,96.000000,96.000000,95.000000,95.000000,5.0,1463.1337,1340.2688,5187.4742,5310.3391,PENDING_AG03,FALSE,NOT_FOR_ENFORCEMENT,6384.5836,256811.4724,6650.6079,6384.5836,266.0243,0.02244119,0.02154355,266.0243,6384.5836,0.02154355,266.0243,266.0243,266.0243,332.5304,332.5304,6384.5836,0.02154355,1463.1337,1340.2688,5187.4742,5310.3391,0.01750413,0.01791872,0.00089765,16.2655,14.6936,0.3653,59.3804,1.1678,2646.0457,162.5536,12.4780,16.8648,9.0895,16.5695,22.0926,29.825,33.4482,44.5976,11.8163,0.0,2.018664,2.691552,0.981654,30,240,141,4,0.10479828,0.02244119,0.04150452,0E-8,0.000000,0.902668,0.011910,-0.02129501,2026-03-22,2026-08-05,112,5695,2177,137,0.817518,0.739886,0.767145,0.349328,,,,,,,,GLOBAL_BASELINE_NO_ENTITY_RANKING,,,NOT_APPLICABLE_GLOBAL_BASELINE,HF9g-P5,,,,X 全窗基线 · 不参与实体赏罚,14194567,1420,A168_HF9F_20260827_0900,2026-08-27 09:00:00
2026-04-13,110249610,2167,0,29.3135183039,-29.3135183039,-29.3135183039,0E-7,2,2,0.49324550000000000,0.493245500000,-1.3952362676504506,-1.3952362676504506,-1.3952362676504506,0E-17,ELIGIBLE,R03b_20260811_FULL_v1,L1_ELIGIBILITY,v2026-08-11,2026-03-21..2026-08-06,baccarat_bet02_101_all_pairs_incl_sentinel,round_win = game_pnl > 0 (decisive only),COMPATIBILITY_ONLY_NOT_PRODUCTION,296357.1217,267511.9505,6650.6079,18220,18206,-0.02244119,-0.04150452,-0.02020951,-0.02244119,-6650.6079,296357.1217,OK,0.0000,266.0243,4.0000,96.0000,AG03-UNRESOLVED,ALL5_LEVELS_bet23_to_bet27,266.0243,266.0243,266.0243,332.5304,332.5304,4.000000,4.000000,4.000000,5.000000,5.000000,96.000000,96.000000,96.000000,95.000000,95.000000,5.0,1463.1337,1340.2688,5187.4742,5310.3391,PENDING_AG03,FALSE,NOT_FOR_ENFORCEMENT,6384.5836,256811.4724,6650.6079,6384.5836,266.0243,0.02244119,0.02154355,266.0243,6384.5836,0.02154355,266.0243,266.0243,266.0243,332.5304,332.5304,6384.5836,0.02154355,1463.1337,1340.2688,5187.4742,5310.3391,0.01750413,0.01791872,0.00089765,16.2655,14.6936,0.3653,59.3804,1.1678,2646.0457,162.5536,12.4780,16.8648,9.0895,16.5695,22.0926,29.825,33.4482,44.5976,11.8163,0.0,2.018664,2.691552,0.981654,30,240,141,4,0.10479828,0.02244119,0.04150452,0E-8,0.000000,0.902668,0.011910,-0.02129501,2026-03-22,2026-08-05,112,5695,2177,137,0.817518,0.739886,0.767145,0.349328,,,,,,,,GLOBAL_BASELINE_NO_ENTITY_RANKING,,,NOT_APPLICABLE_GLOBAL_BASELINE,HF9g-P5,,,,X 全窗基线 · 不参与实体赏罚,14194568,1420,A168_HF9F_20260827_0900,2026-08-27 09:00:00
2026-04-13,110249610,2169,0,119.2992023994,-34.3695321197,-34.3695321197,0.4000000,8,8,0.49659680000000000,0.496596800000,-0.43200402927662157,-0.43200402927662157,-0.43200402927662157,0E-17,ELIGIBLE,R03b_20260811_FULL_v1,L1_ELIGIBILITY,v2026-08-11,2026-03-21..2026-08-06,baccarat_bet02_101_all_pairs_incl_sentinel,round_win = game_pnl > 0 (decisive only),COMPATIBILITY_ONLY_NOT_PRODUCTION,296357.1217,267511.9505,6650.6079,18220,18206,-0.02244119,-0.04150452,-0.02020951,-0.02244119,-6650.6079,296357.1217,OK,0.0000,266.0243,4.0000,96.0000,AG03-UNRESOLVED,ALL5_LEVELS_bet23_to_bet27,266.0243,266.0243,266.0243,332.5304,332.5304,4.000000,4.000000,4.000000,5.000000,5.000000,96.000000,96.000000,96.000000,95.000000,95.000000,5.0,1463.1337,1340.2688,5187.4742,5310.3391,PENDING_AG03,FALSE,NOT_FOR_ENFORCEMENT,6384.5836,256811.4724,6650.6079,6384.5836,266.0243,0.02244119,0.02154355,266.0243,6384.5836,0.02154355,266.0243,266.0243,266.0243,332.5304,332.5304,6384.5836,0.02154355,1463.1337,1340.2688,5187.4742,5310.3391,0.01750413,0.01791872,0.00089765,16.2655,14.6936,0.3653,59.3804,1.1678,2646.0457,162.5536,12.4780,16.8648,9.0895,16.5695,22.0926,29.825,33.4482,44.5976,11.8163,0.0,2.018664,2.691552,0.981654,30,240,141,4,0.10479828,0.02244119,0.04150452,0E-8,0.000000,0.902668,0.011910,-0.02129501,2026-03-22,2026-08-05,112,5695,2177,137,0.817518,0.739886,0.767145,0.349328,,,,,,,,GLOBAL_BASELINE_NO_ENTITY_RANKING,,,NOT_APPLICABLE_GLOBAL_BASELINE,HF9g-P5,,,,X 全窗基线 · 不参与实体赏罚,14194569,1420,A168_HF9F_20260827_0900,2026-08-27 09:00:00
2026-04-13,110249610,2177,0,140.8866771198,-0.0568091439,-0.0568091439,0.6250000,12,12,0.50218230000000000,0.502182300000,0.6947684457661463,0.6947684457661463,0.6947684457661463,0E-17,ELIGIBLE,R03b_20260811_FULL_v1,L1_ELIGIBILITY,v2026-08-11,2026-03-21..2026-08-06,baccarat_bet02_101_all_pairs_incl_sentinel,round_win = game_pnl > 0 (decisive only),COMPATIBILITY_ONLY_NOT_PRODUCTION,296357.1217,267511.9505,6650.6079,18220,18206,-0.02244119,-0.04150452,-0.02020951,-0.02244119,-6650.6079,296357.1217,OK,0.0000,266.0243,4.0000,96.0000,AG03-UNRESOLVED,ALL5_LEVELS_bet23_to_bet27,266.0243,266.0243,266.0243,332.5304,332.5304,4.000000,4.000000,4.000000,5.000000,5.000000,96.000000,96.000000,96.000000,95.000000,95.000000,5.0,1463.1337,1340.2688,5187.4742,5310.3391,PENDING_AG03,FALSE,NOT_FOR_ENFORCEMENT,6384.5836,256811.4724,6650.6079,6384.5836,266.0243,0.02244119,0.02154355,266.0243,6384.5836,0.02154355,266.0243,266.0243,266.0243,332.5304,332.5304,6384.5836,0.02154355,1463.1337,1340.2688,5187.4742,5310.3391,0.01750413,0.01791872,0.00089765,16.2655,14.6936,0.3653,59.3804,1.1678,2646.0457,162.5536,12.4780,16.8648,9.0895,16.5695,22.0926,29.825,33.4482,44.5976,11.8163,0.0,2.018664,2.691552,0.981654,30,240,141,4,0.10479828,0.02244119,0.04150452,0E-8,0.000000,0.902668,0.011910,-0.02129501,2026-03-22,2026-08-05,112,5695,2177,137,0.817518,0.739886,0.767145,0.349328,,,,,,,,GLOBAL_BASELINE_NO_ENTITY_RANKING,,,NOT_APPLICABLE_GLOBAL_BASELINE,HF9g-P5,,,,X 全窗基线 · 不参与实体赏罚,14194570,1420,A168_HF9F_20260827_0900,2026-08-27 09:00:00
2026-04-13,110249610,2196,0,298.1343877111,69.4775831118,69.4775831118,0.7333333,20,20,0.49793732000000000,0.497937320000,1.8233851946004487,1.8233851946004487,1.8233851946004487,0E-17,ELIGIBLE,R03b_20260811_FULL_v1,L1_ELIGIBILITY,v2026-08-11,2026-03-21..2026-08-06,baccarat_bet02_101_all_pairs_incl_sentinel,round_win = game_pnl > 0 (decisive only),COMPATIBILITY_ONLY_NOT_PRODUCTION,296357.1217,267511.9505,6650.6079,18220,18206,-0.02244119,-0.04150452,-0.02020951,-0.02244119,-6650.6079,296357.1217,OK,0.0000,266.0243,4.0000,96.0000,AG03-UNRESOLVED,ALL5_LEVELS_bet23_to_bet27,266.0243,266.0243,266.0243,332.5304,332.5304,4.000000,4.000000,4.000000,5.000000,5.000000,96.000000,96.000000,96.000000,95.000000,95.000000,5.0,1463.1337,1340.2688,5187.4742,5310.3391,PENDING_AG03,FALSE,NOT_FOR_ENFORCEMENT,6384.5836,256811.4724,6650.6079,6384.5836,266.0243,0.02244119,0.02154355,266.0243,6384.5836,0.02154355,266.0243,266.0243,266.0243,332.5304,332.5304,6384.5836,0.02154355,1463.1337,1340.2688,5187.4742,5310.3391,0.01750413,0.01791872,0.00089765,16.2655,14.6936,0.3653,59.3804,1.1678,2646.0457,162.5536,12.4780,16.8648,9.0895,16.5695,22.0926,29.825,33.4482,44.5976,11.8163,0.0,2.018664,2.691552,0.981654,30,240,141,4,0.10479828,0.02244119,0.04150452,0E-8,0.000000,0.902668,0.011910,-0.02129501,2026-03-22,2026-08-05,112,5695,2177,137,0.817518,0.739886,0.767145,0.349328,,,,,,,,GLOBAL_BASELINE_NO_ENTITY_RANKING,,,NOT_APPLICABLE_GLOBAL_BASELINE,HF9g-P5,,,,X 全窗基线 · 不参与实体赏罚,14194571,1420,A168_HF9F_20260827_0900,2026-08-27 09:00:00
2026-04-13,110249610,2212,0,68.1709727997,22.7236575999,22.7236575999,0.6666667,3,3,0.49324550000000000,0.493245500000,0.6008033672792107,0.6008033672792106,0.6008033672792107,0E-17,ELIGIBLE,R03b_20260811_FULL_v1,L1_ELIGIBILITY,v2026-08-11,2026-03-21..2026-08-06,baccarat_bet02_101_all_pairs_incl_sentinel,round_win = game_pnl > 0 (decisive only),COMPATIBILITY_ONLY_NOT_PRODUCTION,296357.1217,267511.9505,6650.6079,18220,18206,-0.02244119,-0.04150452,-0.02020951,-0.02244119,-6650.6079,296357.1217,OK,0.0000,266.0243,4.0000,96.0000,AG03-UNRESOLVED,ALL5_LEVELS_bet23_to_bet27,266.0243,266.0243,266.0243,332.5304,332.5304,4.000000,4.000000,4.000000,5.000000,5.000000,96.000000,96.000000,96.000000,95.000000,95.000000,5.0,1463.1337,1340.2688,5187.4742,5310.3391,PENDING_AG03,FALSE,NOT_FOR_ENFORCEMENT,6384.5836,256811.4724,6650.6079,6384.5836,266.0243,0.02244119,0.02154355,266.0243,6384.5836,0.02154355,266.0243,266.0243,266.0243,332.5304,332.5304,6384.5836,0.02154355,1463.1337,1340.2688,5187.4742,5310.3391,0.01750413,0.01791872,0.00089765,16.2655,14.6936,0.3653,59.3804,1.1678,2646.0457,162.5536,12.4780,16.8648,9.0895,16.5695,22.0926,29.825,33.4482,44.5976,11.8163,0.0,2.018664,2.691552,0.981654,30,240,141,4,0.10479828,0.02244119,0.04150452,0E-8,0.000000,0.902668,0.011910,-0.02129501,2026-03-22,2026-08-05,112,5695,2177,137,0.817518,0.739886,0.767145,0.349328,,,,,,,,GLOBAL_BASELINE_NO_ENTITY_RANKING,,,NOT_APPLICABLE_GLOBAL_BASELINE,HF9g-P5,,,,X 全窗基线 · 不参与实体赏罚,14194572,1420,A168_HF9F_20260827_0900,2026-08-27 09:00:00
2026-04-13,110249610,2218,0,15.9065603200,-15.9065603200,-15.9065603200,0E-7,2,2,0.49994810000000000,0.499948100000,-1.4140667746232096,-1.4140667746232096,-1.4140667746232096,0E-17,ELIGIBLE,R03b_20260811_FULL_v1,L1_ELIGIBILITY,v2026-08-11,2026-03-21..2026-08-06,baccarat_bet02_101_all_pairs_incl_sentinel,round_win = game_pnl > 0 (decisive only),COMPATIBILITY_ONLY_NOT_PRODUCTION,296357.1217,267511.9505,6650.6079,18220,18206,-0.02244119,-0.04150452,-0.02020951,-0.02244119,-6650.6079,296357.1217,OK,0.0000,266.0243,4.0000,96.0000,AG03-UNRESOLVED,ALL5_LEVELS_bet23_to_bet27,266.0243,266.0243,266.0243,332.5304,332.5304,4.000000,4.000000,4.000000,5.000000,5.000000,96.000000,96.000000,96.000000,95.000000,95.000000,5.0,1463.1337,1340.2688,5187.4742,5310.3391,PENDING_AG03,FALSE,NOT_FOR_ENFORCEMENT,6384.5836,256811.4724,6650.6079,6384.5836,266.0243,0.02244119,0.02154355,266.0243,6384.5836,0.02154355,266.0243,266.0243,266.0243,332.5304,332.5304,6384.5836,0.02154355,1463.1337,1340.2688,5187.4742,5310.3391,0.01750413,0.01791872,0.00089765,16.2655,14.6936,0.3653,59.3804,1.1678,2646.0457,162.5536,12.4780,16.8648,9.0895,16.5695,22.0926,29.825,33.4482,44.5976,11.8163,0.0,2.018664,2.691552,0.981654,30,240,141,4,0.10479828,0.02244119,0.04150452,0E-8,0.000000,0.902668,0.011910,-0.02129501,2026-03-22,2026-08-05,112,5695,2177,137,0.817518,0.739886,0.767145,0.349328,,,,,,,,GLOBAL_BASELINE_NO_ENTITY_RANKING,,,NOT_APPLICABLE_GLOBAL_BASELINE,HF9g-P5,,,,X 全窗基线 · 不参与实体赏罚,14194573,1420,A168_HF9F_20260827_0900,2026-08-27 09:00:00
2026-04-13,110249610,2220,0,111.3459222396,-66.4666984796,-66.4666984796,0.1666667,7,6,0.50364608620689421,0.503299400000,-1.6508991578931553,-1.649192761518943,-1.6508991578931553,0.00034668620689421,ELIGIBLE,R03b_20260811_FULL_v1,L1_ELIGIBILITY,v2026-08-11,2026-03-21..2026-08-06,baccarat_bet02_101_all_pairs_incl_sentinel,round_win = game_pnl > 0 (decisive only),COMPATIBILITY_ONLY_NOT_PRODUCTION,296357.1217,267511.9505,6650.6079,18220,18206,-0.02244119,-0.04150452,-0.02020951,-0.02244119,-6650.6079,296357.1217,OK,0.0000,266.0243,4.0000,96.0000,AG03-UNRESOLVED,ALL5_LEVELS_bet23_to_bet27,266.0243,266.0243,266.0243,332.5304,332.5304,4.000000,4.000000,4.000000,5.000000,5.000000,96.000000,96.000000,96.000000,95.000000,95.000000,5.0,1463.1337,1340.2688,5187.4742,5310.3391,PENDING_AG03,FALSE,NOT_FOR_ENFORCEMENT,6384.5836,256811.4724,6650.6079,6384.5836,266.0243,0.02244119,0.02154355,266.0243,6384.5836,0.02154355,266.0243,266.0243,266.0243,332.5304,332.5304,6384.5836,0.02154355,1463.1337,1340.2688,5187.4742,5310.3391,0.01750413,0.01791872,0.00089765,16.2655,14.6936,0.3653,59.3804,1.1678,2646.0457,162.5536,12.4780,16.8648,9.0895,16.5695,22.0926,29.825,33.4482,44.5976,11.8163,0.0,2.018664,2.691552,0.981654,30,240,141,4,0.10479828,0.02244119,0.04150452,0E-8,0.000000,0.902668,0.011910,-0.02129501,2026-03-22,2026-08-05,112,5695,2177,137,0.817518,0.739886,0.767145,0.349328,,,,,,,,GLOBAL_BASELINE_NO_ENTITY_RANKING,,,NOT_APPLICABLE_GLOBAL_BASELINE,HF9g-P5,,,,X 全窗基线 · 不参与实体赏罚,14194574,1420,A168_HF9F_20260827_0900,2026-08-27 09:00:00
2026-04-13,110249610,2229,0,28.9726634399,-28.9726634399,-28.9726634399,0E-7,2,2,0.49994810000000000,0.499948100000,-1.4140667746232096,-1.4140667746232096,-1.4140667746232096,0E-17,ELIGIBLE,R03b_20260811_FULL_v1,L1_ELIGIBILITY,v2026-08-11,2026-03-21..2026-08-06,baccarat_bet02_101_all_pairs_incl_sentinel,round_win = game_pnl > 0 (decisive only),COMPATIBILITY_ONLY_NOT_PRODUCTION,296357.1217,267511.9505,6650.6079,18220,18206,-0.02244119,-0.04150452,-0.02020951,-0.02244119,-6650.6079,296357.1217,OK,0.0000,266.0243,4.0000,96.0000,AG03-UNRESOLVED,ALL5_LEVELS_bet23_to_bet27,266.0243,266.0243,266.0243,332.5304,332.5304,4.000000,4.000000,4.000000,5.000000,5.000000,96.000000,96.000000,96.000000,95.000000,95.000000,5.0,1463.1337,1340.2688,5187.4742,5310.3391,PENDING_AG03,FALSE,NOT_FOR_ENFORCEMENT,6384.5836,256811.4724,6650.6079,6384.5836,266.0243,0.02244119,0.02154355,266.0243,6384.5836,0.02154355,266.0243,266.0243,266.0243,332.5304,332.5304,6384.5836,0.02154355,1463.1337,1340.2688,5187.4742,5310.3391,0.01750413,0.01791872,0.00089765,16.2655,14.6936,0.3653,59.3804,1.1678,2646.0457,162.5536,12.4780,16.8648,9.0895,16.5695,22.0926,29.825,33.4482,44.5976,11.8163,0.0,2.018664,2.691552,0.981654,30,240,141,4,0.10479828,0.02244119,0.04150452,0E-8,0.000000,0.902668,0.011910,-0.02129501,2026-03-22,2026-08-05,112,5695,2177,137,0.817518,0.739886,0.767145,0.349328,,,,,,,,GLOBAL_BASELINE_NO_ENTITY_RANKING,,,NOT_APPLICABLE_GLOBAL_BASELINE,HF9g-P5,,,,X 全窗基线 · 不参与实体赏罚,14194575,1420,A168_HF9F_20260827_0900,2026-08-27 09:00:00
2026-04-13,110249610,2234,0,96.5755447996,51.1282295998,51.1282295998,0.8333333,6,6,0.49324550000000000,0.493245500000,1.666235363940442,1.6662353639404415,1.666235363940442,0E-17,ELIGIBLE,R03b_20260811_FULL_v1,L1_ELIGIBILITY,v2026-08-11,2026-03-21..2026-08-06,baccarat_bet02_101_all_pairs_incl_sentinel,round_win = game_pnl > 0 (decisive only),COMPATIBILITY_ONLY_NOT_PRODUCTION,296357.1217,267511.9505,6650.6079,18220,18206,-0.02244119,-0.04150452,-0.02020951,-0.02244119,-6650.6079,296357.1217,OK,0.0000,266.0243,4.0000,96.0000,AG03-UNRESOLVED,ALL5_LEVELS_bet23_to_bet27,266.0243,266.0243,266.0243,332.5304,332.5304,4.000000,4.000000,4.000000,5.000000,5.000000,96.000000,96.000000,96.000000,95.000000,95.000000,5.0,1463.1337,1340.2688,5187.4742,5310.3391,PENDING_AG03,FALSE,NOT_FOR_ENFORCEMENT,6384.5836,256811.4724,6650.6079,6384.5836,266.0243,0.02244119,0.02154355,266.0243,6384.5836,0.02154355,266.0243,266.0243,266.0243,332.5304,332.5304,6384.5836,0.02154355,1463.1337,1340.2688,5187.4742,5310.3391,0.01750413,0.01791872,0.00089765,16.2655,14.6936,0.3653,59.3804,1.1678,2646.0457,162.5536,12.4780,16.8648,9.0895,16.5695,22.0926,29.825,33.4482,44.5976,11.8163,0.0,2.018664,2.691552,0.981654,30,240,141,4,0.10479828,0.02244119,0.04150452,0E-8,0.000000,0.902668,0.011910,-0.02129501,2026-03-22,2026-08-05,112,5695,2177,137,0.817518,0.739886,0.767145,0.349328,,,,,,,,GLOBAL_BASELINE_NO_ENTITY_RANKING,,,NOT_APPLICABLE_GLOBAL_BASELINE,HF9g-P5,,,,X 全窗基线 · 不参与实体赏罚,14194576,1420,A168_HF9F_20260827_0900,2026-08-27 09:00:00
2026-04-13,110249610,2235,0,79.7600381758,-18.5481855158,-18.5481855158,0.5000000,8,8,0.50162375000000000,0.501623750000,-0.009185365523350236,-0.009185365523350236,-0.009185365523350236,0E-17,ELIGIBLE,R03b_20260811_FULL_v1,L1_ELIGIBILITY,v2026-08-11,2026-03-21..2026-08-06,baccarat_bet02_101_all_pairs_incl_sentinel,round_win = game_pnl > 0 (decisive only),COMPATIBILITY_ONLY_NOT_PRODUCTION,296357.1217,267511.9505,6650.6079,18220,18206,-0.02244119,-0.04150452,-0.02020951,-0.02244119,-6650.6079,296357.1217,OK,0.0000,266.0243,4.0000,96.0000,AG03-UNRESOLVED,ALL5_LEVELS_bet23_to_bet27,266.0243,266.0243,266.0243,332.5304,332.5304,4.000000,4.000000,4.000000,5.000000,5.000000,96.000000,96.000000,96.000000,95.000000,95.000000,5.0,1463.1337,1340.2688,5187.4742,5310.3391,PENDING_AG03,FALSE,NOT_FOR_ENFORCEMENT,6384.5836,256811.4724,6650.6079,6384.5836,266.0243,0.02244119,0.02154355,266.0243,6384.5836,0.02154355,266.0243,266.0243,266.0243,332.5304,332.5304,6384.5836,0.02154355,1463.1337,1340.2688,5187.4742,5310.3391,0.01750413,0.01791872,0.00089765,16.2655,14.6936,0.3653,59.3804,1.1678,2646.0457,162.5536,12.4780,16.8648,9.0895,16.5695,22.0926,29.825,33.4482,44.5976,11.8163,0.0,2.018664,2.691552,0.981654,30,240,141,4,0.10479828,0.02244119,0.04150452,0E-8,0.000000,0.902668,0.011910,-0.02129501,2026-03-22,2026-08-05,112,5695,2177,137,0.817518,0.739886,0.767145,0.349328,,,,,,,,GLOBAL_BASELINE_NO_ENTITY_RANKING,,,NOT_APPLICABLE_GLOBAL_BASELINE,HF9g-P5,,,,X 全窗基线 · 不参与实体赏罚,14194577,1420,A168_HF9F_20260827_0900,2026-08-27 09:00:00
2026-04-13,110249610,2239,0,27.2683891200,3.7494035040,3.7494035040,0.6666667,3,3,0.50665070000000000,0.506650700000,0.5543606114942035,0.5543606114942035,0.5543606114942035,0E-17,ELIGIBLE,R03b_20260811_FULL_v1,L1_ELIGIBILITY,v2026-08-11,2026-03-21..2026-08-06,baccarat_bet02_101_all_pairs_incl_sentinel,round_win = game_pnl > 0 (decisive only),COMPATIBILITY_ONLY_NOT_PRODUCTION,296357.1217,267511.9505,6650.6079,18220,18206,-0.02244119,-0.04150452,-0.02020951,-0.02244119,-6650.6079,296357.1217,OK,0.0000,266.0243,4.0000,96.0000,AG03-UNRESOLVED,ALL5_LEVELS_bet23_to_bet27,266.0243,266.0243,266.0243,332.5304,332.5304,4.000000,4.000000,4.000000,5.000000,5.000000,96.000000,96.000000,96.000000,95.000000,95.000000,5.0,1463.1337,1340.2688,5187.4742,5310.3391,PENDING_AG03,FALSE,NOT_FOR_ENFORCEMENT,6384.5836,256811.4724,6650.6079,6384.5836,266.0243,0.02244119,0.02154355,266.0243,6384.5836,0.02154355,266.0243,266.0243,266.0243,332.5304,332.5304,6384.5836,0.02154355,1463.1337,1340.2688,5187.4742,5310.3391,0.01750413,0.01791872,0.00089765,16.2655,14.6936,0.3653,59.3804,1.1678,2646.0457,162.5536,12.4780,16.8648,9.0895,16.5695,22.0926,29.825,33.4482,44.5976,11.8163,0.0,2.018664,2.691552,0.981654,30,240,141,4,0.10479828,0.02244119,0.04150452,0E-8,0.000000,0.902668,0.011910,-0.02129501,2026-03-22,2026-08-05,112,5695,2177,137,0.817518,0.739886,0.767145,0.349328,,,,,,,,GLOBAL_BASELINE_NO_ENTITY_RANKING,,,NOT_APPLICABLE_GLOBAL_BASELINE,HF9g-P5,,,,X 全窗基线 · 不参与实体赏罚,14194578,1420,A168_HF9F_20260827_0900,2026-08-27 09:00:00
2026-04-13,110249610,2244,0,11.3618288000,11.0777830800,11.0777830800,1.0000000,2,2,0.49994810000000000,0.499948100000,1.4143603653603398,1.4143603653603398,1.4143603653603398,0E-17,ELIGIBLE,R03b_20260811_FULL_v1,L1_ELIGIBILITY,v2026-08-11,2026-03-21..2026-08-06,baccarat_bet02_101_all_pairs_incl_sentinel,round_win = game_pnl > 0 (decisive only),COMPATIBILITY_ONLY_NOT_PRODUCTION,296357.1217,267511.9505,6650.6079,18220,18206,-0.02244119,-0.04150452,-0.02020951,-0.02244119,-6650.6079,296357.1217,OK,0.0000,266.0243,4.0000,96.0000,AG03-UNRESOLVED,ALL5_LEVELS_bet23_to_bet27,266.0243,266.0243,266.0243,332.5304,332.5304,4.000000,4.000000,4.000000,5.000000,5.000000,96.000000,96.000000,96.000000,95.000000,95.000000,5.0,1463.1337,1340.2688,5187.4742,5310.3391,PENDING_AG03,FALSE,NOT_FOR_ENFORCEMENT,6384.5836,256811.4724,6650.6079,6384.5836,266.0243,0.02244119,0.02154355,266.0243,6384.5836,0.02154355,266.0243,266.0243,266.0243,332.5304,332.5304,6384.5836,0.02154355,1463.1337,1340.2688,5187.4742,5310.3391,0.01750413,0.01791872,0.00089765,16.2655,14.6936,0.3653,59.3804,1.1678,2646.0457,162.5536,12.4780,16.8648,9.0895,16.5695,22.0926,29.825,33.4482,44.5976,11.8163,0.0,2.018664,2.691552,0.981654,30,240,141,4,0.10479828,0.02244119,0.04150452,0E-8,0.000000,0.902668,0.011910,-0.02129501,2026-03-22,2026-08-05,112,5695,2177,137,0.817518,0.739886,0.767145,0.349328,,,,,,,,GLOBAL_BASELINE_NO_ENTITY_RANKING,,,NOT_APPLICABLE_GLOBAL_BASELINE,HF9g-P5,,,,X 全窗基线 · 不参与实体赏罚,14194579,1420,A168_HF9F_20260827_0900,2026-08-27 09:00:00
2026-04-13,110249610,2258,0,106.8011907196,49.4239552798,49.4239552798,0.7142857,7,7,0.49707555714285714,0.497075557143,1.149387776212595,1.1493877762118374,1.149387776212595,-1.4286E-13,ELIGIBLE,R03b_20260811_FULL_v1,L1_ELIGIBILITY,v2026-08-11,2026-03-21..2026-08-06,baccarat_bet02_101_all_pairs_incl_sentinel,round_win = game_pnl > 0 (decisive only),COMPATIBILITY_ONLY_NOT_PRODUCTION,296357.1217,267511.9505,6650.6079,18220,18206,-0.02244119,-0.04150452,-0.02020951,-0.02244119,-6650.6079,296357.1217,OK,0.0000,266.0243,4.0000,96.0000,AG03-UNRESOLVED,ALL5_LEVELS_bet23_to_bet27,266.0243,266.0243,266.0243,332.5304,332.5304,4.000000,4.000000,4.000000,5.000000,5.000000,96.000000,96.000000,96.000000,95.000000,95.000000,5.0,1463.1337,1340.2688,5187.4742,5310.3391,PENDING_AG03,FALSE,NOT_FOR_ENFORCEMENT,6384.5836,256811.4724,6650.6079,6384.5836,266.0243,0.02244119,0.02154355,266.0243,6384.5836,0.02154355,266.0243,266.0243,266.0243,332.5304,332.5304,6384.5836,0.02154355,1463.1337,1340.2688,5187.4742,5310.3391,0.01750413,0.01791872,0.00089765,16.2655,14.6936,0.3653,59.3804,1.1678,2646.0457,162.5536,12.4780,16.8648,9.0895,16.5695,22.0926,29.825,33.4482,44.5976,11.8163,0.0,2.018664,2.691552,0.981654,30,240,141,4,0.10479828,0.02244119,0.04150452,0E-8,0.000000,0.902668,0.011910,-0.02129501,2026-03-22,2026-08-05,112,5695,2177,137,0.817518,0.739886,0.767145,0.349328,,,,,,,,GLOBAL_BASELINE_NO_ENTITY_RANKING,,,NOT_APPLICABLE_GLOBAL_BASELINE,HF9g-P5,,,,X 全窗基线 · 不参与实体赏罚,14194580,1420,A168_HF9F_20260827_0900,2026-08-27 09:00:00
2026-04-13,110249610,2266,0,11.3618288000,-11.3618288000,-11.3618288000,0E-7,1,1,0.50665070000000000,0.506650700000,-1.013391052207602,-1.013391052207602,-1.013391052207602,0E-17,ELIGIBLE,R03b_20260811_FULL_v1,L1_ELIGIBILITY,v2026-08-11,2026-03-21..2026-08-06,baccarat_bet02_101_all_pairs_incl_sentinel,round_win = game_pnl > 0 (decisive only),COMPATIBILITY_ONLY_NOT_PRODUCTION,296357.1217,267511.9505,6650.6079,18220,18206,-0.02244119,-0.04150452,-0.02020951,-0.02244119,-6650.6079,296357.1217,OK,0.0000,266.0243,4.0000,96.0000,AG03-UNRESOLVED,ALL5_LEVELS_bet23_to_bet27,266.0243,266.0243,266.0243,332.5304,332.5304,4.000000,4.000000,4.000000,5.000000,5.000000,96.000000,96.000000,96.000000,95.000000,95.000000,5.0,1463.1337,1340.2688,5187.4742,5310.3391,PENDING_AG03,FALSE,NOT_FOR_ENFORCEMENT,6384.5836,256811.4724,6650.6079,6384.5836,266.0243,0.02244119,0.02154355,266.0243,6384.5836,0.02154355,266.0243,266.0243,266.0243,332.5304,332.5304,6384.5836,0.02154355,1463.1337,1340.2688,5187.4742,5310.3391,0.01750413,0.01791872,0.00089765,16.2655,14.6936,0.3653,59.3804,1.1678,2646.0457,162.5536,12.4780,16.8648,9.0895,16.5695,22.0926,29.825,33.4482,44.5976,11.8163,0.0,2.018664,2.691552,0.981654,30,240,141,4,0.10479828,0.02244119,0.04150452,0E-8,0.000000,0.902668,0.011910,-0.02129501,2026-03-22,2026-08-05,112,5695,2177,137,0.817518,0.739886,0.767145,0.349328,,,,,,,,GLOBAL_BASELINE_NO_ENTITY_RANKING,,,NOT_APPLICABLE_GLOBAL_BASELINE,HF9g-P5,,,,X 全窗基线 · 不参与实体赏罚,14194581,1420,A168_HF9F_20260827_0900,2026-08-27 09:00:00
2026-04-13,110249610,526,0,28.4045720000,-17.3267889200,-17.3267889200,0.3333333,3,3,0.50218230000000000,0.502182300000,-0.5849155494134425,-0.5849155494134426,-0.5849155494134425,0E-17,ELIGIBLE,R03b_20260811_FULL_v1,L1_ELIGIBILITY,v2026-08-11,2026-03-21..2026-08-06,baccarat_bet02_101_all_pairs_incl_sentinel,round_win = game_pnl > 0 (decisive only),COMPATIBILITY_ONLY_NOT_PRODUCTION,296357.1217,267511.9505,6650.6079,18220,18206,-0.02244119,-0.04150452,-0.02020951,-0.02244119,-6650.6079,296357.1217,OK,0.0000,266.0243,4.0000,96.0000,AG03-UNRESOLVED,ALL5_LEVELS_bet23_to_bet27,266.0243,266.0243,266.0243,332.5304,332.5304,4.000000,4.000000,4.000000,5.000000,5.000000,96.000000,96.000000,96.000000,95.000000,95.000000,5.0,1463.1337,1340.2688,5187.4742,5310.3391,PENDING_AG03,FALSE,NOT_FOR_ENFORCEMENT,6384.5836,256811.4724,6650.6079,6384.5836,266.0243,0.02244119,0.02154355,266.0243,6384.5836,0.02154355,266.0243,266.0243,266.0243,332.5304,332.5304,6384.5836,0.02154355,1463.1337,1340.2688,5187.4742,5310.3391,0.01750413,0.01791872,0.00089765,16.2655,14.6936,0.3653,59.3804,1.1678,2646.0457,162.5536,12.4780,16.8648,9.0895,16.5695,22.0926,29.825,33.4482,44.5976,11.8163,0.0,2.018664,2.691552,0.981654,30,240,141,4,0.10479828,0.02244119,0.04150452,0E-8,0.000000,0.902668,0.011910,-0.02129501,2026-03-22,2026-08-05,112,5695,2177,137,0.817518,0.739886,0.767145,0.349328,,,,,,,,GLOBAL_BASELINE_NO_ENTITY_RANKING,,,NOT_APPLICABLE_GLOBAL_BASELINE,HF9g-P5,,,,X 全窗基线 · 不参与实体赏罚,14194582,1420,A168_HF9F_20260827_0900,2026-08-27 09:00:00
2026-04-13,110249610,583,0,11.3618288000,-11.3618288000,-11.3618288000,0E-7,1,1,0.50665070000000000,0.506650700000,-1.013391052207602,-1.013391052207602,-1.013391052207602,0E-17,ELIGIBLE,R03b_20260811_FULL_v1,L1_ELIGIBILITY,v2026-08-11,2026-03-21..2026-08-06,baccarat_bet02_101_all_pairs_incl_sentinel,round_win = game_pnl > 0 (decisive only),COMPATIBILITY_ONLY_NOT_PRODUCTION,296357.1217,267511.9505,6650.6079,18220,18206,-0.02244119,-0.04150452,-0.02020951,-0.02244119,-6650.6079,296357.1217,OK,0.0000,266.0243,4.0000,96.0000,AG03-UNRESOLVED,ALL5_LEVELS_bet23_to_bet27,266.0243,266.0243,266.0243,332.5304,332.5304,4.000000,4.000000,4.000000,5.000000,5.000000,96.000000,96.000000,96.000000,95.000000,95.000000,5.0,1463.1337,1340.2688,5187.4742,5310.3391,PENDING_AG03,FALSE,NOT_FOR_ENFORCEMENT,6384.5836,256811.4724,6650.6079,6384.5836,266.0243,0.02244119,0.02154355,266.0243,6384.5836,0.02154355,266.0243,266.0243,266.0243,332.5304,332.5304,6384.5836,0.02154355,1463.1337,1340.2688,5187.4742,5310.3391,0.01750413,0.01791872,0.00089765,16.2655,14.6936,0.3653,59.3804,1.1678,2646.0457,162.5536,12.4780,16.8648,9.0895,16.5695,22.0926,29.825,33.4482,44.5976,11.8163,0.0,2.018664,2.691552,0.981654,30,240,141,4,0.10479828,0.02244119,0.04150452,0E-8,0.000000,0.902668,0.011910,-0.02129501,2026-03-22,2026-08-05,112,5695,2177,137,0.817518,0.739886,0.767145,0.349328,,,,,,,,GLOBAL_BASELINE_NO_ENTITY_RANKING,,,NOT_APPLICABLE_GLOBAL_BASELINE,HF9g-P5,,,,X 全窗基线 · 不参与实体赏罚,14194583,1420,A168_HF9F_20260827_0900,2026-08-27 09:00:00
2026-04-13,110249610,925,0,11.3618288000,-11.3618288000,-11.3618288000,0E-7,1,1,0.50665070000000000,0.506650700000,-1.013391052207602,-1.013391052207602,-1.013391052207602,0E-17,ELIGIBLE,R03b_20260811_FULL_v1,L1_ELIGIBILITY,v2026-08-11,2026-03-21..2026-08-06,baccarat_bet02_101_all_pairs_incl_sentinel,round_win = game_pnl > 0 (decisive only),COMPATIBILITY_ONLY_NOT_PRODUCTION,296357.1217,267511.9505,6650.6079,18220,18206,-0.02244119,-0.04150452,-0.02020951,-0.02244119,-6650.6079,296357.1217,OK,0.0000,266.0243,4.0000,96.0000,AG03-UNRESOLVED,ALL5_LEVELS_bet23_to_bet27,266.0243,266.0243,266.0243,332.5304,332.5304,4.000000,4.000000,4.000000,5.000000,5.000000,96.000000,96.000000,96.000000,95.000000,95.000000,5.0,1463.1337,1340.2688,5187.4742,5310.3391,PENDING_AG03,FALSE,NOT_FOR_ENFORCEMENT,6384.5836,256811.4724,6650.6079,6384.5836,266.0243,0.02244119,0.02154355,266.0243,6384.5836,0.02154355,266.0243,266.0243,266.0243,332.5304,332.5304,6384.5836,0.02154355,1463.1337,1340.2688,5187.4742,5310.3391,0.01750413,0.01791872,0.00089765,16.2655,14.6936,0.3653,59.3804,1.1678,2646.0457,162.5536,12.4780,16.8648,9.0895,16.5695,22.0926,29.825,33.4482,44.5976,11.8163,0.0,2.018664,2.691552,0.981654,30,240,141,4,0.10479828,0.02244119,0.04150452,0E-8,0.000000,0.902668,0.011910,-0.02129501,2026-03-22,2026-08-05,112,5695,2177,137,0.817518,0.739886,0.767145,0.349328,,,,,,,,GLOBAL_BASELINE_NO_ENTITY_RANKING,,,NOT_APPLICABLE_GLOBAL_BASELINE,HF9g-P5,,,,X 全窗基线 · 不参与实体赏罚,14194584,1420,A168_HF9F_20260827_0900,2026-08-27 09:00:00
2026-04-13,110249610,994,0,117.5949280795,51.6963210397,51.6963210397,0.7142857,7,7,0.49324550000000000,0.493245500000,1.169741613234378,1.1697416132343783,1.169741613234378,0E-17,ELIGIBLE,R03b_20260811_FULL_v1,L1_ELIGIBILITY,v2026-08-11,2026-03-21..2026-08-06,baccarat_bet02_101_all_pairs_incl_sentinel,round_win = game_pnl > 0 (decisive only),COMPATIBILITY_ONLY_NOT_PRODUCTION,296357.1217,267511.9505,6650.6079,18220,18206,-0.02244119,-0.04150452,-0.02020951,-0.02244119,-6650.6079,296357.1217,OK,0.0000,266.0243,4.0000,96.0000,AG03-UNRESOLVED,ALL5_LEVELS_bet23_to_bet27,266.0243,266.0243,266.0243,332.5304,332.5304,4.000000,4.000000,4.000000,5.000000,5.000000,96.000000,96.000000,96.000000,95.000000,95.000000,5.0,1463.1337,1340.2688,5187.4742,5310.3391,PENDING_AG03,FALSE,NOT_FOR_ENFORCEMENT,6384.5836,256811.4724,6650.6079,6384.5836,266.0243,0.02244119,0.02154355,266.0243,6384.5836,0.02154355,266.0243,266.0243,266.0243,332.5304,332.5304,6384.5836,0.02154355,1463.1337,1340.2688,5187.4742,5310.3391,0.01750413,0.01791872,0.00089765,16.2655,14.6936,0.3653,59.3804,1.1678,2646.0457,162.5536,12.4780,16.8648,9.0895,16.5695,22.0926,29.825,33.4482,44.5976,11.8163,0.0,2.018664,2.691552,0.981654,30,240,141,4,0.10479828,0.02244119,0.04150452,0E-8,0.000000,0.902668,0.011910,-0.02129501,2026-03-22,2026-08-05,112,5695,2177,137,0.817518,0.739886,0.767145,0.349328,,,,,,,,GLOBAL_BASELINE_NO_ENTITY_RANKING,,,NOT_APPLICABLE_GLOBAL_BASELINE,HF9g-P5,,,,X 全窗基线 · 不参与实体赏罚,14194585,1420,A168_HF9F_20260827_0900,2026-08-27 09:00:00
2026-04-14,110249610,-1,1,3356.2842275057,-218.6015861115,-218.6015861115,0.4861111,167,167,0.49982769401197605,0.499827694012,-0.32919800916811126,-0.329198009168686,-0.32919800916811126,-2.395E-14,SENTINEL_DEALER,R03b_20260811_FULL_v1,L1_ELIGIBILITY,v2026-08-11,2026-03-21..2026-08-06,baccarat_bet02_101_all_pairs_incl_sentinel,round_win = game_pnl > 0 (decisive only),COMPATIBILITY_ONLY_NOT_PRODUCTION,296357.1217,267511.9505,6650.6079,18220,18206,-0.02244119,-0.04150452,-0.02020951,-0.02244119,-6650.6079,296357.1217,OK,0.0000,266.0243,4.0000,96.0000,AG03-UNRESOLVED,ALL5_LEVELS_bet23_to_bet27,266.0243,266.0243,266.0243,332.5304,332.5304,4.000000,4.000000,4.000000,5.000000,5.000000,96.000000,96.000000,96.000000,95.000000,95.000000,5.0,1463.1337,1340.2688,5187.4742,5310.3391,PENDING_AG03,FALSE,NOT_FOR_ENFORCEMENT,6384.5836,256811.4724,6650.6079,6384.5836,266.0243,0.02244119,0.02154355,266.0243,6384.5836,0.02154355,266.0243,266.0243,266.0243,332.5304,332.5304,6384.5836,0.02154355,1463.1337,1340.2688,5187.4742,5310.3391,0.01750413,0.01791872,0.00089765,16.2655,14.6936,0.3653,59.3804,1.1678,2646.0457,162.5536,12.4780,16.8648,9.0895,16.5695,22.0926,29.825,33.4482,44.5976,11.8163,0.0,2.018664,2.691552,0.981654,30,240,141,4,0.10479828,0.02244119,0.04150452,0E-8,0.000000,0.902668,0.011910,-0.02129501,2026-03-22,2026-08-05,112,5695,2177,137,0.817518,0.739886,0.767145,0.349328,,,,,,,,GLOBAL_BASELINE_NO_ENTITY_RANKING,,,NOT_APPLICABLE_GLOBAL_BASELINE,HF9g-P5,,,,X 全窗基线 · 不参与实体赏罚,14194586,1420,A168_HF9F_20260827_0900,2026-08-27 09:00:00
2026-04-14,110249610,1087,0,60.2176926397,-17.0427431999,-17.0427431999,0.3333333,3,3,0.49771390000000000,0.497713900000,-0.5694369385616226,-0.5694369385616226,-0.5694369385616226,0E-17,ELIGIBLE,R03b_20260811_FULL_v1,L1_ELIGIBILITY,v2026-08-11,2026-03-21..2026-08-06,baccarat_bet02_101_all_pairs_incl_sentinel,round_win = game_pnl > 0 (decisive only),COMPATIBILITY_ONLY_NOT_PRODUCTION,296357.1217,267511.9505,6650.6079,18220,18206,-0.02244119,-0.04150452,-0.02020951,-0.02244119,-6650.6079,296357.1217,OK,0.0000,266.0243,4.0000,96.0000,AG03-UNRESOLVED,ALL5_LEVELS_bet23_to_bet27,266.0243,266.0243,266.0243,332.5304,332.5304,4.000000,4.000000,4.000000,5.000000,5.000000,96.000000,96.000000,96.000000,95.000000,95.000000,5.0,1463.1337,1340.2688,5187.4742,5310.3391,PENDING_AG03,FALSE,NOT_FOR_ENFORCEMENT,6384.5836,256811.4724,6650.6079,6384.5836,266.0243,0.02244119,0.02154355,266.0243,6384.5836,0.02154355,266.0243,266.0243,266.0243,332.5304,332.5304,6384.5836,0.02154355,1463.1337,1340.2688,5187.4742,5310.3391,0.01750413,0.01791872,0.00089765,16.2655,14.6936,0.3653,59.3804,1.1678,2646.0457,162.5536,12.4780,16.8648,9.0895,16.5695,22.0926,29.825,33.4482,44.5976,11.8163,0.0,2.018664,2.691552,0.981654,30,240,141,4,0.10479828,0.02244119,0.04150452,0E-8,0.000000,0.902668,0.011910,-0.02129501,2026-03-22,2026-08-05,112,5695,2177,137,0.817518,0.739886,0.767145,0.349328,,,,,,,,GLOBAL_BASELINE_NO_ENTITY_RANKING,,,NOT_APPLICABLE_GLOBAL_BASELINE,HF9g-P5,,,,X 全窗基线 · 不参与实体赏罚,14194587,1420,A168_HF9F_20260827_0900,2026-08-27 09:00:00
2026-04-14,110249610,1115,0,288.5904515188,-7.8964710161,-7.8964710161,0.5555556,12,12,0.50665070000000000,0.506650700000,0.2934550945819589,0.2934550945819589,0.2934550945819589,0E-17,ELIGIBLE,R03b_20260811_FULL_v1,L1_ELIGIBILITY,v2026-08-11,2026-03-21..2026-08-06,baccarat_bet02_101_all_pairs_incl_sentinel,round_win = game_pnl > 0 (decisive only),COMPATIBILITY_ONLY_NOT_PRODUCTION,296357.1217,267511.9505,6650.6079,18220,18206,-0.02244119,-0.04150452,-0.02020951,-0.02244119,-6650.6079,296357.1217,OK,0.0000,266.0243,4.0000,96.0000,AG03-UNRESOLVED,ALL5_LEVELS_bet23_to_bet27,266.0243,266.0243,266.0243,332.5304,332.5304,4.000000,4.000000,4.000000,5.000000,5.000000,96.000000,96.000000,96.000000,95.000000,95.000000,5.0,1463.1337,1340.2688,5187.4742,5310.3391,PENDING_AG03,FALSE,NOT_FOR_ENFORCEMENT,6384.5836,256811.4724,6650.6079,6384.5836,266.0243,0.02244119,0.02154355,266.0243,6384.5836,0.02154355,266.0243,266.0243,266.0243,332.5304,332.5304,6384.5836,0.02154355,1463.1337,1340.2688,5187.4742,5310.3391,0.01750413,0.01791872,0.00089765,16.2655,14.6936,0.3653,59.3804,1.1678,2646.0457,162.5536,12.4780,16.8648,9.0895,16.5695,22.0926,29.825,33.4482,44.5976,11.8163,0.0,2.018664,2.691552,0.981654,30,240,141,4,0.10479828,0.02244119,0.04150452,0E-8,0.000000,0.902668,0.011910,-0.02129501,2026-03-22,2026-08-05,112,5695,2177,137,0.817518,0.739886,0.767145,0.349328,,,,,,,,GLOBAL_BASELINE_NO_ENTITY_RANKING,,,NOT_APPLICABLE_GLOBAL_BASELINE,HF9g-P5,,,,X 全窗基线 · 不参与实体赏罚,14194588,1420,A168_HF9F_20260827_0900,2026-08-27 09:00:00
2026-04-14,110249610,1157,0,95.4393619195,-28.1205262799,-28.1205262799,0.4000000,5,5,0.49860758000000000,0.498607580000,-0.440988213962219,-0.440988213962219,-0.440988213962219,0E-17,ELIGIBLE,R03b_20260811_FULL_v1,L1_ELIGIBILITY,v2026-08-11,2026-03-21..2026-08-06,baccarat_bet02_101_all_pairs_incl_sentinel,round_win = game_pnl > 0 (decisive only),COMPATIBILITY_ONLY_NOT_PRODUCTION,296357.1217,267511.9505,6650.6079,18220,18206,-0.02244119,-0.04150452,-0.02020951,-0.02244119,-6650.6079,296357.1217,OK,0.0000,266.0243,4.0000,96.0000,AG03-UNRESOLVED,ALL5_LEVELS_bet23_to_bet27,266.0243,266.0243,266.0243,332.5304,332.5304,4.000000,4.000000,4.000000,5.000000,5.000000,96.000000,96.000000,96.000000,95.000000,95.000000,5.0,1463.1337,1340.2688,5187.4742,5310.3391,PENDING_AG03,FALSE,NOT_FOR_ENFORCEMENT,6384.5836,256811.4724,6650.6079,6384.5836,266.0243,0.02244119,0.02154355,266.0243,6384.5836,0.02154355,266.0243,266.0243,266.0243,332.5304,332.5304,6384.5836,0.02154355,1463.1337,1340.2688,5187.4742,5310.3391,0.01750413,0.01791872,0.00089765,16.2655,14.6936,0.3653,59.3804,1.1678,2646.0457,162.5536,12.4780,16.8648,9.0895,16.5695,22.0926,29.825,33.4482,44.5976,11.8163,0.0,2.018664,2.691552,0.981654,30,240,141,4,0.10479828,0.02244119,0.04150452,0E-8,0.000000,0.902668,0.011910,-0.02129501,2026-03-22,2026-08-05,112,5695,2177,137,0.817518,0.739886,0.767145,0.349328,,,,,,,,GLOBAL_BASELINE_NO_ENTITY_RANKING,,,NOT_APPLICABLE_GLOBAL_BASELINE,HF9g-P5,,,,X 全窗基线 · 不参与实体赏罚,14194589,1420,A168_HF9F_20260827_0900,2026-08-27 09:00:00
2026-04-14,110249610,1210,0,17.0427431999,-17.0427431999,-17.0427431999,0E-7,1,1,0.50665070000000000,0.506650700000,-1.013391052207602,-1.013391052207602,-1.013391052207602,0E-17,ELIGIBLE,R03b_20260811_FULL_v1,L1_ELIGIBILITY,v2026-08-11,2026-03-21..2026-08-06,baccarat_bet02_101_all_pairs_incl_sentinel,round_win = game_pnl > 0 (decisive only),COMPATIBILITY_ONLY_NOT_PRODUCTION,296357.1217,267511.9505,6650.6079,18220,18206,-0.02244119,-0.04150452,-0.02020951,-0.02244119,-6650.6079,296357.1217,OK,0.0000,266.0243,4.0000,96.0000,AG03-UNRESOLVED,ALL5_LEVELS_bet23_to_bet27,266.0243,266.0243,266.0243,332.5304,332.5304,4.000000,4.000000,4.000000,5.000000,5.000000,96.000000,96.000000,96.000000,95.000000,95.000000,5.0,1463.1337,1340.2688,5187.4742,5310.3391,PENDING_AG03,FALSE,NOT_FOR_ENFORCEMENT,6384.5836,256811.4724,6650.6079,6384.5836,266.0243,0.02244119,0.02154355,266.0243,6384.5836,0.02154355,266.0243,266.0243,266.0243,332.5304,332.5304,6384.5836,0.02154355,1463.1337,1340.2688,5187.4742,5310.3391,0.01750413,0.01791872,0.00089765,16.2655,14.6936,0.3653,59.3804,1.1678,2646.0457,162.5536,12.4780,16.8648,9.0895,16.5695,22.0926,29.825,33.4482,44.5976,11.8163,0.0,2.018664,2.691552,0.981654,30,240,141,4,0.10479828,0.02244119,0.04150452,0E-8,0.000000,0.902668,0.011910,-0.02129501,2026-03-22,2026-08-05,112,5695,2177,137,0.817518,0.739886,0.767145,0.349328,,,,,,,,GLOBAL_BASELINE_NO_ENTITY_RANKING,,,NOT_APPLICABLE_GLOBAL_BASELINE,HF9g-P5,,,,X 全窗基线 · 不参与实体赏罚,14194590,1420,A168_HF9F_20260827_0900,2026-08-27 09:00:00
2026-04-14,110249610,1299,0,90.0993023836,-28.7454268639,-28.7454268639,0.4000000,6,6,0.50665070000000000,0.506650700000,-0.4769986289884125,-0.4769986289884125,-0.4769986289884125,0E-17,ELIGIBLE,R03b_20260811_FULL_v1,L1_ELIGIBILITY,v2026-08-11,2026-03-21..2026-08-06,baccarat_bet02_101_all_pairs_incl_sentinel,round_win = game_pnl > 0 (decisive only),COMPATIBILITY_ONLY_NOT_PRODUCTION,296357.1217,267511.9505,6650.6079,18220,18206,-0.02244119,-0.04150452,-0.02020951,-0.02244119,-6650.6079,296357.1217,OK,0.0000,266.0243,4.0000,96.0000,AG03-UNRESOLVED,ALL5_LEVELS_bet23_to_bet27,266.0243,266.0243,266.0243,332.5304,332.5304,4.000000,4.000000,4.000000,5.000000,5.000000,96.000000,96.000000,96.000000,95.000000,95.000000,5.0,1463.1337,1340.2688,5187.4742,5310.3391,PENDING_AG03,FALSE,NOT_FOR_ENFORCEMENT,6384.5836,256811.4724,6650.6079,6384.5836,266.0243,0.02244119,0.02154355,266.0243,6384.5836,0.02154355,266.0243,266.0243,266.0243,332.5304,332.5304,6384.5836,0.02154355,1463.1337,1340.2688,5187.4742,5310.3391,0.01750413,0.01791872,0.00089765,16.2655,14.6936,0.3653,59.3804,1.1678,2646.0457,162.5536,12.4780,16.8648,9.0895,16.5695,22.0926,29.825,33.4482,44.5976,11.8163,0.0,2.018664,2.691552,0.981654,30,240,141,4,0.10479828,0.02244119,0.04150452,0E-8,0.000000,0.902668,0.011910,-0.02129501,2026-03-22,2026-08-05,112,5695,2177,137,0.817518,0.739886,0.767145,0.349328,,,,,,,,GLOBAL_BASELINE_NO_ENTITY_RANKING,,,NOT_APPLICABLE_GLOBAL_BASELINE,HF9g-P5,,,,X 全窗基线 · 不参与实体赏罚,14194591,1420,A168_HF9F_20260827_0900,2026-08-27 09:00:00
2026-04-14,110249610,1304,0,11.3618288000,10.7937373600,10.7937373600,1.0000000,1,1,0.50665070000000000,0.506650700000,0.9867858985152569,0.9867858985152569,0.9867858985152569,0E-17,ELIGIBLE,R03b_20260811_FULL_v1,L1_ELIGIBILITY,v2026-08-11,2026-03-21..2026-08-06,baccarat_bet02_101_all_pairs_incl_sentinel,round_win = game_pnl > 0 (decisive only),COMPATIBILITY_ONLY_NOT_PRODUCTION,296357.1217,267511.9505,6650.6079,18220,18206,-0.02244119,-0.04150452,-0.02020951,-0.02244119,-6650.6079,296357.1217,OK,0.0000,266.0243,4.0000,96.0000,AG03-UNRESOLVED,ALL5_LEVELS_bet23_to_bet27,266.0243,266.0243,266.0243,332.5304,332.5304,4.000000,4.000000,4.000000,5.000000,5.000000,96.000000,96.000000,96.000000,95.000000,95.000000,5.0,1463.1337,1340.2688,5187.4742,5310.3391,PENDING_AG03,FALSE,NOT_FOR_ENFORCEMENT,6384.5836,256811.4724,6650.6079,6384.5836,266.0243,0.02244119,0.02154355,266.0243,6384.5836,0.02154355,266.0243,266.0243,266.0243,332.5304,332.5304,6384.5836,0.02154355,1463.1337,1340.2688,5187.4742,5310.3391,0.01750413,0.01791872,0.00089765,16.2655,14.6936,0.3653,59.3804,1.1678,2646.0457,162.5536,12.4780,16.8648,9.0895,16.5695,22.0926,29.825,33.4482,44.5976,11.8163,0.0,2.018664,2.691552,0.981654,30,240,141,4,0.10479828,0.02244119,0.04150452,0E-8,0.000000,0.902668,0.011910,-0.02129501,2026-03-22,2026-08-05,112,5695,2177,137,0.817518,0.739886,0.767145,0.349328,,,,,,,,GLOBAL_BASELINE_NO_ENTITY_RANKING,,,NOT_APPLICABLE_GLOBAL_BASELINE,HF9g-P5,,,,X 全窗基线 · 不参与实体赏罚,14194592,1420,A168_HF9F_20260827_0900,2026-08-27 09:00:00
2026-04-14,110249610,1307,0,22.7236576000,22.1555661600,22.1555661600,1.0000000,2,2,0.49994810000000000,0.499948100000,1.4143603653603398,1.4143603653603398,1.4143603653603398,0E-17,ELIGIBLE,R03b_20260811_FULL_v1,L1_ELIGIBILITY,v2026-08-11,2026-03-21..2026-08-06,baccarat_bet02_101_all_pairs_incl_sentinel,round_win = game_pnl > 0 (decisive only),COMPATIBILITY_ONLY_NOT_PRODUCTION,296357.1217,267511.9505,6650.6079,18220,18206,-0.02244119,-0.04150452,-0.02020951,-0.02244119,-6650.6079,296357.1217,OK,0.0000,266.0243,4.0000,96.0000,AG03-UNRESOLVED,ALL5_LEVELS_bet23_to_bet27,266.0243,266.0243,266.0243,332.5304,332.5304,4.000000,4.000000,4.000000,5.000000,5.000000,96.000000,96.000000,96.000000,95.000000,95.000000,5.0,1463.1337,1340.2688,5187.4742,5310.3391,PENDING_AG03,FALSE,NOT_FOR_ENFORCEMENT,6384.5836,256811.4724,6650.6079,6384.5836,266.0243,0.02244119,0.02154355,266.0243,6384.5836,0.02154355,266.0243,266.0243,266.0243,332.5304,332.5304,6384.5836,0.02154355,1463.1337,1340.2688,5187.4742,5310.3391,0.01750413,0.01791872,0.00089765,16.2655,14.6936,0.3653,59.3804,1.1678,2646.0457,162.5536,12.4780,16.8648,9.0895,16.5695,22.0926,29.825,33.4482,44.5976,11.8163,0.0,2.018664,2.691552,0.981654,30,240,141,4,0.10479828,0.02244119,0.04150452,0E-8,0.000000,0.902668,0.011910,-0.02129501,2026-03-22,2026-08-05,112,5695,2177,137,0.817518,0.739886,0.767145,0.349328,,,,,,,,GLOBAL_BASELINE_NO_ENTITY_RANKING,,,NOT_APPLICABLE_GLOBAL_BASELINE,HF9g-P5,,,,X 全窗基线 · 不参与实体赏罚,14194593,1420,A168_HF9F_20260827_0900,2026-08-27 09:00:00
2026-04-14,110249610,1318,0,143.1590428794,-23.1781307520,-23.1781307520,0.4444444,10,10,0.50128862000000000,0.501288620000,-0.34106618604432953,-0.3410661860443296,-0.34106618604432953,0E-17,ELIGIBLE,R03b_20260811_FULL_v1,L1_ELIGIBILITY,v2026-08-11,2026-03-21..2026-08-06,baccarat_bet02_101_all_pairs_incl_sentinel,round_win = game_pnl > 0 (decisive only),COMPATIBILITY_ONLY_NOT_PRODUCTION,296357.1217,267511.9505,6650.6079,18220,18206,-0.02244119,-0.04150452,-0.02020951,-0.02244119,-6650.6079,296357.1217,OK,0.0000,266.0243,4.0000,96.0000,AG03-UNRESOLVED,ALL5_LEVELS_bet23_to_bet27,266.0243,266.0243,266.0243,332.5304,332.5304,4.000000,4.000000,4.000000,5.000000,5.000000,96.000000,96.000000,96.000000,95.000000,95.000000,5.0,1463.1337,1340.2688,5187.4742,5310.3391,PENDING_AG03,FALSE,NOT_FOR_ENFORCEMENT,6384.5836,256811.4724,6650.6079,6384.5836,266.0243,0.02244119,0.02154355,266.0243,6384.5836,0.02154355,266.0243,266.0243,266.0243,332.5304,332.5304,6384.5836,0.02154355,1463.1337,1340.2688,5187.4742,5310.3391,0.01750413,0.01791872,0.00089765,16.2655,14.6936,0.3653,59.3804,1.1678,2646.0457,162.5536,12.4780,16.8648,9.0895,16.5695,22.0926,29.825,33.4482,44.5976,11.8163,0.0,2.018664,2.691552,0.981654,30,240,141,4,0.10479828,0.02244119,0.04150452,0E-8,0.000000,0.902668,0.011910,-0.02129501,2026-03-22,2026-08-05,112,5695,2177,137,0.817518,0.739886,0.767145,0.349328,,,,,,,,GLOBAL_BASELINE_NO_ENTITY_RANKING,,,NOT_APPLICABLE_GLOBAL_BASELINE,HF9g-P5,,,,X 全窗基线 · 不参与实体赏罚,14194594,1420,A168_HF9F_20260827_0900,2026-08-27 09:00:00
2026-04-14,110249610,1323,0,124.7528802236,41.4138659758,41.4138659758,0.6000000,5,5,0.50665070000000000,0.506650700000,0.4175076967804994,0.4175076967804994,0.4175076967804994,0E-17,ELIGIBLE,R03b_20260811_FULL_v1,L1_ELIGIBILITY,v2026-08-11,2026-03-21..2026-08-06,baccarat_bet02_101_all_pairs_incl_sentinel,round_win = game_pnl > 0 (decisive only),COMPATIBILITY_ONLY_NOT_PRODUCTION,296357.1217,267511.9505,6650.6079,18220,18206,-0.02244119,-0.04150452,-0.02020951,-0.02244119,-6650.6079,296357.1217,OK,0.0000,266.0243,4.0000,96.0000,AG03-UNRESOLVED,ALL5_LEVELS_bet23_to_bet27,266.0243,266.0243,266.0243,332.5304,332.5304,4.000000,4.000000,4.000000,5.000000,5.000000,96.000000,96.000000,96.000000,95.000000,95.000000,5.0,1463.1337,1340.2688,5187.4742,5310.3391,PENDING_AG03,FALSE,NOT_FOR_ENFORCEMENT,6384.5836,256811.4724,6650.6079,6384.5836,266.0243,0.02244119,0.02154355,266.0243,6384.5836,0.02154355,266.0243,266.0243,266.0243,332.5304,332.5304,6384.5836,0.02154355,1463.1337,1340.2688,5187.4742,5310.3391,0.01750413,0.01791872,0.00089765,16.2655,14.6936,0.3653,59.3804,1.1678,2646.0457,162.5536,12.4780,16.8648,9.0895,16.5695,22.0926,29.825,33.4482,44.5976,11.8163,0.0,2.018664,2.691552,0.981654,30,240,141,4,0.10479828,0.02244119,0.04150452,0E-8,0.000000,0.902668,0.011910,-0.02129501,2026-03-22,2026-08-05,112,5695,2177,137,0.817518,0.739886,0.767145,0.349328,,,,,,,,GLOBAL_BASELINE_NO_ENTITY_RANKING,,,NOT_APPLICABLE_GLOBAL_BASELINE,HF9g-P5,,,,X 全窗基线 · 不参与实体赏罚,14194595,1420,A168_HF9F_20260827_0900,2026-08-27 09:00:00
2026-04-14,110249610,1325,0,272.1157997590,91.4343172677,91.4343172677,0.7500000,11,11,0.50299473636363636,0.502994736364,1.3972978386532409,1.3972978386511898,1.3972978386532409,-3.6364E-13,ELIGIBLE,R03b_20260811_FULL_v1,L1_ELIGIBILITY,v2026-08-11,2026-03-21..2026-08-06,baccarat_bet02_101_all_pairs_incl_sentinel,round_win = game_pnl > 0 (decisive only),COMPATIBILITY_ONLY_NOT_PRODUCTION,296357.1217,267511.9505,6650.6079,18220,18206,-0.02244119,-0.04150452,-0.02020951,-0.02244119,-6650.6079,296357.1217,OK,0.0000,266.0243,4.0000,96.0000,AG03-UNRESOLVED,ALL5_LEVELS_bet23_to_bet27,266.0243,266.0243,266.0243,332.5304,332.5304,4.000000,4.000000,4.000000,5.000000,5.000000,96.000000,96.000000,96.000000,95.000000,95.000000,5.0,1463.1337,1340.2688,5187.4742,5310.3391,PENDING_AG03,FALSE,NOT_FOR_ENFORCEMENT,6384.5836,256811.4724,6650.6079,6384.5836,266.0243,0.02244119,0.02154355,266.0243,6384.5836,0.02154355,266.0243,266.0243,266.0243,332.5304,332.5304,6384.5836,0.02154355,1463.1337,1340.2688,5187.4742,5310.3391,0.01750413,0.01791872,0.00089765,16.2655,14.6936,0.3653,59.3804,1.1678,2646.0457,162.5536,12.4780,16.8648,9.0895,16.5695,22.0926,29.825,33.4482,44.5976,11.8163,0.0,2.018664,2.691552,0.981654,30,240,141,4,0.10479828,0.02244119,0.04150452,0E-8,0.000000,0.902668,0.011910,-0.02129501,2026-03-22,2026-08-05,112,5695,2177,137,0.817518,0.739886,0.767145,0.349328,,,,,,,,GLOBAL_BASELINE_NO_ENTITY_RANKING,,,NOT_APPLICABLE_GLOBAL_BASELINE,HF9g-P5,,,,X 全窗基线 · 不参与实体赏罚,14194596,1420,A168_HF9F_20260827_0900,2026-08-27 09:00:00
2026-04-14,110249610,1330,0,399.0274274545,137.6087895107,137.6087895107,0.7647059,19,19,0.50523962631578947,0.505239626316,2.1397310500749773,2.1397310500732503,2.1397310500749773,-2.1053E-13,ELIGIBLE,R03b_20260811_FULL_v1,L1_ELIGIBILITY,v2026-08-11,2026-03-21..2026-08-06,baccarat_bet02_101_all_pairs_incl_sentinel,round_win = game_pnl > 0 (decisive only),COMPATIBILITY_ONLY_NOT_PRODUCTION,296357.1217,267511.9505,6650.6079,18220,18206,-0.02244119,-0.04150452,-0.02020951,-0.02244119,-6650.6079,296357.1217,OK,0.0000,266.0243,4.0000,96.0000,AG03-UNRESOLVED,ALL5_LEVELS_bet23_to_bet27,266.0243,266.0243,266.0243,332.5304,332.5304,4.000000,4.000000,4.000000,5.000000,5.000000,96.000000,96.000000,96.000000,95.000000,95.000000,5.0,1463.1337,1340.2688,5187.4742,5310.3391,PENDING_AG03,FALSE,NOT_FOR_ENFORCEMENT,6384.5836,256811.4724,6650.6079,6384.5836,266.0243,0.02244119,0.02154355,266.0243,6384.5836,0.02154355,266.0243,266.0243,266.0243,332.5304,332.5304,6384.5836,0.02154355,1463.1337,1340.2688,5187.4742,5310.3391,0.01750413,0.01791872,0.00089765,16.2655,14.6936,0.3653,59.3804,1.1678,2646.0457,162.5536,12.4780,16.8648,9.0895,16.5695,22.0926,29.825,33.4482,44.5976,11.8163,0.0,2.018664,2.691552,0.981654,30,240,141,4,0.10479828,0.02244119,0.04150452,0E-8,0.000000,0.902668,0.011910,-0.02129501,2026-03-22,2026-08-05,112,5695,2177,137,0.817518,0.739886,0.767145,0.349328,,,,,,,,GLOBAL_BASELINE_NO_ENTITY_RANKING,,,NOT_APPLICABLE_GLOBAL_BASELINE,HF9g-P5,,,,X 全窗基线 · 不参与实体赏罚,14194597,1420,A168_HF9F_20260827_0900,2026-08-27 09:00:00
2026-04-14,110249610,1374,0,135.2057627193,22.1555661599,22.1555661599,0.6250000,8,8,0.49994810000000000,0.499948100000,0.7074003757330176,0.7074003757330176,0.7074003757330176,0E-17,ELIGIBLE,R03b_20260811_FULL_v1,L1_ELIGIBILITY,v2026-08-11,2026-03-21..2026-08-06,baccarat_bet02_101_all_pairs_incl_sentinel,round_win = game_pnl > 0 (decisive only),COMPATIBILITY_ONLY_NOT_PRODUCTION,296357.1217,267511.9505,6650.6079,18220,18206,-0.02244119,-0.04150452,-0.02020951,-0.02244119,-6650.6079,296357.1217,OK,0.0000,266.0243,4.0000,96.0000,AG03-UNRESOLVED,ALL5_LEVELS_bet23_to_bet27,266.0243,266.0243,266.0243,332.5304,332.5304,4.000000,4.000000,4.000000,5.000000,5.000000,96.000000,96.000000,96.000000,95.000000,95.000000,5.0,1463.1337,1340.2688,5187.4742,5310.3391,PENDING_AG03,FALSE,NOT_FOR_ENFORCEMENT,6384.5836,256811.4724,6650.6079,6384.5836,266.0243,0.02244119,0.02154355,266.0243,6384.5836,0.02154355,266.0243,266.0243,266.0243,332.5304,332.5304,6384.5836,0.02154355,1463.1337,1340.2688,5187.4742,5310.3391,0.01750413,0.01791872,0.00089765,16.2655,14.6936,0.3653,59.3804,1.1678,2646.0457,162.5536,12.4780,16.8648,9.0895,16.5695,22.0926,29.825,33.4482,44.5976,11.8163,0.0,2.018664,2.691552,0.981654,30,240,141,4,0.10479828,0.02244119,0.04150452,0E-8,0.000000,0.902668,0.011910,-0.02129501,2026-03-22,2026-08-05,112,5695,2177,137,0.817518,0.739886,0.767145,0.349328,,,,,,,,GLOBAL_BASELINE_NO_ENTITY_RANKING,,,NOT_APPLICABLE_GLOBAL_BASELINE,HF9g-P5,,,,X 全窗基线 · 不参与实体赏罚,14194598,1420,A168_HF9F_20260827_0900,2026-08-27 09:00:00
2026-04-14,110249610,1384,0,85.2137159996,-17.8948803600,-17.8948803600,0.5000000,4,4,0.49994810000000000,0.499948100000,0.00020760000111838688,0.00020760000111838688,0.00020760000111838688,0E-17,ELIGIBLE,R03b_20260811_FULL_v1,L1_ELIGIBILITY,v2026-08-11,2026-03-21..2026-08-06,baccarat_bet02_101_all_pairs_incl_sentinel,round_win = game_pnl > 0 (decisive only),COMPATIBILITY_ONLY_NOT_PRODUCTION,296357.1217,267511.9505,6650.6079,18220,18206,-0.02244119,-0.04150452,-0.02020951,-0.02244119,-6650.6079,296357.1217,OK,0.0000,266.0243,4.0000,96.0000,AG03-UNRESOLVED,ALL5_LEVELS_bet23_to_bet27,266.0243,266.0243,266.0243,332.5304,332.5304,4.000000,4.000000,4.000000,5.000000,5.000000,96.000000,96.000000,96.000000,95.000000,95.000000,5.0,1463.1337,1340.2688,5187.4742,5310.3391,PENDING_AG03,FALSE,NOT_FOR_ENFORCEMENT,6384.5836,256811.4724,6650.6079,6384.5836,266.0243,0.02244119,0.02154355,266.0243,6384.5836,0.02154355,266.0243,266.0243,266.0243,332.5304,332.5304,6384.5836,0.02154355,1463.1337,1340.2688,5187.4742,5310.3391,0.01750413,0.01791872,0.00089765,16.2655,14.6936,0.3653,59.3804,1.1678,2646.0457,162.5536,12.4780,16.8648,9.0895,16.5695,22.0926,29.825,33.4482,44.5976,11.8163,0.0,2.018664,2.691552,0.981654,30,240,141,4,0.10479828,0.02244119,0.04150452,0E-8,0.000000,0.902668,0.011910,-0.02129501,2026-03-22,2026-08-05,112,5695,2177,137,0.817518,0.739886,0.767145,0.349328,,,,,,,,GLOBAL_BASELINE_NO_ENTITY_RANKING,,,NOT_APPLICABLE_GLOBAL_BASELINE,HF9g-P5,,,,X 全窗基线 · 不参与实体赏罚,14194599,1420,A168_HF9F_20260827_0900,2026-08-27 09:00:00
2026-04-14,110249610,1385,0,39.7664007999,-17.6108346399,-17.6108346399,0.3333333,3,3,0.50218230000000000,0.502182300000,-0.5849155494134425,-0.5849155494134426,-0.5849155494134425,0E-17,ELIGIBLE,R03b_20260811_FULL_v1,L1_ELIGIBILITY,v2026-08-11,2026-03-21..2026-08-06,baccarat_bet02_101_all_pairs_incl_sentinel,round_win = game_pnl > 0 (decisive only),COMPATIBILITY_ONLY_NOT_PRODUCTION,296357.1217,267511.9505,6650.6079,18220,18206,-0.02244119,-0.04150452,-0.02020951,-0.02244119,-6650.6079,296357.1217,OK,0.0000,266.0243,4.0000,96.0000,AG03-UNRESOLVED,ALL5_LEVELS_bet23_to_bet27,266.0243,266.0243,266.0243,332.5304,332.5304,4.000000,4.000000,4.000000,5.000000,5.000000,96.000000,96.000000,96.000000,95.000000,95.000000,5.0,1463.1337,1340.2688,5187.4742,5310.3391,PENDING_AG03,FALSE,NOT_FOR_ENFORCEMENT,6384.5836,256811.4724,6650.6079,6384.5836,266.0243,0.02244119,0.02154355,266.0243,6384.5836,0.02154355,266.0243,266.0243,266.0243,332.5304,332.5304,6384.5836,0.02154355,1463.1337,1340.2688,5187.4742,5310.3391,0.01750413,0.01791872,0.00089765,16.2655,14.6936,0.3653,59.3804,1.1678,2646.0457,162.5536,12.4780,16.8648,9.0895,16.5695,22.0926,29.825,33.4482,44.5976,11.8163,0.0,2.018664,2.691552,0.981654,30,240,141,4,0.10479828,0.02244119,0.04150452,0E-8,0.000000,0.902668,0.011910,-0.02129501,2026-03-22,2026-08-05,112,5695,2177,137,0.817518,0.739886,0.767145,0.349328,,,,,,,,GLOBAL_BASELINE_NO_ENTITY_RANKING,,,NOT_APPLICABLE_GLOBAL_BASELINE,HF9g-P5,,,,X 全窗基线 · 不参与实体赏罚,14194600,1420,A168_HF9F_20260827_0900,2026-08-27 09:00:00
2026-04-14,110249610,1399,0,366.4189787985,41.3002476878,41.3002476878,0.5714286,17,17,0.49797674705882353,0.497976747059,0.5496676226551028,0.5496676226537816,0.5496676226551028,-1.7647E-13,ELIGIBLE,R03b_20260811_FULL_v1,L1_ELIGIBILITY,v2026-08-11,2026-03-21..2026-08-06,baccarat_bet02_101_all_pairs_incl_sentinel,round_win = game_pnl > 0 (decisive only),COMPATIBILITY_ONLY_NOT_PRODUCTION,296357.1217,267511.9505,6650.6079,18220,18206,-0.02244119,-0.04150452,-0.02020951,-0.02244119,-6650.6079,296357.1217,OK,0.0000,266.0243,4.0000,96.0000,AG03-UNRESOLVED,ALL5_LEVELS_bet23_to_bet27,266.0243,266.0243,266.0243,332.5304,332.5304,4.000000,4.000000,4.000000,5.000000,5.000000,96.000000,96.000000,96.000000,95.000000,95.000000,5.0,1463.1337,1340.2688,5187.4742,5310.3391,PENDING_AG03,FALSE,NOT_FOR_ENFORCEMENT,6384.5836,256811.4724,6650.6079,6384.5836,266.0243,0.02244119,0.02154355,266.0243,6384.5836,0.02154355,266.0243,266.0243,266.0243,332.5304,332.5304,6384.5836,0.02154355,1463.1337,1340.2688,5187.4742,5310.3391,0.01750413,0.01791872,0.00089765,16.2655,14.6936,0.3653,59.3804,1.1678,2646.0457,162.5536,12.4780,16.8648,9.0895,16.5695,22.0926,29.825,33.4482,44.5976,11.8163,0.0,2.018664,2.691552,0.981654,30,240,141,4,0.10479828,0.02244119,0.04150452,0E-8,0.000000,0.902668,0.011910,-0.02129501,2026-03-22,2026-08-05,112,5695,2177,137,0.817518,0.739886,0.767145,0.349328,,,,,,,,GLOBAL_BASELINE_NO_ENTITY_RANKING,,,NOT_APPLICABLE_GLOBAL_BASELINE,HF9g-P5,,,,X 全窗基线 · 不参与实体赏罚,14194601,1420,A168_HF9F_20260827_0900,2026-08-27 09:00:00
2026-04-14,110249610,1405,0,119.2992023994,-85.2137159996,-85.2137159996,0E-7,7,7,0.50473567142857143,0.504735671429,-2.2573477954367025,-2.2573477954386374,-2.2573477954367025,-4.2857E-13,ELIGIBLE,R03b_20260811_FULL_v1,L1_ELIGIBILITY,v2026-08-11,2026-03-21..2026-08-06,baccarat_bet02_101_all_pairs_incl_sentinel,round_win = game_pnl > 0 (decisive only),COMPATIBILITY_ONLY_NOT_PRODUCTION,296357.1217,267511.9505,6650.6079,18220,18206,-0.02244119,-0.04150452,-0.02020951,-0.02244119,-6650.6079,296357.1217,OK,0.0000,266.0243,4.0000,96.0000,AG03-UNRESOLVED,ALL5_LEVELS_bet23_to_bet27,266.0243,266.0243,266.0243,332.5304,332.5304,4.000000,4.000000,4.000000,5.000000,5.000000,96.000000,96.000000,96.000000,95.000000,95.000000,5.0,1463.1337,1340.2688,5187.4742,5310.3391,PENDING_AG03,FALSE,NOT_FOR_ENFORCEMENT,6384.5836,256811.4724,6650.6079,6384.5836,266.0243,0.02244119,0.02154355,266.0243,6384.5836,0.02154355,266.0243,266.0243,266.0243,332.5304,332.5304,6384.5836,0.02154355,1463.1337,1340.2688,5187.4742,5310.3391,0.01750413,0.01791872,0.00089765,16.2655,14.6936,0.3653,59.3804,1.1678,2646.0457,162.5536,12.4780,16.8648,9.0895,16.5695,22.0926,29.825,33.4482,44.5976,11.8163,0.0,2.018664,2.691552,0.981654,30,240,141,4,0.10479828,0.02244119,0.04150452,0E-8,0.000000,0.902668,0.011910,-0.02129501,2026-03-22,2026-08-05,112,5695,2177,137,0.817518,0.739886,0.767145,0.349328,,,,,,,,GLOBAL_BASELINE_NO_ENTITY_RANKING,,,NOT_APPLICABLE_GLOBAL_BASELINE,HF9g-P5,,,,X 全窗基线 · 不参与实体赏罚,14194602,1420,A168_HF9F_20260827_0900,2026-08-27 09:00:00
2026-04-14,110249610,1507,0,261.3220623990,-57.3772354398,-57.3772354398,0.4166667,12,12,0.49659680000000000,0.496596800000,-0.5537850357270144,-0.5537850357270144,-0.5537850357270144,0E-17,ELIGIBLE,R03b_20260811_FULL_v1,L1_ELIGIBILITY,v2026-08-11,2026-03-21..2026-08-06,baccarat_bet02_101_all_pairs_incl_sentinel,round_win = game_pnl > 0 (decisive only),COMPATIBILITY_ONLY_NOT_PRODUCTION,296357.1217,267511.9505,6650.6079,18220,18206,-0.02244119,-0.04150452,-0.02020951,-0.02244119,-6650.6079,296357.1217,OK,0.0000,266.0243,4.0000,96.0000,AG03-UNRESOLVED,ALL5_LEVELS_bet23_to_bet27,266.0243,266.0243,266.0243,332.5304,332.5304,4.000000,4.000000,4.000000,5.000000,5.000000,96.000000,96.000000,96.000000,95.000000,95.000000,5.0,1463.1337,1340.2688,5187.4742,5310.3391,PENDING_AG03,FALSE,NOT_FOR_ENFORCEMENT,6384.5836,256811.4724,6650.6079,6384.5836,266.0243,0.02244119,0.02154355,266.0243,6384.5836,0.02154355,266.0243,266.0243,266.0243,332.5304,332.5304,6384.5836,0.02154355,1463.1337,1340.2688,5187.4742,5310.3391,0.01750413,0.01791872,0.00089765,16.2655,14.6936,0.3653,59.3804,1.1678,2646.0457,162.5536,12.4780,16.8648,9.0895,16.5695,22.0926,29.825,33.4482,44.5976,11.8163,0.0,2.018664,2.691552,0.981654,30,240,141,4,0.10479828,0.02244119,0.04150452,0E-8,0.000000,0.902668,0.011910,-0.02129501,2026-03-22,2026-08-05,112,5695,2177,137,0.817518,0.739886,0.767145,0.349328,,,,,,,,GLOBAL_BASELINE_NO_ENTITY_RANKING,,,NOT_APPLICABLE_GLOBAL_BASELINE,HF9g-P5,,,,X 全窗基线 · 不参与实体赏罚,14194603,1420,A168_HF9F_20260827_0900,2026-08-27 09:00:00
2026-04-14,110249610,1646,0,45.4473151998,-45.4473151998,-45.4473151998,0E-7,3,3,0.49324550000000000,0.493245500000,-1.708808463184432,-1.7088084631844318,-1.708808463184432,0E-17,ELIGIBLE,R03b_20260811_FULL_v1,L1_ELIGIBILITY,v2026-08-11,2026-03-21..2026-08-06,baccarat_bet02_101_all_pairs_incl_sentinel,round_win = game_pnl > 0 (decisive only),COMPATIBILITY_ONLY_NOT_PRODUCTION,296357.1217,267511.9505,6650.6079,18220,18206,-0.02244119,-0.04150452,-0.02020951,-0.02244119,-6650.6079,296357.1217,OK,0.0000,266.0243,4.0000,96.0000,AG03-UNRESOLVED,ALL5_LEVELS_bet23_to_bet27,266.0243,266.0243,266.0243,332.5304,332.5304,4.000000,4.000000,4.000000,5.000000,5.000000,96.000000,96.000000,96.000000,95.000000,95.000000,5.0,1463.1337,1340.2688,5187.4742,5310.3391,PENDING_AG03,FALSE,NOT_FOR_ENFORCEMENT,6384.5836,256811.4724,6650.6079,6384.5836,266.0243,0.02244119,0.02154355,266.0243,6384.5836,0.02154355,266.0243,266.0243,266.0243,332.5304,332.5304,6384.5836,0.02154355,1463.1337,1340.2688,5187.4742,5310.3391,0.01750413,0.01791872,0.00089765,16.2655,14.6936,0.3653,59.3804,1.1678,2646.0457,162.5536,12.4780,16.8648,9.0895,16.5695,22.0926,29.825,33.4482,44.5976,11.8163,0.0,2.018664,2.691552,0.981654,30,240,141,4,0.10479828,0.02244119,0.04150452,0E-8,0.000000,0.902668,0.011910,-0.02129501,2026-03-22,2026-08-05,112,5695,2177,137,0.817518,0.739886,0.767145,0.349328,,,,,,,,GLOBAL_BASELINE_NO_ENTITY_RANKING,,,NOT_APPLICABLE_GLOBAL_BASELINE,HF9g-P5,,,,X 全窗基线 · 不参与实体赏罚,14194604,1420,A168_HF9F_20260827_0900,2026-08-27 09:00:00
2026-04-14,110249610,1702,0,165.5418456154,-28.7454268639,-28.7454268639,0.5000000,7,7,0.49324550000000000,0.493245500000,0.03309317671092531,0.03309317671092531,0.03309317671092531,0E-17,ELIGIBLE,R03b_20260811_FULL_v1,L1_ELIGIBILITY,v2026-08-11,2026-03-21..2026-08-06,baccarat_bet02_101_all_pairs_incl_sentinel,round_win = game_pnl > 0 (decisive only),COMPATIBILITY_ONLY_NOT_PRODUCTION,296357.1217,267511.9505,6650.6079,18220,18206,-0.02244119,-0.04150452,-0.02020951,-0.02244119,-6650.6079,296357.1217,OK,0.0000,266.0243,4.0000,96.0000,AG03-UNRESOLVED,ALL5_LEVELS_bet23_to_bet27,266.0243,266.0243,266.0243,332.5304,332.5304,4.000000,4.000000,4.000000,5.000000,5.000000,96.000000,96.000000,96.000000,95.000000,95.000000,5.0,1463.1337,1340.2688,5187.4742,5310.3391,PENDING_AG03,FALSE,NOT_FOR_ENFORCEMENT,6384.5836,256811.4724,6650.6079,6384.5836,266.0243,0.02244119,0.02154355,266.0243,6384.5836,0.02154355,266.0243,266.0243,266.0243,332.5304,332.5304,6384.5836,0.02154355,1463.1337,1340.2688,5187.4742,5310.3391,0.01750413,0.01791872,0.00089765,16.2655,14.6936,0.3653,59.3804,1.1678,2646.0457,162.5536,12.4780,16.8648,9.0895,16.5695,22.0926,29.825,33.4482,44.5976,11.8163,0.0,2.018664,2.691552,0.981654,30,240,141,4,0.10479828,0.02244119,0.04150452,0E-8,0.000000,0.902668,0.011910,-0.02129501,2026-03-22,2026-08-05,112,5695,2177,137,0.817518,0.739886,0.767145,0.349328,,,,,,,,GLOBAL_BASELINE_NO_ENTITY_RANKING,,,NOT_APPLICABLE_GLOBAL_BASELINE,HF9g-P5,,,,X 全窗基线 · 不参与实体赏罚,14194605,1420,A168_HF9F_20260827_0900,2026-08-27 09:00:00
2026-04-14,110249610,1704,0,17.0427431999,-17.0427431999,-17.0427431999,0E-7,1,1,0.50665070000000000,0.506650700000,-1.013391052207602,-1.013391052207602,-1.013391052207602,0E-17,ELIGIBLE,R03b_20260811_FULL_v1,L1_ELIGIBILITY,v2026-08-11,2026-03-21..2026-08-06,baccarat_bet02_101_all_pairs_incl_sentinel,round_win = game_pnl > 0 (decisive only),COMPATIBILITY_ONLY_NOT_PRODUCTION,296357.1217,267511.9505,6650.6079,18220,18206,-0.02244119,-0.04150452,-0.02020951,-0.02244119,-6650.6079,296357.1217,OK,0.0000,266.0243,4.0000,96.0000,AG03-UNRESOLVED,ALL5_LEVELS_bet23_to_bet27,266.0243,266.0243,266.0243,332.5304,332.5304,4.000000,4.000000,4.000000,5.000000,5.000000,96.000000,96.000000,96.000000,95.000000,95.000000,5.0,1463.1337,1340.2688,5187.4742,5310.3391,PENDING_AG03,FALSE,NOT_FOR_ENFORCEMENT,6384.5836,256811.4724,6650.6079,6384.5836,266.0243,0.02244119,0.02154355,266.0243,6384.5836,0.02154355,266.0243,266.0243,266.0243,332.5304,332.5304,6384.5836,0.02154355,1463.1337,1340.2688,5187.4742,5310.3391,0.01750413,0.01791872,0.00089765,16.2655,14.6936,0.3653,59.3804,1.1678,2646.0457,162.5536,12.4780,16.8648,9.0895,16.5695,22.0926,29.825,33.4482,44.5976,11.8163,0.0,2.018664,2.691552,0.981654,30,240,141,4,0.10479828,0.02244119,0.04150452,0E-8,0.000000,0.902668,0.011910,-0.02129501,2026-03-22,2026-08-05,112,5695,2177,137,0.817518,0.739886,0.767145,0.349328,,,,,,,,GLOBAL_BASELINE_NO_ENTITY_RANKING,,,NOT_APPLICABLE_GLOBAL_BASELINE,HF9g-P5,,,,X 全窗基线 · 不参与实体赏罚,14194606,1420,A168_HF9F_20260827_0900,2026-08-27 09:00:00
2026-04-14,110249610,1711,0,34.0854863998,-34.0854863998,-34.0854863998,0E-7,2,2,0.50665070000000000,0.506650700000,-1.4331513700195317,-1.4331513700195317,-1.4331513700195317,0E-17,ELIGIBLE,R03b_20260811_FULL_v1,L1_ELIGIBILITY,v2026-08-11,2026-03-21..2026-08-06,baccarat_bet02_101_all_pairs_incl_sentinel,round_win = game_pnl > 0 (decisive only),COMPATIBILITY_ONLY_NOT_PRODUCTION,296357.1217,267511.9505,6650.6079,18220,18206,-0.02244119,-0.04150452,-0.02020951,-0.02244119,-6650.6079,296357.1217,OK,0.0000,266.0243,4.0000,96.0000,AG03-UNRESOLVED,ALL5_LEVELS_bet23_to_bet27,266.0243,266.0243,266.0243,332.5304,332.5304,4.000000,4.000000,4.000000,5.000000,5.000000,96.000000,96.000000,96.000000,95.000000,95.000000,5.0,1463.1337,1340.2688,5187.4742,5310.3391,PENDING_AG03,FALSE,NOT_FOR_ENFORCEMENT,6384.5836,256811.4724,6650.6079,6384.5836,266.0243,0.02244119,0.02154355,266.0243,6384.5836,0.02154355,266.0243,266.0243,266.0243,332.5304,332.5304,6384.5836,0.02154355,1463.1337,1340.2688,5187.4742,5310.3391,0.01750413,0.01791872,0.00089765,16.2655,14.6936,0.3653,59.3804,1.1678,2646.0457,162.5536,12.4780,16.8648,9.0895,16.5695,22.0926,29.825,33.4482,44.5976,11.8163,0.0,2.018664,2.691552,0.981654,30,240,141,4,0.10479828,0.02244119,0.04150452,0E-8,0.000000,0.902668,0.011910,-0.02129501,2026-03-22,2026-08-05,112,5695,2177,137,0.817518,0.739886,0.767145,0.349328,,,,,,,,GLOBAL_BASELINE_NO_ENTITY_RANKING,,,NOT_APPLICABLE_GLOBAL_BASELINE,HF9g-P5,,,,X 全窗基线 · 不参与实体赏罚,14194607,1420,A168_HF9F_20260827_0900,2026-08-27 09:00:00
2026-04-14,110249610,1714,0,74.0791237757,-5.6809144000,-5.6809144000,0.5000000,3,3,0.49324550000000000,0.493245500000,0.01910635448239258,0.01910635448239258,0.01910635448239258,0E-17,ELIGIBLE,R03b_20260811_FULL_v1,L1_ELIGIBILITY,v2026-08-11,2026-03-21..2026-08-06,baccarat_bet02_101_all_pairs_incl_sentinel,round_win = game_pnl > 0 (decisive only),COMPATIBILITY_ONLY_NOT_PRODUCTION,296357.1217,267511.9505,6650.6079,18220,18206,-0.02244119,-0.04150452,-0.02020951,-0.02244119,-6650.6079,296357.1217,OK,0.0000,266.0243,4.0000,96.0000,AG03-UNRESOLVED,ALL5_LEVELS_bet23_to_bet27,266.0243,266.0243,266.0243,332.5304,332.5304,4.000000,4.000000,4.000000,5.000000,5.000000,96.000000,96.000000,96.000000,95.000000,95.000000,5.0,1463.1337,1340.2688,5187.4742,5310.3391,PENDING_AG03,FALSE,NOT_FOR_ENFORCEMENT,6384.5836,256811.4724,6650.6079,6384.5836,266.0243,0.02244119,0.02154355,266.0243,6384.5836,0.02154355,266.0243,266.0243,266.0243,332.5304,332.5304,6384.5836,0.02154355,1463.1337,1340.2688,5187.4742,5310.3391,0.01750413,0.01791872,0.00089765,16.2655,14.6936,0.3653,59.3804,1.1678,2646.0457,162.5536,12.4780,16.8648,9.0895,16.5695,22.0926,29.825,33.4482,44.5976,11.8163,0.0,2.018664,2.691552,0.981654,30,240,141,4,0.10479828,0.02244119,0.04150452,0E-8,0.000000,0.902668,0.011910,-0.02129501,2026-03-22,2026-08-05,112,5695,2177,137,0.817518,0.739886,0.767145,0.349328,,,,,,,,GLOBAL_BASELINE_NO_ENTITY_RANKING,,,NOT_APPLICABLE_GLOBAL_BASELINE,HF9g-P5,,,,X 全窗基线 · 不参与实体赏罚,14194608,1420,A168_HF9F_20260827_0900,2026-08-27 09:00:00
2026-04-14,110249610,1935,0,56.8091439998,-34.6535778398,-34.6535778398,0.2500000,4,4,0.50665070000000000,0.506650700000,-1.0266936290537745,-1.0266936290537745,-1.0266936290537745,0E-17,ELIGIBLE,R03b_20260811_FULL_v1,L1_ELIGIBILITY,v2026-08-11,2026-03-21..2026-08-06,baccarat_bet02_101_all_pairs_incl_sentinel,round_win = game_pnl > 0 (decisive only),COMPATIBILITY_ONLY_NOT_PRODUCTION,296357.1217,267511.9505,6650.6079,18220,18206,-0.02244119,-0.04150452,-0.02020951,-0.02244119,-6650.6079,296357.1217,OK,0.0000,266.0243,4.0000,96.0000,AG03-UNRESOLVED,ALL5_LEVELS_bet23_to_bet27,266.0243,266.0243,266.0243,332.5304,332.5304,4.000000,4.000000,4.000000,5.000000,5.000000,96.000000,96.000000,96.000000,95.000000,95.000000,5.0,1463.1337,1340.2688,5187.4742,5310.3391,PENDING_AG03,FALSE,NOT_FOR_ENFORCEMENT,6384.5836,256811.4724,6650.6079,6384.5836,266.0243,0.02244119,0.02154355,266.0243,6384.5836,0.02154355,266.0243,266.0243,266.0243,332.5304,332.5304,6384.5836,0.02154355,1463.1337,1340.2688,5187.4742,5310.3391,0.01750413,0.01791872,0.00089765,16.2655,14.6936,0.3653,59.3804,1.1678,2646.0457,162.5536,12.4780,16.8648,9.0895,16.5695,22.0926,29.825,33.4482,44.5976,11.8163,0.0,2.018664,2.691552,0.981654,30,240,141,4,0.10479828,0.02244119,0.04150452,0E-8,0.000000,0.902668,0.011910,-0.02129501,2026-03-22,2026-08-05,112,5695,2177,137,0.817518,0.739886,0.767145,0.349328,,,,,,,,GLOBAL_BASELINE_NO_ENTITY_RANKING,,,NOT_APPLICABLE_GLOBAL_BASELINE,HF9g-P5,,,,X 全窗基线 · 不参与实体赏罚,14194609,1420,A168_HF9F_20260827_0900,2026-08-27 09:00:00
2026-04-14,110249610,1941,0,150.5442315994,-0.9941600200,-0.9941600200,0.5714286,7,7,0.50665070000000000,0.506650700000,0.34280260342128577,0.34280260342128577,0.34280260342128577,0E-17,ELIGIBLE,R03b_20260811_FULL_v1,L1_ELIGIBILITY,v2026-08-11,2026-03-21..2026-08-06,baccarat_bet02_101_all_pairs_incl_sentinel,round_win = game_pnl > 0 (decisive only),COMPATIBILITY_ONLY_NOT_PRODUCTION,296357.1217,267511.9505,6650.6079,18220,18206,-0.02244119,-0.04150452,-0.02020951,-0.02244119,-6650.6079,296357.1217,OK,0.0000,266.0243,4.0000,96.0000,AG03-UNRESOLVED,ALL5_LEVELS_bet23_to_bet27,266.0243,266.0243,266.0243,332.5304,332.5304,4.000000,4.000000,4.000000,5.000000,5.000000,96.000000,96.000000,96.000000,95.000000,95.000000,5.0,1463.1337,1340.2688,5187.4742,5310.3391,PENDING_AG03,FALSE,NOT_FOR_ENFORCEMENT,6384.5836,256811.4724,6650.6079,6384.5836,266.0243,0.02244119,0.02154355,266.0243,6384.5836,0.02154355,266.0243,266.0243,266.0243,332.5304,332.5304,6384.5836,0.02154355,1463.1337,1340.2688,5187.4742,5310.3391,0.01750413,0.01791872,0.00089765,16.2655,14.6936,0.3653,59.3804,1.1678,2646.0457,162.5536,12.4780,16.8648,9.0895,16.5695,22.0926,29.825,33.4482,44.5976,11.8163,0.0,2.018664,2.691552,0.981654,30,240,141,4,0.10479828,0.02244119,0.04150452,0E-8,0.000000,0.902668,0.011910,-0.02129501,2026-03-22,2026-08-05,112,5695,2177,137,0.817518,0.739886,0.767145,0.349328,,,,,,,,GLOBAL_BASELINE_NO_ENTITY_RANKING,,,NOT_APPLICABLE_GLOBAL_BASELINE,HF9g-P5,,,,X 全窗基线 · 不参与实体赏罚,14194610,1420,A168_HF9F_20260827_0900,2026-08-27 09:00:00
2026-04-14,110249610,1947,0,180.6530779192,-0.2840457200,-0.2840457200,0.6000000,10,10,0.49726706000000000,0.497267060000,0.6497498682362389,0.649749868236239,0.6497498682362389,0E-17,ELIGIBLE,R03b_20260811_FULL_v1,L1_ELIGIBILITY,v2026-08-11,2026-03-21..2026-08-06,baccarat_bet02_101_all_pairs_incl_sentinel,round_win = game_pnl > 0 (decisive only),COMPATIBILITY_ONLY_NOT_PRODUCTION,296357.1217,267511.9505,6650.6079,18220,18206,-0.02244119,-0.04150452,-0.02020951,-0.02244119,-6650.6079,296357.1217,OK,0.0000,266.0243,4.0000,96.0000,AG03-UNRESOLVED,ALL5_LEVELS_bet23_to_bet27,266.0243,266.0243,266.0243,332.5304,332.5304,4.000000,4.000000,4.000000,5.000000,5.000000,96.000000,96.000000,96.000000,95.000000,95.000000,5.0,1463.1337,1340.2688,5187.4742,5310.3391,PENDING_AG03,FALSE,NOT_FOR_ENFORCEMENT,6384.5836,256811.4724,6650.6079,6384.5836,266.0243,0.02244119,0.02154355,266.0243,6384.5836,0.02154355,266.0243,266.0243,266.0243,332.5304,332.5304,6384.5836,0.02154355,1463.1337,1340.2688,5187.4742,5310.3391,0.01750413,0.01791872,0.00089765,16.2655,14.6936,0.3653,59.3804,1.1678,2646.0457,162.5536,12.4780,16.8648,9.0895,16.5695,22.0926,29.825,33.4482,44.5976,11.8163,0.0,2.018664,2.691552,0.981654,30,240,141,4,0.10479828,0.02244119,0.04150452,0E-8,0.000000,0.902668,0.011910,-0.02129501,2026-03-22,2026-08-05,112,5695,2177,137,0.817518,0.739886,0.767145,0.349328,,,,,,,,GLOBAL_BASELINE_NO_ENTITY_RANKING,,,NOT_APPLICABLE_GLOBAL_BASELINE,HF9g-P5,,,,X 全窗基线 · 不参与实体赏罚,14194611,1420,A168_HF9F_20260827_0900,2026-08-27 09:00:00
2026-04-14,110249610,1966,0,71.5795214397,0.2840457201,0.2840457201,0.6000000,5,5,0.49860758000000000,0.498607580000,0.4534424453485946,0.4534424453485946,0.4534424453485946,0E-17,ELIGIBLE,R03b_20260811_FULL_v1,L1_ELIGIBILITY,v2026-08-11,2026-03-21..2026-08-06,baccarat_bet02_101_all_pairs_incl_sentinel,round_win = game_pnl > 0 (decisive only),COMPATIBILITY_ONLY_NOT_PRODUCTION,296357.1217,267511.9505,6650.6079,18220,18206,-0.02244119,-0.04150452,-0.02020951,-0.02244119,-6650.6079,296357.1217,OK,0.0000,266.0243,4.0000,96.0000,AG03-UNRESOLVED,ALL5_LEVELS_bet23_to_bet27,266.0243,266.0243,266.0243,332.5304,332.5304,4.000000,4.000000,4.000000,5.000000,5.000000,96.000000,96.000000,96.000000,95.000000,95.000000,5.0,1463.1337,1340.2688,5187.4742,5310.3391,PENDING_AG03,FALSE,NOT_FOR_ENFORCEMENT,6384.5836,256811.4724,6650.6079,6384.5836,266.0243,0.02244119,0.02154355,266.0243,6384.5836,0.02154355,266.0243,266.0243,266.0243,332.5304,332.5304,6384.5836,0.02154355,1463.1337,1340.2688,5187.4742,5310.3391,0.01750413,0.01791872,0.00089765,16.2655,14.6936,0.3653,59.3804,1.1678,2646.0457,162.5536,12.4780,16.8648,9.0895,16.5695,22.0926,29.825,33.4482,44.5976,11.8163,0.0,2.018664,2.691552,0.981654,30,240,141,4,0.10479828,0.02244119,0.04150452,0E-8,0.000000,0.902668,0.011910,-0.02129501,2026-03-22,2026-08-05,112,5695,2177,137,0.817518,0.739886,0.767145,0.349328,,,,,,,,GLOBAL_BASELINE_NO_ENTITY_RANKING,,,NOT_APPLICABLE_GLOBAL_BASELINE,HF9g-P5,,,,X 全窗基线 · 不参与实体赏罚,14194612,1420,A168_HF9F_20260827_0900,2026-08-27 09:00:00
2026-04-14,110249610,2060,0,51.1282295998,-28.4045719999,-28.4045719999,0E-7,2,2,0.49324550000000000,0.493245500000,-0.9865810262130424,-0.9865810262130424,-0.9865810262130424,0E-17,ELIGIBLE,R03b_20260811_FULL_v1,L1_ELIGIBILITY,v2026-08-11,2026-03-21..2026-08-06,baccarat_bet02_101_all_pairs_incl_sentinel,round_win = game_pnl > 0 (decisive only),COMPATIBILITY_ONLY_NOT_PRODUCTION,296357.1217,267511.9505,6650.6079,18220,18206,-0.02244119,-0.04150452,-0.02020951,-0.02244119,-6650.6079,296357.1217,OK,0.0000,266.0243,4.0000,96.0000,AG03-UNRESOLVED,ALL5_LEVELS_bet23_to_bet27,266.0243,266.0243,266.0243,332.5304,332.5304,4.000000,4.000000,4.000000,5.000000,5.000000,96.000000,96.000000,96.000000,95.000000,95.000000,5.0,1463.1337,1340.2688,5187.4742,5310.3391,PENDING_AG03,FALSE,NOT_FOR_ENFORCEMENT,6384.5836,256811.4724,6650.6079,6384.5836,266.0243,0.02244119,0.02154355,266.0243,6384.5836,0.02154355,266.0243,266.0243,266.0243,332.5304,332.5304,6384.5836,0.02154355,1463.1337,1340.2688,5187.4742,5310.3391,0.01750413,0.01791872,0.00089765,16.2655,14.6936,0.3653,59.3804,1.1678,2646.0457,162.5536,12.4780,16.8648,9.0895,16.5695,22.0926,29.825,33.4482,44.5976,11.8163,0.0,2.018664,2.691552,0.981654,30,240,141,4,0.10479828,0.02244119,0.04150452,0E-8,0.000000,0.902668,0.011910,-0.02129501,2026-03-22,2026-08-05,112,5695,2177,137,0.817518,0.739886,0.767145,0.349328,,,,,,,,GLOBAL_BASELINE_NO_ENTITY_RANKING,,,NOT_APPLICABLE_GLOBAL_BASELINE,HF9g-P5,,,,X 全窗基线 · 不参与实体赏罚,14194613,1420,A168_HF9F_20260827_0900,2026-08-27 09:00:00
2026-04-14,110249610,2063,0,258.4816051991,-15.6225145998,-15.6225145998,0.5000000,13,13,0.49737017692307692,0.497370176923,0.018220200759036957,0.018220200759569895,0.018220200759036957,7.692E-14,ELIGIBLE,R03b_20260811_FULL_v1,L1_ELIGIBILITY,v2026-08-11,2026-03-21..2026-08-06,baccarat_bet02_101_all_pairs_incl_sentinel,round_win = game_pnl > 0 (decisive only),COMPATIBILITY_ONLY_NOT_PRODUCTION,296357.1217,267511.9505,6650.6079,18220,18206,-0.02244119,-0.04150452,-0.02020951,-0.02244119,-6650.6079,296357.1217,OK,0.0000,266.0243,4.0000,96.0000,AG03-UNRESOLVED,ALL5_LEVELS_bet23_to_bet27,266.0243,266.0243,266.0243,332.5304,332.5304,4.000000,4.000000,4.000000,5.000000,5.000000,96.000000,96.000000,96.000000,95.000000,95.000000,5.0,1463.1337,1340.2688,5187.4742,5310.3391,PENDING_AG03,FALSE,NOT_FOR_ENFORCEMENT,6384.5836,256811.4724,6650.6079,6384.5836,266.0243,0.02244119,0.02154355,266.0243,6384.5836,0.02154355,266.0243,266.0243,266.0243,332.5304,332.5304,6384.5836,0.02154355,1463.1337,1340.2688,5187.4742,5310.3391,0.01750413,0.01791872,0.00089765,16.2655,14.6936,0.3653,59.3804,1.1678,2646.0457,162.5536,12.4780,16.8648,9.0895,16.5695,22.0926,29.825,33.4482,44.5976,11.8163,0.0,2.018664,2.691552,0.981654,30,240,141,4,0.10479828,0.02244119,0.04150452,0E-8,0.000000,0.902668,0.011910,-0.02129501,2026-03-22,2026-08-05,112,5695,2177,137,0.817518,0.739886,0.767145,0.349328,,,,,,,,GLOBAL_BASELINE_NO_ENTITY_RANKING,,,NOT_APPLICABLE_GLOBAL_BASELINE,HF9g-P5,,,,X 全窗基线 · 不参与实体赏罚,14194614,1420,A168_HF9F_20260827_0900,2026-08-27 09:00:00
2026-04-14,110249610,2115,0,215.8747471992,43.7430408798,43.7430408798,0.6000000,10,10,0.49860758000000000,0.498607580000,0.6412644559676035,0.6412644559676035,0.6412644559676035,0E-17,ELIGIBLE,R03b_20260811_FULL_v1,L1_ELIGIBILITY,v2026-08-11,2026-03-21..2026-08-06,baccarat_bet02_101_all_pairs_incl_sentinel,round_win = game_pnl > 0 (decisive only),COMPATIBILITY_ONLY_NOT_PRODUCTION,296357.1217,267511.9505,6650.6079,18220,18206,-0.02244119,-0.04150452,-0.02020951,-0.02244119,-6650.6079,296357.1217,OK,0.0000,266.0243,4.0000,96.0000,AG03-UNRESOLVED,ALL5_LEVELS_bet23_to_bet27,266.0243,266.0243,266.0243,332.5304,332.5304,4.000000,4.000000,4.000000,5.000000,5.000000,96.000000,96.000000,96.000000,95.000000,95.000000,5.0,1463.1337,1340.2688,5187.4742,5310.3391,PENDING_AG03,FALSE,NOT_FOR_ENFORCEMENT,6384.5836,256811.4724,6650.6079,6384.5836,266.0243,0.02244119,0.02154355,266.0243,6384.5836,0.02154355,266.0243,266.0243,266.0243,332.5304,332.5304,6384.5836,0.02154355,1463.1337,1340.2688,5187.4742,5310.3391,0.01750413,0.01791872,0.00089765,16.2655,14.6936,0.3653,59.3804,1.1678,2646.0457,162.5536,12.4780,16.8648,9.0895,16.5695,22.0926,29.825,33.4482,44.5976,11.8163,0.0,2.018664,2.691552,0.981654,30,240,141,4,0.10479828,0.02244119,0.04150452,0E-8,0.000000,0.902668,0.011910,-0.02129501,2026-03-22,2026-08-05,112,5695,2177,137,0.817518,0.739886,0.767145,0.349328,,,,,,,,GLOBAL_BASELINE_NO_ENTITY_RANKING,,,NOT_APPLICABLE_GLOBAL_BASELINE,HF9g-P5,,,,X 全窗基线 · 不参与实体赏罚,14194615,1420,A168_HF9F_20260827_0900,2026-08-27 09:00:00
2026-04-14,110249610,2130,0,61.3538755198,-16.7586974800,-16.7586974800,0.3333333,4,4,0.50329940000000000,0.503299400000,-0.5887925454369916,-0.5887925454369916,-0.5887925454369916,0E-17,ELIGIBLE,R03b_20260811_FULL_v1,L1_ELIGIBILITY,v2026-08-11,2026-03-21..2026-08-06,baccarat_bet02_101_all_pairs_incl_sentinel,round_win = game_pnl > 0 (decisive only),COMPATIBILITY_ONLY_NOT_PRODUCTION,296357.1217,267511.9505,6650.6079,18220,18206,-0.02244119,-0.04150452,-0.02020951,-0.02244119,-6650.6079,296357.1217,OK,0.0000,266.0243,4.0000,96.0000,AG03-UNRESOLVED,ALL5_LEVELS_bet23_to_bet27,266.0243,266.0243,266.0243,332.5304,332.5304,4.000000,4.000000,4.000000,5.000000,5.000000,96.000000,96.000000,96.000000,95.000000,95.000000,5.0,1463.1337,1340.2688,5187.4742,5310.3391,PENDING_AG03,FALSE,NOT_FOR_ENFORCEMENT,6384.5836,256811.4724,6650.6079,6384.5836,266.0243,0.02244119,0.02154355,266.0243,6384.5836,0.02154355,266.0243,266.0243,266.0243,332.5304,332.5304,6384.5836,0.02154355,1463.1337,1340.2688,5187.4742,5310.3391,0.01750413,0.01791872,0.00089765,16.2655,14.6936,0.3653,59.3804,1.1678,2646.0457,162.5536,12.4780,16.8648,9.0895,16.5695,22.0926,29.825,33.4482,44.5976,11.8163,0.0,2.018664,2.691552,0.981654,30,240,141,4,0.10479828,0.02244119,0.04150452,0E-8,0.000000,0.902668,0.011910,-0.02129501,2026-03-22,2026-08-05,112,5695,2177,137,0.817518,0.739886,0.767145,0.349328,,,,,,,,GLOBAL_BASELINE_NO_ENTITY_RANKING,,,NOT_APPLICABLE_GLOBAL_BASELINE,HF9g-P5,,,,X 全窗基线 · 不参与实体赏罚,14194616,1420,A168_HF9F_20260827_0900,2026-08-27 09:00:00
2026-04-14,110249610,2134,0,39.7664007998,-5.6809144000,-5.6809144000,0.5000000,2,2,0.49324550000000000,0.493245500000,0.01910635448239258,0.01910635448239258,0.01910635448239258,0E-17,ELIGIBLE,R03b_20260811_FULL_v1,L1_ELIGIBILITY,v2026-08-11,2026-03-21..2026-08-06,baccarat_bet02_101_all_pairs_incl_sentinel,round_win = game_pnl > 0 (decisive only),COMPATIBILITY_ONLY_NOT_PRODUCTION,296357.1217,267511.9505,6650.6079,18220,18206,-0.02244119,-0.04150452,-0.02020951,-0.02244119,-6650.6079,296357.1217,OK,0.0000,266.0243,4.0000,96.0000,AG03-UNRESOLVED,ALL5_LEVELS_bet23_to_bet27,266.0243,266.0243,266.0243,332.5304,332.5304,4.000000,4.000000,4.000000,5.000000,5.000000,96.000000,96.000000,96.000000,95.000000,95.000000,5.0,1463.1337,1340.2688,5187.4742,5310.3391,PENDING_AG03,FALSE,NOT_FOR_ENFORCEMENT,6384.5836,256811.4724,6650.6079,6384.5836,266.0243,0.02244119,0.02154355,266.0243,6384.5836,0.02154355,266.0243,266.0243,266.0243,332.5304,332.5304,6384.5836,0.02154355,1463.1337,1340.2688,5187.4742,5310.3391,0.01750413,0.01791872,0.00089765,16.2655,14.6936,0.3653,59.3804,1.1678,2646.0457,162.5536,12.4780,16.8648,9.0895,16.5695,22.0926,29.825,33.4482,44.5976,11.8163,0.0,2.018664,2.691552,0.981654,30,240,141,4,0.10479828,0.02244119,0.04150452,0E-8,0.000000,0.902668,0.011910,-0.02129501,2026-03-22,2026-08-05,112,5695,2177,137,0.817518,0.739886,0.767145,0.349328,,,,,,,,GLOBAL_BASELINE_NO_ENTITY_RANKING,,,NOT_APPLICABLE_GLOBAL_BASELINE,HF9g-P5,,,,X 全窗基线 · 不参与实体赏罚,14194617,1420,A168_HF9F_20260827_0900,2026-08-27 09:00:00
2026-04-14,110249610,2167,0,254.5049651189,71.6647351556,71.6647351556,0.7000000,11,11,0.50665070000000000,0.506650700000,1.2229565359475965,1.2229565359475965,1.2229565359475965,0E-17,ELIGIBLE,R03b_20260811_FULL_v1,L1_ELIGIBILITY,v2026-08-11,2026-03-21..2026-08-06,baccarat_bet02_101_all_pairs_incl_sentinel,round_win = game_pnl > 0 (decisive only),COMPATIBILITY_ONLY_NOT_PRODUCTION,296357.1217,267511.9505,6650.6079,18220,18206,-0.02244119,-0.04150452,-0.02020951,-0.02244119,-6650.6079,296357.1217,OK,0.0000,266.0243,4.0000,96.0000,AG03-UNRESOLVED,ALL5_LEVELS_bet23_to_bet27,266.0243,266.0243,266.0243,332.5304,332.5304,4.000000,4.000000,4.000000,5.000000,5.000000,96.000000,96.000000,96.000000,95.000000,95.000000,5.0,1463.1337,1340.2688,5187.4742,5310.3391,PENDING_AG03,FALSE,NOT_FOR_ENFORCEMENT,6384.5836,256811.4724,6650.6079,6384.5836,266.0243,0.02244119,0.02154355,266.0243,6384.5836,0.02154355,266.0243,266.0243,266.0243,332.5304,332.5304,6384.5836,0.02154355,1463.1337,1340.2688,5187.4742,5310.3391,0.01750413,0.01791872,0.00089765,16.2655,14.6936,0.3653,59.3804,1.1678,2646.0457,162.5536,12.4780,16.8648,9.0895,16.5695,22.0926,29.825,33.4482,44.5976,11.8163,0.0,2.018664,2.691552,0.981654,30,240,141,4,0.10479828,0.02244119,0.04150452,0E-8,0.000000,0.902668,0.011910,-0.02129501,2026-03-22,2026-08-05,112,5695,2177,137,0.817518,0.739886,0.767145,0.349328,,,,,,,,GLOBAL_BASELINE_NO_ENTITY_RANKING,,,NOT_APPLICABLE_GLOBAL_BASELINE,HF9g-P5,,,,X 全窗基线 · 不参与实体赏罚,14194618,1420,A168_HF9F_20260827_0900,2026-08-27 09:00:00
2026-04-14,110249610,2169,0,669.7798077574,215.6759151949,215.6759151949,0.7200000,28,28,0.50521442857142857,0.505214428571,2.1479725253476807,2.147972525351948,2.1479725253476807,4.2857E-13,ELIGIBLE,R03b_20260811_FULL_v1,L1_ELIGIBILITY,v2026-08-11,2026-03-21..2026-08-06,baccarat_bet02_101_all_pairs_incl_sentinel,round_win = game_pnl > 0 (decisive only),COMPATIBILITY_ONLY_NOT_PRODUCTION,296357.1217,267511.9505,6650.6079,18220,18206,-0.02244119,-0.04150452,-0.02020951,-0.02244119,-6650.6079,296357.1217,OK,0.0000,266.0243,4.0000,96.0000,AG03-UNRESOLVED,ALL5_LEVELS_bet23_to_bet27,266.0243,266.0243,266.0243,332.5304,332.5304,4.000000,4.000000,4.000000,5.000000,5.000000,96.000000,96.000000,96.000000,95.000000,95.000000,5.0,1463.1337,1340.2688,5187.4742,5310.3391,PENDING_AG03,FALSE,NOT_FOR_ENFORCEMENT,6384.5836,256811.4724,6650.6079,6384.5836,266.0243,0.02244119,0.02154355,266.0243,6384.5836,0.02154355,266.0243,266.0243,266.0243,332.5304,332.5304,6384.5836,0.02154355,1463.1337,1340.2688,5187.4742,5310.3391,0.01750413,0.01791872,0.00089765,16.2655,14.6936,0.3653,59.3804,1.1678,2646.0457,162.5536,12.4780,16.8648,9.0895,16.5695,22.0926,29.825,33.4482,44.5976,11.8163,0.0,2.018664,2.691552,0.981654,30,240,141,4,0.10479828,0.02244119,0.04150452,0E-8,0.000000,0.902668,0.011910,-0.02129501,2026-03-22,2026-08-05,112,5695,2177,137,0.817518,0.739886,0.767145,0.349328,,,,,,,,GLOBAL_BASELINE_NO_ENTITY_RANKING,,,NOT_APPLICABLE_GLOBAL_BASELINE,HF9g-P5,,,,X 全窗基线 · 不参与实体赏罚,14194619,1420,A168_HF9F_20260827_0900,2026-08-27 09:00:00
2026-04-14,110249610,2174,0,242.0069534390,-3.9766400800,-3.9766400800,0.5000000,12,12,0.49659680000000000,0.496596800000,0.02357860740362636,0.02357860740362636,0.02357860740362636,0E-17,ELIGIBLE,R03b_20260811_FULL_v1,L1_ELIGIBILITY,v2026-08-11,2026-03-21..2026-08-06,baccarat_bet02_101_all_pairs_incl_sentinel,round_win = game_pnl > 0 (decisive only),COMPATIBILITY_ONLY_NOT_PRODUCTION,296357.1217,267511.9505,6650.6079,18220,18206,-0.02244119,-0.04150452,-0.02020951,-0.02244119,-6650.6079,296357.1217,OK,0.0000,266.0243,4.0000,96.0000,AG03-UNRESOLVED,ALL5_LEVELS_bet23_to_bet27,266.0243,266.0243,266.0243,332.5304,332.5304,4.000000,4.000000,4.000000,5.000000,5.000000,96.000000,96.000000,96.000000,95.000000,95.000000,5.0,1463.1337,1340.2688,5187.4742,5310.3391,PENDING_AG03,FALSE,NOT_FOR_ENFORCEMENT,6384.5836,256811.4724,6650.6079,6384.5836,266.0243,0.02244119,0.02154355,266.0243,6384.5836,0.02154355,266.0243,266.0243,266.0243,332.5304,332.5304,6384.5836,0.02154355,1463.1337,1340.2688,5187.4742,5310.3391,0.01750413,0.01791872,0.00089765,16.2655,14.6936,0.3653,59.3804,1.1678,2646.0457,162.5536,12.4780,16.8648,9.0895,16.5695,22.0926,29.825,33.4482,44.5976,11.8163,0.0,2.018664,2.691552,0.981654,30,240,141,4,0.10479828,0.02244119,0.04150452,0E-8,0.000000,0.902668,0.011910,-0.02129501,2026-03-22,2026-08-05,112,5695,2177,137,0.817518,0.739886,0.767145,0.349328,,,,,,,,GLOBAL_BASELINE_NO_ENTITY_RANKING,,,NOT_APPLICABLE_GLOBAL_BASELINE,HF9g-P5,,,,X 全窗基线 · 不参与实体赏罚,14194620,1420,A168_HF9F_20260827_0900,2026-08-27 09:00:00
2026-04-14,110249610,2175,0,51.1282295998,-17.0427432000,-17.0427432000,0.3333333,3,3,0.49324550000000000,0.493245500000,-0.5540025479526107,-0.5540025479526106,-0.5540025479526107,0E-17,ELIGIBLE,R03b_20260811_FULL_v1,L1_ELIGIBILITY,v2026-08-11,2026-03-21..2026-08-06,baccarat_bet02_101_all_pairs_incl_sentinel,round_win = game_pnl > 0 (decisive only),COMPATIBILITY_ONLY_NOT_PRODUCTION,296357.1217,267511.9505,6650.6079,18220,18206,-0.02244119,-0.04150452,-0.02020951,-0.02244119,-6650.6079,296357.1217,OK,0.0000,266.0243,4.0000,96.0000,AG03-UNRESOLVED,ALL5_LEVELS_bet23_to_bet27,266.0243,266.0243,266.0243,332.5304,332.5304,4.000000,4.000000,4.000000,5.000000,5.000000,96.000000,96.000000,96.000000,95.000000,95.000000,5.0,1463.1337,1340.2688,5187.4742,5310.3391,PENDING_AG03,FALSE,NOT_FOR_ENFORCEMENT,6384.5836,256811.4724,6650.6079,6384.5836,266.0243,0.02244119,0.02154355,266.0243,6384.5836,0.02154355,266.0243,266.0243,266.0243,332.5304,332.5304,6384.5836,0.02154355,1463.1337,1340.2688,5187.4742,5310.3391,0.01750413,0.01791872,0.00089765,16.2655,14.6936,0.3653,59.3804,1.1678,2646.0457,162.5536,12.4780,16.8648,9.0895,16.5695,22.0926,29.825,33.4482,44.5976,11.8163,0.0,2.018664,2.691552,0.981654,30,240,141,4,0.10479828,0.02244119,0.04150452,0E-8,0.000000,0.902668,0.011910,-0.02129501,2026-03-22,2026-08-05,112,5695,2177,137,0.817518,0.739886,0.767145,0.349328,,,,,,,,GLOBAL_BASELINE_NO_ENTITY_RANKING,,,NOT_APPLICABLE_GLOBAL_BASELINE,HF9g-P5,,,,X 全窗基线 · 不参与实体赏罚,14194621,1420,A168_HF9F_20260827_0900,2026-08-27 09:00:00
2026-04-14,110249610,2177,0,90.8946303996,-57.6612811598,-57.6612811598,0.2000000,5,5,0.50665070000000000,0.506650700000,-1.3715049547573244,-1.3715049547573244,-1.3715049547573244,0E-17,ELIGIBLE,R03b_20260811_FULL_v1,L1_ELIGIBILITY,v2026-08-11,2026-03-21..2026-08-06,baccarat_bet02_101_all_pairs_incl_sentinel,round_win = game_pnl > 0 (decisive only),COMPATIBILITY_ONLY_NOT_PRODUCTION,296357.1217,267511.9505,6650.6079,18220,18206,-0.02244119,-0.04150452,-0.02020951,-0.02244119,-6650.6079,296357.1217,OK,0.0000,266.0243,4.0000,96.0000,AG03-UNRESOLVED,ALL5_LEVELS_bet23_to_bet27,266.0243,266.0243,266.0243,332.5304,332.5304,4.000000,4.000000,4.000000,5.000000,5.000000,96.000000,96.000000,96.000000,95.000000,95.000000,5.0,1463.1337,1340.2688,5187.4742,5310.3391,PENDING_AG03,FALSE,NOT_FOR_ENFORCEMENT,6384.5836,256811.4724,6650.6079,6384.5836,266.0243,0.02244119,0.02154355,266.0243,6384.5836,0.02154355,266.0243,266.0243,266.0243,332.5304,332.5304,6384.5836,0.02154355,1463.1337,1340.2688,5187.4742,5310.3391,0.01750413,0.01791872,0.00089765,16.2655,14.6936,0.3653,59.3804,1.1678,2646.0457,162.5536,12.4780,16.8648,9.0895,16.5695,22.0926,29.825,33.4482,44.5976,11.8163,0.0,2.018664,2.691552,0.981654,30,240,141,4,0.10479828,0.02244119,0.04150452,0E-8,0.000000,0.902668,0.011910,-0.02129501,2026-03-22,2026-08-05,112,5695,2177,137,0.817518,0.739886,0.767145,0.349328,,,,,,,,GLOBAL_BASELINE_NO_ENTITY_RANKING,,,NOT_APPLICABLE_GLOBAL_BASELINE,HF9g-P5,,,,X 全窗基线 · 不参与实体赏罚,14194622,1420,A168_HF9F_20260827_0900,2026-08-27 09:00:00
2026-04-14,110249610,2205,0,270.7523803030,-20.9341695639,-20.9341695639,0.4000000,11,11,0.50543204545454545,0.505432045455,-0.6668501588272238,-0.6668501588301053,-0.6668501588272238,-4.5455E-13,ELIGIBLE,R03b_20260811_FULL_v1,L1_ELIGIBILITY,v2026-08-11,2026-03-21..2026-08-06,baccarat_bet02_101_all_pairs_incl_sentinel,round_win = game_pnl > 0 (decisive only),COMPATIBILITY_ONLY_NOT_PRODUCTION,296357.1217,267511.9505,6650.6079,18220,18206,-0.02244119,-0.04150452,-0.02020951,-0.02244119,-6650.6079,296357.1217,OK,0.0000,266.0243,4.0000,96.0000,AG03-UNRESOLVED,ALL5_LEVELS_bet23_to_bet27,266.0243,266.0243,266.0243,332.5304,332.5304,4.000000,4.000000,4.000000,5.000000,5.000000,96.000000,96.000000,96.000000,95.000000,95.000000,5.0,1463.1337,1340.2688,5187.4742,5310.3391,PENDING_AG03,FALSE,NOT_FOR_ENFORCEMENT,6384.5836,256811.4724,6650.6079,6384.5836,266.0243,0.02244119,0.02154355,266.0243,6384.5836,0.02154355,266.0243,266.0243,266.0243,332.5304,332.5304,6384.5836,0.02154355,1463.1337,1340.2688,5187.4742,5310.3391,0.01750413,0.01791872,0.00089765,16.2655,14.6936,0.3653,59.3804,1.1678,2646.0457,162.5536,12.4780,16.8648,9.0895,16.5695,22.0926,29.825,33.4482,44.5976,11.8163,0.0,2.018664,2.691552,0.981654,30,240,141,4,0.10479828,0.02244119,0.04150452,0E-8,0.000000,0.902668,0.011910,-0.02129501,2026-03-22,2026-08-05,112,5695,2177,137,0.817518,0.739886,0.767145,0.349328,,,,,,,,GLOBAL_BASELINE_NO_ENTITY_RANKING,,,NOT_APPLICABLE_GLOBAL_BASELINE,HF9g-P5,,,,X 全窗基线 · 不参与实体赏罚,14194623,1420,A168_HF9F_20260827_0900,2026-08-27 09:00:00
2026-04-14,110249610,2216,0,17.0427431999,-17.0427431999,-17.0427431999,0E-7,1,1,0.49324550000000000,0.493245500000,-0.9865810262130424,-0.9865810262130424,-0.9865810262130424,0E-17,ELIGIBLE,R03b_20260811_FULL_v1,L1_ELIGIBILITY,v2026-08-11,2026-03-21..2026-08-06,baccarat_bet02_101_all_pairs_incl_sentinel,round_win = game_pnl > 0 (decisive only),COMPATIBILITY_ONLY_NOT_PRODUCTION,296357.1217,267511.9505,6650.6079,18220,18206,-0.02244119,-0.04150452,-0.02020951,-0.02244119,-6650.6079,296357.1217,OK,0.0000,266.0243,4.0000,96.0000,AG03-UNRESOLVED,ALL5_LEVELS_bet23_to_bet27,266.0243,266.0243,266.0243,332.5304,332.5304,4.000000,4.000000,4.000000,5.000000,5.000000,96.000000,96.000000,96.000000,95.000000,95.000000,5.0,1463.1337,1340.2688,5187.4742,5310.3391,PENDING_AG03,FALSE,NOT_FOR_ENFORCEMENT,6384.5836,256811.4724,6650.6079,6384.5836,266.0243,0.02244119,0.02154355,266.0243,6384.5836,0.02154355,266.0243,266.0243,266.0243,332.5304,332.5304,6384.5836,0.02154355,1463.1337,1340.2688,5187.4742,5310.3391,0.01750413,0.01791872,0.00089765,16.2655,14.6936,0.3653,59.3804,1.1678,2646.0457,162.5536,12.4780,16.8648,9.0895,16.5695,22.0926,29.825,33.4482,44.5976,11.8163,0.0,2.018664,2.691552,0.981654,30,240,141,4,0.10479828,0.02244119,0.04150452,0E-8,0.000000,0.902668,0.011910,-0.02129501,2026-03-22,2026-08-05,112,5695,2177,137,0.817518,0.739886,0.767145,0.349328,,,,,,,,GLOBAL_BASELINE_NO_ENTITY_RANKING,,,NOT_APPLICABLE_GLOBAL_BASELINE,HF9g-P5,,,,X 全窗基线 · 不参与实体赏罚,14194624,1420,A168_HF9F_20260827_0900,2026-08-27 09:00:00
2026-04-14,110249610,2218,0,117.0268366396,18.7470175199,18.7470175199,0.6666667,4,4,0.49324550000000000,0.493245500000,0.6008033672792107,0.6008033672792106,0.6008033672792107,0E-17,ELIGIBLE,R03b_20260811_FULL_v1,L1_ELIGIBILITY,v2026-08-11,2026-03-21..2026-08-06,baccarat_bet02_101_all_pairs_incl_sentinel,round_win = game_pnl > 0 (decisive only),COMPATIBILITY_ONLY_NOT_PRODUCTION,296357.1217,267511.9505,6650.6079,18220,18206,-0.02244119,-0.04150452,-0.02020951,-0.02244119,-6650.6079,296357.1217,OK,0.0000,266.0243,4.0000,96.0000,AG03-UNRESOLVED,ALL5_LEVELS_bet23_to_bet27,266.0243,266.0243,266.0243,332.5304,332.5304,4.000000,4.000000,4.000000,5.000000,5.000000,96.000000,96.000000,96.000000,95.000000,95.000000,5.0,1463.1337,1340.2688,5187.4742,5310.3391,PENDING_AG03,FALSE,NOT_FOR_ENFORCEMENT,6384.5836,256811.4724,6650.6079,6384.5836,266.0243,0.02244119,0.02154355,266.0243,6384.5836,0.02154355,266.0243,266.0243,266.0243,332.5304,332.5304,6384.5836,0.02154355,1463.1337,1340.2688,5187.4742,5310.3391,0.01750413,0.01791872,0.00089765,16.2655,14.6936,0.3653,59.3804,1.1678,2646.0457,162.5536,12.4780,16.8648,9.0895,16.5695,22.0926,29.825,33.4482,44.5976,11.8163,0.0,2.018664,2.691552,0.981654,30,240,141,4,0.10479828,0.02244119,0.04150452,0E-8,0.000000,0.902668,0.011910,-0.02129501,2026-03-22,2026-08-05,112,5695,2177,137,0.817518,0.739886,0.767145,0.349328,,,,,,,,GLOBAL_BASELINE_NO_ENTITY_RANKING,,,NOT_APPLICABLE_GLOBAL_BASELINE,HF9g-P5,,,,X 全窗基线 · 不参与实体赏罚,14194625,1420,A168_HF9F_20260827_0900,2026-08-27 09:00:00
2026-04-14,110249610,2222,0,289.3857795347,27.6092439838,27.6092439838,0.5714286,15,15,0.49503286000000000,0.495032860000,0.5717213682330076,0.5717213682330077,0.5717213682330076,0E-17,ELIGIBLE,R03b_20260811_FULL_v1,L1_ELIGIBILITY,v2026-08-11,2026-03-21..2026-08-06,baccarat_bet02_101_all_pairs_incl_sentinel,round_win = game_pnl > 0 (decisive only),COMPATIBILITY_ONLY_NOT_PRODUCTION,296357.1217,267511.9505,6650.6079,18220,18206,-0.02244119,-0.04150452,-0.02020951,-0.02244119,-6650.6079,296357.1217,OK,0.0000,266.0243,4.0000,96.0000,AG03-UNRESOLVED,ALL5_LEVELS_bet23_to_bet27,266.0243,266.0243,266.0243,332.5304,332.5304,4.000000,4.000000,4.000000,5.000000,5.000000,96.000000,96.000000,96.000000,95.000000,95.000000,5.0,1463.1337,1340.2688,5187.4742,5310.3391,PENDING_AG03,FALSE,NOT_FOR_ENFORCEMENT,6384.5836,256811.4724,6650.6079,6384.5836,266.0243,0.02244119,0.02154355,266.0243,6384.5836,0.02154355,266.0243,266.0243,266.0243,332.5304,332.5304,6384.5836,0.02154355,1463.1337,1340.2688,5187.4742,5310.3391,0.01750413,0.01791872,0.00089765,16.2655,14.6936,0.3653,59.3804,1.1678,2646.0457,162.5536,12.4780,16.8648,9.0895,16.5695,22.0926,29.825,33.4482,44.5976,11.8163,0.0,2.018664,2.691552,0.981654,30,240,141,4,0.10479828,0.02244119,0.04150452,0E-8,0.000000,0.902668,0.011910,-0.02129501,2026-03-22,2026-08-05,112,5695,2177,137,0.817518,0.739886,0.767145,0.349328,,,,,,,,GLOBAL_BASELINE_NO_ENTITY_RANKING,,,NOT_APPLICABLE_GLOBAL_BASELINE,HF9g-P5,,,,X 全窗基线 · 不参与实体赏罚,14194626,1420,A168_HF9F_20260827_0900,2026-08-27 09:00:00
2026-04-14,110249610,2248,0,196.6732565272,-5.5672961120,-5.5672961120,0.5000000,8,8,0.49492115000000000,0.494921150000,0.02488246566571863,0.02488246566571863,0.02488246566571863,0E-17,ELIGIBLE,R03b_20260811_FULL_v1,L1_ELIGIBILITY,v2026-08-11,2026-03-21..2026-08-06,baccarat_bet02_101_all_pairs_incl_sentinel,round_win = game_pnl > 0 (decisive only),COMPATIBILITY_ONLY_NOT_PRODUCTION,296357.1217,267511.9505,6650.6079,18220,18206,-0.02244119,-0.04150452,-0.02020951,-0.02244119,-6650.6079,296357.1217,OK,0.0000,266.0243,4.0000,96.0000,AG03-UNRESOLVED,ALL5_LEVELS_bet23_to_bet27,266.0243,266.0243,266.0243,332.5304,332.5304,4.000000,4.000000,4.000000,5.000000,5.000000,96.000000,96.000000,96.000000,95.000000,95.000000,5.0,1463.1337,1340.2688,5187.4742,5310.3391,PENDING_AG03,FALSE,NOT_FOR_ENFORCEMENT,6384.5836,256811.4724,6650.6079,6384.5836,266.0243,0.02244119,0.02154355,266.0243,6384.5836,0.02154355,266.0243,266.0243,266.0243,332.5304,332.5304,6384.5836,0.02154355,1463.1337,1340.2688,5187.4742,5310.3391,0.01750413,0.01791872,0.00089765,16.2655,14.6936,0.3653,59.3804,1.1678,2646.0457,162.5536,12.4780,16.8648,9.0895,16.5695,22.0926,29.825,33.4482,44.5976,11.8163,0.0,2.018664,2.691552,0.981654,30,240,141,4,0.10479828,0.02244119,0.04150452,0E-8,0.000000,0.902668,0.011910,-0.02129501,2026-03-22,2026-08-05,112,5695,2177,137,0.817518,0.739886,0.767145,0.349328,,,,,,,,GLOBAL_BASELINE_NO_ENTITY_RANKING,,,NOT_APPLICABLE_GLOBAL_BASELINE,HF9g-P5,,,,X 全窗基线 · 不参与实体赏罚,14194627,1420,A168_HF9F_20260827_0900,2026-08-27 09:00:00
2026-04-14,110249610,2251,0,11.3618288000,-11.3618288000,-11.3618288000,0E-7,1,1,0.49324550000000000,0.493245500000,-0.9865810262130424,-0.9865810262130424,-0.9865810262130424,0E-17,ELIGIBLE,R03b_20260811_FULL_v1,L1_ELIGIBILITY,v2026-08-11,2026-03-21..2026-08-06,baccarat_bet02_101_all_pairs_incl_sentinel,round_win = game_pnl > 0 (decisive only),COMPATIBILITY_ONLY_NOT_PRODUCTION,296357.1217,267511.9505,6650.6079,18220,18206,-0.02244119,-0.04150452,-0.02020951,-0.02244119,-6650.6079,296357.1217,OK,0.0000,266.0243,4.0000,96.0000,AG03-UNRESOLVED,ALL5_LEVELS_bet23_to_bet27,266.0243,266.0243,266.0243,332.5304,332.5304,4.000000,4.000000,4.000000,5.000000,5.000000,96.000000,96.000000,96.000000,95.000000,95.000000,5.0,1463.1337,1340.2688,5187.4742,5310.3391,PENDING_AG03,FALSE,NOT_FOR_ENFORCEMENT,6384.5836,256811.4724,6650.6079,6384.5836,266.0243,0.02244119,0.02154355,266.0243,6384.5836,0.02154355,266.0243,266.0243,266.0243,332.5304,332.5304,6384.5836,0.02154355,1463.1337,1340.2688,5187.4742,5310.3391,0.01750413,0.01791872,0.00089765,16.2655,14.6936,0.3653,59.3804,1.1678,2646.0457,162.5536,12.4780,16.8648,9.0895,16.5695,22.0926,29.825,33.4482,44.5976,11.8163,0.0,2.018664,2.691552,0.981654,30,240,141,4,0.10479828,0.02244119,0.04150452,0E-8,0.000000,0.902668,0.011910,-0.02129501,2026-03-22,2026-08-05,112,5695,2177,137,0.817518,0.739886,0.767145,0.349328,,,,,,,,GLOBAL_BASELINE_NO_ENTITY_RANKING,,,NOT_APPLICABLE_GLOBAL_BASELINE,HF9g-P5,,,,X 全窗基线 · 不参与实体赏罚,14194628,1420,A168_HF9F_20260827_0900,2026-08-27 09:00:00
2026-04-14,110249610,2256,0,74.9880700796,-74.9880700796,-74.9880700796,0E-7,4,4,0.50665070000000000,0.506650700000,-2.026782104415204,-2.026782104415204,-2.026782104415204,0E-17,ELIGIBLE,R03b_20260811_FULL_v1,L1_ELIGIBILITY,v2026-08-11,2026-03-21..2026-08-06,baccarat_bet02_101_all_pairs_incl_sentinel,round_win = game_pnl > 0 (decisive only),COMPATIBILITY_ONLY_NOT_PRODUCTION,296357.1217,267511.9505,6650.6079,18220,18206,-0.02244119,-0.04150452,-0.02020951,-0.02244119,-6650.6079,296357.1217,OK,0.0000,266.0243,4.0000,96.0000,AG03-UNRESOLVED,ALL5_LEVELS_bet23_to_bet27,266.0243,266.0243,266.0243,332.5304,332.5304,4.000000,4.000000,4.000000,5.000000,5.000000,96.000000,96.000000,96.000000,95.000000,95.000000,5.0,1463.1337,1340.2688,5187.4742,5310.3391,PENDING_AG03,FALSE,NOT_FOR_ENFORCEMENT,6384.5836,256811.4724,6650.6079,6384.5836,266.0243,0.02244119,0.02154355,266.0243,6384.5836,0.02154355,266.0243,266.0243,266.0243,332.5304,332.5304,6384.5836,0.02154355,1463.1337,1340.2688,5187.4742,5310.3391,0.01750413,0.01791872,0.00089765,16.2655,14.6936,0.3653,59.3804,1.1678,2646.0457,162.5536,12.4780,16.8648,9.0895,16.5695,22.0926,29.825,33.4482,44.5976,11.8163,0.0,2.018664,2.691552,0.981654,30,240,141,4,0.10479828,0.02244119,0.04150452,0E-8,0.000000,0.902668,0.011910,-0.02129501,2026-03-22,2026-08-05,112,5695,2177,137,0.817518,0.739886,0.767145,0.349328,,,,,,,,GLOBAL_BASELINE_NO_ENTITY_RANKING,,,NOT_APPLICABLE_GLOBAL_BASELINE,HF9g-P5,,,,X 全窗基线 · 不参与实体赏罚,14194629,1420,A168_HF9F_20260827_0900,2026-08-27 09:00:00
2026-04-14,110249610,471,0,51.1282295998,-5.6809144000,-5.6809144000,0.5000000,2,2,0.49324550000000000,0.493245500000,0.01910635448239258,0.01910635448239258,0.01910635448239258,0E-17,ELIGIBLE,R03b_20260811_FULL_v1,L1_ELIGIBILITY,v2026-08-11,2026-03-21..2026-08-06,baccarat_bet02_101_all_pairs_incl_sentinel,round_win = game_pnl > 0 (decisive only),COMPATIBILITY_ONLY_NOT_PRODUCTION,296357.1217,267511.9505,6650.6079,18220,18206,-0.02244119,-0.04150452,-0.02020951,-0.02244119,-6650.6079,296357.1217,OK,0.0000,266.0243,4.0000,96.0000,AG03-UNRESOLVED,ALL5_LEVELS_bet23_to_bet27,266.0243,266.0243,266.0243,332.5304,332.5304,4.000000,4.000000,4.000000,5.000000,5.000000,96.000000,96.000000,96.000000,95.000000,95.000000,5.0,1463.1337,1340.2688,5187.4742,5310.3391,PENDING_AG03,FALSE,NOT_FOR_ENFORCEMENT,6384.5836,256811.4724,6650.6079,6384.5836,266.0243,0.02244119,0.02154355,266.0243,6384.5836,0.02154355,266.0243,266.0243,266.0243,332.5304,332.5304,6384.5836,0.02154355,1463.1337,1340.2688,5187.4742,5310.3391,0.01750413,0.01791872,0.00089765,16.2655,14.6936,0.3653,59.3804,1.1678,2646.0457,162.5536,12.4780,16.8648,9.0895,16.5695,22.0926,29.825,33.4482,44.5976,11.8163,0.0,2.018664,2.691552,0.981654,30,240,141,4,0.10479828,0.02244119,0.04150452,0E-8,0.000000,0.902668,0.011910,-0.02129501,2026-03-22,2026-08-05,112,5695,2177,137,0.817518,0.739886,0.767145,0.349328,,,,,,,,GLOBAL_BASELINE_NO_ENTITY_RANKING,,,NOT_APPLICABLE_GLOBAL_BASELINE,HF9g-P5,,,,X 全窗基线 · 不参与实体赏罚,14194630,1420,A168_HF9F_20260827_0900,2026-08-27 09:00:00
2026-04-14,110249610,529,0,28.4045719999,-28.4045719999,-28.4045719999,0E-7,2,2,0.50665070000000000,0.506650700000,-1.4331513700195317,-1.4331513700195317,-1.4331513700195317,0E-17,ELIGIBLE,R03b_20260811_FULL_v1,L1_ELIGIBILITY,v2026-08-11,2026-03-21..2026-08-06,baccarat_bet02_101_all_pairs_incl_sentinel,round_win = game_pnl > 0 (decisive only),COMPATIBILITY_ONLY_NOT_PRODUCTION,296357.1217,267511.9505,6650.6079,18220,18206,-0.02244119,-0.04150452,-0.02020951,-0.02244119,-6650.6079,296357.1217,OK,0.0000,266.0243,4.0000,96.0000,AG03-UNRESOLVED,ALL5_LEVELS_bet23_to_bet27,266.0243,266.0243,266.0243,332.5304,332.5304,4.000000,4.000000,4.000000,5.000000,5.000000,96.000000,96.000000,96.000000,95.000000,95.000000,5.0,1463.1337,1340.2688,5187.4742,5310.3391,PENDING_AG03,FALSE,NOT_FOR_ENFORCEMENT,6384.5836,256811.4724,6650.6079,6384.5836,266.0243,0.02244119,0.02154355,266.0243,6384.5836,0.02154355,266.0243,266.0243,266.0243,332.5304,332.5304,6384.5836,0.02154355,1463.1337,1340.2688,5187.4742,5310.3391,0.01750413,0.01791872,0.00089765,16.2655,14.6936,0.3653,59.3804,1.1678,2646.0457,162.5536,12.4780,16.8648,9.0895,16.5695,22.0926,29.825,33.4482,44.5976,11.8163,0.0,2.018664,2.691552,0.981654,30,240,141,4,0.10479828,0.02244119,0.04150452,0E-8,0.000000,0.902668,0.011910,-0.02129501,2026-03-22,2026-08-05,112,5695,2177,137,0.817518,0.739886,0.767145,0.349328,,,,,,,,GLOBAL_BASELINE_NO_ENTITY_RANKING,,,NOT_APPLICABLE_GLOBAL_BASELINE,HF9g-P5,,,,X 全窗基线 · 不参与实体赏罚,14194631,1420,A168_HF9F_20260827_0900,2026-08-27 09:00:00
2026-04-14,110249610,550,0,321.1989001747,-0.5794532689,-0.5794532689,0.5384615,13,13,0.50458836153846154,0.504588361538,0.24427323813364604,0.2442732381369723,0.24427323813364604,4.6154E-13,ELIGIBLE,R03b_20260811_FULL_v1,L1_ELIGIBILITY,v2026-08-11,2026-03-21..2026-08-06,baccarat_bet02_101_all_pairs_incl_sentinel,round_win = game_pnl > 0 (decisive only),COMPATIBILITY_ONLY_NOT_PRODUCTION,296357.1217,267511.9505,6650.6079,18220,18206,-0.02244119,-0.04150452,-0.02020951,-0.02244119,-6650.6079,296357.1217,OK,0.0000,266.0243,4.0000,96.0000,AG03-UNRESOLVED,ALL5_LEVELS_bet23_to_bet27,266.0243,266.0243,266.0243,332.5304,332.5304,4.000000,4.000000,4.000000,5.000000,5.000000,96.000000,96.000000,96.000000,95.000000,95.000000,5.0,1463.1337,1340.2688,5187.4742,5310.3391,PENDING_AG03,FALSE,NOT_FOR_ENFORCEMENT,6384.5836,256811.4724,6650.6079,6384.5836,266.0243,0.02244119,0.02154355,266.0243,6384.5836,0.02154355,266.0243,266.0243,266.0243,332.5304,332.5304,6384.5836,0.02154355,1463.1337,1340.2688,5187.4742,5310.3391,0.01750413,0.01791872,0.00089765,16.2655,14.6936,0.3653,59.3804,1.1678,2646.0457,162.5536,12.4780,16.8648,9.0895,16.5695,22.0926,29.825,33.4482,44.5976,11.8163,0.0,2.018664,2.691552,0.981654,30,240,141,4,0.10479828,0.02244119,0.04150452,0E-8,0.000000,0.902668,0.011910,-0.02129501,2026-03-22,2026-08-05,112,5695,2177,137,0.817518,0.739886,0.767145,0.349328,,,,,,,,GLOBAL_BASELINE_NO_ENTITY_RANKING,,,NOT_APPLICABLE_GLOBAL_BASELINE,HF9g-P5,,,,X 全窗基线 · 不参与实体赏罚,14194632,1420,A168_HF9F_20260827_0900,2026-08-27 09:00:00
2026-04-14,110249610,763,0,17.0427431999,-17.0427431999,-17.0427431999,0E-7,1,1,0.50665070000000000,0.506650700000,-1.013391052207602,-1.013391052207602,-1.013391052207602,0E-17,ELIGIBLE,R03b_20260811_FULL_v1,L1_ELIGIBILITY,v2026-08-11,2026-03-21..2026-08-06,baccarat_bet02_101_all_pairs_incl_sentinel,round_win = game_pnl > 0 (decisive only),COMPATIBILITY_ONLY_NOT_PRODUCTION,296357.1217,267511.9505,6650.6079,18220,18206,-0.02244119,-0.04150452,-0.02020951,-0.02244119,-6650.6079,296357.1217,OK,0.0000,266.0243,4.0000,96.0000,AG03-UNRESOLVED,ALL5_LEVELS_bet23_to_bet27,266.0243,266.0243,266.0243,332.5304,332.5304,4.000000,4.000000,4.000000,5.000000,5.000000,96.000000,96.000000,96.000000,95.000000,95.000000,5.0,1463.1337,1340.2688,5187.4742,5310.3391,PENDING_AG03,FALSE,NOT_FOR_ENFORCEMENT,6384.5836,256811.4724,6650.6079,6384.5836,266.0243,0.02244119,0.02154355,266.0243,6384.5836,0.02154355,266.0243,266.0243,266.0243,332.5304,332.5304,6384.5836,0.02154355,1463.1337,1340.2688,5187.4742,5310.3391,0.01750413,0.01791872,0.00089765,16.2655,14.6936,0.3653,59.3804,1.1678,2646.0457,162.5536,12.4780,16.8648,9.0895,16.5695,22.0926,29.825,33.4482,44.5976,11.8163,0.0,2.018664,2.691552,0.981654,30,240,141,4,0.10479828,0.02244119,0.04150452,0E-8,0.000000,0.902668,0.011910,-0.02129501,2026-03-22,2026-08-05,112,5695,2177,137,0.817518,0.739886,0.767145,0.349328,,,,,,,,GLOBAL_BASELINE_NO_ENTITY_RANKING,,,NOT_APPLICABLE_GLOBAL_BASELINE,HF9g-P5,,,,X 全窗基线 · 不参与实体赏罚,14194633,1420,A168_HF9F_20260827_0900,2026-08-27 09:00:00
2026-04-14,110249610,772,0,98.8479105596,0.2840457200,0.2840457200,0.6000000,5,5,0.49860758000000000,0.498607580000,0.4534424453485946,0.4534424453485946,0.4534424453485946,0E-17,ELIGIBLE,R03b_20260811_FULL_v1,L1_ELIGIBILITY,v2026-08-11,2026-03-21..2026-08-06,baccarat_bet02_101_all_pairs_incl_sentinel,round_win = game_pnl > 0 (decisive only),COMPATIBILITY_ONLY_NOT_PRODUCTION,296357.1217,267511.9505,6650.6079,18220,18206,-0.02244119,-0.04150452,-0.02020951,-0.02244119,-6650.6079,296357.1217,OK,0.0000,266.0243,4.0000,96.0000,AG03-UNRESOLVED,ALL5_LEVELS_bet23_to_bet27,266.0243,266.0243,266.0243,332.5304,332.5304,4.000000,4.000000,4.000000,5.000000,5.000000,96.000000,96.000000,96.000000,95.000000,95.000000,5.0,1463.1337,1340.2688,5187.4742,5310.3391,PENDING_AG03,FALSE,NOT_FOR_ENFORCEMENT,6384.5836,256811.4724,6650.6079,6384.5836,266.0243,0.02244119,0.02154355,266.0243,6384.5836,0.02154355,266.0243,266.0243,266.0243,332.5304,332.5304,6384.5836,0.02154355,1463.1337,1340.2688,5187.4742,5310.3391,0.01750413,0.01791872,0.00089765,16.2655,14.6936,0.3653,59.3804,1.1678,2646.0457,162.5536,12.4780,16.8648,9.0895,16.5695,22.0926,29.825,33.4482,44.5976,11.8163,0.0,2.018664,2.691552,0.981654,30,240,141,4,0.10479828,0.02244119,0.04150452,0E-8,0.000000,0.902668,0.011910,-0.02129501,2026-03-22,2026-08-05,112,5695,2177,137,0.817518,0.739886,0.767145,0.349328,,,,,,,,GLOBAL_BASELINE_NO_ENTITY_RANKING,,,NOT_APPLICABLE_GLOBAL_BASELINE,HF9g-P5,,,,X 全窗基线 · 不参与实体赏罚,14194634,1420,A168_HF9F_20260827_0900,2026-08-27 09:00:00
2026-04-14,110249610,994,0,184.8569545753,56.6955257118,56.6955257118,0.7000000,11,11,0.49324550000000000,0.493245500000,1.307749606050572,1.307749606050572,1.307749606050572,0E-17,ELIGIBLE,R03b_20260811_FULL_v1,L1_ELIGIBILITY,v2026-08-11,2026-03-21..2026-08-06,baccarat_bet02_101_all_pairs_incl_sentinel,round_win = game_pnl > 0 (decisive only),COMPATIBILITY_ONLY_NOT_PRODUCTION,296357.1217,267511.9505,6650.6079,18220,18206,-0.02244119,-0.04150452,-0.02020951,-0.02244119,-6650.6079,296357.1217,OK,0.0000,266.0243,4.0000,96.0000,AG03-UNRESOLVED,ALL5_LEVELS_bet23_to_bet27,266.0243,266.0243,266.0243,332.5304,332.5304,4.000000,4.000000,4.000000,5.000000,5.000000,96.000000,96.000000,96.000000,95.000000,95.000000,5.0,1463.1337,1340.2688,5187.4742,5310.3391,PENDING_AG03,FALSE,NOT_FOR_ENFORCEMENT,6384.5836,256811.4724,6650.6079,6384.5836,266.0243,0.02244119,0.02154355,266.0243,6384.5836,0.02154355,266.0243,266.0243,266.0243,332.5304,332.5304,6384.5836,0.02154355,1463.1337,1340.2688,5187.4742,5310.3391,0.01750413,0.01791872,0.00089765,16.2655,14.6936,0.3653,59.3804,1.1678,2646.0457,162.5536,12.4780,16.8648,9.0895,16.5695,22.0926,29.825,33.4482,44.5976,11.8163,0.0,2.018664,2.691552,0.981654,30,240,141,4,0.10479828,0.02244119,0.04150452,0E-8,0.000000,0.902668,0.011910,-0.02129501,2026-03-22,2026-08-05,112,5695,2177,137,0.817518,0.739886,0.767145,0.349328,,,,,,,,GLOBAL_BASELINE_NO_ENTITY_RANKING,,,NOT_APPLICABLE_GLOBAL_BASELINE,HF9g-P5,,,,X 全窗基线 · 不参与实体赏罚,14194635,1420,A168_HF9F_20260827_0900,2026-08-27 09:00:00
2026-04-15,110249610,-1,1,1141.6365578201,88.6279455537,88.6279455537,0.5405405,87,87,0.50017922413793103,0.500179224138,0.6944023884127444,0.6944023884115578,0.6944023884127444,-6.897E-14,SENTINEL_DEALER,R03b_20260811_FULL_v1,L1_ELIGIBILITY,v2026-08-11,2026-03-21..2026-08-06,baccarat_bet02_101_all_pairs_incl_sentinel,round_win = game_pnl > 0 (decisive only),COMPATIBILITY_ONLY_NOT_PRODUCTION,296357.1217,267511.9505,6650.6079,18220,18206,-0.02244119,-0.04150452,-0.02020951,-0.02244119,-6650.6079,296357.1217,OK,0.0000,266.0243,4.0000,96.0000,AG03-UNRESOLVED,ALL5_LEVELS_bet23_to_bet27,266.0243,266.0243,266.0243,332.5304,332.5304,4.000000,4.000000,4.000000,5.000000,5.000000,96.000000,96.000000,96.000000,95.000000,95.000000,5.0,1463.1337,1340.2688,5187.4742,5310.3391,PENDING_AG03,FALSE,NOT_FOR_ENFORCEMENT,6384.5836,256811.4724,6650.6079,6384.5836,266.0243,0.02244119,0.02154355,266.0243,6384.5836,0.02154355,266.0243,266.0243,266.0243,332.5304,332.5304,6384.5836,0.02154355,1463.1337,1340.2688,5187.4742,5310.3391,0.01750413,0.01791872,0.00089765,16.2655,14.6936,0.3653,59.3804,1.1678,2646.0457,162.5536,12.4780,16.8648,9.0895,16.5695,22.0926,29.825,33.4482,44.5976,11.8163,0.0,2.018664,2.691552,0.981654,30,240,141,4,0.10479828,0.02244119,0.04150452,0E-8,0.000000,0.902668,0.011910,-0.02129501,2026-03-22,2026-08-05,112,5695,2177,137,0.817518,0.739886,0.767145,0.349328,,,,,,,,GLOBAL_BASELINE_NO_ENTITY_RANKING,,,NOT_APPLICABLE_GLOBAL_BASELINE,HF9g-P5,,,,X 全窗基线 · 不参与实体赏罚,14194636,1420,A168_HF9F_20260827_0900,2026-08-27 09:00:00
2026-04-15,110249610,1004,0,5.6809144000,0E-10,0E-10,,1,1,0.50665070000000000,0.506650700000,,,,0E-17,NO_DECISIVE_ROUND,R03b_20260811_FULL_v1,L1_ELIGIBILITY,v2026-08-11,2026-03-21..2026-08-06,baccarat_bet02_101_all_pairs_incl_sentinel,round_win = game_pnl > 0 (decisive only),COMPATIBILITY_ONLY_NOT_PRODUCTION,296357.1217,267511.9505,6650.6079,18220,18206,-0.02244119,-0.04150452,-0.02020951,-0.02244119,-6650.6079,296357.1217,OK,0.0000,266.0243,4.0000,96.0000,AG03-UNRESOLVED,ALL5_LEVELS_bet23_to_bet27,266.0243,266.0243,266.0243,332.5304,332.5304,4.000000,4.000000,4.000000,5.000000,5.000000,96.000000,96.000000,96.000000,95.000000,95.000000,5.0,1463.1337,1340.2688,5187.4742,5310.3391,PENDING_AG03,FALSE,NOT_FOR_ENFORCEMENT,6384.5836,256811.4724,6650.6079,6384.5836,266.0243,0.02244119,0.02154355,266.0243,6384.5836,0.02154355,266.0243,266.0243,266.0243,332.5304,332.5304,6384.5836,0.02154355,1463.1337,1340.2688,5187.4742,5310.3391,0.01750413,0.01791872,0.00089765,16.2655,14.6936,0.3653,59.3804,1.1678,2646.0457,162.5536,12.4780,16.8648,9.0895,16.5695,22.0926,29.825,33.4482,44.5976,11.8163,0.0,2.018664,2.691552,0.981654,30,240,141,4,0.10479828,0.02244119,0.04150452,0E-8,0.000000,0.902668,0.011910,-0.02129501,2026-03-22,2026-08-05,112,5695,2177,137,0.817518,0.739886,0.767145,0.349328,,,,,,,,GLOBAL_BASELINE_NO_ENTITY_RANKING,,,NOT_APPLICABLE_GLOBAL_BASELINE,HF9g-P5,,,,X 全窗基线 · 不参与实体赏罚,14194637,1420,A168_HF9F_20260827_0900,2026-08-27 09:00:00
2026-04-15,110249610,1094,0,9.0894630400,-0.2272365760,-0.2272365760,0.5000000,2,2,0.50665070000000000,0.506650700000,-0.018812684590367487,-0.018812684590367487,-0.018812684590367487,0E-17,ELIGIBLE,R03b_20260811_FULL_v1,L1_ELIGIBILITY,v2026-08-11,2026-03-21..2026-08-06,baccarat_bet02_101_all_pairs_incl_sentinel,round_win = game_pnl > 0 (decisive only),COMPATIBILITY_ONLY_NOT_PRODUCTION,296357.1217,267511.9505,6650.6079,18220,18206,-0.02244119,-0.04150452,-0.02020951,-0.02244119,-6650.6079,296357.1217,OK,0.0000,266.0243,4.0000,96.0000,AG03-UNRESOLVED,ALL5_LEVELS_bet23_to_bet27,266.0243,266.0243,266.0243,332.5304,332.5304,4.000000,4.000000,4.000000,5.000000,5.000000,96.000000,96.000000,96.000000,95.000000,95.000000,5.0,1463.1337,1340.2688,5187.4742,5310.3391,PENDING_AG03,FALSE,NOT_FOR_ENFORCEMENT,6384.5836,256811.4724,6650.6079,6384.5836,266.0243,0.02244119,0.02154355,266.0243,6384.5836,0.02154355,266.0243,266.0243,266.0243,332.5304,332.5304,6384.5836,0.02154355,1463.1337,1340.2688,5187.4742,5310.3391,0.01750413,0.01791872,0.00089765,16.2655,14.6936,0.3653,59.3804,1.1678,2646.0457,162.5536,12.4780,16.8648,9.0895,16.5695,22.0926,29.825,33.4482,44.5976,11.8163,0.0,2.018664,2.691552,0.981654,30,240,141,4,0.10479828,0.02244119,0.04150452,0E-8,0.000000,0.902668,0.011910,-0.02129501,2026-03-22,2026-08-05,112,5695,2177,137,0.817518,0.739886,0.767145,0.349328,,,,,,,,GLOBAL_BASELINE_NO_ENTITY_RANKING,,,NOT_APPLICABLE_GLOBAL_BASELINE,HF9g-P5,,,,X 全窗基线 · 不参与实体赏罚,14194638,1420,A168_HF9F_20260827_0900,2026-08-27 09:00:00
2026-04-15,110249610,1114,0,51.1282295999,-39.7664007999,-39.7664007999,0E-7,4,4,0.49659680000000000,0.496596800000,-1.7203016256901094,-1.7203016256901091,-1.7203016256901094,0E-17,ELIGIBLE,R03b_20260811_FULL_v1,L1_ELIGIBILITY,v2026-08-11,2026-03-21..2026-08-06,baccarat_bet02_101_all_pairs_incl_sentinel,round_win = game_pnl > 0 (decisive only),COMPATIBILITY_ONLY_NOT_PRODUCTION,296357.1217,267511.9505,6650.6079,18220,18206,-0.02244119,-0.04150452,-0.02020951,-0.02244119,-6650.6079,296357.1217,OK,0.0000,266.0243,4.0000,96.0000,AG03-UNRESOLVED,ALL5_LEVELS_bet23_to_bet27,266.0243,266.0243,266.0243,332.5304,332.5304,4.000000,4.000000,4.000000,5.000000,5.000000,96.000000,96.000000,96.000000,95.000000,95.000000,5.0,1463.1337,1340.2688,5187.4742,5310.3391,PENDING_AG03,FALSE,NOT_FOR_ENFORCEMENT,6384.5836,256811.4724,6650.6079,6384.5836,266.0243,0.02244119,0.02154355,266.0243,6384.5836,0.02154355,266.0243,266.0243,266.0243,332.5304,332.5304,6384.5836,0.02154355,1463.1337,1340.2688,5187.4742,5310.3391,0.01750413,0.01791872,0.00089765,16.2655,14.6936,0.3653,59.3804,1.1678,2646.0457,162.5536,12.4780,16.8648,9.0895,16.5695,22.0926,29.825,33.4482,44.5976,11.8163,0.0,2.018664,2.691552,0.981654,30,240,141,4,0.10479828,0.02244119,0.04150452,0E-8,0.000000,0.902668,0.011910,-0.02129501,2026-03-22,2026-08-05,112,5695,2177,137,0.817518,0.739886,0.767145,0.349328,,,,,,,,GLOBAL_BASELINE_NO_ENTITY_RANKING,,,NOT_APPLICABLE_GLOBAL_BASELINE,HF9g-P5,,,,X 全窗基线 · 不参与实体赏罚,14194639,1420,A168_HF9F_20260827_0900,2026-08-27 09:00:00
2026-04-15,110249610,1115,0,79.5328015996,-11.3618288000,-11.3618288000,0.4000000,5,5,0.49592654000000000,0.495926540000,-0.42901076602576227,-0.42901076602576227,-0.42901076602576227,0E-17,ELIGIBLE,R03b_20260811_FULL_v1,L1_ELIGIBILITY,v2026-08-11,2026-03-21..2026-08-06,baccarat_bet02_101_all_pairs_incl_sentinel,round_win = game_pnl > 0 (decisive only),COMPATIBILITY_ONLY_NOT_PRODUCTION,296357.1217,267511.9505,6650.6079,18220,18206,-0.02244119,-0.04150452,-0.02020951,-0.02244119,-6650.6079,296357.1217,OK,0.0000,266.0243,4.0000,96.0000,AG03-UNRESOLVED,ALL5_LEVELS_bet23_to_bet27,266.0243,266.0243,266.0243,332.5304,332.5304,4.000000,4.000000,4.000000,5.000000,5.000000,96.000000,96.000000,96.000000,95.000000,95.000000,5.0,1463.1337,1340.2688,5187.4742,5310.3391,PENDING_AG03,FALSE,NOT_FOR_ENFORCEMENT,6384.5836,256811.4724,6650.6079,6384.5836,266.0243,0.02244119,0.02154355,266.0243,6384.5836,0.02154355,266.0243,266.0243,266.0243,332.5304,332.5304,6384.5836,0.02154355,1463.1337,1340.2688,5187.4742,5310.3391,0.01750413,0.01791872,0.00089765,16.2655,14.6936,0.3653,59.3804,1.1678,2646.0457,162.5536,12.4780,16.8648,9.0895,16.5695,22.0926,29.825,33.4482,44.5976,11.8163,0.0,2.018664,2.691552,0.981654,30,240,141,4,0.10479828,0.02244119,0.04150452,0E-8,0.000000,0.902668,0.011910,-0.02129501,2026-03-22,2026-08-05,112,5695,2177,137,0.817518,0.739886,0.767145,0.349328,,,,,,,,GLOBAL_BASELINE_NO_ENTITY_RANKING,,,NOT_APPLICABLE_GLOBAL_BASELINE,HF9g-P5,,,,X 全窗基线 · 不参与实体赏罚,14194640,1420,A168_HF9F_20260827_0900,2026-08-27 09:00:00
2026-04-15,110249610,1151,0,76.6923443997,11.3618288000,11.3618288000,0.6666667,4,4,0.50665070000000000,0.506650700000,0.5543606114942035,0.5543606114942035,0.5543606114942035,0E-17,ELIGIBLE,R03b_20260811_FULL_v1,L1_ELIGIBILITY,v2026-08-11,2026-03-21..2026-08-06,baccarat_bet02_101_all_pairs_incl_sentinel,round_win = game_pnl > 0 (decisive only),COMPATIBILITY_ONLY_NOT_PRODUCTION,296357.1217,267511.9505,6650.6079,18220,18206,-0.02244119,-0.04150452,-0.02020951,-0.02244119,-6650.6079,296357.1217,OK,0.0000,266.0243,4.0000,96.0000,AG03-UNRESOLVED,ALL5_LEVELS_bet23_to_bet27,266.0243,266.0243,266.0243,332.5304,332.5304,4.000000,4.000000,4.000000,5.000000,5.000000,96.000000,96.000000,96.000000,95.000000,95.000000,5.0,1463.1337,1340.2688,5187.4742,5310.3391,PENDING_AG03,FALSE,NOT_FOR_ENFORCEMENT,6384.5836,256811.4724,6650.6079,6384.5836,266.0243,0.02244119,0.02154355,266.0243,6384.5836,0.02154355,266.0243,266.0243,266.0243,332.5304,332.5304,6384.5836,0.02154355,1463.1337,1340.2688,5187.4742,5310.3391,0.01750413,0.01791872,0.00089765,16.2655,14.6936,0.3653,59.3804,1.1678,2646.0457,162.5536,12.4780,16.8648,9.0895,16.5695,22.0926,29.825,33.4482,44.5976,11.8163,0.0,2.018664,2.691552,0.981654,30,240,141,4,0.10479828,0.02244119,0.04150452,0E-8,0.000000,0.902668,0.011910,-0.02129501,2026-03-22,2026-08-05,112,5695,2177,137,0.817518,0.739886,0.767145,0.349328,,,,,,,,GLOBAL_BASELINE_NO_ENTITY_RANKING,,,NOT_APPLICABLE_GLOBAL_BASELINE,HF9g-P5,,,,X 全窗基线 · 不参与实体赏罚,14194641,1420,A168_HF9F_20260827_0900,2026-08-27 09:00:00
2026-04-15,110249610,1157,0,62.4900583998,-39.7664007998,-39.7664007998,0.2500000,4,4,0.49324550000000000,0.493245500000,-0.9730707933947887,-0.9730707933947887,-0.9730707933947887,0E-17,ELIGIBLE,R03b_20260811_FULL_v1,L1_ELIGIBILITY,v2026-08-11,2026-03-21..2026-08-06,baccarat_bet02_101_all_pairs_incl_sentinel,round_win = game_pnl > 0 (decisive only),COMPATIBILITY_ONLY_NOT_PRODUCTION,296357.1217,267511.9505,6650.6079,18220,18206,-0.02244119,-0.04150452,-0.02020951,-0.02244119,-6650.6079,296357.1217,OK,0.0000,266.0243,4.0000,96.0000,AG03-UNRESOLVED,ALL5_LEVELS_bet23_to_bet27,266.0243,266.0243,266.0243,332.5304,332.5304,4.000000,4.000000,4.000000,5.000000,5.000000,96.000000,96.000000,96.000000,95.000000,95.000000,5.0,1463.1337,1340.2688,5187.4742,5310.3391,PENDING_AG03,FALSE,NOT_FOR_ENFORCEMENT,6384.5836,256811.4724,6650.6079,6384.5836,266.0243,0.02244119,0.02154355,266.0243,6384.5836,0.02154355,266.0243,266.0243,266.0243,332.5304,332.5304,6384.5836,0.02154355,1463.1337,1340.2688,5187.4742,5310.3391,0.01750413,0.01791872,0.00089765,16.2655,14.6936,0.3653,59.3804,1.1678,2646.0457,162.5536,12.4780,16.8648,9.0895,16.5695,22.0926,29.825,33.4482,44.5976,11.8163,0.0,2.018664,2.691552,0.981654,30,240,141,4,0.10479828,0.02244119,0.04150452,0E-8,0.000000,0.902668,0.011910,-0.02129501,2026-03-22,2026-08-05,112,5695,2177,137,0.817518,0.739886,0.767145,0.349328,,,,,,,,GLOBAL_BASELINE_NO_ENTITY_RANKING,,,NOT_APPLICABLE_GLOBAL_BASELINE,HF9g-P5,,,,X 全窗基线 · 不参与实体赏罚,14194642,1420,A168_HF9F_20260827_0900,2026-08-27 09:00:00
2026-04-15,110249610,1205,0,11.3618288000,-11.3618288000,-11.3618288000,0E-7,1,1,0.50665070000000000,0.506650700000,-1.013391052207602,-1.013391052207602,-1.013391052207602,0E-17,ELIGIBLE,R03b_20260811_FULL_v1,L1_ELIGIBILITY,v2026-08-11,2026-03-21..2026-08-06,baccarat_bet02_101_all_pairs_incl_sentinel,round_win = game_pnl > 0 (decisive only),COMPATIBILITY_ONLY_NOT_PRODUCTION,296357.1217,267511.9505,6650.6079,18220,18206,-0.02244119,-0.04150452,-0.02020951,-0.02244119,-6650.6079,296357.1217,OK,0.0000,266.0243,4.0000,96.0000,AG03-UNRESOLVED,ALL5_LEVELS_bet23_to_bet27,266.0243,266.0243,266.0243,332.5304,332.5304,4.000000,4.000000,4.000000,5.000000,5.000000,96.000000,96.000000,96.000000,95.000000,95.000000,5.0,1463.1337,1340.2688,5187.4742,5310.3391,PENDING_AG03,FALSE,NOT_FOR_ENFORCEMENT,6384.5836,256811.4724,6650.6079,6384.5836,266.0243,0.02244119,0.02154355,266.0243,6384.5836,0.02154355,266.0243,266.0243,266.0243,332.5304,332.5304,6384.5836,0.02154355,1463.1337,1340.2688,5187.4742,5310.3391,0.01750413,0.01791872,0.00089765,16.2655,14.6936,0.3653,59.3804,1.1678,2646.0457,162.5536,12.4780,16.8648,9.0895,16.5695,22.0926,29.825,33.4482,44.5976,11.8163,0.0,2.018664,2.691552,0.981654,30,240,141,4,0.10479828,0.02244119,0.04150452,0E-8,0.000000,0.902668,0.011910,-0.02129501,2026-03-22,2026-08-05,112,5695,2177,137,0.817518,0.739886,0.767145,0.349328,,,,,,,,GLOBAL_BASELINE_NO_ENTITY_RANKING,,,NOT_APPLICABLE_GLOBAL_BASELINE,HF9g-P5,,,,X 全窗基线 · 不参与实体赏罚,14194643,1420,A168_HF9F_20260827_0900,2026-08-27 09:00:00
2026-04-15,110249610,1323,0,71.6931397278,-55.6729611198,-55.6729611198,0E-7,7,7,0.50473567142857143,0.504735671429,-2.0190332477823025,-2.019033247784033,-2.0190332477823025,-4.2857E-13,ELIGIBLE,R03b_20260811_FULL_v1,L1_ELIGIBILITY,v2026-08-11,2026-03-21..2026-08-06,baccarat_bet02_101_all_pairs_incl_sentinel,round_win = game_pnl > 0 (decisive only),COMPATIBILITY_ONLY_NOT_PRODUCTION,296357.1217,267511.9505,6650.6079,18220,18206,-0.02244119,-0.04150452,-0.02020951,-0.02244119,-6650.6079,296357.1217,OK,0.0000,266.0243,4.0000,96.0000,AG03-UNRESOLVED,ALL5_LEVELS_bet23_to_bet27,266.0243,266.0243,266.0243,332.5304,332.5304,4.000000,4.000000,4.000000,5.000000,5.000000,96.000000,96.000000,96.000000,95.000000,95.000000,5.0,1463.1337,1340.2688,5187.4742,5310.3391,PENDING_AG03,FALSE,NOT_FOR_ENFORCEMENT,6384.5836,256811.4724,6650.6079,6384.5836,266.0243,0.02244119,0.02154355,266.0243,6384.5836,0.02154355,266.0243,266.0243,266.0243,332.5304,332.5304,6384.5836,0.02154355,1463.1337,1340.2688,5187.4742,5310.3391,0.01750413,0.01791872,0.00089765,16.2655,14.6936,0.3653,59.3804,1.1678,2646.0457,162.5536,12.4780,16.8648,9.0895,16.5695,22.0926,29.825,33.4482,44.5976,11.8163,0.0,2.018664,2.691552,0.981654,30,240,141,4,0.10479828,0.02244119,0.04150452,0E-8,0.000000,0.902668,0.011910,-0.02129501,2026-03-22,2026-08-05,112,5695,2177,137,0.817518,0.739886,0.767145,0.349328,,,,,,,,GLOBAL_BASELINE_NO_ENTITY_RANKING,,,NOT_APPLICABLE_GLOBAL_BASELINE,HF9g-P5,,,,X 全窗基线 · 不参与实体赏罚,14194644,1420,A168_HF9F_20260827_0900,2026-08-27 09:00:00
2026-04-15,110249610,1325,0,86.9179903198,-42.6068579998,-42.6068579998,0.2857143,7,7,0.50473567142857143,0.504735671429,-1.159004222986255,-1.1590042229885325,-1.159004222986255,-4.2857E-13,ELIGIBLE,R03b_20260811_FULL_v1,L1_ELIGIBILITY,v2026-08-11,2026-03-21..2026-08-06,baccarat_bet02_101_all_pairs_incl_sentinel,round_win = game_pnl > 0 (decisive only),COMPATIBILITY_ONLY_NOT_PRODUCTION,296357.1217,267511.9505,6650.6079,18220,18206,-0.02244119,-0.04150452,-0.02020951,-0.02244119,-6650.6079,296357.1217,OK,0.0000,266.0243,4.0000,96.0000,AG03-UNRESOLVED,ALL5_LEVELS_bet23_to_bet27,266.0243,266.0243,266.0243,332.5304,332.5304,4.000000,4.000000,4.000000,5.000000,5.000000,96.000000,96.000000,96.000000,95.000000,95.000000,5.0,1463.1337,1340.2688,5187.4742,5310.3391,PENDING_AG03,FALSE,NOT_FOR_ENFORCEMENT,6384.5836,256811.4724,6650.6079,6384.5836,266.0243,0.02244119,0.02154355,266.0243,6384.5836,0.02154355,266.0243,266.0243,266.0243,332.5304,332.5304,6384.5836,0.02154355,1463.1337,1340.2688,5187.4742,5310.3391,0.01750413,0.01791872,0.00089765,16.2655,14.6936,0.3653,59.3804,1.1678,2646.0457,162.5536,12.4780,16.8648,9.0895,16.5695,22.0926,29.825,33.4482,44.5976,11.8163,0.0,2.018664,2.691552,0.981654,30,240,141,4,0.10479828,0.02244119,0.04150452,0E-8,0.000000,0.902668,0.011910,-0.02129501,2026-03-22,2026-08-05,112,5695,2177,137,0.817518,0.739886,0.767145,0.349328,,,,,,,,GLOBAL_BASELINE_NO_ENTITY_RANKING,,,NOT_APPLICABLE_GLOBAL_BASELINE,HF9g-P5,,,,X 全窗基线 · 不参与实体赏罚,14194645,1420,A168_HF9F_20260827_0900,2026-08-27 09:00:00
2026-04-15,110249610,1363,0,9.0894630400,-9.0894630400,-9.0894630400,0E-7,1,1,0.50665070000000000,0.506650700000,-1.013391052207602,-1.013391052207602,-1.013391052207602,0E-17,ELIGIBLE,R03b_20260811_FULL_v1,L1_ELIGIBILITY,v2026-08-11,2026-03-21..2026-08-06,baccarat_bet02_101_all_pairs_incl_sentinel,round_win = game_pnl > 0 (decisive only),COMPATIBILITY_ONLY_NOT_PRODUCTION,296357.1217,267511.9505,6650.6079,18220,18206,-0.02244119,-0.04150452,-0.02020951,-0.02244119,-6650.6079,296357.1217,OK,0.0000,266.0243,4.0000,96.0000,AG03-UNRESOLVED,ALL5_LEVELS_bet23_to_bet27,266.0243,266.0243,266.0243,332.5304,332.5304,4.000000,4.000000,4.000000,5.000000,5.000000,96.000000,96.000000,96.000000,95.000000,95.000000,5.0,1463.1337,1340.2688,5187.4742,5310.3391,PENDING_AG03,FALSE,NOT_FOR_ENFORCEMENT,6384.5836,256811.4724,6650.6079,6384.5836,266.0243,0.02244119,0.02154355,266.0243,6384.5836,0.02154355,266.0243,266.0243,266.0243,332.5304,332.5304,6384.5836,0.02154355,1463.1337,1340.2688,5187.4742,5310.3391,0.01750413,0.01791872,0.00089765,16.2655,14.6936,0.3653,59.3804,1.1678,2646.0457,162.5536,12.4780,16.8648,9.0895,16.5695,22.0926,29.825,33.4482,44.5976,11.8163,0.0,2.018664,2.691552,0.981654,30,240,141,4,0.10479828,0.02244119,0.04150452,0E-8,0.000000,0.902668,0.011910,-0.02129501,2026-03-22,2026-08-05,112,5695,2177,137,0.817518,0.739886,0.767145,0.349328,,,,,,,,GLOBAL_BASELINE_NO_ENTITY_RANKING,,,NOT_APPLICABLE_GLOBAL_BASELINE,HF9g-P5,,,,X 全窗基线 · 不参与实体赏罚,14194646,1420,A168_HF9F_20260827_0900,2026-08-27 09:00:00
2026-04-15,110249610,1384,0,39.7664007998,-5.6809144000,-5.6809144000,0.5000000,2,2,0.49324550000000000,0.493245500000,0.01910635448239258,0.01910635448239258,0.01910635448239258,0E-17,ELIGIBLE,R03b_20260811_FULL_v1,L1_ELIGIBILITY,v2026-08-11,2026-03-21..2026-08-06,baccarat_bet02_101_all_pairs_incl_sentinel,round_win = game_pnl > 0 (decisive only),COMPATIBILITY_ONLY_NOT_PRODUCTION,296357.1217,267511.9505,6650.6079,18220,18206,-0.02244119,-0.04150452,-0.02020951,-0.02244119,-6650.6079,296357.1217,OK,0.0000,266.0243,4.0000,96.0000,AG03-UNRESOLVED,ALL5_LEVELS_bet23_to_bet27,266.0243,266.0243,266.0243,332.5304,332.5304,4.000000,4.000000,4.000000,5.000000,5.000000,96.000000,96.000000,96.000000,95.000000,95.000000,5.0,1463.1337,1340.2688,5187.4742,5310.3391,PENDING_AG03,FALSE,NOT_FOR_ENFORCEMENT,6384.5836,256811.4724,6650.6079,6384.5836,266.0243,0.02244119,0.02154355,266.0243,6384.5836,0.02154355,266.0243,266.0243,266.0243,332.5304,332.5304,6384.5836,0.02154355,1463.1337,1340.2688,5187.4742,5310.3391,0.01750413,0.01791872,0.00089765,16.2655,14.6936,0.3653,59.3804,1.1678,2646.0457,162.5536,12.4780,16.8648,9.0895,16.5695,22.0926,29.825,33.4482,44.5976,11.8163,0.0,2.018664,2.691552,0.981654,30,240,141,4,0.10479828,0.02244119,0.04150452,0E-8,0.000000,0.902668,0.011910,-0.02129501,2026-03-22,2026-08-05,112,5695,2177,137,0.817518,0.739886,0.767145,0.349328,,,,,,,,GLOBAL_BASELINE_NO_ENTITY_RANKING,,,NOT_APPLICABLE_GLOBAL_BASELINE,HF9g-P5,,,,X 全窗基线 · 不参与实体赏罚,14194647,1420,A168_HF9F_20260827_0900,2026-08-27 09:00:00
2026-04-15,110249610,1399,0,38.6302179198,-5.3968686800,-5.3968686800,0.5000000,2,2,0.50665070000000000,0.506650700000,-0.018812684590367487,-0.018812684590367487,-0.018812684590367487,0E-17,ELIGIBLE,R03b_20260811_FULL_v1,L1_ELIGIBILITY,v2026-08-11,2026-03-21..2026-08-06,baccarat_bet02_101_all_pairs_incl_sentinel,round_win = game_pnl > 0 (decisive only),COMPATIBILITY_ONLY_NOT_PRODUCTION,296357.1217,267511.9505,6650.6079,18220,18206,-0.02244119,-0.04150452,-0.02020951,-0.02244119,-6650.6079,296357.1217,OK,0.0000,266.0243,4.0000,96.0000,AG03-UNRESOLVED,ALL5_LEVELS_bet23_to_bet27,266.0243,266.0243,266.0243,332.5304,332.5304,4.000000,4.000000,4.000000,5.000000,5.000000,96.000000,96.000000,96.000000,95.000000,95.000000,5.0,1463.1337,1340.2688,5187.4742,5310.3391,PENDING_AG03,FALSE,NOT_FOR_ENFORCEMENT,6384.5836,256811.4724,6650.6079,6384.5836,266.0243,0.02244119,0.02154355,266.0243,6384.5836,0.02154355,266.0243,266.0243,266.0243,332.5304,332.5304,6384.5836,0.02154355,1463.1337,1340.2688,5187.4742,5310.3391,0.01750413,0.01791872,0.00089765,16.2655,14.6936,0.3653,59.3804,1.1678,2646.0457,162.5536,12.4780,16.8648,9.0895,16.5695,22.0926,29.825,33.4482,44.5976,11.8163,0.0,2.018664,2.691552,0.981654,30,240,141,4,0.10479828,0.02244119,0.04150452,0E-8,0.000000,0.902668,0.011910,-0.02129501,2026-03-22,2026-08-05,112,5695,2177,137,0.817518,0.739886,0.767145,0.349328,,,,,,,,GLOBAL_BASELINE_NO_ENTITY_RANKING,,,NOT_APPLICABLE_GLOBAL_BASELINE,HF9g-P5,,,,X 全窗基线 · 不参与实体赏罚,14194648,1420,A168_HF9F_20260827_0900,2026-08-27 09:00:00
2026-04-15,110249610,1400,0,39.7664007999,-6.2490058399,-6.2490058399,0.5000000,3,3,0.50665070000000000,0.506650700000,-0.018812684590367487,-0.018812684590367487,-0.018812684590367487,0E-17,ELIGIBLE,R03b_20260811_FULL_v1,L1_ELIGIBILITY,v2026-08-11,2026-03-21..2026-08-06,baccarat_bet02_101_all_pairs_incl_sentinel,round_win = game_pnl > 0 (decisive only),COMPATIBILITY_ONLY_NOT_PRODUCTION,296357.1217,267511.9505,6650.6079,18220,18206,-0.02244119,-0.04150452,-0.02020951,-0.02244119,-6650.6079,296357.1217,OK,0.0000,266.0243,4.0000,96.0000,AG03-UNRESOLVED,ALL5_LEVELS_bet23_to_bet27,266.0243,266.0243,266.0243,332.5304,332.5304,4.000000,4.000000,4.000000,5.000000,5.000000,96.000000,96.000000,96.000000,95.000000,95.000000,5.0,1463.1337,1340.2688,5187.4742,5310.3391,PENDING_AG03,FALSE,NOT_FOR_ENFORCEMENT,6384.5836,256811.4724,6650.6079,6384.5836,266.0243,0.02244119,0.02154355,266.0243,6384.5836,0.02154355,266.0243,266.0243,266.0243,332.5304,332.5304,6384.5836,0.02154355,1463.1337,1340.2688,5187.4742,5310.3391,0.01750413,0.01791872,0.00089765,16.2655,14.6936,0.3653,59.3804,1.1678,2646.0457,162.5536,12.4780,16.8648,9.0895,16.5695,22.0926,29.825,33.4482,44.5976,11.8163,0.0,2.018664,2.691552,0.981654,30,240,141,4,0.10479828,0.02244119,0.04150452,0E-8,0.000000,0.902668,0.011910,-0.02129501,2026-03-22,2026-08-05,112,5695,2177,137,0.817518,0.739886,0.767145,0.349328,,,,,,,,GLOBAL_BASELINE_NO_ENTITY_RANKING,,,NOT_APPLICABLE_GLOBAL_BASELINE,HF9g-P5,,,,X 全窗基线 · 不参与实体赏罚,14194649,1420,A168_HF9F_20260827_0900,2026-08-27 09:00:00
2026-04-15,110249610,1490,0,5.6809144000,-5.6809144000,-5.6809144000,0E-7,1,1,0.49324550000000000,0.493245500000,-0.9865810262130424,-0.9865810262130424,-0.9865810262130424,0E-17,ELIGIBLE,R03b_20260811_FULL_v1,L1_ELIGIBILITY,v2026-08-11,2026-03-21..2026-08-06,baccarat_bet02_101_all_pairs_incl_sentinel,round_win = game_pnl > 0 (decisive only),COMPATIBILITY_ONLY_NOT_PRODUCTION,296357.1217,267511.9505,6650.6079,18220,18206,-0.02244119,-0.04150452,-0.02020951,-0.02244119,-6650.6079,296357.1217,OK,0.0000,266.0243,4.0000,96.0000,AG03-UNRESOLVED,ALL5_LEVELS_bet23_to_bet27,266.0243,266.0243,266.0243,332.5304,332.5304,4.000000,4.000000,4.000000,5.000000,5.000000,96.000000,96.000000,96.000000,95.000000,95.000000,5.0,1463.1337,1340.2688,5187.4742,5310.3391,PENDING_AG03,FALSE,NOT_FOR_ENFORCEMENT,6384.5836,256811.4724,6650.6079,6384.5836,266.0243,0.02244119,0.02154355,266.0243,6384.5836,0.02154355,266.0243,266.0243,266.0243,332.5304,332.5304,6384.5836,0.02154355,1463.1337,1340.2688,5187.4742,5310.3391,0.01750413,0.01791872,0.00089765,16.2655,14.6936,0.3653,59.3804,1.1678,2646.0457,162.5536,12.4780,16.8648,9.0895,16.5695,22.0926,29.825,33.4482,44.5976,11.8163,0.0,2.018664,2.691552,0.981654,30,240,141,4,0.10479828,0.02244119,0.04150452,0E-8,0.000000,0.902668,0.011910,-0.02129501,2026-03-22,2026-08-05,112,5695,2177,137,0.817518,0.739886,0.767145,0.349328,,,,,,,,GLOBAL_BASELINE_NO_ENTITY_RANKING,,,NOT_APPLICABLE_GLOBAL_BASELINE,HF9g-P5,,,,X 全窗基线 · 不参与实体赏罚,14194650,1420,A168_HF9F_20260827_0900,2026-08-27 09:00:00
2026-04-15,110249610,1710,0,67.0347899197,-22.7236575999,-22.7236575999,0.2500000,4,4,0.50329940000000000,0.503299400000,-1.013219660140378,-1.013219660140378,-1.013219660140378,0E-17,ELIGIBLE,R03b_20260811_FULL_v1,L1_ELIGIBILITY,v2026-08-11,2026-03-21..2026-08-06,baccarat_bet02_101_all_pairs_incl_sentinel,round_win = game_pnl > 0 (decisive only),COMPATIBILITY_ONLY_NOT_PRODUCTION,296357.1217,267511.9505,6650.6079,18220,18206,-0.02244119,-0.04150452,-0.02020951,-0.02244119,-6650.6079,296357.1217,OK,0.0000,266.0243,4.0000,96.0000,AG03-UNRESOLVED,ALL5_LEVELS_bet23_to_bet27,266.0243,266.0243,266.0243,332.5304,332.5304,4.000000,4.000000,4.000000,5.000000,5.000000,96.000000,96.000000,96.000000,95.000000,95.000000,5.0,1463.1337,1340.2688,5187.4742,5310.3391,PENDING_AG03,FALSE,NOT_FOR_ENFORCEMENT,6384.5836,256811.4724,6650.6079,6384.5836,266.0243,0.02244119,0.02154355,266.0243,6384.5836,0.02154355,266.0243,266.0243,266.0243,332.5304,332.5304,6384.5836,0.02154355,1463.1337,1340.2688,5187.4742,5310.3391,0.01750413,0.01791872,0.00089765,16.2655,14.6936,0.3653,59.3804,1.1678,2646.0457,162.5536,12.4780,16.8648,9.0895,16.5695,22.0926,29.825,33.4482,44.5976,11.8163,0.0,2.018664,2.691552,0.981654,30,240,141,4,0.10479828,0.02244119,0.04150452,0E-8,0.000000,0.902668,0.011910,-0.02129501,2026-03-22,2026-08-05,112,5695,2177,137,0.817518,0.739886,0.767145,0.349328,,,,,,,,GLOBAL_BASELINE_NO_ENTITY_RANKING,,,NOT_APPLICABLE_GLOBAL_BASELINE,HF9g-P5,,,,X 全窗基线 · 不参与实体赏罚,14194651,1420,A168_HF9F_20260827_0900,2026-08-27 09:00:00
2026-04-15,110249610,1714,0,2.2723657600,-2.2723657600,-2.2723657600,0E-7,1,1,0.50665070000000000,0.506650700000,-1.013391052207602,-1.013391052207602,-1.013391052207602,0E-17,ELIGIBLE,R03b_20260811_FULL_v1,L1_ELIGIBILITY,v2026-08-11,2026-03-21..2026-08-06,baccarat_bet02_101_all_pairs_incl_sentinel,round_win = game_pnl > 0 (decisive only),COMPATIBILITY_ONLY_NOT_PRODUCTION,296357.1217,267511.9505,6650.6079,18220,18206,-0.02244119,-0.04150452,-0.02020951,-0.02244119,-6650.6079,296357.1217,OK,0.0000,266.0243,4.0000,96.0000,AG03-UNRESOLVED,ALL5_LEVELS_bet23_to_bet27,266.0243,266.0243,266.0243,332.5304,332.5304,4.000000,4.000000,4.000000,5.000000,5.000000,96.000000,96.000000,96.000000,95.000000,95.000000,5.0,1463.1337,1340.2688,5187.4742,5310.3391,PENDING_AG03,FALSE,NOT_FOR_ENFORCEMENT,6384.5836,256811.4724,6650.6079,6384.5836,266.0243,0.02244119,0.02154355,266.0243,6384.5836,0.02154355,266.0243,266.0243,266.0243,332.5304,332.5304,6384.5836,0.02154355,1463.1337,1340.2688,5187.4742,5310.3391,0.01750413,0.01791872,0.00089765,16.2655,14.6936,0.3653,59.3804,1.1678,2646.0457,162.5536,12.4780,16.8648,9.0895,16.5695,22.0926,29.825,33.4482,44.5976,11.8163,0.0,2.018664,2.691552,0.981654,30,240,141,4,0.10479828,0.02244119,0.04150452,0E-8,0.000000,0.902668,0.011910,-0.02129501,2026-03-22,2026-08-05,112,5695,2177,137,0.817518,0.739886,0.767145,0.349328,,,,,,,,GLOBAL_BASELINE_NO_ENTITY_RANKING,,,NOT_APPLICABLE_GLOBAL_BASELINE,HF9g-P5,,,,X 全窗基线 · 不参与实体赏罚,14194652,1420,A168_HF9F_20260827_0900,2026-08-27 09:00:00
2026-04-15,110249610,2106,0,17.0427432000,5.6809144000,5.6809144000,0.5000000,2,2,0.49994810000000000,0.499948100000,0.00014679536856514622,0.00014679536856514622,0.00014679536856514622,0E-17,ELIGIBLE,R03b_20260811_FULL_v1,L1_ELIGIBILITY,v2026-08-11,2026-03-21..2026-08-06,baccarat_bet02_101_all_pairs_incl_sentinel,round_win = game_pnl > 0 (decisive only),COMPATIBILITY_ONLY_NOT_PRODUCTION,296357.1217,267511.9505,6650.6079,18220,18206,-0.02244119,-0.04150452,-0.02020951,-0.02244119,-6650.6079,296357.1217,OK,0.0000,266.0243,4.0000,96.0000,AG03-UNRESOLVED,ALL5_LEVELS_bet23_to_bet27,266.0243,266.0243,266.0243,332.5304,332.5304,4.000000,4.000000,4.000000,5.000000,5.000000,96.000000,96.000000,96.000000,95.000000,95.000000,5.0,1463.1337,1340.2688,5187.4742,5310.3391,PENDING_AG03,FALSE,NOT_FOR_ENFORCEMENT,6384.5836,256811.4724,6650.6079,6384.5836,266.0243,0.02244119,0.02154355,266.0243,6384.5836,0.02154355,266.0243,266.0243,266.0243,332.5304,332.5304,6384.5836,0.02154355,1463.1337,1340.2688,5187.4742,5310.3391,0.01750413,0.01791872,0.00089765,16.2655,14.6936,0.3653,59.3804,1.1678,2646.0457,162.5536,12.4780,16.8648,9.0895,16.5695,22.0926,29.825,33.4482,44.5976,11.8163,0.0,2.018664,2.691552,0.981654,30,240,141,4,0.10479828,0.02244119,0.04150452,0E-8,0.000000,0.902668,0.011910,-0.02129501,2026-03-22,2026-08-05,112,5695,2177,137,0.817518,0.739886,0.767145,0.349328,,,,,,,,GLOBAL_BASELINE_NO_ENTITY_RANKING,,,NOT_APPLICABLE_GLOBAL_BASELINE,HF9g-P5,,,,X 全窗基线 · 不参与实体赏罚,14194653,1420,A168_HF9F_20260827_0900,2026-08-27 09:00:00
2026-04-15,110249610,2108,0,17.0427432000,5.3968686800,5.3968686800,1.0000000,2,2,0.49994810000000000,0.499948100000,1.0001038053877793,1.0001038053877793,1.0001038053877793,0E-17,ELIGIBLE,R03b_20260811_FULL_v1,L1_ELIGIBILITY,v2026-08-11,2026-03-21..2026-08-06,baccarat_bet02_101_all_pairs_incl_sentinel,round_win = game_pnl > 0 (decisive only),COMPATIBILITY_ONLY_NOT_PRODUCTION,296357.1217,267511.9505,6650.6079,18220,18206,-0.02244119,-0.04150452,-0.02020951,-0.02244119,-6650.6079,296357.1217,OK,0.0000,266.0243,4.0000,96.0000,AG03-UNRESOLVED,ALL5_LEVELS_bet23_to_bet27,266.0243,266.0243,266.0243,332.5304,332.5304,4.000000,4.000000,4.000000,5.000000,5.000000,96.000000,96.000000,96.000000,95.000000,95.000000,5.0,1463.1337,1340.2688,5187.4742,5310.3391,PENDING_AG03,FALSE,NOT_FOR_ENFORCEMENT,6384.5836,256811.4724,6650.6079,6384.5836,266.0243,0.02244119,0.02154355,266.0243,6384.5836,0.02154355,266.0243,266.0243,266.0243,332.5304,332.5304,6384.5836,0.02154355,1463.1337,1340.2688,5187.4742,5310.3391,0.01750413,0.01791872,0.00089765,16.2655,14.6936,0.3653,59.3804,1.1678,2646.0457,162.5536,12.4780,16.8648,9.0895,16.5695,22.0926,29.825,33.4482,44.5976,11.8163,0.0,2.018664,2.691552,0.981654,30,240,141,4,0.10479828,0.02244119,0.04150452,0E-8,0.000000,0.902668,0.011910,-0.02129501,2026-03-22,2026-08-05,112,5695,2177,137,0.817518,0.739886,0.767145,0.349328,,,,,,,,GLOBAL_BASELINE_NO_ENTITY_RANKING,,,NOT_APPLICABLE_GLOBAL_BASELINE,HF9g-P5,,,,X 全窗基线 · 不参与实体赏罚,14194654,1420,A168_HF9F_20260827_0900,2026-08-27 09:00:00
2026-04-15,110249610,2115,0,21.5874747199,-21.5874747199,-21.5874747199,0E-7,1,1,0.50665070000000000,0.506650700000,-1.013391052207602,-1.013391052207602,-1.013391052207602,0E-17,ELIGIBLE,R03b_20260811_FULL_v1,L1_ELIGIBILITY,v2026-08-11,2026-03-21..2026-08-06,baccarat_bet02_101_all_pairs_incl_sentinel,round_win = game_pnl > 0 (decisive only),COMPATIBILITY_ONLY_NOT_PRODUCTION,296357.1217,267511.9505,6650.6079,18220,18206,-0.02244119,-0.04150452,-0.02020951,-0.02244119,-6650.6079,296357.1217,OK,0.0000,266.0243,4.0000,96.0000,AG03-UNRESOLVED,ALL5_LEVELS_bet23_to_bet27,266.0243,266.0243,266.0243,332.5304,332.5304,4.000000,4.000000,4.000000,5.000000,5.000000,96.000000,96.000000,96.000000,95.000000,95.000000,5.0,1463.1337,1340.2688,5187.4742,5310.3391,PENDING_AG03,FALSE,NOT_FOR_ENFORCEMENT,6384.5836,256811.4724,6650.6079,6384.5836,266.0243,0.02244119,0.02154355,266.0243,6384.5836,0.02154355,266.0243,266.0243,266.0243,332.5304,332.5304,6384.5836,0.02154355,1463.1337,1340.2688,5187.4742,5310.3391,0.01750413,0.01791872,0.00089765,16.2655,14.6936,0.3653,59.3804,1.1678,2646.0457,162.5536,12.4780,16.8648,9.0895,16.5695,22.0926,29.825,33.4482,44.5976,11.8163,0.0,2.018664,2.691552,0.981654,30,240,141,4,0.10479828,0.02244119,0.04150452,0E-8,0.000000,0.902668,0.011910,-0.02129501,2026-03-22,2026-08-05,112,5695,2177,137,0.817518,0.739886,0.767145,0.349328,,,,,,,,GLOBAL_BASELINE_NO_ENTITY_RANKING,,,NOT_APPLICABLE_GLOBAL_BASELINE,HF9g-P5,,,,X 全窗基线 · 不参与实体赏罚,14194655,1420,A168_HF9F_20260827_0900,2026-08-27 09:00:00
2026-04-15,110249610,2129,0,6.8170972800,-6.8170972800,-6.8170972800,0E-7,1,1,0.50665070000000000,0.506650700000,-1.013391052207602,-1.013391052207602,-1.013391052207602,0E-17,ELIGIBLE,R03b_20260811_FULL_v1,L1_ELIGIBILITY,v2026-08-11,2026-03-21..2026-08-06,baccarat_bet02_101_all_pairs_incl_sentinel,round_win = game_pnl > 0 (decisive only),COMPATIBILITY_ONLY_NOT_PRODUCTION,296357.1217,267511.9505,6650.6079,18220,18206,-0.02244119,-0.04150452,-0.02020951,-0.02244119,-6650.6079,296357.1217,OK,0.0000,266.0243,4.0000,96.0000,AG03-UNRESOLVED,ALL5_LEVELS_bet23_to_bet27,266.0243,266.0243,266.0243,332.5304,332.5304,4.000000,4.000000,4.000000,5.000000,5.000000,96.000000,96.000000,96.000000,95.000000,95.000000,5.0,1463.1337,1340.2688,5187.4742,5310.3391,PENDING_AG03,FALSE,NOT_FOR_ENFORCEMENT,6384.5836,256811.4724,6650.6079,6384.5836,266.0243,0.02244119,0.02154355,266.0243,6384.5836,0.02154355,266.0243,266.0243,266.0243,332.5304,332.5304,6384.5836,0.02154355,1463.1337,1340.2688,5187.4742,5310.3391,0.01750413,0.01791872,0.00089765,16.2655,14.6936,0.3653,59.3804,1.1678,2646.0457,162.5536,12.4780,16.8648,9.0895,16.5695,22.0926,29.825,33.4482,44.5976,11.8163,0.0,2.018664,2.691552,0.981654,30,240,141,4,0.10479828,0.02244119,0.04150452,0E-8,0.000000,0.902668,0.011910,-0.02129501,2026-03-22,2026-08-05,112,5695,2177,137,0.817518,0.739886,0.767145,0.349328,,,,,,,,GLOBAL_BASELINE_NO_ENTITY_RANKING,,,NOT_APPLICABLE_GLOBAL_BASELINE,HF9g-P5,,,,X 全窗基线 · 不参与实体赏罚,14194656,1420,A168_HF9F_20260827_0900,2026-08-27 09:00:00
2026-04-15,110249610,2130,0,45.4473151998,11.3618288000,11.3618288000,0.6666667,3,3,0.49324550000000000,0.493245500000,0.6008033672792107,0.6008033672792106,0.6008033672792107,0E-17,ELIGIBLE,R03b_20260811_FULL_v1,L1_ELIGIBILITY,v2026-08-11,2026-03-21..2026-08-06,baccarat_bet02_101_all_pairs_incl_sentinel,round_win = game_pnl > 0 (decisive only),COMPATIBILITY_ONLY_NOT_PRODUCTION,296357.1217,267511.9505,6650.6079,18220,18206,-0.02244119,-0.04150452,-0.02020951,-0.02244119,-6650.6079,296357.1217,OK,0.0000,266.0243,4.0000,96.0000,AG03-UNRESOLVED,ALL5_LEVELS_bet23_to_bet27,266.0243,266.0243,266.0243,332.5304,332.5304,4.000000,4.000000,4.000000,5.000000,5.000000,96.000000,96.000000,96.000000,95.000000,95.000000,5.0,1463.1337,1340.2688,5187.4742,5310.3391,PENDING_AG03,FALSE,NOT_FOR_ENFORCEMENT,6384.5836,256811.4724,6650.6079,6384.5836,266.0243,0.02244119,0.02154355,266.0243,6384.5836,0.02154355,266.0243,266.0243,266.0243,332.5304,332.5304,6384.5836,0.02154355,1463.1337,1340.2688,5187.4742,5310.3391,0.01750413,0.01791872,0.00089765,16.2655,14.6936,0.3653,59.3804,1.1678,2646.0457,162.5536,12.4780,16.8648,9.0895,16.5695,22.0926,29.825,33.4482,44.5976,11.8163,0.0,2.018664,2.691552,0.981654,30,240,141,4,0.10479828,0.02244119,0.04150452,0E-8,0.000000,0.902668,0.011910,-0.02129501,2026-03-22,2026-08-05,112,5695,2177,137,0.817518,0.739886,0.767145,0.349328,,,,,,,,GLOBAL_BASELINE_NO_ENTITY_RANKING,,,NOT_APPLICABLE_GLOBAL_BASELINE,HF9g-P5,,,,X 全窗基线 · 不参与实体赏罚,14194657,1420,A168_HF9F_20260827_0900,2026-08-27 09:00:00
2026-04-15,110249610,2141,0,11.3618288000,-11.3618288000,-11.3618288000,0E-7,1,1,0.49324550000000000,0.493245500000,-0.9865810262130424,-0.9865810262130424,-0.9865810262130424,0E-17,ELIGIBLE,R03b_20260811_FULL_v1,L1_ELIGIBILITY,v2026-08-11,2026-03-21..2026-08-06,baccarat_bet02_101_all_pairs_incl_sentinel,round_win = game_pnl > 0 (decisive only),COMPATIBILITY_ONLY_NOT_PRODUCTION,296357.1217,267511.9505,6650.6079,18220,18206,-0.02244119,-0.04150452,-0.02020951,-0.02244119,-6650.6079,296357.1217,OK,0.0000,266.0243,4.0000,96.0000,AG03-UNRESOLVED,ALL5_LEVELS_bet23_to_bet27,266.0243,266.0243,266.0243,332.5304,332.5304,4.000000,4.000000,4.000000,5.000000,5.000000,96.000000,96.000000,96.000000,95.000000,95.000000,5.0,1463.1337,1340.2688,5187.4742,5310.3391,PENDING_AG03,FALSE,NOT_FOR_ENFORCEMENT,6384.5836,256811.4724,6650.6079,6384.5836,266.0243,0.02244119,0.02154355,266.0243,6384.5836,0.02154355,266.0243,266.0243,266.0243,332.5304,332.5304,6384.5836,0.02154355,1463.1337,1340.2688,5187.4742,5310.3391,0.01750413,0.01791872,0.00089765,16.2655,14.6936,0.3653,59.3804,1.1678,2646.0457,162.5536,12.4780,16.8648,9.0895,16.5695,22.0926,29.825,33.4482,44.5976,11.8163,0.0,2.018664,2.691552,0.981654,30,240,141,4,0.10479828,0.02244119,0.04150452,0E-8,0.000000,0.902668,0.011910,-0.02129501,2026-03-22,2026-08-05,112,5695,2177,137,0.817518,0.739886,0.767145,0.349328,,,,,,,,GLOBAL_BASELINE_NO_ENTITY_RANKING,,,NOT_APPLICABLE_GLOBAL_BASELINE,HF9g-P5,,,,X 全窗基线 · 不参与实体赏罚,14194658,1420,A168_HF9F_20260827_0900,2026-08-27 09:00:00
2026-04-15,110249610,2145,0,26.1322062399,-26.1322062399,-26.1322062399,0E-7,2,2,0.49994810000000000,0.499948100000,-1.4140667746232096,-1.4140667746232096,-1.4140667746232096,0E-17,ELIGIBLE,R03b_20260811_FULL_v1,L1_ELIGIBILITY,v2026-08-11,2026-03-21..2026-08-06,baccarat_bet02_101_all_pairs_incl_sentinel,round_win = game_pnl > 0 (decisive only),COMPATIBILITY_ONLY_NOT_PRODUCTION,296357.1217,267511.9505,6650.6079,18220,18206,-0.02244119,-0.04150452,-0.02020951,-0.02244119,-6650.6079,296357.1217,OK,0.0000,266.0243,4.0000,96.0000,AG03-UNRESOLVED,ALL5_LEVELS_bet23_to_bet27,266.0243,266.0243,266.0243,332.5304,332.5304,4.000000,4.000000,4.000000,5.000000,5.000000,96.000000,96.000000,96.000000,95.000000,95.000000,5.0,1463.1337,1340.2688,5187.4742,5310.3391,PENDING_AG03,FALSE,NOT_FOR_ENFORCEMENT,6384.5836,256811.4724,6650.6079,6384.5836,266.0243,0.02244119,0.02154355,266.0243,6384.5836,0.02154355,266.0243,266.0243,266.0243,332.5304,332.5304,6384.5836,0.02154355,1463.1337,1340.2688,5187.4742,5310.3391,0.01750413,0.01791872,0.00089765,16.2655,14.6936,0.3653,59.3804,1.1678,2646.0457,162.5536,12.4780,16.8648,9.0895,16.5695,22.0926,29.825,33.4482,44.5976,11.8163,0.0,2.018664,2.691552,0.981654,30,240,141,4,0.10479828,0.02244119,0.04150452,0E-8,0.000000,0.902668,0.011910,-0.02129501,2026-03-22,2026-08-05,112,5695,2177,137,0.817518,0.739886,0.767145,0.349328,,,,,,,,GLOBAL_BASELINE_NO_ENTITY_RANKING,,,NOT_APPLICABLE_GLOBAL_BASELINE,HF9g-P5,,,,X 全窗基线 · 不参与实体赏罚,14194659,1420,A168_HF9F_20260827_0900,2026-08-27 09:00:00
2026-04-15,110249610,2147,0,17.0427431999,-17.0427431999,-17.0427431999,0E-7,1,1,0.49324550000000000,0.493245500000,-0.9865810262130424,-0.9865810262130424,-0.9865810262130424,0E-17,ELIGIBLE,R03b_20260811_FULL_v1,L1_ELIGIBILITY,v2026-08-11,2026-03-21..2026-08-06,baccarat_bet02_101_all_pairs_incl_sentinel,round_win = game_pnl > 0 (decisive only),COMPATIBILITY_ONLY_NOT_PRODUCTION,296357.1217,267511.9505,6650.6079,18220,18206,-0.02244119,-0.04150452,-0.02020951,-0.02244119,-6650.6079,296357.1217,OK,0.0000,266.0243,4.0000,96.0000,AG03-UNRESOLVED,ALL5_LEVELS_bet23_to_bet27,266.0243,266.0243,266.0243,332.5304,332.5304,4.000000,4.000000,4.000000,5.000000,5.000000,96.000000,96.000000,96.000000,95.000000,95.000000,5.0,1463.1337,1340.2688,5187.4742,5310.3391,PENDING_AG03,FALSE,NOT_FOR_ENFORCEMENT,6384.5836,256811.4724,6650.6079,6384.5836,266.0243,0.02244119,0.02154355,266.0243,6384.5836,0.02154355,266.0243,266.0243,266.0243,332.5304,332.5304,6384.5836,0.02154355,1463.1337,1340.2688,5187.4742,5310.3391,0.01750413,0.01791872,0.00089765,16.2655,14.6936,0.3653,59.3804,1.1678,2646.0457,162.5536,12.4780,16.8648,9.0895,16.5695,22.0926,29.825,33.4482,44.5976,11.8163,0.0,2.018664,2.691552,0.981654,30,240,141,4,0.10479828,0.02244119,0.04150452,0E-8,0.000000,0.902668,0.011910,-0.02129501,2026-03-22,2026-08-05,112,5695,2177,137,0.817518,0.739886,0.767145,0.349328,,,,,,,,GLOBAL_BASELINE_NO_ENTITY_RANKING,,,NOT_APPLICABLE_GLOBAL_BASELINE,HF9g-P5,,,,X 全窗基线 · 不参与实体赏罚,14194660,1420,A168_HF9F_20260827_0900,2026-08-27 09:00:00
2026-04-15,110249610,2152,0,24.9960233600,-6.8170972800,-6.8170972800,0.3333333,3,3,0.49771390000000000,0.497713900000,-0.5694369385616226,-0.5694369385616226,-0.5694369385616226,0E-17,ELIGIBLE,R03b_20260811_FULL_v1,L1_ELIGIBILITY,v2026-08-11,2026-03-21..2026-08-06,baccarat_bet02_101_all_pairs_incl_sentinel,round_win = game_pnl > 0 (decisive only),COMPATIBILITY_ONLY_NOT_PRODUCTION,296357.1217,267511.9505,6650.6079,18220,18206,-0.02244119,-0.04150452,-0.02020951,-0.02244119,-6650.6079,296357.1217,OK,0.0000,266.0243,4.0000,96.0000,AG03-UNRESOLVED,ALL5_LEVELS_bet23_to_bet27,266.0243,266.0243,266.0243,332.5304,332.5304,4.000000,4.000000,4.000000,5.000000,5.000000,96.000000,96.000000,96.000000,95.000000,95.000000,5.0,1463.1337,1340.2688,5187.4742,5310.3391,PENDING_AG03,FALSE,NOT_FOR_ENFORCEMENT,6384.5836,256811.4724,6650.6079,6384.5836,266.0243,0.02244119,0.02154355,266.0243,6384.5836,0.02154355,266.0243,266.0243,266.0243,332.5304,332.5304,6384.5836,0.02154355,1463.1337,1340.2688,5187.4742,5310.3391,0.01750413,0.01791872,0.00089765,16.2655,14.6936,0.3653,59.3804,1.1678,2646.0457,162.5536,12.4780,16.8648,9.0895,16.5695,22.0926,29.825,33.4482,44.5976,11.8163,0.0,2.018664,2.691552,0.981654,30,240,141,4,0.10479828,0.02244119,0.04150452,0E-8,0.000000,0.902668,0.011910,-0.02129501,2026-03-22,2026-08-05,112,5695,2177,137,0.817518,0.739886,0.767145,0.349328,,,,,,,,GLOBAL_BASELINE_NO_ENTITY_RANKING,,,NOT_APPLICABLE_GLOBAL_BASELINE,HF9g-P5,,,,X 全窗基线 · 不参与实体赏罚,14194661,1420,A168_HF9F_20260827_0900,2026-08-27 09:00:00
2026-04-15,110249610,2174,0,21.5874747200,21.5874747200,21.5874747200,1.0000000,3,3,0.49324550000000000,0.493245500000,1.755609282511032,1.7556092825110319,1.755609282511032,0E-17,ELIGIBLE,R03b_20260811_FULL_v1,L1_ELIGIBILITY,v2026-08-11,2026-03-21..2026-08-06,baccarat_bet02_101_all_pairs_incl_sentinel,round_win = game_pnl > 0 (decisive only),COMPATIBILITY_ONLY_NOT_PRODUCTION,296357.1217,267511.9505,6650.6079,18220,18206,-0.02244119,-0.04150452,-0.02020951,-0.02244119,-6650.6079,296357.1217,OK,0.0000,266.0243,4.0000,96.0000,AG03-UNRESOLVED,ALL5_LEVELS_bet23_to_bet27,266.0243,266.0243,266.0243,332.5304,332.5304,4.000000,4.000000,4.000000,5.000000,5.000000,96.000000,96.000000,96.000000,95.000000,95.000000,5.0,1463.1337,1340.2688,5187.4742,5310.3391,PENDING_AG03,FALSE,NOT_FOR_ENFORCEMENT,6384.5836,256811.4724,6650.6079,6384.5836,266.0243,0.02244119,0.02154355,266.0243,6384.5836,0.02154355,266.0243,266.0243,266.0243,332.5304,332.5304,6384.5836,0.02154355,1463.1337,1340.2688,5187.4742,5310.3391,0.01750413,0.01791872,0.00089765,16.2655,14.6936,0.3653,59.3804,1.1678,2646.0457,162.5536,12.4780,16.8648,9.0895,16.5695,22.0926,29.825,33.4482,44.5976,11.8163,0.0,2.018664,2.691552,0.981654,30,240,141,4,0.10479828,0.02244119,0.04150452,0E-8,0.000000,0.902668,0.011910,-0.02129501,2026-03-22,2026-08-05,112,5695,2177,137,0.817518,0.739886,0.767145,0.349328,,,,,,,,GLOBAL_BASELINE_NO_ENTITY_RANKING,,,NOT_APPLICABLE_GLOBAL_BASELINE,HF9g-P5,,,,X 全窗基线 · 不参与实体赏罚,14194662,1420,A168_HF9F_20260827_0900,2026-08-27 09:00:00
2026-04-15,110249610,2175,0,2.8404572000,-2.8404572000,-2.8404572000,0E-7,1,1,0.50665070000000000,0.506650700000,-1.013391052207602,-1.013391052207602,-1.013391052207602,0E-17,ELIGIBLE,R03b_20260811_FULL_v1,L1_ELIGIBILITY,v2026-08-11,2026-03-21..2026-08-06,baccarat_bet02_101_all_pairs_incl_sentinel,round_win = game_pnl > 0 (decisive only),COMPATIBILITY_ONLY_NOT_PRODUCTION,296357.1217,267511.9505,6650.6079,18220,18206,-0.02244119,-0.04150452,-0.02020951,-0.02244119,-6650.6079,296357.1217,OK,0.0000,266.0243,4.0000,96.0000,AG03-UNRESOLVED,ALL5_LEVELS_bet23_to_bet27,266.0243,266.0243,266.0243,332.5304,332.5304,4.000000,4.000000,4.000000,5.000000,5.000000,96.000000,96.000000,96.000000,95.000000,95.000000,5.0,1463.1337,1340.2688,5187.4742,5310.3391,PENDING_AG03,FALSE,NOT_FOR_ENFORCEMENT,6384.5836,256811.4724,6650.6079,6384.5836,266.0243,0.02244119,0.02154355,266.0243,6384.5836,0.02154355,266.0243,266.0243,266.0243,332.5304,332.5304,6384.5836,0.02154355,1463.1337,1340.2688,5187.4742,5310.3391,0.01750413,0.01791872,0.00089765,16.2655,14.6936,0.3653,59.3804,1.1678,2646.0457,162.5536,12.4780,16.8648,9.0895,16.5695,22.0926,29.825,33.4482,44.5976,11.8163,0.0,2.018664,2.691552,0.981654,30,240,141,4,0.10479828,0.02244119,0.04150452,0E-8,0.000000,0.902668,0.011910,-0.02129501,2026-03-22,2026-08-05,112,5695,2177,137,0.817518,0.739886,0.767145,0.349328,,,,,,,,GLOBAL_BASELINE_NO_ENTITY_RANKING,,,NOT_APPLICABLE_GLOBAL_BASELINE,HF9g-P5,,,,X 全窗基线 · 不参与实体赏罚,14194663,1420,A168_HF9F_20260827_0900,2026-08-27 09:00:00
2026-04-15,110249610,2196,0,147.7037743994,28.1205262799,28.1205262799,0.6666667,10,10,0.49592654000000000,0.495926540000,1.024474758939988,1.024474758939988,1.024474758939988,0E-17,ELIGIBLE,R03b_20260811_FULL_v1,L1_ELIGIBILITY,v2026-08-11,2026-03-21..2026-08-06,baccarat_bet02_101_all_pairs_incl_sentinel,round_win = game_pnl > 0 (decisive only),COMPATIBILITY_ONLY_NOT_PRODUCTION,296357.1217,267511.9505,6650.6079,18220,18206,-0.02244119,-0.04150452,-0.02020951,-0.02244119,-6650.6079,296357.1217,OK,0.0000,266.0243,4.0000,96.0000,AG03-UNRESOLVED,ALL5_LEVELS_bet23_to_bet27,266.0243,266.0243,266.0243,332.5304,332.5304,4.000000,4.000000,4.000000,5.000000,5.000000,96.000000,96.000000,96.000000,95.000000,95.000000,5.0,1463.1337,1340.2688,5187.4742,5310.3391,PENDING_AG03,FALSE,NOT_FOR_ENFORCEMENT,6384.5836,256811.4724,6650.6079,6384.5836,266.0243,0.02244119,0.02154355,266.0243,6384.5836,0.02154355,266.0243,266.0243,266.0243,332.5304,332.5304,6384.5836,0.02154355,1463.1337,1340.2688,5187.4742,5310.3391,0.01750413,0.01791872,0.00089765,16.2655,14.6936,0.3653,59.3804,1.1678,2646.0457,162.5536,12.4780,16.8648,9.0895,16.5695,22.0926,29.825,33.4482,44.5976,11.8163,0.0,2.018664,2.691552,0.981654,30,240,141,4,0.10479828,0.02244119,0.04150452,0E-8,0.000000,0.902668,0.011910,-0.02129501,2026-03-22,2026-08-05,112,5695,2177,137,0.817518,0.739886,0.767145,0.349328,,,,,,,,GLOBAL_BASELINE_NO_ENTITY_RANKING,,,NOT_APPLICABLE_GLOBAL_BASELINE,HF9g-P5,,,,X 全窗基线 · 不参与实体赏罚,14194664,1420,A168_HF9F_20260827_0900,2026-08-27 09:00:00
2026-04-15,110249610,2201,0,4.5447315200,-4.5447315200,-4.5447315200,0E-7,1,1,0.49324550000000000,0.493245500000,-0.9865810262130424,-0.9865810262130424,-0.9865810262130424,0E-17,ELIGIBLE,R03b_20260811_FULL_v1,L1_ELIGIBILITY,v2026-08-11,2026-03-21..2026-08-06,baccarat_bet02_101_all_pairs_incl_sentinel,round_win = game_pnl > 0 (decisive only),COMPATIBILITY_ONLY_NOT_PRODUCTION,296357.1217,267511.9505,6650.6079,18220,18206,-0.02244119,-0.04150452,-0.02020951,-0.02244119,-6650.6079,296357.1217,OK,0.0000,266.0243,4.0000,96.0000,AG03-UNRESOLVED,ALL5_LEVELS_bet23_to_bet27,266.0243,266.0243,266.0243,332.5304,332.5304,4.000000,4.000000,4.000000,5.000000,5.000000,96.000000,96.000000,96.000000,95.000000,95.000000,5.0,1463.1337,1340.2688,5187.4742,5310.3391,PENDING_AG03,FALSE,NOT_FOR_ENFORCEMENT,6384.5836,256811.4724,6650.6079,6384.5836,266.0243,0.02244119,0.02154355,266.0243,6384.5836,0.02154355,266.0243,266.0243,266.0243,332.5304,332.5304,6384.5836,0.02154355,1463.1337,1340.2688,5187.4742,5310.3391,0.01750413,0.01791872,0.00089765,16.2655,14.6936,0.3653,59.3804,1.1678,2646.0457,162.5536,12.4780,16.8648,9.0895,16.5695,22.0926,29.825,33.4482,44.5976,11.8163,0.0,2.018664,2.691552,0.981654,30,240,141,4,0.10479828,0.02244119,0.04150452,0E-8,0.000000,0.902668,0.011910,-0.02129501,2026-03-22,2026-08-05,112,5695,2177,137,0.817518,0.739886,0.767145,0.349328,,,,,,,,GLOBAL_BASELINE_NO_ENTITY_RANKING,,,NOT_APPLICABLE_GLOBAL_BASELINE,HF9g-P5,,,,X 全窗基线 · 不参与实体赏罚,14194665,1420,A168_HF9F_20260827_0900,2026-08-27 09:00:00
2026-04-15,110249610,2202,0,39.3119276480,-27.9500988480,-27.9500988480,0E-7,4,4,0.49994810000000000,0.499948100000,-1.7318710300250217,-1.7318710300250217,-1.7318710300250217,0E-17,ELIGIBLE,R03b_20260811_FULL_v1,L1_ELIGIBILITY,v2026-08-11,2026-03-21..2026-08-06,baccarat_bet02_101_all_pairs_incl_sentinel,round_win = game_pnl > 0 (decisive only),COMPATIBILITY_ONLY_NOT_PRODUCTION,296357.1217,267511.9505,6650.6079,18220,18206,-0.02244119,-0.04150452,-0.02020951,-0.02244119,-6650.6079,296357.1217,OK,0.0000,266.0243,4.0000,96.0000,AG03-UNRESOLVED,ALL5_LEVELS_bet23_to_bet27,266.0243,266.0243,266.0243,332.5304,332.5304,4.000000,4.000000,4.000000,5.000000,5.000000,96.000000,96.000000,96.000000,95.000000,95.000000,5.0,1463.1337,1340.2688,5187.4742,5310.3391,PENDING_AG03,FALSE,NOT_FOR_ENFORCEMENT,6384.5836,256811.4724,6650.6079,6384.5836,266.0243,0.02244119,0.02154355,266.0243,6384.5836,0.02154355,266.0243,266.0243,266.0243,332.5304,332.5304,6384.5836,0.02154355,1463.1337,1340.2688,5187.4742,5310.3391,0.01750413,0.01791872,0.00089765,16.2655,14.6936,0.3653,59.3804,1.1678,2646.0457,162.5536,12.4780,16.8648,9.0895,16.5695,22.0926,29.825,33.4482,44.5976,11.8163,0.0,2.018664,2.691552,0.981654,30,240,141,4,0.10479828,0.02244119,0.04150452,0E-8,0.000000,0.902668,0.011910,-0.02129501,2026-03-22,2026-08-05,112,5695,2177,137,0.817518,0.739886,0.767145,0.349328,,,,,,,,GLOBAL_BASELINE_NO_ENTITY_RANKING,,,NOT_APPLICABLE_GLOBAL_BASELINE,HF9g-P5,,,,X 全窗基线 · 不参与实体赏罚,14194666,1420,A168_HF9F_20260827_0900,2026-08-27 09:00:00
2026-04-15,110249610,2205,0,17.0427431999,-17.0427431999,-17.0427431999,0E-7,1,1,0.49324550000000000,0.493245500000,-0.9865810262130424,-0.9865810262130424,-0.9865810262130424,0E-17,ELIGIBLE,R03b_20260811_FULL_v1,L1_ELIGIBILITY,v2026-08-11,2026-03-21..2026-08-06,baccarat_bet02_101_all_pairs_incl_sentinel,round_win = game_pnl > 0 (decisive only),COMPATIBILITY_ONLY_NOT_PRODUCTION,296357.1217,267511.9505,6650.6079,18220,18206,-0.02244119,-0.04150452,-0.02020951,-0.02244119,-6650.6079,296357.1217,OK,0.0000,266.0243,4.0000,96.0000,AG03-UNRESOLVED,ALL5_LEVELS_bet23_to_bet27,266.0243,266.0243,266.0243,332.5304,332.5304,4.000000,4.000000,4.000000,5.000000,5.000000,96.000000,96.000000,96.000000,95.000000,95.000000,5.0,1463.1337,1340.2688,5187.4742,5310.3391,PENDING_AG03,FALSE,NOT_FOR_ENFORCEMENT,6384.5836,256811.4724,6650.6079,6384.5836,266.0243,0.02244119,0.02154355,266.0243,6384.5836,0.02154355,266.0243,266.0243,266.0243,332.5304,332.5304,6384.5836,0.02154355,1463.1337,1340.2688,5187.4742,5310.3391,0.01750413,0.01791872,0.00089765,16.2655,14.6936,0.3653,59.3804,1.1678,2646.0457,162.5536,12.4780,16.8648,9.0895,16.5695,22.0926,29.825,33.4482,44.5976,11.8163,0.0,2.018664,2.691552,0.981654,30,240,141,4,0.10479828,0.02244119,0.04150452,0E-8,0.000000,0.902668,0.011910,-0.02129501,2026-03-22,2026-08-05,112,5695,2177,137,0.817518,0.739886,0.767145,0.349328,,,,,,,,GLOBAL_BASELINE_NO_ENTITY_RANKING,,,NOT_APPLICABLE_GLOBAL_BASELINE,HF9g-P5,,,,X 全窗基线 · 不参与实体赏罚,14194667,1420,A168_HF9F_20260827_0900,2026-08-27 09:00:00
2026-04-15,110249610,2218,0,3.4085486400,-3.4085486400,-3.4085486400,0E-7,1,1,0.49324550000000000,0.493245500000,-0.9865810262130424,-0.9865810262130424,-0.9865810262130424,0E-17,ELIGIBLE,R03b_20260811_FULL_v1,L1_ELIGIBILITY,v2026-08-11,2026-03-21..2026-08-06,baccarat_bet02_101_all_pairs_incl_sentinel,round_win = game_pnl > 0 (decisive only),COMPATIBILITY_ONLY_NOT_PRODUCTION,296357.1217,267511.9505,6650.6079,18220,18206,-0.02244119,-0.04150452,-0.02020951,-0.02244119,-6650.6079,296357.1217,OK,0.0000,266.0243,4.0000,96.0000,AG03-UNRESOLVED,ALL5_LEVELS_bet23_to_bet27,266.0243,266.0243,266.0243,332.5304,332.5304,4.000000,4.000000,4.000000,5.000000,5.000000,96.000000,96.000000,96.000000,95.000000,95.000000,5.0,1463.1337,1340.2688,5187.4742,5310.3391,PENDING_AG03,FALSE,NOT_FOR_ENFORCEMENT,6384.5836,256811.4724,6650.6079,6384.5836,266.0243,0.02244119,0.02154355,266.0243,6384.5836,0.02154355,266.0243,266.0243,266.0243,332.5304,332.5304,6384.5836,0.02154355,1463.1337,1340.2688,5187.4742,5310.3391,0.01750413,0.01791872,0.00089765,16.2655,14.6936,0.3653,59.3804,1.1678,2646.0457,162.5536,12.4780,16.8648,9.0895,16.5695,22.0926,29.825,33.4482,44.5976,11.8163,0.0,2.018664,2.691552,0.981654,30,240,141,4,0.10479828,0.02244119,0.04150452,0E-8,0.000000,0.902668,0.011910,-0.02129501,2026-03-22,2026-08-05,112,5695,2177,137,0.817518,0.739886,0.767145,0.349328,,,,,,,,GLOBAL_BASELINE_NO_ENTITY_RANKING,,,NOT_APPLICABLE_GLOBAL_BASELINE,HF9g-P5,,,,X 全窗基线 · 不参与实体赏罚,14194668,1420,A168_HF9F_20260827_0900,2026-08-27 09:00:00
2026-04-15,110249610,2222,0,91.3491035516,38.1189356239,38.1189356239,0.8000000,6,6,0.50218230000000000,0.502182300000,1.3318939303776811,1.3318939303776811,1.3318939303776811,0E-17,ELIGIBLE,R03b_20260811_FULL_v1,L1_ELIGIBILITY,v2026-08-11,2026-03-21..2026-08-06,baccarat_bet02_101_all_pairs_incl_sentinel,round_win = game_pnl > 0 (decisive only),COMPATIBILITY_ONLY_NOT_PRODUCTION,296357.1217,267511.9505,6650.6079,18220,18206,-0.02244119,-0.04150452,-0.02020951,-0.02244119,-6650.6079,296357.1217,OK,0.0000,266.0243,4.0000,96.0000,AG03-UNRESOLVED,ALL5_LEVELS_bet23_to_bet27,266.0243,266.0243,266.0243,332.5304,332.5304,4.000000,4.000000,4.000000,5.000000,5.000000,96.000000,96.000000,96.000000,95.000000,95.000000,5.0,1463.1337,1340.2688,5187.4742,5310.3391,PENDING_AG03,FALSE,NOT_FOR_ENFORCEMENT,6384.5836,256811.4724,6650.6079,6384.5836,266.0243,0.02244119,0.02154355,266.0243,6384.5836,0.02154355,266.0243,266.0243,266.0243,332.5304,332.5304,6384.5836,0.02154355,1463.1337,1340.2688,5187.4742,5310.3391,0.01750413,0.01791872,0.00089765,16.2655,14.6936,0.3653,59.3804,1.1678,2646.0457,162.5536,12.4780,16.8648,9.0895,16.5695,22.0926,29.825,33.4482,44.5976,11.8163,0.0,2.018664,2.691552,0.981654,30,240,141,4,0.10479828,0.02244119,0.04150452,0E-8,0.000000,0.902668,0.011910,-0.02129501,2026-03-22,2026-08-05,112,5695,2177,137,0.817518,0.739886,0.767145,0.349328,,,,,,,,GLOBAL_BASELINE_NO_ENTITY_RANKING,,,NOT_APPLICABLE_GLOBAL_BASELINE,HF9g-P5,,,,X 全窗基线 · 不参与实体赏罚,14194669,1420,A168_HF9F_20260827_0900,2026-08-27 09:00:00
2026-04-15,110249610,2223,0,211.2163973914,61.2402572318,61.2402572318,0.6923077,14,14,0.49324550000000000,0.493245500000,1.4355888812391617,1.4355888812391615,1.4355888812391617,0E-17,ELIGIBLE,R03b_20260811_FULL_v1,L1_ELIGIBILITY,v2026-08-11,2026-03-21..2026-08-06,baccarat_bet02_101_all_pairs_incl_sentinel,round_win = game_pnl > 0 (decisive only),COMPATIBILITY_ONLY_NOT_PRODUCTION,296357.1217,267511.9505,6650.6079,18220,18206,-0.02244119,-0.04150452,-0.02020951,-0.02244119,-6650.6079,296357.1217,OK,0.0000,266.0243,4.0000,96.0000,AG03-UNRESOLVED,ALL5_LEVELS_bet23_to_bet27,266.0243,266.0243,266.0243,332.5304,332.5304,4.000000,4.000000,4.000000,5.000000,5.000000,96.000000,96.000000,96.000000,95.000000,95.000000,5.0,1463.1337,1340.2688,5187.4742,5310.3391,PENDING_AG03,FALSE,NOT_FOR_ENFORCEMENT,6384.5836,256811.4724,6650.6079,6384.5836,266.0243,0.02244119,0.02154355,266.0243,6384.5836,0.02154355,266.0243,266.0243,266.0243,332.5304,332.5304,6384.5836,0.02154355,1463.1337,1340.2688,5187.4742,5310.3391,0.01750413,0.01791872,0.00089765,16.2655,14.6936,0.3653,59.3804,1.1678,2646.0457,162.5536,12.4780,16.8648,9.0895,16.5695,22.0926,29.825,33.4482,44.5976,11.8163,0.0,2.018664,2.691552,0.981654,30,240,141,4,0.10479828,0.02244119,0.04150452,0E-8,0.000000,0.902668,0.011910,-0.02129501,2026-03-22,2026-08-05,112,5695,2177,137,0.817518,0.739886,0.767145,0.349328,,,,,,,,GLOBAL_BASELINE_NO_ENTITY_RANKING,,,NOT_APPLICABLE_GLOBAL_BASELINE,HF9g-P5,,,,X 全窗基线 · 不参与实体赏罚,14194670,1420,A168_HF9F_20260827_0900,2026-08-27 09:00:00
2026-04-15,110249610,2229,0,61.3538755198,-5.9649601200,-5.9649601200,0.5000000,4,4,0.50665070000000000,0.506650700000,-0.02660515369234503,-0.02660515369234503,-0.02660515369234503,0E-17,ELIGIBLE,R03b_20260811_FULL_v1,L1_ELIGIBILITY,v2026-08-11,2026-03-21..2026-08-06,baccarat_bet02_101_all_pairs_incl_sentinel,round_win = game_pnl > 0 (decisive only),COMPATIBILITY_ONLY_NOT_PRODUCTION,296357.1217,267511.9505,6650.6079,18220,18206,-0.02244119,-0.04150452,-0.02020951,-0.02244119,-6650.6079,296357.1217,OK,0.0000,266.0243,4.0000,96.0000,AG03-UNRESOLVED,ALL5_LEVELS_bet23_to_bet27,266.0243,266.0243,266.0243,332.5304,332.5304,4.000000,4.000000,4.000000,5.000000,5.000000,96.000000,96.000000,96.000000,95.000000,95.000000,5.0,1463.1337,1340.2688,5187.4742,5310.3391,PENDING_AG03,FALSE,NOT_FOR_ENFORCEMENT,6384.5836,256811.4724,6650.6079,6384.5836,266.0243,0.02244119,0.02154355,266.0243,6384.5836,0.02154355,266.0243,266.0243,266.0243,332.5304,332.5304,6384.5836,0.02154355,1463.1337,1340.2688,5187.4742,5310.3391,0.01750413,0.01791872,0.00089765,16.2655,14.6936,0.3653,59.3804,1.1678,2646.0457,162.5536,12.4780,16.8648,9.0895,16.5695,22.0926,29.825,33.4482,44.5976,11.8163,0.0,2.018664,2.691552,0.981654,30,240,141,4,0.10479828,0.02244119,0.04150452,0E-8,0.000000,0.902668,0.011910,-0.02129501,2026-03-22,2026-08-05,112,5695,2177,137,0.817518,0.739886,0.767145,0.349328,,,,,,,,GLOBAL_BASELINE_NO_ENTITY_RANKING,,,NOT_APPLICABLE_GLOBAL_BASELINE,HF9g-P5,,,,X 全窗基线 · 不参与实体赏罚,14194671,1420,A168_HF9F_20260827_0900,2026-08-27 09:00:00
2026-04-15,110249610,2233,0,11.3618288000,-11.3618288000,-11.3618288000,0E-7,1,1,0.49324550000000000,0.493245500000,-0.9865810262130424,-0.9865810262130424,-0.9865810262130424,0E-17,ELIGIBLE,R03b_20260811_FULL_v1,L1_ELIGIBILITY,v2026-08-11,2026-03-21..2026-08-06,baccarat_bet02_101_all_pairs_incl_sentinel,round_win = game_pnl > 0 (decisive only),COMPATIBILITY_ONLY_NOT_PRODUCTION,296357.1217,267511.9505,6650.6079,18220,18206,-0.02244119,-0.04150452,-0.02020951,-0.02244119,-6650.6079,296357.1217,OK,0.0000,266.0243,4.0000,96.0000,AG03-UNRESOLVED,ALL5_LEVELS_bet23_to_bet27,266.0243,266.0243,266.0243,332.5304,332.5304,4.000000,4.000000,4.000000,5.000000,5.000000,96.000000,96.000000,96.000000,95.000000,95.000000,5.0,1463.1337,1340.2688,5187.4742,5310.3391,PENDING_AG03,FALSE,NOT_FOR_ENFORCEMENT,6384.5836,256811.4724,6650.6079,6384.5836,266.0243,0.02244119,0.02154355,266.0243,6384.5836,0.02154355,266.0243,266.0243,266.0243,332.5304,332.5304,6384.5836,0.02154355,1463.1337,1340.2688,5187.4742,5310.3391,0.01750413,0.01791872,0.00089765,16.2655,14.6936,0.3653,59.3804,1.1678,2646.0457,162.5536,12.4780,16.8648,9.0895,16.5695,22.0926,29.825,33.4482,44.5976,11.8163,0.0,2.018664,2.691552,0.981654,30,240,141,4,0.10479828,0.02244119,0.04150452,0E-8,0.000000,0.902668,0.011910,-0.02129501,2026-03-22,2026-08-05,112,5695,2177,137,0.817518,0.739886,0.767145,0.349328,,,,,,,,GLOBAL_BASELINE_NO_ENTITY_RANKING,,,NOT_APPLICABLE_GLOBAL_BASELINE,HF9g-P5,,,,X 全窗基线 · 不参与实体赏罚,14194672,1420,A168_HF9F_20260827_0900,2026-08-27 09:00:00
2026-04-15,110249610,2234,0,11.3618288000,-11.3618288000,-11.3618288000,0E-7,1,1,0.49324550000000000,0.493245500000,-0.9865810262130424,-0.9865810262130424,-0.9865810262130424,0E-17,ELIGIBLE,R03b_20260811_FULL_v1,L1_ELIGIBILITY,v2026-08-11,2026-03-21..2026-08-06,baccarat_bet02_101_all_pairs_incl_sentinel,round_win = game_pnl > 0 (decisive only),COMPATIBILITY_ONLY_NOT_PRODUCTION,296357.1217,267511.9505,6650.6079,18220,18206,-0.02244119,-0.04150452,-0.02020951,-0.02244119,-6650.6079,296357.1217,OK,0.0000,266.0243,4.0000,96.0000,AG03-UNRESOLVED,ALL5_LEVELS_bet23_to_bet27,266.0243,266.0243,266.0243,332.5304,332.5304,4.000000,4.000000,4.000000,5.000000,5.000000,96.000000,96.000000,96.000000,95.000000,95.000000,5.0,1463.1337,1340.2688,5187.4742,5310.3391,PENDING_AG03,FALSE,NOT_FOR_ENFORCEMENT,6384.5836,256811.4724,6650.6079,6384.5836,266.0243,0.02244119,0.02154355,266.0243,6384.5836,0.02154355,266.0243,266.0243,266.0243,332.5304,332.5304,6384.5836,0.02154355,1463.1337,1340.2688,5187.4742,5310.3391,0.01750413,0.01791872,0.00089765,16.2655,14.6936,0.3653,59.3804,1.1678,2646.0457,162.5536,12.4780,16.8648,9.0895,16.5695,22.0926,29.825,33.4482,44.5976,11.8163,0.0,2.018664,2.691552,0.981654,30,240,141,4,0.10479828,0.02244119,0.04150452,0E-8,0.000000,0.902668,0.011910,-0.02129501,2026-03-22,2026-08-05,112,5695,2177,137,0.817518,0.739886,0.767145,0.349328,,,,,,,,GLOBAL_BASELINE_NO_ENTITY_RANKING,,,NOT_APPLICABLE_GLOBAL_BASELINE,HF9g-P5,,,,X 全窗基线 · 不参与实体赏罚,14194673,1420,A168_HF9F_20260827_0900,2026-08-27 09:00:00
2026-04-15,110249610,2248,0,36.6987070239,-16.7586974799,-16.7586974799,0.3333333,3,3,0.50665070000000000,0.506650700000,-0.6004420894325239,-0.6004420894325239,-0.6004420894325239,0E-17,ELIGIBLE,R03b_20260811_FULL_v1,L1_ELIGIBILITY,v2026-08-11,2026-03-21..2026-08-06,baccarat_bet02_101_all_pairs_incl_sentinel,round_win = game_pnl > 0 (decisive only),COMPATIBILITY_ONLY_NOT_PRODUCTION,296357.1217,267511.9505,6650.6079,18220,18206,-0.02244119,-0.04150452,-0.02020951,-0.02244119,-6650.6079,296357.1217,OK,0.0000,266.0243,4.0000,96.0000,AG03-UNRESOLVED,ALL5_LEVELS_bet23_to_bet27,266.0243,266.0243,266.0243,332.5304,332.5304,4.000000,4.000000,4.000000,5.000000,5.000000,96.000000,96.000000,96.000000,95.000000,95.000000,5.0,1463.1337,1340.2688,5187.4742,5310.3391,PENDING_AG03,FALSE,NOT_FOR_ENFORCEMENT,6384.5836,256811.4724,6650.6079,6384.5836,266.0243,0.02244119,0.02154355,266.0243,6384.5836,0.02154355,266.0243,266.0243,266.0243,332.5304,332.5304,6384.5836,0.02154355,1463.1337,1340.2688,5187.4742,5310.3391,0.01750413,0.01791872,0.00089765,16.2655,14.6936,0.3653,59.3804,1.1678,2646.0457,162.5536,12.4780,16.8648,9.0895,16.5695,22.0926,29.825,33.4482,44.5976,11.8163,0.0,2.018664,2.691552,0.981654,30,240,141,4,0.10479828,0.02244119,0.04150452,0E-8,0.000000,0.902668,0.011910,-0.02129501,2026-03-22,2026-08-05,112,5695,2177,137,0.817518,0.739886,0.767145,0.349328,,,,,,,,GLOBAL_BASELINE_NO_ENTITY_RANKING,,,NOT_APPLICABLE_GLOBAL_BASELINE,HF9g-P5,,,,X 全窗基线 · 不参与实体赏罚,14194674,1420,A168_HF9F_20260827_0900,2026-08-27 09:00:00
2026-04-15,110249610,2251,0,40.9025836800,31.5858840640,31.5858840640,0.8000000,5,5,0.49592654000000000,0.495926540000,1.359902984124143,1.359902984124143,1.359902984124143,0E-17,ELIGIBLE,R03b_20260811_FULL_v1,L1_ELIGIBILITY,v2026-08-11,2026-03-21..2026-08-06,baccarat_bet02_101_all_pairs_incl_sentinel,round_win = game_pnl > 0 (decisive only),COMPATIBILITY_ONLY_NOT_PRODUCTION,296357.1217,267511.9505,6650.6079,18220,18206,-0.02244119,-0.04150452,-0.02020951,-0.02244119,-6650.6079,296357.1217,OK,0.0000,266.0243,4.0000,96.0000,AG03-UNRESOLVED,ALL5_LEVELS_bet23_to_bet27,266.0243,266.0243,266.0243,332.5304,332.5304,4.000000,4.000000,4.000000,5.000000,5.000000,96.000000,96.000000,96.000000,95.000000,95.000000,5.0,1463.1337,1340.2688,5187.4742,5310.3391,PENDING_AG03,FALSE,NOT_FOR_ENFORCEMENT,6384.5836,256811.4724,6650.6079,6384.5836,266.0243,0.02244119,0.02154355,266.0243,6384.5836,0.02154355,266.0243,266.0243,266.0243,332.5304,332.5304,6384.5836,0.02154355,1463.1337,1340.2688,5187.4742,5310.3391,0.01750413,0.01791872,0.00089765,16.2655,14.6936,0.3653,59.3804,1.1678,2646.0457,162.5536,12.4780,16.8648,9.0895,16.5695,22.0926,29.825,33.4482,44.5976,11.8163,0.0,2.018664,2.691552,0.981654,30,240,141,4,0.10479828,0.02244119,0.04150452,0E-8,0.000000,0.902668,0.011910,-0.02129501,2026-03-22,2026-08-05,112,5695,2177,137,0.817518,0.739886,0.767145,0.349328,,,,,,,,GLOBAL_BASELINE_NO_ENTITY_RANKING,,,NOT_APPLICABLE_GLOBAL_BASELINE,HF9g-P5,,,,X 全窗基线 · 不参与实体赏罚,14194675,1420,A168_HF9F_20260827_0900,2026-08-27 09:00:00
2026-04-15,110249610,2252,0,68.8526825278,-45.6745517758,-45.6745517758,0.2000000,5,5,0.49860758000000000,0.498607580000,-1.3354188732730328,-1.3354188732730328,-1.3354188732730328,0E-17,ELIGIBLE,R03b_20260811_FULL_v1,L1_ELIGIBILITY,v2026-08-11,2026-03-21..2026-08-06,baccarat_bet02_101_all_pairs_incl_sentinel,round_win = game_pnl > 0 (decisive only),COMPATIBILITY_ONLY_NOT_PRODUCTION,296357.1217,267511.9505,6650.6079,18220,18206,-0.02244119,-0.04150452,-0.02020951,-0.02244119,-6650.6079,296357.1217,OK,0.0000,266.0243,4.0000,96.0000,AG03-UNRESOLVED,ALL5_LEVELS_bet23_to_bet27,266.0243,266.0243,266.0243,332.5304,332.5304,4.000000,4.000000,4.000000,5.000000,5.000000,96.000000,96.000000,96.000000,95.000000,95.000000,5.0,1463.1337,1340.2688,5187.4742,5310.3391,PENDING_AG03,FALSE,NOT_FOR_ENFORCEMENT,6384.5836,256811.4724,6650.6079,6384.5836,266.0243,0.02244119,0.02154355,266.0243,6384.5836,0.02154355,266.0243,266.0243,266.0243,332.5304,332.5304,6384.5836,0.02154355,1463.1337,1340.2688,5187.4742,5310.3391,0.01750413,0.01791872,0.00089765,16.2655,14.6936,0.3653,59.3804,1.1678,2646.0457,162.5536,12.4780,16.8648,9.0895,16.5695,22.0926,29.825,33.4482,44.5976,11.8163,0.0,2.018664,2.691552,0.981654,30,240,141,4,0.10479828,0.02244119,0.04150452,0E-8,0.000000,0.902668,0.011910,-0.02129501,2026-03-22,2026-08-05,112,5695,2177,137,0.817518,0.739886,0.767145,0.349328,,,,,,,,GLOBAL_BASELINE_NO_ENTITY_RANKING,,,NOT_APPLICABLE_GLOBAL_BASELINE,HF9g-P5,,,,X 全窗基线 · 不参与实体赏罚,14194676,1420,A168_HF9F_20260827_0900,2026-08-27 09:00:00
2026-04-15,110249610,2256,0,73.8518871997,17.0427431999,17.0427431999,0.6666667,3,3,0.49771390000000000,0.497713900000,0.5852756695216578,0.5852756695216578,0.5852756695216578,0E-17,ELIGIBLE,R03b_20260811_FULL_v1,L1_ELIGIBILITY,v2026-08-11,2026-03-21..2026-08-06,baccarat_bet02_101_all_pairs_incl_sentinel,round_win = game_pnl > 0 (decisive only),COMPATIBILITY_ONLY_NOT_PRODUCTION,296357.1217,267511.9505,6650.6079,18220,18206,-0.02244119,-0.04150452,-0.02020951,-0.02244119,-6650.6079,296357.1217,OK,0.0000,266.0243,4.0000,96.0000,AG03-UNRESOLVED,ALL5_LEVELS_bet23_to_bet27,266.0243,266.0243,266.0243,332.5304,332.5304,4.000000,4.000000,4.000000,5.000000,5.000000,96.000000,96.000000,96.000000,95.000000,95.000000,5.0,1463.1337,1340.2688,5187.4742,5310.3391,PENDING_AG03,FALSE,NOT_FOR_ENFORCEMENT,6384.5836,256811.4724,6650.6079,6384.5836,266.0243,0.02244119,0.02154355,266.0243,6384.5836,0.02154355,266.0243,266.0243,266.0243,332.5304,332.5304,6384.5836,0.02154355,1463.1337,1340.2688,5187.4742,5310.3391,0.01750413,0.01791872,0.00089765,16.2655,14.6936,0.3653,59.3804,1.1678,2646.0457,162.5536,12.4780,16.8648,9.0895,16.5695,22.0926,29.825,33.4482,44.5976,11.8163,0.0,2.018664,2.691552,0.981654,30,240,141,4,0.10479828,0.02244119,0.04150452,0E-8,0.000000,0.902668,0.011910,-0.02129501,2026-03-22,2026-08-05,112,5695,2177,137,0.817518,0.739886,0.767145,0.349328,,,,,,,,GLOBAL_BASELINE_NO_ENTITY_RANKING,,,NOT_APPLICABLE_GLOBAL_BASELINE,HF9g-P5,,,,X 全窗基线 · 不参与实体赏罚,14194677,1420,A168_HF9F_20260827_0900,2026-08-27 09:00:00
2026-04-15,110249610,2258,0,37.4940350398,15.1112323040,15.1112323040,1.0000000,2,2,0.50665070000000000,0.506650700000,0.9867858985152569,0.9867858985152569,0.9867858985152569,0E-17,ELIGIBLE,R03b_20260811_FULL_v1,L1_ELIGIBILITY,v2026-08-11,2026-03-21..2026-08-06,baccarat_bet02_101_all_pairs_incl_sentinel,round_win = game_pnl > 0 (decisive only),COMPATIBILITY_ONLY_NOT_PRODUCTION,296357.1217,267511.9505,6650.6079,18220,18206,-0.02244119,-0.04150452,-0.02020951,-0.02244119,-6650.6079,296357.1217,OK,0.0000,266.0243,4.0000,96.0000,AG03-UNRESOLVED,ALL5_LEVELS_bet23_to_bet27,266.0243,266.0243,266.0243,332.5304,332.5304,4.000000,4.000000,4.000000,5.000000,5.000000,96.000000,96.000000,96.000000,95.000000,95.000000,5.0,1463.1337,1340.2688,5187.4742,5310.3391,PENDING_AG03,FALSE,NOT_FOR_ENFORCEMENT,6384.5836,256811.4724,6650.6079,6384.5836,266.0243,0.02244119,0.02154355,266.0243,6384.5836,0.02154355,266.0243,266.0243,266.0243,332.5304,332.5304,6384.5836,0.02154355,1463.1337,1340.2688,5187.4742,5310.3391,0.01750413,0.01791872,0.00089765,16.2655,14.6936,0.3653,59.3804,1.1678,2646.0457,162.5536,12.4780,16.8648,9.0895,16.5695,22.0926,29.825,33.4482,44.5976,11.8163,0.0,2.018664,2.691552,0.981654,30,240,141,4,0.10479828,0.02244119,0.04150452,0E-8,0.000000,0.902668,0.011910,-0.02129501,2026-03-22,2026-08-05,112,5695,2177,137,0.817518,0.739886,0.767145,0.349328,,,,,,,,GLOBAL_BASELINE_NO_ENTITY_RANKING,,,NOT_APPLICABLE_GLOBAL_BASELINE,HF9g-P5,,,,X 全窗基线 · 不参与实体赏罚,14194678,1420,A168_HF9F_20260827_0900,2026-08-27 09:00:00
2026-04-15,110249610,529,0,34.0854863999,-24.9960233599,-24.9960233599,0.3333333,3,3,0.49324550000000000,0.493245500000,-0.5540025479526107,-0.5540025479526106,-0.5540025479526107,0E-17,ELIGIBLE,R03b_20260811_FULL_v1,L1_ELIGIBILITY,v2026-08-11,2026-03-21..2026-08-06,baccarat_bet02_101_all_pairs_incl_sentinel,round_win = game_pnl > 0 (decisive only),COMPATIBILITY_ONLY_NOT_PRODUCTION,296357.1217,267511.9505,6650.6079,18220,18206,-0.02244119,-0.04150452,-0.02020951,-0.02244119,-6650.6079,296357.1217,OK,0.0000,266.0243,4.0000,96.0000,AG03-UNRESOLVED,ALL5_LEVELS_bet23_to_bet27,266.0243,266.0243,266.0243,332.5304,332.5304,4.000000,4.000000,4.000000,5.000000,5.000000,96.000000,96.000000,96.000000,95.000000,95.000000,5.0,1463.1337,1340.2688,5187.4742,5310.3391,PENDING_AG03,FALSE,NOT_FOR_ENFORCEMENT,6384.5836,256811.4724,6650.6079,6384.5836,266.0243,0.02244119,0.02154355,266.0243,6384.5836,0.02154355,266.0243,266.0243,266.0243,332.5304,332.5304,6384.5836,0.02154355,1463.1337,1340.2688,5187.4742,5310.3391,0.01750413,0.01791872,0.00089765,16.2655,14.6936,0.3653,59.3804,1.1678,2646.0457,162.5536,12.4780,16.8648,9.0895,16.5695,22.0926,29.825,33.4482,44.5976,11.8163,0.0,2.018664,2.691552,0.981654,30,240,141,4,0.10479828,0.02244119,0.04150452,0E-8,0.000000,0.902668,0.011910,-0.02129501,2026-03-22,2026-08-05,112,5695,2177,137,0.817518,0.739886,0.767145,0.349328,,,,,,,,GLOBAL_BASELINE_NO_ENTITY_RANKING,,,NOT_APPLICABLE_GLOBAL_BASELINE,HF9g-P5,,,,X 全窗基线 · 不参与实体赏罚,14194679,1420,A168_HF9F_20260827_0900,2026-08-27 09:00:00
2026-04-15,110249610,583,0,18.1789260800,-18.1789260800,-18.1789260800,0E-7,2,2,0.49994810000000000,0.499948100000,-1.4140667746232096,-1.4140667746232096,-1.4140667746232096,0E-17,ELIGIBLE,R03b_20260811_FULL_v1,L1_ELIGIBILITY,v2026-08-11,2026-03-21..2026-08-06,baccarat_bet02_101_all_pairs_incl_sentinel,round_win = game_pnl > 0 (decisive only),COMPATIBILITY_ONLY_NOT_PRODUCTION,296357.1217,267511.9505,6650.6079,18220,18206,-0.02244119,-0.04150452,-0.02020951,-0.02244119,-6650.6079,296357.1217,OK,0.0000,266.0243,4.0000,96.0000,AG03-UNRESOLVED,ALL5_LEVELS_bet23_to_bet27,266.0243,266.0243,266.0243,332.5304,332.5304,4.000000,4.000000,4.000000,5.000000,5.000000,96.000000,96.000000,96.000000,95.000000,95.000000,5.0,1463.1337,1340.2688,5187.4742,5310.3391,PENDING_AG03,FALSE,NOT_FOR_ENFORCEMENT,6384.5836,256811.4724,6650.6079,6384.5836,266.0243,0.02244119,0.02154355,266.0243,6384.5836,0.02154355,266.0243,266.0243,266.0243,332.5304,332.5304,6384.5836,0.02154355,1463.1337,1340.2688,5187.4742,5310.3391,0.01750413,0.01791872,0.00089765,16.2655,14.6936,0.3653,59.3804,1.1678,2646.0457,162.5536,12.4780,16.8648,9.0895,16.5695,22.0926,29.825,33.4482,44.5976,11.8163,0.0,2.018664,2.691552,0.981654,30,240,141,4,0.10479828,0.02244119,0.04150452,0E-8,0.000000,0.902668,0.011910,-0.02129501,2026-03-22,2026-08-05,112,5695,2177,137,0.817518,0.739886,0.767145,0.349328,,,,,,,,GLOBAL_BASELINE_NO_ENTITY_RANKING,,,NOT_APPLICABLE_GLOBAL_BASELINE,HF9g-P5,,,,X 全窗基线 · 不参与实体赏罚,14194680,1420,A168_HF9F_20260827_0900,2026-08-27 09:00:00
2026-04-15,110249610,752,0,38.6302179200,36.6987070240,36.6987070240,1.0000000,5,5,0.50665070000000000,0.506650700000,2.2065203483183233,2.2065203483183233,2.2065203483183233,0E-17,ELIGIBLE,R03b_20260811_FULL_v1,L1_ELIGIBILITY,v2026-08-11,2026-03-21..2026-08-06,baccarat_bet02_101_all_pairs_incl_sentinel,round_win = game_pnl > 0 (decisive only),COMPATIBILITY_ONLY_NOT_PRODUCTION,296357.1217,267511.9505,6650.6079,18220,18206,-0.02244119,-0.04150452,-0.02020951,-0.02244119,-6650.6079,296357.1217,OK,0.0000,266.0243,4.0000,96.0000,AG03-UNRESOLVED,ALL5_LEVELS_bet23_to_bet27,266.0243,266.0243,266.0243,332.5304,332.5304,4.000000,4.000000,4.000000,5.000000,5.000000,96.000000,96.000000,96.000000,95.000000,95.000000,5.0,1463.1337,1340.2688,5187.4742,5310.3391,PENDING_AG03,FALSE,NOT_FOR_ENFORCEMENT,6384.5836,256811.4724,6650.6079,6384.5836,266.0243,0.02244119,0.02154355,266.0243,6384.5836,0.02154355,266.0243,266.0243,266.0243,332.5304,332.5304,6384.5836,0.02154355,1463.1337,1340.2688,5187.4742,5310.3391,0.01750413,0.01791872,0.00089765,16.2655,14.6936,0.3653,59.3804,1.1678,2646.0457,162.5536,12.4780,16.8648,9.0895,16.5695,22.0926,29.825,33.4482,44.5976,11.8163,0.0,2.018664,2.691552,0.981654,30,240,141,4,0.10479828,0.02244119,0.04150452,0E-8,0.000000,0.902668,0.011910,-0.02129501,2026-03-22,2026-08-05,112,5695,2177,137,0.817518,0.739886,0.767145,0.349328,,,,,,,,GLOBAL_BASELINE_NO_ENTITY_RANKING,,,NOT_APPLICABLE_GLOBAL_BASELINE,HF9g-P5,,,,X 全窗基线 · 不参与实体赏罚,14194681,1420,A168_HF9F_20260827_0900,2026-08-27 09:00:00
2026-04-15,110249610,763,0,43.7430408799,-22.1555661599,-22.1555661599,0.3333333,3,3,0.49771390000000000,0.497713900000,-0.5694369385616226,-0.5694369385616226,-0.5694369385616226,0E-17,ELIGIBLE,R03b_20260811_FULL_v1,L1_ELIGIBILITY,v2026-08-11,2026-03-21..2026-08-06,baccarat_bet02_101_all_pairs_incl_sentinel,round_win = game_pnl > 0 (decisive only),COMPATIBILITY_ONLY_NOT_PRODUCTION,296357.1217,267511.9505,6650.6079,18220,18206,-0.02244119,-0.04150452,-0.02020951,-0.02244119,-6650.6079,296357.1217,OK,0.0000,266.0243,4.0000,96.0000,AG03-UNRESOLVED,ALL5_LEVELS_bet23_to_bet27,266.0243,266.0243,266.0243,332.5304,332.5304,4.000000,4.000000,4.000000,5.000000,5.000000,96.000000,96.000000,96.000000,95.000000,95.000000,5.0,1463.1337,1340.2688,5187.4742,5310.3391,PENDING_AG03,FALSE,NOT_FOR_ENFORCEMENT,6384.5836,256811.4724,6650.6079,6384.5836,266.0243,0.02244119,0.02154355,266.0243,6384.5836,0.02154355,266.0243,266.0243,266.0243,332.5304,332.5304,6384.5836,0.02154355,1463.1337,1340.2688,5187.4742,5310.3391,0.01750413,0.01791872,0.00089765,16.2655,14.6936,0.3653,59.3804,1.1678,2646.0457,162.5536,12.4780,16.8648,9.0895,16.5695,22.0926,29.825,33.4482,44.5976,11.8163,0.0,2.018664,2.691552,0.981654,30,240,141,4,0.10479828,0.02244119,0.04150452,0E-8,0.000000,0.902668,0.011910,-0.02129501,2026-03-22,2026-08-05,112,5695,2177,137,0.817518,0.739886,0.767145,0.349328,,,,,,,,GLOBAL_BASELINE_NO_ENTITY_RANKING,,,NOT_APPLICABLE_GLOBAL_BASELINE,HF9g-P5,,,,X 全窗基线 · 不参与实体赏罚,14194682,1420,A168_HF9F_20260827_0900,2026-08-27 09:00:00
2026-04-15,110249610,772,0,4.5447315200,0E-10,0E-10,,1,1,0.49324550000000000,0.493245500000,,,,0E-17,NO_DECISIVE_ROUND,R03b_20260811_FULL_v1,L1_ELIGIBILITY,v2026-08-11,2026-03-21..2026-08-06,baccarat_bet02_101_all_pairs_incl_sentinel,round_win = game_pnl > 0 (decisive only),COMPATIBILITY_ONLY_NOT_PRODUCTION,296357.1217,267511.9505,6650.6079,18220,18206,-0.02244119,-0.04150452,-0.02020951,-0.02244119,-6650.6079,296357.1217,OK,0.0000,266.0243,4.0000,96.0000,AG03-UNRESOLVED,ALL5_LEVELS_bet23_to_bet27,266.0243,266.0243,266.0243,332.5304,332.5304,4.000000,4.000000,4.000000,5.000000,5.000000,96.000000,96.000000,96.000000,95.000000,95.000000,5.0,1463.1337,1340.2688,5187.4742,5310.3391,PENDING_AG03,FALSE,NOT_FOR_ENFORCEMENT,6384.5836,256811.4724,6650.6079,6384.5836,266.0243,0.02244119,0.02154355,266.0243,6384.5836,0.02154355,266.0243,266.0243,266.0243,332.5304,332.5304,6384.5836,0.02154355,1463.1337,1340.2688,5187.4742,5310.3391,0.01750413,0.01791872,0.00089765,16.2655,14.6936,0.3653,59.3804,1.1678,2646.0457,162.5536,12.4780,16.8648,9.0895,16.5695,22.0926,29.825,33.4482,44.5976,11.8163,0.0,2.018664,2.691552,0.981654,30,240,141,4,0.10479828,0.02244119,0.04150452,0E-8,0.000000,0.902668,0.011910,-0.02129501,2026-03-22,2026-08-05,112,5695,2177,137,0.817518,0.739886,0.767145,0.349328,,,,,,,,GLOBAL_BASELINE_NO_ENTITY_RANKING,,,NOT_APPLICABLE_GLOBAL_BASELINE,HF9g-P5,,,,X 全窗基线 · 不参与实体赏罚,14194683,1420,A168_HF9F_20260827_0900,2026-08-27 09:00:00
2026-04-15,110249610,994,0,17.0427431999,17.0427431999,17.0427431999,1.0000000,1,1,0.49324550000000000,0.493245500000,1.01360149184955,1.01360149184955,1.01360149184955,0E-17,ELIGIBLE,R03b_20260811_FULL_v1,L1_ELIGIBILITY,v2026-08-11,2026-03-21..2026-08-06,baccarat_bet02_101_all_pairs_incl_sentinel,round_win = game_pnl > 0 (decisive only),COMPATIBILITY_ONLY_NOT_PRODUCTION,296357.1217,267511.9505,6650.6079,18220,18206,-0.02244119,-0.04150452,-0.02020951,-0.02244119,-6650.6079,296357.1217,OK,0.0000,266.0243,4.0000,96.0000,AG03-UNRESOLVED,ALL5_LEVELS_bet23_to_bet27,266.0243,266.0243,266.0243,332.5304,332.5304,4.000000,4.000000,4.000000,5.000000,5.000000,96.000000,96.000000,96.000000,95.000000,95.000000,5.0,1463.1337,1340.2688,5187.4742,5310.3391,PENDING_AG03,FALSE,NOT_FOR_ENFORCEMENT,6384.5836,256811.4724,6650.6079,6384.5836,266.0243,0.02244119,0.02154355,266.0243,6384.5836,0.02154355,266.0243,266.0243,266.0243,332.5304,332.5304,6384.5836,0.02154355,1463.1337,1340.2688,5187.4742,5310.3391,0.01750413,0.01791872,0.00089765,16.2655,14.6936,0.3653,59.3804,1.1678,2646.0457,162.5536,12.4780,16.8648,9.0895,16.5695,22.0926,29.825,33.4482,44.5976,11.8163,0.0,2.018664,2.691552,0.981654,30,240,141,4,0.10479828,0.02244119,0.04150452,0E-8,0.000000,0.902668,0.011910,-0.02129501,2026-03-22,2026-08-05,112,5695,2177,137,0.817518,0.739886,0.767145,0.349328,,,,,,,,GLOBAL_BASELINE_NO_ENTITY_RANKING,,,NOT_APPLICABLE_GLOBAL_BASELINE,HF9g-P5,,,,X 全窗基线 · 不参与实体赏罚,14194684,1420,A168_HF9F_20260827_0900,2026-08-27 09:00:00
2026-04-16,110249610,-1,1,205.6491012798,-89.9061512942,-89.9061512942,0.3043478,25,25,0.50289724400000000,0.502897244000,-1.904451087005583,-1.904451087005583,-1.904451087005583,0E-17,SENTINEL_DEALER,R03b_20260811_FULL_v1,L1_ELIGIBILITY,v2026-08-11,2026-03-21..2026-08-06,baccarat_bet02_101_all_pairs_incl_sentinel,round_win = game_pnl > 0 (decisive only),COMPATIBILITY_ONLY_NOT_PRODUCTION,296357.1217,267511.9505,6650.6079,18220,18206,-0.02244119,-0.04150452,-0.02020951,-0.02244119,-6650.6079,296357.1217,OK,0.0000,266.0243,4.0000,96.0000,AG03-UNRESOLVED,ALL5_LEVELS_bet23_to_bet27,266.0243,266.0243,266.0243,332.5304,332.5304,4.000000,4.000000,4.000000,5.000000,5.000000,96.000000,96.000000,96.000000,95.000000,95.000000,5.0,1463.1337,1340.2688,5187.4742,5310.3391,PENDING_AG03,FALSE,NOT_FOR_ENFORCEMENT,6384.5836,256811.4724,6650.6079,6384.5836,266.0243,0.02244119,0.02154355,266.0243,6384.5836,0.02154355,266.0243,266.0243,266.0243,332.5304,332.5304,6384.5836,0.02154355,1463.1337,1340.2688,5187.4742,5310.3391,0.01750413,0.01791872,0.00089765,16.2655,14.6936,0.3653,59.3804,1.1678,2646.0457,162.5536,12.4780,16.8648,9.0895,16.5695,22.0926,29.825,33.4482,44.5976,11.8163,0.0,2.018664,2.691552,0.981654,30,240,141,4,0.10479828,0.02244119,0.04150452,0E-8,0.000000,0.902668,0.011910,-0.02129501,2026-03-22,2026-08-05,112,5695,2177,137,0.817518,0.739886,0.767145,0.349328,,,,,,,,GLOBAL_BASELINE_NO_ENTITY_RANKING,,,NOT_APPLICABLE_GLOBAL_BASELINE,HF9g-P5,,,,X 全窗基线 · 不参与实体赏罚,14194685,1420,A168_HF9F_20260827_0900,2026-08-27 09:00:00
2026-04-16,110249610,1210,0,22.7236575999,-22.7236575999,-22.7236575999,0E-7,1,1,0.49324550000000000,0.493245500000,-0.9865810262130424,-0.9865810262130424,-0.9865810262130424,0E-17,ELIGIBLE,R03b_20260811_FULL_v1,L1_ELIGIBILITY,v2026-08-11,2026-03-21..2026-08-06,baccarat_bet02_101_all_pairs_incl_sentinel,round_win = game_pnl > 0 (decisive only),COMPATIBILITY_ONLY_NOT_PRODUCTION,296357.1217,267511.9505,6650.6079,18220,18206,-0.02244119,-0.04150452,-0.02020951,-0.02244119,-6650.6079,296357.1217,OK,0.0000,266.0243,4.0000,96.0000,AG03-UNRESOLVED,ALL5_LEVELS_bet23_to_bet27,266.0243,266.0243,266.0243,332.5304,332.5304,4.000000,4.000000,4.000000,5.000000,5.000000,96.000000,96.000000,96.000000,95.000000,95.000000,5.0,1463.1337,1340.2688,5187.4742,5310.3391,PENDING_AG03,FALSE,NOT_FOR_ENFORCEMENT,6384.5836,256811.4724,6650.6079,6384.5836,266.0243,0.02244119,0.02154355,266.0243,6384.5836,0.02154355,266.0243,266.0243,266.0243,332.5304,332.5304,6384.5836,0.02154355,1463.1337,1340.2688,5187.4742,5310.3391,0.01750413,0.01791872,0.00089765,16.2655,14.6936,0.3653,59.3804,1.1678,2646.0457,162.5536,12.4780,16.8648,9.0895,16.5695,22.0926,29.825,33.4482,44.5976,11.8163,0.0,2.018664,2.691552,0.981654,30,240,141,4,0.10479828,0.02244119,0.04150452,0E-8,0.000000,0.902668,0.011910,-0.02129501,2026-03-22,2026-08-05,112,5695,2177,137,0.817518,0.739886,0.767145,0.349328,,,,,,,,GLOBAL_BASELINE_NO_ENTITY_RANKING,,,NOT_APPLICABLE_GLOBAL_BASELINE,HF9g-P5,,,,X 全窗基线 · 不参与实体赏罚,14194686,1420,A168_HF9F_20260827_0900,2026-08-27 09:00:00
2026-04-16,110249610,1221,0,11.3618288000,-11.3618288000,-11.3618288000,0E-7,1,1,0.50665070000000000,0.506650700000,-1.013391052207602,-1.013391052207602,-1.013391052207602,0E-17,ELIGIBLE,R03b_20260811_FULL_v1,L1_ELIGIBILITY,v2026-08-11,2026-03-21..2026-08-06,baccarat_bet02_101_all_pairs_incl_sentinel,round_win = game_pnl > 0 (decisive only),COMPATIBILITY_ONLY_NOT_PRODUCTION,296357.1217,267511.9505,6650.6079,18220,18206,-0.02244119,-0.04150452,-0.02020951,-0.02244119,-6650.6079,296357.1217,OK,0.0000,266.0243,4.0000,96.0000,AG03-UNRESOLVED,ALL5_LEVELS_bet23_to_bet27,266.0243,266.0243,266.0243,332.5304,332.5304,4.000000,4.000000,4.000000,5.000000,5.000000,96.000000,96.000000,96.000000,95.000000,95.000000,5.0,1463.1337,1340.2688,5187.4742,5310.3391,PENDING_AG03,FALSE,NOT_FOR_ENFORCEMENT,6384.5836,256811.4724,6650.6079,6384.5836,266.0243,0.02244119,0.02154355,266.0243,6384.5836,0.02154355,266.0243,266.0243,266.0243,332.5304,332.5304,6384.5836,0.02154355,1463.1337,1340.2688,5187.4742,5310.3391,0.01750413,0.01791872,0.00089765,16.2655,14.6936,0.3653,59.3804,1.1678,2646.0457,162.5536,12.4780,16.8648,9.0895,16.5695,22.0926,29.825,33.4482,44.5976,11.8163,0.0,2.018664,2.691552,0.981654,30,240,141,4,0.10479828,0.02244119,0.04150452,0E-8,0.000000,0.902668,0.011910,-0.02129501,2026-03-22,2026-08-05,112,5695,2177,137,0.817518,0.739886,0.767145,0.349328,,,,,,,,GLOBAL_BASELINE_NO_ENTITY_RANKING,,,NOT_APPLICABLE_GLOBAL_BASELINE,HF9g-P5,,,,X 全窗基线 · 不参与实体赏罚,14194687,1420,A168_HF9F_20260827_0900,2026-08-27 09:00:00
2026-04-16,110249610,1307,0,13.6341945600,-9.0894630400,-9.0894630400,0.5000000,2,2,0.49994810000000000,0.499948100000,0.00014679536856514622,0.00014679536856514622,0.00014679536856514622,0E-17,ELIGIBLE,R03b_20260811_FULL_v1,L1_ELIGIBILITY,v2026-08-11,2026-03-21..2026-08-06,baccarat_bet02_101_all_pairs_incl_sentinel,round_win = game_pnl > 0 (decisive only),COMPATIBILITY_ONLY_NOT_PRODUCTION,296357.1217,267511.9505,6650.6079,18220,18206,-0.02244119,-0.04150452,-0.02020951,-0.02244119,-6650.6079,296357.1217,OK,0.0000,266.0243,4.0000,96.0000,AG03-UNRESOLVED,ALL5_LEVELS_bet23_to_bet27,266.0243,266.0243,266.0243,332.5304,332.5304,4.000000,4.000000,4.000000,5.000000,5.000000,96.000000,96.000000,96.000000,95.000000,95.000000,5.0,1463.1337,1340.2688,5187.4742,5310.3391,PENDING_AG03,FALSE,NOT_FOR_ENFORCEMENT,6384.5836,256811.4724,6650.6079,6384.5836,266.0243,0.02244119,0.02154355,266.0243,6384.5836,0.02154355,266.0243,266.0243,266.0243,332.5304,332.5304,6384.5836,0.02154355,1463.1337,1340.2688,5187.4742,5310.3391,0.01750413,0.01791872,0.00089765,16.2655,14.6936,0.3653,59.3804,1.1678,2646.0457,162.5536,12.4780,16.8648,9.0895,16.5695,22.0926,29.825,33.4482,44.5976,11.8163,0.0,2.018664,2.691552,0.981654,30,240,141,4,0.10479828,0.02244119,0.04150452,0E-8,0.000000,0.902668,0.011910,-0.02129501,2026-03-22,2026-08-05,112,5695,2177,137,0.817518,0.739886,0.767145,0.349328,,,,,,,,GLOBAL_BASELINE_NO_ENTITY_RANKING,,,NOT_APPLICABLE_GLOBAL_BASELINE,HF9g-P5,,,,X 全窗基线 · 不参与实体赏罚,14194688,1420,A168_HF9F_20260827_0900,2026-08-27 09:00:00
2026-04-16,110249610,1318,0,69.3071556797,9.3451041879,9.3451041879,0.5000000,4,4,0.50665070000000000,0.506650700000,-0.02660515369234503,-0.02660515369234503,-0.02660515369234503,0E-17,ELIGIBLE,R03b_20260811_FULL_v1,L1_ELIGIBILITY,v2026-08-11,2026-03-21..2026-08-06,baccarat_bet02_101_all_pairs_incl_sentinel,round_win = game_pnl > 0 (decisive only),COMPATIBILITY_ONLY_NOT_PRODUCTION,296357.1217,267511.9505,6650.6079,18220,18206,-0.02244119,-0.04150452,-0.02020951,-0.02244119,-6650.6079,296357.1217,OK,0.0000,266.0243,4.0000,96.0000,AG03-UNRESOLVED,ALL5_LEVELS_bet23_to_bet27,266.0243,266.0243,266.0243,332.5304,332.5304,4.000000,4.000000,4.000000,5.000000,5.000000,96.000000,96.000000,96.000000,95.000000,95.000000,5.0,1463.1337,1340.2688,5187.4742,5310.3391,PENDING_AG03,FALSE,NOT_FOR_ENFORCEMENT,6384.5836,256811.4724,6650.6079,6384.5836,266.0243,0.02244119,0.02154355,266.0243,6384.5836,0.02154355,266.0243,266.0243,266.0243,332.5304,332.5304,6384.5836,0.02154355,1463.1337,1340.2688,5187.4742,5310.3391,0.01750413,0.01791872,0.00089765,16.2655,14.6936,0.3653,59.3804,1.1678,2646.0457,162.5536,12.4780,16.8648,9.0895,16.5695,22.0926,29.825,33.4482,44.5976,11.8163,0.0,2.018664,2.691552,0.981654,30,240,141,4,0.10479828,0.02244119,0.04150452,0E-8,0.000000,0.902668,0.011910,-0.02129501,2026-03-22,2026-08-05,112,5695,2177,137,0.817518,0.739886,0.767145,0.349328,,,,,,,,GLOBAL_BASELINE_NO_ENTITY_RANKING,,,NOT_APPLICABLE_GLOBAL_BASELINE,HF9g-P5,,,,X 全窗基线 · 不参与实体赏罚,14194689,1420,A168_HF9F_20260827_0900,2026-08-27 09:00:00
2026-04-16,110249610,1399,0,56.8091439998,11.3618288000,11.3618288000,0.6666667,3,3,0.49324550000000000,0.493245500000,0.6008033672792107,0.6008033672792106,0.6008033672792107,0E-17,ELIGIBLE,R03b_20260811_FULL_v1,L1_ELIGIBILITY,v2026-08-11,2026-03-21..2026-08-06,baccarat_bet02_101_all_pairs_incl_sentinel,round_win = game_pnl > 0 (decisive only),COMPATIBILITY_ONLY_NOT_PRODUCTION,296357.1217,267511.9505,6650.6079,18220,18206,-0.02244119,-0.04150452,-0.02020951,-0.02244119,-6650.6079,296357.1217,OK,0.0000,266.0243,4.0000,96.0000,AG03-UNRESOLVED,ALL5_LEVELS_bet23_to_bet27,266.0243,266.0243,266.0243,332.5304,332.5304,4.000000,4.000000,4.000000,5.000000,5.000000,96.000000,96.000000,96.000000,95.000000,95.000000,5.0,1463.1337,1340.2688,5187.4742,5310.3391,PENDING_AG03,FALSE,NOT_FOR_ENFORCEMENT,6384.5836,256811.4724,6650.6079,6384.5836,266.0243,0.02244119,0.02154355,266.0243,6384.5836,0.02154355,266.0243,266.0243,266.0243,332.5304,332.5304,6384.5836,0.02154355,1463.1337,1340.2688,5187.4742,5310.3391,0.01750413,0.01791872,0.00089765,16.2655,14.6936,0.3653,59.3804,1.1678,2646.0457,162.5536,12.4780,16.8648,9.0895,16.5695,22.0926,29.825,33.4482,44.5976,11.8163,0.0,2.018664,2.691552,0.981654,30,240,141,4,0.10479828,0.02244119,0.04150452,0E-8,0.000000,0.902668,0.011910,-0.02129501,2026-03-22,2026-08-05,112,5695,2177,137,0.817518,0.739886,0.767145,0.349328,,,,,,,,GLOBAL_BASELINE_NO_ENTITY_RANKING,,,NOT_APPLICABLE_GLOBAL_BASELINE,HF9g-P5,,,,X 全窗基线 · 不参与实体赏罚,14194690,1420,A168_HF9F_20260827_0900,2026-08-27 09:00:00
2026-04-16,110249610,1704,0,23.1781307519,-23.1781307519,-23.1781307519,0E-7,1,1,0.50665070000000000,0.506650700000,-1.013391052207602,-1.013391052207602,-1.013391052207602,0E-17,ELIGIBLE,R03b_20260811_FULL_v1,L1_ELIGIBILITY,v2026-08-11,2026-03-21..2026-08-06,baccarat_bet02_101_all_pairs_incl_sentinel,round_win = game_pnl > 0 (decisive only),COMPATIBILITY_ONLY_NOT_PRODUCTION,296357.1217,267511.9505,6650.6079,18220,18206,-0.02244119,-0.04150452,-0.02020951,-0.02244119,-6650.6079,296357.1217,OK,0.0000,266.0243,4.0000,96.0000,AG03-UNRESOLVED,ALL5_LEVELS_bet23_to_bet27,266.0243,266.0243,266.0243,332.5304,332.5304,4.000000,4.000000,4.000000,5.000000,5.000000,96.000000,96.000000,96.000000,95.000000,95.000000,5.0,1463.1337,1340.2688,5187.4742,5310.3391,PENDING_AG03,FALSE,NOT_FOR_ENFORCEMENT,6384.5836,256811.4724,6650.6079,6384.5836,266.0243,0.02244119,0.02154355,266.0243,6384.5836,0.02154355,266.0243,266.0243,266.0243,332.5304,332.5304,6384.5836,0.02154355,1463.1337,1340.2688,5187.4742,5310.3391,0.01750413,0.01791872,0.00089765,16.2655,14.6936,0.3653,59.3804,1.1678,2646.0457,162.5536,12.4780,16.8648,9.0895,16.5695,22.0926,29.825,33.4482,44.5976,11.8163,0.0,2.018664,2.691552,0.981654,30,240,141,4,0.10479828,0.02244119,0.04150452,0E-8,0.000000,0.902668,0.011910,-0.02129501,2026-03-22,2026-08-05,112,5695,2177,137,0.817518,0.739886,0.767145,0.349328,,,,,,,,GLOBAL_BASELINE_NO_ENTITY_RANKING,,,NOT_APPLICABLE_GLOBAL_BASELINE,HF9g-P5,,,,X 全窗基线 · 不参与实体赏罚,14194691,1420,A168_HF9F_20260827_0900,2026-08-27 09:00:00
2026-04-16,110249610,1947,0,17.0427431999,-17.0427431999,-17.0427431999,0E-7,1,1,0.50665070000000000,0.506650700000,-1.013391052207602,-1.013391052207602,-1.013391052207602,0E-17,ELIGIBLE,R03b_20260811_FULL_v1,L1_ELIGIBILITY,v2026-08-11,2026-03-21..2026-08-06,baccarat_bet02_101_all_pairs_incl_sentinel,round_win = game_pnl > 0 (decisive only),COMPATIBILITY_ONLY_NOT_PRODUCTION,296357.1217,267511.9505,6650.6079,18220,18206,-0.02244119,-0.04150452,-0.02020951,-0.02244119,-6650.6079,296357.1217,OK,0.0000,266.0243,4.0000,96.0000,AG03-UNRESOLVED,ALL5_LEVELS_bet23_to_bet27,266.0243,266.0243,266.0243,332.5304,332.5304,4.000000,4.000000,4.000000,5.000000,5.000000,96.000000,96.000000,96.000000,95.000000,95.000000,5.0,1463.1337,1340.2688,5187.4742,5310.3391,PENDING_AG03,FALSE,NOT_FOR_ENFORCEMENT,6384.5836,256811.4724,6650.6079,6384.5836,266.0243,0.02244119,0.02154355,266.0243,6384.5836,0.02154355,266.0243,266.0243,266.0243,332.5304,332.5304,6384.5836,0.02154355,1463.1337,1340.2688,5187.4742,5310.3391,0.01750413,0.01791872,0.00089765,16.2655,14.6936,0.3653,59.3804,1.1678,2646.0457,162.5536,12.4780,16.8648,9.0895,16.5695,22.0926,29.825,33.4482,44.5976,11.8163,0.0,2.018664,2.691552,0.981654,30,240,141,4,0.10479828,0.02244119,0.04150452,0E-8,0.000000,0.902668,0.011910,-0.02129501,2026-03-22,2026-08-05,112,5695,2177,137,0.817518,0.739886,0.767145,0.349328,,,,,,,,GLOBAL_BASELINE_NO_ENTITY_RANKING,,,NOT_APPLICABLE_GLOBAL_BASELINE,HF9g-P5,,,,X 全窗基线 · 不参与实体赏罚,14194692,1420,A168_HF9F_20260827_0900,2026-08-27 09:00:00
2026-04-16,110249610,1966,0,7.9532801600,-7.9532801600,-7.9532801600,0E-7,1,1,0.49324550000000000,0.493245500000,-0.9865810262130424,-0.9865810262130424,-0.9865810262130424,0E-17,ELIGIBLE,R03b_20260811_FULL_v1,L1_ELIGIBILITY,v2026-08-11,2026-03-21..2026-08-06,baccarat_bet02_101_all_pairs_incl_sentinel,round_win = game_pnl > 0 (decisive only),COMPATIBILITY_ONLY_NOT_PRODUCTION,296357.1217,267511.9505,6650.6079,18220,18206,-0.02244119,-0.04150452,-0.02020951,-0.02244119,-6650.6079,296357.1217,OK,0.0000,266.0243,4.0000,96.0000,AG03-UNRESOLVED,ALL5_LEVELS_bet23_to_bet27,266.0243,266.0243,266.0243,332.5304,332.5304,4.000000,4.000000,4.000000,5.000000,5.000000,96.000000,96.000000,96.000000,95.000000,95.000000,5.0,1463.1337,1340.2688,5187.4742,5310.3391,PENDING_AG03,FALSE,NOT_FOR_ENFORCEMENT,6384.5836,256811.4724,6650.6079,6384.5836,266.0243,0.02244119,0.02154355,266.0243,6384.5836,0.02154355,266.0243,266.0243,266.0243,332.5304,332.5304,6384.5836,0.02154355,1463.1337,1340.2688,5187.4742,5310.3391,0.01750413,0.01791872,0.00089765,16.2655,14.6936,0.3653,59.3804,1.1678,2646.0457,162.5536,12.4780,16.8648,9.0895,16.5695,22.0926,29.825,33.4482,44.5976,11.8163,0.0,2.018664,2.691552,0.981654,30,240,141,4,0.10479828,0.02244119,0.04150452,0E-8,0.000000,0.902668,0.011910,-0.02129501,2026-03-22,2026-08-05,112,5695,2177,137,0.817518,0.739886,0.767145,0.349328,,,,,,,,GLOBAL_BASELINE_NO_ENTITY_RANKING,,,NOT_APPLICABLE_GLOBAL_BASELINE,HF9g-P5,,,,X 全窗基线 · 不参与实体赏罚,14194693,1420,A168_HF9F_20260827_0900,2026-08-27 09:00:00
2026-04-16,110249610,1985,0,10.2256459200,-3.5789760720,-3.5789760720,0.3333333,3,3,0.50665070000000000,0.506650700000,-0.6004420894325239,-0.6004420894325239,-0.6004420894325239,0E-17,ELIGIBLE,R03b_20260811_FULL_v1,L1_ELIGIBILITY,v2026-08-11,2026-03-21..2026-08-06,baccarat_bet02_101_all_pairs_incl_sentinel,round_win = game_pnl > 0 (decisive only),COMPATIBILITY_ONLY_NOT_PRODUCTION,296357.1217,267511.9505,6650.6079,18220,18206,-0.02244119,-0.04150452,-0.02020951,-0.02244119,-6650.6079,296357.1217,OK,0.0000,266.0243,4.0000,96.0000,AG03-UNRESOLVED,ALL5_LEVELS_bet23_to_bet27,266.0243,266.0243,266.0243,332.5304,332.5304,4.000000,4.000000,4.000000,5.000000,5.000000,96.000000,96.000000,96.000000,95.000000,95.000000,5.0,1463.1337,1340.2688,5187.4742,5310.3391,PENDING_AG03,FALSE,NOT_FOR_ENFORCEMENT,6384.5836,256811.4724,6650.6079,6384.5836,266.0243,0.02244119,0.02154355,266.0243,6384.5836,0.02154355,266.0243,266.0243,266.0243,332.5304,332.5304,6384.5836,0.02154355,1463.1337,1340.2688,5187.4742,5310.3391,0.01750413,0.01791872,0.00089765,16.2655,14.6936,0.3653,59.3804,1.1678,2646.0457,162.5536,12.4780,16.8648,9.0895,16.5695,22.0926,29.825,33.4482,44.5976,11.8163,0.0,2.018664,2.691552,0.981654,30,240,141,4,0.10479828,0.02244119,0.04150452,0E-8,0.000000,0.902668,0.011910,-0.02129501,2026-03-22,2026-08-05,112,5695,2177,137,0.817518,0.739886,0.767145,0.349328,,,,,,,,GLOBAL_BASELINE_NO_ENTITY_RANKING,,,NOT_APPLICABLE_GLOBAL_BASELINE,HF9g-P5,,,,X 全窗基线 · 不参与实体赏罚,14194694,1420,A168_HF9F_20260827_0900,2026-08-27 09:00:00
2026-04-16,110249610,2106,0,8.0668984480,8.0668984480,8.0668984480,1.0000000,1,1,0.49324550000000000,0.493245500000,1.01360149184955,1.01360149184955,1.01360149184955,0E-17,ELIGIBLE,R03b_20260811_FULL_v1,L1_ELIGIBILITY,v2026-08-11,2026-03-21..2026-08-06,baccarat_bet02_101_all_pairs_incl_sentinel,round_win = game_pnl > 0 (decisive only),COMPATIBILITY_ONLY_NOT_PRODUCTION,296357.1217,267511.9505,6650.6079,18220,18206,-0.02244119,-0.04150452,-0.02020951,-0.02244119,-6650.6079,296357.1217,OK,0.0000,266.0243,4.0000,96.0000,AG03-UNRESOLVED,ALL5_LEVELS_bet23_to_bet27,266.0243,266.0243,266.0243,332.5304,332.5304,4.000000,4.000000,4.000000,5.000000,5.000000,96.000000,96.000000,96.000000,95.000000,95.000000,5.0,1463.1337,1340.2688,5187.4742,5310.3391,PENDING_AG03,FALSE,NOT_FOR_ENFORCEMENT,6384.5836,256811.4724,6650.6079,6384.5836,266.0243,0.02244119,0.02154355,266.0243,6384.5836,0.02154355,266.0243,266.0243,266.0243,332.5304,332.5304,6384.5836,0.02154355,1463.1337,1340.2688,5187.4742,5310.3391,0.01750413,0.01791872,0.00089765,16.2655,14.6936,0.3653,59.3804,1.1678,2646.0457,162.5536,12.4780,16.8648,9.0895,16.5695,22.0926,29.825,33.4482,44.5976,11.8163,0.0,2.018664,2.691552,0.981654,30,240,141,4,0.10479828,0.02244119,0.04150452,0E-8,0.000000,0.902668,0.011910,-0.02129501,2026-03-22,2026-08-05,112,5695,2177,137,0.817518,0.739886,0.767145,0.349328,,,,,,,,GLOBAL_BASELINE_NO_ENTITY_RANKING,,,NOT_APPLICABLE_GLOBAL_BASELINE,HF9g-P5,,,,X 全窗基线 · 不参与实体赏罚,14194695,1420,A168_HF9F_20260827_0900,2026-08-27 09:00:00
2026-04-16,110249610,2108,0,12.2707751040,-3.1813120640,-3.1813120640,0.5000000,4,4,0.49324550000000000,0.493245500000,0.027020465636507562,0.027020465636507562,0.027020465636507562,0E-17,ELIGIBLE,R03b_20260811_FULL_v1,L1_ELIGIBILITY,v2026-08-11,2026-03-21..2026-08-06,baccarat_bet02_101_all_pairs_incl_sentinel,round_win = game_pnl > 0 (decisive only),COMPATIBILITY_ONLY_NOT_PRODUCTION,296357.1217,267511.9505,6650.6079,18220,18206,-0.02244119,-0.04150452,-0.02020951,-0.02244119,-6650.6079,296357.1217,OK,0.0000,266.0243,4.0000,96.0000,AG03-UNRESOLVED,ALL5_LEVELS_bet23_to_bet27,266.0243,266.0243,266.0243,332.5304,332.5304,4.000000,4.000000,4.000000,5.000000,5.000000,96.000000,96.000000,96.000000,95.000000,95.000000,5.0,1463.1337,1340.2688,5187.4742,5310.3391,PENDING_AG03,FALSE,NOT_FOR_ENFORCEMENT,6384.5836,256811.4724,6650.6079,6384.5836,266.0243,0.02244119,0.02154355,266.0243,6384.5836,0.02154355,266.0243,266.0243,266.0243,332.5304,332.5304,6384.5836,0.02154355,1463.1337,1340.2688,5187.4742,5310.3391,0.01750413,0.01791872,0.00089765,16.2655,14.6936,0.3653,59.3804,1.1678,2646.0457,162.5536,12.4780,16.8648,9.0895,16.5695,22.0926,29.825,33.4482,44.5976,11.8163,0.0,2.018664,2.691552,0.981654,30,240,141,4,0.10479828,0.02244119,0.04150452,0E-8,0.000000,0.902668,0.011910,-0.02129501,2026-03-22,2026-08-05,112,5695,2177,137,0.817518,0.739886,0.767145,0.349328,,,,,,,,GLOBAL_BASELINE_NO_ENTITY_RANKING,,,NOT_APPLICABLE_GLOBAL_BASELINE,HF9g-P5,,,,X 全窗基线 · 不参与实体赏罚,14194696,1420,A168_HF9F_20260827_0900,2026-08-27 09:00:00
2026-04-16,110249610,2145,0,2.2723657600,0E-10,0E-10,,1,1,0.49324550000000000,0.493245500000,,,,0E-17,NO_DECISIVE_ROUND,R03b_20260811_FULL_v1,L1_ELIGIBILITY,v2026-08-11,2026-03-21..2026-08-06,baccarat_bet02_101_all_pairs_incl_sentinel,round_win = game_pnl > 0 (decisive only),COMPATIBILITY_ONLY_NOT_PRODUCTION,296357.1217,267511.9505,6650.6079,18220,18206,-0.02244119,-0.04150452,-0.02020951,-0.02244119,-6650.6079,296357.1217,OK,0.0000,266.0243,4.0000,96.0000,AG03-UNRESOLVED,ALL5_LEVELS_bet23_to_bet27,266.0243,266.0243,266.0243,332.5304,332.5304,4.000000,4.000000,4.000000,5.000000,5.000000,96.000000,96.000000,96.000000,95.000000,95.000000,5.0,1463.1337,1340.2688,5187.4742,5310.3391,PENDING_AG03,FALSE,NOT_FOR_ENFORCEMENT,6384.5836,256811.4724,6650.6079,6384.5836,266.0243,0.02244119,0.02154355,266.0243,6384.5836,0.02154355,266.0243,266.0243,266.0243,332.5304,332.5304,6384.5836,0.02154355,1463.1337,1340.2688,5187.4742,5310.3391,0.01750413,0.01791872,0.00089765,16.2655,14.6936,0.3653,59.3804,1.1678,2646.0457,162.5536,12.4780,16.8648,9.0895,16.5695,22.0926,29.825,33.4482,44.5976,11.8163,0.0,2.018664,2.691552,0.981654,30,240,141,4,0.10479828,0.02244119,0.04150452,0E-8,0.000000,0.902668,0.011910,-0.02129501,2026-03-22,2026-08-05,112,5695,2177,137,0.817518,0.739886,0.767145,0.349328,,,,,,,,GLOBAL_BASELINE_NO_ENTITY_RANKING,,,NOT_APPLICABLE_GLOBAL_BASELINE,HF9g-P5,,,,X 全窗基线 · 不参与实体赏罚,14194697,1420,A168_HF9F_20260827_0900,2026-08-27 09:00:00
2026-04-16,110249610,2191,0,11.1345922240,10.5778626128,10.5778626128,1.0000000,1,1,0.50665070000000000,0.506650700000,0.9867858985152569,0.9867858985152569,0.9867858985152569,0E-17,ELIGIBLE,R03b_20260811_FULL_v1,L1_ELIGIBILITY,v2026-08-11,2026-03-21..2026-08-06,baccarat_bet02_101_all_pairs_incl_sentinel,round_win = game_pnl > 0 (decisive only),COMPATIBILITY_ONLY_NOT_PRODUCTION,296357.1217,267511.9505,6650.6079,18220,18206,-0.02244119,-0.04150452,-0.02020951,-0.02244119,-6650.6079,296357.1217,OK,0.0000,266.0243,4.0000,96.0000,AG03-UNRESOLVED,ALL5_LEVELS_bet23_to_bet27,266.0243,266.0243,266.0243,332.5304,332.5304,4.000000,4.000000,4.000000,5.000000,5.000000,96.000000,96.000000,96.000000,95.000000,95.000000,5.0,1463.1337,1340.2688,5187.4742,5310.3391,PENDING_AG03,FALSE,NOT_FOR_ENFORCEMENT,6384.5836,256811.4724,6650.6079,6384.5836,266.0243,0.02244119,0.02154355,266.0243,6384.5836,0.02154355,266.0243,266.0243,266.0243,332.5304,332.5304,6384.5836,0.02154355,1463.1337,1340.2688,5187.4742,5310.3391,0.01750413,0.01791872,0.00089765,16.2655,14.6936,0.3653,59.3804,1.1678,2646.0457,162.5536,12.4780,16.8648,9.0895,16.5695,22.0926,29.825,33.4482,44.5976,11.8163,0.0,2.018664,2.691552,0.981654,30,240,141,4,0.10479828,0.02244119,0.04150452,0E-8,0.000000,0.902668,0.011910,-0.02129501,2026-03-22,2026-08-05,112,5695,2177,137,0.817518,0.739886,0.767145,0.349328,,,,,,,,GLOBAL_BASELINE_NO_ENTITY_RANKING,,,NOT_APPLICABLE_GLOBAL_BASELINE,HF9g-P5,,,,X 全窗基线 · 不参与实体赏罚,14194698,1420,A168_HF9F_20260827_0900,2026-08-27 09:00:00
2026-04-16,110249610,2196,0,11.7026836640,-11.7026836640,-11.7026836640,0E-7,1,1,0.50665070000000000,0.506650700000,-1.013391052207602,-1.013391052207602,-1.013391052207602,0E-17,ELIGIBLE,R03b_20260811_FULL_v1,L1_ELIGIBILITY,v2026-08-11,2026-03-21..2026-08-06,baccarat_bet02_101_all_pairs_incl_sentinel,round_win = game_pnl > 0 (decisive only),COMPATIBILITY_ONLY_NOT_PRODUCTION,296357.1217,267511.9505,6650.6079,18220,18206,-0.02244119,-0.04150452,-0.02020951,-0.02244119,-6650.6079,296357.1217,OK,0.0000,266.0243,4.0000,96.0000,AG03-UNRESOLVED,ALL5_LEVELS_bet23_to_bet27,266.0243,266.0243,266.0243,332.5304,332.5304,4.000000,4.000000,4.000000,5.000000,5.000000,96.000000,96.000000,96.000000,95.000000,95.000000,5.0,1463.1337,1340.2688,5187.4742,5310.3391,PENDING_AG03,FALSE,NOT_FOR_ENFORCEMENT,6384.5836,256811.4724,6650.6079,6384.5836,266.0243,0.02244119,0.02154355,266.0243,6384.5836,0.02154355,266.0243,266.0243,266.0243,332.5304,332.5304,6384.5836,0.02154355,1463.1337,1340.2688,5187.4742,5310.3391,0.01750413,0.01791872,0.00089765,16.2655,14.6936,0.3653,59.3804,1.1678,2646.0457,162.5536,12.4780,16.8648,9.0895,16.5695,22.0926,29.825,33.4482,44.5976,11.8163,0.0,2.018664,2.691552,0.981654,30,240,141,4,0.10479828,0.02244119,0.04150452,0E-8,0.000000,0.902668,0.011910,-0.02129501,2026-03-22,2026-08-05,112,5695,2177,137,0.817518,0.739886,0.767145,0.349328,,,,,,,,GLOBAL_BASELINE_NO_ENTITY_RANKING,,,NOT_APPLICABLE_GLOBAL_BASELINE,HF9g-P5,,,,X 全窗基线 · 不参与实体赏罚,14194699,1420,A168_HF9F_20260827_0900,2026-08-27 09:00:00
2026-04-16,110249610,2201,0,5.6809144000,5.3968686800,5.3968686800,1.0000000,1,1,0.50665070000000000,0.506650700000,0.9867858985152569,0.9867858985152569,0.9867858985152569,0E-17,ELIGIBLE,R03b_20260811_FULL_v1,L1_ELIGIBILITY,v2026-08-11,2026-03-21..2026-08-06,baccarat_bet02_101_all_pairs_incl_sentinel,round_win = game_pnl > 0 (decisive only),COMPATIBILITY_ONLY_NOT_PRODUCTION,296357.1217,267511.9505,6650.6079,18220,18206,-0.02244119,-0.04150452,-0.02020951,-0.02244119,-6650.6079,296357.1217,OK,0.0000,266.0243,4.0000,96.0000,AG03-UNRESOLVED,ALL5_LEVELS_bet23_to_bet27,266.0243,266.0243,266.0243,332.5304,332.5304,4.000000,4.000000,4.000000,5.000000,5.000000,96.000000,96.000000,96.000000,95.000000,95.000000,5.0,1463.1337,1340.2688,5187.4742,5310.3391,PENDING_AG03,FALSE,NOT_FOR_ENFORCEMENT,6384.5836,256811.4724,6650.6079,6384.5836,266.0243,0.02244119,0.02154355,266.0243,6384.5836,0.02154355,266.0243,266.0243,266.0243,332.5304,332.5304,6384.5836,0.02154355,1463.1337,1340.2688,5187.4742,5310.3391,0.01750413,0.01791872,0.00089765,16.2655,14.6936,0.3653,59.3804,1.1678,2646.0457,162.5536,12.4780,16.8648,9.0895,16.5695,22.0926,29.825,33.4482,44.5976,11.8163,0.0,2.018664,2.691552,0.981654,30,240,141,4,0.10479828,0.02244119,0.04150452,0E-8,0.000000,0.902668,0.011910,-0.02129501,2026-03-22,2026-08-05,112,5695,2177,137,0.817518,0.739886,0.767145,0.349328,,,,,,,,GLOBAL_BASELINE_NO_ENTITY_RANKING,,,NOT_APPLICABLE_GLOBAL_BASELINE,HF9g-P5,,,,X 全窗基线 · 不参与实体赏罚,14194700,1420,A168_HF9F_20260827_0900,2026-08-27 09:00:00
2026-04-16,110249610,2212,0,2.2723657600,-2.2723657600,-2.2723657600,0E-7,1,1,0.49324550000000000,0.493245500000,-0.9865810262130424,-0.9865810262130424,-0.9865810262130424,0E-17,ELIGIBLE,R03b_20260811_FULL_v1,L1_ELIGIBILITY,v2026-08-11,2026-03-21..2026-08-06,baccarat_bet02_101_all_pairs_incl_sentinel,round_win = game_pnl > 0 (decisive only),COMPATIBILITY_ONLY_NOT_PRODUCTION,296357.1217,267511.9505,6650.6079,18220,18206,-0.02244119,-0.04150452,-0.02020951,-0.02244119,-6650.6079,296357.1217,OK,0.0000,266.0243,4.0000,96.0000,AG03-UNRESOLVED,ALL5_LEVELS_bet23_to_bet27,266.0243,266.0243,266.0243,332.5304,332.5304,4.000000,4.000000,4.000000,5.000000,5.000000,96.000000,96.000000,96.000000,95.000000,95.000000,5.0,1463.1337,1340.2688,5187.4742,5310.3391,PENDING_AG03,FALSE,NOT_FOR_ENFORCEMENT,6384.5836,256811.4724,6650.6079,6384.5836,266.0243,0.02244119,0.02154355,266.0243,6384.5836,0.02154355,266.0243,266.0243,266.0243,332.5304,332.5304,6384.5836,0.02154355,1463.1337,1340.2688,5187.4742,5310.3391,0.01750413,0.01791872,0.00089765,16.2655,14.6936,0.3653,59.3804,1.1678,2646.0457,162.5536,12.4780,16.8648,9.0895,16.5695,22.0926,29.825,33.4482,44.5976,11.8163,0.0,2.018664,2.691552,0.981654,30,240,141,4,0.10479828,0.02244119,0.04150452,0E-8,0.000000,0.902668,0.011910,-0.02129501,2026-03-22,2026-08-05,112,5695,2177,137,0.817518,0.739886,0.767145,0.349328,,,,,,,,GLOBAL_BASELINE_NO_ENTITY_RANKING,,,NOT_APPLICABLE_GLOBAL_BASELINE,HF9g-P5,,,,X 全窗基线 · 不参与实体赏罚,14194701,1420,A168_HF9F_20260827_0900,2026-08-27 09:00:00
2026-04-16,110249610,2224,0,22.7236576000,0E-10,0E-10,0.5000000,2,2,0.49324550000000000,0.493245500000,0.01910635448239258,0.01910635448239258,0.01910635448239258,0E-17,ELIGIBLE,R03b_20260811_FULL_v1,L1_ELIGIBILITY,v2026-08-11,2026-03-21..2026-08-06,baccarat_bet02_101_all_pairs_incl_sentinel,round_win = game_pnl > 0 (decisive only),COMPATIBILITY_ONLY_NOT_PRODUCTION,296357.1217,267511.9505,6650.6079,18220,18206,-0.02244119,-0.04150452,-0.02020951,-0.02244119,-6650.6079,296357.1217,OK,0.0000,266.0243,4.0000,96.0000,AG03-UNRESOLVED,ALL5_LEVELS_bet23_to_bet27,266.0243,266.0243,266.0243,332.5304,332.5304,4.000000,4.000000,4.000000,5.000000,5.000000,96.000000,96.000000,96.000000,95.000000,95.000000,5.0,1463.1337,1340.2688,5187.4742,5310.3391,PENDING_AG03,FALSE,NOT_FOR_ENFORCEMENT,6384.5836,256811.4724,6650.6079,6384.5836,266.0243,0.02244119,0.02154355,266.0243,6384.5836,0.02154355,266.0243,266.0243,266.0243,332.5304,332.5304,6384.5836,0.02154355,1463.1337,1340.2688,5187.4742,5310.3391,0.01750413,0.01791872,0.00089765,16.2655,14.6936,0.3653,59.3804,1.1678,2646.0457,162.5536,12.4780,16.8648,9.0895,16.5695,22.0926,29.825,33.4482,44.5976,11.8163,0.0,2.018664,2.691552,0.981654,30,240,141,4,0.10479828,0.02244119,0.04150452,0E-8,0.000000,0.902668,0.011910,-0.02129501,2026-03-22,2026-08-05,112,5695,2177,137,0.817518,0.739886,0.767145,0.349328,,,,,,,,GLOBAL_BASELINE_NO_ENTITY_RANKING,,,NOT_APPLICABLE_GLOBAL_BASELINE,HF9g-P5,,,,X 全窗基线 · 不参与实体赏罚,14194702,1420,A168_HF9F_20260827_0900,2026-08-27 09:00:00
2026-04-16,110249610,2234,0,3.4085486400,1.0225645920,1.0225645920,0.5000000,2,2,0.50665070000000000,0.506650700000,-0.018812684590367487,-0.018812684590367487,-0.018812684590367487,0E-17,ELIGIBLE,R03b_20260811_FULL_v1,L1_ELIGIBILITY,v2026-08-11,2026-03-21..2026-08-06,baccarat_bet02_101_all_pairs_incl_sentinel,round_win = game_pnl > 0 (decisive only),COMPATIBILITY_ONLY_NOT_PRODUCTION,296357.1217,267511.9505,6650.6079,18220,18206,-0.02244119,-0.04150452,-0.02020951,-0.02244119,-6650.6079,296357.1217,OK,0.0000,266.0243,4.0000,96.0000,AG03-UNRESOLVED,ALL5_LEVELS_bet23_to_bet27,266.0243,266.0243,266.0243,332.5304,332.5304,4.000000,4.000000,4.000000,5.000000,5.000000,96.000000,96.000000,96.000000,95.000000,95.000000,5.0,1463.1337,1340.2688,5187.4742,5310.3391,PENDING_AG03,FALSE,NOT_FOR_ENFORCEMENT,6384.5836,256811.4724,6650.6079,6384.5836,266.0243,0.02244119,0.02154355,266.0243,6384.5836,0.02154355,266.0243,266.0243,266.0243,332.5304,332.5304,6384.5836,0.02154355,1463.1337,1340.2688,5187.4742,5310.3391,0.01750413,0.01791872,0.00089765,16.2655,14.6936,0.3653,59.3804,1.1678,2646.0457,162.5536,12.4780,16.8648,9.0895,16.5695,22.0926,29.825,33.4482,44.5976,11.8163,0.0,2.018664,2.691552,0.981654,30,240,141,4,0.10479828,0.02244119,0.04150452,0E-8,0.000000,0.902668,0.011910,-0.02129501,2026-03-22,2026-08-05,112,5695,2177,137,0.817518,0.739886,0.767145,0.349328,,,,,,,,GLOBAL_BASELINE_NO_ENTITY_RANKING,,,NOT_APPLICABLE_GLOBAL_BASELINE,HF9g-P5,,,,X 全窗基线 · 不参与实体赏罚,14194703,1420,A168_HF9F_20260827_0900,2026-08-27 09:00:00
2026-04-16,110249610,2248,0,57.0363805758,11.5890653760,11.5890653760,0.6666667,3,3,0.49324550000000000,0.493245500000,0.6008033672792107,0.6008033672792106,0.6008033672792107,0E-17,ELIGIBLE,R03b_20260811_FULL_v1,L1_ELIGIBILITY,v2026-08-11,2026-03-21..2026-08-06,baccarat_bet02_101_all_pairs_incl_sentinel,round_win = game_pnl > 0 (decisive only),COMPATIBILITY_ONLY_NOT_PRODUCTION,296357.1217,267511.9505,6650.6079,18220,18206,-0.02244119,-0.04150452,-0.02020951,-0.02244119,-6650.6079,296357.1217,OK,0.0000,266.0243,4.0000,96.0000,AG03-UNRESOLVED,ALL5_LEVELS_bet23_to_bet27,266.0243,266.0243,266.0243,332.5304,332.5304,4.000000,4.000000,4.000000,5.000000,5.000000,96.000000,96.000000,96.000000,95.000000,95.000000,5.0,1463.1337,1340.2688,5187.4742,5310.3391,PENDING_AG03,FALSE,NOT_FOR_ENFORCEMENT,6384.5836,256811.4724,6650.6079,6384.5836,266.0243,0.02244119,0.02154355,266.0243,6384.5836,0.02154355,266.0243,266.0243,266.0243,332.5304,332.5304,6384.5836,0.02154355,1463.1337,1340.2688,5187.4742,5310.3391,0.01750413,0.01791872,0.00089765,16.2655,14.6936,0.3653,59.3804,1.1678,2646.0457,162.5536,12.4780,16.8648,9.0895,16.5695,22.0926,29.825,33.4482,44.5976,11.8163,0.0,2.018664,2.691552,0.981654,30,240,141,4,0.10479828,0.02244119,0.04150452,0E-8,0.000000,0.902668,0.011910,-0.02129501,2026-03-22,2026-08-05,112,5695,2177,137,0.817518,0.739886,0.767145,0.349328,,,,,,,,GLOBAL_BASELINE_NO_ENTITY_RANKING,,,NOT_APPLICABLE_GLOBAL_BASELINE,HF9g-P5,,,,X 全窗基线 · 不参与实体赏罚,14194704,1420,A168_HF9F_20260827_0900,2026-08-27 09:00:00
2026-04-16,110249610,2251,0,6.4762424160,-6.4762424160,-6.4762424160,0E-7,1,1,0.50665070000000000,0.506650700000,-1.013391052207602,-1.013391052207602,-1.013391052207602,0E-17,ELIGIBLE,R03b_20260811_FULL_v1,L1_ELIGIBILITY,v2026-08-11,2026-03-21..2026-08-06,baccarat_bet02_101_all_pairs_incl_sentinel,round_win = game_pnl > 0 (decisive only),COMPATIBILITY_ONLY_NOT_PRODUCTION,296357.1217,267511.9505,6650.6079,18220,18206,-0.02244119,-0.04150452,-0.02020951,-0.02244119,-6650.6079,296357.1217,OK,0.0000,266.0243,4.0000,96.0000,AG03-UNRESOLVED,ALL5_LEVELS_bet23_to_bet27,266.0243,266.0243,266.0243,332.5304,332.5304,4.000000,4.000000,4.000000,5.000000,5.000000,96.000000,96.000000,96.000000,95.000000,95.000000,5.0,1463.1337,1340.2688,5187.4742,5310.3391,PENDING_AG03,FALSE,NOT_FOR_ENFORCEMENT,6384.5836,256811.4724,6650.6079,6384.5836,266.0243,0.02244119,0.02154355,266.0243,6384.5836,0.02154355,266.0243,266.0243,266.0243,332.5304,332.5304,6384.5836,0.02154355,1463.1337,1340.2688,5187.4742,5310.3391,0.01750413,0.01791872,0.00089765,16.2655,14.6936,0.3653,59.3804,1.1678,2646.0457,162.5536,12.4780,16.8648,9.0895,16.5695,22.0926,29.825,33.4482,44.5976,11.8163,0.0,2.018664,2.691552,0.981654,30,240,141,4,0.10479828,0.02244119,0.04150452,0E-8,0.000000,0.902668,0.011910,-0.02129501,2026-03-22,2026-08-05,112,5695,2177,137,0.817518,0.739886,0.767145,0.349328,,,,,,,,GLOBAL_BASELINE_NO_ENTITY_RANKING,,,NOT_APPLICABLE_GLOBAL_BASELINE,HF9g-P5,,,,X 全窗基线 · 不参与实体赏罚,14194705,1420,A168_HF9F_20260827_0900,2026-08-27 09:00:00
2026-04-16,110249610,2258,0,4.4311132320,-4.4311132320,-4.4311132320,0E-7,1,1,0.49324550000000000,0.493245500000,-0.9865810262130424,-0.9865810262130424,-0.9865810262130424,0E-17,ELIGIBLE,R03b_20260811_FULL_v1,L1_ELIGIBILITY,v2026-08-11,2026-03-21..2026-08-06,baccarat_bet02_101_all_pairs_incl_sentinel,round_win = game_pnl > 0 (decisive only),COMPATIBILITY_ONLY_NOT_PRODUCTION,296357.1217,267511.9505,6650.6079,18220,18206,-0.02244119,-0.04150452,-0.02020951,-0.02244119,-6650.6079,296357.1217,OK,0.0000,266.0243,4.0000,96.0000,AG03-UNRESOLVED,ALL5_LEVELS_bet23_to_bet27,266.0243,266.0243,266.0243,332.5304,332.5304,4.000000,4.000000,4.000000,5.000000,5.000000,96.000000,96.000000,96.000000,95.000000,95.000000,5.0,1463.1337,1340.2688,5187.4742,5310.3391,PENDING_AG03,FALSE,NOT_FOR_ENFORCEMENT,6384.5836,256811.4724,6650.6079,6384.5836,266.0243,0.02244119,0.02154355,266.0243,6384.5836,0.02154355,266.0243,266.0243,266.0243,332.5304,332.5304,6384.5836,0.02154355,1463.1337,1340.2688,5187.4742,5310.3391,0.01750413,0.01791872,0.00089765,16.2655,14.6936,0.3653,59.3804,1.1678,2646.0457,162.5536,12.4780,16.8648,9.0895,16.5695,22.0926,29.825,33.4482,44.5976,11.8163,0.0,2.018664,2.691552,0.981654,30,240,141,4,0.10479828,0.02244119,0.04150452,0E-8,0.000000,0.902668,0.011910,-0.02129501,2026-03-22,2026-08-05,112,5695,2177,137,0.817518,0.739886,0.767145,0.349328,,,,,,,,GLOBAL_BASELINE_NO_ENTITY_RANKING,,,NOT_APPLICABLE_GLOBAL_BASELINE,HF9g-P5,,,,X 全窗基线 · 不参与实体赏罚,14194706,1420,A168_HF9F_20260827_0900,2026-08-27 09:00:00
2026-04-16,110249610,462,0,6.2490058400,-1.7042743200,-1.7042743200,0.3333333,3,3,0.49771390000000000,0.497713900000,-0.5694369385616226,-0.5694369385616226,-0.5694369385616226,0E-17,ELIGIBLE,R03b_20260811_FULL_v1,L1_ELIGIBILITY,v2026-08-11,2026-03-21..2026-08-06,baccarat_bet02_101_all_pairs_incl_sentinel,round_win = game_pnl > 0 (decisive only),COMPATIBILITY_ONLY_NOT_PRODUCTION,296357.1217,267511.9505,6650.6079,18220,18206,-0.02244119,-0.04150452,-0.02020951,-0.02244119,-6650.6079,296357.1217,OK,0.0000,266.0243,4.0000,96.0000,AG03-UNRESOLVED,ALL5_LEVELS_bet23_to_bet27,266.0243,266.0243,266.0243,332.5304,332.5304,4.000000,4.000000,4.000000,5.000000,5.000000,96.000000,96.000000,96.000000,95.000000,95.000000,5.0,1463.1337,1340.2688,5187.4742,5310.3391,PENDING_AG03,FALSE,NOT_FOR_ENFORCEMENT,6384.5836,256811.4724,6650.6079,6384.5836,266.0243,0.02244119,0.02154355,266.0243,6384.5836,0.02154355,266.0243,266.0243,266.0243,332.5304,332.5304,6384.5836,0.02154355,1463.1337,1340.2688,5187.4742,5310.3391,0.01750413,0.01791872,0.00089765,16.2655,14.6936,0.3653,59.3804,1.1678,2646.0457,162.5536,12.4780,16.8648,9.0895,16.5695,22.0926,29.825,33.4482,44.5976,11.8163,0.0,2.018664,2.691552,0.981654,30,240,141,4,0.10479828,0.02244119,0.04150452,0E-8,0.000000,0.902668,0.011910,-0.02129501,2026-03-22,2026-08-05,112,5695,2177,137,0.817518,0.739886,0.767145,0.349328,,,,,,,,GLOBAL_BASELINE_NO_ENTITY_RANKING,,,NOT_APPLICABLE_GLOBAL_BASELINE,HF9g-P5,,,,X 全窗基线 · 不参与实体赏罚,14194707,1420,A168_HF9F_20260827_0900,2026-08-27 09:00:00
2026-04-16,110249610,583,0,17.9516895040,6.5898607040,6.5898607040,0.7500000,5,5,0.49324550000000000,0.493245500000,1.0271117246678039,1.0271117246678039,1.0271117246678039,0E-17,ELIGIBLE,R03b_20260811_FULL_v1,L1_ELIGIBILITY,v2026-08-11,2026-03-21..2026-08-06,baccarat_bet02_101_all_pairs_incl_sentinel,round_win = game_pnl > 0 (decisive only),COMPATIBILITY_ONLY_NOT_PRODUCTION,296357.1217,267511.9505,6650.6079,18220,18206,-0.02244119,-0.04150452,-0.02020951,-0.02244119,-6650.6079,296357.1217,OK,0.0000,266.0243,4.0000,96.0000,AG03-UNRESOLVED,ALL5_LEVELS_bet23_to_bet27,266.0243,266.0243,266.0243,332.5304,332.5304,4.000000,4.000000,4.000000,5.000000,5.000000,96.000000,96.000000,96.000000,95.000000,95.000000,5.0,1463.1337,1340.2688,5187.4742,5310.3391,PENDING_AG03,FALSE,NOT_FOR_ENFORCEMENT,6384.5836,256811.4724,6650.6079,6384.5836,266.0243,0.02244119,0.02154355,266.0243,6384.5836,0.02154355,266.0243,266.0243,266.0243,332.5304,332.5304,6384.5836,0.02154355,1463.1337,1340.2688,5187.4742,5310.3391,0.01750413,0.01791872,0.00089765,16.2655,14.6936,0.3653,59.3804,1.1678,2646.0457,162.5536,12.4780,16.8648,9.0895,16.5695,22.0926,29.825,33.4482,44.5976,11.8163,0.0,2.018664,2.691552,0.981654,30,240,141,4,0.10479828,0.02244119,0.04150452,0E-8,0.000000,0.902668,0.011910,-0.02129501,2026-03-22,2026-08-05,112,5695,2177,137,0.817518,0.739886,0.767145,0.349328,,,,,,,,GLOBAL_BASELINE_NO_ENTITY_RANKING,,,NOT_APPLICABLE_GLOBAL_BASELINE,HF9g-P5,,,,X 全窗基线 · 不参与实体赏罚,14194708,1420,A168_HF9F_20260827_0900,2026-08-27 09:00:00
2026-04-17,110249610,-1,1,258.7088417748,-91.6899584154,-91.6899584154,0.3125000,17,16,0.50516546477272803,0.505393962500,-1.5414059760463295,-1.5432415033157438,-1.5414059760463295,-0.00022849772727197,SENTINEL_DEALER,R03b_20260811_FULL_v1,L1_ELIGIBILITY,v2026-08-11,2026-03-21..2026-08-06,baccarat_bet02_101_all_pairs_incl_sentinel,round_win = game_pnl > 0 (decisive only),COMPATIBILITY_ONLY_NOT_PRODUCTION,296357.1217,267511.9505,6650.6079,18220,18206,-0.02244119,-0.04150452,-0.02020951,-0.02244119,-6650.6079,296357.1217,OK,0.0000,266.0243,4.0000,96.0000,AG03-UNRESOLVED,ALL5_LEVELS_bet23_to_bet27,266.0243,266.0243,266.0243,332.5304,332.5304,4.000000,4.000000,4.000000,5.000000,5.000000,96.000000,96.000000,96.000000,95.000000,95.000000,5.0,1463.1337,1340.2688,5187.4742,5310.3391,PENDING_AG03,FALSE,NOT_FOR_ENFORCEMENT,6384.5836,256811.4724,6650.6079,6384.5836,266.0243,0.02244119,0.02154355,266.0243,6384.5836,0.02154355,266.0243,266.0243,266.0243,332.5304,332.5304,6384.5836,0.02154355,1463.1337,1340.2688,5187.4742,5310.3391,0.01750413,0.01791872,0.00089765,16.2655,14.6936,0.3653,59.3804,1.1678,2646.0457,162.5536,12.4780,16.8648,9.0895,16.5695,22.0926,29.825,33.4482,44.5976,11.8163,0.0,2.018664,2.691552,0.981654,30,240,141,4,0.10479828,0.02244119,0.04150452,0E-8,0.000000,0.902668,0.011910,-0.02129501,2026-03-22,2026-08-05,112,5695,2177,137,0.817518,0.739886,0.767145,0.349328,,,,,,,,GLOBAL_BASELINE_NO_ENTITY_RANKING,,,NOT_APPLICABLE_GLOBAL_BASELINE,HF9g-P5,,,,X 全窗基线 · 不参与实体赏罚,14194709,1420,A168_HF9F_20260827_0900,2026-08-27 09:00:00
2026-04-17,110249610,1210,0,141.6820051354,73.2269866156,73.2269866156,0.8333333,6,6,0.50665070000000000,0.506650700000,1.6005531159783741,1.6005531159783741,1.6005531159783741,0E-17,ELIGIBLE,R03b_20260811_FULL_v1,L1_ELIGIBILITY,v2026-08-11,2026-03-21..2026-08-06,baccarat_bet02_101_all_pairs_incl_sentinel,round_win = game_pnl > 0 (decisive only),COMPATIBILITY_ONLY_NOT_PRODUCTION,296357.1217,267511.9505,6650.6079,18220,18206,-0.02244119,-0.04150452,-0.02020951,-0.02244119,-6650.6079,296357.1217,OK,0.0000,266.0243,4.0000,96.0000,AG03-UNRESOLVED,ALL5_LEVELS_bet23_to_bet27,266.0243,266.0243,266.0243,332.5304,332.5304,4.000000,4.000000,4.000000,5.000000,5.000000,96.000000,96.000000,96.000000,95.000000,95.000000,5.0,1463.1337,1340.2688,5187.4742,5310.3391,PENDING_AG03,FALSE,NOT_FOR_ENFORCEMENT,6384.5836,256811.4724,6650.6079,6384.5836,266.0243,0.02244119,0.02154355,266.0243,6384.5836,0.02154355,266.0243,266.0243,266.0243,332.5304,332.5304,6384.5836,0.02154355,1463.1337,1340.2688,5187.4742,5310.3391,0.01750413,0.01791872,0.00089765,16.2655,14.6936,0.3653,59.3804,1.1678,2646.0457,162.5536,12.4780,16.8648,9.0895,16.5695,22.0926,29.825,33.4482,44.5976,11.8163,0.0,2.018664,2.691552,0.981654,30,240,141,4,0.10479828,0.02244119,0.04150452,0E-8,0.000000,0.902668,0.011910,-0.02129501,2026-03-22,2026-08-05,112,5695,2177,137,0.817518,0.739886,0.767145,0.349328,,,,,,,,GLOBAL_BASELINE_NO_ENTITY_RANKING,,,NOT_APPLICABLE_GLOBAL_BASELINE,HF9g-P5,,,,X 全窗基线 · 不参与实体赏罚,14194710,1420,A168_HF9F_20260827_0900,2026-08-27 09:00:00
2026-04-17,110249610,1302,0,28.4045719999,-5.6809143999,-5.6809143999,0.5000000,2,2,0.49324550000000000,0.493245500000,0.01910635448239258,0.01910635448239258,0.01910635448239258,0E-17,ELIGIBLE,R03b_20260811_FULL_v1,L1_ELIGIBILITY,v2026-08-11,2026-03-21..2026-08-06,baccarat_bet02_101_all_pairs_incl_sentinel,round_win = game_pnl > 0 (decisive only),COMPATIBILITY_ONLY_NOT_PRODUCTION,296357.1217,267511.9505,6650.6079,18220,18206,-0.02244119,-0.04150452,-0.02020951,-0.02244119,-6650.6079,296357.1217,OK,0.0000,266.0243,4.0000,96.0000,AG03-UNRESOLVED,ALL5_LEVELS_bet23_to_bet27,266.0243,266.0243,266.0243,332.5304,332.5304,4.000000,4.000000,4.000000,5.000000,5.000000,96.000000,96.000000,96.000000,95.000000,95.000000,5.0,1463.1337,1340.2688,5187.4742,5310.3391,PENDING_AG03,FALSE,NOT_FOR_ENFORCEMENT,6384.5836,256811.4724,6650.6079,6384.5836,266.0243,0.02244119,0.02154355,266.0243,6384.5836,0.02154355,266.0243,266.0243,266.0243,332.5304,332.5304,6384.5836,0.02154355,1463.1337,1340.2688,5187.4742,5310.3391,0.01750413,0.01791872,0.00089765,16.2655,14.6936,0.3653,59.3804,1.1678,2646.0457,162.5536,12.4780,16.8648,9.0895,16.5695,22.0926,29.825,33.4482,44.5976,11.8163,0.0,2.018664,2.691552,0.981654,30,240,141,4,0.10479828,0.02244119,0.04150452,0E-8,0.000000,0.902668,0.011910,-0.02129501,2026-03-22,2026-08-05,112,5695,2177,137,0.817518,0.739886,0.767145,0.349328,,,,,,,,GLOBAL_BASELINE_NO_ENTITY_RANKING,,,NOT_APPLICABLE_GLOBAL_BASELINE,HF9g-P5,,,,X 全窗基线 · 不参与实体赏罚,14194711,1420,A168_HF9F_20260827_0900,2026-08-27 09:00:00
2026-04-17,110249610,1323,0,49.9920467198,5.3968686800,5.3968686800,0.6666667,3,3,0.50665070000000000,0.506650700000,0.5543606114942035,0.5543606114942035,0.5543606114942035,0E-17,ELIGIBLE,R03b_20260811_FULL_v1,L1_ELIGIBILITY,v2026-08-11,2026-03-21..2026-08-06,baccarat_bet02_101_all_pairs_incl_sentinel,round_win = game_pnl > 0 (decisive only),COMPATIBILITY_ONLY_NOT_PRODUCTION,296357.1217,267511.9505,6650.6079,18220,18206,-0.02244119,-0.04150452,-0.02020951,-0.02244119,-6650.6079,296357.1217,OK,0.0000,266.0243,4.0000,96.0000,AG03-UNRESOLVED,ALL5_LEVELS_bet23_to_bet27,266.0243,266.0243,266.0243,332.5304,332.5304,4.000000,4.000000,4.000000,5.000000,5.000000,96.000000,96.000000,96.000000,95.000000,95.000000,5.0,1463.1337,1340.2688,5187.4742,5310.3391,PENDING_AG03,FALSE,NOT_FOR_ENFORCEMENT,6384.5836,256811.4724,6650.6079,6384.5836,266.0243,0.02244119,0.02154355,266.0243,6384.5836,0.02154355,266.0243,266.0243,266.0243,332.5304,332.5304,6384.5836,0.02154355,1463.1337,1340.2688,5187.4742,5310.3391,0.01750413,0.01791872,0.00089765,16.2655,14.6936,0.3653,59.3804,1.1678,2646.0457,162.5536,12.4780,16.8648,9.0895,16.5695,22.0926,29.825,33.4482,44.5976,11.8163,0.0,2.018664,2.691552,0.981654,30,240,141,4,0.10479828,0.02244119,0.04150452,0E-8,0.000000,0.902668,0.011910,-0.02129501,2026-03-22,2026-08-05,112,5695,2177,137,0.817518,0.739886,0.767145,0.349328,,,,,,,,GLOBAL_BASELINE_NO_ENTITY_RANKING,,,NOT_APPLICABLE_GLOBAL_BASELINE,HF9g-P5,,,,X 全窗基线 · 不参与实体赏罚,14194712,1420,A168_HF9F_20260827_0900,2026-08-27 09:00:00
2026-04-17,110249610,1331,0,11.3618288000,-11.3618288000,-11.3618288000,0E-7,1,1,0.50665070000000000,0.506650700000,-1.013391052207602,-1.013391052207602,-1.013391052207602,0E-17,ELIGIBLE,R03b_20260811_FULL_v1,L1_ELIGIBILITY,v2026-08-11,2026-03-21..2026-08-06,baccarat_bet02_101_all_pairs_incl_sentinel,round_win = game_pnl > 0 (decisive only),COMPATIBILITY_ONLY_NOT_PRODUCTION,296357.1217,267511.9505,6650.6079,18220,18206,-0.02244119,-0.04150452,-0.02020951,-0.02244119,-6650.6079,296357.1217,OK,0.0000,266.0243,4.0000,96.0000,AG03-UNRESOLVED,ALL5_LEVELS_bet23_to_bet27,266.0243,266.0243,266.0243,332.5304,332.5304,4.000000,4.000000,4.000000,5.000000,5.000000,96.000000,96.000000,96.000000,95.000000,95.000000,5.0,1463.1337,1340.2688,5187.4742,5310.3391,PENDING_AG03,FALSE,NOT_FOR_ENFORCEMENT,6384.5836,256811.4724,6650.6079,6384.5836,266.0243,0.02244119,0.02154355,266.0243,6384.5836,0.02154355,266.0243,266.0243,266.0243,332.5304,332.5304,6384.5836,0.02154355,1463.1337,1340.2688,5187.4742,5310.3391,0.01750413,0.01791872,0.00089765,16.2655,14.6936,0.3653,59.3804,1.1678,2646.0457,162.5536,12.4780,16.8648,9.0895,16.5695,22.0926,29.825,33.4482,44.5976,11.8163,0.0,2.018664,2.691552,0.981654,30,240,141,4,0.10479828,0.02244119,0.04150452,0E-8,0.000000,0.902668,0.011910,-0.02129501,2026-03-22,2026-08-05,112,5695,2177,137,0.817518,0.739886,0.767145,0.349328,,,,,,,,GLOBAL_BASELINE_NO_ENTITY_RANKING,,,NOT_APPLICABLE_GLOBAL_BASELINE,HF9g-P5,,,,X 全窗基线 · 不参与实体赏罚,14194713,1420,A168_HF9F_20260827_0900,2026-08-27 09:00:00
2026-04-17,110249610,1382,0,22.7236576000,-22.7236576000,-22.7236576000,0E-7,2,2,0.50665070000000000,0.506650700000,-1.4331513700195317,-1.4331513700195317,-1.4331513700195317,0E-17,ELIGIBLE,R03b_20260811_FULL_v1,L1_ELIGIBILITY,v2026-08-11,2026-03-21..2026-08-06,baccarat_bet02_101_all_pairs_incl_sentinel,round_win = game_pnl > 0 (decisive only),COMPATIBILITY_ONLY_NOT_PRODUCTION,296357.1217,267511.9505,6650.6079,18220,18206,-0.02244119,-0.04150452,-0.02020951,-0.02244119,-6650.6079,296357.1217,OK,0.0000,266.0243,4.0000,96.0000,AG03-UNRESOLVED,ALL5_LEVELS_bet23_to_bet27,266.0243,266.0243,266.0243,332.5304,332.5304,4.000000,4.000000,4.000000,5.000000,5.000000,96.000000,96.000000,96.000000,95.000000,95.000000,5.0,1463.1337,1340.2688,5187.4742,5310.3391,PENDING_AG03,FALSE,NOT_FOR_ENFORCEMENT,6384.5836,256811.4724,6650.6079,6384.5836,266.0243,0.02244119,0.02154355,266.0243,6384.5836,0.02154355,266.0243,266.0243,266.0243,332.5304,332.5304,6384.5836,0.02154355,1463.1337,1340.2688,5187.4742,5310.3391,0.01750413,0.01791872,0.00089765,16.2655,14.6936,0.3653,59.3804,1.1678,2646.0457,162.5536,12.4780,16.8648,9.0895,16.5695,22.0926,29.825,33.4482,44.5976,11.8163,0.0,2.018664,2.691552,0.981654,30,240,141,4,0.10479828,0.02244119,0.04150452,0E-8,0.000000,0.902668,0.011910,-0.02129501,2026-03-22,2026-08-05,112,5695,2177,137,0.817518,0.739886,0.767145,0.349328,,,,,,,,GLOBAL_BASELINE_NO_ENTITY_RANKING,,,NOT_APPLICABLE_GLOBAL_BASELINE,HF9g-P5,,,,X 全窗基线 · 不参与实体赏罚,14194714,1420,A168_HF9F_20260827_0900,2026-08-27 09:00:00
2026-04-17,110249610,1400,0,216.1019837750,9.3166996159,9.3166996159,0.5555556,10,10,0.49592654000000000,0.495926540000,0.35778596707011096,0.35778596707011096,0.35778596707011096,0E-17,ELIGIBLE,R03b_20260811_FULL_v1,L1_ELIGIBILITY,v2026-08-11,2026-03-21..2026-08-06,baccarat_bet02_101_all_pairs_incl_sentinel,round_win = game_pnl > 0 (decisive only),COMPATIBILITY_ONLY_NOT_PRODUCTION,296357.1217,267511.9505,6650.6079,18220,18206,-0.02244119,-0.04150452,-0.02020951,-0.02244119,-6650.6079,296357.1217,OK,0.0000,266.0243,4.0000,96.0000,AG03-UNRESOLVED,ALL5_LEVELS_bet23_to_bet27,266.0243,266.0243,266.0243,332.5304,332.5304,4.000000,4.000000,4.000000,5.000000,5.000000,96.000000,96.000000,96.000000,95.000000,95.000000,5.0,1463.1337,1340.2688,5187.4742,5310.3391,PENDING_AG03,FALSE,NOT_FOR_ENFORCEMENT,6384.5836,256811.4724,6650.6079,6384.5836,266.0243,0.02244119,0.02154355,266.0243,6384.5836,0.02154355,266.0243,266.0243,266.0243,332.5304,332.5304,6384.5836,0.02154355,1463.1337,1340.2688,5187.4742,5310.3391,0.01750413,0.01791872,0.00089765,16.2655,14.6936,0.3653,59.3804,1.1678,2646.0457,162.5536,12.4780,16.8648,9.0895,16.5695,22.0926,29.825,33.4482,44.5976,11.8163,0.0,2.018664,2.691552,0.981654,30,240,141,4,0.10479828,0.02244119,0.04150452,0E-8,0.000000,0.902668,0.011910,-0.02129501,2026-03-22,2026-08-05,112,5695,2177,137,0.817518,0.739886,0.767145,0.349328,,,,,,,,GLOBAL_BASELINE_NO_ENTITY_RANKING,,,NOT_APPLICABLE_GLOBAL_BASELINE,HF9g-P5,,,,X 全窗基线 · 不参与实体赏罚,14194715,1420,A168_HF9F_20260827_0900,2026-08-27 09:00:00
2026-04-17,110249610,1402,0,11.3618288000,-11.3618288000,-11.3618288000,0E-7,1,1,0.50665070000000000,0.506650700000,-1.013391052207602,-1.013391052207602,-1.013391052207602,0E-17,ELIGIBLE,R03b_20260811_FULL_v1,L1_ELIGIBILITY,v2026-08-11,2026-03-21..2026-08-06,baccarat_bet02_101_all_pairs_incl_sentinel,round_win = game_pnl > 0 (decisive only),COMPATIBILITY_ONLY_NOT_PRODUCTION,296357.1217,267511.9505,6650.6079,18220,18206,-0.02244119,-0.04150452,-0.02020951,-0.02244119,-6650.6079,296357.1217,OK,0.0000,266.0243,4.0000,96.0000,AG03-UNRESOLVED,ALL5_LEVELS_bet23_to_bet27,266.0243,266.0243,266.0243,332.5304,332.5304,4.000000,4.000000,4.000000,5.000000,5.000000,96.000000,96.000000,96.000000,95.000000,95.000000,5.0,1463.1337,1340.2688,5187.4742,5310.3391,PENDING_AG03,FALSE,NOT_FOR_ENFORCEMENT,6384.5836,256811.4724,6650.6079,6384.5836,266.0243,0.02244119,0.02154355,266.0243,6384.5836,0.02154355,266.0243,266.0243,266.0243,332.5304,332.5304,6384.5836,0.02154355,1463.1337,1340.2688,5187.4742,5310.3391,0.01750413,0.01791872,0.00089765,16.2655,14.6936,0.3653,59.3804,1.1678,2646.0457,162.5536,12.4780,16.8648,9.0895,16.5695,22.0926,29.825,33.4482,44.5976,11.8163,0.0,2.018664,2.691552,0.981654,30,240,141,4,0.10479828,0.02244119,0.04150452,0E-8,0.000000,0.902668,0.011910,-0.02129501,2026-03-22,2026-08-05,112,5695,2177,137,0.817518,0.739886,0.767145,0.349328,,,,,,,,GLOBAL_BASELINE_NO_ENTITY_RANKING,,,NOT_APPLICABLE_GLOBAL_BASELINE,HF9g-P5,,,,X 全窗基线 · 不参与实体赏罚,14194716,1420,A168_HF9F_20260827_0900,2026-08-27 09:00:00
2026-04-17,110249610,1490,0,16.1337968959,-16.1337968959,-16.1337968959,0E-7,1,1,0.49324550000000000,0.493245500000,-0.9865810262130424,-0.9865810262130424,-0.9865810262130424,0E-17,ELIGIBLE,R03b_20260811_FULL_v1,L1_ELIGIBILITY,v2026-08-11,2026-03-21..2026-08-06,baccarat_bet02_101_all_pairs_incl_sentinel,round_win = game_pnl > 0 (decisive only),COMPATIBILITY_ONLY_NOT_PRODUCTION,296357.1217,267511.9505,6650.6079,18220,18206,-0.02244119,-0.04150452,-0.02020951,-0.02244119,-6650.6079,296357.1217,OK,0.0000,266.0243,4.0000,96.0000,AG03-UNRESOLVED,ALL5_LEVELS_bet23_to_bet27,266.0243,266.0243,266.0243,332.5304,332.5304,4.000000,4.000000,4.000000,5.000000,5.000000,96.000000,96.000000,96.000000,95.000000,95.000000,5.0,1463.1337,1340.2688,5187.4742,5310.3391,PENDING_AG03,FALSE,NOT_FOR_ENFORCEMENT,6384.5836,256811.4724,6650.6079,6384.5836,266.0243,0.02244119,0.02154355,266.0243,6384.5836,0.02154355,266.0243,266.0243,266.0243,332.5304,332.5304,6384.5836,0.02154355,1463.1337,1340.2688,5187.4742,5310.3391,0.01750413,0.01791872,0.00089765,16.2655,14.6936,0.3653,59.3804,1.1678,2646.0457,162.5536,12.4780,16.8648,9.0895,16.5695,22.0926,29.825,33.4482,44.5976,11.8163,0.0,2.018664,2.691552,0.981654,30,240,141,4,0.10479828,0.02244119,0.04150452,0E-8,0.000000,0.902668,0.011910,-0.02129501,2026-03-22,2026-08-05,112,5695,2177,137,0.817518,0.739886,0.767145,0.349328,,,,,,,,GLOBAL_BASELINE_NO_ENTITY_RANKING,,,NOT_APPLICABLE_GLOBAL_BASELINE,HF9g-P5,,,,X 全窗基线 · 不参与实体赏罚,14194717,1420,A168_HF9F_20260827_0900,2026-08-27 09:00:00
2026-04-17,110249610,1623,0,127.2524825595,25.6209239439,25.6209239439,0.6000000,5,5,0.50396966000000000,0.503969660000,0.4294742719815242,0.4294742719815242,0.4294742719815242,0E-17,ELIGIBLE,R03b_20260811_FULL_v1,L1_ELIGIBILITY,v2026-08-11,2026-03-21..2026-08-06,baccarat_bet02_101_all_pairs_incl_sentinel,round_win = game_pnl > 0 (decisive only),COMPATIBILITY_ONLY_NOT_PRODUCTION,296357.1217,267511.9505,6650.6079,18220,18206,-0.02244119,-0.04150452,-0.02020951,-0.02244119,-6650.6079,296357.1217,OK,0.0000,266.0243,4.0000,96.0000,AG03-UNRESOLVED,ALL5_LEVELS_bet23_to_bet27,266.0243,266.0243,266.0243,332.5304,332.5304,4.000000,4.000000,4.000000,5.000000,5.000000,96.000000,96.000000,96.000000,95.000000,95.000000,5.0,1463.1337,1340.2688,5187.4742,5310.3391,PENDING_AG03,FALSE,NOT_FOR_ENFORCEMENT,6384.5836,256811.4724,6650.6079,6384.5836,266.0243,0.02244119,0.02154355,266.0243,6384.5836,0.02154355,266.0243,266.0243,266.0243,332.5304,332.5304,6384.5836,0.02154355,1463.1337,1340.2688,5187.4742,5310.3391,0.01750413,0.01791872,0.00089765,16.2655,14.6936,0.3653,59.3804,1.1678,2646.0457,162.5536,12.4780,16.8648,9.0895,16.5695,22.0926,29.825,33.4482,44.5976,11.8163,0.0,2.018664,2.691552,0.981654,30,240,141,4,0.10479828,0.02244119,0.04150452,0E-8,0.000000,0.902668,0.011910,-0.02129501,2026-03-22,2026-08-05,112,5695,2177,137,0.817518,0.739886,0.767145,0.349328,,,,,,,,GLOBAL_BASELINE_NO_ENTITY_RANKING,,,NOT_APPLICABLE_GLOBAL_BASELINE,HF9g-P5,,,,X 全窗基线 · 不参与实体赏罚,14194718,1420,A168_HF9F_20260827_0900,2026-08-27 09:00:00
2026-04-17,110249610,1654,0,11.3618288000,-11.3618288000,-11.3618288000,0E-7,1,1,0.49324550000000000,0.493245500000,-0.9865810262130424,-0.9865810262130424,-0.9865810262130424,0E-17,ELIGIBLE,R03b_20260811_FULL_v1,L1_ELIGIBILITY,v2026-08-11,2026-03-21..2026-08-06,baccarat_bet02_101_all_pairs_incl_sentinel,round_win = game_pnl > 0 (decisive only),COMPATIBILITY_ONLY_NOT_PRODUCTION,296357.1217,267511.9505,6650.6079,18220,18206,-0.02244119,-0.04150452,-0.02020951,-0.02244119,-6650.6079,296357.1217,OK,0.0000,266.0243,4.0000,96.0000,AG03-UNRESOLVED,ALL5_LEVELS_bet23_to_bet27,266.0243,266.0243,266.0243,332.5304,332.5304,4.000000,4.000000,4.000000,5.000000,5.000000,96.000000,96.000000,96.000000,95.000000,95.000000,5.0,1463.1337,1340.2688,5187.4742,5310.3391,PENDING_AG03,FALSE,NOT_FOR_ENFORCEMENT,6384.5836,256811.4724,6650.6079,6384.5836,266.0243,0.02244119,0.02154355,266.0243,6384.5836,0.02154355,266.0243,266.0243,266.0243,332.5304,332.5304,6384.5836,0.02154355,1463.1337,1340.2688,5187.4742,5310.3391,0.01750413,0.01791872,0.00089765,16.2655,14.6936,0.3653,59.3804,1.1678,2646.0457,162.5536,12.4780,16.8648,9.0895,16.5695,22.0926,29.825,33.4482,44.5976,11.8163,0.0,2.018664,2.691552,0.981654,30,240,141,4,0.10479828,0.02244119,0.04150452,0E-8,0.000000,0.902668,0.011910,-0.02129501,2026-03-22,2026-08-05,112,5695,2177,137,0.817518,0.739886,0.767145,0.349328,,,,,,,,GLOBAL_BASELINE_NO_ENTITY_RANKING,,,NOT_APPLICABLE_GLOBAL_BASELINE,HF9g-P5,,,,X 全窗基线 · 不参与实体赏罚,14194719,1420,A168_HF9F_20260827_0900,2026-08-27 09:00:00
2026-04-17,110249610,1702,0,10.2256459200,-10.2256459200,-10.2256459200,0E-7,1,1,0.50665070000000000,0.506650700000,-1.013391052207602,-1.013391052207602,-1.013391052207602,0E-17,ELIGIBLE,R03b_20260811_FULL_v1,L1_ELIGIBILITY,v2026-08-11,2026-03-21..2026-08-06,baccarat_bet02_101_all_pairs_incl_sentinel,round_win = game_pnl > 0 (decisive only),COMPATIBILITY_ONLY_NOT_PRODUCTION,296357.1217,267511.9505,6650.6079,18220,18206,-0.02244119,-0.04150452,-0.02020951,-0.02244119,-6650.6079,296357.1217,OK,0.0000,266.0243,4.0000,96.0000,AG03-UNRESOLVED,ALL5_LEVELS_bet23_to_bet27,266.0243,266.0243,266.0243,332.5304,332.5304,4.000000,4.000000,4.000000,5.000000,5.000000,96.000000,96.000000,96.000000,95.000000,95.000000,5.0,1463.1337,1340.2688,5187.4742,5310.3391,PENDING_AG03,FALSE,NOT_FOR_ENFORCEMENT,6384.5836,256811.4724,6650.6079,6384.5836,266.0243,0.02244119,0.02154355,266.0243,6384.5836,0.02154355,266.0243,266.0243,266.0243,332.5304,332.5304,6384.5836,0.02154355,1463.1337,1340.2688,5187.4742,5310.3391,0.01750413,0.01791872,0.00089765,16.2655,14.6936,0.3653,59.3804,1.1678,2646.0457,162.5536,12.4780,16.8648,9.0895,16.5695,22.0926,29.825,33.4482,44.5976,11.8163,0.0,2.018664,2.691552,0.981654,30,240,141,4,0.10479828,0.02244119,0.04150452,0E-8,0.000000,0.902668,0.011910,-0.02129501,2026-03-22,2026-08-05,112,5695,2177,137,0.817518,0.739886,0.767145,0.349328,,,,,,,,GLOBAL_BASELINE_NO_ENTITY_RANKING,,,NOT_APPLICABLE_GLOBAL_BASELINE,HF9g-P5,,,,X 全窗基线 · 不参与实体赏罚,14194720,1420,A168_HF9F_20260827_0900,2026-08-27 09:00:00
2026-04-17,110249610,1941,0,11.3618288000,0E-10,0E-10,,1,1,0.50665070000000000,0.506650700000,,,,0E-17,NO_DECISIVE_ROUND,R03b_20260811_FULL_v1,L1_ELIGIBILITY,v2026-08-11,2026-03-21..2026-08-06,baccarat_bet02_101_all_pairs_incl_sentinel,round_win = game_pnl > 0 (decisive only),COMPATIBILITY_ONLY_NOT_PRODUCTION,296357.1217,267511.9505,6650.6079,18220,18206,-0.02244119,-0.04150452,-0.02020951,-0.02244119,-6650.6079,296357.1217,OK,0.0000,266.0243,4.0000,96.0000,AG03-UNRESOLVED,ALL5_LEVELS_bet23_to_bet27,266.0243,266.0243,266.0243,332.5304,332.5304,4.000000,4.000000,4.000000,5.000000,5.000000,96.000000,96.000000,96.000000,95.000000,95.000000,5.0,1463.1337,1340.2688,5187.4742,5310.3391,PENDING_AG03,FALSE,NOT_FOR_ENFORCEMENT,6384.5836,256811.4724,6650.6079,6384.5836,266.0243,0.02244119,0.02154355,266.0243,6384.5836,0.02154355,266.0243,266.0243,266.0243,332.5304,332.5304,6384.5836,0.02154355,1463.1337,1340.2688,5187.4742,5310.3391,0.01750413,0.01791872,0.00089765,16.2655,14.6936,0.3653,59.3804,1.1678,2646.0457,162.5536,12.4780,16.8648,9.0895,16.5695,22.0926,29.825,33.4482,44.5976,11.8163,0.0,2.018664,2.691552,0.981654,30,240,141,4,0.10479828,0.02244119,0.04150452,0E-8,0.000000,0.902668,0.011910,-0.02129501,2026-03-22,2026-08-05,112,5695,2177,137,0.817518,0.739886,0.767145,0.349328,,,,,,,,GLOBAL_BASELINE_NO_ENTITY_RANKING,,,NOT_APPLICABLE_GLOBAL_BASELINE,HF9g-P5,,,,X 全窗基线 · 不参与实体赏罚,14194721,1420,A168_HF9F_20260827_0900,2026-08-27 09:00:00
2026-04-17,110249610,1957,0,50.5601381598,-11.3618287999,-11.3618287999,0.5000000,3,3,0.50665070000000000,0.506650700000,-0.018812684590367487,-0.018812684590367487,-0.018812684590367487,0E-17,ELIGIBLE,R03b_20260811_FULL_v1,L1_ELIGIBILITY,v2026-08-11,2026-03-21..2026-08-06,baccarat_bet02_101_all_pairs_incl_sentinel,round_win = game_pnl > 0 (decisive only),COMPATIBILITY_ONLY_NOT_PRODUCTION,296357.1217,267511.9505,6650.6079,18220,18206,-0.02244119,-0.04150452,-0.02020951,-0.02244119,-6650.6079,296357.1217,OK,0.0000,266.0243,4.0000,96.0000,AG03-UNRESOLVED,ALL5_LEVELS_bet23_to_bet27,266.0243,266.0243,266.0243,332.5304,332.5304,4.000000,4.000000,4.000000,5.000000,5.000000,96.000000,96.000000,96.000000,95.000000,95.000000,5.0,1463.1337,1340.2688,5187.4742,5310.3391,PENDING_AG03,FALSE,NOT_FOR_ENFORCEMENT,6384.5836,256811.4724,6650.6079,6384.5836,266.0243,0.02244119,0.02154355,266.0243,6384.5836,0.02154355,266.0243,266.0243,266.0243,332.5304,332.5304,6384.5836,0.02154355,1463.1337,1340.2688,5187.4742,5310.3391,0.01750413,0.01791872,0.00089765,16.2655,14.6936,0.3653,59.3804,1.1678,2646.0457,162.5536,12.4780,16.8648,9.0895,16.5695,22.0926,29.825,33.4482,44.5976,11.8163,0.0,2.018664,2.691552,0.981654,30,240,141,4,0.10479828,0.02244119,0.04150452,0E-8,0.000000,0.902668,0.011910,-0.02129501,2026-03-22,2026-08-05,112,5695,2177,137,0.817518,0.739886,0.767145,0.349328,,,,,,,,GLOBAL_BASELINE_NO_ENTITY_RANKING,,,NOT_APPLICABLE_GLOBAL_BASELINE,HF9g-P5,,,,X 全窗基线 · 不参与实体赏罚,14194722,1420,A168_HF9F_20260827_0900,2026-08-27 09:00:00
2026-04-17,110249610,2084,0,45.4473151999,-11.9299202399,-11.9299202399,0.3333333,4,4,0.50665070000000000,0.506650700000,-0.6004420894325239,-0.6004420894325239,-0.6004420894325239,0E-17,ELIGIBLE,R03b_20260811_FULL_v1,L1_ELIGIBILITY,v2026-08-11,2026-03-21..2026-08-06,baccarat_bet02_101_all_pairs_incl_sentinel,round_win = game_pnl > 0 (decisive only),COMPATIBILITY_ONLY_NOT_PRODUCTION,296357.1217,267511.9505,6650.6079,18220,18206,-0.02244119,-0.04150452,-0.02020951,-0.02244119,-6650.6079,296357.1217,OK,0.0000,266.0243,4.0000,96.0000,AG03-UNRESOLVED,ALL5_LEVELS_bet23_to_bet27,266.0243,266.0243,266.0243,332.5304,332.5304,4.000000,4.000000,4.000000,5.000000,5.000000,96.000000,96.000000,96.000000,95.000000,95.000000,5.0,1463.1337,1340.2688,5187.4742,5310.3391,PENDING_AG03,FALSE,NOT_FOR_ENFORCEMENT,6384.5836,256811.4724,6650.6079,6384.5836,266.0243,0.02244119,0.02154355,266.0243,6384.5836,0.02154355,266.0243,266.0243,266.0243,332.5304,332.5304,6384.5836,0.02154355,1463.1337,1340.2688,5187.4742,5310.3391,0.01750413,0.01791872,0.00089765,16.2655,14.6936,0.3653,59.3804,1.1678,2646.0457,162.5536,12.4780,16.8648,9.0895,16.5695,22.0926,29.825,33.4482,44.5976,11.8163,0.0,2.018664,2.691552,0.981654,30,240,141,4,0.10479828,0.02244119,0.04150452,0E-8,0.000000,0.902668,0.011910,-0.02129501,2026-03-22,2026-08-05,112,5695,2177,137,0.817518,0.739886,0.767145,0.349328,,,,,,,,GLOBAL_BASELINE_NO_ENTITY_RANKING,,,NOT_APPLICABLE_GLOBAL_BASELINE,HF9g-P5,,,,X 全窗基线 · 不参与实体赏罚,14194723,1420,A168_HF9F_20260827_0900,2026-08-27 09:00:00
2026-04-17,110249610,2107,0,11.3618288000,-11.3618288000,-11.3618288000,0E-7,1,1,0.50665070000000000,0.506650700000,-1.013391052207602,-1.013391052207602,-1.013391052207602,0E-17,ELIGIBLE,R03b_20260811_FULL_v1,L1_ELIGIBILITY,v2026-08-11,2026-03-21..2026-08-06,baccarat_bet02_101_all_pairs_incl_sentinel,round_win = game_pnl > 0 (decisive only),COMPATIBILITY_ONLY_NOT_PRODUCTION,296357.1217,267511.9505,6650.6079,18220,18206,-0.02244119,-0.04150452,-0.02020951,-0.02244119,-6650.6079,296357.1217,OK,0.0000,266.0243,4.0000,96.0000,AG03-UNRESOLVED,ALL5_LEVELS_bet23_to_bet27,266.0243,266.0243,266.0243,332.5304,332.5304,4.000000,4.000000,4.000000,5.000000,5.000000,96.000000,96.000000,96.000000,95.000000,95.000000,5.0,1463.1337,1340.2688,5187.4742,5310.3391,PENDING_AG03,FALSE,NOT_FOR_ENFORCEMENT,6384.5836,256811.4724,6650.6079,6384.5836,266.0243,0.02244119,0.02154355,266.0243,6384.5836,0.02154355,266.0243,266.0243,266.0243,332.5304,332.5304,6384.5836,0.02154355,1463.1337,1340.2688,5187.4742,5310.3391,0.01750413,0.01791872,0.00089765,16.2655,14.6936,0.3653,59.3804,1.1678,2646.0457,162.5536,12.4780,16.8648,9.0895,16.5695,22.0926,29.825,33.4482,44.5976,11.8163,0.0,2.018664,2.691552,0.981654,30,240,141,4,0.10479828,0.02244119,0.04150452,0E-8,0.000000,0.902668,0.011910,-0.02129501,2026-03-22,2026-08-05,112,5695,2177,137,0.817518,0.739886,0.767145,0.349328,,,,,,,,GLOBAL_BASELINE_NO_ENTITY_RANKING,,,NOT_APPLICABLE_GLOBAL_BASELINE,HF9g-P5,,,,X 全窗基线 · 不参与实体赏罚,14194724,1420,A168_HF9F_20260827_0900,2026-08-27 09:00:00
2026-04-17,110249610,2108,0,34.0854863998,0E-10,0E-10,0.5000000,2,2,0.49324550000000000,0.493245500000,0.01910635448239258,0.01910635448239258,0.01910635448239258,0E-17,ELIGIBLE,R03b_20260811_FULL_v1,L1_ELIGIBILITY,v2026-08-11,2026-03-21..2026-08-06,baccarat_bet02_101_all_pairs_incl_sentinel,round_win = game_pnl > 0 (decisive only),COMPATIBILITY_ONLY_NOT_PRODUCTION,296357.1217,267511.9505,6650.6079,18220,18206,-0.02244119,-0.04150452,-0.02020951,-0.02244119,-6650.6079,296357.1217,OK,0.0000,266.0243,4.0000,96.0000,AG03-UNRESOLVED,ALL5_LEVELS_bet23_to_bet27,266.0243,266.0243,266.0243,332.5304,332.5304,4.000000,4.000000,4.000000,5.000000,5.000000,96.000000,96.000000,96.000000,95.000000,95.000000,5.0,1463.1337,1340.2688,5187.4742,5310.3391,PENDING_AG03,FALSE,NOT_FOR_ENFORCEMENT,6384.5836,256811.4724,6650.6079,6384.5836,266.0243,0.02244119,0.02154355,266.0243,6384.5836,0.02154355,266.0243,266.0243,266.0243,332.5304,332.5304,6384.5836,0.02154355,1463.1337,1340.2688,5187.4742,5310.3391,0.01750413,0.01791872,0.00089765,16.2655,14.6936,0.3653,59.3804,1.1678,2646.0457,162.5536,12.4780,16.8648,9.0895,16.5695,22.0926,29.825,33.4482,44.5976,11.8163,0.0,2.018664,2.691552,0.981654,30,240,141,4,0.10479828,0.02244119,0.04150452,0E-8,0.000000,0.902668,0.011910,-0.02129501,2026-03-22,2026-08-05,112,5695,2177,137,0.817518,0.739886,0.767145,0.349328,,,,,,,,GLOBAL_BASELINE_NO_ENTITY_RANKING,,,NOT_APPLICABLE_GLOBAL_BASELINE,HF9g-P5,,,,X 全窗基线 · 不参与实体赏罚,14194725,1420,A168_HF9F_20260827_0900,2026-08-27 09:00:00
2026-04-17,110249610,2152,0,11.3618288000,-11.3618288000,-11.3618288000,0E-7,1,1,0.49324550000000000,0.493245500000,-0.9865810262130424,-0.9865810262130424,-0.9865810262130424,0E-17,ELIGIBLE,R03b_20260811_FULL_v1,L1_ELIGIBILITY,v2026-08-11,2026-03-21..2026-08-06,baccarat_bet02_101_all_pairs_incl_sentinel,round_win = game_pnl > 0 (decisive only),COMPATIBILITY_ONLY_NOT_PRODUCTION,296357.1217,267511.9505,6650.6079,18220,18206,-0.02244119,-0.04150452,-0.02020951,-0.02244119,-6650.6079,296357.1217,OK,0.0000,266.0243,4.0000,96.0000,AG03-UNRESOLVED,ALL5_LEVELS_bet23_to_bet27,266.0243,266.0243,266.0243,332.5304,332.5304,4.000000,4.000000,4.000000,5.000000,5.000000,96.000000,96.000000,96.000000,95.000000,95.000000,5.0,1463.1337,1340.2688,5187.4742,5310.3391,PENDING_AG03,FALSE,NOT_FOR_ENFORCEMENT,6384.5836,256811.4724,6650.6079,6384.5836,266.0243,0.02244119,0.02154355,266.0243,6384.5836,0.02154355,266.0243,266.0243,266.0243,332.5304,332.5304,6384.5836,0.02154355,1463.1337,1340.2688,5187.4742,5310.3391,0.01750413,0.01791872,0.00089765,16.2655,14.6936,0.3653,59.3804,1.1678,2646.0457,162.5536,12.4780,16.8648,9.0895,16.5695,22.0926,29.825,33.4482,44.5976,11.8163,0.0,2.018664,2.691552,0.981654,30,240,141,4,0.10479828,0.02244119,0.04150452,0E-8,0.000000,0.902668,0.011910,-0.02129501,2026-03-22,2026-08-05,112,5695,2177,137,0.817518,0.739886,0.767145,0.349328,,,,,,,,GLOBAL_BASELINE_NO_ENTITY_RANKING,,,NOT_APPLICABLE_GLOBAL_BASELINE,HF9g-P5,,,,X 全窗基线 · 不参与实体赏罚,14194726,1420,A168_HF9F_20260827_0900,2026-08-27 09:00:00
2026-04-17,110249610,2160,0,146.5675915194,57.9453268798,57.9453268798,0.7142857,7,7,0.49324550000000000,0.493245500000,1.169741613234378,1.1697416132343783,1.169741613234378,0E-17,ELIGIBLE,R03b_20260811_FULL_v1,L1_ELIGIBILITY,v2026-08-11,2026-03-21..2026-08-06,baccarat_bet02_101_all_pairs_incl_sentinel,round_win = game_pnl > 0 (decisive only),COMPATIBILITY_ONLY_NOT_PRODUCTION,296357.1217,267511.9505,6650.6079,18220,18206,-0.02244119,-0.04150452,-0.02020951,-0.02244119,-6650.6079,296357.1217,OK,0.0000,266.0243,4.0000,96.0000,AG03-UNRESOLVED,ALL5_LEVELS_bet23_to_bet27,266.0243,266.0243,266.0243,332.5304,332.5304,4.000000,4.000000,4.000000,5.000000,5.000000,96.000000,96.000000,96.000000,95.000000,95.000000,5.0,1463.1337,1340.2688,5187.4742,5310.3391,PENDING_AG03,FALSE,NOT_FOR_ENFORCEMENT,6384.5836,256811.4724,6650.6079,6384.5836,266.0243,0.02244119,0.02154355,266.0243,6384.5836,0.02154355,266.0243,266.0243,266.0243,332.5304,332.5304,6384.5836,0.02154355,1463.1337,1340.2688,5187.4742,5310.3391,0.01750413,0.01791872,0.00089765,16.2655,14.6936,0.3653,59.3804,1.1678,2646.0457,162.5536,12.4780,16.8648,9.0895,16.5695,22.0926,29.825,33.4482,44.5976,11.8163,0.0,2.018664,2.691552,0.981654,30,240,141,4,0.10479828,0.02244119,0.04150452,0E-8,0.000000,0.902668,0.011910,-0.02129501,2026-03-22,2026-08-05,112,5695,2177,137,0.817518,0.739886,0.767145,0.349328,,,,,,,,GLOBAL_BASELINE_NO_ENTITY_RANKING,,,NOT_APPLICABLE_GLOBAL_BASELINE,HF9g-P5,,,,X 全窗基线 · 不参与实体赏罚,14194727,1420,A168_HF9F_20260827_0900,2026-08-27 09:00:00
2026-04-17,110249610,2175,0,6.5898607040,-6.5898607040,-6.5898607040,0E-7,1,1,0.49324550000000000,0.493245500000,-0.9865810262130424,-0.9865810262130424,-0.9865810262130424,0E-17,ELIGIBLE,R03b_20260811_FULL_v1,L1_ELIGIBILITY,v2026-08-11,2026-03-21..2026-08-06,baccarat_bet02_101_all_pairs_incl_sentinel,round_win = game_pnl > 0 (decisive only),COMPATIBILITY_ONLY_NOT_PRODUCTION,296357.1217,267511.9505,6650.6079,18220,18206,-0.02244119,-0.04150452,-0.02020951,-0.02244119,-6650.6079,296357.1217,OK,0.0000,266.0243,4.0000,96.0000,AG03-UNRESOLVED,ALL5_LEVELS_bet23_to_bet27,266.0243,266.0243,266.0243,332.5304,332.5304,4.000000,4.000000,4.000000,5.000000,5.000000,96.000000,96.000000,96.000000,95.000000,95.000000,5.0,1463.1337,1340.2688,5187.4742,5310.3391,PENDING_AG03,FALSE,NOT_FOR_ENFORCEMENT,6384.5836,256811.4724,6650.6079,6384.5836,266.0243,0.02244119,0.02154355,266.0243,6384.5836,0.02154355,266.0243,266.0243,266.0243,332.5304,332.5304,6384.5836,0.02154355,1463.1337,1340.2688,5187.4742,5310.3391,0.01750413,0.01791872,0.00089765,16.2655,14.6936,0.3653,59.3804,1.1678,2646.0457,162.5536,12.4780,16.8648,9.0895,16.5695,22.0926,29.825,33.4482,44.5976,11.8163,0.0,2.018664,2.691552,0.981654,30,240,141,4,0.10479828,0.02244119,0.04150452,0E-8,0.000000,0.902668,0.011910,-0.02129501,2026-03-22,2026-08-05,112,5695,2177,137,0.817518,0.739886,0.767145,0.349328,,,,,,,,GLOBAL_BASELINE_NO_ENTITY_RANKING,,,NOT_APPLICABLE_GLOBAL_BASELINE,HF9g-P5,,,,X 全窗基线 · 不参与实体赏罚,14194728,1420,A168_HF9F_20260827_0900,2026-08-27 09:00:00
2026-04-17,110249610,2216,0,17.0427431999,16.1906060399,16.1906060399,1.0000000,1,1,0.50665070000000000,0.506650700000,0.9867858985152569,0.9867858985152569,0.9867858985152569,0E-17,ELIGIBLE,R03b_20260811_FULL_v1,L1_ELIGIBILITY,v2026-08-11,2026-03-21..2026-08-06,baccarat_bet02_101_all_pairs_incl_sentinel,round_win = game_pnl > 0 (decisive only),COMPATIBILITY_ONLY_NOT_PRODUCTION,296357.1217,267511.9505,6650.6079,18220,18206,-0.02244119,-0.04150452,-0.02020951,-0.02244119,-6650.6079,296357.1217,OK,0.0000,266.0243,4.0000,96.0000,AG03-UNRESOLVED,ALL5_LEVELS_bet23_to_bet27,266.0243,266.0243,266.0243,332.5304,332.5304,4.000000,4.000000,4.000000,5.000000,5.000000,96.000000,96.000000,96.000000,95.000000,95.000000,5.0,1463.1337,1340.2688,5187.4742,5310.3391,PENDING_AG03,FALSE,NOT_FOR_ENFORCEMENT,6384.5836,256811.4724,6650.6079,6384.5836,266.0243,0.02244119,0.02154355,266.0243,6384.5836,0.02154355,266.0243,266.0243,266.0243,332.5304,332.5304,6384.5836,0.02154355,1463.1337,1340.2688,5187.4742,5310.3391,0.01750413,0.01791872,0.00089765,16.2655,14.6936,0.3653,59.3804,1.1678,2646.0457,162.5536,12.4780,16.8648,9.0895,16.5695,22.0926,29.825,33.4482,44.5976,11.8163,0.0,2.018664,2.691552,0.981654,30,240,141,4,0.10479828,0.02244119,0.04150452,0E-8,0.000000,0.902668,0.011910,-0.02129501,2026-03-22,2026-08-05,112,5695,2177,137,0.817518,0.739886,0.767145,0.349328,,,,,,,,GLOBAL_BASELINE_NO_ENTITY_RANKING,,,NOT_APPLICABLE_GLOBAL_BASELINE,HF9g-P5,,,,X 全窗基线 · 不参与实体赏罚,14194729,1420,A168_HF9F_20260827_0900,2026-08-27 09:00:00
2026-04-17,110249610,550,0,35.5625241440,4.9821619288,4.9821619288,0.6666667,3,3,0.50665070000000000,0.506650700000,0.5543606114942035,0.5543606114942035,0.5543606114942035,0E-17,ELIGIBLE,R03b_20260811_FULL_v1,L1_ELIGIBILITY,v2026-08-11,2026-03-21..2026-08-06,baccarat_bet02_101_all_pairs_incl_sentinel,round_win = game_pnl > 0 (decisive only),COMPATIBILITY_ONLY_NOT_PRODUCTION,296357.1217,267511.9505,6650.6079,18220,18206,-0.02244119,-0.04150452,-0.02020951,-0.02244119,-6650.6079,296357.1217,OK,0.0000,266.0243,4.0000,96.0000,AG03-UNRESOLVED,ALL5_LEVELS_bet23_to_bet27,266.0243,266.0243,266.0243,332.5304,332.5304,4.000000,4.000000,4.000000,5.000000,5.000000,96.000000,96.000000,96.000000,95.000000,95.000000,5.0,1463.1337,1340.2688,5187.4742,5310.3391,PENDING_AG03,FALSE,NOT_FOR_ENFORCEMENT,6384.5836,256811.4724,6650.6079,6384.5836,266.0243,0.02244119,0.02154355,266.0243,6384.5836,0.02154355,266.0243,266.0243,266.0243,332.5304,332.5304,6384.5836,0.02154355,1463.1337,1340.2688,5187.4742,5310.3391,0.01750413,0.01791872,0.00089765,16.2655,14.6936,0.3653,59.3804,1.1678,2646.0457,162.5536,12.4780,16.8648,9.0895,16.5695,22.0926,29.825,33.4482,44.5976,11.8163,0.0,2.018664,2.691552,0.981654,30,240,141,4,0.10479828,0.02244119,0.04150452,0E-8,0.000000,0.902668,0.011910,-0.02129501,2026-03-22,2026-08-05,112,5695,2177,137,0.817518,0.739886,0.767145,0.349328,,,,,,,,GLOBAL_BASELINE_NO_ENTITY_RANKING,,,NOT_APPLICABLE_GLOBAL_BASELINE,HF9g-P5,,,,X 全窗基线 · 不参与实体赏罚,14194730,1420,A168_HF9F_20260827_0900,2026-08-27 09:00:00
2026-04-17,110249610,772,0,88.3950280636,-5.2264412480,-5.2264412480,0.5000000,4,4,0.49324550000000000,0.493245500000,0.027020465636507562,0.027020465636507562,0.027020465636507562,0E-17,ELIGIBLE,R03b_20260811_FULL_v1,L1_ELIGIBILITY,v2026-08-11,2026-03-21..2026-08-06,baccarat_bet02_101_all_pairs_incl_sentinel,round_win = game_pnl > 0 (decisive only),COMPATIBILITY_ONLY_NOT_PRODUCTION,296357.1217,267511.9505,6650.6079,18220,18206,-0.02244119,-0.04150452,-0.02020951,-0.02244119,-6650.6079,296357.1217,OK,0.0000,266.0243,4.0000,96.0000,AG03-UNRESOLVED,ALL5_LEVELS_bet23_to_bet27,266.0243,266.0243,266.0243,332.5304,332.5304,4.000000,4.000000,4.000000,5.000000,5.000000,96.000000,96.000000,96.000000,95.000000,95.000000,5.0,1463.1337,1340.2688,5187.4742,5310.3391,PENDING_AG03,FALSE,NOT_FOR_ENFORCEMENT,6384.5836,256811.4724,6650.6079,6384.5836,266.0243,0.02244119,0.02154355,266.0243,6384.5836,0.02154355,266.0243,266.0243,266.0243,332.5304,332.5304,6384.5836,0.02154355,1463.1337,1340.2688,5187.4742,5310.3391,0.01750413,0.01791872,0.00089765,16.2655,14.6936,0.3653,59.3804,1.1678,2646.0457,162.5536,12.4780,16.8648,9.0895,16.5695,22.0926,29.825,33.4482,44.5976,11.8163,0.0,2.018664,2.691552,0.981654,30,240,141,4,0.10479828,0.02244119,0.04150452,0E-8,0.000000,0.902668,0.011910,-0.02129501,2026-03-22,2026-08-05,112,5695,2177,137,0.817518,0.739886,0.767145,0.349328,,,,,,,,GLOBAL_BASELINE_NO_ENTITY_RANKING,,,NOT_APPLICABLE_GLOBAL_BASELINE,HF9g-P5,,,,X 全窗基线 · 不参与实体赏罚,14194731,1420,A168_HF9F_20260827_0900,2026-08-27 09:00:00
2026-04-17,110249610,919,0,5.1128229600,-5.1128229600,-5.1128229600,0E-7,1,1,0.49324550000000000,0.493245500000,-0.9865810262130424,-0.9865810262130424,-0.9865810262130424,0E-17,ELIGIBLE,R03b_20260811_FULL_v1,L1_ELIGIBILITY,v2026-08-11,2026-03-21..2026-08-06,baccarat_bet02_101_all_pairs_incl_sentinel,round_win = game_pnl > 0 (decisive only),COMPATIBILITY_ONLY_NOT_PRODUCTION,296357.1217,267511.9505,6650.6079,18220,18206,-0.02244119,-0.04150452,-0.02020951,-0.02244119,-6650.6079,296357.1217,OK,0.0000,266.0243,4.0000,96.0000,AG03-UNRESOLVED,ALL5_LEVELS_bet23_to_bet27,266.0243,266.0243,266.0243,332.5304,332.5304,4.000000,4.000000,4.000000,5.000000,5.000000,96.000000,96.000000,96.000000,95.000000,95.000000,5.0,1463.1337,1340.2688,5187.4742,5310.3391,PENDING_AG03,FALSE,NOT_FOR_ENFORCEMENT,6384.5836,256811.4724,6650.6079,6384.5836,266.0243,0.02244119,0.02154355,266.0243,6384.5836,0.02154355,266.0243,266.0243,266.0243,332.5304,332.5304,6384.5836,0.02154355,1463.1337,1340.2688,5187.4742,5310.3391,0.01750413,0.01791872,0.00089765,16.2655,14.6936,0.3653,59.3804,1.1678,2646.0457,162.5536,12.4780,16.8648,9.0895,16.5695,22.0926,29.825,33.4482,44.5976,11.8163,0.0,2.018664,2.691552,0.981654,30,240,141,4,0.10479828,0.02244119,0.04150452,0E-8,0.000000,0.902668,0.011910,-0.02129501,2026-03-22,2026-08-05,112,5695,2177,137,0.817518,0.739886,0.767145,0.349328,,,,,,,,GLOBAL_BASELINE_NO_ENTITY_RANKING,,,NOT_APPLICABLE_GLOBAL_BASELINE,HF9g-P5,,,,X 全窗基线 · 不参与实体赏罚,14194732,1420,A168_HF9F_20260827_0900,2026-08-27 09:00:00
2026-04-17,110249610,948,0,6.5898607040,0E-10,0E-10,,1,1,0.49324550000000000,0.493245500000,,,,0E-17,NO_DECISIVE_ROUND,R03b_20260811_FULL_v1,L1_ELIGIBILITY,v2026-08-11,2026-03-21..2026-08-06,baccarat_bet02_101_all_pairs_incl_sentinel,round_win = game_pnl > 0 (decisive only),COMPATIBILITY_ONLY_NOT_PRODUCTION,296357.1217,267511.9505,6650.6079,18220,18206,-0.02244119,-0.04150452,-0.02020951,-0.02244119,-6650.6079,296357.1217,OK,0.0000,266.0243,4.0000,96.0000,AG03-UNRESOLVED,ALL5_LEVELS_bet23_to_bet27,266.0243,266.0243,266.0243,332.5304,332.5304,4.000000,4.000000,4.000000,5.000000,5.000000,96.000000,96.000000,96.000000,95.000000,95.000000,5.0,1463.1337,1340.2688,5187.4742,5310.3391,PENDING_AG03,FALSE,NOT_FOR_ENFORCEMENT,6384.5836,256811.4724,6650.6079,6384.5836,266.0243,0.02244119,0.02154355,266.0243,6384.5836,0.02154355,266.0243,266.0243,266.0243,332.5304,332.5304,6384.5836,0.02154355,1463.1337,1340.2688,5187.4742,5310.3391,0.01750413,0.01791872,0.00089765,16.2655,14.6936,0.3653,59.3804,1.1678,2646.0457,162.5536,12.4780,16.8648,9.0895,16.5695,22.0926,29.825,33.4482,44.5976,11.8163,0.0,2.018664,2.691552,0.981654,30,240,141,4,0.10479828,0.02244119,0.04150452,0E-8,0.000000,0.902668,0.011910,-0.02129501,2026-03-22,2026-08-05,112,5695,2177,137,0.817518,0.739886,0.767145,0.349328,,,,,,,,GLOBAL_BASELINE_NO_ENTITY_RANKING,,,NOT_APPLICABLE_GLOBAL_BASELINE,HF9g-P5,,,,X 全窗基线 · 不参与实体赏罚,14194733,1420,A168_HF9F_20260827_0900,2026-08-27 09:00:00
2026-04-18,110249610,-1,1,197.4685845433,11.8731110958,11.8731110958,0.4545455,12,12,0.49659680000000000,0.496596800000,-0.2789435309992958,-0.2789435309992958,-0.2789435309992958,0E-17,SENTINEL_DEALER,R03b_20260811_FULL_v1,L1_ELIGIBILITY,v2026-08-11,2026-03-21..2026-08-06,baccarat_bet02_101_all_pairs_incl_sentinel,round_win = game_pnl > 0 (decisive only),COMPATIBILITY_ONLY_NOT_PRODUCTION,296357.1217,267511.9505,6650.6079,18220,18206,-0.02244119,-0.04150452,-0.02020951,-0.02244119,-6650.6079,296357.1217,OK,0.0000,266.0243,4.0000,96.0000,AG03-UNRESOLVED,ALL5_LEVELS_bet23_to_bet27,266.0243,266.0243,266.0243,332.5304,332.5304,4.000000,4.000000,4.000000,5.000000,5.000000,96.000000,96.000000,96.000000,95.000000,95.000000,5.0,1463.1337,1340.2688,5187.4742,5310.3391,PENDING_AG03,FALSE,NOT_FOR_ENFORCEMENT,6384.5836,256811.4724,6650.6079,6384.5836,266.0243,0.02244119,0.02154355,266.0243,6384.5836,0.02154355,266.0243,266.0243,266.0243,332.5304,332.5304,6384.5836,0.02154355,1463.1337,1340.2688,5187.4742,5310.3391,0.01750413,0.01791872,0.00089765,16.2655,14.6936,0.3653,59.3804,1.1678,2646.0457,162.5536,12.4780,16.8648,9.0895,16.5695,22.0926,29.825,33.4482,44.5976,11.8163,0.0,2.018664,2.691552,0.981654,30,240,141,4,0.10479828,0.02244119,0.04150452,0E-8,0.000000,0.902668,0.011910,-0.02129501,2026-03-22,2026-08-05,112,5695,2177,137,0.817518,0.739886,0.767145,0.349328,,,,,,,,GLOBAL_BASELINE_NO_ENTITY_RANKING,,,NOT_APPLICABLE_GLOBAL_BASELINE,HF9g-P5,,,,X 全窗基线 · 不参与实体赏罚,14194734,1420,A168_HF9F_20260827_0900,2026-08-27 09:00:00
2026-04-18,110249610,1017,0,17.0427431999,-17.0427431999,-17.0427431999,0E-7,1,1,0.49324550000000000,0.493245500000,-0.9865810262130424,-0.9865810262130424,-0.9865810262130424,0E-17,ELIGIBLE,R03b_20260811_FULL_v1,L1_ELIGIBILITY,v2026-08-11,2026-03-21..2026-08-06,baccarat_bet02_101_all_pairs_incl_sentinel,round_win = game_pnl > 0 (decisive only),COMPATIBILITY_ONLY_NOT_PRODUCTION,296357.1217,267511.9505,6650.6079,18220,18206,-0.02244119,-0.04150452,-0.02020951,-0.02244119,-6650.6079,296357.1217,OK,0.0000,266.0243,4.0000,96.0000,AG03-UNRESOLVED,ALL5_LEVELS_bet23_to_bet27,266.0243,266.0243,266.0243,332.5304,332.5304,4.000000,4.000000,4.000000,5.000000,5.000000,96.000000,96.000000,96.000000,95.000000,95.000000,5.0,1463.1337,1340.2688,5187.4742,5310.3391,PENDING_AG03,FALSE,NOT_FOR_ENFORCEMENT,6384.5836,256811.4724,6650.6079,6384.5836,266.0243,0.02244119,0.02154355,266.0243,6384.5836,0.02154355,266.0243,266.0243,266.0243,332.5304,332.5304,6384.5836,0.02154355,1463.1337,1340.2688,5187.4742,5310.3391,0.01750413,0.01791872,0.00089765,16.2655,14.6936,0.3653,59.3804,1.1678,2646.0457,162.5536,12.4780,16.8648,9.0895,16.5695,22.0926,29.825,33.4482,44.5976,11.8163,0.0,2.018664,2.691552,0.981654,30,240,141,4,0.10479828,0.02244119,0.04150452,0E-8,0.000000,0.902668,0.011910,-0.02129501,2026-03-22,2026-08-05,112,5695,2177,137,0.817518,0.739886,0.767145,0.349328,,,,,,,,GLOBAL_BASELINE_NO_ENTITY_RANKING,,,NOT_APPLICABLE_GLOBAL_BASELINE,HF9g-P5,,,,X 全窗基线 · 不参与实体赏罚,14194735,1420,A168_HF9F_20260827_0900,2026-08-27 09:00:00
2026-04-18,110249610,1078,0,10.9073556480,-3.6357852160,-3.6357852160,0.5000000,2,2,0.49324550000000000,0.493245500000,0.01910635448239258,0.01910635448239258,0.01910635448239258,0E-17,ELIGIBLE,R03b_20260811_FULL_v1,L1_ELIGIBILITY,v2026-08-11,2026-03-21..2026-08-06,baccarat_bet02_101_all_pairs_incl_sentinel,round_win = game_pnl > 0 (decisive only),COMPATIBILITY_ONLY_NOT_PRODUCTION,296357.1217,267511.9505,6650.6079,18220,18206,-0.02244119,-0.04150452,-0.02020951,-0.02244119,-6650.6079,296357.1217,OK,0.0000,266.0243,4.0000,96.0000,AG03-UNRESOLVED,ALL5_LEVELS_bet23_to_bet27,266.0243,266.0243,266.0243,332.5304,332.5304,4.000000,4.000000,4.000000,5.000000,5.000000,96.000000,96.000000,96.000000,95.000000,95.000000,5.0,1463.1337,1340.2688,5187.4742,5310.3391,PENDING_AG03,FALSE,NOT_FOR_ENFORCEMENT,6384.5836,256811.4724,6650.6079,6384.5836,266.0243,0.02244119,0.02154355,266.0243,6384.5836,0.02154355,266.0243,266.0243,266.0243,332.5304,332.5304,6384.5836,0.02154355,1463.1337,1340.2688,5187.4742,5310.3391,0.01750413,0.01791872,0.00089765,16.2655,14.6936,0.3653,59.3804,1.1678,2646.0457,162.5536,12.4780,16.8648,9.0895,16.5695,22.0926,29.825,33.4482,44.5976,11.8163,0.0,2.018664,2.691552,0.981654,30,240,141,4,0.10479828,0.02244119,0.04150452,0E-8,0.000000,0.902668,0.011910,-0.02129501,2026-03-22,2026-08-05,112,5695,2177,137,0.817518,0.739886,0.767145,0.349328,,,,,,,,GLOBAL_BASELINE_NO_ENTITY_RANKING,,,NOT_APPLICABLE_GLOBAL_BASELINE,HF9g-P5,,,,X 全窗基线 · 不参与实体赏罚,14194736,1420,A168_HF9F_20260827_0900,2026-08-27 09:00:00
2026-04-18,110249610,1115,0,11.3618288000,-11.3618288000,-11.3618288000,0E-7,1,1,0.49324550000000000,0.493245500000,-0.9865810262130424,-0.9865810262130424,-0.9865810262130424,0E-17,ELIGIBLE,R03b_20260811_FULL_v1,L1_ELIGIBILITY,v2026-08-11,2026-03-21..2026-08-06,baccarat_bet02_101_all_pairs_incl_sentinel,round_win = game_pnl > 0 (decisive only),COMPATIBILITY_ONLY_NOT_PRODUCTION,296357.1217,267511.9505,6650.6079,18220,18206,-0.02244119,-0.04150452,-0.02020951,-0.02244119,-6650.6079,296357.1217,OK,0.0000,266.0243,4.0000,96.0000,AG03-UNRESOLVED,ALL5_LEVELS_bet23_to_bet27,266.0243,266.0243,266.0243,332.5304,332.5304,4.000000,4.000000,4.000000,5.000000,5.000000,96.000000,96.000000,96.000000,95.000000,95.000000,5.0,1463.1337,1340.2688,5187.4742,5310.3391,PENDING_AG03,FALSE,NOT_FOR_ENFORCEMENT,6384.5836,256811.4724,6650.6079,6384.5836,266.0243,0.02244119,0.02154355,266.0243,6384.5836,0.02154355,266.0243,266.0243,266.0243,332.5304,332.5304,6384.5836,0.02154355,1463.1337,1340.2688,5187.4742,5310.3391,0.01750413,0.01791872,0.00089765,16.2655,14.6936,0.3653,59.3804,1.1678,2646.0457,162.5536,12.4780,16.8648,9.0895,16.5695,22.0926,29.825,33.4482,44.5976,11.8163,0.0,2.018664,2.691552,0.981654,30,240,141,4,0.10479828,0.02244119,0.04150452,0E-8,0.000000,0.902668,0.011910,-0.02129501,2026-03-22,2026-08-05,112,5695,2177,137,0.817518,0.739886,0.767145,0.349328,,,,,,,,GLOBAL_BASELINE_NO_ENTITY_RANKING,,,NOT_APPLICABLE_GLOBAL_BASELINE,HF9g-P5,,,,X 全窗基线 · 不参与实体赏罚,14194737,1420,A168_HF9F_20260827_0900,2026-08-27 09:00:00
2026-04-18,110249610,1267,0,17.0427431999,-17.0427431999,-17.0427431999,0E-7,1,1,0.49324550000000000,0.493245500000,-0.9865810262130424,-0.9865810262130424,-0.9865810262130424,0E-17,ELIGIBLE,R03b_20260811_FULL_v1,L1_ELIGIBILITY,v2026-08-11,2026-03-21..2026-08-06,baccarat_bet02_101_all_pairs_incl_sentinel,round_win = game_pnl > 0 (decisive only),COMPATIBILITY_ONLY_NOT_PRODUCTION,296357.1217,267511.9505,6650.6079,18220,18206,-0.02244119,-0.04150452,-0.02020951,-0.02244119,-6650.6079,296357.1217,OK,0.0000,266.0243,4.0000,96.0000,AG03-UNRESOLVED,ALL5_LEVELS_bet23_to_bet27,266.0243,266.0243,266.0243,332.5304,332.5304,4.000000,4.000000,4.000000,5.000000,5.000000,96.000000,96.000000,96.000000,95.000000,95.000000,5.0,1463.1337,1340.2688,5187.4742,5310.3391,PENDING_AG03,FALSE,NOT_FOR_ENFORCEMENT,6384.5836,256811.4724,6650.6079,6384.5836,266.0243,0.02244119,0.02154355,266.0243,6384.5836,0.02154355,266.0243,266.0243,266.0243,332.5304,332.5304,6384.5836,0.02154355,1463.1337,1340.2688,5187.4742,5310.3391,0.01750413,0.01791872,0.00089765,16.2655,14.6936,0.3653,59.3804,1.1678,2646.0457,162.5536,12.4780,16.8648,9.0895,16.5695,22.0926,29.825,33.4482,44.5976,11.8163,0.0,2.018664,2.691552,0.981654,30,240,141,4,0.10479828,0.02244119,0.04150452,0E-8,0.000000,0.902668,0.011910,-0.02129501,2026-03-22,2026-08-05,112,5695,2177,137,0.817518,0.739886,0.767145,0.349328,,,,,,,,GLOBAL_BASELINE_NO_ENTITY_RANKING,,,NOT_APPLICABLE_GLOBAL_BASELINE,HF9g-P5,,,,X 全窗基线 · 不参与实体赏罚,14194738,1420,A168_HF9F_20260827_0900,2026-08-27 09:00:00
2026-04-18,110249610,1306,0,11.3618288000,-11.3618288000,-11.3618288000,0E-7,1,1,0.50665070000000000,0.506650700000,-1.013391052207602,-1.013391052207602,-1.013391052207602,0E-17,ELIGIBLE,R03b_20260811_FULL_v1,L1_ELIGIBILITY,v2026-08-11,2026-03-21..2026-08-06,baccarat_bet02_101_all_pairs_incl_sentinel,round_win = game_pnl > 0 (decisive only),COMPATIBILITY_ONLY_NOT_PRODUCTION,296357.1217,267511.9505,6650.6079,18220,18206,-0.02244119,-0.04150452,-0.02020951,-0.02244119,-6650.6079,296357.1217,OK,0.0000,266.0243,4.0000,96.0000,AG03-UNRESOLVED,ALL5_LEVELS_bet23_to_bet27,266.0243,266.0243,266.0243,332.5304,332.5304,4.000000,4.000000,4.000000,5.000000,5.000000,96.000000,96.000000,96.000000,95.000000,95.000000,5.0,1463.1337,1340.2688,5187.4742,5310.3391,PENDING_AG03,FALSE,NOT_FOR_ENFORCEMENT,6384.5836,256811.4724,6650.6079,6384.5836,266.0243,0.02244119,0.02154355,266.0243,6384.5836,0.02154355,266.0243,266.0243,266.0243,332.5304,332.5304,6384.5836,0.02154355,1463.1337,1340.2688,5187.4742,5310.3391,0.01750413,0.01791872,0.00089765,16.2655,14.6936,0.3653,59.3804,1.1678,2646.0457,162.5536,12.4780,16.8648,9.0895,16.5695,22.0926,29.825,33.4482,44.5976,11.8163,0.0,2.018664,2.691552,0.981654,30,240,141,4,0.10479828,0.02244119,0.04150452,0E-8,0.000000,0.902668,0.011910,-0.02129501,2026-03-22,2026-08-05,112,5695,2177,137,0.817518,0.739886,0.767145,0.349328,,,,,,,,GLOBAL_BASELINE_NO_ENTITY_RANKING,,,NOT_APPLICABLE_GLOBAL_BASELINE,HF9g-P5,,,,X 全窗基线 · 不参与实体赏罚,14194739,1420,A168_HF9F_20260827_0900,2026-08-27 09:00:00
2026-04-18,110249610,1307,0,22.7236576000,0E-10,0E-10,0.5000000,2,2,0.49324550000000000,0.493245500000,0.01910635448239258,0.01910635448239258,0.01910635448239258,0E-17,ELIGIBLE,R03b_20260811_FULL_v1,L1_ELIGIBILITY,v2026-08-11,2026-03-21..2026-08-06,baccarat_bet02_101_all_pairs_incl_sentinel,round_win = game_pnl > 0 (decisive only),COMPATIBILITY_ONLY_NOT_PRODUCTION,296357.1217,267511.9505,6650.6079,18220,18206,-0.02244119,-0.04150452,-0.02020951,-0.02244119,-6650.6079,296357.1217,OK,0.0000,266.0243,4.0000,96.0000,AG03-UNRESOLVED,ALL5_LEVELS_bet23_to_bet27,266.0243,266.0243,266.0243,332.5304,332.5304,4.000000,4.000000,4.000000,5.000000,5.000000,96.000000,96.000000,96.000000,95.000000,95.000000,5.0,1463.1337,1340.2688,5187.4742,5310.3391,PENDING_AG03,FALSE,NOT_FOR_ENFORCEMENT,6384.5836,256811.4724,6650.6079,6384.5836,266.0243,0.02244119,0.02154355,266.0243,6384.5836,0.02154355,266.0243,266.0243,266.0243,332.5304,332.5304,6384.5836,0.02154355,1463.1337,1340.2688,5187.4742,5310.3391,0.01750413,0.01791872,0.00089765,16.2655,14.6936,0.3653,59.3804,1.1678,2646.0457,162.5536,12.4780,16.8648,9.0895,16.5695,22.0926,29.825,33.4482,44.5976,11.8163,0.0,2.018664,2.691552,0.981654,30,240,141,4,0.10479828,0.02244119,0.04150452,0E-8,0.000000,0.902668,0.011910,-0.02129501,2026-03-22,2026-08-05,112,5695,2177,137,0.817518,0.739886,0.767145,0.349328,,,,,,,,GLOBAL_BASELINE_NO_ENTITY_RANKING,,,NOT_APPLICABLE_GLOBAL_BASELINE,HF9g-P5,,,,X 全窗基线 · 不参与实体赏罚,14194740,1420,A168_HF9F_20260827_0900,2026-08-27 09:00:00
2026-04-18,110249610,2134,0,12.1571568160,-12.1571568160,-12.1571568160,0E-7,1,1,0.50665070000000000,0.506650700000,-1.013391052207602,-1.013391052207602,-1.013391052207602,0E-17,ELIGIBLE,R03b_20260811_FULL_v1,L1_ELIGIBILITY,v2026-08-11,2026-03-21..2026-08-06,baccarat_bet02_101_all_pairs_incl_sentinel,round_win = game_pnl > 0 (decisive only),COMPATIBILITY_ONLY_NOT_PRODUCTION,296357.1217,267511.9505,6650.6079,18220,18206,-0.02244119,-0.04150452,-0.02020951,-0.02244119,-6650.6079,296357.1217,OK,0.0000,266.0243,4.0000,96.0000,AG03-UNRESOLVED,ALL5_LEVELS_bet23_to_bet27,266.0243,266.0243,266.0243,332.5304,332.5304,4.000000,4.000000,4.000000,5.000000,5.000000,96.000000,96.000000,96.000000,95.000000,95.000000,5.0,1463.1337,1340.2688,5187.4742,5310.3391,PENDING_AG03,FALSE,NOT_FOR_ENFORCEMENT,6384.5836,256811.4724,6650.6079,6384.5836,266.0243,0.02244119,0.02154355,266.0243,6384.5836,0.02154355,266.0243,266.0243,266.0243,332.5304,332.5304,6384.5836,0.02154355,1463.1337,1340.2688,5187.4742,5310.3391,0.01750413,0.01791872,0.00089765,16.2655,14.6936,0.3653,59.3804,1.1678,2646.0457,162.5536,12.4780,16.8648,9.0895,16.5695,22.0926,29.825,33.4482,44.5976,11.8163,0.0,2.018664,2.691552,0.981654,30,240,141,4,0.10479828,0.02244119,0.04150452,0E-8,0.000000,0.902668,0.011910,-0.02129501,2026-03-22,2026-08-05,112,5695,2177,137,0.817518,0.739886,0.767145,0.349328,,,,,,,,GLOBAL_BASELINE_NO_ENTITY_RANKING,,,NOT_APPLICABLE_GLOBAL_BASELINE,HF9g-P5,,,,X 全窗基线 · 不参与实体赏罚,14194741,1420,A168_HF9F_20260827_0900,2026-08-27 09:00:00
2026-04-18,110249610,2145,0,11.3618288000,-11.3618288000,-11.3618288000,0E-7,1,1,0.49324550000000000,0.493245500000,-0.9865810262130424,-0.9865810262130424,-0.9865810262130424,0E-17,ELIGIBLE,R03b_20260811_FULL_v1,L1_ELIGIBILITY,v2026-08-11,2026-03-21..2026-08-06,baccarat_bet02_101_all_pairs_incl_sentinel,round_win = game_pnl > 0 (decisive only),COMPATIBILITY_ONLY_NOT_PRODUCTION,296357.1217,267511.9505,6650.6079,18220,18206,-0.02244119,-0.04150452,-0.02020951,-0.02244119,-6650.6079,296357.1217,OK,0.0000,266.0243,4.0000,96.0000,AG03-UNRESOLVED,ALL5_LEVELS_bet23_to_bet27,266.0243,266.0243,266.0243,332.5304,332.5304,4.000000,4.000000,4.000000,5.000000,5.000000,96.000000,96.000000,96.000000,95.000000,95.000000,5.0,1463.1337,1340.2688,5187.4742,5310.3391,PENDING_AG03,FALSE,NOT_FOR_ENFORCEMENT,6384.5836,256811.4724,6650.6079,6384.5836,266.0243,0.02244119,0.02154355,266.0243,6384.5836,0.02154355,266.0243,266.0243,266.0243,332.5304,332.5304,6384.5836,0.02154355,1463.1337,1340.2688,5187.4742,5310.3391,0.01750413,0.01791872,0.00089765,16.2655,14.6936,0.3653,59.3804,1.1678,2646.0457,162.5536,12.4780,16.8648,9.0895,16.5695,22.0926,29.825,33.4482,44.5976,11.8163,0.0,2.018664,2.691552,0.981654,30,240,141,4,0.10479828,0.02244119,0.04150452,0E-8,0.000000,0.902668,0.011910,-0.02129501,2026-03-22,2026-08-05,112,5695,2177,137,0.817518,0.739886,0.767145,0.349328,,,,,,,,GLOBAL_BASELINE_NO_ENTITY_RANKING,,,NOT_APPLICABLE_GLOBAL_BASELINE,HF9g-P5,,,,X 全窗基线 · 不参与实体赏罚,14194742,1420,A168_HF9F_20260827_0900,2026-08-27 09:00:00
2026-04-18,110249610,2223,0,18.1789260799,-18.1789260799,-18.1789260799,0E-7,1,1,0.49324550000000000,0.493245500000,-0.9865810262130424,-0.9865810262130424,-0.9865810262130424,0E-17,ELIGIBLE,R03b_20260811_FULL_v1,L1_ELIGIBILITY,v2026-08-11,2026-03-21..2026-08-06,baccarat_bet02_101_all_pairs_incl_sentinel,round_win = game_pnl > 0 (decisive only),COMPATIBILITY_ONLY_NOT_PRODUCTION,296357.1217,267511.9505,6650.6079,18220,18206,-0.02244119,-0.04150452,-0.02020951,-0.02244119,-6650.6079,296357.1217,OK,0.0000,266.0243,4.0000,96.0000,AG03-UNRESOLVED,ALL5_LEVELS_bet23_to_bet27,266.0243,266.0243,266.0243,332.5304,332.5304,4.000000,4.000000,4.000000,5.000000,5.000000,96.000000,96.000000,96.000000,95.000000,95.000000,5.0,1463.1337,1340.2688,5187.4742,5310.3391,PENDING_AG03,FALSE,NOT_FOR_ENFORCEMENT,6384.5836,256811.4724,6650.6079,6384.5836,266.0243,0.02244119,0.02154355,266.0243,6384.5836,0.02154355,266.0243,266.0243,266.0243,332.5304,332.5304,6384.5836,0.02154355,1463.1337,1340.2688,5187.4742,5310.3391,0.01750413,0.01791872,0.00089765,16.2655,14.6936,0.3653,59.3804,1.1678,2646.0457,162.5536,12.4780,16.8648,9.0895,16.5695,22.0926,29.825,33.4482,44.5976,11.8163,0.0,2.018664,2.691552,0.981654,30,240,141,4,0.10479828,0.02244119,0.04150452,0E-8,0.000000,0.902668,0.011910,-0.02129501,2026-03-22,2026-08-05,112,5695,2177,137,0.817518,0.739886,0.767145,0.349328,,,,,,,,GLOBAL_BASELINE_NO_ENTITY_RANKING,,,NOT_APPLICABLE_GLOBAL_BASELINE,HF9g-P5,,,,X 全窗基线 · 不参与实体赏罚,14194743,1420,A168_HF9F_20260827_0900,2026-08-27 09:00:00
2026-04-18,110249610,2234,0,11.7026836640,-11.7026836640,-11.7026836640,0E-7,1,1,0.49324550000000000,0.493245500000,-0.9865810262130424,-0.9865810262130424,-0.9865810262130424,0E-17,ELIGIBLE,R03b_20260811_FULL_v1,L1_ELIGIBILITY,v2026-08-11,2026-03-21..2026-08-06,baccarat_bet02_101_all_pairs_incl_sentinel,round_win = game_pnl > 0 (decisive only),COMPATIBILITY_ONLY_NOT_PRODUCTION,296357.1217,267511.9505,6650.6079,18220,18206,-0.02244119,-0.04150452,-0.02020951,-0.02244119,-6650.6079,296357.1217,OK,0.0000,266.0243,4.0000,96.0000,AG03-UNRESOLVED,ALL5_LEVELS_bet23_to_bet27,266.0243,266.0243,266.0243,332.5304,332.5304,4.000000,4.000000,4.000000,5.000000,5.000000,96.000000,96.000000,96.000000,95.000000,95.000000,5.0,1463.1337,1340.2688,5187.4742,5310.3391,PENDING_AG03,FALSE,NOT_FOR_ENFORCEMENT,6384.5836,256811.4724,6650.6079,6384.5836,266.0243,0.02244119,0.02154355,266.0243,6384.5836,0.02154355,266.0243,266.0243,266.0243,332.5304,332.5304,6384.5836,0.02154355,1463.1337,1340.2688,5187.4742,5310.3391,0.01750413,0.01791872,0.00089765,16.2655,14.6936,0.3653,59.3804,1.1678,2646.0457,162.5536,12.4780,16.8648,9.0895,16.5695,22.0926,29.825,33.4482,44.5976,11.8163,0.0,2.018664,2.691552,0.981654,30,240,141,4,0.10479828,0.02244119,0.04150452,0E-8,0.000000,0.902668,0.011910,-0.02129501,2026-03-22,2026-08-05,112,5695,2177,137,0.817518,0.739886,0.767145,0.349328,,,,,,,,GLOBAL_BASELINE_NO_ENTITY_RANKING,,,NOT_APPLICABLE_GLOBAL_BASELINE,HF9g-P5,,,,X 全窗基线 · 不参与实体赏罚,14194744,1420,A168_HF9F_20260827_0900,2026-08-27 09:00:00
2026-04-18,110249610,2256,0,10.2256459200,-10.2256459200,-10.2256459200,0E-7,1,1,0.49324550000000000,0.493245500000,-0.9865810262130424,-0.9865810262130424,-0.9865810262130424,0E-17,ELIGIBLE,R03b_20260811_FULL_v1,L1_ELIGIBILITY,v2026-08-11,2026-03-21..2026-08-06,baccarat_bet02_101_all_pairs_incl_sentinel,round_win = game_pnl > 0 (decisive only),COMPATIBILITY_ONLY_NOT_PRODUCTION,296357.1217,267511.9505,6650.6079,18220,18206,-0.02244119,-0.04150452,-0.02020951,-0.02244119,-6650.6079,296357.1217,OK,0.0000,266.0243,4.0000,96.0000,AG03-UNRESOLVED,ALL5_LEVELS_bet23_to_bet27,266.0243,266.0243,266.0243,332.5304,332.5304,4.000000,4.000000,4.000000,5.000000,5.000000,96.000000,96.000000,96.000000,95.000000,95.000000,5.0,1463.1337,1340.2688,5187.4742,5310.3391,PENDING_AG03,FALSE,NOT_FOR_ENFORCEMENT,6384.5836,256811.4724,6650.6079,6384.5836,266.0243,0.02244119,0.02154355,266.0243,6384.5836,0.02154355,266.0243,266.0243,266.0243,332.5304,332.5304,6384.5836,0.02154355,1463.1337,1340.2688,5187.4742,5310.3391,0.01750413,0.01791872,0.00089765,16.2655,14.6936,0.3653,59.3804,1.1678,2646.0457,162.5536,12.4780,16.8648,9.0895,16.5695,22.0926,29.825,33.4482,44.5976,11.8163,0.0,2.018664,2.691552,0.981654,30,240,141,4,0.10479828,0.02244119,0.04150452,0E-8,0.000000,0.902668,0.011910,-0.02129501,2026-03-22,2026-08-05,112,5695,2177,137,0.817518,0.739886,0.767145,0.349328,,,,,,,,GLOBAL_BASELINE_NO_ENTITY_RANKING,,,NOT_APPLICABLE_GLOBAL_BASELINE,HF9g-P5,,,,X 全窗基线 · 不参与实体赏罚,14194745,1420,A168_HF9F_20260827_0900,2026-08-27 09:00:00
2026-04-18,110249610,994,0,31.8131206399,-3.0108846319,-3.0108846319,0.5000000,2,2,0.50665070000000000,0.506650700000,-0.018812684590367487,-0.018812684590367487,-0.018812684590367487,0E-17,ELIGIBLE,R03b_20260811_FULL_v1,L1_ELIGIBILITY,v2026-08-11,2026-03-21..2026-08-06,baccarat_bet02_101_all_pairs_incl_sentinel,round_win = game_pnl > 0 (decisive only),COMPATIBILITY_ONLY_NOT_PRODUCTION,296357.1217,267511.9505,6650.6079,18220,18206,-0.02244119,-0.04150452,-0.02020951,-0.02244119,-6650.6079,296357.1217,OK,0.0000,266.0243,4.0000,96.0000,AG03-UNRESOLVED,ALL5_LEVELS_bet23_to_bet27,266.0243,266.0243,266.0243,332.5304,332.5304,4.000000,4.000000,4.000000,5.000000,5.000000,96.000000,96.000000,96.000000,95.000000,95.000000,5.0,1463.1337,1340.2688,5187.4742,5310.3391,PENDING_AG03,FALSE,NOT_FOR_ENFORCEMENT,6384.5836,256811.4724,6650.6079,6384.5836,266.0243,0.02244119,0.02154355,266.0243,6384.5836,0.02154355,266.0243,266.0243,266.0243,332.5304,332.5304,6384.5836,0.02154355,1463.1337,1340.2688,5187.4742,5310.3391,0.01750413,0.01791872,0.00089765,16.2655,14.6936,0.3653,59.3804,1.1678,2646.0457,162.5536,12.4780,16.8648,9.0895,16.5695,22.0926,29.825,33.4482,44.5976,11.8163,0.0,2.018664,2.691552,0.981654,30,240,141,4,0.10479828,0.02244119,0.04150452,0E-8,0.000000,0.902668,0.011910,-0.02129501,2026-03-22,2026-08-05,112,5695,2177,137,0.817518,0.739886,0.767145,0.349328,,,,,,,,GLOBAL_BASELINE_NO_ENTITY_RANKING,,,NOT_APPLICABLE_GLOBAL_BASELINE,HF9g-P5,,,,X 全窗基线 · 不参与实体赏罚,14194746,1420,A168_HF9F_20260827_0900,2026-08-27 09:00:00
2026-04-19,110249610,-1,1,4130.7064785131,58.7236121521,58.7236121521,0.5161290,172,172,0.50142890697674419,0.501428906977,0.36603166237234314,0.366031662365974,0.36603166237234314,-2.5581E-13,SENTINEL_DEALER,R03b_20260811_FULL_v1,L1_ELIGIBILITY,v2026-08-11,2026-03-21..2026-08-06,baccarat_bet02_101_all_pairs_incl_sentinel,round_win = game_pnl > 0 (decisive only),COMPATIBILITY_ONLY_NOT_PRODUCTION,296357.1217,267511.9505,6650.6079,18220,18206,-0.02244119,-0.04150452,-0.02020951,-0.02244119,-6650.6079,296357.1217,OK,0.0000,266.0243,4.0000,96.0000,AG03-UNRESOLVED,ALL5_LEVELS_bet23_to_bet27,266.0243,266.0243,266.0243,332.5304,332.5304,4.000000,4.000000,4.000000,5.000000,5.000000,96.000000,96.000000,96.000000,95.000000,95.000000,5.0,1463.1337,1340.2688,5187.4742,5310.3391,PENDING_AG03,FALSE,NOT_FOR_ENFORCEMENT,6384.5836,256811.4724,6650.6079,6384.5836,266.0243,0.02244119,0.02154355,266.0243,6384.5836,0.02154355,266.0243,266.0243,266.0243,332.5304,332.5304,6384.5836,0.02154355,1463.1337,1340.2688,5187.4742,5310.3391,0.01750413,0.01791872,0.00089765,16.2655,14.6936,0.3653,59.3804,1.1678,2646.0457,162.5536,12.4780,16.8648,9.0895,16.5695,22.0926,29.825,33.4482,44.5976,11.8163,0.0,2.018664,2.691552,0.981654,30,240,141,4,0.10479828,0.02244119,0.04150452,0E-8,0.000000,0.902668,0.011910,-0.02129501,2026-03-22,2026-08-05,112,5695,2177,137,0.817518,0.739886,0.767145,0.349328,,,,,,,,GLOBAL_BASELINE_NO_ENTITY_RANKING,,,NOT_APPLICABLE_GLOBAL_BASELINE,HF9g-P5,,,,X 全窗基线 · 不参与实体赏罚,14194747,1420,A168_HF9F_20260827_0900,2026-08-27 09:00:00
2026-04-19,110249610,1017,0,240.3026791191,-21.5306655760,-21.5306655760,0.5000000,11,11,0.50299473636363636,0.502994736364,-0.0189407155422541,-0.018940715544554086,-0.0189407155422541,-3.6364E-13,ELIGIBLE,R03b_20260811_FULL_v1,L1_ELIGIBILITY,v2026-08-11,2026-03-21..2026-08-06,baccarat_bet02_101_all_pairs_incl_sentinel,round_win = game_pnl > 0 (decisive only),COMPATIBILITY_ONLY_NOT_PRODUCTION,296357.1217,267511.9505,6650.6079,18220,18206,-0.02244119,-0.04150452,-0.02020951,-0.02244119,-6650.6079,296357.1217,OK,0.0000,266.0243,4.0000,96.0000,AG03-UNRESOLVED,ALL5_LEVELS_bet23_to_bet27,266.0243,266.0243,266.0243,332.5304,332.5304,4.000000,4.000000,4.000000,5.000000,5.000000,96.000000,96.000000,96.000000,95.000000,95.000000,5.0,1463.1337,1340.2688,5187.4742,5310.3391,PENDING_AG03,FALSE,NOT_FOR_ENFORCEMENT,6384.5836,256811.4724,6650.6079,6384.5836,266.0243,0.02244119,0.02154355,266.0243,6384.5836,0.02154355,266.0243,266.0243,266.0243,332.5304,332.5304,6384.5836,0.02154355,1463.1337,1340.2688,5187.4742,5310.3391,0.01750413,0.01791872,0.00089765,16.2655,14.6936,0.3653,59.3804,1.1678,2646.0457,162.5536,12.4780,16.8648,9.0895,16.5695,22.0926,29.825,33.4482,44.5976,11.8163,0.0,2.018664,2.691552,0.981654,30,240,141,4,0.10479828,0.02244119,0.04150452,0E-8,0.000000,0.902668,0.011910,-0.02129501,2026-03-22,2026-08-05,112,5695,2177,137,0.817518,0.739886,0.767145,0.349328,,,,,,,,GLOBAL_BASELINE_NO_ENTITY_RANKING,,,NOT_APPLICABLE_GLOBAL_BASELINE,HF9g-P5,,,,X 全窗基线 · 不参与实体赏罚,14194748,1420,A168_HF9F_20260827_0900,2026-08-27 09:00:00
2026-04-19,110249610,1094,0,205.6491012792,33.2333492399,33.2333492399,0.6250000,9,9,0.50665070000000000,0.506650700000,0.6695439735338472,0.6695439735338472,0.6695439735338472,0E-17,ELIGIBLE,R03b_20260811_FULL_v1,L1_ELIGIBILITY,v2026-08-11,2026-03-21..2026-08-06,baccarat_bet02_101_all_pairs_incl_sentinel,round_win = game_pnl > 0 (decisive only),COMPATIBILITY_ONLY_NOT_PRODUCTION,296357.1217,267511.9505,6650.6079,18220,18206,-0.02244119,-0.04150452,-0.02020951,-0.02244119,-6650.6079,296357.1217,OK,0.0000,266.0243,4.0000,96.0000,AG03-UNRESOLVED,ALL5_LEVELS_bet23_to_bet27,266.0243,266.0243,266.0243,332.5304,332.5304,4.000000,4.000000,4.000000,5.000000,5.000000,96.000000,96.000000,96.000000,95.000000,95.000000,5.0,1463.1337,1340.2688,5187.4742,5310.3391,PENDING_AG03,FALSE,NOT_FOR_ENFORCEMENT,6384.5836,256811.4724,6650.6079,6384.5836,266.0243,0.02244119,0.02154355,266.0243,6384.5836,0.02154355,266.0243,266.0243,266.0243,332.5304,332.5304,6384.5836,0.02154355,1463.1337,1340.2688,5187.4742,5310.3391,0.01750413,0.01791872,0.00089765,16.2655,14.6936,0.3653,59.3804,1.1678,2646.0457,162.5536,12.4780,16.8648,9.0895,16.5695,22.0926,29.825,33.4482,44.5976,11.8163,0.0,2.018664,2.691552,0.981654,30,240,141,4,0.10479828,0.02244119,0.04150452,0E-8,0.000000,0.902668,0.011910,-0.02129501,2026-03-22,2026-08-05,112,5695,2177,137,0.817518,0.739886,0.767145,0.349328,,,,,,,,GLOBAL_BASELINE_NO_ENTITY_RANKING,,,NOT_APPLICABLE_GLOBAL_BASELINE,HF9g-P5,,,,X 全窗基线 · 不参与实体赏罚,14194749,1420,A168_HF9F_20260827_0900,2026-08-27 09:00:00
2026-04-19,110249610,1109,0,96.5755447996,-68.1709727997,-68.1709727997,0E-7,4,4,0.49659680000000000,0.496596800000,-1.7203016256901094,-1.7203016256901091,-1.7203016256901094,0E-17,ELIGIBLE,R03b_20260811_FULL_v1,L1_ELIGIBILITY,v2026-08-11,2026-03-21..2026-08-06,baccarat_bet02_101_all_pairs_incl_sentinel,round_win = game_pnl > 0 (decisive only),COMPATIBILITY_ONLY_NOT_PRODUCTION,296357.1217,267511.9505,6650.6079,18220,18206,-0.02244119,-0.04150452,-0.02020951,-0.02244119,-6650.6079,296357.1217,OK,0.0000,266.0243,4.0000,96.0000,AG03-UNRESOLVED,ALL5_LEVELS_bet23_to_bet27,266.0243,266.0243,266.0243,332.5304,332.5304,4.000000,4.000000,4.000000,5.000000,5.000000,96.000000,96.000000,96.000000,95.000000,95.000000,5.0,1463.1337,1340.2688,5187.4742,5310.3391,PENDING_AG03,FALSE,NOT_FOR_ENFORCEMENT,6384.5836,256811.4724,6650.6079,6384.5836,266.0243,0.02244119,0.02154355,266.0243,6384.5836,0.02154355,266.0243,266.0243,266.0243,332.5304,332.5304,6384.5836,0.02154355,1463.1337,1340.2688,5187.4742,5310.3391,0.01750413,0.01791872,0.00089765,16.2655,14.6936,0.3653,59.3804,1.1678,2646.0457,162.5536,12.4780,16.8648,9.0895,16.5695,22.0926,29.825,33.4482,44.5976,11.8163,0.0,2.018664,2.691552,0.981654,30,240,141,4,0.10479828,0.02244119,0.04150452,0E-8,0.000000,0.902668,0.011910,-0.02129501,2026-03-22,2026-08-05,112,5695,2177,137,0.817518,0.739886,0.767145,0.349328,,,,,,,,GLOBAL_BASELINE_NO_ENTITY_RANKING,,,NOT_APPLICABLE_GLOBAL_BASELINE,HF9g-P5,,,,X 全窗基线 · 不参与实体赏罚,14194750,1420,A168_HF9F_20260827_0900,2026-08-27 09:00:00
2026-04-19,110249610,1115,0,96.0074533597,34.6535778399,34.6535778399,0.6666667,3,3,0.49324550000000000,0.493245500000,0.6008033672792107,0.6008033672792106,0.6008033672792107,0E-17,ELIGIBLE,R03b_20260811_FULL_v1,L1_ELIGIBILITY,v2026-08-11,2026-03-21..2026-08-06,baccarat_bet02_101_all_pairs_incl_sentinel,round_win = game_pnl > 0 (decisive only),COMPATIBILITY_ONLY_NOT_PRODUCTION,296357.1217,267511.9505,6650.6079,18220,18206,-0.02244119,-0.04150452,-0.02020951,-0.02244119,-6650.6079,296357.1217,OK,0.0000,266.0243,4.0000,96.0000,AG03-UNRESOLVED,ALL5_LEVELS_bet23_to_bet27,266.0243,266.0243,266.0243,332.5304,332.5304,4.000000,4.000000,4.000000,5.000000,5.000000,96.000000,96.000000,96.000000,95.000000,95.000000,5.0,1463.1337,1340.2688,5187.4742,5310.3391,PENDING_AG03,FALSE,NOT_FOR_ENFORCEMENT,6384.5836,256811.4724,6650.6079,6384.5836,266.0243,0.02244119,0.02154355,266.0243,6384.5836,0.02154355,266.0243,266.0243,266.0243,332.5304,332.5304,6384.5836,0.02154355,1463.1337,1340.2688,5187.4742,5310.3391,0.01750413,0.01791872,0.00089765,16.2655,14.6936,0.3653,59.3804,1.1678,2646.0457,162.5536,12.4780,16.8648,9.0895,16.5695,22.0926,29.825,33.4482,44.5976,11.8163,0.0,2.018664,2.691552,0.981654,30,240,141,4,0.10479828,0.02244119,0.04150452,0E-8,0.000000,0.902668,0.011910,-0.02129501,2026-03-22,2026-08-05,112,5695,2177,137,0.817518,0.739886,0.767145,0.349328,,,,,,,,GLOBAL_BASELINE_NO_ENTITY_RANKING,,,NOT_APPLICABLE_GLOBAL_BASELINE,HF9g-P5,,,,X 全窗基线 · 不参与实体赏罚,14194751,1420,A168_HF9F_20260827_0900,2026-08-27 09:00:00
2026-04-19,110249610,1202,0,207.9214670393,84.0775331197,84.0775331197,0.8333333,8,8,0.49324550000000000,0.493245500000,1.666235363940442,1.6662353639404415,1.666235363940442,0E-17,ELIGIBLE,R03b_20260811_FULL_v1,L1_ELIGIBILITY,v2026-08-11,2026-03-21..2026-08-06,baccarat_bet02_101_all_pairs_incl_sentinel,round_win = game_pnl > 0 (decisive only),COMPATIBILITY_ONLY_NOT_PRODUCTION,296357.1217,267511.9505,6650.6079,18220,18206,-0.02244119,-0.04150452,-0.02020951,-0.02244119,-6650.6079,296357.1217,OK,0.0000,266.0243,4.0000,96.0000,AG03-UNRESOLVED,ALL5_LEVELS_bet23_to_bet27,266.0243,266.0243,266.0243,332.5304,332.5304,4.000000,4.000000,4.000000,5.000000,5.000000,96.000000,96.000000,96.000000,95.000000,95.000000,5.0,1463.1337,1340.2688,5187.4742,5310.3391,PENDING_AG03,FALSE,NOT_FOR_ENFORCEMENT,6384.5836,256811.4724,6650.6079,6384.5836,266.0243,0.02244119,0.02154355,266.0243,6384.5836,0.02154355,266.0243,266.0243,266.0243,332.5304,332.5304,6384.5836,0.02154355,1463.1337,1340.2688,5187.4742,5310.3391,0.01750413,0.01791872,0.00089765,16.2655,14.6936,0.3653,59.3804,1.1678,2646.0457,162.5536,12.4780,16.8648,9.0895,16.5695,22.0926,29.825,33.4482,44.5976,11.8163,0.0,2.018664,2.691552,0.981654,30,240,141,4,0.10479828,0.02244119,0.04150452,0E-8,0.000000,0.902668,0.011910,-0.02129501,2026-03-22,2026-08-05,112,5695,2177,137,0.817518,0.739886,0.767145,0.349328,,,,,,,,GLOBAL_BASELINE_NO_ENTITY_RANKING,,,NOT_APPLICABLE_GLOBAL_BASELINE,HF9g-P5,,,,X 全窗基线 · 不参与实体赏罚,14194752,1420,A168_HF9F_20260827_0900,2026-08-27 09:00:00
2026-04-19,110249610,1221,0,298.8160974390,151.1123230395,151.1123230395,0.8571429,10,10,0.49324550000000000,0.493245500000,1.925739544596175,1.9257395445961751,1.925739544596175,0E-17,ELIGIBLE,R03b_20260811_FULL_v1,L1_ELIGIBILITY,v2026-08-11,2026-03-21..2026-08-06,baccarat_bet02_101_all_pairs_incl_sentinel,round_win = game_pnl > 0 (decisive only),COMPATIBILITY_ONLY_NOT_PRODUCTION,296357.1217,267511.9505,6650.6079,18220,18206,-0.02244119,-0.04150452,-0.02020951,-0.02244119,-6650.6079,296357.1217,OK,0.0000,266.0243,4.0000,96.0000,AG03-UNRESOLVED,ALL5_LEVELS_bet23_to_bet27,266.0243,266.0243,266.0243,332.5304,332.5304,4.000000,4.000000,4.000000,5.000000,5.000000,96.000000,96.000000,96.000000,95.000000,95.000000,5.0,1463.1337,1340.2688,5187.4742,5310.3391,PENDING_AG03,FALSE,NOT_FOR_ENFORCEMENT,6384.5836,256811.4724,6650.6079,6384.5836,266.0243,0.02244119,0.02154355,266.0243,6384.5836,0.02154355,266.0243,266.0243,266.0243,332.5304,332.5304,6384.5836,0.02154355,1463.1337,1340.2688,5187.4742,5310.3391,0.01750413,0.01791872,0.00089765,16.2655,14.6936,0.3653,59.3804,1.1678,2646.0457,162.5536,12.4780,16.8648,9.0895,16.5695,22.0926,29.825,33.4482,44.5976,11.8163,0.0,2.018664,2.691552,0.981654,30,240,141,4,0.10479828,0.02244119,0.04150452,0E-8,0.000000,0.902668,0.011910,-0.02129501,2026-03-22,2026-08-05,112,5695,2177,137,0.817518,0.739886,0.767145,0.349328,,,,,,,,GLOBAL_BASELINE_NO_ENTITY_RANKING,,,NOT_APPLICABLE_GLOBAL_BASELINE,HF9g-P5,,,,X 全窗基线 · 不参与实体赏罚,14194753,1420,A168_HF9F_20260827_0900,2026-08-27 09:00:00
2026-04-19,110249610,1267,0,194.2872724793,64.9328515917,64.9328515917,0.6666667,9,9,0.50665070000000000,0.506650700000,0.9601807448229117,0.9601807448229117,0.9601807448229117,0E-17,ELIGIBLE,R03b_20260811_FULL_v1,L1_ELIGIBILITY,v2026-08-11,2026-03-21..2026-08-06,baccarat_bet02_101_all_pairs_incl_sentinel,round_win = game_pnl > 0 (decisive only),COMPATIBILITY_ONLY_NOT_PRODUCTION,296357.1217,267511.9505,6650.6079,18220,18206,-0.02244119,-0.04150452,-0.02020951,-0.02244119,-6650.6079,296357.1217,OK,0.0000,266.0243,4.0000,96.0000,AG03-UNRESOLVED,ALL5_LEVELS_bet23_to_bet27,266.0243,266.0243,266.0243,332.5304,332.5304,4.000000,4.000000,4.000000,5.000000,5.000000,96.000000,96.000000,96.000000,95.000000,95.000000,5.0,1463.1337,1340.2688,5187.4742,5310.3391,PENDING_AG03,FALSE,NOT_FOR_ENFORCEMENT,6384.5836,256811.4724,6650.6079,6384.5836,266.0243,0.02244119,0.02154355,266.0243,6384.5836,0.02154355,266.0243,266.0243,266.0243,332.5304,332.5304,6384.5836,0.02154355,1463.1337,1340.2688,5187.4742,5310.3391,0.01750413,0.01791872,0.00089765,16.2655,14.6936,0.3653,59.3804,1.1678,2646.0457,162.5536,12.4780,16.8648,9.0895,16.5695,22.0926,29.825,33.4482,44.5976,11.8163,0.0,2.018664,2.691552,0.981654,30,240,141,4,0.10479828,0.02244119,0.04150452,0E-8,0.000000,0.902668,0.011910,-0.02129501,2026-03-22,2026-08-05,112,5695,2177,137,0.817518,0.739886,0.767145,0.349328,,,,,,,,GLOBAL_BASELINE_NO_ENTITY_RANKING,,,NOT_APPLICABLE_GLOBAL_BASELINE,HF9g-P5,,,,X 全窗基线 · 不参与实体赏罚,14194754,1420,A168_HF9F_20260827_0900,2026-08-27 09:00:00
2026-04-19,110249610,1291,0,79.5328015997,-22.7236575999,-22.7236575999,0.3333333,3,3,0.49771390000000000,0.497713900000,-0.5694369385616226,-0.5694369385616226,-0.5694369385616226,0E-17,ELIGIBLE,R03b_20260811_FULL_v1,L1_ELIGIBILITY,v2026-08-11,2026-03-21..2026-08-06,baccarat_bet02_101_all_pairs_incl_sentinel,round_win = game_pnl > 0 (decisive only),COMPATIBILITY_ONLY_NOT_PRODUCTION,296357.1217,267511.9505,6650.6079,18220,18206,-0.02244119,-0.04150452,-0.02020951,-0.02244119,-6650.6079,296357.1217,OK,0.0000,266.0243,4.0000,96.0000,AG03-UNRESOLVED,ALL5_LEVELS_bet23_to_bet27,266.0243,266.0243,266.0243,332.5304,332.5304,4.000000,4.000000,4.000000,5.000000,5.000000,96.000000,96.000000,96.000000,95.000000,95.000000,5.0,1463.1337,1340.2688,5187.4742,5310.3391,PENDING_AG03,FALSE,NOT_FOR_ENFORCEMENT,6384.5836,256811.4724,6650.6079,6384.5836,266.0243,0.02244119,0.02154355,266.0243,6384.5836,0.02154355,266.0243,266.0243,266.0243,332.5304,332.5304,6384.5836,0.02154355,1463.1337,1340.2688,5187.4742,5310.3391,0.01750413,0.01791872,0.00089765,16.2655,14.6936,0.3653,59.3804,1.1678,2646.0457,162.5536,12.4780,16.8648,9.0895,16.5695,22.0926,29.825,33.4482,44.5976,11.8163,0.0,2.018664,2.691552,0.981654,30,240,141,4,0.10479828,0.02244119,0.04150452,0E-8,0.000000,0.902668,0.011910,-0.02129501,2026-03-22,2026-08-05,112,5695,2177,137,0.817518,0.739886,0.767145,0.349328,,,,,,,,GLOBAL_BASELINE_NO_ENTITY_RANKING,,,NOT_APPLICABLE_GLOBAL_BASELINE,HF9g-P5,,,,X 全窗基线 · 不参与实体赏罚,14194755,1420,A168_HF9F_20260827_0900,2026-08-27 09:00:00
2026-04-19,110249610,1302,0,344.2634126387,276.0924398389,276.0924398389,0.9230769,13,13,0.49324550000000000,0.493245500000,3.0998413341225515,3.099841334122551,3.0998413341225515,0E-17,ELIGIBLE,R03b_20260811_FULL_v1,L1_ELIGIBILITY,v2026-08-11,2026-03-21..2026-08-06,baccarat_bet02_101_all_pairs_incl_sentinel,round_win = game_pnl > 0 (decisive only),COMPATIBILITY_ONLY_NOT_PRODUCTION,296357.1217,267511.9505,6650.6079,18220,18206,-0.02244119,-0.04150452,-0.02020951,-0.02244119,-6650.6079,296357.1217,OK,0.0000,266.0243,4.0000,96.0000,AG03-UNRESOLVED,ALL5_LEVELS_bet23_to_bet27,266.0243,266.0243,266.0243,332.5304,332.5304,4.000000,4.000000,4.000000,5.000000,5.000000,96.000000,96.000000,96.000000,95.000000,95.000000,5.0,1463.1337,1340.2688,5187.4742,5310.3391,PENDING_AG03,FALSE,NOT_FOR_ENFORCEMENT,6384.5836,256811.4724,6650.6079,6384.5836,266.0243,0.02244119,0.02154355,266.0243,6384.5836,0.02154355,266.0243,266.0243,266.0243,332.5304,332.5304,6384.5836,0.02154355,1463.1337,1340.2688,5187.4742,5310.3391,0.01750413,0.01791872,0.00089765,16.2655,14.6936,0.3653,59.3804,1.1678,2646.0457,162.5536,12.4780,16.8648,9.0895,16.5695,22.0926,29.825,33.4482,44.5976,11.8163,0.0,2.018664,2.691552,0.981654,30,240,141,4,0.10479828,0.02244119,0.04150452,0E-8,0.000000,0.902668,0.011910,-0.02129501,2026-03-22,2026-08-05,112,5695,2177,137,0.817518,0.739886,0.767145,0.349328,,,,,,,,GLOBAL_BASELINE_NO_ENTITY_RANKING,,,NOT_APPLICABLE_GLOBAL_BASELINE,HF9g-P5,,,,X 全窗基线 · 不参与实体赏罚,14194756,1420,A168_HF9F_20260827_0900,2026-08-27 09:00:00
2026-04-19,110249610,1304,0,132.3653055194,13.6341945598,13.6341945598,0.6666667,6,6,0.50218230000000000,0.502182300000,0.8058132132962729,0.8058132132962729,0.8058132132962729,0E-17,ELIGIBLE,R03b_20260811_FULL_v1,L1_ELIGIBILITY,v2026-08-11,2026-03-21..2026-08-06,baccarat_bet02_101_all_pairs_incl_sentinel,round_win = game_pnl > 0 (decisive only),COMPATIBILITY_ONLY_NOT_PRODUCTION,296357.1217,267511.9505,6650.6079,18220,18206,-0.02244119,-0.04150452,-0.02020951,-0.02244119,-6650.6079,296357.1217,OK,0.0000,266.0243,4.0000,96.0000,AG03-UNRESOLVED,ALL5_LEVELS_bet23_to_bet27,266.0243,266.0243,266.0243,332.5304,332.5304,4.000000,4.000000,4.000000,5.000000,5.000000,96.000000,96.000000,96.000000,95.000000,95.000000,5.0,1463.1337,1340.2688,5187.4742,5310.3391,PENDING_AG03,FALSE,NOT_FOR_ENFORCEMENT,6384.5836,256811.4724,6650.6079,6384.5836,266.0243,0.02244119,0.02154355,266.0243,6384.5836,0.02154355,266.0243,266.0243,266.0243,332.5304,332.5304,6384.5836,0.02154355,1463.1337,1340.2688,5187.4742,5310.3391,0.01750413,0.01791872,0.00089765,16.2655,14.6936,0.3653,59.3804,1.1678,2646.0457,162.5536,12.4780,16.8648,9.0895,16.5695,22.0926,29.825,33.4482,44.5976,11.8163,0.0,2.018664,2.691552,0.981654,30,240,141,4,0.10479828,0.02244119,0.04150452,0E-8,0.000000,0.902668,0.011910,-0.02129501,2026-03-22,2026-08-05,112,5695,2177,137,0.817518,0.739886,0.767145,0.349328,,,,,,,,GLOBAL_BASELINE_NO_ENTITY_RANKING,,,NOT_APPLICABLE_GLOBAL_BASELINE,HF9g-P5,,,,X 全窗基线 · 不参与实体赏罚,14194757,1420,A168_HF9F_20260827_0900,2026-08-27 09:00:00
2026-04-19,110249610,1307,0,149.4080487195,11.3902333719,11.3902333719,0.6666667,5,5,0.50665070000000000,0.506650700000,0.5543606114942035,0.5543606114942035,0.5543606114942035,0E-17,ELIGIBLE,R03b_20260811_FULL_v1,L1_ELIGIBILITY,v2026-08-11,2026-03-21..2026-08-06,baccarat_bet02_101_all_pairs_incl_sentinel,round_win = game_pnl > 0 (decisive only),COMPATIBILITY_ONLY_NOT_PRODUCTION,296357.1217,267511.9505,6650.6079,18220,18206,-0.02244119,-0.04150452,-0.02020951,-0.02244119,-6650.6079,296357.1217,OK,0.0000,266.0243,4.0000,96.0000,AG03-UNRESOLVED,ALL5_LEVELS_bet23_to_bet27,266.0243,266.0243,266.0243,332.5304,332.5304,4.000000,4.000000,4.000000,5.000000,5.000000,96.000000,96.000000,96.000000,95.000000,95.000000,5.0,1463.1337,1340.2688,5187.4742,5310.3391,PENDING_AG03,FALSE,NOT_FOR_ENFORCEMENT,6384.5836,256811.4724,6650.6079,6384.5836,266.0243,0.02244119,0.02154355,266.0243,6384.5836,0.02154355,266.0243,266.0243,266.0243,332.5304,332.5304,6384.5836,0.02154355,1463.1337,1340.2688,5187.4742,5310.3391,0.01750413,0.01791872,0.00089765,16.2655,14.6936,0.3653,59.3804,1.1678,2646.0457,162.5536,12.4780,16.8648,9.0895,16.5695,22.0926,29.825,33.4482,44.5976,11.8163,0.0,2.018664,2.691552,0.981654,30,240,141,4,0.10479828,0.02244119,0.04150452,0E-8,0.000000,0.902668,0.011910,-0.02129501,2026-03-22,2026-08-05,112,5695,2177,137,0.817518,0.739886,0.767145,0.349328,,,,,,,,GLOBAL_BASELINE_NO_ENTITY_RANKING,,,NOT_APPLICABLE_GLOBAL_BASELINE,HF9g-P5,,,,X 全窗基线 · 不参与实体赏罚,14194758,1420,A168_HF9F_20260827_0900,2026-08-27 09:00:00
2026-04-19,110249610,1325,0,22.7236575999,-22.7236575999,-22.7236575999,0E-7,1,1,0.50665070000000000,0.506650700000,-1.013391052207602,-1.013391052207602,-1.013391052207602,0E-17,ELIGIBLE,R03b_20260811_FULL_v1,L1_ELIGIBILITY,v2026-08-11,2026-03-21..2026-08-06,baccarat_bet02_101_all_pairs_incl_sentinel,round_win = game_pnl > 0 (decisive only),COMPATIBILITY_ONLY_NOT_PRODUCTION,296357.1217,267511.9505,6650.6079,18220,18206,-0.02244119,-0.04150452,-0.02020951,-0.02244119,-6650.6079,296357.1217,OK,0.0000,266.0243,4.0000,96.0000,AG03-UNRESOLVED,ALL5_LEVELS_bet23_to_bet27,266.0243,266.0243,266.0243,332.5304,332.5304,4.000000,4.000000,4.000000,5.000000,5.000000,96.000000,96.000000,96.000000,95.000000,95.000000,5.0,1463.1337,1340.2688,5187.4742,5310.3391,PENDING_AG03,FALSE,NOT_FOR_ENFORCEMENT,6384.5836,256811.4724,6650.6079,6384.5836,266.0243,0.02244119,0.02154355,266.0243,6384.5836,0.02154355,266.0243,266.0243,266.0243,332.5304,332.5304,6384.5836,0.02154355,1463.1337,1340.2688,5187.4742,5310.3391,0.01750413,0.01791872,0.00089765,16.2655,14.6936,0.3653,59.3804,1.1678,2646.0457,162.5536,12.4780,16.8648,9.0895,16.5695,22.0926,29.825,33.4482,44.5976,11.8163,0.0,2.018664,2.691552,0.981654,30,240,141,4,0.10479828,0.02244119,0.04150452,0E-8,0.000000,0.902668,0.011910,-0.02129501,2026-03-22,2026-08-05,112,5695,2177,137,0.817518,0.739886,0.767145,0.349328,,,,,,,,GLOBAL_BASELINE_NO_ENTITY_RANKING,,,NOT_APPLICABLE_GLOBAL_BASELINE,HF9g-P5,,,,X 全窗基线 · 不参与实体赏罚,14194759,1420,A168_HF9F_20260827_0900,2026-08-27 09:00:00
2026-04-19,110249610,1330,0,74.9880700796,26.9275342559,26.9275342559,0.7500000,4,4,0.50665070000000000,0.506650700000,0.9734833216690844,0.9734833216690844,0.9734833216690844,0E-17,ELIGIBLE,R03b_20260811_FULL_v1,L1_ELIGIBILITY,v2026-08-11,2026-03-21..2026-08-06,baccarat_bet02_101_all_pairs_incl_sentinel,round_win = game_pnl > 0 (decisive only),COMPATIBILITY_ONLY_NOT_PRODUCTION,296357.1217,267511.9505,6650.6079,18220,18206,-0.02244119,-0.04150452,-0.02020951,-0.02244119,-6650.6079,296357.1217,OK,0.0000,266.0243,4.0000,96.0000,AG03-UNRESOLVED,ALL5_LEVELS_bet23_to_bet27,266.0243,266.0243,266.0243,332.5304,332.5304,4.000000,4.000000,4.000000,5.000000,5.000000,96.000000,96.000000,96.000000,95.000000,95.000000,5.0,1463.1337,1340.2688,5187.4742,5310.3391,PENDING_AG03,FALSE,NOT_FOR_ENFORCEMENT,6384.5836,256811.4724,6650.6079,6384.5836,266.0243,0.02244119,0.02154355,266.0243,6384.5836,0.02154355,266.0243,266.0243,266.0243,332.5304,332.5304,6384.5836,0.02154355,1463.1337,1340.2688,5187.4742,5310.3391,0.01750413,0.01791872,0.00089765,16.2655,14.6936,0.3653,59.3804,1.1678,2646.0457,162.5536,12.4780,16.8648,9.0895,16.5695,22.0926,29.825,33.4482,44.5976,11.8163,0.0,2.018664,2.691552,0.981654,30,240,141,4,0.10479828,0.02244119,0.04150452,0E-8,0.000000,0.902668,0.011910,-0.02129501,2026-03-22,2026-08-05,112,5695,2177,137,0.817518,0.739886,0.767145,0.349328,,,,,,,,GLOBAL_BASELINE_NO_ENTITY_RANKING,,,NOT_APPLICABLE_GLOBAL_BASELINE,HF9g-P5,,,,X 全窗基线 · 不参与实体赏罚,14194760,1420,A168_HF9F_20260827_0900,2026-08-27 09:00:00
2026-04-19,110249610,1383,0,107.9373735995,5.6809143999,5.6809143999,0.6000000,5,5,0.49324550000000000,0.493245500000,0.47746420675292983,0.47746420675292983,0.47746420675292983,0E-17,ELIGIBLE,R03b_20260811_FULL_v1,L1_ELIGIBILITY,v2026-08-11,2026-03-21..2026-08-06,baccarat_bet02_101_all_pairs_incl_sentinel,round_win = game_pnl > 0 (decisive only),COMPATIBILITY_ONLY_NOT_PRODUCTION,296357.1217,267511.9505,6650.6079,18220,18206,-0.02244119,-0.04150452,-0.02020951,-0.02244119,-6650.6079,296357.1217,OK,0.0000,266.0243,4.0000,96.0000,AG03-UNRESOLVED,ALL5_LEVELS_bet23_to_bet27,266.0243,266.0243,266.0243,332.5304,332.5304,4.000000,4.000000,4.000000,5.000000,5.000000,96.000000,96.000000,96.000000,95.000000,95.000000,5.0,1463.1337,1340.2688,5187.4742,5310.3391,PENDING_AG03,FALSE,NOT_FOR_ENFORCEMENT,6384.5836,256811.4724,6650.6079,6384.5836,266.0243,0.02244119,0.02154355,266.0243,6384.5836,0.02154355,266.0243,266.0243,266.0243,332.5304,332.5304,6384.5836,0.02154355,1463.1337,1340.2688,5187.4742,5310.3391,0.01750413,0.01791872,0.00089765,16.2655,14.6936,0.3653,59.3804,1.1678,2646.0457,162.5536,12.4780,16.8648,9.0895,16.5695,22.0926,29.825,33.4482,44.5976,11.8163,0.0,2.018664,2.691552,0.981654,30,240,141,4,0.10479828,0.02244119,0.04150452,0E-8,0.000000,0.902668,0.011910,-0.02129501,2026-03-22,2026-08-05,112,5695,2177,137,0.817518,0.739886,0.767145,0.349328,,,,,,,,GLOBAL_BASELINE_NO_ENTITY_RANKING,,,NOT_APPLICABLE_GLOBAL_BASELINE,HF9g-P5,,,,X 全窗基线 · 不参与实体赏罚,14194761,1420,A168_HF9F_20260827_0900,2026-08-27 09:00:00
2026-04-19,110249610,1396,0,152.2485059194,-36.8691344558,-36.8691344558,0.2500000,6,6,0.50441650000000000,0.504416500000,-1.0177057024351048,-1.0177057024351048,-1.0177057024351048,0E-17,ELIGIBLE,R03b_20260811_FULL_v1,L1_ELIGIBILITY,v2026-08-11,2026-03-21..2026-08-06,baccarat_bet02_101_all_pairs_incl_sentinel,round_win = game_pnl > 0 (decisive only),COMPATIBILITY_ONLY_NOT_PRODUCTION,296357.1217,267511.9505,6650.6079,18220,18206,-0.02244119,-0.04150452,-0.02020951,-0.02244119,-6650.6079,296357.1217,OK,0.0000,266.0243,4.0000,96.0000,AG03-UNRESOLVED,ALL5_LEVELS_bet23_to_bet27,266.0243,266.0243,266.0243,332.5304,332.5304,4.000000,4.000000,4.000000,5.000000,5.000000,96.000000,96.000000,96.000000,95.000000,95.000000,5.0,1463.1337,1340.2688,5187.4742,5310.3391,PENDING_AG03,FALSE,NOT_FOR_ENFORCEMENT,6384.5836,256811.4724,6650.6079,6384.5836,266.0243,0.02244119,0.02154355,266.0243,6384.5836,0.02154355,266.0243,266.0243,266.0243,332.5304,332.5304,6384.5836,0.02154355,1463.1337,1340.2688,5187.4742,5310.3391,0.01750413,0.01791872,0.00089765,16.2655,14.6936,0.3653,59.3804,1.1678,2646.0457,162.5536,12.4780,16.8648,9.0895,16.5695,22.0926,29.825,33.4482,44.5976,11.8163,0.0,2.018664,2.691552,0.981654,30,240,141,4,0.10479828,0.02244119,0.04150452,0E-8,0.000000,0.902668,0.011910,-0.02129501,2026-03-22,2026-08-05,112,5695,2177,137,0.817518,0.739886,0.767145,0.349328,,,,,,,,GLOBAL_BASELINE_NO_ENTITY_RANKING,,,NOT_APPLICABLE_GLOBAL_BASELINE,HF9g-P5,,,,X 全窗基线 · 不参与实体赏罚,14194762,1420,A168_HF9F_20260827_0900,2026-08-27 09:00:00
2026-04-19,110249610,1401,0,217.5790215192,27.2683891198,27.2683891198,0.6250000,8,8,0.50329940000000000,0.503299400000,0.6884575455922034,0.6884575455922034,0.6884575455922034,0E-17,ELIGIBLE,R03b_20260811_FULL_v1,L1_ELIGIBILITY,v2026-08-11,2026-03-21..2026-08-06,baccarat_bet02_101_all_pairs_incl_sentinel,round_win = game_pnl > 0 (decisive only),COMPATIBILITY_ONLY_NOT_PRODUCTION,296357.1217,267511.9505,6650.6079,18220,18206,-0.02244119,-0.04150452,-0.02020951,-0.02244119,-6650.6079,296357.1217,OK,0.0000,266.0243,4.0000,96.0000,AG03-UNRESOLVED,ALL5_LEVELS_bet23_to_bet27,266.0243,266.0243,266.0243,332.5304,332.5304,4.000000,4.000000,4.000000,5.000000,5.000000,96.000000,96.000000,96.000000,95.000000,95.000000,5.0,1463.1337,1340.2688,5187.4742,5310.3391,PENDING_AG03,FALSE,NOT_FOR_ENFORCEMENT,6384.5836,256811.4724,6650.6079,6384.5836,266.0243,0.02244119,0.02154355,266.0243,6384.5836,0.02154355,266.0243,266.0243,266.0243,332.5304,332.5304,6384.5836,0.02154355,1463.1337,1340.2688,5187.4742,5310.3391,0.01750413,0.01791872,0.00089765,16.2655,14.6936,0.3653,59.3804,1.1678,2646.0457,162.5536,12.4780,16.8648,9.0895,16.5695,22.0926,29.825,33.4482,44.5976,11.8163,0.0,2.018664,2.691552,0.981654,30,240,141,4,0.10479828,0.02244119,0.04150452,0E-8,0.000000,0.902668,0.011910,-0.02129501,2026-03-22,2026-08-05,112,5695,2177,137,0.817518,0.739886,0.767145,0.349328,,,,,,,,GLOBAL_BASELINE_NO_ENTITY_RANKING,,,NOT_APPLICABLE_GLOBAL_BASELINE,HF9g-P5,,,,X 全窗基线 · 不参与实体赏罚,14194763,1420,A168_HF9F_20260827_0900,2026-08-27 09:00:00
2026-04-19,110249610,1507,0,60.2176926397,-26.1322062399,-26.1322062399,0.3333333,3,3,0.49324550000000000,0.493245500000,-0.5540025479526107,-0.5540025479526106,-0.5540025479526107,0E-17,ELIGIBLE,R03b_20260811_FULL_v1,L1_ELIGIBILITY,v2026-08-11,2026-03-21..2026-08-06,baccarat_bet02_101_all_pairs_incl_sentinel,round_win = game_pnl > 0 (decisive only),COMPATIBILITY_ONLY_NOT_PRODUCTION,296357.1217,267511.9505,6650.6079,18220,18206,-0.02244119,-0.04150452,-0.02020951,-0.02244119,-6650.6079,296357.1217,OK,0.0000,266.0243,4.0000,96.0000,AG03-UNRESOLVED,ALL5_LEVELS_bet23_to_bet27,266.0243,266.0243,266.0243,332.5304,332.5304,4.000000,4.000000,4.000000,5.000000,5.000000,96.000000,96.000000,96.000000,95.000000,95.000000,5.0,1463.1337,1340.2688,5187.4742,5310.3391,PENDING_AG03,FALSE,NOT_FOR_ENFORCEMENT,6384.5836,256811.4724,6650.6079,6384.5836,266.0243,0.02244119,0.02154355,266.0243,6384.5836,0.02154355,266.0243,266.0243,266.0243,332.5304,332.5304,6384.5836,0.02154355,1463.1337,1340.2688,5187.4742,5310.3391,0.01750413,0.01791872,0.00089765,16.2655,14.6936,0.3653,59.3804,1.1678,2646.0457,162.5536,12.4780,16.8648,9.0895,16.5695,22.0926,29.825,33.4482,44.5976,11.8163,0.0,2.018664,2.691552,0.981654,30,240,141,4,0.10479828,0.02244119,0.04150452,0E-8,0.000000,0.902668,0.011910,-0.02129501,2026-03-22,2026-08-05,112,5695,2177,137,0.817518,0.739886,0.767145,0.349328,,,,,,,,GLOBAL_BASELINE_NO_ENTITY_RANKING,,,NOT_APPLICABLE_GLOBAL_BASELINE,HF9g-P5,,,,X 全窗基线 · 不参与实体赏罚,14194764,1420,A168_HF9F_20260827_0900,2026-08-27 09:00:00
2026-04-19,110249610,1646,0,28.4045719999,-28.4045719999,-28.4045719999,0E-7,1,1,0.49324550000000000,0.493245500000,-0.9865810262130424,-0.9865810262130424,-0.9865810262130424,0E-17,ELIGIBLE,R03b_20260811_FULL_v1,L1_ELIGIBILITY,v2026-08-11,2026-03-21..2026-08-06,baccarat_bet02_101_all_pairs_incl_sentinel,round_win = game_pnl > 0 (decisive only),COMPATIBILITY_ONLY_NOT_PRODUCTION,296357.1217,267511.9505,6650.6079,18220,18206,-0.02244119,-0.04150452,-0.02020951,-0.02244119,-6650.6079,296357.1217,OK,0.0000,266.0243,4.0000,96.0000,AG03-UNRESOLVED,ALL5_LEVELS_bet23_to_bet27,266.0243,266.0243,266.0243,332.5304,332.5304,4.000000,4.000000,4.000000,5.000000,5.000000,96.000000,96.000000,96.000000,95.000000,95.000000,5.0,1463.1337,1340.2688,5187.4742,5310.3391,PENDING_AG03,FALSE,NOT_FOR_ENFORCEMENT,6384.5836,256811.4724,6650.6079,6384.5836,266.0243,0.02244119,0.02154355,266.0243,6384.5836,0.02154355,266.0243,266.0243,266.0243,332.5304,332.5304,6384.5836,0.02154355,1463.1337,1340.2688,5187.4742,5310.3391,0.01750413,0.01791872,0.00089765,16.2655,14.6936,0.3653,59.3804,1.1678,2646.0457,162.5536,12.4780,16.8648,9.0895,16.5695,22.0926,29.825,33.4482,44.5976,11.8163,0.0,2.018664,2.691552,0.981654,30,240,141,4,0.10479828,0.02244119,0.04150452,0E-8,0.000000,0.902668,0.011910,-0.02129501,2026-03-22,2026-08-05,112,5695,2177,137,0.817518,0.739886,0.767145,0.349328,,,,,,,,GLOBAL_BASELINE_NO_ENTITY_RANKING,,,NOT_APPLICABLE_GLOBAL_BASELINE,HF9g-P5,,,,X 全窗基线 · 不参与实体赏罚,14194765,1420,A168_HF9F_20260827_0900,2026-08-27 09:00:00
2026-04-19,110249610,1702,0,22.7236575999,-22.7236575999,-22.7236575999,0E-7,1,1,0.49324550000000000,0.493245500000,-0.9865810262130424,-0.9865810262130424,-0.9865810262130424,0E-17,ELIGIBLE,R03b_20260811_FULL_v1,L1_ELIGIBILITY,v2026-08-11,2026-03-21..2026-08-06,baccarat_bet02_101_all_pairs_incl_sentinel,round_win = game_pnl > 0 (decisive only),COMPATIBILITY_ONLY_NOT_PRODUCTION,296357.1217,267511.9505,6650.6079,18220,18206,-0.02244119,-0.04150452,-0.02020951,-0.02244119,-6650.6079,296357.1217,OK,0.0000,266.0243,4.0000,96.0000,AG03-UNRESOLVED,ALL5_LEVELS_bet23_to_bet27,266.0243,266.0243,266.0243,332.5304,332.5304,4.000000,4.000000,4.000000,5.000000,5.000000,96.000000,96.000000,96.000000,95.000000,95.000000,5.0,1463.1337,1340.2688,5187.4742,5310.3391,PENDING_AG03,FALSE,NOT_FOR_ENFORCEMENT,6384.5836,256811.4724,6650.6079,6384.5836,266.0243,0.02244119,0.02154355,266.0243,6384.5836,0.02154355,266.0243,266.0243,266.0243,332.5304,332.5304,6384.5836,0.02154355,1463.1337,1340.2688,5187.4742,5310.3391,0.01750413,0.01791872,0.00089765,16.2655,14.6936,0.3653,59.3804,1.1678,2646.0457,162.5536,12.4780,16.8648,9.0895,16.5695,22.0926,29.825,33.4482,44.5976,11.8163,0.0,2.018664,2.691552,0.981654,30,240,141,4,0.10479828,0.02244119,0.04150452,0E-8,0.000000,0.902668,0.011910,-0.02129501,2026-03-22,2026-08-05,112,5695,2177,137,0.817518,0.739886,0.767145,0.349328,,,,,,,,GLOBAL_BASELINE_NO_ENTITY_RANKING,,,NOT_APPLICABLE_GLOBAL_BASELINE,HF9g-P5,,,,X 全窗基线 · 不参与实体赏罚,14194766,1420,A168_HF9F_20260827_0900,2026-08-27 09:00:00
2026-04-19,110249610,1704,0,101.1202763196,-23.8598404800,-23.8598404800,0.5000000,4,4,0.49659680000000000,0.496596800000,0.013613115331600182,0.013613115331600183,0.013613115331600182,0E-17,ELIGIBLE,R03b_20260811_FULL_v1,L1_ELIGIBILITY,v2026-08-11,2026-03-21..2026-08-06,baccarat_bet02_101_all_pairs_incl_sentinel,round_win = game_pnl > 0 (decisive only),COMPATIBILITY_ONLY_NOT_PRODUCTION,296357.1217,267511.9505,6650.6079,18220,18206,-0.02244119,-0.04150452,-0.02020951,-0.02244119,-6650.6079,296357.1217,OK,0.0000,266.0243,4.0000,96.0000,AG03-UNRESOLVED,ALL5_LEVELS_bet23_to_bet27,266.0243,266.0243,266.0243,332.5304,332.5304,4.000000,4.000000,4.000000,5.000000,5.000000,96.000000,96.000000,96.000000,95.000000,95.000000,5.0,1463.1337,1340.2688,5187.4742,5310.3391,PENDING_AG03,FALSE,NOT_FOR_ENFORCEMENT,6384.5836,256811.4724,6650.6079,6384.5836,266.0243,0.02244119,0.02154355,266.0243,6384.5836,0.02154355,266.0243,266.0243,266.0243,332.5304,332.5304,6384.5836,0.02154355,1463.1337,1340.2688,5187.4742,5310.3391,0.01750413,0.01791872,0.00089765,16.2655,14.6936,0.3653,59.3804,1.1678,2646.0457,162.5536,12.4780,16.8648,9.0895,16.5695,22.0926,29.825,33.4482,44.5976,11.8163,0.0,2.018664,2.691552,0.981654,30,240,141,4,0.10479828,0.02244119,0.04150452,0E-8,0.000000,0.902668,0.011910,-0.02129501,2026-03-22,2026-08-05,112,5695,2177,137,0.817518,0.739886,0.767145,0.349328,,,,,,,,GLOBAL_BASELINE_NO_ENTITY_RANKING,,,NOT_APPLICABLE_GLOBAL_BASELINE,HF9g-P5,,,,X 全窗基线 · 不参与实体赏罚,14194767,1420,A168_HF9F_20260827_0900,2026-08-27 09:00:00
2026-04-19,110249610,1710,0,74.9880700797,29.5407548799,29.5407548799,0.6666667,3,3,0.49771390000000000,0.497713900000,0.5852756695216578,0.5852756695216578,0.5852756695216578,0E-17,ELIGIBLE,R03b_20260811_FULL_v1,L1_ELIGIBILITY,v2026-08-11,2026-03-21..2026-08-06,baccarat_bet02_101_all_pairs_incl_sentinel,round_win = game_pnl > 0 (decisive only),COMPATIBILITY_ONLY_NOT_PRODUCTION,296357.1217,267511.9505,6650.6079,18220,18206,-0.02244119,-0.04150452,-0.02020951,-0.02244119,-6650.6079,296357.1217,OK,0.0000,266.0243,4.0000,96.0000,AG03-UNRESOLVED,ALL5_LEVELS_bet23_to_bet27,266.0243,266.0243,266.0243,332.5304,332.5304,4.000000,4.000000,4.000000,5.000000,5.000000,96.000000,96.000000,96.000000,95.000000,95.000000,5.0,1463.1337,1340.2688,5187.4742,5310.3391,PENDING_AG03,FALSE,NOT_FOR_ENFORCEMENT,6384.5836,256811.4724,6650.6079,6384.5836,266.0243,0.02244119,0.02154355,266.0243,6384.5836,0.02154355,266.0243,266.0243,266.0243,332.5304,332.5304,6384.5836,0.02154355,1463.1337,1340.2688,5187.4742,5310.3391,0.01750413,0.01791872,0.00089765,16.2655,14.6936,0.3653,59.3804,1.1678,2646.0457,162.5536,12.4780,16.8648,9.0895,16.5695,22.0926,29.825,33.4482,44.5976,11.8163,0.0,2.018664,2.691552,0.981654,30,240,141,4,0.10479828,0.02244119,0.04150452,0E-8,0.000000,0.902668,0.011910,-0.02129501,2026-03-22,2026-08-05,112,5695,2177,137,0.817518,0.739886,0.767145,0.349328,,,,,,,,GLOBAL_BASELINE_NO_ENTITY_RANKING,,,NOT_APPLICABLE_GLOBAL_BASELINE,HF9g-P5,,,,X 全窗基线 · 不参与实体赏罚,14194768,1420,A168_HF9F_20260827_0900,2026-08-27 09:00:00
2026-04-19,110249610,1714,0,181.2211693591,-25.4220919399,-25.4220919399,0.4444444,9,9,0.50218230000000000,0.502182300000,-0.34643043305270216,-0.34643043305270216,-0.34643043305270216,0E-17,ELIGIBLE,R03b_20260811_FULL_v1,L1_ELIGIBILITY,v2026-08-11,2026-03-21..2026-08-06,baccarat_bet02_101_all_pairs_incl_sentinel,round_win = game_pnl > 0 (decisive only),COMPATIBILITY_ONLY_NOT_PRODUCTION,296357.1217,267511.9505,6650.6079,18220,18206,-0.02244119,-0.04150452,-0.02020951,-0.02244119,-6650.6079,296357.1217,OK,0.0000,266.0243,4.0000,96.0000,AG03-UNRESOLVED,ALL5_LEVELS_bet23_to_bet27,266.0243,266.0243,266.0243,332.5304,332.5304,4.000000,4.000000,4.000000,5.000000,5.000000,96.000000,96.000000,96.000000,95.000000,95.000000,5.0,1463.1337,1340.2688,5187.4742,5310.3391,PENDING_AG03,FALSE,NOT_FOR_ENFORCEMENT,6384.5836,256811.4724,6650.6079,6384.5836,266.0243,0.02244119,0.02154355,266.0243,6384.5836,0.02154355,266.0243,266.0243,266.0243,332.5304,332.5304,6384.5836,0.02154355,1463.1337,1340.2688,5187.4742,5310.3391,0.01750413,0.01791872,0.00089765,16.2655,14.6936,0.3653,59.3804,1.1678,2646.0457,162.5536,12.4780,16.8648,9.0895,16.5695,22.0926,29.825,33.4482,44.5976,11.8163,0.0,2.018664,2.691552,0.981654,30,240,141,4,0.10479828,0.02244119,0.04150452,0E-8,0.000000,0.902668,0.011910,-0.02129501,2026-03-22,2026-08-05,112,5695,2177,137,0.817518,0.739886,0.767145,0.349328,,,,,,,,GLOBAL_BASELINE_NO_ENTITY_RANKING,,,NOT_APPLICABLE_GLOBAL_BASELINE,HF9g-P5,,,,X 全窗基线 · 不参与实体赏罚,14194769,1420,A168_HF9F_20260827_0900,2026-08-27 09:00:00
2026-04-19,110249610,1941,0,62.4900583998,-17.0427432000,-17.0427432000,0.3333333,3,3,0.49324550000000000,0.493245500000,-0.5540025479526107,-0.5540025479526106,-0.5540025479526107,0E-17,ELIGIBLE,R03b_20260811_FULL_v1,L1_ELIGIBILITY,v2026-08-11,2026-03-21..2026-08-06,baccarat_bet02_101_all_pairs_incl_sentinel,round_win = game_pnl > 0 (decisive only),COMPATIBILITY_ONLY_NOT_PRODUCTION,296357.1217,267511.9505,6650.6079,18220,18206,-0.02244119,-0.04150452,-0.02020951,-0.02244119,-6650.6079,296357.1217,OK,0.0000,266.0243,4.0000,96.0000,AG03-UNRESOLVED,ALL5_LEVELS_bet23_to_bet27,266.0243,266.0243,266.0243,332.5304,332.5304,4.000000,4.000000,4.000000,5.000000,5.000000,96.000000,96.000000,96.000000,95.000000,95.000000,5.0,1463.1337,1340.2688,5187.4742,5310.3391,PENDING_AG03,FALSE,NOT_FOR_ENFORCEMENT,6384.5836,256811.4724,6650.6079,6384.5836,266.0243,0.02244119,0.02154355,266.0243,6384.5836,0.02154355,266.0243,266.0243,266.0243,332.5304,332.5304,6384.5836,0.02154355,1463.1337,1340.2688,5187.4742,5310.3391,0.01750413,0.01791872,0.00089765,16.2655,14.6936,0.3653,59.3804,1.1678,2646.0457,162.5536,12.4780,16.8648,9.0895,16.5695,22.0926,29.825,33.4482,44.5976,11.8163,0.0,2.018664,2.691552,0.981654,30,240,141,4,0.10479828,0.02244119,0.04150452,0E-8,0.000000,0.902668,0.011910,-0.02129501,2026-03-22,2026-08-05,112,5695,2177,137,0.817518,0.739886,0.767145,0.349328,,,,,,,,GLOBAL_BASELINE_NO_ENTITY_RANKING,,,NOT_APPLICABLE_GLOBAL_BASELINE,HF9g-P5,,,,X 全窗基线 · 不参与实体赏罚,14194770,1420,A168_HF9F_20260827_0900,2026-08-27 09:00:00
2026-04-19,110249610,1942,0,167.5869747993,55.0764651077,55.0764651077,0.7142857,7,7,0.50665070000000000,0.506650700000,1.098798430526454,1.098798430526454,1.098798430526454,0E-17,ELIGIBLE,R03b_20260811_FULL_v1,L1_ELIGIBILITY,v2026-08-11,2026-03-21..2026-08-06,baccarat_bet02_101_all_pairs_incl_sentinel,round_win = game_pnl > 0 (decisive only),COMPATIBILITY_ONLY_NOT_PRODUCTION,296357.1217,267511.9505,6650.6079,18220,18206,-0.02244119,-0.04150452,-0.02020951,-0.02244119,-6650.6079,296357.1217,OK,0.0000,266.0243,4.0000,96.0000,AG03-UNRESOLVED,ALL5_LEVELS_bet23_to_bet27,266.0243,266.0243,266.0243,332.5304,332.5304,4.000000,4.000000,4.000000,5.000000,5.000000,96.000000,96.000000,96.000000,95.000000,95.000000,5.0,1463.1337,1340.2688,5187.4742,5310.3391,PENDING_AG03,FALSE,NOT_FOR_ENFORCEMENT,6384.5836,256811.4724,6650.6079,6384.5836,266.0243,0.02244119,0.02154355,266.0243,6384.5836,0.02154355,266.0243,266.0243,266.0243,332.5304,332.5304,6384.5836,0.02154355,1463.1337,1340.2688,5187.4742,5310.3391,0.01750413,0.01791872,0.00089765,16.2655,14.6936,0.3653,59.3804,1.1678,2646.0457,162.5536,12.4780,16.8648,9.0895,16.5695,22.0926,29.825,33.4482,44.5976,11.8163,0.0,2.018664,2.691552,0.981654,30,240,141,4,0.10479828,0.02244119,0.04150452,0E-8,0.000000,0.902668,0.011910,-0.02129501,2026-03-22,2026-08-05,112,5695,2177,137,0.817518,0.739886,0.767145,0.349328,,,,,,,,GLOBAL_BASELINE_NO_ENTITY_RANKING,,,NOT_APPLICABLE_GLOBAL_BASELINE,HF9g-P5,,,,X 全窗基线 · 不参与实体赏罚,14194771,1420,A168_HF9F_20260827_0900,2026-08-27 09:00:00
2026-04-19,110249610,1951,0,228.5999954551,25.9049696638,25.9049696638,0.5555556,10,10,0.49592654000000000,0.495926540000,0.35778596707011096,0.35778596707011096,0.35778596707011096,0E-17,ELIGIBLE,R03b_20260811_FULL_v1,L1_ELIGIBILITY,v2026-08-11,2026-03-21..2026-08-06,baccarat_bet02_101_all_pairs_incl_sentinel,round_win = game_pnl > 0 (decisive only),COMPATIBILITY_ONLY_NOT_PRODUCTION,296357.1217,267511.9505,6650.6079,18220,18206,-0.02244119,-0.04150452,-0.02020951,-0.02244119,-6650.6079,296357.1217,OK,0.0000,266.0243,4.0000,96.0000,AG03-UNRESOLVED,ALL5_LEVELS_bet23_to_bet27,266.0243,266.0243,266.0243,332.5304,332.5304,4.000000,4.000000,4.000000,5.000000,5.000000,96.000000,96.000000,96.000000,95.000000,95.000000,5.0,1463.1337,1340.2688,5187.4742,5310.3391,PENDING_AG03,FALSE,NOT_FOR_ENFORCEMENT,6384.5836,256811.4724,6650.6079,6384.5836,266.0243,0.02244119,0.02154355,266.0243,6384.5836,0.02154355,266.0243,266.0243,266.0243,332.5304,332.5304,6384.5836,0.02154355,1463.1337,1340.2688,5187.4742,5310.3391,0.01750413,0.01791872,0.00089765,16.2655,14.6936,0.3653,59.3804,1.1678,2646.0457,162.5536,12.4780,16.8648,9.0895,16.5695,22.0926,29.825,33.4482,44.5976,11.8163,0.0,2.018664,2.691552,0.981654,30,240,141,4,0.10479828,0.02244119,0.04150452,0E-8,0.000000,0.902668,0.011910,-0.02129501,2026-03-22,2026-08-05,112,5695,2177,137,0.817518,0.739886,0.767145,0.349328,,,,,,,,GLOBAL_BASELINE_NO_ENTITY_RANKING,,,NOT_APPLICABLE_GLOBAL_BASELINE,HF9g-P5,,,,X 全窗基线 · 不参与实体赏罚,14194772,1420,A168_HF9F_20260827_0900,2026-08-27 09:00:00
2026-04-19,110249610,1957,0,32.9493035199,-10.7937373599,-10.7937373599,0.5000000,2,2,0.50665070000000000,0.506650700000,-0.018812684590367487,-0.018812684590367487,-0.018812684590367487,0E-17,ELIGIBLE,R03b_20260811_FULL_v1,L1_ELIGIBILITY,v2026-08-11,2026-03-21..2026-08-06,baccarat_bet02_101_all_pairs_incl_sentinel,round_win = game_pnl > 0 (decisive only),COMPATIBILITY_ONLY_NOT_PRODUCTION,296357.1217,267511.9505,6650.6079,18220,18206,-0.02244119,-0.04150452,-0.02020951,-0.02244119,-6650.6079,296357.1217,OK,0.0000,266.0243,4.0000,96.0000,AG03-UNRESOLVED,ALL5_LEVELS_bet23_to_bet27,266.0243,266.0243,266.0243,332.5304,332.5304,4.000000,4.000000,4.000000,5.000000,5.000000,96.000000,96.000000,96.000000,95.000000,95.000000,5.0,1463.1337,1340.2688,5187.4742,5310.3391,PENDING_AG03,FALSE,NOT_FOR_ENFORCEMENT,6384.5836,256811.4724,6650.6079,6384.5836,266.0243,0.02244119,0.02154355,266.0243,6384.5836,0.02154355,266.0243,266.0243,266.0243,332.5304,332.5304,6384.5836,0.02154355,1463.1337,1340.2688,5187.4742,5310.3391,0.01750413,0.01791872,0.00089765,16.2655,14.6936,0.3653,59.3804,1.1678,2646.0457,162.5536,12.4780,16.8648,9.0895,16.5695,22.0926,29.825,33.4482,44.5976,11.8163,0.0,2.018664,2.691552,0.981654,30,240,141,4,0.10479828,0.02244119,0.04150452,0E-8,0.000000,0.902668,0.011910,-0.02129501,2026-03-22,2026-08-05,112,5695,2177,137,0.817518,0.739886,0.767145,0.349328,,,,,,,,GLOBAL_BASELINE_NO_ENTITY_RANKING,,,NOT_APPLICABLE_GLOBAL_BASELINE,HF9g-P5,,,,X 全窗基线 · 不参与实体赏罚,14194773,1420,A168_HF9F_20260827_0900,2026-08-27 09:00:00
2026-04-19,110249610,1963,0,307.9055604790,44.3111323198,44.3111323198,0.5833333,12,12,0.49324550000000000,0.493245500000,0.6242037769425107,0.6242037769425106,0.6242037769425107,0E-17,ELIGIBLE,R03b_20260811_FULL_v1,L1_ELIGIBILITY,v2026-08-11,2026-03-21..2026-08-06,baccarat_bet02_101_all_pairs_incl_sentinel,round_win = game_pnl > 0 (decisive only),COMPATIBILITY_ONLY_NOT_PRODUCTION,296357.1217,267511.9505,6650.6079,18220,18206,-0.02244119,-0.04150452,-0.02020951,-0.02244119,-6650.6079,296357.1217,OK,0.0000,266.0243,4.0000,96.0000,AG03-UNRESOLVED,ALL5_LEVELS_bet23_to_bet27,266.0243,266.0243,266.0243,332.5304,332.5304,4.000000,4.000000,4.000000,5.000000,5.000000,96.000000,96.000000,96.000000,95.000000,95.000000,5.0,1463.1337,1340.2688,5187.4742,5310.3391,PENDING_AG03,FALSE,NOT_FOR_ENFORCEMENT,6384.5836,256811.4724,6650.6079,6384.5836,266.0243,0.02244119,0.02154355,266.0243,6384.5836,0.02154355,266.0243,266.0243,266.0243,332.5304,332.5304,6384.5836,0.02154355,1463.1337,1340.2688,5187.4742,5310.3391,0.01750413,0.01791872,0.00089765,16.2655,14.6936,0.3653,59.3804,1.1678,2646.0457,162.5536,12.4780,16.8648,9.0895,16.5695,22.0926,29.825,33.4482,44.5976,11.8163,0.0,2.018664,2.691552,0.981654,30,240,141,4,0.10479828,0.02244119,0.04150452,0E-8,0.000000,0.902668,0.011910,-0.02129501,2026-03-22,2026-08-05,112,5695,2177,137,0.817518,0.739886,0.767145,0.349328,,,,,,,,GLOBAL_BASELINE_NO_ENTITY_RANKING,,,NOT_APPLICABLE_GLOBAL_BASELINE,HF9g-P5,,,,X 全窗基线 · 不参与实体赏罚,14194774,1420,A168_HF9F_20260827_0900,2026-08-27 09:00:00
2026-04-19,110249610,1985,0,56.8091439998,-28.4045719999,-28.4045719999,0E-7,2,2,0.50665070000000000,0.506650700000,-1.013391052207602,-1.013391052207602,-1.013391052207602,0E-17,ELIGIBLE,R03b_20260811_FULL_v1,L1_ELIGIBILITY,v2026-08-11,2026-03-21..2026-08-06,baccarat_bet02_101_all_pairs_incl_sentinel,round_win = game_pnl > 0 (decisive only),COMPATIBILITY_ONLY_NOT_PRODUCTION,296357.1217,267511.9505,6650.6079,18220,18206,-0.02244119,-0.04150452,-0.02020951,-0.02244119,-6650.6079,296357.1217,OK,0.0000,266.0243,4.0000,96.0000,AG03-UNRESOLVED,ALL5_LEVELS_bet23_to_bet27,266.0243,266.0243,266.0243,332.5304,332.5304,4.000000,4.000000,4.000000,5.000000,5.000000,96.000000,96.000000,96.000000,95.000000,95.000000,5.0,1463.1337,1340.2688,5187.4742,5310.3391,PENDING_AG03,FALSE,NOT_FOR_ENFORCEMENT,6384.5836,256811.4724,6650.6079,6384.5836,266.0243,0.02244119,0.02154355,266.0243,6384.5836,0.02154355,266.0243,266.0243,266.0243,332.5304,332.5304,6384.5836,0.02154355,1463.1337,1340.2688,5187.4742,5310.3391,0.01750413,0.01791872,0.00089765,16.2655,14.6936,0.3653,59.3804,1.1678,2646.0457,162.5536,12.4780,16.8648,9.0895,16.5695,22.0926,29.825,33.4482,44.5976,11.8163,0.0,2.018664,2.691552,0.981654,30,240,141,4,0.10479828,0.02244119,0.04150452,0E-8,0.000000,0.902668,0.011910,-0.02129501,2026-03-22,2026-08-05,112,5695,2177,137,0.817518,0.739886,0.767145,0.349328,,,,,,,,GLOBAL_BASELINE_NO_ENTITY_RANKING,,,NOT_APPLICABLE_GLOBAL_BASELINE,HF9g-P5,,,,X 全窗基线 · 不参与实体赏罚,14194775,1420,A168_HF9F_20260827_0900,2026-08-27 09:00:00
2026-04-19,110249610,2077,0,221.5556615992,-17.0427432000,-17.0427432000,0.4285714,9,9,0.49771390000000000,0.497713900000,-0.3658713931578504,-0.3658713931578504,-0.3658713931578504,0E-17,ELIGIBLE,R03b_20260811_FULL_v1,L1_ELIGIBILITY,v2026-08-11,2026-03-21..2026-08-06,baccarat_bet02_101_all_pairs_incl_sentinel,round_win = game_pnl > 0 (decisive only),COMPATIBILITY_ONLY_NOT_PRODUCTION,296357.1217,267511.9505,6650.6079,18220,18206,-0.02244119,-0.04150452,-0.02020951,-0.02244119,-6650.6079,296357.1217,OK,0.0000,266.0243,4.0000,96.0000,AG03-UNRESOLVED,ALL5_LEVELS_bet23_to_bet27,266.0243,266.0243,266.0243,332.5304,332.5304,4.000000,4.000000,4.000000,5.000000,5.000000,96.000000,96.000000,96.000000,95.000000,95.000000,5.0,1463.1337,1340.2688,5187.4742,5310.3391,PENDING_AG03,FALSE,NOT_FOR_ENFORCEMENT,6384.5836,256811.4724,6650.6079,6384.5836,266.0243,0.02244119,0.02154355,266.0243,6384.5836,0.02154355,266.0243,266.0243,266.0243,332.5304,332.5304,6384.5836,0.02154355,1463.1337,1340.2688,5187.4742,5310.3391,0.01750413,0.01791872,0.00089765,16.2655,14.6936,0.3653,59.3804,1.1678,2646.0457,162.5536,12.4780,16.8648,9.0895,16.5695,22.0926,29.825,33.4482,44.5976,11.8163,0.0,2.018664,2.691552,0.981654,30,240,141,4,0.10479828,0.02244119,0.04150452,0E-8,0.000000,0.902668,0.011910,-0.02129501,2026-03-22,2026-08-05,112,5695,2177,137,0.817518,0.739886,0.767145,0.349328,,,,,,,,GLOBAL_BASELINE_NO_ENTITY_RANKING,,,NOT_APPLICABLE_GLOBAL_BASELINE,HF9g-P5,,,,X 全窗基线 · 不参与实体赏罚,14194776,1420,A168_HF9F_20260827_0900,2026-08-27 09:00:00
2026-04-19,110249610,2080,0,113.6182879996,0E-10,0E-10,0.5000000,4,4,0.49324550000000000,0.493245500000,0.027020465636507562,0.027020465636507562,0.027020465636507562,0E-17,ELIGIBLE,R03b_20260811_FULL_v1,L1_ELIGIBILITY,v2026-08-11,2026-03-21..2026-08-06,baccarat_bet02_101_all_pairs_incl_sentinel,round_win = game_pnl > 0 (decisive only),COMPATIBILITY_ONLY_NOT_PRODUCTION,296357.1217,267511.9505,6650.6079,18220,18206,-0.02244119,-0.04150452,-0.02020951,-0.02244119,-6650.6079,296357.1217,OK,0.0000,266.0243,4.0000,96.0000,AG03-UNRESOLVED,ALL5_LEVELS_bet23_to_bet27,266.0243,266.0243,266.0243,332.5304,332.5304,4.000000,4.000000,4.000000,5.000000,5.000000,96.000000,96.000000,96.000000,95.000000,95.000000,5.0,1463.1337,1340.2688,5187.4742,5310.3391,PENDING_AG03,FALSE,NOT_FOR_ENFORCEMENT,6384.5836,256811.4724,6650.6079,6384.5836,266.0243,0.02244119,0.02154355,266.0243,6384.5836,0.02154355,266.0243,266.0243,266.0243,332.5304,332.5304,6384.5836,0.02154355,1463.1337,1340.2688,5187.4742,5310.3391,0.01750413,0.01791872,0.00089765,16.2655,14.6936,0.3653,59.3804,1.1678,2646.0457,162.5536,12.4780,16.8648,9.0895,16.5695,22.0926,29.825,33.4482,44.5976,11.8163,0.0,2.018664,2.691552,0.981654,30,240,141,4,0.10479828,0.02244119,0.04150452,0E-8,0.000000,0.902668,0.011910,-0.02129501,2026-03-22,2026-08-05,112,5695,2177,137,0.817518,0.739886,0.767145,0.349328,,,,,,,,GLOBAL_BASELINE_NO_ENTITY_RANKING,,,NOT_APPLICABLE_GLOBAL_BASELINE,HF9g-P5,,,,X 全窗基线 · 不参与实体赏罚,14194777,1420,A168_HF9F_20260827_0900,2026-08-27 09:00:00
2026-04-19,110249610,2101,0,319.2673892791,124.6108573636,124.6108573636,0.7500000,9,9,0.50665070000000000,0.506650700000,1.3767133162484293,1.3767133162484293,1.3767133162484293,0E-17,ELIGIBLE,R03b_20260811_FULL_v1,L1_ELIGIBILITY,v2026-08-11,2026-03-21..2026-08-06,baccarat_bet02_101_all_pairs_incl_sentinel,round_win = game_pnl > 0 (decisive only),COMPATIBILITY_ONLY_NOT_PRODUCTION,296357.1217,267511.9505,6650.6079,18220,18206,-0.02244119,-0.04150452,-0.02020951,-0.02244119,-6650.6079,296357.1217,OK,0.0000,266.0243,4.0000,96.0000,AG03-UNRESOLVED,ALL5_LEVELS_bet23_to_bet27,266.0243,266.0243,266.0243,332.5304,332.5304,4.000000,4.000000,4.000000,5.000000,5.000000,96.000000,96.000000,96.000000,95.000000,95.000000,5.0,1463.1337,1340.2688,5187.4742,5310.3391,PENDING_AG03,FALSE,NOT_FOR_ENFORCEMENT,6384.5836,256811.4724,6650.6079,6384.5836,266.0243,0.02244119,0.02154355,266.0243,6384.5836,0.02154355,266.0243,266.0243,266.0243,332.5304,332.5304,6384.5836,0.02154355,1463.1337,1340.2688,5187.4742,5310.3391,0.01750413,0.01791872,0.00089765,16.2655,14.6936,0.3653,59.3804,1.1678,2646.0457,162.5536,12.4780,16.8648,9.0895,16.5695,22.0926,29.825,33.4482,44.5976,11.8163,0.0,2.018664,2.691552,0.981654,30,240,141,4,0.10479828,0.02244119,0.04150452,0E-8,0.000000,0.902668,0.011910,-0.02129501,2026-03-22,2026-08-05,112,5695,2177,137,0.817518,0.739886,0.767145,0.349328,,,,,,,,GLOBAL_BASELINE_NO_ENTITY_RANKING,,,NOT_APPLICABLE_GLOBAL_BASELINE,HF9g-P5,,,,X 全窗基线 · 不参与实体赏罚,14194778,1420,A168_HF9F_20260827_0900,2026-08-27 09:00:00
2026-04-19,110249610,2106,0,55.6729611198,-11.3618288000,-11.3618288000,0.5000000,2,2,0.50665070000000000,0.506650700000,-0.018812684590367487,-0.018812684590367487,-0.018812684590367487,0E-17,ELIGIBLE,R03b_20260811_FULL_v1,L1_ELIGIBILITY,v2026-08-11,2026-03-21..2026-08-06,baccarat_bet02_101_all_pairs_incl_sentinel,round_win = game_pnl > 0 (decisive only),COMPATIBILITY_ONLY_NOT_PRODUCTION,296357.1217,267511.9505,6650.6079,18220,18206,-0.02244119,-0.04150452,-0.02020951,-0.02244119,-6650.6079,296357.1217,OK,0.0000,266.0243,4.0000,96.0000,AG03-UNRESOLVED,ALL5_LEVELS_bet23_to_bet27,266.0243,266.0243,266.0243,332.5304,332.5304,4.000000,4.000000,4.000000,5.000000,5.000000,96.000000,96.000000,96.000000,95.000000,95.000000,5.0,1463.1337,1340.2688,5187.4742,5310.3391,PENDING_AG03,FALSE,NOT_FOR_ENFORCEMENT,6384.5836,256811.4724,6650.6079,6384.5836,266.0243,0.02244119,0.02154355,266.0243,6384.5836,0.02154355,266.0243,266.0243,266.0243,332.5304,332.5304,6384.5836,0.02154355,1463.1337,1340.2688,5187.4742,5310.3391,0.01750413,0.01791872,0.00089765,16.2655,14.6936,0.3653,59.3804,1.1678,2646.0457,162.5536,12.4780,16.8648,9.0895,16.5695,22.0926,29.825,33.4482,44.5976,11.8163,0.0,2.018664,2.691552,0.981654,30,240,141,4,0.10479828,0.02244119,0.04150452,0E-8,0.000000,0.902668,0.011910,-0.02129501,2026-03-22,2026-08-05,112,5695,2177,137,0.817518,0.739886,0.767145,0.349328,,,,,,,,GLOBAL_BASELINE_NO_ENTITY_RANKING,,,NOT_APPLICABLE_GLOBAL_BASELINE,HF9g-P5,,,,X 全窗基线 · 不参与实体赏罚,14194779,1420,A168_HF9F_20260827_0900,2026-08-27 09:00:00
2026-04-19,110249610,2117,0,23.2917490399,-23.2917490399,-23.2917490399,0E-7,1,1,0.49324550000000000,0.493245500000,-0.9865810262130424,-0.9865810262130424,-0.9865810262130424,0E-17,ELIGIBLE,R03b_20260811_FULL_v1,L1_ELIGIBILITY,v2026-08-11,2026-03-21..2026-08-06,baccarat_bet02_101_all_pairs_incl_sentinel,round_win = game_pnl > 0 (decisive only),COMPATIBILITY_ONLY_NOT_PRODUCTION,296357.1217,267511.9505,6650.6079,18220,18206,-0.02244119,-0.04150452,-0.02020951,-0.02244119,-6650.6079,296357.1217,OK,0.0000,266.0243,4.0000,96.0000,AG03-UNRESOLVED,ALL5_LEVELS_bet23_to_bet27,266.0243,266.0243,266.0243,332.5304,332.5304,4.000000,4.000000,4.000000,5.000000,5.000000,96.000000,96.000000,96.000000,95.000000,95.000000,5.0,1463.1337,1340.2688,5187.4742,5310.3391,PENDING_AG03,FALSE,NOT_FOR_ENFORCEMENT,6384.5836,256811.4724,6650.6079,6384.5836,266.0243,0.02244119,0.02154355,266.0243,6384.5836,0.02154355,266.0243,266.0243,266.0243,332.5304,332.5304,6384.5836,0.02154355,1463.1337,1340.2688,5187.4742,5310.3391,0.01750413,0.01791872,0.00089765,16.2655,14.6936,0.3653,59.3804,1.1678,2646.0457,162.5536,12.4780,16.8648,9.0895,16.5695,22.0926,29.825,33.4482,44.5976,11.8163,0.0,2.018664,2.691552,0.981654,30,240,141,4,0.10479828,0.02244119,0.04150452,0E-8,0.000000,0.902668,0.011910,-0.02129501,2026-03-22,2026-08-05,112,5695,2177,137,0.817518,0.739886,0.767145,0.349328,,,,,,,,GLOBAL_BASELINE_NO_ENTITY_RANKING,,,NOT_APPLICABLE_GLOBAL_BASELINE,HF9g-P5,,,,X 全窗基线 · 不参与实体赏罚,14194780,1420,A168_HF9F_20260827_0900,2026-08-27 09:00:00
2026-04-19,110249610,2127,0,284.0457199990,34.6535778399,34.6535778399,0.5000000,11,11,0.50543204545454545,0.505432045455,-0.034357299609462925,-0.034357299612338264,-0.034357299609462925,-4.5455E-13,ELIGIBLE,R03b_20260811_FULL_v1,L1_ELIGIBILITY,v2026-08-11,2026-03-21..2026-08-06,baccarat_bet02_101_all_pairs_incl_sentinel,round_win = game_pnl > 0 (decisive only),COMPATIBILITY_ONLY_NOT_PRODUCTION,296357.1217,267511.9505,6650.6079,18220,18206,-0.02244119,-0.04150452,-0.02020951,-0.02244119,-6650.6079,296357.1217,OK,0.0000,266.0243,4.0000,96.0000,AG03-UNRESOLVED,ALL5_LEVELS_bet23_to_bet27,266.0243,266.0243,266.0243,332.5304,332.5304,4.000000,4.000000,4.000000,5.000000,5.000000,96.000000,96.000000,96.000000,95.000000,95.000000,5.0,1463.1337,1340.2688,5187.4742,5310.3391,PENDING_AG03,FALSE,NOT_FOR_ENFORCEMENT,6384.5836,256811.4724,6650.6079,6384.5836,266.0243,0.02244119,0.02154355,266.0243,6384.5836,0.02154355,266.0243,266.0243,266.0243,332.5304,332.5304,6384.5836,0.02154355,1463.1337,1340.2688,5187.4742,5310.3391,0.01750413,0.01791872,0.00089765,16.2655,14.6936,0.3653,59.3804,1.1678,2646.0457,162.5536,12.4780,16.8648,9.0895,16.5695,22.0926,29.825,33.4482,44.5976,11.8163,0.0,2.018664,2.691552,0.981654,30,240,141,4,0.10479828,0.02244119,0.04150452,0E-8,0.000000,0.902668,0.011910,-0.02129501,2026-03-22,2026-08-05,112,5695,2177,137,0.817518,0.739886,0.767145,0.349328,,,,,,,,GLOBAL_BASELINE_NO_ENTITY_RANKING,,,NOT_APPLICABLE_GLOBAL_BASELINE,HF9g-P5,,,,X 全窗基线 · 不参与实体赏罚,14194781,1420,A168_HF9F_20260827_0900,2026-08-27 09:00:00
2026-04-19,110249610,2134,0,38.6302179198,-5.3968686800,-5.3968686800,0.5000000,2,2,0.50665070000000000,0.506650700000,-0.018812684590367487,-0.018812684590367487,-0.018812684590367487,0E-17,ELIGIBLE,R03b_20260811_FULL_v1,L1_ELIGIBILITY,v2026-08-11,2026-03-21..2026-08-06,baccarat_bet02_101_all_pairs_incl_sentinel,round_win = game_pnl > 0 (decisive only),COMPATIBILITY_ONLY_NOT_PRODUCTION,296357.1217,267511.9505,6650.6079,18220,18206,-0.02244119,-0.04150452,-0.02020951,-0.02244119,-6650.6079,296357.1217,OK,0.0000,266.0243,4.0000,96.0000,AG03-UNRESOLVED,ALL5_LEVELS_bet23_to_bet27,266.0243,266.0243,266.0243,332.5304,332.5304,4.000000,4.000000,4.000000,5.000000,5.000000,96.000000,96.000000,96.000000,95.000000,95.000000,5.0,1463.1337,1340.2688,5187.4742,5310.3391,PENDING_AG03,FALSE,NOT_FOR_ENFORCEMENT,6384.5836,256811.4724,6650.6079,6384.5836,266.0243,0.02244119,0.02154355,266.0243,6384.5836,0.02154355,266.0243,266.0243,266.0243,332.5304,332.5304,6384.5836,0.02154355,1463.1337,1340.2688,5187.4742,5310.3391,0.01750413,0.01791872,0.00089765,16.2655,14.6936,0.3653,59.3804,1.1678,2646.0457,162.5536,12.4780,16.8648,9.0895,16.5695,22.0926,29.825,33.4482,44.5976,11.8163,0.0,2.018664,2.691552,0.981654,30,240,141,4,0.10479828,0.02244119,0.04150452,0E-8,0.000000,0.902668,0.011910,-0.02129501,2026-03-22,2026-08-05,112,5695,2177,137,0.817518,0.739886,0.767145,0.349328,,,,,,,,GLOBAL_BASELINE_NO_ENTITY_RANKING,,,NOT_APPLICABLE_GLOBAL_BASELINE,HF9g-P5,,,,X 全窗基线 · 不参与实体赏罚,14194782,1420,A168_HF9F_20260827_0900,2026-08-27 09:00:00
2026-04-19,110249610,2141,0,17.0427431999,-17.0427431999,-17.0427431999,0E-7,1,1,0.49324550000000000,0.493245500000,-0.9865810262130424,-0.9865810262130424,-0.9865810262130424,0E-17,ELIGIBLE,R03b_20260811_FULL_v1,L1_ELIGIBILITY,v2026-08-11,2026-03-21..2026-08-06,baccarat_bet02_101_all_pairs_incl_sentinel,round_win = game_pnl > 0 (decisive only),COMPATIBILITY_ONLY_NOT_PRODUCTION,296357.1217,267511.9505,6650.6079,18220,18206,-0.02244119,-0.04150452,-0.02020951,-0.02244119,-6650.6079,296357.1217,OK,0.0000,266.0243,4.0000,96.0000,AG03-UNRESOLVED,ALL5_LEVELS_bet23_to_bet27,266.0243,266.0243,266.0243,332.5304,332.5304,4.000000,4.000000,4.000000,5.000000,5.000000,96.000000,96.000000,96.000000,95.000000,95.000000,5.0,1463.1337,1340.2688,5187.4742,5310.3391,PENDING_AG03,FALSE,NOT_FOR_ENFORCEMENT,6384.5836,256811.4724,6650.6079,6384.5836,266.0243,0.02244119,0.02154355,266.0243,6384.5836,0.02154355,266.0243,266.0243,266.0243,332.5304,332.5304,6384.5836,0.02154355,1463.1337,1340.2688,5187.4742,5310.3391,0.01750413,0.01791872,0.00089765,16.2655,14.6936,0.3653,59.3804,1.1678,2646.0457,162.5536,12.4780,16.8648,9.0895,16.5695,22.0926,29.825,33.4482,44.5976,11.8163,0.0,2.018664,2.691552,0.981654,30,240,141,4,0.10479828,0.02244119,0.04150452,0E-8,0.000000,0.902668,0.011910,-0.02129501,2026-03-22,2026-08-05,112,5695,2177,137,0.817518,0.739886,0.767145,0.349328,,,,,,,,GLOBAL_BASELINE_NO_ENTITY_RANKING,,,NOT_APPLICABLE_GLOBAL_BASELINE,HF9g-P5,,,,X 全窗基线 · 不参与实体赏罚,14194783,1420,A168_HF9F_20260827_0900,2026-08-27 09:00:00
2026-04-19,110249610,2153,0,291.4309087190,162.0764878314,162.0764878314,0.8750000,10,10,0.50531018000000000,0.505310180000,2.0913993791951655,2.0913993791951655,2.0913993791951655,0E-17,ELIGIBLE,R03b_20260811_FULL_v1,L1_ELIGIBILITY,v2026-08-11,2026-03-21..2026-08-06,baccarat_bet02_101_all_pairs_incl_sentinel,round_win = game_pnl > 0 (decisive only),COMPATIBILITY_ONLY_NOT_PRODUCTION,296357.1217,267511.9505,6650.6079,18220,18206,-0.02244119,-0.04150452,-0.02020951,-0.02244119,-6650.6079,296357.1217,OK,0.0000,266.0243,4.0000,96.0000,AG03-UNRESOLVED,ALL5_LEVELS_bet23_to_bet27,266.0243,266.0243,266.0243,332.5304,332.5304,4.000000,4.000000,4.000000,5.000000,5.000000,96.000000,96.000000,96.000000,95.000000,95.000000,5.0,1463.1337,1340.2688,5187.4742,5310.3391,PENDING_AG03,FALSE,NOT_FOR_ENFORCEMENT,6384.5836,256811.4724,6650.6079,6384.5836,266.0243,0.02244119,0.02154355,266.0243,6384.5836,0.02154355,266.0243,266.0243,266.0243,332.5304,332.5304,6384.5836,0.02154355,1463.1337,1340.2688,5187.4742,5310.3391,0.01750413,0.01791872,0.00089765,16.2655,14.6936,0.3653,59.3804,1.1678,2646.0457,162.5536,12.4780,16.8648,9.0895,16.5695,22.0926,29.825,33.4482,44.5976,11.8163,0.0,2.018664,2.691552,0.981654,30,240,141,4,0.10479828,0.02244119,0.04150452,0E-8,0.000000,0.902668,0.011910,-0.02129501,2026-03-22,2026-08-05,112,5695,2177,137,0.817518,0.739886,0.767145,0.349328,,,,,,,,GLOBAL_BASELINE_NO_ENTITY_RANKING,,,NOT_APPLICABLE_GLOBAL_BASELINE,HF9g-P5,,,,X 全窗基线 · 不参与实体赏罚,14194784,1420,A168_HF9F_20260827_0900,2026-08-27 09:00:00
2026-04-19,110249610,2155,0,143.2726611674,42.9420319495,42.9420319495,0.6666667,7,7,0.50090561428571429,0.500905614286,0.8120613271247304,0.8120613271233317,0.8120613271247304,-2.8571E-13,ELIGIBLE,R03b_20260811_FULL_v1,L1_ELIGIBILITY,v2026-08-11,2026-03-21..2026-08-06,baccarat_bet02_101_all_pairs_incl_sentinel,round_win = game_pnl > 0 (decisive only),COMPATIBILITY_ONLY_NOT_PRODUCTION,296357.1217,267511.9505,6650.6079,18220,18206,-0.02244119,-0.04150452,-0.02020951,-0.02244119,-6650.6079,296357.1217,OK,0.0000,266.0243,4.0000,96.0000,AG03-UNRESOLVED,ALL5_LEVELS_bet23_to_bet27,266.0243,266.0243,266.0243,332.5304,332.5304,4.000000,4.000000,4.000000,5.000000,5.000000,96.000000,96.000000,96.000000,95.000000,95.000000,5.0,1463.1337,1340.2688,5187.4742,5310.3391,PENDING_AG03,FALSE,NOT_FOR_ENFORCEMENT,6384.5836,256811.4724,6650.6079,6384.5836,266.0243,0.02244119,0.02154355,266.0243,6384.5836,0.02154355,266.0243,266.0243,266.0243,332.5304,332.5304,6384.5836,0.02154355,1463.1337,1340.2688,5187.4742,5310.3391,0.01750413,0.01791872,0.00089765,16.2655,14.6936,0.3653,59.3804,1.1678,2646.0457,162.5536,12.4780,16.8648,9.0895,16.5695,22.0926,29.825,33.4482,44.5976,11.8163,0.0,2.018664,2.691552,0.981654,30,240,141,4,0.10479828,0.02244119,0.04150452,0E-8,0.000000,0.902668,0.011910,-0.02129501,2026-03-22,2026-08-05,112,5695,2177,137,0.817518,0.739886,0.767145,0.349328,,,,,,,,GLOBAL_BASELINE_NO_ENTITY_RANKING,,,NOT_APPLICABLE_GLOBAL_BASELINE,HF9g-P5,,,,X 全窗基线 · 不参与实体赏罚,14194785,1420,A168_HF9F_20260827_0900,2026-08-27 09:00:00
2026-04-19,110249610,2169,0,36.3578521598,-3.1245029200,-3.1245029200,0.5000000,2,2,0.50665070000000000,0.506650700000,-0.018812684590367487,-0.018812684590367487,-0.018812684590367487,0E-17,ELIGIBLE,R03b_20260811_FULL_v1,L1_ELIGIBILITY,v2026-08-11,2026-03-21..2026-08-06,baccarat_bet02_101_all_pairs_incl_sentinel,round_win = game_pnl > 0 (decisive only),COMPATIBILITY_ONLY_NOT_PRODUCTION,296357.1217,267511.9505,6650.6079,18220,18206,-0.02244119,-0.04150452,-0.02020951,-0.02244119,-6650.6079,296357.1217,OK,0.0000,266.0243,4.0000,96.0000,AG03-UNRESOLVED,ALL5_LEVELS_bet23_to_bet27,266.0243,266.0243,266.0243,332.5304,332.5304,4.000000,4.000000,4.000000,5.000000,5.000000,96.000000,96.000000,96.000000,95.000000,95.000000,5.0,1463.1337,1340.2688,5187.4742,5310.3391,PENDING_AG03,FALSE,NOT_FOR_ENFORCEMENT,6384.5836,256811.4724,6650.6079,6384.5836,266.0243,0.02244119,0.02154355,266.0243,6384.5836,0.02154355,266.0243,266.0243,266.0243,332.5304,332.5304,6384.5836,0.02154355,1463.1337,1340.2688,5187.4742,5310.3391,0.01750413,0.01791872,0.00089765,16.2655,14.6936,0.3653,59.3804,1.1678,2646.0457,162.5536,12.4780,16.8648,9.0895,16.5695,22.0926,29.825,33.4482,44.5976,11.8163,0.0,2.018664,2.691552,0.981654,30,240,141,4,0.10479828,0.02244119,0.04150452,0E-8,0.000000,0.902668,0.011910,-0.02129501,2026-03-22,2026-08-05,112,5695,2177,137,0.817518,0.739886,0.767145,0.349328,,,,,,,,GLOBAL_BASELINE_NO_ENTITY_RANKING,,,NOT_APPLICABLE_GLOBAL_BASELINE,HF9g-P5,,,,X 全窗基线 · 不参与实体赏罚,14194786,1420,A168_HF9F_20260827_0900,2026-08-27 09:00:00
2026-04-19,110249610,2170,0,49.9920467198,-16.7586974800,-16.7586974800,0.5000000,2,2,0.50665070000000000,0.506650700000,-0.018812684590367487,-0.018812684590367487,-0.018812684590367487,0E-17,ELIGIBLE,R03b_20260811_FULL_v1,L1_ELIGIBILITY,v2026-08-11,2026-03-21..2026-08-06,baccarat_bet02_101_all_pairs_incl_sentinel,round_win = game_pnl > 0 (decisive only),COMPATIBILITY_ONLY_NOT_PRODUCTION,296357.1217,267511.9505,6650.6079,18220,18206,-0.02244119,-0.04150452,-0.02020951,-0.02244119,-6650.6079,296357.1217,OK,0.0000,266.0243,4.0000,96.0000,AG03-UNRESOLVED,ALL5_LEVELS_bet23_to_bet27,266.0243,266.0243,266.0243,332.5304,332.5304,4.000000,4.000000,4.000000,5.000000,5.000000,96.000000,96.000000,96.000000,95.000000,95.000000,5.0,1463.1337,1340.2688,5187.4742,5310.3391,PENDING_AG03,FALSE,NOT_FOR_ENFORCEMENT,6384.5836,256811.4724,6650.6079,6384.5836,266.0243,0.02244119,0.02154355,266.0243,6384.5836,0.02154355,266.0243,266.0243,266.0243,332.5304,332.5304,6384.5836,0.02154355,1463.1337,1340.2688,5187.4742,5310.3391,0.01750413,0.01791872,0.00089765,16.2655,14.6936,0.3653,59.3804,1.1678,2646.0457,162.5536,12.4780,16.8648,9.0895,16.5695,22.0926,29.825,33.4482,44.5976,11.8163,0.0,2.018664,2.691552,0.981654,30,240,141,4,0.10479828,0.02244119,0.04150452,0E-8,0.000000,0.902668,0.011910,-0.02129501,2026-03-22,2026-08-05,112,5695,2177,137,0.817518,0.739886,0.767145,0.349328,,,,,,,,GLOBAL_BASELINE_NO_ENTITY_RANKING,,,NOT_APPLICABLE_GLOBAL_BASELINE,HF9g-P5,,,,X 全窗基线 · 不参与实体赏罚,14194787,1420,A168_HF9F_20260827_0900,2026-08-27 09:00:00
2026-04-19,110249610,2188,0,121.5715681594,33.5173949598,33.5173949598,0.7142857,7,7,0.50665070000000000,0.506650700000,1.098798430526454,1.098798430526454,1.098798430526454,0E-17,ELIGIBLE,R03b_20260811_FULL_v1,L1_ELIGIBILITY,v2026-08-11,2026-03-21..2026-08-06,baccarat_bet02_101_all_pairs_incl_sentinel,round_win = game_pnl > 0 (decisive only),COMPATIBILITY_ONLY_NOT_PRODUCTION,296357.1217,267511.9505,6650.6079,18220,18206,-0.02244119,-0.04150452,-0.02020951,-0.02244119,-6650.6079,296357.1217,OK,0.0000,266.0243,4.0000,96.0000,AG03-UNRESOLVED,ALL5_LEVELS_bet23_to_bet27,266.0243,266.0243,266.0243,332.5304,332.5304,4.000000,4.000000,4.000000,5.000000,5.000000,96.000000,96.000000,96.000000,95.000000,95.000000,5.0,1463.1337,1340.2688,5187.4742,5310.3391,PENDING_AG03,FALSE,NOT_FOR_ENFORCEMENT,6384.5836,256811.4724,6650.6079,6384.5836,266.0243,0.02244119,0.02154355,266.0243,6384.5836,0.02154355,266.0243,266.0243,266.0243,332.5304,332.5304,6384.5836,0.02154355,1463.1337,1340.2688,5187.4742,5310.3391,0.01750413,0.01791872,0.00089765,16.2655,14.6936,0.3653,59.3804,1.1678,2646.0457,162.5536,12.4780,16.8648,9.0895,16.5695,22.0926,29.825,33.4482,44.5976,11.8163,0.0,2.018664,2.691552,0.981654,30,240,141,4,0.10479828,0.02244119,0.04150452,0E-8,0.000000,0.902668,0.011910,-0.02129501,2026-03-22,2026-08-05,112,5695,2177,137,0.817518,0.739886,0.767145,0.349328,,,,,,,,GLOBAL_BASELINE_NO_ENTITY_RANKING,,,NOT_APPLICABLE_GLOBAL_BASELINE,HF9g-P5,,,,X 全窗基线 · 不参与实体赏罚,14194788,1420,A168_HF9F_20260827_0900,2026-08-27 09:00:00
2026-04-19,110249610,2196,0,122.1396595995,-44.5951780399,-44.5951780399,0.4000000,5,5,0.50396966000000000,0.503969660000,-0.4649811094771361,-0.4649811094771361,-0.4649811094771361,0E-17,ELIGIBLE,R03b_20260811_FULL_v1,L1_ELIGIBILITY,v2026-08-11,2026-03-21..2026-08-06,baccarat_bet02_101_all_pairs_incl_sentinel,round_win = game_pnl > 0 (decisive only),COMPATIBILITY_ONLY_NOT_PRODUCTION,296357.1217,267511.9505,6650.6079,18220,18206,-0.02244119,-0.04150452,-0.02020951,-0.02244119,-6650.6079,296357.1217,OK,0.0000,266.0243,4.0000,96.0000,AG03-UNRESOLVED,ALL5_LEVELS_bet23_to_bet27,266.0243,266.0243,266.0243,332.5304,332.5304,4.000000,4.000000,4.000000,5.000000,5.000000,96.000000,96.000000,96.000000,95.000000,95.000000,5.0,1463.1337,1340.2688,5187.4742,5310.3391,PENDING_AG03,FALSE,NOT_FOR_ENFORCEMENT,6384.5836,256811.4724,6650.6079,6384.5836,266.0243,0.02244119,0.02154355,266.0243,6384.5836,0.02154355,266.0243,266.0243,266.0243,332.5304,332.5304,6384.5836,0.02154355,1463.1337,1340.2688,5187.4742,5310.3391,0.01750413,0.01791872,0.00089765,16.2655,14.6936,0.3653,59.3804,1.1678,2646.0457,162.5536,12.4780,16.8648,9.0895,16.5695,22.0926,29.825,33.4482,44.5976,11.8163,0.0,2.018664,2.691552,0.981654,30,240,141,4,0.10479828,0.02244119,0.04150452,0E-8,0.000000,0.902668,0.011910,-0.02129501,2026-03-22,2026-08-05,112,5695,2177,137,0.817518,0.739886,0.767145,0.349328,,,,,,,,GLOBAL_BASELINE_NO_ENTITY_RANKING,,,NOT_APPLICABLE_GLOBAL_BASELINE,HF9g-P5,,,,X 全窗基线 · 不参与实体赏罚,14194789,1420,A168_HF9F_20260827_0900,2026-08-27 09:00:00
2026-04-19,110249610,2212,0,51.1282295998,-6.8170972800,-6.8170972800,0.5000000,2,2,0.50665070000000000,0.506650700000,-0.018812684590367487,-0.018812684590367487,-0.018812684590367487,0E-17,ELIGIBLE,R03b_20260811_FULL_v1,L1_ELIGIBILITY,v2026-08-11,2026-03-21..2026-08-06,baccarat_bet02_101_all_pairs_incl_sentinel,round_win = game_pnl > 0 (decisive only),COMPATIBILITY_ONLY_NOT_PRODUCTION,296357.1217,267511.9505,6650.6079,18220,18206,-0.02244119,-0.04150452,-0.02020951,-0.02244119,-6650.6079,296357.1217,OK,0.0000,266.0243,4.0000,96.0000,AG03-UNRESOLVED,ALL5_LEVELS_bet23_to_bet27,266.0243,266.0243,266.0243,332.5304,332.5304,4.000000,4.000000,4.000000,5.000000,5.000000,96.000000,96.000000,96.000000,95.000000,95.000000,5.0,1463.1337,1340.2688,5187.4742,5310.3391,PENDING_AG03,FALSE,NOT_FOR_ENFORCEMENT,6384.5836,256811.4724,6650.6079,6384.5836,266.0243,0.02244119,0.02154355,266.0243,6384.5836,0.02154355,266.0243,266.0243,266.0243,332.5304,332.5304,6384.5836,0.02154355,1463.1337,1340.2688,5187.4742,5310.3391,0.01750413,0.01791872,0.00089765,16.2655,14.6936,0.3653,59.3804,1.1678,2646.0457,162.5536,12.4780,16.8648,9.0895,16.5695,22.0926,29.825,33.4482,44.5976,11.8163,0.0,2.018664,2.691552,0.981654,30,240,141,4,0.10479828,0.02244119,0.04150452,0E-8,0.000000,0.902668,0.011910,-0.02129501,2026-03-22,2026-08-05,112,5695,2177,137,0.817518,0.739886,0.767145,0.349328,,,,,,,,GLOBAL_BASELINE_NO_ENTITY_RANKING,,,NOT_APPLICABLE_GLOBAL_BASELINE,HF9g-P5,,,,X 全窗基线 · 不参与实体赏罚,14194790,1420,A168_HF9F_20260827_0900,2026-08-27 09:00:00
2026-04-19,110249610,2222,0,120.4353852794,21.5874747199,21.5874747199,0.6000000,6,6,0.49324550000000000,0.493245500000,0.47746420675292983,0.47746420675292983,0.47746420675292983,0E-17,ELIGIBLE,R03b_20260811_FULL_v1,L1_ELIGIBILITY,v2026-08-11,2026-03-21..2026-08-06,baccarat_bet02_101_all_pairs_incl_sentinel,round_win = game_pnl > 0 (decisive only),COMPATIBILITY_ONLY_NOT_PRODUCTION,296357.1217,267511.9505,6650.6079,18220,18206,-0.02244119,-0.04150452,-0.02020951,-0.02244119,-6650.6079,296357.1217,OK,0.0000,266.0243,4.0000,96.0000,AG03-UNRESOLVED,ALL5_LEVELS_bet23_to_bet27,266.0243,266.0243,266.0243,332.5304,332.5304,4.000000,4.000000,4.000000,5.000000,5.000000,96.000000,96.000000,96.000000,95.000000,95.000000,5.0,1463.1337,1340.2688,5187.4742,5310.3391,PENDING_AG03,FALSE,NOT_FOR_ENFORCEMENT,6384.5836,256811.4724,6650.6079,6384.5836,266.0243,0.02244119,0.02154355,266.0243,6384.5836,0.02154355,266.0243,266.0243,266.0243,332.5304,332.5304,6384.5836,0.02154355,1463.1337,1340.2688,5187.4742,5310.3391,0.01750413,0.01791872,0.00089765,16.2655,14.6936,0.3653,59.3804,1.1678,2646.0457,162.5536,12.4780,16.8648,9.0895,16.5695,22.0926,29.825,33.4482,44.5976,11.8163,0.0,2.018664,2.691552,0.981654,30,240,141,4,0.10479828,0.02244119,0.04150452,0E-8,0.000000,0.902668,0.011910,-0.02129501,2026-03-22,2026-08-05,112,5695,2177,137,0.817518,0.739886,0.767145,0.349328,,,,,,,,GLOBAL_BASELINE_NO_ENTITY_RANKING,,,NOT_APPLICABLE_GLOBAL_BASELINE,HF9g-P5,,,,X 全窗基线 · 不参与实体赏罚,14194791,1420,A168_HF9F_20260827_0900,2026-08-27 09:00:00
2026-04-19,110249610,2224,0,231.2132160791,-30.3644874679,-30.3644874679,0.4285714,9,9,0.49771390000000000,0.497713900000,-0.3658713931578504,-0.3658713931578504,-0.3658713931578504,0E-17,ELIGIBLE,R03b_20260811_FULL_v1,L1_ELIGIBILITY,v2026-08-11,2026-03-21..2026-08-06,baccarat_bet02_101_all_pairs_incl_sentinel,round_win = game_pnl > 0 (decisive only),COMPATIBILITY_ONLY_NOT_PRODUCTION,296357.1217,267511.9505,6650.6079,18220,18206,-0.02244119,-0.04150452,-0.02020951,-0.02244119,-6650.6079,296357.1217,OK,0.0000,266.0243,4.0000,96.0000,AG03-UNRESOLVED,ALL5_LEVELS_bet23_to_bet27,266.0243,266.0243,266.0243,332.5304,332.5304,4.000000,4.000000,4.000000,5.000000,5.000000,96.000000,96.000000,96.000000,95.000000,95.000000,5.0,1463.1337,1340.2688,5187.4742,5310.3391,PENDING_AG03,FALSE,NOT_FOR_ENFORCEMENT,6384.5836,256811.4724,6650.6079,6384.5836,266.0243,0.02244119,0.02154355,266.0243,6384.5836,0.02154355,266.0243,266.0243,266.0243,332.5304,332.5304,6384.5836,0.02154355,1463.1337,1340.2688,5187.4742,5310.3391,0.01750413,0.01791872,0.00089765,16.2655,14.6936,0.3653,59.3804,1.1678,2646.0457,162.5536,12.4780,16.8648,9.0895,16.5695,22.0926,29.825,33.4482,44.5976,11.8163,0.0,2.018664,2.691552,0.981654,30,240,141,4,0.10479828,0.02244119,0.04150452,0E-8,0.000000,0.902668,0.011910,-0.02129501,2026-03-22,2026-08-05,112,5695,2177,137,0.817518,0.739886,0.767145,0.349328,,,,,,,,GLOBAL_BASELINE_NO_ENTITY_RANKING,,,NOT_APPLICABLE_GLOBAL_BASELINE,HF9g-P5,,,,X 全窗基线 · 不参与实体赏罚,14194792,1420,A168_HF9F_20260827_0900,2026-08-27 09:00:00
2026-04-19,110249610,2229,0,22.7236576000,-0.5680914400,-0.5680914400,0.5000000,2,2,0.50665070000000000,0.506650700000,-0.018812684590367487,-0.018812684590367487,-0.018812684590367487,0E-17,ELIGIBLE,R03b_20260811_FULL_v1,L1_ELIGIBILITY,v2026-08-11,2026-03-21..2026-08-06,baccarat_bet02_101_all_pairs_incl_sentinel,round_win = game_pnl > 0 (decisive only),COMPATIBILITY_ONLY_NOT_PRODUCTION,296357.1217,267511.9505,6650.6079,18220,18206,-0.02244119,-0.04150452,-0.02020951,-0.02244119,-6650.6079,296357.1217,OK,0.0000,266.0243,4.0000,96.0000,AG03-UNRESOLVED,ALL5_LEVELS_bet23_to_bet27,266.0243,266.0243,266.0243,332.5304,332.5304,4.000000,4.000000,4.000000,5.000000,5.000000,96.000000,96.000000,96.000000,95.000000,95.000000,5.0,1463.1337,1340.2688,5187.4742,5310.3391,PENDING_AG03,FALSE,NOT_FOR_ENFORCEMENT,6384.5836,256811.4724,6650.6079,6384.5836,266.0243,0.02244119,0.02154355,266.0243,6384.5836,0.02154355,266.0243,266.0243,266.0243,332.5304,332.5304,6384.5836,0.02154355,1463.1337,1340.2688,5187.4742,5310.3391,0.01750413,0.01791872,0.00089765,16.2655,14.6936,0.3653,59.3804,1.1678,2646.0457,162.5536,12.4780,16.8648,9.0895,16.5695,22.0926,29.825,33.4482,44.5976,11.8163,0.0,2.018664,2.691552,0.981654,30,240,141,4,0.10479828,0.02244119,0.04150452,0E-8,0.000000,0.902668,0.011910,-0.02129501,2026-03-22,2026-08-05,112,5695,2177,137,0.817518,0.739886,0.767145,0.349328,,,,,,,,GLOBAL_BASELINE_NO_ENTITY_RANKING,,,NOT_APPLICABLE_GLOBAL_BASELINE,HF9g-P5,,,,X 全窗基线 · 不参与实体赏罚,14194793,1420,A168_HF9F_20260827_0900,2026-08-27 09:00:00
2026-04-19,110249610,2233,0,113.6182879995,-36.0738064399,-36.0738064399,0.4000000,5,5,0.50396966000000000,0.503969660000,-0.4649811094771361,-0.4649811094771361,-0.4649811094771361,0E-17,ELIGIBLE,R03b_20260811_FULL_v1,L1_ELIGIBILITY,v2026-08-11,2026-03-21..2026-08-06,baccarat_bet02_101_all_pairs_incl_sentinel,round_win = game_pnl > 0 (decisive only),COMPATIBILITY_ONLY_NOT_PRODUCTION,296357.1217,267511.9505,6650.6079,18220,18206,-0.02244119,-0.04150452,-0.02020951,-0.02244119,-6650.6079,296357.1217,OK,0.0000,266.0243,4.0000,96.0000,AG03-UNRESOLVED,ALL5_LEVELS_bet23_to_bet27,266.0243,266.0243,266.0243,332.5304,332.5304,4.000000,4.000000,4.000000,5.000000,5.000000,96.000000,96.000000,96.000000,95.000000,95.000000,5.0,1463.1337,1340.2688,5187.4742,5310.3391,PENDING_AG03,FALSE,NOT_FOR_ENFORCEMENT,6384.5836,256811.4724,6650.6079,6384.5836,266.0243,0.02244119,0.02154355,266.0243,6384.5836,0.02154355,266.0243,266.0243,266.0243,332.5304,332.5304,6384.5836,0.02154355,1463.1337,1340.2688,5187.4742,5310.3391,0.01750413,0.01791872,0.00089765,16.2655,14.6936,0.3653,59.3804,1.1678,2646.0457,162.5536,12.4780,16.8648,9.0895,16.5695,22.0926,29.825,33.4482,44.5976,11.8163,0.0,2.018664,2.691552,0.981654,30,240,141,4,0.10479828,0.02244119,0.04150452,0E-8,0.000000,0.902668,0.011910,-0.02129501,2026-03-22,2026-08-05,112,5695,2177,137,0.817518,0.739886,0.767145,0.349328,,,,,,,,GLOBAL_BASELINE_NO_ENTITY_RANKING,,,NOT_APPLICABLE_GLOBAL_BASELINE,HF9g-P5,,,,X 全窗基线 · 不参与实体赏罚,14194794,1420,A168_HF9F_20260827_0900,2026-08-27 09:00:00
2026-04-19,110249610,2235,0,11.3618288000,11.3618288000,11.3618288000,1.0000000,1,1,0.49324550000000000,0.493245500000,1.01360149184955,1.01360149184955,1.01360149184955,0E-17,ELIGIBLE,R03b_20260811_FULL_v1,L1_ELIGIBILITY,v2026-08-11,2026-03-21..2026-08-06,baccarat_bet02_101_all_pairs_incl_sentinel,round_win = game_pnl > 0 (decisive only),COMPATIBILITY_ONLY_NOT_PRODUCTION,296357.1217,267511.9505,6650.6079,18220,18206,-0.02244119,-0.04150452,-0.02020951,-0.02244119,-6650.6079,296357.1217,OK,0.0000,266.0243,4.0000,96.0000,AG03-UNRESOLVED,ALL5_LEVELS_bet23_to_bet27,266.0243,266.0243,266.0243,332.5304,332.5304,4.000000,4.000000,4.000000,5.000000,5.000000,96.000000,96.000000,96.000000,95.000000,95.000000,5.0,1463.1337,1340.2688,5187.4742,5310.3391,PENDING_AG03,FALSE,NOT_FOR_ENFORCEMENT,6384.5836,256811.4724,6650.6079,6384.5836,266.0243,0.02244119,0.02154355,266.0243,6384.5836,0.02154355,266.0243,266.0243,266.0243,332.5304,332.5304,6384.5836,0.02154355,1463.1337,1340.2688,5187.4742,5310.3391,0.01750413,0.01791872,0.00089765,16.2655,14.6936,0.3653,59.3804,1.1678,2646.0457,162.5536,12.4780,16.8648,9.0895,16.5695,22.0926,29.825,33.4482,44.5976,11.8163,0.0,2.018664,2.691552,0.981654,30,240,141,4,0.10479828,0.02244119,0.04150452,0E-8,0.000000,0.902668,0.011910,-0.02129501,2026-03-22,2026-08-05,112,5695,2177,137,0.817518,0.739886,0.767145,0.349328,,,,,,,,GLOBAL_BASELINE_NO_ENTITY_RANKING,,,NOT_APPLICABLE_GLOBAL_BASELINE,HF9g-P5,,,,X 全窗基线 · 不参与实体赏罚,14194795,1420,A168_HF9F_20260827_0900,2026-08-27 09:00:00
2026-04-19,110249610,2242,0,184.9705728631,-24.4279319200,-24.4279319200,0.5000000,9,9,0.50069283333333333,0.500692833333,-0.003919260948490246,-0.003919260946604642,-0.003919260948490246,3.3333E-13,ELIGIBLE,R03b_20260811_FULL_v1,L1_ELIGIBILITY,v2026-08-11,2026-03-21..2026-08-06,baccarat_bet02_101_all_pairs_incl_sentinel,round_win = game_pnl > 0 (decisive only),COMPATIBILITY_ONLY_NOT_PRODUCTION,296357.1217,267511.9505,6650.6079,18220,18206,-0.02244119,-0.04150452,-0.02020951,-0.02244119,-6650.6079,296357.1217,OK,0.0000,266.0243,4.0000,96.0000,AG03-UNRESOLVED,ALL5_LEVELS_bet23_to_bet27,266.0243,266.0243,266.0243,332.5304,332.5304,4.000000,4.000000,4.000000,5.000000,5.000000,96.000000,96.000000,96.000000,95.000000,95.000000,5.0,1463.1337,1340.2688,5187.4742,5310.3391,PENDING_AG03,FALSE,NOT_FOR_ENFORCEMENT,6384.5836,256811.4724,6650.6079,6384.5836,266.0243,0.02244119,0.02154355,266.0243,6384.5836,0.02154355,266.0243,266.0243,266.0243,332.5304,332.5304,6384.5836,0.02154355,1463.1337,1340.2688,5187.4742,5310.3391,0.01750413,0.01791872,0.00089765,16.2655,14.6936,0.3653,59.3804,1.1678,2646.0457,162.5536,12.4780,16.8648,9.0895,16.5695,22.0926,29.825,33.4482,44.5976,11.8163,0.0,2.018664,2.691552,0.981654,30,240,141,4,0.10479828,0.02244119,0.04150452,0E-8,0.000000,0.902668,0.011910,-0.02129501,2026-03-22,2026-08-05,112,5695,2177,137,0.817518,0.739886,0.767145,0.349328,,,,,,,,GLOBAL_BASELINE_NO_ENTITY_RANKING,,,NOT_APPLICABLE_GLOBAL_BASELINE,HF9g-P5,,,,X 全窗基线 · 不参与实体赏罚,14194796,1420,A168_HF9F_20260827_0900,2026-08-27 09:00:00
2026-04-19,110249610,2246,0,68.1709727997,11.3618287999,11.3618287999,0.6666667,3,3,0.49324550000000000,0.493245500000,0.6008033672792107,0.6008033672792106,0.6008033672792107,0E-17,ELIGIBLE,R03b_20260811_FULL_v1,L1_ELIGIBILITY,v2026-08-11,2026-03-21..2026-08-06,baccarat_bet02_101_all_pairs_incl_sentinel,round_win = game_pnl > 0 (decisive only),COMPATIBILITY_ONLY_NOT_PRODUCTION,296357.1217,267511.9505,6650.6079,18220,18206,-0.02244119,-0.04150452,-0.02020951,-0.02244119,-6650.6079,296357.1217,OK,0.0000,266.0243,4.0000,96.0000,AG03-UNRESOLVED,ALL5_LEVELS_bet23_to_bet27,266.0243,266.0243,266.0243,332.5304,332.5304,4.000000,4.000000,4.000000,5.000000,5.000000,96.000000,96.000000,96.000000,95.000000,95.000000,5.0,1463.1337,1340.2688,5187.4742,5310.3391,PENDING_AG03,FALSE,NOT_FOR_ENFORCEMENT,6384.5836,256811.4724,6650.6079,6384.5836,266.0243,0.02244119,0.02154355,266.0243,6384.5836,0.02154355,266.0243,266.0243,266.0243,332.5304,332.5304,6384.5836,0.02154355,1463.1337,1340.2688,5187.4742,5310.3391,0.01750413,0.01791872,0.00089765,16.2655,14.6936,0.3653,59.3804,1.1678,2646.0457,162.5536,12.4780,16.8648,9.0895,16.5695,22.0926,29.825,33.4482,44.5976,11.8163,0.0,2.018664,2.691552,0.981654,30,240,141,4,0.10479828,0.02244119,0.04150452,0E-8,0.000000,0.902668,0.011910,-0.02129501,2026-03-22,2026-08-05,112,5695,2177,137,0.817518,0.739886,0.767145,0.349328,,,,,,,,GLOBAL_BASELINE_NO_ENTITY_RANKING,,,NOT_APPLICABLE_GLOBAL_BASELINE,HF9g-P5,,,,X 全窗基线 · 不参与实体赏罚,14194797,1420,A168_HF9F_20260827_0900,2026-08-27 09:00:00
2026-04-19,110249610,2254,0,102.2564591995,10.5096916399,10.5096916399,0.6000000,5,5,0.49592654000000000,0.495926540000,0.46544610904919037,0.46544610904919037,0.46544610904919037,0E-17,ELIGIBLE,R03b_20260811_FULL_v1,L1_ELIGIBILITY,v2026-08-11,2026-03-21..2026-08-06,baccarat_bet02_101_all_pairs_incl_sentinel,round_win = game_pnl > 0 (decisive only),COMPATIBILITY_ONLY_NOT_PRODUCTION,296357.1217,267511.9505,6650.6079,18220,18206,-0.02244119,-0.04150452,-0.02020951,-0.02244119,-6650.6079,296357.1217,OK,0.0000,266.0243,4.0000,96.0000,AG03-UNRESOLVED,ALL5_LEVELS_bet23_to_bet27,266.0243,266.0243,266.0243,332.5304,332.5304,4.000000,4.000000,4.000000,5.000000,5.000000,96.000000,96.000000,96.000000,95.000000,95.000000,5.0,1463.1337,1340.2688,5187.4742,5310.3391,PENDING_AG03,FALSE,NOT_FOR_ENFORCEMENT,6384.5836,256811.4724,6650.6079,6384.5836,266.0243,0.02244119,0.02154355,266.0243,6384.5836,0.02154355,266.0243,266.0243,266.0243,332.5304,332.5304,6384.5836,0.02154355,1463.1337,1340.2688,5187.4742,5310.3391,0.01750413,0.01791872,0.00089765,16.2655,14.6936,0.3653,59.3804,1.1678,2646.0457,162.5536,12.4780,16.8648,9.0895,16.5695,22.0926,29.825,33.4482,44.5976,11.8163,0.0,2.018664,2.691552,0.981654,30,240,141,4,0.10479828,0.02244119,0.04150452,0E-8,0.000000,0.902668,0.011910,-0.02129501,2026-03-22,2026-08-05,112,5695,2177,137,0.817518,0.739886,0.767145,0.349328,,,,,,,,GLOBAL_BASELINE_NO_ENTITY_RANKING,,,NOT_APPLICABLE_GLOBAL_BASELINE,HF9g-P5,,,,X 全窗基线 · 不参与实体赏罚,14194798,1420,A168_HF9F_20260827_0900,2026-08-27 09:00:00
2026-04-19,110249610,2256,0,28.4045719999,-5.6809143999,-5.6809143999,0.5000000,2,2,0.49324550000000000,0.493245500000,0.01910635448239258,0.01910635448239258,0.01910635448239258,0E-17,ELIGIBLE,R03b_20260811_FULL_v1,L1_ELIGIBILITY,v2026-08-11,2026-03-21..2026-08-06,baccarat_bet02_101_all_pairs_incl_sentinel,round_win = game_pnl > 0 (decisive only),COMPATIBILITY_ONLY_NOT_PRODUCTION,296357.1217,267511.9505,6650.6079,18220,18206,-0.02244119,-0.04150452,-0.02020951,-0.02244119,-6650.6079,296357.1217,OK,0.0000,266.0243,4.0000,96.0000,AG03-UNRESOLVED,ALL5_LEVELS_bet23_to_bet27,266.0243,266.0243,266.0243,332.5304,332.5304,4.000000,4.000000,4.000000,5.000000,5.000000,96.000000,96.000000,96.000000,95.000000,95.000000,5.0,1463.1337,1340.2688,5187.4742,5310.3391,PENDING_AG03,FALSE,NOT_FOR_ENFORCEMENT,6384.5836,256811.4724,6650.6079,6384.5836,266.0243,0.02244119,0.02154355,266.0243,6384.5836,0.02154355,266.0243,266.0243,266.0243,332.5304,332.5304,6384.5836,0.02154355,1463.1337,1340.2688,5187.4742,5310.3391,0.01750413,0.01791872,0.00089765,16.2655,14.6936,0.3653,59.3804,1.1678,2646.0457,162.5536,12.4780,16.8648,9.0895,16.5695,22.0926,29.825,33.4482,44.5976,11.8163,0.0,2.018664,2.691552,0.981654,30,240,141,4,0.10479828,0.02244119,0.04150452,0E-8,0.000000,0.902668,0.011910,-0.02129501,2026-03-22,2026-08-05,112,5695,2177,137,0.817518,0.739886,0.767145,0.349328,,,,,,,,GLOBAL_BASELINE_NO_ENTITY_RANKING,,,NOT_APPLICABLE_GLOBAL_BASELINE,HF9g-P5,,,,X 全窗基线 · 不参与实体赏罚,14194799,1420,A168_HF9F_20260827_0900,2026-08-27 09:00:00
2026-04-19,110249610,2258,0,121.0034767196,7.4988070080,7.4988070080,0.5000000,4,4,0.50665070000000000,0.506650700000,-0.02660515369234503,-0.02660515369234503,-0.02660515369234503,0E-17,ELIGIBLE,R03b_20260811_FULL_v1,L1_ELIGIBILITY,v2026-08-11,2026-03-21..2026-08-06,baccarat_bet02_101_all_pairs_incl_sentinel,round_win = game_pnl > 0 (decisive only),COMPATIBILITY_ONLY_NOT_PRODUCTION,296357.1217,267511.9505,6650.6079,18220,18206,-0.02244119,-0.04150452,-0.02020951,-0.02244119,-6650.6079,296357.1217,OK,0.0000,266.0243,4.0000,96.0000,AG03-UNRESOLVED,ALL5_LEVELS_bet23_to_bet27,266.0243,266.0243,266.0243,332.5304,332.5304,4.000000,4.000000,4.000000,5.000000,5.000000,96.000000,96.000000,96.000000,95.000000,95.000000,5.0,1463.1337,1340.2688,5187.4742,5310.3391,PENDING_AG03,FALSE,NOT_FOR_ENFORCEMENT,6384.5836,256811.4724,6650.6079,6384.5836,266.0243,0.02244119,0.02154355,266.0243,6384.5836,0.02154355,266.0243,266.0243,266.0243,332.5304,332.5304,6384.5836,0.02154355,1463.1337,1340.2688,5187.4742,5310.3391,0.01750413,0.01791872,0.00089765,16.2655,14.6936,0.3653,59.3804,1.1678,2646.0457,162.5536,12.4780,16.8648,9.0895,16.5695,22.0926,29.825,33.4482,44.5976,11.8163,0.0,2.018664,2.691552,0.981654,30,240,141,4,0.10479828,0.02244119,0.04150452,0E-8,0.000000,0.902668,0.011910,-0.02129501,2026-03-22,2026-08-05,112,5695,2177,137,0.817518,0.739886,0.767145,0.349328,,,,,,,,GLOBAL_BASELINE_NO_ENTITY_RANKING,,,NOT_APPLICABLE_GLOBAL_BASELINE,HF9g-P5,,,,X 全窗基线 · 不参与实体赏罚,14194800,1420,A168_HF9F_20260827_0900,2026-08-27 09:00:00
2026-04-19,110249610,2261,0,42.9477128639,-20.2240552639,-20.2240552639,0.3333333,3,3,0.49324550000000000,0.493245500000,-0.5540025479526107,-0.5540025479526106,-0.5540025479526107,0E-17,ELIGIBLE,R03b_20260811_FULL_v1,L1_ELIGIBILITY,v2026-08-11,2026-03-21..2026-08-06,baccarat_bet02_101_all_pairs_incl_sentinel,round_win = game_pnl > 0 (decisive only),COMPATIBILITY_ONLY_NOT_PRODUCTION,296357.1217,267511.9505,6650.6079,18220,18206,-0.02244119,-0.04150452,-0.02020951,-0.02244119,-6650.6079,296357.1217,OK,0.0000,266.0243,4.0000,96.0000,AG03-UNRESOLVED,ALL5_LEVELS_bet23_to_bet27,266.0243,266.0243,266.0243,332.5304,332.5304,4.000000,4.000000,4.000000,5.000000,5.000000,96.000000,96.000000,96.000000,95.000000,95.000000,5.0,1463.1337,1340.2688,5187.4742,5310.3391,PENDING_AG03,FALSE,NOT_FOR_ENFORCEMENT,6384.5836,256811.4724,6650.6079,6384.5836,266.0243,0.02244119,0.02154355,266.0243,6384.5836,0.02154355,266.0243,266.0243,266.0243,332.5304,332.5304,6384.5836,0.02154355,1463.1337,1340.2688,5187.4742,5310.3391,0.01750413,0.01791872,0.00089765,16.2655,14.6936,0.3653,59.3804,1.1678,2646.0457,162.5536,12.4780,16.8648,9.0895,16.5695,22.0926,29.825,33.4482,44.5976,11.8163,0.0,2.018664,2.691552,0.981654,30,240,141,4,0.10479828,0.02244119,0.04150452,0E-8,0.000000,0.902668,0.011910,-0.02129501,2026-03-22,2026-08-05,112,5695,2177,137,0.817518,0.739886,0.767145,0.349328,,,,,,,,GLOBAL_BASELINE_NO_ENTITY_RANKING,,,NOT_APPLICABLE_GLOBAL_BASELINE,HF9g-P5,,,,X 全窗基线 · 不参与实体赏罚,14194801,1420,A168_HF9F_20260827_0900,2026-08-27 09:00:00
2026-04-19,110249610,2267,0,109.0735564795,14.9976140159,14.9976140159,0.6000000,5,5,0.50665070000000000,0.506650700000,0.4175076967804994,0.4175076967804994,0.4175076967804994,0E-17,ELIGIBLE,R03b_20260811_FULL_v1,L1_ELIGIBILITY,v2026-08-11,2026-03-21..2026-08-06,baccarat_bet02_101_all_pairs_incl_sentinel,round_win = game_pnl > 0 (decisive only),COMPATIBILITY_ONLY_NOT_PRODUCTION,296357.1217,267511.9505,6650.6079,18220,18206,-0.02244119,-0.04150452,-0.02020951,-0.02244119,-6650.6079,296357.1217,OK,0.0000,266.0243,4.0000,96.0000,AG03-UNRESOLVED,ALL5_LEVELS_bet23_to_bet27,266.0243,266.0243,266.0243,332.5304,332.5304,4.000000,4.000000,4.000000,5.000000,5.000000,96.000000,96.000000,96.000000,95.000000,95.000000,5.0,1463.1337,1340.2688,5187.4742,5310.3391,PENDING_AG03,FALSE,NOT_FOR_ENFORCEMENT,6384.5836,256811.4724,6650.6079,6384.5836,266.0243,0.02244119,0.02154355,266.0243,6384.5836,0.02154355,266.0243,266.0243,266.0243,332.5304,332.5304,6384.5836,0.02154355,1463.1337,1340.2688,5187.4742,5310.3391,0.01750413,0.01791872,0.00089765,16.2655,14.6936,0.3653,59.3804,1.1678,2646.0457,162.5536,12.4780,16.8648,9.0895,16.5695,22.0926,29.825,33.4482,44.5976,11.8163,0.0,2.018664,2.691552,0.981654,30,240,141,4,0.10479828,0.02244119,0.04150452,0E-8,0.000000,0.902668,0.011910,-0.02129501,2026-03-22,2026-08-05,112,5695,2177,137,0.817518,0.739886,0.767145,0.349328,,,,,,,,GLOBAL_BASELINE_NO_ENTITY_RANKING,,,NOT_APPLICABLE_GLOBAL_BASELINE,HF9g-P5,,,,X 全窗基线 · 不参与实体赏罚,14194802,1420,A168_HF9F_20260827_0900,2026-08-27 09:00:00
2026-04-19,110249610,583,0,69.3071556797,55.0480605357,55.0480605357,1.0000000,4,4,0.50665070000000000,0.506650700000,1.7091633124209307,1.7091633124209307,1.7091633124209307,0E-17,ELIGIBLE,R03b_20260811_FULL_v1,L1_ELIGIBILITY,v2026-08-11,2026-03-21..2026-08-06,baccarat_bet02_101_all_pairs_incl_sentinel,round_win = game_pnl > 0 (decisive only),COMPATIBILITY_ONLY_NOT_PRODUCTION,296357.1217,267511.9505,6650.6079,18220,18206,-0.02244119,-0.04150452,-0.02020951,-0.02244119,-6650.6079,296357.1217,OK,0.0000,266.0243,4.0000,96.0000,AG03-UNRESOLVED,ALL5_LEVELS_bet23_to_bet27,266.0243,266.0243,266.0243,332.5304,332.5304,4.000000,4.000000,4.000000,5.000000,5.000000,96.000000,96.000000,96.000000,95.000000,95.000000,5.0,1463.1337,1340.2688,5187.4742,5310.3391,PENDING_AG03,FALSE,NOT_FOR_ENFORCEMENT,6384.5836,256811.4724,6650.6079,6384.5836,266.0243,0.02244119,0.02154355,266.0243,6384.5836,0.02154355,266.0243,266.0243,266.0243,332.5304,332.5304,6384.5836,0.02154355,1463.1337,1340.2688,5187.4742,5310.3391,0.01750413,0.01791872,0.00089765,16.2655,14.6936,0.3653,59.3804,1.1678,2646.0457,162.5536,12.4780,16.8648,9.0895,16.5695,22.0926,29.825,33.4482,44.5976,11.8163,0.0,2.018664,2.691552,0.981654,30,240,141,4,0.10479828,0.02244119,0.04150452,0E-8,0.000000,0.902668,0.011910,-0.02129501,2026-03-22,2026-08-05,112,5695,2177,137,0.817518,0.739886,0.767145,0.349328,,,,,,,,GLOBAL_BASELINE_NO_ENTITY_RANKING,,,NOT_APPLICABLE_GLOBAL_BASELINE,HF9g-P5,,,,X 全窗基线 · 不参与实体赏罚,14194803,1420,A168_HF9F_20260827_0900,2026-08-27 09:00:00
2026-04-19,110249610,919,0,107.9373735996,-85.2137159997,-85.2137159997,0E-7,4,4,0.50329940000000000,0.503299400000,-1.743518224870635,-1.743518224870635,-1.743518224870635,0E-17,ELIGIBLE,R03b_20260811_FULL_v1,L1_ELIGIBILITY,v2026-08-11,2026-03-21..2026-08-06,baccarat_bet02_101_all_pairs_incl_sentinel,round_win = game_pnl > 0 (decisive only),COMPATIBILITY_ONLY_NOT_PRODUCTION,296357.1217,267511.9505,6650.6079,18220,18206,-0.02244119,-0.04150452,-0.02020951,-0.02244119,-6650.6079,296357.1217,OK,0.0000,266.0243,4.0000,96.0000,AG03-UNRESOLVED,ALL5_LEVELS_bet23_to_bet27,266.0243,266.0243,266.0243,332.5304,332.5304,4.000000,4.000000,4.000000,5.000000,5.000000,96.000000,96.000000,96.000000,95.000000,95.000000,5.0,1463.1337,1340.2688,5187.4742,5310.3391,PENDING_AG03,FALSE,NOT_FOR_ENFORCEMENT,6384.5836,256811.4724,6650.6079,6384.5836,266.0243,0.02244119,0.02154355,266.0243,6384.5836,0.02154355,266.0243,266.0243,266.0243,332.5304,332.5304,6384.5836,0.02154355,1463.1337,1340.2688,5187.4742,5310.3391,0.01750413,0.01791872,0.00089765,16.2655,14.6936,0.3653,59.3804,1.1678,2646.0457,162.5536,12.4780,16.8648,9.0895,16.5695,22.0926,29.825,33.4482,44.5976,11.8163,0.0,2.018664,2.691552,0.981654,30,240,141,4,0.10479828,0.02244119,0.04150452,0E-8,0.000000,0.902668,0.011910,-0.02129501,2026-03-22,2026-08-05,112,5695,2177,137,0.817518,0.739886,0.767145,0.349328,,,,,,,,GLOBAL_BASELINE_NO_ENTITY_RANKING,,,NOT_APPLICABLE_GLOBAL_BASELINE,HF9g-P5,,,,X 全窗基线 · 不参与实体赏罚,14194804,1420,A168_HF9F_20260827_0900,2026-08-27 09:00:00
2026-04-19,110249610,925,0,87.0316086077,-19.4287272479,-19.4287272479,0.3333333,5,5,0.49592654000000000,0.495926540000,-0.5632580825033607,-0.5632580825033607,-0.5632580825033607,0E-17,ELIGIBLE,R03b_20260811_FULL_v1,L1_ELIGIBILITY,v2026-08-11,2026-03-21..2026-08-06,baccarat_bet02_101_all_pairs_incl_sentinel,round_win = game_pnl > 0 (decisive only),COMPATIBILITY_ONLY_NOT_PRODUCTION,296357.1217,267511.9505,6650.6079,18220,18206,-0.02244119,-0.04150452,-0.02020951,-0.02244119,-6650.6079,296357.1217,OK,0.0000,266.0243,4.0000,96.0000,AG03-UNRESOLVED,ALL5_LEVELS_bet23_to_bet27,266.0243,266.0243,266.0243,332.5304,332.5304,4.000000,4.000000,4.000000,5.000000,5.000000,96.000000,96.000000,96.000000,95.000000,95.000000,5.0,1463.1337,1340.2688,5187.4742,5310.3391,PENDING_AG03,FALSE,NOT_FOR_ENFORCEMENT,6384.5836,256811.4724,6650.6079,6384.5836,266.0243,0.02244119,0.02154355,266.0243,6384.5836,0.02154355,266.0243,266.0243,266.0243,332.5304,332.5304,6384.5836,0.02154355,1463.1337,1340.2688,5187.4742,5310.3391,0.01750413,0.01791872,0.00089765,16.2655,14.6936,0.3653,59.3804,1.1678,2646.0457,162.5536,12.4780,16.8648,9.0895,16.5695,22.0926,29.825,33.4482,44.5976,11.8163,0.0,2.018664,2.691552,0.981654,30,240,141,4,0.10479828,0.02244119,0.04150452,0E-8,0.000000,0.902668,0.011910,-0.02129501,2026-03-22,2026-08-05,112,5695,2177,137,0.817518,0.739886,0.767145,0.349328,,,,,,,,GLOBAL_BASELINE_NO_ENTITY_RANKING,,,NOT_APPLICABLE_GLOBAL_BASELINE,HF9g-P5,,,,X 全窗基线 · 不参与实体赏罚,14194805,1420,A168_HF9F_20260827_0900,2026-08-27 09:00:00
2026-04-19,110249610,948,0,141.7956234234,24.4961028927,24.4961028927,0.6666667,7,7,0.50665070000000000,0.506650700000,0.7839842952205449,0.7839842952205449,0.7839842952205449,0E-17,ELIGIBLE,R03b_20260811_FULL_v1,L1_ELIGIBILITY,v2026-08-11,2026-03-21..2026-08-06,baccarat_bet02_101_all_pairs_incl_sentinel,round_win = game_pnl > 0 (decisive only),COMPATIBILITY_ONLY_NOT_PRODUCTION,296357.1217,267511.9505,6650.6079,18220,18206,-0.02244119,-0.04150452,-0.02020951,-0.02244119,-6650.6079,296357.1217,OK,0.0000,266.0243,4.0000,96.0000,AG03-UNRESOLVED,ALL5_LEVELS_bet23_to_bet27,266.0243,266.0243,266.0243,332.5304,332.5304,4.000000,4.000000,4.000000,5.000000,5.000000,96.000000,96.000000,96.000000,95.000000,95.000000,5.0,1463.1337,1340.2688,5187.4742,5310.3391,PENDING_AG03,FALSE,NOT_FOR_ENFORCEMENT,6384.5836,256811.4724,6650.6079,6384.5836,266.0243,0.02244119,0.02154355,266.0243,6384.5836,0.02154355,266.0243,266.0243,266.0243,332.5304,332.5304,6384.5836,0.02154355,1463.1337,1340.2688,5187.4742,5310.3391,0.01750413,0.01791872,0.00089765,16.2655,14.6936,0.3653,59.3804,1.1678,2646.0457,162.5536,12.4780,16.8648,9.0895,16.5695,22.0926,29.825,33.4482,44.5976,11.8163,0.0,2.018664,2.691552,0.981654,30,240,141,4,0.10479828,0.02244119,0.04150452,0E-8,0.000000,0.902668,0.011910,-0.02129501,2026-03-22,2026-08-05,112,5695,2177,137,0.817518,0.739886,0.767145,0.349328,,,,,,,,GLOBAL_BASELINE_NO_ENTITY_RANKING,,,NOT_APPLICABLE_GLOBAL_BASELINE,HF9g-P5,,,,X 全窗基线 · 不参与实体赏罚,14194806,1420,A168_HF9F_20260827_0900,2026-08-27 09:00:00
2026-04-19,110249610,986,0,274.9562569590,5.3968686800,5.3968686800,0.5000000,10,10,0.49592654000000000,0.495926540000,0.023043734256711742,0.023043734256711742,0.023043734256711742,0E-17,ELIGIBLE,R03b_20260811_FULL_v1,L1_ELIGIBILITY,v2026-08-11,2026-03-21..2026-08-06,baccarat_bet02_101_all_pairs_incl_sentinel,round_win = game_pnl > 0 (decisive only),COMPATIBILITY_ONLY_NOT_PRODUCTION,296357.1217,267511.9505,6650.6079,18220,18206,-0.02244119,-0.04150452,-0.02020951,-0.02244119,-6650.6079,296357.1217,OK,0.0000,266.0243,4.0000,96.0000,AG03-UNRESOLVED,ALL5_LEVELS_bet23_to_bet27,266.0243,266.0243,266.0243,332.5304,332.5304,4.000000,4.000000,4.000000,5.000000,5.000000,96.000000,96.000000,96.000000,95.000000,95.000000,5.0,1463.1337,1340.2688,5187.4742,5310.3391,PENDING_AG03,FALSE,NOT_FOR_ENFORCEMENT,6384.5836,256811.4724,6650.6079,6384.5836,266.0243,0.02244119,0.02154355,266.0243,6384.5836,0.02154355,266.0243,266.0243,266.0243,332.5304,332.5304,6384.5836,0.02154355,1463.1337,1340.2688,5187.4742,5310.3391,0.01750413,0.01791872,0.00089765,16.2655,14.6936,0.3653,59.3804,1.1678,2646.0457,162.5536,12.4780,16.8648,9.0895,16.5695,22.0926,29.825,33.4482,44.5976,11.8163,0.0,2.018664,2.691552,0.981654,30,240,141,4,0.10479828,0.02244119,0.04150452,0E-8,0.000000,0.902668,0.011910,-0.02129501,2026-03-22,2026-08-05,112,5695,2177,137,0.817518,0.739886,0.767145,0.349328,,,,,,,,GLOBAL_BASELINE_NO_ENTITY_RANKING,,,NOT_APPLICABLE_GLOBAL_BASELINE,HF9g-P5,,,,X 全窗基线 · 不参与实体赏罚,14194807,1420,A168_HF9F_20260827_0900,2026-08-27 09:00:00
2026-04-19,110249610,994,0,99.4160019995,18.0084986479,18.0084986479,0.6000000,5,5,0.50665070000000000,0.506650700000,0.4175076967804994,0.4175076967804994,0.4175076967804994,0E-17,ELIGIBLE,R03b_20260811_FULL_v1,L1_ELIGIBILITY,v2026-08-11,2026-03-21..2026-08-06,baccarat_bet02_101_all_pairs_incl_sentinel,round_win = game_pnl > 0 (decisive only),COMPATIBILITY_ONLY_NOT_PRODUCTION,296357.1217,267511.9505,6650.6079,18220,18206,-0.02244119,-0.04150452,-0.02020951,-0.02244119,-6650.6079,296357.1217,OK,0.0000,266.0243,4.0000,96.0000,AG03-UNRESOLVED,ALL5_LEVELS_bet23_to_bet27,266.0243,266.0243,266.0243,332.5304,332.5304,4.000000,4.000000,4.000000,5.000000,5.000000,96.000000,96.000000,96.000000,95.000000,95.000000,5.0,1463.1337,1340.2688,5187.4742,5310.3391,PENDING_AG03,FALSE,NOT_FOR_ENFORCEMENT,6384.5836,256811.4724,6650.6079,6384.5836,266.0243,0.02244119,0.02154355,266.0243,6384.5836,0.02154355,266.0243,266.0243,266.0243,332.5304,332.5304,6384.5836,0.02154355,1463.1337,1340.2688,5187.4742,5310.3391,0.01750413,0.01791872,0.00089765,16.2655,14.6936,0.3653,59.3804,1.1678,2646.0457,162.5536,12.4780,16.8648,9.0895,16.5695,22.0926,29.825,33.4482,44.5976,11.8163,0.0,2.018664,2.691552,0.981654,30,240,141,4,0.10479828,0.02244119,0.04150452,0E-8,0.000000,0.902668,0.011910,-0.02129501,2026-03-22,2026-08-05,112,5695,2177,137,0.817518,0.739886,0.767145,0.349328,,,,,,,,GLOBAL_BASELINE_NO_ENTITY_RANKING,,,NOT_APPLICABLE_GLOBAL_BASELINE,HF9g-P5,,,,X 全窗基线 · 不参与实体赏罚,14194808,1420,A168_HF9F_20260827_0900,2026-08-27 09:00:00
2026-04-20,110249610,-1,1,2235.0989615277,-226.8673165635,-226.8673165635,0.4631579,109,109,0.49976362477064220,0.499763624771,-0.7135771247018421,-0.7135771247088166,-0.7135771247018421,-3.5780E-13,SENTINEL_DEALER,R03b_20260811_FULL_v1,L1_ELIGIBILITY,v2026-08-11,2026-03-21..2026-08-06,baccarat_bet02_101_all_pairs_incl_sentinel,round_win = game_pnl > 0 (decisive only),COMPATIBILITY_ONLY_NOT_PRODUCTION,296357.1217,267511.9505,6650.6079,18220,18206,-0.02244119,-0.04150452,-0.02020951,-0.02244119,-6650.6079,296357.1217,OK,0.0000,266.0243,4.0000,96.0000,AG03-UNRESOLVED,ALL5_LEVELS_bet23_to_bet27,266.0243,266.0243,266.0243,332.5304,332.5304,4.000000,4.000000,4.000000,5.000000,5.000000,96.000000,96.000000,96.000000,95.000000,95.000000,5.0,1463.1337,1340.2688,5187.4742,5310.3391,PENDING_AG03,FALSE,NOT_FOR_ENFORCEMENT,6384.5836,256811.4724,6650.6079,6384.5836,266.0243,0.02244119,0.02154355,266.0243,6384.5836,0.02154355,266.0243,266.0243,266.0243,332.5304,332.5304,6384.5836,0.02154355,1463.1337,1340.2688,5187.4742,5310.3391,0.01750413,0.01791872,0.00089765,16.2655,14.6936,0.3653,59.3804,1.1678,2646.0457,162.5536,12.4780,16.8648,9.0895,16.5695,22.0926,29.825,33.4482,44.5976,11.8163,0.0,2.018664,2.691552,0.981654,30,240,141,4,0.10479828,0.02244119,0.04150452,0E-8,0.000000,0.902668,0.011910,-0.02129501,2026-03-22,2026-08-05,112,5695,2177,137,0.817518,0.739886,0.767145,0.349328,,,,,,,,GLOBAL_BASELINE_NO_ENTITY_RANKING,,,NOT_APPLICABLE_GLOBAL_BASELINE,HF9g-P5,,,,X 全窗基线 · 不参与实体赏罚,14194809,1420,A168_HF9F_20260827_0900,2026-08-27 09:00:00
2026-04-20,110249610,1094,0,529.4612220782,174.3756675075,174.3756675075,0.6666667,19,19,0.50665070000000000,0.506650700000,1.3579006316580617,1.3579006316580617,1.3579006316580617,0E-17,ELIGIBLE,R03b_20260811_FULL_v1,L1_ELIGIBILITY,v2026-08-11,2026-03-21..2026-08-06,baccarat_bet02_101_all_pairs_incl_sentinel,round_win = game_pnl > 0 (decisive only),COMPATIBILITY_ONLY_NOT_PRODUCTION,296357.1217,267511.9505,6650.6079,18220,18206,-0.02244119,-0.04150452,-0.02020951,-0.02244119,-6650.6079,296357.1217,OK,0.0000,266.0243,4.0000,96.0000,AG03-UNRESOLVED,ALL5_LEVELS_bet23_to_bet27,266.0243,266.0243,266.0243,332.5304,332.5304,4.000000,4.000000,4.000000,5.000000,5.000000,96.000000,96.000000,96.000000,95.000000,95.000000,5.0,1463.1337,1340.2688,5187.4742,5310.3391,PENDING_AG03,FALSE,NOT_FOR_ENFORCEMENT,6384.5836,256811.4724,6650.6079,6384.5836,266.0243,0.02244119,0.02154355,266.0243,6384.5836,0.02154355,266.0243,266.0243,266.0243,332.5304,332.5304,6384.5836,0.02154355,1463.1337,1340.2688,5187.4742,5310.3391,0.01750413,0.01791872,0.00089765,16.2655,14.6936,0.3653,59.3804,1.1678,2646.0457,162.5536,12.4780,16.8648,9.0895,16.5695,22.0926,29.825,33.4482,44.5976,11.8163,0.0,2.018664,2.691552,0.981654,30,240,141,4,0.10479828,0.02244119,0.04150452,0E-8,0.000000,0.902668,0.011910,-0.02129501,2026-03-22,2026-08-05,112,5695,2177,137,0.817518,0.739886,0.767145,0.349328,,,,,,,,GLOBAL_BASELINE_NO_ENTITY_RANKING,,,NOT_APPLICABLE_GLOBAL_BASELINE,HF9g-P5,,,,X 全窗基线 · 不参与实体赏罚,14194810,1420,A168_HF9F_20260827_0900,2026-08-27 09:00:00
2026-04-20,110249610,1109,0,73.8518871997,-5.6809144000,-5.6809144000,0.5000000,3,3,0.49324550000000000,0.493245500000,0.01910635448239258,0.01910635448239258,0.01910635448239258,0E-17,ELIGIBLE,R03b_20260811_FULL_v1,L1_ELIGIBILITY,v2026-08-11,2026-03-21..2026-08-06,baccarat_bet02_101_all_pairs_incl_sentinel,round_win = game_pnl > 0 (decisive only),COMPATIBILITY_ONLY_NOT_PRODUCTION,296357.1217,267511.9505,6650.6079,18220,18206,-0.02244119,-0.04150452,-0.02020951,-0.02244119,-6650.6079,296357.1217,OK,0.0000,266.0243,4.0000,96.0000,AG03-UNRESOLVED,ALL5_LEVELS_bet23_to_bet27,266.0243,266.0243,266.0243,332.5304,332.5304,4.000000,4.000000,4.000000,5.000000,5.000000,96.000000,96.000000,96.000000,95.000000,95.000000,5.0,1463.1337,1340.2688,5187.4742,5310.3391,PENDING_AG03,FALSE,NOT_FOR_ENFORCEMENT,6384.5836,256811.4724,6650.6079,6384.5836,266.0243,0.02244119,0.02154355,266.0243,6384.5836,0.02154355,266.0243,266.0243,266.0243,332.5304,332.5304,6384.5836,0.02154355,1463.1337,1340.2688,5187.4742,5310.3391,0.01750413,0.01791872,0.00089765,16.2655,14.6936,0.3653,59.3804,1.1678,2646.0457,162.5536,12.4780,16.8648,9.0895,16.5695,22.0926,29.825,33.4482,44.5976,11.8163,0.0,2.018664,2.691552,0.981654,30,240,141,4,0.10479828,0.02244119,0.04150452,0E-8,0.000000,0.902668,0.011910,-0.02129501,2026-03-22,2026-08-05,112,5695,2177,137,0.817518,0.739886,0.767145,0.349328,,,,,,,,GLOBAL_BASELINE_NO_ENTITY_RANKING,,,NOT_APPLICABLE_GLOBAL_BASELINE,HF9g-P5,,,,X 全窗基线 · 不参与实体赏罚,14194811,1420,A168_HF9F_20260827_0900,2026-08-27 09:00:00
2026-04-20,110249610,1157,0,198.8320039993,17.0427431999,17.0427431999,0.6000000,7,7,0.50665070000000000,0.506650700000,0.4175076967804994,0.4175076967804994,0.4175076967804994,0E-17,ELIGIBLE,R03b_20260811_FULL_v1,L1_ELIGIBILITY,v2026-08-11,2026-03-21..2026-08-06,baccarat_bet02_101_all_pairs_incl_sentinel,round_win = game_pnl > 0 (decisive only),COMPATIBILITY_ONLY_NOT_PRODUCTION,296357.1217,267511.9505,6650.6079,18220,18206,-0.02244119,-0.04150452,-0.02020951,-0.02244119,-6650.6079,296357.1217,OK,0.0000,266.0243,4.0000,96.0000,AG03-UNRESOLVED,ALL5_LEVELS_bet23_to_bet27,266.0243,266.0243,266.0243,332.5304,332.5304,4.000000,4.000000,4.000000,5.000000,5.000000,96.000000,96.000000,96.000000,95.000000,95.000000,5.0,1463.1337,1340.2688,5187.4742,5310.3391,PENDING_AG03,FALSE,NOT_FOR_ENFORCEMENT,6384.5836,256811.4724,6650.6079,6384.5836,266.0243,0.02244119,0.02154355,266.0243,6384.5836,0.02154355,266.0243,266.0243,266.0243,332.5304,332.5304,6384.5836,0.02154355,1463.1337,1340.2688,5187.4742,5310.3391,0.01750413,0.01791872,0.00089765,16.2655,14.6936,0.3653,59.3804,1.1678,2646.0457,162.5536,12.4780,16.8648,9.0895,16.5695,22.0926,29.825,33.4482,44.5976,11.8163,0.0,2.018664,2.691552,0.981654,30,240,141,4,0.10479828,0.02244119,0.04150452,0E-8,0.000000,0.902668,0.011910,-0.02129501,2026-03-22,2026-08-05,112,5695,2177,137,0.817518,0.739886,0.767145,0.349328,,,,,,,,GLOBAL_BASELINE_NO_ENTITY_RANKING,,,NOT_APPLICABLE_GLOBAL_BASELINE,HF9g-P5,,,,X 全窗基线 · 不参与实体赏罚,14194812,1420,A168_HF9F_20260827_0900,2026-08-27 09:00:00
2026-04-20,110249610,1205,0,45.4473151998,43.1749494398,43.1749494398,1.0000000,2,2,0.50665070000000000,0.506650700000,1.3955260008387969,1.3955260008387969,1.3955260008387969,0E-17,ELIGIBLE,R03b_20260811_FULL_v1,L1_ELIGIBILITY,v2026-08-11,2026-03-21..2026-08-06,baccarat_bet02_101_all_pairs_incl_sentinel,round_win = game_pnl > 0 (decisive only),COMPATIBILITY_ONLY_NOT_PRODUCTION,296357.1217,267511.9505,6650.6079,18220,18206,-0.02244119,-0.04150452,-0.02020951,-0.02244119,-6650.6079,296357.1217,OK,0.0000,266.0243,4.0000,96.0000,AG03-UNRESOLVED,ALL5_LEVELS_bet23_to_bet27,266.0243,266.0243,266.0243,332.5304,332.5304,4.000000,4.000000,4.000000,5.000000,5.000000,96.000000,96.000000,96.000000,95.000000,95.000000,5.0,1463.1337,1340.2688,5187.4742,5310.3391,PENDING_AG03,FALSE,NOT_FOR_ENFORCEMENT,6384.5836,256811.4724,6650.6079,6384.5836,266.0243,0.02244119,0.02154355,266.0243,6384.5836,0.02154355,266.0243,266.0243,266.0243,332.5304,332.5304,6384.5836,0.02154355,1463.1337,1340.2688,5187.4742,5310.3391,0.01750413,0.01791872,0.00089765,16.2655,14.6936,0.3653,59.3804,1.1678,2646.0457,162.5536,12.4780,16.8648,9.0895,16.5695,22.0926,29.825,33.4482,44.5976,11.8163,0.0,2.018664,2.691552,0.981654,30,240,141,4,0.10479828,0.02244119,0.04150452,0E-8,0.000000,0.902668,0.011910,-0.02129501,2026-03-22,2026-08-05,112,5695,2177,137,0.817518,0.739886,0.767145,0.349328,,,,,,,,GLOBAL_BASELINE_NO_ENTITY_RANKING,,,NOT_APPLICABLE_GLOBAL_BASELINE,HF9g-P5,,,,X 全窗基线 · 不参与实体赏罚,14194813,1420,A168_HF9F_20260827_0900,2026-08-27 09:00:00
2026-04-20,110249610,1291,0,51.1282295998,-5.6809144000,-5.6809144000,0.5000000,2,2,0.49324550000000000,0.493245500000,0.01910635448239258,0.01910635448239258,0.01910635448239258,0E-17,ELIGIBLE,R03b_20260811_FULL_v1,L1_ELIGIBILITY,v2026-08-11,2026-03-21..2026-08-06,baccarat_bet02_101_all_pairs_incl_sentinel,round_win = game_pnl > 0 (decisive only),COMPATIBILITY_ONLY_NOT_PRODUCTION,296357.1217,267511.9505,6650.6079,18220,18206,-0.02244119,-0.04150452,-0.02020951,-0.02244119,-6650.6079,296357.1217,OK,0.0000,266.0243,4.0000,96.0000,AG03-UNRESOLVED,ALL5_LEVELS_bet23_to_bet27,266.0243,266.0243,266.0243,332.5304,332.5304,4.000000,4.000000,4.000000,5.000000,5.000000,96.000000,96.000000,96.000000,95.000000,95.000000,5.0,1463.1337,1340.2688,5187.4742,5310.3391,PENDING_AG03,FALSE,NOT_FOR_ENFORCEMENT,6384.5836,256811.4724,6650.6079,6384.5836,266.0243,0.02244119,0.02154355,266.0243,6384.5836,0.02154355,266.0243,266.0243,266.0243,332.5304,332.5304,6384.5836,0.02154355,1463.1337,1340.2688,5187.4742,5310.3391,0.01750413,0.01791872,0.00089765,16.2655,14.6936,0.3653,59.3804,1.1678,2646.0457,162.5536,12.4780,16.8648,9.0895,16.5695,22.0926,29.825,33.4482,44.5976,11.8163,0.0,2.018664,2.691552,0.981654,30,240,141,4,0.10479828,0.02244119,0.04150452,0E-8,0.000000,0.902668,0.011910,-0.02129501,2026-03-22,2026-08-05,112,5695,2177,137,0.817518,0.739886,0.767145,0.349328,,,,,,,,GLOBAL_BASELINE_NO_ENTITY_RANKING,,,NOT_APPLICABLE_GLOBAL_BASELINE,HF9g-P5,,,,X 全窗基线 · 不参与实体赏罚,14194814,1420,A168_HF9F_20260827_0900,2026-08-27 09:00:00
2026-04-20,110249610,1302,0,22.7236575999,-22.7236575999,-22.7236575999,0E-7,1,1,0.50665070000000000,0.506650700000,-1.013391052207602,-1.013391052207602,-1.013391052207602,0E-17,ELIGIBLE,R03b_20260811_FULL_v1,L1_ELIGIBILITY,v2026-08-11,2026-03-21..2026-08-06,baccarat_bet02_101_all_pairs_incl_sentinel,round_win = game_pnl > 0 (decisive only),COMPATIBILITY_ONLY_NOT_PRODUCTION,296357.1217,267511.9505,6650.6079,18220,18206,-0.02244119,-0.04150452,-0.02020951,-0.02244119,-6650.6079,296357.1217,OK,0.0000,266.0243,4.0000,96.0000,AG03-UNRESOLVED,ALL5_LEVELS_bet23_to_bet27,266.0243,266.0243,266.0243,332.5304,332.5304,4.000000,4.000000,4.000000,5.000000,5.000000,96.000000,96.000000,96.000000,95.000000,95.000000,5.0,1463.1337,1340.2688,5187.4742,5310.3391,PENDING_AG03,FALSE,NOT_FOR_ENFORCEMENT,6384.5836,256811.4724,6650.6079,6384.5836,266.0243,0.02244119,0.02154355,266.0243,6384.5836,0.02154355,266.0243,266.0243,266.0243,332.5304,332.5304,6384.5836,0.02154355,1463.1337,1340.2688,5187.4742,5310.3391,0.01750413,0.01791872,0.00089765,16.2655,14.6936,0.3653,59.3804,1.1678,2646.0457,162.5536,12.4780,16.8648,9.0895,16.5695,22.0926,29.825,33.4482,44.5976,11.8163,0.0,2.018664,2.691552,0.981654,30,240,141,4,0.10479828,0.02244119,0.04150452,0E-8,0.000000,0.902668,0.011910,-0.02129501,2026-03-22,2026-08-05,112,5695,2177,137,0.817518,0.739886,0.767145,0.349328,,,,,,,,GLOBAL_BASELINE_NO_ENTITY_RANKING,,,NOT_APPLICABLE_GLOBAL_BASELINE,HF9g-P5,,,,X 全窗基线 · 不参与实体赏罚,14194815,1420,A168_HF9F_20260827_0900,2026-08-27 09:00:00
2026-04-20,110249610,1304,0,12.6116299680,-12.6116299680,-12.6116299680,0E-7,1,1,0.50665070000000000,0.506650700000,-1.013391052207602,-1.013391052207602,-1.013391052207602,0E-17,ELIGIBLE,R03b_20260811_FULL_v1,L1_ELIGIBILITY,v2026-08-11,2026-03-21..2026-08-06,baccarat_bet02_101_all_pairs_incl_sentinel,round_win = game_pnl > 0 (decisive only),COMPATIBILITY_ONLY_NOT_PRODUCTION,296357.1217,267511.9505,6650.6079,18220,18206,-0.02244119,-0.04150452,-0.02020951,-0.02244119,-6650.6079,296357.1217,OK,0.0000,266.0243,4.0000,96.0000,AG03-UNRESOLVED,ALL5_LEVELS_bet23_to_bet27,266.0243,266.0243,266.0243,332.5304,332.5304,4.000000,4.000000,4.000000,5.000000,5.000000,96.000000,96.000000,96.000000,95.000000,95.000000,5.0,1463.1337,1340.2688,5187.4742,5310.3391,PENDING_AG03,FALSE,NOT_FOR_ENFORCEMENT,6384.5836,256811.4724,6650.6079,6384.5836,266.0243,0.02244119,0.02154355,266.0243,6384.5836,0.02154355,266.0243,266.0243,266.0243,332.5304,332.5304,6384.5836,0.02154355,1463.1337,1340.2688,5187.4742,5310.3391,0.01750413,0.01791872,0.00089765,16.2655,14.6936,0.3653,59.3804,1.1678,2646.0457,162.5536,12.4780,16.8648,9.0895,16.5695,22.0926,29.825,33.4482,44.5976,11.8163,0.0,2.018664,2.691552,0.981654,30,240,141,4,0.10479828,0.02244119,0.04150452,0E-8,0.000000,0.902668,0.011910,-0.02129501,2026-03-22,2026-08-05,112,5695,2177,137,0.817518,0.739886,0.767145,0.349328,,,,,,,,GLOBAL_BASELINE_NO_ENTITY_RANKING,,,NOT_APPLICABLE_GLOBAL_BASELINE,HF9g-P5,,,,X 全窗基线 · 不参与实体赏罚,14194816,1420,A168_HF9F_20260827_0900,2026-08-27 09:00:00
2026-04-20,110249610,1325,0,17.0427431999,-17.0427431999,-17.0427431999,0E-7,1,1,0.50665070000000000,0.506650700000,-1.013391052207602,-1.013391052207602,-1.013391052207602,0E-17,ELIGIBLE,R03b_20260811_FULL_v1,L1_ELIGIBILITY,v2026-08-11,2026-03-21..2026-08-06,baccarat_bet02_101_all_pairs_incl_sentinel,round_win = game_pnl > 0 (decisive only),COMPATIBILITY_ONLY_NOT_PRODUCTION,296357.1217,267511.9505,6650.6079,18220,18206,-0.02244119,-0.04150452,-0.02020951,-0.02244119,-6650.6079,296357.1217,OK,0.0000,266.0243,4.0000,96.0000,AG03-UNRESOLVED,ALL5_LEVELS_bet23_to_bet27,266.0243,266.0243,266.0243,332.5304,332.5304,4.000000,4.000000,4.000000,5.000000,5.000000,96.000000,96.000000,96.000000,95.000000,95.000000,5.0,1463.1337,1340.2688,5187.4742,5310.3391,PENDING_AG03,FALSE,NOT_FOR_ENFORCEMENT,6384.5836,256811.4724,6650.6079,6384.5836,266.0243,0.02244119,0.02154355,266.0243,6384.5836,0.02154355,266.0243,266.0243,266.0243,332.5304,332.5304,6384.5836,0.02154355,1463.1337,1340.2688,5187.4742,5310.3391,0.01750413,0.01791872,0.00089765,16.2655,14.6936,0.3653,59.3804,1.1678,2646.0457,162.5536,12.4780,16.8648,9.0895,16.5695,22.0926,29.825,33.4482,44.5976,11.8163,0.0,2.018664,2.691552,0.981654,30,240,141,4,0.10479828,0.02244119,0.04150452,0E-8,0.000000,0.902668,0.011910,-0.02129501,2026-03-22,2026-08-05,112,5695,2177,137,0.817518,0.739886,0.767145,0.349328,,,,,,,,GLOBAL_BASELINE_NO_ENTITY_RANKING,,,NOT_APPLICABLE_GLOBAL_BASELINE,HF9g-P5,,,,X 全窗基线 · 不参与实体赏罚,14194817,1420,A168_HF9F_20260827_0900,2026-08-27 09:00:00
2026-04-20,110249610,1331,0,62.4900583997,-62.4900583997,-62.4900583997,0E-7,3,3,0.49771390000000000,0.497713900000,-1.724149546644903,-1.724149546644903,-1.724149546644903,0E-17,ELIGIBLE,R03b_20260811_FULL_v1,L1_ELIGIBILITY,v2026-08-11,2026-03-21..2026-08-06,baccarat_bet02_101_all_pairs_incl_sentinel,round_win = game_pnl > 0 (decisive only),COMPATIBILITY_ONLY_NOT_PRODUCTION,296357.1217,267511.9505,6650.6079,18220,18206,-0.02244119,-0.04150452,-0.02020951,-0.02244119,-6650.6079,296357.1217,OK,0.0000,266.0243,4.0000,96.0000,AG03-UNRESOLVED,ALL5_LEVELS_bet23_to_bet27,266.0243,266.0243,266.0243,332.5304,332.5304,4.000000,4.000000,4.000000,5.000000,5.000000,96.000000,96.000000,96.000000,95.000000,95.000000,5.0,1463.1337,1340.2688,5187.4742,5310.3391,PENDING_AG03,FALSE,NOT_FOR_ENFORCEMENT,6384.5836,256811.4724,6650.6079,6384.5836,266.0243,0.02244119,0.02154355,266.0243,6384.5836,0.02154355,266.0243,266.0243,266.0243,332.5304,332.5304,6384.5836,0.02154355,1463.1337,1340.2688,5187.4742,5310.3391,0.01750413,0.01791872,0.00089765,16.2655,14.6936,0.3653,59.3804,1.1678,2646.0457,162.5536,12.4780,16.8648,9.0895,16.5695,22.0926,29.825,33.4482,44.5976,11.8163,0.0,2.018664,2.691552,0.981654,30,240,141,4,0.10479828,0.02244119,0.04150452,0E-8,0.000000,0.902668,0.011910,-0.02129501,2026-03-22,2026-08-05,112,5695,2177,137,0.817518,0.739886,0.767145,0.349328,,,,,,,,GLOBAL_BASELINE_NO_ENTITY_RANKING,,,NOT_APPLICABLE_GLOBAL_BASELINE,HF9g-P5,,,,X 全窗基线 · 不参与实体赏罚,14194818,1420,A168_HF9F_20260827_0900,2026-08-27 09:00:00
2026-04-20,110249610,1353,0,17.0427431999,-17.0427431999,-17.0427431999,0E-7,1,1,0.50665070000000000,0.506650700000,-1.013391052207602,-1.013391052207602,-1.013391052207602,0E-17,ELIGIBLE,R03b_20260811_FULL_v1,L1_ELIGIBILITY,v2026-08-11,2026-03-21..2026-08-06,baccarat_bet02_101_all_pairs_incl_sentinel,round_win = game_pnl > 0 (decisive only),COMPATIBILITY_ONLY_NOT_PRODUCTION,296357.1217,267511.9505,6650.6079,18220,18206,-0.02244119,-0.04150452,-0.02020951,-0.02244119,-6650.6079,296357.1217,OK,0.0000,266.0243,4.0000,96.0000,AG03-UNRESOLVED,ALL5_LEVELS_bet23_to_bet27,266.0243,266.0243,266.0243,332.5304,332.5304,4.000000,4.000000,4.000000,5.000000,5.000000,96.000000,96.000000,96.000000,95.000000,95.000000,5.0,1463.1337,1340.2688,5187.4742,5310.3391,PENDING_AG03,FALSE,NOT_FOR_ENFORCEMENT,6384.5836,256811.4724,6650.6079,6384.5836,266.0243,0.02244119,0.02154355,266.0243,6384.5836,0.02154355,266.0243,266.0243,266.0243,332.5304,332.5304,6384.5836,0.02154355,1463.1337,1340.2688,5187.4742,5310.3391,0.01750413,0.01791872,0.00089765,16.2655,14.6936,0.3653,59.3804,1.1678,2646.0457,162.5536,12.4780,16.8648,9.0895,16.5695,22.0926,29.825,33.4482,44.5976,11.8163,0.0,2.018664,2.691552,0.981654,30,240,141,4,0.10479828,0.02244119,0.04150452,0E-8,0.000000,0.902668,0.011910,-0.02129501,2026-03-22,2026-08-05,112,5695,2177,137,0.817518,0.739886,0.767145,0.349328,,,,,,,,GLOBAL_BASELINE_NO_ENTITY_RANKING,,,NOT_APPLICABLE_GLOBAL_BASELINE,HF9g-P5,,,,X 全窗基线 · 不参与实体赏罚,14194819,1420,A168_HF9F_20260827_0900,2026-08-27 09:00:00
2026-04-20,110249610,1383,0,157.9294203195,27.6092439839,27.6092439839,0.6666667,5,5,0.50665070000000000,0.506650700000,0.5543606114942035,0.5543606114942035,0.5543606114942035,0E-17,ELIGIBLE,R03b_20260811_FULL_v1,L1_ELIGIBILITY,v2026-08-11,2026-03-21..2026-08-06,baccarat_bet02_101_all_pairs_incl_sentinel,round_win = game_pnl > 0 (decisive only),COMPATIBILITY_ONLY_NOT_PRODUCTION,296357.1217,267511.9505,6650.6079,18220,18206,-0.02244119,-0.04150452,-0.02020951,-0.02244119,-6650.6079,296357.1217,OK,0.0000,266.0243,4.0000,96.0000,AG03-UNRESOLVED,ALL5_LEVELS_bet23_to_bet27,266.0243,266.0243,266.0243,332.5304,332.5304,4.000000,4.000000,4.000000,5.000000,5.000000,96.000000,96.000000,96.000000,95.000000,95.000000,5.0,1463.1337,1340.2688,5187.4742,5310.3391,PENDING_AG03,FALSE,NOT_FOR_ENFORCEMENT,6384.5836,256811.4724,6650.6079,6384.5836,266.0243,0.02244119,0.02154355,266.0243,6384.5836,0.02154355,266.0243,266.0243,266.0243,332.5304,332.5304,6384.5836,0.02154355,1463.1337,1340.2688,5187.4742,5310.3391,0.01750413,0.01791872,0.00089765,16.2655,14.6936,0.3653,59.3804,1.1678,2646.0457,162.5536,12.4780,16.8648,9.0895,16.5695,22.0926,29.825,33.4482,44.5976,11.8163,0.0,2.018664,2.691552,0.981654,30,240,141,4,0.10479828,0.02244119,0.04150452,0E-8,0.000000,0.902668,0.011910,-0.02129501,2026-03-22,2026-08-05,112,5695,2177,137,0.817518,0.739886,0.767145,0.349328,,,,,,,,GLOBAL_BASELINE_NO_ENTITY_RANKING,,,NOT_APPLICABLE_GLOBAL_BASELINE,HF9g-P5,,,,X 全窗基线 · 不参与实体赏罚,14194820,1420,A168_HF9F_20260827_0900,2026-08-27 09:00:00
2026-04-20,110249610,1384,0,45.4473151998,-11.3618288000,-11.3618288000,0.3333333,3,3,0.49324550000000000,0.493245500000,-0.5540025479526107,-0.5540025479526106,-0.5540025479526107,0E-17,ELIGIBLE,R03b_20260811_FULL_v1,L1_ELIGIBILITY,v2026-08-11,2026-03-21..2026-08-06,baccarat_bet02_101_all_pairs_incl_sentinel,round_win = game_pnl > 0 (decisive only),COMPATIBILITY_ONLY_NOT_PRODUCTION,296357.1217,267511.9505,6650.6079,18220,18206,-0.02244119,-0.04150452,-0.02020951,-0.02244119,-6650.6079,296357.1217,OK,0.0000,266.0243,4.0000,96.0000,AG03-UNRESOLVED,ALL5_LEVELS_bet23_to_bet27,266.0243,266.0243,266.0243,332.5304,332.5304,4.000000,4.000000,4.000000,5.000000,5.000000,96.000000,96.000000,96.000000,95.000000,95.000000,5.0,1463.1337,1340.2688,5187.4742,5310.3391,PENDING_AG03,FALSE,NOT_FOR_ENFORCEMENT,6384.5836,256811.4724,6650.6079,6384.5836,266.0243,0.02244119,0.02154355,266.0243,6384.5836,0.02154355,266.0243,266.0243,266.0243,332.5304,332.5304,6384.5836,0.02154355,1463.1337,1340.2688,5187.4742,5310.3391,0.01750413,0.01791872,0.00089765,16.2655,14.6936,0.3653,59.3804,1.1678,2646.0457,162.5536,12.4780,16.8648,9.0895,16.5695,22.0926,29.825,33.4482,44.5976,11.8163,0.0,2.018664,2.691552,0.981654,30,240,141,4,0.10479828,0.02244119,0.04150452,0E-8,0.000000,0.902668,0.011910,-0.02129501,2026-03-22,2026-08-05,112,5695,2177,137,0.817518,0.739886,0.767145,0.349328,,,,,,,,GLOBAL_BASELINE_NO_ENTITY_RANKING,,,NOT_APPLICABLE_GLOBAL_BASELINE,HF9g-P5,,,,X 全窗基线 · 不参与实体赏罚,14194821,1420,A168_HF9F_20260827_0900,2026-08-27 09:00:00
2026-04-20,110249610,1400,0,338.0144067989,159.0656031995,159.0656031995,0.8750000,11,11,0.50543204545454545,0.505432045455,2.0907154397611416,2.090715439758591,2.0907154397611416,-4.5455E-13,ELIGIBLE,R03b_20260811_FULL_v1,L1_ELIGIBILITY,v2026-08-11,2026-03-21..2026-08-06,baccarat_bet02_101_all_pairs_incl_sentinel,round_win = game_pnl > 0 (decisive only),COMPATIBILITY_ONLY_NOT_PRODUCTION,296357.1217,267511.9505,6650.6079,18220,18206,-0.02244119,-0.04150452,-0.02020951,-0.02244119,-6650.6079,296357.1217,OK,0.0000,266.0243,4.0000,96.0000,AG03-UNRESOLVED,ALL5_LEVELS_bet23_to_bet27,266.0243,266.0243,266.0243,332.5304,332.5304,4.000000,4.000000,4.000000,5.000000,5.000000,96.000000,96.000000,96.000000,95.000000,95.000000,5.0,1463.1337,1340.2688,5187.4742,5310.3391,PENDING_AG03,FALSE,NOT_FOR_ENFORCEMENT,6384.5836,256811.4724,6650.6079,6384.5836,266.0243,0.02244119,0.02154355,266.0243,6384.5836,0.02154355,266.0243,266.0243,266.0243,332.5304,332.5304,6384.5836,0.02154355,1463.1337,1340.2688,5187.4742,5310.3391,0.01750413,0.01791872,0.00089765,16.2655,14.6936,0.3653,59.3804,1.1678,2646.0457,162.5536,12.4780,16.8648,9.0895,16.5695,22.0926,29.825,33.4482,44.5976,11.8163,0.0,2.018664,2.691552,0.981654,30,240,141,4,0.10479828,0.02244119,0.04150452,0E-8,0.000000,0.902668,0.011910,-0.02129501,2026-03-22,2026-08-05,112,5695,2177,137,0.817518,0.739886,0.767145,0.349328,,,,,,,,GLOBAL_BASELINE_NO_ENTITY_RANKING,,,NOT_APPLICABLE_GLOBAL_BASELINE,HF9g-P5,,,,X 全窗基线 · 不参与实体赏罚,14194822,1420,A168_HF9F_20260827_0900,2026-08-27 09:00:00
2026-04-20,110249610,1405,0,183.3799168313,5.8286181743,5.8286181743,0.5714286,7,7,0.50665070000000000,0.506650700000,0.34280260342128577,0.34280260342128577,0.34280260342128577,0E-17,ELIGIBLE,R03b_20260811_FULL_v1,L1_ELIGIBILITY,v2026-08-11,2026-03-21..2026-08-06,baccarat_bet02_101_all_pairs_incl_sentinel,round_win = game_pnl > 0 (decisive only),COMPATIBILITY_ONLY_NOT_PRODUCTION,296357.1217,267511.9505,6650.6079,18220,18206,-0.02244119,-0.04150452,-0.02020951,-0.02244119,-6650.6079,296357.1217,OK,0.0000,266.0243,4.0000,96.0000,AG03-UNRESOLVED,ALL5_LEVELS_bet23_to_bet27,266.0243,266.0243,266.0243,332.5304,332.5304,4.000000,4.000000,4.000000,5.000000,5.000000,96.000000,96.000000,96.000000,95.000000,95.000000,5.0,1463.1337,1340.2688,5187.4742,5310.3391,PENDING_AG03,FALSE,NOT_FOR_ENFORCEMENT,6384.5836,256811.4724,6650.6079,6384.5836,266.0243,0.02244119,0.02154355,266.0243,6384.5836,0.02154355,266.0243,266.0243,266.0243,332.5304,332.5304,6384.5836,0.02154355,1463.1337,1340.2688,5187.4742,5310.3391,0.01750413,0.01791872,0.00089765,16.2655,14.6936,0.3653,59.3804,1.1678,2646.0457,162.5536,12.4780,16.8648,9.0895,16.5695,22.0926,29.825,33.4482,44.5976,11.8163,0.0,2.018664,2.691552,0.981654,30,240,141,4,0.10479828,0.02244119,0.04150452,0E-8,0.000000,0.902668,0.011910,-0.02129501,2026-03-22,2026-08-05,112,5695,2177,137,0.817518,0.739886,0.767145,0.349328,,,,,,,,GLOBAL_BASELINE_NO_ENTITY_RANKING,,,NOT_APPLICABLE_GLOBAL_BASELINE,HF9g-P5,,,,X 全窗基线 · 不参与实体赏罚,14194823,1420,A168_HF9F_20260827_0900,2026-08-27 09:00:00
2026-04-20,110249610,1505,0,15.9065603200,-15.9065603200,-15.9065603200,0E-7,2,2,0.49994810000000000,0.499948100000,-1.4140667746232096,-1.4140667746232096,-1.4140667746232096,0E-17,ELIGIBLE,R03b_20260811_FULL_v1,L1_ELIGIBILITY,v2026-08-11,2026-03-21..2026-08-06,baccarat_bet02_101_all_pairs_incl_sentinel,round_win = game_pnl > 0 (decisive only),COMPATIBILITY_ONLY_NOT_PRODUCTION,296357.1217,267511.9505,6650.6079,18220,18206,-0.02244119,-0.04150452,-0.02020951,-0.02244119,-6650.6079,296357.1217,OK,0.0000,266.0243,4.0000,96.0000,AG03-UNRESOLVED,ALL5_LEVELS_bet23_to_bet27,266.0243,266.0243,266.0243,332.5304,332.5304,4.000000,4.000000,4.000000,5.000000,5.000000,96.000000,96.000000,96.000000,95.000000,95.000000,5.0,1463.1337,1340.2688,5187.4742,5310.3391,PENDING_AG03,FALSE,NOT_FOR_ENFORCEMENT,6384.5836,256811.4724,6650.6079,6384.5836,266.0243,0.02244119,0.02154355,266.0243,6384.5836,0.02154355,266.0243,266.0243,266.0243,332.5304,332.5304,6384.5836,0.02154355,1463.1337,1340.2688,5187.4742,5310.3391,0.01750413,0.01791872,0.00089765,16.2655,14.6936,0.3653,59.3804,1.1678,2646.0457,162.5536,12.4780,16.8648,9.0895,16.5695,22.0926,29.825,33.4482,44.5976,11.8163,0.0,2.018664,2.691552,0.981654,30,240,141,4,0.10479828,0.02244119,0.04150452,0E-8,0.000000,0.902668,0.011910,-0.02129501,2026-03-22,2026-08-05,112,5695,2177,137,0.817518,0.739886,0.767145,0.349328,,,,,,,,GLOBAL_BASELINE_NO_ENTITY_RANKING,,,NOT_APPLICABLE_GLOBAL_BASELINE,HF9g-P5,,,,X 全窗基线 · 不参与实体赏罚,14194824,1420,A168_HF9F_20260827_0900,2026-08-27 09:00:00
2026-04-20,110249610,1654,0,45.4473151998,-23.2917490398,-23.2917490398,0.3333333,3,3,0.50665070000000000,0.506650700000,-0.6004420894325239,-0.6004420894325239,-0.6004420894325239,0E-17,ELIGIBLE,R03b_20260811_FULL_v1,L1_ELIGIBILITY,v2026-08-11,2026-03-21..2026-08-06,baccarat_bet02_101_all_pairs_incl_sentinel,round_win = game_pnl > 0 (decisive only),COMPATIBILITY_ONLY_NOT_PRODUCTION,296357.1217,267511.9505,6650.6079,18220,18206,-0.02244119,-0.04150452,-0.02020951,-0.02244119,-6650.6079,296357.1217,OK,0.0000,266.0243,4.0000,96.0000,AG03-UNRESOLVED,ALL5_LEVELS_bet23_to_bet27,266.0243,266.0243,266.0243,332.5304,332.5304,4.000000,4.000000,4.000000,5.000000,5.000000,96.000000,96.000000,96.000000,95.000000,95.000000,5.0,1463.1337,1340.2688,5187.4742,5310.3391,PENDING_AG03,FALSE,NOT_FOR_ENFORCEMENT,6384.5836,256811.4724,6650.6079,6384.5836,266.0243,0.02244119,0.02154355,266.0243,6384.5836,0.02154355,266.0243,266.0243,266.0243,332.5304,332.5304,6384.5836,0.02154355,1463.1337,1340.2688,5187.4742,5310.3391,0.01750413,0.01791872,0.00089765,16.2655,14.6936,0.3653,59.3804,1.1678,2646.0457,162.5536,12.4780,16.8648,9.0895,16.5695,22.0926,29.825,33.4482,44.5976,11.8163,0.0,2.018664,2.691552,0.981654,30,240,141,4,0.10479828,0.02244119,0.04150452,0E-8,0.000000,0.902668,0.011910,-0.02129501,2026-03-22,2026-08-05,112,5695,2177,137,0.817518,0.739886,0.767145,0.349328,,,,,,,,GLOBAL_BASELINE_NO_ENTITY_RANKING,,,NOT_APPLICABLE_GLOBAL_BASELINE,HF9g-P5,,,,X 全窗基线 · 不参与实体赏罚,14194825,1420,A168_HF9F_20260827_0900,2026-08-27 09:00:00
2026-04-20,110249610,1710,0,28.4045719999,-28.4045719999,-28.4045719999,0E-7,1,1,0.49324550000000000,0.493245500000,-0.9865810262130424,-0.9865810262130424,-0.9865810262130424,0E-17,ELIGIBLE,R03b_20260811_FULL_v1,L1_ELIGIBILITY,v2026-08-11,2026-03-21..2026-08-06,baccarat_bet02_101_all_pairs_incl_sentinel,round_win = game_pnl > 0 (decisive only),COMPATIBILITY_ONLY_NOT_PRODUCTION,296357.1217,267511.9505,6650.6079,18220,18206,-0.02244119,-0.04150452,-0.02020951,-0.02244119,-6650.6079,296357.1217,OK,0.0000,266.0243,4.0000,96.0000,AG03-UNRESOLVED,ALL5_LEVELS_bet23_to_bet27,266.0243,266.0243,266.0243,332.5304,332.5304,4.000000,4.000000,4.000000,5.000000,5.000000,96.000000,96.000000,96.000000,95.000000,95.000000,5.0,1463.1337,1340.2688,5187.4742,5310.3391,PENDING_AG03,FALSE,NOT_FOR_ENFORCEMENT,6384.5836,256811.4724,6650.6079,6384.5836,266.0243,0.02244119,0.02154355,266.0243,6384.5836,0.02154355,266.0243,266.0243,266.0243,332.5304,332.5304,6384.5836,0.02154355,1463.1337,1340.2688,5187.4742,5310.3391,0.01750413,0.01791872,0.00089765,16.2655,14.6936,0.3653,59.3804,1.1678,2646.0457,162.5536,12.4780,16.8648,9.0895,16.5695,22.0926,29.825,33.4482,44.5976,11.8163,0.0,2.018664,2.691552,0.981654,30,240,141,4,0.10479828,0.02244119,0.04150452,0E-8,0.000000,0.902668,0.011910,-0.02129501,2026-03-22,2026-08-05,112,5695,2177,137,0.817518,0.739886,0.767145,0.349328,,,,,,,,GLOBAL_BASELINE_NO_ENTITY_RANKING,,,NOT_APPLICABLE_GLOBAL_BASELINE,HF9g-P5,,,,X 全窗基线 · 不参与实体赏罚,14194826,1420,A168_HF9F_20260827_0900,2026-08-27 09:00:00
2026-04-20,110249610,1963,0,23.7462221920,-0.3408548640,-0.3408548640,0.5000000,2,2,0.49324550000000000,0.493245500000,0.01910635448239258,0.01910635448239258,0.01910635448239258,0E-17,ELIGIBLE,R03b_20260811_FULL_v1,L1_ELIGIBILITY,v2026-08-11,2026-03-21..2026-08-06,baccarat_bet02_101_all_pairs_incl_sentinel,round_win = game_pnl > 0 (decisive only),COMPATIBILITY_ONLY_NOT_PRODUCTION,296357.1217,267511.9505,6650.6079,18220,18206,-0.02244119,-0.04150452,-0.02020951,-0.02244119,-6650.6079,296357.1217,OK,0.0000,266.0243,4.0000,96.0000,AG03-UNRESOLVED,ALL5_LEVELS_bet23_to_bet27,266.0243,266.0243,266.0243,332.5304,332.5304,4.000000,4.000000,4.000000,5.000000,5.000000,96.000000,96.000000,96.000000,95.000000,95.000000,5.0,1463.1337,1340.2688,5187.4742,5310.3391,PENDING_AG03,FALSE,NOT_FOR_ENFORCEMENT,6384.5836,256811.4724,6650.6079,6384.5836,266.0243,0.02244119,0.02154355,266.0243,6384.5836,0.02154355,266.0243,266.0243,266.0243,332.5304,332.5304,6384.5836,0.02154355,1463.1337,1340.2688,5187.4742,5310.3391,0.01750413,0.01791872,0.00089765,16.2655,14.6936,0.3653,59.3804,1.1678,2646.0457,162.5536,12.4780,16.8648,9.0895,16.5695,22.0926,29.825,33.4482,44.5976,11.8163,0.0,2.018664,2.691552,0.981654,30,240,141,4,0.10479828,0.02244119,0.04150452,0E-8,0.000000,0.902668,0.011910,-0.02129501,2026-03-22,2026-08-05,112,5695,2177,137,0.817518,0.739886,0.767145,0.349328,,,,,,,,GLOBAL_BASELINE_NO_ENTITY_RANKING,,,NOT_APPLICABLE_GLOBAL_BASELINE,HF9g-P5,,,,X 全窗基线 · 不参与实体赏罚,14194827,1420,A168_HF9F_20260827_0900,2026-08-27 09:00:00
2026-04-20,110249610,1990,0,34.0854863998,-34.0854863998,-34.0854863998,0E-7,2,2,0.50665070000000000,0.506650700000,-1.4331513700195317,-1.4331513700195317,-1.4331513700195317,0E-17,ELIGIBLE,R03b_20260811_FULL_v1,L1_ELIGIBILITY,v2026-08-11,2026-03-21..2026-08-06,baccarat_bet02_101_all_pairs_incl_sentinel,round_win = game_pnl > 0 (decisive only),COMPATIBILITY_ONLY_NOT_PRODUCTION,296357.1217,267511.9505,6650.6079,18220,18206,-0.02244119,-0.04150452,-0.02020951,-0.02244119,-6650.6079,296357.1217,OK,0.0000,266.0243,4.0000,96.0000,AG03-UNRESOLVED,ALL5_LEVELS_bet23_to_bet27,266.0243,266.0243,266.0243,332.5304,332.5304,4.000000,4.000000,4.000000,5.000000,5.000000,96.000000,96.000000,96.000000,95.000000,95.000000,5.0,1463.1337,1340.2688,5187.4742,5310.3391,PENDING_AG03,FALSE,NOT_FOR_ENFORCEMENT,6384.5836,256811.4724,6650.6079,6384.5836,266.0243,0.02244119,0.02154355,266.0243,6384.5836,0.02154355,266.0243,266.0243,266.0243,332.5304,332.5304,6384.5836,0.02154355,1463.1337,1340.2688,5187.4742,5310.3391,0.01750413,0.01791872,0.00089765,16.2655,14.6936,0.3653,59.3804,1.1678,2646.0457,162.5536,12.4780,16.8648,9.0895,16.5695,22.0926,29.825,33.4482,44.5976,11.8163,0.0,2.018664,2.691552,0.981654,30,240,141,4,0.10479828,0.02244119,0.04150452,0E-8,0.000000,0.902668,0.011910,-0.02129501,2026-03-22,2026-08-05,112,5695,2177,137,0.817518,0.739886,0.767145,0.349328,,,,,,,,GLOBAL_BASELINE_NO_ENTITY_RANKING,,,NOT_APPLICABLE_GLOBAL_BASELINE,HF9g-P5,,,,X 全窗基线 · 不参与实体赏罚,14194828,1420,A168_HF9F_20260827_0900,2026-08-27 09:00:00
2026-04-20,110249610,2093,0,574.3404458383,152.4473379234,152.4473379234,0.7142857,17,17,0.50665070000000000,0.506650700000,1.5539356427647824,1.5539356427647826,1.5539356427647824,0E-17,ELIGIBLE,R03b_20260811_FULL_v1,L1_ELIGIBILITY,v2026-08-11,2026-03-21..2026-08-06,baccarat_bet02_101_all_pairs_incl_sentinel,round_win = game_pnl > 0 (decisive only),COMPATIBILITY_ONLY_NOT_PRODUCTION,296357.1217,267511.9505,6650.6079,18220,18206,-0.02244119,-0.04150452,-0.02020951,-0.02244119,-6650.6079,296357.1217,OK,0.0000,266.0243,4.0000,96.0000,AG03-UNRESOLVED,ALL5_LEVELS_bet23_to_bet27,266.0243,266.0243,266.0243,332.5304,332.5304,4.000000,4.000000,4.000000,5.000000,5.000000,96.000000,96.000000,96.000000,95.000000,95.000000,5.0,1463.1337,1340.2688,5187.4742,5310.3391,PENDING_AG03,FALSE,NOT_FOR_ENFORCEMENT,6384.5836,256811.4724,6650.6079,6384.5836,266.0243,0.02244119,0.02154355,266.0243,6384.5836,0.02154355,266.0243,266.0243,266.0243,332.5304,332.5304,6384.5836,0.02154355,1463.1337,1340.2688,5187.4742,5310.3391,0.01750413,0.01791872,0.00089765,16.2655,14.6936,0.3653,59.3804,1.1678,2646.0457,162.5536,12.4780,16.8648,9.0895,16.5695,22.0926,29.825,33.4482,44.5976,11.8163,0.0,2.018664,2.691552,0.981654,30,240,141,4,0.10479828,0.02244119,0.04150452,0E-8,0.000000,0.902668,0.011910,-0.02129501,2026-03-22,2026-08-05,112,5695,2177,137,0.817518,0.739886,0.767145,0.349328,,,,,,,,GLOBAL_BASELINE_NO_ENTITY_RANKING,,,NOT_APPLICABLE_GLOBAL_BASELINE,HF9g-P5,,,,X 全窗基线 · 不参与实体赏罚,14194829,1420,A168_HF9F_20260827_0900,2026-08-27 09:00:00
2026-04-20,110249610,2103,0,4.7719680960,0.2272365760,0.2272365760,0.5000000,2,2,0.49324550000000000,0.493245500000,0.01910635448239258,0.01910635448239258,0.01910635448239258,0E-17,ELIGIBLE,R03b_20260811_FULL_v1,L1_ELIGIBILITY,v2026-08-11,2026-03-21..2026-08-06,baccarat_bet02_101_all_pairs_incl_sentinel,round_win = game_pnl > 0 (decisive only),COMPATIBILITY_ONLY_NOT_PRODUCTION,296357.1217,267511.9505,6650.6079,18220,18206,-0.02244119,-0.04150452,-0.02020951,-0.02244119,-6650.6079,296357.1217,OK,0.0000,266.0243,4.0000,96.0000,AG03-UNRESOLVED,ALL5_LEVELS_bet23_to_bet27,266.0243,266.0243,266.0243,332.5304,332.5304,4.000000,4.000000,4.000000,5.000000,5.000000,96.000000,96.000000,96.000000,95.000000,95.000000,5.0,1463.1337,1340.2688,5187.4742,5310.3391,PENDING_AG03,FALSE,NOT_FOR_ENFORCEMENT,6384.5836,256811.4724,6650.6079,6384.5836,266.0243,0.02244119,0.02154355,266.0243,6384.5836,0.02154355,266.0243,266.0243,266.0243,332.5304,332.5304,6384.5836,0.02154355,1463.1337,1340.2688,5187.4742,5310.3391,0.01750413,0.01791872,0.00089765,16.2655,14.6936,0.3653,59.3804,1.1678,2646.0457,162.5536,12.4780,16.8648,9.0895,16.5695,22.0926,29.825,33.4482,44.5976,11.8163,0.0,2.018664,2.691552,0.981654,30,240,141,4,0.10479828,0.02244119,0.04150452,0E-8,0.000000,0.902668,0.011910,-0.02129501,2026-03-22,2026-08-05,112,5695,2177,137,0.817518,0.739886,0.767145,0.349328,,,,,,,,GLOBAL_BASELINE_NO_ENTITY_RANKING,,,NOT_APPLICABLE_GLOBAL_BASELINE,HF9g-P5,,,,X 全窗基线 · 不参与实体赏罚,14194830,1420,A168_HF9F_20260827_0900,2026-08-27 09:00:00
2026-04-20,110249610,2115,0,154.5208716794,-1.1361828799,-1.1361828799,0.4000000,6,6,0.49994810000000000,0.499948100000,-0.4469814940518811,-0.4469814940518811,-0.4469814940518811,0E-17,ELIGIBLE,R03b_20260811_FULL_v1,L1_ELIGIBILITY,v2026-08-11,2026-03-21..2026-08-06,baccarat_bet02_101_all_pairs_incl_sentinel,round_win = game_pnl > 0 (decisive only),COMPATIBILITY_ONLY_NOT_PRODUCTION,296357.1217,267511.9505,6650.6079,18220,18206,-0.02244119,-0.04150452,-0.02020951,-0.02244119,-6650.6079,296357.1217,OK,0.0000,266.0243,4.0000,96.0000,AG03-UNRESOLVED,ALL5_LEVELS_bet23_to_bet27,266.0243,266.0243,266.0243,332.5304,332.5304,4.000000,4.000000,4.000000,5.000000,5.000000,96.000000,96.000000,96.000000,95.000000,95.000000,5.0,1463.1337,1340.2688,5187.4742,5310.3391,PENDING_AG03,FALSE,NOT_FOR_ENFORCEMENT,6384.5836,256811.4724,6650.6079,6384.5836,266.0243,0.02244119,0.02154355,266.0243,6384.5836,0.02154355,266.0243,266.0243,266.0243,332.5304,332.5304,6384.5836,0.02154355,1463.1337,1340.2688,5187.4742,5310.3391,0.01750413,0.01791872,0.00089765,16.2655,14.6936,0.3653,59.3804,1.1678,2646.0457,162.5536,12.4780,16.8648,9.0895,16.5695,22.0926,29.825,33.4482,44.5976,11.8163,0.0,2.018664,2.691552,0.981654,30,240,141,4,0.10479828,0.02244119,0.04150452,0E-8,0.000000,0.902668,0.011910,-0.02129501,2026-03-22,2026-08-05,112,5695,2177,137,0.817518,0.739886,0.767145,0.349328,,,,,,,,GLOBAL_BASELINE_NO_ENTITY_RANKING,,,NOT_APPLICABLE_GLOBAL_BASELINE,HF9g-P5,,,,X 全窗基线 · 不参与实体赏罚,14194831,1420,A168_HF9F_20260827_0900,2026-08-27 09:00:00
2026-04-20,110249610,2117,0,152.7029790714,51.6167882381,51.6167882381,0.7142857,8,8,0.50497505000000000,0.504975050000,1.107622760077867,1.107622760077867,1.107622760077867,0E-17,ELIGIBLE,R03b_20260811_FULL_v1,L1_ELIGIBILITY,v2026-08-11,2026-03-21..2026-08-06,baccarat_bet02_101_all_pairs_incl_sentinel,round_win = game_pnl > 0 (decisive only),COMPATIBILITY_ONLY_NOT_PRODUCTION,296357.1217,267511.9505,6650.6079,18220,18206,-0.02244119,-0.04150452,-0.02020951,-0.02244119,-6650.6079,296357.1217,OK,0.0000,266.0243,4.0000,96.0000,AG03-UNRESOLVED,ALL5_LEVELS_bet23_to_bet27,266.0243,266.0243,266.0243,332.5304,332.5304,4.000000,4.000000,4.000000,5.000000,5.000000,96.000000,96.000000,96.000000,95.000000,95.000000,5.0,1463.1337,1340.2688,5187.4742,5310.3391,PENDING_AG03,FALSE,NOT_FOR_ENFORCEMENT,6384.5836,256811.4724,6650.6079,6384.5836,266.0243,0.02244119,0.02154355,266.0243,6384.5836,0.02154355,266.0243,266.0243,266.0243,332.5304,332.5304,6384.5836,0.02154355,1463.1337,1340.2688,5187.4742,5310.3391,0.01750413,0.01791872,0.00089765,16.2655,14.6936,0.3653,59.3804,1.1678,2646.0457,162.5536,12.4780,16.8648,9.0895,16.5695,22.0926,29.825,33.4482,44.5976,11.8163,0.0,2.018664,2.691552,0.981654,30,240,141,4,0.10479828,0.02244119,0.04150452,0E-8,0.000000,0.902668,0.011910,-0.02129501,2026-03-22,2026-08-05,112,5695,2177,137,0.817518,0.739886,0.767145,0.349328,,,,,,,,GLOBAL_BASELINE_NO_ENTITY_RANKING,,,NOT_APPLICABLE_GLOBAL_BASELINE,HF9g-P5,,,,X 全窗基线 · 不参与实体赏罚,14194832,1420,A168_HF9F_20260827_0900,2026-08-27 09:00:00
2026-04-20,110249610,2121,0,56.8091439998,-56.8091439998,-56.8091439998,0E-7,2,2,0.50665070000000000,0.506650700000,-1.4331513700195317,-1.4331513700195317,-1.4331513700195317,0E-17,ELIGIBLE,R03b_20260811_FULL_v1,L1_ELIGIBILITY,v2026-08-11,2026-03-21..2026-08-06,baccarat_bet02_101_all_pairs_incl_sentinel,round_win = game_pnl > 0 (decisive only),COMPATIBILITY_ONLY_NOT_PRODUCTION,296357.1217,267511.9505,6650.6079,18220,18206,-0.02244119,-0.04150452,-0.02020951,-0.02244119,-6650.6079,296357.1217,OK,0.0000,266.0243,4.0000,96.0000,AG03-UNRESOLVED,ALL5_LEVELS_bet23_to_bet27,266.0243,266.0243,266.0243,332.5304,332.5304,4.000000,4.000000,4.000000,5.000000,5.000000,96.000000,96.000000,96.000000,95.000000,95.000000,5.0,1463.1337,1340.2688,5187.4742,5310.3391,PENDING_AG03,FALSE,NOT_FOR_ENFORCEMENT,6384.5836,256811.4724,6650.6079,6384.5836,266.0243,0.02244119,0.02154355,266.0243,6384.5836,0.02154355,266.0243,266.0243,266.0243,332.5304,332.5304,6384.5836,0.02154355,1463.1337,1340.2688,5187.4742,5310.3391,0.01750413,0.01791872,0.00089765,16.2655,14.6936,0.3653,59.3804,1.1678,2646.0457,162.5536,12.4780,16.8648,9.0895,16.5695,22.0926,29.825,33.4482,44.5976,11.8163,0.0,2.018664,2.691552,0.981654,30,240,141,4,0.10479828,0.02244119,0.04150452,0E-8,0.000000,0.902668,0.011910,-0.02129501,2026-03-22,2026-08-05,112,5695,2177,137,0.817518,0.739886,0.767145,0.349328,,,,,,,,GLOBAL_BASELINE_NO_ENTITY_RANKING,,,NOT_APPLICABLE_GLOBAL_BASELINE,HF9g-P5,,,,X 全窗基线 · 不参与实体赏罚,14194833,1420,A168_HF9F_20260827_0900,2026-08-27 09:00:00
2026-04-20,110249610,2127,0,238.5984047991,144.8633171995,144.8633171995,1.0000000,9,9,0.50665070000000000,0.506650700000,2.4171219367362036,2.4171219367362036,2.4171219367362036,0E-17,ELIGIBLE,R03b_20260811_FULL_v1,L1_ELIGIBILITY,v2026-08-11,2026-03-21..2026-08-06,baccarat_bet02_101_all_pairs_incl_sentinel,round_win = game_pnl > 0 (decisive only),COMPATIBILITY_ONLY_NOT_PRODUCTION,296357.1217,267511.9505,6650.6079,18220,18206,-0.02244119,-0.04150452,-0.02020951,-0.02244119,-6650.6079,296357.1217,OK,0.0000,266.0243,4.0000,96.0000,AG03-UNRESOLVED,ALL5_LEVELS_bet23_to_bet27,266.0243,266.0243,266.0243,332.5304,332.5304,4.000000,4.000000,4.000000,5.000000,5.000000,96.000000,96.000000,96.000000,95.000000,95.000000,5.0,1463.1337,1340.2688,5187.4742,5310.3391,PENDING_AG03,FALSE,NOT_FOR_ENFORCEMENT,6384.5836,256811.4724,6650.6079,6384.5836,266.0243,0.02244119,0.02154355,266.0243,6384.5836,0.02154355,266.0243,266.0243,266.0243,332.5304,332.5304,6384.5836,0.02154355,1463.1337,1340.2688,5187.4742,5310.3391,0.01750413,0.01791872,0.00089765,16.2655,14.6936,0.3653,59.3804,1.1678,2646.0457,162.5536,12.4780,16.8648,9.0895,16.5695,22.0926,29.825,33.4482,44.5976,11.8163,0.0,2.018664,2.691552,0.981654,30,240,141,4,0.10479828,0.02244119,0.04150452,0E-8,0.000000,0.902668,0.011910,-0.02129501,2026-03-22,2026-08-05,112,5695,2177,137,0.817518,0.739886,0.767145,0.349328,,,,,,,,GLOBAL_BASELINE_NO_ENTITY_RANKING,,,NOT_APPLICABLE_GLOBAL_BASELINE,HF9g-P5,,,,X 全窗基线 · 不参与实体赏罚,14194834,1420,A168_HF9F_20260827_0900,2026-08-27 09:00:00
2026-04-20,110249610,2141,0,136.3419455995,-35.2216692799,-35.2216692799,0.3333333,5,5,0.50665070000000000,0.506650700000,-0.6004420894325239,-0.6004420894325239,-0.6004420894325239,0E-17,ELIGIBLE,R03b_20260811_FULL_v1,L1_ELIGIBILITY,v2026-08-11,2026-03-21..2026-08-06,baccarat_bet02_101_all_pairs_incl_sentinel,round_win = game_pnl > 0 (decisive only),COMPATIBILITY_ONLY_NOT_PRODUCTION,296357.1217,267511.9505,6650.6079,18220,18206,-0.02244119,-0.04150452,-0.02020951,-0.02244119,-6650.6079,296357.1217,OK,0.0000,266.0243,4.0000,96.0000,AG03-UNRESOLVED,ALL5_LEVELS_bet23_to_bet27,266.0243,266.0243,266.0243,332.5304,332.5304,4.000000,4.000000,4.000000,5.000000,5.000000,96.000000,96.000000,96.000000,95.000000,95.000000,5.0,1463.1337,1340.2688,5187.4742,5310.3391,PENDING_AG03,FALSE,NOT_FOR_ENFORCEMENT,6384.5836,256811.4724,6650.6079,6384.5836,266.0243,0.02244119,0.02154355,266.0243,6384.5836,0.02154355,266.0243,266.0243,266.0243,332.5304,332.5304,6384.5836,0.02154355,1463.1337,1340.2688,5187.4742,5310.3391,0.01750413,0.01791872,0.00089765,16.2655,14.6936,0.3653,59.3804,1.1678,2646.0457,162.5536,12.4780,16.8648,9.0895,16.5695,22.0926,29.825,33.4482,44.5976,11.8163,0.0,2.018664,2.691552,0.981654,30,240,141,4,0.10479828,0.02244119,0.04150452,0E-8,0.000000,0.902668,0.011910,-0.02129501,2026-03-22,2026-08-05,112,5695,2177,137,0.817518,0.739886,0.767145,0.349328,,,,,,,,GLOBAL_BASELINE_NO_ENTITY_RANKING,,,NOT_APPLICABLE_GLOBAL_BASELINE,HF9g-P5,,,,X 全窗基线 · 不参与实体赏罚,14194835,1420,A168_HF9F_20260827_0900,2026-08-27 09:00:00
2026-04-20,110249610,2145,0,387.4383620787,-46.5834980798,-46.5834980798,0.4166667,13,13,0.49943251538461538,0.499432515385,-0.5734189897706191,-0.5734189897732833,-0.5734189897706191,-3.8462E-13,ELIGIBLE,R03b_20260811_FULL_v1,L1_ELIGIBILITY,v2026-08-11,2026-03-21..2026-08-06,baccarat_bet02_101_all_pairs_incl_sentinel,round_win = game_pnl > 0 (decisive only),COMPATIBILITY_ONLY_NOT_PRODUCTION,296357.1217,267511.9505,6650.6079,18220,18206,-0.02244119,-0.04150452,-0.02020951,-0.02244119,-6650.6079,296357.1217,OK,0.0000,266.0243,4.0000,96.0000,AG03-UNRESOLVED,ALL5_LEVELS_bet23_to_bet27,266.0243,266.0243,266.0243,332.5304,332.5304,4.000000,4.000000,4.000000,5.000000,5.000000,96.000000,96.000000,96.000000,95.000000,95.000000,5.0,1463.1337,1340.2688,5187.4742,5310.3391,PENDING_AG03,FALSE,NOT_FOR_ENFORCEMENT,6384.5836,256811.4724,6650.6079,6384.5836,266.0243,0.02244119,0.02154355,266.0243,6384.5836,0.02154355,266.0243,266.0243,266.0243,332.5304,332.5304,6384.5836,0.02154355,1463.1337,1340.2688,5187.4742,5310.3391,0.01750413,0.01791872,0.00089765,16.2655,14.6936,0.3653,59.3804,1.1678,2646.0457,162.5536,12.4780,16.8648,9.0895,16.5695,22.0926,29.825,33.4482,44.5976,11.8163,0.0,2.018664,2.691552,0.981654,30,240,141,4,0.10479828,0.02244119,0.04150452,0E-8,0.000000,0.902668,0.011910,-0.02129501,2026-03-22,2026-08-05,112,5695,2177,137,0.817518,0.739886,0.767145,0.349328,,,,,,,,GLOBAL_BASELINE_NO_ENTITY_RANKING,,,NOT_APPLICABLE_GLOBAL_BASELINE,HF9g-P5,,,,X 全窗基线 · 不参与实体赏罚,14194836,1420,A168_HF9F_20260827_0900,2026-08-27 09:00:00
2026-04-20,110249610,2152,0,19.8832003999,-19.8832003999,-19.8832003999,0E-7,1,1,0.50665070000000000,0.506650700000,-1.013391052207602,-1.013391052207602,-1.013391052207602,0E-17,ELIGIBLE,R03b_20260811_FULL_v1,L1_ELIGIBILITY,v2026-08-11,2026-03-21..2026-08-06,baccarat_bet02_101_all_pairs_incl_sentinel,round_win = game_pnl > 0 (decisive only),COMPATIBILITY_ONLY_NOT_PRODUCTION,296357.1217,267511.9505,6650.6079,18220,18206,-0.02244119,-0.04150452,-0.02020951,-0.02244119,-6650.6079,296357.1217,OK,0.0000,266.0243,4.0000,96.0000,AG03-UNRESOLVED,ALL5_LEVELS_bet23_to_bet27,266.0243,266.0243,266.0243,332.5304,332.5304,4.000000,4.000000,4.000000,5.000000,5.000000,96.000000,96.000000,96.000000,95.000000,95.000000,5.0,1463.1337,1340.2688,5187.4742,5310.3391,PENDING_AG03,FALSE,NOT_FOR_ENFORCEMENT,6384.5836,256811.4724,6650.6079,6384.5836,266.0243,0.02244119,0.02154355,266.0243,6384.5836,0.02154355,266.0243,266.0243,266.0243,332.5304,332.5304,6384.5836,0.02154355,1463.1337,1340.2688,5187.4742,5310.3391,0.01750413,0.01791872,0.00089765,16.2655,14.6936,0.3653,59.3804,1.1678,2646.0457,162.5536,12.4780,16.8648,9.0895,16.5695,22.0926,29.825,33.4482,44.5976,11.8163,0.0,2.018664,2.691552,0.981654,30,240,141,4,0.10479828,0.02244119,0.04150452,0E-8,0.000000,0.902668,0.011910,-0.02129501,2026-03-22,2026-08-05,112,5695,2177,137,0.817518,0.739886,0.767145,0.349328,,,,,,,,GLOBAL_BASELINE_NO_ENTITY_RANKING,,,NOT_APPLICABLE_GLOBAL_BASELINE,HF9g-P5,,,,X 全窗基线 · 不参与实体赏罚,14194837,1420,A168_HF9F_20260827_0900,2026-08-27 09:00:00
2026-04-20,110249610,2155,0,17.0427431999,-17.0427431999,-17.0427431999,0E-7,1,1,0.49324550000000000,0.493245500000,-0.9865810262130424,-0.9865810262130424,-0.9865810262130424,0E-17,ELIGIBLE,R03b_20260811_FULL_v1,L1_ELIGIBILITY,v2026-08-11,2026-03-21..2026-08-06,baccarat_bet02_101_all_pairs_incl_sentinel,round_win = game_pnl > 0 (decisive only),COMPATIBILITY_ONLY_NOT_PRODUCTION,296357.1217,267511.9505,6650.6079,18220,18206,-0.02244119,-0.04150452,-0.02020951,-0.02244119,-6650.6079,296357.1217,OK,0.0000,266.0243,4.0000,96.0000,AG03-UNRESOLVED,ALL5_LEVELS_bet23_to_bet27,266.0243,266.0243,266.0243,332.5304,332.5304,4.000000,4.000000,4.000000,5.000000,5.000000,96.000000,96.000000,96.000000,95.000000,95.000000,5.0,1463.1337,1340.2688,5187.4742,5310.3391,PENDING_AG03,FALSE,NOT_FOR_ENFORCEMENT,6384.5836,256811.4724,6650.6079,6384.5836,266.0243,0.02244119,0.02154355,266.0243,6384.5836,0.02154355,266.0243,266.0243,266.0243,332.5304,332.5304,6384.5836,0.02154355,1463.1337,1340.2688,5187.4742,5310.3391,0.01750413,0.01791872,0.00089765,16.2655,14.6936,0.3653,59.3804,1.1678,2646.0457,162.5536,12.4780,16.8648,9.0895,16.5695,22.0926,29.825,33.4482,44.5976,11.8163,0.0,2.018664,2.691552,0.981654,30,240,141,4,0.10479828,0.02244119,0.04150452,0E-8,0.000000,0.902668,0.011910,-0.02129501,2026-03-22,2026-08-05,112,5695,2177,137,0.817518,0.739886,0.767145,0.349328,,,,,,,,GLOBAL_BASELINE_NO_ENTITY_RANKING,,,NOT_APPLICABLE_GLOBAL_BASELINE,HF9g-P5,,,,X 全窗基线 · 不参与实体赏罚,14194838,1420,A168_HF9F_20260827_0900,2026-08-27 09:00:00
2026-04-20,110249610,2160,0,52.8325039198,-9.6291499080,-9.6291499080,0.3333333,3,3,0.50665070000000000,0.506650700000,-0.6004420894325239,-0.6004420894325239,-0.6004420894325239,0E-17,ELIGIBLE,R03b_20260811_FULL_v1,L1_ELIGIBILITY,v2026-08-11,2026-03-21..2026-08-06,baccarat_bet02_101_all_pairs_incl_sentinel,round_win = game_pnl > 0 (decisive only),COMPATIBILITY_ONLY_NOT_PRODUCTION,296357.1217,267511.9505,6650.6079,18220,18206,-0.02244119,-0.04150452,-0.02020951,-0.02244119,-6650.6079,296357.1217,OK,0.0000,266.0243,4.0000,96.0000,AG03-UNRESOLVED,ALL5_LEVELS_bet23_to_bet27,266.0243,266.0243,266.0243,332.5304,332.5304,4.000000,4.000000,4.000000,5.000000,5.000000,96.000000,96.000000,96.000000,95.000000,95.000000,5.0,1463.1337,1340.2688,5187.4742,5310.3391,PENDING_AG03,FALSE,NOT_FOR_ENFORCEMENT,6384.5836,256811.4724,6650.6079,6384.5836,266.0243,0.02244119,0.02154355,266.0243,6384.5836,0.02154355,266.0243,266.0243,266.0243,332.5304,332.5304,6384.5836,0.02154355,1463.1337,1340.2688,5187.4742,5310.3391,0.01750413,0.01791872,0.00089765,16.2655,14.6936,0.3653,59.3804,1.1678,2646.0457,162.5536,12.4780,16.8648,9.0895,16.5695,22.0926,29.825,33.4482,44.5976,11.8163,0.0,2.018664,2.691552,0.981654,30,240,141,4,0.10479828,0.02244119,0.04150452,0E-8,0.000000,0.902668,0.011910,-0.02129501,2026-03-22,2026-08-05,112,5695,2177,137,0.817518,0.739886,0.767145,0.349328,,,,,,,,GLOBAL_BASELINE_NO_ENTITY_RANKING,,,NOT_APPLICABLE_GLOBAL_BASELINE,HF9g-P5,,,,X 全窗基线 · 不参与实体赏罚,14194839,1420,A168_HF9F_20260827_0900,2026-08-27 09:00:00
2026-04-20,110249610,2167,0,38.0621264798,-4.8287772400,-4.8287772400,0.5000000,2,2,0.50665070000000000,0.506650700000,-0.018812684590367487,-0.018812684590367487,-0.018812684590367487,0E-17,ELIGIBLE,R03b_20260811_FULL_v1,L1_ELIGIBILITY,v2026-08-11,2026-03-21..2026-08-06,baccarat_bet02_101_all_pairs_incl_sentinel,round_win = game_pnl > 0 (decisive only),COMPATIBILITY_ONLY_NOT_PRODUCTION,296357.1217,267511.9505,6650.6079,18220,18206,-0.02244119,-0.04150452,-0.02020951,-0.02244119,-6650.6079,296357.1217,OK,0.0000,266.0243,4.0000,96.0000,AG03-UNRESOLVED,ALL5_LEVELS_bet23_to_bet27,266.0243,266.0243,266.0243,332.5304,332.5304,4.000000,4.000000,4.000000,5.000000,5.000000,96.000000,96.000000,96.000000,95.000000,95.000000,5.0,1463.1337,1340.2688,5187.4742,5310.3391,PENDING_AG03,FALSE,NOT_FOR_ENFORCEMENT,6384.5836,256811.4724,6650.6079,6384.5836,266.0243,0.02244119,0.02154355,266.0243,6384.5836,0.02154355,266.0243,266.0243,266.0243,332.5304,332.5304,6384.5836,0.02154355,1463.1337,1340.2688,5187.4742,5310.3391,0.01750413,0.01791872,0.00089765,16.2655,14.6936,0.3653,59.3804,1.1678,2646.0457,162.5536,12.4780,16.8648,9.0895,16.5695,22.0926,29.825,33.4482,44.5976,11.8163,0.0,2.018664,2.691552,0.981654,30,240,141,4,0.10479828,0.02244119,0.04150452,0E-8,0.000000,0.902668,0.011910,-0.02129501,2026-03-22,2026-08-05,112,5695,2177,137,0.817518,0.739886,0.767145,0.349328,,,,,,,,GLOBAL_BASELINE_NO_ENTITY_RANKING,,,NOT_APPLICABLE_GLOBAL_BASELINE,HF9g-P5,,,,X 全窗基线 · 不参与实体赏罚,14194840,1420,A168_HF9F_20260827_0900,2026-08-27 09:00:00
2026-04-20,110249610,2175,0,39.7664007999,4.5447315201,4.5447315201,0.6666667,3,3,0.50665070000000000,0.506650700000,0.5543606114942035,0.5543606114942035,0.5543606114942035,0E-17,ELIGIBLE,R03b_20260811_FULL_v1,L1_ELIGIBILITY,v2026-08-11,2026-03-21..2026-08-06,baccarat_bet02_101_all_pairs_incl_sentinel,round_win = game_pnl > 0 (decisive only),COMPATIBILITY_ONLY_NOT_PRODUCTION,296357.1217,267511.9505,6650.6079,18220,18206,-0.02244119,-0.04150452,-0.02020951,-0.02244119,-6650.6079,296357.1217,OK,0.0000,266.0243,4.0000,96.0000,AG03-UNRESOLVED,ALL5_LEVELS_bet23_to_bet27,266.0243,266.0243,266.0243,332.5304,332.5304,4.000000,4.000000,4.000000,5.000000,5.000000,96.000000,96.000000,96.000000,95.000000,95.000000,5.0,1463.1337,1340.2688,5187.4742,5310.3391,PENDING_AG03,FALSE,NOT_FOR_ENFORCEMENT,6384.5836,256811.4724,6650.6079,6384.5836,266.0243,0.02244119,0.02154355,266.0243,6384.5836,0.02154355,266.0243,266.0243,266.0243,332.5304,332.5304,6384.5836,0.02154355,1463.1337,1340.2688,5187.4742,5310.3391,0.01750413,0.01791872,0.00089765,16.2655,14.6936,0.3653,59.3804,1.1678,2646.0457,162.5536,12.4780,16.8648,9.0895,16.5695,22.0926,29.825,33.4482,44.5976,11.8163,0.0,2.018664,2.691552,0.981654,30,240,141,4,0.10479828,0.02244119,0.04150452,0E-8,0.000000,0.902668,0.011910,-0.02129501,2026-03-22,2026-08-05,112,5695,2177,137,0.817518,0.739886,0.767145,0.349328,,,,,,,,GLOBAL_BASELINE_NO_ENTITY_RANKING,,,NOT_APPLICABLE_GLOBAL_BASELINE,HF9g-P5,,,,X 全窗基线 · 不参与实体赏罚,14194841,1420,A168_HF9F_20260827_0900,2026-08-27 09:00:00
2026-04-20,110249610,2177,0,17.0427431999,-17.0427431999,-17.0427431999,0E-7,1,1,0.50665070000000000,0.506650700000,-1.013391052207602,-1.013391052207602,-1.013391052207602,0E-17,ELIGIBLE,R03b_20260811_FULL_v1,L1_ELIGIBILITY,v2026-08-11,2026-03-21..2026-08-06,baccarat_bet02_101_all_pairs_incl_sentinel,round_win = game_pnl > 0 (decisive only),COMPATIBILITY_ONLY_NOT_PRODUCTION,296357.1217,267511.9505,6650.6079,18220,18206,-0.02244119,-0.04150452,-0.02020951,-0.02244119,-6650.6079,296357.1217,OK,0.0000,266.0243,4.0000,96.0000,AG03-UNRESOLVED,ALL5_LEVELS_bet23_to_bet27,266.0243,266.0243,266.0243,332.5304,332.5304,4.000000,4.000000,4.000000,5.000000,5.000000,96.000000,96.000000,96.000000,95.000000,95.000000,5.0,1463.1337,1340.2688,5187.4742,5310.3391,PENDING_AG03,FALSE,NOT_FOR_ENFORCEMENT,6384.5836,256811.4724,6650.6079,6384.5836,266.0243,0.02244119,0.02154355,266.0243,6384.5836,0.02154355,266.0243,266.0243,266.0243,332.5304,332.5304,6384.5836,0.02154355,1463.1337,1340.2688,5187.4742,5310.3391,0.01750413,0.01791872,0.00089765,16.2655,14.6936,0.3653,59.3804,1.1678,2646.0457,162.5536,12.4780,16.8648,9.0895,16.5695,22.0926,29.825,33.4482,44.5976,11.8163,0.0,2.018664,2.691552,0.981654,30,240,141,4,0.10479828,0.02244119,0.04150452,0E-8,0.000000,0.902668,0.011910,-0.02129501,2026-03-22,2026-08-05,112,5695,2177,137,0.817518,0.739886,0.767145,0.349328,,,,,,,,GLOBAL_BASELINE_NO_ENTITY_RANKING,,,NOT_APPLICABLE_GLOBAL_BASELINE,HF9g-P5,,,,X 全窗基线 · 不参与实体赏罚,14194842,1420,A168_HF9F_20260827_0900,2026-08-27 09:00:00
2026-04-20,110249610,2188,0,34.0854863999,-34.0854863999,-34.0854863999,0E-7,2,2,0.49994810000000000,0.499948100000,-1.4140667746232096,-1.4140667746232096,-1.4140667746232096,0E-17,ELIGIBLE,R03b_20260811_FULL_v1,L1_ELIGIBILITY,v2026-08-11,2026-03-21..2026-08-06,baccarat_bet02_101_all_pairs_incl_sentinel,round_win = game_pnl > 0 (decisive only),COMPATIBILITY_ONLY_NOT_PRODUCTION,296357.1217,267511.9505,6650.6079,18220,18206,-0.02244119,-0.04150452,-0.02020951,-0.02244119,-6650.6079,296357.1217,OK,0.0000,266.0243,4.0000,96.0000,AG03-UNRESOLVED,ALL5_LEVELS_bet23_to_bet27,266.0243,266.0243,266.0243,332.5304,332.5304,4.000000,4.000000,4.000000,5.000000,5.000000,96.000000,96.000000,96.000000,95.000000,95.000000,5.0,1463.1337,1340.2688,5187.4742,5310.3391,PENDING_AG03,FALSE,NOT_FOR_ENFORCEMENT,6384.5836,256811.4724,6650.6079,6384.5836,266.0243,0.02244119,0.02154355,266.0243,6384.5836,0.02154355,266.0243,266.0243,266.0243,332.5304,332.5304,6384.5836,0.02154355,1463.1337,1340.2688,5187.4742,5310.3391,0.01750413,0.01791872,0.00089765,16.2655,14.6936,0.3653,59.3804,1.1678,2646.0457,162.5536,12.4780,16.8648,9.0895,16.5695,22.0926,29.825,33.4482,44.5976,11.8163,0.0,2.018664,2.691552,0.981654,30,240,141,4,0.10479828,0.02244119,0.04150452,0E-8,0.000000,0.902668,0.011910,-0.02129501,2026-03-22,2026-08-05,112,5695,2177,137,0.817518,0.739886,0.767145,0.349328,,,,,,,,GLOBAL_BASELINE_NO_ENTITY_RANKING,,,NOT_APPLICABLE_GLOBAL_BASELINE,HF9g-P5,,,,X 全窗基线 · 不参与实体赏罚,14194843,1420,A168_HF9F_20260827_0900,2026-08-27 09:00:00
2026-04-20,110249610,2196,0,22.9508941760,-11.4754470880,-11.4754470880,0E-7,2,2,0.50665070000000000,0.506650700000,-1.013391052207602,-1.013391052207602,-1.013391052207602,0E-17,ELIGIBLE,R03b_20260811_FULL_v1,L1_ELIGIBILITY,v2026-08-11,2026-03-21..2026-08-06,baccarat_bet02_101_all_pairs_incl_sentinel,round_win = game_pnl > 0 (decisive only),COMPATIBILITY_ONLY_NOT_PRODUCTION,296357.1217,267511.9505,6650.6079,18220,18206,-0.02244119,-0.04150452,-0.02020951,-0.02244119,-6650.6079,296357.1217,OK,0.0000,266.0243,4.0000,96.0000,AG03-UNRESOLVED,ALL5_LEVELS_bet23_to_bet27,266.0243,266.0243,266.0243,332.5304,332.5304,4.000000,4.000000,4.000000,5.000000,5.000000,96.000000,96.000000,96.000000,95.000000,95.000000,5.0,1463.1337,1340.2688,5187.4742,5310.3391,PENDING_AG03,FALSE,NOT_FOR_ENFORCEMENT,6384.5836,256811.4724,6650.6079,6384.5836,266.0243,0.02244119,0.02154355,266.0243,6384.5836,0.02154355,266.0243,266.0243,266.0243,332.5304,332.5304,6384.5836,0.02154355,1463.1337,1340.2688,5187.4742,5310.3391,0.01750413,0.01791872,0.00089765,16.2655,14.6936,0.3653,59.3804,1.1678,2646.0457,162.5536,12.4780,16.8648,9.0895,16.5695,22.0926,29.825,33.4482,44.5976,11.8163,0.0,2.018664,2.691552,0.981654,30,240,141,4,0.10479828,0.02244119,0.04150452,0E-8,0.000000,0.902668,0.011910,-0.02129501,2026-03-22,2026-08-05,112,5695,2177,137,0.817518,0.739886,0.767145,0.349328,,,,,,,,GLOBAL_BASELINE_NO_ENTITY_RANKING,,,NOT_APPLICABLE_GLOBAL_BASELINE,HF9g-P5,,,,X 全窗基线 · 不参与实体赏罚,14194844,1420,A168_HF9F_20260827_0900,2026-08-27 09:00:00
2026-04-20,110249610,2201,0,28.4045719999,-28.4045719999,-28.4045719999,0E-7,1,1,0.49324550000000000,0.493245500000,-0.9865810262130424,-0.9865810262130424,-0.9865810262130424,0E-17,ELIGIBLE,R03b_20260811_FULL_v1,L1_ELIGIBILITY,v2026-08-11,2026-03-21..2026-08-06,baccarat_bet02_101_all_pairs_incl_sentinel,round_win = game_pnl > 0 (decisive only),COMPATIBILITY_ONLY_NOT_PRODUCTION,296357.1217,267511.9505,6650.6079,18220,18206,-0.02244119,-0.04150452,-0.02020951,-0.02244119,-6650.6079,296357.1217,OK,0.0000,266.0243,4.0000,96.0000,AG03-UNRESOLVED,ALL5_LEVELS_bet23_to_bet27,266.0243,266.0243,266.0243,332.5304,332.5304,4.000000,4.000000,4.000000,5.000000,5.000000,96.000000,96.000000,96.000000,95.000000,95.000000,5.0,1463.1337,1340.2688,5187.4742,5310.3391,PENDING_AG03,FALSE,NOT_FOR_ENFORCEMENT,6384.5836,256811.4724,6650.6079,6384.5836,266.0243,0.02244119,0.02154355,266.0243,6384.5836,0.02154355,266.0243,266.0243,266.0243,332.5304,332.5304,6384.5836,0.02154355,1463.1337,1340.2688,5187.4742,5310.3391,0.01750413,0.01791872,0.00089765,16.2655,14.6936,0.3653,59.3804,1.1678,2646.0457,162.5536,12.4780,16.8648,9.0895,16.5695,22.0926,29.825,33.4482,44.5976,11.8163,0.0,2.018664,2.691552,0.981654,30,240,141,4,0.10479828,0.02244119,0.04150452,0E-8,0.000000,0.902668,0.011910,-0.02129501,2026-03-22,2026-08-05,112,5695,2177,137,0.817518,0.739886,0.767145,0.349328,,,,,,,,GLOBAL_BASELINE_NO_ENTITY_RANKING,,,NOT_APPLICABLE_GLOBAL_BASELINE,HF9g-P5,,,,X 全窗基线 · 不参与实体赏罚,14194845,1420,A168_HF9F_20260827_0900,2026-08-27 09:00:00
2026-04-20,110249610,2205,0,17.0427431999,-17.0427431999,-17.0427431999,0E-7,1,1,0.49324550000000000,0.493245500000,-0.9865810262130424,-0.9865810262130424,-0.9865810262130424,0E-17,ELIGIBLE,R03b_20260811_FULL_v1,L1_ELIGIBILITY,v2026-08-11,2026-03-21..2026-08-06,baccarat_bet02_101_all_pairs_incl_sentinel,round_win = game_pnl > 0 (decisive only),COMPATIBILITY_ONLY_NOT_PRODUCTION,296357.1217,267511.9505,6650.6079,18220,18206,-0.02244119,-0.04150452,-0.02020951,-0.02244119,-6650.6079,296357.1217,OK,0.0000,266.0243,4.0000,96.0000,AG03-UNRESOLVED,ALL5_LEVELS_bet23_to_bet27,266.0243,266.0243,266.0243,332.5304,332.5304,4.000000,4.000000,4.000000,5.000000,5.000000,96.000000,96.000000,96.000000,95.000000,95.000000,5.0,1463.1337,1340.2688,5187.4742,5310.3391,PENDING_AG03,FALSE,NOT_FOR_ENFORCEMENT,6384.5836,256811.4724,6650.6079,6384.5836,266.0243,0.02244119,0.02154355,266.0243,6384.5836,0.02154355,266.0243,266.0243,266.0243,332.5304,332.5304,6384.5836,0.02154355,1463.1337,1340.2688,5187.4742,5310.3391,0.01750413,0.01791872,0.00089765,16.2655,14.6936,0.3653,59.3804,1.1678,2646.0457,162.5536,12.4780,16.8648,9.0895,16.5695,22.0926,29.825,33.4482,44.5976,11.8163,0.0,2.018664,2.691552,0.981654,30,240,141,4,0.10479828,0.02244119,0.04150452,0E-8,0.000000,0.902668,0.011910,-0.02129501,2026-03-22,2026-08-05,112,5695,2177,137,0.817518,0.739886,0.767145,0.349328,,,,,,,,GLOBAL_BASELINE_NO_ENTITY_RANKING,,,NOT_APPLICABLE_GLOBAL_BASELINE,HF9g-P5,,,,X 全窗基线 · 不参与实体赏罚,14194846,1420,A168_HF9F_20260827_0900,2026-08-27 09:00:00
2026-04-20,110249610,2208,0,39.7664007999,17.0427431999,17.0427431999,0.5000000,2,2,0.49994810000000000,0.499948100000,0.00014679536856514622,0.00014679536856514622,0.00014679536856514622,0E-17,ELIGIBLE,R03b_20260811_FULL_v1,L1_ELIGIBILITY,v2026-08-11,2026-03-21..2026-08-06,baccarat_bet02_101_all_pairs_incl_sentinel,round_win = game_pnl > 0 (decisive only),COMPATIBILITY_ONLY_NOT_PRODUCTION,296357.1217,267511.9505,6650.6079,18220,18206,-0.02244119,-0.04150452,-0.02020951,-0.02244119,-6650.6079,296357.1217,OK,0.0000,266.0243,4.0000,96.0000,AG03-UNRESOLVED,ALL5_LEVELS_bet23_to_bet27,266.0243,266.0243,266.0243,332.5304,332.5304,4.000000,4.000000,4.000000,5.000000,5.000000,96.000000,96.000000,96.000000,95.000000,95.000000,5.0,1463.1337,1340.2688,5187.4742,5310.3391,PENDING_AG03,FALSE,NOT_FOR_ENFORCEMENT,6384.5836,256811.4724,6650.6079,6384.5836,266.0243,0.02244119,0.02154355,266.0243,6384.5836,0.02154355,266.0243,266.0243,266.0243,332.5304,332.5304,6384.5836,0.02154355,1463.1337,1340.2688,5187.4742,5310.3391,0.01750413,0.01791872,0.00089765,16.2655,14.6936,0.3653,59.3804,1.1678,2646.0457,162.5536,12.4780,16.8648,9.0895,16.5695,22.0926,29.825,33.4482,44.5976,11.8163,0.0,2.018664,2.691552,0.981654,30,240,141,4,0.10479828,0.02244119,0.04150452,0E-8,0.000000,0.902668,0.011910,-0.02129501,2026-03-22,2026-08-05,112,5695,2177,137,0.817518,0.739886,0.767145,0.349328,,,,,,,,GLOBAL_BASELINE_NO_ENTITY_RANKING,,,NOT_APPLICABLE_GLOBAL_BASELINE,HF9g-P5,,,,X 全窗基线 · 不参与实体赏罚,14194847,1420,A168_HF9F_20260827_0900,2026-08-27 09:00:00
2026-04-20,110249610,2210,0,22.7236575999,-22.7236575999,-22.7236575999,0E-7,1,1,0.49324550000000000,0.493245500000,-0.9865810262130424,-0.9865810262130424,-0.9865810262130424,0E-17,ELIGIBLE,R03b_20260811_FULL_v1,L1_ELIGIBILITY,v2026-08-11,2026-03-21..2026-08-06,baccarat_bet02_101_all_pairs_incl_sentinel,round_win = game_pnl > 0 (decisive only),COMPATIBILITY_ONLY_NOT_PRODUCTION,296357.1217,267511.9505,6650.6079,18220,18206,-0.02244119,-0.04150452,-0.02020951,-0.02244119,-6650.6079,296357.1217,OK,0.0000,266.0243,4.0000,96.0000,AG03-UNRESOLVED,ALL5_LEVELS_bet23_to_bet27,266.0243,266.0243,266.0243,332.5304,332.5304,4.000000,4.000000,4.000000,5.000000,5.000000,96.000000,96.000000,96.000000,95.000000,95.000000,5.0,1463.1337,1340.2688,5187.4742,5310.3391,PENDING_AG03,FALSE,NOT_FOR_ENFORCEMENT,6384.5836,256811.4724,6650.6079,6384.5836,266.0243,0.02244119,0.02154355,266.0243,6384.5836,0.02154355,266.0243,266.0243,266.0243,332.5304,332.5304,6384.5836,0.02154355,1463.1337,1340.2688,5187.4742,5310.3391,0.01750413,0.01791872,0.00089765,16.2655,14.6936,0.3653,59.3804,1.1678,2646.0457,162.5536,12.4780,16.8648,9.0895,16.5695,22.0926,29.825,33.4482,44.5976,11.8163,0.0,2.018664,2.691552,0.981654,30,240,141,4,0.10479828,0.02244119,0.04150452,0E-8,0.000000,0.902668,0.011910,-0.02129501,2026-03-22,2026-08-05,112,5695,2177,137,0.817518,0.739886,0.767145,0.349328,,,,,,,,GLOBAL_BASELINE_NO_ENTITY_RANKING,,,NOT_APPLICABLE_GLOBAL_BASELINE,HF9g-P5,,,,X 全窗基线 · 不参与实体赏罚,14194848,1420,A168_HF9F_20260827_0900,2026-08-27 09:00:00
2026-04-20,110249610,2212,0,26.8139159680,10.9073556480,10.9073556480,0.8000000,6,6,0.49324550000000000,0.493245500000,1.3719730223118614,1.3719730223118614,1.3719730223118614,0E-17,ELIGIBLE,R03b_20260811_FULL_v1,L1_ELIGIBILITY,v2026-08-11,2026-03-21..2026-08-06,baccarat_bet02_101_all_pairs_incl_sentinel,round_win = game_pnl > 0 (decisive only),COMPATIBILITY_ONLY_NOT_PRODUCTION,296357.1217,267511.9505,6650.6079,18220,18206,-0.02244119,-0.04150452,-0.02020951,-0.02244119,-6650.6079,296357.1217,OK,0.0000,266.0243,4.0000,96.0000,AG03-UNRESOLVED,ALL5_LEVELS_bet23_to_bet27,266.0243,266.0243,266.0243,332.5304,332.5304,4.000000,4.000000,4.000000,5.000000,5.000000,96.000000,96.000000,96.000000,95.000000,95.000000,5.0,1463.1337,1340.2688,5187.4742,5310.3391,PENDING_AG03,FALSE,NOT_FOR_ENFORCEMENT,6384.5836,256811.4724,6650.6079,6384.5836,266.0243,0.02244119,0.02154355,266.0243,6384.5836,0.02154355,266.0243,266.0243,266.0243,332.5304,332.5304,6384.5836,0.02154355,1463.1337,1340.2688,5187.4742,5310.3391,0.01750413,0.01791872,0.00089765,16.2655,14.6936,0.3653,59.3804,1.1678,2646.0457,162.5536,12.4780,16.8648,9.0895,16.5695,22.0926,29.825,33.4482,44.5976,11.8163,0.0,2.018664,2.691552,0.981654,30,240,141,4,0.10479828,0.02244119,0.04150452,0E-8,0.000000,0.902668,0.011910,-0.02129501,2026-03-22,2026-08-05,112,5695,2177,137,0.817518,0.739886,0.767145,0.349328,,,,,,,,GLOBAL_BASELINE_NO_ENTITY_RANKING,,,NOT_APPLICABLE_GLOBAL_BASELINE,HF9g-P5,,,,X 全窗基线 · 不参与实体赏罚,14194849,1420,A168_HF9F_20260827_0900,2026-08-27 09:00:00
2026-04-20,110249610,2216,0,62.8309132638,24.2404617448,24.2404617448,0.7500000,4,4,0.50665070000000000,0.506650700000,0.9734833216690844,0.9734833216690844,0.9734833216690844,0E-17,ELIGIBLE,R03b_20260811_FULL_v1,L1_ELIGIBILITY,v2026-08-11,2026-03-21..2026-08-06,baccarat_bet02_101_all_pairs_incl_sentinel,round_win = game_pnl > 0 (decisive only),COMPATIBILITY_ONLY_NOT_PRODUCTION,296357.1217,267511.9505,6650.6079,18220,18206,-0.02244119,-0.04150452,-0.02020951,-0.02244119,-6650.6079,296357.1217,OK,0.0000,266.0243,4.0000,96.0000,AG03-UNRESOLVED,ALL5_LEVELS_bet23_to_bet27,266.0243,266.0243,266.0243,332.5304,332.5304,4.000000,4.000000,4.000000,5.000000,5.000000,96.000000,96.000000,96.000000,95.000000,95.000000,5.0,1463.1337,1340.2688,5187.4742,5310.3391,PENDING_AG03,FALSE,NOT_FOR_ENFORCEMENT,6384.5836,256811.4724,6650.6079,6384.5836,266.0243,0.02244119,0.02154355,266.0243,6384.5836,0.02154355,266.0243,266.0243,266.0243,332.5304,332.5304,6384.5836,0.02154355,1463.1337,1340.2688,5187.4742,5310.3391,0.01750413,0.01791872,0.00089765,16.2655,14.6936,0.3653,59.3804,1.1678,2646.0457,162.5536,12.4780,16.8648,9.0895,16.5695,22.0926,29.825,33.4482,44.5976,11.8163,0.0,2.018664,2.691552,0.981654,30,240,141,4,0.10479828,0.02244119,0.04150452,0E-8,0.000000,0.902668,0.011910,-0.02129501,2026-03-22,2026-08-05,112,5695,2177,137,0.817518,0.739886,0.767145,0.349328,,,,,,,,GLOBAL_BASELINE_NO_ENTITY_RANKING,,,NOT_APPLICABLE_GLOBAL_BASELINE,HF9g-P5,,,,X 全窗基线 · 不参与实体赏罚,14194850,1420,A168_HF9F_20260827_0900,2026-08-27 09:00:00
2026-04-20,110249610,2218,0,46.3562615039,-0.2726838911,-0.2726838911,0.6666667,3,3,0.50665070000000000,0.506650700000,0.5543606114942035,0.5543606114942035,0.5543606114942035,0E-17,ELIGIBLE,R03b_20260811_FULL_v1,L1_ELIGIBILITY,v2026-08-11,2026-03-21..2026-08-06,baccarat_bet02_101_all_pairs_incl_sentinel,round_win = game_pnl > 0 (decisive only),COMPATIBILITY_ONLY_NOT_PRODUCTION,296357.1217,267511.9505,6650.6079,18220,18206,-0.02244119,-0.04150452,-0.02020951,-0.02244119,-6650.6079,296357.1217,OK,0.0000,266.0243,4.0000,96.0000,AG03-UNRESOLVED,ALL5_LEVELS_bet23_to_bet27,266.0243,266.0243,266.0243,332.5304,332.5304,4.000000,4.000000,4.000000,5.000000,5.000000,96.000000,96.000000,96.000000,95.000000,95.000000,5.0,1463.1337,1340.2688,5187.4742,5310.3391,PENDING_AG03,FALSE,NOT_FOR_ENFORCEMENT,6384.5836,256811.4724,6650.6079,6384.5836,266.0243,0.02244119,0.02154355,266.0243,6384.5836,0.02154355,266.0243,266.0243,266.0243,332.5304,332.5304,6384.5836,0.02154355,1463.1337,1340.2688,5187.4742,5310.3391,0.01750413,0.01791872,0.00089765,16.2655,14.6936,0.3653,59.3804,1.1678,2646.0457,162.5536,12.4780,16.8648,9.0895,16.5695,22.0926,29.825,33.4482,44.5976,11.8163,0.0,2.018664,2.691552,0.981654,30,240,141,4,0.10479828,0.02244119,0.04150452,0E-8,0.000000,0.902668,0.011910,-0.02129501,2026-03-22,2026-08-05,112,5695,2177,137,0.817518,0.739886,0.767145,0.349328,,,,,,,,GLOBAL_BASELINE_NO_ENTITY_RANKING,,,NOT_APPLICABLE_GLOBAL_BASELINE,HF9g-P5,,,,X 全窗基线 · 不参与实体赏罚,14194851,1420,A168_HF9F_20260827_0900,2026-08-27 09:00:00
2026-04-20,110249610,2220,0,96.5755447996,5.6809144000,5.6809144000,0.5000000,4,4,0.50665070000000000,0.506650700000,-0.02660515369234503,-0.02660515369234503,-0.02660515369234503,0E-17,ELIGIBLE,R03b_20260811_FULL_v1,L1_ELIGIBILITY,v2026-08-11,2026-03-21..2026-08-06,baccarat_bet02_101_all_pairs_incl_sentinel,round_win = game_pnl > 0 (decisive only),COMPATIBILITY_ONLY_NOT_PRODUCTION,296357.1217,267511.9505,6650.6079,18220,18206,-0.02244119,-0.04150452,-0.02020951,-0.02244119,-6650.6079,296357.1217,OK,0.0000,266.0243,4.0000,96.0000,AG03-UNRESOLVED,ALL5_LEVELS_bet23_to_bet27,266.0243,266.0243,266.0243,332.5304,332.5304,4.000000,4.000000,4.000000,5.000000,5.000000,96.000000,96.000000,96.000000,95.000000,95.000000,5.0,1463.1337,1340.2688,5187.4742,5310.3391,PENDING_AG03,FALSE,NOT_FOR_ENFORCEMENT,6384.5836,256811.4724,6650.6079,6384.5836,266.0243,0.02244119,0.02154355,266.0243,6384.5836,0.02154355,266.0243,266.0243,266.0243,332.5304,332.5304,6384.5836,0.02154355,1463.1337,1340.2688,5187.4742,5310.3391,0.01750413,0.01791872,0.00089765,16.2655,14.6936,0.3653,59.3804,1.1678,2646.0457,162.5536,12.4780,16.8648,9.0895,16.5695,22.0926,29.825,33.4482,44.5976,11.8163,0.0,2.018664,2.691552,0.981654,30,240,141,4,0.10479828,0.02244119,0.04150452,0E-8,0.000000,0.902668,0.011910,-0.02129501,2026-03-22,2026-08-05,112,5695,2177,137,0.817518,0.739886,0.767145,0.349328,,,,,,,,GLOBAL_BASELINE_NO_ENTITY_RANKING,,,NOT_APPLICABLE_GLOBAL_BASELINE,HF9g-P5,,,,X 全窗基线 · 不参与实体赏罚,14194852,1420,A168_HF9F_20260827_0900,2026-08-27 09:00:00
2026-04-20,110249610,2223,0,11.3618288000,-11.3618288000,-11.3618288000,0E-7,1,1,0.50665070000000000,0.506650700000,-1.013391052207602,-1.013391052207602,-1.013391052207602,0E-17,ELIGIBLE,R03b_20260811_FULL_v1,L1_ELIGIBILITY,v2026-08-11,2026-03-21..2026-08-06,baccarat_bet02_101_all_pairs_incl_sentinel,round_win = game_pnl > 0 (decisive only),COMPATIBILITY_ONLY_NOT_PRODUCTION,296357.1217,267511.9505,6650.6079,18220,18206,-0.02244119,-0.04150452,-0.02020951,-0.02244119,-6650.6079,296357.1217,OK,0.0000,266.0243,4.0000,96.0000,AG03-UNRESOLVED,ALL5_LEVELS_bet23_to_bet27,266.0243,266.0243,266.0243,332.5304,332.5304,4.000000,4.000000,4.000000,5.000000,5.000000,96.000000,96.000000,96.000000,95.000000,95.000000,5.0,1463.1337,1340.2688,5187.4742,5310.3391,PENDING_AG03,FALSE,NOT_FOR_ENFORCEMENT,6384.5836,256811.4724,6650.6079,6384.5836,266.0243,0.02244119,0.02154355,266.0243,6384.5836,0.02154355,266.0243,266.0243,266.0243,332.5304,332.5304,6384.5836,0.02154355,1463.1337,1340.2688,5187.4742,5310.3391,0.01750413,0.01791872,0.00089765,16.2655,14.6936,0.3653,59.3804,1.1678,2646.0457,162.5536,12.4780,16.8648,9.0895,16.5695,22.0926,29.825,33.4482,44.5976,11.8163,0.0,2.018664,2.691552,0.981654,30,240,141,4,0.10479828,0.02244119,0.04150452,0E-8,0.000000,0.902668,0.011910,-0.02129501,2026-03-22,2026-08-05,112,5695,2177,137,0.817518,0.739886,0.767145,0.349328,,,,,,,,GLOBAL_BASELINE_NO_ENTITY_RANKING,,,NOT_APPLICABLE_GLOBAL_BASELINE,HF9g-P5,,,,X 全窗基线 · 不参与实体赏罚,14194853,1420,A168_HF9F_20260827_0900,2026-08-27 09:00:00
2026-04-20,110249610,2239,0,160.7698775194,22.1555661598,22.1555661598,0.6666667,6,6,0.49324550000000000,0.493245500000,0.8496642703256836,0.8496642703256835,0.8496642703256836,0E-17,ELIGIBLE,R03b_20260811_FULL_v1,L1_ELIGIBILITY,v2026-08-11,2026-03-21..2026-08-06,baccarat_bet02_101_all_pairs_incl_sentinel,round_win = game_pnl > 0 (decisive only),COMPATIBILITY_ONLY_NOT_PRODUCTION,296357.1217,267511.9505,6650.6079,18220,18206,-0.02244119,-0.04150452,-0.02020951,-0.02244119,-6650.6079,296357.1217,OK,0.0000,266.0243,4.0000,96.0000,AG03-UNRESOLVED,ALL5_LEVELS_bet23_to_bet27,266.0243,266.0243,266.0243,332.5304,332.5304,4.000000,4.000000,4.000000,5.000000,5.000000,96.000000,96.000000,96.000000,95.000000,95.000000,5.0,1463.1337,1340.2688,5187.4742,5310.3391,PENDING_AG03,FALSE,NOT_FOR_ENFORCEMENT,6384.5836,256811.4724,6650.6079,6384.5836,266.0243,0.02244119,0.02154355,266.0243,6384.5836,0.02154355,266.0243,266.0243,266.0243,332.5304,332.5304,6384.5836,0.02154355,1463.1337,1340.2688,5187.4742,5310.3391,0.01750413,0.01791872,0.00089765,16.2655,14.6936,0.3653,59.3804,1.1678,2646.0457,162.5536,12.4780,16.8648,9.0895,16.5695,22.0926,29.825,33.4482,44.5976,11.8163,0.0,2.018664,2.691552,0.981654,30,240,141,4,0.10479828,0.02244119,0.04150452,0E-8,0.000000,0.902668,0.011910,-0.02129501,2026-03-22,2026-08-05,112,5695,2177,137,0.817518,0.739886,0.767145,0.349328,,,,,,,,GLOBAL_BASELINE_NO_ENTITY_RANKING,,,NOT_APPLICABLE_GLOBAL_BASELINE,HF9g-P5,,,,X 全窗基线 · 不参与实体赏罚,14194854,1420,A168_HF9F_20260827_0900,2026-08-27 09:00:00
2026-04-20,110249610,2242,0,85.2137159996,-51.1282295998,-51.1282295998,0.2500000,4,4,0.49659680000000000,0.496596800000,-0.9864100490137353,-0.9864100490137354,-0.9864100490137353,0E-17,ELIGIBLE,R03b_20260811_FULL_v1,L1_ELIGIBILITY,v2026-08-11,2026-03-21..2026-08-06,baccarat_bet02_101_all_pairs_incl_sentinel,round_win = game_pnl > 0 (decisive only),COMPATIBILITY_ONLY_NOT_PRODUCTION,296357.1217,267511.9505,6650.6079,18220,18206,-0.02244119,-0.04150452,-0.02020951,-0.02244119,-6650.6079,296357.1217,OK,0.0000,266.0243,4.0000,96.0000,AG03-UNRESOLVED,ALL5_LEVELS_bet23_to_bet27,266.0243,266.0243,266.0243,332.5304,332.5304,4.000000,4.000000,4.000000,5.000000,5.000000,96.000000,96.000000,96.000000,95.000000,95.000000,5.0,1463.1337,1340.2688,5187.4742,5310.3391,PENDING_AG03,FALSE,NOT_FOR_ENFORCEMENT,6384.5836,256811.4724,6650.6079,6384.5836,266.0243,0.02244119,0.02154355,266.0243,6384.5836,0.02154355,266.0243,266.0243,266.0243,332.5304,332.5304,6384.5836,0.02154355,1463.1337,1340.2688,5187.4742,5310.3391,0.01750413,0.01791872,0.00089765,16.2655,14.6936,0.3653,59.3804,1.1678,2646.0457,162.5536,12.4780,16.8648,9.0895,16.5695,22.0926,29.825,33.4482,44.5976,11.8163,0.0,2.018664,2.691552,0.981654,30,240,141,4,0.10479828,0.02244119,0.04150452,0E-8,0.000000,0.902668,0.011910,-0.02129501,2026-03-22,2026-08-05,112,5695,2177,137,0.817518,0.739886,0.767145,0.349328,,,,,,,,GLOBAL_BASELINE_NO_ENTITY_RANKING,,,NOT_APPLICABLE_GLOBAL_BASELINE,HF9g-P5,,,,X 全窗基线 · 不参与实体赏罚,14194855,1420,A168_HF9F_20260827_0900,2026-08-27 09:00:00
2026-04-20,110249610,2246,0,264.1625195990,51.6963210397,51.6963210397,0.6666667,11,11,0.49324550000000000,0.493245500000,1.0406219574860578,1.0406219574860578,1.0406219574860578,0E-17,ELIGIBLE,R03b_20260811_FULL_v1,L1_ELIGIBILITY,v2026-08-11,2026-03-21..2026-08-06,baccarat_bet02_101_all_pairs_incl_sentinel,round_win = game_pnl > 0 (decisive only),COMPATIBILITY_ONLY_NOT_PRODUCTION,296357.1217,267511.9505,6650.6079,18220,18206,-0.02244119,-0.04150452,-0.02020951,-0.02244119,-6650.6079,296357.1217,OK,0.0000,266.0243,4.0000,96.0000,AG03-UNRESOLVED,ALL5_LEVELS_bet23_to_bet27,266.0243,266.0243,266.0243,332.5304,332.5304,4.000000,4.000000,4.000000,5.000000,5.000000,96.000000,96.000000,96.000000,95.000000,95.000000,5.0,1463.1337,1340.2688,5187.4742,5310.3391,PENDING_AG03,FALSE,NOT_FOR_ENFORCEMENT,6384.5836,256811.4724,6650.6079,6384.5836,266.0243,0.02244119,0.02154355,266.0243,6384.5836,0.02154355,266.0243,266.0243,266.0243,332.5304,332.5304,6384.5836,0.02154355,1463.1337,1340.2688,5187.4742,5310.3391,0.01750413,0.01791872,0.00089765,16.2655,14.6936,0.3653,59.3804,1.1678,2646.0457,162.5536,12.4780,16.8648,9.0895,16.5695,22.0926,29.825,33.4482,44.5976,11.8163,0.0,2.018664,2.691552,0.981654,30,240,141,4,0.10479828,0.02244119,0.04150452,0E-8,0.000000,0.902668,0.011910,-0.02129501,2026-03-22,2026-08-05,112,5695,2177,137,0.817518,0.739886,0.767145,0.349328,,,,,,,,GLOBAL_BASELINE_NO_ENTITY_RANKING,,,NOT_APPLICABLE_GLOBAL_BASELINE,HF9g-P5,,,,X 全窗基线 · 不参与实体赏罚,14194856,1420,A168_HF9F_20260827_0900,2026-08-27 09:00:00
2026-04-20,110249610,2254,0,5.9081509760,-5.9081509760,-5.9081509760,0E-7,1,1,0.50665070000000000,0.506650700000,-1.013391052207602,-1.013391052207602,-1.013391052207602,0E-17,ELIGIBLE,R03b_20260811_FULL_v1,L1_ELIGIBILITY,v2026-08-11,2026-03-21..2026-08-06,baccarat_bet02_101_all_pairs_incl_sentinel,round_win = game_pnl > 0 (decisive only),COMPATIBILITY_ONLY_NOT_PRODUCTION,296357.1217,267511.9505,6650.6079,18220,18206,-0.02244119,-0.04150452,-0.02020951,-0.02244119,-6650.6079,296357.1217,OK,0.0000,266.0243,4.0000,96.0000,AG03-UNRESOLVED,ALL5_LEVELS_bet23_to_bet27,266.0243,266.0243,266.0243,332.5304,332.5304,4.000000,4.000000,4.000000,5.000000,5.000000,96.000000,96.000000,96.000000,95.000000,95.000000,5.0,1463.1337,1340.2688,5187.4742,5310.3391,PENDING_AG03,FALSE,NOT_FOR_ENFORCEMENT,6384.5836,256811.4724,6650.6079,6384.5836,266.0243,0.02244119,0.02154355,266.0243,6384.5836,0.02154355,266.0243,266.0243,266.0243,332.5304,332.5304,6384.5836,0.02154355,1463.1337,1340.2688,5187.4742,5310.3391,0.01750413,0.01791872,0.00089765,16.2655,14.6936,0.3653,59.3804,1.1678,2646.0457,162.5536,12.4780,16.8648,9.0895,16.5695,22.0926,29.825,33.4482,44.5976,11.8163,0.0,2.018664,2.691552,0.981654,30,240,141,4,0.10479828,0.02244119,0.04150452,0E-8,0.000000,0.902668,0.011910,-0.02129501,2026-03-22,2026-08-05,112,5695,2177,137,0.817518,0.739886,0.767145,0.349328,,,,,,,,GLOBAL_BASELINE_NO_ENTITY_RANKING,,,NOT_APPLICABLE_GLOBAL_BASELINE,HF9g-P5,,,,X 全窗基线 · 不参与实体赏罚,14194857,1420,A168_HF9F_20260827_0900,2026-08-27 09:00:00
2026-04-20,110249610,2256,0,57.3772354398,-57.3772354398,-57.3772354398,0E-7,3,3,0.50218230000000000,0.502182300000,-1.7396270863184011,-1.7396270863184016,-1.7396270863184011,0E-17,ELIGIBLE,R03b_20260811_FULL_v1,L1_ELIGIBILITY,v2026-08-11,2026-03-21..2026-08-06,baccarat_bet02_101_all_pairs_incl_sentinel,round_win = game_pnl > 0 (decisive only),COMPATIBILITY_ONLY_NOT_PRODUCTION,296357.1217,267511.9505,6650.6079,18220,18206,-0.02244119,-0.04150452,-0.02020951,-0.02244119,-6650.6079,296357.1217,OK,0.0000,266.0243,4.0000,96.0000,AG03-UNRESOLVED,ALL5_LEVELS_bet23_to_bet27,266.0243,266.0243,266.0243,332.5304,332.5304,4.000000,4.000000,4.000000,5.000000,5.000000,96.000000,96.000000,96.000000,95.000000,95.000000,5.0,1463.1337,1340.2688,5187.4742,5310.3391,PENDING_AG03,FALSE,NOT_FOR_ENFORCEMENT,6384.5836,256811.4724,6650.6079,6384.5836,266.0243,0.02244119,0.02154355,266.0243,6384.5836,0.02154355,266.0243,266.0243,266.0243,332.5304,332.5304,6384.5836,0.02154355,1463.1337,1340.2688,5187.4742,5310.3391,0.01750413,0.01791872,0.00089765,16.2655,14.6936,0.3653,59.3804,1.1678,2646.0457,162.5536,12.4780,16.8648,9.0895,16.5695,22.0926,29.825,33.4482,44.5976,11.8163,0.0,2.018664,2.691552,0.981654,30,240,141,4,0.10479828,0.02244119,0.04150452,0E-8,0.000000,0.902668,0.011910,-0.02129501,2026-03-22,2026-08-05,112,5695,2177,137,0.817518,0.739886,0.767145,0.349328,,,,,,,,GLOBAL_BASELINE_NO_ENTITY_RANKING,,,NOT_APPLICABLE_GLOBAL_BASELINE,HF9g-P5,,,,X 全窗基线 · 不参与实体赏罚,14194858,1420,A168_HF9F_20260827_0900,2026-08-27 09:00:00
2026-04-20,110249610,2258,0,11.3618288000,-11.3618288000,-11.3618288000,0E-7,1,1,0.49324550000000000,0.493245500000,-0.9865810262130424,-0.9865810262130424,-0.9865810262130424,0E-17,ELIGIBLE,R03b_20260811_FULL_v1,L1_ELIGIBILITY,v2026-08-11,2026-03-21..2026-08-06,baccarat_bet02_101_all_pairs_incl_sentinel,round_win = game_pnl > 0 (decisive only),COMPATIBILITY_ONLY_NOT_PRODUCTION,296357.1217,267511.9505,6650.6079,18220,18206,-0.02244119,-0.04150452,-0.02020951,-0.02244119,-6650.6079,296357.1217,OK,0.0000,266.0243,4.0000,96.0000,AG03-UNRESOLVED,ALL5_LEVELS_bet23_to_bet27,266.0243,266.0243,266.0243,332.5304,332.5304,4.000000,4.000000,4.000000,5.000000,5.000000,96.000000,96.000000,96.000000,95.000000,95.000000,5.0,1463.1337,1340.2688,5187.4742,5310.3391,PENDING_AG03,FALSE,NOT_FOR_ENFORCEMENT,6384.5836,256811.4724,6650.6079,6384.5836,266.0243,0.02244119,0.02154355,266.0243,6384.5836,0.02154355,266.0243,266.0243,266.0243,332.5304,332.5304,6384.5836,0.02154355,1463.1337,1340.2688,5187.4742,5310.3391,0.01750413,0.01791872,0.00089765,16.2655,14.6936,0.3653,59.3804,1.1678,2646.0457,162.5536,12.4780,16.8648,9.0895,16.5695,22.0926,29.825,33.4482,44.5976,11.8163,0.0,2.018664,2.691552,0.981654,30,240,141,4,0.10479828,0.02244119,0.04150452,0E-8,0.000000,0.902668,0.011910,-0.02129501,2026-03-22,2026-08-05,112,5695,2177,137,0.817518,0.739886,0.767145,0.349328,,,,,,,,GLOBAL_BASELINE_NO_ENTITY_RANKING,,,NOT_APPLICABLE_GLOBAL_BASELINE,HF9g-P5,,,,X 全窗基线 · 不参与实体赏罚,14194859,1420,A168_HF9F_20260827_0900,2026-08-27 09:00:00
2026-04-20,110249610,2261,0,11.3618288000,10.7937373600,10.7937373600,1.0000000,1,1,0.50665070000000000,0.506650700000,0.9867858985152569,0.9867858985152569,0.9867858985152569,0E-17,ELIGIBLE,R03b_20260811_FULL_v1,L1_ELIGIBILITY,v2026-08-11,2026-03-21..2026-08-06,baccarat_bet02_101_all_pairs_incl_sentinel,round_win = game_pnl > 0 (decisive only),COMPATIBILITY_ONLY_NOT_PRODUCTION,296357.1217,267511.9505,6650.6079,18220,18206,-0.02244119,-0.04150452,-0.02020951,-0.02244119,-6650.6079,296357.1217,OK,0.0000,266.0243,4.0000,96.0000,AG03-UNRESOLVED,ALL5_LEVELS_bet23_to_bet27,266.0243,266.0243,266.0243,332.5304,332.5304,4.000000,4.000000,4.000000,5.000000,5.000000,96.000000,96.000000,96.000000,95.000000,95.000000,5.0,1463.1337,1340.2688,5187.4742,5310.3391,PENDING_AG03,FALSE,NOT_FOR_ENFORCEMENT,6384.5836,256811.4724,6650.6079,6384.5836,266.0243,0.02244119,0.02154355,266.0243,6384.5836,0.02154355,266.0243,266.0243,266.0243,332.5304,332.5304,6384.5836,0.02154355,1463.1337,1340.2688,5187.4742,5310.3391,0.01750413,0.01791872,0.00089765,16.2655,14.6936,0.3653,59.3804,1.1678,2646.0457,162.5536,12.4780,16.8648,9.0895,16.5695,22.0926,29.825,33.4482,44.5976,11.8163,0.0,2.018664,2.691552,0.981654,30,240,141,4,0.10479828,0.02244119,0.04150452,0E-8,0.000000,0.902668,0.011910,-0.02129501,2026-03-22,2026-08-05,112,5695,2177,137,0.817518,0.739886,0.767145,0.349328,,,,,,,,GLOBAL_BASELINE_NO_ENTITY_RANKING,,,NOT_APPLICABLE_GLOBAL_BASELINE,HF9g-P5,,,,X 全窗基线 · 不参与实体赏罚,14194860,1420,A168_HF9F_20260827_0900,2026-08-27 09:00:00
2026-04-20,110249610,2267,0,136.3419455996,-5.6809144000,-5.6809144000,0.5000000,4,4,0.50665070000000000,0.506650700000,-0.02660515369234503,-0.02660515369234503,-0.02660515369234503,0E-17,ELIGIBLE,R03b_20260811_FULL_v1,L1_ELIGIBILITY,v2026-08-11,2026-03-21..2026-08-06,baccarat_bet02_101_all_pairs_incl_sentinel,round_win = game_pnl > 0 (decisive only),COMPATIBILITY_ONLY_NOT_PRODUCTION,296357.1217,267511.9505,6650.6079,18220,18206,-0.02244119,-0.04150452,-0.02020951,-0.02244119,-6650.6079,296357.1217,OK,0.0000,266.0243,4.0000,96.0000,AG03-UNRESOLVED,ALL5_LEVELS_bet23_to_bet27,266.0243,266.0243,266.0243,332.5304,332.5304,4.000000,4.000000,4.000000,5.000000,5.000000,96.000000,96.000000,96.000000,95.000000,95.000000,5.0,1463.1337,1340.2688,5187.4742,5310.3391,PENDING_AG03,FALSE,NOT_FOR_ENFORCEMENT,6384.5836,256811.4724,6650.6079,6384.5836,266.0243,0.02244119,0.02154355,266.0243,6384.5836,0.02154355,266.0243,266.0243,266.0243,332.5304,332.5304,6384.5836,0.02154355,1463.1337,1340.2688,5187.4742,5310.3391,0.01750413,0.01791872,0.00089765,16.2655,14.6936,0.3653,59.3804,1.1678,2646.0457,162.5536,12.4780,16.8648,9.0895,16.5695,22.0926,29.825,33.4482,44.5976,11.8163,0.0,2.018664,2.691552,0.981654,30,240,141,4,0.10479828,0.02244119,0.04150452,0E-8,0.000000,0.902668,0.011910,-0.02129501,2026-03-22,2026-08-05,112,5695,2177,137,0.817518,0.739886,0.767145,0.349328,,,,,,,,GLOBAL_BASELINE_NO_ENTITY_RANKING,,,NOT_APPLICABLE_GLOBAL_BASELINE,HF9g-P5,,,,X 全窗基线 · 不参与实体赏罚,14194861,1420,A168_HF9F_20260827_0900,2026-08-27 09:00:00
2026-04-20,110249610,2271,0,136.1147090235,29.6089258528,29.6089258528,0.7142857,8,8,0.50665070000000000,0.506650700000,1.098798430526454,1.098798430526454,1.098798430526454,0E-17,ELIGIBLE,R03b_20260811_FULL_v1,L1_ELIGIBILITY,v2026-08-11,2026-03-21..2026-08-06,baccarat_bet02_101_all_pairs_incl_sentinel,round_win = game_pnl > 0 (decisive only),COMPATIBILITY_ONLY_NOT_PRODUCTION,296357.1217,267511.9505,6650.6079,18220,18206,-0.02244119,-0.04150452,-0.02020951,-0.02244119,-6650.6079,296357.1217,OK,0.0000,266.0243,4.0000,96.0000,AG03-UNRESOLVED,ALL5_LEVELS_bet23_to_bet27,266.0243,266.0243,266.0243,332.5304,332.5304,4.000000,4.000000,4.000000,5.000000,5.000000,96.000000,96.000000,96.000000,95.000000,95.000000,5.0,1463.1337,1340.2688,5187.4742,5310.3391,PENDING_AG03,FALSE,NOT_FOR_ENFORCEMENT,6384.5836,256811.4724,6650.6079,6384.5836,266.0243,0.02244119,0.02154355,266.0243,6384.5836,0.02154355,266.0243,266.0243,266.0243,332.5304,332.5304,6384.5836,0.02154355,1463.1337,1340.2688,5187.4742,5310.3391,0.01750413,0.01791872,0.00089765,16.2655,14.6936,0.3653,59.3804,1.1678,2646.0457,162.5536,12.4780,16.8648,9.0895,16.5695,22.0926,29.825,33.4482,44.5976,11.8163,0.0,2.018664,2.691552,0.981654,30,240,141,4,0.10479828,0.02244119,0.04150452,0E-8,0.000000,0.902668,0.011910,-0.02129501,2026-03-22,2026-08-05,112,5695,2177,137,0.817518,0.739886,0.767145,0.349328,,,,,,,,GLOBAL_BASELINE_NO_ENTITY_RANKING,,,NOT_APPLICABLE_GLOBAL_BASELINE,HF9g-P5,,,,X 全窗基线 · 不参与实体赏罚,14194862,1420,A168_HF9F_20260827_0900,2026-08-27 09:00:00
2026-04-20,110249610,583,0,98.7342922716,40.1129365782,40.1129365782,0.8000000,5,5,0.50665070000000000,0.506650700000,1.3120140225494112,1.3120140225494112,1.3120140225494112,0E-17,ELIGIBLE,R03b_20260811_FULL_v1,L1_ELIGIBILITY,v2026-08-11,2026-03-21..2026-08-06,baccarat_bet02_101_all_pairs_incl_sentinel,round_win = game_pnl > 0 (decisive only),COMPATIBILITY_ONLY_NOT_PRODUCTION,296357.1217,267511.9505,6650.6079,18220,18206,-0.02244119,-0.04150452,-0.02020951,-0.02244119,-6650.6079,296357.1217,OK,0.0000,266.0243,4.0000,96.0000,AG03-UNRESOLVED,ALL5_LEVELS_bet23_to_bet27,266.0243,266.0243,266.0243,332.5304,332.5304,4.000000,4.000000,4.000000,5.000000,5.000000,96.000000,96.000000,96.000000,95.000000,95.000000,5.0,1463.1337,1340.2688,5187.4742,5310.3391,PENDING_AG03,FALSE,NOT_FOR_ENFORCEMENT,6384.5836,256811.4724,6650.6079,6384.5836,266.0243,0.02244119,0.02154355,266.0243,6384.5836,0.02154355,266.0243,266.0243,266.0243,332.5304,332.5304,6384.5836,0.02154355,1463.1337,1340.2688,5187.4742,5310.3391,0.01750413,0.01791872,0.00089765,16.2655,14.6936,0.3653,59.3804,1.1678,2646.0457,162.5536,12.4780,16.8648,9.0895,16.5695,22.0926,29.825,33.4482,44.5976,11.8163,0.0,2.018664,2.691552,0.981654,30,240,141,4,0.10479828,0.02244119,0.04150452,0E-8,0.000000,0.902668,0.011910,-0.02129501,2026-03-22,2026-08-05,112,5695,2177,137,0.817518,0.739886,0.767145,0.349328,,,,,,,,GLOBAL_BASELINE_NO_ENTITY_RANKING,,,NOT_APPLICABLE_GLOBAL_BASELINE,HF9g-P5,,,,X 全窗基线 · 不参与实体赏罚,14194863,1420,A168_HF9F_20260827_0900,2026-08-27 09:00:00
2026-04-20,110249610,595,0,17.0427431999,-17.0427431999,-17.0427431999,0E-7,1,1,0.49324550000000000,0.493245500000,-0.9865810262130424,-0.9865810262130424,-0.9865810262130424,0E-17,ELIGIBLE,R03b_20260811_FULL_v1,L1_ELIGIBILITY,v2026-08-11,2026-03-21..2026-08-06,baccarat_bet02_101_all_pairs_incl_sentinel,round_win = game_pnl > 0 (decisive only),COMPATIBILITY_ONLY_NOT_PRODUCTION,296357.1217,267511.9505,6650.6079,18220,18206,-0.02244119,-0.04150452,-0.02020951,-0.02244119,-6650.6079,296357.1217,OK,0.0000,266.0243,4.0000,96.0000,AG03-UNRESOLVED,ALL5_LEVELS_bet23_to_bet27,266.0243,266.0243,266.0243,332.5304,332.5304,4.000000,4.000000,4.000000,5.000000,5.000000,96.000000,96.000000,96.000000,95.000000,95.000000,5.0,1463.1337,1340.2688,5187.4742,5310.3391,PENDING_AG03,FALSE,NOT_FOR_ENFORCEMENT,6384.5836,256811.4724,6650.6079,6384.5836,266.0243,0.02244119,0.02154355,266.0243,6384.5836,0.02154355,266.0243,266.0243,266.0243,332.5304,332.5304,6384.5836,0.02154355,1463.1337,1340.2688,5187.4742,5310.3391,0.01750413,0.01791872,0.00089765,16.2655,14.6936,0.3653,59.3804,1.1678,2646.0457,162.5536,12.4780,16.8648,9.0895,16.5695,22.0926,29.825,33.4482,44.5976,11.8163,0.0,2.018664,2.691552,0.981654,30,240,141,4,0.10479828,0.02244119,0.04150452,0E-8,0.000000,0.902668,0.011910,-0.02129501,2026-03-22,2026-08-05,112,5695,2177,137,0.817518,0.739886,0.767145,0.349328,,,,,,,,GLOBAL_BASELINE_NO_ENTITY_RANKING,,,NOT_APPLICABLE_GLOBAL_BASELINE,HF9g-P5,,,,X 全窗基线 · 不参与实体赏罚,14194864,1420,A168_HF9F_20260827_0900,2026-08-27 09:00:00
2026-04-20,110249610,752,0,55.6729611198,-11.3618288000,-11.3618288000,0.5000000,2,2,0.50665070000000000,0.506650700000,-0.018812684590367487,-0.018812684590367487,-0.018812684590367487,0E-17,ELIGIBLE,R03b_20260811_FULL_v1,L1_ELIGIBILITY,v2026-08-11,2026-03-21..2026-08-06,baccarat_bet02_101_all_pairs_incl_sentinel,round_win = game_pnl > 0 (decisive only),COMPATIBILITY_ONLY_NOT_PRODUCTION,296357.1217,267511.9505,6650.6079,18220,18206,-0.02244119,-0.04150452,-0.02020951,-0.02244119,-6650.6079,296357.1217,OK,0.0000,266.0243,4.0000,96.0000,AG03-UNRESOLVED,ALL5_LEVELS_bet23_to_bet27,266.0243,266.0243,266.0243,332.5304,332.5304,4.000000,4.000000,4.000000,5.000000,5.000000,96.000000,96.000000,96.000000,95.000000,95.000000,5.0,1463.1337,1340.2688,5187.4742,5310.3391,PENDING_AG03,FALSE,NOT_FOR_ENFORCEMENT,6384.5836,256811.4724,6650.6079,6384.5836,266.0243,0.02244119,0.02154355,266.0243,6384.5836,0.02154355,266.0243,266.0243,266.0243,332.5304,332.5304,6384.5836,0.02154355,1463.1337,1340.2688,5187.4742,5310.3391,0.01750413,0.01791872,0.00089765,16.2655,14.6936,0.3653,59.3804,1.1678,2646.0457,162.5536,12.4780,16.8648,9.0895,16.5695,22.0926,29.825,33.4482,44.5976,11.8163,0.0,2.018664,2.691552,0.981654,30,240,141,4,0.10479828,0.02244119,0.04150452,0E-8,0.000000,0.902668,0.011910,-0.02129501,2026-03-22,2026-08-05,112,5695,2177,137,0.817518,0.739886,0.767145,0.349328,,,,,,,,GLOBAL_BASELINE_NO_ENTITY_RANKING,,,NOT_APPLICABLE_GLOBAL_BASELINE,HF9g-P5,,,,X 全窗基线 · 不参与实体赏罚,14194865,1420,A168_HF9F_20260827_0900,2026-08-27 09:00:00
2026-04-20,110249610,919,0,127.8205739996,-5.9649601200,-5.9649601200,0.5000000,6,6,0.50665070000000000,0.506650700000,-0.032584525537284574,-0.032584525537284574,-0.032584525537284574,0E-17,ELIGIBLE,R03b_20260811_FULL_v1,L1_ELIGIBILITY,v2026-08-11,2026-03-21..2026-08-06,baccarat_bet02_101_all_pairs_incl_sentinel,round_win = game_pnl > 0 (decisive only),COMPATIBILITY_ONLY_NOT_PRODUCTION,296357.1217,267511.9505,6650.6079,18220,18206,-0.02244119,-0.04150452,-0.02020951,-0.02244119,-6650.6079,296357.1217,OK,0.0000,266.0243,4.0000,96.0000,AG03-UNRESOLVED,ALL5_LEVELS_bet23_to_bet27,266.0243,266.0243,266.0243,332.5304,332.5304,4.000000,4.000000,4.000000,5.000000,5.000000,96.000000,96.000000,96.000000,95.000000,95.000000,5.0,1463.1337,1340.2688,5187.4742,5310.3391,PENDING_AG03,FALSE,NOT_FOR_ENFORCEMENT,6384.5836,256811.4724,6650.6079,6384.5836,266.0243,0.02244119,0.02154355,266.0243,6384.5836,0.02154355,266.0243,266.0243,266.0243,332.5304,332.5304,6384.5836,0.02154355,1463.1337,1340.2688,5187.4742,5310.3391,0.01750413,0.01791872,0.00089765,16.2655,14.6936,0.3653,59.3804,1.1678,2646.0457,162.5536,12.4780,16.8648,9.0895,16.5695,22.0926,29.825,33.4482,44.5976,11.8163,0.0,2.018664,2.691552,0.981654,30,240,141,4,0.10479828,0.02244119,0.04150452,0E-8,0.000000,0.902668,0.011910,-0.02129501,2026-03-22,2026-08-05,112,5695,2177,137,0.817518,0.739886,0.767145,0.349328,,,,,,,,GLOBAL_BASELINE_NO_ENTITY_RANKING,,,NOT_APPLICABLE_GLOBAL_BASELINE,HF9g-P5,,,,X 全窗基线 · 不参与实体赏罚,14194866,1420,A168_HF9F_20260827_0900,2026-08-27 09:00:00
2026-04-20,110249610,948,0,228.3727588792,162.4741518394,162.4741518394,0.8750000,8,8,0.49324550000000000,0.493245500000,2.15972664216405,2.15972664216405,2.15972664216405,0E-17,ELIGIBLE,R03b_20260811_FULL_v1,L1_ELIGIBILITY,v2026-08-11,2026-03-21..2026-08-06,baccarat_bet02_101_all_pairs_incl_sentinel,round_win = game_pnl > 0 (decisive only),COMPATIBILITY_ONLY_NOT_PRODUCTION,296357.1217,267511.9505,6650.6079,18220,18206,-0.02244119,-0.04150452,-0.02020951,-0.02244119,-6650.6079,296357.1217,OK,0.0000,266.0243,4.0000,96.0000,AG03-UNRESOLVED,ALL5_LEVELS_bet23_to_bet27,266.0243,266.0243,266.0243,332.5304,332.5304,4.000000,4.000000,4.000000,5.000000,5.000000,96.000000,96.000000,96.000000,95.000000,95.000000,5.0,1463.1337,1340.2688,5187.4742,5310.3391,PENDING_AG03,FALSE,NOT_FOR_ENFORCEMENT,6384.5836,256811.4724,6650.6079,6384.5836,266.0243,0.02244119,0.02154355,266.0243,6384.5836,0.02154355,266.0243,266.0243,266.0243,332.5304,332.5304,6384.5836,0.02154355,1463.1337,1340.2688,5187.4742,5310.3391,0.01750413,0.01791872,0.00089765,16.2655,14.6936,0.3653,59.3804,1.1678,2646.0457,162.5536,12.4780,16.8648,9.0895,16.5695,22.0926,29.825,33.4482,44.5976,11.8163,0.0,2.018664,2.691552,0.981654,30,240,141,4,0.10479828,0.02244119,0.04150452,0E-8,0.000000,0.902668,0.011910,-0.02129501,2026-03-22,2026-08-05,112,5695,2177,137,0.817518,0.739886,0.767145,0.349328,,,,,,,,GLOBAL_BASELINE_NO_ENTITY_RANKING,,,NOT_APPLICABLE_GLOBAL_BASELINE,HF9g-P5,,,,X 全窗基线 · 不参与实体赏罚,14194867,1420,A168_HF9F_20260827_0900,2026-08-27 09:00:00
2026-04-20,110249610,970,0,21.5874747200,-10.2256459200,-10.2256459200,0.3333333,3,3,0.49771390000000000,0.497713900000,-0.5694369385616226,-0.5694369385616226,-0.5694369385616226,0E-17,ELIGIBLE,R03b_20260811_FULL_v1,L1_ELIGIBILITY,v2026-08-11,2026-03-21..2026-08-06,baccarat_bet02_101_all_pairs_incl_sentinel,round_win = game_pnl > 0 (decisive only),COMPATIBILITY_ONLY_NOT_PRODUCTION,296357.1217,267511.9505,6650.6079,18220,18206,-0.02244119,-0.04150452,-0.02020951,-0.02244119,-6650.6079,296357.1217,OK,0.0000,266.0243,4.0000,96.0000,AG03-UNRESOLVED,ALL5_LEVELS_bet23_to_bet27,266.0243,266.0243,266.0243,332.5304,332.5304,4.000000,4.000000,4.000000,5.000000,5.000000,96.000000,96.000000,96.000000,95.000000,95.000000,5.0,1463.1337,1340.2688,5187.4742,5310.3391,PENDING_AG03,FALSE,NOT_FOR_ENFORCEMENT,6384.5836,256811.4724,6650.6079,6384.5836,266.0243,0.02244119,0.02154355,266.0243,6384.5836,0.02154355,266.0243,266.0243,266.0243,332.5304,332.5304,6384.5836,0.02154355,1463.1337,1340.2688,5187.4742,5310.3391,0.01750413,0.01791872,0.00089765,16.2655,14.6936,0.3653,59.3804,1.1678,2646.0457,162.5536,12.4780,16.8648,9.0895,16.5695,22.0926,29.825,33.4482,44.5976,11.8163,0.0,2.018664,2.691552,0.981654,30,240,141,4,0.10479828,0.02244119,0.04150452,0E-8,0.000000,0.902668,0.011910,-0.02129501,2026-03-22,2026-08-05,112,5695,2177,137,0.817518,0.739886,0.767145,0.349328,,,,,,,,GLOBAL_BASELINE_NO_ENTITY_RANKING,,,NOT_APPLICABLE_GLOBAL_BASELINE,HF9g-P5,,,,X 全窗基线 · 不参与实体赏罚,14194868,1420,A168_HF9F_20260827_0900,2026-08-27 09:00:00
2026-04-20,110249610,986,0,9.0894630400,-0.1136182880,-0.1136182880,0.5000000,3,3,0.50665070000000000,0.506650700000,-0.018812684590367487,-0.018812684590367487,-0.018812684590367487,0E-17,ELIGIBLE,R03b_20260811_FULL_v1,L1_ELIGIBILITY,v2026-08-11,2026-03-21..2026-08-06,baccarat_bet02_101_all_pairs_incl_sentinel,round_win = game_pnl > 0 (decisive only),COMPATIBILITY_ONLY_NOT_PRODUCTION,296357.1217,267511.9505,6650.6079,18220,18206,-0.02244119,-0.04150452,-0.02020951,-0.02244119,-6650.6079,296357.1217,OK,0.0000,266.0243,4.0000,96.0000,AG03-UNRESOLVED,ALL5_LEVELS_bet23_to_bet27,266.0243,266.0243,266.0243,332.5304,332.5304,4.000000,4.000000,4.000000,5.000000,5.000000,96.000000,96.000000,96.000000,95.000000,95.000000,5.0,1463.1337,1340.2688,5187.4742,5310.3391,PENDING_AG03,FALSE,NOT_FOR_ENFORCEMENT,6384.5836,256811.4724,6650.6079,6384.5836,266.0243,0.02244119,0.02154355,266.0243,6384.5836,0.02154355,266.0243,266.0243,266.0243,332.5304,332.5304,6384.5836,0.02154355,1463.1337,1340.2688,5187.4742,5310.3391,0.01750413,0.01791872,0.00089765,16.2655,14.6936,0.3653,59.3804,1.1678,2646.0457,162.5536,12.4780,16.8648,9.0895,16.5695,22.0926,29.825,33.4482,44.5976,11.8163,0.0,2.018664,2.691552,0.981654,30,240,141,4,0.10479828,0.02244119,0.04150452,0E-8,0.000000,0.902668,0.011910,-0.02129501,2026-03-22,2026-08-05,112,5695,2177,137,0.817518,0.739886,0.767145,0.349328,,,,,,,,GLOBAL_BASELINE_NO_ENTITY_RANKING,,,NOT_APPLICABLE_GLOBAL_BASELINE,HF9g-P5,,,,X 全窗基线 · 不参与实体赏罚,14194869,1420,A168_HF9F_20260827_0900,2026-08-27 09:00:00
2026-04-20,110249610,993,0,17.0427431999,-17.0427431999,-17.0427431999,0E-7,1,1,0.49324550000000000,0.493245500000,-0.9865810262130424,-0.9865810262130424,-0.9865810262130424,0E-17,ELIGIBLE,R03b_20260811_FULL_v1,L1_ELIGIBILITY,v2026-08-11,2026-03-21..2026-08-06,baccarat_bet02_101_all_pairs_incl_sentinel,round_win = game_pnl > 0 (decisive only),COMPATIBILITY_ONLY_NOT_PRODUCTION,296357.1217,267511.9505,6650.6079,18220,18206,-0.02244119,-0.04150452,-0.02020951,-0.02244119,-6650.6079,296357.1217,OK,0.0000,266.0243,4.0000,96.0000,AG03-UNRESOLVED,ALL5_LEVELS_bet23_to_bet27,266.0243,266.0243,266.0243,332.5304,332.5304,4.000000,4.000000,4.000000,5.000000,5.000000,96.000000,96.000000,96.000000,95.000000,95.000000,5.0,1463.1337,1340.2688,5187.4742,5310.3391,PENDING_AG03,FALSE,NOT_FOR_ENFORCEMENT,6384.5836,256811.4724,6650.6079,6384.5836,266.0243,0.02244119,0.02154355,266.0243,6384.5836,0.02154355,266.0243,266.0243,266.0243,332.5304,332.5304,6384.5836,0.02154355,1463.1337,1340.2688,5187.4742,5310.3391,0.01750413,0.01791872,0.00089765,16.2655,14.6936,0.3653,59.3804,1.1678,2646.0457,162.5536,12.4780,16.8648,9.0895,16.5695,22.0926,29.825,33.4482,44.5976,11.8163,0.0,2.018664,2.691552,0.981654,30,240,141,4,0.10479828,0.02244119,0.04150452,0E-8,0.000000,0.902668,0.011910,-0.02129501,2026-03-22,2026-08-05,112,5695,2177,137,0.817518,0.739886,0.767145,0.349328,,,,,,,,GLOBAL_BASELINE_NO_ENTITY_RANKING,,,NOT_APPLICABLE_GLOBAL_BASELINE,HF9g-P5,,,,X 全窗基线 · 不参与实体赏罚,14194870,1420,A168_HF9F_20260827_0900,2026-08-27 09:00:00
2026-04-21,110249610,-1,1,4537.4599495525,-57.0250187463,-57.0250187463,0.5317460,277,277,0.50064981624548736,0.500649816245,0.9872750689327179,0.9872750689481898,0.9872750689327179,4.8736E-13,SENTINEL_DEALER,R03b_20260811_FULL_v1,L1_ELIGIBILITY,v2026-08-11,2026-03-21..2026-08-06,baccarat_bet02_101_all_pairs_incl_sentinel,round_win = game_pnl > 0 (decisive only),COMPATIBILITY_ONLY_NOT_PRODUCTION,296357.1217,267511.9505,6650.6079,18220,18206,-0.02244119,-0.04150452,-0.02020951,-0.02244119,-6650.6079,296357.1217,OK,0.0000,266.0243,4.0000,96.0000,AG03-UNRESOLVED,ALL5_LEVELS_bet23_to_bet27,266.0243,266.0243,266.0243,332.5304,332.5304,4.000000,4.000000,4.000000,5.000000,5.000000,96.000000,96.000000,96.000000,95.000000,95.000000,5.0,1463.1337,1340.2688,5187.4742,5310.3391,PENDING_AG03,FALSE,NOT_FOR_ENFORCEMENT,6384.5836,256811.4724,6650.6079,6384.5836,266.0243,0.02244119,0.02154355,266.0243,6384.5836,0.02154355,266.0243,266.0243,266.0243,332.5304,332.5304,6384.5836,0.02154355,1463.1337,1340.2688,5187.4742,5310.3391,0.01750413,0.01791872,0.00089765,16.2655,14.6936,0.3653,59.3804,1.1678,2646.0457,162.5536,12.4780,16.8648,9.0895,16.5695,22.0926,29.825,33.4482,44.5976,11.8163,0.0,2.018664,2.691552,0.981654,30,240,141,4,0.10479828,0.02244119,0.04150452,0E-8,0.000000,0.902668,0.011910,-0.02129501,2026-03-22,2026-08-05,112,5695,2177,137,0.817518,0.739886,0.767145,0.349328,,,,,,,,GLOBAL_BASELINE_NO_ENTITY_RANKING,,,NOT_APPLICABLE_GLOBAL_BASELINE,HF9g-P5,,,,X 全窗基线 · 不参与实体赏罚,14194871,1420,A168_HF9F_20260827_0900,2026-08-27 09:00:00
2026-04-21,110249610,1017,0,69.3071556796,-36.0738064398,-36.0738064398,0.2500000,4,4,0.50665070000000000,0.506650700000,-1.0266936290537745,-1.0266936290537745,-1.0266936290537745,0E-17,ELIGIBLE,R03b_20260811_FULL_v1,L1_ELIGIBILITY,v2026-08-11,2026-03-21..2026-08-06,baccarat_bet02_101_all_pairs_incl_sentinel,round_win = game_pnl > 0 (decisive only),COMPATIBILITY_ONLY_NOT_PRODUCTION,296357.1217,267511.9505,6650.6079,18220,18206,-0.02244119,-0.04150452,-0.02020951,-0.02244119,-6650.6079,296357.1217,OK,0.0000,266.0243,4.0000,96.0000,AG03-UNRESOLVED,ALL5_LEVELS_bet23_to_bet27,266.0243,266.0243,266.0243,332.5304,332.5304,4.000000,4.000000,4.000000,5.000000,5.000000,96.000000,96.000000,96.000000,95.000000,95.000000,5.0,1463.1337,1340.2688,5187.4742,5310.3391,PENDING_AG03,FALSE,NOT_FOR_ENFORCEMENT,6384.5836,256811.4724,6650.6079,6384.5836,266.0243,0.02244119,0.02154355,266.0243,6384.5836,0.02154355,266.0243,266.0243,266.0243,332.5304,332.5304,6384.5836,0.02154355,1463.1337,1340.2688,5187.4742,5310.3391,0.01750413,0.01791872,0.00089765,16.2655,14.6936,0.3653,59.3804,1.1678,2646.0457,162.5536,12.4780,16.8648,9.0895,16.5695,22.0926,29.825,33.4482,44.5976,11.8163,0.0,2.018664,2.691552,0.981654,30,240,141,4,0.10479828,0.02244119,0.04150452,0E-8,0.000000,0.902668,0.011910,-0.02129501,2026-03-22,2026-08-05,112,5695,2177,137,0.817518,0.739886,0.767145,0.349328,,,,,,,,GLOBAL_BASELINE_NO_ENTITY_RANKING,,,NOT_APPLICABLE_GLOBAL_BASELINE,HF9g-P5,,,,X 全窗基线 · 不参与实体赏罚,14194872,1420,A168_HF9F_20260827_0900,2026-08-27 09:00:00
2026-04-21,110249610,1115,0,14.7703774400,-3.6925943600,-3.6925943600,0.5000000,2,2,0.50665070000000000,0.506650700000,-0.018812684590367487,-0.018812684590367487,-0.018812684590367487,0E-17,ELIGIBLE,R03b_20260811_FULL_v1,L1_ELIGIBILITY,v2026-08-11,2026-03-21..2026-08-06,baccarat_bet02_101_all_pairs_incl_sentinel,round_win = game_pnl > 0 (decisive only),COMPATIBILITY_ONLY_NOT_PRODUCTION,296357.1217,267511.9505,6650.6079,18220,18206,-0.02244119,-0.04150452,-0.02020951,-0.02244119,-6650.6079,296357.1217,OK,0.0000,266.0243,4.0000,96.0000,AG03-UNRESOLVED,ALL5_LEVELS_bet23_to_bet27,266.0243,266.0243,266.0243,332.5304,332.5304,4.000000,4.000000,4.000000,5.000000,5.000000,96.000000,96.000000,96.000000,95.000000,95.000000,5.0,1463.1337,1340.2688,5187.4742,5310.3391,PENDING_AG03,FALSE,NOT_FOR_ENFORCEMENT,6384.5836,256811.4724,6650.6079,6384.5836,266.0243,0.02244119,0.02154355,266.0243,6384.5836,0.02154355,266.0243,266.0243,266.0243,332.5304,332.5304,6384.5836,0.02154355,1463.1337,1340.2688,5187.4742,5310.3391,0.01750413,0.01791872,0.00089765,16.2655,14.6936,0.3653,59.3804,1.1678,2646.0457,162.5536,12.4780,16.8648,9.0895,16.5695,22.0926,29.825,33.4482,44.5976,11.8163,0.0,2.018664,2.691552,0.981654,30,240,141,4,0.10479828,0.02244119,0.04150452,0E-8,0.000000,0.902668,0.011910,-0.02129501,2026-03-22,2026-08-05,112,5695,2177,137,0.817518,0.739886,0.767145,0.349328,,,,,,,,GLOBAL_BASELINE_NO_ENTITY_RANKING,,,NOT_APPLICABLE_GLOBAL_BASELINE,HF9g-P5,,,,X 全窗基线 · 不参与实体赏罚,14194873,1420,A168_HF9F_20260827_0900,2026-08-27 09:00:00
2026-04-21,110249610,1151,0,11.3618288000,-11.3618288000,-11.3618288000,0E-7,1,1,0.49324550000000000,0.493245500000,-0.9865810262130424,-0.9865810262130424,-0.9865810262130424,0E-17,ELIGIBLE,R03b_20260811_FULL_v1,L1_ELIGIBILITY,v2026-08-11,2026-03-21..2026-08-06,baccarat_bet02_101_all_pairs_incl_sentinel,round_win = game_pnl > 0 (decisive only),COMPATIBILITY_ONLY_NOT_PRODUCTION,296357.1217,267511.9505,6650.6079,18220,18206,-0.02244119,-0.04150452,-0.02020951,-0.02244119,-6650.6079,296357.1217,OK,0.0000,266.0243,4.0000,96.0000,AG03-UNRESOLVED,ALL5_LEVELS_bet23_to_bet27,266.0243,266.0243,266.0243,332.5304,332.5304,4.000000,4.000000,4.000000,5.000000,5.000000,96.000000,96.000000,96.000000,95.000000,95.000000,5.0,1463.1337,1340.2688,5187.4742,5310.3391,PENDING_AG03,FALSE,NOT_FOR_ENFORCEMENT,6384.5836,256811.4724,6650.6079,6384.5836,266.0243,0.02244119,0.02154355,266.0243,6384.5836,0.02154355,266.0243,266.0243,266.0243,332.5304,332.5304,6384.5836,0.02154355,1463.1337,1340.2688,5187.4742,5310.3391,0.01750413,0.01791872,0.00089765,16.2655,14.6936,0.3653,59.3804,1.1678,2646.0457,162.5536,12.4780,16.8648,9.0895,16.5695,22.0926,29.825,33.4482,44.5976,11.8163,0.0,2.018664,2.691552,0.981654,30,240,141,4,0.10479828,0.02244119,0.04150452,0E-8,0.000000,0.902668,0.011910,-0.02129501,2026-03-22,2026-08-05,112,5695,2177,137,0.817518,0.739886,0.767145,0.349328,,,,,,,,GLOBAL_BASELINE_NO_ENTITY_RANKING,,,NOT_APPLICABLE_GLOBAL_BASELINE,HF9g-P5,,,,X 全窗基线 · 不参与实体赏罚,14194874,1420,A168_HF9F_20260827_0900,2026-08-27 09:00:00
2026-04-21,110249610,1157,0,91.0082486876,21.4170472880,21.4170472880,0.6666667,6,6,0.49994810000000000,0.499948100000,0.8167508423630434,0.8167508423630434,0.8167508423630434,0E-17,ELIGIBLE,R03b_20260811_FULL_v1,L1_ELIGIBILITY,v2026-08-11,2026-03-21..2026-08-06,baccarat_bet02_101_all_pairs_incl_sentinel,round_win = game_pnl > 0 (decisive only),COMPATIBILITY_ONLY_NOT_PRODUCTION,296357.1217,267511.9505,6650.6079,18220,18206,-0.02244119,-0.04150452,-0.02020951,-0.02244119,-6650.6079,296357.1217,OK,0.0000,266.0243,4.0000,96.0000,AG03-UNRESOLVED,ALL5_LEVELS_bet23_to_bet27,266.0243,266.0243,266.0243,332.5304,332.5304,4.000000,4.000000,4.000000,5.000000,5.000000,96.000000,96.000000,96.000000,95.000000,95.000000,5.0,1463.1337,1340.2688,5187.4742,5310.3391,PENDING_AG03,FALSE,NOT_FOR_ENFORCEMENT,6384.5836,256811.4724,6650.6079,6384.5836,266.0243,0.02244119,0.02154355,266.0243,6384.5836,0.02154355,266.0243,266.0243,266.0243,332.5304,332.5304,6384.5836,0.02154355,1463.1337,1340.2688,5187.4742,5310.3391,0.01750413,0.01791872,0.00089765,16.2655,14.6936,0.3653,59.3804,1.1678,2646.0457,162.5536,12.4780,16.8648,9.0895,16.5695,22.0926,29.825,33.4482,44.5976,11.8163,0.0,2.018664,2.691552,0.981654,30,240,141,4,0.10479828,0.02244119,0.04150452,0E-8,0.000000,0.902668,0.011910,-0.02129501,2026-03-22,2026-08-05,112,5695,2177,137,0.817518,0.739886,0.767145,0.349328,,,,,,,,GLOBAL_BASELINE_NO_ENTITY_RANKING,,,NOT_APPLICABLE_GLOBAL_BASELINE,HF9g-P5,,,,X 全窗基线 · 不参与实体赏罚,14194875,1420,A168_HF9F_20260827_0900,2026-08-27 09:00:00
2026-04-21,110249610,1205,0,85.1000977118,19.2014906720,19.2014906720,0.6250000,8,8,0.49492115000000000,0.494921150000,0.7358750597491888,0.7358750597491888,0.7358750597491888,0E-17,ELIGIBLE,R03b_20260811_FULL_v1,L1_ELIGIBILITY,v2026-08-11,2026-03-21..2026-08-06,baccarat_bet02_101_all_pairs_incl_sentinel,round_win = game_pnl > 0 (decisive only),COMPATIBILITY_ONLY_NOT_PRODUCTION,296357.1217,267511.9505,6650.6079,18220,18206,-0.02244119,-0.04150452,-0.02020951,-0.02244119,-6650.6079,296357.1217,OK,0.0000,266.0243,4.0000,96.0000,AG03-UNRESOLVED,ALL5_LEVELS_bet23_to_bet27,266.0243,266.0243,266.0243,332.5304,332.5304,4.000000,4.000000,4.000000,5.000000,5.000000,96.000000,96.000000,96.000000,95.000000,95.000000,5.0,1463.1337,1340.2688,5187.4742,5310.3391,PENDING_AG03,FALSE,NOT_FOR_ENFORCEMENT,6384.5836,256811.4724,6650.6079,6384.5836,266.0243,0.02244119,0.02154355,266.0243,6384.5836,0.02154355,266.0243,266.0243,266.0243,332.5304,332.5304,6384.5836,0.02154355,1463.1337,1340.2688,5187.4742,5310.3391,0.01750413,0.01791872,0.00089765,16.2655,14.6936,0.3653,59.3804,1.1678,2646.0457,162.5536,12.4780,16.8648,9.0895,16.5695,22.0926,29.825,33.4482,44.5976,11.8163,0.0,2.018664,2.691552,0.981654,30,240,141,4,0.10479828,0.02244119,0.04150452,0E-8,0.000000,0.902668,0.011910,-0.02129501,2026-03-22,2026-08-05,112,5695,2177,137,0.817518,0.739886,0.767145,0.349328,,,,,,,,GLOBAL_BASELINE_NO_ENTITY_RANKING,,,NOT_APPLICABLE_GLOBAL_BASELINE,HF9g-P5,,,,X 全窗基线 · 不参与实体赏罚,14194876,1420,A168_HF9F_20260827_0900,2026-08-27 09:00:00
2026-04-21,110249610,1210,0,59.0815097598,10.7937373600,10.7937373600,0.6666667,4,4,0.50329940000000000,0.503299400000,0.5659331339966515,0.5659331339966515,0.5659331339966515,0E-17,ELIGIBLE,R03b_20260811_FULL_v1,L1_ELIGIBILITY,v2026-08-11,2026-03-21..2026-08-06,baccarat_bet02_101_all_pairs_incl_sentinel,round_win = game_pnl > 0 (decisive only),COMPATIBILITY_ONLY_NOT_PRODUCTION,296357.1217,267511.9505,6650.6079,18220,18206,-0.02244119,-0.04150452,-0.02020951,-0.02244119,-6650.6079,296357.1217,OK,0.0000,266.0243,4.0000,96.0000,AG03-UNRESOLVED,ALL5_LEVELS_bet23_to_bet27,266.0243,266.0243,266.0243,332.5304,332.5304,4.000000,4.000000,4.000000,5.000000,5.000000,96.000000,96.000000,96.000000,95.000000,95.000000,5.0,1463.1337,1340.2688,5187.4742,5310.3391,PENDING_AG03,FALSE,NOT_FOR_ENFORCEMENT,6384.5836,256811.4724,6650.6079,6384.5836,266.0243,0.02244119,0.02154355,266.0243,6384.5836,0.02154355,266.0243,266.0243,266.0243,332.5304,332.5304,6384.5836,0.02154355,1463.1337,1340.2688,5187.4742,5310.3391,0.01750413,0.01791872,0.00089765,16.2655,14.6936,0.3653,59.3804,1.1678,2646.0457,162.5536,12.4780,16.8648,9.0895,16.5695,22.0926,29.825,33.4482,44.5976,11.8163,0.0,2.018664,2.691552,0.981654,30,240,141,4,0.10479828,0.02244119,0.04150452,0E-8,0.000000,0.902668,0.011910,-0.02129501,2026-03-22,2026-08-05,112,5695,2177,137,0.817518,0.739886,0.767145,0.349328,,,,,,,,GLOBAL_BASELINE_NO_ENTITY_RANKING,,,NOT_APPLICABLE_GLOBAL_BASELINE,HF9g-P5,,,,X 全窗基线 · 不参与实体赏罚,14194877,1420,A168_HF9F_20260827_0900,2026-08-27 09:00:00
2026-04-21,110249610,1221,0,181.7892607991,28.4045719998,28.4045719998,0.6250000,9,9,0.49473496666666667,0.494734966667,0.7369311648172802,0.7369311648153895,0.7369311648172802,-3.3333E-13,ELIGIBLE,R03b_20260811_FULL_v1,L1_ELIGIBILITY,v2026-08-11,2026-03-21..2026-08-06,baccarat_bet02_101_all_pairs_incl_sentinel,round_win = game_pnl > 0 (decisive only),COMPATIBILITY_ONLY_NOT_PRODUCTION,296357.1217,267511.9505,6650.6079,18220,18206,-0.02244119,-0.04150452,-0.02020951,-0.02244119,-6650.6079,296357.1217,OK,0.0000,266.0243,4.0000,96.0000,AG03-UNRESOLVED,ALL5_LEVELS_bet23_to_bet27,266.0243,266.0243,266.0243,332.5304,332.5304,4.000000,4.000000,4.000000,5.000000,5.000000,96.000000,96.000000,96.000000,95.000000,95.000000,5.0,1463.1337,1340.2688,5187.4742,5310.3391,PENDING_AG03,FALSE,NOT_FOR_ENFORCEMENT,6384.5836,256811.4724,6650.6079,6384.5836,266.0243,0.02244119,0.02154355,266.0243,6384.5836,0.02154355,266.0243,266.0243,266.0243,332.5304,332.5304,6384.5836,0.02154355,1463.1337,1340.2688,5187.4742,5310.3391,0.01750413,0.01791872,0.00089765,16.2655,14.6936,0.3653,59.3804,1.1678,2646.0457,162.5536,12.4780,16.8648,9.0895,16.5695,22.0926,29.825,33.4482,44.5976,11.8163,0.0,2.018664,2.691552,0.981654,30,240,141,4,0.10479828,0.02244119,0.04150452,0E-8,0.000000,0.902668,0.011910,-0.02129501,2026-03-22,2026-08-05,112,5695,2177,137,0.817518,0.739886,0.767145,0.349328,,,,,,,,GLOBAL_BASELINE_NO_ENTITY_RANKING,,,NOT_APPLICABLE_GLOBAL_BASELINE,HF9g-P5,,,,X 全窗基线 · 不参与实体赏罚,14194878,1420,A168_HF9F_20260827_0900,2026-08-27 09:00:00
2026-04-21,110249610,1304,0,54.5367782399,-25.4504965119,-25.4504965119,0.3333333,4,4,0.50329940000000000,0.503299400000,-0.5887925454369916,-0.5887925454369916,-0.5887925454369916,0E-17,ELIGIBLE,R03b_20260811_FULL_v1,L1_ELIGIBILITY,v2026-08-11,2026-03-21..2026-08-06,baccarat_bet02_101_all_pairs_incl_sentinel,round_win = game_pnl > 0 (decisive only),COMPATIBILITY_ONLY_NOT_PRODUCTION,296357.1217,267511.9505,6650.6079,18220,18206,-0.02244119,-0.04150452,-0.02020951,-0.02244119,-6650.6079,296357.1217,OK,0.0000,266.0243,4.0000,96.0000,AG03-UNRESOLVED,ALL5_LEVELS_bet23_to_bet27,266.0243,266.0243,266.0243,332.5304,332.5304,4.000000,4.000000,4.000000,5.000000,5.000000,96.000000,96.000000,96.000000,95.000000,95.000000,5.0,1463.1337,1340.2688,5187.4742,5310.3391,PENDING_AG03,FALSE,NOT_FOR_ENFORCEMENT,6384.5836,256811.4724,6650.6079,6384.5836,266.0243,0.02244119,0.02154355,266.0243,6384.5836,0.02154355,266.0243,266.0243,266.0243,332.5304,332.5304,6384.5836,0.02154355,1463.1337,1340.2688,5187.4742,5310.3391,0.01750413,0.01791872,0.00089765,16.2655,14.6936,0.3653,59.3804,1.1678,2646.0457,162.5536,12.4780,16.8648,9.0895,16.5695,22.0926,29.825,33.4482,44.5976,11.8163,0.0,2.018664,2.691552,0.981654,30,240,141,4,0.10479828,0.02244119,0.04150452,0E-8,0.000000,0.902668,0.011910,-0.02129501,2026-03-22,2026-08-05,112,5695,2177,137,0.817518,0.739886,0.767145,0.349328,,,,,,,,GLOBAL_BASELINE_NO_ENTITY_RANKING,,,NOT_APPLICABLE_GLOBAL_BASELINE,HF9g-P5,,,,X 全窗基线 · 不参与实体赏罚,14194879,1420,A168_HF9F_20260827_0900,2026-08-27 09:00:00
2026-04-21,110249610,1306,0,106.8011907195,15.9065603199,15.9065603199,0.6666667,6,6,0.49324550000000000,0.493245500000,0.8496642703256836,0.8496642703256835,0.8496642703256836,0E-17,ELIGIBLE,R03b_20260811_FULL_v1,L1_ELIGIBILITY,v2026-08-11,2026-03-21..2026-08-06,baccarat_bet02_101_all_pairs_incl_sentinel,round_win = game_pnl > 0 (decisive only),COMPATIBILITY_ONLY_NOT_PRODUCTION,296357.1217,267511.9505,6650.6079,18220,18206,-0.02244119,-0.04150452,-0.02020951,-0.02244119,-6650.6079,296357.1217,OK,0.0000,266.0243,4.0000,96.0000,AG03-UNRESOLVED,ALL5_LEVELS_bet23_to_bet27,266.0243,266.0243,266.0243,332.5304,332.5304,4.000000,4.000000,4.000000,5.000000,5.000000,96.000000,96.000000,96.000000,95.000000,95.000000,5.0,1463.1337,1340.2688,5187.4742,5310.3391,PENDING_AG03,FALSE,NOT_FOR_ENFORCEMENT,6384.5836,256811.4724,6650.6079,6384.5836,266.0243,0.02244119,0.02154355,266.0243,6384.5836,0.02154355,266.0243,266.0243,266.0243,332.5304,332.5304,6384.5836,0.02154355,1463.1337,1340.2688,5187.4742,5310.3391,0.01750413,0.01791872,0.00089765,16.2655,14.6936,0.3653,59.3804,1.1678,2646.0457,162.5536,12.4780,16.8648,9.0895,16.5695,22.0926,29.825,33.4482,44.5976,11.8163,0.0,2.018664,2.691552,0.981654,30,240,141,4,0.10479828,0.02244119,0.04150452,0E-8,0.000000,0.902668,0.011910,-0.02129501,2026-03-22,2026-08-05,112,5695,2177,137,0.817518,0.739886,0.767145,0.349328,,,,,,,,GLOBAL_BASELINE_NO_ENTITY_RANKING,,,NOT_APPLICABLE_GLOBAL_BASELINE,HF9g-P5,,,,X 全窗基线 · 不参与实体赏罚,14194880,1420,A168_HF9F_20260827_0900,2026-08-27 09:00:00
2026-04-21,110249610,1307,0,30.6769377599,-17.3835980639,-17.3835980639,0.3333333,3,3,0.50218230000000000,0.502182300000,-0.5849155494134425,-0.5849155494134426,-0.5849155494134425,0E-17,ELIGIBLE,R03b_20260811_FULL_v1,L1_ELIGIBILITY,v2026-08-11,2026-03-21..2026-08-06,baccarat_bet02_101_all_pairs_incl_sentinel,round_win = game_pnl > 0 (decisive only),COMPATIBILITY_ONLY_NOT_PRODUCTION,296357.1217,267511.9505,6650.6079,18220,18206,-0.02244119,-0.04150452,-0.02020951,-0.02244119,-6650.6079,296357.1217,OK,0.0000,266.0243,4.0000,96.0000,AG03-UNRESOLVED,ALL5_LEVELS_bet23_to_bet27,266.0243,266.0243,266.0243,332.5304,332.5304,4.000000,4.000000,4.000000,5.000000,5.000000,96.000000,96.000000,96.000000,95.000000,95.000000,5.0,1463.1337,1340.2688,5187.4742,5310.3391,PENDING_AG03,FALSE,NOT_FOR_ENFORCEMENT,6384.5836,256811.4724,6650.6079,6384.5836,266.0243,0.02244119,0.02154355,266.0243,6384.5836,0.02154355,266.0243,266.0243,266.0243,332.5304,332.5304,6384.5836,0.02154355,1463.1337,1340.2688,5187.4742,5310.3391,0.01750413,0.01791872,0.00089765,16.2655,14.6936,0.3653,59.3804,1.1678,2646.0457,162.5536,12.4780,16.8648,9.0895,16.5695,22.0926,29.825,33.4482,44.5976,11.8163,0.0,2.018664,2.691552,0.981654,30,240,141,4,0.10479828,0.02244119,0.04150452,0E-8,0.000000,0.902668,0.011910,-0.02129501,2026-03-22,2026-08-05,112,5695,2177,137,0.817518,0.739886,0.767145,0.349328,,,,,,,,GLOBAL_BASELINE_NO_ENTITY_RANKING,,,NOT_APPLICABLE_GLOBAL_BASELINE,HF9g-P5,,,,X 全窗基线 · 不参与实体赏罚,14194881,1420,A168_HF9F_20260827_0900,2026-08-27 09:00:00
2026-04-21,110249610,1323,0,152.0212693434,47.7878519326,47.7878519326,0.6666667,6,6,0.50218230000000000,0.502182300000,0.8058132132962729,0.8058132132962729,0.8058132132962729,0E-17,ELIGIBLE,R03b_20260811_FULL_v1,L1_ELIGIBILITY,v2026-08-11,2026-03-21..2026-08-06,baccarat_bet02_101_all_pairs_incl_sentinel,round_win = game_pnl > 0 (decisive only),COMPATIBILITY_ONLY_NOT_PRODUCTION,296357.1217,267511.9505,6650.6079,18220,18206,-0.02244119,-0.04150452,-0.02020951,-0.02244119,-6650.6079,296357.1217,OK,0.0000,266.0243,4.0000,96.0000,AG03-UNRESOLVED,ALL5_LEVELS_bet23_to_bet27,266.0243,266.0243,266.0243,332.5304,332.5304,4.000000,4.000000,4.000000,5.000000,5.000000,96.000000,96.000000,96.000000,95.000000,95.000000,5.0,1463.1337,1340.2688,5187.4742,5310.3391,PENDING_AG03,FALSE,NOT_FOR_ENFORCEMENT,6384.5836,256811.4724,6650.6079,6384.5836,266.0243,0.02244119,0.02154355,266.0243,6384.5836,0.02154355,266.0243,266.0243,266.0243,332.5304,332.5304,6384.5836,0.02154355,1463.1337,1340.2688,5187.4742,5310.3391,0.01750413,0.01791872,0.00089765,16.2655,14.6936,0.3653,59.3804,1.1678,2646.0457,162.5536,12.4780,16.8648,9.0895,16.5695,22.0926,29.825,33.4482,44.5976,11.8163,0.0,2.018664,2.691552,0.981654,30,240,141,4,0.10479828,0.02244119,0.04150452,0E-8,0.000000,0.902668,0.011910,-0.02129501,2026-03-22,2026-08-05,112,5695,2177,137,0.817518,0.739886,0.767145,0.349328,,,,,,,,GLOBAL_BASELINE_NO_ENTITY_RANKING,,,NOT_APPLICABLE_GLOBAL_BASELINE,HF9g-P5,,,,X 全窗基线 · 不参与实体赏罚,14194882,1420,A168_HF9F_20260827_0900,2026-08-27 09:00:00
2026-04-21,110249610,1325,0,51.1282295999,-5.6809143999,-5.6809143999,0.5000000,4,4,0.49324550000000000,0.493245500000,0.027020465636507562,0.027020465636507562,0.027020465636507562,0E-17,ELIGIBLE,R03b_20260811_FULL_v1,L1_ELIGIBILITY,v2026-08-11,2026-03-21..2026-08-06,baccarat_bet02_101_all_pairs_incl_sentinel,round_win = game_pnl > 0 (decisive only),COMPATIBILITY_ONLY_NOT_PRODUCTION,296357.1217,267511.9505,6650.6079,18220,18206,-0.02244119,-0.04150452,-0.02020951,-0.02244119,-6650.6079,296357.1217,OK,0.0000,266.0243,4.0000,96.0000,AG03-UNRESOLVED,ALL5_LEVELS_bet23_to_bet27,266.0243,266.0243,266.0243,332.5304,332.5304,4.000000,4.000000,4.000000,5.000000,5.000000,96.000000,96.000000,96.000000,95.000000,95.000000,5.0,1463.1337,1340.2688,5187.4742,5310.3391,PENDING_AG03,FALSE,NOT_FOR_ENFORCEMENT,6384.5836,256811.4724,6650.6079,6384.5836,266.0243,0.02244119,0.02154355,266.0243,6384.5836,0.02154355,266.0243,266.0243,266.0243,332.5304,332.5304,6384.5836,0.02154355,1463.1337,1340.2688,5187.4742,5310.3391,0.01750413,0.01791872,0.00089765,16.2655,14.6936,0.3653,59.3804,1.1678,2646.0457,162.5536,12.4780,16.8648,9.0895,16.5695,22.0926,29.825,33.4482,44.5976,11.8163,0.0,2.018664,2.691552,0.981654,30,240,141,4,0.10479828,0.02244119,0.04150452,0E-8,0.000000,0.902668,0.011910,-0.02129501,2026-03-22,2026-08-05,112,5695,2177,137,0.817518,0.739886,0.767145,0.349328,,,,,,,,GLOBAL_BASELINE_NO_ENTITY_RANKING,,,NOT_APPLICABLE_GLOBAL_BASELINE,HF9g-P5,,,,X 全窗基线 · 不参与实体赏罚,14194883,1420,A168_HF9F_20260827_0900,2026-08-27 09:00:00
2026-04-21,110249610,1330,0,173.8359806394,68.5118276638,68.5118276638,0.6666667,6,6,0.50218230000000000,0.502182300000,0.8058132132962729,0.8058132132962729,0.8058132132962729,0E-17,ELIGIBLE,R03b_20260811_FULL_v1,L1_ELIGIBILITY,v2026-08-11,2026-03-21..2026-08-06,baccarat_bet02_101_all_pairs_incl_sentinel,round_win = game_pnl > 0 (decisive only),COMPATIBILITY_ONLY_NOT_PRODUCTION,296357.1217,267511.9505,6650.6079,18220,18206,-0.02244119,-0.04150452,-0.02020951,-0.02244119,-6650.6079,296357.1217,OK,0.0000,266.0243,4.0000,96.0000,AG03-UNRESOLVED,ALL5_LEVELS_bet23_to_bet27,266.0243,266.0243,266.0243,332.5304,332.5304,4.000000,4.000000,4.000000,5.000000,5.000000,96.000000,96.000000,96.000000,95.000000,95.000000,5.0,1463.1337,1340.2688,5187.4742,5310.3391,PENDING_AG03,FALSE,NOT_FOR_ENFORCEMENT,6384.5836,256811.4724,6650.6079,6384.5836,266.0243,0.02244119,0.02154355,266.0243,6384.5836,0.02154355,266.0243,266.0243,266.0243,332.5304,332.5304,6384.5836,0.02154355,1463.1337,1340.2688,5187.4742,5310.3391,0.01750413,0.01791872,0.00089765,16.2655,14.6936,0.3653,59.3804,1.1678,2646.0457,162.5536,12.4780,16.8648,9.0895,16.5695,22.0926,29.825,33.4482,44.5976,11.8163,0.0,2.018664,2.691552,0.981654,30,240,141,4,0.10479828,0.02244119,0.04150452,0E-8,0.000000,0.902668,0.011910,-0.02129501,2026-03-22,2026-08-05,112,5695,2177,137,0.817518,0.739886,0.767145,0.349328,,,,,,,,GLOBAL_BASELINE_NO_ENTITY_RANKING,,,NOT_APPLICABLE_GLOBAL_BASELINE,HF9g-P5,,,,X 全窗基线 · 不参与实体赏罚,14194884,1420,A168_HF9F_20260827_0900,2026-08-27 09:00:00
2026-04-21,110249610,1331,0,235.6443293113,137.0236553275,137.0236553275,0.7777778,9,9,0.49324550000000000,0.493245500000,1.707349463506922,1.707349463506922,1.707349463506922,0E-17,ELIGIBLE,R03b_20260811_FULL_v1,L1_ELIGIBILITY,v2026-08-11,2026-03-21..2026-08-06,baccarat_bet02_101_all_pairs_incl_sentinel,round_win = game_pnl > 0 (decisive only),COMPATIBILITY_ONLY_NOT_PRODUCTION,296357.1217,267511.9505,6650.6079,18220,18206,-0.02244119,-0.04150452,-0.02020951,-0.02244119,-6650.6079,296357.1217,OK,0.0000,266.0243,4.0000,96.0000,AG03-UNRESOLVED,ALL5_LEVELS_bet23_to_bet27,266.0243,266.0243,266.0243,332.5304,332.5304,4.000000,4.000000,4.000000,5.000000,5.000000,96.000000,96.000000,96.000000,95.000000,95.000000,5.0,1463.1337,1340.2688,5187.4742,5310.3391,PENDING_AG03,FALSE,NOT_FOR_ENFORCEMENT,6384.5836,256811.4724,6650.6079,6384.5836,266.0243,0.02244119,0.02154355,266.0243,6384.5836,0.02154355,266.0243,266.0243,266.0243,332.5304,332.5304,6384.5836,0.02154355,1463.1337,1340.2688,5187.4742,5310.3391,0.01750413,0.01791872,0.00089765,16.2655,14.6936,0.3653,59.3804,1.1678,2646.0457,162.5536,12.4780,16.8648,9.0895,16.5695,22.0926,29.825,33.4482,44.5976,11.8163,0.0,2.018664,2.691552,0.981654,30,240,141,4,0.10479828,0.02244119,0.04150452,0E-8,0.000000,0.902668,0.011910,-0.02129501,2026-03-22,2026-08-05,112,5695,2177,137,0.817518,0.739886,0.767145,0.349328,,,,,,,,GLOBAL_BASELINE_NO_ENTITY_RANKING,,,NOT_APPLICABLE_GLOBAL_BASELINE,HF9g-P5,,,,X 全窗基线 · 不参与实体赏罚,14194885,1420,A168_HF9F_20260827_0900,2026-08-27 09:00:00
2026-04-21,110249610,1353,0,21.5874747199,-21.5874747199,-21.5874747199,0E-7,1,1,0.49324550000000000,0.493245500000,-0.9865810262130424,-0.9865810262130424,-0.9865810262130424,0E-17,ELIGIBLE,R03b_20260811_FULL_v1,L1_ELIGIBILITY,v2026-08-11,2026-03-21..2026-08-06,baccarat_bet02_101_all_pairs_incl_sentinel,round_win = game_pnl > 0 (decisive only),COMPATIBILITY_ONLY_NOT_PRODUCTION,296357.1217,267511.9505,6650.6079,18220,18206,-0.02244119,-0.04150452,-0.02020951,-0.02244119,-6650.6079,296357.1217,OK,0.0000,266.0243,4.0000,96.0000,AG03-UNRESOLVED,ALL5_LEVELS_bet23_to_bet27,266.0243,266.0243,266.0243,332.5304,332.5304,4.000000,4.000000,4.000000,5.000000,5.000000,96.000000,96.000000,96.000000,95.000000,95.000000,5.0,1463.1337,1340.2688,5187.4742,5310.3391,PENDING_AG03,FALSE,NOT_FOR_ENFORCEMENT,6384.5836,256811.4724,6650.6079,6384.5836,266.0243,0.02244119,0.02154355,266.0243,6384.5836,0.02154355,266.0243,266.0243,266.0243,332.5304,332.5304,6384.5836,0.02154355,1463.1337,1340.2688,5187.4742,5310.3391,0.01750413,0.01791872,0.00089765,16.2655,14.6936,0.3653,59.3804,1.1678,2646.0457,162.5536,12.4780,16.8648,9.0895,16.5695,22.0926,29.825,33.4482,44.5976,11.8163,0.0,2.018664,2.691552,0.981654,30,240,141,4,0.10479828,0.02244119,0.04150452,0E-8,0.000000,0.902668,0.011910,-0.02129501,2026-03-22,2026-08-05,112,5695,2177,137,0.817518,0.739886,0.767145,0.349328,,,,,,,,GLOBAL_BASELINE_NO_ENTITY_RANKING,,,NOT_APPLICABLE_GLOBAL_BASELINE,HF9g-P5,,,,X 全窗基线 · 不参与实体赏罚,14194886,1420,A168_HF9F_20260827_0900,2026-08-27 09:00:00
2026-04-21,110249610,1374,0,182.5845888154,80.0043174949,80.0043174949,0.7500000,9,9,0.50665070000000000,0.506650700000,1.3767133162484293,1.3767133162484293,1.3767133162484293,0E-17,ELIGIBLE,R03b_20260811_FULL_v1,L1_ELIGIBILITY,v2026-08-11,2026-03-21..2026-08-06,baccarat_bet02_101_all_pairs_incl_sentinel,round_win = game_pnl > 0 (decisive only),COMPATIBILITY_ONLY_NOT_PRODUCTION,296357.1217,267511.9505,6650.6079,18220,18206,-0.02244119,-0.04150452,-0.02020951,-0.02244119,-6650.6079,296357.1217,OK,0.0000,266.0243,4.0000,96.0000,AG03-UNRESOLVED,ALL5_LEVELS_bet23_to_bet27,266.0243,266.0243,266.0243,332.5304,332.5304,4.000000,4.000000,4.000000,5.000000,5.000000,96.000000,96.000000,96.000000,95.000000,95.000000,5.0,1463.1337,1340.2688,5187.4742,5310.3391,PENDING_AG03,FALSE,NOT_FOR_ENFORCEMENT,6384.5836,256811.4724,6650.6079,6384.5836,266.0243,0.02244119,0.02154355,266.0243,6384.5836,0.02154355,266.0243,266.0243,266.0243,332.5304,332.5304,6384.5836,0.02154355,1463.1337,1340.2688,5187.4742,5310.3391,0.01750413,0.01791872,0.00089765,16.2655,14.6936,0.3653,59.3804,1.1678,2646.0457,162.5536,12.4780,16.8648,9.0895,16.5695,22.0926,29.825,33.4482,44.5976,11.8163,0.0,2.018664,2.691552,0.981654,30,240,141,4,0.10479828,0.02244119,0.04150452,0E-8,0.000000,0.902668,0.011910,-0.02129501,2026-03-22,2026-08-05,112,5695,2177,137,0.817518,0.739886,0.767145,0.349328,,,,,,,,GLOBAL_BASELINE_NO_ENTITY_RANKING,,,NOT_APPLICABLE_GLOBAL_BASELINE,HF9g-P5,,,,X 全窗基线 · 不参与实体赏罚,14194887,1420,A168_HF9F_20260827_0900,2026-08-27 09:00:00
2026-04-21,110249610,1382,0,20.4512918400,20.4512918400,20.4512918400,1.0000000,2,2,0.49324550000000000,0.493245500000,1.4334489766152358,1.4334489766152358,1.4334489766152358,0E-17,ELIGIBLE,R03b_20260811_FULL_v1,L1_ELIGIBILITY,v2026-08-11,2026-03-21..2026-08-06,baccarat_bet02_101_all_pairs_incl_sentinel,round_win = game_pnl > 0 (decisive only),COMPATIBILITY_ONLY_NOT_PRODUCTION,296357.1217,267511.9505,6650.6079,18220,18206,-0.02244119,-0.04150452,-0.02020951,-0.02244119,-6650.6079,296357.1217,OK,0.0000,266.0243,4.0000,96.0000,AG03-UNRESOLVED,ALL5_LEVELS_bet23_to_bet27,266.0243,266.0243,266.0243,332.5304,332.5304,4.000000,4.000000,4.000000,5.000000,5.000000,96.000000,96.000000,96.000000,95.000000,95.000000,5.0,1463.1337,1340.2688,5187.4742,5310.3391,PENDING_AG03,FALSE,NOT_FOR_ENFORCEMENT,6384.5836,256811.4724,6650.6079,6384.5836,266.0243,0.02244119,0.02154355,266.0243,6384.5836,0.02154355,266.0243,266.0243,266.0243,332.5304,332.5304,6384.5836,0.02154355,1463.1337,1340.2688,5187.4742,5310.3391,0.01750413,0.01791872,0.00089765,16.2655,14.6936,0.3653,59.3804,1.1678,2646.0457,162.5536,12.4780,16.8648,9.0895,16.5695,22.0926,29.825,33.4482,44.5976,11.8163,0.0,2.018664,2.691552,0.981654,30,240,141,4,0.10479828,0.02244119,0.04150452,0E-8,0.000000,0.902668,0.011910,-0.02129501,2026-03-22,2026-08-05,112,5695,2177,137,0.817518,0.739886,0.767145,0.349328,,,,,,,,GLOBAL_BASELINE_NO_ENTITY_RANKING,,,NOT_APPLICABLE_GLOBAL_BASELINE,HF9g-P5,,,,X 全窗基线 · 不参与实体赏罚,14194888,1420,A168_HF9F_20260827_0900,2026-08-27 09:00:00
2026-04-21,110249610,1383,0,43.7430408799,-9.6575544799,-9.6575544799,0.5000000,3,3,0.49324550000000000,0.493245500000,0.01910635448239258,0.01910635448239258,0.01910635448239258,0E-17,ELIGIBLE,R03b_20260811_FULL_v1,L1_ELIGIBILITY,v2026-08-11,2026-03-21..2026-08-06,baccarat_bet02_101_all_pairs_incl_sentinel,round_win = game_pnl > 0 (decisive only),COMPATIBILITY_ONLY_NOT_PRODUCTION,296357.1217,267511.9505,6650.6079,18220,18206,-0.02244119,-0.04150452,-0.02020951,-0.02244119,-6650.6079,296357.1217,OK,0.0000,266.0243,4.0000,96.0000,AG03-UNRESOLVED,ALL5_LEVELS_bet23_to_bet27,266.0243,266.0243,266.0243,332.5304,332.5304,4.000000,4.000000,4.000000,5.000000,5.000000,96.000000,96.000000,96.000000,95.000000,95.000000,5.0,1463.1337,1340.2688,5187.4742,5310.3391,PENDING_AG03,FALSE,NOT_FOR_ENFORCEMENT,6384.5836,256811.4724,6650.6079,6384.5836,266.0243,0.02244119,0.02154355,266.0243,6384.5836,0.02154355,266.0243,266.0243,266.0243,332.5304,332.5304,6384.5836,0.02154355,1463.1337,1340.2688,5187.4742,5310.3391,0.01750413,0.01791872,0.00089765,16.2655,14.6936,0.3653,59.3804,1.1678,2646.0457,162.5536,12.4780,16.8648,9.0895,16.5695,22.0926,29.825,33.4482,44.5976,11.8163,0.0,2.018664,2.691552,0.981654,30,240,141,4,0.10479828,0.02244119,0.04150452,0E-8,0.000000,0.902668,0.011910,-0.02129501,2026-03-22,2026-08-05,112,5695,2177,137,0.817518,0.739886,0.767145,0.349328,,,,,,,,GLOBAL_BASELINE_NO_ENTITY_RANKING,,,NOT_APPLICABLE_GLOBAL_BASELINE,HF9g-P5,,,,X 全窗基线 · 不参与实体赏罚,14194889,1420,A168_HF9F_20260827_0900,2026-08-27 09:00:00
2026-04-21,110249610,1384,0,17.0427431999,-17.0427431999,-17.0427431999,0E-7,1,1,0.49324550000000000,0.493245500000,-0.9865810262130424,-0.9865810262130424,-0.9865810262130424,0E-17,ELIGIBLE,R03b_20260811_FULL_v1,L1_ELIGIBILITY,v2026-08-11,2026-03-21..2026-08-06,baccarat_bet02_101_all_pairs_incl_sentinel,round_win = game_pnl > 0 (decisive only),COMPATIBILITY_ONLY_NOT_PRODUCTION,296357.1217,267511.9505,6650.6079,18220,18206,-0.02244119,-0.04150452,-0.02020951,-0.02244119,-6650.6079,296357.1217,OK,0.0000,266.0243,4.0000,96.0000,AG03-UNRESOLVED,ALL5_LEVELS_bet23_to_bet27,266.0243,266.0243,266.0243,332.5304,332.5304,4.000000,4.000000,4.000000,5.000000,5.000000,96.000000,96.000000,96.000000,95.000000,95.000000,5.0,1463.1337,1340.2688,5187.4742,5310.3391,PENDING_AG03,FALSE,NOT_FOR_ENFORCEMENT,6384.5836,256811.4724,6650.6079,6384.5836,266.0243,0.02244119,0.02154355,266.0243,6384.5836,0.02154355,266.0243,266.0243,266.0243,332.5304,332.5304,6384.5836,0.02154355,1463.1337,1340.2688,5187.4742,5310.3391,0.01750413,0.01791872,0.00089765,16.2655,14.6936,0.3653,59.3804,1.1678,2646.0457,162.5536,12.4780,16.8648,9.0895,16.5695,22.0926,29.825,33.4482,44.5976,11.8163,0.0,2.018664,2.691552,0.981654,30,240,141,4,0.10479828,0.02244119,0.04150452,0E-8,0.000000,0.902668,0.011910,-0.02129501,2026-03-22,2026-08-05,112,5695,2177,137,0.817518,0.739886,0.767145,0.349328,,,,,,,,GLOBAL_BASELINE_NO_ENTITY_RANKING,,,NOT_APPLICABLE_GLOBAL_BASELINE,HF9g-P5,,,,X 全窗基线 · 不参与实体赏罚,14194890,1420,A168_HF9F_20260827_0900,2026-08-27 09:00:00
2026-04-21,110249610,1396,0,134.6376712797,-77.8285272797,-77.8285272797,0.3000000,10,10,0.49592654000000000,0.495926540000,-1.239189365562131,-1.239189365562131,-1.239189365562131,0E-17,ELIGIBLE,R03b_20260811_FULL_v1,L1_ELIGIBILITY,v2026-08-11,2026-03-21..2026-08-06,baccarat_bet02_101_all_pairs_incl_sentinel,round_win = game_pnl > 0 (decisive only),COMPATIBILITY_ONLY_NOT_PRODUCTION,296357.1217,267511.9505,6650.6079,18220,18206,-0.02244119,-0.04150452,-0.02020951,-0.02244119,-6650.6079,296357.1217,OK,0.0000,266.0243,4.0000,96.0000,AG03-UNRESOLVED,ALL5_LEVELS_bet23_to_bet27,266.0243,266.0243,266.0243,332.5304,332.5304,4.000000,4.000000,4.000000,5.000000,5.000000,96.000000,96.000000,96.000000,95.000000,95.000000,5.0,1463.1337,1340.2688,5187.4742,5310.3391,PENDING_AG03,FALSE,NOT_FOR_ENFORCEMENT,6384.5836,256811.4724,6650.6079,6384.5836,266.0243,0.02244119,0.02154355,266.0243,6384.5836,0.02154355,266.0243,266.0243,266.0243,332.5304,332.5304,6384.5836,0.02154355,1463.1337,1340.2688,5187.4742,5310.3391,0.01750413,0.01791872,0.00089765,16.2655,14.6936,0.3653,59.3804,1.1678,2646.0457,162.5536,12.4780,16.8648,9.0895,16.5695,22.0926,29.825,33.4482,44.5976,11.8163,0.0,2.018664,2.691552,0.981654,30,240,141,4,0.10479828,0.02244119,0.04150452,0E-8,0.000000,0.902668,0.011910,-0.02129501,2026-03-22,2026-08-05,112,5695,2177,137,0.817518,0.739886,0.767145,0.349328,,,,,,,,GLOBAL_BASELINE_NO_ENTITY_RANKING,,,NOT_APPLICABLE_GLOBAL_BASELINE,HF9g-P5,,,,X 全窗基线 · 不参与实体赏罚,14194891,1420,A168_HF9F_20260827_0900,2026-08-27 09:00:00
2026-04-21,110249610,1399,0,247.1197763992,-55.4457245438,-55.4457245438,0.4375000,18,18,0.50143756666666667,0.501437566667,-0.5115026474783183,-0.511502647480986,-0.5115026474783183,-3.3333E-13,ELIGIBLE,R03b_20260811_FULL_v1,L1_ELIGIBILITY,v2026-08-11,2026-03-21..2026-08-06,baccarat_bet02_101_all_pairs_incl_sentinel,round_win = game_pnl > 0 (decisive only),COMPATIBILITY_ONLY_NOT_PRODUCTION,296357.1217,267511.9505,6650.6079,18220,18206,-0.02244119,-0.04150452,-0.02020951,-0.02244119,-6650.6079,296357.1217,OK,0.0000,266.0243,4.0000,96.0000,AG03-UNRESOLVED,ALL5_LEVELS_bet23_to_bet27,266.0243,266.0243,266.0243,332.5304,332.5304,4.000000,4.000000,4.000000,5.000000,5.000000,96.000000,96.000000,96.000000,95.000000,95.000000,5.0,1463.1337,1340.2688,5187.4742,5310.3391,PENDING_AG03,FALSE,NOT_FOR_ENFORCEMENT,6384.5836,256811.4724,6650.6079,6384.5836,266.0243,0.02244119,0.02154355,266.0243,6384.5836,0.02154355,266.0243,266.0243,266.0243,332.5304,332.5304,6384.5836,0.02154355,1463.1337,1340.2688,5187.4742,5310.3391,0.01750413,0.01791872,0.00089765,16.2655,14.6936,0.3653,59.3804,1.1678,2646.0457,162.5536,12.4780,16.8648,9.0895,16.5695,22.0926,29.825,33.4482,44.5976,11.8163,0.0,2.018664,2.691552,0.981654,30,240,141,4,0.10479828,0.02244119,0.04150452,0E-8,0.000000,0.902668,0.011910,-0.02129501,2026-03-22,2026-08-05,112,5695,2177,137,0.817518,0.739886,0.767145,0.349328,,,,,,,,GLOBAL_BASELINE_NO_ENTITY_RANKING,,,NOT_APPLICABLE_GLOBAL_BASELINE,HF9g-P5,,,,X 全窗基线 · 不参与实体赏罚,14194892,1420,A168_HF9F_20260827_0900,2026-08-27 09:00:00
2026-04-21,110249610,1402,0,20.4512918400,-20.4512918400,-20.4512918400,0E-7,2,2,0.50665070000000000,0.506650700000,-1.4331513700195317,-1.4331513700195317,-1.4331513700195317,0E-17,ELIGIBLE,R03b_20260811_FULL_v1,L1_ELIGIBILITY,v2026-08-11,2026-03-21..2026-08-06,baccarat_bet02_101_all_pairs_incl_sentinel,round_win = game_pnl > 0 (decisive only),COMPATIBILITY_ONLY_NOT_PRODUCTION,296357.1217,267511.9505,6650.6079,18220,18206,-0.02244119,-0.04150452,-0.02020951,-0.02244119,-6650.6079,296357.1217,OK,0.0000,266.0243,4.0000,96.0000,AG03-UNRESOLVED,ALL5_LEVELS_bet23_to_bet27,266.0243,266.0243,266.0243,332.5304,332.5304,4.000000,4.000000,4.000000,5.000000,5.000000,96.000000,96.000000,96.000000,95.000000,95.000000,5.0,1463.1337,1340.2688,5187.4742,5310.3391,PENDING_AG03,FALSE,NOT_FOR_ENFORCEMENT,6384.5836,256811.4724,6650.6079,6384.5836,266.0243,0.02244119,0.02154355,266.0243,6384.5836,0.02154355,266.0243,266.0243,266.0243,332.5304,332.5304,6384.5836,0.02154355,1463.1337,1340.2688,5187.4742,5310.3391,0.01750413,0.01791872,0.00089765,16.2655,14.6936,0.3653,59.3804,1.1678,2646.0457,162.5536,12.4780,16.8648,9.0895,16.5695,22.0926,29.825,33.4482,44.5976,11.8163,0.0,2.018664,2.691552,0.981654,30,240,141,4,0.10479828,0.02244119,0.04150452,0E-8,0.000000,0.902668,0.011910,-0.02129501,2026-03-22,2026-08-05,112,5695,2177,137,0.817518,0.739886,0.767145,0.349328,,,,,,,,GLOBAL_BASELINE_NO_ENTITY_RANKING,,,NOT_APPLICABLE_GLOBAL_BASELINE,HF9g-P5,,,,X 全窗基线 · 不参与实体赏罚,14194893,1420,A168_HF9F_20260827_0900,2026-08-27 09:00:00
2026-04-21,110249610,1485,0,22.7236575999,-22.7236575999,-22.7236575999,0E-7,1,1,0.50665070000000000,0.506650700000,-1.013391052207602,-1.013391052207602,-1.013391052207602,0E-17,ELIGIBLE,R03b_20260811_FULL_v1,L1_ELIGIBILITY,v2026-08-11,2026-03-21..2026-08-06,baccarat_bet02_101_all_pairs_incl_sentinel,round_win = game_pnl > 0 (decisive only),COMPATIBILITY_ONLY_NOT_PRODUCTION,296357.1217,267511.9505,6650.6079,18220,18206,-0.02244119,-0.04150452,-0.02020951,-0.02244119,-6650.6079,296357.1217,OK,0.0000,266.0243,4.0000,96.0000,AG03-UNRESOLVED,ALL5_LEVELS_bet23_to_bet27,266.0243,266.0243,266.0243,332.5304,332.5304,4.000000,4.000000,4.000000,5.000000,5.000000,96.000000,96.000000,96.000000,95.000000,95.000000,5.0,1463.1337,1340.2688,5187.4742,5310.3391,PENDING_AG03,FALSE,NOT_FOR_ENFORCEMENT,6384.5836,256811.4724,6650.6079,6384.5836,266.0243,0.02244119,0.02154355,266.0243,6384.5836,0.02154355,266.0243,266.0243,266.0243,332.5304,332.5304,6384.5836,0.02154355,1463.1337,1340.2688,5187.4742,5310.3391,0.01750413,0.01791872,0.00089765,16.2655,14.6936,0.3653,59.3804,1.1678,2646.0457,162.5536,12.4780,16.8648,9.0895,16.5695,22.0926,29.825,33.4482,44.5976,11.8163,0.0,2.018664,2.691552,0.981654,30,240,141,4,0.10479828,0.02244119,0.04150452,0E-8,0.000000,0.902668,0.011910,-0.02129501,2026-03-22,2026-08-05,112,5695,2177,137,0.817518,0.739886,0.767145,0.349328,,,,,,,,GLOBAL_BASELINE_NO_ENTITY_RANKING,,,NOT_APPLICABLE_GLOBAL_BASELINE,HF9g-P5,,,,X 全窗基线 · 不参与实体赏罚,14194894,1420,A168_HF9F_20260827_0900,2026-08-27 09:00:00
2026-04-21,110249610,1490,0,22.7236576000,-22.7236576000,-22.7236576000,0E-7,2,2,0.49994810000000000,0.499948100000,-1.4140667746232096,-1.4140667746232096,-1.4140667746232096,0E-17,ELIGIBLE,R03b_20260811_FULL_v1,L1_ELIGIBILITY,v2026-08-11,2026-03-21..2026-08-06,baccarat_bet02_101_all_pairs_incl_sentinel,round_win = game_pnl > 0 (decisive only),COMPATIBILITY_ONLY_NOT_PRODUCTION,296357.1217,267511.9505,6650.6079,18220,18206,-0.02244119,-0.04150452,-0.02020951,-0.02244119,-6650.6079,296357.1217,OK,0.0000,266.0243,4.0000,96.0000,AG03-UNRESOLVED,ALL5_LEVELS_bet23_to_bet27,266.0243,266.0243,266.0243,332.5304,332.5304,4.000000,4.000000,4.000000,5.000000,5.000000,96.000000,96.000000,96.000000,95.000000,95.000000,5.0,1463.1337,1340.2688,5187.4742,5310.3391,PENDING_AG03,FALSE,NOT_FOR_ENFORCEMENT,6384.5836,256811.4724,6650.6079,6384.5836,266.0243,0.02244119,0.02154355,266.0243,6384.5836,0.02154355,266.0243,266.0243,266.0243,332.5304,332.5304,6384.5836,0.02154355,1463.1337,1340.2688,5187.4742,5310.3391,0.01750413,0.01791872,0.00089765,16.2655,14.6936,0.3653,59.3804,1.1678,2646.0457,162.5536,12.4780,16.8648,9.0895,16.5695,22.0926,29.825,33.4482,44.5976,11.8163,0.0,2.018664,2.691552,0.981654,30,240,141,4,0.10479828,0.02244119,0.04150452,0E-8,0.000000,0.902668,0.011910,-0.02129501,2026-03-22,2026-08-05,112,5695,2177,137,0.817518,0.739886,0.767145,0.349328,,,,,,,,GLOBAL_BASELINE_NO_ENTITY_RANKING,,,NOT_APPLICABLE_GLOBAL_BASELINE,HF9g-P5,,,,X 全窗基线 · 不参与实体赏罚,14194895,1420,A168_HF9F_20260827_0900,2026-08-27 09:00:00
2026-04-21,110249610,1505,0,96.5755447995,-5.6809144000,-5.6809144000,0.5000000,5,5,0.49324550000000000,0.493245500000,0.027020465636507562,0.027020465636507562,0.027020465636507562,0E-17,ELIGIBLE,R03b_20260811_FULL_v1,L1_ELIGIBILITY,v2026-08-11,2026-03-21..2026-08-06,baccarat_bet02_101_all_pairs_incl_sentinel,round_win = game_pnl > 0 (decisive only),COMPATIBILITY_ONLY_NOT_PRODUCTION,296357.1217,267511.9505,6650.6079,18220,18206,-0.02244119,-0.04150452,-0.02020951,-0.02244119,-6650.6079,296357.1217,OK,0.0000,266.0243,4.0000,96.0000,AG03-UNRESOLVED,ALL5_LEVELS_bet23_to_bet27,266.0243,266.0243,266.0243,332.5304,332.5304,4.000000,4.000000,4.000000,5.000000,5.000000,96.000000,96.000000,96.000000,95.000000,95.000000,5.0,1463.1337,1340.2688,5187.4742,5310.3391,PENDING_AG03,FALSE,NOT_FOR_ENFORCEMENT,6384.5836,256811.4724,6650.6079,6384.5836,266.0243,0.02244119,0.02154355,266.0243,6384.5836,0.02154355,266.0243,266.0243,266.0243,332.5304,332.5304,6384.5836,0.02154355,1463.1337,1340.2688,5187.4742,5310.3391,0.01750413,0.01791872,0.00089765,16.2655,14.6936,0.3653,59.3804,1.1678,2646.0457,162.5536,12.4780,16.8648,9.0895,16.5695,22.0926,29.825,33.4482,44.5976,11.8163,0.0,2.018664,2.691552,0.981654,30,240,141,4,0.10479828,0.02244119,0.04150452,0E-8,0.000000,0.902668,0.011910,-0.02129501,2026-03-22,2026-08-05,112,5695,2177,137,0.817518,0.739886,0.767145,0.349328,,,,,,,,GLOBAL_BASELINE_NO_ENTITY_RANKING,,,NOT_APPLICABLE_GLOBAL_BASELINE,HF9g-P5,,,,X 全窗基线 · 不参与实体赏罚,14194896,1420,A168_HF9F_20260827_0900,2026-08-27 09:00:00
2026-04-21,110249610,1509,0,40.9025836799,-18.1789260799,-18.1789260799,0.2500000,4,4,0.49659680000000000,0.496596800000,-0.9864100490137353,-0.9864100490137354,-0.9864100490137353,0E-17,ELIGIBLE,R03b_20260811_FULL_v1,L1_ELIGIBILITY,v2026-08-11,2026-03-21..2026-08-06,baccarat_bet02_101_all_pairs_incl_sentinel,round_win = game_pnl > 0 (decisive only),COMPATIBILITY_ONLY_NOT_PRODUCTION,296357.1217,267511.9505,6650.6079,18220,18206,-0.02244119,-0.04150452,-0.02020951,-0.02244119,-6650.6079,296357.1217,OK,0.0000,266.0243,4.0000,96.0000,AG03-UNRESOLVED,ALL5_LEVELS_bet23_to_bet27,266.0243,266.0243,266.0243,332.5304,332.5304,4.000000,4.000000,4.000000,5.000000,5.000000,96.000000,96.000000,96.000000,95.000000,95.000000,5.0,1463.1337,1340.2688,5187.4742,5310.3391,PENDING_AG03,FALSE,NOT_FOR_ENFORCEMENT,6384.5836,256811.4724,6650.6079,6384.5836,266.0243,0.02244119,0.02154355,266.0243,6384.5836,0.02154355,266.0243,266.0243,266.0243,332.5304,332.5304,6384.5836,0.02154355,1463.1337,1340.2688,5187.4742,5310.3391,0.01750413,0.01791872,0.00089765,16.2655,14.6936,0.3653,59.3804,1.1678,2646.0457,162.5536,12.4780,16.8648,9.0895,16.5695,22.0926,29.825,33.4482,44.5976,11.8163,0.0,2.018664,2.691552,0.981654,30,240,141,4,0.10479828,0.02244119,0.04150452,0E-8,0.000000,0.902668,0.011910,-0.02129501,2026-03-22,2026-08-05,112,5695,2177,137,0.817518,0.739886,0.767145,0.349328,,,,,,,,GLOBAL_BASELINE_NO_ENTITY_RANKING,,,NOT_APPLICABLE_GLOBAL_BASELINE,HF9g-P5,,,,X 全窗基线 · 不参与实体赏罚,14194897,1420,A168_HF9F_20260827_0900,2026-08-27 09:00:00
2026-04-21,110249610,1623,0,51.1282295999,7.9532801601,7.9532801601,0.7500000,5,5,0.49324550000000000,0.493245500000,1.0271117246678039,1.0271117246678039,1.0271117246678039,0E-17,ELIGIBLE,R03b_20260811_FULL_v1,L1_ELIGIBILITY,v2026-08-11,2026-03-21..2026-08-06,baccarat_bet02_101_all_pairs_incl_sentinel,round_win = game_pnl > 0 (decisive only),COMPATIBILITY_ONLY_NOT_PRODUCTION,296357.1217,267511.9505,6650.6079,18220,18206,-0.02244119,-0.04150452,-0.02020951,-0.02244119,-6650.6079,296357.1217,OK,0.0000,266.0243,4.0000,96.0000,AG03-UNRESOLVED,ALL5_LEVELS_bet23_to_bet27,266.0243,266.0243,266.0243,332.5304,332.5304,4.000000,4.000000,4.000000,5.000000,5.000000,96.000000,96.000000,96.000000,95.000000,95.000000,5.0,1463.1337,1340.2688,5187.4742,5310.3391,PENDING_AG03,FALSE,NOT_FOR_ENFORCEMENT,6384.5836,256811.4724,6650.6079,6384.5836,266.0243,0.02244119,0.02154355,266.0243,6384.5836,0.02154355,266.0243,266.0243,266.0243,332.5304,332.5304,6384.5836,0.02154355,1463.1337,1340.2688,5187.4742,5310.3391,0.01750413,0.01791872,0.00089765,16.2655,14.6936,0.3653,59.3804,1.1678,2646.0457,162.5536,12.4780,16.8648,9.0895,16.5695,22.0926,29.825,33.4482,44.5976,11.8163,0.0,2.018664,2.691552,0.981654,30,240,141,4,0.10479828,0.02244119,0.04150452,0E-8,0.000000,0.902668,0.011910,-0.02129501,2026-03-22,2026-08-05,112,5695,2177,137,0.817518,0.739886,0.767145,0.349328,,,,,,,,GLOBAL_BASELINE_NO_ENTITY_RANKING,,,NOT_APPLICABLE_GLOBAL_BASELINE,HF9g-P5,,,,X 全窗基线 · 不参与实体赏罚,14194898,1420,A168_HF9F_20260827_0900,2026-08-27 09:00:00
2026-04-21,110249610,1702,0,68.1709727998,-45.4473151998,-45.4473151998,0.2500000,4,4,0.49659680000000000,0.496596800000,-0.9864100490137353,-0.9864100490137354,-0.9864100490137353,0E-17,ELIGIBLE,R03b_20260811_FULL_v1,L1_ELIGIBILITY,v2026-08-11,2026-03-21..2026-08-06,baccarat_bet02_101_all_pairs_incl_sentinel,round_win = game_pnl > 0 (decisive only),COMPATIBILITY_ONLY_NOT_PRODUCTION,296357.1217,267511.9505,6650.6079,18220,18206,-0.02244119,-0.04150452,-0.02020951,-0.02244119,-6650.6079,296357.1217,OK,0.0000,266.0243,4.0000,96.0000,AG03-UNRESOLVED,ALL5_LEVELS_bet23_to_bet27,266.0243,266.0243,266.0243,332.5304,332.5304,4.000000,4.000000,4.000000,5.000000,5.000000,96.000000,96.000000,96.000000,95.000000,95.000000,5.0,1463.1337,1340.2688,5187.4742,5310.3391,PENDING_AG03,FALSE,NOT_FOR_ENFORCEMENT,6384.5836,256811.4724,6650.6079,6384.5836,266.0243,0.02244119,0.02154355,266.0243,6384.5836,0.02154355,266.0243,266.0243,266.0243,332.5304,332.5304,6384.5836,0.02154355,1463.1337,1340.2688,5187.4742,5310.3391,0.01750413,0.01791872,0.00089765,16.2655,14.6936,0.3653,59.3804,1.1678,2646.0457,162.5536,12.4780,16.8648,9.0895,16.5695,22.0926,29.825,33.4482,44.5976,11.8163,0.0,2.018664,2.691552,0.981654,30,240,141,4,0.10479828,0.02244119,0.04150452,0E-8,0.000000,0.902668,0.011910,-0.02129501,2026-03-22,2026-08-05,112,5695,2177,137,0.817518,0.739886,0.767145,0.349328,,,,,,,,GLOBAL_BASELINE_NO_ENTITY_RANKING,,,NOT_APPLICABLE_GLOBAL_BASELINE,HF9g-P5,,,,X 全窗基线 · 不参与实体赏罚,14194899,1420,A168_HF9F_20260827_0900,2026-08-27 09:00:00
2026-04-21,110249610,1704,0,251.0964164789,17.3835980637,17.3835980637,0.5454545,13,13,0.49840134615384615,0.498401346154,0.31211720988877856,0.31211720988775776,0.31211720988877856,-1.5385E-13,ELIGIBLE,R03b_20260811_FULL_v1,L1_ELIGIBILITY,v2026-08-11,2026-03-21..2026-08-06,baccarat_bet02_101_all_pairs_incl_sentinel,round_win = game_pnl > 0 (decisive only),COMPATIBILITY_ONLY_NOT_PRODUCTION,296357.1217,267511.9505,6650.6079,18220,18206,-0.02244119,-0.04150452,-0.02020951,-0.02244119,-6650.6079,296357.1217,OK,0.0000,266.0243,4.0000,96.0000,AG03-UNRESOLVED,ALL5_LEVELS_bet23_to_bet27,266.0243,266.0243,266.0243,332.5304,332.5304,4.000000,4.000000,4.000000,5.000000,5.000000,96.000000,96.000000,96.000000,95.000000,95.000000,5.0,1463.1337,1340.2688,5187.4742,5310.3391,PENDING_AG03,FALSE,NOT_FOR_ENFORCEMENT,6384.5836,256811.4724,6650.6079,6384.5836,266.0243,0.02244119,0.02154355,266.0243,6384.5836,0.02154355,266.0243,266.0243,266.0243,332.5304,332.5304,6384.5836,0.02154355,1463.1337,1340.2688,5187.4742,5310.3391,0.01750413,0.01791872,0.00089765,16.2655,14.6936,0.3653,59.3804,1.1678,2646.0457,162.5536,12.4780,16.8648,9.0895,16.5695,22.0926,29.825,33.4482,44.5976,11.8163,0.0,2.018664,2.691552,0.981654,30,240,141,4,0.10479828,0.02244119,0.04150452,0E-8,0.000000,0.902668,0.011910,-0.02129501,2026-03-22,2026-08-05,112,5695,2177,137,0.817518,0.739886,0.767145,0.349328,,,,,,,,GLOBAL_BASELINE_NO_ENTITY_RANKING,,,NOT_APPLICABLE_GLOBAL_BASELINE,HF9g-P5,,,,X 全窗基线 · 不参与实体赏罚,14194900,1420,A168_HF9F_20260827_0900,2026-08-27 09:00:00
2026-04-21,110249610,1714,0,68.1709727997,66.7507441997,66.7507441997,1.0000000,4,4,0.49994810000000000,0.499948100000,2.0002076107755586,2.0002076107755586,2.0002076107755586,0E-17,ELIGIBLE,R03b_20260811_FULL_v1,L1_ELIGIBILITY,v2026-08-11,2026-03-21..2026-08-06,baccarat_bet02_101_all_pairs_incl_sentinel,round_win = game_pnl > 0 (decisive only),COMPATIBILITY_ONLY_NOT_PRODUCTION,296357.1217,267511.9505,6650.6079,18220,18206,-0.02244119,-0.04150452,-0.02020951,-0.02244119,-6650.6079,296357.1217,OK,0.0000,266.0243,4.0000,96.0000,AG03-UNRESOLVED,ALL5_LEVELS_bet23_to_bet27,266.0243,266.0243,266.0243,332.5304,332.5304,4.000000,4.000000,4.000000,5.000000,5.000000,96.000000,96.000000,96.000000,95.000000,95.000000,5.0,1463.1337,1340.2688,5187.4742,5310.3391,PENDING_AG03,FALSE,NOT_FOR_ENFORCEMENT,6384.5836,256811.4724,6650.6079,6384.5836,266.0243,0.02244119,0.02154355,266.0243,6384.5836,0.02154355,266.0243,266.0243,266.0243,332.5304,332.5304,6384.5836,0.02154355,1463.1337,1340.2688,5187.4742,5310.3391,0.01750413,0.01791872,0.00089765,16.2655,14.6936,0.3653,59.3804,1.1678,2646.0457,162.5536,12.4780,16.8648,9.0895,16.5695,22.0926,29.825,33.4482,44.5976,11.8163,0.0,2.018664,2.691552,0.981654,30,240,141,4,0.10479828,0.02244119,0.04150452,0E-8,0.000000,0.902668,0.011910,-0.02129501,2026-03-22,2026-08-05,112,5695,2177,137,0.817518,0.739886,0.767145,0.349328,,,,,,,,GLOBAL_BASELINE_NO_ENTITY_RANKING,,,NOT_APPLICABLE_GLOBAL_BASELINE,HF9g-P5,,,,X 全窗基线 · 不参与实体赏罚,14194901,1420,A168_HF9F_20260827_0900,2026-08-27 09:00:00
2026-04-21,110249610,1751,0,45.4473151998,9.9416002000,9.9416002000,0.6666667,3,3,0.50665070000000000,0.506650700000,0.5543606114942035,0.5543606114942035,0.5543606114942035,0E-17,ELIGIBLE,R03b_20260811_FULL_v1,L1_ELIGIBILITY,v2026-08-11,2026-03-21..2026-08-06,baccarat_bet02_101_all_pairs_incl_sentinel,round_win = game_pnl > 0 (decisive only),COMPATIBILITY_ONLY_NOT_PRODUCTION,296357.1217,267511.9505,6650.6079,18220,18206,-0.02244119,-0.04150452,-0.02020951,-0.02244119,-6650.6079,296357.1217,OK,0.0000,266.0243,4.0000,96.0000,AG03-UNRESOLVED,ALL5_LEVELS_bet23_to_bet27,266.0243,266.0243,266.0243,332.5304,332.5304,4.000000,4.000000,4.000000,5.000000,5.000000,96.000000,96.000000,96.000000,95.000000,95.000000,5.0,1463.1337,1340.2688,5187.4742,5310.3391,PENDING_AG03,FALSE,NOT_FOR_ENFORCEMENT,6384.5836,256811.4724,6650.6079,6384.5836,266.0243,0.02244119,0.02154355,266.0243,6384.5836,0.02154355,266.0243,266.0243,266.0243,332.5304,332.5304,6384.5836,0.02154355,1463.1337,1340.2688,5187.4742,5310.3391,0.01750413,0.01791872,0.00089765,16.2655,14.6936,0.3653,59.3804,1.1678,2646.0457,162.5536,12.4780,16.8648,9.0895,16.5695,22.0926,29.825,33.4482,44.5976,11.8163,0.0,2.018664,2.691552,0.981654,30,240,141,4,0.10479828,0.02244119,0.04150452,0E-8,0.000000,0.902668,0.011910,-0.02129501,2026-03-22,2026-08-05,112,5695,2177,137,0.817518,0.739886,0.767145,0.349328,,,,,,,,GLOBAL_BASELINE_NO_ENTITY_RANKING,,,NOT_APPLICABLE_GLOBAL_BASELINE,HF9g-P5,,,,X 全窗基线 · 不参与实体赏罚,14194902,1420,A168_HF9F_20260827_0900,2026-08-27 09:00:00
2026-04-21,110249610,1942,0,11.3618288000,-11.3618288000,-11.3618288000,0E-7,1,1,0.50665070000000000,0.506650700000,-1.013391052207602,-1.013391052207602,-1.013391052207602,0E-17,ELIGIBLE,R03b_20260811_FULL_v1,L1_ELIGIBILITY,v2026-08-11,2026-03-21..2026-08-06,baccarat_bet02_101_all_pairs_incl_sentinel,round_win = game_pnl > 0 (decisive only),COMPATIBILITY_ONLY_NOT_PRODUCTION,296357.1217,267511.9505,6650.6079,18220,18206,-0.02244119,-0.04150452,-0.02020951,-0.02244119,-6650.6079,296357.1217,OK,0.0000,266.0243,4.0000,96.0000,AG03-UNRESOLVED,ALL5_LEVELS_bet23_to_bet27,266.0243,266.0243,266.0243,332.5304,332.5304,4.000000,4.000000,4.000000,5.000000,5.000000,96.000000,96.000000,96.000000,95.000000,95.000000,5.0,1463.1337,1340.2688,5187.4742,5310.3391,PENDING_AG03,FALSE,NOT_FOR_ENFORCEMENT,6384.5836,256811.4724,6650.6079,6384.5836,266.0243,0.02244119,0.02154355,266.0243,6384.5836,0.02154355,266.0243,266.0243,266.0243,332.5304,332.5304,6384.5836,0.02154355,1463.1337,1340.2688,5187.4742,5310.3391,0.01750413,0.01791872,0.00089765,16.2655,14.6936,0.3653,59.3804,1.1678,2646.0457,162.5536,12.4780,16.8648,9.0895,16.5695,22.0926,29.825,33.4482,44.5976,11.8163,0.0,2.018664,2.691552,0.981654,30,240,141,4,0.10479828,0.02244119,0.04150452,0E-8,0.000000,0.902668,0.011910,-0.02129501,2026-03-22,2026-08-05,112,5695,2177,137,0.817518,0.739886,0.767145,0.349328,,,,,,,,GLOBAL_BASELINE_NO_ENTITY_RANKING,,,NOT_APPLICABLE_GLOBAL_BASELINE,HF9g-P5,,,,X 全窗基线 · 不参与实体赏罚,14194903,1420,A168_HF9F_20260827_0900,2026-08-27 09:00:00
2026-04-21,110249610,1951,0,4.5447315200,-4.5447315200,-4.5447315200,0E-7,1,1,0.49324550000000000,0.493245500000,-0.9865810262130424,-0.9865810262130424,-0.9865810262130424,0E-17,ELIGIBLE,R03b_20260811_FULL_v1,L1_ELIGIBILITY,v2026-08-11,2026-03-21..2026-08-06,baccarat_bet02_101_all_pairs_incl_sentinel,round_win = game_pnl > 0 (decisive only),COMPATIBILITY_ONLY_NOT_PRODUCTION,296357.1217,267511.9505,6650.6079,18220,18206,-0.02244119,-0.04150452,-0.02020951,-0.02244119,-6650.6079,296357.1217,OK,0.0000,266.0243,4.0000,96.0000,AG03-UNRESOLVED,ALL5_LEVELS_bet23_to_bet27,266.0243,266.0243,266.0243,332.5304,332.5304,4.000000,4.000000,4.000000,5.000000,5.000000,96.000000,96.000000,96.000000,95.000000,95.000000,5.0,1463.1337,1340.2688,5187.4742,5310.3391,PENDING_AG03,FALSE,NOT_FOR_ENFORCEMENT,6384.5836,256811.4724,6650.6079,6384.5836,266.0243,0.02244119,0.02154355,266.0243,6384.5836,0.02154355,266.0243,266.0243,266.0243,332.5304,332.5304,6384.5836,0.02154355,1463.1337,1340.2688,5187.4742,5310.3391,0.01750413,0.01791872,0.00089765,16.2655,14.6936,0.3653,59.3804,1.1678,2646.0457,162.5536,12.4780,16.8648,9.0895,16.5695,22.0926,29.825,33.4482,44.5976,11.8163,0.0,2.018664,2.691552,0.981654,30,240,141,4,0.10479828,0.02244119,0.04150452,0E-8,0.000000,0.902668,0.011910,-0.02129501,2026-03-22,2026-08-05,112,5695,2177,137,0.817518,0.739886,0.767145,0.349328,,,,,,,,GLOBAL_BASELINE_NO_ENTITY_RANKING,,,NOT_APPLICABLE_GLOBAL_BASELINE,HF9g-P5,,,,X 全窗基线 · 不参与实体赏罚,14194904,1420,A168_HF9F_20260827_0900,2026-08-27 09:00:00
2026-04-21,110249610,1957,0,55.6729611199,-6.9307155679,-6.9307155679,0.6000000,5,5,0.50665070000000000,0.506650700000,0.4175076967804994,0.4175076967804994,0.4175076967804994,0E-17,ELIGIBLE,R03b_20260811_FULL_v1,L1_ELIGIBILITY,v2026-08-11,2026-03-21..2026-08-06,baccarat_bet02_101_all_pairs_incl_sentinel,round_win = game_pnl > 0 (decisive only),COMPATIBILITY_ONLY_NOT_PRODUCTION,296357.1217,267511.9505,6650.6079,18220,18206,-0.02244119,-0.04150452,-0.02020951,-0.02244119,-6650.6079,296357.1217,OK,0.0000,266.0243,4.0000,96.0000,AG03-UNRESOLVED,ALL5_LEVELS_bet23_to_bet27,266.0243,266.0243,266.0243,332.5304,332.5304,4.000000,4.000000,4.000000,5.000000,5.000000,96.000000,96.000000,96.000000,95.000000,95.000000,5.0,1463.1337,1340.2688,5187.4742,5310.3391,PENDING_AG03,FALSE,NOT_FOR_ENFORCEMENT,6384.5836,256811.4724,6650.6079,6384.5836,266.0243,0.02244119,0.02154355,266.0243,6384.5836,0.02154355,266.0243,266.0243,266.0243,332.5304,332.5304,6384.5836,0.02154355,1463.1337,1340.2688,5187.4742,5310.3391,0.01750413,0.01791872,0.00089765,16.2655,14.6936,0.3653,59.3804,1.1678,2646.0457,162.5536,12.4780,16.8648,9.0895,16.5695,22.0926,29.825,33.4482,44.5976,11.8163,0.0,2.018664,2.691552,0.981654,30,240,141,4,0.10479828,0.02244119,0.04150452,0E-8,0.000000,0.902668,0.011910,-0.02129501,2026-03-22,2026-08-05,112,5695,2177,137,0.817518,0.739886,0.767145,0.349328,,,,,,,,GLOBAL_BASELINE_NO_ENTITY_RANKING,,,NOT_APPLICABLE_GLOBAL_BASELINE,HF9g-P5,,,,X 全窗基线 · 不参与实体赏罚,14194905,1420,A168_HF9F_20260827_0900,2026-08-27 09:00:00
2026-04-21,110249610,1963,0,63.6262412798,-10.2256459199,-10.2256459199,0.5000000,5,5,0.49860758000000000,0.498607580000,0.005569701597489473,0.005569701597489473,0.005569701597489473,0E-17,ELIGIBLE,R03b_20260811_FULL_v1,L1_ELIGIBILITY,v2026-08-11,2026-03-21..2026-08-06,baccarat_bet02_101_all_pairs_incl_sentinel,round_win = game_pnl > 0 (decisive only),COMPATIBILITY_ONLY_NOT_PRODUCTION,296357.1217,267511.9505,6650.6079,18220,18206,-0.02244119,-0.04150452,-0.02020951,-0.02244119,-6650.6079,296357.1217,OK,0.0000,266.0243,4.0000,96.0000,AG03-UNRESOLVED,ALL5_LEVELS_bet23_to_bet27,266.0243,266.0243,266.0243,332.5304,332.5304,4.000000,4.000000,4.000000,5.000000,5.000000,96.000000,96.000000,96.000000,95.000000,95.000000,5.0,1463.1337,1340.2688,5187.4742,5310.3391,PENDING_AG03,FALSE,NOT_FOR_ENFORCEMENT,6384.5836,256811.4724,6650.6079,6384.5836,266.0243,0.02244119,0.02154355,266.0243,6384.5836,0.02154355,266.0243,266.0243,266.0243,332.5304,332.5304,6384.5836,0.02154355,1463.1337,1340.2688,5187.4742,5310.3391,0.01750413,0.01791872,0.00089765,16.2655,14.6936,0.3653,59.3804,1.1678,2646.0457,162.5536,12.4780,16.8648,9.0895,16.5695,22.0926,29.825,33.4482,44.5976,11.8163,0.0,2.018664,2.691552,0.981654,30,240,141,4,0.10479828,0.02244119,0.04150452,0E-8,0.000000,0.902668,0.011910,-0.02129501,2026-03-22,2026-08-05,112,5695,2177,137,0.817518,0.739886,0.767145,0.349328,,,,,,,,GLOBAL_BASELINE_NO_ENTITY_RANKING,,,NOT_APPLICABLE_GLOBAL_BASELINE,HF9g-P5,,,,X 全窗基线 · 不参与实体赏罚,14194906,1420,A168_HF9F_20260827_0900,2026-08-27 09:00:00
2026-04-21,110249610,1985,0,121.5715681598,14.4295225759,14.4295225759,0.5000000,12,12,0.50218230000000000,0.502182300000,-0.015119561921926148,-0.015119561921926152,-0.015119561921926148,0E-17,ELIGIBLE,R03b_20260811_FULL_v1,L1_ELIGIBILITY,v2026-08-11,2026-03-21..2026-08-06,baccarat_bet02_101_all_pairs_incl_sentinel,round_win = game_pnl > 0 (decisive only),COMPATIBILITY_ONLY_NOT_PRODUCTION,296357.1217,267511.9505,6650.6079,18220,18206,-0.02244119,-0.04150452,-0.02020951,-0.02244119,-6650.6079,296357.1217,OK,0.0000,266.0243,4.0000,96.0000,AG03-UNRESOLVED,ALL5_LEVELS_bet23_to_bet27,266.0243,266.0243,266.0243,332.5304,332.5304,4.000000,4.000000,4.000000,5.000000,5.000000,96.000000,96.000000,96.000000,95.000000,95.000000,5.0,1463.1337,1340.2688,5187.4742,5310.3391,PENDING_AG03,FALSE,NOT_FOR_ENFORCEMENT,6384.5836,256811.4724,6650.6079,6384.5836,266.0243,0.02244119,0.02154355,266.0243,6384.5836,0.02154355,266.0243,266.0243,266.0243,332.5304,332.5304,6384.5836,0.02154355,1463.1337,1340.2688,5187.4742,5310.3391,0.01750413,0.01791872,0.00089765,16.2655,14.6936,0.3653,59.3804,1.1678,2646.0457,162.5536,12.4780,16.8648,9.0895,16.5695,22.0926,29.825,33.4482,44.5976,11.8163,0.0,2.018664,2.691552,0.981654,30,240,141,4,0.10479828,0.02244119,0.04150452,0E-8,0.000000,0.902668,0.011910,-0.02129501,2026-03-22,2026-08-05,112,5695,2177,137,0.817518,0.739886,0.767145,0.349328,,,,,,,,GLOBAL_BASELINE_NO_ENTITY_RANKING,,,NOT_APPLICABLE_GLOBAL_BASELINE,HF9g-P5,,,,X 全窗基线 · 不参与实体赏罚,14194907,1420,A168_HF9F_20260827_0900,2026-08-27 09:00:00
2026-04-21,110249610,1990,0,21.5874747200,-1.6474651760,-1.6474651760,0.5000000,2,2,0.50665070000000000,0.506650700000,-0.018812684590367487,-0.018812684590367487,-0.018812684590367487,0E-17,ELIGIBLE,R03b_20260811_FULL_v1,L1_ELIGIBILITY,v2026-08-11,2026-03-21..2026-08-06,baccarat_bet02_101_all_pairs_incl_sentinel,round_win = game_pnl > 0 (decisive only),COMPATIBILITY_ONLY_NOT_PRODUCTION,296357.1217,267511.9505,6650.6079,18220,18206,-0.02244119,-0.04150452,-0.02020951,-0.02244119,-6650.6079,296357.1217,OK,0.0000,266.0243,4.0000,96.0000,AG03-UNRESOLVED,ALL5_LEVELS_bet23_to_bet27,266.0243,266.0243,266.0243,332.5304,332.5304,4.000000,4.000000,4.000000,5.000000,5.000000,96.000000,96.000000,96.000000,95.000000,95.000000,5.0,1463.1337,1340.2688,5187.4742,5310.3391,PENDING_AG03,FALSE,NOT_FOR_ENFORCEMENT,6384.5836,256811.4724,6650.6079,6384.5836,266.0243,0.02244119,0.02154355,266.0243,6384.5836,0.02154355,266.0243,266.0243,266.0243,332.5304,332.5304,6384.5836,0.02154355,1463.1337,1340.2688,5187.4742,5310.3391,0.01750413,0.01791872,0.00089765,16.2655,14.6936,0.3653,59.3804,1.1678,2646.0457,162.5536,12.4780,16.8648,9.0895,16.5695,22.0926,29.825,33.4482,44.5976,11.8163,0.0,2.018664,2.691552,0.981654,30,240,141,4,0.10479828,0.02244119,0.04150452,0E-8,0.000000,0.902668,0.011910,-0.02129501,2026-03-22,2026-08-05,112,5695,2177,137,0.817518,0.739886,0.767145,0.349328,,,,,,,,GLOBAL_BASELINE_NO_ENTITY_RANKING,,,NOT_APPLICABLE_GLOBAL_BASELINE,HF9g-P5,,,,X 全窗基线 · 不参与实体赏罚,14194908,1420,A168_HF9F_20260827_0900,2026-08-27 09:00:00
2026-04-21,110249610,2103,0,136.9100370396,-37.1815847479,-37.1815847479,0.3750000,9,9,0.50218230000000000,0.502182300000,-0.7194585869949017,-0.7194585869949017,-0.7194585869949017,0E-17,ELIGIBLE,R03b_20260811_FULL_v1,L1_ELIGIBILITY,v2026-08-11,2026-03-21..2026-08-06,baccarat_bet02_101_all_pairs_incl_sentinel,round_win = game_pnl > 0 (decisive only),COMPATIBILITY_ONLY_NOT_PRODUCTION,296357.1217,267511.9505,6650.6079,18220,18206,-0.02244119,-0.04150452,-0.02020951,-0.02244119,-6650.6079,296357.1217,OK,0.0000,266.0243,4.0000,96.0000,AG03-UNRESOLVED,ALL5_LEVELS_bet23_to_bet27,266.0243,266.0243,266.0243,332.5304,332.5304,4.000000,4.000000,4.000000,5.000000,5.000000,96.000000,96.000000,96.000000,95.000000,95.000000,5.0,1463.1337,1340.2688,5187.4742,5310.3391,PENDING_AG03,FALSE,NOT_FOR_ENFORCEMENT,6384.5836,256811.4724,6650.6079,6384.5836,266.0243,0.02244119,0.02154355,266.0243,6384.5836,0.02154355,266.0243,266.0243,266.0243,332.5304,332.5304,6384.5836,0.02154355,1463.1337,1340.2688,5187.4742,5310.3391,0.01750413,0.01791872,0.00089765,16.2655,14.6936,0.3653,59.3804,1.1678,2646.0457,162.5536,12.4780,16.8648,9.0895,16.5695,22.0926,29.825,33.4482,44.5976,11.8163,0.0,2.018664,2.691552,0.981654,30,240,141,4,0.10479828,0.02244119,0.04150452,0E-8,0.000000,0.902668,0.011910,-0.02129501,2026-03-22,2026-08-05,112,5695,2177,137,0.817518,0.739886,0.767145,0.349328,,,,,,,,GLOBAL_BASELINE_NO_ENTITY_RANKING,,,NOT_APPLICABLE_GLOBAL_BASELINE,HF9g-P5,,,,X 全窗基线 · 不参与实体赏罚,14194909,1420,A168_HF9F_20260827_0900,2026-08-27 09:00:00
2026-04-21,110249610,2106,0,17.0427431999,-17.0427431999,-17.0427431999,0E-7,1,1,0.49324550000000000,0.493245500000,-0.9865810262130424,-0.9865810262130424,-0.9865810262130424,0E-17,ELIGIBLE,R03b_20260811_FULL_v1,L1_ELIGIBILITY,v2026-08-11,2026-03-21..2026-08-06,baccarat_bet02_101_all_pairs_incl_sentinel,round_win = game_pnl > 0 (decisive only),COMPATIBILITY_ONLY_NOT_PRODUCTION,296357.1217,267511.9505,6650.6079,18220,18206,-0.02244119,-0.04150452,-0.02020951,-0.02244119,-6650.6079,296357.1217,OK,0.0000,266.0243,4.0000,96.0000,AG03-UNRESOLVED,ALL5_LEVELS_bet23_to_bet27,266.0243,266.0243,266.0243,332.5304,332.5304,4.000000,4.000000,4.000000,5.000000,5.000000,96.000000,96.000000,96.000000,95.000000,95.000000,5.0,1463.1337,1340.2688,5187.4742,5310.3391,PENDING_AG03,FALSE,NOT_FOR_ENFORCEMENT,6384.5836,256811.4724,6650.6079,6384.5836,266.0243,0.02244119,0.02154355,266.0243,6384.5836,0.02154355,266.0243,266.0243,266.0243,332.5304,332.5304,6384.5836,0.02154355,1463.1337,1340.2688,5187.4742,5310.3391,0.01750413,0.01791872,0.00089765,16.2655,14.6936,0.3653,59.3804,1.1678,2646.0457,162.5536,12.4780,16.8648,9.0895,16.5695,22.0926,29.825,33.4482,44.5976,11.8163,0.0,2.018664,2.691552,0.981654,30,240,141,4,0.10479828,0.02244119,0.04150452,0E-8,0.000000,0.902668,0.011910,-0.02129501,2026-03-22,2026-08-05,112,5695,2177,137,0.817518,0.739886,0.767145,0.349328,,,,,,,,GLOBAL_BASELINE_NO_ENTITY_RANKING,,,NOT_APPLICABLE_GLOBAL_BASELINE,HF9g-P5,,,,X 全窗基线 · 不参与实体赏罚,14194910,1420,A168_HF9F_20260827_0900,2026-08-27 09:00:00
2026-04-21,110249610,2109,0,121.1170950076,-31.6426932080,-31.6426932080,0.3333333,9,9,0.50069283333333333,0.500692833333,-1.0041579640283138,-1.0041579640263127,-1.0041579640283138,3.3333E-13,ELIGIBLE,R03b_20260811_FULL_v1,L1_ELIGIBILITY,v2026-08-11,2026-03-21..2026-08-06,baccarat_bet02_101_all_pairs_incl_sentinel,round_win = game_pnl > 0 (decisive only),COMPATIBILITY_ONLY_NOT_PRODUCTION,296357.1217,267511.9505,6650.6079,18220,18206,-0.02244119,-0.04150452,-0.02020951,-0.02244119,-6650.6079,296357.1217,OK,0.0000,266.0243,4.0000,96.0000,AG03-UNRESOLVED,ALL5_LEVELS_bet23_to_bet27,266.0243,266.0243,266.0243,332.5304,332.5304,4.000000,4.000000,4.000000,5.000000,5.000000,96.000000,96.000000,96.000000,95.000000,95.000000,5.0,1463.1337,1340.2688,5187.4742,5310.3391,PENDING_AG03,FALSE,NOT_FOR_ENFORCEMENT,6384.5836,256811.4724,6650.6079,6384.5836,266.0243,0.02244119,0.02154355,266.0243,6384.5836,0.02154355,266.0243,266.0243,266.0243,332.5304,332.5304,6384.5836,0.02154355,1463.1337,1340.2688,5187.4742,5310.3391,0.01750413,0.01791872,0.00089765,16.2655,14.6936,0.3653,59.3804,1.1678,2646.0457,162.5536,12.4780,16.8648,9.0895,16.5695,22.0926,29.825,33.4482,44.5976,11.8163,0.0,2.018664,2.691552,0.981654,30,240,141,4,0.10479828,0.02244119,0.04150452,0E-8,0.000000,0.902668,0.011910,-0.02129501,2026-03-22,2026-08-05,112,5695,2177,137,0.817518,0.739886,0.767145,0.349328,,,,,,,,GLOBAL_BASELINE_NO_ENTITY_RANKING,,,NOT_APPLICABLE_GLOBAL_BASELINE,HF9g-P5,,,,X 全窗基线 · 不参与实体赏罚,14194911,1420,A168_HF9F_20260827_0900,2026-08-27 09:00:00
2026-04-21,110249610,2115,0,82.9413502398,-16.2474151838,-16.2474151838,0.5000000,7,7,0.50473567142857143,0.504735671429,-0.023200997840541474,-0.023200997842641315,-0.023200997840541474,-4.2857E-13,ELIGIBLE,R03b_20260811_FULL_v1,L1_ELIGIBILITY,v2026-08-11,2026-03-21..2026-08-06,baccarat_bet02_101_all_pairs_incl_sentinel,round_win = game_pnl > 0 (decisive only),COMPATIBILITY_ONLY_NOT_PRODUCTION,296357.1217,267511.9505,6650.6079,18220,18206,-0.02244119,-0.04150452,-0.02020951,-0.02244119,-6650.6079,296357.1217,OK,0.0000,266.0243,4.0000,96.0000,AG03-UNRESOLVED,ALL5_LEVELS_bet23_to_bet27,266.0243,266.0243,266.0243,332.5304,332.5304,4.000000,4.000000,4.000000,5.000000,5.000000,96.000000,96.000000,96.000000,95.000000,95.000000,5.0,1463.1337,1340.2688,5187.4742,5310.3391,PENDING_AG03,FALSE,NOT_FOR_ENFORCEMENT,6384.5836,256811.4724,6650.6079,6384.5836,266.0243,0.02244119,0.02154355,266.0243,6384.5836,0.02154355,266.0243,266.0243,266.0243,332.5304,332.5304,6384.5836,0.02154355,1463.1337,1340.2688,5187.4742,5310.3391,0.01750413,0.01791872,0.00089765,16.2655,14.6936,0.3653,59.3804,1.1678,2646.0457,162.5536,12.4780,16.8648,9.0895,16.5695,22.0926,29.825,33.4482,44.5976,11.8163,0.0,2.018664,2.691552,0.981654,30,240,141,4,0.10479828,0.02244119,0.04150452,0E-8,0.000000,0.902668,0.011910,-0.02129501,2026-03-22,2026-08-05,112,5695,2177,137,0.817518,0.739886,0.767145,0.349328,,,,,,,,GLOBAL_BASELINE_NO_ENTITY_RANKING,,,NOT_APPLICABLE_GLOBAL_BASELINE,HF9g-P5,,,,X 全窗基线 · 不参与实体赏罚,14194912,1420,A168_HF9F_20260827_0900,2026-08-27 09:00:00
2026-04-21,110249610,2117,0,504.4651987181,113.0501965594,113.0501965594,0.6666667,20,20,0.49726706000000000,0.497267060000,1.3121833123866615,1.3121833123866617,1.3121833123866615,0E-17,ELIGIBLE,R03b_20260811_FULL_v1,L1_ELIGIBILITY,v2026-08-11,2026-03-21..2026-08-06,baccarat_bet02_101_all_pairs_incl_sentinel,round_win = game_pnl > 0 (decisive only),COMPATIBILITY_ONLY_NOT_PRODUCTION,296357.1217,267511.9505,6650.6079,18220,18206,-0.02244119,-0.04150452,-0.02020951,-0.02244119,-6650.6079,296357.1217,OK,0.0000,266.0243,4.0000,96.0000,AG03-UNRESOLVED,ALL5_LEVELS_bet23_to_bet27,266.0243,266.0243,266.0243,332.5304,332.5304,4.000000,4.000000,4.000000,5.000000,5.000000,96.000000,96.000000,96.000000,95.000000,95.000000,5.0,1463.1337,1340.2688,5187.4742,5310.3391,PENDING_AG03,FALSE,NOT_FOR_ENFORCEMENT,6384.5836,256811.4724,6650.6079,6384.5836,266.0243,0.02244119,0.02154355,266.0243,6384.5836,0.02154355,266.0243,266.0243,266.0243,332.5304,332.5304,6384.5836,0.02154355,1463.1337,1340.2688,5187.4742,5310.3391,0.01750413,0.01791872,0.00089765,16.2655,14.6936,0.3653,59.3804,1.1678,2646.0457,162.5536,12.4780,16.8648,9.0895,16.5695,22.0926,29.825,33.4482,44.5976,11.8163,0.0,2.018664,2.691552,0.981654,30,240,141,4,0.10479828,0.02244119,0.04150452,0E-8,0.000000,0.902668,0.011910,-0.02129501,2026-03-22,2026-08-05,112,5695,2177,137,0.817518,0.739886,0.767145,0.349328,,,,,,,,GLOBAL_BASELINE_NO_ENTITY_RANKING,,,NOT_APPLICABLE_GLOBAL_BASELINE,HF9g-P5,,,,X 全窗基线 · 不参与实体赏罚,14194913,1420,A168_HF9F_20260827_0900,2026-08-27 09:00:00
2026-04-21,110249610,2121,0,192.0149067192,-45.1632694799,-45.1632694799,0.4000000,8,8,0.50162375000000000,0.501623750000,-0.4544776227819419,-0.4544776227819419,-0.4544776227819419,0E-17,ELIGIBLE,R03b_20260811_FULL_v1,L1_ELIGIBILITY,v2026-08-11,2026-03-21..2026-08-06,baccarat_bet02_101_all_pairs_incl_sentinel,round_win = game_pnl > 0 (decisive only),COMPATIBILITY_ONLY_NOT_PRODUCTION,296357.1217,267511.9505,6650.6079,18220,18206,-0.02244119,-0.04150452,-0.02020951,-0.02244119,-6650.6079,296357.1217,OK,0.0000,266.0243,4.0000,96.0000,AG03-UNRESOLVED,ALL5_LEVELS_bet23_to_bet27,266.0243,266.0243,266.0243,332.5304,332.5304,4.000000,4.000000,4.000000,5.000000,5.000000,96.000000,96.000000,96.000000,95.000000,95.000000,5.0,1463.1337,1340.2688,5187.4742,5310.3391,PENDING_AG03,FALSE,NOT_FOR_ENFORCEMENT,6384.5836,256811.4724,6650.6079,6384.5836,266.0243,0.02244119,0.02154355,266.0243,6384.5836,0.02154355,266.0243,266.0243,266.0243,332.5304,332.5304,6384.5836,0.02154355,1463.1337,1340.2688,5187.4742,5310.3391,0.01750413,0.01791872,0.00089765,16.2655,14.6936,0.3653,59.3804,1.1678,2646.0457,162.5536,12.4780,16.8648,9.0895,16.5695,22.0926,29.825,33.4482,44.5976,11.8163,0.0,2.018664,2.691552,0.981654,30,240,141,4,0.10479828,0.02244119,0.04150452,0E-8,0.000000,0.902668,0.011910,-0.02129501,2026-03-22,2026-08-05,112,5695,2177,137,0.817518,0.739886,0.767145,0.349328,,,,,,,,GLOBAL_BASELINE_NO_ENTITY_RANKING,,,NOT_APPLICABLE_GLOBAL_BASELINE,HF9g-P5,,,,X 全窗基线 · 不参与实体赏罚,14194914,1420,A168_HF9F_20260827_0900,2026-08-27 09:00:00
2026-04-21,110249610,2127,0,34.0854864000,11.3618288000,11.3618288000,0.6666667,3,3,0.49324550000000000,0.493245500000,0.6008033672792107,0.6008033672792106,0.6008033672792107,0E-17,ELIGIBLE,R03b_20260811_FULL_v1,L1_ELIGIBILITY,v2026-08-11,2026-03-21..2026-08-06,baccarat_bet02_101_all_pairs_incl_sentinel,round_win = game_pnl > 0 (decisive only),COMPATIBILITY_ONLY_NOT_PRODUCTION,296357.1217,267511.9505,6650.6079,18220,18206,-0.02244119,-0.04150452,-0.02020951,-0.02244119,-6650.6079,296357.1217,OK,0.0000,266.0243,4.0000,96.0000,AG03-UNRESOLVED,ALL5_LEVELS_bet23_to_bet27,266.0243,266.0243,266.0243,332.5304,332.5304,4.000000,4.000000,4.000000,5.000000,5.000000,96.000000,96.000000,96.000000,95.000000,95.000000,5.0,1463.1337,1340.2688,5187.4742,5310.3391,PENDING_AG03,FALSE,NOT_FOR_ENFORCEMENT,6384.5836,256811.4724,6650.6079,6384.5836,266.0243,0.02244119,0.02154355,266.0243,6384.5836,0.02154355,266.0243,266.0243,266.0243,332.5304,332.5304,6384.5836,0.02154355,1463.1337,1340.2688,5187.4742,5310.3391,0.01750413,0.01791872,0.00089765,16.2655,14.6936,0.3653,59.3804,1.1678,2646.0457,162.5536,12.4780,16.8648,9.0895,16.5695,22.0926,29.825,33.4482,44.5976,11.8163,0.0,2.018664,2.691552,0.981654,30,240,141,4,0.10479828,0.02244119,0.04150452,0E-8,0.000000,0.902668,0.011910,-0.02129501,2026-03-22,2026-08-05,112,5695,2177,137,0.817518,0.739886,0.767145,0.349328,,,,,,,,GLOBAL_BASELINE_NO_ENTITY_RANKING,,,NOT_APPLICABLE_GLOBAL_BASELINE,HF9g-P5,,,,X 全窗基线 · 不参与实体赏罚,14194915,1420,A168_HF9F_20260827_0900,2026-08-27 09:00:00
2026-04-21,110249610,2134,0,44.3111323200,22.3828027360,22.3828027360,0.7500000,5,5,0.50665070000000000,0.506650700000,0.9734833216690844,0.9734833216690844,0.9734833216690844,0E-17,ELIGIBLE,R03b_20260811_FULL_v1,L1_ELIGIBILITY,v2026-08-11,2026-03-21..2026-08-06,baccarat_bet02_101_all_pairs_incl_sentinel,round_win = game_pnl > 0 (decisive only),COMPATIBILITY_ONLY_NOT_PRODUCTION,296357.1217,267511.9505,6650.6079,18220,18206,-0.02244119,-0.04150452,-0.02020951,-0.02244119,-6650.6079,296357.1217,OK,0.0000,266.0243,4.0000,96.0000,AG03-UNRESOLVED,ALL5_LEVELS_bet23_to_bet27,266.0243,266.0243,266.0243,332.5304,332.5304,4.000000,4.000000,4.000000,5.000000,5.000000,96.000000,96.000000,96.000000,95.000000,95.000000,5.0,1463.1337,1340.2688,5187.4742,5310.3391,PENDING_AG03,FALSE,NOT_FOR_ENFORCEMENT,6384.5836,256811.4724,6650.6079,6384.5836,266.0243,0.02244119,0.02154355,266.0243,6384.5836,0.02154355,266.0243,266.0243,266.0243,332.5304,332.5304,6384.5836,0.02154355,1463.1337,1340.2688,5187.4742,5310.3391,0.01750413,0.01791872,0.00089765,16.2655,14.6936,0.3653,59.3804,1.1678,2646.0457,162.5536,12.4780,16.8648,9.0895,16.5695,22.0926,29.825,33.4482,44.5976,11.8163,0.0,2.018664,2.691552,0.981654,30,240,141,4,0.10479828,0.02244119,0.04150452,0E-8,0.000000,0.902668,0.011910,-0.02129501,2026-03-22,2026-08-05,112,5695,2177,137,0.817518,0.739886,0.767145,0.349328,,,,,,,,GLOBAL_BASELINE_NO_ENTITY_RANKING,,,NOT_APPLICABLE_GLOBAL_BASELINE,HF9g-P5,,,,X 全窗基线 · 不参与实体赏罚,14194916,1420,A168_HF9F_20260827_0900,2026-08-27 09:00:00
2026-04-21,110249610,2147,0,178.3807121593,1.4202285999,1.4202285999,0.5000000,12,12,0.49771390000000000,0.497713900000,0.01445871704844449,0.014458717048444487,0.01445871704844449,0E-17,ELIGIBLE,R03b_20260811_FULL_v1,L1_ELIGIBILITY,v2026-08-11,2026-03-21..2026-08-06,baccarat_bet02_101_all_pairs_incl_sentinel,round_win = game_pnl > 0 (decisive only),COMPATIBILITY_ONLY_NOT_PRODUCTION,296357.1217,267511.9505,6650.6079,18220,18206,-0.02244119,-0.04150452,-0.02020951,-0.02244119,-6650.6079,296357.1217,OK,0.0000,266.0243,4.0000,96.0000,AG03-UNRESOLVED,ALL5_LEVELS_bet23_to_bet27,266.0243,266.0243,266.0243,332.5304,332.5304,4.000000,4.000000,4.000000,5.000000,5.000000,96.000000,96.000000,96.000000,95.000000,95.000000,5.0,1463.1337,1340.2688,5187.4742,5310.3391,PENDING_AG03,FALSE,NOT_FOR_ENFORCEMENT,6384.5836,256811.4724,6650.6079,6384.5836,266.0243,0.02244119,0.02154355,266.0243,6384.5836,0.02154355,266.0243,266.0243,266.0243,332.5304,332.5304,6384.5836,0.02154355,1463.1337,1340.2688,5187.4742,5310.3391,0.01750413,0.01791872,0.00089765,16.2655,14.6936,0.3653,59.3804,1.1678,2646.0457,162.5536,12.4780,16.8648,9.0895,16.5695,22.0926,29.825,33.4482,44.5976,11.8163,0.0,2.018664,2.691552,0.981654,30,240,141,4,0.10479828,0.02244119,0.04150452,0E-8,0.000000,0.902668,0.011910,-0.02129501,2026-03-22,2026-08-05,112,5695,2177,137,0.817518,0.739886,0.767145,0.349328,,,,,,,,GLOBAL_BASELINE_NO_ENTITY_RANKING,,,NOT_APPLICABLE_GLOBAL_BASELINE,HF9g-P5,,,,X 全窗基线 · 不参与实体赏罚,14194917,1420,A168_HF9F_20260827_0900,2026-08-27 09:00:00
2026-04-21,110249610,2152,0,39.7664007998,-5.6809144000,-5.6809144000,0.5000000,2,2,0.49324550000000000,0.493245500000,0.01910635448239258,0.01910635448239258,0.01910635448239258,0E-17,ELIGIBLE,R03b_20260811_FULL_v1,L1_ELIGIBILITY,v2026-08-11,2026-03-21..2026-08-06,baccarat_bet02_101_all_pairs_incl_sentinel,round_win = game_pnl > 0 (decisive only),COMPATIBILITY_ONLY_NOT_PRODUCTION,296357.1217,267511.9505,6650.6079,18220,18206,-0.02244119,-0.04150452,-0.02020951,-0.02244119,-6650.6079,296357.1217,OK,0.0000,266.0243,4.0000,96.0000,AG03-UNRESOLVED,ALL5_LEVELS_bet23_to_bet27,266.0243,266.0243,266.0243,332.5304,332.5304,4.000000,4.000000,4.000000,5.000000,5.000000,96.000000,96.000000,96.000000,95.000000,95.000000,5.0,1463.1337,1340.2688,5187.4742,5310.3391,PENDING_AG03,FALSE,NOT_FOR_ENFORCEMENT,6384.5836,256811.4724,6650.6079,6384.5836,266.0243,0.02244119,0.02154355,266.0243,6384.5836,0.02154355,266.0243,266.0243,266.0243,332.5304,332.5304,6384.5836,0.02154355,1463.1337,1340.2688,5187.4742,5310.3391,0.01750413,0.01791872,0.00089765,16.2655,14.6936,0.3653,59.3804,1.1678,2646.0457,162.5536,12.4780,16.8648,9.0895,16.5695,22.0926,29.825,33.4482,44.5976,11.8163,0.0,2.018664,2.691552,0.981654,30,240,141,4,0.10479828,0.02244119,0.04150452,0E-8,0.000000,0.902668,0.011910,-0.02129501,2026-03-22,2026-08-05,112,5695,2177,137,0.817518,0.739886,0.767145,0.349328,,,,,,,,GLOBAL_BASELINE_NO_ENTITY_RANKING,,,NOT_APPLICABLE_GLOBAL_BASELINE,HF9g-P5,,,,X 全窗基线 · 不参与实体赏罚,14194918,1420,A168_HF9F_20260827_0900,2026-08-27 09:00:00
2026-04-21,110249610,2153,0,39.7664007998,-5.6809144000,-5.6809144000,0.5000000,2,2,0.49324550000000000,0.493245500000,0.01910635448239258,0.01910635448239258,0.01910635448239258,0E-17,ELIGIBLE,R03b_20260811_FULL_v1,L1_ELIGIBILITY,v2026-08-11,2026-03-21..2026-08-06,baccarat_bet02_101_all_pairs_incl_sentinel,round_win = game_pnl > 0 (decisive only),COMPATIBILITY_ONLY_NOT_PRODUCTION,296357.1217,267511.9505,6650.6079,18220,18206,-0.02244119,-0.04150452,-0.02020951,-0.02244119,-6650.6079,296357.1217,OK,0.0000,266.0243,4.0000,96.0000,AG03-UNRESOLVED,ALL5_LEVELS_bet23_to_bet27,266.0243,266.0243,266.0243,332.5304,332.5304,4.000000,4.000000,4.000000,5.000000,5.000000,96.000000,96.000000,96.000000,95.000000,95.000000,5.0,1463.1337,1340.2688,5187.4742,5310.3391,PENDING_AG03,FALSE,NOT_FOR_ENFORCEMENT,6384.5836,256811.4724,6650.6079,6384.5836,266.0243,0.02244119,0.02154355,266.0243,6384.5836,0.02154355,266.0243,266.0243,266.0243,332.5304,332.5304,6384.5836,0.02154355,1463.1337,1340.2688,5187.4742,5310.3391,0.01750413,0.01791872,0.00089765,16.2655,14.6936,0.3653,59.3804,1.1678,2646.0457,162.5536,12.4780,16.8648,9.0895,16.5695,22.0926,29.825,33.4482,44.5976,11.8163,0.0,2.018664,2.691552,0.981654,30,240,141,4,0.10479828,0.02244119,0.04150452,0E-8,0.000000,0.902668,0.011910,-0.02129501,2026-03-22,2026-08-05,112,5695,2177,137,0.817518,0.739886,0.767145,0.349328,,,,,,,,GLOBAL_BASELINE_NO_ENTITY_RANKING,,,NOT_APPLICABLE_GLOBAL_BASELINE,HF9g-P5,,,,X 全窗基线 · 不参与实体赏罚,14194919,1420,A168_HF9F_20260827_0900,2026-08-27 09:00:00
2026-04-21,110249610,2155,0,22.7236575999,-22.7236575999,-22.7236575999,0E-7,1,1,0.49324550000000000,0.493245500000,-0.9865810262130424,-0.9865810262130424,-0.9865810262130424,0E-17,ELIGIBLE,R03b_20260811_FULL_v1,L1_ELIGIBILITY,v2026-08-11,2026-03-21..2026-08-06,baccarat_bet02_101_all_pairs_incl_sentinel,round_win = game_pnl > 0 (decisive only),COMPATIBILITY_ONLY_NOT_PRODUCTION,296357.1217,267511.9505,6650.6079,18220,18206,-0.02244119,-0.04150452,-0.02020951,-0.02244119,-6650.6079,296357.1217,OK,0.0000,266.0243,4.0000,96.0000,AG03-UNRESOLVED,ALL5_LEVELS_bet23_to_bet27,266.0243,266.0243,266.0243,332.5304,332.5304,4.000000,4.000000,4.000000,5.000000,5.000000,96.000000,96.000000,96.000000,95.000000,95.000000,5.0,1463.1337,1340.2688,5187.4742,5310.3391,PENDING_AG03,FALSE,NOT_FOR_ENFORCEMENT,6384.5836,256811.4724,6650.6079,6384.5836,266.0243,0.02244119,0.02154355,266.0243,6384.5836,0.02154355,266.0243,266.0243,266.0243,332.5304,332.5304,6384.5836,0.02154355,1463.1337,1340.2688,5187.4742,5310.3391,0.01750413,0.01791872,0.00089765,16.2655,14.6936,0.3653,59.3804,1.1678,2646.0457,162.5536,12.4780,16.8648,9.0895,16.5695,22.0926,29.825,33.4482,44.5976,11.8163,0.0,2.018664,2.691552,0.981654,30,240,141,4,0.10479828,0.02244119,0.04150452,0E-8,0.000000,0.902668,0.011910,-0.02129501,2026-03-22,2026-08-05,112,5695,2177,137,0.817518,0.739886,0.767145,0.349328,,,,,,,,GLOBAL_BASELINE_NO_ENTITY_RANKING,,,NOT_APPLICABLE_GLOBAL_BASELINE,HF9g-P5,,,,X 全窗基线 · 不参与实体赏罚,14194920,1420,A168_HF9F_20260827_0900,2026-08-27 09:00:00
2026-04-21,110249610,2160,0,304.4970118389,-13.6341945600,-13.6341945600,0.5000000,11,11,0.49446415454545455,0.494464154545,0.03501390693119312,0.035013906934068466,0.03501390693119312,4.5455E-13,ELIGIBLE,R03b_20260811_FULL_v1,L1_ELIGIBILITY,v2026-08-11,2026-03-21..2026-08-06,baccarat_bet02_101_all_pairs_incl_sentinel,round_win = game_pnl > 0 (decisive only),COMPATIBILITY_ONLY_NOT_PRODUCTION,296357.1217,267511.9505,6650.6079,18220,18206,-0.02244119,-0.04150452,-0.02020951,-0.02244119,-6650.6079,296357.1217,OK,0.0000,266.0243,4.0000,96.0000,AG03-UNRESOLVED,ALL5_LEVELS_bet23_to_bet27,266.0243,266.0243,266.0243,332.5304,332.5304,4.000000,4.000000,4.000000,5.000000,5.000000,96.000000,96.000000,96.000000,95.000000,95.000000,5.0,1463.1337,1340.2688,5187.4742,5310.3391,PENDING_AG03,FALSE,NOT_FOR_ENFORCEMENT,6384.5836,256811.4724,6650.6079,6384.5836,266.0243,0.02244119,0.02154355,266.0243,6384.5836,0.02154355,266.0243,266.0243,266.0243,332.5304,332.5304,6384.5836,0.02154355,1463.1337,1340.2688,5187.4742,5310.3391,0.01750413,0.01791872,0.00089765,16.2655,14.6936,0.3653,59.3804,1.1678,2646.0457,162.5536,12.4780,16.8648,9.0895,16.5695,22.0926,29.825,33.4482,44.5976,11.8163,0.0,2.018664,2.691552,0.981654,30,240,141,4,0.10479828,0.02244119,0.04150452,0E-8,0.000000,0.902668,0.011910,-0.02129501,2026-03-22,2026-08-05,112,5695,2177,137,0.817518,0.739886,0.767145,0.349328,,,,,,,,GLOBAL_BASELINE_NO_ENTITY_RANKING,,,NOT_APPLICABLE_GLOBAL_BASELINE,HF9g-P5,,,,X 全窗基线 · 不参与实体赏罚,14194921,1420,A168_HF9F_20260827_0900,2026-08-27 09:00:00
2026-04-21,110249610,2167,0,89.8720658076,32.2051037334,32.2051037334,0.6666667,6,6,0.50441650000000000,0.504416500000,0.7948912480929629,0.7948912480929629,0.7948912480929629,0E-17,ELIGIBLE,R03b_20260811_FULL_v1,L1_ELIGIBILITY,v2026-08-11,2026-03-21..2026-08-06,baccarat_bet02_101_all_pairs_incl_sentinel,round_win = game_pnl > 0 (decisive only),COMPATIBILITY_ONLY_NOT_PRODUCTION,296357.1217,267511.9505,6650.6079,18220,18206,-0.02244119,-0.04150452,-0.02020951,-0.02244119,-6650.6079,296357.1217,OK,0.0000,266.0243,4.0000,96.0000,AG03-UNRESOLVED,ALL5_LEVELS_bet23_to_bet27,266.0243,266.0243,266.0243,332.5304,332.5304,4.000000,4.000000,4.000000,5.000000,5.000000,96.000000,96.000000,96.000000,95.000000,95.000000,5.0,1463.1337,1340.2688,5187.4742,5310.3391,PENDING_AG03,FALSE,NOT_FOR_ENFORCEMENT,6384.5836,256811.4724,6650.6079,6384.5836,266.0243,0.02244119,0.02154355,266.0243,6384.5836,0.02154355,266.0243,266.0243,266.0243,332.5304,332.5304,6384.5836,0.02154355,1463.1337,1340.2688,5187.4742,5310.3391,0.01750413,0.01791872,0.00089765,16.2655,14.6936,0.3653,59.3804,1.1678,2646.0457,162.5536,12.4780,16.8648,9.0895,16.5695,22.0926,29.825,33.4482,44.5976,11.8163,0.0,2.018664,2.691552,0.981654,30,240,141,4,0.10479828,0.02244119,0.04150452,0E-8,0.000000,0.902668,0.011910,-0.02129501,2026-03-22,2026-08-05,112,5695,2177,137,0.817518,0.739886,0.767145,0.349328,,,,,,,,GLOBAL_BASELINE_NO_ENTITY_RANKING,,,NOT_APPLICABLE_GLOBAL_BASELINE,HF9g-P5,,,,X 全窗基线 · 不参与实体赏罚,14194922,1420,A168_HF9F_20260827_0900,2026-08-27 09:00:00
2026-04-21,110249610,2170,0,49.9920467199,9.0894630401,9.0894630401,0.7500000,4,4,0.49324550000000000,0.493245500000,1.0271117246678039,1.0271117246678039,1.0271117246678039,0E-17,ELIGIBLE,R03b_20260811_FULL_v1,L1_ELIGIBILITY,v2026-08-11,2026-03-21..2026-08-06,baccarat_bet02_101_all_pairs_incl_sentinel,round_win = game_pnl > 0 (decisive only),COMPATIBILITY_ONLY_NOT_PRODUCTION,296357.1217,267511.9505,6650.6079,18220,18206,-0.02244119,-0.04150452,-0.02020951,-0.02244119,-6650.6079,296357.1217,OK,0.0000,266.0243,4.0000,96.0000,AG03-UNRESOLVED,ALL5_LEVELS_bet23_to_bet27,266.0243,266.0243,266.0243,332.5304,332.5304,4.000000,4.000000,4.000000,5.000000,5.000000,96.000000,96.000000,96.000000,95.000000,95.000000,5.0,1463.1337,1340.2688,5187.4742,5310.3391,PENDING_AG03,FALSE,NOT_FOR_ENFORCEMENT,6384.5836,256811.4724,6650.6079,6384.5836,266.0243,0.02244119,0.02154355,266.0243,6384.5836,0.02154355,266.0243,266.0243,266.0243,332.5304,332.5304,6384.5836,0.02154355,1463.1337,1340.2688,5187.4742,5310.3391,0.01750413,0.01791872,0.00089765,16.2655,14.6936,0.3653,59.3804,1.1678,2646.0457,162.5536,12.4780,16.8648,9.0895,16.5695,22.0926,29.825,33.4482,44.5976,11.8163,0.0,2.018664,2.691552,0.981654,30,240,141,4,0.10479828,0.02244119,0.04150452,0E-8,0.000000,0.902668,0.011910,-0.02129501,2026-03-22,2026-08-05,112,5695,2177,137,0.817518,0.739886,0.767145,0.349328,,,,,,,,GLOBAL_BASELINE_NO_ENTITY_RANKING,,,NOT_APPLICABLE_GLOBAL_BASELINE,HF9g-P5,,,,X 全窗基线 · 不参与实体赏罚,14194923,1420,A168_HF9F_20260827_0900,2026-08-27 09:00:00
2026-04-21,110249610,2174,0,96.5755447996,-5.6809144000,-5.6809144000,0.5000000,4,4,0.49324550000000000,0.493245500000,0.027020465636507562,0.027020465636507562,0.027020465636507562,0E-17,ELIGIBLE,R03b_20260811_FULL_v1,L1_ELIGIBILITY,v2026-08-11,2026-03-21..2026-08-06,baccarat_bet02_101_all_pairs_incl_sentinel,round_win = game_pnl > 0 (decisive only),COMPATIBILITY_ONLY_NOT_PRODUCTION,296357.1217,267511.9505,6650.6079,18220,18206,-0.02244119,-0.04150452,-0.02020951,-0.02244119,-6650.6079,296357.1217,OK,0.0000,266.0243,4.0000,96.0000,AG03-UNRESOLVED,ALL5_LEVELS_bet23_to_bet27,266.0243,266.0243,266.0243,332.5304,332.5304,4.000000,4.000000,4.000000,5.000000,5.000000,96.000000,96.000000,96.000000,95.000000,95.000000,5.0,1463.1337,1340.2688,5187.4742,5310.3391,PENDING_AG03,FALSE,NOT_FOR_ENFORCEMENT,6384.5836,256811.4724,6650.6079,6384.5836,266.0243,0.02244119,0.02154355,266.0243,6384.5836,0.02154355,266.0243,266.0243,266.0243,332.5304,332.5304,6384.5836,0.02154355,1463.1337,1340.2688,5187.4742,5310.3391,0.01750413,0.01791872,0.00089765,16.2655,14.6936,0.3653,59.3804,1.1678,2646.0457,162.5536,12.4780,16.8648,9.0895,16.5695,22.0926,29.825,33.4482,44.5976,11.8163,0.0,2.018664,2.691552,0.981654,30,240,141,4,0.10479828,0.02244119,0.04150452,0E-8,0.000000,0.902668,0.011910,-0.02129501,2026-03-22,2026-08-05,112,5695,2177,137,0.817518,0.739886,0.767145,0.349328,,,,,,,,GLOBAL_BASELINE_NO_ENTITY_RANKING,,,NOT_APPLICABLE_GLOBAL_BASELINE,HF9g-P5,,,,X 全窗基线 · 不参与实体赏罚,14194924,1420,A168_HF9F_20260827_0900,2026-08-27 09:00:00
2026-04-21,110249610,2175,0,89.7584475197,-46.0154066398,-46.0154066398,0.2500000,5,5,0.50396966000000000,0.503969660000,-1.01591065835228,-1.0159106583522801,-1.01591065835228,0E-17,ELIGIBLE,R03b_20260811_FULL_v1,L1_ELIGIBILITY,v2026-08-11,2026-03-21..2026-08-06,baccarat_bet02_101_all_pairs_incl_sentinel,round_win = game_pnl > 0 (decisive only),COMPATIBILITY_ONLY_NOT_PRODUCTION,296357.1217,267511.9505,6650.6079,18220,18206,-0.02244119,-0.04150452,-0.02020951,-0.02244119,-6650.6079,296357.1217,OK,0.0000,266.0243,4.0000,96.0000,AG03-UNRESOLVED,ALL5_LEVELS_bet23_to_bet27,266.0243,266.0243,266.0243,332.5304,332.5304,4.000000,4.000000,4.000000,5.000000,5.000000,96.000000,96.000000,96.000000,95.000000,95.000000,5.0,1463.1337,1340.2688,5187.4742,5310.3391,PENDING_AG03,FALSE,NOT_FOR_ENFORCEMENT,6384.5836,256811.4724,6650.6079,6384.5836,266.0243,0.02244119,0.02154355,266.0243,6384.5836,0.02154355,266.0243,266.0243,266.0243,332.5304,332.5304,6384.5836,0.02154355,1463.1337,1340.2688,5187.4742,5310.3391,0.01750413,0.01791872,0.00089765,16.2655,14.6936,0.3653,59.3804,1.1678,2646.0457,162.5536,12.4780,16.8648,9.0895,16.5695,22.0926,29.825,33.4482,44.5976,11.8163,0.0,2.018664,2.691552,0.981654,30,240,141,4,0.10479828,0.02244119,0.04150452,0E-8,0.000000,0.902668,0.011910,-0.02129501,2026-03-22,2026-08-05,112,5695,2177,137,0.817518,0.739886,0.767145,0.349328,,,,,,,,GLOBAL_BASELINE_NO_ENTITY_RANKING,,,NOT_APPLICABLE_GLOBAL_BASELINE,HF9g-P5,,,,X 全窗基线 · 不参与实体赏罚,14194925,1420,A168_HF9F_20260827_0900,2026-08-27 09:00:00
2026-04-21,110249610,2188,0,107.9373735995,78.6806644396,78.6806644396,1.0000000,5,5,0.49592654000000000,0.495926540000,2.0163607563664128,2.0163607563664128,2.0163607563664128,0E-17,ELIGIBLE,R03b_20260811_FULL_v1,L1_ELIGIBILITY,v2026-08-11,2026-03-21..2026-08-06,baccarat_bet02_101_all_pairs_incl_sentinel,round_win = game_pnl > 0 (decisive only),COMPATIBILITY_ONLY_NOT_PRODUCTION,296357.1217,267511.9505,6650.6079,18220,18206,-0.02244119,-0.04150452,-0.02020951,-0.02244119,-6650.6079,296357.1217,OK,0.0000,266.0243,4.0000,96.0000,AG03-UNRESOLVED,ALL5_LEVELS_bet23_to_bet27,266.0243,266.0243,266.0243,332.5304,332.5304,4.000000,4.000000,4.000000,5.000000,5.000000,96.000000,96.000000,96.000000,95.000000,95.000000,5.0,1463.1337,1340.2688,5187.4742,5310.3391,PENDING_AG03,FALSE,NOT_FOR_ENFORCEMENT,6384.5836,256811.4724,6650.6079,6384.5836,266.0243,0.02244119,0.02154355,266.0243,6384.5836,0.02154355,266.0243,266.0243,266.0243,332.5304,332.5304,6384.5836,0.02154355,1463.1337,1340.2688,5187.4742,5310.3391,0.01750413,0.01791872,0.00089765,16.2655,14.6936,0.3653,59.3804,1.1678,2646.0457,162.5536,12.4780,16.8648,9.0895,16.5695,22.0926,29.825,33.4482,44.5976,11.8163,0.0,2.018664,2.691552,0.981654,30,240,141,4,0.10479828,0.02244119,0.04150452,0E-8,0.000000,0.902668,0.011910,-0.02129501,2026-03-22,2026-08-05,112,5695,2177,137,0.817518,0.739886,0.767145,0.349328,,,,,,,,GLOBAL_BASELINE_NO_ENTITY_RANKING,,,NOT_APPLICABLE_GLOBAL_BASELINE,HF9g-P5,,,,X 全窗基线 · 不参与实体赏罚,14194926,1420,A168_HF9F_20260827_0900,2026-08-27 09:00:00
2026-04-21,110249610,2205,0,84.0775331197,-34.7671961278,-34.7671961278,0.3333333,4,4,0.50665070000000000,0.506650700000,-0.6004420894325239,-0.6004420894325239,-0.6004420894325239,0E-17,ELIGIBLE,R03b_20260811_FULL_v1,L1_ELIGIBILITY,v2026-08-11,2026-03-21..2026-08-06,baccarat_bet02_101_all_pairs_incl_sentinel,round_win = game_pnl > 0 (decisive only),COMPATIBILITY_ONLY_NOT_PRODUCTION,296357.1217,267511.9505,6650.6079,18220,18206,-0.02244119,-0.04150452,-0.02020951,-0.02244119,-6650.6079,296357.1217,OK,0.0000,266.0243,4.0000,96.0000,AG03-UNRESOLVED,ALL5_LEVELS_bet23_to_bet27,266.0243,266.0243,266.0243,332.5304,332.5304,4.000000,4.000000,4.000000,5.000000,5.000000,96.000000,96.000000,96.000000,95.000000,95.000000,5.0,1463.1337,1340.2688,5187.4742,5310.3391,PENDING_AG03,FALSE,NOT_FOR_ENFORCEMENT,6384.5836,256811.4724,6650.6079,6384.5836,266.0243,0.02244119,0.02154355,266.0243,6384.5836,0.02154355,266.0243,266.0243,266.0243,332.5304,332.5304,6384.5836,0.02154355,1463.1337,1340.2688,5187.4742,5310.3391,0.01750413,0.01791872,0.00089765,16.2655,14.6936,0.3653,59.3804,1.1678,2646.0457,162.5536,12.4780,16.8648,9.0895,16.5695,22.0926,29.825,33.4482,44.5976,11.8163,0.0,2.018664,2.691552,0.981654,30,240,141,4,0.10479828,0.02244119,0.04150452,0E-8,0.000000,0.902668,0.011910,-0.02129501,2026-03-22,2026-08-05,112,5695,2177,137,0.817518,0.739886,0.767145,0.349328,,,,,,,,GLOBAL_BASELINE_NO_ENTITY_RANKING,,,NOT_APPLICABLE_GLOBAL_BASELINE,HF9g-P5,,,,X 全窗基线 · 不参与实体赏罚,14194927,1420,A168_HF9F_20260827_0900,2026-08-27 09:00:00
2026-04-21,110249610,2208,0,88.6222646396,22.7236575998,22.7236575998,0.6000000,5,5,0.49592654000000000,0.495926540000,0.46544610904919037,0.46544610904919037,0.46544610904919037,0E-17,ELIGIBLE,R03b_20260811_FULL_v1,L1_ELIGIBILITY,v2026-08-11,2026-03-21..2026-08-06,baccarat_bet02_101_all_pairs_incl_sentinel,round_win = game_pnl > 0 (decisive only),COMPATIBILITY_ONLY_NOT_PRODUCTION,296357.1217,267511.9505,6650.6079,18220,18206,-0.02244119,-0.04150452,-0.02020951,-0.02244119,-6650.6079,296357.1217,OK,0.0000,266.0243,4.0000,96.0000,AG03-UNRESOLVED,ALL5_LEVELS_bet23_to_bet27,266.0243,266.0243,266.0243,332.5304,332.5304,4.000000,4.000000,4.000000,5.000000,5.000000,96.000000,96.000000,96.000000,95.000000,95.000000,5.0,1463.1337,1340.2688,5187.4742,5310.3391,PENDING_AG03,FALSE,NOT_FOR_ENFORCEMENT,6384.5836,256811.4724,6650.6079,6384.5836,266.0243,0.02244119,0.02154355,266.0243,6384.5836,0.02154355,266.0243,266.0243,266.0243,332.5304,332.5304,6384.5836,0.02154355,1463.1337,1340.2688,5187.4742,5310.3391,0.01750413,0.01791872,0.00089765,16.2655,14.6936,0.3653,59.3804,1.1678,2646.0457,162.5536,12.4780,16.8648,9.0895,16.5695,22.0926,29.825,33.4482,44.5976,11.8163,0.0,2.018664,2.691552,0.981654,30,240,141,4,0.10479828,0.02244119,0.04150452,0E-8,0.000000,0.902668,0.011910,-0.02129501,2026-03-22,2026-08-05,112,5695,2177,137,0.817518,0.739886,0.767145,0.349328,,,,,,,,GLOBAL_BASELINE_NO_ENTITY_RANKING,,,NOT_APPLICABLE_GLOBAL_BASELINE,HF9g-P5,,,,X 全窗基线 · 不参与实体赏罚,14194928,1420,A168_HF9F_20260827_0900,2026-08-27 09:00:00
2026-04-21,110249610,2209,0,65.8986070400,-14.0886677120,-14.0886677120,0.3333333,7,7,0.49707555714285714,0.497075557143,-0.8021835166153284,-0.8021835166160269,-0.8021835166153284,-1.4286E-13,ELIGIBLE,R03b_20260811_FULL_v1,L1_ELIGIBILITY,v2026-08-11,2026-03-21..2026-08-06,baccarat_bet02_101_all_pairs_incl_sentinel,round_win = game_pnl > 0 (decisive only),COMPATIBILITY_ONLY_NOT_PRODUCTION,296357.1217,267511.9505,6650.6079,18220,18206,-0.02244119,-0.04150452,-0.02020951,-0.02244119,-6650.6079,296357.1217,OK,0.0000,266.0243,4.0000,96.0000,AG03-UNRESOLVED,ALL5_LEVELS_bet23_to_bet27,266.0243,266.0243,266.0243,332.5304,332.5304,4.000000,4.000000,4.000000,5.000000,5.000000,96.000000,96.000000,96.000000,95.000000,95.000000,5.0,1463.1337,1340.2688,5187.4742,5310.3391,PENDING_AG03,FALSE,NOT_FOR_ENFORCEMENT,6384.5836,256811.4724,6650.6079,6384.5836,266.0243,0.02244119,0.02154355,266.0243,6384.5836,0.02154355,266.0243,266.0243,266.0243,332.5304,332.5304,6384.5836,0.02154355,1463.1337,1340.2688,5187.4742,5310.3391,0.01750413,0.01791872,0.00089765,16.2655,14.6936,0.3653,59.3804,1.1678,2646.0457,162.5536,12.4780,16.8648,9.0895,16.5695,22.0926,29.825,33.4482,44.5976,11.8163,0.0,2.018664,2.691552,0.981654,30,240,141,4,0.10479828,0.02244119,0.04150452,0E-8,0.000000,0.902668,0.011910,-0.02129501,2026-03-22,2026-08-05,112,5695,2177,137,0.817518,0.739886,0.767145,0.349328,,,,,,,,GLOBAL_BASELINE_NO_ENTITY_RANKING,,,NOT_APPLICABLE_GLOBAL_BASELINE,HF9g-P5,,,,X 全窗基线 · 不参与实体赏罚,14194929,1420,A168_HF9F_20260827_0900,2026-08-27 09:00:00
2026-04-21,110249610,2216,0,56.8091439997,11.3618287999,11.3618287999,0.6666667,3,3,0.49324550000000000,0.493245500000,0.6008033672792107,0.6008033672792106,0.6008033672792107,0E-17,ELIGIBLE,R03b_20260811_FULL_v1,L1_ELIGIBILITY,v2026-08-11,2026-03-21..2026-08-06,baccarat_bet02_101_all_pairs_incl_sentinel,round_win = game_pnl > 0 (decisive only),COMPATIBILITY_ONLY_NOT_PRODUCTION,296357.1217,267511.9505,6650.6079,18220,18206,-0.02244119,-0.04150452,-0.02020951,-0.02244119,-6650.6079,296357.1217,OK,0.0000,266.0243,4.0000,96.0000,AG03-UNRESOLVED,ALL5_LEVELS_bet23_to_bet27,266.0243,266.0243,266.0243,332.5304,332.5304,4.000000,4.000000,4.000000,5.000000,5.000000,96.000000,96.000000,96.000000,95.000000,95.000000,5.0,1463.1337,1340.2688,5187.4742,5310.3391,PENDING_AG03,FALSE,NOT_FOR_ENFORCEMENT,6384.5836,256811.4724,6650.6079,6384.5836,266.0243,0.02244119,0.02154355,266.0243,6384.5836,0.02154355,266.0243,266.0243,266.0243,332.5304,332.5304,6384.5836,0.02154355,1463.1337,1340.2688,5187.4742,5310.3391,0.01750413,0.01791872,0.00089765,16.2655,14.6936,0.3653,59.3804,1.1678,2646.0457,162.5536,12.4780,16.8648,9.0895,16.5695,22.0926,29.825,33.4482,44.5976,11.8163,0.0,2.018664,2.691552,0.981654,30,240,141,4,0.10479828,0.02244119,0.04150452,0E-8,0.000000,0.902668,0.011910,-0.02129501,2026-03-22,2026-08-05,112,5695,2177,137,0.817518,0.739886,0.767145,0.349328,,,,,,,,GLOBAL_BASELINE_NO_ENTITY_RANKING,,,NOT_APPLICABLE_GLOBAL_BASELINE,HF9g-P5,,,,X 全窗基线 · 不参与实体赏罚,14194930,1420,A168_HF9F_20260827_0900,2026-08-27 09:00:00
2026-04-21,110249610,2218,0,124.9801167995,-28.0637171360,-28.0637171360,0.3333333,7,7,0.50665070000000000,0.506650700000,-0.8491533462951141,-0.8491533462951141,-0.8491533462951141,0E-17,ELIGIBLE,R03b_20260811_FULL_v1,L1_ELIGIBILITY,v2026-08-11,2026-03-21..2026-08-06,baccarat_bet02_101_all_pairs_incl_sentinel,round_win = game_pnl > 0 (decisive only),COMPATIBILITY_ONLY_NOT_PRODUCTION,296357.1217,267511.9505,6650.6079,18220,18206,-0.02244119,-0.04150452,-0.02020951,-0.02244119,-6650.6079,296357.1217,OK,0.0000,266.0243,4.0000,96.0000,AG03-UNRESOLVED,ALL5_LEVELS_bet23_to_bet27,266.0243,266.0243,266.0243,332.5304,332.5304,4.000000,4.000000,4.000000,5.000000,5.000000,96.000000,96.000000,96.000000,95.000000,95.000000,5.0,1463.1337,1340.2688,5187.4742,5310.3391,PENDING_AG03,FALSE,NOT_FOR_ENFORCEMENT,6384.5836,256811.4724,6650.6079,6384.5836,266.0243,0.02244119,0.02154355,266.0243,6384.5836,0.02154355,266.0243,266.0243,266.0243,332.5304,332.5304,6384.5836,0.02154355,1463.1337,1340.2688,5187.4742,5310.3391,0.01750413,0.01791872,0.00089765,16.2655,14.6936,0.3653,59.3804,1.1678,2646.0457,162.5536,12.4780,16.8648,9.0895,16.5695,22.0926,29.825,33.4482,44.5976,11.8163,0.0,2.018664,2.691552,0.981654,30,240,141,4,0.10479828,0.02244119,0.04150452,0E-8,0.000000,0.902668,0.011910,-0.02129501,2026-03-22,2026-08-05,112,5695,2177,137,0.817518,0.739886,0.767145,0.349328,,,,,,,,GLOBAL_BASELINE_NO_ENTITY_RANKING,,,NOT_APPLICABLE_GLOBAL_BASELINE,HF9g-P5,,,,X 全窗基线 · 不参与实体赏罚,14194931,1420,A168_HF9F_20260827_0900,2026-08-27 09:00:00
2026-04-21,110249610,2222,0,398.2320994386,145.2325766355,145.2325766355,0.6923077,13,13,0.50355719230769231,0.503557192308,1.3611336590031393,1.3611336590009264,1.3611336590031393,-3.0769E-13,ELIGIBLE,R03b_20260811_FULL_v1,L1_ELIGIBILITY,v2026-08-11,2026-03-21..2026-08-06,baccarat_bet02_101_all_pairs_incl_sentinel,round_win = game_pnl > 0 (decisive only),COMPATIBILITY_ONLY_NOT_PRODUCTION,296357.1217,267511.9505,6650.6079,18220,18206,-0.02244119,-0.04150452,-0.02020951,-0.02244119,-6650.6079,296357.1217,OK,0.0000,266.0243,4.0000,96.0000,AG03-UNRESOLVED,ALL5_LEVELS_bet23_to_bet27,266.0243,266.0243,266.0243,332.5304,332.5304,4.000000,4.000000,4.000000,5.000000,5.000000,96.000000,96.000000,96.000000,95.000000,95.000000,5.0,1463.1337,1340.2688,5187.4742,5310.3391,PENDING_AG03,FALSE,NOT_FOR_ENFORCEMENT,6384.5836,256811.4724,6650.6079,6384.5836,266.0243,0.02244119,0.02154355,266.0243,6384.5836,0.02154355,266.0243,266.0243,266.0243,332.5304,332.5304,6384.5836,0.02154355,1463.1337,1340.2688,5187.4742,5310.3391,0.01750413,0.01791872,0.00089765,16.2655,14.6936,0.3653,59.3804,1.1678,2646.0457,162.5536,12.4780,16.8648,9.0895,16.5695,22.0926,29.825,33.4482,44.5976,11.8163,0.0,2.018664,2.691552,0.981654,30,240,141,4,0.10479828,0.02244119,0.04150452,0E-8,0.000000,0.902668,0.011910,-0.02129501,2026-03-22,2026-08-05,112,5695,2177,137,0.817518,0.739886,0.767145,0.349328,,,,,,,,GLOBAL_BASELINE_NO_ENTITY_RANKING,,,NOT_APPLICABLE_GLOBAL_BASELINE,HF9g-P5,,,,X 全窗基线 · 不参与实体赏罚,14194932,1420,A168_HF9F_20260827_0900,2026-08-27 09:00:00
2026-04-21,110249610,2224,0,31.8131206400,-14.0886677120,-14.0886677120,0.3333333,3,3,0.50665070000000000,0.506650700000,-0.6004420894325239,-0.6004420894325239,-0.6004420894325239,0E-17,ELIGIBLE,R03b_20260811_FULL_v1,L1_ELIGIBILITY,v2026-08-11,2026-03-21..2026-08-06,baccarat_bet02_101_all_pairs_incl_sentinel,round_win = game_pnl > 0 (decisive only),COMPATIBILITY_ONLY_NOT_PRODUCTION,296357.1217,267511.9505,6650.6079,18220,18206,-0.02244119,-0.04150452,-0.02020951,-0.02244119,-6650.6079,296357.1217,OK,0.0000,266.0243,4.0000,96.0000,AG03-UNRESOLVED,ALL5_LEVELS_bet23_to_bet27,266.0243,266.0243,266.0243,332.5304,332.5304,4.000000,4.000000,4.000000,5.000000,5.000000,96.000000,96.000000,96.000000,95.000000,95.000000,5.0,1463.1337,1340.2688,5187.4742,5310.3391,PENDING_AG03,FALSE,NOT_FOR_ENFORCEMENT,6384.5836,256811.4724,6650.6079,6384.5836,266.0243,0.02244119,0.02154355,266.0243,6384.5836,0.02154355,266.0243,266.0243,266.0243,332.5304,332.5304,6384.5836,0.02154355,1463.1337,1340.2688,5187.4742,5310.3391,0.01750413,0.01791872,0.00089765,16.2655,14.6936,0.3653,59.3804,1.1678,2646.0457,162.5536,12.4780,16.8648,9.0895,16.5695,22.0926,29.825,33.4482,44.5976,11.8163,0.0,2.018664,2.691552,0.981654,30,240,141,4,0.10479828,0.02244119,0.04150452,0E-8,0.000000,0.902668,0.011910,-0.02129501,2026-03-22,2026-08-05,112,5695,2177,137,0.817518,0.739886,0.767145,0.349328,,,,,,,,GLOBAL_BASELINE_NO_ENTITY_RANKING,,,NOT_APPLICABLE_GLOBAL_BASELINE,HF9g-P5,,,,X 全窗基线 · 不参与实体赏罚,14194933,1420,A168_HF9F_20260827_0900,2026-08-27 09:00:00
2026-04-21,110249610,2229,0,56.8091439998,28.4045719999,28.4045719999,1.0000000,2,2,0.49324550000000000,0.493245500000,1.01360149184955,1.01360149184955,1.01360149184955,0E-17,ELIGIBLE,R03b_20260811_FULL_v1,L1_ELIGIBILITY,v2026-08-11,2026-03-21..2026-08-06,baccarat_bet02_101_all_pairs_incl_sentinel,round_win = game_pnl > 0 (decisive only),COMPATIBILITY_ONLY_NOT_PRODUCTION,296357.1217,267511.9505,6650.6079,18220,18206,-0.02244119,-0.04150452,-0.02020951,-0.02244119,-6650.6079,296357.1217,OK,0.0000,266.0243,4.0000,96.0000,AG03-UNRESOLVED,ALL5_LEVELS_bet23_to_bet27,266.0243,266.0243,266.0243,332.5304,332.5304,4.000000,4.000000,4.000000,5.000000,5.000000,96.000000,96.000000,96.000000,95.000000,95.000000,5.0,1463.1337,1340.2688,5187.4742,5310.3391,PENDING_AG03,FALSE,NOT_FOR_ENFORCEMENT,6384.5836,256811.4724,6650.6079,6384.5836,266.0243,0.02244119,0.02154355,266.0243,6384.5836,0.02154355,266.0243,266.0243,266.0243,332.5304,332.5304,6384.5836,0.02154355,1463.1337,1340.2688,5187.4742,5310.3391,0.01750413,0.01791872,0.00089765,16.2655,14.6936,0.3653,59.3804,1.1678,2646.0457,162.5536,12.4780,16.8648,9.0895,16.5695,22.0926,29.825,33.4482,44.5976,11.8163,0.0,2.018664,2.691552,0.981654,30,240,141,4,0.10479828,0.02244119,0.04150452,0E-8,0.000000,0.902668,0.011910,-0.02129501,2026-03-22,2026-08-05,112,5695,2177,137,0.817518,0.739886,0.767145,0.349328,,,,,,,,GLOBAL_BASELINE_NO_ENTITY_RANKING,,,NOT_APPLICABLE_GLOBAL_BASELINE,HF9g-P5,,,,X 全窗基线 · 不参与实体赏罚,14194934,1420,A168_HF9F_20260827_0900,2026-08-27 09:00:00
2026-04-21,110249610,2235,0,29.5407548800,-6.8170972800,-6.8170972800,0.3333333,3,3,0.50218230000000000,0.502182300000,-0.5849155494134425,-0.5849155494134426,-0.5849155494134425,0E-17,ELIGIBLE,R03b_20260811_FULL_v1,L1_ELIGIBILITY,v2026-08-11,2026-03-21..2026-08-06,baccarat_bet02_101_all_pairs_incl_sentinel,round_win = game_pnl > 0 (decisive only),COMPATIBILITY_ONLY_NOT_PRODUCTION,296357.1217,267511.9505,6650.6079,18220,18206,-0.02244119,-0.04150452,-0.02020951,-0.02244119,-6650.6079,296357.1217,OK,0.0000,266.0243,4.0000,96.0000,AG03-UNRESOLVED,ALL5_LEVELS_bet23_to_bet27,266.0243,266.0243,266.0243,332.5304,332.5304,4.000000,4.000000,4.000000,5.000000,5.000000,96.000000,96.000000,96.000000,95.000000,95.000000,5.0,1463.1337,1340.2688,5187.4742,5310.3391,PENDING_AG03,FALSE,NOT_FOR_ENFORCEMENT,6384.5836,256811.4724,6650.6079,6384.5836,266.0243,0.02244119,0.02154355,266.0243,6384.5836,0.02154355,266.0243,266.0243,266.0243,332.5304,332.5304,6384.5836,0.02154355,1463.1337,1340.2688,5187.4742,5310.3391,0.01750413,0.01791872,0.00089765,16.2655,14.6936,0.3653,59.3804,1.1678,2646.0457,162.5536,12.4780,16.8648,9.0895,16.5695,22.0926,29.825,33.4482,44.5976,11.8163,0.0,2.018664,2.691552,0.981654,30,240,141,4,0.10479828,0.02244119,0.04150452,0E-8,0.000000,0.902668,0.011910,-0.02129501,2026-03-22,2026-08-05,112,5695,2177,137,0.817518,0.739886,0.767145,0.349328,,,,,,,,GLOBAL_BASELINE_NO_ENTITY_RANKING,,,NOT_APPLICABLE_GLOBAL_BASELINE,HF9g-P5,,,,X 全窗基线 · 不参与实体赏罚,14194935,1420,A168_HF9F_20260827_0900,2026-08-27 09:00:00
2026-04-21,110249610,2239,0,4.5447315200,-4.5447315200,-4.5447315200,0E-7,1,1,0.49324550000000000,0.493245500000,-0.9865810262130424,-0.9865810262130424,-0.9865810262130424,0E-17,ELIGIBLE,R03b_20260811_FULL_v1,L1_ELIGIBILITY,v2026-08-11,2026-03-21..2026-08-06,baccarat_bet02_101_all_pairs_incl_sentinel,round_win = game_pnl > 0 (decisive only),COMPATIBILITY_ONLY_NOT_PRODUCTION,296357.1217,267511.9505,6650.6079,18220,18206,-0.02244119,-0.04150452,-0.02020951,-0.02244119,-6650.6079,296357.1217,OK,0.0000,266.0243,4.0000,96.0000,AG03-UNRESOLVED,ALL5_LEVELS_bet23_to_bet27,266.0243,266.0243,266.0243,332.5304,332.5304,4.000000,4.000000,4.000000,5.000000,5.000000,96.000000,96.000000,96.000000,95.000000,95.000000,5.0,1463.1337,1340.2688,5187.4742,5310.3391,PENDING_AG03,FALSE,NOT_FOR_ENFORCEMENT,6384.5836,256811.4724,6650.6079,6384.5836,266.0243,0.02244119,0.02154355,266.0243,6384.5836,0.02154355,266.0243,266.0243,266.0243,332.5304,332.5304,6384.5836,0.02154355,1463.1337,1340.2688,5187.4742,5310.3391,0.01750413,0.01791872,0.00089765,16.2655,14.6936,0.3653,59.3804,1.1678,2646.0457,162.5536,12.4780,16.8648,9.0895,16.5695,22.0926,29.825,33.4482,44.5976,11.8163,0.0,2.018664,2.691552,0.981654,30,240,141,4,0.10479828,0.02244119,0.04150452,0E-8,0.000000,0.902668,0.011910,-0.02129501,2026-03-22,2026-08-05,112,5695,2177,137,0.817518,0.739886,0.767145,0.349328,,,,,,,,GLOBAL_BASELINE_NO_ENTITY_RANKING,,,NOT_APPLICABLE_GLOBAL_BASELINE,HF9g-P5,,,,X 全窗基线 · 不参与实体赏罚,14194936,1420,A168_HF9F_20260827_0900,2026-08-27 09:00:00
2026-04-21,110249610,2241,0,40.9025836799,-27.6092439839,-27.6092439839,0.3333333,3,3,0.50665070000000000,0.506650700000,-0.6004420894325239,-0.6004420894325239,-0.6004420894325239,0E-17,ELIGIBLE,R03b_20260811_FULL_v1,L1_ELIGIBILITY,v2026-08-11,2026-03-21..2026-08-06,baccarat_bet02_101_all_pairs_incl_sentinel,round_win = game_pnl > 0 (decisive only),COMPATIBILITY_ONLY_NOT_PRODUCTION,296357.1217,267511.9505,6650.6079,18220,18206,-0.02244119,-0.04150452,-0.02020951,-0.02244119,-6650.6079,296357.1217,OK,0.0000,266.0243,4.0000,96.0000,AG03-UNRESOLVED,ALL5_LEVELS_bet23_to_bet27,266.0243,266.0243,266.0243,332.5304,332.5304,4.000000,4.000000,4.000000,5.000000,5.000000,96.000000,96.000000,96.000000,95.000000,95.000000,5.0,1463.1337,1340.2688,5187.4742,5310.3391,PENDING_AG03,FALSE,NOT_FOR_ENFORCEMENT,6384.5836,256811.4724,6650.6079,6384.5836,266.0243,0.02244119,0.02154355,266.0243,6384.5836,0.02154355,266.0243,266.0243,266.0243,332.5304,332.5304,6384.5836,0.02154355,1463.1337,1340.2688,5187.4742,5310.3391,0.01750413,0.01791872,0.00089765,16.2655,14.6936,0.3653,59.3804,1.1678,2646.0457,162.5536,12.4780,16.8648,9.0895,16.5695,22.0926,29.825,33.4482,44.5976,11.8163,0.0,2.018664,2.691552,0.981654,30,240,141,4,0.10479828,0.02244119,0.04150452,0E-8,0.000000,0.902668,0.011910,-0.02129501,2026-03-22,2026-08-05,112,5695,2177,137,0.817518,0.739886,0.767145,0.349328,,,,,,,,GLOBAL_BASELINE_NO_ENTITY_RANKING,,,NOT_APPLICABLE_GLOBAL_BASELINE,HF9g-P5,,,,X 全窗基线 · 不参与实体赏罚,14194937,1420,A168_HF9F_20260827_0900,2026-08-27 09:00:00
2026-04-21,110249610,2246,0,47.7196809599,-16.7018883359,-16.7018883359,0.5000000,4,4,0.50329940000000000,0.503299400000,-0.01319788734859681,-0.01319788734859681,-0.01319788734859681,0E-17,ELIGIBLE,R03b_20260811_FULL_v1,L1_ELIGIBILITY,v2026-08-11,2026-03-21..2026-08-06,baccarat_bet02_101_all_pairs_incl_sentinel,round_win = game_pnl > 0 (decisive only),COMPATIBILITY_ONLY_NOT_PRODUCTION,296357.1217,267511.9505,6650.6079,18220,18206,-0.02244119,-0.04150452,-0.02020951,-0.02244119,-6650.6079,296357.1217,OK,0.0000,266.0243,4.0000,96.0000,AG03-UNRESOLVED,ALL5_LEVELS_bet23_to_bet27,266.0243,266.0243,266.0243,332.5304,332.5304,4.000000,4.000000,4.000000,5.000000,5.000000,96.000000,96.000000,96.000000,95.000000,95.000000,5.0,1463.1337,1340.2688,5187.4742,5310.3391,PENDING_AG03,FALSE,NOT_FOR_ENFORCEMENT,6384.5836,256811.4724,6650.6079,6384.5836,266.0243,0.02244119,0.02154355,266.0243,6384.5836,0.02154355,266.0243,266.0243,266.0243,332.5304,332.5304,6384.5836,0.02154355,1463.1337,1340.2688,5187.4742,5310.3391,0.01750413,0.01791872,0.00089765,16.2655,14.6936,0.3653,59.3804,1.1678,2646.0457,162.5536,12.4780,16.8648,9.0895,16.5695,22.0926,29.825,33.4482,44.5976,11.8163,0.0,2.018664,2.691552,0.981654,30,240,141,4,0.10479828,0.02244119,0.04150452,0E-8,0.000000,0.902668,0.011910,-0.02129501,2026-03-22,2026-08-05,112,5695,2177,137,0.817518,0.739886,0.767145,0.349328,,,,,,,,GLOBAL_BASELINE_NO_ENTITY_RANKING,,,NOT_APPLICABLE_GLOBAL_BASELINE,HF9g-P5,,,,X 全窗基线 · 不参与实体赏罚,14194938,1420,A168_HF9F_20260827_0900,2026-08-27 09:00:00
2026-04-21,110249610,2252,0,244.8474106393,29.0010680119,29.0010680119,0.5714286,16,16,0.49827245000000000,0.498272450000,0.5474535519441596,0.5474535519441596,0.5474535519441596,0E-17,ELIGIBLE,R03b_20260811_FULL_v1,L1_ELIGIBILITY,v2026-08-11,2026-03-21..2026-08-06,baccarat_bet02_101_all_pairs_incl_sentinel,round_win = game_pnl > 0 (decisive only),COMPATIBILITY_ONLY_NOT_PRODUCTION,296357.1217,267511.9505,6650.6079,18220,18206,-0.02244119,-0.04150452,-0.02020951,-0.02244119,-6650.6079,296357.1217,OK,0.0000,266.0243,4.0000,96.0000,AG03-UNRESOLVED,ALL5_LEVELS_bet23_to_bet27,266.0243,266.0243,266.0243,332.5304,332.5304,4.000000,4.000000,4.000000,5.000000,5.000000,96.000000,96.000000,96.000000,95.000000,95.000000,5.0,1463.1337,1340.2688,5187.4742,5310.3391,PENDING_AG03,FALSE,NOT_FOR_ENFORCEMENT,6384.5836,256811.4724,6650.6079,6384.5836,266.0243,0.02244119,0.02154355,266.0243,6384.5836,0.02154355,266.0243,266.0243,266.0243,332.5304,332.5304,6384.5836,0.02154355,1463.1337,1340.2688,5187.4742,5310.3391,0.01750413,0.01791872,0.00089765,16.2655,14.6936,0.3653,59.3804,1.1678,2646.0457,162.5536,12.4780,16.8648,9.0895,16.5695,22.0926,29.825,33.4482,44.5976,11.8163,0.0,2.018664,2.691552,0.981654,30,240,141,4,0.10479828,0.02244119,0.04150452,0E-8,0.000000,0.902668,0.011910,-0.02129501,2026-03-22,2026-08-05,112,5695,2177,137,0.817518,0.739886,0.767145,0.349328,,,,,,,,GLOBAL_BASELINE_NO_ENTITY_RANKING,,,NOT_APPLICABLE_GLOBAL_BASELINE,HF9g-P5,,,,X 全窗基线 · 不参与实体赏罚,14194939,1420,A168_HF9F_20260827_0900,2026-08-27 09:00:00
2026-04-21,110249610,2254,0,49.9920467198,-27.8364805598,-27.8364805598,0.3333333,3,3,0.50665070000000000,0.506650700000,-0.6004420894325239,-0.6004420894325239,-0.6004420894325239,0E-17,ELIGIBLE,R03b_20260811_FULL_v1,L1_ELIGIBILITY,v2026-08-11,2026-03-21..2026-08-06,baccarat_bet02_101_all_pairs_incl_sentinel,round_win = game_pnl > 0 (decisive only),COMPATIBILITY_ONLY_NOT_PRODUCTION,296357.1217,267511.9505,6650.6079,18220,18206,-0.02244119,-0.04150452,-0.02020951,-0.02244119,-6650.6079,296357.1217,OK,0.0000,266.0243,4.0000,96.0000,AG03-UNRESOLVED,ALL5_LEVELS_bet23_to_bet27,266.0243,266.0243,266.0243,332.5304,332.5304,4.000000,4.000000,4.000000,5.000000,5.000000,96.000000,96.000000,96.000000,95.000000,95.000000,5.0,1463.1337,1340.2688,5187.4742,5310.3391,PENDING_AG03,FALSE,NOT_FOR_ENFORCEMENT,6384.5836,256811.4724,6650.6079,6384.5836,266.0243,0.02244119,0.02154355,266.0243,6384.5836,0.02154355,266.0243,266.0243,266.0243,332.5304,332.5304,6384.5836,0.02154355,1463.1337,1340.2688,5187.4742,5310.3391,0.01750413,0.01791872,0.00089765,16.2655,14.6936,0.3653,59.3804,1.1678,2646.0457,162.5536,12.4780,16.8648,9.0895,16.5695,22.0926,29.825,33.4482,44.5976,11.8163,0.0,2.018664,2.691552,0.981654,30,240,141,4,0.10479828,0.02244119,0.04150452,0E-8,0.000000,0.902668,0.011910,-0.02129501,2026-03-22,2026-08-05,112,5695,2177,137,0.817518,0.739886,0.767145,0.349328,,,,,,,,GLOBAL_BASELINE_NO_ENTITY_RANKING,,,NOT_APPLICABLE_GLOBAL_BASELINE,HF9g-P5,,,,X 全窗基线 · 不参与实体赏罚,14194940,1420,A168_HF9F_20260827_0900,2026-08-27 09:00:00
2026-04-21,110249610,2261,0,17.0427431999,-17.0427431999,-17.0427431999,0E-7,1,1,0.50665070000000000,0.506650700000,-1.013391052207602,-1.013391052207602,-1.013391052207602,0E-17,ELIGIBLE,R03b_20260811_FULL_v1,L1_ELIGIBILITY,v2026-08-11,2026-03-21..2026-08-06,baccarat_bet02_101_all_pairs_incl_sentinel,round_win = game_pnl > 0 (decisive only),COMPATIBILITY_ONLY_NOT_PRODUCTION,296357.1217,267511.9505,6650.6079,18220,18206,-0.02244119,-0.04150452,-0.02020951,-0.02244119,-6650.6079,296357.1217,OK,0.0000,266.0243,4.0000,96.0000,AG03-UNRESOLVED,ALL5_LEVELS_bet23_to_bet27,266.0243,266.0243,266.0243,332.5304,332.5304,4.000000,4.000000,4.000000,5.000000,5.000000,96.000000,96.000000,96.000000,95.000000,95.000000,5.0,1463.1337,1340.2688,5187.4742,5310.3391,PENDING_AG03,FALSE,NOT_FOR_ENFORCEMENT,6384.5836,256811.4724,6650.6079,6384.5836,266.0243,0.02244119,0.02154355,266.0243,6384.5836,0.02154355,266.0243,266.0243,266.0243,332.5304,332.5304,6384.5836,0.02154355,1463.1337,1340.2688,5187.4742,5310.3391,0.01750413,0.01791872,0.00089765,16.2655,14.6936,0.3653,59.3804,1.1678,2646.0457,162.5536,12.4780,16.8648,9.0895,16.5695,22.0926,29.825,33.4482,44.5976,11.8163,0.0,2.018664,2.691552,0.981654,30,240,141,4,0.10479828,0.02244119,0.04150452,0E-8,0.000000,0.902668,0.011910,-0.02129501,2026-03-22,2026-08-05,112,5695,2177,137,0.817518,0.739886,0.767145,0.349328,,,,,,,,GLOBAL_BASELINE_NO_ENTITY_RANKING,,,NOT_APPLICABLE_GLOBAL_BASELINE,HF9g-P5,,,,X 全窗基线 · 不参与实体赏罚,14194941,1420,A168_HF9F_20260827_0900,2026-08-27 09:00:00
2026-04-21,110249610,2267,0,6.8170972800,-6.8170972800,-6.8170972800,0E-7,1,1,0.50665070000000000,0.506650700000,-1.013391052207602,-1.013391052207602,-1.013391052207602,0E-17,ELIGIBLE,R03b_20260811_FULL_v1,L1_ELIGIBILITY,v2026-08-11,2026-03-21..2026-08-06,baccarat_bet02_101_all_pairs_incl_sentinel,round_win = game_pnl > 0 (decisive only),COMPATIBILITY_ONLY_NOT_PRODUCTION,296357.1217,267511.9505,6650.6079,18220,18206,-0.02244119,-0.04150452,-0.02020951,-0.02244119,-6650.6079,296357.1217,OK,0.0000,266.0243,4.0000,96.0000,AG03-UNRESOLVED,ALL5_LEVELS_bet23_to_bet27,266.0243,266.0243,266.0243,332.5304,332.5304,4.000000,4.000000,4.000000,5.000000,5.000000,96.000000,96.000000,96.000000,95.000000,95.000000,5.0,1463.1337,1340.2688,5187.4742,5310.3391,PENDING_AG03,FALSE,NOT_FOR_ENFORCEMENT,6384.5836,256811.4724,6650.6079,6384.5836,266.0243,0.02244119,0.02154355,266.0243,6384.5836,0.02154355,266.0243,266.0243,266.0243,332.5304,332.5304,6384.5836,0.02154355,1463.1337,1340.2688,5187.4742,5310.3391,0.01750413,0.01791872,0.00089765,16.2655,14.6936,0.3653,59.3804,1.1678,2646.0457,162.5536,12.4780,16.8648,9.0895,16.5695,22.0926,29.825,33.4482,44.5976,11.8163,0.0,2.018664,2.691552,0.981654,30,240,141,4,0.10479828,0.02244119,0.04150452,0E-8,0.000000,0.902668,0.011910,-0.02129501,2026-03-22,2026-08-05,112,5695,2177,137,0.817518,0.739886,0.767145,0.349328,,,,,,,,GLOBAL_BASELINE_NO_ENTITY_RANKING,,,NOT_APPLICABLE_GLOBAL_BASELINE,HF9g-P5,,,,X 全窗基线 · 不参与实体赏罚,14194942,1420,A168_HF9F_20260827_0900,2026-08-27 09:00:00
2026-04-21,110249610,2271,0,67.6028813597,-10.7937373599,-10.7937373599,0.5000000,4,4,0.49324550000000000,0.493245500000,0.027020465636507562,0.027020465636507562,0.027020465636507562,0E-17,ELIGIBLE,R03b_20260811_FULL_v1,L1_ELIGIBILITY,v2026-08-11,2026-03-21..2026-08-06,baccarat_bet02_101_all_pairs_incl_sentinel,round_win = game_pnl > 0 (decisive only),COMPATIBILITY_ONLY_NOT_PRODUCTION,296357.1217,267511.9505,6650.6079,18220,18206,-0.02244119,-0.04150452,-0.02020951,-0.02244119,-6650.6079,296357.1217,OK,0.0000,266.0243,4.0000,96.0000,AG03-UNRESOLVED,ALL5_LEVELS_bet23_to_bet27,266.0243,266.0243,266.0243,332.5304,332.5304,4.000000,4.000000,4.000000,5.000000,5.000000,96.000000,96.000000,96.000000,95.000000,95.000000,5.0,1463.1337,1340.2688,5187.4742,5310.3391,PENDING_AG03,FALSE,NOT_FOR_ENFORCEMENT,6384.5836,256811.4724,6650.6079,6384.5836,266.0243,0.02244119,0.02154355,266.0243,6384.5836,0.02154355,266.0243,266.0243,266.0243,332.5304,332.5304,6384.5836,0.02154355,1463.1337,1340.2688,5187.4742,5310.3391,0.01750413,0.01791872,0.00089765,16.2655,14.6936,0.3653,59.3804,1.1678,2646.0457,162.5536,12.4780,16.8648,9.0895,16.5695,22.0926,29.825,33.4482,44.5976,11.8163,0.0,2.018664,2.691552,0.981654,30,240,141,4,0.10479828,0.02244119,0.04150452,0E-8,0.000000,0.902668,0.011910,-0.02129501,2026-03-22,2026-08-05,112,5695,2177,137,0.817518,0.739886,0.767145,0.349328,,,,,,,,GLOBAL_BASELINE_NO_ENTITY_RANKING,,,NOT_APPLICABLE_GLOBAL_BASELINE,HF9g-P5,,,,X 全窗基线 · 不参与实体赏罚,14194943,1420,A168_HF9F_20260827_0900,2026-08-27 09:00:00
2026-04-21,110249610,462,0,96.5755447996,5.1128229600,5.1128229600,0.6666667,5,5,0.50128862000000000,0.501288620000,0.5728882611789564,0.5728882611789564,0.5728882611789564,0E-17,ELIGIBLE,R03b_20260811_FULL_v1,L1_ELIGIBILITY,v2026-08-11,2026-03-21..2026-08-06,baccarat_bet02_101_all_pairs_incl_sentinel,round_win = game_pnl > 0 (decisive only),COMPATIBILITY_ONLY_NOT_PRODUCTION,296357.1217,267511.9505,6650.6079,18220,18206,-0.02244119,-0.04150452,-0.02020951,-0.02244119,-6650.6079,296357.1217,OK,0.0000,266.0243,4.0000,96.0000,AG03-UNRESOLVED,ALL5_LEVELS_bet23_to_bet27,266.0243,266.0243,266.0243,332.5304,332.5304,4.000000,4.000000,4.000000,5.000000,5.000000,96.000000,96.000000,96.000000,95.000000,95.000000,5.0,1463.1337,1340.2688,5187.4742,5310.3391,PENDING_AG03,FALSE,NOT_FOR_ENFORCEMENT,6384.5836,256811.4724,6650.6079,6384.5836,266.0243,0.02244119,0.02154355,266.0243,6384.5836,0.02154355,266.0243,266.0243,266.0243,332.5304,332.5304,6384.5836,0.02154355,1463.1337,1340.2688,5187.4742,5310.3391,0.01750413,0.01791872,0.00089765,16.2655,14.6936,0.3653,59.3804,1.1678,2646.0457,162.5536,12.4780,16.8648,9.0895,16.5695,22.0926,29.825,33.4482,44.5976,11.8163,0.0,2.018664,2.691552,0.981654,30,240,141,4,0.10479828,0.02244119,0.04150452,0E-8,0.000000,0.902668,0.011910,-0.02129501,2026-03-22,2026-08-05,112,5695,2177,137,0.817518,0.739886,0.767145,0.349328,,,,,,,,GLOBAL_BASELINE_NO_ENTITY_RANKING,,,NOT_APPLICABLE_GLOBAL_BASELINE,HF9g-P5,,,,X 全窗基线 · 不参与实体赏罚,14194944,1420,A168_HF9F_20260827_0900,2026-08-27 09:00:00
2026-04-21,110249610,526,0,198.8320039992,91.7467675596,91.7467675596,0.7500000,8,8,0.50162375000000000,0.501623750000,1.4050356542380409,1.4050356542380409,1.4050356542380409,0E-17,ELIGIBLE,R03b_20260811_FULL_v1,L1_ELIGIBILITY,v2026-08-11,2026-03-21..2026-08-06,baccarat_bet02_101_all_pairs_incl_sentinel,round_win = game_pnl > 0 (decisive only),COMPATIBILITY_ONLY_NOT_PRODUCTION,296357.1217,267511.9505,6650.6079,18220,18206,-0.02244119,-0.04150452,-0.02020951,-0.02244119,-6650.6079,296357.1217,OK,0.0000,266.0243,4.0000,96.0000,AG03-UNRESOLVED,ALL5_LEVELS_bet23_to_bet27,266.0243,266.0243,266.0243,332.5304,332.5304,4.000000,4.000000,4.000000,5.000000,5.000000,96.000000,96.000000,96.000000,95.000000,95.000000,5.0,1463.1337,1340.2688,5187.4742,5310.3391,PENDING_AG03,FALSE,NOT_FOR_ENFORCEMENT,6384.5836,256811.4724,6650.6079,6384.5836,266.0243,0.02244119,0.02154355,266.0243,6384.5836,0.02154355,266.0243,266.0243,266.0243,332.5304,332.5304,6384.5836,0.02154355,1463.1337,1340.2688,5187.4742,5310.3391,0.01750413,0.01791872,0.00089765,16.2655,14.6936,0.3653,59.3804,1.1678,2646.0457,162.5536,12.4780,16.8648,9.0895,16.5695,22.0926,29.825,33.4482,44.5976,11.8163,0.0,2.018664,2.691552,0.981654,30,240,141,4,0.10479828,0.02244119,0.04150452,0E-8,0.000000,0.902668,0.011910,-0.02129501,2026-03-22,2026-08-05,112,5695,2177,137,0.817518,0.739886,0.767145,0.349328,,,,,,,,GLOBAL_BASELINE_NO_ENTITY_RANKING,,,NOT_APPLICABLE_GLOBAL_BASELINE,HF9g-P5,,,,X 全窗基线 · 不参与实体赏罚,14194945,1420,A168_HF9F_20260827_0900,2026-08-27 09:00:00
2026-04-21,110249610,529,0,60.2176926400,-2.1587474720,-2.1587474720,0.5714286,7,7,0.50090561428571429,0.500905614286,0.3731730247484194,0.373173024746908,0.3731730247484194,-2.8571E-13,ELIGIBLE,R03b_20260811_FULL_v1,L1_ELIGIBILITY,v2026-08-11,2026-03-21..2026-08-06,baccarat_bet02_101_all_pairs_incl_sentinel,round_win = game_pnl > 0 (decisive only),COMPATIBILITY_ONLY_NOT_PRODUCTION,296357.1217,267511.9505,6650.6079,18220,18206,-0.02244119,-0.04150452,-0.02020951,-0.02244119,-6650.6079,296357.1217,OK,0.0000,266.0243,4.0000,96.0000,AG03-UNRESOLVED,ALL5_LEVELS_bet23_to_bet27,266.0243,266.0243,266.0243,332.5304,332.5304,4.000000,4.000000,4.000000,5.000000,5.000000,96.000000,96.000000,96.000000,95.000000,95.000000,5.0,1463.1337,1340.2688,5187.4742,5310.3391,PENDING_AG03,FALSE,NOT_FOR_ENFORCEMENT,6384.5836,256811.4724,6650.6079,6384.5836,266.0243,0.02244119,0.02154355,266.0243,6384.5836,0.02154355,266.0243,266.0243,266.0243,332.5304,332.5304,6384.5836,0.02154355,1463.1337,1340.2688,5187.4742,5310.3391,0.01750413,0.01791872,0.00089765,16.2655,14.6936,0.3653,59.3804,1.1678,2646.0457,162.5536,12.4780,16.8648,9.0895,16.5695,22.0926,29.825,33.4482,44.5976,11.8163,0.0,2.018664,2.691552,0.981654,30,240,141,4,0.10479828,0.02244119,0.04150452,0E-8,0.000000,0.902668,0.011910,-0.02129501,2026-03-22,2026-08-05,112,5695,2177,137,0.817518,0.739886,0.767145,0.349328,,,,,,,,GLOBAL_BASELINE_NO_ENTITY_RANKING,,,NOT_APPLICABLE_GLOBAL_BASELINE,HF9g-P5,,,,X 全窗基线 · 不参与实体赏罚,14194946,1420,A168_HF9F_20260827_0900,2026-08-27 09:00:00
2026-04-21,110249610,550,0,106.8011907198,38.6302179200,38.6302179200,0.7500000,9,9,0.49324550000000000,0.493245500000,1.4525553310976282,1.4525553310976282,1.4525553310976282,0E-17,ELIGIBLE,R03b_20260811_FULL_v1,L1_ELIGIBILITY,v2026-08-11,2026-03-21..2026-08-06,baccarat_bet02_101_all_pairs_incl_sentinel,round_win = game_pnl > 0 (decisive only),COMPATIBILITY_ONLY_NOT_PRODUCTION,296357.1217,267511.9505,6650.6079,18220,18206,-0.02244119,-0.04150452,-0.02020951,-0.02244119,-6650.6079,296357.1217,OK,0.0000,266.0243,4.0000,96.0000,AG03-UNRESOLVED,ALL5_LEVELS_bet23_to_bet27,266.0243,266.0243,266.0243,332.5304,332.5304,4.000000,4.000000,4.000000,5.000000,5.000000,96.000000,96.000000,96.000000,95.000000,95.000000,5.0,1463.1337,1340.2688,5187.4742,5310.3391,PENDING_AG03,FALSE,NOT_FOR_ENFORCEMENT,6384.5836,256811.4724,6650.6079,6384.5836,266.0243,0.02244119,0.02154355,266.0243,6384.5836,0.02154355,266.0243,266.0243,266.0243,332.5304,332.5304,6384.5836,0.02154355,1463.1337,1340.2688,5187.4742,5310.3391,0.01750413,0.01791872,0.00089765,16.2655,14.6936,0.3653,59.3804,1.1678,2646.0457,162.5536,12.4780,16.8648,9.0895,16.5695,22.0926,29.825,33.4482,44.5976,11.8163,0.0,2.018664,2.691552,0.981654,30,240,141,4,0.10479828,0.02244119,0.04150452,0E-8,0.000000,0.902668,0.011910,-0.02129501,2026-03-22,2026-08-05,112,5695,2177,137,0.817518,0.739886,0.767145,0.349328,,,,,,,,GLOBAL_BASELINE_NO_ENTITY_RANKING,,,NOT_APPLICABLE_GLOBAL_BASELINE,HF9g-P5,,,,X 全窗基线 · 不参与实体赏罚,14194947,1420,A168_HF9F_20260827_0900,2026-08-27 09:00:00
2026-04-21,110249610,583,0,64.7624241597,-31.5290749199,-31.5290749199,0.3333333,3,3,0.50665070000000000,0.506650700000,-0.6004420894325239,-0.6004420894325239,-0.6004420894325239,0E-17,ELIGIBLE,R03b_20260811_FULL_v1,L1_ELIGIBILITY,v2026-08-11,2026-03-21..2026-08-06,baccarat_bet02_101_all_pairs_incl_sentinel,round_win = game_pnl > 0 (decisive only),COMPATIBILITY_ONLY_NOT_PRODUCTION,296357.1217,267511.9505,6650.6079,18220,18206,-0.02244119,-0.04150452,-0.02020951,-0.02244119,-6650.6079,296357.1217,OK,0.0000,266.0243,4.0000,96.0000,AG03-UNRESOLVED,ALL5_LEVELS_bet23_to_bet27,266.0243,266.0243,266.0243,332.5304,332.5304,4.000000,4.000000,4.000000,5.000000,5.000000,96.000000,96.000000,96.000000,95.000000,95.000000,5.0,1463.1337,1340.2688,5187.4742,5310.3391,PENDING_AG03,FALSE,NOT_FOR_ENFORCEMENT,6384.5836,256811.4724,6650.6079,6384.5836,266.0243,0.02244119,0.02154355,266.0243,6384.5836,0.02154355,266.0243,266.0243,266.0243,332.5304,332.5304,6384.5836,0.02154355,1463.1337,1340.2688,5187.4742,5310.3391,0.01750413,0.01791872,0.00089765,16.2655,14.6936,0.3653,59.3804,1.1678,2646.0457,162.5536,12.4780,16.8648,9.0895,16.5695,22.0926,29.825,33.4482,44.5976,11.8163,0.0,2.018664,2.691552,0.981654,30,240,141,4,0.10479828,0.02244119,0.04150452,0E-8,0.000000,0.902668,0.011910,-0.02129501,2026-03-22,2026-08-05,112,5695,2177,137,0.817518,0.739886,0.767145,0.349328,,,,,,,,GLOBAL_BASELINE_NO_ENTITY_RANKING,,,NOT_APPLICABLE_GLOBAL_BASELINE,HF9g-P5,,,,X 全窗基线 · 不参与实体赏罚,14194948,1420,A168_HF9F_20260827_0900,2026-08-27 09:00:00
2026-04-21,110249610,772,0,29.5407548800,-7.3851887200,-7.3851887200,0.3333333,3,3,0.50665070000000000,0.506650700000,-0.6004420894325239,-0.6004420894325239,-0.6004420894325239,0E-17,ELIGIBLE,R03b_20260811_FULL_v1,L1_ELIGIBILITY,v2026-08-11,2026-03-21..2026-08-06,baccarat_bet02_101_all_pairs_incl_sentinel,round_win = game_pnl > 0 (decisive only),COMPATIBILITY_ONLY_NOT_PRODUCTION,296357.1217,267511.9505,6650.6079,18220,18206,-0.02244119,-0.04150452,-0.02020951,-0.02244119,-6650.6079,296357.1217,OK,0.0000,266.0243,4.0000,96.0000,AG03-UNRESOLVED,ALL5_LEVELS_bet23_to_bet27,266.0243,266.0243,266.0243,332.5304,332.5304,4.000000,4.000000,4.000000,5.000000,5.000000,96.000000,96.000000,96.000000,95.000000,95.000000,5.0,1463.1337,1340.2688,5187.4742,5310.3391,PENDING_AG03,FALSE,NOT_FOR_ENFORCEMENT,6384.5836,256811.4724,6650.6079,6384.5836,266.0243,0.02244119,0.02154355,266.0243,6384.5836,0.02154355,266.0243,266.0243,266.0243,332.5304,332.5304,6384.5836,0.02154355,1463.1337,1340.2688,5187.4742,5310.3391,0.01750413,0.01791872,0.00089765,16.2655,14.6936,0.3653,59.3804,1.1678,2646.0457,162.5536,12.4780,16.8648,9.0895,16.5695,22.0926,29.825,33.4482,44.5976,11.8163,0.0,2.018664,2.691552,0.981654,30,240,141,4,0.10479828,0.02244119,0.04150452,0E-8,0.000000,0.902668,0.011910,-0.02129501,2026-03-22,2026-08-05,112,5695,2177,137,0.817518,0.739886,0.767145,0.349328,,,,,,,,GLOBAL_BASELINE_NO_ENTITY_RANKING,,,NOT_APPLICABLE_GLOBAL_BASELINE,HF9g-P5,,,,X 全窗基线 · 不参与实体赏罚,14194949,1420,A168_HF9F_20260827_0900,2026-08-27 09:00:00
2026-04-21,110249610,789,0,133.5014883995,66.8927670597,66.8927670597,0.7500000,6,6,0.50665070000000000,0.506650700000,0.9734833216690844,0.9734833216690844,0.9734833216690844,0E-17,ELIGIBLE,R03b_20260811_FULL_v1,L1_ELIGIBILITY,v2026-08-11,2026-03-21..2026-08-06,baccarat_bet02_101_all_pairs_incl_sentinel,round_win = game_pnl > 0 (decisive only),COMPATIBILITY_ONLY_NOT_PRODUCTION,296357.1217,267511.9505,6650.6079,18220,18206,-0.02244119,-0.04150452,-0.02020951,-0.02244119,-6650.6079,296357.1217,OK,0.0000,266.0243,4.0000,96.0000,AG03-UNRESOLVED,ALL5_LEVELS_bet23_to_bet27,266.0243,266.0243,266.0243,332.5304,332.5304,4.000000,4.000000,4.000000,5.000000,5.000000,96.000000,96.000000,96.000000,95.000000,95.000000,5.0,1463.1337,1340.2688,5187.4742,5310.3391,PENDING_AG03,FALSE,NOT_FOR_ENFORCEMENT,6384.5836,256811.4724,6650.6079,6384.5836,266.0243,0.02244119,0.02154355,266.0243,6384.5836,0.02154355,266.0243,266.0243,266.0243,332.5304,332.5304,6384.5836,0.02154355,1463.1337,1340.2688,5187.4742,5310.3391,0.01750413,0.01791872,0.00089765,16.2655,14.6936,0.3653,59.3804,1.1678,2646.0457,162.5536,12.4780,16.8648,9.0895,16.5695,22.0926,29.825,33.4482,44.5976,11.8163,0.0,2.018664,2.691552,0.981654,30,240,141,4,0.10479828,0.02244119,0.04150452,0E-8,0.000000,0.902668,0.011910,-0.02129501,2026-03-22,2026-08-05,112,5695,2177,137,0.817518,0.739886,0.767145,0.349328,,,,,,,,GLOBAL_BASELINE_NO_ENTITY_RANKING,,,NOT_APPLICABLE_GLOBAL_BASELINE,HF9g-P5,,,,X 全窗基线 · 不参与实体赏罚,14194950,1420,A168_HF9F_20260827_0900,2026-08-27 09:00:00
2026-04-21,110249610,948,0,112.4821051194,-23.5757947599,-23.5757947599,0.4000000,6,6,0.49994810000000000,0.499948100000,-0.4469814940518811,-0.4469814940518811,-0.4469814940518811,0E-17,ELIGIBLE,R03b_20260811_FULL_v1,L1_ELIGIBILITY,v2026-08-11,2026-03-21..2026-08-06,baccarat_bet02_101_all_pairs_incl_sentinel,round_win = game_pnl > 0 (decisive only),COMPATIBILITY_ONLY_NOT_PRODUCTION,296357.1217,267511.9505,6650.6079,18220,18206,-0.02244119,-0.04150452,-0.02020951,-0.02244119,-6650.6079,296357.1217,OK,0.0000,266.0243,4.0000,96.0000,AG03-UNRESOLVED,ALL5_LEVELS_bet23_to_bet27,266.0243,266.0243,266.0243,332.5304,332.5304,4.000000,4.000000,4.000000,5.000000,5.000000,96.000000,96.000000,96.000000,95.000000,95.000000,5.0,1463.1337,1340.2688,5187.4742,5310.3391,PENDING_AG03,FALSE,NOT_FOR_ENFORCEMENT,6384.5836,256811.4724,6650.6079,6384.5836,266.0243,0.02244119,0.02154355,266.0243,6384.5836,0.02154355,266.0243,266.0243,266.0243,332.5304,332.5304,6384.5836,0.02154355,1463.1337,1340.2688,5187.4742,5310.3391,0.01750413,0.01791872,0.00089765,16.2655,14.6936,0.3653,59.3804,1.1678,2646.0457,162.5536,12.4780,16.8648,9.0895,16.5695,22.0926,29.825,33.4482,44.5976,11.8163,0.0,2.018664,2.691552,0.981654,30,240,141,4,0.10479828,0.02244119,0.04150452,0E-8,0.000000,0.902668,0.011910,-0.02129501,2026-03-22,2026-08-05,112,5695,2177,137,0.817518,0.739886,0.767145,0.349328,,,,,,,,GLOBAL_BASELINE_NO_ENTITY_RANKING,,,NOT_APPLICABLE_GLOBAL_BASELINE,HF9g-P5,,,,X 全窗基线 · 不参与实体赏罚,14194951,1420,A168_HF9F_20260827_0900,2026-08-27 09:00:00
2026-04-21,110249610,994,0,131.3427409275,23.9734587679,23.9734587679,0.6250000,9,9,0.49771390000000000,0.497713900000,0.7200464420157047,0.7200464420157048,0.7200464420157047,0E-17,ELIGIBLE,R03b_20260811_FULL_v1,L1_ELIGIBILITY,v2026-08-11,2026-03-21..2026-08-06,baccarat_bet02_101_all_pairs_incl_sentinel,round_win = game_pnl > 0 (decisive only),COMPATIBILITY_ONLY_NOT_PRODUCTION,296357.1217,267511.9505,6650.6079,18220,18206,-0.02244119,-0.04150452,-0.02020951,-0.02244119,-6650.6079,296357.1217,OK,0.0000,266.0243,4.0000,96.0000,AG03-UNRESOLVED,ALL5_LEVELS_bet23_to_bet27,266.0243,266.0243,266.0243,332.5304,332.5304,4.000000,4.000000,4.000000,5.000000,5.000000,96.000000,96.000000,96.000000,95.000000,95.000000,5.0,1463.1337,1340.2688,5187.4742,5310.3391,PENDING_AG03,FALSE,NOT_FOR_ENFORCEMENT,6384.5836,256811.4724,6650.6079,6384.5836,266.0243,0.02244119,0.02154355,266.0243,6384.5836,0.02154355,266.0243,266.0243,266.0243,332.5304,332.5304,6384.5836,0.02154355,1463.1337,1340.2688,5187.4742,5310.3391,0.01750413,0.01791872,0.00089765,16.2655,14.6936,0.3653,59.3804,1.1678,2646.0457,162.5536,12.4780,16.8648,9.0895,16.5695,22.0926,29.825,33.4482,44.5976,11.8163,0.0,2.018664,2.691552,0.981654,30,240,141,4,0.10479828,0.02244119,0.04150452,0E-8,0.000000,0.902668,0.011910,-0.02129501,2026-03-22,2026-08-05,112,5695,2177,137,0.817518,0.739886,0.767145,0.349328,,,,,,,,GLOBAL_BASELINE_NO_ENTITY_RANKING,,,NOT_APPLICABLE_GLOBAL_BASELINE,HF9g-P5,,,,X 全窗基线 · 不参与实体赏罚,14194952,1420,A168_HF9F_20260827_0900,2026-08-27 09:00:00
2026-04-22,110249610,-1,1,1477.4922171481,119.2878405711,119.2878405711,0.5365854,91,91,0.49928520549450549,0.499285205495,0.6755353258373157,0.6755353258283588,0.6755353258373157,-4.9451E-13,SENTINEL_DEALER,R03b_20260811_FULL_v1,L1_ELIGIBILITY,v2026-08-11,2026-03-21..2026-08-06,baccarat_bet02_101_all_pairs_incl_sentinel,round_win = game_pnl > 0 (decisive only),COMPATIBILITY_ONLY_NOT_PRODUCTION,296357.1217,267511.9505,6650.6079,18220,18206,-0.02244119,-0.04150452,-0.02020951,-0.02244119,-6650.6079,296357.1217,OK,0.0000,266.0243,4.0000,96.0000,AG03-UNRESOLVED,ALL5_LEVELS_bet23_to_bet27,266.0243,266.0243,266.0243,332.5304,332.5304,4.000000,4.000000,4.000000,5.000000,5.000000,96.000000,96.000000,96.000000,95.000000,95.000000,5.0,1463.1337,1340.2688,5187.4742,5310.3391,PENDING_AG03,FALSE,NOT_FOR_ENFORCEMENT,6384.5836,256811.4724,6650.6079,6384.5836,266.0243,0.02244119,0.02154355,266.0243,6384.5836,0.02154355,266.0243,266.0243,266.0243,332.5304,332.5304,6384.5836,0.02154355,1463.1337,1340.2688,5187.4742,5310.3391,0.01750413,0.01791872,0.00089765,16.2655,14.6936,0.3653,59.3804,1.1678,2646.0457,162.5536,12.4780,16.8648,9.0895,16.5695,22.0926,29.825,33.4482,44.5976,11.8163,0.0,2.018664,2.691552,0.981654,30,240,141,4,0.10479828,0.02244119,0.04150452,0E-8,0.000000,0.902668,0.011910,-0.02129501,2026-03-22,2026-08-05,112,5695,2177,137,0.817518,0.739886,0.767145,0.349328,,,,,,,,GLOBAL_BASELINE_NO_ENTITY_RANKING,,,NOT_APPLICABLE_GLOBAL_BASELINE,HF9g-P5,,,,X 全窗基线 · 不参与实体赏罚,14194953,1420,A168_HF9F_20260827_0900,2026-08-27 09:00:00
2026-04-22,110249610,1017,0,17.0427431999,-17.0427431999,-17.0427431999,0E-7,1,1,0.50665070000000000,0.506650700000,-1.013391052207602,-1.013391052207602,-1.013391052207602,0E-17,ELIGIBLE,R03b_20260811_FULL_v1,L1_ELIGIBILITY,v2026-08-11,2026-03-21..2026-08-06,baccarat_bet02_101_all_pairs_incl_sentinel,round_win = game_pnl > 0 (decisive only),COMPATIBILITY_ONLY_NOT_PRODUCTION,296357.1217,267511.9505,6650.6079,18220,18206,-0.02244119,-0.04150452,-0.02020951,-0.02244119,-6650.6079,296357.1217,OK,0.0000,266.0243,4.0000,96.0000,AG03-UNRESOLVED,ALL5_LEVELS_bet23_to_bet27,266.0243,266.0243,266.0243,332.5304,332.5304,4.000000,4.000000,4.000000,5.000000,5.000000,96.000000,96.000000,96.000000,95.000000,95.000000,5.0,1463.1337,1340.2688,5187.4742,5310.3391,PENDING_AG03,FALSE,NOT_FOR_ENFORCEMENT,6384.5836,256811.4724,6650.6079,6384.5836,266.0243,0.02244119,0.02154355,266.0243,6384.5836,0.02154355,266.0243,266.0243,266.0243,332.5304,332.5304,6384.5836,0.02154355,1463.1337,1340.2688,5187.4742,5310.3391,0.01750413,0.01791872,0.00089765,16.2655,14.6936,0.3653,59.3804,1.1678,2646.0457,162.5536,12.4780,16.8648,9.0895,16.5695,22.0926,29.825,33.4482,44.5976,11.8163,0.0,2.018664,2.691552,0.981654,30,240,141,4,0.10479828,0.02244119,0.04150452,0E-8,0.000000,0.902668,0.011910,-0.02129501,2026-03-22,2026-08-05,112,5695,2177,137,0.817518,0.739886,0.767145,0.349328,,,,,,,,GLOBAL_BASELINE_NO_ENTITY_RANKING,,,NOT_APPLICABLE_GLOBAL_BASELINE,HF9g-P5,,,,X 全窗基线 · 不参与实体赏罚,14194954,1420,A168_HF9F_20260827_0900,2026-08-27 09:00:00
2026-04-22,110249610,1094,0,17.0427431999,0E-10,0E-10,,1,1,0.50665070000000000,0.506650700000,,,,0E-17,NO_DECISIVE_ROUND,R03b_20260811_FULL_v1,L1_ELIGIBILITY,v2026-08-11,2026-03-21..2026-08-06,baccarat_bet02_101_all_pairs_incl_sentinel,round_win = game_pnl > 0 (decisive only),COMPATIBILITY_ONLY_NOT_PRODUCTION,296357.1217,267511.9505,6650.6079,18220,18206,-0.02244119,-0.04150452,-0.02020951,-0.02244119,-6650.6079,296357.1217,OK,0.0000,266.0243,4.0000,96.0000,AG03-UNRESOLVED,ALL5_LEVELS_bet23_to_bet27,266.0243,266.0243,266.0243,332.5304,332.5304,4.000000,4.000000,4.000000,5.000000,5.000000,96.000000,96.000000,96.000000,95.000000,95.000000,5.0,1463.1337,1340.2688,5187.4742,5310.3391,PENDING_AG03,FALSE,NOT_FOR_ENFORCEMENT,6384.5836,256811.4724,6650.6079,6384.5836,266.0243,0.02244119,0.02154355,266.0243,6384.5836,0.02154355,266.0243,266.0243,266.0243,332.5304,332.5304,6384.5836,0.02154355,1463.1337,1340.2688,5187.4742,5310.3391,0.01750413,0.01791872,0.00089765,16.2655,14.6936,0.3653,59.3804,1.1678,2646.0457,162.5536,12.4780,16.8648,9.0895,16.5695,22.0926,29.825,33.4482,44.5976,11.8163,0.0,2.018664,2.691552,0.981654,30,240,141,4,0.10479828,0.02244119,0.04150452,0E-8,0.000000,0.902668,0.011910,-0.02129501,2026-03-22,2026-08-05,112,5695,2177,137,0.817518,0.739886,0.767145,0.349328,,,,,,,,GLOBAL_BASELINE_NO_ENTITY_RANKING,,,NOT_APPLICABLE_GLOBAL_BASELINE,HF9g-P5,,,,X 全窗基线 · 不参与实体赏罚,14194955,1420,A168_HF9F_20260827_0900,2026-08-27 09:00:00
2026-04-22,110249610,1151,0,173.8359806393,-3.2381212081,-3.2381212081,0.8000000,5,5,0.50665070000000000,0.506650700000,1.3120140225494112,1.3120140225494112,1.3120140225494112,0E-17,ELIGIBLE,R03b_20260811_FULL_v1,L1_ELIGIBILITY,v2026-08-11,2026-03-21..2026-08-06,baccarat_bet02_101_all_pairs_incl_sentinel,round_win = game_pnl > 0 (decisive only),COMPATIBILITY_ONLY_NOT_PRODUCTION,296357.1217,267511.9505,6650.6079,18220,18206,-0.02244119,-0.04150452,-0.02020951,-0.02244119,-6650.6079,296357.1217,OK,0.0000,266.0243,4.0000,96.0000,AG03-UNRESOLVED,ALL5_LEVELS_bet23_to_bet27,266.0243,266.0243,266.0243,332.5304,332.5304,4.000000,4.000000,4.000000,5.000000,5.000000,96.000000,96.000000,96.000000,95.000000,95.000000,5.0,1463.1337,1340.2688,5187.4742,5310.3391,PENDING_AG03,FALSE,NOT_FOR_ENFORCEMENT,6384.5836,256811.4724,6650.6079,6384.5836,266.0243,0.02244119,0.02154355,266.0243,6384.5836,0.02154355,266.0243,266.0243,266.0243,332.5304,332.5304,6384.5836,0.02154355,1463.1337,1340.2688,5187.4742,5310.3391,0.01750413,0.01791872,0.00089765,16.2655,14.6936,0.3653,59.3804,1.1678,2646.0457,162.5536,12.4780,16.8648,9.0895,16.5695,22.0926,29.825,33.4482,44.5976,11.8163,0.0,2.018664,2.691552,0.981654,30,240,141,4,0.10479828,0.02244119,0.04150452,0E-8,0.000000,0.902668,0.011910,-0.02129501,2026-03-22,2026-08-05,112,5695,2177,137,0.817518,0.739886,0.767145,0.349328,,,,,,,,GLOBAL_BASELINE_NO_ENTITY_RANKING,,,NOT_APPLICABLE_GLOBAL_BASELINE,HF9g-P5,,,,X 全窗基线 · 不参与实体赏罚,14194956,1420,A168_HF9F_20260827_0900,2026-08-27 09:00:00
2026-04-22,110249610,1157,0,37.4940350398,-4.2606858000,-4.2606858000,0.5000000,2,2,0.50665070000000000,0.506650700000,-0.018812684590367487,-0.018812684590367487,-0.018812684590367487,0E-17,ELIGIBLE,R03b_20260811_FULL_v1,L1_ELIGIBILITY,v2026-08-11,2026-03-21..2026-08-06,baccarat_bet02_101_all_pairs_incl_sentinel,round_win = game_pnl > 0 (decisive only),COMPATIBILITY_ONLY_NOT_PRODUCTION,296357.1217,267511.9505,6650.6079,18220,18206,-0.02244119,-0.04150452,-0.02020951,-0.02244119,-6650.6079,296357.1217,OK,0.0000,266.0243,4.0000,96.0000,AG03-UNRESOLVED,ALL5_LEVELS_bet23_to_bet27,266.0243,266.0243,266.0243,332.5304,332.5304,4.000000,4.000000,4.000000,5.000000,5.000000,96.000000,96.000000,96.000000,95.000000,95.000000,5.0,1463.1337,1340.2688,5187.4742,5310.3391,PENDING_AG03,FALSE,NOT_FOR_ENFORCEMENT,6384.5836,256811.4724,6650.6079,6384.5836,266.0243,0.02244119,0.02154355,266.0243,6384.5836,0.02154355,266.0243,266.0243,266.0243,332.5304,332.5304,6384.5836,0.02154355,1463.1337,1340.2688,5187.4742,5310.3391,0.01750413,0.01791872,0.00089765,16.2655,14.6936,0.3653,59.3804,1.1678,2646.0457,162.5536,12.4780,16.8648,9.0895,16.5695,22.0926,29.825,33.4482,44.5976,11.8163,0.0,2.018664,2.691552,0.981654,30,240,141,4,0.10479828,0.02244119,0.04150452,0E-8,0.000000,0.902668,0.011910,-0.02129501,2026-03-22,2026-08-05,112,5695,2177,137,0.817518,0.739886,0.767145,0.349328,,,,,,,,GLOBAL_BASELINE_NO_ENTITY_RANKING,,,NOT_APPLICABLE_GLOBAL_BASELINE,HF9g-P5,,,,X 全窗基线 · 不参与实体赏罚,14194957,1420,A168_HF9F_20260827_0900,2026-08-27 09:00:00
2026-04-22,110249610,1205,0,26.1322062399,-26.1322062399,-26.1322062399,0E-7,2,2,0.49994810000000000,0.499948100000,-1.4140667746232096,-1.4140667746232096,-1.4140667746232096,0E-17,ELIGIBLE,R03b_20260811_FULL_v1,L1_ELIGIBILITY,v2026-08-11,2026-03-21..2026-08-06,baccarat_bet02_101_all_pairs_incl_sentinel,round_win = game_pnl > 0 (decisive only),COMPATIBILITY_ONLY_NOT_PRODUCTION,296357.1217,267511.9505,6650.6079,18220,18206,-0.02244119,-0.04150452,-0.02020951,-0.02244119,-6650.6079,296357.1217,OK,0.0000,266.0243,4.0000,96.0000,AG03-UNRESOLVED,ALL5_LEVELS_bet23_to_bet27,266.0243,266.0243,266.0243,332.5304,332.5304,4.000000,4.000000,4.000000,5.000000,5.000000,96.000000,96.000000,96.000000,95.000000,95.000000,5.0,1463.1337,1340.2688,5187.4742,5310.3391,PENDING_AG03,FALSE,NOT_FOR_ENFORCEMENT,6384.5836,256811.4724,6650.6079,6384.5836,266.0243,0.02244119,0.02154355,266.0243,6384.5836,0.02154355,266.0243,266.0243,266.0243,332.5304,332.5304,6384.5836,0.02154355,1463.1337,1340.2688,5187.4742,5310.3391,0.01750413,0.01791872,0.00089765,16.2655,14.6936,0.3653,59.3804,1.1678,2646.0457,162.5536,12.4780,16.8648,9.0895,16.5695,22.0926,29.825,33.4482,44.5976,11.8163,0.0,2.018664,2.691552,0.981654,30,240,141,4,0.10479828,0.02244119,0.04150452,0E-8,0.000000,0.902668,0.011910,-0.02129501,2026-03-22,2026-08-05,112,5695,2177,137,0.817518,0.739886,0.767145,0.349328,,,,,,,,GLOBAL_BASELINE_NO_ENTITY_RANKING,,,NOT_APPLICABLE_GLOBAL_BASELINE,HF9g-P5,,,,X 全窗基线 · 不参与实体赏罚,14194958,1420,A168_HF9F_20260827_0900,2026-08-27 09:00:00
2026-04-22,110249610,1302,0,136.3419455996,28.1773354240,28.1773354240,0.7142857,9,9,0.50665070000000000,0.506650700000,1.098798430526454,1.098798430526454,1.098798430526454,0E-17,ELIGIBLE,R03b_20260811_FULL_v1,L1_ELIGIBILITY,v2026-08-11,2026-03-21..2026-08-06,baccarat_bet02_101_all_pairs_incl_sentinel,round_win = game_pnl > 0 (decisive only),COMPATIBILITY_ONLY_NOT_PRODUCTION,296357.1217,267511.9505,6650.6079,18220,18206,-0.02244119,-0.04150452,-0.02020951,-0.02244119,-6650.6079,296357.1217,OK,0.0000,266.0243,4.0000,96.0000,AG03-UNRESOLVED,ALL5_LEVELS_bet23_to_bet27,266.0243,266.0243,266.0243,332.5304,332.5304,4.000000,4.000000,4.000000,5.000000,5.000000,96.000000,96.000000,96.000000,95.000000,95.000000,5.0,1463.1337,1340.2688,5187.4742,5310.3391,PENDING_AG03,FALSE,NOT_FOR_ENFORCEMENT,6384.5836,256811.4724,6650.6079,6384.5836,266.0243,0.02244119,0.02154355,266.0243,6384.5836,0.02154355,266.0243,266.0243,266.0243,332.5304,332.5304,6384.5836,0.02154355,1463.1337,1340.2688,5187.4742,5310.3391,0.01750413,0.01791872,0.00089765,16.2655,14.6936,0.3653,59.3804,1.1678,2646.0457,162.5536,12.4780,16.8648,9.0895,16.5695,22.0926,29.825,33.4482,44.5976,11.8163,0.0,2.018664,2.691552,0.981654,30,240,141,4,0.10479828,0.02244119,0.04150452,0E-8,0.000000,0.902668,0.011910,-0.02129501,2026-03-22,2026-08-05,112,5695,2177,137,0.817518,0.739886,0.767145,0.349328,,,,,,,,GLOBAL_BASELINE_NO_ENTITY_RANKING,,,NOT_APPLICABLE_GLOBAL_BASELINE,HF9g-P5,,,,X 全窗基线 · 不参与实体赏罚,14194959,1420,A168_HF9F_20260827_0900,2026-08-27 09:00:00
2026-04-22,110249610,1304,0,34.0854864000,0E-10,0E-10,0.5000000,3,3,0.49324550000000000,0.493245500000,0.01910635448239258,0.01910635448239258,0.01910635448239258,0E-17,ELIGIBLE,R03b_20260811_FULL_v1,L1_ELIGIBILITY,v2026-08-11,2026-03-21..2026-08-06,baccarat_bet02_101_all_pairs_incl_sentinel,round_win = game_pnl > 0 (decisive only),COMPATIBILITY_ONLY_NOT_PRODUCTION,296357.1217,267511.9505,6650.6079,18220,18206,-0.02244119,-0.04150452,-0.02020951,-0.02244119,-6650.6079,296357.1217,OK,0.0000,266.0243,4.0000,96.0000,AG03-UNRESOLVED,ALL5_LEVELS_bet23_to_bet27,266.0243,266.0243,266.0243,332.5304,332.5304,4.000000,4.000000,4.000000,5.000000,5.000000,96.000000,96.000000,96.000000,95.000000,95.000000,5.0,1463.1337,1340.2688,5187.4742,5310.3391,PENDING_AG03,FALSE,NOT_FOR_ENFORCEMENT,6384.5836,256811.4724,6650.6079,6384.5836,266.0243,0.02244119,0.02154355,266.0243,6384.5836,0.02154355,266.0243,266.0243,266.0243,332.5304,332.5304,6384.5836,0.02154355,1463.1337,1340.2688,5187.4742,5310.3391,0.01750413,0.01791872,0.00089765,16.2655,14.6936,0.3653,59.3804,1.1678,2646.0457,162.5536,12.4780,16.8648,9.0895,16.5695,22.0926,29.825,33.4482,44.5976,11.8163,0.0,2.018664,2.691552,0.981654,30,240,141,4,0.10479828,0.02244119,0.04150452,0E-8,0.000000,0.902668,0.011910,-0.02129501,2026-03-22,2026-08-05,112,5695,2177,137,0.817518,0.739886,0.767145,0.349328,,,,,,,,GLOBAL_BASELINE_NO_ENTITY_RANKING,,,NOT_APPLICABLE_GLOBAL_BASELINE,HF9g-P5,,,,X 全窗基线 · 不参与实体赏罚,14194960,1420,A168_HF9F_20260827_0900,2026-08-27 09:00:00
2026-04-22,110249610,1306,0,105.6650078397,-50.2760924397,-50.2760924397,0.3750000,8,8,0.50162375000000000,0.501623750000,-0.7162958754040458,-0.7162958754040458,-0.7162958754040458,0E-17,ELIGIBLE,R03b_20260811_FULL_v1,L1_ELIGIBILITY,v2026-08-11,2026-03-21..2026-08-06,baccarat_bet02_101_all_pairs_incl_sentinel,round_win = game_pnl > 0 (decisive only),COMPATIBILITY_ONLY_NOT_PRODUCTION,296357.1217,267511.9505,6650.6079,18220,18206,-0.02244119,-0.04150452,-0.02020951,-0.02244119,-6650.6079,296357.1217,OK,0.0000,266.0243,4.0000,96.0000,AG03-UNRESOLVED,ALL5_LEVELS_bet23_to_bet27,266.0243,266.0243,266.0243,332.5304,332.5304,4.000000,4.000000,4.000000,5.000000,5.000000,96.000000,96.000000,96.000000,95.000000,95.000000,5.0,1463.1337,1340.2688,5187.4742,5310.3391,PENDING_AG03,FALSE,NOT_FOR_ENFORCEMENT,6384.5836,256811.4724,6650.6079,6384.5836,266.0243,0.02244119,0.02154355,266.0243,6384.5836,0.02154355,266.0243,266.0243,266.0243,332.5304,332.5304,6384.5836,0.02154355,1463.1337,1340.2688,5187.4742,5310.3391,0.01750413,0.01791872,0.00089765,16.2655,14.6936,0.3653,59.3804,1.1678,2646.0457,162.5536,12.4780,16.8648,9.0895,16.5695,22.0926,29.825,33.4482,44.5976,11.8163,0.0,2.018664,2.691552,0.981654,30,240,141,4,0.10479828,0.02244119,0.04150452,0E-8,0.000000,0.902668,0.011910,-0.02129501,2026-03-22,2026-08-05,112,5695,2177,137,0.817518,0.739886,0.767145,0.349328,,,,,,,,GLOBAL_BASELINE_NO_ENTITY_RANKING,,,NOT_APPLICABLE_GLOBAL_BASELINE,HF9g-P5,,,,X 全窗基线 · 不参与实体赏罚,14194961,1420,A168_HF9F_20260827_0900,2026-08-27 09:00:00
2026-04-22,110249610,1331,0,18.1789260800,0E-10,0E-10,0.5000000,2,2,0.49324550000000000,0.493245500000,0.01910635448239258,0.01910635448239258,0.01910635448239258,0E-17,ELIGIBLE,R03b_20260811_FULL_v1,L1_ELIGIBILITY,v2026-08-11,2026-03-21..2026-08-06,baccarat_bet02_101_all_pairs_incl_sentinel,round_win = game_pnl > 0 (decisive only),COMPATIBILITY_ONLY_NOT_PRODUCTION,296357.1217,267511.9505,6650.6079,18220,18206,-0.02244119,-0.04150452,-0.02020951,-0.02244119,-6650.6079,296357.1217,OK,0.0000,266.0243,4.0000,96.0000,AG03-UNRESOLVED,ALL5_LEVELS_bet23_to_bet27,266.0243,266.0243,266.0243,332.5304,332.5304,4.000000,4.000000,4.000000,5.000000,5.000000,96.000000,96.000000,96.000000,95.000000,95.000000,5.0,1463.1337,1340.2688,5187.4742,5310.3391,PENDING_AG03,FALSE,NOT_FOR_ENFORCEMENT,6384.5836,256811.4724,6650.6079,6384.5836,266.0243,0.02244119,0.02154355,266.0243,6384.5836,0.02154355,266.0243,266.0243,266.0243,332.5304,332.5304,6384.5836,0.02154355,1463.1337,1340.2688,5187.4742,5310.3391,0.01750413,0.01791872,0.00089765,16.2655,14.6936,0.3653,59.3804,1.1678,2646.0457,162.5536,12.4780,16.8648,9.0895,16.5695,22.0926,29.825,33.4482,44.5976,11.8163,0.0,2.018664,2.691552,0.981654,30,240,141,4,0.10479828,0.02244119,0.04150452,0E-8,0.000000,0.902668,0.011910,-0.02129501,2026-03-22,2026-08-05,112,5695,2177,137,0.817518,0.739886,0.767145,0.349328,,,,,,,,GLOBAL_BASELINE_NO_ENTITY_RANKING,,,NOT_APPLICABLE_GLOBAL_BASELINE,HF9g-P5,,,,X 全窗基线 · 不参与实体赏罚,14194962,1420,A168_HF9F_20260827_0900,2026-08-27 09:00:00
2026-04-22,110249610,1400,0,331.1973095187,-13.5205762720,-13.5205762720,0.5333333,17,17,0.49876528823529412,0.498765288235,0.26776374237123857,0.26776374237351724,0.26776374237123857,2.9412E-13,ELIGIBLE,R03b_20260811_FULL_v1,L1_ELIGIBILITY,v2026-08-11,2026-03-21..2026-08-06,baccarat_bet02_101_all_pairs_incl_sentinel,round_win = game_pnl > 0 (decisive only),COMPATIBILITY_ONLY_NOT_PRODUCTION,296357.1217,267511.9505,6650.6079,18220,18206,-0.02244119,-0.04150452,-0.02020951,-0.02244119,-6650.6079,296357.1217,OK,0.0000,266.0243,4.0000,96.0000,AG03-UNRESOLVED,ALL5_LEVELS_bet23_to_bet27,266.0243,266.0243,266.0243,332.5304,332.5304,4.000000,4.000000,4.000000,5.000000,5.000000,96.000000,96.000000,96.000000,95.000000,95.000000,5.0,1463.1337,1340.2688,5187.4742,5310.3391,PENDING_AG03,FALSE,NOT_FOR_ENFORCEMENT,6384.5836,256811.4724,6650.6079,6384.5836,266.0243,0.02244119,0.02154355,266.0243,6384.5836,0.02154355,266.0243,266.0243,266.0243,332.5304,332.5304,6384.5836,0.02154355,1463.1337,1340.2688,5187.4742,5310.3391,0.01750413,0.01791872,0.00089765,16.2655,14.6936,0.3653,59.3804,1.1678,2646.0457,162.5536,12.4780,16.8648,9.0895,16.5695,22.0926,29.825,33.4482,44.5976,11.8163,0.0,2.018664,2.691552,0.981654,30,240,141,4,0.10479828,0.02244119,0.04150452,0E-8,0.000000,0.902668,0.011910,-0.02129501,2026-03-22,2026-08-05,112,5695,2177,137,0.817518,0.739886,0.767145,0.349328,,,,,,,,GLOBAL_BASELINE_NO_ENTITY_RANKING,,,NOT_APPLICABLE_GLOBAL_BASELINE,HF9g-P5,,,,X 全窗基线 · 不参与实体赏罚,14194963,1420,A168_HF9F_20260827_0900,2026-08-27 09:00:00
2026-04-22,110249610,1485,0,353.2392573907,97.8253459676,97.8253459676,0.6428571,15,15,0.49324550000000000,0.493245500000,1.1196931900793123,1.1196931900793123,1.1196931900793123,0E-17,ELIGIBLE,R03b_20260811_FULL_v1,L1_ELIGIBILITY,v2026-08-11,2026-03-21..2026-08-06,baccarat_bet02_101_all_pairs_incl_sentinel,round_win = game_pnl > 0 (decisive only),COMPATIBILITY_ONLY_NOT_PRODUCTION,296357.1217,267511.9505,6650.6079,18220,18206,-0.02244119,-0.04150452,-0.02020951,-0.02244119,-6650.6079,296357.1217,OK,0.0000,266.0243,4.0000,96.0000,AG03-UNRESOLVED,ALL5_LEVELS_bet23_to_bet27,266.0243,266.0243,266.0243,332.5304,332.5304,4.000000,4.000000,4.000000,5.000000,5.000000,96.000000,96.000000,96.000000,95.000000,95.000000,5.0,1463.1337,1340.2688,5187.4742,5310.3391,PENDING_AG03,FALSE,NOT_FOR_ENFORCEMENT,6384.5836,256811.4724,6650.6079,6384.5836,266.0243,0.02244119,0.02154355,266.0243,6384.5836,0.02154355,266.0243,266.0243,266.0243,332.5304,332.5304,6384.5836,0.02154355,1463.1337,1340.2688,5187.4742,5310.3391,0.01750413,0.01791872,0.00089765,16.2655,14.6936,0.3653,59.3804,1.1678,2646.0457,162.5536,12.4780,16.8648,9.0895,16.5695,22.0926,29.825,33.4482,44.5976,11.8163,0.0,2.018664,2.691552,0.981654,30,240,141,4,0.10479828,0.02244119,0.04150452,0E-8,0.000000,0.902668,0.011910,-0.02129501,2026-03-22,2026-08-05,112,5695,2177,137,0.817518,0.739886,0.767145,0.349328,,,,,,,,GLOBAL_BASELINE_NO_ENTITY_RANKING,,,NOT_APPLICABLE_GLOBAL_BASELINE,HF9g-P5,,,,X 全窗基线 · 不参与实体赏罚,14194964,1420,A168_HF9F_20260827_0900,2026-08-27 09:00:00
2026-04-22,110249610,1507,0,2.1587474720,-2.1587474720,-2.1587474720,0E-7,1,1,0.49324550000000000,0.493245500000,-0.9865810262130424,-0.9865810262130424,-0.9865810262130424,0E-17,ELIGIBLE,R03b_20260811_FULL_v1,L1_ELIGIBILITY,v2026-08-11,2026-03-21..2026-08-06,baccarat_bet02_101_all_pairs_incl_sentinel,round_win = game_pnl > 0 (decisive only),COMPATIBILITY_ONLY_NOT_PRODUCTION,296357.1217,267511.9505,6650.6079,18220,18206,-0.02244119,-0.04150452,-0.02020951,-0.02244119,-6650.6079,296357.1217,OK,0.0000,266.0243,4.0000,96.0000,AG03-UNRESOLVED,ALL5_LEVELS_bet23_to_bet27,266.0243,266.0243,266.0243,332.5304,332.5304,4.000000,4.000000,4.000000,5.000000,5.000000,96.000000,96.000000,96.000000,95.000000,95.000000,5.0,1463.1337,1340.2688,5187.4742,5310.3391,PENDING_AG03,FALSE,NOT_FOR_ENFORCEMENT,6384.5836,256811.4724,6650.6079,6384.5836,266.0243,0.02244119,0.02154355,266.0243,6384.5836,0.02154355,266.0243,266.0243,266.0243,332.5304,332.5304,6384.5836,0.02154355,1463.1337,1340.2688,5187.4742,5310.3391,0.01750413,0.01791872,0.00089765,16.2655,14.6936,0.3653,59.3804,1.1678,2646.0457,162.5536,12.4780,16.8648,9.0895,16.5695,22.0926,29.825,33.4482,44.5976,11.8163,0.0,2.018664,2.691552,0.981654,30,240,141,4,0.10479828,0.02244119,0.04150452,0E-8,0.000000,0.902668,0.011910,-0.02129501,2026-03-22,2026-08-05,112,5695,2177,137,0.817518,0.739886,0.767145,0.349328,,,,,,,,GLOBAL_BASELINE_NO_ENTITY_RANKING,,,NOT_APPLICABLE_GLOBAL_BASELINE,HF9g-P5,,,,X 全窗基线 · 不参与实体赏罚,14194965,1420,A168_HF9F_20260827_0900,2026-08-27 09:00:00
2026-04-22,110249610,2127,0,61.3538755198,5.3968686800,5.3968686800,0.6666667,4,4,0.50665070000000000,0.506650700000,0.5543606114942035,0.5543606114942035,0.5543606114942035,0E-17,ELIGIBLE,R03b_20260811_FULL_v1,L1_ELIGIBILITY,v2026-08-11,2026-03-21..2026-08-06,baccarat_bet02_101_all_pairs_incl_sentinel,round_win = game_pnl > 0 (decisive only),COMPATIBILITY_ONLY_NOT_PRODUCTION,296357.1217,267511.9505,6650.6079,18220,18206,-0.02244119,-0.04150452,-0.02020951,-0.02244119,-6650.6079,296357.1217,OK,0.0000,266.0243,4.0000,96.0000,AG03-UNRESOLVED,ALL5_LEVELS_bet23_to_bet27,266.0243,266.0243,266.0243,332.5304,332.5304,4.000000,4.000000,4.000000,5.000000,5.000000,96.000000,96.000000,96.000000,95.000000,95.000000,5.0,1463.1337,1340.2688,5187.4742,5310.3391,PENDING_AG03,FALSE,NOT_FOR_ENFORCEMENT,6384.5836,256811.4724,6650.6079,6384.5836,266.0243,0.02244119,0.02154355,266.0243,6384.5836,0.02154355,266.0243,266.0243,266.0243,332.5304,332.5304,6384.5836,0.02154355,1463.1337,1340.2688,5187.4742,5310.3391,0.01750413,0.01791872,0.00089765,16.2655,14.6936,0.3653,59.3804,1.1678,2646.0457,162.5536,12.4780,16.8648,9.0895,16.5695,22.0926,29.825,33.4482,44.5976,11.8163,0.0,2.018664,2.691552,0.981654,30,240,141,4,0.10479828,0.02244119,0.04150452,0E-8,0.000000,0.902668,0.011910,-0.02129501,2026-03-22,2026-08-05,112,5695,2177,137,0.817518,0.739886,0.767145,0.349328,,,,,,,,GLOBAL_BASELINE_NO_ENTITY_RANKING,,,NOT_APPLICABLE_GLOBAL_BASELINE,HF9g-P5,,,,X 全窗基线 · 不参与实体赏罚,14194966,1420,A168_HF9F_20260827_0900,2026-08-27 09:00:00
2026-04-22,110249610,2129,0,39.7664007999,-39.7664007999,-39.7664007999,0E-7,2,2,0.50665070000000000,0.506650700000,-1.4331513700195317,-1.4331513700195317,-1.4331513700195317,0E-17,ELIGIBLE,R03b_20260811_FULL_v1,L1_ELIGIBILITY,v2026-08-11,2026-03-21..2026-08-06,baccarat_bet02_101_all_pairs_incl_sentinel,round_win = game_pnl > 0 (decisive only),COMPATIBILITY_ONLY_NOT_PRODUCTION,296357.1217,267511.9505,6650.6079,18220,18206,-0.02244119,-0.04150452,-0.02020951,-0.02244119,-6650.6079,296357.1217,OK,0.0000,266.0243,4.0000,96.0000,AG03-UNRESOLVED,ALL5_LEVELS_bet23_to_bet27,266.0243,266.0243,266.0243,332.5304,332.5304,4.000000,4.000000,4.000000,5.000000,5.000000,96.000000,96.000000,96.000000,95.000000,95.000000,5.0,1463.1337,1340.2688,5187.4742,5310.3391,PENDING_AG03,FALSE,NOT_FOR_ENFORCEMENT,6384.5836,256811.4724,6650.6079,6384.5836,266.0243,0.02244119,0.02154355,266.0243,6384.5836,0.02154355,266.0243,266.0243,266.0243,332.5304,332.5304,6384.5836,0.02154355,1463.1337,1340.2688,5187.4742,5310.3391,0.01750413,0.01791872,0.00089765,16.2655,14.6936,0.3653,59.3804,1.1678,2646.0457,162.5536,12.4780,16.8648,9.0895,16.5695,22.0926,29.825,33.4482,44.5976,11.8163,0.0,2.018664,2.691552,0.981654,30,240,141,4,0.10479828,0.02244119,0.04150452,0E-8,0.000000,0.902668,0.011910,-0.02129501,2026-03-22,2026-08-05,112,5695,2177,137,0.817518,0.739886,0.767145,0.349328,,,,,,,,GLOBAL_BASELINE_NO_ENTITY_RANKING,,,NOT_APPLICABLE_GLOBAL_BASELINE,HF9g-P5,,,,X 全窗基线 · 不参与实体赏罚,14194967,1420,A168_HF9F_20260827_0900,2026-08-27 09:00:00
2026-04-22,110249610,2130,0,140.3185856793,27.8364805598,27.8364805598,0.6666667,7,7,0.49324550000000000,0.493245500000,0.8496642703256836,0.8496642703256835,0.8496642703256836,0E-17,ELIGIBLE,R03b_20260811_FULL_v1,L1_ELIGIBILITY,v2026-08-11,2026-03-21..2026-08-06,baccarat_bet02_101_all_pairs_incl_sentinel,round_win = game_pnl > 0 (decisive only),COMPATIBILITY_ONLY_NOT_PRODUCTION,296357.1217,267511.9505,6650.6079,18220,18206,-0.02244119,-0.04150452,-0.02020951,-0.02244119,-6650.6079,296357.1217,OK,0.0000,266.0243,4.0000,96.0000,AG03-UNRESOLVED,ALL5_LEVELS_bet23_to_bet27,266.0243,266.0243,266.0243,332.5304,332.5304,4.000000,4.000000,4.000000,5.000000,5.000000,96.000000,96.000000,96.000000,95.000000,95.000000,5.0,1463.1337,1340.2688,5187.4742,5310.3391,PENDING_AG03,FALSE,NOT_FOR_ENFORCEMENT,6384.5836,256811.4724,6650.6079,6384.5836,266.0243,0.02244119,0.02154355,266.0243,6384.5836,0.02154355,266.0243,266.0243,266.0243,332.5304,332.5304,6384.5836,0.02154355,1463.1337,1340.2688,5187.4742,5310.3391,0.01750413,0.01791872,0.00089765,16.2655,14.6936,0.3653,59.3804,1.1678,2646.0457,162.5536,12.4780,16.8648,9.0895,16.5695,22.0926,29.825,33.4482,44.5976,11.8163,0.0,2.018664,2.691552,0.981654,30,240,141,4,0.10479828,0.02244119,0.04150452,0E-8,0.000000,0.902668,0.011910,-0.02129501,2026-03-22,2026-08-05,112,5695,2177,137,0.817518,0.739886,0.767145,0.349328,,,,,,,,GLOBAL_BASELINE_NO_ENTITY_RANKING,,,NOT_APPLICABLE_GLOBAL_BASELINE,HF9g-P5,,,,X 全窗基线 · 不参与实体赏罚,14194968,1420,A168_HF9F_20260827_0900,2026-08-27 09:00:00
2026-04-22,110249610,2141,0,118.7311109596,-8.2373258800,-8.2373258800,0.5000000,7,7,0.50473567142857143,0.504735671429,-0.023200997840541474,-0.023200997842641315,-0.023200997840541474,-4.2857E-13,ELIGIBLE,R03b_20260811_FULL_v1,L1_ELIGIBILITY,v2026-08-11,2026-03-21..2026-08-06,baccarat_bet02_101_all_pairs_incl_sentinel,round_win = game_pnl > 0 (decisive only),COMPATIBILITY_ONLY_NOT_PRODUCTION,296357.1217,267511.9505,6650.6079,18220,18206,-0.02244119,-0.04150452,-0.02020951,-0.02244119,-6650.6079,296357.1217,OK,0.0000,266.0243,4.0000,96.0000,AG03-UNRESOLVED,ALL5_LEVELS_bet23_to_bet27,266.0243,266.0243,266.0243,332.5304,332.5304,4.000000,4.000000,4.000000,5.000000,5.000000,96.000000,96.000000,96.000000,95.000000,95.000000,5.0,1463.1337,1340.2688,5187.4742,5310.3391,PENDING_AG03,FALSE,NOT_FOR_ENFORCEMENT,6384.5836,256811.4724,6650.6079,6384.5836,266.0243,0.02244119,0.02154355,266.0243,6384.5836,0.02154355,266.0243,266.0243,266.0243,332.5304,332.5304,6384.5836,0.02154355,1463.1337,1340.2688,5187.4742,5310.3391,0.01750413,0.01791872,0.00089765,16.2655,14.6936,0.3653,59.3804,1.1678,2646.0457,162.5536,12.4780,16.8648,9.0895,16.5695,22.0926,29.825,33.4482,44.5976,11.8163,0.0,2.018664,2.691552,0.981654,30,240,141,4,0.10479828,0.02244119,0.04150452,0E-8,0.000000,0.902668,0.011910,-0.02129501,2026-03-22,2026-08-05,112,5695,2177,137,0.817518,0.739886,0.767145,0.349328,,,,,,,,GLOBAL_BASELINE_NO_ENTITY_RANKING,,,NOT_APPLICABLE_GLOBAL_BASELINE,HF9g-P5,,,,X 全窗基线 · 不参与实体赏罚,14194969,1420,A168_HF9F_20260827_0900,2026-08-27 09:00:00
2026-04-22,110249610,2147,0,38.6302179200,15.9065603200,15.9065603200,0.7500000,4,4,0.49324550000000000,0.493245500000,1.0271117246678039,1.0271117246678039,1.0271117246678039,0E-17,ELIGIBLE,R03b_20260811_FULL_v1,L1_ELIGIBILITY,v2026-08-11,2026-03-21..2026-08-06,baccarat_bet02_101_all_pairs_incl_sentinel,round_win = game_pnl > 0 (decisive only),COMPATIBILITY_ONLY_NOT_PRODUCTION,296357.1217,267511.9505,6650.6079,18220,18206,-0.02244119,-0.04150452,-0.02020951,-0.02244119,-6650.6079,296357.1217,OK,0.0000,266.0243,4.0000,96.0000,AG03-UNRESOLVED,ALL5_LEVELS_bet23_to_bet27,266.0243,266.0243,266.0243,332.5304,332.5304,4.000000,4.000000,4.000000,5.000000,5.000000,96.000000,96.000000,96.000000,95.000000,95.000000,5.0,1463.1337,1340.2688,5187.4742,5310.3391,PENDING_AG03,FALSE,NOT_FOR_ENFORCEMENT,6384.5836,256811.4724,6650.6079,6384.5836,266.0243,0.02244119,0.02154355,266.0243,6384.5836,0.02154355,266.0243,266.0243,266.0243,332.5304,332.5304,6384.5836,0.02154355,1463.1337,1340.2688,5187.4742,5310.3391,0.01750413,0.01791872,0.00089765,16.2655,14.6936,0.3653,59.3804,1.1678,2646.0457,162.5536,12.4780,16.8648,9.0895,16.5695,22.0926,29.825,33.4482,44.5976,11.8163,0.0,2.018664,2.691552,0.981654,30,240,141,4,0.10479828,0.02244119,0.04150452,0E-8,0.000000,0.902668,0.011910,-0.02129501,2026-03-22,2026-08-05,112,5695,2177,137,0.817518,0.739886,0.767145,0.349328,,,,,,,,GLOBAL_BASELINE_NO_ENTITY_RANKING,,,NOT_APPLICABLE_GLOBAL_BASELINE,HF9g-P5,,,,X 全窗基线 · 不参与实体赏罚,14194970,1420,A168_HF9F_20260827_0900,2026-08-27 09:00:00
2026-04-22,110249610,2153,0,243.1431363191,33.8014406797,33.8014406797,0.5833333,12,12,0.50553360000000000,0.505533600000,0.5390453767302403,0.5390453767302403,0.5390453767302403,0E-17,ELIGIBLE,R03b_20260811_FULL_v1,L1_ELIGIBILITY,v2026-08-11,2026-03-21..2026-08-06,baccarat_bet02_101_all_pairs_incl_sentinel,round_win = game_pnl > 0 (decisive only),COMPATIBILITY_ONLY_NOT_PRODUCTION,296357.1217,267511.9505,6650.6079,18220,18206,-0.02244119,-0.04150452,-0.02020951,-0.02244119,-6650.6079,296357.1217,OK,0.0000,266.0243,4.0000,96.0000,AG03-UNRESOLVED,ALL5_LEVELS_bet23_to_bet27,266.0243,266.0243,266.0243,332.5304,332.5304,4.000000,4.000000,4.000000,5.000000,5.000000,96.000000,96.000000,96.000000,95.000000,95.000000,5.0,1463.1337,1340.2688,5187.4742,5310.3391,PENDING_AG03,FALSE,NOT_FOR_ENFORCEMENT,6384.5836,256811.4724,6650.6079,6384.5836,266.0243,0.02244119,0.02154355,266.0243,6384.5836,0.02154355,266.0243,266.0243,266.0243,332.5304,332.5304,6384.5836,0.02154355,1463.1337,1340.2688,5187.4742,5310.3391,0.01750413,0.01791872,0.00089765,16.2655,14.6936,0.3653,59.3804,1.1678,2646.0457,162.5536,12.4780,16.8648,9.0895,16.5695,22.0926,29.825,33.4482,44.5976,11.8163,0.0,2.018664,2.691552,0.981654,30,240,141,4,0.10479828,0.02244119,0.04150452,0E-8,0.000000,0.902668,0.011910,-0.02129501,2026-03-22,2026-08-05,112,5695,2177,137,0.817518,0.739886,0.767145,0.349328,,,,,,,,GLOBAL_BASELINE_NO_ENTITY_RANKING,,,NOT_APPLICABLE_GLOBAL_BASELINE,HF9g-P5,,,,X 全窗基线 · 不参与实体赏罚,14194971,1420,A168_HF9F_20260827_0900,2026-08-27 09:00:00
2026-04-22,110249610,2156,0,94.3031790397,7.6124252959,7.6124252959,0.5000000,4,4,0.50665070000000000,0.506650700000,-0.02660515369234503,-0.02660515369234503,-0.02660515369234503,0E-17,ELIGIBLE,R03b_20260811_FULL_v1,L1_ELIGIBILITY,v2026-08-11,2026-03-21..2026-08-06,baccarat_bet02_101_all_pairs_incl_sentinel,round_win = game_pnl > 0 (decisive only),COMPATIBILITY_ONLY_NOT_PRODUCTION,296357.1217,267511.9505,6650.6079,18220,18206,-0.02244119,-0.04150452,-0.02020951,-0.02244119,-6650.6079,296357.1217,OK,0.0000,266.0243,4.0000,96.0000,AG03-UNRESOLVED,ALL5_LEVELS_bet23_to_bet27,266.0243,266.0243,266.0243,332.5304,332.5304,4.000000,4.000000,4.000000,5.000000,5.000000,96.000000,96.000000,96.000000,95.000000,95.000000,5.0,1463.1337,1340.2688,5187.4742,5310.3391,PENDING_AG03,FALSE,NOT_FOR_ENFORCEMENT,6384.5836,256811.4724,6650.6079,6384.5836,266.0243,0.02244119,0.02154355,266.0243,6384.5836,0.02154355,266.0243,266.0243,266.0243,332.5304,332.5304,6384.5836,0.02154355,1463.1337,1340.2688,5187.4742,5310.3391,0.01750413,0.01791872,0.00089765,16.2655,14.6936,0.3653,59.3804,1.1678,2646.0457,162.5536,12.4780,16.8648,9.0895,16.5695,22.0926,29.825,33.4482,44.5976,11.8163,0.0,2.018664,2.691552,0.981654,30,240,141,4,0.10479828,0.02244119,0.04150452,0E-8,0.000000,0.902668,0.011910,-0.02129501,2026-03-22,2026-08-05,112,5695,2177,137,0.817518,0.739886,0.767145,0.349328,,,,,,,,GLOBAL_BASELINE_NO_ENTITY_RANKING,,,NOT_APPLICABLE_GLOBAL_BASELINE,HF9g-P5,,,,X 全窗基线 · 不参与实体赏罚,14194972,1420,A168_HF9F_20260827_0900,2026-08-27 09:00:00
2026-04-22,110249610,2169,0,11.3618288000,-11.3618288000,-11.3618288000,0E-7,1,1,0.50665070000000000,0.506650700000,-1.013391052207602,-1.013391052207602,-1.013391052207602,0E-17,ELIGIBLE,R03b_20260811_FULL_v1,L1_ELIGIBILITY,v2026-08-11,2026-03-21..2026-08-06,baccarat_bet02_101_all_pairs_incl_sentinel,round_win = game_pnl > 0 (decisive only),COMPATIBILITY_ONLY_NOT_PRODUCTION,296357.1217,267511.9505,6650.6079,18220,18206,-0.02244119,-0.04150452,-0.02020951,-0.02244119,-6650.6079,296357.1217,OK,0.0000,266.0243,4.0000,96.0000,AG03-UNRESOLVED,ALL5_LEVELS_bet23_to_bet27,266.0243,266.0243,266.0243,332.5304,332.5304,4.000000,4.000000,4.000000,5.000000,5.000000,96.000000,96.000000,96.000000,95.000000,95.000000,5.0,1463.1337,1340.2688,5187.4742,5310.3391,PENDING_AG03,FALSE,NOT_FOR_ENFORCEMENT,6384.5836,256811.4724,6650.6079,6384.5836,266.0243,0.02244119,0.02154355,266.0243,6384.5836,0.02154355,266.0243,266.0243,266.0243,332.5304,332.5304,6384.5836,0.02154355,1463.1337,1340.2688,5187.4742,5310.3391,0.01750413,0.01791872,0.00089765,16.2655,14.6936,0.3653,59.3804,1.1678,2646.0457,162.5536,12.4780,16.8648,9.0895,16.5695,22.0926,29.825,33.4482,44.5976,11.8163,0.0,2.018664,2.691552,0.981654,30,240,141,4,0.10479828,0.02244119,0.04150452,0E-8,0.000000,0.902668,0.011910,-0.02129501,2026-03-22,2026-08-05,112,5695,2177,137,0.817518,0.739886,0.767145,0.349328,,,,,,,,GLOBAL_BASELINE_NO_ENTITY_RANKING,,,NOT_APPLICABLE_GLOBAL_BASELINE,HF9g-P5,,,,X 全窗基线 · 不参与实体赏罚,14194973,1420,A168_HF9F_20260827_0900,2026-08-27 09:00:00
2026-04-22,110249610,2175,0,203.3767355193,26.1322062399,26.1322062399,0.6000000,7,7,0.49324550000000000,0.493245500000,0.47746420675292983,0.47746420675292983,0.47746420675292983,0E-17,ELIGIBLE,R03b_20260811_FULL_v1,L1_ELIGIBILITY,v2026-08-11,2026-03-21..2026-08-06,baccarat_bet02_101_all_pairs_incl_sentinel,round_win = game_pnl > 0 (decisive only),COMPATIBILITY_ONLY_NOT_PRODUCTION,296357.1217,267511.9505,6650.6079,18220,18206,-0.02244119,-0.04150452,-0.02020951,-0.02244119,-6650.6079,296357.1217,OK,0.0000,266.0243,4.0000,96.0000,AG03-UNRESOLVED,ALL5_LEVELS_bet23_to_bet27,266.0243,266.0243,266.0243,332.5304,332.5304,4.000000,4.000000,4.000000,5.000000,5.000000,96.000000,96.000000,96.000000,95.000000,95.000000,5.0,1463.1337,1340.2688,5187.4742,5310.3391,PENDING_AG03,FALSE,NOT_FOR_ENFORCEMENT,6384.5836,256811.4724,6650.6079,6384.5836,266.0243,0.02244119,0.02154355,266.0243,6384.5836,0.02154355,266.0243,266.0243,266.0243,332.5304,332.5304,6384.5836,0.02154355,1463.1337,1340.2688,5187.4742,5310.3391,0.01750413,0.01791872,0.00089765,16.2655,14.6936,0.3653,59.3804,1.1678,2646.0457,162.5536,12.4780,16.8648,9.0895,16.5695,22.0926,29.825,33.4482,44.5976,11.8163,0.0,2.018664,2.691552,0.981654,30,240,141,4,0.10479828,0.02244119,0.04150452,0E-8,0.000000,0.902668,0.011910,-0.02129501,2026-03-22,2026-08-05,112,5695,2177,137,0.817518,0.739886,0.767145,0.349328,,,,,,,,GLOBAL_BASELINE_NO_ENTITY_RANKING,,,NOT_APPLICABLE_GLOBAL_BASELINE,HF9g-P5,,,,X 全窗基线 · 不参与实体赏罚,14194974,1420,A168_HF9F_20260827_0900,2026-08-27 09:00:00
2026-04-22,110249610,2205,0,18.1789260800,-0.4544731520,-0.4544731520,0.5000000,2,2,0.50665070000000000,0.506650700000,-0.018812684590367487,-0.018812684590367487,-0.018812684590367487,0E-17,ELIGIBLE,R03b_20260811_FULL_v1,L1_ELIGIBILITY,v2026-08-11,2026-03-21..2026-08-06,baccarat_bet02_101_all_pairs_incl_sentinel,round_win = game_pnl > 0 (decisive only),COMPATIBILITY_ONLY_NOT_PRODUCTION,296357.1217,267511.9505,6650.6079,18220,18206,-0.02244119,-0.04150452,-0.02020951,-0.02244119,-6650.6079,296357.1217,OK,0.0000,266.0243,4.0000,96.0000,AG03-UNRESOLVED,ALL5_LEVELS_bet23_to_bet27,266.0243,266.0243,266.0243,332.5304,332.5304,4.000000,4.000000,4.000000,5.000000,5.000000,96.000000,96.000000,96.000000,95.000000,95.000000,5.0,1463.1337,1340.2688,5187.4742,5310.3391,PENDING_AG03,FALSE,NOT_FOR_ENFORCEMENT,6384.5836,256811.4724,6650.6079,6384.5836,266.0243,0.02244119,0.02154355,266.0243,6384.5836,0.02154355,266.0243,266.0243,266.0243,332.5304,332.5304,6384.5836,0.02154355,1463.1337,1340.2688,5187.4742,5310.3391,0.01750413,0.01791872,0.00089765,16.2655,14.6936,0.3653,59.3804,1.1678,2646.0457,162.5536,12.4780,16.8648,9.0895,16.5695,22.0926,29.825,33.4482,44.5976,11.8163,0.0,2.018664,2.691552,0.981654,30,240,141,4,0.10479828,0.02244119,0.04150452,0E-8,0.000000,0.902668,0.011910,-0.02129501,2026-03-22,2026-08-05,112,5695,2177,137,0.817518,0.739886,0.767145,0.349328,,,,,,,,GLOBAL_BASELINE_NO_ENTITY_RANKING,,,NOT_APPLICABLE_GLOBAL_BASELINE,HF9g-P5,,,,X 全窗基线 · 不参与实体赏罚,14194975,1420,A168_HF9F_20260827_0900,2026-08-27 09:00:00
2026-04-22,110249610,2209,0,35.2216692799,-5.6809143999,-5.6809143999,0.5000000,3,3,0.49324550000000000,0.493245500000,0.01910635448239258,0.01910635448239258,0.01910635448239258,0E-17,ELIGIBLE,R03b_20260811_FULL_v1,L1_ELIGIBILITY,v2026-08-11,2026-03-21..2026-08-06,baccarat_bet02_101_all_pairs_incl_sentinel,round_win = game_pnl > 0 (decisive only),COMPATIBILITY_ONLY_NOT_PRODUCTION,296357.1217,267511.9505,6650.6079,18220,18206,-0.02244119,-0.04150452,-0.02020951,-0.02244119,-6650.6079,296357.1217,OK,0.0000,266.0243,4.0000,96.0000,AG03-UNRESOLVED,ALL5_LEVELS_bet23_to_bet27,266.0243,266.0243,266.0243,332.5304,332.5304,4.000000,4.000000,4.000000,5.000000,5.000000,96.000000,96.000000,96.000000,95.000000,95.000000,5.0,1463.1337,1340.2688,5187.4742,5310.3391,PENDING_AG03,FALSE,NOT_FOR_ENFORCEMENT,6384.5836,256811.4724,6650.6079,6384.5836,266.0243,0.02244119,0.02154355,266.0243,6384.5836,0.02154355,266.0243,266.0243,266.0243,332.5304,332.5304,6384.5836,0.02154355,1463.1337,1340.2688,5187.4742,5310.3391,0.01750413,0.01791872,0.00089765,16.2655,14.6936,0.3653,59.3804,1.1678,2646.0457,162.5536,12.4780,16.8648,9.0895,16.5695,22.0926,29.825,33.4482,44.5976,11.8163,0.0,2.018664,2.691552,0.981654,30,240,141,4,0.10479828,0.02244119,0.04150452,0E-8,0.000000,0.902668,0.011910,-0.02129501,2026-03-22,2026-08-05,112,5695,2177,137,0.817518,0.739886,0.767145,0.349328,,,,,,,,GLOBAL_BASELINE_NO_ENTITY_RANKING,,,NOT_APPLICABLE_GLOBAL_BASELINE,HF9g-P5,,,,X 全窗基线 · 不参与实体赏罚,14194976,1420,A168_HF9F_20260827_0900,2026-08-27 09:00:00
2026-04-22,110249610,2222,0,48.8558638398,48.8558638398,48.8558638398,1.0000000,2,2,0.49324550000000000,0.493245500000,1.4334489766152358,1.4334489766152358,1.4334489766152358,0E-17,ELIGIBLE,R03b_20260811_FULL_v1,L1_ELIGIBILITY,v2026-08-11,2026-03-21..2026-08-06,baccarat_bet02_101_all_pairs_incl_sentinel,round_win = game_pnl > 0 (decisive only),COMPATIBILITY_ONLY_NOT_PRODUCTION,296357.1217,267511.9505,6650.6079,18220,18206,-0.02244119,-0.04150452,-0.02020951,-0.02244119,-6650.6079,296357.1217,OK,0.0000,266.0243,4.0000,96.0000,AG03-UNRESOLVED,ALL5_LEVELS_bet23_to_bet27,266.0243,266.0243,266.0243,332.5304,332.5304,4.000000,4.000000,4.000000,5.000000,5.000000,96.000000,96.000000,96.000000,95.000000,95.000000,5.0,1463.1337,1340.2688,5187.4742,5310.3391,PENDING_AG03,FALSE,NOT_FOR_ENFORCEMENT,6384.5836,256811.4724,6650.6079,6384.5836,266.0243,0.02244119,0.02154355,266.0243,6384.5836,0.02154355,266.0243,266.0243,266.0243,332.5304,332.5304,6384.5836,0.02154355,1463.1337,1340.2688,5187.4742,5310.3391,0.01750413,0.01791872,0.00089765,16.2655,14.6936,0.3653,59.3804,1.1678,2646.0457,162.5536,12.4780,16.8648,9.0895,16.5695,22.0926,29.825,33.4482,44.5976,11.8163,0.0,2.018664,2.691552,0.981654,30,240,141,4,0.10479828,0.02244119,0.04150452,0E-8,0.000000,0.902668,0.011910,-0.02129501,2026-03-22,2026-08-05,112,5695,2177,137,0.817518,0.739886,0.767145,0.349328,,,,,,,,GLOBAL_BASELINE_NO_ENTITY_RANKING,,,NOT_APPLICABLE_GLOBAL_BASELINE,HF9g-P5,,,,X 全窗基线 · 不参与实体赏罚,14194977,1420,A168_HF9F_20260827_0900,2026-08-27 09:00:00
2026-04-22,110249610,2229,0,279.1601336152,25.6095621151,25.6095621151,0.5882353,19,19,0.50453408947368421,0.504534089474,0.6902461961779944,0.6902461961753942,0.6902461961779944,-3.1579E-13,ELIGIBLE,R03b_20260811_FULL_v1,L1_ELIGIBILITY,v2026-08-11,2026-03-21..2026-08-06,baccarat_bet02_101_all_pairs_incl_sentinel,round_win = game_pnl > 0 (decisive only),COMPATIBILITY_ONLY_NOT_PRODUCTION,296357.1217,267511.9505,6650.6079,18220,18206,-0.02244119,-0.04150452,-0.02020951,-0.02244119,-6650.6079,296357.1217,OK,0.0000,266.0243,4.0000,96.0000,AG03-UNRESOLVED,ALL5_LEVELS_bet23_to_bet27,266.0243,266.0243,266.0243,332.5304,332.5304,4.000000,4.000000,4.000000,5.000000,5.000000,96.000000,96.000000,96.000000,95.000000,95.000000,5.0,1463.1337,1340.2688,5187.4742,5310.3391,PENDING_AG03,FALSE,NOT_FOR_ENFORCEMENT,6384.5836,256811.4724,6650.6079,6384.5836,266.0243,0.02244119,0.02154355,266.0243,6384.5836,0.02154355,266.0243,266.0243,266.0243,332.5304,332.5304,6384.5836,0.02154355,1463.1337,1340.2688,5187.4742,5310.3391,0.01750413,0.01791872,0.00089765,16.2655,14.6936,0.3653,59.3804,1.1678,2646.0457,162.5536,12.4780,16.8648,9.0895,16.5695,22.0926,29.825,33.4482,44.5976,11.8163,0.0,2.018664,2.691552,0.981654,30,240,141,4,0.10479828,0.02244119,0.04150452,0E-8,0.000000,0.902668,0.011910,-0.02129501,2026-03-22,2026-08-05,112,5695,2177,137,0.817518,0.739886,0.767145,0.349328,,,,,,,,GLOBAL_BASELINE_NO_ENTITY_RANKING,,,NOT_APPLICABLE_GLOBAL_BASELINE,HF9g-P5,,,,X 全窗基线 · 不参与实体赏罚,14194978,1420,A168_HF9F_20260827_0900,2026-08-27 09:00:00
2026-04-22,110249610,2235,0,61.3538755198,-61.3538755198,-61.3538755198,0E-7,3,3,0.50218230000000000,0.502182300000,-1.7396270863184011,-1.7396270863184016,-1.7396270863184011,0E-17,ELIGIBLE,R03b_20260811_FULL_v1,L1_ELIGIBILITY,v2026-08-11,2026-03-21..2026-08-06,baccarat_bet02_101_all_pairs_incl_sentinel,round_win = game_pnl > 0 (decisive only),COMPATIBILITY_ONLY_NOT_PRODUCTION,296357.1217,267511.9505,6650.6079,18220,18206,-0.02244119,-0.04150452,-0.02020951,-0.02244119,-6650.6079,296357.1217,OK,0.0000,266.0243,4.0000,96.0000,AG03-UNRESOLVED,ALL5_LEVELS_bet23_to_bet27,266.0243,266.0243,266.0243,332.5304,332.5304,4.000000,4.000000,4.000000,5.000000,5.000000,96.000000,96.000000,96.000000,95.000000,95.000000,5.0,1463.1337,1340.2688,5187.4742,5310.3391,PENDING_AG03,FALSE,NOT_FOR_ENFORCEMENT,6384.5836,256811.4724,6650.6079,6384.5836,266.0243,0.02244119,0.02154355,266.0243,6384.5836,0.02154355,266.0243,266.0243,266.0243,332.5304,332.5304,6384.5836,0.02154355,1463.1337,1340.2688,5187.4742,5310.3391,0.01750413,0.01791872,0.00089765,16.2655,14.6936,0.3653,59.3804,1.1678,2646.0457,162.5536,12.4780,16.8648,9.0895,16.5695,22.0926,29.825,33.4482,44.5976,11.8163,0.0,2.018664,2.691552,0.981654,30,240,141,4,0.10479828,0.02244119,0.04150452,0E-8,0.000000,0.902668,0.011910,-0.02129501,2026-03-22,2026-08-05,112,5695,2177,137,0.817518,0.739886,0.767145,0.349328,,,,,,,,GLOBAL_BASELINE_NO_ENTITY_RANKING,,,NOT_APPLICABLE_GLOBAL_BASELINE,HF9g-P5,,,,X 全窗基线 · 不参与实体赏罚,14194979,1420,A168_HF9F_20260827_0900,2026-08-27 09:00:00
2026-04-22,110249610,2239,0,56.8091439998,-56.8091439998,-56.8091439998,0E-7,3,3,0.49771390000000000,0.497713900000,-1.724149546644903,-1.724149546644903,-1.724149546644903,0E-17,ELIGIBLE,R03b_20260811_FULL_v1,L1_ELIGIBILITY,v2026-08-11,2026-03-21..2026-08-06,baccarat_bet02_101_all_pairs_incl_sentinel,round_win = game_pnl > 0 (decisive only),COMPATIBILITY_ONLY_NOT_PRODUCTION,296357.1217,267511.9505,6650.6079,18220,18206,-0.02244119,-0.04150452,-0.02020951,-0.02244119,-6650.6079,296357.1217,OK,0.0000,266.0243,4.0000,96.0000,AG03-UNRESOLVED,ALL5_LEVELS_bet23_to_bet27,266.0243,266.0243,266.0243,332.5304,332.5304,4.000000,4.000000,4.000000,5.000000,5.000000,96.000000,96.000000,96.000000,95.000000,95.000000,5.0,1463.1337,1340.2688,5187.4742,5310.3391,PENDING_AG03,FALSE,NOT_FOR_ENFORCEMENT,6384.5836,256811.4724,6650.6079,6384.5836,266.0243,0.02244119,0.02154355,266.0243,6384.5836,0.02154355,266.0243,266.0243,266.0243,332.5304,332.5304,6384.5836,0.02154355,1463.1337,1340.2688,5187.4742,5310.3391,0.01750413,0.01791872,0.00089765,16.2655,14.6936,0.3653,59.3804,1.1678,2646.0457,162.5536,12.4780,16.8648,9.0895,16.5695,22.0926,29.825,33.4482,44.5976,11.8163,0.0,2.018664,2.691552,0.981654,30,240,141,4,0.10479828,0.02244119,0.04150452,0E-8,0.000000,0.902668,0.011910,-0.02129501,2026-03-22,2026-08-05,112,5695,2177,137,0.817518,0.739886,0.767145,0.349328,,,,,,,,GLOBAL_BASELINE_NO_ENTITY_RANKING,,,NOT_APPLICABLE_GLOBAL_BASELINE,HF9g-P5,,,,X 全窗基线 · 不参与实体赏罚,14194980,1420,A168_HF9F_20260827_0900,2026-08-27 09:00:00
2026-04-22,110249610,2242,0,44.3111323199,-12.4980116799,-12.4980116799,0.5000000,4,4,0.49324550000000000,0.493245500000,0.027020465636507562,0.027020465636507562,0.027020465636507562,0E-17,ELIGIBLE,R03b_20260811_FULL_v1,L1_ELIGIBILITY,v2026-08-11,2026-03-21..2026-08-06,baccarat_bet02_101_all_pairs_incl_sentinel,round_win = game_pnl > 0 (decisive only),COMPATIBILITY_ONLY_NOT_PRODUCTION,296357.1217,267511.9505,6650.6079,18220,18206,-0.02244119,-0.04150452,-0.02020951,-0.02244119,-6650.6079,296357.1217,OK,0.0000,266.0243,4.0000,96.0000,AG03-UNRESOLVED,ALL5_LEVELS_bet23_to_bet27,266.0243,266.0243,266.0243,332.5304,332.5304,4.000000,4.000000,4.000000,5.000000,5.000000,96.000000,96.000000,96.000000,95.000000,95.000000,5.0,1463.1337,1340.2688,5187.4742,5310.3391,PENDING_AG03,FALSE,NOT_FOR_ENFORCEMENT,6384.5836,256811.4724,6650.6079,6384.5836,266.0243,0.02244119,0.02154355,266.0243,6384.5836,0.02154355,266.0243,266.0243,266.0243,332.5304,332.5304,6384.5836,0.02154355,1463.1337,1340.2688,5187.4742,5310.3391,0.01750413,0.01791872,0.00089765,16.2655,14.6936,0.3653,59.3804,1.1678,2646.0457,162.5536,12.4780,16.8648,9.0895,16.5695,22.0926,29.825,33.4482,44.5976,11.8163,0.0,2.018664,2.691552,0.981654,30,240,141,4,0.10479828,0.02244119,0.04150452,0E-8,0.000000,0.902668,0.011910,-0.02129501,2026-03-22,2026-08-05,112,5695,2177,137,0.817518,0.739886,0.767145,0.349328,,,,,,,,GLOBAL_BASELINE_NO_ENTITY_RANKING,,,NOT_APPLICABLE_GLOBAL_BASELINE,HF9g-P5,,,,X 全窗基线 · 不参与实体赏罚,14194981,1420,A168_HF9F_20260827_0900,2026-08-27 09:00:00
2026-04-22,110249610,2252,0,177.5853841433,17.3267889200,17.3267889200,0.6666667,9,9,0.49920336666666667,0.499203366667,1.0047810753185216,1.0047810753165205,1.0047810753185216,-3.3333E-13,ELIGIBLE,R03b_20260811_FULL_v1,L1_ELIGIBILITY,v2026-08-11,2026-03-21..2026-08-06,baccarat_bet02_101_all_pairs_incl_sentinel,round_win = game_pnl > 0 (decisive only),COMPATIBILITY_ONLY_NOT_PRODUCTION,296357.1217,267511.9505,6650.6079,18220,18206,-0.02244119,-0.04150452,-0.02020951,-0.02244119,-6650.6079,296357.1217,OK,0.0000,266.0243,4.0000,96.0000,AG03-UNRESOLVED,ALL5_LEVELS_bet23_to_bet27,266.0243,266.0243,266.0243,332.5304,332.5304,4.000000,4.000000,4.000000,5.000000,5.000000,96.000000,96.000000,96.000000,95.000000,95.000000,5.0,1463.1337,1340.2688,5187.4742,5310.3391,PENDING_AG03,FALSE,NOT_FOR_ENFORCEMENT,6384.5836,256811.4724,6650.6079,6384.5836,266.0243,0.02244119,0.02154355,266.0243,6384.5836,0.02154355,266.0243,266.0243,266.0243,332.5304,332.5304,6384.5836,0.02154355,1463.1337,1340.2688,5187.4742,5310.3391,0.01750413,0.01791872,0.00089765,16.2655,14.6936,0.3653,59.3804,1.1678,2646.0457,162.5536,12.4780,16.8648,9.0895,16.5695,22.0926,29.825,33.4482,44.5976,11.8163,0.0,2.018664,2.691552,0.981654,30,240,141,4,0.10479828,0.02244119,0.04150452,0E-8,0.000000,0.902668,0.011910,-0.02129501,2026-03-22,2026-08-05,112,5695,2177,137,0.817518,0.739886,0.767145,0.349328,,,,,,,,GLOBAL_BASELINE_NO_ENTITY_RANKING,,,NOT_APPLICABLE_GLOBAL_BASELINE,HF9g-P5,,,,X 全窗基线 · 不参与实体赏罚,14194982,1420,A168_HF9F_20260827_0900,2026-08-27 09:00:00
2026-04-22,110249610,2254,0,221.4420433111,25.3425591381,25.3425591381,0.5000000,12,12,0.50665070000000000,0.506650700000,-0.04206644158332448,-0.04206644158332448,-0.04206644158332448,0E-17,ELIGIBLE,R03b_20260811_FULL_v1,L1_ELIGIBILITY,v2026-08-11,2026-03-21..2026-08-06,baccarat_bet02_101_all_pairs_incl_sentinel,round_win = game_pnl > 0 (decisive only),COMPATIBILITY_ONLY_NOT_PRODUCTION,296357.1217,267511.9505,6650.6079,18220,18206,-0.02244119,-0.04150452,-0.02020951,-0.02244119,-6650.6079,296357.1217,OK,0.0000,266.0243,4.0000,96.0000,AG03-UNRESOLVED,ALL5_LEVELS_bet23_to_bet27,266.0243,266.0243,266.0243,332.5304,332.5304,4.000000,4.000000,4.000000,5.000000,5.000000,96.000000,96.000000,96.000000,95.000000,95.000000,5.0,1463.1337,1340.2688,5187.4742,5310.3391,PENDING_AG03,FALSE,NOT_FOR_ENFORCEMENT,6384.5836,256811.4724,6650.6079,6384.5836,266.0243,0.02244119,0.02154355,266.0243,6384.5836,0.02154355,266.0243,266.0243,266.0243,332.5304,332.5304,6384.5836,0.02154355,1463.1337,1340.2688,5187.4742,5310.3391,0.01750413,0.01791872,0.00089765,16.2655,14.6936,0.3653,59.3804,1.1678,2646.0457,162.5536,12.4780,16.8648,9.0895,16.5695,22.0926,29.825,33.4482,44.5976,11.8163,0.0,2.018664,2.691552,0.981654,30,240,141,4,0.10479828,0.02244119,0.04150452,0E-8,0.000000,0.902668,0.011910,-0.02129501,2026-03-22,2026-08-05,112,5695,2177,137,0.817518,0.739886,0.767145,0.349328,,,,,,,,GLOBAL_BASELINE_NO_ENTITY_RANKING,,,NOT_APPLICABLE_GLOBAL_BASELINE,HF9g-P5,,,,X 全窗基线 · 不参与实体赏罚,14194983,1420,A168_HF9F_20260827_0900,2026-08-27 09:00:00
2026-04-22,110249610,2256,0,90.8946303996,-30.9609834799,-30.9609834799,0.2500000,6,6,0.50218230000000000,0.502182300000,-1.0087388081483202,-1.0087388081483202,-1.0087388081483202,0E-17,ELIGIBLE,R03b_20260811_FULL_v1,L1_ELIGIBILITY,v2026-08-11,2026-03-21..2026-08-06,baccarat_bet02_101_all_pairs_incl_sentinel,round_win = game_pnl > 0 (decisive only),COMPATIBILITY_ONLY_NOT_PRODUCTION,296357.1217,267511.9505,6650.6079,18220,18206,-0.02244119,-0.04150452,-0.02020951,-0.02244119,-6650.6079,296357.1217,OK,0.0000,266.0243,4.0000,96.0000,AG03-UNRESOLVED,ALL5_LEVELS_bet23_to_bet27,266.0243,266.0243,266.0243,332.5304,332.5304,4.000000,4.000000,4.000000,5.000000,5.000000,96.000000,96.000000,96.000000,95.000000,95.000000,5.0,1463.1337,1340.2688,5187.4742,5310.3391,PENDING_AG03,FALSE,NOT_FOR_ENFORCEMENT,6384.5836,256811.4724,6650.6079,6384.5836,266.0243,0.02244119,0.02154355,266.0243,6384.5836,0.02154355,266.0243,266.0243,266.0243,332.5304,332.5304,6384.5836,0.02154355,1463.1337,1340.2688,5187.4742,5310.3391,0.01750413,0.01791872,0.00089765,16.2655,14.6936,0.3653,59.3804,1.1678,2646.0457,162.5536,12.4780,16.8648,9.0895,16.5695,22.0926,29.825,33.4482,44.5976,11.8163,0.0,2.018664,2.691552,0.981654,30,240,141,4,0.10479828,0.02244119,0.04150452,0E-8,0.000000,0.902668,0.011910,-0.02129501,2026-03-22,2026-08-05,112,5695,2177,137,0.817518,0.739886,0.767145,0.349328,,,,,,,,GLOBAL_BASELINE_NO_ENTITY_RANKING,,,NOT_APPLICABLE_GLOBAL_BASELINE,HF9g-P5,,,,X 全窗基线 · 不参与实体赏罚,14194984,1420,A168_HF9F_20260827_0900,2026-08-27 09:00:00
2026-04-22,110249610,2258,0,11.3618288000,-11.3618288000,-11.3618288000,0E-7,1,1,0.49324550000000000,0.493245500000,-0.9865810262130424,-0.9865810262130424,-0.9865810262130424,0E-17,ELIGIBLE,R03b_20260811_FULL_v1,L1_ELIGIBILITY,v2026-08-11,2026-03-21..2026-08-06,baccarat_bet02_101_all_pairs_incl_sentinel,round_win = game_pnl > 0 (decisive only),COMPATIBILITY_ONLY_NOT_PRODUCTION,296357.1217,267511.9505,6650.6079,18220,18206,-0.02244119,-0.04150452,-0.02020951,-0.02244119,-6650.6079,296357.1217,OK,0.0000,266.0243,4.0000,96.0000,AG03-UNRESOLVED,ALL5_LEVELS_bet23_to_bet27,266.0243,266.0243,266.0243,332.5304,332.5304,4.000000,4.000000,4.000000,5.000000,5.000000,96.000000,96.000000,96.000000,95.000000,95.000000,5.0,1463.1337,1340.2688,5187.4742,5310.3391,PENDING_AG03,FALSE,NOT_FOR_ENFORCEMENT,6384.5836,256811.4724,6650.6079,6384.5836,266.0243,0.02244119,0.02154355,266.0243,6384.5836,0.02154355,266.0243,266.0243,266.0243,332.5304,332.5304,6384.5836,0.02154355,1463.1337,1340.2688,5187.4742,5310.3391,0.01750413,0.01791872,0.00089765,16.2655,14.6936,0.3653,59.3804,1.1678,2646.0457,162.5536,12.4780,16.8648,9.0895,16.5695,22.0926,29.825,33.4482,44.5976,11.8163,0.0,2.018664,2.691552,0.981654,30,240,141,4,0.10479828,0.02244119,0.04150452,0E-8,0.000000,0.902668,0.011910,-0.02129501,2026-03-22,2026-08-05,112,5695,2177,137,0.817518,0.739886,0.767145,0.349328,,,,,,,,GLOBAL_BASELINE_NO_ENTITY_RANKING,,,NOT_APPLICABLE_GLOBAL_BASELINE,HF9g-P5,,,,X 全窗基线 · 不参与实体赏罚,14194985,1420,A168_HF9F_20260827_0900,2026-08-27 09:00:00
2026-04-22,110249610,2267,0,68.1709727998,-14.7703774399,-14.7703774399,0.5000000,6,6,0.49324550000000000,0.493245500000,0.027020465636507562,0.027020465636507562,0.027020465636507562,0E-17,ELIGIBLE,R03b_20260811_FULL_v1,L1_ELIGIBILITY,v2026-08-11,2026-03-21..2026-08-06,baccarat_bet02_101_all_pairs_incl_sentinel,round_win = game_pnl > 0 (decisive only),COMPATIBILITY_ONLY_NOT_PRODUCTION,296357.1217,267511.9505,6650.6079,18220,18206,-0.02244119,-0.04150452,-0.02020951,-0.02244119,-6650.6079,296357.1217,OK,0.0000,266.0243,4.0000,96.0000,AG03-UNRESOLVED,ALL5_LEVELS_bet23_to_bet27,266.0243,266.0243,266.0243,332.5304,332.5304,4.000000,4.000000,4.000000,5.000000,5.000000,96.000000,96.000000,96.000000,95.000000,95.000000,5.0,1463.1337,1340.2688,5187.4742,5310.3391,PENDING_AG03,FALSE,NOT_FOR_ENFORCEMENT,6384.5836,256811.4724,6650.6079,6384.5836,266.0243,0.02244119,0.02154355,266.0243,6384.5836,0.02154355,266.0243,266.0243,266.0243,332.5304,332.5304,6384.5836,0.02154355,1463.1337,1340.2688,5187.4742,5310.3391,0.01750413,0.01791872,0.00089765,16.2655,14.6936,0.3653,59.3804,1.1678,2646.0457,162.5536,12.4780,16.8648,9.0895,16.5695,22.0926,29.825,33.4482,44.5976,11.8163,0.0,2.018664,2.691552,0.981654,30,240,141,4,0.10479828,0.02244119,0.04150452,0E-8,0.000000,0.902668,0.011910,-0.02129501,2026-03-22,2026-08-05,112,5695,2177,137,0.817518,0.739886,0.767145,0.349328,,,,,,,,GLOBAL_BASELINE_NO_ENTITY_RANKING,,,NOT_APPLICABLE_GLOBAL_BASELINE,HF9g-P5,,,,X 全窗基线 · 不参与实体赏罚,14194986,1420,A168_HF9F_20260827_0900,2026-08-27 09:00:00
2026-04-22,110249610,462,0,118.1630195195,17.6108346399,17.6108346399,0.6666667,6,6,0.49771390000000000,0.497713900000,0.8277047895645219,0.8277047895645219,0.8277047895645219,0E-17,ELIGIBLE,R03b_20260811_FULL_v1,L1_ELIGIBILITY,v2026-08-11,2026-03-21..2026-08-06,baccarat_bet02_101_all_pairs_incl_sentinel,round_win = game_pnl > 0 (decisive only),COMPATIBILITY_ONLY_NOT_PRODUCTION,296357.1217,267511.9505,6650.6079,18220,18206,-0.02244119,-0.04150452,-0.02020951,-0.02244119,-6650.6079,296357.1217,OK,0.0000,266.0243,4.0000,96.0000,AG03-UNRESOLVED,ALL5_LEVELS_bet23_to_bet27,266.0243,266.0243,266.0243,332.5304,332.5304,4.000000,4.000000,4.000000,5.000000,5.000000,96.000000,96.000000,96.000000,95.000000,95.000000,5.0,1463.1337,1340.2688,5187.4742,5310.3391,PENDING_AG03,FALSE,NOT_FOR_ENFORCEMENT,6384.5836,256811.4724,6650.6079,6384.5836,266.0243,0.02244119,0.02154355,266.0243,6384.5836,0.02154355,266.0243,266.0243,266.0243,332.5304,332.5304,6384.5836,0.02154355,1463.1337,1340.2688,5187.4742,5310.3391,0.01750413,0.01791872,0.00089765,16.2655,14.6936,0.3653,59.3804,1.1678,2646.0457,162.5536,12.4780,16.8648,9.0895,16.5695,22.0926,29.825,33.4482,44.5976,11.8163,0.0,2.018664,2.691552,0.981654,30,240,141,4,0.10479828,0.02244119,0.04150452,0E-8,0.000000,0.902668,0.011910,-0.02129501,2026-03-22,2026-08-05,112,5695,2177,137,0.817518,0.739886,0.767145,0.349328,,,,,,,,GLOBAL_BASELINE_NO_ENTITY_RANKING,,,NOT_APPLICABLE_GLOBAL_BASELINE,HF9g-P5,,,,X 全窗基线 · 不参与实体赏罚,14194987,1420,A168_HF9F_20260827_0900,2026-08-27 09:00:00
2026-04-22,110249610,550,0,73.8518871997,-9.6007453359,-9.6007453359,0.4000000,5,5,0.50665070000000000,0.506650700000,-0.4769986289884125,-0.4769986289884125,-0.4769986289884125,0E-17,ELIGIBLE,R03b_20260811_FULL_v1,L1_ELIGIBILITY,v2026-08-11,2026-03-21..2026-08-06,baccarat_bet02_101_all_pairs_incl_sentinel,round_win = game_pnl > 0 (decisive only),COMPATIBILITY_ONLY_NOT_PRODUCTION,296357.1217,267511.9505,6650.6079,18220,18206,-0.02244119,-0.04150452,-0.02020951,-0.02244119,-6650.6079,296357.1217,OK,0.0000,266.0243,4.0000,96.0000,AG03-UNRESOLVED,ALL5_LEVELS_bet23_to_bet27,266.0243,266.0243,266.0243,332.5304,332.5304,4.000000,4.000000,4.000000,5.000000,5.000000,96.000000,96.000000,96.000000,95.000000,95.000000,5.0,1463.1337,1340.2688,5187.4742,5310.3391,PENDING_AG03,FALSE,NOT_FOR_ENFORCEMENT,6384.5836,256811.4724,6650.6079,6384.5836,266.0243,0.02244119,0.02154355,266.0243,6384.5836,0.02154355,266.0243,266.0243,266.0243,332.5304,332.5304,6384.5836,0.02154355,1463.1337,1340.2688,5187.4742,5310.3391,0.01750413,0.01791872,0.00089765,16.2655,14.6936,0.3653,59.3804,1.1678,2646.0457,162.5536,12.4780,16.8648,9.0895,16.5695,22.0926,29.825,33.4482,44.5976,11.8163,0.0,2.018664,2.691552,0.981654,30,240,141,4,0.10479828,0.02244119,0.04150452,0E-8,0.000000,0.902668,0.011910,-0.02129501,2026-03-22,2026-08-05,112,5695,2177,137,0.817518,0.739886,0.767145,0.349328,,,,,,,,GLOBAL_BASELINE_NO_ENTITY_RANKING,,,NOT_APPLICABLE_GLOBAL_BASELINE,HF9g-P5,,,,X 全窗基线 · 不参与实体赏罚,14194988,1420,A168_HF9F_20260827_0900,2026-08-27 09:00:00
2026-04-22,110249610,576,0,62.4900583997,-45.4473151998,-45.4473151998,0E-7,4,4,0.49994810000000000,0.499948100000,-1.7318710300250217,-1.7318710300250217,-1.7318710300250217,0E-17,ELIGIBLE,R03b_20260811_FULL_v1,L1_ELIGIBILITY,v2026-08-11,2026-03-21..2026-08-06,baccarat_bet02_101_all_pairs_incl_sentinel,round_win = game_pnl > 0 (decisive only),COMPATIBILITY_ONLY_NOT_PRODUCTION,296357.1217,267511.9505,6650.6079,18220,18206,-0.02244119,-0.04150452,-0.02020951,-0.02244119,-6650.6079,296357.1217,OK,0.0000,266.0243,4.0000,96.0000,AG03-UNRESOLVED,ALL5_LEVELS_bet23_to_bet27,266.0243,266.0243,266.0243,332.5304,332.5304,4.000000,4.000000,4.000000,5.000000,5.000000,96.000000,96.000000,96.000000,95.000000,95.000000,5.0,1463.1337,1340.2688,5187.4742,5310.3391,PENDING_AG03,FALSE,NOT_FOR_ENFORCEMENT,6384.5836,256811.4724,6650.6079,6384.5836,266.0243,0.02244119,0.02154355,266.0243,6384.5836,0.02154355,266.0243,266.0243,266.0243,332.5304,332.5304,6384.5836,0.02154355,1463.1337,1340.2688,5187.4742,5310.3391,0.01750413,0.01791872,0.00089765,16.2655,14.6936,0.3653,59.3804,1.1678,2646.0457,162.5536,12.4780,16.8648,9.0895,16.5695,22.0926,29.825,33.4482,44.5976,11.8163,0.0,2.018664,2.691552,0.981654,30,240,141,4,0.10479828,0.02244119,0.04150452,0E-8,0.000000,0.902668,0.011910,-0.02129501,2026-03-22,2026-08-05,112,5695,2177,137,0.817518,0.739886,0.767145,0.349328,,,,,,,,GLOBAL_BASELINE_NO_ENTITY_RANKING,,,NOT_APPLICABLE_GLOBAL_BASELINE,HF9g-P5,,,,X 全窗基线 · 不参与实体赏罚,14194989,1420,A168_HF9F_20260827_0900,2026-08-27 09:00:00
2026-04-22,110249610,595,0,121.9124230235,-24.6267639239,-24.6267639239,0.4285714,8,8,0.50329940000000000,0.503299400000,-0.395431866228915,-0.39543186622891513,-0.395431866228915,0E-17,ELIGIBLE,R03b_20260811_FULL_v1,L1_ELIGIBILITY,v2026-08-11,2026-03-21..2026-08-06,baccarat_bet02_101_all_pairs_incl_sentinel,round_win = game_pnl > 0 (decisive only),COMPATIBILITY_ONLY_NOT_PRODUCTION,296357.1217,267511.9505,6650.6079,18220,18206,-0.02244119,-0.04150452,-0.02020951,-0.02244119,-6650.6079,296357.1217,OK,0.0000,266.0243,4.0000,96.0000,AG03-UNRESOLVED,ALL5_LEVELS_bet23_to_bet27,266.0243,266.0243,266.0243,332.5304,332.5304,4.000000,4.000000,4.000000,5.000000,5.000000,96.000000,96.000000,96.000000,95.000000,95.000000,5.0,1463.1337,1340.2688,5187.4742,5310.3391,PENDING_AG03,FALSE,NOT_FOR_ENFORCEMENT,6384.5836,256811.4724,6650.6079,6384.5836,266.0243,0.02244119,0.02154355,266.0243,6384.5836,0.02154355,266.0243,266.0243,266.0243,332.5304,332.5304,6384.5836,0.02154355,1463.1337,1340.2688,5187.4742,5310.3391,0.01750413,0.01791872,0.00089765,16.2655,14.6936,0.3653,59.3804,1.1678,2646.0457,162.5536,12.4780,16.8648,9.0895,16.5695,22.0926,29.825,33.4482,44.5976,11.8163,0.0,2.018664,2.691552,0.981654,30,240,141,4,0.10479828,0.02244119,0.04150452,0E-8,0.000000,0.902668,0.011910,-0.02129501,2026-03-22,2026-08-05,112,5695,2177,137,0.817518,0.739886,0.767145,0.349328,,,,,,,,GLOBAL_BASELINE_NO_ENTITY_RANKING,,,NOT_APPLICABLE_GLOBAL_BASELINE,HF9g-P5,,,,X 全窗基线 · 不参与实体赏罚,14194990,1420,A168_HF9F_20260827_0900,2026-08-27 09:00:00
2026-04-22,110249610,752,0,17.0427431999,-17.0427431999,-17.0427431999,0E-7,1,1,0.49324550000000000,0.493245500000,-0.9865810262130424,-0.9865810262130424,-0.9865810262130424,0E-17,ELIGIBLE,R03b_20260811_FULL_v1,L1_ELIGIBILITY,v2026-08-11,2026-03-21..2026-08-06,baccarat_bet02_101_all_pairs_incl_sentinel,round_win = game_pnl > 0 (decisive only),COMPATIBILITY_ONLY_NOT_PRODUCTION,296357.1217,267511.9505,6650.6079,18220,18206,-0.02244119,-0.04150452,-0.02020951,-0.02244119,-6650.6079,296357.1217,OK,0.0000,266.0243,4.0000,96.0000,AG03-UNRESOLVED,ALL5_LEVELS_bet23_to_bet27,266.0243,266.0243,266.0243,332.5304,332.5304,4.000000,4.000000,4.000000,5.000000,5.000000,96.000000,96.000000,96.000000,95.000000,95.000000,5.0,1463.1337,1340.2688,5187.4742,5310.3391,PENDING_AG03,FALSE,NOT_FOR_ENFORCEMENT,6384.5836,256811.4724,6650.6079,6384.5836,266.0243,0.02244119,0.02154355,266.0243,6384.5836,0.02154355,266.0243,266.0243,266.0243,332.5304,332.5304,6384.5836,0.02154355,1463.1337,1340.2688,5187.4742,5310.3391,0.01750413,0.01791872,0.00089765,16.2655,14.6936,0.3653,59.3804,1.1678,2646.0457,162.5536,12.4780,16.8648,9.0895,16.5695,22.0926,29.825,33.4482,44.5976,11.8163,0.0,2.018664,2.691552,0.981654,30,240,141,4,0.10479828,0.02244119,0.04150452,0E-8,0.000000,0.902668,0.011910,-0.02129501,2026-03-22,2026-08-05,112,5695,2177,137,0.817518,0.739886,0.767145,0.349328,,,,,,,,GLOBAL_BASELINE_NO_ENTITY_RANKING,,,NOT_APPLICABLE_GLOBAL_BASELINE,HF9g-P5,,,,X 全窗基线 · 不参与实体赏罚,14194991,1420,A168_HF9F_20260827_0900,2026-08-27 09:00:00
2026-04-22,110249610,925,0,17.0427432000,-5.6809144000,-5.6809144000,0.5000000,2,2,0.49324550000000000,0.493245500000,0.01910635448239258,0.01910635448239258,0.01910635448239258,0E-17,ELIGIBLE,R03b_20260811_FULL_v1,L1_ELIGIBILITY,v2026-08-11,2026-03-21..2026-08-06,baccarat_bet02_101_all_pairs_incl_sentinel,round_win = game_pnl > 0 (decisive only),COMPATIBILITY_ONLY_NOT_PRODUCTION,296357.1217,267511.9505,6650.6079,18220,18206,-0.02244119,-0.04150452,-0.02020951,-0.02244119,-6650.6079,296357.1217,OK,0.0000,266.0243,4.0000,96.0000,AG03-UNRESOLVED,ALL5_LEVELS_bet23_to_bet27,266.0243,266.0243,266.0243,332.5304,332.5304,4.000000,4.000000,4.000000,5.000000,5.000000,96.000000,96.000000,96.000000,95.000000,95.000000,5.0,1463.1337,1340.2688,5187.4742,5310.3391,PENDING_AG03,FALSE,NOT_FOR_ENFORCEMENT,6384.5836,256811.4724,6650.6079,6384.5836,266.0243,0.02244119,0.02154355,266.0243,6384.5836,0.02154355,266.0243,266.0243,266.0243,332.5304,332.5304,6384.5836,0.02154355,1463.1337,1340.2688,5187.4742,5310.3391,0.01750413,0.01791872,0.00089765,16.2655,14.6936,0.3653,59.3804,1.1678,2646.0457,162.5536,12.4780,16.8648,9.0895,16.5695,22.0926,29.825,33.4482,44.5976,11.8163,0.0,2.018664,2.691552,0.981654,30,240,141,4,0.10479828,0.02244119,0.04150452,0E-8,0.000000,0.902668,0.011910,-0.02129501,2026-03-22,2026-08-05,112,5695,2177,137,0.817518,0.739886,0.767145,0.349328,,,,,,,,GLOBAL_BASELINE_NO_ENTITY_RANKING,,,NOT_APPLICABLE_GLOBAL_BASELINE,HF9g-P5,,,,X 全窗基线 · 不参与实体赏罚,14194992,1420,A168_HF9F_20260827_0900,2026-08-27 09:00:00
2026-04-23,110249610,-1,1,269.5025791352,-51.4406798920,-51.4406798920,0.4000000,21,21,0.49962892857142857,0.499628928571,-0.8911084726453641,-0.8911084726415315,-0.8911084726453641,4.2857E-13,SENTINEL_DEALER,R03b_20260811_FULL_v1,L1_ELIGIBILITY,v2026-08-11,2026-03-21..2026-08-06,baccarat_bet02_101_all_pairs_incl_sentinel,round_win = game_pnl > 0 (decisive only),COMPATIBILITY_ONLY_NOT_PRODUCTION,296357.1217,267511.9505,6650.6079,18220,18206,-0.02244119,-0.04150452,-0.02020951,-0.02244119,-6650.6079,296357.1217,OK,0.0000,266.0243,4.0000,96.0000,AG03-UNRESOLVED,ALL5_LEVELS_bet23_to_bet27,266.0243,266.0243,266.0243,332.5304,332.5304,4.000000,4.000000,4.000000,5.000000,5.000000,96.000000,96.000000,96.000000,95.000000,95.000000,5.0,1463.1337,1340.2688,5187.4742,5310.3391,PENDING_AG03,FALSE,NOT_FOR_ENFORCEMENT,6384.5836,256811.4724,6650.6079,6384.5836,266.0243,0.02244119,0.02154355,266.0243,6384.5836,0.02154355,266.0243,266.0243,266.0243,332.5304,332.5304,6384.5836,0.02154355,1463.1337,1340.2688,5187.4742,5310.3391,0.01750413,0.01791872,0.00089765,16.2655,14.6936,0.3653,59.3804,1.1678,2646.0457,162.5536,12.4780,16.8648,9.0895,16.5695,22.0926,29.825,33.4482,44.5976,11.8163,0.0,2.018664,2.691552,0.981654,30,240,141,4,0.10479828,0.02244119,0.04150452,0E-8,0.000000,0.902668,0.011910,-0.02129501,2026-03-22,2026-08-05,112,5695,2177,137,0.817518,0.739886,0.767145,0.349328,,,,,,,,GLOBAL_BASELINE_NO_ENTITY_RANKING,,,NOT_APPLICABLE_GLOBAL_BASELINE,HF9g-P5,,,,X 全窗基线 · 不参与实体赏罚,14194993,1420,A168_HF9F_20260827_0900,2026-08-27 09:00:00
2026-04-23,110249610,1017,0,39.1983093600,-1.0225645920,-1.0225645920,0.5000000,3,3,0.49324550000000000,0.493245500000,0.01910635448239258,0.01910635448239258,0.01910635448239258,0E-17,ELIGIBLE,R03b_20260811_FULL_v1,L1_ELIGIBILITY,v2026-08-11,2026-03-21..2026-08-06,baccarat_bet02_101_all_pairs_incl_sentinel,round_win = game_pnl > 0 (decisive only),COMPATIBILITY_ONLY_NOT_PRODUCTION,296357.1217,267511.9505,6650.6079,18220,18206,-0.02244119,-0.04150452,-0.02020951,-0.02244119,-6650.6079,296357.1217,OK,0.0000,266.0243,4.0000,96.0000,AG03-UNRESOLVED,ALL5_LEVELS_bet23_to_bet27,266.0243,266.0243,266.0243,332.5304,332.5304,4.000000,4.000000,4.000000,5.000000,5.000000,96.000000,96.000000,96.000000,95.000000,95.000000,5.0,1463.1337,1340.2688,5187.4742,5310.3391,PENDING_AG03,FALSE,NOT_FOR_ENFORCEMENT,6384.5836,256811.4724,6650.6079,6384.5836,266.0243,0.02244119,0.02154355,266.0243,6384.5836,0.02154355,266.0243,266.0243,266.0243,332.5304,332.5304,6384.5836,0.02154355,1463.1337,1340.2688,5187.4742,5310.3391,0.01750413,0.01791872,0.00089765,16.2655,14.6936,0.3653,59.3804,1.1678,2646.0457,162.5536,12.4780,16.8648,9.0895,16.5695,22.0926,29.825,33.4482,44.5976,11.8163,0.0,2.018664,2.691552,0.981654,30,240,141,4,0.10479828,0.02244119,0.04150452,0E-8,0.000000,0.902668,0.011910,-0.02129501,2026-03-22,2026-08-05,112,5695,2177,137,0.817518,0.739886,0.767145,0.349328,,,,,,,,GLOBAL_BASELINE_NO_ENTITY_RANKING,,,NOT_APPLICABLE_GLOBAL_BASELINE,HF9g-P5,,,,X 全窗基线 · 不参与实体赏罚,14194994,1420,A168_HF9F_20260827_0900,2026-08-27 09:00:00
2026-04-23,110249610,1078,0,45.4473151998,-5.6809143999,-5.6809143999,0.5000000,3,3,0.49324550000000000,0.493245500000,0.01910635448239258,0.01910635448239258,0.01910635448239258,0E-17,ELIGIBLE,R03b_20260811_FULL_v1,L1_ELIGIBILITY,v2026-08-11,2026-03-21..2026-08-06,baccarat_bet02_101_all_pairs_incl_sentinel,round_win = game_pnl > 0 (decisive only),COMPATIBILITY_ONLY_NOT_PRODUCTION,296357.1217,267511.9505,6650.6079,18220,18206,-0.02244119,-0.04150452,-0.02020951,-0.02244119,-6650.6079,296357.1217,OK,0.0000,266.0243,4.0000,96.0000,AG03-UNRESOLVED,ALL5_LEVELS_bet23_to_bet27,266.0243,266.0243,266.0243,332.5304,332.5304,4.000000,4.000000,4.000000,5.000000,5.000000,96.000000,96.000000,96.000000,95.000000,95.000000,5.0,1463.1337,1340.2688,5187.4742,5310.3391,PENDING_AG03,FALSE,NOT_FOR_ENFORCEMENT,6384.5836,256811.4724,6650.6079,6384.5836,266.0243,0.02244119,0.02154355,266.0243,6384.5836,0.02154355,266.0243,266.0243,266.0243,332.5304,332.5304,6384.5836,0.02154355,1463.1337,1340.2688,5187.4742,5310.3391,0.01750413,0.01791872,0.00089765,16.2655,14.6936,0.3653,59.3804,1.1678,2646.0457,162.5536,12.4780,16.8648,9.0895,16.5695,22.0926,29.825,33.4482,44.5976,11.8163,0.0,2.018664,2.691552,0.981654,30,240,141,4,0.10479828,0.02244119,0.04150452,0E-8,0.000000,0.902668,0.011910,-0.02129501,2026-03-22,2026-08-05,112,5695,2177,137,0.817518,0.739886,0.767145,0.349328,,,,,,,,GLOBAL_BASELINE_NO_ENTITY_RANKING,,,NOT_APPLICABLE_GLOBAL_BASELINE,HF9g-P5,,,,X 全窗基线 · 不参与实体赏罚,14194995,1420,A168_HF9F_20260827_0900,2026-08-27 09:00:00
2026-04-23,110249610,1109,0,64.0807144318,4.6867543800,4.6867543800,0.6000000,5,5,0.50128862000000000,0.501288620000,0.4414521777673877,0.4414521777673877,0.4414521777673877,0E-17,ELIGIBLE,R03b_20260811_FULL_v1,L1_ELIGIBILITY,v2026-08-11,2026-03-21..2026-08-06,baccarat_bet02_101_all_pairs_incl_sentinel,round_win = game_pnl > 0 (decisive only),COMPATIBILITY_ONLY_NOT_PRODUCTION,296357.1217,267511.9505,6650.6079,18220,18206,-0.02244119,-0.04150452,-0.02020951,-0.02244119,-6650.6079,296357.1217,OK,0.0000,266.0243,4.0000,96.0000,AG03-UNRESOLVED,ALL5_LEVELS_bet23_to_bet27,266.0243,266.0243,266.0243,332.5304,332.5304,4.000000,4.000000,4.000000,5.000000,5.000000,96.000000,96.000000,96.000000,95.000000,95.000000,5.0,1463.1337,1340.2688,5187.4742,5310.3391,PENDING_AG03,FALSE,NOT_FOR_ENFORCEMENT,6384.5836,256811.4724,6650.6079,6384.5836,266.0243,0.02244119,0.02154355,266.0243,6384.5836,0.02154355,266.0243,266.0243,266.0243,332.5304,332.5304,6384.5836,0.02154355,1463.1337,1340.2688,5187.4742,5310.3391,0.01750413,0.01791872,0.00089765,16.2655,14.6936,0.3653,59.3804,1.1678,2646.0457,162.5536,12.4780,16.8648,9.0895,16.5695,22.0926,29.825,33.4482,44.5976,11.8163,0.0,2.018664,2.691552,0.981654,30,240,141,4,0.10479828,0.02244119,0.04150452,0E-8,0.000000,0.902668,0.011910,-0.02129501,2026-03-22,2026-08-05,112,5695,2177,137,0.817518,0.739886,0.767145,0.349328,,,,,,,,GLOBAL_BASELINE_NO_ENTITY_RANKING,,,NOT_APPLICABLE_GLOBAL_BASELINE,HF9g-P5,,,,X 全窗基线 · 不参与实体赏罚,14194996,1420,A168_HF9F_20260827_0900,2026-08-27 09:00:00
2026-04-23,110249610,1318,0,60.2176926397,36.6987070238,36.6987070238,1.0000000,3,3,0.50665070000000000,0.506650700000,1.3955260008387969,1.3955260008387969,1.3955260008387969,0E-17,ELIGIBLE,R03b_20260811_FULL_v1,L1_ELIGIBILITY,v2026-08-11,2026-03-21..2026-08-06,baccarat_bet02_101_all_pairs_incl_sentinel,round_win = game_pnl > 0 (decisive only),COMPATIBILITY_ONLY_NOT_PRODUCTION,296357.1217,267511.9505,6650.6079,18220,18206,-0.02244119,-0.04150452,-0.02020951,-0.02244119,-6650.6079,296357.1217,OK,0.0000,266.0243,4.0000,96.0000,AG03-UNRESOLVED,ALL5_LEVELS_bet23_to_bet27,266.0243,266.0243,266.0243,332.5304,332.5304,4.000000,4.000000,4.000000,5.000000,5.000000,96.000000,96.000000,96.000000,95.000000,95.000000,5.0,1463.1337,1340.2688,5187.4742,5310.3391,PENDING_AG03,FALSE,NOT_FOR_ENFORCEMENT,6384.5836,256811.4724,6650.6079,6384.5836,266.0243,0.02244119,0.02154355,266.0243,6384.5836,0.02154355,266.0243,266.0243,266.0243,332.5304,332.5304,6384.5836,0.02154355,1463.1337,1340.2688,5187.4742,5310.3391,0.01750413,0.01791872,0.00089765,16.2655,14.6936,0.3653,59.3804,1.1678,2646.0457,162.5536,12.4780,16.8648,9.0895,16.5695,22.0926,29.825,33.4482,44.5976,11.8163,0.0,2.018664,2.691552,0.981654,30,240,141,4,0.10479828,0.02244119,0.04150452,0E-8,0.000000,0.902668,0.011910,-0.02129501,2026-03-22,2026-08-05,112,5695,2177,137,0.817518,0.739886,0.767145,0.349328,,,,,,,,GLOBAL_BASELINE_NO_ENTITY_RANKING,,,NOT_APPLICABLE_GLOBAL_BASELINE,HF9g-P5,,,,X 全窗基线 · 不参与实体赏罚,14194997,1420,A168_HF9F_20260827_0900,2026-08-27 09:00:00
2026-04-23,110249610,1323,0,11.3618288000,-11.3618288000,-11.3618288000,0E-7,1,1,0.49324550000000000,0.493245500000,-0.9865810262130424,-0.9865810262130424,-0.9865810262130424,0E-17,ELIGIBLE,R03b_20260811_FULL_v1,L1_ELIGIBILITY,v2026-08-11,2026-03-21..2026-08-06,baccarat_bet02_101_all_pairs_incl_sentinel,round_win = game_pnl > 0 (decisive only),COMPATIBILITY_ONLY_NOT_PRODUCTION,296357.1217,267511.9505,6650.6079,18220,18206,-0.02244119,-0.04150452,-0.02020951,-0.02244119,-6650.6079,296357.1217,OK,0.0000,266.0243,4.0000,96.0000,AG03-UNRESOLVED,ALL5_LEVELS_bet23_to_bet27,266.0243,266.0243,266.0243,332.5304,332.5304,4.000000,4.000000,4.000000,5.000000,5.000000,96.000000,96.000000,96.000000,95.000000,95.000000,5.0,1463.1337,1340.2688,5187.4742,5310.3391,PENDING_AG03,FALSE,NOT_FOR_ENFORCEMENT,6384.5836,256811.4724,6650.6079,6384.5836,266.0243,0.02244119,0.02154355,266.0243,6384.5836,0.02154355,266.0243,266.0243,266.0243,332.5304,332.5304,6384.5836,0.02154355,1463.1337,1340.2688,5187.4742,5310.3391,0.01750413,0.01791872,0.00089765,16.2655,14.6936,0.3653,59.3804,1.1678,2646.0457,162.5536,12.4780,16.8648,9.0895,16.5695,22.0926,29.825,33.4482,44.5976,11.8163,0.0,2.018664,2.691552,0.981654,30,240,141,4,0.10479828,0.02244119,0.04150452,0E-8,0.000000,0.902668,0.011910,-0.02129501,2026-03-22,2026-08-05,112,5695,2177,137,0.817518,0.739886,0.767145,0.349328,,,,,,,,GLOBAL_BASELINE_NO_ENTITY_RANKING,,,NOT_APPLICABLE_GLOBAL_BASELINE,HF9g-P5,,,,X 全窗基线 · 不参与实体赏罚,14194998,1420,A168_HF9F_20260827_0900,2026-08-27 09:00:00
2026-04-23,110249610,1400,0,11.3618288000,-11.3618288000,-11.3618288000,0E-7,1,1,0.50665070000000000,0.506650700000,-1.013391052207602,-1.013391052207602,-1.013391052207602,0E-17,ELIGIBLE,R03b_20260811_FULL_v1,L1_ELIGIBILITY,v2026-08-11,2026-03-21..2026-08-06,baccarat_bet02_101_all_pairs_incl_sentinel,round_win = game_pnl > 0 (decisive only),COMPATIBILITY_ONLY_NOT_PRODUCTION,296357.1217,267511.9505,6650.6079,18220,18206,-0.02244119,-0.04150452,-0.02020951,-0.02244119,-6650.6079,296357.1217,OK,0.0000,266.0243,4.0000,96.0000,AG03-UNRESOLVED,ALL5_LEVELS_bet23_to_bet27,266.0243,266.0243,266.0243,332.5304,332.5304,4.000000,4.000000,4.000000,5.000000,5.000000,96.000000,96.000000,96.000000,95.000000,95.000000,5.0,1463.1337,1340.2688,5187.4742,5310.3391,PENDING_AG03,FALSE,NOT_FOR_ENFORCEMENT,6384.5836,256811.4724,6650.6079,6384.5836,266.0243,0.02244119,0.02154355,266.0243,6384.5836,0.02154355,266.0243,266.0243,266.0243,332.5304,332.5304,6384.5836,0.02154355,1463.1337,1340.2688,5187.4742,5310.3391,0.01750413,0.01791872,0.00089765,16.2655,14.6936,0.3653,59.3804,1.1678,2646.0457,162.5536,12.4780,16.8648,9.0895,16.5695,22.0926,29.825,33.4482,44.5976,11.8163,0.0,2.018664,2.691552,0.981654,30,240,141,4,0.10479828,0.02244119,0.04150452,0E-8,0.000000,0.902668,0.011910,-0.02129501,2026-03-22,2026-08-05,112,5695,2177,137,0.817518,0.739886,0.767145,0.349328,,,,,,,,GLOBAL_BASELINE_NO_ENTITY_RANKING,,,NOT_APPLICABLE_GLOBAL_BASELINE,HF9g-P5,,,,X 全窗基线 · 不参与实体赏罚,14194999,1420,A168_HF9F_20260827_0900,2026-08-27 09:00:00
2026-04-23,110249610,1942,0,4.5447315200,-4.5447315200,-4.5447315200,0E-7,1,1,0.49324550000000000,0.493245500000,-0.9865810262130424,-0.9865810262130424,-0.9865810262130424,0E-17,ELIGIBLE,R03b_20260811_FULL_v1,L1_ELIGIBILITY,v2026-08-11,2026-03-21..2026-08-06,baccarat_bet02_101_all_pairs_incl_sentinel,round_win = game_pnl > 0 (decisive only),COMPATIBILITY_ONLY_NOT_PRODUCTION,296357.1217,267511.9505,6650.6079,18220,18206,-0.02244119,-0.04150452,-0.02020951,-0.02244119,-6650.6079,296357.1217,OK,0.0000,266.0243,4.0000,96.0000,AG03-UNRESOLVED,ALL5_LEVELS_bet23_to_bet27,266.0243,266.0243,266.0243,332.5304,332.5304,4.000000,4.000000,4.000000,5.000000,5.000000,96.000000,96.000000,96.000000,95.000000,95.000000,5.0,1463.1337,1340.2688,5187.4742,5310.3391,PENDING_AG03,FALSE,NOT_FOR_ENFORCEMENT,6384.5836,256811.4724,6650.6079,6384.5836,266.0243,0.02244119,0.02154355,266.0243,6384.5836,0.02154355,266.0243,266.0243,266.0243,332.5304,332.5304,6384.5836,0.02154355,1463.1337,1340.2688,5187.4742,5310.3391,0.01750413,0.01791872,0.00089765,16.2655,14.6936,0.3653,59.3804,1.1678,2646.0457,162.5536,12.4780,16.8648,9.0895,16.5695,22.0926,29.825,33.4482,44.5976,11.8163,0.0,2.018664,2.691552,0.981654,30,240,141,4,0.10479828,0.02244119,0.04150452,0E-8,0.000000,0.902668,0.011910,-0.02129501,2026-03-22,2026-08-05,112,5695,2177,137,0.817518,0.739886,0.767145,0.349328,,,,,,,,GLOBAL_BASELINE_NO_ENTITY_RANKING,,,NOT_APPLICABLE_GLOBAL_BASELINE,HF9g-P5,,,,X 全窗基线 · 不参与实体赏罚,14195000,1420,A168_HF9F_20260827_0900,2026-08-27 09:00:00
2026-04-23,110249610,1963,0,28.1773354240,-5.4536778240,-5.4536778240,0.3333333,3,3,0.49324550000000000,0.493245500000,-0.5540025479526107,-0.5540025479526106,-0.5540025479526107,0E-17,ELIGIBLE,R03b_20260811_FULL_v1,L1_ELIGIBILITY,v2026-08-11,2026-03-21..2026-08-06,baccarat_bet02_101_all_pairs_incl_sentinel,round_win = game_pnl > 0 (decisive only),COMPATIBILITY_ONLY_NOT_PRODUCTION,296357.1217,267511.9505,6650.6079,18220,18206,-0.02244119,-0.04150452,-0.02020951,-0.02244119,-6650.6079,296357.1217,OK,0.0000,266.0243,4.0000,96.0000,AG03-UNRESOLVED,ALL5_LEVELS_bet23_to_bet27,266.0243,266.0243,266.0243,332.5304,332.5304,4.000000,4.000000,4.000000,5.000000,5.000000,96.000000,96.000000,96.000000,95.000000,95.000000,5.0,1463.1337,1340.2688,5187.4742,5310.3391,PENDING_AG03,FALSE,NOT_FOR_ENFORCEMENT,6384.5836,256811.4724,6650.6079,6384.5836,266.0243,0.02244119,0.02154355,266.0243,6384.5836,0.02154355,266.0243,266.0243,266.0243,332.5304,332.5304,6384.5836,0.02154355,1463.1337,1340.2688,5187.4742,5310.3391,0.01750413,0.01791872,0.00089765,16.2655,14.6936,0.3653,59.3804,1.1678,2646.0457,162.5536,12.4780,16.8648,9.0895,16.5695,22.0926,29.825,33.4482,44.5976,11.8163,0.0,2.018664,2.691552,0.981654,30,240,141,4,0.10479828,0.02244119,0.04150452,0E-8,0.000000,0.902668,0.011910,-0.02129501,2026-03-22,2026-08-05,112,5695,2177,137,0.817518,0.739886,0.767145,0.349328,,,,,,,,GLOBAL_BASELINE_NO_ENTITY_RANKING,,,NOT_APPLICABLE_GLOBAL_BASELINE,HF9g-P5,,,,X 全窗基线 · 不参与实体赏罚,14195001,1420,A168_HF9F_20260827_0900,2026-08-27 09:00:00
2026-04-23,110249610,2156,0,11.3618288000,11.3618288000,11.3618288000,1.0000000,1,1,0.49324550000000000,0.493245500000,1.01360149184955,1.01360149184955,1.01360149184955,0E-17,ELIGIBLE,R03b_20260811_FULL_v1,L1_ELIGIBILITY,v2026-08-11,2026-03-21..2026-08-06,baccarat_bet02_101_all_pairs_incl_sentinel,round_win = game_pnl > 0 (decisive only),COMPATIBILITY_ONLY_NOT_PRODUCTION,296357.1217,267511.9505,6650.6079,18220,18206,-0.02244119,-0.04150452,-0.02020951,-0.02244119,-6650.6079,296357.1217,OK,0.0000,266.0243,4.0000,96.0000,AG03-UNRESOLVED,ALL5_LEVELS_bet23_to_bet27,266.0243,266.0243,266.0243,332.5304,332.5304,4.000000,4.000000,4.000000,5.000000,5.000000,96.000000,96.000000,96.000000,95.000000,95.000000,5.0,1463.1337,1340.2688,5187.4742,5310.3391,PENDING_AG03,FALSE,NOT_FOR_ENFORCEMENT,6384.5836,256811.4724,6650.6079,6384.5836,266.0243,0.02244119,0.02154355,266.0243,6384.5836,0.02154355,266.0243,266.0243,266.0243,332.5304,332.5304,6384.5836,0.02154355,1463.1337,1340.2688,5187.4742,5310.3391,0.01750413,0.01791872,0.00089765,16.2655,14.6936,0.3653,59.3804,1.1678,2646.0457,162.5536,12.4780,16.8648,9.0895,16.5695,22.0926,29.825,33.4482,44.5976,11.8163,0.0,2.018664,2.691552,0.981654,30,240,141,4,0.10479828,0.02244119,0.04150452,0E-8,0.000000,0.902668,0.011910,-0.02129501,2026-03-22,2026-08-05,112,5695,2177,137,0.817518,0.739886,0.767145,0.349328,,,,,,,,GLOBAL_BASELINE_NO_ENTITY_RANKING,,,NOT_APPLICABLE_GLOBAL_BASELINE,HF9g-P5,,,,X 全窗基线 · 不参与实体赏罚,14195002,1420,A168_HF9F_20260827_0900,2026-08-27 09:00:00
2026-04-23,110249610,2234,0,45.4473151998,-11.3618288000,-11.3618288000,0.3333333,3,3,0.49324550000000000,0.493245500000,-0.5540025479526107,-0.5540025479526106,-0.5540025479526107,0E-17,ELIGIBLE,R03b_20260811_FULL_v1,L1_ELIGIBILITY,v2026-08-11,2026-03-21..2026-08-06,baccarat_bet02_101_all_pairs_incl_sentinel,round_win = game_pnl > 0 (decisive only),COMPATIBILITY_ONLY_NOT_PRODUCTION,296357.1217,267511.9505,6650.6079,18220,18206,-0.02244119,-0.04150452,-0.02020951,-0.02244119,-6650.6079,296357.1217,OK,0.0000,266.0243,4.0000,96.0000,AG03-UNRESOLVED,ALL5_LEVELS_bet23_to_bet27,266.0243,266.0243,266.0243,332.5304,332.5304,4.000000,4.000000,4.000000,5.000000,5.000000,96.000000,96.000000,96.000000,95.000000,95.000000,5.0,1463.1337,1340.2688,5187.4742,5310.3391,PENDING_AG03,FALSE,NOT_FOR_ENFORCEMENT,6384.5836,256811.4724,6650.6079,6384.5836,266.0243,0.02244119,0.02154355,266.0243,6384.5836,0.02154355,266.0243,266.0243,266.0243,332.5304,332.5304,6384.5836,0.02154355,1463.1337,1340.2688,5187.4742,5310.3391,0.01750413,0.01791872,0.00089765,16.2655,14.6936,0.3653,59.3804,1.1678,2646.0457,162.5536,12.4780,16.8648,9.0895,16.5695,22.0926,29.825,33.4482,44.5976,11.8163,0.0,2.018664,2.691552,0.981654,30,240,141,4,0.10479828,0.02244119,0.04150452,0E-8,0.000000,0.902668,0.011910,-0.02129501,2026-03-22,2026-08-05,112,5695,2177,137,0.817518,0.739886,0.767145,0.349328,,,,,,,,GLOBAL_BASELINE_NO_ENTITY_RANKING,,,NOT_APPLICABLE_GLOBAL_BASELINE,HF9g-P5,,,,X 全窗基线 · 不参与实体赏罚,14195003,1420,A168_HF9F_20260827_0900,2026-08-27 09:00:00
2026-04-23,110249610,2235,0,22.7236576000,3.8630217920,3.8630217920,0.6666667,3,3,0.50665070000000000,0.506650700000,0.5543606114942035,0.5543606114942035,0.5543606114942035,0E-17,ELIGIBLE,R03b_20260811_FULL_v1,L1_ELIGIBILITY,v2026-08-11,2026-03-21..2026-08-06,baccarat_bet02_101_all_pairs_incl_sentinel,round_win = game_pnl > 0 (decisive only),COMPATIBILITY_ONLY_NOT_PRODUCTION,296357.1217,267511.9505,6650.6079,18220,18206,-0.02244119,-0.04150452,-0.02020951,-0.02244119,-6650.6079,296357.1217,OK,0.0000,266.0243,4.0000,96.0000,AG03-UNRESOLVED,ALL5_LEVELS_bet23_to_bet27,266.0243,266.0243,266.0243,332.5304,332.5304,4.000000,4.000000,4.000000,5.000000,5.000000,96.000000,96.000000,96.000000,95.000000,95.000000,5.0,1463.1337,1340.2688,5187.4742,5310.3391,PENDING_AG03,FALSE,NOT_FOR_ENFORCEMENT,6384.5836,256811.4724,6650.6079,6384.5836,266.0243,0.02244119,0.02154355,266.0243,6384.5836,0.02154355,266.0243,266.0243,266.0243,332.5304,332.5304,6384.5836,0.02154355,1463.1337,1340.2688,5187.4742,5310.3391,0.01750413,0.01791872,0.00089765,16.2655,14.6936,0.3653,59.3804,1.1678,2646.0457,162.5536,12.4780,16.8648,9.0895,16.5695,22.0926,29.825,33.4482,44.5976,11.8163,0.0,2.018664,2.691552,0.981654,30,240,141,4,0.10479828,0.02244119,0.04150452,0E-8,0.000000,0.902668,0.011910,-0.02129501,2026-03-22,2026-08-05,112,5695,2177,137,0.817518,0.739886,0.767145,0.349328,,,,,,,,GLOBAL_BASELINE_NO_ENTITY_RANKING,,,NOT_APPLICABLE_GLOBAL_BASELINE,HF9g-P5,,,,X 全窗基线 · 不参与实体赏罚,14195004,1420,A168_HF9F_20260827_0900,2026-08-27 09:00:00
2026-04-23,110249610,2252,0,17.6108346399,16.7302929079,16.7302929079,1.0000000,1,1,0.50665070000000000,0.506650700000,0.9867858985152569,0.9867858985152569,0.9867858985152569,0E-17,ELIGIBLE,R03b_20260811_FULL_v1,L1_ELIGIBILITY,v2026-08-11,2026-03-21..2026-08-06,baccarat_bet02_101_all_pairs_incl_sentinel,round_win = game_pnl > 0 (decisive only),COMPATIBILITY_ONLY_NOT_PRODUCTION,296357.1217,267511.9505,6650.6079,18220,18206,-0.02244119,-0.04150452,-0.02020951,-0.02244119,-6650.6079,296357.1217,OK,0.0000,266.0243,4.0000,96.0000,AG03-UNRESOLVED,ALL5_LEVELS_bet23_to_bet27,266.0243,266.0243,266.0243,332.5304,332.5304,4.000000,4.000000,4.000000,5.000000,5.000000,96.000000,96.000000,96.000000,95.000000,95.000000,5.0,1463.1337,1340.2688,5187.4742,5310.3391,PENDING_AG03,FALSE,NOT_FOR_ENFORCEMENT,6384.5836,256811.4724,6650.6079,6384.5836,266.0243,0.02244119,0.02154355,266.0243,6384.5836,0.02154355,266.0243,266.0243,266.0243,332.5304,332.5304,6384.5836,0.02154355,1463.1337,1340.2688,5187.4742,5310.3391,0.01750413,0.01791872,0.00089765,16.2655,14.6936,0.3653,59.3804,1.1678,2646.0457,162.5536,12.4780,16.8648,9.0895,16.5695,22.0926,29.825,33.4482,44.5976,11.8163,0.0,2.018664,2.691552,0.981654,30,240,141,4,0.10479828,0.02244119,0.04150452,0E-8,0.000000,0.902668,0.011910,-0.02129501,2026-03-22,2026-08-05,112,5695,2177,137,0.817518,0.739886,0.767145,0.349328,,,,,,,,GLOBAL_BASELINE_NO_ENTITY_RANKING,,,NOT_APPLICABLE_GLOBAL_BASELINE,HF9g-P5,,,,X 全窗基线 · 不参与实体赏罚,14195005,1420,A168_HF9F_20260827_0900,2026-08-27 09:00:00
2026-04-23,110249610,2254,0,19.3151089599,-19.3151089599,-19.3151089599,0E-7,1,1,0.49324550000000000,0.493245500000,-0.9865810262130424,-0.9865810262130424,-0.9865810262130424,0E-17,ELIGIBLE,R03b_20260811_FULL_v1,L1_ELIGIBILITY,v2026-08-11,2026-03-21..2026-08-06,baccarat_bet02_101_all_pairs_incl_sentinel,round_win = game_pnl > 0 (decisive only),COMPATIBILITY_ONLY_NOT_PRODUCTION,296357.1217,267511.9505,6650.6079,18220,18206,-0.02244119,-0.04150452,-0.02020951,-0.02244119,-6650.6079,296357.1217,OK,0.0000,266.0243,4.0000,96.0000,AG03-UNRESOLVED,ALL5_LEVELS_bet23_to_bet27,266.0243,266.0243,266.0243,332.5304,332.5304,4.000000,4.000000,4.000000,5.000000,5.000000,96.000000,96.000000,96.000000,95.000000,95.000000,5.0,1463.1337,1340.2688,5187.4742,5310.3391,PENDING_AG03,FALSE,NOT_FOR_ENFORCEMENT,6384.5836,256811.4724,6650.6079,6384.5836,266.0243,0.02244119,0.02154355,266.0243,6384.5836,0.02154355,266.0243,266.0243,266.0243,332.5304,332.5304,6384.5836,0.02154355,1463.1337,1340.2688,5187.4742,5310.3391,0.01750413,0.01791872,0.00089765,16.2655,14.6936,0.3653,59.3804,1.1678,2646.0457,162.5536,12.4780,16.8648,9.0895,16.5695,22.0926,29.825,33.4482,44.5976,11.8163,0.0,2.018664,2.691552,0.981654,30,240,141,4,0.10479828,0.02244119,0.04150452,0E-8,0.000000,0.902668,0.011910,-0.02129501,2026-03-22,2026-08-05,112,5695,2177,137,0.817518,0.739886,0.767145,0.349328,,,,,,,,GLOBAL_BASELINE_NO_ENTITY_RANKING,,,NOT_APPLICABLE_GLOBAL_BASELINE,HF9g-P5,,,,X 全窗基线 · 不参与实体赏罚,14195006,1420,A168_HF9F_20260827_0900,2026-08-27 09:00:00
2026-04-23,110249610,2256,0,34.0854863998,-17.0427431999,-17.0427431999,0E-7,2,2,0.50665070000000000,0.506650700000,-1.013391052207602,-1.013391052207602,-1.013391052207602,0E-17,ELIGIBLE,R03b_20260811_FULL_v1,L1_ELIGIBILITY,v2026-08-11,2026-03-21..2026-08-06,baccarat_bet02_101_all_pairs_incl_sentinel,round_win = game_pnl > 0 (decisive only),COMPATIBILITY_ONLY_NOT_PRODUCTION,296357.1217,267511.9505,6650.6079,18220,18206,-0.02244119,-0.04150452,-0.02020951,-0.02244119,-6650.6079,296357.1217,OK,0.0000,266.0243,4.0000,96.0000,AG03-UNRESOLVED,ALL5_LEVELS_bet23_to_bet27,266.0243,266.0243,266.0243,332.5304,332.5304,4.000000,4.000000,4.000000,5.000000,5.000000,96.000000,96.000000,96.000000,95.000000,95.000000,5.0,1463.1337,1340.2688,5187.4742,5310.3391,PENDING_AG03,FALSE,NOT_FOR_ENFORCEMENT,6384.5836,256811.4724,6650.6079,6384.5836,266.0243,0.02244119,0.02154355,266.0243,6384.5836,0.02154355,266.0243,266.0243,266.0243,332.5304,332.5304,6384.5836,0.02154355,1463.1337,1340.2688,5187.4742,5310.3391,0.01750413,0.01791872,0.00089765,16.2655,14.6936,0.3653,59.3804,1.1678,2646.0457,162.5536,12.4780,16.8648,9.0895,16.5695,22.0926,29.825,33.4482,44.5976,11.8163,0.0,2.018664,2.691552,0.981654,30,240,141,4,0.10479828,0.02244119,0.04150452,0E-8,0.000000,0.902668,0.011910,-0.02129501,2026-03-22,2026-08-05,112,5695,2177,137,0.817518,0.739886,0.767145,0.349328,,,,,,,,GLOBAL_BASELINE_NO_ENTITY_RANKING,,,NOT_APPLICABLE_GLOBAL_BASELINE,HF9g-P5,,,,X 全窗基线 · 不参与实体赏罚,14195007,1420,A168_HF9F_20260827_0900,2026-08-27 09:00:00
2026-04-23,110249610,925,0,51.1282295998,-17.0427432000,-17.0427432000,0.3333333,3,3,0.49324550000000000,0.493245500000,-0.5540025479526107,-0.5540025479526106,-0.5540025479526107,0E-17,ELIGIBLE,R03b_20260811_FULL_v1,L1_ELIGIBILITY,v2026-08-11,2026-03-21..2026-08-06,baccarat_bet02_101_all_pairs_incl_sentinel,round_win = game_pnl > 0 (decisive only),COMPATIBILITY_ONLY_NOT_PRODUCTION,296357.1217,267511.9505,6650.6079,18220,18206,-0.02244119,-0.04150452,-0.02020951,-0.02244119,-6650.6079,296357.1217,OK,0.0000,266.0243,4.0000,96.0000,AG03-UNRESOLVED,ALL5_LEVELS_bet23_to_bet27,266.0243,266.0243,266.0243,332.5304,332.5304,4.000000,4.000000,4.000000,5.000000,5.000000,96.000000,96.000000,96.000000,95.000000,95.000000,5.0,1463.1337,1340.2688,5187.4742,5310.3391,PENDING_AG03,FALSE,NOT_FOR_ENFORCEMENT,6384.5836,256811.4724,6650.6079,6384.5836,266.0243,0.02244119,0.02154355,266.0243,6384.5836,0.02154355,266.0243,266.0243,266.0243,332.5304,332.5304,6384.5836,0.02154355,1463.1337,1340.2688,5187.4742,5310.3391,0.01750413,0.01791872,0.00089765,16.2655,14.6936,0.3653,59.3804,1.1678,2646.0457,162.5536,12.4780,16.8648,9.0895,16.5695,22.0926,29.825,33.4482,44.5976,11.8163,0.0,2.018664,2.691552,0.981654,30,240,141,4,0.10479828,0.02244119,0.04150452,0E-8,0.000000,0.902668,0.011910,-0.02129501,2026-03-22,2026-08-05,112,5695,2177,137,0.817518,0.739886,0.767145,0.349328,,,,,,,,GLOBAL_BASELINE_NO_ENTITY_RANKING,,,NOT_APPLICABLE_GLOBAL_BASELINE,HF9g-P5,,,,X 全窗基线 · 不参与实体赏罚,14195008,1420,A168_HF9F_20260827_0900,2026-08-27 09:00:00
2026-04-24,110249610,-1,1,353.9209671198,-154.8105983142,-154.8105983142,0.2857143,55,54,0.50148721555555556,0.501561688889,-3.0208343808313747,-3.021878384432232,-3.0208343808313747,-0.00007447333344444,SENTINEL_DEALER,R03b_20260811_FULL_v1,L1_ELIGIBILITY,v2026-08-11,2026-03-21..2026-08-06,baccarat_bet02_101_all_pairs_incl_sentinel,round_win = game_pnl > 0 (decisive only),COMPATIBILITY_ONLY_NOT_PRODUCTION,296357.1217,267511.9505,6650.6079,18220,18206,-0.02244119,-0.04150452,-0.02020951,-0.02244119,-6650.6079,296357.1217,OK,0.0000,266.0243,4.0000,96.0000,AG03-UNRESOLVED,ALL5_LEVELS_bet23_to_bet27,266.0243,266.0243,266.0243,332.5304,332.5304,4.000000,4.000000,4.000000,5.000000,5.000000,96.000000,96.000000,96.000000,95.000000,95.000000,5.0,1463.1337,1340.2688,5187.4742,5310.3391,PENDING_AG03,FALSE,NOT_FOR_ENFORCEMENT,6384.5836,256811.4724,6650.6079,6384.5836,266.0243,0.02244119,0.02154355,266.0243,6384.5836,0.02154355,266.0243,266.0243,266.0243,332.5304,332.5304,6384.5836,0.02154355,1463.1337,1340.2688,5187.4742,5310.3391,0.01750413,0.01791872,0.00089765,16.2655,14.6936,0.3653,59.3804,1.1678,2646.0457,162.5536,12.4780,16.8648,9.0895,16.5695,22.0926,29.825,33.4482,44.5976,11.8163,0.0,2.018664,2.691552,0.981654,30,240,141,4,0.10479828,0.02244119,0.04150452,0E-8,0.000000,0.902668,0.011910,-0.02129501,2026-03-22,2026-08-05,112,5695,2177,137,0.817518,0.739886,0.767145,0.349328,,,,,,,,GLOBAL_BASELINE_NO_ENTITY_RANKING,,,NOT_APPLICABLE_GLOBAL_BASELINE,HF9g-P5,,,,X 全窗基线 · 不参与实体赏罚,14195009,1420,A168_HF9F_20260827_0900,2026-08-27 09:00:00
2026-04-24,110249610,1017,0,5.6809144000,-5.6809144000,-5.6809144000,0E-7,1,1,0.50665070000000000,0.506650700000,-1.013391052207602,-1.013391052207602,-1.013391052207602,0E-17,ELIGIBLE,R03b_20260811_FULL_v1,L1_ELIGIBILITY,v2026-08-11,2026-03-21..2026-08-06,baccarat_bet02_101_all_pairs_incl_sentinel,round_win = game_pnl > 0 (decisive only),COMPATIBILITY_ONLY_NOT_PRODUCTION,296357.1217,267511.9505,6650.6079,18220,18206,-0.02244119,-0.04150452,-0.02020951,-0.02244119,-6650.6079,296357.1217,OK,0.0000,266.0243,4.0000,96.0000,AG03-UNRESOLVED,ALL5_LEVELS_bet23_to_bet27,266.0243,266.0243,266.0243,332.5304,332.5304,4.000000,4.000000,4.000000,5.000000,5.000000,96.000000,96.000000,96.000000,95.000000,95.000000,5.0,1463.1337,1340.2688,5187.4742,5310.3391,PENDING_AG03,FALSE,NOT_FOR_ENFORCEMENT,6384.5836,256811.4724,6650.6079,6384.5836,266.0243,0.02244119,0.02154355,266.0243,6384.5836,0.02154355,266.0243,266.0243,266.0243,332.5304,332.5304,6384.5836,0.02154355,1463.1337,1340.2688,5187.4742,5310.3391,0.01750413,0.01791872,0.00089765,16.2655,14.6936,0.3653,59.3804,1.1678,2646.0457,162.5536,12.4780,16.8648,9.0895,16.5695,22.0926,29.825,33.4482,44.5976,11.8163,0.0,2.018664,2.691552,0.981654,30,240,141,4,0.10479828,0.02244119,0.04150452,0E-8,0.000000,0.902668,0.011910,-0.02129501,2026-03-22,2026-08-05,112,5695,2177,137,0.817518,0.739886,0.767145,0.349328,,,,,,,,GLOBAL_BASELINE_NO_ENTITY_RANKING,,,NOT_APPLICABLE_GLOBAL_BASELINE,HF9g-P5,,,,X 全窗基线 · 不参与实体赏罚,14195010,1420,A168_HF9F_20260827_0900,2026-08-27 09:00:00
2026-04-24,110249610,1299,0,13.6341945600,0E-10,0E-10,0.5000000,2,2,0.49324550000000000,0.493245500000,0.01910635448239258,0.01910635448239258,0.01910635448239258,0E-17,ELIGIBLE,R03b_20260811_FULL_v1,L1_ELIGIBILITY,v2026-08-11,2026-03-21..2026-08-06,baccarat_bet02_101_all_pairs_incl_sentinel,round_win = game_pnl > 0 (decisive only),COMPATIBILITY_ONLY_NOT_PRODUCTION,296357.1217,267511.9505,6650.6079,18220,18206,-0.02244119,-0.04150452,-0.02020951,-0.02244119,-6650.6079,296357.1217,OK,0.0000,266.0243,4.0000,96.0000,AG03-UNRESOLVED,ALL5_LEVELS_bet23_to_bet27,266.0243,266.0243,266.0243,332.5304,332.5304,4.000000,4.000000,4.000000,5.000000,5.000000,96.000000,96.000000,96.000000,95.000000,95.000000,5.0,1463.1337,1340.2688,5187.4742,5310.3391,PENDING_AG03,FALSE,NOT_FOR_ENFORCEMENT,6384.5836,256811.4724,6650.6079,6384.5836,266.0243,0.02244119,0.02154355,266.0243,6384.5836,0.02154355,266.0243,266.0243,266.0243,332.5304,332.5304,6384.5836,0.02154355,1463.1337,1340.2688,5187.4742,5310.3391,0.01750413,0.01791872,0.00089765,16.2655,14.6936,0.3653,59.3804,1.1678,2646.0457,162.5536,12.4780,16.8648,9.0895,16.5695,22.0926,29.825,33.4482,44.5976,11.8163,0.0,2.018664,2.691552,0.981654,30,240,141,4,0.10479828,0.02244119,0.04150452,0E-8,0.000000,0.902668,0.011910,-0.02129501,2026-03-22,2026-08-05,112,5695,2177,137,0.817518,0.739886,0.767145,0.349328,,,,,,,,GLOBAL_BASELINE_NO_ENTITY_RANKING,,,NOT_APPLICABLE_GLOBAL_BASELINE,HF9g-P5,,,,X 全窗基线 · 不参与实体赏罚,14195011,1420,A168_HF9F_20260827_0900,2026-08-27 09:00:00
2026-04-24,110249610,1318,0,9.0894630400,-9.0894630400,-9.0894630400,0E-7,2,2,0.49994810000000000,0.499948100000,-1.4140667746232096,-1.4140667746232096,-1.4140667746232096,0E-17,ELIGIBLE,R03b_20260811_FULL_v1,L1_ELIGIBILITY,v2026-08-11,2026-03-21..2026-08-06,baccarat_bet02_101_all_pairs_incl_sentinel,round_win = game_pnl > 0 (decisive only),COMPATIBILITY_ONLY_NOT_PRODUCTION,296357.1217,267511.9505,6650.6079,18220,18206,-0.02244119,-0.04150452,-0.02020951,-0.02244119,-6650.6079,296357.1217,OK,0.0000,266.0243,4.0000,96.0000,AG03-UNRESOLVED,ALL5_LEVELS_bet23_to_bet27,266.0243,266.0243,266.0243,332.5304,332.5304,4.000000,4.000000,4.000000,5.000000,5.000000,96.000000,96.000000,96.000000,95.000000,95.000000,5.0,1463.1337,1340.2688,5187.4742,5310.3391,PENDING_AG03,FALSE,NOT_FOR_ENFORCEMENT,6384.5836,256811.4724,6650.6079,6384.5836,266.0243,0.02244119,0.02154355,266.0243,6384.5836,0.02154355,266.0243,266.0243,266.0243,332.5304,332.5304,6384.5836,0.02154355,1463.1337,1340.2688,5187.4742,5310.3391,0.01750413,0.01791872,0.00089765,16.2655,14.6936,0.3653,59.3804,1.1678,2646.0457,162.5536,12.4780,16.8648,9.0895,16.5695,22.0926,29.825,33.4482,44.5976,11.8163,0.0,2.018664,2.691552,0.981654,30,240,141,4,0.10479828,0.02244119,0.04150452,0E-8,0.000000,0.902668,0.011910,-0.02129501,2026-03-22,2026-08-05,112,5695,2177,137,0.817518,0.739886,0.767145,0.349328,,,,,,,,GLOBAL_BASELINE_NO_ENTITY_RANKING,,,NOT_APPLICABLE_GLOBAL_BASELINE,HF9g-P5,,,,X 全窗基线 · 不参与实体赏罚,14195012,1420,A168_HF9F_20260827_0900,2026-08-27 09:00:00
2026-04-24,110249610,1400,0,80.6689844800,-2.2723657600,-2.2723657600,0.5000000,12,12,0.50106520000000000,0.501065200000,-0.0067369316153729885,-0.006736931615372989,-0.0067369316153729885,0E-17,ELIGIBLE,R03b_20260811_FULL_v1,L1_ELIGIBILITY,v2026-08-11,2026-03-21..2026-08-06,baccarat_bet02_101_all_pairs_incl_sentinel,round_win = game_pnl > 0 (decisive only),COMPATIBILITY_ONLY_NOT_PRODUCTION,296357.1217,267511.9505,6650.6079,18220,18206,-0.02244119,-0.04150452,-0.02020951,-0.02244119,-6650.6079,296357.1217,OK,0.0000,266.0243,4.0000,96.0000,AG03-UNRESOLVED,ALL5_LEVELS_bet23_to_bet27,266.0243,266.0243,266.0243,332.5304,332.5304,4.000000,4.000000,4.000000,5.000000,5.000000,96.000000,96.000000,96.000000,95.000000,95.000000,5.0,1463.1337,1340.2688,5187.4742,5310.3391,PENDING_AG03,FALSE,NOT_FOR_ENFORCEMENT,6384.5836,256811.4724,6650.6079,6384.5836,266.0243,0.02244119,0.02154355,266.0243,6384.5836,0.02154355,266.0243,266.0243,266.0243,332.5304,332.5304,6384.5836,0.02154355,1463.1337,1340.2688,5187.4742,5310.3391,0.01750413,0.01791872,0.00089765,16.2655,14.6936,0.3653,59.3804,1.1678,2646.0457,162.5536,12.4780,16.8648,9.0895,16.5695,22.0926,29.825,33.4482,44.5976,11.8163,0.0,2.018664,2.691552,0.981654,30,240,141,4,0.10479828,0.02244119,0.04150452,0E-8,0.000000,0.902668,0.011910,-0.02129501,2026-03-22,2026-08-05,112,5695,2177,137,0.817518,0.739886,0.767145,0.349328,,,,,,,,GLOBAL_BASELINE_NO_ENTITY_RANKING,,,NOT_APPLICABLE_GLOBAL_BASELINE,HF9g-P5,,,,X 全窗基线 · 不参与实体赏罚,14195013,1420,A168_HF9F_20260827_0900,2026-08-27 09:00:00
2026-04-24,110249610,1485,0,6.8170972800,-6.8170972800,-6.8170972800,0E-7,1,1,0.50665070000000000,0.506650700000,-1.013391052207602,-1.013391052207602,-1.013391052207602,0E-17,ELIGIBLE,R03b_20260811_FULL_v1,L1_ELIGIBILITY,v2026-08-11,2026-03-21..2026-08-06,baccarat_bet02_101_all_pairs_incl_sentinel,round_win = game_pnl > 0 (decisive only),COMPATIBILITY_ONLY_NOT_PRODUCTION,296357.1217,267511.9505,6650.6079,18220,18206,-0.02244119,-0.04150452,-0.02020951,-0.02244119,-6650.6079,296357.1217,OK,0.0000,266.0243,4.0000,96.0000,AG03-UNRESOLVED,ALL5_LEVELS_bet23_to_bet27,266.0243,266.0243,266.0243,332.5304,332.5304,4.000000,4.000000,4.000000,5.000000,5.000000,96.000000,96.000000,96.000000,95.000000,95.000000,5.0,1463.1337,1340.2688,5187.4742,5310.3391,PENDING_AG03,FALSE,NOT_FOR_ENFORCEMENT,6384.5836,256811.4724,6650.6079,6384.5836,266.0243,0.02244119,0.02154355,266.0243,6384.5836,0.02154355,266.0243,266.0243,266.0243,332.5304,332.5304,6384.5836,0.02154355,1463.1337,1340.2688,5187.4742,5310.3391,0.01750413,0.01791872,0.00089765,16.2655,14.6936,0.3653,59.3804,1.1678,2646.0457,162.5536,12.4780,16.8648,9.0895,16.5695,22.0926,29.825,33.4482,44.5976,11.8163,0.0,2.018664,2.691552,0.981654,30,240,141,4,0.10479828,0.02244119,0.04150452,0E-8,0.000000,0.902668,0.011910,-0.02129501,2026-03-22,2026-08-05,112,5695,2177,137,0.817518,0.739886,0.767145,0.349328,,,,,,,,GLOBAL_BASELINE_NO_ENTITY_RANKING,,,NOT_APPLICABLE_GLOBAL_BASELINE,HF9g-P5,,,,X 全窗基线 · 不参与实体赏罚,14195014,1420,A168_HF9F_20260827_0900,2026-08-27 09:00:00
2026-04-24,110249610,1654,0,2.2723657600,-2.2723657600,-2.2723657600,0E-7,1,1,0.50665070000000000,0.506650700000,-1.013391052207602,-1.013391052207602,-1.013391052207602,0E-17,ELIGIBLE,R03b_20260811_FULL_v1,L1_ELIGIBILITY,v2026-08-11,2026-03-21..2026-08-06,baccarat_bet02_101_all_pairs_incl_sentinel,round_win = game_pnl > 0 (decisive only),COMPATIBILITY_ONLY_NOT_PRODUCTION,296357.1217,267511.9505,6650.6079,18220,18206,-0.02244119,-0.04150452,-0.02020951,-0.02244119,-6650.6079,296357.1217,OK,0.0000,266.0243,4.0000,96.0000,AG03-UNRESOLVED,ALL5_LEVELS_bet23_to_bet27,266.0243,266.0243,266.0243,332.5304,332.5304,4.000000,4.000000,4.000000,5.000000,5.000000,96.000000,96.000000,96.000000,95.000000,95.000000,5.0,1463.1337,1340.2688,5187.4742,5310.3391,PENDING_AG03,FALSE,NOT_FOR_ENFORCEMENT,6384.5836,256811.4724,6650.6079,6384.5836,266.0243,0.02244119,0.02154355,266.0243,6384.5836,0.02154355,266.0243,266.0243,266.0243,332.5304,332.5304,6384.5836,0.02154355,1463.1337,1340.2688,5187.4742,5310.3391,0.01750413,0.01791872,0.00089765,16.2655,14.6936,0.3653,59.3804,1.1678,2646.0457,162.5536,12.4780,16.8648,9.0895,16.5695,22.0926,29.825,33.4482,44.5976,11.8163,0.0,2.018664,2.691552,0.981654,30,240,141,4,0.10479828,0.02244119,0.04150452,0E-8,0.000000,0.902668,0.011910,-0.02129501,2026-03-22,2026-08-05,112,5695,2177,137,0.817518,0.739886,0.767145,0.349328,,,,,,,,GLOBAL_BASELINE_NO_ENTITY_RANKING,,,NOT_APPLICABLE_GLOBAL_BASELINE,HF9g-P5,,,,X 全窗基线 · 不参与实体赏罚,14195015,1420,A168_HF9F_20260827_0900,2026-08-27 09:00:00
2026-04-24,110249610,1702,0,11.9299202400,-3.0676937760,-3.0676937760,0.5000000,2,2,0.50665070000000000,0.506650700000,-0.018812684590367487,-0.018812684590367487,-0.018812684590367487,0E-17,ELIGIBLE,R03b_20260811_FULL_v1,L1_ELIGIBILITY,v2026-08-11,2026-03-21..2026-08-06,baccarat_bet02_101_all_pairs_incl_sentinel,round_win = game_pnl > 0 (decisive only),COMPATIBILITY_ONLY_NOT_PRODUCTION,296357.1217,267511.9505,6650.6079,18220,18206,-0.02244119,-0.04150452,-0.02020951,-0.02244119,-6650.6079,296357.1217,OK,0.0000,266.0243,4.0000,96.0000,AG03-UNRESOLVED,ALL5_LEVELS_bet23_to_bet27,266.0243,266.0243,266.0243,332.5304,332.5304,4.000000,4.000000,4.000000,5.000000,5.000000,96.000000,96.000000,96.000000,95.000000,95.000000,5.0,1463.1337,1340.2688,5187.4742,5310.3391,PENDING_AG03,FALSE,NOT_FOR_ENFORCEMENT,6384.5836,256811.4724,6650.6079,6384.5836,266.0243,0.02244119,0.02154355,266.0243,6384.5836,0.02154355,266.0243,266.0243,266.0243,332.5304,332.5304,6384.5836,0.02154355,1463.1337,1340.2688,5187.4742,5310.3391,0.01750413,0.01791872,0.00089765,16.2655,14.6936,0.3653,59.3804,1.1678,2646.0457,162.5536,12.4780,16.8648,9.0895,16.5695,22.0926,29.825,33.4482,44.5976,11.8163,0.0,2.018664,2.691552,0.981654,30,240,141,4,0.10479828,0.02244119,0.04150452,0E-8,0.000000,0.902668,0.011910,-0.02129501,2026-03-22,2026-08-05,112,5695,2177,137,0.817518,0.739886,0.767145,0.349328,,,,,,,,GLOBAL_BASELINE_NO_ENTITY_RANKING,,,NOT_APPLICABLE_GLOBAL_BASELINE,HF9g-P5,,,,X 全窗基线 · 不参与实体赏罚,14195016,1420,A168_HF9F_20260827_0900,2026-08-27 09:00:00
2026-04-24,110249610,1941,0,9.0894630400,-4.5447315200,-4.5447315200,0E-7,2,2,0.50665070000000000,0.506650700000,-1.013391052207602,-1.013391052207602,-1.013391052207602,0E-17,ELIGIBLE,R03b_20260811_FULL_v1,L1_ELIGIBILITY,v2026-08-11,2026-03-21..2026-08-06,baccarat_bet02_101_all_pairs_incl_sentinel,round_win = game_pnl > 0 (decisive only),COMPATIBILITY_ONLY_NOT_PRODUCTION,296357.1217,267511.9505,6650.6079,18220,18206,-0.02244119,-0.04150452,-0.02020951,-0.02244119,-6650.6079,296357.1217,OK,0.0000,266.0243,4.0000,96.0000,AG03-UNRESOLVED,ALL5_LEVELS_bet23_to_bet27,266.0243,266.0243,266.0243,332.5304,332.5304,4.000000,4.000000,4.000000,5.000000,5.000000,96.000000,96.000000,96.000000,95.000000,95.000000,5.0,1463.1337,1340.2688,5187.4742,5310.3391,PENDING_AG03,FALSE,NOT_FOR_ENFORCEMENT,6384.5836,256811.4724,6650.6079,6384.5836,266.0243,0.02244119,0.02154355,266.0243,6384.5836,0.02154355,266.0243,266.0243,266.0243,332.5304,332.5304,6384.5836,0.02154355,1463.1337,1340.2688,5187.4742,5310.3391,0.01750413,0.01791872,0.00089765,16.2655,14.6936,0.3653,59.3804,1.1678,2646.0457,162.5536,12.4780,16.8648,9.0895,16.5695,22.0926,29.825,33.4482,44.5976,11.8163,0.0,2.018664,2.691552,0.981654,30,240,141,4,0.10479828,0.02244119,0.04150452,0E-8,0.000000,0.902668,0.011910,-0.02129501,2026-03-22,2026-08-05,112,5695,2177,137,0.817518,0.739886,0.767145,0.349328,,,,,,,,GLOBAL_BASELINE_NO_ENTITY_RANKING,,,NOT_APPLICABLE_GLOBAL_BASELINE,HF9g-P5,,,,X 全窗基线 · 不参与实体赏罚,14195017,1420,A168_HF9F_20260827_0900,2026-08-27 09:00:00
2026-04-24,110249610,1942,0,18.1789260800,0E-10,0E-10,0.6666667,3,3,0.49324550000000000,0.493245500000,0.6008033672792107,0.6008033672792106,0.6008033672792107,0E-17,ELIGIBLE,R03b_20260811_FULL_v1,L1_ELIGIBILITY,v2026-08-11,2026-03-21..2026-08-06,baccarat_bet02_101_all_pairs_incl_sentinel,round_win = game_pnl > 0 (decisive only),COMPATIBILITY_ONLY_NOT_PRODUCTION,296357.1217,267511.9505,6650.6079,18220,18206,-0.02244119,-0.04150452,-0.02020951,-0.02244119,-6650.6079,296357.1217,OK,0.0000,266.0243,4.0000,96.0000,AG03-UNRESOLVED,ALL5_LEVELS_bet23_to_bet27,266.0243,266.0243,266.0243,332.5304,332.5304,4.000000,4.000000,4.000000,5.000000,5.000000,96.000000,96.000000,96.000000,95.000000,95.000000,5.0,1463.1337,1340.2688,5187.4742,5310.3391,PENDING_AG03,FALSE,NOT_FOR_ENFORCEMENT,6384.5836,256811.4724,6650.6079,6384.5836,266.0243,0.02244119,0.02154355,266.0243,6384.5836,0.02154355,266.0243,266.0243,266.0243,332.5304,332.5304,6384.5836,0.02154355,1463.1337,1340.2688,5187.4742,5310.3391,0.01750413,0.01791872,0.00089765,16.2655,14.6936,0.3653,59.3804,1.1678,2646.0457,162.5536,12.4780,16.8648,9.0895,16.5695,22.0926,29.825,33.4482,44.5976,11.8163,0.0,2.018664,2.691552,0.981654,30,240,141,4,0.10479828,0.02244119,0.04150452,0E-8,0.000000,0.902668,0.011910,-0.02129501,2026-03-22,2026-08-05,112,5695,2177,137,0.817518,0.739886,0.767145,0.349328,,,,,,,,GLOBAL_BASELINE_NO_ENTITY_RANKING,,,NOT_APPLICABLE_GLOBAL_BASELINE,HF9g-P5,,,,X 全窗基线 · 不参与实体赏罚,14195018,1420,A168_HF9F_20260827_0900,2026-08-27 09:00:00
2026-04-24,110249610,1994,0,4.5447315200,4.5447315200,4.5447315200,1.0000000,2,2,0.49324550000000000,0.493245500000,1.4334489766152358,1.4334489766152358,1.4334489766152358,0E-17,ELIGIBLE,R03b_20260811_FULL_v1,L1_ELIGIBILITY,v2026-08-11,2026-03-21..2026-08-06,baccarat_bet02_101_all_pairs_incl_sentinel,round_win = game_pnl > 0 (decisive only),COMPATIBILITY_ONLY_NOT_PRODUCTION,296357.1217,267511.9505,6650.6079,18220,18206,-0.02244119,-0.04150452,-0.02020951,-0.02244119,-6650.6079,296357.1217,OK,0.0000,266.0243,4.0000,96.0000,AG03-UNRESOLVED,ALL5_LEVELS_bet23_to_bet27,266.0243,266.0243,266.0243,332.5304,332.5304,4.000000,4.000000,4.000000,5.000000,5.000000,96.000000,96.000000,96.000000,95.000000,95.000000,5.0,1463.1337,1340.2688,5187.4742,5310.3391,PENDING_AG03,FALSE,NOT_FOR_ENFORCEMENT,6384.5836,256811.4724,6650.6079,6384.5836,266.0243,0.02244119,0.02154355,266.0243,6384.5836,0.02154355,266.0243,266.0243,266.0243,332.5304,332.5304,6384.5836,0.02154355,1463.1337,1340.2688,5187.4742,5310.3391,0.01750413,0.01791872,0.00089765,16.2655,14.6936,0.3653,59.3804,1.1678,2646.0457,162.5536,12.4780,16.8648,9.0895,16.5695,22.0926,29.825,33.4482,44.5976,11.8163,0.0,2.018664,2.691552,0.981654,30,240,141,4,0.10479828,0.02244119,0.04150452,0E-8,0.000000,0.902668,0.011910,-0.02129501,2026-03-22,2026-08-05,112,5695,2177,137,0.817518,0.739886,0.767145,0.349328,,,,,,,,GLOBAL_BASELINE_NO_ENTITY_RANKING,,,NOT_APPLICABLE_GLOBAL_BASELINE,HF9g-P5,,,,X 全窗基线 · 不参与实体赏罚,14195019,1420,A168_HF9F_20260827_0900,2026-08-27 09:00:00
2026-04-24,110249610,2093,0,23.8598404800,-10.5665007840,-10.5665007840,0.3333333,3,3,0.50218230000000000,0.502182300000,-0.5849155494134425,-0.5849155494134426,-0.5849155494134425,0E-17,ELIGIBLE,R03b_20260811_FULL_v1,L1_ELIGIBILITY,v2026-08-11,2026-03-21..2026-08-06,baccarat_bet02_101_all_pairs_incl_sentinel,round_win = game_pnl > 0 (decisive only),COMPATIBILITY_ONLY_NOT_PRODUCTION,296357.1217,267511.9505,6650.6079,18220,18206,-0.02244119,-0.04150452,-0.02020951,-0.02244119,-6650.6079,296357.1217,OK,0.0000,266.0243,4.0000,96.0000,AG03-UNRESOLVED,ALL5_LEVELS_bet23_to_bet27,266.0243,266.0243,266.0243,332.5304,332.5304,4.000000,4.000000,4.000000,5.000000,5.000000,96.000000,96.000000,96.000000,95.000000,95.000000,5.0,1463.1337,1340.2688,5187.4742,5310.3391,PENDING_AG03,FALSE,NOT_FOR_ENFORCEMENT,6384.5836,256811.4724,6650.6079,6384.5836,266.0243,0.02244119,0.02154355,266.0243,6384.5836,0.02154355,266.0243,266.0243,266.0243,332.5304,332.5304,6384.5836,0.02154355,1463.1337,1340.2688,5187.4742,5310.3391,0.01750413,0.01791872,0.00089765,16.2655,14.6936,0.3653,59.3804,1.1678,2646.0457,162.5536,12.4780,16.8648,9.0895,16.5695,22.0926,29.825,33.4482,44.5976,11.8163,0.0,2.018664,2.691552,0.981654,30,240,141,4,0.10479828,0.02244119,0.04150452,0E-8,0.000000,0.902668,0.011910,-0.02129501,2026-03-22,2026-08-05,112,5695,2177,137,0.817518,0.739886,0.767145,0.349328,,,,,,,,GLOBAL_BASELINE_NO_ENTITY_RANKING,,,NOT_APPLICABLE_GLOBAL_BASELINE,HF9g-P5,,,,X 全窗基线 · 不参与实体赏罚,14195020,1420,A168_HF9F_20260827_0900,2026-08-27 09:00:00
2026-04-24,110249610,2117,0,6.8170972800,6.8170972800,6.8170972800,1.0000000,1,1,0.49324550000000000,0.493245500000,1.01360149184955,1.01360149184955,1.01360149184955,0E-17,ELIGIBLE,R03b_20260811_FULL_v1,L1_ELIGIBILITY,v2026-08-11,2026-03-21..2026-08-06,baccarat_bet02_101_all_pairs_incl_sentinel,round_win = game_pnl > 0 (decisive only),COMPATIBILITY_ONLY_NOT_PRODUCTION,296357.1217,267511.9505,6650.6079,18220,18206,-0.02244119,-0.04150452,-0.02020951,-0.02244119,-6650.6079,296357.1217,OK,0.0000,266.0243,4.0000,96.0000,AG03-UNRESOLVED,ALL5_LEVELS_bet23_to_bet27,266.0243,266.0243,266.0243,332.5304,332.5304,4.000000,4.000000,4.000000,5.000000,5.000000,96.000000,96.000000,96.000000,95.000000,95.000000,5.0,1463.1337,1340.2688,5187.4742,5310.3391,PENDING_AG03,FALSE,NOT_FOR_ENFORCEMENT,6384.5836,256811.4724,6650.6079,6384.5836,266.0243,0.02244119,0.02154355,266.0243,6384.5836,0.02154355,266.0243,266.0243,266.0243,332.5304,332.5304,6384.5836,0.02154355,1463.1337,1340.2688,5187.4742,5310.3391,0.01750413,0.01791872,0.00089765,16.2655,14.6936,0.3653,59.3804,1.1678,2646.0457,162.5536,12.4780,16.8648,9.0895,16.5695,22.0926,29.825,33.4482,44.5976,11.8163,0.0,2.018664,2.691552,0.981654,30,240,141,4,0.10479828,0.02244119,0.04150452,0E-8,0.000000,0.902668,0.011910,-0.02129501,2026-03-22,2026-08-05,112,5695,2177,137,0.817518,0.739886,0.767145,0.349328,,,,,,,,GLOBAL_BASELINE_NO_ENTITY_RANKING,,,NOT_APPLICABLE_GLOBAL_BASELINE,HF9g-P5,,,,X 全窗基线 · 不参与实体赏罚,14195021,1420,A168_HF9F_20260827_0900,2026-08-27 09:00:00
2026-04-24,110249610,2121,0,11.9299202400,-9.6575544800,-9.6575544800,0.3333333,3,3,0.49324550000000000,0.493245500000,-0.5540025479526107,-0.5540025479526106,-0.5540025479526107,0E-17,ELIGIBLE,R03b_20260811_FULL_v1,L1_ELIGIBILITY,v2026-08-11,2026-03-21..2026-08-06,baccarat_bet02_101_all_pairs_incl_sentinel,round_win = game_pnl > 0 (decisive only),COMPATIBILITY_ONLY_NOT_PRODUCTION,296357.1217,267511.9505,6650.6079,18220,18206,-0.02244119,-0.04150452,-0.02020951,-0.02244119,-6650.6079,296357.1217,OK,0.0000,266.0243,4.0000,96.0000,AG03-UNRESOLVED,ALL5_LEVELS_bet23_to_bet27,266.0243,266.0243,266.0243,332.5304,332.5304,4.000000,4.000000,4.000000,5.000000,5.000000,96.000000,96.000000,96.000000,95.000000,95.000000,5.0,1463.1337,1340.2688,5187.4742,5310.3391,PENDING_AG03,FALSE,NOT_FOR_ENFORCEMENT,6384.5836,256811.4724,6650.6079,6384.5836,266.0243,0.02244119,0.02154355,266.0243,6384.5836,0.02154355,266.0243,266.0243,266.0243,332.5304,332.5304,6384.5836,0.02154355,1463.1337,1340.2688,5187.4742,5310.3391,0.01750413,0.01791872,0.00089765,16.2655,14.6936,0.3653,59.3804,1.1678,2646.0457,162.5536,12.4780,16.8648,9.0895,16.5695,22.0926,29.825,33.4482,44.5976,11.8163,0.0,2.018664,2.691552,0.981654,30,240,141,4,0.10479828,0.02244119,0.04150452,0E-8,0.000000,0.902668,0.011910,-0.02129501,2026-03-22,2026-08-05,112,5695,2177,137,0.817518,0.739886,0.767145,0.349328,,,,,,,,GLOBAL_BASELINE_NO_ENTITY_RANKING,,,NOT_APPLICABLE_GLOBAL_BASELINE,HF9g-P5,,,,X 全窗基线 · 不参与实体赏罚,14195022,1420,A168_HF9F_20260827_0900,2026-08-27 09:00:00
2026-04-24,110249610,2130,0,6.8170972800,6.8170972800,6.8170972800,1.0000000,1,1,0.49324550000000000,0.493245500000,1.01360149184955,1.01360149184955,1.01360149184955,0E-17,ELIGIBLE,R03b_20260811_FULL_v1,L1_ELIGIBILITY,v2026-08-11,2026-03-21..2026-08-06,baccarat_bet02_101_all_pairs_incl_sentinel,round_win = game_pnl > 0 (decisive only),COMPATIBILITY_ONLY_NOT_PRODUCTION,296357.1217,267511.9505,6650.6079,18220,18206,-0.02244119,-0.04150452,-0.02020951,-0.02244119,-6650.6079,296357.1217,OK,0.0000,266.0243,4.0000,96.0000,AG03-UNRESOLVED,ALL5_LEVELS_bet23_to_bet27,266.0243,266.0243,266.0243,332.5304,332.5304,4.000000,4.000000,4.000000,5.000000,5.000000,96.000000,96.000000,96.000000,95.000000,95.000000,5.0,1463.1337,1340.2688,5187.4742,5310.3391,PENDING_AG03,FALSE,NOT_FOR_ENFORCEMENT,6384.5836,256811.4724,6650.6079,6384.5836,266.0243,0.02244119,0.02154355,266.0243,6384.5836,0.02154355,266.0243,266.0243,266.0243,332.5304,332.5304,6384.5836,0.02154355,1463.1337,1340.2688,5187.4742,5310.3391,0.01750413,0.01791872,0.00089765,16.2655,14.6936,0.3653,59.3804,1.1678,2646.0457,162.5536,12.4780,16.8648,9.0895,16.5695,22.0926,29.825,33.4482,44.5976,11.8163,0.0,2.018664,2.691552,0.981654,30,240,141,4,0.10479828,0.02244119,0.04150452,0E-8,0.000000,0.902668,0.011910,-0.02129501,2026-03-22,2026-08-05,112,5695,2177,137,0.817518,0.739886,0.767145,0.349328,,,,,,,,GLOBAL_BASELINE_NO_ENTITY_RANKING,,,NOT_APPLICABLE_GLOBAL_BASELINE,HF9g-P5,,,,X 全窗基线 · 不参与实体赏罚,14195023,1420,A168_HF9F_20260827_0900,2026-08-27 09:00:00
2026-04-24,110249610,2141,0,13.0661031200,-13.0661031200,-13.0661031200,0E-7,3,3,0.50218230000000000,0.502182300000,-1.7396270863184011,-1.7396270863184016,-1.7396270863184011,0E-17,ELIGIBLE,R03b_20260811_FULL_v1,L1_ELIGIBILITY,v2026-08-11,2026-03-21..2026-08-06,baccarat_bet02_101_all_pairs_incl_sentinel,round_win = game_pnl > 0 (decisive only),COMPATIBILITY_ONLY_NOT_PRODUCTION,296357.1217,267511.9505,6650.6079,18220,18206,-0.02244119,-0.04150452,-0.02020951,-0.02244119,-6650.6079,296357.1217,OK,0.0000,266.0243,4.0000,96.0000,AG03-UNRESOLVED,ALL5_LEVELS_bet23_to_bet27,266.0243,266.0243,266.0243,332.5304,332.5304,4.000000,4.000000,4.000000,5.000000,5.000000,96.000000,96.000000,96.000000,95.000000,95.000000,5.0,1463.1337,1340.2688,5187.4742,5310.3391,PENDING_AG03,FALSE,NOT_FOR_ENFORCEMENT,6384.5836,256811.4724,6650.6079,6384.5836,266.0243,0.02244119,0.02154355,266.0243,6384.5836,0.02154355,266.0243,266.0243,266.0243,332.5304,332.5304,6384.5836,0.02154355,1463.1337,1340.2688,5187.4742,5310.3391,0.01750413,0.01791872,0.00089765,16.2655,14.6936,0.3653,59.3804,1.1678,2646.0457,162.5536,12.4780,16.8648,9.0895,16.5695,22.0926,29.825,33.4482,44.5976,11.8163,0.0,2.018664,2.691552,0.981654,30,240,141,4,0.10479828,0.02244119,0.04150452,0E-8,0.000000,0.902668,0.011910,-0.02129501,2026-03-22,2026-08-05,112,5695,2177,137,0.817518,0.739886,0.767145,0.349328,,,,,,,,GLOBAL_BASELINE_NO_ENTITY_RANKING,,,NOT_APPLICABLE_GLOBAL_BASELINE,HF9g-P5,,,,X 全窗基线 · 不参与实体赏罚,14195024,1420,A168_HF9F_20260827_0900,2026-08-27 09:00:00
2026-04-24,110249610,2153,0,38.6302179200,-11.9299202400,-11.9299202400,0.4000000,6,6,0.50218230000000000,0.502182300000,-0.4569774904649096,-0.4569774904649096,-0.4569774904649096,0E-17,ELIGIBLE,R03b_20260811_FULL_v1,L1_ELIGIBILITY,v2026-08-11,2026-03-21..2026-08-06,baccarat_bet02_101_all_pairs_incl_sentinel,round_win = game_pnl > 0 (decisive only),COMPATIBILITY_ONLY_NOT_PRODUCTION,296357.1217,267511.9505,6650.6079,18220,18206,-0.02244119,-0.04150452,-0.02020951,-0.02244119,-6650.6079,296357.1217,OK,0.0000,266.0243,4.0000,96.0000,AG03-UNRESOLVED,ALL5_LEVELS_bet23_to_bet27,266.0243,266.0243,266.0243,332.5304,332.5304,4.000000,4.000000,4.000000,5.000000,5.000000,96.000000,96.000000,96.000000,95.000000,95.000000,5.0,1463.1337,1340.2688,5187.4742,5310.3391,PENDING_AG03,FALSE,NOT_FOR_ENFORCEMENT,6384.5836,256811.4724,6650.6079,6384.5836,266.0243,0.02244119,0.02154355,266.0243,6384.5836,0.02154355,266.0243,266.0243,266.0243,332.5304,332.5304,6384.5836,0.02154355,1463.1337,1340.2688,5187.4742,5310.3391,0.01750413,0.01791872,0.00089765,16.2655,14.6936,0.3653,59.3804,1.1678,2646.0457,162.5536,12.4780,16.8648,9.0895,16.5695,22.0926,29.825,33.4482,44.5976,11.8163,0.0,2.018664,2.691552,0.981654,30,240,141,4,0.10479828,0.02244119,0.04150452,0E-8,0.000000,0.902668,0.011910,-0.02129501,2026-03-22,2026-08-05,112,5695,2177,137,0.817518,0.739886,0.767145,0.349328,,,,,,,,GLOBAL_BASELINE_NO_ENTITY_RANKING,,,NOT_APPLICABLE_GLOBAL_BASELINE,HF9g-P5,,,,X 全窗基线 · 不参与实体赏罚,14195025,1420,A168_HF9F_20260827_0900,2026-08-27 09:00:00
2026-04-24,110249610,2156,0,24.4279319200,-5.4252732520,-5.4252732520,0.5000000,3,3,0.50218230000000000,0.502182300000,-0.00617253530718887,-0.00617253530718887,-0.00617253530718887,0E-17,ELIGIBLE,R03b_20260811_FULL_v1,L1_ELIGIBILITY,v2026-08-11,2026-03-21..2026-08-06,baccarat_bet02_101_all_pairs_incl_sentinel,round_win = game_pnl > 0 (decisive only),COMPATIBILITY_ONLY_NOT_PRODUCTION,296357.1217,267511.9505,6650.6079,18220,18206,-0.02244119,-0.04150452,-0.02020951,-0.02244119,-6650.6079,296357.1217,OK,0.0000,266.0243,4.0000,96.0000,AG03-UNRESOLVED,ALL5_LEVELS_bet23_to_bet27,266.0243,266.0243,266.0243,332.5304,332.5304,4.000000,4.000000,4.000000,5.000000,5.000000,96.000000,96.000000,96.000000,95.000000,95.000000,5.0,1463.1337,1340.2688,5187.4742,5310.3391,PENDING_AG03,FALSE,NOT_FOR_ENFORCEMENT,6384.5836,256811.4724,6650.6079,6384.5836,266.0243,0.02244119,0.02154355,266.0243,6384.5836,0.02154355,266.0243,266.0243,266.0243,332.5304,332.5304,6384.5836,0.02154355,1463.1337,1340.2688,5187.4742,5310.3391,0.01750413,0.01791872,0.00089765,16.2655,14.6936,0.3653,59.3804,1.1678,2646.0457,162.5536,12.4780,16.8648,9.0895,16.5695,22.0926,29.825,33.4482,44.5976,11.8163,0.0,2.018664,2.691552,0.981654,30,240,141,4,0.10479828,0.02244119,0.04150452,0E-8,0.000000,0.902668,0.011910,-0.02129501,2026-03-22,2026-08-05,112,5695,2177,137,0.817518,0.739886,0.767145,0.349328,,,,,,,,GLOBAL_BASELINE_NO_ENTITY_RANKING,,,NOT_APPLICABLE_GLOBAL_BASELINE,HF9g-P5,,,,X 全窗基线 · 不参与实体赏罚,14195026,1420,A168_HF9F_20260827_0900,2026-08-27 09:00:00
2026-04-24,110249610,2175,0,6.8170972800,-6.8170972800,-6.8170972800,0E-7,1,1,0.50665070000000000,0.506650700000,-1.013391052207602,-1.013391052207602,-1.013391052207602,0E-17,ELIGIBLE,R03b_20260811_FULL_v1,L1_ELIGIBILITY,v2026-08-11,2026-03-21..2026-08-06,baccarat_bet02_101_all_pairs_incl_sentinel,round_win = game_pnl > 0 (decisive only),COMPATIBILITY_ONLY_NOT_PRODUCTION,296357.1217,267511.9505,6650.6079,18220,18206,-0.02244119,-0.04150452,-0.02020951,-0.02244119,-6650.6079,296357.1217,OK,0.0000,266.0243,4.0000,96.0000,AG03-UNRESOLVED,ALL5_LEVELS_bet23_to_bet27,266.0243,266.0243,266.0243,332.5304,332.5304,4.000000,4.000000,4.000000,5.000000,5.000000,96.000000,96.000000,96.000000,95.000000,95.000000,5.0,1463.1337,1340.2688,5187.4742,5310.3391,PENDING_AG03,FALSE,NOT_FOR_ENFORCEMENT,6384.5836,256811.4724,6650.6079,6384.5836,266.0243,0.02244119,0.02154355,266.0243,6384.5836,0.02154355,266.0243,266.0243,266.0243,332.5304,332.5304,6384.5836,0.02154355,1463.1337,1340.2688,5187.4742,5310.3391,0.01750413,0.01791872,0.00089765,16.2655,14.6936,0.3653,59.3804,1.1678,2646.0457,162.5536,12.4780,16.8648,9.0895,16.5695,22.0926,29.825,33.4482,44.5976,11.8163,0.0,2.018664,2.691552,0.981654,30,240,141,4,0.10479828,0.02244119,0.04150452,0E-8,0.000000,0.902668,0.011910,-0.02129501,2026-03-22,2026-08-05,112,5695,2177,137,0.817518,0.739886,0.767145,0.349328,,,,,,,,GLOBAL_BASELINE_NO_ENTITY_RANKING,,,NOT_APPLICABLE_GLOBAL_BASELINE,HF9g-P5,,,,X 全窗基线 · 不参与实体赏罚,14195027,1420,A168_HF9F_20260827_0900,2026-08-27 09:00:00
2026-04-24,110249610,2202,0,2.2723657600,-2.2723657600,-2.2723657600,0E-7,1,1,0.50665070000000000,0.506650700000,-1.013391052207602,-1.013391052207602,-1.013391052207602,0E-17,ELIGIBLE,R03b_20260811_FULL_v1,L1_ELIGIBILITY,v2026-08-11,2026-03-21..2026-08-06,baccarat_bet02_101_all_pairs_incl_sentinel,round_win = game_pnl > 0 (decisive only),COMPATIBILITY_ONLY_NOT_PRODUCTION,296357.1217,267511.9505,6650.6079,18220,18206,-0.02244119,-0.04150452,-0.02020951,-0.02244119,-6650.6079,296357.1217,OK,0.0000,266.0243,4.0000,96.0000,AG03-UNRESOLVED,ALL5_LEVELS_bet23_to_bet27,266.0243,266.0243,266.0243,332.5304,332.5304,4.000000,4.000000,4.000000,5.000000,5.000000,96.000000,96.000000,96.000000,95.000000,95.000000,5.0,1463.1337,1340.2688,5187.4742,5310.3391,PENDING_AG03,FALSE,NOT_FOR_ENFORCEMENT,6384.5836,256811.4724,6650.6079,6384.5836,266.0243,0.02244119,0.02154355,266.0243,6384.5836,0.02154355,266.0243,266.0243,266.0243,332.5304,332.5304,6384.5836,0.02154355,1463.1337,1340.2688,5187.4742,5310.3391,0.01750413,0.01791872,0.00089765,16.2655,14.6936,0.3653,59.3804,1.1678,2646.0457,162.5536,12.4780,16.8648,9.0895,16.5695,22.0926,29.825,33.4482,44.5976,11.8163,0.0,2.018664,2.691552,0.981654,30,240,141,4,0.10479828,0.02244119,0.04150452,0E-8,0.000000,0.902668,0.011910,-0.02129501,2026-03-22,2026-08-05,112,5695,2177,137,0.817518,0.739886,0.767145,0.349328,,,,,,,,GLOBAL_BASELINE_NO_ENTITY_RANKING,,,NOT_APPLICABLE_GLOBAL_BASELINE,HF9g-P5,,,,X 全窗基线 · 不参与实体赏罚,14195028,1420,A168_HF9F_20260827_0900,2026-08-27 09:00:00
2026-04-24,110249610,2222,0,14.2022860000,-14.2022860000,-14.2022860000,0E-7,2,2,0.49324550000000000,0.493245500000,-1.3952362676504506,-1.3952362676504506,-1.3952362676504506,0E-17,ELIGIBLE,R03b_20260811_FULL_v1,L1_ELIGIBILITY,v2026-08-11,2026-03-21..2026-08-06,baccarat_bet02_101_all_pairs_incl_sentinel,round_win = game_pnl > 0 (decisive only),COMPATIBILITY_ONLY_NOT_PRODUCTION,296357.1217,267511.9505,6650.6079,18220,18206,-0.02244119,-0.04150452,-0.02020951,-0.02244119,-6650.6079,296357.1217,OK,0.0000,266.0243,4.0000,96.0000,AG03-UNRESOLVED,ALL5_LEVELS_bet23_to_bet27,266.0243,266.0243,266.0243,332.5304,332.5304,4.000000,4.000000,4.000000,5.000000,5.000000,96.000000,96.000000,96.000000,95.000000,95.000000,5.0,1463.1337,1340.2688,5187.4742,5310.3391,PENDING_AG03,FALSE,NOT_FOR_ENFORCEMENT,6384.5836,256811.4724,6650.6079,6384.5836,266.0243,0.02244119,0.02154355,266.0243,6384.5836,0.02154355,266.0243,266.0243,266.0243,332.5304,332.5304,6384.5836,0.02154355,1463.1337,1340.2688,5187.4742,5310.3391,0.01750413,0.01791872,0.00089765,16.2655,14.6936,0.3653,59.3804,1.1678,2646.0457,162.5536,12.4780,16.8648,9.0895,16.5695,22.0926,29.825,33.4482,44.5976,11.8163,0.0,2.018664,2.691552,0.981654,30,240,141,4,0.10479828,0.02244119,0.04150452,0E-8,0.000000,0.902668,0.011910,-0.02129501,2026-03-22,2026-08-05,112,5695,2177,137,0.817518,0.739886,0.767145,0.349328,,,,,,,,GLOBAL_BASELINE_NO_ENTITY_RANKING,,,NOT_APPLICABLE_GLOBAL_BASELINE,HF9g-P5,,,,X 全窗基线 · 不参与实体赏罚,14195029,1420,A168_HF9F_20260827_0900,2026-08-27 09:00:00
2026-04-24,110249610,2229,0,98.0525825439,8.7486081761,8.7486081761,0.5555556,9,9,0.49324550000000000,0.493245500000,0.37389445146519346,0.37389445146519346,0.37389445146519346,0E-17,ELIGIBLE,R03b_20260811_FULL_v1,L1_ELIGIBILITY,v2026-08-11,2026-03-21..2026-08-06,baccarat_bet02_101_all_pairs_incl_sentinel,round_win = game_pnl > 0 (decisive only),COMPATIBILITY_ONLY_NOT_PRODUCTION,296357.1217,267511.9505,6650.6079,18220,18206,-0.02244119,-0.04150452,-0.02020951,-0.02244119,-6650.6079,296357.1217,OK,0.0000,266.0243,4.0000,96.0000,AG03-UNRESOLVED,ALL5_LEVELS_bet23_to_bet27,266.0243,266.0243,266.0243,332.5304,332.5304,4.000000,4.000000,4.000000,5.000000,5.000000,96.000000,96.000000,96.000000,95.000000,95.000000,5.0,1463.1337,1340.2688,5187.4742,5310.3391,PENDING_AG03,FALSE,NOT_FOR_ENFORCEMENT,6384.5836,256811.4724,6650.6079,6384.5836,266.0243,0.02244119,0.02154355,266.0243,6384.5836,0.02154355,266.0243,266.0243,266.0243,332.5304,332.5304,6384.5836,0.02154355,1463.1337,1340.2688,5187.4742,5310.3391,0.01750413,0.01791872,0.00089765,16.2655,14.6936,0.3653,59.3804,1.1678,2646.0457,162.5536,12.4780,16.8648,9.0895,16.5695,22.0926,29.825,33.4482,44.5976,11.8163,0.0,2.018664,2.691552,0.981654,30,240,141,4,0.10479828,0.02244119,0.04150452,0E-8,0.000000,0.902668,0.011910,-0.02129501,2026-03-22,2026-08-05,112,5695,2177,137,0.817518,0.739886,0.767145,0.349328,,,,,,,,GLOBAL_BASELINE_NO_ENTITY_RANKING,,,NOT_APPLICABLE_GLOBAL_BASELINE,HF9g-P5,,,,X 全窗基线 · 不参与实体赏罚,14195030,1420,A168_HF9F_20260827_0900,2026-08-27 09:00:00
2026-04-24,110249610,2242,0,40.9025836800,16.7018883360,16.7018883360,0.8000000,5,5,0.50665070000000000,0.506650700000,1.3120140225494112,1.3120140225494112,1.3120140225494112,0E-17,ELIGIBLE,R03b_20260811_FULL_v1,L1_ELIGIBILITY,v2026-08-11,2026-03-21..2026-08-06,baccarat_bet02_101_all_pairs_incl_sentinel,round_win = game_pnl > 0 (decisive only),COMPATIBILITY_ONLY_NOT_PRODUCTION,296357.1217,267511.9505,6650.6079,18220,18206,-0.02244119,-0.04150452,-0.02020951,-0.02244119,-6650.6079,296357.1217,OK,0.0000,266.0243,4.0000,96.0000,AG03-UNRESOLVED,ALL5_LEVELS_bet23_to_bet27,266.0243,266.0243,266.0243,332.5304,332.5304,4.000000,4.000000,4.000000,5.000000,5.000000,96.000000,96.000000,96.000000,95.000000,95.000000,5.0,1463.1337,1340.2688,5187.4742,5310.3391,PENDING_AG03,FALSE,NOT_FOR_ENFORCEMENT,6384.5836,256811.4724,6650.6079,6384.5836,266.0243,0.02244119,0.02154355,266.0243,6384.5836,0.02154355,266.0243,266.0243,266.0243,332.5304,332.5304,6384.5836,0.02154355,1463.1337,1340.2688,5187.4742,5310.3391,0.01750413,0.01791872,0.00089765,16.2655,14.6936,0.3653,59.3804,1.1678,2646.0457,162.5536,12.4780,16.8648,9.0895,16.5695,22.0926,29.825,33.4482,44.5976,11.8163,0.0,2.018664,2.691552,0.981654,30,240,141,4,0.10479828,0.02244119,0.04150452,0E-8,0.000000,0.902668,0.011910,-0.02129501,2026-03-22,2026-08-05,112,5695,2177,137,0.817518,0.739886,0.767145,0.349328,,,,,,,,GLOBAL_BASELINE_NO_ENTITY_RANKING,,,NOT_APPLICABLE_GLOBAL_BASELINE,HF9g-P5,,,,X 全窗基线 · 不参与实体赏罚,14195031,1420,A168_HF9F_20260827_0900,2026-08-27 09:00:00
2026-04-24,110249610,2244,0,9.0894630400,0E-10,0E-10,0.5000000,4,4,0.49659680000000000,0.496596800000,0.013613115331600182,0.013613115331600183,0.013613115331600182,0E-17,ELIGIBLE,R03b_20260811_FULL_v1,L1_ELIGIBILITY,v2026-08-11,2026-03-21..2026-08-06,baccarat_bet02_101_all_pairs_incl_sentinel,round_win = game_pnl > 0 (decisive only),COMPATIBILITY_ONLY_NOT_PRODUCTION,296357.1217,267511.9505,6650.6079,18220,18206,-0.02244119,-0.04150452,-0.02020951,-0.02244119,-6650.6079,296357.1217,OK,0.0000,266.0243,4.0000,96.0000,AG03-UNRESOLVED,ALL5_LEVELS_bet23_to_bet27,266.0243,266.0243,266.0243,332.5304,332.5304,4.000000,4.000000,4.000000,5.000000,5.000000,96.000000,96.000000,96.000000,95.000000,95.000000,5.0,1463.1337,1340.2688,5187.4742,5310.3391,PENDING_AG03,FALSE,NOT_FOR_ENFORCEMENT,6384.5836,256811.4724,6650.6079,6384.5836,266.0243,0.02244119,0.02154355,266.0243,6384.5836,0.02154355,266.0243,266.0243,266.0243,332.5304,332.5304,6384.5836,0.02154355,1463.1337,1340.2688,5187.4742,5310.3391,0.01750413,0.01791872,0.00089765,16.2655,14.6936,0.3653,59.3804,1.1678,2646.0457,162.5536,12.4780,16.8648,9.0895,16.5695,22.0926,29.825,33.4482,44.5976,11.8163,0.0,2.018664,2.691552,0.981654,30,240,141,4,0.10479828,0.02244119,0.04150452,0E-8,0.000000,0.902668,0.011910,-0.02129501,2026-03-22,2026-08-05,112,5695,2177,137,0.817518,0.739886,0.767145,0.349328,,,,,,,,GLOBAL_BASELINE_NO_ENTITY_RANKING,,,NOT_APPLICABLE_GLOBAL_BASELINE,HF9g-P5,,,,X 全窗基线 · 不参与实体赏罚,14195032,1420,A168_HF9F_20260827_0900,2026-08-27 09:00:00
2026-04-24,110249610,2256,0,22.7236576000,-0.5680914400,-0.5680914400,0.5000000,2,2,0.50665070000000000,0.506650700000,-0.018812684590367487,-0.018812684590367487,-0.018812684590367487,0E-17,ELIGIBLE,R03b_20260811_FULL_v1,L1_ELIGIBILITY,v2026-08-11,2026-03-21..2026-08-06,baccarat_bet02_101_all_pairs_incl_sentinel,round_win = game_pnl > 0 (decisive only),COMPATIBILITY_ONLY_NOT_PRODUCTION,296357.1217,267511.9505,6650.6079,18220,18206,-0.02244119,-0.04150452,-0.02020951,-0.02244119,-6650.6079,296357.1217,OK,0.0000,266.0243,4.0000,96.0000,AG03-UNRESOLVED,ALL5_LEVELS_bet23_to_bet27,266.0243,266.0243,266.0243,332.5304,332.5304,4.000000,4.000000,4.000000,5.000000,5.000000,96.000000,96.000000,96.000000,95.000000,95.000000,5.0,1463.1337,1340.2688,5187.4742,5310.3391,PENDING_AG03,FALSE,NOT_FOR_ENFORCEMENT,6384.5836,256811.4724,6650.6079,6384.5836,266.0243,0.02244119,0.02154355,266.0243,6384.5836,0.02154355,266.0243,266.0243,266.0243,332.5304,332.5304,6384.5836,0.02154355,1463.1337,1340.2688,5187.4742,5310.3391,0.01750413,0.01791872,0.00089765,16.2655,14.6936,0.3653,59.3804,1.1678,2646.0457,162.5536,12.4780,16.8648,9.0895,16.5695,22.0926,29.825,33.4482,44.5976,11.8163,0.0,2.018664,2.691552,0.981654,30,240,141,4,0.10479828,0.02244119,0.04150452,0E-8,0.000000,0.902668,0.011910,-0.02129501,2026-03-22,2026-08-05,112,5695,2177,137,0.817518,0.739886,0.767145,0.349328,,,,,,,,GLOBAL_BASELINE_NO_ENTITY_RANKING,,,NOT_APPLICABLE_GLOBAL_BASELINE,HF9g-P5,,,,X 全窗基线 · 不参与实体赏罚,14195033,1420,A168_HF9F_20260827_0900,2026-08-27 09:00:00
2026-04-24,110249610,2258,0,5.6809144000,-4.5447315200,-4.5447315200,0E-7,2,2,0.49324550000000000,0.493245500000,-0.9865810262130424,-0.9865810262130424,-0.9865810262130424,0E-17,ELIGIBLE,R03b_20260811_FULL_v1,L1_ELIGIBILITY,v2026-08-11,2026-03-21..2026-08-06,baccarat_bet02_101_all_pairs_incl_sentinel,round_win = game_pnl > 0 (decisive only),COMPATIBILITY_ONLY_NOT_PRODUCTION,296357.1217,267511.9505,6650.6079,18220,18206,-0.02244119,-0.04150452,-0.02020951,-0.02244119,-6650.6079,296357.1217,OK,0.0000,266.0243,4.0000,96.0000,AG03-UNRESOLVED,ALL5_LEVELS_bet23_to_bet27,266.0243,266.0243,266.0243,332.5304,332.5304,4.000000,4.000000,4.000000,5.000000,5.000000,96.000000,96.000000,96.000000,95.000000,95.000000,5.0,1463.1337,1340.2688,5187.4742,5310.3391,PENDING_AG03,FALSE,NOT_FOR_ENFORCEMENT,6384.5836,256811.4724,6650.6079,6384.5836,266.0243,0.02244119,0.02154355,266.0243,6384.5836,0.02154355,266.0243,266.0243,266.0243,332.5304,332.5304,6384.5836,0.02154355,1463.1337,1340.2688,5187.4742,5310.3391,0.01750413,0.01791872,0.00089765,16.2655,14.6936,0.3653,59.3804,1.1678,2646.0457,162.5536,12.4780,16.8648,9.0895,16.5695,22.0926,29.825,33.4482,44.5976,11.8163,0.0,2.018664,2.691552,0.981654,30,240,141,4,0.10479828,0.02244119,0.04150452,0E-8,0.000000,0.902668,0.011910,-0.02129501,2026-03-22,2026-08-05,112,5695,2177,137,0.817518,0.739886,0.767145,0.349328,,,,,,,,GLOBAL_BASELINE_NO_ENTITY_RANKING,,,NOT_APPLICABLE_GLOBAL_BASELINE,HF9g-P5,,,,X 全窗基线 · 不参与实体赏罚,14195034,1420,A168_HF9F_20260827_0900,2026-08-27 09:00:00
2026-04-24,110249610,2271,0,5.6809144000,1.1361828800,1.1361828800,0.5000000,2,2,0.49324550000000000,0.493245500000,0.01910635448239258,0.01910635448239258,0.01910635448239258,0E-17,ELIGIBLE,R03b_20260811_FULL_v1,L1_ELIGIBILITY,v2026-08-11,2026-03-21..2026-08-06,baccarat_bet02_101_all_pairs_incl_sentinel,round_win = game_pnl > 0 (decisive only),COMPATIBILITY_ONLY_NOT_PRODUCTION,296357.1217,267511.9505,6650.6079,18220,18206,-0.02244119,-0.04150452,-0.02020951,-0.02244119,-6650.6079,296357.1217,OK,0.0000,266.0243,4.0000,96.0000,AG03-UNRESOLVED,ALL5_LEVELS_bet23_to_bet27,266.0243,266.0243,266.0243,332.5304,332.5304,4.000000,4.000000,4.000000,5.000000,5.000000,96.000000,96.000000,96.000000,95.000000,95.000000,5.0,1463.1337,1340.2688,5187.4742,5310.3391,PENDING_AG03,FALSE,NOT_FOR_ENFORCEMENT,6384.5836,256811.4724,6650.6079,6384.5836,266.0243,0.02244119,0.02154355,266.0243,6384.5836,0.02154355,266.0243,266.0243,266.0243,332.5304,332.5304,6384.5836,0.02154355,1463.1337,1340.2688,5187.4742,5310.3391,0.01750413,0.01791872,0.00089765,16.2655,14.6936,0.3653,59.3804,1.1678,2646.0457,162.5536,12.4780,16.8648,9.0895,16.5695,22.0926,29.825,33.4482,44.5976,11.8163,0.0,2.018664,2.691552,0.981654,30,240,141,4,0.10479828,0.02244119,0.04150452,0E-8,0.000000,0.902668,0.011910,-0.02129501,2026-03-22,2026-08-05,112,5695,2177,137,0.817518,0.739886,0.767145,0.349328,,,,,,,,GLOBAL_BASELINE_NO_ENTITY_RANKING,,,NOT_APPLICABLE_GLOBAL_BASELINE,HF9g-P5,,,,X 全窗基线 · 不参与实体赏罚,14195035,1420,A168_HF9F_20260827_0900,2026-08-27 09:00:00
2026-04-24,110249610,526,0,38.6302179200,8.0668984480,8.0668984480,0.6000000,6,6,0.50665070000000000,0.506650700000,0.4175076967804994,0.4175076967804994,0.4175076967804994,0E-17,ELIGIBLE,R03b_20260811_FULL_v1,L1_ELIGIBILITY,v2026-08-11,2026-03-21..2026-08-06,baccarat_bet02_101_all_pairs_incl_sentinel,round_win = game_pnl > 0 (decisive only),COMPATIBILITY_ONLY_NOT_PRODUCTION,296357.1217,267511.9505,6650.6079,18220,18206,-0.02244119,-0.04150452,-0.02020951,-0.02244119,-6650.6079,296357.1217,OK,0.0000,266.0243,4.0000,96.0000,AG03-UNRESOLVED,ALL5_LEVELS_bet23_to_bet27,266.0243,266.0243,266.0243,332.5304,332.5304,4.000000,4.000000,4.000000,5.000000,5.000000,96.000000,96.000000,96.000000,95.000000,95.000000,5.0,1463.1337,1340.2688,5187.4742,5310.3391,PENDING_AG03,FALSE,NOT_FOR_ENFORCEMENT,6384.5836,256811.4724,6650.6079,6384.5836,266.0243,0.02244119,0.02154355,266.0243,6384.5836,0.02154355,266.0243,266.0243,266.0243,332.5304,332.5304,6384.5836,0.02154355,1463.1337,1340.2688,5187.4742,5310.3391,0.01750413,0.01791872,0.00089765,16.2655,14.6936,0.3653,59.3804,1.1678,2646.0457,162.5536,12.4780,16.8648,9.0895,16.5695,22.0926,29.825,33.4482,44.5976,11.8163,0.0,2.018664,2.691552,0.981654,30,240,141,4,0.10479828,0.02244119,0.04150452,0E-8,0.000000,0.902668,0.011910,-0.02129501,2026-03-22,2026-08-05,112,5695,2177,137,0.817518,0.739886,0.767145,0.349328,,,,,,,,GLOBAL_BASELINE_NO_ENTITY_RANKING,,,NOT_APPLICABLE_GLOBAL_BASELINE,HF9g-P5,,,,X 全窗基线 · 不参与实体赏罚,14195036,1420,A168_HF9F_20260827_0900,2026-08-27 09:00:00
2026-04-24,110249610,583,0,43.1749494400,43.1749494400,43.1749494400,1.0000000,6,6,0.49324550000000000,0.493245500000,2.4828064575552,2.4828064575551996,2.4828064575552,0E-17,ELIGIBLE,R03b_20260811_FULL_v1,L1_ELIGIBILITY,v2026-08-11,2026-03-21..2026-08-06,baccarat_bet02_101_all_pairs_incl_sentinel,round_win = game_pnl > 0 (decisive only),COMPATIBILITY_ONLY_NOT_PRODUCTION,296357.1217,267511.9505,6650.6079,18220,18206,-0.02244119,-0.04150452,-0.02020951,-0.02244119,-6650.6079,296357.1217,OK,0.0000,266.0243,4.0000,96.0000,AG03-UNRESOLVED,ALL5_LEVELS_bet23_to_bet27,266.0243,266.0243,266.0243,332.5304,332.5304,4.000000,4.000000,4.000000,5.000000,5.000000,96.000000,96.000000,96.000000,95.000000,95.000000,5.0,1463.1337,1340.2688,5187.4742,5310.3391,PENDING_AG03,FALSE,NOT_FOR_ENFORCEMENT,6384.5836,256811.4724,6650.6079,6384.5836,266.0243,0.02244119,0.02154355,266.0243,6384.5836,0.02154355,266.0243,266.0243,266.0243,332.5304,332.5304,6384.5836,0.02154355,1463.1337,1340.2688,5187.4742,5310.3391,0.01750413,0.01791872,0.00089765,16.2655,14.6936,0.3653,59.3804,1.1678,2646.0457,162.5536,12.4780,16.8648,9.0895,16.5695,22.0926,29.825,33.4482,44.5976,11.8163,0.0,2.018664,2.691552,0.981654,30,240,141,4,0.10479828,0.02244119,0.04150452,0E-8,0.000000,0.902668,0.011910,-0.02129501,2026-03-22,2026-08-05,112,5695,2177,137,0.817518,0.739886,0.767145,0.349328,,,,,,,,GLOBAL_BASELINE_NO_ENTITY_RANKING,,,NOT_APPLICABLE_GLOBAL_BASELINE,HF9g-P5,,,,X 全窗基线 · 不参与实体赏罚,14195037,1420,A168_HF9F_20260827_0900,2026-08-27 09:00:00
2026-04-24,110249610,925,0,6.8170972800,-2.3859840480,-2.3859840480,0.5000000,2,2,0.49994810000000000,0.499948100000,0.00014679536856514622,0.00014679536856514622,0.00014679536856514622,0E-17,ELIGIBLE,R03b_20260811_FULL_v1,L1_ELIGIBILITY,v2026-08-11,2026-03-21..2026-08-06,baccarat_bet02_101_all_pairs_incl_sentinel,round_win = game_pnl > 0 (decisive only),COMPATIBILITY_ONLY_NOT_PRODUCTION,296357.1217,267511.9505,6650.6079,18220,18206,-0.02244119,-0.04150452,-0.02020951,-0.02244119,-6650.6079,296357.1217,OK,0.0000,266.0243,4.0000,96.0000,AG03-UNRESOLVED,ALL5_LEVELS_bet23_to_bet27,266.0243,266.0243,266.0243,332.5304,332.5304,4.000000,4.000000,4.000000,5.000000,5.000000,96.000000,96.000000,96.000000,95.000000,95.000000,5.0,1463.1337,1340.2688,5187.4742,5310.3391,PENDING_AG03,FALSE,NOT_FOR_ENFORCEMENT,6384.5836,256811.4724,6650.6079,6384.5836,266.0243,0.02244119,0.02154355,266.0243,6384.5836,0.02154355,266.0243,266.0243,266.0243,332.5304,332.5304,6384.5836,0.02154355,1463.1337,1340.2688,5187.4742,5310.3391,0.01750413,0.01791872,0.00089765,16.2655,14.6936,0.3653,59.3804,1.1678,2646.0457,162.5536,12.4780,16.8648,9.0895,16.5695,22.0926,29.825,33.4482,44.5976,11.8163,0.0,2.018664,2.691552,0.981654,30,240,141,4,0.10479828,0.02244119,0.04150452,0E-8,0.000000,0.902668,0.011910,-0.02129501,2026-03-22,2026-08-05,112,5695,2177,137,0.817518,0.739886,0.767145,0.349328,,,,,,,,GLOBAL_BASELINE_NO_ENTITY_RANKING,,,NOT_APPLICABLE_GLOBAL_BASELINE,HF9g-P5,,,,X 全窗基线 · 不参与实体赏罚,14195038,1420,A168_HF9F_20260827_0900,2026-08-27 09:00:00
2026-04-25,110249610,1115,0,2.9540754880,-2.9540754880,-2.9540754880,0E-7,1,1,0.49324550000000000,0.493245500000,-0.9865810262130424,-0.9865810262130424,-0.9865810262130424,0E-17,ELIGIBLE,R03b_20260811_FULL_v1,L1_ELIGIBILITY,v2026-08-11,2026-03-21..2026-08-06,baccarat_bet02_101_all_pairs_incl_sentinel,round_win = game_pnl > 0 (decisive only),COMPATIBILITY_ONLY_NOT_PRODUCTION,296357.1217,267511.9505,6650.6079,18220,18206,-0.02244119,-0.04150452,-0.02020951,-0.02244119,-6650.6079,296357.1217,OK,0.0000,266.0243,4.0000,96.0000,AG03-UNRESOLVED,ALL5_LEVELS_bet23_to_bet27,266.0243,266.0243,266.0243,332.5304,332.5304,4.000000,4.000000,4.000000,5.000000,5.000000,96.000000,96.000000,96.000000,95.000000,95.000000,5.0,1463.1337,1340.2688,5187.4742,5310.3391,PENDING_AG03,FALSE,NOT_FOR_ENFORCEMENT,6384.5836,256811.4724,6650.6079,6384.5836,266.0243,0.02244119,0.02154355,266.0243,6384.5836,0.02154355,266.0243,266.0243,266.0243,332.5304,332.5304,6384.5836,0.02154355,1463.1337,1340.2688,5187.4742,5310.3391,0.01750413,0.01791872,0.00089765,16.2655,14.6936,0.3653,59.3804,1.1678,2646.0457,162.5536,12.4780,16.8648,9.0895,16.5695,22.0926,29.825,33.4482,44.5976,11.8163,0.0,2.018664,2.691552,0.981654,30,240,141,4,0.10479828,0.02244119,0.04150452,0E-8,0.000000,0.902668,0.011910,-0.02129501,2026-03-22,2026-08-05,112,5695,2177,137,0.817518,0.739886,0.767145,0.349328,,,,,,,,GLOBAL_BASELINE_NO_ENTITY_RANKING,,,NOT_APPLICABLE_GLOBAL_BASELINE,HF9g-P5,,,,X 全窗基线 · 不参与实体赏罚,14195039,1420,A168_HF9F_20260827_0900,2026-08-27 09:00:00
2026-04-26,110249610,-1,1,3712.3639420993,-306.4285227350,-306.4285227350,0.4541485,248,248,0.49908324838709677,0.499083248387,-1.3599754083800406,-1.3599754083771125,-1.3599754083800406,9.677E-14,SENTINEL_DEALER,R03b_20260811_FULL_v1,L1_ELIGIBILITY,v2026-08-11,2026-03-21..2026-08-06,baccarat_bet02_101_all_pairs_incl_sentinel,round_win = game_pnl > 0 (decisive only),COMPATIBILITY_ONLY_NOT_PRODUCTION,296357.1217,267511.9505,6650.6079,18220,18206,-0.02244119,-0.04150452,-0.02020951,-0.02244119,-6650.6079,296357.1217,OK,0.0000,266.0243,4.0000,96.0000,AG03-UNRESOLVED,ALL5_LEVELS_bet23_to_bet27,266.0243,266.0243,266.0243,332.5304,332.5304,4.000000,4.000000,4.000000,5.000000,5.000000,96.000000,96.000000,96.000000,95.000000,95.000000,5.0,1463.1337,1340.2688,5187.4742,5310.3391,PENDING_AG03,FALSE,NOT_FOR_ENFORCEMENT,6384.5836,256811.4724,6650.6079,6384.5836,266.0243,0.02244119,0.02154355,266.0243,6384.5836,0.02154355,266.0243,266.0243,266.0243,332.5304,332.5304,6384.5836,0.02154355,1463.1337,1340.2688,5187.4742,5310.3391,0.01750413,0.01791872,0.00089765,16.2655,14.6936,0.3653,59.3804,1.1678,2646.0457,162.5536,12.4780,16.8648,9.0895,16.5695,22.0926,29.825,33.4482,44.5976,11.8163,0.0,2.018664,2.691552,0.981654,30,240,141,4,0.10479828,0.02244119,0.04150452,0E-8,0.000000,0.902668,0.011910,-0.02129501,2026-03-22,2026-08-05,112,5695,2177,137,0.817518,0.739886,0.767145,0.349328,,,,,,,,GLOBAL_BASELINE_NO_ENTITY_RANKING,,,NOT_APPLICABLE_GLOBAL_BASELINE,HF9g-P5,,,,X 全窗基线 · 不参与实体赏罚,14195040,1420,A168_HF9F_20260827_0900,2026-08-27 09:00:00
2026-04-26,110249610,1109,0,22.7236576000,-13.6341945600,-13.6341945600,0.3333333,3,3,0.49324550000000000,0.493245500000,-0.5540025479526107,-0.5540025479526106,-0.5540025479526107,0E-17,ELIGIBLE,R03b_20260811_FULL_v1,L1_ELIGIBILITY,v2026-08-11,2026-03-21..2026-08-06,baccarat_bet02_101_all_pairs_incl_sentinel,round_win = game_pnl > 0 (decisive only),COMPATIBILITY_ONLY_NOT_PRODUCTION,296357.1217,267511.9505,6650.6079,18220,18206,-0.02244119,-0.04150452,-0.02020951,-0.02244119,-6650.6079,296357.1217,OK,0.0000,266.0243,4.0000,96.0000,AG03-UNRESOLVED,ALL5_LEVELS_bet23_to_bet27,266.0243,266.0243,266.0243,332.5304,332.5304,4.000000,4.000000,4.000000,5.000000,5.000000,96.000000,96.000000,96.000000,95.000000,95.000000,5.0,1463.1337,1340.2688,5187.4742,5310.3391,PENDING_AG03,FALSE,NOT_FOR_ENFORCEMENT,6384.5836,256811.4724,6650.6079,6384.5836,266.0243,0.02244119,0.02154355,266.0243,6384.5836,0.02154355,266.0243,266.0243,266.0243,332.5304,332.5304,6384.5836,0.02154355,1463.1337,1340.2688,5187.4742,5310.3391,0.01750413,0.01791872,0.00089765,16.2655,14.6936,0.3653,59.3804,1.1678,2646.0457,162.5536,12.4780,16.8648,9.0895,16.5695,22.0926,29.825,33.4482,44.5976,11.8163,0.0,2.018664,2.691552,0.981654,30,240,141,4,0.10479828,0.02244119,0.04150452,0E-8,0.000000,0.902668,0.011910,-0.02129501,2026-03-22,2026-08-05,112,5695,2177,137,0.817518,0.739886,0.767145,0.349328,,,,,,,,GLOBAL_BASELINE_NO_ENTITY_RANKING,,,NOT_APPLICABLE_GLOBAL_BASELINE,HF9g-P5,,,,X 全窗基线 · 不参与实体赏罚,14195041,1420,A168_HF9F_20260827_0900,2026-08-27 09:00:00
2026-04-26,110249610,1115,0,723.6348762696,309.7234530869,309.7234530869,0.7619048,24,24,0.49715535000000000,0.497155350000,2.4265077115789886,2.4265077115789886,2.4265077115789886,0E-17,ELIGIBLE,R03b_20260811_FULL_v1,L1_ELIGIBILITY,v2026-08-11,2026-03-21..2026-08-06,baccarat_bet02_101_all_pairs_incl_sentinel,round_win = game_pnl > 0 (decisive only),COMPATIBILITY_ONLY_NOT_PRODUCTION,296357.1217,267511.9505,6650.6079,18220,18206,-0.02244119,-0.04150452,-0.02020951,-0.02244119,-6650.6079,296357.1217,OK,0.0000,266.0243,4.0000,96.0000,AG03-UNRESOLVED,ALL5_LEVELS_bet23_to_bet27,266.0243,266.0243,266.0243,332.5304,332.5304,4.000000,4.000000,4.000000,5.000000,5.000000,96.000000,96.000000,96.000000,95.000000,95.000000,5.0,1463.1337,1340.2688,5187.4742,5310.3391,PENDING_AG03,FALSE,NOT_FOR_ENFORCEMENT,6384.5836,256811.4724,6650.6079,6384.5836,266.0243,0.02244119,0.02154355,266.0243,6384.5836,0.02154355,266.0243,266.0243,266.0243,332.5304,332.5304,6384.5836,0.02154355,1463.1337,1340.2688,5187.4742,5310.3391,0.01750413,0.01791872,0.00089765,16.2655,14.6936,0.3653,59.3804,1.1678,2646.0457,162.5536,12.4780,16.8648,9.0895,16.5695,22.0926,29.825,33.4482,44.5976,11.8163,0.0,2.018664,2.691552,0.981654,30,240,141,4,0.10479828,0.02244119,0.04150452,0E-8,0.000000,0.902668,0.011910,-0.02129501,2026-03-22,2026-08-05,112,5695,2177,137,0.817518,0.739886,0.767145,0.349328,,,,,,,,GLOBAL_BASELINE_NO_ENTITY_RANKING,,,NOT_APPLICABLE_GLOBAL_BASELINE,HF9g-P5,,,,X 全窗基线 · 不参与实体赏罚,14195042,1420,A168_HF9F_20260827_0900,2026-08-27 09:00:00
2026-04-26,110249610,1220,0,113.6182879996,56.8091439998,56.8091439998,0.7500000,4,4,0.49324550000000000,0.493245500000,1.0271117246678039,1.0271117246678039,1.0271117246678039,0E-17,ELIGIBLE,R03b_20260811_FULL_v1,L1_ELIGIBILITY,v2026-08-11,2026-03-21..2026-08-06,baccarat_bet02_101_all_pairs_incl_sentinel,round_win = game_pnl > 0 (decisive only),COMPATIBILITY_ONLY_NOT_PRODUCTION,296357.1217,267511.9505,6650.6079,18220,18206,-0.02244119,-0.04150452,-0.02020951,-0.02244119,-6650.6079,296357.1217,OK,0.0000,266.0243,4.0000,96.0000,AG03-UNRESOLVED,ALL5_LEVELS_bet23_to_bet27,266.0243,266.0243,266.0243,332.5304,332.5304,4.000000,4.000000,4.000000,5.000000,5.000000,96.000000,96.000000,96.000000,95.000000,95.000000,5.0,1463.1337,1340.2688,5187.4742,5310.3391,PENDING_AG03,FALSE,NOT_FOR_ENFORCEMENT,6384.5836,256811.4724,6650.6079,6384.5836,266.0243,0.02244119,0.02154355,266.0243,6384.5836,0.02154355,266.0243,266.0243,266.0243,332.5304,332.5304,6384.5836,0.02154355,1463.1337,1340.2688,5187.4742,5310.3391,0.01750413,0.01791872,0.00089765,16.2655,14.6936,0.3653,59.3804,1.1678,2646.0457,162.5536,12.4780,16.8648,9.0895,16.5695,22.0926,29.825,33.4482,44.5976,11.8163,0.0,2.018664,2.691552,0.981654,30,240,141,4,0.10479828,0.02244119,0.04150452,0E-8,0.000000,0.902668,0.011910,-0.02129501,2026-03-22,2026-08-05,112,5695,2177,137,0.817518,0.739886,0.767145,0.349328,,,,,,,,GLOBAL_BASELINE_NO_ENTITY_RANKING,,,NOT_APPLICABLE_GLOBAL_BASELINE,HF9g-P5,,,,X 全窗基线 · 不参与实体赏罚,14195043,1420,A168_HF9F_20260827_0900,2026-08-27 09:00:00
2026-04-26,110249610,1291,0,140.8866771195,45.2200786239,45.2200786239,0.7500000,8,8,0.50665070000000000,0.506650700000,1.3767133162484293,1.3767133162484293,1.3767133162484293,0E-17,ELIGIBLE,R03b_20260811_FULL_v1,L1_ELIGIBILITY,v2026-08-11,2026-03-21..2026-08-06,baccarat_bet02_101_all_pairs_incl_sentinel,round_win = game_pnl > 0 (decisive only),COMPATIBILITY_ONLY_NOT_PRODUCTION,296357.1217,267511.9505,6650.6079,18220,18206,-0.02244119,-0.04150452,-0.02020951,-0.02244119,-6650.6079,296357.1217,OK,0.0000,266.0243,4.0000,96.0000,AG03-UNRESOLVED,ALL5_LEVELS_bet23_to_bet27,266.0243,266.0243,266.0243,332.5304,332.5304,4.000000,4.000000,4.000000,5.000000,5.000000,96.000000,96.000000,96.000000,95.000000,95.000000,5.0,1463.1337,1340.2688,5187.4742,5310.3391,PENDING_AG03,FALSE,NOT_FOR_ENFORCEMENT,6384.5836,256811.4724,6650.6079,6384.5836,266.0243,0.02244119,0.02154355,266.0243,6384.5836,0.02154355,266.0243,266.0243,266.0243,332.5304,332.5304,6384.5836,0.02154355,1463.1337,1340.2688,5187.4742,5310.3391,0.01750413,0.01791872,0.00089765,16.2655,14.6936,0.3653,59.3804,1.1678,2646.0457,162.5536,12.4780,16.8648,9.0895,16.5695,22.0926,29.825,33.4482,44.5976,11.8163,0.0,2.018664,2.691552,0.981654,30,240,141,4,0.10479828,0.02244119,0.04150452,0E-8,0.000000,0.902668,0.011910,-0.02129501,2026-03-22,2026-08-05,112,5695,2177,137,0.817518,0.739886,0.767145,0.349328,,,,,,,,GLOBAL_BASELINE_NO_ENTITY_RANKING,,,NOT_APPLICABLE_GLOBAL_BASELINE,HF9g-P5,,,,X 全窗基线 · 不参与实体赏罚,14195044,1420,A168_HF9F_20260827_0900,2026-08-27 09:00:00
2026-04-26,110249610,1299,0,37.4940350399,-37.4940350399,-37.4940350399,0E-7,3,3,0.50665070000000000,0.506650700000,-1.7552447903592512,-1.7552447903592512,-1.7552447903592512,0E-17,ELIGIBLE,R03b_20260811_FULL_v1,L1_ELIGIBILITY,v2026-08-11,2026-03-21..2026-08-06,baccarat_bet02_101_all_pairs_incl_sentinel,round_win = game_pnl > 0 (decisive only),COMPATIBILITY_ONLY_NOT_PRODUCTION,296357.1217,267511.9505,6650.6079,18220,18206,-0.02244119,-0.04150452,-0.02020951,-0.02244119,-6650.6079,296357.1217,OK,0.0000,266.0243,4.0000,96.0000,AG03-UNRESOLVED,ALL5_LEVELS_bet23_to_bet27,266.0243,266.0243,266.0243,332.5304,332.5304,4.000000,4.000000,4.000000,5.000000,5.000000,96.000000,96.000000,96.000000,95.000000,95.000000,5.0,1463.1337,1340.2688,5187.4742,5310.3391,PENDING_AG03,FALSE,NOT_FOR_ENFORCEMENT,6384.5836,256811.4724,6650.6079,6384.5836,266.0243,0.02244119,0.02154355,266.0243,6384.5836,0.02154355,266.0243,266.0243,266.0243,332.5304,332.5304,6384.5836,0.02154355,1463.1337,1340.2688,5187.4742,5310.3391,0.01750413,0.01791872,0.00089765,16.2655,14.6936,0.3653,59.3804,1.1678,2646.0457,162.5536,12.4780,16.8648,9.0895,16.5695,22.0926,29.825,33.4482,44.5976,11.8163,0.0,2.018664,2.691552,0.981654,30,240,141,4,0.10479828,0.02244119,0.04150452,0E-8,0.000000,0.902668,0.011910,-0.02129501,2026-03-22,2026-08-05,112,5695,2177,137,0.817518,0.739886,0.767145,0.349328,,,,,,,,GLOBAL_BASELINE_NO_ENTITY_RANKING,,,NOT_APPLICABLE_GLOBAL_BASELINE,HF9g-P5,,,,X 全窗基线 · 不参与实体赏罚,14195045,1420,A168_HF9F_20260827_0900,2026-08-27 09:00:00
2026-04-26,110249610,1302,0,97.7117276797,6.4194332719,6.4194332719,0.4285714,7,7,0.50282064285714286,0.502820642857,-0.39289616391791987,-0.3928961639171632,-0.39289616391791987,1.4286E-13,ELIGIBLE,R03b_20260811_FULL_v1,L1_ELIGIBILITY,v2026-08-11,2026-03-21..2026-08-06,baccarat_bet02_101_all_pairs_incl_sentinel,round_win = game_pnl > 0 (decisive only),COMPATIBILITY_ONLY_NOT_PRODUCTION,296357.1217,267511.9505,6650.6079,18220,18206,-0.02244119,-0.04150452,-0.02020951,-0.02244119,-6650.6079,296357.1217,OK,0.0000,266.0243,4.0000,96.0000,AG03-UNRESOLVED,ALL5_LEVELS_bet23_to_bet27,266.0243,266.0243,266.0243,332.5304,332.5304,4.000000,4.000000,4.000000,5.000000,5.000000,96.000000,96.000000,96.000000,95.000000,95.000000,5.0,1463.1337,1340.2688,5187.4742,5310.3391,PENDING_AG03,FALSE,NOT_FOR_ENFORCEMENT,6384.5836,256811.4724,6650.6079,6384.5836,266.0243,0.02244119,0.02154355,266.0243,6384.5836,0.02154355,266.0243,266.0243,266.0243,332.5304,332.5304,6384.5836,0.02154355,1463.1337,1340.2688,5187.4742,5310.3391,0.01750413,0.01791872,0.00089765,16.2655,14.6936,0.3653,59.3804,1.1678,2646.0457,162.5536,12.4780,16.8648,9.0895,16.5695,22.0926,29.825,33.4482,44.5976,11.8163,0.0,2.018664,2.691552,0.981654,30,240,141,4,0.10479828,0.02244119,0.04150452,0E-8,0.000000,0.902668,0.011910,-0.02129501,2026-03-22,2026-08-05,112,5695,2177,137,0.817518,0.739886,0.767145,0.349328,,,,,,,,GLOBAL_BASELINE_NO_ENTITY_RANKING,,,NOT_APPLICABLE_GLOBAL_BASELINE,HF9g-P5,,,,X 全窗基线 · 不参与实体赏罚,14195046,1420,A168_HF9F_20260827_0900,2026-08-27 09:00:00
2026-04-26,110249610,1304,0,226.1003931190,-12.4980116800,-12.4980116800,0.5000000,12,12,0.49994810000000000,0.499948100000,0.0003595737495884018,0.0003595737495884018,0.0003595737495884018,0E-17,ELIGIBLE,R03b_20260811_FULL_v1,L1_ELIGIBILITY,v2026-08-11,2026-03-21..2026-08-06,baccarat_bet02_101_all_pairs_incl_sentinel,round_win = game_pnl > 0 (decisive only),COMPATIBILITY_ONLY_NOT_PRODUCTION,296357.1217,267511.9505,6650.6079,18220,18206,-0.02244119,-0.04150452,-0.02020951,-0.02244119,-6650.6079,296357.1217,OK,0.0000,266.0243,4.0000,96.0000,AG03-UNRESOLVED,ALL5_LEVELS_bet23_to_bet27,266.0243,266.0243,266.0243,332.5304,332.5304,4.000000,4.000000,4.000000,5.000000,5.000000,96.000000,96.000000,96.000000,95.000000,95.000000,5.0,1463.1337,1340.2688,5187.4742,5310.3391,PENDING_AG03,FALSE,NOT_FOR_ENFORCEMENT,6384.5836,256811.4724,6650.6079,6384.5836,266.0243,0.02244119,0.02154355,266.0243,6384.5836,0.02154355,266.0243,266.0243,266.0243,332.5304,332.5304,6384.5836,0.02154355,1463.1337,1340.2688,5187.4742,5310.3391,0.01750413,0.01791872,0.00089765,16.2655,14.6936,0.3653,59.3804,1.1678,2646.0457,162.5536,12.4780,16.8648,9.0895,16.5695,22.0926,29.825,33.4482,44.5976,11.8163,0.0,2.018664,2.691552,0.981654,30,240,141,4,0.10479828,0.02244119,0.04150452,0E-8,0.000000,0.902668,0.011910,-0.02129501,2026-03-22,2026-08-05,112,5695,2177,137,0.817518,0.739886,0.767145,0.349328,,,,,,,,GLOBAL_BASELINE_NO_ENTITY_RANKING,,,NOT_APPLICABLE_GLOBAL_BASELINE,HF9g-P5,,,,X 全窗基线 · 不参与实体赏罚,14195047,1420,A168_HF9F_20260827_0900,2026-08-27 09:00:00
2026-04-26,110249610,1353,0,189.7425409594,-8.8622264640,-8.8622264640,0.5000000,11,11,0.49933877272727273,0.499338772727,0.00418197212257692,0.0041819721243018205,0.00418197212257692,2.7273E-13,ELIGIBLE,R03b_20260811_FULL_v1,L1_ELIGIBILITY,v2026-08-11,2026-03-21..2026-08-06,baccarat_bet02_101_all_pairs_incl_sentinel,round_win = game_pnl > 0 (decisive only),COMPATIBILITY_ONLY_NOT_PRODUCTION,296357.1217,267511.9505,6650.6079,18220,18206,-0.02244119,-0.04150452,-0.02020951,-0.02244119,-6650.6079,296357.1217,OK,0.0000,266.0243,4.0000,96.0000,AG03-UNRESOLVED,ALL5_LEVELS_bet23_to_bet27,266.0243,266.0243,266.0243,332.5304,332.5304,4.000000,4.000000,4.000000,5.000000,5.000000,96.000000,96.000000,96.000000,95.000000,95.000000,5.0,1463.1337,1340.2688,5187.4742,5310.3391,PENDING_AG03,FALSE,NOT_FOR_ENFORCEMENT,6384.5836,256811.4724,6650.6079,6384.5836,266.0243,0.02244119,0.02154355,266.0243,6384.5836,0.02154355,266.0243,266.0243,266.0243,332.5304,332.5304,6384.5836,0.02154355,1463.1337,1340.2688,5187.4742,5310.3391,0.01750413,0.01791872,0.00089765,16.2655,14.6936,0.3653,59.3804,1.1678,2646.0457,162.5536,12.4780,16.8648,9.0895,16.5695,22.0926,29.825,33.4482,44.5976,11.8163,0.0,2.018664,2.691552,0.981654,30,240,141,4,0.10479828,0.02244119,0.04150452,0E-8,0.000000,0.902668,0.011910,-0.02129501,2026-03-22,2026-08-05,112,5695,2177,137,0.817518,0.739886,0.767145,0.349328,,,,,,,,GLOBAL_BASELINE_NO_ENTITY_RANKING,,,NOT_APPLICABLE_GLOBAL_BASELINE,HF9g-P5,,,,X 全窗基线 · 不参与实体赏罚,14195048,1420,A168_HF9F_20260827_0900,2026-08-27 09:00:00
2026-04-26,110249610,1363,0,106.8011907196,15.0544231598,15.0544231598,0.6000000,5,5,0.50665070000000000,0.506650700000,0.4175076967804994,0.4175076967804994,0.4175076967804994,0E-17,ELIGIBLE,R03b_20260811_FULL_v1,L1_ELIGIBILITY,v2026-08-11,2026-03-21..2026-08-06,baccarat_bet02_101_all_pairs_incl_sentinel,round_win = game_pnl > 0 (decisive only),COMPATIBILITY_ONLY_NOT_PRODUCTION,296357.1217,267511.9505,6650.6079,18220,18206,-0.02244119,-0.04150452,-0.02020951,-0.02244119,-6650.6079,296357.1217,OK,0.0000,266.0243,4.0000,96.0000,AG03-UNRESOLVED,ALL5_LEVELS_bet23_to_bet27,266.0243,266.0243,266.0243,332.5304,332.5304,4.000000,4.000000,4.000000,5.000000,5.000000,96.000000,96.000000,96.000000,95.000000,95.000000,5.0,1463.1337,1340.2688,5187.4742,5310.3391,PENDING_AG03,FALSE,NOT_FOR_ENFORCEMENT,6384.5836,256811.4724,6650.6079,6384.5836,266.0243,0.02244119,0.02154355,266.0243,6384.5836,0.02154355,266.0243,266.0243,266.0243,332.5304,332.5304,6384.5836,0.02154355,1463.1337,1340.2688,5187.4742,5310.3391,0.01750413,0.01791872,0.00089765,16.2655,14.6936,0.3653,59.3804,1.1678,2646.0457,162.5536,12.4780,16.8648,9.0895,16.5695,22.0926,29.825,33.4482,44.5976,11.8163,0.0,2.018664,2.691552,0.981654,30,240,141,4,0.10479828,0.02244119,0.04150452,0E-8,0.000000,0.902668,0.011910,-0.02129501,2026-03-22,2026-08-05,112,5695,2177,137,0.817518,0.739886,0.767145,0.349328,,,,,,,,GLOBAL_BASELINE_NO_ENTITY_RANKING,,,NOT_APPLICABLE_GLOBAL_BASELINE,HF9g-P5,,,,X 全窗基线 · 不参与实体赏罚,14195049,1420,A168_HF9F_20260827_0900,2026-08-27 09:00:00
2026-04-26,110249610,1383,0,54.5367782399,-18.5197809439,-18.5197809439,0.4000000,5,5,0.49860758000000000,0.498607580000,-0.440988213962219,-0.440988213962219,-0.440988213962219,0E-17,ELIGIBLE,R03b_20260811_FULL_v1,L1_ELIGIBILITY,v2026-08-11,2026-03-21..2026-08-06,baccarat_bet02_101_all_pairs_incl_sentinel,round_win = game_pnl > 0 (decisive only),COMPATIBILITY_ONLY_NOT_PRODUCTION,296357.1217,267511.9505,6650.6079,18220,18206,-0.02244119,-0.04150452,-0.02020951,-0.02244119,-6650.6079,296357.1217,OK,0.0000,266.0243,4.0000,96.0000,AG03-UNRESOLVED,ALL5_LEVELS_bet23_to_bet27,266.0243,266.0243,266.0243,332.5304,332.5304,4.000000,4.000000,4.000000,5.000000,5.000000,96.000000,96.000000,96.000000,95.000000,95.000000,5.0,1463.1337,1340.2688,5187.4742,5310.3391,PENDING_AG03,FALSE,NOT_FOR_ENFORCEMENT,6384.5836,256811.4724,6650.6079,6384.5836,266.0243,0.02244119,0.02154355,266.0243,6384.5836,0.02154355,266.0243,266.0243,266.0243,332.5304,332.5304,6384.5836,0.02154355,1463.1337,1340.2688,5187.4742,5310.3391,0.01750413,0.01791872,0.00089765,16.2655,14.6936,0.3653,59.3804,1.1678,2646.0457,162.5536,12.4780,16.8648,9.0895,16.5695,22.0926,29.825,33.4482,44.5976,11.8163,0.0,2.018664,2.691552,0.981654,30,240,141,4,0.10479828,0.02244119,0.04150452,0E-8,0.000000,0.902668,0.011910,-0.02129501,2026-03-22,2026-08-05,112,5695,2177,137,0.817518,0.739886,0.767145,0.349328,,,,,,,,GLOBAL_BASELINE_NO_ENTITY_RANKING,,,NOT_APPLICABLE_GLOBAL_BASELINE,HF9g-P5,,,,X 全窗基线 · 不参与实体赏罚,14195050,1420,A168_HF9F_20260827_0900,2026-08-27 09:00:00
2026-04-26,110249610,1384,0,498.7842843182,156.8500465834,156.8500465834,0.7142857,24,24,0.49715535000000000,0.497155350000,1.9900648676295105,1.9900648676295105,1.9900648676295105,0E-17,ELIGIBLE,R03b_20260811_FULL_v1,L1_ELIGIBILITY,v2026-08-11,2026-03-21..2026-08-06,baccarat_bet02_101_all_pairs_incl_sentinel,round_win = game_pnl > 0 (decisive only),COMPATIBILITY_ONLY_NOT_PRODUCTION,296357.1217,267511.9505,6650.6079,18220,18206,-0.02244119,-0.04150452,-0.02020951,-0.02244119,-6650.6079,296357.1217,OK,0.0000,266.0243,4.0000,96.0000,AG03-UNRESOLVED,ALL5_LEVELS_bet23_to_bet27,266.0243,266.0243,266.0243,332.5304,332.5304,4.000000,4.000000,4.000000,5.000000,5.000000,96.000000,96.000000,96.000000,95.000000,95.000000,5.0,1463.1337,1340.2688,5187.4742,5310.3391,PENDING_AG03,FALSE,NOT_FOR_ENFORCEMENT,6384.5836,256811.4724,6650.6079,6384.5836,266.0243,0.02244119,0.02154355,266.0243,6384.5836,0.02154355,266.0243,266.0243,266.0243,332.5304,332.5304,6384.5836,0.02154355,1463.1337,1340.2688,5187.4742,5310.3391,0.01750413,0.01791872,0.00089765,16.2655,14.6936,0.3653,59.3804,1.1678,2646.0457,162.5536,12.4780,16.8648,9.0895,16.5695,22.0926,29.825,33.4482,44.5976,11.8163,0.0,2.018664,2.691552,0.981654,30,240,141,4,0.10479828,0.02244119,0.04150452,0E-8,0.000000,0.902668,0.011910,-0.02129501,2026-03-22,2026-08-05,112,5695,2177,137,0.817518,0.739886,0.767145,0.349328,,,,,,,,GLOBAL_BASELINE_NO_ENTITY_RANKING,,,NOT_APPLICABLE_GLOBAL_BASELINE,HF9g-P5,,,,X 全窗基线 · 不参与实体赏罚,14195051,1420,A168_HF9F_20260827_0900,2026-08-27 09:00:00
2026-04-26,110249610,1396,0,230.1906514871,41.4990796917,41.4990796917,0.5833333,13,13,0.50665070000000000,0.506650700000,0.5313198725250433,0.5313198725250433,0.5313198725250433,0E-17,ELIGIBLE,R03b_20260811_FULL_v1,L1_ELIGIBILITY,v2026-08-11,2026-03-21..2026-08-06,baccarat_bet02_101_all_pairs_incl_sentinel,round_win = game_pnl > 0 (decisive only),COMPATIBILITY_ONLY_NOT_PRODUCTION,296357.1217,267511.9505,6650.6079,18220,18206,-0.02244119,-0.04150452,-0.02020951,-0.02244119,-6650.6079,296357.1217,OK,0.0000,266.0243,4.0000,96.0000,AG03-UNRESOLVED,ALL5_LEVELS_bet23_to_bet27,266.0243,266.0243,266.0243,332.5304,332.5304,4.000000,4.000000,4.000000,5.000000,5.000000,96.000000,96.000000,96.000000,95.000000,95.000000,5.0,1463.1337,1340.2688,5187.4742,5310.3391,PENDING_AG03,FALSE,NOT_FOR_ENFORCEMENT,6384.5836,256811.4724,6650.6079,6384.5836,266.0243,0.02244119,0.02154355,266.0243,6384.5836,0.02154355,266.0243,266.0243,266.0243,332.5304,332.5304,6384.5836,0.02154355,1463.1337,1340.2688,5187.4742,5310.3391,0.01750413,0.01791872,0.00089765,16.2655,14.6936,0.3653,59.3804,1.1678,2646.0457,162.5536,12.4780,16.8648,9.0895,16.5695,22.0926,29.825,33.4482,44.5976,11.8163,0.0,2.018664,2.691552,0.981654,30,240,141,4,0.10479828,0.02244119,0.04150452,0E-8,0.000000,0.902668,0.011910,-0.02129501,2026-03-22,2026-08-05,112,5695,2177,137,0.817518,0.739886,0.767145,0.349328,,,,,,,,GLOBAL_BASELINE_NO_ENTITY_RANKING,,,NOT_APPLICABLE_GLOBAL_BASELINE,HF9g-P5,,,,X 全窗基线 · 不参与实体赏罚,14195052,1420,A168_HF9F_20260827_0900,2026-08-27 09:00:00
2026-04-26,110249610,1399,0,78.3966187197,-44.3111323197,-44.3111323197,0.2500000,5,5,0.49592654000000000,0.495926540000,-0.983738807048034,-0.983738807048034,-0.983738807048034,0E-17,ELIGIBLE,R03b_20260811_FULL_v1,L1_ELIGIBILITY,v2026-08-11,2026-03-21..2026-08-06,baccarat_bet02_101_all_pairs_incl_sentinel,round_win = game_pnl > 0 (decisive only),COMPATIBILITY_ONLY_NOT_PRODUCTION,296357.1217,267511.9505,6650.6079,18220,18206,-0.02244119,-0.04150452,-0.02020951,-0.02244119,-6650.6079,296357.1217,OK,0.0000,266.0243,4.0000,96.0000,AG03-UNRESOLVED,ALL5_LEVELS_bet23_to_bet27,266.0243,266.0243,266.0243,332.5304,332.5304,4.000000,4.000000,4.000000,5.000000,5.000000,96.000000,96.000000,96.000000,95.000000,95.000000,5.0,1463.1337,1340.2688,5187.4742,5310.3391,PENDING_AG03,FALSE,NOT_FOR_ENFORCEMENT,6384.5836,256811.4724,6650.6079,6384.5836,266.0243,0.02244119,0.02154355,266.0243,6384.5836,0.02154355,266.0243,266.0243,266.0243,332.5304,332.5304,6384.5836,0.02154355,1463.1337,1340.2688,5187.4742,5310.3391,0.01750413,0.01791872,0.00089765,16.2655,14.6936,0.3653,59.3804,1.1678,2646.0457,162.5536,12.4780,16.8648,9.0895,16.5695,22.0926,29.825,33.4482,44.5976,11.8163,0.0,2.018664,2.691552,0.981654,30,240,141,4,0.10479828,0.02244119,0.04150452,0E-8,0.000000,0.902668,0.011910,-0.02129501,2026-03-22,2026-08-05,112,5695,2177,137,0.817518,0.739886,0.767145,0.349328,,,,,,,,GLOBAL_BASELINE_NO_ENTITY_RANKING,,,NOT_APPLICABLE_GLOBAL_BASELINE,HF9g-P5,,,,X 全窗基线 · 不参与实体赏罚,14195053,1420,A168_HF9F_20260827_0900,2026-08-27 09:00:00
2026-04-26,110249610,1400,0,342.5591383187,84.1059376917,84.1059376917,0.7058824,20,20,0.50262914000000000,0.502629140000,1.6760921031269058,1.6760921031269058,1.6760921031269058,0E-17,ELIGIBLE,R03b_20260811_FULL_v1,L1_ELIGIBILITY,v2026-08-11,2026-03-21..2026-08-06,baccarat_bet02_101_all_pairs_incl_sentinel,round_win = game_pnl > 0 (decisive only),COMPATIBILITY_ONLY_NOT_PRODUCTION,296357.1217,267511.9505,6650.6079,18220,18206,-0.02244119,-0.04150452,-0.02020951,-0.02244119,-6650.6079,296357.1217,OK,0.0000,266.0243,4.0000,96.0000,AG03-UNRESOLVED,ALL5_LEVELS_bet23_to_bet27,266.0243,266.0243,266.0243,332.5304,332.5304,4.000000,4.000000,4.000000,5.000000,5.000000,96.000000,96.000000,96.000000,95.000000,95.000000,5.0,1463.1337,1340.2688,5187.4742,5310.3391,PENDING_AG03,FALSE,NOT_FOR_ENFORCEMENT,6384.5836,256811.4724,6650.6079,6384.5836,266.0243,0.02244119,0.02154355,266.0243,6384.5836,0.02154355,266.0243,266.0243,266.0243,332.5304,332.5304,6384.5836,0.02154355,1463.1337,1340.2688,5187.4742,5310.3391,0.01750413,0.01791872,0.00089765,16.2655,14.6936,0.3653,59.3804,1.1678,2646.0457,162.5536,12.4780,16.8648,9.0895,16.5695,22.0926,29.825,33.4482,44.5976,11.8163,0.0,2.018664,2.691552,0.981654,30,240,141,4,0.10479828,0.02244119,0.04150452,0E-8,0.000000,0.902668,0.011910,-0.02129501,2026-03-22,2026-08-05,112,5695,2177,137,0.817518,0.739886,0.767145,0.349328,,,,,,,,GLOBAL_BASELINE_NO_ENTITY_RANKING,,,NOT_APPLICABLE_GLOBAL_BASELINE,HF9g-P5,,,,X 全窗基线 · 不参与实体赏罚,14195054,1420,A168_HF9F_20260827_0900,2026-08-27 09:00:00
2026-04-26,110249610,1401,0,127.8205739998,-40.6185379598,-40.6185379598,0.5384615,13,13,0.50252602307692308,0.502526023077,0.25913799369159063,0.2591379936910361,0.25913799369159063,-7.692E-14,ELIGIBLE,R03b_20260811_FULL_v1,L1_ELIGIBILITY,v2026-08-11,2026-03-21..2026-08-06,baccarat_bet02_101_all_pairs_incl_sentinel,round_win = game_pnl > 0 (decisive only),COMPATIBILITY_ONLY_NOT_PRODUCTION,296357.1217,267511.9505,6650.6079,18220,18206,-0.02244119,-0.04150452,-0.02020951,-0.02244119,-6650.6079,296357.1217,OK,0.0000,266.0243,4.0000,96.0000,AG03-UNRESOLVED,ALL5_LEVELS_bet23_to_bet27,266.0243,266.0243,266.0243,332.5304,332.5304,4.000000,4.000000,4.000000,5.000000,5.000000,96.000000,96.000000,96.000000,95.000000,95.000000,5.0,1463.1337,1340.2688,5187.4742,5310.3391,PENDING_AG03,FALSE,NOT_FOR_ENFORCEMENT,6384.5836,256811.4724,6650.6079,6384.5836,266.0243,0.02244119,0.02154355,266.0243,6384.5836,0.02154355,266.0243,266.0243,266.0243,332.5304,332.5304,6384.5836,0.02154355,1463.1337,1340.2688,5187.4742,5310.3391,0.01750413,0.01791872,0.00089765,16.2655,14.6936,0.3653,59.3804,1.1678,2646.0457,162.5536,12.4780,16.8648,9.0895,16.5695,22.0926,29.825,33.4482,44.5976,11.8163,0.0,2.018664,2.691552,0.981654,30,240,141,4,0.10479828,0.02244119,0.04150452,0E-8,0.000000,0.902668,0.011910,-0.02129501,2026-03-22,2026-08-05,112,5695,2177,137,0.817518,0.739886,0.767145,0.349328,,,,,,,,GLOBAL_BASELINE_NO_ENTITY_RANKING,,,NOT_APPLICABLE_GLOBAL_BASELINE,HF9g-P5,,,,X 全窗基线 · 不参与实体赏罚,14195055,1420,A168_HF9F_20260827_0900,2026-08-27 09:00:00
2026-04-26,110249610,1405,0,332.5607289747,8.2941350240,8.2941350240,0.4000000,16,16,0.49827245000000000,0.498272450000,-0.7612196681076717,-0.7612196681076718,-0.7612196681076717,0E-17,ELIGIBLE,R03b_20260811_FULL_v1,L1_ELIGIBILITY,v2026-08-11,2026-03-21..2026-08-06,baccarat_bet02_101_all_pairs_incl_sentinel,round_win = game_pnl > 0 (decisive only),COMPATIBILITY_ONLY_NOT_PRODUCTION,296357.1217,267511.9505,6650.6079,18220,18206,-0.02244119,-0.04150452,-0.02020951,-0.02244119,-6650.6079,296357.1217,OK,0.0000,266.0243,4.0000,96.0000,AG03-UNRESOLVED,ALL5_LEVELS_bet23_to_bet27,266.0243,266.0243,266.0243,332.5304,332.5304,4.000000,4.000000,4.000000,5.000000,5.000000,96.000000,96.000000,96.000000,95.000000,95.000000,5.0,1463.1337,1340.2688,5187.4742,5310.3391,PENDING_AG03,FALSE,NOT_FOR_ENFORCEMENT,6384.5836,256811.4724,6650.6079,6384.5836,266.0243,0.02244119,0.02154355,266.0243,6384.5836,0.02154355,266.0243,266.0243,266.0243,332.5304,332.5304,6384.5836,0.02154355,1463.1337,1340.2688,5187.4742,5310.3391,0.01750413,0.01791872,0.00089765,16.2655,14.6936,0.3653,59.3804,1.1678,2646.0457,162.5536,12.4780,16.8648,9.0895,16.5695,22.0926,29.825,33.4482,44.5976,11.8163,0.0,2.018664,2.691552,0.981654,30,240,141,4,0.10479828,0.02244119,0.04150452,0E-8,0.000000,0.902668,0.011910,-0.02129501,2026-03-22,2026-08-05,112,5695,2177,137,0.817518,0.739886,0.767145,0.349328,,,,,,,,GLOBAL_BASELINE_NO_ENTITY_RANKING,,,NOT_APPLICABLE_GLOBAL_BASELINE,HF9g-P5,,,,X 全窗基线 · 不参与实体赏罚,14195056,1420,A168_HF9F_20260827_0900,2026-08-27 09:00:00
2026-04-26,110249610,1505,0,2.2723657600,-2.2723657600,-2.2723657600,0E-7,1,1,0.49324550000000000,0.493245500000,-0.9865810262130424,-0.9865810262130424,-0.9865810262130424,0E-17,ELIGIBLE,R03b_20260811_FULL_v1,L1_ELIGIBILITY,v2026-08-11,2026-03-21..2026-08-06,baccarat_bet02_101_all_pairs_incl_sentinel,round_win = game_pnl > 0 (decisive only),COMPATIBILITY_ONLY_NOT_PRODUCTION,296357.1217,267511.9505,6650.6079,18220,18206,-0.02244119,-0.04150452,-0.02020951,-0.02244119,-6650.6079,296357.1217,OK,0.0000,266.0243,4.0000,96.0000,AG03-UNRESOLVED,ALL5_LEVELS_bet23_to_bet27,266.0243,266.0243,266.0243,332.5304,332.5304,4.000000,4.000000,4.000000,5.000000,5.000000,96.000000,96.000000,96.000000,95.000000,95.000000,5.0,1463.1337,1340.2688,5187.4742,5310.3391,PENDING_AG03,FALSE,NOT_FOR_ENFORCEMENT,6384.5836,256811.4724,6650.6079,6384.5836,266.0243,0.02244119,0.02154355,266.0243,6384.5836,0.02154355,266.0243,266.0243,266.0243,332.5304,332.5304,6384.5836,0.02154355,1463.1337,1340.2688,5187.4742,5310.3391,0.01750413,0.01791872,0.00089765,16.2655,14.6936,0.3653,59.3804,1.1678,2646.0457,162.5536,12.4780,16.8648,9.0895,16.5695,22.0926,29.825,33.4482,44.5976,11.8163,0.0,2.018664,2.691552,0.981654,30,240,141,4,0.10479828,0.02244119,0.04150452,0E-8,0.000000,0.902668,0.011910,-0.02129501,2026-03-22,2026-08-05,112,5695,2177,137,0.817518,0.739886,0.767145,0.349328,,,,,,,,GLOBAL_BASELINE_NO_ENTITY_RANKING,,,NOT_APPLICABLE_GLOBAL_BASELINE,HF9g-P5,,,,X 全窗基线 · 不参与实体赏罚,14195057,1420,A168_HF9F_20260827_0900,2026-08-27 09:00:00
2026-04-26,110249610,1507,0,17.0427431999,-17.0427431999,-17.0427431999,0E-7,1,1,0.49324550000000000,0.493245500000,-0.9865810262130424,-0.9865810262130424,-0.9865810262130424,0E-17,ELIGIBLE,R03b_20260811_FULL_v1,L1_ELIGIBILITY,v2026-08-11,2026-03-21..2026-08-06,baccarat_bet02_101_all_pairs_incl_sentinel,round_win = game_pnl > 0 (decisive only),COMPATIBILITY_ONLY_NOT_PRODUCTION,296357.1217,267511.9505,6650.6079,18220,18206,-0.02244119,-0.04150452,-0.02020951,-0.02244119,-6650.6079,296357.1217,OK,0.0000,266.0243,4.0000,96.0000,AG03-UNRESOLVED,ALL5_LEVELS_bet23_to_bet27,266.0243,266.0243,266.0243,332.5304,332.5304,4.000000,4.000000,4.000000,5.000000,5.000000,96.000000,96.000000,96.000000,95.000000,95.000000,5.0,1463.1337,1340.2688,5187.4742,5310.3391,PENDING_AG03,FALSE,NOT_FOR_ENFORCEMENT,6384.5836,256811.4724,6650.6079,6384.5836,266.0243,0.02244119,0.02154355,266.0243,6384.5836,0.02154355,266.0243,266.0243,266.0243,332.5304,332.5304,6384.5836,0.02154355,1463.1337,1340.2688,5187.4742,5310.3391,0.01750413,0.01791872,0.00089765,16.2655,14.6936,0.3653,59.3804,1.1678,2646.0457,162.5536,12.4780,16.8648,9.0895,16.5695,22.0926,29.825,33.4482,44.5976,11.8163,0.0,2.018664,2.691552,0.981654,30,240,141,4,0.10479828,0.02244119,0.04150452,0E-8,0.000000,0.902668,0.011910,-0.02129501,2026-03-22,2026-08-05,112,5695,2177,137,0.817518,0.739886,0.767145,0.349328,,,,,,,,GLOBAL_BASELINE_NO_ENTITY_RANKING,,,NOT_APPLICABLE_GLOBAL_BASELINE,HF9g-P5,,,,X 全窗基线 · 不参与实体赏罚,14195058,1420,A168_HF9F_20260827_0900,2026-08-27 09:00:00
2026-04-26,110249610,1509,0,133.5014883994,-33.8014406800,-33.8014406800,0.4285714,7,7,0.50090561428571429,0.500905614286,-0.38275716120403624,-0.38275716120554854,-0.38275716120403624,-2.8571E-13,ELIGIBLE,R03b_20260811_FULL_v1,L1_ELIGIBILITY,v2026-08-11,2026-03-21..2026-08-06,baccarat_bet02_101_all_pairs_incl_sentinel,round_win = game_pnl > 0 (decisive only),COMPATIBILITY_ONLY_NOT_PRODUCTION,296357.1217,267511.9505,6650.6079,18220,18206,-0.02244119,-0.04150452,-0.02020951,-0.02244119,-6650.6079,296357.1217,OK,0.0000,266.0243,4.0000,96.0000,AG03-UNRESOLVED,ALL5_LEVELS_bet23_to_bet27,266.0243,266.0243,266.0243,332.5304,332.5304,4.000000,4.000000,4.000000,5.000000,5.000000,96.000000,96.000000,96.000000,95.000000,95.000000,5.0,1463.1337,1340.2688,5187.4742,5310.3391,PENDING_AG03,FALSE,NOT_FOR_ENFORCEMENT,6384.5836,256811.4724,6650.6079,6384.5836,266.0243,0.02244119,0.02154355,266.0243,6384.5836,0.02154355,266.0243,266.0243,266.0243,332.5304,332.5304,6384.5836,0.02154355,1463.1337,1340.2688,5187.4742,5310.3391,0.01750413,0.01791872,0.00089765,16.2655,14.6936,0.3653,59.3804,1.1678,2646.0457,162.5536,12.4780,16.8648,9.0895,16.5695,22.0926,29.825,33.4482,44.5976,11.8163,0.0,2.018664,2.691552,0.981654,30,240,141,4,0.10479828,0.02244119,0.04150452,0E-8,0.000000,0.902668,0.011910,-0.02129501,2026-03-22,2026-08-05,112,5695,2177,137,0.817518,0.739886,0.767145,0.349328,,,,,,,,GLOBAL_BASELINE_NO_ENTITY_RANKING,,,NOT_APPLICABLE_GLOBAL_BASELINE,HF9g-P5,,,,X 全窗基线 · 不参与实体赏罚,14195059,1420,A168_HF9F_20260827_0900,2026-08-27 09:00:00
2026-04-26,110249610,1645,0,61.3538755197,59.1383189037,59.1383189037,1.0000000,3,3,0.50665070000000000,0.506650700000,1.7091633124209307,1.7091633124209307,1.7091633124209307,0E-17,ELIGIBLE,R03b_20260811_FULL_v1,L1_ELIGIBILITY,v2026-08-11,2026-03-21..2026-08-06,baccarat_bet02_101_all_pairs_incl_sentinel,round_win = game_pnl > 0 (decisive only),COMPATIBILITY_ONLY_NOT_PRODUCTION,296357.1217,267511.9505,6650.6079,18220,18206,-0.02244119,-0.04150452,-0.02020951,-0.02244119,-6650.6079,296357.1217,OK,0.0000,266.0243,4.0000,96.0000,AG03-UNRESOLVED,ALL5_LEVELS_bet23_to_bet27,266.0243,266.0243,266.0243,332.5304,332.5304,4.000000,4.000000,4.000000,5.000000,5.000000,96.000000,96.000000,96.000000,95.000000,95.000000,5.0,1463.1337,1340.2688,5187.4742,5310.3391,PENDING_AG03,FALSE,NOT_FOR_ENFORCEMENT,6384.5836,256811.4724,6650.6079,6384.5836,266.0243,0.02244119,0.02154355,266.0243,6384.5836,0.02154355,266.0243,266.0243,266.0243,332.5304,332.5304,6384.5836,0.02154355,1463.1337,1340.2688,5187.4742,5310.3391,0.01750413,0.01791872,0.00089765,16.2655,14.6936,0.3653,59.3804,1.1678,2646.0457,162.5536,12.4780,16.8648,9.0895,16.5695,22.0926,29.825,33.4482,44.5976,11.8163,0.0,2.018664,2.691552,0.981654,30,240,141,4,0.10479828,0.02244119,0.04150452,0E-8,0.000000,0.902668,0.011910,-0.02129501,2026-03-22,2026-08-05,112,5695,2177,137,0.817518,0.739886,0.767145,0.349328,,,,,,,,GLOBAL_BASELINE_NO_ENTITY_RANKING,,,NOT_APPLICABLE_GLOBAL_BASELINE,HF9g-P5,,,,X 全窗基线 · 不参与实体赏罚,14195060,1420,A168_HF9F_20260827_0900,2026-08-27 09:00:00
2026-04-26,110249610,1654,0,30.3360828960,-7.6124252960,-7.6124252960,0.3333333,3,3,0.49771390000000000,0.497713900000,-0.5694369385616226,-0.5694369385616226,-0.5694369385616226,0E-17,ELIGIBLE,R03b_20260811_FULL_v1,L1_ELIGIBILITY,v2026-08-11,2026-03-21..2026-08-06,baccarat_bet02_101_all_pairs_incl_sentinel,round_win = game_pnl > 0 (decisive only),COMPATIBILITY_ONLY_NOT_PRODUCTION,296357.1217,267511.9505,6650.6079,18220,18206,-0.02244119,-0.04150452,-0.02020951,-0.02244119,-6650.6079,296357.1217,OK,0.0000,266.0243,4.0000,96.0000,AG03-UNRESOLVED,ALL5_LEVELS_bet23_to_bet27,266.0243,266.0243,266.0243,332.5304,332.5304,4.000000,4.000000,4.000000,5.000000,5.000000,96.000000,96.000000,96.000000,95.000000,95.000000,5.0,1463.1337,1340.2688,5187.4742,5310.3391,PENDING_AG03,FALSE,NOT_FOR_ENFORCEMENT,6384.5836,256811.4724,6650.6079,6384.5836,266.0243,0.02244119,0.02154355,266.0243,6384.5836,0.02154355,266.0243,266.0243,266.0243,332.5304,332.5304,6384.5836,0.02154355,1463.1337,1340.2688,5187.4742,5310.3391,0.01750413,0.01791872,0.00089765,16.2655,14.6936,0.3653,59.3804,1.1678,2646.0457,162.5536,12.4780,16.8648,9.0895,16.5695,22.0926,29.825,33.4482,44.5976,11.8163,0.0,2.018664,2.691552,0.981654,30,240,141,4,0.10479828,0.02244119,0.04150452,0E-8,0.000000,0.902668,0.011910,-0.02129501,2026-03-22,2026-08-05,112,5695,2177,137,0.817518,0.739886,0.767145,0.349328,,,,,,,,GLOBAL_BASELINE_NO_ENTITY_RANKING,,,NOT_APPLICABLE_GLOBAL_BASELINE,HF9g-P5,,,,X 全窗基线 · 不参与实体赏罚,14195061,1420,A168_HF9F_20260827_0900,2026-08-27 09:00:00
2026-04-26,110249610,1710,0,243.0295180310,-57.1499988640,-57.1499988640,0.3846154,13,13,0.50355719230769231,0.503557192308,-0.8577232797406021,-0.8577232797428247,-0.8577232797406021,-3.0769E-13,ELIGIBLE,R03b_20260811_FULL_v1,L1_ELIGIBILITY,v2026-08-11,2026-03-21..2026-08-06,baccarat_bet02_101_all_pairs_incl_sentinel,round_win = game_pnl > 0 (decisive only),COMPATIBILITY_ONLY_NOT_PRODUCTION,296357.1217,267511.9505,6650.6079,18220,18206,-0.02244119,-0.04150452,-0.02020951,-0.02244119,-6650.6079,296357.1217,OK,0.0000,266.0243,4.0000,96.0000,AG03-UNRESOLVED,ALL5_LEVELS_bet23_to_bet27,266.0243,266.0243,266.0243,332.5304,332.5304,4.000000,4.000000,4.000000,5.000000,5.000000,96.000000,96.000000,96.000000,95.000000,95.000000,5.0,1463.1337,1340.2688,5187.4742,5310.3391,PENDING_AG03,FALSE,NOT_FOR_ENFORCEMENT,6384.5836,256811.4724,6650.6079,6384.5836,266.0243,0.02244119,0.02154355,266.0243,6384.5836,0.02154355,266.0243,266.0243,266.0243,332.5304,332.5304,6384.5836,0.02154355,1463.1337,1340.2688,5187.4742,5310.3391,0.01750413,0.01791872,0.00089765,16.2655,14.6936,0.3653,59.3804,1.1678,2646.0457,162.5536,12.4780,16.8648,9.0895,16.5695,22.0926,29.825,33.4482,44.5976,11.8163,0.0,2.018664,2.691552,0.981654,30,240,141,4,0.10479828,0.02244119,0.04150452,0E-8,0.000000,0.902668,0.011910,-0.02129501,2026-03-22,2026-08-05,112,5695,2177,137,0.817518,0.739886,0.767145,0.349328,,,,,,,,GLOBAL_BASELINE_NO_ENTITY_RANKING,,,NOT_APPLICABLE_GLOBAL_BASELINE,HF9g-P5,,,,X 全窗基线 · 不参与实体赏罚,14195062,1420,A168_HF9F_20260827_0900,2026-08-27 09:00:00
2026-04-26,110249610,1750,0,302.2246460789,46.1006203557,46.1006203557,0.6666667,12,12,0.50665070000000000,0.506650700000,0.9601807448229117,0.9601807448229117,0.9601807448229117,0E-17,ELIGIBLE,R03b_20260811_FULL_v1,L1_ELIGIBILITY,v2026-08-11,2026-03-21..2026-08-06,baccarat_bet02_101_all_pairs_incl_sentinel,round_win = game_pnl > 0 (decisive only),COMPATIBILITY_ONLY_NOT_PRODUCTION,296357.1217,267511.9505,6650.6079,18220,18206,-0.02244119,-0.04150452,-0.02020951,-0.02244119,-6650.6079,296357.1217,OK,0.0000,266.0243,4.0000,96.0000,AG03-UNRESOLVED,ALL5_LEVELS_bet23_to_bet27,266.0243,266.0243,266.0243,332.5304,332.5304,4.000000,4.000000,4.000000,5.000000,5.000000,96.000000,96.000000,96.000000,95.000000,95.000000,5.0,1463.1337,1340.2688,5187.4742,5310.3391,PENDING_AG03,FALSE,NOT_FOR_ENFORCEMENT,6384.5836,256811.4724,6650.6079,6384.5836,266.0243,0.02244119,0.02154355,266.0243,6384.5836,0.02154355,266.0243,266.0243,266.0243,332.5304,332.5304,6384.5836,0.02154355,1463.1337,1340.2688,5187.4742,5310.3391,0.01750413,0.01791872,0.00089765,16.2655,14.6936,0.3653,59.3804,1.1678,2646.0457,162.5536,12.4780,16.8648,9.0895,16.5695,22.0926,29.825,33.4482,44.5976,11.8163,0.0,2.018664,2.691552,0.981654,30,240,141,4,0.10479828,0.02244119,0.04150452,0E-8,0.000000,0.902668,0.011910,-0.02129501,2026-03-22,2026-08-05,112,5695,2177,137,0.817518,0.739886,0.767145,0.349328,,,,,,,,GLOBAL_BASELINE_NO_ENTITY_RANKING,,,NOT_APPLICABLE_GLOBAL_BASELINE,HF9g-P5,,,,X 全窗基线 · 不参与实体赏罚,14195063,1420,A168_HF9F_20260827_0900,2026-08-27 09:00:00
2026-04-26,110249610,1935,0,209.0576499189,9.9416001998,9.9416001998,0.6000000,11,11,0.50055742727272727,0.500557427273,0.6289304432594,0.6289304432576754,0.6289304432594,-2.7273E-13,ELIGIBLE,R03b_20260811_FULL_v1,L1_ELIGIBILITY,v2026-08-11,2026-03-21..2026-08-06,baccarat_bet02_101_all_pairs_incl_sentinel,round_win = game_pnl > 0 (decisive only),COMPATIBILITY_ONLY_NOT_PRODUCTION,296357.1217,267511.9505,6650.6079,18220,18206,-0.02244119,-0.04150452,-0.02020951,-0.02244119,-6650.6079,296357.1217,OK,0.0000,266.0243,4.0000,96.0000,AG03-UNRESOLVED,ALL5_LEVELS_bet23_to_bet27,266.0243,266.0243,266.0243,332.5304,332.5304,4.000000,4.000000,4.000000,5.000000,5.000000,96.000000,96.000000,96.000000,95.000000,95.000000,5.0,1463.1337,1340.2688,5187.4742,5310.3391,PENDING_AG03,FALSE,NOT_FOR_ENFORCEMENT,6384.5836,256811.4724,6650.6079,6384.5836,266.0243,0.02244119,0.02154355,266.0243,6384.5836,0.02154355,266.0243,266.0243,266.0243,332.5304,332.5304,6384.5836,0.02154355,1463.1337,1340.2688,5187.4742,5310.3391,0.01750413,0.01791872,0.00089765,16.2655,14.6936,0.3653,59.3804,1.1678,2646.0457,162.5536,12.4780,16.8648,9.0895,16.5695,22.0926,29.825,33.4482,44.5976,11.8163,0.0,2.018664,2.691552,0.981654,30,240,141,4,0.10479828,0.02244119,0.04150452,0E-8,0.000000,0.902668,0.011910,-0.02129501,2026-03-22,2026-08-05,112,5695,2177,137,0.817518,0.739886,0.767145,0.349328,,,,,,,,GLOBAL_BASELINE_NO_ENTITY_RANKING,,,NOT_APPLICABLE_GLOBAL_BASELINE,HF9g-P5,,,,X 全窗基线 · 不参与实体赏罚,14195064,1420,A168_HF9F_20260827_0900,2026-08-27 09:00:00
2026-04-26,110249610,1941,0,260.7539709590,162.3037244074,162.3037244074,0.8000000,10,10,0.49726706000000000,0.497267060000,1.9146798278699046,1.9146798278699049,1.9146798278699046,0E-17,ELIGIBLE,R03b_20260811_FULL_v1,L1_ELIGIBILITY,v2026-08-11,2026-03-21..2026-08-06,baccarat_bet02_101_all_pairs_incl_sentinel,round_win = game_pnl > 0 (decisive only),COMPATIBILITY_ONLY_NOT_PRODUCTION,296357.1217,267511.9505,6650.6079,18220,18206,-0.02244119,-0.04150452,-0.02020951,-0.02244119,-6650.6079,296357.1217,OK,0.0000,266.0243,4.0000,96.0000,AG03-UNRESOLVED,ALL5_LEVELS_bet23_to_bet27,266.0243,266.0243,266.0243,332.5304,332.5304,4.000000,4.000000,4.000000,5.000000,5.000000,96.000000,96.000000,96.000000,95.000000,95.000000,5.0,1463.1337,1340.2688,5187.4742,5310.3391,PENDING_AG03,FALSE,NOT_FOR_ENFORCEMENT,6384.5836,256811.4724,6650.6079,6384.5836,266.0243,0.02244119,0.02154355,266.0243,6384.5836,0.02154355,266.0243,266.0243,266.0243,332.5304,332.5304,6384.5836,0.02154355,1463.1337,1340.2688,5187.4742,5310.3391,0.01750413,0.01791872,0.00089765,16.2655,14.6936,0.3653,59.3804,1.1678,2646.0457,162.5536,12.4780,16.8648,9.0895,16.5695,22.0926,29.825,33.4482,44.5976,11.8163,0.0,2.018664,2.691552,0.981654,30,240,141,4,0.10479828,0.02244119,0.04150452,0E-8,0.000000,0.902668,0.011910,-0.02129501,2026-03-22,2026-08-05,112,5695,2177,137,0.817518,0.739886,0.767145,0.349328,,,,,,,,GLOBAL_BASELINE_NO_ENTITY_RANKING,,,NOT_APPLICABLE_GLOBAL_BASELINE,HF9g-P5,,,,X 全窗基线 · 不参与实体赏罚,14195065,1420,A168_HF9F_20260827_0900,2026-08-27 09:00:00
2026-04-26,110249610,1947,0,48.8558638399,4.5447315201,4.5447315201,0.6666667,4,4,0.50665070000000000,0.506650700000,0.5543606114942035,0.5543606114942035,0.5543606114942035,0E-17,ELIGIBLE,R03b_20260811_FULL_v1,L1_ELIGIBILITY,v2026-08-11,2026-03-21..2026-08-06,baccarat_bet02_101_all_pairs_incl_sentinel,round_win = game_pnl > 0 (decisive only),COMPATIBILITY_ONLY_NOT_PRODUCTION,296357.1217,267511.9505,6650.6079,18220,18206,-0.02244119,-0.04150452,-0.02020951,-0.02244119,-6650.6079,296357.1217,OK,0.0000,266.0243,4.0000,96.0000,AG03-UNRESOLVED,ALL5_LEVELS_bet23_to_bet27,266.0243,266.0243,266.0243,332.5304,332.5304,4.000000,4.000000,4.000000,5.000000,5.000000,96.000000,96.000000,96.000000,95.000000,95.000000,5.0,1463.1337,1340.2688,5187.4742,5310.3391,PENDING_AG03,FALSE,NOT_FOR_ENFORCEMENT,6384.5836,256811.4724,6650.6079,6384.5836,266.0243,0.02244119,0.02154355,266.0243,6384.5836,0.02154355,266.0243,266.0243,266.0243,332.5304,332.5304,6384.5836,0.02154355,1463.1337,1340.2688,5187.4742,5310.3391,0.01750413,0.01791872,0.00089765,16.2655,14.6936,0.3653,59.3804,1.1678,2646.0457,162.5536,12.4780,16.8648,9.0895,16.5695,22.0926,29.825,33.4482,44.5976,11.8163,0.0,2.018664,2.691552,0.981654,30,240,141,4,0.10479828,0.02244119,0.04150452,0E-8,0.000000,0.902668,0.011910,-0.02129501,2026-03-22,2026-08-05,112,5695,2177,137,0.817518,0.739886,0.767145,0.349328,,,,,,,,GLOBAL_BASELINE_NO_ENTITY_RANKING,,,NOT_APPLICABLE_GLOBAL_BASELINE,HF9g-P5,,,,X 全窗基线 · 不参与实体赏罚,14195066,1420,A168_HF9F_20260827_0900,2026-08-27 09:00:00
2026-04-26,110249610,1952,0,82.3732587997,-59.6496011997,-59.6496011997,0.2000000,5,5,0.49592654000000000,0.495926540000,-1.323467641100715,-1.323467641100715,-1.323467641100715,0E-17,ELIGIBLE,R03b_20260811_FULL_v1,L1_ELIGIBILITY,v2026-08-11,2026-03-21..2026-08-06,baccarat_bet02_101_all_pairs_incl_sentinel,round_win = game_pnl > 0 (decisive only),COMPATIBILITY_ONLY_NOT_PRODUCTION,296357.1217,267511.9505,6650.6079,18220,18206,-0.02244119,-0.04150452,-0.02020951,-0.02244119,-6650.6079,296357.1217,OK,0.0000,266.0243,4.0000,96.0000,AG03-UNRESOLVED,ALL5_LEVELS_bet23_to_bet27,266.0243,266.0243,266.0243,332.5304,332.5304,4.000000,4.000000,4.000000,5.000000,5.000000,96.000000,96.000000,96.000000,95.000000,95.000000,5.0,1463.1337,1340.2688,5187.4742,5310.3391,PENDING_AG03,FALSE,NOT_FOR_ENFORCEMENT,6384.5836,256811.4724,6650.6079,6384.5836,266.0243,0.02244119,0.02154355,266.0243,6384.5836,0.02154355,266.0243,266.0243,266.0243,332.5304,332.5304,6384.5836,0.02154355,1463.1337,1340.2688,5187.4742,5310.3391,0.01750413,0.01791872,0.00089765,16.2655,14.6936,0.3653,59.3804,1.1678,2646.0457,162.5536,12.4780,16.8648,9.0895,16.5695,22.0926,29.825,33.4482,44.5976,11.8163,0.0,2.018664,2.691552,0.981654,30,240,141,4,0.10479828,0.02244119,0.04150452,0E-8,0.000000,0.902668,0.011910,-0.02129501,2026-03-22,2026-08-05,112,5695,2177,137,0.817518,0.739886,0.767145,0.349328,,,,,,,,GLOBAL_BASELINE_NO_ENTITY_RANKING,,,NOT_APPLICABLE_GLOBAL_BASELINE,HF9g-P5,,,,X 全窗基线 · 不参与实体赏罚,14195067,1420,A168_HF9F_20260827_0900,2026-08-27 09:00:00
2026-04-26,110249610,1963,0,13.6341945600,-13.6341945600,-13.6341945600,0E-7,2,2,0.49324550000000000,0.493245500000,-1.3952362676504506,-1.3952362676504506,-1.3952362676504506,0E-17,ELIGIBLE,R03b_20260811_FULL_v1,L1_ELIGIBILITY,v2026-08-11,2026-03-21..2026-08-06,baccarat_bet02_101_all_pairs_incl_sentinel,round_win = game_pnl > 0 (decisive only),COMPATIBILITY_ONLY_NOT_PRODUCTION,296357.1217,267511.9505,6650.6079,18220,18206,-0.02244119,-0.04150452,-0.02020951,-0.02244119,-6650.6079,296357.1217,OK,0.0000,266.0243,4.0000,96.0000,AG03-UNRESOLVED,ALL5_LEVELS_bet23_to_bet27,266.0243,266.0243,266.0243,332.5304,332.5304,4.000000,4.000000,4.000000,5.000000,5.000000,96.000000,96.000000,96.000000,95.000000,95.000000,5.0,1463.1337,1340.2688,5187.4742,5310.3391,PENDING_AG03,FALSE,NOT_FOR_ENFORCEMENT,6384.5836,256811.4724,6650.6079,6384.5836,266.0243,0.02244119,0.02154355,266.0243,6384.5836,0.02154355,266.0243,266.0243,266.0243,332.5304,332.5304,6384.5836,0.02154355,1463.1337,1340.2688,5187.4742,5310.3391,0.01750413,0.01791872,0.00089765,16.2655,14.6936,0.3653,59.3804,1.1678,2646.0457,162.5536,12.4780,16.8648,9.0895,16.5695,22.0926,29.825,33.4482,44.5976,11.8163,0.0,2.018664,2.691552,0.981654,30,240,141,4,0.10479828,0.02244119,0.04150452,0E-8,0.000000,0.902668,0.011910,-0.02129501,2026-03-22,2026-08-05,112,5695,2177,137,0.817518,0.739886,0.767145,0.349328,,,,,,,,GLOBAL_BASELINE_NO_ENTITY_RANKING,,,NOT_APPLICABLE_GLOBAL_BASELINE,HF9g-P5,,,,X 全窗基线 · 不参与实体赏罚,14195068,1420,A168_HF9F_20260827_0900,2026-08-27 09:00:00
2026-04-26,110249610,1966,0,22.7236576000,-22.7236576000,-22.7236576000,0E-7,3,3,0.50218230000000000,0.502182300000,-1.7396270863184011,-1.7396270863184016,-1.7396270863184011,0E-17,ELIGIBLE,R03b_20260811_FULL_v1,L1_ELIGIBILITY,v2026-08-11,2026-03-21..2026-08-06,baccarat_bet02_101_all_pairs_incl_sentinel,round_win = game_pnl > 0 (decisive only),COMPATIBILITY_ONLY_NOT_PRODUCTION,296357.1217,267511.9505,6650.6079,18220,18206,-0.02244119,-0.04150452,-0.02020951,-0.02244119,-6650.6079,296357.1217,OK,0.0000,266.0243,4.0000,96.0000,AG03-UNRESOLVED,ALL5_LEVELS_bet23_to_bet27,266.0243,266.0243,266.0243,332.5304,332.5304,4.000000,4.000000,4.000000,5.000000,5.000000,96.000000,96.000000,96.000000,95.000000,95.000000,5.0,1463.1337,1340.2688,5187.4742,5310.3391,PENDING_AG03,FALSE,NOT_FOR_ENFORCEMENT,6384.5836,256811.4724,6650.6079,6384.5836,266.0243,0.02244119,0.02154355,266.0243,6384.5836,0.02154355,266.0243,266.0243,266.0243,332.5304,332.5304,6384.5836,0.02154355,1463.1337,1340.2688,5187.4742,5310.3391,0.01750413,0.01791872,0.00089765,16.2655,14.6936,0.3653,59.3804,1.1678,2646.0457,162.5536,12.4780,16.8648,9.0895,16.5695,22.0926,29.825,33.4482,44.5976,11.8163,0.0,2.018664,2.691552,0.981654,30,240,141,4,0.10479828,0.02244119,0.04150452,0E-8,0.000000,0.902668,0.011910,-0.02129501,2026-03-22,2026-08-05,112,5695,2177,137,0.817518,0.739886,0.767145,0.349328,,,,,,,,GLOBAL_BASELINE_NO_ENTITY_RANKING,,,NOT_APPLICABLE_GLOBAL_BASELINE,HF9g-P5,,,,X 全窗基线 · 不参与实体赏罚,14195069,1420,A168_HF9F_20260827_0900,2026-08-27 09:00:00
2026-04-26,110249610,1985,0,104.5288249597,-24.8824050718,-24.8824050718,0.5000000,9,9,0.50218230000000000,0.502182300000,-0.01234507061437774,-0.01234507061437774,-0.01234507061437774,0E-17,ELIGIBLE,R03b_20260811_FULL_v1,L1_ELIGIBILITY,v2026-08-11,2026-03-21..2026-08-06,baccarat_bet02_101_all_pairs_incl_sentinel,round_win = game_pnl > 0 (decisive only),COMPATIBILITY_ONLY_NOT_PRODUCTION,296357.1217,267511.9505,6650.6079,18220,18206,-0.02244119,-0.04150452,-0.02020951,-0.02244119,-6650.6079,296357.1217,OK,0.0000,266.0243,4.0000,96.0000,AG03-UNRESOLVED,ALL5_LEVELS_bet23_to_bet27,266.0243,266.0243,266.0243,332.5304,332.5304,4.000000,4.000000,4.000000,5.000000,5.000000,96.000000,96.000000,96.000000,95.000000,95.000000,5.0,1463.1337,1340.2688,5187.4742,5310.3391,PENDING_AG03,FALSE,NOT_FOR_ENFORCEMENT,6384.5836,256811.4724,6650.6079,6384.5836,266.0243,0.02244119,0.02154355,266.0243,6384.5836,0.02154355,266.0243,266.0243,266.0243,332.5304,332.5304,6384.5836,0.02154355,1463.1337,1340.2688,5187.4742,5310.3391,0.01750413,0.01791872,0.00089765,16.2655,14.6936,0.3653,59.3804,1.1678,2646.0457,162.5536,12.4780,16.8648,9.0895,16.5695,22.0926,29.825,33.4482,44.5976,11.8163,0.0,2.018664,2.691552,0.981654,30,240,141,4,0.10479828,0.02244119,0.04150452,0E-8,0.000000,0.902668,0.011910,-0.02129501,2026-03-22,2026-08-05,112,5695,2177,137,0.817518,0.739886,0.767145,0.349328,,,,,,,,GLOBAL_BASELINE_NO_ENTITY_RANKING,,,NOT_APPLICABLE_GLOBAL_BASELINE,HF9g-P5,,,,X 全窗基线 · 不参与实体赏罚,14195070,1420,A168_HF9F_20260827_0900,2026-08-27 09:00:00
2026-04-26,110249610,1991,0,18.1789260800,1.9315108960,1.9315108960,0.5000000,3,3,0.50665070000000000,0.506650700000,-0.018812684590367487,-0.018812684590367487,-0.018812684590367487,0E-17,ELIGIBLE,R03b_20260811_FULL_v1,L1_ELIGIBILITY,v2026-08-11,2026-03-21..2026-08-06,baccarat_bet02_101_all_pairs_incl_sentinel,round_win = game_pnl > 0 (decisive only),COMPATIBILITY_ONLY_NOT_PRODUCTION,296357.1217,267511.9505,6650.6079,18220,18206,-0.02244119,-0.04150452,-0.02020951,-0.02244119,-6650.6079,296357.1217,OK,0.0000,266.0243,4.0000,96.0000,AG03-UNRESOLVED,ALL5_LEVELS_bet23_to_bet27,266.0243,266.0243,266.0243,332.5304,332.5304,4.000000,4.000000,4.000000,5.000000,5.000000,96.000000,96.000000,96.000000,95.000000,95.000000,5.0,1463.1337,1340.2688,5187.4742,5310.3391,PENDING_AG03,FALSE,NOT_FOR_ENFORCEMENT,6384.5836,256811.4724,6650.6079,6384.5836,266.0243,0.02244119,0.02154355,266.0243,6384.5836,0.02154355,266.0243,266.0243,266.0243,332.5304,332.5304,6384.5836,0.02154355,1463.1337,1340.2688,5187.4742,5310.3391,0.01750413,0.01791872,0.00089765,16.2655,14.6936,0.3653,59.3804,1.1678,2646.0457,162.5536,12.4780,16.8648,9.0895,16.5695,22.0926,29.825,33.4482,44.5976,11.8163,0.0,2.018664,2.691552,0.981654,30,240,141,4,0.10479828,0.02244119,0.04150452,0E-8,0.000000,0.902668,0.011910,-0.02129501,2026-03-22,2026-08-05,112,5695,2177,137,0.817518,0.739886,0.767145,0.349328,,,,,,,,GLOBAL_BASELINE_NO_ENTITY_RANKING,,,NOT_APPLICABLE_GLOBAL_BASELINE,HF9g-P5,,,,X 全窗基线 · 不参与实体赏罚,14195071,1420,A168_HF9F_20260827_0900,2026-08-27 09:00:00
2026-04-26,110249610,1994,0,196.3324016633,-45.3336969117,-45.3336969117,0.4000000,15,15,0.50218230000000000,0.502182300000,-0.7915082314005457,-0.7915082314005457,-0.7915082314005457,0E-17,ELIGIBLE,R03b_20260811_FULL_v1,L1_ELIGIBILITY,v2026-08-11,2026-03-21..2026-08-06,baccarat_bet02_101_all_pairs_incl_sentinel,round_win = game_pnl > 0 (decisive only),COMPATIBILITY_ONLY_NOT_PRODUCTION,296357.1217,267511.9505,6650.6079,18220,18206,-0.02244119,-0.04150452,-0.02020951,-0.02244119,-6650.6079,296357.1217,OK,0.0000,266.0243,4.0000,96.0000,AG03-UNRESOLVED,ALL5_LEVELS_bet23_to_bet27,266.0243,266.0243,266.0243,332.5304,332.5304,4.000000,4.000000,4.000000,5.000000,5.000000,96.000000,96.000000,96.000000,95.000000,95.000000,5.0,1463.1337,1340.2688,5187.4742,5310.3391,PENDING_AG03,FALSE,NOT_FOR_ENFORCEMENT,6384.5836,256811.4724,6650.6079,6384.5836,266.0243,0.02244119,0.02154355,266.0243,6384.5836,0.02154355,266.0243,266.0243,266.0243,332.5304,332.5304,6384.5836,0.02154355,1463.1337,1340.2688,5187.4742,5310.3391,0.01750413,0.01791872,0.00089765,16.2655,14.6936,0.3653,59.3804,1.1678,2646.0457,162.5536,12.4780,16.8648,9.0895,16.5695,22.0926,29.825,33.4482,44.5976,11.8163,0.0,2.018664,2.691552,0.981654,30,240,141,4,0.10479828,0.02244119,0.04150452,0E-8,0.000000,0.902668,0.011910,-0.02129501,2026-03-22,2026-08-05,112,5695,2177,137,0.817518,0.739886,0.767145,0.349328,,,,,,,,GLOBAL_BASELINE_NO_ENTITY_RANKING,,,NOT_APPLICABLE_GLOBAL_BASELINE,HF9g-P5,,,,X 全窗基线 · 不参与实体赏罚,14195072,1420,A168_HF9F_20260827_0900,2026-08-27 09:00:00
2026-04-26,110249610,2059,0,50.4465198720,-2.7268389120,-2.7268389120,0.5000000,7,7,0.49324550000000000,0.493245500000,0.027020465636507562,0.027020465636507562,0.027020465636507562,0E-17,ELIGIBLE,R03b_20260811_FULL_v1,L1_ELIGIBILITY,v2026-08-11,2026-03-21..2026-08-06,baccarat_bet02_101_all_pairs_incl_sentinel,round_win = game_pnl > 0 (decisive only),COMPATIBILITY_ONLY_NOT_PRODUCTION,296357.1217,267511.9505,6650.6079,18220,18206,-0.02244119,-0.04150452,-0.02020951,-0.02244119,-6650.6079,296357.1217,OK,0.0000,266.0243,4.0000,96.0000,AG03-UNRESOLVED,ALL5_LEVELS_bet23_to_bet27,266.0243,266.0243,266.0243,332.5304,332.5304,4.000000,4.000000,4.000000,5.000000,5.000000,96.000000,96.000000,96.000000,95.000000,95.000000,5.0,1463.1337,1340.2688,5187.4742,5310.3391,PENDING_AG03,FALSE,NOT_FOR_ENFORCEMENT,6384.5836,256811.4724,6650.6079,6384.5836,266.0243,0.02244119,0.02154355,266.0243,6384.5836,0.02154355,266.0243,266.0243,266.0243,332.5304,332.5304,6384.5836,0.02154355,1463.1337,1340.2688,5187.4742,5310.3391,0.01750413,0.01791872,0.00089765,16.2655,14.6936,0.3653,59.3804,1.1678,2646.0457,162.5536,12.4780,16.8648,9.0895,16.5695,22.0926,29.825,33.4482,44.5976,11.8163,0.0,2.018664,2.691552,0.981654,30,240,141,4,0.10479828,0.02244119,0.04150452,0E-8,0.000000,0.902668,0.011910,-0.02129501,2026-03-22,2026-08-05,112,5695,2177,137,0.817518,0.739886,0.767145,0.349328,,,,,,,,GLOBAL_BASELINE_NO_ENTITY_RANKING,,,NOT_APPLICABLE_GLOBAL_BASELINE,HF9g-P5,,,,X 全窗基线 · 不参与实体赏罚,14195073,1420,A168_HF9F_20260827_0900,2026-08-27 09:00:00
2026-04-26,110249610,2072,0,22.1555661600,-1.1077783080,-1.1077783080,0.6000000,5,5,0.50396966000000000,0.503969660000,0.4294742719815242,0.4294742719815242,0.4294742719815242,0E-17,ELIGIBLE,R03b_20260811_FULL_v1,L1_ELIGIBILITY,v2026-08-11,2026-03-21..2026-08-06,baccarat_bet02_101_all_pairs_incl_sentinel,round_win = game_pnl > 0 (decisive only),COMPATIBILITY_ONLY_NOT_PRODUCTION,296357.1217,267511.9505,6650.6079,18220,18206,-0.02244119,-0.04150452,-0.02020951,-0.02244119,-6650.6079,296357.1217,OK,0.0000,266.0243,4.0000,96.0000,AG03-UNRESOLVED,ALL5_LEVELS_bet23_to_bet27,266.0243,266.0243,266.0243,332.5304,332.5304,4.000000,4.000000,4.000000,5.000000,5.000000,96.000000,96.000000,96.000000,95.000000,95.000000,5.0,1463.1337,1340.2688,5187.4742,5310.3391,PENDING_AG03,FALSE,NOT_FOR_ENFORCEMENT,6384.5836,256811.4724,6650.6079,6384.5836,266.0243,0.02244119,0.02154355,266.0243,6384.5836,0.02154355,266.0243,266.0243,266.0243,332.5304,332.5304,6384.5836,0.02154355,1463.1337,1340.2688,5187.4742,5310.3391,0.01750413,0.01791872,0.00089765,16.2655,14.6936,0.3653,59.3804,1.1678,2646.0457,162.5536,12.4780,16.8648,9.0895,16.5695,22.0926,29.825,33.4482,44.5976,11.8163,0.0,2.018664,2.691552,0.981654,30,240,141,4,0.10479828,0.02244119,0.04150452,0E-8,0.000000,0.902668,0.011910,-0.02129501,2026-03-22,2026-08-05,112,5695,2177,137,0.817518,0.739886,0.767145,0.349328,,,,,,,,GLOBAL_BASELINE_NO_ENTITY_RANKING,,,NOT_APPLICABLE_GLOBAL_BASELINE,HF9g-P5,,,,X 全窗基线 · 不参与实体赏罚,14195074,1420,A168_HF9F_20260827_0900,2026-08-27 09:00:00
2026-04-26,110249610,2090,0,119.2992023994,-86.0658531596,-86.0658531596,0.1666667,6,6,0.50218230000000000,0.502182300000,-1.6436998608832374,-1.6436998608832374,-1.6436998608832374,0E-17,ELIGIBLE,R03b_20260811_FULL_v1,L1_ELIGIBILITY,v2026-08-11,2026-03-21..2026-08-06,baccarat_bet02_101_all_pairs_incl_sentinel,round_win = game_pnl > 0 (decisive only),COMPATIBILITY_ONLY_NOT_PRODUCTION,296357.1217,267511.9505,6650.6079,18220,18206,-0.02244119,-0.04150452,-0.02020951,-0.02244119,-6650.6079,296357.1217,OK,0.0000,266.0243,4.0000,96.0000,AG03-UNRESOLVED,ALL5_LEVELS_bet23_to_bet27,266.0243,266.0243,266.0243,332.5304,332.5304,4.000000,4.000000,4.000000,5.000000,5.000000,96.000000,96.000000,96.000000,95.000000,95.000000,5.0,1463.1337,1340.2688,5187.4742,5310.3391,PENDING_AG03,FALSE,NOT_FOR_ENFORCEMENT,6384.5836,256811.4724,6650.6079,6384.5836,266.0243,0.02244119,0.02154355,266.0243,6384.5836,0.02154355,266.0243,266.0243,266.0243,332.5304,332.5304,6384.5836,0.02154355,1463.1337,1340.2688,5187.4742,5310.3391,0.01750413,0.01791872,0.00089765,16.2655,14.6936,0.3653,59.3804,1.1678,2646.0457,162.5536,12.4780,16.8648,9.0895,16.5695,22.0926,29.825,33.4482,44.5976,11.8163,0.0,2.018664,2.691552,0.981654,30,240,141,4,0.10479828,0.02244119,0.04150452,0E-8,0.000000,0.902668,0.011910,-0.02129501,2026-03-22,2026-08-05,112,5695,2177,137,0.817518,0.739886,0.767145,0.349328,,,,,,,,GLOBAL_BASELINE_NO_ENTITY_RANKING,,,NOT_APPLICABLE_GLOBAL_BASELINE,HF9g-P5,,,,X 全窗基线 · 不参与实体赏罚,14195075,1420,A168_HF9F_20260827_0900,2026-08-27 09:00:00
2026-04-26,110249610,2100,0,261.8901538390,10.6233099279,10.6233099279,0.5384615,14,14,0.49899058571428571,0.498990585714,0.284629668071992,0.2846296680740526,0.284629668071992,2.8571E-13,ELIGIBLE,R03b_20260811_FULL_v1,L1_ELIGIBILITY,v2026-08-11,2026-03-21..2026-08-06,baccarat_bet02_101_all_pairs_incl_sentinel,round_win = game_pnl > 0 (decisive only),COMPATIBILITY_ONLY_NOT_PRODUCTION,296357.1217,267511.9505,6650.6079,18220,18206,-0.02244119,-0.04150452,-0.02020951,-0.02244119,-6650.6079,296357.1217,OK,0.0000,266.0243,4.0000,96.0000,AG03-UNRESOLVED,ALL5_LEVELS_bet23_to_bet27,266.0243,266.0243,266.0243,332.5304,332.5304,4.000000,4.000000,4.000000,5.000000,5.000000,96.000000,96.000000,96.000000,95.000000,95.000000,5.0,1463.1337,1340.2688,5187.4742,5310.3391,PENDING_AG03,FALSE,NOT_FOR_ENFORCEMENT,6384.5836,256811.4724,6650.6079,6384.5836,266.0243,0.02244119,0.02154355,266.0243,6384.5836,0.02154355,266.0243,266.0243,266.0243,332.5304,332.5304,6384.5836,0.02154355,1463.1337,1340.2688,5187.4742,5310.3391,0.01750413,0.01791872,0.00089765,16.2655,14.6936,0.3653,59.3804,1.1678,2646.0457,162.5536,12.4780,16.8648,9.0895,16.5695,22.0926,29.825,33.4482,44.5976,11.8163,0.0,2.018664,2.691552,0.981654,30,240,141,4,0.10479828,0.02244119,0.04150452,0E-8,0.000000,0.902668,0.011910,-0.02129501,2026-03-22,2026-08-05,112,5695,2177,137,0.817518,0.739886,0.767145,0.349328,,,,,,,,GLOBAL_BASELINE_NO_ENTITY_RANKING,,,NOT_APPLICABLE_GLOBAL_BASELINE,HF9g-P5,,,,X 全窗基线 · 不参与实体赏罚,14195076,1420,A168_HF9F_20260827_0900,2026-08-27 09:00:00
2026-04-26,110249610,2101,0,543.3226532143,17.7528575002,17.7528575002,0.6363636,35,35,0.50435266571428571,0.504352665714,1.5167480546435175,1.5167480546467926,1.5167480546435175,2.8571E-13,ELIGIBLE,R03b_20260811_FULL_v1,L1_ELIGIBILITY,v2026-08-11,2026-03-21..2026-08-06,baccarat_bet02_101_all_pairs_incl_sentinel,round_win = game_pnl > 0 (decisive only),COMPATIBILITY_ONLY_NOT_PRODUCTION,296357.1217,267511.9505,6650.6079,18220,18206,-0.02244119,-0.04150452,-0.02020951,-0.02244119,-6650.6079,296357.1217,OK,0.0000,266.0243,4.0000,96.0000,AG03-UNRESOLVED,ALL5_LEVELS_bet23_to_bet27,266.0243,266.0243,266.0243,332.5304,332.5304,4.000000,4.000000,4.000000,5.000000,5.000000,96.000000,96.000000,96.000000,95.000000,95.000000,5.0,1463.1337,1340.2688,5187.4742,5310.3391,PENDING_AG03,FALSE,NOT_FOR_ENFORCEMENT,6384.5836,256811.4724,6650.6079,6384.5836,266.0243,0.02244119,0.02154355,266.0243,6384.5836,0.02154355,266.0243,266.0243,266.0243,332.5304,332.5304,6384.5836,0.02154355,1463.1337,1340.2688,5187.4742,5310.3391,0.01750413,0.01791872,0.00089765,16.2655,14.6936,0.3653,59.3804,1.1678,2646.0457,162.5536,12.4780,16.8648,9.0895,16.5695,22.0926,29.825,33.4482,44.5976,11.8163,0.0,2.018664,2.691552,0.981654,30,240,141,4,0.10479828,0.02244119,0.04150452,0E-8,0.000000,0.902668,0.011910,-0.02129501,2026-03-22,2026-08-05,112,5695,2177,137,0.817518,0.739886,0.767145,0.349328,,,,,,,,GLOBAL_BASELINE_NO_ENTITY_RANKING,,,NOT_APPLICABLE_GLOBAL_BASELINE,HF9g-P5,,,,X 全窗基线 · 不参与实体赏罚,14195077,1420,A168_HF9F_20260827_0900,2026-08-27 09:00:00
2026-04-26,110249610,2127,0,265.8667939190,91.1786761197,91.1786761197,0.7000000,11,11,0.50055742727272727,0.500557427273,1.2613863683331403,1.2613863683314164,1.2613863683331403,-2.7273E-13,ELIGIBLE,R03b_20260811_FULL_v1,L1_ELIGIBILITY,v2026-08-11,2026-03-21..2026-08-06,baccarat_bet02_101_all_pairs_incl_sentinel,round_win = game_pnl > 0 (decisive only),COMPATIBILITY_ONLY_NOT_PRODUCTION,296357.1217,267511.9505,6650.6079,18220,18206,-0.02244119,-0.04150452,-0.02020951,-0.02244119,-6650.6079,296357.1217,OK,0.0000,266.0243,4.0000,96.0000,AG03-UNRESOLVED,ALL5_LEVELS_bet23_to_bet27,266.0243,266.0243,266.0243,332.5304,332.5304,4.000000,4.000000,4.000000,5.000000,5.000000,96.000000,96.000000,96.000000,95.000000,95.000000,5.0,1463.1337,1340.2688,5187.4742,5310.3391,PENDING_AG03,FALSE,NOT_FOR_ENFORCEMENT,6384.5836,256811.4724,6650.6079,6384.5836,266.0243,0.02244119,0.02154355,266.0243,6384.5836,0.02154355,266.0243,266.0243,266.0243,332.5304,332.5304,6384.5836,0.02154355,1463.1337,1340.2688,5187.4742,5310.3391,0.01750413,0.01791872,0.00089765,16.2655,14.6936,0.3653,59.3804,1.1678,2646.0457,162.5536,12.4780,16.8648,9.0895,16.5695,22.0926,29.825,33.4482,44.5976,11.8163,0.0,2.018664,2.691552,0.981654,30,240,141,4,0.10479828,0.02244119,0.04150452,0E-8,0.000000,0.902668,0.011910,-0.02129501,2026-03-22,2026-08-05,112,5695,2177,137,0.817518,0.739886,0.767145,0.349328,,,,,,,,GLOBAL_BASELINE_NO_ENTITY_RANKING,,,NOT_APPLICABLE_GLOBAL_BASELINE,HF9g-P5,,,,X 全窗基线 · 不参与实体赏罚,14195078,1420,A168_HF9F_20260827_0900,2026-08-27 09:00:00
2026-04-26,110249610,2129,0,20.3376735520,-2.6132206240,-2.6132206240,0.5000000,4,4,0.50665070000000000,0.506650700000,-0.02660515369234503,-0.02660515369234503,-0.02660515369234503,0E-17,ELIGIBLE,R03b_20260811_FULL_v1,L1_ELIGIBILITY,v2026-08-11,2026-03-21..2026-08-06,baccarat_bet02_101_all_pairs_incl_sentinel,round_win = game_pnl > 0 (decisive only),COMPATIBILITY_ONLY_NOT_PRODUCTION,296357.1217,267511.9505,6650.6079,18220,18206,-0.02244119,-0.04150452,-0.02020951,-0.02244119,-6650.6079,296357.1217,OK,0.0000,266.0243,4.0000,96.0000,AG03-UNRESOLVED,ALL5_LEVELS_bet23_to_bet27,266.0243,266.0243,266.0243,332.5304,332.5304,4.000000,4.000000,4.000000,5.000000,5.000000,96.000000,96.000000,96.000000,95.000000,95.000000,5.0,1463.1337,1340.2688,5187.4742,5310.3391,PENDING_AG03,FALSE,NOT_FOR_ENFORCEMENT,6384.5836,256811.4724,6650.6079,6384.5836,266.0243,0.02244119,0.02154355,266.0243,6384.5836,0.02154355,266.0243,266.0243,266.0243,332.5304,332.5304,6384.5836,0.02154355,1463.1337,1340.2688,5187.4742,5310.3391,0.01750413,0.01791872,0.00089765,16.2655,14.6936,0.3653,59.3804,1.1678,2646.0457,162.5536,12.4780,16.8648,9.0895,16.5695,22.0926,29.825,33.4482,44.5976,11.8163,0.0,2.018664,2.691552,0.981654,30,240,141,4,0.10479828,0.02244119,0.04150452,0E-8,0.000000,0.902668,0.011910,-0.02129501,2026-03-22,2026-08-05,112,5695,2177,137,0.817518,0.739886,0.767145,0.349328,,,,,,,,GLOBAL_BASELINE_NO_ENTITY_RANKING,,,NOT_APPLICABLE_GLOBAL_BASELINE,HF9g-P5,,,,X 全窗基线 · 不参与实体赏罚,14195079,1420,A168_HF9F_20260827_0900,2026-08-27 09:00:00
2026-04-26,110249610,2147,0,13.6341945600,-0.3408548640,-0.3408548640,0.6666667,3,3,0.50665070000000000,0.506650700000,0.5543606114942035,0.5543606114942035,0.5543606114942035,0E-17,ELIGIBLE,R03b_20260811_FULL_v1,L1_ELIGIBILITY,v2026-08-11,2026-03-21..2026-08-06,baccarat_bet02_101_all_pairs_incl_sentinel,round_win = game_pnl > 0 (decisive only),COMPATIBILITY_ONLY_NOT_PRODUCTION,296357.1217,267511.9505,6650.6079,18220,18206,-0.02244119,-0.04150452,-0.02020951,-0.02244119,-6650.6079,296357.1217,OK,0.0000,266.0243,4.0000,96.0000,AG03-UNRESOLVED,ALL5_LEVELS_bet23_to_bet27,266.0243,266.0243,266.0243,332.5304,332.5304,4.000000,4.000000,4.000000,5.000000,5.000000,96.000000,96.000000,96.000000,95.000000,95.000000,5.0,1463.1337,1340.2688,5187.4742,5310.3391,PENDING_AG03,FALSE,NOT_FOR_ENFORCEMENT,6384.5836,256811.4724,6650.6079,6384.5836,266.0243,0.02244119,0.02154355,266.0243,6384.5836,0.02154355,266.0243,266.0243,266.0243,332.5304,332.5304,6384.5836,0.02154355,1463.1337,1340.2688,5187.4742,5310.3391,0.01750413,0.01791872,0.00089765,16.2655,14.6936,0.3653,59.3804,1.1678,2646.0457,162.5536,12.4780,16.8648,9.0895,16.5695,22.0926,29.825,33.4482,44.5976,11.8163,0.0,2.018664,2.691552,0.981654,30,240,141,4,0.10479828,0.02244119,0.04150452,0E-8,0.000000,0.902668,0.011910,-0.02129501,2026-03-22,2026-08-05,112,5695,2177,137,0.817518,0.739886,0.767145,0.349328,,,,,,,,GLOBAL_BASELINE_NO_ENTITY_RANKING,,,NOT_APPLICABLE_GLOBAL_BASELINE,HF9g-P5,,,,X 全窗基线 · 不参与实体赏罚,14195080,1420,A168_HF9F_20260827_0900,2026-08-27 09:00:00
2026-04-26,110249610,2152,0,6.8170972800,-6.8170972800,-6.8170972800,0E-7,3,3,0.50218230000000000,0.502182300000,-1.7396270863184011,-1.7396270863184016,-1.7396270863184011,0E-17,ELIGIBLE,R03b_20260811_FULL_v1,L1_ELIGIBILITY,v2026-08-11,2026-03-21..2026-08-06,baccarat_bet02_101_all_pairs_incl_sentinel,round_win = game_pnl > 0 (decisive only),COMPATIBILITY_ONLY_NOT_PRODUCTION,296357.1217,267511.9505,6650.6079,18220,18206,-0.02244119,-0.04150452,-0.02020951,-0.02244119,-6650.6079,296357.1217,OK,0.0000,266.0243,4.0000,96.0000,AG03-UNRESOLVED,ALL5_LEVELS_bet23_to_bet27,266.0243,266.0243,266.0243,332.5304,332.5304,4.000000,4.000000,4.000000,5.000000,5.000000,96.000000,96.000000,96.000000,95.000000,95.000000,5.0,1463.1337,1340.2688,5187.4742,5310.3391,PENDING_AG03,FALSE,NOT_FOR_ENFORCEMENT,6384.5836,256811.4724,6650.6079,6384.5836,266.0243,0.02244119,0.02154355,266.0243,6384.5836,0.02154355,266.0243,266.0243,266.0243,332.5304,332.5304,6384.5836,0.02154355,1463.1337,1340.2688,5187.4742,5310.3391,0.01750413,0.01791872,0.00089765,16.2655,14.6936,0.3653,59.3804,1.1678,2646.0457,162.5536,12.4780,16.8648,9.0895,16.5695,22.0926,29.825,33.4482,44.5976,11.8163,0.0,2.018664,2.691552,0.981654,30,240,141,4,0.10479828,0.02244119,0.04150452,0E-8,0.000000,0.902668,0.011910,-0.02129501,2026-03-22,2026-08-05,112,5695,2177,137,0.817518,0.739886,0.767145,0.349328,,,,,,,,GLOBAL_BASELINE_NO_ENTITY_RANKING,,,NOT_APPLICABLE_GLOBAL_BASELINE,HF9g-P5,,,,X 全窗基线 · 不参与实体赏罚,14195081,1420,A168_HF9F_20260827_0900,2026-08-27 09:00:00
2026-04-26,110249610,2155,0,6.8170972800,-6.8170972800,-6.8170972800,0E-7,1,1,0.50665070000000000,0.506650700000,-1.013391052207602,-1.013391052207602,-1.013391052207602,0E-17,ELIGIBLE,R03b_20260811_FULL_v1,L1_ELIGIBILITY,v2026-08-11,2026-03-21..2026-08-06,baccarat_bet02_101_all_pairs_incl_sentinel,round_win = game_pnl > 0 (decisive only),COMPATIBILITY_ONLY_NOT_PRODUCTION,296357.1217,267511.9505,6650.6079,18220,18206,-0.02244119,-0.04150452,-0.02020951,-0.02244119,-6650.6079,296357.1217,OK,0.0000,266.0243,4.0000,96.0000,AG03-UNRESOLVED,ALL5_LEVELS_bet23_to_bet27,266.0243,266.0243,266.0243,332.5304,332.5304,4.000000,4.000000,4.000000,5.000000,5.000000,96.000000,96.000000,96.000000,95.000000,95.000000,5.0,1463.1337,1340.2688,5187.4742,5310.3391,PENDING_AG03,FALSE,NOT_FOR_ENFORCEMENT,6384.5836,256811.4724,6650.6079,6384.5836,266.0243,0.02244119,0.02154355,266.0243,6384.5836,0.02154355,266.0243,266.0243,266.0243,332.5304,332.5304,6384.5836,0.02154355,1463.1337,1340.2688,5187.4742,5310.3391,0.01750413,0.01791872,0.00089765,16.2655,14.6936,0.3653,59.3804,1.1678,2646.0457,162.5536,12.4780,16.8648,9.0895,16.5695,22.0926,29.825,33.4482,44.5976,11.8163,0.0,2.018664,2.691552,0.981654,30,240,141,4,0.10479828,0.02244119,0.04150452,0E-8,0.000000,0.902668,0.011910,-0.02129501,2026-03-22,2026-08-05,112,5695,2177,137,0.817518,0.739886,0.767145,0.349328,,,,,,,,GLOBAL_BASELINE_NO_ENTITY_RANKING,,,NOT_APPLICABLE_GLOBAL_BASELINE,HF9g-P5,,,,X 全窗基线 · 不参与实体赏罚,14195082,1420,A168_HF9F_20260827_0900,2026-08-27 09:00:00
2026-04-26,110249610,2156,0,4.5447315200,-4.5447315200,-4.5447315200,0E-7,1,1,0.49324550000000000,0.493245500000,-0.9865810262130424,-0.9865810262130424,-0.9865810262130424,0E-17,ELIGIBLE,R03b_20260811_FULL_v1,L1_ELIGIBILITY,v2026-08-11,2026-03-21..2026-08-06,baccarat_bet02_101_all_pairs_incl_sentinel,round_win = game_pnl > 0 (decisive only),COMPATIBILITY_ONLY_NOT_PRODUCTION,296357.1217,267511.9505,6650.6079,18220,18206,-0.02244119,-0.04150452,-0.02020951,-0.02244119,-6650.6079,296357.1217,OK,0.0000,266.0243,4.0000,96.0000,AG03-UNRESOLVED,ALL5_LEVELS_bet23_to_bet27,266.0243,266.0243,266.0243,332.5304,332.5304,4.000000,4.000000,4.000000,5.000000,5.000000,96.000000,96.000000,96.000000,95.000000,95.000000,5.0,1463.1337,1340.2688,5187.4742,5310.3391,PENDING_AG03,FALSE,NOT_FOR_ENFORCEMENT,6384.5836,256811.4724,6650.6079,6384.5836,266.0243,0.02244119,0.02154355,266.0243,6384.5836,0.02154355,266.0243,266.0243,266.0243,332.5304,332.5304,6384.5836,0.02154355,1463.1337,1340.2688,5187.4742,5310.3391,0.01750413,0.01791872,0.00089765,16.2655,14.6936,0.3653,59.3804,1.1678,2646.0457,162.5536,12.4780,16.8648,9.0895,16.5695,22.0926,29.825,33.4482,44.5976,11.8163,0.0,2.018664,2.691552,0.981654,30,240,141,4,0.10479828,0.02244119,0.04150452,0E-8,0.000000,0.902668,0.011910,-0.02129501,2026-03-22,2026-08-05,112,5695,2177,137,0.817518,0.739886,0.767145,0.349328,,,,,,,,GLOBAL_BASELINE_NO_ENTITY_RANKING,,,NOT_APPLICABLE_GLOBAL_BASELINE,HF9g-P5,,,,X 全窗基线 · 不参与实体赏罚,14195083,1420,A168_HF9F_20260827_0900,2026-08-27 09:00:00
2026-04-26,110249610,2160,0,65.8986070398,-7.2147612880,-7.2147612880,0.3333333,6,6,0.50218230000000000,0.502182300000,-0.8271955028234007,-0.8271955028234007,-0.8271955028234007,0E-17,ELIGIBLE,R03b_20260811_FULL_v1,L1_ELIGIBILITY,v2026-08-11,2026-03-21..2026-08-06,baccarat_bet02_101_all_pairs_incl_sentinel,round_win = game_pnl > 0 (decisive only),COMPATIBILITY_ONLY_NOT_PRODUCTION,296357.1217,267511.9505,6650.6079,18220,18206,-0.02244119,-0.04150452,-0.02020951,-0.02244119,-6650.6079,296357.1217,OK,0.0000,266.0243,4.0000,96.0000,AG03-UNRESOLVED,ALL5_LEVELS_bet23_to_bet27,266.0243,266.0243,266.0243,332.5304,332.5304,4.000000,4.000000,4.000000,5.000000,5.000000,96.000000,96.000000,96.000000,95.000000,95.000000,5.0,1463.1337,1340.2688,5187.4742,5310.3391,PENDING_AG03,FALSE,NOT_FOR_ENFORCEMENT,6384.5836,256811.4724,6650.6079,6384.5836,266.0243,0.02244119,0.02154355,266.0243,6384.5836,0.02154355,266.0243,266.0243,266.0243,332.5304,332.5304,6384.5836,0.02154355,1463.1337,1340.2688,5187.4742,5310.3391,0.01750413,0.01791872,0.00089765,16.2655,14.6936,0.3653,59.3804,1.1678,2646.0457,162.5536,12.4780,16.8648,9.0895,16.5695,22.0926,29.825,33.4482,44.5976,11.8163,0.0,2.018664,2.691552,0.981654,30,240,141,4,0.10479828,0.02244119,0.04150452,0E-8,0.000000,0.902668,0.011910,-0.02129501,2026-03-22,2026-08-05,112,5695,2177,137,0.817518,0.739886,0.767145,0.349328,,,,,,,,GLOBAL_BASELINE_NO_ENTITY_RANKING,,,NOT_APPLICABLE_GLOBAL_BASELINE,HF9g-P5,,,,X 全窗基线 · 不参与实体赏罚,14195084,1420,A168_HF9F_20260827_0900,2026-08-27 09:00:00
2026-04-26,110249610,2162,0,22.7236575999,-22.7236575999,-22.7236575999,0E-7,1,1,0.50665070000000000,0.506650700000,-1.013391052207602,-1.013391052207602,-1.013391052207602,0E-17,ELIGIBLE,R03b_20260811_FULL_v1,L1_ELIGIBILITY,v2026-08-11,2026-03-21..2026-08-06,baccarat_bet02_101_all_pairs_incl_sentinel,round_win = game_pnl > 0 (decisive only),COMPATIBILITY_ONLY_NOT_PRODUCTION,296357.1217,267511.9505,6650.6079,18220,18206,-0.02244119,-0.04150452,-0.02020951,-0.02244119,-6650.6079,296357.1217,OK,0.0000,266.0243,4.0000,96.0000,AG03-UNRESOLVED,ALL5_LEVELS_bet23_to_bet27,266.0243,266.0243,266.0243,332.5304,332.5304,4.000000,4.000000,4.000000,5.000000,5.000000,96.000000,96.000000,96.000000,95.000000,95.000000,5.0,1463.1337,1340.2688,5187.4742,5310.3391,PENDING_AG03,FALSE,NOT_FOR_ENFORCEMENT,6384.5836,256811.4724,6650.6079,6384.5836,266.0243,0.02244119,0.02154355,266.0243,6384.5836,0.02154355,266.0243,266.0243,266.0243,332.5304,332.5304,6384.5836,0.02154355,1463.1337,1340.2688,5187.4742,5310.3391,0.01750413,0.01791872,0.00089765,16.2655,14.6936,0.3653,59.3804,1.1678,2646.0457,162.5536,12.4780,16.8648,9.0895,16.5695,22.0926,29.825,33.4482,44.5976,11.8163,0.0,2.018664,2.691552,0.981654,30,240,141,4,0.10479828,0.02244119,0.04150452,0E-8,0.000000,0.902668,0.011910,-0.02129501,2026-03-22,2026-08-05,112,5695,2177,137,0.817518,0.739886,0.767145,0.349328,,,,,,,,GLOBAL_BASELINE_NO_ENTITY_RANKING,,,NOT_APPLICABLE_GLOBAL_BASELINE,HF9g-P5,,,,X 全窗基线 · 不参与实体赏罚,14195085,1420,A168_HF9F_20260827_0900,2026-08-27 09:00:00
2026-04-26,110249610,2169,0,172.1317063192,-65.6145613197,-65.6145613197,0.3333333,10,10,0.50128862000000000,0.501288620000,-1.007735066777365,-1.0077350667773652,-1.007735066777365,0E-17,ELIGIBLE,R03b_20260811_FULL_v1,L1_ELIGIBILITY,v2026-08-11,2026-03-21..2026-08-06,baccarat_bet02_101_all_pairs_incl_sentinel,round_win = game_pnl > 0 (decisive only),COMPATIBILITY_ONLY_NOT_PRODUCTION,296357.1217,267511.9505,6650.6079,18220,18206,-0.02244119,-0.04150452,-0.02020951,-0.02244119,-6650.6079,296357.1217,OK,0.0000,266.0243,4.0000,96.0000,AG03-UNRESOLVED,ALL5_LEVELS_bet23_to_bet27,266.0243,266.0243,266.0243,332.5304,332.5304,4.000000,4.000000,4.000000,5.000000,5.000000,96.000000,96.000000,96.000000,95.000000,95.000000,5.0,1463.1337,1340.2688,5187.4742,5310.3391,PENDING_AG03,FALSE,NOT_FOR_ENFORCEMENT,6384.5836,256811.4724,6650.6079,6384.5836,266.0243,0.02244119,0.02154355,266.0243,6384.5836,0.02154355,266.0243,266.0243,266.0243,332.5304,332.5304,6384.5836,0.02154355,1463.1337,1340.2688,5187.4742,5310.3391,0.01750413,0.01791872,0.00089765,16.2655,14.6936,0.3653,59.3804,1.1678,2646.0457,162.5536,12.4780,16.8648,9.0895,16.5695,22.0926,29.825,33.4482,44.5976,11.8163,0.0,2.018664,2.691552,0.981654,30,240,141,4,0.10479828,0.02244119,0.04150452,0E-8,0.000000,0.902668,0.011910,-0.02129501,2026-03-22,2026-08-05,112,5695,2177,137,0.817518,0.739886,0.767145,0.349328,,,,,,,,GLOBAL_BASELINE_NO_ENTITY_RANKING,,,NOT_APPLICABLE_GLOBAL_BASELINE,HF9g-P5,,,,X 全窗基线 · 不参与实体赏罚,14195086,1420,A168_HF9F_20260827_0900,2026-08-27 09:00:00
2026-04-26,110249610,2170,0,2.2723657600,2.1587474720,2.1587474720,1.0000000,1,1,0.50665070000000000,0.506650700000,0.9867858985152569,0.9867858985152569,0.9867858985152569,0E-17,ELIGIBLE,R03b_20260811_FULL_v1,L1_ELIGIBILITY,v2026-08-11,2026-03-21..2026-08-06,baccarat_bet02_101_all_pairs_incl_sentinel,round_win = game_pnl > 0 (decisive only),COMPATIBILITY_ONLY_NOT_PRODUCTION,296357.1217,267511.9505,6650.6079,18220,18206,-0.02244119,-0.04150452,-0.02020951,-0.02244119,-6650.6079,296357.1217,OK,0.0000,266.0243,4.0000,96.0000,AG03-UNRESOLVED,ALL5_LEVELS_bet23_to_bet27,266.0243,266.0243,266.0243,332.5304,332.5304,4.000000,4.000000,4.000000,5.000000,5.000000,96.000000,96.000000,96.000000,95.000000,95.000000,5.0,1463.1337,1340.2688,5187.4742,5310.3391,PENDING_AG03,FALSE,NOT_FOR_ENFORCEMENT,6384.5836,256811.4724,6650.6079,6384.5836,266.0243,0.02244119,0.02154355,266.0243,6384.5836,0.02154355,266.0243,266.0243,266.0243,332.5304,332.5304,6384.5836,0.02154355,1463.1337,1340.2688,5187.4742,5310.3391,0.01750413,0.01791872,0.00089765,16.2655,14.6936,0.3653,59.3804,1.1678,2646.0457,162.5536,12.4780,16.8648,9.0895,16.5695,22.0926,29.825,33.4482,44.5976,11.8163,0.0,2.018664,2.691552,0.981654,30,240,141,4,0.10479828,0.02244119,0.04150452,0E-8,0.000000,0.902668,0.011910,-0.02129501,2026-03-22,2026-08-05,112,5695,2177,137,0.817518,0.739886,0.767145,0.349328,,,,,,,,GLOBAL_BASELINE_NO_ENTITY_RANKING,,,NOT_APPLICABLE_GLOBAL_BASELINE,HF9g-P5,,,,X 全窗基线 · 不参与实体赏罚,14195087,1420,A168_HF9F_20260827_0900,2026-08-27 09:00:00
2026-04-26,110249610,2174,0,359.0337900788,72.8861317516,72.8861317516,0.6111111,20,20,0.50463992000000000,0.504639920000,0.9034769173174576,0.9034769173174576,0.9034769173174576,0E-17,ELIGIBLE,R03b_20260811_FULL_v1,L1_ELIGIBILITY,v2026-08-11,2026-03-21..2026-08-06,baccarat_bet02_101_all_pairs_incl_sentinel,round_win = game_pnl > 0 (decisive only),COMPATIBILITY_ONLY_NOT_PRODUCTION,296357.1217,267511.9505,6650.6079,18220,18206,-0.02244119,-0.04150452,-0.02020951,-0.02244119,-6650.6079,296357.1217,OK,0.0000,266.0243,4.0000,96.0000,AG03-UNRESOLVED,ALL5_LEVELS_bet23_to_bet27,266.0243,266.0243,266.0243,332.5304,332.5304,4.000000,4.000000,4.000000,5.000000,5.000000,96.000000,96.000000,96.000000,95.000000,95.000000,5.0,1463.1337,1340.2688,5187.4742,5310.3391,PENDING_AG03,FALSE,NOT_FOR_ENFORCEMENT,6384.5836,256811.4724,6650.6079,6384.5836,266.0243,0.02244119,0.02154355,266.0243,6384.5836,0.02154355,266.0243,266.0243,266.0243,332.5304,332.5304,6384.5836,0.02154355,1463.1337,1340.2688,5187.4742,5310.3391,0.01750413,0.01791872,0.00089765,16.2655,14.6936,0.3653,59.3804,1.1678,2646.0457,162.5536,12.4780,16.8648,9.0895,16.5695,22.0926,29.825,33.4482,44.5976,11.8163,0.0,2.018664,2.691552,0.981654,30,240,141,4,0.10479828,0.02244119,0.04150452,0E-8,0.000000,0.902668,0.011910,-0.02129501,2026-03-22,2026-08-05,112,5695,2177,137,0.817518,0.739886,0.767145,0.349328,,,,,,,,GLOBAL_BASELINE_NO_ENTITY_RANKING,,,NOT_APPLICABLE_GLOBAL_BASELINE,HF9g-P5,,,,X 全窗基线 · 不参与实体赏罚,14195088,1420,A168_HF9F_20260827_0900,2026-08-27 09:00:00
2026-04-26,110249610,2188,0,94.8712704798,-13.2933396960,-13.2933396960,0.3333333,7,7,0.50090561428571429,0.500905614286,-0.8209345132943034,-0.820934513295704,-0.8209345132943034,-2.8571E-13,ELIGIBLE,R03b_20260811_FULL_v1,L1_ELIGIBILITY,v2026-08-11,2026-03-21..2026-08-06,baccarat_bet02_101_all_pairs_incl_sentinel,round_win = game_pnl > 0 (decisive only),COMPATIBILITY_ONLY_NOT_PRODUCTION,296357.1217,267511.9505,6650.6079,18220,18206,-0.02244119,-0.04150452,-0.02020951,-0.02244119,-6650.6079,296357.1217,OK,0.0000,266.0243,4.0000,96.0000,AG03-UNRESOLVED,ALL5_LEVELS_bet23_to_bet27,266.0243,266.0243,266.0243,332.5304,332.5304,4.000000,4.000000,4.000000,5.000000,5.000000,96.000000,96.000000,96.000000,95.000000,95.000000,5.0,1463.1337,1340.2688,5187.4742,5310.3391,PENDING_AG03,FALSE,NOT_FOR_ENFORCEMENT,6384.5836,256811.4724,6650.6079,6384.5836,266.0243,0.02244119,0.02154355,266.0243,6384.5836,0.02154355,266.0243,266.0243,266.0243,332.5304,332.5304,6384.5836,0.02154355,1463.1337,1340.2688,5187.4742,5310.3391,0.01750413,0.01791872,0.00089765,16.2655,14.6936,0.3653,59.3804,1.1678,2646.0457,162.5536,12.4780,16.8648,9.0895,16.5695,22.0926,29.825,33.4482,44.5976,11.8163,0.0,2.018664,2.691552,0.981654,30,240,141,4,0.10479828,0.02244119,0.04150452,0E-8,0.000000,0.902668,0.011910,-0.02129501,2026-03-22,2026-08-05,112,5695,2177,137,0.817518,0.739886,0.767145,0.349328,,,,,,,,GLOBAL_BASELINE_NO_ENTITY_RANKING,,,NOT_APPLICABLE_GLOBAL_BASELINE,HF9g-P5,,,,X 全窗基线 · 不参与实体赏罚,14195089,1420,A168_HF9F_20260827_0900,2026-08-27 09:00:00
2026-04-26,110249610,2205,0,17.0427431999,-17.0427431999,-17.0427431999,0E-7,1,1,0.49324550000000000,0.493245500000,-0.9865810262130424,-0.9865810262130424,-0.9865810262130424,0E-17,ELIGIBLE,R03b_20260811_FULL_v1,L1_ELIGIBILITY,v2026-08-11,2026-03-21..2026-08-06,baccarat_bet02_101_all_pairs_incl_sentinel,round_win = game_pnl > 0 (decisive only),COMPATIBILITY_ONLY_NOT_PRODUCTION,296357.1217,267511.9505,6650.6079,18220,18206,-0.02244119,-0.04150452,-0.02020951,-0.02244119,-6650.6079,296357.1217,OK,0.0000,266.0243,4.0000,96.0000,AG03-UNRESOLVED,ALL5_LEVELS_bet23_to_bet27,266.0243,266.0243,266.0243,332.5304,332.5304,4.000000,4.000000,4.000000,5.000000,5.000000,96.000000,96.000000,96.000000,95.000000,95.000000,5.0,1463.1337,1340.2688,5187.4742,5310.3391,PENDING_AG03,FALSE,NOT_FOR_ENFORCEMENT,6384.5836,256811.4724,6650.6079,6384.5836,266.0243,0.02244119,0.02154355,266.0243,6384.5836,0.02154355,266.0243,266.0243,266.0243,332.5304,332.5304,6384.5836,0.02154355,1463.1337,1340.2688,5187.4742,5310.3391,0.01750413,0.01791872,0.00089765,16.2655,14.6936,0.3653,59.3804,1.1678,2646.0457,162.5536,12.4780,16.8648,9.0895,16.5695,22.0926,29.825,33.4482,44.5976,11.8163,0.0,2.018664,2.691552,0.981654,30,240,141,4,0.10479828,0.02244119,0.04150452,0E-8,0.000000,0.902668,0.011910,-0.02129501,2026-03-22,2026-08-05,112,5695,2177,137,0.817518,0.739886,0.767145,0.349328,,,,,,,,GLOBAL_BASELINE_NO_ENTITY_RANKING,,,NOT_APPLICABLE_GLOBAL_BASELINE,HF9g-P5,,,,X 全窗基线 · 不参与实体赏罚,14195090,1420,A168_HF9F_20260827_0900,2026-08-27 09:00:00
2026-04-26,110249610,2209,0,177.2445292794,39.8800190878,39.8800190878,0.6666667,6,6,0.50665070000000000,0.506650700000,0.7839842952205449,0.7839842952205449,0.7839842952205449,0E-17,ELIGIBLE,R03b_20260811_FULL_v1,L1_ELIGIBILITY,v2026-08-11,2026-03-21..2026-08-06,baccarat_bet02_101_all_pairs_incl_sentinel,round_win = game_pnl > 0 (decisive only),COMPATIBILITY_ONLY_NOT_PRODUCTION,296357.1217,267511.9505,6650.6079,18220,18206,-0.02244119,-0.04150452,-0.02020951,-0.02244119,-6650.6079,296357.1217,OK,0.0000,266.0243,4.0000,96.0000,AG03-UNRESOLVED,ALL5_LEVELS_bet23_to_bet27,266.0243,266.0243,266.0243,332.5304,332.5304,4.000000,4.000000,4.000000,5.000000,5.000000,96.000000,96.000000,96.000000,95.000000,95.000000,5.0,1463.1337,1340.2688,5187.4742,5310.3391,PENDING_AG03,FALSE,NOT_FOR_ENFORCEMENT,6384.5836,256811.4724,6650.6079,6384.5836,266.0243,0.02244119,0.02154355,266.0243,6384.5836,0.02154355,266.0243,266.0243,266.0243,332.5304,332.5304,6384.5836,0.02154355,1463.1337,1340.2688,5187.4742,5310.3391,0.01750413,0.01791872,0.00089765,16.2655,14.6936,0.3653,59.3804,1.1678,2646.0457,162.5536,12.4780,16.8648,9.0895,16.5695,22.0926,29.825,33.4482,44.5976,11.8163,0.0,2.018664,2.691552,0.981654,30,240,141,4,0.10479828,0.02244119,0.04150452,0E-8,0.000000,0.902668,0.011910,-0.02129501,2026-03-22,2026-08-05,112,5695,2177,137,0.817518,0.739886,0.767145,0.349328,,,,,,,,GLOBAL_BASELINE_NO_ENTITY_RANKING,,,NOT_APPLICABLE_GLOBAL_BASELINE,HF9g-P5,,,,X 全窗基线 · 不参与实体赏罚,14195091,1420,A168_HF9F_20260827_0900,2026-08-27 09:00:00
2026-04-26,110249610,2216,0,194.2872724794,33.4605858160,33.4605858160,0.6000000,11,11,0.50177608181818182,0.501776081818,0.6212265236101743,0.6212265236113235,0.6212265236101743,1.8182E-13,ELIGIBLE,R03b_20260811_FULL_v1,L1_ELIGIBILITY,v2026-08-11,2026-03-21..2026-08-06,baccarat_bet02_101_all_pairs_incl_sentinel,round_win = game_pnl > 0 (decisive only),COMPATIBILITY_ONLY_NOT_PRODUCTION,296357.1217,267511.9505,6650.6079,18220,18206,-0.02244119,-0.04150452,-0.02020951,-0.02244119,-6650.6079,296357.1217,OK,0.0000,266.0243,4.0000,96.0000,AG03-UNRESOLVED,ALL5_LEVELS_bet23_to_bet27,266.0243,266.0243,266.0243,332.5304,332.5304,4.000000,4.000000,4.000000,5.000000,5.000000,96.000000,96.000000,96.000000,95.000000,95.000000,5.0,1463.1337,1340.2688,5187.4742,5310.3391,PENDING_AG03,FALSE,NOT_FOR_ENFORCEMENT,6384.5836,256811.4724,6650.6079,6384.5836,266.0243,0.02244119,0.02154355,266.0243,6384.5836,0.02154355,266.0243,266.0243,266.0243,332.5304,332.5304,6384.5836,0.02154355,1463.1337,1340.2688,5187.4742,5310.3391,0.01750413,0.01791872,0.00089765,16.2655,14.6936,0.3653,59.3804,1.1678,2646.0457,162.5536,12.4780,16.8648,9.0895,16.5695,22.0926,29.825,33.4482,44.5976,11.8163,0.0,2.018664,2.691552,0.981654,30,240,141,4,0.10479828,0.02244119,0.04150452,0E-8,0.000000,0.902668,0.011910,-0.02129501,2026-03-22,2026-08-05,112,5695,2177,137,0.817518,0.739886,0.767145,0.349328,,,,,,,,GLOBAL_BASELINE_NO_ENTITY_RANKING,,,NOT_APPLICABLE_GLOBAL_BASELINE,HF9g-P5,,,,X 全窗基线 · 不参与实体赏罚,14195092,1420,A168_HF9F_20260827_0900,2026-08-27 09:00:00
2026-04-26,110249610,2218,0,79.5328015997,17.9516895039,17.9516895039,0.6666667,3,3,0.50665070000000000,0.506650700000,0.5543606114942035,0.5543606114942035,0.5543606114942035,0E-17,ELIGIBLE,R03b_20260811_FULL_v1,L1_ELIGIBILITY,v2026-08-11,2026-03-21..2026-08-06,baccarat_bet02_101_all_pairs_incl_sentinel,round_win = game_pnl > 0 (decisive only),COMPATIBILITY_ONLY_NOT_PRODUCTION,296357.1217,267511.9505,6650.6079,18220,18206,-0.02244119,-0.04150452,-0.02020951,-0.02244119,-6650.6079,296357.1217,OK,0.0000,266.0243,4.0000,96.0000,AG03-UNRESOLVED,ALL5_LEVELS_bet23_to_bet27,266.0243,266.0243,266.0243,332.5304,332.5304,4.000000,4.000000,4.000000,5.000000,5.000000,96.000000,96.000000,96.000000,95.000000,95.000000,5.0,1463.1337,1340.2688,5187.4742,5310.3391,PENDING_AG03,FALSE,NOT_FOR_ENFORCEMENT,6384.5836,256811.4724,6650.6079,6384.5836,266.0243,0.02244119,0.02154355,266.0243,6384.5836,0.02154355,266.0243,266.0243,266.0243,332.5304,332.5304,6384.5836,0.02154355,1463.1337,1340.2688,5187.4742,5310.3391,0.01750413,0.01791872,0.00089765,16.2655,14.6936,0.3653,59.3804,1.1678,2646.0457,162.5536,12.4780,16.8648,9.0895,16.5695,22.0926,29.825,33.4482,44.5976,11.8163,0.0,2.018664,2.691552,0.981654,30,240,141,4,0.10479828,0.02244119,0.04150452,0E-8,0.000000,0.902668,0.011910,-0.02129501,2026-03-22,2026-08-05,112,5695,2177,137,0.817518,0.739886,0.767145,0.349328,,,,,,,,GLOBAL_BASELINE_NO_ENTITY_RANKING,,,NOT_APPLICABLE_GLOBAL_BASELINE,HF9g-P5,,,,X 全窗基线 · 不参与实体赏罚,14195093,1420,A168_HF9F_20260827_0900,2026-08-27 09:00:00
2026-04-26,110249610,2222,0,85.2137160000,44.3111323200,44.3111323200,0.7857143,14,14,0.50377815714285714,0.503778157143,2.1098770317539888,2.1098770317529243,2.1098770317539888,-1.4286E-13,ELIGIBLE,R03b_20260811_FULL_v1,L1_ELIGIBILITY,v2026-08-11,2026-03-21..2026-08-06,baccarat_bet02_101_all_pairs_incl_sentinel,round_win = game_pnl > 0 (decisive only),COMPATIBILITY_ONLY_NOT_PRODUCTION,296357.1217,267511.9505,6650.6079,18220,18206,-0.02244119,-0.04150452,-0.02020951,-0.02244119,-6650.6079,296357.1217,OK,0.0000,266.0243,4.0000,96.0000,AG03-UNRESOLVED,ALL5_LEVELS_bet23_to_bet27,266.0243,266.0243,266.0243,332.5304,332.5304,4.000000,4.000000,4.000000,5.000000,5.000000,96.000000,96.000000,96.000000,95.000000,95.000000,5.0,1463.1337,1340.2688,5187.4742,5310.3391,PENDING_AG03,FALSE,NOT_FOR_ENFORCEMENT,6384.5836,256811.4724,6650.6079,6384.5836,266.0243,0.02244119,0.02154355,266.0243,6384.5836,0.02154355,266.0243,266.0243,266.0243,332.5304,332.5304,6384.5836,0.02154355,1463.1337,1340.2688,5187.4742,5310.3391,0.01750413,0.01791872,0.00089765,16.2655,14.6936,0.3653,59.3804,1.1678,2646.0457,162.5536,12.4780,16.8648,9.0895,16.5695,22.0926,29.825,33.4482,44.5976,11.8163,0.0,2.018664,2.691552,0.981654,30,240,141,4,0.10479828,0.02244119,0.04150452,0E-8,0.000000,0.902668,0.011910,-0.02129501,2026-03-22,2026-08-05,112,5695,2177,137,0.817518,0.739886,0.767145,0.349328,,,,,,,,GLOBAL_BASELINE_NO_ENTITY_RANKING,,,NOT_APPLICABLE_GLOBAL_BASELINE,HF9g-P5,,,,X 全窗基线 · 不参与实体赏罚,14195094,1420,A168_HF9F_20260827_0900,2026-08-27 09:00:00
2026-04-26,110249610,2223,0,160.5426409433,-22.4964210240,-22.4964210240,0.5000000,9,9,0.50218230000000000,0.502182300000,-0.01234507061437774,-0.01234507061437774,-0.01234507061437774,0E-17,ELIGIBLE,R03b_20260811_FULL_v1,L1_ELIGIBILITY,v2026-08-11,2026-03-21..2026-08-06,baccarat_bet02_101_all_pairs_incl_sentinel,round_win = game_pnl > 0 (decisive only),COMPATIBILITY_ONLY_NOT_PRODUCTION,296357.1217,267511.9505,6650.6079,18220,18206,-0.02244119,-0.04150452,-0.02020951,-0.02244119,-6650.6079,296357.1217,OK,0.0000,266.0243,4.0000,96.0000,AG03-UNRESOLVED,ALL5_LEVELS_bet23_to_bet27,266.0243,266.0243,266.0243,332.5304,332.5304,4.000000,4.000000,4.000000,5.000000,5.000000,96.000000,96.000000,96.000000,95.000000,95.000000,5.0,1463.1337,1340.2688,5187.4742,5310.3391,PENDING_AG03,FALSE,NOT_FOR_ENFORCEMENT,6384.5836,256811.4724,6650.6079,6384.5836,266.0243,0.02244119,0.02154355,266.0243,6384.5836,0.02154355,266.0243,266.0243,266.0243,332.5304,332.5304,6384.5836,0.02154355,1463.1337,1340.2688,5187.4742,5310.3391,0.01750413,0.01791872,0.00089765,16.2655,14.6936,0.3653,59.3804,1.1678,2646.0457,162.5536,12.4780,16.8648,9.0895,16.5695,22.0926,29.825,33.4482,44.5976,11.8163,0.0,2.018664,2.691552,0.981654,30,240,141,4,0.10479828,0.02244119,0.04150452,0E-8,0.000000,0.902668,0.011910,-0.02129501,2026-03-22,2026-08-05,112,5695,2177,137,0.817518,0.739886,0.767145,0.349328,,,,,,,,GLOBAL_BASELINE_NO_ENTITY_RANKING,,,NOT_APPLICABLE_GLOBAL_BASELINE,HF9g-P5,,,,X 全窗基线 · 不参与实体赏罚,14195095,1420,A168_HF9F_20260827_0900,2026-08-27 09:00:00
2026-04-26,110249610,2233,0,498.4434294540,19.2298952438,19.2298952438,0.5789474,22,22,0.49933877272727273,0.499338772727,0.6940122542071793,0.6940122542095573,0.6940122542071793,2.7273E-13,ELIGIBLE,R03b_20260811_FULL_v1,L1_ELIGIBILITY,v2026-08-11,2026-03-21..2026-08-06,baccarat_bet02_101_all_pairs_incl_sentinel,round_win = game_pnl > 0 (decisive only),COMPATIBILITY_ONLY_NOT_PRODUCTION,296357.1217,267511.9505,6650.6079,18220,18206,-0.02244119,-0.04150452,-0.02020951,-0.02244119,-6650.6079,296357.1217,OK,0.0000,266.0243,4.0000,96.0000,AG03-UNRESOLVED,ALL5_LEVELS_bet23_to_bet27,266.0243,266.0243,266.0243,332.5304,332.5304,4.000000,4.000000,4.000000,5.000000,5.000000,96.000000,96.000000,96.000000,95.000000,95.000000,5.0,1463.1337,1340.2688,5187.4742,5310.3391,PENDING_AG03,FALSE,NOT_FOR_ENFORCEMENT,6384.5836,256811.4724,6650.6079,6384.5836,266.0243,0.02244119,0.02154355,266.0243,6384.5836,0.02154355,266.0243,266.0243,266.0243,332.5304,332.5304,6384.5836,0.02154355,1463.1337,1340.2688,5187.4742,5310.3391,0.01750413,0.01791872,0.00089765,16.2655,14.6936,0.3653,59.3804,1.1678,2646.0457,162.5536,12.4780,16.8648,9.0895,16.5695,22.0926,29.825,33.4482,44.5976,11.8163,0.0,2.018664,2.691552,0.981654,30,240,141,4,0.10479828,0.02244119,0.04150452,0E-8,0.000000,0.902668,0.011910,-0.02129501,2026-03-22,2026-08-05,112,5695,2177,137,0.817518,0.739886,0.767145,0.349328,,,,,,,,GLOBAL_BASELINE_NO_ENTITY_RANKING,,,NOT_APPLICABLE_GLOBAL_BASELINE,HF9g-P5,,,,X 全窗基线 · 不参与实体赏罚,14195096,1420,A168_HF9F_20260827_0900,2026-08-27 09:00:00
2026-04-26,110249610,2234,0,85.7818074399,9.4871270479,9.4871270479,0.6000000,10,10,0.50665070000000000,0.506650700000,0.5904450471821361,0.5904450471821361,0.5904450471821361,0E-17,ELIGIBLE,R03b_20260811_FULL_v1,L1_ELIGIBILITY,v2026-08-11,2026-03-21..2026-08-06,baccarat_bet02_101_all_pairs_incl_sentinel,round_win = game_pnl > 0 (decisive only),COMPATIBILITY_ONLY_NOT_PRODUCTION,296357.1217,267511.9505,6650.6079,18220,18206,-0.02244119,-0.04150452,-0.02020951,-0.02244119,-6650.6079,296357.1217,OK,0.0000,266.0243,4.0000,96.0000,AG03-UNRESOLVED,ALL5_LEVELS_bet23_to_bet27,266.0243,266.0243,266.0243,332.5304,332.5304,4.000000,4.000000,4.000000,5.000000,5.000000,96.000000,96.000000,96.000000,95.000000,95.000000,5.0,1463.1337,1340.2688,5187.4742,5310.3391,PENDING_AG03,FALSE,NOT_FOR_ENFORCEMENT,6384.5836,256811.4724,6650.6079,6384.5836,266.0243,0.02244119,0.02154355,266.0243,6384.5836,0.02154355,266.0243,266.0243,266.0243,332.5304,332.5304,6384.5836,0.02154355,1463.1337,1340.2688,5187.4742,5310.3391,0.01750413,0.01791872,0.00089765,16.2655,14.6936,0.3653,59.3804,1.1678,2646.0457,162.5536,12.4780,16.8648,9.0895,16.5695,22.0926,29.825,33.4482,44.5976,11.8163,0.0,2.018664,2.691552,0.981654,30,240,141,4,0.10479828,0.02244119,0.04150452,0E-8,0.000000,0.902668,0.011910,-0.02129501,2026-03-22,2026-08-05,112,5695,2177,137,0.817518,0.739886,0.767145,0.349328,,,,,,,,GLOBAL_BASELINE_NO_ENTITY_RANKING,,,NOT_APPLICABLE_GLOBAL_BASELINE,HF9g-P5,,,,X 全窗基线 · 不参与实体赏罚,14195097,1420,A168_HF9F_20260827_0900,2026-08-27 09:00:00
2026-04-26,110249610,2244,0,100.5521848797,-33.1765400958,-33.1765400958,0.4285714,8,8,0.50162375000000000,0.501623750000,-0.38655858877025023,-0.38655858877025023,-0.38655858877025023,0E-17,ELIGIBLE,R03b_20260811_FULL_v1,L1_ELIGIBILITY,v2026-08-11,2026-03-21..2026-08-06,baccarat_bet02_101_all_pairs_incl_sentinel,round_win = game_pnl > 0 (decisive only),COMPATIBILITY_ONLY_NOT_PRODUCTION,296357.1217,267511.9505,6650.6079,18220,18206,-0.02244119,-0.04150452,-0.02020951,-0.02244119,-6650.6079,296357.1217,OK,0.0000,266.0243,4.0000,96.0000,AG03-UNRESOLVED,ALL5_LEVELS_bet23_to_bet27,266.0243,266.0243,266.0243,332.5304,332.5304,4.000000,4.000000,4.000000,5.000000,5.000000,96.000000,96.000000,96.000000,95.000000,95.000000,5.0,1463.1337,1340.2688,5187.4742,5310.3391,PENDING_AG03,FALSE,NOT_FOR_ENFORCEMENT,6384.5836,256811.4724,6650.6079,6384.5836,266.0243,0.02244119,0.02154355,266.0243,6384.5836,0.02154355,266.0243,266.0243,266.0243,332.5304,332.5304,6384.5836,0.02154355,1463.1337,1340.2688,5187.4742,5310.3391,0.01750413,0.01791872,0.00089765,16.2655,14.6936,0.3653,59.3804,1.1678,2646.0457,162.5536,12.4780,16.8648,9.0895,16.5695,22.0926,29.825,33.4482,44.5976,11.8163,0.0,2.018664,2.691552,0.981654,30,240,141,4,0.10479828,0.02244119,0.04150452,0E-8,0.000000,0.902668,0.011910,-0.02129501,2026-03-22,2026-08-05,112,5695,2177,137,0.817518,0.739886,0.767145,0.349328,,,,,,,,GLOBAL_BASELINE_NO_ENTITY_RANKING,,,NOT_APPLICABLE_GLOBAL_BASELINE,HF9g-P5,,,,X 全窗基线 · 不参与实体赏罚,14195098,1420,A168_HF9F_20260827_0900,2026-08-27 09:00:00
2026-04-26,110249610,2250,0,101.1202763197,-32.9493035197,-32.9493035197,0.5000000,7,7,0.49516052857142857,0.495160528571,0.023709581855318605,0.023709581857418456,0.023709581855318605,4.2857E-13,ELIGIBLE,R03b_20260811_FULL_v1,L1_ELIGIBILITY,v2026-08-11,2026-03-21..2026-08-06,baccarat_bet02_101_all_pairs_incl_sentinel,round_win = game_pnl > 0 (decisive only),COMPATIBILITY_ONLY_NOT_PRODUCTION,296357.1217,267511.9505,6650.6079,18220,18206,-0.02244119,-0.04150452,-0.02020951,-0.02244119,-6650.6079,296357.1217,OK,0.0000,266.0243,4.0000,96.0000,AG03-UNRESOLVED,ALL5_LEVELS_bet23_to_bet27,266.0243,266.0243,266.0243,332.5304,332.5304,4.000000,4.000000,4.000000,5.000000,5.000000,96.000000,96.000000,96.000000,95.000000,95.000000,5.0,1463.1337,1340.2688,5187.4742,5310.3391,PENDING_AG03,FALSE,NOT_FOR_ENFORCEMENT,6384.5836,256811.4724,6650.6079,6384.5836,266.0243,0.02244119,0.02154355,266.0243,6384.5836,0.02154355,266.0243,266.0243,266.0243,332.5304,332.5304,6384.5836,0.02154355,1463.1337,1340.2688,5187.4742,5310.3391,0.01750413,0.01791872,0.00089765,16.2655,14.6936,0.3653,59.3804,1.1678,2646.0457,162.5536,12.4780,16.8648,9.0895,16.5695,22.0926,29.825,33.4482,44.5976,11.8163,0.0,2.018664,2.691552,0.981654,30,240,141,4,0.10479828,0.02244119,0.04150452,0E-8,0.000000,0.902668,0.011910,-0.02129501,2026-03-22,2026-08-05,112,5695,2177,137,0.817518,0.739886,0.767145,0.349328,,,,,,,,GLOBAL_BASELINE_NO_ENTITY_RANKING,,,NOT_APPLICABLE_GLOBAL_BASELINE,HF9g-P5,,,,X 全窗基线 · 不参与实体赏罚,14195099,1420,A168_HF9F_20260827_0900,2026-08-27 09:00:00
2026-04-26,110249610,2252,0,257.9135137589,-6.8170972801,-6.8170972801,0.4166667,14,14,0.49516052857142857,0.495160528571,-0.5438469025170598,-0.5438469025140952,-0.5438469025170598,4.2857E-13,ELIGIBLE,R03b_20260811_FULL_v1,L1_ELIGIBILITY,v2026-08-11,2026-03-21..2026-08-06,baccarat_bet02_101_all_pairs_incl_sentinel,round_win = game_pnl > 0 (decisive only),COMPATIBILITY_ONLY_NOT_PRODUCTION,296357.1217,267511.9505,6650.6079,18220,18206,-0.02244119,-0.04150452,-0.02020951,-0.02244119,-6650.6079,296357.1217,OK,0.0000,266.0243,4.0000,96.0000,AG03-UNRESOLVED,ALL5_LEVELS_bet23_to_bet27,266.0243,266.0243,266.0243,332.5304,332.5304,4.000000,4.000000,4.000000,5.000000,5.000000,96.000000,96.000000,96.000000,95.000000,95.000000,5.0,1463.1337,1340.2688,5187.4742,5310.3391,PENDING_AG03,FALSE,NOT_FOR_ENFORCEMENT,6384.5836,256811.4724,6650.6079,6384.5836,266.0243,0.02244119,0.02154355,266.0243,6384.5836,0.02154355,266.0243,266.0243,266.0243,332.5304,332.5304,6384.5836,0.02154355,1463.1337,1340.2688,5187.4742,5310.3391,0.01750413,0.01791872,0.00089765,16.2655,14.6936,0.3653,59.3804,1.1678,2646.0457,162.5536,12.4780,16.8648,9.0895,16.5695,22.0926,29.825,33.4482,44.5976,11.8163,0.0,2.018664,2.691552,0.981654,30,240,141,4,0.10479828,0.02244119,0.04150452,0E-8,0.000000,0.902668,0.011910,-0.02129501,2026-03-22,2026-08-05,112,5695,2177,137,0.817518,0.739886,0.767145,0.349328,,,,,,,,GLOBAL_BASELINE_NO_ENTITY_RANKING,,,NOT_APPLICABLE_GLOBAL_BASELINE,HF9g-P5,,,,X 全窗基线 · 不参与实体赏罚,14195100,1420,A168_HF9F_20260827_0900,2026-08-27 09:00:00
2026-04-26,110249610,2258,0,6.8170972800,2.2723657600,2.2723657600,1.0000000,2,2,0.49324550000000000,0.493245500000,1.01360149184955,1.01360149184955,1.01360149184955,0E-17,ELIGIBLE,R03b_20260811_FULL_v1,L1_ELIGIBILITY,v2026-08-11,2026-03-21..2026-08-06,baccarat_bet02_101_all_pairs_incl_sentinel,round_win = game_pnl > 0 (decisive only),COMPATIBILITY_ONLY_NOT_PRODUCTION,296357.1217,267511.9505,6650.6079,18220,18206,-0.02244119,-0.04150452,-0.02020951,-0.02244119,-6650.6079,296357.1217,OK,0.0000,266.0243,4.0000,96.0000,AG03-UNRESOLVED,ALL5_LEVELS_bet23_to_bet27,266.0243,266.0243,266.0243,332.5304,332.5304,4.000000,4.000000,4.000000,5.000000,5.000000,96.000000,96.000000,96.000000,95.000000,95.000000,5.0,1463.1337,1340.2688,5187.4742,5310.3391,PENDING_AG03,FALSE,NOT_FOR_ENFORCEMENT,6384.5836,256811.4724,6650.6079,6384.5836,266.0243,0.02244119,0.02154355,266.0243,6384.5836,0.02154355,266.0243,266.0243,266.0243,332.5304,332.5304,6384.5836,0.02154355,1463.1337,1340.2688,5187.4742,5310.3391,0.01750413,0.01791872,0.00089765,16.2655,14.6936,0.3653,59.3804,1.1678,2646.0457,162.5536,12.4780,16.8648,9.0895,16.5695,22.0926,29.825,33.4482,44.5976,11.8163,0.0,2.018664,2.691552,0.981654,30,240,141,4,0.10479828,0.02244119,0.04150452,0E-8,0.000000,0.902668,0.011910,-0.02129501,2026-03-22,2026-08-05,112,5695,2177,137,0.817518,0.739886,0.767145,0.349328,,,,,,,,GLOBAL_BASELINE_NO_ENTITY_RANKING,,,NOT_APPLICABLE_GLOBAL_BASELINE,HF9g-P5,,,,X 全窗基线 · 不参与实体赏罚,14195101,1420,A168_HF9F_20260827_0900,2026-08-27 09:00:00
2026-04-26,110249610,2261,0,22.7236576000,3.8630217920,3.8630217920,0.6666667,3,3,0.50665070000000000,0.506650700000,0.5543606114942035,0.5543606114942035,0.5543606114942035,0E-17,ELIGIBLE,R03b_20260811_FULL_v1,L1_ELIGIBILITY,v2026-08-11,2026-03-21..2026-08-06,baccarat_bet02_101_all_pairs_incl_sentinel,round_win = game_pnl > 0 (decisive only),COMPATIBILITY_ONLY_NOT_PRODUCTION,296357.1217,267511.9505,6650.6079,18220,18206,-0.02244119,-0.04150452,-0.02020951,-0.02244119,-6650.6079,296357.1217,OK,0.0000,266.0243,4.0000,96.0000,AG03-UNRESOLVED,ALL5_LEVELS_bet23_to_bet27,266.0243,266.0243,266.0243,332.5304,332.5304,4.000000,4.000000,4.000000,5.000000,5.000000,96.000000,96.000000,96.000000,95.000000,95.000000,5.0,1463.1337,1340.2688,5187.4742,5310.3391,PENDING_AG03,FALSE,NOT_FOR_ENFORCEMENT,6384.5836,256811.4724,6650.6079,6384.5836,266.0243,0.02244119,0.02154355,266.0243,6384.5836,0.02154355,266.0243,266.0243,266.0243,332.5304,332.5304,6384.5836,0.02154355,1463.1337,1340.2688,5187.4742,5310.3391,0.01750413,0.01791872,0.00089765,16.2655,14.6936,0.3653,59.3804,1.1678,2646.0457,162.5536,12.4780,16.8648,9.0895,16.5695,22.0926,29.825,33.4482,44.5976,11.8163,0.0,2.018664,2.691552,0.981654,30,240,141,4,0.10479828,0.02244119,0.04150452,0E-8,0.000000,0.902668,0.011910,-0.02129501,2026-03-22,2026-08-05,112,5695,2177,137,0.817518,0.739886,0.767145,0.349328,,,,,,,,GLOBAL_BASELINE_NO_ENTITY_RANKING,,,NOT_APPLICABLE_GLOBAL_BASELINE,HF9g-P5,,,,X 全窗基线 · 不参与实体赏罚,14195102,1420,A168_HF9F_20260827_0900,2026-08-27 09:00:00
2026-04-26,110249610,2271,0,4.5447315200,4.3174949440,4.3174949440,1.0000000,1,1,0.50665070000000000,0.506650700000,0.9867858985152569,0.9867858985152569,0.9867858985152569,0E-17,ELIGIBLE,R03b_20260811_FULL_v1,L1_ELIGIBILITY,v2026-08-11,2026-03-21..2026-08-06,baccarat_bet02_101_all_pairs_incl_sentinel,round_win = game_pnl > 0 (decisive only),COMPATIBILITY_ONLY_NOT_PRODUCTION,296357.1217,267511.9505,6650.6079,18220,18206,-0.02244119,-0.04150452,-0.02020951,-0.02244119,-6650.6079,296357.1217,OK,0.0000,266.0243,4.0000,96.0000,AG03-UNRESOLVED,ALL5_LEVELS_bet23_to_bet27,266.0243,266.0243,266.0243,332.5304,332.5304,4.000000,4.000000,4.000000,5.000000,5.000000,96.000000,96.000000,96.000000,95.000000,95.000000,5.0,1463.1337,1340.2688,5187.4742,5310.3391,PENDING_AG03,FALSE,NOT_FOR_ENFORCEMENT,6384.5836,256811.4724,6650.6079,6384.5836,266.0243,0.02244119,0.02154355,266.0243,6384.5836,0.02154355,266.0243,266.0243,266.0243,332.5304,332.5304,6384.5836,0.02154355,1463.1337,1340.2688,5187.4742,5310.3391,0.01750413,0.01791872,0.00089765,16.2655,14.6936,0.3653,59.3804,1.1678,2646.0457,162.5536,12.4780,16.8648,9.0895,16.5695,22.0926,29.825,33.4482,44.5976,11.8163,0.0,2.018664,2.691552,0.981654,30,240,141,4,0.10479828,0.02244119,0.04150452,0E-8,0.000000,0.902668,0.011910,-0.02129501,2026-03-22,2026-08-05,112,5695,2177,137,0.817518,0.739886,0.767145,0.349328,,,,,,,,GLOBAL_BASELINE_NO_ENTITY_RANKING,,,NOT_APPLICABLE_GLOBAL_BASELINE,HF9g-P5,,,,X 全窗基线 · 不参与实体赏罚,14195103,1420,A168_HF9F_20260827_0900,2026-08-27 09:00:00
2026-04-26,110249610,526,0,18.1789260800,18.1789260800,18.1789260800,1.0000000,3,3,0.49324550000000000,0.493245500000,1.755609282511032,1.7556092825110319,1.755609282511032,0E-17,ELIGIBLE,R03b_20260811_FULL_v1,L1_ELIGIBILITY,v2026-08-11,2026-03-21..2026-08-06,baccarat_bet02_101_all_pairs_incl_sentinel,round_win = game_pnl > 0 (decisive only),COMPATIBILITY_ONLY_NOT_PRODUCTION,296357.1217,267511.9505,6650.6079,18220,18206,-0.02244119,-0.04150452,-0.02020951,-0.02244119,-6650.6079,296357.1217,OK,0.0000,266.0243,4.0000,96.0000,AG03-UNRESOLVED,ALL5_LEVELS_bet23_to_bet27,266.0243,266.0243,266.0243,332.5304,332.5304,4.000000,4.000000,4.000000,5.000000,5.000000,96.000000,96.000000,96.000000,95.000000,95.000000,5.0,1463.1337,1340.2688,5187.4742,5310.3391,PENDING_AG03,FALSE,NOT_FOR_ENFORCEMENT,6384.5836,256811.4724,6650.6079,6384.5836,266.0243,0.02244119,0.02154355,266.0243,6384.5836,0.02154355,266.0243,266.0243,266.0243,332.5304,332.5304,6384.5836,0.02154355,1463.1337,1340.2688,5187.4742,5310.3391,0.01750413,0.01791872,0.00089765,16.2655,14.6936,0.3653,59.3804,1.1678,2646.0457,162.5536,12.4780,16.8648,9.0895,16.5695,22.0926,29.825,33.4482,44.5976,11.8163,0.0,2.018664,2.691552,0.981654,30,240,141,4,0.10479828,0.02244119,0.04150452,0E-8,0.000000,0.902668,0.011910,-0.02129501,2026-03-22,2026-08-05,112,5695,2177,137,0.817518,0.739886,0.767145,0.349328,,,,,,,,GLOBAL_BASELINE_NO_ENTITY_RANKING,,,NOT_APPLICABLE_GLOBAL_BASELINE,HF9g-P5,,,,X 全窗基线 · 不参与实体赏罚,14195104,1420,A168_HF9F_20260827_0900,2026-08-27 09:00:00
2026-04-26,110249610,529,0,17.0427431999,16.1906060399,16.1906060399,1.0000000,1,1,0.50665070000000000,0.506650700000,0.9867858985152569,0.9867858985152569,0.9867858985152569,0E-17,ELIGIBLE,R03b_20260811_FULL_v1,L1_ELIGIBILITY,v2026-08-11,2026-03-21..2026-08-06,baccarat_bet02_101_all_pairs_incl_sentinel,round_win = game_pnl > 0 (decisive only),COMPATIBILITY_ONLY_NOT_PRODUCTION,296357.1217,267511.9505,6650.6079,18220,18206,-0.02244119,-0.04150452,-0.02020951,-0.02244119,-6650.6079,296357.1217,OK,0.0000,266.0243,4.0000,96.0000,AG03-UNRESOLVED,ALL5_LEVELS_bet23_to_bet27,266.0243,266.0243,266.0243,332.5304,332.5304,4.000000,4.000000,4.000000,5.000000,5.000000,96.000000,96.000000,96.000000,95.000000,95.000000,5.0,1463.1337,1340.2688,5187.4742,5310.3391,PENDING_AG03,FALSE,NOT_FOR_ENFORCEMENT,6384.5836,256811.4724,6650.6079,6384.5836,266.0243,0.02244119,0.02154355,266.0243,6384.5836,0.02154355,266.0243,266.0243,266.0243,332.5304,332.5304,6384.5836,0.02154355,1463.1337,1340.2688,5187.4742,5310.3391,0.01750413,0.01791872,0.00089765,16.2655,14.6936,0.3653,59.3804,1.1678,2646.0457,162.5536,12.4780,16.8648,9.0895,16.5695,22.0926,29.825,33.4482,44.5976,11.8163,0.0,2.018664,2.691552,0.981654,30,240,141,4,0.10479828,0.02244119,0.04150452,0E-8,0.000000,0.902668,0.011910,-0.02129501,2026-03-22,2026-08-05,112,5695,2177,137,0.817518,0.739886,0.767145,0.349328,,,,,,,,GLOBAL_BASELINE_NO_ENTITY_RANKING,,,NOT_APPLICABLE_GLOBAL_BASELINE,HF9g-P5,,,,X 全窗基线 · 不参与实体赏罚,14195105,1420,A168_HF9F_20260827_0900,2026-08-27 09:00:00
2026-04-26,110249610,550,0,169.2912491194,-12.4980116800,-12.4980116800,0.5714286,8,8,0.50162375000000000,0.501623750000,0.36937434338991915,0.36937434338991915,0.36937434338991915,0E-17,ELIGIBLE,R03b_20260811_FULL_v1,L1_ELIGIBILITY,v2026-08-11,2026-03-21..2026-08-06,baccarat_bet02_101_all_pairs_incl_sentinel,round_win = game_pnl > 0 (decisive only),COMPATIBILITY_ONLY_NOT_PRODUCTION,296357.1217,267511.9505,6650.6079,18220,18206,-0.02244119,-0.04150452,-0.02020951,-0.02244119,-6650.6079,296357.1217,OK,0.0000,266.0243,4.0000,96.0000,AG03-UNRESOLVED,ALL5_LEVELS_bet23_to_bet27,266.0243,266.0243,266.0243,332.5304,332.5304,4.000000,4.000000,4.000000,5.000000,5.000000,96.000000,96.000000,96.000000,95.000000,95.000000,5.0,1463.1337,1340.2688,5187.4742,5310.3391,PENDING_AG03,FALSE,NOT_FOR_ENFORCEMENT,6384.5836,256811.4724,6650.6079,6384.5836,266.0243,0.02244119,0.02154355,266.0243,6384.5836,0.02154355,266.0243,266.0243,266.0243,332.5304,332.5304,6384.5836,0.02154355,1463.1337,1340.2688,5187.4742,5310.3391,0.01750413,0.01791872,0.00089765,16.2655,14.6936,0.3653,59.3804,1.1678,2646.0457,162.5536,12.4780,16.8648,9.0895,16.5695,22.0926,29.825,33.4482,44.5976,11.8163,0.0,2.018664,2.691552,0.981654,30,240,141,4,0.10479828,0.02244119,0.04150452,0E-8,0.000000,0.902668,0.011910,-0.02129501,2026-03-22,2026-08-05,112,5695,2177,137,0.817518,0.739886,0.767145,0.349328,,,,,,,,GLOBAL_BASELINE_NO_ENTITY_RANKING,,,NOT_APPLICABLE_GLOBAL_BASELINE,HF9g-P5,,,,X 全窗基线 · 不参与实体赏罚,14195106,1420,A168_HF9F_20260827_0900,2026-08-27 09:00:00
2026-04-26,110249610,583,0,22.7236576000,0E-10,0E-10,0.5000000,2,2,0.49324550000000000,0.493245500000,0.01910635448239258,0.01910635448239258,0.01910635448239258,0E-17,ELIGIBLE,R03b_20260811_FULL_v1,L1_ELIGIBILITY,v2026-08-11,2026-03-21..2026-08-06,baccarat_bet02_101_all_pairs_incl_sentinel,round_win = game_pnl > 0 (decisive only),COMPATIBILITY_ONLY_NOT_PRODUCTION,296357.1217,267511.9505,6650.6079,18220,18206,-0.02244119,-0.04150452,-0.02020951,-0.02244119,-6650.6079,296357.1217,OK,0.0000,266.0243,4.0000,96.0000,AG03-UNRESOLVED,ALL5_LEVELS_bet23_to_bet27,266.0243,266.0243,266.0243,332.5304,332.5304,4.000000,4.000000,4.000000,5.000000,5.000000,96.000000,96.000000,96.000000,95.000000,95.000000,5.0,1463.1337,1340.2688,5187.4742,5310.3391,PENDING_AG03,FALSE,NOT_FOR_ENFORCEMENT,6384.5836,256811.4724,6650.6079,6384.5836,266.0243,0.02244119,0.02154355,266.0243,6384.5836,0.02154355,266.0243,266.0243,266.0243,332.5304,332.5304,6384.5836,0.02154355,1463.1337,1340.2688,5187.4742,5310.3391,0.01750413,0.01791872,0.00089765,16.2655,14.6936,0.3653,59.3804,1.1678,2646.0457,162.5536,12.4780,16.8648,9.0895,16.5695,22.0926,29.825,33.4482,44.5976,11.8163,0.0,2.018664,2.691552,0.981654,30,240,141,4,0.10479828,0.02244119,0.04150452,0E-8,0.000000,0.902668,0.011910,-0.02129501,2026-03-22,2026-08-05,112,5695,2177,137,0.817518,0.739886,0.767145,0.349328,,,,,,,,GLOBAL_BASELINE_NO_ENTITY_RANKING,,,NOT_APPLICABLE_GLOBAL_BASELINE,HF9g-P5,,,,X 全窗基线 · 不参与实体赏罚,14195107,1420,A168_HF9F_20260827_0900,2026-08-27 09:00:00
2026-04-26,110249610,763,0,153.3846887994,-5.6809144000,-5.6809144000,0.6250000,8,8,0.49492115000000000,0.494921150000,0.7358750597491888,0.7358750597491888,0.7358750597491888,0E-17,ELIGIBLE,R03b_20260811_FULL_v1,L1_ELIGIBILITY,v2026-08-11,2026-03-21..2026-08-06,baccarat_bet02_101_all_pairs_incl_sentinel,round_win = game_pnl > 0 (decisive only),COMPATIBILITY_ONLY_NOT_PRODUCTION,296357.1217,267511.9505,6650.6079,18220,18206,-0.02244119,-0.04150452,-0.02020951,-0.02244119,-6650.6079,296357.1217,OK,0.0000,266.0243,4.0000,96.0000,AG03-UNRESOLVED,ALL5_LEVELS_bet23_to_bet27,266.0243,266.0243,266.0243,332.5304,332.5304,4.000000,4.000000,4.000000,5.000000,5.000000,96.000000,96.000000,96.000000,95.000000,95.000000,5.0,1463.1337,1340.2688,5187.4742,5310.3391,PENDING_AG03,FALSE,NOT_FOR_ENFORCEMENT,6384.5836,256811.4724,6650.6079,6384.5836,266.0243,0.02244119,0.02154355,266.0243,6384.5836,0.02154355,266.0243,266.0243,266.0243,332.5304,332.5304,6384.5836,0.02154355,1463.1337,1340.2688,5187.4742,5310.3391,0.01750413,0.01791872,0.00089765,16.2655,14.6936,0.3653,59.3804,1.1678,2646.0457,162.5536,12.4780,16.8648,9.0895,16.5695,22.0926,29.825,33.4482,44.5976,11.8163,0.0,2.018664,2.691552,0.981654,30,240,141,4,0.10479828,0.02244119,0.04150452,0E-8,0.000000,0.902668,0.011910,-0.02129501,2026-03-22,2026-08-05,112,5695,2177,137,0.817518,0.739886,0.767145,0.349328,,,,,,,,GLOBAL_BASELINE_NO_ENTITY_RANKING,,,NOT_APPLICABLE_GLOBAL_BASELINE,HF9g-P5,,,,X 全窗基线 · 不参与实体赏罚,14195108,1420,A168_HF9F_20260827_0900,2026-08-27 09:00:00
2026-04-26,110249610,919,0,112.4821051196,7.4988070080,7.4988070080,0.5000000,6,6,0.49994810000000000,0.499948100000,0.00025425703667063243,0.00025425703667063243,0.00025425703667063243,0E-17,ELIGIBLE,R03b_20260811_FULL_v1,L1_ELIGIBILITY,v2026-08-11,2026-03-21..2026-08-06,baccarat_bet02_101_all_pairs_incl_sentinel,round_win = game_pnl > 0 (decisive only),COMPATIBILITY_ONLY_NOT_PRODUCTION,296357.1217,267511.9505,6650.6079,18220,18206,-0.02244119,-0.04150452,-0.02020951,-0.02244119,-6650.6079,296357.1217,OK,0.0000,266.0243,4.0000,96.0000,AG03-UNRESOLVED,ALL5_LEVELS_bet23_to_bet27,266.0243,266.0243,266.0243,332.5304,332.5304,4.000000,4.000000,4.000000,5.000000,5.000000,96.000000,96.000000,96.000000,95.000000,95.000000,5.0,1463.1337,1340.2688,5187.4742,5310.3391,PENDING_AG03,FALSE,NOT_FOR_ENFORCEMENT,6384.5836,256811.4724,6650.6079,6384.5836,266.0243,0.02244119,0.02154355,266.0243,6384.5836,0.02154355,266.0243,266.0243,266.0243,332.5304,332.5304,6384.5836,0.02154355,1463.1337,1340.2688,5187.4742,5310.3391,0.01750413,0.01791872,0.00089765,16.2655,14.6936,0.3653,59.3804,1.1678,2646.0457,162.5536,12.4780,16.8648,9.0895,16.5695,22.0926,29.825,33.4482,44.5976,11.8163,0.0,2.018664,2.691552,0.981654,30,240,141,4,0.10479828,0.02244119,0.04150452,0E-8,0.000000,0.902668,0.011910,-0.02129501,2026-03-22,2026-08-05,112,5695,2177,137,0.817518,0.739886,0.767145,0.349328,,,,,,,,GLOBAL_BASELINE_NO_ENTITY_RANKING,,,NOT_APPLICABLE_GLOBAL_BASELINE,HF9g-P5,,,,X 全窗基线 · 不参与实体赏罚,14195109,1420,A168_HF9F_20260827_0900,2026-08-27 09:00:00
2026-04-26,110249610,948,0,228.5999954550,72.2328265956,72.2328265956,0.6363636,11,11,0.50055742727272727,0.500557427273,0.900837039335844,0.9008370393340356,0.900837039335844,-2.7273E-13,ELIGIBLE,R03b_20260811_FULL_v1,L1_ELIGIBILITY,v2026-08-11,2026-03-21..2026-08-06,baccarat_bet02_101_all_pairs_incl_sentinel,round_win = game_pnl > 0 (decisive only),COMPATIBILITY_ONLY_NOT_PRODUCTION,296357.1217,267511.9505,6650.6079,18220,18206,-0.02244119,-0.04150452,-0.02020951,-0.02244119,-6650.6079,296357.1217,OK,0.0000,266.0243,4.0000,96.0000,AG03-UNRESOLVED,ALL5_LEVELS_bet23_to_bet27,266.0243,266.0243,266.0243,332.5304,332.5304,4.000000,4.000000,4.000000,5.000000,5.000000,96.000000,96.000000,96.000000,95.000000,95.000000,5.0,1463.1337,1340.2688,5187.4742,5310.3391,PENDING_AG03,FALSE,NOT_FOR_ENFORCEMENT,6384.5836,256811.4724,6650.6079,6384.5836,266.0243,0.02244119,0.02154355,266.0243,6384.5836,0.02154355,266.0243,266.0243,266.0243,332.5304,332.5304,6384.5836,0.02154355,1463.1337,1340.2688,5187.4742,5310.3391,0.01750413,0.01791872,0.00089765,16.2655,14.6936,0.3653,59.3804,1.1678,2646.0457,162.5536,12.4780,16.8648,9.0895,16.5695,22.0926,29.825,33.4482,44.5976,11.8163,0.0,2.018664,2.691552,0.981654,30,240,141,4,0.10479828,0.02244119,0.04150452,0E-8,0.000000,0.902668,0.011910,-0.02129501,2026-03-22,2026-08-05,112,5695,2177,137,0.817518,0.739886,0.767145,0.349328,,,,,,,,GLOBAL_BASELINE_NO_ENTITY_RANKING,,,NOT_APPLICABLE_GLOBAL_BASELINE,HF9g-P5,,,,X 全窗基线 · 不参与实体赏罚,14195110,1420,A168_HF9F_20260827_0900,2026-08-27 09:00:00
2026-04-26,110249610,987,0,51.1282295999,-51.1282295999,-51.1282295999,0E-7,3,3,0.50665070000000000,0.506650700000,-1.7552447903592512,-1.7552447903592512,-1.7552447903592512,0E-17,ELIGIBLE,R03b_20260811_FULL_v1,L1_ELIGIBILITY,v2026-08-11,2026-03-21..2026-08-06,baccarat_bet02_101_all_pairs_incl_sentinel,round_win = game_pnl > 0 (decisive only),COMPATIBILITY_ONLY_NOT_PRODUCTION,296357.1217,267511.9505,6650.6079,18220,18206,-0.02244119,-0.04150452,-0.02020951,-0.02244119,-6650.6079,296357.1217,OK,0.0000,266.0243,4.0000,96.0000,AG03-UNRESOLVED,ALL5_LEVELS_bet23_to_bet27,266.0243,266.0243,266.0243,332.5304,332.5304,4.000000,4.000000,4.000000,5.000000,5.000000,96.000000,96.000000,96.000000,95.000000,95.000000,5.0,1463.1337,1340.2688,5187.4742,5310.3391,PENDING_AG03,FALSE,NOT_FOR_ENFORCEMENT,6384.5836,256811.4724,6650.6079,6384.5836,266.0243,0.02244119,0.02154355,266.0243,6384.5836,0.02154355,266.0243,266.0243,266.0243,332.5304,332.5304,6384.5836,0.02154355,1463.1337,1340.2688,5187.4742,5310.3391,0.01750413,0.01791872,0.00089765,16.2655,14.6936,0.3653,59.3804,1.1678,2646.0457,162.5536,12.4780,16.8648,9.0895,16.5695,22.0926,29.825,33.4482,44.5976,11.8163,0.0,2.018664,2.691552,0.981654,30,240,141,4,0.10479828,0.02244119,0.04150452,0E-8,0.000000,0.902668,0.011910,-0.02129501,2026-03-22,2026-08-05,112,5695,2177,137,0.817518,0.739886,0.767145,0.349328,,,,,,,,GLOBAL_BASELINE_NO_ENTITY_RANKING,,,NOT_APPLICABLE_GLOBAL_BASELINE,HF9g-P5,,,,X 全窗基线 · 不参与实体赏罚,14195111,1420,A168_HF9F_20260827_0900,2026-08-27 09:00:00
2026-04-27,110249610,-1,1,622.2873633740,-76.7832390298,-76.7832390298,0.4901961,57,57,0.50006568947368421,0.500065689474,-0.1409662429690187,-0.1409662429735291,-0.1409662429690187,-3.1579E-13,SENTINEL_DEALER,R03b_20260811_FULL_v1,L1_ELIGIBILITY,v2026-08-11,2026-03-21..2026-08-06,baccarat_bet02_101_all_pairs_incl_sentinel,round_win = game_pnl > 0 (decisive only),COMPATIBILITY_ONLY_NOT_PRODUCTION,296357.1217,267511.9505,6650.6079,18220,18206,-0.02244119,-0.04150452,-0.02020951,-0.02244119,-6650.6079,296357.1217,OK,0.0000,266.0243,4.0000,96.0000,AG03-UNRESOLVED,ALL5_LEVELS_bet23_to_bet27,266.0243,266.0243,266.0243,332.5304,332.5304,4.000000,4.000000,4.000000,5.000000,5.000000,96.000000,96.000000,96.000000,95.000000,95.000000,5.0,1463.1337,1340.2688,5187.4742,5310.3391,PENDING_AG03,FALSE,NOT_FOR_ENFORCEMENT,6384.5836,256811.4724,6650.6079,6384.5836,266.0243,0.02244119,0.02154355,266.0243,6384.5836,0.02154355,266.0243,266.0243,266.0243,332.5304,332.5304,6384.5836,0.02154355,1463.1337,1340.2688,5187.4742,5310.3391,0.01750413,0.01791872,0.00089765,16.2655,14.6936,0.3653,59.3804,1.1678,2646.0457,162.5536,12.4780,16.8648,9.0895,16.5695,22.0926,29.825,33.4482,44.5976,11.8163,0.0,2.018664,2.691552,0.981654,30,240,141,4,0.10479828,0.02244119,0.04150452,0E-8,0.000000,0.902668,0.011910,-0.02129501,2026-03-22,2026-08-05,112,5695,2177,137,0.817518,0.739886,0.767145,0.349328,,,,,,,,GLOBAL_BASELINE_NO_ENTITY_RANKING,,,NOT_APPLICABLE_GLOBAL_BASELINE,HF9g-P5,,,,X 全窗基线 · 不参与实体赏罚,14195112,1420,A168_HF9F_20260827_0900,2026-08-27 09:00:00
2026-04-27,110249610,1115,0,5.6809144000,-5.6809144000,-5.6809144000,0E-7,2,2,0.49994810000000000,0.499948100000,-1.4140667746232096,-1.4140667746232096,-1.4140667746232096,0E-17,ELIGIBLE,R03b_20260811_FULL_v1,L1_ELIGIBILITY,v2026-08-11,2026-03-21..2026-08-06,baccarat_bet02_101_all_pairs_incl_sentinel,round_win = game_pnl > 0 (decisive only),COMPATIBILITY_ONLY_NOT_PRODUCTION,296357.1217,267511.9505,6650.6079,18220,18206,-0.02244119,-0.04150452,-0.02020951,-0.02244119,-6650.6079,296357.1217,OK,0.0000,266.0243,4.0000,96.0000,AG03-UNRESOLVED,ALL5_LEVELS_bet23_to_bet27,266.0243,266.0243,266.0243,332.5304,332.5304,4.000000,4.000000,4.000000,5.000000,5.000000,96.000000,96.000000,96.000000,95.000000,95.000000,5.0,1463.1337,1340.2688,5187.4742,5310.3391,PENDING_AG03,FALSE,NOT_FOR_ENFORCEMENT,6384.5836,256811.4724,6650.6079,6384.5836,266.0243,0.02244119,0.02154355,266.0243,6384.5836,0.02154355,266.0243,266.0243,266.0243,332.5304,332.5304,6384.5836,0.02154355,1463.1337,1340.2688,5187.4742,5310.3391,0.01750413,0.01791872,0.00089765,16.2655,14.6936,0.3653,59.3804,1.1678,2646.0457,162.5536,12.4780,16.8648,9.0895,16.5695,22.0926,29.825,33.4482,44.5976,11.8163,0.0,2.018664,2.691552,0.981654,30,240,141,4,0.10479828,0.02244119,0.04150452,0E-8,0.000000,0.902668,0.011910,-0.02129501,2026-03-22,2026-08-05,112,5695,2177,137,0.817518,0.739886,0.767145,0.349328,,,,,,,,GLOBAL_BASELINE_NO_ENTITY_RANKING,,,NOT_APPLICABLE_GLOBAL_BASELINE,HF9g-P5,,,,X 全窗基线 · 不参与实体赏罚,14195113,1420,A168_HF9F_20260827_0900,2026-08-27 09:00:00
2026-04-27,110249610,1205,0,17.0427431999,-17.0427431999,-17.0427431999,0E-7,1,1,0.50665070000000000,0.506650700000,-1.013391052207602,-1.013391052207602,-1.013391052207602,0E-17,ELIGIBLE,R03b_20260811_FULL_v1,L1_ELIGIBILITY,v2026-08-11,2026-03-21..2026-08-06,baccarat_bet02_101_all_pairs_incl_sentinel,round_win = game_pnl > 0 (decisive only),COMPATIBILITY_ONLY_NOT_PRODUCTION,296357.1217,267511.9505,6650.6079,18220,18206,-0.02244119,-0.04150452,-0.02020951,-0.02244119,-6650.6079,296357.1217,OK,0.0000,266.0243,4.0000,96.0000,AG03-UNRESOLVED,ALL5_LEVELS_bet23_to_bet27,266.0243,266.0243,266.0243,332.5304,332.5304,4.000000,4.000000,4.000000,5.000000,5.000000,96.000000,96.000000,96.000000,95.000000,95.000000,5.0,1463.1337,1340.2688,5187.4742,5310.3391,PENDING_AG03,FALSE,NOT_FOR_ENFORCEMENT,6384.5836,256811.4724,6650.6079,6384.5836,266.0243,0.02244119,0.02154355,266.0243,6384.5836,0.02154355,266.0243,266.0243,266.0243,332.5304,332.5304,6384.5836,0.02154355,1463.1337,1340.2688,5187.4742,5310.3391,0.01750413,0.01791872,0.00089765,16.2655,14.6936,0.3653,59.3804,1.1678,2646.0457,162.5536,12.4780,16.8648,9.0895,16.5695,22.0926,29.825,33.4482,44.5976,11.8163,0.0,2.018664,2.691552,0.981654,30,240,141,4,0.10479828,0.02244119,0.04150452,0E-8,0.000000,0.902668,0.011910,-0.02129501,2026-03-22,2026-08-05,112,5695,2177,137,0.817518,0.739886,0.767145,0.349328,,,,,,,,GLOBAL_BASELINE_NO_ENTITY_RANKING,,,NOT_APPLICABLE_GLOBAL_BASELINE,HF9g-P5,,,,X 全窗基线 · 不参与实体赏罚,14195114,1420,A168_HF9F_20260827_0900,2026-08-27 09:00:00
2026-04-27,110249610,1258,0,5.6809144000,-5.6809144000,-5.6809144000,0E-7,1,1,0.50665070000000000,0.506650700000,-1.013391052207602,-1.013391052207602,-1.013391052207602,0E-17,ELIGIBLE,R03b_20260811_FULL_v1,L1_ELIGIBILITY,v2026-08-11,2026-03-21..2026-08-06,baccarat_bet02_101_all_pairs_incl_sentinel,round_win = game_pnl > 0 (decisive only),COMPATIBILITY_ONLY_NOT_PRODUCTION,296357.1217,267511.9505,6650.6079,18220,18206,-0.02244119,-0.04150452,-0.02020951,-0.02244119,-6650.6079,296357.1217,OK,0.0000,266.0243,4.0000,96.0000,AG03-UNRESOLVED,ALL5_LEVELS_bet23_to_bet27,266.0243,266.0243,266.0243,332.5304,332.5304,4.000000,4.000000,4.000000,5.000000,5.000000,96.000000,96.000000,96.000000,95.000000,95.000000,5.0,1463.1337,1340.2688,5187.4742,5310.3391,PENDING_AG03,FALSE,NOT_FOR_ENFORCEMENT,6384.5836,256811.4724,6650.6079,6384.5836,266.0243,0.02244119,0.02154355,266.0243,6384.5836,0.02154355,266.0243,266.0243,266.0243,332.5304,332.5304,6384.5836,0.02154355,1463.1337,1340.2688,5187.4742,5310.3391,0.01750413,0.01791872,0.00089765,16.2655,14.6936,0.3653,59.3804,1.1678,2646.0457,162.5536,12.4780,16.8648,9.0895,16.5695,22.0926,29.825,33.4482,44.5976,11.8163,0.0,2.018664,2.691552,0.981654,30,240,141,4,0.10479828,0.02244119,0.04150452,0E-8,0.000000,0.902668,0.011910,-0.02129501,2026-03-22,2026-08-05,112,5695,2177,137,0.817518,0.739886,0.767145,0.349328,,,,,,,,GLOBAL_BASELINE_NO_ENTITY_RANKING,,,NOT_APPLICABLE_GLOBAL_BASELINE,HF9g-P5,,,,X 全窗基线 · 不参与实体赏罚,14195115,1420,A168_HF9F_20260827_0900,2026-08-27 09:00:00
2026-04-27,110249610,1306,0,34.0854863998,-17.0427431999,-17.0427431999,0E-7,2,2,0.50665070000000000,0.506650700000,-1.013391052207602,-1.013391052207602,-1.013391052207602,0E-17,ELIGIBLE,R03b_20260811_FULL_v1,L1_ELIGIBILITY,v2026-08-11,2026-03-21..2026-08-06,baccarat_bet02_101_all_pairs_incl_sentinel,round_win = game_pnl > 0 (decisive only),COMPATIBILITY_ONLY_NOT_PRODUCTION,296357.1217,267511.9505,6650.6079,18220,18206,-0.02244119,-0.04150452,-0.02020951,-0.02244119,-6650.6079,296357.1217,OK,0.0000,266.0243,4.0000,96.0000,AG03-UNRESOLVED,ALL5_LEVELS_bet23_to_bet27,266.0243,266.0243,266.0243,332.5304,332.5304,4.000000,4.000000,4.000000,5.000000,5.000000,96.000000,96.000000,96.000000,95.000000,95.000000,5.0,1463.1337,1340.2688,5187.4742,5310.3391,PENDING_AG03,FALSE,NOT_FOR_ENFORCEMENT,6384.5836,256811.4724,6650.6079,6384.5836,266.0243,0.02244119,0.02154355,266.0243,6384.5836,0.02154355,266.0243,266.0243,266.0243,332.5304,332.5304,6384.5836,0.02154355,1463.1337,1340.2688,5187.4742,5310.3391,0.01750413,0.01791872,0.00089765,16.2655,14.6936,0.3653,59.3804,1.1678,2646.0457,162.5536,12.4780,16.8648,9.0895,16.5695,22.0926,29.825,33.4482,44.5976,11.8163,0.0,2.018664,2.691552,0.981654,30,240,141,4,0.10479828,0.02244119,0.04150452,0E-8,0.000000,0.902668,0.011910,-0.02129501,2026-03-22,2026-08-05,112,5695,2177,137,0.817518,0.739886,0.767145,0.349328,,,,,,,,GLOBAL_BASELINE_NO_ENTITY_RANKING,,,NOT_APPLICABLE_GLOBAL_BASELINE,HF9g-P5,,,,X 全窗基线 · 不参与实体赏罚,14195116,1420,A168_HF9F_20260827_0900,2026-08-27 09:00:00
2026-04-27,110249610,1325,0,2.2723657600,-2.2723657600,-2.2723657600,0E-7,1,1,0.49324550000000000,0.493245500000,-0.9865810262130424,-0.9865810262130424,-0.9865810262130424,0E-17,ELIGIBLE,R03b_20260811_FULL_v1,L1_ELIGIBILITY,v2026-08-11,2026-03-21..2026-08-06,baccarat_bet02_101_all_pairs_incl_sentinel,round_win = game_pnl > 0 (decisive only),COMPATIBILITY_ONLY_NOT_PRODUCTION,296357.1217,267511.9505,6650.6079,18220,18206,-0.02244119,-0.04150452,-0.02020951,-0.02244119,-6650.6079,296357.1217,OK,0.0000,266.0243,4.0000,96.0000,AG03-UNRESOLVED,ALL5_LEVELS_bet23_to_bet27,266.0243,266.0243,266.0243,332.5304,332.5304,4.000000,4.000000,4.000000,5.000000,5.000000,96.000000,96.000000,96.000000,95.000000,95.000000,5.0,1463.1337,1340.2688,5187.4742,5310.3391,PENDING_AG03,FALSE,NOT_FOR_ENFORCEMENT,6384.5836,256811.4724,6650.6079,6384.5836,266.0243,0.02244119,0.02154355,266.0243,6384.5836,0.02154355,266.0243,266.0243,266.0243,332.5304,332.5304,6384.5836,0.02154355,1463.1337,1340.2688,5187.4742,5310.3391,0.01750413,0.01791872,0.00089765,16.2655,14.6936,0.3653,59.3804,1.1678,2646.0457,162.5536,12.4780,16.8648,9.0895,16.5695,22.0926,29.825,33.4482,44.5976,11.8163,0.0,2.018664,2.691552,0.981654,30,240,141,4,0.10479828,0.02244119,0.04150452,0E-8,0.000000,0.902668,0.011910,-0.02129501,2026-03-22,2026-08-05,112,5695,2177,137,0.817518,0.739886,0.767145,0.349328,,,,,,,,GLOBAL_BASELINE_NO_ENTITY_RANKING,,,NOT_APPLICABLE_GLOBAL_BASELINE,HF9g-P5,,,,X 全窗基线 · 不参与实体赏罚,14195117,1420,A168_HF9F_20260827_0900,2026-08-27 09:00:00
2026-04-27,110249610,1383,0,56.2410525597,-11.9299202399,-11.9299202399,0.3333333,3,3,0.49771390000000000,0.497713900000,-0.5694369385616226,-0.5694369385616226,-0.5694369385616226,0E-17,ELIGIBLE,R03b_20260811_FULL_v1,L1_ELIGIBILITY,v2026-08-11,2026-03-21..2026-08-06,baccarat_bet02_101_all_pairs_incl_sentinel,round_win = game_pnl > 0 (decisive only),COMPATIBILITY_ONLY_NOT_PRODUCTION,296357.1217,267511.9505,6650.6079,18220,18206,-0.02244119,-0.04150452,-0.02020951,-0.02244119,-6650.6079,296357.1217,OK,0.0000,266.0243,4.0000,96.0000,AG03-UNRESOLVED,ALL5_LEVELS_bet23_to_bet27,266.0243,266.0243,266.0243,332.5304,332.5304,4.000000,4.000000,4.000000,5.000000,5.000000,96.000000,96.000000,96.000000,95.000000,95.000000,5.0,1463.1337,1340.2688,5187.4742,5310.3391,PENDING_AG03,FALSE,NOT_FOR_ENFORCEMENT,6384.5836,256811.4724,6650.6079,6384.5836,266.0243,0.02244119,0.02154355,266.0243,6384.5836,0.02154355,266.0243,266.0243,266.0243,332.5304,332.5304,6384.5836,0.02154355,1463.1337,1340.2688,5187.4742,5310.3391,0.01750413,0.01791872,0.00089765,16.2655,14.6936,0.3653,59.3804,1.1678,2646.0457,162.5536,12.4780,16.8648,9.0895,16.5695,22.0926,29.825,33.4482,44.5976,11.8163,0.0,2.018664,2.691552,0.981654,30,240,141,4,0.10479828,0.02244119,0.04150452,0E-8,0.000000,0.902668,0.011910,-0.02129501,2026-03-22,2026-08-05,112,5695,2177,137,0.817518,0.739886,0.767145,0.349328,,,,,,,,GLOBAL_BASELINE_NO_ENTITY_RANKING,,,NOT_APPLICABLE_GLOBAL_BASELINE,HF9g-P5,,,,X 全窗基线 · 不参与实体赏罚,14195118,1420,A168_HF9F_20260827_0900,2026-08-27 09:00:00
2026-04-27,110249610,1399,0,23.0645124640,8.7826936624,8.7826936624,0.8571429,8,8,0.50665070000000000,0.506650700000,1.8547942576316225,1.8547942576316225,1.8547942576316225,0E-17,ELIGIBLE,R03b_20260811_FULL_v1,L1_ELIGIBILITY,v2026-08-11,2026-03-21..2026-08-06,baccarat_bet02_101_all_pairs_incl_sentinel,round_win = game_pnl > 0 (decisive only),COMPATIBILITY_ONLY_NOT_PRODUCTION,296357.1217,267511.9505,6650.6079,18220,18206,-0.02244119,-0.04150452,-0.02020951,-0.02244119,-6650.6079,296357.1217,OK,0.0000,266.0243,4.0000,96.0000,AG03-UNRESOLVED,ALL5_LEVELS_bet23_to_bet27,266.0243,266.0243,266.0243,332.5304,332.5304,4.000000,4.000000,4.000000,5.000000,5.000000,96.000000,96.000000,96.000000,95.000000,95.000000,5.0,1463.1337,1340.2688,5187.4742,5310.3391,PENDING_AG03,FALSE,NOT_FOR_ENFORCEMENT,6384.5836,256811.4724,6650.6079,6384.5836,266.0243,0.02244119,0.02154355,266.0243,6384.5836,0.02154355,266.0243,266.0243,266.0243,332.5304,332.5304,6384.5836,0.02154355,1463.1337,1340.2688,5187.4742,5310.3391,0.01750413,0.01791872,0.00089765,16.2655,14.6936,0.3653,59.3804,1.1678,2646.0457,162.5536,12.4780,16.8648,9.0895,16.5695,22.0926,29.825,33.4482,44.5976,11.8163,0.0,2.018664,2.691552,0.981654,30,240,141,4,0.10479828,0.02244119,0.04150452,0E-8,0.000000,0.902668,0.011910,-0.02129501,2026-03-22,2026-08-05,112,5695,2177,137,0.817518,0.739886,0.767145,0.349328,,,,,,,,GLOBAL_BASELINE_NO_ENTITY_RANKING,,,NOT_APPLICABLE_GLOBAL_BASELINE,HF9g-P5,,,,X 全窗基线 · 不参与实体赏罚,14195119,1420,A168_HF9F_20260827_0900,2026-08-27 09:00:00
2026-04-27,110249610,1485,0,30.6769377600,-15.1112323040,-15.1112323040,0.5000000,4,4,0.50329940000000000,0.503299400000,-0.01319788734859681,-0.01319788734859681,-0.01319788734859681,0E-17,ELIGIBLE,R03b_20260811_FULL_v1,L1_ELIGIBILITY,v2026-08-11,2026-03-21..2026-08-06,baccarat_bet02_101_all_pairs_incl_sentinel,round_win = game_pnl > 0 (decisive only),COMPATIBILITY_ONLY_NOT_PRODUCTION,296357.1217,267511.9505,6650.6079,18220,18206,-0.02244119,-0.04150452,-0.02020951,-0.02244119,-6650.6079,296357.1217,OK,0.0000,266.0243,4.0000,96.0000,AG03-UNRESOLVED,ALL5_LEVELS_bet23_to_bet27,266.0243,266.0243,266.0243,332.5304,332.5304,4.000000,4.000000,4.000000,5.000000,5.000000,96.000000,96.000000,96.000000,95.000000,95.000000,5.0,1463.1337,1340.2688,5187.4742,5310.3391,PENDING_AG03,FALSE,NOT_FOR_ENFORCEMENT,6384.5836,256811.4724,6650.6079,6384.5836,266.0243,0.02244119,0.02154355,266.0243,6384.5836,0.02154355,266.0243,266.0243,266.0243,332.5304,332.5304,6384.5836,0.02154355,1463.1337,1340.2688,5187.4742,5310.3391,0.01750413,0.01791872,0.00089765,16.2655,14.6936,0.3653,59.3804,1.1678,2646.0457,162.5536,12.4780,16.8648,9.0895,16.5695,22.0926,29.825,33.4482,44.5976,11.8163,0.0,2.018664,2.691552,0.981654,30,240,141,4,0.10479828,0.02244119,0.04150452,0E-8,0.000000,0.902668,0.011910,-0.02129501,2026-03-22,2026-08-05,112,5695,2177,137,0.817518,0.739886,0.767145,0.349328,,,,,,,,GLOBAL_BASELINE_NO_ENTITY_RANKING,,,NOT_APPLICABLE_GLOBAL_BASELINE,HF9g-P5,,,,X 全窗基线 · 不参与实体赏罚,14195120,1420,A168_HF9F_20260827_0900,2026-08-27 09:00:00
2026-04-27,110249610,1490,0,11.3618288000,-11.3618288000,-11.3618288000,0E-7,1,1,0.49324550000000000,0.493245500000,-0.9865810262130424,-0.9865810262130424,-0.9865810262130424,0E-17,ELIGIBLE,R03b_20260811_FULL_v1,L1_ELIGIBILITY,v2026-08-11,2026-03-21..2026-08-06,baccarat_bet02_101_all_pairs_incl_sentinel,round_win = game_pnl > 0 (decisive only),COMPATIBILITY_ONLY_NOT_PRODUCTION,296357.1217,267511.9505,6650.6079,18220,18206,-0.02244119,-0.04150452,-0.02020951,-0.02244119,-6650.6079,296357.1217,OK,0.0000,266.0243,4.0000,96.0000,AG03-UNRESOLVED,ALL5_LEVELS_bet23_to_bet27,266.0243,266.0243,266.0243,332.5304,332.5304,4.000000,4.000000,4.000000,5.000000,5.000000,96.000000,96.000000,96.000000,95.000000,95.000000,5.0,1463.1337,1340.2688,5187.4742,5310.3391,PENDING_AG03,FALSE,NOT_FOR_ENFORCEMENT,6384.5836,256811.4724,6650.6079,6384.5836,266.0243,0.02244119,0.02154355,266.0243,6384.5836,0.02154355,266.0243,266.0243,266.0243,332.5304,332.5304,6384.5836,0.02154355,1463.1337,1340.2688,5187.4742,5310.3391,0.01750413,0.01791872,0.00089765,16.2655,14.6936,0.3653,59.3804,1.1678,2646.0457,162.5536,12.4780,16.8648,9.0895,16.5695,22.0926,29.825,33.4482,44.5976,11.8163,0.0,2.018664,2.691552,0.981654,30,240,141,4,0.10479828,0.02244119,0.04150452,0E-8,0.000000,0.902668,0.011910,-0.02129501,2026-03-22,2026-08-05,112,5695,2177,137,0.817518,0.739886,0.767145,0.349328,,,,,,,,GLOBAL_BASELINE_NO_ENTITY_RANKING,,,NOT_APPLICABLE_GLOBAL_BASELINE,HF9g-P5,,,,X 全窗基线 · 不参与实体赏罚,14195121,1420,A168_HF9F_20260827_0900,2026-08-27 09:00:00
2026-04-27,110249610,1623,0,65.8986070398,-1.6474651760,-1.6474651760,0.5000000,4,4,0.50665070000000000,0.506650700000,-0.02660515369234503,-0.02660515369234503,-0.02660515369234503,0E-17,ELIGIBLE,R03b_20260811_FULL_v1,L1_ELIGIBILITY,v2026-08-11,2026-03-21..2026-08-06,baccarat_bet02_101_all_pairs_incl_sentinel,round_win = game_pnl > 0 (decisive only),COMPATIBILITY_ONLY_NOT_PRODUCTION,296357.1217,267511.9505,6650.6079,18220,18206,-0.02244119,-0.04150452,-0.02020951,-0.02244119,-6650.6079,296357.1217,OK,0.0000,266.0243,4.0000,96.0000,AG03-UNRESOLVED,ALL5_LEVELS_bet23_to_bet27,266.0243,266.0243,266.0243,332.5304,332.5304,4.000000,4.000000,4.000000,5.000000,5.000000,96.000000,96.000000,96.000000,95.000000,95.000000,5.0,1463.1337,1340.2688,5187.4742,5310.3391,PENDING_AG03,FALSE,NOT_FOR_ENFORCEMENT,6384.5836,256811.4724,6650.6079,6384.5836,266.0243,0.02244119,0.02154355,266.0243,6384.5836,0.02154355,266.0243,266.0243,266.0243,332.5304,332.5304,6384.5836,0.02154355,1463.1337,1340.2688,5187.4742,5310.3391,0.01750413,0.01791872,0.00089765,16.2655,14.6936,0.3653,59.3804,1.1678,2646.0457,162.5536,12.4780,16.8648,9.0895,16.5695,22.0926,29.825,33.4482,44.5976,11.8163,0.0,2.018664,2.691552,0.981654,30,240,141,4,0.10479828,0.02244119,0.04150452,0E-8,0.000000,0.902668,0.011910,-0.02129501,2026-03-22,2026-08-05,112,5695,2177,137,0.817518,0.739886,0.767145,0.349328,,,,,,,,GLOBAL_BASELINE_NO_ENTITY_RANKING,,,NOT_APPLICABLE_GLOBAL_BASELINE,HF9g-P5,,,,X 全窗基线 · 不参与实体赏罚,14195122,1420,A168_HF9F_20260827_0900,2026-08-27 09:00:00
2026-04-27,110249610,1940,0,46.5834980798,8.8054173200,8.8054173200,0.5000000,4,4,0.50665070000000000,0.506650700000,-0.02660515369234503,-0.02660515369234503,-0.02660515369234503,0E-17,ELIGIBLE,R03b_20260811_FULL_v1,L1_ELIGIBILITY,v2026-08-11,2026-03-21..2026-08-06,baccarat_bet02_101_all_pairs_incl_sentinel,round_win = game_pnl > 0 (decisive only),COMPATIBILITY_ONLY_NOT_PRODUCTION,296357.1217,267511.9505,6650.6079,18220,18206,-0.02244119,-0.04150452,-0.02020951,-0.02244119,-6650.6079,296357.1217,OK,0.0000,266.0243,4.0000,96.0000,AG03-UNRESOLVED,ALL5_LEVELS_bet23_to_bet27,266.0243,266.0243,266.0243,332.5304,332.5304,4.000000,4.000000,4.000000,5.000000,5.000000,96.000000,96.000000,96.000000,95.000000,95.000000,5.0,1463.1337,1340.2688,5187.4742,5310.3391,PENDING_AG03,FALSE,NOT_FOR_ENFORCEMENT,6384.5836,256811.4724,6650.6079,6384.5836,266.0243,0.02244119,0.02154355,266.0243,6384.5836,0.02154355,266.0243,266.0243,266.0243,332.5304,332.5304,6384.5836,0.02154355,1463.1337,1340.2688,5187.4742,5310.3391,0.01750413,0.01791872,0.00089765,16.2655,14.6936,0.3653,59.3804,1.1678,2646.0457,162.5536,12.4780,16.8648,9.0895,16.5695,22.0926,29.825,33.4482,44.5976,11.8163,0.0,2.018664,2.691552,0.981654,30,240,141,4,0.10479828,0.02244119,0.04150452,0E-8,0.000000,0.902668,0.011910,-0.02129501,2026-03-22,2026-08-05,112,5695,2177,137,0.817518,0.739886,0.767145,0.349328,,,,,,,,GLOBAL_BASELINE_NO_ENTITY_RANKING,,,NOT_APPLICABLE_GLOBAL_BASELINE,HF9g-P5,,,,X 全窗基线 · 不参与实体赏罚,14195123,1420,A168_HF9F_20260827_0900,2026-08-27 09:00:00
2026-04-27,110249610,1990,0,6.8170972800,-2.3859840480,-2.3859840480,0.5000000,2,2,0.50665070000000000,0.506650700000,-0.018812684590367487,-0.018812684590367487,-0.018812684590367487,0E-17,ELIGIBLE,R03b_20260811_FULL_v1,L1_ELIGIBILITY,v2026-08-11,2026-03-21..2026-08-06,baccarat_bet02_101_all_pairs_incl_sentinel,round_win = game_pnl > 0 (decisive only),COMPATIBILITY_ONLY_NOT_PRODUCTION,296357.1217,267511.9505,6650.6079,18220,18206,-0.02244119,-0.04150452,-0.02020951,-0.02244119,-6650.6079,296357.1217,OK,0.0000,266.0243,4.0000,96.0000,AG03-UNRESOLVED,ALL5_LEVELS_bet23_to_bet27,266.0243,266.0243,266.0243,332.5304,332.5304,4.000000,4.000000,4.000000,5.000000,5.000000,96.000000,96.000000,96.000000,95.000000,95.000000,5.0,1463.1337,1340.2688,5187.4742,5310.3391,PENDING_AG03,FALSE,NOT_FOR_ENFORCEMENT,6384.5836,256811.4724,6650.6079,6384.5836,266.0243,0.02244119,0.02154355,266.0243,6384.5836,0.02154355,266.0243,266.0243,266.0243,332.5304,332.5304,6384.5836,0.02154355,1463.1337,1340.2688,5187.4742,5310.3391,0.01750413,0.01791872,0.00089765,16.2655,14.6936,0.3653,59.3804,1.1678,2646.0457,162.5536,12.4780,16.8648,9.0895,16.5695,22.0926,29.825,33.4482,44.5976,11.8163,0.0,2.018664,2.691552,0.981654,30,240,141,4,0.10479828,0.02244119,0.04150452,0E-8,0.000000,0.902668,0.011910,-0.02129501,2026-03-22,2026-08-05,112,5695,2177,137,0.817518,0.739886,0.767145,0.349328,,,,,,,,GLOBAL_BASELINE_NO_ENTITY_RANKING,,,NOT_APPLICABLE_GLOBAL_BASELINE,HF9g-P5,,,,X 全窗基线 · 不参与实体赏罚,14195124,1420,A168_HF9F_20260827_0900,2026-08-27 09:00:00
2026-04-27,110249610,2103,0,86.3498988796,11.1345922240,11.1345922240,0.6000000,5,5,0.50396966000000000,0.503969660000,0.4294742719815242,0.4294742719815242,0.4294742719815242,0E-17,ELIGIBLE,R03b_20260811_FULL_v1,L1_ELIGIBILITY,v2026-08-11,2026-03-21..2026-08-06,baccarat_bet02_101_all_pairs_incl_sentinel,round_win = game_pnl > 0 (decisive only),COMPATIBILITY_ONLY_NOT_PRODUCTION,296357.1217,267511.9505,6650.6079,18220,18206,-0.02244119,-0.04150452,-0.02020951,-0.02244119,-6650.6079,296357.1217,OK,0.0000,266.0243,4.0000,96.0000,AG03-UNRESOLVED,ALL5_LEVELS_bet23_to_bet27,266.0243,266.0243,266.0243,332.5304,332.5304,4.000000,4.000000,4.000000,5.000000,5.000000,96.000000,96.000000,96.000000,95.000000,95.000000,5.0,1463.1337,1340.2688,5187.4742,5310.3391,PENDING_AG03,FALSE,NOT_FOR_ENFORCEMENT,6384.5836,256811.4724,6650.6079,6384.5836,266.0243,0.02244119,0.02154355,266.0243,6384.5836,0.02154355,266.0243,266.0243,266.0243,332.5304,332.5304,6384.5836,0.02154355,1463.1337,1340.2688,5187.4742,5310.3391,0.01750413,0.01791872,0.00089765,16.2655,14.6936,0.3653,59.3804,1.1678,2646.0457,162.5536,12.4780,16.8648,9.0895,16.5695,22.0926,29.825,33.4482,44.5976,11.8163,0.0,2.018664,2.691552,0.981654,30,240,141,4,0.10479828,0.02244119,0.04150452,0E-8,0.000000,0.902668,0.011910,-0.02129501,2026-03-22,2026-08-05,112,5695,2177,137,0.817518,0.739886,0.767145,0.349328,,,,,,,,GLOBAL_BASELINE_NO_ENTITY_RANKING,,,NOT_APPLICABLE_GLOBAL_BASELINE,HF9g-P5,,,,X 全窗基线 · 不参与实体赏罚,14195125,1420,A168_HF9F_20260827_0900,2026-08-27 09:00:00
2026-04-27,110249610,2106,0,10.7937373600,4.5447315200,4.5447315200,1.0000000,2,2,0.49324550000000000,0.493245500000,1.01360149184955,1.01360149184955,1.01360149184955,0E-17,ELIGIBLE,R03b_20260811_FULL_v1,L1_ELIGIBILITY,v2026-08-11,2026-03-21..2026-08-06,baccarat_bet02_101_all_pairs_incl_sentinel,round_win = game_pnl > 0 (decisive only),COMPATIBILITY_ONLY_NOT_PRODUCTION,296357.1217,267511.9505,6650.6079,18220,18206,-0.02244119,-0.04150452,-0.02020951,-0.02244119,-6650.6079,296357.1217,OK,0.0000,266.0243,4.0000,96.0000,AG03-UNRESOLVED,ALL5_LEVELS_bet23_to_bet27,266.0243,266.0243,266.0243,332.5304,332.5304,4.000000,4.000000,4.000000,5.000000,5.000000,96.000000,96.000000,96.000000,95.000000,95.000000,5.0,1463.1337,1340.2688,5187.4742,5310.3391,PENDING_AG03,FALSE,NOT_FOR_ENFORCEMENT,6384.5836,256811.4724,6650.6079,6384.5836,266.0243,0.02244119,0.02154355,266.0243,6384.5836,0.02154355,266.0243,266.0243,266.0243,332.5304,332.5304,6384.5836,0.02154355,1463.1337,1340.2688,5187.4742,5310.3391,0.01750413,0.01791872,0.00089765,16.2655,14.6936,0.3653,59.3804,1.1678,2646.0457,162.5536,12.4780,16.8648,9.0895,16.5695,22.0926,29.825,33.4482,44.5976,11.8163,0.0,2.018664,2.691552,0.981654,30,240,141,4,0.10479828,0.02244119,0.04150452,0E-8,0.000000,0.902668,0.011910,-0.02129501,2026-03-22,2026-08-05,112,5695,2177,137,0.817518,0.739886,0.767145,0.349328,,,,,,,,GLOBAL_BASELINE_NO_ENTITY_RANKING,,,NOT_APPLICABLE_GLOBAL_BASELINE,HF9g-P5,,,,X 全窗基线 · 不参与实体赏罚,14195126,1420,A168_HF9F_20260827_0900,2026-08-27 09:00:00
2026-04-27,110249610,2123,0,70.4433385600,27.3820074080,27.3820074080,0.7500000,10,10,0.50665070000000000,0.506650700000,1.3767133162484293,1.3767133162484293,1.3767133162484293,0E-17,ELIGIBLE,R03b_20260811_FULL_v1,L1_ELIGIBILITY,v2026-08-11,2026-03-21..2026-08-06,baccarat_bet02_101_all_pairs_incl_sentinel,round_win = game_pnl > 0 (decisive only),COMPATIBILITY_ONLY_NOT_PRODUCTION,296357.1217,267511.9505,6650.6079,18220,18206,-0.02244119,-0.04150452,-0.02020951,-0.02244119,-6650.6079,296357.1217,OK,0.0000,266.0243,4.0000,96.0000,AG03-UNRESOLVED,ALL5_LEVELS_bet23_to_bet27,266.0243,266.0243,266.0243,332.5304,332.5304,4.000000,4.000000,4.000000,5.000000,5.000000,96.000000,96.000000,96.000000,95.000000,95.000000,5.0,1463.1337,1340.2688,5187.4742,5310.3391,PENDING_AG03,FALSE,NOT_FOR_ENFORCEMENT,6384.5836,256811.4724,6650.6079,6384.5836,266.0243,0.02244119,0.02154355,266.0243,6384.5836,0.02154355,266.0243,266.0243,266.0243,332.5304,332.5304,6384.5836,0.02154355,1463.1337,1340.2688,5187.4742,5310.3391,0.01750413,0.01791872,0.00089765,16.2655,14.6936,0.3653,59.3804,1.1678,2646.0457,162.5536,12.4780,16.8648,9.0895,16.5695,22.0926,29.825,33.4482,44.5976,11.8163,0.0,2.018664,2.691552,0.981654,30,240,141,4,0.10479828,0.02244119,0.04150452,0E-8,0.000000,0.902668,0.011910,-0.02129501,2026-03-22,2026-08-05,112,5695,2177,137,0.817518,0.739886,0.767145,0.349328,,,,,,,,GLOBAL_BASELINE_NO_ENTITY_RANKING,,,NOT_APPLICABLE_GLOBAL_BASELINE,HF9g-P5,,,,X 全窗基线 · 不参与实体赏罚,14195127,1420,A168_HF9F_20260827_0900,2026-08-27 09:00:00
2026-04-27,110249610,2141,0,2.2723657600,0E-10,0E-10,,1,1,0.50665070000000000,0.506650700000,,,,0E-17,NO_DECISIVE_ROUND,R03b_20260811_FULL_v1,L1_ELIGIBILITY,v2026-08-11,2026-03-21..2026-08-06,baccarat_bet02_101_all_pairs_incl_sentinel,round_win = game_pnl > 0 (decisive only),COMPATIBILITY_ONLY_NOT_PRODUCTION,296357.1217,267511.9505,6650.6079,18220,18206,-0.02244119,-0.04150452,-0.02020951,-0.02244119,-6650.6079,296357.1217,OK,0.0000,266.0243,4.0000,96.0000,AG03-UNRESOLVED,ALL5_LEVELS_bet23_to_bet27,266.0243,266.0243,266.0243,332.5304,332.5304,4.000000,4.000000,4.000000,5.000000,5.000000,96.000000,96.000000,96.000000,95.000000,95.000000,5.0,1463.1337,1340.2688,5187.4742,5310.3391,PENDING_AG03,FALSE,NOT_FOR_ENFORCEMENT,6384.5836,256811.4724,6650.6079,6384.5836,266.0243,0.02244119,0.02154355,266.0243,6384.5836,0.02154355,266.0243,266.0243,266.0243,332.5304,332.5304,6384.5836,0.02154355,1463.1337,1340.2688,5187.4742,5310.3391,0.01750413,0.01791872,0.00089765,16.2655,14.6936,0.3653,59.3804,1.1678,2646.0457,162.5536,12.4780,16.8648,9.0895,16.5695,22.0926,29.825,33.4482,44.5976,11.8163,0.0,2.018664,2.691552,0.981654,30,240,141,4,0.10479828,0.02244119,0.04150452,0E-8,0.000000,0.902668,0.011910,-0.02129501,2026-03-22,2026-08-05,112,5695,2177,137,0.817518,0.739886,0.767145,0.349328,,,,,,,,GLOBAL_BASELINE_NO_ENTITY_RANKING,,,NOT_APPLICABLE_GLOBAL_BASELINE,HF9g-P5,,,,X 全窗基线 · 不参与实体赏罚,14195128,1420,A168_HF9F_20260827_0900,2026-08-27 09:00:00
2026-04-27,110249610,2142,0,108.5054650395,40.3344922397,40.3344922397,0.6666667,6,6,0.49547970000000000,0.495479700000,0.83867571210634,0.83867571210634,0.83867571210634,0E-17,ELIGIBLE,R03b_20260811_FULL_v1,L1_ELIGIBILITY,v2026-08-11,2026-03-21..2026-08-06,baccarat_bet02_101_all_pairs_incl_sentinel,round_win = game_pnl > 0 (decisive only),COMPATIBILITY_ONLY_NOT_PRODUCTION,296357.1217,267511.9505,6650.6079,18220,18206,-0.02244119,-0.04150452,-0.02020951,-0.02244119,-6650.6079,296357.1217,OK,0.0000,266.0243,4.0000,96.0000,AG03-UNRESOLVED,ALL5_LEVELS_bet23_to_bet27,266.0243,266.0243,266.0243,332.5304,332.5304,4.000000,4.000000,4.000000,5.000000,5.000000,96.000000,96.000000,96.000000,95.000000,95.000000,5.0,1463.1337,1340.2688,5187.4742,5310.3391,PENDING_AG03,FALSE,NOT_FOR_ENFORCEMENT,6384.5836,256811.4724,6650.6079,6384.5836,266.0243,0.02244119,0.02154355,266.0243,6384.5836,0.02154355,266.0243,266.0243,266.0243,332.5304,332.5304,6384.5836,0.02154355,1463.1337,1340.2688,5187.4742,5310.3391,0.01750413,0.01791872,0.00089765,16.2655,14.6936,0.3653,59.3804,1.1678,2646.0457,162.5536,12.4780,16.8648,9.0895,16.5695,22.0926,29.825,33.4482,44.5976,11.8163,0.0,2.018664,2.691552,0.981654,30,240,141,4,0.10479828,0.02244119,0.04150452,0E-8,0.000000,0.902668,0.011910,-0.02129501,2026-03-22,2026-08-05,112,5695,2177,137,0.817518,0.739886,0.767145,0.349328,,,,,,,,GLOBAL_BASELINE_NO_ENTITY_RANKING,,,NOT_APPLICABLE_GLOBAL_BASELINE,HF9g-P5,,,,X 全窗基线 · 不参与实体赏罚,14195129,1420,A168_HF9F_20260827_0900,2026-08-27 09:00:00
2026-04-27,110249610,2152,0,4.3174949440,-4.3174949440,-4.3174949440,0E-7,1,1,0.50665070000000000,0.506650700000,-1.013391052207602,-1.013391052207602,-1.013391052207602,0E-17,ELIGIBLE,R03b_20260811_FULL_v1,L1_ELIGIBILITY,v2026-08-11,2026-03-21..2026-08-06,baccarat_bet02_101_all_pairs_incl_sentinel,round_win = game_pnl > 0 (decisive only),COMPATIBILITY_ONLY_NOT_PRODUCTION,296357.1217,267511.9505,6650.6079,18220,18206,-0.02244119,-0.04150452,-0.02020951,-0.02244119,-6650.6079,296357.1217,OK,0.0000,266.0243,4.0000,96.0000,AG03-UNRESOLVED,ALL5_LEVELS_bet23_to_bet27,266.0243,266.0243,266.0243,332.5304,332.5304,4.000000,4.000000,4.000000,5.000000,5.000000,96.000000,96.000000,96.000000,95.000000,95.000000,5.0,1463.1337,1340.2688,5187.4742,5310.3391,PENDING_AG03,FALSE,NOT_FOR_ENFORCEMENT,6384.5836,256811.4724,6650.6079,6384.5836,266.0243,0.02244119,0.02154355,266.0243,6384.5836,0.02154355,266.0243,266.0243,266.0243,332.5304,332.5304,6384.5836,0.02154355,1463.1337,1340.2688,5187.4742,5310.3391,0.01750413,0.01791872,0.00089765,16.2655,14.6936,0.3653,59.3804,1.1678,2646.0457,162.5536,12.4780,16.8648,9.0895,16.5695,22.0926,29.825,33.4482,44.5976,11.8163,0.0,2.018664,2.691552,0.981654,30,240,141,4,0.10479828,0.02244119,0.04150452,0E-8,0.000000,0.902668,0.011910,-0.02129501,2026-03-22,2026-08-05,112,5695,2177,137,0.817518,0.739886,0.767145,0.349328,,,,,,,,GLOBAL_BASELINE_NO_ENTITY_RANKING,,,NOT_APPLICABLE_GLOBAL_BASELINE,HF9g-P5,,,,X 全窗基线 · 不参与实体赏罚,14195130,1420,A168_HF9F_20260827_0900,2026-08-27 09:00:00
2026-04-27,110249610,2160,0,89.1903560797,44.8792237599,44.8792237599,0.8571429,7,7,0.49324550000000000,0.493245500000,1.925739544596175,1.9257395445961751,1.925739544596175,0E-17,ELIGIBLE,R03b_20260811_FULL_v1,L1_ELIGIBILITY,v2026-08-11,2026-03-21..2026-08-06,baccarat_bet02_101_all_pairs_incl_sentinel,round_win = game_pnl > 0 (decisive only),COMPATIBILITY_ONLY_NOT_PRODUCTION,296357.1217,267511.9505,6650.6079,18220,18206,-0.02244119,-0.04150452,-0.02020951,-0.02244119,-6650.6079,296357.1217,OK,0.0000,266.0243,4.0000,96.0000,AG03-UNRESOLVED,ALL5_LEVELS_bet23_to_bet27,266.0243,266.0243,266.0243,332.5304,332.5304,4.000000,4.000000,4.000000,5.000000,5.000000,96.000000,96.000000,96.000000,95.000000,95.000000,5.0,1463.1337,1340.2688,5187.4742,5310.3391,PENDING_AG03,FALSE,NOT_FOR_ENFORCEMENT,6384.5836,256811.4724,6650.6079,6384.5836,266.0243,0.02244119,0.02154355,266.0243,6384.5836,0.02154355,266.0243,266.0243,266.0243,332.5304,332.5304,6384.5836,0.02154355,1463.1337,1340.2688,5187.4742,5310.3391,0.01750413,0.01791872,0.00089765,16.2655,14.6936,0.3653,59.3804,1.1678,2646.0457,162.5536,12.4780,16.8648,9.0895,16.5695,22.0926,29.825,33.4482,44.5976,11.8163,0.0,2.018664,2.691552,0.981654,30,240,141,4,0.10479828,0.02244119,0.04150452,0E-8,0.000000,0.902668,0.011910,-0.02129501,2026-03-22,2026-08-05,112,5695,2177,137,0.817518,0.739886,0.767145,0.349328,,,,,,,,GLOBAL_BASELINE_NO_ENTITY_RANKING,,,NOT_APPLICABLE_GLOBAL_BASELINE,HF9g-P5,,,,X 全窗基线 · 不参与实体赏罚,14195131,1420,A168_HF9F_20260827_0900,2026-08-27 09:00:00
2026-04-27,110249610,2188,0,32.9493035199,-32.9493035199,-32.9493035199,0E-7,3,3,0.50218230000000000,0.502182300000,-1.7396270863184011,-1.7396270863184016,-1.7396270863184011,0E-17,ELIGIBLE,R03b_20260811_FULL_v1,L1_ELIGIBILITY,v2026-08-11,2026-03-21..2026-08-06,baccarat_bet02_101_all_pairs_incl_sentinel,round_win = game_pnl > 0 (decisive only),COMPATIBILITY_ONLY_NOT_PRODUCTION,296357.1217,267511.9505,6650.6079,18220,18206,-0.02244119,-0.04150452,-0.02020951,-0.02244119,-6650.6079,296357.1217,OK,0.0000,266.0243,4.0000,96.0000,AG03-UNRESOLVED,ALL5_LEVELS_bet23_to_bet27,266.0243,266.0243,266.0243,332.5304,332.5304,4.000000,4.000000,4.000000,5.000000,5.000000,96.000000,96.000000,96.000000,95.000000,95.000000,5.0,1463.1337,1340.2688,5187.4742,5310.3391,PENDING_AG03,FALSE,NOT_FOR_ENFORCEMENT,6384.5836,256811.4724,6650.6079,6384.5836,266.0243,0.02244119,0.02154355,266.0243,6384.5836,0.02154355,266.0243,266.0243,266.0243,332.5304,332.5304,6384.5836,0.02154355,1463.1337,1340.2688,5187.4742,5310.3391,0.01750413,0.01791872,0.00089765,16.2655,14.6936,0.3653,59.3804,1.1678,2646.0457,162.5536,12.4780,16.8648,9.0895,16.5695,22.0926,29.825,33.4482,44.5976,11.8163,0.0,2.018664,2.691552,0.981654,30,240,141,4,0.10479828,0.02244119,0.04150452,0E-8,0.000000,0.902668,0.011910,-0.02129501,2026-03-22,2026-08-05,112,5695,2177,137,0.817518,0.739886,0.767145,0.349328,,,,,,,,GLOBAL_BASELINE_NO_ENTITY_RANKING,,,NOT_APPLICABLE_GLOBAL_BASELINE,HF9g-P5,,,,X 全窗基线 · 不参与实体赏罚,14195132,1420,A168_HF9F_20260827_0900,2026-08-27 09:00:00
2026-04-27,110249610,2212,0,18.1789260800,-13.6341945600,-13.6341945600,0.3333333,3,3,0.49771390000000000,0.497713900000,-0.5694369385616226,-0.5694369385616226,-0.5694369385616226,0E-17,ELIGIBLE,R03b_20260811_FULL_v1,L1_ELIGIBILITY,v2026-08-11,2026-03-21..2026-08-06,baccarat_bet02_101_all_pairs_incl_sentinel,round_win = game_pnl > 0 (decisive only),COMPATIBILITY_ONLY_NOT_PRODUCTION,296357.1217,267511.9505,6650.6079,18220,18206,-0.02244119,-0.04150452,-0.02020951,-0.02244119,-6650.6079,296357.1217,OK,0.0000,266.0243,4.0000,96.0000,AG03-UNRESOLVED,ALL5_LEVELS_bet23_to_bet27,266.0243,266.0243,266.0243,332.5304,332.5304,4.000000,4.000000,4.000000,5.000000,5.000000,96.000000,96.000000,96.000000,95.000000,95.000000,5.0,1463.1337,1340.2688,5187.4742,5310.3391,PENDING_AG03,FALSE,NOT_FOR_ENFORCEMENT,6384.5836,256811.4724,6650.6079,6384.5836,266.0243,0.02244119,0.02154355,266.0243,6384.5836,0.02154355,266.0243,266.0243,266.0243,332.5304,332.5304,6384.5836,0.02154355,1463.1337,1340.2688,5187.4742,5310.3391,0.01750413,0.01791872,0.00089765,16.2655,14.6936,0.3653,59.3804,1.1678,2646.0457,162.5536,12.4780,16.8648,9.0895,16.5695,22.0926,29.825,33.4482,44.5976,11.8163,0.0,2.018664,2.691552,0.981654,30,240,141,4,0.10479828,0.02244119,0.04150452,0E-8,0.000000,0.902668,0.011910,-0.02129501,2026-03-22,2026-08-05,112,5695,2177,137,0.817518,0.739886,0.767145,0.349328,,,,,,,,GLOBAL_BASELINE_NO_ENTITY_RANKING,,,NOT_APPLICABLE_GLOBAL_BASELINE,HF9g-P5,,,,X 全窗基线 · 不参与实体赏罚,14195133,1420,A168_HF9F_20260827_0900,2026-08-27 09:00:00
2026-04-27,110249610,2222,0,1.1361828800,-1.1361828800,-1.1361828800,0E-7,1,1,0.50665070000000000,0.506650700000,-1.013391052207602,-1.013391052207602,-1.013391052207602,0E-17,ELIGIBLE,R03b_20260811_FULL_v1,L1_ELIGIBILITY,v2026-08-11,2026-03-21..2026-08-06,baccarat_bet02_101_all_pairs_incl_sentinel,round_win = game_pnl > 0 (decisive only),COMPATIBILITY_ONLY_NOT_PRODUCTION,296357.1217,267511.9505,6650.6079,18220,18206,-0.02244119,-0.04150452,-0.02020951,-0.02244119,-6650.6079,296357.1217,OK,0.0000,266.0243,4.0000,96.0000,AG03-UNRESOLVED,ALL5_LEVELS_bet23_to_bet27,266.0243,266.0243,266.0243,332.5304,332.5304,4.000000,4.000000,4.000000,5.000000,5.000000,96.000000,96.000000,96.000000,95.000000,95.000000,5.0,1463.1337,1340.2688,5187.4742,5310.3391,PENDING_AG03,FALSE,NOT_FOR_ENFORCEMENT,6384.5836,256811.4724,6650.6079,6384.5836,266.0243,0.02244119,0.02154355,266.0243,6384.5836,0.02154355,266.0243,266.0243,266.0243,332.5304,332.5304,6384.5836,0.02154355,1463.1337,1340.2688,5187.4742,5310.3391,0.01750413,0.01791872,0.00089765,16.2655,14.6936,0.3653,59.3804,1.1678,2646.0457,162.5536,12.4780,16.8648,9.0895,16.5695,22.0926,29.825,33.4482,44.5976,11.8163,0.0,2.018664,2.691552,0.981654,30,240,141,4,0.10479828,0.02244119,0.04150452,0E-8,0.000000,0.902668,0.011910,-0.02129501,2026-03-22,2026-08-05,112,5695,2177,137,0.817518,0.739886,0.767145,0.349328,,,,,,,,GLOBAL_BASELINE_NO_ENTITY_RANKING,,,NOT_APPLICABLE_GLOBAL_BASELINE,HF9g-P5,,,,X 全窗基线 · 不参与实体赏罚,14195134,1420,A168_HF9F_20260827_0900,2026-08-27 09:00:00
2026-04-27,110249610,2224,0,11.3618288000,-11.3618288000,-11.3618288000,0E-7,3,3,0.50218230000000000,0.502182300000,-1.7396270863184011,-1.7396270863184016,-1.7396270863184011,0E-17,ELIGIBLE,R03b_20260811_FULL_v1,L1_ELIGIBILITY,v2026-08-11,2026-03-21..2026-08-06,baccarat_bet02_101_all_pairs_incl_sentinel,round_win = game_pnl > 0 (decisive only),COMPATIBILITY_ONLY_NOT_PRODUCTION,296357.1217,267511.9505,6650.6079,18220,18206,-0.02244119,-0.04150452,-0.02020951,-0.02244119,-6650.6079,296357.1217,OK,0.0000,266.0243,4.0000,96.0000,AG03-UNRESOLVED,ALL5_LEVELS_bet23_to_bet27,266.0243,266.0243,266.0243,332.5304,332.5304,4.000000,4.000000,4.000000,5.000000,5.000000,96.000000,96.000000,96.000000,95.000000,95.000000,5.0,1463.1337,1340.2688,5187.4742,5310.3391,PENDING_AG03,FALSE,NOT_FOR_ENFORCEMENT,6384.5836,256811.4724,6650.6079,6384.5836,266.0243,0.02244119,0.02154355,266.0243,6384.5836,0.02154355,266.0243,266.0243,266.0243,332.5304,332.5304,6384.5836,0.02154355,1463.1337,1340.2688,5187.4742,5310.3391,0.01750413,0.01791872,0.00089765,16.2655,14.6936,0.3653,59.3804,1.1678,2646.0457,162.5536,12.4780,16.8648,9.0895,16.5695,22.0926,29.825,33.4482,44.5976,11.8163,0.0,2.018664,2.691552,0.981654,30,240,141,4,0.10479828,0.02244119,0.04150452,0E-8,0.000000,0.902668,0.011910,-0.02129501,2026-03-22,2026-08-05,112,5695,2177,137,0.817518,0.739886,0.767145,0.349328,,,,,,,,GLOBAL_BASELINE_NO_ENTITY_RANKING,,,NOT_APPLICABLE_GLOBAL_BASELINE,HF9g-P5,,,,X 全窗基线 · 不参与实体赏罚,14195135,1420,A168_HF9F_20260827_0900,2026-08-27 09:00:00
2026-04-27,110249610,2234,0,121.5715681594,38.6302179197,38.6302179197,0.8000000,6,6,0.49324550000000000,0.493245500000,1.3719730223118614,1.3719730223118614,1.3719730223118614,0E-17,ELIGIBLE,R03b_20260811_FULL_v1,L1_ELIGIBILITY,v2026-08-11,2026-03-21..2026-08-06,baccarat_bet02_101_all_pairs_incl_sentinel,round_win = game_pnl > 0 (decisive only),COMPATIBILITY_ONLY_NOT_PRODUCTION,296357.1217,267511.9505,6650.6079,18220,18206,-0.02244119,-0.04150452,-0.02020951,-0.02244119,-6650.6079,296357.1217,OK,0.0000,266.0243,4.0000,96.0000,AG03-UNRESOLVED,ALL5_LEVELS_bet23_to_bet27,266.0243,266.0243,266.0243,332.5304,332.5304,4.000000,4.000000,4.000000,5.000000,5.000000,96.000000,96.000000,96.000000,95.000000,95.000000,5.0,1463.1337,1340.2688,5187.4742,5310.3391,PENDING_AG03,FALSE,NOT_FOR_ENFORCEMENT,6384.5836,256811.4724,6650.6079,6384.5836,266.0243,0.02244119,0.02154355,266.0243,6384.5836,0.02154355,266.0243,266.0243,266.0243,332.5304,332.5304,6384.5836,0.02154355,1463.1337,1340.2688,5187.4742,5310.3391,0.01750413,0.01791872,0.00089765,16.2655,14.6936,0.3653,59.3804,1.1678,2646.0457,162.5536,12.4780,16.8648,9.0895,16.5695,22.0926,29.825,33.4482,44.5976,11.8163,0.0,2.018664,2.691552,0.981654,30,240,141,4,0.10479828,0.02244119,0.04150452,0E-8,0.000000,0.902668,0.011910,-0.02129501,2026-03-22,2026-08-05,112,5695,2177,137,0.817518,0.739886,0.767145,0.349328,,,,,,,,GLOBAL_BASELINE_NO_ENTITY_RANKING,,,NOT_APPLICABLE_GLOBAL_BASELINE,HF9g-P5,,,,X 全窗基线 · 不参与实体赏罚,14195136,1420,A168_HF9F_20260827_0900,2026-08-27 09:00:00
2026-04-27,110249610,2242,0,155.6570545592,0.8521371600,0.8521371600,0.5000000,10,10,0.49726706000000000,0.497267060000,0.01728488841940615,0.017284888419406154,0.01728488841940615,0E-17,ELIGIBLE,R03b_20260811_FULL_v1,L1_ELIGIBILITY,v2026-08-11,2026-03-21..2026-08-06,baccarat_bet02_101_all_pairs_incl_sentinel,round_win = game_pnl > 0 (decisive only),COMPATIBILITY_ONLY_NOT_PRODUCTION,296357.1217,267511.9505,6650.6079,18220,18206,-0.02244119,-0.04150452,-0.02020951,-0.02244119,-6650.6079,296357.1217,OK,0.0000,266.0243,4.0000,96.0000,AG03-UNRESOLVED,ALL5_LEVELS_bet23_to_bet27,266.0243,266.0243,266.0243,332.5304,332.5304,4.000000,4.000000,4.000000,5.000000,5.000000,96.000000,96.000000,96.000000,95.000000,95.000000,5.0,1463.1337,1340.2688,5187.4742,5310.3391,PENDING_AG03,FALSE,NOT_FOR_ENFORCEMENT,6384.5836,256811.4724,6650.6079,6384.5836,266.0243,0.02244119,0.02154355,266.0243,6384.5836,0.02154355,266.0243,266.0243,266.0243,332.5304,332.5304,6384.5836,0.02154355,1463.1337,1340.2688,5187.4742,5310.3391,0.01750413,0.01791872,0.00089765,16.2655,14.6936,0.3653,59.3804,1.1678,2646.0457,162.5536,12.4780,16.8648,9.0895,16.5695,22.0926,29.825,33.4482,44.5976,11.8163,0.0,2.018664,2.691552,0.981654,30,240,141,4,0.10479828,0.02244119,0.04150452,0E-8,0.000000,0.902668,0.011910,-0.02129501,2026-03-22,2026-08-05,112,5695,2177,137,0.817518,0.739886,0.767145,0.349328,,,,,,,,GLOBAL_BASELINE_NO_ENTITY_RANKING,,,NOT_APPLICABLE_GLOBAL_BASELINE,HF9g-P5,,,,X 全窗基线 · 不参与实体赏罚,14195137,1420,A168_HF9F_20260827_0900,2026-08-27 09:00:00
2026-04-27,110249610,2256,0,38.6302179200,5.6809144000,5.6809144000,0.6000000,5,5,0.50396966000000000,0.503969660000,0.4294742719815242,0.4294742719815242,0.4294742719815242,0E-17,ELIGIBLE,R03b_20260811_FULL_v1,L1_ELIGIBILITY,v2026-08-11,2026-03-21..2026-08-06,baccarat_bet02_101_all_pairs_incl_sentinel,round_win = game_pnl > 0 (decisive only),COMPATIBILITY_ONLY_NOT_PRODUCTION,296357.1217,267511.9505,6650.6079,18220,18206,-0.02244119,-0.04150452,-0.02020951,-0.02244119,-6650.6079,296357.1217,OK,0.0000,266.0243,4.0000,96.0000,AG03-UNRESOLVED,ALL5_LEVELS_bet23_to_bet27,266.0243,266.0243,266.0243,332.5304,332.5304,4.000000,4.000000,4.000000,5.000000,5.000000,96.000000,96.000000,96.000000,95.000000,95.000000,5.0,1463.1337,1340.2688,5187.4742,5310.3391,PENDING_AG03,FALSE,NOT_FOR_ENFORCEMENT,6384.5836,256811.4724,6650.6079,6384.5836,266.0243,0.02244119,0.02154355,266.0243,6384.5836,0.02154355,266.0243,266.0243,266.0243,332.5304,332.5304,6384.5836,0.02154355,1463.1337,1340.2688,5187.4742,5310.3391,0.01750413,0.01791872,0.00089765,16.2655,14.6936,0.3653,59.3804,1.1678,2646.0457,162.5536,12.4780,16.8648,9.0895,16.5695,22.0926,29.825,33.4482,44.5976,11.8163,0.0,2.018664,2.691552,0.981654,30,240,141,4,0.10479828,0.02244119,0.04150452,0E-8,0.000000,0.902668,0.011910,-0.02129501,2026-03-22,2026-08-05,112,5695,2177,137,0.817518,0.739886,0.767145,0.349328,,,,,,,,GLOBAL_BASELINE_NO_ENTITY_RANKING,,,NOT_APPLICABLE_GLOBAL_BASELINE,HF9g-P5,,,,X 全窗基线 · 不参与实体赏罚,14195138,1420,A168_HF9F_20260827_0900,2026-08-27 09:00:00
2026-04-27,110249610,526,0,37.4940350399,2.3859840481,2.3859840481,0.6666667,3,3,0.50665070000000000,0.506650700000,0.5543606114942035,0.5543606114942035,0.5543606114942035,0E-17,ELIGIBLE,R03b_20260811_FULL_v1,L1_ELIGIBILITY,v2026-08-11,2026-03-21..2026-08-06,baccarat_bet02_101_all_pairs_incl_sentinel,round_win = game_pnl > 0 (decisive only),COMPATIBILITY_ONLY_NOT_PRODUCTION,296357.1217,267511.9505,6650.6079,18220,18206,-0.02244119,-0.04150452,-0.02020951,-0.02244119,-6650.6079,296357.1217,OK,0.0000,266.0243,4.0000,96.0000,AG03-UNRESOLVED,ALL5_LEVELS_bet23_to_bet27,266.0243,266.0243,266.0243,332.5304,332.5304,4.000000,4.000000,4.000000,5.000000,5.000000,96.000000,96.000000,96.000000,95.000000,95.000000,5.0,1463.1337,1340.2688,5187.4742,5310.3391,PENDING_AG03,FALSE,NOT_FOR_ENFORCEMENT,6384.5836,256811.4724,6650.6079,6384.5836,266.0243,0.02244119,0.02154355,266.0243,6384.5836,0.02154355,266.0243,266.0243,266.0243,332.5304,332.5304,6384.5836,0.02154355,1463.1337,1340.2688,5187.4742,5310.3391,0.01750413,0.01791872,0.00089765,16.2655,14.6936,0.3653,59.3804,1.1678,2646.0457,162.5536,12.4780,16.8648,9.0895,16.5695,22.0926,29.825,33.4482,44.5976,11.8163,0.0,2.018664,2.691552,0.981654,30,240,141,4,0.10479828,0.02244119,0.04150452,0E-8,0.000000,0.902668,0.011910,-0.02129501,2026-03-22,2026-08-05,112,5695,2177,137,0.817518,0.739886,0.767145,0.349328,,,,,,,,GLOBAL_BASELINE_NO_ENTITY_RANKING,,,NOT_APPLICABLE_GLOBAL_BASELINE,HF9g-P5,,,,X 全窗基线 · 不参与实体赏罚,14195139,1420,A168_HF9F_20260827_0900,2026-08-27 09:00:00
2026-04-27,110249610,752,0,18.1789260800,3.9766400800,3.9766400800,0.6666667,3,3,0.50665070000000000,0.506650700000,0.5543606114942035,0.5543606114942035,0.5543606114942035,0E-17,ELIGIBLE,R03b_20260811_FULL_v1,L1_ELIGIBILITY,v2026-08-11,2026-03-21..2026-08-06,baccarat_bet02_101_all_pairs_incl_sentinel,round_win = game_pnl > 0 (decisive only),COMPATIBILITY_ONLY_NOT_PRODUCTION,296357.1217,267511.9505,6650.6079,18220,18206,-0.02244119,-0.04150452,-0.02020951,-0.02244119,-6650.6079,296357.1217,OK,0.0000,266.0243,4.0000,96.0000,AG03-UNRESOLVED,ALL5_LEVELS_bet23_to_bet27,266.0243,266.0243,266.0243,332.5304,332.5304,4.000000,4.000000,4.000000,5.000000,5.000000,96.000000,96.000000,96.000000,95.000000,95.000000,5.0,1463.1337,1340.2688,5187.4742,5310.3391,PENDING_AG03,FALSE,NOT_FOR_ENFORCEMENT,6384.5836,256811.4724,6650.6079,6384.5836,266.0243,0.02244119,0.02154355,266.0243,6384.5836,0.02154355,266.0243,266.0243,266.0243,332.5304,332.5304,6384.5836,0.02154355,1463.1337,1340.2688,5187.4742,5310.3391,0.01750413,0.01791872,0.00089765,16.2655,14.6936,0.3653,59.3804,1.1678,2646.0457,162.5536,12.4780,16.8648,9.0895,16.5695,22.0926,29.825,33.4482,44.5976,11.8163,0.0,2.018664,2.691552,0.981654,30,240,141,4,0.10479828,0.02244119,0.04150452,0E-8,0.000000,0.902668,0.011910,-0.02129501,2026-03-22,2026-08-05,112,5695,2177,137,0.817518,0.739886,0.767145,0.349328,,,,,,,,GLOBAL_BASELINE_NO_ENTITY_RANKING,,,NOT_APPLICABLE_GLOBAL_BASELINE,HF9g-P5,,,,X 全窗基线 · 不参与实体赏罚,14195140,1420,A168_HF9F_20260827_0900,2026-08-27 09:00:00
2026-04-28,110249610,-1,1,444.2475060793,-3.7380416748,-3.7380416748,0.5333333,51,51,0.50007952352941176,0.500079523529,0.4461466810373614,0.44614668104288574,0.4461466810373614,4.1176E-13,SENTINEL_DEALER,R03b_20260811_FULL_v1,L1_ELIGIBILITY,v2026-08-11,2026-03-21..2026-08-06,baccarat_bet02_101_all_pairs_incl_sentinel,round_win = game_pnl > 0 (decisive only),COMPATIBILITY_ONLY_NOT_PRODUCTION,296357.1217,267511.9505,6650.6079,18220,18206,-0.02244119,-0.04150452,-0.02020951,-0.02244119,-6650.6079,296357.1217,OK,0.0000,266.0243,4.0000,96.0000,AG03-UNRESOLVED,ALL5_LEVELS_bet23_to_bet27,266.0243,266.0243,266.0243,332.5304,332.5304,4.000000,4.000000,4.000000,5.000000,5.000000,96.000000,96.000000,96.000000,95.000000,95.000000,5.0,1463.1337,1340.2688,5187.4742,5310.3391,PENDING_AG03,FALSE,NOT_FOR_ENFORCEMENT,6384.5836,256811.4724,6650.6079,6384.5836,266.0243,0.02244119,0.02154355,266.0243,6384.5836,0.02154355,266.0243,266.0243,266.0243,332.5304,332.5304,6384.5836,0.02154355,1463.1337,1340.2688,5187.4742,5310.3391,0.01750413,0.01791872,0.00089765,16.2655,14.6936,0.3653,59.3804,1.1678,2646.0457,162.5536,12.4780,16.8648,9.0895,16.5695,22.0926,29.825,33.4482,44.5976,11.8163,0.0,2.018664,2.691552,0.981654,30,240,141,4,0.10479828,0.02244119,0.04150452,0E-8,0.000000,0.902668,0.011910,-0.02129501,2026-03-22,2026-08-05,112,5695,2177,137,0.817518,0.739886,0.767145,0.349328,,,,,,,,GLOBAL_BASELINE_NO_ENTITY_RANKING,,,NOT_APPLICABLE_GLOBAL_BASELINE,HF9g-P5,,,,X 全窗基线 · 不参与实体赏罚,14195141,1420,A168_HF9F_20260827_0900,2026-08-27 09:00:00
2026-04-28,110249610,1078,0,22.7236576000,-22.7236576000,-22.7236576000,0E-7,2,2,0.49994810000000000,0.499948100000,-1.4140667746232096,-1.4140667746232096,-1.4140667746232096,0E-17,ELIGIBLE,R03b_20260811_FULL_v1,L1_ELIGIBILITY,v2026-08-11,2026-03-21..2026-08-06,baccarat_bet02_101_all_pairs_incl_sentinel,round_win = game_pnl > 0 (decisive only),COMPATIBILITY_ONLY_NOT_PRODUCTION,296357.1217,267511.9505,6650.6079,18220,18206,-0.02244119,-0.04150452,-0.02020951,-0.02244119,-6650.6079,296357.1217,OK,0.0000,266.0243,4.0000,96.0000,AG03-UNRESOLVED,ALL5_LEVELS_bet23_to_bet27,266.0243,266.0243,266.0243,332.5304,332.5304,4.000000,4.000000,4.000000,5.000000,5.000000,96.000000,96.000000,96.000000,95.000000,95.000000,5.0,1463.1337,1340.2688,5187.4742,5310.3391,PENDING_AG03,FALSE,NOT_FOR_ENFORCEMENT,6384.5836,256811.4724,6650.6079,6384.5836,266.0243,0.02244119,0.02154355,266.0243,6384.5836,0.02154355,266.0243,266.0243,266.0243,332.5304,332.5304,6384.5836,0.02154355,1463.1337,1340.2688,5187.4742,5310.3391,0.01750413,0.01791872,0.00089765,16.2655,14.6936,0.3653,59.3804,1.1678,2646.0457,162.5536,12.4780,16.8648,9.0895,16.5695,22.0926,29.825,33.4482,44.5976,11.8163,0.0,2.018664,2.691552,0.981654,30,240,141,4,0.10479828,0.02244119,0.04150452,0E-8,0.000000,0.902668,0.011910,-0.02129501,2026-03-22,2026-08-05,112,5695,2177,137,0.817518,0.739886,0.767145,0.349328,,,,,,,,GLOBAL_BASELINE_NO_ENTITY_RANKING,,,NOT_APPLICABLE_GLOBAL_BASELINE,HF9g-P5,,,,X 全窗基线 · 不参与实体赏罚,14195142,1420,A168_HF9F_20260827_0900,2026-08-27 09:00:00
2026-04-28,110249610,1109,0,4.5447315200,4.5447315200,4.5447315200,1.0000000,1,1,0.49324550000000000,0.493245500000,1.01360149184955,1.01360149184955,1.01360149184955,0E-17,ELIGIBLE,R03b_20260811_FULL_v1,L1_ELIGIBILITY,v2026-08-11,2026-03-21..2026-08-06,baccarat_bet02_101_all_pairs_incl_sentinel,round_win = game_pnl > 0 (decisive only),COMPATIBILITY_ONLY_NOT_PRODUCTION,296357.1217,267511.9505,6650.6079,18220,18206,-0.02244119,-0.04150452,-0.02020951,-0.02244119,-6650.6079,296357.1217,OK,0.0000,266.0243,4.0000,96.0000,AG03-UNRESOLVED,ALL5_LEVELS_bet23_to_bet27,266.0243,266.0243,266.0243,332.5304,332.5304,4.000000,4.000000,4.000000,5.000000,5.000000,96.000000,96.000000,96.000000,95.000000,95.000000,5.0,1463.1337,1340.2688,5187.4742,5310.3391,PENDING_AG03,FALSE,NOT_FOR_ENFORCEMENT,6384.5836,256811.4724,6650.6079,6384.5836,266.0243,0.02244119,0.02154355,266.0243,6384.5836,0.02154355,266.0243,266.0243,266.0243,332.5304,332.5304,6384.5836,0.02154355,1463.1337,1340.2688,5187.4742,5310.3391,0.01750413,0.01791872,0.00089765,16.2655,14.6936,0.3653,59.3804,1.1678,2646.0457,162.5536,12.4780,16.8648,9.0895,16.5695,22.0926,29.825,33.4482,44.5976,11.8163,0.0,2.018664,2.691552,0.981654,30,240,141,4,0.10479828,0.02244119,0.04150452,0E-8,0.000000,0.902668,0.011910,-0.02129501,2026-03-22,2026-08-05,112,5695,2177,137,0.817518,0.739886,0.767145,0.349328,,,,,,,,GLOBAL_BASELINE_NO_ENTITY_RANKING,,,NOT_APPLICABLE_GLOBAL_BASELINE,HF9g-P5,,,,X 全窗基线 · 不参与实体赏罚,14195143,1420,A168_HF9F_20260827_0900,2026-08-27 09:00:00
2026-04-28,110249610,1205,0,11.3618288000,-2.2723657600,-2.2723657600,0.3333333,3,3,0.49324550000000000,0.493245500000,-0.5540025479526107,-0.5540025479526106,-0.5540025479526107,0E-17,ELIGIBLE,R03b_20260811_FULL_v1,L1_ELIGIBILITY,v2026-08-11,2026-03-21..2026-08-06,baccarat_bet02_101_all_pairs_incl_sentinel,round_win = game_pnl > 0 (decisive only),COMPATIBILITY_ONLY_NOT_PRODUCTION,296357.1217,267511.9505,6650.6079,18220,18206,-0.02244119,-0.04150452,-0.02020951,-0.02244119,-6650.6079,296357.1217,OK,0.0000,266.0243,4.0000,96.0000,AG03-UNRESOLVED,ALL5_LEVELS_bet23_to_bet27,266.0243,266.0243,266.0243,332.5304,332.5304,4.000000,4.000000,4.000000,5.000000,5.000000,96.000000,96.000000,96.000000,95.000000,95.000000,5.0,1463.1337,1340.2688,5187.4742,5310.3391,PENDING_AG03,FALSE,NOT_FOR_ENFORCEMENT,6384.5836,256811.4724,6650.6079,6384.5836,266.0243,0.02244119,0.02154355,266.0243,6384.5836,0.02154355,266.0243,266.0243,266.0243,332.5304,332.5304,6384.5836,0.02154355,1463.1337,1340.2688,5187.4742,5310.3391,0.01750413,0.01791872,0.00089765,16.2655,14.6936,0.3653,59.3804,1.1678,2646.0457,162.5536,12.4780,16.8648,9.0895,16.5695,22.0926,29.825,33.4482,44.5976,11.8163,0.0,2.018664,2.691552,0.981654,30,240,141,4,0.10479828,0.02244119,0.04150452,0E-8,0.000000,0.902668,0.011910,-0.02129501,2026-03-22,2026-08-05,112,5695,2177,137,0.817518,0.739886,0.767145,0.349328,,,,,,,,GLOBAL_BASELINE_NO_ENTITY_RANKING,,,NOT_APPLICABLE_GLOBAL_BASELINE,HF9g-P5,,,,X 全窗基线 · 不参与实体赏罚,14195144,1420,A168_HF9F_20260827_0900,2026-08-27 09:00:00
2026-04-28,110249610,1318,0,113.6182879995,48.7990546958,48.7990546958,0.8000000,6,6,0.50665070000000000,0.506650700000,1.3120140225494112,1.3120140225494112,1.3120140225494112,0E-17,ELIGIBLE,R03b_20260811_FULL_v1,L1_ELIGIBILITY,v2026-08-11,2026-03-21..2026-08-06,baccarat_bet02_101_all_pairs_incl_sentinel,round_win = game_pnl > 0 (decisive only),COMPATIBILITY_ONLY_NOT_PRODUCTION,296357.1217,267511.9505,6650.6079,18220,18206,-0.02244119,-0.04150452,-0.02020951,-0.02244119,-6650.6079,296357.1217,OK,0.0000,266.0243,4.0000,96.0000,AG03-UNRESOLVED,ALL5_LEVELS_bet23_to_bet27,266.0243,266.0243,266.0243,332.5304,332.5304,4.000000,4.000000,4.000000,5.000000,5.000000,96.000000,96.000000,96.000000,95.000000,95.000000,5.0,1463.1337,1340.2688,5187.4742,5310.3391,PENDING_AG03,FALSE,NOT_FOR_ENFORCEMENT,6384.5836,256811.4724,6650.6079,6384.5836,266.0243,0.02244119,0.02154355,266.0243,6384.5836,0.02154355,266.0243,266.0243,266.0243,332.5304,332.5304,6384.5836,0.02154355,1463.1337,1340.2688,5187.4742,5310.3391,0.01750413,0.01791872,0.00089765,16.2655,14.6936,0.3653,59.3804,1.1678,2646.0457,162.5536,12.4780,16.8648,9.0895,16.5695,22.0926,29.825,33.4482,44.5976,11.8163,0.0,2.018664,2.691552,0.981654,30,240,141,4,0.10479828,0.02244119,0.04150452,0E-8,0.000000,0.902668,0.011910,-0.02129501,2026-03-22,2026-08-05,112,5695,2177,137,0.817518,0.739886,0.767145,0.349328,,,,,,,,GLOBAL_BASELINE_NO_ENTITY_RANKING,,,NOT_APPLICABLE_GLOBAL_BASELINE,HF9g-P5,,,,X 全窗基线 · 不参与实体赏罚,14195145,1420,A168_HF9F_20260827_0900,2026-08-27 09:00:00
2026-04-28,110249610,1323,0,22.8372758880,-0.4601540664,-0.4601540664,0.5000000,2,2,0.50665070000000000,0.506650700000,-0.018812684590367487,-0.018812684590367487,-0.018812684590367487,0E-17,ELIGIBLE,R03b_20260811_FULL_v1,L1_ELIGIBILITY,v2026-08-11,2026-03-21..2026-08-06,baccarat_bet02_101_all_pairs_incl_sentinel,round_win = game_pnl > 0 (decisive only),COMPATIBILITY_ONLY_NOT_PRODUCTION,296357.1217,267511.9505,6650.6079,18220,18206,-0.02244119,-0.04150452,-0.02020951,-0.02244119,-6650.6079,296357.1217,OK,0.0000,266.0243,4.0000,96.0000,AG03-UNRESOLVED,ALL5_LEVELS_bet23_to_bet27,266.0243,266.0243,266.0243,332.5304,332.5304,4.000000,4.000000,4.000000,5.000000,5.000000,96.000000,96.000000,96.000000,95.000000,95.000000,5.0,1463.1337,1340.2688,5187.4742,5310.3391,PENDING_AG03,FALSE,NOT_FOR_ENFORCEMENT,6384.5836,256811.4724,6650.6079,6384.5836,266.0243,0.02244119,0.02154355,266.0243,6384.5836,0.02154355,266.0243,266.0243,266.0243,332.5304,332.5304,6384.5836,0.02154355,1463.1337,1340.2688,5187.4742,5310.3391,0.01750413,0.01791872,0.00089765,16.2655,14.6936,0.3653,59.3804,1.1678,2646.0457,162.5536,12.4780,16.8648,9.0895,16.5695,22.0926,29.825,33.4482,44.5976,11.8163,0.0,2.018664,2.691552,0.981654,30,240,141,4,0.10479828,0.02244119,0.04150452,0E-8,0.000000,0.902668,0.011910,-0.02129501,2026-03-22,2026-08-05,112,5695,2177,137,0.817518,0.739886,0.767145,0.349328,,,,,,,,GLOBAL_BASELINE_NO_ENTITY_RANKING,,,NOT_APPLICABLE_GLOBAL_BASELINE,HF9g-P5,,,,X 全窗基线 · 不参与实体赏罚,14195146,1420,A168_HF9F_20260827_0900,2026-08-27 09:00:00
2026-04-28,110249610,1353,0,34.3127229759,-22.9508941759,-22.9508941759,0.3333333,3,3,0.49771390000000000,0.497713900000,-0.5694369385616226,-0.5694369385616226,-0.5694369385616226,0E-17,ELIGIBLE,R03b_20260811_FULL_v1,L1_ELIGIBILITY,v2026-08-11,2026-03-21..2026-08-06,baccarat_bet02_101_all_pairs_incl_sentinel,round_win = game_pnl > 0 (decisive only),COMPATIBILITY_ONLY_NOT_PRODUCTION,296357.1217,267511.9505,6650.6079,18220,18206,-0.02244119,-0.04150452,-0.02020951,-0.02244119,-6650.6079,296357.1217,OK,0.0000,266.0243,4.0000,96.0000,AG03-UNRESOLVED,ALL5_LEVELS_bet23_to_bet27,266.0243,266.0243,266.0243,332.5304,332.5304,4.000000,4.000000,4.000000,5.000000,5.000000,96.000000,96.000000,96.000000,95.000000,95.000000,5.0,1463.1337,1340.2688,5187.4742,5310.3391,PENDING_AG03,FALSE,NOT_FOR_ENFORCEMENT,6384.5836,256811.4724,6650.6079,6384.5836,266.0243,0.02244119,0.02154355,266.0243,6384.5836,0.02154355,266.0243,266.0243,266.0243,332.5304,332.5304,6384.5836,0.02154355,1463.1337,1340.2688,5187.4742,5310.3391,0.01750413,0.01791872,0.00089765,16.2655,14.6936,0.3653,59.3804,1.1678,2646.0457,162.5536,12.4780,16.8648,9.0895,16.5695,22.0926,29.825,33.4482,44.5976,11.8163,0.0,2.018664,2.691552,0.981654,30,240,141,4,0.10479828,0.02244119,0.04150452,0E-8,0.000000,0.902668,0.011910,-0.02129501,2026-03-22,2026-08-05,112,5695,2177,137,0.817518,0.739886,0.767145,0.349328,,,,,,,,GLOBAL_BASELINE_NO_ENTITY_RANKING,,,NOT_APPLICABLE_GLOBAL_BASELINE,HF9g-P5,,,,X 全窗基线 · 不参与实体赏罚,14195147,1420,A168_HF9F_20260827_0900,2026-08-27 09:00:00
2026-04-28,110249610,1363,0,45.4473152000,-11.9299202400,-11.9299202400,0.3333333,4,4,0.49994810000000000,0.499948100000,-0.5771704854251445,-0.5771704854251445,-0.5771704854251445,0E-17,ELIGIBLE,R03b_20260811_FULL_v1,L1_ELIGIBILITY,v2026-08-11,2026-03-21..2026-08-06,baccarat_bet02_101_all_pairs_incl_sentinel,round_win = game_pnl > 0 (decisive only),COMPATIBILITY_ONLY_NOT_PRODUCTION,296357.1217,267511.9505,6650.6079,18220,18206,-0.02244119,-0.04150452,-0.02020951,-0.02244119,-6650.6079,296357.1217,OK,0.0000,266.0243,4.0000,96.0000,AG03-UNRESOLVED,ALL5_LEVELS_bet23_to_bet27,266.0243,266.0243,266.0243,332.5304,332.5304,4.000000,4.000000,4.000000,5.000000,5.000000,96.000000,96.000000,96.000000,95.000000,95.000000,5.0,1463.1337,1340.2688,5187.4742,5310.3391,PENDING_AG03,FALSE,NOT_FOR_ENFORCEMENT,6384.5836,256811.4724,6650.6079,6384.5836,266.0243,0.02244119,0.02154355,266.0243,6384.5836,0.02154355,266.0243,266.0243,266.0243,332.5304,332.5304,6384.5836,0.02154355,1463.1337,1340.2688,5187.4742,5310.3391,0.01750413,0.01791872,0.00089765,16.2655,14.6936,0.3653,59.3804,1.1678,2646.0457,162.5536,12.4780,16.8648,9.0895,16.5695,22.0926,29.825,33.4482,44.5976,11.8163,0.0,2.018664,2.691552,0.981654,30,240,141,4,0.10479828,0.02244119,0.04150452,0E-8,0.000000,0.902668,0.011910,-0.02129501,2026-03-22,2026-08-05,112,5695,2177,137,0.817518,0.739886,0.767145,0.349328,,,,,,,,GLOBAL_BASELINE_NO_ENTITY_RANKING,,,NOT_APPLICABLE_GLOBAL_BASELINE,HF9g-P5,,,,X 全窗基线 · 不参与实体赏罚,14195148,1420,A168_HF9F_20260827_0900,2026-08-27 09:00:00
2026-04-28,110249610,1399,0,17.0427431999,-17.0427431999,-17.0427431999,0E-7,1,1,0.49324550000000000,0.493245500000,-0.9865810262130424,-0.9865810262130424,-0.9865810262130424,0E-17,ELIGIBLE,R03b_20260811_FULL_v1,L1_ELIGIBILITY,v2026-08-11,2026-03-21..2026-08-06,baccarat_bet02_101_all_pairs_incl_sentinel,round_win = game_pnl > 0 (decisive only),COMPATIBILITY_ONLY_NOT_PRODUCTION,296357.1217,267511.9505,6650.6079,18220,18206,-0.02244119,-0.04150452,-0.02020951,-0.02244119,-6650.6079,296357.1217,OK,0.0000,266.0243,4.0000,96.0000,AG03-UNRESOLVED,ALL5_LEVELS_bet23_to_bet27,266.0243,266.0243,266.0243,332.5304,332.5304,4.000000,4.000000,4.000000,5.000000,5.000000,96.000000,96.000000,96.000000,95.000000,95.000000,5.0,1463.1337,1340.2688,5187.4742,5310.3391,PENDING_AG03,FALSE,NOT_FOR_ENFORCEMENT,6384.5836,256811.4724,6650.6079,6384.5836,266.0243,0.02244119,0.02154355,266.0243,6384.5836,0.02154355,266.0243,266.0243,266.0243,332.5304,332.5304,6384.5836,0.02154355,1463.1337,1340.2688,5187.4742,5310.3391,0.01750413,0.01791872,0.00089765,16.2655,14.6936,0.3653,59.3804,1.1678,2646.0457,162.5536,12.4780,16.8648,9.0895,16.5695,22.0926,29.825,33.4482,44.5976,11.8163,0.0,2.018664,2.691552,0.981654,30,240,141,4,0.10479828,0.02244119,0.04150452,0E-8,0.000000,0.902668,0.011910,-0.02129501,2026-03-22,2026-08-05,112,5695,2177,137,0.817518,0.739886,0.767145,0.349328,,,,,,,,GLOBAL_BASELINE_NO_ENTITY_RANKING,,,NOT_APPLICABLE_GLOBAL_BASELINE,HF9g-P5,,,,X 全窗基线 · 不参与实体赏罚,14195149,1420,A168_HF9F_20260827_0900,2026-08-27 09:00:00
2026-04-28,110249610,1623,0,15.9065603200,-2.2723657600,-2.2723657600,0.5000000,2,2,0.49324550000000000,0.493245500000,0.01910635448239258,0.01910635448239258,0.01910635448239258,0E-17,ELIGIBLE,R03b_20260811_FULL_v1,L1_ELIGIBILITY,v2026-08-11,2026-03-21..2026-08-06,baccarat_bet02_101_all_pairs_incl_sentinel,round_win = game_pnl > 0 (decisive only),COMPATIBILITY_ONLY_NOT_PRODUCTION,296357.1217,267511.9505,6650.6079,18220,18206,-0.02244119,-0.04150452,-0.02020951,-0.02244119,-6650.6079,296357.1217,OK,0.0000,266.0243,4.0000,96.0000,AG03-UNRESOLVED,ALL5_LEVELS_bet23_to_bet27,266.0243,266.0243,266.0243,332.5304,332.5304,4.000000,4.000000,4.000000,5.000000,5.000000,96.000000,96.000000,96.000000,95.000000,95.000000,5.0,1463.1337,1340.2688,5187.4742,5310.3391,PENDING_AG03,FALSE,NOT_FOR_ENFORCEMENT,6384.5836,256811.4724,6650.6079,6384.5836,266.0243,0.02244119,0.02154355,266.0243,6384.5836,0.02154355,266.0243,266.0243,266.0243,332.5304,332.5304,6384.5836,0.02154355,1463.1337,1340.2688,5187.4742,5310.3391,0.01750413,0.01791872,0.00089765,16.2655,14.6936,0.3653,59.3804,1.1678,2646.0457,162.5536,12.4780,16.8648,9.0895,16.5695,22.0926,29.825,33.4482,44.5976,11.8163,0.0,2.018664,2.691552,0.981654,30,240,141,4,0.10479828,0.02244119,0.04150452,0E-8,0.000000,0.902668,0.011910,-0.02129501,2026-03-22,2026-08-05,112,5695,2177,137,0.817518,0.739886,0.767145,0.349328,,,,,,,,GLOBAL_BASELINE_NO_ENTITY_RANKING,,,NOT_APPLICABLE_GLOBAL_BASELINE,HF9g-P5,,,,X 全窗基线 · 不参与实体赏罚,14195150,1420,A168_HF9F_20260827_0900,2026-08-27 09:00:00
2026-04-28,110249610,1935,0,11.3618288000,-11.3618288000,-11.3618288000,0E-7,1,1,0.50665070000000000,0.506650700000,-1.013391052207602,-1.013391052207602,-1.013391052207602,0E-17,ELIGIBLE,R03b_20260811_FULL_v1,L1_ELIGIBILITY,v2026-08-11,2026-03-21..2026-08-06,baccarat_bet02_101_all_pairs_incl_sentinel,round_win = game_pnl > 0 (decisive only),COMPATIBILITY_ONLY_NOT_PRODUCTION,296357.1217,267511.9505,6650.6079,18220,18206,-0.02244119,-0.04150452,-0.02020951,-0.02244119,-6650.6079,296357.1217,OK,0.0000,266.0243,4.0000,96.0000,AG03-UNRESOLVED,ALL5_LEVELS_bet23_to_bet27,266.0243,266.0243,266.0243,332.5304,332.5304,4.000000,4.000000,4.000000,5.000000,5.000000,96.000000,96.000000,96.000000,95.000000,95.000000,5.0,1463.1337,1340.2688,5187.4742,5310.3391,PENDING_AG03,FALSE,NOT_FOR_ENFORCEMENT,6384.5836,256811.4724,6650.6079,6384.5836,266.0243,0.02244119,0.02154355,266.0243,6384.5836,0.02154355,266.0243,266.0243,266.0243,332.5304,332.5304,6384.5836,0.02154355,1463.1337,1340.2688,5187.4742,5310.3391,0.01750413,0.01791872,0.00089765,16.2655,14.6936,0.3653,59.3804,1.1678,2646.0457,162.5536,12.4780,16.8648,9.0895,16.5695,22.0926,29.825,33.4482,44.5976,11.8163,0.0,2.018664,2.691552,0.981654,30,240,141,4,0.10479828,0.02244119,0.04150452,0E-8,0.000000,0.902668,0.011910,-0.02129501,2026-03-22,2026-08-05,112,5695,2177,137,0.817518,0.739886,0.767145,0.349328,,,,,,,,GLOBAL_BASELINE_NO_ENTITY_RANKING,,,NOT_APPLICABLE_GLOBAL_BASELINE,HF9g-P5,,,,X 全窗基线 · 不参与实体赏罚,14195151,1420,A168_HF9F_20260827_0900,2026-08-27 09:00:00
2026-04-28,110249610,1966,0,76.9195809758,22.0078623855,22.0078623855,0.7500000,5,5,0.50665070000000000,0.506650700000,0.9734833216690844,0.9734833216690844,0.9734833216690844,0E-17,ELIGIBLE,R03b_20260811_FULL_v1,L1_ELIGIBILITY,v2026-08-11,2026-03-21..2026-08-06,baccarat_bet02_101_all_pairs_incl_sentinel,round_win = game_pnl > 0 (decisive only),COMPATIBILITY_ONLY_NOT_PRODUCTION,296357.1217,267511.9505,6650.6079,18220,18206,-0.02244119,-0.04150452,-0.02020951,-0.02244119,-6650.6079,296357.1217,OK,0.0000,266.0243,4.0000,96.0000,AG03-UNRESOLVED,ALL5_LEVELS_bet23_to_bet27,266.0243,266.0243,266.0243,332.5304,332.5304,4.000000,4.000000,4.000000,5.000000,5.000000,96.000000,96.000000,96.000000,95.000000,95.000000,5.0,1463.1337,1340.2688,5187.4742,5310.3391,PENDING_AG03,FALSE,NOT_FOR_ENFORCEMENT,6384.5836,256811.4724,6650.6079,6384.5836,266.0243,0.02244119,0.02154355,266.0243,6384.5836,0.02154355,266.0243,266.0243,266.0243,332.5304,332.5304,6384.5836,0.02154355,1463.1337,1340.2688,5187.4742,5310.3391,0.01750413,0.01791872,0.00089765,16.2655,14.6936,0.3653,59.3804,1.1678,2646.0457,162.5536,12.4780,16.8648,9.0895,16.5695,22.0926,29.825,33.4482,44.5976,11.8163,0.0,2.018664,2.691552,0.981654,30,240,141,4,0.10479828,0.02244119,0.04150452,0E-8,0.000000,0.902668,0.011910,-0.02129501,2026-03-22,2026-08-05,112,5695,2177,137,0.817518,0.739886,0.767145,0.349328,,,,,,,,GLOBAL_BASELINE_NO_ENTITY_RANKING,,,NOT_APPLICABLE_GLOBAL_BASELINE,HF9g-P5,,,,X 全窗基线 · 不参与实体赏罚,14195152,1420,A168_HF9F_20260827_0900,2026-08-27 09:00:00
2026-04-28,110249610,1985,0,31.1314109120,-4.1470675120,-4.1470675120,0.5000000,9,9,0.50069283333333333,0.500692833333,-0.003919260948490246,-0.003919260946604642,-0.003919260948490246,3.3333E-13,ELIGIBLE,R03b_20260811_FULL_v1,L1_ELIGIBILITY,v2026-08-11,2026-03-21..2026-08-06,baccarat_bet02_101_all_pairs_incl_sentinel,round_win = game_pnl > 0 (decisive only),COMPATIBILITY_ONLY_NOT_PRODUCTION,296357.1217,267511.9505,6650.6079,18220,18206,-0.02244119,-0.04150452,-0.02020951,-0.02244119,-6650.6079,296357.1217,OK,0.0000,266.0243,4.0000,96.0000,AG03-UNRESOLVED,ALL5_LEVELS_bet23_to_bet27,266.0243,266.0243,266.0243,332.5304,332.5304,4.000000,4.000000,4.000000,5.000000,5.000000,96.000000,96.000000,96.000000,95.000000,95.000000,5.0,1463.1337,1340.2688,5187.4742,5310.3391,PENDING_AG03,FALSE,NOT_FOR_ENFORCEMENT,6384.5836,256811.4724,6650.6079,6384.5836,266.0243,0.02244119,0.02154355,266.0243,6384.5836,0.02154355,266.0243,266.0243,266.0243,332.5304,332.5304,6384.5836,0.02154355,1463.1337,1340.2688,5187.4742,5310.3391,0.01750413,0.01791872,0.00089765,16.2655,14.6936,0.3653,59.3804,1.1678,2646.0457,162.5536,12.4780,16.8648,9.0895,16.5695,22.0926,29.825,33.4482,44.5976,11.8163,0.0,2.018664,2.691552,0.981654,30,240,141,4,0.10479828,0.02244119,0.04150452,0E-8,0.000000,0.902668,0.011910,-0.02129501,2026-03-22,2026-08-05,112,5695,2177,137,0.817518,0.739886,0.767145,0.349328,,,,,,,,GLOBAL_BASELINE_NO_ENTITY_RANKING,,,NOT_APPLICABLE_GLOBAL_BASELINE,HF9g-P5,,,,X 全窗基线 · 不参与实体赏罚,14195153,1420,A168_HF9F_20260827_0900,2026-08-27 09:00:00
2026-04-28,110249610,1991,0,6.7034789920,-2.4939214216,-2.4939214216,0.3333333,3,3,0.50218230000000000,0.502182300000,-0.5849155494134425,-0.5849155494134426,-0.5849155494134425,0E-17,ELIGIBLE,R03b_20260811_FULL_v1,L1_ELIGIBILITY,v2026-08-11,2026-03-21..2026-08-06,baccarat_bet02_101_all_pairs_incl_sentinel,round_win = game_pnl > 0 (decisive only),COMPATIBILITY_ONLY_NOT_PRODUCTION,296357.1217,267511.9505,6650.6079,18220,18206,-0.02244119,-0.04150452,-0.02020951,-0.02244119,-6650.6079,296357.1217,OK,0.0000,266.0243,4.0000,96.0000,AG03-UNRESOLVED,ALL5_LEVELS_bet23_to_bet27,266.0243,266.0243,266.0243,332.5304,332.5304,4.000000,4.000000,4.000000,5.000000,5.000000,96.000000,96.000000,96.000000,95.000000,95.000000,5.0,1463.1337,1340.2688,5187.4742,5310.3391,PENDING_AG03,FALSE,NOT_FOR_ENFORCEMENT,6384.5836,256811.4724,6650.6079,6384.5836,266.0243,0.02244119,0.02154355,266.0243,6384.5836,0.02154355,266.0243,266.0243,266.0243,332.5304,332.5304,6384.5836,0.02154355,1463.1337,1340.2688,5187.4742,5310.3391,0.01750413,0.01791872,0.00089765,16.2655,14.6936,0.3653,59.3804,1.1678,2646.0457,162.5536,12.4780,16.8648,9.0895,16.5695,22.0926,29.825,33.4482,44.5976,11.8163,0.0,2.018664,2.691552,0.981654,30,240,141,4,0.10479828,0.02244119,0.04150452,0E-8,0.000000,0.902668,0.011910,-0.02129501,2026-03-22,2026-08-05,112,5695,2177,137,0.817518,0.739886,0.767145,0.349328,,,,,,,,GLOBAL_BASELINE_NO_ENTITY_RANKING,,,NOT_APPLICABLE_GLOBAL_BASELINE,HF9g-P5,,,,X 全窗基线 · 不参与实体赏罚,14195154,1420,A168_HF9F_20260827_0900,2026-08-27 09:00:00
2026-04-28,110249610,2103,0,5.6809144000,-5.6809144000,-5.6809144000,0E-7,1,1,0.49324550000000000,0.493245500000,-0.9865810262130424,-0.9865810262130424,-0.9865810262130424,0E-17,ELIGIBLE,R03b_20260811_FULL_v1,L1_ELIGIBILITY,v2026-08-11,2026-03-21..2026-08-06,baccarat_bet02_101_all_pairs_incl_sentinel,round_win = game_pnl > 0 (decisive only),COMPATIBILITY_ONLY_NOT_PRODUCTION,296357.1217,267511.9505,6650.6079,18220,18206,-0.02244119,-0.04150452,-0.02020951,-0.02244119,-6650.6079,296357.1217,OK,0.0000,266.0243,4.0000,96.0000,AG03-UNRESOLVED,ALL5_LEVELS_bet23_to_bet27,266.0243,266.0243,266.0243,332.5304,332.5304,4.000000,4.000000,4.000000,5.000000,5.000000,96.000000,96.000000,96.000000,95.000000,95.000000,5.0,1463.1337,1340.2688,5187.4742,5310.3391,PENDING_AG03,FALSE,NOT_FOR_ENFORCEMENT,6384.5836,256811.4724,6650.6079,6384.5836,266.0243,0.02244119,0.02154355,266.0243,6384.5836,0.02154355,266.0243,266.0243,266.0243,332.5304,332.5304,6384.5836,0.02154355,1463.1337,1340.2688,5187.4742,5310.3391,0.01750413,0.01791872,0.00089765,16.2655,14.6936,0.3653,59.3804,1.1678,2646.0457,162.5536,12.4780,16.8648,9.0895,16.5695,22.0926,29.825,33.4482,44.5976,11.8163,0.0,2.018664,2.691552,0.981654,30,240,141,4,0.10479828,0.02244119,0.04150452,0E-8,0.000000,0.902668,0.011910,-0.02129501,2026-03-22,2026-08-05,112,5695,2177,137,0.817518,0.739886,0.767145,0.349328,,,,,,,,GLOBAL_BASELINE_NO_ENTITY_RANKING,,,NOT_APPLICABLE_GLOBAL_BASELINE,HF9g-P5,,,,X 全窗基线 · 不参与实体赏罚,14195155,1420,A168_HF9F_20260827_0900,2026-08-27 09:00:00
2026-04-28,110249610,2123,0,45.4473152000,11.3618288000,11.3618288000,0.6666667,4,4,0.49324550000000000,0.493245500000,0.6008033672792107,0.6008033672792106,0.6008033672792107,0E-17,ELIGIBLE,R03b_20260811_FULL_v1,L1_ELIGIBILITY,v2026-08-11,2026-03-21..2026-08-06,baccarat_bet02_101_all_pairs_incl_sentinel,round_win = game_pnl > 0 (decisive only),COMPATIBILITY_ONLY_NOT_PRODUCTION,296357.1217,267511.9505,6650.6079,18220,18206,-0.02244119,-0.04150452,-0.02020951,-0.02244119,-6650.6079,296357.1217,OK,0.0000,266.0243,4.0000,96.0000,AG03-UNRESOLVED,ALL5_LEVELS_bet23_to_bet27,266.0243,266.0243,266.0243,332.5304,332.5304,4.000000,4.000000,4.000000,5.000000,5.000000,96.000000,96.000000,96.000000,95.000000,95.000000,5.0,1463.1337,1340.2688,5187.4742,5310.3391,PENDING_AG03,FALSE,NOT_FOR_ENFORCEMENT,6384.5836,256811.4724,6650.6079,6384.5836,266.0243,0.02244119,0.02154355,266.0243,6384.5836,0.02154355,266.0243,266.0243,266.0243,332.5304,332.5304,6384.5836,0.02154355,1463.1337,1340.2688,5187.4742,5310.3391,0.01750413,0.01791872,0.00089765,16.2655,14.6936,0.3653,59.3804,1.1678,2646.0457,162.5536,12.4780,16.8648,9.0895,16.5695,22.0926,29.825,33.4482,44.5976,11.8163,0.0,2.018664,2.691552,0.981654,30,240,141,4,0.10479828,0.02244119,0.04150452,0E-8,0.000000,0.902668,0.011910,-0.02129501,2026-03-22,2026-08-05,112,5695,2177,137,0.817518,0.739886,0.767145,0.349328,,,,,,,,GLOBAL_BASELINE_NO_ENTITY_RANKING,,,NOT_APPLICABLE_GLOBAL_BASELINE,HF9g-P5,,,,X 全窗基线 · 不参与实体赏罚,14195156,1420,A168_HF9F_20260827_0900,2026-08-27 09:00:00
2026-04-28,110249610,2129,0,18.1789260800,-13.7478128480,-13.7478128480,0.2000000,5,5,0.49860758000000000,0.498607580000,-1.3354188732730328,-1.3354188732730328,-1.3354188732730328,0E-17,ELIGIBLE,R03b_20260811_FULL_v1,L1_ELIGIBILITY,v2026-08-11,2026-03-21..2026-08-06,baccarat_bet02_101_all_pairs_incl_sentinel,round_win = game_pnl > 0 (decisive only),COMPATIBILITY_ONLY_NOT_PRODUCTION,296357.1217,267511.9505,6650.6079,18220,18206,-0.02244119,-0.04150452,-0.02020951,-0.02244119,-6650.6079,296357.1217,OK,0.0000,266.0243,4.0000,96.0000,AG03-UNRESOLVED,ALL5_LEVELS_bet23_to_bet27,266.0243,266.0243,266.0243,332.5304,332.5304,4.000000,4.000000,4.000000,5.000000,5.000000,96.000000,96.000000,96.000000,95.000000,95.000000,5.0,1463.1337,1340.2688,5187.4742,5310.3391,PENDING_AG03,FALSE,NOT_FOR_ENFORCEMENT,6384.5836,256811.4724,6650.6079,6384.5836,266.0243,0.02244119,0.02154355,266.0243,6384.5836,0.02154355,266.0243,266.0243,266.0243,332.5304,332.5304,6384.5836,0.02154355,1463.1337,1340.2688,5187.4742,5310.3391,0.01750413,0.01791872,0.00089765,16.2655,14.6936,0.3653,59.3804,1.1678,2646.0457,162.5536,12.4780,16.8648,9.0895,16.5695,22.0926,29.825,33.4482,44.5976,11.8163,0.0,2.018664,2.691552,0.981654,30,240,141,4,0.10479828,0.02244119,0.04150452,0E-8,0.000000,0.902668,0.011910,-0.02129501,2026-03-22,2026-08-05,112,5695,2177,137,0.817518,0.739886,0.767145,0.349328,,,,,,,,GLOBAL_BASELINE_NO_ENTITY_RANKING,,,NOT_APPLICABLE_GLOBAL_BASELINE,HF9g-P5,,,,X 全窗基线 · 不参与实体赏罚,14195157,1420,A168_HF9F_20260827_0900,2026-08-27 09:00:00
2026-04-28,110249610,2145,0,11.0209739360,-11.0209739360,-11.0209739360,0E-7,1,1,0.50665070000000000,0.506650700000,-1.013391052207602,-1.013391052207602,-1.013391052207602,0E-17,ELIGIBLE,R03b_20260811_FULL_v1,L1_ELIGIBILITY,v2026-08-11,2026-03-21..2026-08-06,baccarat_bet02_101_all_pairs_incl_sentinel,round_win = game_pnl > 0 (decisive only),COMPATIBILITY_ONLY_NOT_PRODUCTION,296357.1217,267511.9505,6650.6079,18220,18206,-0.02244119,-0.04150452,-0.02020951,-0.02244119,-6650.6079,296357.1217,OK,0.0000,266.0243,4.0000,96.0000,AG03-UNRESOLVED,ALL5_LEVELS_bet23_to_bet27,266.0243,266.0243,266.0243,332.5304,332.5304,4.000000,4.000000,4.000000,5.000000,5.000000,96.000000,96.000000,96.000000,95.000000,95.000000,5.0,1463.1337,1340.2688,5187.4742,5310.3391,PENDING_AG03,FALSE,NOT_FOR_ENFORCEMENT,6384.5836,256811.4724,6650.6079,6384.5836,266.0243,0.02244119,0.02154355,266.0243,6384.5836,0.02154355,266.0243,266.0243,266.0243,332.5304,332.5304,6384.5836,0.02154355,1463.1337,1340.2688,5187.4742,5310.3391,0.01750413,0.01791872,0.00089765,16.2655,14.6936,0.3653,59.3804,1.1678,2646.0457,162.5536,12.4780,16.8648,9.0895,16.5695,22.0926,29.825,33.4482,44.5976,11.8163,0.0,2.018664,2.691552,0.981654,30,240,141,4,0.10479828,0.02244119,0.04150452,0E-8,0.000000,0.902668,0.011910,-0.02129501,2026-03-22,2026-08-05,112,5695,2177,137,0.817518,0.739886,0.767145,0.349328,,,,,,,,GLOBAL_BASELINE_NO_ENTITY_RANKING,,,NOT_APPLICABLE_GLOBAL_BASELINE,HF9g-P5,,,,X 全窗基线 · 不参与实体赏罚,14195158,1420,A168_HF9F_20260827_0900,2026-08-27 09:00:00
2026-04-28,110249610,2156,0,13.6341945600,-4.7719680960,-4.7719680960,0.5000000,2,2,0.50665070000000000,0.506650700000,-0.018812684590367487,-0.018812684590367487,-0.018812684590367487,0E-17,ELIGIBLE,R03b_20260811_FULL_v1,L1_ELIGIBILITY,v2026-08-11,2026-03-21..2026-08-06,baccarat_bet02_101_all_pairs_incl_sentinel,round_win = game_pnl > 0 (decisive only),COMPATIBILITY_ONLY_NOT_PRODUCTION,296357.1217,267511.9505,6650.6079,18220,18206,-0.02244119,-0.04150452,-0.02020951,-0.02244119,-6650.6079,296357.1217,OK,0.0000,266.0243,4.0000,96.0000,AG03-UNRESOLVED,ALL5_LEVELS_bet23_to_bet27,266.0243,266.0243,266.0243,332.5304,332.5304,4.000000,4.000000,4.000000,5.000000,5.000000,96.000000,96.000000,96.000000,95.000000,95.000000,5.0,1463.1337,1340.2688,5187.4742,5310.3391,PENDING_AG03,FALSE,NOT_FOR_ENFORCEMENT,6384.5836,256811.4724,6650.6079,6384.5836,266.0243,0.02244119,0.02154355,266.0243,6384.5836,0.02154355,266.0243,266.0243,266.0243,332.5304,332.5304,6384.5836,0.02154355,1463.1337,1340.2688,5187.4742,5310.3391,0.01750413,0.01791872,0.00089765,16.2655,14.6936,0.3653,59.3804,1.1678,2646.0457,162.5536,12.4780,16.8648,9.0895,16.5695,22.0926,29.825,33.4482,44.5976,11.8163,0.0,2.018664,2.691552,0.981654,30,240,141,4,0.10479828,0.02244119,0.04150452,0E-8,0.000000,0.902668,0.011910,-0.02129501,2026-03-22,2026-08-05,112,5695,2177,137,0.817518,0.739886,0.767145,0.349328,,,,,,,,GLOBAL_BASELINE_NO_ENTITY_RANKING,,,NOT_APPLICABLE_GLOBAL_BASELINE,HF9g-P5,,,,X 全窗基线 · 不参与实体赏罚,14195159,1420,A168_HF9F_20260827_0900,2026-08-27 09:00:00
2026-04-28,110249610,2164,0,4.5447315200,0E-10,0E-10,,1,1,0.49324550000000000,0.493245500000,,,,0E-17,NO_DECISIVE_ROUND,R03b_20260811_FULL_v1,L1_ELIGIBILITY,v2026-08-11,2026-03-21..2026-08-06,baccarat_bet02_101_all_pairs_incl_sentinel,round_win = game_pnl > 0 (decisive only),COMPATIBILITY_ONLY_NOT_PRODUCTION,296357.1217,267511.9505,6650.6079,18220,18206,-0.02244119,-0.04150452,-0.02020951,-0.02244119,-6650.6079,296357.1217,OK,0.0000,266.0243,4.0000,96.0000,AG03-UNRESOLVED,ALL5_LEVELS_bet23_to_bet27,266.0243,266.0243,266.0243,332.5304,332.5304,4.000000,4.000000,4.000000,5.000000,5.000000,96.000000,96.000000,96.000000,95.000000,95.000000,5.0,1463.1337,1340.2688,5187.4742,5310.3391,PENDING_AG03,FALSE,NOT_FOR_ENFORCEMENT,6384.5836,256811.4724,6650.6079,6384.5836,266.0243,0.02244119,0.02154355,266.0243,6384.5836,0.02154355,266.0243,266.0243,266.0243,332.5304,332.5304,6384.5836,0.02154355,1463.1337,1340.2688,5187.4742,5310.3391,0.01750413,0.01791872,0.00089765,16.2655,14.6936,0.3653,59.3804,1.1678,2646.0457,162.5536,12.4780,16.8648,9.0895,16.5695,22.0926,29.825,33.4482,44.5976,11.8163,0.0,2.018664,2.691552,0.981654,30,240,141,4,0.10479828,0.02244119,0.04150452,0E-8,0.000000,0.902668,0.011910,-0.02129501,2026-03-22,2026-08-05,112,5695,2177,137,0.817518,0.739886,0.767145,0.349328,,,,,,,,GLOBAL_BASELINE_NO_ENTITY_RANKING,,,NOT_APPLICABLE_GLOBAL_BASELINE,HF9g-P5,,,,X 全窗基线 · 不参与实体赏罚,14195160,1420,A168_HF9F_20260827_0900,2026-08-27 09:00:00
2026-04-28,110249610,2167,0,11.3618288000,0E-10,0E-10,,1,1,0.49324550000000000,0.493245500000,,,,0E-17,NO_DECISIVE_ROUND,R03b_20260811_FULL_v1,L1_ELIGIBILITY,v2026-08-11,2026-03-21..2026-08-06,baccarat_bet02_101_all_pairs_incl_sentinel,round_win = game_pnl > 0 (decisive only),COMPATIBILITY_ONLY_NOT_PRODUCTION,296357.1217,267511.9505,6650.6079,18220,18206,-0.02244119,-0.04150452,-0.02020951,-0.02244119,-6650.6079,296357.1217,OK,0.0000,266.0243,4.0000,96.0000,AG03-UNRESOLVED,ALL5_LEVELS_bet23_to_bet27,266.0243,266.0243,266.0243,332.5304,332.5304,4.000000,4.000000,4.000000,5.000000,5.000000,96.000000,96.000000,96.000000,95.000000,95.000000,5.0,1463.1337,1340.2688,5187.4742,5310.3391,PENDING_AG03,FALSE,NOT_FOR_ENFORCEMENT,6384.5836,256811.4724,6650.6079,6384.5836,266.0243,0.02244119,0.02154355,266.0243,6384.5836,0.02154355,266.0243,266.0243,266.0243,332.5304,332.5304,6384.5836,0.02154355,1463.1337,1340.2688,5187.4742,5310.3391,0.01750413,0.01791872,0.00089765,16.2655,14.6936,0.3653,59.3804,1.1678,2646.0457,162.5536,12.4780,16.8648,9.0895,16.5695,22.0926,29.825,33.4482,44.5976,11.8163,0.0,2.018664,2.691552,0.981654,30,240,141,4,0.10479828,0.02244119,0.04150452,0E-8,0.000000,0.902668,0.011910,-0.02129501,2026-03-22,2026-08-05,112,5695,2177,137,0.817518,0.739886,0.767145,0.349328,,,,,,,,GLOBAL_BASELINE_NO_ENTITY_RANKING,,,NOT_APPLICABLE_GLOBAL_BASELINE,HF9g-P5,,,,X 全窗基线 · 不参与实体赏罚,14195161,1420,A168_HF9F_20260827_0900,2026-08-27 09:00:00
2026-04-28,110249610,2176,0,19.7695821120,6.3683050424,6.3683050424,1.0000000,2,2,0.50665070000000000,0.506650700000,0.9867858985152569,0.9867858985152569,0.9867858985152569,0E-17,ELIGIBLE,R03b_20260811_FULL_v1,L1_ELIGIBILITY,v2026-08-11,2026-03-21..2026-08-06,baccarat_bet02_101_all_pairs_incl_sentinel,round_win = game_pnl > 0 (decisive only),COMPATIBILITY_ONLY_NOT_PRODUCTION,296357.1217,267511.9505,6650.6079,18220,18206,-0.02244119,-0.04150452,-0.02020951,-0.02244119,-6650.6079,296357.1217,OK,0.0000,266.0243,4.0000,96.0000,AG03-UNRESOLVED,ALL5_LEVELS_bet23_to_bet27,266.0243,266.0243,266.0243,332.5304,332.5304,4.000000,4.000000,4.000000,5.000000,5.000000,96.000000,96.000000,96.000000,95.000000,95.000000,5.0,1463.1337,1340.2688,5187.4742,5310.3391,PENDING_AG03,FALSE,NOT_FOR_ENFORCEMENT,6384.5836,256811.4724,6650.6079,6384.5836,266.0243,0.02244119,0.02154355,266.0243,6384.5836,0.02154355,266.0243,266.0243,266.0243,332.5304,332.5304,6384.5836,0.02154355,1463.1337,1340.2688,5187.4742,5310.3391,0.01750413,0.01791872,0.00089765,16.2655,14.6936,0.3653,59.3804,1.1678,2646.0457,162.5536,12.4780,16.8648,9.0895,16.5695,22.0926,29.825,33.4482,44.5976,11.8163,0.0,2.018664,2.691552,0.981654,30,240,141,4,0.10479828,0.02244119,0.04150452,0E-8,0.000000,0.902668,0.011910,-0.02129501,2026-03-22,2026-08-05,112,5695,2177,137,0.817518,0.739886,0.767145,0.349328,,,,,,,,GLOBAL_BASELINE_NO_ENTITY_RANKING,,,NOT_APPLICABLE_GLOBAL_BASELINE,HF9g-P5,,,,X 全窗基线 · 不参与实体赏罚,14195162,1420,A168_HF9F_20260827_0900,2026-08-27 09:00:00
2026-04-28,110249610,2188,0,13.6341945600,-0.3408548640,-0.3408548640,0.5000000,2,2,0.50665070000000000,0.506650700000,-0.018812684590367487,-0.018812684590367487,-0.018812684590367487,0E-17,ELIGIBLE,R03b_20260811_FULL_v1,L1_ELIGIBILITY,v2026-08-11,2026-03-21..2026-08-06,baccarat_bet02_101_all_pairs_incl_sentinel,round_win = game_pnl > 0 (decisive only),COMPATIBILITY_ONLY_NOT_PRODUCTION,296357.1217,267511.9505,6650.6079,18220,18206,-0.02244119,-0.04150452,-0.02020951,-0.02244119,-6650.6079,296357.1217,OK,0.0000,266.0243,4.0000,96.0000,AG03-UNRESOLVED,ALL5_LEVELS_bet23_to_bet27,266.0243,266.0243,266.0243,332.5304,332.5304,4.000000,4.000000,4.000000,5.000000,5.000000,96.000000,96.000000,96.000000,95.000000,95.000000,5.0,1463.1337,1340.2688,5187.4742,5310.3391,PENDING_AG03,FALSE,NOT_FOR_ENFORCEMENT,6384.5836,256811.4724,6650.6079,6384.5836,266.0243,0.02244119,0.02154355,266.0243,6384.5836,0.02154355,266.0243,266.0243,266.0243,332.5304,332.5304,6384.5836,0.02154355,1463.1337,1340.2688,5187.4742,5310.3391,0.01750413,0.01791872,0.00089765,16.2655,14.6936,0.3653,59.3804,1.1678,2646.0457,162.5536,12.4780,16.8648,9.0895,16.5695,22.0926,29.825,33.4482,44.5976,11.8163,0.0,2.018664,2.691552,0.981654,30,240,141,4,0.10479828,0.02244119,0.04150452,0E-8,0.000000,0.902668,0.011910,-0.02129501,2026-03-22,2026-08-05,112,5695,2177,137,0.817518,0.739886,0.767145,0.349328,,,,,,,,GLOBAL_BASELINE_NO_ENTITY_RANKING,,,NOT_APPLICABLE_GLOBAL_BASELINE,HF9g-P5,,,,X 全窗基线 · 不参与实体赏罚,14195163,1420,A168_HF9F_20260827_0900,2026-08-27 09:00:00
2026-04-28,110249610,2202,0,13.6341945600,-4.7719680960,-4.7719680960,0.5000000,2,2,0.50665070000000000,0.506650700000,-0.018812684590367487,-0.018812684590367487,-0.018812684590367487,0E-17,ELIGIBLE,R03b_20260811_FULL_v1,L1_ELIGIBILITY,v2026-08-11,2026-03-21..2026-08-06,baccarat_bet02_101_all_pairs_incl_sentinel,round_win = game_pnl > 0 (decisive only),COMPATIBILITY_ONLY_NOT_PRODUCTION,296357.1217,267511.9505,6650.6079,18220,18206,-0.02244119,-0.04150452,-0.02020951,-0.02244119,-6650.6079,296357.1217,OK,0.0000,266.0243,4.0000,96.0000,AG03-UNRESOLVED,ALL5_LEVELS_bet23_to_bet27,266.0243,266.0243,266.0243,332.5304,332.5304,4.000000,4.000000,4.000000,5.000000,5.000000,96.000000,96.000000,96.000000,95.000000,95.000000,5.0,1463.1337,1340.2688,5187.4742,5310.3391,PENDING_AG03,FALSE,NOT_FOR_ENFORCEMENT,6384.5836,256811.4724,6650.6079,6384.5836,266.0243,0.02244119,0.02154355,266.0243,6384.5836,0.02154355,266.0243,266.0243,266.0243,332.5304,332.5304,6384.5836,0.02154355,1463.1337,1340.2688,5187.4742,5310.3391,0.01750413,0.01791872,0.00089765,16.2655,14.6936,0.3653,59.3804,1.1678,2646.0457,162.5536,12.4780,16.8648,9.0895,16.5695,22.0926,29.825,33.4482,44.5976,11.8163,0.0,2.018664,2.691552,0.981654,30,240,141,4,0.10479828,0.02244119,0.04150452,0E-8,0.000000,0.902668,0.011910,-0.02129501,2026-03-22,2026-08-05,112,5695,2177,137,0.817518,0.739886,0.767145,0.349328,,,,,,,,GLOBAL_BASELINE_NO_ENTITY_RANKING,,,NOT_APPLICABLE_GLOBAL_BASELINE,HF9g-P5,,,,X 全窗基线 · 不参与实体赏罚,14195164,1420,A168_HF9F_20260827_0900,2026-08-27 09:00:00
2026-04-28,110249610,2205,0,22.1555661600,0E-10,0E-10,0.5000000,2,2,0.50665070000000000,0.506650700000,-0.018812684590367487,-0.018812684590367487,-0.018812684590367487,0E-17,ELIGIBLE,R03b_20260811_FULL_v1,L1_ELIGIBILITY,v2026-08-11,2026-03-21..2026-08-06,baccarat_bet02_101_all_pairs_incl_sentinel,round_win = game_pnl > 0 (decisive only),COMPATIBILITY_ONLY_NOT_PRODUCTION,296357.1217,267511.9505,6650.6079,18220,18206,-0.02244119,-0.04150452,-0.02020951,-0.02244119,-6650.6079,296357.1217,OK,0.0000,266.0243,4.0000,96.0000,AG03-UNRESOLVED,ALL5_LEVELS_bet23_to_bet27,266.0243,266.0243,266.0243,332.5304,332.5304,4.000000,4.000000,4.000000,5.000000,5.000000,96.000000,96.000000,96.000000,95.000000,95.000000,5.0,1463.1337,1340.2688,5187.4742,5310.3391,PENDING_AG03,FALSE,NOT_FOR_ENFORCEMENT,6384.5836,256811.4724,6650.6079,6384.5836,266.0243,0.02244119,0.02154355,266.0243,6384.5836,0.02154355,266.0243,266.0243,266.0243,332.5304,332.5304,6384.5836,0.02154355,1463.1337,1340.2688,5187.4742,5310.3391,0.01750413,0.01791872,0.00089765,16.2655,14.6936,0.3653,59.3804,1.1678,2646.0457,162.5536,12.4780,16.8648,9.0895,16.5695,22.0926,29.825,33.4482,44.5976,11.8163,0.0,2.018664,2.691552,0.981654,30,240,141,4,0.10479828,0.02244119,0.04150452,0E-8,0.000000,0.902668,0.011910,-0.02129501,2026-03-22,2026-08-05,112,5695,2177,137,0.817518,0.739886,0.767145,0.349328,,,,,,,,GLOBAL_BASELINE_NO_ENTITY_RANKING,,,NOT_APPLICABLE_GLOBAL_BASELINE,HF9g-P5,,,,X 全窗基线 · 不参与实体赏罚,14195165,1420,A168_HF9F_20260827_0900,2026-08-27 09:00:00
2026-04-28,110249610,2224,0,23.2917490400,5.1128229600,5.1128229600,0.6666667,4,4,0.49324550000000000,0.493245500000,0.6008033672792107,0.6008033672792106,0.6008033672792107,0E-17,ELIGIBLE,R03b_20260811_FULL_v1,L1_ELIGIBILITY,v2026-08-11,2026-03-21..2026-08-06,baccarat_bet02_101_all_pairs_incl_sentinel,round_win = game_pnl > 0 (decisive only),COMPATIBILITY_ONLY_NOT_PRODUCTION,296357.1217,267511.9505,6650.6079,18220,18206,-0.02244119,-0.04150452,-0.02020951,-0.02244119,-6650.6079,296357.1217,OK,0.0000,266.0243,4.0000,96.0000,AG03-UNRESOLVED,ALL5_LEVELS_bet23_to_bet27,266.0243,266.0243,266.0243,332.5304,332.5304,4.000000,4.000000,4.000000,5.000000,5.000000,96.000000,96.000000,96.000000,95.000000,95.000000,5.0,1463.1337,1340.2688,5187.4742,5310.3391,PENDING_AG03,FALSE,NOT_FOR_ENFORCEMENT,6384.5836,256811.4724,6650.6079,6384.5836,266.0243,0.02244119,0.02154355,266.0243,6384.5836,0.02154355,266.0243,266.0243,266.0243,332.5304,332.5304,6384.5836,0.02154355,1463.1337,1340.2688,5187.4742,5310.3391,0.01750413,0.01791872,0.00089765,16.2655,14.6936,0.3653,59.3804,1.1678,2646.0457,162.5536,12.4780,16.8648,9.0895,16.5695,22.0926,29.825,33.4482,44.5976,11.8163,0.0,2.018664,2.691552,0.981654,30,240,141,4,0.10479828,0.02244119,0.04150452,0E-8,0.000000,0.902668,0.011910,-0.02129501,2026-03-22,2026-08-05,112,5695,2177,137,0.817518,0.739886,0.767145,0.349328,,,,,,,,GLOBAL_BASELINE_NO_ENTITY_RANKING,,,NOT_APPLICABLE_GLOBAL_BASELINE,HF9g-P5,,,,X 全窗基线 · 不参与实体赏罚,14195166,1420,A168_HF9F_20260827_0900,2026-08-27 09:00:00
2026-04-28,110249610,2239,0,36.3578521598,-3.1245029200,-3.1245029200,0.5000000,2,2,0.50665070000000000,0.506650700000,-0.018812684590367487,-0.018812684590367487,-0.018812684590367487,0E-17,ELIGIBLE,R03b_20260811_FULL_v1,L1_ELIGIBILITY,v2026-08-11,2026-03-21..2026-08-06,baccarat_bet02_101_all_pairs_incl_sentinel,round_win = game_pnl > 0 (decisive only),COMPATIBILITY_ONLY_NOT_PRODUCTION,296357.1217,267511.9505,6650.6079,18220,18206,-0.02244119,-0.04150452,-0.02020951,-0.02244119,-6650.6079,296357.1217,OK,0.0000,266.0243,4.0000,96.0000,AG03-UNRESOLVED,ALL5_LEVELS_bet23_to_bet27,266.0243,266.0243,266.0243,332.5304,332.5304,4.000000,4.000000,4.000000,5.000000,5.000000,96.000000,96.000000,96.000000,95.000000,95.000000,5.0,1463.1337,1340.2688,5187.4742,5310.3391,PENDING_AG03,FALSE,NOT_FOR_ENFORCEMENT,6384.5836,256811.4724,6650.6079,6384.5836,266.0243,0.02244119,0.02154355,266.0243,6384.5836,0.02154355,266.0243,266.0243,266.0243,332.5304,332.5304,6384.5836,0.02154355,1463.1337,1340.2688,5187.4742,5310.3391,0.01750413,0.01791872,0.00089765,16.2655,14.6936,0.3653,59.3804,1.1678,2646.0457,162.5536,12.4780,16.8648,9.0895,16.5695,22.0926,29.825,33.4482,44.5976,11.8163,0.0,2.018664,2.691552,0.981654,30,240,141,4,0.10479828,0.02244119,0.04150452,0E-8,0.000000,0.902668,0.011910,-0.02129501,2026-03-22,2026-08-05,112,5695,2177,137,0.817518,0.739886,0.767145,0.349328,,,,,,,,GLOBAL_BASELINE_NO_ENTITY_RANKING,,,NOT_APPLICABLE_GLOBAL_BASELINE,HF9g-P5,,,,X 全窗基线 · 不参与实体赏罚,14195167,1420,A168_HF9F_20260827_0900,2026-08-27 09:00:00
2026-04-28,110249610,2242,0,34.0854864000,-22.7236576000,-22.7236576000,0E-7,3,3,0.50218230000000000,0.502182300000,-1.4203995680682369,-1.4203995680682369,-1.4203995680682369,0E-17,ELIGIBLE,R03b_20260811_FULL_v1,L1_ELIGIBILITY,v2026-08-11,2026-03-21..2026-08-06,baccarat_bet02_101_all_pairs_incl_sentinel,round_win = game_pnl > 0 (decisive only),COMPATIBILITY_ONLY_NOT_PRODUCTION,296357.1217,267511.9505,6650.6079,18220,18206,-0.02244119,-0.04150452,-0.02020951,-0.02244119,-6650.6079,296357.1217,OK,0.0000,266.0243,4.0000,96.0000,AG03-UNRESOLVED,ALL5_LEVELS_bet23_to_bet27,266.0243,266.0243,266.0243,332.5304,332.5304,4.000000,4.000000,4.000000,5.000000,5.000000,96.000000,96.000000,96.000000,95.000000,95.000000,5.0,1463.1337,1340.2688,5187.4742,5310.3391,PENDING_AG03,FALSE,NOT_FOR_ENFORCEMENT,6384.5836,256811.4724,6650.6079,6384.5836,266.0243,0.02244119,0.02154355,266.0243,6384.5836,0.02154355,266.0243,266.0243,266.0243,332.5304,332.5304,6384.5836,0.02154355,1463.1337,1340.2688,5187.4742,5310.3391,0.01750413,0.01791872,0.00089765,16.2655,14.6936,0.3653,59.3804,1.1678,2646.0457,162.5536,12.4780,16.8648,9.0895,16.5695,22.0926,29.825,33.4482,44.5976,11.8163,0.0,2.018664,2.691552,0.981654,30,240,141,4,0.10479828,0.02244119,0.04150452,0E-8,0.000000,0.902668,0.011910,-0.02129501,2026-03-22,2026-08-05,112,5695,2177,137,0.817518,0.739886,0.767145,0.349328,,,,,,,,GLOBAL_BASELINE_NO_ENTITY_RANKING,,,NOT_APPLICABLE_GLOBAL_BASELINE,HF9g-P5,,,,X 全窗基线 · 不参与实体赏罚,14195168,1420,A168_HF9F_20260827_0900,2026-08-27 09:00:00
2026-04-28,110249610,2246,0,124.6392619357,24.5301883791,24.5301883791,0.6250000,9,9,0.50367176666666667,0.503671766667,0.6863546392532456,0.6863546392513633,0.6863546392532456,-3.3333E-13,ELIGIBLE,R03b_20260811_FULL_v1,L1_ELIGIBILITY,v2026-08-11,2026-03-21..2026-08-06,baccarat_bet02_101_all_pairs_incl_sentinel,round_win = game_pnl > 0 (decisive only),COMPATIBILITY_ONLY_NOT_PRODUCTION,296357.1217,267511.9505,6650.6079,18220,18206,-0.02244119,-0.04150452,-0.02020951,-0.02244119,-6650.6079,296357.1217,OK,0.0000,266.0243,4.0000,96.0000,AG03-UNRESOLVED,ALL5_LEVELS_bet23_to_bet27,266.0243,266.0243,266.0243,332.5304,332.5304,4.000000,4.000000,4.000000,5.000000,5.000000,96.000000,96.000000,96.000000,95.000000,95.000000,5.0,1463.1337,1340.2688,5187.4742,5310.3391,PENDING_AG03,FALSE,NOT_FOR_ENFORCEMENT,6384.5836,256811.4724,6650.6079,6384.5836,266.0243,0.02244119,0.02154355,266.0243,6384.5836,0.02154355,266.0243,266.0243,266.0243,332.5304,332.5304,6384.5836,0.02154355,1463.1337,1340.2688,5187.4742,5310.3391,0.01750413,0.01791872,0.00089765,16.2655,14.6936,0.3653,59.3804,1.1678,2646.0457,162.5536,12.4780,16.8648,9.0895,16.5695,22.0926,29.825,33.4482,44.5976,11.8163,0.0,2.018664,2.691552,0.981654,30,240,141,4,0.10479828,0.02244119,0.04150452,0E-8,0.000000,0.902668,0.011910,-0.02129501,2026-03-22,2026-08-05,112,5695,2177,137,0.817518,0.739886,0.767145,0.349328,,,,,,,,GLOBAL_BASELINE_NO_ENTITY_RANKING,,,NOT_APPLICABLE_GLOBAL_BASELINE,HF9g-P5,,,,X 全窗基线 · 不参与实体赏罚,14195169,1420,A168_HF9F_20260827_0900,2026-08-27 09:00:00
2026-04-28,110249610,2251,0,61.9219669598,6.2490058400,6.2490058400,0.6666667,4,4,0.49324550000000000,0.493245500000,0.6008033672792107,0.6008033672792106,0.6008033672792107,0E-17,ELIGIBLE,R03b_20260811_FULL_v1,L1_ELIGIBILITY,v2026-08-11,2026-03-21..2026-08-06,baccarat_bet02_101_all_pairs_incl_sentinel,round_win = game_pnl > 0 (decisive only),COMPATIBILITY_ONLY_NOT_PRODUCTION,296357.1217,267511.9505,6650.6079,18220,18206,-0.02244119,-0.04150452,-0.02020951,-0.02244119,-6650.6079,296357.1217,OK,0.0000,266.0243,4.0000,96.0000,AG03-UNRESOLVED,ALL5_LEVELS_bet23_to_bet27,266.0243,266.0243,266.0243,332.5304,332.5304,4.000000,4.000000,4.000000,5.000000,5.000000,96.000000,96.000000,96.000000,95.000000,95.000000,5.0,1463.1337,1340.2688,5187.4742,5310.3391,PENDING_AG03,FALSE,NOT_FOR_ENFORCEMENT,6384.5836,256811.4724,6650.6079,6384.5836,266.0243,0.02244119,0.02154355,266.0243,6384.5836,0.02154355,266.0243,266.0243,266.0243,332.5304,332.5304,6384.5836,0.02154355,1463.1337,1340.2688,5187.4742,5310.3391,0.01750413,0.01791872,0.00089765,16.2655,14.6936,0.3653,59.3804,1.1678,2646.0457,162.5536,12.4780,16.8648,9.0895,16.5695,22.0926,29.825,33.4482,44.5976,11.8163,0.0,2.018664,2.691552,0.981654,30,240,141,4,0.10479828,0.02244119,0.04150452,0E-8,0.000000,0.902668,0.011910,-0.02129501,2026-03-22,2026-08-05,112,5695,2177,137,0.817518,0.739886,0.767145,0.349328,,,,,,,,GLOBAL_BASELINE_NO_ENTITY_RANKING,,,NOT_APPLICABLE_GLOBAL_BASELINE,HF9g-P5,,,,X 全窗基线 · 不参与实体赏罚,14195170,1420,A168_HF9F_20260827_0900,2026-08-27 09:00:00
2026-04-28,110249610,2266,0,28.4045720000,7.9532801600,7.9532801600,0.7500000,4,4,0.49324550000000000,0.493245500000,1.0271117246678039,1.0271117246678039,1.0271117246678039,0E-17,ELIGIBLE,R03b_20260811_FULL_v1,L1_ELIGIBILITY,v2026-08-11,2026-03-21..2026-08-06,baccarat_bet02_101_all_pairs_incl_sentinel,round_win = game_pnl > 0 (decisive only),COMPATIBILITY_ONLY_NOT_PRODUCTION,296357.1217,267511.9505,6650.6079,18220,18206,-0.02244119,-0.04150452,-0.02020951,-0.02244119,-6650.6079,296357.1217,OK,0.0000,266.0243,4.0000,96.0000,AG03-UNRESOLVED,ALL5_LEVELS_bet23_to_bet27,266.0243,266.0243,266.0243,332.5304,332.5304,4.000000,4.000000,4.000000,5.000000,5.000000,96.000000,96.000000,96.000000,95.000000,95.000000,5.0,1463.1337,1340.2688,5187.4742,5310.3391,PENDING_AG03,FALSE,NOT_FOR_ENFORCEMENT,6384.5836,256811.4724,6650.6079,6384.5836,266.0243,0.02244119,0.02154355,266.0243,6384.5836,0.02154355,266.0243,266.0243,266.0243,332.5304,332.5304,6384.5836,0.02154355,1463.1337,1340.2688,5187.4742,5310.3391,0.01750413,0.01791872,0.00089765,16.2655,14.6936,0.3653,59.3804,1.1678,2646.0457,162.5536,12.4780,16.8648,9.0895,16.5695,22.0926,29.825,33.4482,44.5976,11.8163,0.0,2.018664,2.691552,0.981654,30,240,141,4,0.10479828,0.02244119,0.04150452,0E-8,0.000000,0.902668,0.011910,-0.02129501,2026-03-22,2026-08-05,112,5695,2177,137,0.817518,0.739886,0.767145,0.349328,,,,,,,,GLOBAL_BASELINE_NO_ENTITY_RANKING,,,NOT_APPLICABLE_GLOBAL_BASELINE,HF9g-P5,,,,X 全窗基线 · 不参与实体赏罚,14195171,1420,A168_HF9F_20260827_0900,2026-08-27 09:00:00
2026-04-28,110249610,2271,0,15.5657054560,-1.9315108960,-1.9315108960,0.5000000,4,4,0.49324550000000000,0.493245500000,0.027020465636507562,0.027020465636507562,0.027020465636507562,0E-17,ELIGIBLE,R03b_20260811_FULL_v1,L1_ELIGIBILITY,v2026-08-11,2026-03-21..2026-08-06,baccarat_bet02_101_all_pairs_incl_sentinel,round_win = game_pnl > 0 (decisive only),COMPATIBILITY_ONLY_NOT_PRODUCTION,296357.1217,267511.9505,6650.6079,18220,18206,-0.02244119,-0.04150452,-0.02020951,-0.02244119,-6650.6079,296357.1217,OK,0.0000,266.0243,4.0000,96.0000,AG03-UNRESOLVED,ALL5_LEVELS_bet23_to_bet27,266.0243,266.0243,266.0243,332.5304,332.5304,4.000000,4.000000,4.000000,5.000000,5.000000,96.000000,96.000000,96.000000,95.000000,95.000000,5.0,1463.1337,1340.2688,5187.4742,5310.3391,PENDING_AG03,FALSE,NOT_FOR_ENFORCEMENT,6384.5836,256811.4724,6650.6079,6384.5836,266.0243,0.02244119,0.02154355,266.0243,6384.5836,0.02154355,266.0243,266.0243,266.0243,332.5304,332.5304,6384.5836,0.02154355,1463.1337,1340.2688,5187.4742,5310.3391,0.01750413,0.01791872,0.00089765,16.2655,14.6936,0.3653,59.3804,1.1678,2646.0457,162.5536,12.4780,16.8648,9.0895,16.5695,22.0926,29.825,33.4482,44.5976,11.8163,0.0,2.018664,2.691552,0.981654,30,240,141,4,0.10479828,0.02244119,0.04150452,0E-8,0.000000,0.902668,0.011910,-0.02129501,2026-03-22,2026-08-05,112,5695,2177,137,0.817518,0.739886,0.767145,0.349328,,,,,,,,GLOBAL_BASELINE_NO_ENTITY_RANKING,,,NOT_APPLICABLE_GLOBAL_BASELINE,HF9g-P5,,,,X 全窗基线 · 不参与实体赏罚,14195172,1420,A168_HF9F_20260827_0900,2026-08-27 09:00:00
2026-04-28,110249610,789,0,72.1476128798,17.6108346400,17.6108346400,0.6000000,5,5,0.49592654000000000,0.495926540000,0.46544610904919037,0.46544610904919037,0.46544610904919037,0E-17,ELIGIBLE,R03b_20260811_FULL_v1,L1_ELIGIBILITY,v2026-08-11,2026-03-21..2026-08-06,baccarat_bet02_101_all_pairs_incl_sentinel,round_win = game_pnl > 0 (decisive only),COMPATIBILITY_ONLY_NOT_PRODUCTION,296357.1217,267511.9505,6650.6079,18220,18206,-0.02244119,-0.04150452,-0.02020951,-0.02244119,-6650.6079,296357.1217,OK,0.0000,266.0243,4.0000,96.0000,AG03-UNRESOLVED,ALL5_LEVELS_bet23_to_bet27,266.0243,266.0243,266.0243,332.5304,332.5304,4.000000,4.000000,4.000000,5.000000,5.000000,96.000000,96.000000,96.000000,95.000000,95.000000,5.0,1463.1337,1340.2688,5187.4742,5310.3391,PENDING_AG03,FALSE,NOT_FOR_ENFORCEMENT,6384.5836,256811.4724,6650.6079,6384.5836,266.0243,0.02244119,0.02154355,266.0243,6384.5836,0.02154355,266.0243,266.0243,266.0243,332.5304,332.5304,6384.5836,0.02154355,1463.1337,1340.2688,5187.4742,5310.3391,0.01750413,0.01791872,0.00089765,16.2655,14.6936,0.3653,59.3804,1.1678,2646.0457,162.5536,12.4780,16.8648,9.0895,16.5695,22.0926,29.825,33.4482,44.5976,11.8163,0.0,2.018664,2.691552,0.981654,30,240,141,4,0.10479828,0.02244119,0.04150452,0E-8,0.000000,0.902668,0.011910,-0.02129501,2026-03-22,2026-08-05,112,5695,2177,137,0.817518,0.739886,0.767145,0.349328,,,,,,,,GLOBAL_BASELINE_NO_ENTITY_RANKING,,,NOT_APPLICABLE_GLOBAL_BASELINE,HF9g-P5,,,,X 全窗基线 · 不参与实体赏罚,14195173,1420,A168_HF9F_20260827_0900,2026-08-27 09:00:00
2026-04-28,110249610,948,0,51.1282295999,-39.7664007999,-39.7664007999,0E-7,4,4,0.49994810000000000,0.499948100000,-1.7318710300250217,-1.7318710300250217,-1.7318710300250217,0E-17,ELIGIBLE,R03b_20260811_FULL_v1,L1_ELIGIBILITY,v2026-08-11,2026-03-21..2026-08-06,baccarat_bet02_101_all_pairs_incl_sentinel,round_win = game_pnl > 0 (decisive only),COMPATIBILITY_ONLY_NOT_PRODUCTION,296357.1217,267511.9505,6650.6079,18220,18206,-0.02244119,-0.04150452,-0.02020951,-0.02244119,-6650.6079,296357.1217,OK,0.0000,266.0243,4.0000,96.0000,AG03-UNRESOLVED,ALL5_LEVELS_bet23_to_bet27,266.0243,266.0243,266.0243,332.5304,332.5304,4.000000,4.000000,4.000000,5.000000,5.000000,96.000000,96.000000,96.000000,95.000000,95.000000,5.0,1463.1337,1340.2688,5187.4742,5310.3391,PENDING_AG03,FALSE,NOT_FOR_ENFORCEMENT,6384.5836,256811.4724,6650.6079,6384.5836,266.0243,0.02244119,0.02154355,266.0243,6384.5836,0.02154355,266.0243,266.0243,266.0243,332.5304,332.5304,6384.5836,0.02154355,1463.1337,1340.2688,5187.4742,5310.3391,0.01750413,0.01791872,0.00089765,16.2655,14.6936,0.3653,59.3804,1.1678,2646.0457,162.5536,12.4780,16.8648,9.0895,16.5695,22.0926,29.825,33.4482,44.5976,11.8163,0.0,2.018664,2.691552,0.981654,30,240,141,4,0.10479828,0.02244119,0.04150452,0E-8,0.000000,0.902668,0.011910,-0.02129501,2026-03-22,2026-08-05,112,5695,2177,137,0.817518,0.739886,0.767145,0.349328,,,,,,,,GLOBAL_BASELINE_NO_ENTITY_RANKING,,,NOT_APPLICABLE_GLOBAL_BASELINE,HF9g-P5,,,,X 全窗基线 · 不参与实体赏罚,14195174,1420,A168_HF9F_20260827_0900,2026-08-27 09:00:00
2026-04-29,110249610,-1,1,773.8541595655,-48.4241143456,-48.4241143456,0.4255319,54,54,0.49845863333333333,0.498458633333,-0.9999255368066546,-0.9999255368020866,-0.9999255368066546,3.3333E-13,SENTINEL_DEALER,R03b_20260811_FULL_v1,L1_ELIGIBILITY,v2026-08-11,2026-03-21..2026-08-06,baccarat_bet02_101_all_pairs_incl_sentinel,round_win = game_pnl > 0 (decisive only),COMPATIBILITY_ONLY_NOT_PRODUCTION,296357.1217,267511.9505,6650.6079,18220,18206,-0.02244119,-0.04150452,-0.02020951,-0.02244119,-6650.6079,296357.1217,OK,0.0000,266.0243,4.0000,96.0000,AG03-UNRESOLVED,ALL5_LEVELS_bet23_to_bet27,266.0243,266.0243,266.0243,332.5304,332.5304,4.000000,4.000000,4.000000,5.000000,5.000000,96.000000,96.000000,96.000000,95.000000,95.000000,5.0,1463.1337,1340.2688,5187.4742,5310.3391,PENDING_AG03,FALSE,NOT_FOR_ENFORCEMENT,6384.5836,256811.4724,6650.6079,6384.5836,266.0243,0.02244119,0.02154355,266.0243,6384.5836,0.02154355,266.0243,266.0243,266.0243,332.5304,332.5304,6384.5836,0.02154355,1463.1337,1340.2688,5187.4742,5310.3391,0.01750413,0.01791872,0.00089765,16.2655,14.6936,0.3653,59.3804,1.1678,2646.0457,162.5536,12.4780,16.8648,9.0895,16.5695,22.0926,29.825,33.4482,44.5976,11.8163,0.0,2.018664,2.691552,0.981654,30,240,141,4,0.10479828,0.02244119,0.04150452,0E-8,0.000000,0.902668,0.011910,-0.02129501,2026-03-22,2026-08-05,112,5695,2177,137,0.817518,0.739886,0.767145,0.349328,,,,,,,,GLOBAL_BASELINE_NO_ENTITY_RANKING,,,NOT_APPLICABLE_GLOBAL_BASELINE,HF9g-P5,,,,X 全窗基线 · 不参与实体赏罚,14195175,1420,A168_HF9F_20260827_0900,2026-08-27 09:00:00
2026-04-29,110249610,1078,0,87.2588451837,-23.4508146431,-23.4508146431,0.4285714,7,7,0.50473567142857143,0.504735671429,-0.403041368878626,-0.40304136888089725,-0.403041368878626,-4.2857E-13,ELIGIBLE,R03b_20260811_FULL_v1,L1_ELIGIBILITY,v2026-08-11,2026-03-21..2026-08-06,baccarat_bet02_101_all_pairs_incl_sentinel,round_win = game_pnl > 0 (decisive only),COMPATIBILITY_ONLY_NOT_PRODUCTION,296357.1217,267511.9505,6650.6079,18220,18206,-0.02244119,-0.04150452,-0.02020951,-0.02244119,-6650.6079,296357.1217,OK,0.0000,266.0243,4.0000,96.0000,AG03-UNRESOLVED,ALL5_LEVELS_bet23_to_bet27,266.0243,266.0243,266.0243,332.5304,332.5304,4.000000,4.000000,4.000000,5.000000,5.000000,96.000000,96.000000,96.000000,95.000000,95.000000,5.0,1463.1337,1340.2688,5187.4742,5310.3391,PENDING_AG03,FALSE,NOT_FOR_ENFORCEMENT,6384.5836,256811.4724,6650.6079,6384.5836,266.0243,0.02244119,0.02154355,266.0243,6384.5836,0.02154355,266.0243,266.0243,266.0243,332.5304,332.5304,6384.5836,0.02154355,1463.1337,1340.2688,5187.4742,5310.3391,0.01750413,0.01791872,0.00089765,16.2655,14.6936,0.3653,59.3804,1.1678,2646.0457,162.5536,12.4780,16.8648,9.0895,16.5695,22.0926,29.825,33.4482,44.5976,11.8163,0.0,2.018664,2.691552,0.981654,30,240,141,4,0.10479828,0.02244119,0.04150452,0E-8,0.000000,0.902668,0.011910,-0.02129501,2026-03-22,2026-08-05,112,5695,2177,137,0.817518,0.739886,0.767145,0.349328,,,,,,,,GLOBAL_BASELINE_NO_ENTITY_RANKING,,,NOT_APPLICABLE_GLOBAL_BASELINE,HF9g-P5,,,,X 全窗基线 · 不参与实体赏罚,14195176,1420,A168_HF9F_20260827_0900,2026-08-27 09:00:00
2026-04-29,110249610,1094,0,2.2723657600,-2.2723657600,-2.2723657600,0E-7,1,1,0.50665070000000000,0.506650700000,-1.013391052207602,-1.013391052207602,-1.013391052207602,0E-17,ELIGIBLE,R03b_20260811_FULL_v1,L1_ELIGIBILITY,v2026-08-11,2026-03-21..2026-08-06,baccarat_bet02_101_all_pairs_incl_sentinel,round_win = game_pnl > 0 (decisive only),COMPATIBILITY_ONLY_NOT_PRODUCTION,296357.1217,267511.9505,6650.6079,18220,18206,-0.02244119,-0.04150452,-0.02020951,-0.02244119,-6650.6079,296357.1217,OK,0.0000,266.0243,4.0000,96.0000,AG03-UNRESOLVED,ALL5_LEVELS_bet23_to_bet27,266.0243,266.0243,266.0243,332.5304,332.5304,4.000000,4.000000,4.000000,5.000000,5.000000,96.000000,96.000000,96.000000,95.000000,95.000000,5.0,1463.1337,1340.2688,5187.4742,5310.3391,PENDING_AG03,FALSE,NOT_FOR_ENFORCEMENT,6384.5836,256811.4724,6650.6079,6384.5836,266.0243,0.02244119,0.02154355,266.0243,6384.5836,0.02154355,266.0243,266.0243,266.0243,332.5304,332.5304,6384.5836,0.02154355,1463.1337,1340.2688,5187.4742,5310.3391,0.01750413,0.01791872,0.00089765,16.2655,14.6936,0.3653,59.3804,1.1678,2646.0457,162.5536,12.4780,16.8648,9.0895,16.5695,22.0926,29.825,33.4482,44.5976,11.8163,0.0,2.018664,2.691552,0.981654,30,240,141,4,0.10479828,0.02244119,0.04150452,0E-8,0.000000,0.902668,0.011910,-0.02129501,2026-03-22,2026-08-05,112,5695,2177,137,0.817518,0.739886,0.767145,0.349328,,,,,,,,GLOBAL_BASELINE_NO_ENTITY_RANKING,,,NOT_APPLICABLE_GLOBAL_BASELINE,HF9g-P5,,,,X 全窗基线 · 不参与实体赏罚,14195177,1420,A168_HF9F_20260827_0900,2026-08-27 09:00:00
2026-04-29,110249610,1304,0,14.8839957280,3.0620128616,3.0620128616,0.6666667,3,3,0.50665070000000000,0.506650700000,0.5543606114942035,0.5543606114942035,0.5543606114942035,0E-17,ELIGIBLE,R03b_20260811_FULL_v1,L1_ELIGIBILITY,v2026-08-11,2026-03-21..2026-08-06,baccarat_bet02_101_all_pairs_incl_sentinel,round_win = game_pnl > 0 (decisive only),COMPATIBILITY_ONLY_NOT_PRODUCTION,296357.1217,267511.9505,6650.6079,18220,18206,-0.02244119,-0.04150452,-0.02020951,-0.02244119,-6650.6079,296357.1217,OK,0.0000,266.0243,4.0000,96.0000,AG03-UNRESOLVED,ALL5_LEVELS_bet23_to_bet27,266.0243,266.0243,266.0243,332.5304,332.5304,4.000000,4.000000,4.000000,5.000000,5.000000,96.000000,96.000000,96.000000,95.000000,95.000000,5.0,1463.1337,1340.2688,5187.4742,5310.3391,PENDING_AG03,FALSE,NOT_FOR_ENFORCEMENT,6384.5836,256811.4724,6650.6079,6384.5836,266.0243,0.02244119,0.02154355,266.0243,6384.5836,0.02154355,266.0243,266.0243,266.0243,332.5304,332.5304,6384.5836,0.02154355,1463.1337,1340.2688,5187.4742,5310.3391,0.01750413,0.01791872,0.00089765,16.2655,14.6936,0.3653,59.3804,1.1678,2646.0457,162.5536,12.4780,16.8648,9.0895,16.5695,22.0926,29.825,33.4482,44.5976,11.8163,0.0,2.018664,2.691552,0.981654,30,240,141,4,0.10479828,0.02244119,0.04150452,0E-8,0.000000,0.902668,0.011910,-0.02129501,2026-03-22,2026-08-05,112,5695,2177,137,0.817518,0.739886,0.767145,0.349328,,,,,,,,GLOBAL_BASELINE_NO_ENTITY_RANKING,,,NOT_APPLICABLE_GLOBAL_BASELINE,HF9g-P5,,,,X 全窗基线 · 不参与实体赏罚,14195178,1420,A168_HF9F_20260827_0900,2026-08-27 09:00:00
2026-04-29,110249610,1306,0,51.1282295999,15.3384688801,15.3384688801,0.7500000,4,4,0.50665070000000000,0.506650700000,0.9734833216690844,0.9734833216690844,0.9734833216690844,0E-17,ELIGIBLE,R03b_20260811_FULL_v1,L1_ELIGIBILITY,v2026-08-11,2026-03-21..2026-08-06,baccarat_bet02_101_all_pairs_incl_sentinel,round_win = game_pnl > 0 (decisive only),COMPATIBILITY_ONLY_NOT_PRODUCTION,296357.1217,267511.9505,6650.6079,18220,18206,-0.02244119,-0.04150452,-0.02020951,-0.02244119,-6650.6079,296357.1217,OK,0.0000,266.0243,4.0000,96.0000,AG03-UNRESOLVED,ALL5_LEVELS_bet23_to_bet27,266.0243,266.0243,266.0243,332.5304,332.5304,4.000000,4.000000,4.000000,5.000000,5.000000,96.000000,96.000000,96.000000,95.000000,95.000000,5.0,1463.1337,1340.2688,5187.4742,5310.3391,PENDING_AG03,FALSE,NOT_FOR_ENFORCEMENT,6384.5836,256811.4724,6650.6079,6384.5836,266.0243,0.02244119,0.02154355,266.0243,6384.5836,0.02154355,266.0243,266.0243,266.0243,332.5304,332.5304,6384.5836,0.02154355,1463.1337,1340.2688,5187.4742,5310.3391,0.01750413,0.01791872,0.00089765,16.2655,14.6936,0.3653,59.3804,1.1678,2646.0457,162.5536,12.4780,16.8648,9.0895,16.5695,22.0926,29.825,33.4482,44.5976,11.8163,0.0,2.018664,2.691552,0.981654,30,240,141,4,0.10479828,0.02244119,0.04150452,0E-8,0.000000,0.902668,0.011910,-0.02129501,2026-03-22,2026-08-05,112,5695,2177,137,0.817518,0.739886,0.767145,0.349328,,,,,,,,GLOBAL_BASELINE_NO_ENTITY_RANKING,,,NOT_APPLICABLE_GLOBAL_BASELINE,HF9g-P5,,,,X 全窗基线 · 不参与实体赏罚,14195179,1420,A168_HF9F_20260827_0900,2026-08-27 09:00:00
2026-04-29,110249610,1318,0,39.7664008000,-28.4045720000,-28.4045720000,0.2500000,4,4,0.50329940000000000,0.503299400000,-1.013219660140378,-1.013219660140378,-1.013219660140378,0E-17,ELIGIBLE,R03b_20260811_FULL_v1,L1_ELIGIBILITY,v2026-08-11,2026-03-21..2026-08-06,baccarat_bet02_101_all_pairs_incl_sentinel,round_win = game_pnl > 0 (decisive only),COMPATIBILITY_ONLY_NOT_PRODUCTION,296357.1217,267511.9505,6650.6079,18220,18206,-0.02244119,-0.04150452,-0.02020951,-0.02244119,-6650.6079,296357.1217,OK,0.0000,266.0243,4.0000,96.0000,AG03-UNRESOLVED,ALL5_LEVELS_bet23_to_bet27,266.0243,266.0243,266.0243,332.5304,332.5304,4.000000,4.000000,4.000000,5.000000,5.000000,96.000000,96.000000,96.000000,95.000000,95.000000,5.0,1463.1337,1340.2688,5187.4742,5310.3391,PENDING_AG03,FALSE,NOT_FOR_ENFORCEMENT,6384.5836,256811.4724,6650.6079,6384.5836,266.0243,0.02244119,0.02154355,266.0243,6384.5836,0.02154355,266.0243,266.0243,266.0243,332.5304,332.5304,6384.5836,0.02154355,1463.1337,1340.2688,5187.4742,5310.3391,0.01750413,0.01791872,0.00089765,16.2655,14.6936,0.3653,59.3804,1.1678,2646.0457,162.5536,12.4780,16.8648,9.0895,16.5695,22.0926,29.825,33.4482,44.5976,11.8163,0.0,2.018664,2.691552,0.981654,30,240,141,4,0.10479828,0.02244119,0.04150452,0E-8,0.000000,0.902668,0.011910,-0.02129501,2026-03-22,2026-08-05,112,5695,2177,137,0.817518,0.739886,0.767145,0.349328,,,,,,,,GLOBAL_BASELINE_NO_ENTITY_RANKING,,,NOT_APPLICABLE_GLOBAL_BASELINE,HF9g-P5,,,,X 全窗基线 · 不参与实体赏罚,14195180,1420,A168_HF9F_20260827_0900,2026-08-27 09:00:00
2026-04-29,110249610,1353,0,11.3618288000,-11.3618288000,-11.3618288000,0E-7,1,1,0.50665070000000000,0.506650700000,-1.013391052207602,-1.013391052207602,-1.013391052207602,0E-17,ELIGIBLE,R03b_20260811_FULL_v1,L1_ELIGIBILITY,v2026-08-11,2026-03-21..2026-08-06,baccarat_bet02_101_all_pairs_incl_sentinel,round_win = game_pnl > 0 (decisive only),COMPATIBILITY_ONLY_NOT_PRODUCTION,296357.1217,267511.9505,6650.6079,18220,18206,-0.02244119,-0.04150452,-0.02020951,-0.02244119,-6650.6079,296357.1217,OK,0.0000,266.0243,4.0000,96.0000,AG03-UNRESOLVED,ALL5_LEVELS_bet23_to_bet27,266.0243,266.0243,266.0243,332.5304,332.5304,4.000000,4.000000,4.000000,5.000000,5.000000,96.000000,96.000000,96.000000,95.000000,95.000000,5.0,1463.1337,1340.2688,5187.4742,5310.3391,PENDING_AG03,FALSE,NOT_FOR_ENFORCEMENT,6384.5836,256811.4724,6650.6079,6384.5836,266.0243,0.02244119,0.02154355,266.0243,6384.5836,0.02154355,266.0243,266.0243,266.0243,332.5304,332.5304,6384.5836,0.02154355,1463.1337,1340.2688,5187.4742,5310.3391,0.01750413,0.01791872,0.00089765,16.2655,14.6936,0.3653,59.3804,1.1678,2646.0457,162.5536,12.4780,16.8648,9.0895,16.5695,22.0926,29.825,33.4482,44.5976,11.8163,0.0,2.018664,2.691552,0.981654,30,240,141,4,0.10479828,0.02244119,0.04150452,0E-8,0.000000,0.902668,0.011910,-0.02129501,2026-03-22,2026-08-05,112,5695,2177,137,0.817518,0.739886,0.767145,0.349328,,,,,,,,GLOBAL_BASELINE_NO_ENTITY_RANKING,,,NOT_APPLICABLE_GLOBAL_BASELINE,HF9g-P5,,,,X 全窗基线 · 不参与实体赏罚,14195181,1420,A168_HF9F_20260827_0900,2026-08-27 09:00:00
2026-04-29,110249610,1507,0,77.2604358398,-9.6575544798,-9.6575544798,0.5000000,6,6,0.49994810000000000,0.499948100000,0.00025425703667063243,0.00025425703667063243,0.00025425703667063243,0E-17,ELIGIBLE,R03b_20260811_FULL_v1,L1_ELIGIBILITY,v2026-08-11,2026-03-21..2026-08-06,baccarat_bet02_101_all_pairs_incl_sentinel,round_win = game_pnl > 0 (decisive only),COMPATIBILITY_ONLY_NOT_PRODUCTION,296357.1217,267511.9505,6650.6079,18220,18206,-0.02244119,-0.04150452,-0.02020951,-0.02244119,-6650.6079,296357.1217,OK,0.0000,266.0243,4.0000,96.0000,AG03-UNRESOLVED,ALL5_LEVELS_bet23_to_bet27,266.0243,266.0243,266.0243,332.5304,332.5304,4.000000,4.000000,4.000000,5.000000,5.000000,96.000000,96.000000,96.000000,95.000000,95.000000,5.0,1463.1337,1340.2688,5187.4742,5310.3391,PENDING_AG03,FALSE,NOT_FOR_ENFORCEMENT,6384.5836,256811.4724,6650.6079,6384.5836,266.0243,0.02244119,0.02154355,266.0243,6384.5836,0.02154355,266.0243,266.0243,266.0243,332.5304,332.5304,6384.5836,0.02154355,1463.1337,1340.2688,5187.4742,5310.3391,0.01750413,0.01791872,0.00089765,16.2655,14.6936,0.3653,59.3804,1.1678,2646.0457,162.5536,12.4780,16.8648,9.0895,16.5695,22.0926,29.825,33.4482,44.5976,11.8163,0.0,2.018664,2.691552,0.981654,30,240,141,4,0.10479828,0.02244119,0.04150452,0E-8,0.000000,0.902668,0.011910,-0.02129501,2026-03-22,2026-08-05,112,5695,2177,137,0.817518,0.739886,0.767145,0.349328,,,,,,,,GLOBAL_BASELINE_NO_ENTITY_RANKING,,,NOT_APPLICABLE_GLOBAL_BASELINE,HF9g-P5,,,,X 全窗基线 · 不参与实体赏罚,14195182,1420,A168_HF9F_20260827_0900,2026-08-27 09:00:00
2026-04-29,110249610,1702,0,140.8866771194,6.5898607040,6.5898607040,0.5000000,9,9,0.50665070000000000,0.506650700000,-0.032584525537284574,-0.032584525537284574,-0.032584525537284574,0E-17,ELIGIBLE,R03b_20260811_FULL_v1,L1_ELIGIBILITY,v2026-08-11,2026-03-21..2026-08-06,baccarat_bet02_101_all_pairs_incl_sentinel,round_win = game_pnl > 0 (decisive only),COMPATIBILITY_ONLY_NOT_PRODUCTION,296357.1217,267511.9505,6650.6079,18220,18206,-0.02244119,-0.04150452,-0.02020951,-0.02244119,-6650.6079,296357.1217,OK,0.0000,266.0243,4.0000,96.0000,AG03-UNRESOLVED,ALL5_LEVELS_bet23_to_bet27,266.0243,266.0243,266.0243,332.5304,332.5304,4.000000,4.000000,4.000000,5.000000,5.000000,96.000000,96.000000,96.000000,95.000000,95.000000,5.0,1463.1337,1340.2688,5187.4742,5310.3391,PENDING_AG03,FALSE,NOT_FOR_ENFORCEMENT,6384.5836,256811.4724,6650.6079,6384.5836,266.0243,0.02244119,0.02154355,266.0243,6384.5836,0.02154355,266.0243,266.0243,266.0243,332.5304,332.5304,6384.5836,0.02154355,1463.1337,1340.2688,5187.4742,5310.3391,0.01750413,0.01791872,0.00089765,16.2655,14.6936,0.3653,59.3804,1.1678,2646.0457,162.5536,12.4780,16.8648,9.0895,16.5695,22.0926,29.825,33.4482,44.5976,11.8163,0.0,2.018664,2.691552,0.981654,30,240,141,4,0.10479828,0.02244119,0.04150452,0E-8,0.000000,0.902668,0.011910,-0.02129501,2026-03-22,2026-08-05,112,5695,2177,137,0.817518,0.739886,0.767145,0.349328,,,,,,,,GLOBAL_BASELINE_NO_ENTITY_RANKING,,,NOT_APPLICABLE_GLOBAL_BASELINE,HF9g-P5,,,,X 全窗基线 · 不参与实体赏罚,14195183,1420,A168_HF9F_20260827_0900,2026-08-27 09:00:00
2026-04-29,110249610,1710,0,26.7002976800,16.7586974800,16.7586974800,0.7500000,4,4,0.49994810000000000,0.499948100000,1.0002076053883384,1.0002076053883384,1.0002076053883384,0E-17,ELIGIBLE,R03b_20260811_FULL_v1,L1_ELIGIBILITY,v2026-08-11,2026-03-21..2026-08-06,baccarat_bet02_101_all_pairs_incl_sentinel,round_win = game_pnl > 0 (decisive only),COMPATIBILITY_ONLY_NOT_PRODUCTION,296357.1217,267511.9505,6650.6079,18220,18206,-0.02244119,-0.04150452,-0.02020951,-0.02244119,-6650.6079,296357.1217,OK,0.0000,266.0243,4.0000,96.0000,AG03-UNRESOLVED,ALL5_LEVELS_bet23_to_bet27,266.0243,266.0243,266.0243,332.5304,332.5304,4.000000,4.000000,4.000000,5.000000,5.000000,96.000000,96.000000,96.000000,95.000000,95.000000,5.0,1463.1337,1340.2688,5187.4742,5310.3391,PENDING_AG03,FALSE,NOT_FOR_ENFORCEMENT,6384.5836,256811.4724,6650.6079,6384.5836,266.0243,0.02244119,0.02154355,266.0243,6384.5836,0.02154355,266.0243,266.0243,266.0243,332.5304,332.5304,6384.5836,0.02154355,1463.1337,1340.2688,5187.4742,5310.3391,0.01750413,0.01791872,0.00089765,16.2655,14.6936,0.3653,59.3804,1.1678,2646.0457,162.5536,12.4780,16.8648,9.0895,16.5695,22.0926,29.825,33.4482,44.5976,11.8163,0.0,2.018664,2.691552,0.981654,30,240,141,4,0.10479828,0.02244119,0.04150452,0E-8,0.000000,0.902668,0.011910,-0.02129501,2026-03-22,2026-08-05,112,5695,2177,137,0.817518,0.739886,0.767145,0.349328,,,,,,,,GLOBAL_BASELINE_NO_ENTITY_RANKING,,,NOT_APPLICABLE_GLOBAL_BASELINE,HF9g-P5,,,,X 全窗基线 · 不参与实体赏罚,14195184,1420,A168_HF9F_20260827_0900,2026-08-27 09:00:00
2026-04-29,110249610,1935,0,56.8091439998,-0.8521371600,-0.8521371600,0.5000000,4,4,0.49994810000000000,0.499948100000,0.00020760000111838688,0.00020760000111838688,0.00020760000111838688,0E-17,ELIGIBLE,R03b_20260811_FULL_v1,L1_ELIGIBILITY,v2026-08-11,2026-03-21..2026-08-06,baccarat_bet02_101_all_pairs_incl_sentinel,round_win = game_pnl > 0 (decisive only),COMPATIBILITY_ONLY_NOT_PRODUCTION,296357.1217,267511.9505,6650.6079,18220,18206,-0.02244119,-0.04150452,-0.02020951,-0.02244119,-6650.6079,296357.1217,OK,0.0000,266.0243,4.0000,96.0000,AG03-UNRESOLVED,ALL5_LEVELS_bet23_to_bet27,266.0243,266.0243,266.0243,332.5304,332.5304,4.000000,4.000000,4.000000,5.000000,5.000000,96.000000,96.000000,96.000000,95.000000,95.000000,5.0,1463.1337,1340.2688,5187.4742,5310.3391,PENDING_AG03,FALSE,NOT_FOR_ENFORCEMENT,6384.5836,256811.4724,6650.6079,6384.5836,266.0243,0.02244119,0.02154355,266.0243,6384.5836,0.02154355,266.0243,266.0243,266.0243,332.5304,332.5304,6384.5836,0.02154355,1463.1337,1340.2688,5187.4742,5310.3391,0.01750413,0.01791872,0.00089765,16.2655,14.6936,0.3653,59.3804,1.1678,2646.0457,162.5536,12.4780,16.8648,9.0895,16.5695,22.0926,29.825,33.4482,44.5976,11.8163,0.0,2.018664,2.691552,0.981654,30,240,141,4,0.10479828,0.02244119,0.04150452,0E-8,0.000000,0.902668,0.011910,-0.02129501,2026-03-22,2026-08-05,112,5695,2177,137,0.817518,0.739886,0.767145,0.349328,,,,,,,,GLOBAL_BASELINE_NO_ENTITY_RANKING,,,NOT_APPLICABLE_GLOBAL_BASELINE,HF9g-P5,,,,X 全窗基线 · 不参与实体赏罚,14195185,1420,A168_HF9F_20260827_0900,2026-08-27 09:00:00
2026-04-29,110249610,1966,0,118.1630195195,35.2216692798,35.2216692798,0.6000000,7,7,0.49324550000000000,0.493245500000,0.47746420675292983,0.47746420675292983,0.47746420675292983,0E-17,ELIGIBLE,R03b_20260811_FULL_v1,L1_ELIGIBILITY,v2026-08-11,2026-03-21..2026-08-06,baccarat_bet02_101_all_pairs_incl_sentinel,round_win = game_pnl > 0 (decisive only),COMPATIBILITY_ONLY_NOT_PRODUCTION,296357.1217,267511.9505,6650.6079,18220,18206,-0.02244119,-0.04150452,-0.02020951,-0.02244119,-6650.6079,296357.1217,OK,0.0000,266.0243,4.0000,96.0000,AG03-UNRESOLVED,ALL5_LEVELS_bet23_to_bet27,266.0243,266.0243,266.0243,332.5304,332.5304,4.000000,4.000000,4.000000,5.000000,5.000000,96.000000,96.000000,96.000000,95.000000,95.000000,5.0,1463.1337,1340.2688,5187.4742,5310.3391,PENDING_AG03,FALSE,NOT_FOR_ENFORCEMENT,6384.5836,256811.4724,6650.6079,6384.5836,266.0243,0.02244119,0.02154355,266.0243,6384.5836,0.02154355,266.0243,266.0243,266.0243,332.5304,332.5304,6384.5836,0.02154355,1463.1337,1340.2688,5187.4742,5310.3391,0.01750413,0.01791872,0.00089765,16.2655,14.6936,0.3653,59.3804,1.1678,2646.0457,162.5536,12.4780,16.8648,9.0895,16.5695,22.0926,29.825,33.4482,44.5976,11.8163,0.0,2.018664,2.691552,0.981654,30,240,141,4,0.10479828,0.02244119,0.04150452,0E-8,0.000000,0.902668,0.011910,-0.02129501,2026-03-22,2026-08-05,112,5695,2177,137,0.817518,0.739886,0.767145,0.349328,,,,,,,,GLOBAL_BASELINE_NO_ENTITY_RANKING,,,NOT_APPLICABLE_GLOBAL_BASELINE,HF9g-P5,,,,X 全窗基线 · 不参与实体赏罚,14195186,1420,A168_HF9F_20260827_0900,2026-08-27 09:00:00
2026-04-29,110249610,2123,0,79.7600381757,-79.7600381757,-79.7600381757,0E-7,4,4,0.49994810000000000,0.499948100000,-1.9997924107733216,-1.9997924107733216,-1.9997924107733216,0E-17,ELIGIBLE,R03b_20260811_FULL_v1,L1_ELIGIBILITY,v2026-08-11,2026-03-21..2026-08-06,baccarat_bet02_101_all_pairs_incl_sentinel,round_win = game_pnl > 0 (decisive only),COMPATIBILITY_ONLY_NOT_PRODUCTION,296357.1217,267511.9505,6650.6079,18220,18206,-0.02244119,-0.04150452,-0.02020951,-0.02244119,-6650.6079,296357.1217,OK,0.0000,266.0243,4.0000,96.0000,AG03-UNRESOLVED,ALL5_LEVELS_bet23_to_bet27,266.0243,266.0243,266.0243,332.5304,332.5304,4.000000,4.000000,4.000000,5.000000,5.000000,96.000000,96.000000,96.000000,95.000000,95.000000,5.0,1463.1337,1340.2688,5187.4742,5310.3391,PENDING_AG03,FALSE,NOT_FOR_ENFORCEMENT,6384.5836,256811.4724,6650.6079,6384.5836,266.0243,0.02244119,0.02154355,266.0243,6384.5836,0.02154355,266.0243,266.0243,266.0243,332.5304,332.5304,6384.5836,0.02154355,1463.1337,1340.2688,5187.4742,5310.3391,0.01750413,0.01791872,0.00089765,16.2655,14.6936,0.3653,59.3804,1.1678,2646.0457,162.5536,12.4780,16.8648,9.0895,16.5695,22.0926,29.825,33.4482,44.5976,11.8163,0.0,2.018664,2.691552,0.981654,30,240,141,4,0.10479828,0.02244119,0.04150452,0E-8,0.000000,0.902668,0.011910,-0.02129501,2026-03-22,2026-08-05,112,5695,2177,137,0.817518,0.739886,0.767145,0.349328,,,,,,,,GLOBAL_BASELINE_NO_ENTITY_RANKING,,,NOT_APPLICABLE_GLOBAL_BASELINE,HF9g-P5,,,,X 全窗基线 · 不参与实体赏罚,14195187,1420,A168_HF9F_20260827_0900,2026-08-27 09:00:00
2026-04-29,110249610,2127,0,13.1797214080,-13.1797214080,-13.1797214080,0E-7,2,2,0.49994810000000000,0.499948100000,-1.4140667746232096,-1.4140667746232096,-1.4140667746232096,0E-17,ELIGIBLE,R03b_20260811_FULL_v1,L1_ELIGIBILITY,v2026-08-11,2026-03-21..2026-08-06,baccarat_bet02_101_all_pairs_incl_sentinel,round_win = game_pnl > 0 (decisive only),COMPATIBILITY_ONLY_NOT_PRODUCTION,296357.1217,267511.9505,6650.6079,18220,18206,-0.02244119,-0.04150452,-0.02020951,-0.02244119,-6650.6079,296357.1217,OK,0.0000,266.0243,4.0000,96.0000,AG03-UNRESOLVED,ALL5_LEVELS_bet23_to_bet27,266.0243,266.0243,266.0243,332.5304,332.5304,4.000000,4.000000,4.000000,5.000000,5.000000,96.000000,96.000000,96.000000,95.000000,95.000000,5.0,1463.1337,1340.2688,5187.4742,5310.3391,PENDING_AG03,FALSE,NOT_FOR_ENFORCEMENT,6384.5836,256811.4724,6650.6079,6384.5836,266.0243,0.02244119,0.02154355,266.0243,6384.5836,0.02154355,266.0243,266.0243,266.0243,332.5304,332.5304,6384.5836,0.02154355,1463.1337,1340.2688,5187.4742,5310.3391,0.01750413,0.01791872,0.00089765,16.2655,14.6936,0.3653,59.3804,1.1678,2646.0457,162.5536,12.4780,16.8648,9.0895,16.5695,22.0926,29.825,33.4482,44.5976,11.8163,0.0,2.018664,2.691552,0.981654,30,240,141,4,0.10479828,0.02244119,0.04150452,0E-8,0.000000,0.902668,0.011910,-0.02129501,2026-03-22,2026-08-05,112,5695,2177,137,0.817518,0.739886,0.767145,0.349328,,,,,,,,GLOBAL_BASELINE_NO_ENTITY_RANKING,,,NOT_APPLICABLE_GLOBAL_BASELINE,HF9g-P5,,,,X 全窗基线 · 不参与实体赏罚,14195188,1420,A168_HF9F_20260827_0900,2026-08-27 09:00:00
2026-04-29,110249610,2134,0,31.2450291999,-22.3828027359,-22.3828027359,0.2500000,4,4,0.50329940000000000,0.503299400000,-1.013219660140378,-1.013219660140378,-1.013219660140378,0E-17,ELIGIBLE,R03b_20260811_FULL_v1,L1_ELIGIBILITY,v2026-08-11,2026-03-21..2026-08-06,baccarat_bet02_101_all_pairs_incl_sentinel,round_win = game_pnl > 0 (decisive only),COMPATIBILITY_ONLY_NOT_PRODUCTION,296357.1217,267511.9505,6650.6079,18220,18206,-0.02244119,-0.04150452,-0.02020951,-0.02244119,-6650.6079,296357.1217,OK,0.0000,266.0243,4.0000,96.0000,AG03-UNRESOLVED,ALL5_LEVELS_bet23_to_bet27,266.0243,266.0243,266.0243,332.5304,332.5304,4.000000,4.000000,4.000000,5.000000,5.000000,96.000000,96.000000,96.000000,95.000000,95.000000,5.0,1463.1337,1340.2688,5187.4742,5310.3391,PENDING_AG03,FALSE,NOT_FOR_ENFORCEMENT,6384.5836,256811.4724,6650.6079,6384.5836,266.0243,0.02244119,0.02154355,266.0243,6384.5836,0.02154355,266.0243,266.0243,266.0243,332.5304,332.5304,6384.5836,0.02154355,1463.1337,1340.2688,5187.4742,5310.3391,0.01750413,0.01791872,0.00089765,16.2655,14.6936,0.3653,59.3804,1.1678,2646.0457,162.5536,12.4780,16.8648,9.0895,16.5695,22.0926,29.825,33.4482,44.5976,11.8163,0.0,2.018664,2.691552,0.981654,30,240,141,4,0.10479828,0.02244119,0.04150452,0E-8,0.000000,0.902668,0.011910,-0.02129501,2026-03-22,2026-08-05,112,5695,2177,137,0.817518,0.739886,0.767145,0.349328,,,,,,,,GLOBAL_BASELINE_NO_ENTITY_RANKING,,,NOT_APPLICABLE_GLOBAL_BASELINE,HF9g-P5,,,,X 全窗基线 · 不参与实体赏罚,14195189,1420,A168_HF9F_20260827_0900,2026-08-27 09:00:00
2026-04-29,110249610,2145,0,168.2686845277,35.4034585410,35.4034585410,0.7058824,18,18,0.50590596666666667,0.505905966667,1.6491625775315668,1.6491625775288306,1.6491625775315668,-3.3333E-13,ELIGIBLE,R03b_20260811_FULL_v1,L1_ELIGIBILITY,v2026-08-11,2026-03-21..2026-08-06,baccarat_bet02_101_all_pairs_incl_sentinel,round_win = game_pnl > 0 (decisive only),COMPATIBILITY_ONLY_NOT_PRODUCTION,296357.1217,267511.9505,6650.6079,18220,18206,-0.02244119,-0.04150452,-0.02020951,-0.02244119,-6650.6079,296357.1217,OK,0.0000,266.0243,4.0000,96.0000,AG03-UNRESOLVED,ALL5_LEVELS_bet23_to_bet27,266.0243,266.0243,266.0243,332.5304,332.5304,4.000000,4.000000,4.000000,5.000000,5.000000,96.000000,96.000000,96.000000,95.000000,95.000000,5.0,1463.1337,1340.2688,5187.4742,5310.3391,PENDING_AG03,FALSE,NOT_FOR_ENFORCEMENT,6384.5836,256811.4724,6650.6079,6384.5836,266.0243,0.02244119,0.02154355,266.0243,6384.5836,0.02154355,266.0243,266.0243,266.0243,332.5304,332.5304,6384.5836,0.02154355,1463.1337,1340.2688,5187.4742,5310.3391,0.01750413,0.01791872,0.00089765,16.2655,14.6936,0.3653,59.3804,1.1678,2646.0457,162.5536,12.4780,16.8648,9.0895,16.5695,22.0926,29.825,33.4482,44.5976,11.8163,0.0,2.018664,2.691552,0.981654,30,240,141,4,0.10479828,0.02244119,0.04150452,0E-8,0.000000,0.902668,0.011910,-0.02129501,2026-03-22,2026-08-05,112,5695,2177,137,0.817518,0.739886,0.767145,0.349328,,,,,,,,GLOBAL_BASELINE_NO_ENTITY_RANKING,,,NOT_APPLICABLE_GLOBAL_BASELINE,HF9g-P5,,,,X 全窗基线 · 不参与实体赏罚,14195190,1420,A168_HF9F_20260827_0900,2026-08-27 09:00:00
2026-04-29,110249610,2167,0,11.9299202400,-7.3851887200,-7.3851887200,0.5000000,2,2,0.49324550000000000,0.493245500000,0.01910635448239258,0.01910635448239258,0.01910635448239258,0E-17,ELIGIBLE,R03b_20260811_FULL_v1,L1_ELIGIBILITY,v2026-08-11,2026-03-21..2026-08-06,baccarat_bet02_101_all_pairs_incl_sentinel,round_win = game_pnl > 0 (decisive only),COMPATIBILITY_ONLY_NOT_PRODUCTION,296357.1217,267511.9505,6650.6079,18220,18206,-0.02244119,-0.04150452,-0.02020951,-0.02244119,-6650.6079,296357.1217,OK,0.0000,266.0243,4.0000,96.0000,AG03-UNRESOLVED,ALL5_LEVELS_bet23_to_bet27,266.0243,266.0243,266.0243,332.5304,332.5304,4.000000,4.000000,4.000000,5.000000,5.000000,96.000000,96.000000,96.000000,95.000000,95.000000,5.0,1463.1337,1340.2688,5187.4742,5310.3391,PENDING_AG03,FALSE,NOT_FOR_ENFORCEMENT,6384.5836,256811.4724,6650.6079,6384.5836,266.0243,0.02244119,0.02154355,266.0243,6384.5836,0.02154355,266.0243,266.0243,266.0243,332.5304,332.5304,6384.5836,0.02154355,1463.1337,1340.2688,5187.4742,5310.3391,0.01750413,0.01791872,0.00089765,16.2655,14.6936,0.3653,59.3804,1.1678,2646.0457,162.5536,12.4780,16.8648,9.0895,16.5695,22.0926,29.825,33.4482,44.5976,11.8163,0.0,2.018664,2.691552,0.981654,30,240,141,4,0.10479828,0.02244119,0.04150452,0E-8,0.000000,0.902668,0.011910,-0.02129501,2026-03-22,2026-08-05,112,5695,2177,137,0.817518,0.739886,0.767145,0.349328,,,,,,,,GLOBAL_BASELINE_NO_ENTITY_RANKING,,,NOT_APPLICABLE_GLOBAL_BASELINE,HF9g-P5,,,,X 全窗基线 · 不参与实体赏罚,14195191,1420,A168_HF9F_20260827_0900,2026-08-27 09:00:00
2026-04-29,110249610,2175,0,15.9065603200,-15.9065603200,-15.9065603200,0E-7,2,2,0.49994810000000000,0.499948100000,-1.4140667746232096,-1.4140667746232096,-1.4140667746232096,0E-17,ELIGIBLE,R03b_20260811_FULL_v1,L1_ELIGIBILITY,v2026-08-11,2026-03-21..2026-08-06,baccarat_bet02_101_all_pairs_incl_sentinel,round_win = game_pnl > 0 (decisive only),COMPATIBILITY_ONLY_NOT_PRODUCTION,296357.1217,267511.9505,6650.6079,18220,18206,-0.02244119,-0.04150452,-0.02020951,-0.02244119,-6650.6079,296357.1217,OK,0.0000,266.0243,4.0000,96.0000,AG03-UNRESOLVED,ALL5_LEVELS_bet23_to_bet27,266.0243,266.0243,266.0243,332.5304,332.5304,4.000000,4.000000,4.000000,5.000000,5.000000,96.000000,96.000000,96.000000,95.000000,95.000000,5.0,1463.1337,1340.2688,5187.4742,5310.3391,PENDING_AG03,FALSE,NOT_FOR_ENFORCEMENT,6384.5836,256811.4724,6650.6079,6384.5836,266.0243,0.02244119,0.02154355,266.0243,6384.5836,0.02154355,266.0243,266.0243,266.0243,332.5304,332.5304,6384.5836,0.02154355,1463.1337,1340.2688,5187.4742,5310.3391,0.01750413,0.01791872,0.00089765,16.2655,14.6936,0.3653,59.3804,1.1678,2646.0457,162.5536,12.4780,16.8648,9.0895,16.5695,22.0926,29.825,33.4482,44.5976,11.8163,0.0,2.018664,2.691552,0.981654,30,240,141,4,0.10479828,0.02244119,0.04150452,0E-8,0.000000,0.902668,0.011910,-0.02129501,2026-03-22,2026-08-05,112,5695,2177,137,0.817518,0.739886,0.767145,0.349328,,,,,,,,GLOBAL_BASELINE_NO_ENTITY_RANKING,,,NOT_APPLICABLE_GLOBAL_BASELINE,HF9g-P5,,,,X 全窗基线 · 不参与实体赏罚,14195192,1420,A168_HF9F_20260827_0900,2026-08-27 09:00:00
2026-04-29,110249610,2205,0,17.0427432000,5.1128229600,5.1128229600,0.5000000,2,2,0.49994810000000000,0.499948100000,0.00014679536856514622,0.00014679536856514622,0.00014679536856514622,0E-17,ELIGIBLE,R03b_20260811_FULL_v1,L1_ELIGIBILITY,v2026-08-11,2026-03-21..2026-08-06,baccarat_bet02_101_all_pairs_incl_sentinel,round_win = game_pnl > 0 (decisive only),COMPATIBILITY_ONLY_NOT_PRODUCTION,296357.1217,267511.9505,6650.6079,18220,18206,-0.02244119,-0.04150452,-0.02020951,-0.02244119,-6650.6079,296357.1217,OK,0.0000,266.0243,4.0000,96.0000,AG03-UNRESOLVED,ALL5_LEVELS_bet23_to_bet27,266.0243,266.0243,266.0243,332.5304,332.5304,4.000000,4.000000,4.000000,5.000000,5.000000,96.000000,96.000000,96.000000,95.000000,95.000000,5.0,1463.1337,1340.2688,5187.4742,5310.3391,PENDING_AG03,FALSE,NOT_FOR_ENFORCEMENT,6384.5836,256811.4724,6650.6079,6384.5836,266.0243,0.02244119,0.02154355,266.0243,6384.5836,0.02154355,266.0243,266.0243,266.0243,332.5304,332.5304,6384.5836,0.02154355,1463.1337,1340.2688,5187.4742,5310.3391,0.01750413,0.01791872,0.00089765,16.2655,14.6936,0.3653,59.3804,1.1678,2646.0457,162.5536,12.4780,16.8648,9.0895,16.5695,22.0926,29.825,33.4482,44.5976,11.8163,0.0,2.018664,2.691552,0.981654,30,240,141,4,0.10479828,0.02244119,0.04150452,0E-8,0.000000,0.902668,0.011910,-0.02129501,2026-03-22,2026-08-05,112,5695,2177,137,0.817518,0.739886,0.767145,0.349328,,,,,,,,GLOBAL_BASELINE_NO_ENTITY_RANKING,,,NOT_APPLICABLE_GLOBAL_BASELINE,HF9g-P5,,,,X 全窗基线 · 不参与实体赏罚,14195193,1420,A168_HF9F_20260827_0900,2026-08-27 09:00:00
2026-04-29,110249610,2218,0,9.0894630400,-9.0894630400,-9.0894630400,0E-7,1,1,0.49324550000000000,0.493245500000,-0.9865810262130424,-0.9865810262130424,-0.9865810262130424,0E-17,ELIGIBLE,R03b_20260811_FULL_v1,L1_ELIGIBILITY,v2026-08-11,2026-03-21..2026-08-06,baccarat_bet02_101_all_pairs_incl_sentinel,round_win = game_pnl > 0 (decisive only),COMPATIBILITY_ONLY_NOT_PRODUCTION,296357.1217,267511.9505,6650.6079,18220,18206,-0.02244119,-0.04150452,-0.02020951,-0.02244119,-6650.6079,296357.1217,OK,0.0000,266.0243,4.0000,96.0000,AG03-UNRESOLVED,ALL5_LEVELS_bet23_to_bet27,266.0243,266.0243,266.0243,332.5304,332.5304,4.000000,4.000000,4.000000,5.000000,5.000000,96.000000,96.000000,96.000000,95.000000,95.000000,5.0,1463.1337,1340.2688,5187.4742,5310.3391,PENDING_AG03,FALSE,NOT_FOR_ENFORCEMENT,6384.5836,256811.4724,6650.6079,6384.5836,266.0243,0.02244119,0.02154355,266.0243,6384.5836,0.02154355,266.0243,266.0243,266.0243,332.5304,332.5304,6384.5836,0.02154355,1463.1337,1340.2688,5187.4742,5310.3391,0.01750413,0.01791872,0.00089765,16.2655,14.6936,0.3653,59.3804,1.1678,2646.0457,162.5536,12.4780,16.8648,9.0895,16.5695,22.0926,29.825,33.4482,44.5976,11.8163,0.0,2.018664,2.691552,0.981654,30,240,141,4,0.10479828,0.02244119,0.04150452,0E-8,0.000000,0.902668,0.011910,-0.02129501,2026-03-22,2026-08-05,112,5695,2177,137,0.817518,0.739886,0.767145,0.349328,,,,,,,,GLOBAL_BASELINE_NO_ENTITY_RANKING,,,NOT_APPLICABLE_GLOBAL_BASELINE,HF9g-P5,,,,X 全窗基线 · 不参与实体赏罚,14195194,1420,A168_HF9F_20260827_0900,2026-08-27 09:00:00
2026-04-29,110249610,2222,0,38.9710727838,-5.7377235440,-5.7377235440,0.5000000,2,2,0.50665070000000000,0.506650700000,-0.018812684590367487,-0.018812684590367487,-0.018812684590367487,0E-17,ELIGIBLE,R03b_20260811_FULL_v1,L1_ELIGIBILITY,v2026-08-11,2026-03-21..2026-08-06,baccarat_bet02_101_all_pairs_incl_sentinel,round_win = game_pnl > 0 (decisive only),COMPATIBILITY_ONLY_NOT_PRODUCTION,296357.1217,267511.9505,6650.6079,18220,18206,-0.02244119,-0.04150452,-0.02020951,-0.02244119,-6650.6079,296357.1217,OK,0.0000,266.0243,4.0000,96.0000,AG03-UNRESOLVED,ALL5_LEVELS_bet23_to_bet27,266.0243,266.0243,266.0243,332.5304,332.5304,4.000000,4.000000,4.000000,5.000000,5.000000,96.000000,96.000000,96.000000,95.000000,95.000000,5.0,1463.1337,1340.2688,5187.4742,5310.3391,PENDING_AG03,FALSE,NOT_FOR_ENFORCEMENT,6384.5836,256811.4724,6650.6079,6384.5836,266.0243,0.02244119,0.02154355,266.0243,6384.5836,0.02154355,266.0243,266.0243,266.0243,332.5304,332.5304,6384.5836,0.02154355,1463.1337,1340.2688,5187.4742,5310.3391,0.01750413,0.01791872,0.00089765,16.2655,14.6936,0.3653,59.3804,1.1678,2646.0457,162.5536,12.4780,16.8648,9.0895,16.5695,22.0926,29.825,33.4482,44.5976,11.8163,0.0,2.018664,2.691552,0.981654,30,240,141,4,0.10479828,0.02244119,0.04150452,0E-8,0.000000,0.902668,0.011910,-0.02129501,2026-03-22,2026-08-05,112,5695,2177,137,0.817518,0.739886,0.767145,0.349328,,,,,,,,GLOBAL_BASELINE_NO_ENTITY_RANKING,,,NOT_APPLICABLE_GLOBAL_BASELINE,HF9g-P5,,,,X 全窗基线 · 不参与实体赏罚,14195195,1420,A168_HF9F_20260827_0900,2026-08-27 09:00:00
2026-04-29,110249610,2224,0,12.0435385280,0.3635785216,0.3635785216,0.6666667,3,3,0.50665070000000000,0.506650700000,0.5543606114942035,0.5543606114942035,0.5543606114942035,0E-17,ELIGIBLE,R03b_20260811_FULL_v1,L1_ELIGIBILITY,v2026-08-11,2026-03-21..2026-08-06,baccarat_bet02_101_all_pairs_incl_sentinel,round_win = game_pnl > 0 (decisive only),COMPATIBILITY_ONLY_NOT_PRODUCTION,296357.1217,267511.9505,6650.6079,18220,18206,-0.02244119,-0.04150452,-0.02020951,-0.02244119,-6650.6079,296357.1217,OK,0.0000,266.0243,4.0000,96.0000,AG03-UNRESOLVED,ALL5_LEVELS_bet23_to_bet27,266.0243,266.0243,266.0243,332.5304,332.5304,4.000000,4.000000,4.000000,5.000000,5.000000,96.000000,96.000000,96.000000,95.000000,95.000000,5.0,1463.1337,1340.2688,5187.4742,5310.3391,PENDING_AG03,FALSE,NOT_FOR_ENFORCEMENT,6384.5836,256811.4724,6650.6079,6384.5836,266.0243,0.02244119,0.02154355,266.0243,6384.5836,0.02154355,266.0243,266.0243,266.0243,332.5304,332.5304,6384.5836,0.02154355,1463.1337,1340.2688,5187.4742,5310.3391,0.01750413,0.01791872,0.00089765,16.2655,14.6936,0.3653,59.3804,1.1678,2646.0457,162.5536,12.4780,16.8648,9.0895,16.5695,22.0926,29.825,33.4482,44.5976,11.8163,0.0,2.018664,2.691552,0.981654,30,240,141,4,0.10479828,0.02244119,0.04150452,0E-8,0.000000,0.902668,0.011910,-0.02129501,2026-03-22,2026-08-05,112,5695,2177,137,0.817518,0.739886,0.767145,0.349328,,,,,,,,GLOBAL_BASELINE_NO_ENTITY_RANKING,,,NOT_APPLICABLE_GLOBAL_BASELINE,HF9g-P5,,,,X 全窗基线 · 不参与实体赏罚,14195196,1420,A168_HF9F_20260827_0900,2026-08-27 09:00:00
2026-04-29,110249610,2246,0,13.6341945600,-13.6341945600,-13.6341945600,0E-7,2,2,0.49994810000000000,0.499948100000,-1.4140667746232096,-1.4140667746232096,-1.4140667746232096,0E-17,ELIGIBLE,R03b_20260811_FULL_v1,L1_ELIGIBILITY,v2026-08-11,2026-03-21..2026-08-06,baccarat_bet02_101_all_pairs_incl_sentinel,round_win = game_pnl > 0 (decisive only),COMPATIBILITY_ONLY_NOT_PRODUCTION,296357.1217,267511.9505,6650.6079,18220,18206,-0.02244119,-0.04150452,-0.02020951,-0.02244119,-6650.6079,296357.1217,OK,0.0000,266.0243,4.0000,96.0000,AG03-UNRESOLVED,ALL5_LEVELS_bet23_to_bet27,266.0243,266.0243,266.0243,332.5304,332.5304,4.000000,4.000000,4.000000,5.000000,5.000000,96.000000,96.000000,96.000000,95.000000,95.000000,5.0,1463.1337,1340.2688,5187.4742,5310.3391,PENDING_AG03,FALSE,NOT_FOR_ENFORCEMENT,6384.5836,256811.4724,6650.6079,6384.5836,266.0243,0.02244119,0.02154355,266.0243,6384.5836,0.02154355,266.0243,266.0243,266.0243,332.5304,332.5304,6384.5836,0.02154355,1463.1337,1340.2688,5187.4742,5310.3391,0.01750413,0.01791872,0.00089765,16.2655,14.6936,0.3653,59.3804,1.1678,2646.0457,162.5536,12.4780,16.8648,9.0895,16.5695,22.0926,29.825,33.4482,44.5976,11.8163,0.0,2.018664,2.691552,0.981654,30,240,141,4,0.10479828,0.02244119,0.04150452,0E-8,0.000000,0.902668,0.011910,-0.02129501,2026-03-22,2026-08-05,112,5695,2177,137,0.817518,0.739886,0.767145,0.349328,,,,,,,,GLOBAL_BASELINE_NO_ENTITY_RANKING,,,NOT_APPLICABLE_GLOBAL_BASELINE,HF9g-P5,,,,X 全窗基线 · 不参与实体赏罚,14195197,1420,A168_HF9F_20260827_0900,2026-08-27 09:00:00
2026-04-29,110249610,2251,0,33.5173949599,-11.3618287999,-11.3618287999,0.5000000,2,2,0.50665070000000000,0.506650700000,-0.018812684590367487,-0.018812684590367487,-0.018812684590367487,0E-17,ELIGIBLE,R03b_20260811_FULL_v1,L1_ELIGIBILITY,v2026-08-11,2026-03-21..2026-08-06,baccarat_bet02_101_all_pairs_incl_sentinel,round_win = game_pnl > 0 (decisive only),COMPATIBILITY_ONLY_NOT_PRODUCTION,296357.1217,267511.9505,6650.6079,18220,18206,-0.02244119,-0.04150452,-0.02020951,-0.02244119,-6650.6079,296357.1217,OK,0.0000,266.0243,4.0000,96.0000,AG03-UNRESOLVED,ALL5_LEVELS_bet23_to_bet27,266.0243,266.0243,266.0243,332.5304,332.5304,4.000000,4.000000,4.000000,5.000000,5.000000,96.000000,96.000000,96.000000,95.000000,95.000000,5.0,1463.1337,1340.2688,5187.4742,5310.3391,PENDING_AG03,FALSE,NOT_FOR_ENFORCEMENT,6384.5836,256811.4724,6650.6079,6384.5836,266.0243,0.02244119,0.02154355,266.0243,6384.5836,0.02154355,266.0243,266.0243,266.0243,332.5304,332.5304,6384.5836,0.02154355,1463.1337,1340.2688,5187.4742,5310.3391,0.01750413,0.01791872,0.00089765,16.2655,14.6936,0.3653,59.3804,1.1678,2646.0457,162.5536,12.4780,16.8648,9.0895,16.5695,22.0926,29.825,33.4482,44.5976,11.8163,0.0,2.018664,2.691552,0.981654,30,240,141,4,0.10479828,0.02244119,0.04150452,0E-8,0.000000,0.902668,0.011910,-0.02129501,2026-03-22,2026-08-05,112,5695,2177,137,0.817518,0.739886,0.767145,0.349328,,,,,,,,GLOBAL_BASELINE_NO_ENTITY_RANKING,,,NOT_APPLICABLE_GLOBAL_BASELINE,HF9g-P5,,,,X 全窗基线 · 不参与实体赏罚,14195198,1420,A168_HF9F_20260827_0900,2026-08-27 09:00:00
2026-04-29,110249610,2254,0,101.4611311836,20.3944826960,20.3944826960,0.6666667,6,6,0.50665070000000000,0.506650700000,0.7839842952205449,0.7839842952205449,0.7839842952205449,0E-17,ELIGIBLE,R03b_20260811_FULL_v1,L1_ELIGIBILITY,v2026-08-11,2026-03-21..2026-08-06,baccarat_bet02_101_all_pairs_incl_sentinel,round_win = game_pnl > 0 (decisive only),COMPATIBILITY_ONLY_NOT_PRODUCTION,296357.1217,267511.9505,6650.6079,18220,18206,-0.02244119,-0.04150452,-0.02020951,-0.02244119,-6650.6079,296357.1217,OK,0.0000,266.0243,4.0000,96.0000,AG03-UNRESOLVED,ALL5_LEVELS_bet23_to_bet27,266.0243,266.0243,266.0243,332.5304,332.5304,4.000000,4.000000,4.000000,5.000000,5.000000,96.000000,96.000000,96.000000,95.000000,95.000000,5.0,1463.1337,1340.2688,5187.4742,5310.3391,PENDING_AG03,FALSE,NOT_FOR_ENFORCEMENT,6384.5836,256811.4724,6650.6079,6384.5836,266.0243,0.02244119,0.02154355,266.0243,6384.5836,0.02154355,266.0243,266.0243,266.0243,332.5304,332.5304,6384.5836,0.02154355,1463.1337,1340.2688,5187.4742,5310.3391,0.01750413,0.01791872,0.00089765,16.2655,14.6936,0.3653,59.3804,1.1678,2646.0457,162.5536,12.4780,16.8648,9.0895,16.5695,22.0926,29.825,33.4482,44.5976,11.8163,0.0,2.018664,2.691552,0.981654,30,240,141,4,0.10479828,0.02244119,0.04150452,0E-8,0.000000,0.902668,0.011910,-0.02129501,2026-03-22,2026-08-05,112,5695,2177,137,0.817518,0.739886,0.767145,0.349328,,,,,,,,GLOBAL_BASELINE_NO_ENTITY_RANKING,,,NOT_APPLICABLE_GLOBAL_BASELINE,HF9g-P5,,,,X 全窗基线 · 不参与实体赏罚,14195199,1420,A168_HF9F_20260827_0900,2026-08-27 09:00:00
2026-04-29,110249610,462,0,17.0427431999,-17.0427431999,-17.0427431999,0E-7,1,1,0.50665070000000000,0.506650700000,-1.013391052207602,-1.013391052207602,-1.013391052207602,0E-17,ELIGIBLE,R03b_20260811_FULL_v1,L1_ELIGIBILITY,v2026-08-11,2026-03-21..2026-08-06,baccarat_bet02_101_all_pairs_incl_sentinel,round_win = game_pnl > 0 (decisive only),COMPATIBILITY_ONLY_NOT_PRODUCTION,296357.1217,267511.9505,6650.6079,18220,18206,-0.02244119,-0.04150452,-0.02020951,-0.02244119,-6650.6079,296357.1217,OK,0.0000,266.0243,4.0000,96.0000,AG03-UNRESOLVED,ALL5_LEVELS_bet23_to_bet27,266.0243,266.0243,266.0243,332.5304,332.5304,4.000000,4.000000,4.000000,5.000000,5.000000,96.000000,96.000000,96.000000,95.000000,95.000000,5.0,1463.1337,1340.2688,5187.4742,5310.3391,PENDING_AG03,FALSE,NOT_FOR_ENFORCEMENT,6384.5836,256811.4724,6650.6079,6384.5836,266.0243,0.02244119,0.02154355,266.0243,6384.5836,0.02154355,266.0243,266.0243,266.0243,332.5304,332.5304,6384.5836,0.02154355,1463.1337,1340.2688,5187.4742,5310.3391,0.01750413,0.01791872,0.00089765,16.2655,14.6936,0.3653,59.3804,1.1678,2646.0457,162.5536,12.4780,16.8648,9.0895,16.5695,22.0926,29.825,33.4482,44.5976,11.8163,0.0,2.018664,2.691552,0.981654,30,240,141,4,0.10479828,0.02244119,0.04150452,0E-8,0.000000,0.902668,0.011910,-0.02129501,2026-03-22,2026-08-05,112,5695,2177,137,0.817518,0.739886,0.767145,0.349328,,,,,,,,GLOBAL_BASELINE_NO_ENTITY_RANKING,,,NOT_APPLICABLE_GLOBAL_BASELINE,HF9g-P5,,,,X 全窗基线 · 不参与实体赏罚,14195200,1420,A168_HF9F_20260827_0900,2026-08-27 09:00:00
2026-04-29,110249610,529,0,48.8558638398,1.1361828800,1.1361828800,0.5000000,4,4,0.49324550000000000,0.493245500000,0.027020465636507562,0.027020465636507562,0.027020465636507562,0E-17,ELIGIBLE,R03b_20260811_FULL_v1,L1_ELIGIBILITY,v2026-08-11,2026-03-21..2026-08-06,baccarat_bet02_101_all_pairs_incl_sentinel,round_win = game_pnl > 0 (decisive only),COMPATIBILITY_ONLY_NOT_PRODUCTION,296357.1217,267511.9505,6650.6079,18220,18206,-0.02244119,-0.04150452,-0.02020951,-0.02244119,-6650.6079,296357.1217,OK,0.0000,266.0243,4.0000,96.0000,AG03-UNRESOLVED,ALL5_LEVELS_bet23_to_bet27,266.0243,266.0243,266.0243,332.5304,332.5304,4.000000,4.000000,4.000000,5.000000,5.000000,96.000000,96.000000,96.000000,95.000000,95.000000,5.0,1463.1337,1340.2688,5187.4742,5310.3391,PENDING_AG03,FALSE,NOT_FOR_ENFORCEMENT,6384.5836,256811.4724,6650.6079,6384.5836,266.0243,0.02244119,0.02154355,266.0243,6384.5836,0.02154355,266.0243,266.0243,266.0243,332.5304,332.5304,6384.5836,0.02154355,1463.1337,1340.2688,5187.4742,5310.3391,0.01750413,0.01791872,0.00089765,16.2655,14.6936,0.3653,59.3804,1.1678,2646.0457,162.5536,12.4780,16.8648,9.0895,16.5695,22.0926,29.825,33.4482,44.5976,11.8163,0.0,2.018664,2.691552,0.981654,30,240,141,4,0.10479828,0.02244119,0.04150452,0E-8,0.000000,0.902668,0.011910,-0.02129501,2026-03-22,2026-08-05,112,5695,2177,137,0.817518,0.739886,0.767145,0.349328,,,,,,,,GLOBAL_BASELINE_NO_ENTITY_RANKING,,,NOT_APPLICABLE_GLOBAL_BASELINE,HF9g-P5,,,,X 全窗基线 · 不参与实体赏罚,14195201,1420,A168_HF9F_20260827_0900,2026-08-27 09:00:00
2026-04-29,110249610,772,0,59.0815097597,59.0815097597,59.0815097597,1.0000000,3,3,0.49324550000000000,0.493245500000,1.755609282511032,1.7556092825110319,1.755609282511032,0E-17,ELIGIBLE,R03b_20260811_FULL_v1,L1_ELIGIBILITY,v2026-08-11,2026-03-21..2026-08-06,baccarat_bet02_101_all_pairs_incl_sentinel,round_win = game_pnl > 0 (decisive only),COMPATIBILITY_ONLY_NOT_PRODUCTION,296357.1217,267511.9505,6650.6079,18220,18206,-0.02244119,-0.04150452,-0.02020951,-0.02244119,-6650.6079,296357.1217,OK,0.0000,266.0243,4.0000,96.0000,AG03-UNRESOLVED,ALL5_LEVELS_bet23_to_bet27,266.0243,266.0243,266.0243,332.5304,332.5304,4.000000,4.000000,4.000000,5.000000,5.000000,96.000000,96.000000,96.000000,95.000000,95.000000,5.0,1463.1337,1340.2688,5187.4742,5310.3391,PENDING_AG03,FALSE,NOT_FOR_ENFORCEMENT,6384.5836,256811.4724,6650.6079,6384.5836,266.0243,0.02244119,0.02154355,266.0243,6384.5836,0.02154355,266.0243,266.0243,266.0243,332.5304,332.5304,6384.5836,0.02154355,1463.1337,1340.2688,5187.4742,5310.3391,0.01750413,0.01791872,0.00089765,16.2655,14.6936,0.3653,59.3804,1.1678,2646.0457,162.5536,12.4780,16.8648,9.0895,16.5695,22.0926,29.825,33.4482,44.5976,11.8163,0.0,2.018664,2.691552,0.981654,30,240,141,4,0.10479828,0.02244119,0.04150452,0E-8,0.000000,0.902668,0.011910,-0.02129501,2026-03-22,2026-08-05,112,5695,2177,137,0.817518,0.739886,0.767145,0.349328,,,,,,,,GLOBAL_BASELINE_NO_ENTITY_RANKING,,,NOT_APPLICABLE_GLOBAL_BASELINE,HF9g-P5,,,,X 全窗基线 · 不参与实体赏罚,14195202,1420,A168_HF9F_20260827_0900,2026-08-27 09:00:00
2026-04-29,110249610,796,0,42.0387665598,-7.9532801600,-7.9532801600,0.3333333,3,3,0.49771390000000000,0.497713900000,-0.5694369385616226,-0.5694369385616226,-0.5694369385616226,0E-17,ELIGIBLE,R03b_20260811_FULL_v1,L1_ELIGIBILITY,v2026-08-11,2026-03-21..2026-08-06,baccarat_bet02_101_all_pairs_incl_sentinel,round_win = game_pnl > 0 (decisive only),COMPATIBILITY_ONLY_NOT_PRODUCTION,296357.1217,267511.9505,6650.6079,18220,18206,-0.02244119,-0.04150452,-0.02020951,-0.02244119,-6650.6079,296357.1217,OK,0.0000,266.0243,4.0000,96.0000,AG03-UNRESOLVED,ALL5_LEVELS_bet23_to_bet27,266.0243,266.0243,266.0243,332.5304,332.5304,4.000000,4.000000,4.000000,5.000000,5.000000,96.000000,96.000000,96.000000,95.000000,95.000000,5.0,1463.1337,1340.2688,5187.4742,5310.3391,PENDING_AG03,FALSE,NOT_FOR_ENFORCEMENT,6384.5836,256811.4724,6650.6079,6384.5836,266.0243,0.02244119,0.02154355,266.0243,6384.5836,0.02154355,266.0243,266.0243,266.0243,332.5304,332.5304,6384.5836,0.02154355,1463.1337,1340.2688,5187.4742,5310.3391,0.01750413,0.01791872,0.00089765,16.2655,14.6936,0.3653,59.3804,1.1678,2646.0457,162.5536,12.4780,16.8648,9.0895,16.5695,22.0926,29.825,33.4482,44.5976,11.8163,0.0,2.018664,2.691552,0.981654,30,240,141,4,0.10479828,0.02244119,0.04150452,0E-8,0.000000,0.902668,0.011910,-0.02129501,2026-03-22,2026-08-05,112,5695,2177,137,0.817518,0.739886,0.767145,0.349328,,,,,,,,GLOBAL_BASELINE_NO_ENTITY_RANKING,,,NOT_APPLICABLE_GLOBAL_BASELINE,HF9g-P5,,,,X 全窗基线 · 不参与实体赏罚,14195203,1420,A168_HF9F_20260827_0900,2026-08-27 09:00:00
2026-04-29,110249610,925,0,2.2723657600,-2.2723657600,-2.2723657600,0E-7,1,1,0.49324550000000000,0.493245500000,-0.9865810262130424,-0.9865810262130424,-0.9865810262130424,0E-17,ELIGIBLE,R03b_20260811_FULL_v1,L1_ELIGIBILITY,v2026-08-11,2026-03-21..2026-08-06,baccarat_bet02_101_all_pairs_incl_sentinel,round_win = game_pnl > 0 (decisive only),COMPATIBILITY_ONLY_NOT_PRODUCTION,296357.1217,267511.9505,6650.6079,18220,18206,-0.02244119,-0.04150452,-0.02020951,-0.02244119,-6650.6079,296357.1217,OK,0.0000,266.0243,4.0000,96.0000,AG03-UNRESOLVED,ALL5_LEVELS_bet23_to_bet27,266.0243,266.0243,266.0243,332.5304,332.5304,4.000000,4.000000,4.000000,5.000000,5.000000,96.000000,96.000000,96.000000,95.000000,95.000000,5.0,1463.1337,1340.2688,5187.4742,5310.3391,PENDING_AG03,FALSE,NOT_FOR_ENFORCEMENT,6384.5836,256811.4724,6650.6079,6384.5836,266.0243,0.02244119,0.02154355,266.0243,6384.5836,0.02154355,266.0243,266.0243,266.0243,332.5304,332.5304,6384.5836,0.02154355,1463.1337,1340.2688,5187.4742,5310.3391,0.01750413,0.01791872,0.00089765,16.2655,14.6936,0.3653,59.3804,1.1678,2646.0457,162.5536,12.4780,16.8648,9.0895,16.5695,22.0926,29.825,33.4482,44.5976,11.8163,0.0,2.018664,2.691552,0.981654,30,240,141,4,0.10479828,0.02244119,0.04150452,0E-8,0.000000,0.902668,0.011910,-0.02129501,2026-03-22,2026-08-05,112,5695,2177,137,0.817518,0.739886,0.767145,0.349328,,,,,,,,GLOBAL_BASELINE_NO_ENTITY_RANKING,,,NOT_APPLICABLE_GLOBAL_BASELINE,HF9g-P5,,,,X 全窗基线 · 不参与实体赏罚,14195204,1420,A168_HF9F_20260827_0900,2026-08-27 09:00:00
2026-04-30,110249610,-1,1,325.1755402556,-102.5177812622,-102.5177812622,0.3658537,45,45,0.49860758000000000,0.498607580000,-1.7000862966544574,-1.7000862966544574,-1.7000862966544574,0E-17,SENTINEL_DEALER,R03b_20260811_FULL_v1,L1_ELIGIBILITY,v2026-08-11,2026-03-21..2026-08-06,baccarat_bet02_101_all_pairs_incl_sentinel,round_win = game_pnl > 0 (decisive only),COMPATIBILITY_ONLY_NOT_PRODUCTION,296357.1217,267511.9505,6650.6079,18220,18206,-0.02244119,-0.04150452,-0.02020951,-0.02244119,-6650.6079,296357.1217,OK,0.0000,266.0243,4.0000,96.0000,AG03-UNRESOLVED,ALL5_LEVELS_bet23_to_bet27,266.0243,266.0243,266.0243,332.5304,332.5304,4.000000,4.000000,4.000000,5.000000,5.000000,96.000000,96.000000,96.000000,95.000000,95.000000,5.0,1463.1337,1340.2688,5187.4742,5310.3391,PENDING_AG03,FALSE,NOT_FOR_ENFORCEMENT,6384.5836,256811.4724,6650.6079,6384.5836,266.0243,0.02244119,0.02154355,266.0243,6384.5836,0.02154355,266.0243,266.0243,266.0243,332.5304,332.5304,6384.5836,0.02154355,1463.1337,1340.2688,5187.4742,5310.3391,0.01750413,0.01791872,0.00089765,16.2655,14.6936,0.3653,59.3804,1.1678,2646.0457,162.5536,12.4780,16.8648,9.0895,16.5695,22.0926,29.825,33.4482,44.5976,11.8163,0.0,2.018664,2.691552,0.981654,30,240,141,4,0.10479828,0.02244119,0.04150452,0E-8,0.000000,0.902668,0.011910,-0.02129501,2026-03-22,2026-08-05,112,5695,2177,137,0.817518,0.739886,0.767145,0.349328,,,,,,,,GLOBAL_BASELINE_NO_ENTITY_RANKING,,,NOT_APPLICABLE_GLOBAL_BASELINE,HF9g-P5,,,,X 全窗基线 · 不参与实体赏罚,14195205,1420,A168_HF9F_20260827_0900,2026-08-27 09:00:00
2026-04-30,110249610,1004,0,22.7236576000,12.7252482560,12.7252482560,0.7500000,4,4,0.50329940000000000,0.503299400000,0.9868238854431842,0.9868238854431842,0.9868238854431842,0E-17,ELIGIBLE,R03b_20260811_FULL_v1,L1_ELIGIBILITY,v2026-08-11,2026-03-21..2026-08-06,baccarat_bet02_101_all_pairs_incl_sentinel,round_win = game_pnl > 0 (decisive only),COMPATIBILITY_ONLY_NOT_PRODUCTION,296357.1217,267511.9505,6650.6079,18220,18206,-0.02244119,-0.04150452,-0.02020951,-0.02244119,-6650.6079,296357.1217,OK,0.0000,266.0243,4.0000,96.0000,AG03-UNRESOLVED,ALL5_LEVELS_bet23_to_bet27,266.0243,266.0243,266.0243,332.5304,332.5304,4.000000,4.000000,4.000000,5.000000,5.000000,96.000000,96.000000,96.000000,95.000000,95.000000,5.0,1463.1337,1340.2688,5187.4742,5310.3391,PENDING_AG03,FALSE,NOT_FOR_ENFORCEMENT,6384.5836,256811.4724,6650.6079,6384.5836,266.0243,0.02244119,0.02154355,266.0243,6384.5836,0.02154355,266.0243,266.0243,266.0243,332.5304,332.5304,6384.5836,0.02154355,1463.1337,1340.2688,5187.4742,5310.3391,0.01750413,0.01791872,0.00089765,16.2655,14.6936,0.3653,59.3804,1.1678,2646.0457,162.5536,12.4780,16.8648,9.0895,16.5695,22.0926,29.825,33.4482,44.5976,11.8163,0.0,2.018664,2.691552,0.981654,30,240,141,4,0.10479828,0.02244119,0.04150452,0E-8,0.000000,0.902668,0.011910,-0.02129501,2026-03-22,2026-08-05,112,5695,2177,137,0.817518,0.739886,0.767145,0.349328,,,,,,,,GLOBAL_BASELINE_NO_ENTITY_RANKING,,,NOT_APPLICABLE_GLOBAL_BASELINE,HF9g-P5,,,,X 全窗基线 · 不参与实体赏罚,14195206,1420,A168_HF9F_20260827_0900,2026-08-27 09:00:00
2026-04-30,110249610,1017,0,6.8170972800,-6.8170972800,-6.8170972800,0E-7,1,1,0.49324550000000000,0.493245500000,-0.9865810262130424,-0.9865810262130424,-0.9865810262130424,0E-17,ELIGIBLE,R03b_20260811_FULL_v1,L1_ELIGIBILITY,v2026-08-11,2026-03-21..2026-08-06,baccarat_bet02_101_all_pairs_incl_sentinel,round_win = game_pnl > 0 (decisive only),COMPATIBILITY_ONLY_NOT_PRODUCTION,296357.1217,267511.9505,6650.6079,18220,18206,-0.02244119,-0.04150452,-0.02020951,-0.02244119,-6650.6079,296357.1217,OK,0.0000,266.0243,4.0000,96.0000,AG03-UNRESOLVED,ALL5_LEVELS_bet23_to_bet27,266.0243,266.0243,266.0243,332.5304,332.5304,4.000000,4.000000,4.000000,5.000000,5.000000,96.000000,96.000000,96.000000,95.000000,95.000000,5.0,1463.1337,1340.2688,5187.4742,5310.3391,PENDING_AG03,FALSE,NOT_FOR_ENFORCEMENT,6384.5836,256811.4724,6650.6079,6384.5836,266.0243,0.02244119,0.02154355,266.0243,6384.5836,0.02154355,266.0243,266.0243,266.0243,332.5304,332.5304,6384.5836,0.02154355,1463.1337,1340.2688,5187.4742,5310.3391,0.01750413,0.01791872,0.00089765,16.2655,14.6936,0.3653,59.3804,1.1678,2646.0457,162.5536,12.4780,16.8648,9.0895,16.5695,22.0926,29.825,33.4482,44.5976,11.8163,0.0,2.018664,2.691552,0.981654,30,240,141,4,0.10479828,0.02244119,0.04150452,0E-8,0.000000,0.902668,0.011910,-0.02129501,2026-03-22,2026-08-05,112,5695,2177,137,0.817518,0.739886,0.767145,0.349328,,,,,,,,GLOBAL_BASELINE_NO_ENTITY_RANKING,,,NOT_APPLICABLE_GLOBAL_BASELINE,HF9g-P5,,,,X 全窗基线 · 不参与实体赏罚,14195207,1420,A168_HF9F_20260827_0900,2026-08-27 09:00:00
2026-04-30,110249610,1094,0,44.1975140320,-5.5672961120,-5.5672961120,0.3333333,6,6,0.49324550000000000,0.493245500000,-0.5540025479526107,-0.5540025479526106,-0.5540025479526107,0E-17,ELIGIBLE,R03b_20260811_FULL_v1,L1_ELIGIBILITY,v2026-08-11,2026-03-21..2026-08-06,baccarat_bet02_101_all_pairs_incl_sentinel,round_win = game_pnl > 0 (decisive only),COMPATIBILITY_ONLY_NOT_PRODUCTION,296357.1217,267511.9505,6650.6079,18220,18206,-0.02244119,-0.04150452,-0.02020951,-0.02244119,-6650.6079,296357.1217,OK,0.0000,266.0243,4.0000,96.0000,AG03-UNRESOLVED,ALL5_LEVELS_bet23_to_bet27,266.0243,266.0243,266.0243,332.5304,332.5304,4.000000,4.000000,4.000000,5.000000,5.000000,96.000000,96.000000,96.000000,95.000000,95.000000,5.0,1463.1337,1340.2688,5187.4742,5310.3391,PENDING_AG03,FALSE,NOT_FOR_ENFORCEMENT,6384.5836,256811.4724,6650.6079,6384.5836,266.0243,0.02244119,0.02154355,266.0243,6384.5836,0.02154355,266.0243,266.0243,266.0243,332.5304,332.5304,6384.5836,0.02154355,1463.1337,1340.2688,5187.4742,5310.3391,0.01750413,0.01791872,0.00089765,16.2655,14.6936,0.3653,59.3804,1.1678,2646.0457,162.5536,12.4780,16.8648,9.0895,16.5695,22.0926,29.825,33.4482,44.5976,11.8163,0.0,2.018664,2.691552,0.981654,30,240,141,4,0.10479828,0.02244119,0.04150452,0E-8,0.000000,0.902668,0.011910,-0.02129501,2026-03-22,2026-08-05,112,5695,2177,137,0.817518,0.739886,0.767145,0.349328,,,,,,,,GLOBAL_BASELINE_NO_ENTITY_RANKING,,,NOT_APPLICABLE_GLOBAL_BASELINE,HF9g-P5,,,,X 全窗基线 · 不参与实体赏罚,14195208,1420,A168_HF9F_20260827_0900,2026-08-27 09:00:00
2026-04-30,110249610,1115,0,11.1493906858,-6.6896344115,-6.6896344115,0E-7,2,2,0.49324550000000000,0.493245500000,-0.9865810262130424,-0.9865810262130424,-0.9865810262130424,0E-17,ELIGIBLE,R03b_20260811_FULL_v1,L1_ELIGIBILITY,v2026-08-11,2026-03-21..2026-08-06,baccarat_bet02_101_all_pairs_incl_sentinel,round_win = game_pnl > 0 (decisive only),COMPATIBILITY_ONLY_NOT_PRODUCTION,296357.1217,267511.9505,6650.6079,18220,18206,-0.02244119,-0.04150452,-0.02020951,-0.02244119,-6650.6079,296357.1217,OK,0.0000,266.0243,4.0000,96.0000,AG03-UNRESOLVED,ALL5_LEVELS_bet23_to_bet27,266.0243,266.0243,266.0243,332.5304,332.5304,4.000000,4.000000,4.000000,5.000000,5.000000,96.000000,96.000000,96.000000,95.000000,95.000000,5.0,1463.1337,1340.2688,5187.4742,5310.3391,PENDING_AG03,FALSE,NOT_FOR_ENFORCEMENT,6384.5836,256811.4724,6650.6079,6384.5836,266.0243,0.02244119,0.02154355,266.0243,6384.5836,0.02154355,266.0243,266.0243,266.0243,332.5304,332.5304,6384.5836,0.02154355,1463.1337,1340.2688,5187.4742,5310.3391,0.01750413,0.01791872,0.00089765,16.2655,14.6936,0.3653,59.3804,1.1678,2646.0457,162.5536,12.4780,16.8648,9.0895,16.5695,22.0926,29.825,33.4482,44.5976,11.8163,0.0,2.018664,2.691552,0.981654,30,240,141,4,0.10479828,0.02244119,0.04150452,0E-8,0.000000,0.902668,0.011910,-0.02129501,2026-03-22,2026-08-05,112,5695,2177,137,0.817518,0.739886,0.767145,0.349328,,,,,,,,GLOBAL_BASELINE_NO_ENTITY_RANKING,,,NOT_APPLICABLE_GLOBAL_BASELINE,HF9g-P5,,,,X 全窗基线 · 不参与实体赏罚,14195209,1420,A168_HF9F_20260827_0900,2026-08-27 09:00:00
2026-04-30,110249610,1399,0,4.4597562744,0E-10,0E-10,0.5000000,3,3,0.49324550000000000,0.493245500000,0.01910635448239258,0.01910635448239258,0.01910635448239258,0E-17,ELIGIBLE,R03b_20260811_FULL_v1,L1_ELIGIBILITY,v2026-08-11,2026-03-21..2026-08-06,baccarat_bet02_101_all_pairs_incl_sentinel,round_win = game_pnl > 0 (decisive only),COMPATIBILITY_ONLY_NOT_PRODUCTION,296357.1217,267511.9505,6650.6079,18220,18206,-0.02244119,-0.04150452,-0.02020951,-0.02244119,-6650.6079,296357.1217,OK,0.0000,266.0243,4.0000,96.0000,AG03-UNRESOLVED,ALL5_LEVELS_bet23_to_bet27,266.0243,266.0243,266.0243,332.5304,332.5304,4.000000,4.000000,4.000000,5.000000,5.000000,96.000000,96.000000,96.000000,95.000000,95.000000,5.0,1463.1337,1340.2688,5187.4742,5310.3391,PENDING_AG03,FALSE,NOT_FOR_ENFORCEMENT,6384.5836,256811.4724,6650.6079,6384.5836,266.0243,0.02244119,0.02154355,266.0243,6384.5836,0.02154355,266.0243,266.0243,266.0243,332.5304,332.5304,6384.5836,0.02154355,1463.1337,1340.2688,5187.4742,5310.3391,0.01750413,0.01791872,0.00089765,16.2655,14.6936,0.3653,59.3804,1.1678,2646.0457,162.5536,12.4780,16.8648,9.0895,16.5695,22.0926,29.825,33.4482,44.5976,11.8163,0.0,2.018664,2.691552,0.981654,30,240,141,4,0.10479828,0.02244119,0.04150452,0E-8,0.000000,0.902668,0.011910,-0.02129501,2026-03-22,2026-08-05,112,5695,2177,137,0.817518,0.739886,0.767145,0.349328,,,,,,,,GLOBAL_BASELINE_NO_ENTITY_RANKING,,,NOT_APPLICABLE_GLOBAL_BASELINE,HF9g-P5,,,,X 全窗基线 · 不参与实体赏罚,14195210,1420,A168_HF9F_20260827_0900,2026-08-27 09:00:00
2026-04-30,110249610,1400,0,6.6896344115,-6.6896344115,-6.6896344115,0E-7,1,1,0.50665070000000000,0.506650700000,-1.013391052207602,-1.013391052207602,-1.013391052207602,0E-17,ELIGIBLE,R03b_20260811_FULL_v1,L1_ELIGIBILITY,v2026-08-11,2026-03-21..2026-08-06,baccarat_bet02_101_all_pairs_incl_sentinel,round_win = game_pnl > 0 (decisive only),COMPATIBILITY_ONLY_NOT_PRODUCTION,296357.1217,267511.9505,6650.6079,18220,18206,-0.02244119,-0.04150452,-0.02020951,-0.02244119,-6650.6079,296357.1217,OK,0.0000,266.0243,4.0000,96.0000,AG03-UNRESOLVED,ALL5_LEVELS_bet23_to_bet27,266.0243,266.0243,266.0243,332.5304,332.5304,4.000000,4.000000,4.000000,5.000000,5.000000,96.000000,96.000000,96.000000,95.000000,95.000000,5.0,1463.1337,1340.2688,5187.4742,5310.3391,PENDING_AG03,FALSE,NOT_FOR_ENFORCEMENT,6384.5836,256811.4724,6650.6079,6384.5836,266.0243,0.02244119,0.02154355,266.0243,6384.5836,0.02154355,266.0243,266.0243,266.0243,332.5304,332.5304,6384.5836,0.02154355,1463.1337,1340.2688,5187.4742,5310.3391,0.01750413,0.01791872,0.00089765,16.2655,14.6936,0.3653,59.3804,1.1678,2646.0457,162.5536,12.4780,16.8648,9.0895,16.5695,22.0926,29.825,33.4482,44.5976,11.8163,0.0,2.018664,2.691552,0.981654,30,240,141,4,0.10479828,0.02244119,0.04150452,0E-8,0.000000,0.902668,0.011910,-0.02129501,2026-03-22,2026-08-05,112,5695,2177,137,0.817518,0.739886,0.767145,0.349328,,,,,,,,GLOBAL_BASELINE_NO_ENTITY_RANKING,,,NOT_APPLICABLE_GLOBAL_BASELINE,HF9g-P5,,,,X 全窗基线 · 不参与实体赏罚,14195211,1420,A168_HF9F_20260827_0900,2026-08-27 09:00:00
2026-04-30,110249610,1401,0,45.4473152000,21.0193832800,21.0193832800,0.8000000,5,5,0.50665070000000000,0.506650700000,1.3120140225494112,1.3120140225494112,1.3120140225494112,0E-17,ELIGIBLE,R03b_20260811_FULL_v1,L1_ELIGIBILITY,v2026-08-11,2026-03-21..2026-08-06,baccarat_bet02_101_all_pairs_incl_sentinel,round_win = game_pnl > 0 (decisive only),COMPATIBILITY_ONLY_NOT_PRODUCTION,296357.1217,267511.9505,6650.6079,18220,18206,-0.02244119,-0.04150452,-0.02020951,-0.02244119,-6650.6079,296357.1217,OK,0.0000,266.0243,4.0000,96.0000,AG03-UNRESOLVED,ALL5_LEVELS_bet23_to_bet27,266.0243,266.0243,266.0243,332.5304,332.5304,4.000000,4.000000,4.000000,5.000000,5.000000,96.000000,96.000000,96.000000,95.000000,95.000000,5.0,1463.1337,1340.2688,5187.4742,5310.3391,PENDING_AG03,FALSE,NOT_FOR_ENFORCEMENT,6384.5836,256811.4724,6650.6079,6384.5836,266.0243,0.02244119,0.02154355,266.0243,6384.5836,0.02154355,266.0243,266.0243,266.0243,332.5304,332.5304,6384.5836,0.02154355,1463.1337,1340.2688,5187.4742,5310.3391,0.01750413,0.01791872,0.00089765,16.2655,14.6936,0.3653,59.3804,1.1678,2646.0457,162.5536,12.4780,16.8648,9.0895,16.5695,22.0926,29.825,33.4482,44.5976,11.8163,0.0,2.018664,2.691552,0.981654,30,240,141,4,0.10479828,0.02244119,0.04150452,0E-8,0.000000,0.902668,0.011910,-0.02129501,2026-03-22,2026-08-05,112,5695,2177,137,0.817518,0.739886,0.767145,0.349328,,,,,,,,GLOBAL_BASELINE_NO_ENTITY_RANKING,,,NOT_APPLICABLE_GLOBAL_BASELINE,HF9g-P5,,,,X 全窗基线 · 不参与实体赏罚,14195212,1420,A168_HF9F_20260827_0900,2026-08-27 09:00:00
2026-04-30,110249610,1654,0,43.1749494400,-29.8816097440,-29.8816097440,0.2000000,5,5,0.50396966000000000,0.503969660000,-1.3594364909357963,-1.3594364909357963,-1.3594364909357963,0E-17,ELIGIBLE,R03b_20260811_FULL_v1,L1_ELIGIBILITY,v2026-08-11,2026-03-21..2026-08-06,baccarat_bet02_101_all_pairs_incl_sentinel,round_win = game_pnl > 0 (decisive only),COMPATIBILITY_ONLY_NOT_PRODUCTION,296357.1217,267511.9505,6650.6079,18220,18206,-0.02244119,-0.04150452,-0.02020951,-0.02244119,-6650.6079,296357.1217,OK,0.0000,266.0243,4.0000,96.0000,AG03-UNRESOLVED,ALL5_LEVELS_bet23_to_bet27,266.0243,266.0243,266.0243,332.5304,332.5304,4.000000,4.000000,4.000000,5.000000,5.000000,96.000000,96.000000,96.000000,95.000000,95.000000,5.0,1463.1337,1340.2688,5187.4742,5310.3391,PENDING_AG03,FALSE,NOT_FOR_ENFORCEMENT,6384.5836,256811.4724,6650.6079,6384.5836,266.0243,0.02244119,0.02154355,266.0243,6384.5836,0.02154355,266.0243,266.0243,266.0243,332.5304,332.5304,6384.5836,0.02154355,1463.1337,1340.2688,5187.4742,5310.3391,0.01750413,0.01791872,0.00089765,16.2655,14.6936,0.3653,59.3804,1.1678,2646.0457,162.5536,12.4780,16.8648,9.0895,16.5695,22.0926,29.825,33.4482,44.5976,11.8163,0.0,2.018664,2.691552,0.981654,30,240,141,4,0.10479828,0.02244119,0.04150452,0E-8,0.000000,0.902668,0.011910,-0.02129501,2026-03-22,2026-08-05,112,5695,2177,137,0.817518,0.739886,0.767145,0.349328,,,,,,,,GLOBAL_BASELINE_NO_ENTITY_RANKING,,,NOT_APPLICABLE_GLOBAL_BASELINE,HF9g-P5,,,,X 全窗基线 · 不参与实体赏罚,14195213,1420,A168_HF9F_20260827_0900,2026-08-27 09:00:00
2026-04-30,110249610,2088,0,6.8170972800,-6.8170972800,-6.8170972800,0E-7,1,1,0.49324550000000000,0.493245500000,-0.9865810262130424,-0.9865810262130424,-0.9865810262130424,0E-17,ELIGIBLE,R03b_20260811_FULL_v1,L1_ELIGIBILITY,v2026-08-11,2026-03-21..2026-08-06,baccarat_bet02_101_all_pairs_incl_sentinel,round_win = game_pnl > 0 (decisive only),COMPATIBILITY_ONLY_NOT_PRODUCTION,296357.1217,267511.9505,6650.6079,18220,18206,-0.02244119,-0.04150452,-0.02020951,-0.02244119,-6650.6079,296357.1217,OK,0.0000,266.0243,4.0000,96.0000,AG03-UNRESOLVED,ALL5_LEVELS_bet23_to_bet27,266.0243,266.0243,266.0243,332.5304,332.5304,4.000000,4.000000,4.000000,5.000000,5.000000,96.000000,96.000000,96.000000,95.000000,95.000000,5.0,1463.1337,1340.2688,5187.4742,5310.3391,PENDING_AG03,FALSE,NOT_FOR_ENFORCEMENT,6384.5836,256811.4724,6650.6079,6384.5836,266.0243,0.02244119,0.02154355,266.0243,6384.5836,0.02154355,266.0243,266.0243,266.0243,332.5304,332.5304,6384.5836,0.02154355,1463.1337,1340.2688,5187.4742,5310.3391,0.01750413,0.01791872,0.00089765,16.2655,14.6936,0.3653,59.3804,1.1678,2646.0457,162.5536,12.4780,16.8648,9.0895,16.5695,22.0926,29.825,33.4482,44.5976,11.8163,0.0,2.018664,2.691552,0.981654,30,240,141,4,0.10479828,0.02244119,0.04150452,0E-8,0.000000,0.902668,0.011910,-0.02129501,2026-03-22,2026-08-05,112,5695,2177,137,0.817518,0.739886,0.767145,0.349328,,,,,,,,GLOBAL_BASELINE_NO_ENTITY_RANKING,,,NOT_APPLICABLE_GLOBAL_BASELINE,HF9g-P5,,,,X 全窗基线 · 不参与实体赏罚,14195214,1420,A168_HF9F_20260827_0900,2026-08-27 09:00:00
2026-04-30,110249610,2121,0,63.0581498398,-28.6318085759,-28.6318085759,0.2500000,6,6,0.49547970000000000,0.495479700000,-0.9819589297737525,-0.9819589297737525,-0.9819589297737525,0E-17,ELIGIBLE,R03b_20260811_FULL_v1,L1_ELIGIBILITY,v2026-08-11,2026-03-21..2026-08-06,baccarat_bet02_101_all_pairs_incl_sentinel,round_win = game_pnl > 0 (decisive only),COMPATIBILITY_ONLY_NOT_PRODUCTION,296357.1217,267511.9505,6650.6079,18220,18206,-0.02244119,-0.04150452,-0.02020951,-0.02244119,-6650.6079,296357.1217,OK,0.0000,266.0243,4.0000,96.0000,AG03-UNRESOLVED,ALL5_LEVELS_bet23_to_bet27,266.0243,266.0243,266.0243,332.5304,332.5304,4.000000,4.000000,4.000000,5.000000,5.000000,96.000000,96.000000,96.000000,95.000000,95.000000,5.0,1463.1337,1340.2688,5187.4742,5310.3391,PENDING_AG03,FALSE,NOT_FOR_ENFORCEMENT,6384.5836,256811.4724,6650.6079,6384.5836,266.0243,0.02244119,0.02154355,266.0243,6384.5836,0.02154355,266.0243,266.0243,266.0243,332.5304,332.5304,6384.5836,0.02154355,1463.1337,1340.2688,5187.4742,5310.3391,0.01750413,0.01791872,0.00089765,16.2655,14.6936,0.3653,59.3804,1.1678,2646.0457,162.5536,12.4780,16.8648,9.0895,16.5695,22.0926,29.825,33.4482,44.5976,11.8163,0.0,2.018664,2.691552,0.981654,30,240,141,4,0.10479828,0.02244119,0.04150452,0E-8,0.000000,0.902668,0.011910,-0.02129501,2026-03-22,2026-08-05,112,5695,2177,137,0.817518,0.739886,0.767145,0.349328,,,,,,,,GLOBAL_BASELINE_NO_ENTITY_RANKING,,,NOT_APPLICABLE_GLOBAL_BASELINE,HF9g-P5,,,,X 全窗基线 · 不参与实体赏罚,14195215,1420,A168_HF9F_20260827_0900,2026-08-27 09:00:00
2026-04-30,110249610,2152,0,109.1871747677,19.9968186879,19.9968186879,0.6363636,12,12,0.49883100000000000,0.498831000000,0.9122907958985939,0.9122907958985939,0.9122907958985939,0E-17,ELIGIBLE,R03b_20260811_FULL_v1,L1_ELIGIBILITY,v2026-08-11,2026-03-21..2026-08-06,baccarat_bet02_101_all_pairs_incl_sentinel,round_win = game_pnl > 0 (decisive only),COMPATIBILITY_ONLY_NOT_PRODUCTION,296357.1217,267511.9505,6650.6079,18220,18206,-0.02244119,-0.04150452,-0.02020951,-0.02244119,-6650.6079,296357.1217,OK,0.0000,266.0243,4.0000,96.0000,AG03-UNRESOLVED,ALL5_LEVELS_bet23_to_bet27,266.0243,266.0243,266.0243,332.5304,332.5304,4.000000,4.000000,4.000000,5.000000,5.000000,96.000000,96.000000,96.000000,95.000000,95.000000,5.0,1463.1337,1340.2688,5187.4742,5310.3391,PENDING_AG03,FALSE,NOT_FOR_ENFORCEMENT,6384.5836,256811.4724,6650.6079,6384.5836,266.0243,0.02244119,0.02154355,266.0243,6384.5836,0.02154355,266.0243,266.0243,266.0243,332.5304,332.5304,6384.5836,0.02154355,1463.1337,1340.2688,5187.4742,5310.3391,0.01750413,0.01791872,0.00089765,16.2655,14.6936,0.3653,59.3804,1.1678,2646.0457,162.5536,12.4780,16.8648,9.0895,16.5695,22.0926,29.825,33.4482,44.5976,11.8163,0.0,2.018664,2.691552,0.981654,30,240,141,4,0.10479828,0.02244119,0.04150452,0E-8,0.000000,0.902668,0.011910,-0.02129501,2026-03-22,2026-08-05,112,5695,2177,137,0.817518,0.739886,0.767145,0.349328,,,,,,,,GLOBAL_BASELINE_NO_ENTITY_RANKING,,,NOT_APPLICABLE_GLOBAL_BASELINE,HF9g-P5,,,,X 全窗基线 · 不参与实体赏罚,14195216,1420,A168_HF9F_20260827_0900,2026-08-27 09:00:00
2026-04-30,110249610,2153,0,23.1781307520,7.2715704320,7.2715704320,0.6000000,6,6,0.49771390000000000,0.497713900000,0.4574421269484404,0.45744212694844033,0.4574421269484404,0E-17,ELIGIBLE,R03b_20260811_FULL_v1,L1_ELIGIBILITY,v2026-08-11,2026-03-21..2026-08-06,baccarat_bet02_101_all_pairs_incl_sentinel,round_win = game_pnl > 0 (decisive only),COMPATIBILITY_ONLY_NOT_PRODUCTION,296357.1217,267511.9505,6650.6079,18220,18206,-0.02244119,-0.04150452,-0.02020951,-0.02244119,-6650.6079,296357.1217,OK,0.0000,266.0243,4.0000,96.0000,AG03-UNRESOLVED,ALL5_LEVELS_bet23_to_bet27,266.0243,266.0243,266.0243,332.5304,332.5304,4.000000,4.000000,4.000000,5.000000,5.000000,96.000000,96.000000,96.000000,95.000000,95.000000,5.0,1463.1337,1340.2688,5187.4742,5310.3391,PENDING_AG03,FALSE,NOT_FOR_ENFORCEMENT,6384.5836,256811.4724,6650.6079,6384.5836,266.0243,0.02244119,0.02154355,266.0243,6384.5836,0.02154355,266.0243,266.0243,266.0243,332.5304,332.5304,6384.5836,0.02154355,1463.1337,1340.2688,5187.4742,5310.3391,0.01750413,0.01791872,0.00089765,16.2655,14.6936,0.3653,59.3804,1.1678,2646.0457,162.5536,12.4780,16.8648,9.0895,16.5695,22.0926,29.825,33.4482,44.5976,11.8163,0.0,2.018664,2.691552,0.981654,30,240,141,4,0.10479828,0.02244119,0.04150452,0E-8,0.000000,0.902668,0.011910,-0.02129501,2026-03-22,2026-08-05,112,5695,2177,137,0.817518,0.739886,0.767145,0.349328,,,,,,,,GLOBAL_BASELINE_NO_ENTITY_RANKING,,,NOT_APPLICABLE_GLOBAL_BASELINE,HF9g-P5,,,,X 全窗基线 · 不参与实体赏罚,14195217,1420,A168_HF9F_20260827_0900,2026-08-27 09:00:00
2026-04-30,110249610,2155,0,19.3151089600,-6.0217692640,-6.0217692640,0.3333333,3,3,0.50665070000000000,0.506650700000,-0.6004420894325239,-0.6004420894325239,-0.6004420894325239,0E-17,ELIGIBLE,R03b_20260811_FULL_v1,L1_ELIGIBILITY,v2026-08-11,2026-03-21..2026-08-06,baccarat_bet02_101_all_pairs_incl_sentinel,round_win = game_pnl > 0 (decisive only),COMPATIBILITY_ONLY_NOT_PRODUCTION,296357.1217,267511.9505,6650.6079,18220,18206,-0.02244119,-0.04150452,-0.02020951,-0.02244119,-6650.6079,296357.1217,OK,0.0000,266.0243,4.0000,96.0000,AG03-UNRESOLVED,ALL5_LEVELS_bet23_to_bet27,266.0243,266.0243,266.0243,332.5304,332.5304,4.000000,4.000000,4.000000,5.000000,5.000000,96.000000,96.000000,96.000000,95.000000,95.000000,5.0,1463.1337,1340.2688,5187.4742,5310.3391,PENDING_AG03,FALSE,NOT_FOR_ENFORCEMENT,6384.5836,256811.4724,6650.6079,6384.5836,266.0243,0.02244119,0.02154355,266.0243,6384.5836,0.02154355,266.0243,266.0243,266.0243,332.5304,332.5304,6384.5836,0.02154355,1463.1337,1340.2688,5187.4742,5310.3391,0.01750413,0.01791872,0.00089765,16.2655,14.6936,0.3653,59.3804,1.1678,2646.0457,162.5536,12.4780,16.8648,9.0895,16.5695,22.0926,29.825,33.4482,44.5976,11.8163,0.0,2.018664,2.691552,0.981654,30,240,141,4,0.10479828,0.02244119,0.04150452,0E-8,0.000000,0.902668,0.011910,-0.02129501,2026-03-22,2026-08-05,112,5695,2177,137,0.817518,0.739886,0.767145,0.349328,,,,,,,,GLOBAL_BASELINE_NO_ENTITY_RANKING,,,NOT_APPLICABLE_GLOBAL_BASELINE,HF9g-P5,,,,X 全窗基线 · 不参与实体赏罚,14195218,1420,A168_HF9F_20260827_0900,2026-08-27 09:00:00
2026-04-30,110249610,2156,0,13.6341945600,-4.7719680960,-4.7719680960,0.3333333,3,3,0.50218230000000000,0.502182300000,-0.5849155494134425,-0.5849155494134426,-0.5849155494134425,0E-17,ELIGIBLE,R03b_20260811_FULL_v1,L1_ELIGIBILITY,v2026-08-11,2026-03-21..2026-08-06,baccarat_bet02_101_all_pairs_incl_sentinel,round_win = game_pnl > 0 (decisive only),COMPATIBILITY_ONLY_NOT_PRODUCTION,296357.1217,267511.9505,6650.6079,18220,18206,-0.02244119,-0.04150452,-0.02020951,-0.02244119,-6650.6079,296357.1217,OK,0.0000,266.0243,4.0000,96.0000,AG03-UNRESOLVED,ALL5_LEVELS_bet23_to_bet27,266.0243,266.0243,266.0243,332.5304,332.5304,4.000000,4.000000,4.000000,5.000000,5.000000,96.000000,96.000000,96.000000,95.000000,95.000000,5.0,1463.1337,1340.2688,5187.4742,5310.3391,PENDING_AG03,FALSE,NOT_FOR_ENFORCEMENT,6384.5836,256811.4724,6650.6079,6384.5836,266.0243,0.02244119,0.02154355,266.0243,6384.5836,0.02154355,266.0243,266.0243,266.0243,332.5304,332.5304,6384.5836,0.02154355,1463.1337,1340.2688,5187.4742,5310.3391,0.01750413,0.01791872,0.00089765,16.2655,14.6936,0.3653,59.3804,1.1678,2646.0457,162.5536,12.4780,16.8648,9.0895,16.5695,22.0926,29.825,33.4482,44.5976,11.8163,0.0,2.018664,2.691552,0.981654,30,240,141,4,0.10479828,0.02244119,0.04150452,0E-8,0.000000,0.902668,0.011910,-0.02129501,2026-03-22,2026-08-05,112,5695,2177,137,0.817518,0.739886,0.767145,0.349328,,,,,,,,GLOBAL_BASELINE_NO_ENTITY_RANKING,,,NOT_APPLICABLE_GLOBAL_BASELINE,HF9g-P5,,,,X 全窗基线 · 不参与实体赏罚,14195219,1420,A168_HF9F_20260827_0900,2026-08-27 09:00:00
2026-04-30,110249610,2160,0,14.7703774400,-3.6925943600,-3.6925943600,0.5000000,2,2,0.50665070000000000,0.506650700000,-0.018812684590367487,-0.018812684590367487,-0.018812684590367487,0E-17,ELIGIBLE,R03b_20260811_FULL_v1,L1_ELIGIBILITY,v2026-08-11,2026-03-21..2026-08-06,baccarat_bet02_101_all_pairs_incl_sentinel,round_win = game_pnl > 0 (decisive only),COMPATIBILITY_ONLY_NOT_PRODUCTION,296357.1217,267511.9505,6650.6079,18220,18206,-0.02244119,-0.04150452,-0.02020951,-0.02244119,-6650.6079,296357.1217,OK,0.0000,266.0243,4.0000,96.0000,AG03-UNRESOLVED,ALL5_LEVELS_bet23_to_bet27,266.0243,266.0243,266.0243,332.5304,332.5304,4.000000,4.000000,4.000000,5.000000,5.000000,96.000000,96.000000,96.000000,95.000000,95.000000,5.0,1463.1337,1340.2688,5187.4742,5310.3391,PENDING_AG03,FALSE,NOT_FOR_ENFORCEMENT,6384.5836,256811.4724,6650.6079,6384.5836,266.0243,0.02244119,0.02154355,266.0243,6384.5836,0.02154355,266.0243,266.0243,266.0243,332.5304,332.5304,6384.5836,0.02154355,1463.1337,1340.2688,5187.4742,5310.3391,0.01750413,0.01791872,0.00089765,16.2655,14.6936,0.3653,59.3804,1.1678,2646.0457,162.5536,12.4780,16.8648,9.0895,16.5695,22.0926,29.825,33.4482,44.5976,11.8163,0.0,2.018664,2.691552,0.981654,30,240,141,4,0.10479828,0.02244119,0.04150452,0E-8,0.000000,0.902668,0.011910,-0.02129501,2026-03-22,2026-08-05,112,5695,2177,137,0.817518,0.739886,0.767145,0.349328,,,,,,,,GLOBAL_BASELINE_NO_ENTITY_RANKING,,,NOT_APPLICABLE_GLOBAL_BASELINE,HF9g-P5,,,,X 全窗基线 · 不参与实体赏罚,14195220,1420,A168_HF9F_20260827_0900,2026-08-27 09:00:00
2026-04-30,110249610,2174,0,80.6689844800,21.5874747200,21.5874747200,0.7000000,11,11,0.49446415454545455,0.494464154545,1.3000025060057356,1.3000025060086235,1.3000025060057356,4.5455E-13,ELIGIBLE,R03b_20260811_FULL_v1,L1_ELIGIBILITY,v2026-08-11,2026-03-21..2026-08-06,baccarat_bet02_101_all_pairs_incl_sentinel,round_win = game_pnl > 0 (decisive only),COMPATIBILITY_ONLY_NOT_PRODUCTION,296357.1217,267511.9505,6650.6079,18220,18206,-0.02244119,-0.04150452,-0.02020951,-0.02244119,-6650.6079,296357.1217,OK,0.0000,266.0243,4.0000,96.0000,AG03-UNRESOLVED,ALL5_LEVELS_bet23_to_bet27,266.0243,266.0243,266.0243,332.5304,332.5304,4.000000,4.000000,4.000000,5.000000,5.000000,96.000000,96.000000,96.000000,95.000000,95.000000,5.0,1463.1337,1340.2688,5187.4742,5310.3391,PENDING_AG03,FALSE,NOT_FOR_ENFORCEMENT,6384.5836,256811.4724,6650.6079,6384.5836,266.0243,0.02244119,0.02154355,266.0243,6384.5836,0.02154355,266.0243,266.0243,266.0243,332.5304,332.5304,6384.5836,0.02154355,1463.1337,1340.2688,5187.4742,5310.3391,0.01750413,0.01791872,0.00089765,16.2655,14.6936,0.3653,59.3804,1.1678,2646.0457,162.5536,12.4780,16.8648,9.0895,16.5695,22.0926,29.825,33.4482,44.5976,11.8163,0.0,2.018664,2.691552,0.981654,30,240,141,4,0.10479828,0.02244119,0.04150452,0E-8,0.000000,0.902668,0.011910,-0.02129501,2026-03-22,2026-08-05,112,5695,2177,137,0.817518,0.739886,0.767145,0.349328,,,,,,,,GLOBAL_BASELINE_NO_ENTITY_RANKING,,,NOT_APPLICABLE_GLOBAL_BASELINE,HF9g-P5,,,,X 全窗基线 · 不参与实体赏罚,14195221,1420,A168_HF9F_20260827_0900,2026-08-27 09:00:00
2026-04-30,110249610,2188,0,35.2216692800,-1.7610834640,-1.7610834640,0.5000000,5,5,0.50665070000000000,0.506650700000,-0.02660515369234503,-0.02660515369234503,-0.02660515369234503,0E-17,ELIGIBLE,R03b_20260811_FULL_v1,L1_ELIGIBILITY,v2026-08-11,2026-03-21..2026-08-06,baccarat_bet02_101_all_pairs_incl_sentinel,round_win = game_pnl > 0 (decisive only),COMPATIBILITY_ONLY_NOT_PRODUCTION,296357.1217,267511.9505,6650.6079,18220,18206,-0.02244119,-0.04150452,-0.02020951,-0.02244119,-6650.6079,296357.1217,OK,0.0000,266.0243,4.0000,96.0000,AG03-UNRESOLVED,ALL5_LEVELS_bet23_to_bet27,266.0243,266.0243,266.0243,332.5304,332.5304,4.000000,4.000000,4.000000,5.000000,5.000000,96.000000,96.000000,96.000000,95.000000,95.000000,5.0,1463.1337,1340.2688,5187.4742,5310.3391,PENDING_AG03,FALSE,NOT_FOR_ENFORCEMENT,6384.5836,256811.4724,6650.6079,6384.5836,266.0243,0.02244119,0.02154355,266.0243,6384.5836,0.02154355,266.0243,266.0243,266.0243,332.5304,332.5304,6384.5836,0.02154355,1463.1337,1340.2688,5187.4742,5310.3391,0.01750413,0.01791872,0.00089765,16.2655,14.6936,0.3653,59.3804,1.1678,2646.0457,162.5536,12.4780,16.8648,9.0895,16.5695,22.0926,29.825,33.4482,44.5976,11.8163,0.0,2.018664,2.691552,0.981654,30,240,141,4,0.10479828,0.02244119,0.04150452,0E-8,0.000000,0.902668,0.011910,-0.02129501,2026-03-22,2026-08-05,112,5695,2177,137,0.817518,0.739886,0.767145,0.349328,,,,,,,,GLOBAL_BASELINE_NO_ENTITY_RANKING,,,NOT_APPLICABLE_GLOBAL_BASELINE,HF9g-P5,,,,X 全窗基线 · 不参与实体赏罚,14195222,1420,A168_HF9F_20260827_0900,2026-08-27 09:00:00
2026-04-30,110249610,2220,0,64.7624241599,39.9368282319,39.9368282319,0.8000000,5,5,0.50128862000000000,0.501288620000,1.335882339249048,1.335882339249048,1.335882339249048,0E-17,ELIGIBLE,R03b_20260811_FULL_v1,L1_ELIGIBILITY,v2026-08-11,2026-03-21..2026-08-06,baccarat_bet02_101_all_pairs_incl_sentinel,round_win = game_pnl > 0 (decisive only),COMPATIBILITY_ONLY_NOT_PRODUCTION,296357.1217,267511.9505,6650.6079,18220,18206,-0.02244119,-0.04150452,-0.02020951,-0.02244119,-6650.6079,296357.1217,OK,0.0000,266.0243,4.0000,96.0000,AG03-UNRESOLVED,ALL5_LEVELS_bet23_to_bet27,266.0243,266.0243,266.0243,332.5304,332.5304,4.000000,4.000000,4.000000,5.000000,5.000000,96.000000,96.000000,96.000000,95.000000,95.000000,5.0,1463.1337,1340.2688,5187.4742,5310.3391,PENDING_AG03,FALSE,NOT_FOR_ENFORCEMENT,6384.5836,256811.4724,6650.6079,6384.5836,266.0243,0.02244119,0.02154355,266.0243,6384.5836,0.02154355,266.0243,266.0243,266.0243,332.5304,332.5304,6384.5836,0.02154355,1463.1337,1340.2688,5187.4742,5310.3391,0.01750413,0.01791872,0.00089765,16.2655,14.6936,0.3653,59.3804,1.1678,2646.0457,162.5536,12.4780,16.8648,9.0895,16.5695,22.0926,29.825,33.4482,44.5976,11.8163,0.0,2.018664,2.691552,0.981654,30,240,141,4,0.10479828,0.02244119,0.04150452,0E-8,0.000000,0.902668,0.011910,-0.02129501,2026-03-22,2026-08-05,112,5695,2177,137,0.817518,0.739886,0.767145,0.349328,,,,,,,,GLOBAL_BASELINE_NO_ENTITY_RANKING,,,NOT_APPLICABLE_GLOBAL_BASELINE,HF9g-P5,,,,X 全窗基线 · 不参与实体赏罚,14195223,1420,A168_HF9F_20260827_0900,2026-08-27 09:00:00
2026-04-30,110249610,2229,0,22.7236576000,-0.5680914400,-0.5680914400,0.5000000,4,4,0.50665070000000000,0.506650700000,-0.02660515369234503,-0.02660515369234503,-0.02660515369234503,0E-17,ELIGIBLE,R03b_20260811_FULL_v1,L1_ELIGIBILITY,v2026-08-11,2026-03-21..2026-08-06,baccarat_bet02_101_all_pairs_incl_sentinel,round_win = game_pnl > 0 (decisive only),COMPATIBILITY_ONLY_NOT_PRODUCTION,296357.1217,267511.9505,6650.6079,18220,18206,-0.02244119,-0.04150452,-0.02020951,-0.02244119,-6650.6079,296357.1217,OK,0.0000,266.0243,4.0000,96.0000,AG03-UNRESOLVED,ALL5_LEVELS_bet23_to_bet27,266.0243,266.0243,266.0243,332.5304,332.5304,4.000000,4.000000,4.000000,5.000000,5.000000,96.000000,96.000000,96.000000,95.000000,95.000000,5.0,1463.1337,1340.2688,5187.4742,5310.3391,PENDING_AG03,FALSE,NOT_FOR_ENFORCEMENT,6384.5836,256811.4724,6650.6079,6384.5836,266.0243,0.02244119,0.02154355,266.0243,6384.5836,0.02154355,266.0243,266.0243,266.0243,332.5304,332.5304,6384.5836,0.02154355,1463.1337,1340.2688,5187.4742,5310.3391,0.01750413,0.01791872,0.00089765,16.2655,14.6936,0.3653,59.3804,1.1678,2646.0457,162.5536,12.4780,16.8648,9.0895,16.5695,22.0926,29.825,33.4482,44.5976,11.8163,0.0,2.018664,2.691552,0.981654,30,240,141,4,0.10479828,0.02244119,0.04150452,0E-8,0.000000,0.902668,0.011910,-0.02129501,2026-03-22,2026-08-05,112,5695,2177,137,0.817518,0.739886,0.767145,0.349328,,,,,,,,GLOBAL_BASELINE_NO_ENTITY_RANKING,,,NOT_APPLICABLE_GLOBAL_BASELINE,HF9g-P5,,,,X 全窗基线 · 不参与实体赏罚,14195224,1420,A168_HF9F_20260827_0900,2026-08-27 09:00:00
2026-04-30,110249610,2234,0,26.1322062399,-26.1322062399,-26.1322062399,0E-7,2,2,0.49994810000000000,0.499948100000,-1.4140667746232096,-1.4140667746232096,-1.4140667746232096,0E-17,ELIGIBLE,R03b_20260811_FULL_v1,L1_ELIGIBILITY,v2026-08-11,2026-03-21..2026-08-06,baccarat_bet02_101_all_pairs_incl_sentinel,round_win = game_pnl > 0 (decisive only),COMPATIBILITY_ONLY_NOT_PRODUCTION,296357.1217,267511.9505,6650.6079,18220,18206,-0.02244119,-0.04150452,-0.02020951,-0.02244119,-6650.6079,296357.1217,OK,0.0000,266.0243,4.0000,96.0000,AG03-UNRESOLVED,ALL5_LEVELS_bet23_to_bet27,266.0243,266.0243,266.0243,332.5304,332.5304,4.000000,4.000000,4.000000,5.000000,5.000000,96.000000,96.000000,96.000000,95.000000,95.000000,5.0,1463.1337,1340.2688,5187.4742,5310.3391,PENDING_AG03,FALSE,NOT_FOR_ENFORCEMENT,6384.5836,256811.4724,6650.6079,6384.5836,266.0243,0.02244119,0.02154355,266.0243,6384.5836,0.02154355,266.0243,266.0243,266.0243,332.5304,332.5304,6384.5836,0.02154355,1463.1337,1340.2688,5187.4742,5310.3391,0.01750413,0.01791872,0.00089765,16.2655,14.6936,0.3653,59.3804,1.1678,2646.0457,162.5536,12.4780,16.8648,9.0895,16.5695,22.0926,29.825,33.4482,44.5976,11.8163,0.0,2.018664,2.691552,0.981654,30,240,141,4,0.10479828,0.02244119,0.04150452,0E-8,0.000000,0.902668,0.011910,-0.02129501,2026-03-22,2026-08-05,112,5695,2177,137,0.817518,0.739886,0.767145,0.349328,,,,,,,,GLOBAL_BASELINE_NO_ENTITY_RANKING,,,NOT_APPLICABLE_GLOBAL_BASELINE,HF9g-P5,,,,X 全窗基线 · 不参与实体赏罚,14195225,1420,A168_HF9F_20260827_0900,2026-08-27 09:00:00
2026-04-30,110249610,2244,0,4.5447315200,-4.5447315200,-4.5447315200,0E-7,1,1,0.49324550000000000,0.493245500000,-0.9865810262130424,-0.9865810262130424,-0.9865810262130424,0E-17,ELIGIBLE,R03b_20260811_FULL_v1,L1_ELIGIBILITY,v2026-08-11,2026-03-21..2026-08-06,baccarat_bet02_101_all_pairs_incl_sentinel,round_win = game_pnl > 0 (decisive only),COMPATIBILITY_ONLY_NOT_PRODUCTION,296357.1217,267511.9505,6650.6079,18220,18206,-0.02244119,-0.04150452,-0.02020951,-0.02244119,-6650.6079,296357.1217,OK,0.0000,266.0243,4.0000,96.0000,AG03-UNRESOLVED,ALL5_LEVELS_bet23_to_bet27,266.0243,266.0243,266.0243,332.5304,332.5304,4.000000,4.000000,4.000000,5.000000,5.000000,96.000000,96.000000,96.000000,95.000000,95.000000,5.0,1463.1337,1340.2688,5187.4742,5310.3391,PENDING_AG03,FALSE,NOT_FOR_ENFORCEMENT,6384.5836,256811.4724,6650.6079,6384.5836,266.0243,0.02244119,0.02154355,266.0243,6384.5836,0.02154355,266.0243,266.0243,266.0243,332.5304,332.5304,6384.5836,0.02154355,1463.1337,1340.2688,5187.4742,5310.3391,0.01750413,0.01791872,0.00089765,16.2655,14.6936,0.3653,59.3804,1.1678,2646.0457,162.5536,12.4780,16.8648,9.0895,16.5695,22.0926,29.825,33.4482,44.5976,11.8163,0.0,2.018664,2.691552,0.981654,30,240,141,4,0.10479828,0.02244119,0.04150452,0E-8,0.000000,0.902668,0.011910,-0.02129501,2026-03-22,2026-08-05,112,5695,2177,137,0.817518,0.739886,0.767145,0.349328,,,,,,,,GLOBAL_BASELINE_NO_ENTITY_RANKING,,,NOT_APPLICABLE_GLOBAL_BASELINE,HF9g-P5,,,,X 全窗基线 · 不参与实体赏罚,14195226,1420,A168_HF9F_20260827_0900,2026-08-27 09:00:00
2026-04-30,110249610,2271,0,2.2723657600,-2.2723657600,-2.2723657600,0E-7,1,1,0.49324550000000000,0.493245500000,-0.9865810262130424,-0.9865810262130424,-0.9865810262130424,0E-17,ELIGIBLE,R03b_20260811_FULL_v1,L1_ELIGIBILITY,v2026-08-11,2026-03-21..2026-08-06,baccarat_bet02_101_all_pairs_incl_sentinel,round_win = game_pnl > 0 (decisive only),COMPATIBILITY_ONLY_NOT_PRODUCTION,296357.1217,267511.9505,6650.6079,18220,18206,-0.02244119,-0.04150452,-0.02020951,-0.02244119,-6650.6079,296357.1217,OK,0.0000,266.0243,4.0000,96.0000,AG03-UNRESOLVED,ALL5_LEVELS_bet23_to_bet27,266.0243,266.0243,266.0243,332.5304,332.5304,4.000000,4.000000,4.000000,5.000000,5.000000,96.000000,96.000000,96.000000,95.000000,95.000000,5.0,1463.1337,1340.2688,5187.4742,5310.3391,PENDING_AG03,FALSE,NOT_FOR_ENFORCEMENT,6384.5836,256811.4724,6650.6079,6384.5836,266.0243,0.02244119,0.02154355,266.0243,6384.5836,0.02154355,266.0243,266.0243,266.0243,332.5304,332.5304,6384.5836,0.02154355,1463.1337,1340.2688,5187.4742,5310.3391,0.01750413,0.01791872,0.00089765,16.2655,14.6936,0.3653,59.3804,1.1678,2646.0457,162.5536,12.4780,16.8648,9.0895,16.5695,22.0926,29.825,33.4482,44.5976,11.8163,0.0,2.018664,2.691552,0.981654,30,240,141,4,0.10479828,0.02244119,0.04150452,0E-8,0.000000,0.902668,0.011910,-0.02129501,2026-03-22,2026-08-05,112,5695,2177,137,0.817518,0.739886,0.767145,0.349328,,,,,,,,GLOBAL_BASELINE_NO_ENTITY_RANKING,,,NOT_APPLICABLE_GLOBAL_BASELINE,HF9g-P5,,,,X 全窗基线 · 不参与实体赏罚,14195227,1420,A168_HF9F_20260827_0900,2026-08-27 09:00:00
2026-04-30,110249610,529,0,1.1149390686,-1.1149390686,-1.1149390686,0E-7,1,1,0.50665070000000000,0.506650700000,-1.013391052207602,-1.013391052207602,-1.013391052207602,0E-17,ELIGIBLE,R03b_20260811_FULL_v1,L1_ELIGIBILITY,v2026-08-11,2026-03-21..2026-08-06,baccarat_bet02_101_all_pairs_incl_sentinel,round_win = game_pnl > 0 (decisive only),COMPATIBILITY_ONLY_NOT_PRODUCTION,296357.1217,267511.9505,6650.6079,18220,18206,-0.02244119,-0.04150452,-0.02020951,-0.02244119,-6650.6079,296357.1217,OK,0.0000,266.0243,4.0000,96.0000,AG03-UNRESOLVED,ALL5_LEVELS_bet23_to_bet27,266.0243,266.0243,266.0243,332.5304,332.5304,4.000000,4.000000,4.000000,5.000000,5.000000,96.000000,96.000000,96.000000,95.000000,95.000000,5.0,1463.1337,1340.2688,5187.4742,5310.3391,PENDING_AG03,FALSE,NOT_FOR_ENFORCEMENT,6384.5836,256811.4724,6650.6079,6384.5836,266.0243,0.02244119,0.02154355,266.0243,6384.5836,0.02154355,266.0243,266.0243,266.0243,332.5304,332.5304,6384.5836,0.02154355,1463.1337,1340.2688,5187.4742,5310.3391,0.01750413,0.01791872,0.00089765,16.2655,14.6936,0.3653,59.3804,1.1678,2646.0457,162.5536,12.4780,16.8648,9.0895,16.5695,22.0926,29.825,33.4482,44.5976,11.8163,0.0,2.018664,2.691552,0.981654,30,240,141,4,0.10479828,0.02244119,0.04150452,0E-8,0.000000,0.902668,0.011910,-0.02129501,2026-03-22,2026-08-05,112,5695,2177,137,0.817518,0.739886,0.767145,0.349328,,,,,,,,GLOBAL_BASELINE_NO_ENTITY_RANKING,,,NOT_APPLICABLE_GLOBAL_BASELINE,HF9g-P5,,,,X 全窗基线 · 不参与实体赏罚,14195228,1420,A168_HF9F_20260827_0900,2026-08-27 09:00:00
2026-04-30,110249610,583,0,17.6108346400,-3.2097166360,-3.2097166360,0.5000000,2,2,0.50665070000000000,0.506650700000,-0.018812684590367487,-0.018812684590367487,-0.018812684590367487,0E-17,ELIGIBLE,R03b_20260811_FULL_v1,L1_ELIGIBILITY,v2026-08-11,2026-03-21..2026-08-06,baccarat_bet02_101_all_pairs_incl_sentinel,round_win = game_pnl > 0 (decisive only),COMPATIBILITY_ONLY_NOT_PRODUCTION,296357.1217,267511.9505,6650.6079,18220,18206,-0.02244119,-0.04150452,-0.02020951,-0.02244119,-6650.6079,296357.1217,OK,0.0000,266.0243,4.0000,96.0000,AG03-UNRESOLVED,ALL5_LEVELS_bet23_to_bet27,266.0243,266.0243,266.0243,332.5304,332.5304,4.000000,4.000000,4.000000,5.000000,5.000000,96.000000,96.000000,96.000000,95.000000,95.000000,5.0,1463.1337,1340.2688,5187.4742,5310.3391,PENDING_AG03,FALSE,NOT_FOR_ENFORCEMENT,6384.5836,256811.4724,6650.6079,6384.5836,266.0243,0.02244119,0.02154355,266.0243,6384.5836,0.02154355,266.0243,266.0243,266.0243,332.5304,332.5304,6384.5836,0.02154355,1463.1337,1340.2688,5187.4742,5310.3391,0.01750413,0.01791872,0.00089765,16.2655,14.6936,0.3653,59.3804,1.1678,2646.0457,162.5536,12.4780,16.8648,9.0895,16.5695,22.0926,29.825,33.4482,44.5976,11.8163,0.0,2.018664,2.691552,0.981654,30,240,141,4,0.10479828,0.02244119,0.04150452,0E-8,0.000000,0.902668,0.011910,-0.02129501,2026-03-22,2026-08-05,112,5695,2177,137,0.817518,0.739886,0.767145,0.349328,,,,,,,,GLOBAL_BASELINE_NO_ENTITY_RANKING,,,NOT_APPLICABLE_GLOBAL_BASELINE,HF9g-P5,,,,X 全窗基线 · 不参与实体赏罚,14195229,1420,A168_HF9F_20260827_0900,2026-08-27 09:00:00
2026-04-30,110249610,595,0,4.5447315200,-4.5447315200,-4.5447315200,0E-7,1,1,0.49324550000000000,0.493245500000,-0.9865810262130424,-0.9865810262130424,-0.9865810262130424,0E-17,ELIGIBLE,R03b_20260811_FULL_v1,L1_ELIGIBILITY,v2026-08-11,2026-03-21..2026-08-06,baccarat_bet02_101_all_pairs_incl_sentinel,round_win = game_pnl > 0 (decisive only),COMPATIBILITY_ONLY_NOT_PRODUCTION,296357.1217,267511.9505,6650.6079,18220,18206,-0.02244119,-0.04150452,-0.02020951,-0.02244119,-6650.6079,296357.1217,OK,0.0000,266.0243,4.0000,96.0000,AG03-UNRESOLVED,ALL5_LEVELS_bet23_to_bet27,266.0243,266.0243,266.0243,332.5304,332.5304,4.000000,4.000000,4.000000,5.000000,5.000000,96.000000,96.000000,96.000000,95.000000,95.000000,5.0,1463.1337,1340.2688,5187.4742,5310.3391,PENDING_AG03,FALSE,NOT_FOR_ENFORCEMENT,6384.5836,256811.4724,6650.6079,6384.5836,266.0243,0.02244119,0.02154355,266.0243,6384.5836,0.02154355,266.0243,266.0243,266.0243,332.5304,332.5304,6384.5836,0.02154355,1463.1337,1340.2688,5187.4742,5310.3391,0.01750413,0.01791872,0.00089765,16.2655,14.6936,0.3653,59.3804,1.1678,2646.0457,162.5536,12.4780,16.8648,9.0895,16.5695,22.0926,29.825,33.4482,44.5976,11.8163,0.0,2.018664,2.691552,0.981654,30,240,141,4,0.10479828,0.02244119,0.04150452,0E-8,0.000000,0.902668,0.011910,-0.02129501,2026-03-22,2026-08-05,112,5695,2177,137,0.817518,0.739886,0.767145,0.349328,,,,,,,,GLOBAL_BASELINE_NO_ENTITY_RANKING,,,NOT_APPLICABLE_GLOBAL_BASELINE,HF9g-P5,,,,X 全窗基线 · 不参与实体赏罚,14195230,1420,A168_HF9F_20260827_0900,2026-08-27 09:00:00
2026-04-30,110249610,772,0,3.3448172058,-1.1149390686,-1.1149390686,0.5000000,2,2,0.49324550000000000,0.493245500000,0.01910635448239258,0.01910635448239258,0.01910635448239258,0E-17,ELIGIBLE,R03b_20260811_FULL_v1,L1_ELIGIBILITY,v2026-08-11,2026-03-21..2026-08-06,baccarat_bet02_101_all_pairs_incl_sentinel,round_win = game_pnl > 0 (decisive only),COMPATIBILITY_ONLY_NOT_PRODUCTION,296357.1217,267511.9505,6650.6079,18220,18206,-0.02244119,-0.04150452,-0.02020951,-0.02244119,-6650.6079,296357.1217,OK,0.0000,266.0243,4.0000,96.0000,AG03-UNRESOLVED,ALL5_LEVELS_bet23_to_bet27,266.0243,266.0243,266.0243,332.5304,332.5304,4.000000,4.000000,4.000000,5.000000,5.000000,96.000000,96.000000,96.000000,95.000000,95.000000,5.0,1463.1337,1340.2688,5187.4742,5310.3391,PENDING_AG03,FALSE,NOT_FOR_ENFORCEMENT,6384.5836,256811.4724,6650.6079,6384.5836,266.0243,0.02244119,0.02154355,266.0243,6384.5836,0.02154355,266.0243,266.0243,266.0243,332.5304,332.5304,6384.5836,0.02154355,1463.1337,1340.2688,5187.4742,5310.3391,0.01750413,0.01791872,0.00089765,16.2655,14.6936,0.3653,59.3804,1.1678,2646.0457,162.5536,12.4780,16.8648,9.0895,16.5695,22.0926,29.825,33.4482,44.5976,11.8163,0.0,2.018664,2.691552,0.981654,30,240,141,4,0.10479828,0.02244119,0.04150452,0E-8,0.000000,0.902668,0.011910,-0.02129501,2026-03-22,2026-08-05,112,5695,2177,137,0.817518,0.739886,0.767145,0.349328,,,,,,,,GLOBAL_BASELINE_NO_ENTITY_RANKING,,,NOT_APPLICABLE_GLOBAL_BASELINE,HF9g-P5,,,,X 全窗基线 · 不参与实体赏罚,14195231,1420,A168_HF9F_20260827_0900,2026-08-27 09:00:00
2026-04-30,110249610,948,0,2.2298781372,-2.2298781372,-2.2298781372,0E-7,1,1,0.50665070000000000,0.506650700000,-1.013391052207602,-1.013391052207602,-1.013391052207602,0E-17,ELIGIBLE,R03b_20260811_FULL_v1,L1_ELIGIBILITY,v2026-08-11,2026-03-21..2026-08-06,baccarat_bet02_101_all_pairs_incl_sentinel,round_win = game_pnl > 0 (decisive only),COMPATIBILITY_ONLY_NOT_PRODUCTION,296357.1217,267511.9505,6650.6079,18220,18206,-0.02244119,-0.04150452,-0.02020951,-0.02244119,-6650.6079,296357.1217,OK,0.0000,266.0243,4.0000,96.0000,AG03-UNRESOLVED,ALL5_LEVELS_bet23_to_bet27,266.0243,266.0243,266.0243,332.5304,332.5304,4.000000,4.000000,4.000000,5.000000,5.000000,96.000000,96.000000,96.000000,95.000000,95.000000,5.0,1463.1337,1340.2688,5187.4742,5310.3391,PENDING_AG03,FALSE,NOT_FOR_ENFORCEMENT,6384.5836,256811.4724,6650.6079,6384.5836,266.0243,0.02244119,0.02154355,266.0243,6384.5836,0.02154355,266.0243,266.0243,266.0243,332.5304,332.5304,6384.5836,0.02154355,1463.1337,1340.2688,5187.4742,5310.3391,0.01750413,0.01791872,0.00089765,16.2655,14.6936,0.3653,59.3804,1.1678,2646.0457,162.5536,12.4780,16.8648,9.0895,16.5695,22.0926,29.825,33.4482,44.5976,11.8163,0.0,2.018664,2.691552,0.981654,30,240,141,4,0.10479828,0.02244119,0.04150452,0E-8,0.000000,0.902668,0.011910,-0.02129501,2026-03-22,2026-08-05,112,5695,2177,137,0.817518,0.739886,0.767145,0.349328,,,,,,,,GLOBAL_BASELINE_NO_ENTITY_RANKING,,,NOT_APPLICABLE_GLOBAL_BASELINE,HF9g-P5,,,,X 全窗基线 · 不参与实体赏罚,14195232,1420,A168_HF9F_20260827_0900,2026-08-27 09:00:00
2026-04-30,110249610,986,0,29.4271365920,1.7042743200,1.7042743200,0.6000000,6,6,0.50665070000000000,0.506650700000,0.4175076967804994,0.4175076967804994,0.4175076967804994,0E-17,ELIGIBLE,R03b_20260811_FULL_v1,L1_ELIGIBILITY,v2026-08-11,2026-03-21..2026-08-06,baccarat_bet02_101_all_pairs_incl_sentinel,round_win = game_pnl > 0 (decisive only),COMPATIBILITY_ONLY_NOT_PRODUCTION,296357.1217,267511.9505,6650.6079,18220,18206,-0.02244119,-0.04150452,-0.02020951,-0.02244119,-6650.6079,296357.1217,OK,0.0000,266.0243,4.0000,96.0000,AG03-UNRESOLVED,ALL5_LEVELS_bet23_to_bet27,266.0243,266.0243,266.0243,332.5304,332.5304,4.000000,4.000000,4.000000,5.000000,5.000000,96.000000,96.000000,96.000000,95.000000,95.000000,5.0,1463.1337,1340.2688,5187.4742,5310.3391,PENDING_AG03,FALSE,NOT_FOR_ENFORCEMENT,6384.5836,256811.4724,6650.6079,6384.5836,266.0243,0.02244119,0.02154355,266.0243,6384.5836,0.02154355,266.0243,266.0243,266.0243,332.5304,332.5304,6384.5836,0.02154355,1463.1337,1340.2688,5187.4742,5310.3391,0.01750413,0.01791872,0.00089765,16.2655,14.6936,0.3653,59.3804,1.1678,2646.0457,162.5536,12.4780,16.8648,9.0895,16.5695,22.0926,29.825,33.4482,44.5976,11.8163,0.0,2.018664,2.691552,0.981654,30,240,141,4,0.10479828,0.02244119,0.04150452,0E-8,0.000000,0.902668,0.011910,-0.02129501,2026-03-22,2026-08-05,112,5695,2177,137,0.817518,0.739886,0.767145,0.349328,,,,,,,,GLOBAL_BASELINE_NO_ENTITY_RANKING,,,NOT_APPLICABLE_GLOBAL_BASELINE,HF9g-P5,,,,X 全窗基线 · 不参与实体赏罚,14195233,1420,A168_HF9F_20260827_0900,2026-08-27 09:00:00
2026-05-01,110249610,-1,1,489.2352632932,23.0067676804,23.0067676804,0.5090909,71,71,0.50042011408450704,0.500420114085,0.12860871901460785,0.1286087190072962,0.12860871901460785,-4.9296E-13,SENTINEL_DEALER,R03b_20260811_FULL_v1,L1_ELIGIBILITY,v2026-08-11,2026-03-21..2026-08-06,baccarat_bet02_101_all_pairs_incl_sentinel,round_win = game_pnl > 0 (decisive only),COMPATIBILITY_ONLY_NOT_PRODUCTION,296357.1217,267511.9505,6650.6079,18220,18206,-0.02244119,-0.04150452,-0.02020951,-0.02244119,-6650.6079,296357.1217,OK,0.0000,266.0243,4.0000,96.0000,AG03-UNRESOLVED,ALL5_LEVELS_bet23_to_bet27,266.0243,266.0243,266.0243,332.5304,332.5304,4.000000,4.000000,4.000000,5.000000,5.000000,96.000000,96.000000,96.000000,95.000000,95.000000,5.0,1463.1337,1340.2688,5187.4742,5310.3391,PENDING_AG03,FALSE,NOT_FOR_ENFORCEMENT,6384.5836,256811.4724,6650.6079,6384.5836,266.0243,0.02244119,0.02154355,266.0243,6384.5836,0.02154355,266.0243,266.0243,266.0243,332.5304,332.5304,6384.5836,0.02154355,1463.1337,1340.2688,5187.4742,5310.3391,0.01750413,0.01791872,0.00089765,16.2655,14.6936,0.3653,59.3804,1.1678,2646.0457,162.5536,12.4780,16.8648,9.0895,16.5695,22.0926,29.825,33.4482,44.5976,11.8163,0.0,2.018664,2.691552,0.981654,30,240,141,4,0.10479828,0.02244119,0.04150452,0E-8,0.000000,0.902668,0.011910,-0.02129501,2026-03-22,2026-08-05,112,5695,2177,137,0.817518,0.739886,0.767145,0.349328,,,,,,,,GLOBAL_BASELINE_NO_ENTITY_RANKING,,,NOT_APPLICABLE_GLOBAL_BASELINE,HF9g-P5,,,,X 全窗基线 · 不参与实体赏罚,14195234,1420,A168_HF9F_20260827_0900,2026-08-27 09:00:00
2026-05-01,110249610,1094,0,4.2367684606,2.1183842303,2.1183842303,1.0000000,2,2,0.49324550000000000,0.493245500000,1.01360149184955,1.01360149184955,1.01360149184955,0E-17,ELIGIBLE,R03b_20260811_FULL_v1,L1_ELIGIBILITY,v2026-08-11,2026-03-21..2026-08-06,baccarat_bet02_101_all_pairs_incl_sentinel,round_win = game_pnl > 0 (decisive only),COMPATIBILITY_ONLY_NOT_PRODUCTION,296357.1217,267511.9505,6650.6079,18220,18206,-0.02244119,-0.04150452,-0.02020951,-0.02244119,-6650.6079,296357.1217,OK,0.0000,266.0243,4.0000,96.0000,AG03-UNRESOLVED,ALL5_LEVELS_bet23_to_bet27,266.0243,266.0243,266.0243,332.5304,332.5304,4.000000,4.000000,4.000000,5.000000,5.000000,96.000000,96.000000,96.000000,95.000000,95.000000,5.0,1463.1337,1340.2688,5187.4742,5310.3391,PENDING_AG03,FALSE,NOT_FOR_ENFORCEMENT,6384.5836,256811.4724,6650.6079,6384.5836,266.0243,0.02244119,0.02154355,266.0243,6384.5836,0.02154355,266.0243,266.0243,266.0243,332.5304,332.5304,6384.5836,0.02154355,1463.1337,1340.2688,5187.4742,5310.3391,0.01750413,0.01791872,0.00089765,16.2655,14.6936,0.3653,59.3804,1.1678,2646.0457,162.5536,12.4780,16.8648,9.0895,16.5695,22.0926,29.825,33.4482,44.5976,11.8163,0.0,2.018664,2.691552,0.981654,30,240,141,4,0.10479828,0.02244119,0.04150452,0E-8,0.000000,0.902668,0.011910,-0.02129501,2026-03-22,2026-08-05,112,5695,2177,137,0.817518,0.739886,0.767145,0.349328,,,,,,,,GLOBAL_BASELINE_NO_ENTITY_RANKING,,,NOT_APPLICABLE_GLOBAL_BASELINE,HF9g-P5,,,,X 全窗基线 · 不参与实体赏罚,14195235,1420,A168_HF9F_20260827_0900,2026-08-27 09:00:00
2026-05-01,110249610,1370,0,2.2298781372,-2.2298781372,-2.2298781372,0E-7,1,1,0.49324550000000000,0.493245500000,-0.9865810262130424,-0.9865810262130424,-0.9865810262130424,0E-17,ELIGIBLE,R03b_20260811_FULL_v1,L1_ELIGIBILITY,v2026-08-11,2026-03-21..2026-08-06,baccarat_bet02_101_all_pairs_incl_sentinel,round_win = game_pnl > 0 (decisive only),COMPATIBILITY_ONLY_NOT_PRODUCTION,296357.1217,267511.9505,6650.6079,18220,18206,-0.02244119,-0.04150452,-0.02020951,-0.02244119,-6650.6079,296357.1217,OK,0.0000,266.0243,4.0000,96.0000,AG03-UNRESOLVED,ALL5_LEVELS_bet23_to_bet27,266.0243,266.0243,266.0243,332.5304,332.5304,4.000000,4.000000,4.000000,5.000000,5.000000,96.000000,96.000000,96.000000,95.000000,95.000000,5.0,1463.1337,1340.2688,5187.4742,5310.3391,PENDING_AG03,FALSE,NOT_FOR_ENFORCEMENT,6384.5836,256811.4724,6650.6079,6384.5836,266.0243,0.02244119,0.02154355,266.0243,6384.5836,0.02154355,266.0243,266.0243,266.0243,332.5304,332.5304,6384.5836,0.02154355,1463.1337,1340.2688,5187.4742,5310.3391,0.01750413,0.01791872,0.00089765,16.2655,14.6936,0.3653,59.3804,1.1678,2646.0457,162.5536,12.4780,16.8648,9.0895,16.5695,22.0926,29.825,33.4482,44.5976,11.8163,0.0,2.018664,2.691552,0.981654,30,240,141,4,0.10479828,0.02244119,0.04150452,0E-8,0.000000,0.902668,0.011910,-0.02129501,2026-03-22,2026-08-05,112,5695,2177,137,0.817518,0.739886,0.767145,0.349328,,,,,,,,GLOBAL_BASELINE_NO_ENTITY_RANKING,,,NOT_APPLICABLE_GLOBAL_BASELINE,HF9g-P5,,,,X 全窗基线 · 不参与实体赏罚,14195236,1420,A168_HF9F_20260827_0900,2026-08-27 09:00:00
2026-05-01,110249610,1385,0,6.6896344115,-4.4597562743,-4.4597562743,0E-7,2,2,0.50665070000000000,0.506650700000,-1.013391052207602,-1.013391052207602,-1.013391052207602,0E-17,ELIGIBLE,R03b_20260811_FULL_v1,L1_ELIGIBILITY,v2026-08-11,2026-03-21..2026-08-06,baccarat_bet02_101_all_pairs_incl_sentinel,round_win = game_pnl > 0 (decisive only),COMPATIBILITY_ONLY_NOT_PRODUCTION,296357.1217,267511.9505,6650.6079,18220,18206,-0.02244119,-0.04150452,-0.02020951,-0.02244119,-6650.6079,296357.1217,OK,0.0000,266.0243,4.0000,96.0000,AG03-UNRESOLVED,ALL5_LEVELS_bet23_to_bet27,266.0243,266.0243,266.0243,332.5304,332.5304,4.000000,4.000000,4.000000,5.000000,5.000000,96.000000,96.000000,96.000000,95.000000,95.000000,5.0,1463.1337,1340.2688,5187.4742,5310.3391,PENDING_AG03,FALSE,NOT_FOR_ENFORCEMENT,6384.5836,256811.4724,6650.6079,6384.5836,266.0243,0.02244119,0.02154355,266.0243,6384.5836,0.02154355,266.0243,266.0243,266.0243,332.5304,332.5304,6384.5836,0.02154355,1463.1337,1340.2688,5187.4742,5310.3391,0.01750413,0.01791872,0.00089765,16.2655,14.6936,0.3653,59.3804,1.1678,2646.0457,162.5536,12.4780,16.8648,9.0895,16.5695,22.0926,29.825,33.4482,44.5976,11.8163,0.0,2.018664,2.691552,0.981654,30,240,141,4,0.10479828,0.02244119,0.04150452,0E-8,0.000000,0.902668,0.011910,-0.02129501,2026-03-22,2026-08-05,112,5695,2177,137,0.817518,0.739886,0.767145,0.349328,,,,,,,,GLOBAL_BASELINE_NO_ENTITY_RANKING,,,NOT_APPLICABLE_GLOBAL_BASELINE,HF9g-P5,,,,X 全窗基线 · 不参与实体赏罚,14195237,1420,A168_HF9F_20260827_0900,2026-08-27 09:00:00
2026-05-01,110249610,1396,0,8.9195125486,-8.9195125486,-8.9195125486,0E-7,1,1,0.49324550000000000,0.493245500000,-0.9865810262130424,-0.9865810262130424,-0.9865810262130424,0E-17,ELIGIBLE,R03b_20260811_FULL_v1,L1_ELIGIBILITY,v2026-08-11,2026-03-21..2026-08-06,baccarat_bet02_101_all_pairs_incl_sentinel,round_win = game_pnl > 0 (decisive only),COMPATIBILITY_ONLY_NOT_PRODUCTION,296357.1217,267511.9505,6650.6079,18220,18206,-0.02244119,-0.04150452,-0.02020951,-0.02244119,-6650.6079,296357.1217,OK,0.0000,266.0243,4.0000,96.0000,AG03-UNRESOLVED,ALL5_LEVELS_bet23_to_bet27,266.0243,266.0243,266.0243,332.5304,332.5304,4.000000,4.000000,4.000000,5.000000,5.000000,96.000000,96.000000,96.000000,95.000000,95.000000,5.0,1463.1337,1340.2688,5187.4742,5310.3391,PENDING_AG03,FALSE,NOT_FOR_ENFORCEMENT,6384.5836,256811.4724,6650.6079,6384.5836,266.0243,0.02244119,0.02154355,266.0243,6384.5836,0.02154355,266.0243,266.0243,266.0243,332.5304,332.5304,6384.5836,0.02154355,1463.1337,1340.2688,5187.4742,5310.3391,0.01750413,0.01791872,0.00089765,16.2655,14.6936,0.3653,59.3804,1.1678,2646.0457,162.5536,12.4780,16.8648,9.0895,16.5695,22.0926,29.825,33.4482,44.5976,11.8163,0.0,2.018664,2.691552,0.981654,30,240,141,4,0.10479828,0.02244119,0.04150452,0E-8,0.000000,0.902668,0.011910,-0.02129501,2026-03-22,2026-08-05,112,5695,2177,137,0.817518,0.739886,0.767145,0.349328,,,,,,,,GLOBAL_BASELINE_NO_ENTITY_RANKING,,,NOT_APPLICABLE_GLOBAL_BASELINE,HF9g-P5,,,,X 全窗基线 · 不参与实体赏罚,14195238,1420,A168_HF9F_20260827_0900,2026-08-27 09:00:00
2026-05-01,110249610,1507,0,7.8045734801,-5.5746953429,-5.5746953429,0.3333333,3,3,0.49324550000000000,0.493245500000,-0.5540025479526107,-0.5540025479526106,-0.5540025479526107,0E-17,ELIGIBLE,R03b_20260811_FULL_v1,L1_ELIGIBILITY,v2026-08-11,2026-03-21..2026-08-06,baccarat_bet02_101_all_pairs_incl_sentinel,round_win = game_pnl > 0 (decisive only),COMPATIBILITY_ONLY_NOT_PRODUCTION,296357.1217,267511.9505,6650.6079,18220,18206,-0.02244119,-0.04150452,-0.02020951,-0.02244119,-6650.6079,296357.1217,OK,0.0000,266.0243,4.0000,96.0000,AG03-UNRESOLVED,ALL5_LEVELS_bet23_to_bet27,266.0243,266.0243,266.0243,332.5304,332.5304,4.000000,4.000000,4.000000,5.000000,5.000000,96.000000,96.000000,96.000000,95.000000,95.000000,5.0,1463.1337,1340.2688,5187.4742,5310.3391,PENDING_AG03,FALSE,NOT_FOR_ENFORCEMENT,6384.5836,256811.4724,6650.6079,6384.5836,266.0243,0.02244119,0.02154355,266.0243,6384.5836,0.02154355,266.0243,266.0243,266.0243,332.5304,332.5304,6384.5836,0.02154355,1463.1337,1340.2688,5187.4742,5310.3391,0.01750413,0.01791872,0.00089765,16.2655,14.6936,0.3653,59.3804,1.1678,2646.0457,162.5536,12.4780,16.8648,9.0895,16.5695,22.0926,29.825,33.4482,44.5976,11.8163,0.0,2.018664,2.691552,0.981654,30,240,141,4,0.10479828,0.02244119,0.04150452,0E-8,0.000000,0.902668,0.011910,-0.02129501,2026-03-22,2026-08-05,112,5695,2177,137,0.817518,0.739886,0.767145,0.349328,,,,,,,,GLOBAL_BASELINE_NO_ENTITY_RANKING,,,NOT_APPLICABLE_GLOBAL_BASELINE,HF9g-P5,,,,X 全窗基线 · 不参与实体赏罚,14195239,1420,A168_HF9F_20260827_0900,2026-08-27 09:00:00
2026-05-01,110249610,1645,0,61.3216487719,-43.4826236746,-43.4826236746,0.1666667,7,7,0.50473567142857143,0.504735671429,-1.6562674095404992,-1.6562674095426126,-1.6562674095404992,-4.2857E-13,ELIGIBLE,R03b_20260811_FULL_v1,L1_ELIGIBILITY,v2026-08-11,2026-03-21..2026-08-06,baccarat_bet02_101_all_pairs_incl_sentinel,round_win = game_pnl > 0 (decisive only),COMPATIBILITY_ONLY_NOT_PRODUCTION,296357.1217,267511.9505,6650.6079,18220,18206,-0.02244119,-0.04150452,-0.02020951,-0.02244119,-6650.6079,296357.1217,OK,0.0000,266.0243,4.0000,96.0000,AG03-UNRESOLVED,ALL5_LEVELS_bet23_to_bet27,266.0243,266.0243,266.0243,332.5304,332.5304,4.000000,4.000000,4.000000,5.000000,5.000000,96.000000,96.000000,96.000000,95.000000,95.000000,5.0,1463.1337,1340.2688,5187.4742,5310.3391,PENDING_AG03,FALSE,NOT_FOR_ENFORCEMENT,6384.5836,256811.4724,6650.6079,6384.5836,266.0243,0.02244119,0.02154355,266.0243,6384.5836,0.02154355,266.0243,266.0243,266.0243,332.5304,332.5304,6384.5836,0.02154355,1463.1337,1340.2688,5187.4742,5310.3391,0.01750413,0.01791872,0.00089765,16.2655,14.6936,0.3653,59.3804,1.1678,2646.0457,162.5536,12.4780,16.8648,9.0895,16.5695,22.0926,29.825,33.4482,44.5976,11.8163,0.0,2.018664,2.691552,0.981654,30,240,141,4,0.10479828,0.02244119,0.04150452,0E-8,0.000000,0.902668,0.011910,-0.02129501,2026-03-22,2026-08-05,112,5695,2177,137,0.817518,0.739886,0.767145,0.349328,,,,,,,,GLOBAL_BASELINE_NO_ENTITY_RANKING,,,NOT_APPLICABLE_GLOBAL_BASELINE,HF9g-P5,,,,X 全窗基线 · 不参与实体赏罚,14195240,1420,A168_HF9F_20260827_0900,2026-08-27 09:00:00
2026-05-01,110249610,1654,0,4.6827440880,0E-10,0E-10,,1,1,0.50665070000000000,0.506650700000,,,,0E-17,NO_DECISIVE_ROUND,R03b_20260811_FULL_v1,L1_ELIGIBILITY,v2026-08-11,2026-03-21..2026-08-06,baccarat_bet02_101_all_pairs_incl_sentinel,round_win = game_pnl > 0 (decisive only),COMPATIBILITY_ONLY_NOT_PRODUCTION,296357.1217,267511.9505,6650.6079,18220,18206,-0.02244119,-0.04150452,-0.02020951,-0.02244119,-6650.6079,296357.1217,OK,0.0000,266.0243,4.0000,96.0000,AG03-UNRESOLVED,ALL5_LEVELS_bet23_to_bet27,266.0243,266.0243,266.0243,332.5304,332.5304,4.000000,4.000000,4.000000,5.000000,5.000000,96.000000,96.000000,96.000000,95.000000,95.000000,5.0,1463.1337,1340.2688,5187.4742,5310.3391,PENDING_AG03,FALSE,NOT_FOR_ENFORCEMENT,6384.5836,256811.4724,6650.6079,6384.5836,266.0243,0.02244119,0.02154355,266.0243,6384.5836,0.02154355,266.0243,266.0243,266.0243,332.5304,332.5304,6384.5836,0.02154355,1463.1337,1340.2688,5187.4742,5310.3391,0.01750413,0.01791872,0.00089765,16.2655,14.6936,0.3653,59.3804,1.1678,2646.0457,162.5536,12.4780,16.8648,9.0895,16.5695,22.0926,29.825,33.4482,44.5976,11.8163,0.0,2.018664,2.691552,0.981654,30,240,141,4,0.10479828,0.02244119,0.04150452,0E-8,0.000000,0.902668,0.011910,-0.02129501,2026-03-22,2026-08-05,112,5695,2177,137,0.817518,0.739886,0.767145,0.349328,,,,,,,,GLOBAL_BASELINE_NO_ENTITY_RANKING,,,NOT_APPLICABLE_GLOBAL_BASELINE,HF9g-P5,,,,X 全窗基线 · 不参与实体赏罚,14195241,1420,A168_HF9F_20260827_0900,2026-08-27 09:00:00
2026-05-01,110249610,1942,0,17.8390250972,-8.9195125486,-8.9195125486,0E-7,2,2,0.50665070000000000,0.506650700000,-1.013391052207602,-1.013391052207602,-1.013391052207602,0E-17,ELIGIBLE,R03b_20260811_FULL_v1,L1_ELIGIBILITY,v2026-08-11,2026-03-21..2026-08-06,baccarat_bet02_101_all_pairs_incl_sentinel,round_win = game_pnl > 0 (decisive only),COMPATIBILITY_ONLY_NOT_PRODUCTION,296357.1217,267511.9505,6650.6079,18220,18206,-0.02244119,-0.04150452,-0.02020951,-0.02244119,-6650.6079,296357.1217,OK,0.0000,266.0243,4.0000,96.0000,AG03-UNRESOLVED,ALL5_LEVELS_bet23_to_bet27,266.0243,266.0243,266.0243,332.5304,332.5304,4.000000,4.000000,4.000000,5.000000,5.000000,96.000000,96.000000,96.000000,95.000000,95.000000,5.0,1463.1337,1340.2688,5187.4742,5310.3391,PENDING_AG03,FALSE,NOT_FOR_ENFORCEMENT,6384.5836,256811.4724,6650.6079,6384.5836,266.0243,0.02244119,0.02154355,266.0243,6384.5836,0.02154355,266.0243,266.0243,266.0243,332.5304,332.5304,6384.5836,0.02154355,1463.1337,1340.2688,5187.4742,5310.3391,0.01750413,0.01791872,0.00089765,16.2655,14.6936,0.3653,59.3804,1.1678,2646.0457,162.5536,12.4780,16.8648,9.0895,16.5695,22.0926,29.825,33.4482,44.5976,11.8163,0.0,2.018664,2.691552,0.981654,30,240,141,4,0.10479828,0.02244119,0.04150452,0E-8,0.000000,0.902668,0.011910,-0.02129501,2026-03-22,2026-08-05,112,5695,2177,137,0.817518,0.739886,0.767145,0.349328,,,,,,,,GLOBAL_BASELINE_NO_ENTITY_RANKING,,,NOT_APPLICABLE_GLOBAL_BASELINE,HF9g-P5,,,,X 全窗基线 · 不参与实体赏罚,14195242,1420,A168_HF9F_20260827_0900,2026-08-27 09:00:00
2026-05-01,110249610,1963,0,5.9091770635,-5.9091770635,-5.9091770635,0E-7,1,1,0.49324550000000000,0.493245500000,-0.9865810262130424,-0.9865810262130424,-0.9865810262130424,0E-17,ELIGIBLE,R03b_20260811_FULL_v1,L1_ELIGIBILITY,v2026-08-11,2026-03-21..2026-08-06,baccarat_bet02_101_all_pairs_incl_sentinel,round_win = game_pnl > 0 (decisive only),COMPATIBILITY_ONLY_NOT_PRODUCTION,296357.1217,267511.9505,6650.6079,18220,18206,-0.02244119,-0.04150452,-0.02020951,-0.02244119,-6650.6079,296357.1217,OK,0.0000,266.0243,4.0000,96.0000,AG03-UNRESOLVED,ALL5_LEVELS_bet23_to_bet27,266.0243,266.0243,266.0243,332.5304,332.5304,4.000000,4.000000,4.000000,5.000000,5.000000,96.000000,96.000000,96.000000,95.000000,95.000000,5.0,1463.1337,1340.2688,5187.4742,5310.3391,PENDING_AG03,FALSE,NOT_FOR_ENFORCEMENT,6384.5836,256811.4724,6650.6079,6384.5836,266.0243,0.02244119,0.02154355,266.0243,6384.5836,0.02154355,266.0243,266.0243,266.0243,332.5304,332.5304,6384.5836,0.02154355,1463.1337,1340.2688,5187.4742,5310.3391,0.01750413,0.01791872,0.00089765,16.2655,14.6936,0.3653,59.3804,1.1678,2646.0457,162.5536,12.4780,16.8648,9.0895,16.5695,22.0926,29.825,33.4482,44.5976,11.8163,0.0,2.018664,2.691552,0.981654,30,240,141,4,0.10479828,0.02244119,0.04150452,0E-8,0.000000,0.902668,0.011910,-0.02129501,2026-03-22,2026-08-05,112,5695,2177,137,0.817518,0.739886,0.767145,0.349328,,,,,,,,GLOBAL_BASELINE_NO_ENTITY_RANKING,,,NOT_APPLICABLE_GLOBAL_BASELINE,HF9g-P5,,,,X 全窗基线 · 不参与实体赏罚,14195243,1420,A168_HF9F_20260827_0900,2026-08-27 09:00:00
2026-05-01,110249610,2088,0,69.6836917862,-11.6232397900,-11.6232397900,0.4000000,5,5,0.50396966000000000,0.503969660000,-0.4649811094771361,-0.4649811094771361,-0.4649811094771361,0E-17,ELIGIBLE,R03b_20260811_FULL_v1,L1_ELIGIBILITY,v2026-08-11,2026-03-21..2026-08-06,baccarat_bet02_101_all_pairs_incl_sentinel,round_win = game_pnl > 0 (decisive only),COMPATIBILITY_ONLY_NOT_PRODUCTION,296357.1217,267511.9505,6650.6079,18220,18206,-0.02244119,-0.04150452,-0.02020951,-0.02244119,-6650.6079,296357.1217,OK,0.0000,266.0243,4.0000,96.0000,AG03-UNRESOLVED,ALL5_LEVELS_bet23_to_bet27,266.0243,266.0243,266.0243,332.5304,332.5304,4.000000,4.000000,4.000000,5.000000,5.000000,96.000000,96.000000,96.000000,95.000000,95.000000,5.0,1463.1337,1340.2688,5187.4742,5310.3391,PENDING_AG03,FALSE,NOT_FOR_ENFORCEMENT,6384.5836,256811.4724,6650.6079,6384.5836,266.0243,0.02244119,0.02154355,266.0243,6384.5836,0.02154355,266.0243,266.0243,266.0243,332.5304,332.5304,6384.5836,0.02154355,1463.1337,1340.2688,5187.4742,5310.3391,0.01750413,0.01791872,0.00089765,16.2655,14.6936,0.3653,59.3804,1.1678,2646.0457,162.5536,12.4780,16.8648,9.0895,16.5695,22.0926,29.825,33.4482,44.5976,11.8163,0.0,2.018664,2.691552,0.981654,30,240,141,4,0.10479828,0.02244119,0.04150452,0E-8,0.000000,0.902668,0.011910,-0.02129501,2026-03-22,2026-08-05,112,5695,2177,137,0.817518,0.739886,0.767145,0.349328,,,,,,,,GLOBAL_BASELINE_NO_ENTITY_RANKING,,,NOT_APPLICABLE_GLOBAL_BASELINE,HF9g-P5,,,,X 全窗基线 · 不参与实体赏罚,14195244,1420,A168_HF9F_20260827_0900,2026-08-27 09:00:00
2026-05-01,110249610,2093,0,42.3676846062,10.5919211515,10.5919211515,0.5714286,7,7,0.49707555714285714,0.497075557143,0.39344589990031587,0.3934458998995593,0.39344589990031587,-1.4286E-13,ELIGIBLE,R03b_20260811_FULL_v1,L1_ELIGIBILITY,v2026-08-11,2026-03-21..2026-08-06,baccarat_bet02_101_all_pairs_incl_sentinel,round_win = game_pnl > 0 (decisive only),COMPATIBILITY_ONLY_NOT_PRODUCTION,296357.1217,267511.9505,6650.6079,18220,18206,-0.02244119,-0.04150452,-0.02020951,-0.02244119,-6650.6079,296357.1217,OK,0.0000,266.0243,4.0000,96.0000,AG03-UNRESOLVED,ALL5_LEVELS_bet23_to_bet27,266.0243,266.0243,266.0243,332.5304,332.5304,4.000000,4.000000,4.000000,5.000000,5.000000,96.000000,96.000000,96.000000,95.000000,95.000000,5.0,1463.1337,1340.2688,5187.4742,5310.3391,PENDING_AG03,FALSE,NOT_FOR_ENFORCEMENT,6384.5836,256811.4724,6650.6079,6384.5836,266.0243,0.02244119,0.02154355,266.0243,6384.5836,0.02154355,266.0243,266.0243,266.0243,332.5304,332.5304,6384.5836,0.02154355,1463.1337,1340.2688,5187.4742,5310.3391,0.01750413,0.01791872,0.00089765,16.2655,14.6936,0.3653,59.3804,1.1678,2646.0457,162.5536,12.4780,16.8648,9.0895,16.5695,22.0926,29.825,33.4482,44.5976,11.8163,0.0,2.018664,2.691552,0.981654,30,240,141,4,0.10479828,0.02244119,0.04150452,0E-8,0.000000,0.902668,0.011910,-0.02129501,2026-03-22,2026-08-05,112,5695,2177,137,0.817518,0.739886,0.767145,0.349328,,,,,,,,GLOBAL_BASELINE_NO_ENTITY_RANKING,,,NOT_APPLICABLE_GLOBAL_BASELINE,HF9g-P5,,,,X 全窗基线 · 不参与实体赏罚,14195245,1420,A168_HF9F_20260827_0900,2026-08-27 09:00:00
2026-05-01,110249610,2123,0,1.4494207892,1.3769497497,1.3769497497,1.0000000,1,1,0.50665070000000000,0.506650700000,0.9867858985152569,0.9867858985152569,0.9867858985152569,0E-17,ELIGIBLE,R03b_20260811_FULL_v1,L1_ELIGIBILITY,v2026-08-11,2026-03-21..2026-08-06,baccarat_bet02_101_all_pairs_incl_sentinel,round_win = game_pnl > 0 (decisive only),COMPATIBILITY_ONLY_NOT_PRODUCTION,296357.1217,267511.9505,6650.6079,18220,18206,-0.02244119,-0.04150452,-0.02020951,-0.02244119,-6650.6079,296357.1217,OK,0.0000,266.0243,4.0000,96.0000,AG03-UNRESOLVED,ALL5_LEVELS_bet23_to_bet27,266.0243,266.0243,266.0243,332.5304,332.5304,4.000000,4.000000,4.000000,5.000000,5.000000,96.000000,96.000000,96.000000,95.000000,95.000000,5.0,1463.1337,1340.2688,5187.4742,5310.3391,PENDING_AG03,FALSE,NOT_FOR_ENFORCEMENT,6384.5836,256811.4724,6650.6079,6384.5836,266.0243,0.02244119,0.02154355,266.0243,6384.5836,0.02154355,266.0243,266.0243,266.0243,332.5304,332.5304,6384.5836,0.02154355,1463.1337,1340.2688,5187.4742,5310.3391,0.01750413,0.01791872,0.00089765,16.2655,14.6936,0.3653,59.3804,1.1678,2646.0457,162.5536,12.4780,16.8648,9.0895,16.5695,22.0926,29.825,33.4482,44.5976,11.8163,0.0,2.018664,2.691552,0.981654,30,240,141,4,0.10479828,0.02244119,0.04150452,0E-8,0.000000,0.902668,0.011910,-0.02129501,2026-03-22,2026-08-05,112,5695,2177,137,0.817518,0.739886,0.767145,0.349328,,,,,,,,GLOBAL_BASELINE_NO_ENTITY_RANKING,,,NOT_APPLICABLE_GLOBAL_BASELINE,HF9g-P5,,,,X 全窗基线 · 不参与实体赏罚,14195246,1420,A168_HF9F_20260827_0900,2026-08-27 09:00:00
2026-05-01,110249610,2129,0,27.9849706214,10.1459455242,10.1459455242,0.7500000,4,4,0.49324550000000000,0.493245500000,1.0271117246678039,1.0271117246678039,1.0271117246678039,0E-17,ELIGIBLE,R03b_20260811_FULL_v1,L1_ELIGIBILITY,v2026-08-11,2026-03-21..2026-08-06,baccarat_bet02_101_all_pairs_incl_sentinel,round_win = game_pnl > 0 (decisive only),COMPATIBILITY_ONLY_NOT_PRODUCTION,296357.1217,267511.9505,6650.6079,18220,18206,-0.02244119,-0.04150452,-0.02020951,-0.02244119,-6650.6079,296357.1217,OK,0.0000,266.0243,4.0000,96.0000,AG03-UNRESOLVED,ALL5_LEVELS_bet23_to_bet27,266.0243,266.0243,266.0243,332.5304,332.5304,4.000000,4.000000,4.000000,5.000000,5.000000,96.000000,96.000000,96.000000,95.000000,95.000000,5.0,1463.1337,1340.2688,5187.4742,5310.3391,PENDING_AG03,FALSE,NOT_FOR_ENFORCEMENT,6384.5836,256811.4724,6650.6079,6384.5836,266.0243,0.02244119,0.02154355,266.0243,6384.5836,0.02154355,266.0243,266.0243,266.0243,332.5304,332.5304,6384.5836,0.02154355,1463.1337,1340.2688,5187.4742,5310.3391,0.01750413,0.01791872,0.00089765,16.2655,14.6936,0.3653,59.3804,1.1678,2646.0457,162.5536,12.4780,16.8648,9.0895,16.5695,22.0926,29.825,33.4482,44.5976,11.8163,0.0,2.018664,2.691552,0.981654,30,240,141,4,0.10479828,0.02244119,0.04150452,0E-8,0.000000,0.902668,0.011910,-0.02129501,2026-03-22,2026-08-05,112,5695,2177,137,0.817518,0.739886,0.767145,0.349328,,,,,,,,GLOBAL_BASELINE_NO_ENTITY_RANKING,,,NOT_APPLICABLE_GLOBAL_BASELINE,HF9g-P5,,,,X 全窗基线 · 不参与实体赏罚,14195247,1420,A168_HF9F_20260827_0900,2026-08-27 09:00:00
2026-05-01,110249610,2142,0,1.1149390686,-1.1149390686,-1.1149390686,0E-7,1,1,0.50665070000000000,0.506650700000,-1.013391052207602,-1.013391052207602,-1.013391052207602,0E-17,ELIGIBLE,R03b_20260811_FULL_v1,L1_ELIGIBILITY,v2026-08-11,2026-03-21..2026-08-06,baccarat_bet02_101_all_pairs_incl_sentinel,round_win = game_pnl > 0 (decisive only),COMPATIBILITY_ONLY_NOT_PRODUCTION,296357.1217,267511.9505,6650.6079,18220,18206,-0.02244119,-0.04150452,-0.02020951,-0.02244119,-6650.6079,296357.1217,OK,0.0000,266.0243,4.0000,96.0000,AG03-UNRESOLVED,ALL5_LEVELS_bet23_to_bet27,266.0243,266.0243,266.0243,332.5304,332.5304,4.000000,4.000000,4.000000,5.000000,5.000000,96.000000,96.000000,96.000000,95.000000,95.000000,5.0,1463.1337,1340.2688,5187.4742,5310.3391,PENDING_AG03,FALSE,NOT_FOR_ENFORCEMENT,6384.5836,256811.4724,6650.6079,6384.5836,266.0243,0.02244119,0.02154355,266.0243,6384.5836,0.02154355,266.0243,266.0243,266.0243,332.5304,332.5304,6384.5836,0.02154355,1463.1337,1340.2688,5187.4742,5310.3391,0.01750413,0.01791872,0.00089765,16.2655,14.6936,0.3653,59.3804,1.1678,2646.0457,162.5536,12.4780,16.8648,9.0895,16.5695,22.0926,29.825,33.4482,44.5976,11.8163,0.0,2.018664,2.691552,0.981654,30,240,141,4,0.10479828,0.02244119,0.04150452,0E-8,0.000000,0.902668,0.011910,-0.02129501,2026-03-22,2026-08-05,112,5695,2177,137,0.817518,0.739886,0.767145,0.349328,,,,,,,,GLOBAL_BASELINE_NO_ENTITY_RANKING,,,NOT_APPLICABLE_GLOBAL_BASELINE,HF9g-P5,,,,X 全窗基线 · 不参与实体赏罚,14195248,1420,A168_HF9F_20260827_0900,2026-08-27 09:00:00
2026-05-01,110249610,2145,0,1.6724086029,-1.6724086029,-1.6724086029,0E-7,1,1,0.50665070000000000,0.506650700000,-1.013391052207602,-1.013391052207602,-1.013391052207602,0E-17,ELIGIBLE,R03b_20260811_FULL_v1,L1_ELIGIBILITY,v2026-08-11,2026-03-21..2026-08-06,baccarat_bet02_101_all_pairs_incl_sentinel,round_win = game_pnl > 0 (decisive only),COMPATIBILITY_ONLY_NOT_PRODUCTION,296357.1217,267511.9505,6650.6079,18220,18206,-0.02244119,-0.04150452,-0.02020951,-0.02244119,-6650.6079,296357.1217,OK,0.0000,266.0243,4.0000,96.0000,AG03-UNRESOLVED,ALL5_LEVELS_bet23_to_bet27,266.0243,266.0243,266.0243,332.5304,332.5304,4.000000,4.000000,4.000000,5.000000,5.000000,96.000000,96.000000,96.000000,95.000000,95.000000,5.0,1463.1337,1340.2688,5187.4742,5310.3391,PENDING_AG03,FALSE,NOT_FOR_ENFORCEMENT,6384.5836,256811.4724,6650.6079,6384.5836,266.0243,0.02244119,0.02154355,266.0243,6384.5836,0.02154355,266.0243,266.0243,266.0243,332.5304,332.5304,6384.5836,0.02154355,1463.1337,1340.2688,5187.4742,5310.3391,0.01750413,0.01791872,0.00089765,16.2655,14.6936,0.3653,59.3804,1.1678,2646.0457,162.5536,12.4780,16.8648,9.0895,16.5695,22.0926,29.825,33.4482,44.5976,11.8163,0.0,2.018664,2.691552,0.981654,30,240,141,4,0.10479828,0.02244119,0.04150452,0E-8,0.000000,0.902668,0.011910,-0.02129501,2026-03-22,2026-08-05,112,5695,2177,137,0.817518,0.739886,0.767145,0.349328,,,,,,,,GLOBAL_BASELINE_NO_ENTITY_RANKING,,,NOT_APPLICABLE_GLOBAL_BASELINE,HF9g-P5,,,,X 全窗基线 · 不参与实体赏罚,14195249,1420,A168_HF9F_20260827_0900,2026-08-27 09:00:00
2026-05-01,110249610,2170,0,56.4159168701,-0.6689634411,-0.6689634411,0.4000000,5,5,0.49592654000000000,0.495926540000,-0.42901076602576227,-0.42901076602576227,-0.42901076602576227,0E-17,ELIGIBLE,R03b_20260811_FULL_v1,L1_ELIGIBILITY,v2026-08-11,2026-03-21..2026-08-06,baccarat_bet02_101_all_pairs_incl_sentinel,round_win = game_pnl > 0 (decisive only),COMPATIBILITY_ONLY_NOT_PRODUCTION,296357.1217,267511.9505,6650.6079,18220,18206,-0.02244119,-0.04150452,-0.02020951,-0.02244119,-6650.6079,296357.1217,OK,0.0000,266.0243,4.0000,96.0000,AG03-UNRESOLVED,ALL5_LEVELS_bet23_to_bet27,266.0243,266.0243,266.0243,332.5304,332.5304,4.000000,4.000000,4.000000,5.000000,5.000000,96.000000,96.000000,96.000000,95.000000,95.000000,5.0,1463.1337,1340.2688,5187.4742,5310.3391,PENDING_AG03,FALSE,NOT_FOR_ENFORCEMENT,6384.5836,256811.4724,6650.6079,6384.5836,266.0243,0.02244119,0.02154355,266.0243,6384.5836,0.02154355,266.0243,266.0243,266.0243,332.5304,332.5304,6384.5836,0.02154355,1463.1337,1340.2688,5187.4742,5310.3391,0.01750413,0.01791872,0.00089765,16.2655,14.6936,0.3653,59.3804,1.1678,2646.0457,162.5536,12.4780,16.8648,9.0895,16.5695,22.0926,29.825,33.4482,44.5976,11.8163,0.0,2.018664,2.691552,0.981654,30,240,141,4,0.10479828,0.02244119,0.04150452,0E-8,0.000000,0.902668,0.011910,-0.02129501,2026-03-22,2026-08-05,112,5695,2177,137,0.817518,0.739886,0.767145,0.349328,,,,,,,,GLOBAL_BASELINE_NO_ENTITY_RANKING,,,NOT_APPLICABLE_GLOBAL_BASELINE,HF9g-P5,,,,X 全窗基线 · 不参与实体赏罚,14195250,1420,A168_HF9F_20260827_0900,2026-08-27 09:00:00
2026-05-01,110249610,2202,0,11.1493906858,-11.1493906858,-11.1493906858,0E-7,1,1,0.50665070000000000,0.506650700000,-1.013391052207602,-1.013391052207602,-1.013391052207602,0E-17,ELIGIBLE,R03b_20260811_FULL_v1,L1_ELIGIBILITY,v2026-08-11,2026-03-21..2026-08-06,baccarat_bet02_101_all_pairs_incl_sentinel,round_win = game_pnl > 0 (decisive only),COMPATIBILITY_ONLY_NOT_PRODUCTION,296357.1217,267511.9505,6650.6079,18220,18206,-0.02244119,-0.04150452,-0.02020951,-0.02244119,-6650.6079,296357.1217,OK,0.0000,266.0243,4.0000,96.0000,AG03-UNRESOLVED,ALL5_LEVELS_bet23_to_bet27,266.0243,266.0243,266.0243,332.5304,332.5304,4.000000,4.000000,4.000000,5.000000,5.000000,96.000000,96.000000,96.000000,95.000000,95.000000,5.0,1463.1337,1340.2688,5187.4742,5310.3391,PENDING_AG03,FALSE,NOT_FOR_ENFORCEMENT,6384.5836,256811.4724,6650.6079,6384.5836,266.0243,0.02244119,0.02154355,266.0243,6384.5836,0.02154355,266.0243,266.0243,266.0243,332.5304,332.5304,6384.5836,0.02154355,1463.1337,1340.2688,5187.4742,5310.3391,0.01750413,0.01791872,0.00089765,16.2655,14.6936,0.3653,59.3804,1.1678,2646.0457,162.5536,12.4780,16.8648,9.0895,16.5695,22.0926,29.825,33.4482,44.5976,11.8163,0.0,2.018664,2.691552,0.981654,30,240,141,4,0.10479828,0.02244119,0.04150452,0E-8,0.000000,0.902668,0.011910,-0.02129501,2026-03-22,2026-08-05,112,5695,2177,137,0.817518,0.739886,0.767145,0.349328,,,,,,,,GLOBAL_BASELINE_NO_ENTITY_RANKING,,,NOT_APPLICABLE_GLOBAL_BASELINE,HF9g-P5,,,,X 全窗基线 · 不参与实体赏罚,14195251,1420,A168_HF9F_20260827_0900,2026-08-27 09:00:00
2026-05-01,110249610,2222,0,65.3354294188,-1.3490762729,-1.3490762729,0.6666667,7,7,0.50282064285714286,0.502820642857,0.802691081998535,0.8026910819992337,0.802691081998535,1.4286E-13,ELIGIBLE,R03b_20260811_FULL_v1,L1_ELIGIBILITY,v2026-08-11,2026-03-21..2026-08-06,baccarat_bet02_101_all_pairs_incl_sentinel,round_win = game_pnl > 0 (decisive only),COMPATIBILITY_ONLY_NOT_PRODUCTION,296357.1217,267511.9505,6650.6079,18220,18206,-0.02244119,-0.04150452,-0.02020951,-0.02244119,-6650.6079,296357.1217,OK,0.0000,266.0243,4.0000,96.0000,AG03-UNRESOLVED,ALL5_LEVELS_bet23_to_bet27,266.0243,266.0243,266.0243,332.5304,332.5304,4.000000,4.000000,4.000000,5.000000,5.000000,96.000000,96.000000,96.000000,95.000000,95.000000,5.0,1463.1337,1340.2688,5187.4742,5310.3391,PENDING_AG03,FALSE,NOT_FOR_ENFORCEMENT,6384.5836,256811.4724,6650.6079,6384.5836,266.0243,0.02244119,0.02154355,266.0243,6384.5836,0.02154355,266.0243,266.0243,266.0243,332.5304,332.5304,6384.5836,0.02154355,1463.1337,1340.2688,5187.4742,5310.3391,0.01750413,0.01791872,0.00089765,16.2655,14.6936,0.3653,59.3804,1.1678,2646.0457,162.5536,12.4780,16.8648,9.0895,16.5695,22.0926,29.825,33.4482,44.5976,11.8163,0.0,2.018664,2.691552,0.981654,30,240,141,4,0.10479828,0.02244119,0.04150452,0E-8,0.000000,0.902668,0.011910,-0.02129501,2026-03-22,2026-08-05,112,5695,2177,137,0.817518,0.739886,0.767145,0.349328,,,,,,,,GLOBAL_BASELINE_NO_ENTITY_RANKING,,,NOT_APPLICABLE_GLOBAL_BASELINE,HF9g-P5,,,,X 全窗基线 · 不参与实体赏罚,14195252,1420,A168_HF9F_20260827_0900,2026-08-27 09:00:00
2026-05-01,110249610,2224,0,10.4804272447,-8.3062960609,-8.3062960609,0.2000000,5,5,0.50396966000000000,0.503969660000,-1.3594364909357963,-1.3594364909357963,-1.3594364909357963,0E-17,ELIGIBLE,R03b_20260811_FULL_v1,L1_ELIGIBILITY,v2026-08-11,2026-03-21..2026-08-06,baccarat_bet02_101_all_pairs_incl_sentinel,round_win = game_pnl > 0 (decisive only),COMPATIBILITY_ONLY_NOT_PRODUCTION,296357.1217,267511.9505,6650.6079,18220,18206,-0.02244119,-0.04150452,-0.02020951,-0.02244119,-6650.6079,296357.1217,OK,0.0000,266.0243,4.0000,96.0000,AG03-UNRESOLVED,ALL5_LEVELS_bet23_to_bet27,266.0243,266.0243,266.0243,332.5304,332.5304,4.000000,4.000000,4.000000,5.000000,5.000000,96.000000,96.000000,96.000000,95.000000,95.000000,5.0,1463.1337,1340.2688,5187.4742,5310.3391,PENDING_AG03,FALSE,NOT_FOR_ENFORCEMENT,6384.5836,256811.4724,6650.6079,6384.5836,266.0243,0.02244119,0.02154355,266.0243,6384.5836,0.02154355,266.0243,266.0243,266.0243,332.5304,332.5304,6384.5836,0.02154355,1463.1337,1340.2688,5187.4742,5310.3391,0.01750413,0.01791872,0.00089765,16.2655,14.6936,0.3653,59.3804,1.1678,2646.0457,162.5536,12.4780,16.8648,9.0895,16.5695,22.0926,29.825,33.4482,44.5976,11.8163,0.0,2.018664,2.691552,0.981654,30,240,141,4,0.10479828,0.02244119,0.04150452,0E-8,0.000000,0.902668,0.011910,-0.02129501,2026-03-22,2026-08-05,112,5695,2177,137,0.817518,0.739886,0.767145,0.349328,,,,,,,,GLOBAL_BASELINE_NO_ENTITY_RANKING,,,NOT_APPLICABLE_GLOBAL_BASELINE,HF9g-P5,,,,X 全窗基线 · 不参与实体赏罚,14195253,1420,A168_HF9F_20260827_0900,2026-08-27 09:00:00
2026-05-01,110249610,2229,0,35.5665562878,-8.8080186418,-8.8080186418,0.4285714,7,7,0.49516052857142857,0.495160528571,-0.3523729031294806,-0.3523729031272156,-0.3523729031294806,4.2857E-13,ELIGIBLE,R03b_20260811_FULL_v1,L1_ELIGIBILITY,v2026-08-11,2026-03-21..2026-08-06,baccarat_bet02_101_all_pairs_incl_sentinel,round_win = game_pnl > 0 (decisive only),COMPATIBILITY_ONLY_NOT_PRODUCTION,296357.1217,267511.9505,6650.6079,18220,18206,-0.02244119,-0.04150452,-0.02020951,-0.02244119,-6650.6079,296357.1217,OK,0.0000,266.0243,4.0000,96.0000,AG03-UNRESOLVED,ALL5_LEVELS_bet23_to_bet27,266.0243,266.0243,266.0243,332.5304,332.5304,4.000000,4.000000,4.000000,5.000000,5.000000,96.000000,96.000000,96.000000,95.000000,95.000000,5.0,1463.1337,1340.2688,5187.4742,5310.3391,PENDING_AG03,FALSE,NOT_FOR_ENFORCEMENT,6384.5836,256811.4724,6650.6079,6384.5836,266.0243,0.02244119,0.02154355,266.0243,6384.5836,0.02154355,266.0243,266.0243,266.0243,332.5304,332.5304,6384.5836,0.02154355,1463.1337,1340.2688,5187.4742,5310.3391,0.01750413,0.01791872,0.00089765,16.2655,14.6936,0.3653,59.3804,1.1678,2646.0457,162.5536,12.4780,16.8648,9.0895,16.5695,22.0926,29.825,33.4482,44.5976,11.8163,0.0,2.018664,2.691552,0.981654,30,240,141,4,0.10479828,0.02244119,0.04150452,0E-8,0.000000,0.902668,0.011910,-0.02129501,2026-03-22,2026-08-05,112,5695,2177,137,0.817518,0.739886,0.767145,0.349328,,,,,,,,GLOBAL_BASELINE_NO_ENTITY_RANKING,,,NOT_APPLICABLE_GLOBAL_BASELINE,HF9g-P5,,,,X 全窗基线 · 不参与实体赏罚,14195254,1420,A168_HF9F_20260827_0900,2026-08-27 09:00:00
2026-05-01,110249610,2234,0,8.9195125486,0E-10,0E-10,0.5000000,2,2,0.49324550000000000,0.493245500000,0.01910635448239258,0.01910635448239258,0.01910635448239258,0E-17,ELIGIBLE,R03b_20260811_FULL_v1,L1_ELIGIBILITY,v2026-08-11,2026-03-21..2026-08-06,baccarat_bet02_101_all_pairs_incl_sentinel,round_win = game_pnl > 0 (decisive only),COMPATIBILITY_ONLY_NOT_PRODUCTION,296357.1217,267511.9505,6650.6079,18220,18206,-0.02244119,-0.04150452,-0.02020951,-0.02244119,-6650.6079,296357.1217,OK,0.0000,266.0243,4.0000,96.0000,AG03-UNRESOLVED,ALL5_LEVELS_bet23_to_bet27,266.0243,266.0243,266.0243,332.5304,332.5304,4.000000,4.000000,4.000000,5.000000,5.000000,96.000000,96.000000,96.000000,95.000000,95.000000,5.0,1463.1337,1340.2688,5187.4742,5310.3391,PENDING_AG03,FALSE,NOT_FOR_ENFORCEMENT,6384.5836,256811.4724,6650.6079,6384.5836,266.0243,0.02244119,0.02154355,266.0243,6384.5836,0.02154355,266.0243,266.0243,266.0243,332.5304,332.5304,6384.5836,0.02154355,1463.1337,1340.2688,5187.4742,5310.3391,0.01750413,0.01791872,0.00089765,16.2655,14.6936,0.3653,59.3804,1.1678,2646.0457,162.5536,12.4780,16.8648,9.0895,16.5695,22.0926,29.825,33.4482,44.5976,11.8163,0.0,2.018664,2.691552,0.981654,30,240,141,4,0.10479828,0.02244119,0.04150452,0E-8,0.000000,0.902668,0.011910,-0.02129501,2026-03-22,2026-08-05,112,5695,2177,137,0.817518,0.739886,0.767145,0.349328,,,,,,,,GLOBAL_BASELINE_NO_ENTITY_RANKING,,,NOT_APPLICABLE_GLOBAL_BASELINE,HF9g-P5,,,,X 全窗基线 · 不参与实体赏罚,14195255,1420,A168_HF9F_20260827_0900,2026-08-27 09:00:00
2026-05-01,110249610,2261,0,3.3448172058,-1.1706860220,-1.1706860220,0.5000000,2,2,0.50665070000000000,0.506650700000,-0.018812684590367487,-0.018812684590367487,-0.018812684590367487,0E-17,ELIGIBLE,R03b_20260811_FULL_v1,L1_ELIGIBILITY,v2026-08-11,2026-03-21..2026-08-06,baccarat_bet02_101_all_pairs_incl_sentinel,round_win = game_pnl > 0 (decisive only),COMPATIBILITY_ONLY_NOT_PRODUCTION,296357.1217,267511.9505,6650.6079,18220,18206,-0.02244119,-0.04150452,-0.02020951,-0.02244119,-6650.6079,296357.1217,OK,0.0000,266.0243,4.0000,96.0000,AG03-UNRESOLVED,ALL5_LEVELS_bet23_to_bet27,266.0243,266.0243,266.0243,332.5304,332.5304,4.000000,4.000000,4.000000,5.000000,5.000000,96.000000,96.000000,96.000000,95.000000,95.000000,5.0,1463.1337,1340.2688,5187.4742,5310.3391,PENDING_AG03,FALSE,NOT_FOR_ENFORCEMENT,6384.5836,256811.4724,6650.6079,6384.5836,266.0243,0.02244119,0.02154355,266.0243,6384.5836,0.02154355,266.0243,266.0243,266.0243,332.5304,332.5304,6384.5836,0.02154355,1463.1337,1340.2688,5187.4742,5310.3391,0.01750413,0.01791872,0.00089765,16.2655,14.6936,0.3653,59.3804,1.1678,2646.0457,162.5536,12.4780,16.8648,9.0895,16.5695,22.0926,29.825,33.4482,44.5976,11.8163,0.0,2.018664,2.691552,0.981654,30,240,141,4,0.10479828,0.02244119,0.04150452,0E-8,0.000000,0.902668,0.011910,-0.02129501,2026-03-22,2026-08-05,112,5695,2177,137,0.817518,0.739886,0.767145,0.349328,,,,,,,,GLOBAL_BASELINE_NO_ENTITY_RANKING,,,NOT_APPLICABLE_GLOBAL_BASELINE,HF9g-P5,,,,X 全窗基线 · 不参与实体赏罚,14195256,1420,A168_HF9F_20260827_0900,2026-08-27 09:00:00
2026-05-01,110249610,2266,0,11.1493906858,-11.1493906858,-11.1493906858,0E-7,1,1,0.50665070000000000,0.506650700000,-1.013391052207602,-1.013391052207602,-1.013391052207602,0E-17,ELIGIBLE,R03b_20260811_FULL_v1,L1_ELIGIBILITY,v2026-08-11,2026-03-21..2026-08-06,baccarat_bet02_101_all_pairs_incl_sentinel,round_win = game_pnl > 0 (decisive only),COMPATIBILITY_ONLY_NOT_PRODUCTION,296357.1217,267511.9505,6650.6079,18220,18206,-0.02244119,-0.04150452,-0.02020951,-0.02244119,-6650.6079,296357.1217,OK,0.0000,266.0243,4.0000,96.0000,AG03-UNRESOLVED,ALL5_LEVELS_bet23_to_bet27,266.0243,266.0243,266.0243,332.5304,332.5304,4.000000,4.000000,4.000000,5.000000,5.000000,96.000000,96.000000,96.000000,95.000000,95.000000,5.0,1463.1337,1340.2688,5187.4742,5310.3391,PENDING_AG03,FALSE,NOT_FOR_ENFORCEMENT,6384.5836,256811.4724,6650.6079,6384.5836,266.0243,0.02244119,0.02154355,266.0243,6384.5836,0.02154355,266.0243,266.0243,266.0243,332.5304,332.5304,6384.5836,0.02154355,1463.1337,1340.2688,5187.4742,5310.3391,0.01750413,0.01791872,0.00089765,16.2655,14.6936,0.3653,59.3804,1.1678,2646.0457,162.5536,12.4780,16.8648,9.0895,16.5695,22.0926,29.825,33.4482,44.5976,11.8163,0.0,2.018664,2.691552,0.981654,30,240,141,4,0.10479828,0.02244119,0.04150452,0E-8,0.000000,0.902668,0.011910,-0.02129501,2026-03-22,2026-08-05,112,5695,2177,137,0.817518,0.739886,0.767145,0.349328,,,,,,,,GLOBAL_BASELINE_NO_ENTITY_RANKING,,,NOT_APPLICABLE_GLOBAL_BASELINE,HF9g-P5,,,,X 全窗基线 · 不参与实体赏罚,14195257,1420,A168_HF9F_20260827_0900,2026-08-27 09:00:00
2026-05-01,110249610,2271,0,22.2987813716,-22.2987813716,-22.2987813716,0E-7,2,2,0.49994810000000000,0.499948100000,-1.4140667746232096,-1.4140667746232096,-1.4140667746232096,0E-17,ELIGIBLE,R03b_20260811_FULL_v1,L1_ELIGIBILITY,v2026-08-11,2026-03-21..2026-08-06,baccarat_bet02_101_all_pairs_incl_sentinel,round_win = game_pnl > 0 (decisive only),COMPATIBILITY_ONLY_NOT_PRODUCTION,296357.1217,267511.9505,6650.6079,18220,18206,-0.02244119,-0.04150452,-0.02020951,-0.02244119,-6650.6079,296357.1217,OK,0.0000,266.0243,4.0000,96.0000,AG03-UNRESOLVED,ALL5_LEVELS_bet23_to_bet27,266.0243,266.0243,266.0243,332.5304,332.5304,4.000000,4.000000,4.000000,5.000000,5.000000,96.000000,96.000000,96.000000,95.000000,95.000000,5.0,1463.1337,1340.2688,5187.4742,5310.3391,PENDING_AG03,FALSE,NOT_FOR_ENFORCEMENT,6384.5836,256811.4724,6650.6079,6384.5836,266.0243,0.02244119,0.02154355,266.0243,6384.5836,0.02154355,266.0243,266.0243,266.0243,332.5304,332.5304,6384.5836,0.02154355,1463.1337,1340.2688,5187.4742,5310.3391,0.01750413,0.01791872,0.00089765,16.2655,14.6936,0.3653,59.3804,1.1678,2646.0457,162.5536,12.4780,16.8648,9.0895,16.5695,22.0926,29.825,33.4482,44.5976,11.8163,0.0,2.018664,2.691552,0.981654,30,240,141,4,0.10479828,0.02244119,0.04150452,0E-8,0.000000,0.902668,0.011910,-0.02129501,2026-03-22,2026-08-05,112,5695,2177,137,0.817518,0.739886,0.767145,0.349328,,,,,,,,GLOBAL_BASELINE_NO_ENTITY_RANKING,,,NOT_APPLICABLE_GLOBAL_BASELINE,HF9g-P5,,,,X 全窗基线 · 不参与实体赏罚,14195258,1420,A168_HF9F_20260827_0900,2026-08-27 09:00:00
2026-05-01,110249610,752,0,41.2527455375,14.4942078916,14.4942078916,0.7500000,8,8,0.50497505000000000,0.504975050000,1.3861390483323712,1.3861390483323712,1.3861390483323712,0E-17,ELIGIBLE,R03b_20260811_FULL_v1,L1_ELIGIBILITY,v2026-08-11,2026-03-21..2026-08-06,baccarat_bet02_101_all_pairs_incl_sentinel,round_win = game_pnl > 0 (decisive only),COMPATIBILITY_ONLY_NOT_PRODUCTION,296357.1217,267511.9505,6650.6079,18220,18206,-0.02244119,-0.04150452,-0.02020951,-0.02244119,-6650.6079,296357.1217,OK,0.0000,266.0243,4.0000,96.0000,AG03-UNRESOLVED,ALL5_LEVELS_bet23_to_bet27,266.0243,266.0243,266.0243,332.5304,332.5304,4.000000,4.000000,4.000000,5.000000,5.000000,96.000000,96.000000,96.000000,95.000000,95.000000,5.0,1463.1337,1340.2688,5187.4742,5310.3391,PENDING_AG03,FALSE,NOT_FOR_ENFORCEMENT,6384.5836,256811.4724,6650.6079,6384.5836,266.0243,0.02244119,0.02154355,266.0243,6384.5836,0.02154355,266.0243,266.0243,266.0243,332.5304,332.5304,6384.5836,0.02154355,1463.1337,1340.2688,5187.4742,5310.3391,0.01750413,0.01791872,0.00089765,16.2655,14.6936,0.3653,59.3804,1.1678,2646.0457,162.5536,12.4780,16.8648,9.0895,16.5695,22.0926,29.825,33.4482,44.5976,11.8163,0.0,2.018664,2.691552,0.981654,30,240,141,4,0.10479828,0.02244119,0.04150452,0E-8,0.000000,0.902668,0.011910,-0.02129501,2026-03-22,2026-08-05,112,5695,2177,137,0.817518,0.739886,0.767145,0.349328,,,,,,,,GLOBAL_BASELINE_NO_ENTITY_RANKING,,,NOT_APPLICABLE_GLOBAL_BASELINE,HF9g-P5,,,,X 全窗基线 · 不参与实体赏罚,14195259,1420,A168_HF9F_20260827_0900,2026-08-27 09:00:00
2026-05-01,110249610,789,0,6.6896344115,-6.6896344115,-6.6896344115,0E-7,2,2,0.50665070000000000,0.506650700000,-1.4331513700195317,-1.4331513700195317,-1.4331513700195317,0E-17,ELIGIBLE,R03b_20260811_FULL_v1,L1_ELIGIBILITY,v2026-08-11,2026-03-21..2026-08-06,baccarat_bet02_101_all_pairs_incl_sentinel,round_win = game_pnl > 0 (decisive only),COMPATIBILITY_ONLY_NOT_PRODUCTION,296357.1217,267511.9505,6650.6079,18220,18206,-0.02244119,-0.04150452,-0.02020951,-0.02244119,-6650.6079,296357.1217,OK,0.0000,266.0243,4.0000,96.0000,AG03-UNRESOLVED,ALL5_LEVELS_bet23_to_bet27,266.0243,266.0243,266.0243,332.5304,332.5304,4.000000,4.000000,4.000000,5.000000,5.000000,96.000000,96.000000,96.000000,95.000000,95.000000,5.0,1463.1337,1340.2688,5187.4742,5310.3391,PENDING_AG03,FALSE,NOT_FOR_ENFORCEMENT,6384.5836,256811.4724,6650.6079,6384.5836,266.0243,0.02244119,0.02154355,266.0243,6384.5836,0.02154355,266.0243,266.0243,266.0243,332.5304,332.5304,6384.5836,0.02154355,1463.1337,1340.2688,5187.4742,5310.3391,0.01750413,0.01791872,0.00089765,16.2655,14.6936,0.3653,59.3804,1.1678,2646.0457,162.5536,12.4780,16.8648,9.0895,16.5695,22.0926,29.825,33.4482,44.5976,11.8163,0.0,2.018664,2.691552,0.981654,30,240,141,4,0.10479828,0.02244119,0.04150452,0E-8,0.000000,0.902668,0.011910,-0.02129501,2026-03-22,2026-08-05,112,5695,2177,137,0.817518,0.739886,0.767145,0.349328,,,,,,,,GLOBAL_BASELINE_NO_ENTITY_RANKING,,,NOT_APPLICABLE_GLOBAL_BASELINE,HF9g-P5,,,,X 全窗基线 · 不参与实体赏罚,14195260,1420,A168_HF9F_20260827_0900,2026-08-27 09:00:00
2026-05-01,110249610,925,0,6.6896344115,-6.6896344115,-6.6896344115,0E-7,1,1,0.49324550000000000,0.493245500000,-0.9865810262130424,-0.9865810262130424,-0.9865810262130424,0E-17,ELIGIBLE,R03b_20260811_FULL_v1,L1_ELIGIBILITY,v2026-08-11,2026-03-21..2026-08-06,baccarat_bet02_101_all_pairs_incl_sentinel,round_win = game_pnl > 0 (decisive only),COMPATIBILITY_ONLY_NOT_PRODUCTION,296357.1217,267511.9505,6650.6079,18220,18206,-0.02244119,-0.04150452,-0.02020951,-0.02244119,-6650.6079,296357.1217,OK,0.0000,266.0243,4.0000,96.0000,AG03-UNRESOLVED,ALL5_LEVELS_bet23_to_bet27,266.0243,266.0243,266.0243,332.5304,332.5304,4.000000,4.000000,4.000000,5.000000,5.000000,96.000000,96.000000,96.000000,95.000000,95.000000,5.0,1463.1337,1340.2688,5187.4742,5310.3391,PENDING_AG03,FALSE,NOT_FOR_ENFORCEMENT,6384.5836,256811.4724,6650.6079,6384.5836,266.0243,0.02244119,0.02154355,266.0243,6384.5836,0.02154355,266.0243,266.0243,266.0243,332.5304,332.5304,6384.5836,0.02154355,1463.1337,1340.2688,5187.4742,5310.3391,0.01750413,0.01791872,0.00089765,16.2655,14.6936,0.3653,59.3804,1.1678,2646.0457,162.5536,12.4780,16.8648,9.0895,16.5695,22.0926,29.825,33.4482,44.5976,11.8163,0.0,2.018664,2.691552,0.981654,30,240,141,4,0.10479828,0.02244119,0.04150452,0E-8,0.000000,0.902668,0.011910,-0.02129501,2026-03-22,2026-08-05,112,5695,2177,137,0.817518,0.739886,0.767145,0.349328,,,,,,,,GLOBAL_BASELINE_NO_ENTITY_RANKING,,,NOT_APPLICABLE_GLOBAL_BASELINE,HF9g-P5,,,,X 全窗基线 · 不参与实体赏罚,14195261,1420,A168_HF9F_20260827_0900,2026-08-27 09:00:00
2026-05-01,110249610,987,0,2.0068903234,2.0068903234,2.0068903234,1.0000000,1,1,0.49324550000000000,0.493245500000,1.01360149184955,1.01360149184955,1.01360149184955,0E-17,ELIGIBLE,R03b_20260811_FULL_v1,L1_ELIGIBILITY,v2026-08-11,2026-03-21..2026-08-06,baccarat_bet02_101_all_pairs_incl_sentinel,round_win = game_pnl > 0 (decisive only),COMPATIBILITY_ONLY_NOT_PRODUCTION,296357.1217,267511.9505,6650.6079,18220,18206,-0.02244119,-0.04150452,-0.02020951,-0.02244119,-6650.6079,296357.1217,OK,0.0000,266.0243,4.0000,96.0000,AG03-UNRESOLVED,ALL5_LEVELS_bet23_to_bet27,266.0243,266.0243,266.0243,332.5304,332.5304,4.000000,4.000000,4.000000,5.000000,5.000000,96.000000,96.000000,96.000000,95.000000,95.000000,5.0,1463.1337,1340.2688,5187.4742,5310.3391,PENDING_AG03,FALSE,NOT_FOR_ENFORCEMENT,6384.5836,256811.4724,6650.6079,6384.5836,266.0243,0.02244119,0.02154355,266.0243,6384.5836,0.02154355,266.0243,266.0243,266.0243,332.5304,332.5304,6384.5836,0.02154355,1463.1337,1340.2688,5187.4742,5310.3391,0.01750413,0.01791872,0.00089765,16.2655,14.6936,0.3653,59.3804,1.1678,2646.0457,162.5536,12.4780,16.8648,9.0895,16.5695,22.0926,29.825,33.4482,44.5976,11.8163,0.0,2.018664,2.691552,0.981654,30,240,141,4,0.10479828,0.02244119,0.04150452,0E-8,0.000000,0.902668,0.011910,-0.02129501,2026-03-22,2026-08-05,112,5695,2177,137,0.817518,0.739886,0.767145,0.349328,,,,,,,,GLOBAL_BASELINE_NO_ENTITY_RANKING,,,NOT_APPLICABLE_GLOBAL_BASELINE,HF9g-P5,,,,X 全窗基线 · 不参与实体赏罚,14195262,1420,A168_HF9F_20260827_0900,2026-08-27 09:00:00
2026-05-01,110249610,989,0,13.1562810092,6.2436587840,6.2436587840,1.0000000,2,2,0.49324550000000000,0.493245500000,1.01360149184955,1.01360149184955,1.01360149184955,0E-17,ELIGIBLE,R03b_20260811_FULL_v1,L1_ELIGIBILITY,v2026-08-11,2026-03-21..2026-08-06,baccarat_bet02_101_all_pairs_incl_sentinel,round_win = game_pnl > 0 (decisive only),COMPATIBILITY_ONLY_NOT_PRODUCTION,296357.1217,267511.9505,6650.6079,18220,18206,-0.02244119,-0.04150452,-0.02020951,-0.02244119,-6650.6079,296357.1217,OK,0.0000,266.0243,4.0000,96.0000,AG03-UNRESOLVED,ALL5_LEVELS_bet23_to_bet27,266.0243,266.0243,266.0243,332.5304,332.5304,4.000000,4.000000,4.000000,5.000000,5.000000,96.000000,96.000000,96.000000,95.000000,95.000000,5.0,1463.1337,1340.2688,5187.4742,5310.3391,PENDING_AG03,FALSE,NOT_FOR_ENFORCEMENT,6384.5836,256811.4724,6650.6079,6384.5836,266.0243,0.02244119,0.02154355,266.0243,6384.5836,0.02154355,266.0243,266.0243,266.0243,332.5304,332.5304,6384.5836,0.02154355,1463.1337,1340.2688,5187.4742,5310.3391,0.01750413,0.01791872,0.00089765,16.2655,14.6936,0.3653,59.3804,1.1678,2646.0457,162.5536,12.4780,16.8648,9.0895,16.5695,22.0926,29.825,33.4482,44.5976,11.8163,0.0,2.018664,2.691552,0.981654,30,240,141,4,0.10479828,0.02244119,0.04150452,0E-8,0.000000,0.902668,0.011910,-0.02129501,2026-03-22,2026-08-05,112,5695,2177,137,0.817518,0.739886,0.767145,0.349328,,,,,,,,GLOBAL_BASELINE_NO_ENTITY_RANKING,,,NOT_APPLICABLE_GLOBAL_BASELINE,HF9g-P5,,,,X 全窗基线 · 不参与实体赏罚,14195263,1420,A168_HF9F_20260827_0900,2026-08-27 09:00:00
2026-05-02,110249610,-1,1,306.1622682320,-11.5340446644,-11.5340446644,0.4634146,48,48,0.49855172500000000,0.498551725000,-0.4499762038104445,-0.4499762038104445,-0.4499762038104445,0E-17,SENTINEL_DEALER,R03b_20260811_FULL_v1,L1_ELIGIBILITY,v2026-08-11,2026-03-21..2026-08-06,baccarat_bet02_101_all_pairs_incl_sentinel,round_win = game_pnl > 0 (decisive only),COMPATIBILITY_ONLY_NOT_PRODUCTION,296357.1217,267511.9505,6650.6079,18220,18206,-0.02244119,-0.04150452,-0.02020951,-0.02244119,-6650.6079,296357.1217,OK,0.0000,266.0243,4.0000,96.0000,AG03-UNRESOLVED,ALL5_LEVELS_bet23_to_bet27,266.0243,266.0243,266.0243,332.5304,332.5304,4.000000,4.000000,4.000000,5.000000,5.000000,96.000000,96.000000,96.000000,95.000000,95.000000,5.0,1463.1337,1340.2688,5187.4742,5310.3391,PENDING_AG03,FALSE,NOT_FOR_ENFORCEMENT,6384.5836,256811.4724,6650.6079,6384.5836,266.0243,0.02244119,0.02154355,266.0243,6384.5836,0.02154355,266.0243,266.0243,266.0243,332.5304,332.5304,6384.5836,0.02154355,1463.1337,1340.2688,5187.4742,5310.3391,0.01750413,0.01791872,0.00089765,16.2655,14.6936,0.3653,59.3804,1.1678,2646.0457,162.5536,12.4780,16.8648,9.0895,16.5695,22.0926,29.825,33.4482,44.5976,11.8163,0.0,2.018664,2.691552,0.981654,30,240,141,4,0.10479828,0.02244119,0.04150452,0E-8,0.000000,0.902668,0.011910,-0.02129501,2026-03-22,2026-08-05,112,5695,2177,137,0.817518,0.739886,0.767145,0.349328,,,,,,,,GLOBAL_BASELINE_NO_ENTITY_RANKING,,,NOT_APPLICABLE_GLOBAL_BASELINE,HF9g-P5,,,,X 全窗基线 · 不参与实体赏罚,14195264,1420,A168_HF9F_20260827_0900,2026-08-27 09:00:00
2026-05-02,110249610,1004,0,11.1493906858,-11.1493906858,-11.1493906858,0E-7,1,1,0.50665070000000000,0.506650700000,-1.013391052207602,-1.013391052207602,-1.013391052207602,0E-17,ELIGIBLE,R03b_20260811_FULL_v1,L1_ELIGIBILITY,v2026-08-11,2026-03-21..2026-08-06,baccarat_bet02_101_all_pairs_incl_sentinel,round_win = game_pnl > 0 (decisive only),COMPATIBILITY_ONLY_NOT_PRODUCTION,296357.1217,267511.9505,6650.6079,18220,18206,-0.02244119,-0.04150452,-0.02020951,-0.02244119,-6650.6079,296357.1217,OK,0.0000,266.0243,4.0000,96.0000,AG03-UNRESOLVED,ALL5_LEVELS_bet23_to_bet27,266.0243,266.0243,266.0243,332.5304,332.5304,4.000000,4.000000,4.000000,5.000000,5.000000,96.000000,96.000000,96.000000,95.000000,95.000000,5.0,1463.1337,1340.2688,5187.4742,5310.3391,PENDING_AG03,FALSE,NOT_FOR_ENFORCEMENT,6384.5836,256811.4724,6650.6079,6384.5836,266.0243,0.02244119,0.02154355,266.0243,6384.5836,0.02154355,266.0243,266.0243,266.0243,332.5304,332.5304,6384.5836,0.02154355,1463.1337,1340.2688,5187.4742,5310.3391,0.01750413,0.01791872,0.00089765,16.2655,14.6936,0.3653,59.3804,1.1678,2646.0457,162.5536,12.4780,16.8648,9.0895,16.5695,22.0926,29.825,33.4482,44.5976,11.8163,0.0,2.018664,2.691552,0.981654,30,240,141,4,0.10479828,0.02244119,0.04150452,0E-8,0.000000,0.902668,0.011910,-0.02129501,2026-03-22,2026-08-05,112,5695,2177,137,0.817518,0.739886,0.767145,0.349328,,,,,,,,GLOBAL_BASELINE_NO_ENTITY_RANKING,,,NOT_APPLICABLE_GLOBAL_BASELINE,HF9g-P5,,,,X 全窗基线 · 不参与实体赏罚,14195265,1420,A168_HF9F_20260827_0900,2026-08-27 09:00:00
2026-05-02,110249610,1078,0,13.3792688230,-13.3792688230,-13.3792688230,0E-7,2,2,0.49994810000000000,0.499948100000,-1.4140667746232096,-1.4140667746232096,-1.4140667746232096,0E-17,ELIGIBLE,R03b_20260811_FULL_v1,L1_ELIGIBILITY,v2026-08-11,2026-03-21..2026-08-06,baccarat_bet02_101_all_pairs_incl_sentinel,round_win = game_pnl > 0 (decisive only),COMPATIBILITY_ONLY_NOT_PRODUCTION,296357.1217,267511.9505,6650.6079,18220,18206,-0.02244119,-0.04150452,-0.02020951,-0.02244119,-6650.6079,296357.1217,OK,0.0000,266.0243,4.0000,96.0000,AG03-UNRESOLVED,ALL5_LEVELS_bet23_to_bet27,266.0243,266.0243,266.0243,332.5304,332.5304,4.000000,4.000000,4.000000,5.000000,5.000000,96.000000,96.000000,96.000000,95.000000,95.000000,5.0,1463.1337,1340.2688,5187.4742,5310.3391,PENDING_AG03,FALSE,NOT_FOR_ENFORCEMENT,6384.5836,256811.4724,6650.6079,6384.5836,266.0243,0.02244119,0.02154355,266.0243,6384.5836,0.02154355,266.0243,266.0243,266.0243,332.5304,332.5304,6384.5836,0.02154355,1463.1337,1340.2688,5187.4742,5310.3391,0.01750413,0.01791872,0.00089765,16.2655,14.6936,0.3653,59.3804,1.1678,2646.0457,162.5536,12.4780,16.8648,9.0895,16.5695,22.0926,29.825,33.4482,44.5976,11.8163,0.0,2.018664,2.691552,0.981654,30,240,141,4,0.10479828,0.02244119,0.04150452,0E-8,0.000000,0.902668,0.011910,-0.02129501,2026-03-22,2026-08-05,112,5695,2177,137,0.817518,0.739886,0.767145,0.349328,,,,,,,,GLOBAL_BASELINE_NO_ENTITY_RANKING,,,NOT_APPLICABLE_GLOBAL_BASELINE,HF9g-P5,,,,X 全窗基线 · 不参与实体赏罚,14195266,1420,A168_HF9F_20260827_0900,2026-08-27 09:00:00
2026-05-02,110249610,1109,0,2.2298781372,-2.2298781372,-2.2298781372,0E-7,1,1,0.50665070000000000,0.506650700000,-1.013391052207602,-1.013391052207602,-1.013391052207602,0E-17,ELIGIBLE,R03b_20260811_FULL_v1,L1_ELIGIBILITY,v2026-08-11,2026-03-21..2026-08-06,baccarat_bet02_101_all_pairs_incl_sentinel,round_win = game_pnl > 0 (decisive only),COMPATIBILITY_ONLY_NOT_PRODUCTION,296357.1217,267511.9505,6650.6079,18220,18206,-0.02244119,-0.04150452,-0.02020951,-0.02244119,-6650.6079,296357.1217,OK,0.0000,266.0243,4.0000,96.0000,AG03-UNRESOLVED,ALL5_LEVELS_bet23_to_bet27,266.0243,266.0243,266.0243,332.5304,332.5304,4.000000,4.000000,4.000000,5.000000,5.000000,96.000000,96.000000,96.000000,95.000000,95.000000,5.0,1463.1337,1340.2688,5187.4742,5310.3391,PENDING_AG03,FALSE,NOT_FOR_ENFORCEMENT,6384.5836,256811.4724,6650.6079,6384.5836,266.0243,0.02244119,0.02154355,266.0243,6384.5836,0.02154355,266.0243,266.0243,266.0243,332.5304,332.5304,6384.5836,0.02154355,1463.1337,1340.2688,5187.4742,5310.3391,0.01750413,0.01791872,0.00089765,16.2655,14.6936,0.3653,59.3804,1.1678,2646.0457,162.5536,12.4780,16.8648,9.0895,16.5695,22.0926,29.825,33.4482,44.5976,11.8163,0.0,2.018664,2.691552,0.981654,30,240,141,4,0.10479828,0.02244119,0.04150452,0E-8,0.000000,0.902668,0.011910,-0.02129501,2026-03-22,2026-08-05,112,5695,2177,137,0.817518,0.739886,0.767145,0.349328,,,,,,,,GLOBAL_BASELINE_NO_ENTITY_RANKING,,,NOT_APPLICABLE_GLOBAL_BASELINE,HF9g-P5,,,,X 全窗基线 · 不参与实体赏罚,14195267,1420,A168_HF9F_20260827_0900,2026-08-27 09:00:00
2026-05-02,110249610,1221,0,4.4597562743,4.4597562743,4.4597562743,1.0000000,1,1,0.49324550000000000,0.493245500000,1.01360149184955,1.01360149184955,1.01360149184955,0E-17,ELIGIBLE,R03b_20260811_FULL_v1,L1_ELIGIBILITY,v2026-08-11,2026-03-21..2026-08-06,baccarat_bet02_101_all_pairs_incl_sentinel,round_win = game_pnl > 0 (decisive only),COMPATIBILITY_ONLY_NOT_PRODUCTION,296357.1217,267511.9505,6650.6079,18220,18206,-0.02244119,-0.04150452,-0.02020951,-0.02244119,-6650.6079,296357.1217,OK,0.0000,266.0243,4.0000,96.0000,AG03-UNRESOLVED,ALL5_LEVELS_bet23_to_bet27,266.0243,266.0243,266.0243,332.5304,332.5304,4.000000,4.000000,4.000000,5.000000,5.000000,96.000000,96.000000,96.000000,95.000000,95.000000,5.0,1463.1337,1340.2688,5187.4742,5310.3391,PENDING_AG03,FALSE,NOT_FOR_ENFORCEMENT,6384.5836,256811.4724,6650.6079,6384.5836,266.0243,0.02244119,0.02154355,266.0243,6384.5836,0.02154355,266.0243,266.0243,266.0243,332.5304,332.5304,6384.5836,0.02154355,1463.1337,1340.2688,5187.4742,5310.3391,0.01750413,0.01791872,0.00089765,16.2655,14.6936,0.3653,59.3804,1.1678,2646.0457,162.5536,12.4780,16.8648,9.0895,16.5695,22.0926,29.825,33.4482,44.5976,11.8163,0.0,2.018664,2.691552,0.981654,30,240,141,4,0.10479828,0.02244119,0.04150452,0E-8,0.000000,0.902668,0.011910,-0.02129501,2026-03-22,2026-08-05,112,5695,2177,137,0.817518,0.739886,0.767145,0.349328,,,,,,,,GLOBAL_BASELINE_NO_ENTITY_RANKING,,,NOT_APPLICABLE_GLOBAL_BASELINE,HF9g-P5,,,,X 全窗基线 · 不参与实体赏罚,14195268,1420,A168_HF9F_20260827_0900,2026-08-27 09:00:00
2026-05-02,110249610,1299,0,1.1149390686,-1.1149390686,-1.1149390686,0E-7,1,1,0.50665070000000000,0.506650700000,-1.013391052207602,-1.013391052207602,-1.013391052207602,0E-17,ELIGIBLE,R03b_20260811_FULL_v1,L1_ELIGIBILITY,v2026-08-11,2026-03-21..2026-08-06,baccarat_bet02_101_all_pairs_incl_sentinel,round_win = game_pnl > 0 (decisive only),COMPATIBILITY_ONLY_NOT_PRODUCTION,296357.1217,267511.9505,6650.6079,18220,18206,-0.02244119,-0.04150452,-0.02020951,-0.02244119,-6650.6079,296357.1217,OK,0.0000,266.0243,4.0000,96.0000,AG03-UNRESOLVED,ALL5_LEVELS_bet23_to_bet27,266.0243,266.0243,266.0243,332.5304,332.5304,4.000000,4.000000,4.000000,5.000000,5.000000,96.000000,96.000000,96.000000,95.000000,95.000000,5.0,1463.1337,1340.2688,5187.4742,5310.3391,PENDING_AG03,FALSE,NOT_FOR_ENFORCEMENT,6384.5836,256811.4724,6650.6079,6384.5836,266.0243,0.02244119,0.02154355,266.0243,6384.5836,0.02154355,266.0243,266.0243,266.0243,332.5304,332.5304,6384.5836,0.02154355,1463.1337,1340.2688,5187.4742,5310.3391,0.01750413,0.01791872,0.00089765,16.2655,14.6936,0.3653,59.3804,1.1678,2646.0457,162.5536,12.4780,16.8648,9.0895,16.5695,22.0926,29.825,33.4482,44.5976,11.8163,0.0,2.018664,2.691552,0.981654,30,240,141,4,0.10479828,0.02244119,0.04150452,0E-8,0.000000,0.902668,0.011910,-0.02129501,2026-03-22,2026-08-05,112,5695,2177,137,0.817518,0.739886,0.767145,0.349328,,,,,,,,GLOBAL_BASELINE_NO_ENTITY_RANKING,,,NOT_APPLICABLE_GLOBAL_BASELINE,HF9g-P5,,,,X 全窗基线 · 不参与实体赏罚,14195269,1420,A168_HF9F_20260827_0900,2026-08-27 09:00:00
2026-05-02,110249610,1302,0,6.6896344115,-6.6896344115,-6.6896344115,0E-7,2,2,0.49324550000000000,0.493245500000,-1.3952362676504506,-1.3952362676504506,-1.3952362676504506,0E-17,ELIGIBLE,R03b_20260811_FULL_v1,L1_ELIGIBILITY,v2026-08-11,2026-03-21..2026-08-06,baccarat_bet02_101_all_pairs_incl_sentinel,round_win = game_pnl > 0 (decisive only),COMPATIBILITY_ONLY_NOT_PRODUCTION,296357.1217,267511.9505,6650.6079,18220,18206,-0.02244119,-0.04150452,-0.02020951,-0.02244119,-6650.6079,296357.1217,OK,0.0000,266.0243,4.0000,96.0000,AG03-UNRESOLVED,ALL5_LEVELS_bet23_to_bet27,266.0243,266.0243,266.0243,332.5304,332.5304,4.000000,4.000000,4.000000,5.000000,5.000000,96.000000,96.000000,96.000000,95.000000,95.000000,5.0,1463.1337,1340.2688,5187.4742,5310.3391,PENDING_AG03,FALSE,NOT_FOR_ENFORCEMENT,6384.5836,256811.4724,6650.6079,6384.5836,266.0243,0.02244119,0.02154355,266.0243,6384.5836,0.02154355,266.0243,266.0243,266.0243,332.5304,332.5304,6384.5836,0.02154355,1463.1337,1340.2688,5187.4742,5310.3391,0.01750413,0.01791872,0.00089765,16.2655,14.6936,0.3653,59.3804,1.1678,2646.0457,162.5536,12.4780,16.8648,9.0895,16.5695,22.0926,29.825,33.4482,44.5976,11.8163,0.0,2.018664,2.691552,0.981654,30,240,141,4,0.10479828,0.02244119,0.04150452,0E-8,0.000000,0.902668,0.011910,-0.02129501,2026-03-22,2026-08-05,112,5695,2177,137,0.817518,0.739886,0.767145,0.349328,,,,,,,,GLOBAL_BASELINE_NO_ENTITY_RANKING,,,NOT_APPLICABLE_GLOBAL_BASELINE,HF9g-P5,,,,X 全窗基线 · 不参与实体赏罚,14195270,1420,A168_HF9F_20260827_0900,2026-08-27 09:00:00
2026-05-02,110249610,1306,0,78.1572287075,4.7496404322,4.7496404322,0.5833333,13,13,0.50665070000000000,0.506650700000,0.5313198725250433,0.5313198725250433,0.5313198725250433,0E-17,ELIGIBLE,R03b_20260811_FULL_v1,L1_ELIGIBILITY,v2026-08-11,2026-03-21..2026-08-06,baccarat_bet02_101_all_pairs_incl_sentinel,round_win = game_pnl > 0 (decisive only),COMPATIBILITY_ONLY_NOT_PRODUCTION,296357.1217,267511.9505,6650.6079,18220,18206,-0.02244119,-0.04150452,-0.02020951,-0.02244119,-6650.6079,296357.1217,OK,0.0000,266.0243,4.0000,96.0000,AG03-UNRESOLVED,ALL5_LEVELS_bet23_to_bet27,266.0243,266.0243,266.0243,332.5304,332.5304,4.000000,4.000000,4.000000,5.000000,5.000000,96.000000,96.000000,96.000000,95.000000,95.000000,5.0,1463.1337,1340.2688,5187.4742,5310.3391,PENDING_AG03,FALSE,NOT_FOR_ENFORCEMENT,6384.5836,256811.4724,6650.6079,6384.5836,266.0243,0.02244119,0.02154355,266.0243,6384.5836,0.02154355,266.0243,266.0243,266.0243,332.5304,332.5304,6384.5836,0.02154355,1463.1337,1340.2688,5187.4742,5310.3391,0.01750413,0.01791872,0.00089765,16.2655,14.6936,0.3653,59.3804,1.1678,2646.0457,162.5536,12.4780,16.8648,9.0895,16.5695,22.0926,29.825,33.4482,44.5976,11.8163,0.0,2.018664,2.691552,0.981654,30,240,141,4,0.10479828,0.02244119,0.04150452,0E-8,0.000000,0.902668,0.011910,-0.02129501,2026-03-22,2026-08-05,112,5695,2177,137,0.817518,0.739886,0.767145,0.349328,,,,,,,,GLOBAL_BASELINE_NO_ENTITY_RANKING,,,NOT_APPLICABLE_GLOBAL_BASELINE,HF9g-P5,,,,X 全窗基线 · 不参与实体赏罚,14195271,1420,A168_HF9F_20260827_0900,2026-08-27 09:00:00
2026-05-02,110249610,1318,0,17.8390250973,13.3792688229,13.3792688229,0.7500000,4,4,0.49324550000000000,0.493245500000,1.0271117246678039,1.0271117246678039,1.0271117246678039,0E-17,ELIGIBLE,R03b_20260811_FULL_v1,L1_ELIGIBILITY,v2026-08-11,2026-03-21..2026-08-06,baccarat_bet02_101_all_pairs_incl_sentinel,round_win = game_pnl > 0 (decisive only),COMPATIBILITY_ONLY_NOT_PRODUCTION,296357.1217,267511.9505,6650.6079,18220,18206,-0.02244119,-0.04150452,-0.02020951,-0.02244119,-6650.6079,296357.1217,OK,0.0000,266.0243,4.0000,96.0000,AG03-UNRESOLVED,ALL5_LEVELS_bet23_to_bet27,266.0243,266.0243,266.0243,332.5304,332.5304,4.000000,4.000000,4.000000,5.000000,5.000000,96.000000,96.000000,96.000000,95.000000,95.000000,5.0,1463.1337,1340.2688,5187.4742,5310.3391,PENDING_AG03,FALSE,NOT_FOR_ENFORCEMENT,6384.5836,256811.4724,6650.6079,6384.5836,266.0243,0.02244119,0.02154355,266.0243,6384.5836,0.02154355,266.0243,266.0243,266.0243,332.5304,332.5304,6384.5836,0.02154355,1463.1337,1340.2688,5187.4742,5310.3391,0.01750413,0.01791872,0.00089765,16.2655,14.6936,0.3653,59.3804,1.1678,2646.0457,162.5536,12.4780,16.8648,9.0895,16.5695,22.0926,29.825,33.4482,44.5976,11.8163,0.0,2.018664,2.691552,0.981654,30,240,141,4,0.10479828,0.02244119,0.04150452,0E-8,0.000000,0.902668,0.011910,-0.02129501,2026-03-22,2026-08-05,112,5695,2177,137,0.817518,0.739886,0.767145,0.349328,,,,,,,,GLOBAL_BASELINE_NO_ENTITY_RANKING,,,NOT_APPLICABLE_GLOBAL_BASELINE,HF9g-P5,,,,X 全窗基线 · 不参与实体赏罚,14195272,1420,A168_HF9F_20260827_0900,2026-08-27 09:00:00
2026-05-02,110249610,1402,0,8.9195125487,-4.4597562743,-4.4597562743,0.3333333,3,3,0.49324550000000000,0.493245500000,-0.5540025479526107,-0.5540025479526106,-0.5540025479526107,0E-17,ELIGIBLE,R03b_20260811_FULL_v1,L1_ELIGIBILITY,v2026-08-11,2026-03-21..2026-08-06,baccarat_bet02_101_all_pairs_incl_sentinel,round_win = game_pnl > 0 (decisive only),COMPATIBILITY_ONLY_NOT_PRODUCTION,296357.1217,267511.9505,6650.6079,18220,18206,-0.02244119,-0.04150452,-0.02020951,-0.02244119,-6650.6079,296357.1217,OK,0.0000,266.0243,4.0000,96.0000,AG03-UNRESOLVED,ALL5_LEVELS_bet23_to_bet27,266.0243,266.0243,266.0243,332.5304,332.5304,4.000000,4.000000,4.000000,5.000000,5.000000,96.000000,96.000000,96.000000,95.000000,95.000000,5.0,1463.1337,1340.2688,5187.4742,5310.3391,PENDING_AG03,FALSE,NOT_FOR_ENFORCEMENT,6384.5836,256811.4724,6650.6079,6384.5836,266.0243,0.02244119,0.02154355,266.0243,6384.5836,0.02154355,266.0243,266.0243,266.0243,332.5304,332.5304,6384.5836,0.02154355,1463.1337,1340.2688,5187.4742,5310.3391,0.01750413,0.01791872,0.00089765,16.2655,14.6936,0.3653,59.3804,1.1678,2646.0457,162.5536,12.4780,16.8648,9.0895,16.5695,22.0926,29.825,33.4482,44.5976,11.8163,0.0,2.018664,2.691552,0.981654,30,240,141,4,0.10479828,0.02244119,0.04150452,0E-8,0.000000,0.902668,0.011910,-0.02129501,2026-03-22,2026-08-05,112,5695,2177,137,0.817518,0.739886,0.767145,0.349328,,,,,,,,GLOBAL_BASELINE_NO_ENTITY_RANKING,,,NOT_APPLICABLE_GLOBAL_BASELINE,HF9g-P5,,,,X 全窗基线 · 不参与实体赏罚,14195273,1420,A168_HF9F_20260827_0900,2026-08-27 09:00:00
2026-05-02,110249610,1645,0,78.6032043348,1.3100534056,1.3100534056,0.5714286,9,9,0.50665070000000000,0.506650700000,0.34280260342128577,0.34280260342128577,0.34280260342128577,0E-17,ELIGIBLE,R03b_20260811_FULL_v1,L1_ELIGIBILITY,v2026-08-11,2026-03-21..2026-08-06,baccarat_bet02_101_all_pairs_incl_sentinel,round_win = game_pnl > 0 (decisive only),COMPATIBILITY_ONLY_NOT_PRODUCTION,296357.1217,267511.9505,6650.6079,18220,18206,-0.02244119,-0.04150452,-0.02020951,-0.02244119,-6650.6079,296357.1217,OK,0.0000,266.0243,4.0000,96.0000,AG03-UNRESOLVED,ALL5_LEVELS_bet23_to_bet27,266.0243,266.0243,266.0243,332.5304,332.5304,4.000000,4.000000,4.000000,5.000000,5.000000,96.000000,96.000000,96.000000,95.000000,95.000000,5.0,1463.1337,1340.2688,5187.4742,5310.3391,PENDING_AG03,FALSE,NOT_FOR_ENFORCEMENT,6384.5836,256811.4724,6650.6079,6384.5836,266.0243,0.02244119,0.02154355,266.0243,6384.5836,0.02154355,266.0243,266.0243,266.0243,332.5304,332.5304,6384.5836,0.02154355,1463.1337,1340.2688,5187.4742,5310.3391,0.01750413,0.01791872,0.00089765,16.2655,14.6936,0.3653,59.3804,1.1678,2646.0457,162.5536,12.4780,16.8648,9.0895,16.5695,22.0926,29.825,33.4482,44.5976,11.8163,0.0,2.018664,2.691552,0.981654,30,240,141,4,0.10479828,0.02244119,0.04150452,0E-8,0.000000,0.902668,0.011910,-0.02129501,2026-03-22,2026-08-05,112,5695,2177,137,0.817518,0.739886,0.767145,0.349328,,,,,,,,GLOBAL_BASELINE_NO_ENTITY_RANKING,,,NOT_APPLICABLE_GLOBAL_BASELINE,HF9g-P5,,,,X 全窗基线 · 不参与实体赏罚,14195274,1420,A168_HF9F_20260827_0900,2026-08-27 09:00:00
2026-05-02,110249610,1942,0,12.2643297544,3.3448172057,3.3448172057,0.5000000,3,3,0.49771390000000000,0.497713900000,0.006466134837551399,0.0064661348375514,0.006466134837551399,0E-17,ELIGIBLE,R03b_20260811_FULL_v1,L1_ELIGIBILITY,v2026-08-11,2026-03-21..2026-08-06,baccarat_bet02_101_all_pairs_incl_sentinel,round_win = game_pnl > 0 (decisive only),COMPATIBILITY_ONLY_NOT_PRODUCTION,296357.1217,267511.9505,6650.6079,18220,18206,-0.02244119,-0.04150452,-0.02020951,-0.02244119,-6650.6079,296357.1217,OK,0.0000,266.0243,4.0000,96.0000,AG03-UNRESOLVED,ALL5_LEVELS_bet23_to_bet27,266.0243,266.0243,266.0243,332.5304,332.5304,4.000000,4.000000,4.000000,5.000000,5.000000,96.000000,96.000000,96.000000,95.000000,95.000000,5.0,1463.1337,1340.2688,5187.4742,5310.3391,PENDING_AG03,FALSE,NOT_FOR_ENFORCEMENT,6384.5836,256811.4724,6650.6079,6384.5836,266.0243,0.02244119,0.02154355,266.0243,6384.5836,0.02154355,266.0243,266.0243,266.0243,332.5304,332.5304,6384.5836,0.02154355,1463.1337,1340.2688,5187.4742,5310.3391,0.01750413,0.01791872,0.00089765,16.2655,14.6936,0.3653,59.3804,1.1678,2646.0457,162.5536,12.4780,16.8648,9.0895,16.5695,22.0926,29.825,33.4482,44.5976,11.8163,0.0,2.018664,2.691552,0.981654,30,240,141,4,0.10479828,0.02244119,0.04150452,0E-8,0.000000,0.902668,0.011910,-0.02129501,2026-03-22,2026-08-05,112,5695,2177,137,0.817518,0.739886,0.767145,0.349328,,,,,,,,GLOBAL_BASELINE_NO_ENTITY_RANKING,,,NOT_APPLICABLE_GLOBAL_BASELINE,HF9g-P5,,,,X 全窗基线 · 不参与实体赏罚,14195275,1420,A168_HF9F_20260827_0900,2026-08-27 09:00:00
2026-05-02,110249610,1985,0,26.7585376459,8.1390552006,8.1390552006,0.7500000,5,5,0.50665070000000000,0.506650700000,0.9734833216690844,0.9734833216690844,0.9734833216690844,0E-17,ELIGIBLE,R03b_20260811_FULL_v1,L1_ELIGIBILITY,v2026-08-11,2026-03-21..2026-08-06,baccarat_bet02_101_all_pairs_incl_sentinel,round_win = game_pnl > 0 (decisive only),COMPATIBILITY_ONLY_NOT_PRODUCTION,296357.1217,267511.9505,6650.6079,18220,18206,-0.02244119,-0.04150452,-0.02020951,-0.02244119,-6650.6079,296357.1217,OK,0.0000,266.0243,4.0000,96.0000,AG03-UNRESOLVED,ALL5_LEVELS_bet23_to_bet27,266.0243,266.0243,266.0243,332.5304,332.5304,4.000000,4.000000,4.000000,5.000000,5.000000,96.000000,96.000000,96.000000,95.000000,95.000000,5.0,1463.1337,1340.2688,5187.4742,5310.3391,PENDING_AG03,FALSE,NOT_FOR_ENFORCEMENT,6384.5836,256811.4724,6650.6079,6384.5836,266.0243,0.02244119,0.02154355,266.0243,6384.5836,0.02154355,266.0243,266.0243,266.0243,332.5304,332.5304,6384.5836,0.02154355,1463.1337,1340.2688,5187.4742,5310.3391,0.01750413,0.01791872,0.00089765,16.2655,14.6936,0.3653,59.3804,1.1678,2646.0457,162.5536,12.4780,16.8648,9.0895,16.5695,22.0926,29.825,33.4482,44.5976,11.8163,0.0,2.018664,2.691552,0.981654,30,240,141,4,0.10479828,0.02244119,0.04150452,0E-8,0.000000,0.902668,0.011910,-0.02129501,2026-03-22,2026-08-05,112,5695,2177,137,0.817518,0.739886,0.767145,0.349328,,,,,,,,GLOBAL_BASELINE_NO_ENTITY_RANKING,,,NOT_APPLICABLE_GLOBAL_BASELINE,HF9g-P5,,,,X 全窗基线 · 不参与实体赏罚,14195276,1420,A168_HF9F_20260827_0900,2026-08-27 09:00:00
2026-05-02,110249610,2103,0,56.4159168701,-4.6827440880,-4.6827440880,0.5000000,9,9,0.50069283333333333,0.500692833333,-0.003919260948490246,-0.003919260946604642,-0.003919260948490246,3.3333E-13,ELIGIBLE,R03b_20260811_FULL_v1,L1_ELIGIBILITY,v2026-08-11,2026-03-21..2026-08-06,baccarat_bet02_101_all_pairs_incl_sentinel,round_win = game_pnl > 0 (decisive only),COMPATIBILITY_ONLY_NOT_PRODUCTION,296357.1217,267511.9505,6650.6079,18220,18206,-0.02244119,-0.04150452,-0.02020951,-0.02244119,-6650.6079,296357.1217,OK,0.0000,266.0243,4.0000,96.0000,AG03-UNRESOLVED,ALL5_LEVELS_bet23_to_bet27,266.0243,266.0243,266.0243,332.5304,332.5304,4.000000,4.000000,4.000000,5.000000,5.000000,96.000000,96.000000,96.000000,95.000000,95.000000,5.0,1463.1337,1340.2688,5187.4742,5310.3391,PENDING_AG03,FALSE,NOT_FOR_ENFORCEMENT,6384.5836,256811.4724,6650.6079,6384.5836,266.0243,0.02244119,0.02154355,266.0243,6384.5836,0.02154355,266.0243,266.0243,266.0243,332.5304,332.5304,6384.5836,0.02154355,1463.1337,1340.2688,5187.4742,5310.3391,0.01750413,0.01791872,0.00089765,16.2655,14.6936,0.3653,59.3804,1.1678,2646.0457,162.5536,12.4780,16.8648,9.0895,16.5695,22.0926,29.825,33.4482,44.5976,11.8163,0.0,2.018664,2.691552,0.981654,30,240,141,4,0.10479828,0.02244119,0.04150452,0E-8,0.000000,0.902668,0.011910,-0.02129501,2026-03-22,2026-08-05,112,5695,2177,137,0.817518,0.739886,0.767145,0.349328,,,,,,,,GLOBAL_BASELINE_NO_ENTITY_RANKING,,,NOT_APPLICABLE_GLOBAL_BASELINE,HF9g-P5,,,,X 全窗基线 · 不参与实体赏罚,14195277,1420,A168_HF9F_20260827_0900,2026-08-27 09:00:00
2026-05-02,110249610,2109,0,22.1872874647,-4.3482623675,-4.3482623675,0.2500000,4,4,0.49659680000000000,0.496596800000,-0.9864100490137353,-0.9864100490137354,-0.9864100490137353,0E-17,ELIGIBLE,R03b_20260811_FULL_v1,L1_ELIGIBILITY,v2026-08-11,2026-03-21..2026-08-06,baccarat_bet02_101_all_pairs_incl_sentinel,round_win = game_pnl > 0 (decisive only),COMPATIBILITY_ONLY_NOT_PRODUCTION,296357.1217,267511.9505,6650.6079,18220,18206,-0.02244119,-0.04150452,-0.02020951,-0.02244119,-6650.6079,296357.1217,OK,0.0000,266.0243,4.0000,96.0000,AG03-UNRESOLVED,ALL5_LEVELS_bet23_to_bet27,266.0243,266.0243,266.0243,332.5304,332.5304,4.000000,4.000000,4.000000,5.000000,5.000000,96.000000,96.000000,96.000000,95.000000,95.000000,5.0,1463.1337,1340.2688,5187.4742,5310.3391,PENDING_AG03,FALSE,NOT_FOR_ENFORCEMENT,6384.5836,256811.4724,6650.6079,6384.5836,266.0243,0.02244119,0.02154355,266.0243,6384.5836,0.02154355,266.0243,266.0243,266.0243,332.5304,332.5304,6384.5836,0.02154355,1463.1337,1340.2688,5187.4742,5310.3391,0.01750413,0.01791872,0.00089765,16.2655,14.6936,0.3653,59.3804,1.1678,2646.0457,162.5536,12.4780,16.8648,9.0895,16.5695,22.0926,29.825,33.4482,44.5976,11.8163,0.0,2.018664,2.691552,0.981654,30,240,141,4,0.10479828,0.02244119,0.04150452,0E-8,0.000000,0.902668,0.011910,-0.02129501,2026-03-22,2026-08-05,112,5695,2177,137,0.817518,0.739886,0.767145,0.349328,,,,,,,,GLOBAL_BASELINE_NO_ENTITY_RANKING,,,NOT_APPLICABLE_GLOBAL_BASELINE,HF9g-P5,,,,X 全窗基线 · 不参与实体赏罚,14195278,1420,A168_HF9F_20260827_0900,2026-08-27 09:00:00
2026-05-02,110249610,2129,0,7.2471039458,-2.7873476714,-2.7873476714,0.5000000,2,2,0.49324550000000000,0.493245500000,0.01910635448239258,0.01910635448239258,0.01910635448239258,0E-17,ELIGIBLE,R03b_20260811_FULL_v1,L1_ELIGIBILITY,v2026-08-11,2026-03-21..2026-08-06,baccarat_bet02_101_all_pairs_incl_sentinel,round_win = game_pnl > 0 (decisive only),COMPATIBILITY_ONLY_NOT_PRODUCTION,296357.1217,267511.9505,6650.6079,18220,18206,-0.02244119,-0.04150452,-0.02020951,-0.02244119,-6650.6079,296357.1217,OK,0.0000,266.0243,4.0000,96.0000,AG03-UNRESOLVED,ALL5_LEVELS_bet23_to_bet27,266.0243,266.0243,266.0243,332.5304,332.5304,4.000000,4.000000,4.000000,5.000000,5.000000,96.000000,96.000000,96.000000,95.000000,95.000000,5.0,1463.1337,1340.2688,5187.4742,5310.3391,PENDING_AG03,FALSE,NOT_FOR_ENFORCEMENT,6384.5836,256811.4724,6650.6079,6384.5836,266.0243,0.02244119,0.02154355,266.0243,6384.5836,0.02154355,266.0243,266.0243,266.0243,332.5304,332.5304,6384.5836,0.02154355,1463.1337,1340.2688,5187.4742,5310.3391,0.01750413,0.01791872,0.00089765,16.2655,14.6936,0.3653,59.3804,1.1678,2646.0457,162.5536,12.4780,16.8648,9.0895,16.5695,22.0926,29.825,33.4482,44.5976,11.8163,0.0,2.018664,2.691552,0.981654,30,240,141,4,0.10479828,0.02244119,0.04150452,0E-8,0.000000,0.902668,0.011910,-0.02129501,2026-03-22,2026-08-05,112,5695,2177,137,0.817518,0.739886,0.767145,0.349328,,,,,,,,GLOBAL_BASELINE_NO_ENTITY_RANKING,,,NOT_APPLICABLE_GLOBAL_BASELINE,HF9g-P5,,,,X 全窗基线 · 不参与实体赏罚,14195279,1420,A168_HF9F_20260827_0900,2026-08-27 09:00:00
2026-05-02,110249610,2142,0,32.3332329889,-12.7660523352,-12.7660523352,0.5000000,8,8,0.50162375000000000,0.501623750000,-0.009185365523350236,-0.009185365523350236,-0.009185365523350236,0E-17,ELIGIBLE,R03b_20260811_FULL_v1,L1_ELIGIBILITY,v2026-08-11,2026-03-21..2026-08-06,baccarat_bet02_101_all_pairs_incl_sentinel,round_win = game_pnl > 0 (decisive only),COMPATIBILITY_ONLY_NOT_PRODUCTION,296357.1217,267511.9505,6650.6079,18220,18206,-0.02244119,-0.04150452,-0.02020951,-0.02244119,-6650.6079,296357.1217,OK,0.0000,266.0243,4.0000,96.0000,AG03-UNRESOLVED,ALL5_LEVELS_bet23_to_bet27,266.0243,266.0243,266.0243,332.5304,332.5304,4.000000,4.000000,4.000000,5.000000,5.000000,96.000000,96.000000,96.000000,95.000000,95.000000,5.0,1463.1337,1340.2688,5187.4742,5310.3391,PENDING_AG03,FALSE,NOT_FOR_ENFORCEMENT,6384.5836,256811.4724,6650.6079,6384.5836,266.0243,0.02244119,0.02154355,266.0243,6384.5836,0.02154355,266.0243,266.0243,266.0243,332.5304,332.5304,6384.5836,0.02154355,1463.1337,1340.2688,5187.4742,5310.3391,0.01750413,0.01791872,0.00089765,16.2655,14.6936,0.3653,59.3804,1.1678,2646.0457,162.5536,12.4780,16.8648,9.0895,16.5695,22.0926,29.825,33.4482,44.5976,11.8163,0.0,2.018664,2.691552,0.981654,30,240,141,4,0.10479828,0.02244119,0.04150452,0E-8,0.000000,0.902668,0.011910,-0.02129501,2026-03-22,2026-08-05,112,5695,2177,137,0.817518,0.739886,0.767145,0.349328,,,,,,,,GLOBAL_BASELINE_NO_ENTITY_RANKING,,,NOT_APPLICABLE_GLOBAL_BASELINE,HF9g-P5,,,,X 全窗基线 · 不参与实体赏罚,14195280,1420,A168_HF9F_20260827_0900,2026-08-27 09:00:00
2026-05-02,110249610,2147,0,7.8045734800,-4.4597562743,-4.4597562743,0E-7,2,2,0.50665070000000000,0.506650700000,-1.013391052207602,-1.013391052207602,-1.013391052207602,0E-17,ELIGIBLE,R03b_20260811_FULL_v1,L1_ELIGIBILITY,v2026-08-11,2026-03-21..2026-08-06,baccarat_bet02_101_all_pairs_incl_sentinel,round_win = game_pnl > 0 (decisive only),COMPATIBILITY_ONLY_NOT_PRODUCTION,296357.1217,267511.9505,6650.6079,18220,18206,-0.02244119,-0.04150452,-0.02020951,-0.02244119,-6650.6079,296357.1217,OK,0.0000,266.0243,4.0000,96.0000,AG03-UNRESOLVED,ALL5_LEVELS_bet23_to_bet27,266.0243,266.0243,266.0243,332.5304,332.5304,4.000000,4.000000,4.000000,5.000000,5.000000,96.000000,96.000000,96.000000,95.000000,95.000000,5.0,1463.1337,1340.2688,5187.4742,5310.3391,PENDING_AG03,FALSE,NOT_FOR_ENFORCEMENT,6384.5836,256811.4724,6650.6079,6384.5836,266.0243,0.02244119,0.02154355,266.0243,6384.5836,0.02154355,266.0243,266.0243,266.0243,332.5304,332.5304,6384.5836,0.02154355,1463.1337,1340.2688,5187.4742,5310.3391,0.01750413,0.01791872,0.00089765,16.2655,14.6936,0.3653,59.3804,1.1678,2646.0457,162.5536,12.4780,16.8648,9.0895,16.5695,22.0926,29.825,33.4482,44.5976,11.8163,0.0,2.018664,2.691552,0.981654,30,240,141,4,0.10479828,0.02244119,0.04150452,0E-8,0.000000,0.902668,0.011910,-0.02129501,2026-03-22,2026-08-05,112,5695,2177,137,0.817518,0.739886,0.767145,0.349328,,,,,,,,GLOBAL_BASELINE_NO_ENTITY_RANKING,,,NOT_APPLICABLE_GLOBAL_BASELINE,HF9g-P5,,,,X 全窗基线 · 不参与实体赏罚,14195281,1420,A168_HF9F_20260827_0900,2026-08-27 09:00:00
2026-05-02,110249610,2155,0,20.0689032344,1.6724086029,1.6724086029,0.6666667,3,3,0.50665070000000000,0.506650700000,0.5543606114942035,0.5543606114942035,0.5543606114942035,0E-17,ELIGIBLE,R03b_20260811_FULL_v1,L1_ELIGIBILITY,v2026-08-11,2026-03-21..2026-08-06,baccarat_bet02_101_all_pairs_incl_sentinel,round_win = game_pnl > 0 (decisive only),COMPATIBILITY_ONLY_NOT_PRODUCTION,296357.1217,267511.9505,6650.6079,18220,18206,-0.02244119,-0.04150452,-0.02020951,-0.02244119,-6650.6079,296357.1217,OK,0.0000,266.0243,4.0000,96.0000,AG03-UNRESOLVED,ALL5_LEVELS_bet23_to_bet27,266.0243,266.0243,266.0243,332.5304,332.5304,4.000000,4.000000,4.000000,5.000000,5.000000,96.000000,96.000000,96.000000,95.000000,95.000000,5.0,1463.1337,1340.2688,5187.4742,5310.3391,PENDING_AG03,FALSE,NOT_FOR_ENFORCEMENT,6384.5836,256811.4724,6650.6079,6384.5836,266.0243,0.02244119,0.02154355,266.0243,6384.5836,0.02154355,266.0243,266.0243,266.0243,332.5304,332.5304,6384.5836,0.02154355,1463.1337,1340.2688,5187.4742,5310.3391,0.01750413,0.01791872,0.00089765,16.2655,14.6936,0.3653,59.3804,1.1678,2646.0457,162.5536,12.4780,16.8648,9.0895,16.5695,22.0926,29.825,33.4482,44.5976,11.8163,0.0,2.018664,2.691552,0.981654,30,240,141,4,0.10479828,0.02244119,0.04150452,0E-8,0.000000,0.902668,0.011910,-0.02129501,2026-03-22,2026-08-05,112,5695,2177,137,0.817518,0.739886,0.767145,0.349328,,,,,,,,GLOBAL_BASELINE_NO_ENTITY_RANKING,,,NOT_APPLICABLE_GLOBAL_BASELINE,HF9g-P5,,,,X 全窗基线 · 不参与实体赏罚,14195282,1420,A168_HF9F_20260827_0900,2026-08-27 09:00:00
2026-05-02,110249610,2156,0,107.0341505838,12.5709379983,12.5709379983,0.6923077,15,15,0.50396966000000000,0.503969660000,1.3581676704422694,1.3581676704422694,1.3581676704422694,0E-17,ELIGIBLE,R03b_20260811_FULL_v1,L1_ELIGIBILITY,v2026-08-11,2026-03-21..2026-08-06,baccarat_bet02_101_all_pairs_incl_sentinel,round_win = game_pnl > 0 (decisive only),COMPATIBILITY_ONLY_NOT_PRODUCTION,296357.1217,267511.9505,6650.6079,18220,18206,-0.02244119,-0.04150452,-0.02020951,-0.02244119,-6650.6079,296357.1217,OK,0.0000,266.0243,4.0000,96.0000,AG03-UNRESOLVED,ALL5_LEVELS_bet23_to_bet27,266.0243,266.0243,266.0243,332.5304,332.5304,4.000000,4.000000,4.000000,5.000000,5.000000,96.000000,96.000000,96.000000,95.000000,95.000000,5.0,1463.1337,1340.2688,5187.4742,5310.3391,PENDING_AG03,FALSE,NOT_FOR_ENFORCEMENT,6384.5836,256811.4724,6650.6079,6384.5836,266.0243,0.02244119,0.02154355,266.0243,6384.5836,0.02154355,266.0243,266.0243,266.0243,332.5304,332.5304,6384.5836,0.02154355,1463.1337,1340.2688,5187.4742,5310.3391,0.01750413,0.01791872,0.00089765,16.2655,14.6936,0.3653,59.3804,1.1678,2646.0457,162.5536,12.4780,16.8648,9.0895,16.5695,22.0926,29.825,33.4482,44.5976,11.8163,0.0,2.018664,2.691552,0.981654,30,240,141,4,0.10479828,0.02244119,0.04150452,0E-8,0.000000,0.902668,0.011910,-0.02129501,2026-03-22,2026-08-05,112,5695,2177,137,0.817518,0.739886,0.767145,0.349328,,,,,,,,GLOBAL_BASELINE_NO_ENTITY_RANKING,,,NOT_APPLICABLE_GLOBAL_BASELINE,HF9g-P5,,,,X 全窗基线 · 不参与实体赏罚,14195283,1420,A168_HF9F_20260827_0900,2026-08-27 09:00:00
2026-05-02,110249610,2160,0,24.5286595087,-2.5643598577,-2.5643598577,0.5000000,3,3,0.50665070000000000,0.506650700000,-0.018812684590367487,-0.018812684590367487,-0.018812684590367487,0E-17,ELIGIBLE,R03b_20260811_FULL_v1,L1_ELIGIBILITY,v2026-08-11,2026-03-21..2026-08-06,baccarat_bet02_101_all_pairs_incl_sentinel,round_win = game_pnl > 0 (decisive only),COMPATIBILITY_ONLY_NOT_PRODUCTION,296357.1217,267511.9505,6650.6079,18220,18206,-0.02244119,-0.04150452,-0.02020951,-0.02244119,-6650.6079,296357.1217,OK,0.0000,266.0243,4.0000,96.0000,AG03-UNRESOLVED,ALL5_LEVELS_bet23_to_bet27,266.0243,266.0243,266.0243,332.5304,332.5304,4.000000,4.000000,4.000000,5.000000,5.000000,96.000000,96.000000,96.000000,95.000000,95.000000,5.0,1463.1337,1340.2688,5187.4742,5310.3391,PENDING_AG03,FALSE,NOT_FOR_ENFORCEMENT,6384.5836,256811.4724,6650.6079,6384.5836,266.0243,0.02244119,0.02154355,266.0243,6384.5836,0.02154355,266.0243,266.0243,266.0243,332.5304,332.5304,6384.5836,0.02154355,1463.1337,1340.2688,5187.4742,5310.3391,0.01750413,0.01791872,0.00089765,16.2655,14.6936,0.3653,59.3804,1.1678,2646.0457,162.5536,12.4780,16.8648,9.0895,16.5695,22.0926,29.825,33.4482,44.5976,11.8163,0.0,2.018664,2.691552,0.981654,30,240,141,4,0.10479828,0.02244119,0.04150452,0E-8,0.000000,0.902668,0.011910,-0.02129501,2026-03-22,2026-08-05,112,5695,2177,137,0.817518,0.739886,0.767145,0.349328,,,,,,,,GLOBAL_BASELINE_NO_ENTITY_RANKING,,,NOT_APPLICABLE_GLOBAL_BASELINE,HF9g-P5,,,,X 全窗基线 · 不参与实体赏罚,14195284,1420,A168_HF9F_20260827_0900,2026-08-27 09:00:00
2026-05-02,110249610,2216,0,33.4481720574,-20.4033849550,-20.4033849550,0.2000000,5,5,0.50396966000000000,0.503969660000,-1.3594364909357963,-1.3594364909357963,-1.3594364909357963,0E-17,ELIGIBLE,R03b_20260811_FULL_v1,L1_ELIGIBILITY,v2026-08-11,2026-03-21..2026-08-06,baccarat_bet02_101_all_pairs_incl_sentinel,round_win = game_pnl > 0 (decisive only),COMPATIBILITY_ONLY_NOT_PRODUCTION,296357.1217,267511.9505,6650.6079,18220,18206,-0.02244119,-0.04150452,-0.02020951,-0.02244119,-6650.6079,296357.1217,OK,0.0000,266.0243,4.0000,96.0000,AG03-UNRESOLVED,ALL5_LEVELS_bet23_to_bet27,266.0243,266.0243,266.0243,332.5304,332.5304,4.000000,4.000000,4.000000,5.000000,5.000000,96.000000,96.000000,96.000000,95.000000,95.000000,5.0,1463.1337,1340.2688,5187.4742,5310.3391,PENDING_AG03,FALSE,NOT_FOR_ENFORCEMENT,6384.5836,256811.4724,6650.6079,6384.5836,266.0243,0.02244119,0.02154355,266.0243,6384.5836,0.02154355,266.0243,266.0243,266.0243,332.5304,332.5304,6384.5836,0.02154355,1463.1337,1340.2688,5187.4742,5310.3391,0.01750413,0.01791872,0.00089765,16.2655,14.6936,0.3653,59.3804,1.1678,2646.0457,162.5536,12.4780,16.8648,9.0895,16.5695,22.0926,29.825,33.4482,44.5976,11.8163,0.0,2.018664,2.691552,0.981654,30,240,141,4,0.10479828,0.02244119,0.04150452,0E-8,0.000000,0.902668,0.011910,-0.02129501,2026-03-22,2026-08-05,112,5695,2177,137,0.817518,0.739886,0.767145,0.349328,,,,,,,,GLOBAL_BASELINE_NO_ENTITY_RANKING,,,NOT_APPLICABLE_GLOBAL_BASELINE,HF9g-P5,,,,X 全窗基线 · 不参与实体赏罚,14195285,1420,A168_HF9F_20260827_0900,2026-08-27 09:00:00
2026-05-02,110249610,2218,0,13.3792688230,-2.4528659509,-2.4528659509,0.4000000,5,5,0.50128862000000000,0.501288620000,-0.4529779837142727,-0.4529779837142727,-0.4529779837142727,0E-17,ELIGIBLE,R03b_20260811_FULL_v1,L1_ELIGIBILITY,v2026-08-11,2026-03-21..2026-08-06,baccarat_bet02_101_all_pairs_incl_sentinel,round_win = game_pnl > 0 (decisive only),COMPATIBILITY_ONLY_NOT_PRODUCTION,296357.1217,267511.9505,6650.6079,18220,18206,-0.02244119,-0.04150452,-0.02020951,-0.02244119,-6650.6079,296357.1217,OK,0.0000,266.0243,4.0000,96.0000,AG03-UNRESOLVED,ALL5_LEVELS_bet23_to_bet27,266.0243,266.0243,266.0243,332.5304,332.5304,4.000000,4.000000,4.000000,5.000000,5.000000,96.000000,96.000000,96.000000,95.000000,95.000000,5.0,1463.1337,1340.2688,5187.4742,5310.3391,PENDING_AG03,FALSE,NOT_FOR_ENFORCEMENT,6384.5836,256811.4724,6650.6079,6384.5836,266.0243,0.02244119,0.02154355,266.0243,6384.5836,0.02154355,266.0243,266.0243,266.0243,332.5304,332.5304,6384.5836,0.02154355,1463.1337,1340.2688,5187.4742,5310.3391,0.01750413,0.01791872,0.00089765,16.2655,14.6936,0.3653,59.3804,1.1678,2646.0457,162.5536,12.4780,16.8648,9.0895,16.5695,22.0926,29.825,33.4482,44.5976,11.8163,0.0,2.018664,2.691552,0.981654,30,240,141,4,0.10479828,0.02244119,0.04150452,0E-8,0.000000,0.902668,0.011910,-0.02129501,2026-03-22,2026-08-05,112,5695,2177,137,0.817518,0.739886,0.767145,0.349328,,,,,,,,GLOBAL_BASELINE_NO_ENTITY_RANKING,,,NOT_APPLICABLE_GLOBAL_BASELINE,HF9g-P5,,,,X 全窗基线 · 不参与实体赏罚,14195286,1420,A168_HF9F_20260827_0900,2026-08-27 09:00:00
2026-05-02,110249610,2229,0,8.9195125486,-8.9195125486,-8.9195125486,0E-7,1,1,0.50665070000000000,0.506650700000,-1.013391052207602,-1.013391052207602,-1.013391052207602,0E-17,ELIGIBLE,R03b_20260811_FULL_v1,L1_ELIGIBILITY,v2026-08-11,2026-03-21..2026-08-06,baccarat_bet02_101_all_pairs_incl_sentinel,round_win = game_pnl > 0 (decisive only),COMPATIBILITY_ONLY_NOT_PRODUCTION,296357.1217,267511.9505,6650.6079,18220,18206,-0.02244119,-0.04150452,-0.02020951,-0.02244119,-6650.6079,296357.1217,OK,0.0000,266.0243,4.0000,96.0000,AG03-UNRESOLVED,ALL5_LEVELS_bet23_to_bet27,266.0243,266.0243,266.0243,332.5304,332.5304,4.000000,4.000000,4.000000,5.000000,5.000000,96.000000,96.000000,96.000000,95.000000,95.000000,5.0,1463.1337,1340.2688,5187.4742,5310.3391,PENDING_AG03,FALSE,NOT_FOR_ENFORCEMENT,6384.5836,256811.4724,6650.6079,6384.5836,266.0243,0.02244119,0.02154355,266.0243,6384.5836,0.02154355,266.0243,266.0243,266.0243,332.5304,332.5304,6384.5836,0.02154355,1463.1337,1340.2688,5187.4742,5310.3391,0.01750413,0.01791872,0.00089765,16.2655,14.6936,0.3653,59.3804,1.1678,2646.0457,162.5536,12.4780,16.8648,9.0895,16.5695,22.0926,29.825,33.4482,44.5976,11.8163,0.0,2.018664,2.691552,0.981654,30,240,141,4,0.10479828,0.02244119,0.04150452,0E-8,0.000000,0.902668,0.011910,-0.02129501,2026-03-22,2026-08-05,112,5695,2177,137,0.817518,0.739886,0.767145,0.349328,,,,,,,,GLOBAL_BASELINE_NO_ENTITY_RANKING,,,NOT_APPLICABLE_GLOBAL_BASELINE,HF9g-P5,,,,X 全窗基线 · 不参与实体赏罚,14195287,1420,A168_HF9F_20260827_0900,2026-08-27 09:00:00
2026-05-02,110249610,2244,0,11.1493906858,-2.4528659509,-2.4528659509,0.5000000,2,2,0.50665070000000000,0.506650700000,-0.018812684590367487,-0.018812684590367487,-0.018812684590367487,0E-17,ELIGIBLE,R03b_20260811_FULL_v1,L1_ELIGIBILITY,v2026-08-11,2026-03-21..2026-08-06,baccarat_bet02_101_all_pairs_incl_sentinel,round_win = game_pnl > 0 (decisive only),COMPATIBILITY_ONLY_NOT_PRODUCTION,296357.1217,267511.9505,6650.6079,18220,18206,-0.02244119,-0.04150452,-0.02020951,-0.02244119,-6650.6079,296357.1217,OK,0.0000,266.0243,4.0000,96.0000,AG03-UNRESOLVED,ALL5_LEVELS_bet23_to_bet27,266.0243,266.0243,266.0243,332.5304,332.5304,4.000000,4.000000,4.000000,5.000000,5.000000,96.000000,96.000000,96.000000,95.000000,95.000000,5.0,1463.1337,1340.2688,5187.4742,5310.3391,PENDING_AG03,FALSE,NOT_FOR_ENFORCEMENT,6384.5836,256811.4724,6650.6079,6384.5836,266.0243,0.02244119,0.02154355,266.0243,6384.5836,0.02154355,266.0243,266.0243,266.0243,332.5304,332.5304,6384.5836,0.02154355,1463.1337,1340.2688,5187.4742,5310.3391,0.01750413,0.01791872,0.00089765,16.2655,14.6936,0.3653,59.3804,1.1678,2646.0457,162.5536,12.4780,16.8648,9.0895,16.5695,22.0926,29.825,33.4482,44.5976,11.8163,0.0,2.018664,2.691552,0.981654,30,240,141,4,0.10479828,0.02244119,0.04150452,0E-8,0.000000,0.902668,0.011910,-0.02129501,2026-03-22,2026-08-05,112,5695,2177,137,0.817518,0.739886,0.767145,0.349328,,,,,,,,GLOBAL_BASELINE_NO_ENTITY_RANKING,,,NOT_APPLICABLE_GLOBAL_BASELINE,HF9g-P5,,,,X 全窗基线 · 不参与实体赏罚,14195288,1420,A168_HF9F_20260827_0900,2026-08-27 09:00:00
2026-05-02,110249610,2251,0,28.4309462488,23.9711899744,23.9711899744,0.7500000,4,4,0.49324550000000000,0.493245500000,1.0271117246678039,1.0271117246678039,1.0271117246678039,0E-17,ELIGIBLE,R03b_20260811_FULL_v1,L1_ELIGIBILITY,v2026-08-11,2026-03-21..2026-08-06,baccarat_bet02_101_all_pairs_incl_sentinel,round_win = game_pnl > 0 (decisive only),COMPATIBILITY_ONLY_NOT_PRODUCTION,296357.1217,267511.9505,6650.6079,18220,18206,-0.02244119,-0.04150452,-0.02020951,-0.02244119,-6650.6079,296357.1217,OK,0.0000,266.0243,4.0000,96.0000,AG03-UNRESOLVED,ALL5_LEVELS_bet23_to_bet27,266.0243,266.0243,266.0243,332.5304,332.5304,4.000000,4.000000,4.000000,5.000000,5.000000,96.000000,96.000000,96.000000,95.000000,95.000000,5.0,1463.1337,1340.2688,5187.4742,5310.3391,PENDING_AG03,FALSE,NOT_FOR_ENFORCEMENT,6384.5836,256811.4724,6650.6079,6384.5836,266.0243,0.02244119,0.02154355,266.0243,6384.5836,0.02154355,266.0243,266.0243,266.0243,332.5304,332.5304,6384.5836,0.02154355,1463.1337,1340.2688,5187.4742,5310.3391,0.01750413,0.01791872,0.00089765,16.2655,14.6936,0.3653,59.3804,1.1678,2646.0457,162.5536,12.4780,16.8648,9.0895,16.5695,22.0926,29.825,33.4482,44.5976,11.8163,0.0,2.018664,2.691552,0.981654,30,240,141,4,0.10479828,0.02244119,0.04150452,0E-8,0.000000,0.902668,0.011910,-0.02129501,2026-03-22,2026-08-05,112,5695,2177,137,0.817518,0.739886,0.767145,0.349328,,,,,,,,GLOBAL_BASELINE_NO_ENTITY_RANKING,,,NOT_APPLICABLE_GLOBAL_BASELINE,HF9g-P5,,,,X 全窗基线 · 不参与实体赏罚,14195289,1420,A168_HF9F_20260827_0900,2026-08-27 09:00:00
2026-05-02,110249610,2254,0,1.1149390686,-1.1149390686,-1.1149390686,0E-7,1,1,0.49324550000000000,0.493245500000,-0.9865810262130424,-0.9865810262130424,-0.9865810262130424,0E-17,ELIGIBLE,R03b_20260811_FULL_v1,L1_ELIGIBILITY,v2026-08-11,2026-03-21..2026-08-06,baccarat_bet02_101_all_pairs_incl_sentinel,round_win = game_pnl > 0 (decisive only),COMPATIBILITY_ONLY_NOT_PRODUCTION,296357.1217,267511.9505,6650.6079,18220,18206,-0.02244119,-0.04150452,-0.02020951,-0.02244119,-6650.6079,296357.1217,OK,0.0000,266.0243,4.0000,96.0000,AG03-UNRESOLVED,ALL5_LEVELS_bet23_to_bet27,266.0243,266.0243,266.0243,332.5304,332.5304,4.000000,4.000000,4.000000,5.000000,5.000000,96.000000,96.000000,96.000000,95.000000,95.000000,5.0,1463.1337,1340.2688,5187.4742,5310.3391,PENDING_AG03,FALSE,NOT_FOR_ENFORCEMENT,6384.5836,256811.4724,6650.6079,6384.5836,266.0243,0.02244119,0.02154355,266.0243,6384.5836,0.02154355,266.0243,266.0243,266.0243,332.5304,332.5304,6384.5836,0.02154355,1463.1337,1340.2688,5187.4742,5310.3391,0.01750413,0.01791872,0.00089765,16.2655,14.6936,0.3653,59.3804,1.1678,2646.0457,162.5536,12.4780,16.8648,9.0895,16.5695,22.0926,29.825,33.4482,44.5976,11.8163,0.0,2.018664,2.691552,0.981654,30,240,141,4,0.10479828,0.02244119,0.04150452,0E-8,0.000000,0.902668,0.011910,-0.02129501,2026-03-22,2026-08-05,112,5695,2177,137,0.817518,0.739886,0.767145,0.349328,,,,,,,,GLOBAL_BASELINE_NO_ENTITY_RANKING,,,NOT_APPLICABLE_GLOBAL_BASELINE,HF9g-P5,,,,X 全窗基线 · 不参与实体赏罚,14195290,1420,A168_HF9F_20260827_0900,2026-08-27 09:00:00
2026-05-02,110249610,2261,0,14.4942078915,13.7694974970,13.7694974970,1.0000000,2,2,0.50665070000000000,0.506650700000,1.3955260008387969,1.3955260008387969,1.3955260008387969,0E-17,ELIGIBLE,R03b_20260811_FULL_v1,L1_ELIGIBILITY,v2026-08-11,2026-03-21..2026-08-06,baccarat_bet02_101_all_pairs_incl_sentinel,round_win = game_pnl > 0 (decisive only),COMPATIBILITY_ONLY_NOT_PRODUCTION,296357.1217,267511.9505,6650.6079,18220,18206,-0.02244119,-0.04150452,-0.02020951,-0.02244119,-6650.6079,296357.1217,OK,0.0000,266.0243,4.0000,96.0000,AG03-UNRESOLVED,ALL5_LEVELS_bet23_to_bet27,266.0243,266.0243,266.0243,332.5304,332.5304,4.000000,4.000000,4.000000,5.000000,5.000000,96.000000,96.000000,96.000000,95.000000,95.000000,5.0,1463.1337,1340.2688,5187.4742,5310.3391,PENDING_AG03,FALSE,NOT_FOR_ENFORCEMENT,6384.5836,256811.4724,6650.6079,6384.5836,266.0243,0.02244119,0.02154355,266.0243,6384.5836,0.02154355,266.0243,266.0243,266.0243,332.5304,332.5304,6384.5836,0.02154355,1463.1337,1340.2688,5187.4742,5310.3391,0.01750413,0.01791872,0.00089765,16.2655,14.6936,0.3653,59.3804,1.1678,2646.0457,162.5536,12.4780,16.8648,9.0895,16.5695,22.0926,29.825,33.4482,44.5976,11.8163,0.0,2.018664,2.691552,0.981654,30,240,141,4,0.10479828,0.02244119,0.04150452,0E-8,0.000000,0.902668,0.011910,-0.02129501,2026-03-22,2026-08-05,112,5695,2177,137,0.817518,0.739886,0.767145,0.349328,,,,,,,,GLOBAL_BASELINE_NO_ENTITY_RANKING,,,NOT_APPLICABLE_GLOBAL_BASELINE,HF9g-P5,,,,X 全窗基线 · 不参与实体赏罚,14195291,1420,A168_HF9F_20260827_0900,2026-08-27 09:00:00
2026-05-02,110249610,2271,0,3.1218293920,-3.1218293920,-3.1218293920,0E-7,1,1,0.50665070000000000,0.506650700000,-1.013391052207602,-1.013391052207602,-1.013391052207602,0E-17,ELIGIBLE,R03b_20260811_FULL_v1,L1_ELIGIBILITY,v2026-08-11,2026-03-21..2026-08-06,baccarat_bet02_101_all_pairs_incl_sentinel,round_win = game_pnl > 0 (decisive only),COMPATIBILITY_ONLY_NOT_PRODUCTION,296357.1217,267511.9505,6650.6079,18220,18206,-0.02244119,-0.04150452,-0.02020951,-0.02244119,-6650.6079,296357.1217,OK,0.0000,266.0243,4.0000,96.0000,AG03-UNRESOLVED,ALL5_LEVELS_bet23_to_bet27,266.0243,266.0243,266.0243,332.5304,332.5304,4.000000,4.000000,4.000000,5.000000,5.000000,96.000000,96.000000,96.000000,95.000000,95.000000,5.0,1463.1337,1340.2688,5187.4742,5310.3391,PENDING_AG03,FALSE,NOT_FOR_ENFORCEMENT,6384.5836,256811.4724,6650.6079,6384.5836,266.0243,0.02244119,0.02154355,266.0243,6384.5836,0.02154355,266.0243,266.0243,266.0243,332.5304,332.5304,6384.5836,0.02154355,1463.1337,1340.2688,5187.4742,5310.3391,0.01750413,0.01791872,0.00089765,16.2655,14.6936,0.3653,59.3804,1.1678,2646.0457,162.5536,12.4780,16.8648,9.0895,16.5695,22.0926,29.825,33.4482,44.5976,11.8163,0.0,2.018664,2.691552,0.981654,30,240,141,4,0.10479828,0.02244119,0.04150452,0E-8,0.000000,0.902668,0.011910,-0.02129501,2026-03-22,2026-08-05,112,5695,2177,137,0.817518,0.739886,0.767145,0.349328,,,,,,,,GLOBAL_BASELINE_NO_ENTITY_RANKING,,,NOT_APPLICABLE_GLOBAL_BASELINE,HF9g-P5,,,,X 全窗基线 · 不参与实体赏罚,14195292,1420,A168_HF9F_20260827_0900,2026-08-27 09:00:00
2026-05-02,110249610,526,0,17.8390250973,-6.9683691786,-6.9683691786,0.3333333,3,3,0.50218230000000000,0.502182300000,-0.5849155494134425,-0.5849155494134426,-0.5849155494134425,0E-17,ELIGIBLE,R03b_20260811_FULL_v1,L1_ELIGIBILITY,v2026-08-11,2026-03-21..2026-08-06,baccarat_bet02_101_all_pairs_incl_sentinel,round_win = game_pnl > 0 (decisive only),COMPATIBILITY_ONLY_NOT_PRODUCTION,296357.1217,267511.9505,6650.6079,18220,18206,-0.02244119,-0.04150452,-0.02020951,-0.02244119,-6650.6079,296357.1217,OK,0.0000,266.0243,4.0000,96.0000,AG03-UNRESOLVED,ALL5_LEVELS_bet23_to_bet27,266.0243,266.0243,266.0243,332.5304,332.5304,4.000000,4.000000,4.000000,5.000000,5.000000,96.000000,96.000000,96.000000,95.000000,95.000000,5.0,1463.1337,1340.2688,5187.4742,5310.3391,PENDING_AG03,FALSE,NOT_FOR_ENFORCEMENT,6384.5836,256811.4724,6650.6079,6384.5836,266.0243,0.02244119,0.02154355,266.0243,6384.5836,0.02154355,266.0243,266.0243,266.0243,332.5304,332.5304,6384.5836,0.02154355,1463.1337,1340.2688,5187.4742,5310.3391,0.01750413,0.01791872,0.00089765,16.2655,14.6936,0.3653,59.3804,1.1678,2646.0457,162.5536,12.4780,16.8648,9.0895,16.5695,22.0926,29.825,33.4482,44.5976,11.8163,0.0,2.018664,2.691552,0.981654,30,240,141,4,0.10479828,0.02244119,0.04150452,0E-8,0.000000,0.902668,0.011910,-0.02129501,2026-03-22,2026-08-05,112,5695,2177,137,0.817518,0.739886,0.767145,0.349328,,,,,,,,GLOBAL_BASELINE_NO_ENTITY_RANKING,,,NOT_APPLICABLE_GLOBAL_BASELINE,HF9g-P5,,,,X 全窗基线 · 不参与实体赏罚,14195293,1420,A168_HF9F_20260827_0900,2026-08-27 09:00:00
2026-05-02,110249610,550,0,20.0689032344,-20.0689032344,-20.0689032344,0E-7,2,2,0.49994810000000000,0.499948100000,-1.4140667746232096,-1.4140667746232096,-1.4140667746232096,0E-17,ELIGIBLE,R03b_20260811_FULL_v1,L1_ELIGIBILITY,v2026-08-11,2026-03-21..2026-08-06,baccarat_bet02_101_all_pairs_incl_sentinel,round_win = game_pnl > 0 (decisive only),COMPATIBILITY_ONLY_NOT_PRODUCTION,296357.1217,267511.9505,6650.6079,18220,18206,-0.02244119,-0.04150452,-0.02020951,-0.02244119,-6650.6079,296357.1217,OK,0.0000,266.0243,4.0000,96.0000,AG03-UNRESOLVED,ALL5_LEVELS_bet23_to_bet27,266.0243,266.0243,266.0243,332.5304,332.5304,4.000000,4.000000,4.000000,5.000000,5.000000,96.000000,96.000000,96.000000,95.000000,95.000000,5.0,1463.1337,1340.2688,5187.4742,5310.3391,PENDING_AG03,FALSE,NOT_FOR_ENFORCEMENT,6384.5836,256811.4724,6650.6079,6384.5836,266.0243,0.02244119,0.02154355,266.0243,6384.5836,0.02154355,266.0243,266.0243,266.0243,332.5304,332.5304,6384.5836,0.02154355,1463.1337,1340.2688,5187.4742,5310.3391,0.01750413,0.01791872,0.00089765,16.2655,14.6936,0.3653,59.3804,1.1678,2646.0457,162.5536,12.4780,16.8648,9.0895,16.5695,22.0926,29.825,33.4482,44.5976,11.8163,0.0,2.018664,2.691552,0.981654,30,240,141,4,0.10479828,0.02244119,0.04150452,0E-8,0.000000,0.902668,0.011910,-0.02129501,2026-03-22,2026-08-05,112,5695,2177,137,0.817518,0.739886,0.767145,0.349328,,,,,,,,GLOBAL_BASELINE_NO_ENTITY_RANKING,,,NOT_APPLICABLE_GLOBAL_BASELINE,HF9g-P5,,,,X 全窗基线 · 不参与实体赏罚,14195294,1420,A168_HF9F_20260827_0900,2026-08-27 09:00:00
2026-05-02,110249610,993,0,38.6883856798,-13.0447871024,-13.0447871024,0.4000000,5,5,0.49592654000000000,0.495926540000,-0.42901076602576227,-0.42901076602576227,-0.42901076602576227,0E-17,ELIGIBLE,R03b_20260811_FULL_v1,L1_ELIGIBILITY,v2026-08-11,2026-03-21..2026-08-06,baccarat_bet02_101_all_pairs_incl_sentinel,round_win = game_pnl > 0 (decisive only),COMPATIBILITY_ONLY_NOT_PRODUCTION,296357.1217,267511.9505,6650.6079,18220,18206,-0.02244119,-0.04150452,-0.02020951,-0.02244119,-6650.6079,296357.1217,OK,0.0000,266.0243,4.0000,96.0000,AG03-UNRESOLVED,ALL5_LEVELS_bet23_to_bet27,266.0243,266.0243,266.0243,332.5304,332.5304,4.000000,4.000000,4.000000,5.000000,5.000000,96.000000,96.000000,96.000000,95.000000,95.000000,5.0,1463.1337,1340.2688,5187.4742,5310.3391,PENDING_AG03,FALSE,NOT_FOR_ENFORCEMENT,6384.5836,256811.4724,6650.6079,6384.5836,266.0243,0.02244119,0.02154355,266.0243,6384.5836,0.02154355,266.0243,266.0243,266.0243,332.5304,332.5304,6384.5836,0.02154355,1463.1337,1340.2688,5187.4742,5310.3391,0.01750413,0.01791872,0.00089765,16.2655,14.6936,0.3653,59.3804,1.1678,2646.0457,162.5536,12.4780,16.8648,9.0895,16.5695,22.0926,29.825,33.4482,44.5976,11.8163,0.0,2.018664,2.691552,0.981654,30,240,141,4,0.10479828,0.02244119,0.04150452,0E-8,0.000000,0.902668,0.011910,-0.02129501,2026-03-22,2026-08-05,112,5695,2177,137,0.817518,0.739886,0.767145,0.349328,,,,,,,,GLOBAL_BASELINE_NO_ENTITY_RANKING,,,NOT_APPLICABLE_GLOBAL_BASELINE,HF9g-P5,,,,X 全窗基线 · 不参与实体赏罚,14195295,1420,A168_HF9F_20260827_0900,2026-08-27 09:00:00
2026-05-03,110249610,-1,1,5.4632014361,1.0591921152,1.0591921152,0.6666667,3,3,0.50665070000000000,0.506650700000,0.5543606114942035,0.5543606114942035,0.5543606114942035,0E-17,SENTINEL_DEALER,R03b_20260811_FULL_v1,L1_ELIGIBILITY,v2026-08-11,2026-03-21..2026-08-06,baccarat_bet02_101_all_pairs_incl_sentinel,round_win = game_pnl > 0 (decisive only),COMPATIBILITY_ONLY_NOT_PRODUCTION,296357.1217,267511.9505,6650.6079,18220,18206,-0.02244119,-0.04150452,-0.02020951,-0.02244119,-6650.6079,296357.1217,OK,0.0000,266.0243,4.0000,96.0000,AG03-UNRESOLVED,ALL5_LEVELS_bet23_to_bet27,266.0243,266.0243,266.0243,332.5304,332.5304,4.000000,4.000000,4.000000,5.000000,5.000000,96.000000,96.000000,96.000000,95.000000,95.000000,5.0,1463.1337,1340.2688,5187.4742,5310.3391,PENDING_AG03,FALSE,NOT_FOR_ENFORCEMENT,6384.5836,256811.4724,6650.6079,6384.5836,266.0243,0.02244119,0.02154355,266.0243,6384.5836,0.02154355,266.0243,266.0243,266.0243,332.5304,332.5304,6384.5836,0.02154355,1463.1337,1340.2688,5187.4742,5310.3391,0.01750413,0.01791872,0.00089765,16.2655,14.6936,0.3653,59.3804,1.1678,2646.0457,162.5536,12.4780,16.8648,9.0895,16.5695,22.0926,29.825,33.4482,44.5976,11.8163,0.0,2.018664,2.691552,0.981654,30,240,141,4,0.10479828,0.02244119,0.04150452,0E-8,0.000000,0.902668,0.011910,-0.02129501,2026-03-22,2026-08-05,112,5695,2177,137,0.817518,0.739886,0.767145,0.349328,,,,,,,,GLOBAL_BASELINE_NO_ENTITY_RANKING,,,NOT_APPLICABLE_GLOBAL_BASELINE,HF9g-P5,,,,X 全窗基线 · 不参与实体赏罚,14195296,1420,A168_HF9F_20260827_0900,2026-08-27 09:00:00
2026-05-03,110249610,1985,0,2.2298781372,-2.2298781372,-2.2298781372,0E-7,1,1,0.50665070000000000,0.506650700000,-1.013391052207602,-1.013391052207602,-1.013391052207602,0E-17,ELIGIBLE,R03b_20260811_FULL_v1,L1_ELIGIBILITY,v2026-08-11,2026-03-21..2026-08-06,baccarat_bet02_101_all_pairs_incl_sentinel,round_win = game_pnl > 0 (decisive only),COMPATIBILITY_ONLY_NOT_PRODUCTION,296357.1217,267511.9505,6650.6079,18220,18206,-0.02244119,-0.04150452,-0.02020951,-0.02244119,-6650.6079,296357.1217,OK,0.0000,266.0243,4.0000,96.0000,AG03-UNRESOLVED,ALL5_LEVELS_bet23_to_bet27,266.0243,266.0243,266.0243,332.5304,332.5304,4.000000,4.000000,4.000000,5.000000,5.000000,96.000000,96.000000,96.000000,95.000000,95.000000,5.0,1463.1337,1340.2688,5187.4742,5310.3391,PENDING_AG03,FALSE,NOT_FOR_ENFORCEMENT,6384.5836,256811.4724,6650.6079,6384.5836,266.0243,0.02244119,0.02154355,266.0243,6384.5836,0.02154355,266.0243,266.0243,266.0243,332.5304,332.5304,6384.5836,0.02154355,1463.1337,1340.2688,5187.4742,5310.3391,0.01750413,0.01791872,0.00089765,16.2655,14.6936,0.3653,59.3804,1.1678,2646.0457,162.5536,12.4780,16.8648,9.0895,16.5695,22.0926,29.825,33.4482,44.5976,11.8163,0.0,2.018664,2.691552,0.981654,30,240,141,4,0.10479828,0.02244119,0.04150452,0E-8,0.000000,0.902668,0.011910,-0.02129501,2026-03-22,2026-08-05,112,5695,2177,137,0.817518,0.739886,0.767145,0.349328,,,,,,,,GLOBAL_BASELINE_NO_ENTITY_RANKING,,,NOT_APPLICABLE_GLOBAL_BASELINE,HF9g-P5,,,,X 全窗基线 · 不参与实体赏罚,14195297,1420,A168_HF9F_20260827_0900,2026-08-27 09:00:00
2026-05-03,110249610,986,0,3.9022867400,-3.9022867400,-3.9022867400,0E-7,1,1,0.49324550000000000,0.493245500000,-0.9865810262130424,-0.9865810262130424,-0.9865810262130424,0E-17,ELIGIBLE,R03b_20260811_FULL_v1,L1_ELIGIBILITY,v2026-08-11,2026-03-21..2026-08-06,baccarat_bet02_101_all_pairs_incl_sentinel,round_win = game_pnl > 0 (decisive only),COMPATIBILITY_ONLY_NOT_PRODUCTION,296357.1217,267511.9505,6650.6079,18220,18206,-0.02244119,-0.04150452,-0.02020951,-0.02244119,-6650.6079,296357.1217,OK,0.0000,266.0243,4.0000,96.0000,AG03-UNRESOLVED,ALL5_LEVELS_bet23_to_bet27,266.0243,266.0243,266.0243,332.5304,332.5304,4.000000,4.000000,4.000000,5.000000,5.000000,96.000000,96.000000,96.000000,95.000000,95.000000,5.0,1463.1337,1340.2688,5187.4742,5310.3391,PENDING_AG03,FALSE,NOT_FOR_ENFORCEMENT,6384.5836,256811.4724,6650.6079,6384.5836,266.0243,0.02244119,0.02154355,266.0243,6384.5836,0.02154355,266.0243,266.0243,266.0243,332.5304,332.5304,6384.5836,0.02154355,1463.1337,1340.2688,5187.4742,5310.3391,0.01750413,0.01791872,0.00089765,16.2655,14.6936,0.3653,59.3804,1.1678,2646.0457,162.5536,12.4780,16.8648,9.0895,16.5695,22.0926,29.825,33.4482,44.5976,11.8163,0.0,2.018664,2.691552,0.981654,30,240,141,4,0.10479828,0.02244119,0.04150452,0E-8,0.000000,0.902668,0.011910,-0.02129501,2026-03-22,2026-08-05,112,5695,2177,137,0.817518,0.739886,0.767145,0.349328,,,,,,,,GLOBAL_BASELINE_NO_ENTITY_RANKING,,,NOT_APPLICABLE_GLOBAL_BASELINE,HF9g-P5,,,,X 全窗基线 · 不参与实体赏罚,14195298,1420,A168_HF9F_20260827_0900,2026-08-27 09:00:00
2026-05-04,110249610,-1,1,1755.2485756655,-70.1129433276,-70.1129433276,0.5238095,103,102,0.50041246313725488,0.500408082353,0.42887535220617057,0.42895565025142,0.42887535220617057,0.00000438078425488,SENTINEL_DEALER,R03b_20260811_FULL_v1,L1_ELIGIBILITY,v2026-08-11,2026-03-21..2026-08-06,baccarat_bet02_101_all_pairs_incl_sentinel,round_win = game_pnl > 0 (decisive only),COMPATIBILITY_ONLY_NOT_PRODUCTION,296357.1217,267511.9505,6650.6079,18220,18206,-0.02244119,-0.04150452,-0.02020951,-0.02244119,-6650.6079,296357.1217,OK,0.0000,266.0243,4.0000,96.0000,AG03-UNRESOLVED,ALL5_LEVELS_bet23_to_bet27,266.0243,266.0243,266.0243,332.5304,332.5304,4.000000,4.000000,4.000000,5.000000,5.000000,96.000000,96.000000,96.000000,95.000000,95.000000,5.0,1463.1337,1340.2688,5187.4742,5310.3391,PENDING_AG03,FALSE,NOT_FOR_ENFORCEMENT,6384.5836,256811.4724,6650.6079,6384.5836,266.0243,0.02244119,0.02154355,266.0243,6384.5836,0.02154355,266.0243,266.0243,266.0243,332.5304,332.5304,6384.5836,0.02154355,1463.1337,1340.2688,5187.4742,5310.3391,0.01750413,0.01791872,0.00089765,16.2655,14.6936,0.3653,59.3804,1.1678,2646.0457,162.5536,12.4780,16.8648,9.0895,16.5695,22.0926,29.825,33.4482,44.5976,11.8163,0.0,2.018664,2.691552,0.981654,30,240,141,4,0.10479828,0.02244119,0.04150452,0E-8,0.000000,0.902668,0.011910,-0.02129501,2026-03-22,2026-08-05,112,5695,2177,137,0.817518,0.739886,0.767145,0.349328,,,,,,,,GLOBAL_BASELINE_NO_ENTITY_RANKING,,,NOT_APPLICABLE_GLOBAL_BASELINE,HF9g-P5,,,,X 全窗基线 · 不参与实体赏罚,14195299,1420,A168_HF9F_20260827_0900,2026-08-27 09:00:00
2026-05-04,110249610,1004,0,38.3539039592,-5.7419362032,-5.7419362032,0.5000000,2,2,0.50665070000000000,0.506650700000,-0.018812684590367487,-0.018812684590367487,-0.018812684590367487,0E-17,ELIGIBLE,R03b_20260811_FULL_v1,L1_ELIGIBILITY,v2026-08-11,2026-03-21..2026-08-06,baccarat_bet02_101_all_pairs_incl_sentinel,round_win = game_pnl > 0 (decisive only),COMPATIBILITY_ONLY_NOT_PRODUCTION,296357.1217,267511.9505,6650.6079,18220,18206,-0.02244119,-0.04150452,-0.02020951,-0.02244119,-6650.6079,296357.1217,OK,0.0000,266.0243,4.0000,96.0000,AG03-UNRESOLVED,ALL5_LEVELS_bet23_to_bet27,266.0243,266.0243,266.0243,332.5304,332.5304,4.000000,4.000000,4.000000,5.000000,5.000000,96.000000,96.000000,96.000000,95.000000,95.000000,5.0,1463.1337,1340.2688,5187.4742,5310.3391,PENDING_AG03,FALSE,NOT_FOR_ENFORCEMENT,6384.5836,256811.4724,6650.6079,6384.5836,266.0243,0.02244119,0.02154355,266.0243,6384.5836,0.02154355,266.0243,266.0243,266.0243,332.5304,332.5304,6384.5836,0.02154355,1463.1337,1340.2688,5187.4742,5310.3391,0.01750413,0.01791872,0.00089765,16.2655,14.6936,0.3653,59.3804,1.1678,2646.0457,162.5536,12.4780,16.8648,9.0895,16.5695,22.0926,29.825,33.4482,44.5976,11.8163,0.0,2.018664,2.691552,0.981654,30,240,141,4,0.10479828,0.02244119,0.04150452,0E-8,0.000000,0.902668,0.011910,-0.02129501,2026-03-22,2026-08-05,112,5695,2177,137,0.817518,0.739886,0.767145,0.349328,,,,,,,,GLOBAL_BASELINE_NO_ENTITY_RANKING,,,NOT_APPLICABLE_GLOBAL_BASELINE,HF9g-P5,,,,X 全窗基线 · 不参与实体赏罚,14195300,1420,A168_HF9F_20260827_0900,2026-08-27 09:00:00
2026-05-04,110249610,1017,0,16.7240860287,16.7240860287,16.7240860287,1.0000000,1,1,0.49324550000000000,0.493245500000,1.01360149184955,1.01360149184955,1.01360149184955,0E-17,ELIGIBLE,R03b_20260811_FULL_v1,L1_ELIGIBILITY,v2026-08-11,2026-03-21..2026-08-06,baccarat_bet02_101_all_pairs_incl_sentinel,round_win = game_pnl > 0 (decisive only),COMPATIBILITY_ONLY_NOT_PRODUCTION,296357.1217,267511.9505,6650.6079,18220,18206,-0.02244119,-0.04150452,-0.02020951,-0.02244119,-6650.6079,296357.1217,OK,0.0000,266.0243,4.0000,96.0000,AG03-UNRESOLVED,ALL5_LEVELS_bet23_to_bet27,266.0243,266.0243,266.0243,332.5304,332.5304,4.000000,4.000000,4.000000,5.000000,5.000000,96.000000,96.000000,96.000000,95.000000,95.000000,5.0,1463.1337,1340.2688,5187.4742,5310.3391,PENDING_AG03,FALSE,NOT_FOR_ENFORCEMENT,6384.5836,256811.4724,6650.6079,6384.5836,266.0243,0.02244119,0.02154355,266.0243,6384.5836,0.02154355,266.0243,266.0243,266.0243,332.5304,332.5304,6384.5836,0.02154355,1463.1337,1340.2688,5187.4742,5310.3391,0.01750413,0.01791872,0.00089765,16.2655,14.6936,0.3653,59.3804,1.1678,2646.0457,162.5536,12.4780,16.8648,9.0895,16.5695,22.0926,29.825,33.4482,44.5976,11.8163,0.0,2.018664,2.691552,0.981654,30,240,141,4,0.10479828,0.02244119,0.04150452,0E-8,0.000000,0.902668,0.011910,-0.02129501,2026-03-22,2026-08-05,112,5695,2177,137,0.817518,0.739886,0.767145,0.349328,,,,,,,,GLOBAL_BASELINE_NO_ENTITY_RANKING,,,NOT_APPLICABLE_GLOBAL_BASELINE,HF9g-P5,,,,X 全窗基线 · 不参与实体赏罚,14195301,1420,A168_HF9F_20260827_0900,2026-08-27 09:00:00
2026-05-04,110249610,1094,0,17.0585677493,-17.0585677493,-17.0585677493,0E-7,1,1,0.49324550000000000,0.493245500000,-0.9865810262130424,-0.9865810262130424,-0.9865810262130424,0E-17,ELIGIBLE,R03b_20260811_FULL_v1,L1_ELIGIBILITY,v2026-08-11,2026-03-21..2026-08-06,baccarat_bet02_101_all_pairs_incl_sentinel,round_win = game_pnl > 0 (decisive only),COMPATIBILITY_ONLY_NOT_PRODUCTION,296357.1217,267511.9505,6650.6079,18220,18206,-0.02244119,-0.04150452,-0.02020951,-0.02244119,-6650.6079,296357.1217,OK,0.0000,266.0243,4.0000,96.0000,AG03-UNRESOLVED,ALL5_LEVELS_bet23_to_bet27,266.0243,266.0243,266.0243,332.5304,332.5304,4.000000,4.000000,4.000000,5.000000,5.000000,96.000000,96.000000,96.000000,95.000000,95.000000,5.0,1463.1337,1340.2688,5187.4742,5310.3391,PENDING_AG03,FALSE,NOT_FOR_ENFORCEMENT,6384.5836,256811.4724,6650.6079,6384.5836,266.0243,0.02244119,0.02154355,266.0243,6384.5836,0.02154355,266.0243,266.0243,266.0243,332.5304,332.5304,6384.5836,0.02154355,1463.1337,1340.2688,5187.4742,5310.3391,0.01750413,0.01791872,0.00089765,16.2655,14.6936,0.3653,59.3804,1.1678,2646.0457,162.5536,12.4780,16.8648,9.0895,16.5695,22.0926,29.825,33.4482,44.5976,11.8163,0.0,2.018664,2.691552,0.981654,30,240,141,4,0.10479828,0.02244119,0.04150452,0E-8,0.000000,0.902668,0.011910,-0.02129501,2026-03-22,2026-08-05,112,5695,2177,137,0.817518,0.739886,0.767145,0.349328,,,,,,,,GLOBAL_BASELINE_NO_ENTITY_RANKING,,,NOT_APPLICABLE_GLOBAL_BASELINE,HF9g-P5,,,,X 全窗基线 · 不参与实体赏罚,14195302,1420,A168_HF9F_20260827_0900,2026-08-27 09:00:00
2026-05-04,110249610,1109,0,113.7237849951,-10.0344516172,-10.0344516172,0.5000000,5,5,0.49324550000000000,0.493245500000,0.027020465636507562,0.027020465636507562,0.027020465636507562,0E-17,ELIGIBLE,R03b_20260811_FULL_v1,L1_ELIGIBILITY,v2026-08-11,2026-03-21..2026-08-06,baccarat_bet02_101_all_pairs_incl_sentinel,round_win = game_pnl > 0 (decisive only),COMPATIBILITY_ONLY_NOT_PRODUCTION,296357.1217,267511.9505,6650.6079,18220,18206,-0.02244119,-0.04150452,-0.02020951,-0.02244119,-6650.6079,296357.1217,OK,0.0000,266.0243,4.0000,96.0000,AG03-UNRESOLVED,ALL5_LEVELS_bet23_to_bet27,266.0243,266.0243,266.0243,332.5304,332.5304,4.000000,4.000000,4.000000,5.000000,5.000000,96.000000,96.000000,96.000000,95.000000,95.000000,5.0,1463.1337,1340.2688,5187.4742,5310.3391,PENDING_AG03,FALSE,NOT_FOR_ENFORCEMENT,6384.5836,256811.4724,6650.6079,6384.5836,266.0243,0.02244119,0.02154355,266.0243,6384.5836,0.02154355,266.0243,266.0243,266.0243,332.5304,332.5304,6384.5836,0.02154355,1463.1337,1340.2688,5187.4742,5310.3391,0.01750413,0.01791872,0.00089765,16.2655,14.6936,0.3653,59.3804,1.1678,2646.0457,162.5536,12.4780,16.8648,9.0895,16.5695,22.0926,29.825,33.4482,44.5976,11.8163,0.0,2.018664,2.691552,0.981654,30,240,141,4,0.10479828,0.02244119,0.04150452,0E-8,0.000000,0.902668,0.011910,-0.02129501,2026-03-22,2026-08-05,112,5695,2177,137,0.817518,0.739886,0.767145,0.349328,,,,,,,,GLOBAL_BASELINE_NO_ENTITY_RANKING,,,NOT_APPLICABLE_GLOBAL_BASELINE,HF9g-P5,,,,X 全窗基线 · 不参与实体赏罚,14195303,1420,A168_HF9F_20260827_0900,2026-08-27 09:00:00
2026-05-04,110249610,1157,0,2.0068903234,-2.0068903234,-2.0068903234,0E-7,1,1,0.49324550000000000,0.493245500000,-0.9865810262130424,-0.9865810262130424,-0.9865810262130424,0E-17,ELIGIBLE,R03b_20260811_FULL_v1,L1_ELIGIBILITY,v2026-08-11,2026-03-21..2026-08-06,baccarat_bet02_101_all_pairs_incl_sentinel,round_win = game_pnl > 0 (decisive only),COMPATIBILITY_ONLY_NOT_PRODUCTION,296357.1217,267511.9505,6650.6079,18220,18206,-0.02244119,-0.04150452,-0.02020951,-0.02244119,-6650.6079,296357.1217,OK,0.0000,266.0243,4.0000,96.0000,AG03-UNRESOLVED,ALL5_LEVELS_bet23_to_bet27,266.0243,266.0243,266.0243,332.5304,332.5304,4.000000,4.000000,4.000000,5.000000,5.000000,96.000000,96.000000,96.000000,95.000000,95.000000,5.0,1463.1337,1340.2688,5187.4742,5310.3391,PENDING_AG03,FALSE,NOT_FOR_ENFORCEMENT,6384.5836,256811.4724,6650.6079,6384.5836,266.0243,0.02244119,0.02154355,266.0243,6384.5836,0.02154355,266.0243,266.0243,266.0243,332.5304,332.5304,6384.5836,0.02154355,1463.1337,1340.2688,5187.4742,5310.3391,0.01750413,0.01791872,0.00089765,16.2655,14.6936,0.3653,59.3804,1.1678,2646.0457,162.5536,12.4780,16.8648,9.0895,16.5695,22.0926,29.825,33.4482,44.5976,11.8163,0.0,2.018664,2.691552,0.981654,30,240,141,4,0.10479828,0.02244119,0.04150452,0E-8,0.000000,0.902668,0.011910,-0.02129501,2026-03-22,2026-08-05,112,5695,2177,137,0.817518,0.739886,0.767145,0.349328,,,,,,,,GLOBAL_BASELINE_NO_ENTITY_RANKING,,,NOT_APPLICABLE_GLOBAL_BASELINE,HF9g-P5,,,,X 全窗基线 · 不参与实体赏罚,14195304,1420,A168_HF9F_20260827_0900,2026-08-27 09:00:00
2026-05-04,110249610,1205,0,76.3733261977,-4.6269971346,-4.6269971346,0.5000000,4,4,0.50329940000000000,0.503299400000,-0.01319788734859681,-0.01319788734859681,-0.01319788734859681,0E-17,ELIGIBLE,R03b_20260811_FULL_v1,L1_ELIGIBILITY,v2026-08-11,2026-03-21..2026-08-06,baccarat_bet02_101_all_pairs_incl_sentinel,round_win = game_pnl > 0 (decisive only),COMPATIBILITY_ONLY_NOT_PRODUCTION,296357.1217,267511.9505,6650.6079,18220,18206,-0.02244119,-0.04150452,-0.02020951,-0.02244119,-6650.6079,296357.1217,OK,0.0000,266.0243,4.0000,96.0000,AG03-UNRESOLVED,ALL5_LEVELS_bet23_to_bet27,266.0243,266.0243,266.0243,332.5304,332.5304,4.000000,4.000000,4.000000,5.000000,5.000000,96.000000,96.000000,96.000000,95.000000,95.000000,5.0,1463.1337,1340.2688,5187.4742,5310.3391,PENDING_AG03,FALSE,NOT_FOR_ENFORCEMENT,6384.5836,256811.4724,6650.6079,6384.5836,266.0243,0.02244119,0.02154355,266.0243,6384.5836,0.02154355,266.0243,266.0243,266.0243,332.5304,332.5304,6384.5836,0.02154355,1463.1337,1340.2688,5187.4742,5310.3391,0.01750413,0.01791872,0.00089765,16.2655,14.6936,0.3653,59.3804,1.1678,2646.0457,162.5536,12.4780,16.8648,9.0895,16.5695,22.0926,29.825,33.4482,44.5976,11.8163,0.0,2.018664,2.691552,0.981654,30,240,141,4,0.10479828,0.02244119,0.04150452,0E-8,0.000000,0.902668,0.011910,-0.02129501,2026-03-22,2026-08-05,112,5695,2177,137,0.817518,0.739886,0.767145,0.349328,,,,,,,,GLOBAL_BASELINE_NO_ENTITY_RANKING,,,NOT_APPLICABLE_GLOBAL_BASELINE,HF9g-P5,,,,X 全窗基线 · 不参与实体赏罚,14195305,1420,A168_HF9F_20260827_0900,2026-08-27 09:00:00
2026-05-04,110249610,1210,0,39.0228674003,-27.8734767145,-27.8734767145,0E-7,2,2,0.50665070000000000,0.506650700000,-1.013391052207602,-1.013391052207602,-1.013391052207602,0E-17,ELIGIBLE,R03b_20260811_FULL_v1,L1_ELIGIBILITY,v2026-08-11,2026-03-21..2026-08-06,baccarat_bet02_101_all_pairs_incl_sentinel,round_win = game_pnl > 0 (decisive only),COMPATIBILITY_ONLY_NOT_PRODUCTION,296357.1217,267511.9505,6650.6079,18220,18206,-0.02244119,-0.04150452,-0.02020951,-0.02244119,-6650.6079,296357.1217,OK,0.0000,266.0243,4.0000,96.0000,AG03-UNRESOLVED,ALL5_LEVELS_bet23_to_bet27,266.0243,266.0243,266.0243,332.5304,332.5304,4.000000,4.000000,4.000000,5.000000,5.000000,96.000000,96.000000,96.000000,95.000000,95.000000,5.0,1463.1337,1340.2688,5187.4742,5310.3391,PENDING_AG03,FALSE,NOT_FOR_ENFORCEMENT,6384.5836,256811.4724,6650.6079,6384.5836,266.0243,0.02244119,0.02154355,266.0243,6384.5836,0.02154355,266.0243,266.0243,266.0243,332.5304,332.5304,6384.5836,0.02154355,1463.1337,1340.2688,5187.4742,5310.3391,0.01750413,0.01791872,0.00089765,16.2655,14.6936,0.3653,59.3804,1.1678,2646.0457,162.5536,12.4780,16.8648,9.0895,16.5695,22.0926,29.825,33.4482,44.5976,11.8163,0.0,2.018664,2.691552,0.981654,30,240,141,4,0.10479828,0.02244119,0.04150452,0E-8,0.000000,0.902668,0.011910,-0.02129501,2026-03-22,2026-08-05,112,5695,2177,137,0.817518,0.739886,0.767145,0.349328,,,,,,,,GLOBAL_BASELINE_NO_ENTITY_RANKING,,,NOT_APPLICABLE_GLOBAL_BASELINE,HF9g-P5,,,,X 全窗基线 · 不参与实体赏罚,14195306,1420,A168_HF9F_20260827_0900,2026-08-27 09:00:00
2026-05-04,110249610,1221,0,100.9019857065,-22.8562509059,-22.8562509059,0.5000000,6,6,0.49324550000000000,0.493245500000,0.03309317671092531,0.03309317671092531,0.03309317671092531,0E-17,ELIGIBLE,R03b_20260811_FULL_v1,L1_ELIGIBILITY,v2026-08-11,2026-03-21..2026-08-06,baccarat_bet02_101_all_pairs_incl_sentinel,round_win = game_pnl > 0 (decisive only),COMPATIBILITY_ONLY_NOT_PRODUCTION,296357.1217,267511.9505,6650.6079,18220,18206,-0.02244119,-0.04150452,-0.02020951,-0.02244119,-6650.6079,296357.1217,OK,0.0000,266.0243,4.0000,96.0000,AG03-UNRESOLVED,ALL5_LEVELS_bet23_to_bet27,266.0243,266.0243,266.0243,332.5304,332.5304,4.000000,4.000000,4.000000,5.000000,5.000000,96.000000,96.000000,96.000000,95.000000,95.000000,5.0,1463.1337,1340.2688,5187.4742,5310.3391,PENDING_AG03,FALSE,NOT_FOR_ENFORCEMENT,6384.5836,256811.4724,6650.6079,6384.5836,266.0243,0.02244119,0.02154355,266.0243,6384.5836,0.02154355,266.0243,266.0243,266.0243,332.5304,332.5304,6384.5836,0.02154355,1463.1337,1340.2688,5187.4742,5310.3391,0.01750413,0.01791872,0.00089765,16.2655,14.6936,0.3653,59.3804,1.1678,2646.0457,162.5536,12.4780,16.8648,9.0895,16.5695,22.0926,29.825,33.4482,44.5976,11.8163,0.0,2.018664,2.691552,0.981654,30,240,141,4,0.10479828,0.02244119,0.04150452,0E-8,0.000000,0.902668,0.011910,-0.02129501,2026-03-22,2026-08-05,112,5695,2177,137,0.817518,0.739886,0.767145,0.349328,,,,,,,,GLOBAL_BASELINE_NO_ENTITY_RANKING,,,NOT_APPLICABLE_GLOBAL_BASELINE,HF9g-P5,,,,X 全窗基线 · 不参与实体赏罚,14195307,1420,A168_HF9F_20260827_0900,2026-08-27 09:00:00
2026-05-04,110249610,1302,0,81.3905520064,6.6896344115,6.6896344115,0.5000000,3,3,0.49324550000000000,0.493245500000,0.01910635448239258,0.01910635448239258,0.01910635448239258,0E-17,ELIGIBLE,R03b_20260811_FULL_v1,L1_ELIGIBILITY,v2026-08-11,2026-03-21..2026-08-06,baccarat_bet02_101_all_pairs_incl_sentinel,round_win = game_pnl > 0 (decisive only),COMPATIBILITY_ONLY_NOT_PRODUCTION,296357.1217,267511.9505,6650.6079,18220,18206,-0.02244119,-0.04150452,-0.02020951,-0.02244119,-6650.6079,296357.1217,OK,0.0000,266.0243,4.0000,96.0000,AG03-UNRESOLVED,ALL5_LEVELS_bet23_to_bet27,266.0243,266.0243,266.0243,332.5304,332.5304,4.000000,4.000000,4.000000,5.000000,5.000000,96.000000,96.000000,96.000000,95.000000,95.000000,5.0,1463.1337,1340.2688,5187.4742,5310.3391,PENDING_AG03,FALSE,NOT_FOR_ENFORCEMENT,6384.5836,256811.4724,6650.6079,6384.5836,266.0243,0.02244119,0.02154355,266.0243,6384.5836,0.02154355,266.0243,266.0243,266.0243,332.5304,332.5304,6384.5836,0.02154355,1463.1337,1340.2688,5187.4742,5310.3391,0.01750413,0.01791872,0.00089765,16.2655,14.6936,0.3653,59.3804,1.1678,2646.0457,162.5536,12.4780,16.8648,9.0895,16.5695,22.0926,29.825,33.4482,44.5976,11.8163,0.0,2.018664,2.691552,0.981654,30,240,141,4,0.10479828,0.02244119,0.04150452,0E-8,0.000000,0.902668,0.011910,-0.02129501,2026-03-22,2026-08-05,112,5695,2177,137,0.817518,0.739886,0.767145,0.349328,,,,,,,,GLOBAL_BASELINE_NO_ENTITY_RANKING,,,NOT_APPLICABLE_GLOBAL_BASELINE,HF9g-P5,,,,X 全窗基线 · 不参与实体赏罚,14195308,1420,A168_HF9F_20260827_0900,2026-08-27 09:00:00
2026-05-04,110249610,1330,0,82.7284788886,-8.3731924050,-8.3731924050,0.6000000,5,5,0.50396966000000000,0.503969660000,0.4294742719815242,0.4294742719815242,0.4294742719815242,0E-17,ELIGIBLE,R03b_20260811_FULL_v1,L1_ELIGIBILITY,v2026-08-11,2026-03-21..2026-08-06,baccarat_bet02_101_all_pairs_incl_sentinel,round_win = game_pnl > 0 (decisive only),COMPATIBILITY_ONLY_NOT_PRODUCTION,296357.1217,267511.9505,6650.6079,18220,18206,-0.02244119,-0.04150452,-0.02020951,-0.02244119,-6650.6079,296357.1217,OK,0.0000,266.0243,4.0000,96.0000,AG03-UNRESOLVED,ALL5_LEVELS_bet23_to_bet27,266.0243,266.0243,266.0243,332.5304,332.5304,4.000000,4.000000,4.000000,5.000000,5.000000,96.000000,96.000000,96.000000,95.000000,95.000000,5.0,1463.1337,1340.2688,5187.4742,5310.3391,PENDING_AG03,FALSE,NOT_FOR_ENFORCEMENT,6384.5836,256811.4724,6650.6079,6384.5836,266.0243,0.02244119,0.02154355,266.0243,6384.5836,0.02154355,266.0243,266.0243,266.0243,332.5304,332.5304,6384.5836,0.02154355,1463.1337,1340.2688,5187.4742,5310.3391,0.01750413,0.01791872,0.00089765,16.2655,14.6936,0.3653,59.3804,1.1678,2646.0457,162.5536,12.4780,16.8648,9.0895,16.5695,22.0926,29.825,33.4482,44.5976,11.8163,0.0,2.018664,2.691552,0.981654,30,240,141,4,0.10479828,0.02244119,0.04150452,0E-8,0.000000,0.902668,0.011910,-0.02129501,2026-03-22,2026-08-05,112,5695,2177,137,0.817518,0.739886,0.767145,0.349328,,,,,,,,GLOBAL_BASELINE_NO_ENTITY_RANKING,,,NOT_APPLICABLE_GLOBAL_BASELINE,HF9g-P5,,,,X 全窗基线 · 不参与实体赏罚,14195309,1420,A168_HF9F_20260827_0900,2026-08-27 09:00:00
2026-05-04,110249610,1363,0,1.8953964166,-1.8953964166,-1.8953964166,0E-7,1,1,0.49324550000000000,0.493245500000,-0.9865810262130424,-0.9865810262130424,-0.9865810262130424,0E-17,ELIGIBLE,R03b_20260811_FULL_v1,L1_ELIGIBILITY,v2026-08-11,2026-03-21..2026-08-06,baccarat_bet02_101_all_pairs_incl_sentinel,round_win = game_pnl > 0 (decisive only),COMPATIBILITY_ONLY_NOT_PRODUCTION,296357.1217,267511.9505,6650.6079,18220,18206,-0.02244119,-0.04150452,-0.02020951,-0.02244119,-6650.6079,296357.1217,OK,0.0000,266.0243,4.0000,96.0000,AG03-UNRESOLVED,ALL5_LEVELS_bet23_to_bet27,266.0243,266.0243,266.0243,332.5304,332.5304,4.000000,4.000000,4.000000,5.000000,5.000000,96.000000,96.000000,96.000000,95.000000,95.000000,5.0,1463.1337,1340.2688,5187.4742,5310.3391,PENDING_AG03,FALSE,NOT_FOR_ENFORCEMENT,6384.5836,256811.4724,6650.6079,6384.5836,266.0243,0.02244119,0.02154355,266.0243,6384.5836,0.02154355,266.0243,266.0243,266.0243,332.5304,332.5304,6384.5836,0.02154355,1463.1337,1340.2688,5187.4742,5310.3391,0.01750413,0.01791872,0.00089765,16.2655,14.6936,0.3653,59.3804,1.1678,2646.0457,162.5536,12.4780,16.8648,9.0895,16.5695,22.0926,29.825,33.4482,44.5976,11.8163,0.0,2.018664,2.691552,0.981654,30,240,141,4,0.10479828,0.02244119,0.04150452,0E-8,0.000000,0.902668,0.011910,-0.02129501,2026-03-22,2026-08-05,112,5695,2177,137,0.817518,0.739886,0.767145,0.349328,,,,,,,,GLOBAL_BASELINE_NO_ENTITY_RANKING,,,NOT_APPLICABLE_GLOBAL_BASELINE,HF9g-P5,,,,X 全窗基线 · 不参与实体赏罚,14195310,1420,A168_HF9F_20260827_0900,2026-08-27 09:00:00
2026-05-04,110249610,1382,0,39.9148186552,-39.9148186552,-39.9148186552,0E-7,2,2,0.50665070000000000,0.506650700000,-1.4331513700195317,-1.4331513700195317,-1.4331513700195317,0E-17,ELIGIBLE,R03b_20260811_FULL_v1,L1_ELIGIBILITY,v2026-08-11,2026-03-21..2026-08-06,baccarat_bet02_101_all_pairs_incl_sentinel,round_win = game_pnl > 0 (decisive only),COMPATIBILITY_ONLY_NOT_PRODUCTION,296357.1217,267511.9505,6650.6079,18220,18206,-0.02244119,-0.04150452,-0.02020951,-0.02244119,-6650.6079,296357.1217,OK,0.0000,266.0243,4.0000,96.0000,AG03-UNRESOLVED,ALL5_LEVELS_bet23_to_bet27,266.0243,266.0243,266.0243,332.5304,332.5304,4.000000,4.000000,4.000000,5.000000,5.000000,96.000000,96.000000,96.000000,95.000000,95.000000,5.0,1463.1337,1340.2688,5187.4742,5310.3391,PENDING_AG03,FALSE,NOT_FOR_ENFORCEMENT,6384.5836,256811.4724,6650.6079,6384.5836,266.0243,0.02244119,0.02154355,266.0243,6384.5836,0.02154355,266.0243,266.0243,266.0243,332.5304,332.5304,6384.5836,0.02154355,1463.1337,1340.2688,5187.4742,5310.3391,0.01750413,0.01791872,0.00089765,16.2655,14.6936,0.3653,59.3804,1.1678,2646.0457,162.5536,12.4780,16.8648,9.0895,16.5695,22.0926,29.825,33.4482,44.5976,11.8163,0.0,2.018664,2.691552,0.981654,30,240,141,4,0.10479828,0.02244119,0.04150452,0E-8,0.000000,0.902668,0.011910,-0.02129501,2026-03-22,2026-08-05,112,5695,2177,137,0.817518,0.739886,0.767145,0.349328,,,,,,,,GLOBAL_BASELINE_NO_ENTITY_RANKING,,,NOT_APPLICABLE_GLOBAL_BASELINE,HF9g-P5,,,,X 全窗基线 · 不参与实体赏罚,14195311,1420,A168_HF9F_20260827_0900,2026-08-27 09:00:00
2026-05-04,110249610,1399,0,4.4597562743,-4.4597562743,-4.4597562743,0E-7,1,1,0.50665070000000000,0.506650700000,-1.013391052207602,-1.013391052207602,-1.013391052207602,0E-17,ELIGIBLE,R03b_20260811_FULL_v1,L1_ELIGIBILITY,v2026-08-11,2026-03-21..2026-08-06,baccarat_bet02_101_all_pairs_incl_sentinel,round_win = game_pnl > 0 (decisive only),COMPATIBILITY_ONLY_NOT_PRODUCTION,296357.1217,267511.9505,6650.6079,18220,18206,-0.02244119,-0.04150452,-0.02020951,-0.02244119,-6650.6079,296357.1217,OK,0.0000,266.0243,4.0000,96.0000,AG03-UNRESOLVED,ALL5_LEVELS_bet23_to_bet27,266.0243,266.0243,266.0243,332.5304,332.5304,4.000000,4.000000,4.000000,5.000000,5.000000,96.000000,96.000000,96.000000,95.000000,95.000000,5.0,1463.1337,1340.2688,5187.4742,5310.3391,PENDING_AG03,FALSE,NOT_FOR_ENFORCEMENT,6384.5836,256811.4724,6650.6079,6384.5836,266.0243,0.02244119,0.02154355,266.0243,6384.5836,0.02154355,266.0243,266.0243,266.0243,332.5304,332.5304,6384.5836,0.02154355,1463.1337,1340.2688,5187.4742,5310.3391,0.01750413,0.01791872,0.00089765,16.2655,14.6936,0.3653,59.3804,1.1678,2646.0457,162.5536,12.4780,16.8648,9.0895,16.5695,22.0926,29.825,33.4482,44.5976,11.8163,0.0,2.018664,2.691552,0.981654,30,240,141,4,0.10479828,0.02244119,0.04150452,0E-8,0.000000,0.902668,0.011910,-0.02129501,2026-03-22,2026-08-05,112,5695,2177,137,0.817518,0.739886,0.767145,0.349328,,,,,,,,GLOBAL_BASELINE_NO_ENTITY_RANKING,,,NOT_APPLICABLE_GLOBAL_BASELINE,HF9g-P5,,,,X 全窗基线 · 不参与实体赏罚,14195312,1420,A168_HF9F_20260827_0900,2026-08-27 09:00:00
2026-05-04,110249610,1401,0,70.7986308548,-16.4453512615,-16.4453512615,0.5000000,2,2,0.50665070000000000,0.506650700000,-0.018812684590367487,-0.018812684590367487,-0.018812684590367487,0E-17,ELIGIBLE,R03b_20260811_FULL_v1,L1_ELIGIBILITY,v2026-08-11,2026-03-21..2026-08-06,baccarat_bet02_101_all_pairs_incl_sentinel,round_win = game_pnl > 0 (decisive only),COMPATIBILITY_ONLY_NOT_PRODUCTION,296357.1217,267511.9505,6650.6079,18220,18206,-0.02244119,-0.04150452,-0.02020951,-0.02244119,-6650.6079,296357.1217,OK,0.0000,266.0243,4.0000,96.0000,AG03-UNRESOLVED,ALL5_LEVELS_bet23_to_bet27,266.0243,266.0243,266.0243,332.5304,332.5304,4.000000,4.000000,4.000000,5.000000,5.000000,96.000000,96.000000,96.000000,95.000000,95.000000,5.0,1463.1337,1340.2688,5187.4742,5310.3391,PENDING_AG03,FALSE,NOT_FOR_ENFORCEMENT,6384.5836,256811.4724,6650.6079,6384.5836,266.0243,0.02244119,0.02154355,266.0243,6384.5836,0.02154355,266.0243,266.0243,266.0243,332.5304,332.5304,6384.5836,0.02154355,1463.1337,1340.2688,5187.4742,5310.3391,0.01750413,0.01791872,0.00089765,16.2655,14.6936,0.3653,59.3804,1.1678,2646.0457,162.5536,12.4780,16.8648,9.0895,16.5695,22.0926,29.825,33.4482,44.5976,11.8163,0.0,2.018664,2.691552,0.981654,30,240,141,4,0.10479828,0.02244119,0.04150452,0E-8,0.000000,0.902668,0.011910,-0.02129501,2026-03-22,2026-08-05,112,5695,2177,137,0.817518,0.739886,0.767145,0.349328,,,,,,,,GLOBAL_BASELINE_NO_ENTITY_RANKING,,,NOT_APPLICABLE_GLOBAL_BASELINE,HF9g-P5,,,,X 全窗基线 · 不参与实体赏罚,14195313,1420,A168_HF9F_20260827_0900,2026-08-27 09:00:00
2026-05-04,110249610,1402,0,39.5803369346,-17.8390250973,-17.8390250973,0.5000000,2,2,0.50665070000000000,0.506650700000,-0.018812684590367487,-0.018812684590367487,-0.018812684590367487,0E-17,ELIGIBLE,R03b_20260811_FULL_v1,L1_ELIGIBILITY,v2026-08-11,2026-03-21..2026-08-06,baccarat_bet02_101_all_pairs_incl_sentinel,round_win = game_pnl > 0 (decisive only),COMPATIBILITY_ONLY_NOT_PRODUCTION,296357.1217,267511.9505,6650.6079,18220,18206,-0.02244119,-0.04150452,-0.02020951,-0.02244119,-6650.6079,296357.1217,OK,0.0000,266.0243,4.0000,96.0000,AG03-UNRESOLVED,ALL5_LEVELS_bet23_to_bet27,266.0243,266.0243,266.0243,332.5304,332.5304,4.000000,4.000000,4.000000,5.000000,5.000000,96.000000,96.000000,96.000000,95.000000,95.000000,5.0,1463.1337,1340.2688,5187.4742,5310.3391,PENDING_AG03,FALSE,NOT_FOR_ENFORCEMENT,6384.5836,256811.4724,6650.6079,6384.5836,266.0243,0.02244119,0.02154355,266.0243,6384.5836,0.02154355,266.0243,266.0243,266.0243,332.5304,332.5304,6384.5836,0.02154355,1463.1337,1340.2688,5187.4742,5310.3391,0.01750413,0.01791872,0.00089765,16.2655,14.6936,0.3653,59.3804,1.1678,2646.0457,162.5536,12.4780,16.8648,9.0895,16.5695,22.0926,29.825,33.4482,44.5976,11.8163,0.0,2.018664,2.691552,0.981654,30,240,141,4,0.10479828,0.02244119,0.04150452,0E-8,0.000000,0.902668,0.011910,-0.02129501,2026-03-22,2026-08-05,112,5695,2177,137,0.817518,0.739886,0.767145,0.349328,,,,,,,,GLOBAL_BASELINE_NO_ENTITY_RANKING,,,NOT_APPLICABLE_GLOBAL_BASELINE,HF9g-P5,,,,X 全窗基线 · 不参与实体赏罚,14195314,1420,A168_HF9F_20260827_0900,2026-08-27 09:00:00
2026-05-04,110249610,1490,0,11.1493906858,-11.1493906858,-11.1493906858,0E-7,1,1,0.50665070000000000,0.506650700000,-1.013391052207602,-1.013391052207602,-1.013391052207602,0E-17,ELIGIBLE,R03b_20260811_FULL_v1,L1_ELIGIBILITY,v2026-08-11,2026-03-21..2026-08-06,baccarat_bet02_101_all_pairs_incl_sentinel,round_win = game_pnl > 0 (decisive only),COMPATIBILITY_ONLY_NOT_PRODUCTION,296357.1217,267511.9505,6650.6079,18220,18206,-0.02244119,-0.04150452,-0.02020951,-0.02244119,-6650.6079,296357.1217,OK,0.0000,266.0243,4.0000,96.0000,AG03-UNRESOLVED,ALL5_LEVELS_bet23_to_bet27,266.0243,266.0243,266.0243,332.5304,332.5304,4.000000,4.000000,4.000000,5.000000,5.000000,96.000000,96.000000,96.000000,95.000000,95.000000,5.0,1463.1337,1340.2688,5187.4742,5310.3391,PENDING_AG03,FALSE,NOT_FOR_ENFORCEMENT,6384.5836,256811.4724,6650.6079,6384.5836,266.0243,0.02244119,0.02154355,266.0243,6384.5836,0.02154355,266.0243,266.0243,266.0243,332.5304,332.5304,6384.5836,0.02154355,1463.1337,1340.2688,5187.4742,5310.3391,0.01750413,0.01791872,0.00089765,16.2655,14.6936,0.3653,59.3804,1.1678,2646.0457,162.5536,12.4780,16.8648,9.0895,16.5695,22.0926,29.825,33.4482,44.5976,11.8163,0.0,2.018664,2.691552,0.981654,30,240,141,4,0.10479828,0.02244119,0.04150452,0E-8,0.000000,0.902668,0.011910,-0.02129501,2026-03-22,2026-08-05,112,5695,2177,137,0.817518,0.739886,0.767145,0.349328,,,,,,,,GLOBAL_BASELINE_NO_ENTITY_RANKING,,,NOT_APPLICABLE_GLOBAL_BASELINE,HF9g-P5,,,,X 全窗基线 · 不参与实体赏罚,14195315,1420,A168_HF9F_20260827_0900,2026-08-27 09:00:00
2026-05-04,110249610,1654,0,29.6573792242,-29.6573792242,-29.6573792242,0E-7,2,2,0.49324550000000000,0.493245500000,-1.3952362676504506,-1.3952362676504506,-1.3952362676504506,0E-17,ELIGIBLE,R03b_20260811_FULL_v1,L1_ELIGIBILITY,v2026-08-11,2026-03-21..2026-08-06,baccarat_bet02_101_all_pairs_incl_sentinel,round_win = game_pnl > 0 (decisive only),COMPATIBILITY_ONLY_NOT_PRODUCTION,296357.1217,267511.9505,6650.6079,18220,18206,-0.02244119,-0.04150452,-0.02020951,-0.02244119,-6650.6079,296357.1217,OK,0.0000,266.0243,4.0000,96.0000,AG03-UNRESOLVED,ALL5_LEVELS_bet23_to_bet27,266.0243,266.0243,266.0243,332.5304,332.5304,4.000000,4.000000,4.000000,5.000000,5.000000,96.000000,96.000000,96.000000,95.000000,95.000000,5.0,1463.1337,1340.2688,5187.4742,5310.3391,PENDING_AG03,FALSE,NOT_FOR_ENFORCEMENT,6384.5836,256811.4724,6650.6079,6384.5836,266.0243,0.02244119,0.02154355,266.0243,6384.5836,0.02154355,266.0243,266.0243,266.0243,332.5304,332.5304,6384.5836,0.02154355,1463.1337,1340.2688,5187.4742,5310.3391,0.01750413,0.01791872,0.00089765,16.2655,14.6936,0.3653,59.3804,1.1678,2646.0457,162.5536,12.4780,16.8648,9.0895,16.5695,22.0926,29.825,33.4482,44.5976,11.8163,0.0,2.018664,2.691552,0.981654,30,240,141,4,0.10479828,0.02244119,0.04150452,0E-8,0.000000,0.902668,0.011910,-0.02129501,2026-03-22,2026-08-05,112,5695,2177,137,0.817518,0.739886,0.767145,0.349328,,,,,,,,GLOBAL_BASELINE_NO_ENTITY_RANKING,,,NOT_APPLICABLE_GLOBAL_BASELINE,HF9g-P5,,,,X 全窗基线 · 不参与实体赏罚,14195316,1420,A168_HF9F_20260827_0900,2026-08-27 09:00:00
2026-05-04,110249610,1963,0,61.3216487719,-28.7096810159,-28.7096810159,0.3333333,3,3,0.50665070000000000,0.506650700000,-0.6004420894325239,-0.6004420894325239,-0.6004420894325239,0E-17,ELIGIBLE,R03b_20260811_FULL_v1,L1_ELIGIBILITY,v2026-08-11,2026-03-21..2026-08-06,baccarat_bet02_101_all_pairs_incl_sentinel,round_win = game_pnl > 0 (decisive only),COMPATIBILITY_ONLY_NOT_PRODUCTION,296357.1217,267511.9505,6650.6079,18220,18206,-0.02244119,-0.04150452,-0.02020951,-0.02244119,-6650.6079,296357.1217,OK,0.0000,266.0243,4.0000,96.0000,AG03-UNRESOLVED,ALL5_LEVELS_bet23_to_bet27,266.0243,266.0243,266.0243,332.5304,332.5304,4.000000,4.000000,4.000000,5.000000,5.000000,96.000000,96.000000,96.000000,95.000000,95.000000,5.0,1463.1337,1340.2688,5187.4742,5310.3391,PENDING_AG03,FALSE,NOT_FOR_ENFORCEMENT,6384.5836,256811.4724,6650.6079,6384.5836,266.0243,0.02244119,0.02154355,266.0243,6384.5836,0.02154355,266.0243,266.0243,266.0243,332.5304,332.5304,6384.5836,0.02154355,1463.1337,1340.2688,5187.4742,5310.3391,0.01750413,0.01791872,0.00089765,16.2655,14.6936,0.3653,59.3804,1.1678,2646.0457,162.5536,12.4780,16.8648,9.0895,16.5695,22.0926,29.825,33.4482,44.5976,11.8163,0.0,2.018664,2.691552,0.981654,30,240,141,4,0.10479828,0.02244119,0.04150452,0E-8,0.000000,0.902668,0.011910,-0.02129501,2026-03-22,2026-08-05,112,5695,2177,137,0.817518,0.739886,0.767145,0.349328,,,,,,,,GLOBAL_BASELINE_NO_ENTITY_RANKING,,,NOT_APPLICABLE_GLOBAL_BASELINE,HF9g-P5,,,,X 全窗基线 · 不参与实体赏罚,14195317,1420,A168_HF9F_20260827_0900,2026-08-27 09:00:00
2026-05-04,110249610,1985,0,50.1722580861,-33.4481720574,-33.4481720574,0E-7,3,3,0.50665070000000000,0.506650700000,-1.4331513700195317,-1.4331513700195317,-1.4331513700195317,0E-17,ELIGIBLE,R03b_20260811_FULL_v1,L1_ELIGIBILITY,v2026-08-11,2026-03-21..2026-08-06,baccarat_bet02_101_all_pairs_incl_sentinel,round_win = game_pnl > 0 (decisive only),COMPATIBILITY_ONLY_NOT_PRODUCTION,296357.1217,267511.9505,6650.6079,18220,18206,-0.02244119,-0.04150452,-0.02020951,-0.02244119,-6650.6079,296357.1217,OK,0.0000,266.0243,4.0000,96.0000,AG03-UNRESOLVED,ALL5_LEVELS_bet23_to_bet27,266.0243,266.0243,266.0243,332.5304,332.5304,4.000000,4.000000,4.000000,5.000000,5.000000,96.000000,96.000000,96.000000,95.000000,95.000000,5.0,1463.1337,1340.2688,5187.4742,5310.3391,PENDING_AG03,FALSE,NOT_FOR_ENFORCEMENT,6384.5836,256811.4724,6650.6079,6384.5836,266.0243,0.02244119,0.02154355,266.0243,6384.5836,0.02154355,266.0243,266.0243,266.0243,332.5304,332.5304,6384.5836,0.02154355,1463.1337,1340.2688,5187.4742,5310.3391,0.01750413,0.01791872,0.00089765,16.2655,14.6936,0.3653,59.3804,1.1678,2646.0457,162.5536,12.4780,16.8648,9.0895,16.5695,22.0926,29.825,33.4482,44.5976,11.8163,0.0,2.018664,2.691552,0.981654,30,240,141,4,0.10479828,0.02244119,0.04150452,0E-8,0.000000,0.902668,0.011910,-0.02129501,2026-03-22,2026-08-05,112,5695,2177,137,0.817518,0.739886,0.767145,0.349328,,,,,,,,GLOBAL_BASELINE_NO_ENTITY_RANKING,,,NOT_APPLICABLE_GLOBAL_BASELINE,HF9g-P5,,,,X 全窗基线 · 不参与实体赏罚,14195318,1420,A168_HF9F_20260827_0900,2026-08-27 09:00:00
2026-05-04,110249610,1990,0,193.4419283986,39.1901082606,39.1901082606,0.5714286,7,7,0.50665070000000000,0.506650700000,0.34280260342128577,0.34280260342128577,0.34280260342128577,0E-17,ELIGIBLE,R03b_20260811_FULL_v1,L1_ELIGIBILITY,v2026-08-11,2026-03-21..2026-08-06,baccarat_bet02_101_all_pairs_incl_sentinel,round_win = game_pnl > 0 (decisive only),COMPATIBILITY_ONLY_NOT_PRODUCTION,296357.1217,267511.9505,6650.6079,18220,18206,-0.02244119,-0.04150452,-0.02020951,-0.02244119,-6650.6079,296357.1217,OK,0.0000,266.0243,4.0000,96.0000,AG03-UNRESOLVED,ALL5_LEVELS_bet23_to_bet27,266.0243,266.0243,266.0243,332.5304,332.5304,4.000000,4.000000,4.000000,5.000000,5.000000,96.000000,96.000000,96.000000,95.000000,95.000000,5.0,1463.1337,1340.2688,5187.4742,5310.3391,PENDING_AG03,FALSE,NOT_FOR_ENFORCEMENT,6384.5836,256811.4724,6650.6079,6384.5836,266.0243,0.02244119,0.02154355,266.0243,6384.5836,0.02154355,266.0243,266.0243,266.0243,332.5304,332.5304,6384.5836,0.02154355,1463.1337,1340.2688,5187.4742,5310.3391,0.01750413,0.01791872,0.00089765,16.2655,14.6936,0.3653,59.3804,1.1678,2646.0457,162.5536,12.4780,16.8648,9.0895,16.5695,22.0926,29.825,33.4482,44.5976,11.8163,0.0,2.018664,2.691552,0.981654,30,240,141,4,0.10479828,0.02244119,0.04150452,0E-8,0.000000,0.902668,0.011910,-0.02129501,2026-03-22,2026-08-05,112,5695,2177,137,0.817518,0.739886,0.767145,0.349328,,,,,,,,GLOBAL_BASELINE_NO_ENTITY_RANKING,,,NOT_APPLICABLE_GLOBAL_BASELINE,HF9g-P5,,,,X 全窗基线 · 不参与实体赏罚,14195319,1420,A168_HF9F_20260827_0900,2026-08-27 09:00:00
2026-05-04,110249610,2093,0,39.0228674003,-22.2987813716,-22.2987813716,0E-7,2,2,0.49324550000000000,0.493245500000,-0.9865810262130424,-0.9865810262130424,-0.9865810262130424,0E-17,ELIGIBLE,R03b_20260811_FULL_v1,L1_ELIGIBILITY,v2026-08-11,2026-03-21..2026-08-06,baccarat_bet02_101_all_pairs_incl_sentinel,round_win = game_pnl > 0 (decisive only),COMPATIBILITY_ONLY_NOT_PRODUCTION,296357.1217,267511.9505,6650.6079,18220,18206,-0.02244119,-0.04150452,-0.02020951,-0.02244119,-6650.6079,296357.1217,OK,0.0000,266.0243,4.0000,96.0000,AG03-UNRESOLVED,ALL5_LEVELS_bet23_to_bet27,266.0243,266.0243,266.0243,332.5304,332.5304,4.000000,4.000000,4.000000,5.000000,5.000000,96.000000,96.000000,96.000000,95.000000,95.000000,5.0,1463.1337,1340.2688,5187.4742,5310.3391,PENDING_AG03,FALSE,NOT_FOR_ENFORCEMENT,6384.5836,256811.4724,6650.6079,6384.5836,266.0243,0.02244119,0.02154355,266.0243,6384.5836,0.02154355,266.0243,266.0243,266.0243,332.5304,332.5304,6384.5836,0.02154355,1463.1337,1340.2688,5187.4742,5310.3391,0.01750413,0.01791872,0.00089765,16.2655,14.6936,0.3653,59.3804,1.1678,2646.0457,162.5536,12.4780,16.8648,9.0895,16.5695,22.0926,29.825,33.4482,44.5976,11.8163,0.0,2.018664,2.691552,0.981654,30,240,141,4,0.10479828,0.02244119,0.04150452,0E-8,0.000000,0.902668,0.011910,-0.02129501,2026-03-22,2026-08-05,112,5695,2177,137,0.817518,0.739886,0.767145,0.349328,,,,,,,,GLOBAL_BASELINE_NO_ENTITY_RANKING,,,NOT_APPLICABLE_GLOBAL_BASELINE,HF9g-P5,,,,X 全窗基线 · 不参与实体赏罚,14195320,1420,A168_HF9F_20260827_0900,2026-08-27 09:00:00
2026-05-04,110249610,2117,0,7.1356100389,-0.4459756275,-0.4459756275,0.5000000,2,2,0.49324550000000000,0.493245500000,0.01910635448239258,0.01910635448239258,0.01910635448239258,0E-17,ELIGIBLE,R03b_20260811_FULL_v1,L1_ELIGIBILITY,v2026-08-11,2026-03-21..2026-08-06,baccarat_bet02_101_all_pairs_incl_sentinel,round_win = game_pnl > 0 (decisive only),COMPATIBILITY_ONLY_NOT_PRODUCTION,296357.1217,267511.9505,6650.6079,18220,18206,-0.02244119,-0.04150452,-0.02020951,-0.02244119,-6650.6079,296357.1217,OK,0.0000,266.0243,4.0000,96.0000,AG03-UNRESOLVED,ALL5_LEVELS_bet23_to_bet27,266.0243,266.0243,266.0243,332.5304,332.5304,4.000000,4.000000,4.000000,5.000000,5.000000,96.000000,96.000000,96.000000,95.000000,95.000000,5.0,1463.1337,1340.2688,5187.4742,5310.3391,PENDING_AG03,FALSE,NOT_FOR_ENFORCEMENT,6384.5836,256811.4724,6650.6079,6384.5836,266.0243,0.02244119,0.02154355,266.0243,6384.5836,0.02154355,266.0243,266.0243,266.0243,332.5304,332.5304,6384.5836,0.02154355,1463.1337,1340.2688,5187.4742,5310.3391,0.01750413,0.01791872,0.00089765,16.2655,14.6936,0.3653,59.3804,1.1678,2646.0457,162.5536,12.4780,16.8648,9.0895,16.5695,22.0926,29.825,33.4482,44.5976,11.8163,0.0,2.018664,2.691552,0.981654,30,240,141,4,0.10479828,0.02244119,0.04150452,0E-8,0.000000,0.902668,0.011910,-0.02129501,2026-03-22,2026-08-05,112,5695,2177,137,0.817518,0.739886,0.767145,0.349328,,,,,,,,GLOBAL_BASELINE_NO_ENTITY_RANKING,,,NOT_APPLICABLE_GLOBAL_BASELINE,HF9g-P5,,,,X 全窗基线 · 不参与实体赏罚,14195321,1420,A168_HF9F_20260827_0900,2026-08-27 09:00:00
2026-05-04,110249610,2127,0,2.2298781372,-2.2298781372,-2.2298781372,0E-7,1,1,0.49324550000000000,0.493245500000,-0.9865810262130424,-0.9865810262130424,-0.9865810262130424,0E-17,ELIGIBLE,R03b_20260811_FULL_v1,L1_ELIGIBILITY,v2026-08-11,2026-03-21..2026-08-06,baccarat_bet02_101_all_pairs_incl_sentinel,round_win = game_pnl > 0 (decisive only),COMPATIBILITY_ONLY_NOT_PRODUCTION,296357.1217,267511.9505,6650.6079,18220,18206,-0.02244119,-0.04150452,-0.02020951,-0.02244119,-6650.6079,296357.1217,OK,0.0000,266.0243,4.0000,96.0000,AG03-UNRESOLVED,ALL5_LEVELS_bet23_to_bet27,266.0243,266.0243,266.0243,332.5304,332.5304,4.000000,4.000000,4.000000,5.000000,5.000000,96.000000,96.000000,96.000000,95.000000,95.000000,5.0,1463.1337,1340.2688,5187.4742,5310.3391,PENDING_AG03,FALSE,NOT_FOR_ENFORCEMENT,6384.5836,256811.4724,6650.6079,6384.5836,266.0243,0.02244119,0.02154355,266.0243,6384.5836,0.02154355,266.0243,266.0243,266.0243,332.5304,332.5304,6384.5836,0.02154355,1463.1337,1340.2688,5187.4742,5310.3391,0.01750413,0.01791872,0.00089765,16.2655,14.6936,0.3653,59.3804,1.1678,2646.0457,162.5536,12.4780,16.8648,9.0895,16.5695,22.0926,29.825,33.4482,44.5976,11.8163,0.0,2.018664,2.691552,0.981654,30,240,141,4,0.10479828,0.02244119,0.04150452,0E-8,0.000000,0.902668,0.011910,-0.02129501,2026-03-22,2026-08-05,112,5695,2177,137,0.817518,0.739886,0.767145,0.349328,,,,,,,,GLOBAL_BASELINE_NO_ENTITY_RANKING,,,NOT_APPLICABLE_GLOBAL_BASELINE,HF9g-P5,,,,X 全窗基线 · 不参与实体赏罚,14195322,1420,A168_HF9F_20260827_0900,2026-08-27 09:00:00
2026-05-04,110249610,2156,0,82.8399727955,-31.2182939203,-31.2182939203,0.5714286,7,7,0.49707555714285714,0.497075557143,0.39344589990031587,0.3934458998995593,0.39344589990031587,-1.4286E-13,ELIGIBLE,R03b_20260811_FULL_v1,L1_ELIGIBILITY,v2026-08-11,2026-03-21..2026-08-06,baccarat_bet02_101_all_pairs_incl_sentinel,round_win = game_pnl > 0 (decisive only),COMPATIBILITY_ONLY_NOT_PRODUCTION,296357.1217,267511.9505,6650.6079,18220,18206,-0.02244119,-0.04150452,-0.02020951,-0.02244119,-6650.6079,296357.1217,OK,0.0000,266.0243,4.0000,96.0000,AG03-UNRESOLVED,ALL5_LEVELS_bet23_to_bet27,266.0243,266.0243,266.0243,332.5304,332.5304,4.000000,4.000000,4.000000,5.000000,5.000000,96.000000,96.000000,96.000000,95.000000,95.000000,5.0,1463.1337,1340.2688,5187.4742,5310.3391,PENDING_AG03,FALSE,NOT_FOR_ENFORCEMENT,6384.5836,256811.4724,6650.6079,6384.5836,266.0243,0.02244119,0.02154355,266.0243,6384.5836,0.02154355,266.0243,266.0243,266.0243,332.5304,332.5304,6384.5836,0.02154355,1463.1337,1340.2688,5187.4742,5310.3391,0.01750413,0.01791872,0.00089765,16.2655,14.6936,0.3653,59.3804,1.1678,2646.0457,162.5536,12.4780,16.8648,9.0895,16.5695,22.0926,29.825,33.4482,44.5976,11.8163,0.0,2.018664,2.691552,0.981654,30,240,141,4,0.10479828,0.02244119,0.04150452,0E-8,0.000000,0.902668,0.011910,-0.02129501,2026-03-22,2026-08-05,112,5695,2177,137,0.817518,0.739886,0.767145,0.349328,,,,,,,,GLOBAL_BASELINE_NO_ENTITY_RANKING,,,NOT_APPLICABLE_GLOBAL_BASELINE,HF9g-P5,,,,X 全窗基线 · 不参与实体赏罚,14195323,1420,A168_HF9F_20260827_0900,2026-08-27 09:00:00
2026-05-04,110249610,2170,0,56.1929290564,-56.1929290564,-56.1929290564,0E-7,4,3,0.43064096730750720,0.427958050000,-1.5063475694210946,-1.4981223671697614,-1.5063475694210946,0.00268291730750720,ELIGIBLE,R03b_20260811_FULL_v1,L1_ELIGIBILITY,v2026-08-11,2026-03-21..2026-08-06,baccarat_bet02_101_all_pairs_incl_sentinel,round_win = game_pnl > 0 (decisive only),COMPATIBILITY_ONLY_NOT_PRODUCTION,296357.1217,267511.9505,6650.6079,18220,18206,-0.02244119,-0.04150452,-0.02020951,-0.02244119,-6650.6079,296357.1217,OK,0.0000,266.0243,4.0000,96.0000,AG03-UNRESOLVED,ALL5_LEVELS_bet23_to_bet27,266.0243,266.0243,266.0243,332.5304,332.5304,4.000000,4.000000,4.000000,5.000000,5.000000,96.000000,96.000000,96.000000,95.000000,95.000000,5.0,1463.1337,1340.2688,5187.4742,5310.3391,PENDING_AG03,FALSE,NOT_FOR_ENFORCEMENT,6384.5836,256811.4724,6650.6079,6384.5836,266.0243,0.02244119,0.02154355,266.0243,6384.5836,0.02154355,266.0243,266.0243,266.0243,332.5304,332.5304,6384.5836,0.02154355,1463.1337,1340.2688,5187.4742,5310.3391,0.01750413,0.01791872,0.00089765,16.2655,14.6936,0.3653,59.3804,1.1678,2646.0457,162.5536,12.4780,16.8648,9.0895,16.5695,22.0926,29.825,33.4482,44.5976,11.8163,0.0,2.018664,2.691552,0.981654,30,240,141,4,0.10479828,0.02244119,0.04150452,0E-8,0.000000,0.902668,0.011910,-0.02129501,2026-03-22,2026-08-05,112,5695,2177,137,0.817518,0.739886,0.767145,0.349328,,,,,,,,GLOBAL_BASELINE_NO_ENTITY_RANKING,,,NOT_APPLICABLE_GLOBAL_BASELINE,HF9g-P5,,,,X 全窗基线 · 不参与实体赏罚,14195324,1420,A168_HF9F_20260827_0900,2026-08-27 09:00:00
2026-05-04,110249610,2175,0,2.2298781372,-2.2298781372,-2.2298781372,0E-7,1,1,0.50665070000000000,0.506650700000,-1.013391052207602,-1.013391052207602,-1.013391052207602,0E-17,ELIGIBLE,R03b_20260811_FULL_v1,L1_ELIGIBILITY,v2026-08-11,2026-03-21..2026-08-06,baccarat_bet02_101_all_pairs_incl_sentinel,round_win = game_pnl > 0 (decisive only),COMPATIBILITY_ONLY_NOT_PRODUCTION,296357.1217,267511.9505,6650.6079,18220,18206,-0.02244119,-0.04150452,-0.02020951,-0.02244119,-6650.6079,296357.1217,OK,0.0000,266.0243,4.0000,96.0000,AG03-UNRESOLVED,ALL5_LEVELS_bet23_to_bet27,266.0243,266.0243,266.0243,332.5304,332.5304,4.000000,4.000000,4.000000,5.000000,5.000000,96.000000,96.000000,96.000000,95.000000,95.000000,5.0,1463.1337,1340.2688,5187.4742,5310.3391,PENDING_AG03,FALSE,NOT_FOR_ENFORCEMENT,6384.5836,256811.4724,6650.6079,6384.5836,266.0243,0.02244119,0.02154355,266.0243,6384.5836,0.02154355,266.0243,266.0243,266.0243,332.5304,332.5304,6384.5836,0.02154355,1463.1337,1340.2688,5187.4742,5310.3391,0.01750413,0.01791872,0.00089765,16.2655,14.6936,0.3653,59.3804,1.1678,2646.0457,162.5536,12.4780,16.8648,9.0895,16.5695,22.0926,29.825,33.4482,44.5976,11.8163,0.0,2.018664,2.691552,0.981654,30,240,141,4,0.10479828,0.02244119,0.04150452,0E-8,0.000000,0.902668,0.011910,-0.02129501,2026-03-22,2026-08-05,112,5695,2177,137,0.817518,0.739886,0.767145,0.349328,,,,,,,,GLOBAL_BASELINE_NO_ENTITY_RANKING,,,NOT_APPLICABLE_GLOBAL_BASELINE,HF9g-P5,,,,X 全窗基线 · 不参与实体赏罚,14195325,1420,A168_HF9F_20260827_0900,2026-08-27 09:00:00
2026-05-04,110249610,2201,0,17.3930494698,-17.3930494698,-17.3930494698,0E-7,1,1,0.49324550000000000,0.493245500000,-0.9865810262130424,-0.9865810262130424,-0.9865810262130424,0E-17,ELIGIBLE,R03b_20260811_FULL_v1,L1_ELIGIBILITY,v2026-08-11,2026-03-21..2026-08-06,baccarat_bet02_101_all_pairs_incl_sentinel,round_win = game_pnl > 0 (decisive only),COMPATIBILITY_ONLY_NOT_PRODUCTION,296357.1217,267511.9505,6650.6079,18220,18206,-0.02244119,-0.04150452,-0.02020951,-0.02244119,-6650.6079,296357.1217,OK,0.0000,266.0243,4.0000,96.0000,AG03-UNRESOLVED,ALL5_LEVELS_bet23_to_bet27,266.0243,266.0243,266.0243,332.5304,332.5304,4.000000,4.000000,4.000000,5.000000,5.000000,96.000000,96.000000,96.000000,95.000000,95.000000,5.0,1463.1337,1340.2688,5187.4742,5310.3391,PENDING_AG03,FALSE,NOT_FOR_ENFORCEMENT,6384.5836,256811.4724,6650.6079,6384.5836,266.0243,0.02244119,0.02154355,266.0243,6384.5836,0.02154355,266.0243,266.0243,266.0243,332.5304,332.5304,6384.5836,0.02154355,1463.1337,1340.2688,5187.4742,5310.3391,0.01750413,0.01791872,0.00089765,16.2655,14.6936,0.3653,59.3804,1.1678,2646.0457,162.5536,12.4780,16.8648,9.0895,16.5695,22.0926,29.825,33.4482,44.5976,11.8163,0.0,2.018664,2.691552,0.981654,30,240,141,4,0.10479828,0.02244119,0.04150452,0E-8,0.000000,0.902668,0.011910,-0.02129501,2026-03-22,2026-08-05,112,5695,2177,137,0.817518,0.739886,0.767145,0.349328,,,,,,,,GLOBAL_BASELINE_NO_ENTITY_RANKING,,,NOT_APPLICABLE_GLOBAL_BASELINE,HF9g-P5,,,,X 全窗基线 · 不参与实体赏罚,14195326,1420,A168_HF9F_20260827_0900,2026-08-27 09:00:00
2026-05-04,110249610,2205,0,4.2367684606,-2.0626372768,-2.0626372768,0.5000000,2,2,0.50665070000000000,0.506650700000,-0.018812684590367487,-0.018812684590367487,-0.018812684590367487,0E-17,ELIGIBLE,R03b_20260811_FULL_v1,L1_ELIGIBILITY,v2026-08-11,2026-03-21..2026-08-06,baccarat_bet02_101_all_pairs_incl_sentinel,round_win = game_pnl > 0 (decisive only),COMPATIBILITY_ONLY_NOT_PRODUCTION,296357.1217,267511.9505,6650.6079,18220,18206,-0.02244119,-0.04150452,-0.02020951,-0.02244119,-6650.6079,296357.1217,OK,0.0000,266.0243,4.0000,96.0000,AG03-UNRESOLVED,ALL5_LEVELS_bet23_to_bet27,266.0243,266.0243,266.0243,332.5304,332.5304,4.000000,4.000000,4.000000,5.000000,5.000000,96.000000,96.000000,96.000000,95.000000,95.000000,5.0,1463.1337,1340.2688,5187.4742,5310.3391,PENDING_AG03,FALSE,NOT_FOR_ENFORCEMENT,6384.5836,256811.4724,6650.6079,6384.5836,266.0243,0.02244119,0.02154355,266.0243,6384.5836,0.02154355,266.0243,266.0243,266.0243,332.5304,332.5304,6384.5836,0.02154355,1463.1337,1340.2688,5187.4742,5310.3391,0.01750413,0.01791872,0.00089765,16.2655,14.6936,0.3653,59.3804,1.1678,2646.0457,162.5536,12.4780,16.8648,9.0895,16.5695,22.0926,29.825,33.4482,44.5976,11.8163,0.0,2.018664,2.691552,0.981654,30,240,141,4,0.10479828,0.02244119,0.04150452,0E-8,0.000000,0.902668,0.011910,-0.02129501,2026-03-22,2026-08-05,112,5695,2177,137,0.817518,0.739886,0.767145,0.349328,,,,,,,,GLOBAL_BASELINE_NO_ENTITY_RANKING,,,NOT_APPLICABLE_GLOBAL_BASELINE,HF9g-P5,,,,X 全窗基线 · 不参与实体赏罚,14195327,1420,A168_HF9F_20260827_0900,2026-08-27 09:00:00
2026-05-04,110249610,2212,0,150.5167742583,22.0757935579,22.0757935579,0.5714286,7,7,0.50282064285714286,0.502820642857,0.36304481076852674,0.3630448107692821,0.36304481076852674,1.4286E-13,ELIGIBLE,R03b_20260811_FULL_v1,L1_ELIGIBILITY,v2026-08-11,2026-03-21..2026-08-06,baccarat_bet02_101_all_pairs_incl_sentinel,round_win = game_pnl > 0 (decisive only),COMPATIBILITY_ONLY_NOT_PRODUCTION,296357.1217,267511.9505,6650.6079,18220,18206,-0.02244119,-0.04150452,-0.02020951,-0.02244119,-6650.6079,296357.1217,OK,0.0000,266.0243,4.0000,96.0000,AG03-UNRESOLVED,ALL5_LEVELS_bet23_to_bet27,266.0243,266.0243,266.0243,332.5304,332.5304,4.000000,4.000000,4.000000,5.000000,5.000000,96.000000,96.000000,96.000000,95.000000,95.000000,5.0,1463.1337,1340.2688,5187.4742,5310.3391,PENDING_AG03,FALSE,NOT_FOR_ENFORCEMENT,6384.5836,256811.4724,6650.6079,6384.5836,266.0243,0.02244119,0.02154355,266.0243,6384.5836,0.02154355,266.0243,266.0243,266.0243,332.5304,332.5304,6384.5836,0.02154355,1463.1337,1340.2688,5187.4742,5310.3391,0.01750413,0.01791872,0.00089765,16.2655,14.6936,0.3653,59.3804,1.1678,2646.0457,162.5536,12.4780,16.8648,9.0895,16.5695,22.0926,29.825,33.4482,44.5976,11.8163,0.0,2.018664,2.691552,0.981654,30,240,141,4,0.10479828,0.02244119,0.04150452,0E-8,0.000000,0.902668,0.011910,-0.02129501,2026-03-22,2026-08-05,112,5695,2177,137,0.817518,0.739886,0.767145,0.349328,,,,,,,,GLOBAL_BASELINE_NO_ENTITY_RANKING,,,NOT_APPLICABLE_GLOBAL_BASELINE,HF9g-P5,,,,X 全窗基线 · 不参与实体赏罚,14195328,1420,A168_HF9F_20260827_0900,2026-08-27 09:00:00
2026-05-04,110249610,2216,0,22.2987813716,-5.5746953429,-5.5746953429,0E-7,2,2,0.50665070000000000,0.506650700000,-1.013391052207602,-1.013391052207602,-1.013391052207602,0E-17,ELIGIBLE,R03b_20260811_FULL_v1,L1_ELIGIBILITY,v2026-08-11,2026-03-21..2026-08-06,baccarat_bet02_101_all_pairs_incl_sentinel,round_win = game_pnl > 0 (decisive only),COMPATIBILITY_ONLY_NOT_PRODUCTION,296357.1217,267511.9505,6650.6079,18220,18206,-0.02244119,-0.04150452,-0.02020951,-0.02244119,-6650.6079,296357.1217,OK,0.0000,266.0243,4.0000,96.0000,AG03-UNRESOLVED,ALL5_LEVELS_bet23_to_bet27,266.0243,266.0243,266.0243,332.5304,332.5304,4.000000,4.000000,4.000000,5.000000,5.000000,96.000000,96.000000,96.000000,95.000000,95.000000,5.0,1463.1337,1340.2688,5187.4742,5310.3391,PENDING_AG03,FALSE,NOT_FOR_ENFORCEMENT,6384.5836,256811.4724,6650.6079,6384.5836,266.0243,0.02244119,0.02154355,266.0243,6384.5836,0.02154355,266.0243,266.0243,266.0243,332.5304,332.5304,6384.5836,0.02154355,1463.1337,1340.2688,5187.4742,5310.3391,0.01750413,0.01791872,0.00089765,16.2655,14.6936,0.3653,59.3804,1.1678,2646.0457,162.5536,12.4780,16.8648,9.0895,16.5695,22.0926,29.825,33.4482,44.5976,11.8163,0.0,2.018664,2.691552,0.981654,30,240,141,4,0.10479828,0.02244119,0.04150452,0E-8,0.000000,0.902668,0.011910,-0.02129501,2026-03-22,2026-08-05,112,5695,2177,137,0.817518,0.739886,0.767145,0.349328,,,,,,,,GLOBAL_BASELINE_NO_ENTITY_RANKING,,,NOT_APPLICABLE_GLOBAL_BASELINE,HF9g-P5,,,,X 全窗基线 · 不参与实体赏罚,14195329,1420,A168_HF9F_20260827_0900,2026-08-27 09:00:00
2026-05-04,110249610,2220,0,4.4597562744,-2.2298781372,-2.2298781372,0E-7,2,2,0.50665070000000000,0.506650700000,-1.013391052207602,-1.013391052207602,-1.013391052207602,0E-17,ELIGIBLE,R03b_20260811_FULL_v1,L1_ELIGIBILITY,v2026-08-11,2026-03-21..2026-08-06,baccarat_bet02_101_all_pairs_incl_sentinel,round_win = game_pnl > 0 (decisive only),COMPATIBILITY_ONLY_NOT_PRODUCTION,296357.1217,267511.9505,6650.6079,18220,18206,-0.02244119,-0.04150452,-0.02020951,-0.02244119,-6650.6079,296357.1217,OK,0.0000,266.0243,4.0000,96.0000,AG03-UNRESOLVED,ALL5_LEVELS_bet23_to_bet27,266.0243,266.0243,266.0243,332.5304,332.5304,4.000000,4.000000,4.000000,5.000000,5.000000,96.000000,96.000000,96.000000,95.000000,95.000000,5.0,1463.1337,1340.2688,5187.4742,5310.3391,PENDING_AG03,FALSE,NOT_FOR_ENFORCEMENT,6384.5836,256811.4724,6650.6079,6384.5836,266.0243,0.02244119,0.02154355,266.0243,6384.5836,0.02154355,266.0243,266.0243,266.0243,332.5304,332.5304,6384.5836,0.02154355,1463.1337,1340.2688,5187.4742,5310.3391,0.01750413,0.01791872,0.00089765,16.2655,14.6936,0.3653,59.3804,1.1678,2646.0457,162.5536,12.4780,16.8648,9.0895,16.5695,22.0926,29.825,33.4482,44.5976,11.8163,0.0,2.018664,2.691552,0.981654,30,240,141,4,0.10479828,0.02244119,0.04150452,0E-8,0.000000,0.902668,0.011910,-0.02129501,2026-03-22,2026-08-05,112,5695,2177,137,0.817518,0.739886,0.767145,0.349328,,,,,,,,GLOBAL_BASELINE_NO_ENTITY_RANKING,,,NOT_APPLICABLE_GLOBAL_BASELINE,HF9g-P5,,,,X 全窗基线 · 不参与实体赏罚,14195330,1420,A168_HF9F_20260827_0900,2026-08-27 09:00:00
2026-05-04,110249610,2222,0,156.6489391355,27.6504889008,27.6504889008,0.6250000,8,8,0.50162375000000000,0.501623750000,0.6979251443573454,0.6979251443573454,0.6979251443573454,0E-17,ELIGIBLE,R03b_20260811_FULL_v1,L1_ELIGIBILITY,v2026-08-11,2026-03-21..2026-08-06,baccarat_bet02_101_all_pairs_incl_sentinel,round_win = game_pnl > 0 (decisive only),COMPATIBILITY_ONLY_NOT_PRODUCTION,296357.1217,267511.9505,6650.6079,18220,18206,-0.02244119,-0.04150452,-0.02020951,-0.02244119,-6650.6079,296357.1217,OK,0.0000,266.0243,4.0000,96.0000,AG03-UNRESOLVED,ALL5_LEVELS_bet23_to_bet27,266.0243,266.0243,266.0243,332.5304,332.5304,4.000000,4.000000,4.000000,5.000000,5.000000,96.000000,96.000000,96.000000,95.000000,95.000000,5.0,1463.1337,1340.2688,5187.4742,5310.3391,PENDING_AG03,FALSE,NOT_FOR_ENFORCEMENT,6384.5836,256811.4724,6650.6079,6384.5836,266.0243,0.02244119,0.02154355,266.0243,6384.5836,0.02154355,266.0243,266.0243,266.0243,332.5304,332.5304,6384.5836,0.02154355,1463.1337,1340.2688,5187.4742,5310.3391,0.01750413,0.01791872,0.00089765,16.2655,14.6936,0.3653,59.3804,1.1678,2646.0457,162.5536,12.4780,16.8648,9.0895,16.5695,22.0926,29.825,33.4482,44.5976,11.8163,0.0,2.018664,2.691552,0.981654,30,240,141,4,0.10479828,0.02244119,0.04150452,0E-8,0.000000,0.902668,0.011910,-0.02129501,2026-03-22,2026-08-05,112,5695,2177,137,0.817518,0.739886,0.767145,0.349328,,,,,,,,GLOBAL_BASELINE_NO_ENTITY_RANKING,,,NOT_APPLICABLE_GLOBAL_BASELINE,HF9g-P5,,,,X 全窗基线 · 不参与实体赏罚,14195331,1420,A168_HF9F_20260827_0900,2026-08-27 09:00:00
2026-05-04,110249610,2223,0,4.4597562743,-4.4597562743,-4.4597562743,0E-7,1,1,0.49324550000000000,0.493245500000,-0.9865810262130424,-0.9865810262130424,-0.9865810262130424,0E-17,ELIGIBLE,R03b_20260811_FULL_v1,L1_ELIGIBILITY,v2026-08-11,2026-03-21..2026-08-06,baccarat_bet02_101_all_pairs_incl_sentinel,round_win = game_pnl > 0 (decisive only),COMPATIBILITY_ONLY_NOT_PRODUCTION,296357.1217,267511.9505,6650.6079,18220,18206,-0.02244119,-0.04150452,-0.02020951,-0.02244119,-6650.6079,296357.1217,OK,0.0000,266.0243,4.0000,96.0000,AG03-UNRESOLVED,ALL5_LEVELS_bet23_to_bet27,266.0243,266.0243,266.0243,332.5304,332.5304,4.000000,4.000000,4.000000,5.000000,5.000000,96.000000,96.000000,96.000000,95.000000,95.000000,5.0,1463.1337,1340.2688,5187.4742,5310.3391,PENDING_AG03,FALSE,NOT_FOR_ENFORCEMENT,6384.5836,256811.4724,6650.6079,6384.5836,266.0243,0.02244119,0.02154355,266.0243,6384.5836,0.02154355,266.0243,266.0243,266.0243,332.5304,332.5304,6384.5836,0.02154355,1463.1337,1340.2688,5187.4742,5310.3391,0.01750413,0.01791872,0.00089765,16.2655,14.6936,0.3653,59.3804,1.1678,2646.0457,162.5536,12.4780,16.8648,9.0895,16.5695,22.0926,29.825,33.4482,44.5976,11.8163,0.0,2.018664,2.691552,0.981654,30,240,141,4,0.10479828,0.02244119,0.04150452,0E-8,0.000000,0.902668,0.011910,-0.02129501,2026-03-22,2026-08-05,112,5695,2177,137,0.817518,0.739886,0.767145,0.349328,,,,,,,,GLOBAL_BASELINE_NO_ENTITY_RANKING,,,NOT_APPLICABLE_GLOBAL_BASELINE,HF9g-P5,,,,X 全窗基线 · 不参与实体赏罚,14195332,1420,A168_HF9F_20260827_0900,2026-08-27 09:00:00
2026-05-04,110249610,2229,0,126.9915599113,50.2224303442,50.2224303442,0.7500000,8,8,0.49994810000000000,0.499948100000,1.414507160728905,1.414507160728905,1.414507160728905,0E-17,ELIGIBLE,R03b_20260811_FULL_v1,L1_ELIGIBILITY,v2026-08-11,2026-03-21..2026-08-06,baccarat_bet02_101_all_pairs_incl_sentinel,round_win = game_pnl > 0 (decisive only),COMPATIBILITY_ONLY_NOT_PRODUCTION,296357.1217,267511.9505,6650.6079,18220,18206,-0.02244119,-0.04150452,-0.02020951,-0.02244119,-6650.6079,296357.1217,OK,0.0000,266.0243,4.0000,96.0000,AG03-UNRESOLVED,ALL5_LEVELS_bet23_to_bet27,266.0243,266.0243,266.0243,332.5304,332.5304,4.000000,4.000000,4.000000,5.000000,5.000000,96.000000,96.000000,96.000000,95.000000,95.000000,5.0,1463.1337,1340.2688,5187.4742,5310.3391,PENDING_AG03,FALSE,NOT_FOR_ENFORCEMENT,6384.5836,256811.4724,6650.6079,6384.5836,266.0243,0.02244119,0.02154355,266.0243,6384.5836,0.02154355,266.0243,266.0243,266.0243,332.5304,332.5304,6384.5836,0.02154355,1463.1337,1340.2688,5187.4742,5310.3391,0.01750413,0.01791872,0.00089765,16.2655,14.6936,0.3653,59.3804,1.1678,2646.0457,162.5536,12.4780,16.8648,9.0895,16.5695,22.0926,29.825,33.4482,44.5976,11.8163,0.0,2.018664,2.691552,0.981654,30,240,141,4,0.10479828,0.02244119,0.04150452,0E-8,0.000000,0.902668,0.011910,-0.02129501,2026-03-22,2026-08-05,112,5695,2177,137,0.817518,0.739886,0.767145,0.349328,,,,,,,,GLOBAL_BASELINE_NO_ENTITY_RANKING,,,NOT_APPLICABLE_GLOBAL_BASELINE,HF9g-P5,,,,X 全窗基线 · 不参与实体赏罚,14195333,1420,A168_HF9F_20260827_0900,2026-08-27 09:00:00
2026-05-04,110249610,2233,0,5.5746953429,-4.4597562743,-4.4597562743,0E-7,2,2,0.49994810000000000,0.499948100000,-0.9998962053866608,-0.9998962053866608,-0.9998962053866608,0E-17,ELIGIBLE,R03b_20260811_FULL_v1,L1_ELIGIBILITY,v2026-08-11,2026-03-21..2026-08-06,baccarat_bet02_101_all_pairs_incl_sentinel,round_win = game_pnl > 0 (decisive only),COMPATIBILITY_ONLY_NOT_PRODUCTION,296357.1217,267511.9505,6650.6079,18220,18206,-0.02244119,-0.04150452,-0.02020951,-0.02244119,-6650.6079,296357.1217,OK,0.0000,266.0243,4.0000,96.0000,AG03-UNRESOLVED,ALL5_LEVELS_bet23_to_bet27,266.0243,266.0243,266.0243,332.5304,332.5304,4.000000,4.000000,4.000000,5.000000,5.000000,96.000000,96.000000,96.000000,95.000000,95.000000,5.0,1463.1337,1340.2688,5187.4742,5310.3391,PENDING_AG03,FALSE,NOT_FOR_ENFORCEMENT,6384.5836,256811.4724,6650.6079,6384.5836,266.0243,0.02244119,0.02154355,266.0243,6384.5836,0.02154355,266.0243,266.0243,266.0243,332.5304,332.5304,6384.5836,0.02154355,1463.1337,1340.2688,5187.4742,5310.3391,0.01750413,0.01791872,0.00089765,16.2655,14.6936,0.3653,59.3804,1.1678,2646.0457,162.5536,12.4780,16.8648,9.0895,16.5695,22.0926,29.825,33.4482,44.5976,11.8163,0.0,2.018664,2.691552,0.981654,30,240,141,4,0.10479828,0.02244119,0.04150452,0E-8,0.000000,0.902668,0.011910,-0.02129501,2026-03-22,2026-08-05,112,5695,2177,137,0.817518,0.739886,0.767145,0.349328,,,,,,,,GLOBAL_BASELINE_NO_ENTITY_RANKING,,,NOT_APPLICABLE_GLOBAL_BASELINE,HF9g-P5,,,,X 全窗基线 · 不参与实体赏罚,14195334,1420,A168_HF9F_20260827_0900,2026-08-27 09:00:00
2026-05-04,110249610,2252,0,87.9686925109,16.0160997202,16.0160997202,0.6666667,7,7,0.50665070000000000,0.506650700000,0.7839842952205449,0.7839842952205449,0.7839842952205449,0E-17,ELIGIBLE,R03b_20260811_FULL_v1,L1_ELIGIBILITY,v2026-08-11,2026-03-21..2026-08-06,baccarat_bet02_101_all_pairs_incl_sentinel,round_win = game_pnl > 0 (decisive only),COMPATIBILITY_ONLY_NOT_PRODUCTION,296357.1217,267511.9505,6650.6079,18220,18206,-0.02244119,-0.04150452,-0.02020951,-0.02244119,-6650.6079,296357.1217,OK,0.0000,266.0243,4.0000,96.0000,AG03-UNRESOLVED,ALL5_LEVELS_bet23_to_bet27,266.0243,266.0243,266.0243,332.5304,332.5304,4.000000,4.000000,4.000000,5.000000,5.000000,96.000000,96.000000,96.000000,95.000000,95.000000,5.0,1463.1337,1340.2688,5187.4742,5310.3391,PENDING_AG03,FALSE,NOT_FOR_ENFORCEMENT,6384.5836,256811.4724,6650.6079,6384.5836,266.0243,0.02244119,0.02154355,266.0243,6384.5836,0.02154355,266.0243,266.0243,266.0243,332.5304,332.5304,6384.5836,0.02154355,1463.1337,1340.2688,5187.4742,5310.3391,0.01750413,0.01791872,0.00089765,16.2655,14.6936,0.3653,59.3804,1.1678,2646.0457,162.5536,12.4780,16.8648,9.0895,16.5695,22.0926,29.825,33.4482,44.5976,11.8163,0.0,2.018664,2.691552,0.981654,30,240,141,4,0.10479828,0.02244119,0.04150452,0E-8,0.000000,0.902668,0.011910,-0.02129501,2026-03-22,2026-08-05,112,5695,2177,137,0.817518,0.739886,0.767145,0.349328,,,,,,,,GLOBAL_BASELINE_NO_ENTITY_RANKING,,,NOT_APPLICABLE_GLOBAL_BASELINE,HF9g-P5,,,,X 全窗基线 · 不参与实体赏罚,14195335,1420,A168_HF9F_20260827_0900,2026-08-27 09:00:00
2026-05-04,110249610,2254,0,80.2756129378,23.6367082539,23.6367082539,0.7500000,5,5,0.49324550000000000,0.493245500000,1.0271117246678039,1.0271117246678039,1.0271117246678039,0E-17,ELIGIBLE,R03b_20260811_FULL_v1,L1_ELIGIBILITY,v2026-08-11,2026-03-21..2026-08-06,baccarat_bet02_101_all_pairs_incl_sentinel,round_win = game_pnl > 0 (decisive only),COMPATIBILITY_ONLY_NOT_PRODUCTION,296357.1217,267511.9505,6650.6079,18220,18206,-0.02244119,-0.04150452,-0.02020951,-0.02244119,-6650.6079,296357.1217,OK,0.0000,266.0243,4.0000,96.0000,AG03-UNRESOLVED,ALL5_LEVELS_bet23_to_bet27,266.0243,266.0243,266.0243,332.5304,332.5304,4.000000,4.000000,4.000000,5.000000,5.000000,96.000000,96.000000,96.000000,95.000000,95.000000,5.0,1463.1337,1340.2688,5187.4742,5310.3391,PENDING_AG03,FALSE,NOT_FOR_ENFORCEMENT,6384.5836,256811.4724,6650.6079,6384.5836,266.0243,0.02244119,0.02154355,266.0243,6384.5836,0.02154355,266.0243,266.0243,266.0243,332.5304,332.5304,6384.5836,0.02154355,1463.1337,1340.2688,5187.4742,5310.3391,0.01750413,0.01791872,0.00089765,16.2655,14.6936,0.3653,59.3804,1.1678,2646.0457,162.5536,12.4780,16.8648,9.0895,16.5695,22.0926,29.825,33.4482,44.5976,11.8163,0.0,2.018664,2.691552,0.981654,30,240,141,4,0.10479828,0.02244119,0.04150452,0E-8,0.000000,0.902668,0.011910,-0.02129501,2026-03-22,2026-08-05,112,5695,2177,137,0.817518,0.739886,0.767145,0.349328,,,,,,,,GLOBAL_BASELINE_NO_ENTITY_RANKING,,,NOT_APPLICABLE_GLOBAL_BASELINE,HF9g-P5,,,,X 全窗基线 · 不参与实体赏罚,14195336,1420,A168_HF9F_20260827_0900,2026-08-27 09:00:00
2026-05-04,110249610,2258,0,11.1493906858,-11.1493906858,-11.1493906858,0E-7,1,1,0.50665070000000000,0.506650700000,-1.013391052207602,-1.013391052207602,-1.013391052207602,0E-17,ELIGIBLE,R03b_20260811_FULL_v1,L1_ELIGIBILITY,v2026-08-11,2026-03-21..2026-08-06,baccarat_bet02_101_all_pairs_incl_sentinel,round_win = game_pnl > 0 (decisive only),COMPATIBILITY_ONLY_NOT_PRODUCTION,296357.1217,267511.9505,6650.6079,18220,18206,-0.02244119,-0.04150452,-0.02020951,-0.02244119,-6650.6079,296357.1217,OK,0.0000,266.0243,4.0000,96.0000,AG03-UNRESOLVED,ALL5_LEVELS_bet23_to_bet27,266.0243,266.0243,266.0243,332.5304,332.5304,4.000000,4.000000,4.000000,5.000000,5.000000,96.000000,96.000000,96.000000,95.000000,95.000000,5.0,1463.1337,1340.2688,5187.4742,5310.3391,PENDING_AG03,FALSE,NOT_FOR_ENFORCEMENT,6384.5836,256811.4724,6650.6079,6384.5836,266.0243,0.02244119,0.02154355,266.0243,6384.5836,0.02154355,266.0243,266.0243,266.0243,332.5304,332.5304,6384.5836,0.02154355,1463.1337,1340.2688,5187.4742,5310.3391,0.01750413,0.01791872,0.00089765,16.2655,14.6936,0.3653,59.3804,1.1678,2646.0457,162.5536,12.4780,16.8648,9.0895,16.5695,22.0926,29.825,33.4482,44.5976,11.8163,0.0,2.018664,2.691552,0.981654,30,240,141,4,0.10479828,0.02244119,0.04150452,0E-8,0.000000,0.902668,0.011910,-0.02129501,2026-03-22,2026-08-05,112,5695,2177,137,0.817518,0.739886,0.767145,0.349328,,,,,,,,GLOBAL_BASELINE_NO_ENTITY_RANKING,,,NOT_APPLICABLE_GLOBAL_BASELINE,HF9g-P5,,,,X 全窗基线 · 不参与实体赏罚,14195337,1420,A168_HF9F_20260827_0900,2026-08-27 09:00:00
2026-05-04,110249610,2266,0,16.7240860287,-16.7240860287,-16.7240860287,0E-7,1,1,0.49324550000000000,0.493245500000,-0.9865810262130424,-0.9865810262130424,-0.9865810262130424,0E-17,ELIGIBLE,R03b_20260811_FULL_v1,L1_ELIGIBILITY,v2026-08-11,2026-03-21..2026-08-06,baccarat_bet02_101_all_pairs_incl_sentinel,round_win = game_pnl > 0 (decisive only),COMPATIBILITY_ONLY_NOT_PRODUCTION,296357.1217,267511.9505,6650.6079,18220,18206,-0.02244119,-0.04150452,-0.02020951,-0.02244119,-6650.6079,296357.1217,OK,0.0000,266.0243,4.0000,96.0000,AG03-UNRESOLVED,ALL5_LEVELS_bet23_to_bet27,266.0243,266.0243,266.0243,332.5304,332.5304,4.000000,4.000000,4.000000,5.000000,5.000000,96.000000,96.000000,96.000000,95.000000,95.000000,5.0,1463.1337,1340.2688,5187.4742,5310.3391,PENDING_AG03,FALSE,NOT_FOR_ENFORCEMENT,6384.5836,256811.4724,6650.6079,6384.5836,266.0243,0.02244119,0.02154355,266.0243,6384.5836,0.02154355,266.0243,266.0243,266.0243,332.5304,332.5304,6384.5836,0.02154355,1463.1337,1340.2688,5187.4742,5310.3391,0.01750413,0.01791872,0.00089765,16.2655,14.6936,0.3653,59.3804,1.1678,2646.0457,162.5536,12.4780,16.8648,9.0895,16.5695,22.0926,29.825,33.4482,44.5976,11.8163,0.0,2.018664,2.691552,0.981654,30,240,141,4,0.10479828,0.02244119,0.04150452,0E-8,0.000000,0.902668,0.011910,-0.02129501,2026-03-22,2026-08-05,112,5695,2177,137,0.817518,0.739886,0.767145,0.349328,,,,,,,,GLOBAL_BASELINE_NO_ENTITY_RANKING,,,NOT_APPLICABLE_GLOBAL_BASELINE,HF9g-P5,,,,X 全窗基线 · 不参与实体赏罚,14195338,1420,A168_HF9F_20260827_0900,2026-08-27 09:00:00
2026-05-04,110249610,2271,0,109.8214982551,73.6138520031,73.6138520031,1.0000000,6,6,0.50665070000000000,0.506650700000,1.9735717970305138,1.9735717970305138,1.9735717970305138,0E-17,ELIGIBLE,R03b_20260811_FULL_v1,L1_ELIGIBILITY,v2026-08-11,2026-03-21..2026-08-06,baccarat_bet02_101_all_pairs_incl_sentinel,round_win = game_pnl > 0 (decisive only),COMPATIBILITY_ONLY_NOT_PRODUCTION,296357.1217,267511.9505,6650.6079,18220,18206,-0.02244119,-0.04150452,-0.02020951,-0.02244119,-6650.6079,296357.1217,OK,0.0000,266.0243,4.0000,96.0000,AG03-UNRESOLVED,ALL5_LEVELS_bet23_to_bet27,266.0243,266.0243,266.0243,332.5304,332.5304,4.000000,4.000000,4.000000,5.000000,5.000000,96.000000,96.000000,96.000000,95.000000,95.000000,5.0,1463.1337,1340.2688,5187.4742,5310.3391,PENDING_AG03,FALSE,NOT_FOR_ENFORCEMENT,6384.5836,256811.4724,6650.6079,6384.5836,266.0243,0.02244119,0.02154355,266.0243,6384.5836,0.02154355,266.0243,266.0243,266.0243,332.5304,332.5304,6384.5836,0.02154355,1463.1337,1340.2688,5187.4742,5310.3391,0.01750413,0.01791872,0.00089765,16.2655,14.6936,0.3653,59.3804,1.1678,2646.0457,162.5536,12.4780,16.8648,9.0895,16.5695,22.0926,29.825,33.4482,44.5976,11.8163,0.0,2.018664,2.691552,0.981654,30,240,141,4,0.10479828,0.02244119,0.04150452,0E-8,0.000000,0.902668,0.011910,-0.02129501,2026-03-22,2026-08-05,112,5695,2177,137,0.817518,0.739886,0.767145,0.349328,,,,,,,,GLOBAL_BASELINE_NO_ENTITY_RANKING,,,NOT_APPLICABLE_GLOBAL_BASELINE,HF9g-P5,,,,X 全窗基线 · 不参与实体赏罚,14195339,1420,A168_HF9F_20260827_0900,2026-08-27 09:00:00
2026-05-04,110249610,462,0,7.8045734801,0.8919512549,0.8919512549,0.6666667,3,3,0.50665070000000000,0.506650700000,0.5543606114942035,0.5543606114942035,0.5543606114942035,0E-17,ELIGIBLE,R03b_20260811_FULL_v1,L1_ELIGIBILITY,v2026-08-11,2026-03-21..2026-08-06,baccarat_bet02_101_all_pairs_incl_sentinel,round_win = game_pnl > 0 (decisive only),COMPATIBILITY_ONLY_NOT_PRODUCTION,296357.1217,267511.9505,6650.6079,18220,18206,-0.02244119,-0.04150452,-0.02020951,-0.02244119,-6650.6079,296357.1217,OK,0.0000,266.0243,4.0000,96.0000,AG03-UNRESOLVED,ALL5_LEVELS_bet23_to_bet27,266.0243,266.0243,266.0243,332.5304,332.5304,4.000000,4.000000,4.000000,5.000000,5.000000,96.000000,96.000000,96.000000,95.000000,95.000000,5.0,1463.1337,1340.2688,5187.4742,5310.3391,PENDING_AG03,FALSE,NOT_FOR_ENFORCEMENT,6384.5836,256811.4724,6650.6079,6384.5836,266.0243,0.02244119,0.02154355,266.0243,6384.5836,0.02154355,266.0243,266.0243,266.0243,332.5304,332.5304,6384.5836,0.02154355,1463.1337,1340.2688,5187.4742,5310.3391,0.01750413,0.01791872,0.00089765,16.2655,14.6936,0.3653,59.3804,1.1678,2646.0457,162.5536,12.4780,16.8648,9.0895,16.5695,22.0926,29.825,33.4482,44.5976,11.8163,0.0,2.018664,2.691552,0.981654,30,240,141,4,0.10479828,0.02244119,0.04150452,0E-8,0.000000,0.902668,0.011910,-0.02129501,2026-03-22,2026-08-05,112,5695,2177,137,0.817518,0.739886,0.767145,0.349328,,,,,,,,GLOBAL_BASELINE_NO_ENTITY_RANKING,,,NOT_APPLICABLE_GLOBAL_BASELINE,HF9g-P5,,,,X 全窗基线 · 不参与实体赏罚,14195340,1420,A168_HF9F_20260827_0900,2026-08-27 09:00:00
2026-05-04,110249610,583,0,37.9079283317,-5.2959605757,-5.2959605757,0.5000000,2,2,0.50665070000000000,0.506650700000,-0.018812684590367487,-0.018812684590367487,-0.018812684590367487,0E-17,ELIGIBLE,R03b_20260811_FULL_v1,L1_ELIGIBILITY,v2026-08-11,2026-03-21..2026-08-06,baccarat_bet02_101_all_pairs_incl_sentinel,round_win = game_pnl > 0 (decisive only),COMPATIBILITY_ONLY_NOT_PRODUCTION,296357.1217,267511.9505,6650.6079,18220,18206,-0.02244119,-0.04150452,-0.02020951,-0.02244119,-6650.6079,296357.1217,OK,0.0000,266.0243,4.0000,96.0000,AG03-UNRESOLVED,ALL5_LEVELS_bet23_to_bet27,266.0243,266.0243,266.0243,332.5304,332.5304,4.000000,4.000000,4.000000,5.000000,5.000000,96.000000,96.000000,96.000000,95.000000,95.000000,5.0,1463.1337,1340.2688,5187.4742,5310.3391,PENDING_AG03,FALSE,NOT_FOR_ENFORCEMENT,6384.5836,256811.4724,6650.6079,6384.5836,266.0243,0.02244119,0.02154355,266.0243,6384.5836,0.02154355,266.0243,266.0243,266.0243,332.5304,332.5304,6384.5836,0.02154355,1463.1337,1340.2688,5187.4742,5310.3391,0.01750413,0.01791872,0.00089765,16.2655,14.6936,0.3653,59.3804,1.1678,2646.0457,162.5536,12.4780,16.8648,9.0895,16.5695,22.0926,29.825,33.4482,44.5976,11.8163,0.0,2.018664,2.691552,0.981654,30,240,141,4,0.10479828,0.02244119,0.04150452,0E-8,0.000000,0.902668,0.011910,-0.02129501,2026-03-22,2026-08-05,112,5695,2177,137,0.817518,0.739886,0.767145,0.349328,,,,,,,,GLOBAL_BASELINE_NO_ENTITY_RANKING,,,NOT_APPLICABLE_GLOBAL_BASELINE,HF9g-P5,,,,X 全窗基线 · 不参与实体赏罚,14195341,1420,A168_HF9F_20260827_0900,2026-08-27 09:00:00
2026-05-04,110249610,752,0,105.6962237014,-7.3028508992,-7.3028508992,0.5000000,5,5,0.50665070000000000,0.506650700000,-0.02660515369234503,-0.02660515369234503,-0.02660515369234503,0E-17,ELIGIBLE,R03b_20260811_FULL_v1,L1_ELIGIBILITY,v2026-08-11,2026-03-21..2026-08-06,baccarat_bet02_101_all_pairs_incl_sentinel,round_win = game_pnl > 0 (decisive only),COMPATIBILITY_ONLY_NOT_PRODUCTION,296357.1217,267511.9505,6650.6079,18220,18206,-0.02244119,-0.04150452,-0.02020951,-0.02244119,-6650.6079,296357.1217,OK,0.0000,266.0243,4.0000,96.0000,AG03-UNRESOLVED,ALL5_LEVELS_bet23_to_bet27,266.0243,266.0243,266.0243,332.5304,332.5304,4.000000,4.000000,4.000000,5.000000,5.000000,96.000000,96.000000,96.000000,95.000000,95.000000,5.0,1463.1337,1340.2688,5187.4742,5310.3391,PENDING_AG03,FALSE,NOT_FOR_ENFORCEMENT,6384.5836,256811.4724,6650.6079,6384.5836,266.0243,0.02244119,0.02154355,266.0243,6384.5836,0.02154355,266.0243,266.0243,266.0243,332.5304,332.5304,6384.5836,0.02154355,1463.1337,1340.2688,5187.4742,5310.3391,0.01750413,0.01791872,0.00089765,16.2655,14.6936,0.3653,59.3804,1.1678,2646.0457,162.5536,12.4780,16.8648,9.0895,16.5695,22.0926,29.825,33.4482,44.5976,11.8163,0.0,2.018664,2.691552,0.981654,30,240,141,4,0.10479828,0.02244119,0.04150452,0E-8,0.000000,0.902668,0.011910,-0.02129501,2026-03-22,2026-08-05,112,5695,2177,137,0.817518,0.739886,0.767145,0.349328,,,,,,,,GLOBAL_BASELINE_NO_ENTITY_RANKING,,,NOT_APPLICABLE_GLOBAL_BASELINE,HF9g-P5,,,,X 全窗基线 · 不参与实体赏罚,14195342,1420,A168_HF9F_20260827_0900,2026-08-27 09:00:00
2026-05-05,110249610,-1,1,388.6677593076,-135.8386014205,-135.8386014205,0.3750000,61,61,0.49829991967213115,0.498299919672,-1.8453948883407718,-1.8453948883388107,-1.8453948883407718,1.3115E-13,SENTINEL_DEALER,R03b_20260811_FULL_v1,L1_ELIGIBILITY,v2026-08-11,2026-03-21..2026-08-06,baccarat_bet02_101_all_pairs_incl_sentinel,round_win = game_pnl > 0 (decisive only),COMPATIBILITY_ONLY_NOT_PRODUCTION,296357.1217,267511.9505,6650.6079,18220,18206,-0.02244119,-0.04150452,-0.02020951,-0.02244119,-6650.6079,296357.1217,OK,0.0000,266.0243,4.0000,96.0000,AG03-UNRESOLVED,ALL5_LEVELS_bet23_to_bet27,266.0243,266.0243,266.0243,332.5304,332.5304,4.000000,4.000000,4.000000,5.000000,5.000000,96.000000,96.000000,96.000000,95.000000,95.000000,5.0,1463.1337,1340.2688,5187.4742,5310.3391,PENDING_AG03,FALSE,NOT_FOR_ENFORCEMENT,6384.5836,256811.4724,6650.6079,6384.5836,266.0243,0.02244119,0.02154355,266.0243,6384.5836,0.02154355,266.0243,266.0243,266.0243,332.5304,332.5304,6384.5836,0.02154355,1463.1337,1340.2688,5187.4742,5310.3391,0.01750413,0.01791872,0.00089765,16.2655,14.6936,0.3653,59.3804,1.1678,2646.0457,162.5536,12.4780,16.8648,9.0895,16.5695,22.0926,29.825,33.4482,44.5976,11.8163,0.0,2.018664,2.691552,0.981654,30,240,141,4,0.10479828,0.02244119,0.04150452,0E-8,0.000000,0.902668,0.011910,-0.02129501,2026-03-22,2026-08-05,112,5695,2177,137,0.817518,0.739886,0.767145,0.349328,,,,,,,,GLOBAL_BASELINE_NO_ENTITY_RANKING,,,NOT_APPLICABLE_GLOBAL_BASELINE,HF9g-P5,,,,X 全窗基线 · 不参与实体赏罚,14195343,1420,A168_HF9F_20260827_0900,2026-08-27 09:00:00
2026-05-05,110249610,1017,0,44.5975627432,-5.5746953429,-5.5746953429,0.5000000,3,3,0.49324550000000000,0.493245500000,0.01910635448239258,0.01910635448239258,0.01910635448239258,0E-17,ELIGIBLE,R03b_20260811_FULL_v1,L1_ELIGIBILITY,v2026-08-11,2026-03-21..2026-08-06,baccarat_bet02_101_all_pairs_incl_sentinel,round_win = game_pnl > 0 (decisive only),COMPATIBILITY_ONLY_NOT_PRODUCTION,296357.1217,267511.9505,6650.6079,18220,18206,-0.02244119,-0.04150452,-0.02020951,-0.02244119,-6650.6079,296357.1217,OK,0.0000,266.0243,4.0000,96.0000,AG03-UNRESOLVED,ALL5_LEVELS_bet23_to_bet27,266.0243,266.0243,266.0243,332.5304,332.5304,4.000000,4.000000,4.000000,5.000000,5.000000,96.000000,96.000000,96.000000,95.000000,95.000000,5.0,1463.1337,1340.2688,5187.4742,5310.3391,PENDING_AG03,FALSE,NOT_FOR_ENFORCEMENT,6384.5836,256811.4724,6650.6079,6384.5836,266.0243,0.02244119,0.02154355,266.0243,6384.5836,0.02154355,266.0243,266.0243,266.0243,332.5304,332.5304,6384.5836,0.02154355,1463.1337,1340.2688,5187.4742,5310.3391,0.01750413,0.01791872,0.00089765,16.2655,14.6936,0.3653,59.3804,1.1678,2646.0457,162.5536,12.4780,16.8648,9.0895,16.5695,22.0926,29.825,33.4482,44.5976,11.8163,0.0,2.018664,2.691552,0.981654,30,240,141,4,0.10479828,0.02244119,0.04150452,0E-8,0.000000,0.902668,0.011910,-0.02129501,2026-03-22,2026-08-05,112,5695,2177,137,0.817518,0.739886,0.767145,0.349328,,,,,,,,GLOBAL_BASELINE_NO_ENTITY_RANKING,,,NOT_APPLICABLE_GLOBAL_BASELINE,HF9g-P5,,,,X 全窗基线 · 不参与实体赏罚,14195344,1420,A168_HF9F_20260827_0900,2026-08-27 09:00:00
2026-05-05,110249610,1078,0,8.9195125486,-4.4597562743,-4.4597562743,0E-7,2,2,0.50665070000000000,0.506650700000,-1.013391052207602,-1.013391052207602,-1.013391052207602,0E-17,ELIGIBLE,R03b_20260811_FULL_v1,L1_ELIGIBILITY,v2026-08-11,2026-03-21..2026-08-06,baccarat_bet02_101_all_pairs_incl_sentinel,round_win = game_pnl > 0 (decisive only),COMPATIBILITY_ONLY_NOT_PRODUCTION,296357.1217,267511.9505,6650.6079,18220,18206,-0.02244119,-0.04150452,-0.02020951,-0.02244119,-6650.6079,296357.1217,OK,0.0000,266.0243,4.0000,96.0000,AG03-UNRESOLVED,ALL5_LEVELS_bet23_to_bet27,266.0243,266.0243,266.0243,332.5304,332.5304,4.000000,4.000000,4.000000,5.000000,5.000000,96.000000,96.000000,96.000000,95.000000,95.000000,5.0,1463.1337,1340.2688,5187.4742,5310.3391,PENDING_AG03,FALSE,NOT_FOR_ENFORCEMENT,6384.5836,256811.4724,6650.6079,6384.5836,266.0243,0.02244119,0.02154355,266.0243,6384.5836,0.02154355,266.0243,266.0243,266.0243,332.5304,332.5304,6384.5836,0.02154355,1463.1337,1340.2688,5187.4742,5310.3391,0.01750413,0.01791872,0.00089765,16.2655,14.6936,0.3653,59.3804,1.1678,2646.0457,162.5536,12.4780,16.8648,9.0895,16.5695,22.0926,29.825,33.4482,44.5976,11.8163,0.0,2.018664,2.691552,0.981654,30,240,141,4,0.10479828,0.02244119,0.04150452,0E-8,0.000000,0.902668,0.011910,-0.02129501,2026-03-22,2026-08-05,112,5695,2177,137,0.817518,0.739886,0.767145,0.349328,,,,,,,,GLOBAL_BASELINE_NO_ENTITY_RANKING,,,NOT_APPLICABLE_GLOBAL_BASELINE,HF9g-P5,,,,X 全窗基线 · 不参与实体赏罚,14195345,1420,A168_HF9F_20260827_0900,2026-08-27 09:00:00
2026-05-05,110249610,1094,0,2.2298781372,-2.2298781372,-2.2298781372,0E-7,1,1,0.49324550000000000,0.493245500000,-0.9865810262130424,-0.9865810262130424,-0.9865810262130424,0E-17,ELIGIBLE,R03b_20260811_FULL_v1,L1_ELIGIBILITY,v2026-08-11,2026-03-21..2026-08-06,baccarat_bet02_101_all_pairs_incl_sentinel,round_win = game_pnl > 0 (decisive only),COMPATIBILITY_ONLY_NOT_PRODUCTION,296357.1217,267511.9505,6650.6079,18220,18206,-0.02244119,-0.04150452,-0.02020951,-0.02244119,-6650.6079,296357.1217,OK,0.0000,266.0243,4.0000,96.0000,AG03-UNRESOLVED,ALL5_LEVELS_bet23_to_bet27,266.0243,266.0243,266.0243,332.5304,332.5304,4.000000,4.000000,4.000000,5.000000,5.000000,96.000000,96.000000,96.000000,95.000000,95.000000,5.0,1463.1337,1340.2688,5187.4742,5310.3391,PENDING_AG03,FALSE,NOT_FOR_ENFORCEMENT,6384.5836,256811.4724,6650.6079,6384.5836,266.0243,0.02244119,0.02154355,266.0243,6384.5836,0.02154355,266.0243,266.0243,266.0243,332.5304,332.5304,6384.5836,0.02154355,1463.1337,1340.2688,5187.4742,5310.3391,0.01750413,0.01791872,0.00089765,16.2655,14.6936,0.3653,59.3804,1.1678,2646.0457,162.5536,12.4780,16.8648,9.0895,16.5695,22.0926,29.825,33.4482,44.5976,11.8163,0.0,2.018664,2.691552,0.981654,30,240,141,4,0.10479828,0.02244119,0.04150452,0E-8,0.000000,0.902668,0.011910,-0.02129501,2026-03-22,2026-08-05,112,5695,2177,137,0.817518,0.739886,0.767145,0.349328,,,,,,,,GLOBAL_BASELINE_NO_ENTITY_RANKING,,,NOT_APPLICABLE_GLOBAL_BASELINE,HF9g-P5,,,,X 全窗基线 · 不参与实体赏罚,14195346,1420,A168_HF9F_20260827_0900,2026-08-27 09:00:00
2026-05-05,110249610,1109,0,2.2298781372,-2.2298781372,-2.2298781372,0E-7,1,1,0.50665070000000000,0.506650700000,-1.013391052207602,-1.013391052207602,-1.013391052207602,0E-17,ELIGIBLE,R03b_20260811_FULL_v1,L1_ELIGIBILITY,v2026-08-11,2026-03-21..2026-08-06,baccarat_bet02_101_all_pairs_incl_sentinel,round_win = game_pnl > 0 (decisive only),COMPATIBILITY_ONLY_NOT_PRODUCTION,296357.1217,267511.9505,6650.6079,18220,18206,-0.02244119,-0.04150452,-0.02020951,-0.02244119,-6650.6079,296357.1217,OK,0.0000,266.0243,4.0000,96.0000,AG03-UNRESOLVED,ALL5_LEVELS_bet23_to_bet27,266.0243,266.0243,266.0243,332.5304,332.5304,4.000000,4.000000,4.000000,5.000000,5.000000,96.000000,96.000000,96.000000,95.000000,95.000000,5.0,1463.1337,1340.2688,5187.4742,5310.3391,PENDING_AG03,FALSE,NOT_FOR_ENFORCEMENT,6384.5836,256811.4724,6650.6079,6384.5836,266.0243,0.02244119,0.02154355,266.0243,6384.5836,0.02154355,266.0243,266.0243,266.0243,332.5304,332.5304,6384.5836,0.02154355,1463.1337,1340.2688,5187.4742,5310.3391,0.01750413,0.01791872,0.00089765,16.2655,14.6936,0.3653,59.3804,1.1678,2646.0457,162.5536,12.4780,16.8648,9.0895,16.5695,22.0926,29.825,33.4482,44.5976,11.8163,0.0,2.018664,2.691552,0.981654,30,240,141,4,0.10479828,0.02244119,0.04150452,0E-8,0.000000,0.902668,0.011910,-0.02129501,2026-03-22,2026-08-05,112,5695,2177,137,0.817518,0.739886,0.767145,0.349328,,,,,,,,GLOBAL_BASELINE_NO_ENTITY_RANKING,,,NOT_APPLICABLE_GLOBAL_BASELINE,HF9g-P5,,,,X 全窗基线 · 不参与实体赏罚,14195347,1420,A168_HF9F_20260827_0900,2026-08-27 09:00:00
2026-05-05,110249610,1115,0,3.3448172058,-1.1149390686,-1.1149390686,0.5000000,2,2,0.49324550000000000,0.493245500000,0.01910635448239258,0.01910635448239258,0.01910635448239258,0E-17,ELIGIBLE,R03b_20260811_FULL_v1,L1_ELIGIBILITY,v2026-08-11,2026-03-21..2026-08-06,baccarat_bet02_101_all_pairs_incl_sentinel,round_win = game_pnl > 0 (decisive only),COMPATIBILITY_ONLY_NOT_PRODUCTION,296357.1217,267511.9505,6650.6079,18220,18206,-0.02244119,-0.04150452,-0.02020951,-0.02244119,-6650.6079,296357.1217,OK,0.0000,266.0243,4.0000,96.0000,AG03-UNRESOLVED,ALL5_LEVELS_bet23_to_bet27,266.0243,266.0243,266.0243,332.5304,332.5304,4.000000,4.000000,4.000000,5.000000,5.000000,96.000000,96.000000,96.000000,95.000000,95.000000,5.0,1463.1337,1340.2688,5187.4742,5310.3391,PENDING_AG03,FALSE,NOT_FOR_ENFORCEMENT,6384.5836,256811.4724,6650.6079,6384.5836,266.0243,0.02244119,0.02154355,266.0243,6384.5836,0.02154355,266.0243,266.0243,266.0243,332.5304,332.5304,6384.5836,0.02154355,1463.1337,1340.2688,5187.4742,5310.3391,0.01750413,0.01791872,0.00089765,16.2655,14.6936,0.3653,59.3804,1.1678,2646.0457,162.5536,12.4780,16.8648,9.0895,16.5695,22.0926,29.825,33.4482,44.5976,11.8163,0.0,2.018664,2.691552,0.981654,30,240,141,4,0.10479828,0.02244119,0.04150452,0E-8,0.000000,0.902668,0.011910,-0.02129501,2026-03-22,2026-08-05,112,5695,2177,137,0.817518,0.739886,0.767145,0.349328,,,,,,,,GLOBAL_BASELINE_NO_ENTITY_RANKING,,,NOT_APPLICABLE_GLOBAL_BASELINE,HF9g-P5,,,,X 全窗基线 · 不参与实体赏罚,14195348,1420,A168_HF9F_20260827_0900,2026-08-27 09:00:00
2026-05-05,110249610,1205,0,4.4597562743,0E-10,0E-10,,1,1,0.50665070000000000,0.506650700000,,,,0E-17,NO_DECISIVE_ROUND,R03b_20260811_FULL_v1,L1_ELIGIBILITY,v2026-08-11,2026-03-21..2026-08-06,baccarat_bet02_101_all_pairs_incl_sentinel,round_win = game_pnl > 0 (decisive only),COMPATIBILITY_ONLY_NOT_PRODUCTION,296357.1217,267511.9505,6650.6079,18220,18206,-0.02244119,-0.04150452,-0.02020951,-0.02244119,-6650.6079,296357.1217,OK,0.0000,266.0243,4.0000,96.0000,AG03-UNRESOLVED,ALL5_LEVELS_bet23_to_bet27,266.0243,266.0243,266.0243,332.5304,332.5304,4.000000,4.000000,4.000000,5.000000,5.000000,96.000000,96.000000,96.000000,95.000000,95.000000,5.0,1463.1337,1340.2688,5187.4742,5310.3391,PENDING_AG03,FALSE,NOT_FOR_ENFORCEMENT,6384.5836,256811.4724,6650.6079,6384.5836,266.0243,0.02244119,0.02154355,266.0243,6384.5836,0.02154355,266.0243,266.0243,266.0243,332.5304,332.5304,6384.5836,0.02154355,1463.1337,1340.2688,5187.4742,5310.3391,0.01750413,0.01791872,0.00089765,16.2655,14.6936,0.3653,59.3804,1.1678,2646.0457,162.5536,12.4780,16.8648,9.0895,16.5695,22.0926,29.825,33.4482,44.5976,11.8163,0.0,2.018664,2.691552,0.981654,30,240,141,4,0.10479828,0.02244119,0.04150452,0E-8,0.000000,0.902668,0.011910,-0.02129501,2026-03-22,2026-08-05,112,5695,2177,137,0.817518,0.739886,0.767145,0.349328,,,,,,,,GLOBAL_BASELINE_NO_ENTITY_RANKING,,,NOT_APPLICABLE_GLOBAL_BASELINE,HF9g-P5,,,,X 全窗基线 · 不参与实体赏罚,14195349,1420,A168_HF9F_20260827_0900,2026-08-27 09:00:00
2026-05-05,110249610,1304,0,11.1493906858,-11.1493906858,-11.1493906858,0E-7,1,1,0.49324550000000000,0.493245500000,-0.9865810262130424,-0.9865810262130424,-0.9865810262130424,0E-17,ELIGIBLE,R03b_20260811_FULL_v1,L1_ELIGIBILITY,v2026-08-11,2026-03-21..2026-08-06,baccarat_bet02_101_all_pairs_incl_sentinel,round_win = game_pnl > 0 (decisive only),COMPATIBILITY_ONLY_NOT_PRODUCTION,296357.1217,267511.9505,6650.6079,18220,18206,-0.02244119,-0.04150452,-0.02020951,-0.02244119,-6650.6079,296357.1217,OK,0.0000,266.0243,4.0000,96.0000,AG03-UNRESOLVED,ALL5_LEVELS_bet23_to_bet27,266.0243,266.0243,266.0243,332.5304,332.5304,4.000000,4.000000,4.000000,5.000000,5.000000,96.000000,96.000000,96.000000,95.000000,95.000000,5.0,1463.1337,1340.2688,5187.4742,5310.3391,PENDING_AG03,FALSE,NOT_FOR_ENFORCEMENT,6384.5836,256811.4724,6650.6079,6384.5836,266.0243,0.02244119,0.02154355,266.0243,6384.5836,0.02154355,266.0243,266.0243,266.0243,332.5304,332.5304,6384.5836,0.02154355,1463.1337,1340.2688,5187.4742,5310.3391,0.01750413,0.01791872,0.00089765,16.2655,14.6936,0.3653,59.3804,1.1678,2646.0457,162.5536,12.4780,16.8648,9.0895,16.5695,22.0926,29.825,33.4482,44.5976,11.8163,0.0,2.018664,2.691552,0.981654,30,240,141,4,0.10479828,0.02244119,0.04150452,0E-8,0.000000,0.902668,0.011910,-0.02129501,2026-03-22,2026-08-05,112,5695,2177,137,0.817518,0.739886,0.767145,0.349328,,,,,,,,GLOBAL_BASELINE_NO_ENTITY_RANKING,,,NOT_APPLICABLE_GLOBAL_BASELINE,HF9g-P5,,,,X 全窗基线 · 不参与实体赏罚,14195350,1420,A168_HF9F_20260827_0900,2026-08-27 09:00:00
2026-05-05,110249610,1382,0,114.1697606225,-15.1631713327,-15.1631713327,0.4285714,7,7,0.49516052857142857,0.495160528571,-0.3523729031294806,-0.3523729031272156,-0.3523729031294806,4.2857E-13,ELIGIBLE,R03b_20260811_FULL_v1,L1_ELIGIBILITY,v2026-08-11,2026-03-21..2026-08-06,baccarat_bet02_101_all_pairs_incl_sentinel,round_win = game_pnl > 0 (decisive only),COMPATIBILITY_ONLY_NOT_PRODUCTION,296357.1217,267511.9505,6650.6079,18220,18206,-0.02244119,-0.04150452,-0.02020951,-0.02244119,-6650.6079,296357.1217,OK,0.0000,266.0243,4.0000,96.0000,AG03-UNRESOLVED,ALL5_LEVELS_bet23_to_bet27,266.0243,266.0243,266.0243,332.5304,332.5304,4.000000,4.000000,4.000000,5.000000,5.000000,96.000000,96.000000,96.000000,95.000000,95.000000,5.0,1463.1337,1340.2688,5187.4742,5310.3391,PENDING_AG03,FALSE,NOT_FOR_ENFORCEMENT,6384.5836,256811.4724,6650.6079,6384.5836,266.0243,0.02244119,0.02154355,266.0243,6384.5836,0.02154355,266.0243,266.0243,266.0243,332.5304,332.5304,6384.5836,0.02154355,1463.1337,1340.2688,5187.4742,5310.3391,0.01750413,0.01791872,0.00089765,16.2655,14.6936,0.3653,59.3804,1.1678,2646.0457,162.5536,12.4780,16.8648,9.0895,16.5695,22.0926,29.825,33.4482,44.5976,11.8163,0.0,2.018664,2.691552,0.981654,30,240,141,4,0.10479828,0.02244119,0.04150452,0E-8,0.000000,0.902668,0.011910,-0.02129501,2026-03-22,2026-08-05,112,5695,2177,137,0.817518,0.739886,0.767145,0.349328,,,,,,,,GLOBAL_BASELINE_NO_ENTITY_RANKING,,,NOT_APPLICABLE_GLOBAL_BASELINE,HF9g-P5,,,,X 全窗基线 · 不参与实体赏罚,14195351,1420,A168_HF9F_20260827_0900,2026-08-27 09:00:00
2026-05-05,110249610,1399,0,4.4597562743,-4.4597562743,-4.4597562743,0E-7,1,1,0.50665070000000000,0.506650700000,-1.013391052207602,-1.013391052207602,-1.013391052207602,0E-17,ELIGIBLE,R03b_20260811_FULL_v1,L1_ELIGIBILITY,v2026-08-11,2026-03-21..2026-08-06,baccarat_bet02_101_all_pairs_incl_sentinel,round_win = game_pnl > 0 (decisive only),COMPATIBILITY_ONLY_NOT_PRODUCTION,296357.1217,267511.9505,6650.6079,18220,18206,-0.02244119,-0.04150452,-0.02020951,-0.02244119,-6650.6079,296357.1217,OK,0.0000,266.0243,4.0000,96.0000,AG03-UNRESOLVED,ALL5_LEVELS_bet23_to_bet27,266.0243,266.0243,266.0243,332.5304,332.5304,4.000000,4.000000,4.000000,5.000000,5.000000,96.000000,96.000000,96.000000,95.000000,95.000000,5.0,1463.1337,1340.2688,5187.4742,5310.3391,PENDING_AG03,FALSE,NOT_FOR_ENFORCEMENT,6384.5836,256811.4724,6650.6079,6384.5836,266.0243,0.02244119,0.02154355,266.0243,6384.5836,0.02154355,266.0243,266.0243,266.0243,332.5304,332.5304,6384.5836,0.02154355,1463.1337,1340.2688,5187.4742,5310.3391,0.01750413,0.01791872,0.00089765,16.2655,14.6936,0.3653,59.3804,1.1678,2646.0457,162.5536,12.4780,16.8648,9.0895,16.5695,22.0926,29.825,33.4482,44.5976,11.8163,0.0,2.018664,2.691552,0.981654,30,240,141,4,0.10479828,0.02244119,0.04150452,0E-8,0.000000,0.902668,0.011910,-0.02129501,2026-03-22,2026-08-05,112,5695,2177,137,0.817518,0.739886,0.767145,0.349328,,,,,,,,GLOBAL_BASELINE_NO_ENTITY_RANKING,,,NOT_APPLICABLE_GLOBAL_BASELINE,HF9g-P5,,,,X 全窗基线 · 不参与实体赏罚,14195352,1420,A168_HF9F_20260827_0900,2026-08-27 09:00:00
2026-05-05,110249610,1509,0,2.2298781372,-2.2298781372,-2.2298781372,0E-7,1,1,0.49324550000000000,0.493245500000,-0.9865810262130424,-0.9865810262130424,-0.9865810262130424,0E-17,ELIGIBLE,R03b_20260811_FULL_v1,L1_ELIGIBILITY,v2026-08-11,2026-03-21..2026-08-06,baccarat_bet02_101_all_pairs_incl_sentinel,round_win = game_pnl > 0 (decisive only),COMPATIBILITY_ONLY_NOT_PRODUCTION,296357.1217,267511.9505,6650.6079,18220,18206,-0.02244119,-0.04150452,-0.02020951,-0.02244119,-6650.6079,296357.1217,OK,0.0000,266.0243,4.0000,96.0000,AG03-UNRESOLVED,ALL5_LEVELS_bet23_to_bet27,266.0243,266.0243,266.0243,332.5304,332.5304,4.000000,4.000000,4.000000,5.000000,5.000000,96.000000,96.000000,96.000000,95.000000,95.000000,5.0,1463.1337,1340.2688,5187.4742,5310.3391,PENDING_AG03,FALSE,NOT_FOR_ENFORCEMENT,6384.5836,256811.4724,6650.6079,6384.5836,266.0243,0.02244119,0.02154355,266.0243,6384.5836,0.02154355,266.0243,266.0243,266.0243,332.5304,332.5304,6384.5836,0.02154355,1463.1337,1340.2688,5187.4742,5310.3391,0.01750413,0.01791872,0.00089765,16.2655,14.6936,0.3653,59.3804,1.1678,2646.0457,162.5536,12.4780,16.8648,9.0895,16.5695,22.0926,29.825,33.4482,44.5976,11.8163,0.0,2.018664,2.691552,0.981654,30,240,141,4,0.10479828,0.02244119,0.04150452,0E-8,0.000000,0.902668,0.011910,-0.02129501,2026-03-22,2026-08-05,112,5695,2177,137,0.817518,0.739886,0.767145,0.349328,,,,,,,,GLOBAL_BASELINE_NO_ENTITY_RANKING,,,NOT_APPLICABLE_GLOBAL_BASELINE,HF9g-P5,,,,X 全窗基线 · 不参与实体赏罚,14195353,1420,A168_HF9F_20260827_0900,2026-08-27 09:00:00
2026-05-05,110249610,1704,0,68.6802466245,-5.6304422963,-5.6304422963,0.5000000,4,4,0.50665070000000000,0.506650700000,-0.02660515369234503,-0.02660515369234503,-0.02660515369234503,0E-17,ELIGIBLE,R03b_20260811_FULL_v1,L1_ELIGIBILITY,v2026-08-11,2026-03-21..2026-08-06,baccarat_bet02_101_all_pairs_incl_sentinel,round_win = game_pnl > 0 (decisive only),COMPATIBILITY_ONLY_NOT_PRODUCTION,296357.1217,267511.9505,6650.6079,18220,18206,-0.02244119,-0.04150452,-0.02020951,-0.02244119,-6650.6079,296357.1217,OK,0.0000,266.0243,4.0000,96.0000,AG03-UNRESOLVED,ALL5_LEVELS_bet23_to_bet27,266.0243,266.0243,266.0243,332.5304,332.5304,4.000000,4.000000,4.000000,5.000000,5.000000,96.000000,96.000000,96.000000,95.000000,95.000000,5.0,1463.1337,1340.2688,5187.4742,5310.3391,PENDING_AG03,FALSE,NOT_FOR_ENFORCEMENT,6384.5836,256811.4724,6650.6079,6384.5836,266.0243,0.02244119,0.02154355,266.0243,6384.5836,0.02154355,266.0243,266.0243,266.0243,332.5304,332.5304,6384.5836,0.02154355,1463.1337,1340.2688,5187.4742,5310.3391,0.01750413,0.01791872,0.00089765,16.2655,14.6936,0.3653,59.3804,1.1678,2646.0457,162.5536,12.4780,16.8648,9.0895,16.5695,22.0926,29.825,33.4482,44.5976,11.8163,0.0,2.018664,2.691552,0.981654,30,240,141,4,0.10479828,0.02244119,0.04150452,0E-8,0.000000,0.902668,0.011910,-0.02129501,2026-03-22,2026-08-05,112,5695,2177,137,0.817518,0.739886,0.767145,0.349328,,,,,,,,GLOBAL_BASELINE_NO_ENTITY_RANKING,,,NOT_APPLICABLE_GLOBAL_BASELINE,HF9g-P5,,,,X 全窗基线 · 不参与实体赏罚,14195354,1420,A168_HF9F_20260827_0900,2026-08-27 09:00:00
2026-05-05,110249610,1750,0,78.0457348007,20.6821197221,20.6821197221,0.5714286,7,7,0.49899058571428571,0.498990585714,0.38330657246501415,0.3833065724665265,0.38330657246501415,2.8571E-13,ELIGIBLE,R03b_20260811_FULL_v1,L1_ELIGIBILITY,v2026-08-11,2026-03-21..2026-08-06,baccarat_bet02_101_all_pairs_incl_sentinel,round_win = game_pnl > 0 (decisive only),COMPATIBILITY_ONLY_NOT_PRODUCTION,296357.1217,267511.9505,6650.6079,18220,18206,-0.02244119,-0.04150452,-0.02020951,-0.02244119,-6650.6079,296357.1217,OK,0.0000,266.0243,4.0000,96.0000,AG03-UNRESOLVED,ALL5_LEVELS_bet23_to_bet27,266.0243,266.0243,266.0243,332.5304,332.5304,4.000000,4.000000,4.000000,5.000000,5.000000,96.000000,96.000000,96.000000,95.000000,95.000000,5.0,1463.1337,1340.2688,5187.4742,5310.3391,PENDING_AG03,FALSE,NOT_FOR_ENFORCEMENT,6384.5836,256811.4724,6650.6079,6384.5836,266.0243,0.02244119,0.02154355,266.0243,6384.5836,0.02154355,266.0243,266.0243,266.0243,332.5304,332.5304,6384.5836,0.02154355,1463.1337,1340.2688,5187.4742,5310.3391,0.01750413,0.01791872,0.00089765,16.2655,14.6936,0.3653,59.3804,1.1678,2646.0457,162.5536,12.4780,16.8648,9.0895,16.5695,22.0926,29.825,33.4482,44.5976,11.8163,0.0,2.018664,2.691552,0.981654,30,240,141,4,0.10479828,0.02244119,0.04150452,0E-8,0.000000,0.902668,0.011910,-0.02129501,2026-03-22,2026-08-05,112,5695,2177,137,0.817518,0.739886,0.767145,0.349328,,,,,,,,GLOBAL_BASELINE_NO_ENTITY_RANKING,,,NOT_APPLICABLE_GLOBAL_BASELINE,HF9g-P5,,,,X 全窗基线 · 不参与实体赏罚,14195355,1420,A168_HF9F_20260827_0900,2026-08-27 09:00:00
2026-05-05,110249610,1935,0,5.5746953429,-1.8786723305,-1.8786723305,0.3333333,3,3,0.50218230000000000,0.502182300000,-0.5849155494134425,-0.5849155494134426,-0.5849155494134425,0E-17,ELIGIBLE,R03b_20260811_FULL_v1,L1_ELIGIBILITY,v2026-08-11,2026-03-21..2026-08-06,baccarat_bet02_101_all_pairs_incl_sentinel,round_win = game_pnl > 0 (decisive only),COMPATIBILITY_ONLY_NOT_PRODUCTION,296357.1217,267511.9505,6650.6079,18220,18206,-0.02244119,-0.04150452,-0.02020951,-0.02244119,-6650.6079,296357.1217,OK,0.0000,266.0243,4.0000,96.0000,AG03-UNRESOLVED,ALL5_LEVELS_bet23_to_bet27,266.0243,266.0243,266.0243,332.5304,332.5304,4.000000,4.000000,4.000000,5.000000,5.000000,96.000000,96.000000,96.000000,95.000000,95.000000,5.0,1463.1337,1340.2688,5187.4742,5310.3391,PENDING_AG03,FALSE,NOT_FOR_ENFORCEMENT,6384.5836,256811.4724,6650.6079,6384.5836,266.0243,0.02244119,0.02154355,266.0243,6384.5836,0.02154355,266.0243,266.0243,266.0243,332.5304,332.5304,6384.5836,0.02154355,1463.1337,1340.2688,5187.4742,5310.3391,0.01750413,0.01791872,0.00089765,16.2655,14.6936,0.3653,59.3804,1.1678,2646.0457,162.5536,12.4780,16.8648,9.0895,16.5695,22.0926,29.825,33.4482,44.5976,11.8163,0.0,2.018664,2.691552,0.981654,30,240,141,4,0.10479828,0.02244119,0.04150452,0E-8,0.000000,0.902668,0.011910,-0.02129501,2026-03-22,2026-08-05,112,5695,2177,137,0.817518,0.739886,0.767145,0.349328,,,,,,,,GLOBAL_BASELINE_NO_ENTITY_RANKING,,,NOT_APPLICABLE_GLOBAL_BASELINE,HF9g-P5,,,,X 全窗基线 · 不参与实体赏罚,14195356,1420,A168_HF9F_20260827_0900,2026-08-27 09:00:00
2026-05-05,110249610,1957,0,11.0378967790,-2.5587851624,-2.5587851624,0.6666667,3,3,0.50665070000000000,0.506650700000,0.5543606114942035,0.5543606114942035,0.5543606114942035,0E-17,ELIGIBLE,R03b_20260811_FULL_v1,L1_ELIGIBILITY,v2026-08-11,2026-03-21..2026-08-06,baccarat_bet02_101_all_pairs_incl_sentinel,round_win = game_pnl > 0 (decisive only),COMPATIBILITY_ONLY_NOT_PRODUCTION,296357.1217,267511.9505,6650.6079,18220,18206,-0.02244119,-0.04150452,-0.02020951,-0.02244119,-6650.6079,296357.1217,OK,0.0000,266.0243,4.0000,96.0000,AG03-UNRESOLVED,ALL5_LEVELS_bet23_to_bet27,266.0243,266.0243,266.0243,332.5304,332.5304,4.000000,4.000000,4.000000,5.000000,5.000000,96.000000,96.000000,96.000000,95.000000,95.000000,5.0,1463.1337,1340.2688,5187.4742,5310.3391,PENDING_AG03,FALSE,NOT_FOR_ENFORCEMENT,6384.5836,256811.4724,6650.6079,6384.5836,266.0243,0.02244119,0.02154355,266.0243,6384.5836,0.02154355,266.0243,266.0243,266.0243,332.5304,332.5304,6384.5836,0.02154355,1463.1337,1340.2688,5187.4742,5310.3391,0.01750413,0.01791872,0.00089765,16.2655,14.6936,0.3653,59.3804,1.1678,2646.0457,162.5536,12.4780,16.8648,9.0895,16.5695,22.0926,29.825,33.4482,44.5976,11.8163,0.0,2.018664,2.691552,0.981654,30,240,141,4,0.10479828,0.02244119,0.04150452,0E-8,0.000000,0.902668,0.011910,-0.02129501,2026-03-22,2026-08-05,112,5695,2177,137,0.817518,0.739886,0.767145,0.349328,,,,,,,,GLOBAL_BASELINE_NO_ENTITY_RANKING,,,NOT_APPLICABLE_GLOBAL_BASELINE,HF9g-P5,,,,X 全窗基线 · 不参与实体赏罚,14195357,1420,A168_HF9F_20260827_0900,2026-08-27 09:00:00
2026-05-05,110249610,1984,0,30.6608243860,-4.5155032277,-4.5155032277,0.6666667,5,5,0.50665070000000000,0.506650700000,0.5543606114942035,0.5543606114942035,0.5543606114942035,0E-17,ELIGIBLE,R03b_20260811_FULL_v1,L1_ELIGIBILITY,v2026-08-11,2026-03-21..2026-08-06,baccarat_bet02_101_all_pairs_incl_sentinel,round_win = game_pnl > 0 (decisive only),COMPATIBILITY_ONLY_NOT_PRODUCTION,296357.1217,267511.9505,6650.6079,18220,18206,-0.02244119,-0.04150452,-0.02020951,-0.02244119,-6650.6079,296357.1217,OK,0.0000,266.0243,4.0000,96.0000,AG03-UNRESOLVED,ALL5_LEVELS_bet23_to_bet27,266.0243,266.0243,266.0243,332.5304,332.5304,4.000000,4.000000,4.000000,5.000000,5.000000,96.000000,96.000000,96.000000,95.000000,95.000000,5.0,1463.1337,1340.2688,5187.4742,5310.3391,PENDING_AG03,FALSE,NOT_FOR_ENFORCEMENT,6384.5836,256811.4724,6650.6079,6384.5836,266.0243,0.02244119,0.02154355,266.0243,6384.5836,0.02154355,266.0243,266.0243,266.0243,332.5304,332.5304,6384.5836,0.02154355,1463.1337,1340.2688,5187.4742,5310.3391,0.01750413,0.01791872,0.00089765,16.2655,14.6936,0.3653,59.3804,1.1678,2646.0457,162.5536,12.4780,16.8648,9.0895,16.5695,22.0926,29.825,33.4482,44.5976,11.8163,0.0,2.018664,2.691552,0.981654,30,240,141,4,0.10479828,0.02244119,0.04150452,0E-8,0.000000,0.902668,0.011910,-0.02129501,2026-03-22,2026-08-05,112,5695,2177,137,0.817518,0.739886,0.767145,0.349328,,,,,,,,GLOBAL_BASELINE_NO_ENTITY_RANKING,,,NOT_APPLICABLE_GLOBAL_BASELINE,HF9g-P5,,,,X 全窗基线 · 不参与实体赏罚,14195358,1420,A168_HF9F_20260827_0900,2026-08-27 09:00:00
2026-05-05,110249610,2103,0,58.7572889142,-10.8149089652,-10.8149089652,0.5555556,9,9,0.49622443333333333,0.496224433333,0.35599688288054965,0.35599688288255155,0.35599688288054965,3.3333E-13,ELIGIBLE,R03b_20260811_FULL_v1,L1_ELIGIBILITY,v2026-08-11,2026-03-21..2026-08-06,baccarat_bet02_101_all_pairs_incl_sentinel,round_win = game_pnl > 0 (decisive only),COMPATIBILITY_ONLY_NOT_PRODUCTION,296357.1217,267511.9505,6650.6079,18220,18206,-0.02244119,-0.04150452,-0.02020951,-0.02244119,-6650.6079,296357.1217,OK,0.0000,266.0243,4.0000,96.0000,AG03-UNRESOLVED,ALL5_LEVELS_bet23_to_bet27,266.0243,266.0243,266.0243,332.5304,332.5304,4.000000,4.000000,4.000000,5.000000,5.000000,96.000000,96.000000,96.000000,95.000000,95.000000,5.0,1463.1337,1340.2688,5187.4742,5310.3391,PENDING_AG03,FALSE,NOT_FOR_ENFORCEMENT,6384.5836,256811.4724,6650.6079,6384.5836,266.0243,0.02244119,0.02154355,266.0243,6384.5836,0.02154355,266.0243,266.0243,266.0243,332.5304,332.5304,6384.5836,0.02154355,1463.1337,1340.2688,5187.4742,5310.3391,0.01750413,0.01791872,0.00089765,16.2655,14.6936,0.3653,59.3804,1.1678,2646.0457,162.5536,12.4780,16.8648,9.0895,16.5695,22.0926,29.825,33.4482,44.5976,11.8163,0.0,2.018664,2.691552,0.981654,30,240,141,4,0.10479828,0.02244119,0.04150452,0E-8,0.000000,0.902668,0.011910,-0.02129501,2026-03-22,2026-08-05,112,5695,2177,137,0.817518,0.739886,0.767145,0.349328,,,,,,,,GLOBAL_BASELINE_NO_ENTITY_RANKING,,,NOT_APPLICABLE_GLOBAL_BASELINE,HF9g-P5,,,,X 全窗基线 · 不参与实体赏罚,14195359,1420,A168_HF9F_20260827_0900,2026-08-27 09:00:00
2026-05-05,110249610,2106,0,28.9884157831,4.2367684606,4.2367684606,0.5000000,5,5,0.50128862000000000,0.501288620000,-0.0051544971185412255,-0.0051544971185412255,-0.0051544971185412255,0E-17,ELIGIBLE,R03b_20260811_FULL_v1,L1_ELIGIBILITY,v2026-08-11,2026-03-21..2026-08-06,baccarat_bet02_101_all_pairs_incl_sentinel,round_win = game_pnl > 0 (decisive only),COMPATIBILITY_ONLY_NOT_PRODUCTION,296357.1217,267511.9505,6650.6079,18220,18206,-0.02244119,-0.04150452,-0.02020951,-0.02244119,-6650.6079,296357.1217,OK,0.0000,266.0243,4.0000,96.0000,AG03-UNRESOLVED,ALL5_LEVELS_bet23_to_bet27,266.0243,266.0243,266.0243,332.5304,332.5304,4.000000,4.000000,4.000000,5.000000,5.000000,96.000000,96.000000,96.000000,95.000000,95.000000,5.0,1463.1337,1340.2688,5187.4742,5310.3391,PENDING_AG03,FALSE,NOT_FOR_ENFORCEMENT,6384.5836,256811.4724,6650.6079,6384.5836,266.0243,0.02244119,0.02154355,266.0243,6384.5836,0.02154355,266.0243,266.0243,266.0243,332.5304,332.5304,6384.5836,0.02154355,1463.1337,1340.2688,5187.4742,5310.3391,0.01750413,0.01791872,0.00089765,16.2655,14.6936,0.3653,59.3804,1.1678,2646.0457,162.5536,12.4780,16.8648,9.0895,16.5695,22.0926,29.825,33.4482,44.5976,11.8163,0.0,2.018664,2.691552,0.981654,30,240,141,4,0.10479828,0.02244119,0.04150452,0E-8,0.000000,0.902668,0.011910,-0.02129501,2026-03-22,2026-08-05,112,5695,2177,137,0.817518,0.739886,0.767145,0.349328,,,,,,,,GLOBAL_BASELINE_NO_ENTITY_RANKING,,,NOT_APPLICABLE_GLOBAL_BASELINE,HF9g-P5,,,,X 全窗基线 · 不参与实体赏罚,14195360,1420,A168_HF9F_20260827_0900,2026-08-27 09:00:00
2026-05-05,110249610,2108,0,11.1493906858,-11.1493906858,-11.1493906858,0E-7,1,1,0.50665070000000000,0.506650700000,-1.013391052207602,-1.013391052207602,-1.013391052207602,0E-17,ELIGIBLE,R03b_20260811_FULL_v1,L1_ELIGIBILITY,v2026-08-11,2026-03-21..2026-08-06,baccarat_bet02_101_all_pairs_incl_sentinel,round_win = game_pnl > 0 (decisive only),COMPATIBILITY_ONLY_NOT_PRODUCTION,296357.1217,267511.9505,6650.6079,18220,18206,-0.02244119,-0.04150452,-0.02020951,-0.02244119,-6650.6079,296357.1217,OK,0.0000,266.0243,4.0000,96.0000,AG03-UNRESOLVED,ALL5_LEVELS_bet23_to_bet27,266.0243,266.0243,266.0243,332.5304,332.5304,4.000000,4.000000,4.000000,5.000000,5.000000,96.000000,96.000000,96.000000,95.000000,95.000000,5.0,1463.1337,1340.2688,5187.4742,5310.3391,PENDING_AG03,FALSE,NOT_FOR_ENFORCEMENT,6384.5836,256811.4724,6650.6079,6384.5836,266.0243,0.02244119,0.02154355,266.0243,6384.5836,0.02154355,266.0243,266.0243,266.0243,332.5304,332.5304,6384.5836,0.02154355,1463.1337,1340.2688,5187.4742,5310.3391,0.01750413,0.01791872,0.00089765,16.2655,14.6936,0.3653,59.3804,1.1678,2646.0457,162.5536,12.4780,16.8648,9.0895,16.5695,22.0926,29.825,33.4482,44.5976,11.8163,0.0,2.018664,2.691552,0.981654,30,240,141,4,0.10479828,0.02244119,0.04150452,0E-8,0.000000,0.902668,0.011910,-0.02129501,2026-03-22,2026-08-05,112,5695,2177,137,0.817518,0.739886,0.767145,0.349328,,,,,,,,GLOBAL_BASELINE_NO_ENTITY_RANKING,,,NOT_APPLICABLE_GLOBAL_BASELINE,HF9g-P5,,,,X 全窗基线 · 不参与实体赏罚,14195361,1420,A168_HF9F_20260827_0900,2026-08-27 09:00:00
2026-05-05,110249610,2115,0,67.7882953696,-9.0867534088,-9.0867534088,0.3750000,8,8,0.50497505000000000,0.504975050000,-0.7352863131446508,-0.7352863131446508,-0.7352863131446508,0E-17,ELIGIBLE,R03b_20260811_FULL_v1,L1_ELIGIBILITY,v2026-08-11,2026-03-21..2026-08-06,baccarat_bet02_101_all_pairs_incl_sentinel,round_win = game_pnl > 0 (decisive only),COMPATIBILITY_ONLY_NOT_PRODUCTION,296357.1217,267511.9505,6650.6079,18220,18206,-0.02244119,-0.04150452,-0.02020951,-0.02244119,-6650.6079,296357.1217,OK,0.0000,266.0243,4.0000,96.0000,AG03-UNRESOLVED,ALL5_LEVELS_bet23_to_bet27,266.0243,266.0243,266.0243,332.5304,332.5304,4.000000,4.000000,4.000000,5.000000,5.000000,96.000000,96.000000,96.000000,95.000000,95.000000,5.0,1463.1337,1340.2688,5187.4742,5310.3391,PENDING_AG03,FALSE,NOT_FOR_ENFORCEMENT,6384.5836,256811.4724,6650.6079,6384.5836,266.0243,0.02244119,0.02154355,266.0243,6384.5836,0.02154355,266.0243,266.0243,266.0243,332.5304,332.5304,6384.5836,0.02154355,1463.1337,1340.2688,5187.4742,5310.3391,0.01750413,0.01791872,0.00089765,16.2655,14.6936,0.3653,59.3804,1.1678,2646.0457,162.5536,12.4780,16.8648,9.0895,16.5695,22.0926,29.825,33.4482,44.5976,11.8163,0.0,2.018664,2.691552,0.981654,30,240,141,4,0.10479828,0.02244119,0.04150452,0E-8,0.000000,0.902668,0.011910,-0.02129501,2026-03-22,2026-08-05,112,5695,2177,137,0.817518,0.739886,0.767145,0.349328,,,,,,,,GLOBAL_BASELINE_NO_ENTITY_RANKING,,,NOT_APPLICABLE_GLOBAL_BASELINE,HF9g-P5,,,,X 全窗基线 · 不参与实体赏罚,14195362,1420,A168_HF9F_20260827_0900,2026-08-27 09:00:00
2026-05-05,110249610,2117,0,1.1149390686,-1.1149390686,-1.1149390686,0E-7,1,1,0.49324550000000000,0.493245500000,-0.9865810262130424,-0.9865810262130424,-0.9865810262130424,0E-17,ELIGIBLE,R03b_20260811_FULL_v1,L1_ELIGIBILITY,v2026-08-11,2026-03-21..2026-08-06,baccarat_bet02_101_all_pairs_incl_sentinel,round_win = game_pnl > 0 (decisive only),COMPATIBILITY_ONLY_NOT_PRODUCTION,296357.1217,267511.9505,6650.6079,18220,18206,-0.02244119,-0.04150452,-0.02020951,-0.02244119,-6650.6079,296357.1217,OK,0.0000,266.0243,4.0000,96.0000,AG03-UNRESOLVED,ALL5_LEVELS_bet23_to_bet27,266.0243,266.0243,266.0243,332.5304,332.5304,4.000000,4.000000,4.000000,5.000000,5.000000,96.000000,96.000000,96.000000,95.000000,95.000000,5.0,1463.1337,1340.2688,5187.4742,5310.3391,PENDING_AG03,FALSE,NOT_FOR_ENFORCEMENT,6384.5836,256811.4724,6650.6079,6384.5836,266.0243,0.02244119,0.02154355,266.0243,6384.5836,0.02154355,266.0243,266.0243,266.0243,332.5304,332.5304,6384.5836,0.02154355,1463.1337,1340.2688,5187.4742,5310.3391,0.01750413,0.01791872,0.00089765,16.2655,14.6936,0.3653,59.3804,1.1678,2646.0457,162.5536,12.4780,16.8648,9.0895,16.5695,22.0926,29.825,33.4482,44.5976,11.8163,0.0,2.018664,2.691552,0.981654,30,240,141,4,0.10479828,0.02244119,0.04150452,0E-8,0.000000,0.902668,0.011910,-0.02129501,2026-03-22,2026-08-05,112,5695,2177,137,0.817518,0.739886,0.767145,0.349328,,,,,,,,GLOBAL_BASELINE_NO_ENTITY_RANKING,,,NOT_APPLICABLE_GLOBAL_BASELINE,HF9g-P5,,,,X 全窗基线 · 不参与实体赏罚,14195363,1420,A168_HF9F_20260827_0900,2026-08-27 09:00:00
2026-05-05,110249610,2122,0,22.8562509060,3.3448172058,3.3448172058,0.6250000,8,8,0.50329940000000000,0.503299400000,0.6884575455922034,0.6884575455922034,0.6884575455922034,0E-17,ELIGIBLE,R03b_20260811_FULL_v1,L1_ELIGIBILITY,v2026-08-11,2026-03-21..2026-08-06,baccarat_bet02_101_all_pairs_incl_sentinel,round_win = game_pnl > 0 (decisive only),COMPATIBILITY_ONLY_NOT_PRODUCTION,296357.1217,267511.9505,6650.6079,18220,18206,-0.02244119,-0.04150452,-0.02020951,-0.02244119,-6650.6079,296357.1217,OK,0.0000,266.0243,4.0000,96.0000,AG03-UNRESOLVED,ALL5_LEVELS_bet23_to_bet27,266.0243,266.0243,266.0243,332.5304,332.5304,4.000000,4.000000,4.000000,5.000000,5.000000,96.000000,96.000000,96.000000,95.000000,95.000000,5.0,1463.1337,1340.2688,5187.4742,5310.3391,PENDING_AG03,FALSE,NOT_FOR_ENFORCEMENT,6384.5836,256811.4724,6650.6079,6384.5836,266.0243,0.02244119,0.02154355,266.0243,6384.5836,0.02154355,266.0243,266.0243,266.0243,332.5304,332.5304,6384.5836,0.02154355,1463.1337,1340.2688,5187.4742,5310.3391,0.01750413,0.01791872,0.00089765,16.2655,14.6936,0.3653,59.3804,1.1678,2646.0457,162.5536,12.4780,16.8648,9.0895,16.5695,22.0926,29.825,33.4482,44.5976,11.8163,0.0,2.018664,2.691552,0.981654,30,240,141,4,0.10479828,0.02244119,0.04150452,0E-8,0.000000,0.902668,0.011910,-0.02129501,2026-03-22,2026-08-05,112,5695,2177,137,0.817518,0.739886,0.767145,0.349328,,,,,,,,GLOBAL_BASELINE_NO_ENTITY_RANKING,,,NOT_APPLICABLE_GLOBAL_BASELINE,HF9g-P5,,,,X 全窗基线 · 不参与实体赏罚,14195364,1420,A168_HF9F_20260827_0900,2026-08-27 09:00:00
2026-05-05,110249610,2123,0,14.4942078916,-1.3936738357,-1.3936738357,0.5000000,6,6,0.50218230000000000,0.502182300000,-0.01069114476356389,-0.01069114476356389,-0.01069114476356389,0E-17,ELIGIBLE,R03b_20260811_FULL_v1,L1_ELIGIBILITY,v2026-08-11,2026-03-21..2026-08-06,baccarat_bet02_101_all_pairs_incl_sentinel,round_win = game_pnl > 0 (decisive only),COMPATIBILITY_ONLY_NOT_PRODUCTION,296357.1217,267511.9505,6650.6079,18220,18206,-0.02244119,-0.04150452,-0.02020951,-0.02244119,-6650.6079,296357.1217,OK,0.0000,266.0243,4.0000,96.0000,AG03-UNRESOLVED,ALL5_LEVELS_bet23_to_bet27,266.0243,266.0243,266.0243,332.5304,332.5304,4.000000,4.000000,4.000000,5.000000,5.000000,96.000000,96.000000,96.000000,95.000000,95.000000,5.0,1463.1337,1340.2688,5187.4742,5310.3391,PENDING_AG03,FALSE,NOT_FOR_ENFORCEMENT,6384.5836,256811.4724,6650.6079,6384.5836,266.0243,0.02244119,0.02154355,266.0243,6384.5836,0.02154355,266.0243,266.0243,266.0243,332.5304,332.5304,6384.5836,0.02154355,1463.1337,1340.2688,5187.4742,5310.3391,0.01750413,0.01791872,0.00089765,16.2655,14.6936,0.3653,59.3804,1.1678,2646.0457,162.5536,12.4780,16.8648,9.0895,16.5695,22.0926,29.825,33.4482,44.5976,11.8163,0.0,2.018664,2.691552,0.981654,30,240,141,4,0.10479828,0.02244119,0.04150452,0E-8,0.000000,0.902668,0.011910,-0.02129501,2026-03-22,2026-08-05,112,5695,2177,137,0.817518,0.739886,0.767145,0.349328,,,,,,,,GLOBAL_BASELINE_NO_ENTITY_RANKING,,,NOT_APPLICABLE_GLOBAL_BASELINE,HF9g-P5,,,,X 全窗基线 · 不参与实体赏罚,14195365,1420,A168_HF9F_20260827_0900,2026-08-27 09:00:00
2026-05-05,110249610,2142,0,18.9539641659,-18.9539641659,-18.9539641659,0E-7,2,2,0.49994810000000000,0.499948100000,-1.4140667746232096,-1.4140667746232096,-1.4140667746232096,0E-17,ELIGIBLE,R03b_20260811_FULL_v1,L1_ELIGIBILITY,v2026-08-11,2026-03-21..2026-08-06,baccarat_bet02_101_all_pairs_incl_sentinel,round_win = game_pnl > 0 (decisive only),COMPATIBILITY_ONLY_NOT_PRODUCTION,296357.1217,267511.9505,6650.6079,18220,18206,-0.02244119,-0.04150452,-0.02020951,-0.02244119,-6650.6079,296357.1217,OK,0.0000,266.0243,4.0000,96.0000,AG03-UNRESOLVED,ALL5_LEVELS_bet23_to_bet27,266.0243,266.0243,266.0243,332.5304,332.5304,4.000000,4.000000,4.000000,5.000000,5.000000,96.000000,96.000000,96.000000,95.000000,95.000000,5.0,1463.1337,1340.2688,5187.4742,5310.3391,PENDING_AG03,FALSE,NOT_FOR_ENFORCEMENT,6384.5836,256811.4724,6650.6079,6384.5836,266.0243,0.02244119,0.02154355,266.0243,6384.5836,0.02154355,266.0243,266.0243,266.0243,332.5304,332.5304,6384.5836,0.02154355,1463.1337,1340.2688,5187.4742,5310.3391,0.01750413,0.01791872,0.00089765,16.2655,14.6936,0.3653,59.3804,1.1678,2646.0457,162.5536,12.4780,16.8648,9.0895,16.5695,22.0926,29.825,33.4482,44.5976,11.8163,0.0,2.018664,2.691552,0.981654,30,240,141,4,0.10479828,0.02244119,0.04150452,0E-8,0.000000,0.902668,0.011910,-0.02129501,2026-03-22,2026-08-05,112,5695,2177,137,0.817518,0.739886,0.767145,0.349328,,,,,,,,GLOBAL_BASELINE_NO_ENTITY_RANKING,,,NOT_APPLICABLE_GLOBAL_BASELINE,HF9g-P5,,,,X 全窗基线 · 不参与实体赏罚,14195366,1420,A168_HF9F_20260827_0900,2026-08-27 09:00:00
2026-05-05,110249610,2153,0,130.4478710239,-41.3084924909,-41.3084924909,0.4285714,7,7,0.50665070000000000,0.506650700000,-0.4131932236838825,-0.4131932236838825,-0.4131932236838825,0E-17,ELIGIBLE,R03b_20260811_FULL_v1,L1_ELIGIBILITY,v2026-08-11,2026-03-21..2026-08-06,baccarat_bet02_101_all_pairs_incl_sentinel,round_win = game_pnl > 0 (decisive only),COMPATIBILITY_ONLY_NOT_PRODUCTION,296357.1217,267511.9505,6650.6079,18220,18206,-0.02244119,-0.04150452,-0.02020951,-0.02244119,-6650.6079,296357.1217,OK,0.0000,266.0243,4.0000,96.0000,AG03-UNRESOLVED,ALL5_LEVELS_bet23_to_bet27,266.0243,266.0243,266.0243,332.5304,332.5304,4.000000,4.000000,4.000000,5.000000,5.000000,96.000000,96.000000,96.000000,95.000000,95.000000,5.0,1463.1337,1340.2688,5187.4742,5310.3391,PENDING_AG03,FALSE,NOT_FOR_ENFORCEMENT,6384.5836,256811.4724,6650.6079,6384.5836,266.0243,0.02244119,0.02154355,266.0243,6384.5836,0.02154355,266.0243,266.0243,266.0243,332.5304,332.5304,6384.5836,0.02154355,1463.1337,1340.2688,5187.4742,5310.3391,0.01750413,0.01791872,0.00089765,16.2655,14.6936,0.3653,59.3804,1.1678,2646.0457,162.5536,12.4780,16.8648,9.0895,16.5695,22.0926,29.825,33.4482,44.5976,11.8163,0.0,2.018664,2.691552,0.981654,30,240,141,4,0.10479828,0.02244119,0.04150452,0E-8,0.000000,0.902668,0.011910,-0.02129501,2026-03-22,2026-08-05,112,5695,2177,137,0.817518,0.739886,0.767145,0.349328,,,,,,,,GLOBAL_BASELINE_NO_ENTITY_RANKING,,,NOT_APPLICABLE_GLOBAL_BASELINE,HF9g-P5,,,,X 全窗基线 · 不参与实体赏罚,14195367,1420,A168_HF9F_20260827_0900,2026-08-27 09:00:00
2026-05-05,110249610,2155,0,2.2298781372,-0.0557469534,-0.0557469534,0.5000000,2,2,0.50665070000000000,0.506650700000,-0.018812684590367487,-0.018812684590367487,-0.018812684590367487,0E-17,ELIGIBLE,R03b_20260811_FULL_v1,L1_ELIGIBILITY,v2026-08-11,2026-03-21..2026-08-06,baccarat_bet02_101_all_pairs_incl_sentinel,round_win = game_pnl > 0 (decisive only),COMPATIBILITY_ONLY_NOT_PRODUCTION,296357.1217,267511.9505,6650.6079,18220,18206,-0.02244119,-0.04150452,-0.02020951,-0.02244119,-6650.6079,296357.1217,OK,0.0000,266.0243,4.0000,96.0000,AG03-UNRESOLVED,ALL5_LEVELS_bet23_to_bet27,266.0243,266.0243,266.0243,332.5304,332.5304,4.000000,4.000000,4.000000,5.000000,5.000000,96.000000,96.000000,96.000000,95.000000,95.000000,5.0,1463.1337,1340.2688,5187.4742,5310.3391,PENDING_AG03,FALSE,NOT_FOR_ENFORCEMENT,6384.5836,256811.4724,6650.6079,6384.5836,266.0243,0.02244119,0.02154355,266.0243,6384.5836,0.02154355,266.0243,266.0243,266.0243,332.5304,332.5304,6384.5836,0.02154355,1463.1337,1340.2688,5187.4742,5310.3391,0.01750413,0.01791872,0.00089765,16.2655,14.6936,0.3653,59.3804,1.1678,2646.0457,162.5536,12.4780,16.8648,9.0895,16.5695,22.0926,29.825,33.4482,44.5976,11.8163,0.0,2.018664,2.691552,0.981654,30,240,141,4,0.10479828,0.02244119,0.04150452,0E-8,0.000000,0.902668,0.011910,-0.02129501,2026-03-22,2026-08-05,112,5695,2177,137,0.817518,0.739886,0.767145,0.349328,,,,,,,,GLOBAL_BASELINE_NO_ENTITY_RANKING,,,NOT_APPLICABLE_GLOBAL_BASELINE,HF9g-P5,,,,X 全窗基线 · 不参与实体赏罚,14195368,1420,A168_HF9F_20260827_0900,2026-08-27 09:00:00
2026-05-05,110249610,2156,0,6.4666465978,-6.4666465978,-6.4666465978,0E-7,1,1,0.50665070000000000,0.506650700000,-1.013391052207602,-1.013391052207602,-1.013391052207602,0E-17,ELIGIBLE,R03b_20260811_FULL_v1,L1_ELIGIBILITY,v2026-08-11,2026-03-21..2026-08-06,baccarat_bet02_101_all_pairs_incl_sentinel,round_win = game_pnl > 0 (decisive only),COMPATIBILITY_ONLY_NOT_PRODUCTION,296357.1217,267511.9505,6650.6079,18220,18206,-0.02244119,-0.04150452,-0.02020951,-0.02244119,-6650.6079,296357.1217,OK,0.0000,266.0243,4.0000,96.0000,AG03-UNRESOLVED,ALL5_LEVELS_bet23_to_bet27,266.0243,266.0243,266.0243,332.5304,332.5304,4.000000,4.000000,4.000000,5.000000,5.000000,96.000000,96.000000,96.000000,95.000000,95.000000,5.0,1463.1337,1340.2688,5187.4742,5310.3391,PENDING_AG03,FALSE,NOT_FOR_ENFORCEMENT,6384.5836,256811.4724,6650.6079,6384.5836,266.0243,0.02244119,0.02154355,266.0243,6384.5836,0.02154355,266.0243,266.0243,266.0243,332.5304,332.5304,6384.5836,0.02154355,1463.1337,1340.2688,5187.4742,5310.3391,0.01750413,0.01791872,0.00089765,16.2655,14.6936,0.3653,59.3804,1.1678,2646.0457,162.5536,12.4780,16.8648,9.0895,16.5695,22.0926,29.825,33.4482,44.5976,11.8163,0.0,2.018664,2.691552,0.981654,30,240,141,4,0.10479828,0.02244119,0.04150452,0E-8,0.000000,0.902668,0.011910,-0.02129501,2026-03-22,2026-08-05,112,5695,2177,137,0.817518,0.739886,0.767145,0.349328,,,,,,,,GLOBAL_BASELINE_NO_ENTITY_RANKING,,,NOT_APPLICABLE_GLOBAL_BASELINE,HF9g-P5,,,,X 全窗基线 · 不参与实体赏罚,14195369,1420,A168_HF9F_20260827_0900,2026-08-27 09:00:00
2026-05-05,110249610,2160,0,1.1149390686,-1.1149390686,-1.1149390686,0E-7,1,1,0.49324550000000000,0.493245500000,-0.9865810262130424,-0.9865810262130424,-0.9865810262130424,0E-17,ELIGIBLE,R03b_20260811_FULL_v1,L1_ELIGIBILITY,v2026-08-11,2026-03-21..2026-08-06,baccarat_bet02_101_all_pairs_incl_sentinel,round_win = game_pnl > 0 (decisive only),COMPATIBILITY_ONLY_NOT_PRODUCTION,296357.1217,267511.9505,6650.6079,18220,18206,-0.02244119,-0.04150452,-0.02020951,-0.02244119,-6650.6079,296357.1217,OK,0.0000,266.0243,4.0000,96.0000,AG03-UNRESOLVED,ALL5_LEVELS_bet23_to_bet27,266.0243,266.0243,266.0243,332.5304,332.5304,4.000000,4.000000,4.000000,5.000000,5.000000,96.000000,96.000000,96.000000,95.000000,95.000000,5.0,1463.1337,1340.2688,5187.4742,5310.3391,PENDING_AG03,FALSE,NOT_FOR_ENFORCEMENT,6384.5836,256811.4724,6650.6079,6384.5836,266.0243,0.02244119,0.02154355,266.0243,6384.5836,0.02154355,266.0243,266.0243,266.0243,332.5304,332.5304,6384.5836,0.02154355,1463.1337,1340.2688,5187.4742,5310.3391,0.01750413,0.01791872,0.00089765,16.2655,14.6936,0.3653,59.3804,1.1678,2646.0457,162.5536,12.4780,16.8648,9.0895,16.5695,22.0926,29.825,33.4482,44.5976,11.8163,0.0,2.018664,2.691552,0.981654,30,240,141,4,0.10479828,0.02244119,0.04150452,0E-8,0.000000,0.902668,0.011910,-0.02129501,2026-03-22,2026-08-05,112,5695,2177,137,0.817518,0.739886,0.767145,0.349328,,,,,,,,GLOBAL_BASELINE_NO_ENTITY_RANKING,,,NOT_APPLICABLE_GLOBAL_BASELINE,HF9g-P5,,,,X 全窗基线 · 不参与实体赏罚,14195370,1420,A168_HF9F_20260827_0900,2026-08-27 09:00:00
2026-05-05,110249610,2167,0,10.0344516173,-1.1706860220,-1.1706860220,0.5000000,3,3,0.50665070000000000,0.506650700000,-0.018812684590367487,-0.018812684590367487,-0.018812684590367487,0E-17,ELIGIBLE,R03b_20260811_FULL_v1,L1_ELIGIBILITY,v2026-08-11,2026-03-21..2026-08-06,baccarat_bet02_101_all_pairs_incl_sentinel,round_win = game_pnl > 0 (decisive only),COMPATIBILITY_ONLY_NOT_PRODUCTION,296357.1217,267511.9505,6650.6079,18220,18206,-0.02244119,-0.04150452,-0.02020951,-0.02244119,-6650.6079,296357.1217,OK,0.0000,266.0243,4.0000,96.0000,AG03-UNRESOLVED,ALL5_LEVELS_bet23_to_bet27,266.0243,266.0243,266.0243,332.5304,332.5304,4.000000,4.000000,4.000000,5.000000,5.000000,96.000000,96.000000,96.000000,95.000000,95.000000,5.0,1463.1337,1340.2688,5187.4742,5310.3391,PENDING_AG03,FALSE,NOT_FOR_ENFORCEMENT,6384.5836,256811.4724,6650.6079,6384.5836,266.0243,0.02244119,0.02154355,266.0243,6384.5836,0.02154355,266.0243,266.0243,266.0243,332.5304,332.5304,6384.5836,0.02154355,1463.1337,1340.2688,5187.4742,5310.3391,0.01750413,0.01791872,0.00089765,16.2655,14.6936,0.3653,59.3804,1.1678,2646.0457,162.5536,12.4780,16.8648,9.0895,16.5695,22.0926,29.825,33.4482,44.5976,11.8163,0.0,2.018664,2.691552,0.981654,30,240,141,4,0.10479828,0.02244119,0.04150452,0E-8,0.000000,0.902668,0.011910,-0.02129501,2026-03-22,2026-08-05,112,5695,2177,137,0.817518,0.739886,0.767145,0.349328,,,,,,,,GLOBAL_BASELINE_NO_ENTITY_RANKING,,,NOT_APPLICABLE_GLOBAL_BASELINE,HF9g-P5,,,,X 全窗基线 · 不参与实体赏罚,14195371,1420,A168_HF9F_20260827_0900,2026-08-27 09:00:00
2026-05-05,110249610,2188,0,4.4597562744,0E-10,0E-10,0.5000000,2,2,0.49324550000000000,0.493245500000,0.01910635448239258,0.01910635448239258,0.01910635448239258,0E-17,ELIGIBLE,R03b_20260811_FULL_v1,L1_ELIGIBILITY,v2026-08-11,2026-03-21..2026-08-06,baccarat_bet02_101_all_pairs_incl_sentinel,round_win = game_pnl > 0 (decisive only),COMPATIBILITY_ONLY_NOT_PRODUCTION,296357.1217,267511.9505,6650.6079,18220,18206,-0.02244119,-0.04150452,-0.02020951,-0.02244119,-6650.6079,296357.1217,OK,0.0000,266.0243,4.0000,96.0000,AG03-UNRESOLVED,ALL5_LEVELS_bet23_to_bet27,266.0243,266.0243,266.0243,332.5304,332.5304,4.000000,4.000000,4.000000,5.000000,5.000000,96.000000,96.000000,96.000000,95.000000,95.000000,5.0,1463.1337,1340.2688,5187.4742,5310.3391,PENDING_AG03,FALSE,NOT_FOR_ENFORCEMENT,6384.5836,256811.4724,6650.6079,6384.5836,266.0243,0.02244119,0.02154355,266.0243,6384.5836,0.02154355,266.0243,266.0243,266.0243,332.5304,332.5304,6384.5836,0.02154355,1463.1337,1340.2688,5187.4742,5310.3391,0.01750413,0.01791872,0.00089765,16.2655,14.6936,0.3653,59.3804,1.1678,2646.0457,162.5536,12.4780,16.8648,9.0895,16.5695,22.0926,29.825,33.4482,44.5976,11.8163,0.0,2.018664,2.691552,0.981654,30,240,141,4,0.10479828,0.02244119,0.04150452,0E-8,0.000000,0.902668,0.011910,-0.02129501,2026-03-22,2026-08-05,112,5695,2177,137,0.817518,0.739886,0.767145,0.349328,,,,,,,,GLOBAL_BASELINE_NO_ENTITY_RANKING,,,NOT_APPLICABLE_GLOBAL_BASELINE,HF9g-P5,,,,X 全窗基线 · 不参与实体赏罚,14195372,1420,A168_HF9F_20260827_0900,2026-08-27 09:00:00
2026-05-05,110249610,2201,0,1.1149390686,-1.1149390686,-1.1149390686,0E-7,1,1,0.49324550000000000,0.493245500000,-0.9865810262130424,-0.9865810262130424,-0.9865810262130424,0E-17,ELIGIBLE,R03b_20260811_FULL_v1,L1_ELIGIBILITY,v2026-08-11,2026-03-21..2026-08-06,baccarat_bet02_101_all_pairs_incl_sentinel,round_win = game_pnl > 0 (decisive only),COMPATIBILITY_ONLY_NOT_PRODUCTION,296357.1217,267511.9505,6650.6079,18220,18206,-0.02244119,-0.04150452,-0.02020951,-0.02244119,-6650.6079,296357.1217,OK,0.0000,266.0243,4.0000,96.0000,AG03-UNRESOLVED,ALL5_LEVELS_bet23_to_bet27,266.0243,266.0243,266.0243,332.5304,332.5304,4.000000,4.000000,4.000000,5.000000,5.000000,96.000000,96.000000,96.000000,95.000000,95.000000,5.0,1463.1337,1340.2688,5187.4742,5310.3391,PENDING_AG03,FALSE,NOT_FOR_ENFORCEMENT,6384.5836,256811.4724,6650.6079,6384.5836,266.0243,0.02244119,0.02154355,266.0243,6384.5836,0.02154355,266.0243,266.0243,266.0243,332.5304,332.5304,6384.5836,0.02154355,1463.1337,1340.2688,5187.4742,5310.3391,0.01750413,0.01791872,0.00089765,16.2655,14.6936,0.3653,59.3804,1.1678,2646.0457,162.5536,12.4780,16.8648,9.0895,16.5695,22.0926,29.825,33.4482,44.5976,11.8163,0.0,2.018664,2.691552,0.981654,30,240,141,4,0.10479828,0.02244119,0.04150452,0E-8,0.000000,0.902668,0.011910,-0.02129501,2026-03-22,2026-08-05,112,5695,2177,137,0.817518,0.739886,0.767145,0.349328,,,,,,,,GLOBAL_BASELINE_NO_ENTITY_RANKING,,,NOT_APPLICABLE_GLOBAL_BASELINE,HF9g-P5,,,,X 全窗基线 · 不参与实体赏罚,14195373,1420,A168_HF9F_20260827_0900,2026-08-27 09:00:00
2026-05-05,110249610,2209,0,2.2298781372,-2.2298781372,-2.2298781372,0E-7,1,1,0.49324550000000000,0.493245500000,-0.9865810262130424,-0.9865810262130424,-0.9865810262130424,0E-17,ELIGIBLE,R03b_20260811_FULL_v1,L1_ELIGIBILITY,v2026-08-11,2026-03-21..2026-08-06,baccarat_bet02_101_all_pairs_incl_sentinel,round_win = game_pnl > 0 (decisive only),COMPATIBILITY_ONLY_NOT_PRODUCTION,296357.1217,267511.9505,6650.6079,18220,18206,-0.02244119,-0.04150452,-0.02020951,-0.02244119,-6650.6079,296357.1217,OK,0.0000,266.0243,4.0000,96.0000,AG03-UNRESOLVED,ALL5_LEVELS_bet23_to_bet27,266.0243,266.0243,266.0243,332.5304,332.5304,4.000000,4.000000,4.000000,5.000000,5.000000,96.000000,96.000000,96.000000,95.000000,95.000000,5.0,1463.1337,1340.2688,5187.4742,5310.3391,PENDING_AG03,FALSE,NOT_FOR_ENFORCEMENT,6384.5836,256811.4724,6650.6079,6384.5836,266.0243,0.02244119,0.02154355,266.0243,6384.5836,0.02154355,266.0243,266.0243,266.0243,332.5304,332.5304,6384.5836,0.02154355,1463.1337,1340.2688,5187.4742,5310.3391,0.01750413,0.01791872,0.00089765,16.2655,14.6936,0.3653,59.3804,1.1678,2646.0457,162.5536,12.4780,16.8648,9.0895,16.5695,22.0926,29.825,33.4482,44.5976,11.8163,0.0,2.018664,2.691552,0.981654,30,240,141,4,0.10479828,0.02244119,0.04150452,0E-8,0.000000,0.902668,0.011910,-0.02129501,2026-03-22,2026-08-05,112,5695,2177,137,0.817518,0.739886,0.767145,0.349328,,,,,,,,GLOBAL_BASELINE_NO_ENTITY_RANKING,,,NOT_APPLICABLE_GLOBAL_BASELINE,HF9g-P5,,,,X 全窗基线 · 不参与实体赏罚,14195374,1420,A168_HF9F_20260827_0900,2026-08-27 09:00:00
2026-05-05,110249610,2216,0,2.2298781372,-2.2298781372,-2.2298781372,0E-7,1,1,0.49324550000000000,0.493245500000,-0.9865810262130424,-0.9865810262130424,-0.9865810262130424,0E-17,ELIGIBLE,R03b_20260811_FULL_v1,L1_ELIGIBILITY,v2026-08-11,2026-03-21..2026-08-06,baccarat_bet02_101_all_pairs_incl_sentinel,round_win = game_pnl > 0 (decisive only),COMPATIBILITY_ONLY_NOT_PRODUCTION,296357.1217,267511.9505,6650.6079,18220,18206,-0.02244119,-0.04150452,-0.02020951,-0.02244119,-6650.6079,296357.1217,OK,0.0000,266.0243,4.0000,96.0000,AG03-UNRESOLVED,ALL5_LEVELS_bet23_to_bet27,266.0243,266.0243,266.0243,332.5304,332.5304,4.000000,4.000000,4.000000,5.000000,5.000000,96.000000,96.000000,96.000000,95.000000,95.000000,5.0,1463.1337,1340.2688,5187.4742,5310.3391,PENDING_AG03,FALSE,NOT_FOR_ENFORCEMENT,6384.5836,256811.4724,6650.6079,6384.5836,266.0243,0.02244119,0.02154355,266.0243,6384.5836,0.02154355,266.0243,266.0243,266.0243,332.5304,332.5304,6384.5836,0.02154355,1463.1337,1340.2688,5187.4742,5310.3391,0.01750413,0.01791872,0.00089765,16.2655,14.6936,0.3653,59.3804,1.1678,2646.0457,162.5536,12.4780,16.8648,9.0895,16.5695,22.0926,29.825,33.4482,44.5976,11.8163,0.0,2.018664,2.691552,0.981654,30,240,141,4,0.10479828,0.02244119,0.04150452,0E-8,0.000000,0.902668,0.011910,-0.02129501,2026-03-22,2026-08-05,112,5695,2177,137,0.817518,0.739886,0.767145,0.349328,,,,,,,,GLOBAL_BASELINE_NO_ENTITY_RANKING,,,NOT_APPLICABLE_GLOBAL_BASELINE,HF9g-P5,,,,X 全窗基线 · 不参与实体赏罚,14195375,1420,A168_HF9F_20260827_0900,2026-08-27 09:00:00
2026-05-05,110249610,2251,0,5.5746953430,3.3448172058,3.3448172058,1.0000000,4,4,0.49324550000000000,0.493245500000,1.755609282511032,1.7556092825110319,1.755609282511032,0E-17,ELIGIBLE,R03b_20260811_FULL_v1,L1_ELIGIBILITY,v2026-08-11,2026-03-21..2026-08-06,baccarat_bet02_101_all_pairs_incl_sentinel,round_win = game_pnl > 0 (decisive only),COMPATIBILITY_ONLY_NOT_PRODUCTION,296357.1217,267511.9505,6650.6079,18220,18206,-0.02244119,-0.04150452,-0.02020951,-0.02244119,-6650.6079,296357.1217,OK,0.0000,266.0243,4.0000,96.0000,AG03-UNRESOLVED,ALL5_LEVELS_bet23_to_bet27,266.0243,266.0243,266.0243,332.5304,332.5304,4.000000,4.000000,4.000000,5.000000,5.000000,96.000000,96.000000,96.000000,95.000000,95.000000,5.0,1463.1337,1340.2688,5187.4742,5310.3391,PENDING_AG03,FALSE,NOT_FOR_ENFORCEMENT,6384.5836,256811.4724,6650.6079,6384.5836,266.0243,0.02244119,0.02154355,266.0243,6384.5836,0.02154355,266.0243,266.0243,266.0243,332.5304,332.5304,6384.5836,0.02154355,1463.1337,1340.2688,5187.4742,5310.3391,0.01750413,0.01791872,0.00089765,16.2655,14.6936,0.3653,59.3804,1.1678,2646.0457,162.5536,12.4780,16.8648,9.0895,16.5695,22.0926,29.825,33.4482,44.5976,11.8163,0.0,2.018664,2.691552,0.981654,30,240,141,4,0.10479828,0.02244119,0.04150452,0E-8,0.000000,0.902668,0.011910,-0.02129501,2026-03-22,2026-08-05,112,5695,2177,137,0.817518,0.739886,0.767145,0.349328,,,,,,,,GLOBAL_BASELINE_NO_ENTITY_RANKING,,,NOT_APPLICABLE_GLOBAL_BASELINE,HF9g-P5,,,,X 全窗基线 · 不参与实体赏罚,14195376,1420,A168_HF9F_20260827_0900,2026-08-27 09:00:00
2026-05-05,110249610,2254,0,22.2987813716,-22.2987813716,-22.2987813716,0E-7,1,1,0.49324550000000000,0.493245500000,-0.9865810262130424,-0.9865810262130424,-0.9865810262130424,0E-17,ELIGIBLE,R03b_20260811_FULL_v1,L1_ELIGIBILITY,v2026-08-11,2026-03-21..2026-08-06,baccarat_bet02_101_all_pairs_incl_sentinel,round_win = game_pnl > 0 (decisive only),COMPATIBILITY_ONLY_NOT_PRODUCTION,296357.1217,267511.9505,6650.6079,18220,18206,-0.02244119,-0.04150452,-0.02020951,-0.02244119,-6650.6079,296357.1217,OK,0.0000,266.0243,4.0000,96.0000,AG03-UNRESOLVED,ALL5_LEVELS_bet23_to_bet27,266.0243,266.0243,266.0243,332.5304,332.5304,4.000000,4.000000,4.000000,5.000000,5.000000,96.000000,96.000000,96.000000,95.000000,95.000000,5.0,1463.1337,1340.2688,5187.4742,5310.3391,PENDING_AG03,FALSE,NOT_FOR_ENFORCEMENT,6384.5836,256811.4724,6650.6079,6384.5836,266.0243,0.02244119,0.02154355,266.0243,6384.5836,0.02154355,266.0243,266.0243,266.0243,332.5304,332.5304,6384.5836,0.02154355,1463.1337,1340.2688,5187.4742,5310.3391,0.01750413,0.01791872,0.00089765,16.2655,14.6936,0.3653,59.3804,1.1678,2646.0457,162.5536,12.4780,16.8648,9.0895,16.5695,22.0926,29.825,33.4482,44.5976,11.8163,0.0,2.018664,2.691552,0.981654,30,240,141,4,0.10479828,0.02244119,0.04150452,0E-8,0.000000,0.902668,0.011910,-0.02129501,2026-03-22,2026-08-05,112,5695,2177,137,0.817518,0.739886,0.767145,0.349328,,,,,,,,GLOBAL_BASELINE_NO_ENTITY_RANKING,,,NOT_APPLICABLE_GLOBAL_BASELINE,HF9g-P5,,,,X 全窗基线 · 不参与实体赏罚,14195377,1420,A168_HF9F_20260827_0900,2026-08-27 09:00:00
2026-05-05,110249610,2261,0,2.2298781372,0E-10,0E-10,0.5000000,2,2,0.49324550000000000,0.493245500000,0.01910635448239258,0.01910635448239258,0.01910635448239258,0E-17,ELIGIBLE,R03b_20260811_FULL_v1,L1_ELIGIBILITY,v2026-08-11,2026-03-21..2026-08-06,baccarat_bet02_101_all_pairs_incl_sentinel,round_win = game_pnl > 0 (decisive only),COMPATIBILITY_ONLY_NOT_PRODUCTION,296357.1217,267511.9505,6650.6079,18220,18206,-0.02244119,-0.04150452,-0.02020951,-0.02244119,-6650.6079,296357.1217,OK,0.0000,266.0243,4.0000,96.0000,AG03-UNRESOLVED,ALL5_LEVELS_bet23_to_bet27,266.0243,266.0243,266.0243,332.5304,332.5304,4.000000,4.000000,4.000000,5.000000,5.000000,96.000000,96.000000,96.000000,95.000000,95.000000,5.0,1463.1337,1340.2688,5187.4742,5310.3391,PENDING_AG03,FALSE,NOT_FOR_ENFORCEMENT,6384.5836,256811.4724,6650.6079,6384.5836,266.0243,0.02244119,0.02154355,266.0243,6384.5836,0.02154355,266.0243,266.0243,266.0243,332.5304,332.5304,6384.5836,0.02154355,1463.1337,1340.2688,5187.4742,5310.3391,0.01750413,0.01791872,0.00089765,16.2655,14.6936,0.3653,59.3804,1.1678,2646.0457,162.5536,12.4780,16.8648,9.0895,16.5695,22.0926,29.825,33.4482,44.5976,11.8163,0.0,2.018664,2.691552,0.981654,30,240,141,4,0.10479828,0.02244119,0.04150452,0E-8,0.000000,0.902668,0.011910,-0.02129501,2026-03-22,2026-08-05,112,5695,2177,137,0.817518,0.739886,0.767145,0.349328,,,,,,,,GLOBAL_BASELINE_NO_ENTITY_RANKING,,,NOT_APPLICABLE_GLOBAL_BASELINE,HF9g-P5,,,,X 全窗基线 · 不参与实体赏罚,14195378,1420,A168_HF9F_20260827_0900,2026-08-27 09:00:00
2026-05-05,110249610,2266,0,49.5032946449,-16.8913268889,-16.8913268889,0.5000000,2,2,0.50665070000000000,0.506650700000,-0.018812684590367487,-0.018812684590367487,-0.018812684590367487,0E-17,ELIGIBLE,R03b_20260811_FULL_v1,L1_ELIGIBILITY,v2026-08-11,2026-03-21..2026-08-06,baccarat_bet02_101_all_pairs_incl_sentinel,round_win = game_pnl > 0 (decisive only),COMPATIBILITY_ONLY_NOT_PRODUCTION,296357.1217,267511.9505,6650.6079,18220,18206,-0.02244119,-0.04150452,-0.02020951,-0.02244119,-6650.6079,296357.1217,OK,0.0000,266.0243,4.0000,96.0000,AG03-UNRESOLVED,ALL5_LEVELS_bet23_to_bet27,266.0243,266.0243,266.0243,332.5304,332.5304,4.000000,4.000000,4.000000,5.000000,5.000000,96.000000,96.000000,96.000000,95.000000,95.000000,5.0,1463.1337,1340.2688,5187.4742,5310.3391,PENDING_AG03,FALSE,NOT_FOR_ENFORCEMENT,6384.5836,256811.4724,6650.6079,6384.5836,266.0243,0.02244119,0.02154355,266.0243,6384.5836,0.02154355,266.0243,266.0243,266.0243,332.5304,332.5304,6384.5836,0.02154355,1463.1337,1340.2688,5187.4742,5310.3391,0.01750413,0.01791872,0.00089765,16.2655,14.6936,0.3653,59.3804,1.1678,2646.0457,162.5536,12.4780,16.8648,9.0895,16.5695,22.0926,29.825,33.4482,44.5976,11.8163,0.0,2.018664,2.691552,0.981654,30,240,141,4,0.10479828,0.02244119,0.04150452,0E-8,0.000000,0.902668,0.011910,-0.02129501,2026-03-22,2026-08-05,112,5695,2177,137,0.817518,0.739886,0.767145,0.349328,,,,,,,,GLOBAL_BASELINE_NO_ENTITY_RANKING,,,NOT_APPLICABLE_GLOBAL_BASELINE,HF9g-P5,,,,X 全窗基线 · 不参与实体赏罚,14195379,1420,A168_HF9F_20260827_0900,2026-08-27 09:00:00
2026-05-05,110249610,2271,0,113.7237849952,0.8362043014,0.8362043014,0.5000000,5,5,0.50665070000000000,0.506650700000,-0.02660515369234503,-0.02660515369234503,-0.02660515369234503,0E-17,ELIGIBLE,R03b_20260811_FULL_v1,L1_ELIGIBILITY,v2026-08-11,2026-03-21..2026-08-06,baccarat_bet02_101_all_pairs_incl_sentinel,round_win = game_pnl > 0 (decisive only),COMPATIBILITY_ONLY_NOT_PRODUCTION,296357.1217,267511.9505,6650.6079,18220,18206,-0.02244119,-0.04150452,-0.02020951,-0.02244119,-6650.6079,296357.1217,OK,0.0000,266.0243,4.0000,96.0000,AG03-UNRESOLVED,ALL5_LEVELS_bet23_to_bet27,266.0243,266.0243,266.0243,332.5304,332.5304,4.000000,4.000000,4.000000,5.000000,5.000000,96.000000,96.000000,96.000000,95.000000,95.000000,5.0,1463.1337,1340.2688,5187.4742,5310.3391,PENDING_AG03,FALSE,NOT_FOR_ENFORCEMENT,6384.5836,256811.4724,6650.6079,6384.5836,266.0243,0.02244119,0.02154355,266.0243,6384.5836,0.02154355,266.0243,266.0243,266.0243,332.5304,332.5304,6384.5836,0.02154355,1463.1337,1340.2688,5187.4742,5310.3391,0.01750413,0.01791872,0.00089765,16.2655,14.6936,0.3653,59.3804,1.1678,2646.0457,162.5536,12.4780,16.8648,9.0895,16.5695,22.0926,29.825,33.4482,44.5976,11.8163,0.0,2.018664,2.691552,0.981654,30,240,141,4,0.10479828,0.02244119,0.04150452,0E-8,0.000000,0.902668,0.011910,-0.02129501,2026-03-22,2026-08-05,112,5695,2177,137,0.817518,0.739886,0.767145,0.349328,,,,,,,,GLOBAL_BASELINE_NO_ENTITY_RANKING,,,NOT_APPLICABLE_GLOBAL_BASELINE,HF9g-P5,,,,X 全窗基线 · 不参与实体赏罚,14195380,1420,A168_HF9F_20260827_0900,2026-08-27 09:00:00
2026-05-05,110249610,583,0,11.1493906858,-11.1493906858,-11.1493906858,0E-7,1,1,0.49324550000000000,0.493245500000,-0.9865810262130424,-0.9865810262130424,-0.9865810262130424,0E-17,ELIGIBLE,R03b_20260811_FULL_v1,L1_ELIGIBILITY,v2026-08-11,2026-03-21..2026-08-06,baccarat_bet02_101_all_pairs_incl_sentinel,round_win = game_pnl > 0 (decisive only),COMPATIBILITY_ONLY_NOT_PRODUCTION,296357.1217,267511.9505,6650.6079,18220,18206,-0.02244119,-0.04150452,-0.02020951,-0.02244119,-6650.6079,296357.1217,OK,0.0000,266.0243,4.0000,96.0000,AG03-UNRESOLVED,ALL5_LEVELS_bet23_to_bet27,266.0243,266.0243,266.0243,332.5304,332.5304,4.000000,4.000000,4.000000,5.000000,5.000000,96.000000,96.000000,96.000000,95.000000,95.000000,5.0,1463.1337,1340.2688,5187.4742,5310.3391,PENDING_AG03,FALSE,NOT_FOR_ENFORCEMENT,6384.5836,256811.4724,6650.6079,6384.5836,266.0243,0.02244119,0.02154355,266.0243,6384.5836,0.02154355,266.0243,266.0243,266.0243,332.5304,332.5304,6384.5836,0.02154355,1463.1337,1340.2688,5187.4742,5310.3391,0.01750413,0.01791872,0.00089765,16.2655,14.6936,0.3653,59.3804,1.1678,2646.0457,162.5536,12.4780,16.8648,9.0895,16.5695,22.0926,29.825,33.4482,44.5976,11.8163,0.0,2.018664,2.691552,0.981654,30,240,141,4,0.10479828,0.02244119,0.04150452,0E-8,0.000000,0.902668,0.011910,-0.02129501,2026-03-22,2026-08-05,112,5695,2177,137,0.817518,0.739886,0.767145,0.349328,,,,,,,,GLOBAL_BASELINE_NO_ENTITY_RANKING,,,NOT_APPLICABLE_GLOBAL_BASELINE,HF9g-P5,,,,X 全窗基线 · 不参与实体赏罚,14195381,1420,A168_HF9F_20260827_0900,2026-08-27 09:00:00
2026-05-05,110249610,626,0,1.1149390686,0E-10,0E-10,,1,1,0.49324550000000000,0.493245500000,,,,0E-17,NO_DECISIVE_ROUND,R03b_20260811_FULL_v1,L1_ELIGIBILITY,v2026-08-11,2026-03-21..2026-08-06,baccarat_bet02_101_all_pairs_incl_sentinel,round_win = game_pnl > 0 (decisive only),COMPATIBILITY_ONLY_NOT_PRODUCTION,296357.1217,267511.9505,6650.6079,18220,18206,-0.02244119,-0.04150452,-0.02020951,-0.02244119,-6650.6079,296357.1217,OK,0.0000,266.0243,4.0000,96.0000,AG03-UNRESOLVED,ALL5_LEVELS_bet23_to_bet27,266.0243,266.0243,266.0243,332.5304,332.5304,4.000000,4.000000,4.000000,5.000000,5.000000,96.000000,96.000000,96.000000,95.000000,95.000000,5.0,1463.1337,1340.2688,5187.4742,5310.3391,PENDING_AG03,FALSE,NOT_FOR_ENFORCEMENT,6384.5836,256811.4724,6650.6079,6384.5836,266.0243,0.02244119,0.02154355,266.0243,6384.5836,0.02154355,266.0243,266.0243,266.0243,332.5304,332.5304,6384.5836,0.02154355,1463.1337,1340.2688,5187.4742,5310.3391,0.01750413,0.01791872,0.00089765,16.2655,14.6936,0.3653,59.3804,1.1678,2646.0457,162.5536,12.4780,16.8648,9.0895,16.5695,22.0926,29.825,33.4482,44.5976,11.8163,0.0,2.018664,2.691552,0.981654,30,240,141,4,0.10479828,0.02244119,0.04150452,0E-8,0.000000,0.902668,0.011910,-0.02129501,2026-03-22,2026-08-05,112,5695,2177,137,0.817518,0.739886,0.767145,0.349328,,,,,,,,GLOBAL_BASELINE_NO_ENTITY_RANKING,,,NOT_APPLICABLE_GLOBAL_BASELINE,HF9g-P5,,,,X 全窗基线 · 不参与实体赏罚,14195382,1420,A168_HF9F_20260827_0900,2026-08-27 09:00:00
2026-05-05,110249610,919,0,4.4597562743,-4.4597562743,-4.4597562743,0E-7,1,1,0.49324550000000000,0.493245500000,-0.9865810262130424,-0.9865810262130424,-0.9865810262130424,0E-17,ELIGIBLE,R03b_20260811_FULL_v1,L1_ELIGIBILITY,v2026-08-11,2026-03-21..2026-08-06,baccarat_bet02_101_all_pairs_incl_sentinel,round_win = game_pnl > 0 (decisive only),COMPATIBILITY_ONLY_NOT_PRODUCTION,296357.1217,267511.9505,6650.6079,18220,18206,-0.02244119,-0.04150452,-0.02020951,-0.02244119,-6650.6079,296357.1217,OK,0.0000,266.0243,4.0000,96.0000,AG03-UNRESOLVED,ALL5_LEVELS_bet23_to_bet27,266.0243,266.0243,266.0243,332.5304,332.5304,4.000000,4.000000,4.000000,5.000000,5.000000,96.000000,96.000000,96.000000,95.000000,95.000000,5.0,1463.1337,1340.2688,5187.4742,5310.3391,PENDING_AG03,FALSE,NOT_FOR_ENFORCEMENT,6384.5836,256811.4724,6650.6079,6384.5836,266.0243,0.02244119,0.02154355,266.0243,6384.5836,0.02154355,266.0243,266.0243,266.0243,332.5304,332.5304,6384.5836,0.02154355,1463.1337,1340.2688,5187.4742,5310.3391,0.01750413,0.01791872,0.00089765,16.2655,14.6936,0.3653,59.3804,1.1678,2646.0457,162.5536,12.4780,16.8648,9.0895,16.5695,22.0926,29.825,33.4482,44.5976,11.8163,0.0,2.018664,2.691552,0.981654,30,240,141,4,0.10479828,0.02244119,0.04150452,0E-8,0.000000,0.902668,0.011910,-0.02129501,2026-03-22,2026-08-05,112,5695,2177,137,0.817518,0.739886,0.767145,0.349328,,,,,,,,GLOBAL_BASELINE_NO_ENTITY_RANKING,,,NOT_APPLICABLE_GLOBAL_BASELINE,HF9g-P5,,,,X 全窗基线 · 不参与实体赏罚,14195383,1420,A168_HF9F_20260827_0900,2026-08-27 09:00:00
2026-05-05,110249610,925,0,46.8274408803,46.8274408803,46.8274408803,1.0000000,2,2,0.49324550000000000,0.493245500000,1.4334489766152358,1.4334489766152358,1.4334489766152358,0E-17,ELIGIBLE,R03b_20260811_FULL_v1,L1_ELIGIBILITY,v2026-08-11,2026-03-21..2026-08-06,baccarat_bet02_101_all_pairs_incl_sentinel,round_win = game_pnl > 0 (decisive only),COMPATIBILITY_ONLY_NOT_PRODUCTION,296357.1217,267511.9505,6650.6079,18220,18206,-0.02244119,-0.04150452,-0.02020951,-0.02244119,-6650.6079,296357.1217,OK,0.0000,266.0243,4.0000,96.0000,AG03-UNRESOLVED,ALL5_LEVELS_bet23_to_bet27,266.0243,266.0243,266.0243,332.5304,332.5304,4.000000,4.000000,4.000000,5.000000,5.000000,96.000000,96.000000,96.000000,95.000000,95.000000,5.0,1463.1337,1340.2688,5187.4742,5310.3391,PENDING_AG03,FALSE,NOT_FOR_ENFORCEMENT,6384.5836,256811.4724,6650.6079,6384.5836,266.0243,0.02244119,0.02154355,266.0243,6384.5836,0.02154355,266.0243,266.0243,266.0243,332.5304,332.5304,6384.5836,0.02154355,1463.1337,1340.2688,5187.4742,5310.3391,0.01750413,0.01791872,0.00089765,16.2655,14.6936,0.3653,59.3804,1.1678,2646.0457,162.5536,12.4780,16.8648,9.0895,16.5695,22.0926,29.825,33.4482,44.5976,11.8163,0.0,2.018664,2.691552,0.981654,30,240,141,4,0.10479828,0.02244119,0.04150452,0E-8,0.000000,0.902668,0.011910,-0.02129501,2026-03-22,2026-08-05,112,5695,2177,137,0.817518,0.739886,0.767145,0.349328,,,,,,,,GLOBAL_BASELINE_NO_ENTITY_RANKING,,,NOT_APPLICABLE_GLOBAL_BASELINE,HF9g-P5,,,,X 全窗基线 · 不参与实体赏罚,14195384,1420,A168_HF9F_20260827_0900,2026-08-27 09:00:00
2026-05-05,110249610,970,0,12.2643297544,-7.8045734800,-7.8045734800,0.5000000,2,2,0.49324550000000000,0.493245500000,0.01910635448239258,0.01910635448239258,0.01910635448239258,0E-17,ELIGIBLE,R03b_20260811_FULL_v1,L1_ELIGIBILITY,v2026-08-11,2026-03-21..2026-08-06,baccarat_bet02_101_all_pairs_incl_sentinel,round_win = game_pnl > 0 (decisive only),COMPATIBILITY_ONLY_NOT_PRODUCTION,296357.1217,267511.9505,6650.6079,18220,18206,-0.02244119,-0.04150452,-0.02020951,-0.02244119,-6650.6079,296357.1217,OK,0.0000,266.0243,4.0000,96.0000,AG03-UNRESOLVED,ALL5_LEVELS_bet23_to_bet27,266.0243,266.0243,266.0243,332.5304,332.5304,4.000000,4.000000,4.000000,5.000000,5.000000,96.000000,96.000000,96.000000,95.000000,95.000000,5.0,1463.1337,1340.2688,5187.4742,5310.3391,PENDING_AG03,FALSE,NOT_FOR_ENFORCEMENT,6384.5836,256811.4724,6650.6079,6384.5836,266.0243,0.02244119,0.02154355,266.0243,6384.5836,0.02154355,266.0243,266.0243,266.0243,332.5304,332.5304,6384.5836,0.02154355,1463.1337,1340.2688,5187.4742,5310.3391,0.01750413,0.01791872,0.00089765,16.2655,14.6936,0.3653,59.3804,1.1678,2646.0457,162.5536,12.4780,16.8648,9.0895,16.5695,22.0926,29.825,33.4482,44.5976,11.8163,0.0,2.018664,2.691552,0.981654,30,240,141,4,0.10479828,0.02244119,0.04150452,0E-8,0.000000,0.902668,0.011910,-0.02129501,2026-03-22,2026-08-05,112,5695,2177,137,0.817518,0.739886,0.767145,0.349328,,,,,,,,GLOBAL_BASELINE_NO_ENTITY_RANKING,,,NOT_APPLICABLE_GLOBAL_BASELINE,HF9g-P5,,,,X 全窗基线 · 不参与实体赏罚,14195385,1420,A168_HF9F_20260827_0900,2026-08-27 09:00:00
2026-05-05,110249610,994,0,34.0056415917,18.3964946315,18.3964946315,0.8333333,6,6,0.49324550000000000,0.493245500000,1.666235363940442,1.6662353639404415,1.666235363940442,0E-17,ELIGIBLE,R03b_20260811_FULL_v1,L1_ELIGIBILITY,v2026-08-11,2026-03-21..2026-08-06,baccarat_bet02_101_all_pairs_incl_sentinel,round_win = game_pnl > 0 (decisive only),COMPATIBILITY_ONLY_NOT_PRODUCTION,296357.1217,267511.9505,6650.6079,18220,18206,-0.02244119,-0.04150452,-0.02020951,-0.02244119,-6650.6079,296357.1217,OK,0.0000,266.0243,4.0000,96.0000,AG03-UNRESOLVED,ALL5_LEVELS_bet23_to_bet27,266.0243,266.0243,266.0243,332.5304,332.5304,4.000000,4.000000,4.000000,5.000000,5.000000,96.000000,96.000000,96.000000,95.000000,95.000000,5.0,1463.1337,1340.2688,5187.4742,5310.3391,PENDING_AG03,FALSE,NOT_FOR_ENFORCEMENT,6384.5836,256811.4724,6650.6079,6384.5836,266.0243,0.02244119,0.02154355,266.0243,6384.5836,0.02154355,266.0243,266.0243,266.0243,332.5304,332.5304,6384.5836,0.02154355,1463.1337,1340.2688,5187.4742,5310.3391,0.01750413,0.01791872,0.00089765,16.2655,14.6936,0.3653,59.3804,1.1678,2646.0457,162.5536,12.4780,16.8648,9.0895,16.5695,22.0926,29.825,33.4482,44.5976,11.8163,0.0,2.018664,2.691552,0.981654,30,240,141,4,0.10479828,0.02244119,0.04150452,0E-8,0.000000,0.902668,0.011910,-0.02129501,2026-03-22,2026-08-05,112,5695,2177,137,0.817518,0.739886,0.767145,0.349328,,,,,,,,GLOBAL_BASELINE_NO_ENTITY_RANKING,,,NOT_APPLICABLE_GLOBAL_BASELINE,HF9g-P5,,,,X 全窗基线 · 不参与实体赏罚,14195386,1420,A168_HF9F_20260827_0900,2026-08-27 09:00:00
2026-05-06,110249610,-1,1,3807.6284131079,77.5105640481,77.5105640481,0.5120000,278,277,0.50008118411552374,0.500093282671,0.37690605703966357,0.37652346870712017,0.37690605703966357,-0.00001209855547626,SENTINEL_DEALER,R03b_20260811_FULL_v1,L1_ELIGIBILITY,v2026-08-11,2026-03-21..2026-08-06,baccarat_bet02_101_all_pairs_incl_sentinel,round_win = game_pnl > 0 (decisive only),COMPATIBILITY_ONLY_NOT_PRODUCTION,296357.1217,267511.9505,6650.6079,18220,18206,-0.02244119,-0.04150452,-0.02020951,-0.02244119,-6650.6079,296357.1217,OK,0.0000,266.0243,4.0000,96.0000,AG03-UNRESOLVED,ALL5_LEVELS_bet23_to_bet27,266.0243,266.0243,266.0243,332.5304,332.5304,4.000000,4.000000,4.000000,5.000000,5.000000,96.000000,96.000000,96.000000,95.000000,95.000000,5.0,1463.1337,1340.2688,5187.4742,5310.3391,PENDING_AG03,FALSE,NOT_FOR_ENFORCEMENT,6384.5836,256811.4724,6650.6079,6384.5836,266.0243,0.02244119,0.02154355,266.0243,6384.5836,0.02154355,266.0243,266.0243,266.0243,332.5304,332.5304,6384.5836,0.02154355,1463.1337,1340.2688,5187.4742,5310.3391,0.01750413,0.01791872,0.00089765,16.2655,14.6936,0.3653,59.3804,1.1678,2646.0457,162.5536,12.4780,16.8648,9.0895,16.5695,22.0926,29.825,33.4482,44.5976,11.8163,0.0,2.018664,2.691552,0.981654,30,240,141,4,0.10479828,0.02244119,0.04150452,0E-8,0.000000,0.902668,0.011910,-0.02129501,2026-03-22,2026-08-05,112,5695,2177,137,0.817518,0.739886,0.767145,0.349328,,,,,,,,GLOBAL_BASELINE_NO_ENTITY_RANKING,,,NOT_APPLICABLE_GLOBAL_BASELINE,HF9g-P5,,,,X 全窗基线 · 不参与实体赏罚,14195387,1420,A168_HF9F_20260827_0900,2026-08-27 09:00:00
2026-05-06,110249610,1004,0,166.1259212184,-2.2298781371,-2.2298781371,0.5714286,9,9,0.50665070000000000,0.506650700000,0.34280260342128577,0.34280260342128577,0.34280260342128577,0E-17,ELIGIBLE,R03b_20260811_FULL_v1,L1_ELIGIBILITY,v2026-08-11,2026-03-21..2026-08-06,baccarat_bet02_101_all_pairs_incl_sentinel,round_win = game_pnl > 0 (decisive only),COMPATIBILITY_ONLY_NOT_PRODUCTION,296357.1217,267511.9505,6650.6079,18220,18206,-0.02244119,-0.04150452,-0.02020951,-0.02244119,-6650.6079,296357.1217,OK,0.0000,266.0243,4.0000,96.0000,AG03-UNRESOLVED,ALL5_LEVELS_bet23_to_bet27,266.0243,266.0243,266.0243,332.5304,332.5304,4.000000,4.000000,4.000000,5.000000,5.000000,96.000000,96.000000,96.000000,95.000000,95.000000,5.0,1463.1337,1340.2688,5187.4742,5310.3391,PENDING_AG03,FALSE,NOT_FOR_ENFORCEMENT,6384.5836,256811.4724,6650.6079,6384.5836,266.0243,0.02244119,0.02154355,266.0243,6384.5836,0.02154355,266.0243,266.0243,266.0243,332.5304,332.5304,6384.5836,0.02154355,1463.1337,1340.2688,5187.4742,5310.3391,0.01750413,0.01791872,0.00089765,16.2655,14.6936,0.3653,59.3804,1.1678,2646.0457,162.5536,12.4780,16.8648,9.0895,16.5695,22.0926,29.825,33.4482,44.5976,11.8163,0.0,2.018664,2.691552,0.981654,30,240,141,4,0.10479828,0.02244119,0.04150452,0E-8,0.000000,0.902668,0.011910,-0.02129501,2026-03-22,2026-08-05,112,5695,2177,137,0.817518,0.739886,0.767145,0.349328,,,,,,,,GLOBAL_BASELINE_NO_ENTITY_RANKING,,,NOT_APPLICABLE_GLOBAL_BASELINE,HF9g-P5,,,,X 全窗基线 · 不参与实体赏罚,14195388,1420,A168_HF9F_20260827_0900,2026-08-27 09:00:00
2026-05-06,110249610,1078,0,2.2298781372,-2.2298781372,-2.2298781372,0E-7,1,1,0.49324550000000000,0.493245500000,-0.9865810262130424,-0.9865810262130424,-0.9865810262130424,0E-17,ELIGIBLE,R03b_20260811_FULL_v1,L1_ELIGIBILITY,v2026-08-11,2026-03-21..2026-08-06,baccarat_bet02_101_all_pairs_incl_sentinel,round_win = game_pnl > 0 (decisive only),COMPATIBILITY_ONLY_NOT_PRODUCTION,296357.1217,267511.9505,6650.6079,18220,18206,-0.02244119,-0.04150452,-0.02020951,-0.02244119,-6650.6079,296357.1217,OK,0.0000,266.0243,4.0000,96.0000,AG03-UNRESOLVED,ALL5_LEVELS_bet23_to_bet27,266.0243,266.0243,266.0243,332.5304,332.5304,4.000000,4.000000,4.000000,5.000000,5.000000,96.000000,96.000000,96.000000,95.000000,95.000000,5.0,1463.1337,1340.2688,5187.4742,5310.3391,PENDING_AG03,FALSE,NOT_FOR_ENFORCEMENT,6384.5836,256811.4724,6650.6079,6384.5836,266.0243,0.02244119,0.02154355,266.0243,6384.5836,0.02154355,266.0243,266.0243,266.0243,332.5304,332.5304,6384.5836,0.02154355,1463.1337,1340.2688,5187.4742,5310.3391,0.01750413,0.01791872,0.00089765,16.2655,14.6936,0.3653,59.3804,1.1678,2646.0457,162.5536,12.4780,16.8648,9.0895,16.5695,22.0926,29.825,33.4482,44.5976,11.8163,0.0,2.018664,2.691552,0.981654,30,240,141,4,0.10479828,0.02244119,0.04150452,0E-8,0.000000,0.902668,0.011910,-0.02129501,2026-03-22,2026-08-05,112,5695,2177,137,0.817518,0.739886,0.767145,0.349328,,,,,,,,GLOBAL_BASELINE_NO_ENTITY_RANKING,,,NOT_APPLICABLE_GLOBAL_BASELINE,HF9g-P5,,,,X 全窗基线 · 不参与实体赏罚,14195389,1420,A168_HF9F_20260827_0900,2026-08-27 09:00:00
2026-05-06,110249610,1109,0,16.7240860287,-16.7240860287,-16.7240860287,0E-7,2,2,0.49994810000000000,0.499948100000,-1.4140667746232096,-1.4140667746232096,-1.4140667746232096,0E-17,ELIGIBLE,R03b_20260811_FULL_v1,L1_ELIGIBILITY,v2026-08-11,2026-03-21..2026-08-06,baccarat_bet02_101_all_pairs_incl_sentinel,round_win = game_pnl > 0 (decisive only),COMPATIBILITY_ONLY_NOT_PRODUCTION,296357.1217,267511.9505,6650.6079,18220,18206,-0.02244119,-0.04150452,-0.02020951,-0.02244119,-6650.6079,296357.1217,OK,0.0000,266.0243,4.0000,96.0000,AG03-UNRESOLVED,ALL5_LEVELS_bet23_to_bet27,266.0243,266.0243,266.0243,332.5304,332.5304,4.000000,4.000000,4.000000,5.000000,5.000000,96.000000,96.000000,96.000000,95.000000,95.000000,5.0,1463.1337,1340.2688,5187.4742,5310.3391,PENDING_AG03,FALSE,NOT_FOR_ENFORCEMENT,6384.5836,256811.4724,6650.6079,6384.5836,266.0243,0.02244119,0.02154355,266.0243,6384.5836,0.02154355,266.0243,266.0243,266.0243,332.5304,332.5304,6384.5836,0.02154355,1463.1337,1340.2688,5187.4742,5310.3391,0.01750413,0.01791872,0.00089765,16.2655,14.6936,0.3653,59.3804,1.1678,2646.0457,162.5536,12.4780,16.8648,9.0895,16.5695,22.0926,29.825,33.4482,44.5976,11.8163,0.0,2.018664,2.691552,0.981654,30,240,141,4,0.10479828,0.02244119,0.04150452,0E-8,0.000000,0.902668,0.011910,-0.02129501,2026-03-22,2026-08-05,112,5695,2177,137,0.817518,0.739886,0.767145,0.349328,,,,,,,,GLOBAL_BASELINE_NO_ENTITY_RANKING,,,NOT_APPLICABLE_GLOBAL_BASELINE,HF9g-P5,,,,X 全窗基线 · 不参与实体赏罚,14195390,1420,A168_HF9F_20260827_0900,2026-08-27 09:00:00
2026-05-06,110249610,1115,0,219.6429965103,149.6526964803,149.6526964803,0.7857143,14,14,0.49899058571428571,0.498990585714,2.1456480726162197,2.14564807261836,2.1456480726162197,2.8571E-13,ELIGIBLE,R03b_20260811_FULL_v1,L1_ELIGIBILITY,v2026-08-11,2026-03-21..2026-08-06,baccarat_bet02_101_all_pairs_incl_sentinel,round_win = game_pnl > 0 (decisive only),COMPATIBILITY_ONLY_NOT_PRODUCTION,296357.1217,267511.9505,6650.6079,18220,18206,-0.02244119,-0.04150452,-0.02020951,-0.02244119,-6650.6079,296357.1217,OK,0.0000,266.0243,4.0000,96.0000,AG03-UNRESOLVED,ALL5_LEVELS_bet23_to_bet27,266.0243,266.0243,266.0243,332.5304,332.5304,4.000000,4.000000,4.000000,5.000000,5.000000,96.000000,96.000000,96.000000,95.000000,95.000000,5.0,1463.1337,1340.2688,5187.4742,5310.3391,PENDING_AG03,FALSE,NOT_FOR_ENFORCEMENT,6384.5836,256811.4724,6650.6079,6384.5836,266.0243,0.02244119,0.02154355,266.0243,6384.5836,0.02154355,266.0243,266.0243,266.0243,332.5304,332.5304,6384.5836,0.02154355,1463.1337,1340.2688,5187.4742,5310.3391,0.01750413,0.01791872,0.00089765,16.2655,14.6936,0.3653,59.3804,1.1678,2646.0457,162.5536,12.4780,16.8648,9.0895,16.5695,22.0926,29.825,33.4482,44.5976,11.8163,0.0,2.018664,2.691552,0.981654,30,240,141,4,0.10479828,0.02244119,0.04150452,0E-8,0.000000,0.902668,0.011910,-0.02129501,2026-03-22,2026-08-05,112,5695,2177,137,0.817518,0.739886,0.767145,0.349328,,,,,,,,GLOBAL_BASELINE_NO_ENTITY_RANKING,,,NOT_APPLICABLE_GLOBAL_BASELINE,HF9g-P5,,,,X 全窗基线 · 不参与实体赏罚,14195391,1420,A168_HF9F_20260827_0900,2026-08-27 09:00:00
2026-05-06,110249610,1151,0,73.4744846195,-18.9539641659,-18.9539641659,0.4000000,6,6,0.49771390000000000,0.497713900000,-0.4369944132040151,-0.436994413204015,-0.4369944132040151,0E-17,ELIGIBLE,R03b_20260811_FULL_v1,L1_ELIGIBILITY,v2026-08-11,2026-03-21..2026-08-06,baccarat_bet02_101_all_pairs_incl_sentinel,round_win = game_pnl > 0 (decisive only),COMPATIBILITY_ONLY_NOT_PRODUCTION,296357.1217,267511.9505,6650.6079,18220,18206,-0.02244119,-0.04150452,-0.02020951,-0.02244119,-6650.6079,296357.1217,OK,0.0000,266.0243,4.0000,96.0000,AG03-UNRESOLVED,ALL5_LEVELS_bet23_to_bet27,266.0243,266.0243,266.0243,332.5304,332.5304,4.000000,4.000000,4.000000,5.000000,5.000000,96.000000,96.000000,96.000000,95.000000,95.000000,5.0,1463.1337,1340.2688,5187.4742,5310.3391,PENDING_AG03,FALSE,NOT_FOR_ENFORCEMENT,6384.5836,256811.4724,6650.6079,6384.5836,266.0243,0.02244119,0.02154355,266.0243,6384.5836,0.02154355,266.0243,266.0243,266.0243,332.5304,332.5304,6384.5836,0.02154355,1463.1337,1340.2688,5187.4742,5310.3391,0.01750413,0.01791872,0.00089765,16.2655,14.6936,0.3653,59.3804,1.1678,2646.0457,162.5536,12.4780,16.8648,9.0895,16.5695,22.0926,29.825,33.4482,44.5976,11.8163,0.0,2.018664,2.691552,0.981654,30,240,141,4,0.10479828,0.02244119,0.04150452,0E-8,0.000000,0.902668,0.011910,-0.02129501,2026-03-22,2026-08-05,112,5695,2177,137,0.817518,0.739886,0.767145,0.349328,,,,,,,,GLOBAL_BASELINE_NO_ENTITY_RANKING,,,NOT_APPLICABLE_GLOBAL_BASELINE,HF9g-P5,,,,X 全窗基线 · 不参与实体赏罚,14195392,1420,A168_HF9F_20260827_0900,2026-08-27 09:00:00
2026-05-06,110249610,1205,0,44.5975627432,-44.5975627432,-44.5975627432,0E-7,3,3,0.50218230000000000,0.502182300000,-1.7396270863184011,-1.7396270863184016,-1.7396270863184011,0E-17,ELIGIBLE,R03b_20260811_FULL_v1,L1_ELIGIBILITY,v2026-08-11,2026-03-21..2026-08-06,baccarat_bet02_101_all_pairs_incl_sentinel,round_win = game_pnl > 0 (decisive only),COMPATIBILITY_ONLY_NOT_PRODUCTION,296357.1217,267511.9505,6650.6079,18220,18206,-0.02244119,-0.04150452,-0.02020951,-0.02244119,-6650.6079,296357.1217,OK,0.0000,266.0243,4.0000,96.0000,AG03-UNRESOLVED,ALL5_LEVELS_bet23_to_bet27,266.0243,266.0243,266.0243,332.5304,332.5304,4.000000,4.000000,4.000000,5.000000,5.000000,96.000000,96.000000,96.000000,95.000000,95.000000,5.0,1463.1337,1340.2688,5187.4742,5310.3391,PENDING_AG03,FALSE,NOT_FOR_ENFORCEMENT,6384.5836,256811.4724,6650.6079,6384.5836,266.0243,0.02244119,0.02154355,266.0243,6384.5836,0.02154355,266.0243,266.0243,266.0243,332.5304,332.5304,6384.5836,0.02154355,1463.1337,1340.2688,5187.4742,5310.3391,0.01750413,0.01791872,0.00089765,16.2655,14.6936,0.3653,59.3804,1.1678,2646.0457,162.5536,12.4780,16.8648,9.0895,16.5695,22.0926,29.825,33.4482,44.5976,11.8163,0.0,2.018664,2.691552,0.981654,30,240,141,4,0.10479828,0.02244119,0.04150452,0E-8,0.000000,0.902668,0.011910,-0.02129501,2026-03-22,2026-08-05,112,5695,2177,137,0.817518,0.739886,0.767145,0.349328,,,,,,,,GLOBAL_BASELINE_NO_ENTITY_RANKING,,,NOT_APPLICABLE_GLOBAL_BASELINE,HF9g-P5,,,,X 全窗基线 · 不参与实体赏罚,14195393,1420,A168_HF9F_20260827_0900,2026-08-27 09:00:00
2026-05-06,110249610,1210,0,105.3617419808,-50.4509928532,-50.4509928532,0.2857143,7,7,0.49899058571428571,0.498990585714,-1.1285544004973334,-1.1285544004958228,-1.1285544004973334,2.8571E-13,ELIGIBLE,R03b_20260811_FULL_v1,L1_ELIGIBILITY,v2026-08-11,2026-03-21..2026-08-06,baccarat_bet02_101_all_pairs_incl_sentinel,round_win = game_pnl > 0 (decisive only),COMPATIBILITY_ONLY_NOT_PRODUCTION,296357.1217,267511.9505,6650.6079,18220,18206,-0.02244119,-0.04150452,-0.02020951,-0.02244119,-6650.6079,296357.1217,OK,0.0000,266.0243,4.0000,96.0000,AG03-UNRESOLVED,ALL5_LEVELS_bet23_to_bet27,266.0243,266.0243,266.0243,332.5304,332.5304,4.000000,4.000000,4.000000,5.000000,5.000000,96.000000,96.000000,96.000000,95.000000,95.000000,5.0,1463.1337,1340.2688,5187.4742,5310.3391,PENDING_AG03,FALSE,NOT_FOR_ENFORCEMENT,6384.5836,256811.4724,6650.6079,6384.5836,266.0243,0.02244119,0.02154355,266.0243,6384.5836,0.02154355,266.0243,266.0243,266.0243,332.5304,332.5304,6384.5836,0.02154355,1463.1337,1340.2688,5187.4742,5310.3391,0.01750413,0.01791872,0.00089765,16.2655,14.6936,0.3653,59.3804,1.1678,2646.0457,162.5536,12.4780,16.8648,9.0895,16.5695,22.0926,29.825,33.4482,44.5976,11.8163,0.0,2.018664,2.691552,0.981654,30,240,141,4,0.10479828,0.02244119,0.04150452,0E-8,0.000000,0.902668,0.011910,-0.02129501,2026-03-22,2026-08-05,112,5695,2177,137,0.817518,0.739886,0.767145,0.349328,,,,,,,,GLOBAL_BASELINE_NO_ENTITY_RANKING,,,NOT_APPLICABLE_GLOBAL_BASELINE,HF9g-P5,,,,X 全窗基线 · 不参与实体赏罚,14195394,1420,A168_HF9F_20260827_0900,2026-08-27 09:00:00
2026-05-06,110249610,1221,0,100.3445161721,-7.9160673869,-7.9160673869,0.5000000,8,8,0.50329940000000000,0.503299400000,-0.018664631283057894,-0.018664631283057894,-0.018664631283057894,0E-17,ELIGIBLE,R03b_20260811_FULL_v1,L1_ELIGIBILITY,v2026-08-11,2026-03-21..2026-08-06,baccarat_bet02_101_all_pairs_incl_sentinel,round_win = game_pnl > 0 (decisive only),COMPATIBILITY_ONLY_NOT_PRODUCTION,296357.1217,267511.9505,6650.6079,18220,18206,-0.02244119,-0.04150452,-0.02020951,-0.02244119,-6650.6079,296357.1217,OK,0.0000,266.0243,4.0000,96.0000,AG03-UNRESOLVED,ALL5_LEVELS_bet23_to_bet27,266.0243,266.0243,266.0243,332.5304,332.5304,4.000000,4.000000,4.000000,5.000000,5.000000,96.000000,96.000000,96.000000,95.000000,95.000000,5.0,1463.1337,1340.2688,5187.4742,5310.3391,PENDING_AG03,FALSE,NOT_FOR_ENFORCEMENT,6384.5836,256811.4724,6650.6079,6384.5836,266.0243,0.02244119,0.02154355,266.0243,6384.5836,0.02154355,266.0243,266.0243,266.0243,332.5304,332.5304,6384.5836,0.02154355,1463.1337,1340.2688,5187.4742,5310.3391,0.01750413,0.01791872,0.00089765,16.2655,14.6936,0.3653,59.3804,1.1678,2646.0457,162.5536,12.4780,16.8648,9.0895,16.5695,22.0926,29.825,33.4482,44.5976,11.8163,0.0,2.018664,2.691552,0.981654,30,240,141,4,0.10479828,0.02244119,0.04150452,0E-8,0.000000,0.902668,0.011910,-0.02129501,2026-03-22,2026-08-05,112,5695,2177,137,0.817518,0.739886,0.767145,0.349328,,,,,,,,GLOBAL_BASELINE_NO_ENTITY_RANKING,,,NOT_APPLICABLE_GLOBAL_BASELINE,HF9g-P5,,,,X 全窗基线 · 不参与实体赏罚,14195395,1420,A168_HF9F_20260827_0900,2026-08-27 09:00:00
2026-05-06,110249610,1302,0,55.7469534290,-33.4481720574,-33.4481720574,0.2500000,4,4,0.50329940000000000,0.503299400000,-1.013219660140378,-1.013219660140378,-1.013219660140378,0E-17,ELIGIBLE,R03b_20260811_FULL_v1,L1_ELIGIBILITY,v2026-08-11,2026-03-21..2026-08-06,baccarat_bet02_101_all_pairs_incl_sentinel,round_win = game_pnl > 0 (decisive only),COMPATIBILITY_ONLY_NOT_PRODUCTION,296357.1217,267511.9505,6650.6079,18220,18206,-0.02244119,-0.04150452,-0.02020951,-0.02244119,-6650.6079,296357.1217,OK,0.0000,266.0243,4.0000,96.0000,AG03-UNRESOLVED,ALL5_LEVELS_bet23_to_bet27,266.0243,266.0243,266.0243,332.5304,332.5304,4.000000,4.000000,4.000000,5.000000,5.000000,96.000000,96.000000,96.000000,95.000000,95.000000,5.0,1463.1337,1340.2688,5187.4742,5310.3391,PENDING_AG03,FALSE,NOT_FOR_ENFORCEMENT,6384.5836,256811.4724,6650.6079,6384.5836,266.0243,0.02244119,0.02154355,266.0243,6384.5836,0.02154355,266.0243,266.0243,266.0243,332.5304,332.5304,6384.5836,0.02154355,1463.1337,1340.2688,5187.4742,5310.3391,0.01750413,0.01791872,0.00089765,16.2655,14.6936,0.3653,59.3804,1.1678,2646.0457,162.5536,12.4780,16.8648,9.0895,16.5695,22.0926,29.825,33.4482,44.5976,11.8163,0.0,2.018664,2.691552,0.981654,30,240,141,4,0.10479828,0.02244119,0.04150452,0E-8,0.000000,0.902668,0.011910,-0.02129501,2026-03-22,2026-08-05,112,5695,2177,137,0.817518,0.739886,0.767145,0.349328,,,,,,,,GLOBAL_BASELINE_NO_ENTITY_RANKING,,,NOT_APPLICABLE_GLOBAL_BASELINE,HF9g-P5,,,,X 全窗基线 · 不参与实体赏罚,14195396,1420,A168_HF9F_20260827_0900,2026-08-27 09:00:00
2026-05-06,110249610,1305,0,18.6194824453,-12.4873175681,-12.4873175681,0.3333333,4,4,0.49324550000000000,0.493245500000,-0.5540025479526107,-0.5540025479526106,-0.5540025479526107,0E-17,ELIGIBLE,R03b_20260811_FULL_v1,L1_ELIGIBILITY,v2026-08-11,2026-03-21..2026-08-06,baccarat_bet02_101_all_pairs_incl_sentinel,round_win = game_pnl > 0 (decisive only),COMPATIBILITY_ONLY_NOT_PRODUCTION,296357.1217,267511.9505,6650.6079,18220,18206,-0.02244119,-0.04150452,-0.02020951,-0.02244119,-6650.6079,296357.1217,OK,0.0000,266.0243,4.0000,96.0000,AG03-UNRESOLVED,ALL5_LEVELS_bet23_to_bet27,266.0243,266.0243,266.0243,332.5304,332.5304,4.000000,4.000000,4.000000,5.000000,5.000000,96.000000,96.000000,96.000000,95.000000,95.000000,5.0,1463.1337,1340.2688,5187.4742,5310.3391,PENDING_AG03,FALSE,NOT_FOR_ENFORCEMENT,6384.5836,256811.4724,6650.6079,6384.5836,266.0243,0.02244119,0.02154355,266.0243,6384.5836,0.02154355,266.0243,266.0243,266.0243,332.5304,332.5304,6384.5836,0.02154355,1463.1337,1340.2688,5187.4742,5310.3391,0.01750413,0.01791872,0.00089765,16.2655,14.6936,0.3653,59.3804,1.1678,2646.0457,162.5536,12.4780,16.8648,9.0895,16.5695,22.0926,29.825,33.4482,44.5976,11.8163,0.0,2.018664,2.691552,0.981654,30,240,141,4,0.10479828,0.02244119,0.04150452,0E-8,0.000000,0.902668,0.011910,-0.02129501,2026-03-22,2026-08-05,112,5695,2177,137,0.817518,0.739886,0.767145,0.349328,,,,,,,,GLOBAL_BASELINE_NO_ENTITY_RANKING,,,NOT_APPLICABLE_GLOBAL_BASELINE,HF9g-P5,,,,X 全窗基线 · 不参与实体赏罚,14195397,1420,A168_HF9F_20260827_0900,2026-08-27 09:00:00
2026-05-06,110249610,1318,0,185.0798853843,-69.1262222520,-69.1262222520,0.3000000,11,11,0.49568280909090909,0.495682809091,-1.237652887283254,-1.237652887283827,-1.237652887283254,-9.091E-14,ELIGIBLE,R03b_20260811_FULL_v1,L1_ELIGIBILITY,v2026-08-11,2026-03-21..2026-08-06,baccarat_bet02_101_all_pairs_incl_sentinel,round_win = game_pnl > 0 (decisive only),COMPATIBILITY_ONLY_NOT_PRODUCTION,296357.1217,267511.9505,6650.6079,18220,18206,-0.02244119,-0.04150452,-0.02020951,-0.02244119,-6650.6079,296357.1217,OK,0.0000,266.0243,4.0000,96.0000,AG03-UNRESOLVED,ALL5_LEVELS_bet23_to_bet27,266.0243,266.0243,266.0243,332.5304,332.5304,4.000000,4.000000,4.000000,5.000000,5.000000,96.000000,96.000000,96.000000,95.000000,95.000000,5.0,1463.1337,1340.2688,5187.4742,5310.3391,PENDING_AG03,FALSE,NOT_FOR_ENFORCEMENT,6384.5836,256811.4724,6650.6079,6384.5836,266.0243,0.02244119,0.02154355,266.0243,6384.5836,0.02154355,266.0243,266.0243,266.0243,332.5304,332.5304,6384.5836,0.02154355,1463.1337,1340.2688,5187.4742,5310.3391,0.01750413,0.01791872,0.00089765,16.2655,14.6936,0.3653,59.3804,1.1678,2646.0457,162.5536,12.4780,16.8648,9.0895,16.5695,22.0926,29.825,33.4482,44.5976,11.8163,0.0,2.018664,2.691552,0.981654,30,240,141,4,0.10479828,0.02244119,0.04150452,0E-8,0.000000,0.902668,0.011910,-0.02129501,2026-03-22,2026-08-05,112,5695,2177,137,0.817518,0.739886,0.767145,0.349328,,,,,,,,GLOBAL_BASELINE_NO_ENTITY_RANKING,,,NOT_APPLICABLE_GLOBAL_BASELINE,HF9g-P5,,,,X 全窗基线 · 不参与实体赏罚,14195398,1420,A168_HF9F_20260827_0900,2026-08-27 09:00:00
2026-05-06,110249610,1325,0,145.4995484497,-23.6924552073,-23.6924552073,0.4000000,10,10,0.49726706000000000,0.497267060000,-0.6151800913974267,-0.6151800913974268,-0.6151800913974267,0E-17,ELIGIBLE,R03b_20260811_FULL_v1,L1_ELIGIBILITY,v2026-08-11,2026-03-21..2026-08-06,baccarat_bet02_101_all_pairs_incl_sentinel,round_win = game_pnl > 0 (decisive only),COMPATIBILITY_ONLY_NOT_PRODUCTION,296357.1217,267511.9505,6650.6079,18220,18206,-0.02244119,-0.04150452,-0.02020951,-0.02244119,-6650.6079,296357.1217,OK,0.0000,266.0243,4.0000,96.0000,AG03-UNRESOLVED,ALL5_LEVELS_bet23_to_bet27,266.0243,266.0243,266.0243,332.5304,332.5304,4.000000,4.000000,4.000000,5.000000,5.000000,96.000000,96.000000,96.000000,95.000000,95.000000,5.0,1463.1337,1340.2688,5187.4742,5310.3391,PENDING_AG03,FALSE,NOT_FOR_ENFORCEMENT,6384.5836,256811.4724,6650.6079,6384.5836,266.0243,0.02244119,0.02154355,266.0243,6384.5836,0.02154355,266.0243,266.0243,266.0243,332.5304,332.5304,6384.5836,0.02154355,1463.1337,1340.2688,5187.4742,5310.3391,0.01750413,0.01791872,0.00089765,16.2655,14.6936,0.3653,59.3804,1.1678,2646.0457,162.5536,12.4780,16.8648,9.0895,16.5695,22.0926,29.825,33.4482,44.5976,11.8163,0.0,2.018664,2.691552,0.981654,30,240,141,4,0.10479828,0.02244119,0.04150452,0E-8,0.000000,0.902668,0.011910,-0.02129501,2026-03-22,2026-08-05,112,5695,2177,137,0.817518,0.739886,0.767145,0.349328,,,,,,,,GLOBAL_BASELINE_NO_ENTITY_RANKING,,,NOT_APPLICABLE_GLOBAL_BASELINE,HF9g-P5,,,,X 全窗基线 · 不参与实体赏罚,14195399,1420,A168_HF9F_20260827_0900,2026-08-27 09:00:00
2026-05-06,110249610,1330,0,81.2790580994,3.7907928333,3.7907928333,0.5000000,5,5,0.50665070000000000,0.506650700000,-0.02660515369234503,-0.02660515369234503,-0.02660515369234503,0E-17,ELIGIBLE,R03b_20260811_FULL_v1,L1_ELIGIBILITY,v2026-08-11,2026-03-21..2026-08-06,baccarat_bet02_101_all_pairs_incl_sentinel,round_win = game_pnl > 0 (decisive only),COMPATIBILITY_ONLY_NOT_PRODUCTION,296357.1217,267511.9505,6650.6079,18220,18206,-0.02244119,-0.04150452,-0.02020951,-0.02244119,-6650.6079,296357.1217,OK,0.0000,266.0243,4.0000,96.0000,AG03-UNRESOLVED,ALL5_LEVELS_bet23_to_bet27,266.0243,266.0243,266.0243,332.5304,332.5304,4.000000,4.000000,4.000000,5.000000,5.000000,96.000000,96.000000,96.000000,95.000000,95.000000,5.0,1463.1337,1340.2688,5187.4742,5310.3391,PENDING_AG03,FALSE,NOT_FOR_ENFORCEMENT,6384.5836,256811.4724,6650.6079,6384.5836,266.0243,0.02244119,0.02154355,266.0243,6384.5836,0.02154355,266.0243,266.0243,266.0243,332.5304,332.5304,6384.5836,0.02154355,1463.1337,1340.2688,5187.4742,5310.3391,0.01750413,0.01791872,0.00089765,16.2655,14.6936,0.3653,59.3804,1.1678,2646.0457,162.5536,12.4780,16.8648,9.0895,16.5695,22.0926,29.825,33.4482,44.5976,11.8163,0.0,2.018664,2.691552,0.981654,30,240,141,4,0.10479828,0.02244119,0.04150452,0E-8,0.000000,0.902668,0.011910,-0.02129501,2026-03-22,2026-08-05,112,5695,2177,137,0.817518,0.739886,0.767145,0.349328,,,,,,,,GLOBAL_BASELINE_NO_ENTITY_RANKING,,,NOT_APPLICABLE_GLOBAL_BASELINE,HF9g-P5,,,,X 全窗基线 · 不参与实体赏罚,14195400,1420,A168_HF9F_20260827_0900,2026-08-27 09:00:00
2026-05-06,110249610,1385,0,63.5515269091,-8.6407777815,-8.6407777815,0.4000000,5,5,0.49860758000000000,0.498607580000,-0.440988213962219,-0.440988213962219,-0.440988213962219,0E-17,ELIGIBLE,R03b_20260811_FULL_v1,L1_ELIGIBILITY,v2026-08-11,2026-03-21..2026-08-06,baccarat_bet02_101_all_pairs_incl_sentinel,round_win = game_pnl > 0 (decisive only),COMPATIBILITY_ONLY_NOT_PRODUCTION,296357.1217,267511.9505,6650.6079,18220,18206,-0.02244119,-0.04150452,-0.02020951,-0.02244119,-6650.6079,296357.1217,OK,0.0000,266.0243,4.0000,96.0000,AG03-UNRESOLVED,ALL5_LEVELS_bet23_to_bet27,266.0243,266.0243,266.0243,332.5304,332.5304,4.000000,4.000000,4.000000,5.000000,5.000000,96.000000,96.000000,96.000000,95.000000,95.000000,5.0,1463.1337,1340.2688,5187.4742,5310.3391,PENDING_AG03,FALSE,NOT_FOR_ENFORCEMENT,6384.5836,256811.4724,6650.6079,6384.5836,266.0243,0.02244119,0.02154355,266.0243,6384.5836,0.02154355,266.0243,266.0243,266.0243,332.5304,332.5304,6384.5836,0.02154355,1463.1337,1340.2688,5187.4742,5310.3391,0.01750413,0.01791872,0.00089765,16.2655,14.6936,0.3653,59.3804,1.1678,2646.0457,162.5536,12.4780,16.8648,9.0895,16.5695,22.0926,29.825,33.4482,44.5976,11.8163,0.0,2.018664,2.691552,0.981654,30,240,141,4,0.10479828,0.02244119,0.04150452,0E-8,0.000000,0.902668,0.011910,-0.02129501,2026-03-22,2026-08-05,112,5695,2177,137,0.817518,0.739886,0.767145,0.349328,,,,,,,,GLOBAL_BASELINE_NO_ENTITY_RANKING,,,NOT_APPLICABLE_GLOBAL_BASELINE,HF9g-P5,,,,X 全窗基线 · 不参与实体赏罚,14195401,1420,A168_HF9F_20260827_0900,2026-08-27 09:00:00
2026-05-06,110249610,1396,0,17.8390250973,-17.8390250973,-17.8390250973,0E-7,2,2,0.49994810000000000,0.499948100000,-1.4140667746232096,-1.4140667746232096,-1.4140667746232096,0E-17,ELIGIBLE,R03b_20260811_FULL_v1,L1_ELIGIBILITY,v2026-08-11,2026-03-21..2026-08-06,baccarat_bet02_101_all_pairs_incl_sentinel,round_win = game_pnl > 0 (decisive only),COMPATIBILITY_ONLY_NOT_PRODUCTION,296357.1217,267511.9505,6650.6079,18220,18206,-0.02244119,-0.04150452,-0.02020951,-0.02244119,-6650.6079,296357.1217,OK,0.0000,266.0243,4.0000,96.0000,AG03-UNRESOLVED,ALL5_LEVELS_bet23_to_bet27,266.0243,266.0243,266.0243,332.5304,332.5304,4.000000,4.000000,4.000000,5.000000,5.000000,96.000000,96.000000,96.000000,95.000000,95.000000,5.0,1463.1337,1340.2688,5187.4742,5310.3391,PENDING_AG03,FALSE,NOT_FOR_ENFORCEMENT,6384.5836,256811.4724,6650.6079,6384.5836,266.0243,0.02244119,0.02154355,266.0243,6384.5836,0.02154355,266.0243,266.0243,266.0243,332.5304,332.5304,6384.5836,0.02154355,1463.1337,1340.2688,5187.4742,5310.3391,0.01750413,0.01791872,0.00089765,16.2655,14.6936,0.3653,59.3804,1.1678,2646.0457,162.5536,12.4780,16.8648,9.0895,16.5695,22.0926,29.825,33.4482,44.5976,11.8163,0.0,2.018664,2.691552,0.981654,30,240,141,4,0.10479828,0.02244119,0.04150452,0E-8,0.000000,0.902668,0.011910,-0.02129501,2026-03-22,2026-08-05,112,5695,2177,137,0.817518,0.739886,0.767145,0.349328,,,,,,,,GLOBAL_BASELINE_NO_ENTITY_RANKING,,,NOT_APPLICABLE_GLOBAL_BASELINE,HF9g-P5,,,,X 全窗基线 · 不参与实体赏罚,14195402,1420,A168_HF9F_20260827_0900,2026-08-27 09:00:00
2026-05-06,110249610,1399,0,7.8045734801,-7.8045734801,-7.8045734801,0E-7,3,3,0.50218230000000000,0.502182300000,-1.7396270863184011,-1.7396270863184016,-1.7396270863184011,0E-17,ELIGIBLE,R03b_20260811_FULL_v1,L1_ELIGIBILITY,v2026-08-11,2026-03-21..2026-08-06,baccarat_bet02_101_all_pairs_incl_sentinel,round_win = game_pnl > 0 (decisive only),COMPATIBILITY_ONLY_NOT_PRODUCTION,296357.1217,267511.9505,6650.6079,18220,18206,-0.02244119,-0.04150452,-0.02020951,-0.02244119,-6650.6079,296357.1217,OK,0.0000,266.0243,4.0000,96.0000,AG03-UNRESOLVED,ALL5_LEVELS_bet23_to_bet27,266.0243,266.0243,266.0243,332.5304,332.5304,4.000000,4.000000,4.000000,5.000000,5.000000,96.000000,96.000000,96.000000,95.000000,95.000000,5.0,1463.1337,1340.2688,5187.4742,5310.3391,PENDING_AG03,FALSE,NOT_FOR_ENFORCEMENT,6384.5836,256811.4724,6650.6079,6384.5836,266.0243,0.02244119,0.02154355,266.0243,6384.5836,0.02154355,266.0243,266.0243,266.0243,332.5304,332.5304,6384.5836,0.02154355,1463.1337,1340.2688,5187.4742,5310.3391,0.01750413,0.01791872,0.00089765,16.2655,14.6936,0.3653,59.3804,1.1678,2646.0457,162.5536,12.4780,16.8648,9.0895,16.5695,22.0926,29.825,33.4482,44.5976,11.8163,0.0,2.018664,2.691552,0.981654,30,240,141,4,0.10479828,0.02244119,0.04150452,0E-8,0.000000,0.902668,0.011910,-0.02129501,2026-03-22,2026-08-05,112,5695,2177,137,0.817518,0.739886,0.767145,0.349328,,,,,,,,GLOBAL_BASELINE_NO_ENTITY_RANKING,,,NOT_APPLICABLE_GLOBAL_BASELINE,HF9g-P5,,,,X 全窗基线 · 不参与实体赏罚,14195403,1420,A168_HF9F_20260827_0900,2026-08-27 09:00:00
2026-05-06,110249610,1400,0,102.0169247751,-47.6636451818,-47.6636451818,0.2857143,7,7,0.50282064285714286,0.502820642857,-1.1488371386043665,-1.1488371386036085,-1.1488371386043665,1.4286E-13,ELIGIBLE,R03b_20260811_FULL_v1,L1_ELIGIBILITY,v2026-08-11,2026-03-21..2026-08-06,baccarat_bet02_101_all_pairs_incl_sentinel,round_win = game_pnl > 0 (decisive only),COMPATIBILITY_ONLY_NOT_PRODUCTION,296357.1217,267511.9505,6650.6079,18220,18206,-0.02244119,-0.04150452,-0.02020951,-0.02244119,-6650.6079,296357.1217,OK,0.0000,266.0243,4.0000,96.0000,AG03-UNRESOLVED,ALL5_LEVELS_bet23_to_bet27,266.0243,266.0243,266.0243,332.5304,332.5304,4.000000,4.000000,4.000000,5.000000,5.000000,96.000000,96.000000,96.000000,95.000000,95.000000,5.0,1463.1337,1340.2688,5187.4742,5310.3391,PENDING_AG03,FALSE,NOT_FOR_ENFORCEMENT,6384.5836,256811.4724,6650.6079,6384.5836,266.0243,0.02244119,0.02154355,266.0243,6384.5836,0.02154355,266.0243,266.0243,266.0243,332.5304,332.5304,6384.5836,0.02154355,1463.1337,1340.2688,5187.4742,5310.3391,0.01750413,0.01791872,0.00089765,16.2655,14.6936,0.3653,59.3804,1.1678,2646.0457,162.5536,12.4780,16.8648,9.0895,16.5695,22.0926,29.825,33.4482,44.5976,11.8163,0.0,2.018664,2.691552,0.981654,30,240,141,4,0.10479828,0.02244119,0.04150452,0E-8,0.000000,0.902668,0.011910,-0.02129501,2026-03-22,2026-08-05,112,5695,2177,137,0.817518,0.739886,0.767145,0.349328,,,,,,,,GLOBAL_BASELINE_NO_ENTITY_RANKING,,,NOT_APPLICABLE_GLOBAL_BASELINE,HF9g-P5,,,,X 全窗基线 · 不参与实体赏罚,14195404,1420,A168_HF9F_20260827_0900,2026-08-27 09:00:00
2026-05-06,110249610,1401,0,28.9884157830,-28.9884157830,-28.9884157830,0E-7,2,2,0.50665070000000000,0.506650700000,-1.4331513700195317,-1.4331513700195317,-1.4331513700195317,0E-17,ELIGIBLE,R03b_20260811_FULL_v1,L1_ELIGIBILITY,v2026-08-11,2026-03-21..2026-08-06,baccarat_bet02_101_all_pairs_incl_sentinel,round_win = game_pnl > 0 (decisive only),COMPATIBILITY_ONLY_NOT_PRODUCTION,296357.1217,267511.9505,6650.6079,18220,18206,-0.02244119,-0.04150452,-0.02020951,-0.02244119,-6650.6079,296357.1217,OK,0.0000,266.0243,4.0000,96.0000,AG03-UNRESOLVED,ALL5_LEVELS_bet23_to_bet27,266.0243,266.0243,266.0243,332.5304,332.5304,4.000000,4.000000,4.000000,5.000000,5.000000,96.000000,96.000000,96.000000,95.000000,95.000000,5.0,1463.1337,1340.2688,5187.4742,5310.3391,PENDING_AG03,FALSE,NOT_FOR_ENFORCEMENT,6384.5836,256811.4724,6650.6079,6384.5836,266.0243,0.02244119,0.02154355,266.0243,6384.5836,0.02154355,266.0243,266.0243,266.0243,332.5304,332.5304,6384.5836,0.02154355,1463.1337,1340.2688,5187.4742,5310.3391,0.01750413,0.01791872,0.00089765,16.2655,14.6936,0.3653,59.3804,1.1678,2646.0457,162.5536,12.4780,16.8648,9.0895,16.5695,22.0926,29.825,33.4482,44.5976,11.8163,0.0,2.018664,2.691552,0.981654,30,240,141,4,0.10479828,0.02244119,0.04150452,0E-8,0.000000,0.902668,0.011910,-0.02129501,2026-03-22,2026-08-05,112,5695,2177,137,0.817518,0.739886,0.767145,0.349328,,,,,,,,GLOBAL_BASELINE_NO_ENTITY_RANKING,,,NOT_APPLICABLE_GLOBAL_BASELINE,HF9g-P5,,,,X 全窗基线 · 不参与实体赏罚,14195405,1420,A168_HF9F_20260827_0900,2026-08-27 09:00:00
2026-05-06,110249610,1402,0,423.0078826191,13.0169136257,13.0169136257,0.4761905,25,25,0.50236103600000000,0.502361036000,-0.2398598168207084,-0.2398598168207084,-0.2398598168207084,0E-17,ELIGIBLE,R03b_20260811_FULL_v1,L1_ELIGIBILITY,v2026-08-11,2026-03-21..2026-08-06,baccarat_bet02_101_all_pairs_incl_sentinel,round_win = game_pnl > 0 (decisive only),COMPATIBILITY_ONLY_NOT_PRODUCTION,296357.1217,267511.9505,6650.6079,18220,18206,-0.02244119,-0.04150452,-0.02020951,-0.02244119,-6650.6079,296357.1217,OK,0.0000,266.0243,4.0000,96.0000,AG03-UNRESOLVED,ALL5_LEVELS_bet23_to_bet27,266.0243,266.0243,266.0243,332.5304,332.5304,4.000000,4.000000,4.000000,5.000000,5.000000,96.000000,96.000000,96.000000,95.000000,95.000000,5.0,1463.1337,1340.2688,5187.4742,5310.3391,PENDING_AG03,FALSE,NOT_FOR_ENFORCEMENT,6384.5836,256811.4724,6650.6079,6384.5836,266.0243,0.02244119,0.02154355,266.0243,6384.5836,0.02154355,266.0243,266.0243,266.0243,332.5304,332.5304,6384.5836,0.02154355,1463.1337,1340.2688,5187.4742,5310.3391,0.01750413,0.01791872,0.00089765,16.2655,14.6936,0.3653,59.3804,1.1678,2646.0457,162.5536,12.4780,16.8648,9.0895,16.5695,22.0926,29.825,33.4482,44.5976,11.8163,0.0,2.018664,2.691552,0.981654,30,240,141,4,0.10479828,0.02244119,0.04150452,0E-8,0.000000,0.902668,0.011910,-0.02129501,2026-03-22,2026-08-05,112,5695,2177,137,0.817518,0.739886,0.767145,0.349328,,,,,,,,GLOBAL_BASELINE_NO_ENTITY_RANKING,,,NOT_APPLICABLE_GLOBAL_BASELINE,HF9g-P5,,,,X 全窗基线 · 不参与实体赏罚,14195406,1420,A168_HF9F_20260827_0900,2026-08-27 09:00:00
2026-05-06,110249610,1405,0,25.1976229500,-18.5079885384,-18.5079885384,0.3333333,7,7,0.49899058571428571,0.498990585714,-0.8115531348621552,-0.8115531348607564,-0.8115531348621552,2.8571E-13,ELIGIBLE,R03b_20260811_FULL_v1,L1_ELIGIBILITY,v2026-08-11,2026-03-21..2026-08-06,baccarat_bet02_101_all_pairs_incl_sentinel,round_win = game_pnl > 0 (decisive only),COMPATIBILITY_ONLY_NOT_PRODUCTION,296357.1217,267511.9505,6650.6079,18220,18206,-0.02244119,-0.04150452,-0.02020951,-0.02244119,-6650.6079,296357.1217,OK,0.0000,266.0243,4.0000,96.0000,AG03-UNRESOLVED,ALL5_LEVELS_bet23_to_bet27,266.0243,266.0243,266.0243,332.5304,332.5304,4.000000,4.000000,4.000000,5.000000,5.000000,96.000000,96.000000,96.000000,95.000000,95.000000,5.0,1463.1337,1340.2688,5187.4742,5310.3391,PENDING_AG03,FALSE,NOT_FOR_ENFORCEMENT,6384.5836,256811.4724,6650.6079,6384.5836,266.0243,0.02244119,0.02154355,266.0243,6384.5836,0.02154355,266.0243,266.0243,266.0243,332.5304,332.5304,6384.5836,0.02154355,1463.1337,1340.2688,5187.4742,5310.3391,0.01750413,0.01791872,0.00089765,16.2655,14.6936,0.3653,59.3804,1.1678,2646.0457,162.5536,12.4780,16.8648,9.0895,16.5695,22.0926,29.825,33.4482,44.5976,11.8163,0.0,2.018664,2.691552,0.981654,30,240,141,4,0.10479828,0.02244119,0.04150452,0E-8,0.000000,0.902668,0.011910,-0.02129501,2026-03-22,2026-08-05,112,5695,2177,137,0.817518,0.739886,0.767145,0.349328,,,,,,,,GLOBAL_BASELINE_NO_ENTITY_RANKING,,,NOT_APPLICABLE_GLOBAL_BASELINE,HF9g-P5,,,,X 全窗基线 · 不参与实体赏罚,14195407,1420,A168_HF9F_20260827_0900,2026-08-27 09:00:00
2026-05-06,110249610,1485,0,39.0228674003,-39.0228674003,-39.0228674003,0E-7,2,2,0.49324550000000000,0.493245500000,-1.3952362676504506,-1.3952362676504506,-1.3952362676504506,0E-17,ELIGIBLE,R03b_20260811_FULL_v1,L1_ELIGIBILITY,v2026-08-11,2026-03-21..2026-08-06,baccarat_bet02_101_all_pairs_incl_sentinel,round_win = game_pnl > 0 (decisive only),COMPATIBILITY_ONLY_NOT_PRODUCTION,296357.1217,267511.9505,6650.6079,18220,18206,-0.02244119,-0.04150452,-0.02020951,-0.02244119,-6650.6079,296357.1217,OK,0.0000,266.0243,4.0000,96.0000,AG03-UNRESOLVED,ALL5_LEVELS_bet23_to_bet27,266.0243,266.0243,266.0243,332.5304,332.5304,4.000000,4.000000,4.000000,5.000000,5.000000,96.000000,96.000000,96.000000,95.000000,95.000000,5.0,1463.1337,1340.2688,5187.4742,5310.3391,PENDING_AG03,FALSE,NOT_FOR_ENFORCEMENT,6384.5836,256811.4724,6650.6079,6384.5836,266.0243,0.02244119,0.02154355,266.0243,6384.5836,0.02154355,266.0243,266.0243,266.0243,332.5304,332.5304,6384.5836,0.02154355,1463.1337,1340.2688,5187.4742,5310.3391,0.01750413,0.01791872,0.00089765,16.2655,14.6936,0.3653,59.3804,1.1678,2646.0457,162.5536,12.4780,16.8648,9.0895,16.5695,22.0926,29.825,33.4482,44.5976,11.8163,0.0,2.018664,2.691552,0.981654,30,240,141,4,0.10479828,0.02244119,0.04150452,0E-8,0.000000,0.902668,0.011910,-0.02129501,2026-03-22,2026-08-05,112,5695,2177,137,0.817518,0.739886,0.767145,0.349328,,,,,,,,GLOBAL_BASELINE_NO_ENTITY_RANKING,,,NOT_APPLICABLE_GLOBAL_BASELINE,HF9g-P5,,,,X 全窗基线 · 不参与实体赏罚,14195408,1420,A168_HF9F_20260827_0900,2026-08-27 09:00:00
2026-05-06,110249610,1490,0,11.1493906858,10.5919211515,10.5919211515,1.0000000,1,1,0.50665070000000000,0.506650700000,0.9867858985152569,0.9867858985152569,0.9867858985152569,0E-17,ELIGIBLE,R03b_20260811_FULL_v1,L1_ELIGIBILITY,v2026-08-11,2026-03-21..2026-08-06,baccarat_bet02_101_all_pairs_incl_sentinel,round_win = game_pnl > 0 (decisive only),COMPATIBILITY_ONLY_NOT_PRODUCTION,296357.1217,267511.9505,6650.6079,18220,18206,-0.02244119,-0.04150452,-0.02020951,-0.02244119,-6650.6079,296357.1217,OK,0.0000,266.0243,4.0000,96.0000,AG03-UNRESOLVED,ALL5_LEVELS_bet23_to_bet27,266.0243,266.0243,266.0243,332.5304,332.5304,4.000000,4.000000,4.000000,5.000000,5.000000,96.000000,96.000000,96.000000,95.000000,95.000000,5.0,1463.1337,1340.2688,5187.4742,5310.3391,PENDING_AG03,FALSE,NOT_FOR_ENFORCEMENT,6384.5836,256811.4724,6650.6079,6384.5836,266.0243,0.02244119,0.02154355,266.0243,6384.5836,0.02154355,266.0243,266.0243,266.0243,332.5304,332.5304,6384.5836,0.02154355,1463.1337,1340.2688,5187.4742,5310.3391,0.01750413,0.01791872,0.00089765,16.2655,14.6936,0.3653,59.3804,1.1678,2646.0457,162.5536,12.4780,16.8648,9.0895,16.5695,22.0926,29.825,33.4482,44.5976,11.8163,0.0,2.018664,2.691552,0.981654,30,240,141,4,0.10479828,0.02244119,0.04150452,0E-8,0.000000,0.902668,0.011910,-0.02129501,2026-03-22,2026-08-05,112,5695,2177,137,0.817518,0.739886,0.767145,0.349328,,,,,,,,GLOBAL_BASELINE_NO_ENTITY_RANKING,,,NOT_APPLICABLE_GLOBAL_BASELINE,HF9g-P5,,,,X 全窗基线 · 不参与实体赏罚,14195409,1420,A168_HF9F_20260827_0900,2026-08-27 09:00:00
2026-05-06,110249610,1507,0,64.6664659776,-47.2734165078,-47.2734165078,0.2500000,4,4,0.50329940000000000,0.503299400000,-1.013219660140378,-1.013219660140378,-1.013219660140378,0E-17,ELIGIBLE,R03b_20260811_FULL_v1,L1_ELIGIBILITY,v2026-08-11,2026-03-21..2026-08-06,baccarat_bet02_101_all_pairs_incl_sentinel,round_win = game_pnl > 0 (decisive only),COMPATIBILITY_ONLY_NOT_PRODUCTION,296357.1217,267511.9505,6650.6079,18220,18206,-0.02244119,-0.04150452,-0.02020951,-0.02244119,-6650.6079,296357.1217,OK,0.0000,266.0243,4.0000,96.0000,AG03-UNRESOLVED,ALL5_LEVELS_bet23_to_bet27,266.0243,266.0243,266.0243,332.5304,332.5304,4.000000,4.000000,4.000000,5.000000,5.000000,96.000000,96.000000,96.000000,95.000000,95.000000,5.0,1463.1337,1340.2688,5187.4742,5310.3391,PENDING_AG03,FALSE,NOT_FOR_ENFORCEMENT,6384.5836,256811.4724,6650.6079,6384.5836,266.0243,0.02244119,0.02154355,266.0243,6384.5836,0.02154355,266.0243,266.0243,266.0243,332.5304,332.5304,6384.5836,0.02154355,1463.1337,1340.2688,5187.4742,5310.3391,0.01750413,0.01791872,0.00089765,16.2655,14.6936,0.3653,59.3804,1.1678,2646.0457,162.5536,12.4780,16.8648,9.0895,16.5695,22.0926,29.825,33.4482,44.5976,11.8163,0.0,2.018664,2.691552,0.981654,30,240,141,4,0.10479828,0.02244119,0.04150452,0E-8,0.000000,0.902668,0.011910,-0.02129501,2026-03-22,2026-08-05,112,5695,2177,137,0.817518,0.739886,0.767145,0.349328,,,,,,,,GLOBAL_BASELINE_NO_ENTITY_RANKING,,,NOT_APPLICABLE_GLOBAL_BASELINE,HF9g-P5,,,,X 全窗基线 · 不参与实体赏罚,14195410,1420,A168_HF9F_20260827_0900,2026-08-27 09:00:00
2026-05-06,110249610,1623,0,90.3100645550,-46.8274408804,-46.8274408804,0.2000000,5,5,0.50396966000000000,0.503969660000,-1.3594364909357963,-1.3594364909357963,-1.3594364909357963,0E-17,ELIGIBLE,R03b_20260811_FULL_v1,L1_ELIGIBILITY,v2026-08-11,2026-03-21..2026-08-06,baccarat_bet02_101_all_pairs_incl_sentinel,round_win = game_pnl > 0 (decisive only),COMPATIBILITY_ONLY_NOT_PRODUCTION,296357.1217,267511.9505,6650.6079,18220,18206,-0.02244119,-0.04150452,-0.02020951,-0.02244119,-6650.6079,296357.1217,OK,0.0000,266.0243,4.0000,96.0000,AG03-UNRESOLVED,ALL5_LEVELS_bet23_to_bet27,266.0243,266.0243,266.0243,332.5304,332.5304,4.000000,4.000000,4.000000,5.000000,5.000000,96.000000,96.000000,96.000000,95.000000,95.000000,5.0,1463.1337,1340.2688,5187.4742,5310.3391,PENDING_AG03,FALSE,NOT_FOR_ENFORCEMENT,6384.5836,256811.4724,6650.6079,6384.5836,266.0243,0.02244119,0.02154355,266.0243,6384.5836,0.02154355,266.0243,266.0243,266.0243,332.5304,332.5304,6384.5836,0.02154355,1463.1337,1340.2688,5187.4742,5310.3391,0.01750413,0.01791872,0.00089765,16.2655,14.6936,0.3653,59.3804,1.1678,2646.0457,162.5536,12.4780,16.8648,9.0895,16.5695,22.0926,29.825,33.4482,44.5976,11.8163,0.0,2.018664,2.691552,0.981654,30,240,141,4,0.10479828,0.02244119,0.04150452,0E-8,0.000000,0.902668,0.011910,-0.02129501,2026-03-22,2026-08-05,112,5695,2177,137,0.817518,0.739886,0.767145,0.349328,,,,,,,,GLOBAL_BASELINE_NO_ENTITY_RANKING,,,NOT_APPLICABLE_GLOBAL_BASELINE,HF9g-P5,,,,X 全窗基线 · 不参与实体赏罚,14195411,1420,A168_HF9F_20260827_0900,2026-08-27 09:00:00
2026-05-06,110249610,1645,0,67.4538136491,-23.6924552073,-23.6924552073,0.2500000,5,5,0.50665070000000000,0.506650700000,-1.0266936290537745,-1.0266936290537745,-1.0266936290537745,0E-17,ELIGIBLE,R03b_20260811_FULL_v1,L1_ELIGIBILITY,v2026-08-11,2026-03-21..2026-08-06,baccarat_bet02_101_all_pairs_incl_sentinel,round_win = game_pnl > 0 (decisive only),COMPATIBILITY_ONLY_NOT_PRODUCTION,296357.1217,267511.9505,6650.6079,18220,18206,-0.02244119,-0.04150452,-0.02020951,-0.02244119,-6650.6079,296357.1217,OK,0.0000,266.0243,4.0000,96.0000,AG03-UNRESOLVED,ALL5_LEVELS_bet23_to_bet27,266.0243,266.0243,266.0243,332.5304,332.5304,4.000000,4.000000,4.000000,5.000000,5.000000,96.000000,96.000000,96.000000,95.000000,95.000000,5.0,1463.1337,1340.2688,5187.4742,5310.3391,PENDING_AG03,FALSE,NOT_FOR_ENFORCEMENT,6384.5836,256811.4724,6650.6079,6384.5836,266.0243,0.02244119,0.02154355,266.0243,6384.5836,0.02154355,266.0243,266.0243,266.0243,332.5304,332.5304,6384.5836,0.02154355,1463.1337,1340.2688,5187.4742,5310.3391,0.01750413,0.01791872,0.00089765,16.2655,14.6936,0.3653,59.3804,1.1678,2646.0457,162.5536,12.4780,16.8648,9.0895,16.5695,22.0926,29.825,33.4482,44.5976,11.8163,0.0,2.018664,2.691552,0.981654,30,240,141,4,0.10479828,0.02244119,0.04150452,0E-8,0.000000,0.902668,0.011910,-0.02129501,2026-03-22,2026-08-05,112,5695,2177,137,0.817518,0.739886,0.767145,0.349328,,,,,,,,GLOBAL_BASELINE_NO_ENTITY_RANKING,,,NOT_APPLICABLE_GLOBAL_BASELINE,HF9g-P5,,,,X 全窗基线 · 不参与实体赏罚,14195412,1420,A168_HF9F_20260827_0900,2026-08-27 09:00:00
2026-05-06,110249610,1646,0,25.6435985773,-1.7281555562,-1.7281555562,0.5000000,4,4,0.50665070000000000,0.506650700000,-0.02660515369234503,-0.02660515369234503,-0.02660515369234503,0E-17,ELIGIBLE,R03b_20260811_FULL_v1,L1_ELIGIBILITY,v2026-08-11,2026-03-21..2026-08-06,baccarat_bet02_101_all_pairs_incl_sentinel,round_win = game_pnl > 0 (decisive only),COMPATIBILITY_ONLY_NOT_PRODUCTION,296357.1217,267511.9505,6650.6079,18220,18206,-0.02244119,-0.04150452,-0.02020951,-0.02244119,-6650.6079,296357.1217,OK,0.0000,266.0243,4.0000,96.0000,AG03-UNRESOLVED,ALL5_LEVELS_bet23_to_bet27,266.0243,266.0243,266.0243,332.5304,332.5304,4.000000,4.000000,4.000000,5.000000,5.000000,96.000000,96.000000,96.000000,95.000000,95.000000,5.0,1463.1337,1340.2688,5187.4742,5310.3391,PENDING_AG03,FALSE,NOT_FOR_ENFORCEMENT,6384.5836,256811.4724,6650.6079,6384.5836,266.0243,0.02244119,0.02154355,266.0243,6384.5836,0.02154355,266.0243,266.0243,266.0243,332.5304,332.5304,6384.5836,0.02154355,1463.1337,1340.2688,5187.4742,5310.3391,0.01750413,0.01791872,0.00089765,16.2655,14.6936,0.3653,59.3804,1.1678,2646.0457,162.5536,12.4780,16.8648,9.0895,16.5695,22.0926,29.825,33.4482,44.5976,11.8163,0.0,2.018664,2.691552,0.981654,30,240,141,4,0.10479828,0.02244119,0.04150452,0E-8,0.000000,0.902668,0.011910,-0.02129501,2026-03-22,2026-08-05,112,5695,2177,137,0.817518,0.739886,0.767145,0.349328,,,,,,,,GLOBAL_BASELINE_NO_ENTITY_RANKING,,,NOT_APPLICABLE_GLOBAL_BASELINE,HF9g-P5,,,,X 全窗基线 · 不参与实体赏罚,14195413,1420,A168_HF9F_20260827_0900,2026-08-27 09:00:00
2026-05-06,110249610,1654,0,159.9937563412,8.1111817240,8.1111817240,0.5000000,6,6,0.50218230000000000,0.502182300000,-0.008729283145653279,-0.008729283145653279,-0.008729283145653279,0E-17,ELIGIBLE,R03b_20260811_FULL_v1,L1_ELIGIBILITY,v2026-08-11,2026-03-21..2026-08-06,baccarat_bet02_101_all_pairs_incl_sentinel,round_win = game_pnl > 0 (decisive only),COMPATIBILITY_ONLY_NOT_PRODUCTION,296357.1217,267511.9505,6650.6079,18220,18206,-0.02244119,-0.04150452,-0.02020951,-0.02244119,-6650.6079,296357.1217,OK,0.0000,266.0243,4.0000,96.0000,AG03-UNRESOLVED,ALL5_LEVELS_bet23_to_bet27,266.0243,266.0243,266.0243,332.5304,332.5304,4.000000,4.000000,4.000000,5.000000,5.000000,96.000000,96.000000,96.000000,95.000000,95.000000,5.0,1463.1337,1340.2688,5187.4742,5310.3391,PENDING_AG03,FALSE,NOT_FOR_ENFORCEMENT,6384.5836,256811.4724,6650.6079,6384.5836,266.0243,0.02244119,0.02154355,266.0243,6384.5836,0.02154355,266.0243,266.0243,266.0243,332.5304,332.5304,6384.5836,0.02154355,1463.1337,1340.2688,5187.4742,5310.3391,0.01750413,0.01791872,0.00089765,16.2655,14.6936,0.3653,59.3804,1.1678,2646.0457,162.5536,12.4780,16.8648,9.0895,16.5695,22.0926,29.825,33.4482,44.5976,11.8163,0.0,2.018664,2.691552,0.981654,30,240,141,4,0.10479828,0.02244119,0.04150452,0E-8,0.000000,0.902668,0.011910,-0.02129501,2026-03-22,2026-08-05,112,5695,2177,137,0.817518,0.739886,0.767145,0.349328,,,,,,,,GLOBAL_BASELINE_NO_ENTITY_RANKING,,,NOT_APPLICABLE_GLOBAL_BASELINE,HF9g-P5,,,,X 全窗基线 · 不参与实体赏罚,14195414,1420,A168_HF9F_20260827_0900,2026-08-27 09:00:00
2026-05-06,110249610,1702,0,13.3792688230,-6.6896344115,-6.6896344115,0E-7,2,2,0.49324550000000000,0.493245500000,-0.9865810262130424,-0.9865810262130424,-0.9865810262130424,0E-17,ELIGIBLE,R03b_20260811_FULL_v1,L1_ELIGIBILITY,v2026-08-11,2026-03-21..2026-08-06,baccarat_bet02_101_all_pairs_incl_sentinel,round_win = game_pnl > 0 (decisive only),COMPATIBILITY_ONLY_NOT_PRODUCTION,296357.1217,267511.9505,6650.6079,18220,18206,-0.02244119,-0.04150452,-0.02020951,-0.02244119,-6650.6079,296357.1217,OK,0.0000,266.0243,4.0000,96.0000,AG03-UNRESOLVED,ALL5_LEVELS_bet23_to_bet27,266.0243,266.0243,266.0243,332.5304,332.5304,4.000000,4.000000,4.000000,5.000000,5.000000,96.000000,96.000000,96.000000,95.000000,95.000000,5.0,1463.1337,1340.2688,5187.4742,5310.3391,PENDING_AG03,FALSE,NOT_FOR_ENFORCEMENT,6384.5836,256811.4724,6650.6079,6384.5836,266.0243,0.02244119,0.02154355,266.0243,6384.5836,0.02154355,266.0243,266.0243,266.0243,332.5304,332.5304,6384.5836,0.02154355,1463.1337,1340.2688,5187.4742,5310.3391,0.01750413,0.01791872,0.00089765,16.2655,14.6936,0.3653,59.3804,1.1678,2646.0457,162.5536,12.4780,16.8648,9.0895,16.5695,22.0926,29.825,33.4482,44.5976,11.8163,0.0,2.018664,2.691552,0.981654,30,240,141,4,0.10479828,0.02244119,0.04150452,0E-8,0.000000,0.902668,0.011910,-0.02129501,2026-03-22,2026-08-05,112,5695,2177,137,0.817518,0.739886,0.767145,0.349328,,,,,,,,GLOBAL_BASELINE_NO_ENTITY_RANKING,,,NOT_APPLICABLE_GLOBAL_BASELINE,HF9g-P5,,,,X 全窗基线 · 不参与实体赏罚,14195415,1420,A168_HF9F_20260827_0900,2026-08-27 09:00:00
2026-05-06,110249610,1704,0,52.4021362232,-3.3448172058,-3.3448172058,0.6000000,5,5,0.49592654000000000,0.495926540000,0.46544610904919037,0.46544610904919037,0.46544610904919037,0E-17,ELIGIBLE,R03b_20260811_FULL_v1,L1_ELIGIBILITY,v2026-08-11,2026-03-21..2026-08-06,baccarat_bet02_101_all_pairs_incl_sentinel,round_win = game_pnl > 0 (decisive only),COMPATIBILITY_ONLY_NOT_PRODUCTION,296357.1217,267511.9505,6650.6079,18220,18206,-0.02244119,-0.04150452,-0.02020951,-0.02244119,-6650.6079,296357.1217,OK,0.0000,266.0243,4.0000,96.0000,AG03-UNRESOLVED,ALL5_LEVELS_bet23_to_bet27,266.0243,266.0243,266.0243,332.5304,332.5304,4.000000,4.000000,4.000000,5.000000,5.000000,96.000000,96.000000,96.000000,95.000000,95.000000,5.0,1463.1337,1340.2688,5187.4742,5310.3391,PENDING_AG03,FALSE,NOT_FOR_ENFORCEMENT,6384.5836,256811.4724,6650.6079,6384.5836,266.0243,0.02244119,0.02154355,266.0243,6384.5836,0.02154355,266.0243,266.0243,266.0243,332.5304,332.5304,6384.5836,0.02154355,1463.1337,1340.2688,5187.4742,5310.3391,0.01750413,0.01791872,0.00089765,16.2655,14.6936,0.3653,59.3804,1.1678,2646.0457,162.5536,12.4780,16.8648,9.0895,16.5695,22.0926,29.825,33.4482,44.5976,11.8163,0.0,2.018664,2.691552,0.981654,30,240,141,4,0.10479828,0.02244119,0.04150452,0E-8,0.000000,0.902668,0.011910,-0.02129501,2026-03-22,2026-08-05,112,5695,2177,137,0.817518,0.739886,0.767145,0.349328,,,,,,,,GLOBAL_BASELINE_NO_ENTITY_RANKING,,,NOT_APPLICABLE_GLOBAL_BASELINE,HF9g-P5,,,,X 全窗基线 · 不参与实体赏罚,14195416,1420,A168_HF9F_20260827_0900,2026-08-27 09:00:00
2026-05-06,110249610,1710,0,11.1493906858,-11.1493906858,-11.1493906858,0E-7,1,1,0.49324550000000000,0.493245500000,-0.9865810262130424,-0.9865810262130424,-0.9865810262130424,0E-17,ELIGIBLE,R03b_20260811_FULL_v1,L1_ELIGIBILITY,v2026-08-11,2026-03-21..2026-08-06,baccarat_bet02_101_all_pairs_incl_sentinel,round_win = game_pnl > 0 (decisive only),COMPATIBILITY_ONLY_NOT_PRODUCTION,296357.1217,267511.9505,6650.6079,18220,18206,-0.02244119,-0.04150452,-0.02020951,-0.02244119,-6650.6079,296357.1217,OK,0.0000,266.0243,4.0000,96.0000,AG03-UNRESOLVED,ALL5_LEVELS_bet23_to_bet27,266.0243,266.0243,266.0243,332.5304,332.5304,4.000000,4.000000,4.000000,5.000000,5.000000,96.000000,96.000000,96.000000,95.000000,95.000000,5.0,1463.1337,1340.2688,5187.4742,5310.3391,PENDING_AG03,FALSE,NOT_FOR_ENFORCEMENT,6384.5836,256811.4724,6650.6079,6384.5836,266.0243,0.02244119,0.02154355,266.0243,6384.5836,0.02154355,266.0243,266.0243,266.0243,332.5304,332.5304,6384.5836,0.02154355,1463.1337,1340.2688,5187.4742,5310.3391,0.01750413,0.01791872,0.00089765,16.2655,14.6936,0.3653,59.3804,1.1678,2646.0457,162.5536,12.4780,16.8648,9.0895,16.5695,22.0926,29.825,33.4482,44.5976,11.8163,0.0,2.018664,2.691552,0.981654,30,240,141,4,0.10479828,0.02244119,0.04150452,0E-8,0.000000,0.902668,0.011910,-0.02129501,2026-03-22,2026-08-05,112,5695,2177,137,0.817518,0.739886,0.767145,0.349328,,,,,,,,GLOBAL_BASELINE_NO_ENTITY_RANKING,,,NOT_APPLICABLE_GLOBAL_BASELINE,HF9g-P5,,,,X 全窗基线 · 不参与实体赏罚,14195417,1420,A168_HF9F_20260827_0900,2026-08-27 09:00:00
2026-05-06,110249610,1935,0,4.4597562743,-4.4597562743,-4.4597562743,0E-7,1,1,0.49324550000000000,0.493245500000,-0.9865810262130424,-0.9865810262130424,-0.9865810262130424,0E-17,ELIGIBLE,R03b_20260811_FULL_v1,L1_ELIGIBILITY,v2026-08-11,2026-03-21..2026-08-06,baccarat_bet02_101_all_pairs_incl_sentinel,round_win = game_pnl > 0 (decisive only),COMPATIBILITY_ONLY_NOT_PRODUCTION,296357.1217,267511.9505,6650.6079,18220,18206,-0.02244119,-0.04150452,-0.02020951,-0.02244119,-6650.6079,296357.1217,OK,0.0000,266.0243,4.0000,96.0000,AG03-UNRESOLVED,ALL5_LEVELS_bet23_to_bet27,266.0243,266.0243,266.0243,332.5304,332.5304,4.000000,4.000000,4.000000,5.000000,5.000000,96.000000,96.000000,96.000000,95.000000,95.000000,5.0,1463.1337,1340.2688,5187.4742,5310.3391,PENDING_AG03,FALSE,NOT_FOR_ENFORCEMENT,6384.5836,256811.4724,6650.6079,6384.5836,266.0243,0.02244119,0.02154355,266.0243,6384.5836,0.02154355,266.0243,266.0243,266.0243,332.5304,332.5304,6384.5836,0.02154355,1463.1337,1340.2688,5187.4742,5310.3391,0.01750413,0.01791872,0.00089765,16.2655,14.6936,0.3653,59.3804,1.1678,2646.0457,162.5536,12.4780,16.8648,9.0895,16.5695,22.0926,29.825,33.4482,44.5976,11.8163,0.0,2.018664,2.691552,0.981654,30,240,141,4,0.10479828,0.02244119,0.04150452,0E-8,0.000000,0.902668,0.011910,-0.02129501,2026-03-22,2026-08-05,112,5695,2177,137,0.817518,0.739886,0.767145,0.349328,,,,,,,,GLOBAL_BASELINE_NO_ENTITY_RANKING,,,NOT_APPLICABLE_GLOBAL_BASELINE,HF9g-P5,,,,X 全窗基线 · 不参与实体赏罚,14195418,1420,A168_HF9F_20260827_0900,2026-08-27 09:00:00
2026-05-06,110249610,1942,0,55.7469534290,-39.0228674003,-39.0228674003,0E-7,4,4,0.49659680000000000,0.496596800000,-1.7203016256901094,-1.7203016256901091,-1.7203016256901094,0E-17,ELIGIBLE,R03b_20260811_FULL_v1,L1_ELIGIBILITY,v2026-08-11,2026-03-21..2026-08-06,baccarat_bet02_101_all_pairs_incl_sentinel,round_win = game_pnl > 0 (decisive only),COMPATIBILITY_ONLY_NOT_PRODUCTION,296357.1217,267511.9505,6650.6079,18220,18206,-0.02244119,-0.04150452,-0.02020951,-0.02244119,-6650.6079,296357.1217,OK,0.0000,266.0243,4.0000,96.0000,AG03-UNRESOLVED,ALL5_LEVELS_bet23_to_bet27,266.0243,266.0243,266.0243,332.5304,332.5304,4.000000,4.000000,4.000000,5.000000,5.000000,96.000000,96.000000,96.000000,95.000000,95.000000,5.0,1463.1337,1340.2688,5187.4742,5310.3391,PENDING_AG03,FALSE,NOT_FOR_ENFORCEMENT,6384.5836,256811.4724,6650.6079,6384.5836,266.0243,0.02244119,0.02154355,266.0243,6384.5836,0.02154355,266.0243,266.0243,266.0243,332.5304,332.5304,6384.5836,0.02154355,1463.1337,1340.2688,5187.4742,5310.3391,0.01750413,0.01791872,0.00089765,16.2655,14.6936,0.3653,59.3804,1.1678,2646.0457,162.5536,12.4780,16.8648,9.0895,16.5695,22.0926,29.825,33.4482,44.5976,11.8163,0.0,2.018664,2.691552,0.981654,30,240,141,4,0.10479828,0.02244119,0.04150452,0E-8,0.000000,0.902668,0.011910,-0.02129501,2026-03-22,2026-08-05,112,5695,2177,137,0.817518,0.739886,0.767145,0.349328,,,,,,,,GLOBAL_BASELINE_NO_ENTITY_RANKING,,,NOT_APPLICABLE_GLOBAL_BASELINE,HF9g-P5,,,,X 全窗基线 · 不参与实体赏罚,14195419,1420,A168_HF9F_20260827_0900,2026-08-27 09:00:00
2026-05-06,110249610,1947,0,22.2987813716,-22.2987813716,-22.2987813716,0E-7,2,2,0.49324550000000000,0.493245500000,-1.3952362676504506,-1.3952362676504506,-1.3952362676504506,0E-17,ELIGIBLE,R03b_20260811_FULL_v1,L1_ELIGIBILITY,v2026-08-11,2026-03-21..2026-08-06,baccarat_bet02_101_all_pairs_incl_sentinel,round_win = game_pnl > 0 (decisive only),COMPATIBILITY_ONLY_NOT_PRODUCTION,296357.1217,267511.9505,6650.6079,18220,18206,-0.02244119,-0.04150452,-0.02020951,-0.02244119,-6650.6079,296357.1217,OK,0.0000,266.0243,4.0000,96.0000,AG03-UNRESOLVED,ALL5_LEVELS_bet23_to_bet27,266.0243,266.0243,266.0243,332.5304,332.5304,4.000000,4.000000,4.000000,5.000000,5.000000,96.000000,96.000000,96.000000,95.000000,95.000000,5.0,1463.1337,1340.2688,5187.4742,5310.3391,PENDING_AG03,FALSE,NOT_FOR_ENFORCEMENT,6384.5836,256811.4724,6650.6079,6384.5836,266.0243,0.02244119,0.02154355,266.0243,6384.5836,0.02154355,266.0243,266.0243,266.0243,332.5304,332.5304,6384.5836,0.02154355,1463.1337,1340.2688,5187.4742,5310.3391,0.01750413,0.01791872,0.00089765,16.2655,14.6936,0.3653,59.3804,1.1678,2646.0457,162.5536,12.4780,16.8648,9.0895,16.5695,22.0926,29.825,33.4482,44.5976,11.8163,0.0,2.018664,2.691552,0.981654,30,240,141,4,0.10479828,0.02244119,0.04150452,0E-8,0.000000,0.902668,0.011910,-0.02129501,2026-03-22,2026-08-05,112,5695,2177,137,0.817518,0.739886,0.767145,0.349328,,,,,,,,GLOBAL_BASELINE_NO_ENTITY_RANKING,,,NOT_APPLICABLE_GLOBAL_BASELINE,HF9g-P5,,,,X 全窗基线 · 不参与实体赏罚,14195420,1420,A168_HF9F_20260827_0900,2026-08-27 09:00:00
2026-05-06,110249610,1951,0,169.4707384241,73.6417254798,73.6417254798,0.8000000,6,6,0.50665070000000000,0.506650700000,1.3120140225494112,1.3120140225494112,1.3120140225494112,0E-17,ELIGIBLE,R03b_20260811_FULL_v1,L1_ELIGIBILITY,v2026-08-11,2026-03-21..2026-08-06,baccarat_bet02_101_all_pairs_incl_sentinel,round_win = game_pnl > 0 (decisive only),COMPATIBILITY_ONLY_NOT_PRODUCTION,296357.1217,267511.9505,6650.6079,18220,18206,-0.02244119,-0.04150452,-0.02020951,-0.02244119,-6650.6079,296357.1217,OK,0.0000,266.0243,4.0000,96.0000,AG03-UNRESOLVED,ALL5_LEVELS_bet23_to_bet27,266.0243,266.0243,266.0243,332.5304,332.5304,4.000000,4.000000,4.000000,5.000000,5.000000,96.000000,96.000000,96.000000,95.000000,95.000000,5.0,1463.1337,1340.2688,5187.4742,5310.3391,PENDING_AG03,FALSE,NOT_FOR_ENFORCEMENT,6384.5836,256811.4724,6650.6079,6384.5836,266.0243,0.02244119,0.02154355,266.0243,6384.5836,0.02154355,266.0243,266.0243,266.0243,332.5304,332.5304,6384.5836,0.02154355,1463.1337,1340.2688,5187.4742,5310.3391,0.01750413,0.01791872,0.00089765,16.2655,14.6936,0.3653,59.3804,1.1678,2646.0457,162.5536,12.4780,16.8648,9.0895,16.5695,22.0926,29.825,33.4482,44.5976,11.8163,0.0,2.018664,2.691552,0.981654,30,240,141,4,0.10479828,0.02244119,0.04150452,0E-8,0.000000,0.902668,0.011910,-0.02129501,2026-03-22,2026-08-05,112,5695,2177,137,0.817518,0.739886,0.767145,0.349328,,,,,,,,GLOBAL_BASELINE_NO_ENTITY_RANKING,,,NOT_APPLICABLE_GLOBAL_BASELINE,HF9g-P5,,,,X 全窗基线 · 不参与实体赏罚,14195421,1420,A168_HF9F_20260827_0900,2026-08-27 09:00:00
2026-05-06,110249610,1957,0,21.7413118373,0E-10,0E-10,0.5000000,2,2,0.50665070000000000,0.506650700000,-0.018812684590367487,-0.018812684590367487,-0.018812684590367487,0E-17,ELIGIBLE,R03b_20260811_FULL_v1,L1_ELIGIBILITY,v2026-08-11,2026-03-21..2026-08-06,baccarat_bet02_101_all_pairs_incl_sentinel,round_win = game_pnl > 0 (decisive only),COMPATIBILITY_ONLY_NOT_PRODUCTION,296357.1217,267511.9505,6650.6079,18220,18206,-0.02244119,-0.04150452,-0.02020951,-0.02244119,-6650.6079,296357.1217,OK,0.0000,266.0243,4.0000,96.0000,AG03-UNRESOLVED,ALL5_LEVELS_bet23_to_bet27,266.0243,266.0243,266.0243,332.5304,332.5304,4.000000,4.000000,4.000000,5.000000,5.000000,96.000000,96.000000,96.000000,95.000000,95.000000,5.0,1463.1337,1340.2688,5187.4742,5310.3391,PENDING_AG03,FALSE,NOT_FOR_ENFORCEMENT,6384.5836,256811.4724,6650.6079,6384.5836,266.0243,0.02244119,0.02154355,266.0243,6384.5836,0.02154355,266.0243,266.0243,266.0243,332.5304,332.5304,6384.5836,0.02154355,1463.1337,1340.2688,5187.4742,5310.3391,0.01750413,0.01791872,0.00089765,16.2655,14.6936,0.3653,59.3804,1.1678,2646.0457,162.5536,12.4780,16.8648,9.0895,16.5695,22.0926,29.825,33.4482,44.5976,11.8163,0.0,2.018664,2.691552,0.981654,30,240,141,4,0.10479828,0.02244119,0.04150452,0E-8,0.000000,0.902668,0.011910,-0.02129501,2026-03-22,2026-08-05,112,5695,2177,137,0.817518,0.739886,0.767145,0.349328,,,,,,,,GLOBAL_BASELINE_NO_ENTITY_RANKING,,,NOT_APPLICABLE_GLOBAL_BASELINE,HF9g-P5,,,,X 全窗基线 · 不参与实体赏罚,14195422,1420,A168_HF9F_20260827_0900,2026-08-27 09:00:00
2026-05-06,110249610,1963,0,185.0798853843,-40.9740107703,-40.9740107703,0.3333333,12,12,0.49771390000000000,0.497713900000,-0.9862937092952077,-0.9862937092952077,-0.9862937092952077,0E-17,ELIGIBLE,R03b_20260811_FULL_v1,L1_ELIGIBILITY,v2026-08-11,2026-03-21..2026-08-06,baccarat_bet02_101_all_pairs_incl_sentinel,round_win = game_pnl > 0 (decisive only),COMPATIBILITY_ONLY_NOT_PRODUCTION,296357.1217,267511.9505,6650.6079,18220,18206,-0.02244119,-0.04150452,-0.02020951,-0.02244119,-6650.6079,296357.1217,OK,0.0000,266.0243,4.0000,96.0000,AG03-UNRESOLVED,ALL5_LEVELS_bet23_to_bet27,266.0243,266.0243,266.0243,332.5304,332.5304,4.000000,4.000000,4.000000,5.000000,5.000000,96.000000,96.000000,96.000000,95.000000,95.000000,5.0,1463.1337,1340.2688,5187.4742,5310.3391,PENDING_AG03,FALSE,NOT_FOR_ENFORCEMENT,6384.5836,256811.4724,6650.6079,6384.5836,266.0243,0.02244119,0.02154355,266.0243,6384.5836,0.02154355,266.0243,266.0243,266.0243,332.5304,332.5304,6384.5836,0.02154355,1463.1337,1340.2688,5187.4742,5310.3391,0.01750413,0.01791872,0.00089765,16.2655,14.6936,0.3653,59.3804,1.1678,2646.0457,162.5536,12.4780,16.8648,9.0895,16.5695,22.0926,29.825,33.4482,44.5976,11.8163,0.0,2.018664,2.691552,0.981654,30,240,141,4,0.10479828,0.02244119,0.04150452,0E-8,0.000000,0.902668,0.011910,-0.02129501,2026-03-22,2026-08-05,112,5695,2177,137,0.817518,0.739886,0.767145,0.349328,,,,,,,,GLOBAL_BASELINE_NO_ENTITY_RANKING,,,NOT_APPLICABLE_GLOBAL_BASELINE,HF9g-P5,,,,X 全窗基线 · 不参与实体赏罚,14195423,1420,A168_HF9F_20260827_0900,2026-08-27 09:00:00
2026-05-06,110249610,1985,0,16.7240860287,-16.7240860287,-16.7240860287,0E-7,1,1,0.49324550000000000,0.493245500000,-0.9865810262130424,-0.9865810262130424,-0.9865810262130424,0E-17,ELIGIBLE,R03b_20260811_FULL_v1,L1_ELIGIBILITY,v2026-08-11,2026-03-21..2026-08-06,baccarat_bet02_101_all_pairs_incl_sentinel,round_win = game_pnl > 0 (decisive only),COMPATIBILITY_ONLY_NOT_PRODUCTION,296357.1217,267511.9505,6650.6079,18220,18206,-0.02244119,-0.04150452,-0.02020951,-0.02244119,-6650.6079,296357.1217,OK,0.0000,266.0243,4.0000,96.0000,AG03-UNRESOLVED,ALL5_LEVELS_bet23_to_bet27,266.0243,266.0243,266.0243,332.5304,332.5304,4.000000,4.000000,4.000000,5.000000,5.000000,96.000000,96.000000,96.000000,95.000000,95.000000,5.0,1463.1337,1340.2688,5187.4742,5310.3391,PENDING_AG03,FALSE,NOT_FOR_ENFORCEMENT,6384.5836,256811.4724,6650.6079,6384.5836,266.0243,0.02244119,0.02154355,266.0243,6384.5836,0.02154355,266.0243,266.0243,266.0243,332.5304,332.5304,6384.5836,0.02154355,1463.1337,1340.2688,5187.4742,5310.3391,0.01750413,0.01791872,0.00089765,16.2655,14.6936,0.3653,59.3804,1.1678,2646.0457,162.5536,12.4780,16.8648,9.0895,16.5695,22.0926,29.825,33.4482,44.5976,11.8163,0.0,2.018664,2.691552,0.981654,30,240,141,4,0.10479828,0.02244119,0.04150452,0E-8,0.000000,0.902668,0.011910,-0.02129501,2026-03-22,2026-08-05,112,5695,2177,137,0.817518,0.739886,0.767145,0.349328,,,,,,,,GLOBAL_BASELINE_NO_ENTITY_RANKING,,,NOT_APPLICABLE_GLOBAL_BASELINE,HF9g-P5,,,,X 全窗基线 · 不参与实体赏罚,14195424,1420,A168_HF9F_20260827_0900,2026-08-27 09:00:00
2026-05-06,110249610,1990,0,79.1606738692,-11.1493906858,-11.1493906858,0.5000000,4,4,0.49324550000000000,0.493245500000,0.01910635448239258,0.01910635448239258,0.01910635448239258,0E-17,ELIGIBLE,R03b_20260811_FULL_v1,L1_ELIGIBILITY,v2026-08-11,2026-03-21..2026-08-06,baccarat_bet02_101_all_pairs_incl_sentinel,round_win = game_pnl > 0 (decisive only),COMPATIBILITY_ONLY_NOT_PRODUCTION,296357.1217,267511.9505,6650.6079,18220,18206,-0.02244119,-0.04150452,-0.02020951,-0.02244119,-6650.6079,296357.1217,OK,0.0000,266.0243,4.0000,96.0000,AG03-UNRESOLVED,ALL5_LEVELS_bet23_to_bet27,266.0243,266.0243,266.0243,332.5304,332.5304,4.000000,4.000000,4.000000,5.000000,5.000000,96.000000,96.000000,96.000000,95.000000,95.000000,5.0,1463.1337,1340.2688,5187.4742,5310.3391,PENDING_AG03,FALSE,NOT_FOR_ENFORCEMENT,6384.5836,256811.4724,6650.6079,6384.5836,266.0243,0.02244119,0.02154355,266.0243,6384.5836,0.02154355,266.0243,266.0243,266.0243,332.5304,332.5304,6384.5836,0.02154355,1463.1337,1340.2688,5187.4742,5310.3391,0.01750413,0.01791872,0.00089765,16.2655,14.6936,0.3653,59.3804,1.1678,2646.0457,162.5536,12.4780,16.8648,9.0895,16.5695,22.0926,29.825,33.4482,44.5976,11.8163,0.0,2.018664,2.691552,0.981654,30,240,141,4,0.10479828,0.02244119,0.04150452,0E-8,0.000000,0.902668,0.011910,-0.02129501,2026-03-22,2026-08-05,112,5695,2177,137,0.817518,0.739886,0.767145,0.349328,,,,,,,,GLOBAL_BASELINE_NO_ENTITY_RANKING,,,NOT_APPLICABLE_GLOBAL_BASELINE,HF9g-P5,,,,X 全窗基线 · 不参与实体赏罚,14195425,1420,A168_HF9F_20260827_0900,2026-08-27 09:00:00
2026-05-06,110249610,1994,0,78.0457348006,-11.1493906858,-11.1493906858,0.5000000,4,4,0.49659680000000000,0.496596800000,0.009625926164049043,0.009625926164049045,0.009625926164049043,0E-17,ELIGIBLE,R03b_20260811_FULL_v1,L1_ELIGIBILITY,v2026-08-11,2026-03-21..2026-08-06,baccarat_bet02_101_all_pairs_incl_sentinel,round_win = game_pnl > 0 (decisive only),COMPATIBILITY_ONLY_NOT_PRODUCTION,296357.1217,267511.9505,6650.6079,18220,18206,-0.02244119,-0.04150452,-0.02020951,-0.02244119,-6650.6079,296357.1217,OK,0.0000,266.0243,4.0000,96.0000,AG03-UNRESOLVED,ALL5_LEVELS_bet23_to_bet27,266.0243,266.0243,266.0243,332.5304,332.5304,4.000000,4.000000,4.000000,5.000000,5.000000,96.000000,96.000000,96.000000,95.000000,95.000000,5.0,1463.1337,1340.2688,5187.4742,5310.3391,PENDING_AG03,FALSE,NOT_FOR_ENFORCEMENT,6384.5836,256811.4724,6650.6079,6384.5836,266.0243,0.02244119,0.02154355,266.0243,6384.5836,0.02154355,266.0243,266.0243,266.0243,332.5304,332.5304,6384.5836,0.02154355,1463.1337,1340.2688,5187.4742,5310.3391,0.01750413,0.01791872,0.00089765,16.2655,14.6936,0.3653,59.3804,1.1678,2646.0457,162.5536,12.4780,16.8648,9.0895,16.5695,22.0926,29.825,33.4482,44.5976,11.8163,0.0,2.018664,2.691552,0.981654,30,240,141,4,0.10479828,0.02244119,0.04150452,0E-8,0.000000,0.902668,0.011910,-0.02129501,2026-03-22,2026-08-05,112,5695,2177,137,0.817518,0.739886,0.767145,0.349328,,,,,,,,GLOBAL_BASELINE_NO_ENTITY_RANKING,,,NOT_APPLICABLE_GLOBAL_BASELINE,HF9g-P5,,,,X 全窗基线 · 不参与实体赏罚,14195426,1420,A168_HF9F_20260827_0900,2026-08-27 09:00:00
2026-05-06,110249610,2069,0,104.6927785396,39.8869451784,39.8869451784,0.8000000,5,5,0.50665070000000000,0.506650700000,1.3120140225494112,1.3120140225494112,1.3120140225494112,0E-17,ELIGIBLE,R03b_20260811_FULL_v1,L1_ELIGIBILITY,v2026-08-11,2026-03-21..2026-08-06,baccarat_bet02_101_all_pairs_incl_sentinel,round_win = game_pnl > 0 (decisive only),COMPATIBILITY_ONLY_NOT_PRODUCTION,296357.1217,267511.9505,6650.6079,18220,18206,-0.02244119,-0.04150452,-0.02020951,-0.02244119,-6650.6079,296357.1217,OK,0.0000,266.0243,4.0000,96.0000,AG03-UNRESOLVED,ALL5_LEVELS_bet23_to_bet27,266.0243,266.0243,266.0243,332.5304,332.5304,4.000000,4.000000,4.000000,5.000000,5.000000,96.000000,96.000000,96.000000,95.000000,95.000000,5.0,1463.1337,1340.2688,5187.4742,5310.3391,PENDING_AG03,FALSE,NOT_FOR_ENFORCEMENT,6384.5836,256811.4724,6650.6079,6384.5836,266.0243,0.02244119,0.02154355,266.0243,6384.5836,0.02154355,266.0243,266.0243,266.0243,332.5304,332.5304,6384.5836,0.02154355,1463.1337,1340.2688,5187.4742,5310.3391,0.01750413,0.01791872,0.00089765,16.2655,14.6936,0.3653,59.3804,1.1678,2646.0457,162.5536,12.4780,16.8648,9.0895,16.5695,22.0926,29.825,33.4482,44.5976,11.8163,0.0,2.018664,2.691552,0.981654,30,240,141,4,0.10479828,0.02244119,0.04150452,0E-8,0.000000,0.902668,0.011910,-0.02129501,2026-03-22,2026-08-05,112,5695,2177,137,0.817518,0.739886,0.767145,0.349328,,,,,,,,GLOBAL_BASELINE_NO_ENTITY_RANKING,,,NOT_APPLICABLE_GLOBAL_BASELINE,HF9g-P5,,,,X 全窗基线 · 不参与实体赏罚,14195427,1420,A168_HF9F_20260827_0900,2026-08-27 09:00:00
2026-05-06,110249610,2093,0,2.4528659509,-2.4528659509,-2.4528659509,0E-7,1,1,0.50665070000000000,0.506650700000,-1.013391052207602,-1.013391052207602,-1.013391052207602,0E-17,ELIGIBLE,R03b_20260811_FULL_v1,L1_ELIGIBILITY,v2026-08-11,2026-03-21..2026-08-06,baccarat_bet02_101_all_pairs_incl_sentinel,round_win = game_pnl > 0 (decisive only),COMPATIBILITY_ONLY_NOT_PRODUCTION,296357.1217,267511.9505,6650.6079,18220,18206,-0.02244119,-0.04150452,-0.02020951,-0.02244119,-6650.6079,296357.1217,OK,0.0000,266.0243,4.0000,96.0000,AG03-UNRESOLVED,ALL5_LEVELS_bet23_to_bet27,266.0243,266.0243,266.0243,332.5304,332.5304,4.000000,4.000000,4.000000,5.000000,5.000000,96.000000,96.000000,96.000000,95.000000,95.000000,5.0,1463.1337,1340.2688,5187.4742,5310.3391,PENDING_AG03,FALSE,NOT_FOR_ENFORCEMENT,6384.5836,256811.4724,6650.6079,6384.5836,266.0243,0.02244119,0.02154355,266.0243,6384.5836,0.02154355,266.0243,266.0243,266.0243,332.5304,332.5304,6384.5836,0.02154355,1463.1337,1340.2688,5187.4742,5310.3391,0.01750413,0.01791872,0.00089765,16.2655,14.6936,0.3653,59.3804,1.1678,2646.0457,162.5536,12.4780,16.8648,9.0895,16.5695,22.0926,29.825,33.4482,44.5976,11.8163,0.0,2.018664,2.691552,0.981654,30,240,141,4,0.10479828,0.02244119,0.04150452,0E-8,0.000000,0.902668,0.011910,-0.02129501,2026-03-22,2026-08-05,112,5695,2177,137,0.817518,0.739886,0.767145,0.349328,,,,,,,,GLOBAL_BASELINE_NO_ENTITY_RANKING,,,NOT_APPLICABLE_GLOBAL_BASELINE,HF9g-P5,,,,X 全窗基线 · 不参与实体赏罚,14195428,1420,A168_HF9F_20260827_0900,2026-08-27 09:00:00
2026-05-06,110249610,2103,0,122.6432975438,-33.7269068245,-33.7269068245,0.3333333,11,11,0.50055742727272727,0.500557427273,-1.0033451871657537,-1.0033451871673909,-1.0033451871657537,-2.7273E-13,ELIGIBLE,R03b_20260811_FULL_v1,L1_ELIGIBILITY,v2026-08-11,2026-03-21..2026-08-06,baccarat_bet02_101_all_pairs_incl_sentinel,round_win = game_pnl > 0 (decisive only),COMPATIBILITY_ONLY_NOT_PRODUCTION,296357.1217,267511.9505,6650.6079,18220,18206,-0.02244119,-0.04150452,-0.02020951,-0.02244119,-6650.6079,296357.1217,OK,0.0000,266.0243,4.0000,96.0000,AG03-UNRESOLVED,ALL5_LEVELS_bet23_to_bet27,266.0243,266.0243,266.0243,332.5304,332.5304,4.000000,4.000000,4.000000,5.000000,5.000000,96.000000,96.000000,96.000000,95.000000,95.000000,5.0,1463.1337,1340.2688,5187.4742,5310.3391,PENDING_AG03,FALSE,NOT_FOR_ENFORCEMENT,6384.5836,256811.4724,6650.6079,6384.5836,266.0243,0.02244119,0.02154355,266.0243,6384.5836,0.02154355,266.0243,266.0243,266.0243,332.5304,332.5304,6384.5836,0.02154355,1463.1337,1340.2688,5187.4742,5310.3391,0.01750413,0.01791872,0.00089765,16.2655,14.6936,0.3653,59.3804,1.1678,2646.0457,162.5536,12.4780,16.8648,9.0895,16.5695,22.0926,29.825,33.4482,44.5976,11.8163,0.0,2.018664,2.691552,0.981654,30,240,141,4,0.10479828,0.02244119,0.04150452,0E-8,0.000000,0.902668,0.011910,-0.02129501,2026-03-22,2026-08-05,112,5695,2177,137,0.817518,0.739886,0.767145,0.349328,,,,,,,,GLOBAL_BASELINE_NO_ENTITY_RANKING,,,NOT_APPLICABLE_GLOBAL_BASELINE,HF9g-P5,,,,X 全窗基线 · 不参与实体赏罚,14195429,1420,A168_HF9F_20260827_0900,2026-08-27 09:00:00
2026-05-06,110249610,2106,0,69.2377161588,-13.4907627298,-13.4907627298,0.4000000,5,5,0.49324550000000000,0.493245500000,-0.4170446088060018,-0.4170446088060018,-0.4170446088060018,0E-17,ELIGIBLE,R03b_20260811_FULL_v1,L1_ELIGIBILITY,v2026-08-11,2026-03-21..2026-08-06,baccarat_bet02_101_all_pairs_incl_sentinel,round_win = game_pnl > 0 (decisive only),COMPATIBILITY_ONLY_NOT_PRODUCTION,296357.1217,267511.9505,6650.6079,18220,18206,-0.02244119,-0.04150452,-0.02020951,-0.02244119,-6650.6079,296357.1217,OK,0.0000,266.0243,4.0000,96.0000,AG03-UNRESOLVED,ALL5_LEVELS_bet23_to_bet27,266.0243,266.0243,266.0243,332.5304,332.5304,4.000000,4.000000,4.000000,5.000000,5.000000,96.000000,96.000000,96.000000,95.000000,95.000000,5.0,1463.1337,1340.2688,5187.4742,5310.3391,PENDING_AG03,FALSE,NOT_FOR_ENFORCEMENT,6384.5836,256811.4724,6650.6079,6384.5836,266.0243,0.02244119,0.02154355,266.0243,6384.5836,0.02154355,266.0243,266.0243,266.0243,332.5304,332.5304,6384.5836,0.02154355,1463.1337,1340.2688,5187.4742,5310.3391,0.01750413,0.01791872,0.00089765,16.2655,14.6936,0.3653,59.3804,1.1678,2646.0457,162.5536,12.4780,16.8648,9.0895,16.5695,22.0926,29.825,33.4482,44.5976,11.8163,0.0,2.018664,2.691552,0.981654,30,240,141,4,0.10479828,0.02244119,0.04150452,0E-8,0.000000,0.902668,0.011910,-0.02129501,2026-03-22,2026-08-05,112,5695,2177,137,0.817518,0.739886,0.767145,0.349328,,,,,,,,GLOBAL_BASELINE_NO_ENTITY_RANKING,,,NOT_APPLICABLE_GLOBAL_BASELINE,HF9g-P5,,,,X 全窗基线 · 不参与实体赏罚,14195430,1420,A168_HF9F_20260827_0900,2026-08-27 09:00:00
2026-05-06,110249610,2108,0,64.1089964433,-26.6470437390,-26.6470437390,0.3750000,8,8,0.49827245000000000,0.498272450000,-0.6973384449544185,-0.6973384449544185,-0.6973384449544185,0E-17,ELIGIBLE,R03b_20260811_FULL_v1,L1_ELIGIBILITY,v2026-08-11,2026-03-21..2026-08-06,baccarat_bet02_101_all_pairs_incl_sentinel,round_win = game_pnl > 0 (decisive only),COMPATIBILITY_ONLY_NOT_PRODUCTION,296357.1217,267511.9505,6650.6079,18220,18206,-0.02244119,-0.04150452,-0.02020951,-0.02244119,-6650.6079,296357.1217,OK,0.0000,266.0243,4.0000,96.0000,AG03-UNRESOLVED,ALL5_LEVELS_bet23_to_bet27,266.0243,266.0243,266.0243,332.5304,332.5304,4.000000,4.000000,4.000000,5.000000,5.000000,96.000000,96.000000,96.000000,95.000000,95.000000,5.0,1463.1337,1340.2688,5187.4742,5310.3391,PENDING_AG03,FALSE,NOT_FOR_ENFORCEMENT,6384.5836,256811.4724,6650.6079,6384.5836,266.0243,0.02244119,0.02154355,266.0243,6384.5836,0.02154355,266.0243,266.0243,266.0243,332.5304,332.5304,6384.5836,0.02154355,1463.1337,1340.2688,5187.4742,5310.3391,0.01750413,0.01791872,0.00089765,16.2655,14.6936,0.3653,59.3804,1.1678,2646.0457,162.5536,12.4780,16.8648,9.0895,16.5695,22.0926,29.825,33.4482,44.5976,11.8163,0.0,2.018664,2.691552,0.981654,30,240,141,4,0.10479828,0.02244119,0.04150452,0E-8,0.000000,0.902668,0.011910,-0.02129501,2026-03-22,2026-08-05,112,5695,2177,137,0.817518,0.739886,0.767145,0.349328,,,,,,,,GLOBAL_BASELINE_NO_ENTITY_RANKING,,,NOT_APPLICABLE_GLOBAL_BASELINE,HF9g-P5,,,,X 全窗基线 · 不参与实体赏罚,14195431,1420,A168_HF9F_20260827_0900,2026-08-27 09:00:00
2026-05-06,110249610,2117,0,5.5746953429,-5.5746953429,-5.5746953429,0E-7,1,1,0.50665070000000000,0.506650700000,-1.013391052207602,-1.013391052207602,-1.013391052207602,0E-17,ELIGIBLE,R03b_20260811_FULL_v1,L1_ELIGIBILITY,v2026-08-11,2026-03-21..2026-08-06,baccarat_bet02_101_all_pairs_incl_sentinel,round_win = game_pnl > 0 (decisive only),COMPATIBILITY_ONLY_NOT_PRODUCTION,296357.1217,267511.9505,6650.6079,18220,18206,-0.02244119,-0.04150452,-0.02020951,-0.02244119,-6650.6079,296357.1217,OK,0.0000,266.0243,4.0000,96.0000,AG03-UNRESOLVED,ALL5_LEVELS_bet23_to_bet27,266.0243,266.0243,266.0243,332.5304,332.5304,4.000000,4.000000,4.000000,5.000000,5.000000,96.000000,96.000000,96.000000,95.000000,95.000000,5.0,1463.1337,1340.2688,5187.4742,5310.3391,PENDING_AG03,FALSE,NOT_FOR_ENFORCEMENT,6384.5836,256811.4724,6650.6079,6384.5836,266.0243,0.02244119,0.02154355,266.0243,6384.5836,0.02154355,266.0243,266.0243,266.0243,332.5304,332.5304,6384.5836,0.02154355,1463.1337,1340.2688,5187.4742,5310.3391,0.01750413,0.01791872,0.00089765,16.2655,14.6936,0.3653,59.3804,1.1678,2646.0457,162.5536,12.4780,16.8648,9.0895,16.5695,22.0926,29.825,33.4482,44.5976,11.8163,0.0,2.018664,2.691552,0.981654,30,240,141,4,0.10479828,0.02244119,0.04150452,0E-8,0.000000,0.902668,0.011910,-0.02129501,2026-03-22,2026-08-05,112,5695,2177,137,0.817518,0.739886,0.767145,0.349328,,,,,,,,GLOBAL_BASELINE_NO_ENTITY_RANKING,,,NOT_APPLICABLE_GLOBAL_BASELINE,HF9g-P5,,,,X 全窗基线 · 不参与实体赏罚,14195432,1420,A168_HF9F_20260827_0900,2026-08-27 09:00:00
2026-05-06,110249610,2127,0,22.2987813716,-22.2987813716,-22.2987813716,0E-7,1,1,0.50665070000000000,0.506650700000,-1.013391052207602,-1.013391052207602,-1.013391052207602,0E-17,ELIGIBLE,R03b_20260811_FULL_v1,L1_ELIGIBILITY,v2026-08-11,2026-03-21..2026-08-06,baccarat_bet02_101_all_pairs_incl_sentinel,round_win = game_pnl > 0 (decisive only),COMPATIBILITY_ONLY_NOT_PRODUCTION,296357.1217,267511.9505,6650.6079,18220,18206,-0.02244119,-0.04150452,-0.02020951,-0.02244119,-6650.6079,296357.1217,OK,0.0000,266.0243,4.0000,96.0000,AG03-UNRESOLVED,ALL5_LEVELS_bet23_to_bet27,266.0243,266.0243,266.0243,332.5304,332.5304,4.000000,4.000000,4.000000,5.000000,5.000000,96.000000,96.000000,96.000000,95.000000,95.000000,5.0,1463.1337,1340.2688,5187.4742,5310.3391,PENDING_AG03,FALSE,NOT_FOR_ENFORCEMENT,6384.5836,256811.4724,6650.6079,6384.5836,266.0243,0.02244119,0.02154355,266.0243,6384.5836,0.02154355,266.0243,266.0243,266.0243,332.5304,332.5304,6384.5836,0.02154355,1463.1337,1340.2688,5187.4742,5310.3391,0.01750413,0.01791872,0.00089765,16.2655,14.6936,0.3653,59.3804,1.1678,2646.0457,162.5536,12.4780,16.8648,9.0895,16.5695,22.0926,29.825,33.4482,44.5976,11.8163,0.0,2.018664,2.691552,0.981654,30,240,141,4,0.10479828,0.02244119,0.04150452,0E-8,0.000000,0.902668,0.011910,-0.02129501,2026-03-22,2026-08-05,112,5695,2177,137,0.817518,0.739886,0.767145,0.349328,,,,,,,,GLOBAL_BASELINE_NO_ENTITY_RANKING,,,NOT_APPLICABLE_GLOBAL_BASELINE,HF9g-P5,,,,X 全窗基线 · 不参与实体赏罚,14195433,1420,A168_HF9F_20260827_0900,2026-08-27 09:00:00
2026-05-06,110249610,2129,0,109.4870165346,-22.2430344180,-22.2430344180,0.5555556,9,9,0.50069283333333333,0.500692833333,0.32917664935493707,0.32917664935693675,0.32917664935493707,3.3333E-13,ELIGIBLE,R03b_20260811_FULL_v1,L1_ELIGIBILITY,v2026-08-11,2026-03-21..2026-08-06,baccarat_bet02_101_all_pairs_incl_sentinel,round_win = game_pnl > 0 (decisive only),COMPATIBILITY_ONLY_NOT_PRODUCTION,296357.1217,267511.9505,6650.6079,18220,18206,-0.02244119,-0.04150452,-0.02020951,-0.02244119,-6650.6079,296357.1217,OK,0.0000,266.0243,4.0000,96.0000,AG03-UNRESOLVED,ALL5_LEVELS_bet23_to_bet27,266.0243,266.0243,266.0243,332.5304,332.5304,4.000000,4.000000,4.000000,5.000000,5.000000,96.000000,96.000000,96.000000,95.000000,95.000000,5.0,1463.1337,1340.2688,5187.4742,5310.3391,PENDING_AG03,FALSE,NOT_FOR_ENFORCEMENT,6384.5836,256811.4724,6650.6079,6384.5836,266.0243,0.02244119,0.02154355,266.0243,6384.5836,0.02154355,266.0243,266.0243,266.0243,332.5304,332.5304,6384.5836,0.02154355,1463.1337,1340.2688,5187.4742,5310.3391,0.01750413,0.01791872,0.00089765,16.2655,14.6936,0.3653,59.3804,1.1678,2646.0457,162.5536,12.4780,16.8648,9.0895,16.5695,22.0926,29.825,33.4482,44.5976,11.8163,0.0,2.018664,2.691552,0.981654,30,240,141,4,0.10479828,0.02244119,0.04150452,0E-8,0.000000,0.902668,0.011910,-0.02129501,2026-03-22,2026-08-05,112,5695,2177,137,0.817518,0.739886,0.767145,0.349328,,,,,,,,GLOBAL_BASELINE_NO_ENTITY_RANKING,,,NOT_APPLICABLE_GLOBAL_BASELINE,HF9g-P5,,,,X 全窗基线 · 不参与实体赏罚,14195434,1420,A168_HF9F_20260827_0900,2026-08-27 09:00:00
2026-05-06,110249610,2134,0,112.4973520200,14.9401835192,14.9401835192,0.6875000,18,18,0.49622443333333333,0.496224433333,1.530248161035457,1.530248161038131,1.530248161035457,3.3333E-13,ELIGIBLE,R03b_20260811_FULL_v1,L1_ELIGIBILITY,v2026-08-11,2026-03-21..2026-08-06,baccarat_bet02_101_all_pairs_incl_sentinel,round_win = game_pnl > 0 (decisive only),COMPATIBILITY_ONLY_NOT_PRODUCTION,296357.1217,267511.9505,6650.6079,18220,18206,-0.02244119,-0.04150452,-0.02020951,-0.02244119,-6650.6079,296357.1217,OK,0.0000,266.0243,4.0000,96.0000,AG03-UNRESOLVED,ALL5_LEVELS_bet23_to_bet27,266.0243,266.0243,266.0243,332.5304,332.5304,4.000000,4.000000,4.000000,5.000000,5.000000,96.000000,96.000000,96.000000,95.000000,95.000000,5.0,1463.1337,1340.2688,5187.4742,5310.3391,PENDING_AG03,FALSE,NOT_FOR_ENFORCEMENT,6384.5836,256811.4724,6650.6079,6384.5836,266.0243,0.02244119,0.02154355,266.0243,6384.5836,0.02154355,266.0243,266.0243,266.0243,332.5304,332.5304,6384.5836,0.02154355,1463.1337,1340.2688,5187.4742,5310.3391,0.01750413,0.01791872,0.00089765,16.2655,14.6936,0.3653,59.3804,1.1678,2646.0457,162.5536,12.4780,16.8648,9.0895,16.5695,22.0926,29.825,33.4482,44.5976,11.8163,0.0,2.018664,2.691552,0.981654,30,240,141,4,0.10479828,0.02244119,0.04150452,0E-8,0.000000,0.902668,0.011910,-0.02129501,2026-03-22,2026-08-05,112,5695,2177,137,0.817518,0.739886,0.767145,0.349328,,,,,,,,GLOBAL_BASELINE_NO_ENTITY_RANKING,,,NOT_APPLICABLE_GLOBAL_BASELINE,HF9g-P5,,,,X 全窗基线 · 不参与实体赏罚,14195435,1420,A168_HF9F_20260827_0900,2026-08-27 09:00:00
2026-05-06,110249610,2141,0,55.5239656154,-4.6827440880,-4.6827440880,0.5000000,4,4,0.49324550000000000,0.493245500000,0.027020465636507562,0.027020465636507562,0.027020465636507562,0E-17,ELIGIBLE,R03b_20260811_FULL_v1,L1_ELIGIBILITY,v2026-08-11,2026-03-21..2026-08-06,baccarat_bet02_101_all_pairs_incl_sentinel,round_win = game_pnl > 0 (decisive only),COMPATIBILITY_ONLY_NOT_PRODUCTION,296357.1217,267511.9505,6650.6079,18220,18206,-0.02244119,-0.04150452,-0.02020951,-0.02244119,-6650.6079,296357.1217,OK,0.0000,266.0243,4.0000,96.0000,AG03-UNRESOLVED,ALL5_LEVELS_bet23_to_bet27,266.0243,266.0243,266.0243,332.5304,332.5304,4.000000,4.000000,4.000000,5.000000,5.000000,96.000000,96.000000,96.000000,95.000000,95.000000,5.0,1463.1337,1340.2688,5187.4742,5310.3391,PENDING_AG03,FALSE,NOT_FOR_ENFORCEMENT,6384.5836,256811.4724,6650.6079,6384.5836,266.0243,0.02244119,0.02154355,266.0243,6384.5836,0.02154355,266.0243,266.0243,266.0243,332.5304,332.5304,6384.5836,0.02154355,1463.1337,1340.2688,5187.4742,5310.3391,0.01750413,0.01791872,0.00089765,16.2655,14.6936,0.3653,59.3804,1.1678,2646.0457,162.5536,12.4780,16.8648,9.0895,16.5695,22.0926,29.825,33.4482,44.5976,11.8163,0.0,2.018664,2.691552,0.981654,30,240,141,4,0.10479828,0.02244119,0.04150452,0E-8,0.000000,0.902668,0.011910,-0.02129501,2026-03-22,2026-08-05,112,5695,2177,137,0.817518,0.739886,0.767145,0.349328,,,,,,,,GLOBAL_BASELINE_NO_ENTITY_RANKING,,,NOT_APPLICABLE_GLOBAL_BASELINE,HF9g-P5,,,,X 全窗基线 · 不参与实体赏罚,14195436,1420,A168_HF9F_20260827_0900,2026-08-27 09:00:00
2026-05-06,110249610,2142,0,708.5437780825,195.1422104786,195.1422104786,0.6969697,35,35,0.50435266571428571,0.504352665714,2.213085064148733,2.213085064152004,2.213085064148733,2.8571E-13,ELIGIBLE,R03b_20260811_FULL_v1,L1_ELIGIBILITY,v2026-08-11,2026-03-21..2026-08-06,baccarat_bet02_101_all_pairs_incl_sentinel,round_win = game_pnl > 0 (decisive only),COMPATIBILITY_ONLY_NOT_PRODUCTION,296357.1217,267511.9505,6650.6079,18220,18206,-0.02244119,-0.04150452,-0.02020951,-0.02244119,-6650.6079,296357.1217,OK,0.0000,266.0243,4.0000,96.0000,AG03-UNRESOLVED,ALL5_LEVELS_bet23_to_bet27,266.0243,266.0243,266.0243,332.5304,332.5304,4.000000,4.000000,4.000000,5.000000,5.000000,96.000000,96.000000,96.000000,95.000000,95.000000,5.0,1463.1337,1340.2688,5187.4742,5310.3391,PENDING_AG03,FALSE,NOT_FOR_ENFORCEMENT,6384.5836,256811.4724,6650.6079,6384.5836,266.0243,0.02244119,0.02154355,266.0243,6384.5836,0.02154355,266.0243,266.0243,266.0243,332.5304,332.5304,6384.5836,0.02154355,1463.1337,1340.2688,5187.4742,5310.3391,0.01750413,0.01791872,0.00089765,16.2655,14.6936,0.3653,59.3804,1.1678,2646.0457,162.5536,12.4780,16.8648,9.0895,16.5695,22.0926,29.825,33.4482,44.5976,11.8163,0.0,2.018664,2.691552,0.981654,30,240,141,4,0.10479828,0.02244119,0.04150452,0E-8,0.000000,0.902668,0.011910,-0.02129501,2026-03-22,2026-08-05,112,5695,2177,137,0.817518,0.739886,0.767145,0.349328,,,,,,,,GLOBAL_BASELINE_NO_ENTITY_RANKING,,,NOT_APPLICABLE_GLOBAL_BASELINE,HF9g-P5,,,,X 全窗基线 · 不参与实体赏罚,14195437,1420,A168_HF9F_20260827_0900,2026-08-27 09:00:00
2026-05-06,110249610,2147,0,41.2527455374,1.1149390686,1.1149390686,0.5000000,2,2,0.49324550000000000,0.493245500000,0.01910635448239258,0.01910635448239258,0.01910635448239258,0E-17,ELIGIBLE,R03b_20260811_FULL_v1,L1_ELIGIBILITY,v2026-08-11,2026-03-21..2026-08-06,baccarat_bet02_101_all_pairs_incl_sentinel,round_win = game_pnl > 0 (decisive only),COMPATIBILITY_ONLY_NOT_PRODUCTION,296357.1217,267511.9505,6650.6079,18220,18206,-0.02244119,-0.04150452,-0.02020951,-0.02244119,-6650.6079,296357.1217,OK,0.0000,266.0243,4.0000,96.0000,AG03-UNRESOLVED,ALL5_LEVELS_bet23_to_bet27,266.0243,266.0243,266.0243,332.5304,332.5304,4.000000,4.000000,4.000000,5.000000,5.000000,96.000000,96.000000,96.000000,95.000000,95.000000,5.0,1463.1337,1340.2688,5187.4742,5310.3391,PENDING_AG03,FALSE,NOT_FOR_ENFORCEMENT,6384.5836,256811.4724,6650.6079,6384.5836,266.0243,0.02244119,0.02154355,266.0243,6384.5836,0.02154355,266.0243,266.0243,266.0243,332.5304,332.5304,6384.5836,0.02154355,1463.1337,1340.2688,5187.4742,5310.3391,0.01750413,0.01791872,0.00089765,16.2655,14.6936,0.3653,59.3804,1.1678,2646.0457,162.5536,12.4780,16.8648,9.0895,16.5695,22.0926,29.825,33.4482,44.5976,11.8163,0.0,2.018664,2.691552,0.981654,30,240,141,4,0.10479828,0.02244119,0.04150452,0E-8,0.000000,0.902668,0.011910,-0.02129501,2026-03-22,2026-08-05,112,5695,2177,137,0.817518,0.739886,0.767145,0.349328,,,,,,,,GLOBAL_BASELINE_NO_ENTITY_RANKING,,,NOT_APPLICABLE_GLOBAL_BASELINE,HF9g-P5,,,,X 全窗基线 · 不参与实体赏罚,14195438,1420,A168_HF9F_20260827_0900,2026-08-27 09:00:00
2026-05-06,110249610,2153,0,4.4597562743,4.2367684606,4.2367684606,1.0000000,1,1,0.50665070000000000,0.506650700000,0.9867858985152569,0.9867858985152569,0.9867858985152569,0E-17,ELIGIBLE,R03b_20260811_FULL_v1,L1_ELIGIBILITY,v2026-08-11,2026-03-21..2026-08-06,baccarat_bet02_101_all_pairs_incl_sentinel,round_win = game_pnl > 0 (decisive only),COMPATIBILITY_ONLY_NOT_PRODUCTION,296357.1217,267511.9505,6650.6079,18220,18206,-0.02244119,-0.04150452,-0.02020951,-0.02244119,-6650.6079,296357.1217,OK,0.0000,266.0243,4.0000,96.0000,AG03-UNRESOLVED,ALL5_LEVELS_bet23_to_bet27,266.0243,266.0243,266.0243,332.5304,332.5304,4.000000,4.000000,4.000000,5.000000,5.000000,96.000000,96.000000,96.000000,95.000000,95.000000,5.0,1463.1337,1340.2688,5187.4742,5310.3391,PENDING_AG03,FALSE,NOT_FOR_ENFORCEMENT,6384.5836,256811.4724,6650.6079,6384.5836,266.0243,0.02244119,0.02154355,266.0243,6384.5836,0.02154355,266.0243,266.0243,266.0243,332.5304,332.5304,6384.5836,0.02154355,1463.1337,1340.2688,5187.4742,5310.3391,0.01750413,0.01791872,0.00089765,16.2655,14.6936,0.3653,59.3804,1.1678,2646.0457,162.5536,12.4780,16.8648,9.0895,16.5695,22.0926,29.825,33.4482,44.5976,11.8163,0.0,2.018664,2.691552,0.981654,30,240,141,4,0.10479828,0.02244119,0.04150452,0E-8,0.000000,0.902668,0.011910,-0.02129501,2026-03-22,2026-08-05,112,5695,2177,137,0.817518,0.739886,0.767145,0.349328,,,,,,,,GLOBAL_BASELINE_NO_ENTITY_RANKING,,,NOT_APPLICABLE_GLOBAL_BASELINE,HF9g-P5,,,,X 全窗基线 · 不参与实体赏罚,14195439,1420,A168_HF9F_20260827_0900,2026-08-27 09:00:00
2026-05-06,110249610,2154,0,185.6373549185,-1.5051677426,-1.5051677426,0.5555556,10,10,0.50531018000000000,0.505310180000,0.30148925660793513,0.30148925660793513,0.30148925660793513,0E-17,ELIGIBLE,R03b_20260811_FULL_v1,L1_ELIGIBILITY,v2026-08-11,2026-03-21..2026-08-06,baccarat_bet02_101_all_pairs_incl_sentinel,round_win = game_pnl > 0 (decisive only),COMPATIBILITY_ONLY_NOT_PRODUCTION,296357.1217,267511.9505,6650.6079,18220,18206,-0.02244119,-0.04150452,-0.02020951,-0.02244119,-6650.6079,296357.1217,OK,0.0000,266.0243,4.0000,96.0000,AG03-UNRESOLVED,ALL5_LEVELS_bet23_to_bet27,266.0243,266.0243,266.0243,332.5304,332.5304,4.000000,4.000000,4.000000,5.000000,5.000000,96.000000,96.000000,96.000000,95.000000,95.000000,5.0,1463.1337,1340.2688,5187.4742,5310.3391,PENDING_AG03,FALSE,NOT_FOR_ENFORCEMENT,6384.5836,256811.4724,6650.6079,6384.5836,266.0243,0.02244119,0.02154355,266.0243,6384.5836,0.02154355,266.0243,266.0243,266.0243,332.5304,332.5304,6384.5836,0.02154355,1463.1337,1340.2688,5187.4742,5310.3391,0.01750413,0.01791872,0.00089765,16.2655,14.6936,0.3653,59.3804,1.1678,2646.0457,162.5536,12.4780,16.8648,9.0895,16.5695,22.0926,29.825,33.4482,44.5976,11.8163,0.0,2.018664,2.691552,0.981654,30,240,141,4,0.10479828,0.02244119,0.04150452,0E-8,0.000000,0.902668,0.011910,-0.02129501,2026-03-22,2026-08-05,112,5695,2177,137,0.817518,0.739886,0.767145,0.349328,,,,,,,,GLOBAL_BASELINE_NO_ENTITY_RANKING,,,NOT_APPLICABLE_GLOBAL_BASELINE,HF9g-P5,,,,X 全窗基线 · 不参与实体赏罚,14195440,1420,A168_HF9F_20260827_0900,2026-08-27 09:00:00
2026-05-06,110249610,2155,0,94.7698208292,-50.7297276203,-50.7297276203,0.3333333,9,9,0.50218230000000000,0.502182300000,-1.0131034497211469,-1.0131034497211469,-1.0131034497211469,0E-17,ELIGIBLE,R03b_20260811_FULL_v1,L1_ELIGIBILITY,v2026-08-11,2026-03-21..2026-08-06,baccarat_bet02_101_all_pairs_incl_sentinel,round_win = game_pnl > 0 (decisive only),COMPATIBILITY_ONLY_NOT_PRODUCTION,296357.1217,267511.9505,6650.6079,18220,18206,-0.02244119,-0.04150452,-0.02020951,-0.02244119,-6650.6079,296357.1217,OK,0.0000,266.0243,4.0000,96.0000,AG03-UNRESOLVED,ALL5_LEVELS_bet23_to_bet27,266.0243,266.0243,266.0243,332.5304,332.5304,4.000000,4.000000,4.000000,5.000000,5.000000,96.000000,96.000000,96.000000,95.000000,95.000000,5.0,1463.1337,1340.2688,5187.4742,5310.3391,PENDING_AG03,FALSE,NOT_FOR_ENFORCEMENT,6384.5836,256811.4724,6650.6079,6384.5836,266.0243,0.02244119,0.02154355,266.0243,6384.5836,0.02154355,266.0243,266.0243,266.0243,332.5304,332.5304,6384.5836,0.02154355,1463.1337,1340.2688,5187.4742,5310.3391,0.01750413,0.01791872,0.00089765,16.2655,14.6936,0.3653,59.3804,1.1678,2646.0457,162.5536,12.4780,16.8648,9.0895,16.5695,22.0926,29.825,33.4482,44.5976,11.8163,0.0,2.018664,2.691552,0.981654,30,240,141,4,0.10479828,0.02244119,0.04150452,0E-8,0.000000,0.902668,0.011910,-0.02129501,2026-03-22,2026-08-05,112,5695,2177,137,0.817518,0.739886,0.767145,0.349328,,,,,,,,GLOBAL_BASELINE_NO_ENTITY_RANKING,,,NOT_APPLICABLE_GLOBAL_BASELINE,HF9g-P5,,,,X 全窗基线 · 不参与实体赏罚,14195441,1420,A168_HF9F_20260827_0900,2026-08-27 09:00:00
2026-05-06,110249610,2156,0,24.1941777882,-7.0241161320,-7.0241161320,0.5000000,8,8,0.49492115000000000,0.494921150000,0.02873179650040854,0.02873179650040854,0.02873179650040854,0E-17,ELIGIBLE,R03b_20260811_FULL_v1,L1_ELIGIBILITY,v2026-08-11,2026-03-21..2026-08-06,baccarat_bet02_101_all_pairs_incl_sentinel,round_win = game_pnl > 0 (decisive only),COMPATIBILITY_ONLY_NOT_PRODUCTION,296357.1217,267511.9505,6650.6079,18220,18206,-0.02244119,-0.04150452,-0.02020951,-0.02244119,-6650.6079,296357.1217,OK,0.0000,266.0243,4.0000,96.0000,AG03-UNRESOLVED,ALL5_LEVELS_bet23_to_bet27,266.0243,266.0243,266.0243,332.5304,332.5304,4.000000,4.000000,4.000000,5.000000,5.000000,96.000000,96.000000,96.000000,95.000000,95.000000,5.0,1463.1337,1340.2688,5187.4742,5310.3391,PENDING_AG03,FALSE,NOT_FOR_ENFORCEMENT,6384.5836,256811.4724,6650.6079,6384.5836,266.0243,0.02244119,0.02154355,266.0243,6384.5836,0.02154355,266.0243,266.0243,266.0243,332.5304,332.5304,6384.5836,0.02154355,1463.1337,1340.2688,5187.4742,5310.3391,0.01750413,0.01791872,0.00089765,16.2655,14.6936,0.3653,59.3804,1.1678,2646.0457,162.5536,12.4780,16.8648,9.0895,16.5695,22.0926,29.825,33.4482,44.5976,11.8163,0.0,2.018664,2.691552,0.981654,30,240,141,4,0.10479828,0.02244119,0.04150452,0E-8,0.000000,0.902668,0.011910,-0.02129501,2026-03-22,2026-08-05,112,5695,2177,137,0.817518,0.739886,0.767145,0.349328,,,,,,,,GLOBAL_BASELINE_NO_ENTITY_RANKING,,,NOT_APPLICABLE_GLOBAL_BASELINE,HF9g-P5,,,,X 全窗基线 · 不参与实体赏罚,14195442,1420,A168_HF9F_20260827_0900,2026-08-27 09:00:00
2026-05-06,110249610,2167,0,36.7929892631,4.5155032278,4.5155032278,0.5000000,4,4,0.50329940000000000,0.503299400000,-0.01319788734859681,-0.01319788734859681,-0.01319788734859681,0E-17,ELIGIBLE,R03b_20260811_FULL_v1,L1_ELIGIBILITY,v2026-08-11,2026-03-21..2026-08-06,baccarat_bet02_101_all_pairs_incl_sentinel,round_win = game_pnl > 0 (decisive only),COMPATIBILITY_ONLY_NOT_PRODUCTION,296357.1217,267511.9505,6650.6079,18220,18206,-0.02244119,-0.04150452,-0.02020951,-0.02244119,-6650.6079,296357.1217,OK,0.0000,266.0243,4.0000,96.0000,AG03-UNRESOLVED,ALL5_LEVELS_bet23_to_bet27,266.0243,266.0243,266.0243,332.5304,332.5304,4.000000,4.000000,4.000000,5.000000,5.000000,96.000000,96.000000,96.000000,95.000000,95.000000,5.0,1463.1337,1340.2688,5187.4742,5310.3391,PENDING_AG03,FALSE,NOT_FOR_ENFORCEMENT,6384.5836,256811.4724,6650.6079,6384.5836,266.0243,0.02244119,0.02154355,266.0243,6384.5836,0.02154355,266.0243,266.0243,266.0243,332.5304,332.5304,6384.5836,0.02154355,1463.1337,1340.2688,5187.4742,5310.3391,0.01750413,0.01791872,0.00089765,16.2655,14.6936,0.3653,59.3804,1.1678,2646.0457,162.5536,12.4780,16.8648,9.0895,16.5695,22.0926,29.825,33.4482,44.5976,11.8163,0.0,2.018664,2.691552,0.981654,30,240,141,4,0.10479828,0.02244119,0.04150452,0E-8,0.000000,0.902668,0.011910,-0.02129501,2026-03-22,2026-08-05,112,5695,2177,137,0.817518,0.739886,0.767145,0.349328,,,,,,,,GLOBAL_BASELINE_NO_ENTITY_RANKING,,,NOT_APPLICABLE_GLOBAL_BASELINE,HF9g-P5,,,,X 全窗基线 · 不参与实体赏罚,14195443,1420,A168_HF9F_20260827_0900,2026-08-27 09:00:00
2026-05-06,110249610,2169,0,128.1064989798,-25.5878516239,-25.5878516239,0.5555556,11,11,0.49568280909090909,0.495682809091,0.35924987053433743,0.3592498705337913,0.35924987053433743,-9.091E-14,ELIGIBLE,R03b_20260811_FULL_v1,L1_ELIGIBILITY,v2026-08-11,2026-03-21..2026-08-06,baccarat_bet02_101_all_pairs_incl_sentinel,round_win = game_pnl > 0 (decisive only),COMPATIBILITY_ONLY_NOT_PRODUCTION,296357.1217,267511.9505,6650.6079,18220,18206,-0.02244119,-0.04150452,-0.02020951,-0.02244119,-6650.6079,296357.1217,OK,0.0000,266.0243,4.0000,96.0000,AG03-UNRESOLVED,ALL5_LEVELS_bet23_to_bet27,266.0243,266.0243,266.0243,332.5304,332.5304,4.000000,4.000000,4.000000,5.000000,5.000000,96.000000,96.000000,96.000000,95.000000,95.000000,5.0,1463.1337,1340.2688,5187.4742,5310.3391,PENDING_AG03,FALSE,NOT_FOR_ENFORCEMENT,6384.5836,256811.4724,6650.6079,6384.5836,266.0243,0.02244119,0.02154355,266.0243,6384.5836,0.02154355,266.0243,266.0243,266.0243,332.5304,332.5304,6384.5836,0.02154355,1463.1337,1340.2688,5187.4742,5310.3391,0.01750413,0.01791872,0.00089765,16.2655,14.6936,0.3653,59.3804,1.1678,2646.0457,162.5536,12.4780,16.8648,9.0895,16.5695,22.0926,29.825,33.4482,44.5976,11.8163,0.0,2.018664,2.691552,0.981654,30,240,141,4,0.10479828,0.02244119,0.04150452,0E-8,0.000000,0.902668,0.011910,-0.02129501,2026-03-22,2026-08-05,112,5695,2177,137,0.817518,0.739886,0.767145,0.349328,,,,,,,,GLOBAL_BASELINE_NO_ENTITY_RANKING,,,NOT_APPLICABLE_GLOBAL_BASELINE,HF9g-P5,,,,X 全窗基线 · 不参与实体赏罚,14195444,1420,A168_HF9F_20260827_0900,2026-08-27 09:00:00
2026-05-06,110249610,2171,0,22.2987813716,0E-10,0E-10,0.5000000,2,2,0.49324550000000000,0.493245500000,0.01910635448239258,0.01910635448239258,0.01910635448239258,0E-17,ELIGIBLE,R03b_20260811_FULL_v1,L1_ELIGIBILITY,v2026-08-11,2026-03-21..2026-08-06,baccarat_bet02_101_all_pairs_incl_sentinel,round_win = game_pnl > 0 (decisive only),COMPATIBILITY_ONLY_NOT_PRODUCTION,296357.1217,267511.9505,6650.6079,18220,18206,-0.02244119,-0.04150452,-0.02020951,-0.02244119,-6650.6079,296357.1217,OK,0.0000,266.0243,4.0000,96.0000,AG03-UNRESOLVED,ALL5_LEVELS_bet23_to_bet27,266.0243,266.0243,266.0243,332.5304,332.5304,4.000000,4.000000,4.000000,5.000000,5.000000,96.000000,96.000000,96.000000,95.000000,95.000000,5.0,1463.1337,1340.2688,5187.4742,5310.3391,PENDING_AG03,FALSE,NOT_FOR_ENFORCEMENT,6384.5836,256811.4724,6650.6079,6384.5836,266.0243,0.02244119,0.02154355,266.0243,6384.5836,0.02154355,266.0243,266.0243,266.0243,332.5304,332.5304,6384.5836,0.02154355,1463.1337,1340.2688,5187.4742,5310.3391,0.01750413,0.01791872,0.00089765,16.2655,14.6936,0.3653,59.3804,1.1678,2646.0457,162.5536,12.4780,16.8648,9.0895,16.5695,22.0926,29.825,33.4482,44.5976,11.8163,0.0,2.018664,2.691552,0.981654,30,240,141,4,0.10479828,0.02244119,0.04150452,0E-8,0.000000,0.902668,0.011910,-0.02129501,2026-03-22,2026-08-05,112,5695,2177,137,0.817518,0.739886,0.767145,0.349328,,,,,,,,GLOBAL_BASELINE_NO_ENTITY_RANKING,,,NOT_APPLICABLE_GLOBAL_BASELINE,HF9g-P5,,,,X 全窗基线 · 不参与实体赏罚,14195445,1420,A168_HF9F_20260827_0900,2026-08-27 09:00:00
2026-05-06,110249610,2174,0,36.7929892631,-30.1033548516,-30.1033548516,0E-7,4,4,0.49324550000000000,0.493245500000,-1.708808463184432,-1.7088084631844318,-1.708808463184432,0E-17,ELIGIBLE,R03b_20260811_FULL_v1,L1_ELIGIBILITY,v2026-08-11,2026-03-21..2026-08-06,baccarat_bet02_101_all_pairs_incl_sentinel,round_win = game_pnl > 0 (decisive only),COMPATIBILITY_ONLY_NOT_PRODUCTION,296357.1217,267511.9505,6650.6079,18220,18206,-0.02244119,-0.04150452,-0.02020951,-0.02244119,-6650.6079,296357.1217,OK,0.0000,266.0243,4.0000,96.0000,AG03-UNRESOLVED,ALL5_LEVELS_bet23_to_bet27,266.0243,266.0243,266.0243,332.5304,332.5304,4.000000,4.000000,4.000000,5.000000,5.000000,96.000000,96.000000,96.000000,95.000000,95.000000,5.0,1463.1337,1340.2688,5187.4742,5310.3391,PENDING_AG03,FALSE,NOT_FOR_ENFORCEMENT,6384.5836,256811.4724,6650.6079,6384.5836,266.0243,0.02244119,0.02154355,266.0243,6384.5836,0.02154355,266.0243,266.0243,266.0243,332.5304,332.5304,6384.5836,0.02154355,1463.1337,1340.2688,5187.4742,5310.3391,0.01750413,0.01791872,0.00089765,16.2655,14.6936,0.3653,59.3804,1.1678,2646.0457,162.5536,12.4780,16.8648,9.0895,16.5695,22.0926,29.825,33.4482,44.5976,11.8163,0.0,2.018664,2.691552,0.981654,30,240,141,4,0.10479828,0.02244119,0.04150452,0E-8,0.000000,0.902668,0.011910,-0.02129501,2026-03-22,2026-08-05,112,5695,2177,137,0.817518,0.739886,0.767145,0.349328,,,,,,,,GLOBAL_BASELINE_NO_ENTITY_RANKING,,,NOT_APPLICABLE_GLOBAL_BASELINE,HF9g-P5,,,,X 全窗基线 · 不参与实体赏罚,14195446,1420,A168_HF9F_20260827_0900,2026-08-27 09:00:00
2026-05-06,110249610,2187,0,27.8734767145,-5.5746953429,-5.5746953429,0.5000000,2,2,0.49324550000000000,0.493245500000,0.01910635448239258,0.01910635448239258,0.01910635448239258,0E-17,ELIGIBLE,R03b_20260811_FULL_v1,L1_ELIGIBILITY,v2026-08-11,2026-03-21..2026-08-06,baccarat_bet02_101_all_pairs_incl_sentinel,round_win = game_pnl > 0 (decisive only),COMPATIBILITY_ONLY_NOT_PRODUCTION,296357.1217,267511.9505,6650.6079,18220,18206,-0.02244119,-0.04150452,-0.02020951,-0.02244119,-6650.6079,296357.1217,OK,0.0000,266.0243,4.0000,96.0000,AG03-UNRESOLVED,ALL5_LEVELS_bet23_to_bet27,266.0243,266.0243,266.0243,332.5304,332.5304,4.000000,4.000000,4.000000,5.000000,5.000000,96.000000,96.000000,96.000000,95.000000,95.000000,5.0,1463.1337,1340.2688,5187.4742,5310.3391,PENDING_AG03,FALSE,NOT_FOR_ENFORCEMENT,6384.5836,256811.4724,6650.6079,6384.5836,266.0243,0.02244119,0.02154355,266.0243,6384.5836,0.02154355,266.0243,266.0243,266.0243,332.5304,332.5304,6384.5836,0.02154355,1463.1337,1340.2688,5187.4742,5310.3391,0.01750413,0.01791872,0.00089765,16.2655,14.6936,0.3653,59.3804,1.1678,2646.0457,162.5536,12.4780,16.8648,9.0895,16.5695,22.0926,29.825,33.4482,44.5976,11.8163,0.0,2.018664,2.691552,0.981654,30,240,141,4,0.10479828,0.02244119,0.04150452,0E-8,0.000000,0.902668,0.011910,-0.02129501,2026-03-22,2026-08-05,112,5695,2177,137,0.817518,0.739886,0.767145,0.349328,,,,,,,,GLOBAL_BASELINE_NO_ENTITY_RANKING,,,NOT_APPLICABLE_GLOBAL_BASELINE,HF9g-P5,,,,X 全窗基线 · 不参与实体赏罚,14195447,1420,A168_HF9F_20260827_0900,2026-08-27 09:00:00
2026-05-06,110249610,2201,0,100.3445161722,25.0861290430,25.0861290430,0.5000000,7,7,0.50282064285714286,0.502820642857,-0.013818491375558404,-0.0138184913748585,-0.013818491375558404,1.4286E-13,ELIGIBLE,R03b_20260811_FULL_v1,L1_ELIGIBILITY,v2026-08-11,2026-03-21..2026-08-06,baccarat_bet02_101_all_pairs_incl_sentinel,round_win = game_pnl > 0 (decisive only),COMPATIBILITY_ONLY_NOT_PRODUCTION,296357.1217,267511.9505,6650.6079,18220,18206,-0.02244119,-0.04150452,-0.02020951,-0.02244119,-6650.6079,296357.1217,OK,0.0000,266.0243,4.0000,96.0000,AG03-UNRESOLVED,ALL5_LEVELS_bet23_to_bet27,266.0243,266.0243,266.0243,332.5304,332.5304,4.000000,4.000000,4.000000,5.000000,5.000000,96.000000,96.000000,96.000000,95.000000,95.000000,5.0,1463.1337,1340.2688,5187.4742,5310.3391,PENDING_AG03,FALSE,NOT_FOR_ENFORCEMENT,6384.5836,256811.4724,6650.6079,6384.5836,266.0243,0.02244119,0.02154355,266.0243,6384.5836,0.02154355,266.0243,266.0243,266.0243,332.5304,332.5304,6384.5836,0.02154355,1463.1337,1340.2688,5187.4742,5310.3391,0.01750413,0.01791872,0.00089765,16.2655,14.6936,0.3653,59.3804,1.1678,2646.0457,162.5536,12.4780,16.8648,9.0895,16.5695,22.0926,29.825,33.4482,44.5976,11.8163,0.0,2.018664,2.691552,0.981654,30,240,141,4,0.10479828,0.02244119,0.04150452,0E-8,0.000000,0.902668,0.011910,-0.02129501,2026-03-22,2026-08-05,112,5695,2177,137,0.817518,0.739886,0.767145,0.349328,,,,,,,,GLOBAL_BASELINE_NO_ENTITY_RANKING,,,NOT_APPLICABLE_GLOBAL_BASELINE,HF9g-P5,,,,X 全窗基线 · 不参与实体赏罚,14195448,1420,A168_HF9F_20260827_0900,2026-08-27 09:00:00
2026-05-06,110249610,2205,0,94.7698208294,-39.1343613073,-39.1343613073,0.3750000,8,8,0.49659680000000000,0.496596800000,-0.6878713085241178,-0.6878713085241179,-0.6878713085241178,0E-17,ELIGIBLE,R03b_20260811_FULL_v1,L1_ELIGIBILITY,v2026-08-11,2026-03-21..2026-08-06,baccarat_bet02_101_all_pairs_incl_sentinel,round_win = game_pnl > 0 (decisive only),COMPATIBILITY_ONLY_NOT_PRODUCTION,296357.1217,267511.9505,6650.6079,18220,18206,-0.02244119,-0.04150452,-0.02020951,-0.02244119,-6650.6079,296357.1217,OK,0.0000,266.0243,4.0000,96.0000,AG03-UNRESOLVED,ALL5_LEVELS_bet23_to_bet27,266.0243,266.0243,266.0243,332.5304,332.5304,4.000000,4.000000,4.000000,5.000000,5.000000,96.000000,96.000000,96.000000,95.000000,95.000000,5.0,1463.1337,1340.2688,5187.4742,5310.3391,PENDING_AG03,FALSE,NOT_FOR_ENFORCEMENT,6384.5836,256811.4724,6650.6079,6384.5836,266.0243,0.02244119,0.02154355,266.0243,6384.5836,0.02154355,266.0243,266.0243,266.0243,332.5304,332.5304,6384.5836,0.02154355,1463.1337,1340.2688,5187.4742,5310.3391,0.01750413,0.01791872,0.00089765,16.2655,14.6936,0.3653,59.3804,1.1678,2646.0457,162.5536,12.4780,16.8648,9.0895,16.5695,22.0926,29.825,33.4482,44.5976,11.8163,0.0,2.018664,2.691552,0.981654,30,240,141,4,0.10479828,0.02244119,0.04150452,0E-8,0.000000,0.902668,0.011910,-0.02129501,2026-03-22,2026-08-05,112,5695,2177,137,0.817518,0.739886,0.767145,0.349328,,,,,,,,GLOBAL_BASELINE_NO_ENTITY_RANKING,,,NOT_APPLICABLE_GLOBAL_BASELINE,HF9g-P5,,,,X 全窗基线 · 不参与实体赏罚,14195449,1420,A168_HF9F_20260827_0900,2026-08-27 09:00:00
2026-05-06,110249610,2209,0,112.6088459266,37.4062057509,37.4062057509,0.7142857,7,7,0.50665070000000000,0.506650700000,1.098798430526454,1.098798430526454,1.098798430526454,0E-17,ELIGIBLE,R03b_20260811_FULL_v1,L1_ELIGIBILITY,v2026-08-11,2026-03-21..2026-08-06,baccarat_bet02_101_all_pairs_incl_sentinel,round_win = game_pnl > 0 (decisive only),COMPATIBILITY_ONLY_NOT_PRODUCTION,296357.1217,267511.9505,6650.6079,18220,18206,-0.02244119,-0.04150452,-0.02020951,-0.02244119,-6650.6079,296357.1217,OK,0.0000,266.0243,4.0000,96.0000,AG03-UNRESOLVED,ALL5_LEVELS_bet23_to_bet27,266.0243,266.0243,266.0243,332.5304,332.5304,4.000000,4.000000,4.000000,5.000000,5.000000,96.000000,96.000000,96.000000,95.000000,95.000000,5.0,1463.1337,1340.2688,5187.4742,5310.3391,PENDING_AG03,FALSE,NOT_FOR_ENFORCEMENT,6384.5836,256811.4724,6650.6079,6384.5836,266.0243,0.02244119,0.02154355,266.0243,6384.5836,0.02154355,266.0243,266.0243,266.0243,332.5304,332.5304,6384.5836,0.02154355,1463.1337,1340.2688,5187.4742,5310.3391,0.01750413,0.01791872,0.00089765,16.2655,14.6936,0.3653,59.3804,1.1678,2646.0457,162.5536,12.4780,16.8648,9.0895,16.5695,22.0926,29.825,33.4482,44.5976,11.8163,0.0,2.018664,2.691552,0.981654,30,240,141,4,0.10479828,0.02244119,0.04150452,0E-8,0.000000,0.902668,0.011910,-0.02129501,2026-03-22,2026-08-05,112,5695,2177,137,0.817518,0.739886,0.767145,0.349328,,,,,,,,GLOBAL_BASELINE_NO_ENTITY_RANKING,,,NOT_APPLICABLE_GLOBAL_BASELINE,HF9g-P5,,,,X 全窗基线 · 不参与实体赏罚,14195450,1420,A168_HF9F_20260827_0900,2026-08-27 09:00:00
2026-05-06,110249610,2212,0,223.5452832503,27.3160071802,27.3160071802,0.5555556,10,10,0.49458602000000000,0.494586020000,0.3658386602872231,0.3658386602872231,0.3658386602872231,0E-17,ELIGIBLE,R03b_20260811_FULL_v1,L1_ELIGIBILITY,v2026-08-11,2026-03-21..2026-08-06,baccarat_bet02_101_all_pairs_incl_sentinel,round_win = game_pnl > 0 (decisive only),COMPATIBILITY_ONLY_NOT_PRODUCTION,296357.1217,267511.9505,6650.6079,18220,18206,-0.02244119,-0.04150452,-0.02020951,-0.02244119,-6650.6079,296357.1217,OK,0.0000,266.0243,4.0000,96.0000,AG03-UNRESOLVED,ALL5_LEVELS_bet23_to_bet27,266.0243,266.0243,266.0243,332.5304,332.5304,4.000000,4.000000,4.000000,5.000000,5.000000,96.000000,96.000000,96.000000,95.000000,95.000000,5.0,1463.1337,1340.2688,5187.4742,5310.3391,PENDING_AG03,FALSE,NOT_FOR_ENFORCEMENT,6384.5836,256811.4724,6650.6079,6384.5836,266.0243,0.02244119,0.02154355,266.0243,6384.5836,0.02154355,266.0243,266.0243,266.0243,332.5304,332.5304,6384.5836,0.02154355,1463.1337,1340.2688,5187.4742,5310.3391,0.01750413,0.01791872,0.00089765,16.2655,14.6936,0.3653,59.3804,1.1678,2646.0457,162.5536,12.4780,16.8648,9.0895,16.5695,22.0926,29.825,33.4482,44.5976,11.8163,0.0,2.018664,2.691552,0.981654,30,240,141,4,0.10479828,0.02244119,0.04150452,0E-8,0.000000,0.902668,0.011910,-0.02129501,2026-03-22,2026-08-05,112,5695,2177,137,0.817518,0.739886,0.767145,0.349328,,,,,,,,GLOBAL_BASELINE_NO_ENTITY_RANKING,,,NOT_APPLICABLE_GLOBAL_BASELINE,HF9g-P5,,,,X 全窗基线 · 不参与实体赏罚,14195451,1420,A168_HF9F_20260827_0900,2026-08-27 09:00:00
2026-05-06,110249610,2218,0,55.7469534290,-27.8734767145,-27.8734767145,0E-7,4,4,0.49324550000000000,0.493245500000,-1.3952362676504506,-1.3952362676504506,-1.3952362676504506,0E-17,ELIGIBLE,R03b_20260811_FULL_v1,L1_ELIGIBILITY,v2026-08-11,2026-03-21..2026-08-06,baccarat_bet02_101_all_pairs_incl_sentinel,round_win = game_pnl > 0 (decisive only),COMPATIBILITY_ONLY_NOT_PRODUCTION,296357.1217,267511.9505,6650.6079,18220,18206,-0.02244119,-0.04150452,-0.02020951,-0.02244119,-6650.6079,296357.1217,OK,0.0000,266.0243,4.0000,96.0000,AG03-UNRESOLVED,ALL5_LEVELS_bet23_to_bet27,266.0243,266.0243,266.0243,332.5304,332.5304,4.000000,4.000000,4.000000,5.000000,5.000000,96.000000,96.000000,96.000000,95.000000,95.000000,5.0,1463.1337,1340.2688,5187.4742,5310.3391,PENDING_AG03,FALSE,NOT_FOR_ENFORCEMENT,6384.5836,256811.4724,6650.6079,6384.5836,266.0243,0.02244119,0.02154355,266.0243,6384.5836,0.02154355,266.0243,266.0243,266.0243,332.5304,332.5304,6384.5836,0.02154355,1463.1337,1340.2688,5187.4742,5310.3391,0.01750413,0.01791872,0.00089765,16.2655,14.6936,0.3653,59.3804,1.1678,2646.0457,162.5536,12.4780,16.8648,9.0895,16.5695,22.0926,29.825,33.4482,44.5976,11.8163,0.0,2.018664,2.691552,0.981654,30,240,141,4,0.10479828,0.02244119,0.04150452,0E-8,0.000000,0.902668,0.011910,-0.02129501,2026-03-22,2026-08-05,112,5695,2177,137,0.817518,0.739886,0.767145,0.349328,,,,,,,,GLOBAL_BASELINE_NO_ENTITY_RANKING,,,NOT_APPLICABLE_GLOBAL_BASELINE,HF9g-P5,,,,X 全窗基线 · 不参与实体赏罚,14195452,1420,A168_HF9F_20260827_0900,2026-08-27 09:00:00
2026-05-06,110249610,2222,0,82.5054910750,-26.7585376460,-26.7585376460,0.2500000,4,4,0.49659680000000000,0.496596800000,-0.9864100490137353,-0.9864100490137354,-0.9864100490137353,0E-17,ELIGIBLE,R03b_20260811_FULL_v1,L1_ELIGIBILITY,v2026-08-11,2026-03-21..2026-08-06,baccarat_bet02_101_all_pairs_incl_sentinel,round_win = game_pnl > 0 (decisive only),COMPATIBILITY_ONLY_NOT_PRODUCTION,296357.1217,267511.9505,6650.6079,18220,18206,-0.02244119,-0.04150452,-0.02020951,-0.02244119,-6650.6079,296357.1217,OK,0.0000,266.0243,4.0000,96.0000,AG03-UNRESOLVED,ALL5_LEVELS_bet23_to_bet27,266.0243,266.0243,266.0243,332.5304,332.5304,4.000000,4.000000,4.000000,5.000000,5.000000,96.000000,96.000000,96.000000,95.000000,95.000000,5.0,1463.1337,1340.2688,5187.4742,5310.3391,PENDING_AG03,FALSE,NOT_FOR_ENFORCEMENT,6384.5836,256811.4724,6650.6079,6384.5836,266.0243,0.02244119,0.02154355,266.0243,6384.5836,0.02154355,266.0243,266.0243,266.0243,332.5304,332.5304,6384.5836,0.02154355,1463.1337,1340.2688,5187.4742,5310.3391,0.01750413,0.01791872,0.00089765,16.2655,14.6936,0.3653,59.3804,1.1678,2646.0457,162.5536,12.4780,16.8648,9.0895,16.5695,22.0926,29.825,33.4482,44.5976,11.8163,0.0,2.018664,2.691552,0.981654,30,240,141,4,0.10479828,0.02244119,0.04150452,0E-8,0.000000,0.902668,0.011910,-0.02129501,2026-03-22,2026-08-05,112,5695,2177,137,0.817518,0.739886,0.767145,0.349328,,,,,,,,GLOBAL_BASELINE_NO_ENTITY_RANKING,,,NOT_APPLICABLE_GLOBAL_BASELINE,HF9g-P5,,,,X 全窗基线 · 不参与实体赏罚,14195453,1420,A168_HF9F_20260827_0900,2026-08-27 09:00:00
2026-05-06,110249610,2224,0,39.0228674003,-27.8734767145,-27.8734767145,0E-7,3,3,0.50218230000000000,0.502182300000,-1.4203995680682369,-1.4203995680682369,-1.4203995680682369,0E-17,ELIGIBLE,R03b_20260811_FULL_v1,L1_ELIGIBILITY,v2026-08-11,2026-03-21..2026-08-06,baccarat_bet02_101_all_pairs_incl_sentinel,round_win = game_pnl > 0 (decisive only),COMPATIBILITY_ONLY_NOT_PRODUCTION,296357.1217,267511.9505,6650.6079,18220,18206,-0.02244119,-0.04150452,-0.02020951,-0.02244119,-6650.6079,296357.1217,OK,0.0000,266.0243,4.0000,96.0000,AG03-UNRESOLVED,ALL5_LEVELS_bet23_to_bet27,266.0243,266.0243,266.0243,332.5304,332.5304,4.000000,4.000000,4.000000,5.000000,5.000000,96.000000,96.000000,96.000000,95.000000,95.000000,5.0,1463.1337,1340.2688,5187.4742,5310.3391,PENDING_AG03,FALSE,NOT_FOR_ENFORCEMENT,6384.5836,256811.4724,6650.6079,6384.5836,266.0243,0.02244119,0.02154355,266.0243,6384.5836,0.02154355,266.0243,266.0243,266.0243,332.5304,332.5304,6384.5836,0.02154355,1463.1337,1340.2688,5187.4742,5310.3391,0.01750413,0.01791872,0.00089765,16.2655,14.6936,0.3653,59.3804,1.1678,2646.0457,162.5536,12.4780,16.8648,9.0895,16.5695,22.0926,29.825,33.4482,44.5976,11.8163,0.0,2.018664,2.691552,0.981654,30,240,141,4,0.10479828,0.02244119,0.04150452,0E-8,0.000000,0.902668,0.011910,-0.02129501,2026-03-22,2026-08-05,112,5695,2177,137,0.817518,0.739886,0.767145,0.349328,,,,,,,,GLOBAL_BASELINE_NO_ENTITY_RANKING,,,NOT_APPLICABLE_GLOBAL_BASELINE,HF9g-P5,,,,X 全窗基线 · 不参与实体赏罚,14195454,1420,A168_HF9F_20260827_0900,2026-08-27 09:00:00
2026-05-06,110249610,2229,0,83.0629606092,42.9251541403,42.9251541403,0.8000000,6,6,0.49547970000000000,0.495479700000,1.3619118399891006,1.3619118399891006,1.3619118399891006,0E-17,ELIGIBLE,R03b_20260811_FULL_v1,L1_ELIGIBILITY,v2026-08-11,2026-03-21..2026-08-06,baccarat_bet02_101_all_pairs_incl_sentinel,round_win = game_pnl > 0 (decisive only),COMPATIBILITY_ONLY_NOT_PRODUCTION,296357.1217,267511.9505,6650.6079,18220,18206,-0.02244119,-0.04150452,-0.02020951,-0.02244119,-6650.6079,296357.1217,OK,0.0000,266.0243,4.0000,96.0000,AG03-UNRESOLVED,ALL5_LEVELS_bet23_to_bet27,266.0243,266.0243,266.0243,332.5304,332.5304,4.000000,4.000000,4.000000,5.000000,5.000000,96.000000,96.000000,96.000000,95.000000,95.000000,5.0,1463.1337,1340.2688,5187.4742,5310.3391,PENDING_AG03,FALSE,NOT_FOR_ENFORCEMENT,6384.5836,256811.4724,6650.6079,6384.5836,266.0243,0.02244119,0.02154355,266.0243,6384.5836,0.02154355,266.0243,266.0243,266.0243,332.5304,332.5304,6384.5836,0.02154355,1463.1337,1340.2688,5187.4742,5310.3391,0.01750413,0.01791872,0.00089765,16.2655,14.6936,0.3653,59.3804,1.1678,2646.0457,162.5536,12.4780,16.8648,9.0895,16.5695,22.0926,29.825,33.4482,44.5976,11.8163,0.0,2.018664,2.691552,0.981654,30,240,141,4,0.10479828,0.02244119,0.04150452,0E-8,0.000000,0.902668,0.011910,-0.02129501,2026-03-22,2026-08-05,112,5695,2177,137,0.817518,0.739886,0.767145,0.349328,,,,,,,,GLOBAL_BASELINE_NO_ENTITY_RANKING,,,NOT_APPLICABLE_GLOBAL_BASELINE,HF9g-P5,,,,X 全窗基线 · 不参与实体赏罚,14195455,1420,A168_HF9F_20260827_0900,2026-08-27 09:00:00
2026-05-06,110249610,2234,0,153.8615914640,-39.0228674003,-39.0228674003,0.5000000,9,9,0.50665070000000000,0.506650700000,-0.037625369180734974,-0.037625369180734974,-0.037625369180734974,0E-17,ELIGIBLE,R03b_20260811_FULL_v1,L1_ELIGIBILITY,v2026-08-11,2026-03-21..2026-08-06,baccarat_bet02_101_all_pairs_incl_sentinel,round_win = game_pnl > 0 (decisive only),COMPATIBILITY_ONLY_NOT_PRODUCTION,296357.1217,267511.9505,6650.6079,18220,18206,-0.02244119,-0.04150452,-0.02020951,-0.02244119,-6650.6079,296357.1217,OK,0.0000,266.0243,4.0000,96.0000,AG03-UNRESOLVED,ALL5_LEVELS_bet23_to_bet27,266.0243,266.0243,266.0243,332.5304,332.5304,4.000000,4.000000,4.000000,5.000000,5.000000,96.000000,96.000000,96.000000,95.000000,95.000000,5.0,1463.1337,1340.2688,5187.4742,5310.3391,PENDING_AG03,FALSE,NOT_FOR_ENFORCEMENT,6384.5836,256811.4724,6650.6079,6384.5836,266.0243,0.02244119,0.02154355,266.0243,6384.5836,0.02154355,266.0243,266.0243,266.0243,332.5304,332.5304,6384.5836,0.02154355,1463.1337,1340.2688,5187.4742,5310.3391,0.01750413,0.01791872,0.00089765,16.2655,14.6936,0.3653,59.3804,1.1678,2646.0457,162.5536,12.4780,16.8648,9.0895,16.5695,22.0926,29.825,33.4482,44.5976,11.8163,0.0,2.018664,2.691552,0.981654,30,240,141,4,0.10479828,0.02244119,0.04150452,0E-8,0.000000,0.902668,0.011910,-0.02129501,2026-03-22,2026-08-05,112,5695,2177,137,0.817518,0.739886,0.767145,0.349328,,,,,,,,GLOBAL_BASELINE_NO_ENTITY_RANKING,,,NOT_APPLICABLE_GLOBAL_BASELINE,HF9g-P5,,,,X 全窗基线 · 不参与实体赏罚,14195456,1420,A168_HF9F_20260827_0900,2026-08-27 09:00:00
2026-05-06,110249610,2235,0,41.3642394443,16.1666164943,16.1666164943,0.6000000,5,5,0.49324550000000000,0.493245500000,0.47746420675292983,0.47746420675292983,0.47746420675292983,0E-17,ELIGIBLE,R03b_20260811_FULL_v1,L1_ELIGIBILITY,v2026-08-11,2026-03-21..2026-08-06,baccarat_bet02_101_all_pairs_incl_sentinel,round_win = game_pnl > 0 (decisive only),COMPATIBILITY_ONLY_NOT_PRODUCTION,296357.1217,267511.9505,6650.6079,18220,18206,-0.02244119,-0.04150452,-0.02020951,-0.02244119,-6650.6079,296357.1217,OK,0.0000,266.0243,4.0000,96.0000,AG03-UNRESOLVED,ALL5_LEVELS_bet23_to_bet27,266.0243,266.0243,266.0243,332.5304,332.5304,4.000000,4.000000,4.000000,5.000000,5.000000,96.000000,96.000000,96.000000,95.000000,95.000000,5.0,1463.1337,1340.2688,5187.4742,5310.3391,PENDING_AG03,FALSE,NOT_FOR_ENFORCEMENT,6384.5836,256811.4724,6650.6079,6384.5836,266.0243,0.02244119,0.02154355,266.0243,6384.5836,0.02154355,266.0243,266.0243,266.0243,332.5304,332.5304,6384.5836,0.02154355,1463.1337,1340.2688,5187.4742,5310.3391,0.01750413,0.01791872,0.00089765,16.2655,14.6936,0.3653,59.3804,1.1678,2646.0457,162.5536,12.4780,16.8648,9.0895,16.5695,22.0926,29.825,33.4482,44.5976,11.8163,0.0,2.018664,2.691552,0.981654,30,240,141,4,0.10479828,0.02244119,0.04150452,0E-8,0.000000,0.902668,0.011910,-0.02129501,2026-03-22,2026-08-05,112,5695,2177,137,0.817518,0.739886,0.767145,0.349328,,,,,,,,GLOBAL_BASELINE_NO_ENTITY_RANKING,,,NOT_APPLICABLE_GLOBAL_BASELINE,HF9g-P5,,,,X 全窗基线 · 不参与实体赏罚,14195457,1420,A168_HF9F_20260827_0900,2026-08-27 09:00:00
2026-05-06,110249610,2241,0,50.1722580861,-11.9855949872,-11.9855949872,0.3333333,4,4,0.49994810000000000,0.499948100000,-0.5771704854251445,-0.5771704854251445,-0.5771704854251445,0E-17,ELIGIBLE,R03b_20260811_FULL_v1,L1_ELIGIBILITY,v2026-08-11,2026-03-21..2026-08-06,baccarat_bet02_101_all_pairs_incl_sentinel,round_win = game_pnl > 0 (decisive only),COMPATIBILITY_ONLY_NOT_PRODUCTION,296357.1217,267511.9505,6650.6079,18220,18206,-0.02244119,-0.04150452,-0.02020951,-0.02244119,-6650.6079,296357.1217,OK,0.0000,266.0243,4.0000,96.0000,AG03-UNRESOLVED,ALL5_LEVELS_bet23_to_bet27,266.0243,266.0243,266.0243,332.5304,332.5304,4.000000,4.000000,4.000000,5.000000,5.000000,96.000000,96.000000,96.000000,95.000000,95.000000,5.0,1463.1337,1340.2688,5187.4742,5310.3391,PENDING_AG03,FALSE,NOT_FOR_ENFORCEMENT,6384.5836,256811.4724,6650.6079,6384.5836,266.0243,0.02244119,0.02154355,266.0243,6384.5836,0.02154355,266.0243,266.0243,266.0243,332.5304,332.5304,6384.5836,0.02154355,1463.1337,1340.2688,5187.4742,5310.3391,0.01750413,0.01791872,0.00089765,16.2655,14.6936,0.3653,59.3804,1.1678,2646.0457,162.5536,12.4780,16.8648,9.0895,16.5695,22.0926,29.825,33.4482,44.5976,11.8163,0.0,2.018664,2.691552,0.981654,30,240,141,4,0.10479828,0.02244119,0.04150452,0E-8,0.000000,0.902668,0.011910,-0.02129501,2026-03-22,2026-08-05,112,5695,2177,137,0.817518,0.739886,0.767145,0.349328,,,,,,,,GLOBAL_BASELINE_NO_ENTITY_RANKING,,,NOT_APPLICABLE_GLOBAL_BASELINE,HF9g-P5,,,,X 全窗基线 · 不参与实体赏罚,14195458,1420,A168_HF9F_20260827_0900,2026-08-27 09:00:00
2026-05-06,110249610,2242,0,24.5286595088,7.3028508992,7.3028508992,0.8333333,7,7,0.50282064285714286,0.502820642857,1.6192006553726281,1.6192006553733256,1.6192006553726281,1.4286E-13,ELIGIBLE,R03b_20260811_FULL_v1,L1_ELIGIBILITY,v2026-08-11,2026-03-21..2026-08-06,baccarat_bet02_101_all_pairs_incl_sentinel,round_win = game_pnl > 0 (decisive only),COMPATIBILITY_ONLY_NOT_PRODUCTION,296357.1217,267511.9505,6650.6079,18220,18206,-0.02244119,-0.04150452,-0.02020951,-0.02244119,-6650.6079,296357.1217,OK,0.0000,266.0243,4.0000,96.0000,AG03-UNRESOLVED,ALL5_LEVELS_bet23_to_bet27,266.0243,266.0243,266.0243,332.5304,332.5304,4.000000,4.000000,4.000000,5.000000,5.000000,96.000000,96.000000,96.000000,95.000000,95.000000,5.0,1463.1337,1340.2688,5187.4742,5310.3391,PENDING_AG03,FALSE,NOT_FOR_ENFORCEMENT,6384.5836,256811.4724,6650.6079,6384.5836,266.0243,0.02244119,0.02154355,266.0243,6384.5836,0.02154355,266.0243,266.0243,266.0243,332.5304,332.5304,6384.5836,0.02154355,1463.1337,1340.2688,5187.4742,5310.3391,0.01750413,0.01791872,0.00089765,16.2655,14.6936,0.3653,59.3804,1.1678,2646.0457,162.5536,12.4780,16.8648,9.0895,16.5695,22.0926,29.825,33.4482,44.5976,11.8163,0.0,2.018664,2.691552,0.981654,30,240,141,4,0.10479828,0.02244119,0.04150452,0E-8,0.000000,0.902668,0.011910,-0.02129501,2026-03-22,2026-08-05,112,5695,2177,137,0.817518,0.739886,0.767145,0.349328,,,,,,,,GLOBAL_BASELINE_NO_ENTITY_RANKING,,,NOT_APPLICABLE_GLOBAL_BASELINE,HF9g-P5,,,,X 全窗基线 · 不参与实体赏罚,14195459,1420,A168_HF9F_20260827_0900,2026-08-27 09:00:00
2026-05-06,110249610,2246,0,111.0479312305,-1.7839025097,-1.7839025097,0.5000000,5,5,0.49860758000000000,0.498607580000,0.005569701597489473,0.005569701597489473,0.005569701597489473,0E-17,ELIGIBLE,R03b_20260811_FULL_v1,L1_ELIGIBILITY,v2026-08-11,2026-03-21..2026-08-06,baccarat_bet02_101_all_pairs_incl_sentinel,round_win = game_pnl > 0 (decisive only),COMPATIBILITY_ONLY_NOT_PRODUCTION,296357.1217,267511.9505,6650.6079,18220,18206,-0.02244119,-0.04150452,-0.02020951,-0.02244119,-6650.6079,296357.1217,OK,0.0000,266.0243,4.0000,96.0000,AG03-UNRESOLVED,ALL5_LEVELS_bet23_to_bet27,266.0243,266.0243,266.0243,332.5304,332.5304,4.000000,4.000000,4.000000,5.000000,5.000000,96.000000,96.000000,96.000000,95.000000,95.000000,5.0,1463.1337,1340.2688,5187.4742,5310.3391,PENDING_AG03,FALSE,NOT_FOR_ENFORCEMENT,6384.5836,256811.4724,6650.6079,6384.5836,266.0243,0.02244119,0.02154355,266.0243,6384.5836,0.02154355,266.0243,266.0243,266.0243,332.5304,332.5304,6384.5836,0.02154355,1463.1337,1340.2688,5187.4742,5310.3391,0.01750413,0.01791872,0.00089765,16.2655,14.6936,0.3653,59.3804,1.1678,2646.0457,162.5536,12.4780,16.8648,9.0895,16.5695,22.0926,29.825,33.4482,44.5976,11.8163,0.0,2.018664,2.691552,0.981654,30,240,141,4,0.10479828,0.02244119,0.04150452,0E-8,0.000000,0.902668,0.011910,-0.02129501,2026-03-22,2026-08-05,112,5695,2177,137,0.817518,0.739886,0.767145,0.349328,,,,,,,,GLOBAL_BASELINE_NO_ENTITY_RANKING,,,NOT_APPLICABLE_GLOBAL_BASELINE,HF9g-P5,,,,X 全窗基线 · 不参与实体赏罚,14195460,1420,A168_HF9F_20260827_0900,2026-08-27 09:00:00
2026-05-06,110249610,2248,0,43.7056114884,12.1695599336,12.1695599336,0.7777778,9,9,0.50665070000000000,0.506650700000,1.6269063950638647,1.6269063950638647,1.6269063950638647,0E-17,ELIGIBLE,R03b_20260811_FULL_v1,L1_ELIGIBILITY,v2026-08-11,2026-03-21..2026-08-06,baccarat_bet02_101_all_pairs_incl_sentinel,round_win = game_pnl > 0 (decisive only),COMPATIBILITY_ONLY_NOT_PRODUCTION,296357.1217,267511.9505,6650.6079,18220,18206,-0.02244119,-0.04150452,-0.02020951,-0.02244119,-6650.6079,296357.1217,OK,0.0000,266.0243,4.0000,96.0000,AG03-UNRESOLVED,ALL5_LEVELS_bet23_to_bet27,266.0243,266.0243,266.0243,332.5304,332.5304,4.000000,4.000000,4.000000,5.000000,5.000000,96.000000,96.000000,96.000000,95.000000,95.000000,5.0,1463.1337,1340.2688,5187.4742,5310.3391,PENDING_AG03,FALSE,NOT_FOR_ENFORCEMENT,6384.5836,256811.4724,6650.6079,6384.5836,266.0243,0.02244119,0.02154355,266.0243,6384.5836,0.02154355,266.0243,266.0243,266.0243,332.5304,332.5304,6384.5836,0.02154355,1463.1337,1340.2688,5187.4742,5310.3391,0.01750413,0.01791872,0.00089765,16.2655,14.6936,0.3653,59.3804,1.1678,2646.0457,162.5536,12.4780,16.8648,9.0895,16.5695,22.0926,29.825,33.4482,44.5976,11.8163,0.0,2.018664,2.691552,0.981654,30,240,141,4,0.10479828,0.02244119,0.04150452,0E-8,0.000000,0.902668,0.011910,-0.02129501,2026-03-22,2026-08-05,112,5695,2177,137,0.817518,0.739886,0.767145,0.349328,,,,,,,,GLOBAL_BASELINE_NO_ENTITY_RANKING,,,NOT_APPLICABLE_GLOBAL_BASELINE,HF9g-P5,,,,X 全窗基线 · 不参与实体赏罚,14195461,1420,A168_HF9F_20260827_0900,2026-08-27 09:00:00
2026-05-06,110249610,2250,0,100.3445161722,-2.5086129043,-2.5086129043,0.6000000,5,5,0.50665070000000000,0.506650700000,0.4175076967804994,0.4175076967804994,0.4175076967804994,0E-17,ELIGIBLE,R03b_20260811_FULL_v1,L1_ELIGIBILITY,v2026-08-11,2026-03-21..2026-08-06,baccarat_bet02_101_all_pairs_incl_sentinel,round_win = game_pnl > 0 (decisive only),COMPATIBILITY_ONLY_NOT_PRODUCTION,296357.1217,267511.9505,6650.6079,18220,18206,-0.02244119,-0.04150452,-0.02020951,-0.02244119,-6650.6079,296357.1217,OK,0.0000,266.0243,4.0000,96.0000,AG03-UNRESOLVED,ALL5_LEVELS_bet23_to_bet27,266.0243,266.0243,266.0243,332.5304,332.5304,4.000000,4.000000,4.000000,5.000000,5.000000,96.000000,96.000000,96.000000,95.000000,95.000000,5.0,1463.1337,1340.2688,5187.4742,5310.3391,PENDING_AG03,FALSE,NOT_FOR_ENFORCEMENT,6384.5836,256811.4724,6650.6079,6384.5836,266.0243,0.02244119,0.02154355,266.0243,6384.5836,0.02154355,266.0243,266.0243,266.0243,332.5304,332.5304,6384.5836,0.02154355,1463.1337,1340.2688,5187.4742,5310.3391,0.01750413,0.01791872,0.00089765,16.2655,14.6936,0.3653,59.3804,1.1678,2646.0457,162.5536,12.4780,16.8648,9.0895,16.5695,22.0926,29.825,33.4482,44.5976,11.8163,0.0,2.018664,2.691552,0.981654,30,240,141,4,0.10479828,0.02244119,0.04150452,0E-8,0.000000,0.902668,0.011910,-0.02129501,2026-03-22,2026-08-05,112,5695,2177,137,0.817518,0.739886,0.767145,0.349328,,,,,,,,GLOBAL_BASELINE_NO_ENTITY_RANKING,,,NOT_APPLICABLE_GLOBAL_BASELINE,HF9g-P5,,,,X 全窗基线 · 不参与实体赏罚,14195462,1420,A168_HF9F_20260827_0900,2026-08-27 09:00:00
2026-05-06,110249610,2254,0,242.4992474162,140.2035878741,140.2035878741,0.8333333,12,12,0.49994810000000000,0.499948100000,2.3097606629493437,2.3097606629493437,2.3097606629493437,0E-17,ELIGIBLE,R03b_20260811_FULL_v1,L1_ELIGIBILITY,v2026-08-11,2026-03-21..2026-08-06,baccarat_bet02_101_all_pairs_incl_sentinel,round_win = game_pnl > 0 (decisive only),COMPATIBILITY_ONLY_NOT_PRODUCTION,296357.1217,267511.9505,6650.6079,18220,18206,-0.02244119,-0.04150452,-0.02020951,-0.02244119,-6650.6079,296357.1217,OK,0.0000,266.0243,4.0000,96.0000,AG03-UNRESOLVED,ALL5_LEVELS_bet23_to_bet27,266.0243,266.0243,266.0243,332.5304,332.5304,4.000000,4.000000,4.000000,5.000000,5.000000,96.000000,96.000000,96.000000,95.000000,95.000000,5.0,1463.1337,1340.2688,5187.4742,5310.3391,PENDING_AG03,FALSE,NOT_FOR_ENFORCEMENT,6384.5836,256811.4724,6650.6079,6384.5836,266.0243,0.02244119,0.02154355,266.0243,6384.5836,0.02154355,266.0243,266.0243,266.0243,332.5304,332.5304,6384.5836,0.02154355,1463.1337,1340.2688,5187.4742,5310.3391,0.01750413,0.01791872,0.00089765,16.2655,14.6936,0.3653,59.3804,1.1678,2646.0457,162.5536,12.4780,16.8648,9.0895,16.5695,22.0926,29.825,33.4482,44.5976,11.8163,0.0,2.018664,2.691552,0.981654,30,240,141,4,0.10479828,0.02244119,0.04150452,0E-8,0.000000,0.902668,0.011910,-0.02129501,2026-03-22,2026-08-05,112,5695,2177,137,0.817518,0.739886,0.767145,0.349328,,,,,,,,GLOBAL_BASELINE_NO_ENTITY_RANKING,,,NOT_APPLICABLE_GLOBAL_BASELINE,HF9g-P5,,,,X 全窗基线 · 不参与实体赏罚,14195463,1420,A168_HF9F_20260827_0900,2026-08-27 09:00:00
2026-05-06,110249610,2256,0,179.9511656686,13.9980600062,13.9980600062,0.5384615,15,15,0.50218230000000000,0.502182300000,0.2616158008831905,0.2616158008831905,0.2616158008831905,0E-17,ELIGIBLE,R03b_20260811_FULL_v1,L1_ELIGIBILITY,v2026-08-11,2026-03-21..2026-08-06,baccarat_bet02_101_all_pairs_incl_sentinel,round_win = game_pnl > 0 (decisive only),COMPATIBILITY_ONLY_NOT_PRODUCTION,296357.1217,267511.9505,6650.6079,18220,18206,-0.02244119,-0.04150452,-0.02020951,-0.02244119,-6650.6079,296357.1217,OK,0.0000,266.0243,4.0000,96.0000,AG03-UNRESOLVED,ALL5_LEVELS_bet23_to_bet27,266.0243,266.0243,266.0243,332.5304,332.5304,4.000000,4.000000,4.000000,5.000000,5.000000,96.000000,96.000000,96.000000,95.000000,95.000000,5.0,1463.1337,1340.2688,5187.4742,5310.3391,PENDING_AG03,FALSE,NOT_FOR_ENFORCEMENT,6384.5836,256811.4724,6650.6079,6384.5836,266.0243,0.02244119,0.02154355,266.0243,6384.5836,0.02154355,266.0243,266.0243,266.0243,332.5304,332.5304,6384.5836,0.02154355,1463.1337,1340.2688,5187.4742,5310.3391,0.01750413,0.01791872,0.00089765,16.2655,14.6936,0.3653,59.3804,1.1678,2646.0457,162.5536,12.4780,16.8648,9.0895,16.5695,22.0926,29.825,33.4482,44.5976,11.8163,0.0,2.018664,2.691552,0.981654,30,240,141,4,0.10479828,0.02244119,0.04150452,0E-8,0.000000,0.902668,0.011910,-0.02129501,2026-03-22,2026-08-05,112,5695,2177,137,0.817518,0.739886,0.767145,0.349328,,,,,,,,GLOBAL_BASELINE_NO_ENTITY_RANKING,,,NOT_APPLICABLE_GLOBAL_BASELINE,HF9g-P5,,,,X 全窗基线 · 不参与实体赏罚,14195464,1420,A168_HF9F_20260827_0900,2026-08-27 09:00:00
2026-05-06,110249610,2261,0,11.1493906858,-11.1493906858,-11.1493906858,0E-7,1,1,0.50665070000000000,0.506650700000,-1.013391052207602,-1.013391052207602,-1.013391052207602,0E-17,ELIGIBLE,R03b_20260811_FULL_v1,L1_ELIGIBILITY,v2026-08-11,2026-03-21..2026-08-06,baccarat_bet02_101_all_pairs_incl_sentinel,round_win = game_pnl > 0 (decisive only),COMPATIBILITY_ONLY_NOT_PRODUCTION,296357.1217,267511.9505,6650.6079,18220,18206,-0.02244119,-0.04150452,-0.02020951,-0.02244119,-6650.6079,296357.1217,OK,0.0000,266.0243,4.0000,96.0000,AG03-UNRESOLVED,ALL5_LEVELS_bet23_to_bet27,266.0243,266.0243,266.0243,332.5304,332.5304,4.000000,4.000000,4.000000,5.000000,5.000000,96.000000,96.000000,96.000000,95.000000,95.000000,5.0,1463.1337,1340.2688,5187.4742,5310.3391,PENDING_AG03,FALSE,NOT_FOR_ENFORCEMENT,6384.5836,256811.4724,6650.6079,6384.5836,266.0243,0.02244119,0.02154355,266.0243,6384.5836,0.02154355,266.0243,266.0243,266.0243,332.5304,332.5304,6384.5836,0.02154355,1463.1337,1340.2688,5187.4742,5310.3391,0.01750413,0.01791872,0.00089765,16.2655,14.6936,0.3653,59.3804,1.1678,2646.0457,162.5536,12.4780,16.8648,9.0895,16.5695,22.0926,29.825,33.4482,44.5976,11.8163,0.0,2.018664,2.691552,0.981654,30,240,141,4,0.10479828,0.02244119,0.04150452,0E-8,0.000000,0.902668,0.011910,-0.02129501,2026-03-22,2026-08-05,112,5695,2177,137,0.817518,0.739886,0.767145,0.349328,,,,,,,,GLOBAL_BASELINE_NO_ENTITY_RANKING,,,NOT_APPLICABLE_GLOBAL_BASELINE,HF9g-P5,,,,X 全窗基线 · 不参与实体赏罚,14195465,1420,A168_HF9F_20260827_0900,2026-08-27 09:00:00
2026-05-06,110249610,2266,0,201.8039714130,107.3965057809,107.3965057809,0.6666667,11,11,0.50665070000000000,0.506650700000,0.9601807448229117,0.9601807448229117,0.9601807448229117,0E-17,ELIGIBLE,R03b_20260811_FULL_v1,L1_ELIGIBILITY,v2026-08-11,2026-03-21..2026-08-06,baccarat_bet02_101_all_pairs_incl_sentinel,round_win = game_pnl > 0 (decisive only),COMPATIBILITY_ONLY_NOT_PRODUCTION,296357.1217,267511.9505,6650.6079,18220,18206,-0.02244119,-0.04150452,-0.02020951,-0.02244119,-6650.6079,296357.1217,OK,0.0000,266.0243,4.0000,96.0000,AG03-UNRESOLVED,ALL5_LEVELS_bet23_to_bet27,266.0243,266.0243,266.0243,332.5304,332.5304,4.000000,4.000000,4.000000,5.000000,5.000000,96.000000,96.000000,96.000000,95.000000,95.000000,5.0,1463.1337,1340.2688,5187.4742,5310.3391,PENDING_AG03,FALSE,NOT_FOR_ENFORCEMENT,6384.5836,256811.4724,6650.6079,6384.5836,266.0243,0.02244119,0.02154355,266.0243,6384.5836,0.02154355,266.0243,266.0243,266.0243,332.5304,332.5304,6384.5836,0.02154355,1463.1337,1340.2688,5187.4742,5310.3391,0.01750413,0.01791872,0.00089765,16.2655,14.6936,0.3653,59.3804,1.1678,2646.0457,162.5536,12.4780,16.8648,9.0895,16.5695,22.0926,29.825,33.4482,44.5976,11.8163,0.0,2.018664,2.691552,0.981654,30,240,141,4,0.10479828,0.02244119,0.04150452,0E-8,0.000000,0.902668,0.011910,-0.02129501,2026-03-22,2026-08-05,112,5695,2177,137,0.817518,0.739886,0.767145,0.349328,,,,,,,,GLOBAL_BASELINE_NO_ENTITY_RANKING,,,NOT_APPLICABLE_GLOBAL_BASELINE,HF9g-P5,,,,X 全窗基线 · 不参与实体赏罚,14195466,1420,A168_HF9F_20260827_0900,2026-08-27 09:00:00
2026-05-06,110249610,462,0,4.7942379950,0.2620106811,0.2620106811,0.5000000,3,3,0.50665070000000000,0.506650700000,-0.018812684590367487,-0.018812684590367487,-0.018812684590367487,0E-17,ELIGIBLE,R03b_20260811_FULL_v1,L1_ELIGIBILITY,v2026-08-11,2026-03-21..2026-08-06,baccarat_bet02_101_all_pairs_incl_sentinel,round_win = game_pnl > 0 (decisive only),COMPATIBILITY_ONLY_NOT_PRODUCTION,296357.1217,267511.9505,6650.6079,18220,18206,-0.02244119,-0.04150452,-0.02020951,-0.02244119,-6650.6079,296357.1217,OK,0.0000,266.0243,4.0000,96.0000,AG03-UNRESOLVED,ALL5_LEVELS_bet23_to_bet27,266.0243,266.0243,266.0243,332.5304,332.5304,4.000000,4.000000,4.000000,5.000000,5.000000,96.000000,96.000000,96.000000,95.000000,95.000000,5.0,1463.1337,1340.2688,5187.4742,5310.3391,PENDING_AG03,FALSE,NOT_FOR_ENFORCEMENT,6384.5836,256811.4724,6650.6079,6384.5836,266.0243,0.02244119,0.02154355,266.0243,6384.5836,0.02154355,266.0243,266.0243,266.0243,332.5304,332.5304,6384.5836,0.02154355,1463.1337,1340.2688,5187.4742,5310.3391,0.01750413,0.01791872,0.00089765,16.2655,14.6936,0.3653,59.3804,1.1678,2646.0457,162.5536,12.4780,16.8648,9.0895,16.5695,22.0926,29.825,33.4482,44.5976,11.8163,0.0,2.018664,2.691552,0.981654,30,240,141,4,0.10479828,0.02244119,0.04150452,0E-8,0.000000,0.902668,0.011910,-0.02129501,2026-03-22,2026-08-05,112,5695,2177,137,0.817518,0.739886,0.767145,0.349328,,,,,,,,GLOBAL_BASELINE_NO_ENTITY_RANKING,,,NOT_APPLICABLE_GLOBAL_BASELINE,HF9g-P5,,,,X 全窗基线 · 不参与实体赏罚,14195467,1420,A168_HF9F_20260827_0900,2026-08-27 09:00:00
2026-05-06,110249610,526,0,141.0397921753,-10.1459455241,-10.1459455241,0.5000000,12,12,0.49324550000000000,0.493245500000,0.04272310742483761,0.04272310742483761,0.04272310742483761,0E-17,ELIGIBLE,R03b_20260811_FULL_v1,L1_ELIGIBILITY,v2026-08-11,2026-03-21..2026-08-06,baccarat_bet02_101_all_pairs_incl_sentinel,round_win = game_pnl > 0 (decisive only),COMPATIBILITY_ONLY_NOT_PRODUCTION,296357.1217,267511.9505,6650.6079,18220,18206,-0.02244119,-0.04150452,-0.02020951,-0.02244119,-6650.6079,296357.1217,OK,0.0000,266.0243,4.0000,96.0000,AG03-UNRESOLVED,ALL5_LEVELS_bet23_to_bet27,266.0243,266.0243,266.0243,332.5304,332.5304,4.000000,4.000000,4.000000,5.000000,5.000000,96.000000,96.000000,96.000000,95.000000,95.000000,5.0,1463.1337,1340.2688,5187.4742,5310.3391,PENDING_AG03,FALSE,NOT_FOR_ENFORCEMENT,6384.5836,256811.4724,6650.6079,6384.5836,266.0243,0.02244119,0.02154355,266.0243,6384.5836,0.02154355,266.0243,266.0243,266.0243,332.5304,332.5304,6384.5836,0.02154355,1463.1337,1340.2688,5187.4742,5310.3391,0.01750413,0.01791872,0.00089765,16.2655,14.6936,0.3653,59.3804,1.1678,2646.0457,162.5536,12.4780,16.8648,9.0895,16.5695,22.0926,29.825,33.4482,44.5976,11.8163,0.0,2.018664,2.691552,0.981654,30,240,141,4,0.10479828,0.02244119,0.04150452,0E-8,0.000000,0.902668,0.011910,-0.02129501,2026-03-22,2026-08-05,112,5695,2177,137,0.817518,0.739886,0.767145,0.349328,,,,,,,,GLOBAL_BASELINE_NO_ENTITY_RANKING,,,NOT_APPLICABLE_GLOBAL_BASELINE,HF9g-P5,,,,X 全窗基线 · 不参与实体赏罚,14195468,1420,A168_HF9F_20260827_0900,2026-08-27 09:00:00
2026-05-06,110249610,550,0,88.0801864178,-11.4281254529,-11.4281254529,0.5000000,4,4,0.49994810000000000,0.499948100000,0.00020760000111838688,0.00020760000111838688,0.00020760000111838688,0E-17,ELIGIBLE,R03b_20260811_FULL_v1,L1_ELIGIBILITY,v2026-08-11,2026-03-21..2026-08-06,baccarat_bet02_101_all_pairs_incl_sentinel,round_win = game_pnl > 0 (decisive only),COMPATIBILITY_ONLY_NOT_PRODUCTION,296357.1217,267511.9505,6650.6079,18220,18206,-0.02244119,-0.04150452,-0.02020951,-0.02244119,-6650.6079,296357.1217,OK,0.0000,266.0243,4.0000,96.0000,AG03-UNRESOLVED,ALL5_LEVELS_bet23_to_bet27,266.0243,266.0243,266.0243,332.5304,332.5304,4.000000,4.000000,4.000000,5.000000,5.000000,96.000000,96.000000,96.000000,95.000000,95.000000,5.0,1463.1337,1340.2688,5187.4742,5310.3391,PENDING_AG03,FALSE,NOT_FOR_ENFORCEMENT,6384.5836,256811.4724,6650.6079,6384.5836,266.0243,0.02244119,0.02154355,266.0243,6384.5836,0.02154355,266.0243,266.0243,266.0243,332.5304,332.5304,6384.5836,0.02154355,1463.1337,1340.2688,5187.4742,5310.3391,0.01750413,0.01791872,0.00089765,16.2655,14.6936,0.3653,59.3804,1.1678,2646.0457,162.5536,12.4780,16.8648,9.0895,16.5695,22.0926,29.825,33.4482,44.5976,11.8163,0.0,2.018664,2.691552,0.981654,30,240,141,4,0.10479828,0.02244119,0.04150452,0E-8,0.000000,0.902668,0.011910,-0.02129501,2026-03-22,2026-08-05,112,5695,2177,137,0.817518,0.739886,0.767145,0.349328,,,,,,,,GLOBAL_BASELINE_NO_ENTITY_RANKING,,,NOT_APPLICABLE_GLOBAL_BASELINE,HF9g-P5,,,,X 全窗基线 · 不参与实体赏罚,14195469,1420,A168_HF9F_20260827_0900,2026-08-27 09:00:00
2026-05-06,110249610,789,0,59.0917706347,-5.2959605757,-5.2959605757,0.5000000,3,3,0.50665070000000000,0.506650700000,-0.018812684590367487,-0.018812684590367487,-0.018812684590367487,0E-17,ELIGIBLE,R03b_20260811_FULL_v1,L1_ELIGIBILITY,v2026-08-11,2026-03-21..2026-08-06,baccarat_bet02_101_all_pairs_incl_sentinel,round_win = game_pnl > 0 (decisive only),COMPATIBILITY_ONLY_NOT_PRODUCTION,296357.1217,267511.9505,6650.6079,18220,18206,-0.02244119,-0.04150452,-0.02020951,-0.02244119,-6650.6079,296357.1217,OK,0.0000,266.0243,4.0000,96.0000,AG03-UNRESOLVED,ALL5_LEVELS_bet23_to_bet27,266.0243,266.0243,266.0243,332.5304,332.5304,4.000000,4.000000,4.000000,5.000000,5.000000,96.000000,96.000000,96.000000,95.000000,95.000000,5.0,1463.1337,1340.2688,5187.4742,5310.3391,PENDING_AG03,FALSE,NOT_FOR_ENFORCEMENT,6384.5836,256811.4724,6650.6079,6384.5836,266.0243,0.02244119,0.02154355,266.0243,6384.5836,0.02154355,266.0243,266.0243,266.0243,332.5304,332.5304,6384.5836,0.02154355,1463.1337,1340.2688,5187.4742,5310.3391,0.01750413,0.01791872,0.00089765,16.2655,14.6936,0.3653,59.3804,1.1678,2646.0457,162.5536,12.4780,16.8648,9.0895,16.5695,22.0926,29.825,33.4482,44.5976,11.8163,0.0,2.018664,2.691552,0.981654,30,240,141,4,0.10479828,0.02244119,0.04150452,0E-8,0.000000,0.902668,0.011910,-0.02129501,2026-03-22,2026-08-05,112,5695,2177,137,0.817518,0.739886,0.767145,0.349328,,,,,,,,GLOBAL_BASELINE_NO_ENTITY_RANKING,,,NOT_APPLICABLE_GLOBAL_BASELINE,HF9g-P5,,,,X 全窗基线 · 不参与实体赏罚,14195470,1420,A168_HF9F_20260827_0900,2026-08-27 09:00:00
2026-05-06,110249610,919,0,69.1262222519,12.5430645215,12.5430645215,0.7142857,7,7,0.49707555714285714,0.497075557143,1.149387776212595,1.1493877762118374,1.149387776212595,-1.4286E-13,ELIGIBLE,R03b_20260811_FULL_v1,L1_ELIGIBILITY,v2026-08-11,2026-03-21..2026-08-06,baccarat_bet02_101_all_pairs_incl_sentinel,round_win = game_pnl > 0 (decisive only),COMPATIBILITY_ONLY_NOT_PRODUCTION,296357.1217,267511.9505,6650.6079,18220,18206,-0.02244119,-0.04150452,-0.02020951,-0.02244119,-6650.6079,296357.1217,OK,0.0000,266.0243,4.0000,96.0000,AG03-UNRESOLVED,ALL5_LEVELS_bet23_to_bet27,266.0243,266.0243,266.0243,332.5304,332.5304,4.000000,4.000000,4.000000,5.000000,5.000000,96.000000,96.000000,96.000000,95.000000,95.000000,5.0,1463.1337,1340.2688,5187.4742,5310.3391,PENDING_AG03,FALSE,NOT_FOR_ENFORCEMENT,6384.5836,256811.4724,6650.6079,6384.5836,266.0243,0.02244119,0.02154355,266.0243,6384.5836,0.02154355,266.0243,266.0243,266.0243,332.5304,332.5304,6384.5836,0.02154355,1463.1337,1340.2688,5187.4742,5310.3391,0.01750413,0.01791872,0.00089765,16.2655,14.6936,0.3653,59.3804,1.1678,2646.0457,162.5536,12.4780,16.8648,9.0895,16.5695,22.0926,29.825,33.4482,44.5976,11.8163,0.0,2.018664,2.691552,0.981654,30,240,141,4,0.10479828,0.02244119,0.04150452,0E-8,0.000000,0.902668,0.011910,-0.02129501,2026-03-22,2026-08-05,112,5695,2177,137,0.817518,0.739886,0.767145,0.349328,,,,,,,,GLOBAL_BASELINE_NO_ENTITY_RANKING,,,NOT_APPLICABLE_GLOBAL_BASELINE,HF9g-P5,,,,X 全窗基线 · 不参与实体赏罚,14195471,1420,A168_HF9F_20260827_0900,2026-08-27 09:00:00
2026-05-06,110249610,948,0,108.8180530935,10.9264028721,10.9264028721,0.6250000,9,9,0.49324550000000000,0.493245500000,0.7453840200312067,0.7453840200312067,0.7453840200312067,0E-17,ELIGIBLE,R03b_20260811_FULL_v1,L1_ELIGIBILITY,v2026-08-11,2026-03-21..2026-08-06,baccarat_bet02_101_all_pairs_incl_sentinel,round_win = game_pnl > 0 (decisive only),COMPATIBILITY_ONLY_NOT_PRODUCTION,296357.1217,267511.9505,6650.6079,18220,18206,-0.02244119,-0.04150452,-0.02020951,-0.02244119,-6650.6079,296357.1217,OK,0.0000,266.0243,4.0000,96.0000,AG03-UNRESOLVED,ALL5_LEVELS_bet23_to_bet27,266.0243,266.0243,266.0243,332.5304,332.5304,4.000000,4.000000,4.000000,5.000000,5.000000,96.000000,96.000000,96.000000,95.000000,95.000000,5.0,1463.1337,1340.2688,5187.4742,5310.3391,PENDING_AG03,FALSE,NOT_FOR_ENFORCEMENT,6384.5836,256811.4724,6650.6079,6384.5836,266.0243,0.02244119,0.02154355,266.0243,6384.5836,0.02154355,266.0243,266.0243,266.0243,332.5304,332.5304,6384.5836,0.02154355,1463.1337,1340.2688,5187.4742,5310.3391,0.01750413,0.01791872,0.00089765,16.2655,14.6936,0.3653,59.3804,1.1678,2646.0457,162.5536,12.4780,16.8648,9.0895,16.5695,22.0926,29.825,33.4482,44.5976,11.8163,0.0,2.018664,2.691552,0.981654,30,240,141,4,0.10479828,0.02244119,0.04150452,0E-8,0.000000,0.902668,0.011910,-0.02129501,2026-03-22,2026-08-05,112,5695,2177,137,0.817518,0.739886,0.767145,0.349328,,,,,,,,GLOBAL_BASELINE_NO_ENTITY_RANKING,,,NOT_APPLICABLE_GLOBAL_BASELINE,HF9g-P5,,,,X 全窗基线 · 不参与实体赏罚,14195472,1420,A168_HF9F_20260827_0900,2026-08-27 09:00:00
2026-05-06,110249610,970,0,77.1537835458,-28.6539340625,-28.6539340625,0.3750000,8,8,0.49827245000000000,0.498272450000,-0.6973384449544185,-0.6973384449544185,-0.6973384449544185,0E-17,ELIGIBLE,R03b_20260811_FULL_v1,L1_ELIGIBILITY,v2026-08-11,2026-03-21..2026-08-06,baccarat_bet02_101_all_pairs_incl_sentinel,round_win = game_pnl > 0 (decisive only),COMPATIBILITY_ONLY_NOT_PRODUCTION,296357.1217,267511.9505,6650.6079,18220,18206,-0.02244119,-0.04150452,-0.02020951,-0.02244119,-6650.6079,296357.1217,OK,0.0000,266.0243,4.0000,96.0000,AG03-UNRESOLVED,ALL5_LEVELS_bet23_to_bet27,266.0243,266.0243,266.0243,332.5304,332.5304,4.000000,4.000000,4.000000,5.000000,5.000000,96.000000,96.000000,96.000000,95.000000,95.000000,5.0,1463.1337,1340.2688,5187.4742,5310.3391,PENDING_AG03,FALSE,NOT_FOR_ENFORCEMENT,6384.5836,256811.4724,6650.6079,6384.5836,266.0243,0.02244119,0.02154355,266.0243,6384.5836,0.02154355,266.0243,266.0243,266.0243,332.5304,332.5304,6384.5836,0.02154355,1463.1337,1340.2688,5187.4742,5310.3391,0.01750413,0.01791872,0.00089765,16.2655,14.6936,0.3653,59.3804,1.1678,2646.0457,162.5536,12.4780,16.8648,9.0895,16.5695,22.0926,29.825,33.4482,44.5976,11.8163,0.0,2.018664,2.691552,0.981654,30,240,141,4,0.10479828,0.02244119,0.04150452,0E-8,0.000000,0.902668,0.011910,-0.02129501,2026-03-22,2026-08-05,112,5695,2177,137,0.817518,0.739886,0.767145,0.349328,,,,,,,,GLOBAL_BASELINE_NO_ENTITY_RANKING,,,NOT_APPLICABLE_GLOBAL_BASELINE,HF9g-P5,,,,X 全窗基线 · 不参与实体赏罚,14195473,1420,A168_HF9F_20260827_0900,2026-08-27 09:00:00
2026-05-06,110249610,986,0,144.9420789154,-11.1493906858,-11.1493906858,0.5000000,6,6,0.49324550000000000,0.493245500000,0.03309317671092531,0.03309317671092531,0.03309317671092531,0E-17,ELIGIBLE,R03b_20260811_FULL_v1,L1_ELIGIBILITY,v2026-08-11,2026-03-21..2026-08-06,baccarat_bet02_101_all_pairs_incl_sentinel,round_win = game_pnl > 0 (decisive only),COMPATIBILITY_ONLY_NOT_PRODUCTION,296357.1217,267511.9505,6650.6079,18220,18206,-0.02244119,-0.04150452,-0.02020951,-0.02244119,-6650.6079,296357.1217,OK,0.0000,266.0243,4.0000,96.0000,AG03-UNRESOLVED,ALL5_LEVELS_bet23_to_bet27,266.0243,266.0243,266.0243,332.5304,332.5304,4.000000,4.000000,4.000000,5.000000,5.000000,96.000000,96.000000,96.000000,95.000000,95.000000,5.0,1463.1337,1340.2688,5187.4742,5310.3391,PENDING_AG03,FALSE,NOT_FOR_ENFORCEMENT,6384.5836,256811.4724,6650.6079,6384.5836,266.0243,0.02244119,0.02154355,266.0243,6384.5836,0.02154355,266.0243,266.0243,266.0243,332.5304,332.5304,6384.5836,0.02154355,1463.1337,1340.2688,5187.4742,5310.3391,0.01750413,0.01791872,0.00089765,16.2655,14.6936,0.3653,59.3804,1.1678,2646.0457,162.5536,12.4780,16.8648,9.0895,16.5695,22.0926,29.825,33.4482,44.5976,11.8163,0.0,2.018664,2.691552,0.981654,30,240,141,4,0.10479828,0.02244119,0.04150452,0E-8,0.000000,0.902668,0.011910,-0.02129501,2026-03-22,2026-08-05,112,5695,2177,137,0.817518,0.739886,0.767145,0.349328,,,,,,,,GLOBAL_BASELINE_NO_ENTITY_RANKING,,,NOT_APPLICABLE_GLOBAL_BASELINE,HF9g-P5,,,,X 全窗基线 · 不参与实体赏罚,14195474,1420,A168_HF9F_20260827_0900,2026-08-27 09:00:00
2026-05-07,110249610,-1,1,183.9649463157,-73.3629907124,-73.3629907124,0.3076923,30,30,0.49816074000000000,0.498160740000,-1.9424176480864794,-1.9424176480864794,-1.9424176480864794,0E-17,SENTINEL_DEALER,R03b_20260811_FULL_v1,L1_ELIGIBILITY,v2026-08-11,2026-03-21..2026-08-06,baccarat_bet02_101_all_pairs_incl_sentinel,round_win = game_pnl > 0 (decisive only),COMPATIBILITY_ONLY_NOT_PRODUCTION,296357.1217,267511.9505,6650.6079,18220,18206,-0.02244119,-0.04150452,-0.02020951,-0.02244119,-6650.6079,296357.1217,OK,0.0000,266.0243,4.0000,96.0000,AG03-UNRESOLVED,ALL5_LEVELS_bet23_to_bet27,266.0243,266.0243,266.0243,332.5304,332.5304,4.000000,4.000000,4.000000,5.000000,5.000000,96.000000,96.000000,96.000000,95.000000,95.000000,5.0,1463.1337,1340.2688,5187.4742,5310.3391,PENDING_AG03,FALSE,NOT_FOR_ENFORCEMENT,6384.5836,256811.4724,6650.6079,6384.5836,266.0243,0.02244119,0.02154355,266.0243,6384.5836,0.02154355,266.0243,266.0243,266.0243,332.5304,332.5304,6384.5836,0.02154355,1463.1337,1340.2688,5187.4742,5310.3391,0.01750413,0.01791872,0.00089765,16.2655,14.6936,0.3653,59.3804,1.1678,2646.0457,162.5536,12.4780,16.8648,9.0895,16.5695,22.0926,29.825,33.4482,44.5976,11.8163,0.0,2.018664,2.691552,0.981654,30,240,141,4,0.10479828,0.02244119,0.04150452,0E-8,0.000000,0.902668,0.011910,-0.02129501,2026-03-22,2026-08-05,112,5695,2177,137,0.817518,0.739886,0.767145,0.349328,,,,,,,,GLOBAL_BASELINE_NO_ENTITY_RANKING,,,NOT_APPLICABLE_GLOBAL_BASELINE,HF9g-P5,,,,X 全窗基线 · 不参与实体赏罚,14195475,1420,A168_HF9F_20260827_0900,2026-08-27 09:00:00
2026-05-07,110249610,1004,0,4.4597562743,-4.4597562743,-4.4597562743,0E-7,1,1,0.49324550000000000,0.493245500000,-0.9865810262130424,-0.9865810262130424,-0.9865810262130424,0E-17,ELIGIBLE,R03b_20260811_FULL_v1,L1_ELIGIBILITY,v2026-08-11,2026-03-21..2026-08-06,baccarat_bet02_101_all_pairs_incl_sentinel,round_win = game_pnl > 0 (decisive only),COMPATIBILITY_ONLY_NOT_PRODUCTION,296357.1217,267511.9505,6650.6079,18220,18206,-0.02244119,-0.04150452,-0.02020951,-0.02244119,-6650.6079,296357.1217,OK,0.0000,266.0243,4.0000,96.0000,AG03-UNRESOLVED,ALL5_LEVELS_bet23_to_bet27,266.0243,266.0243,266.0243,332.5304,332.5304,4.000000,4.000000,4.000000,5.000000,5.000000,96.000000,96.000000,96.000000,95.000000,95.000000,5.0,1463.1337,1340.2688,5187.4742,5310.3391,PENDING_AG03,FALSE,NOT_FOR_ENFORCEMENT,6384.5836,256811.4724,6650.6079,6384.5836,266.0243,0.02244119,0.02154355,266.0243,6384.5836,0.02154355,266.0243,266.0243,266.0243,332.5304,332.5304,6384.5836,0.02154355,1463.1337,1340.2688,5187.4742,5310.3391,0.01750413,0.01791872,0.00089765,16.2655,14.6936,0.3653,59.3804,1.1678,2646.0457,162.5536,12.4780,16.8648,9.0895,16.5695,22.0926,29.825,33.4482,44.5976,11.8163,0.0,2.018664,2.691552,0.981654,30,240,141,4,0.10479828,0.02244119,0.04150452,0E-8,0.000000,0.902668,0.011910,-0.02129501,2026-03-22,2026-08-05,112,5695,2177,137,0.817518,0.739886,0.767145,0.349328,,,,,,,,GLOBAL_BASELINE_NO_ENTITY_RANKING,,,NOT_APPLICABLE_GLOBAL_BASELINE,HF9g-P5,,,,X 全窗基线 · 不参与实体赏罚,14195476,1420,A168_HF9F_20260827_0900,2026-08-27 09:00:00
2026-05-07,110249610,1210,0,13.9367383573,-5.2402136224,-5.2402136224,0.3333333,3,3,0.50218230000000000,0.502182300000,-0.5849155494134425,-0.5849155494134426,-0.5849155494134425,0E-17,ELIGIBLE,R03b_20260811_FULL_v1,L1_ELIGIBILITY,v2026-08-11,2026-03-21..2026-08-06,baccarat_bet02_101_all_pairs_incl_sentinel,round_win = game_pnl > 0 (decisive only),COMPATIBILITY_ONLY_NOT_PRODUCTION,296357.1217,267511.9505,6650.6079,18220,18206,-0.02244119,-0.04150452,-0.02020951,-0.02244119,-6650.6079,296357.1217,OK,0.0000,266.0243,4.0000,96.0000,AG03-UNRESOLVED,ALL5_LEVELS_bet23_to_bet27,266.0243,266.0243,266.0243,332.5304,332.5304,4.000000,4.000000,4.000000,5.000000,5.000000,96.000000,96.000000,96.000000,95.000000,95.000000,5.0,1463.1337,1340.2688,5187.4742,5310.3391,PENDING_AG03,FALSE,NOT_FOR_ENFORCEMENT,6384.5836,256811.4724,6650.6079,6384.5836,266.0243,0.02244119,0.02154355,266.0243,6384.5836,0.02154355,266.0243,266.0243,266.0243,332.5304,332.5304,6384.5836,0.02154355,1463.1337,1340.2688,5187.4742,5310.3391,0.01750413,0.01791872,0.00089765,16.2655,14.6936,0.3653,59.3804,1.1678,2646.0457,162.5536,12.4780,16.8648,9.0895,16.5695,22.0926,29.825,33.4482,44.5976,11.8163,0.0,2.018664,2.691552,0.981654,30,240,141,4,0.10479828,0.02244119,0.04150452,0E-8,0.000000,0.902668,0.011910,-0.02129501,2026-03-22,2026-08-05,112,5695,2177,137,0.817518,0.739886,0.767145,0.349328,,,,,,,,GLOBAL_BASELINE_NO_ENTITY_RANKING,,,NOT_APPLICABLE_GLOBAL_BASELINE,HF9g-P5,,,,X 全窗基线 · 不参与实体赏罚,14195477,1420,A168_HF9F_20260827_0900,2026-08-27 09:00:00
2026-05-07,110249610,1318,0,2.2298781372,-2.2298781372,-2.2298781372,0E-7,1,1,0.49324550000000000,0.493245500000,-0.9865810262130424,-0.9865810262130424,-0.9865810262130424,0E-17,ELIGIBLE,R03b_20260811_FULL_v1,L1_ELIGIBILITY,v2026-08-11,2026-03-21..2026-08-06,baccarat_bet02_101_all_pairs_incl_sentinel,round_win = game_pnl > 0 (decisive only),COMPATIBILITY_ONLY_NOT_PRODUCTION,296357.1217,267511.9505,6650.6079,18220,18206,-0.02244119,-0.04150452,-0.02020951,-0.02244119,-6650.6079,296357.1217,OK,0.0000,266.0243,4.0000,96.0000,AG03-UNRESOLVED,ALL5_LEVELS_bet23_to_bet27,266.0243,266.0243,266.0243,332.5304,332.5304,4.000000,4.000000,4.000000,5.000000,5.000000,96.000000,96.000000,96.000000,95.000000,95.000000,5.0,1463.1337,1340.2688,5187.4742,5310.3391,PENDING_AG03,FALSE,NOT_FOR_ENFORCEMENT,6384.5836,256811.4724,6650.6079,6384.5836,266.0243,0.02244119,0.02154355,266.0243,6384.5836,0.02154355,266.0243,266.0243,266.0243,332.5304,332.5304,6384.5836,0.02154355,1463.1337,1340.2688,5187.4742,5310.3391,0.01750413,0.01791872,0.00089765,16.2655,14.6936,0.3653,59.3804,1.1678,2646.0457,162.5536,12.4780,16.8648,9.0895,16.5695,22.0926,29.825,33.4482,44.5976,11.8163,0.0,2.018664,2.691552,0.981654,30,240,141,4,0.10479828,0.02244119,0.04150452,0E-8,0.000000,0.902668,0.011910,-0.02129501,2026-03-22,2026-08-05,112,5695,2177,137,0.817518,0.739886,0.767145,0.349328,,,,,,,,GLOBAL_BASELINE_NO_ENTITY_RANKING,,,NOT_APPLICABLE_GLOBAL_BASELINE,HF9g-P5,,,,X 全窗基线 · 不参与实体赏罚,14195478,1420,A168_HF9F_20260827_0900,2026-08-27 09:00:00
2026-05-07,110249610,1385,0,4.9057319018,-4.9057319018,-4.9057319018,0E-7,1,1,0.49324550000000000,0.493245500000,-0.9865810262130424,-0.9865810262130424,-0.9865810262130424,0E-17,ELIGIBLE,R03b_20260811_FULL_v1,L1_ELIGIBILITY,v2026-08-11,2026-03-21..2026-08-06,baccarat_bet02_101_all_pairs_incl_sentinel,round_win = game_pnl > 0 (decisive only),COMPATIBILITY_ONLY_NOT_PRODUCTION,296357.1217,267511.9505,6650.6079,18220,18206,-0.02244119,-0.04150452,-0.02020951,-0.02244119,-6650.6079,296357.1217,OK,0.0000,266.0243,4.0000,96.0000,AG03-UNRESOLVED,ALL5_LEVELS_bet23_to_bet27,266.0243,266.0243,266.0243,332.5304,332.5304,4.000000,4.000000,4.000000,5.000000,5.000000,96.000000,96.000000,96.000000,95.000000,95.000000,5.0,1463.1337,1340.2688,5187.4742,5310.3391,PENDING_AG03,FALSE,NOT_FOR_ENFORCEMENT,6384.5836,256811.4724,6650.6079,6384.5836,266.0243,0.02244119,0.02154355,266.0243,6384.5836,0.02154355,266.0243,266.0243,266.0243,332.5304,332.5304,6384.5836,0.02154355,1463.1337,1340.2688,5187.4742,5310.3391,0.01750413,0.01791872,0.00089765,16.2655,14.6936,0.3653,59.3804,1.1678,2646.0457,162.5536,12.4780,16.8648,9.0895,16.5695,22.0926,29.825,33.4482,44.5976,11.8163,0.0,2.018664,2.691552,0.981654,30,240,141,4,0.10479828,0.02244119,0.04150452,0E-8,0.000000,0.902668,0.011910,-0.02129501,2026-03-22,2026-08-05,112,5695,2177,137,0.817518,0.739886,0.767145,0.349328,,,,,,,,GLOBAL_BASELINE_NO_ENTITY_RANKING,,,NOT_APPLICABLE_GLOBAL_BASELINE,HF9g-P5,,,,X 全窗基线 · 不参与实体赏罚,14195479,1420,A168_HF9F_20260827_0900,2026-08-27 09:00:00
2026-05-07,110249610,1396,0,4.4597562743,-4.4597562743,-4.4597562743,0E-7,1,1,0.49324550000000000,0.493245500000,-0.9865810262130424,-0.9865810262130424,-0.9865810262130424,0E-17,ELIGIBLE,R03b_20260811_FULL_v1,L1_ELIGIBILITY,v2026-08-11,2026-03-21..2026-08-06,baccarat_bet02_101_all_pairs_incl_sentinel,round_win = game_pnl > 0 (decisive only),COMPATIBILITY_ONLY_NOT_PRODUCTION,296357.1217,267511.9505,6650.6079,18220,18206,-0.02244119,-0.04150452,-0.02020951,-0.02244119,-6650.6079,296357.1217,OK,0.0000,266.0243,4.0000,96.0000,AG03-UNRESOLVED,ALL5_LEVELS_bet23_to_bet27,266.0243,266.0243,266.0243,332.5304,332.5304,4.000000,4.000000,4.000000,5.000000,5.000000,96.000000,96.000000,96.000000,95.000000,95.000000,5.0,1463.1337,1340.2688,5187.4742,5310.3391,PENDING_AG03,FALSE,NOT_FOR_ENFORCEMENT,6384.5836,256811.4724,6650.6079,6384.5836,266.0243,0.02244119,0.02154355,266.0243,6384.5836,0.02154355,266.0243,266.0243,266.0243,332.5304,332.5304,6384.5836,0.02154355,1463.1337,1340.2688,5187.4742,5310.3391,0.01750413,0.01791872,0.00089765,16.2655,14.6936,0.3653,59.3804,1.1678,2646.0457,162.5536,12.4780,16.8648,9.0895,16.5695,22.0926,29.825,33.4482,44.5976,11.8163,0.0,2.018664,2.691552,0.981654,30,240,141,4,0.10479828,0.02244119,0.04150452,0E-8,0.000000,0.902668,0.011910,-0.02129501,2026-03-22,2026-08-05,112,5695,2177,137,0.817518,0.739886,0.767145,0.349328,,,,,,,,GLOBAL_BASELINE_NO_ENTITY_RANKING,,,NOT_APPLICABLE_GLOBAL_BASELINE,HF9g-P5,,,,X 全窗基线 · 不参与实体赏罚,14195480,1420,A168_HF9F_20260827_0900,2026-08-27 09:00:00
2026-05-07,110249610,1401,0,11.1493906858,-11.1493906858,-11.1493906858,0E-7,2,2,0.49324550000000000,0.493245500000,-1.3952362676504506,-1.3952362676504506,-1.3952362676504506,0E-17,ELIGIBLE,R03b_20260811_FULL_v1,L1_ELIGIBILITY,v2026-08-11,2026-03-21..2026-08-06,baccarat_bet02_101_all_pairs_incl_sentinel,round_win = game_pnl > 0 (decisive only),COMPATIBILITY_ONLY_NOT_PRODUCTION,296357.1217,267511.9505,6650.6079,18220,18206,-0.02244119,-0.04150452,-0.02020951,-0.02244119,-6650.6079,296357.1217,OK,0.0000,266.0243,4.0000,96.0000,AG03-UNRESOLVED,ALL5_LEVELS_bet23_to_bet27,266.0243,266.0243,266.0243,332.5304,332.5304,4.000000,4.000000,4.000000,5.000000,5.000000,96.000000,96.000000,96.000000,95.000000,95.000000,5.0,1463.1337,1340.2688,5187.4742,5310.3391,PENDING_AG03,FALSE,NOT_FOR_ENFORCEMENT,6384.5836,256811.4724,6650.6079,6384.5836,266.0243,0.02244119,0.02154355,266.0243,6384.5836,0.02154355,266.0243,266.0243,266.0243,332.5304,332.5304,6384.5836,0.02154355,1463.1337,1340.2688,5187.4742,5310.3391,0.01750413,0.01791872,0.00089765,16.2655,14.6936,0.3653,59.3804,1.1678,2646.0457,162.5536,12.4780,16.8648,9.0895,16.5695,22.0926,29.825,33.4482,44.5976,11.8163,0.0,2.018664,2.691552,0.981654,30,240,141,4,0.10479828,0.02244119,0.04150452,0E-8,0.000000,0.902668,0.011910,-0.02129501,2026-03-22,2026-08-05,112,5695,2177,137,0.817518,0.739886,0.767145,0.349328,,,,,,,,GLOBAL_BASELINE_NO_ENTITY_RANKING,,,NOT_APPLICABLE_GLOBAL_BASELINE,HF9g-P5,,,,X 全窗基线 · 不参与实体赏罚,14195481,1420,A168_HF9F_20260827_0900,2026-08-27 09:00:00
2026-05-07,110249610,1485,0,31.2182939202,17.0585677492,17.0585677492,0.8000000,5,5,0.49860758000000000,0.498607580000,1.3478731046594083,1.3478731046594083,1.3478731046594083,0E-17,ELIGIBLE,R03b_20260811_FULL_v1,L1_ELIGIBILITY,v2026-08-11,2026-03-21..2026-08-06,baccarat_bet02_101_all_pairs_incl_sentinel,round_win = game_pnl > 0 (decisive only),COMPATIBILITY_ONLY_NOT_PRODUCTION,296357.1217,267511.9505,6650.6079,18220,18206,-0.02244119,-0.04150452,-0.02020951,-0.02244119,-6650.6079,296357.1217,OK,0.0000,266.0243,4.0000,96.0000,AG03-UNRESOLVED,ALL5_LEVELS_bet23_to_bet27,266.0243,266.0243,266.0243,332.5304,332.5304,4.000000,4.000000,4.000000,5.000000,5.000000,96.000000,96.000000,96.000000,95.000000,95.000000,5.0,1463.1337,1340.2688,5187.4742,5310.3391,PENDING_AG03,FALSE,NOT_FOR_ENFORCEMENT,6384.5836,256811.4724,6650.6079,6384.5836,266.0243,0.02244119,0.02154355,266.0243,6384.5836,0.02154355,266.0243,266.0243,266.0243,332.5304,332.5304,6384.5836,0.02154355,1463.1337,1340.2688,5187.4742,5310.3391,0.01750413,0.01791872,0.00089765,16.2655,14.6936,0.3653,59.3804,1.1678,2646.0457,162.5536,12.4780,16.8648,9.0895,16.5695,22.0926,29.825,33.4482,44.5976,11.8163,0.0,2.018664,2.691552,0.981654,30,240,141,4,0.10479828,0.02244119,0.04150452,0E-8,0.000000,0.902668,0.011910,-0.02129501,2026-03-22,2026-08-05,112,5695,2177,137,0.817518,0.739886,0.767145,0.349328,,,,,,,,GLOBAL_BASELINE_NO_ENTITY_RANKING,,,NOT_APPLICABLE_GLOBAL_BASELINE,HF9g-P5,,,,X 全窗基线 · 不参与实体赏罚,14195482,1420,A168_HF9F_20260827_0900,2026-08-27 09:00:00
2026-05-07,110249610,1490,0,30.1033548518,0.3902286740,0.3902286740,0.6000000,6,6,0.50665070000000000,0.506650700000,0.4175076967804994,0.4175076967804994,0.4175076967804994,0E-17,ELIGIBLE,R03b_20260811_FULL_v1,L1_ELIGIBILITY,v2026-08-11,2026-03-21..2026-08-06,baccarat_bet02_101_all_pairs_incl_sentinel,round_win = game_pnl > 0 (decisive only),COMPATIBILITY_ONLY_NOT_PRODUCTION,296357.1217,267511.9505,6650.6079,18220,18206,-0.02244119,-0.04150452,-0.02020951,-0.02244119,-6650.6079,296357.1217,OK,0.0000,266.0243,4.0000,96.0000,AG03-UNRESOLVED,ALL5_LEVELS_bet23_to_bet27,266.0243,266.0243,266.0243,332.5304,332.5304,4.000000,4.000000,4.000000,5.000000,5.000000,96.000000,96.000000,96.000000,95.000000,95.000000,5.0,1463.1337,1340.2688,5187.4742,5310.3391,PENDING_AG03,FALSE,NOT_FOR_ENFORCEMENT,6384.5836,256811.4724,6650.6079,6384.5836,266.0243,0.02244119,0.02154355,266.0243,6384.5836,0.02154355,266.0243,266.0243,266.0243,332.5304,332.5304,6384.5836,0.02154355,1463.1337,1340.2688,5187.4742,5310.3391,0.01750413,0.01791872,0.00089765,16.2655,14.6936,0.3653,59.3804,1.1678,2646.0457,162.5536,12.4780,16.8648,9.0895,16.5695,22.0926,29.825,33.4482,44.5976,11.8163,0.0,2.018664,2.691552,0.981654,30,240,141,4,0.10479828,0.02244119,0.04150452,0E-8,0.000000,0.902668,0.011910,-0.02129501,2026-03-22,2026-08-05,112,5695,2177,137,0.817518,0.739886,0.767145,0.349328,,,,,,,,GLOBAL_BASELINE_NO_ENTITY_RANKING,,,NOT_APPLICABLE_GLOBAL_BASELINE,HF9g-P5,,,,X 全窗基线 · 不参与实体赏罚,14195483,1420,A168_HF9F_20260827_0900,2026-08-27 09:00:00
2026-05-07,110249610,1505,0,2.1183842303,-2.1183842303,-2.1183842303,0E-7,1,1,0.49324550000000000,0.493245500000,-0.9865810262130424,-0.9865810262130424,-0.9865810262130424,0E-17,ELIGIBLE,R03b_20260811_FULL_v1,L1_ELIGIBILITY,v2026-08-11,2026-03-21..2026-08-06,baccarat_bet02_101_all_pairs_incl_sentinel,round_win = game_pnl > 0 (decisive only),COMPATIBILITY_ONLY_NOT_PRODUCTION,296357.1217,267511.9505,6650.6079,18220,18206,-0.02244119,-0.04150452,-0.02020951,-0.02244119,-6650.6079,296357.1217,OK,0.0000,266.0243,4.0000,96.0000,AG03-UNRESOLVED,ALL5_LEVELS_bet23_to_bet27,266.0243,266.0243,266.0243,332.5304,332.5304,4.000000,4.000000,4.000000,5.000000,5.000000,96.000000,96.000000,96.000000,95.000000,95.000000,5.0,1463.1337,1340.2688,5187.4742,5310.3391,PENDING_AG03,FALSE,NOT_FOR_ENFORCEMENT,6384.5836,256811.4724,6650.6079,6384.5836,266.0243,0.02244119,0.02154355,266.0243,6384.5836,0.02154355,266.0243,266.0243,266.0243,332.5304,332.5304,6384.5836,0.02154355,1463.1337,1340.2688,5187.4742,5310.3391,0.01750413,0.01791872,0.00089765,16.2655,14.6936,0.3653,59.3804,1.1678,2646.0457,162.5536,12.4780,16.8648,9.0895,16.5695,22.0926,29.825,33.4482,44.5976,11.8163,0.0,2.018664,2.691552,0.981654,30,240,141,4,0.10479828,0.02244119,0.04150452,0E-8,0.000000,0.902668,0.011910,-0.02129501,2026-03-22,2026-08-05,112,5695,2177,137,0.817518,0.739886,0.767145,0.349328,,,,,,,,GLOBAL_BASELINE_NO_ENTITY_RANKING,,,NOT_APPLICABLE_GLOBAL_BASELINE,HF9g-P5,,,,X 全窗基线 · 不参与实体赏罚,14195484,1420,A168_HF9F_20260827_0900,2026-08-27 09:00:00
2026-05-07,110249610,1623,0,6.6896344115,-6.6896344115,-6.6896344115,0E-7,1,1,0.50665070000000000,0.506650700000,-1.013391052207602,-1.013391052207602,-1.013391052207602,0E-17,ELIGIBLE,R03b_20260811_FULL_v1,L1_ELIGIBILITY,v2026-08-11,2026-03-21..2026-08-06,baccarat_bet02_101_all_pairs_incl_sentinel,round_win = game_pnl > 0 (decisive only),COMPATIBILITY_ONLY_NOT_PRODUCTION,296357.1217,267511.9505,6650.6079,18220,18206,-0.02244119,-0.04150452,-0.02020951,-0.02244119,-6650.6079,296357.1217,OK,0.0000,266.0243,4.0000,96.0000,AG03-UNRESOLVED,ALL5_LEVELS_bet23_to_bet27,266.0243,266.0243,266.0243,332.5304,332.5304,4.000000,4.000000,4.000000,5.000000,5.000000,96.000000,96.000000,96.000000,95.000000,95.000000,5.0,1463.1337,1340.2688,5187.4742,5310.3391,PENDING_AG03,FALSE,NOT_FOR_ENFORCEMENT,6384.5836,256811.4724,6650.6079,6384.5836,266.0243,0.02244119,0.02154355,266.0243,6384.5836,0.02154355,266.0243,266.0243,266.0243,332.5304,332.5304,6384.5836,0.02154355,1463.1337,1340.2688,5187.4742,5310.3391,0.01750413,0.01791872,0.00089765,16.2655,14.6936,0.3653,59.3804,1.1678,2646.0457,162.5536,12.4780,16.8648,9.0895,16.5695,22.0926,29.825,33.4482,44.5976,11.8163,0.0,2.018664,2.691552,0.981654,30,240,141,4,0.10479828,0.02244119,0.04150452,0E-8,0.000000,0.902668,0.011910,-0.02129501,2026-03-22,2026-08-05,112,5695,2177,137,0.817518,0.739886,0.767145,0.349328,,,,,,,,GLOBAL_BASELINE_NO_ENTITY_RANKING,,,NOT_APPLICABLE_GLOBAL_BASELINE,HF9g-P5,,,,X 全窗基线 · 不参与实体赏罚,14195485,1420,A168_HF9F_20260827_0900,2026-08-27 09:00:00
2026-05-07,110249610,1645,0,11.7068602201,-1.6724086029,-1.6724086029,0.5000000,2,2,0.49324550000000000,0.493245500000,0.01910635448239258,0.01910635448239258,0.01910635448239258,0E-17,ELIGIBLE,R03b_20260811_FULL_v1,L1_ELIGIBILITY,v2026-08-11,2026-03-21..2026-08-06,baccarat_bet02_101_all_pairs_incl_sentinel,round_win = game_pnl > 0 (decisive only),COMPATIBILITY_ONLY_NOT_PRODUCTION,296357.1217,267511.9505,6650.6079,18220,18206,-0.02244119,-0.04150452,-0.02020951,-0.02244119,-6650.6079,296357.1217,OK,0.0000,266.0243,4.0000,96.0000,AG03-UNRESOLVED,ALL5_LEVELS_bet23_to_bet27,266.0243,266.0243,266.0243,332.5304,332.5304,4.000000,4.000000,4.000000,5.000000,5.000000,96.000000,96.000000,96.000000,95.000000,95.000000,5.0,1463.1337,1340.2688,5187.4742,5310.3391,PENDING_AG03,FALSE,NOT_FOR_ENFORCEMENT,6384.5836,256811.4724,6650.6079,6384.5836,266.0243,0.02244119,0.02154355,266.0243,6384.5836,0.02154355,266.0243,266.0243,266.0243,332.5304,332.5304,6384.5836,0.02154355,1463.1337,1340.2688,5187.4742,5310.3391,0.01750413,0.01791872,0.00089765,16.2655,14.6936,0.3653,59.3804,1.1678,2646.0457,162.5536,12.4780,16.8648,9.0895,16.5695,22.0926,29.825,33.4482,44.5976,11.8163,0.0,2.018664,2.691552,0.981654,30,240,141,4,0.10479828,0.02244119,0.04150452,0E-8,0.000000,0.902668,0.011910,-0.02129501,2026-03-22,2026-08-05,112,5695,2177,137,0.817518,0.739886,0.767145,0.349328,,,,,,,,GLOBAL_BASELINE_NO_ENTITY_RANKING,,,NOT_APPLICABLE_GLOBAL_BASELINE,HF9g-P5,,,,X 全窗基线 · 不参与实体赏罚,14195486,1420,A168_HF9F_20260827_0900,2026-08-27 09:00:00
2026-05-07,110249610,1654,0,22.8562509059,-8.7243982116,-8.7243982116,0.3333333,3,3,0.50665070000000000,0.506650700000,-0.6004420894325239,-0.6004420894325239,-0.6004420894325239,0E-17,ELIGIBLE,R03b_20260811_FULL_v1,L1_ELIGIBILITY,v2026-08-11,2026-03-21..2026-08-06,baccarat_bet02_101_all_pairs_incl_sentinel,round_win = game_pnl > 0 (decisive only),COMPATIBILITY_ONLY_NOT_PRODUCTION,296357.1217,267511.9505,6650.6079,18220,18206,-0.02244119,-0.04150452,-0.02020951,-0.02244119,-6650.6079,296357.1217,OK,0.0000,266.0243,4.0000,96.0000,AG03-UNRESOLVED,ALL5_LEVELS_bet23_to_bet27,266.0243,266.0243,266.0243,332.5304,332.5304,4.000000,4.000000,4.000000,5.000000,5.000000,96.000000,96.000000,96.000000,95.000000,95.000000,5.0,1463.1337,1340.2688,5187.4742,5310.3391,PENDING_AG03,FALSE,NOT_FOR_ENFORCEMENT,6384.5836,256811.4724,6650.6079,6384.5836,266.0243,0.02244119,0.02154355,266.0243,6384.5836,0.02154355,266.0243,266.0243,266.0243,332.5304,332.5304,6384.5836,0.02154355,1463.1337,1340.2688,5187.4742,5310.3391,0.01750413,0.01791872,0.00089765,16.2655,14.6936,0.3653,59.3804,1.1678,2646.0457,162.5536,12.4780,16.8648,9.0895,16.5695,22.0926,29.825,33.4482,44.5976,11.8163,0.0,2.018664,2.691552,0.981654,30,240,141,4,0.10479828,0.02244119,0.04150452,0E-8,0.000000,0.902668,0.011910,-0.02129501,2026-03-22,2026-08-05,112,5695,2177,137,0.817518,0.739886,0.767145,0.349328,,,,,,,,GLOBAL_BASELINE_NO_ENTITY_RANKING,,,NOT_APPLICABLE_GLOBAL_BASELINE,HF9g-P5,,,,X 全窗基线 · 不参与实体赏罚,14195487,1420,A168_HF9F_20260827_0900,2026-08-27 09:00:00
2026-05-07,110249610,2106,0,10.0344516173,9.6442229433,9.6442229433,1.0000000,4,4,0.50329940000000000,0.503299400000,1.9868456582349654,1.9868456582349654,1.9868456582349654,0E-17,ELIGIBLE,R03b_20260811_FULL_v1,L1_ELIGIBILITY,v2026-08-11,2026-03-21..2026-08-06,baccarat_bet02_101_all_pairs_incl_sentinel,round_win = game_pnl > 0 (decisive only),COMPATIBILITY_ONLY_NOT_PRODUCTION,296357.1217,267511.9505,6650.6079,18220,18206,-0.02244119,-0.04150452,-0.02020951,-0.02244119,-6650.6079,296357.1217,OK,0.0000,266.0243,4.0000,96.0000,AG03-UNRESOLVED,ALL5_LEVELS_bet23_to_bet27,266.0243,266.0243,266.0243,332.5304,332.5304,4.000000,4.000000,4.000000,5.000000,5.000000,96.000000,96.000000,96.000000,95.000000,95.000000,5.0,1463.1337,1340.2688,5187.4742,5310.3391,PENDING_AG03,FALSE,NOT_FOR_ENFORCEMENT,6384.5836,256811.4724,6650.6079,6384.5836,266.0243,0.02244119,0.02154355,266.0243,6384.5836,0.02154355,266.0243,266.0243,266.0243,332.5304,332.5304,6384.5836,0.02154355,1463.1337,1340.2688,5187.4742,5310.3391,0.01750413,0.01791872,0.00089765,16.2655,14.6936,0.3653,59.3804,1.1678,2646.0457,162.5536,12.4780,16.8648,9.0895,16.5695,22.0926,29.825,33.4482,44.5976,11.8163,0.0,2.018664,2.691552,0.981654,30,240,141,4,0.10479828,0.02244119,0.04150452,0E-8,0.000000,0.902668,0.011910,-0.02129501,2026-03-22,2026-08-05,112,5695,2177,137,0.817518,0.739886,0.767145,0.349328,,,,,,,,GLOBAL_BASELINE_NO_ENTITY_RANKING,,,NOT_APPLICABLE_GLOBAL_BASELINE,HF9g-P5,,,,X 全窗基线 · 不参与实体赏罚,14195488,1420,A168_HF9F_20260827_0900,2026-08-27 09:00:00
2026-05-07,110249610,2108,0,4.3482623675,-4.3482623675,-4.3482623675,0E-7,1,1,0.50665070000000000,0.506650700000,-1.013391052207602,-1.013391052207602,-1.013391052207602,0E-17,ELIGIBLE,R03b_20260811_FULL_v1,L1_ELIGIBILITY,v2026-08-11,2026-03-21..2026-08-06,baccarat_bet02_101_all_pairs_incl_sentinel,round_win = game_pnl > 0 (decisive only),COMPATIBILITY_ONLY_NOT_PRODUCTION,296357.1217,267511.9505,6650.6079,18220,18206,-0.02244119,-0.04150452,-0.02020951,-0.02244119,-6650.6079,296357.1217,OK,0.0000,266.0243,4.0000,96.0000,AG03-UNRESOLVED,ALL5_LEVELS_bet23_to_bet27,266.0243,266.0243,266.0243,332.5304,332.5304,4.000000,4.000000,4.000000,5.000000,5.000000,96.000000,96.000000,96.000000,95.000000,95.000000,5.0,1463.1337,1340.2688,5187.4742,5310.3391,PENDING_AG03,FALSE,NOT_FOR_ENFORCEMENT,6384.5836,256811.4724,6650.6079,6384.5836,266.0243,0.02244119,0.02154355,266.0243,6384.5836,0.02154355,266.0243,266.0243,266.0243,332.5304,332.5304,6384.5836,0.02154355,1463.1337,1340.2688,5187.4742,5310.3391,0.01750413,0.01791872,0.00089765,16.2655,14.6936,0.3653,59.3804,1.1678,2646.0457,162.5536,12.4780,16.8648,9.0895,16.5695,22.0926,29.825,33.4482,44.5976,11.8163,0.0,2.018664,2.691552,0.981654,30,240,141,4,0.10479828,0.02244119,0.04150452,0E-8,0.000000,0.902668,0.011910,-0.02129501,2026-03-22,2026-08-05,112,5695,2177,137,0.817518,0.739886,0.767145,0.349328,,,,,,,,GLOBAL_BASELINE_NO_ENTITY_RANKING,,,NOT_APPLICABLE_GLOBAL_BASELINE,HF9g-P5,,,,X 全窗基线 · 不参与实体赏罚,14195489,1420,A168_HF9F_20260827_0900,2026-08-27 09:00:00
2026-05-07,110249610,2142,0,13.3792688230,-9.0310064555,-9.0310064555,0.5000000,2,2,0.50665070000000000,0.506650700000,-0.018812684590367487,-0.018812684590367487,-0.018812684590367487,0E-17,ELIGIBLE,R03b_20260811_FULL_v1,L1_ELIGIBILITY,v2026-08-11,2026-03-21..2026-08-06,baccarat_bet02_101_all_pairs_incl_sentinel,round_win = game_pnl > 0 (decisive only),COMPATIBILITY_ONLY_NOT_PRODUCTION,296357.1217,267511.9505,6650.6079,18220,18206,-0.02244119,-0.04150452,-0.02020951,-0.02244119,-6650.6079,296357.1217,OK,0.0000,266.0243,4.0000,96.0000,AG03-UNRESOLVED,ALL5_LEVELS_bet23_to_bet27,266.0243,266.0243,266.0243,332.5304,332.5304,4.000000,4.000000,4.000000,5.000000,5.000000,96.000000,96.000000,96.000000,95.000000,95.000000,5.0,1463.1337,1340.2688,5187.4742,5310.3391,PENDING_AG03,FALSE,NOT_FOR_ENFORCEMENT,6384.5836,256811.4724,6650.6079,6384.5836,266.0243,0.02244119,0.02154355,266.0243,6384.5836,0.02154355,266.0243,266.0243,266.0243,332.5304,332.5304,6384.5836,0.02154355,1463.1337,1340.2688,5187.4742,5310.3391,0.01750413,0.01791872,0.00089765,16.2655,14.6936,0.3653,59.3804,1.1678,2646.0457,162.5536,12.4780,16.8648,9.0895,16.5695,22.0926,29.825,33.4482,44.5976,11.8163,0.0,2.018664,2.691552,0.981654,30,240,141,4,0.10479828,0.02244119,0.04150452,0E-8,0.000000,0.902668,0.011910,-0.02129501,2026-03-22,2026-08-05,112,5695,2177,137,0.817518,0.739886,0.767145,0.349328,,,,,,,,GLOBAL_BASELINE_NO_ENTITY_RANKING,,,NOT_APPLICABLE_GLOBAL_BASELINE,HF9g-P5,,,,X 全窗基线 · 不参与实体赏罚,14195490,1420,A168_HF9F_20260827_0900,2026-08-27 09:00:00
2026-05-07,110249610,2152,0,11.1493906858,4.2367684606,4.2367684606,1.0000000,2,2,0.50665070000000000,0.506650700000,0.9867858985152569,0.9867858985152569,0.9867858985152569,0E-17,ELIGIBLE,R03b_20260811_FULL_v1,L1_ELIGIBILITY,v2026-08-11,2026-03-21..2026-08-06,baccarat_bet02_101_all_pairs_incl_sentinel,round_win = game_pnl > 0 (decisive only),COMPATIBILITY_ONLY_NOT_PRODUCTION,296357.1217,267511.9505,6650.6079,18220,18206,-0.02244119,-0.04150452,-0.02020951,-0.02244119,-6650.6079,296357.1217,OK,0.0000,266.0243,4.0000,96.0000,AG03-UNRESOLVED,ALL5_LEVELS_bet23_to_bet27,266.0243,266.0243,266.0243,332.5304,332.5304,4.000000,4.000000,4.000000,5.000000,5.000000,96.000000,96.000000,96.000000,95.000000,95.000000,5.0,1463.1337,1340.2688,5187.4742,5310.3391,PENDING_AG03,FALSE,NOT_FOR_ENFORCEMENT,6384.5836,256811.4724,6650.6079,6384.5836,266.0243,0.02244119,0.02154355,266.0243,6384.5836,0.02154355,266.0243,266.0243,266.0243,332.5304,332.5304,6384.5836,0.02154355,1463.1337,1340.2688,5187.4742,5310.3391,0.01750413,0.01791872,0.00089765,16.2655,14.6936,0.3653,59.3804,1.1678,2646.0457,162.5536,12.4780,16.8648,9.0895,16.5695,22.0926,29.825,33.4482,44.5976,11.8163,0.0,2.018664,2.691552,0.981654,30,240,141,4,0.10479828,0.02244119,0.04150452,0E-8,0.000000,0.902668,0.011910,-0.02129501,2026-03-22,2026-08-05,112,5695,2177,137,0.817518,0.739886,0.767145,0.349328,,,,,,,,GLOBAL_BASELINE_NO_ENTITY_RANKING,,,NOT_APPLICABLE_GLOBAL_BASELINE,HF9g-P5,,,,X 全窗基线 · 不参与实体赏罚,14195491,1420,A168_HF9F_20260827_0900,2026-08-27 09:00:00
2026-05-07,110249610,2153,0,6.6896344115,6.6896344115,6.6896344115,1.0000000,1,1,0.49324550000000000,0.493245500000,1.01360149184955,1.01360149184955,1.01360149184955,0E-17,ELIGIBLE,R03b_20260811_FULL_v1,L1_ELIGIBILITY,v2026-08-11,2026-03-21..2026-08-06,baccarat_bet02_101_all_pairs_incl_sentinel,round_win = game_pnl > 0 (decisive only),COMPATIBILITY_ONLY_NOT_PRODUCTION,296357.1217,267511.9505,6650.6079,18220,18206,-0.02244119,-0.04150452,-0.02020951,-0.02244119,-6650.6079,296357.1217,OK,0.0000,266.0243,4.0000,96.0000,AG03-UNRESOLVED,ALL5_LEVELS_bet23_to_bet27,266.0243,266.0243,266.0243,332.5304,332.5304,4.000000,4.000000,4.000000,5.000000,5.000000,96.000000,96.000000,96.000000,95.000000,95.000000,5.0,1463.1337,1340.2688,5187.4742,5310.3391,PENDING_AG03,FALSE,NOT_FOR_ENFORCEMENT,6384.5836,256811.4724,6650.6079,6384.5836,266.0243,0.02244119,0.02154355,266.0243,6384.5836,0.02154355,266.0243,266.0243,266.0243,332.5304,332.5304,6384.5836,0.02154355,1463.1337,1340.2688,5187.4742,5310.3391,0.01750413,0.01791872,0.00089765,16.2655,14.6936,0.3653,59.3804,1.1678,2646.0457,162.5536,12.4780,16.8648,9.0895,16.5695,22.0926,29.825,33.4482,44.5976,11.8163,0.0,2.018664,2.691552,0.981654,30,240,141,4,0.10479828,0.02244119,0.04150452,0E-8,0.000000,0.902668,0.011910,-0.02129501,2026-03-22,2026-08-05,112,5695,2177,137,0.817518,0.739886,0.767145,0.349328,,,,,,,,GLOBAL_BASELINE_NO_ENTITY_RANKING,,,NOT_APPLICABLE_GLOBAL_BASELINE,HF9g-P5,,,,X 全窗基线 · 不参与实体赏罚,14195492,1420,A168_HF9F_20260827_0900,2026-08-27 09:00:00
2026-05-07,110249610,2201,0,11.1493906858,-11.1493906858,-11.1493906858,0E-7,1,1,0.49324550000000000,0.493245500000,-0.9865810262130424,-0.9865810262130424,-0.9865810262130424,0E-17,ELIGIBLE,R03b_20260811_FULL_v1,L1_ELIGIBILITY,v2026-08-11,2026-03-21..2026-08-06,baccarat_bet02_101_all_pairs_incl_sentinel,round_win = game_pnl > 0 (decisive only),COMPATIBILITY_ONLY_NOT_PRODUCTION,296357.1217,267511.9505,6650.6079,18220,18206,-0.02244119,-0.04150452,-0.02020951,-0.02244119,-6650.6079,296357.1217,OK,0.0000,266.0243,4.0000,96.0000,AG03-UNRESOLVED,ALL5_LEVELS_bet23_to_bet27,266.0243,266.0243,266.0243,332.5304,332.5304,4.000000,4.000000,4.000000,5.000000,5.000000,96.000000,96.000000,96.000000,95.000000,95.000000,5.0,1463.1337,1340.2688,5187.4742,5310.3391,PENDING_AG03,FALSE,NOT_FOR_ENFORCEMENT,6384.5836,256811.4724,6650.6079,6384.5836,266.0243,0.02244119,0.02154355,266.0243,6384.5836,0.02154355,266.0243,266.0243,266.0243,332.5304,332.5304,6384.5836,0.02154355,1463.1337,1340.2688,5187.4742,5310.3391,0.01750413,0.01791872,0.00089765,16.2655,14.6936,0.3653,59.3804,1.1678,2646.0457,162.5536,12.4780,16.8648,9.0895,16.5695,22.0926,29.825,33.4482,44.5976,11.8163,0.0,2.018664,2.691552,0.981654,30,240,141,4,0.10479828,0.02244119,0.04150452,0E-8,0.000000,0.902668,0.011910,-0.02129501,2026-03-22,2026-08-05,112,5695,2177,137,0.817518,0.739886,0.767145,0.349328,,,,,,,,GLOBAL_BASELINE_NO_ENTITY_RANKING,,,NOT_APPLICABLE_GLOBAL_BASELINE,HF9g-P5,,,,X 全窗基线 · 不参与实体赏罚,14195493,1420,A168_HF9F_20260827_0900,2026-08-27 09:00:00
2026-05-07,110249610,2209,0,3.0103354852,-3.0103354852,-3.0103354852,0E-7,1,1,0.49324550000000000,0.493245500000,-0.9865810262130424,-0.9865810262130424,-0.9865810262130424,0E-17,ELIGIBLE,R03b_20260811_FULL_v1,L1_ELIGIBILITY,v2026-08-11,2026-03-21..2026-08-06,baccarat_bet02_101_all_pairs_incl_sentinel,round_win = game_pnl > 0 (decisive only),COMPATIBILITY_ONLY_NOT_PRODUCTION,296357.1217,267511.9505,6650.6079,18220,18206,-0.02244119,-0.04150452,-0.02020951,-0.02244119,-6650.6079,296357.1217,OK,0.0000,266.0243,4.0000,96.0000,AG03-UNRESOLVED,ALL5_LEVELS_bet23_to_bet27,266.0243,266.0243,266.0243,332.5304,332.5304,4.000000,4.000000,4.000000,5.000000,5.000000,96.000000,96.000000,96.000000,95.000000,95.000000,5.0,1463.1337,1340.2688,5187.4742,5310.3391,PENDING_AG03,FALSE,NOT_FOR_ENFORCEMENT,6384.5836,256811.4724,6650.6079,6384.5836,266.0243,0.02244119,0.02154355,266.0243,6384.5836,0.02154355,266.0243,266.0243,266.0243,332.5304,332.5304,6384.5836,0.02154355,1463.1337,1340.2688,5187.4742,5310.3391,0.01750413,0.01791872,0.00089765,16.2655,14.6936,0.3653,59.3804,1.1678,2646.0457,162.5536,12.4780,16.8648,9.0895,16.5695,22.0926,29.825,33.4482,44.5976,11.8163,0.0,2.018664,2.691552,0.981654,30,240,141,4,0.10479828,0.02244119,0.04150452,0E-8,0.000000,0.902668,0.011910,-0.02129501,2026-03-22,2026-08-05,112,5695,2177,137,0.817518,0.739886,0.767145,0.349328,,,,,,,,GLOBAL_BASELINE_NO_ENTITY_RANKING,,,NOT_APPLICABLE_GLOBAL_BASELINE,HF9g-P5,,,,X 全窗基线 · 不参与实体赏罚,14195494,1420,A168_HF9F_20260827_0900,2026-08-27 09:00:00
2026-05-07,110249610,2218,0,2.2298781372,-2.2298781372,-2.2298781372,0E-7,1,1,0.50665070000000000,0.506650700000,-1.013391052207602,-1.013391052207602,-1.013391052207602,0E-17,ELIGIBLE,R03b_20260811_FULL_v1,L1_ELIGIBILITY,v2026-08-11,2026-03-21..2026-08-06,baccarat_bet02_101_all_pairs_incl_sentinel,round_win = game_pnl > 0 (decisive only),COMPATIBILITY_ONLY_NOT_PRODUCTION,296357.1217,267511.9505,6650.6079,18220,18206,-0.02244119,-0.04150452,-0.02020951,-0.02244119,-6650.6079,296357.1217,OK,0.0000,266.0243,4.0000,96.0000,AG03-UNRESOLVED,ALL5_LEVELS_bet23_to_bet27,266.0243,266.0243,266.0243,332.5304,332.5304,4.000000,4.000000,4.000000,5.000000,5.000000,96.000000,96.000000,96.000000,95.000000,95.000000,5.0,1463.1337,1340.2688,5187.4742,5310.3391,PENDING_AG03,FALSE,NOT_FOR_ENFORCEMENT,6384.5836,256811.4724,6650.6079,6384.5836,266.0243,0.02244119,0.02154355,266.0243,6384.5836,0.02154355,266.0243,266.0243,266.0243,332.5304,332.5304,6384.5836,0.02154355,1463.1337,1340.2688,5187.4742,5310.3391,0.01750413,0.01791872,0.00089765,16.2655,14.6936,0.3653,59.3804,1.1678,2646.0457,162.5536,12.4780,16.8648,9.0895,16.5695,22.0926,29.825,33.4482,44.5976,11.8163,0.0,2.018664,2.691552,0.981654,30,240,141,4,0.10479828,0.02244119,0.04150452,0E-8,0.000000,0.902668,0.011910,-0.02129501,2026-03-22,2026-08-05,112,5695,2177,137,0.817518,0.739886,0.767145,0.349328,,,,,,,,GLOBAL_BASELINE_NO_ENTITY_RANKING,,,NOT_APPLICABLE_GLOBAL_BASELINE,HF9g-P5,,,,X 全窗基线 · 不参与实体赏罚,14195495,1420,A168_HF9F_20260827_0900,2026-08-27 09:00:00
2026-05-07,110249610,2222,0,5.0172258086,0E-10,0E-10,,1,1,0.50665070000000000,0.506650700000,,,,0E-17,NO_DECISIVE_ROUND,R03b_20260811_FULL_v1,L1_ELIGIBILITY,v2026-08-11,2026-03-21..2026-08-06,baccarat_bet02_101_all_pairs_incl_sentinel,round_win = game_pnl > 0 (decisive only),COMPATIBILITY_ONLY_NOT_PRODUCTION,296357.1217,267511.9505,6650.6079,18220,18206,-0.02244119,-0.04150452,-0.02020951,-0.02244119,-6650.6079,296357.1217,OK,0.0000,266.0243,4.0000,96.0000,AG03-UNRESOLVED,ALL5_LEVELS_bet23_to_bet27,266.0243,266.0243,266.0243,332.5304,332.5304,4.000000,4.000000,4.000000,5.000000,5.000000,96.000000,96.000000,96.000000,95.000000,95.000000,5.0,1463.1337,1340.2688,5187.4742,5310.3391,PENDING_AG03,FALSE,NOT_FOR_ENFORCEMENT,6384.5836,256811.4724,6650.6079,6384.5836,266.0243,0.02244119,0.02154355,266.0243,6384.5836,0.02154355,266.0243,266.0243,266.0243,332.5304,332.5304,6384.5836,0.02154355,1463.1337,1340.2688,5187.4742,5310.3391,0.01750413,0.01791872,0.00089765,16.2655,14.6936,0.3653,59.3804,1.1678,2646.0457,162.5536,12.4780,16.8648,9.0895,16.5695,22.0926,29.825,33.4482,44.5976,11.8163,0.0,2.018664,2.691552,0.981654,30,240,141,4,0.10479828,0.02244119,0.04150452,0E-8,0.000000,0.902668,0.011910,-0.02129501,2026-03-22,2026-08-05,112,5695,2177,137,0.817518,0.739886,0.767145,0.349328,,,,,,,,GLOBAL_BASELINE_NO_ENTITY_RANKING,,,NOT_APPLICABLE_GLOBAL_BASELINE,HF9g-P5,,,,X 全窗基线 · 不参与实体赏罚,14195496,1420,A168_HF9F_20260827_0900,2026-08-27 09:00:00
2026-05-07,110249610,2224,0,27.8734767146,22.1315405113,22.1315405113,0.8000000,5,5,0.50396966000000000,0.503969660000,1.3239296534401845,1.3239296534401845,1.3239296534401845,0E-17,ELIGIBLE,R03b_20260811_FULL_v1,L1_ELIGIBILITY,v2026-08-11,2026-03-21..2026-08-06,baccarat_bet02_101_all_pairs_incl_sentinel,round_win = game_pnl > 0 (decisive only),COMPATIBILITY_ONLY_NOT_PRODUCTION,296357.1217,267511.9505,6650.6079,18220,18206,-0.02244119,-0.04150452,-0.02020951,-0.02244119,-6650.6079,296357.1217,OK,0.0000,266.0243,4.0000,96.0000,AG03-UNRESOLVED,ALL5_LEVELS_bet23_to_bet27,266.0243,266.0243,266.0243,332.5304,332.5304,4.000000,4.000000,4.000000,5.000000,5.000000,96.000000,96.000000,96.000000,95.000000,95.000000,5.0,1463.1337,1340.2688,5187.4742,5310.3391,PENDING_AG03,FALSE,NOT_FOR_ENFORCEMENT,6384.5836,256811.4724,6650.6079,6384.5836,266.0243,0.02244119,0.02154355,266.0243,6384.5836,0.02154355,266.0243,266.0243,266.0243,332.5304,332.5304,6384.5836,0.02154355,1463.1337,1340.2688,5187.4742,5310.3391,0.01750413,0.01791872,0.00089765,16.2655,14.6936,0.3653,59.3804,1.1678,2646.0457,162.5536,12.4780,16.8648,9.0895,16.5695,22.0926,29.825,33.4482,44.5976,11.8163,0.0,2.018664,2.691552,0.981654,30,240,141,4,0.10479828,0.02244119,0.04150452,0E-8,0.000000,0.902668,0.011910,-0.02129501,2026-03-22,2026-08-05,112,5695,2177,137,0.817518,0.739886,0.767145,0.349328,,,,,,,,GLOBAL_BASELINE_NO_ENTITY_RANKING,,,NOT_APPLICABLE_GLOBAL_BASELINE,HF9g-P5,,,,X 全窗基线 · 不参与实体赏罚,14195497,1420,A168_HF9F_20260827_0900,2026-08-27 09:00:00
2026-05-07,110249610,2254,0,18.9539641659,-5.9091770635,-5.9091770635,0.3333333,3,3,0.50218230000000000,0.502182300000,-0.5849155494134425,-0.5849155494134426,-0.5849155494134425,0E-17,ELIGIBLE,R03b_20260811_FULL_v1,L1_ELIGIBILITY,v2026-08-11,2026-03-21..2026-08-06,baccarat_bet02_101_all_pairs_incl_sentinel,round_win = game_pnl > 0 (decisive only),COMPATIBILITY_ONLY_NOT_PRODUCTION,296357.1217,267511.9505,6650.6079,18220,18206,-0.02244119,-0.04150452,-0.02020951,-0.02244119,-6650.6079,296357.1217,OK,0.0000,266.0243,4.0000,96.0000,AG03-UNRESOLVED,ALL5_LEVELS_bet23_to_bet27,266.0243,266.0243,266.0243,332.5304,332.5304,4.000000,4.000000,4.000000,5.000000,5.000000,96.000000,96.000000,96.000000,95.000000,95.000000,5.0,1463.1337,1340.2688,5187.4742,5310.3391,PENDING_AG03,FALSE,NOT_FOR_ENFORCEMENT,6384.5836,256811.4724,6650.6079,6384.5836,266.0243,0.02244119,0.02154355,266.0243,6384.5836,0.02154355,266.0243,266.0243,266.0243,332.5304,332.5304,6384.5836,0.02154355,1463.1337,1340.2688,5187.4742,5310.3391,0.01750413,0.01791872,0.00089765,16.2655,14.6936,0.3653,59.3804,1.1678,2646.0457,162.5536,12.4780,16.8648,9.0895,16.5695,22.0926,29.825,33.4482,44.5976,11.8163,0.0,2.018664,2.691552,0.981654,30,240,141,4,0.10479828,0.02244119,0.04150452,0E-8,0.000000,0.902668,0.011910,-0.02129501,2026-03-22,2026-08-05,112,5695,2177,137,0.817518,0.739886,0.767145,0.349328,,,,,,,,GLOBAL_BASELINE_NO_ENTITY_RANKING,,,NOT_APPLICABLE_GLOBAL_BASELINE,HF9g-P5,,,,X 全窗基线 · 不参与实体赏罚,14195498,1420,A168_HF9F_20260827_0900,2026-08-27 09:00:00
2026-05-07,110249610,2256,0,2.2298781372,2.1183842303,2.1183842303,1.0000000,1,1,0.50665070000000000,0.506650700000,0.9867858985152569,0.9867858985152569,0.9867858985152569,0E-17,ELIGIBLE,R03b_20260811_FULL_v1,L1_ELIGIBILITY,v2026-08-11,2026-03-21..2026-08-06,baccarat_bet02_101_all_pairs_incl_sentinel,round_win = game_pnl > 0 (decisive only),COMPATIBILITY_ONLY_NOT_PRODUCTION,296357.1217,267511.9505,6650.6079,18220,18206,-0.02244119,-0.04150452,-0.02020951,-0.02244119,-6650.6079,296357.1217,OK,0.0000,266.0243,4.0000,96.0000,AG03-UNRESOLVED,ALL5_LEVELS_bet23_to_bet27,266.0243,266.0243,266.0243,332.5304,332.5304,4.000000,4.000000,4.000000,5.000000,5.000000,96.000000,96.000000,96.000000,95.000000,95.000000,5.0,1463.1337,1340.2688,5187.4742,5310.3391,PENDING_AG03,FALSE,NOT_FOR_ENFORCEMENT,6384.5836,256811.4724,6650.6079,6384.5836,266.0243,0.02244119,0.02154355,266.0243,6384.5836,0.02154355,266.0243,266.0243,266.0243,332.5304,332.5304,6384.5836,0.02154355,1463.1337,1340.2688,5187.4742,5310.3391,0.01750413,0.01791872,0.00089765,16.2655,14.6936,0.3653,59.3804,1.1678,2646.0457,162.5536,12.4780,16.8648,9.0895,16.5695,22.0926,29.825,33.4482,44.5976,11.8163,0.0,2.018664,2.691552,0.981654,30,240,141,4,0.10479828,0.02244119,0.04150452,0E-8,0.000000,0.902668,0.011910,-0.02129501,2026-03-22,2026-08-05,112,5695,2177,137,0.817518,0.739886,0.767145,0.349328,,,,,,,,GLOBAL_BASELINE_NO_ENTITY_RANKING,,,NOT_APPLICABLE_GLOBAL_BASELINE,HF9g-P5,,,,X 全窗基线 · 不参与实体赏罚,14195499,1420,A168_HF9F_20260827_0900,2026-08-27 09:00:00
2026-05-07,110249610,550,0,4.4597562743,-4.4597562743,-4.4597562743,0E-7,1,1,0.50665070000000000,0.506650700000,-1.013391052207602,-1.013391052207602,-1.013391052207602,0E-17,ELIGIBLE,R03b_20260811_FULL_v1,L1_ELIGIBILITY,v2026-08-11,2026-03-21..2026-08-06,baccarat_bet02_101_all_pairs_incl_sentinel,round_win = game_pnl > 0 (decisive only),COMPATIBILITY_ONLY_NOT_PRODUCTION,296357.1217,267511.9505,6650.6079,18220,18206,-0.02244119,-0.04150452,-0.02020951,-0.02244119,-6650.6079,296357.1217,OK,0.0000,266.0243,4.0000,96.0000,AG03-UNRESOLVED,ALL5_LEVELS_bet23_to_bet27,266.0243,266.0243,266.0243,332.5304,332.5304,4.000000,4.000000,4.000000,5.000000,5.000000,96.000000,96.000000,96.000000,95.000000,95.000000,5.0,1463.1337,1340.2688,5187.4742,5310.3391,PENDING_AG03,FALSE,NOT_FOR_ENFORCEMENT,6384.5836,256811.4724,6650.6079,6384.5836,266.0243,0.02244119,0.02154355,266.0243,6384.5836,0.02154355,266.0243,266.0243,266.0243,332.5304,332.5304,6384.5836,0.02154355,1463.1337,1340.2688,5187.4742,5310.3391,0.01750413,0.01791872,0.00089765,16.2655,14.6936,0.3653,59.3804,1.1678,2646.0457,162.5536,12.4780,16.8648,9.0895,16.5695,22.0926,29.825,33.4482,44.5976,11.8163,0.0,2.018664,2.691552,0.981654,30,240,141,4,0.10479828,0.02244119,0.04150452,0E-8,0.000000,0.902668,0.011910,-0.02129501,2026-03-22,2026-08-05,112,5695,2177,137,0.817518,0.739886,0.767145,0.349328,,,,,,,,GLOBAL_BASELINE_NO_ENTITY_RANKING,,,NOT_APPLICABLE_GLOBAL_BASELINE,HF9g-P5,,,,X 全窗基线 · 不参与实体赏罚,14195500,1420,A168_HF9F_20260827_0900,2026-08-27 09:00:00
2026-05-07,110249610,752,0,12.2643297544,0.8362043015,0.8362043015,0.6666667,4,4,0.50665070000000000,0.506650700000,0.5543606114942035,0.5543606114942035,0.5543606114942035,0E-17,ELIGIBLE,R03b_20260811_FULL_v1,L1_ELIGIBILITY,v2026-08-11,2026-03-21..2026-08-06,baccarat_bet02_101_all_pairs_incl_sentinel,round_win = game_pnl > 0 (decisive only),COMPATIBILITY_ONLY_NOT_PRODUCTION,296357.1217,267511.9505,6650.6079,18220,18206,-0.02244119,-0.04150452,-0.02020951,-0.02244119,-6650.6079,296357.1217,OK,0.0000,266.0243,4.0000,96.0000,AG03-UNRESOLVED,ALL5_LEVELS_bet23_to_bet27,266.0243,266.0243,266.0243,332.5304,332.5304,4.000000,4.000000,4.000000,5.000000,5.000000,96.000000,96.000000,96.000000,95.000000,95.000000,5.0,1463.1337,1340.2688,5187.4742,5310.3391,PENDING_AG03,FALSE,NOT_FOR_ENFORCEMENT,6384.5836,256811.4724,6650.6079,6384.5836,266.0243,0.02244119,0.02154355,266.0243,6384.5836,0.02154355,266.0243,266.0243,266.0243,332.5304,332.5304,6384.5836,0.02154355,1463.1337,1340.2688,5187.4742,5310.3391,0.01750413,0.01791872,0.00089765,16.2655,14.6936,0.3653,59.3804,1.1678,2646.0457,162.5536,12.4780,16.8648,9.0895,16.5695,22.0926,29.825,33.4482,44.5976,11.8163,0.0,2.018664,2.691552,0.981654,30,240,141,4,0.10479828,0.02244119,0.04150452,0E-8,0.000000,0.902668,0.011910,-0.02129501,2026-03-22,2026-08-05,112,5695,2177,137,0.817518,0.739886,0.767145,0.349328,,,,,,,,GLOBAL_BASELINE_NO_ENTITY_RANKING,,,NOT_APPLICABLE_GLOBAL_BASELINE,HF9g-P5,,,,X 全窗基线 · 不参与实体赏罚,14195501,1420,A168_HF9F_20260827_0900,2026-08-27 09:00:00
2026-05-07,110249610,789,0,35.0090867535,4.1252745537,4.1252745537,0.6000000,5,5,0.50665070000000000,0.506650700000,0.4175076967804994,0.4175076967804994,0.4175076967804994,0E-17,ELIGIBLE,R03b_20260811_FULL_v1,L1_ELIGIBILITY,v2026-08-11,2026-03-21..2026-08-06,baccarat_bet02_101_all_pairs_incl_sentinel,round_win = game_pnl > 0 (decisive only),COMPATIBILITY_ONLY_NOT_PRODUCTION,296357.1217,267511.9505,6650.6079,18220,18206,-0.02244119,-0.04150452,-0.02020951,-0.02244119,-6650.6079,296357.1217,OK,0.0000,266.0243,4.0000,96.0000,AG03-UNRESOLVED,ALL5_LEVELS_bet23_to_bet27,266.0243,266.0243,266.0243,332.5304,332.5304,4.000000,4.000000,4.000000,5.000000,5.000000,96.000000,96.000000,96.000000,95.000000,95.000000,5.0,1463.1337,1340.2688,5187.4742,5310.3391,PENDING_AG03,FALSE,NOT_FOR_ENFORCEMENT,6384.5836,256811.4724,6650.6079,6384.5836,266.0243,0.02244119,0.02154355,266.0243,6384.5836,0.02154355,266.0243,266.0243,266.0243,332.5304,332.5304,6384.5836,0.02154355,1463.1337,1340.2688,5187.4742,5310.3391,0.01750413,0.01791872,0.00089765,16.2655,14.6936,0.3653,59.3804,1.1678,2646.0457,162.5536,12.4780,16.8648,9.0895,16.5695,22.0926,29.825,33.4482,44.5976,11.8163,0.0,2.018664,2.691552,0.981654,30,240,141,4,0.10479828,0.02244119,0.04150452,0E-8,0.000000,0.902668,0.011910,-0.02129501,2026-03-22,2026-08-05,112,5695,2177,137,0.817518,0.739886,0.767145,0.349328,,,,,,,,GLOBAL_BASELINE_NO_ENTITY_RANKING,,,NOT_APPLICABLE_GLOBAL_BASELINE,HF9g-P5,,,,X 全窗基线 · 不参与实体赏罚,14195502,1420,A168_HF9F_20260827_0900,2026-08-27 09:00:00
2026-05-07,110249610,986,0,26.7585376458,-0.4459756274,-0.4459756274,0.5000000,3,3,0.50665070000000000,0.506650700000,-0.018812684590367487,-0.018812684590367487,-0.018812684590367487,0E-17,ELIGIBLE,R03b_20260811_FULL_v1,L1_ELIGIBILITY,v2026-08-11,2026-03-21..2026-08-06,baccarat_bet02_101_all_pairs_incl_sentinel,round_win = game_pnl > 0 (decisive only),COMPATIBILITY_ONLY_NOT_PRODUCTION,296357.1217,267511.9505,6650.6079,18220,18206,-0.02244119,-0.04150452,-0.02020951,-0.02244119,-6650.6079,296357.1217,OK,0.0000,266.0243,4.0000,96.0000,AG03-UNRESOLVED,ALL5_LEVELS_bet23_to_bet27,266.0243,266.0243,266.0243,332.5304,332.5304,4.000000,4.000000,4.000000,5.000000,5.000000,96.000000,96.000000,96.000000,95.000000,95.000000,5.0,1463.1337,1340.2688,5187.4742,5310.3391,PENDING_AG03,FALSE,NOT_FOR_ENFORCEMENT,6384.5836,256811.4724,6650.6079,6384.5836,266.0243,0.02244119,0.02154355,266.0243,6384.5836,0.02154355,266.0243,266.0243,266.0243,332.5304,332.5304,6384.5836,0.02154355,1463.1337,1340.2688,5187.4742,5310.3391,0.01750413,0.01791872,0.00089765,16.2655,14.6936,0.3653,59.3804,1.1678,2646.0457,162.5536,12.4780,16.8648,9.0895,16.5695,22.0926,29.825,33.4482,44.5976,11.8163,0.0,2.018664,2.691552,0.981654,30,240,141,4,0.10479828,0.02244119,0.04150452,0E-8,0.000000,0.902668,0.011910,-0.02129501,2026-03-22,2026-08-05,112,5695,2177,137,0.817518,0.739886,0.767145,0.349328,,,,,,,,GLOBAL_BASELINE_NO_ENTITY_RANKING,,,NOT_APPLICABLE_GLOBAL_BASELINE,HF9g-P5,,,,X 全窗基线 · 不参与实体赏罚,14195503,1420,A168_HF9F_20260827_0900,2026-08-27 09:00:00
2026-05-08,110249610,-1,1,266.9164130181,-91.1685676376,-91.1685676376,0.3939394,36,36,0.50143756666666667,0.501437566667,-1.235065080016771,-1.2350650800206031,-1.235065080016771,-3.3333E-13,SENTINEL_DEALER,R03b_20260811_FULL_v1,L1_ELIGIBILITY,v2026-08-11,2026-03-21..2026-08-06,baccarat_bet02_101_all_pairs_incl_sentinel,round_win = game_pnl > 0 (decisive only),COMPATIBILITY_ONLY_NOT_PRODUCTION,296357.1217,267511.9505,6650.6079,18220,18206,-0.02244119,-0.04150452,-0.02020951,-0.02244119,-6650.6079,296357.1217,OK,0.0000,266.0243,4.0000,96.0000,AG03-UNRESOLVED,ALL5_LEVELS_bet23_to_bet27,266.0243,266.0243,266.0243,332.5304,332.5304,4.000000,4.000000,4.000000,5.000000,5.000000,96.000000,96.000000,96.000000,95.000000,95.000000,5.0,1463.1337,1340.2688,5187.4742,5310.3391,PENDING_AG03,FALSE,NOT_FOR_ENFORCEMENT,6384.5836,256811.4724,6650.6079,6384.5836,266.0243,0.02244119,0.02154355,266.0243,6384.5836,0.02154355,266.0243,266.0243,266.0243,332.5304,332.5304,6384.5836,0.02154355,1463.1337,1340.2688,5187.4742,5310.3391,0.01750413,0.01791872,0.00089765,16.2655,14.6936,0.3653,59.3804,1.1678,2646.0457,162.5536,12.4780,16.8648,9.0895,16.5695,22.0926,29.825,33.4482,44.5976,11.8163,0.0,2.018664,2.691552,0.981654,30,240,141,4,0.10479828,0.02244119,0.04150452,0E-8,0.000000,0.902668,0.011910,-0.02129501,2026-03-22,2026-08-05,112,5695,2177,137,0.817518,0.739886,0.767145,0.349328,,,,,,,,GLOBAL_BASELINE_NO_ENTITY_RANKING,,,NOT_APPLICABLE_GLOBAL_BASELINE,HF9g-P5,,,,X 全窗基线 · 不参与实体赏罚,14195504,1420,A168_HF9F_20260827_0900,2026-08-27 09:00:00
2026-05-08,110249610,1157,0,13.3792688230,0E-10,0E-10,0.6666667,3,3,0.49324550000000000,0.493245500000,0.6008033672792107,0.6008033672792106,0.6008033672792107,0E-17,ELIGIBLE,R03b_20260811_FULL_v1,L1_ELIGIBILITY,v2026-08-11,2026-03-21..2026-08-06,baccarat_bet02_101_all_pairs_incl_sentinel,round_win = game_pnl > 0 (decisive only),COMPATIBILITY_ONLY_NOT_PRODUCTION,296357.1217,267511.9505,6650.6079,18220,18206,-0.02244119,-0.04150452,-0.02020951,-0.02244119,-6650.6079,296357.1217,OK,0.0000,266.0243,4.0000,96.0000,AG03-UNRESOLVED,ALL5_LEVELS_bet23_to_bet27,266.0243,266.0243,266.0243,332.5304,332.5304,4.000000,4.000000,4.000000,5.000000,5.000000,96.000000,96.000000,96.000000,95.000000,95.000000,5.0,1463.1337,1340.2688,5187.4742,5310.3391,PENDING_AG03,FALSE,NOT_FOR_ENFORCEMENT,6384.5836,256811.4724,6650.6079,6384.5836,266.0243,0.02244119,0.02154355,266.0243,6384.5836,0.02154355,266.0243,266.0243,266.0243,332.5304,332.5304,6384.5836,0.02154355,1463.1337,1340.2688,5187.4742,5310.3391,0.01750413,0.01791872,0.00089765,16.2655,14.6936,0.3653,59.3804,1.1678,2646.0457,162.5536,12.4780,16.8648,9.0895,16.5695,22.0926,29.825,33.4482,44.5976,11.8163,0.0,2.018664,2.691552,0.981654,30,240,141,4,0.10479828,0.02244119,0.04150452,0E-8,0.000000,0.902668,0.011910,-0.02129501,2026-03-22,2026-08-05,112,5695,2177,137,0.817518,0.739886,0.767145,0.349328,,,,,,,,GLOBAL_BASELINE_NO_ENTITY_RANKING,,,NOT_APPLICABLE_GLOBAL_BASELINE,HF9g-P5,,,,X 全窗基线 · 不参与实体赏罚,14195505,1420,A168_HF9F_20260827_0900,2026-08-27 09:00:00
2026-05-08,110249610,1304,0,7.8045734801,-7.8045734801,-7.8045734801,0E-7,2,2,0.49324550000000000,0.493245500000,-1.3952362676504506,-1.3952362676504506,-1.3952362676504506,0E-17,ELIGIBLE,R03b_20260811_FULL_v1,L1_ELIGIBILITY,v2026-08-11,2026-03-21..2026-08-06,baccarat_bet02_101_all_pairs_incl_sentinel,round_win = game_pnl > 0 (decisive only),COMPATIBILITY_ONLY_NOT_PRODUCTION,296357.1217,267511.9505,6650.6079,18220,18206,-0.02244119,-0.04150452,-0.02020951,-0.02244119,-6650.6079,296357.1217,OK,0.0000,266.0243,4.0000,96.0000,AG03-UNRESOLVED,ALL5_LEVELS_bet23_to_bet27,266.0243,266.0243,266.0243,332.5304,332.5304,4.000000,4.000000,4.000000,5.000000,5.000000,96.000000,96.000000,96.000000,95.000000,95.000000,5.0,1463.1337,1340.2688,5187.4742,5310.3391,PENDING_AG03,FALSE,NOT_FOR_ENFORCEMENT,6384.5836,256811.4724,6650.6079,6384.5836,266.0243,0.02244119,0.02154355,266.0243,6384.5836,0.02154355,266.0243,266.0243,266.0243,332.5304,332.5304,6384.5836,0.02154355,1463.1337,1340.2688,5187.4742,5310.3391,0.01750413,0.01791872,0.00089765,16.2655,14.6936,0.3653,59.3804,1.1678,2646.0457,162.5536,12.4780,16.8648,9.0895,16.5695,22.0926,29.825,33.4482,44.5976,11.8163,0.0,2.018664,2.691552,0.981654,30,240,141,4,0.10479828,0.02244119,0.04150452,0E-8,0.000000,0.902668,0.011910,-0.02129501,2026-03-22,2026-08-05,112,5695,2177,137,0.817518,0.739886,0.767145,0.349328,,,,,,,,GLOBAL_BASELINE_NO_ENTITY_RANKING,,,NOT_APPLICABLE_GLOBAL_BASELINE,HF9g-P5,,,,X 全窗基线 · 不参与实体赏罚,14195506,1420,A168_HF9F_20260827_0900,2026-08-27 09:00:00
2026-05-08,110249610,1353,0,1.1149390686,1.1149390686,1.1149390686,1.0000000,1,1,0.49324550000000000,0.493245500000,1.01360149184955,1.01360149184955,1.01360149184955,0E-17,ELIGIBLE,R03b_20260811_FULL_v1,L1_ELIGIBILITY,v2026-08-11,2026-03-21..2026-08-06,baccarat_bet02_101_all_pairs_incl_sentinel,round_win = game_pnl > 0 (decisive only),COMPATIBILITY_ONLY_NOT_PRODUCTION,296357.1217,267511.9505,6650.6079,18220,18206,-0.02244119,-0.04150452,-0.02020951,-0.02244119,-6650.6079,296357.1217,OK,0.0000,266.0243,4.0000,96.0000,AG03-UNRESOLVED,ALL5_LEVELS_bet23_to_bet27,266.0243,266.0243,266.0243,332.5304,332.5304,4.000000,4.000000,4.000000,5.000000,5.000000,96.000000,96.000000,96.000000,95.000000,95.000000,5.0,1463.1337,1340.2688,5187.4742,5310.3391,PENDING_AG03,FALSE,NOT_FOR_ENFORCEMENT,6384.5836,256811.4724,6650.6079,6384.5836,266.0243,0.02244119,0.02154355,266.0243,6384.5836,0.02154355,266.0243,266.0243,266.0243,332.5304,332.5304,6384.5836,0.02154355,1463.1337,1340.2688,5187.4742,5310.3391,0.01750413,0.01791872,0.00089765,16.2655,14.6936,0.3653,59.3804,1.1678,2646.0457,162.5536,12.4780,16.8648,9.0895,16.5695,22.0926,29.825,33.4482,44.5976,11.8163,0.0,2.018664,2.691552,0.981654,30,240,141,4,0.10479828,0.02244119,0.04150452,0E-8,0.000000,0.902668,0.011910,-0.02129501,2026-03-22,2026-08-05,112,5695,2177,137,0.817518,0.739886,0.767145,0.349328,,,,,,,,GLOBAL_BASELINE_NO_ENTITY_RANKING,,,NOT_APPLICABLE_GLOBAL_BASELINE,HF9g-P5,,,,X 全窗基线 · 不参与实体赏罚,14195507,1420,A168_HF9F_20260827_0900,2026-08-27 09:00:00
2026-05-08,110249610,1399,0,13.3792688229,4.4597562743,4.4597562743,0.7500000,4,4,0.49324550000000000,0.493245500000,1.0271117246678039,1.0271117246678039,1.0271117246678039,0E-17,ELIGIBLE,R03b_20260811_FULL_v1,L1_ELIGIBILITY,v2026-08-11,2026-03-21..2026-08-06,baccarat_bet02_101_all_pairs_incl_sentinel,round_win = game_pnl > 0 (decisive only),COMPATIBILITY_ONLY_NOT_PRODUCTION,296357.1217,267511.9505,6650.6079,18220,18206,-0.02244119,-0.04150452,-0.02020951,-0.02244119,-6650.6079,296357.1217,OK,0.0000,266.0243,4.0000,96.0000,AG03-UNRESOLVED,ALL5_LEVELS_bet23_to_bet27,266.0243,266.0243,266.0243,332.5304,332.5304,4.000000,4.000000,4.000000,5.000000,5.000000,96.000000,96.000000,96.000000,95.000000,95.000000,5.0,1463.1337,1340.2688,5187.4742,5310.3391,PENDING_AG03,FALSE,NOT_FOR_ENFORCEMENT,6384.5836,256811.4724,6650.6079,6384.5836,266.0243,0.02244119,0.02154355,266.0243,6384.5836,0.02154355,266.0243,266.0243,266.0243,332.5304,332.5304,6384.5836,0.02154355,1463.1337,1340.2688,5187.4742,5310.3391,0.01750413,0.01791872,0.00089765,16.2655,14.6936,0.3653,59.3804,1.1678,2646.0457,162.5536,12.4780,16.8648,9.0895,16.5695,22.0926,29.825,33.4482,44.5976,11.8163,0.0,2.018664,2.691552,0.981654,30,240,141,4,0.10479828,0.02244119,0.04150452,0E-8,0.000000,0.902668,0.011910,-0.02129501,2026-03-22,2026-08-05,112,5695,2177,137,0.817518,0.739886,0.767145,0.349328,,,,,,,,GLOBAL_BASELINE_NO_ENTITY_RANKING,,,NOT_APPLICABLE_GLOBAL_BASELINE,HF9g-P5,,,,X 全窗基线 · 不参与实体赏罚,14195508,1420,A168_HF9F_20260827_0900,2026-08-27 09:00:00
2026-05-08,110249610,1402,0,1.1149390686,-1.1149390686,-1.1149390686,0E-7,1,1,0.50665070000000000,0.506650700000,-1.013391052207602,-1.013391052207602,-1.013391052207602,0E-17,ELIGIBLE,R03b_20260811_FULL_v1,L1_ELIGIBILITY,v2026-08-11,2026-03-21..2026-08-06,baccarat_bet02_101_all_pairs_incl_sentinel,round_win = game_pnl > 0 (decisive only),COMPATIBILITY_ONLY_NOT_PRODUCTION,296357.1217,267511.9505,6650.6079,18220,18206,-0.02244119,-0.04150452,-0.02020951,-0.02244119,-6650.6079,296357.1217,OK,0.0000,266.0243,4.0000,96.0000,AG03-UNRESOLVED,ALL5_LEVELS_bet23_to_bet27,266.0243,266.0243,266.0243,332.5304,332.5304,4.000000,4.000000,4.000000,5.000000,5.000000,96.000000,96.000000,96.000000,95.000000,95.000000,5.0,1463.1337,1340.2688,5187.4742,5310.3391,PENDING_AG03,FALSE,NOT_FOR_ENFORCEMENT,6384.5836,256811.4724,6650.6079,6384.5836,266.0243,0.02244119,0.02154355,266.0243,6384.5836,0.02154355,266.0243,266.0243,266.0243,332.5304,332.5304,6384.5836,0.02154355,1463.1337,1340.2688,5187.4742,5310.3391,0.01750413,0.01791872,0.00089765,16.2655,14.6936,0.3653,59.3804,1.1678,2646.0457,162.5536,12.4780,16.8648,9.0895,16.5695,22.0926,29.825,33.4482,44.5976,11.8163,0.0,2.018664,2.691552,0.981654,30,240,141,4,0.10479828,0.02244119,0.04150452,0E-8,0.000000,0.902668,0.011910,-0.02129501,2026-03-22,2026-08-05,112,5695,2177,137,0.817518,0.739886,0.767145,0.349328,,,,,,,,GLOBAL_BASELINE_NO_ENTITY_RANKING,,,NOT_APPLICABLE_GLOBAL_BASELINE,HF9g-P5,,,,X 全窗基线 · 不参与实体赏罚,14195509,1420,A168_HF9F_20260827_0900,2026-08-27 09:00:00
2026-05-08,110249610,1405,0,2.2298781372,-0.0557469534,-0.0557469534,0.5000000,2,2,0.50665070000000000,0.506650700000,-0.018812684590367487,-0.018812684590367487,-0.018812684590367487,0E-17,ELIGIBLE,R03b_20260811_FULL_v1,L1_ELIGIBILITY,v2026-08-11,2026-03-21..2026-08-06,baccarat_bet02_101_all_pairs_incl_sentinel,round_win = game_pnl > 0 (decisive only),COMPATIBILITY_ONLY_NOT_PRODUCTION,296357.1217,267511.9505,6650.6079,18220,18206,-0.02244119,-0.04150452,-0.02020951,-0.02244119,-6650.6079,296357.1217,OK,0.0000,266.0243,4.0000,96.0000,AG03-UNRESOLVED,ALL5_LEVELS_bet23_to_bet27,266.0243,266.0243,266.0243,332.5304,332.5304,4.000000,4.000000,4.000000,5.000000,5.000000,96.000000,96.000000,96.000000,95.000000,95.000000,5.0,1463.1337,1340.2688,5187.4742,5310.3391,PENDING_AG03,FALSE,NOT_FOR_ENFORCEMENT,6384.5836,256811.4724,6650.6079,6384.5836,266.0243,0.02244119,0.02154355,266.0243,6384.5836,0.02154355,266.0243,266.0243,266.0243,332.5304,332.5304,6384.5836,0.02154355,1463.1337,1340.2688,5187.4742,5310.3391,0.01750413,0.01791872,0.00089765,16.2655,14.6936,0.3653,59.3804,1.1678,2646.0457,162.5536,12.4780,16.8648,9.0895,16.5695,22.0926,29.825,33.4482,44.5976,11.8163,0.0,2.018664,2.691552,0.981654,30,240,141,4,0.10479828,0.02244119,0.04150452,0E-8,0.000000,0.902668,0.011910,-0.02129501,2026-03-22,2026-08-05,112,5695,2177,137,0.817518,0.739886,0.767145,0.349328,,,,,,,,GLOBAL_BASELINE_NO_ENTITY_RANKING,,,NOT_APPLICABLE_GLOBAL_BASELINE,HF9g-P5,,,,X 全窗基线 · 不参与实体赏罚,14195510,1420,A168_HF9F_20260827_0900,2026-08-27 09:00:00
2026-05-08,110249610,1509,0,2.2298781372,0E-10,0E-10,0.5000000,2,2,0.49324550000000000,0.493245500000,0.01910635448239258,0.01910635448239258,0.01910635448239258,0E-17,ELIGIBLE,R03b_20260811_FULL_v1,L1_ELIGIBILITY,v2026-08-11,2026-03-21..2026-08-06,baccarat_bet02_101_all_pairs_incl_sentinel,round_win = game_pnl > 0 (decisive only),COMPATIBILITY_ONLY_NOT_PRODUCTION,296357.1217,267511.9505,6650.6079,18220,18206,-0.02244119,-0.04150452,-0.02020951,-0.02244119,-6650.6079,296357.1217,OK,0.0000,266.0243,4.0000,96.0000,AG03-UNRESOLVED,ALL5_LEVELS_bet23_to_bet27,266.0243,266.0243,266.0243,332.5304,332.5304,4.000000,4.000000,4.000000,5.000000,5.000000,96.000000,96.000000,96.000000,95.000000,95.000000,5.0,1463.1337,1340.2688,5187.4742,5310.3391,PENDING_AG03,FALSE,NOT_FOR_ENFORCEMENT,6384.5836,256811.4724,6650.6079,6384.5836,266.0243,0.02244119,0.02154355,266.0243,6384.5836,0.02154355,266.0243,266.0243,266.0243,332.5304,332.5304,6384.5836,0.02154355,1463.1337,1340.2688,5187.4742,5310.3391,0.01750413,0.01791872,0.00089765,16.2655,14.6936,0.3653,59.3804,1.1678,2646.0457,162.5536,12.4780,16.8648,9.0895,16.5695,22.0926,29.825,33.4482,44.5976,11.8163,0.0,2.018664,2.691552,0.981654,30,240,141,4,0.10479828,0.02244119,0.04150452,0E-8,0.000000,0.902668,0.011910,-0.02129501,2026-03-22,2026-08-05,112,5695,2177,137,0.817518,0.739886,0.767145,0.349328,,,,,,,,GLOBAL_BASELINE_NO_ENTITY_RANKING,,,NOT_APPLICABLE_GLOBAL_BASELINE,HF9g-P5,,,,X 全窗基线 · 不参与实体赏罚,14195511,1420,A168_HF9F_20260827_0900,2026-08-27 09:00:00
2026-05-08,110249610,1935,0,4.4597562744,0E-10,0E-10,0.5000000,2,2,0.49324550000000000,0.493245500000,0.01910635448239258,0.01910635448239258,0.01910635448239258,0E-17,ELIGIBLE,R03b_20260811_FULL_v1,L1_ELIGIBILITY,v2026-08-11,2026-03-21..2026-08-06,baccarat_bet02_101_all_pairs_incl_sentinel,round_win = game_pnl > 0 (decisive only),COMPATIBILITY_ONLY_NOT_PRODUCTION,296357.1217,267511.9505,6650.6079,18220,18206,-0.02244119,-0.04150452,-0.02020951,-0.02244119,-6650.6079,296357.1217,OK,0.0000,266.0243,4.0000,96.0000,AG03-UNRESOLVED,ALL5_LEVELS_bet23_to_bet27,266.0243,266.0243,266.0243,332.5304,332.5304,4.000000,4.000000,4.000000,5.000000,5.000000,96.000000,96.000000,96.000000,95.000000,95.000000,5.0,1463.1337,1340.2688,5187.4742,5310.3391,PENDING_AG03,FALSE,NOT_FOR_ENFORCEMENT,6384.5836,256811.4724,6650.6079,6384.5836,266.0243,0.02244119,0.02154355,266.0243,6384.5836,0.02154355,266.0243,266.0243,266.0243,332.5304,332.5304,6384.5836,0.02154355,1463.1337,1340.2688,5187.4742,5310.3391,0.01750413,0.01791872,0.00089765,16.2655,14.6936,0.3653,59.3804,1.1678,2646.0457,162.5536,12.4780,16.8648,9.0895,16.5695,22.0926,29.825,33.4482,44.5976,11.8163,0.0,2.018664,2.691552,0.981654,30,240,141,4,0.10479828,0.02244119,0.04150452,0E-8,0.000000,0.902668,0.011910,-0.02129501,2026-03-22,2026-08-05,112,5695,2177,137,0.817518,0.739886,0.767145,0.349328,,,,,,,,GLOBAL_BASELINE_NO_ENTITY_RANKING,,,NOT_APPLICABLE_GLOBAL_BASELINE,HF9g-P5,,,,X 全窗基线 · 不参与实体赏罚,14195512,1420,A168_HF9F_20260827_0900,2026-08-27 09:00:00
2026-05-08,110249610,1941,0,12.4873175682,-3.6235519728,-3.6235519728,0.6000000,5,5,0.49860758000000000,0.498607580000,0.4534424453485946,0.4534424453485946,0.4534424453485946,0E-17,ELIGIBLE,R03b_20260811_FULL_v1,L1_ELIGIBILITY,v2026-08-11,2026-03-21..2026-08-06,baccarat_bet02_101_all_pairs_incl_sentinel,round_win = game_pnl > 0 (decisive only),COMPATIBILITY_ONLY_NOT_PRODUCTION,296357.1217,267511.9505,6650.6079,18220,18206,-0.02244119,-0.04150452,-0.02020951,-0.02244119,-6650.6079,296357.1217,OK,0.0000,266.0243,4.0000,96.0000,AG03-UNRESOLVED,ALL5_LEVELS_bet23_to_bet27,266.0243,266.0243,266.0243,332.5304,332.5304,4.000000,4.000000,4.000000,5.000000,5.000000,96.000000,96.000000,96.000000,95.000000,95.000000,5.0,1463.1337,1340.2688,5187.4742,5310.3391,PENDING_AG03,FALSE,NOT_FOR_ENFORCEMENT,6384.5836,256811.4724,6650.6079,6384.5836,266.0243,0.02244119,0.02154355,266.0243,6384.5836,0.02154355,266.0243,266.0243,266.0243,332.5304,332.5304,6384.5836,0.02154355,1463.1337,1340.2688,5187.4742,5310.3391,0.01750413,0.01791872,0.00089765,16.2655,14.6936,0.3653,59.3804,1.1678,2646.0457,162.5536,12.4780,16.8648,9.0895,16.5695,22.0926,29.825,33.4482,44.5976,11.8163,0.0,2.018664,2.691552,0.981654,30,240,141,4,0.10479828,0.02244119,0.04150452,0E-8,0.000000,0.902668,0.011910,-0.02129501,2026-03-22,2026-08-05,112,5695,2177,137,0.817518,0.739886,0.767145,0.349328,,,,,,,,GLOBAL_BASELINE_NO_ENTITY_RANKING,,,NOT_APPLICABLE_GLOBAL_BASELINE,HF9g-P5,,,,X 全窗基线 · 不参与实体赏罚,14195513,1420,A168_HF9F_20260827_0900,2026-08-27 09:00:00
2026-05-08,110249610,1957,0,8.9195125487,-8.9195125487,-8.9195125487,0E-7,2,2,0.49324550000000000,0.493245500000,-1.3952362676504506,-1.3952362676504506,-1.3952362676504506,0E-17,ELIGIBLE,R03b_20260811_FULL_v1,L1_ELIGIBILITY,v2026-08-11,2026-03-21..2026-08-06,baccarat_bet02_101_all_pairs_incl_sentinel,round_win = game_pnl > 0 (decisive only),COMPATIBILITY_ONLY_NOT_PRODUCTION,296357.1217,267511.9505,6650.6079,18220,18206,-0.02244119,-0.04150452,-0.02020951,-0.02244119,-6650.6079,296357.1217,OK,0.0000,266.0243,4.0000,96.0000,AG03-UNRESOLVED,ALL5_LEVELS_bet23_to_bet27,266.0243,266.0243,266.0243,332.5304,332.5304,4.000000,4.000000,4.000000,5.000000,5.000000,96.000000,96.000000,96.000000,95.000000,95.000000,5.0,1463.1337,1340.2688,5187.4742,5310.3391,PENDING_AG03,FALSE,NOT_FOR_ENFORCEMENT,6384.5836,256811.4724,6650.6079,6384.5836,266.0243,0.02244119,0.02154355,266.0243,6384.5836,0.02154355,266.0243,266.0243,266.0243,332.5304,332.5304,6384.5836,0.02154355,1463.1337,1340.2688,5187.4742,5310.3391,0.01750413,0.01791872,0.00089765,16.2655,14.6936,0.3653,59.3804,1.1678,2646.0457,162.5536,12.4780,16.8648,9.0895,16.5695,22.0926,29.825,33.4482,44.5976,11.8163,0.0,2.018664,2.691552,0.981654,30,240,141,4,0.10479828,0.02244119,0.04150452,0E-8,0.000000,0.902668,0.011910,-0.02129501,2026-03-22,2026-08-05,112,5695,2177,137,0.817518,0.739886,0.767145,0.349328,,,,,,,,GLOBAL_BASELINE_NO_ENTITY_RANKING,,,NOT_APPLICABLE_GLOBAL_BASELINE,HF9g-P5,,,,X 全窗基线 · 不参与实体赏罚,14195514,1420,A168_HF9F_20260827_0900,2026-08-27 09:00:00
2026-05-08,110249610,2103,0,18.9539641658,-3.4563111126,-3.4563111126,0.5000000,5,5,0.49860758000000000,0.498607580000,0.005569701597489473,0.005569701597489473,0.005569701597489473,0E-17,ELIGIBLE,R03b_20260811_FULL_v1,L1_ELIGIBILITY,v2026-08-11,2026-03-21..2026-08-06,baccarat_bet02_101_all_pairs_incl_sentinel,round_win = game_pnl > 0 (decisive only),COMPATIBILITY_ONLY_NOT_PRODUCTION,296357.1217,267511.9505,6650.6079,18220,18206,-0.02244119,-0.04150452,-0.02020951,-0.02244119,-6650.6079,296357.1217,OK,0.0000,266.0243,4.0000,96.0000,AG03-UNRESOLVED,ALL5_LEVELS_bet23_to_bet27,266.0243,266.0243,266.0243,332.5304,332.5304,4.000000,4.000000,4.000000,5.000000,5.000000,96.000000,96.000000,96.000000,95.000000,95.000000,5.0,1463.1337,1340.2688,5187.4742,5310.3391,PENDING_AG03,FALSE,NOT_FOR_ENFORCEMENT,6384.5836,256811.4724,6650.6079,6384.5836,266.0243,0.02244119,0.02154355,266.0243,6384.5836,0.02154355,266.0243,266.0243,266.0243,332.5304,332.5304,6384.5836,0.02154355,1463.1337,1340.2688,5187.4742,5310.3391,0.01750413,0.01791872,0.00089765,16.2655,14.6936,0.3653,59.3804,1.1678,2646.0457,162.5536,12.4780,16.8648,9.0895,16.5695,22.0926,29.825,33.4482,44.5976,11.8163,0.0,2.018664,2.691552,0.981654,30,240,141,4,0.10479828,0.02244119,0.04150452,0E-8,0.000000,0.902668,0.011910,-0.02129501,2026-03-22,2026-08-05,112,5695,2177,137,0.817518,0.739886,0.767145,0.349328,,,,,,,,GLOBAL_BASELINE_NO_ENTITY_RANKING,,,NOT_APPLICABLE_GLOBAL_BASELINE,HF9g-P5,,,,X 全窗基线 · 不参与实体赏罚,14195515,1420,A168_HF9F_20260827_0900,2026-08-27 09:00:00
2026-05-08,110249610,2115,0,31.7757634545,-6.7732548415,-6.7732548415,0.5000000,8,8,0.50665070000000000,0.506650700000,-0.037625369180734974,-0.037625369180734974,-0.037625369180734974,0E-17,ELIGIBLE,R03b_20260811_FULL_v1,L1_ELIGIBILITY,v2026-08-11,2026-03-21..2026-08-06,baccarat_bet02_101_all_pairs_incl_sentinel,round_win = game_pnl > 0 (decisive only),COMPATIBILITY_ONLY_NOT_PRODUCTION,296357.1217,267511.9505,6650.6079,18220,18206,-0.02244119,-0.04150452,-0.02020951,-0.02244119,-6650.6079,296357.1217,OK,0.0000,266.0243,4.0000,96.0000,AG03-UNRESOLVED,ALL5_LEVELS_bet23_to_bet27,266.0243,266.0243,266.0243,332.5304,332.5304,4.000000,4.000000,4.000000,5.000000,5.000000,96.000000,96.000000,96.000000,95.000000,95.000000,5.0,1463.1337,1340.2688,5187.4742,5310.3391,PENDING_AG03,FALSE,NOT_FOR_ENFORCEMENT,6384.5836,256811.4724,6650.6079,6384.5836,266.0243,0.02244119,0.02154355,266.0243,6384.5836,0.02154355,266.0243,266.0243,266.0243,332.5304,332.5304,6384.5836,0.02154355,1463.1337,1340.2688,5187.4742,5310.3391,0.01750413,0.01791872,0.00089765,16.2655,14.6936,0.3653,59.3804,1.1678,2646.0457,162.5536,12.4780,16.8648,9.0895,16.5695,22.0926,29.825,33.4482,44.5976,11.8163,0.0,2.018664,2.691552,0.981654,30,240,141,4,0.10479828,0.02244119,0.04150452,0E-8,0.000000,0.902668,0.011910,-0.02129501,2026-03-22,2026-08-05,112,5695,2177,137,0.817518,0.739886,0.767145,0.349328,,,,,,,,GLOBAL_BASELINE_NO_ENTITY_RANKING,,,NOT_APPLICABLE_GLOBAL_BASELINE,HF9g-P5,,,,X 全窗基线 · 不参与实体赏罚,14195516,1420,A168_HF9F_20260827_0900,2026-08-27 09:00:00
2026-05-08,110249610,2117,0,7.8045734801,-7.8045734801,-7.8045734801,0E-7,3,3,0.50218230000000000,0.502182300000,-1.7396270863184011,-1.7396270863184016,-1.7396270863184011,0E-17,ELIGIBLE,R03b_20260811_FULL_v1,L1_ELIGIBILITY,v2026-08-11,2026-03-21..2026-08-06,baccarat_bet02_101_all_pairs_incl_sentinel,round_win = game_pnl > 0 (decisive only),COMPATIBILITY_ONLY_NOT_PRODUCTION,296357.1217,267511.9505,6650.6079,18220,18206,-0.02244119,-0.04150452,-0.02020951,-0.02244119,-6650.6079,296357.1217,OK,0.0000,266.0243,4.0000,96.0000,AG03-UNRESOLVED,ALL5_LEVELS_bet23_to_bet27,266.0243,266.0243,266.0243,332.5304,332.5304,4.000000,4.000000,4.000000,5.000000,5.000000,96.000000,96.000000,96.000000,95.000000,95.000000,5.0,1463.1337,1340.2688,5187.4742,5310.3391,PENDING_AG03,FALSE,NOT_FOR_ENFORCEMENT,6384.5836,256811.4724,6650.6079,6384.5836,266.0243,0.02244119,0.02154355,266.0243,6384.5836,0.02154355,266.0243,266.0243,266.0243,332.5304,332.5304,6384.5836,0.02154355,1463.1337,1340.2688,5187.4742,5310.3391,0.01750413,0.01791872,0.00089765,16.2655,14.6936,0.3653,59.3804,1.1678,2646.0457,162.5536,12.4780,16.8648,9.0895,16.5695,22.0926,29.825,33.4482,44.5976,11.8163,0.0,2.018664,2.691552,0.981654,30,240,141,4,0.10479828,0.02244119,0.04150452,0E-8,0.000000,0.902668,0.011910,-0.02129501,2026-03-22,2026-08-05,112,5695,2177,137,0.817518,0.739886,0.767145,0.349328,,,,,,,,GLOBAL_BASELINE_NO_ENTITY_RANKING,,,NOT_APPLICABLE_GLOBAL_BASELINE,HF9g-P5,,,,X 全窗基线 · 不参与实体赏罚,14195517,1420,A168_HF9F_20260827_0900,2026-08-27 09:00:00
2026-05-08,110249610,2121,0,1.1149390686,-1.1149390686,-1.1149390686,0E-7,1,1,0.49324550000000000,0.493245500000,-0.9865810262130424,-0.9865810262130424,-0.9865810262130424,0E-17,ELIGIBLE,R03b_20260811_FULL_v1,L1_ELIGIBILITY,v2026-08-11,2026-03-21..2026-08-06,baccarat_bet02_101_all_pairs_incl_sentinel,round_win = game_pnl > 0 (decisive only),COMPATIBILITY_ONLY_NOT_PRODUCTION,296357.1217,267511.9505,6650.6079,18220,18206,-0.02244119,-0.04150452,-0.02020951,-0.02244119,-6650.6079,296357.1217,OK,0.0000,266.0243,4.0000,96.0000,AG03-UNRESOLVED,ALL5_LEVELS_bet23_to_bet27,266.0243,266.0243,266.0243,332.5304,332.5304,4.000000,4.000000,4.000000,5.000000,5.000000,96.000000,96.000000,96.000000,95.000000,95.000000,5.0,1463.1337,1340.2688,5187.4742,5310.3391,PENDING_AG03,FALSE,NOT_FOR_ENFORCEMENT,6384.5836,256811.4724,6650.6079,6384.5836,266.0243,0.02244119,0.02154355,266.0243,6384.5836,0.02154355,266.0243,266.0243,266.0243,332.5304,332.5304,6384.5836,0.02154355,1463.1337,1340.2688,5187.4742,5310.3391,0.01750413,0.01791872,0.00089765,16.2655,14.6936,0.3653,59.3804,1.1678,2646.0457,162.5536,12.4780,16.8648,9.0895,16.5695,22.0926,29.825,33.4482,44.5976,11.8163,0.0,2.018664,2.691552,0.981654,30,240,141,4,0.10479828,0.02244119,0.04150452,0E-8,0.000000,0.902668,0.011910,-0.02129501,2026-03-22,2026-08-05,112,5695,2177,137,0.817518,0.739886,0.767145,0.349328,,,,,,,,GLOBAL_BASELINE_NO_ENTITY_RANKING,,,NOT_APPLICABLE_GLOBAL_BASELINE,HF9g-P5,,,,X 全窗基线 · 不参与实体赏罚,14195518,1420,A168_HF9F_20260827_0900,2026-08-27 09:00:00
2026-05-08,110249610,2129,0,4.4597562743,-4.4597562743,-4.4597562743,0E-7,1,1,0.50665070000000000,0.506650700000,-1.013391052207602,-1.013391052207602,-1.013391052207602,0E-17,ELIGIBLE,R03b_20260811_FULL_v1,L1_ELIGIBILITY,v2026-08-11,2026-03-21..2026-08-06,baccarat_bet02_101_all_pairs_incl_sentinel,round_win = game_pnl > 0 (decisive only),COMPATIBILITY_ONLY_NOT_PRODUCTION,296357.1217,267511.9505,6650.6079,18220,18206,-0.02244119,-0.04150452,-0.02020951,-0.02244119,-6650.6079,296357.1217,OK,0.0000,266.0243,4.0000,96.0000,AG03-UNRESOLVED,ALL5_LEVELS_bet23_to_bet27,266.0243,266.0243,266.0243,332.5304,332.5304,4.000000,4.000000,4.000000,5.000000,5.000000,96.000000,96.000000,96.000000,95.000000,95.000000,5.0,1463.1337,1340.2688,5187.4742,5310.3391,PENDING_AG03,FALSE,NOT_FOR_ENFORCEMENT,6384.5836,256811.4724,6650.6079,6384.5836,266.0243,0.02244119,0.02154355,266.0243,6384.5836,0.02154355,266.0243,266.0243,266.0243,332.5304,332.5304,6384.5836,0.02154355,1463.1337,1340.2688,5187.4742,5310.3391,0.01750413,0.01791872,0.00089765,16.2655,14.6936,0.3653,59.3804,1.1678,2646.0457,162.5536,12.4780,16.8648,9.0895,16.5695,22.0926,29.825,33.4482,44.5976,11.8163,0.0,2.018664,2.691552,0.981654,30,240,141,4,0.10479828,0.02244119,0.04150452,0E-8,0.000000,0.902668,0.011910,-0.02129501,2026-03-22,2026-08-05,112,5695,2177,137,0.817518,0.739886,0.767145,0.349328,,,,,,,,GLOBAL_BASELINE_NO_ENTITY_RANKING,,,NOT_APPLICABLE_GLOBAL_BASELINE,HF9g-P5,,,,X 全窗基线 · 不参与实体赏罚,14195519,1420,A168_HF9F_20260827_0900,2026-08-27 09:00:00
2026-05-08,110249610,2155,0,41.5872272582,20.4033849551,20.4033849551,0.8571429,9,9,0.49324550000000000,0.493245500000,1.925739544596175,1.9257395445961751,1.925739544596175,0E-17,ELIGIBLE,R03b_20260811_FULL_v1,L1_ELIGIBILITY,v2026-08-11,2026-03-21..2026-08-06,baccarat_bet02_101_all_pairs_incl_sentinel,round_win = game_pnl > 0 (decisive only),COMPATIBILITY_ONLY_NOT_PRODUCTION,296357.1217,267511.9505,6650.6079,18220,18206,-0.02244119,-0.04150452,-0.02020951,-0.02244119,-6650.6079,296357.1217,OK,0.0000,266.0243,4.0000,96.0000,AG03-UNRESOLVED,ALL5_LEVELS_bet23_to_bet27,266.0243,266.0243,266.0243,332.5304,332.5304,4.000000,4.000000,4.000000,5.000000,5.000000,96.000000,96.000000,96.000000,95.000000,95.000000,5.0,1463.1337,1340.2688,5187.4742,5310.3391,PENDING_AG03,FALSE,NOT_FOR_ENFORCEMENT,6384.5836,256811.4724,6650.6079,6384.5836,266.0243,0.02244119,0.02154355,266.0243,6384.5836,0.02154355,266.0243,266.0243,266.0243,332.5304,332.5304,6384.5836,0.02154355,1463.1337,1340.2688,5187.4742,5310.3391,0.01750413,0.01791872,0.00089765,16.2655,14.6936,0.3653,59.3804,1.1678,2646.0457,162.5536,12.4780,16.8648,9.0895,16.5695,22.0926,29.825,33.4482,44.5976,11.8163,0.0,2.018664,2.691552,0.981654,30,240,141,4,0.10479828,0.02244119,0.04150452,0E-8,0.000000,0.902668,0.011910,-0.02129501,2026-03-22,2026-08-05,112,5695,2177,137,0.817518,0.739886,0.767145,0.349328,,,,,,,,GLOBAL_BASELINE_NO_ENTITY_RANKING,,,NOT_APPLICABLE_GLOBAL_BASELINE,HF9g-P5,,,,X 全窗基线 · 不参与实体赏罚,14195520,1420,A168_HF9F_20260827_0900,2026-08-27 09:00:00
2026-05-08,110249610,2156,0,14.8286896121,3.6514254496,3.6514254496,0.6666667,6,6,0.50665070000000000,0.506650700000,0.7839842952205449,0.7839842952205449,0.7839842952205449,0E-17,ELIGIBLE,R03b_20260811_FULL_v1,L1_ELIGIBILITY,v2026-08-11,2026-03-21..2026-08-06,baccarat_bet02_101_all_pairs_incl_sentinel,round_win = game_pnl > 0 (decisive only),COMPATIBILITY_ONLY_NOT_PRODUCTION,296357.1217,267511.9505,6650.6079,18220,18206,-0.02244119,-0.04150452,-0.02020951,-0.02244119,-6650.6079,296357.1217,OK,0.0000,266.0243,4.0000,96.0000,AG03-UNRESOLVED,ALL5_LEVELS_bet23_to_bet27,266.0243,266.0243,266.0243,332.5304,332.5304,4.000000,4.000000,4.000000,5.000000,5.000000,96.000000,96.000000,96.000000,95.000000,95.000000,5.0,1463.1337,1340.2688,5187.4742,5310.3391,PENDING_AG03,FALSE,NOT_FOR_ENFORCEMENT,6384.5836,256811.4724,6650.6079,6384.5836,266.0243,0.02244119,0.02154355,266.0243,6384.5836,0.02154355,266.0243,266.0243,266.0243,332.5304,332.5304,6384.5836,0.02154355,1463.1337,1340.2688,5187.4742,5310.3391,0.01750413,0.01791872,0.00089765,16.2655,14.6936,0.3653,59.3804,1.1678,2646.0457,162.5536,12.4780,16.8648,9.0895,16.5695,22.0926,29.825,33.4482,44.5976,11.8163,0.0,2.018664,2.691552,0.981654,30,240,141,4,0.10479828,0.02244119,0.04150452,0E-8,0.000000,0.902668,0.011910,-0.02129501,2026-03-22,2026-08-05,112,5695,2177,137,0.817518,0.739886,0.767145,0.349328,,,,,,,,GLOBAL_BASELINE_NO_ENTITY_RANKING,,,NOT_APPLICABLE_GLOBAL_BASELINE,HF9g-P5,,,,X 全窗基线 · 不参与实体赏罚,14195521,1420,A168_HF9F_20260827_0900,2026-08-27 09:00:00
2026-05-08,110249610,2175,0,1.1149390686,-1.1149390686,-1.1149390686,0E-7,1,1,0.50665070000000000,0.506650700000,-1.013391052207602,-1.013391052207602,-1.013391052207602,0E-17,ELIGIBLE,R03b_20260811_FULL_v1,L1_ELIGIBILITY,v2026-08-11,2026-03-21..2026-08-06,baccarat_bet02_101_all_pairs_incl_sentinel,round_win = game_pnl > 0 (decisive only),COMPATIBILITY_ONLY_NOT_PRODUCTION,296357.1217,267511.9505,6650.6079,18220,18206,-0.02244119,-0.04150452,-0.02020951,-0.02244119,-6650.6079,296357.1217,OK,0.0000,266.0243,4.0000,96.0000,AG03-UNRESOLVED,ALL5_LEVELS_bet23_to_bet27,266.0243,266.0243,266.0243,332.5304,332.5304,4.000000,4.000000,4.000000,5.000000,5.000000,96.000000,96.000000,96.000000,95.000000,95.000000,5.0,1463.1337,1340.2688,5187.4742,5310.3391,PENDING_AG03,FALSE,NOT_FOR_ENFORCEMENT,6384.5836,256811.4724,6650.6079,6384.5836,266.0243,0.02244119,0.02154355,266.0243,6384.5836,0.02154355,266.0243,266.0243,266.0243,332.5304,332.5304,6384.5836,0.02154355,1463.1337,1340.2688,5187.4742,5310.3391,0.01750413,0.01791872,0.00089765,16.2655,14.6936,0.3653,59.3804,1.1678,2646.0457,162.5536,12.4780,16.8648,9.0895,16.5695,22.0926,29.825,33.4482,44.5976,11.8163,0.0,2.018664,2.691552,0.981654,30,240,141,4,0.10479828,0.02244119,0.04150452,0E-8,0.000000,0.902668,0.011910,-0.02129501,2026-03-22,2026-08-05,112,5695,2177,137,0.817518,0.739886,0.767145,0.349328,,,,,,,,GLOBAL_BASELINE_NO_ENTITY_RANKING,,,NOT_APPLICABLE_GLOBAL_BASELINE,HF9g-P5,,,,X 全窗基线 · 不参与实体赏罚,14195522,1420,A168_HF9F_20260827_0900,2026-08-27 09:00:00
2026-05-08,110249610,2205,0,3.9022867401,-1.2933293196,-1.2933293196,0.3333333,3,3,0.50665070000000000,0.506650700000,-0.6004420894325239,-0.6004420894325239,-0.6004420894325239,0E-17,ELIGIBLE,R03b_20260811_FULL_v1,L1_ELIGIBILITY,v2026-08-11,2026-03-21..2026-08-06,baccarat_bet02_101_all_pairs_incl_sentinel,round_win = game_pnl > 0 (decisive only),COMPATIBILITY_ONLY_NOT_PRODUCTION,296357.1217,267511.9505,6650.6079,18220,18206,-0.02244119,-0.04150452,-0.02020951,-0.02244119,-6650.6079,296357.1217,OK,0.0000,266.0243,4.0000,96.0000,AG03-UNRESOLVED,ALL5_LEVELS_bet23_to_bet27,266.0243,266.0243,266.0243,332.5304,332.5304,4.000000,4.000000,4.000000,5.000000,5.000000,96.000000,96.000000,96.000000,95.000000,95.000000,5.0,1463.1337,1340.2688,5187.4742,5310.3391,PENDING_AG03,FALSE,NOT_FOR_ENFORCEMENT,6384.5836,256811.4724,6650.6079,6384.5836,266.0243,0.02244119,0.02154355,266.0243,6384.5836,0.02154355,266.0243,266.0243,266.0243,332.5304,332.5304,6384.5836,0.02154355,1463.1337,1340.2688,5187.4742,5310.3391,0.01750413,0.01791872,0.00089765,16.2655,14.6936,0.3653,59.3804,1.1678,2646.0457,162.5536,12.4780,16.8648,9.0895,16.5695,22.0926,29.825,33.4482,44.5976,11.8163,0.0,2.018664,2.691552,0.981654,30,240,141,4,0.10479828,0.02244119,0.04150452,0E-8,0.000000,0.902668,0.011910,-0.02129501,2026-03-22,2026-08-05,112,5695,2177,137,0.817518,0.739886,0.767145,0.349328,,,,,,,,GLOBAL_BASELINE_NO_ENTITY_RANKING,,,NOT_APPLICABLE_GLOBAL_BASELINE,HF9g-P5,,,,X 全窗基线 · 不参与实体赏罚,14195523,1420,A168_HF9F_20260827_0900,2026-08-27 09:00:00
2026-05-08,110249610,2248,0,7.8045734801,-7.8045734801,-7.8045734801,0E-7,2,2,0.49994810000000000,0.499948100000,-1.4140667746232096,-1.4140667746232096,-1.4140667746232096,0E-17,ELIGIBLE,R03b_20260811_FULL_v1,L1_ELIGIBILITY,v2026-08-11,2026-03-21..2026-08-06,baccarat_bet02_101_all_pairs_incl_sentinel,round_win = game_pnl > 0 (decisive only),COMPATIBILITY_ONLY_NOT_PRODUCTION,296357.1217,267511.9505,6650.6079,18220,18206,-0.02244119,-0.04150452,-0.02020951,-0.02244119,-6650.6079,296357.1217,OK,0.0000,266.0243,4.0000,96.0000,AG03-UNRESOLVED,ALL5_LEVELS_bet23_to_bet27,266.0243,266.0243,266.0243,332.5304,332.5304,4.000000,4.000000,4.000000,5.000000,5.000000,96.000000,96.000000,96.000000,95.000000,95.000000,5.0,1463.1337,1340.2688,5187.4742,5310.3391,PENDING_AG03,FALSE,NOT_FOR_ENFORCEMENT,6384.5836,256811.4724,6650.6079,6384.5836,266.0243,0.02244119,0.02154355,266.0243,6384.5836,0.02154355,266.0243,266.0243,266.0243,332.5304,332.5304,6384.5836,0.02154355,1463.1337,1340.2688,5187.4742,5310.3391,0.01750413,0.01791872,0.00089765,16.2655,14.6936,0.3653,59.3804,1.1678,2646.0457,162.5536,12.4780,16.8648,9.0895,16.5695,22.0926,29.825,33.4482,44.5976,11.8163,0.0,2.018664,2.691552,0.981654,30,240,141,4,0.10479828,0.02244119,0.04150452,0E-8,0.000000,0.902668,0.011910,-0.02129501,2026-03-22,2026-08-05,112,5695,2177,137,0.817518,0.739886,0.767145,0.349328,,,,,,,,GLOBAL_BASELINE_NO_ENTITY_RANKING,,,NOT_APPLICABLE_GLOBAL_BASELINE,HF9g-P5,,,,X 全窗基线 · 不参与实体赏罚,14195524,1420,A168_HF9F_20260827_0900,2026-08-27 09:00:00
2026-05-08,110249610,462,0,37.9079283317,1.7839025097,1.7839025097,0.6250000,9,9,0.49622443333333333,0.496224433333,0.7284853808030249,0.7284853808049142,0.7284853808030249,3.3333E-13,ELIGIBLE,R03b_20260811_FULL_v1,L1_ELIGIBILITY,v2026-08-11,2026-03-21..2026-08-06,baccarat_bet02_101_all_pairs_incl_sentinel,round_win = game_pnl > 0 (decisive only),COMPATIBILITY_ONLY_NOT_PRODUCTION,296357.1217,267511.9505,6650.6079,18220,18206,-0.02244119,-0.04150452,-0.02020951,-0.02244119,-6650.6079,296357.1217,OK,0.0000,266.0243,4.0000,96.0000,AG03-UNRESOLVED,ALL5_LEVELS_bet23_to_bet27,266.0243,266.0243,266.0243,332.5304,332.5304,4.000000,4.000000,4.000000,5.000000,5.000000,96.000000,96.000000,96.000000,95.000000,95.000000,5.0,1463.1337,1340.2688,5187.4742,5310.3391,PENDING_AG03,FALSE,NOT_FOR_ENFORCEMENT,6384.5836,256811.4724,6650.6079,6384.5836,266.0243,0.02244119,0.02154355,266.0243,6384.5836,0.02154355,266.0243,266.0243,266.0243,332.5304,332.5304,6384.5836,0.02154355,1463.1337,1340.2688,5187.4742,5310.3391,0.01750413,0.01791872,0.00089765,16.2655,14.6936,0.3653,59.3804,1.1678,2646.0457,162.5536,12.4780,16.8648,9.0895,16.5695,22.0926,29.825,33.4482,44.5976,11.8163,0.0,2.018664,2.691552,0.981654,30,240,141,4,0.10479828,0.02244119,0.04150452,0E-8,0.000000,0.902668,0.011910,-0.02129501,2026-03-22,2026-08-05,112,5695,2177,137,0.817518,0.739886,0.767145,0.349328,,,,,,,,GLOBAL_BASELINE_NO_ENTITY_RANKING,,,NOT_APPLICABLE_GLOBAL_BASELINE,HF9g-P5,,,,X 全窗基线 · 不参与实体赏罚,14195525,1420,A168_HF9F_20260827_0900,2026-08-27 09:00:00
2026-05-08,110249610,970,0,5.5746953430,-1.1706860220,-1.1706860220,0.5000000,4,4,0.49659680000000000,0.496596800000,0.013613115331600182,0.013613115331600183,0.013613115331600182,0E-17,ELIGIBLE,R03b_20260811_FULL_v1,L1_ELIGIBILITY,v2026-08-11,2026-03-21..2026-08-06,baccarat_bet02_101_all_pairs_incl_sentinel,round_win = game_pnl > 0 (decisive only),COMPATIBILITY_ONLY_NOT_PRODUCTION,296357.1217,267511.9505,6650.6079,18220,18206,-0.02244119,-0.04150452,-0.02020951,-0.02244119,-6650.6079,296357.1217,OK,0.0000,266.0243,4.0000,96.0000,AG03-UNRESOLVED,ALL5_LEVELS_bet23_to_bet27,266.0243,266.0243,266.0243,332.5304,332.5304,4.000000,4.000000,4.000000,5.000000,5.000000,96.000000,96.000000,96.000000,95.000000,95.000000,5.0,1463.1337,1340.2688,5187.4742,5310.3391,PENDING_AG03,FALSE,NOT_FOR_ENFORCEMENT,6384.5836,256811.4724,6650.6079,6384.5836,266.0243,0.02244119,0.02154355,266.0243,6384.5836,0.02154355,266.0243,266.0243,266.0243,332.5304,332.5304,6384.5836,0.02154355,1463.1337,1340.2688,5187.4742,5310.3391,0.01750413,0.01791872,0.00089765,16.2655,14.6936,0.3653,59.3804,1.1678,2646.0457,162.5536,12.4780,16.8648,9.0895,16.5695,22.0926,29.825,33.4482,44.5976,11.8163,0.0,2.018664,2.691552,0.981654,30,240,141,4,0.10479828,0.02244119,0.04150452,0E-8,0.000000,0.902668,0.011910,-0.02129501,2026-03-22,2026-08-05,112,5695,2177,137,0.817518,0.739886,0.767145,0.349328,,,,,,,,GLOBAL_BASELINE_NO_ENTITY_RANKING,,,NOT_APPLICABLE_GLOBAL_BASELINE,HF9g-P5,,,,X 全窗基线 · 不参与实体赏罚,14195526,1420,A168_HF9F_20260827_0900,2026-08-27 09:00:00
2026-05-08,110249610,994,0,58.4228071935,2.4528659511,2.4528659511,0.6666667,12,12,0.50665070000000000,0.506650700000,1.108721222988407,1.108721222988407,1.108721222988407,0E-17,ELIGIBLE,R03b_20260811_FULL_v1,L1_ELIGIBILITY,v2026-08-11,2026-03-21..2026-08-06,baccarat_bet02_101_all_pairs_incl_sentinel,round_win = game_pnl > 0 (decisive only),COMPATIBILITY_ONLY_NOT_PRODUCTION,296357.1217,267511.9505,6650.6079,18220,18206,-0.02244119,-0.04150452,-0.02020951,-0.02244119,-6650.6079,296357.1217,OK,0.0000,266.0243,4.0000,96.0000,AG03-UNRESOLVED,ALL5_LEVELS_bet23_to_bet27,266.0243,266.0243,266.0243,332.5304,332.5304,4.000000,4.000000,4.000000,5.000000,5.000000,96.000000,96.000000,96.000000,95.000000,95.000000,5.0,1463.1337,1340.2688,5187.4742,5310.3391,PENDING_AG03,FALSE,NOT_FOR_ENFORCEMENT,6384.5836,256811.4724,6650.6079,6384.5836,266.0243,0.02244119,0.02154355,266.0243,6384.5836,0.02154355,266.0243,266.0243,266.0243,332.5304,332.5304,6384.5836,0.02154355,1463.1337,1340.2688,5187.4742,5310.3391,0.01750413,0.01791872,0.00089765,16.2655,14.6936,0.3653,59.3804,1.1678,2646.0457,162.5536,12.4780,16.8648,9.0895,16.5695,22.0926,29.825,33.4482,44.5976,11.8163,0.0,2.018664,2.691552,0.981654,30,240,141,4,0.10479828,0.02244119,0.04150452,0E-8,0.000000,0.902668,0.011910,-0.02129501,2026-03-22,2026-08-05,112,5695,2177,137,0.817518,0.739886,0.767145,0.349328,,,,,,,,GLOBAL_BASELINE_NO_ENTITY_RANKING,,,NOT_APPLICABLE_GLOBAL_BASELINE,HF9g-P5,,,,X 全窗基线 · 不参与实体赏罚,14195527,1420,A168_HF9F_20260827_0900,2026-08-27 09:00:00
2026-05-09,110249610,-1,1,3959.5946081545,131.4513161859,131.4513161859,0.5265700,231,231,0.49957089740259740,0.499570897403,0.7769005602227199,0.7769005602111345,0.7769005602227199,-4.0260E-13,SENTINEL_DEALER,R03b_20260811_FULL_v1,L1_ELIGIBILITY,v2026-08-11,2026-03-21..2026-08-06,baccarat_bet02_101_all_pairs_incl_sentinel,round_win = game_pnl > 0 (decisive only),COMPATIBILITY_ONLY_NOT_PRODUCTION,296357.1217,267511.9505,6650.6079,18220,18206,-0.02244119,-0.04150452,-0.02020951,-0.02244119,-6650.6079,296357.1217,OK,0.0000,266.0243,4.0000,96.0000,AG03-UNRESOLVED,ALL5_LEVELS_bet23_to_bet27,266.0243,266.0243,266.0243,332.5304,332.5304,4.000000,4.000000,4.000000,5.000000,5.000000,96.000000,96.000000,96.000000,95.000000,95.000000,5.0,1463.1337,1340.2688,5187.4742,5310.3391,PENDING_AG03,FALSE,NOT_FOR_ENFORCEMENT,6384.5836,256811.4724,6650.6079,6384.5836,266.0243,0.02244119,0.02154355,266.0243,6384.5836,0.02154355,266.0243,266.0243,266.0243,332.5304,332.5304,6384.5836,0.02154355,1463.1337,1340.2688,5187.4742,5310.3391,0.01750413,0.01791872,0.00089765,16.2655,14.6936,0.3653,59.3804,1.1678,2646.0457,162.5536,12.4780,16.8648,9.0895,16.5695,22.0926,29.825,33.4482,44.5976,11.8163,0.0,2.018664,2.691552,0.981654,30,240,141,4,0.10479828,0.02244119,0.04150452,0E-8,0.000000,0.902668,0.011910,-0.02129501,2026-03-22,2026-08-05,112,5695,2177,137,0.817518,0.739886,0.767145,0.349328,,,,,,,,GLOBAL_BASELINE_NO_ENTITY_RANKING,,,NOT_APPLICABLE_GLOBAL_BASELINE,HF9g-P5,,,,X 全窗基线 · 不参与实体赏罚,14195528,1420,A168_HF9F_20260827_0900,2026-08-27 09:00:00
2026-05-09,110249610,1004,0,27.8734767145,-27.8734767145,-27.8734767145,0E-7,2,2,0.49994810000000000,0.499948100000,-1.4140667746232096,-1.4140667746232096,-1.4140667746232096,0E-17,ELIGIBLE,R03b_20260811_FULL_v1,L1_ELIGIBILITY,v2026-08-11,2026-03-21..2026-08-06,baccarat_bet02_101_all_pairs_incl_sentinel,round_win = game_pnl > 0 (decisive only),COMPATIBILITY_ONLY_NOT_PRODUCTION,296357.1217,267511.9505,6650.6079,18220,18206,-0.02244119,-0.04150452,-0.02020951,-0.02244119,-6650.6079,296357.1217,OK,0.0000,266.0243,4.0000,96.0000,AG03-UNRESOLVED,ALL5_LEVELS_bet23_to_bet27,266.0243,266.0243,266.0243,332.5304,332.5304,4.000000,4.000000,4.000000,5.000000,5.000000,96.000000,96.000000,96.000000,95.000000,95.000000,5.0,1463.1337,1340.2688,5187.4742,5310.3391,PENDING_AG03,FALSE,NOT_FOR_ENFORCEMENT,6384.5836,256811.4724,6650.6079,6384.5836,266.0243,0.02244119,0.02154355,266.0243,6384.5836,0.02154355,266.0243,266.0243,266.0243,332.5304,332.5304,6384.5836,0.02154355,1463.1337,1340.2688,5187.4742,5310.3391,0.01750413,0.01791872,0.00089765,16.2655,14.6936,0.3653,59.3804,1.1678,2646.0457,162.5536,12.4780,16.8648,9.0895,16.5695,22.0926,29.825,33.4482,44.5976,11.8163,0.0,2.018664,2.691552,0.981654,30,240,141,4,0.10479828,0.02244119,0.04150452,0E-8,0.000000,0.902668,0.011910,-0.02129501,2026-03-22,2026-08-05,112,5695,2177,137,0.817518,0.739886,0.767145,0.349328,,,,,,,,GLOBAL_BASELINE_NO_ENTITY_RANKING,,,NOT_APPLICABLE_GLOBAL_BASELINE,HF9g-P5,,,,X 全窗基线 · 不参与实体赏罚,14195529,1420,A168_HF9F_20260827_0900,2026-08-27 09:00:00
2026-05-09,110249610,1087,0,6.6896344115,-6.6896344115,-6.6896344115,0E-7,1,1,0.50665070000000000,0.506650700000,-1.013391052207602,-1.013391052207602,-1.013391052207602,0E-17,ELIGIBLE,R03b_20260811_FULL_v1,L1_ELIGIBILITY,v2026-08-11,2026-03-21..2026-08-06,baccarat_bet02_101_all_pairs_incl_sentinel,round_win = game_pnl > 0 (decisive only),COMPATIBILITY_ONLY_NOT_PRODUCTION,296357.1217,267511.9505,6650.6079,18220,18206,-0.02244119,-0.04150452,-0.02020951,-0.02244119,-6650.6079,296357.1217,OK,0.0000,266.0243,4.0000,96.0000,AG03-UNRESOLVED,ALL5_LEVELS_bet23_to_bet27,266.0243,266.0243,266.0243,332.5304,332.5304,4.000000,4.000000,4.000000,5.000000,5.000000,96.000000,96.000000,96.000000,95.000000,95.000000,5.0,1463.1337,1340.2688,5187.4742,5310.3391,PENDING_AG03,FALSE,NOT_FOR_ENFORCEMENT,6384.5836,256811.4724,6650.6079,6384.5836,266.0243,0.02244119,0.02154355,266.0243,6384.5836,0.02154355,266.0243,266.0243,266.0243,332.5304,332.5304,6384.5836,0.02154355,1463.1337,1340.2688,5187.4742,5310.3391,0.01750413,0.01791872,0.00089765,16.2655,14.6936,0.3653,59.3804,1.1678,2646.0457,162.5536,12.4780,16.8648,9.0895,16.5695,22.0926,29.825,33.4482,44.5976,11.8163,0.0,2.018664,2.691552,0.981654,30,240,141,4,0.10479828,0.02244119,0.04150452,0E-8,0.000000,0.902668,0.011910,-0.02129501,2026-03-22,2026-08-05,112,5695,2177,137,0.817518,0.739886,0.767145,0.349328,,,,,,,,GLOBAL_BASELINE_NO_ENTITY_RANKING,,,NOT_APPLICABLE_GLOBAL_BASELINE,HF9g-P5,,,,X 全窗基线 · 不参与实体赏罚,14195530,1420,A168_HF9F_20260827_0900,2026-08-27 09:00:00
2026-05-09,110249610,1094,0,33.4481720574,-33.4481720574,-33.4481720574,0E-7,2,2,0.49994810000000000,0.499948100000,-1.4140667746232096,-1.4140667746232096,-1.4140667746232096,0E-17,ELIGIBLE,R03b_20260811_FULL_v1,L1_ELIGIBILITY,v2026-08-11,2026-03-21..2026-08-06,baccarat_bet02_101_all_pairs_incl_sentinel,round_win = game_pnl > 0 (decisive only),COMPATIBILITY_ONLY_NOT_PRODUCTION,296357.1217,267511.9505,6650.6079,18220,18206,-0.02244119,-0.04150452,-0.02020951,-0.02244119,-6650.6079,296357.1217,OK,0.0000,266.0243,4.0000,96.0000,AG03-UNRESOLVED,ALL5_LEVELS_bet23_to_bet27,266.0243,266.0243,266.0243,332.5304,332.5304,4.000000,4.000000,4.000000,5.000000,5.000000,96.000000,96.000000,96.000000,95.000000,95.000000,5.0,1463.1337,1340.2688,5187.4742,5310.3391,PENDING_AG03,FALSE,NOT_FOR_ENFORCEMENT,6384.5836,256811.4724,6650.6079,6384.5836,266.0243,0.02244119,0.02154355,266.0243,6384.5836,0.02154355,266.0243,266.0243,266.0243,332.5304,332.5304,6384.5836,0.02154355,1463.1337,1340.2688,5187.4742,5310.3391,0.01750413,0.01791872,0.00089765,16.2655,14.6936,0.3653,59.3804,1.1678,2646.0457,162.5536,12.4780,16.8648,9.0895,16.5695,22.0926,29.825,33.4482,44.5976,11.8163,0.0,2.018664,2.691552,0.981654,30,240,141,4,0.10479828,0.02244119,0.04150452,0E-8,0.000000,0.902668,0.011910,-0.02129501,2026-03-22,2026-08-05,112,5695,2177,137,0.817518,0.739886,0.767145,0.349328,,,,,,,,GLOBAL_BASELINE_NO_ENTITY_RANKING,,,NOT_APPLICABLE_GLOBAL_BASELINE,HF9g-P5,,,,X 全窗基线 · 不参与实体赏罚,14195531,1420,A168_HF9F_20260827_0900,2026-08-27 09:00:00
2026-05-09,110249610,1115,0,66.0043928599,-16.2335128385,-16.2335128385,0.3333333,4,4,0.50329940000000000,0.503299400000,-0.5887925454369916,-0.5887925454369916,-0.5887925454369916,0E-17,ELIGIBLE,R03b_20260811_FULL_v1,L1_ELIGIBILITY,v2026-08-11,2026-03-21..2026-08-06,baccarat_bet02_101_all_pairs_incl_sentinel,round_win = game_pnl > 0 (decisive only),COMPATIBILITY_ONLY_NOT_PRODUCTION,296357.1217,267511.9505,6650.6079,18220,18206,-0.02244119,-0.04150452,-0.02020951,-0.02244119,-6650.6079,296357.1217,OK,0.0000,266.0243,4.0000,96.0000,AG03-UNRESOLVED,ALL5_LEVELS_bet23_to_bet27,266.0243,266.0243,266.0243,332.5304,332.5304,4.000000,4.000000,4.000000,5.000000,5.000000,96.000000,96.000000,96.000000,95.000000,95.000000,5.0,1463.1337,1340.2688,5187.4742,5310.3391,PENDING_AG03,FALSE,NOT_FOR_ENFORCEMENT,6384.5836,256811.4724,6650.6079,6384.5836,266.0243,0.02244119,0.02154355,266.0243,6384.5836,0.02154355,266.0243,266.0243,266.0243,332.5304,332.5304,6384.5836,0.02154355,1463.1337,1340.2688,5187.4742,5310.3391,0.01750413,0.01791872,0.00089765,16.2655,14.6936,0.3653,59.3804,1.1678,2646.0457,162.5536,12.4780,16.8648,9.0895,16.5695,22.0926,29.825,33.4482,44.5976,11.8163,0.0,2.018664,2.691552,0.981654,30,240,141,4,0.10479828,0.02244119,0.04150452,0E-8,0.000000,0.902668,0.011910,-0.02129501,2026-03-22,2026-08-05,112,5695,2177,137,0.817518,0.739886,0.767145,0.349328,,,,,,,,GLOBAL_BASELINE_NO_ENTITY_RANKING,,,NOT_APPLICABLE_GLOBAL_BASELINE,HF9g-P5,,,,X 全窗基线 · 不参与实体赏罚,14195532,1420,A168_HF9F_20260827_0900,2026-08-27 09:00:00
2026-05-09,110249610,1221,0,16.7240860287,15.8878817273,15.8878817273,1.0000000,1,1,0.50665070000000000,0.506650700000,0.9867858985152569,0.9867858985152569,0.9867858985152569,0E-17,ELIGIBLE,R03b_20260811_FULL_v1,L1_ELIGIBILITY,v2026-08-11,2026-03-21..2026-08-06,baccarat_bet02_101_all_pairs_incl_sentinel,round_win = game_pnl > 0 (decisive only),COMPATIBILITY_ONLY_NOT_PRODUCTION,296357.1217,267511.9505,6650.6079,18220,18206,-0.02244119,-0.04150452,-0.02020951,-0.02244119,-6650.6079,296357.1217,OK,0.0000,266.0243,4.0000,96.0000,AG03-UNRESOLVED,ALL5_LEVELS_bet23_to_bet27,266.0243,266.0243,266.0243,332.5304,332.5304,4.000000,4.000000,4.000000,5.000000,5.000000,96.000000,96.000000,96.000000,95.000000,95.000000,5.0,1463.1337,1340.2688,5187.4742,5310.3391,PENDING_AG03,FALSE,NOT_FOR_ENFORCEMENT,6384.5836,256811.4724,6650.6079,6384.5836,266.0243,0.02244119,0.02154355,266.0243,6384.5836,0.02154355,266.0243,266.0243,266.0243,332.5304,332.5304,6384.5836,0.02154355,1463.1337,1340.2688,5187.4742,5310.3391,0.01750413,0.01791872,0.00089765,16.2655,14.6936,0.3653,59.3804,1.1678,2646.0457,162.5536,12.4780,16.8648,9.0895,16.5695,22.0926,29.825,33.4482,44.5976,11.8163,0.0,2.018664,2.691552,0.981654,30,240,141,4,0.10479828,0.02244119,0.04150452,0E-8,0.000000,0.902668,0.011910,-0.02129501,2026-03-22,2026-08-05,112,5695,2177,137,0.817518,0.739886,0.767145,0.349328,,,,,,,,GLOBAL_BASELINE_NO_ENTITY_RANKING,,,NOT_APPLICABLE_GLOBAL_BASELINE,HF9g-P5,,,,X 全窗基线 · 不参与实体赏罚,14195533,1420,A168_HF9F_20260827_0900,2026-08-27 09:00:00
2026-05-09,110249610,1318,0,122.6432975438,-28.7096810159,-28.7096810159,0.4000000,6,6,0.50218230000000000,0.502182300000,-0.4569774904649096,-0.4569774904649096,-0.4569774904649096,0E-17,ELIGIBLE,R03b_20260811_FULL_v1,L1_ELIGIBILITY,v2026-08-11,2026-03-21..2026-08-06,baccarat_bet02_101_all_pairs_incl_sentinel,round_win = game_pnl > 0 (decisive only),COMPATIBILITY_ONLY_NOT_PRODUCTION,296357.1217,267511.9505,6650.6079,18220,18206,-0.02244119,-0.04150452,-0.02020951,-0.02244119,-6650.6079,296357.1217,OK,0.0000,266.0243,4.0000,96.0000,AG03-UNRESOLVED,ALL5_LEVELS_bet23_to_bet27,266.0243,266.0243,266.0243,332.5304,332.5304,4.000000,4.000000,4.000000,5.000000,5.000000,96.000000,96.000000,96.000000,95.000000,95.000000,5.0,1463.1337,1340.2688,5187.4742,5310.3391,PENDING_AG03,FALSE,NOT_FOR_ENFORCEMENT,6384.5836,256811.4724,6650.6079,6384.5836,266.0243,0.02244119,0.02154355,266.0243,6384.5836,0.02154355,266.0243,266.0243,266.0243,332.5304,332.5304,6384.5836,0.02154355,1463.1337,1340.2688,5187.4742,5310.3391,0.01750413,0.01791872,0.00089765,16.2655,14.6936,0.3653,59.3804,1.1678,2646.0457,162.5536,12.4780,16.8648,9.0895,16.5695,22.0926,29.825,33.4482,44.5976,11.8163,0.0,2.018664,2.691552,0.981654,30,240,141,4,0.10479828,0.02244119,0.04150452,0E-8,0.000000,0.902668,0.011910,-0.02129501,2026-03-22,2026-08-05,112,5695,2177,137,0.817518,0.739886,0.767145,0.349328,,,,,,,,GLOBAL_BASELINE_NO_ENTITY_RANKING,,,NOT_APPLICABLE_GLOBAL_BASELINE,HF9g-P5,,,,X 全窗基线 · 不参与实体赏罚,14195534,1420,A168_HF9F_20260827_0900,2026-08-27 09:00:00
2026-05-09,110249610,1323,0,5.5746953429,-5.5746953429,-5.5746953429,0E-7,1,1,0.50665070000000000,0.506650700000,-1.013391052207602,-1.013391052207602,-1.013391052207602,0E-17,ELIGIBLE,R03b_20260811_FULL_v1,L1_ELIGIBILITY,v2026-08-11,2026-03-21..2026-08-06,baccarat_bet02_101_all_pairs_incl_sentinel,round_win = game_pnl > 0 (decisive only),COMPATIBILITY_ONLY_NOT_PRODUCTION,296357.1217,267511.9505,6650.6079,18220,18206,-0.02244119,-0.04150452,-0.02020951,-0.02244119,-6650.6079,296357.1217,OK,0.0000,266.0243,4.0000,96.0000,AG03-UNRESOLVED,ALL5_LEVELS_bet23_to_bet27,266.0243,266.0243,266.0243,332.5304,332.5304,4.000000,4.000000,4.000000,5.000000,5.000000,96.000000,96.000000,96.000000,95.000000,95.000000,5.0,1463.1337,1340.2688,5187.4742,5310.3391,PENDING_AG03,FALSE,NOT_FOR_ENFORCEMENT,6384.5836,256811.4724,6650.6079,6384.5836,266.0243,0.02244119,0.02154355,266.0243,6384.5836,0.02154355,266.0243,266.0243,266.0243,332.5304,332.5304,6384.5836,0.02154355,1463.1337,1340.2688,5187.4742,5310.3391,0.01750413,0.01791872,0.00089765,16.2655,14.6936,0.3653,59.3804,1.1678,2646.0457,162.5536,12.4780,16.8648,9.0895,16.5695,22.0926,29.825,33.4482,44.5976,11.8163,0.0,2.018664,2.691552,0.981654,30,240,141,4,0.10479828,0.02244119,0.04150452,0E-8,0.000000,0.902668,0.011910,-0.02129501,2026-03-22,2026-08-05,112,5695,2177,137,0.817518,0.739886,0.767145,0.349328,,,,,,,,GLOBAL_BASELINE_NO_ENTITY_RANKING,,,NOT_APPLICABLE_GLOBAL_BASELINE,HF9g-P5,,,,X 全窗基线 · 不参与实体赏罚,14195535,1420,A168_HF9F_20260827_0900,2026-08-27 09:00:00
2026-05-09,110249610,1330,0,11.1493906858,-11.1493906858,-11.1493906858,0E-7,1,1,0.49324550000000000,0.493245500000,-0.9865810262130424,-0.9865810262130424,-0.9865810262130424,0E-17,ELIGIBLE,R03b_20260811_FULL_v1,L1_ELIGIBILITY,v2026-08-11,2026-03-21..2026-08-06,baccarat_bet02_101_all_pairs_incl_sentinel,round_win = game_pnl > 0 (decisive only),COMPATIBILITY_ONLY_NOT_PRODUCTION,296357.1217,267511.9505,6650.6079,18220,18206,-0.02244119,-0.04150452,-0.02020951,-0.02244119,-6650.6079,296357.1217,OK,0.0000,266.0243,4.0000,96.0000,AG03-UNRESOLVED,ALL5_LEVELS_bet23_to_bet27,266.0243,266.0243,266.0243,332.5304,332.5304,4.000000,4.000000,4.000000,5.000000,5.000000,96.000000,96.000000,96.000000,95.000000,95.000000,5.0,1463.1337,1340.2688,5187.4742,5310.3391,PENDING_AG03,FALSE,NOT_FOR_ENFORCEMENT,6384.5836,256811.4724,6650.6079,6384.5836,266.0243,0.02244119,0.02154355,266.0243,6384.5836,0.02154355,266.0243,266.0243,266.0243,332.5304,332.5304,6384.5836,0.02154355,1463.1337,1340.2688,5187.4742,5310.3391,0.01750413,0.01791872,0.00089765,16.2655,14.6936,0.3653,59.3804,1.1678,2646.0457,162.5536,12.4780,16.8648,9.0895,16.5695,22.0926,29.825,33.4482,44.5976,11.8163,0.0,2.018664,2.691552,0.981654,30,240,141,4,0.10479828,0.02244119,0.04150452,0E-8,0.000000,0.902668,0.011910,-0.02129501,2026-03-22,2026-08-05,112,5695,2177,137,0.817518,0.739886,0.767145,0.349328,,,,,,,,GLOBAL_BASELINE_NO_ENTITY_RANKING,,,NOT_APPLICABLE_GLOBAL_BASELINE,HF9g-P5,,,,X 全窗基线 · 不参与实体赏罚,14195536,1420,A168_HF9F_20260827_0900,2026-08-27 09:00:00
2026-05-09,110249610,1363,0,149.4018351897,81.1118172392,81.1118172392,0.8750000,10,10,0.50262914000000000,0.502629140000,2.106476803503637,2.106476803503637,2.106476803503637,0E-17,ELIGIBLE,R03b_20260811_FULL_v1,L1_ELIGIBILITY,v2026-08-11,2026-03-21..2026-08-06,baccarat_bet02_101_all_pairs_incl_sentinel,round_win = game_pnl > 0 (decisive only),COMPATIBILITY_ONLY_NOT_PRODUCTION,296357.1217,267511.9505,6650.6079,18220,18206,-0.02244119,-0.04150452,-0.02020951,-0.02244119,-6650.6079,296357.1217,OK,0.0000,266.0243,4.0000,96.0000,AG03-UNRESOLVED,ALL5_LEVELS_bet23_to_bet27,266.0243,266.0243,266.0243,332.5304,332.5304,4.000000,4.000000,4.000000,5.000000,5.000000,96.000000,96.000000,96.000000,95.000000,95.000000,5.0,1463.1337,1340.2688,5187.4742,5310.3391,PENDING_AG03,FALSE,NOT_FOR_ENFORCEMENT,6384.5836,256811.4724,6650.6079,6384.5836,266.0243,0.02244119,0.02154355,266.0243,6384.5836,0.02154355,266.0243,266.0243,266.0243,332.5304,332.5304,6384.5836,0.02154355,1463.1337,1340.2688,5187.4742,5310.3391,0.01750413,0.01791872,0.00089765,16.2655,14.6936,0.3653,59.3804,1.1678,2646.0457,162.5536,12.4780,16.8648,9.0895,16.5695,22.0926,29.825,33.4482,44.5976,11.8163,0.0,2.018664,2.691552,0.981654,30,240,141,4,0.10479828,0.02244119,0.04150452,0E-8,0.000000,0.902668,0.011910,-0.02129501,2026-03-22,2026-08-05,112,5695,2177,137,0.817518,0.739886,0.767145,0.349328,,,,,,,,GLOBAL_BASELINE_NO_ENTITY_RANKING,,,NOT_APPLICABLE_GLOBAL_BASELINE,HF9g-P5,,,,X 全窗基线 · 不参与实体赏罚,14195537,1420,A168_HF9F_20260827_0900,2026-08-27 09:00:00
2026-05-09,110249610,1385,0,45.1550322775,-12.2643297544,-12.2643297544,0.3333333,4,4,0.50329940000000000,0.503299400000,-0.5887925454369916,-0.5887925454369916,-0.5887925454369916,0E-17,ELIGIBLE,R03b_20260811_FULL_v1,L1_ELIGIBILITY,v2026-08-11,2026-03-21..2026-08-06,baccarat_bet02_101_all_pairs_incl_sentinel,round_win = game_pnl > 0 (decisive only),COMPATIBILITY_ONLY_NOT_PRODUCTION,296357.1217,267511.9505,6650.6079,18220,18206,-0.02244119,-0.04150452,-0.02020951,-0.02244119,-6650.6079,296357.1217,OK,0.0000,266.0243,4.0000,96.0000,AG03-UNRESOLVED,ALL5_LEVELS_bet23_to_bet27,266.0243,266.0243,266.0243,332.5304,332.5304,4.000000,4.000000,4.000000,5.000000,5.000000,96.000000,96.000000,96.000000,95.000000,95.000000,5.0,1463.1337,1340.2688,5187.4742,5310.3391,PENDING_AG03,FALSE,NOT_FOR_ENFORCEMENT,6384.5836,256811.4724,6650.6079,6384.5836,266.0243,0.02244119,0.02154355,266.0243,6384.5836,0.02154355,266.0243,266.0243,266.0243,332.5304,332.5304,6384.5836,0.02154355,1463.1337,1340.2688,5187.4742,5310.3391,0.01750413,0.01791872,0.00089765,16.2655,14.6936,0.3653,59.3804,1.1678,2646.0457,162.5536,12.4780,16.8648,9.0895,16.5695,22.0926,29.825,33.4482,44.5976,11.8163,0.0,2.018664,2.691552,0.981654,30,240,141,4,0.10479828,0.02244119,0.04150452,0E-8,0.000000,0.902668,0.011910,-0.02129501,2026-03-22,2026-08-05,112,5695,2177,137,0.817518,0.739886,0.767145,0.349328,,,,,,,,GLOBAL_BASELINE_NO_ENTITY_RANKING,,,NOT_APPLICABLE_GLOBAL_BASELINE,HF9g-P5,,,,X 全窗基线 · 不参与实体赏罚,14195538,1420,A168_HF9F_20260827_0900,2026-08-27 09:00:00
2026-05-09,110249610,1399,0,28.5424401556,-28.5424401556,-28.5424401556,0E-7,2,2,0.49324550000000000,0.493245500000,-1.3952362676504506,-1.3952362676504506,-1.3952362676504506,0E-17,ELIGIBLE,R03b_20260811_FULL_v1,L1_ELIGIBILITY,v2026-08-11,2026-03-21..2026-08-06,baccarat_bet02_101_all_pairs_incl_sentinel,round_win = game_pnl > 0 (decisive only),COMPATIBILITY_ONLY_NOT_PRODUCTION,296357.1217,267511.9505,6650.6079,18220,18206,-0.02244119,-0.04150452,-0.02020951,-0.02244119,-6650.6079,296357.1217,OK,0.0000,266.0243,4.0000,96.0000,AG03-UNRESOLVED,ALL5_LEVELS_bet23_to_bet27,266.0243,266.0243,266.0243,332.5304,332.5304,4.000000,4.000000,4.000000,5.000000,5.000000,96.000000,96.000000,96.000000,95.000000,95.000000,5.0,1463.1337,1340.2688,5187.4742,5310.3391,PENDING_AG03,FALSE,NOT_FOR_ENFORCEMENT,6384.5836,256811.4724,6650.6079,6384.5836,266.0243,0.02244119,0.02154355,266.0243,6384.5836,0.02154355,266.0243,266.0243,266.0243,332.5304,332.5304,6384.5836,0.02154355,1463.1337,1340.2688,5187.4742,5310.3391,0.01750413,0.01791872,0.00089765,16.2655,14.6936,0.3653,59.3804,1.1678,2646.0457,162.5536,12.4780,16.8648,9.0895,16.5695,22.0926,29.825,33.4482,44.5976,11.8163,0.0,2.018664,2.691552,0.981654,30,240,141,4,0.10479828,0.02244119,0.04150452,0E-8,0.000000,0.902668,0.011910,-0.02129501,2026-03-22,2026-08-05,112,5695,2177,137,0.817518,0.739886,0.767145,0.349328,,,,,,,,GLOBAL_BASELINE_NO_ENTITY_RANKING,,,NOT_APPLICABLE_GLOBAL_BASELINE,HF9g-P5,,,,X 全窗基线 · 不参与实体赏罚,14195539,1420,A168_HF9F_20260827_0900,2026-08-27 09:00:00
2026-05-09,110249610,1485,0,22.2987813716,22.2987813716,22.2987813716,1.0000000,1,1,0.49324550000000000,0.493245500000,1.01360149184955,1.01360149184955,1.01360149184955,0E-17,ELIGIBLE,R03b_20260811_FULL_v1,L1_ELIGIBILITY,v2026-08-11,2026-03-21..2026-08-06,baccarat_bet02_101_all_pairs_incl_sentinel,round_win = game_pnl > 0 (decisive only),COMPATIBILITY_ONLY_NOT_PRODUCTION,296357.1217,267511.9505,6650.6079,18220,18206,-0.02244119,-0.04150452,-0.02020951,-0.02244119,-6650.6079,296357.1217,OK,0.0000,266.0243,4.0000,96.0000,AG03-UNRESOLVED,ALL5_LEVELS_bet23_to_bet27,266.0243,266.0243,266.0243,332.5304,332.5304,4.000000,4.000000,4.000000,5.000000,5.000000,96.000000,96.000000,96.000000,95.000000,95.000000,5.0,1463.1337,1340.2688,5187.4742,5310.3391,PENDING_AG03,FALSE,NOT_FOR_ENFORCEMENT,6384.5836,256811.4724,6650.6079,6384.5836,266.0243,0.02244119,0.02154355,266.0243,6384.5836,0.02154355,266.0243,266.0243,266.0243,332.5304,332.5304,6384.5836,0.02154355,1463.1337,1340.2688,5187.4742,5310.3391,0.01750413,0.01791872,0.00089765,16.2655,14.6936,0.3653,59.3804,1.1678,2646.0457,162.5536,12.4780,16.8648,9.0895,16.5695,22.0926,29.825,33.4482,44.5976,11.8163,0.0,2.018664,2.691552,0.981654,30,240,141,4,0.10479828,0.02244119,0.04150452,0E-8,0.000000,0.902668,0.011910,-0.02129501,2026-03-22,2026-08-05,112,5695,2177,137,0.817518,0.739886,0.767145,0.349328,,,,,,,,GLOBAL_BASELINE_NO_ENTITY_RANKING,,,NOT_APPLICABLE_GLOBAL_BASELINE,HF9g-P5,,,,X 全窗基线 · 不参与实体赏罚,14195540,1420,A168_HF9F_20260827_0900,2026-08-27 09:00:00
2026-05-09,110249610,1507,0,34.5631111260,11.4281254530,11.4281254530,0.6666667,3,3,0.50218230000000000,0.502182300000,0.5697959874915163,0.5697959874915164,0.5697959874915163,0E-17,ELIGIBLE,R03b_20260811_FULL_v1,L1_ELIGIBILITY,v2026-08-11,2026-03-21..2026-08-06,baccarat_bet02_101_all_pairs_incl_sentinel,round_win = game_pnl > 0 (decisive only),COMPATIBILITY_ONLY_NOT_PRODUCTION,296357.1217,267511.9505,6650.6079,18220,18206,-0.02244119,-0.04150452,-0.02020951,-0.02244119,-6650.6079,296357.1217,OK,0.0000,266.0243,4.0000,96.0000,AG03-UNRESOLVED,ALL5_LEVELS_bet23_to_bet27,266.0243,266.0243,266.0243,332.5304,332.5304,4.000000,4.000000,4.000000,5.000000,5.000000,96.000000,96.000000,96.000000,95.000000,95.000000,5.0,1463.1337,1340.2688,5187.4742,5310.3391,PENDING_AG03,FALSE,NOT_FOR_ENFORCEMENT,6384.5836,256811.4724,6650.6079,6384.5836,266.0243,0.02244119,0.02154355,266.0243,6384.5836,0.02154355,266.0243,266.0243,266.0243,332.5304,332.5304,6384.5836,0.02154355,1463.1337,1340.2688,5187.4742,5310.3391,0.01750413,0.01791872,0.00089765,16.2655,14.6936,0.3653,59.3804,1.1678,2646.0457,162.5536,12.4780,16.8648,9.0895,16.5695,22.0926,29.825,33.4482,44.5976,11.8163,0.0,2.018664,2.691552,0.981654,30,240,141,4,0.10479828,0.02244119,0.04150452,0E-8,0.000000,0.902668,0.011910,-0.02129501,2026-03-22,2026-08-05,112,5695,2177,137,0.817518,0.739886,0.767145,0.349328,,,,,,,,GLOBAL_BASELINE_NO_ENTITY_RANKING,,,NOT_APPLICABLE_GLOBAL_BASELINE,HF9g-P5,,,,X 全窗基线 · 不参与实体赏罚,14195541,1420,A168_HF9F_20260827_0900,2026-08-27 09:00:00
2026-05-09,110249610,1645,0,79.1606738692,-24.8073942759,-24.8073942759,0.3333333,6,6,0.50441650000000000,0.504416500000,-0.838165622096103,-0.838165622096103,-0.838165622096103,0E-17,ELIGIBLE,R03b_20260811_FULL_v1,L1_ELIGIBILITY,v2026-08-11,2026-03-21..2026-08-06,baccarat_bet02_101_all_pairs_incl_sentinel,round_win = game_pnl > 0 (decisive only),COMPATIBILITY_ONLY_NOT_PRODUCTION,296357.1217,267511.9505,6650.6079,18220,18206,-0.02244119,-0.04150452,-0.02020951,-0.02244119,-6650.6079,296357.1217,OK,0.0000,266.0243,4.0000,96.0000,AG03-UNRESOLVED,ALL5_LEVELS_bet23_to_bet27,266.0243,266.0243,266.0243,332.5304,332.5304,4.000000,4.000000,4.000000,5.000000,5.000000,96.000000,96.000000,96.000000,95.000000,95.000000,5.0,1463.1337,1340.2688,5187.4742,5310.3391,PENDING_AG03,FALSE,NOT_FOR_ENFORCEMENT,6384.5836,256811.4724,6650.6079,6384.5836,266.0243,0.02244119,0.02154355,266.0243,6384.5836,0.02154355,266.0243,266.0243,266.0243,332.5304,332.5304,6384.5836,0.02154355,1463.1337,1340.2688,5187.4742,5310.3391,0.01750413,0.01791872,0.00089765,16.2655,14.6936,0.3653,59.3804,1.1678,2646.0457,162.5536,12.4780,16.8648,9.0895,16.5695,22.0926,29.825,33.4482,44.5976,11.8163,0.0,2.018664,2.691552,0.981654,30,240,141,4,0.10479828,0.02244119,0.04150452,0E-8,0.000000,0.902668,0.011910,-0.02129501,2026-03-22,2026-08-05,112,5695,2177,137,0.817518,0.739886,0.767145,0.349328,,,,,,,,GLOBAL_BASELINE_NO_ENTITY_RANKING,,,NOT_APPLICABLE_GLOBAL_BASELINE,HF9g-P5,,,,X 全窗基线 · 不参与实体赏罚,14195542,1420,A168_HF9F_20260827_0900,2026-08-27 09:00:00
2026-05-09,110249610,1646,0,16.7240860287,-16.7240860287,-16.7240860287,0E-7,1,1,0.49324550000000000,0.493245500000,-0.9865810262130424,-0.9865810262130424,-0.9865810262130424,0E-17,ELIGIBLE,R03b_20260811_FULL_v1,L1_ELIGIBILITY,v2026-08-11,2026-03-21..2026-08-06,baccarat_bet02_101_all_pairs_incl_sentinel,round_win = game_pnl > 0 (decisive only),COMPATIBILITY_ONLY_NOT_PRODUCTION,296357.1217,267511.9505,6650.6079,18220,18206,-0.02244119,-0.04150452,-0.02020951,-0.02244119,-6650.6079,296357.1217,OK,0.0000,266.0243,4.0000,96.0000,AG03-UNRESOLVED,ALL5_LEVELS_bet23_to_bet27,266.0243,266.0243,266.0243,332.5304,332.5304,4.000000,4.000000,4.000000,5.000000,5.000000,96.000000,96.000000,96.000000,95.000000,95.000000,5.0,1463.1337,1340.2688,5187.4742,5310.3391,PENDING_AG03,FALSE,NOT_FOR_ENFORCEMENT,6384.5836,256811.4724,6650.6079,6384.5836,266.0243,0.02244119,0.02154355,266.0243,6384.5836,0.02154355,266.0243,266.0243,266.0243,332.5304,332.5304,6384.5836,0.02154355,1463.1337,1340.2688,5187.4742,5310.3391,0.01750413,0.01791872,0.00089765,16.2655,14.6936,0.3653,59.3804,1.1678,2646.0457,162.5536,12.4780,16.8648,9.0895,16.5695,22.0926,29.825,33.4482,44.5976,11.8163,0.0,2.018664,2.691552,0.981654,30,240,141,4,0.10479828,0.02244119,0.04150452,0E-8,0.000000,0.902668,0.011910,-0.02129501,2026-03-22,2026-08-05,112,5695,2177,137,0.817518,0.739886,0.767145,0.349328,,,,,,,,GLOBAL_BASELINE_NO_ENTITY_RANKING,,,NOT_APPLICABLE_GLOBAL_BASELINE,HF9g-P5,,,,X 全窗基线 · 不参与实体赏罚,14195543,1420,A168_HF9F_20260827_0900,2026-08-27 09:00:00
2026-05-09,110249610,1704,0,33.4481720574,-33.4481720574,-33.4481720574,0E-7,2,2,0.49994810000000000,0.499948100000,-1.4140667746232096,-1.4140667746232096,-1.4140667746232096,0E-17,ELIGIBLE,R03b_20260811_FULL_v1,L1_ELIGIBILITY,v2026-08-11,2026-03-21..2026-08-06,baccarat_bet02_101_all_pairs_incl_sentinel,round_win = game_pnl > 0 (decisive only),COMPATIBILITY_ONLY_NOT_PRODUCTION,296357.1217,267511.9505,6650.6079,18220,18206,-0.02244119,-0.04150452,-0.02020951,-0.02244119,-6650.6079,296357.1217,OK,0.0000,266.0243,4.0000,96.0000,AG03-UNRESOLVED,ALL5_LEVELS_bet23_to_bet27,266.0243,266.0243,266.0243,332.5304,332.5304,4.000000,4.000000,4.000000,5.000000,5.000000,96.000000,96.000000,96.000000,95.000000,95.000000,5.0,1463.1337,1340.2688,5187.4742,5310.3391,PENDING_AG03,FALSE,NOT_FOR_ENFORCEMENT,6384.5836,256811.4724,6650.6079,6384.5836,266.0243,0.02244119,0.02154355,266.0243,6384.5836,0.02154355,266.0243,266.0243,266.0243,332.5304,332.5304,6384.5836,0.02154355,1463.1337,1340.2688,5187.4742,5310.3391,0.01750413,0.01791872,0.00089765,16.2655,14.6936,0.3653,59.3804,1.1678,2646.0457,162.5536,12.4780,16.8648,9.0895,16.5695,22.0926,29.825,33.4482,44.5976,11.8163,0.0,2.018664,2.691552,0.981654,30,240,141,4,0.10479828,0.02244119,0.04150452,0E-8,0.000000,0.902668,0.011910,-0.02129501,2026-03-22,2026-08-05,112,5695,2177,137,0.817518,0.739886,0.767145,0.349328,,,,,,,,GLOBAL_BASELINE_NO_ENTITY_RANKING,,,NOT_APPLICABLE_GLOBAL_BASELINE,HF9g-P5,,,,X 全窗基线 · 不参与实体赏罚,14195544,1420,A168_HF9F_20260827_0900,2026-08-27 09:00:00
2026-05-09,110249610,1710,0,44.5975627432,-22.2987813716,-22.2987813716,0.3333333,3,3,0.50218230000000000,0.502182300000,-0.5849155494134425,-0.5849155494134426,-0.5849155494134425,0E-17,ELIGIBLE,R03b_20260811_FULL_v1,L1_ELIGIBILITY,v2026-08-11,2026-03-21..2026-08-06,baccarat_bet02_101_all_pairs_incl_sentinel,round_win = game_pnl > 0 (decisive only),COMPATIBILITY_ONLY_NOT_PRODUCTION,296357.1217,267511.9505,6650.6079,18220,18206,-0.02244119,-0.04150452,-0.02020951,-0.02244119,-6650.6079,296357.1217,OK,0.0000,266.0243,4.0000,96.0000,AG03-UNRESOLVED,ALL5_LEVELS_bet23_to_bet27,266.0243,266.0243,266.0243,332.5304,332.5304,4.000000,4.000000,4.000000,5.000000,5.000000,96.000000,96.000000,96.000000,95.000000,95.000000,5.0,1463.1337,1340.2688,5187.4742,5310.3391,PENDING_AG03,FALSE,NOT_FOR_ENFORCEMENT,6384.5836,256811.4724,6650.6079,6384.5836,266.0243,0.02244119,0.02154355,266.0243,6384.5836,0.02154355,266.0243,266.0243,266.0243,332.5304,332.5304,6384.5836,0.02154355,1463.1337,1340.2688,5187.4742,5310.3391,0.01750413,0.01791872,0.00089765,16.2655,14.6936,0.3653,59.3804,1.1678,2646.0457,162.5536,12.4780,16.8648,9.0895,16.5695,22.0926,29.825,33.4482,44.5976,11.8163,0.0,2.018664,2.691552,0.981654,30,240,141,4,0.10479828,0.02244119,0.04150452,0E-8,0.000000,0.902668,0.011910,-0.02129501,2026-03-22,2026-08-05,112,5695,2177,137,0.817518,0.739886,0.767145,0.349328,,,,,,,,GLOBAL_BASELINE_NO_ENTITY_RANKING,,,NOT_APPLICABLE_GLOBAL_BASELINE,HF9g-P5,,,,X 全窗基线 · 不参与实体赏罚,14195545,1420,A168_HF9F_20260827_0900,2026-08-27 09:00:00
2026-05-09,110249610,1714,0,100.3445161722,27.8734767145,27.8734767145,0.7500000,5,5,0.49324550000000000,0.493245500000,1.0271117246678039,1.0271117246678039,1.0271117246678039,0E-17,ELIGIBLE,R03b_20260811_FULL_v1,L1_ELIGIBILITY,v2026-08-11,2026-03-21..2026-08-06,baccarat_bet02_101_all_pairs_incl_sentinel,round_win = game_pnl > 0 (decisive only),COMPATIBILITY_ONLY_NOT_PRODUCTION,296357.1217,267511.9505,6650.6079,18220,18206,-0.02244119,-0.04150452,-0.02020951,-0.02244119,-6650.6079,296357.1217,OK,0.0000,266.0243,4.0000,96.0000,AG03-UNRESOLVED,ALL5_LEVELS_bet23_to_bet27,266.0243,266.0243,266.0243,332.5304,332.5304,4.000000,4.000000,4.000000,5.000000,5.000000,96.000000,96.000000,96.000000,95.000000,95.000000,5.0,1463.1337,1340.2688,5187.4742,5310.3391,PENDING_AG03,FALSE,NOT_FOR_ENFORCEMENT,6384.5836,256811.4724,6650.6079,6384.5836,266.0243,0.02244119,0.02154355,266.0243,6384.5836,0.02154355,266.0243,266.0243,266.0243,332.5304,332.5304,6384.5836,0.02154355,1463.1337,1340.2688,5187.4742,5310.3391,0.01750413,0.01791872,0.00089765,16.2655,14.6936,0.3653,59.3804,1.1678,2646.0457,162.5536,12.4780,16.8648,9.0895,16.5695,22.0926,29.825,33.4482,44.5976,11.8163,0.0,2.018664,2.691552,0.981654,30,240,141,4,0.10479828,0.02244119,0.04150452,0E-8,0.000000,0.902668,0.011910,-0.02129501,2026-03-22,2026-08-05,112,5695,2177,137,0.817518,0.739886,0.767145,0.349328,,,,,,,,GLOBAL_BASELINE_NO_ENTITY_RANKING,,,NOT_APPLICABLE_GLOBAL_BASELINE,HF9g-P5,,,,X 全窗基线 · 不参与实体赏罚,14195546,1420,A168_HF9F_20260827_0900,2026-08-27 09:00:00
2026-05-09,110249610,1750,0,160.8857075960,31.9597284009,31.9597284009,0.6250000,8,8,0.50665070000000000,0.506650700000,0.6695439735338472,0.6695439735338472,0.6695439735338472,0E-17,ELIGIBLE,R03b_20260811_FULL_v1,L1_ELIGIBILITY,v2026-08-11,2026-03-21..2026-08-06,baccarat_bet02_101_all_pairs_incl_sentinel,round_win = game_pnl > 0 (decisive only),COMPATIBILITY_ONLY_NOT_PRODUCTION,296357.1217,267511.9505,6650.6079,18220,18206,-0.02244119,-0.04150452,-0.02020951,-0.02244119,-6650.6079,296357.1217,OK,0.0000,266.0243,4.0000,96.0000,AG03-UNRESOLVED,ALL5_LEVELS_bet23_to_bet27,266.0243,266.0243,266.0243,332.5304,332.5304,4.000000,4.000000,4.000000,5.000000,5.000000,96.000000,96.000000,96.000000,95.000000,95.000000,5.0,1463.1337,1340.2688,5187.4742,5310.3391,PENDING_AG03,FALSE,NOT_FOR_ENFORCEMENT,6384.5836,256811.4724,6650.6079,6384.5836,266.0243,0.02244119,0.02154355,266.0243,6384.5836,0.02154355,266.0243,266.0243,266.0243,332.5304,332.5304,6384.5836,0.02154355,1463.1337,1340.2688,5187.4742,5310.3391,0.01750413,0.01791872,0.00089765,16.2655,14.6936,0.3653,59.3804,1.1678,2646.0457,162.5536,12.4780,16.8648,9.0895,16.5695,22.0926,29.825,33.4482,44.5976,11.8163,0.0,2.018664,2.691552,0.981654,30,240,141,4,0.10479828,0.02244119,0.04150452,0E-8,0.000000,0.902668,0.011910,-0.02129501,2026-03-22,2026-08-05,112,5695,2177,137,0.817518,0.739886,0.767145,0.349328,,,,,,,,GLOBAL_BASELINE_NO_ENTITY_RANKING,,,NOT_APPLICABLE_GLOBAL_BASELINE,HF9g-P5,,,,X 全窗基线 · 不参与实体赏罚,14195547,1420,A168_HF9F_20260827_0900,2026-08-27 09:00:00
2026-05-09,110249610,1941,0,11.3723784995,-11.3723784995,-11.3723784995,0E-7,1,1,0.50665070000000000,0.506650700000,-1.013391052207602,-1.013391052207602,-1.013391052207602,0E-17,ELIGIBLE,R03b_20260811_FULL_v1,L1_ELIGIBILITY,v2026-08-11,2026-03-21..2026-08-06,baccarat_bet02_101_all_pairs_incl_sentinel,round_win = game_pnl > 0 (decisive only),COMPATIBILITY_ONLY_NOT_PRODUCTION,296357.1217,267511.9505,6650.6079,18220,18206,-0.02244119,-0.04150452,-0.02020951,-0.02244119,-6650.6079,296357.1217,OK,0.0000,266.0243,4.0000,96.0000,AG03-UNRESOLVED,ALL5_LEVELS_bet23_to_bet27,266.0243,266.0243,266.0243,332.5304,332.5304,4.000000,4.000000,4.000000,5.000000,5.000000,96.000000,96.000000,96.000000,95.000000,95.000000,5.0,1463.1337,1340.2688,5187.4742,5310.3391,PENDING_AG03,FALSE,NOT_FOR_ENFORCEMENT,6384.5836,256811.4724,6650.6079,6384.5836,266.0243,0.02244119,0.02154355,266.0243,6384.5836,0.02154355,266.0243,266.0243,266.0243,332.5304,332.5304,6384.5836,0.02154355,1463.1337,1340.2688,5187.4742,5310.3391,0.01750413,0.01791872,0.00089765,16.2655,14.6936,0.3653,59.3804,1.1678,2646.0457,162.5536,12.4780,16.8648,9.0895,16.5695,22.0926,29.825,33.4482,44.5976,11.8163,0.0,2.018664,2.691552,0.981654,30,240,141,4,0.10479828,0.02244119,0.04150452,0E-8,0.000000,0.902668,0.011910,-0.02129501,2026-03-22,2026-08-05,112,5695,2177,137,0.817518,0.739886,0.767145,0.349328,,,,,,,,GLOBAL_BASELINE_NO_ENTITY_RANKING,,,NOT_APPLICABLE_GLOBAL_BASELINE,HF9g-P5,,,,X 全窗基线 · 不参与实体赏罚,14195548,1420,A168_HF9F_20260827_0900,2026-08-27 09:00:00
2026-05-09,110249610,1942,0,39.0228674003,-39.0228674003,-39.0228674003,0E-7,3,3,0.50218230000000000,0.502182300000,-1.7396270863184011,-1.7396270863184016,-1.7396270863184011,0E-17,ELIGIBLE,R03b_20260811_FULL_v1,L1_ELIGIBILITY,v2026-08-11,2026-03-21..2026-08-06,baccarat_bet02_101_all_pairs_incl_sentinel,round_win = game_pnl > 0 (decisive only),COMPATIBILITY_ONLY_NOT_PRODUCTION,296357.1217,267511.9505,6650.6079,18220,18206,-0.02244119,-0.04150452,-0.02020951,-0.02244119,-6650.6079,296357.1217,OK,0.0000,266.0243,4.0000,96.0000,AG03-UNRESOLVED,ALL5_LEVELS_bet23_to_bet27,266.0243,266.0243,266.0243,332.5304,332.5304,4.000000,4.000000,4.000000,5.000000,5.000000,96.000000,96.000000,96.000000,95.000000,95.000000,5.0,1463.1337,1340.2688,5187.4742,5310.3391,PENDING_AG03,FALSE,NOT_FOR_ENFORCEMENT,6384.5836,256811.4724,6650.6079,6384.5836,266.0243,0.02244119,0.02154355,266.0243,6384.5836,0.02154355,266.0243,266.0243,266.0243,332.5304,332.5304,6384.5836,0.02154355,1463.1337,1340.2688,5187.4742,5310.3391,0.01750413,0.01791872,0.00089765,16.2655,14.6936,0.3653,59.3804,1.1678,2646.0457,162.5536,12.4780,16.8648,9.0895,16.5695,22.0926,29.825,33.4482,44.5976,11.8163,0.0,2.018664,2.691552,0.981654,30,240,141,4,0.10479828,0.02244119,0.04150452,0E-8,0.000000,0.902668,0.011910,-0.02129501,2026-03-22,2026-08-05,112,5695,2177,137,0.817518,0.739886,0.767145,0.349328,,,,,,,,GLOBAL_BASELINE_NO_ENTITY_RANKING,,,NOT_APPLICABLE_GLOBAL_BASELINE,HF9g-P5,,,,X 全窗基线 · 不参与实体赏罚,14195549,1420,A168_HF9F_20260827_0900,2026-08-27 09:00:00
2026-05-09,110249610,1966,0,22.2987813716,-22.2987813716,-22.2987813716,0E-7,2,2,0.49994810000000000,0.499948100000,-1.4140667746232096,-1.4140667746232096,-1.4140667746232096,0E-17,ELIGIBLE,R03b_20260811_FULL_v1,L1_ELIGIBILITY,v2026-08-11,2026-03-21..2026-08-06,baccarat_bet02_101_all_pairs_incl_sentinel,round_win = game_pnl > 0 (decisive only),COMPATIBILITY_ONLY_NOT_PRODUCTION,296357.1217,267511.9505,6650.6079,18220,18206,-0.02244119,-0.04150452,-0.02020951,-0.02244119,-6650.6079,296357.1217,OK,0.0000,266.0243,4.0000,96.0000,AG03-UNRESOLVED,ALL5_LEVELS_bet23_to_bet27,266.0243,266.0243,266.0243,332.5304,332.5304,4.000000,4.000000,4.000000,5.000000,5.000000,96.000000,96.000000,96.000000,95.000000,95.000000,5.0,1463.1337,1340.2688,5187.4742,5310.3391,PENDING_AG03,FALSE,NOT_FOR_ENFORCEMENT,6384.5836,256811.4724,6650.6079,6384.5836,266.0243,0.02244119,0.02154355,266.0243,6384.5836,0.02154355,266.0243,266.0243,266.0243,332.5304,332.5304,6384.5836,0.02154355,1463.1337,1340.2688,5187.4742,5310.3391,0.01750413,0.01791872,0.00089765,16.2655,14.6936,0.3653,59.3804,1.1678,2646.0457,162.5536,12.4780,16.8648,9.0895,16.5695,22.0926,29.825,33.4482,44.5976,11.8163,0.0,2.018664,2.691552,0.981654,30,240,141,4,0.10479828,0.02244119,0.04150452,0E-8,0.000000,0.902668,0.011910,-0.02129501,2026-03-22,2026-08-05,112,5695,2177,137,0.817518,0.739886,0.767145,0.349328,,,,,,,,GLOBAL_BASELINE_NO_ENTITY_RANKING,,,NOT_APPLICABLE_GLOBAL_BASELINE,HF9g-P5,,,,X 全窗基线 · 不参与实体赏罚,14195550,1420,A168_HF9F_20260827_0900,2026-08-27 09:00:00
2026-05-09,110249610,2088,0,144.3846093811,-7.2471039457,-7.2471039457,0.5000000,7,7,0.50282064285714286,0.502820642857,-0.013818491375558404,-0.0138184913748585,-0.013818491375558404,1.4286E-13,ELIGIBLE,R03b_20260811_FULL_v1,L1_ELIGIBILITY,v2026-08-11,2026-03-21..2026-08-06,baccarat_bet02_101_all_pairs_incl_sentinel,round_win = game_pnl > 0 (decisive only),COMPATIBILITY_ONLY_NOT_PRODUCTION,296357.1217,267511.9505,6650.6079,18220,18206,-0.02244119,-0.04150452,-0.02020951,-0.02244119,-6650.6079,296357.1217,OK,0.0000,266.0243,4.0000,96.0000,AG03-UNRESOLVED,ALL5_LEVELS_bet23_to_bet27,266.0243,266.0243,266.0243,332.5304,332.5304,4.000000,4.000000,4.000000,5.000000,5.000000,96.000000,96.000000,96.000000,95.000000,95.000000,5.0,1463.1337,1340.2688,5187.4742,5310.3391,PENDING_AG03,FALSE,NOT_FOR_ENFORCEMENT,6384.5836,256811.4724,6650.6079,6384.5836,266.0243,0.02244119,0.02154355,266.0243,6384.5836,0.02154355,266.0243,266.0243,266.0243,332.5304,332.5304,6384.5836,0.02154355,1463.1337,1340.2688,5187.4742,5310.3391,0.01750413,0.01791872,0.00089765,16.2655,14.6936,0.3653,59.3804,1.1678,2646.0457,162.5536,12.4780,16.8648,9.0895,16.5695,22.0926,29.825,33.4482,44.5976,11.8163,0.0,2.018664,2.691552,0.981654,30,240,141,4,0.10479828,0.02244119,0.04150452,0E-8,0.000000,0.902668,0.011910,-0.02129501,2026-03-22,2026-08-05,112,5695,2177,137,0.817518,0.739886,0.767145,0.349328,,,,,,,,GLOBAL_BASELINE_NO_ENTITY_RANKING,,,NOT_APPLICABLE_GLOBAL_BASELINE,HF9g-P5,,,,X 全窗基线 · 不参与实体赏罚,14195551,1420,A168_HF9F_20260827_0900,2026-08-27 09:00:00
2026-05-09,110249610,2093,0,117.8490595489,-0.0557469533,-0.0557469533,0.6250000,8,8,0.49659680000000000,0.496596800000,0.7263750131803139,0.726375013180314,0.7263750131803139,0E-17,ELIGIBLE,R03b_20260811_FULL_v1,L1_ELIGIBILITY,v2026-08-11,2026-03-21..2026-08-06,baccarat_bet02_101_all_pairs_incl_sentinel,round_win = game_pnl > 0 (decisive only),COMPATIBILITY_ONLY_NOT_PRODUCTION,296357.1217,267511.9505,6650.6079,18220,18206,-0.02244119,-0.04150452,-0.02020951,-0.02244119,-6650.6079,296357.1217,OK,0.0000,266.0243,4.0000,96.0000,AG03-UNRESOLVED,ALL5_LEVELS_bet23_to_bet27,266.0243,266.0243,266.0243,332.5304,332.5304,4.000000,4.000000,4.000000,5.000000,5.000000,96.000000,96.000000,96.000000,95.000000,95.000000,5.0,1463.1337,1340.2688,5187.4742,5310.3391,PENDING_AG03,FALSE,NOT_FOR_ENFORCEMENT,6384.5836,256811.4724,6650.6079,6384.5836,266.0243,0.02244119,0.02154355,266.0243,6384.5836,0.02154355,266.0243,266.0243,266.0243,332.5304,332.5304,6384.5836,0.02154355,1463.1337,1340.2688,5187.4742,5310.3391,0.01750413,0.01791872,0.00089765,16.2655,14.6936,0.3653,59.3804,1.1678,2646.0457,162.5536,12.4780,16.8648,9.0895,16.5695,22.0926,29.825,33.4482,44.5976,11.8163,0.0,2.018664,2.691552,0.981654,30,240,141,4,0.10479828,0.02244119,0.04150452,0E-8,0.000000,0.902668,0.011910,-0.02129501,2026-03-22,2026-08-05,112,5695,2177,137,0.817518,0.739886,0.767145,0.349328,,,,,,,,GLOBAL_BASELINE_NO_ENTITY_RANKING,,,NOT_APPLICABLE_GLOBAL_BASELINE,HF9g-P5,,,,X 全窗基线 · 不参与实体赏罚,14195552,1420,A168_HF9F_20260827_0900,2026-08-27 09:00:00
2026-05-09,110249610,2103,0,70.2411613205,-5.5746953429,-5.5746953429,0.5000000,4,4,0.49324550000000000,0.493245500000,0.027020465636507562,0.027020465636507562,0.027020465636507562,0E-17,ELIGIBLE,R03b_20260811_FULL_v1,L1_ELIGIBILITY,v2026-08-11,2026-03-21..2026-08-06,baccarat_bet02_101_all_pairs_incl_sentinel,round_win = game_pnl > 0 (decisive only),COMPATIBILITY_ONLY_NOT_PRODUCTION,296357.1217,267511.9505,6650.6079,18220,18206,-0.02244119,-0.04150452,-0.02020951,-0.02244119,-6650.6079,296357.1217,OK,0.0000,266.0243,4.0000,96.0000,AG03-UNRESOLVED,ALL5_LEVELS_bet23_to_bet27,266.0243,266.0243,266.0243,332.5304,332.5304,4.000000,4.000000,4.000000,5.000000,5.000000,96.000000,96.000000,96.000000,95.000000,95.000000,5.0,1463.1337,1340.2688,5187.4742,5310.3391,PENDING_AG03,FALSE,NOT_FOR_ENFORCEMENT,6384.5836,256811.4724,6650.6079,6384.5836,266.0243,0.02244119,0.02154355,266.0243,6384.5836,0.02154355,266.0243,266.0243,266.0243,332.5304,332.5304,6384.5836,0.02154355,1463.1337,1340.2688,5187.4742,5310.3391,0.01750413,0.01791872,0.00089765,16.2655,14.6936,0.3653,59.3804,1.1678,2646.0457,162.5536,12.4780,16.8648,9.0895,16.5695,22.0926,29.825,33.4482,44.5976,11.8163,0.0,2.018664,2.691552,0.981654,30,240,141,4,0.10479828,0.02244119,0.04150452,0E-8,0.000000,0.902668,0.011910,-0.02129501,2026-03-22,2026-08-05,112,5695,2177,137,0.817518,0.739886,0.767145,0.349328,,,,,,,,GLOBAL_BASELINE_NO_ENTITY_RANKING,,,NOT_APPLICABLE_GLOBAL_BASELINE,HF9g-P5,,,,X 全窗基线 · 不参与实体赏罚,14195553,1420,A168_HF9F_20260827_0900,2026-08-27 09:00:00
2026-05-09,110249610,2115,0,56.3044229633,-21.7413118373,-21.7413118373,0.3333333,3,3,0.50218230000000000,0.502182300000,-0.5849155494134425,-0.5849155494134426,-0.5849155494134425,0E-17,ELIGIBLE,R03b_20260811_FULL_v1,L1_ELIGIBILITY,v2026-08-11,2026-03-21..2026-08-06,baccarat_bet02_101_all_pairs_incl_sentinel,round_win = game_pnl > 0 (decisive only),COMPATIBILITY_ONLY_NOT_PRODUCTION,296357.1217,267511.9505,6650.6079,18220,18206,-0.02244119,-0.04150452,-0.02020951,-0.02244119,-6650.6079,296357.1217,OK,0.0000,266.0243,4.0000,96.0000,AG03-UNRESOLVED,ALL5_LEVELS_bet23_to_bet27,266.0243,266.0243,266.0243,332.5304,332.5304,4.000000,4.000000,4.000000,5.000000,5.000000,96.000000,96.000000,96.000000,95.000000,95.000000,5.0,1463.1337,1340.2688,5187.4742,5310.3391,PENDING_AG03,FALSE,NOT_FOR_ENFORCEMENT,6384.5836,256811.4724,6650.6079,6384.5836,266.0243,0.02244119,0.02154355,266.0243,6384.5836,0.02154355,266.0243,266.0243,266.0243,332.5304,332.5304,6384.5836,0.02154355,1463.1337,1340.2688,5187.4742,5310.3391,0.01750413,0.01791872,0.00089765,16.2655,14.6936,0.3653,59.3804,1.1678,2646.0457,162.5536,12.4780,16.8648,9.0895,16.5695,22.0926,29.825,33.4482,44.5976,11.8163,0.0,2.018664,2.691552,0.981654,30,240,141,4,0.10479828,0.02244119,0.04150452,0E-8,0.000000,0.902668,0.011910,-0.02129501,2026-03-22,2026-08-05,112,5695,2177,137,0.817518,0.739886,0.767145,0.349328,,,,,,,,GLOBAL_BASELINE_NO_ENTITY_RANKING,,,NOT_APPLICABLE_GLOBAL_BASELINE,HF9g-P5,,,,X 全窗基线 · 不参与实体赏罚,14195554,1420,A168_HF9F_20260827_0900,2026-08-27 09:00:00
2026-05-09,110249610,2123,0,133.7926882296,7.0241161321,7.0241161321,0.5714286,7,7,0.49899058571428571,0.498990585714,0.38330657246501415,0.3833065724665265,0.38330657246501415,2.8571E-13,ELIGIBLE,R03b_20260811_FULL_v1,L1_ELIGIBILITY,v2026-08-11,2026-03-21..2026-08-06,baccarat_bet02_101_all_pairs_incl_sentinel,round_win = game_pnl > 0 (decisive only),COMPATIBILITY_ONLY_NOT_PRODUCTION,296357.1217,267511.9505,6650.6079,18220,18206,-0.02244119,-0.04150452,-0.02020951,-0.02244119,-6650.6079,296357.1217,OK,0.0000,266.0243,4.0000,96.0000,AG03-UNRESOLVED,ALL5_LEVELS_bet23_to_bet27,266.0243,266.0243,266.0243,332.5304,332.5304,4.000000,4.000000,4.000000,5.000000,5.000000,96.000000,96.000000,96.000000,95.000000,95.000000,5.0,1463.1337,1340.2688,5187.4742,5310.3391,PENDING_AG03,FALSE,NOT_FOR_ENFORCEMENT,6384.5836,256811.4724,6650.6079,6384.5836,266.0243,0.02244119,0.02154355,266.0243,6384.5836,0.02154355,266.0243,266.0243,266.0243,332.5304,332.5304,6384.5836,0.02154355,1463.1337,1340.2688,5187.4742,5310.3391,0.01750413,0.01791872,0.00089765,16.2655,14.6936,0.3653,59.3804,1.1678,2646.0457,162.5536,12.4780,16.8648,9.0895,16.5695,22.0926,29.825,33.4482,44.5976,11.8163,0.0,2.018664,2.691552,0.981654,30,240,141,4,0.10479828,0.02244119,0.04150452,0E-8,0.000000,0.902668,0.011910,-0.02129501,2026-03-22,2026-08-05,112,5695,2177,137,0.817518,0.739886,0.767145,0.349328,,,,,,,,GLOBAL_BASELINE_NO_ENTITY_RANKING,,,NOT_APPLICABLE_GLOBAL_BASELINE,HF9g-P5,,,,X 全窗基线 · 不参与实体赏罚,14195555,1420,A168_HF9F_20260827_0900,2026-08-27 09:00:00
2026-05-09,110249610,2127,0,55.7469534290,-5.5746953429,-5.5746953429,0.5000000,4,4,0.49324550000000000,0.493245500000,0.01910635448239258,0.01910635448239258,0.01910635448239258,0E-17,ELIGIBLE,R03b_20260811_FULL_v1,L1_ELIGIBILITY,v2026-08-11,2026-03-21..2026-08-06,baccarat_bet02_101_all_pairs_incl_sentinel,round_win = game_pnl > 0 (decisive only),COMPATIBILITY_ONLY_NOT_PRODUCTION,296357.1217,267511.9505,6650.6079,18220,18206,-0.02244119,-0.04150452,-0.02020951,-0.02244119,-6650.6079,296357.1217,OK,0.0000,266.0243,4.0000,96.0000,AG03-UNRESOLVED,ALL5_LEVELS_bet23_to_bet27,266.0243,266.0243,266.0243,332.5304,332.5304,4.000000,4.000000,4.000000,5.000000,5.000000,96.000000,96.000000,96.000000,95.000000,95.000000,5.0,1463.1337,1340.2688,5187.4742,5310.3391,PENDING_AG03,FALSE,NOT_FOR_ENFORCEMENT,6384.5836,256811.4724,6650.6079,6384.5836,266.0243,0.02244119,0.02154355,266.0243,6384.5836,0.02154355,266.0243,266.0243,266.0243,332.5304,332.5304,6384.5836,0.02154355,1463.1337,1340.2688,5187.4742,5310.3391,0.01750413,0.01791872,0.00089765,16.2655,14.6936,0.3653,59.3804,1.1678,2646.0457,162.5536,12.4780,16.8648,9.0895,16.5695,22.0926,29.825,33.4482,44.5976,11.8163,0.0,2.018664,2.691552,0.981654,30,240,141,4,0.10479828,0.02244119,0.04150452,0E-8,0.000000,0.902668,0.011910,-0.02129501,2026-03-22,2026-08-05,112,5695,2177,137,0.817518,0.739886,0.767145,0.349328,,,,,,,,GLOBAL_BASELINE_NO_ENTITY_RANKING,,,NOT_APPLICABLE_GLOBAL_BASELINE,HF9g-P5,,,,X 全窗基线 · 不参与实体赏罚,14195556,1420,A168_HF9F_20260827_0900,2026-08-27 09:00:00
2026-05-09,110249610,2130,0,66.8963441148,22.2987813716,22.2987813716,0.6666667,3,3,0.49324550000000000,0.493245500000,0.6008033672792107,0.6008033672792106,0.6008033672792107,0E-17,ELIGIBLE,R03b_20260811_FULL_v1,L1_ELIGIBILITY,v2026-08-11,2026-03-21..2026-08-06,baccarat_bet02_101_all_pairs_incl_sentinel,round_win = game_pnl > 0 (decisive only),COMPATIBILITY_ONLY_NOT_PRODUCTION,296357.1217,267511.9505,6650.6079,18220,18206,-0.02244119,-0.04150452,-0.02020951,-0.02244119,-6650.6079,296357.1217,OK,0.0000,266.0243,4.0000,96.0000,AG03-UNRESOLVED,ALL5_LEVELS_bet23_to_bet27,266.0243,266.0243,266.0243,332.5304,332.5304,4.000000,4.000000,4.000000,5.000000,5.000000,96.000000,96.000000,96.000000,95.000000,95.000000,5.0,1463.1337,1340.2688,5187.4742,5310.3391,PENDING_AG03,FALSE,NOT_FOR_ENFORCEMENT,6384.5836,256811.4724,6650.6079,6384.5836,266.0243,0.02244119,0.02154355,266.0243,6384.5836,0.02154355,266.0243,266.0243,266.0243,332.5304,332.5304,6384.5836,0.02154355,1463.1337,1340.2688,5187.4742,5310.3391,0.01750413,0.01791872,0.00089765,16.2655,14.6936,0.3653,59.3804,1.1678,2646.0457,162.5536,12.4780,16.8648,9.0895,16.5695,22.0926,29.825,33.4482,44.5976,11.8163,0.0,2.018664,2.691552,0.981654,30,240,141,4,0.10479828,0.02244119,0.04150452,0E-8,0.000000,0.902668,0.011910,-0.02129501,2026-03-22,2026-08-05,112,5695,2177,137,0.817518,0.739886,0.767145,0.349328,,,,,,,,GLOBAL_BASELINE_NO_ENTITY_RANKING,,,NOT_APPLICABLE_GLOBAL_BASELINE,HF9g-P5,,,,X 全窗基线 · 不参与实体赏罚,14195557,1420,A168_HF9F_20260827_0900,2026-08-27 09:00:00
2026-05-09,110249610,2141,0,2.1183842303,-2.1183842303,-2.1183842303,0E-7,1,1,0.50665070000000000,0.506650700000,-1.013391052207602,-1.013391052207602,-1.013391052207602,0E-17,ELIGIBLE,R03b_20260811_FULL_v1,L1_ELIGIBILITY,v2026-08-11,2026-03-21..2026-08-06,baccarat_bet02_101_all_pairs_incl_sentinel,round_win = game_pnl > 0 (decisive only),COMPATIBILITY_ONLY_NOT_PRODUCTION,296357.1217,267511.9505,6650.6079,18220,18206,-0.02244119,-0.04150452,-0.02020951,-0.02244119,-6650.6079,296357.1217,OK,0.0000,266.0243,4.0000,96.0000,AG03-UNRESOLVED,ALL5_LEVELS_bet23_to_bet27,266.0243,266.0243,266.0243,332.5304,332.5304,4.000000,4.000000,4.000000,5.000000,5.000000,96.000000,96.000000,96.000000,95.000000,95.000000,5.0,1463.1337,1340.2688,5187.4742,5310.3391,PENDING_AG03,FALSE,NOT_FOR_ENFORCEMENT,6384.5836,256811.4724,6650.6079,6384.5836,266.0243,0.02244119,0.02154355,266.0243,6384.5836,0.02154355,266.0243,266.0243,266.0243,332.5304,332.5304,6384.5836,0.02154355,1463.1337,1340.2688,5187.4742,5310.3391,0.01750413,0.01791872,0.00089765,16.2655,14.6936,0.3653,59.3804,1.1678,2646.0457,162.5536,12.4780,16.8648,9.0895,16.5695,22.0926,29.825,33.4482,44.5976,11.8163,0.0,2.018664,2.691552,0.981654,30,240,141,4,0.10479828,0.02244119,0.04150452,0E-8,0.000000,0.902668,0.011910,-0.02129501,2026-03-22,2026-08-05,112,5695,2177,137,0.817518,0.739886,0.767145,0.349328,,,,,,,,GLOBAL_BASELINE_NO_ENTITY_RANKING,,,NOT_APPLICABLE_GLOBAL_BASELINE,HF9g-P5,,,,X 全窗基线 · 不参与实体赏罚,14195558,1420,A168_HF9F_20260827_0900,2026-08-27 09:00:00
2026-05-09,110249610,2142,0,262.2336689300,12.0413419406,12.0413419406,0.5000000,15,15,0.49592654000000000,0.495926540000,0.030483995060759553,0.030483995060759553,0.030483995060759553,0E-17,ELIGIBLE,R03b_20260811_FULL_v1,L1_ELIGIBILITY,v2026-08-11,2026-03-21..2026-08-06,baccarat_bet02_101_all_pairs_incl_sentinel,round_win = game_pnl > 0 (decisive only),COMPATIBILITY_ONLY_NOT_PRODUCTION,296357.1217,267511.9505,6650.6079,18220,18206,-0.02244119,-0.04150452,-0.02020951,-0.02244119,-6650.6079,296357.1217,OK,0.0000,266.0243,4.0000,96.0000,AG03-UNRESOLVED,ALL5_LEVELS_bet23_to_bet27,266.0243,266.0243,266.0243,332.5304,332.5304,4.000000,4.000000,4.000000,5.000000,5.000000,96.000000,96.000000,96.000000,95.000000,95.000000,5.0,1463.1337,1340.2688,5187.4742,5310.3391,PENDING_AG03,FALSE,NOT_FOR_ENFORCEMENT,6384.5836,256811.4724,6650.6079,6384.5836,266.0243,0.02244119,0.02154355,266.0243,6384.5836,0.02154355,266.0243,266.0243,266.0243,332.5304,332.5304,6384.5836,0.02154355,1463.1337,1340.2688,5187.4742,5310.3391,0.01750413,0.01791872,0.00089765,16.2655,14.6936,0.3653,59.3804,1.1678,2646.0457,162.5536,12.4780,16.8648,9.0895,16.5695,22.0926,29.825,33.4482,44.5976,11.8163,0.0,2.018664,2.691552,0.981654,30,240,141,4,0.10479828,0.02244119,0.04150452,0E-8,0.000000,0.902668,0.011910,-0.02129501,2026-03-22,2026-08-05,112,5695,2177,137,0.817518,0.739886,0.767145,0.349328,,,,,,,,GLOBAL_BASELINE_NO_ENTITY_RANKING,,,NOT_APPLICABLE_GLOBAL_BASELINE,HF9g-P5,,,,X 全窗基线 · 不参与实体赏罚,14195559,1420,A168_HF9F_20260827_0900,2026-08-27 09:00:00
2026-05-09,110249610,2156,0,60.2067097033,13.7137505436,13.7137505436,0.6666667,3,3,0.50665070000000000,0.506650700000,0.5543606114942035,0.5543606114942035,0.5543606114942035,0E-17,ELIGIBLE,R03b_20260811_FULL_v1,L1_ELIGIBILITY,v2026-08-11,2026-03-21..2026-08-06,baccarat_bet02_101_all_pairs_incl_sentinel,round_win = game_pnl > 0 (decisive only),COMPATIBILITY_ONLY_NOT_PRODUCTION,296357.1217,267511.9505,6650.6079,18220,18206,-0.02244119,-0.04150452,-0.02020951,-0.02244119,-6650.6079,296357.1217,OK,0.0000,266.0243,4.0000,96.0000,AG03-UNRESOLVED,ALL5_LEVELS_bet23_to_bet27,266.0243,266.0243,266.0243,332.5304,332.5304,4.000000,4.000000,4.000000,5.000000,5.000000,96.000000,96.000000,96.000000,95.000000,95.000000,5.0,1463.1337,1340.2688,5187.4742,5310.3391,PENDING_AG03,FALSE,NOT_FOR_ENFORCEMENT,6384.5836,256811.4724,6650.6079,6384.5836,266.0243,0.02244119,0.02154355,266.0243,6384.5836,0.02154355,266.0243,266.0243,266.0243,332.5304,332.5304,6384.5836,0.02154355,1463.1337,1340.2688,5187.4742,5310.3391,0.01750413,0.01791872,0.00089765,16.2655,14.6936,0.3653,59.3804,1.1678,2646.0457,162.5536,12.4780,16.8648,9.0895,16.5695,22.0926,29.825,33.4482,44.5976,11.8163,0.0,2.018664,2.691552,0.981654,30,240,141,4,0.10479828,0.02244119,0.04150452,0E-8,0.000000,0.902668,0.011910,-0.02129501,2026-03-22,2026-08-05,112,5695,2177,137,0.817518,0.739886,0.767145,0.349328,,,,,,,,GLOBAL_BASELINE_NO_ENTITY_RANKING,,,NOT_APPLICABLE_GLOBAL_BASELINE,HF9g-P5,,,,X 全窗基线 · 不参与实体赏罚,14195560,1420,A168_HF9F_20260827_0900,2026-08-27 09:00:00
2026-05-09,110249610,2164,0,204.8143068981,4.5712501812,4.5712501812,0.5454545,13,13,0.50665070000000000,0.506650700000,0.25741836475932667,0.25741836475932667,0.25741836475932667,0E-17,ELIGIBLE,R03b_20260811_FULL_v1,L1_ELIGIBILITY,v2026-08-11,2026-03-21..2026-08-06,baccarat_bet02_101_all_pairs_incl_sentinel,round_win = game_pnl > 0 (decisive only),COMPATIBILITY_ONLY_NOT_PRODUCTION,296357.1217,267511.9505,6650.6079,18220,18206,-0.02244119,-0.04150452,-0.02020951,-0.02244119,-6650.6079,296357.1217,OK,0.0000,266.0243,4.0000,96.0000,AG03-UNRESOLVED,ALL5_LEVELS_bet23_to_bet27,266.0243,266.0243,266.0243,332.5304,332.5304,4.000000,4.000000,4.000000,5.000000,5.000000,96.000000,96.000000,96.000000,95.000000,95.000000,5.0,1463.1337,1340.2688,5187.4742,5310.3391,PENDING_AG03,FALSE,NOT_FOR_ENFORCEMENT,6384.5836,256811.4724,6650.6079,6384.5836,266.0243,0.02244119,0.02154355,266.0243,6384.5836,0.02154355,266.0243,266.0243,266.0243,332.5304,332.5304,6384.5836,0.02154355,1463.1337,1340.2688,5187.4742,5310.3391,0.01750413,0.01791872,0.00089765,16.2655,14.6936,0.3653,59.3804,1.1678,2646.0457,162.5536,12.4780,16.8648,9.0895,16.5695,22.0926,29.825,33.4482,44.5976,11.8163,0.0,2.018664,2.691552,0.981654,30,240,141,4,0.10479828,0.02244119,0.04150452,0E-8,0.000000,0.902668,0.011910,-0.02129501,2026-03-22,2026-08-05,112,5695,2177,137,0.817518,0.739886,0.767145,0.349328,,,,,,,,GLOBAL_BASELINE_NO_ENTITY_RANKING,,,NOT_APPLICABLE_GLOBAL_BASELINE,HF9g-P5,,,,X 全窗基线 · 不参与实体赏罚,14195561,1420,A168_HF9F_20260827_0900,2026-08-27 09:00:00
2026-05-09,110249610,2167,0,66.3388745805,9.7557168501,9.7557168501,0.6666667,4,4,0.50665070000000000,0.506650700000,0.5543606114942035,0.5543606114942035,0.5543606114942035,0E-17,ELIGIBLE,R03b_20260811_FULL_v1,L1_ELIGIBILITY,v2026-08-11,2026-03-21..2026-08-06,baccarat_bet02_101_all_pairs_incl_sentinel,round_win = game_pnl > 0 (decisive only),COMPATIBILITY_ONLY_NOT_PRODUCTION,296357.1217,267511.9505,6650.6079,18220,18206,-0.02244119,-0.04150452,-0.02020951,-0.02244119,-6650.6079,296357.1217,OK,0.0000,266.0243,4.0000,96.0000,AG03-UNRESOLVED,ALL5_LEVELS_bet23_to_bet27,266.0243,266.0243,266.0243,332.5304,332.5304,4.000000,4.000000,4.000000,5.000000,5.000000,96.000000,96.000000,96.000000,95.000000,95.000000,5.0,1463.1337,1340.2688,5187.4742,5310.3391,PENDING_AG03,FALSE,NOT_FOR_ENFORCEMENT,6384.5836,256811.4724,6650.6079,6384.5836,266.0243,0.02244119,0.02154355,266.0243,6384.5836,0.02154355,266.0243,266.0243,266.0243,332.5304,332.5304,6384.5836,0.02154355,1463.1337,1340.2688,5187.4742,5310.3391,0.01750413,0.01791872,0.00089765,16.2655,14.6936,0.3653,59.3804,1.1678,2646.0457,162.5536,12.4780,16.8648,9.0895,16.5695,22.0926,29.825,33.4482,44.5976,11.8163,0.0,2.018664,2.691552,0.981654,30,240,141,4,0.10479828,0.02244119,0.04150452,0E-8,0.000000,0.902668,0.011910,-0.02129501,2026-03-22,2026-08-05,112,5695,2177,137,0.817518,0.739886,0.767145,0.349328,,,,,,,,GLOBAL_BASELINE_NO_ENTITY_RANKING,,,NOT_APPLICABLE_GLOBAL_BASELINE,HF9g-P5,,,,X 全窗基线 · 不参与实体赏罚,14195562,1420,A168_HF9F_20260827_0900,2026-08-27 09:00:00
2026-05-09,110249610,2171,0,26.7585376459,-6.9126222252,-6.9126222252,0.6666667,3,3,0.50218230000000000,0.502182300000,0.5697959874915163,0.5697959874915164,0.5697959874915163,0E-17,ELIGIBLE,R03b_20260811_FULL_v1,L1_ELIGIBILITY,v2026-08-11,2026-03-21..2026-08-06,baccarat_bet02_101_all_pairs_incl_sentinel,round_win = game_pnl > 0 (decisive only),COMPATIBILITY_ONLY_NOT_PRODUCTION,296357.1217,267511.9505,6650.6079,18220,18206,-0.02244119,-0.04150452,-0.02020951,-0.02244119,-6650.6079,296357.1217,OK,0.0000,266.0243,4.0000,96.0000,AG03-UNRESOLVED,ALL5_LEVELS_bet23_to_bet27,266.0243,266.0243,266.0243,332.5304,332.5304,4.000000,4.000000,4.000000,5.000000,5.000000,96.000000,96.000000,96.000000,95.000000,95.000000,5.0,1463.1337,1340.2688,5187.4742,5310.3391,PENDING_AG03,FALSE,NOT_FOR_ENFORCEMENT,6384.5836,256811.4724,6650.6079,6384.5836,266.0243,0.02244119,0.02154355,266.0243,6384.5836,0.02154355,266.0243,266.0243,266.0243,332.5304,332.5304,6384.5836,0.02154355,1463.1337,1340.2688,5187.4742,5310.3391,0.01750413,0.01791872,0.00089765,16.2655,14.6936,0.3653,59.3804,1.1678,2646.0457,162.5536,12.4780,16.8648,9.0895,16.5695,22.0926,29.825,33.4482,44.5976,11.8163,0.0,2.018664,2.691552,0.981654,30,240,141,4,0.10479828,0.02244119,0.04150452,0E-8,0.000000,0.902668,0.011910,-0.02129501,2026-03-22,2026-08-05,112,5695,2177,137,0.817518,0.739886,0.767145,0.349328,,,,,,,,GLOBAL_BASELINE_NO_ENTITY_RANKING,,,NOT_APPLICABLE_GLOBAL_BASELINE,HF9g-P5,,,,X 全窗基线 · 不参与实体赏罚,14195563,1420,A168_HF9F_20260827_0900,2026-08-27 09:00:00
2026-05-09,110249610,2175,0,33.4481720574,0E-10,0E-10,0.5000000,2,2,0.49324550000000000,0.493245500000,0.01910635448239258,0.01910635448239258,0.01910635448239258,0E-17,ELIGIBLE,R03b_20260811_FULL_v1,L1_ELIGIBILITY,v2026-08-11,2026-03-21..2026-08-06,baccarat_bet02_101_all_pairs_incl_sentinel,round_win = game_pnl > 0 (decisive only),COMPATIBILITY_ONLY_NOT_PRODUCTION,296357.1217,267511.9505,6650.6079,18220,18206,-0.02244119,-0.04150452,-0.02020951,-0.02244119,-6650.6079,296357.1217,OK,0.0000,266.0243,4.0000,96.0000,AG03-UNRESOLVED,ALL5_LEVELS_bet23_to_bet27,266.0243,266.0243,266.0243,332.5304,332.5304,4.000000,4.000000,4.000000,5.000000,5.000000,96.000000,96.000000,96.000000,95.000000,95.000000,5.0,1463.1337,1340.2688,5187.4742,5310.3391,PENDING_AG03,FALSE,NOT_FOR_ENFORCEMENT,6384.5836,256811.4724,6650.6079,6384.5836,266.0243,0.02244119,0.02154355,266.0243,6384.5836,0.02154355,266.0243,266.0243,266.0243,332.5304,332.5304,6384.5836,0.02154355,1463.1337,1340.2688,5187.4742,5310.3391,0.01750413,0.01791872,0.00089765,16.2655,14.6936,0.3653,59.3804,1.1678,2646.0457,162.5536,12.4780,16.8648,9.0895,16.5695,22.0926,29.825,33.4482,44.5976,11.8163,0.0,2.018664,2.691552,0.981654,30,240,141,4,0.10479828,0.02244119,0.04150452,0E-8,0.000000,0.902668,0.011910,-0.02129501,2026-03-22,2026-08-05,112,5695,2177,137,0.817518,0.739886,0.767145,0.349328,,,,,,,,GLOBAL_BASELINE_NO_ENTITY_RANKING,,,NOT_APPLICABLE_GLOBAL_BASELINE,HF9g-P5,,,,X 全窗基线 · 不参与实体赏罚,14195564,1420,A168_HF9F_20260827_0900,2026-08-27 09:00:00
2026-05-09,110249610,2196,0,61.3216487719,-39.0228674003,-39.0228674003,0.3333333,3,3,0.49771390000000000,0.497713900000,-0.5694369385616226,-0.5694369385616226,-0.5694369385616226,0E-17,ELIGIBLE,R03b_20260811_FULL_v1,L1_ELIGIBILITY,v2026-08-11,2026-03-21..2026-08-06,baccarat_bet02_101_all_pairs_incl_sentinel,round_win = game_pnl > 0 (decisive only),COMPATIBILITY_ONLY_NOT_PRODUCTION,296357.1217,267511.9505,6650.6079,18220,18206,-0.02244119,-0.04150452,-0.02020951,-0.02244119,-6650.6079,296357.1217,OK,0.0000,266.0243,4.0000,96.0000,AG03-UNRESOLVED,ALL5_LEVELS_bet23_to_bet27,266.0243,266.0243,266.0243,332.5304,332.5304,4.000000,4.000000,4.000000,5.000000,5.000000,96.000000,96.000000,96.000000,95.000000,95.000000,5.0,1463.1337,1340.2688,5187.4742,5310.3391,PENDING_AG03,FALSE,NOT_FOR_ENFORCEMENT,6384.5836,256811.4724,6650.6079,6384.5836,266.0243,0.02244119,0.02154355,266.0243,6384.5836,0.02154355,266.0243,266.0243,266.0243,332.5304,332.5304,6384.5836,0.02154355,1463.1337,1340.2688,5187.4742,5310.3391,0.01750413,0.01791872,0.00089765,16.2655,14.6936,0.3653,59.3804,1.1678,2646.0457,162.5536,12.4780,16.8648,9.0895,16.5695,22.0926,29.825,33.4482,44.5976,11.8163,0.0,2.018664,2.691552,0.981654,30,240,141,4,0.10479828,0.02244119,0.04150452,0E-8,0.000000,0.902668,0.011910,-0.02129501,2026-03-22,2026-08-05,112,5695,2177,137,0.817518,0.739886,0.767145,0.349328,,,,,,,,GLOBAL_BASELINE_NO_ENTITY_RANKING,,,NOT_APPLICABLE_GLOBAL_BASELINE,HF9g-P5,,,,X 全窗基线 · 不参与实体赏罚,14195565,1420,A168_HF9F_20260827_0900,2026-08-27 09:00:00
2026-05-09,110249610,2201,0,50.1722580861,-28.4309462488,-28.4309462488,0.3333333,3,3,0.50665070000000000,0.506650700000,-0.6004420894325239,-0.6004420894325239,-0.6004420894325239,0E-17,ELIGIBLE,R03b_20260811_FULL_v1,L1_ELIGIBILITY,v2026-08-11,2026-03-21..2026-08-06,baccarat_bet02_101_all_pairs_incl_sentinel,round_win = game_pnl > 0 (decisive only),COMPATIBILITY_ONLY_NOT_PRODUCTION,296357.1217,267511.9505,6650.6079,18220,18206,-0.02244119,-0.04150452,-0.02020951,-0.02244119,-6650.6079,296357.1217,OK,0.0000,266.0243,4.0000,96.0000,AG03-UNRESOLVED,ALL5_LEVELS_bet23_to_bet27,266.0243,266.0243,266.0243,332.5304,332.5304,4.000000,4.000000,4.000000,5.000000,5.000000,96.000000,96.000000,96.000000,95.000000,95.000000,5.0,1463.1337,1340.2688,5187.4742,5310.3391,PENDING_AG03,FALSE,NOT_FOR_ENFORCEMENT,6384.5836,256811.4724,6650.6079,6384.5836,266.0243,0.02244119,0.02154355,266.0243,6384.5836,0.02154355,266.0243,266.0243,266.0243,332.5304,332.5304,6384.5836,0.02154355,1463.1337,1340.2688,5187.4742,5310.3391,0.01750413,0.01791872,0.00089765,16.2655,14.6936,0.3653,59.3804,1.1678,2646.0457,162.5536,12.4780,16.8648,9.0895,16.5695,22.0926,29.825,33.4482,44.5976,11.8163,0.0,2.018664,2.691552,0.981654,30,240,141,4,0.10479828,0.02244119,0.04150452,0E-8,0.000000,0.902668,0.011910,-0.02129501,2026-03-22,2026-08-05,112,5695,2177,137,0.817518,0.739886,0.767145,0.349328,,,,,,,,GLOBAL_BASELINE_NO_ENTITY_RANKING,,,NOT_APPLICABLE_GLOBAL_BASELINE,HF9g-P5,,,,X 全窗基线 · 不参与实体赏罚,14195566,1420,A168_HF9F_20260827_0900,2026-08-27 09:00:00
2026-05-09,110249610,2220,0,72.4710394577,-39.0228674003,-39.0228674003,0.2000000,5,5,0.50128862000000000,0.501288620000,-1.347408145195933,-1.347408145195933,-1.347408145195933,0E-17,ELIGIBLE,R03b_20260811_FULL_v1,L1_ELIGIBILITY,v2026-08-11,2026-03-21..2026-08-06,baccarat_bet02_101_all_pairs_incl_sentinel,round_win = game_pnl > 0 (decisive only),COMPATIBILITY_ONLY_NOT_PRODUCTION,296357.1217,267511.9505,6650.6079,18220,18206,-0.02244119,-0.04150452,-0.02020951,-0.02244119,-6650.6079,296357.1217,OK,0.0000,266.0243,4.0000,96.0000,AG03-UNRESOLVED,ALL5_LEVELS_bet23_to_bet27,266.0243,266.0243,266.0243,332.5304,332.5304,4.000000,4.000000,4.000000,5.000000,5.000000,96.000000,96.000000,96.000000,95.000000,95.000000,5.0,1463.1337,1340.2688,5187.4742,5310.3391,PENDING_AG03,FALSE,NOT_FOR_ENFORCEMENT,6384.5836,256811.4724,6650.6079,6384.5836,266.0243,0.02244119,0.02154355,266.0243,6384.5836,0.02154355,266.0243,266.0243,266.0243,332.5304,332.5304,6384.5836,0.02154355,1463.1337,1340.2688,5187.4742,5310.3391,0.01750413,0.01791872,0.00089765,16.2655,14.6936,0.3653,59.3804,1.1678,2646.0457,162.5536,12.4780,16.8648,9.0895,16.5695,22.0926,29.825,33.4482,44.5976,11.8163,0.0,2.018664,2.691552,0.981654,30,240,141,4,0.10479828,0.02244119,0.04150452,0E-8,0.000000,0.902668,0.011910,-0.02129501,2026-03-22,2026-08-05,112,5695,2177,137,0.817518,0.739886,0.767145,0.349328,,,,,,,,GLOBAL_BASELINE_NO_ENTITY_RANKING,,,NOT_APPLICABLE_GLOBAL_BASELINE,HF9g-P5,,,,X 全窗基线 · 不参与实体赏罚,14195567,1420,A168_HF9F_20260827_0900,2026-08-27 09:00:00
2026-05-09,110249610,2222,0,272.7140961747,-25.2533699033,-25.2533699033,0.5294118,17,17,0.50034237058823529,0.500342370588,0.23971242103658047,0.2397124210385207,0.23971242103658047,2.3529E-13,ELIGIBLE,R03b_20260811_FULL_v1,L1_ELIGIBILITY,v2026-08-11,2026-03-21..2026-08-06,baccarat_bet02_101_all_pairs_incl_sentinel,round_win = game_pnl > 0 (decisive only),COMPATIBILITY_ONLY_NOT_PRODUCTION,296357.1217,267511.9505,6650.6079,18220,18206,-0.02244119,-0.04150452,-0.02020951,-0.02244119,-6650.6079,296357.1217,OK,0.0000,266.0243,4.0000,96.0000,AG03-UNRESOLVED,ALL5_LEVELS_bet23_to_bet27,266.0243,266.0243,266.0243,332.5304,332.5304,4.000000,4.000000,4.000000,5.000000,5.000000,96.000000,96.000000,96.000000,95.000000,95.000000,5.0,1463.1337,1340.2688,5187.4742,5310.3391,PENDING_AG03,FALSE,NOT_FOR_ENFORCEMENT,6384.5836,256811.4724,6650.6079,6384.5836,266.0243,0.02244119,0.02154355,266.0243,6384.5836,0.02154355,266.0243,266.0243,266.0243,332.5304,332.5304,6384.5836,0.02154355,1463.1337,1340.2688,5187.4742,5310.3391,0.01750413,0.01791872,0.00089765,16.2655,14.6936,0.3653,59.3804,1.1678,2646.0457,162.5536,12.4780,16.8648,9.0895,16.5695,22.0926,29.825,33.4482,44.5976,11.8163,0.0,2.018664,2.691552,0.981654,30,240,141,4,0.10479828,0.02244119,0.04150452,0E-8,0.000000,0.902668,0.011910,-0.02129501,2026-03-22,2026-08-05,112,5695,2177,137,0.817518,0.739886,0.767145,0.349328,,,,,,,,GLOBAL_BASELINE_NO_ENTITY_RANKING,,,NOT_APPLICABLE_GLOBAL_BASELINE,HF9g-P5,,,,X 全窗基线 · 不参与实体赏罚,14195568,1420,A168_HF9F_20260827_0900,2026-08-27 09:00:00
2026-05-09,110249610,2224,0,34.5631111262,2.5086129043,2.5086129043,0.6666667,8,8,0.50665070000000000,0.506650700000,0.7839842952205449,0.7839842952205449,0.7839842952205449,0E-17,ELIGIBLE,R03b_20260811_FULL_v1,L1_ELIGIBILITY,v2026-08-11,2026-03-21..2026-08-06,baccarat_bet02_101_all_pairs_incl_sentinel,round_win = game_pnl > 0 (decisive only),COMPATIBILITY_ONLY_NOT_PRODUCTION,296357.1217,267511.9505,6650.6079,18220,18206,-0.02244119,-0.04150452,-0.02020951,-0.02244119,-6650.6079,296357.1217,OK,0.0000,266.0243,4.0000,96.0000,AG03-UNRESOLVED,ALL5_LEVELS_bet23_to_bet27,266.0243,266.0243,266.0243,332.5304,332.5304,4.000000,4.000000,4.000000,5.000000,5.000000,96.000000,96.000000,96.000000,95.000000,95.000000,5.0,1463.1337,1340.2688,5187.4742,5310.3391,PENDING_AG03,FALSE,NOT_FOR_ENFORCEMENT,6384.5836,256811.4724,6650.6079,6384.5836,266.0243,0.02244119,0.02154355,266.0243,6384.5836,0.02154355,266.0243,266.0243,266.0243,332.5304,332.5304,6384.5836,0.02154355,1463.1337,1340.2688,5187.4742,5310.3391,0.01750413,0.01791872,0.00089765,16.2655,14.6936,0.3653,59.3804,1.1678,2646.0457,162.5536,12.4780,16.8648,9.0895,16.5695,22.0926,29.825,33.4482,44.5976,11.8163,0.0,2.018664,2.691552,0.981654,30,240,141,4,0.10479828,0.02244119,0.04150452,0E-8,0.000000,0.902668,0.011910,-0.02129501,2026-03-22,2026-08-05,112,5695,2177,137,0.817518,0.739886,0.767145,0.349328,,,,,,,,GLOBAL_BASELINE_NO_ENTITY_RANKING,,,NOT_APPLICABLE_GLOBAL_BASELINE,HF9g-P5,,,,X 全窗基线 · 不参与实体赏罚,14195569,1420,A168_HF9F_20260827_0900,2026-08-27 09:00:00
2026-05-09,110249610,2233,0,312.7404087366,80.1919925077,80.1919925077,0.6000000,16,16,0.50329940000000000,0.503299400000,0.7490559354203585,0.7490559354203585,0.7490559354203585,0E-17,ELIGIBLE,R03b_20260811_FULL_v1,L1_ELIGIBILITY,v2026-08-11,2026-03-21..2026-08-06,baccarat_bet02_101_all_pairs_incl_sentinel,round_win = game_pnl > 0 (decisive only),COMPATIBILITY_ONLY_NOT_PRODUCTION,296357.1217,267511.9505,6650.6079,18220,18206,-0.02244119,-0.04150452,-0.02020951,-0.02244119,-6650.6079,296357.1217,OK,0.0000,266.0243,4.0000,96.0000,AG03-UNRESOLVED,ALL5_LEVELS_bet23_to_bet27,266.0243,266.0243,266.0243,332.5304,332.5304,4.000000,4.000000,4.000000,5.000000,5.000000,96.000000,96.000000,96.000000,95.000000,95.000000,5.0,1463.1337,1340.2688,5187.4742,5310.3391,PENDING_AG03,FALSE,NOT_FOR_ENFORCEMENT,6384.5836,256811.4724,6650.6079,6384.5836,266.0243,0.02244119,0.02154355,266.0243,6384.5836,0.02154355,266.0243,266.0243,266.0243,332.5304,332.5304,6384.5836,0.02154355,1463.1337,1340.2688,5187.4742,5310.3391,0.01750413,0.01791872,0.00089765,16.2655,14.6936,0.3653,59.3804,1.1678,2646.0457,162.5536,12.4780,16.8648,9.0895,16.5695,22.0926,29.825,33.4482,44.5976,11.8163,0.0,2.018664,2.691552,0.981654,30,240,141,4,0.10479828,0.02244119,0.04150452,0E-8,0.000000,0.902668,0.011910,-0.02129501,2026-03-22,2026-08-05,112,5695,2177,137,0.817518,0.739886,0.767145,0.349328,,,,,,,,GLOBAL_BASELINE_NO_ENTITY_RANKING,,,NOT_APPLICABLE_GLOBAL_BASELINE,HF9g-P5,,,,X 全窗基线 · 不参与实体赏罚,14195570,1420,A168_HF9F_20260827_0900,2026-08-27 09:00:00
2026-05-09,110249610,2234,0,159.8822624344,52.0955279795,52.0955279795,0.7500000,8,8,0.50665070000000000,0.506650700000,1.3767133162484293,1.3767133162484293,1.3767133162484293,0E-17,ELIGIBLE,R03b_20260811_FULL_v1,L1_ELIGIBILITY,v2026-08-11,2026-03-21..2026-08-06,baccarat_bet02_101_all_pairs_incl_sentinel,round_win = game_pnl > 0 (decisive only),COMPATIBILITY_ONLY_NOT_PRODUCTION,296357.1217,267511.9505,6650.6079,18220,18206,-0.02244119,-0.04150452,-0.02020951,-0.02244119,-6650.6079,296357.1217,OK,0.0000,266.0243,4.0000,96.0000,AG03-UNRESOLVED,ALL5_LEVELS_bet23_to_bet27,266.0243,266.0243,266.0243,332.5304,332.5304,4.000000,4.000000,4.000000,5.000000,5.000000,96.000000,96.000000,96.000000,95.000000,95.000000,5.0,1463.1337,1340.2688,5187.4742,5310.3391,PENDING_AG03,FALSE,NOT_FOR_ENFORCEMENT,6384.5836,256811.4724,6650.6079,6384.5836,266.0243,0.02244119,0.02154355,266.0243,6384.5836,0.02154355,266.0243,266.0243,266.0243,332.5304,332.5304,6384.5836,0.02154355,1463.1337,1340.2688,5187.4742,5310.3391,0.01750413,0.01791872,0.00089765,16.2655,14.6936,0.3653,59.3804,1.1678,2646.0457,162.5536,12.4780,16.8648,9.0895,16.5695,22.0926,29.825,33.4482,44.5976,11.8163,0.0,2.018664,2.691552,0.981654,30,240,141,4,0.10479828,0.02244119,0.04150452,0E-8,0.000000,0.902668,0.011910,-0.02129501,2026-03-22,2026-08-05,112,5695,2177,137,0.817518,0.739886,0.767145,0.349328,,,,,,,,GLOBAL_BASELINE_NO_ENTITY_RANKING,,,NOT_APPLICABLE_GLOBAL_BASELINE,HF9g-P5,,,,X 全窗基线 · 不参与实体赏罚,14195571,1420,A168_HF9F_20260827_0900,2026-08-27 09:00:00
2026-05-09,110249610,2239,0,149.4018351897,-0.5574695343,-0.5574695343,0.5714286,9,9,0.49324550000000000,0.493245500000,0.4137436818725812,0.41374368187258126,0.4137436818725812,0E-17,ELIGIBLE,R03b_20260811_FULL_v1,L1_ELIGIBILITY,v2026-08-11,2026-03-21..2026-08-06,baccarat_bet02_101_all_pairs_incl_sentinel,round_win = game_pnl > 0 (decisive only),COMPATIBILITY_ONLY_NOT_PRODUCTION,296357.1217,267511.9505,6650.6079,18220,18206,-0.02244119,-0.04150452,-0.02020951,-0.02244119,-6650.6079,296357.1217,OK,0.0000,266.0243,4.0000,96.0000,AG03-UNRESOLVED,ALL5_LEVELS_bet23_to_bet27,266.0243,266.0243,266.0243,332.5304,332.5304,4.000000,4.000000,4.000000,5.000000,5.000000,96.000000,96.000000,96.000000,95.000000,95.000000,5.0,1463.1337,1340.2688,5187.4742,5310.3391,PENDING_AG03,FALSE,NOT_FOR_ENFORCEMENT,6384.5836,256811.4724,6650.6079,6384.5836,266.0243,0.02244119,0.02154355,266.0243,6384.5836,0.02154355,266.0243,266.0243,266.0243,332.5304,332.5304,6384.5836,0.02154355,1463.1337,1340.2688,5187.4742,5310.3391,0.01750413,0.01791872,0.00089765,16.2655,14.6936,0.3653,59.3804,1.1678,2646.0457,162.5536,12.4780,16.8648,9.0895,16.5695,22.0926,29.825,33.4482,44.5976,11.8163,0.0,2.018664,2.691552,0.981654,30,240,141,4,0.10479828,0.02244119,0.04150452,0E-8,0.000000,0.902668,0.011910,-0.02129501,2026-03-22,2026-08-05,112,5695,2177,137,0.817518,0.739886,0.767145,0.349328,,,,,,,,GLOBAL_BASELINE_NO_ENTITY_RANKING,,,NOT_APPLICABLE_GLOBAL_BASELINE,HF9g-P5,,,,X 全窗基线 · 不参与实体赏罚,14195572,1420,A168_HF9F_20260827_0900,2026-08-27 09:00:00
2026-05-09,110249610,2241,0,39.4688430277,-39.4688430277,-39.4688430277,0E-7,3,3,0.50218230000000000,0.502182300000,-1.7396270863184011,-1.7396270863184016,-1.7396270863184011,0E-17,ELIGIBLE,R03b_20260811_FULL_v1,L1_ELIGIBILITY,v2026-08-11,2026-03-21..2026-08-06,baccarat_bet02_101_all_pairs_incl_sentinel,round_win = game_pnl > 0 (decisive only),COMPATIBILITY_ONLY_NOT_PRODUCTION,296357.1217,267511.9505,6650.6079,18220,18206,-0.02244119,-0.04150452,-0.02020951,-0.02244119,-6650.6079,296357.1217,OK,0.0000,266.0243,4.0000,96.0000,AG03-UNRESOLVED,ALL5_LEVELS_bet23_to_bet27,266.0243,266.0243,266.0243,332.5304,332.5304,4.000000,4.000000,4.000000,5.000000,5.000000,96.000000,96.000000,96.000000,95.000000,95.000000,5.0,1463.1337,1340.2688,5187.4742,5310.3391,PENDING_AG03,FALSE,NOT_FOR_ENFORCEMENT,6384.5836,256811.4724,6650.6079,6384.5836,266.0243,0.02244119,0.02154355,266.0243,6384.5836,0.02154355,266.0243,266.0243,266.0243,332.5304,332.5304,6384.5836,0.02154355,1463.1337,1340.2688,5187.4742,5310.3391,0.01750413,0.01791872,0.00089765,16.2655,14.6936,0.3653,59.3804,1.1678,2646.0457,162.5536,12.4780,16.8648,9.0895,16.5695,22.0926,29.825,33.4482,44.5976,11.8163,0.0,2.018664,2.691552,0.981654,30,240,141,4,0.10479828,0.02244119,0.04150452,0E-8,0.000000,0.902668,0.011910,-0.02129501,2026-03-22,2026-08-05,112,5695,2177,137,0.817518,0.739886,0.767145,0.349328,,,,,,,,GLOBAL_BASELINE_NO_ENTITY_RANKING,,,NOT_APPLICABLE_GLOBAL_BASELINE,HF9g-P5,,,,X 全窗基线 · 不参与实体赏罚,14195573,1420,A168_HF9F_20260827_0900,2026-08-27 09:00:00
2026-05-09,110249610,2242,0,122.1973219164,-25.4206107637,-25.4206107637,0.4444444,9,9,0.50218230000000000,0.502182300000,-0.34643043305270216,-0.34643043305270216,-0.34643043305270216,0E-17,ELIGIBLE,R03b_20260811_FULL_v1,L1_ELIGIBILITY,v2026-08-11,2026-03-21..2026-08-06,baccarat_bet02_101_all_pairs_incl_sentinel,round_win = game_pnl > 0 (decisive only),COMPATIBILITY_ONLY_NOT_PRODUCTION,296357.1217,267511.9505,6650.6079,18220,18206,-0.02244119,-0.04150452,-0.02020951,-0.02244119,-6650.6079,296357.1217,OK,0.0000,266.0243,4.0000,96.0000,AG03-UNRESOLVED,ALL5_LEVELS_bet23_to_bet27,266.0243,266.0243,266.0243,332.5304,332.5304,4.000000,4.000000,4.000000,5.000000,5.000000,96.000000,96.000000,96.000000,95.000000,95.000000,5.0,1463.1337,1340.2688,5187.4742,5310.3391,PENDING_AG03,FALSE,NOT_FOR_ENFORCEMENT,6384.5836,256811.4724,6650.6079,6384.5836,266.0243,0.02244119,0.02154355,266.0243,6384.5836,0.02154355,266.0243,266.0243,266.0243,332.5304,332.5304,6384.5836,0.02154355,1463.1337,1340.2688,5187.4742,5310.3391,0.01750413,0.01791872,0.00089765,16.2655,14.6936,0.3653,59.3804,1.1678,2646.0457,162.5536,12.4780,16.8648,9.0895,16.5695,22.0926,29.825,33.4482,44.5976,11.8163,0.0,2.018664,2.691552,0.981654,30,240,141,4,0.10479828,0.02244119,0.04150452,0E-8,0.000000,0.902668,0.011910,-0.02129501,2026-03-22,2026-08-05,112,5695,2177,137,0.817518,0.739886,0.767145,0.349328,,,,,,,,GLOBAL_BASELINE_NO_ENTITY_RANKING,,,NOT_APPLICABLE_GLOBAL_BASELINE,HF9g-P5,,,,X 全窗基线 · 不参与实体赏罚,14195574,1420,A168_HF9F_20260827_0900,2026-08-27 09:00:00
2026-05-09,110249610,2252,0,146.6144875182,107.5079996878,107.5079996878,1.0000000,7,7,0.50665070000000000,0.506650700000,2.2065203483183233,2.2065203483183233,2.2065203483183233,0E-17,ELIGIBLE,R03b_20260811_FULL_v1,L1_ELIGIBILITY,v2026-08-11,2026-03-21..2026-08-06,baccarat_bet02_101_all_pairs_incl_sentinel,round_win = game_pnl > 0 (decisive only),COMPATIBILITY_ONLY_NOT_PRODUCTION,296357.1217,267511.9505,6650.6079,18220,18206,-0.02244119,-0.04150452,-0.02020951,-0.02244119,-6650.6079,296357.1217,OK,0.0000,266.0243,4.0000,96.0000,AG03-UNRESOLVED,ALL5_LEVELS_bet23_to_bet27,266.0243,266.0243,266.0243,332.5304,332.5304,4.000000,4.000000,4.000000,5.000000,5.000000,96.000000,96.000000,96.000000,95.000000,95.000000,5.0,1463.1337,1340.2688,5187.4742,5310.3391,PENDING_AG03,FALSE,NOT_FOR_ENFORCEMENT,6384.5836,256811.4724,6650.6079,6384.5836,266.0243,0.02244119,0.02154355,266.0243,6384.5836,0.02154355,266.0243,266.0243,266.0243,332.5304,332.5304,6384.5836,0.02154355,1463.1337,1340.2688,5187.4742,5310.3391,0.01750413,0.01791872,0.00089765,16.2655,14.6936,0.3653,59.3804,1.1678,2646.0457,162.5536,12.4780,16.8648,9.0895,16.5695,22.0926,29.825,33.4482,44.5976,11.8163,0.0,2.018664,2.691552,0.981654,30,240,141,4,0.10479828,0.02244119,0.04150452,0E-8,0.000000,0.902668,0.011910,-0.02129501,2026-03-22,2026-08-05,112,5695,2177,137,0.817518,0.739886,0.767145,0.349328,,,,,,,,GLOBAL_BASELINE_NO_ENTITY_RANKING,,,NOT_APPLICABLE_GLOBAL_BASELINE,HF9g-P5,,,,X 全窗基线 · 不参与实体赏罚,14195575,1420,A168_HF9F_20260827_0900,2026-08-27 09:00:00
2026-05-09,110249610,2254,0,4.4597562743,-4.4597562743,-4.4597562743,0E-7,1,1,0.50665070000000000,0.506650700000,-1.013391052207602,-1.013391052207602,-1.013391052207602,0E-17,ELIGIBLE,R03b_20260811_FULL_v1,L1_ELIGIBILITY,v2026-08-11,2026-03-21..2026-08-06,baccarat_bet02_101_all_pairs_incl_sentinel,round_win = game_pnl > 0 (decisive only),COMPATIBILITY_ONLY_NOT_PRODUCTION,296357.1217,267511.9505,6650.6079,18220,18206,-0.02244119,-0.04150452,-0.02020951,-0.02244119,-6650.6079,296357.1217,OK,0.0000,266.0243,4.0000,96.0000,AG03-UNRESOLVED,ALL5_LEVELS_bet23_to_bet27,266.0243,266.0243,266.0243,332.5304,332.5304,4.000000,4.000000,4.000000,5.000000,5.000000,96.000000,96.000000,96.000000,95.000000,95.000000,5.0,1463.1337,1340.2688,5187.4742,5310.3391,PENDING_AG03,FALSE,NOT_FOR_ENFORCEMENT,6384.5836,256811.4724,6650.6079,6384.5836,266.0243,0.02244119,0.02154355,266.0243,6384.5836,0.02154355,266.0243,266.0243,266.0243,332.5304,332.5304,6384.5836,0.02154355,1463.1337,1340.2688,5187.4742,5310.3391,0.01750413,0.01791872,0.00089765,16.2655,14.6936,0.3653,59.3804,1.1678,2646.0457,162.5536,12.4780,16.8648,9.0895,16.5695,22.0926,29.825,33.4482,44.5976,11.8163,0.0,2.018664,2.691552,0.981654,30,240,141,4,0.10479828,0.02244119,0.04150452,0E-8,0.000000,0.902668,0.011910,-0.02129501,2026-03-22,2026-08-05,112,5695,2177,137,0.817518,0.739886,0.767145,0.349328,,,,,,,,GLOBAL_BASELINE_NO_ENTITY_RANKING,,,NOT_APPLICABLE_GLOBAL_BASELINE,HF9g-P5,,,,X 全窗基线 · 不参与实体赏罚,14195576,1420,A168_HF9F_20260827_0900,2026-08-27 09:00:00
2026-05-09,110249610,2256,0,557.9155099172,184.7509783590,184.7509783590,0.6666667,20,20,0.50531018000000000,0.505310180000,1.369232412365776,1.369232412365776,1.369232412365776,0E-17,ELIGIBLE,R03b_20260811_FULL_v1,L1_ELIGIBILITY,v2026-08-11,2026-03-21..2026-08-06,baccarat_bet02_101_all_pairs_incl_sentinel,round_win = game_pnl > 0 (decisive only),COMPATIBILITY_ONLY_NOT_PRODUCTION,296357.1217,267511.9505,6650.6079,18220,18206,-0.02244119,-0.04150452,-0.02020951,-0.02244119,-6650.6079,296357.1217,OK,0.0000,266.0243,4.0000,96.0000,AG03-UNRESOLVED,ALL5_LEVELS_bet23_to_bet27,266.0243,266.0243,266.0243,332.5304,332.5304,4.000000,4.000000,4.000000,5.000000,5.000000,96.000000,96.000000,96.000000,95.000000,95.000000,5.0,1463.1337,1340.2688,5187.4742,5310.3391,PENDING_AG03,FALSE,NOT_FOR_ENFORCEMENT,6384.5836,256811.4724,6650.6079,6384.5836,266.0243,0.02244119,0.02154355,266.0243,6384.5836,0.02154355,266.0243,266.0243,266.0243,332.5304,332.5304,6384.5836,0.02154355,1463.1337,1340.2688,5187.4742,5310.3391,0.01750413,0.01791872,0.00089765,16.2655,14.6936,0.3653,59.3804,1.1678,2646.0457,162.5536,12.4780,16.8648,9.0895,16.5695,22.0926,29.825,33.4482,44.5976,11.8163,0.0,2.018664,2.691552,0.981654,30,240,141,4,0.10479828,0.02244119,0.04150452,0E-8,0.000000,0.902668,0.011910,-0.02129501,2026-03-22,2026-08-05,112,5695,2177,137,0.817518,0.739886,0.767145,0.349328,,,,,,,,GLOBAL_BASELINE_NO_ENTITY_RANKING,,,NOT_APPLICABLE_GLOBAL_BASELINE,HF9g-P5,,,,X 全窗基线 · 不参与实体赏罚,14195577,1420,A168_HF9F_20260827_0900,2026-08-27 09:00:00
2026-05-09,110249610,2258,0,22.2987813716,-22.2987813716,-22.2987813716,0E-7,2,2,0.49994810000000000,0.499948100000,-1.4140667746232096,-1.4140667746232096,-1.4140667746232096,0E-17,ELIGIBLE,R03b_20260811_FULL_v1,L1_ELIGIBILITY,v2026-08-11,2026-03-21..2026-08-06,baccarat_bet02_101_all_pairs_incl_sentinel,round_win = game_pnl > 0 (decisive only),COMPATIBILITY_ONLY_NOT_PRODUCTION,296357.1217,267511.9505,6650.6079,18220,18206,-0.02244119,-0.04150452,-0.02020951,-0.02244119,-6650.6079,296357.1217,OK,0.0000,266.0243,4.0000,96.0000,AG03-UNRESOLVED,ALL5_LEVELS_bet23_to_bet27,266.0243,266.0243,266.0243,332.5304,332.5304,4.000000,4.000000,4.000000,5.000000,5.000000,96.000000,96.000000,96.000000,95.000000,95.000000,5.0,1463.1337,1340.2688,5187.4742,5310.3391,PENDING_AG03,FALSE,NOT_FOR_ENFORCEMENT,6384.5836,256811.4724,6650.6079,6384.5836,266.0243,0.02244119,0.02154355,266.0243,6384.5836,0.02154355,266.0243,266.0243,266.0243,332.5304,332.5304,6384.5836,0.02154355,1463.1337,1340.2688,5187.4742,5310.3391,0.01750413,0.01791872,0.00089765,16.2655,14.6936,0.3653,59.3804,1.1678,2646.0457,162.5536,12.4780,16.8648,9.0895,16.5695,22.0926,29.825,33.4482,44.5976,11.8163,0.0,2.018664,2.691552,0.981654,30,240,141,4,0.10479828,0.02244119,0.04150452,0E-8,0.000000,0.902668,0.011910,-0.02129501,2026-03-22,2026-08-05,112,5695,2177,137,0.817518,0.739886,0.767145,0.349328,,,,,,,,GLOBAL_BASELINE_NO_ENTITY_RANKING,,,NOT_APPLICABLE_GLOBAL_BASELINE,HF9g-P5,,,,X 全窗基线 · 不参与实体赏罚,14195578,1420,A168_HF9F_20260827_0900,2026-08-27 09:00:00
2026-05-09,110249610,2266,0,106.8111627700,-63.3285390954,-63.3285390954,0.2000000,5,5,0.50396966000000000,0.503969660000,-1.3594364909357963,-1.3594364909357963,-1.3594364909357963,0E-17,ELIGIBLE,R03b_20260811_FULL_v1,L1_ELIGIBILITY,v2026-08-11,2026-03-21..2026-08-06,baccarat_bet02_101_all_pairs_incl_sentinel,round_win = game_pnl > 0 (decisive only),COMPATIBILITY_ONLY_NOT_PRODUCTION,296357.1217,267511.9505,6650.6079,18220,18206,-0.02244119,-0.04150452,-0.02020951,-0.02244119,-6650.6079,296357.1217,OK,0.0000,266.0243,4.0000,96.0000,AG03-UNRESOLVED,ALL5_LEVELS_bet23_to_bet27,266.0243,266.0243,266.0243,332.5304,332.5304,4.000000,4.000000,4.000000,5.000000,5.000000,96.000000,96.000000,96.000000,95.000000,95.000000,5.0,1463.1337,1340.2688,5187.4742,5310.3391,PENDING_AG03,FALSE,NOT_FOR_ENFORCEMENT,6384.5836,256811.4724,6650.6079,6384.5836,266.0243,0.02244119,0.02154355,266.0243,6384.5836,0.02154355,266.0243,266.0243,266.0243,332.5304,332.5304,6384.5836,0.02154355,1463.1337,1340.2688,5187.4742,5310.3391,0.01750413,0.01791872,0.00089765,16.2655,14.6936,0.3653,59.3804,1.1678,2646.0457,162.5536,12.4780,16.8648,9.0895,16.5695,22.0926,29.825,33.4482,44.5976,11.8163,0.0,2.018664,2.691552,0.981654,30,240,141,4,0.10479828,0.02244119,0.04150452,0E-8,0.000000,0.902668,0.011910,-0.02129501,2026-03-22,2026-08-05,112,5695,2177,137,0.817518,0.739886,0.767145,0.349328,,,,,,,,GLOBAL_BASELINE_NO_ENTITY_RANKING,,,NOT_APPLICABLE_GLOBAL_BASELINE,HF9g-P5,,,,X 全窗基线 · 不参与实体赏罚,14195579,1420,A168_HF9F_20260827_0900,2026-08-27 09:00:00
2026-05-09,110249610,2267,0,100.3445161722,-17.5602903301,-17.5602903301,0.5000000,5,5,0.50128862000000000,0.501288620000,-0.0051544971185412255,-0.0051544971185412255,-0.0051544971185412255,0E-17,ELIGIBLE,R03b_20260811_FULL_v1,L1_ELIGIBILITY,v2026-08-11,2026-03-21..2026-08-06,baccarat_bet02_101_all_pairs_incl_sentinel,round_win = game_pnl > 0 (decisive only),COMPATIBILITY_ONLY_NOT_PRODUCTION,296357.1217,267511.9505,6650.6079,18220,18206,-0.02244119,-0.04150452,-0.02020951,-0.02244119,-6650.6079,296357.1217,OK,0.0000,266.0243,4.0000,96.0000,AG03-UNRESOLVED,ALL5_LEVELS_bet23_to_bet27,266.0243,266.0243,266.0243,332.5304,332.5304,4.000000,4.000000,4.000000,5.000000,5.000000,96.000000,96.000000,96.000000,95.000000,95.000000,5.0,1463.1337,1340.2688,5187.4742,5310.3391,PENDING_AG03,FALSE,NOT_FOR_ENFORCEMENT,6384.5836,256811.4724,6650.6079,6384.5836,266.0243,0.02244119,0.02154355,266.0243,6384.5836,0.02154355,266.0243,266.0243,266.0243,332.5304,332.5304,6384.5836,0.02154355,1463.1337,1340.2688,5187.4742,5310.3391,0.01750413,0.01791872,0.00089765,16.2655,14.6936,0.3653,59.3804,1.1678,2646.0457,162.5536,12.4780,16.8648,9.0895,16.5695,22.0926,29.825,33.4482,44.5976,11.8163,0.0,2.018664,2.691552,0.981654,30,240,141,4,0.10479828,0.02244119,0.04150452,0E-8,0.000000,0.902668,0.011910,-0.02129501,2026-03-22,2026-08-05,112,5695,2177,137,0.817518,0.739886,0.767145,0.349328,,,,,,,,GLOBAL_BASELINE_NO_ENTITY_RANKING,,,NOT_APPLICABLE_GLOBAL_BASELINE,HF9g-P5,,,,X 全窗基线 · 不参与实体赏罚,14195580,1420,A168_HF9F_20260827_0900,2026-08-27 09:00:00
2026-05-09,110249610,2271,0,26.7585376459,26.7585376459,26.7585376459,1.0000000,1,1,0.49324550000000000,0.493245500000,1.01360149184955,1.01360149184955,1.01360149184955,0E-17,ELIGIBLE,R03b_20260811_FULL_v1,L1_ELIGIBILITY,v2026-08-11,2026-03-21..2026-08-06,baccarat_bet02_101_all_pairs_incl_sentinel,round_win = game_pnl > 0 (decisive only),COMPATIBILITY_ONLY_NOT_PRODUCTION,296357.1217,267511.9505,6650.6079,18220,18206,-0.02244119,-0.04150452,-0.02020951,-0.02244119,-6650.6079,296357.1217,OK,0.0000,266.0243,4.0000,96.0000,AG03-UNRESOLVED,ALL5_LEVELS_bet23_to_bet27,266.0243,266.0243,266.0243,332.5304,332.5304,4.000000,4.000000,4.000000,5.000000,5.000000,96.000000,96.000000,96.000000,95.000000,95.000000,5.0,1463.1337,1340.2688,5187.4742,5310.3391,PENDING_AG03,FALSE,NOT_FOR_ENFORCEMENT,6384.5836,256811.4724,6650.6079,6384.5836,266.0243,0.02244119,0.02154355,266.0243,6384.5836,0.02154355,266.0243,266.0243,266.0243,332.5304,332.5304,6384.5836,0.02154355,1463.1337,1340.2688,5187.4742,5310.3391,0.01750413,0.01791872,0.00089765,16.2655,14.6936,0.3653,59.3804,1.1678,2646.0457,162.5536,12.4780,16.8648,9.0895,16.5695,22.0926,29.825,33.4482,44.5976,11.8163,0.0,2.018664,2.691552,0.981654,30,240,141,4,0.10479828,0.02244119,0.04150452,0E-8,0.000000,0.902668,0.011910,-0.02129501,2026-03-22,2026-08-05,112,5695,2177,137,0.817518,0.739886,0.767145,0.349328,,,,,,,,GLOBAL_BASELINE_NO_ENTITY_RANKING,,,NOT_APPLICABLE_GLOBAL_BASELINE,HF9g-P5,,,,X 全窗基线 · 不参与实体赏罚,14195581,1420,A168_HF9F_20260827_0900,2026-08-27 09:00:00
2026-05-09,110249610,529,0,34.5631111259,6.9683691787,6.9683691787,0.6666667,4,4,0.50665070000000000,0.506650700000,0.5543606114942035,0.5543606114942035,0.5543606114942035,0E-17,ELIGIBLE,R03b_20260811_FULL_v1,L1_ELIGIBILITY,v2026-08-11,2026-03-21..2026-08-06,baccarat_bet02_101_all_pairs_incl_sentinel,round_win = game_pnl > 0 (decisive only),COMPATIBILITY_ONLY_NOT_PRODUCTION,296357.1217,267511.9505,6650.6079,18220,18206,-0.02244119,-0.04150452,-0.02020951,-0.02244119,-6650.6079,296357.1217,OK,0.0000,266.0243,4.0000,96.0000,AG03-UNRESOLVED,ALL5_LEVELS_bet23_to_bet27,266.0243,266.0243,266.0243,332.5304,332.5304,4.000000,4.000000,4.000000,5.000000,5.000000,96.000000,96.000000,96.000000,95.000000,95.000000,5.0,1463.1337,1340.2688,5187.4742,5310.3391,PENDING_AG03,FALSE,NOT_FOR_ENFORCEMENT,6384.5836,256811.4724,6650.6079,6384.5836,266.0243,0.02244119,0.02154355,266.0243,6384.5836,0.02154355,266.0243,266.0243,266.0243,332.5304,332.5304,6384.5836,0.02154355,1463.1337,1340.2688,5187.4742,5310.3391,0.01750413,0.01791872,0.00089765,16.2655,14.6936,0.3653,59.3804,1.1678,2646.0457,162.5536,12.4780,16.8648,9.0895,16.5695,22.0926,29.825,33.4482,44.5976,11.8163,0.0,2.018664,2.691552,0.981654,30,240,141,4,0.10479828,0.02244119,0.04150452,0E-8,0.000000,0.902668,0.011910,-0.02129501,2026-03-22,2026-08-05,112,5695,2177,137,0.817518,0.739886,0.767145,0.349328,,,,,,,,GLOBAL_BASELINE_NO_ENTITY_RANKING,,,NOT_APPLICABLE_GLOBAL_BASELINE,HF9g-P5,,,,X 全窗基线 · 不参与实体赏罚,14195582,1420,A168_HF9F_20260827_0900,2026-08-27 09:00:00
2026-05-09,110249610,550,0,297.1312617765,53.5170752918,53.5170752918,0.5625000,16,16,0.49659680000000000,0.496596800000,0.527237812835868,0.5272378128358681,0.527237812835868,0E-17,ELIGIBLE,R03b_20260811_FULL_v1,L1_ELIGIBILITY,v2026-08-11,2026-03-21..2026-08-06,baccarat_bet02_101_all_pairs_incl_sentinel,round_win = game_pnl > 0 (decisive only),COMPATIBILITY_ONLY_NOT_PRODUCTION,296357.1217,267511.9505,6650.6079,18220,18206,-0.02244119,-0.04150452,-0.02020951,-0.02244119,-6650.6079,296357.1217,OK,0.0000,266.0243,4.0000,96.0000,AG03-UNRESOLVED,ALL5_LEVELS_bet23_to_bet27,266.0243,266.0243,266.0243,332.5304,332.5304,4.000000,4.000000,4.000000,5.000000,5.000000,96.000000,96.000000,96.000000,95.000000,95.000000,5.0,1463.1337,1340.2688,5187.4742,5310.3391,PENDING_AG03,FALSE,NOT_FOR_ENFORCEMENT,6384.5836,256811.4724,6650.6079,6384.5836,266.0243,0.02244119,0.02154355,266.0243,6384.5836,0.02154355,266.0243,266.0243,266.0243,332.5304,332.5304,6384.5836,0.02154355,1463.1337,1340.2688,5187.4742,5310.3391,0.01750413,0.01791872,0.00089765,16.2655,14.6936,0.3653,59.3804,1.1678,2646.0457,162.5536,12.4780,16.8648,9.0895,16.5695,22.0926,29.825,33.4482,44.5976,11.8163,0.0,2.018664,2.691552,0.981654,30,240,141,4,0.10479828,0.02244119,0.04150452,0E-8,0.000000,0.902668,0.011910,-0.02129501,2026-03-22,2026-08-05,112,5695,2177,137,0.817518,0.739886,0.767145,0.349328,,,,,,,,GLOBAL_BASELINE_NO_ENTITY_RANKING,,,NOT_APPLICABLE_GLOBAL_BASELINE,HF9g-P5,,,,X 全窗基线 · 不参与实体赏罚,14195583,1420,A168_HF9F_20260827_0900,2026-08-27 09:00:00
2026-05-09,110249610,583,0,11.1493906858,-11.1493906858,-11.1493906858,0E-7,1,1,0.50665070000000000,0.506650700000,-1.013391052207602,-1.013391052207602,-1.013391052207602,0E-17,ELIGIBLE,R03b_20260811_FULL_v1,L1_ELIGIBILITY,v2026-08-11,2026-03-21..2026-08-06,baccarat_bet02_101_all_pairs_incl_sentinel,round_win = game_pnl > 0 (decisive only),COMPATIBILITY_ONLY_NOT_PRODUCTION,296357.1217,267511.9505,6650.6079,18220,18206,-0.02244119,-0.04150452,-0.02020951,-0.02244119,-6650.6079,296357.1217,OK,0.0000,266.0243,4.0000,96.0000,AG03-UNRESOLVED,ALL5_LEVELS_bet23_to_bet27,266.0243,266.0243,266.0243,332.5304,332.5304,4.000000,4.000000,4.000000,5.000000,5.000000,96.000000,96.000000,96.000000,95.000000,95.000000,5.0,1463.1337,1340.2688,5187.4742,5310.3391,PENDING_AG03,FALSE,NOT_FOR_ENFORCEMENT,6384.5836,256811.4724,6650.6079,6384.5836,266.0243,0.02244119,0.02154355,266.0243,6384.5836,0.02154355,266.0243,266.0243,266.0243,332.5304,332.5304,6384.5836,0.02154355,1463.1337,1340.2688,5187.4742,5310.3391,0.01750413,0.01791872,0.00089765,16.2655,14.6936,0.3653,59.3804,1.1678,2646.0457,162.5536,12.4780,16.8648,9.0895,16.5695,22.0926,29.825,33.4482,44.5976,11.8163,0.0,2.018664,2.691552,0.981654,30,240,141,4,0.10479828,0.02244119,0.04150452,0E-8,0.000000,0.902668,0.011910,-0.02129501,2026-03-22,2026-08-05,112,5695,2177,137,0.817518,0.739886,0.767145,0.349328,,,,,,,,GLOBAL_BASELINE_NO_ENTITY_RANKING,,,NOT_APPLICABLE_GLOBAL_BASELINE,HF9g-P5,,,,X 全窗基线 · 不参与实体赏罚,14195584,1420,A168_HF9F_20260827_0900,2026-08-27 09:00:00
2026-05-09,110249610,595,0,22.2987813716,-22.2987813716,-22.2987813716,0E-7,1,1,0.49324550000000000,0.493245500000,-0.9865810262130424,-0.9865810262130424,-0.9865810262130424,0E-17,ELIGIBLE,R03b_20260811_FULL_v1,L1_ELIGIBILITY,v2026-08-11,2026-03-21..2026-08-06,baccarat_bet02_101_all_pairs_incl_sentinel,round_win = game_pnl > 0 (decisive only),COMPATIBILITY_ONLY_NOT_PRODUCTION,296357.1217,267511.9505,6650.6079,18220,18206,-0.02244119,-0.04150452,-0.02020951,-0.02244119,-6650.6079,296357.1217,OK,0.0000,266.0243,4.0000,96.0000,AG03-UNRESOLVED,ALL5_LEVELS_bet23_to_bet27,266.0243,266.0243,266.0243,332.5304,332.5304,4.000000,4.000000,4.000000,5.000000,5.000000,96.000000,96.000000,96.000000,95.000000,95.000000,5.0,1463.1337,1340.2688,5187.4742,5310.3391,PENDING_AG03,FALSE,NOT_FOR_ENFORCEMENT,6384.5836,256811.4724,6650.6079,6384.5836,266.0243,0.02244119,0.02154355,266.0243,6384.5836,0.02154355,266.0243,266.0243,266.0243,332.5304,332.5304,6384.5836,0.02154355,1463.1337,1340.2688,5187.4742,5310.3391,0.01750413,0.01791872,0.00089765,16.2655,14.6936,0.3653,59.3804,1.1678,2646.0457,162.5536,12.4780,16.8648,9.0895,16.5695,22.0926,29.825,33.4482,44.5976,11.8163,0.0,2.018664,2.691552,0.981654,30,240,141,4,0.10479828,0.02244119,0.04150452,0E-8,0.000000,0.902668,0.011910,-0.02129501,2026-03-22,2026-08-05,112,5695,2177,137,0.817518,0.739886,0.767145,0.349328,,,,,,,,GLOBAL_BASELINE_NO_ENTITY_RANKING,,,NOT_APPLICABLE_GLOBAL_BASELINE,HF9g-P5,,,,X 全窗基线 · 不参与实体赏罚,14195585,1420,A168_HF9F_20260827_0900,2026-08-27 09:00:00
2026-05-09,110249610,598,0,142.1547312439,5.4353279593,5.4353279593,0.5555556,10,10,0.50262914000000000,0.502629140000,0.3175628835925145,0.31756288359251456,0.3175628835925145,0E-17,ELIGIBLE,R03b_20260811_FULL_v1,L1_ELIGIBILITY,v2026-08-11,2026-03-21..2026-08-06,baccarat_bet02_101_all_pairs_incl_sentinel,round_win = game_pnl > 0 (decisive only),COMPATIBILITY_ONLY_NOT_PRODUCTION,296357.1217,267511.9505,6650.6079,18220,18206,-0.02244119,-0.04150452,-0.02020951,-0.02244119,-6650.6079,296357.1217,OK,0.0000,266.0243,4.0000,96.0000,AG03-UNRESOLVED,ALL5_LEVELS_bet23_to_bet27,266.0243,266.0243,266.0243,332.5304,332.5304,4.000000,4.000000,4.000000,5.000000,5.000000,96.000000,96.000000,96.000000,95.000000,95.000000,5.0,1463.1337,1340.2688,5187.4742,5310.3391,PENDING_AG03,FALSE,NOT_FOR_ENFORCEMENT,6384.5836,256811.4724,6650.6079,6384.5836,266.0243,0.02244119,0.02154355,266.0243,6384.5836,0.02154355,266.0243,266.0243,266.0243,332.5304,332.5304,6384.5836,0.02154355,1463.1337,1340.2688,5187.4742,5310.3391,0.01750413,0.01791872,0.00089765,16.2655,14.6936,0.3653,59.3804,1.1678,2646.0457,162.5536,12.4780,16.8648,9.0895,16.5695,22.0926,29.825,33.4482,44.5976,11.8163,0.0,2.018664,2.691552,0.981654,30,240,141,4,0.10479828,0.02244119,0.04150452,0E-8,0.000000,0.902668,0.011910,-0.02129501,2026-03-22,2026-08-05,112,5695,2177,137,0.817518,0.739886,0.767145,0.349328,,,,,,,,GLOBAL_BASELINE_NO_ENTITY_RANKING,,,NOT_APPLICABLE_GLOBAL_BASELINE,HF9g-P5,,,,X 全窗基线 · 不参与实体赏罚,14195586,1420,A168_HF9F_20260827_0900,2026-08-27 09:00:00
2026-05-09,110249610,752,0,51.8446666890,-8.3620430144,-8.3620430144,0.4000000,5,5,0.50665070000000000,0.506650700000,-0.4769986289884125,-0.4769986289884125,-0.4769986289884125,0E-17,ELIGIBLE,R03b_20260811_FULL_v1,L1_ELIGIBILITY,v2026-08-11,2026-03-21..2026-08-06,baccarat_bet02_101_all_pairs_incl_sentinel,round_win = game_pnl > 0 (decisive only),COMPATIBILITY_ONLY_NOT_PRODUCTION,296357.1217,267511.9505,6650.6079,18220,18206,-0.02244119,-0.04150452,-0.02020951,-0.02244119,-6650.6079,296357.1217,OK,0.0000,266.0243,4.0000,96.0000,AG03-UNRESOLVED,ALL5_LEVELS_bet23_to_bet27,266.0243,266.0243,266.0243,332.5304,332.5304,4.000000,4.000000,4.000000,5.000000,5.000000,96.000000,96.000000,96.000000,95.000000,95.000000,5.0,1463.1337,1340.2688,5187.4742,5310.3391,PENDING_AG03,FALSE,NOT_FOR_ENFORCEMENT,6384.5836,256811.4724,6650.6079,6384.5836,266.0243,0.02244119,0.02154355,266.0243,6384.5836,0.02154355,266.0243,266.0243,266.0243,332.5304,332.5304,6384.5836,0.02154355,1463.1337,1340.2688,5187.4742,5310.3391,0.01750413,0.01791872,0.00089765,16.2655,14.6936,0.3653,59.3804,1.1678,2646.0457,162.5536,12.4780,16.8648,9.0895,16.5695,22.0926,29.825,33.4482,44.5976,11.8163,0.0,2.018664,2.691552,0.981654,30,240,141,4,0.10479828,0.02244119,0.04150452,0E-8,0.000000,0.902668,0.011910,-0.02129501,2026-03-22,2026-08-05,112,5695,2177,137,0.817518,0.739886,0.767145,0.349328,,,,,,,,GLOBAL_BASELINE_NO_ENTITY_RANKING,,,NOT_APPLICABLE_GLOBAL_BASELINE,HF9g-P5,,,,X 全窗基线 · 不参与实体赏罚,14195587,1420,A168_HF9F_20260827_0900,2026-08-27 09:00:00
2026-05-09,110249610,763,0,89.1951254864,8.1390552006,8.1390552006,0.7500000,5,5,0.50665070000000000,0.506650700000,0.9734833216690844,0.9734833216690844,0.9734833216690844,0E-17,ELIGIBLE,R03b_20260811_FULL_v1,L1_ELIGIBILITY,v2026-08-11,2026-03-21..2026-08-06,baccarat_bet02_101_all_pairs_incl_sentinel,round_win = game_pnl > 0 (decisive only),COMPATIBILITY_ONLY_NOT_PRODUCTION,296357.1217,267511.9505,6650.6079,18220,18206,-0.02244119,-0.04150452,-0.02020951,-0.02244119,-6650.6079,296357.1217,OK,0.0000,266.0243,4.0000,96.0000,AG03-UNRESOLVED,ALL5_LEVELS_bet23_to_bet27,266.0243,266.0243,266.0243,332.5304,332.5304,4.000000,4.000000,4.000000,5.000000,5.000000,96.000000,96.000000,96.000000,95.000000,95.000000,5.0,1463.1337,1340.2688,5187.4742,5310.3391,PENDING_AG03,FALSE,NOT_FOR_ENFORCEMENT,6384.5836,256811.4724,6650.6079,6384.5836,266.0243,0.02244119,0.02154355,266.0243,6384.5836,0.02154355,266.0243,266.0243,266.0243,332.5304,332.5304,6384.5836,0.02154355,1463.1337,1340.2688,5187.4742,5310.3391,0.01750413,0.01791872,0.00089765,16.2655,14.6936,0.3653,59.3804,1.1678,2646.0457,162.5536,12.4780,16.8648,9.0895,16.5695,22.0926,29.825,33.4482,44.5976,11.8163,0.0,2.018664,2.691552,0.981654,30,240,141,4,0.10479828,0.02244119,0.04150452,0E-8,0.000000,0.902668,0.011910,-0.02129501,2026-03-22,2026-08-05,112,5695,2177,137,0.817518,0.739886,0.767145,0.349328,,,,,,,,GLOBAL_BASELINE_NO_ENTITY_RANKING,,,NOT_APPLICABLE_GLOBAL_BASELINE,HF9g-P5,,,,X 全窗基线 · 不参与实体赏罚,14195588,1420,A168_HF9F_20260827_0900,2026-08-27 09:00:00
2026-05-09,110249610,789,0,5.5746953429,-5.5746953429,-5.5746953429,0E-7,1,1,0.50665070000000000,0.506650700000,-1.013391052207602,-1.013391052207602,-1.013391052207602,0E-17,ELIGIBLE,R03b_20260811_FULL_v1,L1_ELIGIBILITY,v2026-08-11,2026-03-21..2026-08-06,baccarat_bet02_101_all_pairs_incl_sentinel,round_win = game_pnl > 0 (decisive only),COMPATIBILITY_ONLY_NOT_PRODUCTION,296357.1217,267511.9505,6650.6079,18220,18206,-0.02244119,-0.04150452,-0.02020951,-0.02244119,-6650.6079,296357.1217,OK,0.0000,266.0243,4.0000,96.0000,AG03-UNRESOLVED,ALL5_LEVELS_bet23_to_bet27,266.0243,266.0243,266.0243,332.5304,332.5304,4.000000,4.000000,4.000000,5.000000,5.000000,96.000000,96.000000,96.000000,95.000000,95.000000,5.0,1463.1337,1340.2688,5187.4742,5310.3391,PENDING_AG03,FALSE,NOT_FOR_ENFORCEMENT,6384.5836,256811.4724,6650.6079,6384.5836,266.0243,0.02244119,0.02154355,266.0243,6384.5836,0.02154355,266.0243,266.0243,266.0243,332.5304,332.5304,6384.5836,0.02154355,1463.1337,1340.2688,5187.4742,5310.3391,0.01750413,0.01791872,0.00089765,16.2655,14.6936,0.3653,59.3804,1.1678,2646.0457,162.5536,12.4780,16.8648,9.0895,16.5695,22.0926,29.825,33.4482,44.5976,11.8163,0.0,2.018664,2.691552,0.981654,30,240,141,4,0.10479828,0.02244119,0.04150452,0E-8,0.000000,0.902668,0.011910,-0.02129501,2026-03-22,2026-08-05,112,5695,2177,137,0.817518,0.739886,0.767145,0.349328,,,,,,,,GLOBAL_BASELINE_NO_ENTITY_RANKING,,,NOT_APPLICABLE_GLOBAL_BASELINE,HF9g-P5,,,,X 全窗基线 · 不参与实体赏罚,14195589,1420,A168_HF9F_20260827_0900,2026-08-27 09:00:00
2026-05-09,110249610,925,0,105.1387541671,46.9222107012,46.9222107012,0.7500000,5,5,0.50128862000000000,0.501288620000,0.9948488239810122,0.9948488239810122,0.9948488239810122,0E-17,ELIGIBLE,R03b_20260811_FULL_v1,L1_ELIGIBILITY,v2026-08-11,2026-03-21..2026-08-06,baccarat_bet02_101_all_pairs_incl_sentinel,round_win = game_pnl > 0 (decisive only),COMPATIBILITY_ONLY_NOT_PRODUCTION,296357.1217,267511.9505,6650.6079,18220,18206,-0.02244119,-0.04150452,-0.02020951,-0.02244119,-6650.6079,296357.1217,OK,0.0000,266.0243,4.0000,96.0000,AG03-UNRESOLVED,ALL5_LEVELS_bet23_to_bet27,266.0243,266.0243,266.0243,332.5304,332.5304,4.000000,4.000000,4.000000,5.000000,5.000000,96.000000,96.000000,96.000000,95.000000,95.000000,5.0,1463.1337,1340.2688,5187.4742,5310.3391,PENDING_AG03,FALSE,NOT_FOR_ENFORCEMENT,6384.5836,256811.4724,6650.6079,6384.5836,266.0243,0.02244119,0.02154355,266.0243,6384.5836,0.02154355,266.0243,266.0243,266.0243,332.5304,332.5304,6384.5836,0.02154355,1463.1337,1340.2688,5187.4742,5310.3391,0.01750413,0.01791872,0.00089765,16.2655,14.6936,0.3653,59.3804,1.1678,2646.0457,162.5536,12.4780,16.8648,9.0895,16.5695,22.0926,29.825,33.4482,44.5976,11.8163,0.0,2.018664,2.691552,0.981654,30,240,141,4,0.10479828,0.02244119,0.04150452,0E-8,0.000000,0.902668,0.011910,-0.02129501,2026-03-22,2026-08-05,112,5695,2177,137,0.817518,0.739886,0.767145,0.349328,,,,,,,,GLOBAL_BASELINE_NO_ENTITY_RANKING,,,NOT_APPLICABLE_GLOBAL_BASELINE,HF9g-P5,,,,X 全窗基线 · 不参与实体赏罚,14195590,1420,A168_HF9F_20260827_0900,2026-08-27 09:00:00
2026-05-09,110249610,948,0,11.5953663132,-11.5953663132,-11.5953663132,0E-7,1,1,0.49324550000000000,0.493245500000,-0.9865810262130424,-0.9865810262130424,-0.9865810262130424,0E-17,ELIGIBLE,R03b_20260811_FULL_v1,L1_ELIGIBILITY,v2026-08-11,2026-03-21..2026-08-06,baccarat_bet02_101_all_pairs_incl_sentinel,round_win = game_pnl > 0 (decisive only),COMPATIBILITY_ONLY_NOT_PRODUCTION,296357.1217,267511.9505,6650.6079,18220,18206,-0.02244119,-0.04150452,-0.02020951,-0.02244119,-6650.6079,296357.1217,OK,0.0000,266.0243,4.0000,96.0000,AG03-UNRESOLVED,ALL5_LEVELS_bet23_to_bet27,266.0243,266.0243,266.0243,332.5304,332.5304,4.000000,4.000000,4.000000,5.000000,5.000000,96.000000,96.000000,96.000000,95.000000,95.000000,5.0,1463.1337,1340.2688,5187.4742,5310.3391,PENDING_AG03,FALSE,NOT_FOR_ENFORCEMENT,6384.5836,256811.4724,6650.6079,6384.5836,266.0243,0.02244119,0.02154355,266.0243,6384.5836,0.02154355,266.0243,266.0243,266.0243,332.5304,332.5304,6384.5836,0.02154355,1463.1337,1340.2688,5187.4742,5310.3391,0.01750413,0.01791872,0.00089765,16.2655,14.6936,0.3653,59.3804,1.1678,2646.0457,162.5536,12.4780,16.8648,9.0895,16.5695,22.0926,29.825,33.4482,44.5976,11.8163,0.0,2.018664,2.691552,0.981654,30,240,141,4,0.10479828,0.02244119,0.04150452,0E-8,0.000000,0.902668,0.011910,-0.02129501,2026-03-22,2026-08-05,112,5695,2177,137,0.817518,0.739886,0.767145,0.349328,,,,,,,,GLOBAL_BASELINE_NO_ENTITY_RANKING,,,NOT_APPLICABLE_GLOBAL_BASELINE,HF9g-P5,,,,X 全窗基线 · 不参与实体赏罚,14195591,1420,A168_HF9F_20260827_0900,2026-08-27 09:00:00
2026-05-09,110249610,986,0,30.1033548517,-30.1033548517,-30.1033548517,0E-7,2,2,0.49994810000000000,0.499948100000,-1.4140667746232096,-1.4140667746232096,-1.4140667746232096,0E-17,ELIGIBLE,R03b_20260811_FULL_v1,L1_ELIGIBILITY,v2026-08-11,2026-03-21..2026-08-06,baccarat_bet02_101_all_pairs_incl_sentinel,round_win = game_pnl > 0 (decisive only),COMPATIBILITY_ONLY_NOT_PRODUCTION,296357.1217,267511.9505,6650.6079,18220,18206,-0.02244119,-0.04150452,-0.02020951,-0.02244119,-6650.6079,296357.1217,OK,0.0000,266.0243,4.0000,96.0000,AG03-UNRESOLVED,ALL5_LEVELS_bet23_to_bet27,266.0243,266.0243,266.0243,332.5304,332.5304,4.000000,4.000000,4.000000,5.000000,5.000000,96.000000,96.000000,96.000000,95.000000,95.000000,5.0,1463.1337,1340.2688,5187.4742,5310.3391,PENDING_AG03,FALSE,NOT_FOR_ENFORCEMENT,6384.5836,256811.4724,6650.6079,6384.5836,266.0243,0.02244119,0.02154355,266.0243,6384.5836,0.02154355,266.0243,266.0243,266.0243,332.5304,332.5304,6384.5836,0.02154355,1463.1337,1340.2688,5187.4742,5310.3391,0.01750413,0.01791872,0.00089765,16.2655,14.6936,0.3653,59.3804,1.1678,2646.0457,162.5536,12.4780,16.8648,9.0895,16.5695,22.0926,29.825,33.4482,44.5976,11.8163,0.0,2.018664,2.691552,0.981654,30,240,141,4,0.10479828,0.02244119,0.04150452,0E-8,0.000000,0.902668,0.011910,-0.02129501,2026-03-22,2026-08-05,112,5695,2177,137,0.817518,0.739886,0.767145,0.349328,,,,,,,,GLOBAL_BASELINE_NO_ENTITY_RANKING,,,NOT_APPLICABLE_GLOBAL_BASELINE,HF9g-P5,,,,X 全窗基线 · 不参与实体赏罚,14195592,1420,A168_HF9F_20260827_0900,2026-08-27 09:00:00
2026-05-09,110249610,987,0,11.1493906858,-11.1493906858,-11.1493906858,0E-7,1,1,0.50665070000000000,0.506650700000,-1.013391052207602,-1.013391052207602,-1.013391052207602,0E-17,ELIGIBLE,R03b_20260811_FULL_v1,L1_ELIGIBILITY,v2026-08-11,2026-03-21..2026-08-06,baccarat_bet02_101_all_pairs_incl_sentinel,round_win = game_pnl > 0 (decisive only),COMPATIBILITY_ONLY_NOT_PRODUCTION,296357.1217,267511.9505,6650.6079,18220,18206,-0.02244119,-0.04150452,-0.02020951,-0.02244119,-6650.6079,296357.1217,OK,0.0000,266.0243,4.0000,96.0000,AG03-UNRESOLVED,ALL5_LEVELS_bet23_to_bet27,266.0243,266.0243,266.0243,332.5304,332.5304,4.000000,4.000000,4.000000,5.000000,5.000000,96.000000,96.000000,96.000000,95.000000,95.000000,5.0,1463.1337,1340.2688,5187.4742,5310.3391,PENDING_AG03,FALSE,NOT_FOR_ENFORCEMENT,6384.5836,256811.4724,6650.6079,6384.5836,266.0243,0.02244119,0.02154355,266.0243,6384.5836,0.02154355,266.0243,266.0243,266.0243,332.5304,332.5304,6384.5836,0.02154355,1463.1337,1340.2688,5187.4742,5310.3391,0.01750413,0.01791872,0.00089765,16.2655,14.6936,0.3653,59.3804,1.1678,2646.0457,162.5536,12.4780,16.8648,9.0895,16.5695,22.0926,29.825,33.4482,44.5976,11.8163,0.0,2.018664,2.691552,0.981654,30,240,141,4,0.10479828,0.02244119,0.04150452,0E-8,0.000000,0.902668,0.011910,-0.02129501,2026-03-22,2026-08-05,112,5695,2177,137,0.817518,0.739886,0.767145,0.349328,,,,,,,,GLOBAL_BASELINE_NO_ENTITY_RANKING,,,NOT_APPLICABLE_GLOBAL_BASELINE,HF9g-P5,,,,X 全窗基线 · 不参与实体赏罚,14195593,1420,A168_HF9F_20260827_0900,2026-08-27 09:00:00
2026-05-09,110249610,994,0,52.4021362233,-36.7929892631,-36.7929892631,0.2000000,5,5,0.49860758000000000,0.498607580000,-1.3354188732730328,-1.3354188732730328,-1.3354188732730328,0E-17,ELIGIBLE,R03b_20260811_FULL_v1,L1_ELIGIBILITY,v2026-08-11,2026-03-21..2026-08-06,baccarat_bet02_101_all_pairs_incl_sentinel,round_win = game_pnl > 0 (decisive only),COMPATIBILITY_ONLY_NOT_PRODUCTION,296357.1217,267511.9505,6650.6079,18220,18206,-0.02244119,-0.04150452,-0.02020951,-0.02244119,-6650.6079,296357.1217,OK,0.0000,266.0243,4.0000,96.0000,AG03-UNRESOLVED,ALL5_LEVELS_bet23_to_bet27,266.0243,266.0243,266.0243,332.5304,332.5304,4.000000,4.000000,4.000000,5.000000,5.000000,96.000000,96.000000,96.000000,95.000000,95.000000,5.0,1463.1337,1340.2688,5187.4742,5310.3391,PENDING_AG03,FALSE,NOT_FOR_ENFORCEMENT,6384.5836,256811.4724,6650.6079,6384.5836,266.0243,0.02244119,0.02154355,266.0243,6384.5836,0.02154355,266.0243,266.0243,266.0243,332.5304,332.5304,6384.5836,0.02154355,1463.1337,1340.2688,5187.4742,5310.3391,0.01750413,0.01791872,0.00089765,16.2655,14.6936,0.3653,59.3804,1.1678,2646.0457,162.5536,12.4780,16.8648,9.0895,16.5695,22.0926,29.825,33.4482,44.5976,11.8163,0.0,2.018664,2.691552,0.981654,30,240,141,4,0.10479828,0.02244119,0.04150452,0E-8,0.000000,0.902668,0.011910,-0.02129501,2026-03-22,2026-08-05,112,5695,2177,137,0.817518,0.739886,0.767145,0.349328,,,,,,,,GLOBAL_BASELINE_NO_ENTITY_RANKING,,,NOT_APPLICABLE_GLOBAL_BASELINE,HF9g-P5,,,,X 全窗基线 · 不参与实体赏罚,14195594,1420,A168_HF9F_20260827_0900,2026-08-27 09:00:00
2026-05-10,110249610,-1,1,1171.8009610777,79.0491799625,79.0491799625,0.5108696,97,97,0.49780603195876289,0.497806031959,0.2506044310086453,0.25060443100409624,0.2506044310086453,-2.3711E-13,SENTINEL_DEALER,R03b_20260811_FULL_v1,L1_ELIGIBILITY,v2026-08-11,2026-03-21..2026-08-06,baccarat_bet02_101_all_pairs_incl_sentinel,round_win = game_pnl > 0 (decisive only),COMPATIBILITY_ONLY_NOT_PRODUCTION,296357.1217,267511.9505,6650.6079,18220,18206,-0.02244119,-0.04150452,-0.02020951,-0.02244119,-6650.6079,296357.1217,OK,0.0000,266.0243,4.0000,96.0000,AG03-UNRESOLVED,ALL5_LEVELS_bet23_to_bet27,266.0243,266.0243,266.0243,332.5304,332.5304,4.000000,4.000000,4.000000,5.000000,5.000000,96.000000,96.000000,96.000000,95.000000,95.000000,5.0,1463.1337,1340.2688,5187.4742,5310.3391,PENDING_AG03,FALSE,NOT_FOR_ENFORCEMENT,6384.5836,256811.4724,6650.6079,6384.5836,266.0243,0.02244119,0.02154355,266.0243,6384.5836,0.02154355,266.0243,266.0243,266.0243,332.5304,332.5304,6384.5836,0.02154355,1463.1337,1340.2688,5187.4742,5310.3391,0.01750413,0.01791872,0.00089765,16.2655,14.6936,0.3653,59.3804,1.1678,2646.0457,162.5536,12.4780,16.8648,9.0895,16.5695,22.0926,29.825,33.4482,44.5976,11.8163,0.0,2.018664,2.691552,0.981654,30,240,141,4,0.10479828,0.02244119,0.04150452,0E-8,0.000000,0.902668,0.011910,-0.02129501,2026-03-22,2026-08-05,112,5695,2177,137,0.817518,0.739886,0.767145,0.349328,,,,,,,,GLOBAL_BASELINE_NO_ENTITY_RANKING,,,NOT_APPLICABLE_GLOBAL_BASELINE,HF9g-P5,,,,X 全窗基线 · 不参与实体赏罚,14195595,1420,A168_HF9F_20260827_0900,2026-08-27 09:00:00
2026-05-10,110249610,1017,0,110.9364373236,10.8985293954,10.8985293954,0.6000000,6,6,0.50665070000000000,0.506650700000,0.4175076967804994,0.4175076967804994,0.4175076967804994,0E-17,ELIGIBLE,R03b_20260811_FULL_v1,L1_ELIGIBILITY,v2026-08-11,2026-03-21..2026-08-06,baccarat_bet02_101_all_pairs_incl_sentinel,round_win = game_pnl > 0 (decisive only),COMPATIBILITY_ONLY_NOT_PRODUCTION,296357.1217,267511.9505,6650.6079,18220,18206,-0.02244119,-0.04150452,-0.02020951,-0.02244119,-6650.6079,296357.1217,OK,0.0000,266.0243,4.0000,96.0000,AG03-UNRESOLVED,ALL5_LEVELS_bet23_to_bet27,266.0243,266.0243,266.0243,332.5304,332.5304,4.000000,4.000000,4.000000,5.000000,5.000000,96.000000,96.000000,96.000000,95.000000,95.000000,5.0,1463.1337,1340.2688,5187.4742,5310.3391,PENDING_AG03,FALSE,NOT_FOR_ENFORCEMENT,6384.5836,256811.4724,6650.6079,6384.5836,266.0243,0.02244119,0.02154355,266.0243,6384.5836,0.02154355,266.0243,266.0243,266.0243,332.5304,332.5304,6384.5836,0.02154355,1463.1337,1340.2688,5187.4742,5310.3391,0.01750413,0.01791872,0.00089765,16.2655,14.6936,0.3653,59.3804,1.1678,2646.0457,162.5536,12.4780,16.8648,9.0895,16.5695,22.0926,29.825,33.4482,44.5976,11.8163,0.0,2.018664,2.691552,0.981654,30,240,141,4,0.10479828,0.02244119,0.04150452,0E-8,0.000000,0.902668,0.011910,-0.02129501,2026-03-22,2026-08-05,112,5695,2177,137,0.817518,0.739886,0.767145,0.349328,,,,,,,,GLOBAL_BASELINE_NO_ENTITY_RANKING,,,NOT_APPLICABLE_GLOBAL_BASELINE,HF9g-P5,,,,X 全窗基线 · 不参与实体赏罚,14195596,1420,A168_HF9F_20260827_0900,2026-08-27 09:00:00
2026-05-10,110249610,1078,0,73.5859785262,-6.1879118306,-6.1879118306,0.5000000,6,6,0.50441650000000000,0.504416500000,-0.02163718700157003,-0.02163718700157003,-0.02163718700157003,0E-17,ELIGIBLE,R03b_20260811_FULL_v1,L1_ELIGIBILITY,v2026-08-11,2026-03-21..2026-08-06,baccarat_bet02_101_all_pairs_incl_sentinel,round_win = game_pnl > 0 (decisive only),COMPATIBILITY_ONLY_NOT_PRODUCTION,296357.1217,267511.9505,6650.6079,18220,18206,-0.02244119,-0.04150452,-0.02020951,-0.02244119,-6650.6079,296357.1217,OK,0.0000,266.0243,4.0000,96.0000,AG03-UNRESOLVED,ALL5_LEVELS_bet23_to_bet27,266.0243,266.0243,266.0243,332.5304,332.5304,4.000000,4.000000,4.000000,5.000000,5.000000,96.000000,96.000000,96.000000,95.000000,95.000000,5.0,1463.1337,1340.2688,5187.4742,5310.3391,PENDING_AG03,FALSE,NOT_FOR_ENFORCEMENT,6384.5836,256811.4724,6650.6079,6384.5836,266.0243,0.02244119,0.02154355,266.0243,6384.5836,0.02154355,266.0243,266.0243,266.0243,332.5304,332.5304,6384.5836,0.02154355,1463.1337,1340.2688,5187.4742,5310.3391,0.01750413,0.01791872,0.00089765,16.2655,14.6936,0.3653,59.3804,1.1678,2646.0457,162.5536,12.4780,16.8648,9.0895,16.5695,22.0926,29.825,33.4482,44.5976,11.8163,0.0,2.018664,2.691552,0.981654,30,240,141,4,0.10479828,0.02244119,0.04150452,0E-8,0.000000,0.902668,0.011910,-0.02129501,2026-03-22,2026-08-05,112,5695,2177,137,0.817518,0.739886,0.767145,0.349328,,,,,,,,GLOBAL_BASELINE_NO_ENTITY_RANKING,,,NOT_APPLICABLE_GLOBAL_BASELINE,HF9g-P5,,,,X 全窗基线 · 不参与实体赏罚,14195597,1420,A168_HF9F_20260827_0900,2026-08-27 09:00:00
2026-05-10,110249610,1115,0,1.1149390686,-1.1149390686,-1.1149390686,0E-7,1,1,0.50665070000000000,0.506650700000,-1.013391052207602,-1.013391052207602,-1.013391052207602,0E-17,ELIGIBLE,R03b_20260811_FULL_v1,L1_ELIGIBILITY,v2026-08-11,2026-03-21..2026-08-06,baccarat_bet02_101_all_pairs_incl_sentinel,round_win = game_pnl > 0 (decisive only),COMPATIBILITY_ONLY_NOT_PRODUCTION,296357.1217,267511.9505,6650.6079,18220,18206,-0.02244119,-0.04150452,-0.02020951,-0.02244119,-6650.6079,296357.1217,OK,0.0000,266.0243,4.0000,96.0000,AG03-UNRESOLVED,ALL5_LEVELS_bet23_to_bet27,266.0243,266.0243,266.0243,332.5304,332.5304,4.000000,4.000000,4.000000,5.000000,5.000000,96.000000,96.000000,96.000000,95.000000,95.000000,5.0,1463.1337,1340.2688,5187.4742,5310.3391,PENDING_AG03,FALSE,NOT_FOR_ENFORCEMENT,6384.5836,256811.4724,6650.6079,6384.5836,266.0243,0.02244119,0.02154355,266.0243,6384.5836,0.02154355,266.0243,266.0243,266.0243,332.5304,332.5304,6384.5836,0.02154355,1463.1337,1340.2688,5187.4742,5310.3391,0.01750413,0.01791872,0.00089765,16.2655,14.6936,0.3653,59.3804,1.1678,2646.0457,162.5536,12.4780,16.8648,9.0895,16.5695,22.0926,29.825,33.4482,44.5976,11.8163,0.0,2.018664,2.691552,0.981654,30,240,141,4,0.10479828,0.02244119,0.04150452,0E-8,0.000000,0.902668,0.011910,-0.02129501,2026-03-22,2026-08-05,112,5695,2177,137,0.817518,0.739886,0.767145,0.349328,,,,,,,,GLOBAL_BASELINE_NO_ENTITY_RANKING,,,NOT_APPLICABLE_GLOBAL_BASELINE,HF9g-P5,,,,X 全窗基线 · 不参与实体赏罚,14195598,1420,A168_HF9F_20260827_0900,2026-08-27 09:00:00
2026-05-10,110249610,1151,0,38.7998795866,-27.9292236679,-27.9292236679,0.3333333,3,3,0.50665070000000000,0.506650700000,-0.6004420894325239,-0.6004420894325239,-0.6004420894325239,0E-17,ELIGIBLE,R03b_20260811_FULL_v1,L1_ELIGIBILITY,v2026-08-11,2026-03-21..2026-08-06,baccarat_bet02_101_all_pairs_incl_sentinel,round_win = game_pnl > 0 (decisive only),COMPATIBILITY_ONLY_NOT_PRODUCTION,296357.1217,267511.9505,6650.6079,18220,18206,-0.02244119,-0.04150452,-0.02020951,-0.02244119,-6650.6079,296357.1217,OK,0.0000,266.0243,4.0000,96.0000,AG03-UNRESOLVED,ALL5_LEVELS_bet23_to_bet27,266.0243,266.0243,266.0243,332.5304,332.5304,4.000000,4.000000,4.000000,5.000000,5.000000,96.000000,96.000000,96.000000,95.000000,95.000000,5.0,1463.1337,1340.2688,5187.4742,5310.3391,PENDING_AG03,FALSE,NOT_FOR_ENFORCEMENT,6384.5836,256811.4724,6650.6079,6384.5836,266.0243,0.02244119,0.02154355,266.0243,6384.5836,0.02154355,266.0243,266.0243,266.0243,332.5304,332.5304,6384.5836,0.02154355,1463.1337,1340.2688,5187.4742,5310.3391,0.01750413,0.01791872,0.00089765,16.2655,14.6936,0.3653,59.3804,1.1678,2646.0457,162.5536,12.4780,16.8648,9.0895,16.5695,22.0926,29.825,33.4482,44.5976,11.8163,0.0,2.018664,2.691552,0.981654,30,240,141,4,0.10479828,0.02244119,0.04150452,0E-8,0.000000,0.902668,0.011910,-0.02129501,2026-03-22,2026-08-05,112,5695,2177,137,0.817518,0.739886,0.767145,0.349328,,,,,,,,GLOBAL_BASELINE_NO_ENTITY_RANKING,,,NOT_APPLICABLE_GLOBAL_BASELINE,HF9g-P5,,,,X 全窗基线 · 不参与实体赏罚,14195599,1420,A168_HF9F_20260827_0900,2026-08-27 09:00:00
2026-05-10,110249610,1221,0,7.8045734801,-7.8045734801,-7.8045734801,0E-7,3,3,0.50218230000000000,0.502182300000,-1.7396270863184011,-1.7396270863184016,-1.7396270863184011,0E-17,ELIGIBLE,R03b_20260811_FULL_v1,L1_ELIGIBILITY,v2026-08-11,2026-03-21..2026-08-06,baccarat_bet02_101_all_pairs_incl_sentinel,round_win = game_pnl > 0 (decisive only),COMPATIBILITY_ONLY_NOT_PRODUCTION,296357.1217,267511.9505,6650.6079,18220,18206,-0.02244119,-0.04150452,-0.02020951,-0.02244119,-6650.6079,296357.1217,OK,0.0000,266.0243,4.0000,96.0000,AG03-UNRESOLVED,ALL5_LEVELS_bet23_to_bet27,266.0243,266.0243,266.0243,332.5304,332.5304,4.000000,4.000000,4.000000,5.000000,5.000000,96.000000,96.000000,96.000000,95.000000,95.000000,5.0,1463.1337,1340.2688,5187.4742,5310.3391,PENDING_AG03,FALSE,NOT_FOR_ENFORCEMENT,6384.5836,256811.4724,6650.6079,6384.5836,266.0243,0.02244119,0.02154355,266.0243,6384.5836,0.02154355,266.0243,266.0243,266.0243,332.5304,332.5304,6384.5836,0.02154355,1463.1337,1340.2688,5187.4742,5310.3391,0.01750413,0.01791872,0.00089765,16.2655,14.6936,0.3653,59.3804,1.1678,2646.0457,162.5536,12.4780,16.8648,9.0895,16.5695,22.0926,29.825,33.4482,44.5976,11.8163,0.0,2.018664,2.691552,0.981654,30,240,141,4,0.10479828,0.02244119,0.04150452,0E-8,0.000000,0.902668,0.011910,-0.02129501,2026-03-22,2026-08-05,112,5695,2177,137,0.817518,0.739886,0.767145,0.349328,,,,,,,,GLOBAL_BASELINE_NO_ENTITY_RANKING,,,NOT_APPLICABLE_GLOBAL_BASELINE,HF9g-P5,,,,X 全窗基线 · 不参与实体赏罚,14195600,1420,A168_HF9F_20260827_0900,2026-08-27 09:00:00
2026-05-10,110249610,1325,0,16.7240860287,-16.7240860287,-16.7240860287,0E-7,1,1,0.50665070000000000,0.506650700000,-1.013391052207602,-1.013391052207602,-1.013391052207602,0E-17,ELIGIBLE,R03b_20260811_FULL_v1,L1_ELIGIBILITY,v2026-08-11,2026-03-21..2026-08-06,baccarat_bet02_101_all_pairs_incl_sentinel,round_win = game_pnl > 0 (decisive only),COMPATIBILITY_ONLY_NOT_PRODUCTION,296357.1217,267511.9505,6650.6079,18220,18206,-0.02244119,-0.04150452,-0.02020951,-0.02244119,-6650.6079,296357.1217,OK,0.0000,266.0243,4.0000,96.0000,AG03-UNRESOLVED,ALL5_LEVELS_bet23_to_bet27,266.0243,266.0243,266.0243,332.5304,332.5304,4.000000,4.000000,4.000000,5.000000,5.000000,96.000000,96.000000,96.000000,95.000000,95.000000,5.0,1463.1337,1340.2688,5187.4742,5310.3391,PENDING_AG03,FALSE,NOT_FOR_ENFORCEMENT,6384.5836,256811.4724,6650.6079,6384.5836,266.0243,0.02244119,0.02154355,266.0243,6384.5836,0.02154355,266.0243,266.0243,266.0243,332.5304,332.5304,6384.5836,0.02154355,1463.1337,1340.2688,5187.4742,5310.3391,0.01750413,0.01791872,0.00089765,16.2655,14.6936,0.3653,59.3804,1.1678,2646.0457,162.5536,12.4780,16.8648,9.0895,16.5695,22.0926,29.825,33.4482,44.5976,11.8163,0.0,2.018664,2.691552,0.981654,30,240,141,4,0.10479828,0.02244119,0.04150452,0E-8,0.000000,0.902668,0.011910,-0.02129501,2026-03-22,2026-08-05,112,5695,2177,137,0.817518,0.739886,0.767145,0.349328,,,,,,,,GLOBAL_BASELINE_NO_ENTITY_RANKING,,,NOT_APPLICABLE_GLOBAL_BASELINE,HF9g-P5,,,,X 全窗基线 · 不参与实体赏罚,14195601,1420,A168_HF9F_20260827_0900,2026-08-27 09:00:00
2026-05-10,110249610,1330,0,11.7068602201,-11.7068602201,-11.7068602201,0E-7,1,1,0.49324550000000000,0.493245500000,-0.9865810262130424,-0.9865810262130424,-0.9865810262130424,0E-17,ELIGIBLE,R03b_20260811_FULL_v1,L1_ELIGIBILITY,v2026-08-11,2026-03-21..2026-08-06,baccarat_bet02_101_all_pairs_incl_sentinel,round_win = game_pnl > 0 (decisive only),COMPATIBILITY_ONLY_NOT_PRODUCTION,296357.1217,267511.9505,6650.6079,18220,18206,-0.02244119,-0.04150452,-0.02020951,-0.02244119,-6650.6079,296357.1217,OK,0.0000,266.0243,4.0000,96.0000,AG03-UNRESOLVED,ALL5_LEVELS_bet23_to_bet27,266.0243,266.0243,266.0243,332.5304,332.5304,4.000000,4.000000,4.000000,5.000000,5.000000,96.000000,96.000000,96.000000,95.000000,95.000000,5.0,1463.1337,1340.2688,5187.4742,5310.3391,PENDING_AG03,FALSE,NOT_FOR_ENFORCEMENT,6384.5836,256811.4724,6650.6079,6384.5836,266.0243,0.02244119,0.02154355,266.0243,6384.5836,0.02154355,266.0243,266.0243,266.0243,332.5304,332.5304,6384.5836,0.02154355,1463.1337,1340.2688,5187.4742,5310.3391,0.01750413,0.01791872,0.00089765,16.2655,14.6936,0.3653,59.3804,1.1678,2646.0457,162.5536,12.4780,16.8648,9.0895,16.5695,22.0926,29.825,33.4482,44.5976,11.8163,0.0,2.018664,2.691552,0.981654,30,240,141,4,0.10479828,0.02244119,0.04150452,0E-8,0.000000,0.902668,0.011910,-0.02129501,2026-03-22,2026-08-05,112,5695,2177,137,0.817518,0.739886,0.767145,0.349328,,,,,,,,GLOBAL_BASELINE_NO_ENTITY_RANKING,,,NOT_APPLICABLE_GLOBAL_BASELINE,HF9g-P5,,,,X 全窗基线 · 不参与实体赏罚,14195602,1420,A168_HF9F_20260827_0900,2026-08-27 09:00:00
2026-05-10,110249610,1353,0,35.1205806602,20.4870053853,20.4870053853,0.8571429,8,8,0.50665070000000000,0.506650700000,1.8547942576316225,1.8547942576316225,1.8547942576316225,0E-17,ELIGIBLE,R03b_20260811_FULL_v1,L1_ELIGIBILITY,v2026-08-11,2026-03-21..2026-08-06,baccarat_bet02_101_all_pairs_incl_sentinel,round_win = game_pnl > 0 (decisive only),COMPATIBILITY_ONLY_NOT_PRODUCTION,296357.1217,267511.9505,6650.6079,18220,18206,-0.02244119,-0.04150452,-0.02020951,-0.02244119,-6650.6079,296357.1217,OK,0.0000,266.0243,4.0000,96.0000,AG03-UNRESOLVED,ALL5_LEVELS_bet23_to_bet27,266.0243,266.0243,266.0243,332.5304,332.5304,4.000000,4.000000,4.000000,5.000000,5.000000,96.000000,96.000000,96.000000,95.000000,95.000000,5.0,1463.1337,1340.2688,5187.4742,5310.3391,PENDING_AG03,FALSE,NOT_FOR_ENFORCEMENT,6384.5836,256811.4724,6650.6079,6384.5836,266.0243,0.02244119,0.02154355,266.0243,6384.5836,0.02154355,266.0243,266.0243,266.0243,332.5304,332.5304,6384.5836,0.02154355,1463.1337,1340.2688,5187.4742,5310.3391,0.01750413,0.01791872,0.00089765,16.2655,14.6936,0.3653,59.3804,1.1678,2646.0457,162.5536,12.4780,16.8648,9.0895,16.5695,22.0926,29.825,33.4482,44.5976,11.8163,0.0,2.018664,2.691552,0.981654,30,240,141,4,0.10479828,0.02244119,0.04150452,0E-8,0.000000,0.902668,0.011910,-0.02129501,2026-03-22,2026-08-05,112,5695,2177,137,0.817518,0.739886,0.767145,0.349328,,,,,,,,GLOBAL_BASELINE_NO_ENTITY_RANKING,,,NOT_APPLICABLE_GLOBAL_BASELINE,HF9g-P5,,,,X 全窗基线 · 不参与实体赏罚,14195603,1420,A168_HF9F_20260827_0900,2026-08-27 09:00:00
2026-05-10,110249610,1363,0,117.6260717351,-8.3620430143,-8.3620430143,0.6000000,5,5,0.49324550000000000,0.493245500000,0.47746420675292983,0.47746420675292983,0.47746420675292983,0E-17,ELIGIBLE,R03b_20260811_FULL_v1,L1_ELIGIBILITY,v2026-08-11,2026-03-21..2026-08-06,baccarat_bet02_101_all_pairs_incl_sentinel,round_win = game_pnl > 0 (decisive only),COMPATIBILITY_ONLY_NOT_PRODUCTION,296357.1217,267511.9505,6650.6079,18220,18206,-0.02244119,-0.04150452,-0.02020951,-0.02244119,-6650.6079,296357.1217,OK,0.0000,266.0243,4.0000,96.0000,AG03-UNRESOLVED,ALL5_LEVELS_bet23_to_bet27,266.0243,266.0243,266.0243,332.5304,332.5304,4.000000,4.000000,4.000000,5.000000,5.000000,96.000000,96.000000,96.000000,95.000000,95.000000,5.0,1463.1337,1340.2688,5187.4742,5310.3391,PENDING_AG03,FALSE,NOT_FOR_ENFORCEMENT,6384.5836,256811.4724,6650.6079,6384.5836,266.0243,0.02244119,0.02154355,266.0243,6384.5836,0.02154355,266.0243,266.0243,266.0243,332.5304,332.5304,6384.5836,0.02154355,1463.1337,1340.2688,5187.4742,5310.3391,0.01750413,0.01791872,0.00089765,16.2655,14.6936,0.3653,59.3804,1.1678,2646.0457,162.5536,12.4780,16.8648,9.0895,16.5695,22.0926,29.825,33.4482,44.5976,11.8163,0.0,2.018664,2.691552,0.981654,30,240,141,4,0.10479828,0.02244119,0.04150452,0E-8,0.000000,0.902668,0.011910,-0.02129501,2026-03-22,2026-08-05,112,5695,2177,137,0.817518,0.739886,0.767145,0.349328,,,,,,,,GLOBAL_BASELINE_NO_ENTITY_RANKING,,,NOT_APPLICABLE_GLOBAL_BASELINE,HF9g-P5,,,,X 全窗基线 · 不参与实体赏罚,14195604,1420,A168_HF9F_20260827_0900,2026-08-27 09:00:00
2026-05-10,110249610,1384,0,10.0344516172,-10.0344516172,-10.0344516172,0E-7,1,1,0.49324550000000000,0.493245500000,-0.9865810262130424,-0.9865810262130424,-0.9865810262130424,0E-17,ELIGIBLE,R03b_20260811_FULL_v1,L1_ELIGIBILITY,v2026-08-11,2026-03-21..2026-08-06,baccarat_bet02_101_all_pairs_incl_sentinel,round_win = game_pnl > 0 (decisive only),COMPATIBILITY_ONLY_NOT_PRODUCTION,296357.1217,267511.9505,6650.6079,18220,18206,-0.02244119,-0.04150452,-0.02020951,-0.02244119,-6650.6079,296357.1217,OK,0.0000,266.0243,4.0000,96.0000,AG03-UNRESOLVED,ALL5_LEVELS_bet23_to_bet27,266.0243,266.0243,266.0243,332.5304,332.5304,4.000000,4.000000,4.000000,5.000000,5.000000,96.000000,96.000000,96.000000,95.000000,95.000000,5.0,1463.1337,1340.2688,5187.4742,5310.3391,PENDING_AG03,FALSE,NOT_FOR_ENFORCEMENT,6384.5836,256811.4724,6650.6079,6384.5836,266.0243,0.02244119,0.02154355,266.0243,6384.5836,0.02154355,266.0243,266.0243,266.0243,332.5304,332.5304,6384.5836,0.02154355,1463.1337,1340.2688,5187.4742,5310.3391,0.01750413,0.01791872,0.00089765,16.2655,14.6936,0.3653,59.3804,1.1678,2646.0457,162.5536,12.4780,16.8648,9.0895,16.5695,22.0926,29.825,33.4482,44.5976,11.8163,0.0,2.018664,2.691552,0.981654,30,240,141,4,0.10479828,0.02244119,0.04150452,0E-8,0.000000,0.902668,0.011910,-0.02129501,2026-03-22,2026-08-05,112,5695,2177,137,0.817518,0.739886,0.767145,0.349328,,,,,,,,GLOBAL_BASELINE_NO_ENTITY_RANKING,,,NOT_APPLICABLE_GLOBAL_BASELINE,HF9g-P5,,,,X 全窗基线 · 不参与实体赏罚,14195605,1420,A168_HF9F_20260827_0900,2026-08-27 09:00:00
2026-05-10,110249610,1396,0,66.8963441148,-22.2987813716,-22.2987813716,0.4000000,5,5,0.49324550000000000,0.493245500000,-0.4170446088060018,-0.4170446088060018,-0.4170446088060018,0E-17,ELIGIBLE,R03b_20260811_FULL_v1,L1_ELIGIBILITY,v2026-08-11,2026-03-21..2026-08-06,baccarat_bet02_101_all_pairs_incl_sentinel,round_win = game_pnl > 0 (decisive only),COMPATIBILITY_ONLY_NOT_PRODUCTION,296357.1217,267511.9505,6650.6079,18220,18206,-0.02244119,-0.04150452,-0.02020951,-0.02244119,-6650.6079,296357.1217,OK,0.0000,266.0243,4.0000,96.0000,AG03-UNRESOLVED,ALL5_LEVELS_bet23_to_bet27,266.0243,266.0243,266.0243,332.5304,332.5304,4.000000,4.000000,4.000000,5.000000,5.000000,96.000000,96.000000,96.000000,95.000000,95.000000,5.0,1463.1337,1340.2688,5187.4742,5310.3391,PENDING_AG03,FALSE,NOT_FOR_ENFORCEMENT,6384.5836,256811.4724,6650.6079,6384.5836,266.0243,0.02244119,0.02154355,266.0243,6384.5836,0.02154355,266.0243,266.0243,266.0243,332.5304,332.5304,6384.5836,0.02154355,1463.1337,1340.2688,5187.4742,5310.3391,0.01750413,0.01791872,0.00089765,16.2655,14.6936,0.3653,59.3804,1.1678,2646.0457,162.5536,12.4780,16.8648,9.0895,16.5695,22.0926,29.825,33.4482,44.5976,11.8163,0.0,2.018664,2.691552,0.981654,30,240,141,4,0.10479828,0.02244119,0.04150452,0E-8,0.000000,0.902668,0.011910,-0.02129501,2026-03-22,2026-08-05,112,5695,2177,137,0.817518,0.739886,0.767145,0.349328,,,,,,,,GLOBAL_BASELINE_NO_ENTITY_RANKING,,,NOT_APPLICABLE_GLOBAL_BASELINE,HF9g-P5,,,,X 全窗基线 · 不参与实体赏罚,14195606,1420,A168_HF9F_20260827_0900,2026-08-27 09:00:00
2026-05-10,110249610,1405,0,15.6091469601,-6.9126222252,-6.9126222252,0.3333333,3,3,0.50665070000000000,0.506650700000,-0.6004420894325239,-0.6004420894325239,-0.6004420894325239,0E-17,ELIGIBLE,R03b_20260811_FULL_v1,L1_ELIGIBILITY,v2026-08-11,2026-03-21..2026-08-06,baccarat_bet02_101_all_pairs_incl_sentinel,round_win = game_pnl > 0 (decisive only),COMPATIBILITY_ONLY_NOT_PRODUCTION,296357.1217,267511.9505,6650.6079,18220,18206,-0.02244119,-0.04150452,-0.02020951,-0.02244119,-6650.6079,296357.1217,OK,0.0000,266.0243,4.0000,96.0000,AG03-UNRESOLVED,ALL5_LEVELS_bet23_to_bet27,266.0243,266.0243,266.0243,332.5304,332.5304,4.000000,4.000000,4.000000,5.000000,5.000000,96.000000,96.000000,96.000000,95.000000,95.000000,5.0,1463.1337,1340.2688,5187.4742,5310.3391,PENDING_AG03,FALSE,NOT_FOR_ENFORCEMENT,6384.5836,256811.4724,6650.6079,6384.5836,266.0243,0.02244119,0.02154355,266.0243,6384.5836,0.02154355,266.0243,266.0243,266.0243,332.5304,332.5304,6384.5836,0.02154355,1463.1337,1340.2688,5187.4742,5310.3391,0.01750413,0.01791872,0.00089765,16.2655,14.6936,0.3653,59.3804,1.1678,2646.0457,162.5536,12.4780,16.8648,9.0895,16.5695,22.0926,29.825,33.4482,44.5976,11.8163,0.0,2.018664,2.691552,0.981654,30,240,141,4,0.10479828,0.02244119,0.04150452,0E-8,0.000000,0.902668,0.011910,-0.02129501,2026-03-22,2026-08-05,112,5695,2177,137,0.817518,0.739886,0.767145,0.349328,,,,,,,,GLOBAL_BASELINE_NO_ENTITY_RANKING,,,NOT_APPLICABLE_GLOBAL_BASELINE,HF9g-P5,,,,X 全窗基线 · 不参与实体赏罚,14195607,1420,A168_HF9F_20260827_0900,2026-08-27 09:00:00
2026-05-10,110249610,1490,0,16.7240860287,-16.7240860287,-16.7240860287,0E-7,1,1,0.50665070000000000,0.506650700000,-1.013391052207602,-1.013391052207602,-1.013391052207602,0E-17,ELIGIBLE,R03b_20260811_FULL_v1,L1_ELIGIBILITY,v2026-08-11,2026-03-21..2026-08-06,baccarat_bet02_101_all_pairs_incl_sentinel,round_win = game_pnl > 0 (decisive only),COMPATIBILITY_ONLY_NOT_PRODUCTION,296357.1217,267511.9505,6650.6079,18220,18206,-0.02244119,-0.04150452,-0.02020951,-0.02244119,-6650.6079,296357.1217,OK,0.0000,266.0243,4.0000,96.0000,AG03-UNRESOLVED,ALL5_LEVELS_bet23_to_bet27,266.0243,266.0243,266.0243,332.5304,332.5304,4.000000,4.000000,4.000000,5.000000,5.000000,96.000000,96.000000,96.000000,95.000000,95.000000,5.0,1463.1337,1340.2688,5187.4742,5310.3391,PENDING_AG03,FALSE,NOT_FOR_ENFORCEMENT,6384.5836,256811.4724,6650.6079,6384.5836,266.0243,0.02244119,0.02154355,266.0243,6384.5836,0.02154355,266.0243,266.0243,266.0243,332.5304,332.5304,6384.5836,0.02154355,1463.1337,1340.2688,5187.4742,5310.3391,0.01750413,0.01791872,0.00089765,16.2655,14.6936,0.3653,59.3804,1.1678,2646.0457,162.5536,12.4780,16.8648,9.0895,16.5695,22.0926,29.825,33.4482,44.5976,11.8163,0.0,2.018664,2.691552,0.981654,30,240,141,4,0.10479828,0.02244119,0.04150452,0E-8,0.000000,0.902668,0.011910,-0.02129501,2026-03-22,2026-08-05,112,5695,2177,137,0.817518,0.739886,0.767145,0.349328,,,,,,,,GLOBAL_BASELINE_NO_ENTITY_RANKING,,,NOT_APPLICABLE_GLOBAL_BASELINE,HF9g-P5,,,,X 全窗基线 · 不参与实体赏罚,14195608,1420,A168_HF9F_20260827_0900,2026-08-27 09:00:00
2026-05-10,110249610,1509,0,3.3448172057,-3.3448172057,-3.3448172057,0E-7,1,1,0.50665070000000000,0.506650700000,-1.013391052207602,-1.013391052207602,-1.013391052207602,0E-17,ELIGIBLE,R03b_20260811_FULL_v1,L1_ELIGIBILITY,v2026-08-11,2026-03-21..2026-08-06,baccarat_bet02_101_all_pairs_incl_sentinel,round_win = game_pnl > 0 (decisive only),COMPATIBILITY_ONLY_NOT_PRODUCTION,296357.1217,267511.9505,6650.6079,18220,18206,-0.02244119,-0.04150452,-0.02020951,-0.02244119,-6650.6079,296357.1217,OK,0.0000,266.0243,4.0000,96.0000,AG03-UNRESOLVED,ALL5_LEVELS_bet23_to_bet27,266.0243,266.0243,266.0243,332.5304,332.5304,4.000000,4.000000,4.000000,5.000000,5.000000,96.000000,96.000000,96.000000,95.000000,95.000000,5.0,1463.1337,1340.2688,5187.4742,5310.3391,PENDING_AG03,FALSE,NOT_FOR_ENFORCEMENT,6384.5836,256811.4724,6650.6079,6384.5836,266.0243,0.02244119,0.02154355,266.0243,6384.5836,0.02154355,266.0243,266.0243,266.0243,332.5304,332.5304,6384.5836,0.02154355,1463.1337,1340.2688,5187.4742,5310.3391,0.01750413,0.01791872,0.00089765,16.2655,14.6936,0.3653,59.3804,1.1678,2646.0457,162.5536,12.4780,16.8648,9.0895,16.5695,22.0926,29.825,33.4482,44.5976,11.8163,0.0,2.018664,2.691552,0.981654,30,240,141,4,0.10479828,0.02244119,0.04150452,0E-8,0.000000,0.902668,0.011910,-0.02129501,2026-03-22,2026-08-05,112,5695,2177,137,0.817518,0.739886,0.767145,0.349328,,,,,,,,GLOBAL_BASELINE_NO_ENTITY_RANKING,,,NOT_APPLICABLE_GLOBAL_BASELINE,HF9g-P5,,,,X 全窗基线 · 不参与实体赏罚,14195609,1420,A168_HF9F_20260827_0900,2026-08-27 09:00:00
2026-05-10,110249610,1646,0,16.7240860287,0E-10,0E-10,,1,1,0.50665070000000000,0.506650700000,,,,0E-17,NO_DECISIVE_ROUND,R03b_20260811_FULL_v1,L1_ELIGIBILITY,v2026-08-11,2026-03-21..2026-08-06,baccarat_bet02_101_all_pairs_incl_sentinel,round_win = game_pnl > 0 (decisive only),COMPATIBILITY_ONLY_NOT_PRODUCTION,296357.1217,267511.9505,6650.6079,18220,18206,-0.02244119,-0.04150452,-0.02020951,-0.02244119,-6650.6079,296357.1217,OK,0.0000,266.0243,4.0000,96.0000,AG03-UNRESOLVED,ALL5_LEVELS_bet23_to_bet27,266.0243,266.0243,266.0243,332.5304,332.5304,4.000000,4.000000,4.000000,5.000000,5.000000,96.000000,96.000000,96.000000,95.000000,95.000000,5.0,1463.1337,1340.2688,5187.4742,5310.3391,PENDING_AG03,FALSE,NOT_FOR_ENFORCEMENT,6384.5836,256811.4724,6650.6079,6384.5836,266.0243,0.02244119,0.02154355,266.0243,6384.5836,0.02154355,266.0243,266.0243,266.0243,332.5304,332.5304,6384.5836,0.02154355,1463.1337,1340.2688,5187.4742,5310.3391,0.01750413,0.01791872,0.00089765,16.2655,14.6936,0.3653,59.3804,1.1678,2646.0457,162.5536,12.4780,16.8648,9.0895,16.5695,22.0926,29.825,33.4482,44.5976,11.8163,0.0,2.018664,2.691552,0.981654,30,240,141,4,0.10479828,0.02244119,0.04150452,0E-8,0.000000,0.902668,0.011910,-0.02129501,2026-03-22,2026-08-05,112,5695,2177,137,0.817518,0.739886,0.767145,0.349328,,,,,,,,GLOBAL_BASELINE_NO_ENTITY_RANKING,,,NOT_APPLICABLE_GLOBAL_BASELINE,HF9g-P5,,,,X 全窗基线 · 不参与实体赏罚,14195610,1420,A168_HF9F_20260827_0900,2026-08-27 09:00:00
2026-05-10,110249610,1704,0,115.9536631323,48.7785842505,48.7785842505,0.8000000,6,6,0.50665070000000000,0.506650700000,1.3120140225494112,1.3120140225494112,1.3120140225494112,0E-17,ELIGIBLE,R03b_20260811_FULL_v1,L1_ELIGIBILITY,v2026-08-11,2026-03-21..2026-08-06,baccarat_bet02_101_all_pairs_incl_sentinel,round_win = game_pnl > 0 (decisive only),COMPATIBILITY_ONLY_NOT_PRODUCTION,296357.1217,267511.9505,6650.6079,18220,18206,-0.02244119,-0.04150452,-0.02020951,-0.02244119,-6650.6079,296357.1217,OK,0.0000,266.0243,4.0000,96.0000,AG03-UNRESOLVED,ALL5_LEVELS_bet23_to_bet27,266.0243,266.0243,266.0243,332.5304,332.5304,4.000000,4.000000,4.000000,5.000000,5.000000,96.000000,96.000000,96.000000,95.000000,95.000000,5.0,1463.1337,1340.2688,5187.4742,5310.3391,PENDING_AG03,FALSE,NOT_FOR_ENFORCEMENT,6384.5836,256811.4724,6650.6079,6384.5836,266.0243,0.02244119,0.02154355,266.0243,6384.5836,0.02154355,266.0243,266.0243,266.0243,332.5304,332.5304,6384.5836,0.02154355,1463.1337,1340.2688,5187.4742,5310.3391,0.01750413,0.01791872,0.00089765,16.2655,14.6936,0.3653,59.3804,1.1678,2646.0457,162.5536,12.4780,16.8648,9.0895,16.5695,22.0926,29.825,33.4482,44.5976,11.8163,0.0,2.018664,2.691552,0.981654,30,240,141,4,0.10479828,0.02244119,0.04150452,0E-8,0.000000,0.902668,0.011910,-0.02129501,2026-03-22,2026-08-05,112,5695,2177,137,0.817518,0.739886,0.767145,0.349328,,,,,,,,GLOBAL_BASELINE_NO_ENTITY_RANKING,,,NOT_APPLICABLE_GLOBAL_BASELINE,HF9g-P5,,,,X 全窗基线 · 不参与实体赏罚,14195611,1420,A168_HF9F_20260827_0900,2026-08-27 09:00:00
2026-05-10,110249610,1714,0,39.3573491209,5.6861892497,5.6861892497,0.6666667,3,3,0.49324550000000000,0.493245500000,0.6008033672792107,0.6008033672792106,0.6008033672792107,0E-17,ELIGIBLE,R03b_20260811_FULL_v1,L1_ELIGIBILITY,v2026-08-11,2026-03-21..2026-08-06,baccarat_bet02_101_all_pairs_incl_sentinel,round_win = game_pnl > 0 (decisive only),COMPATIBILITY_ONLY_NOT_PRODUCTION,296357.1217,267511.9505,6650.6079,18220,18206,-0.02244119,-0.04150452,-0.02020951,-0.02244119,-6650.6079,296357.1217,OK,0.0000,266.0243,4.0000,96.0000,AG03-UNRESOLVED,ALL5_LEVELS_bet23_to_bet27,266.0243,266.0243,266.0243,332.5304,332.5304,4.000000,4.000000,4.000000,5.000000,5.000000,96.000000,96.000000,96.000000,95.000000,95.000000,5.0,1463.1337,1340.2688,5187.4742,5310.3391,PENDING_AG03,FALSE,NOT_FOR_ENFORCEMENT,6384.5836,256811.4724,6650.6079,6384.5836,266.0243,0.02244119,0.02154355,266.0243,6384.5836,0.02154355,266.0243,266.0243,266.0243,332.5304,332.5304,6384.5836,0.02154355,1463.1337,1340.2688,5187.4742,5310.3391,0.01750413,0.01791872,0.00089765,16.2655,14.6936,0.3653,59.3804,1.1678,2646.0457,162.5536,12.4780,16.8648,9.0895,16.5695,22.0926,29.825,33.4482,44.5976,11.8163,0.0,2.018664,2.691552,0.981654,30,240,141,4,0.10479828,0.02244119,0.04150452,0E-8,0.000000,0.902668,0.011910,-0.02129501,2026-03-22,2026-08-05,112,5695,2177,137,0.817518,0.739886,0.767145,0.349328,,,,,,,,GLOBAL_BASELINE_NO_ENTITY_RANKING,,,NOT_APPLICABLE_GLOBAL_BASELINE,HF9g-P5,,,,X 全窗基线 · 不参与实体赏罚,14195612,1420,A168_HF9F_20260827_0900,2026-08-27 09:00:00
2026-05-10,110249610,1942,0,11.1493906858,-11.1493906858,-11.1493906858,0E-7,1,1,0.49324550000000000,0.493245500000,-0.9865810262130424,-0.9865810262130424,-0.9865810262130424,0E-17,ELIGIBLE,R03b_20260811_FULL_v1,L1_ELIGIBILITY,v2026-08-11,2026-03-21..2026-08-06,baccarat_bet02_101_all_pairs_incl_sentinel,round_win = game_pnl > 0 (decisive only),COMPATIBILITY_ONLY_NOT_PRODUCTION,296357.1217,267511.9505,6650.6079,18220,18206,-0.02244119,-0.04150452,-0.02020951,-0.02244119,-6650.6079,296357.1217,OK,0.0000,266.0243,4.0000,96.0000,AG03-UNRESOLVED,ALL5_LEVELS_bet23_to_bet27,266.0243,266.0243,266.0243,332.5304,332.5304,4.000000,4.000000,4.000000,5.000000,5.000000,96.000000,96.000000,96.000000,95.000000,95.000000,5.0,1463.1337,1340.2688,5187.4742,5310.3391,PENDING_AG03,FALSE,NOT_FOR_ENFORCEMENT,6384.5836,256811.4724,6650.6079,6384.5836,266.0243,0.02244119,0.02154355,266.0243,6384.5836,0.02154355,266.0243,266.0243,266.0243,332.5304,332.5304,6384.5836,0.02154355,1463.1337,1340.2688,5187.4742,5310.3391,0.01750413,0.01791872,0.00089765,16.2655,14.6936,0.3653,59.3804,1.1678,2646.0457,162.5536,12.4780,16.8648,9.0895,16.5695,22.0926,29.825,33.4482,44.5976,11.8163,0.0,2.018664,2.691552,0.981654,30,240,141,4,0.10479828,0.02244119,0.04150452,0E-8,0.000000,0.902668,0.011910,-0.02129501,2026-03-22,2026-08-05,112,5695,2177,137,0.817518,0.739886,0.767145,0.349328,,,,,,,,GLOBAL_BASELINE_NO_ENTITY_RANKING,,,NOT_APPLICABLE_GLOBAL_BASELINE,HF9g-P5,,,,X 全窗基线 · 不参与实体赏罚,14195613,1420,A168_HF9F_20260827_0900,2026-08-27 09:00:00
2026-05-10,110249610,1966,0,4.4597562743,-4.4597562743,-4.4597562743,0E-7,1,1,0.50665070000000000,0.506650700000,-1.013391052207602,-1.013391052207602,-1.013391052207602,0E-17,ELIGIBLE,R03b_20260811_FULL_v1,L1_ELIGIBILITY,v2026-08-11,2026-03-21..2026-08-06,baccarat_bet02_101_all_pairs_incl_sentinel,round_win = game_pnl > 0 (decisive only),COMPATIBILITY_ONLY_NOT_PRODUCTION,296357.1217,267511.9505,6650.6079,18220,18206,-0.02244119,-0.04150452,-0.02020951,-0.02244119,-6650.6079,296357.1217,OK,0.0000,266.0243,4.0000,96.0000,AG03-UNRESOLVED,ALL5_LEVELS_bet23_to_bet27,266.0243,266.0243,266.0243,332.5304,332.5304,4.000000,4.000000,4.000000,5.000000,5.000000,96.000000,96.000000,96.000000,95.000000,95.000000,5.0,1463.1337,1340.2688,5187.4742,5310.3391,PENDING_AG03,FALSE,NOT_FOR_ENFORCEMENT,6384.5836,256811.4724,6650.6079,6384.5836,266.0243,0.02244119,0.02154355,266.0243,6384.5836,0.02154355,266.0243,266.0243,266.0243,332.5304,332.5304,6384.5836,0.02154355,1463.1337,1340.2688,5187.4742,5310.3391,0.01750413,0.01791872,0.00089765,16.2655,14.6936,0.3653,59.3804,1.1678,2646.0457,162.5536,12.4780,16.8648,9.0895,16.5695,22.0926,29.825,33.4482,44.5976,11.8163,0.0,2.018664,2.691552,0.981654,30,240,141,4,0.10479828,0.02244119,0.04150452,0E-8,0.000000,0.902668,0.011910,-0.02129501,2026-03-22,2026-08-05,112,5695,2177,137,0.817518,0.739886,0.767145,0.349328,,,,,,,,GLOBAL_BASELINE_NO_ENTITY_RANKING,,,NOT_APPLICABLE_GLOBAL_BASELINE,HF9g-P5,,,,X 全窗基线 · 不参与实体赏罚,14195614,1420,A168_HF9F_20260827_0900,2026-08-27 09:00:00
2026-05-10,110249610,2089,0,16.8355799356,-13.0447871024,-13.0447871024,0.2500000,4,4,0.49659680000000000,0.496596800000,-0.9864100490137353,-0.9864100490137354,-0.9864100490137353,0E-17,ELIGIBLE,R03b_20260811_FULL_v1,L1_ELIGIBILITY,v2026-08-11,2026-03-21..2026-08-06,baccarat_bet02_101_all_pairs_incl_sentinel,round_win = game_pnl > 0 (decisive only),COMPATIBILITY_ONLY_NOT_PRODUCTION,296357.1217,267511.9505,6650.6079,18220,18206,-0.02244119,-0.04150452,-0.02020951,-0.02244119,-6650.6079,296357.1217,OK,0.0000,266.0243,4.0000,96.0000,AG03-UNRESOLVED,ALL5_LEVELS_bet23_to_bet27,266.0243,266.0243,266.0243,332.5304,332.5304,4.000000,4.000000,4.000000,5.000000,5.000000,96.000000,96.000000,96.000000,95.000000,95.000000,5.0,1463.1337,1340.2688,5187.4742,5310.3391,PENDING_AG03,FALSE,NOT_FOR_ENFORCEMENT,6384.5836,256811.4724,6650.6079,6384.5836,266.0243,0.02244119,0.02154355,266.0243,6384.5836,0.02154355,266.0243,266.0243,266.0243,332.5304,332.5304,6384.5836,0.02154355,1463.1337,1340.2688,5187.4742,5310.3391,0.01750413,0.01791872,0.00089765,16.2655,14.6936,0.3653,59.3804,1.1678,2646.0457,162.5536,12.4780,16.8648,9.0895,16.5695,22.0926,29.825,33.4482,44.5976,11.8163,0.0,2.018664,2.691552,0.981654,30,240,141,4,0.10479828,0.02244119,0.04150452,0E-8,0.000000,0.902668,0.011910,-0.02129501,2026-03-22,2026-08-05,112,5695,2177,137,0.817518,0.739886,0.767145,0.349328,,,,,,,,GLOBAL_BASELINE_NO_ENTITY_RANKING,,,NOT_APPLICABLE_GLOBAL_BASELINE,HF9g-P5,,,,X 全窗基线 · 不参与实体赏罚,14195615,1420,A168_HF9F_20260827_0900,2026-08-27 09:00:00
2026-05-10,110249610,2101,0,24.5286595087,-7.1356100389,-7.1356100389,0.3333333,3,3,0.50665070000000000,0.506650700000,-0.6004420894325239,-0.6004420894325239,-0.6004420894325239,0E-17,ELIGIBLE,R03b_20260811_FULL_v1,L1_ELIGIBILITY,v2026-08-11,2026-03-21..2026-08-06,baccarat_bet02_101_all_pairs_incl_sentinel,round_win = game_pnl > 0 (decisive only),COMPATIBILITY_ONLY_NOT_PRODUCTION,296357.1217,267511.9505,6650.6079,18220,18206,-0.02244119,-0.04150452,-0.02020951,-0.02244119,-6650.6079,296357.1217,OK,0.0000,266.0243,4.0000,96.0000,AG03-UNRESOLVED,ALL5_LEVELS_bet23_to_bet27,266.0243,266.0243,266.0243,332.5304,332.5304,4.000000,4.000000,4.000000,5.000000,5.000000,96.000000,96.000000,96.000000,95.000000,95.000000,5.0,1463.1337,1340.2688,5187.4742,5310.3391,PENDING_AG03,FALSE,NOT_FOR_ENFORCEMENT,6384.5836,256811.4724,6650.6079,6384.5836,266.0243,0.02244119,0.02154355,266.0243,6384.5836,0.02154355,266.0243,266.0243,266.0243,332.5304,332.5304,6384.5836,0.02154355,1463.1337,1340.2688,5187.4742,5310.3391,0.01750413,0.01791872,0.00089765,16.2655,14.6936,0.3653,59.3804,1.1678,2646.0457,162.5536,12.4780,16.8648,9.0895,16.5695,22.0926,29.825,33.4482,44.5976,11.8163,0.0,2.018664,2.691552,0.981654,30,240,141,4,0.10479828,0.02244119,0.04150452,0E-8,0.000000,0.902668,0.011910,-0.02129501,2026-03-22,2026-08-05,112,5695,2177,137,0.817518,0.739886,0.767145,0.349328,,,,,,,,GLOBAL_BASELINE_NO_ENTITY_RANKING,,,NOT_APPLICABLE_GLOBAL_BASELINE,HF9g-P5,,,,X 全窗基线 · 不参与实体赏罚,14195616,1420,A168_HF9F_20260827_0900,2026-08-27 09:00:00
2026-05-10,110249610,2103,0,35.1205806603,-17.8390250973,-17.8390250973,0E-7,3,3,0.49771390000000000,0.497713900000,-1.4077622098436522,-1.4077622098436524,-1.4077622098436522,0E-17,ELIGIBLE,R03b_20260811_FULL_v1,L1_ELIGIBILITY,v2026-08-11,2026-03-21..2026-08-06,baccarat_bet02_101_all_pairs_incl_sentinel,round_win = game_pnl > 0 (decisive only),COMPATIBILITY_ONLY_NOT_PRODUCTION,296357.1217,267511.9505,6650.6079,18220,18206,-0.02244119,-0.04150452,-0.02020951,-0.02244119,-6650.6079,296357.1217,OK,0.0000,266.0243,4.0000,96.0000,AG03-UNRESOLVED,ALL5_LEVELS_bet23_to_bet27,266.0243,266.0243,266.0243,332.5304,332.5304,4.000000,4.000000,4.000000,5.000000,5.000000,96.000000,96.000000,96.000000,95.000000,95.000000,5.0,1463.1337,1340.2688,5187.4742,5310.3391,PENDING_AG03,FALSE,NOT_FOR_ENFORCEMENT,6384.5836,256811.4724,6650.6079,6384.5836,266.0243,0.02244119,0.02154355,266.0243,6384.5836,0.02154355,266.0243,266.0243,266.0243,332.5304,332.5304,6384.5836,0.02154355,1463.1337,1340.2688,5187.4742,5310.3391,0.01750413,0.01791872,0.00089765,16.2655,14.6936,0.3653,59.3804,1.1678,2646.0457,162.5536,12.4780,16.8648,9.0895,16.5695,22.0926,29.825,33.4482,44.5976,11.8163,0.0,2.018664,2.691552,0.981654,30,240,141,4,0.10479828,0.02244119,0.04150452,0E-8,0.000000,0.902668,0.011910,-0.02129501,2026-03-22,2026-08-05,112,5695,2177,137,0.817518,0.739886,0.767145,0.349328,,,,,,,,GLOBAL_BASELINE_NO_ENTITY_RANKING,,,NOT_APPLICABLE_GLOBAL_BASELINE,HF9g-P5,,,,X 全窗基线 · 不参与实体赏罚,14195617,1420,A168_HF9F_20260827_0900,2026-08-27 09:00:00
2026-05-10,110249610,2106,0,6.6896344116,-2.3413720441,-2.3413720441,0.3333333,3,3,0.50665070000000000,0.506650700000,-0.6004420894325239,-0.6004420894325239,-0.6004420894325239,0E-17,ELIGIBLE,R03b_20260811_FULL_v1,L1_ELIGIBILITY,v2026-08-11,2026-03-21..2026-08-06,baccarat_bet02_101_all_pairs_incl_sentinel,round_win = game_pnl > 0 (decisive only),COMPATIBILITY_ONLY_NOT_PRODUCTION,296357.1217,267511.9505,6650.6079,18220,18206,-0.02244119,-0.04150452,-0.02020951,-0.02244119,-6650.6079,296357.1217,OK,0.0000,266.0243,4.0000,96.0000,AG03-UNRESOLVED,ALL5_LEVELS_bet23_to_bet27,266.0243,266.0243,266.0243,332.5304,332.5304,4.000000,4.000000,4.000000,5.000000,5.000000,96.000000,96.000000,96.000000,95.000000,95.000000,5.0,1463.1337,1340.2688,5187.4742,5310.3391,PENDING_AG03,FALSE,NOT_FOR_ENFORCEMENT,6384.5836,256811.4724,6650.6079,6384.5836,266.0243,0.02244119,0.02154355,266.0243,6384.5836,0.02154355,266.0243,266.0243,266.0243,332.5304,332.5304,6384.5836,0.02154355,1463.1337,1340.2688,5187.4742,5310.3391,0.01750413,0.01791872,0.00089765,16.2655,14.6936,0.3653,59.3804,1.1678,2646.0457,162.5536,12.4780,16.8648,9.0895,16.5695,22.0926,29.825,33.4482,44.5976,11.8163,0.0,2.018664,2.691552,0.981654,30,240,141,4,0.10479828,0.02244119,0.04150452,0E-8,0.000000,0.902668,0.011910,-0.02129501,2026-03-22,2026-08-05,112,5695,2177,137,0.817518,0.739886,0.767145,0.349328,,,,,,,,GLOBAL_BASELINE_NO_ENTITY_RANKING,,,NOT_APPLICABLE_GLOBAL_BASELINE,HF9g-P5,,,,X 全窗基线 · 不参与实体赏罚,14195618,1420,A168_HF9F_20260827_0900,2026-08-27 09:00:00
2026-05-10,110249610,2127,0,5.0172258086,-5.0172258086,-5.0172258086,0E-7,2,2,0.49324550000000000,0.493245500000,-1.3952362676504506,-1.3952362676504506,-1.3952362676504506,0E-17,ELIGIBLE,R03b_20260811_FULL_v1,L1_ELIGIBILITY,v2026-08-11,2026-03-21..2026-08-06,baccarat_bet02_101_all_pairs_incl_sentinel,round_win = game_pnl > 0 (decisive only),COMPATIBILITY_ONLY_NOT_PRODUCTION,296357.1217,267511.9505,6650.6079,18220,18206,-0.02244119,-0.04150452,-0.02020951,-0.02244119,-6650.6079,296357.1217,OK,0.0000,266.0243,4.0000,96.0000,AG03-UNRESOLVED,ALL5_LEVELS_bet23_to_bet27,266.0243,266.0243,266.0243,332.5304,332.5304,4.000000,4.000000,4.000000,5.000000,5.000000,96.000000,96.000000,96.000000,95.000000,95.000000,5.0,1463.1337,1340.2688,5187.4742,5310.3391,PENDING_AG03,FALSE,NOT_FOR_ENFORCEMENT,6384.5836,256811.4724,6650.6079,6384.5836,266.0243,0.02244119,0.02154355,266.0243,6384.5836,0.02154355,266.0243,266.0243,266.0243,332.5304,332.5304,6384.5836,0.02154355,1463.1337,1340.2688,5187.4742,5310.3391,0.01750413,0.01791872,0.00089765,16.2655,14.6936,0.3653,59.3804,1.1678,2646.0457,162.5536,12.4780,16.8648,9.0895,16.5695,22.0926,29.825,33.4482,44.5976,11.8163,0.0,2.018664,2.691552,0.981654,30,240,141,4,0.10479828,0.02244119,0.04150452,0E-8,0.000000,0.902668,0.011910,-0.02129501,2026-03-22,2026-08-05,112,5695,2177,137,0.817518,0.739886,0.767145,0.349328,,,,,,,,GLOBAL_BASELINE_NO_ENTITY_RANKING,,,NOT_APPLICABLE_GLOBAL_BASELINE,HF9g-P5,,,,X 全窗基线 · 不参与实体赏罚,14195619,1420,A168_HF9F_20260827_0900,2026-08-27 09:00:00
2026-05-10,110249610,2142,0,39.0228674003,22.2987813716,22.2987813716,1.0000000,3,3,0.49324550000000000,0.493245500000,1.4334489766152358,1.4334489766152358,1.4334489766152358,0E-17,ELIGIBLE,R03b_20260811_FULL_v1,L1_ELIGIBILITY,v2026-08-11,2026-03-21..2026-08-06,baccarat_bet02_101_all_pairs_incl_sentinel,round_win = game_pnl > 0 (decisive only),COMPATIBILITY_ONLY_NOT_PRODUCTION,296357.1217,267511.9505,6650.6079,18220,18206,-0.02244119,-0.04150452,-0.02020951,-0.02244119,-6650.6079,296357.1217,OK,0.0000,266.0243,4.0000,96.0000,AG03-UNRESOLVED,ALL5_LEVELS_bet23_to_bet27,266.0243,266.0243,266.0243,332.5304,332.5304,4.000000,4.000000,4.000000,5.000000,5.000000,96.000000,96.000000,96.000000,95.000000,95.000000,5.0,1463.1337,1340.2688,5187.4742,5310.3391,PENDING_AG03,FALSE,NOT_FOR_ENFORCEMENT,6384.5836,256811.4724,6650.6079,6384.5836,266.0243,0.02244119,0.02154355,266.0243,6384.5836,0.02154355,266.0243,266.0243,266.0243,332.5304,332.5304,6384.5836,0.02154355,1463.1337,1340.2688,5187.4742,5310.3391,0.01750413,0.01791872,0.00089765,16.2655,14.6936,0.3653,59.3804,1.1678,2646.0457,162.5536,12.4780,16.8648,9.0895,16.5695,22.0926,29.825,33.4482,44.5976,11.8163,0.0,2.018664,2.691552,0.981654,30,240,141,4,0.10479828,0.02244119,0.04150452,0E-8,0.000000,0.902668,0.011910,-0.02129501,2026-03-22,2026-08-05,112,5695,2177,137,0.817518,0.739886,0.767145,0.349328,,,,,,,,GLOBAL_BASELINE_NO_ENTITY_RANKING,,,NOT_APPLICABLE_GLOBAL_BASELINE,HF9g-P5,,,,X 全窗基线 · 不参与实体赏罚,14195620,1420,A168_HF9F_20260827_0900,2026-08-27 09:00:00
2026-05-10,110249610,2147,0,166.9063785664,21.7970587908,21.7970587908,0.5555556,9,9,0.49622443333333333,0.496224433333,0.35599688288054965,0.35599688288255155,0.35599688288054965,3.3333E-13,ELIGIBLE,R03b_20260811_FULL_v1,L1_ELIGIBILITY,v2026-08-11,2026-03-21..2026-08-06,baccarat_bet02_101_all_pairs_incl_sentinel,round_win = game_pnl > 0 (decisive only),COMPATIBILITY_ONLY_NOT_PRODUCTION,296357.1217,267511.9505,6650.6079,18220,18206,-0.02244119,-0.04150452,-0.02020951,-0.02244119,-6650.6079,296357.1217,OK,0.0000,266.0243,4.0000,96.0000,AG03-UNRESOLVED,ALL5_LEVELS_bet23_to_bet27,266.0243,266.0243,266.0243,332.5304,332.5304,4.000000,4.000000,4.000000,5.000000,5.000000,96.000000,96.000000,96.000000,95.000000,95.000000,5.0,1463.1337,1340.2688,5187.4742,5310.3391,PENDING_AG03,FALSE,NOT_FOR_ENFORCEMENT,6384.5836,256811.4724,6650.6079,6384.5836,266.0243,0.02244119,0.02154355,266.0243,6384.5836,0.02154355,266.0243,266.0243,266.0243,332.5304,332.5304,6384.5836,0.02154355,1463.1337,1340.2688,5187.4742,5310.3391,0.01750413,0.01791872,0.00089765,16.2655,14.6936,0.3653,59.3804,1.1678,2646.0457,162.5536,12.4780,16.8648,9.0895,16.5695,22.0926,29.825,33.4482,44.5976,11.8163,0.0,2.018664,2.691552,0.981654,30,240,141,4,0.10479828,0.02244119,0.04150452,0E-8,0.000000,0.902668,0.011910,-0.02129501,2026-03-22,2026-08-05,112,5695,2177,137,0.817518,0.739886,0.767145,0.349328,,,,,,,,GLOBAL_BASELINE_NO_ENTITY_RANKING,,,NOT_APPLICABLE_GLOBAL_BASELINE,HF9g-P5,,,,X 全窗基线 · 不参与实体赏罚,14195621,1420,A168_HF9F_20260827_0900,2026-08-27 09:00:00
2026-05-10,110249610,2152,0,235.8096130046,14.5499548451,14.5499548451,0.6000000,12,12,0.50218230000000000,0.502182300000,0.6186593476339132,0.6186593476339132,0.6186593476339132,0E-17,ELIGIBLE,R03b_20260811_FULL_v1,L1_ELIGIBILITY,v2026-08-11,2026-03-21..2026-08-06,baccarat_bet02_101_all_pairs_incl_sentinel,round_win = game_pnl > 0 (decisive only),COMPATIBILITY_ONLY_NOT_PRODUCTION,296357.1217,267511.9505,6650.6079,18220,18206,-0.02244119,-0.04150452,-0.02020951,-0.02244119,-6650.6079,296357.1217,OK,0.0000,266.0243,4.0000,96.0000,AG03-UNRESOLVED,ALL5_LEVELS_bet23_to_bet27,266.0243,266.0243,266.0243,332.5304,332.5304,4.000000,4.000000,4.000000,5.000000,5.000000,96.000000,96.000000,96.000000,95.000000,95.000000,5.0,1463.1337,1340.2688,5187.4742,5310.3391,PENDING_AG03,FALSE,NOT_FOR_ENFORCEMENT,6384.5836,256811.4724,6650.6079,6384.5836,266.0243,0.02244119,0.02154355,266.0243,6384.5836,0.02154355,266.0243,266.0243,266.0243,332.5304,332.5304,6384.5836,0.02154355,1463.1337,1340.2688,5187.4742,5310.3391,0.01750413,0.01791872,0.00089765,16.2655,14.6936,0.3653,59.3804,1.1678,2646.0457,162.5536,12.4780,16.8648,9.0895,16.5695,22.0926,29.825,33.4482,44.5976,11.8163,0.0,2.018664,2.691552,0.981654,30,240,141,4,0.10479828,0.02244119,0.04150452,0E-8,0.000000,0.902668,0.011910,-0.02129501,2026-03-22,2026-08-05,112,5695,2177,137,0.817518,0.739886,0.767145,0.349328,,,,,,,,GLOBAL_BASELINE_NO_ENTITY_RANKING,,,NOT_APPLICABLE_GLOBAL_BASELINE,HF9g-P5,,,,X 全窗基线 · 不参与实体赏罚,14195622,1420,A168_HF9F_20260827_0900,2026-08-27 09:00:00
2026-05-10,110249610,2155,0,16.7240860287,0E-10,0E-10,,1,1,0.49324550000000000,0.493245500000,,,,0E-17,NO_DECISIVE_ROUND,R03b_20260811_FULL_v1,L1_ELIGIBILITY,v2026-08-11,2026-03-21..2026-08-06,baccarat_bet02_101_all_pairs_incl_sentinel,round_win = game_pnl > 0 (decisive only),COMPATIBILITY_ONLY_NOT_PRODUCTION,296357.1217,267511.9505,6650.6079,18220,18206,-0.02244119,-0.04150452,-0.02020951,-0.02244119,-6650.6079,296357.1217,OK,0.0000,266.0243,4.0000,96.0000,AG03-UNRESOLVED,ALL5_LEVELS_bet23_to_bet27,266.0243,266.0243,266.0243,332.5304,332.5304,4.000000,4.000000,4.000000,5.000000,5.000000,96.000000,96.000000,96.000000,95.000000,95.000000,5.0,1463.1337,1340.2688,5187.4742,5310.3391,PENDING_AG03,FALSE,NOT_FOR_ENFORCEMENT,6384.5836,256811.4724,6650.6079,6384.5836,266.0243,0.02244119,0.02154355,266.0243,6384.5836,0.02154355,266.0243,266.0243,266.0243,332.5304,332.5304,6384.5836,0.02154355,1463.1337,1340.2688,5187.4742,5310.3391,0.01750413,0.01791872,0.00089765,16.2655,14.6936,0.3653,59.3804,1.1678,2646.0457,162.5536,12.4780,16.8648,9.0895,16.5695,22.0926,29.825,33.4482,44.5976,11.8163,0.0,2.018664,2.691552,0.981654,30,240,141,4,0.10479828,0.02244119,0.04150452,0E-8,0.000000,0.902668,0.011910,-0.02129501,2026-03-22,2026-08-05,112,5695,2177,137,0.817518,0.739886,0.767145,0.349328,,,,,,,,GLOBAL_BASELINE_NO_ENTITY_RANKING,,,NOT_APPLICABLE_GLOBAL_BASELINE,HF9g-P5,,,,X 全窗基线 · 不参与实体赏罚,14195623,1420,A168_HF9F_20260827_0900,2026-08-27 09:00:00
2026-05-10,110249610,2160,0,11.5953663132,-11.5953663132,-11.5953663132,0E-7,1,1,0.49324550000000000,0.493245500000,-0.9865810262130424,-0.9865810262130424,-0.9865810262130424,0E-17,ELIGIBLE,R03b_20260811_FULL_v1,L1_ELIGIBILITY,v2026-08-11,2026-03-21..2026-08-06,baccarat_bet02_101_all_pairs_incl_sentinel,round_win = game_pnl > 0 (decisive only),COMPATIBILITY_ONLY_NOT_PRODUCTION,296357.1217,267511.9505,6650.6079,18220,18206,-0.02244119,-0.04150452,-0.02020951,-0.02244119,-6650.6079,296357.1217,OK,0.0000,266.0243,4.0000,96.0000,AG03-UNRESOLVED,ALL5_LEVELS_bet23_to_bet27,266.0243,266.0243,266.0243,332.5304,332.5304,4.000000,4.000000,4.000000,5.000000,5.000000,96.000000,96.000000,96.000000,95.000000,95.000000,5.0,1463.1337,1340.2688,5187.4742,5310.3391,PENDING_AG03,FALSE,NOT_FOR_ENFORCEMENT,6384.5836,256811.4724,6650.6079,6384.5836,266.0243,0.02244119,0.02154355,266.0243,6384.5836,0.02154355,266.0243,266.0243,266.0243,332.5304,332.5304,6384.5836,0.02154355,1463.1337,1340.2688,5187.4742,5310.3391,0.01750413,0.01791872,0.00089765,16.2655,14.6936,0.3653,59.3804,1.1678,2646.0457,162.5536,12.4780,16.8648,9.0895,16.5695,22.0926,29.825,33.4482,44.5976,11.8163,0.0,2.018664,2.691552,0.981654,30,240,141,4,0.10479828,0.02244119,0.04150452,0E-8,0.000000,0.902668,0.011910,-0.02129501,2026-03-22,2026-08-05,112,5695,2177,137,0.817518,0.739886,0.767145,0.349328,,,,,,,,GLOBAL_BASELINE_NO_ENTITY_RANKING,,,NOT_APPLICABLE_GLOBAL_BASELINE,HF9g-P5,,,,X 全窗基线 · 不参与实体赏罚,14195624,1420,A168_HF9F_20260827_0900,2026-08-27 09:00:00
2026-05-10,110249610,2188,0,85.8503082806,3.2890702523,3.2890702523,0.6666667,6,6,0.50665070000000000,0.506650700000,0.7839842952205449,0.7839842952205449,0.7839842952205449,0E-17,ELIGIBLE,R03b_20260811_FULL_v1,L1_ELIGIBILITY,v2026-08-11,2026-03-21..2026-08-06,baccarat_bet02_101_all_pairs_incl_sentinel,round_win = game_pnl > 0 (decisive only),COMPATIBILITY_ONLY_NOT_PRODUCTION,296357.1217,267511.9505,6650.6079,18220,18206,-0.02244119,-0.04150452,-0.02020951,-0.02244119,-6650.6079,296357.1217,OK,0.0000,266.0243,4.0000,96.0000,AG03-UNRESOLVED,ALL5_LEVELS_bet23_to_bet27,266.0243,266.0243,266.0243,332.5304,332.5304,4.000000,4.000000,4.000000,5.000000,5.000000,96.000000,96.000000,96.000000,95.000000,95.000000,5.0,1463.1337,1340.2688,5187.4742,5310.3391,PENDING_AG03,FALSE,NOT_FOR_ENFORCEMENT,6384.5836,256811.4724,6650.6079,6384.5836,266.0243,0.02244119,0.02154355,266.0243,6384.5836,0.02154355,266.0243,266.0243,266.0243,332.5304,332.5304,6384.5836,0.02154355,1463.1337,1340.2688,5187.4742,5310.3391,0.01750413,0.01791872,0.00089765,16.2655,14.6936,0.3653,59.3804,1.1678,2646.0457,162.5536,12.4780,16.8648,9.0895,16.5695,22.0926,29.825,33.4482,44.5976,11.8163,0.0,2.018664,2.691552,0.981654,30,240,141,4,0.10479828,0.02244119,0.04150452,0E-8,0.000000,0.902668,0.011910,-0.02129501,2026-03-22,2026-08-05,112,5695,2177,137,0.817518,0.739886,0.767145,0.349328,,,,,,,,GLOBAL_BASELINE_NO_ENTITY_RANKING,,,NOT_APPLICABLE_GLOBAL_BASELINE,HF9g-P5,,,,X 全窗基线 · 不参与实体赏罚,14195625,1420,A168_HF9F_20260827_0900,2026-08-27 09:00:00
2026-05-10,110249610,2209,0,166.1259212184,26.7585376459,26.7585376459,0.5714286,8,8,0.49324550000000000,0.493245500000,0.4137436818725812,0.41374368187258126,0.4137436818725812,0E-17,ELIGIBLE,R03b_20260811_FULL_v1,L1_ELIGIBILITY,v2026-08-11,2026-03-21..2026-08-06,baccarat_bet02_101_all_pairs_incl_sentinel,round_win = game_pnl > 0 (decisive only),COMPATIBILITY_ONLY_NOT_PRODUCTION,296357.1217,267511.9505,6650.6079,18220,18206,-0.02244119,-0.04150452,-0.02020951,-0.02244119,-6650.6079,296357.1217,OK,0.0000,266.0243,4.0000,96.0000,AG03-UNRESOLVED,ALL5_LEVELS_bet23_to_bet27,266.0243,266.0243,266.0243,332.5304,332.5304,4.000000,4.000000,4.000000,5.000000,5.000000,96.000000,96.000000,96.000000,95.000000,95.000000,5.0,1463.1337,1340.2688,5187.4742,5310.3391,PENDING_AG03,FALSE,NOT_FOR_ENFORCEMENT,6384.5836,256811.4724,6650.6079,6384.5836,266.0243,0.02244119,0.02154355,266.0243,6384.5836,0.02154355,266.0243,266.0243,266.0243,332.5304,332.5304,6384.5836,0.02154355,1463.1337,1340.2688,5187.4742,5310.3391,0.01750413,0.01791872,0.00089765,16.2655,14.6936,0.3653,59.3804,1.1678,2646.0457,162.5536,12.4780,16.8648,9.0895,16.5695,22.0926,29.825,33.4482,44.5976,11.8163,0.0,2.018664,2.691552,0.981654,30,240,141,4,0.10479828,0.02244119,0.04150452,0E-8,0.000000,0.902668,0.011910,-0.02129501,2026-03-22,2026-08-05,112,5695,2177,137,0.817518,0.739886,0.767145,0.349328,,,,,,,,GLOBAL_BASELINE_NO_ENTITY_RANKING,,,NOT_APPLICABLE_GLOBAL_BASELINE,HF9g-P5,,,,X 全窗基线 · 不参与实体赏罚,14195626,1420,A168_HF9F_20260827_0900,2026-08-27 09:00:00
2026-05-10,110249610,2212,0,16.7240860287,-16.7240860287,-16.7240860287,0E-7,1,1,0.50665070000000000,0.506650700000,-1.013391052207602,-1.013391052207602,-1.013391052207602,0E-17,ELIGIBLE,R03b_20260811_FULL_v1,L1_ELIGIBILITY,v2026-08-11,2026-03-21..2026-08-06,baccarat_bet02_101_all_pairs_incl_sentinel,round_win = game_pnl > 0 (decisive only),COMPATIBILITY_ONLY_NOT_PRODUCTION,296357.1217,267511.9505,6650.6079,18220,18206,-0.02244119,-0.04150452,-0.02020951,-0.02244119,-6650.6079,296357.1217,OK,0.0000,266.0243,4.0000,96.0000,AG03-UNRESOLVED,ALL5_LEVELS_bet23_to_bet27,266.0243,266.0243,266.0243,332.5304,332.5304,4.000000,4.000000,4.000000,5.000000,5.000000,96.000000,96.000000,96.000000,95.000000,95.000000,5.0,1463.1337,1340.2688,5187.4742,5310.3391,PENDING_AG03,FALSE,NOT_FOR_ENFORCEMENT,6384.5836,256811.4724,6650.6079,6384.5836,266.0243,0.02244119,0.02154355,266.0243,6384.5836,0.02154355,266.0243,266.0243,266.0243,332.5304,332.5304,6384.5836,0.02154355,1463.1337,1340.2688,5187.4742,5310.3391,0.01750413,0.01791872,0.00089765,16.2655,14.6936,0.3653,59.3804,1.1678,2646.0457,162.5536,12.4780,16.8648,9.0895,16.5695,22.0926,29.825,33.4482,44.5976,11.8163,0.0,2.018664,2.691552,0.981654,30,240,141,4,0.10479828,0.02244119,0.04150452,0E-8,0.000000,0.902668,0.011910,-0.02129501,2026-03-22,2026-08-05,112,5695,2177,137,0.817518,0.739886,0.767145,0.349328,,,,,,,,GLOBAL_BASELINE_NO_ENTITY_RANKING,,,NOT_APPLICABLE_GLOBAL_BASELINE,HF9g-P5,,,,X 全窗基线 · 不参与实体赏罚,14195627,1420,A168_HF9F_20260827_0900,2026-08-27 09:00:00
2026-05-10,110249610,2222,0,27.8734767145,-5.5746953429,-5.5746953429,0.5000000,2,2,0.49324550000000000,0.493245500000,0.01910635448239258,0.01910635448239258,0.01910635448239258,0E-17,ELIGIBLE,R03b_20260811_FULL_v1,L1_ELIGIBILITY,v2026-08-11,2026-03-21..2026-08-06,baccarat_bet02_101_all_pairs_incl_sentinel,round_win = game_pnl > 0 (decisive only),COMPATIBILITY_ONLY_NOT_PRODUCTION,296357.1217,267511.9505,6650.6079,18220,18206,-0.02244119,-0.04150452,-0.02020951,-0.02244119,-6650.6079,296357.1217,OK,0.0000,266.0243,4.0000,96.0000,AG03-UNRESOLVED,ALL5_LEVELS_bet23_to_bet27,266.0243,266.0243,266.0243,332.5304,332.5304,4.000000,4.000000,4.000000,5.000000,5.000000,96.000000,96.000000,96.000000,95.000000,95.000000,5.0,1463.1337,1340.2688,5187.4742,5310.3391,PENDING_AG03,FALSE,NOT_FOR_ENFORCEMENT,6384.5836,256811.4724,6650.6079,6384.5836,266.0243,0.02244119,0.02154355,266.0243,6384.5836,0.02154355,266.0243,266.0243,266.0243,332.5304,332.5304,6384.5836,0.02154355,1463.1337,1340.2688,5187.4742,5310.3391,0.01750413,0.01791872,0.00089765,16.2655,14.6936,0.3653,59.3804,1.1678,2646.0457,162.5536,12.4780,16.8648,9.0895,16.5695,22.0926,29.825,33.4482,44.5976,11.8163,0.0,2.018664,2.691552,0.981654,30,240,141,4,0.10479828,0.02244119,0.04150452,0E-8,0.000000,0.902668,0.011910,-0.02129501,2026-03-22,2026-08-05,112,5695,2177,137,0.817518,0.739886,0.767145,0.349328,,,,,,,,GLOBAL_BASELINE_NO_ENTITY_RANKING,,,NOT_APPLICABLE_GLOBAL_BASELINE,HF9g-P5,,,,X 全窗基线 · 不参与实体赏罚,14195628,1420,A168_HF9F_20260827_0900,2026-08-27 09:00:00
2026-05-10,110249610,2224,0,23.8596960677,-3.4228629406,-3.4228629406,0.5000000,2,2,0.50665070000000000,0.506650700000,-0.018812684590367487,-0.018812684590367487,-0.018812684590367487,0E-17,ELIGIBLE,R03b_20260811_FULL_v1,L1_ELIGIBILITY,v2026-08-11,2026-03-21..2026-08-06,baccarat_bet02_101_all_pairs_incl_sentinel,round_win = game_pnl > 0 (decisive only),COMPATIBILITY_ONLY_NOT_PRODUCTION,296357.1217,267511.9505,6650.6079,18220,18206,-0.02244119,-0.04150452,-0.02020951,-0.02244119,-6650.6079,296357.1217,OK,0.0000,266.0243,4.0000,96.0000,AG03-UNRESOLVED,ALL5_LEVELS_bet23_to_bet27,266.0243,266.0243,266.0243,332.5304,332.5304,4.000000,4.000000,4.000000,5.000000,5.000000,96.000000,96.000000,96.000000,95.000000,95.000000,5.0,1463.1337,1340.2688,5187.4742,5310.3391,PENDING_AG03,FALSE,NOT_FOR_ENFORCEMENT,6384.5836,256811.4724,6650.6079,6384.5836,266.0243,0.02244119,0.02154355,266.0243,6384.5836,0.02154355,266.0243,266.0243,266.0243,332.5304,332.5304,6384.5836,0.02154355,1463.1337,1340.2688,5187.4742,5310.3391,0.01750413,0.01791872,0.00089765,16.2655,14.6936,0.3653,59.3804,1.1678,2646.0457,162.5536,12.4780,16.8648,9.0895,16.5695,22.0926,29.825,33.4482,44.5976,11.8163,0.0,2.018664,2.691552,0.981654,30,240,141,4,0.10479828,0.02244119,0.04150452,0E-8,0.000000,0.902668,0.011910,-0.02129501,2026-03-22,2026-08-05,112,5695,2177,137,0.817518,0.739886,0.767145,0.349328,,,,,,,,GLOBAL_BASELINE_NO_ENTITY_RANKING,,,NOT_APPLICABLE_GLOBAL_BASELINE,HF9g-P5,,,,X 全窗基线 · 不参与实体赏罚,14195629,1420,A168_HF9F_20260827_0900,2026-08-27 09:00:00
2026-05-10,110249610,2234,0,44.5975627432,11.1493906858,11.1493906858,0.6666667,3,3,0.49324550000000000,0.493245500000,0.6008033672792107,0.6008033672792106,0.6008033672792107,0E-17,ELIGIBLE,R03b_20260811_FULL_v1,L1_ELIGIBILITY,v2026-08-11,2026-03-21..2026-08-06,baccarat_bet02_101_all_pairs_incl_sentinel,round_win = game_pnl > 0 (decisive only),COMPATIBILITY_ONLY_NOT_PRODUCTION,296357.1217,267511.9505,6650.6079,18220,18206,-0.02244119,-0.04150452,-0.02020951,-0.02244119,-6650.6079,296357.1217,OK,0.0000,266.0243,4.0000,96.0000,AG03-UNRESOLVED,ALL5_LEVELS_bet23_to_bet27,266.0243,266.0243,266.0243,332.5304,332.5304,4.000000,4.000000,4.000000,5.000000,5.000000,96.000000,96.000000,96.000000,95.000000,95.000000,5.0,1463.1337,1340.2688,5187.4742,5310.3391,PENDING_AG03,FALSE,NOT_FOR_ENFORCEMENT,6384.5836,256811.4724,6650.6079,6384.5836,266.0243,0.02244119,0.02154355,266.0243,6384.5836,0.02154355,266.0243,266.0243,266.0243,332.5304,332.5304,6384.5836,0.02154355,1463.1337,1340.2688,5187.4742,5310.3391,0.01750413,0.01791872,0.00089765,16.2655,14.6936,0.3653,59.3804,1.1678,2646.0457,162.5536,12.4780,16.8648,9.0895,16.5695,22.0926,29.825,33.4482,44.5976,11.8163,0.0,2.018664,2.691552,0.981654,30,240,141,4,0.10479828,0.02244119,0.04150452,0E-8,0.000000,0.902668,0.011910,-0.02129501,2026-03-22,2026-08-05,112,5695,2177,137,0.817518,0.739886,0.767145,0.349328,,,,,,,,GLOBAL_BASELINE_NO_ENTITY_RANKING,,,NOT_APPLICABLE_GLOBAL_BASELINE,HF9g-P5,,,,X 全窗基线 · 不参与实体赏罚,14195630,1420,A168_HF9F_20260827_0900,2026-08-27 09:00:00
2026-05-10,110249610,2241,0,3.6792989264,0.7804573480,0.7804573480,0.5000000,2,2,0.49994810000000000,0.499948100000,0.00014679536856514622,0.00014679536856514622,0.00014679536856514622,0E-17,ELIGIBLE,R03b_20260811_FULL_v1,L1_ELIGIBILITY,v2026-08-11,2026-03-21..2026-08-06,baccarat_bet02_101_all_pairs_incl_sentinel,round_win = game_pnl > 0 (decisive only),COMPATIBILITY_ONLY_NOT_PRODUCTION,296357.1217,267511.9505,6650.6079,18220,18206,-0.02244119,-0.04150452,-0.02020951,-0.02244119,-6650.6079,296357.1217,OK,0.0000,266.0243,4.0000,96.0000,AG03-UNRESOLVED,ALL5_LEVELS_bet23_to_bet27,266.0243,266.0243,266.0243,332.5304,332.5304,4.000000,4.000000,4.000000,5.000000,5.000000,96.000000,96.000000,96.000000,95.000000,95.000000,5.0,1463.1337,1340.2688,5187.4742,5310.3391,PENDING_AG03,FALSE,NOT_FOR_ENFORCEMENT,6384.5836,256811.4724,6650.6079,6384.5836,266.0243,0.02244119,0.02154355,266.0243,6384.5836,0.02154355,266.0243,266.0243,266.0243,332.5304,332.5304,6384.5836,0.02154355,1463.1337,1340.2688,5187.4742,5310.3391,0.01750413,0.01791872,0.00089765,16.2655,14.6936,0.3653,59.3804,1.1678,2646.0457,162.5536,12.4780,16.8648,9.0895,16.5695,22.0926,29.825,33.4482,44.5976,11.8163,0.0,2.018664,2.691552,0.981654,30,240,141,4,0.10479828,0.02244119,0.04150452,0E-8,0.000000,0.902668,0.011910,-0.02129501,2026-03-22,2026-08-05,112,5695,2177,137,0.817518,0.739886,0.767145,0.349328,,,,,,,,GLOBAL_BASELINE_NO_ENTITY_RANKING,,,NOT_APPLICABLE_GLOBAL_BASELINE,HF9g-P5,,,,X 全窗基线 · 不参与实体赏罚,14195631,1420,A168_HF9F_20260827_0900,2026-08-27 09:00:00
2026-05-10,110249610,2248,0,5.1287197155,5.1287197155,5.1287197155,1.0000000,4,4,0.49324550000000000,0.493245500000,2.0272029836991,2.0272029836991,2.0272029836991,0E-17,ELIGIBLE,R03b_20260811_FULL_v1,L1_ELIGIBILITY,v2026-08-11,2026-03-21..2026-08-06,baccarat_bet02_101_all_pairs_incl_sentinel,round_win = game_pnl > 0 (decisive only),COMPATIBILITY_ONLY_NOT_PRODUCTION,296357.1217,267511.9505,6650.6079,18220,18206,-0.02244119,-0.04150452,-0.02020951,-0.02244119,-6650.6079,296357.1217,OK,0.0000,266.0243,4.0000,96.0000,AG03-UNRESOLVED,ALL5_LEVELS_bet23_to_bet27,266.0243,266.0243,266.0243,332.5304,332.5304,4.000000,4.000000,4.000000,5.000000,5.000000,96.000000,96.000000,96.000000,95.000000,95.000000,5.0,1463.1337,1340.2688,5187.4742,5310.3391,PENDING_AG03,FALSE,NOT_FOR_ENFORCEMENT,6384.5836,256811.4724,6650.6079,6384.5836,266.0243,0.02244119,0.02154355,266.0243,6384.5836,0.02154355,266.0243,266.0243,266.0243,332.5304,332.5304,6384.5836,0.02154355,1463.1337,1340.2688,5187.4742,5310.3391,0.01750413,0.01791872,0.00089765,16.2655,14.6936,0.3653,59.3804,1.1678,2646.0457,162.5536,12.4780,16.8648,9.0895,16.5695,22.0926,29.825,33.4482,44.5976,11.8163,0.0,2.018664,2.691552,0.981654,30,240,141,4,0.10479828,0.02244119,0.04150452,0E-8,0.000000,0.902668,0.011910,-0.02129501,2026-03-22,2026-08-05,112,5695,2177,137,0.817518,0.739886,0.767145,0.349328,,,,,,,,GLOBAL_BASELINE_NO_ENTITY_RANKING,,,NOT_APPLICABLE_GLOBAL_BASELINE,HF9g-P5,,,,X 全窗基线 · 不参与实体赏罚,14195632,1420,A168_HF9F_20260827_0900,2026-08-27 09:00:00
2026-05-10,110249610,2250,0,4.4597562743,-4.4597562743,-4.4597562743,0E-7,1,1,0.49324550000000000,0.493245500000,-0.9865810262130424,-0.9865810262130424,-0.9865810262130424,0E-17,ELIGIBLE,R03b_20260811_FULL_v1,L1_ELIGIBILITY,v2026-08-11,2026-03-21..2026-08-06,baccarat_bet02_101_all_pairs_incl_sentinel,round_win = game_pnl > 0 (decisive only),COMPATIBILITY_ONLY_NOT_PRODUCTION,296357.1217,267511.9505,6650.6079,18220,18206,-0.02244119,-0.04150452,-0.02020951,-0.02244119,-6650.6079,296357.1217,OK,0.0000,266.0243,4.0000,96.0000,AG03-UNRESOLVED,ALL5_LEVELS_bet23_to_bet27,266.0243,266.0243,266.0243,332.5304,332.5304,4.000000,4.000000,4.000000,5.000000,5.000000,96.000000,96.000000,96.000000,95.000000,95.000000,5.0,1463.1337,1340.2688,5187.4742,5310.3391,PENDING_AG03,FALSE,NOT_FOR_ENFORCEMENT,6384.5836,256811.4724,6650.6079,6384.5836,266.0243,0.02244119,0.02154355,266.0243,6384.5836,0.02154355,266.0243,266.0243,266.0243,332.5304,332.5304,6384.5836,0.02154355,1463.1337,1340.2688,5187.4742,5310.3391,0.01750413,0.01791872,0.00089765,16.2655,14.6936,0.3653,59.3804,1.1678,2646.0457,162.5536,12.4780,16.8648,9.0895,16.5695,22.0926,29.825,33.4482,44.5976,11.8163,0.0,2.018664,2.691552,0.981654,30,240,141,4,0.10479828,0.02244119,0.04150452,0E-8,0.000000,0.902668,0.011910,-0.02129501,2026-03-22,2026-08-05,112,5695,2177,137,0.817518,0.739886,0.767145,0.349328,,,,,,,,GLOBAL_BASELINE_NO_ENTITY_RANKING,,,NOT_APPLICABLE_GLOBAL_BASELINE,HF9g-P5,,,,X 全窗基线 · 不参与实体赏罚,14195633,1420,A168_HF9F_20260827_0900,2026-08-27 09:00:00
2026-05-10,110249610,2258,0,81.9480215406,-5.2959605757,-5.2959605757,0.5000000,5,5,0.50128862000000000,0.501288620000,-0.0051544971185412255,-0.0051544971185412255,-0.0051544971185412255,0E-17,ELIGIBLE,R03b_20260811_FULL_v1,L1_ELIGIBILITY,v2026-08-11,2026-03-21..2026-08-06,baccarat_bet02_101_all_pairs_incl_sentinel,round_win = game_pnl > 0 (decisive only),COMPATIBILITY_ONLY_NOT_PRODUCTION,296357.1217,267511.9505,6650.6079,18220,18206,-0.02244119,-0.04150452,-0.02020951,-0.02244119,-6650.6079,296357.1217,OK,0.0000,266.0243,4.0000,96.0000,AG03-UNRESOLVED,ALL5_LEVELS_bet23_to_bet27,266.0243,266.0243,266.0243,332.5304,332.5304,4.000000,4.000000,4.000000,5.000000,5.000000,96.000000,96.000000,96.000000,95.000000,95.000000,5.0,1463.1337,1340.2688,5187.4742,5310.3391,PENDING_AG03,FALSE,NOT_FOR_ENFORCEMENT,6384.5836,256811.4724,6650.6079,6384.5836,266.0243,0.02244119,0.02154355,266.0243,6384.5836,0.02154355,266.0243,266.0243,266.0243,332.5304,332.5304,6384.5836,0.02154355,1463.1337,1340.2688,5187.4742,5310.3391,0.01750413,0.01791872,0.00089765,16.2655,14.6936,0.3653,59.3804,1.1678,2646.0457,162.5536,12.4780,16.8648,9.0895,16.5695,22.0926,29.825,33.4482,44.5976,11.8163,0.0,2.018664,2.691552,0.981654,30,240,141,4,0.10479828,0.02244119,0.04150452,0E-8,0.000000,0.902668,0.011910,-0.02129501,2026-03-22,2026-08-05,112,5695,2177,137,0.817518,0.739886,0.767145,0.349328,,,,,,,,GLOBAL_BASELINE_NO_ENTITY_RANKING,,,NOT_APPLICABLE_GLOBAL_BASELINE,HF9g-P5,,,,X 全窗基线 · 不参与实体赏罚,14195634,1420,A168_HF9F_20260827_0900,2026-08-27 09:00:00
2026-05-10,110249610,2266,0,4.4597562743,-4.4597562743,-4.4597562743,0E-7,1,1,0.49324550000000000,0.493245500000,-0.9865810262130424,-0.9865810262130424,-0.9865810262130424,0E-17,ELIGIBLE,R03b_20260811_FULL_v1,L1_ELIGIBILITY,v2026-08-11,2026-03-21..2026-08-06,baccarat_bet02_101_all_pairs_incl_sentinel,round_win = game_pnl > 0 (decisive only),COMPATIBILITY_ONLY_NOT_PRODUCTION,296357.1217,267511.9505,6650.6079,18220,18206,-0.02244119,-0.04150452,-0.02020951,-0.02244119,-6650.6079,296357.1217,OK,0.0000,266.0243,4.0000,96.0000,AG03-UNRESOLVED,ALL5_LEVELS_bet23_to_bet27,266.0243,266.0243,266.0243,332.5304,332.5304,4.000000,4.000000,4.000000,5.000000,5.000000,96.000000,96.000000,96.000000,95.000000,95.000000,5.0,1463.1337,1340.2688,5187.4742,5310.3391,PENDING_AG03,FALSE,NOT_FOR_ENFORCEMENT,6384.5836,256811.4724,6650.6079,6384.5836,266.0243,0.02244119,0.02154355,266.0243,6384.5836,0.02154355,266.0243,266.0243,266.0243,332.5304,332.5304,6384.5836,0.02154355,1463.1337,1340.2688,5187.4742,5310.3391,0.01750413,0.01791872,0.00089765,16.2655,14.6936,0.3653,59.3804,1.1678,2646.0457,162.5536,12.4780,16.8648,9.0895,16.5695,22.0926,29.825,33.4482,44.5976,11.8163,0.0,2.018664,2.691552,0.981654,30,240,141,4,0.10479828,0.02244119,0.04150452,0E-8,0.000000,0.902668,0.011910,-0.02129501,2026-03-22,2026-08-05,112,5695,2177,137,0.817518,0.739886,0.767145,0.349328,,,,,,,,GLOBAL_BASELINE_NO_ENTITY_RANKING,,,NOT_APPLICABLE_GLOBAL_BASELINE,HF9g-P5,,,,X 全窗基线 · 不参与实体赏罚,14195635,1420,A168_HF9F_20260827_0900,2026-08-27 09:00:00
2026-05-10,110249610,2267,0,46.8274408803,22.7447569990,22.7447569990,0.8000000,5,5,0.50665070000000000,0.506650700000,1.3120140225494112,1.3120140225494112,1.3120140225494112,0E-17,ELIGIBLE,R03b_20260811_FULL_v1,L1_ELIGIBILITY,v2026-08-11,2026-03-21..2026-08-06,baccarat_bet02_101_all_pairs_incl_sentinel,round_win = game_pnl > 0 (decisive only),COMPATIBILITY_ONLY_NOT_PRODUCTION,296357.1217,267511.9505,6650.6079,18220,18206,-0.02244119,-0.04150452,-0.02020951,-0.02244119,-6650.6079,296357.1217,OK,0.0000,266.0243,4.0000,96.0000,AG03-UNRESOLVED,ALL5_LEVELS_bet23_to_bet27,266.0243,266.0243,266.0243,332.5304,332.5304,4.000000,4.000000,4.000000,5.000000,5.000000,96.000000,96.000000,96.000000,95.000000,95.000000,5.0,1463.1337,1340.2688,5187.4742,5310.3391,PENDING_AG03,FALSE,NOT_FOR_ENFORCEMENT,6384.5836,256811.4724,6650.6079,6384.5836,266.0243,0.02244119,0.02154355,266.0243,6384.5836,0.02154355,266.0243,266.0243,266.0243,332.5304,332.5304,6384.5836,0.02154355,1463.1337,1340.2688,5187.4742,5310.3391,0.01750413,0.01791872,0.00089765,16.2655,14.6936,0.3653,59.3804,1.1678,2646.0457,162.5536,12.4780,16.8648,9.0895,16.5695,22.0926,29.825,33.4482,44.5976,11.8163,0.0,2.018664,2.691552,0.981654,30,240,141,4,0.10479828,0.02244119,0.04150452,0E-8,0.000000,0.902668,0.011910,-0.02129501,2026-03-22,2026-08-05,112,5695,2177,137,0.817518,0.739886,0.767145,0.349328,,,,,,,,GLOBAL_BASELINE_NO_ENTITY_RANKING,,,NOT_APPLICABLE_GLOBAL_BASELINE,HF9g-P5,,,,X 全窗基线 · 不参与实体赏罚,14195636,1420,A168_HF9F_20260827_0900,2026-08-27 09:00:00
2026-05-10,110249610,2271,0,43.4826236746,0E-10,0E-10,0.6666667,3,3,0.50665070000000000,0.506650700000,0.5543606114942035,0.5543606114942035,0.5543606114942035,0E-17,ELIGIBLE,R03b_20260811_FULL_v1,L1_ELIGIBILITY,v2026-08-11,2026-03-21..2026-08-06,baccarat_bet02_101_all_pairs_incl_sentinel,round_win = game_pnl > 0 (decisive only),COMPATIBILITY_ONLY_NOT_PRODUCTION,296357.1217,267511.9505,6650.6079,18220,18206,-0.02244119,-0.04150452,-0.02020951,-0.02244119,-6650.6079,296357.1217,OK,0.0000,266.0243,4.0000,96.0000,AG03-UNRESOLVED,ALL5_LEVELS_bet23_to_bet27,266.0243,266.0243,266.0243,332.5304,332.5304,4.000000,4.000000,4.000000,5.000000,5.000000,96.000000,96.000000,96.000000,95.000000,95.000000,5.0,1463.1337,1340.2688,5187.4742,5310.3391,PENDING_AG03,FALSE,NOT_FOR_ENFORCEMENT,6384.5836,256811.4724,6650.6079,6384.5836,266.0243,0.02244119,0.02154355,266.0243,6384.5836,0.02154355,266.0243,266.0243,266.0243,332.5304,332.5304,6384.5836,0.02154355,1463.1337,1340.2688,5187.4742,5310.3391,0.01750413,0.01791872,0.00089765,16.2655,14.6936,0.3653,59.3804,1.1678,2646.0457,162.5536,12.4780,16.8648,9.0895,16.5695,22.0926,29.825,33.4482,44.5976,11.8163,0.0,2.018664,2.691552,0.981654,30,240,141,4,0.10479828,0.02244119,0.04150452,0E-8,0.000000,0.902668,0.011910,-0.02129501,2026-03-22,2026-08-05,112,5695,2177,137,0.817518,0.739886,0.767145,0.349328,,,,,,,,GLOBAL_BASELINE_NO_ENTITY_RANKING,,,NOT_APPLICABLE_GLOBAL_BASELINE,HF9g-P5,,,,X 全窗基线 · 不参与实体赏罚,14195637,1420,A168_HF9F_20260827_0900,2026-08-27 09:00:00
2026-05-10,110249610,471,0,3.3448172057,-3.3448172057,-3.3448172057,0E-7,1,1,0.50665070000000000,0.506650700000,-1.013391052207602,-1.013391052207602,-1.013391052207602,0E-17,ELIGIBLE,R03b_20260811_FULL_v1,L1_ELIGIBILITY,v2026-08-11,2026-03-21..2026-08-06,baccarat_bet02_101_all_pairs_incl_sentinel,round_win = game_pnl > 0 (decisive only),COMPATIBILITY_ONLY_NOT_PRODUCTION,296357.1217,267511.9505,6650.6079,18220,18206,-0.02244119,-0.04150452,-0.02020951,-0.02244119,-6650.6079,296357.1217,OK,0.0000,266.0243,4.0000,96.0000,AG03-UNRESOLVED,ALL5_LEVELS_bet23_to_bet27,266.0243,266.0243,266.0243,332.5304,332.5304,4.000000,4.000000,4.000000,5.000000,5.000000,96.000000,96.000000,96.000000,95.000000,95.000000,5.0,1463.1337,1340.2688,5187.4742,5310.3391,PENDING_AG03,FALSE,NOT_FOR_ENFORCEMENT,6384.5836,256811.4724,6650.6079,6384.5836,266.0243,0.02244119,0.02154355,266.0243,6384.5836,0.02154355,266.0243,266.0243,266.0243,332.5304,332.5304,6384.5836,0.02154355,1463.1337,1340.2688,5187.4742,5310.3391,0.01750413,0.01791872,0.00089765,16.2655,14.6936,0.3653,59.3804,1.1678,2646.0457,162.5536,12.4780,16.8648,9.0895,16.5695,22.0926,29.825,33.4482,44.5976,11.8163,0.0,2.018664,2.691552,0.981654,30,240,141,4,0.10479828,0.02244119,0.04150452,0E-8,0.000000,0.902668,0.011910,-0.02129501,2026-03-22,2026-08-05,112,5695,2177,137,0.817518,0.739886,0.767145,0.349328,,,,,,,,GLOBAL_BASELINE_NO_ENTITY_RANKING,,,NOT_APPLICABLE_GLOBAL_BASELINE,HF9g-P5,,,,X 全窗基线 · 不参与实体赏罚,14195638,1420,A168_HF9F_20260827_0900,2026-08-27 09:00:00
2026-05-10,110249610,526,0,26.7585376459,-13.7137505435,-13.7137505435,0.3333333,3,3,0.50665070000000000,0.506650700000,-0.6004420894325239,-0.6004420894325239,-0.6004420894325239,0E-17,ELIGIBLE,R03b_20260811_FULL_v1,L1_ELIGIBILITY,v2026-08-11,2026-03-21..2026-08-06,baccarat_bet02_101_all_pairs_incl_sentinel,round_win = game_pnl > 0 (decisive only),COMPATIBILITY_ONLY_NOT_PRODUCTION,296357.1217,267511.9505,6650.6079,18220,18206,-0.02244119,-0.04150452,-0.02020951,-0.02244119,-6650.6079,296357.1217,OK,0.0000,266.0243,4.0000,96.0000,AG03-UNRESOLVED,ALL5_LEVELS_bet23_to_bet27,266.0243,266.0243,266.0243,332.5304,332.5304,4.000000,4.000000,4.000000,5.000000,5.000000,96.000000,96.000000,96.000000,95.000000,95.000000,5.0,1463.1337,1340.2688,5187.4742,5310.3391,PENDING_AG03,FALSE,NOT_FOR_ENFORCEMENT,6384.5836,256811.4724,6650.6079,6384.5836,266.0243,0.02244119,0.02154355,266.0243,6384.5836,0.02154355,266.0243,266.0243,266.0243,332.5304,332.5304,6384.5836,0.02154355,1463.1337,1340.2688,5187.4742,5310.3391,0.01750413,0.01791872,0.00089765,16.2655,14.6936,0.3653,59.3804,1.1678,2646.0457,162.5536,12.4780,16.8648,9.0895,16.5695,22.0926,29.825,33.4482,44.5976,11.8163,0.0,2.018664,2.691552,0.981654,30,240,141,4,0.10479828,0.02244119,0.04150452,0E-8,0.000000,0.902668,0.011910,-0.02129501,2026-03-22,2026-08-05,112,5695,2177,137,0.817518,0.739886,0.767145,0.349328,,,,,,,,GLOBAL_BASELINE_NO_ENTITY_RANKING,,,NOT_APPLICABLE_GLOBAL_BASELINE,HF9g-P5,,,,X 全窗基线 · 不参与实体赏罚,14195639,1420,A168_HF9F_20260827_0900,2026-08-27 09:00:00
2026-05-10,110249610,583,0,162.7811040127,-10.0344516172,-10.0344516172,0.5000000,10,10,0.50396966000000000,0.503969660000,-0.02510712557163591,-0.02510712557163591,-0.02510712557163591,0E-17,ELIGIBLE,R03b_20260811_FULL_v1,L1_ELIGIBILITY,v2026-08-11,2026-03-21..2026-08-06,baccarat_bet02_101_all_pairs_incl_sentinel,round_win = game_pnl > 0 (decisive only),COMPATIBILITY_ONLY_NOT_PRODUCTION,296357.1217,267511.9505,6650.6079,18220,18206,-0.02244119,-0.04150452,-0.02020951,-0.02244119,-6650.6079,296357.1217,OK,0.0000,266.0243,4.0000,96.0000,AG03-UNRESOLVED,ALL5_LEVELS_bet23_to_bet27,266.0243,266.0243,266.0243,332.5304,332.5304,4.000000,4.000000,4.000000,5.000000,5.000000,96.000000,96.000000,96.000000,95.000000,95.000000,5.0,1463.1337,1340.2688,5187.4742,5310.3391,PENDING_AG03,FALSE,NOT_FOR_ENFORCEMENT,6384.5836,256811.4724,6650.6079,6384.5836,266.0243,0.02244119,0.02154355,266.0243,6384.5836,0.02154355,266.0243,266.0243,266.0243,332.5304,332.5304,6384.5836,0.02154355,1463.1337,1340.2688,5187.4742,5310.3391,0.01750413,0.01791872,0.00089765,16.2655,14.6936,0.3653,59.3804,1.1678,2646.0457,162.5536,12.4780,16.8648,9.0895,16.5695,22.0926,29.825,33.4482,44.5976,11.8163,0.0,2.018664,2.691552,0.981654,30,240,141,4,0.10479828,0.02244119,0.04150452,0E-8,0.000000,0.902668,0.011910,-0.02129501,2026-03-22,2026-08-05,112,5695,2177,137,0.817518,0.739886,0.767145,0.349328,,,,,,,,GLOBAL_BASELINE_NO_ENTITY_RANKING,,,NOT_APPLICABLE_GLOBAL_BASELINE,HF9g-P5,,,,X 全窗基线 · 不参与实体赏罚,14195640,1420,A168_HF9F_20260827_0900,2026-08-27 09:00:00
2026-05-10,110249610,595,0,62.4365878405,22.3545283250,22.3545283250,0.7500000,4,4,0.50665070000000000,0.506650700000,0.9734833216690844,0.9734833216690844,0.9734833216690844,0E-17,ELIGIBLE,R03b_20260811_FULL_v1,L1_ELIGIBILITY,v2026-08-11,2026-03-21..2026-08-06,baccarat_bet02_101_all_pairs_incl_sentinel,round_win = game_pnl > 0 (decisive only),COMPATIBILITY_ONLY_NOT_PRODUCTION,296357.1217,267511.9505,6650.6079,18220,18206,-0.02244119,-0.04150452,-0.02020951,-0.02244119,-6650.6079,296357.1217,OK,0.0000,266.0243,4.0000,96.0000,AG03-UNRESOLVED,ALL5_LEVELS_bet23_to_bet27,266.0243,266.0243,266.0243,332.5304,332.5304,4.000000,4.000000,4.000000,5.000000,5.000000,96.000000,96.000000,96.000000,95.000000,95.000000,5.0,1463.1337,1340.2688,5187.4742,5310.3391,PENDING_AG03,FALSE,NOT_FOR_ENFORCEMENT,6384.5836,256811.4724,6650.6079,6384.5836,266.0243,0.02244119,0.02154355,266.0243,6384.5836,0.02154355,266.0243,266.0243,266.0243,332.5304,332.5304,6384.5836,0.02154355,1463.1337,1340.2688,5187.4742,5310.3391,0.01750413,0.01791872,0.00089765,16.2655,14.6936,0.3653,59.3804,1.1678,2646.0457,162.5536,12.4780,16.8648,9.0895,16.5695,22.0926,29.825,33.4482,44.5976,11.8163,0.0,2.018664,2.691552,0.981654,30,240,141,4,0.10479828,0.02244119,0.04150452,0E-8,0.000000,0.902668,0.011910,-0.02129501,2026-03-22,2026-08-05,112,5695,2177,137,0.817518,0.739886,0.767145,0.349328,,,,,,,,GLOBAL_BASELINE_NO_ENTITY_RANKING,,,NOT_APPLICABLE_GLOBAL_BASELINE,HF9g-P5,,,,X 全窗基线 · 不参与实体赏罚,14195641,1420,A168_HF9F_20260827_0900,2026-08-27 09:00:00
2026-05-10,110249610,763,0,4.4597562743,-4.4597562743,-4.4597562743,0E-7,1,1,0.49324550000000000,0.493245500000,-0.9865810262130424,-0.9865810262130424,-0.9865810262130424,0E-17,ELIGIBLE,R03b_20260811_FULL_v1,L1_ELIGIBILITY,v2026-08-11,2026-03-21..2026-08-06,baccarat_bet02_101_all_pairs_incl_sentinel,round_win = game_pnl > 0 (decisive only),COMPATIBILITY_ONLY_NOT_PRODUCTION,296357.1217,267511.9505,6650.6079,18220,18206,-0.02244119,-0.04150452,-0.02020951,-0.02244119,-6650.6079,296357.1217,OK,0.0000,266.0243,4.0000,96.0000,AG03-UNRESOLVED,ALL5_LEVELS_bet23_to_bet27,266.0243,266.0243,266.0243,332.5304,332.5304,4.000000,4.000000,4.000000,5.000000,5.000000,96.000000,96.000000,96.000000,95.000000,95.000000,5.0,1463.1337,1340.2688,5187.4742,5310.3391,PENDING_AG03,FALSE,NOT_FOR_ENFORCEMENT,6384.5836,256811.4724,6650.6079,6384.5836,266.0243,0.02244119,0.02154355,266.0243,6384.5836,0.02154355,266.0243,266.0243,266.0243,332.5304,332.5304,6384.5836,0.02154355,1463.1337,1340.2688,5187.4742,5310.3391,0.01750413,0.01791872,0.00089765,16.2655,14.6936,0.3653,59.3804,1.1678,2646.0457,162.5536,12.4780,16.8648,9.0895,16.5695,22.0926,29.825,33.4482,44.5976,11.8163,0.0,2.018664,2.691552,0.981654,30,240,141,4,0.10479828,0.02244119,0.04150452,0E-8,0.000000,0.902668,0.011910,-0.02129501,2026-03-22,2026-08-05,112,5695,2177,137,0.817518,0.739886,0.767145,0.349328,,,,,,,,GLOBAL_BASELINE_NO_ENTITY_RANKING,,,NOT_APPLICABLE_GLOBAL_BASELINE,HF9g-P5,,,,X 全窗基线 · 不参与实体赏罚,14195642,1420,A168_HF9F_20260827_0900,2026-08-27 09:00:00
2026-05-10,110249610,789,0,11.1493906858,-11.1493906858,-11.1493906858,0E-7,1,1,0.50665070000000000,0.506650700000,-1.013391052207602,-1.013391052207602,-1.013391052207602,0E-17,ELIGIBLE,R03b_20260811_FULL_v1,L1_ELIGIBILITY,v2026-08-11,2026-03-21..2026-08-06,baccarat_bet02_101_all_pairs_incl_sentinel,round_win = game_pnl > 0 (decisive only),COMPATIBILITY_ONLY_NOT_PRODUCTION,296357.1217,267511.9505,6650.6079,18220,18206,-0.02244119,-0.04150452,-0.02020951,-0.02244119,-6650.6079,296357.1217,OK,0.0000,266.0243,4.0000,96.0000,AG03-UNRESOLVED,ALL5_LEVELS_bet23_to_bet27,266.0243,266.0243,266.0243,332.5304,332.5304,4.000000,4.000000,4.000000,5.000000,5.000000,96.000000,96.000000,96.000000,95.000000,95.000000,5.0,1463.1337,1340.2688,5187.4742,5310.3391,PENDING_AG03,FALSE,NOT_FOR_ENFORCEMENT,6384.5836,256811.4724,6650.6079,6384.5836,266.0243,0.02244119,0.02154355,266.0243,6384.5836,0.02154355,266.0243,266.0243,266.0243,332.5304,332.5304,6384.5836,0.02154355,1463.1337,1340.2688,5187.4742,5310.3391,0.01750413,0.01791872,0.00089765,16.2655,14.6936,0.3653,59.3804,1.1678,2646.0457,162.5536,12.4780,16.8648,9.0895,16.5695,22.0926,29.825,33.4482,44.5976,11.8163,0.0,2.018664,2.691552,0.981654,30,240,141,4,0.10479828,0.02244119,0.04150452,0E-8,0.000000,0.902668,0.011910,-0.02129501,2026-03-22,2026-08-05,112,5695,2177,137,0.817518,0.739886,0.767145,0.349328,,,,,,,,GLOBAL_BASELINE_NO_ENTITY_RANKING,,,NOT_APPLICABLE_GLOBAL_BASELINE,HF9g-P5,,,,X 全窗基线 · 不参与实体赏罚,14195643,1420,A168_HF9F_20260827_0900,2026-08-27 09:00:00
2026-05-10,110249610,801,0,177.8327814384,51.4265645383,51.4265645383,0.7500000,9,9,0.50218230000000000,0.502182300000,1.4018819621466703,1.4018819621466703,1.4018819621466703,0E-17,ELIGIBLE,R03b_20260811_FULL_v1,L1_ELIGIBILITY,v2026-08-11,2026-03-21..2026-08-06,baccarat_bet02_101_all_pairs_incl_sentinel,round_win = game_pnl > 0 (decisive only),COMPATIBILITY_ONLY_NOT_PRODUCTION,296357.1217,267511.9505,6650.6079,18220,18206,-0.02244119,-0.04150452,-0.02020951,-0.02244119,-6650.6079,296357.1217,OK,0.0000,266.0243,4.0000,96.0000,AG03-UNRESOLVED,ALL5_LEVELS_bet23_to_bet27,266.0243,266.0243,266.0243,332.5304,332.5304,4.000000,4.000000,4.000000,5.000000,5.000000,96.000000,96.000000,96.000000,95.000000,95.000000,5.0,1463.1337,1340.2688,5187.4742,5310.3391,PENDING_AG03,FALSE,NOT_FOR_ENFORCEMENT,6384.5836,256811.4724,6650.6079,6384.5836,266.0243,0.02244119,0.02154355,266.0243,6384.5836,0.02154355,266.0243,266.0243,266.0243,332.5304,332.5304,6384.5836,0.02154355,1463.1337,1340.2688,5187.4742,5310.3391,0.01750413,0.01791872,0.00089765,16.2655,14.6936,0.3653,59.3804,1.1678,2646.0457,162.5536,12.4780,16.8648,9.0895,16.5695,22.0926,29.825,33.4482,44.5976,11.8163,0.0,2.018664,2.691552,0.981654,30,240,141,4,0.10479828,0.02244119,0.04150452,0E-8,0.000000,0.902668,0.011910,-0.02129501,2026-03-22,2026-08-05,112,5695,2177,137,0.817518,0.739886,0.767145,0.349328,,,,,,,,GLOBAL_BASELINE_NO_ENTITY_RANKING,,,NOT_APPLICABLE_GLOBAL_BASELINE,HF9g-P5,,,,X 全窗基线 · 不参与实体赏罚,14195644,1420,A168_HF9F_20260827_0900,2026-08-27 09:00:00
2026-05-10,110249610,919,0,33.4481720574,-33.4481720574,-33.4481720574,0E-7,2,2,0.50665070000000000,0.506650700000,-1.4331513700195317,-1.4331513700195317,-1.4331513700195317,0E-17,ELIGIBLE,R03b_20260811_FULL_v1,L1_ELIGIBILITY,v2026-08-11,2026-03-21..2026-08-06,baccarat_bet02_101_all_pairs_incl_sentinel,round_win = game_pnl > 0 (decisive only),COMPATIBILITY_ONLY_NOT_PRODUCTION,296357.1217,267511.9505,6650.6079,18220,18206,-0.02244119,-0.04150452,-0.02020951,-0.02244119,-6650.6079,296357.1217,OK,0.0000,266.0243,4.0000,96.0000,AG03-UNRESOLVED,ALL5_LEVELS_bet23_to_bet27,266.0243,266.0243,266.0243,332.5304,332.5304,4.000000,4.000000,4.000000,5.000000,5.000000,96.000000,96.000000,96.000000,95.000000,95.000000,5.0,1463.1337,1340.2688,5187.4742,5310.3391,PENDING_AG03,FALSE,NOT_FOR_ENFORCEMENT,6384.5836,256811.4724,6650.6079,6384.5836,266.0243,0.02244119,0.02154355,266.0243,6384.5836,0.02154355,266.0243,266.0243,266.0243,332.5304,332.5304,6384.5836,0.02154355,1463.1337,1340.2688,5187.4742,5310.3391,0.01750413,0.01791872,0.00089765,16.2655,14.6936,0.3653,59.3804,1.1678,2646.0457,162.5536,12.4780,16.8648,9.0895,16.5695,22.0926,29.825,33.4482,44.5976,11.8163,0.0,2.018664,2.691552,0.981654,30,240,141,4,0.10479828,0.02244119,0.04150452,0E-8,0.000000,0.902668,0.011910,-0.02129501,2026-03-22,2026-08-05,112,5695,2177,137,0.817518,0.739886,0.767145,0.349328,,,,,,,,GLOBAL_BASELINE_NO_ENTITY_RANKING,,,NOT_APPLICABLE_GLOBAL_BASELINE,HF9g-P5,,,,X 全窗基线 · 不参与实体赏罚,14195645,1420,A168_HF9F_20260827_0900,2026-08-27 09:00:00
2026-05-10,110249610,925,0,16.7240860287,2.8430946249,2.8430946249,0.6666667,3,3,0.50665070000000000,0.506650700000,0.5543606114942035,0.5543606114942035,0.5543606114942035,0E-17,ELIGIBLE,R03b_20260811_FULL_v1,L1_ELIGIBILITY,v2026-08-11,2026-03-21..2026-08-06,baccarat_bet02_101_all_pairs_incl_sentinel,round_win = game_pnl > 0 (decisive only),COMPATIBILITY_ONLY_NOT_PRODUCTION,296357.1217,267511.9505,6650.6079,18220,18206,-0.02244119,-0.04150452,-0.02020951,-0.02244119,-6650.6079,296357.1217,OK,0.0000,266.0243,4.0000,96.0000,AG03-UNRESOLVED,ALL5_LEVELS_bet23_to_bet27,266.0243,266.0243,266.0243,332.5304,332.5304,4.000000,4.000000,4.000000,5.000000,5.000000,96.000000,96.000000,96.000000,95.000000,95.000000,5.0,1463.1337,1340.2688,5187.4742,5310.3391,PENDING_AG03,FALSE,NOT_FOR_ENFORCEMENT,6384.5836,256811.4724,6650.6079,6384.5836,266.0243,0.02244119,0.02154355,266.0243,6384.5836,0.02154355,266.0243,266.0243,266.0243,332.5304,332.5304,6384.5836,0.02154355,1463.1337,1340.2688,5187.4742,5310.3391,0.01750413,0.01791872,0.00089765,16.2655,14.6936,0.3653,59.3804,1.1678,2646.0457,162.5536,12.4780,16.8648,9.0895,16.5695,22.0926,29.825,33.4482,44.5976,11.8163,0.0,2.018664,2.691552,0.981654,30,240,141,4,0.10479828,0.02244119,0.04150452,0E-8,0.000000,0.902668,0.011910,-0.02129501,2026-03-22,2026-08-05,112,5695,2177,137,0.817518,0.739886,0.767145,0.349328,,,,,,,,GLOBAL_BASELINE_NO_ENTITY_RANKING,,,NOT_APPLICABLE_GLOBAL_BASELINE,HF9g-P5,,,,X 全窗基线 · 不参与实体赏罚,14195646,1420,A168_HF9F_20260827_0900,2026-08-27 09:00:00
2026-05-10,110249610,970,0,176.1603728356,42.3398111293,42.3398111293,0.6666667,9,9,0.50665070000000000,0.506650700000,0.9601807448229117,0.9601807448229117,0.9601807448229117,0E-17,ELIGIBLE,R03b_20260811_FULL_v1,L1_ELIGIBILITY,v2026-08-11,2026-03-21..2026-08-06,baccarat_bet02_101_all_pairs_incl_sentinel,round_win = game_pnl > 0 (decisive only),COMPATIBILITY_ONLY_NOT_PRODUCTION,296357.1217,267511.9505,6650.6079,18220,18206,-0.02244119,-0.04150452,-0.02020951,-0.02244119,-6650.6079,296357.1217,OK,0.0000,266.0243,4.0000,96.0000,AG03-UNRESOLVED,ALL5_LEVELS_bet23_to_bet27,266.0243,266.0243,266.0243,332.5304,332.5304,4.000000,4.000000,4.000000,5.000000,5.000000,96.000000,96.000000,96.000000,95.000000,95.000000,5.0,1463.1337,1340.2688,5187.4742,5310.3391,PENDING_AG03,FALSE,NOT_FOR_ENFORCEMENT,6384.5836,256811.4724,6650.6079,6384.5836,266.0243,0.02244119,0.02154355,266.0243,6384.5836,0.02154355,266.0243,266.0243,266.0243,332.5304,332.5304,6384.5836,0.02154355,1463.1337,1340.2688,5187.4742,5310.3391,0.01750413,0.01791872,0.00089765,16.2655,14.6936,0.3653,59.3804,1.1678,2646.0457,162.5536,12.4780,16.8648,9.0895,16.5695,22.0926,29.825,33.4482,44.5976,11.8163,0.0,2.018664,2.691552,0.981654,30,240,141,4,0.10479828,0.02244119,0.04150452,0E-8,0.000000,0.902668,0.011910,-0.02129501,2026-03-22,2026-08-05,112,5695,2177,137,0.817518,0.739886,0.767145,0.349328,,,,,,,,GLOBAL_BASELINE_NO_ENTITY_RANKING,,,NOT_APPLICABLE_GLOBAL_BASELINE,HF9g-P5,,,,X 全窗基线 · 不参与实体赏罚,14195647,1420,A168_HF9F_20260827_0900,2026-08-27 09:00:00
2026-05-10,110249610,993,0,11.1493906858,-11.1493906858,-11.1493906858,0E-7,1,1,0.49324550000000000,0.493245500000,-0.9865810262130424,-0.9865810262130424,-0.9865810262130424,0E-17,ELIGIBLE,R03b_20260811_FULL_v1,L1_ELIGIBILITY,v2026-08-11,2026-03-21..2026-08-06,baccarat_bet02_101_all_pairs_incl_sentinel,round_win = game_pnl > 0 (decisive only),COMPATIBILITY_ONLY_NOT_PRODUCTION,296357.1217,267511.9505,6650.6079,18220,18206,-0.02244119,-0.04150452,-0.02020951,-0.02244119,-6650.6079,296357.1217,OK,0.0000,266.0243,4.0000,96.0000,AG03-UNRESOLVED,ALL5_LEVELS_bet23_to_bet27,266.0243,266.0243,266.0243,332.5304,332.5304,4.000000,4.000000,4.000000,5.000000,5.000000,96.000000,96.000000,96.000000,95.000000,95.000000,5.0,1463.1337,1340.2688,5187.4742,5310.3391,PENDING_AG03,FALSE,NOT_FOR_ENFORCEMENT,6384.5836,256811.4724,6650.6079,6384.5836,266.0243,0.02244119,0.02154355,266.0243,6384.5836,0.02154355,266.0243,266.0243,266.0243,332.5304,332.5304,6384.5836,0.02154355,1463.1337,1340.2688,5187.4742,5310.3391,0.01750413,0.01791872,0.00089765,16.2655,14.6936,0.3653,59.3804,1.1678,2646.0457,162.5536,12.4780,16.8648,9.0895,16.5695,22.0926,29.825,33.4482,44.5976,11.8163,0.0,2.018664,2.691552,0.981654,30,240,141,4,0.10479828,0.02244119,0.04150452,0E-8,0.000000,0.902668,0.011910,-0.02129501,2026-03-22,2026-08-05,112,5695,2177,137,0.817518,0.739886,0.767145,0.349328,,,,,,,,GLOBAL_BASELINE_NO_ENTITY_RANKING,,,NOT_APPLICABLE_GLOBAL_BASELINE,HF9g-P5,,,,X 全窗基线 · 不参与实体赏罚,14195648,1420,A168_HF9F_20260827_0900,2026-08-27 09:00:00
2026-05-11,110249610,-1,1,1524.7906701902,68.2621444740,68.2621444740,0.4880952,98,98,0.49830664693877551,0.498306646939,-0.1871792893661661,-0.1871792893702808,-0.1871792893661661,-2.2449E-13,SENTINEL_DEALER,R03b_20260811_FULL_v1,L1_ELIGIBILITY,v2026-08-11,2026-03-21..2026-08-06,baccarat_bet02_101_all_pairs_incl_sentinel,round_win = game_pnl > 0 (decisive only),COMPATIBILITY_ONLY_NOT_PRODUCTION,296357.1217,267511.9505,6650.6079,18220,18206,-0.02244119,-0.04150452,-0.02020951,-0.02244119,-6650.6079,296357.1217,OK,0.0000,266.0243,4.0000,96.0000,AG03-UNRESOLVED,ALL5_LEVELS_bet23_to_bet27,266.0243,266.0243,266.0243,332.5304,332.5304,4.000000,4.000000,4.000000,5.000000,5.000000,96.000000,96.000000,96.000000,95.000000,95.000000,5.0,1463.1337,1340.2688,5187.4742,5310.3391,PENDING_AG03,FALSE,NOT_FOR_ENFORCEMENT,6384.5836,256811.4724,6650.6079,6384.5836,266.0243,0.02244119,0.02154355,266.0243,6384.5836,0.02154355,266.0243,266.0243,266.0243,332.5304,332.5304,6384.5836,0.02154355,1463.1337,1340.2688,5187.4742,5310.3391,0.01750413,0.01791872,0.00089765,16.2655,14.6936,0.3653,59.3804,1.1678,2646.0457,162.5536,12.4780,16.8648,9.0895,16.5695,22.0926,29.825,33.4482,44.5976,11.8163,0.0,2.018664,2.691552,0.981654,30,240,141,4,0.10479828,0.02244119,0.04150452,0E-8,0.000000,0.902668,0.011910,-0.02129501,2026-03-22,2026-08-05,112,5695,2177,137,0.817518,0.739886,0.767145,0.349328,,,,,,,,GLOBAL_BASELINE_NO_ENTITY_RANKING,,,NOT_APPLICABLE_GLOBAL_BASELINE,HF9g-P5,,,,X 全窗基线 · 不参与实体赏罚,14195649,1420,A168_HF9F_20260827_0900,2026-08-27 09:00:00
2026-05-11,110249610,1017,0,19.8459154208,-2.8876921876,-2.8876921876,0.7500000,4,4,0.50665070000000000,0.506650700000,0.9734833216690844,0.9734833216690844,0.9734833216690844,0E-17,ELIGIBLE,R03b_20260811_FULL_v1,L1_ELIGIBILITY,v2026-08-11,2026-03-21..2026-08-06,baccarat_bet02_101_all_pairs_incl_sentinel,round_win = game_pnl > 0 (decisive only),COMPATIBILITY_ONLY_NOT_PRODUCTION,296357.1217,267511.9505,6650.6079,18220,18206,-0.02244119,-0.04150452,-0.02020951,-0.02244119,-6650.6079,296357.1217,OK,0.0000,266.0243,4.0000,96.0000,AG03-UNRESOLVED,ALL5_LEVELS_bet23_to_bet27,266.0243,266.0243,266.0243,332.5304,332.5304,4.000000,4.000000,4.000000,5.000000,5.000000,96.000000,96.000000,96.000000,95.000000,95.000000,5.0,1463.1337,1340.2688,5187.4742,5310.3391,PENDING_AG03,FALSE,NOT_FOR_ENFORCEMENT,6384.5836,256811.4724,6650.6079,6384.5836,266.0243,0.02244119,0.02154355,266.0243,6384.5836,0.02154355,266.0243,266.0243,266.0243,332.5304,332.5304,6384.5836,0.02154355,1463.1337,1340.2688,5187.4742,5310.3391,0.01750413,0.01791872,0.00089765,16.2655,14.6936,0.3653,59.3804,1.1678,2646.0457,162.5536,12.4780,16.8648,9.0895,16.5695,22.0926,29.825,33.4482,44.5976,11.8163,0.0,2.018664,2.691552,0.981654,30,240,141,4,0.10479828,0.02244119,0.04150452,0E-8,0.000000,0.902668,0.011910,-0.02129501,2026-03-22,2026-08-05,112,5695,2177,137,0.817518,0.739886,0.767145,0.349328,,,,,,,,GLOBAL_BASELINE_NO_ENTITY_RANKING,,,NOT_APPLICABLE_GLOBAL_BASELINE,HF9g-P5,,,,X 全窗基线 · 不参与实体赏罚,14195650,1420,A168_HF9F_20260827_0900,2026-08-27 09:00:00
2026-05-11,110249610,1094,0,7.8045734801,-7.8045734801,-7.8045734801,0E-7,2,2,0.49994810000000000,0.499948100000,-1.4140667746232096,-1.4140667746232096,-1.4140667746232096,0E-17,ELIGIBLE,R03b_20260811_FULL_v1,L1_ELIGIBILITY,v2026-08-11,2026-03-21..2026-08-06,baccarat_bet02_101_all_pairs_incl_sentinel,round_win = game_pnl > 0 (decisive only),COMPATIBILITY_ONLY_NOT_PRODUCTION,296357.1217,267511.9505,6650.6079,18220,18206,-0.02244119,-0.04150452,-0.02020951,-0.02244119,-6650.6079,296357.1217,OK,0.0000,266.0243,4.0000,96.0000,AG03-UNRESOLVED,ALL5_LEVELS_bet23_to_bet27,266.0243,266.0243,266.0243,332.5304,332.5304,4.000000,4.000000,4.000000,5.000000,5.000000,96.000000,96.000000,96.000000,95.000000,95.000000,5.0,1463.1337,1340.2688,5187.4742,5310.3391,PENDING_AG03,FALSE,NOT_FOR_ENFORCEMENT,6384.5836,256811.4724,6650.6079,6384.5836,266.0243,0.02244119,0.02154355,266.0243,6384.5836,0.02154355,266.0243,266.0243,266.0243,332.5304,332.5304,6384.5836,0.02154355,1463.1337,1340.2688,5187.4742,5310.3391,0.01750413,0.01791872,0.00089765,16.2655,14.6936,0.3653,59.3804,1.1678,2646.0457,162.5536,12.4780,16.8648,9.0895,16.5695,22.0926,29.825,33.4482,44.5976,11.8163,0.0,2.018664,2.691552,0.981654,30,240,141,4,0.10479828,0.02244119,0.04150452,0E-8,0.000000,0.902668,0.011910,-0.02129501,2026-03-22,2026-08-05,112,5695,2177,137,0.817518,0.739886,0.767145,0.349328,,,,,,,,GLOBAL_BASELINE_NO_ENTITY_RANKING,,,NOT_APPLICABLE_GLOBAL_BASELINE,HF9g-P5,,,,X 全窗基线 · 不参与实体赏罚,14195651,1420,A168_HF9F_20260827_0900,2026-08-27 09:00:00
2026-05-11,110249610,1151,0,120.9708889409,-22.0479200812,-22.0479200812,0.4000000,5,5,0.50665070000000000,0.506650700000,-0.4769986289884125,-0.4769986289884125,-0.4769986289884125,0E-17,ELIGIBLE,R03b_20260811_FULL_v1,L1_ELIGIBILITY,v2026-08-11,2026-03-21..2026-08-06,baccarat_bet02_101_all_pairs_incl_sentinel,round_win = game_pnl > 0 (decisive only),COMPATIBILITY_ONLY_NOT_PRODUCTION,296357.1217,267511.9505,6650.6079,18220,18206,-0.02244119,-0.04150452,-0.02020951,-0.02244119,-6650.6079,296357.1217,OK,0.0000,266.0243,4.0000,96.0000,AG03-UNRESOLVED,ALL5_LEVELS_bet23_to_bet27,266.0243,266.0243,266.0243,332.5304,332.5304,4.000000,4.000000,4.000000,5.000000,5.000000,96.000000,96.000000,96.000000,95.000000,95.000000,5.0,1463.1337,1340.2688,5187.4742,5310.3391,PENDING_AG03,FALSE,NOT_FOR_ENFORCEMENT,6384.5836,256811.4724,6650.6079,6384.5836,266.0243,0.02244119,0.02154355,266.0243,6384.5836,0.02154355,266.0243,266.0243,266.0243,332.5304,332.5304,6384.5836,0.02154355,1463.1337,1340.2688,5187.4742,5310.3391,0.01750413,0.01791872,0.00089765,16.2655,14.6936,0.3653,59.3804,1.1678,2646.0457,162.5536,12.4780,16.8648,9.0895,16.5695,22.0926,29.825,33.4482,44.5976,11.8163,0.0,2.018664,2.691552,0.981654,30,240,141,4,0.10479828,0.02244119,0.04150452,0E-8,0.000000,0.902668,0.011910,-0.02129501,2026-03-22,2026-08-05,112,5695,2177,137,0.817518,0.739886,0.767145,0.349328,,,,,,,,GLOBAL_BASELINE_NO_ENTITY_RANKING,,,NOT_APPLICABLE_GLOBAL_BASELINE,HF9g-P5,,,,X 全窗基线 · 不参与实体赏罚,14195652,1420,A168_HF9F_20260827_0900,2026-08-27 09:00:00
2026-05-11,110249610,1205,0,1.1149390686,-1.1149390686,-1.1149390686,0E-7,1,1,0.49324550000000000,0.493245500000,-0.9865810262130424,-0.9865810262130424,-0.9865810262130424,0E-17,ELIGIBLE,R03b_20260811_FULL_v1,L1_ELIGIBILITY,v2026-08-11,2026-03-21..2026-08-06,baccarat_bet02_101_all_pairs_incl_sentinel,round_win = game_pnl > 0 (decisive only),COMPATIBILITY_ONLY_NOT_PRODUCTION,296357.1217,267511.9505,6650.6079,18220,18206,-0.02244119,-0.04150452,-0.02020951,-0.02244119,-6650.6079,296357.1217,OK,0.0000,266.0243,4.0000,96.0000,AG03-UNRESOLVED,ALL5_LEVELS_bet23_to_bet27,266.0243,266.0243,266.0243,332.5304,332.5304,4.000000,4.000000,4.000000,5.000000,5.000000,96.000000,96.000000,96.000000,95.000000,95.000000,5.0,1463.1337,1340.2688,5187.4742,5310.3391,PENDING_AG03,FALSE,NOT_FOR_ENFORCEMENT,6384.5836,256811.4724,6650.6079,6384.5836,266.0243,0.02244119,0.02154355,266.0243,6384.5836,0.02154355,266.0243,266.0243,266.0243,332.5304,332.5304,6384.5836,0.02154355,1463.1337,1340.2688,5187.4742,5310.3391,0.01750413,0.01791872,0.00089765,16.2655,14.6936,0.3653,59.3804,1.1678,2646.0457,162.5536,12.4780,16.8648,9.0895,16.5695,22.0926,29.825,33.4482,44.5976,11.8163,0.0,2.018664,2.691552,0.981654,30,240,141,4,0.10479828,0.02244119,0.04150452,0E-8,0.000000,0.902668,0.011910,-0.02129501,2026-03-22,2026-08-05,112,5695,2177,137,0.817518,0.739886,0.767145,0.349328,,,,,,,,GLOBAL_BASELINE_NO_ENTITY_RANKING,,,NOT_APPLICABLE_GLOBAL_BASELINE,HF9g-P5,,,,X 全窗基线 · 不参与实体赏罚,14195653,1420,A168_HF9F_20260827_0900,2026-08-27 09:00:00
2026-05-11,110249610,1325,0,73.0285089920,-68.6802466245,-68.6802466245,0.1666667,6,6,0.50218230000000000,0.502182300000,-1.6436998608832374,-1.6436998608832374,-1.6436998608832374,0E-17,ELIGIBLE,R03b_20260811_FULL_v1,L1_ELIGIBILITY,v2026-08-11,2026-03-21..2026-08-06,baccarat_bet02_101_all_pairs_incl_sentinel,round_win = game_pnl > 0 (decisive only),COMPATIBILITY_ONLY_NOT_PRODUCTION,296357.1217,267511.9505,6650.6079,18220,18206,-0.02244119,-0.04150452,-0.02020951,-0.02244119,-6650.6079,296357.1217,OK,0.0000,266.0243,4.0000,96.0000,AG03-UNRESOLVED,ALL5_LEVELS_bet23_to_bet27,266.0243,266.0243,266.0243,332.5304,332.5304,4.000000,4.000000,4.000000,5.000000,5.000000,96.000000,96.000000,96.000000,95.000000,95.000000,5.0,1463.1337,1340.2688,5187.4742,5310.3391,PENDING_AG03,FALSE,NOT_FOR_ENFORCEMENT,6384.5836,256811.4724,6650.6079,6384.5836,266.0243,0.02244119,0.02154355,266.0243,6384.5836,0.02154355,266.0243,266.0243,266.0243,332.5304,332.5304,6384.5836,0.02154355,1463.1337,1340.2688,5187.4742,5310.3391,0.01750413,0.01791872,0.00089765,16.2655,14.6936,0.3653,59.3804,1.1678,2646.0457,162.5536,12.4780,16.8648,9.0895,16.5695,22.0926,29.825,33.4482,44.5976,11.8163,0.0,2.018664,2.691552,0.981654,30,240,141,4,0.10479828,0.02244119,0.04150452,0E-8,0.000000,0.902668,0.011910,-0.02129501,2026-03-22,2026-08-05,112,5695,2177,137,0.817518,0.739886,0.767145,0.349328,,,,,,,,GLOBAL_BASELINE_NO_ENTITY_RANKING,,,NOT_APPLICABLE_GLOBAL_BASELINE,HF9g-P5,,,,X 全窗基线 · 不参与实体赏罚,14195654,1420,A168_HF9F_20260827_0900,2026-08-27 09:00:00
2026-05-11,110249610,1396,0,11.1493906858,-2.2298781372,-2.2298781372,0.5000000,2,2,0.49994810000000000,0.499948100000,0.00014679536856514622,0.00014679536856514622,0.00014679536856514622,0E-17,ELIGIBLE,R03b_20260811_FULL_v1,L1_ELIGIBILITY,v2026-08-11,2026-03-21..2026-08-06,baccarat_bet02_101_all_pairs_incl_sentinel,round_win = game_pnl > 0 (decisive only),COMPATIBILITY_ONLY_NOT_PRODUCTION,296357.1217,267511.9505,6650.6079,18220,18206,-0.02244119,-0.04150452,-0.02020951,-0.02244119,-6650.6079,296357.1217,OK,0.0000,266.0243,4.0000,96.0000,AG03-UNRESOLVED,ALL5_LEVELS_bet23_to_bet27,266.0243,266.0243,266.0243,332.5304,332.5304,4.000000,4.000000,4.000000,5.000000,5.000000,96.000000,96.000000,96.000000,95.000000,95.000000,5.0,1463.1337,1340.2688,5187.4742,5310.3391,PENDING_AG03,FALSE,NOT_FOR_ENFORCEMENT,6384.5836,256811.4724,6650.6079,6384.5836,266.0243,0.02244119,0.02154355,266.0243,6384.5836,0.02154355,266.0243,266.0243,266.0243,332.5304,332.5304,6384.5836,0.02154355,1463.1337,1340.2688,5187.4742,5310.3391,0.01750413,0.01791872,0.00089765,16.2655,14.6936,0.3653,59.3804,1.1678,2646.0457,162.5536,12.4780,16.8648,9.0895,16.5695,22.0926,29.825,33.4482,44.5976,11.8163,0.0,2.018664,2.691552,0.981654,30,240,141,4,0.10479828,0.02244119,0.04150452,0E-8,0.000000,0.902668,0.011910,-0.02129501,2026-03-22,2026-08-05,112,5695,2177,137,0.817518,0.739886,0.767145,0.349328,,,,,,,,GLOBAL_BASELINE_NO_ENTITY_RANKING,,,NOT_APPLICABLE_GLOBAL_BASELINE,HF9g-P5,,,,X 全窗基线 · 不参与实体赏罚,14195655,1420,A168_HF9F_20260827_0900,2026-08-27 09:00:00
2026-05-11,110249610,1490,0,14.8286896121,-14.8286896121,-14.8286896121,0E-7,3,3,0.49771390000000000,0.497713900000,-1.724149546644903,-1.724149546644903,-1.724149546644903,0E-17,ELIGIBLE,R03b_20260811_FULL_v1,L1_ELIGIBILITY,v2026-08-11,2026-03-21..2026-08-06,baccarat_bet02_101_all_pairs_incl_sentinel,round_win = game_pnl > 0 (decisive only),COMPATIBILITY_ONLY_NOT_PRODUCTION,296357.1217,267511.9505,6650.6079,18220,18206,-0.02244119,-0.04150452,-0.02020951,-0.02244119,-6650.6079,296357.1217,OK,0.0000,266.0243,4.0000,96.0000,AG03-UNRESOLVED,ALL5_LEVELS_bet23_to_bet27,266.0243,266.0243,266.0243,332.5304,332.5304,4.000000,4.000000,4.000000,5.000000,5.000000,96.000000,96.000000,96.000000,95.000000,95.000000,5.0,1463.1337,1340.2688,5187.4742,5310.3391,PENDING_AG03,FALSE,NOT_FOR_ENFORCEMENT,6384.5836,256811.4724,6650.6079,6384.5836,266.0243,0.02244119,0.02154355,266.0243,6384.5836,0.02154355,266.0243,266.0243,266.0243,332.5304,332.5304,6384.5836,0.02154355,1463.1337,1340.2688,5187.4742,5310.3391,0.01750413,0.01791872,0.00089765,16.2655,14.6936,0.3653,59.3804,1.1678,2646.0457,162.5536,12.4780,16.8648,9.0895,16.5695,22.0926,29.825,33.4482,44.5976,11.8163,0.0,2.018664,2.691552,0.981654,30,240,141,4,0.10479828,0.02244119,0.04150452,0E-8,0.000000,0.902668,0.011910,-0.02129501,2026-03-22,2026-08-05,112,5695,2177,137,0.817518,0.739886,0.767145,0.349328,,,,,,,,GLOBAL_BASELINE_NO_ENTITY_RANKING,,,NOT_APPLICABLE_GLOBAL_BASELINE,HF9g-P5,,,,X 全窗基线 · 不参与实体赏罚,14195656,1420,A168_HF9F_20260827_0900,2026-08-27 09:00:00
2026-05-11,110249610,1507,0,61.3216487719,-5.5746953429,-5.5746953429,0.5000000,3,3,0.49324550000000000,0.493245500000,0.01910635448239258,0.01910635448239258,0.01910635448239258,0E-17,ELIGIBLE,R03b_20260811_FULL_v1,L1_ELIGIBILITY,v2026-08-11,2026-03-21..2026-08-06,baccarat_bet02_101_all_pairs_incl_sentinel,round_win = game_pnl > 0 (decisive only),COMPATIBILITY_ONLY_NOT_PRODUCTION,296357.1217,267511.9505,6650.6079,18220,18206,-0.02244119,-0.04150452,-0.02020951,-0.02244119,-6650.6079,296357.1217,OK,0.0000,266.0243,4.0000,96.0000,AG03-UNRESOLVED,ALL5_LEVELS_bet23_to_bet27,266.0243,266.0243,266.0243,332.5304,332.5304,4.000000,4.000000,4.000000,5.000000,5.000000,96.000000,96.000000,96.000000,95.000000,95.000000,5.0,1463.1337,1340.2688,5187.4742,5310.3391,PENDING_AG03,FALSE,NOT_FOR_ENFORCEMENT,6384.5836,256811.4724,6650.6079,6384.5836,266.0243,0.02244119,0.02154355,266.0243,6384.5836,0.02154355,266.0243,266.0243,266.0243,332.5304,332.5304,6384.5836,0.02154355,1463.1337,1340.2688,5187.4742,5310.3391,0.01750413,0.01791872,0.00089765,16.2655,14.6936,0.3653,59.3804,1.1678,2646.0457,162.5536,12.4780,16.8648,9.0895,16.5695,22.0926,29.825,33.4482,44.5976,11.8163,0.0,2.018664,2.691552,0.981654,30,240,141,4,0.10479828,0.02244119,0.04150452,0E-8,0.000000,0.902668,0.011910,-0.02129501,2026-03-22,2026-08-05,112,5695,2177,137,0.817518,0.739886,0.767145,0.349328,,,,,,,,GLOBAL_BASELINE_NO_ENTITY_RANKING,,,NOT_APPLICABLE_GLOBAL_BASELINE,HF9g-P5,,,,X 全窗基线 · 不参与实体赏罚,14195657,1420,A168_HF9F_20260827_0900,2026-08-27 09:00:00
2026-05-11,110249610,1646,0,16.7240860287,-16.7240860287,-16.7240860287,0E-7,1,1,0.50665070000000000,0.506650700000,-1.013391052207602,-1.013391052207602,-1.013391052207602,0E-17,ELIGIBLE,R03b_20260811_FULL_v1,L1_ELIGIBILITY,v2026-08-11,2026-03-21..2026-08-06,baccarat_bet02_101_all_pairs_incl_sentinel,round_win = game_pnl > 0 (decisive only),COMPATIBILITY_ONLY_NOT_PRODUCTION,296357.1217,267511.9505,6650.6079,18220,18206,-0.02244119,-0.04150452,-0.02020951,-0.02244119,-6650.6079,296357.1217,OK,0.0000,266.0243,4.0000,96.0000,AG03-UNRESOLVED,ALL5_LEVELS_bet23_to_bet27,266.0243,266.0243,266.0243,332.5304,332.5304,4.000000,4.000000,4.000000,5.000000,5.000000,96.000000,96.000000,96.000000,95.000000,95.000000,5.0,1463.1337,1340.2688,5187.4742,5310.3391,PENDING_AG03,FALSE,NOT_FOR_ENFORCEMENT,6384.5836,256811.4724,6650.6079,6384.5836,266.0243,0.02244119,0.02154355,266.0243,6384.5836,0.02154355,266.0243,266.0243,266.0243,332.5304,332.5304,6384.5836,0.02154355,1463.1337,1340.2688,5187.4742,5310.3391,0.01750413,0.01791872,0.00089765,16.2655,14.6936,0.3653,59.3804,1.1678,2646.0457,162.5536,12.4780,16.8648,9.0895,16.5695,22.0926,29.825,33.4482,44.5976,11.8163,0.0,2.018664,2.691552,0.981654,30,240,141,4,0.10479828,0.02244119,0.04150452,0E-8,0.000000,0.902668,0.011910,-0.02129501,2026-03-22,2026-08-05,112,5695,2177,137,0.817518,0.739886,0.767145,0.349328,,,,,,,,GLOBAL_BASELINE_NO_ENTITY_RANKING,,,NOT_APPLICABLE_GLOBAL_BASELINE,HF9g-P5,,,,X 全窗基线 · 不参与实体赏罚,14195658,1420,A168_HF9F_20260827_0900,2026-08-27 09:00:00
2026-05-11,110249610,1704,0,169.9167140516,26.6247449578,26.6247449578,0.6000000,10,10,0.50396966000000000,0.503969660000,0.6073683401265829,0.6073683401265829,0.6073683401265829,0E-17,ELIGIBLE,R03b_20260811_FULL_v1,L1_ELIGIBILITY,v2026-08-11,2026-03-21..2026-08-06,baccarat_bet02_101_all_pairs_incl_sentinel,round_win = game_pnl > 0 (decisive only),COMPATIBILITY_ONLY_NOT_PRODUCTION,296357.1217,267511.9505,6650.6079,18220,18206,-0.02244119,-0.04150452,-0.02020951,-0.02244119,-6650.6079,296357.1217,OK,0.0000,266.0243,4.0000,96.0000,AG03-UNRESOLVED,ALL5_LEVELS_bet23_to_bet27,266.0243,266.0243,266.0243,332.5304,332.5304,4.000000,4.000000,4.000000,5.000000,5.000000,96.000000,96.000000,96.000000,95.000000,95.000000,5.0,1463.1337,1340.2688,5187.4742,5310.3391,PENDING_AG03,FALSE,NOT_FOR_ENFORCEMENT,6384.5836,256811.4724,6650.6079,6384.5836,266.0243,0.02244119,0.02154355,266.0243,6384.5836,0.02154355,266.0243,266.0243,266.0243,332.5304,332.5304,6384.5836,0.02154355,1463.1337,1340.2688,5187.4742,5310.3391,0.01750413,0.01791872,0.00089765,16.2655,14.6936,0.3653,59.3804,1.1678,2646.0457,162.5536,12.4780,16.8648,9.0895,16.5695,22.0926,29.825,33.4482,44.5976,11.8163,0.0,2.018664,2.691552,0.981654,30,240,141,4,0.10479828,0.02244119,0.04150452,0E-8,0.000000,0.902668,0.011910,-0.02129501,2026-03-22,2026-08-05,112,5695,2177,137,0.817518,0.739886,0.767145,0.349328,,,,,,,,GLOBAL_BASELINE_NO_ENTITY_RANKING,,,NOT_APPLICABLE_GLOBAL_BASELINE,HF9g-P5,,,,X 全窗基线 · 不参与实体赏罚,14195659,1420,A168_HF9F_20260827_0900,2026-08-27 09:00:00
2026-05-11,110249610,1710,0,4.4597562743,-4.4597562743,-4.4597562743,0E-7,1,1,0.50665070000000000,0.506650700000,-1.013391052207602,-1.013391052207602,-1.013391052207602,0E-17,ELIGIBLE,R03b_20260811_FULL_v1,L1_ELIGIBILITY,v2026-08-11,2026-03-21..2026-08-06,baccarat_bet02_101_all_pairs_incl_sentinel,round_win = game_pnl > 0 (decisive only),COMPATIBILITY_ONLY_NOT_PRODUCTION,296357.1217,267511.9505,6650.6079,18220,18206,-0.02244119,-0.04150452,-0.02020951,-0.02244119,-6650.6079,296357.1217,OK,0.0000,266.0243,4.0000,96.0000,AG03-UNRESOLVED,ALL5_LEVELS_bet23_to_bet27,266.0243,266.0243,266.0243,332.5304,332.5304,4.000000,4.000000,4.000000,5.000000,5.000000,96.000000,96.000000,96.000000,95.000000,95.000000,5.0,1463.1337,1340.2688,5187.4742,5310.3391,PENDING_AG03,FALSE,NOT_FOR_ENFORCEMENT,6384.5836,256811.4724,6650.6079,6384.5836,266.0243,0.02244119,0.02154355,266.0243,6384.5836,0.02154355,266.0243,266.0243,266.0243,332.5304,332.5304,6384.5836,0.02154355,1463.1337,1340.2688,5187.4742,5310.3391,0.01750413,0.01791872,0.00089765,16.2655,14.6936,0.3653,59.3804,1.1678,2646.0457,162.5536,12.4780,16.8648,9.0895,16.5695,22.0926,29.825,33.4482,44.5976,11.8163,0.0,2.018664,2.691552,0.981654,30,240,141,4,0.10479828,0.02244119,0.04150452,0E-8,0.000000,0.902668,0.011910,-0.02129501,2026-03-22,2026-08-05,112,5695,2177,137,0.817518,0.739886,0.767145,0.349328,,,,,,,,GLOBAL_BASELINE_NO_ENTITY_RANKING,,,NOT_APPLICABLE_GLOBAL_BASELINE,HF9g-P5,,,,X 全窗基线 · 不参与实体赏罚,14195660,1420,A168_HF9F_20260827_0900,2026-08-27 09:00:00
2026-05-11,110249610,1935,0,5.5746953429,-1.1149390685,-1.1149390685,0.5000000,2,2,0.49324550000000000,0.493245500000,0.01910635448239258,0.01910635448239258,0.01910635448239258,0E-17,ELIGIBLE,R03b_20260811_FULL_v1,L1_ELIGIBILITY,v2026-08-11,2026-03-21..2026-08-06,baccarat_bet02_101_all_pairs_incl_sentinel,round_win = game_pnl > 0 (decisive only),COMPATIBILITY_ONLY_NOT_PRODUCTION,296357.1217,267511.9505,6650.6079,18220,18206,-0.02244119,-0.04150452,-0.02020951,-0.02244119,-6650.6079,296357.1217,OK,0.0000,266.0243,4.0000,96.0000,AG03-UNRESOLVED,ALL5_LEVELS_bet23_to_bet27,266.0243,266.0243,266.0243,332.5304,332.5304,4.000000,4.000000,4.000000,5.000000,5.000000,96.000000,96.000000,96.000000,95.000000,95.000000,5.0,1463.1337,1340.2688,5187.4742,5310.3391,PENDING_AG03,FALSE,NOT_FOR_ENFORCEMENT,6384.5836,256811.4724,6650.6079,6384.5836,266.0243,0.02244119,0.02154355,266.0243,6384.5836,0.02154355,266.0243,266.0243,266.0243,332.5304,332.5304,6384.5836,0.02154355,1463.1337,1340.2688,5187.4742,5310.3391,0.01750413,0.01791872,0.00089765,16.2655,14.6936,0.3653,59.3804,1.1678,2646.0457,162.5536,12.4780,16.8648,9.0895,16.5695,22.0926,29.825,33.4482,44.5976,11.8163,0.0,2.018664,2.691552,0.981654,30,240,141,4,0.10479828,0.02244119,0.04150452,0E-8,0.000000,0.902668,0.011910,-0.02129501,2026-03-22,2026-08-05,112,5695,2177,137,0.817518,0.739886,0.767145,0.349328,,,,,,,,GLOBAL_BASELINE_NO_ENTITY_RANKING,,,NOT_APPLICABLE_GLOBAL_BASELINE,HF9g-P5,,,,X 全窗基线 · 不参与实体赏罚,14195661,1420,A168_HF9F_20260827_0900,2026-08-27 09:00:00
2026-05-11,110249610,1940,0,6.6896344115,-6.6896344115,-6.6896344115,0E-7,1,1,0.49324550000000000,0.493245500000,-0.9865810262130424,-0.9865810262130424,-0.9865810262130424,0E-17,ELIGIBLE,R03b_20260811_FULL_v1,L1_ELIGIBILITY,v2026-08-11,2026-03-21..2026-08-06,baccarat_bet02_101_all_pairs_incl_sentinel,round_win = game_pnl > 0 (decisive only),COMPATIBILITY_ONLY_NOT_PRODUCTION,296357.1217,267511.9505,6650.6079,18220,18206,-0.02244119,-0.04150452,-0.02020951,-0.02244119,-6650.6079,296357.1217,OK,0.0000,266.0243,4.0000,96.0000,AG03-UNRESOLVED,ALL5_LEVELS_bet23_to_bet27,266.0243,266.0243,266.0243,332.5304,332.5304,4.000000,4.000000,4.000000,5.000000,5.000000,96.000000,96.000000,96.000000,95.000000,95.000000,5.0,1463.1337,1340.2688,5187.4742,5310.3391,PENDING_AG03,FALSE,NOT_FOR_ENFORCEMENT,6384.5836,256811.4724,6650.6079,6384.5836,266.0243,0.02244119,0.02154355,266.0243,6384.5836,0.02154355,266.0243,266.0243,266.0243,332.5304,332.5304,6384.5836,0.02154355,1463.1337,1340.2688,5187.4742,5310.3391,0.01750413,0.01791872,0.00089765,16.2655,14.6936,0.3653,59.3804,1.1678,2646.0457,162.5536,12.4780,16.8648,9.0895,16.5695,22.0926,29.825,33.4482,44.5976,11.8163,0.0,2.018664,2.691552,0.981654,30,240,141,4,0.10479828,0.02244119,0.04150452,0E-8,0.000000,0.902668,0.011910,-0.02129501,2026-03-22,2026-08-05,112,5695,2177,137,0.817518,0.739886,0.767145,0.349328,,,,,,,,GLOBAL_BASELINE_NO_ENTITY_RANKING,,,NOT_APPLICABLE_GLOBAL_BASELINE,HF9g-P5,,,,X 全窗基线 · 不参与实体赏罚,14195662,1420,A168_HF9F_20260827_0900,2026-08-27 09:00:00
2026-05-11,110249610,1947,0,73.5859785263,-2.2298781371,-2.2298781371,0.5000000,6,6,0.49324550000000000,0.493245500000,0.03309317671092531,0.03309317671092531,0.03309317671092531,0E-17,ELIGIBLE,R03b_20260811_FULL_v1,L1_ELIGIBILITY,v2026-08-11,2026-03-21..2026-08-06,baccarat_bet02_101_all_pairs_incl_sentinel,round_win = game_pnl > 0 (decisive only),COMPATIBILITY_ONLY_NOT_PRODUCTION,296357.1217,267511.9505,6650.6079,18220,18206,-0.02244119,-0.04150452,-0.02020951,-0.02244119,-6650.6079,296357.1217,OK,0.0000,266.0243,4.0000,96.0000,AG03-UNRESOLVED,ALL5_LEVELS_bet23_to_bet27,266.0243,266.0243,266.0243,332.5304,332.5304,4.000000,4.000000,4.000000,5.000000,5.000000,96.000000,96.000000,96.000000,95.000000,95.000000,5.0,1463.1337,1340.2688,5187.4742,5310.3391,PENDING_AG03,FALSE,NOT_FOR_ENFORCEMENT,6384.5836,256811.4724,6650.6079,6384.5836,266.0243,0.02244119,0.02154355,266.0243,6384.5836,0.02154355,266.0243,266.0243,266.0243,332.5304,332.5304,6384.5836,0.02154355,1463.1337,1340.2688,5187.4742,5310.3391,0.01750413,0.01791872,0.00089765,16.2655,14.6936,0.3653,59.3804,1.1678,2646.0457,162.5536,12.4780,16.8648,9.0895,16.5695,22.0926,29.825,33.4482,44.5976,11.8163,0.0,2.018664,2.691552,0.981654,30,240,141,4,0.10479828,0.02244119,0.04150452,0E-8,0.000000,0.902668,0.011910,-0.02129501,2026-03-22,2026-08-05,112,5695,2177,137,0.817518,0.739886,0.767145,0.349328,,,,,,,,GLOBAL_BASELINE_NO_ENTITY_RANKING,,,NOT_APPLICABLE_GLOBAL_BASELINE,HF9g-P5,,,,X 全窗基线 · 不参与实体赏罚,14195663,1420,A168_HF9F_20260827_0900,2026-08-27 09:00:00
2026-05-11,110249610,1951,0,60.2067097033,-5.8534301100,-5.8534301100,0.5000000,4,4,0.50665070000000000,0.506650700000,-0.02660515369234503,-0.02660515369234503,-0.02660515369234503,0E-17,ELIGIBLE,R03b_20260811_FULL_v1,L1_ELIGIBILITY,v2026-08-11,2026-03-21..2026-08-06,baccarat_bet02_101_all_pairs_incl_sentinel,round_win = game_pnl > 0 (decisive only),COMPATIBILITY_ONLY_NOT_PRODUCTION,296357.1217,267511.9505,6650.6079,18220,18206,-0.02244119,-0.04150452,-0.02020951,-0.02244119,-6650.6079,296357.1217,OK,0.0000,266.0243,4.0000,96.0000,AG03-UNRESOLVED,ALL5_LEVELS_bet23_to_bet27,266.0243,266.0243,266.0243,332.5304,332.5304,4.000000,4.000000,4.000000,5.000000,5.000000,96.000000,96.000000,96.000000,95.000000,95.000000,5.0,1463.1337,1340.2688,5187.4742,5310.3391,PENDING_AG03,FALSE,NOT_FOR_ENFORCEMENT,6384.5836,256811.4724,6650.6079,6384.5836,266.0243,0.02244119,0.02154355,266.0243,6384.5836,0.02154355,266.0243,266.0243,266.0243,332.5304,332.5304,6384.5836,0.02154355,1463.1337,1340.2688,5187.4742,5310.3391,0.01750413,0.01791872,0.00089765,16.2655,14.6936,0.3653,59.3804,1.1678,2646.0457,162.5536,12.4780,16.8648,9.0895,16.5695,22.0926,29.825,33.4482,44.5976,11.8163,0.0,2.018664,2.691552,0.981654,30,240,141,4,0.10479828,0.02244119,0.04150452,0E-8,0.000000,0.902668,0.011910,-0.02129501,2026-03-22,2026-08-05,112,5695,2177,137,0.817518,0.739886,0.767145,0.349328,,,,,,,,GLOBAL_BASELINE_NO_ENTITY_RANKING,,,NOT_APPLICABLE_GLOBAL_BASELINE,HF9g-P5,,,,X 全窗基线 · 不参与实体赏罚,14195664,1420,A168_HF9F_20260827_0900,2026-08-27 09:00:00
2026-05-11,110249610,1990,0,6.3551526910,1.8953964166,1.8953964166,0.6666667,4,4,0.49324550000000000,0.493245500000,0.6008033672792107,0.6008033672792106,0.6008033672792107,0E-17,ELIGIBLE,R03b_20260811_FULL_v1,L1_ELIGIBILITY,v2026-08-11,2026-03-21..2026-08-06,baccarat_bet02_101_all_pairs_incl_sentinel,round_win = game_pnl > 0 (decisive only),COMPATIBILITY_ONLY_NOT_PRODUCTION,296357.1217,267511.9505,6650.6079,18220,18206,-0.02244119,-0.04150452,-0.02020951,-0.02244119,-6650.6079,296357.1217,OK,0.0000,266.0243,4.0000,96.0000,AG03-UNRESOLVED,ALL5_LEVELS_bet23_to_bet27,266.0243,266.0243,266.0243,332.5304,332.5304,4.000000,4.000000,4.000000,5.000000,5.000000,96.000000,96.000000,96.000000,95.000000,95.000000,5.0,1463.1337,1340.2688,5187.4742,5310.3391,PENDING_AG03,FALSE,NOT_FOR_ENFORCEMENT,6384.5836,256811.4724,6650.6079,6384.5836,266.0243,0.02244119,0.02154355,266.0243,6384.5836,0.02154355,266.0243,266.0243,266.0243,332.5304,332.5304,6384.5836,0.02154355,1463.1337,1340.2688,5187.4742,5310.3391,0.01750413,0.01791872,0.00089765,16.2655,14.6936,0.3653,59.3804,1.1678,2646.0457,162.5536,12.4780,16.8648,9.0895,16.5695,22.0926,29.825,33.4482,44.5976,11.8163,0.0,2.018664,2.691552,0.981654,30,240,141,4,0.10479828,0.02244119,0.04150452,0E-8,0.000000,0.902668,0.011910,-0.02129501,2026-03-22,2026-08-05,112,5695,2177,137,0.817518,0.739886,0.767145,0.349328,,,,,,,,GLOBAL_BASELINE_NO_ENTITY_RANKING,,,NOT_APPLICABLE_GLOBAL_BASELINE,HF9g-P5,,,,X 全窗基线 · 不参与实体赏罚,14195665,1420,A168_HF9F_20260827_0900,2026-08-27 09:00:00
2026-05-11,110249610,2090,0,2.2298781372,-2.2298781372,-2.2298781372,0E-7,1,1,0.49324550000000000,0.493245500000,-0.9865810262130424,-0.9865810262130424,-0.9865810262130424,0E-17,ELIGIBLE,R03b_20260811_FULL_v1,L1_ELIGIBILITY,v2026-08-11,2026-03-21..2026-08-06,baccarat_bet02_101_all_pairs_incl_sentinel,round_win = game_pnl > 0 (decisive only),COMPATIBILITY_ONLY_NOT_PRODUCTION,296357.1217,267511.9505,6650.6079,18220,18206,-0.02244119,-0.04150452,-0.02020951,-0.02244119,-6650.6079,296357.1217,OK,0.0000,266.0243,4.0000,96.0000,AG03-UNRESOLVED,ALL5_LEVELS_bet23_to_bet27,266.0243,266.0243,266.0243,332.5304,332.5304,4.000000,4.000000,4.000000,5.000000,5.000000,96.000000,96.000000,96.000000,95.000000,95.000000,5.0,1463.1337,1340.2688,5187.4742,5310.3391,PENDING_AG03,FALSE,NOT_FOR_ENFORCEMENT,6384.5836,256811.4724,6650.6079,6384.5836,266.0243,0.02244119,0.02154355,266.0243,6384.5836,0.02154355,266.0243,266.0243,266.0243,332.5304,332.5304,6384.5836,0.02154355,1463.1337,1340.2688,5187.4742,5310.3391,0.01750413,0.01791872,0.00089765,16.2655,14.6936,0.3653,59.3804,1.1678,2646.0457,162.5536,12.4780,16.8648,9.0895,16.5695,22.0926,29.825,33.4482,44.5976,11.8163,0.0,2.018664,2.691552,0.981654,30,240,141,4,0.10479828,0.02244119,0.04150452,0E-8,0.000000,0.902668,0.011910,-0.02129501,2026-03-22,2026-08-05,112,5695,2177,137,0.817518,0.739886,0.767145,0.349328,,,,,,,,GLOBAL_BASELINE_NO_ENTITY_RANKING,,,NOT_APPLICABLE_GLOBAL_BASELINE,HF9g-P5,,,,X 全窗基线 · 不参与实体赏罚,14195666,1420,A168_HF9F_20260827_0900,2026-08-27 09:00:00
2026-05-11,110249610,2123,0,137.2489993423,15.9770768527,15.9770768527,0.5454545,13,13,0.49840134615384615,0.498401346154,0.31211720988877856,0.31211720988775776,0.31211720988877856,-1.5385E-13,ELIGIBLE,R03b_20260811_FULL_v1,L1_ELIGIBILITY,v2026-08-11,2026-03-21..2026-08-06,baccarat_bet02_101_all_pairs_incl_sentinel,round_win = game_pnl > 0 (decisive only),COMPATIBILITY_ONLY_NOT_PRODUCTION,296357.1217,267511.9505,6650.6079,18220,18206,-0.02244119,-0.04150452,-0.02020951,-0.02244119,-6650.6079,296357.1217,OK,0.0000,266.0243,4.0000,96.0000,AG03-UNRESOLVED,ALL5_LEVELS_bet23_to_bet27,266.0243,266.0243,266.0243,332.5304,332.5304,4.000000,4.000000,4.000000,5.000000,5.000000,96.000000,96.000000,96.000000,95.000000,95.000000,5.0,1463.1337,1340.2688,5187.4742,5310.3391,PENDING_AG03,FALSE,NOT_FOR_ENFORCEMENT,6384.5836,256811.4724,6650.6079,6384.5836,266.0243,0.02244119,0.02154355,266.0243,6384.5836,0.02154355,266.0243,266.0243,266.0243,332.5304,332.5304,6384.5836,0.02154355,1463.1337,1340.2688,5187.4742,5310.3391,0.01750413,0.01791872,0.00089765,16.2655,14.6936,0.3653,59.3804,1.1678,2646.0457,162.5536,12.4780,16.8648,9.0895,16.5695,22.0926,29.825,33.4482,44.5976,11.8163,0.0,2.018664,2.691552,0.981654,30,240,141,4,0.10479828,0.02244119,0.04150452,0E-8,0.000000,0.902668,0.011910,-0.02129501,2026-03-22,2026-08-05,112,5695,2177,137,0.817518,0.739886,0.767145,0.349328,,,,,,,,GLOBAL_BASELINE_NO_ENTITY_RANKING,,,NOT_APPLICABLE_GLOBAL_BASELINE,HF9g-P5,,,,X 全窗基线 · 不参与实体赏罚,14195667,1420,A168_HF9F_20260827_0900,2026-08-27 09:00:00
2026-05-11,110249610,2145,0,74.7009175949,-15.0516774258,-15.0516774258,0.3333333,6,6,0.49771390000000000,0.497713900000,-0.8053054414300617,-0.8053054414300617,-0.8053054414300617,0E-17,ELIGIBLE,R03b_20260811_FULL_v1,L1_ELIGIBILITY,v2026-08-11,2026-03-21..2026-08-06,baccarat_bet02_101_all_pairs_incl_sentinel,round_win = game_pnl > 0 (decisive only),COMPATIBILITY_ONLY_NOT_PRODUCTION,296357.1217,267511.9505,6650.6079,18220,18206,-0.02244119,-0.04150452,-0.02020951,-0.02244119,-6650.6079,296357.1217,OK,0.0000,266.0243,4.0000,96.0000,AG03-UNRESOLVED,ALL5_LEVELS_bet23_to_bet27,266.0243,266.0243,266.0243,332.5304,332.5304,4.000000,4.000000,4.000000,5.000000,5.000000,96.000000,96.000000,96.000000,95.000000,95.000000,5.0,1463.1337,1340.2688,5187.4742,5310.3391,PENDING_AG03,FALSE,NOT_FOR_ENFORCEMENT,6384.5836,256811.4724,6650.6079,6384.5836,266.0243,0.02244119,0.02154355,266.0243,6384.5836,0.02154355,266.0243,266.0243,266.0243,332.5304,332.5304,6384.5836,0.02154355,1463.1337,1340.2688,5187.4742,5310.3391,0.01750413,0.01791872,0.00089765,16.2655,14.6936,0.3653,59.3804,1.1678,2646.0457,162.5536,12.4780,16.8648,9.0895,16.5695,22.0926,29.825,33.4482,44.5976,11.8163,0.0,2.018664,2.691552,0.981654,30,240,141,4,0.10479828,0.02244119,0.04150452,0E-8,0.000000,0.902668,0.011910,-0.02129501,2026-03-22,2026-08-05,112,5695,2177,137,0.817518,0.739886,0.767145,0.349328,,,,,,,,GLOBAL_BASELINE_NO_ENTITY_RANKING,,,NOT_APPLICABLE_GLOBAL_BASELINE,HF9g-P5,,,,X 全窗基线 · 不参与实体赏罚,14195668,1420,A168_HF9F_20260827_0900,2026-08-27 09:00:00
2026-05-11,110249610,2152,0,114.8387240637,2.2298781372,2.2298781372,0.4000000,7,7,0.49516052857142857,0.495160528571,-0.4255907568707367,-0.4255907568688235,-0.4255907568707367,4.2857E-13,ELIGIBLE,R03b_20260811_FULL_v1,L1_ELIGIBILITY,v2026-08-11,2026-03-21..2026-08-06,baccarat_bet02_101_all_pairs_incl_sentinel,round_win = game_pnl > 0 (decisive only),COMPATIBILITY_ONLY_NOT_PRODUCTION,296357.1217,267511.9505,6650.6079,18220,18206,-0.02244119,-0.04150452,-0.02020951,-0.02244119,-6650.6079,296357.1217,OK,0.0000,266.0243,4.0000,96.0000,AG03-UNRESOLVED,ALL5_LEVELS_bet23_to_bet27,266.0243,266.0243,266.0243,332.5304,332.5304,4.000000,4.000000,4.000000,5.000000,5.000000,96.000000,96.000000,96.000000,95.000000,95.000000,5.0,1463.1337,1340.2688,5187.4742,5310.3391,PENDING_AG03,FALSE,NOT_FOR_ENFORCEMENT,6384.5836,256811.4724,6650.6079,6384.5836,266.0243,0.02244119,0.02154355,266.0243,6384.5836,0.02154355,266.0243,266.0243,266.0243,332.5304,332.5304,6384.5836,0.02154355,1463.1337,1340.2688,5187.4742,5310.3391,0.01750413,0.01791872,0.00089765,16.2655,14.6936,0.3653,59.3804,1.1678,2646.0457,162.5536,12.4780,16.8648,9.0895,16.5695,22.0926,29.825,33.4482,44.5976,11.8163,0.0,2.018664,2.691552,0.981654,30,240,141,4,0.10479828,0.02244119,0.04150452,0E-8,0.000000,0.902668,0.011910,-0.02129501,2026-03-22,2026-08-05,112,5695,2177,137,0.817518,0.739886,0.767145,0.349328,,,,,,,,GLOBAL_BASELINE_NO_ENTITY_RANKING,,,NOT_APPLICABLE_GLOBAL_BASELINE,HF9g-P5,,,,X 全窗基线 · 不参与实体赏罚,14195669,1420,A168_HF9F_20260827_0900,2026-08-27 09:00:00
2026-05-11,110249610,2205,0,21.1838423031,14.4942078915,14.4942078915,0.5000000,3,3,0.49324550000000000,0.493245500000,0.01910635448239258,0.01910635448239258,0.01910635448239258,0E-17,ELIGIBLE,R03b_20260811_FULL_v1,L1_ELIGIBILITY,v2026-08-11,2026-03-21..2026-08-06,baccarat_bet02_101_all_pairs_incl_sentinel,round_win = game_pnl > 0 (decisive only),COMPATIBILITY_ONLY_NOT_PRODUCTION,296357.1217,267511.9505,6650.6079,18220,18206,-0.02244119,-0.04150452,-0.02020951,-0.02244119,-6650.6079,296357.1217,OK,0.0000,266.0243,4.0000,96.0000,AG03-UNRESOLVED,ALL5_LEVELS_bet23_to_bet27,266.0243,266.0243,266.0243,332.5304,332.5304,4.000000,4.000000,4.000000,5.000000,5.000000,96.000000,96.000000,96.000000,95.000000,95.000000,5.0,1463.1337,1340.2688,5187.4742,5310.3391,PENDING_AG03,FALSE,NOT_FOR_ENFORCEMENT,6384.5836,256811.4724,6650.6079,6384.5836,266.0243,0.02244119,0.02154355,266.0243,6384.5836,0.02154355,266.0243,266.0243,266.0243,332.5304,332.5304,6384.5836,0.02154355,1463.1337,1340.2688,5187.4742,5310.3391,0.01750413,0.01791872,0.00089765,16.2655,14.6936,0.3653,59.3804,1.1678,2646.0457,162.5536,12.4780,16.8648,9.0895,16.5695,22.0926,29.825,33.4482,44.5976,11.8163,0.0,2.018664,2.691552,0.981654,30,240,141,4,0.10479828,0.02244119,0.04150452,0E-8,0.000000,0.902668,0.011910,-0.02129501,2026-03-22,2026-08-05,112,5695,2177,137,0.817518,0.739886,0.767145,0.349328,,,,,,,,GLOBAL_BASELINE_NO_ENTITY_RANKING,,,NOT_APPLICABLE_GLOBAL_BASELINE,HF9g-P5,,,,X 全窗基线 · 不参与实体赏罚,14195670,1420,A168_HF9F_20260827_0900,2026-08-27 09:00:00
2026-05-11,110249610,2209,0,24.5286595088,-20.1803971413,-20.1803971413,0.2500000,4,4,0.50665070000000000,0.506650700000,-1.0266936290537745,-1.0266936290537745,-1.0266936290537745,0E-17,ELIGIBLE,R03b_20260811_FULL_v1,L1_ELIGIBILITY,v2026-08-11,2026-03-21..2026-08-06,baccarat_bet02_101_all_pairs_incl_sentinel,round_win = game_pnl > 0 (decisive only),COMPATIBILITY_ONLY_NOT_PRODUCTION,296357.1217,267511.9505,6650.6079,18220,18206,-0.02244119,-0.04150452,-0.02020951,-0.02244119,-6650.6079,296357.1217,OK,0.0000,266.0243,4.0000,96.0000,AG03-UNRESOLVED,ALL5_LEVELS_bet23_to_bet27,266.0243,266.0243,266.0243,332.5304,332.5304,4.000000,4.000000,4.000000,5.000000,5.000000,96.000000,96.000000,96.000000,95.000000,95.000000,5.0,1463.1337,1340.2688,5187.4742,5310.3391,PENDING_AG03,FALSE,NOT_FOR_ENFORCEMENT,6384.5836,256811.4724,6650.6079,6384.5836,266.0243,0.02244119,0.02154355,266.0243,6384.5836,0.02154355,266.0243,266.0243,266.0243,332.5304,332.5304,6384.5836,0.02154355,1463.1337,1340.2688,5187.4742,5310.3391,0.01750413,0.01791872,0.00089765,16.2655,14.6936,0.3653,59.3804,1.1678,2646.0457,162.5536,12.4780,16.8648,9.0895,16.5695,22.0926,29.825,33.4482,44.5976,11.8163,0.0,2.018664,2.691552,0.981654,30,240,141,4,0.10479828,0.02244119,0.04150452,0E-8,0.000000,0.902668,0.011910,-0.02129501,2026-03-22,2026-08-05,112,5695,2177,137,0.817518,0.739886,0.767145,0.349328,,,,,,,,GLOBAL_BASELINE_NO_ENTITY_RANKING,,,NOT_APPLICABLE_GLOBAL_BASELINE,HF9g-P5,,,,X 全窗基线 · 不参与实体赏罚,14195671,1420,A168_HF9F_20260827_0900,2026-08-27 09:00:00
2026-05-11,110249610,2218,0,89.6411011138,28.2637053885,28.2637053885,0.4000000,6,6,0.50218230000000000,0.502182300000,-0.4569774904649096,-0.4569774904649096,-0.4569774904649096,0E-17,ELIGIBLE,R03b_20260811_FULL_v1,L1_ELIGIBILITY,v2026-08-11,2026-03-21..2026-08-06,baccarat_bet02_101_all_pairs_incl_sentinel,round_win = game_pnl > 0 (decisive only),COMPATIBILITY_ONLY_NOT_PRODUCTION,296357.1217,267511.9505,6650.6079,18220,18206,-0.02244119,-0.04150452,-0.02020951,-0.02244119,-6650.6079,296357.1217,OK,0.0000,266.0243,4.0000,96.0000,AG03-UNRESOLVED,ALL5_LEVELS_bet23_to_bet27,266.0243,266.0243,266.0243,332.5304,332.5304,4.000000,4.000000,4.000000,5.000000,5.000000,96.000000,96.000000,96.000000,95.000000,95.000000,5.0,1463.1337,1340.2688,5187.4742,5310.3391,PENDING_AG03,FALSE,NOT_FOR_ENFORCEMENT,6384.5836,256811.4724,6650.6079,6384.5836,266.0243,0.02244119,0.02154355,266.0243,6384.5836,0.02154355,266.0243,266.0243,266.0243,332.5304,332.5304,6384.5836,0.02154355,1463.1337,1340.2688,5187.4742,5310.3391,0.01750413,0.01791872,0.00089765,16.2655,14.6936,0.3653,59.3804,1.1678,2646.0457,162.5536,12.4780,16.8648,9.0895,16.5695,22.0926,29.825,33.4482,44.5976,11.8163,0.0,2.018664,2.691552,0.981654,30,240,141,4,0.10479828,0.02244119,0.04150452,0E-8,0.000000,0.902668,0.011910,-0.02129501,2026-03-22,2026-08-05,112,5695,2177,137,0.817518,0.739886,0.767145,0.349328,,,,,,,,GLOBAL_BASELINE_NO_ENTITY_RANKING,,,NOT_APPLICABLE_GLOBAL_BASELINE,HF9g-P5,,,,X 全窗基线 · 不参与实体赏罚,14195672,1420,A168_HF9F_20260827_0900,2026-08-27 09:00:00
2026-05-11,110249610,2222,0,1.3379268823,-1.3379268823,-1.3379268823,0E-7,1,1,0.50665070000000000,0.506650700000,-1.013391052207602,-1.013391052207602,-1.013391052207602,0E-17,ELIGIBLE,R03b_20260811_FULL_v1,L1_ELIGIBILITY,v2026-08-11,2026-03-21..2026-08-06,baccarat_bet02_101_all_pairs_incl_sentinel,round_win = game_pnl > 0 (decisive only),COMPATIBILITY_ONLY_NOT_PRODUCTION,296357.1217,267511.9505,6650.6079,18220,18206,-0.02244119,-0.04150452,-0.02020951,-0.02244119,-6650.6079,296357.1217,OK,0.0000,266.0243,4.0000,96.0000,AG03-UNRESOLVED,ALL5_LEVELS_bet23_to_bet27,266.0243,266.0243,266.0243,332.5304,332.5304,4.000000,4.000000,4.000000,5.000000,5.000000,96.000000,96.000000,96.000000,95.000000,95.000000,5.0,1463.1337,1340.2688,5187.4742,5310.3391,PENDING_AG03,FALSE,NOT_FOR_ENFORCEMENT,6384.5836,256811.4724,6650.6079,6384.5836,266.0243,0.02244119,0.02154355,266.0243,6384.5836,0.02154355,266.0243,266.0243,266.0243,332.5304,332.5304,6384.5836,0.02154355,1463.1337,1340.2688,5187.4742,5310.3391,0.01750413,0.01791872,0.00089765,16.2655,14.6936,0.3653,59.3804,1.1678,2646.0457,162.5536,12.4780,16.8648,9.0895,16.5695,22.0926,29.825,33.4482,44.5976,11.8163,0.0,2.018664,2.691552,0.981654,30,240,141,4,0.10479828,0.02244119,0.04150452,0E-8,0.000000,0.902668,0.011910,-0.02129501,2026-03-22,2026-08-05,112,5695,2177,137,0.817518,0.739886,0.767145,0.349328,,,,,,,,GLOBAL_BASELINE_NO_ENTITY_RANKING,,,NOT_APPLICABLE_GLOBAL_BASELINE,HF9g-P5,,,,X 全窗基线 · 不参与实体赏罚,14195673,1420,A168_HF9F_20260827_0900,2026-08-27 09:00:00
2026-05-11,110249610,2234,0,46.8274408806,-27.2045132734,-27.2045132734,0.5714286,8,8,0.50329940000000000,0.503299400000,0.36051353847308226,0.3605135384730823,0.36051353847308226,0E-17,ELIGIBLE,R03b_20260811_FULL_v1,L1_ELIGIBILITY,v2026-08-11,2026-03-21..2026-08-06,baccarat_bet02_101_all_pairs_incl_sentinel,round_win = game_pnl > 0 (decisive only),COMPATIBILITY_ONLY_NOT_PRODUCTION,296357.1217,267511.9505,6650.6079,18220,18206,-0.02244119,-0.04150452,-0.02020951,-0.02244119,-6650.6079,296357.1217,OK,0.0000,266.0243,4.0000,96.0000,AG03-UNRESOLVED,ALL5_LEVELS_bet23_to_bet27,266.0243,266.0243,266.0243,332.5304,332.5304,4.000000,4.000000,4.000000,5.000000,5.000000,96.000000,96.000000,96.000000,95.000000,95.000000,5.0,1463.1337,1340.2688,5187.4742,5310.3391,PENDING_AG03,FALSE,NOT_FOR_ENFORCEMENT,6384.5836,256811.4724,6650.6079,6384.5836,266.0243,0.02244119,0.02154355,266.0243,6384.5836,0.02154355,266.0243,266.0243,266.0243,332.5304,332.5304,6384.5836,0.02154355,1463.1337,1340.2688,5187.4742,5310.3391,0.01750413,0.01791872,0.00089765,16.2655,14.6936,0.3653,59.3804,1.1678,2646.0457,162.5536,12.4780,16.8648,9.0895,16.5695,22.0926,29.825,33.4482,44.5976,11.8163,0.0,2.018664,2.691552,0.981654,30,240,141,4,0.10479828,0.02244119,0.04150452,0E-8,0.000000,0.902668,0.011910,-0.02129501,2026-03-22,2026-08-05,112,5695,2177,137,0.817518,0.739886,0.767145,0.349328,,,,,,,,GLOBAL_BASELINE_NO_ENTITY_RANKING,,,NOT_APPLICABLE_GLOBAL_BASELINE,HF9g-P5,,,,X 全窗基线 · 不参与实体赏罚,14195674,1420,A168_HF9F_20260827_0900,2026-08-27 09:00:00
2026-05-11,110249610,2242,0,27.8734767145,27.3160071802,27.3160071802,1.0000000,2,2,0.49994810000000000,0.499948100000,1.4143603653603398,1.4143603653603398,1.4143603653603398,0E-17,ELIGIBLE,R03b_20260811_FULL_v1,L1_ELIGIBILITY,v2026-08-11,2026-03-21..2026-08-06,baccarat_bet02_101_all_pairs_incl_sentinel,round_win = game_pnl > 0 (decisive only),COMPATIBILITY_ONLY_NOT_PRODUCTION,296357.1217,267511.9505,6650.6079,18220,18206,-0.02244119,-0.04150452,-0.02020951,-0.02244119,-6650.6079,296357.1217,OK,0.0000,266.0243,4.0000,96.0000,AG03-UNRESOLVED,ALL5_LEVELS_bet23_to_bet27,266.0243,266.0243,266.0243,332.5304,332.5304,4.000000,4.000000,4.000000,5.000000,5.000000,96.000000,96.000000,96.000000,95.000000,95.000000,5.0,1463.1337,1340.2688,5187.4742,5310.3391,PENDING_AG03,FALSE,NOT_FOR_ENFORCEMENT,6384.5836,256811.4724,6650.6079,6384.5836,266.0243,0.02244119,0.02154355,266.0243,6384.5836,0.02154355,266.0243,266.0243,266.0243,332.5304,332.5304,6384.5836,0.02154355,1463.1337,1340.2688,5187.4742,5310.3391,0.01750413,0.01791872,0.00089765,16.2655,14.6936,0.3653,59.3804,1.1678,2646.0457,162.5536,12.4780,16.8648,9.0895,16.5695,22.0926,29.825,33.4482,44.5976,11.8163,0.0,2.018664,2.691552,0.981654,30,240,141,4,0.10479828,0.02244119,0.04150452,0E-8,0.000000,0.902668,0.011910,-0.02129501,2026-03-22,2026-08-05,112,5695,2177,137,0.817518,0.739886,0.767145,0.349328,,,,,,,,GLOBAL_BASELINE_NO_ENTITY_RANKING,,,NOT_APPLICABLE_GLOBAL_BASELINE,HF9g-P5,,,,X 全窗基线 · 不参与实体赏罚,14195675,1420,A168_HF9F_20260827_0900,2026-08-27 09:00:00
2026-05-11,110249610,2251,0,46.8274408804,-14.2154731244,-14.2154731244,0.3333333,3,3,0.50218230000000000,0.502182300000,-0.5849155494134425,-0.5849155494134426,-0.5849155494134425,0E-17,ELIGIBLE,R03b_20260811_FULL_v1,L1_ELIGIBILITY,v2026-08-11,2026-03-21..2026-08-06,baccarat_bet02_101_all_pairs_incl_sentinel,round_win = game_pnl > 0 (decisive only),COMPATIBILITY_ONLY_NOT_PRODUCTION,296357.1217,267511.9505,6650.6079,18220,18206,-0.02244119,-0.04150452,-0.02020951,-0.02244119,-6650.6079,296357.1217,OK,0.0000,266.0243,4.0000,96.0000,AG03-UNRESOLVED,ALL5_LEVELS_bet23_to_bet27,266.0243,266.0243,266.0243,332.5304,332.5304,4.000000,4.000000,4.000000,5.000000,5.000000,96.000000,96.000000,96.000000,95.000000,95.000000,5.0,1463.1337,1340.2688,5187.4742,5310.3391,PENDING_AG03,FALSE,NOT_FOR_ENFORCEMENT,6384.5836,256811.4724,6650.6079,6384.5836,266.0243,0.02244119,0.02154355,266.0243,6384.5836,0.02154355,266.0243,266.0243,266.0243,332.5304,332.5304,6384.5836,0.02154355,1463.1337,1340.2688,5187.4742,5310.3391,0.01750413,0.01791872,0.00089765,16.2655,14.6936,0.3653,59.3804,1.1678,2646.0457,162.5536,12.4780,16.8648,9.0895,16.5695,22.0926,29.825,33.4482,44.5976,11.8163,0.0,2.018664,2.691552,0.981654,30,240,141,4,0.10479828,0.02244119,0.04150452,0E-8,0.000000,0.902668,0.011910,-0.02129501,2026-03-22,2026-08-05,112,5695,2177,137,0.817518,0.739886,0.767145,0.349328,,,,,,,,GLOBAL_BASELINE_NO_ENTITY_RANKING,,,NOT_APPLICABLE_GLOBAL_BASELINE,HF9g-P5,,,,X 全窗基线 · 不参与实体赏罚,14195676,1420,A168_HF9F_20260827_0900,2026-08-27 09:00:00
2026-05-11,110249610,2256,0,16.7240860287,-16.7240860287,-16.7240860287,0E-7,1,1,0.50665070000000000,0.506650700000,-1.013391052207602,-1.013391052207602,-1.013391052207602,0E-17,ELIGIBLE,R03b_20260811_FULL_v1,L1_ELIGIBILITY,v2026-08-11,2026-03-21..2026-08-06,baccarat_bet02_101_all_pairs_incl_sentinel,round_win = game_pnl > 0 (decisive only),COMPATIBILITY_ONLY_NOT_PRODUCTION,296357.1217,267511.9505,6650.6079,18220,18206,-0.02244119,-0.04150452,-0.02020951,-0.02244119,-6650.6079,296357.1217,OK,0.0000,266.0243,4.0000,96.0000,AG03-UNRESOLVED,ALL5_LEVELS_bet23_to_bet27,266.0243,266.0243,266.0243,332.5304,332.5304,4.000000,4.000000,4.000000,5.000000,5.000000,96.000000,96.000000,96.000000,95.000000,95.000000,5.0,1463.1337,1340.2688,5187.4742,5310.3391,PENDING_AG03,FALSE,NOT_FOR_ENFORCEMENT,6384.5836,256811.4724,6650.6079,6384.5836,266.0243,0.02244119,0.02154355,266.0243,6384.5836,0.02154355,266.0243,266.0243,266.0243,332.5304,332.5304,6384.5836,0.02154355,1463.1337,1340.2688,5187.4742,5310.3391,0.01750413,0.01791872,0.00089765,16.2655,14.6936,0.3653,59.3804,1.1678,2646.0457,162.5536,12.4780,16.8648,9.0895,16.5695,22.0926,29.825,33.4482,44.5976,11.8163,0.0,2.018664,2.691552,0.981654,30,240,141,4,0.10479828,0.02244119,0.04150452,0E-8,0.000000,0.902668,0.011910,-0.02129501,2026-03-22,2026-08-05,112,5695,2177,137,0.817518,0.739886,0.767145,0.349328,,,,,,,,GLOBAL_BASELINE_NO_ENTITY_RANKING,,,NOT_APPLICABLE_GLOBAL_BASELINE,HF9g-P5,,,,X 全窗基线 · 不参与实体赏罚,14195677,1420,A168_HF9F_20260827_0900,2026-08-27 09:00:00
2026-05-11,110249610,2258,0,102.7973821231,-1.7616037282,-1.7616037282,0.6250000,9,9,0.50516123333333333,0.505161233333,0.6779465561619745,0.6779465561638555,0.6779465561619745,3.3333E-13,ELIGIBLE,R03b_20260811_FULL_v1,L1_ELIGIBILITY,v2026-08-11,2026-03-21..2026-08-06,baccarat_bet02_101_all_pairs_incl_sentinel,round_win = game_pnl > 0 (decisive only),COMPATIBILITY_ONLY_NOT_PRODUCTION,296357.1217,267511.9505,6650.6079,18220,18206,-0.02244119,-0.04150452,-0.02020951,-0.02244119,-6650.6079,296357.1217,OK,0.0000,266.0243,4.0000,96.0000,AG03-UNRESOLVED,ALL5_LEVELS_bet23_to_bet27,266.0243,266.0243,266.0243,332.5304,332.5304,4.000000,4.000000,4.000000,5.000000,5.000000,96.000000,96.000000,96.000000,95.000000,95.000000,5.0,1463.1337,1340.2688,5187.4742,5310.3391,PENDING_AG03,FALSE,NOT_FOR_ENFORCEMENT,6384.5836,256811.4724,6650.6079,6384.5836,266.0243,0.02244119,0.02154355,266.0243,6384.5836,0.02154355,266.0243,266.0243,266.0243,332.5304,332.5304,6384.5836,0.02154355,1463.1337,1340.2688,5187.4742,5310.3391,0.01750413,0.01791872,0.00089765,16.2655,14.6936,0.3653,59.3804,1.1678,2646.0457,162.5536,12.4780,16.8648,9.0895,16.5695,22.0926,29.825,33.4482,44.5976,11.8163,0.0,2.018664,2.691552,0.981654,30,240,141,4,0.10479828,0.02244119,0.04150452,0E-8,0.000000,0.902668,0.011910,-0.02129501,2026-03-22,2026-08-05,112,5695,2177,137,0.817518,0.739886,0.767145,0.349328,,,,,,,,GLOBAL_BASELINE_NO_ENTITY_RANKING,,,NOT_APPLICABLE_GLOBAL_BASELINE,HF9g-P5,,,,X 全窗基线 · 不参与实体赏罚,14195678,1420,A168_HF9F_20260827_0900,2026-08-27 09:00:00
2026-05-11,110249610,752,0,13.3792688230,-13.3792688230,-13.3792688230,0E-7,2,2,0.49994810000000000,0.499948100000,-1.4140667746232096,-1.4140667746232096,-1.4140667746232096,0E-17,ELIGIBLE,R03b_20260811_FULL_v1,L1_ELIGIBILITY,v2026-08-11,2026-03-21..2026-08-06,baccarat_bet02_101_all_pairs_incl_sentinel,round_win = game_pnl > 0 (decisive only),COMPATIBILITY_ONLY_NOT_PRODUCTION,296357.1217,267511.9505,6650.6079,18220,18206,-0.02244119,-0.04150452,-0.02020951,-0.02244119,-6650.6079,296357.1217,OK,0.0000,266.0243,4.0000,96.0000,AG03-UNRESOLVED,ALL5_LEVELS_bet23_to_bet27,266.0243,266.0243,266.0243,332.5304,332.5304,4.000000,4.000000,4.000000,5.000000,5.000000,96.000000,96.000000,96.000000,95.000000,95.000000,5.0,1463.1337,1340.2688,5187.4742,5310.3391,PENDING_AG03,FALSE,NOT_FOR_ENFORCEMENT,6384.5836,256811.4724,6650.6079,6384.5836,266.0243,0.02244119,0.02154355,266.0243,6384.5836,0.02154355,266.0243,266.0243,266.0243,332.5304,332.5304,6384.5836,0.02154355,1463.1337,1340.2688,5187.4742,5310.3391,0.01750413,0.01791872,0.00089765,16.2655,14.6936,0.3653,59.3804,1.1678,2646.0457,162.5536,12.4780,16.8648,9.0895,16.5695,22.0926,29.825,33.4482,44.5976,11.8163,0.0,2.018664,2.691552,0.981654,30,240,141,4,0.10479828,0.02244119,0.04150452,0E-8,0.000000,0.902668,0.011910,-0.02129501,2026-03-22,2026-08-05,112,5695,2177,137,0.817518,0.739886,0.767145,0.349328,,,,,,,,GLOBAL_BASELINE_NO_ENTITY_RANKING,,,NOT_APPLICABLE_GLOBAL_BASELINE,HF9g-P5,,,,X 全窗基线 · 不参与实体赏罚,14195679,1420,A168_HF9F_20260827_0900,2026-08-27 09:00:00
2026-05-11,110249610,763,0,37.9079283318,-26.7585376459,-26.7585376459,0.2500000,5,5,0.49592654000000000,0.495926540000,-0.983738807048034,-0.983738807048034,-0.983738807048034,0E-17,ELIGIBLE,R03b_20260811_FULL_v1,L1_ELIGIBILITY,v2026-08-11,2026-03-21..2026-08-06,baccarat_bet02_101_all_pairs_incl_sentinel,round_win = game_pnl > 0 (decisive only),COMPATIBILITY_ONLY_NOT_PRODUCTION,296357.1217,267511.9505,6650.6079,18220,18206,-0.02244119,-0.04150452,-0.02020951,-0.02244119,-6650.6079,296357.1217,OK,0.0000,266.0243,4.0000,96.0000,AG03-UNRESOLVED,ALL5_LEVELS_bet23_to_bet27,266.0243,266.0243,266.0243,332.5304,332.5304,4.000000,4.000000,4.000000,5.000000,5.000000,96.000000,96.000000,96.000000,95.000000,95.000000,5.0,1463.1337,1340.2688,5187.4742,5310.3391,PENDING_AG03,FALSE,NOT_FOR_ENFORCEMENT,6384.5836,256811.4724,6650.6079,6384.5836,266.0243,0.02244119,0.02154355,266.0243,6384.5836,0.02154355,266.0243,266.0243,266.0243,332.5304,332.5304,6384.5836,0.02154355,1463.1337,1340.2688,5187.4742,5310.3391,0.01750413,0.01791872,0.00089765,16.2655,14.6936,0.3653,59.3804,1.1678,2646.0457,162.5536,12.4780,16.8648,9.0895,16.5695,22.0926,29.825,33.4482,44.5976,11.8163,0.0,2.018664,2.691552,0.981654,30,240,141,4,0.10479828,0.02244119,0.04150452,0E-8,0.000000,0.902668,0.011910,-0.02129501,2026-03-22,2026-08-05,112,5695,2177,137,0.817518,0.739886,0.767145,0.349328,,,,,,,,GLOBAL_BASELINE_NO_ENTITY_RANKING,,,NOT_APPLICABLE_GLOBAL_BASELINE,HF9g-P5,,,,X 全窗基线 · 不参与实体赏罚,14195680,1420,A168_HF9F_20260827_0900,2026-08-27 09:00:00
2026-05-11,110249610,948,0,35.6780501946,-35.6780501946,-35.6780501946,0E-7,3,3,0.50665070000000000,0.506650700000,-1.7552447903592512,-1.7552447903592512,-1.7552447903592512,0E-17,ELIGIBLE,R03b_20260811_FULL_v1,L1_ELIGIBILITY,v2026-08-11,2026-03-21..2026-08-06,baccarat_bet02_101_all_pairs_incl_sentinel,round_win = game_pnl > 0 (decisive only),COMPATIBILITY_ONLY_NOT_PRODUCTION,296357.1217,267511.9505,6650.6079,18220,18206,-0.02244119,-0.04150452,-0.02020951,-0.02244119,-6650.6079,296357.1217,OK,0.0000,266.0243,4.0000,96.0000,AG03-UNRESOLVED,ALL5_LEVELS_bet23_to_bet27,266.0243,266.0243,266.0243,332.5304,332.5304,4.000000,4.000000,4.000000,5.000000,5.000000,96.000000,96.000000,96.000000,95.000000,95.000000,5.0,1463.1337,1340.2688,5187.4742,5310.3391,PENDING_AG03,FALSE,NOT_FOR_ENFORCEMENT,6384.5836,256811.4724,6650.6079,6384.5836,266.0243,0.02244119,0.02154355,266.0243,6384.5836,0.02154355,266.0243,266.0243,266.0243,332.5304,332.5304,6384.5836,0.02154355,1463.1337,1340.2688,5187.4742,5310.3391,0.01750413,0.01791872,0.00089765,16.2655,14.6936,0.3653,59.3804,1.1678,2646.0457,162.5536,12.4780,16.8648,9.0895,16.5695,22.0926,29.825,33.4482,44.5976,11.8163,0.0,2.018664,2.691552,0.981654,30,240,141,4,0.10479828,0.02244119,0.04150452,0E-8,0.000000,0.902668,0.011910,-0.02129501,2026-03-22,2026-08-05,112,5695,2177,137,0.817518,0.739886,0.767145,0.349328,,,,,,,,GLOBAL_BASELINE_NO_ENTITY_RANKING,,,NOT_APPLICABLE_GLOBAL_BASELINE,HF9g-P5,,,,X 全窗基线 · 不参与实体赏罚,14195681,1420,A168_HF9F_20260827_0900,2026-08-27 09:00:00
2026-05-11,110249610,987,0,40.1378064689,-5.3517075291,-5.3517075291,0.5000000,4,4,0.50329940000000000,0.503299400000,-0.01319788734859681,-0.01319788734859681,-0.01319788734859681,0E-17,ELIGIBLE,R03b_20260811_FULL_v1,L1_ELIGIBILITY,v2026-08-11,2026-03-21..2026-08-06,baccarat_bet02_101_all_pairs_incl_sentinel,round_win = game_pnl > 0 (decisive only),COMPATIBILITY_ONLY_NOT_PRODUCTION,296357.1217,267511.9505,6650.6079,18220,18206,-0.02244119,-0.04150452,-0.02020951,-0.02244119,-6650.6079,296357.1217,OK,0.0000,266.0243,4.0000,96.0000,AG03-UNRESOLVED,ALL5_LEVELS_bet23_to_bet27,266.0243,266.0243,266.0243,332.5304,332.5304,4.000000,4.000000,4.000000,5.000000,5.000000,96.000000,96.000000,96.000000,95.000000,95.000000,5.0,1463.1337,1340.2688,5187.4742,5310.3391,PENDING_AG03,FALSE,NOT_FOR_ENFORCEMENT,6384.5836,256811.4724,6650.6079,6384.5836,266.0243,0.02244119,0.02154355,266.0243,6384.5836,0.02154355,266.0243,266.0243,266.0243,332.5304,332.5304,6384.5836,0.02154355,1463.1337,1340.2688,5187.4742,5310.3391,0.01750413,0.01791872,0.00089765,16.2655,14.6936,0.3653,59.3804,1.1678,2646.0457,162.5536,12.4780,16.8648,9.0895,16.5695,22.0926,29.825,33.4482,44.5976,11.8163,0.0,2.018664,2.691552,0.981654,30,240,141,4,0.10479828,0.02244119,0.04150452,0E-8,0.000000,0.902668,0.011910,-0.02129501,2026-03-22,2026-08-05,112,5695,2177,137,0.817518,0.739886,0.767145,0.349328,,,,,,,,GLOBAL_BASELINE_NO_ENTITY_RANKING,,,NOT_APPLICABLE_GLOBAL_BASELINE,HF9g-P5,,,,X 全窗基线 · 不参与实体赏罚,14195682,1420,A168_HF9F_20260827_0900,2026-08-27 09:00:00
2026-05-11,110249610,994,0,33.4481720574,-33.4481720574,-33.4481720574,0E-7,2,2,0.50665070000000000,0.506650700000,-1.4331513700195317,-1.4331513700195317,-1.4331513700195317,0E-17,ELIGIBLE,R03b_20260811_FULL_v1,L1_ELIGIBILITY,v2026-08-11,2026-03-21..2026-08-06,baccarat_bet02_101_all_pairs_incl_sentinel,round_win = game_pnl > 0 (decisive only),COMPATIBILITY_ONLY_NOT_PRODUCTION,296357.1217,267511.9505,6650.6079,18220,18206,-0.02244119,-0.04150452,-0.02020951,-0.02244119,-6650.6079,296357.1217,OK,0.0000,266.0243,4.0000,96.0000,AG03-UNRESOLVED,ALL5_LEVELS_bet23_to_bet27,266.0243,266.0243,266.0243,332.5304,332.5304,4.000000,4.000000,4.000000,5.000000,5.000000,96.000000,96.000000,96.000000,95.000000,95.000000,5.0,1463.1337,1340.2688,5187.4742,5310.3391,PENDING_AG03,FALSE,NOT_FOR_ENFORCEMENT,6384.5836,256811.4724,6650.6079,6384.5836,266.0243,0.02244119,0.02154355,266.0243,6384.5836,0.02154355,266.0243,266.0243,266.0243,332.5304,332.5304,6384.5836,0.02154355,1463.1337,1340.2688,5187.4742,5310.3391,0.01750413,0.01791872,0.00089765,16.2655,14.6936,0.3653,59.3804,1.1678,2646.0457,162.5536,12.4780,16.8648,9.0895,16.5695,22.0926,29.825,33.4482,44.5976,11.8163,0.0,2.018664,2.691552,0.981654,30,240,141,4,0.10479828,0.02244119,0.04150452,0E-8,0.000000,0.902668,0.011910,-0.02129501,2026-03-22,2026-08-05,112,5695,2177,137,0.817518,0.739886,0.767145,0.349328,,,,,,,,GLOBAL_BASELINE_NO_ENTITY_RANKING,,,NOT_APPLICABLE_GLOBAL_BASELINE,HF9g-P5,,,,X 全窗基线 · 不参与实体赏罚,14195683,1420,A168_HF9F_20260827_0900,2026-08-27 09:00:00
2026-05-14,110249610,-1,1,3249.2669275622,-488.4157830770,-488.4157830770,0.4471545,133,133,0.50110719624060150,0.501107196241,-1.196732259832258,-1.1967322598410994,-1.196732259832258,-3.9850E-13,SENTINEL_DEALER,R03b_20260811_FULL_v1,L1_ELIGIBILITY,v2026-08-11,2026-03-21..2026-08-06,baccarat_bet02_101_all_pairs_incl_sentinel,round_win = game_pnl > 0 (decisive only),COMPATIBILITY_ONLY_NOT_PRODUCTION,296357.1217,267511.9505,6650.6079,18220,18206,-0.02244119,-0.04150452,-0.02020951,-0.02244119,-6650.6079,296357.1217,OK,0.0000,266.0243,4.0000,96.0000,AG03-UNRESOLVED,ALL5_LEVELS_bet23_to_bet27,266.0243,266.0243,266.0243,332.5304,332.5304,4.000000,4.000000,4.000000,5.000000,5.000000,96.000000,96.000000,96.000000,95.000000,95.000000,5.0,1463.1337,1340.2688,5187.4742,5310.3391,PENDING_AG03,FALSE,NOT_FOR_ENFORCEMENT,6384.5836,256811.4724,6650.6079,6384.5836,266.0243,0.02244119,0.02154355,266.0243,6384.5836,0.02154355,266.0243,266.0243,266.0243,332.5304,332.5304,6384.5836,0.02154355,1463.1337,1340.2688,5187.4742,5310.3391,0.01750413,0.01791872,0.00089765,16.2655,14.6936,0.3653,59.3804,1.1678,2646.0457,162.5536,12.4780,16.8648,9.0895,16.5695,22.0926,29.825,33.4482,44.5976,11.8163,0.0,2.018664,2.691552,0.981654,30,240,141,4,0.10479828,0.02244119,0.04150452,0E-8,0.000000,0.902668,0.011910,-0.02129501,2026-03-22,2026-08-05,112,5695,2177,137,0.817518,0.739886,0.767145,0.349328,,,,,,,,GLOBAL_BASELINE_NO_ENTITY_RANKING,,,NOT_APPLICABLE_GLOBAL_BASELINE,HF9g-P5,,,,X 全窗基线 · 不参与实体赏罚,14195684,1420,A168_HF9F_20260827_0900,2026-08-27 09:00:00
2026-05-14,110249610,1004,0,144.9420789154,-5.5746953429,-5.5746953429,0.5000000,5,5,0.49860758000000000,0.498607580000,0.005569701597489473,0.005569701597489473,0.005569701597489473,0E-17,ELIGIBLE,R03b_20260811_FULL_v1,L1_ELIGIBILITY,v2026-08-11,2026-03-21..2026-08-06,baccarat_bet02_101_all_pairs_incl_sentinel,round_win = game_pnl > 0 (decisive only),COMPATIBILITY_ONLY_NOT_PRODUCTION,296357.1217,267511.9505,6650.6079,18220,18206,-0.02244119,-0.04150452,-0.02020951,-0.02244119,-6650.6079,296357.1217,OK,0.0000,266.0243,4.0000,96.0000,AG03-UNRESOLVED,ALL5_LEVELS_bet23_to_bet27,266.0243,266.0243,266.0243,332.5304,332.5304,4.000000,4.000000,4.000000,5.000000,5.000000,96.000000,96.000000,96.000000,95.000000,95.000000,5.0,1463.1337,1340.2688,5187.4742,5310.3391,PENDING_AG03,FALSE,NOT_FOR_ENFORCEMENT,6384.5836,256811.4724,6650.6079,6384.5836,266.0243,0.02244119,0.02154355,266.0243,6384.5836,0.02154355,266.0243,266.0243,266.0243,332.5304,332.5304,6384.5836,0.02154355,1463.1337,1340.2688,5187.4742,5310.3391,0.01750413,0.01791872,0.00089765,16.2655,14.6936,0.3653,59.3804,1.1678,2646.0457,162.5536,12.4780,16.8648,9.0895,16.5695,22.0926,29.825,33.4482,44.5976,11.8163,0.0,2.018664,2.691552,0.981654,30,240,141,4,0.10479828,0.02244119,0.04150452,0E-8,0.000000,0.902668,0.011910,-0.02129501,2026-03-22,2026-08-05,112,5695,2177,137,0.817518,0.739886,0.767145,0.349328,,,,,,,,GLOBAL_BASELINE_NO_ENTITY_RANKING,,,NOT_APPLICABLE_GLOBAL_BASELINE,HF9g-P5,,,,X 全窗基线 · 不参与实体赏罚,14195685,1420,A168_HF9F_20260827_0900,2026-08-27 09:00:00
2026-05-14,110249610,1109,0,406.9527600316,28.4309462488,28.4309462488,0.5625000,17,17,0.49639966470588235,0.496399664706,0.5288163920049033,0.5288163920039612,0.5288163920049033,-1.1765E-13,ELIGIBLE,R03b_20260811_FULL_v1,L1_ELIGIBILITY,v2026-08-11,2026-03-21..2026-08-06,baccarat_bet02_101_all_pairs_incl_sentinel,round_win = game_pnl > 0 (decisive only),COMPATIBILITY_ONLY_NOT_PRODUCTION,296357.1217,267511.9505,6650.6079,18220,18206,-0.02244119,-0.04150452,-0.02020951,-0.02244119,-6650.6079,296357.1217,OK,0.0000,266.0243,4.0000,96.0000,AG03-UNRESOLVED,ALL5_LEVELS_bet23_to_bet27,266.0243,266.0243,266.0243,332.5304,332.5304,4.000000,4.000000,4.000000,5.000000,5.000000,96.000000,96.000000,96.000000,95.000000,95.000000,5.0,1463.1337,1340.2688,5187.4742,5310.3391,PENDING_AG03,FALSE,NOT_FOR_ENFORCEMENT,6384.5836,256811.4724,6650.6079,6384.5836,266.0243,0.02244119,0.02154355,266.0243,6384.5836,0.02154355,266.0243,266.0243,266.0243,332.5304,332.5304,6384.5836,0.02154355,1463.1337,1340.2688,5187.4742,5310.3391,0.01750413,0.01791872,0.00089765,16.2655,14.6936,0.3653,59.3804,1.1678,2646.0457,162.5536,12.4780,16.8648,9.0895,16.5695,22.0926,29.825,33.4482,44.5976,11.8163,0.0,2.018664,2.691552,0.981654,30,240,141,4,0.10479828,0.02244119,0.04150452,0E-8,0.000000,0.902668,0.011910,-0.02129501,2026-03-22,2026-08-05,112,5695,2177,137,0.817518,0.739886,0.767145,0.349328,,,,,,,,GLOBAL_BASELINE_NO_ENTITY_RANKING,,,NOT_APPLICABLE_GLOBAL_BASELINE,HF9g-P5,,,,X 全窗基线 · 不参与实体赏罚,14195686,1420,A168_HF9F_20260827_0900,2026-08-27 09:00:00
2026-05-14,110249610,1205,0,138.2524445039,-94.7698208293,-94.7698208293,0.2000000,5,5,0.50665070000000000,0.506650700000,-1.3715049547573244,-1.3715049547573244,-1.3715049547573244,0E-17,ELIGIBLE,R03b_20260811_FULL_v1,L1_ELIGIBILITY,v2026-08-11,2026-03-21..2026-08-06,baccarat_bet02_101_all_pairs_incl_sentinel,round_win = game_pnl > 0 (decisive only),COMPATIBILITY_ONLY_NOT_PRODUCTION,296357.1217,267511.9505,6650.6079,18220,18206,-0.02244119,-0.04150452,-0.02020951,-0.02244119,-6650.6079,296357.1217,OK,0.0000,266.0243,4.0000,96.0000,AG03-UNRESOLVED,ALL5_LEVELS_bet23_to_bet27,266.0243,266.0243,266.0243,332.5304,332.5304,4.000000,4.000000,4.000000,5.000000,5.000000,96.000000,96.000000,96.000000,95.000000,95.000000,5.0,1463.1337,1340.2688,5187.4742,5310.3391,PENDING_AG03,FALSE,NOT_FOR_ENFORCEMENT,6384.5836,256811.4724,6650.6079,6384.5836,266.0243,0.02244119,0.02154355,266.0243,6384.5836,0.02154355,266.0243,266.0243,266.0243,332.5304,332.5304,6384.5836,0.02154355,1463.1337,1340.2688,5187.4742,5310.3391,0.01750413,0.01791872,0.00089765,16.2655,14.6936,0.3653,59.3804,1.1678,2646.0457,162.5536,12.4780,16.8648,9.0895,16.5695,22.0926,29.825,33.4482,44.5976,11.8163,0.0,2.018664,2.691552,0.981654,30,240,141,4,0.10479828,0.02244119,0.04150452,0E-8,0.000000,0.902668,0.011910,-0.02129501,2026-03-22,2026-08-05,112,5695,2177,137,0.817518,0.739886,0.767145,0.349328,,,,,,,,GLOBAL_BASELINE_NO_ENTITY_RANKING,,,NOT_APPLICABLE_GLOBAL_BASELINE,HF9g-P5,,,,X 全窗基线 · 不参与实体赏罚,14195687,1420,A168_HF9F_20260827_0900,2026-08-27 09:00:00
2026-05-14,110249610,1221,0,191.7695197958,3.9022867400,3.9022867400,0.5000000,6,6,0.50665070000000000,0.506650700000,-0.032584525537284574,-0.032584525537284574,-0.032584525537284574,0E-17,ELIGIBLE,R03b_20260811_FULL_v1,L1_ELIGIBILITY,v2026-08-11,2026-03-21..2026-08-06,baccarat_bet02_101_all_pairs_incl_sentinel,round_win = game_pnl > 0 (decisive only),COMPATIBILITY_ONLY_NOT_PRODUCTION,296357.1217,267511.9505,6650.6079,18220,18206,-0.02244119,-0.04150452,-0.02020951,-0.02244119,-6650.6079,296357.1217,OK,0.0000,266.0243,4.0000,96.0000,AG03-UNRESOLVED,ALL5_LEVELS_bet23_to_bet27,266.0243,266.0243,266.0243,332.5304,332.5304,4.000000,4.000000,4.000000,5.000000,5.000000,96.000000,96.000000,96.000000,95.000000,95.000000,5.0,1463.1337,1340.2688,5187.4742,5310.3391,PENDING_AG03,FALSE,NOT_FOR_ENFORCEMENT,6384.5836,256811.4724,6650.6079,6384.5836,266.0243,0.02244119,0.02154355,266.0243,6384.5836,0.02154355,266.0243,266.0243,266.0243,332.5304,332.5304,6384.5836,0.02154355,1463.1337,1340.2688,5187.4742,5310.3391,0.01750413,0.01791872,0.00089765,16.2655,14.6936,0.3653,59.3804,1.1678,2646.0457,162.5536,12.4780,16.8648,9.0895,16.5695,22.0926,29.825,33.4482,44.5976,11.8163,0.0,2.018664,2.691552,0.981654,30,240,141,4,0.10479828,0.02244119,0.04150452,0E-8,0.000000,0.902668,0.011910,-0.02129501,2026-03-22,2026-08-05,112,5695,2177,137,0.817518,0.739886,0.767145,0.349328,,,,,,,,GLOBAL_BASELINE_NO_ENTITY_RANKING,,,NOT_APPLICABLE_GLOBAL_BASELINE,HF9g-P5,,,,X 全窗基线 · 不参与实体赏罚,14195688,1420,A168_HF9F_20260827_0900,2026-08-27 09:00:00
2026-05-14,110249610,1302,0,120.4134194066,51.3429441082,51.3429441082,0.7500000,4,4,0.50665070000000000,0.506650700000,0.9734833216690844,0.9734833216690844,0.9734833216690844,0E-17,ELIGIBLE,R03b_20260811_FULL_v1,L1_ELIGIBILITY,v2026-08-11,2026-03-21..2026-08-06,baccarat_bet02_101_all_pairs_incl_sentinel,round_win = game_pnl > 0 (decisive only),COMPATIBILITY_ONLY_NOT_PRODUCTION,296357.1217,267511.9505,6650.6079,18220,18206,-0.02244119,-0.04150452,-0.02020951,-0.02244119,-6650.6079,296357.1217,OK,0.0000,266.0243,4.0000,96.0000,AG03-UNRESOLVED,ALL5_LEVELS_bet23_to_bet27,266.0243,266.0243,266.0243,332.5304,332.5304,4.000000,4.000000,4.000000,5.000000,5.000000,96.000000,96.000000,96.000000,95.000000,95.000000,5.0,1463.1337,1340.2688,5187.4742,5310.3391,PENDING_AG03,FALSE,NOT_FOR_ENFORCEMENT,6384.5836,256811.4724,6650.6079,6384.5836,266.0243,0.02244119,0.02154355,266.0243,6384.5836,0.02154355,266.0243,266.0243,266.0243,332.5304,332.5304,6384.5836,0.02154355,1463.1337,1340.2688,5187.4742,5310.3391,0.01750413,0.01791872,0.00089765,16.2655,14.6936,0.3653,59.3804,1.1678,2646.0457,162.5536,12.4780,16.8648,9.0895,16.5695,22.0926,29.825,33.4482,44.5976,11.8163,0.0,2.018664,2.691552,0.981654,30,240,141,4,0.10479828,0.02244119,0.04150452,0E-8,0.000000,0.902668,0.011910,-0.02129501,2026-03-22,2026-08-05,112,5695,2177,137,0.817518,0.739886,0.767145,0.349328,,,,,,,,GLOBAL_BASELINE_NO_ENTITY_RANKING,,,NOT_APPLICABLE_GLOBAL_BASELINE,HF9g-P5,,,,X 全窗基线 · 不参与实体赏罚,14195689,1420,A168_HF9F_20260827_0900,2026-08-27 09:00:00
2026-05-14,110249610,1304,0,11.1493906858,-11.1493906858,-11.1493906858,0E-7,1,1,0.50665070000000000,0.506650700000,-1.013391052207602,-1.013391052207602,-1.013391052207602,0E-17,ELIGIBLE,R03b_20260811_FULL_v1,L1_ELIGIBILITY,v2026-08-11,2026-03-21..2026-08-06,baccarat_bet02_101_all_pairs_incl_sentinel,round_win = game_pnl > 0 (decisive only),COMPATIBILITY_ONLY_NOT_PRODUCTION,296357.1217,267511.9505,6650.6079,18220,18206,-0.02244119,-0.04150452,-0.02020951,-0.02244119,-6650.6079,296357.1217,OK,0.0000,266.0243,4.0000,96.0000,AG03-UNRESOLVED,ALL5_LEVELS_bet23_to_bet27,266.0243,266.0243,266.0243,332.5304,332.5304,4.000000,4.000000,4.000000,5.000000,5.000000,96.000000,96.000000,96.000000,95.000000,95.000000,5.0,1463.1337,1340.2688,5187.4742,5310.3391,PENDING_AG03,FALSE,NOT_FOR_ENFORCEMENT,6384.5836,256811.4724,6650.6079,6384.5836,266.0243,0.02244119,0.02154355,266.0243,6384.5836,0.02154355,266.0243,266.0243,266.0243,332.5304,332.5304,6384.5836,0.02154355,1463.1337,1340.2688,5187.4742,5310.3391,0.01750413,0.01791872,0.00089765,16.2655,14.6936,0.3653,59.3804,1.1678,2646.0457,162.5536,12.4780,16.8648,9.0895,16.5695,22.0926,29.825,33.4482,44.5976,11.8163,0.0,2.018664,2.691552,0.981654,30,240,141,4,0.10479828,0.02244119,0.04150452,0E-8,0.000000,0.902668,0.011910,-0.02129501,2026-03-22,2026-08-05,112,5695,2177,137,0.817518,0.739886,0.767145,0.349328,,,,,,,,GLOBAL_BASELINE_NO_ENTITY_RANKING,,,NOT_APPLICABLE_GLOBAL_BASELINE,HF9g-P5,,,,X 全窗基线 · 不参与实体赏罚,14195690,1420,A168_HF9F_20260827_0900,2026-08-27 09:00:00
2026-05-14,110249610,1307,0,440.1779442754,128.9705767580,128.9705767580,0.6666667,17,17,0.50349653529411765,0.503496535294,1.2639413084703817,1.2639413084712907,1.2639413084703817,1.1765E-13,ELIGIBLE,R03b_20260811_FULL_v1,L1_ELIGIBILITY,v2026-08-11,2026-03-21..2026-08-06,baccarat_bet02_101_all_pairs_incl_sentinel,round_win = game_pnl > 0 (decisive only),COMPATIBILITY_ONLY_NOT_PRODUCTION,296357.1217,267511.9505,6650.6079,18220,18206,-0.02244119,-0.04150452,-0.02020951,-0.02244119,-6650.6079,296357.1217,OK,0.0000,266.0243,4.0000,96.0000,AG03-UNRESOLVED,ALL5_LEVELS_bet23_to_bet27,266.0243,266.0243,266.0243,332.5304,332.5304,4.000000,4.000000,4.000000,5.000000,5.000000,96.000000,96.000000,96.000000,95.000000,95.000000,5.0,1463.1337,1340.2688,5187.4742,5310.3391,PENDING_AG03,FALSE,NOT_FOR_ENFORCEMENT,6384.5836,256811.4724,6650.6079,6384.5836,266.0243,0.02244119,0.02154355,266.0243,6384.5836,0.02154355,266.0243,266.0243,266.0243,332.5304,332.5304,6384.5836,0.02154355,1463.1337,1340.2688,5187.4742,5310.3391,0.01750413,0.01791872,0.00089765,16.2655,14.6936,0.3653,59.3804,1.1678,2646.0457,162.5536,12.4780,16.8648,9.0895,16.5695,22.0926,29.825,33.4482,44.5976,11.8163,0.0,2.018664,2.691552,0.981654,30,240,141,4,0.10479828,0.02244119,0.04150452,0E-8,0.000000,0.902668,0.011910,-0.02129501,2026-03-22,2026-08-05,112,5695,2177,137,0.817518,0.739886,0.767145,0.349328,,,,,,,,GLOBAL_BASELINE_NO_ENTITY_RANKING,,,NOT_APPLICABLE_GLOBAL_BASELINE,HF9g-P5,,,,X 全窗基线 · 不参与实体赏罚,14195691,1420,A168_HF9F_20260827_0900,2026-08-27 09:00:00
2026-05-14,110249610,1318,0,373.9505636018,86.3018586034,86.3018586034,0.6153846,14,14,0.49994810000000000,0.499948100000,0.832424555044691,0.832424555044691,0.832424555044691,0E-17,ELIGIBLE,R03b_20260811_FULL_v1,L1_ELIGIBILITY,v2026-08-11,2026-03-21..2026-08-06,baccarat_bet02_101_all_pairs_incl_sentinel,round_win = game_pnl > 0 (decisive only),COMPATIBILITY_ONLY_NOT_PRODUCTION,296357.1217,267511.9505,6650.6079,18220,18206,-0.02244119,-0.04150452,-0.02020951,-0.02244119,-6650.6079,296357.1217,OK,0.0000,266.0243,4.0000,96.0000,AG03-UNRESOLVED,ALL5_LEVELS_bet23_to_bet27,266.0243,266.0243,266.0243,332.5304,332.5304,4.000000,4.000000,4.000000,5.000000,5.000000,96.000000,96.000000,96.000000,95.000000,95.000000,5.0,1463.1337,1340.2688,5187.4742,5310.3391,PENDING_AG03,FALSE,NOT_FOR_ENFORCEMENT,6384.5836,256811.4724,6650.6079,6384.5836,266.0243,0.02244119,0.02154355,266.0243,6384.5836,0.02154355,266.0243,266.0243,266.0243,332.5304,332.5304,6384.5836,0.02154355,1463.1337,1340.2688,5187.4742,5310.3391,0.01750413,0.01791872,0.00089765,16.2655,14.6936,0.3653,59.3804,1.1678,2646.0457,162.5536,12.4780,16.8648,9.0895,16.5695,22.0926,29.825,33.4482,44.5976,11.8163,0.0,2.018664,2.691552,0.981654,30,240,141,4,0.10479828,0.02244119,0.04150452,0E-8,0.000000,0.902668,0.011910,-0.02129501,2026-03-22,2026-08-05,112,5695,2177,137,0.817518,0.739886,0.767145,0.349328,,,,,,,,GLOBAL_BASELINE_NO_ENTITY_RANKING,,,NOT_APPLICABLE_GLOBAL_BASELINE,HF9g-P5,,,,X 全窗基线 · 不参与实体赏罚,14195692,1420,A168_HF9F_20260827_0900,2026-08-27 09:00:00
2026-05-14,110249610,1330,0,546.8776131385,90.1149502181,90.1149502181,0.6315789,20,20,0.50463992000000000,0.504639920000,1.1066764365653357,1.1066764365653357,1.1066764365653357,0E-17,ELIGIBLE,R03b_20260811_FULL_v1,L1_ELIGIBILITY,v2026-08-11,2026-03-21..2026-08-06,baccarat_bet02_101_all_pairs_incl_sentinel,round_win = game_pnl > 0 (decisive only),COMPATIBILITY_ONLY_NOT_PRODUCTION,296357.1217,267511.9505,6650.6079,18220,18206,-0.02244119,-0.04150452,-0.02020951,-0.02244119,-6650.6079,296357.1217,OK,0.0000,266.0243,4.0000,96.0000,AG03-UNRESOLVED,ALL5_LEVELS_bet23_to_bet27,266.0243,266.0243,266.0243,332.5304,332.5304,4.000000,4.000000,4.000000,5.000000,5.000000,96.000000,96.000000,96.000000,95.000000,95.000000,5.0,1463.1337,1340.2688,5187.4742,5310.3391,PENDING_AG03,FALSE,NOT_FOR_ENFORCEMENT,6384.5836,256811.4724,6650.6079,6384.5836,266.0243,0.02244119,0.02154355,266.0243,6384.5836,0.02154355,266.0243,266.0243,266.0243,332.5304,332.5304,6384.5836,0.02154355,1463.1337,1340.2688,5187.4742,5310.3391,0.01750413,0.01791872,0.00089765,16.2655,14.6936,0.3653,59.3804,1.1678,2646.0457,162.5536,12.4780,16.8648,9.0895,16.5695,22.0926,29.825,33.4482,44.5976,11.8163,0.0,2.018664,2.691552,0.981654,30,240,141,4,0.10479828,0.02244119,0.04150452,0E-8,0.000000,0.902668,0.011910,-0.02129501,2026-03-22,2026-08-05,112,5695,2177,137,0.817518,0.739886,0.767145,0.349328,,,,,,,,GLOBAL_BASELINE_NO_ENTITY_RANKING,,,NOT_APPLICABLE_GLOBAL_BASELINE,HF9g-P5,,,,X 全窗基线 · 不参与实体赏罚,14195693,1420,A168_HF9F_20260827_0900,2026-08-27 09:00:00
2026-05-14,110249610,1346,0,28.3194523419,-28.3194523419,-28.3194523419,0E-7,2,2,0.49324550000000000,0.493245500000,-1.3952362676504506,-1.3952362676504506,-1.3952362676504506,0E-17,ELIGIBLE,R03b_20260811_FULL_v1,L1_ELIGIBILITY,v2026-08-11,2026-03-21..2026-08-06,baccarat_bet02_101_all_pairs_incl_sentinel,round_win = game_pnl > 0 (decisive only),COMPATIBILITY_ONLY_NOT_PRODUCTION,296357.1217,267511.9505,6650.6079,18220,18206,-0.02244119,-0.04150452,-0.02020951,-0.02244119,-6650.6079,296357.1217,OK,0.0000,266.0243,4.0000,96.0000,AG03-UNRESOLVED,ALL5_LEVELS_bet23_to_bet27,266.0243,266.0243,266.0243,332.5304,332.5304,4.000000,4.000000,4.000000,5.000000,5.000000,96.000000,96.000000,96.000000,95.000000,95.000000,5.0,1463.1337,1340.2688,5187.4742,5310.3391,PENDING_AG03,FALSE,NOT_FOR_ENFORCEMENT,6384.5836,256811.4724,6650.6079,6384.5836,266.0243,0.02244119,0.02154355,266.0243,6384.5836,0.02154355,266.0243,266.0243,266.0243,332.5304,332.5304,6384.5836,0.02154355,1463.1337,1340.2688,5187.4742,5310.3391,0.01750413,0.01791872,0.00089765,16.2655,14.6936,0.3653,59.3804,1.1678,2646.0457,162.5536,12.4780,16.8648,9.0895,16.5695,22.0926,29.825,33.4482,44.5976,11.8163,0.0,2.018664,2.691552,0.981654,30,240,141,4,0.10479828,0.02244119,0.04150452,0E-8,0.000000,0.902668,0.011910,-0.02129501,2026-03-22,2026-08-05,112,5695,2177,137,0.817518,0.739886,0.767145,0.349328,,,,,,,,GLOBAL_BASELINE_NO_ENTITY_RANKING,,,NOT_APPLICABLE_GLOBAL_BASELINE,HF9g-P5,,,,X 全窗基线 · 不参与实体赏罚,14195694,1420,A168_HF9F_20260827_0900,2026-08-27 09:00:00
2026-05-14,110249610,1353,0,45.1550322775,-22.8562509059,-22.8562509059,0E-7,2,2,0.50665070000000000,0.506650700000,-1.013391052207602,-1.013391052207602,-1.013391052207602,0E-17,ELIGIBLE,R03b_20260811_FULL_v1,L1_ELIGIBILITY,v2026-08-11,2026-03-21..2026-08-06,baccarat_bet02_101_all_pairs_incl_sentinel,round_win = game_pnl > 0 (decisive only),COMPATIBILITY_ONLY_NOT_PRODUCTION,296357.1217,267511.9505,6650.6079,18220,18206,-0.02244119,-0.04150452,-0.02020951,-0.02244119,-6650.6079,296357.1217,OK,0.0000,266.0243,4.0000,96.0000,AG03-UNRESOLVED,ALL5_LEVELS_bet23_to_bet27,266.0243,266.0243,266.0243,332.5304,332.5304,4.000000,4.000000,4.000000,5.000000,5.000000,96.000000,96.000000,96.000000,95.000000,95.000000,5.0,1463.1337,1340.2688,5187.4742,5310.3391,PENDING_AG03,FALSE,NOT_FOR_ENFORCEMENT,6384.5836,256811.4724,6650.6079,6384.5836,266.0243,0.02244119,0.02154355,266.0243,6384.5836,0.02154355,266.0243,266.0243,266.0243,332.5304,332.5304,6384.5836,0.02154355,1463.1337,1340.2688,5187.4742,5310.3391,0.01750413,0.01791872,0.00089765,16.2655,14.6936,0.3653,59.3804,1.1678,2646.0457,162.5536,12.4780,16.8648,9.0895,16.5695,22.0926,29.825,33.4482,44.5976,11.8163,0.0,2.018664,2.691552,0.981654,30,240,141,4,0.10479828,0.02244119,0.04150452,0E-8,0.000000,0.902668,0.011910,-0.02129501,2026-03-22,2026-08-05,112,5695,2177,137,0.817518,0.739886,0.767145,0.349328,,,,,,,,GLOBAL_BASELINE_NO_ENTITY_RANKING,,,NOT_APPLICABLE_GLOBAL_BASELINE,HF9g-P5,,,,X 全窗基线 · 不参与实体赏罚,14195695,1420,A168_HF9F_20260827_0900,2026-08-27 09:00:00
2026-05-14,110249610,1374,0,72.4710394577,-39.0228674003,-39.0228674003,0.3333333,3,3,0.49324550000000000,0.493245500000,-0.5540025479526107,-0.5540025479526106,-0.5540025479526107,0E-17,ELIGIBLE,R03b_20260811_FULL_v1,L1_ELIGIBILITY,v2026-08-11,2026-03-21..2026-08-06,baccarat_bet02_101_all_pairs_incl_sentinel,round_win = game_pnl > 0 (decisive only),COMPATIBILITY_ONLY_NOT_PRODUCTION,296357.1217,267511.9505,6650.6079,18220,18206,-0.02244119,-0.04150452,-0.02020951,-0.02244119,-6650.6079,296357.1217,OK,0.0000,266.0243,4.0000,96.0000,AG03-UNRESOLVED,ALL5_LEVELS_bet23_to_bet27,266.0243,266.0243,266.0243,332.5304,332.5304,4.000000,4.000000,4.000000,5.000000,5.000000,96.000000,96.000000,96.000000,95.000000,95.000000,5.0,1463.1337,1340.2688,5187.4742,5310.3391,PENDING_AG03,FALSE,NOT_FOR_ENFORCEMENT,6384.5836,256811.4724,6650.6079,6384.5836,266.0243,0.02244119,0.02154355,266.0243,6384.5836,0.02154355,266.0243,266.0243,266.0243,332.5304,332.5304,6384.5836,0.02154355,1463.1337,1340.2688,5187.4742,5310.3391,0.01750413,0.01791872,0.00089765,16.2655,14.6936,0.3653,59.3804,1.1678,2646.0457,162.5536,12.4780,16.8648,9.0895,16.5695,22.0926,29.825,33.4482,44.5976,11.8163,0.0,2.018664,2.691552,0.981654,30,240,141,4,0.10479828,0.02244119,0.04150452,0E-8,0.000000,0.902668,0.011910,-0.02129501,2026-03-22,2026-08-05,112,5695,2177,137,0.817518,0.739886,0.767145,0.349328,,,,,,,,GLOBAL_BASELINE_NO_ENTITY_RANKING,,,NOT_APPLICABLE_GLOBAL_BASELINE,HF9g-P5,,,,X 全窗基线 · 不参与实体赏罚,14195696,1420,A168_HF9F_20260827_0900,2026-08-27 09:00:00
2026-05-14,110249610,1382,0,45.7125018118,-10.0344516172,-10.0344516172,0.5000000,2,2,0.49324550000000000,0.493245500000,0.01910635448239258,0.01910635448239258,0.01910635448239258,0E-17,ELIGIBLE,R03b_20260811_FULL_v1,L1_ELIGIBILITY,v2026-08-11,2026-03-21..2026-08-06,baccarat_bet02_101_all_pairs_incl_sentinel,round_win = game_pnl > 0 (decisive only),COMPATIBILITY_ONLY_NOT_PRODUCTION,296357.1217,267511.9505,6650.6079,18220,18206,-0.02244119,-0.04150452,-0.02020951,-0.02244119,-6650.6079,296357.1217,OK,0.0000,266.0243,4.0000,96.0000,AG03-UNRESOLVED,ALL5_LEVELS_bet23_to_bet27,266.0243,266.0243,266.0243,332.5304,332.5304,4.000000,4.000000,4.000000,5.000000,5.000000,96.000000,96.000000,96.000000,95.000000,95.000000,5.0,1463.1337,1340.2688,5187.4742,5310.3391,PENDING_AG03,FALSE,NOT_FOR_ENFORCEMENT,6384.5836,256811.4724,6650.6079,6384.5836,266.0243,0.02244119,0.02154355,266.0243,6384.5836,0.02154355,266.0243,266.0243,266.0243,332.5304,332.5304,6384.5836,0.02154355,1463.1337,1340.2688,5187.4742,5310.3391,0.01750413,0.01791872,0.00089765,16.2655,14.6936,0.3653,59.3804,1.1678,2646.0457,162.5536,12.4780,16.8648,9.0895,16.5695,22.0926,29.825,33.4482,44.5976,11.8163,0.0,2.018664,2.691552,0.981654,30,240,141,4,0.10479828,0.02244119,0.04150452,0E-8,0.000000,0.902668,0.011910,-0.02129501,2026-03-22,2026-08-05,112,5695,2177,137,0.817518,0.739886,0.767145,0.349328,,,,,,,,GLOBAL_BASELINE_NO_ENTITY_RANKING,,,NOT_APPLICABLE_GLOBAL_BASELINE,HF9g-P5,,,,X 全窗基线 · 不参与实体赏罚,14195697,1420,A168_HF9F_20260827_0900,2026-08-27 09:00:00
2026-05-14,110249610,1396,0,71.0216186685,-15.2746652395,-15.2746652395,0.3333333,3,3,0.49771390000000000,0.497713900000,-0.5694369385616226,-0.5694369385616226,-0.5694369385616226,0E-17,ELIGIBLE,R03b_20260811_FULL_v1,L1_ELIGIBILITY,v2026-08-11,2026-03-21..2026-08-06,baccarat_bet02_101_all_pairs_incl_sentinel,round_win = game_pnl > 0 (decisive only),COMPATIBILITY_ONLY_NOT_PRODUCTION,296357.1217,267511.9505,6650.6079,18220,18206,-0.02244119,-0.04150452,-0.02020951,-0.02244119,-6650.6079,296357.1217,OK,0.0000,266.0243,4.0000,96.0000,AG03-UNRESOLVED,ALL5_LEVELS_bet23_to_bet27,266.0243,266.0243,266.0243,332.5304,332.5304,4.000000,4.000000,4.000000,5.000000,5.000000,96.000000,96.000000,96.000000,95.000000,95.000000,5.0,1463.1337,1340.2688,5187.4742,5310.3391,PENDING_AG03,FALSE,NOT_FOR_ENFORCEMENT,6384.5836,256811.4724,6650.6079,6384.5836,266.0243,0.02244119,0.02154355,266.0243,6384.5836,0.02154355,266.0243,266.0243,266.0243,332.5304,332.5304,6384.5836,0.02154355,1463.1337,1340.2688,5187.4742,5310.3391,0.01750413,0.01791872,0.00089765,16.2655,14.6936,0.3653,59.3804,1.1678,2646.0457,162.5536,12.4780,16.8648,9.0895,16.5695,22.0926,29.825,33.4482,44.5976,11.8163,0.0,2.018664,2.691552,0.981654,30,240,141,4,0.10479828,0.02244119,0.04150452,0E-8,0.000000,0.902668,0.011910,-0.02129501,2026-03-22,2026-08-05,112,5695,2177,137,0.817518,0.739886,0.767145,0.349328,,,,,,,,GLOBAL_BASELINE_NO_ENTITY_RANKING,,,NOT_APPLICABLE_GLOBAL_BASELINE,HF9g-P5,,,,X 全窗基线 · 不参与实体赏罚,14195698,1420,A168_HF9F_20260827_0900,2026-08-27 09:00:00
2026-05-14,110249610,1405,0,114.2812545294,-7.7488265265,-7.7488265265,0.5714286,7,7,0.50473567142857143,0.504735671429,0.35292148522900274,0.3529214852267378,0.35292148522900274,-4.2857E-13,ELIGIBLE,R03b_20260811_FULL_v1,L1_ELIGIBILITY,v2026-08-11,2026-03-21..2026-08-06,baccarat_bet02_101_all_pairs_incl_sentinel,round_win = game_pnl > 0 (decisive only),COMPATIBILITY_ONLY_NOT_PRODUCTION,296357.1217,267511.9505,6650.6079,18220,18206,-0.02244119,-0.04150452,-0.02020951,-0.02244119,-6650.6079,296357.1217,OK,0.0000,266.0243,4.0000,96.0000,AG03-UNRESOLVED,ALL5_LEVELS_bet23_to_bet27,266.0243,266.0243,266.0243,332.5304,332.5304,4.000000,4.000000,4.000000,5.000000,5.000000,96.000000,96.000000,96.000000,95.000000,95.000000,5.0,1463.1337,1340.2688,5187.4742,5310.3391,PENDING_AG03,FALSE,NOT_FOR_ENFORCEMENT,6384.5836,256811.4724,6650.6079,6384.5836,266.0243,0.02244119,0.02154355,266.0243,6384.5836,0.02154355,266.0243,266.0243,266.0243,332.5304,332.5304,6384.5836,0.02154355,1463.1337,1340.2688,5187.4742,5310.3391,0.01750413,0.01791872,0.00089765,16.2655,14.6936,0.3653,59.3804,1.1678,2646.0457,162.5536,12.4780,16.8648,9.0895,16.5695,22.0926,29.825,33.4482,44.5976,11.8163,0.0,2.018664,2.691552,0.981654,30,240,141,4,0.10479828,0.02244119,0.04150452,0E-8,0.000000,0.902668,0.011910,-0.02129501,2026-03-22,2026-08-05,112,5695,2177,137,0.817518,0.739886,0.767145,0.349328,,,,,,,,GLOBAL_BASELINE_NO_ENTITY_RANKING,,,NOT_APPLICABLE_GLOBAL_BASELINE,HF9g-P5,,,,X 全窗基线 · 不参与实体赏罚,14195699,1420,A168_HF9F_20260827_0900,2026-08-27 09:00:00
2026-05-14,110249610,1507,0,54.6320143604,10.5919211516,10.5919211516,0.6666667,3,3,0.50665070000000000,0.506650700000,0.5543606114942035,0.5543606114942035,0.5543606114942035,0E-17,ELIGIBLE,R03b_20260811_FULL_v1,L1_ELIGIBILITY,v2026-08-11,2026-03-21..2026-08-06,baccarat_bet02_101_all_pairs_incl_sentinel,round_win = game_pnl > 0 (decisive only),COMPATIBILITY_ONLY_NOT_PRODUCTION,296357.1217,267511.9505,6650.6079,18220,18206,-0.02244119,-0.04150452,-0.02020951,-0.02244119,-6650.6079,296357.1217,OK,0.0000,266.0243,4.0000,96.0000,AG03-UNRESOLVED,ALL5_LEVELS_bet23_to_bet27,266.0243,266.0243,266.0243,332.5304,332.5304,4.000000,4.000000,4.000000,5.000000,5.000000,96.000000,96.000000,96.000000,95.000000,95.000000,5.0,1463.1337,1340.2688,5187.4742,5310.3391,PENDING_AG03,FALSE,NOT_FOR_ENFORCEMENT,6384.5836,256811.4724,6650.6079,6384.5836,266.0243,0.02244119,0.02154355,266.0243,6384.5836,0.02154355,266.0243,266.0243,266.0243,332.5304,332.5304,6384.5836,0.02154355,1463.1337,1340.2688,5187.4742,5310.3391,0.01750413,0.01791872,0.00089765,16.2655,14.6936,0.3653,59.3804,1.1678,2646.0457,162.5536,12.4780,16.8648,9.0895,16.5695,22.0926,29.825,33.4482,44.5976,11.8163,0.0,2.018664,2.691552,0.981654,30,240,141,4,0.10479828,0.02244119,0.04150452,0E-8,0.000000,0.902668,0.011910,-0.02129501,2026-03-22,2026-08-05,112,5695,2177,137,0.817518,0.739886,0.767145,0.349328,,,,,,,,GLOBAL_BASELINE_NO_ENTITY_RANKING,,,NOT_APPLICABLE_GLOBAL_BASELINE,HF9g-P5,,,,X 全窗基线 · 不参与实体赏罚,14195700,1420,A168_HF9F_20260827_0900,2026-08-27 09:00:00
2026-05-14,110249610,1509,0,16.7240860287,-16.7240860287,-16.7240860287,0E-7,1,1,0.49324550000000000,0.493245500000,-0.9865810262130424,-0.9865810262130424,-0.9865810262130424,0E-17,ELIGIBLE,R03b_20260811_FULL_v1,L1_ELIGIBILITY,v2026-08-11,2026-03-21..2026-08-06,baccarat_bet02_101_all_pairs_incl_sentinel,round_win = game_pnl > 0 (decisive only),COMPATIBILITY_ONLY_NOT_PRODUCTION,296357.1217,267511.9505,6650.6079,18220,18206,-0.02244119,-0.04150452,-0.02020951,-0.02244119,-6650.6079,296357.1217,OK,0.0000,266.0243,4.0000,96.0000,AG03-UNRESOLVED,ALL5_LEVELS_bet23_to_bet27,266.0243,266.0243,266.0243,332.5304,332.5304,4.000000,4.000000,4.000000,5.000000,5.000000,96.000000,96.000000,96.000000,95.000000,95.000000,5.0,1463.1337,1340.2688,5187.4742,5310.3391,PENDING_AG03,FALSE,NOT_FOR_ENFORCEMENT,6384.5836,256811.4724,6650.6079,6384.5836,266.0243,0.02244119,0.02154355,266.0243,6384.5836,0.02154355,266.0243,266.0243,266.0243,332.5304,332.5304,6384.5836,0.02154355,1463.1337,1340.2688,5187.4742,5310.3391,0.01750413,0.01791872,0.00089765,16.2655,14.6936,0.3653,59.3804,1.1678,2646.0457,162.5536,12.4780,16.8648,9.0895,16.5695,22.0926,29.825,33.4482,44.5976,11.8163,0.0,2.018664,2.691552,0.981654,30,240,141,4,0.10479828,0.02244119,0.04150452,0E-8,0.000000,0.902668,0.011910,-0.02129501,2026-03-22,2026-08-05,112,5695,2177,137,0.817518,0.739886,0.767145,0.349328,,,,,,,,GLOBAL_BASELINE_NO_ENTITY_RANKING,,,NOT_APPLICABLE_GLOBAL_BASELINE,HF9g-P5,,,,X 全窗基线 · 不参与实体赏罚,14195701,1420,A168_HF9F_20260827_0900,2026-08-27 09:00:00
2026-05-14,110249610,1623,0,139.3673835725,-5.5746953429,-5.5746953429,0.5000000,4,4,0.49659680000000000,0.496596800000,0.013613115331600182,0.013613115331600183,0.013613115331600182,0E-17,ELIGIBLE,R03b_20260811_FULL_v1,L1_ELIGIBILITY,v2026-08-11,2026-03-21..2026-08-06,baccarat_bet02_101_all_pairs_incl_sentinel,round_win = game_pnl > 0 (decisive only),COMPATIBILITY_ONLY_NOT_PRODUCTION,296357.1217,267511.9505,6650.6079,18220,18206,-0.02244119,-0.04150452,-0.02020951,-0.02244119,-6650.6079,296357.1217,OK,0.0000,266.0243,4.0000,96.0000,AG03-UNRESOLVED,ALL5_LEVELS_bet23_to_bet27,266.0243,266.0243,266.0243,332.5304,332.5304,4.000000,4.000000,4.000000,5.000000,5.000000,96.000000,96.000000,96.000000,95.000000,95.000000,5.0,1463.1337,1340.2688,5187.4742,5310.3391,PENDING_AG03,FALSE,NOT_FOR_ENFORCEMENT,6384.5836,256811.4724,6650.6079,6384.5836,266.0243,0.02244119,0.02154355,266.0243,6384.5836,0.02154355,266.0243,266.0243,266.0243,332.5304,332.5304,6384.5836,0.02154355,1463.1337,1340.2688,5187.4742,5310.3391,0.01750413,0.01791872,0.00089765,16.2655,14.6936,0.3653,59.3804,1.1678,2646.0457,162.5536,12.4780,16.8648,9.0895,16.5695,22.0926,29.825,33.4482,44.5976,11.8163,0.0,2.018664,2.691552,0.981654,30,240,141,4,0.10479828,0.02244119,0.04150452,0E-8,0.000000,0.902668,0.011910,-0.02129501,2026-03-22,2026-08-05,112,5695,2177,137,0.817518,0.739886,0.767145,0.349328,,,,,,,,GLOBAL_BASELINE_NO_ENTITY_RANKING,,,NOT_APPLICABLE_GLOBAL_BASELINE,HF9g-P5,,,,X 全窗基线 · 不参与实体赏罚,14195702,1420,A168_HF9F_20260827_0900,2026-08-27 09:00:00
2026-05-14,110249610,1646,0,32.3332329888,-32.3332329888,-32.3332329888,0E-7,2,2,0.49994810000000000,0.499948100000,-1.4140667746232096,-1.4140667746232096,-1.4140667746232096,0E-17,ELIGIBLE,R03b_20260811_FULL_v1,L1_ELIGIBILITY,v2026-08-11,2026-03-21..2026-08-06,baccarat_bet02_101_all_pairs_incl_sentinel,round_win = game_pnl > 0 (decisive only),COMPATIBILITY_ONLY_NOT_PRODUCTION,296357.1217,267511.9505,6650.6079,18220,18206,-0.02244119,-0.04150452,-0.02020951,-0.02244119,-6650.6079,296357.1217,OK,0.0000,266.0243,4.0000,96.0000,AG03-UNRESOLVED,ALL5_LEVELS_bet23_to_bet27,266.0243,266.0243,266.0243,332.5304,332.5304,4.000000,4.000000,4.000000,5.000000,5.000000,96.000000,96.000000,96.000000,95.000000,95.000000,5.0,1463.1337,1340.2688,5187.4742,5310.3391,PENDING_AG03,FALSE,NOT_FOR_ENFORCEMENT,6384.5836,256811.4724,6650.6079,6384.5836,266.0243,0.02244119,0.02154355,266.0243,6384.5836,0.02154355,266.0243,266.0243,266.0243,332.5304,332.5304,6384.5836,0.02154355,1463.1337,1340.2688,5187.4742,5310.3391,0.01750413,0.01791872,0.00089765,16.2655,14.6936,0.3653,59.3804,1.1678,2646.0457,162.5536,12.4780,16.8648,9.0895,16.5695,22.0926,29.825,33.4482,44.5976,11.8163,0.0,2.018664,2.691552,0.981654,30,240,141,4,0.10479828,0.02244119,0.04150452,0E-8,0.000000,0.902668,0.011910,-0.02129501,2026-03-22,2026-08-05,112,5695,2177,137,0.817518,0.739886,0.767145,0.349328,,,,,,,,GLOBAL_BASELINE_NO_ENTITY_RANKING,,,NOT_APPLICABLE_GLOBAL_BASELINE,HF9g-P5,,,,X 全窗基线 · 不参与实体赏罚,14195703,1420,A168_HF9F_20260827_0900,2026-08-27 09:00:00
2026-05-14,110249610,1654,0,240.8268388133,-56.8618924976,-56.8618924976,0.4285714,8,8,0.49827245000000000,0.498272450000,-0.36882533912701604,-0.36882533912701604,-0.36882533912701604,0E-17,ELIGIBLE,R03b_20260811_FULL_v1,L1_ELIGIBILITY,v2026-08-11,2026-03-21..2026-08-06,baccarat_bet02_101_all_pairs_incl_sentinel,round_win = game_pnl > 0 (decisive only),COMPATIBILITY_ONLY_NOT_PRODUCTION,296357.1217,267511.9505,6650.6079,18220,18206,-0.02244119,-0.04150452,-0.02020951,-0.02244119,-6650.6079,296357.1217,OK,0.0000,266.0243,4.0000,96.0000,AG03-UNRESOLVED,ALL5_LEVELS_bet23_to_bet27,266.0243,266.0243,266.0243,332.5304,332.5304,4.000000,4.000000,4.000000,5.000000,5.000000,96.000000,96.000000,96.000000,95.000000,95.000000,5.0,1463.1337,1340.2688,5187.4742,5310.3391,PENDING_AG03,FALSE,NOT_FOR_ENFORCEMENT,6384.5836,256811.4724,6650.6079,6384.5836,266.0243,0.02244119,0.02154355,266.0243,6384.5836,0.02154355,266.0243,266.0243,266.0243,332.5304,332.5304,6384.5836,0.02154355,1463.1337,1340.2688,5187.4742,5310.3391,0.01750413,0.01791872,0.00089765,16.2655,14.6936,0.3653,59.3804,1.1678,2646.0457,162.5536,12.4780,16.8648,9.0895,16.5695,22.0926,29.825,33.4482,44.5976,11.8163,0.0,2.018664,2.691552,0.981654,30,240,141,4,0.10479828,0.02244119,0.04150452,0E-8,0.000000,0.902668,0.011910,-0.02129501,2026-03-22,2026-08-05,112,5695,2177,137,0.817518,0.739886,0.767145,0.349328,,,,,,,,GLOBAL_BASELINE_NO_ENTITY_RANKING,,,NOT_APPLICABLE_GLOBAL_BASELINE,HF9g-P5,,,,X 全窗基线 · 不参与实体赏罚,14195704,1420,A168_HF9F_20260827_0900,2026-08-27 09:00:00
2026-05-14,110249610,1710,0,72.4710394577,5.5746953429,5.5746953429,0.5000000,4,4,0.49324550000000000,0.493245500000,0.027020465636507562,0.027020465636507562,0.027020465636507562,0E-17,ELIGIBLE,R03b_20260811_FULL_v1,L1_ELIGIBILITY,v2026-08-11,2026-03-21..2026-08-06,baccarat_bet02_101_all_pairs_incl_sentinel,round_win = game_pnl > 0 (decisive only),COMPATIBILITY_ONLY_NOT_PRODUCTION,296357.1217,267511.9505,6650.6079,18220,18206,-0.02244119,-0.04150452,-0.02020951,-0.02244119,-6650.6079,296357.1217,OK,0.0000,266.0243,4.0000,96.0000,AG03-UNRESOLVED,ALL5_LEVELS_bet23_to_bet27,266.0243,266.0243,266.0243,332.5304,332.5304,4.000000,4.000000,4.000000,5.000000,5.000000,96.000000,96.000000,96.000000,95.000000,95.000000,5.0,1463.1337,1340.2688,5187.4742,5310.3391,PENDING_AG03,FALSE,NOT_FOR_ENFORCEMENT,6384.5836,256811.4724,6650.6079,6384.5836,266.0243,0.02244119,0.02154355,266.0243,6384.5836,0.02154355,266.0243,266.0243,266.0243,332.5304,332.5304,6384.5836,0.02154355,1463.1337,1340.2688,5187.4742,5310.3391,0.01750413,0.01791872,0.00089765,16.2655,14.6936,0.3653,59.3804,1.1678,2646.0457,162.5536,12.4780,16.8648,9.0895,16.5695,22.0926,29.825,33.4482,44.5976,11.8163,0.0,2.018664,2.691552,0.981654,30,240,141,4,0.10479828,0.02244119,0.04150452,0E-8,0.000000,0.902668,0.011910,-0.02129501,2026-03-22,2026-08-05,112,5695,2177,137,0.817518,0.739886,0.767145,0.349328,,,,,,,,GLOBAL_BASELINE_NO_ENTITY_RANKING,,,NOT_APPLICABLE_GLOBAL_BASELINE,HF9g-P5,,,,X 全窗基线 · 不参与实体赏罚,14195705,1420,A168_HF9F_20260827_0900,2026-08-27 09:00:00
2026-05-14,110249610,1935,0,60.2067097033,-4.4597562743,-4.4597562743,0.5000000,4,4,0.49659680000000000,0.496596800000,0.013613115331600182,0.013613115331600183,0.013613115331600182,0E-17,ELIGIBLE,R03b_20260811_FULL_v1,L1_ELIGIBILITY,v2026-08-11,2026-03-21..2026-08-06,baccarat_bet02_101_all_pairs_incl_sentinel,round_win = game_pnl > 0 (decisive only),COMPATIBILITY_ONLY_NOT_PRODUCTION,296357.1217,267511.9505,6650.6079,18220,18206,-0.02244119,-0.04150452,-0.02020951,-0.02244119,-6650.6079,296357.1217,OK,0.0000,266.0243,4.0000,96.0000,AG03-UNRESOLVED,ALL5_LEVELS_bet23_to_bet27,266.0243,266.0243,266.0243,332.5304,332.5304,4.000000,4.000000,4.000000,5.000000,5.000000,96.000000,96.000000,96.000000,95.000000,95.000000,5.0,1463.1337,1340.2688,5187.4742,5310.3391,PENDING_AG03,FALSE,NOT_FOR_ENFORCEMENT,6384.5836,256811.4724,6650.6079,6384.5836,266.0243,0.02244119,0.02154355,266.0243,6384.5836,0.02154355,266.0243,266.0243,266.0243,332.5304,332.5304,6384.5836,0.02154355,1463.1337,1340.2688,5187.4742,5310.3391,0.01750413,0.01791872,0.00089765,16.2655,14.6936,0.3653,59.3804,1.1678,2646.0457,162.5536,12.4780,16.8648,9.0895,16.5695,22.0926,29.825,33.4482,44.5976,11.8163,0.0,2.018664,2.691552,0.981654,30,240,141,4,0.10479828,0.02244119,0.04150452,0E-8,0.000000,0.902668,0.011910,-0.02129501,2026-03-22,2026-08-05,112,5695,2177,137,0.817518,0.739886,0.767145,0.349328,,,,,,,,GLOBAL_BASELINE_NO_ENTITY_RANKING,,,NOT_APPLICABLE_GLOBAL_BASELINE,HF9g-P5,,,,X 全窗基线 · 不参与实体赏罚,14195706,1420,A168_HF9F_20260827_0900,2026-08-27 09:00:00
2026-05-14,110249610,1941,0,61.3216487719,-5.5746953429,-5.5746953429,0.5000000,2,2,0.49324550000000000,0.493245500000,0.01910635448239258,0.01910635448239258,0.01910635448239258,0E-17,ELIGIBLE,R03b_20260811_FULL_v1,L1_ELIGIBILITY,v2026-08-11,2026-03-21..2026-08-06,baccarat_bet02_101_all_pairs_incl_sentinel,round_win = game_pnl > 0 (decisive only),COMPATIBILITY_ONLY_NOT_PRODUCTION,296357.1217,267511.9505,6650.6079,18220,18206,-0.02244119,-0.04150452,-0.02020951,-0.02244119,-6650.6079,296357.1217,OK,0.0000,266.0243,4.0000,96.0000,AG03-UNRESOLVED,ALL5_LEVELS_bet23_to_bet27,266.0243,266.0243,266.0243,332.5304,332.5304,4.000000,4.000000,4.000000,5.000000,5.000000,96.000000,96.000000,96.000000,95.000000,95.000000,5.0,1463.1337,1340.2688,5187.4742,5310.3391,PENDING_AG03,FALSE,NOT_FOR_ENFORCEMENT,6384.5836,256811.4724,6650.6079,6384.5836,266.0243,0.02244119,0.02154355,266.0243,6384.5836,0.02154355,266.0243,266.0243,266.0243,332.5304,332.5304,6384.5836,0.02154355,1463.1337,1340.2688,5187.4742,5310.3391,0.01750413,0.01791872,0.00089765,16.2655,14.6936,0.3653,59.3804,1.1678,2646.0457,162.5536,12.4780,16.8648,9.0895,16.5695,22.0926,29.825,33.4482,44.5976,11.8163,0.0,2.018664,2.691552,0.981654,30,240,141,4,0.10479828,0.02244119,0.04150452,0E-8,0.000000,0.902668,0.011910,-0.02129501,2026-03-22,2026-08-05,112,5695,2177,137,0.817518,0.739886,0.767145,0.349328,,,,,,,,GLOBAL_BASELINE_NO_ENTITY_RANKING,,,NOT_APPLICABLE_GLOBAL_BASELINE,HF9g-P5,,,,X 全窗基线 · 不参与实体赏罚,14195707,1420,A168_HF9F_20260827_0900,2026-08-27 09:00:00
2026-05-14,110249610,1942,0,170.0282079583,-24.3614186484,-24.3614186484,0.4285714,7,7,0.50665070000000000,0.506650700000,-0.4131932236838825,-0.4131932236838825,-0.4131932236838825,0E-17,ELIGIBLE,R03b_20260811_FULL_v1,L1_ELIGIBILITY,v2026-08-11,2026-03-21..2026-08-06,baccarat_bet02_101_all_pairs_incl_sentinel,round_win = game_pnl > 0 (decisive only),COMPATIBILITY_ONLY_NOT_PRODUCTION,296357.1217,267511.9505,6650.6079,18220,18206,-0.02244119,-0.04150452,-0.02020951,-0.02244119,-6650.6079,296357.1217,OK,0.0000,266.0243,4.0000,96.0000,AG03-UNRESOLVED,ALL5_LEVELS_bet23_to_bet27,266.0243,266.0243,266.0243,332.5304,332.5304,4.000000,4.000000,4.000000,5.000000,5.000000,96.000000,96.000000,96.000000,95.000000,95.000000,5.0,1463.1337,1340.2688,5187.4742,5310.3391,PENDING_AG03,FALSE,NOT_FOR_ENFORCEMENT,6384.5836,256811.4724,6650.6079,6384.5836,266.0243,0.02244119,0.02154355,266.0243,6384.5836,0.02154355,266.0243,266.0243,266.0243,332.5304,332.5304,6384.5836,0.02154355,1463.1337,1340.2688,5187.4742,5310.3391,0.01750413,0.01791872,0.00089765,16.2655,14.6936,0.3653,59.3804,1.1678,2646.0457,162.5536,12.4780,16.8648,9.0895,16.5695,22.0926,29.825,33.4482,44.5976,11.8163,0.0,2.018664,2.691552,0.981654,30,240,141,4,0.10479828,0.02244119,0.04150452,0E-8,0.000000,0.902668,0.011910,-0.02129501,2026-03-22,2026-08-05,112,5695,2177,137,0.817518,0.739886,0.767145,0.349328,,,,,,,,GLOBAL_BASELINE_NO_ENTITY_RANKING,,,NOT_APPLICABLE_GLOBAL_BASELINE,HF9g-P5,,,,X 全窗基线 · 不参与实体赏罚,14195708,1420,A168_HF9F_20260827_0900,2026-08-27 09:00:00
2026-05-14,110249610,1957,0,143.8271398468,9.4769820830,9.4769820830,0.6666667,5,5,0.50665070000000000,0.506650700000,0.5543606114942035,0.5543606114942035,0.5543606114942035,0E-17,ELIGIBLE,R03b_20260811_FULL_v1,L1_ELIGIBILITY,v2026-08-11,2026-03-21..2026-08-06,baccarat_bet02_101_all_pairs_incl_sentinel,round_win = game_pnl > 0 (decisive only),COMPATIBILITY_ONLY_NOT_PRODUCTION,296357.1217,267511.9505,6650.6079,18220,18206,-0.02244119,-0.04150452,-0.02020951,-0.02244119,-6650.6079,296357.1217,OK,0.0000,266.0243,4.0000,96.0000,AG03-UNRESOLVED,ALL5_LEVELS_bet23_to_bet27,266.0243,266.0243,266.0243,332.5304,332.5304,4.000000,4.000000,4.000000,5.000000,5.000000,96.000000,96.000000,96.000000,95.000000,95.000000,5.0,1463.1337,1340.2688,5187.4742,5310.3391,PENDING_AG03,FALSE,NOT_FOR_ENFORCEMENT,6384.5836,256811.4724,6650.6079,6384.5836,266.0243,0.02244119,0.02154355,266.0243,6384.5836,0.02154355,266.0243,266.0243,266.0243,332.5304,332.5304,6384.5836,0.02154355,1463.1337,1340.2688,5187.4742,5310.3391,0.01750413,0.01791872,0.00089765,16.2655,14.6936,0.3653,59.3804,1.1678,2646.0457,162.5536,12.4780,16.8648,9.0895,16.5695,22.0926,29.825,33.4482,44.5976,11.8163,0.0,2.018664,2.691552,0.981654,30,240,141,4,0.10479828,0.02244119,0.04150452,0E-8,0.000000,0.902668,0.011910,-0.02129501,2026-03-22,2026-08-05,112,5695,2177,137,0.817518,0.739886,0.767145,0.349328,,,,,,,,GLOBAL_BASELINE_NO_ENTITY_RANKING,,,NOT_APPLICABLE_GLOBAL_BASELINE,HF9g-P5,,,,X 全窗基线 · 不参与实体赏罚,14195709,1420,A168_HF9F_20260827_0900,2026-08-27 09:00:00
2026-05-14,110249610,1966,0,115.9536631323,6.6896344115,6.6896344115,0.5000000,4,4,0.49324550000000000,0.493245500000,0.027020465636507562,0.027020465636507562,0.027020465636507562,0E-17,ELIGIBLE,R03b_20260811_FULL_v1,L1_ELIGIBILITY,v2026-08-11,2026-03-21..2026-08-06,baccarat_bet02_101_all_pairs_incl_sentinel,round_win = game_pnl > 0 (decisive only),COMPATIBILITY_ONLY_NOT_PRODUCTION,296357.1217,267511.9505,6650.6079,18220,18206,-0.02244119,-0.04150452,-0.02020951,-0.02244119,-6650.6079,296357.1217,OK,0.0000,266.0243,4.0000,96.0000,AG03-UNRESOLVED,ALL5_LEVELS_bet23_to_bet27,266.0243,266.0243,266.0243,332.5304,332.5304,4.000000,4.000000,4.000000,5.000000,5.000000,96.000000,96.000000,96.000000,95.000000,95.000000,5.0,1463.1337,1340.2688,5187.4742,5310.3391,PENDING_AG03,FALSE,NOT_FOR_ENFORCEMENT,6384.5836,256811.4724,6650.6079,6384.5836,266.0243,0.02244119,0.02154355,266.0243,6384.5836,0.02154355,266.0243,266.0243,266.0243,332.5304,332.5304,6384.5836,0.02154355,1463.1337,1340.2688,5187.4742,5310.3391,0.01750413,0.01791872,0.00089765,16.2655,14.6936,0.3653,59.3804,1.1678,2646.0457,162.5536,12.4780,16.8648,9.0895,16.5695,22.0926,29.825,33.4482,44.5976,11.8163,0.0,2.018664,2.691552,0.981654,30,240,141,4,0.10479828,0.02244119,0.04150452,0E-8,0.000000,0.902668,0.011910,-0.02129501,2026-03-22,2026-08-05,112,5695,2177,137,0.817518,0.739886,0.767145,0.349328,,,,,,,,GLOBAL_BASELINE_NO_ENTITY_RANKING,,,NOT_APPLICABLE_GLOBAL_BASELINE,HF9g-P5,,,,X 全窗基线 · 不参与实体赏罚,14195710,1420,A168_HF9F_20260827_0900,2026-08-27 09:00:00
2026-05-14,110249610,2093,0,88.0801864179,33.8941476848,33.8941476848,1.0000000,5,5,0.50665070000000000,0.506650700000,1.3955260008387969,1.3955260008387969,1.3955260008387969,0E-17,ELIGIBLE,R03b_20260811_FULL_v1,L1_ELIGIBILITY,v2026-08-11,2026-03-21..2026-08-06,baccarat_bet02_101_all_pairs_incl_sentinel,round_win = game_pnl > 0 (decisive only),COMPATIBILITY_ONLY_NOT_PRODUCTION,296357.1217,267511.9505,6650.6079,18220,18206,-0.02244119,-0.04150452,-0.02020951,-0.02244119,-6650.6079,296357.1217,OK,0.0000,266.0243,4.0000,96.0000,AG03-UNRESOLVED,ALL5_LEVELS_bet23_to_bet27,266.0243,266.0243,266.0243,332.5304,332.5304,4.000000,4.000000,4.000000,5.000000,5.000000,96.000000,96.000000,96.000000,95.000000,95.000000,5.0,1463.1337,1340.2688,5187.4742,5310.3391,PENDING_AG03,FALSE,NOT_FOR_ENFORCEMENT,6384.5836,256811.4724,6650.6079,6384.5836,266.0243,0.02244119,0.02154355,266.0243,6384.5836,0.02154355,266.0243,266.0243,266.0243,332.5304,332.5304,6384.5836,0.02154355,1463.1337,1340.2688,5187.4742,5310.3391,0.01750413,0.01791872,0.00089765,16.2655,14.6936,0.3653,59.3804,1.1678,2646.0457,162.5536,12.4780,16.8648,9.0895,16.5695,22.0926,29.825,33.4482,44.5976,11.8163,0.0,2.018664,2.691552,0.981654,30,240,141,4,0.10479828,0.02244119,0.04150452,0E-8,0.000000,0.902668,0.011910,-0.02129501,2026-03-22,2026-08-05,112,5695,2177,137,0.817518,0.739886,0.767145,0.349328,,,,,,,,GLOBAL_BASELINE_NO_ENTITY_RANKING,,,NOT_APPLICABLE_GLOBAL_BASELINE,HF9g-P5,,,,X 全窗基线 · 不参与实体赏罚,14195711,1420,A168_HF9F_20260827_0900,2026-08-27 09:00:00
2026-05-14,110249610,2101,0,159.4362868070,-82.5054910749,-82.5054910749,0.2857143,8,8,0.49492115000000000,0.494921150000,-1.107075785822481,-1.107075785822481,-1.107075785822481,0E-17,ELIGIBLE,R03b_20260811_FULL_v1,L1_ELIGIBILITY,v2026-08-11,2026-03-21..2026-08-06,baccarat_bet02_101_all_pairs_incl_sentinel,round_win = game_pnl > 0 (decisive only),COMPATIBILITY_ONLY_NOT_PRODUCTION,296357.1217,267511.9505,6650.6079,18220,18206,-0.02244119,-0.04150452,-0.02020951,-0.02244119,-6650.6079,296357.1217,OK,0.0000,266.0243,4.0000,96.0000,AG03-UNRESOLVED,ALL5_LEVELS_bet23_to_bet27,266.0243,266.0243,266.0243,332.5304,332.5304,4.000000,4.000000,4.000000,5.000000,5.000000,96.000000,96.000000,96.000000,95.000000,95.000000,5.0,1463.1337,1340.2688,5187.4742,5310.3391,PENDING_AG03,FALSE,NOT_FOR_ENFORCEMENT,6384.5836,256811.4724,6650.6079,6384.5836,266.0243,0.02244119,0.02154355,266.0243,6384.5836,0.02154355,266.0243,266.0243,266.0243,332.5304,332.5304,6384.5836,0.02154355,1463.1337,1340.2688,5187.4742,5310.3391,0.01750413,0.01791872,0.00089765,16.2655,14.6936,0.3653,59.3804,1.1678,2646.0457,162.5536,12.4780,16.8648,9.0895,16.5695,22.0926,29.825,33.4482,44.5976,11.8163,0.0,2.018664,2.691552,0.981654,30,240,141,4,0.10479828,0.02244119,0.04150452,0E-8,0.000000,0.902668,0.011910,-0.02129501,2026-03-22,2026-08-05,112,5695,2177,137,0.817518,0.739886,0.767145,0.349328,,,,,,,,GLOBAL_BASELINE_NO_ENTITY_RANKING,,,NOT_APPLICABLE_GLOBAL_BASELINE,HF9g-P5,,,,X 全窗基线 · 不参与实体赏罚,14195712,1420,A168_HF9F_20260827_0900,2026-08-27 09:00:00
2026-05-14,110249610,2106,0,217.9705879074,28.7096810160,28.7096810160,0.5714286,8,8,0.49492115000000000,0.494921150000,0.40486010814450674,0.40486010814450674,0.40486010814450674,0E-17,ELIGIBLE,R03b_20260811_FULL_v1,L1_ELIGIBILITY,v2026-08-11,2026-03-21..2026-08-06,baccarat_bet02_101_all_pairs_incl_sentinel,round_win = game_pnl > 0 (decisive only),COMPATIBILITY_ONLY_NOT_PRODUCTION,296357.1217,267511.9505,6650.6079,18220,18206,-0.02244119,-0.04150452,-0.02020951,-0.02244119,-6650.6079,296357.1217,OK,0.0000,266.0243,4.0000,96.0000,AG03-UNRESOLVED,ALL5_LEVELS_bet23_to_bet27,266.0243,266.0243,266.0243,332.5304,332.5304,4.000000,4.000000,4.000000,5.000000,5.000000,96.000000,96.000000,96.000000,95.000000,95.000000,5.0,1463.1337,1340.2688,5187.4742,5310.3391,PENDING_AG03,FALSE,NOT_FOR_ENFORCEMENT,6384.5836,256811.4724,6650.6079,6384.5836,266.0243,0.02244119,0.02154355,266.0243,6384.5836,0.02154355,266.0243,266.0243,266.0243,332.5304,332.5304,6384.5836,0.02154355,1463.1337,1340.2688,5187.4742,5310.3391,0.01750413,0.01791872,0.00089765,16.2655,14.6936,0.3653,59.3804,1.1678,2646.0457,162.5536,12.4780,16.8648,9.0895,16.5695,22.0926,29.825,33.4482,44.5976,11.8163,0.0,2.018664,2.691552,0.981654,30,240,141,4,0.10479828,0.02244119,0.04150452,0E-8,0.000000,0.902668,0.011910,-0.02129501,2026-03-22,2026-08-05,112,5695,2177,137,0.817518,0.739886,0.767145,0.349328,,,,,,,,GLOBAL_BASELINE_NO_ENTITY_RANKING,,,NOT_APPLICABLE_GLOBAL_BASELINE,HF9g-P5,,,,X 全窗基线 · 不参与实体赏罚,14195713,1420,A168_HF9F_20260827_0900,2026-08-27 09:00:00
2026-05-14,110249610,2108,0,22.2987813716,-22.2987813716,-22.2987813716,0E-7,1,1,0.49324550000000000,0.493245500000,-0.9865810262130424,-0.9865810262130424,-0.9865810262130424,0E-17,ELIGIBLE,R03b_20260811_FULL_v1,L1_ELIGIBILITY,v2026-08-11,2026-03-21..2026-08-06,baccarat_bet02_101_all_pairs_incl_sentinel,round_win = game_pnl > 0 (decisive only),COMPATIBILITY_ONLY_NOT_PRODUCTION,296357.1217,267511.9505,6650.6079,18220,18206,-0.02244119,-0.04150452,-0.02020951,-0.02244119,-6650.6079,296357.1217,OK,0.0000,266.0243,4.0000,96.0000,AG03-UNRESOLVED,ALL5_LEVELS_bet23_to_bet27,266.0243,266.0243,266.0243,332.5304,332.5304,4.000000,4.000000,4.000000,5.000000,5.000000,96.000000,96.000000,96.000000,95.000000,95.000000,5.0,1463.1337,1340.2688,5187.4742,5310.3391,PENDING_AG03,FALSE,NOT_FOR_ENFORCEMENT,6384.5836,256811.4724,6650.6079,6384.5836,266.0243,0.02244119,0.02154355,266.0243,6384.5836,0.02154355,266.0243,266.0243,266.0243,332.5304,332.5304,6384.5836,0.02154355,1463.1337,1340.2688,5187.4742,5310.3391,0.01750413,0.01791872,0.00089765,16.2655,14.6936,0.3653,59.3804,1.1678,2646.0457,162.5536,12.4780,16.8648,9.0895,16.5695,22.0926,29.825,33.4482,44.5976,11.8163,0.0,2.018664,2.691552,0.981654,30,240,141,4,0.10479828,0.02244119,0.04150452,0E-8,0.000000,0.902668,0.011910,-0.02129501,2026-03-22,2026-08-05,112,5695,2177,137,0.817518,0.739886,0.767145,0.349328,,,,,,,,GLOBAL_BASELINE_NO_ENTITY_RANKING,,,NOT_APPLICABLE_GLOBAL_BASELINE,HF9g-P5,,,,X 全窗基线 · 不参与实体赏罚,14195714,1420,A168_HF9F_20260827_0900,2026-08-27 09:00:00
2026-05-14,110249610,2117,0,79.1606738692,5.6304422963,5.6304422963,0.5000000,4,4,0.50665070000000000,0.506650700000,-0.02660515369234503,-0.02660515369234503,-0.02660515369234503,0E-17,ELIGIBLE,R03b_20260811_FULL_v1,L1_ELIGIBILITY,v2026-08-11,2026-03-21..2026-08-06,baccarat_bet02_101_all_pairs_incl_sentinel,round_win = game_pnl > 0 (decisive only),COMPATIBILITY_ONLY_NOT_PRODUCTION,296357.1217,267511.9505,6650.6079,18220,18206,-0.02244119,-0.04150452,-0.02020951,-0.02244119,-6650.6079,296357.1217,OK,0.0000,266.0243,4.0000,96.0000,AG03-UNRESOLVED,ALL5_LEVELS_bet23_to_bet27,266.0243,266.0243,266.0243,332.5304,332.5304,4.000000,4.000000,4.000000,5.000000,5.000000,96.000000,96.000000,96.000000,95.000000,95.000000,5.0,1463.1337,1340.2688,5187.4742,5310.3391,PENDING_AG03,FALSE,NOT_FOR_ENFORCEMENT,6384.5836,256811.4724,6650.6079,6384.5836,266.0243,0.02244119,0.02154355,266.0243,6384.5836,0.02154355,266.0243,266.0243,266.0243,332.5304,332.5304,6384.5836,0.02154355,1463.1337,1340.2688,5187.4742,5310.3391,0.01750413,0.01791872,0.00089765,16.2655,14.6936,0.3653,59.3804,1.1678,2646.0457,162.5536,12.4780,16.8648,9.0895,16.5695,22.0926,29.825,33.4482,44.5976,11.8163,0.0,2.018664,2.691552,0.981654,30,240,141,4,0.10479828,0.02244119,0.04150452,0E-8,0.000000,0.902668,0.011910,-0.02129501,2026-03-22,2026-08-05,112,5695,2177,137,0.817518,0.739886,0.767145,0.349328,,,,,,,,GLOBAL_BASELINE_NO_ENTITY_RANKING,,,NOT_APPLICABLE_GLOBAL_BASELINE,HF9g-P5,,,,X 全窗基线 · 不参与实体赏罚,14195715,1420,A168_HF9F_20260827_0900,2026-08-27 09:00:00
2026-05-14,110249610,2156,0,111.4939068580,-34.8418458931,-34.8418458931,0.4000000,5,5,0.49592654000000000,0.495926540000,-0.42901076602576227,-0.42901076602576227,-0.42901076602576227,0E-17,ELIGIBLE,R03b_20260811_FULL_v1,L1_ELIGIBILITY,v2026-08-11,2026-03-21..2026-08-06,baccarat_bet02_101_all_pairs_incl_sentinel,round_win = game_pnl > 0 (decisive only),COMPATIBILITY_ONLY_NOT_PRODUCTION,296357.1217,267511.9505,6650.6079,18220,18206,-0.02244119,-0.04150452,-0.02020951,-0.02244119,-6650.6079,296357.1217,OK,0.0000,266.0243,4.0000,96.0000,AG03-UNRESOLVED,ALL5_LEVELS_bet23_to_bet27,266.0243,266.0243,266.0243,332.5304,332.5304,4.000000,4.000000,4.000000,5.000000,5.000000,96.000000,96.000000,96.000000,95.000000,95.000000,5.0,1463.1337,1340.2688,5187.4742,5310.3391,PENDING_AG03,FALSE,NOT_FOR_ENFORCEMENT,6384.5836,256811.4724,6650.6079,6384.5836,266.0243,0.02244119,0.02154355,266.0243,6384.5836,0.02154355,266.0243,266.0243,266.0243,332.5304,332.5304,6384.5836,0.02154355,1463.1337,1340.2688,5187.4742,5310.3391,0.01750413,0.01791872,0.00089765,16.2655,14.6936,0.3653,59.3804,1.1678,2646.0457,162.5536,12.4780,16.8648,9.0895,16.5695,22.0926,29.825,33.4482,44.5976,11.8163,0.0,2.018664,2.691552,0.981654,30,240,141,4,0.10479828,0.02244119,0.04150452,0E-8,0.000000,0.902668,0.011910,-0.02129501,2026-03-22,2026-08-05,112,5695,2177,137,0.817518,0.739886,0.767145,0.349328,,,,,,,,GLOBAL_BASELINE_NO_ENTITY_RANKING,,,NOT_APPLICABLE_GLOBAL_BASELINE,HF9g-P5,,,,X 全窗基线 · 不参与实体赏罚,14195716,1420,A168_HF9F_20260827_0900,2026-08-27 09:00:00
2026-05-14,110249610,2160,0,61.3216487719,-16.7240860287,-16.7240860287,0.3333333,3,3,0.50218230000000000,0.502182300000,-0.5849155494134425,-0.5849155494134426,-0.5849155494134425,0E-17,ELIGIBLE,R03b_20260811_FULL_v1,L1_ELIGIBILITY,v2026-08-11,2026-03-21..2026-08-06,baccarat_bet02_101_all_pairs_incl_sentinel,round_win = game_pnl > 0 (decisive only),COMPATIBILITY_ONLY_NOT_PRODUCTION,296357.1217,267511.9505,6650.6079,18220,18206,-0.02244119,-0.04150452,-0.02020951,-0.02244119,-6650.6079,296357.1217,OK,0.0000,266.0243,4.0000,96.0000,AG03-UNRESOLVED,ALL5_LEVELS_bet23_to_bet27,266.0243,266.0243,266.0243,332.5304,332.5304,4.000000,4.000000,4.000000,5.000000,5.000000,96.000000,96.000000,96.000000,95.000000,95.000000,5.0,1463.1337,1340.2688,5187.4742,5310.3391,PENDING_AG03,FALSE,NOT_FOR_ENFORCEMENT,6384.5836,256811.4724,6650.6079,6384.5836,266.0243,0.02244119,0.02154355,266.0243,6384.5836,0.02154355,266.0243,266.0243,266.0243,332.5304,332.5304,6384.5836,0.02154355,1463.1337,1340.2688,5187.4742,5310.3391,0.01750413,0.01791872,0.00089765,16.2655,14.6936,0.3653,59.3804,1.1678,2646.0457,162.5536,12.4780,16.8648,9.0895,16.5695,22.0926,29.825,33.4482,44.5976,11.8163,0.0,2.018664,2.691552,0.981654,30,240,141,4,0.10479828,0.02244119,0.04150452,0E-8,0.000000,0.902668,0.011910,-0.02129501,2026-03-22,2026-08-05,112,5695,2177,137,0.817518,0.739886,0.767145,0.349328,,,,,,,,GLOBAL_BASELINE_NO_ENTITY_RANKING,,,NOT_APPLICABLE_GLOBAL_BASELINE,HF9g-P5,,,,X 全窗基线 · 不参与实体赏罚,14195717,1420,A168_HF9F_20260827_0900,2026-08-27 09:00:00
2026-05-14,110249610,2170,0,50.1722580861,-50.1722580861,-50.1722580861,0E-7,2,2,0.49994810000000000,0.499948100000,-1.4140667746232096,-1.4140667746232096,-1.4140667746232096,0E-17,ELIGIBLE,R03b_20260811_FULL_v1,L1_ELIGIBILITY,v2026-08-11,2026-03-21..2026-08-06,baccarat_bet02_101_all_pairs_incl_sentinel,round_win = game_pnl > 0 (decisive only),COMPATIBILITY_ONLY_NOT_PRODUCTION,296357.1217,267511.9505,6650.6079,18220,18206,-0.02244119,-0.04150452,-0.02020951,-0.02244119,-6650.6079,296357.1217,OK,0.0000,266.0243,4.0000,96.0000,AG03-UNRESOLVED,ALL5_LEVELS_bet23_to_bet27,266.0243,266.0243,266.0243,332.5304,332.5304,4.000000,4.000000,4.000000,5.000000,5.000000,96.000000,96.000000,96.000000,95.000000,95.000000,5.0,1463.1337,1340.2688,5187.4742,5310.3391,PENDING_AG03,FALSE,NOT_FOR_ENFORCEMENT,6384.5836,256811.4724,6650.6079,6384.5836,266.0243,0.02244119,0.02154355,266.0243,6384.5836,0.02154355,266.0243,266.0243,266.0243,332.5304,332.5304,6384.5836,0.02154355,1463.1337,1340.2688,5187.4742,5310.3391,0.01750413,0.01791872,0.00089765,16.2655,14.6936,0.3653,59.3804,1.1678,2646.0457,162.5536,12.4780,16.8648,9.0895,16.5695,22.0926,29.825,33.4482,44.5976,11.8163,0.0,2.018664,2.691552,0.981654,30,240,141,4,0.10479828,0.02244119,0.04150452,0E-8,0.000000,0.902668,0.011910,-0.02129501,2026-03-22,2026-08-05,112,5695,2177,137,0.817518,0.739886,0.767145,0.349328,,,,,,,,GLOBAL_BASELINE_NO_ENTITY_RANKING,,,NOT_APPLICABLE_GLOBAL_BASELINE,HF9g-P5,,,,X 全窗基线 · 不参与实体赏罚,14195718,1420,A168_HF9F_20260827_0900,2026-08-27 09:00:00
2026-05-14,110249610,2171,0,137.6949749696,-53.9909243960,-53.9909243960,0.3333333,6,6,0.50441650000000000,0.504416500000,-0.838165622096103,-0.838165622096103,-0.838165622096103,0E-17,ELIGIBLE,R03b_20260811_FULL_v1,L1_ELIGIBILITY,v2026-08-11,2026-03-21..2026-08-06,baccarat_bet02_101_all_pairs_incl_sentinel,round_win = game_pnl > 0 (decisive only),COMPATIBILITY_ONLY_NOT_PRODUCTION,296357.1217,267511.9505,6650.6079,18220,18206,-0.02244119,-0.04150452,-0.02020951,-0.02244119,-6650.6079,296357.1217,OK,0.0000,266.0243,4.0000,96.0000,AG03-UNRESOLVED,ALL5_LEVELS_bet23_to_bet27,266.0243,266.0243,266.0243,332.5304,332.5304,4.000000,4.000000,4.000000,5.000000,5.000000,96.000000,96.000000,96.000000,95.000000,95.000000,5.0,1463.1337,1340.2688,5187.4742,5310.3391,PENDING_AG03,FALSE,NOT_FOR_ENFORCEMENT,6384.5836,256811.4724,6650.6079,6384.5836,266.0243,0.02244119,0.02154355,266.0243,6384.5836,0.02154355,266.0243,266.0243,266.0243,332.5304,332.5304,6384.5836,0.02154355,1463.1337,1340.2688,5187.4742,5310.3391,0.01750413,0.01791872,0.00089765,16.2655,14.6936,0.3653,59.3804,1.1678,2646.0457,162.5536,12.4780,16.8648,9.0895,16.5695,22.0926,29.825,33.4482,44.5976,11.8163,0.0,2.018664,2.691552,0.981654,30,240,141,4,0.10479828,0.02244119,0.04150452,0E-8,0.000000,0.902668,0.011910,-0.02129501,2026-03-22,2026-08-05,112,5695,2177,137,0.817518,0.739886,0.767145,0.349328,,,,,,,,GLOBAL_BASELINE_NO_ENTITY_RANKING,,,NOT_APPLICABLE_GLOBAL_BASELINE,HF9g-P5,,,,X 全窗基线 · 不参与实体赏罚,14195719,1420,A168_HF9F_20260827_0900,2026-08-27 09:00:00
2026-05-14,110249610,2175,0,11.1493906858,-11.1493906858,-11.1493906858,0E-7,1,1,0.49324550000000000,0.493245500000,-0.9865810262130424,-0.9865810262130424,-0.9865810262130424,0E-17,ELIGIBLE,R03b_20260811_FULL_v1,L1_ELIGIBILITY,v2026-08-11,2026-03-21..2026-08-06,baccarat_bet02_101_all_pairs_incl_sentinel,round_win = game_pnl > 0 (decisive only),COMPATIBILITY_ONLY_NOT_PRODUCTION,296357.1217,267511.9505,6650.6079,18220,18206,-0.02244119,-0.04150452,-0.02020951,-0.02244119,-6650.6079,296357.1217,OK,0.0000,266.0243,4.0000,96.0000,AG03-UNRESOLVED,ALL5_LEVELS_bet23_to_bet27,266.0243,266.0243,266.0243,332.5304,332.5304,4.000000,4.000000,4.000000,5.000000,5.000000,96.000000,96.000000,96.000000,95.000000,95.000000,5.0,1463.1337,1340.2688,5187.4742,5310.3391,PENDING_AG03,FALSE,NOT_FOR_ENFORCEMENT,6384.5836,256811.4724,6650.6079,6384.5836,266.0243,0.02244119,0.02154355,266.0243,6384.5836,0.02154355,266.0243,266.0243,266.0243,332.5304,332.5304,6384.5836,0.02154355,1463.1337,1340.2688,5187.4742,5310.3391,0.01750413,0.01791872,0.00089765,16.2655,14.6936,0.3653,59.3804,1.1678,2646.0457,162.5536,12.4780,16.8648,9.0895,16.5695,22.0926,29.825,33.4482,44.5976,11.8163,0.0,2.018664,2.691552,0.981654,30,240,141,4,0.10479828,0.02244119,0.04150452,0E-8,0.000000,0.902668,0.011910,-0.02129501,2026-03-22,2026-08-05,112,5695,2177,137,0.817518,0.739886,0.767145,0.349328,,,,,,,,GLOBAL_BASELINE_NO_ENTITY_RANKING,,,NOT_APPLICABLE_GLOBAL_BASELINE,HF9g-P5,,,,X 全窗基线 · 不参与实体赏罚,14195720,1420,A168_HF9F_20260827_0900,2026-08-27 09:00:00
2026-05-14,110249610,2177,0,408.6251686346,132.4826348240,132.4826348240,0.6923077,13,13,0.50458836153846154,0.504588361538,1.3537203460842575,1.3537203460875744,1.3537203460842575,4.6154E-13,ELIGIBLE,R03b_20260811_FULL_v1,L1_ELIGIBILITY,v2026-08-11,2026-03-21..2026-08-06,baccarat_bet02_101_all_pairs_incl_sentinel,round_win = game_pnl > 0 (decisive only),COMPATIBILITY_ONLY_NOT_PRODUCTION,296357.1217,267511.9505,6650.6079,18220,18206,-0.02244119,-0.04150452,-0.02020951,-0.02244119,-6650.6079,296357.1217,OK,0.0000,266.0243,4.0000,96.0000,AG03-UNRESOLVED,ALL5_LEVELS_bet23_to_bet27,266.0243,266.0243,266.0243,332.5304,332.5304,4.000000,4.000000,4.000000,5.000000,5.000000,96.000000,96.000000,96.000000,95.000000,95.000000,5.0,1463.1337,1340.2688,5187.4742,5310.3391,PENDING_AG03,FALSE,NOT_FOR_ENFORCEMENT,6384.5836,256811.4724,6650.6079,6384.5836,266.0243,0.02244119,0.02154355,266.0243,6384.5836,0.02154355,266.0243,266.0243,266.0243,332.5304,332.5304,6384.5836,0.02154355,1463.1337,1340.2688,5187.4742,5310.3391,0.01750413,0.01791872,0.00089765,16.2655,14.6936,0.3653,59.3804,1.1678,2646.0457,162.5536,12.4780,16.8648,9.0895,16.5695,22.0926,29.825,33.4482,44.5976,11.8163,0.0,2.018664,2.691552,0.981654,30,240,141,4,0.10479828,0.02244119,0.04150452,0E-8,0.000000,0.902668,0.011910,-0.02129501,2026-03-22,2026-08-05,112,5695,2177,137,0.817518,0.739886,0.767145,0.349328,,,,,,,,GLOBAL_BASELINE_NO_ENTITY_RANKING,,,NOT_APPLICABLE_GLOBAL_BASELINE,HF9g-P5,,,,X 全窗基线 · 不参与实体赏罚,14195721,1420,A168_HF9F_20260827_0900,2026-08-27 09:00:00
2026-05-14,110249610,2188,0,156.0914696012,-61.3216487719,-61.3216487719,0.3750000,9,9,0.49473496666666667,0.494734966667,-0.67736080970584,-0.677360809707721,-0.67736080970584,-3.3333E-13,ELIGIBLE,R03b_20260811_FULL_v1,L1_ELIGIBILITY,v2026-08-11,2026-03-21..2026-08-06,baccarat_bet02_101_all_pairs_incl_sentinel,round_win = game_pnl > 0 (decisive only),COMPATIBILITY_ONLY_NOT_PRODUCTION,296357.1217,267511.9505,6650.6079,18220,18206,-0.02244119,-0.04150452,-0.02020951,-0.02244119,-6650.6079,296357.1217,OK,0.0000,266.0243,4.0000,96.0000,AG03-UNRESOLVED,ALL5_LEVELS_bet23_to_bet27,266.0243,266.0243,266.0243,332.5304,332.5304,4.000000,4.000000,4.000000,5.000000,5.000000,96.000000,96.000000,96.000000,95.000000,95.000000,5.0,1463.1337,1340.2688,5187.4742,5310.3391,PENDING_AG03,FALSE,NOT_FOR_ENFORCEMENT,6384.5836,256811.4724,6650.6079,6384.5836,266.0243,0.02244119,0.02154355,266.0243,6384.5836,0.02154355,266.0243,266.0243,266.0243,332.5304,332.5304,6384.5836,0.02154355,1463.1337,1340.2688,5187.4742,5310.3391,0.01750413,0.01791872,0.00089765,16.2655,14.6936,0.3653,59.3804,1.1678,2646.0457,162.5536,12.4780,16.8648,9.0895,16.5695,22.0926,29.825,33.4482,44.5976,11.8163,0.0,2.018664,2.691552,0.981654,30,240,141,4,0.10479828,0.02244119,0.04150452,0E-8,0.000000,0.902668,0.011910,-0.02129501,2026-03-22,2026-08-05,112,5695,2177,137,0.817518,0.739886,0.767145,0.349328,,,,,,,,GLOBAL_BASELINE_NO_ENTITY_RANKING,,,NOT_APPLICABLE_GLOBAL_BASELINE,HF9g-P5,,,,X 全窗基线 · 不参与实体赏罚,14195722,1420,A168_HF9F_20260827_0900,2026-08-27 09:00:00
2026-05-14,110249610,2205,0,72.4710394577,8.9195125487,8.9195125487,0.6666667,4,4,0.49324550000000000,0.493245500000,0.6008033672792107,0.6008033672792106,0.6008033672792107,0E-17,ELIGIBLE,R03b_20260811_FULL_v1,L1_ELIGIBILITY,v2026-08-11,2026-03-21..2026-08-06,baccarat_bet02_101_all_pairs_incl_sentinel,round_win = game_pnl > 0 (decisive only),COMPATIBILITY_ONLY_NOT_PRODUCTION,296357.1217,267511.9505,6650.6079,18220,18206,-0.02244119,-0.04150452,-0.02020951,-0.02244119,-6650.6079,296357.1217,OK,0.0000,266.0243,4.0000,96.0000,AG03-UNRESOLVED,ALL5_LEVELS_bet23_to_bet27,266.0243,266.0243,266.0243,332.5304,332.5304,4.000000,4.000000,4.000000,5.000000,5.000000,96.000000,96.000000,96.000000,95.000000,95.000000,5.0,1463.1337,1340.2688,5187.4742,5310.3391,PENDING_AG03,FALSE,NOT_FOR_ENFORCEMENT,6384.5836,256811.4724,6650.6079,6384.5836,266.0243,0.02244119,0.02154355,266.0243,6384.5836,0.02154355,266.0243,266.0243,266.0243,332.5304,332.5304,6384.5836,0.02154355,1463.1337,1340.2688,5187.4742,5310.3391,0.01750413,0.01791872,0.00089765,16.2655,14.6936,0.3653,59.3804,1.1678,2646.0457,162.5536,12.4780,16.8648,9.0895,16.5695,22.0926,29.825,33.4482,44.5976,11.8163,0.0,2.018664,2.691552,0.981654,30,240,141,4,0.10479828,0.02244119,0.04150452,0E-8,0.000000,0.902668,0.011910,-0.02129501,2026-03-22,2026-08-05,112,5695,2177,137,0.817518,0.739886,0.767145,0.349328,,,,,,,,GLOBAL_BASELINE_NO_ENTITY_RANKING,,,NOT_APPLICABLE_GLOBAL_BASELINE,HF9g-P5,,,,X 全窗基线 · 不参与实体赏罚,14195723,1420,A168_HF9F_20260827_0900,2026-08-27 09:00:00
2026-05-14,110249610,2212,0,27.8734767145,-27.8734767145,-27.8734767145,0E-7,2,2,0.50665070000000000,0.506650700000,-1.4331513700195317,-1.4331513700195317,-1.4331513700195317,0E-17,ELIGIBLE,R03b_20260811_FULL_v1,L1_ELIGIBILITY,v2026-08-11,2026-03-21..2026-08-06,baccarat_bet02_101_all_pairs_incl_sentinel,round_win = game_pnl > 0 (decisive only),COMPATIBILITY_ONLY_NOT_PRODUCTION,296357.1217,267511.9505,6650.6079,18220,18206,-0.02244119,-0.04150452,-0.02020951,-0.02244119,-6650.6079,296357.1217,OK,0.0000,266.0243,4.0000,96.0000,AG03-UNRESOLVED,ALL5_LEVELS_bet23_to_bet27,266.0243,266.0243,266.0243,332.5304,332.5304,4.000000,4.000000,4.000000,5.000000,5.000000,96.000000,96.000000,96.000000,95.000000,95.000000,5.0,1463.1337,1340.2688,5187.4742,5310.3391,PENDING_AG03,FALSE,NOT_FOR_ENFORCEMENT,6384.5836,256811.4724,6650.6079,6384.5836,266.0243,0.02244119,0.02154355,266.0243,6384.5836,0.02154355,266.0243,266.0243,266.0243,332.5304,332.5304,6384.5836,0.02154355,1463.1337,1340.2688,5187.4742,5310.3391,0.01750413,0.01791872,0.00089765,16.2655,14.6936,0.3653,59.3804,1.1678,2646.0457,162.5536,12.4780,16.8648,9.0895,16.5695,22.0926,29.825,33.4482,44.5976,11.8163,0.0,2.018664,2.691552,0.981654,30,240,141,4,0.10479828,0.02244119,0.04150452,0E-8,0.000000,0.902668,0.011910,-0.02129501,2026-03-22,2026-08-05,112,5695,2177,137,0.817518,0.739886,0.767145,0.349328,,,,,,,,GLOBAL_BASELINE_NO_ENTITY_RANKING,,,NOT_APPLICABLE_GLOBAL_BASELINE,HF9g-P5,,,,X 全窗基线 · 不参与实体赏罚,14195724,1420,A168_HF9F_20260827_0900,2026-08-27 09:00:00
2026-05-14,110249610,2216,0,123.7582366124,28.9884157831,28.9884157831,0.6666667,5,5,0.49324550000000000,0.493245500000,0.6008033672792107,0.6008033672792106,0.6008033672792107,0E-17,ELIGIBLE,R03b_20260811_FULL_v1,L1_ELIGIBILITY,v2026-08-11,2026-03-21..2026-08-06,baccarat_bet02_101_all_pairs_incl_sentinel,round_win = game_pnl > 0 (decisive only),COMPATIBILITY_ONLY_NOT_PRODUCTION,296357.1217,267511.9505,6650.6079,18220,18206,-0.02244119,-0.04150452,-0.02020951,-0.02244119,-6650.6079,296357.1217,OK,0.0000,266.0243,4.0000,96.0000,AG03-UNRESOLVED,ALL5_LEVELS_bet23_to_bet27,266.0243,266.0243,266.0243,332.5304,332.5304,4.000000,4.000000,4.000000,5.000000,5.000000,96.000000,96.000000,96.000000,95.000000,95.000000,5.0,1463.1337,1340.2688,5187.4742,5310.3391,PENDING_AG03,FALSE,NOT_FOR_ENFORCEMENT,6384.5836,256811.4724,6650.6079,6384.5836,266.0243,0.02244119,0.02154355,266.0243,6384.5836,0.02154355,266.0243,266.0243,266.0243,332.5304,332.5304,6384.5836,0.02154355,1463.1337,1340.2688,5187.4742,5310.3391,0.01750413,0.01791872,0.00089765,16.2655,14.6936,0.3653,59.3804,1.1678,2646.0457,162.5536,12.4780,16.8648,9.0895,16.5695,22.0926,29.825,33.4482,44.5976,11.8163,0.0,2.018664,2.691552,0.981654,30,240,141,4,0.10479828,0.02244119,0.04150452,0E-8,0.000000,0.902668,0.011910,-0.02129501,2026-03-22,2026-08-05,112,5695,2177,137,0.817518,0.739886,0.767145,0.349328,,,,,,,,GLOBAL_BASELINE_NO_ENTITY_RANKING,,,NOT_APPLICABLE_GLOBAL_BASELINE,HF9g-P5,,,,X 全窗基线 · 不参与实体赏罚,14195725,1420,A168_HF9F_20260827_0900,2026-08-27 09:00:00
2026-05-14,110249610,2218,0,59.6492401690,-59.6492401690,-59.6492401690,0E-7,2,2,0.49994810000000000,0.499948100000,-1.4140667746232096,-1.4140667746232096,-1.4140667746232096,0E-17,ELIGIBLE,R03b_20260811_FULL_v1,L1_ELIGIBILITY,v2026-08-11,2026-03-21..2026-08-06,baccarat_bet02_101_all_pairs_incl_sentinel,round_win = game_pnl > 0 (decisive only),COMPATIBILITY_ONLY_NOT_PRODUCTION,296357.1217,267511.9505,6650.6079,18220,18206,-0.02244119,-0.04150452,-0.02020951,-0.02244119,-6650.6079,296357.1217,OK,0.0000,266.0243,4.0000,96.0000,AG03-UNRESOLVED,ALL5_LEVELS_bet23_to_bet27,266.0243,266.0243,266.0243,332.5304,332.5304,4.000000,4.000000,4.000000,5.000000,5.000000,96.000000,96.000000,96.000000,95.000000,95.000000,5.0,1463.1337,1340.2688,5187.4742,5310.3391,PENDING_AG03,FALSE,NOT_FOR_ENFORCEMENT,6384.5836,256811.4724,6650.6079,6384.5836,266.0243,0.02244119,0.02154355,266.0243,6384.5836,0.02154355,266.0243,266.0243,266.0243,332.5304,332.5304,6384.5836,0.02154355,1463.1337,1340.2688,5187.4742,5310.3391,0.01750413,0.01791872,0.00089765,16.2655,14.6936,0.3653,59.3804,1.1678,2646.0457,162.5536,12.4780,16.8648,9.0895,16.5695,22.0926,29.825,33.4482,44.5976,11.8163,0.0,2.018664,2.691552,0.981654,30,240,141,4,0.10479828,0.02244119,0.04150452,0E-8,0.000000,0.902668,0.011910,-0.02129501,2026-03-22,2026-08-05,112,5695,2177,137,0.817518,0.739886,0.767145,0.349328,,,,,,,,GLOBAL_BASELINE_NO_ENTITY_RANKING,,,NOT_APPLICABLE_GLOBAL_BASELINE,HF9g-P5,,,,X 全窗基线 · 不参与实体赏罚,14195726,1420,A168_HF9F_20260827_0900,2026-08-27 09:00:00
2026-05-14,110249610,2224,0,83.0629606092,17.2815555630,17.2815555630,0.6666667,3,3,0.49324550000000000,0.493245500000,0.6008033672792107,0.6008033672792106,0.6008033672792107,0E-17,ELIGIBLE,R03b_20260811_FULL_v1,L1_ELIGIBILITY,v2026-08-11,2026-03-21..2026-08-06,baccarat_bet02_101_all_pairs_incl_sentinel,round_win = game_pnl > 0 (decisive only),COMPATIBILITY_ONLY_NOT_PRODUCTION,296357.1217,267511.9505,6650.6079,18220,18206,-0.02244119,-0.04150452,-0.02020951,-0.02244119,-6650.6079,296357.1217,OK,0.0000,266.0243,4.0000,96.0000,AG03-UNRESOLVED,ALL5_LEVELS_bet23_to_bet27,266.0243,266.0243,266.0243,332.5304,332.5304,4.000000,4.000000,4.000000,5.000000,5.000000,96.000000,96.000000,96.000000,95.000000,95.000000,5.0,1463.1337,1340.2688,5187.4742,5310.3391,PENDING_AG03,FALSE,NOT_FOR_ENFORCEMENT,6384.5836,256811.4724,6650.6079,6384.5836,266.0243,0.02244119,0.02154355,266.0243,6384.5836,0.02154355,266.0243,266.0243,266.0243,332.5304,332.5304,6384.5836,0.02154355,1463.1337,1340.2688,5187.4742,5310.3391,0.01750413,0.01791872,0.00089765,16.2655,14.6936,0.3653,59.3804,1.1678,2646.0457,162.5536,12.4780,16.8648,9.0895,16.5695,22.0926,29.825,33.4482,44.5976,11.8163,0.0,2.018664,2.691552,0.981654,30,240,141,4,0.10479828,0.02244119,0.04150452,0E-8,0.000000,0.902668,0.011910,-0.02129501,2026-03-22,2026-08-05,112,5695,2177,137,0.817518,0.739886,0.767145,0.349328,,,,,,,,GLOBAL_BASELINE_NO_ENTITY_RANKING,,,NOT_APPLICABLE_GLOBAL_BASELINE,HF9g-P5,,,,X 全窗基线 · 不参与实体赏罚,14195727,1420,A168_HF9F_20260827_0900,2026-08-27 09:00:00
2026-05-14,110249610,2234,0,148.2868961211,-93.0974122264,-93.0974122264,0.2500000,8,8,0.49827245000000000,0.498272450000,-1.404449446798726,-1.404449446798726,-1.404449446798726,0E-17,ELIGIBLE,R03b_20260811_FULL_v1,L1_ELIGIBILITY,v2026-08-11,2026-03-21..2026-08-06,baccarat_bet02_101_all_pairs_incl_sentinel,round_win = game_pnl > 0 (decisive only),COMPATIBILITY_ONLY_NOT_PRODUCTION,296357.1217,267511.9505,6650.6079,18220,18206,-0.02244119,-0.04150452,-0.02020951,-0.02244119,-6650.6079,296357.1217,OK,0.0000,266.0243,4.0000,96.0000,AG03-UNRESOLVED,ALL5_LEVELS_bet23_to_bet27,266.0243,266.0243,266.0243,332.5304,332.5304,4.000000,4.000000,4.000000,5.000000,5.000000,96.000000,96.000000,96.000000,95.000000,95.000000,5.0,1463.1337,1340.2688,5187.4742,5310.3391,PENDING_AG03,FALSE,NOT_FOR_ENFORCEMENT,6384.5836,256811.4724,6650.6079,6384.5836,266.0243,0.02244119,0.02154355,266.0243,6384.5836,0.02154355,266.0243,266.0243,266.0243,332.5304,332.5304,6384.5836,0.02154355,1463.1337,1340.2688,5187.4742,5310.3391,0.01750413,0.01791872,0.00089765,16.2655,14.6936,0.3653,59.3804,1.1678,2646.0457,162.5536,12.4780,16.8648,9.0895,16.5695,22.0926,29.825,33.4482,44.5976,11.8163,0.0,2.018664,2.691552,0.981654,30,240,141,4,0.10479828,0.02244119,0.04150452,0E-8,0.000000,0.902668,0.011910,-0.02129501,2026-03-22,2026-08-05,112,5695,2177,137,0.817518,0.739886,0.767145,0.349328,,,,,,,,GLOBAL_BASELINE_NO_ENTITY_RANKING,,,NOT_APPLICABLE_GLOBAL_BASELINE,HF9g-P5,,,,X 全窗基线 · 不参与实体赏罚,14195728,1420,A168_HF9F_20260827_0900,2026-08-27 09:00:00
2026-05-14,110249610,2239,0,195.1143370015,50.1722580861,50.1722580861,0.5714286,7,7,0.49707555714285714,0.497075557143,0.39344589990031587,0.3934458998995593,0.39344589990031587,-1.4286E-13,ELIGIBLE,R03b_20260811_FULL_v1,L1_ELIGIBILITY,v2026-08-11,2026-03-21..2026-08-06,baccarat_bet02_101_all_pairs_incl_sentinel,round_win = game_pnl > 0 (decisive only),COMPATIBILITY_ONLY_NOT_PRODUCTION,296357.1217,267511.9505,6650.6079,18220,18206,-0.02244119,-0.04150452,-0.02020951,-0.02244119,-6650.6079,296357.1217,OK,0.0000,266.0243,4.0000,96.0000,AG03-UNRESOLVED,ALL5_LEVELS_bet23_to_bet27,266.0243,266.0243,266.0243,332.5304,332.5304,4.000000,4.000000,4.000000,5.000000,5.000000,96.000000,96.000000,96.000000,95.000000,95.000000,5.0,1463.1337,1340.2688,5187.4742,5310.3391,PENDING_AG03,FALSE,NOT_FOR_ENFORCEMENT,6384.5836,256811.4724,6650.6079,6384.5836,266.0243,0.02244119,0.02154355,266.0243,6384.5836,0.02154355,266.0243,266.0243,266.0243,332.5304,332.5304,6384.5836,0.02154355,1463.1337,1340.2688,5187.4742,5310.3391,0.01750413,0.01791872,0.00089765,16.2655,14.6936,0.3653,59.3804,1.1678,2646.0457,162.5536,12.4780,16.8648,9.0895,16.5695,22.0926,29.825,33.4482,44.5976,11.8163,0.0,2.018664,2.691552,0.981654,30,240,141,4,0.10479828,0.02244119,0.04150452,0E-8,0.000000,0.902668,0.011910,-0.02129501,2026-03-22,2026-08-05,112,5695,2177,137,0.817518,0.739886,0.767145,0.349328,,,,,,,,GLOBAL_BASELINE_NO_ENTITY_RANKING,,,NOT_APPLICABLE_GLOBAL_BASELINE,HF9g-P5,,,,X 全窗基线 · 不参与实体赏罚,14195729,1420,A168_HF9F_20260827_0900,2026-08-27 09:00:00
2026-05-14,110249610,2242,0,130.4478710238,-0.9198247316,-0.9198247316,0.6000000,6,6,0.50665070000000000,0.506650700000,0.4175076967804994,0.4175076967804994,0.4175076967804994,0E-17,ELIGIBLE,R03b_20260811_FULL_v1,L1_ELIGIBILITY,v2026-08-11,2026-03-21..2026-08-06,baccarat_bet02_101_all_pairs_incl_sentinel,round_win = game_pnl > 0 (decisive only),COMPATIBILITY_ONLY_NOT_PRODUCTION,296357.1217,267511.9505,6650.6079,18220,18206,-0.02244119,-0.04150452,-0.02020951,-0.02244119,-6650.6079,296357.1217,OK,0.0000,266.0243,4.0000,96.0000,AG03-UNRESOLVED,ALL5_LEVELS_bet23_to_bet27,266.0243,266.0243,266.0243,332.5304,332.5304,4.000000,4.000000,4.000000,5.000000,5.000000,96.000000,96.000000,96.000000,95.000000,95.000000,5.0,1463.1337,1340.2688,5187.4742,5310.3391,PENDING_AG03,FALSE,NOT_FOR_ENFORCEMENT,6384.5836,256811.4724,6650.6079,6384.5836,266.0243,0.02244119,0.02154355,266.0243,6384.5836,0.02154355,266.0243,266.0243,266.0243,332.5304,332.5304,6384.5836,0.02154355,1463.1337,1340.2688,5187.4742,5310.3391,0.01750413,0.01791872,0.00089765,16.2655,14.6936,0.3653,59.3804,1.1678,2646.0457,162.5536,12.4780,16.8648,9.0895,16.5695,22.0926,29.825,33.4482,44.5976,11.8163,0.0,2.018664,2.691552,0.981654,30,240,141,4,0.10479828,0.02244119,0.04150452,0E-8,0.000000,0.902668,0.011910,-0.02129501,2026-03-22,2026-08-05,112,5695,2177,137,0.817518,0.739886,0.767145,0.349328,,,,,,,,GLOBAL_BASELINE_NO_ENTITY_RANKING,,,NOT_APPLICABLE_GLOBAL_BASELINE,HF9g-P5,,,,X 全窗基线 · 不参与实体赏罚,14195730,1420,A168_HF9F_20260827_0900,2026-08-27 09:00:00
2026-05-14,110249610,2246,0,169.4707384242,58.5343011004,58.5343011004,0.6666667,7,7,0.49707555714285714,0.497075557143,0.8308375778672678,0.8308375778665665,0.8308375778672678,-1.4286E-13,ELIGIBLE,R03b_20260811_FULL_v1,L1_ELIGIBILITY,v2026-08-11,2026-03-21..2026-08-06,baccarat_bet02_101_all_pairs_incl_sentinel,round_win = game_pnl > 0 (decisive only),COMPATIBILITY_ONLY_NOT_PRODUCTION,296357.1217,267511.9505,6650.6079,18220,18206,-0.02244119,-0.04150452,-0.02020951,-0.02244119,-6650.6079,296357.1217,OK,0.0000,266.0243,4.0000,96.0000,AG03-UNRESOLVED,ALL5_LEVELS_bet23_to_bet27,266.0243,266.0243,266.0243,332.5304,332.5304,4.000000,4.000000,4.000000,5.000000,5.000000,96.000000,96.000000,96.000000,95.000000,95.000000,5.0,1463.1337,1340.2688,5187.4742,5310.3391,PENDING_AG03,FALSE,NOT_FOR_ENFORCEMENT,6384.5836,256811.4724,6650.6079,6384.5836,266.0243,0.02244119,0.02154355,266.0243,6384.5836,0.02154355,266.0243,266.0243,266.0243,332.5304,332.5304,6384.5836,0.02154355,1463.1337,1340.2688,5187.4742,5310.3391,0.01750413,0.01791872,0.00089765,16.2655,14.6936,0.3653,59.3804,1.1678,2646.0457,162.5536,12.4780,16.8648,9.0895,16.5695,22.0926,29.825,33.4482,44.5976,11.8163,0.0,2.018664,2.691552,0.981654,30,240,141,4,0.10479828,0.02244119,0.04150452,0E-8,0.000000,0.902668,0.011910,-0.02129501,2026-03-22,2026-08-05,112,5695,2177,137,0.817518,0.739886,0.767145,0.349328,,,,,,,,GLOBAL_BASELINE_NO_ENTITY_RANKING,,,NOT_APPLICABLE_GLOBAL_BASELINE,HF9g-P5,,,,X 全窗基线 · 不参与实体赏罚,14195731,1420,A168_HF9F_20260827_0900,2026-08-27 09:00:00
2026-05-14,110249610,2248,0,16.7240860287,-16.7240860287,-16.7240860287,0E-7,1,1,0.50665070000000000,0.506650700000,-1.013391052207602,-1.013391052207602,-1.013391052207602,0E-17,ELIGIBLE,R03b_20260811_FULL_v1,L1_ELIGIBILITY,v2026-08-11,2026-03-21..2026-08-06,baccarat_bet02_101_all_pairs_incl_sentinel,round_win = game_pnl > 0 (decisive only),COMPATIBILITY_ONLY_NOT_PRODUCTION,296357.1217,267511.9505,6650.6079,18220,18206,-0.02244119,-0.04150452,-0.02020951,-0.02244119,-6650.6079,296357.1217,OK,0.0000,266.0243,4.0000,96.0000,AG03-UNRESOLVED,ALL5_LEVELS_bet23_to_bet27,266.0243,266.0243,266.0243,332.5304,332.5304,4.000000,4.000000,4.000000,5.000000,5.000000,96.000000,96.000000,96.000000,95.000000,95.000000,5.0,1463.1337,1340.2688,5187.4742,5310.3391,PENDING_AG03,FALSE,NOT_FOR_ENFORCEMENT,6384.5836,256811.4724,6650.6079,6384.5836,266.0243,0.02244119,0.02154355,266.0243,6384.5836,0.02154355,266.0243,266.0243,266.0243,332.5304,332.5304,6384.5836,0.02154355,1463.1337,1340.2688,5187.4742,5310.3391,0.01750413,0.01791872,0.00089765,16.2655,14.6936,0.3653,59.3804,1.1678,2646.0457,162.5536,12.4780,16.8648,9.0895,16.5695,22.0926,29.825,33.4482,44.5976,11.8163,0.0,2.018664,2.691552,0.981654,30,240,141,4,0.10479828,0.02244119,0.04150452,0E-8,0.000000,0.902668,0.011910,-0.02129501,2026-03-22,2026-08-05,112,5695,2177,137,0.817518,0.739886,0.767145,0.349328,,,,,,,,GLOBAL_BASELINE_NO_ENTITY_RANKING,,,NOT_APPLICABLE_GLOBAL_BASELINE,HF9g-P5,,,,X 全窗基线 · 不参与实体赏罚,14195732,1420,A168_HF9F_20260827_0900,2026-08-27 09:00:00
2026-05-14,110249610,2250,0,206.2637276873,-6.1321648772,-6.1321648772,0.5454545,11,11,0.49690146363636364,0.496901463636,0.3220708940307176,0.3220708940331312,0.3220708940307176,3.6364E-13,ELIGIBLE,R03b_20260811_FULL_v1,L1_ELIGIBILITY,v2026-08-11,2026-03-21..2026-08-06,baccarat_bet02_101_all_pairs_incl_sentinel,round_win = game_pnl > 0 (decisive only),COMPATIBILITY_ONLY_NOT_PRODUCTION,296357.1217,267511.9505,6650.6079,18220,18206,-0.02244119,-0.04150452,-0.02020951,-0.02244119,-6650.6079,296357.1217,OK,0.0000,266.0243,4.0000,96.0000,AG03-UNRESOLVED,ALL5_LEVELS_bet23_to_bet27,266.0243,266.0243,266.0243,332.5304,332.5304,4.000000,4.000000,4.000000,5.000000,5.000000,96.000000,96.000000,96.000000,95.000000,95.000000,5.0,1463.1337,1340.2688,5187.4742,5310.3391,PENDING_AG03,FALSE,NOT_FOR_ENFORCEMENT,6384.5836,256811.4724,6650.6079,6384.5836,266.0243,0.02244119,0.02154355,266.0243,6384.5836,0.02154355,266.0243,266.0243,266.0243,332.5304,332.5304,6384.5836,0.02154355,1463.1337,1340.2688,5187.4742,5310.3391,0.01750413,0.01791872,0.00089765,16.2655,14.6936,0.3653,59.3804,1.1678,2646.0457,162.5536,12.4780,16.8648,9.0895,16.5695,22.0926,29.825,33.4482,44.5976,11.8163,0.0,2.018664,2.691552,0.981654,30,240,141,4,0.10479828,0.02244119,0.04150452,0E-8,0.000000,0.902668,0.011910,-0.02129501,2026-03-22,2026-08-05,112,5695,2177,137,0.817518,0.739886,0.767145,0.349328,,,,,,,,GLOBAL_BASELINE_NO_ENTITY_RANKING,,,NOT_APPLICABLE_GLOBAL_BASELINE,HF9g-P5,,,,X 全窗基线 · 不参与实体赏罚,14195733,1420,A168_HF9F_20260827_0900,2026-08-27 09:00:00
2026-05-14,110249610,2251,0,95.1043025499,-6.7453813649,-6.7453813649,0.4000000,5,5,0.49860758000000000,0.498607580000,-0.440988213962219,-0.440988213962219,-0.440988213962219,0E-17,ELIGIBLE,R03b_20260811_FULL_v1,L1_ELIGIBILITY,v2026-08-11,2026-03-21..2026-08-06,baccarat_bet02_101_all_pairs_incl_sentinel,round_win = game_pnl > 0 (decisive only),COMPATIBILITY_ONLY_NOT_PRODUCTION,296357.1217,267511.9505,6650.6079,18220,18206,-0.02244119,-0.04150452,-0.02020951,-0.02244119,-6650.6079,296357.1217,OK,0.0000,266.0243,4.0000,96.0000,AG03-UNRESOLVED,ALL5_LEVELS_bet23_to_bet27,266.0243,266.0243,266.0243,332.5304,332.5304,4.000000,4.000000,4.000000,5.000000,5.000000,96.000000,96.000000,96.000000,95.000000,95.000000,5.0,1463.1337,1340.2688,5187.4742,5310.3391,PENDING_AG03,FALSE,NOT_FOR_ENFORCEMENT,6384.5836,256811.4724,6650.6079,6384.5836,266.0243,0.02244119,0.02154355,266.0243,6384.5836,0.02154355,266.0243,266.0243,266.0243,332.5304,332.5304,6384.5836,0.02154355,1463.1337,1340.2688,5187.4742,5310.3391,0.01750413,0.01791872,0.00089765,16.2655,14.6936,0.3653,59.3804,1.1678,2646.0457,162.5536,12.4780,16.8648,9.0895,16.5695,22.0926,29.825,33.4482,44.5976,11.8163,0.0,2.018664,2.691552,0.981654,30,240,141,4,0.10479828,0.02244119,0.04150452,0E-8,0.000000,0.902668,0.011910,-0.02129501,2026-03-22,2026-08-05,112,5695,2177,137,0.817518,0.739886,0.767145,0.349328,,,,,,,,GLOBAL_BASELINE_NO_ENTITY_RANKING,,,NOT_APPLICABLE_GLOBAL_BASELINE,HF9g-P5,,,,X 全窗基线 · 不参与实体赏罚,14195734,1420,A168_HF9F_20260827_0900,2026-08-27 09:00:00
2026-05-14,110249610,2258,0,47.7193921352,14.2712200778,14.2712200778,0.6666667,3,3,0.49324550000000000,0.493245500000,0.6008033672792107,0.6008033672792106,0.6008033672792107,0E-17,ELIGIBLE,R03b_20260811_FULL_v1,L1_ELIGIBILITY,v2026-08-11,2026-03-21..2026-08-06,baccarat_bet02_101_all_pairs_incl_sentinel,round_win = game_pnl > 0 (decisive only),COMPATIBILITY_ONLY_NOT_PRODUCTION,296357.1217,267511.9505,6650.6079,18220,18206,-0.02244119,-0.04150452,-0.02020951,-0.02244119,-6650.6079,296357.1217,OK,0.0000,266.0243,4.0000,96.0000,AG03-UNRESOLVED,ALL5_LEVELS_bet23_to_bet27,266.0243,266.0243,266.0243,332.5304,332.5304,4.000000,4.000000,4.000000,5.000000,5.000000,96.000000,96.000000,96.000000,95.000000,95.000000,5.0,1463.1337,1340.2688,5187.4742,5310.3391,PENDING_AG03,FALSE,NOT_FOR_ENFORCEMENT,6384.5836,256811.4724,6650.6079,6384.5836,266.0243,0.02244119,0.02154355,266.0243,6384.5836,0.02154355,266.0243,266.0243,266.0243,332.5304,332.5304,6384.5836,0.02154355,1463.1337,1340.2688,5187.4742,5310.3391,0.01750413,0.01791872,0.00089765,16.2655,14.6936,0.3653,59.3804,1.1678,2646.0457,162.5536,12.4780,16.8648,9.0895,16.5695,22.0926,29.825,33.4482,44.5976,11.8163,0.0,2.018664,2.691552,0.981654,30,240,141,4,0.10479828,0.02244119,0.04150452,0E-8,0.000000,0.902668,0.011910,-0.02129501,2026-03-22,2026-08-05,112,5695,2177,137,0.817518,0.739886,0.767145,0.349328,,,,,,,,GLOBAL_BASELINE_NO_ENTITY_RANKING,,,NOT_APPLICABLE_GLOBAL_BASELINE,HF9g-P5,,,,X 全窗基线 · 不参与实体赏罚,14195735,1420,A168_HF9F_20260827_0900,2026-08-27 09:00:00
2026-05-14,110249610,2261,0,28.9884157831,-28.9884157831,-28.9884157831,0E-7,1,1,0.49324550000000000,0.493245500000,-0.9865810262130424,-0.9865810262130424,-0.9865810262130424,0E-17,ELIGIBLE,R03b_20260811_FULL_v1,L1_ELIGIBILITY,v2026-08-11,2026-03-21..2026-08-06,baccarat_bet02_101_all_pairs_incl_sentinel,round_win = game_pnl > 0 (decisive only),COMPATIBILITY_ONLY_NOT_PRODUCTION,296357.1217,267511.9505,6650.6079,18220,18206,-0.02244119,-0.04150452,-0.02020951,-0.02244119,-6650.6079,296357.1217,OK,0.0000,266.0243,4.0000,96.0000,AG03-UNRESOLVED,ALL5_LEVELS_bet23_to_bet27,266.0243,266.0243,266.0243,332.5304,332.5304,4.000000,4.000000,4.000000,5.000000,5.000000,96.000000,96.000000,96.000000,95.000000,95.000000,5.0,1463.1337,1340.2688,5187.4742,5310.3391,PENDING_AG03,FALSE,NOT_FOR_ENFORCEMENT,6384.5836,256811.4724,6650.6079,6384.5836,266.0243,0.02244119,0.02154355,266.0243,6384.5836,0.02154355,266.0243,266.0243,266.0243,332.5304,332.5304,6384.5836,0.02154355,1463.1337,1340.2688,5187.4742,5310.3391,0.01750413,0.01791872,0.00089765,16.2655,14.6936,0.3653,59.3804,1.1678,2646.0457,162.5536,12.4780,16.8648,9.0895,16.5695,22.0926,29.825,33.4482,44.5976,11.8163,0.0,2.018664,2.691552,0.981654,30,240,141,4,0.10479828,0.02244119,0.04150452,0E-8,0.000000,0.902668,0.011910,-0.02129501,2026-03-22,2026-08-05,112,5695,2177,137,0.817518,0.739886,0.767145,0.349328,,,,,,,,GLOBAL_BASELINE_NO_ENTITY_RANKING,,,NOT_APPLICABLE_GLOBAL_BASELINE,HF9g-P5,,,,X 全窗基线 · 不参与实体赏罚,14195736,1420,A168_HF9F_20260827_0900,2026-08-27 09:00:00
2026-05-14,110249610,2266,0,61.3216487719,-61.3216487719,-61.3216487719,0E-7,2,2,0.50665070000000000,0.506650700000,-1.4331513700195317,-1.4331513700195317,-1.4331513700195317,0E-17,ELIGIBLE,R03b_20260811_FULL_v1,L1_ELIGIBILITY,v2026-08-11,2026-03-21..2026-08-06,baccarat_bet02_101_all_pairs_incl_sentinel,round_win = game_pnl > 0 (decisive only),COMPATIBILITY_ONLY_NOT_PRODUCTION,296357.1217,267511.9505,6650.6079,18220,18206,-0.02244119,-0.04150452,-0.02020951,-0.02244119,-6650.6079,296357.1217,OK,0.0000,266.0243,4.0000,96.0000,AG03-UNRESOLVED,ALL5_LEVELS_bet23_to_bet27,266.0243,266.0243,266.0243,332.5304,332.5304,4.000000,4.000000,4.000000,5.000000,5.000000,96.000000,96.000000,96.000000,95.000000,95.000000,5.0,1463.1337,1340.2688,5187.4742,5310.3391,PENDING_AG03,FALSE,NOT_FOR_ENFORCEMENT,6384.5836,256811.4724,6650.6079,6384.5836,266.0243,0.02244119,0.02154355,266.0243,6384.5836,0.02154355,266.0243,266.0243,266.0243,332.5304,332.5304,6384.5836,0.02154355,1463.1337,1340.2688,5187.4742,5310.3391,0.01750413,0.01791872,0.00089765,16.2655,14.6936,0.3653,59.3804,1.1678,2646.0457,162.5536,12.4780,16.8648,9.0895,16.5695,22.0926,29.825,33.4482,44.5976,11.8163,0.0,2.018664,2.691552,0.981654,30,240,141,4,0.10479828,0.02244119,0.04150452,0E-8,0.000000,0.902668,0.011910,-0.02129501,2026-03-22,2026-08-05,112,5695,2177,137,0.817518,0.739886,0.767145,0.349328,,,,,,,,GLOBAL_BASELINE_NO_ENTITY_RANKING,,,NOT_APPLICABLE_GLOBAL_BASELINE,HF9g-P5,,,,X 全窗基线 · 不参与实体赏罚,14195737,1420,A168_HF9F_20260827_0900,2026-08-27 09:00:00
2026-05-14,110249610,2267,0,150.5167742583,-2.2298781371,-2.2298781371,0.5000000,5,5,0.49324550000000000,0.493245500000,0.027020465636507562,0.027020465636507562,0.027020465636507562,0E-17,ELIGIBLE,R03b_20260811_FULL_v1,L1_ELIGIBILITY,v2026-08-11,2026-03-21..2026-08-06,baccarat_bet02_101_all_pairs_incl_sentinel,round_win = game_pnl > 0 (decisive only),COMPATIBILITY_ONLY_NOT_PRODUCTION,296357.1217,267511.9505,6650.6079,18220,18206,-0.02244119,-0.04150452,-0.02020951,-0.02244119,-6650.6079,296357.1217,OK,0.0000,266.0243,4.0000,96.0000,AG03-UNRESOLVED,ALL5_LEVELS_bet23_to_bet27,266.0243,266.0243,266.0243,332.5304,332.5304,4.000000,4.000000,4.000000,5.000000,5.000000,96.000000,96.000000,96.000000,95.000000,95.000000,5.0,1463.1337,1340.2688,5187.4742,5310.3391,PENDING_AG03,FALSE,NOT_FOR_ENFORCEMENT,6384.5836,256811.4724,6650.6079,6384.5836,266.0243,0.02244119,0.02154355,266.0243,6384.5836,0.02154355,266.0243,266.0243,266.0243,332.5304,332.5304,6384.5836,0.02154355,1463.1337,1340.2688,5187.4742,5310.3391,0.01750413,0.01791872,0.00089765,16.2655,14.6936,0.3653,59.3804,1.1678,2646.0457,162.5536,12.4780,16.8648,9.0895,16.5695,22.0926,29.825,33.4482,44.5976,11.8163,0.0,2.018664,2.691552,0.981654,30,240,141,4,0.10479828,0.02244119,0.04150452,0E-8,0.000000,0.902668,0.011910,-0.02129501,2026-03-22,2026-08-05,112,5695,2177,137,0.817518,0.739886,0.767145,0.349328,,,,,,,,GLOBAL_BASELINE_NO_ENTITY_RANKING,,,NOT_APPLICABLE_GLOBAL_BASELINE,HF9g-P5,,,,X 全窗基线 · 不参与实体赏罚,14195738,1420,A168_HF9F_20260827_0900,2026-08-27 09:00:00
2026-05-14,110249610,2272,0,187.3097635214,7.5258387130,7.5258387130,0.5000000,8,8,0.50665070000000000,0.506650700000,-0.032584525537284574,-0.032584525537284574,-0.032584525537284574,0E-17,ELIGIBLE,R03b_20260811_FULL_v1,L1_ELIGIBILITY,v2026-08-11,2026-03-21..2026-08-06,baccarat_bet02_101_all_pairs_incl_sentinel,round_win = game_pnl > 0 (decisive only),COMPATIBILITY_ONLY_NOT_PRODUCTION,296357.1217,267511.9505,6650.6079,18220,18206,-0.02244119,-0.04150452,-0.02020951,-0.02244119,-6650.6079,296357.1217,OK,0.0000,266.0243,4.0000,96.0000,AG03-UNRESOLVED,ALL5_LEVELS_bet23_to_bet27,266.0243,266.0243,266.0243,332.5304,332.5304,4.000000,4.000000,4.000000,5.000000,5.000000,96.000000,96.000000,96.000000,95.000000,95.000000,5.0,1463.1337,1340.2688,5187.4742,5310.3391,PENDING_AG03,FALSE,NOT_FOR_ENFORCEMENT,6384.5836,256811.4724,6650.6079,6384.5836,266.0243,0.02244119,0.02154355,266.0243,6384.5836,0.02154355,266.0243,266.0243,266.0243,332.5304,332.5304,6384.5836,0.02154355,1463.1337,1340.2688,5187.4742,5310.3391,0.01750413,0.01791872,0.00089765,16.2655,14.6936,0.3653,59.3804,1.1678,2646.0457,162.5536,12.4780,16.8648,9.0895,16.5695,22.0926,29.825,33.4482,44.5976,11.8163,0.0,2.018664,2.691552,0.981654,30,240,141,4,0.10479828,0.02244119,0.04150452,0E-8,0.000000,0.902668,0.011910,-0.02129501,2026-03-22,2026-08-05,112,5695,2177,137,0.817518,0.739886,0.767145,0.349328,,,,,,,,GLOBAL_BASELINE_NO_ENTITY_RANKING,,,NOT_APPLICABLE_GLOBAL_BASELINE,HF9g-P5,,,,X 全窗基线 · 不参与实体赏罚,14195739,1420,A168_HF9F_20260827_0900,2026-08-27 09:00:00
2026-05-14,110249610,2274,0,391.1206252579,76.3175792443,76.3175792443,0.6666667,14,14,0.49611804285714286,0.496118042857,1.1816311403294883,1.1816311403304807,1.1816311403294883,1.4286E-13,ELIGIBLE,R03b_20260811_FULL_v1,L1_ELIGIBILITY,v2026-08-11,2026-03-21..2026-08-06,baccarat_bet02_101_all_pairs_incl_sentinel,round_win = game_pnl > 0 (decisive only),COMPATIBILITY_ONLY_NOT_PRODUCTION,296357.1217,267511.9505,6650.6079,18220,18206,-0.02244119,-0.04150452,-0.02020951,-0.02244119,-6650.6079,296357.1217,OK,0.0000,266.0243,4.0000,96.0000,AG03-UNRESOLVED,ALL5_LEVELS_bet23_to_bet27,266.0243,266.0243,266.0243,332.5304,332.5304,4.000000,4.000000,4.000000,5.000000,5.000000,96.000000,96.000000,96.000000,95.000000,95.000000,5.0,1463.1337,1340.2688,5187.4742,5310.3391,PENDING_AG03,FALSE,NOT_FOR_ENFORCEMENT,6384.5836,256811.4724,6650.6079,6384.5836,266.0243,0.02244119,0.02154355,266.0243,6384.5836,0.02154355,266.0243,266.0243,266.0243,332.5304,332.5304,6384.5836,0.02154355,1463.1337,1340.2688,5187.4742,5310.3391,0.01750413,0.01791872,0.00089765,16.2655,14.6936,0.3653,59.3804,1.1678,2646.0457,162.5536,12.4780,16.8648,9.0895,16.5695,22.0926,29.825,33.4482,44.5976,11.8163,0.0,2.018664,2.691552,0.981654,30,240,141,4,0.10479828,0.02244119,0.04150452,0E-8,0.000000,0.902668,0.011910,-0.02129501,2026-03-22,2026-08-05,112,5695,2177,137,0.817518,0.739886,0.767145,0.349328,,,,,,,,GLOBAL_BASELINE_NO_ENTITY_RANKING,,,NOT_APPLICABLE_GLOBAL_BASELINE,HF9g-P5,,,,X 全窗基线 · 不参与实体赏罚,14195740,1420,A168_HF9F_20260827_0900,2026-08-27 09:00:00
2026-05-14,110249610,462,0,530.1535271096,176.8572097537,176.8572097537,0.7000000,21,21,0.50665070000000000,0.506650700000,1.7295217193299106,1.7295217193299106,1.7295217193299106,0E-17,ELIGIBLE,R03b_20260811_FULL_v1,L1_ELIGIBILITY,v2026-08-11,2026-03-21..2026-08-06,baccarat_bet02_101_all_pairs_incl_sentinel,round_win = game_pnl > 0 (decisive only),COMPATIBILITY_ONLY_NOT_PRODUCTION,296357.1217,267511.9505,6650.6079,18220,18206,-0.02244119,-0.04150452,-0.02020951,-0.02244119,-6650.6079,296357.1217,OK,0.0000,266.0243,4.0000,96.0000,AG03-UNRESOLVED,ALL5_LEVELS_bet23_to_bet27,266.0243,266.0243,266.0243,332.5304,332.5304,4.000000,4.000000,4.000000,5.000000,5.000000,96.000000,96.000000,96.000000,95.000000,95.000000,5.0,1463.1337,1340.2688,5187.4742,5310.3391,PENDING_AG03,FALSE,NOT_FOR_ENFORCEMENT,6384.5836,256811.4724,6650.6079,6384.5836,266.0243,0.02244119,0.02154355,266.0243,6384.5836,0.02154355,266.0243,266.0243,266.0243,332.5304,332.5304,6384.5836,0.02154355,1463.1337,1340.2688,5187.4742,5310.3391,0.01750413,0.01791872,0.00089765,16.2655,14.6936,0.3653,59.3804,1.1678,2646.0457,162.5536,12.4780,16.8648,9.0895,16.5695,22.0926,29.825,33.4482,44.5976,11.8163,0.0,2.018664,2.691552,0.981654,30,240,141,4,0.10479828,0.02244119,0.04150452,0E-8,0.000000,0.902668,0.011910,-0.02129501,2026-03-22,2026-08-05,112,5695,2177,137,0.817518,0.739886,0.767145,0.349328,,,,,,,,GLOBAL_BASELINE_NO_ENTITY_RANKING,,,NOT_APPLICABLE_GLOBAL_BASELINE,HF9g-P5,,,,X 全窗基线 · 不参与实体赏罚,14195741,1420,A168_HF9F_20260827_0900,2026-08-27 09:00:00
2026-05-14,110249610,471,0,174.4879642327,17.9226455274,17.9226455274,0.5000000,6,6,0.50665070000000000,0.506650700000,-0.032584525537284574,-0.032584525537284574,-0.032584525537284574,0E-17,ELIGIBLE,R03b_20260811_FULL_v1,L1_ELIGIBILITY,v2026-08-11,2026-03-21..2026-08-06,baccarat_bet02_101_all_pairs_incl_sentinel,round_win = game_pnl > 0 (decisive only),COMPATIBILITY_ONLY_NOT_PRODUCTION,296357.1217,267511.9505,6650.6079,18220,18206,-0.02244119,-0.04150452,-0.02020951,-0.02244119,-6650.6079,296357.1217,OK,0.0000,266.0243,4.0000,96.0000,AG03-UNRESOLVED,ALL5_LEVELS_bet23_to_bet27,266.0243,266.0243,266.0243,332.5304,332.5304,4.000000,4.000000,4.000000,5.000000,5.000000,96.000000,96.000000,96.000000,95.000000,95.000000,5.0,1463.1337,1340.2688,5187.4742,5310.3391,PENDING_AG03,FALSE,NOT_FOR_ENFORCEMENT,6384.5836,256811.4724,6650.6079,6384.5836,266.0243,0.02244119,0.02154355,266.0243,6384.5836,0.02154355,266.0243,266.0243,266.0243,332.5304,332.5304,6384.5836,0.02154355,1463.1337,1340.2688,5187.4742,5310.3391,0.01750413,0.01791872,0.00089765,16.2655,14.6936,0.3653,59.3804,1.1678,2646.0457,162.5536,12.4780,16.8648,9.0895,16.5695,22.0926,29.825,33.4482,44.5976,11.8163,0.0,2.018664,2.691552,0.981654,30,240,141,4,0.10479828,0.02244119,0.04150452,0E-8,0.000000,0.902668,0.011910,-0.02129501,2026-03-22,2026-08-05,112,5695,2177,137,0.817518,0.739886,0.767145,0.349328,,,,,,,,GLOBAL_BASELINE_NO_ENTITY_RANKING,,,NOT_APPLICABLE_GLOBAL_BASELINE,HF9g-P5,,,,X 全窗基线 · 不参与实体赏罚,14195742,1420,A168_HF9F_20260827_0900,2026-08-27 09:00:00
2026-05-14,110249610,526,0,377.8528503416,122.2307700883,122.2307700883,0.6470588,18,18,0.49771390000000000,0.497713900000,1.231542661497966,1.2315426614979665,1.231542661497966,0E-17,ELIGIBLE,R03b_20260811_FULL_v1,L1_ELIGIBILITY,v2026-08-11,2026-03-21..2026-08-06,baccarat_bet02_101_all_pairs_incl_sentinel,round_win = game_pnl > 0 (decisive only),COMPATIBILITY_ONLY_NOT_PRODUCTION,296357.1217,267511.9505,6650.6079,18220,18206,-0.02244119,-0.04150452,-0.02020951,-0.02244119,-6650.6079,296357.1217,OK,0.0000,266.0243,4.0000,96.0000,AG03-UNRESOLVED,ALL5_LEVELS_bet23_to_bet27,266.0243,266.0243,266.0243,332.5304,332.5304,4.000000,4.000000,4.000000,5.000000,5.000000,96.000000,96.000000,96.000000,95.000000,95.000000,5.0,1463.1337,1340.2688,5187.4742,5310.3391,PENDING_AG03,FALSE,NOT_FOR_ENFORCEMENT,6384.5836,256811.4724,6650.6079,6384.5836,266.0243,0.02244119,0.02154355,266.0243,6384.5836,0.02154355,266.0243,266.0243,266.0243,332.5304,332.5304,6384.5836,0.02154355,1463.1337,1340.2688,5187.4742,5310.3391,0.01750413,0.01791872,0.00089765,16.2655,14.6936,0.3653,59.3804,1.1678,2646.0457,162.5536,12.4780,16.8648,9.0895,16.5695,22.0926,29.825,33.4482,44.5976,11.8163,0.0,2.018664,2.691552,0.981654,30,240,141,4,0.10479828,0.02244119,0.04150452,0E-8,0.000000,0.902668,0.011910,-0.02129501,2026-03-22,2026-08-05,112,5695,2177,137,0.817518,0.739886,0.767145,0.349328,,,,,,,,GLOBAL_BASELINE_NO_ENTITY_RANKING,,,NOT_APPLICABLE_GLOBAL_BASELINE,HF9g-P5,,,,X 全窗基线 · 不参与实体赏罚,14195743,1420,A168_HF9F_20260827_0900,2026-08-27 09:00:00
2026-05-14,110249610,550,0,657.7025565552,124.2376604120,124.2376604120,0.6818182,26,26,0.49994810000000000,0.499948100000,1.7060926051918495,1.7060926051918495,1.7060926051918495,0E-17,ELIGIBLE,R03b_20260811_FULL_v1,L1_ELIGIBILITY,v2026-08-11,2026-03-21..2026-08-06,baccarat_bet02_101_all_pairs_incl_sentinel,round_win = game_pnl > 0 (decisive only),COMPATIBILITY_ONLY_NOT_PRODUCTION,296357.1217,267511.9505,6650.6079,18220,18206,-0.02244119,-0.04150452,-0.02020951,-0.02244119,-6650.6079,296357.1217,OK,0.0000,266.0243,4.0000,96.0000,AG03-UNRESOLVED,ALL5_LEVELS_bet23_to_bet27,266.0243,266.0243,266.0243,332.5304,332.5304,4.000000,4.000000,4.000000,5.000000,5.000000,96.000000,96.000000,96.000000,95.000000,95.000000,5.0,1463.1337,1340.2688,5187.4742,5310.3391,PENDING_AG03,FALSE,NOT_FOR_ENFORCEMENT,6384.5836,256811.4724,6650.6079,6384.5836,266.0243,0.02244119,0.02154355,266.0243,6384.5836,0.02154355,266.0243,266.0243,266.0243,332.5304,332.5304,6384.5836,0.02154355,1463.1337,1340.2688,5187.4742,5310.3391,0.01750413,0.01791872,0.00089765,16.2655,14.6936,0.3653,59.3804,1.1678,2646.0457,162.5536,12.4780,16.8648,9.0895,16.5695,22.0926,29.825,33.4482,44.5976,11.8163,0.0,2.018664,2.691552,0.981654,30,240,141,4,0.10479828,0.02244119,0.04150452,0E-8,0.000000,0.902668,0.011910,-0.02129501,2026-03-22,2026-08-05,112,5695,2177,137,0.817518,0.739886,0.767145,0.349328,,,,,,,,GLOBAL_BASELINE_NO_ENTITY_RANKING,,,NOT_APPLICABLE_GLOBAL_BASELINE,HF9g-P5,,,,X 全窗基线 · 不参与实体赏罚,14195744,1420,A168_HF9F_20260827_0900,2026-08-27 09:00:00
2026-05-14,110249610,583,0,16.7240860287,-16.7240860287,-16.7240860287,0E-7,1,1,0.49324550000000000,0.493245500000,-0.9865810262130424,-0.9865810262130424,-0.9865810262130424,0E-17,ELIGIBLE,R03b_20260811_FULL_v1,L1_ELIGIBILITY,v2026-08-11,2026-03-21..2026-08-06,baccarat_bet02_101_all_pairs_incl_sentinel,round_win = game_pnl > 0 (decisive only),COMPATIBILITY_ONLY_NOT_PRODUCTION,296357.1217,267511.9505,6650.6079,18220,18206,-0.02244119,-0.04150452,-0.02020951,-0.02244119,-6650.6079,296357.1217,OK,0.0000,266.0243,4.0000,96.0000,AG03-UNRESOLVED,ALL5_LEVELS_bet23_to_bet27,266.0243,266.0243,266.0243,332.5304,332.5304,4.000000,4.000000,4.000000,5.000000,5.000000,96.000000,96.000000,96.000000,95.000000,95.000000,5.0,1463.1337,1340.2688,5187.4742,5310.3391,PENDING_AG03,FALSE,NOT_FOR_ENFORCEMENT,6384.5836,256811.4724,6650.6079,6384.5836,266.0243,0.02244119,0.02154355,266.0243,6384.5836,0.02154355,266.0243,266.0243,266.0243,332.5304,332.5304,6384.5836,0.02154355,1463.1337,1340.2688,5187.4742,5310.3391,0.01750413,0.01791872,0.00089765,16.2655,14.6936,0.3653,59.3804,1.1678,2646.0457,162.5536,12.4780,16.8648,9.0895,16.5695,22.0926,29.825,33.4482,44.5976,11.8163,0.0,2.018664,2.691552,0.981654,30,240,141,4,0.10479828,0.02244119,0.04150452,0E-8,0.000000,0.902668,0.011910,-0.02129501,2026-03-22,2026-08-05,112,5695,2177,137,0.817518,0.739886,0.767145,0.349328,,,,,,,,GLOBAL_BASELINE_NO_ENTITY_RANKING,,,NOT_APPLICABLE_GLOBAL_BASELINE,HF9g-P5,,,,X 全窗基线 · 不参与实体赏罚,14195745,1420,A168_HF9F_20260827_0900,2026-08-27 09:00:00
2026-05-14,110249610,595,0,16.7240860287,-16.7240860287,-16.7240860287,0E-7,1,1,0.50665070000000000,0.506650700000,-1.013391052207602,-1.013391052207602,-1.013391052207602,0E-17,ELIGIBLE,R03b_20260811_FULL_v1,L1_ELIGIBILITY,v2026-08-11,2026-03-21..2026-08-06,baccarat_bet02_101_all_pairs_incl_sentinel,round_win = game_pnl > 0 (decisive only),COMPATIBILITY_ONLY_NOT_PRODUCTION,296357.1217,267511.9505,6650.6079,18220,18206,-0.02244119,-0.04150452,-0.02020951,-0.02244119,-6650.6079,296357.1217,OK,0.0000,266.0243,4.0000,96.0000,AG03-UNRESOLVED,ALL5_LEVELS_bet23_to_bet27,266.0243,266.0243,266.0243,332.5304,332.5304,4.000000,4.000000,4.000000,5.000000,5.000000,96.000000,96.000000,96.000000,95.000000,95.000000,5.0,1463.1337,1340.2688,5187.4742,5310.3391,PENDING_AG03,FALSE,NOT_FOR_ENFORCEMENT,6384.5836,256811.4724,6650.6079,6384.5836,266.0243,0.02244119,0.02154355,266.0243,6384.5836,0.02154355,266.0243,266.0243,266.0243,332.5304,332.5304,6384.5836,0.02154355,1463.1337,1340.2688,5187.4742,5310.3391,0.01750413,0.01791872,0.00089765,16.2655,14.6936,0.3653,59.3804,1.1678,2646.0457,162.5536,12.4780,16.8648,9.0895,16.5695,22.0926,29.825,33.4482,44.5976,11.8163,0.0,2.018664,2.691552,0.981654,30,240,141,4,0.10479828,0.02244119,0.04150452,0E-8,0.000000,0.902668,0.011910,-0.02129501,2026-03-22,2026-08-05,112,5695,2177,137,0.817518,0.739886,0.767145,0.349328,,,,,,,,GLOBAL_BASELINE_NO_ENTITY_RANKING,,,NOT_APPLICABLE_GLOBAL_BASELINE,HF9g-P5,,,,X 全窗基线 · 不参与实体赏罚,14195746,1420,A168_HF9F_20260827_0900,2026-08-27 09:00:00
2026-05-14,110249610,752,0,11.1493906858,-11.1493906858,-11.1493906858,0E-7,1,1,0.50665070000000000,0.506650700000,-1.013391052207602,-1.013391052207602,-1.013391052207602,0E-17,ELIGIBLE,R03b_20260811_FULL_v1,L1_ELIGIBILITY,v2026-08-11,2026-03-21..2026-08-06,baccarat_bet02_101_all_pairs_incl_sentinel,round_win = game_pnl > 0 (decisive only),COMPATIBILITY_ONLY_NOT_PRODUCTION,296357.1217,267511.9505,6650.6079,18220,18206,-0.02244119,-0.04150452,-0.02020951,-0.02244119,-6650.6079,296357.1217,OK,0.0000,266.0243,4.0000,96.0000,AG03-UNRESOLVED,ALL5_LEVELS_bet23_to_bet27,266.0243,266.0243,266.0243,332.5304,332.5304,4.000000,4.000000,4.000000,5.000000,5.000000,96.000000,96.000000,96.000000,95.000000,95.000000,5.0,1463.1337,1340.2688,5187.4742,5310.3391,PENDING_AG03,FALSE,NOT_FOR_ENFORCEMENT,6384.5836,256811.4724,6650.6079,6384.5836,266.0243,0.02244119,0.02154355,266.0243,6384.5836,0.02154355,266.0243,266.0243,266.0243,332.5304,332.5304,6384.5836,0.02154355,1463.1337,1340.2688,5187.4742,5310.3391,0.01750413,0.01791872,0.00089765,16.2655,14.6936,0.3653,59.3804,1.1678,2646.0457,162.5536,12.4780,16.8648,9.0895,16.5695,22.0926,29.825,33.4482,44.5976,11.8163,0.0,2.018664,2.691552,0.981654,30,240,141,4,0.10479828,0.02244119,0.04150452,0E-8,0.000000,0.902668,0.011910,-0.02129501,2026-03-22,2026-08-05,112,5695,2177,137,0.817518,0.739886,0.767145,0.349328,,,,,,,,GLOBAL_BASELINE_NO_ENTITY_RANKING,,,NOT_APPLICABLE_GLOBAL_BASELINE,HF9g-P5,,,,X 全窗基线 · 不参与实体赏罚,14195747,1420,A168_HF9F_20260827_0900,2026-08-27 09:00:00
2026-05-14,110249610,763,0,85.6273204670,-7.8881939103,-7.8881939103,0.3333333,4,4,0.50665070000000000,0.506650700000,-0.6004420894325239,-0.6004420894325239,-0.6004420894325239,0E-17,ELIGIBLE,R03b_20260811_FULL_v1,L1_ELIGIBILITY,v2026-08-11,2026-03-21..2026-08-06,baccarat_bet02_101_all_pairs_incl_sentinel,round_win = game_pnl > 0 (decisive only),COMPATIBILITY_ONLY_NOT_PRODUCTION,296357.1217,267511.9505,6650.6079,18220,18206,-0.02244119,-0.04150452,-0.02020951,-0.02244119,-6650.6079,296357.1217,OK,0.0000,266.0243,4.0000,96.0000,AG03-UNRESOLVED,ALL5_LEVELS_bet23_to_bet27,266.0243,266.0243,266.0243,332.5304,332.5304,4.000000,4.000000,4.000000,5.000000,5.000000,96.000000,96.000000,96.000000,95.000000,95.000000,5.0,1463.1337,1340.2688,5187.4742,5310.3391,PENDING_AG03,FALSE,NOT_FOR_ENFORCEMENT,6384.5836,256811.4724,6650.6079,6384.5836,266.0243,0.02244119,0.02154355,266.0243,6384.5836,0.02154355,266.0243,266.0243,266.0243,332.5304,332.5304,6384.5836,0.02154355,1463.1337,1340.2688,5187.4742,5310.3391,0.01750413,0.01791872,0.00089765,16.2655,14.6936,0.3653,59.3804,1.1678,2646.0457,162.5536,12.4780,16.8648,9.0895,16.5695,22.0926,29.825,33.4482,44.5976,11.8163,0.0,2.018664,2.691552,0.981654,30,240,141,4,0.10479828,0.02244119,0.04150452,0E-8,0.000000,0.902668,0.011910,-0.02129501,2026-03-22,2026-08-05,112,5695,2177,137,0.817518,0.739886,0.767145,0.349328,,,,,,,,GLOBAL_BASELINE_NO_ENTITY_RANKING,,,NOT_APPLICABLE_GLOBAL_BASELINE,HF9g-P5,,,,X 全窗基线 · 不参与实体赏罚,14195748,1420,A168_HF9F_20260827_0900,2026-08-27 09:00:00
2026-05-14,110249610,772,0,22.2987813716,-22.2987813716,-22.2987813716,0E-7,2,2,0.49324550000000000,0.493245500000,-1.3952362676504506,-1.3952362676504506,-1.3952362676504506,0E-17,ELIGIBLE,R03b_20260811_FULL_v1,L1_ELIGIBILITY,v2026-08-11,2026-03-21..2026-08-06,baccarat_bet02_101_all_pairs_incl_sentinel,round_win = game_pnl > 0 (decisive only),COMPATIBILITY_ONLY_NOT_PRODUCTION,296357.1217,267511.9505,6650.6079,18220,18206,-0.02244119,-0.04150452,-0.02020951,-0.02244119,-6650.6079,296357.1217,OK,0.0000,266.0243,4.0000,96.0000,AG03-UNRESOLVED,ALL5_LEVELS_bet23_to_bet27,266.0243,266.0243,266.0243,332.5304,332.5304,4.000000,4.000000,4.000000,5.000000,5.000000,96.000000,96.000000,96.000000,95.000000,95.000000,5.0,1463.1337,1340.2688,5187.4742,5310.3391,PENDING_AG03,FALSE,NOT_FOR_ENFORCEMENT,6384.5836,256811.4724,6650.6079,6384.5836,266.0243,0.02244119,0.02154355,266.0243,6384.5836,0.02154355,266.0243,266.0243,266.0243,332.5304,332.5304,6384.5836,0.02154355,1463.1337,1340.2688,5187.4742,5310.3391,0.01750413,0.01791872,0.00089765,16.2655,14.6936,0.3653,59.3804,1.1678,2646.0457,162.5536,12.4780,16.8648,9.0895,16.5695,22.0926,29.825,33.4482,44.5976,11.8163,0.0,2.018664,2.691552,0.981654,30,240,141,4,0.10479828,0.02244119,0.04150452,0E-8,0.000000,0.902668,0.011910,-0.02129501,2026-03-22,2026-08-05,112,5695,2177,137,0.817518,0.739886,0.767145,0.349328,,,,,,,,GLOBAL_BASELINE_NO_ENTITY_RANKING,,,NOT_APPLICABLE_GLOBAL_BASELINE,HF9g-P5,,,,X 全窗基线 · 不参与实体赏罚,14195749,1420,A168_HF9F_20260827_0900,2026-08-27 09:00:00
2026-05-14,110249610,789,0,34.2286294054,0.3344817206,0.3344817206,0.5000000,2,2,0.49324550000000000,0.493245500000,0.01910635448239258,0.01910635448239258,0.01910635448239258,0E-17,ELIGIBLE,R03b_20260811_FULL_v1,L1_ELIGIBILITY,v2026-08-11,2026-03-21..2026-08-06,baccarat_bet02_101_all_pairs_incl_sentinel,round_win = game_pnl > 0 (decisive only),COMPATIBILITY_ONLY_NOT_PRODUCTION,296357.1217,267511.9505,6650.6079,18220,18206,-0.02244119,-0.04150452,-0.02020951,-0.02244119,-6650.6079,296357.1217,OK,0.0000,266.0243,4.0000,96.0000,AG03-UNRESOLVED,ALL5_LEVELS_bet23_to_bet27,266.0243,266.0243,266.0243,332.5304,332.5304,4.000000,4.000000,4.000000,5.000000,5.000000,96.000000,96.000000,96.000000,95.000000,95.000000,5.0,1463.1337,1340.2688,5187.4742,5310.3391,PENDING_AG03,FALSE,NOT_FOR_ENFORCEMENT,6384.5836,256811.4724,6650.6079,6384.5836,266.0243,0.02244119,0.02154355,266.0243,6384.5836,0.02154355,266.0243,266.0243,266.0243,332.5304,332.5304,6384.5836,0.02154355,1463.1337,1340.2688,5187.4742,5310.3391,0.01750413,0.01791872,0.00089765,16.2655,14.6936,0.3653,59.3804,1.1678,2646.0457,162.5536,12.4780,16.8648,9.0895,16.5695,22.0926,29.825,33.4482,44.5976,11.8163,0.0,2.018664,2.691552,0.981654,30,240,141,4,0.10479828,0.02244119,0.04150452,0E-8,0.000000,0.902668,0.011910,-0.02129501,2026-03-22,2026-08-05,112,5695,2177,137,0.817518,0.739886,0.767145,0.349328,,,,,,,,GLOBAL_BASELINE_NO_ENTITY_RANKING,,,NOT_APPLICABLE_GLOBAL_BASELINE,HF9g-P5,,,,X 全窗基线 · 不参与实体赏罚,14195750,1420,A168_HF9F_20260827_0900,2026-08-27 09:00:00
2026-05-14,110249610,925,0,198.4591542073,88.3031742316,88.3031742316,0.8000000,10,10,0.50262914000000000,0.502629140000,1.880764456012311,1.880764456012311,1.880764456012311,0E-17,ELIGIBLE,R03b_20260811_FULL_v1,L1_ELIGIBILITY,v2026-08-11,2026-03-21..2026-08-06,baccarat_bet02_101_all_pairs_incl_sentinel,round_win = game_pnl > 0 (decisive only),COMPATIBILITY_ONLY_NOT_PRODUCTION,296357.1217,267511.9505,6650.6079,18220,18206,-0.02244119,-0.04150452,-0.02020951,-0.02244119,-6650.6079,296357.1217,OK,0.0000,266.0243,4.0000,96.0000,AG03-UNRESOLVED,ALL5_LEVELS_bet23_to_bet27,266.0243,266.0243,266.0243,332.5304,332.5304,4.000000,4.000000,4.000000,5.000000,5.000000,96.000000,96.000000,96.000000,95.000000,95.000000,5.0,1463.1337,1340.2688,5187.4742,5310.3391,PENDING_AG03,FALSE,NOT_FOR_ENFORCEMENT,6384.5836,256811.4724,6650.6079,6384.5836,266.0243,0.02244119,0.02154355,266.0243,6384.5836,0.02154355,266.0243,266.0243,266.0243,332.5304,332.5304,6384.5836,0.02154355,1463.1337,1340.2688,5187.4742,5310.3391,0.01750413,0.01791872,0.00089765,16.2655,14.6936,0.3653,59.3804,1.1678,2646.0457,162.5536,12.4780,16.8648,9.0895,16.5695,22.0926,29.825,33.4482,44.5976,11.8163,0.0,2.018664,2.691552,0.981654,30,240,141,4,0.10479828,0.02244119,0.04150452,0E-8,0.000000,0.902668,0.011910,-0.02129501,2026-03-22,2026-08-05,112,5695,2177,137,0.817518,0.739886,0.767145,0.349328,,,,,,,,GLOBAL_BASELINE_NO_ENTITY_RANKING,,,NOT_APPLICABLE_GLOBAL_BASELINE,HF9g-P5,,,,X 全窗基线 · 不参与实体赏罚,14195751,1420,A168_HF9F_20260827_0900,2026-08-27 09:00:00
2026-05-14,110249610,986,0,504.5099285325,126.9636864345,126.9636864345,0.6153846,16,16,0.50581287500000000,0.505812875000,0.7901864584371917,0.7901864584371917,0.7901864584371917,0E-17,ELIGIBLE,R03b_20260811_FULL_v1,L1_ELIGIBILITY,v2026-08-11,2026-03-21..2026-08-06,baccarat_bet02_101_all_pairs_incl_sentinel,round_win = game_pnl > 0 (decisive only),COMPATIBILITY_ONLY_NOT_PRODUCTION,296357.1217,267511.9505,6650.6079,18220,18206,-0.02244119,-0.04150452,-0.02020951,-0.02244119,-6650.6079,296357.1217,OK,0.0000,266.0243,4.0000,96.0000,AG03-UNRESOLVED,ALL5_LEVELS_bet23_to_bet27,266.0243,266.0243,266.0243,332.5304,332.5304,4.000000,4.000000,4.000000,5.000000,5.000000,96.000000,96.000000,96.000000,95.000000,95.000000,5.0,1463.1337,1340.2688,5187.4742,5310.3391,PENDING_AG03,FALSE,NOT_FOR_ENFORCEMENT,6384.5836,256811.4724,6650.6079,6384.5836,266.0243,0.02244119,0.02154355,266.0243,6384.5836,0.02154355,266.0243,266.0243,266.0243,332.5304,332.5304,6384.5836,0.02154355,1463.1337,1340.2688,5187.4742,5310.3391,0.01750413,0.01791872,0.00089765,16.2655,14.6936,0.3653,59.3804,1.1678,2646.0457,162.5536,12.4780,16.8648,9.0895,16.5695,22.0926,29.825,33.4482,44.5976,11.8163,0.0,2.018664,2.691552,0.981654,30,240,141,4,0.10479828,0.02244119,0.04150452,0E-8,0.000000,0.902668,0.011910,-0.02129501,2026-03-22,2026-08-05,112,5695,2177,137,0.817518,0.739886,0.767145,0.349328,,,,,,,,GLOBAL_BASELINE_NO_ENTITY_RANKING,,,NOT_APPLICABLE_GLOBAL_BASELINE,HF9g-P5,,,,X 全窗基线 · 不参与实体赏罚,14195752,1420,A168_HF9F_20260827_0900,2026-08-27 09:00:00
2026-05-15,110249610,-1,1,4548.9513998062,-119.3988248539,-119.3988248539,0.5215054,208,208,0.50110816538461538,0.501108165385,0.5563631048174471,0.556363104806957,0.5563631048174471,-3.8462E-13,SENTINEL_DEALER,R03b_20260811_FULL_v1,L1_ELIGIBILITY,v2026-08-11,2026-03-21..2026-08-06,baccarat_bet02_101_all_pairs_incl_sentinel,round_win = game_pnl > 0 (decisive only),COMPATIBILITY_ONLY_NOT_PRODUCTION,296357.1217,267511.9505,6650.6079,18220,18206,-0.02244119,-0.04150452,-0.02020951,-0.02244119,-6650.6079,296357.1217,OK,0.0000,266.0243,4.0000,96.0000,AG03-UNRESOLVED,ALL5_LEVELS_bet23_to_bet27,266.0243,266.0243,266.0243,332.5304,332.5304,4.000000,4.000000,4.000000,5.000000,5.000000,96.000000,96.000000,96.000000,95.000000,95.000000,5.0,1463.1337,1340.2688,5187.4742,5310.3391,PENDING_AG03,FALSE,NOT_FOR_ENFORCEMENT,6384.5836,256811.4724,6650.6079,6384.5836,266.0243,0.02244119,0.02154355,266.0243,6384.5836,0.02154355,266.0243,266.0243,266.0243,332.5304,332.5304,6384.5836,0.02154355,1463.1337,1340.2688,5187.4742,5310.3391,0.01750413,0.01791872,0.00089765,16.2655,14.6936,0.3653,59.3804,1.1678,2646.0457,162.5536,12.4780,16.8648,9.0895,16.5695,22.0926,29.825,33.4482,44.5976,11.8163,0.0,2.018664,2.691552,0.981654,30,240,141,4,0.10479828,0.02244119,0.04150452,0E-8,0.000000,0.902668,0.011910,-0.02129501,2026-03-22,2026-08-05,112,5695,2177,137,0.817518,0.739886,0.767145,0.349328,,,,,,,,GLOBAL_BASELINE_NO_ENTITY_RANKING,,,NOT_APPLICABLE_GLOBAL_BASELINE,HF9g-P5,,,,X 全窗基线 · 不参与实体赏罚,14195753,1420,A168_HF9F_20260827_0900,2026-08-27 09:00:00
2026-05-15,110249610,1094,0,123.5352487987,-28.4309462488,-28.4309462488,0.5000000,7,7,0.49707555714285714,0.497075557143,0.014327030625969732,0.014327030625269827,0.014327030625969732,-1.4286E-13,ELIGIBLE,R03b_20260811_FULL_v1,L1_ELIGIBILITY,v2026-08-11,2026-03-21..2026-08-06,baccarat_bet02_101_all_pairs_incl_sentinel,round_win = game_pnl > 0 (decisive only),COMPATIBILITY_ONLY_NOT_PRODUCTION,296357.1217,267511.9505,6650.6079,18220,18206,-0.02244119,-0.04150452,-0.02020951,-0.02244119,-6650.6079,296357.1217,OK,0.0000,266.0243,4.0000,96.0000,AG03-UNRESOLVED,ALL5_LEVELS_bet23_to_bet27,266.0243,266.0243,266.0243,332.5304,332.5304,4.000000,4.000000,4.000000,5.000000,5.000000,96.000000,96.000000,96.000000,95.000000,95.000000,5.0,1463.1337,1340.2688,5187.4742,5310.3391,PENDING_AG03,FALSE,NOT_FOR_ENFORCEMENT,6384.5836,256811.4724,6650.6079,6384.5836,266.0243,0.02244119,0.02154355,266.0243,6384.5836,0.02154355,266.0243,266.0243,266.0243,332.5304,332.5304,6384.5836,0.02154355,1463.1337,1340.2688,5187.4742,5310.3391,0.01750413,0.01791872,0.00089765,16.2655,14.6936,0.3653,59.3804,1.1678,2646.0457,162.5536,12.4780,16.8648,9.0895,16.5695,22.0926,29.825,33.4482,44.5976,11.8163,0.0,2.018664,2.691552,0.981654,30,240,141,4,0.10479828,0.02244119,0.04150452,0E-8,0.000000,0.902668,0.011910,-0.02129501,2026-03-22,2026-08-05,112,5695,2177,137,0.817518,0.739886,0.767145,0.349328,,,,,,,,GLOBAL_BASELINE_NO_ENTITY_RANKING,,,NOT_APPLICABLE_GLOBAL_BASELINE,HF9g-P5,,,,X 全窗基线 · 不参与实体赏罚,14195754,1420,A168_HF9F_20260827_0900,2026-08-27 09:00:00
2026-05-15,110249610,1109,0,3.3448172058,-2.2298781372,-2.2298781372,0E-7,2,2,0.50665070000000000,0.506650700000,-1.013391052207602,-1.013391052207602,-1.013391052207602,0E-17,ELIGIBLE,R03b_20260811_FULL_v1,L1_ELIGIBILITY,v2026-08-11,2026-03-21..2026-08-06,baccarat_bet02_101_all_pairs_incl_sentinel,round_win = game_pnl > 0 (decisive only),COMPATIBILITY_ONLY_NOT_PRODUCTION,296357.1217,267511.9505,6650.6079,18220,18206,-0.02244119,-0.04150452,-0.02020951,-0.02244119,-6650.6079,296357.1217,OK,0.0000,266.0243,4.0000,96.0000,AG03-UNRESOLVED,ALL5_LEVELS_bet23_to_bet27,266.0243,266.0243,266.0243,332.5304,332.5304,4.000000,4.000000,4.000000,5.000000,5.000000,96.000000,96.000000,96.000000,95.000000,95.000000,5.0,1463.1337,1340.2688,5187.4742,5310.3391,PENDING_AG03,FALSE,NOT_FOR_ENFORCEMENT,6384.5836,256811.4724,6650.6079,6384.5836,266.0243,0.02244119,0.02154355,266.0243,6384.5836,0.02154355,266.0243,266.0243,266.0243,332.5304,332.5304,6384.5836,0.02154355,1463.1337,1340.2688,5187.4742,5310.3391,0.01750413,0.01791872,0.00089765,16.2655,14.6936,0.3653,59.3804,1.1678,2646.0457,162.5536,12.4780,16.8648,9.0895,16.5695,22.0926,29.825,33.4482,44.5976,11.8163,0.0,2.018664,2.691552,0.981654,30,240,141,4,0.10479828,0.02244119,0.04150452,0E-8,0.000000,0.902668,0.011910,-0.02129501,2026-03-22,2026-08-05,112,5695,2177,137,0.817518,0.739886,0.767145,0.349328,,,,,,,,GLOBAL_BASELINE_NO_ENTITY_RANKING,,,NOT_APPLICABLE_GLOBAL_BASELINE,HF9g-P5,,,,X 全窗基线 · 不参与实体赏罚,14195755,1420,A168_HF9F_20260827_0900,2026-08-27 09:00:00
2026-05-15,110249610,1115,0,70.7986308548,-16.4453512615,-16.4453512615,0.3333333,3,3,0.50665070000000000,0.506650700000,-0.6004420894325239,-0.6004420894325239,-0.6004420894325239,0E-17,ELIGIBLE,R03b_20260811_FULL_v1,L1_ELIGIBILITY,v2026-08-11,2026-03-21..2026-08-06,baccarat_bet02_101_all_pairs_incl_sentinel,round_win = game_pnl > 0 (decisive only),COMPATIBILITY_ONLY_NOT_PRODUCTION,296357.1217,267511.9505,6650.6079,18220,18206,-0.02244119,-0.04150452,-0.02020951,-0.02244119,-6650.6079,296357.1217,OK,0.0000,266.0243,4.0000,96.0000,AG03-UNRESOLVED,ALL5_LEVELS_bet23_to_bet27,266.0243,266.0243,266.0243,332.5304,332.5304,4.000000,4.000000,4.000000,5.000000,5.000000,96.000000,96.000000,96.000000,95.000000,95.000000,5.0,1463.1337,1340.2688,5187.4742,5310.3391,PENDING_AG03,FALSE,NOT_FOR_ENFORCEMENT,6384.5836,256811.4724,6650.6079,6384.5836,266.0243,0.02244119,0.02154355,266.0243,6384.5836,0.02154355,266.0243,266.0243,266.0243,332.5304,332.5304,6384.5836,0.02154355,1463.1337,1340.2688,5187.4742,5310.3391,0.01750413,0.01791872,0.00089765,16.2655,14.6936,0.3653,59.3804,1.1678,2646.0457,162.5536,12.4780,16.8648,9.0895,16.5695,22.0926,29.825,33.4482,44.5976,11.8163,0.0,2.018664,2.691552,0.981654,30,240,141,4,0.10479828,0.02244119,0.04150452,0E-8,0.000000,0.902668,0.011910,-0.02129501,2026-03-22,2026-08-05,112,5695,2177,137,0.817518,0.739886,0.767145,0.349328,,,,,,,,GLOBAL_BASELINE_NO_ENTITY_RANKING,,,NOT_APPLICABLE_GLOBAL_BASELINE,HF9g-P5,,,,X 全窗基线 · 不参与实体赏罚,14195756,1420,A168_HF9F_20260827_0900,2026-08-27 09:00:00
2026-05-15,110249610,1222,0,128.2179928867,-62.1578530733,-62.1578530733,0.3333333,6,6,0.49994810000000000,0.499948100000,-0.8162423282897021,-0.8162423282897021,-0.8162423282897021,0E-17,ELIGIBLE,R03b_20260811_FULL_v1,L1_ELIGIBILITY,v2026-08-11,2026-03-21..2026-08-06,baccarat_bet02_101_all_pairs_incl_sentinel,round_win = game_pnl > 0 (decisive only),COMPATIBILITY_ONLY_NOT_PRODUCTION,296357.1217,267511.9505,6650.6079,18220,18206,-0.02244119,-0.04150452,-0.02020951,-0.02244119,-6650.6079,296357.1217,OK,0.0000,266.0243,4.0000,96.0000,AG03-UNRESOLVED,ALL5_LEVELS_bet23_to_bet27,266.0243,266.0243,266.0243,332.5304,332.5304,4.000000,4.000000,4.000000,5.000000,5.000000,96.000000,96.000000,96.000000,95.000000,95.000000,5.0,1463.1337,1340.2688,5187.4742,5310.3391,PENDING_AG03,FALSE,NOT_FOR_ENFORCEMENT,6384.5836,256811.4724,6650.6079,6384.5836,266.0243,0.02244119,0.02154355,266.0243,6384.5836,0.02154355,266.0243,266.0243,266.0243,332.5304,332.5304,6384.5836,0.02154355,1463.1337,1340.2688,5187.4742,5310.3391,0.01750413,0.01791872,0.00089765,16.2655,14.6936,0.3653,59.3804,1.1678,2646.0457,162.5536,12.4780,16.8648,9.0895,16.5695,22.0926,29.825,33.4482,44.5976,11.8163,0.0,2.018664,2.691552,0.981654,30,240,141,4,0.10479828,0.02244119,0.04150452,0E-8,0.000000,0.902668,0.011910,-0.02129501,2026-03-22,2026-08-05,112,5695,2177,137,0.817518,0.739886,0.767145,0.349328,,,,,,,,GLOBAL_BASELINE_NO_ENTITY_RANKING,,,NOT_APPLICABLE_GLOBAL_BASELINE,HF9g-P5,,,,X 全窗基线 · 不参与实体赏罚,14195757,1420,A168_HF9F_20260827_0900,2026-08-27 09:00:00
2026-05-15,110249610,1299,0,54.6320143604,-54.6320143604,-54.6320143604,0E-7,2,2,0.50665070000000000,0.506650700000,-1.4331513700195317,-1.4331513700195317,-1.4331513700195317,0E-17,ELIGIBLE,R03b_20260811_FULL_v1,L1_ELIGIBILITY,v2026-08-11,2026-03-21..2026-08-06,baccarat_bet02_101_all_pairs_incl_sentinel,round_win = game_pnl > 0 (decisive only),COMPATIBILITY_ONLY_NOT_PRODUCTION,296357.1217,267511.9505,6650.6079,18220,18206,-0.02244119,-0.04150452,-0.02020951,-0.02244119,-6650.6079,296357.1217,OK,0.0000,266.0243,4.0000,96.0000,AG03-UNRESOLVED,ALL5_LEVELS_bet23_to_bet27,266.0243,266.0243,266.0243,332.5304,332.5304,4.000000,4.000000,4.000000,5.000000,5.000000,96.000000,96.000000,96.000000,95.000000,95.000000,5.0,1463.1337,1340.2688,5187.4742,5310.3391,PENDING_AG03,FALSE,NOT_FOR_ENFORCEMENT,6384.5836,256811.4724,6650.6079,6384.5836,266.0243,0.02244119,0.02154355,266.0243,6384.5836,0.02154355,266.0243,266.0243,266.0243,332.5304,332.5304,6384.5836,0.02154355,1463.1337,1340.2688,5187.4742,5310.3391,0.01750413,0.01791872,0.00089765,16.2655,14.6936,0.3653,59.3804,1.1678,2646.0457,162.5536,12.4780,16.8648,9.0895,16.5695,22.0926,29.825,33.4482,44.5976,11.8163,0.0,2.018664,2.691552,0.981654,30,240,141,4,0.10479828,0.02244119,0.04150452,0E-8,0.000000,0.902668,0.011910,-0.02129501,2026-03-22,2026-08-05,112,5695,2177,137,0.817518,0.739886,0.767145,0.349328,,,,,,,,GLOBAL_BASELINE_NO_ENTITY_RANKING,,,NOT_APPLICABLE_GLOBAL_BASELINE,HF9g-P5,,,,X 全窗基线 · 不参与实体赏罚,14195758,1420,A168_HF9F_20260827_0900,2026-08-27 09:00:00
2026-05-15,110249610,1304,0,240.8268388133,-94.2402247717,-94.2402247717,0.3076923,13,13,0.50149485384615385,0.501494853846,-1.3975362807959593,-1.3975362807948484,-1.3975362807959593,1.5385E-13,ELIGIBLE,R03b_20260811_FULL_v1,L1_ELIGIBILITY,v2026-08-11,2026-03-21..2026-08-06,baccarat_bet02_101_all_pairs_incl_sentinel,round_win = game_pnl > 0 (decisive only),COMPATIBILITY_ONLY_NOT_PRODUCTION,296357.1217,267511.9505,6650.6079,18220,18206,-0.02244119,-0.04150452,-0.02020951,-0.02244119,-6650.6079,296357.1217,OK,0.0000,266.0243,4.0000,96.0000,AG03-UNRESOLVED,ALL5_LEVELS_bet23_to_bet27,266.0243,266.0243,266.0243,332.5304,332.5304,4.000000,4.000000,4.000000,5.000000,5.000000,96.000000,96.000000,96.000000,95.000000,95.000000,5.0,1463.1337,1340.2688,5187.4742,5310.3391,PENDING_AG03,FALSE,NOT_FOR_ENFORCEMENT,6384.5836,256811.4724,6650.6079,6384.5836,266.0243,0.02244119,0.02154355,266.0243,6384.5836,0.02154355,266.0243,266.0243,266.0243,332.5304,332.5304,6384.5836,0.02154355,1463.1337,1340.2688,5187.4742,5310.3391,0.01750413,0.01791872,0.00089765,16.2655,14.6936,0.3653,59.3804,1.1678,2646.0457,162.5536,12.4780,16.8648,9.0895,16.5695,22.0926,29.825,33.4482,44.5976,11.8163,0.0,2.018664,2.691552,0.981654,30,240,141,4,0.10479828,0.02244119,0.04150452,0E-8,0.000000,0.902668,0.011910,-0.02129501,2026-03-22,2026-08-05,112,5695,2177,137,0.817518,0.739886,0.767145,0.349328,,,,,,,,GLOBAL_BASELINE_NO_ENTITY_RANKING,,,NOT_APPLICABLE_GLOBAL_BASELINE,HF9g-P5,,,,X 全窗基线 · 不参与实体赏罚,14195759,1420,A168_HF9F_20260827_0900,2026-08-27 09:00:00
2026-05-15,110249610,1306,0,133.7926882296,-89.1951254864,-89.1951254864,0.1428571,7,7,0.49516052857142857,0.495160528571,-1.8643016170287334,-1.864301617026481,-1.8643016170287334,4.2857E-13,ELIGIBLE,R03b_20260811_FULL_v1,L1_ELIGIBILITY,v2026-08-11,2026-03-21..2026-08-06,baccarat_bet02_101_all_pairs_incl_sentinel,round_win = game_pnl > 0 (decisive only),COMPATIBILITY_ONLY_NOT_PRODUCTION,296357.1217,267511.9505,6650.6079,18220,18206,-0.02244119,-0.04150452,-0.02020951,-0.02244119,-6650.6079,296357.1217,OK,0.0000,266.0243,4.0000,96.0000,AG03-UNRESOLVED,ALL5_LEVELS_bet23_to_bet27,266.0243,266.0243,266.0243,332.5304,332.5304,4.000000,4.000000,4.000000,5.000000,5.000000,96.000000,96.000000,96.000000,95.000000,95.000000,5.0,1463.1337,1340.2688,5187.4742,5310.3391,PENDING_AG03,FALSE,NOT_FOR_ENFORCEMENT,6384.5836,256811.4724,6650.6079,6384.5836,266.0243,0.02244119,0.02154355,266.0243,6384.5836,0.02154355,266.0243,266.0243,266.0243,332.5304,332.5304,6384.5836,0.02154355,1463.1337,1340.2688,5187.4742,5310.3391,0.01750413,0.01791872,0.00089765,16.2655,14.6936,0.3653,59.3804,1.1678,2646.0457,162.5536,12.4780,16.8648,9.0895,16.5695,22.0926,29.825,33.4482,44.5976,11.8163,0.0,2.018664,2.691552,0.981654,30,240,141,4,0.10479828,0.02244119,0.04150452,0E-8,0.000000,0.902668,0.011910,-0.02129501,2026-03-22,2026-08-05,112,5695,2177,137,0.817518,0.739886,0.767145,0.349328,,,,,,,,GLOBAL_BASELINE_NO_ENTITY_RANKING,,,NOT_APPLICABLE_GLOBAL_BASELINE,HF9g-P5,,,,X 全窗基线 · 不参与实体赏罚,14195760,1420,A168_HF9F_20260827_0900,2026-08-27 09:00:00
2026-05-15,110249610,1307,0,60.2067097033,-22.2987813716,-22.2987813716,0.3333333,4,4,0.49324550000000000,0.493245500000,-0.5540025479526107,-0.5540025479526106,-0.5540025479526107,0E-17,ELIGIBLE,R03b_20260811_FULL_v1,L1_ELIGIBILITY,v2026-08-11,2026-03-21..2026-08-06,baccarat_bet02_101_all_pairs_incl_sentinel,round_win = game_pnl > 0 (decisive only),COMPATIBILITY_ONLY_NOT_PRODUCTION,296357.1217,267511.9505,6650.6079,18220,18206,-0.02244119,-0.04150452,-0.02020951,-0.02244119,-6650.6079,296357.1217,OK,0.0000,266.0243,4.0000,96.0000,AG03-UNRESOLVED,ALL5_LEVELS_bet23_to_bet27,266.0243,266.0243,266.0243,332.5304,332.5304,4.000000,4.000000,4.000000,5.000000,5.000000,96.000000,96.000000,96.000000,95.000000,95.000000,5.0,1463.1337,1340.2688,5187.4742,5310.3391,PENDING_AG03,FALSE,NOT_FOR_ENFORCEMENT,6384.5836,256811.4724,6650.6079,6384.5836,266.0243,0.02244119,0.02154355,266.0243,6384.5836,0.02154355,266.0243,266.0243,266.0243,332.5304,332.5304,6384.5836,0.02154355,1463.1337,1340.2688,5187.4742,5310.3391,0.01750413,0.01791872,0.00089765,16.2655,14.6936,0.3653,59.3804,1.1678,2646.0457,162.5536,12.4780,16.8648,9.0895,16.5695,22.0926,29.825,33.4482,44.5976,11.8163,0.0,2.018664,2.691552,0.981654,30,240,141,4,0.10479828,0.02244119,0.04150452,0E-8,0.000000,0.902668,0.011910,-0.02129501,2026-03-22,2026-08-05,112,5695,2177,137,0.817518,0.739886,0.767145,0.349328,,,,,,,,GLOBAL_BASELINE_NO_ENTITY_RANKING,,,NOT_APPLICABLE_GLOBAL_BASELINE,HF9g-P5,,,,X 全窗基线 · 不参与实体赏罚,14195761,1420,A168_HF9F_20260827_0900,2026-08-27 09:00:00
2026-05-15,110249610,1318,0,16.8355799356,-6.3997502537,-6.3997502537,0.3333333,3,3,0.50665070000000000,0.506650700000,-0.6004420894325239,-0.6004420894325239,-0.6004420894325239,0E-17,ELIGIBLE,R03b_20260811_FULL_v1,L1_ELIGIBILITY,v2026-08-11,2026-03-21..2026-08-06,baccarat_bet02_101_all_pairs_incl_sentinel,round_win = game_pnl > 0 (decisive only),COMPATIBILITY_ONLY_NOT_PRODUCTION,296357.1217,267511.9505,6650.6079,18220,18206,-0.02244119,-0.04150452,-0.02020951,-0.02244119,-6650.6079,296357.1217,OK,0.0000,266.0243,4.0000,96.0000,AG03-UNRESOLVED,ALL5_LEVELS_bet23_to_bet27,266.0243,266.0243,266.0243,332.5304,332.5304,4.000000,4.000000,4.000000,5.000000,5.000000,96.000000,96.000000,96.000000,95.000000,95.000000,5.0,1463.1337,1340.2688,5187.4742,5310.3391,PENDING_AG03,FALSE,NOT_FOR_ENFORCEMENT,6384.5836,256811.4724,6650.6079,6384.5836,266.0243,0.02244119,0.02154355,266.0243,6384.5836,0.02154355,266.0243,266.0243,266.0243,332.5304,332.5304,6384.5836,0.02154355,1463.1337,1340.2688,5187.4742,5310.3391,0.01750413,0.01791872,0.00089765,16.2655,14.6936,0.3653,59.3804,1.1678,2646.0457,162.5536,12.4780,16.8648,9.0895,16.5695,22.0926,29.825,33.4482,44.5976,11.8163,0.0,2.018664,2.691552,0.981654,30,240,141,4,0.10479828,0.02244119,0.04150452,0E-8,0.000000,0.902668,0.011910,-0.02129501,2026-03-22,2026-08-05,112,5695,2177,137,0.817518,0.739886,0.767145,0.349328,,,,,,,,GLOBAL_BASELINE_NO_ENTITY_RANKING,,,NOT_APPLICABLE_GLOBAL_BASELINE,HF9g-P5,,,,X 全窗基线 · 不参与实体赏罚,14195762,1420,A168_HF9F_20260827_0900,2026-08-27 09:00:00
2026-05-15,110249610,1323,0,157.9868660178,-9.4491086061,-9.4491086061,0.5000000,9,9,0.50665070000000000,0.506650700000,-0.037625369180734974,-0.037625369180734974,-0.037625369180734974,0E-17,ELIGIBLE,R03b_20260811_FULL_v1,L1_ELIGIBILITY,v2026-08-11,2026-03-21..2026-08-06,baccarat_bet02_101_all_pairs_incl_sentinel,round_win = game_pnl > 0 (decisive only),COMPATIBILITY_ONLY_NOT_PRODUCTION,296357.1217,267511.9505,6650.6079,18220,18206,-0.02244119,-0.04150452,-0.02020951,-0.02244119,-6650.6079,296357.1217,OK,0.0000,266.0243,4.0000,96.0000,AG03-UNRESOLVED,ALL5_LEVELS_bet23_to_bet27,266.0243,266.0243,266.0243,332.5304,332.5304,4.000000,4.000000,4.000000,5.000000,5.000000,96.000000,96.000000,96.000000,95.000000,95.000000,5.0,1463.1337,1340.2688,5187.4742,5310.3391,PENDING_AG03,FALSE,NOT_FOR_ENFORCEMENT,6384.5836,256811.4724,6650.6079,6384.5836,266.0243,0.02244119,0.02154355,266.0243,6384.5836,0.02154355,266.0243,266.0243,266.0243,332.5304,332.5304,6384.5836,0.02154355,1463.1337,1340.2688,5187.4742,5310.3391,0.01750413,0.01791872,0.00089765,16.2655,14.6936,0.3653,59.3804,1.1678,2646.0457,162.5536,12.4780,16.8648,9.0895,16.5695,22.0926,29.825,33.4482,44.5976,11.8163,0.0,2.018664,2.691552,0.981654,30,240,141,4,0.10479828,0.02244119,0.04150452,0E-8,0.000000,0.902668,0.011910,-0.02129501,2026-03-22,2026-08-05,112,5695,2177,137,0.817518,0.739886,0.767145,0.349328,,,,,,,,GLOBAL_BASELINE_NO_ENTITY_RANKING,,,NOT_APPLICABLE_GLOBAL_BASELINE,HF9g-P5,,,,X 全窗基线 · 不参与实体赏罚,14195763,1420,A168_HF9F_20260827_0900,2026-08-27 09:00:00
2026-05-15,110249610,1325,0,1.1149390686,-1.1149390686,-1.1149390686,0E-7,1,1,0.50665070000000000,0.506650700000,-1.013391052207602,-1.013391052207602,-1.013391052207602,0E-17,ELIGIBLE,R03b_20260811_FULL_v1,L1_ELIGIBILITY,v2026-08-11,2026-03-21..2026-08-06,baccarat_bet02_101_all_pairs_incl_sentinel,round_win = game_pnl > 0 (decisive only),COMPATIBILITY_ONLY_NOT_PRODUCTION,296357.1217,267511.9505,6650.6079,18220,18206,-0.02244119,-0.04150452,-0.02020951,-0.02244119,-6650.6079,296357.1217,OK,0.0000,266.0243,4.0000,96.0000,AG03-UNRESOLVED,ALL5_LEVELS_bet23_to_bet27,266.0243,266.0243,266.0243,332.5304,332.5304,4.000000,4.000000,4.000000,5.000000,5.000000,96.000000,96.000000,96.000000,95.000000,95.000000,5.0,1463.1337,1340.2688,5187.4742,5310.3391,PENDING_AG03,FALSE,NOT_FOR_ENFORCEMENT,6384.5836,256811.4724,6650.6079,6384.5836,266.0243,0.02244119,0.02154355,266.0243,6384.5836,0.02154355,266.0243,266.0243,266.0243,332.5304,332.5304,6384.5836,0.02154355,1463.1337,1340.2688,5187.4742,5310.3391,0.01750413,0.01791872,0.00089765,16.2655,14.6936,0.3653,59.3804,1.1678,2646.0457,162.5536,12.4780,16.8648,9.0895,16.5695,22.0926,29.825,33.4482,44.5976,11.8163,0.0,2.018664,2.691552,0.981654,30,240,141,4,0.10479828,0.02244119,0.04150452,0E-8,0.000000,0.902668,0.011910,-0.02129501,2026-03-22,2026-08-05,112,5695,2177,137,0.817518,0.739886,0.767145,0.349328,,,,,,,,GLOBAL_BASELINE_NO_ENTITY_RANKING,,,NOT_APPLICABLE_GLOBAL_BASELINE,HF9g-P5,,,,X 全窗基线 · 不参与实体赏罚,14195764,1420,A168_HF9F_20260827_0900,2026-08-27 09:00:00
2026-05-15,110249610,1330,0,2.2298781372,-1.1149390686,-1.1149390686,0E-7,2,2,0.49324550000000000,0.493245500000,-0.9865810262130424,-0.9865810262130424,-0.9865810262130424,0E-17,ELIGIBLE,R03b_20260811_FULL_v1,L1_ELIGIBILITY,v2026-08-11,2026-03-21..2026-08-06,baccarat_bet02_101_all_pairs_incl_sentinel,round_win = game_pnl > 0 (decisive only),COMPATIBILITY_ONLY_NOT_PRODUCTION,296357.1217,267511.9505,6650.6079,18220,18206,-0.02244119,-0.04150452,-0.02020951,-0.02244119,-6650.6079,296357.1217,OK,0.0000,266.0243,4.0000,96.0000,AG03-UNRESOLVED,ALL5_LEVELS_bet23_to_bet27,266.0243,266.0243,266.0243,332.5304,332.5304,4.000000,4.000000,4.000000,5.000000,5.000000,96.000000,96.000000,96.000000,95.000000,95.000000,5.0,1463.1337,1340.2688,5187.4742,5310.3391,PENDING_AG03,FALSE,NOT_FOR_ENFORCEMENT,6384.5836,256811.4724,6650.6079,6384.5836,266.0243,0.02244119,0.02154355,266.0243,6384.5836,0.02154355,266.0243,266.0243,266.0243,332.5304,332.5304,6384.5836,0.02154355,1463.1337,1340.2688,5187.4742,5310.3391,0.01750413,0.01791872,0.00089765,16.2655,14.6936,0.3653,59.3804,1.1678,2646.0457,162.5536,12.4780,16.8648,9.0895,16.5695,22.0926,29.825,33.4482,44.5976,11.8163,0.0,2.018664,2.691552,0.981654,30,240,141,4,0.10479828,0.02244119,0.04150452,0E-8,0.000000,0.902668,0.011910,-0.02129501,2026-03-22,2026-08-05,112,5695,2177,137,0.817518,0.739886,0.767145,0.349328,,,,,,,,GLOBAL_BASELINE_NO_ENTITY_RANKING,,,NOT_APPLICABLE_GLOBAL_BASELINE,HF9g-P5,,,,X 全窗基线 · 不参与实体赏罚,14195765,1420,A168_HF9F_20260827_0900,2026-08-27 09:00:00
2026-05-15,110249610,1353,0,162.2236344784,-20.8493605825,-20.8493605825,0.5555556,9,9,0.50069283333333333,0.500692833333,0.32917664935493707,0.32917664935693675,0.32917664935493707,3.3333E-13,ELIGIBLE,R03b_20260811_FULL_v1,L1_ELIGIBILITY,v2026-08-11,2026-03-21..2026-08-06,baccarat_bet02_101_all_pairs_incl_sentinel,round_win = game_pnl > 0 (decisive only),COMPATIBILITY_ONLY_NOT_PRODUCTION,296357.1217,267511.9505,6650.6079,18220,18206,-0.02244119,-0.04150452,-0.02020951,-0.02244119,-6650.6079,296357.1217,OK,0.0000,266.0243,4.0000,96.0000,AG03-UNRESOLVED,ALL5_LEVELS_bet23_to_bet27,266.0243,266.0243,266.0243,332.5304,332.5304,4.000000,4.000000,4.000000,5.000000,5.000000,96.000000,96.000000,96.000000,95.000000,95.000000,5.0,1463.1337,1340.2688,5187.4742,5310.3391,PENDING_AG03,FALSE,NOT_FOR_ENFORCEMENT,6384.5836,256811.4724,6650.6079,6384.5836,266.0243,0.02244119,0.02154355,266.0243,6384.5836,0.02154355,266.0243,266.0243,266.0243,332.5304,332.5304,6384.5836,0.02154355,1463.1337,1340.2688,5187.4742,5310.3391,0.01750413,0.01791872,0.00089765,16.2655,14.6936,0.3653,59.3804,1.1678,2646.0457,162.5536,12.4780,16.8648,9.0895,16.5695,22.0926,29.825,33.4482,44.5976,11.8163,0.0,2.018664,2.691552,0.981654,30,240,141,4,0.10479828,0.02244119,0.04150452,0E-8,0.000000,0.902668,0.011910,-0.02129501,2026-03-22,2026-08-05,112,5695,2177,137,0.817518,0.739886,0.767145,0.349328,,,,,,,,GLOBAL_BASELINE_NO_ENTITY_RANKING,,,NOT_APPLICABLE_GLOBAL_BASELINE,HF9g-P5,,,,X 全窗基线 · 不参与实体赏罚,14195766,1420,A168_HF9F_20260827_0900,2026-08-27 09:00:00
2026-05-15,110249610,1363,0,16.7240860287,-16.7240860287,-16.7240860287,0E-7,1,1,0.50665070000000000,0.506650700000,-1.013391052207602,-1.013391052207602,-1.013391052207602,0E-17,ELIGIBLE,R03b_20260811_FULL_v1,L1_ELIGIBILITY,v2026-08-11,2026-03-21..2026-08-06,baccarat_bet02_101_all_pairs_incl_sentinel,round_win = game_pnl > 0 (decisive only),COMPATIBILITY_ONLY_NOT_PRODUCTION,296357.1217,267511.9505,6650.6079,18220,18206,-0.02244119,-0.04150452,-0.02020951,-0.02244119,-6650.6079,296357.1217,OK,0.0000,266.0243,4.0000,96.0000,AG03-UNRESOLVED,ALL5_LEVELS_bet23_to_bet27,266.0243,266.0243,266.0243,332.5304,332.5304,4.000000,4.000000,4.000000,5.000000,5.000000,96.000000,96.000000,96.000000,95.000000,95.000000,5.0,1463.1337,1340.2688,5187.4742,5310.3391,PENDING_AG03,FALSE,NOT_FOR_ENFORCEMENT,6384.5836,256811.4724,6650.6079,6384.5836,266.0243,0.02244119,0.02154355,266.0243,6384.5836,0.02154355,266.0243,266.0243,266.0243,332.5304,332.5304,6384.5836,0.02154355,1463.1337,1340.2688,5187.4742,5310.3391,0.01750413,0.01791872,0.00089765,16.2655,14.6936,0.3653,59.3804,1.1678,2646.0457,162.5536,12.4780,16.8648,9.0895,16.5695,22.0926,29.825,33.4482,44.5976,11.8163,0.0,2.018664,2.691552,0.981654,30,240,141,4,0.10479828,0.02244119,0.04150452,0E-8,0.000000,0.902668,0.011910,-0.02129501,2026-03-22,2026-08-05,112,5695,2177,137,0.817518,0.739886,0.767145,0.349328,,,,,,,,GLOBAL_BASELINE_NO_ENTITY_RANKING,,,NOT_APPLICABLE_GLOBAL_BASELINE,HF9g-P5,,,,X 全窗基线 · 不参与实体赏罚,14195767,1420,A168_HF9F_20260827_0900,2026-08-27 09:00:00
2026-05-15,110249610,1396,0,93.6548817607,5.0172258086,5.0172258086,0.6000000,6,6,0.49994810000000000,0.499948100000,0.44744570176651083,0.44744570176651083,0.44744570176651083,0E-17,ELIGIBLE,R03b_20260811_FULL_v1,L1_ELIGIBILITY,v2026-08-11,2026-03-21..2026-08-06,baccarat_bet02_101_all_pairs_incl_sentinel,round_win = game_pnl > 0 (decisive only),COMPATIBILITY_ONLY_NOT_PRODUCTION,296357.1217,267511.9505,6650.6079,18220,18206,-0.02244119,-0.04150452,-0.02020951,-0.02244119,-6650.6079,296357.1217,OK,0.0000,266.0243,4.0000,96.0000,AG03-UNRESOLVED,ALL5_LEVELS_bet23_to_bet27,266.0243,266.0243,266.0243,332.5304,332.5304,4.000000,4.000000,4.000000,5.000000,5.000000,96.000000,96.000000,96.000000,95.000000,95.000000,5.0,1463.1337,1340.2688,5187.4742,5310.3391,PENDING_AG03,FALSE,NOT_FOR_ENFORCEMENT,6384.5836,256811.4724,6650.6079,6384.5836,266.0243,0.02244119,0.02154355,266.0243,6384.5836,0.02154355,266.0243,266.0243,266.0243,332.5304,332.5304,6384.5836,0.02154355,1463.1337,1340.2688,5187.4742,5310.3391,0.01750413,0.01791872,0.00089765,16.2655,14.6936,0.3653,59.3804,1.1678,2646.0457,162.5536,12.4780,16.8648,9.0895,16.5695,22.0926,29.825,33.4482,44.5976,11.8163,0.0,2.018664,2.691552,0.981654,30,240,141,4,0.10479828,0.02244119,0.04150452,0E-8,0.000000,0.902668,0.011910,-0.02129501,2026-03-22,2026-08-05,112,5695,2177,137,0.817518,0.739886,0.767145,0.349328,,,,,,,,GLOBAL_BASELINE_NO_ENTITY_RANKING,,,NOT_APPLICABLE_GLOBAL_BASELINE,HF9g-P5,,,,X 全窗基线 · 不参与实体赏罚,14195768,1420,A168_HF9F_20260827_0900,2026-08-27 09:00:00
2026-05-15,110249610,1399,0,27.8734767145,-27.8734767145,-27.8734767145,0E-7,1,1,0.50665070000000000,0.506650700000,-1.013391052207602,-1.013391052207602,-1.013391052207602,0E-17,ELIGIBLE,R03b_20260811_FULL_v1,L1_ELIGIBILITY,v2026-08-11,2026-03-21..2026-08-06,baccarat_bet02_101_all_pairs_incl_sentinel,round_win = game_pnl > 0 (decisive only),COMPATIBILITY_ONLY_NOT_PRODUCTION,296357.1217,267511.9505,6650.6079,18220,18206,-0.02244119,-0.04150452,-0.02020951,-0.02244119,-6650.6079,296357.1217,OK,0.0000,266.0243,4.0000,96.0000,AG03-UNRESOLVED,ALL5_LEVELS_bet23_to_bet27,266.0243,266.0243,266.0243,332.5304,332.5304,4.000000,4.000000,4.000000,5.000000,5.000000,96.000000,96.000000,96.000000,95.000000,95.000000,5.0,1463.1337,1340.2688,5187.4742,5310.3391,PENDING_AG03,FALSE,NOT_FOR_ENFORCEMENT,6384.5836,256811.4724,6650.6079,6384.5836,266.0243,0.02244119,0.02154355,266.0243,6384.5836,0.02154355,266.0243,266.0243,266.0243,332.5304,332.5304,6384.5836,0.02154355,1463.1337,1340.2688,5187.4742,5310.3391,0.01750413,0.01791872,0.00089765,16.2655,14.6936,0.3653,59.3804,1.1678,2646.0457,162.5536,12.4780,16.8648,9.0895,16.5695,22.0926,29.825,33.4482,44.5976,11.8163,0.0,2.018664,2.691552,0.981654,30,240,141,4,0.10479828,0.02244119,0.04150452,0E-8,0.000000,0.902668,0.011910,-0.02129501,2026-03-22,2026-08-05,112,5695,2177,137,0.817518,0.739886,0.767145,0.349328,,,,,,,,GLOBAL_BASELINE_NO_ENTITY_RANKING,,,NOT_APPLICABLE_GLOBAL_BASELINE,HF9g-P5,,,,X 全窗基线 · 不参与实体赏罚,14195769,1420,A168_HF9F_20260827_0900,2026-08-27 09:00:00
2026-05-15,110249610,1401,0,309.9530610652,-121.8070932423,-121.8070932423,0.2727273,13,13,0.50046368461538462,0.500463684615,-1.510633108252117,-1.5106331082495645,-1.510633108252117,3.8462E-13,ELIGIBLE,R03b_20260811_FULL_v1,L1_ELIGIBILITY,v2026-08-11,2026-03-21..2026-08-06,baccarat_bet02_101_all_pairs_incl_sentinel,round_win = game_pnl > 0 (decisive only),COMPATIBILITY_ONLY_NOT_PRODUCTION,296357.1217,267511.9505,6650.6079,18220,18206,-0.02244119,-0.04150452,-0.02020951,-0.02244119,-6650.6079,296357.1217,OK,0.0000,266.0243,4.0000,96.0000,AG03-UNRESOLVED,ALL5_LEVELS_bet23_to_bet27,266.0243,266.0243,266.0243,332.5304,332.5304,4.000000,4.000000,4.000000,5.000000,5.000000,96.000000,96.000000,96.000000,95.000000,95.000000,5.0,1463.1337,1340.2688,5187.4742,5310.3391,PENDING_AG03,FALSE,NOT_FOR_ENFORCEMENT,6384.5836,256811.4724,6650.6079,6384.5836,266.0243,0.02244119,0.02154355,266.0243,6384.5836,0.02154355,266.0243,266.0243,266.0243,332.5304,332.5304,6384.5836,0.02154355,1463.1337,1340.2688,5187.4742,5310.3391,0.01750413,0.01791872,0.00089765,16.2655,14.6936,0.3653,59.3804,1.1678,2646.0457,162.5536,12.4780,16.8648,9.0895,16.5695,22.0926,29.825,33.4482,44.5976,11.8163,0.0,2.018664,2.691552,0.981654,30,240,141,4,0.10479828,0.02244119,0.04150452,0E-8,0.000000,0.902668,0.011910,-0.02129501,2026-03-22,2026-08-05,112,5695,2177,137,0.817518,0.739886,0.767145,0.349328,,,,,,,,GLOBAL_BASELINE_NO_ENTITY_RANKING,,,NOT_APPLICABLE_GLOBAL_BASELINE,HF9g-P5,,,,X 全窗基线 · 不参与实体赏罚,14195770,1420,A168_HF9F_20260827_0900,2026-08-27 09:00:00
2026-05-15,110249610,1405,0,192.8844588643,-84.1778996777,-84.1778996777,0.3750000,8,8,0.50497505000000000,0.504975050000,-0.7352863131446508,-0.7352863131446508,-0.7352863131446508,0E-17,ELIGIBLE,R03b_20260811_FULL_v1,L1_ELIGIBILITY,v2026-08-11,2026-03-21..2026-08-06,baccarat_bet02_101_all_pairs_incl_sentinel,round_win = game_pnl > 0 (decisive only),COMPATIBILITY_ONLY_NOT_PRODUCTION,296357.1217,267511.9505,6650.6079,18220,18206,-0.02244119,-0.04150452,-0.02020951,-0.02244119,-6650.6079,296357.1217,OK,0.0000,266.0243,4.0000,96.0000,AG03-UNRESOLVED,ALL5_LEVELS_bet23_to_bet27,266.0243,266.0243,266.0243,332.5304,332.5304,4.000000,4.000000,4.000000,5.000000,5.000000,96.000000,96.000000,96.000000,95.000000,95.000000,5.0,1463.1337,1340.2688,5187.4742,5310.3391,PENDING_AG03,FALSE,NOT_FOR_ENFORCEMENT,6384.5836,256811.4724,6650.6079,6384.5836,266.0243,0.02244119,0.02154355,266.0243,6384.5836,0.02154355,266.0243,266.0243,266.0243,332.5304,332.5304,6384.5836,0.02154355,1463.1337,1340.2688,5187.4742,5310.3391,0.01750413,0.01791872,0.00089765,16.2655,14.6936,0.3653,59.3804,1.1678,2646.0457,162.5536,12.4780,16.8648,9.0895,16.5695,22.0926,29.825,33.4482,44.5976,11.8163,0.0,2.018664,2.691552,0.981654,30,240,141,4,0.10479828,0.02244119,0.04150452,0E-8,0.000000,0.902668,0.011910,-0.02129501,2026-03-22,2026-08-05,112,5695,2177,137,0.817518,0.739886,0.767145,0.349328,,,,,,,,GLOBAL_BASELINE_NO_ENTITY_RANKING,,,NOT_APPLICABLE_GLOBAL_BASELINE,HF9g-P5,,,,X 全窗基线 · 不参与实体赏罚,14195771,1420,A168_HF9F_20260827_0900,2026-08-27 09:00:00
2026-05-15,110249610,1509,0,55.7469534290,-22.2987813716,-22.2987813716,0.3333333,3,3,0.49324550000000000,0.493245500000,-0.5540025479526107,-0.5540025479526106,-0.5540025479526107,0E-17,ELIGIBLE,R03b_20260811_FULL_v1,L1_ELIGIBILITY,v2026-08-11,2026-03-21..2026-08-06,baccarat_bet02_101_all_pairs_incl_sentinel,round_win = game_pnl > 0 (decisive only),COMPATIBILITY_ONLY_NOT_PRODUCTION,296357.1217,267511.9505,6650.6079,18220,18206,-0.02244119,-0.04150452,-0.02020951,-0.02244119,-6650.6079,296357.1217,OK,0.0000,266.0243,4.0000,96.0000,AG03-UNRESOLVED,ALL5_LEVELS_bet23_to_bet27,266.0243,266.0243,266.0243,332.5304,332.5304,4.000000,4.000000,4.000000,5.000000,5.000000,96.000000,96.000000,96.000000,95.000000,95.000000,5.0,1463.1337,1340.2688,5187.4742,5310.3391,PENDING_AG03,FALSE,NOT_FOR_ENFORCEMENT,6384.5836,256811.4724,6650.6079,6384.5836,266.0243,0.02244119,0.02154355,266.0243,6384.5836,0.02154355,266.0243,266.0243,266.0243,332.5304,332.5304,6384.5836,0.02154355,1463.1337,1340.2688,5187.4742,5310.3391,0.01750413,0.01791872,0.00089765,16.2655,14.6936,0.3653,59.3804,1.1678,2646.0457,162.5536,12.4780,16.8648,9.0895,16.5695,22.0926,29.825,33.4482,44.5976,11.8163,0.0,2.018664,2.691552,0.981654,30,240,141,4,0.10479828,0.02244119,0.04150452,0E-8,0.000000,0.902668,0.011910,-0.02129501,2026-03-22,2026-08-05,112,5695,2177,137,0.817518,0.739886,0.767145,0.349328,,,,,,,,GLOBAL_BASELINE_NO_ENTITY_RANKING,,,NOT_APPLICABLE_GLOBAL_BASELINE,HF9g-P5,,,,X 全窗基线 · 不参与实体赏罚,14195772,1420,A168_HF9F_20260827_0900,2026-08-27 09:00:00
2026-05-15,110249610,1646,0,258.6658639105,75.2583871292,75.2583871292,0.7272727,12,12,0.50106520000000000,0.501065200000,1.5004943905143497,1.5004943905143497,1.5004943905143497,0E-17,ELIGIBLE,R03b_20260811_FULL_v1,L1_ELIGIBILITY,v2026-08-11,2026-03-21..2026-08-06,baccarat_bet02_101_all_pairs_incl_sentinel,round_win = game_pnl > 0 (decisive only),COMPATIBILITY_ONLY_NOT_PRODUCTION,296357.1217,267511.9505,6650.6079,18220,18206,-0.02244119,-0.04150452,-0.02020951,-0.02244119,-6650.6079,296357.1217,OK,0.0000,266.0243,4.0000,96.0000,AG03-UNRESOLVED,ALL5_LEVELS_bet23_to_bet27,266.0243,266.0243,266.0243,332.5304,332.5304,4.000000,4.000000,4.000000,5.000000,5.000000,96.000000,96.000000,96.000000,95.000000,95.000000,5.0,1463.1337,1340.2688,5187.4742,5310.3391,PENDING_AG03,FALSE,NOT_FOR_ENFORCEMENT,6384.5836,256811.4724,6650.6079,6384.5836,266.0243,0.02244119,0.02154355,266.0243,6384.5836,0.02154355,266.0243,266.0243,266.0243,332.5304,332.5304,6384.5836,0.02154355,1463.1337,1340.2688,5187.4742,5310.3391,0.01750413,0.01791872,0.00089765,16.2655,14.6936,0.3653,59.3804,1.1678,2646.0457,162.5536,12.4780,16.8648,9.0895,16.5695,22.0926,29.825,33.4482,44.5976,11.8163,0.0,2.018664,2.691552,0.981654,30,240,141,4,0.10479828,0.02244119,0.04150452,0E-8,0.000000,0.902668,0.011910,-0.02129501,2026-03-22,2026-08-05,112,5695,2177,137,0.817518,0.739886,0.767145,0.349328,,,,,,,,GLOBAL_BASELINE_NO_ENTITY_RANKING,,,NOT_APPLICABLE_GLOBAL_BASELINE,HF9g-P5,,,,X 全窗基线 · 不参与实体赏罚,14195773,1420,A168_HF9F_20260827_0900,2026-08-27 09:00:00
2026-05-15,110249610,1703,0,93.6548817607,4.7384910415,4.7384910415,0.5000000,6,6,0.49994810000000000,0.499948100000,0.00025425703667063243,0.00025425703667063243,0.00025425703667063243,0E-17,ELIGIBLE,R03b_20260811_FULL_v1,L1_ELIGIBILITY,v2026-08-11,2026-03-21..2026-08-06,baccarat_bet02_101_all_pairs_incl_sentinel,round_win = game_pnl > 0 (decisive only),COMPATIBILITY_ONLY_NOT_PRODUCTION,296357.1217,267511.9505,6650.6079,18220,18206,-0.02244119,-0.04150452,-0.02020951,-0.02244119,-6650.6079,296357.1217,OK,0.0000,266.0243,4.0000,96.0000,AG03-UNRESOLVED,ALL5_LEVELS_bet23_to_bet27,266.0243,266.0243,266.0243,332.5304,332.5304,4.000000,4.000000,4.000000,5.000000,5.000000,96.000000,96.000000,96.000000,95.000000,95.000000,5.0,1463.1337,1340.2688,5187.4742,5310.3391,PENDING_AG03,FALSE,NOT_FOR_ENFORCEMENT,6384.5836,256811.4724,6650.6079,6384.5836,266.0243,0.02244119,0.02154355,266.0243,6384.5836,0.02154355,266.0243,266.0243,266.0243,332.5304,332.5304,6384.5836,0.02154355,1463.1337,1340.2688,5187.4742,5310.3391,0.01750413,0.01791872,0.00089765,16.2655,14.6936,0.3653,59.3804,1.1678,2646.0457,162.5536,12.4780,16.8648,9.0895,16.5695,22.0926,29.825,33.4482,44.5976,11.8163,0.0,2.018664,2.691552,0.981654,30,240,141,4,0.10479828,0.02244119,0.04150452,0E-8,0.000000,0.902668,0.011910,-0.02129501,2026-03-22,2026-08-05,112,5695,2177,137,0.817518,0.739886,0.767145,0.349328,,,,,,,,GLOBAL_BASELINE_NO_ENTITY_RANKING,,,NOT_APPLICABLE_GLOBAL_BASELINE,HF9g-P5,,,,X 全窗基线 · 不参与实体赏罚,14195774,1420,A168_HF9F_20260827_0900,2026-08-27 09:00:00
2026-05-15,110249610,1704,0,353.9931542741,88.3589211850,88.3589211850,0.6428571,14,14,0.49707555714285714,0.497075557143,1.090948154622409,1.0909481546213382,1.090948154622409,-1.4286E-13,ELIGIBLE,R03b_20260811_FULL_v1,L1_ELIGIBILITY,v2026-08-11,2026-03-21..2026-08-06,baccarat_bet02_101_all_pairs_incl_sentinel,round_win = game_pnl > 0 (decisive only),COMPATIBILITY_ONLY_NOT_PRODUCTION,296357.1217,267511.9505,6650.6079,18220,18206,-0.02244119,-0.04150452,-0.02020951,-0.02244119,-6650.6079,296357.1217,OK,0.0000,266.0243,4.0000,96.0000,AG03-UNRESOLVED,ALL5_LEVELS_bet23_to_bet27,266.0243,266.0243,266.0243,332.5304,332.5304,4.000000,4.000000,4.000000,5.000000,5.000000,96.000000,96.000000,96.000000,95.000000,95.000000,5.0,1463.1337,1340.2688,5187.4742,5310.3391,PENDING_AG03,FALSE,NOT_FOR_ENFORCEMENT,6384.5836,256811.4724,6650.6079,6384.5836,266.0243,0.02244119,0.02154355,266.0243,6384.5836,0.02154355,266.0243,266.0243,266.0243,332.5304,332.5304,6384.5836,0.02154355,1463.1337,1340.2688,5187.4742,5310.3391,0.01750413,0.01791872,0.00089765,16.2655,14.6936,0.3653,59.3804,1.1678,2646.0457,162.5536,12.4780,16.8648,9.0895,16.5695,22.0926,29.825,33.4482,44.5976,11.8163,0.0,2.018664,2.691552,0.981654,30,240,141,4,0.10479828,0.02244119,0.04150452,0E-8,0.000000,0.902668,0.011910,-0.02129501,2026-03-22,2026-08-05,112,5695,2177,137,0.817518,0.739886,0.767145,0.349328,,,,,,,,GLOBAL_BASELINE_NO_ENTITY_RANKING,,,NOT_APPLICABLE_GLOBAL_BASELINE,HF9g-P5,,,,X 全窗基线 · 不参与实体赏罚,14195775,1420,A168_HF9F_20260827_0900,2026-08-27 09:00:00
2026-05-15,110249610,1710,0,16.7240860287,-16.7240860287,-16.7240860287,0E-7,1,1,0.49324550000000000,0.493245500000,-0.9865810262130424,-0.9865810262130424,-0.9865810262130424,0E-17,ELIGIBLE,R03b_20260811_FULL_v1,L1_ELIGIBILITY,v2026-08-11,2026-03-21..2026-08-06,baccarat_bet02_101_all_pairs_incl_sentinel,round_win = game_pnl > 0 (decisive only),COMPATIBILITY_ONLY_NOT_PRODUCTION,296357.1217,267511.9505,6650.6079,18220,18206,-0.02244119,-0.04150452,-0.02020951,-0.02244119,-6650.6079,296357.1217,OK,0.0000,266.0243,4.0000,96.0000,AG03-UNRESOLVED,ALL5_LEVELS_bet23_to_bet27,266.0243,266.0243,266.0243,332.5304,332.5304,4.000000,4.000000,4.000000,5.000000,5.000000,96.000000,96.000000,96.000000,95.000000,95.000000,5.0,1463.1337,1340.2688,5187.4742,5310.3391,PENDING_AG03,FALSE,NOT_FOR_ENFORCEMENT,6384.5836,256811.4724,6650.6079,6384.5836,266.0243,0.02244119,0.02154355,266.0243,6384.5836,0.02154355,266.0243,266.0243,266.0243,332.5304,332.5304,6384.5836,0.02154355,1463.1337,1340.2688,5187.4742,5310.3391,0.01750413,0.01791872,0.00089765,16.2655,14.6936,0.3653,59.3804,1.1678,2646.0457,162.5536,12.4780,16.8648,9.0895,16.5695,22.0926,29.825,33.4482,44.5976,11.8163,0.0,2.018664,2.691552,0.981654,30,240,141,4,0.10479828,0.02244119,0.04150452,0E-8,0.000000,0.902668,0.011910,-0.02129501,2026-03-22,2026-08-05,112,5695,2177,137,0.817518,0.739886,0.767145,0.349328,,,,,,,,GLOBAL_BASELINE_NO_ENTITY_RANKING,,,NOT_APPLICABLE_GLOBAL_BASELINE,HF9g-P5,,,,X 全窗基线 · 不参与实体赏罚,14195776,1420,A168_HF9F_20260827_0900,2026-08-27 09:00:00
2026-05-15,110249610,1935,0,281.5221148164,-26.7585376458,-26.7585376458,0.5454545,13,13,0.50561953076923077,0.505619530769,0.2642522846984756,0.2642522847000051,0.2642522846984756,2.3077E-13,ELIGIBLE,R03b_20260811_FULL_v1,L1_ELIGIBILITY,v2026-08-11,2026-03-21..2026-08-06,baccarat_bet02_101_all_pairs_incl_sentinel,round_win = game_pnl > 0 (decisive only),COMPATIBILITY_ONLY_NOT_PRODUCTION,296357.1217,267511.9505,6650.6079,18220,18206,-0.02244119,-0.04150452,-0.02020951,-0.02244119,-6650.6079,296357.1217,OK,0.0000,266.0243,4.0000,96.0000,AG03-UNRESOLVED,ALL5_LEVELS_bet23_to_bet27,266.0243,266.0243,266.0243,332.5304,332.5304,4.000000,4.000000,4.000000,5.000000,5.000000,96.000000,96.000000,96.000000,95.000000,95.000000,5.0,1463.1337,1340.2688,5187.4742,5310.3391,PENDING_AG03,FALSE,NOT_FOR_ENFORCEMENT,6384.5836,256811.4724,6650.6079,6384.5836,266.0243,0.02244119,0.02154355,266.0243,6384.5836,0.02154355,266.0243,266.0243,266.0243,332.5304,332.5304,6384.5836,0.02154355,1463.1337,1340.2688,5187.4742,5310.3391,0.01750413,0.01791872,0.00089765,16.2655,14.6936,0.3653,59.3804,1.1678,2646.0457,162.5536,12.4780,16.8648,9.0895,16.5695,22.0926,29.825,33.4482,44.5976,11.8163,0.0,2.018664,2.691552,0.981654,30,240,141,4,0.10479828,0.02244119,0.04150452,0E-8,0.000000,0.902668,0.011910,-0.02129501,2026-03-22,2026-08-05,112,5695,2177,137,0.817518,0.739886,0.767145,0.349328,,,,,,,,GLOBAL_BASELINE_NO_ENTITY_RANKING,,,NOT_APPLICABLE_GLOBAL_BASELINE,HF9g-P5,,,,X 全窗基线 · 不参与实体赏罚,14195777,1420,A168_HF9F_20260827_0900,2026-08-27 09:00:00
2026-05-15,110249610,1941,0,2.2298781372,-2.2298781372,-2.2298781372,0E-7,1,1,0.49324550000000000,0.493245500000,-0.9865810262130424,-0.9865810262130424,-0.9865810262130424,0E-17,ELIGIBLE,R03b_20260811_FULL_v1,L1_ELIGIBILITY,v2026-08-11,2026-03-21..2026-08-06,baccarat_bet02_101_all_pairs_incl_sentinel,round_win = game_pnl > 0 (decisive only),COMPATIBILITY_ONLY_NOT_PRODUCTION,296357.1217,267511.9505,6650.6079,18220,18206,-0.02244119,-0.04150452,-0.02020951,-0.02244119,-6650.6079,296357.1217,OK,0.0000,266.0243,4.0000,96.0000,AG03-UNRESOLVED,ALL5_LEVELS_bet23_to_bet27,266.0243,266.0243,266.0243,332.5304,332.5304,4.000000,4.000000,4.000000,5.000000,5.000000,96.000000,96.000000,96.000000,95.000000,95.000000,5.0,1463.1337,1340.2688,5187.4742,5310.3391,PENDING_AG03,FALSE,NOT_FOR_ENFORCEMENT,6384.5836,256811.4724,6650.6079,6384.5836,266.0243,0.02244119,0.02154355,266.0243,6384.5836,0.02154355,266.0243,266.0243,266.0243,332.5304,332.5304,6384.5836,0.02154355,1463.1337,1340.2688,5187.4742,5310.3391,0.01750413,0.01791872,0.00089765,16.2655,14.6936,0.3653,59.3804,1.1678,2646.0457,162.5536,12.4780,16.8648,9.0895,16.5695,22.0926,29.825,33.4482,44.5976,11.8163,0.0,2.018664,2.691552,0.981654,30,240,141,4,0.10479828,0.02244119,0.04150452,0E-8,0.000000,0.902668,0.011910,-0.02129501,2026-03-22,2026-08-05,112,5695,2177,137,0.817518,0.739886,0.767145,0.349328,,,,,,,,GLOBAL_BASELINE_NO_ENTITY_RANKING,,,NOT_APPLICABLE_GLOBAL_BASELINE,HF9g-P5,,,,X 全窗基线 · 不参与实体赏罚,14195778,1420,A168_HF9F_20260827_0900,2026-08-27 09:00:00
2026-05-15,110249610,1947,0,206.2637276873,-0.5574695343,-0.5574695343,0.5555556,10,10,0.49726706000000000,0.497267060000,0.3497361977044266,0.3497361977044266,0.3497361977044266,0E-17,ELIGIBLE,R03b_20260811_FULL_v1,L1_ELIGIBILITY,v2026-08-11,2026-03-21..2026-08-06,baccarat_bet02_101_all_pairs_incl_sentinel,round_win = game_pnl > 0 (decisive only),COMPATIBILITY_ONLY_NOT_PRODUCTION,296357.1217,267511.9505,6650.6079,18220,18206,-0.02244119,-0.04150452,-0.02020951,-0.02244119,-6650.6079,296357.1217,OK,0.0000,266.0243,4.0000,96.0000,AG03-UNRESOLVED,ALL5_LEVELS_bet23_to_bet27,266.0243,266.0243,266.0243,332.5304,332.5304,4.000000,4.000000,4.000000,5.000000,5.000000,96.000000,96.000000,96.000000,95.000000,95.000000,5.0,1463.1337,1340.2688,5187.4742,5310.3391,PENDING_AG03,FALSE,NOT_FOR_ENFORCEMENT,6384.5836,256811.4724,6650.6079,6384.5836,266.0243,0.02244119,0.02154355,266.0243,6384.5836,0.02154355,266.0243,266.0243,266.0243,332.5304,332.5304,6384.5836,0.02154355,1463.1337,1340.2688,5187.4742,5310.3391,0.01750413,0.01791872,0.00089765,16.2655,14.6936,0.3653,59.3804,1.1678,2646.0457,162.5536,12.4780,16.8648,9.0895,16.5695,22.0926,29.825,33.4482,44.5976,11.8163,0.0,2.018664,2.691552,0.981654,30,240,141,4,0.10479828,0.02244119,0.04150452,0E-8,0.000000,0.902668,0.011910,-0.02129501,2026-03-22,2026-08-05,112,5695,2177,137,0.817518,0.739886,0.767145,0.349328,,,,,,,,GLOBAL_BASELINE_NO_ENTITY_RANKING,,,NOT_APPLICABLE_GLOBAL_BASELINE,HF9g-P5,,,,X 全窗基线 · 不参与实体赏罚,14195779,1420,A168_HF9F_20260827_0900,2026-08-27 09:00:00
2026-05-15,110249610,1951,0,74.7009175948,-30.6608243859,-30.6608243859,0.5000000,4,4,0.49994810000000000,0.499948100000,0.00020760000111838688,0.00020760000111838688,0.00020760000111838688,0E-17,ELIGIBLE,R03b_20260811_FULL_v1,L1_ELIGIBILITY,v2026-08-11,2026-03-21..2026-08-06,baccarat_bet02_101_all_pairs_incl_sentinel,round_win = game_pnl > 0 (decisive only),COMPATIBILITY_ONLY_NOT_PRODUCTION,296357.1217,267511.9505,6650.6079,18220,18206,-0.02244119,-0.04150452,-0.02020951,-0.02244119,-6650.6079,296357.1217,OK,0.0000,266.0243,4.0000,96.0000,AG03-UNRESOLVED,ALL5_LEVELS_bet23_to_bet27,266.0243,266.0243,266.0243,332.5304,332.5304,4.000000,4.000000,4.000000,5.000000,5.000000,96.000000,96.000000,96.000000,95.000000,95.000000,5.0,1463.1337,1340.2688,5187.4742,5310.3391,PENDING_AG03,FALSE,NOT_FOR_ENFORCEMENT,6384.5836,256811.4724,6650.6079,6384.5836,266.0243,0.02244119,0.02154355,266.0243,6384.5836,0.02154355,266.0243,266.0243,266.0243,332.5304,332.5304,6384.5836,0.02154355,1463.1337,1340.2688,5187.4742,5310.3391,0.01750413,0.01791872,0.00089765,16.2655,14.6936,0.3653,59.3804,1.1678,2646.0457,162.5536,12.4780,16.8648,9.0895,16.5695,22.0926,29.825,33.4482,44.5976,11.8163,0.0,2.018664,2.691552,0.981654,30,240,141,4,0.10479828,0.02244119,0.04150452,0E-8,0.000000,0.902668,0.011910,-0.02129501,2026-03-22,2026-08-05,112,5695,2177,137,0.817518,0.739886,0.767145,0.349328,,,,,,,,GLOBAL_BASELINE_NO_ENTITY_RANKING,,,NOT_APPLICABLE_GLOBAL_BASELINE,HF9g-P5,,,,X 全窗基线 · 不参与实体赏罚,14195780,1420,A168_HF9F_20260827_0900,2026-08-27 09:00:00
2026-05-15,110249610,1985,0,464.9295915978,47.0504286942,47.0504286942,0.6000000,20,20,0.49860758000000000,0.498607580000,0.9068848906971892,0.9068848906971892,0.9068848906971892,0E-17,ELIGIBLE,R03b_20260811_FULL_v1,L1_ELIGIBILITY,v2026-08-11,2026-03-21..2026-08-06,baccarat_bet02_101_all_pairs_incl_sentinel,round_win = game_pnl > 0 (decisive only),COMPATIBILITY_ONLY_NOT_PRODUCTION,296357.1217,267511.9505,6650.6079,18220,18206,-0.02244119,-0.04150452,-0.02020951,-0.02244119,-6650.6079,296357.1217,OK,0.0000,266.0243,4.0000,96.0000,AG03-UNRESOLVED,ALL5_LEVELS_bet23_to_bet27,266.0243,266.0243,266.0243,332.5304,332.5304,4.000000,4.000000,4.000000,5.000000,5.000000,96.000000,96.000000,96.000000,95.000000,95.000000,5.0,1463.1337,1340.2688,5187.4742,5310.3391,PENDING_AG03,FALSE,NOT_FOR_ENFORCEMENT,6384.5836,256811.4724,6650.6079,6384.5836,266.0243,0.02244119,0.02154355,266.0243,6384.5836,0.02154355,266.0243,266.0243,266.0243,332.5304,332.5304,6384.5836,0.02154355,1463.1337,1340.2688,5187.4742,5310.3391,0.01750413,0.01791872,0.00089765,16.2655,14.6936,0.3653,59.3804,1.1678,2646.0457,162.5536,12.4780,16.8648,9.0895,16.5695,22.0926,29.825,33.4482,44.5976,11.8163,0.0,2.018664,2.691552,0.981654,30,240,141,4,0.10479828,0.02244119,0.04150452,0E-8,0.000000,0.902668,0.011910,-0.02129501,2026-03-22,2026-08-05,112,5695,2177,137,0.817518,0.739886,0.767145,0.349328,,,,,,,,GLOBAL_BASELINE_NO_ENTITY_RANKING,,,NOT_APPLICABLE_GLOBAL_BASELINE,HF9g-P5,,,,X 全窗基线 · 不参与实体赏罚,14195781,1420,A168_HF9F_20260827_0900,2026-08-27 09:00:00
2026-05-15,110249610,2093,0,111.9398824854,10.7034150584,10.7034150584,0.5000000,6,6,0.49547970000000000,0.495479700000,0.022145762000773162,0.022145762000773162,0.022145762000773162,0E-17,ELIGIBLE,R03b_20260811_FULL_v1,L1_ELIGIBILITY,v2026-08-11,2026-03-21..2026-08-06,baccarat_bet02_101_all_pairs_incl_sentinel,round_win = game_pnl > 0 (decisive only),COMPATIBILITY_ONLY_NOT_PRODUCTION,296357.1217,267511.9505,6650.6079,18220,18206,-0.02244119,-0.04150452,-0.02020951,-0.02244119,-6650.6079,296357.1217,OK,0.0000,266.0243,4.0000,96.0000,AG03-UNRESOLVED,ALL5_LEVELS_bet23_to_bet27,266.0243,266.0243,266.0243,332.5304,332.5304,4.000000,4.000000,4.000000,5.000000,5.000000,96.000000,96.000000,96.000000,95.000000,95.000000,5.0,1463.1337,1340.2688,5187.4742,5310.3391,PENDING_AG03,FALSE,NOT_FOR_ENFORCEMENT,6384.5836,256811.4724,6650.6079,6384.5836,266.0243,0.02244119,0.02154355,266.0243,6384.5836,0.02154355,266.0243,266.0243,266.0243,332.5304,332.5304,6384.5836,0.02154355,1463.1337,1340.2688,5187.4742,5310.3391,0.01750413,0.01791872,0.00089765,16.2655,14.6936,0.3653,59.3804,1.1678,2646.0457,162.5536,12.4780,16.8648,9.0895,16.5695,22.0926,29.825,33.4482,44.5976,11.8163,0.0,2.018664,2.691552,0.981654,30,240,141,4,0.10479828,0.02244119,0.04150452,0E-8,0.000000,0.902668,0.011910,-0.02129501,2026-03-22,2026-08-05,112,5695,2177,137,0.817518,0.739886,0.767145,0.349328,,,,,,,,GLOBAL_BASELINE_NO_ENTITY_RANKING,,,NOT_APPLICABLE_GLOBAL_BASELINE,HF9g-P5,,,,X 全窗基线 · 不参与实体赏罚,14195782,1420,A168_HF9F_20260827_0900,2026-08-27 09:00:00
2026-05-15,110249610,2103,0,295.4588531737,16.7240860287,16.7240860287,0.5384615,13,13,0.49324550000000000,0.493245500000,0.32608724598356864,0.3260872459835686,0.32608724598356864,0E-17,ELIGIBLE,R03b_20260811_FULL_v1,L1_ELIGIBILITY,v2026-08-11,2026-03-21..2026-08-06,baccarat_bet02_101_all_pairs_incl_sentinel,round_win = game_pnl > 0 (decisive only),COMPATIBILITY_ONLY_NOT_PRODUCTION,296357.1217,267511.9505,6650.6079,18220,18206,-0.02244119,-0.04150452,-0.02020951,-0.02244119,-6650.6079,296357.1217,OK,0.0000,266.0243,4.0000,96.0000,AG03-UNRESOLVED,ALL5_LEVELS_bet23_to_bet27,266.0243,266.0243,266.0243,332.5304,332.5304,4.000000,4.000000,4.000000,5.000000,5.000000,96.000000,96.000000,96.000000,95.000000,95.000000,5.0,1463.1337,1340.2688,5187.4742,5310.3391,PENDING_AG03,FALSE,NOT_FOR_ENFORCEMENT,6384.5836,256811.4724,6650.6079,6384.5836,266.0243,0.02244119,0.02154355,266.0243,6384.5836,0.02154355,266.0243,266.0243,266.0243,332.5304,332.5304,6384.5836,0.02154355,1463.1337,1340.2688,5187.4742,5310.3391,0.01750413,0.01791872,0.00089765,16.2655,14.6936,0.3653,59.3804,1.1678,2646.0457,162.5536,12.4780,16.8648,9.0895,16.5695,22.0926,29.825,33.4482,44.5976,11.8163,0.0,2.018664,2.691552,0.981654,30,240,141,4,0.10479828,0.02244119,0.04150452,0E-8,0.000000,0.902668,0.011910,-0.02129501,2026-03-22,2026-08-05,112,5695,2177,137,0.817518,0.739886,0.767145,0.349328,,,,,,,,GLOBAL_BASELINE_NO_ENTITY_RANKING,,,NOT_APPLICABLE_GLOBAL_BASELINE,HF9g-P5,,,,X 全窗基线 · 不参与实体赏罚,14195783,1420,A168_HF9F_20260827_0900,2026-08-27 09:00:00
2026-05-15,110249610,2117,0,152.7466523954,28.9884157831,28.9884157831,0.6000000,6,6,0.49547970000000000,0.495479700000,0.4674480948863271,0.4674480948863271,0.4674480948863271,0E-17,ELIGIBLE,R03b_20260811_FULL_v1,L1_ELIGIBILITY,v2026-08-11,2026-03-21..2026-08-06,baccarat_bet02_101_all_pairs_incl_sentinel,round_win = game_pnl > 0 (decisive only),COMPATIBILITY_ONLY_NOT_PRODUCTION,296357.1217,267511.9505,6650.6079,18220,18206,-0.02244119,-0.04150452,-0.02020951,-0.02244119,-6650.6079,296357.1217,OK,0.0000,266.0243,4.0000,96.0000,AG03-UNRESOLVED,ALL5_LEVELS_bet23_to_bet27,266.0243,266.0243,266.0243,332.5304,332.5304,4.000000,4.000000,4.000000,5.000000,5.000000,96.000000,96.000000,96.000000,95.000000,95.000000,5.0,1463.1337,1340.2688,5187.4742,5310.3391,PENDING_AG03,FALSE,NOT_FOR_ENFORCEMENT,6384.5836,256811.4724,6650.6079,6384.5836,266.0243,0.02244119,0.02154355,266.0243,6384.5836,0.02154355,266.0243,266.0243,266.0243,332.5304,332.5304,6384.5836,0.02154355,1463.1337,1340.2688,5187.4742,5310.3391,0.01750413,0.01791872,0.00089765,16.2655,14.6936,0.3653,59.3804,1.1678,2646.0457,162.5536,12.4780,16.8648,9.0895,16.5695,22.0926,29.825,33.4482,44.5976,11.8163,0.0,2.018664,2.691552,0.981654,30,240,141,4,0.10479828,0.02244119,0.04150452,0E-8,0.000000,0.902668,0.011910,-0.02129501,2026-03-22,2026-08-05,112,5695,2177,137,0.817518,0.739886,0.767145,0.349328,,,,,,,,GLOBAL_BASELINE_NO_ENTITY_RANKING,,,NOT_APPLICABLE_GLOBAL_BASELINE,HF9g-P5,,,,X 全窗基线 · 不参与实体赏罚,14195784,1420,A168_HF9F_20260827_0900,2026-08-27 09:00:00
2026-05-15,110249610,2127,0,60.2067097033,15.6091469601,15.6091469601,0.6666667,3,3,0.49324550000000000,0.493245500000,0.6008033672792107,0.6008033672792106,0.6008033672792107,0E-17,ELIGIBLE,R03b_20260811_FULL_v1,L1_ELIGIBILITY,v2026-08-11,2026-03-21..2026-08-06,baccarat_bet02_101_all_pairs_incl_sentinel,round_win = game_pnl > 0 (decisive only),COMPATIBILITY_ONLY_NOT_PRODUCTION,296357.1217,267511.9505,6650.6079,18220,18206,-0.02244119,-0.04150452,-0.02020951,-0.02244119,-6650.6079,296357.1217,OK,0.0000,266.0243,4.0000,96.0000,AG03-UNRESOLVED,ALL5_LEVELS_bet23_to_bet27,266.0243,266.0243,266.0243,332.5304,332.5304,4.000000,4.000000,4.000000,5.000000,5.000000,96.000000,96.000000,96.000000,95.000000,95.000000,5.0,1463.1337,1340.2688,5187.4742,5310.3391,PENDING_AG03,FALSE,NOT_FOR_ENFORCEMENT,6384.5836,256811.4724,6650.6079,6384.5836,266.0243,0.02244119,0.02154355,266.0243,6384.5836,0.02154355,266.0243,266.0243,266.0243,332.5304,332.5304,6384.5836,0.02154355,1463.1337,1340.2688,5187.4742,5310.3391,0.01750413,0.01791872,0.00089765,16.2655,14.6936,0.3653,59.3804,1.1678,2646.0457,162.5536,12.4780,16.8648,9.0895,16.5695,22.0926,29.825,33.4482,44.5976,11.8163,0.0,2.018664,2.691552,0.981654,30,240,141,4,0.10479828,0.02244119,0.04150452,0E-8,0.000000,0.902668,0.011910,-0.02129501,2026-03-22,2026-08-05,112,5695,2177,137,0.817518,0.739886,0.767145,0.349328,,,,,,,,GLOBAL_BASELINE_NO_ENTITY_RANKING,,,NOT_APPLICABLE_GLOBAL_BASELINE,HF9g-P5,,,,X 全窗基线 · 不参与实体赏罚,14195785,1420,A168_HF9F_20260827_0900,2026-08-27 09:00:00
2026-05-15,110249610,2130,0,16.7240860287,-16.7240860287,-16.7240860287,0E-7,1,1,0.49324550000000000,0.493245500000,-0.9865810262130424,-0.9865810262130424,-0.9865810262130424,0E-17,ELIGIBLE,R03b_20260811_FULL_v1,L1_ELIGIBILITY,v2026-08-11,2026-03-21..2026-08-06,baccarat_bet02_101_all_pairs_incl_sentinel,round_win = game_pnl > 0 (decisive only),COMPATIBILITY_ONLY_NOT_PRODUCTION,296357.1217,267511.9505,6650.6079,18220,18206,-0.02244119,-0.04150452,-0.02020951,-0.02244119,-6650.6079,296357.1217,OK,0.0000,266.0243,4.0000,96.0000,AG03-UNRESOLVED,ALL5_LEVELS_bet23_to_bet27,266.0243,266.0243,266.0243,332.5304,332.5304,4.000000,4.000000,4.000000,5.000000,5.000000,96.000000,96.000000,96.000000,95.000000,95.000000,5.0,1463.1337,1340.2688,5187.4742,5310.3391,PENDING_AG03,FALSE,NOT_FOR_ENFORCEMENT,6384.5836,256811.4724,6650.6079,6384.5836,266.0243,0.02244119,0.02154355,266.0243,6384.5836,0.02154355,266.0243,266.0243,266.0243,332.5304,332.5304,6384.5836,0.02154355,1463.1337,1340.2688,5187.4742,5310.3391,0.01750413,0.01791872,0.00089765,16.2655,14.6936,0.3653,59.3804,1.1678,2646.0457,162.5536,12.4780,16.8648,9.0895,16.5695,22.0926,29.825,33.4482,44.5976,11.8163,0.0,2.018664,2.691552,0.981654,30,240,141,4,0.10479828,0.02244119,0.04150452,0E-8,0.000000,0.902668,0.011910,-0.02129501,2026-03-22,2026-08-05,112,5695,2177,137,0.817518,0.739886,0.767145,0.349328,,,,,,,,GLOBAL_BASELINE_NO_ENTITY_RANKING,,,NOT_APPLICABLE_GLOBAL_BASELINE,HF9g-P5,,,,X 全窗基线 · 不参与实体赏罚,14195786,1420,A168_HF9F_20260827_0900,2026-08-27 09:00:00
2026-05-15,110249610,2142,0,266.4704373907,25.1976229500,25.1976229500,0.5833333,12,12,0.49994810000000000,0.499948100000,0.577709846049527,0.577709846049527,0.577709846049527,0E-17,ELIGIBLE,R03b_20260811_FULL_v1,L1_ELIGIBILITY,v2026-08-11,2026-03-21..2026-08-06,baccarat_bet02_101_all_pairs_incl_sentinel,round_win = game_pnl > 0 (decisive only),COMPATIBILITY_ONLY_NOT_PRODUCTION,296357.1217,267511.9505,6650.6079,18220,18206,-0.02244119,-0.04150452,-0.02020951,-0.02244119,-6650.6079,296357.1217,OK,0.0000,266.0243,4.0000,96.0000,AG03-UNRESOLVED,ALL5_LEVELS_bet23_to_bet27,266.0243,266.0243,266.0243,332.5304,332.5304,4.000000,4.000000,4.000000,5.000000,5.000000,96.000000,96.000000,96.000000,95.000000,95.000000,5.0,1463.1337,1340.2688,5187.4742,5310.3391,PENDING_AG03,FALSE,NOT_FOR_ENFORCEMENT,6384.5836,256811.4724,6650.6079,6384.5836,266.0243,0.02244119,0.02154355,266.0243,6384.5836,0.02154355,266.0243,266.0243,266.0243,332.5304,332.5304,6384.5836,0.02154355,1463.1337,1340.2688,5187.4742,5310.3391,0.01750413,0.01791872,0.00089765,16.2655,14.6936,0.3653,59.3804,1.1678,2646.0457,162.5536,12.4780,16.8648,9.0895,16.5695,22.0926,29.825,33.4482,44.5976,11.8163,0.0,2.018664,2.691552,0.981654,30,240,141,4,0.10479828,0.02244119,0.04150452,0E-8,0.000000,0.902668,0.011910,-0.02129501,2026-03-22,2026-08-05,112,5695,2177,137,0.817518,0.739886,0.767145,0.349328,,,,,,,,GLOBAL_BASELINE_NO_ENTITY_RANKING,,,NOT_APPLICABLE_GLOBAL_BASELINE,HF9g-P5,,,,X 全窗基线 · 不参与实体赏罚,14195787,1420,A168_HF9F_20260827_0900,2026-08-27 09:00:00
2026-05-15,110249610,2147,0,146.0570179841,-36.7929892632,-36.7929892632,0.5000000,7,7,0.50665070000000000,0.506650700000,-0.02660515369234503,-0.02660515369234503,-0.02660515369234503,0E-17,ELIGIBLE,R03b_20260811_FULL_v1,L1_ELIGIBILITY,v2026-08-11,2026-03-21..2026-08-06,baccarat_bet02_101_all_pairs_incl_sentinel,round_win = game_pnl > 0 (decisive only),COMPATIBILITY_ONLY_NOT_PRODUCTION,296357.1217,267511.9505,6650.6079,18220,18206,-0.02244119,-0.04150452,-0.02020951,-0.02244119,-6650.6079,296357.1217,OK,0.0000,266.0243,4.0000,96.0000,AG03-UNRESOLVED,ALL5_LEVELS_bet23_to_bet27,266.0243,266.0243,266.0243,332.5304,332.5304,4.000000,4.000000,4.000000,5.000000,5.000000,96.000000,96.000000,96.000000,95.000000,95.000000,5.0,1463.1337,1340.2688,5187.4742,5310.3391,PENDING_AG03,FALSE,NOT_FOR_ENFORCEMENT,6384.5836,256811.4724,6650.6079,6384.5836,266.0243,0.02244119,0.02154355,266.0243,6384.5836,0.02154355,266.0243,266.0243,266.0243,332.5304,332.5304,6384.5836,0.02154355,1463.1337,1340.2688,5187.4742,5310.3391,0.01750413,0.01791872,0.00089765,16.2655,14.6936,0.3653,59.3804,1.1678,2646.0457,162.5536,12.4780,16.8648,9.0895,16.5695,22.0926,29.825,33.4482,44.5976,11.8163,0.0,2.018664,2.691552,0.981654,30,240,141,4,0.10479828,0.02244119,0.04150452,0E-8,0.000000,0.902668,0.011910,-0.02129501,2026-03-22,2026-08-05,112,5695,2177,137,0.817518,0.739886,0.767145,0.349328,,,,,,,,GLOBAL_BASELINE_NO_ENTITY_RANKING,,,NOT_APPLICABLE_GLOBAL_BASELINE,HF9g-P5,,,,X 全窗基线 · 不参与实体赏罚,14195788,1420,A168_HF9F_20260827_0900,2026-08-27 09:00:00
2026-05-15,110249610,2155,0,177.2753119042,63.0498043283,63.0498043283,0.7500000,9,9,0.49920336666666667,0.499203366667,1.4187218017428957,1.4187218017410088,1.4187218017428957,-3.3333E-13,ELIGIBLE,R03b_20260811_FULL_v1,L1_ELIGIBILITY,v2026-08-11,2026-03-21..2026-08-06,baccarat_bet02_101_all_pairs_incl_sentinel,round_win = game_pnl > 0 (decisive only),COMPATIBILITY_ONLY_NOT_PRODUCTION,296357.1217,267511.9505,6650.6079,18220,18206,-0.02244119,-0.04150452,-0.02020951,-0.02244119,-6650.6079,296357.1217,OK,0.0000,266.0243,4.0000,96.0000,AG03-UNRESOLVED,ALL5_LEVELS_bet23_to_bet27,266.0243,266.0243,266.0243,332.5304,332.5304,4.000000,4.000000,4.000000,5.000000,5.000000,96.000000,96.000000,96.000000,95.000000,95.000000,5.0,1463.1337,1340.2688,5187.4742,5310.3391,PENDING_AG03,FALSE,NOT_FOR_ENFORCEMENT,6384.5836,256811.4724,6650.6079,6384.5836,266.0243,0.02244119,0.02154355,266.0243,6384.5836,0.02154355,266.0243,266.0243,266.0243,332.5304,332.5304,6384.5836,0.02154355,1463.1337,1340.2688,5187.4742,5310.3391,0.01750413,0.01791872,0.00089765,16.2655,14.6936,0.3653,59.3804,1.1678,2646.0457,162.5536,12.4780,16.8648,9.0895,16.5695,22.0926,29.825,33.4482,44.5976,11.8163,0.0,2.018664,2.691552,0.981654,30,240,141,4,0.10479828,0.02244119,0.04150452,0E-8,0.000000,0.902668,0.011910,-0.02129501,2026-03-22,2026-08-05,112,5695,2177,137,0.817518,0.739886,0.767145,0.349328,,,,,,,,GLOBAL_BASELINE_NO_ENTITY_RANKING,,,NOT_APPLICABLE_GLOBAL_BASELINE,HF9g-P5,,,,X 全窗基线 · 不参与实体赏罚,14195789,1420,A168_HF9F_20260827_0900,2026-08-27 09:00:00
2026-05-15,110249610,2156,0,1.1149390686,-1.1149390686,-1.1149390686,0E-7,1,1,0.49324550000000000,0.493245500000,-0.9865810262130424,-0.9865810262130424,-0.9865810262130424,0E-17,ELIGIBLE,R03b_20260811_FULL_v1,L1_ELIGIBILITY,v2026-08-11,2026-03-21..2026-08-06,baccarat_bet02_101_all_pairs_incl_sentinel,round_win = game_pnl > 0 (decisive only),COMPATIBILITY_ONLY_NOT_PRODUCTION,296357.1217,267511.9505,6650.6079,18220,18206,-0.02244119,-0.04150452,-0.02020951,-0.02244119,-6650.6079,296357.1217,OK,0.0000,266.0243,4.0000,96.0000,AG03-UNRESOLVED,ALL5_LEVELS_bet23_to_bet27,266.0243,266.0243,266.0243,332.5304,332.5304,4.000000,4.000000,4.000000,5.000000,5.000000,96.000000,96.000000,96.000000,95.000000,95.000000,5.0,1463.1337,1340.2688,5187.4742,5310.3391,PENDING_AG03,FALSE,NOT_FOR_ENFORCEMENT,6384.5836,256811.4724,6650.6079,6384.5836,266.0243,0.02244119,0.02154355,266.0243,6384.5836,0.02154355,266.0243,266.0243,266.0243,332.5304,332.5304,6384.5836,0.02154355,1463.1337,1340.2688,5187.4742,5310.3391,0.01750413,0.01791872,0.00089765,16.2655,14.6936,0.3653,59.3804,1.1678,2646.0457,162.5536,12.4780,16.8648,9.0895,16.5695,22.0926,29.825,33.4482,44.5976,11.8163,0.0,2.018664,2.691552,0.981654,30,240,141,4,0.10479828,0.02244119,0.04150452,0E-8,0.000000,0.902668,0.011910,-0.02129501,2026-03-22,2026-08-05,112,5695,2177,137,0.817518,0.739886,0.767145,0.349328,,,,,,,,GLOBAL_BASELINE_NO_ENTITY_RANKING,,,NOT_APPLICABLE_GLOBAL_BASELINE,HF9g-P5,,,,X 全窗基线 · 不参与实体赏罚,14195790,1420,A168_HF9F_20260827_0900,2026-08-27 09:00:00
2026-05-15,110249610,2169,0,171.1431470270,-6.4108996443,-6.4108996443,0.5000000,7,7,0.49899058571428571,0.498990585714,0.004945109955477372,0.0049451099568770685,0.004945109955477372,2.8571E-13,ELIGIBLE,R03b_20260811_FULL_v1,L1_ELIGIBILITY,v2026-08-11,2026-03-21..2026-08-06,baccarat_bet02_101_all_pairs_incl_sentinel,round_win = game_pnl > 0 (decisive only),COMPATIBILITY_ONLY_NOT_PRODUCTION,296357.1217,267511.9505,6650.6079,18220,18206,-0.02244119,-0.04150452,-0.02020951,-0.02244119,-6650.6079,296357.1217,OK,0.0000,266.0243,4.0000,96.0000,AG03-UNRESOLVED,ALL5_LEVELS_bet23_to_bet27,266.0243,266.0243,266.0243,332.5304,332.5304,4.000000,4.000000,4.000000,5.000000,5.000000,96.000000,96.000000,96.000000,95.000000,95.000000,5.0,1463.1337,1340.2688,5187.4742,5310.3391,PENDING_AG03,FALSE,NOT_FOR_ENFORCEMENT,6384.5836,256811.4724,6650.6079,6384.5836,266.0243,0.02244119,0.02154355,266.0243,6384.5836,0.02154355,266.0243,266.0243,266.0243,332.5304,332.5304,6384.5836,0.02154355,1463.1337,1340.2688,5187.4742,5310.3391,0.01750413,0.01791872,0.00089765,16.2655,14.6936,0.3653,59.3804,1.1678,2646.0457,162.5536,12.4780,16.8648,9.0895,16.5695,22.0926,29.825,33.4482,44.5976,11.8163,0.0,2.018664,2.691552,0.981654,30,240,141,4,0.10479828,0.02244119,0.04150452,0E-8,0.000000,0.902668,0.011910,-0.02129501,2026-03-22,2026-08-05,112,5695,2177,137,0.817518,0.739886,0.767145,0.349328,,,,,,,,GLOBAL_BASELINE_NO_ENTITY_RANKING,,,NOT_APPLICABLE_GLOBAL_BASELINE,HF9g-P5,,,,X 全窗基线 · 不参与实体赏罚,14195791,1420,A168_HF9F_20260827_0900,2026-08-27 09:00:00
2026-05-15,110249610,2170,0,2.2298781372,-2.2298781372,-2.2298781372,0E-7,1,1,0.50665070000000000,0.506650700000,-1.013391052207602,-1.013391052207602,-1.013391052207602,0E-17,ELIGIBLE,R03b_20260811_FULL_v1,L1_ELIGIBILITY,v2026-08-11,2026-03-21..2026-08-06,baccarat_bet02_101_all_pairs_incl_sentinel,round_win = game_pnl > 0 (decisive only),COMPATIBILITY_ONLY_NOT_PRODUCTION,296357.1217,267511.9505,6650.6079,18220,18206,-0.02244119,-0.04150452,-0.02020951,-0.02244119,-6650.6079,296357.1217,OK,0.0000,266.0243,4.0000,96.0000,AG03-UNRESOLVED,ALL5_LEVELS_bet23_to_bet27,266.0243,266.0243,266.0243,332.5304,332.5304,4.000000,4.000000,4.000000,5.000000,5.000000,96.000000,96.000000,96.000000,95.000000,95.000000,5.0,1463.1337,1340.2688,5187.4742,5310.3391,PENDING_AG03,FALSE,NOT_FOR_ENFORCEMENT,6384.5836,256811.4724,6650.6079,6384.5836,266.0243,0.02244119,0.02154355,266.0243,6384.5836,0.02154355,266.0243,266.0243,266.0243,332.5304,332.5304,6384.5836,0.02154355,1463.1337,1340.2688,5187.4742,5310.3391,0.01750413,0.01791872,0.00089765,16.2655,14.6936,0.3653,59.3804,1.1678,2646.0457,162.5536,12.4780,16.8648,9.0895,16.5695,22.0926,29.825,33.4482,44.5976,11.8163,0.0,2.018664,2.691552,0.981654,30,240,141,4,0.10479828,0.02244119,0.04150452,0E-8,0.000000,0.902668,0.011910,-0.02129501,2026-03-22,2026-08-05,112,5695,2177,137,0.817518,0.739886,0.767145,0.349328,,,,,,,,GLOBAL_BASELINE_NO_ENTITY_RANKING,,,NOT_APPLICABLE_GLOBAL_BASELINE,HF9g-P5,,,,X 全窗基线 · 不参与实体赏罚,14195792,1420,A168_HF9F_20260827_0900,2026-08-27 09:00:00
2026-05-15,110249610,2174,0,354.8851055290,118.9639986174,118.9639986174,0.6153846,14,14,0.49611804285714286,0.496118042857,0.8600694075727893,0.8600694075738214,0.8600694075727893,1.4286E-13,ELIGIBLE,R03b_20260811_FULL_v1,L1_ELIGIBILITY,v2026-08-11,2026-03-21..2026-08-06,baccarat_bet02_101_all_pairs_incl_sentinel,round_win = game_pnl > 0 (decisive only),COMPATIBILITY_ONLY_NOT_PRODUCTION,296357.1217,267511.9505,6650.6079,18220,18206,-0.02244119,-0.04150452,-0.02020951,-0.02244119,-6650.6079,296357.1217,OK,0.0000,266.0243,4.0000,96.0000,AG03-UNRESOLVED,ALL5_LEVELS_bet23_to_bet27,266.0243,266.0243,266.0243,332.5304,332.5304,4.000000,4.000000,4.000000,5.000000,5.000000,96.000000,96.000000,96.000000,95.000000,95.000000,5.0,1463.1337,1340.2688,5187.4742,5310.3391,PENDING_AG03,FALSE,NOT_FOR_ENFORCEMENT,6384.5836,256811.4724,6650.6079,6384.5836,266.0243,0.02244119,0.02154355,266.0243,6384.5836,0.02154355,266.0243,266.0243,266.0243,332.5304,332.5304,6384.5836,0.02154355,1463.1337,1340.2688,5187.4742,5310.3391,0.01750413,0.01791872,0.00089765,16.2655,14.6936,0.3653,59.3804,1.1678,2646.0457,162.5536,12.4780,16.8648,9.0895,16.5695,22.0926,29.825,33.4482,44.5976,11.8163,0.0,2.018664,2.691552,0.981654,30,240,141,4,0.10479828,0.02244119,0.04150452,0E-8,0.000000,0.902668,0.011910,-0.02129501,2026-03-22,2026-08-05,112,5695,2177,137,0.817518,0.739886,0.767145,0.349328,,,,,,,,GLOBAL_BASELINE_NO_ENTITY_RANKING,,,NOT_APPLICABLE_GLOBAL_BASELINE,HF9g-P5,,,,X 全窗基线 · 不参与实体赏罚,14195793,1420,A168_HF9F_20260827_0900,2026-08-27 09:00:00
2026-05-15,110249610,2175,0,11.1493906858,-11.1493906858,-11.1493906858,0E-7,1,1,0.50665070000000000,0.506650700000,-1.013391052207602,-1.013391052207602,-1.013391052207602,0E-17,ELIGIBLE,R03b_20260811_FULL_v1,L1_ELIGIBILITY,v2026-08-11,2026-03-21..2026-08-06,baccarat_bet02_101_all_pairs_incl_sentinel,round_win = game_pnl > 0 (decisive only),COMPATIBILITY_ONLY_NOT_PRODUCTION,296357.1217,267511.9505,6650.6079,18220,18206,-0.02244119,-0.04150452,-0.02020951,-0.02244119,-6650.6079,296357.1217,OK,0.0000,266.0243,4.0000,96.0000,AG03-UNRESOLVED,ALL5_LEVELS_bet23_to_bet27,266.0243,266.0243,266.0243,332.5304,332.5304,4.000000,4.000000,4.000000,5.000000,5.000000,96.000000,96.000000,96.000000,95.000000,95.000000,5.0,1463.1337,1340.2688,5187.4742,5310.3391,PENDING_AG03,FALSE,NOT_FOR_ENFORCEMENT,6384.5836,256811.4724,6650.6079,6384.5836,266.0243,0.02244119,0.02154355,266.0243,6384.5836,0.02154355,266.0243,266.0243,266.0243,332.5304,332.5304,6384.5836,0.02154355,1463.1337,1340.2688,5187.4742,5310.3391,0.01750413,0.01791872,0.00089765,16.2655,14.6936,0.3653,59.3804,1.1678,2646.0457,162.5536,12.4780,16.8648,9.0895,16.5695,22.0926,29.825,33.4482,44.5976,11.8163,0.0,2.018664,2.691552,0.981654,30,240,141,4,0.10479828,0.02244119,0.04150452,0E-8,0.000000,0.902668,0.011910,-0.02129501,2026-03-22,2026-08-05,112,5695,2177,137,0.817518,0.739886,0.767145,0.349328,,,,,,,,GLOBAL_BASELINE_NO_ENTITY_RANKING,,,NOT_APPLICABLE_GLOBAL_BASELINE,HF9g-P5,,,,X 全窗基线 · 不参与实体赏罚,14195794,1420,A168_HF9F_20260827_0900,2026-08-27 09:00:00
2026-05-15,110249610,2177,0,14.1597261711,1.9845915421,1.9845915421,0.5714286,7,7,0.50282064285714286,0.502820642857,0.36304481076852674,0.3630448107692821,0.36304481076852674,1.4286E-13,ELIGIBLE,R03b_20260811_FULL_v1,L1_ELIGIBILITY,v2026-08-11,2026-03-21..2026-08-06,baccarat_bet02_101_all_pairs_incl_sentinel,round_win = game_pnl > 0 (decisive only),COMPATIBILITY_ONLY_NOT_PRODUCTION,296357.1217,267511.9505,6650.6079,18220,18206,-0.02244119,-0.04150452,-0.02020951,-0.02244119,-6650.6079,296357.1217,OK,0.0000,266.0243,4.0000,96.0000,AG03-UNRESOLVED,ALL5_LEVELS_bet23_to_bet27,266.0243,266.0243,266.0243,332.5304,332.5304,4.000000,4.000000,4.000000,5.000000,5.000000,96.000000,96.000000,96.000000,95.000000,95.000000,5.0,1463.1337,1340.2688,5187.4742,5310.3391,PENDING_AG03,FALSE,NOT_FOR_ENFORCEMENT,6384.5836,256811.4724,6650.6079,6384.5836,266.0243,0.02244119,0.02154355,266.0243,6384.5836,0.02154355,266.0243,266.0243,266.0243,332.5304,332.5304,6384.5836,0.02154355,1463.1337,1340.2688,5187.4742,5310.3391,0.01750413,0.01791872,0.00089765,16.2655,14.6936,0.3653,59.3804,1.1678,2646.0457,162.5536,12.4780,16.8648,9.0895,16.5695,22.0926,29.825,33.4482,44.5976,11.8163,0.0,2.018664,2.691552,0.981654,30,240,141,4,0.10479828,0.02244119,0.04150452,0E-8,0.000000,0.902668,0.011910,-0.02129501,2026-03-22,2026-08-05,112,5695,2177,137,0.817518,0.739886,0.767145,0.349328,,,,,,,,GLOBAL_BASELINE_NO_ENTITY_RANKING,,,NOT_APPLICABLE_GLOBAL_BASELINE,HF9g-P5,,,,X 全窗基线 · 不参与实体赏罚,14195795,1420,A168_HF9F_20260827_0900,2026-08-27 09:00:00
2026-05-15,110249610,2209,0,294.9013836394,1.9232698934,1.9232698934,0.5384615,14,14,0.50186312857142857,0.501863128571,0.2639167191656454,0.2639167191687351,0.2639167191656454,4.2857E-13,ELIGIBLE,R03b_20260811_FULL_v1,L1_ELIGIBILITY,v2026-08-11,2026-03-21..2026-08-06,baccarat_bet02_101_all_pairs_incl_sentinel,round_win = game_pnl > 0 (decisive only),COMPATIBILITY_ONLY_NOT_PRODUCTION,296357.1217,267511.9505,6650.6079,18220,18206,-0.02244119,-0.04150452,-0.02020951,-0.02244119,-6650.6079,296357.1217,OK,0.0000,266.0243,4.0000,96.0000,AG03-UNRESOLVED,ALL5_LEVELS_bet23_to_bet27,266.0243,266.0243,266.0243,332.5304,332.5304,4.000000,4.000000,4.000000,5.000000,5.000000,96.000000,96.000000,96.000000,95.000000,95.000000,5.0,1463.1337,1340.2688,5187.4742,5310.3391,PENDING_AG03,FALSE,NOT_FOR_ENFORCEMENT,6384.5836,256811.4724,6650.6079,6384.5836,266.0243,0.02244119,0.02154355,266.0243,6384.5836,0.02154355,266.0243,266.0243,266.0243,332.5304,332.5304,6384.5836,0.02154355,1463.1337,1340.2688,5187.4742,5310.3391,0.01750413,0.01791872,0.00089765,16.2655,14.6936,0.3653,59.3804,1.1678,2646.0457,162.5536,12.4780,16.8648,9.0895,16.5695,22.0926,29.825,33.4482,44.5976,11.8163,0.0,2.018664,2.691552,0.981654,30,240,141,4,0.10479828,0.02244119,0.04150452,0E-8,0.000000,0.902668,0.011910,-0.02129501,2026-03-22,2026-08-05,112,5695,2177,137,0.817518,0.739886,0.767145,0.349328,,,,,,,,GLOBAL_BASELINE_NO_ENTITY_RANKING,,,NOT_APPLICABLE_GLOBAL_BASELINE,HF9g-P5,,,,X 全窗基线 · 不参与实体赏罚,14195796,1420,A168_HF9F_20260827_0900,2026-08-27 09:00:00
2026-05-15,110249610,2216,0,78.0457348006,-44.5975627432,-44.5975627432,0.2500000,4,4,0.49324550000000000,0.493245500000,-0.9730707933947887,-0.9730707933947887,-0.9730707933947887,0E-17,ELIGIBLE,R03b_20260811_FULL_v1,L1_ELIGIBILITY,v2026-08-11,2026-03-21..2026-08-06,baccarat_bet02_101_all_pairs_incl_sentinel,round_win = game_pnl > 0 (decisive only),COMPATIBILITY_ONLY_NOT_PRODUCTION,296357.1217,267511.9505,6650.6079,18220,18206,-0.02244119,-0.04150452,-0.02020951,-0.02244119,-6650.6079,296357.1217,OK,0.0000,266.0243,4.0000,96.0000,AG03-UNRESOLVED,ALL5_LEVELS_bet23_to_bet27,266.0243,266.0243,266.0243,332.5304,332.5304,4.000000,4.000000,4.000000,5.000000,5.000000,96.000000,96.000000,96.000000,95.000000,95.000000,5.0,1463.1337,1340.2688,5187.4742,5310.3391,PENDING_AG03,FALSE,NOT_FOR_ENFORCEMENT,6384.5836,256811.4724,6650.6079,6384.5836,266.0243,0.02244119,0.02154355,266.0243,6384.5836,0.02154355,266.0243,266.0243,266.0243,332.5304,332.5304,6384.5836,0.02154355,1463.1337,1340.2688,5187.4742,5310.3391,0.01750413,0.01791872,0.00089765,16.2655,14.6936,0.3653,59.3804,1.1678,2646.0457,162.5536,12.4780,16.8648,9.0895,16.5695,22.0926,29.825,33.4482,44.5976,11.8163,0.0,2.018664,2.691552,0.981654,30,240,141,4,0.10479828,0.02244119,0.04150452,0E-8,0.000000,0.902668,0.011910,-0.02129501,2026-03-22,2026-08-05,112,5695,2177,137,0.817518,0.739886,0.767145,0.349328,,,,,,,,GLOBAL_BASELINE_NO_ENTITY_RANKING,,,NOT_APPLICABLE_GLOBAL_BASELINE,HF9g-P5,,,,X 全窗基线 · 不参与实体赏罚,14195797,1420,A168_HF9F_20260827_0900,2026-08-27 09:00:00
2026-05-15,110249610,2218,0,3.3448172058,0E-10,0E-10,,2,2,0.50665070000000000,0.506650700000,,,,0E-17,NO_DECISIVE_ROUND,R03b_20260811_FULL_v1,L1_ELIGIBILITY,v2026-08-11,2026-03-21..2026-08-06,baccarat_bet02_101_all_pairs_incl_sentinel,round_win = game_pnl > 0 (decisive only),COMPATIBILITY_ONLY_NOT_PRODUCTION,296357.1217,267511.9505,6650.6079,18220,18206,-0.02244119,-0.04150452,-0.02020951,-0.02244119,-6650.6079,296357.1217,OK,0.0000,266.0243,4.0000,96.0000,AG03-UNRESOLVED,ALL5_LEVELS_bet23_to_bet27,266.0243,266.0243,266.0243,332.5304,332.5304,4.000000,4.000000,4.000000,5.000000,5.000000,96.000000,96.000000,96.000000,95.000000,95.000000,5.0,1463.1337,1340.2688,5187.4742,5310.3391,PENDING_AG03,FALSE,NOT_FOR_ENFORCEMENT,6384.5836,256811.4724,6650.6079,6384.5836,266.0243,0.02244119,0.02154355,266.0243,6384.5836,0.02154355,266.0243,266.0243,266.0243,332.5304,332.5304,6384.5836,0.02154355,1463.1337,1340.2688,5187.4742,5310.3391,0.01750413,0.01791872,0.00089765,16.2655,14.6936,0.3653,59.3804,1.1678,2646.0457,162.5536,12.4780,16.8648,9.0895,16.5695,22.0926,29.825,33.4482,44.5976,11.8163,0.0,2.018664,2.691552,0.981654,30,240,141,4,0.10479828,0.02244119,0.04150452,0E-8,0.000000,0.902668,0.011910,-0.02129501,2026-03-22,2026-08-05,112,5695,2177,137,0.817518,0.739886,0.767145,0.349328,,,,,,,,GLOBAL_BASELINE_NO_ENTITY_RANKING,,,NOT_APPLICABLE_GLOBAL_BASELINE,HF9g-P5,,,,X 全窗基线 · 不参与实体赏罚,14195798,1420,A168_HF9F_20260827_0900,2026-08-27 09:00:00
2026-05-15,110249610,2220,0,37.9079283317,-5.2959605757,-5.2959605757,0.5000000,2,2,0.50665070000000000,0.506650700000,-0.018812684590367487,-0.018812684590367487,-0.018812684590367487,0E-17,ELIGIBLE,R03b_20260811_FULL_v1,L1_ELIGIBILITY,v2026-08-11,2026-03-21..2026-08-06,baccarat_bet02_101_all_pairs_incl_sentinel,round_win = game_pnl > 0 (decisive only),COMPATIBILITY_ONLY_NOT_PRODUCTION,296357.1217,267511.9505,6650.6079,18220,18206,-0.02244119,-0.04150452,-0.02020951,-0.02244119,-6650.6079,296357.1217,OK,0.0000,266.0243,4.0000,96.0000,AG03-UNRESOLVED,ALL5_LEVELS_bet23_to_bet27,266.0243,266.0243,266.0243,332.5304,332.5304,4.000000,4.000000,4.000000,5.000000,5.000000,96.000000,96.000000,96.000000,95.000000,95.000000,5.0,1463.1337,1340.2688,5187.4742,5310.3391,PENDING_AG03,FALSE,NOT_FOR_ENFORCEMENT,6384.5836,256811.4724,6650.6079,6384.5836,266.0243,0.02244119,0.02154355,266.0243,6384.5836,0.02154355,266.0243,266.0243,266.0243,332.5304,332.5304,6384.5836,0.02154355,1463.1337,1340.2688,5187.4742,5310.3391,0.01750413,0.01791872,0.00089765,16.2655,14.6936,0.3653,59.3804,1.1678,2646.0457,162.5536,12.4780,16.8648,9.0895,16.5695,22.0926,29.825,33.4482,44.5976,11.8163,0.0,2.018664,2.691552,0.981654,30,240,141,4,0.10479828,0.02244119,0.04150452,0E-8,0.000000,0.902668,0.011910,-0.02129501,2026-03-22,2026-08-05,112,5695,2177,137,0.817518,0.739886,0.767145,0.349328,,,,,,,,GLOBAL_BASELINE_NO_ENTITY_RANKING,,,NOT_APPLICABLE_GLOBAL_BASELINE,HF9g-P5,,,,X 全窗基线 · 不参与实体赏罚,14195799,1420,A168_HF9F_20260827_0900,2026-08-27 09:00:00
2026-05-15,110249610,2224,0,6.6896344115,-4.5155032277,-4.5155032277,0.3333333,3,3,0.50665070000000000,0.506650700000,-0.6004420894325239,-0.6004420894325239,-0.6004420894325239,0E-17,ELIGIBLE,R03b_20260811_FULL_v1,L1_ELIGIBILITY,v2026-08-11,2026-03-21..2026-08-06,baccarat_bet02_101_all_pairs_incl_sentinel,round_win = game_pnl > 0 (decisive only),COMPATIBILITY_ONLY_NOT_PRODUCTION,296357.1217,267511.9505,6650.6079,18220,18206,-0.02244119,-0.04150452,-0.02020951,-0.02244119,-6650.6079,296357.1217,OK,0.0000,266.0243,4.0000,96.0000,AG03-UNRESOLVED,ALL5_LEVELS_bet23_to_bet27,266.0243,266.0243,266.0243,332.5304,332.5304,4.000000,4.000000,4.000000,5.000000,5.000000,96.000000,96.000000,96.000000,95.000000,95.000000,5.0,1463.1337,1340.2688,5187.4742,5310.3391,PENDING_AG03,FALSE,NOT_FOR_ENFORCEMENT,6384.5836,256811.4724,6650.6079,6384.5836,266.0243,0.02244119,0.02154355,266.0243,6384.5836,0.02154355,266.0243,266.0243,266.0243,332.5304,332.5304,6384.5836,0.02154355,1463.1337,1340.2688,5187.4742,5310.3391,0.01750413,0.01791872,0.00089765,16.2655,14.6936,0.3653,59.3804,1.1678,2646.0457,162.5536,12.4780,16.8648,9.0895,16.5695,22.0926,29.825,33.4482,44.5976,11.8163,0.0,2.018664,2.691552,0.981654,30,240,141,4,0.10479828,0.02244119,0.04150452,0E-8,0.000000,0.902668,0.011910,-0.02129501,2026-03-22,2026-08-05,112,5695,2177,137,0.817518,0.739886,0.767145,0.349328,,,,,,,,GLOBAL_BASELINE_NO_ENTITY_RANKING,,,NOT_APPLICABLE_GLOBAL_BASELINE,HF9g-P5,,,,X 全窗基线 · 不参与实体赏罚,14195800,1420,A168_HF9F_20260827_0900,2026-08-27 09:00:00
2026-05-15,110249610,2233,0,355.6655628770,-28.7096810159,-28.7096810159,0.5000000,17,17,0.49955382941176471,0.499553829412,0.0035693661269771385,0.0035693661250948165,0.0035693661269771385,-2.3529E-13,ELIGIBLE,R03b_20260811_FULL_v1,L1_ELIGIBILITY,v2026-08-11,2026-03-21..2026-08-06,baccarat_bet02_101_all_pairs_incl_sentinel,round_win = game_pnl > 0 (decisive only),COMPATIBILITY_ONLY_NOT_PRODUCTION,296357.1217,267511.9505,6650.6079,18220,18206,-0.02244119,-0.04150452,-0.02020951,-0.02244119,-6650.6079,296357.1217,OK,0.0000,266.0243,4.0000,96.0000,AG03-UNRESOLVED,ALL5_LEVELS_bet23_to_bet27,266.0243,266.0243,266.0243,332.5304,332.5304,4.000000,4.000000,4.000000,5.000000,5.000000,96.000000,96.000000,96.000000,95.000000,95.000000,5.0,1463.1337,1340.2688,5187.4742,5310.3391,PENDING_AG03,FALSE,NOT_FOR_ENFORCEMENT,6384.5836,256811.4724,6650.6079,6384.5836,266.0243,0.02244119,0.02154355,266.0243,6384.5836,0.02154355,266.0243,266.0243,266.0243,332.5304,332.5304,6384.5836,0.02154355,1463.1337,1340.2688,5187.4742,5310.3391,0.01750413,0.01791872,0.00089765,16.2655,14.6936,0.3653,59.3804,1.1678,2646.0457,162.5536,12.4780,16.8648,9.0895,16.5695,22.0926,29.825,33.4482,44.5976,11.8163,0.0,2.018664,2.691552,0.981654,30,240,141,4,0.10479828,0.02244119,0.04150452,0E-8,0.000000,0.902668,0.011910,-0.02129501,2026-03-22,2026-08-05,112,5695,2177,137,0.817518,0.739886,0.767145,0.349328,,,,,,,,GLOBAL_BASELINE_NO_ENTITY_RANKING,,,NOT_APPLICABLE_GLOBAL_BASELINE,HF9g-P5,,,,X 全窗基线 · 不参与实体赏罚,14195801,1420,A168_HF9F_20260827_0900,2026-08-27 09:00:00
2026-05-15,110249610,2241,0,252.5336990334,-25.6435985773,-25.6435985773,0.5000000,14,14,0.49899058571428571,0.498990585714,0.007553780230284921,0.007553780232422992,0.007553780230284921,2.8571E-13,ELIGIBLE,R03b_20260811_FULL_v1,L1_ELIGIBILITY,v2026-08-11,2026-03-21..2026-08-06,baccarat_bet02_101_all_pairs_incl_sentinel,round_win = game_pnl > 0 (decisive only),COMPATIBILITY_ONLY_NOT_PRODUCTION,296357.1217,267511.9505,6650.6079,18220,18206,-0.02244119,-0.04150452,-0.02020951,-0.02244119,-6650.6079,296357.1217,OK,0.0000,266.0243,4.0000,96.0000,AG03-UNRESOLVED,ALL5_LEVELS_bet23_to_bet27,266.0243,266.0243,266.0243,332.5304,332.5304,4.000000,4.000000,4.000000,5.000000,5.000000,96.000000,96.000000,96.000000,95.000000,95.000000,5.0,1463.1337,1340.2688,5187.4742,5310.3391,PENDING_AG03,FALSE,NOT_FOR_ENFORCEMENT,6384.5836,256811.4724,6650.6079,6384.5836,266.0243,0.02244119,0.02154355,266.0243,6384.5836,0.02154355,266.0243,266.0243,266.0243,332.5304,332.5304,6384.5836,0.02154355,1463.1337,1340.2688,5187.4742,5310.3391,0.01750413,0.01791872,0.00089765,16.2655,14.6936,0.3653,59.3804,1.1678,2646.0457,162.5536,12.4780,16.8648,9.0895,16.5695,22.0926,29.825,33.4482,44.5976,11.8163,0.0,2.018664,2.691552,0.981654,30,240,141,4,0.10479828,0.02244119,0.04150452,0E-8,0.000000,0.902668,0.011910,-0.02129501,2026-03-22,2026-08-05,112,5695,2177,137,0.817518,0.739886,0.767145,0.349328,,,,,,,,GLOBAL_BASELINE_NO_ENTITY_RANKING,,,NOT_APPLICABLE_GLOBAL_BASELINE,HF9g-P5,,,,X 全窗基线 · 不参与实体赏罚,14195802,1420,A168_HF9F_20260827_0900,2026-08-27 09:00:00
2026-05-15,110249610,2242,0,340.6138854512,130.9161454328,130.9161454328,0.6875000,16,16,0.49659680000000000,0.496596800000,1.5272609771812036,1.5272609771812038,1.5272609771812036,0E-17,ELIGIBLE,R03b_20260811_FULL_v1,L1_ELIGIBILITY,v2026-08-11,2026-03-21..2026-08-06,baccarat_bet02_101_all_pairs_incl_sentinel,round_win = game_pnl > 0 (decisive only),COMPATIBILITY_ONLY_NOT_PRODUCTION,296357.1217,267511.9505,6650.6079,18220,18206,-0.02244119,-0.04150452,-0.02020951,-0.02244119,-6650.6079,296357.1217,OK,0.0000,266.0243,4.0000,96.0000,AG03-UNRESOLVED,ALL5_LEVELS_bet23_to_bet27,266.0243,266.0243,266.0243,332.5304,332.5304,4.000000,4.000000,4.000000,5.000000,5.000000,96.000000,96.000000,96.000000,95.000000,95.000000,5.0,1463.1337,1340.2688,5187.4742,5310.3391,PENDING_AG03,FALSE,NOT_FOR_ENFORCEMENT,6384.5836,256811.4724,6650.6079,6384.5836,266.0243,0.02244119,0.02154355,266.0243,6384.5836,0.02154355,266.0243,266.0243,266.0243,332.5304,332.5304,6384.5836,0.02154355,1463.1337,1340.2688,5187.4742,5310.3391,0.01750413,0.01791872,0.00089765,16.2655,14.6936,0.3653,59.3804,1.1678,2646.0457,162.5536,12.4780,16.8648,9.0895,16.5695,22.0926,29.825,33.4482,44.5976,11.8163,0.0,2.018664,2.691552,0.981654,30,240,141,4,0.10479828,0.02244119,0.04150452,0E-8,0.000000,0.902668,0.011910,-0.02129501,2026-03-22,2026-08-05,112,5695,2177,137,0.817518,0.739886,0.767145,0.349328,,,,,,,,GLOBAL_BASELINE_NO_ENTITY_RANKING,,,NOT_APPLICABLE_GLOBAL_BASELINE,HF9g-P5,,,,X 全窗基线 · 不参与实体赏罚,14195803,1420,A168_HF9F_20260827_0900,2026-08-27 09:00:00
2026-05-15,110249610,2250,0,11.1493906858,-11.1493906858,-11.1493906858,0E-7,1,1,0.49324550000000000,0.493245500000,-0.9865810262130424,-0.9865810262130424,-0.9865810262130424,0E-17,ELIGIBLE,R03b_20260811_FULL_v1,L1_ELIGIBILITY,v2026-08-11,2026-03-21..2026-08-06,baccarat_bet02_101_all_pairs_incl_sentinel,round_win = game_pnl > 0 (decisive only),COMPATIBILITY_ONLY_NOT_PRODUCTION,296357.1217,267511.9505,6650.6079,18220,18206,-0.02244119,-0.04150452,-0.02020951,-0.02244119,-6650.6079,296357.1217,OK,0.0000,266.0243,4.0000,96.0000,AG03-UNRESOLVED,ALL5_LEVELS_bet23_to_bet27,266.0243,266.0243,266.0243,332.5304,332.5304,4.000000,4.000000,4.000000,5.000000,5.000000,96.000000,96.000000,96.000000,95.000000,95.000000,5.0,1463.1337,1340.2688,5187.4742,5310.3391,PENDING_AG03,FALSE,NOT_FOR_ENFORCEMENT,6384.5836,256811.4724,6650.6079,6384.5836,266.0243,0.02244119,0.02154355,266.0243,6384.5836,0.02154355,266.0243,266.0243,266.0243,332.5304,332.5304,6384.5836,0.02154355,1463.1337,1340.2688,5187.4742,5310.3391,0.01750413,0.01791872,0.00089765,16.2655,14.6936,0.3653,59.3804,1.1678,2646.0457,162.5536,12.4780,16.8648,9.0895,16.5695,22.0926,29.825,33.4482,44.5976,11.8163,0.0,2.018664,2.691552,0.981654,30,240,141,4,0.10479828,0.02244119,0.04150452,0E-8,0.000000,0.902668,0.011910,-0.02129501,2026-03-22,2026-08-05,112,5695,2177,137,0.817518,0.739886,0.767145,0.349328,,,,,,,,GLOBAL_BASELINE_NO_ENTITY_RANKING,,,NOT_APPLICABLE_GLOBAL_BASELINE,HF9g-P5,,,,X 全窗基线 · 不参与实体赏罚,14195804,1420,A168_HF9F_20260827_0900,2026-08-27 09:00:00
2026-05-15,110249610,2256,0,99.2295771036,-22.8562509058,-22.8562509058,0.4285714,8,8,0.50665070000000000,0.506650700000,-0.4131932236838825,-0.4131932236838825,-0.4131932236838825,0E-17,ELIGIBLE,R03b_20260811_FULL_v1,L1_ELIGIBILITY,v2026-08-11,2026-03-21..2026-08-06,baccarat_bet02_101_all_pairs_incl_sentinel,round_win = game_pnl > 0 (decisive only),COMPATIBILITY_ONLY_NOT_PRODUCTION,296357.1217,267511.9505,6650.6079,18220,18206,-0.02244119,-0.04150452,-0.02020951,-0.02244119,-6650.6079,296357.1217,OK,0.0000,266.0243,4.0000,96.0000,AG03-UNRESOLVED,ALL5_LEVELS_bet23_to_bet27,266.0243,266.0243,266.0243,332.5304,332.5304,4.000000,4.000000,4.000000,5.000000,5.000000,96.000000,96.000000,96.000000,95.000000,95.000000,5.0,1463.1337,1340.2688,5187.4742,5310.3391,PENDING_AG03,FALSE,NOT_FOR_ENFORCEMENT,6384.5836,256811.4724,6650.6079,6384.5836,266.0243,0.02244119,0.02154355,266.0243,6384.5836,0.02154355,266.0243,266.0243,266.0243,332.5304,332.5304,6384.5836,0.02154355,1463.1337,1340.2688,5187.4742,5310.3391,0.01750413,0.01791872,0.00089765,16.2655,14.6936,0.3653,59.3804,1.1678,2646.0457,162.5536,12.4780,16.8648,9.0895,16.5695,22.0926,29.825,33.4482,44.5976,11.8163,0.0,2.018664,2.691552,0.981654,30,240,141,4,0.10479828,0.02244119,0.04150452,0E-8,0.000000,0.902668,0.011910,-0.02129501,2026-03-22,2026-08-05,112,5695,2177,137,0.817518,0.739886,0.767145,0.349328,,,,,,,,GLOBAL_BASELINE_NO_ENTITY_RANKING,,,NOT_APPLICABLE_GLOBAL_BASELINE,HF9g-P5,,,,X 全窗基线 · 不参与实体赏罚,14195805,1420,A168_HF9F_20260827_0900,2026-08-27 09:00:00
2026-05-15,110249610,2258,0,225.2176918531,47.9423799489,47.9423799489,0.5714286,7,7,0.49707555714285714,0.497075557143,0.39344589990031587,0.3934458998995593,0.39344589990031587,-1.4286E-13,ELIGIBLE,R03b_20260811_FULL_v1,L1_ELIGIBILITY,v2026-08-11,2026-03-21..2026-08-06,baccarat_bet02_101_all_pairs_incl_sentinel,round_win = game_pnl > 0 (decisive only),COMPATIBILITY_ONLY_NOT_PRODUCTION,296357.1217,267511.9505,6650.6079,18220,18206,-0.02244119,-0.04150452,-0.02020951,-0.02244119,-6650.6079,296357.1217,OK,0.0000,266.0243,4.0000,96.0000,AG03-UNRESOLVED,ALL5_LEVELS_bet23_to_bet27,266.0243,266.0243,266.0243,332.5304,332.5304,4.000000,4.000000,4.000000,5.000000,5.000000,96.000000,96.000000,96.000000,95.000000,95.000000,5.0,1463.1337,1340.2688,5187.4742,5310.3391,PENDING_AG03,FALSE,NOT_FOR_ENFORCEMENT,6384.5836,256811.4724,6650.6079,6384.5836,266.0243,0.02244119,0.02154355,266.0243,6384.5836,0.02154355,266.0243,266.0243,266.0243,332.5304,332.5304,6384.5836,0.02154355,1463.1337,1340.2688,5187.4742,5310.3391,0.01750413,0.01791872,0.00089765,16.2655,14.6936,0.3653,59.3804,1.1678,2646.0457,162.5536,12.4780,16.8648,9.0895,16.5695,22.0926,29.825,33.4482,44.5976,11.8163,0.0,2.018664,2.691552,0.981654,30,240,141,4,0.10479828,0.02244119,0.04150452,0E-8,0.000000,0.902668,0.011910,-0.02129501,2026-03-22,2026-08-05,112,5695,2177,137,0.817518,0.739886,0.767145,0.349328,,,,,,,,GLOBAL_BASELINE_NO_ENTITY_RANKING,,,NOT_APPLICABLE_GLOBAL_BASELINE,HF9g-P5,,,,X 全窗基线 · 不参与实体赏罚,14195806,1420,A168_HF9F_20260827_0900,2026-08-27 09:00:00
2026-05-15,110249610,2267,0,27.8734767145,-27.8734767145,-27.8734767145,0E-7,1,1,0.49324550000000000,0.493245500000,-0.9865810262130424,-0.9865810262130424,-0.9865810262130424,0E-17,ELIGIBLE,R03b_20260811_FULL_v1,L1_ELIGIBILITY,v2026-08-11,2026-03-21..2026-08-06,baccarat_bet02_101_all_pairs_incl_sentinel,round_win = game_pnl > 0 (decisive only),COMPATIBILITY_ONLY_NOT_PRODUCTION,296357.1217,267511.9505,6650.6079,18220,18206,-0.02244119,-0.04150452,-0.02020951,-0.02244119,-6650.6079,296357.1217,OK,0.0000,266.0243,4.0000,96.0000,AG03-UNRESOLVED,ALL5_LEVELS_bet23_to_bet27,266.0243,266.0243,266.0243,332.5304,332.5304,4.000000,4.000000,4.000000,5.000000,5.000000,96.000000,96.000000,96.000000,95.000000,95.000000,5.0,1463.1337,1340.2688,5187.4742,5310.3391,PENDING_AG03,FALSE,NOT_FOR_ENFORCEMENT,6384.5836,256811.4724,6650.6079,6384.5836,266.0243,0.02244119,0.02154355,266.0243,6384.5836,0.02154355,266.0243,266.0243,266.0243,332.5304,332.5304,6384.5836,0.02154355,1463.1337,1340.2688,5187.4742,5310.3391,0.01750413,0.01791872,0.00089765,16.2655,14.6936,0.3653,59.3804,1.1678,2646.0457,162.5536,12.4780,16.8648,9.0895,16.5695,22.0926,29.825,33.4482,44.5976,11.8163,0.0,2.018664,2.691552,0.981654,30,240,141,4,0.10479828,0.02244119,0.04150452,0E-8,0.000000,0.902668,0.011910,-0.02129501,2026-03-22,2026-08-05,112,5695,2177,137,0.817518,0.739886,0.767145,0.349328,,,,,,,,GLOBAL_BASELINE_NO_ENTITY_RANKING,,,NOT_APPLICABLE_GLOBAL_BASELINE,HF9g-P5,,,,X 全窗基线 · 不参与实体赏罚,14195807,1420,A168_HF9F_20260827_0900,2026-08-27 09:00:00
2026-05-15,110249610,529,0,177.2753119042,45.1550322775,45.1550322775,0.6666667,9,9,0.49771390000000000,0.497713900000,1.0137271960454026,1.0137271960454026,1.0137271960454026,0E-17,ELIGIBLE,R03b_20260811_FULL_v1,L1_ELIGIBILITY,v2026-08-11,2026-03-21..2026-08-06,baccarat_bet02_101_all_pairs_incl_sentinel,round_win = game_pnl > 0 (decisive only),COMPATIBILITY_ONLY_NOT_PRODUCTION,296357.1217,267511.9505,6650.6079,18220,18206,-0.02244119,-0.04150452,-0.02020951,-0.02244119,-6650.6079,296357.1217,OK,0.0000,266.0243,4.0000,96.0000,AG03-UNRESOLVED,ALL5_LEVELS_bet23_to_bet27,266.0243,266.0243,266.0243,332.5304,332.5304,4.000000,4.000000,4.000000,5.000000,5.000000,96.000000,96.000000,96.000000,95.000000,95.000000,5.0,1463.1337,1340.2688,5187.4742,5310.3391,PENDING_AG03,FALSE,NOT_FOR_ENFORCEMENT,6384.5836,256811.4724,6650.6079,6384.5836,266.0243,0.02244119,0.02154355,266.0243,6384.5836,0.02154355,266.0243,266.0243,266.0243,332.5304,332.5304,6384.5836,0.02154355,1463.1337,1340.2688,5187.4742,5310.3391,0.01750413,0.01791872,0.00089765,16.2655,14.6936,0.3653,59.3804,1.1678,2646.0457,162.5536,12.4780,16.8648,9.0895,16.5695,22.0926,29.825,33.4482,44.5976,11.8163,0.0,2.018664,2.691552,0.981654,30,240,141,4,0.10479828,0.02244119,0.04150452,0E-8,0.000000,0.902668,0.011910,-0.02129501,2026-03-22,2026-08-05,112,5695,2177,137,0.817518,0.739886,0.767145,0.349328,,,,,,,,GLOBAL_BASELINE_NO_ENTITY_RANKING,,,NOT_APPLICABLE_GLOBAL_BASELINE,HF9g-P5,,,,X 全窗基线 · 不参与实体赏罚,14195808,1420,A168_HF9F_20260827_0900,2026-08-27 09:00:00
2026-05-15,110249610,583,0,337.2690682454,-28.0964645282,-28.0964645282,0.5000000,14,14,0.50186312857142857,0.501863128571,-0.012908223002589557,-0.012908222999620276,-0.012908223002589557,4.2857E-13,ELIGIBLE,R03b_20260811_FULL_v1,L1_ELIGIBILITY,v2026-08-11,2026-03-21..2026-08-06,baccarat_bet02_101_all_pairs_incl_sentinel,round_win = game_pnl > 0 (decisive only),COMPATIBILITY_ONLY_NOT_PRODUCTION,296357.1217,267511.9505,6650.6079,18220,18206,-0.02244119,-0.04150452,-0.02020951,-0.02244119,-6650.6079,296357.1217,OK,0.0000,266.0243,4.0000,96.0000,AG03-UNRESOLVED,ALL5_LEVELS_bet23_to_bet27,266.0243,266.0243,266.0243,332.5304,332.5304,4.000000,4.000000,4.000000,5.000000,5.000000,96.000000,96.000000,96.000000,95.000000,95.000000,5.0,1463.1337,1340.2688,5187.4742,5310.3391,PENDING_AG03,FALSE,NOT_FOR_ENFORCEMENT,6384.5836,256811.4724,6650.6079,6384.5836,266.0243,0.02244119,0.02154355,266.0243,6384.5836,0.02154355,266.0243,266.0243,266.0243,332.5304,332.5304,6384.5836,0.02154355,1463.1337,1340.2688,5187.4742,5310.3391,0.01750413,0.01791872,0.00089765,16.2655,14.6936,0.3653,59.3804,1.1678,2646.0457,162.5536,12.4780,16.8648,9.0895,16.5695,22.0926,29.825,33.4482,44.5976,11.8163,0.0,2.018664,2.691552,0.981654,30,240,141,4,0.10479828,0.02244119,0.04150452,0E-8,0.000000,0.902668,0.011910,-0.02129501,2026-03-22,2026-08-05,112,5695,2177,137,0.817518,0.739886,0.767145,0.349328,,,,,,,,GLOBAL_BASELINE_NO_ENTITY_RANKING,,,NOT_APPLICABLE_GLOBAL_BASELINE,HF9g-P5,,,,X 全窗基线 · 不参与实体赏罚,14195809,1420,A168_HF9F_20260827_0900,2026-08-27 09:00:00
2026-05-15,110249610,752,0,175.0454337670,-27.2045132733,-27.2045132733,0.3750000,8,8,0.50665070000000000,0.506650700000,-0.7447947118953172,-0.7447947118953172,-0.7447947118953172,0E-17,ELIGIBLE,R03b_20260811_FULL_v1,L1_ELIGIBILITY,v2026-08-11,2026-03-21..2026-08-06,baccarat_bet02_101_all_pairs_incl_sentinel,round_win = game_pnl > 0 (decisive only),COMPATIBILITY_ONLY_NOT_PRODUCTION,296357.1217,267511.9505,6650.6079,18220,18206,-0.02244119,-0.04150452,-0.02020951,-0.02244119,-6650.6079,296357.1217,OK,0.0000,266.0243,4.0000,96.0000,AG03-UNRESOLVED,ALL5_LEVELS_bet23_to_bet27,266.0243,266.0243,266.0243,332.5304,332.5304,4.000000,4.000000,4.000000,5.000000,5.000000,96.000000,96.000000,96.000000,95.000000,95.000000,5.0,1463.1337,1340.2688,5187.4742,5310.3391,PENDING_AG03,FALSE,NOT_FOR_ENFORCEMENT,6384.5836,256811.4724,6650.6079,6384.5836,266.0243,0.02244119,0.02154355,266.0243,6384.5836,0.02154355,266.0243,266.0243,266.0243,332.5304,332.5304,6384.5836,0.02154355,1463.1337,1340.2688,5187.4742,5310.3391,0.01750413,0.01791872,0.00089765,16.2655,14.6936,0.3653,59.3804,1.1678,2646.0457,162.5536,12.4780,16.8648,9.0895,16.5695,22.0926,29.825,33.4482,44.5976,11.8163,0.0,2.018664,2.691552,0.981654,30,240,141,4,0.10479828,0.02244119,0.04150452,0E-8,0.000000,0.902668,0.011910,-0.02129501,2026-03-22,2026-08-05,112,5695,2177,137,0.817518,0.739886,0.767145,0.349328,,,,,,,,GLOBAL_BASELINE_NO_ENTITY_RANKING,,,NOT_APPLICABLE_GLOBAL_BASELINE,HF9g-P5,,,,X 全窗基线 · 不参与实体赏罚,14195810,1420,A168_HF9F_20260827_0900,2026-08-27 09:00:00
2026-05-15,110249610,919,0,189.6511355654,54.5205204536,54.5205204536,0.6666667,9,9,0.49324550000000000,0.493245500000,1.0406219574860578,1.0406219574860578,1.0406219574860578,0E-17,ELIGIBLE,R03b_20260811_FULL_v1,L1_ELIGIBILITY,v2026-08-11,2026-03-21..2026-08-06,baccarat_bet02_101_all_pairs_incl_sentinel,round_win = game_pnl > 0 (decisive only),COMPATIBILITY_ONLY_NOT_PRODUCTION,296357.1217,267511.9505,6650.6079,18220,18206,-0.02244119,-0.04150452,-0.02020951,-0.02244119,-6650.6079,296357.1217,OK,0.0000,266.0243,4.0000,96.0000,AG03-UNRESOLVED,ALL5_LEVELS_bet23_to_bet27,266.0243,266.0243,266.0243,332.5304,332.5304,4.000000,4.000000,4.000000,5.000000,5.000000,96.000000,96.000000,96.000000,95.000000,95.000000,5.0,1463.1337,1340.2688,5187.4742,5310.3391,PENDING_AG03,FALSE,NOT_FOR_ENFORCEMENT,6384.5836,256811.4724,6650.6079,6384.5836,266.0243,0.02244119,0.02154355,266.0243,6384.5836,0.02154355,266.0243,266.0243,266.0243,332.5304,332.5304,6384.5836,0.02154355,1463.1337,1340.2688,5187.4742,5310.3391,0.01750413,0.01791872,0.00089765,16.2655,14.6936,0.3653,59.3804,1.1678,2646.0457,162.5536,12.4780,16.8648,9.0895,16.5695,22.0926,29.825,33.4482,44.5976,11.8163,0.0,2.018664,2.691552,0.981654,30,240,141,4,0.10479828,0.02244119,0.04150452,0E-8,0.000000,0.902668,0.011910,-0.02129501,2026-03-22,2026-08-05,112,5695,2177,137,0.817518,0.739886,0.767145,0.349328,,,,,,,,GLOBAL_BASELINE_NO_ENTITY_RANKING,,,NOT_APPLICABLE_GLOBAL_BASELINE,HF9g-P5,,,,X 全窗基线 · 不参与实体赏罚,14195811,1420,A168_HF9F_20260827_0900,2026-08-27 09:00:00
2026-05-15,110249610,925,0,1.1149390686,-1.1149390686,-1.1149390686,0E-7,1,1,0.50665070000000000,0.506650700000,-1.013391052207602,-1.013391052207602,-1.013391052207602,0E-17,ELIGIBLE,R03b_20260811_FULL_v1,L1_ELIGIBILITY,v2026-08-11,2026-03-21..2026-08-06,baccarat_bet02_101_all_pairs_incl_sentinel,round_win = game_pnl > 0 (decisive only),COMPATIBILITY_ONLY_NOT_PRODUCTION,296357.1217,267511.9505,6650.6079,18220,18206,-0.02244119,-0.04150452,-0.02020951,-0.02244119,-6650.6079,296357.1217,OK,0.0000,266.0243,4.0000,96.0000,AG03-UNRESOLVED,ALL5_LEVELS_bet23_to_bet27,266.0243,266.0243,266.0243,332.5304,332.5304,4.000000,4.000000,4.000000,5.000000,5.000000,96.000000,96.000000,96.000000,95.000000,95.000000,5.0,1463.1337,1340.2688,5187.4742,5310.3391,PENDING_AG03,FALSE,NOT_FOR_ENFORCEMENT,6384.5836,256811.4724,6650.6079,6384.5836,266.0243,0.02244119,0.02154355,266.0243,6384.5836,0.02154355,266.0243,266.0243,266.0243,332.5304,332.5304,6384.5836,0.02154355,1463.1337,1340.2688,5187.4742,5310.3391,0.01750413,0.01791872,0.00089765,16.2655,14.6936,0.3653,59.3804,1.1678,2646.0457,162.5536,12.4780,16.8648,9.0895,16.5695,22.0926,29.825,33.4482,44.5976,11.8163,0.0,2.018664,2.691552,0.981654,30,240,141,4,0.10479828,0.02244119,0.04150452,0E-8,0.000000,0.902668,0.011910,-0.02129501,2026-03-22,2026-08-05,112,5695,2177,137,0.817518,0.739886,0.767145,0.349328,,,,,,,,GLOBAL_BASELINE_NO_ENTITY_RANKING,,,NOT_APPLICABLE_GLOBAL_BASELINE,HF9g-P5,,,,X 全窗基线 · 不参与实体赏罚,14195812,1420,A168_HF9F_20260827_0900,2026-08-27 09:00:00
2026-05-15,110249610,948,0,264.2405592535,87.3276025465,87.3276025465,0.6363636,12,12,0.50553360000000000,0.505533600000,0.8678814358055014,0.8678814358055014,0.8678814358055014,0E-17,ELIGIBLE,R03b_20260811_FULL_v1,L1_ELIGIBILITY,v2026-08-11,2026-03-21..2026-08-06,baccarat_bet02_101_all_pairs_incl_sentinel,round_win = game_pnl > 0 (decisive only),COMPATIBILITY_ONLY_NOT_PRODUCTION,296357.1217,267511.9505,6650.6079,18220,18206,-0.02244119,-0.04150452,-0.02020951,-0.02244119,-6650.6079,296357.1217,OK,0.0000,266.0243,4.0000,96.0000,AG03-UNRESOLVED,ALL5_LEVELS_bet23_to_bet27,266.0243,266.0243,266.0243,332.5304,332.5304,4.000000,4.000000,4.000000,5.000000,5.000000,96.000000,96.000000,96.000000,95.000000,95.000000,5.0,1463.1337,1340.2688,5187.4742,5310.3391,PENDING_AG03,FALSE,NOT_FOR_ENFORCEMENT,6384.5836,256811.4724,6650.6079,6384.5836,266.0243,0.02244119,0.02154355,266.0243,6384.5836,0.02154355,266.0243,266.0243,266.0243,332.5304,332.5304,6384.5836,0.02154355,1463.1337,1340.2688,5187.4742,5310.3391,0.01750413,0.01791872,0.00089765,16.2655,14.6936,0.3653,59.3804,1.1678,2646.0457,162.5536,12.4780,16.8648,9.0895,16.5695,22.0926,29.825,33.4482,44.5976,11.8163,0.0,2.018664,2.691552,0.981654,30,240,141,4,0.10479828,0.02244119,0.04150452,0E-8,0.000000,0.902668,0.011910,-0.02129501,2026-03-22,2026-08-05,112,5695,2177,137,0.817518,0.739886,0.767145,0.349328,,,,,,,,GLOBAL_BASELINE_NO_ENTITY_RANKING,,,NOT_APPLICABLE_GLOBAL_BASELINE,HF9g-P5,,,,X 全窗基线 · 不参与实体赏罚,14195813,1420,A168_HF9F_20260827_0900,2026-08-27 09:00:00
2026-05-15,110249610,970,0,347.8609893969,80.1083720775,80.1083720775,0.6428571,14,14,0.49516052857142857,0.495160528571,1.1053120307847335,1.10531203078795,1.1053120307847335,4.2857E-13,ELIGIBLE,R03b_20260811_FULL_v1,L1_ELIGIBILITY,v2026-08-11,2026-03-21..2026-08-06,baccarat_bet02_101_all_pairs_incl_sentinel,round_win = game_pnl > 0 (decisive only),COMPATIBILITY_ONLY_NOT_PRODUCTION,296357.1217,267511.9505,6650.6079,18220,18206,-0.02244119,-0.04150452,-0.02020951,-0.02244119,-6650.6079,296357.1217,OK,0.0000,266.0243,4.0000,96.0000,AG03-UNRESOLVED,ALL5_LEVELS_bet23_to_bet27,266.0243,266.0243,266.0243,332.5304,332.5304,4.000000,4.000000,4.000000,5.000000,5.000000,96.000000,96.000000,96.000000,95.000000,95.000000,5.0,1463.1337,1340.2688,5187.4742,5310.3391,PENDING_AG03,FALSE,NOT_FOR_ENFORCEMENT,6384.5836,256811.4724,6650.6079,6384.5836,266.0243,0.02244119,0.02154355,266.0243,6384.5836,0.02154355,266.0243,266.0243,266.0243,332.5304,332.5304,6384.5836,0.02154355,1463.1337,1340.2688,5187.4742,5310.3391,0.01750413,0.01791872,0.00089765,16.2655,14.6936,0.3653,59.3804,1.1678,2646.0457,162.5536,12.4780,16.8648,9.0895,16.5695,22.0926,29.825,33.4482,44.5976,11.8163,0.0,2.018664,2.691552,0.981654,30,240,141,4,0.10479828,0.02244119,0.04150452,0E-8,0.000000,0.902668,0.011910,-0.02129501,2026-03-22,2026-08-05,112,5695,2177,137,0.817518,0.739886,0.767145,0.349328,,,,,,,,GLOBAL_BASELINE_NO_ENTITY_RANKING,,,NOT_APPLICABLE_GLOBAL_BASELINE,HF9g-P5,,,,X 全窗基线 · 不参与实体赏罚,14195814,1420,A168_HF9F_20260827_0900,2026-08-27 09:00:00
2026-05-15,110249610,987,0,59.0917706347,-4.7384910414,-4.7384910414,0.5000000,2,2,0.50665070000000000,0.506650700000,-0.018812684590367487,-0.018812684590367487,-0.018812684590367487,0E-17,ELIGIBLE,R03b_20260811_FULL_v1,L1_ELIGIBILITY,v2026-08-11,2026-03-21..2026-08-06,baccarat_bet02_101_all_pairs_incl_sentinel,round_win = game_pnl > 0 (decisive only),COMPATIBILITY_ONLY_NOT_PRODUCTION,296357.1217,267511.9505,6650.6079,18220,18206,-0.02244119,-0.04150452,-0.02020951,-0.02244119,-6650.6079,296357.1217,OK,0.0000,266.0243,4.0000,96.0000,AG03-UNRESOLVED,ALL5_LEVELS_bet23_to_bet27,266.0243,266.0243,266.0243,332.5304,332.5304,4.000000,4.000000,4.000000,5.000000,5.000000,96.000000,96.000000,96.000000,95.000000,95.000000,5.0,1463.1337,1340.2688,5187.4742,5310.3391,PENDING_AG03,FALSE,NOT_FOR_ENFORCEMENT,6384.5836,256811.4724,6650.6079,6384.5836,266.0243,0.02244119,0.02154355,266.0243,6384.5836,0.02154355,266.0243,266.0243,266.0243,332.5304,332.5304,6384.5836,0.02154355,1463.1337,1340.2688,5187.4742,5310.3391,0.01750413,0.01791872,0.00089765,16.2655,14.6936,0.3653,59.3804,1.1678,2646.0457,162.5536,12.4780,16.8648,9.0895,16.5695,22.0926,29.825,33.4482,44.5976,11.8163,0.0,2.018664,2.691552,0.981654,30,240,141,4,0.10479828,0.02244119,0.04150452,0E-8,0.000000,0.902668,0.011910,-0.02129501,2026-03-22,2026-08-05,112,5695,2177,137,0.817518,0.739886,0.767145,0.349328,,,,,,,,GLOBAL_BASELINE_NO_ENTITY_RANKING,,,NOT_APPLICABLE_GLOBAL_BASELINE,HF9g-P5,,,,X 全窗基线 · 不参与实体赏罚,14195815,1420,A168_HF9F_20260827_0900,2026-08-27 09:00:00
2026-05-16,110249610,-1,1,119.7444559655,-41.2527455377,-41.2527455377,0.4705882,20,20,0.49592654000000000,0.495926540000,-0.2089519477791963,-0.2089519477791963,-0.2089519477791963,0E-17,SENTINEL_DEALER,R03b_20260811_FULL_v1,L1_ELIGIBILITY,v2026-08-11,2026-03-21..2026-08-06,baccarat_bet02_101_all_pairs_incl_sentinel,round_win = game_pnl > 0 (decisive only),COMPATIBILITY_ONLY_NOT_PRODUCTION,296357.1217,267511.9505,6650.6079,18220,18206,-0.02244119,-0.04150452,-0.02020951,-0.02244119,-6650.6079,296357.1217,OK,0.0000,266.0243,4.0000,96.0000,AG03-UNRESOLVED,ALL5_LEVELS_bet23_to_bet27,266.0243,266.0243,266.0243,332.5304,332.5304,4.000000,4.000000,4.000000,5.000000,5.000000,96.000000,96.000000,96.000000,95.000000,95.000000,5.0,1463.1337,1340.2688,5187.4742,5310.3391,PENDING_AG03,FALSE,NOT_FOR_ENFORCEMENT,6384.5836,256811.4724,6650.6079,6384.5836,266.0243,0.02244119,0.02154355,266.0243,6384.5836,0.02154355,266.0243,266.0243,266.0243,332.5304,332.5304,6384.5836,0.02154355,1463.1337,1340.2688,5187.4742,5310.3391,0.01750413,0.01791872,0.00089765,16.2655,14.6936,0.3653,59.3804,1.1678,2646.0457,162.5536,12.4780,16.8648,9.0895,16.5695,22.0926,29.825,33.4482,44.5976,11.8163,0.0,2.018664,2.691552,0.981654,30,240,141,4,0.10479828,0.02244119,0.04150452,0E-8,0.000000,0.902668,0.011910,-0.02129501,2026-03-22,2026-08-05,112,5695,2177,137,0.817518,0.739886,0.767145,0.349328,,,,,,,,GLOBAL_BASELINE_NO_ENTITY_RANKING,,,NOT_APPLICABLE_GLOBAL_BASELINE,HF9g-P5,,,,X 全窗基线 · 不参与实体赏罚,14195816,1420,A168_HF9F_20260827_0900,2026-08-27 09:00:00
2026-05-16,110249610,1115,0,69.6836917862,66.1995071969,66.1995071969,1.0000000,4,4,0.50665070000000000,0.506650700000,1.9735717970305138,1.9735717970305138,1.9735717970305138,0E-17,ELIGIBLE,R03b_20260811_FULL_v1,L1_ELIGIBILITY,v2026-08-11,2026-03-21..2026-08-06,baccarat_bet02_101_all_pairs_incl_sentinel,round_win = game_pnl > 0 (decisive only),COMPATIBILITY_ONLY_NOT_PRODUCTION,296357.1217,267511.9505,6650.6079,18220,18206,-0.02244119,-0.04150452,-0.02020951,-0.02244119,-6650.6079,296357.1217,OK,0.0000,266.0243,4.0000,96.0000,AG03-UNRESOLVED,ALL5_LEVELS_bet23_to_bet27,266.0243,266.0243,266.0243,332.5304,332.5304,4.000000,4.000000,4.000000,5.000000,5.000000,96.000000,96.000000,96.000000,95.000000,95.000000,5.0,1463.1337,1340.2688,5187.4742,5310.3391,PENDING_AG03,FALSE,NOT_FOR_ENFORCEMENT,6384.5836,256811.4724,6650.6079,6384.5836,266.0243,0.02244119,0.02154355,266.0243,6384.5836,0.02154355,266.0243,266.0243,266.0243,332.5304,332.5304,6384.5836,0.02154355,1463.1337,1340.2688,5187.4742,5310.3391,0.01750413,0.01791872,0.00089765,16.2655,14.6936,0.3653,59.3804,1.1678,2646.0457,162.5536,12.4780,16.8648,9.0895,16.5695,22.0926,29.825,33.4482,44.5976,11.8163,0.0,2.018664,2.691552,0.981654,30,240,141,4,0.10479828,0.02244119,0.04150452,0E-8,0.000000,0.902668,0.011910,-0.02129501,2026-03-22,2026-08-05,112,5695,2177,137,0.817518,0.739886,0.767145,0.349328,,,,,,,,GLOBAL_BASELINE_NO_ENTITY_RANKING,,,NOT_APPLICABLE_GLOBAL_BASELINE,HF9g-P5,,,,X 全窗基线 · 不参与实体赏罚,14195817,1420,A168_HF9F_20260827_0900,2026-08-27 09:00:00
2026-05-16,110249610,1299,0,11.1493906858,-11.1493906858,-11.1493906858,0E-7,1,1,0.49324550000000000,0.493245500000,-0.9865810262130424,-0.9865810262130424,-0.9865810262130424,0E-17,ELIGIBLE,R03b_20260811_FULL_v1,L1_ELIGIBILITY,v2026-08-11,2026-03-21..2026-08-06,baccarat_bet02_101_all_pairs_incl_sentinel,round_win = game_pnl > 0 (decisive only),COMPATIBILITY_ONLY_NOT_PRODUCTION,296357.1217,267511.9505,6650.6079,18220,18206,-0.02244119,-0.04150452,-0.02020951,-0.02244119,-6650.6079,296357.1217,OK,0.0000,266.0243,4.0000,96.0000,AG03-UNRESOLVED,ALL5_LEVELS_bet23_to_bet27,266.0243,266.0243,266.0243,332.5304,332.5304,4.000000,4.000000,4.000000,5.000000,5.000000,96.000000,96.000000,96.000000,95.000000,95.000000,5.0,1463.1337,1340.2688,5187.4742,5310.3391,PENDING_AG03,FALSE,NOT_FOR_ENFORCEMENT,6384.5836,256811.4724,6650.6079,6384.5836,266.0243,0.02244119,0.02154355,266.0243,6384.5836,0.02154355,266.0243,266.0243,266.0243,332.5304,332.5304,6384.5836,0.02154355,1463.1337,1340.2688,5187.4742,5310.3391,0.01750413,0.01791872,0.00089765,16.2655,14.6936,0.3653,59.3804,1.1678,2646.0457,162.5536,12.4780,16.8648,9.0895,16.5695,22.0926,29.825,33.4482,44.5976,11.8163,0.0,2.018664,2.691552,0.981654,30,240,141,4,0.10479828,0.02244119,0.04150452,0E-8,0.000000,0.902668,0.011910,-0.02129501,2026-03-22,2026-08-05,112,5695,2177,137,0.817518,0.739886,0.767145,0.349328,,,,,,,,GLOBAL_BASELINE_NO_ENTITY_RANKING,,,NOT_APPLICABLE_GLOBAL_BASELINE,HF9g-P5,,,,X 全窗基线 · 不参与实体赏罚,14195818,1420,A168_HF9F_20260827_0900,2026-08-27 09:00:00
2026-05-16,110249610,1323,0,16.7240860287,-16.7240860287,-16.7240860287,0E-7,1,1,0.50665070000000000,0.506650700000,-1.013391052207602,-1.013391052207602,-1.013391052207602,0E-17,ELIGIBLE,R03b_20260811_FULL_v1,L1_ELIGIBILITY,v2026-08-11,2026-03-21..2026-08-06,baccarat_bet02_101_all_pairs_incl_sentinel,round_win = game_pnl > 0 (decisive only),COMPATIBILITY_ONLY_NOT_PRODUCTION,296357.1217,267511.9505,6650.6079,18220,18206,-0.02244119,-0.04150452,-0.02020951,-0.02244119,-6650.6079,296357.1217,OK,0.0000,266.0243,4.0000,96.0000,AG03-UNRESOLVED,ALL5_LEVELS_bet23_to_bet27,266.0243,266.0243,266.0243,332.5304,332.5304,4.000000,4.000000,4.000000,5.000000,5.000000,96.000000,96.000000,96.000000,95.000000,95.000000,5.0,1463.1337,1340.2688,5187.4742,5310.3391,PENDING_AG03,FALSE,NOT_FOR_ENFORCEMENT,6384.5836,256811.4724,6650.6079,6384.5836,266.0243,0.02244119,0.02154355,266.0243,6384.5836,0.02154355,266.0243,266.0243,266.0243,332.5304,332.5304,6384.5836,0.02154355,1463.1337,1340.2688,5187.4742,5310.3391,0.01750413,0.01791872,0.00089765,16.2655,14.6936,0.3653,59.3804,1.1678,2646.0457,162.5536,12.4780,16.8648,9.0895,16.5695,22.0926,29.825,33.4482,44.5976,11.8163,0.0,2.018664,2.691552,0.981654,30,240,141,4,0.10479828,0.02244119,0.04150452,0E-8,0.000000,0.902668,0.011910,-0.02129501,2026-03-22,2026-08-05,112,5695,2177,137,0.817518,0.739886,0.767145,0.349328,,,,,,,,GLOBAL_BASELINE_NO_ENTITY_RANKING,,,NOT_APPLICABLE_GLOBAL_BASELINE,HF9g-P5,,,,X 全窗基线 · 不参与实体赏罚,14195819,1420,A168_HF9F_20260827_0900,2026-08-27 09:00:00
2026-05-16,110249610,1363,0,11.1493906858,-11.1493906858,-11.1493906858,0E-7,1,1,0.50665070000000000,0.506650700000,-1.013391052207602,-1.013391052207602,-1.013391052207602,0E-17,ELIGIBLE,R03b_20260811_FULL_v1,L1_ELIGIBILITY,v2026-08-11,2026-03-21..2026-08-06,baccarat_bet02_101_all_pairs_incl_sentinel,round_win = game_pnl > 0 (decisive only),COMPATIBILITY_ONLY_NOT_PRODUCTION,296357.1217,267511.9505,6650.6079,18220,18206,-0.02244119,-0.04150452,-0.02020951,-0.02244119,-6650.6079,296357.1217,OK,0.0000,266.0243,4.0000,96.0000,AG03-UNRESOLVED,ALL5_LEVELS_bet23_to_bet27,266.0243,266.0243,266.0243,332.5304,332.5304,4.000000,4.000000,4.000000,5.000000,5.000000,96.000000,96.000000,96.000000,95.000000,95.000000,5.0,1463.1337,1340.2688,5187.4742,5310.3391,PENDING_AG03,FALSE,NOT_FOR_ENFORCEMENT,6384.5836,256811.4724,6650.6079,6384.5836,266.0243,0.02244119,0.02154355,266.0243,6384.5836,0.02154355,266.0243,266.0243,266.0243,332.5304,332.5304,6384.5836,0.02154355,1463.1337,1340.2688,5187.4742,5310.3391,0.01750413,0.01791872,0.00089765,16.2655,14.6936,0.3653,59.3804,1.1678,2646.0457,162.5536,12.4780,16.8648,9.0895,16.5695,22.0926,29.825,33.4482,44.5976,11.8163,0.0,2.018664,2.691552,0.981654,30,240,141,4,0.10479828,0.02244119,0.04150452,0E-8,0.000000,0.902668,0.011910,-0.02129501,2026-03-22,2026-08-05,112,5695,2177,137,0.817518,0.739886,0.767145,0.349328,,,,,,,,GLOBAL_BASELINE_NO_ENTITY_RANKING,,,NOT_APPLICABLE_GLOBAL_BASELINE,HF9g-P5,,,,X 全窗基线 · 不参与实体赏罚,14195820,1420,A168_HF9F_20260827_0900,2026-08-27 09:00:00
2026-05-16,110249610,1935,0,5.5746953429,-5.5746953429,-5.5746953429,0E-7,1,1,0.50665070000000000,0.506650700000,-1.013391052207602,-1.013391052207602,-1.013391052207602,0E-17,ELIGIBLE,R03b_20260811_FULL_v1,L1_ELIGIBILITY,v2026-08-11,2026-03-21..2026-08-06,baccarat_bet02_101_all_pairs_incl_sentinel,round_win = game_pnl > 0 (decisive only),COMPATIBILITY_ONLY_NOT_PRODUCTION,296357.1217,267511.9505,6650.6079,18220,18206,-0.02244119,-0.04150452,-0.02020951,-0.02244119,-6650.6079,296357.1217,OK,0.0000,266.0243,4.0000,96.0000,AG03-UNRESOLVED,ALL5_LEVELS_bet23_to_bet27,266.0243,266.0243,266.0243,332.5304,332.5304,4.000000,4.000000,4.000000,5.000000,5.000000,96.000000,96.000000,96.000000,95.000000,95.000000,5.0,1463.1337,1340.2688,5187.4742,5310.3391,PENDING_AG03,FALSE,NOT_FOR_ENFORCEMENT,6384.5836,256811.4724,6650.6079,6384.5836,266.0243,0.02244119,0.02154355,266.0243,6384.5836,0.02154355,266.0243,266.0243,266.0243,332.5304,332.5304,6384.5836,0.02154355,1463.1337,1340.2688,5187.4742,5310.3391,0.01750413,0.01791872,0.00089765,16.2655,14.6936,0.3653,59.3804,1.1678,2646.0457,162.5536,12.4780,16.8648,9.0895,16.5695,22.0926,29.825,33.4482,44.5976,11.8163,0.0,2.018664,2.691552,0.981654,30,240,141,4,0.10479828,0.02244119,0.04150452,0E-8,0.000000,0.902668,0.011910,-0.02129501,2026-03-22,2026-08-05,112,5695,2177,137,0.817518,0.739886,0.767145,0.349328,,,,,,,,GLOBAL_BASELINE_NO_ENTITY_RANKING,,,NOT_APPLICABLE_GLOBAL_BASELINE,HF9g-P5,,,,X 全窗基线 · 不参与实体赏罚,14195821,1420,A168_HF9F_20260827_0900,2026-08-27 09:00:00
2026-05-16,110249610,1985,0,47.3849104146,25.9502068212,25.9502068212,1.0000000,3,3,0.50665070000000000,0.506650700000,1.3955260008387969,1.3955260008387969,1.3955260008387969,0E-17,ELIGIBLE,R03b_20260811_FULL_v1,L1_ELIGIBILITY,v2026-08-11,2026-03-21..2026-08-06,baccarat_bet02_101_all_pairs_incl_sentinel,round_win = game_pnl > 0 (decisive only),COMPATIBILITY_ONLY_NOT_PRODUCTION,296357.1217,267511.9505,6650.6079,18220,18206,-0.02244119,-0.04150452,-0.02020951,-0.02244119,-6650.6079,296357.1217,OK,0.0000,266.0243,4.0000,96.0000,AG03-UNRESOLVED,ALL5_LEVELS_bet23_to_bet27,266.0243,266.0243,266.0243,332.5304,332.5304,4.000000,4.000000,4.000000,5.000000,5.000000,96.000000,96.000000,96.000000,95.000000,95.000000,5.0,1463.1337,1340.2688,5187.4742,5310.3391,PENDING_AG03,FALSE,NOT_FOR_ENFORCEMENT,6384.5836,256811.4724,6650.6079,6384.5836,266.0243,0.02244119,0.02154355,266.0243,6384.5836,0.02154355,266.0243,266.0243,266.0243,332.5304,332.5304,6384.5836,0.02154355,1463.1337,1340.2688,5187.4742,5310.3391,0.01750413,0.01791872,0.00089765,16.2655,14.6936,0.3653,59.3804,1.1678,2646.0457,162.5536,12.4780,16.8648,9.0895,16.5695,22.0926,29.825,33.4482,44.5976,11.8163,0.0,2.018664,2.691552,0.981654,30,240,141,4,0.10479828,0.02244119,0.04150452,0E-8,0.000000,0.902668,0.011910,-0.02129501,2026-03-22,2026-08-05,112,5695,2177,137,0.817518,0.739886,0.767145,0.349328,,,,,,,,GLOBAL_BASELINE_NO_ENTITY_RANKING,,,NOT_APPLICABLE_GLOBAL_BASELINE,HF9g-P5,,,,X 全窗基线 · 不参与实体赏罚,14195822,1420,A168_HF9F_20260827_0900,2026-08-27 09:00:00
2026-05-16,110249610,2103,0,12.2643297544,-12.2643297544,-12.2643297544,0E-7,2,2,0.49994810000000000,0.499948100000,-1.4140667746232096,-1.4140667746232096,-1.4140667746232096,0E-17,ELIGIBLE,R03b_20260811_FULL_v1,L1_ELIGIBILITY,v2026-08-11,2026-03-21..2026-08-06,baccarat_bet02_101_all_pairs_incl_sentinel,round_win = game_pnl > 0 (decisive only),COMPATIBILITY_ONLY_NOT_PRODUCTION,296357.1217,267511.9505,6650.6079,18220,18206,-0.02244119,-0.04150452,-0.02020951,-0.02244119,-6650.6079,296357.1217,OK,0.0000,266.0243,4.0000,96.0000,AG03-UNRESOLVED,ALL5_LEVELS_bet23_to_bet27,266.0243,266.0243,266.0243,332.5304,332.5304,4.000000,4.000000,4.000000,5.000000,5.000000,96.000000,96.000000,96.000000,95.000000,95.000000,5.0,1463.1337,1340.2688,5187.4742,5310.3391,PENDING_AG03,FALSE,NOT_FOR_ENFORCEMENT,6384.5836,256811.4724,6650.6079,6384.5836,266.0243,0.02244119,0.02154355,266.0243,6384.5836,0.02154355,266.0243,266.0243,266.0243,332.5304,332.5304,6384.5836,0.02154355,1463.1337,1340.2688,5187.4742,5310.3391,0.01750413,0.01791872,0.00089765,16.2655,14.6936,0.3653,59.3804,1.1678,2646.0457,162.5536,12.4780,16.8648,9.0895,16.5695,22.0926,29.825,33.4482,44.5976,11.8163,0.0,2.018664,2.691552,0.981654,30,240,141,4,0.10479828,0.02244119,0.04150452,0E-8,0.000000,0.902668,0.011910,-0.02129501,2026-03-22,2026-08-05,112,5695,2177,137,0.817518,0.739886,0.767145,0.349328,,,,,,,,GLOBAL_BASELINE_NO_ENTITY_RANKING,,,NOT_APPLICABLE_GLOBAL_BASELINE,HF9g-P5,,,,X 全窗基线 · 不参与实体赏罚,14195823,1420,A168_HF9F_20260827_0900,2026-08-27 09:00:00
2026-05-16,110249610,2130,0,20.0689032344,-16.7240860287,-16.7240860287,0E-7,4,4,0.50665070000000000,0.506650700000,-1.7552447903592512,-1.7552447903592512,-1.7552447903592512,0E-17,ELIGIBLE,R03b_20260811_FULL_v1,L1_ELIGIBILITY,v2026-08-11,2026-03-21..2026-08-06,baccarat_bet02_101_all_pairs_incl_sentinel,round_win = game_pnl > 0 (decisive only),COMPATIBILITY_ONLY_NOT_PRODUCTION,296357.1217,267511.9505,6650.6079,18220,18206,-0.02244119,-0.04150452,-0.02020951,-0.02244119,-6650.6079,296357.1217,OK,0.0000,266.0243,4.0000,96.0000,AG03-UNRESOLVED,ALL5_LEVELS_bet23_to_bet27,266.0243,266.0243,266.0243,332.5304,332.5304,4.000000,4.000000,4.000000,5.000000,5.000000,96.000000,96.000000,96.000000,95.000000,95.000000,5.0,1463.1337,1340.2688,5187.4742,5310.3391,PENDING_AG03,FALSE,NOT_FOR_ENFORCEMENT,6384.5836,256811.4724,6650.6079,6384.5836,266.0243,0.02244119,0.02154355,266.0243,6384.5836,0.02154355,266.0243,266.0243,266.0243,332.5304,332.5304,6384.5836,0.02154355,1463.1337,1340.2688,5187.4742,5310.3391,0.01750413,0.01791872,0.00089765,16.2655,14.6936,0.3653,59.3804,1.1678,2646.0457,162.5536,12.4780,16.8648,9.0895,16.5695,22.0926,29.825,33.4482,44.5976,11.8163,0.0,2.018664,2.691552,0.981654,30,240,141,4,0.10479828,0.02244119,0.04150452,0E-8,0.000000,0.902668,0.011910,-0.02129501,2026-03-22,2026-08-05,112,5695,2177,137,0.817518,0.739886,0.767145,0.349328,,,,,,,,GLOBAL_BASELINE_NO_ENTITY_RANKING,,,NOT_APPLICABLE_GLOBAL_BASELINE,HF9g-P5,,,,X 全窗基线 · 不参与实体赏罚,14195824,1420,A168_HF9F_20260827_0900,2026-08-27 09:00:00
2026-05-16,110249610,2164,0,56.1929290566,5.6861892498,5.6861892498,0.6666667,4,4,0.49324550000000000,0.493245500000,0.6008033672792107,0.6008033672792106,0.6008033672792107,0E-17,ELIGIBLE,R03b_20260811_FULL_v1,L1_ELIGIBILITY,v2026-08-11,2026-03-21..2026-08-06,baccarat_bet02_101_all_pairs_incl_sentinel,round_win = game_pnl > 0 (decisive only),COMPATIBILITY_ONLY_NOT_PRODUCTION,296357.1217,267511.9505,6650.6079,18220,18206,-0.02244119,-0.04150452,-0.02020951,-0.02244119,-6650.6079,296357.1217,OK,0.0000,266.0243,4.0000,96.0000,AG03-UNRESOLVED,ALL5_LEVELS_bet23_to_bet27,266.0243,266.0243,266.0243,332.5304,332.5304,4.000000,4.000000,4.000000,5.000000,5.000000,96.000000,96.000000,96.000000,95.000000,95.000000,5.0,1463.1337,1340.2688,5187.4742,5310.3391,PENDING_AG03,FALSE,NOT_FOR_ENFORCEMENT,6384.5836,256811.4724,6650.6079,6384.5836,266.0243,0.02244119,0.02154355,266.0243,6384.5836,0.02154355,266.0243,266.0243,266.0243,332.5304,332.5304,6384.5836,0.02154355,1463.1337,1340.2688,5187.4742,5310.3391,0.01750413,0.01791872,0.00089765,16.2655,14.6936,0.3653,59.3804,1.1678,2646.0457,162.5536,12.4780,16.8648,9.0895,16.5695,22.0926,29.825,33.4482,44.5976,11.8163,0.0,2.018664,2.691552,0.981654,30,240,141,4,0.10479828,0.02244119,0.04150452,0E-8,0.000000,0.902668,0.011910,-0.02129501,2026-03-22,2026-08-05,112,5695,2177,137,0.817518,0.739886,0.767145,0.349328,,,,,,,,GLOBAL_BASELINE_NO_ENTITY_RANKING,,,NOT_APPLICABLE_GLOBAL_BASELINE,HF9g-P5,,,,X 全窗基线 · 不参与实体赏罚,14195825,1420,A168_HF9F_20260827_0900,2026-08-27 09:00:00
2026-05-16,110249610,2196,0,4.4597562743,-4.4597562743,-4.4597562743,0E-7,1,1,0.50665070000000000,0.506650700000,-1.013391052207602,-1.013391052207602,-1.013391052207602,0E-17,ELIGIBLE,R03b_20260811_FULL_v1,L1_ELIGIBILITY,v2026-08-11,2026-03-21..2026-08-06,baccarat_bet02_101_all_pairs_incl_sentinel,round_win = game_pnl > 0 (decisive only),COMPATIBILITY_ONLY_NOT_PRODUCTION,296357.1217,267511.9505,6650.6079,18220,18206,-0.02244119,-0.04150452,-0.02020951,-0.02244119,-6650.6079,296357.1217,OK,0.0000,266.0243,4.0000,96.0000,AG03-UNRESOLVED,ALL5_LEVELS_bet23_to_bet27,266.0243,266.0243,266.0243,332.5304,332.5304,4.000000,4.000000,4.000000,5.000000,5.000000,96.000000,96.000000,96.000000,95.000000,95.000000,5.0,1463.1337,1340.2688,5187.4742,5310.3391,PENDING_AG03,FALSE,NOT_FOR_ENFORCEMENT,6384.5836,256811.4724,6650.6079,6384.5836,266.0243,0.02244119,0.02154355,266.0243,6384.5836,0.02154355,266.0243,266.0243,266.0243,332.5304,332.5304,6384.5836,0.02154355,1463.1337,1340.2688,5187.4742,5310.3391,0.01750413,0.01791872,0.00089765,16.2655,14.6936,0.3653,59.3804,1.1678,2646.0457,162.5536,12.4780,16.8648,9.0895,16.5695,22.0926,29.825,33.4482,44.5976,11.8163,0.0,2.018664,2.691552,0.981654,30,240,141,4,0.10479828,0.02244119,0.04150452,0E-8,0.000000,0.902668,0.011910,-0.02129501,2026-03-22,2026-08-05,112,5695,2177,137,0.817518,0.739886,0.767145,0.349328,,,,,,,,GLOBAL_BASELINE_NO_ENTITY_RANKING,,,NOT_APPLICABLE_GLOBAL_BASELINE,HF9g-P5,,,,X 全窗基线 · 不参与实体赏罚,14195826,1420,A168_HF9F_20260827_0900,2026-08-27 09:00:00
2026-05-16,110249610,2220,0,29.7688731311,3.0103354853,3.0103354853,0.6000000,5,5,0.49324550000000000,0.493245500000,0.47746420675292983,0.47746420675292983,0.47746420675292983,0E-17,ELIGIBLE,R03b_20260811_FULL_v1,L1_ELIGIBILITY,v2026-08-11,2026-03-21..2026-08-06,baccarat_bet02_101_all_pairs_incl_sentinel,round_win = game_pnl > 0 (decisive only),COMPATIBILITY_ONLY_NOT_PRODUCTION,296357.1217,267511.9505,6650.6079,18220,18206,-0.02244119,-0.04150452,-0.02020951,-0.02244119,-6650.6079,296357.1217,OK,0.0000,266.0243,4.0000,96.0000,AG03-UNRESOLVED,ALL5_LEVELS_bet23_to_bet27,266.0243,266.0243,266.0243,332.5304,332.5304,4.000000,4.000000,4.000000,5.000000,5.000000,96.000000,96.000000,96.000000,95.000000,95.000000,5.0,1463.1337,1340.2688,5187.4742,5310.3391,PENDING_AG03,FALSE,NOT_FOR_ENFORCEMENT,6384.5836,256811.4724,6650.6079,6384.5836,266.0243,0.02244119,0.02154355,266.0243,6384.5836,0.02154355,266.0243,266.0243,266.0243,332.5304,332.5304,6384.5836,0.02154355,1463.1337,1340.2688,5187.4742,5310.3391,0.01750413,0.01791872,0.00089765,16.2655,14.6936,0.3653,59.3804,1.1678,2646.0457,162.5536,12.4780,16.8648,9.0895,16.5695,22.0926,29.825,33.4482,44.5976,11.8163,0.0,2.018664,2.691552,0.981654,30,240,141,4,0.10479828,0.02244119,0.04150452,0E-8,0.000000,0.902668,0.011910,-0.02129501,2026-03-22,2026-08-05,112,5695,2177,137,0.817518,0.739886,0.767145,0.349328,,,,,,,,GLOBAL_BASELINE_NO_ENTITY_RANKING,,,NOT_APPLICABLE_GLOBAL_BASELINE,HF9g-P5,,,,X 全窗基线 · 不参与实体赏罚,14195827,1420,A168_HF9F_20260827_0900,2026-08-27 09:00:00
2026-05-16,110249610,2242,0,21.1838423030,-21.1838423030,-21.1838423030,0E-7,1,1,0.50665070000000000,0.506650700000,-1.013391052207602,-1.013391052207602,-1.013391052207602,0E-17,ELIGIBLE,R03b_20260811_FULL_v1,L1_ELIGIBILITY,v2026-08-11,2026-03-21..2026-08-06,baccarat_bet02_101_all_pairs_incl_sentinel,round_win = game_pnl > 0 (decisive only),COMPATIBILITY_ONLY_NOT_PRODUCTION,296357.1217,267511.9505,6650.6079,18220,18206,-0.02244119,-0.04150452,-0.02020951,-0.02244119,-6650.6079,296357.1217,OK,0.0000,266.0243,4.0000,96.0000,AG03-UNRESOLVED,ALL5_LEVELS_bet23_to_bet27,266.0243,266.0243,266.0243,332.5304,332.5304,4.000000,4.000000,4.000000,5.000000,5.000000,96.000000,96.000000,96.000000,95.000000,95.000000,5.0,1463.1337,1340.2688,5187.4742,5310.3391,PENDING_AG03,FALSE,NOT_FOR_ENFORCEMENT,6384.5836,256811.4724,6650.6079,6384.5836,266.0243,0.02244119,0.02154355,266.0243,6384.5836,0.02154355,266.0243,266.0243,266.0243,332.5304,332.5304,6384.5836,0.02154355,1463.1337,1340.2688,5187.4742,5310.3391,0.01750413,0.01791872,0.00089765,16.2655,14.6936,0.3653,59.3804,1.1678,2646.0457,162.5536,12.4780,16.8648,9.0895,16.5695,22.0926,29.825,33.4482,44.5976,11.8163,0.0,2.018664,2.691552,0.981654,30,240,141,4,0.10479828,0.02244119,0.04150452,0E-8,0.000000,0.902668,0.011910,-0.02129501,2026-03-22,2026-08-05,112,5695,2177,137,0.817518,0.739886,0.767145,0.349328,,,,,,,,GLOBAL_BASELINE_NO_ENTITY_RANKING,,,NOT_APPLICABLE_GLOBAL_BASELINE,HF9g-P5,,,,X 全窗基线 · 不参与实体赏罚,14195828,1420,A168_HF9F_20260827_0900,2026-08-27 09:00:00
2026-05-16,110249610,2256,0,2.6758537646,-2.6758537646,-2.6758537646,0E-7,1,1,0.50665070000000000,0.506650700000,-1.013391052207602,-1.013391052207602,-1.013391052207602,0E-17,ELIGIBLE,R03b_20260811_FULL_v1,L1_ELIGIBILITY,v2026-08-11,2026-03-21..2026-08-06,baccarat_bet02_101_all_pairs_incl_sentinel,round_win = game_pnl > 0 (decisive only),COMPATIBILITY_ONLY_NOT_PRODUCTION,296357.1217,267511.9505,6650.6079,18220,18206,-0.02244119,-0.04150452,-0.02020951,-0.02244119,-6650.6079,296357.1217,OK,0.0000,266.0243,4.0000,96.0000,AG03-UNRESOLVED,ALL5_LEVELS_bet23_to_bet27,266.0243,266.0243,266.0243,332.5304,332.5304,4.000000,4.000000,4.000000,5.000000,5.000000,96.000000,96.000000,96.000000,95.000000,95.000000,5.0,1463.1337,1340.2688,5187.4742,5310.3391,PENDING_AG03,FALSE,NOT_FOR_ENFORCEMENT,6384.5836,256811.4724,6650.6079,6384.5836,266.0243,0.02244119,0.02154355,266.0243,6384.5836,0.02154355,266.0243,266.0243,266.0243,332.5304,332.5304,6384.5836,0.02154355,1463.1337,1340.2688,5187.4742,5310.3391,0.01750413,0.01791872,0.00089765,16.2655,14.6936,0.3653,59.3804,1.1678,2646.0457,162.5536,12.4780,16.8648,9.0895,16.5695,22.0926,29.825,33.4482,44.5976,11.8163,0.0,2.018664,2.691552,0.981654,30,240,141,4,0.10479828,0.02244119,0.04150452,0E-8,0.000000,0.902668,0.011910,-0.02129501,2026-03-22,2026-08-05,112,5695,2177,137,0.817518,0.739886,0.767145,0.349328,,,,,,,,GLOBAL_BASELINE_NO_ENTITY_RANKING,,,NOT_APPLICABLE_GLOBAL_BASELINE,HF9g-P5,,,,X 全窗基线 · 不参与实体赏罚,14195829,1420,A168_HF9F_20260827_0900,2026-08-27 09:00:00
2026-05-16,110249610,583,0,31.7757634545,-9.4769820829,-9.4769820829,0.5000000,2,2,0.49324550000000000,0.493245500000,0.01910635448239258,0.01910635448239258,0.01910635448239258,0E-17,ELIGIBLE,R03b_20260811_FULL_v1,L1_ELIGIBILITY,v2026-08-11,2026-03-21..2026-08-06,baccarat_bet02_101_all_pairs_incl_sentinel,round_win = game_pnl > 0 (decisive only),COMPATIBILITY_ONLY_NOT_PRODUCTION,296357.1217,267511.9505,6650.6079,18220,18206,-0.02244119,-0.04150452,-0.02020951,-0.02244119,-6650.6079,296357.1217,OK,0.0000,266.0243,4.0000,96.0000,AG03-UNRESOLVED,ALL5_LEVELS_bet23_to_bet27,266.0243,266.0243,266.0243,332.5304,332.5304,4.000000,4.000000,4.000000,5.000000,5.000000,96.000000,96.000000,96.000000,95.000000,95.000000,5.0,1463.1337,1340.2688,5187.4742,5310.3391,PENDING_AG03,FALSE,NOT_FOR_ENFORCEMENT,6384.5836,256811.4724,6650.6079,6384.5836,266.0243,0.02244119,0.02154355,266.0243,6384.5836,0.02154355,266.0243,266.0243,266.0243,332.5304,332.5304,6384.5836,0.02154355,1463.1337,1340.2688,5187.4742,5310.3391,0.01750413,0.01791872,0.00089765,16.2655,14.6936,0.3653,59.3804,1.1678,2646.0457,162.5536,12.4780,16.8648,9.0895,16.5695,22.0926,29.825,33.4482,44.5976,11.8163,0.0,2.018664,2.691552,0.981654,30,240,141,4,0.10479828,0.02244119,0.04150452,0E-8,0.000000,0.902668,0.011910,-0.02129501,2026-03-22,2026-08-05,112,5695,2177,137,0.817518,0.739886,0.767145,0.349328,,,,,,,,GLOBAL_BASELINE_NO_ENTITY_RANKING,,,NOT_APPLICABLE_GLOBAL_BASELINE,HF9g-P5,,,,X 全窗基线 · 不参与实体赏罚,14195830,1420,A168_HF9F_20260827_0900,2026-08-27 09:00:00
2026-05-17,110249610,-1,1,264.1290653466,-14.1039792175,-14.1039792175,0.5000000,19,19,0.49465657368421053,0.494656573684,0.04534306515488317,0.04534306515666988,0.04534306515488317,2.1053E-13,SENTINEL_DEALER,R03b_20260811_FULL_v1,L1_ELIGIBILITY,v2026-08-11,2026-03-21..2026-08-06,baccarat_bet02_101_all_pairs_incl_sentinel,round_win = game_pnl > 0 (decisive only),COMPATIBILITY_ONLY_NOT_PRODUCTION,296357.1217,267511.9505,6650.6079,18220,18206,-0.02244119,-0.04150452,-0.02020951,-0.02244119,-6650.6079,296357.1217,OK,0.0000,266.0243,4.0000,96.0000,AG03-UNRESOLVED,ALL5_LEVELS_bet23_to_bet27,266.0243,266.0243,266.0243,332.5304,332.5304,4.000000,4.000000,4.000000,5.000000,5.000000,96.000000,96.000000,96.000000,95.000000,95.000000,5.0,1463.1337,1340.2688,5187.4742,5310.3391,PENDING_AG03,FALSE,NOT_FOR_ENFORCEMENT,6384.5836,256811.4724,6650.6079,6384.5836,266.0243,0.02244119,0.02154355,266.0243,6384.5836,0.02154355,266.0243,266.0243,266.0243,332.5304,332.5304,6384.5836,0.02154355,1463.1337,1340.2688,5187.4742,5310.3391,0.01750413,0.01791872,0.00089765,16.2655,14.6936,0.3653,59.3804,1.1678,2646.0457,162.5536,12.4780,16.8648,9.0895,16.5695,22.0926,29.825,33.4482,44.5976,11.8163,0.0,2.018664,2.691552,0.981654,30,240,141,4,0.10479828,0.02244119,0.04150452,0E-8,0.000000,0.902668,0.011910,-0.02129501,2026-03-22,2026-08-05,112,5695,2177,137,0.817518,0.739886,0.767145,0.349328,,,,,,,,GLOBAL_BASELINE_NO_ENTITY_RANKING,,,NOT_APPLICABLE_GLOBAL_BASELINE,HF9g-P5,,,,X 全窗基线 · 不参与实体赏罚,14195831,1420,A168_HF9F_20260827_0900,2026-08-27 09:00:00
2026-05-17,110249610,1017,0,4.4597562744,0E-10,0E-10,0.5000000,2,2,0.49324550000000000,0.493245500000,0.01910635448239258,0.01910635448239258,0.01910635448239258,0E-17,ELIGIBLE,R03b_20260811_FULL_v1,L1_ELIGIBILITY,v2026-08-11,2026-03-21..2026-08-06,baccarat_bet02_101_all_pairs_incl_sentinel,round_win = game_pnl > 0 (decisive only),COMPATIBILITY_ONLY_NOT_PRODUCTION,296357.1217,267511.9505,6650.6079,18220,18206,-0.02244119,-0.04150452,-0.02020951,-0.02244119,-6650.6079,296357.1217,OK,0.0000,266.0243,4.0000,96.0000,AG03-UNRESOLVED,ALL5_LEVELS_bet23_to_bet27,266.0243,266.0243,266.0243,332.5304,332.5304,4.000000,4.000000,4.000000,5.000000,5.000000,96.000000,96.000000,96.000000,95.000000,95.000000,5.0,1463.1337,1340.2688,5187.4742,5310.3391,PENDING_AG03,FALSE,NOT_FOR_ENFORCEMENT,6384.5836,256811.4724,6650.6079,6384.5836,266.0243,0.02244119,0.02154355,266.0243,6384.5836,0.02154355,266.0243,266.0243,266.0243,332.5304,332.5304,6384.5836,0.02154355,1463.1337,1340.2688,5187.4742,5310.3391,0.01750413,0.01791872,0.00089765,16.2655,14.6936,0.3653,59.3804,1.1678,2646.0457,162.5536,12.4780,16.8648,9.0895,16.5695,22.0926,29.825,33.4482,44.5976,11.8163,0.0,2.018664,2.691552,0.981654,30,240,141,4,0.10479828,0.02244119,0.04150452,0E-8,0.000000,0.902668,0.011910,-0.02129501,2026-03-22,2026-08-05,112,5695,2177,137,0.817518,0.739886,0.767145,0.349328,,,,,,,,GLOBAL_BASELINE_NO_ENTITY_RANKING,,,NOT_APPLICABLE_GLOBAL_BASELINE,HF9g-P5,,,,X 全窗基线 · 不参与实体赏罚,14195832,1420,A168_HF9F_20260827_0900,2026-08-27 09:00:00
2026-05-17,110249610,1094,0,16.7240860287,-16.7240860287,-16.7240860287,0E-7,1,1,0.50665070000000000,0.506650700000,-1.013391052207602,-1.013391052207602,-1.013391052207602,0E-17,ELIGIBLE,R03b_20260811_FULL_v1,L1_ELIGIBILITY,v2026-08-11,2026-03-21..2026-08-06,baccarat_bet02_101_all_pairs_incl_sentinel,round_win = game_pnl > 0 (decisive only),COMPATIBILITY_ONLY_NOT_PRODUCTION,296357.1217,267511.9505,6650.6079,18220,18206,-0.02244119,-0.04150452,-0.02020951,-0.02244119,-6650.6079,296357.1217,OK,0.0000,266.0243,4.0000,96.0000,AG03-UNRESOLVED,ALL5_LEVELS_bet23_to_bet27,266.0243,266.0243,266.0243,332.5304,332.5304,4.000000,4.000000,4.000000,5.000000,5.000000,96.000000,96.000000,96.000000,95.000000,95.000000,5.0,1463.1337,1340.2688,5187.4742,5310.3391,PENDING_AG03,FALSE,NOT_FOR_ENFORCEMENT,6384.5836,256811.4724,6650.6079,6384.5836,266.0243,0.02244119,0.02154355,266.0243,6384.5836,0.02154355,266.0243,266.0243,266.0243,332.5304,332.5304,6384.5836,0.02154355,1463.1337,1340.2688,5187.4742,5310.3391,0.01750413,0.01791872,0.00089765,16.2655,14.6936,0.3653,59.3804,1.1678,2646.0457,162.5536,12.4780,16.8648,9.0895,16.5695,22.0926,29.825,33.4482,44.5976,11.8163,0.0,2.018664,2.691552,0.981654,30,240,141,4,0.10479828,0.02244119,0.04150452,0E-8,0.000000,0.902668,0.011910,-0.02129501,2026-03-22,2026-08-05,112,5695,2177,137,0.817518,0.739886,0.767145,0.349328,,,,,,,,GLOBAL_BASELINE_NO_ENTITY_RANKING,,,NOT_APPLICABLE_GLOBAL_BASELINE,HF9g-P5,,,,X 全窗基线 · 不参与实体赏罚,14195833,1420,A168_HF9F_20260827_0900,2026-08-27 09:00:00
2026-05-17,110249610,1115,0,1.6724086029,-1.6724086029,-1.6724086029,0E-7,1,1,0.49324550000000000,0.493245500000,-0.9865810262130424,-0.9865810262130424,-0.9865810262130424,0E-17,ELIGIBLE,R03b_20260811_FULL_v1,L1_ELIGIBILITY,v2026-08-11,2026-03-21..2026-08-06,baccarat_bet02_101_all_pairs_incl_sentinel,round_win = game_pnl > 0 (decisive only),COMPATIBILITY_ONLY_NOT_PRODUCTION,296357.1217,267511.9505,6650.6079,18220,18206,-0.02244119,-0.04150452,-0.02020951,-0.02244119,-6650.6079,296357.1217,OK,0.0000,266.0243,4.0000,96.0000,AG03-UNRESOLVED,ALL5_LEVELS_bet23_to_bet27,266.0243,266.0243,266.0243,332.5304,332.5304,4.000000,4.000000,4.000000,5.000000,5.000000,96.000000,96.000000,96.000000,95.000000,95.000000,5.0,1463.1337,1340.2688,5187.4742,5310.3391,PENDING_AG03,FALSE,NOT_FOR_ENFORCEMENT,6384.5836,256811.4724,6650.6079,6384.5836,266.0243,0.02244119,0.02154355,266.0243,6384.5836,0.02154355,266.0243,266.0243,266.0243,332.5304,332.5304,6384.5836,0.02154355,1463.1337,1340.2688,5187.4742,5310.3391,0.01750413,0.01791872,0.00089765,16.2655,14.6936,0.3653,59.3804,1.1678,2646.0457,162.5536,12.4780,16.8648,9.0895,16.5695,22.0926,29.825,33.4482,44.5976,11.8163,0.0,2.018664,2.691552,0.981654,30,240,141,4,0.10479828,0.02244119,0.04150452,0E-8,0.000000,0.902668,0.011910,-0.02129501,2026-03-22,2026-08-05,112,5695,2177,137,0.817518,0.739886,0.767145,0.349328,,,,,,,,GLOBAL_BASELINE_NO_ENTITY_RANKING,,,NOT_APPLICABLE_GLOBAL_BASELINE,HF9g-P5,,,,X 全窗基线 · 不参与实体赏罚,14195834,1420,A168_HF9F_20260827_0900,2026-08-27 09:00:00
2026-05-17,110249610,1299,0,25.3091168568,-25.3091168568,-25.3091168568,0E-7,2,2,0.50665070000000000,0.506650700000,-1.4331513700195317,-1.4331513700195317,-1.4331513700195317,0E-17,ELIGIBLE,R03b_20260811_FULL_v1,L1_ELIGIBILITY,v2026-08-11,2026-03-21..2026-08-06,baccarat_bet02_101_all_pairs_incl_sentinel,round_win = game_pnl > 0 (decisive only),COMPATIBILITY_ONLY_NOT_PRODUCTION,296357.1217,267511.9505,6650.6079,18220,18206,-0.02244119,-0.04150452,-0.02020951,-0.02244119,-6650.6079,296357.1217,OK,0.0000,266.0243,4.0000,96.0000,AG03-UNRESOLVED,ALL5_LEVELS_bet23_to_bet27,266.0243,266.0243,266.0243,332.5304,332.5304,4.000000,4.000000,4.000000,5.000000,5.000000,96.000000,96.000000,96.000000,95.000000,95.000000,5.0,1463.1337,1340.2688,5187.4742,5310.3391,PENDING_AG03,FALSE,NOT_FOR_ENFORCEMENT,6384.5836,256811.4724,6650.6079,6384.5836,266.0243,0.02244119,0.02154355,266.0243,6384.5836,0.02154355,266.0243,266.0243,266.0243,332.5304,332.5304,6384.5836,0.02154355,1463.1337,1340.2688,5187.4742,5310.3391,0.01750413,0.01791872,0.00089765,16.2655,14.6936,0.3653,59.3804,1.1678,2646.0457,162.5536,12.4780,16.8648,9.0895,16.5695,22.0926,29.825,33.4482,44.5976,11.8163,0.0,2.018664,2.691552,0.981654,30,240,141,4,0.10479828,0.02244119,0.04150452,0E-8,0.000000,0.902668,0.011910,-0.02129501,2026-03-22,2026-08-05,112,5695,2177,137,0.817518,0.739886,0.767145,0.349328,,,,,,,,GLOBAL_BASELINE_NO_ENTITY_RANKING,,,NOT_APPLICABLE_GLOBAL_BASELINE,HF9g-P5,,,,X 全窗基线 · 不参与实体赏罚,14195835,1420,A168_HF9F_20260827_0900,2026-08-27 09:00:00
2026-05-17,110249610,1363,0,11.1493906858,-11.1493906858,-11.1493906858,0E-7,1,1,0.50665070000000000,0.506650700000,-1.013391052207602,-1.013391052207602,-1.013391052207602,0E-17,ELIGIBLE,R03b_20260811_FULL_v1,L1_ELIGIBILITY,v2026-08-11,2026-03-21..2026-08-06,baccarat_bet02_101_all_pairs_incl_sentinel,round_win = game_pnl > 0 (decisive only),COMPATIBILITY_ONLY_NOT_PRODUCTION,296357.1217,267511.9505,6650.6079,18220,18206,-0.02244119,-0.04150452,-0.02020951,-0.02244119,-6650.6079,296357.1217,OK,0.0000,266.0243,4.0000,96.0000,AG03-UNRESOLVED,ALL5_LEVELS_bet23_to_bet27,266.0243,266.0243,266.0243,332.5304,332.5304,4.000000,4.000000,4.000000,5.000000,5.000000,96.000000,96.000000,96.000000,95.000000,95.000000,5.0,1463.1337,1340.2688,5187.4742,5310.3391,PENDING_AG03,FALSE,NOT_FOR_ENFORCEMENT,6384.5836,256811.4724,6650.6079,6384.5836,266.0243,0.02244119,0.02154355,266.0243,6384.5836,0.02154355,266.0243,266.0243,266.0243,332.5304,332.5304,6384.5836,0.02154355,1463.1337,1340.2688,5187.4742,5310.3391,0.01750413,0.01791872,0.00089765,16.2655,14.6936,0.3653,59.3804,1.1678,2646.0457,162.5536,12.4780,16.8648,9.0895,16.5695,22.0926,29.825,33.4482,44.5976,11.8163,0.0,2.018664,2.691552,0.981654,30,240,141,4,0.10479828,0.02244119,0.04150452,0E-8,0.000000,0.902668,0.011910,-0.02129501,2026-03-22,2026-08-05,112,5695,2177,137,0.817518,0.739886,0.767145,0.349328,,,,,,,,GLOBAL_BASELINE_NO_ENTITY_RANKING,,,NOT_APPLICABLE_GLOBAL_BASELINE,HF9g-P5,,,,X 全窗基线 · 不参与实体赏罚,14195836,1420,A168_HF9F_20260827_0900,2026-08-27 09:00:00
2026-05-17,110249610,1396,0,60.2067097033,15.2189182862,15.2189182862,0.7142857,8,8,0.50162375000000000,0.501623750000,1.1253072755500886,1.1253072755500886,1.1253072755500886,0E-17,ELIGIBLE,R03b_20260811_FULL_v1,L1_ELIGIBILITY,v2026-08-11,2026-03-21..2026-08-06,baccarat_bet02_101_all_pairs_incl_sentinel,round_win = game_pnl > 0 (decisive only),COMPATIBILITY_ONLY_NOT_PRODUCTION,296357.1217,267511.9505,6650.6079,18220,18206,-0.02244119,-0.04150452,-0.02020951,-0.02244119,-6650.6079,296357.1217,OK,0.0000,266.0243,4.0000,96.0000,AG03-UNRESOLVED,ALL5_LEVELS_bet23_to_bet27,266.0243,266.0243,266.0243,332.5304,332.5304,4.000000,4.000000,4.000000,5.000000,5.000000,96.000000,96.000000,96.000000,95.000000,95.000000,5.0,1463.1337,1340.2688,5187.4742,5310.3391,PENDING_AG03,FALSE,NOT_FOR_ENFORCEMENT,6384.5836,256811.4724,6650.6079,6384.5836,266.0243,0.02244119,0.02154355,266.0243,6384.5836,0.02154355,266.0243,266.0243,266.0243,332.5304,332.5304,6384.5836,0.02154355,1463.1337,1340.2688,5187.4742,5310.3391,0.01750413,0.01791872,0.00089765,16.2655,14.6936,0.3653,59.3804,1.1678,2646.0457,162.5536,12.4780,16.8648,9.0895,16.5695,22.0926,29.825,33.4482,44.5976,11.8163,0.0,2.018664,2.691552,0.981654,30,240,141,4,0.10479828,0.02244119,0.04150452,0E-8,0.000000,0.902668,0.011910,-0.02129501,2026-03-22,2026-08-05,112,5695,2177,137,0.817518,0.739886,0.767145,0.349328,,,,,,,,GLOBAL_BASELINE_NO_ENTITY_RANKING,,,NOT_APPLICABLE_GLOBAL_BASELINE,HF9g-P5,,,,X 全窗基线 · 不参与实体赏罚,14195837,1420,A168_HF9F_20260827_0900,2026-08-27 09:00:00
2026-05-17,110249610,1400,0,22.8562509059,-19.5114337002,-19.5114337002,0E-7,3,3,0.50218230000000000,0.502182300000,-1.4203995680682369,-1.4203995680682369,-1.4203995680682369,0E-17,ELIGIBLE,R03b_20260811_FULL_v1,L1_ELIGIBILITY,v2026-08-11,2026-03-21..2026-08-06,baccarat_bet02_101_all_pairs_incl_sentinel,round_win = game_pnl > 0 (decisive only),COMPATIBILITY_ONLY_NOT_PRODUCTION,296357.1217,267511.9505,6650.6079,18220,18206,-0.02244119,-0.04150452,-0.02020951,-0.02244119,-6650.6079,296357.1217,OK,0.0000,266.0243,4.0000,96.0000,AG03-UNRESOLVED,ALL5_LEVELS_bet23_to_bet27,266.0243,266.0243,266.0243,332.5304,332.5304,4.000000,4.000000,4.000000,5.000000,5.000000,96.000000,96.000000,96.000000,95.000000,95.000000,5.0,1463.1337,1340.2688,5187.4742,5310.3391,PENDING_AG03,FALSE,NOT_FOR_ENFORCEMENT,6384.5836,256811.4724,6650.6079,6384.5836,266.0243,0.02244119,0.02154355,266.0243,6384.5836,0.02154355,266.0243,266.0243,266.0243,332.5304,332.5304,6384.5836,0.02154355,1463.1337,1340.2688,5187.4742,5310.3391,0.01750413,0.01791872,0.00089765,16.2655,14.6936,0.3653,59.3804,1.1678,2646.0457,162.5536,12.4780,16.8648,9.0895,16.5695,22.0926,29.825,33.4482,44.5976,11.8163,0.0,2.018664,2.691552,0.981654,30,240,141,4,0.10479828,0.02244119,0.04150452,0E-8,0.000000,0.902668,0.011910,-0.02129501,2026-03-22,2026-08-05,112,5695,2177,137,0.817518,0.739886,0.767145,0.349328,,,,,,,,GLOBAL_BASELINE_NO_ENTITY_RANKING,,,NOT_APPLICABLE_GLOBAL_BASELINE,HF9g-P5,,,,X 全窗基线 · 不参与实体赏罚,14195838,1420,A168_HF9F_20260827_0900,2026-08-27 09:00:00
2026-05-17,110249610,1405,0,21.1838423030,-21.1838423030,-21.1838423030,0E-7,1,1,0.49324550000000000,0.493245500000,-0.9865810262130424,-0.9865810262130424,-0.9865810262130424,0E-17,ELIGIBLE,R03b_20260811_FULL_v1,L1_ELIGIBILITY,v2026-08-11,2026-03-21..2026-08-06,baccarat_bet02_101_all_pairs_incl_sentinel,round_win = game_pnl > 0 (decisive only),COMPATIBILITY_ONLY_NOT_PRODUCTION,296357.1217,267511.9505,6650.6079,18220,18206,-0.02244119,-0.04150452,-0.02020951,-0.02244119,-6650.6079,296357.1217,OK,0.0000,266.0243,4.0000,96.0000,AG03-UNRESOLVED,ALL5_LEVELS_bet23_to_bet27,266.0243,266.0243,266.0243,332.5304,332.5304,4.000000,4.000000,4.000000,5.000000,5.000000,96.000000,96.000000,96.000000,95.000000,95.000000,5.0,1463.1337,1340.2688,5187.4742,5310.3391,PENDING_AG03,FALSE,NOT_FOR_ENFORCEMENT,6384.5836,256811.4724,6650.6079,6384.5836,266.0243,0.02244119,0.02154355,266.0243,6384.5836,0.02154355,266.0243,266.0243,266.0243,332.5304,332.5304,6384.5836,0.02154355,1463.1337,1340.2688,5187.4742,5310.3391,0.01750413,0.01791872,0.00089765,16.2655,14.6936,0.3653,59.3804,1.1678,2646.0457,162.5536,12.4780,16.8648,9.0895,16.5695,22.0926,29.825,33.4482,44.5976,11.8163,0.0,2.018664,2.691552,0.981654,30,240,141,4,0.10479828,0.02244119,0.04150452,0E-8,0.000000,0.902668,0.011910,-0.02129501,2026-03-22,2026-08-05,112,5695,2177,137,0.817518,0.739886,0.767145,0.349328,,,,,,,,GLOBAL_BASELINE_NO_ENTITY_RANKING,,,NOT_APPLICABLE_GLOBAL_BASELINE,HF9g-P5,,,,X 全窗基线 · 不参与实体赏罚,14195839,1420,A168_HF9F_20260827_0900,2026-08-27 09:00:00
2026-05-17,110249610,1490,0,6.5781405046,-6.5781405046,-6.5781405046,0E-7,2,2,0.49324550000000000,0.493245500000,-1.3952362676504506,-1.3952362676504506,-1.3952362676504506,0E-17,ELIGIBLE,R03b_20260811_FULL_v1,L1_ELIGIBILITY,v2026-08-11,2026-03-21..2026-08-06,baccarat_bet02_101_all_pairs_incl_sentinel,round_win = game_pnl > 0 (decisive only),COMPATIBILITY_ONLY_NOT_PRODUCTION,296357.1217,267511.9505,6650.6079,18220,18206,-0.02244119,-0.04150452,-0.02020951,-0.02244119,-6650.6079,296357.1217,OK,0.0000,266.0243,4.0000,96.0000,AG03-UNRESOLVED,ALL5_LEVELS_bet23_to_bet27,266.0243,266.0243,266.0243,332.5304,332.5304,4.000000,4.000000,4.000000,5.000000,5.000000,96.000000,96.000000,96.000000,95.000000,95.000000,5.0,1463.1337,1340.2688,5187.4742,5310.3391,PENDING_AG03,FALSE,NOT_FOR_ENFORCEMENT,6384.5836,256811.4724,6650.6079,6384.5836,266.0243,0.02244119,0.02154355,266.0243,6384.5836,0.02154355,266.0243,266.0243,266.0243,332.5304,332.5304,6384.5836,0.02154355,1463.1337,1340.2688,5187.4742,5310.3391,0.01750413,0.01791872,0.00089765,16.2655,14.6936,0.3653,59.3804,1.1678,2646.0457,162.5536,12.4780,16.8648,9.0895,16.5695,22.0926,29.825,33.4482,44.5976,11.8163,0.0,2.018664,2.691552,0.981654,30,240,141,4,0.10479828,0.02244119,0.04150452,0E-8,0.000000,0.902668,0.011910,-0.02129501,2026-03-22,2026-08-05,112,5695,2177,137,0.817518,0.739886,0.767145,0.349328,,,,,,,,GLOBAL_BASELINE_NO_ENTITY_RANKING,,,NOT_APPLICABLE_GLOBAL_BASELINE,HF9g-P5,,,,X 全窗基线 · 不参与实体赏罚,14195840,1420,A168_HF9F_20260827_0900,2026-08-27 09:00:00
2026-05-17,110249610,1505,0,1.5609146960,-1.5609146960,-1.5609146960,0E-7,1,1,0.49324550000000000,0.493245500000,-0.9865810262130424,-0.9865810262130424,-0.9865810262130424,0E-17,ELIGIBLE,R03b_20260811_FULL_v1,L1_ELIGIBILITY,v2026-08-11,2026-03-21..2026-08-06,baccarat_bet02_101_all_pairs_incl_sentinel,round_win = game_pnl > 0 (decisive only),COMPATIBILITY_ONLY_NOT_PRODUCTION,296357.1217,267511.9505,6650.6079,18220,18206,-0.02244119,-0.04150452,-0.02020951,-0.02244119,-6650.6079,296357.1217,OK,0.0000,266.0243,4.0000,96.0000,AG03-UNRESOLVED,ALL5_LEVELS_bet23_to_bet27,266.0243,266.0243,266.0243,332.5304,332.5304,4.000000,4.000000,4.000000,5.000000,5.000000,96.000000,96.000000,96.000000,95.000000,95.000000,5.0,1463.1337,1340.2688,5187.4742,5310.3391,PENDING_AG03,FALSE,NOT_FOR_ENFORCEMENT,6384.5836,256811.4724,6650.6079,6384.5836,266.0243,0.02244119,0.02154355,266.0243,6384.5836,0.02154355,266.0243,266.0243,266.0243,332.5304,332.5304,6384.5836,0.02154355,1463.1337,1340.2688,5187.4742,5310.3391,0.01750413,0.01791872,0.00089765,16.2655,14.6936,0.3653,59.3804,1.1678,2646.0457,162.5536,12.4780,16.8648,9.0895,16.5695,22.0926,29.825,33.4482,44.5976,11.8163,0.0,2.018664,2.691552,0.981654,30,240,141,4,0.10479828,0.02244119,0.04150452,0E-8,0.000000,0.902668,0.011910,-0.02129501,2026-03-22,2026-08-05,112,5695,2177,137,0.817518,0.739886,0.767145,0.349328,,,,,,,,GLOBAL_BASELINE_NO_ENTITY_RANKING,,,NOT_APPLICABLE_GLOBAL_BASELINE,HF9g-P5,,,,X 全窗基线 · 不参与实体赏罚,14195841,1420,A168_HF9F_20260827_0900,2026-08-27 09:00:00
2026-05-17,110249610,1646,0,68.5687527176,-23.0792387196,-23.0792387196,0.2500000,5,5,0.50128862000000000,0.501288620000,-1.0051578182180947,-1.0051578182180947,-1.0051578182180947,0E-17,ELIGIBLE,R03b_20260811_FULL_v1,L1_ELIGIBILITY,v2026-08-11,2026-03-21..2026-08-06,baccarat_bet02_101_all_pairs_incl_sentinel,round_win = game_pnl > 0 (decisive only),COMPATIBILITY_ONLY_NOT_PRODUCTION,296357.1217,267511.9505,6650.6079,18220,18206,-0.02244119,-0.04150452,-0.02020951,-0.02244119,-6650.6079,296357.1217,OK,0.0000,266.0243,4.0000,96.0000,AG03-UNRESOLVED,ALL5_LEVELS_bet23_to_bet27,266.0243,266.0243,266.0243,332.5304,332.5304,4.000000,4.000000,4.000000,5.000000,5.000000,96.000000,96.000000,96.000000,95.000000,95.000000,5.0,1463.1337,1340.2688,5187.4742,5310.3391,PENDING_AG03,FALSE,NOT_FOR_ENFORCEMENT,6384.5836,256811.4724,6650.6079,6384.5836,266.0243,0.02244119,0.02154355,266.0243,6384.5836,0.02154355,266.0243,266.0243,266.0243,332.5304,332.5304,6384.5836,0.02154355,1463.1337,1340.2688,5187.4742,5310.3391,0.01750413,0.01791872,0.00089765,16.2655,14.6936,0.3653,59.3804,1.1678,2646.0457,162.5536,12.4780,16.8648,9.0895,16.5695,22.0926,29.825,33.4482,44.5976,11.8163,0.0,2.018664,2.691552,0.981654,30,240,141,4,0.10479828,0.02244119,0.04150452,0E-8,0.000000,0.902668,0.011910,-0.02129501,2026-03-22,2026-08-05,112,5695,2177,137,0.817518,0.739886,0.767145,0.349328,,,,,,,,GLOBAL_BASELINE_NO_ENTITY_RANKING,,,NOT_APPLICABLE_GLOBAL_BASELINE,HF9g-P5,,,,X 全窗基线 · 不参与实体赏罚,14195842,1420,A168_HF9F_20260827_0900,2026-08-27 09:00:00
2026-05-17,110249610,1935,0,45.7125018118,-23.4137204402,-23.4137204402,0.3333333,3,3,0.49771390000000000,0.497713900000,-0.5694369385616226,-0.5694369385616226,-0.5694369385616226,0E-17,ELIGIBLE,R03b_20260811_FULL_v1,L1_ELIGIBILITY,v2026-08-11,2026-03-21..2026-08-06,baccarat_bet02_101_all_pairs_incl_sentinel,round_win = game_pnl > 0 (decisive only),COMPATIBILITY_ONLY_NOT_PRODUCTION,296357.1217,267511.9505,6650.6079,18220,18206,-0.02244119,-0.04150452,-0.02020951,-0.02244119,-6650.6079,296357.1217,OK,0.0000,266.0243,4.0000,96.0000,AG03-UNRESOLVED,ALL5_LEVELS_bet23_to_bet27,266.0243,266.0243,266.0243,332.5304,332.5304,4.000000,4.000000,4.000000,5.000000,5.000000,96.000000,96.000000,96.000000,95.000000,95.000000,5.0,1463.1337,1340.2688,5187.4742,5310.3391,PENDING_AG03,FALSE,NOT_FOR_ENFORCEMENT,6384.5836,256811.4724,6650.6079,6384.5836,266.0243,0.02244119,0.02154355,266.0243,6384.5836,0.02154355,266.0243,266.0243,266.0243,332.5304,332.5304,6384.5836,0.02154355,1463.1337,1340.2688,5187.4742,5310.3391,0.01750413,0.01791872,0.00089765,16.2655,14.6936,0.3653,59.3804,1.1678,2646.0457,162.5536,12.4780,16.8648,9.0895,16.5695,22.0926,29.825,33.4482,44.5976,11.8163,0.0,2.018664,2.691552,0.981654,30,240,141,4,0.10479828,0.02244119,0.04150452,0E-8,0.000000,0.902668,0.011910,-0.02129501,2026-03-22,2026-08-05,112,5695,2177,137,0.817518,0.739886,0.767145,0.349328,,,,,,,,GLOBAL_BASELINE_NO_ENTITY_RANKING,,,NOT_APPLICABLE_GLOBAL_BASELINE,HF9g-P5,,,,X 全窗基线 · 不参与实体赏罚,14195843,1420,A168_HF9F_20260827_0900,2026-08-27 09:00:00
2026-05-17,110249610,1963,0,22.2987813716,-0.5574695343,-0.5574695343,0.5000000,2,2,0.49994810000000000,0.499948100000,0.00014679536856514622,0.00014679536856514622,0.00014679536856514622,0E-17,ELIGIBLE,R03b_20260811_FULL_v1,L1_ELIGIBILITY,v2026-08-11,2026-03-21..2026-08-06,baccarat_bet02_101_all_pairs_incl_sentinel,round_win = game_pnl > 0 (decisive only),COMPATIBILITY_ONLY_NOT_PRODUCTION,296357.1217,267511.9505,6650.6079,18220,18206,-0.02244119,-0.04150452,-0.02020951,-0.02244119,-6650.6079,296357.1217,OK,0.0000,266.0243,4.0000,96.0000,AG03-UNRESOLVED,ALL5_LEVELS_bet23_to_bet27,266.0243,266.0243,266.0243,332.5304,332.5304,4.000000,4.000000,4.000000,5.000000,5.000000,96.000000,96.000000,96.000000,95.000000,95.000000,5.0,1463.1337,1340.2688,5187.4742,5310.3391,PENDING_AG03,FALSE,NOT_FOR_ENFORCEMENT,6384.5836,256811.4724,6650.6079,6384.5836,266.0243,0.02244119,0.02154355,266.0243,6384.5836,0.02154355,266.0243,266.0243,266.0243,332.5304,332.5304,6384.5836,0.02154355,1463.1337,1340.2688,5187.4742,5310.3391,0.01750413,0.01791872,0.00089765,16.2655,14.6936,0.3653,59.3804,1.1678,2646.0457,162.5536,12.4780,16.8648,9.0895,16.5695,22.0926,29.825,33.4482,44.5976,11.8163,0.0,2.018664,2.691552,0.981654,30,240,141,4,0.10479828,0.02244119,0.04150452,0E-8,0.000000,0.902668,0.011910,-0.02129501,2026-03-22,2026-08-05,112,5695,2177,137,0.817518,0.739886,0.767145,0.349328,,,,,,,,GLOBAL_BASELINE_NO_ENTITY_RANKING,,,NOT_APPLICABLE_GLOBAL_BASELINE,HF9g-P5,,,,X 全窗基线 · 不参与实体赏罚,14195844,1420,A168_HF9F_20260827_0900,2026-08-27 09:00:00
2026-05-17,110249610,1985,0,57.5308559386,23.1907326264,23.1907326264,0.7500000,4,4,0.49324550000000000,0.493245500000,1.0271117246678039,1.0271117246678039,1.0271117246678039,0E-17,ELIGIBLE,R03b_20260811_FULL_v1,L1_ELIGIBILITY,v2026-08-11,2026-03-21..2026-08-06,baccarat_bet02_101_all_pairs_incl_sentinel,round_win = game_pnl > 0 (decisive only),COMPATIBILITY_ONLY_NOT_PRODUCTION,296357.1217,267511.9505,6650.6079,18220,18206,-0.02244119,-0.04150452,-0.02020951,-0.02244119,-6650.6079,296357.1217,OK,0.0000,266.0243,4.0000,96.0000,AG03-UNRESOLVED,ALL5_LEVELS_bet23_to_bet27,266.0243,266.0243,266.0243,332.5304,332.5304,4.000000,4.000000,4.000000,5.000000,5.000000,96.000000,96.000000,96.000000,95.000000,95.000000,5.0,1463.1337,1340.2688,5187.4742,5310.3391,PENDING_AG03,FALSE,NOT_FOR_ENFORCEMENT,6384.5836,256811.4724,6650.6079,6384.5836,266.0243,0.02244119,0.02154355,266.0243,6384.5836,0.02154355,266.0243,266.0243,266.0243,332.5304,332.5304,6384.5836,0.02154355,1463.1337,1340.2688,5187.4742,5310.3391,0.01750413,0.01791872,0.00089765,16.2655,14.6936,0.3653,59.3804,1.1678,2646.0457,162.5536,12.4780,16.8648,9.0895,16.5695,22.0926,29.825,33.4482,44.5976,11.8163,0.0,2.018664,2.691552,0.981654,30,240,141,4,0.10479828,0.02244119,0.04150452,0E-8,0.000000,0.902668,0.011910,-0.02129501,2026-03-22,2026-08-05,112,5695,2177,137,0.817518,0.739886,0.767145,0.349328,,,,,,,,GLOBAL_BASELINE_NO_ENTITY_RANKING,,,NOT_APPLICABLE_GLOBAL_BASELINE,HF9g-P5,,,,X 全窗基线 · 不参与实体赏罚,14195845,1420,A168_HF9F_20260827_0900,2026-08-27 09:00:00
2026-05-17,110249610,2115,0,6.0206709703,5.7196374218,5.7196374218,1.0000000,1,1,0.50665070000000000,0.506650700000,0.9867858985152569,0.9867858985152569,0.9867858985152569,0E-17,ELIGIBLE,R03b_20260811_FULL_v1,L1_ELIGIBILITY,v2026-08-11,2026-03-21..2026-08-06,baccarat_bet02_101_all_pairs_incl_sentinel,round_win = game_pnl > 0 (decisive only),COMPATIBILITY_ONLY_NOT_PRODUCTION,296357.1217,267511.9505,6650.6079,18220,18206,-0.02244119,-0.04150452,-0.02020951,-0.02244119,-6650.6079,296357.1217,OK,0.0000,266.0243,4.0000,96.0000,AG03-UNRESOLVED,ALL5_LEVELS_bet23_to_bet27,266.0243,266.0243,266.0243,332.5304,332.5304,4.000000,4.000000,4.000000,5.000000,5.000000,96.000000,96.000000,96.000000,95.000000,95.000000,5.0,1463.1337,1340.2688,5187.4742,5310.3391,PENDING_AG03,FALSE,NOT_FOR_ENFORCEMENT,6384.5836,256811.4724,6650.6079,6384.5836,266.0243,0.02244119,0.02154355,266.0243,6384.5836,0.02154355,266.0243,266.0243,266.0243,332.5304,332.5304,6384.5836,0.02154355,1463.1337,1340.2688,5187.4742,5310.3391,0.01750413,0.01791872,0.00089765,16.2655,14.6936,0.3653,59.3804,1.1678,2646.0457,162.5536,12.4780,16.8648,9.0895,16.5695,22.0926,29.825,33.4482,44.5976,11.8163,0.0,2.018664,2.691552,0.981654,30,240,141,4,0.10479828,0.02244119,0.04150452,0E-8,0.000000,0.902668,0.011910,-0.02129501,2026-03-22,2026-08-05,112,5695,2177,137,0.817518,0.739886,0.767145,0.349328,,,,,,,,GLOBAL_BASELINE_NO_ENTITY_RANKING,,,NOT_APPLICABLE_GLOBAL_BASELINE,HF9g-P5,,,,X 全窗基线 · 不参与实体赏罚,14195846,1420,A168_HF9F_20260827_0900,2026-08-27 09:00:00
2026-05-17,110249610,2127,0,34.0056415917,-1.3936738357,-1.3936738357,0.5000000,2,2,0.50665070000000000,0.506650700000,-0.018812684590367487,-0.018812684590367487,-0.018812684590367487,0E-17,ELIGIBLE,R03b_20260811_FULL_v1,L1_ELIGIBILITY,v2026-08-11,2026-03-21..2026-08-06,baccarat_bet02_101_all_pairs_incl_sentinel,round_win = game_pnl > 0 (decisive only),COMPATIBILITY_ONLY_NOT_PRODUCTION,296357.1217,267511.9505,6650.6079,18220,18206,-0.02244119,-0.04150452,-0.02020951,-0.02244119,-6650.6079,296357.1217,OK,0.0000,266.0243,4.0000,96.0000,AG03-UNRESOLVED,ALL5_LEVELS_bet23_to_bet27,266.0243,266.0243,266.0243,332.5304,332.5304,4.000000,4.000000,4.000000,5.000000,5.000000,96.000000,96.000000,96.000000,95.000000,95.000000,5.0,1463.1337,1340.2688,5187.4742,5310.3391,PENDING_AG03,FALSE,NOT_FOR_ENFORCEMENT,6384.5836,256811.4724,6650.6079,6384.5836,266.0243,0.02244119,0.02154355,266.0243,6384.5836,0.02154355,266.0243,266.0243,266.0243,332.5304,332.5304,6384.5836,0.02154355,1463.1337,1340.2688,5187.4742,5310.3391,0.01750413,0.01791872,0.00089765,16.2655,14.6936,0.3653,59.3804,1.1678,2646.0457,162.5536,12.4780,16.8648,9.0895,16.5695,22.0926,29.825,33.4482,44.5976,11.8163,0.0,2.018664,2.691552,0.981654,30,240,141,4,0.10479828,0.02244119,0.04150452,0E-8,0.000000,0.902668,0.011910,-0.02129501,2026-03-22,2026-08-05,112,5695,2177,137,0.817518,0.739886,0.767145,0.349328,,,,,,,,GLOBAL_BASELINE_NO_ENTITY_RANKING,,,NOT_APPLICABLE_GLOBAL_BASELINE,HF9g-P5,,,,X 全窗基线 · 不参与实体赏罚,14195847,1420,A168_HF9F_20260827_0900,2026-08-27 09:00:00
2026-05-17,110249610,2153,0,16.7240860287,-16.7240860287,-16.7240860287,0E-7,1,1,0.50665070000000000,0.506650700000,-1.013391052207602,-1.013391052207602,-1.013391052207602,0E-17,ELIGIBLE,R03b_20260811_FULL_v1,L1_ELIGIBILITY,v2026-08-11,2026-03-21..2026-08-06,baccarat_bet02_101_all_pairs_incl_sentinel,round_win = game_pnl > 0 (decisive only),COMPATIBILITY_ONLY_NOT_PRODUCTION,296357.1217,267511.9505,6650.6079,18220,18206,-0.02244119,-0.04150452,-0.02020951,-0.02244119,-6650.6079,296357.1217,OK,0.0000,266.0243,4.0000,96.0000,AG03-UNRESOLVED,ALL5_LEVELS_bet23_to_bet27,266.0243,266.0243,266.0243,332.5304,332.5304,4.000000,4.000000,4.000000,5.000000,5.000000,96.000000,96.000000,96.000000,95.000000,95.000000,5.0,1463.1337,1340.2688,5187.4742,5310.3391,PENDING_AG03,FALSE,NOT_FOR_ENFORCEMENT,6384.5836,256811.4724,6650.6079,6384.5836,266.0243,0.02244119,0.02154355,266.0243,6384.5836,0.02154355,266.0243,266.0243,266.0243,332.5304,332.5304,6384.5836,0.02154355,1463.1337,1340.2688,5187.4742,5310.3391,0.01750413,0.01791872,0.00089765,16.2655,14.6936,0.3653,59.3804,1.1678,2646.0457,162.5536,12.4780,16.8648,9.0895,16.5695,22.0926,29.825,33.4482,44.5976,11.8163,0.0,2.018664,2.691552,0.981654,30,240,141,4,0.10479828,0.02244119,0.04150452,0E-8,0.000000,0.902668,0.011910,-0.02129501,2026-03-22,2026-08-05,112,5695,2177,137,0.817518,0.739886,0.767145,0.349328,,,,,,,,GLOBAL_BASELINE_NO_ENTITY_RANKING,,,NOT_APPLICABLE_GLOBAL_BASELINE,HF9g-P5,,,,X 全窗基线 · 不参与实体赏罚,14195848,1420,A168_HF9F_20260827_0900,2026-08-27 09:00:00
2026-05-17,110249610,2212,0,6.6896344115,-6.6896344115,-6.6896344115,0E-7,1,1,0.50665070000000000,0.506650700000,-1.013391052207602,-1.013391052207602,-1.013391052207602,0E-17,ELIGIBLE,R03b_20260811_FULL_v1,L1_ELIGIBILITY,v2026-08-11,2026-03-21..2026-08-06,baccarat_bet02_101_all_pairs_incl_sentinel,round_win = game_pnl > 0 (decisive only),COMPATIBILITY_ONLY_NOT_PRODUCTION,296357.1217,267511.9505,6650.6079,18220,18206,-0.02244119,-0.04150452,-0.02020951,-0.02244119,-6650.6079,296357.1217,OK,0.0000,266.0243,4.0000,96.0000,AG03-UNRESOLVED,ALL5_LEVELS_bet23_to_bet27,266.0243,266.0243,266.0243,332.5304,332.5304,4.000000,4.000000,4.000000,5.000000,5.000000,96.000000,96.000000,96.000000,95.000000,95.000000,5.0,1463.1337,1340.2688,5187.4742,5310.3391,PENDING_AG03,FALSE,NOT_FOR_ENFORCEMENT,6384.5836,256811.4724,6650.6079,6384.5836,266.0243,0.02244119,0.02154355,266.0243,6384.5836,0.02154355,266.0243,266.0243,266.0243,332.5304,332.5304,6384.5836,0.02154355,1463.1337,1340.2688,5187.4742,5310.3391,0.01750413,0.01791872,0.00089765,16.2655,14.6936,0.3653,59.3804,1.1678,2646.0457,162.5536,12.4780,16.8648,9.0895,16.5695,22.0926,29.825,33.4482,44.5976,11.8163,0.0,2.018664,2.691552,0.981654,30,240,141,4,0.10479828,0.02244119,0.04150452,0E-8,0.000000,0.902668,0.011910,-0.02129501,2026-03-22,2026-08-05,112,5695,2177,137,0.817518,0.739886,0.767145,0.349328,,,,,,,,GLOBAL_BASELINE_NO_ENTITY_RANKING,,,NOT_APPLICABLE_GLOBAL_BASELINE,HF9g-P5,,,,X 全窗基线 · 不参与实体赏罚,14195849,1420,A168_HF9F_20260827_0900,2026-08-27 09:00:00
2026-05-17,110249610,2216,0,27.3160071802,-5.5746953429,-5.5746953429,0.5000000,2,2,0.50665070000000000,0.506650700000,-0.018812684590367487,-0.018812684590367487,-0.018812684590367487,0E-17,ELIGIBLE,R03b_20260811_FULL_v1,L1_ELIGIBILITY,v2026-08-11,2026-03-21..2026-08-06,baccarat_bet02_101_all_pairs_incl_sentinel,round_win = game_pnl > 0 (decisive only),COMPATIBILITY_ONLY_NOT_PRODUCTION,296357.1217,267511.9505,6650.6079,18220,18206,-0.02244119,-0.04150452,-0.02020951,-0.02244119,-6650.6079,296357.1217,OK,0.0000,266.0243,4.0000,96.0000,AG03-UNRESOLVED,ALL5_LEVELS_bet23_to_bet27,266.0243,266.0243,266.0243,332.5304,332.5304,4.000000,4.000000,4.000000,5.000000,5.000000,96.000000,96.000000,96.000000,95.000000,95.000000,5.0,1463.1337,1340.2688,5187.4742,5310.3391,PENDING_AG03,FALSE,NOT_FOR_ENFORCEMENT,6384.5836,256811.4724,6650.6079,6384.5836,266.0243,0.02244119,0.02154355,266.0243,6384.5836,0.02154355,266.0243,266.0243,266.0243,332.5304,332.5304,6384.5836,0.02154355,1463.1337,1340.2688,5187.4742,5310.3391,0.01750413,0.01791872,0.00089765,16.2655,14.6936,0.3653,59.3804,1.1678,2646.0457,162.5536,12.4780,16.8648,9.0895,16.5695,22.0926,29.825,33.4482,44.5976,11.8163,0.0,2.018664,2.691552,0.981654,30,240,141,4,0.10479828,0.02244119,0.04150452,0E-8,0.000000,0.902668,0.011910,-0.02129501,2026-03-22,2026-08-05,112,5695,2177,137,0.817518,0.739886,0.767145,0.349328,,,,,,,,GLOBAL_BASELINE_NO_ENTITY_RANKING,,,NOT_APPLICABLE_GLOBAL_BASELINE,HF9g-P5,,,,X 全窗基线 · 不参与实体赏罚,14195850,1420,A168_HF9F_20260827_0900,2026-08-27 09:00:00
2026-05-17,110249610,2220,0,22.2987813716,0E-10,0E-10,0.5000000,2,2,0.49324550000000000,0.493245500000,0.01910635448239258,0.01910635448239258,0.01910635448239258,0E-17,ELIGIBLE,R03b_20260811_FULL_v1,L1_ELIGIBILITY,v2026-08-11,2026-03-21..2026-08-06,baccarat_bet02_101_all_pairs_incl_sentinel,round_win = game_pnl > 0 (decisive only),COMPATIBILITY_ONLY_NOT_PRODUCTION,296357.1217,267511.9505,6650.6079,18220,18206,-0.02244119,-0.04150452,-0.02020951,-0.02244119,-6650.6079,296357.1217,OK,0.0000,266.0243,4.0000,96.0000,AG03-UNRESOLVED,ALL5_LEVELS_bet23_to_bet27,266.0243,266.0243,266.0243,332.5304,332.5304,4.000000,4.000000,4.000000,5.000000,5.000000,96.000000,96.000000,96.000000,95.000000,95.000000,5.0,1463.1337,1340.2688,5187.4742,5310.3391,PENDING_AG03,FALSE,NOT_FOR_ENFORCEMENT,6384.5836,256811.4724,6650.6079,6384.5836,266.0243,0.02244119,0.02154355,266.0243,6384.5836,0.02154355,266.0243,266.0243,266.0243,332.5304,332.5304,6384.5836,0.02154355,1463.1337,1340.2688,5187.4742,5310.3391,0.01750413,0.01791872,0.00089765,16.2655,14.6936,0.3653,59.3804,1.1678,2646.0457,162.5536,12.4780,16.8648,9.0895,16.5695,22.0926,29.825,33.4482,44.5976,11.8163,0.0,2.018664,2.691552,0.981654,30,240,141,4,0.10479828,0.02244119,0.04150452,0E-8,0.000000,0.902668,0.011910,-0.02129501,2026-03-22,2026-08-05,112,5695,2177,137,0.817518,0.739886,0.767145,0.349328,,,,,,,,GLOBAL_BASELINE_NO_ENTITY_RANKING,,,NOT_APPLICABLE_GLOBAL_BASELINE,HF9g-P5,,,,X 全窗基线 · 不参与实体赏罚,14195851,1420,A168_HF9F_20260827_0900,2026-08-27 09:00:00
2026-05-17,110249610,2235,0,190.0971111929,-2.7929223668,-2.7929223668,0.5384615,13,13,0.50458836153846154,0.504588361538,0.24427323813364604,0.2442732381369723,0.24427323813364604,4.6154E-13,ELIGIBLE,R03b_20260811_FULL_v1,L1_ELIGIBILITY,v2026-08-11,2026-03-21..2026-08-06,baccarat_bet02_101_all_pairs_incl_sentinel,round_win = game_pnl > 0 (decisive only),COMPATIBILITY_ONLY_NOT_PRODUCTION,296357.1217,267511.9505,6650.6079,18220,18206,-0.02244119,-0.04150452,-0.02020951,-0.02244119,-6650.6079,296357.1217,OK,0.0000,266.0243,4.0000,96.0000,AG03-UNRESOLVED,ALL5_LEVELS_bet23_to_bet27,266.0243,266.0243,266.0243,332.5304,332.5304,4.000000,4.000000,4.000000,5.000000,5.000000,96.000000,96.000000,96.000000,95.000000,95.000000,5.0,1463.1337,1340.2688,5187.4742,5310.3391,PENDING_AG03,FALSE,NOT_FOR_ENFORCEMENT,6384.5836,256811.4724,6650.6079,6384.5836,266.0243,0.02244119,0.02154355,266.0243,6384.5836,0.02154355,266.0243,266.0243,266.0243,332.5304,332.5304,6384.5836,0.02154355,1463.1337,1340.2688,5187.4742,5310.3391,0.01750413,0.01791872,0.00089765,16.2655,14.6936,0.3653,59.3804,1.1678,2646.0457,162.5536,12.4780,16.8648,9.0895,16.5695,22.0926,29.825,33.4482,44.5976,11.8163,0.0,2.018664,2.691552,0.981654,30,240,141,4,0.10479828,0.02244119,0.04150452,0E-8,0.000000,0.902668,0.011910,-0.02129501,2026-03-22,2026-08-05,112,5695,2177,137,0.817518,0.739886,0.767145,0.349328,,,,,,,,GLOBAL_BASELINE_NO_ENTITY_RANKING,,,NOT_APPLICABLE_GLOBAL_BASELINE,HF9g-P5,,,,X 全窗基线 · 不参与实体赏罚,14195852,1420,A168_HF9F_20260827_0900,2026-08-27 09:00:00
2026-05-17,110249610,2242,0,16.7240860287,-16.7240860287,-16.7240860287,0E-7,1,1,0.50665070000000000,0.506650700000,-1.013391052207602,-1.013391052207602,-1.013391052207602,0E-17,ELIGIBLE,R03b_20260811_FULL_v1,L1_ELIGIBILITY,v2026-08-11,2026-03-21..2026-08-06,baccarat_bet02_101_all_pairs_incl_sentinel,round_win = game_pnl > 0 (decisive only),COMPATIBILITY_ONLY_NOT_PRODUCTION,296357.1217,267511.9505,6650.6079,18220,18206,-0.02244119,-0.04150452,-0.02020951,-0.02244119,-6650.6079,296357.1217,OK,0.0000,266.0243,4.0000,96.0000,AG03-UNRESOLVED,ALL5_LEVELS_bet23_to_bet27,266.0243,266.0243,266.0243,332.5304,332.5304,4.000000,4.000000,4.000000,5.000000,5.000000,96.000000,96.000000,96.000000,95.000000,95.000000,5.0,1463.1337,1340.2688,5187.4742,5310.3391,PENDING_AG03,FALSE,NOT_FOR_ENFORCEMENT,6384.5836,256811.4724,6650.6079,6384.5836,266.0243,0.02244119,0.02154355,266.0243,6384.5836,0.02154355,266.0243,266.0243,266.0243,332.5304,332.5304,6384.5836,0.02154355,1463.1337,1340.2688,5187.4742,5310.3391,0.01750413,0.01791872,0.00089765,16.2655,14.6936,0.3653,59.3804,1.1678,2646.0457,162.5536,12.4780,16.8648,9.0895,16.5695,22.0926,29.825,33.4482,44.5976,11.8163,0.0,2.018664,2.691552,0.981654,30,240,141,4,0.10479828,0.02244119,0.04150452,0E-8,0.000000,0.902668,0.011910,-0.02129501,2026-03-22,2026-08-05,112,5695,2177,137,0.817518,0.739886,0.767145,0.349328,,,,,,,,GLOBAL_BASELINE_NO_ENTITY_RANKING,,,NOT_APPLICABLE_GLOBAL_BASELINE,HF9g-P5,,,,X 全窗基线 · 不参与实体赏罚,14195853,1420,A168_HF9F_20260827_0900,2026-08-27 09:00:00
2026-05-17,110249610,2244,0,2.1183842303,-2.1183842303,-2.1183842303,0E-7,1,1,0.49324550000000000,0.493245500000,-0.9865810262130424,-0.9865810262130424,-0.9865810262130424,0E-17,ELIGIBLE,R03b_20260811_FULL_v1,L1_ELIGIBILITY,v2026-08-11,2026-03-21..2026-08-06,baccarat_bet02_101_all_pairs_incl_sentinel,round_win = game_pnl > 0 (decisive only),COMPATIBILITY_ONLY_NOT_PRODUCTION,296357.1217,267511.9505,6650.6079,18220,18206,-0.02244119,-0.04150452,-0.02020951,-0.02244119,-6650.6079,296357.1217,OK,0.0000,266.0243,4.0000,96.0000,AG03-UNRESOLVED,ALL5_LEVELS_bet23_to_bet27,266.0243,266.0243,266.0243,332.5304,332.5304,4.000000,4.000000,4.000000,5.000000,5.000000,96.000000,96.000000,96.000000,95.000000,95.000000,5.0,1463.1337,1340.2688,5187.4742,5310.3391,PENDING_AG03,FALSE,NOT_FOR_ENFORCEMENT,6384.5836,256811.4724,6650.6079,6384.5836,266.0243,0.02244119,0.02154355,266.0243,6384.5836,0.02154355,266.0243,266.0243,266.0243,332.5304,332.5304,6384.5836,0.02154355,1463.1337,1340.2688,5187.4742,5310.3391,0.01750413,0.01791872,0.00089765,16.2655,14.6936,0.3653,59.3804,1.1678,2646.0457,162.5536,12.4780,16.8648,9.0895,16.5695,22.0926,29.825,33.4482,44.5976,11.8163,0.0,2.018664,2.691552,0.981654,30,240,141,4,0.10479828,0.02244119,0.04150452,0E-8,0.000000,0.902668,0.011910,-0.02129501,2026-03-22,2026-08-05,112,5695,2177,137,0.817518,0.739886,0.767145,0.349328,,,,,,,,GLOBAL_BASELINE_NO_ENTITY_RANKING,,,NOT_APPLICABLE_GLOBAL_BASELINE,HF9g-P5,,,,X 全窗基线 · 不参与实体赏罚,14195854,1420,A168_HF9F_20260827_0900,2026-08-27 09:00:00
2026-05-17,110249610,2246,0,1.1149390686,1.0591921152,1.0591921152,1.0000000,1,1,0.50665070000000000,0.506650700000,0.9867858985152569,0.9867858985152569,0.9867858985152569,0E-17,ELIGIBLE,R03b_20260811_FULL_v1,L1_ELIGIBILITY,v2026-08-11,2026-03-21..2026-08-06,baccarat_bet02_101_all_pairs_incl_sentinel,round_win = game_pnl > 0 (decisive only),COMPATIBILITY_ONLY_NOT_PRODUCTION,296357.1217,267511.9505,6650.6079,18220,18206,-0.02244119,-0.04150452,-0.02020951,-0.02244119,-6650.6079,296357.1217,OK,0.0000,266.0243,4.0000,96.0000,AG03-UNRESOLVED,ALL5_LEVELS_bet23_to_bet27,266.0243,266.0243,266.0243,332.5304,332.5304,4.000000,4.000000,4.000000,5.000000,5.000000,96.000000,96.000000,96.000000,95.000000,95.000000,5.0,1463.1337,1340.2688,5187.4742,5310.3391,PENDING_AG03,FALSE,NOT_FOR_ENFORCEMENT,6384.5836,256811.4724,6650.6079,6384.5836,266.0243,0.02244119,0.02154355,266.0243,6384.5836,0.02154355,266.0243,266.0243,266.0243,332.5304,332.5304,6384.5836,0.02154355,1463.1337,1340.2688,5187.4742,5310.3391,0.01750413,0.01791872,0.00089765,16.2655,14.6936,0.3653,59.3804,1.1678,2646.0457,162.5536,12.4780,16.8648,9.0895,16.5695,22.0926,29.825,33.4482,44.5976,11.8163,0.0,2.018664,2.691552,0.981654,30,240,141,4,0.10479828,0.02244119,0.04150452,0E-8,0.000000,0.902668,0.011910,-0.02129501,2026-03-22,2026-08-05,112,5695,2177,137,0.817518,0.739886,0.767145,0.349328,,,,,,,,GLOBAL_BASELINE_NO_ENTITY_RANKING,,,NOT_APPLICABLE_GLOBAL_BASELINE,HF9g-P5,,,,X 全窗基线 · 不参与实体赏罚,14195855,1420,A168_HF9F_20260827_0900,2026-08-27 09:00:00
2026-05-17,110249610,2248,0,11.5953663132,11.0155979976,11.0155979976,1.0000000,1,1,0.50665070000000000,0.506650700000,0.9867858985152569,0.9867858985152569,0.9867858985152569,0E-17,ELIGIBLE,R03b_20260811_FULL_v1,L1_ELIGIBILITY,v2026-08-11,2026-03-21..2026-08-06,baccarat_bet02_101_all_pairs_incl_sentinel,round_win = game_pnl > 0 (decisive only),COMPATIBILITY_ONLY_NOT_PRODUCTION,296357.1217,267511.9505,6650.6079,18220,18206,-0.02244119,-0.04150452,-0.02020951,-0.02244119,-6650.6079,296357.1217,OK,0.0000,266.0243,4.0000,96.0000,AG03-UNRESOLVED,ALL5_LEVELS_bet23_to_bet27,266.0243,266.0243,266.0243,332.5304,332.5304,4.000000,4.000000,4.000000,5.000000,5.000000,96.000000,96.000000,96.000000,95.000000,95.000000,5.0,1463.1337,1340.2688,5187.4742,5310.3391,PENDING_AG03,FALSE,NOT_FOR_ENFORCEMENT,6384.5836,256811.4724,6650.6079,6384.5836,266.0243,0.02244119,0.02154355,266.0243,6384.5836,0.02154355,266.0243,266.0243,266.0243,332.5304,332.5304,6384.5836,0.02154355,1463.1337,1340.2688,5187.4742,5310.3391,0.01750413,0.01791872,0.00089765,16.2655,14.6936,0.3653,59.3804,1.1678,2646.0457,162.5536,12.4780,16.8648,9.0895,16.5695,22.0926,29.825,33.4482,44.5976,11.8163,0.0,2.018664,2.691552,0.981654,30,240,141,4,0.10479828,0.02244119,0.04150452,0E-8,0.000000,0.902668,0.011910,-0.02129501,2026-03-22,2026-08-05,112,5695,2177,137,0.817518,0.739886,0.767145,0.349328,,,,,,,,GLOBAL_BASELINE_NO_ENTITY_RANKING,,,NOT_APPLICABLE_GLOBAL_BASELINE,HF9g-P5,,,,X 全窗基线 · 不参与实体赏罚,14195856,1420,A168_HF9F_20260827_0900,2026-08-27 09:00:00
2026-05-17,110249610,2250,0,42.3676846060,-21.1838423030,-21.1838423030,0E-7,2,2,0.50665070000000000,0.506650700000,-1.013391052207602,-1.013391052207602,-1.013391052207602,0E-17,ELIGIBLE,R03b_20260811_FULL_v1,L1_ELIGIBILITY,v2026-08-11,2026-03-21..2026-08-06,baccarat_bet02_101_all_pairs_incl_sentinel,round_win = game_pnl > 0 (decisive only),COMPATIBILITY_ONLY_NOT_PRODUCTION,296357.1217,267511.9505,6650.6079,18220,18206,-0.02244119,-0.04150452,-0.02020951,-0.02244119,-6650.6079,296357.1217,OK,0.0000,266.0243,4.0000,96.0000,AG03-UNRESOLVED,ALL5_LEVELS_bet23_to_bet27,266.0243,266.0243,266.0243,332.5304,332.5304,4.000000,4.000000,4.000000,5.000000,5.000000,96.000000,96.000000,96.000000,95.000000,95.000000,5.0,1463.1337,1340.2688,5187.4742,5310.3391,PENDING_AG03,FALSE,NOT_FOR_ENFORCEMENT,6384.5836,256811.4724,6650.6079,6384.5836,266.0243,0.02244119,0.02154355,266.0243,6384.5836,0.02154355,266.0243,266.0243,266.0243,332.5304,332.5304,6384.5836,0.02154355,1463.1337,1340.2688,5187.4742,5310.3391,0.01750413,0.01791872,0.00089765,16.2655,14.6936,0.3653,59.3804,1.1678,2646.0457,162.5536,12.4780,16.8648,9.0895,16.5695,22.0926,29.825,33.4482,44.5976,11.8163,0.0,2.018664,2.691552,0.981654,30,240,141,4,0.10479828,0.02244119,0.04150452,0E-8,0.000000,0.902668,0.011910,-0.02129501,2026-03-22,2026-08-05,112,5695,2177,137,0.817518,0.739886,0.767145,0.349328,,,,,,,,GLOBAL_BASELINE_NO_ENTITY_RANKING,,,NOT_APPLICABLE_GLOBAL_BASELINE,HF9g-P5,,,,X 全窗基线 · 不参与实体赏罚,14195857,1420,A168_HF9F_20260827_0900,2026-08-27 09:00:00
2026-05-17,110249610,2251,0,4.4597562744,4.2367684606,4.2367684606,1.0000000,2,2,0.50665070000000000,0.506650700000,1.3955260008387969,1.3955260008387969,1.3955260008387969,0E-17,ELIGIBLE,R03b_20260811_FULL_v1,L1_ELIGIBILITY,v2026-08-11,2026-03-21..2026-08-06,baccarat_bet02_101_all_pairs_incl_sentinel,round_win = game_pnl > 0 (decisive only),COMPATIBILITY_ONLY_NOT_PRODUCTION,296357.1217,267511.9505,6650.6079,18220,18206,-0.02244119,-0.04150452,-0.02020951,-0.02244119,-6650.6079,296357.1217,OK,0.0000,266.0243,4.0000,96.0000,AG03-UNRESOLVED,ALL5_LEVELS_bet23_to_bet27,266.0243,266.0243,266.0243,332.5304,332.5304,4.000000,4.000000,4.000000,5.000000,5.000000,96.000000,96.000000,96.000000,95.000000,95.000000,5.0,1463.1337,1340.2688,5187.4742,5310.3391,PENDING_AG03,FALSE,NOT_FOR_ENFORCEMENT,6384.5836,256811.4724,6650.6079,6384.5836,266.0243,0.02244119,0.02154355,266.0243,6384.5836,0.02154355,266.0243,266.0243,266.0243,332.5304,332.5304,6384.5836,0.02154355,1463.1337,1340.2688,5187.4742,5310.3391,0.01750413,0.01791872,0.00089765,16.2655,14.6936,0.3653,59.3804,1.1678,2646.0457,162.5536,12.4780,16.8648,9.0895,16.5695,22.0926,29.825,33.4482,44.5976,11.8163,0.0,2.018664,2.691552,0.981654,30,240,141,4,0.10479828,0.02244119,0.04150452,0E-8,0.000000,0.902668,0.011910,-0.02129501,2026-03-22,2026-08-05,112,5695,2177,137,0.817518,0.739886,0.767145,0.349328,,,,,,,,GLOBAL_BASELINE_NO_ENTITY_RANKING,,,NOT_APPLICABLE_GLOBAL_BASELINE,HF9g-P5,,,,X 全窗基线 · 不参与实体赏罚,14195858,1420,A168_HF9F_20260827_0900,2026-08-27 09:00:00
2026-05-17,110249610,550,0,2.2298781372,-2.2298781372,-2.2298781372,0E-7,1,1,0.49324550000000000,0.493245500000,-0.9865810262130424,-0.9865810262130424,-0.9865810262130424,0E-17,ELIGIBLE,R03b_20260811_FULL_v1,L1_ELIGIBILITY,v2026-08-11,2026-03-21..2026-08-06,baccarat_bet02_101_all_pairs_incl_sentinel,round_win = game_pnl > 0 (decisive only),COMPATIBILITY_ONLY_NOT_PRODUCTION,296357.1217,267511.9505,6650.6079,18220,18206,-0.02244119,-0.04150452,-0.02020951,-0.02244119,-6650.6079,296357.1217,OK,0.0000,266.0243,4.0000,96.0000,AG03-UNRESOLVED,ALL5_LEVELS_bet23_to_bet27,266.0243,266.0243,266.0243,332.5304,332.5304,4.000000,4.000000,4.000000,5.000000,5.000000,96.000000,96.000000,96.000000,95.000000,95.000000,5.0,1463.1337,1340.2688,5187.4742,5310.3391,PENDING_AG03,FALSE,NOT_FOR_ENFORCEMENT,6384.5836,256811.4724,6650.6079,6384.5836,266.0243,0.02244119,0.02154355,266.0243,6384.5836,0.02154355,266.0243,266.0243,266.0243,332.5304,332.5304,6384.5836,0.02154355,1463.1337,1340.2688,5187.4742,5310.3391,0.01750413,0.01791872,0.00089765,16.2655,14.6936,0.3653,59.3804,1.1678,2646.0457,162.5536,12.4780,16.8648,9.0895,16.5695,22.0926,29.825,33.4482,44.5976,11.8163,0.0,2.018664,2.691552,0.981654,30,240,141,4,0.10479828,0.02244119,0.04150452,0E-8,0.000000,0.902668,0.011910,-0.02129501,2026-03-22,2026-08-05,112,5695,2177,137,0.817518,0.739886,0.767145,0.349328,,,,,,,,GLOBAL_BASELINE_NO_ENTITY_RANKING,,,NOT_APPLICABLE_GLOBAL_BASELINE,HF9g-P5,,,,X 全窗基线 · 不参与实体赏罚,14195859,1420,A168_HF9F_20260827_0900,2026-08-27 09:00:00
2026-05-17,110249610,595,0,2.3413720440,-2.3413720440,-2.3413720440,0E-7,1,1,0.50665070000000000,0.506650700000,-1.013391052207602,-1.013391052207602,-1.013391052207602,0E-17,ELIGIBLE,R03b_20260811_FULL_v1,L1_ELIGIBILITY,v2026-08-11,2026-03-21..2026-08-06,baccarat_bet02_101_all_pairs_incl_sentinel,round_win = game_pnl > 0 (decisive only),COMPATIBILITY_ONLY_NOT_PRODUCTION,296357.1217,267511.9505,6650.6079,18220,18206,-0.02244119,-0.04150452,-0.02020951,-0.02244119,-6650.6079,296357.1217,OK,0.0000,266.0243,4.0000,96.0000,AG03-UNRESOLVED,ALL5_LEVELS_bet23_to_bet27,266.0243,266.0243,266.0243,332.5304,332.5304,4.000000,4.000000,4.000000,5.000000,5.000000,96.000000,96.000000,96.000000,95.000000,95.000000,5.0,1463.1337,1340.2688,5187.4742,5310.3391,PENDING_AG03,FALSE,NOT_FOR_ENFORCEMENT,6384.5836,256811.4724,6650.6079,6384.5836,266.0243,0.02244119,0.02154355,266.0243,6384.5836,0.02154355,266.0243,266.0243,266.0243,332.5304,332.5304,6384.5836,0.02154355,1463.1337,1340.2688,5187.4742,5310.3391,0.01750413,0.01791872,0.00089765,16.2655,14.6936,0.3653,59.3804,1.1678,2646.0457,162.5536,12.4780,16.8648,9.0895,16.5695,22.0926,29.825,33.4482,44.5976,11.8163,0.0,2.018664,2.691552,0.981654,30,240,141,4,0.10479828,0.02244119,0.04150452,0E-8,0.000000,0.902668,0.011910,-0.02129501,2026-03-22,2026-08-05,112,5695,2177,137,0.817518,0.739886,0.767145,0.349328,,,,,,,,GLOBAL_BASELINE_NO_ENTITY_RANKING,,,NOT_APPLICABLE_GLOBAL_BASELINE,HF9g-P5,,,,X 全窗基线 · 不参与实体赏罚,14195860,1420,A168_HF9F_20260827_0900,2026-08-27 09:00:00
2026-05-18,110249610,-1,1,4579.7237180989,102.6301412635,102.6301412635,0.5393939,176,176,0.50169991590909091,0.501699915909,0.9683825936909278,0.9683825936932628,0.9683825936909278,9.091E-14,SENTINEL_DEALER,R03b_20260811_FULL_v1,L1_ELIGIBILITY,v2026-08-11,2026-03-21..2026-08-06,baccarat_bet02_101_all_pairs_incl_sentinel,round_win = game_pnl > 0 (decisive only),COMPATIBILITY_ONLY_NOT_PRODUCTION,296357.1217,267511.9505,6650.6079,18220,18206,-0.02244119,-0.04150452,-0.02020951,-0.02244119,-6650.6079,296357.1217,OK,0.0000,266.0243,4.0000,96.0000,AG03-UNRESOLVED,ALL5_LEVELS_bet23_to_bet27,266.0243,266.0243,266.0243,332.5304,332.5304,4.000000,4.000000,4.000000,5.000000,5.000000,96.000000,96.000000,96.000000,95.000000,95.000000,5.0,1463.1337,1340.2688,5187.4742,5310.3391,PENDING_AG03,FALSE,NOT_FOR_ENFORCEMENT,6384.5836,256811.4724,6650.6079,6384.5836,266.0243,0.02244119,0.02154355,266.0243,6384.5836,0.02154355,266.0243,266.0243,266.0243,332.5304,332.5304,6384.5836,0.02154355,1463.1337,1340.2688,5187.4742,5310.3391,0.01750413,0.01791872,0.00089765,16.2655,14.6936,0.3653,59.3804,1.1678,2646.0457,162.5536,12.4780,16.8648,9.0895,16.5695,22.0926,29.825,33.4482,44.5976,11.8163,0.0,2.018664,2.691552,0.981654,30,240,141,4,0.10479828,0.02244119,0.04150452,0E-8,0.000000,0.902668,0.011910,-0.02129501,2026-03-22,2026-08-05,112,5695,2177,137,0.817518,0.739886,0.767145,0.349328,,,,,,,,GLOBAL_BASELINE_NO_ENTITY_RANKING,,,NOT_APPLICABLE_GLOBAL_BASELINE,HF9g-P5,,,,X 全窗基线 · 不参与实体赏罚,14195861,1420,A168_HF9F_20260827_0900,2026-08-27 09:00:00
2026-05-18,110249610,1115,0,262.0106811163,-39.0228674003,-39.0228674003,0.3333333,8,8,0.49827245000000000,0.498272450000,-0.8080381719969413,-0.8080381719969413,-0.8080381719969413,0E-17,ELIGIBLE,R03b_20260811_FULL_v1,L1_ELIGIBILITY,v2026-08-11,2026-03-21..2026-08-06,baccarat_bet02_101_all_pairs_incl_sentinel,round_win = game_pnl > 0 (decisive only),COMPATIBILITY_ONLY_NOT_PRODUCTION,296357.1217,267511.9505,6650.6079,18220,18206,-0.02244119,-0.04150452,-0.02020951,-0.02244119,-6650.6079,296357.1217,OK,0.0000,266.0243,4.0000,96.0000,AG03-UNRESOLVED,ALL5_LEVELS_bet23_to_bet27,266.0243,266.0243,266.0243,332.5304,332.5304,4.000000,4.000000,4.000000,5.000000,5.000000,96.000000,96.000000,96.000000,95.000000,95.000000,5.0,1463.1337,1340.2688,5187.4742,5310.3391,PENDING_AG03,FALSE,NOT_FOR_ENFORCEMENT,6384.5836,256811.4724,6650.6079,6384.5836,266.0243,0.02244119,0.02154355,266.0243,6384.5836,0.02154355,266.0243,266.0243,266.0243,332.5304,332.5304,6384.5836,0.02154355,1463.1337,1340.2688,5187.4742,5310.3391,0.01750413,0.01791872,0.00089765,16.2655,14.6936,0.3653,59.3804,1.1678,2646.0457,162.5536,12.4780,16.8648,9.0895,16.5695,22.0926,29.825,33.4482,44.5976,11.8163,0.0,2.018664,2.691552,0.981654,30,240,141,4,0.10479828,0.02244119,0.04150452,0E-8,0.000000,0.902668,0.011910,-0.02129501,2026-03-22,2026-08-05,112,5695,2177,137,0.817518,0.739886,0.767145,0.349328,,,,,,,,GLOBAL_BASELINE_NO_ENTITY_RANKING,,,NOT_APPLICABLE_GLOBAL_BASELINE,HF9g-P5,,,,X 全窗基线 · 不参与实体赏罚,14195862,1420,A168_HF9F_20260827_0900,2026-08-27 09:00:00
2026-05-18,110249610,1151,0,90.3100645550,-34.5631111260,-34.5631111260,0.3333333,3,3,0.49771390000000000,0.497713900000,-0.5694369385616226,-0.5694369385616226,-0.5694369385616226,0E-17,ELIGIBLE,R03b_20260811_FULL_v1,L1_ELIGIBILITY,v2026-08-11,2026-03-21..2026-08-06,baccarat_bet02_101_all_pairs_incl_sentinel,round_win = game_pnl > 0 (decisive only),COMPATIBILITY_ONLY_NOT_PRODUCTION,296357.1217,267511.9505,6650.6079,18220,18206,-0.02244119,-0.04150452,-0.02020951,-0.02244119,-6650.6079,296357.1217,OK,0.0000,266.0243,4.0000,96.0000,AG03-UNRESOLVED,ALL5_LEVELS_bet23_to_bet27,266.0243,266.0243,266.0243,332.5304,332.5304,4.000000,4.000000,4.000000,5.000000,5.000000,96.000000,96.000000,96.000000,95.000000,95.000000,5.0,1463.1337,1340.2688,5187.4742,5310.3391,PENDING_AG03,FALSE,NOT_FOR_ENFORCEMENT,6384.5836,256811.4724,6650.6079,6384.5836,266.0243,0.02244119,0.02154355,266.0243,6384.5836,0.02154355,266.0243,266.0243,266.0243,332.5304,332.5304,6384.5836,0.02154355,1463.1337,1340.2688,5187.4742,5310.3391,0.01750413,0.01791872,0.00089765,16.2655,14.6936,0.3653,59.3804,1.1678,2646.0457,162.5536,12.4780,16.8648,9.0895,16.5695,22.0926,29.825,33.4482,44.5976,11.8163,0.0,2.018664,2.691552,0.981654,30,240,141,4,0.10479828,0.02244119,0.04150452,0E-8,0.000000,0.902668,0.011910,-0.02129501,2026-03-22,2026-08-05,112,5695,2177,137,0.817518,0.739886,0.767145,0.349328,,,,,,,,GLOBAL_BASELINE_NO_ENTITY_RANKING,,,NOT_APPLICABLE_GLOBAL_BASELINE,HF9g-P5,,,,X 全窗基线 · 不参与实体赏罚,14195863,1420,A168_HF9F_20260827_0900,2026-08-27 09:00:00
2026-05-18,110249610,1221,0,37.9079283317,-5.2959605757,-5.2959605757,0.5000000,2,2,0.50665070000000000,0.506650700000,-0.018812684590367487,-0.018812684590367487,-0.018812684590367487,0E-17,ELIGIBLE,R03b_20260811_FULL_v1,L1_ELIGIBILITY,v2026-08-11,2026-03-21..2026-08-06,baccarat_bet02_101_all_pairs_incl_sentinel,round_win = game_pnl > 0 (decisive only),COMPATIBILITY_ONLY_NOT_PRODUCTION,296357.1217,267511.9505,6650.6079,18220,18206,-0.02244119,-0.04150452,-0.02020951,-0.02244119,-6650.6079,296357.1217,OK,0.0000,266.0243,4.0000,96.0000,AG03-UNRESOLVED,ALL5_LEVELS_bet23_to_bet27,266.0243,266.0243,266.0243,332.5304,332.5304,4.000000,4.000000,4.000000,5.000000,5.000000,96.000000,96.000000,96.000000,95.000000,95.000000,5.0,1463.1337,1340.2688,5187.4742,5310.3391,PENDING_AG03,FALSE,NOT_FOR_ENFORCEMENT,6384.5836,256811.4724,6650.6079,6384.5836,266.0243,0.02244119,0.02154355,266.0243,6384.5836,0.02154355,266.0243,266.0243,266.0243,332.5304,332.5304,6384.5836,0.02154355,1463.1337,1340.2688,5187.4742,5310.3391,0.01750413,0.01791872,0.00089765,16.2655,14.6936,0.3653,59.3804,1.1678,2646.0457,162.5536,12.4780,16.8648,9.0895,16.5695,22.0926,29.825,33.4482,44.5976,11.8163,0.0,2.018664,2.691552,0.981654,30,240,141,4,0.10479828,0.02244119,0.04150452,0E-8,0.000000,0.902668,0.011910,-0.02129501,2026-03-22,2026-08-05,112,5695,2177,137,0.817518,0.739886,0.767145,0.349328,,,,,,,,GLOBAL_BASELINE_NO_ENTITY_RANKING,,,NOT_APPLICABLE_GLOBAL_BASELINE,HF9g-P5,,,,X 全窗基线 · 不参与实体赏罚,14195864,1420,A168_HF9F_20260827_0900,2026-08-27 09:00:00
2026-05-18,110249610,1299,0,94.7698208293,-94.7698208293,-94.7698208293,0E-7,3,3,0.50665070000000000,0.506650700000,-1.7552447903592512,-1.7552447903592512,-1.7552447903592512,0E-17,ELIGIBLE,R03b_20260811_FULL_v1,L1_ELIGIBILITY,v2026-08-11,2026-03-21..2026-08-06,baccarat_bet02_101_all_pairs_incl_sentinel,round_win = game_pnl > 0 (decisive only),COMPATIBILITY_ONLY_NOT_PRODUCTION,296357.1217,267511.9505,6650.6079,18220,18206,-0.02244119,-0.04150452,-0.02020951,-0.02244119,-6650.6079,296357.1217,OK,0.0000,266.0243,4.0000,96.0000,AG03-UNRESOLVED,ALL5_LEVELS_bet23_to_bet27,266.0243,266.0243,266.0243,332.5304,332.5304,4.000000,4.000000,4.000000,5.000000,5.000000,96.000000,96.000000,96.000000,95.000000,95.000000,5.0,1463.1337,1340.2688,5187.4742,5310.3391,PENDING_AG03,FALSE,NOT_FOR_ENFORCEMENT,6384.5836,256811.4724,6650.6079,6384.5836,266.0243,0.02244119,0.02154355,266.0243,6384.5836,0.02154355,266.0243,266.0243,266.0243,332.5304,332.5304,6384.5836,0.02154355,1463.1337,1340.2688,5187.4742,5310.3391,0.01750413,0.01791872,0.00089765,16.2655,14.6936,0.3653,59.3804,1.1678,2646.0457,162.5536,12.4780,16.8648,9.0895,16.5695,22.0926,29.825,33.4482,44.5976,11.8163,0.0,2.018664,2.691552,0.981654,30,240,141,4,0.10479828,0.02244119,0.04150452,0E-8,0.000000,0.902668,0.011910,-0.02129501,2026-03-22,2026-08-05,112,5695,2177,137,0.817518,0.739886,0.767145,0.349328,,,,,,,,GLOBAL_BASELINE_NO_ENTITY_RANKING,,,NOT_APPLICABLE_GLOBAL_BASELINE,HF9g-P5,,,,X 全窗基线 · 不参与实体赏罚,14195865,1420,A168_HF9F_20260827_0900,2026-08-27 09:00:00
2026-05-18,110249610,1304,0,178.3902509728,66.8963441148,66.8963441148,0.7500000,4,4,0.49324550000000000,0.493245500000,1.0271117246678039,1.0271117246678039,1.0271117246678039,0E-17,ELIGIBLE,R03b_20260811_FULL_v1,L1_ELIGIBILITY,v2026-08-11,2026-03-21..2026-08-06,baccarat_bet02_101_all_pairs_incl_sentinel,round_win = game_pnl > 0 (decisive only),COMPATIBILITY_ONLY_NOT_PRODUCTION,296357.1217,267511.9505,6650.6079,18220,18206,-0.02244119,-0.04150452,-0.02020951,-0.02244119,-6650.6079,296357.1217,OK,0.0000,266.0243,4.0000,96.0000,AG03-UNRESOLVED,ALL5_LEVELS_bet23_to_bet27,266.0243,266.0243,266.0243,332.5304,332.5304,4.000000,4.000000,4.000000,5.000000,5.000000,96.000000,96.000000,96.000000,95.000000,95.000000,5.0,1463.1337,1340.2688,5187.4742,5310.3391,PENDING_AG03,FALSE,NOT_FOR_ENFORCEMENT,6384.5836,256811.4724,6650.6079,6384.5836,266.0243,0.02244119,0.02154355,266.0243,6384.5836,0.02154355,266.0243,266.0243,266.0243,332.5304,332.5304,6384.5836,0.02154355,1463.1337,1340.2688,5187.4742,5310.3391,0.01750413,0.01791872,0.00089765,16.2655,14.6936,0.3653,59.3804,1.1678,2646.0457,162.5536,12.4780,16.8648,9.0895,16.5695,22.0926,29.825,33.4482,44.5976,11.8163,0.0,2.018664,2.691552,0.981654,30,240,141,4,0.10479828,0.02244119,0.04150452,0E-8,0.000000,0.902668,0.011910,-0.02129501,2026-03-22,2026-08-05,112,5695,2177,137,0.817518,0.739886,0.767145,0.349328,,,,,,,,GLOBAL_BASELINE_NO_ENTITY_RANKING,,,NOT_APPLICABLE_GLOBAL_BASELINE,HF9g-P5,,,,X 全窗基线 · 不参与实体赏罚,14195866,1420,A168_HF9F_20260827_0900,2026-08-27 09:00:00
2026-05-18,110249610,1306,0,153.8615914640,-83.0629606092,-83.0629606092,0.1666667,7,7,0.50473567142857143,0.504735671429,-1.6562674095404992,-1.6562674095426126,-1.6562674095404992,-4.2857E-13,ELIGIBLE,R03b_20260811_FULL_v1,L1_ELIGIBILITY,v2026-08-11,2026-03-21..2026-08-06,baccarat_bet02_101_all_pairs_incl_sentinel,round_win = game_pnl > 0 (decisive only),COMPATIBILITY_ONLY_NOT_PRODUCTION,296357.1217,267511.9505,6650.6079,18220,18206,-0.02244119,-0.04150452,-0.02020951,-0.02244119,-6650.6079,296357.1217,OK,0.0000,266.0243,4.0000,96.0000,AG03-UNRESOLVED,ALL5_LEVELS_bet23_to_bet27,266.0243,266.0243,266.0243,332.5304,332.5304,4.000000,4.000000,4.000000,5.000000,5.000000,96.000000,96.000000,96.000000,95.000000,95.000000,5.0,1463.1337,1340.2688,5187.4742,5310.3391,PENDING_AG03,FALSE,NOT_FOR_ENFORCEMENT,6384.5836,256811.4724,6650.6079,6384.5836,266.0243,0.02244119,0.02154355,266.0243,6384.5836,0.02154355,266.0243,266.0243,266.0243,332.5304,332.5304,6384.5836,0.02154355,1463.1337,1340.2688,5187.4742,5310.3391,0.01750413,0.01791872,0.00089765,16.2655,14.6936,0.3653,59.3804,1.1678,2646.0457,162.5536,12.4780,16.8648,9.0895,16.5695,22.0926,29.825,33.4482,44.5976,11.8163,0.0,2.018664,2.691552,0.981654,30,240,141,4,0.10479828,0.02244119,0.04150452,0E-8,0.000000,0.902668,0.011910,-0.02129501,2026-03-22,2026-08-05,112,5695,2177,137,0.817518,0.739886,0.767145,0.349328,,,,,,,,GLOBAL_BASELINE_NO_ENTITY_RANKING,,,NOT_APPLICABLE_GLOBAL_BASELINE,HF9g-P5,,,,X 全窗基线 · 不参与实体赏罚,14195867,1420,A168_HF9F_20260827_0900,2026-08-27 09:00:00
2026-05-18,110249610,1307,0,1007.9049179963,203.3648861091,203.3648861091,0.6296296,29,29,0.50526395517241379,0.505263955172,1.2925176325710732,1.2925176325753625,1.2925176325710732,4.1379E-13,ELIGIBLE,R03b_20260811_FULL_v1,L1_ELIGIBILITY,v2026-08-11,2026-03-21..2026-08-06,baccarat_bet02_101_all_pairs_incl_sentinel,round_win = game_pnl > 0 (decisive only),COMPATIBILITY_ONLY_NOT_PRODUCTION,296357.1217,267511.9505,6650.6079,18220,18206,-0.02244119,-0.04150452,-0.02020951,-0.02244119,-6650.6079,296357.1217,OK,0.0000,266.0243,4.0000,96.0000,AG03-UNRESOLVED,ALL5_LEVELS_bet23_to_bet27,266.0243,266.0243,266.0243,332.5304,332.5304,4.000000,4.000000,4.000000,5.000000,5.000000,96.000000,96.000000,96.000000,95.000000,95.000000,5.0,1463.1337,1340.2688,5187.4742,5310.3391,PENDING_AG03,FALSE,NOT_FOR_ENFORCEMENT,6384.5836,256811.4724,6650.6079,6384.5836,266.0243,0.02244119,0.02154355,266.0243,6384.5836,0.02154355,266.0243,266.0243,266.0243,332.5304,332.5304,6384.5836,0.02154355,1463.1337,1340.2688,5187.4742,5310.3391,0.01750413,0.01791872,0.00089765,16.2655,14.6936,0.3653,59.3804,1.1678,2646.0457,162.5536,12.4780,16.8648,9.0895,16.5695,22.0926,29.825,33.4482,44.5976,11.8163,0.0,2.018664,2.691552,0.981654,30,240,141,4,0.10479828,0.02244119,0.04150452,0E-8,0.000000,0.902668,0.011910,-0.02129501,2026-03-22,2026-08-05,112,5695,2177,137,0.817518,0.739886,0.767145,0.349328,,,,,,,,GLOBAL_BASELINE_NO_ENTITY_RANKING,,,NOT_APPLICABLE_GLOBAL_BASELINE,HF9g-P5,,,,X 全窗基线 · 不参与实体赏罚,14195868,1420,A168_HF9F_20260827_0900,2026-08-27 09:00:00
2026-05-18,110249610,1323,0,27.8734767145,-27.8734767145,-27.8734767145,0E-7,1,1,0.49324550000000000,0.493245500000,-0.9865810262130424,-0.9865810262130424,-0.9865810262130424,0E-17,ELIGIBLE,R03b_20260811_FULL_v1,L1_ELIGIBILITY,v2026-08-11,2026-03-21..2026-08-06,baccarat_bet02_101_all_pairs_incl_sentinel,round_win = game_pnl > 0 (decisive only),COMPATIBILITY_ONLY_NOT_PRODUCTION,296357.1217,267511.9505,6650.6079,18220,18206,-0.02244119,-0.04150452,-0.02020951,-0.02244119,-6650.6079,296357.1217,OK,0.0000,266.0243,4.0000,96.0000,AG03-UNRESOLVED,ALL5_LEVELS_bet23_to_bet27,266.0243,266.0243,266.0243,332.5304,332.5304,4.000000,4.000000,4.000000,5.000000,5.000000,96.000000,96.000000,96.000000,95.000000,95.000000,5.0,1463.1337,1340.2688,5187.4742,5310.3391,PENDING_AG03,FALSE,NOT_FOR_ENFORCEMENT,6384.5836,256811.4724,6650.6079,6384.5836,266.0243,0.02244119,0.02154355,266.0243,6384.5836,0.02154355,266.0243,266.0243,266.0243,332.5304,332.5304,6384.5836,0.02154355,1463.1337,1340.2688,5187.4742,5310.3391,0.01750413,0.01791872,0.00089765,16.2655,14.6936,0.3653,59.3804,1.1678,2646.0457,162.5536,12.4780,16.8648,9.0895,16.5695,22.0926,29.825,33.4482,44.5976,11.8163,0.0,2.018664,2.691552,0.981654,30,240,141,4,0.10479828,0.02244119,0.04150452,0E-8,0.000000,0.902668,0.011910,-0.02129501,2026-03-22,2026-08-05,112,5695,2177,137,0.817518,0.739886,0.767145,0.349328,,,,,,,,GLOBAL_BASELINE_NO_ENTITY_RANKING,,,NOT_APPLICABLE_GLOBAL_BASELINE,HF9g-P5,,,,X 全窗基线 · 不参与实体赏罚,14195869,1420,A168_HF9F_20260827_0900,2026-08-27 09:00:00
2026-05-18,110249610,1325,0,11.1493906857,1.8953964167,1.8953964167,0.6666667,3,3,0.50665070000000000,0.506650700000,0.5543606114942035,0.5543606114942035,0.5543606114942035,0E-17,ELIGIBLE,R03b_20260811_FULL_v1,L1_ELIGIBILITY,v2026-08-11,2026-03-21..2026-08-06,baccarat_bet02_101_all_pairs_incl_sentinel,round_win = game_pnl > 0 (decisive only),COMPATIBILITY_ONLY_NOT_PRODUCTION,296357.1217,267511.9505,6650.6079,18220,18206,-0.02244119,-0.04150452,-0.02020951,-0.02244119,-6650.6079,296357.1217,OK,0.0000,266.0243,4.0000,96.0000,AG03-UNRESOLVED,ALL5_LEVELS_bet23_to_bet27,266.0243,266.0243,266.0243,332.5304,332.5304,4.000000,4.000000,4.000000,5.000000,5.000000,96.000000,96.000000,96.000000,95.000000,95.000000,5.0,1463.1337,1340.2688,5187.4742,5310.3391,PENDING_AG03,FALSE,NOT_FOR_ENFORCEMENT,6384.5836,256811.4724,6650.6079,6384.5836,266.0243,0.02244119,0.02154355,266.0243,6384.5836,0.02154355,266.0243,266.0243,266.0243,332.5304,332.5304,6384.5836,0.02154355,1463.1337,1340.2688,5187.4742,5310.3391,0.01750413,0.01791872,0.00089765,16.2655,14.6936,0.3653,59.3804,1.1678,2646.0457,162.5536,12.4780,16.8648,9.0895,16.5695,22.0926,29.825,33.4482,44.5976,11.8163,0.0,2.018664,2.691552,0.981654,30,240,141,4,0.10479828,0.02244119,0.04150452,0E-8,0.000000,0.902668,0.011910,-0.02129501,2026-03-22,2026-08-05,112,5695,2177,137,0.817518,0.739886,0.767145,0.349328,,,,,,,,GLOBAL_BASELINE_NO_ENTITY_RANKING,,,NOT_APPLICABLE_GLOBAL_BASELINE,HF9g-P5,,,,X 全窗基线 · 不参与实体赏罚,14195870,1420,A168_HF9F_20260827_0900,2026-08-27 09:00:00
2026-05-18,110249610,1331,0,55.7469534290,-55.7469534290,-55.7469534290,0E-7,3,3,0.49324550000000000,0.493245500000,-1.708808463184432,-1.7088084631844318,-1.708808463184432,0E-17,ELIGIBLE,R03b_20260811_FULL_v1,L1_ELIGIBILITY,v2026-08-11,2026-03-21..2026-08-06,baccarat_bet02_101_all_pairs_incl_sentinel,round_win = game_pnl > 0 (decisive only),COMPATIBILITY_ONLY_NOT_PRODUCTION,296357.1217,267511.9505,6650.6079,18220,18206,-0.02244119,-0.04150452,-0.02020951,-0.02244119,-6650.6079,296357.1217,OK,0.0000,266.0243,4.0000,96.0000,AG03-UNRESOLVED,ALL5_LEVELS_bet23_to_bet27,266.0243,266.0243,266.0243,332.5304,332.5304,4.000000,4.000000,4.000000,5.000000,5.000000,96.000000,96.000000,96.000000,95.000000,95.000000,5.0,1463.1337,1340.2688,5187.4742,5310.3391,PENDING_AG03,FALSE,NOT_FOR_ENFORCEMENT,6384.5836,256811.4724,6650.6079,6384.5836,266.0243,0.02244119,0.02154355,266.0243,6384.5836,0.02154355,266.0243,266.0243,266.0243,332.5304,332.5304,6384.5836,0.02154355,1463.1337,1340.2688,5187.4742,5310.3391,0.01750413,0.01791872,0.00089765,16.2655,14.6936,0.3653,59.3804,1.1678,2646.0457,162.5536,12.4780,16.8648,9.0895,16.5695,22.0926,29.825,33.4482,44.5976,11.8163,0.0,2.018664,2.691552,0.981654,30,240,141,4,0.10479828,0.02244119,0.04150452,0E-8,0.000000,0.902668,0.011910,-0.02129501,2026-03-22,2026-08-05,112,5695,2177,137,0.817518,0.739886,0.767145,0.349328,,,,,,,,GLOBAL_BASELINE_NO_ENTITY_RANKING,,,NOT_APPLICABLE_GLOBAL_BASELINE,HF9g-P5,,,,X 全窗基线 · 不参与实体赏罚,14195871,1420,A168_HF9F_20260827_0900,2026-08-27 09:00:00
2026-05-18,110249610,1353,0,55.7469534290,-1.3936738357,-1.3936738357,0.5000000,2,2,0.50665070000000000,0.506650700000,-0.018812684590367487,-0.018812684590367487,-0.018812684590367487,0E-17,ELIGIBLE,R03b_20260811_FULL_v1,L1_ELIGIBILITY,v2026-08-11,2026-03-21..2026-08-06,baccarat_bet02_101_all_pairs_incl_sentinel,round_win = game_pnl > 0 (decisive only),COMPATIBILITY_ONLY_NOT_PRODUCTION,296357.1217,267511.9505,6650.6079,18220,18206,-0.02244119,-0.04150452,-0.02020951,-0.02244119,-6650.6079,296357.1217,OK,0.0000,266.0243,4.0000,96.0000,AG03-UNRESOLVED,ALL5_LEVELS_bet23_to_bet27,266.0243,266.0243,266.0243,332.5304,332.5304,4.000000,4.000000,4.000000,5.000000,5.000000,96.000000,96.000000,96.000000,95.000000,95.000000,5.0,1463.1337,1340.2688,5187.4742,5310.3391,PENDING_AG03,FALSE,NOT_FOR_ENFORCEMENT,6384.5836,256811.4724,6650.6079,6384.5836,266.0243,0.02244119,0.02154355,266.0243,6384.5836,0.02154355,266.0243,266.0243,266.0243,332.5304,332.5304,6384.5836,0.02154355,1463.1337,1340.2688,5187.4742,5310.3391,0.01750413,0.01791872,0.00089765,16.2655,14.6936,0.3653,59.3804,1.1678,2646.0457,162.5536,12.4780,16.8648,9.0895,16.5695,22.0926,29.825,33.4482,44.5976,11.8163,0.0,2.018664,2.691552,0.981654,30,240,141,4,0.10479828,0.02244119,0.04150452,0E-8,0.000000,0.902668,0.011910,-0.02129501,2026-03-22,2026-08-05,112,5695,2177,137,0.817518,0.739886,0.767145,0.349328,,,,,,,,GLOBAL_BASELINE_NO_ENTITY_RANKING,,,NOT_APPLICABLE_GLOBAL_BASELINE,HF9g-P5,,,,X 全窗基线 · 不参与实体赏罚,14195872,1420,A168_HF9F_20260827_0900,2026-08-27 09:00:00
2026-05-18,110249610,1383,0,275.7244316598,101.3479613339,101.3479613339,0.7500000,8,8,0.50497505000000000,0.504975050000,1.3861390483323712,1.3861390483323712,1.3861390483323712,0E-17,ELIGIBLE,R03b_20260811_FULL_v1,L1_ELIGIBILITY,v2026-08-11,2026-03-21..2026-08-06,baccarat_bet02_101_all_pairs_incl_sentinel,round_win = game_pnl > 0 (decisive only),COMPATIBILITY_ONLY_NOT_PRODUCTION,296357.1217,267511.9505,6650.6079,18220,18206,-0.02244119,-0.04150452,-0.02020951,-0.02244119,-6650.6079,296357.1217,OK,0.0000,266.0243,4.0000,96.0000,AG03-UNRESOLVED,ALL5_LEVELS_bet23_to_bet27,266.0243,266.0243,266.0243,332.5304,332.5304,4.000000,4.000000,4.000000,5.000000,5.000000,96.000000,96.000000,96.000000,95.000000,95.000000,5.0,1463.1337,1340.2688,5187.4742,5310.3391,PENDING_AG03,FALSE,NOT_FOR_ENFORCEMENT,6384.5836,256811.4724,6650.6079,6384.5836,266.0243,0.02244119,0.02154355,266.0243,6384.5836,0.02154355,266.0243,266.0243,266.0243,332.5304,332.5304,6384.5836,0.02154355,1463.1337,1340.2688,5187.4742,5310.3391,0.01750413,0.01791872,0.00089765,16.2655,14.6936,0.3653,59.3804,1.1678,2646.0457,162.5536,12.4780,16.8648,9.0895,16.5695,22.0926,29.825,33.4482,44.5976,11.8163,0.0,2.018664,2.691552,0.981654,30,240,141,4,0.10479828,0.02244119,0.04150452,0E-8,0.000000,0.902668,0.011910,-0.02129501,2026-03-22,2026-08-05,112,5695,2177,137,0.817518,0.739886,0.767145,0.349328,,,,,,,,GLOBAL_BASELINE_NO_ENTITY_RANKING,,,NOT_APPLICABLE_GLOBAL_BASELINE,HF9g-P5,,,,X 全窗基线 · 不参与实体赏罚,14195873,1420,A168_HF9F_20260827_0900,2026-08-27 09:00:00
2026-05-18,110249610,1384,0,68.4572588109,-68.4572588109,-68.4572588109,0E-7,3,3,0.49771390000000000,0.497713900000,-1.724149546644903,-1.724149546644903,-1.724149546644903,0E-17,ELIGIBLE,R03b_20260811_FULL_v1,L1_ELIGIBILITY,v2026-08-11,2026-03-21..2026-08-06,baccarat_bet02_101_all_pairs_incl_sentinel,round_win = game_pnl > 0 (decisive only),COMPATIBILITY_ONLY_NOT_PRODUCTION,296357.1217,267511.9505,6650.6079,18220,18206,-0.02244119,-0.04150452,-0.02020951,-0.02244119,-6650.6079,296357.1217,OK,0.0000,266.0243,4.0000,96.0000,AG03-UNRESOLVED,ALL5_LEVELS_bet23_to_bet27,266.0243,266.0243,266.0243,332.5304,332.5304,4.000000,4.000000,4.000000,5.000000,5.000000,96.000000,96.000000,96.000000,95.000000,95.000000,5.0,1463.1337,1340.2688,5187.4742,5310.3391,PENDING_AG03,FALSE,NOT_FOR_ENFORCEMENT,6384.5836,256811.4724,6650.6079,6384.5836,266.0243,0.02244119,0.02154355,266.0243,6384.5836,0.02154355,266.0243,266.0243,266.0243,332.5304,332.5304,6384.5836,0.02154355,1463.1337,1340.2688,5187.4742,5310.3391,0.01750413,0.01791872,0.00089765,16.2655,14.6936,0.3653,59.3804,1.1678,2646.0457,162.5536,12.4780,16.8648,9.0895,16.5695,22.0926,29.825,33.4482,44.5976,11.8163,0.0,2.018664,2.691552,0.981654,30,240,141,4,0.10479828,0.02244119,0.04150452,0E-8,0.000000,0.902668,0.011910,-0.02129501,2026-03-22,2026-08-05,112,5695,2177,137,0.817518,0.739886,0.767145,0.349328,,,,,,,,GLOBAL_BASELINE_NO_ENTITY_RANKING,,,NOT_APPLICABLE_GLOBAL_BASELINE,HF9g-P5,,,,X 全窗基线 · 不参与实体赏罚,14195874,1420,A168_HF9F_20260827_0900,2026-08-27 09:00:00
2026-05-18,110249610,1385,0,195.6718065358,-67.3980666957,-67.3980666957,0.3333333,6,6,0.50665070000000000,0.506650700000,-0.8491533462951141,-0.8491533462951141,-0.8491533462951141,0E-17,ELIGIBLE,R03b_20260811_FULL_v1,L1_ELIGIBILITY,v2026-08-11,2026-03-21..2026-08-06,baccarat_bet02_101_all_pairs_incl_sentinel,round_win = game_pnl > 0 (decisive only),COMPATIBILITY_ONLY_NOT_PRODUCTION,296357.1217,267511.9505,6650.6079,18220,18206,-0.02244119,-0.04150452,-0.02020951,-0.02244119,-6650.6079,296357.1217,OK,0.0000,266.0243,4.0000,96.0000,AG03-UNRESOLVED,ALL5_LEVELS_bet23_to_bet27,266.0243,266.0243,266.0243,332.5304,332.5304,4.000000,4.000000,4.000000,5.000000,5.000000,96.000000,96.000000,96.000000,95.000000,95.000000,5.0,1463.1337,1340.2688,5187.4742,5310.3391,PENDING_AG03,FALSE,NOT_FOR_ENFORCEMENT,6384.5836,256811.4724,6650.6079,6384.5836,266.0243,0.02244119,0.02154355,266.0243,6384.5836,0.02154355,266.0243,266.0243,266.0243,332.5304,332.5304,6384.5836,0.02154355,1463.1337,1340.2688,5187.4742,5310.3391,0.01750413,0.01791872,0.00089765,16.2655,14.6936,0.3653,59.3804,1.1678,2646.0457,162.5536,12.4780,16.8648,9.0895,16.5695,22.0926,29.825,33.4482,44.5976,11.8163,0.0,2.018664,2.691552,0.981654,30,240,141,4,0.10479828,0.02244119,0.04150452,0E-8,0.000000,0.902668,0.011910,-0.02129501,2026-03-22,2026-08-05,112,5695,2177,137,0.817518,0.739886,0.767145,0.349328,,,,,,,,GLOBAL_BASELINE_NO_ENTITY_RANKING,,,NOT_APPLICABLE_GLOBAL_BASELINE,HF9g-P5,,,,X 全窗基线 · 不参与实体赏罚,14195875,1420,A168_HF9F_20260827_0900,2026-08-27 09:00:00
2026-05-18,110249610,1396,0,323.1093420744,-45.1661816682,-45.1661816682,0.4166667,12,12,0.50218230000000000,0.502182300000,-0.5924753303744056,-0.5924753303744057,-0.5924753303744056,0E-17,ELIGIBLE,R03b_20260811_FULL_v1,L1_ELIGIBILITY,v2026-08-11,2026-03-21..2026-08-06,baccarat_bet02_101_all_pairs_incl_sentinel,round_win = game_pnl > 0 (decisive only),COMPATIBILITY_ONLY_NOT_PRODUCTION,296357.1217,267511.9505,6650.6079,18220,18206,-0.02244119,-0.04150452,-0.02020951,-0.02244119,-6650.6079,296357.1217,OK,0.0000,266.0243,4.0000,96.0000,AG03-UNRESOLVED,ALL5_LEVELS_bet23_to_bet27,266.0243,266.0243,266.0243,332.5304,332.5304,4.000000,4.000000,4.000000,5.000000,5.000000,96.000000,96.000000,96.000000,95.000000,95.000000,5.0,1463.1337,1340.2688,5187.4742,5310.3391,PENDING_AG03,FALSE,NOT_FOR_ENFORCEMENT,6384.5836,256811.4724,6650.6079,6384.5836,266.0243,0.02244119,0.02154355,266.0243,6384.5836,0.02154355,266.0243,266.0243,266.0243,332.5304,332.5304,6384.5836,0.02154355,1463.1337,1340.2688,5187.4742,5310.3391,0.01750413,0.01791872,0.00089765,16.2655,14.6936,0.3653,59.3804,1.1678,2646.0457,162.5536,12.4780,16.8648,9.0895,16.5695,22.0926,29.825,33.4482,44.5976,11.8163,0.0,2.018664,2.691552,0.981654,30,240,141,4,0.10479828,0.02244119,0.04150452,0E-8,0.000000,0.902668,0.011910,-0.02129501,2026-03-22,2026-08-05,112,5695,2177,137,0.817518,0.739886,0.767145,0.349328,,,,,,,,GLOBAL_BASELINE_NO_ENTITY_RANKING,,,NOT_APPLICABLE_GLOBAL_BASELINE,HF9g-P5,,,,X 全窗基线 · 不参与实体赏罚,14195876,1420,A168_HF9F_20260827_0900,2026-08-27 09:00:00
2026-05-18,110249610,1399,0,181.7350681786,-51.2871971547,-51.2871971547,0.4285714,7,7,0.50665070000000000,0.506650700000,-0.4131932236838825,-0.4131932236838825,-0.4131932236838825,0E-17,ELIGIBLE,R03b_20260811_FULL_v1,L1_ELIGIBILITY,v2026-08-11,2026-03-21..2026-08-06,baccarat_bet02_101_all_pairs_incl_sentinel,round_win = game_pnl > 0 (decisive only),COMPATIBILITY_ONLY_NOT_PRODUCTION,296357.1217,267511.9505,6650.6079,18220,18206,-0.02244119,-0.04150452,-0.02020951,-0.02244119,-6650.6079,296357.1217,OK,0.0000,266.0243,4.0000,96.0000,AG03-UNRESOLVED,ALL5_LEVELS_bet23_to_bet27,266.0243,266.0243,266.0243,332.5304,332.5304,4.000000,4.000000,4.000000,5.000000,5.000000,96.000000,96.000000,96.000000,95.000000,95.000000,5.0,1463.1337,1340.2688,5187.4742,5310.3391,PENDING_AG03,FALSE,NOT_FOR_ENFORCEMENT,6384.5836,256811.4724,6650.6079,6384.5836,266.0243,0.02244119,0.02154355,266.0243,6384.5836,0.02154355,266.0243,266.0243,266.0243,332.5304,332.5304,6384.5836,0.02154355,1463.1337,1340.2688,5187.4742,5310.3391,0.01750413,0.01791872,0.00089765,16.2655,14.6936,0.3653,59.3804,1.1678,2646.0457,162.5536,12.4780,16.8648,9.0895,16.5695,22.0926,29.825,33.4482,44.5976,11.8163,0.0,2.018664,2.691552,0.981654,30,240,141,4,0.10479828,0.02244119,0.04150452,0E-8,0.000000,0.902668,0.011910,-0.02129501,2026-03-22,2026-08-05,112,5695,2177,137,0.817518,0.739886,0.767145,0.349328,,,,,,,,GLOBAL_BASELINE_NO_ENTITY_RANKING,,,NOT_APPLICABLE_GLOBAL_BASELINE,HF9g-P5,,,,X 全窗基线 · 不参与实体赏罚,14195877,1420,A168_HF9F_20260827_0900,2026-08-27 09:00:00
2026-05-18,110249610,1401,0,118.6295168968,-11.8183541270,-11.8183541270,0.5000000,4,4,0.49324550000000000,0.493245500000,0.027020465636507562,0.027020465636507562,0.027020465636507562,0E-17,ELIGIBLE,R03b_20260811_FULL_v1,L1_ELIGIBILITY,v2026-08-11,2026-03-21..2026-08-06,baccarat_bet02_101_all_pairs_incl_sentinel,round_win = game_pnl > 0 (decisive only),COMPATIBILITY_ONLY_NOT_PRODUCTION,296357.1217,267511.9505,6650.6079,18220,18206,-0.02244119,-0.04150452,-0.02020951,-0.02244119,-6650.6079,296357.1217,OK,0.0000,266.0243,4.0000,96.0000,AG03-UNRESOLVED,ALL5_LEVELS_bet23_to_bet27,266.0243,266.0243,266.0243,332.5304,332.5304,4.000000,4.000000,4.000000,5.000000,5.000000,96.000000,96.000000,96.000000,95.000000,95.000000,5.0,1463.1337,1340.2688,5187.4742,5310.3391,PENDING_AG03,FALSE,NOT_FOR_ENFORCEMENT,6384.5836,256811.4724,6650.6079,6384.5836,266.0243,0.02244119,0.02154355,266.0243,6384.5836,0.02154355,266.0243,266.0243,266.0243,332.5304,332.5304,6384.5836,0.02154355,1463.1337,1340.2688,5187.4742,5310.3391,0.01750413,0.01791872,0.00089765,16.2655,14.6936,0.3653,59.3804,1.1678,2646.0457,162.5536,12.4780,16.8648,9.0895,16.5695,22.0926,29.825,33.4482,44.5976,11.8163,0.0,2.018664,2.691552,0.981654,30,240,141,4,0.10479828,0.02244119,0.04150452,0E-8,0.000000,0.902668,0.011910,-0.02129501,2026-03-22,2026-08-05,112,5695,2177,137,0.817518,0.739886,0.767145,0.349328,,,,,,,,GLOBAL_BASELINE_NO_ENTITY_RANKING,,,NOT_APPLICABLE_GLOBAL_BASELINE,HF9g-P5,,,,X 全窗基线 · 不参与实体赏罚,14195878,1420,A168_HF9F_20260827_0900,2026-08-27 09:00:00
2026-05-18,110249610,1405,0,413.0849249089,-2.1741311839,-2.1741311839,0.5833333,12,12,0.50665070000000000,0.506650700000,0.5313198725250433,0.5313198725250433,0.5313198725250433,0E-17,ELIGIBLE,R03b_20260811_FULL_v1,L1_ELIGIBILITY,v2026-08-11,2026-03-21..2026-08-06,baccarat_bet02_101_all_pairs_incl_sentinel,round_win = game_pnl > 0 (decisive only),COMPATIBILITY_ONLY_NOT_PRODUCTION,296357.1217,267511.9505,6650.6079,18220,18206,-0.02244119,-0.04150452,-0.02020951,-0.02244119,-6650.6079,296357.1217,OK,0.0000,266.0243,4.0000,96.0000,AG03-UNRESOLVED,ALL5_LEVELS_bet23_to_bet27,266.0243,266.0243,266.0243,332.5304,332.5304,4.000000,4.000000,4.000000,5.000000,5.000000,96.000000,96.000000,96.000000,95.000000,95.000000,5.0,1463.1337,1340.2688,5187.4742,5310.3391,PENDING_AG03,FALSE,NOT_FOR_ENFORCEMENT,6384.5836,256811.4724,6650.6079,6384.5836,266.0243,0.02244119,0.02154355,266.0243,6384.5836,0.02154355,266.0243,266.0243,266.0243,332.5304,332.5304,6384.5836,0.02154355,1463.1337,1340.2688,5187.4742,5310.3391,0.01750413,0.01791872,0.00089765,16.2655,14.6936,0.3653,59.3804,1.1678,2646.0457,162.5536,12.4780,16.8648,9.0895,16.5695,22.0926,29.825,33.4482,44.5976,11.8163,0.0,2.018664,2.691552,0.981654,30,240,141,4,0.10479828,0.02244119,0.04150452,0E-8,0.000000,0.902668,0.011910,-0.02129501,2026-03-22,2026-08-05,112,5695,2177,137,0.817518,0.739886,0.767145,0.349328,,,,,,,,GLOBAL_BASELINE_NO_ENTITY_RANKING,,,NOT_APPLICABLE_GLOBAL_BASELINE,HF9g-P5,,,,X 全窗基线 · 不参与实体赏罚,14195879,1420,A168_HF9F_20260827_0900,2026-08-27 09:00:00
2026-05-18,110249610,1485,0,73.9204602469,-73.9204602469,-73.9204602469,0E-7,3,3,0.49771390000000000,0.497713900000,-1.724149546644903,-1.724149546644903,-1.724149546644903,0E-17,ELIGIBLE,R03b_20260811_FULL_v1,L1_ELIGIBILITY,v2026-08-11,2026-03-21..2026-08-06,baccarat_bet02_101_all_pairs_incl_sentinel,round_win = game_pnl > 0 (decisive only),COMPATIBILITY_ONLY_NOT_PRODUCTION,296357.1217,267511.9505,6650.6079,18220,18206,-0.02244119,-0.04150452,-0.02020951,-0.02244119,-6650.6079,296357.1217,OK,0.0000,266.0243,4.0000,96.0000,AG03-UNRESOLVED,ALL5_LEVELS_bet23_to_bet27,266.0243,266.0243,266.0243,332.5304,332.5304,4.000000,4.000000,4.000000,5.000000,5.000000,96.000000,96.000000,96.000000,95.000000,95.000000,5.0,1463.1337,1340.2688,5187.4742,5310.3391,PENDING_AG03,FALSE,NOT_FOR_ENFORCEMENT,6384.5836,256811.4724,6650.6079,6384.5836,266.0243,0.02244119,0.02154355,266.0243,6384.5836,0.02154355,266.0243,266.0243,266.0243,332.5304,332.5304,6384.5836,0.02154355,1463.1337,1340.2688,5187.4742,5310.3391,0.01750413,0.01791872,0.00089765,16.2655,14.6936,0.3653,59.3804,1.1678,2646.0457,162.5536,12.4780,16.8648,9.0895,16.5695,22.0926,29.825,33.4482,44.5976,11.8163,0.0,2.018664,2.691552,0.981654,30,240,141,4,0.10479828,0.02244119,0.04150452,0E-8,0.000000,0.902668,0.011910,-0.02129501,2026-03-22,2026-08-05,112,5695,2177,137,0.817518,0.739886,0.767145,0.349328,,,,,,,,GLOBAL_BASELINE_NO_ENTITY_RANKING,,,NOT_APPLICABLE_GLOBAL_BASELINE,HF9g-P5,,,,X 全窗基线 · 不参与实体赏罚,14195880,1420,A168_HF9F_20260827_0900,2026-08-27 09:00:00
2026-05-18,110249610,1509,0,190.0971111929,-96.7209641993,-96.7209641993,0.2000000,6,6,0.49994810000000000,0.499948100000,-1.341408689870273,-1.341408689870273,-1.341408689870273,0E-17,ELIGIBLE,R03b_20260811_FULL_v1,L1_ELIGIBILITY,v2026-08-11,2026-03-21..2026-08-06,baccarat_bet02_101_all_pairs_incl_sentinel,round_win = game_pnl > 0 (decisive only),COMPATIBILITY_ONLY_NOT_PRODUCTION,296357.1217,267511.9505,6650.6079,18220,18206,-0.02244119,-0.04150452,-0.02020951,-0.02244119,-6650.6079,296357.1217,OK,0.0000,266.0243,4.0000,96.0000,AG03-UNRESOLVED,ALL5_LEVELS_bet23_to_bet27,266.0243,266.0243,266.0243,332.5304,332.5304,4.000000,4.000000,4.000000,5.000000,5.000000,96.000000,96.000000,96.000000,95.000000,95.000000,5.0,1463.1337,1340.2688,5187.4742,5310.3391,PENDING_AG03,FALSE,NOT_FOR_ENFORCEMENT,6384.5836,256811.4724,6650.6079,6384.5836,266.0243,0.02244119,0.02154355,266.0243,6384.5836,0.02154355,266.0243,266.0243,266.0243,332.5304,332.5304,6384.5836,0.02154355,1463.1337,1340.2688,5187.4742,5310.3391,0.01750413,0.01791872,0.00089765,16.2655,14.6936,0.3653,59.3804,1.1678,2646.0457,162.5536,12.4780,16.8648,9.0895,16.5695,22.0926,29.825,33.4482,44.5976,11.8163,0.0,2.018664,2.691552,0.981654,30,240,141,4,0.10479828,0.02244119,0.04150452,0E-8,0.000000,0.902668,0.011910,-0.02129501,2026-03-22,2026-08-05,112,5695,2177,137,0.817518,0.739886,0.767145,0.349328,,,,,,,,GLOBAL_BASELINE_NO_ENTITY_RANKING,,,NOT_APPLICABLE_GLOBAL_BASELINE,HF9g-P5,,,,X 全窗基线 · 不参与实体赏罚,14195881,1420,A168_HF9F_20260827_0900,2026-08-27 09:00:00
2026-05-18,110249610,1702,0,100.3445161722,-72.4710394577,-72.4710394577,0E-7,3,3,0.50665070000000000,0.506650700000,-1.4331513700195317,-1.4331513700195317,-1.4331513700195317,0E-17,ELIGIBLE,R03b_20260811_FULL_v1,L1_ELIGIBILITY,v2026-08-11,2026-03-21..2026-08-06,baccarat_bet02_101_all_pairs_incl_sentinel,round_win = game_pnl > 0 (decisive only),COMPATIBILITY_ONLY_NOT_PRODUCTION,296357.1217,267511.9505,6650.6079,18220,18206,-0.02244119,-0.04150452,-0.02020951,-0.02244119,-6650.6079,296357.1217,OK,0.0000,266.0243,4.0000,96.0000,AG03-UNRESOLVED,ALL5_LEVELS_bet23_to_bet27,266.0243,266.0243,266.0243,332.5304,332.5304,4.000000,4.000000,4.000000,5.000000,5.000000,96.000000,96.000000,96.000000,95.000000,95.000000,5.0,1463.1337,1340.2688,5187.4742,5310.3391,PENDING_AG03,FALSE,NOT_FOR_ENFORCEMENT,6384.5836,256811.4724,6650.6079,6384.5836,266.0243,0.02244119,0.02154355,266.0243,6384.5836,0.02154355,266.0243,266.0243,266.0243,332.5304,332.5304,6384.5836,0.02154355,1463.1337,1340.2688,5187.4742,5310.3391,0.01750413,0.01791872,0.00089765,16.2655,14.6936,0.3653,59.3804,1.1678,2646.0457,162.5536,12.4780,16.8648,9.0895,16.5695,22.0926,29.825,33.4482,44.5976,11.8163,0.0,2.018664,2.691552,0.981654,30,240,141,4,0.10479828,0.02244119,0.04150452,0E-8,0.000000,0.902668,0.011910,-0.02129501,2026-03-22,2026-08-05,112,5695,2177,137,0.817518,0.739886,0.767145,0.349328,,,,,,,,GLOBAL_BASELINE_NO_ENTITY_RANKING,,,NOT_APPLICABLE_GLOBAL_BASELINE,HF9g-P5,,,,X 全窗基线 · 不参与实体赏罚,14195882,1420,A168_HF9F_20260827_0900,2026-08-27 09:00:00
2026-05-18,110249610,1704,0,254.2061076362,-99.7870466379,-99.7870466379,0.2500000,10,10,0.49592654000000000,0.495926540000,-1.3912167627600591,-1.3912167627600591,-1.3912167627600591,0E-17,ELIGIBLE,R03b_20260811_FULL_v1,L1_ELIGIBILITY,v2026-08-11,2026-03-21..2026-08-06,baccarat_bet02_101_all_pairs_incl_sentinel,round_win = game_pnl > 0 (decisive only),COMPATIBILITY_ONLY_NOT_PRODUCTION,296357.1217,267511.9505,6650.6079,18220,18206,-0.02244119,-0.04150452,-0.02020951,-0.02244119,-6650.6079,296357.1217,OK,0.0000,266.0243,4.0000,96.0000,AG03-UNRESOLVED,ALL5_LEVELS_bet23_to_bet27,266.0243,266.0243,266.0243,332.5304,332.5304,4.000000,4.000000,4.000000,5.000000,5.000000,96.000000,96.000000,96.000000,95.000000,95.000000,5.0,1463.1337,1340.2688,5187.4742,5310.3391,PENDING_AG03,FALSE,NOT_FOR_ENFORCEMENT,6384.5836,256811.4724,6650.6079,6384.5836,266.0243,0.02244119,0.02154355,266.0243,6384.5836,0.02154355,266.0243,266.0243,266.0243,332.5304,332.5304,6384.5836,0.02154355,1463.1337,1340.2688,5187.4742,5310.3391,0.01750413,0.01791872,0.00089765,16.2655,14.6936,0.3653,59.3804,1.1678,2646.0457,162.5536,12.4780,16.8648,9.0895,16.5695,22.0926,29.825,33.4482,44.5976,11.8163,0.0,2.018664,2.691552,0.981654,30,240,141,4,0.10479828,0.02244119,0.04150452,0E-8,0.000000,0.902668,0.011910,-0.02129501,2026-03-22,2026-08-05,112,5695,2177,137,0.817518,0.739886,0.767145,0.349328,,,,,,,,GLOBAL_BASELINE_NO_ENTITY_RANKING,,,NOT_APPLICABLE_GLOBAL_BASELINE,HF9g-P5,,,,X 全窗基线 · 不参与实体赏罚,14195883,1420,A168_HF9F_20260827_0900,2026-08-27 09:00:00
2026-05-18,110249610,1710,0,61.3216487719,-33.4481720574,-33.4481720574,0E-7,3,3,0.50665070000000000,0.506650700000,-1.4331513700195317,-1.4331513700195317,-1.4331513700195317,0E-17,ELIGIBLE,R03b_20260811_FULL_v1,L1_ELIGIBILITY,v2026-08-11,2026-03-21..2026-08-06,baccarat_bet02_101_all_pairs_incl_sentinel,round_win = game_pnl > 0 (decisive only),COMPATIBILITY_ONLY_NOT_PRODUCTION,296357.1217,267511.9505,6650.6079,18220,18206,-0.02244119,-0.04150452,-0.02020951,-0.02244119,-6650.6079,296357.1217,OK,0.0000,266.0243,4.0000,96.0000,AG03-UNRESOLVED,ALL5_LEVELS_bet23_to_bet27,266.0243,266.0243,266.0243,332.5304,332.5304,4.000000,4.000000,4.000000,5.000000,5.000000,96.000000,96.000000,96.000000,95.000000,95.000000,5.0,1463.1337,1340.2688,5187.4742,5310.3391,PENDING_AG03,FALSE,NOT_FOR_ENFORCEMENT,6384.5836,256811.4724,6650.6079,6384.5836,266.0243,0.02244119,0.02154355,266.0243,6384.5836,0.02154355,266.0243,266.0243,266.0243,332.5304,332.5304,6384.5836,0.02154355,1463.1337,1340.2688,5187.4742,5310.3391,0.01750413,0.01791872,0.00089765,16.2655,14.6936,0.3653,59.3804,1.1678,2646.0457,162.5536,12.4780,16.8648,9.0895,16.5695,22.0926,29.825,33.4482,44.5976,11.8163,0.0,2.018664,2.691552,0.981654,30,240,141,4,0.10479828,0.02244119,0.04150452,0E-8,0.000000,0.902668,0.011910,-0.02129501,2026-03-22,2026-08-05,112,5695,2177,137,0.817518,0.739886,0.767145,0.349328,,,,,,,,GLOBAL_BASELINE_NO_ENTITY_RANKING,,,NOT_APPLICABLE_GLOBAL_BASELINE,HF9g-P5,,,,X 全窗基线 · 不参与实体赏罚,14195884,1420,A168_HF9F_20260827_0900,2026-08-27 09:00:00
2026-05-18,110249610,1940,0,463.2571829949,217.7754735704,217.7754735704,0.8000000,16,16,0.50665070000000000,0.506650700000,2.2724749472983987,2.2724749472983987,2.2724749472983987,0E-17,ELIGIBLE,R03b_20260811_FULL_v1,L1_ELIGIBILITY,v2026-08-11,2026-03-21..2026-08-06,baccarat_bet02_101_all_pairs_incl_sentinel,round_win = game_pnl > 0 (decisive only),COMPATIBILITY_ONLY_NOT_PRODUCTION,296357.1217,267511.9505,6650.6079,18220,18206,-0.02244119,-0.04150452,-0.02020951,-0.02244119,-6650.6079,296357.1217,OK,0.0000,266.0243,4.0000,96.0000,AG03-UNRESOLVED,ALL5_LEVELS_bet23_to_bet27,266.0243,266.0243,266.0243,332.5304,332.5304,4.000000,4.000000,4.000000,5.000000,5.000000,96.000000,96.000000,96.000000,95.000000,95.000000,5.0,1463.1337,1340.2688,5187.4742,5310.3391,PENDING_AG03,FALSE,NOT_FOR_ENFORCEMENT,6384.5836,256811.4724,6650.6079,6384.5836,266.0243,0.02244119,0.02154355,266.0243,6384.5836,0.02154355,266.0243,266.0243,266.0243,332.5304,332.5304,6384.5836,0.02154355,1463.1337,1340.2688,5187.4742,5310.3391,0.01750413,0.01791872,0.00089765,16.2655,14.6936,0.3653,59.3804,1.1678,2646.0457,162.5536,12.4780,16.8648,9.0895,16.5695,22.0926,29.825,33.4482,44.5976,11.8163,0.0,2.018664,2.691552,0.981654,30,240,141,4,0.10479828,0.02244119,0.04150452,0E-8,0.000000,0.902668,0.011910,-0.02129501,2026-03-22,2026-08-05,112,5695,2177,137,0.817518,0.739886,0.767145,0.349328,,,,,,,,GLOBAL_BASELINE_NO_ENTITY_RANKING,,,NOT_APPLICABLE_GLOBAL_BASELINE,HF9g-P5,,,,X 全窗基线 · 不参与实体赏罚,14195885,1420,A168_HF9F_20260827_0900,2026-08-27 09:00:00
2026-05-18,110249610,1941,0,57.0848803112,-4.9057319018,-4.9057319018,0.5000000,3,3,0.49324550000000000,0.493245500000,0.01910635448239258,0.01910635448239258,0.01910635448239258,0E-17,ELIGIBLE,R03b_20260811_FULL_v1,L1_ELIGIBILITY,v2026-08-11,2026-03-21..2026-08-06,baccarat_bet02_101_all_pairs_incl_sentinel,round_win = game_pnl > 0 (decisive only),COMPATIBILITY_ONLY_NOT_PRODUCTION,296357.1217,267511.9505,6650.6079,18220,18206,-0.02244119,-0.04150452,-0.02020951,-0.02244119,-6650.6079,296357.1217,OK,0.0000,266.0243,4.0000,96.0000,AG03-UNRESOLVED,ALL5_LEVELS_bet23_to_bet27,266.0243,266.0243,266.0243,332.5304,332.5304,4.000000,4.000000,4.000000,5.000000,5.000000,96.000000,96.000000,96.000000,95.000000,95.000000,5.0,1463.1337,1340.2688,5187.4742,5310.3391,PENDING_AG03,FALSE,NOT_FOR_ENFORCEMENT,6384.5836,256811.4724,6650.6079,6384.5836,266.0243,0.02244119,0.02154355,266.0243,6384.5836,0.02154355,266.0243,266.0243,266.0243,332.5304,332.5304,6384.5836,0.02154355,1463.1337,1340.2688,5187.4742,5310.3391,0.01750413,0.01791872,0.00089765,16.2655,14.6936,0.3653,59.3804,1.1678,2646.0457,162.5536,12.4780,16.8648,9.0895,16.5695,22.0926,29.825,33.4482,44.5976,11.8163,0.0,2.018664,2.691552,0.981654,30,240,141,4,0.10479828,0.02244119,0.04150452,0E-8,0.000000,0.902668,0.011910,-0.02129501,2026-03-22,2026-08-05,112,5695,2177,137,0.817518,0.739886,0.767145,0.349328,,,,,,,,GLOBAL_BASELINE_NO_ENTITY_RANKING,,,NOT_APPLICABLE_GLOBAL_BASELINE,HF9g-P5,,,,X 全窗基线 · 不参与实体赏罚,14195886,1420,A168_HF9F_20260827_0900,2026-08-27 09:00:00
2026-05-18,110249610,1947,0,50.1722580861,-17.5602903301,-17.5602903301,0.5000000,2,2,0.49994810000000000,0.499948100000,0.00014679536856514622,0.00014679536856514622,0.00014679536856514622,0E-17,ELIGIBLE,R03b_20260811_FULL_v1,L1_ELIGIBILITY,v2026-08-11,2026-03-21..2026-08-06,baccarat_bet02_101_all_pairs_incl_sentinel,round_win = game_pnl > 0 (decisive only),COMPATIBILITY_ONLY_NOT_PRODUCTION,296357.1217,267511.9505,6650.6079,18220,18206,-0.02244119,-0.04150452,-0.02020951,-0.02244119,-6650.6079,296357.1217,OK,0.0000,266.0243,4.0000,96.0000,AG03-UNRESOLVED,ALL5_LEVELS_bet23_to_bet27,266.0243,266.0243,266.0243,332.5304,332.5304,4.000000,4.000000,4.000000,5.000000,5.000000,96.000000,96.000000,96.000000,95.000000,95.000000,5.0,1463.1337,1340.2688,5187.4742,5310.3391,PENDING_AG03,FALSE,NOT_FOR_ENFORCEMENT,6384.5836,256811.4724,6650.6079,6384.5836,266.0243,0.02244119,0.02154355,266.0243,6384.5836,0.02154355,266.0243,266.0243,266.0243,332.5304,332.5304,6384.5836,0.02154355,1463.1337,1340.2688,5187.4742,5310.3391,0.01750413,0.01791872,0.00089765,16.2655,14.6936,0.3653,59.3804,1.1678,2646.0457,162.5536,12.4780,16.8648,9.0895,16.5695,22.0926,29.825,33.4482,44.5976,11.8163,0.0,2.018664,2.691552,0.981654,30,240,141,4,0.10479828,0.02244119,0.04150452,0E-8,0.000000,0.902668,0.011910,-0.02129501,2026-03-22,2026-08-05,112,5695,2177,137,0.817518,0.739886,0.767145,0.349328,,,,,,,,GLOBAL_BASELINE_NO_ENTITY_RANKING,,,NOT_APPLICABLE_GLOBAL_BASELINE,HF9g-P5,,,,X 全窗基线 · 不参与实体赏罚,14195887,1420,A168_HF9F_20260827_0900,2026-08-27 09:00:00
2026-05-18,110249610,1957,0,69.1262222520,-19.7901684673,-19.7901684673,0.3333333,4,4,0.50665070000000000,0.506650700000,-0.6004420894325239,-0.6004420894325239,-0.6004420894325239,0E-17,ELIGIBLE,R03b_20260811_FULL_v1,L1_ELIGIBILITY,v2026-08-11,2026-03-21..2026-08-06,baccarat_bet02_101_all_pairs_incl_sentinel,round_win = game_pnl > 0 (decisive only),COMPATIBILITY_ONLY_NOT_PRODUCTION,296357.1217,267511.9505,6650.6079,18220,18206,-0.02244119,-0.04150452,-0.02020951,-0.02244119,-6650.6079,296357.1217,OK,0.0000,266.0243,4.0000,96.0000,AG03-UNRESOLVED,ALL5_LEVELS_bet23_to_bet27,266.0243,266.0243,266.0243,332.5304,332.5304,4.000000,4.000000,4.000000,5.000000,5.000000,96.000000,96.000000,96.000000,95.000000,95.000000,5.0,1463.1337,1340.2688,5187.4742,5310.3391,PENDING_AG03,FALSE,NOT_FOR_ENFORCEMENT,6384.5836,256811.4724,6650.6079,6384.5836,266.0243,0.02244119,0.02154355,266.0243,6384.5836,0.02154355,266.0243,266.0243,266.0243,332.5304,332.5304,6384.5836,0.02154355,1463.1337,1340.2688,5187.4742,5310.3391,0.01750413,0.01791872,0.00089765,16.2655,14.6936,0.3653,59.3804,1.1678,2646.0457,162.5536,12.4780,16.8648,9.0895,16.5695,22.0926,29.825,33.4482,44.5976,11.8163,0.0,2.018664,2.691552,0.981654,30,240,141,4,0.10479828,0.02244119,0.04150452,0E-8,0.000000,0.902668,0.011910,-0.02129501,2026-03-22,2026-08-05,112,5695,2177,137,0.817518,0.739886,0.767145,0.349328,,,,,,,,GLOBAL_BASELINE_NO_ENTITY_RANKING,,,NOT_APPLICABLE_GLOBAL_BASELINE,HF9g-P5,,,,X 全窗基线 · 不参与实体赏罚,14195888,1420,A168_HF9F_20260827_0900,2026-08-27 09:00:00
2026-05-18,110249610,1963,0,462.6997134607,40.4722881896,40.4722881896,0.6000000,18,18,0.49771390000000000,0.497713900000,0.792313005397071,0.792313005397071,0.792313005397071,0E-17,ELIGIBLE,R03b_20260811_FULL_v1,L1_ELIGIBILITY,v2026-08-11,2026-03-21..2026-08-06,baccarat_bet02_101_all_pairs_incl_sentinel,round_win = game_pnl > 0 (decisive only),COMPATIBILITY_ONLY_NOT_PRODUCTION,296357.1217,267511.9505,6650.6079,18220,18206,-0.02244119,-0.04150452,-0.02020951,-0.02244119,-6650.6079,296357.1217,OK,0.0000,266.0243,4.0000,96.0000,AG03-UNRESOLVED,ALL5_LEVELS_bet23_to_bet27,266.0243,266.0243,266.0243,332.5304,332.5304,4.000000,4.000000,4.000000,5.000000,5.000000,96.000000,96.000000,96.000000,95.000000,95.000000,5.0,1463.1337,1340.2688,5187.4742,5310.3391,PENDING_AG03,FALSE,NOT_FOR_ENFORCEMENT,6384.5836,256811.4724,6650.6079,6384.5836,266.0243,0.02244119,0.02154355,266.0243,6384.5836,0.02154355,266.0243,266.0243,266.0243,332.5304,332.5304,6384.5836,0.02154355,1463.1337,1340.2688,5187.4742,5310.3391,0.01750413,0.01791872,0.00089765,16.2655,14.6936,0.3653,59.3804,1.1678,2646.0457,162.5536,12.4780,16.8648,9.0895,16.5695,22.0926,29.825,33.4482,44.5976,11.8163,0.0,2.018664,2.691552,0.981654,30,240,141,4,0.10479828,0.02244119,0.04150452,0E-8,0.000000,0.902668,0.011910,-0.02129501,2026-03-22,2026-08-05,112,5695,2177,137,0.817518,0.739886,0.767145,0.349328,,,,,,,,GLOBAL_BASELINE_NO_ENTITY_RANKING,,,NOT_APPLICABLE_GLOBAL_BASELINE,HF9g-P5,,,,X 全窗基线 · 不参与实体赏罚,14195889,1420,A168_HF9F_20260827_0900,2026-08-27 09:00:00
2026-05-18,110249610,1966,0,39.0228674003,-39.0228674003,-39.0228674003,0E-7,2,2,0.49324550000000000,0.493245500000,-1.3952362676504506,-1.3952362676504506,-1.3952362676504506,0E-17,ELIGIBLE,R03b_20260811_FULL_v1,L1_ELIGIBILITY,v2026-08-11,2026-03-21..2026-08-06,baccarat_bet02_101_all_pairs_incl_sentinel,round_win = game_pnl > 0 (decisive only),COMPATIBILITY_ONLY_NOT_PRODUCTION,296357.1217,267511.9505,6650.6079,18220,18206,-0.02244119,-0.04150452,-0.02020951,-0.02244119,-6650.6079,296357.1217,OK,0.0000,266.0243,4.0000,96.0000,AG03-UNRESOLVED,ALL5_LEVELS_bet23_to_bet27,266.0243,266.0243,266.0243,332.5304,332.5304,4.000000,4.000000,4.000000,5.000000,5.000000,96.000000,96.000000,96.000000,95.000000,95.000000,5.0,1463.1337,1340.2688,5187.4742,5310.3391,PENDING_AG03,FALSE,NOT_FOR_ENFORCEMENT,6384.5836,256811.4724,6650.6079,6384.5836,266.0243,0.02244119,0.02154355,266.0243,6384.5836,0.02154355,266.0243,266.0243,266.0243,332.5304,332.5304,6384.5836,0.02154355,1463.1337,1340.2688,5187.4742,5310.3391,0.01750413,0.01791872,0.00089765,16.2655,14.6936,0.3653,59.3804,1.1678,2646.0457,162.5536,12.4780,16.8648,9.0895,16.5695,22.0926,29.825,33.4482,44.5976,11.8163,0.0,2.018664,2.691552,0.981654,30,240,141,4,0.10479828,0.02244119,0.04150452,0E-8,0.000000,0.902668,0.011910,-0.02129501,2026-03-22,2026-08-05,112,5695,2177,137,0.817518,0.739886,0.767145,0.349328,,,,,,,,GLOBAL_BASELINE_NO_ENTITY_RANKING,,,NOT_APPLICABLE_GLOBAL_BASELINE,HF9g-P5,,,,X 全窗基线 · 不参与实体赏罚,14195890,1420,A168_HF9F_20260827_0900,2026-08-27 09:00:00
2026-05-18,110249610,1985,0,379.0792833171,133.6533208461,133.6533208461,0.7142857,14,14,0.50186312857142857,0.501863128571,1.5896361099918341,1.5896361099950365,1.5896361099918341,4.2857E-13,ELIGIBLE,R03b_20260811_FULL_v1,L1_ELIGIBILITY,v2026-08-11,2026-03-21..2026-08-06,baccarat_bet02_101_all_pairs_incl_sentinel,round_win = game_pnl > 0 (decisive only),COMPATIBILITY_ONLY_NOT_PRODUCTION,296357.1217,267511.9505,6650.6079,18220,18206,-0.02244119,-0.04150452,-0.02020951,-0.02244119,-6650.6079,296357.1217,OK,0.0000,266.0243,4.0000,96.0000,AG03-UNRESOLVED,ALL5_LEVELS_bet23_to_bet27,266.0243,266.0243,266.0243,332.5304,332.5304,4.000000,4.000000,4.000000,5.000000,5.000000,96.000000,96.000000,96.000000,95.000000,95.000000,5.0,1463.1337,1340.2688,5187.4742,5310.3391,PENDING_AG03,FALSE,NOT_FOR_ENFORCEMENT,6384.5836,256811.4724,6650.6079,6384.5836,266.0243,0.02244119,0.02154355,266.0243,6384.5836,0.02154355,266.0243,266.0243,266.0243,332.5304,332.5304,6384.5836,0.02154355,1463.1337,1340.2688,5187.4742,5310.3391,0.01750413,0.01791872,0.00089765,16.2655,14.6936,0.3653,59.3804,1.1678,2646.0457,162.5536,12.4780,16.8648,9.0895,16.5695,22.0926,29.825,33.4482,44.5976,11.8163,0.0,2.018664,2.691552,0.981654,30,240,141,4,0.10479828,0.02244119,0.04150452,0E-8,0.000000,0.902668,0.011910,-0.02129501,2026-03-22,2026-08-05,112,5695,2177,137,0.817518,0.739886,0.767145,0.349328,,,,,,,,GLOBAL_BASELINE_NO_ENTITY_RANKING,,,NOT_APPLICABLE_GLOBAL_BASELINE,HF9g-P5,,,,X 全窗基线 · 不参与实体赏罚,14195891,1420,A168_HF9F_20260827_0900,2026-08-27 09:00:00
2026-05-18,110249610,2088,0,25.0861290431,1.0034451617,1.0034451617,0.6000000,5,5,0.50665070000000000,0.506650700000,0.4175076967804994,0.4175076967804994,0.4175076967804994,0E-17,ELIGIBLE,R03b_20260811_FULL_v1,L1_ELIGIBILITY,v2026-08-11,2026-03-21..2026-08-06,baccarat_bet02_101_all_pairs_incl_sentinel,round_win = game_pnl > 0 (decisive only),COMPATIBILITY_ONLY_NOT_PRODUCTION,296357.1217,267511.9505,6650.6079,18220,18206,-0.02244119,-0.04150452,-0.02020951,-0.02244119,-6650.6079,296357.1217,OK,0.0000,266.0243,4.0000,96.0000,AG03-UNRESOLVED,ALL5_LEVELS_bet23_to_bet27,266.0243,266.0243,266.0243,332.5304,332.5304,4.000000,4.000000,4.000000,5.000000,5.000000,96.000000,96.000000,96.000000,95.000000,95.000000,5.0,1463.1337,1340.2688,5187.4742,5310.3391,PENDING_AG03,FALSE,NOT_FOR_ENFORCEMENT,6384.5836,256811.4724,6650.6079,6384.5836,266.0243,0.02244119,0.02154355,266.0243,6384.5836,0.02154355,266.0243,266.0243,266.0243,332.5304,332.5304,6384.5836,0.02154355,1463.1337,1340.2688,5187.4742,5310.3391,0.01750413,0.01791872,0.00089765,16.2655,14.6936,0.3653,59.3804,1.1678,2646.0457,162.5536,12.4780,16.8648,9.0895,16.5695,22.0926,29.825,33.4482,44.5976,11.8163,0.0,2.018664,2.691552,0.981654,30,240,141,4,0.10479828,0.02244119,0.04150452,0E-8,0.000000,0.902668,0.011910,-0.02129501,2026-03-22,2026-08-05,112,5695,2177,137,0.817518,0.739886,0.767145,0.349328,,,,,,,,GLOBAL_BASELINE_NO_ENTITY_RANKING,,,NOT_APPLICABLE_GLOBAL_BASELINE,HF9g-P5,,,,X 全窗基线 · 不参与实体赏罚,14195892,1420,A168_HF9F_20260827_0900,2026-08-27 09:00:00
2026-05-18,110249610,2093,0,304.3783657223,-59.0360236814,-59.0360236814,0.4444444,9,9,0.50218230000000000,0.502182300000,-0.34643043305270216,-0.34643043305270216,-0.34643043305270216,0E-17,ELIGIBLE,R03b_20260811_FULL_v1,L1_ELIGIBILITY,v2026-08-11,2026-03-21..2026-08-06,baccarat_bet02_101_all_pairs_incl_sentinel,round_win = game_pnl > 0 (decisive only),COMPATIBILITY_ONLY_NOT_PRODUCTION,296357.1217,267511.9505,6650.6079,18220,18206,-0.02244119,-0.04150452,-0.02020951,-0.02244119,-6650.6079,296357.1217,OK,0.0000,266.0243,4.0000,96.0000,AG03-UNRESOLVED,ALL5_LEVELS_bet23_to_bet27,266.0243,266.0243,266.0243,332.5304,332.5304,4.000000,4.000000,4.000000,5.000000,5.000000,96.000000,96.000000,96.000000,95.000000,95.000000,5.0,1463.1337,1340.2688,5187.4742,5310.3391,PENDING_AG03,FALSE,NOT_FOR_ENFORCEMENT,6384.5836,256811.4724,6650.6079,6384.5836,266.0243,0.02244119,0.02154355,266.0243,6384.5836,0.02154355,266.0243,266.0243,266.0243,332.5304,332.5304,6384.5836,0.02154355,1463.1337,1340.2688,5187.4742,5310.3391,0.01750413,0.01791872,0.00089765,16.2655,14.6936,0.3653,59.3804,1.1678,2646.0457,162.5536,12.4780,16.8648,9.0895,16.5695,22.0926,29.825,33.4482,44.5976,11.8163,0.0,2.018664,2.691552,0.981654,30,240,141,4,0.10479828,0.02244119,0.04150452,0E-8,0.000000,0.902668,0.011910,-0.02129501,2026-03-22,2026-08-05,112,5695,2177,137,0.817518,0.739886,0.767145,0.349328,,,,,,,,GLOBAL_BASELINE_NO_ENTITY_RANKING,,,NOT_APPLICABLE_GLOBAL_BASELINE,HF9g-P5,,,,X 全窗基线 · 不参与实体赏罚,14195893,1420,A168_HF9F_20260827_0900,2026-08-27 09:00:00
2026-05-18,110249610,2103,0,154.4190609983,-56.5831577303,-56.5831577303,0.4285714,7,7,0.50473567142857143,0.504735671429,-0.403041368878626,-0.40304136888089725,-0.403041368878626,-4.2857E-13,ELIGIBLE,R03b_20260811_FULL_v1,L1_ELIGIBILITY,v2026-08-11,2026-03-21..2026-08-06,baccarat_bet02_101_all_pairs_incl_sentinel,round_win = game_pnl > 0 (decisive only),COMPATIBILITY_ONLY_NOT_PRODUCTION,296357.1217,267511.9505,6650.6079,18220,18206,-0.02244119,-0.04150452,-0.02020951,-0.02244119,-6650.6079,296357.1217,OK,0.0000,266.0243,4.0000,96.0000,AG03-UNRESOLVED,ALL5_LEVELS_bet23_to_bet27,266.0243,266.0243,266.0243,332.5304,332.5304,4.000000,4.000000,4.000000,5.000000,5.000000,96.000000,96.000000,96.000000,95.000000,95.000000,5.0,1463.1337,1340.2688,5187.4742,5310.3391,PENDING_AG03,FALSE,NOT_FOR_ENFORCEMENT,6384.5836,256811.4724,6650.6079,6384.5836,266.0243,0.02244119,0.02154355,266.0243,6384.5836,0.02154355,266.0243,266.0243,266.0243,332.5304,332.5304,6384.5836,0.02154355,1463.1337,1340.2688,5187.4742,5310.3391,0.01750413,0.01791872,0.00089765,16.2655,14.6936,0.3653,59.3804,1.1678,2646.0457,162.5536,12.4780,16.8648,9.0895,16.5695,22.0926,29.825,33.4482,44.5976,11.8163,0.0,2.018664,2.691552,0.981654,30,240,141,4,0.10479828,0.02244119,0.04150452,0E-8,0.000000,0.902668,0.011910,-0.02129501,2026-03-22,2026-08-05,112,5695,2177,137,0.817518,0.739886,0.767145,0.349328,,,,,,,,GLOBAL_BASELINE_NO_ENTITY_RANKING,,,NOT_APPLICABLE_GLOBAL_BASELINE,HF9g-P5,,,,X 全窗基线 · 不参与实体赏罚,14195894,1420,A168_HF9F_20260827_0900,2026-08-27 09:00:00
2026-05-18,110249610,2108,0,21.1838423030,-21.1838423030,-21.1838423030,0E-7,1,1,0.50665070000000000,0.506650700000,-1.013391052207602,-1.013391052207602,-1.013391052207602,0E-17,ELIGIBLE,R03b_20260811_FULL_v1,L1_ELIGIBILITY,v2026-08-11,2026-03-21..2026-08-06,baccarat_bet02_101_all_pairs_incl_sentinel,round_win = game_pnl > 0 (decisive only),COMPATIBILITY_ONLY_NOT_PRODUCTION,296357.1217,267511.9505,6650.6079,18220,18206,-0.02244119,-0.04150452,-0.02020951,-0.02244119,-6650.6079,296357.1217,OK,0.0000,266.0243,4.0000,96.0000,AG03-UNRESOLVED,ALL5_LEVELS_bet23_to_bet27,266.0243,266.0243,266.0243,332.5304,332.5304,4.000000,4.000000,4.000000,5.000000,5.000000,96.000000,96.000000,96.000000,95.000000,95.000000,5.0,1463.1337,1340.2688,5187.4742,5310.3391,PENDING_AG03,FALSE,NOT_FOR_ENFORCEMENT,6384.5836,256811.4724,6650.6079,6384.5836,266.0243,0.02244119,0.02154355,266.0243,6384.5836,0.02154355,266.0243,266.0243,266.0243,332.5304,332.5304,6384.5836,0.02154355,1463.1337,1340.2688,5187.4742,5310.3391,0.01750413,0.01791872,0.00089765,16.2655,14.6936,0.3653,59.3804,1.1678,2646.0457,162.5536,12.4780,16.8648,9.0895,16.5695,22.0926,29.825,33.4482,44.5976,11.8163,0.0,2.018664,2.691552,0.981654,30,240,141,4,0.10479828,0.02244119,0.04150452,0E-8,0.000000,0.902668,0.011910,-0.02129501,2026-03-22,2026-08-05,112,5695,2177,137,0.817518,0.739886,0.767145,0.349328,,,,,,,,GLOBAL_BASELINE_NO_ENTITY_RANKING,,,NOT_APPLICABLE_GLOBAL_BASELINE,HF9g-P5,,,,X 全窗基线 · 不参与实体赏罚,14195895,1420,A168_HF9F_20260827_0900,2026-08-27 09:00:00
2026-05-18,110249610,2115,0,217.9705879074,128.8033358978,128.8033358978,0.8571429,7,7,0.50665070000000000,0.506650700000,1.8547942576316225,1.8547942576316225,1.8547942576316225,0E-17,ELIGIBLE,R03b_20260811_FULL_v1,L1_ELIGIBILITY,v2026-08-11,2026-03-21..2026-08-06,baccarat_bet02_101_all_pairs_incl_sentinel,round_win = game_pnl > 0 (decisive only),COMPATIBILITY_ONLY_NOT_PRODUCTION,296357.1217,267511.9505,6650.6079,18220,18206,-0.02244119,-0.04150452,-0.02020951,-0.02244119,-6650.6079,296357.1217,OK,0.0000,266.0243,4.0000,96.0000,AG03-UNRESOLVED,ALL5_LEVELS_bet23_to_bet27,266.0243,266.0243,266.0243,332.5304,332.5304,4.000000,4.000000,4.000000,5.000000,5.000000,96.000000,96.000000,96.000000,95.000000,95.000000,5.0,1463.1337,1340.2688,5187.4742,5310.3391,PENDING_AG03,FALSE,NOT_FOR_ENFORCEMENT,6384.5836,256811.4724,6650.6079,6384.5836,266.0243,0.02244119,0.02154355,266.0243,6384.5836,0.02154355,266.0243,266.0243,266.0243,332.5304,332.5304,6384.5836,0.02154355,1463.1337,1340.2688,5187.4742,5310.3391,0.01750413,0.01791872,0.00089765,16.2655,14.6936,0.3653,59.3804,1.1678,2646.0457,162.5536,12.4780,16.8648,9.0895,16.5695,22.0926,29.825,33.4482,44.5976,11.8163,0.0,2.018664,2.691552,0.981654,30,240,141,4,0.10479828,0.02244119,0.04150452,0E-8,0.000000,0.902668,0.011910,-0.02129501,2026-03-22,2026-08-05,112,5695,2177,137,0.817518,0.739886,0.767145,0.349328,,,,,,,,GLOBAL_BASELINE_NO_ENTITY_RANKING,,,NOT_APPLICABLE_GLOBAL_BASELINE,HF9g-P5,,,,X 全窗基线 · 不参与实体赏罚,14195896,1420,A168_HF9F_20260827_0900,2026-08-27 09:00:00
2026-05-18,110249610,2117,0,72.4710394577,-39.0228674003,-39.0228674003,0E-7,3,3,0.50665070000000000,0.506650700000,-1.4331513700195317,-1.4331513700195317,-1.4331513700195317,0E-17,ELIGIBLE,R03b_20260811_FULL_v1,L1_ELIGIBILITY,v2026-08-11,2026-03-21..2026-08-06,baccarat_bet02_101_all_pairs_incl_sentinel,round_win = game_pnl > 0 (decisive only),COMPATIBILITY_ONLY_NOT_PRODUCTION,296357.1217,267511.9505,6650.6079,18220,18206,-0.02244119,-0.04150452,-0.02020951,-0.02244119,-6650.6079,296357.1217,OK,0.0000,266.0243,4.0000,96.0000,AG03-UNRESOLVED,ALL5_LEVELS_bet23_to_bet27,266.0243,266.0243,266.0243,332.5304,332.5304,4.000000,4.000000,4.000000,5.000000,5.000000,96.000000,96.000000,96.000000,95.000000,95.000000,5.0,1463.1337,1340.2688,5187.4742,5310.3391,PENDING_AG03,FALSE,NOT_FOR_ENFORCEMENT,6384.5836,256811.4724,6650.6079,6384.5836,266.0243,0.02244119,0.02154355,266.0243,6384.5836,0.02154355,266.0243,266.0243,266.0243,332.5304,332.5304,6384.5836,0.02154355,1463.1337,1340.2688,5187.4742,5310.3391,0.01750413,0.01791872,0.00089765,16.2655,14.6936,0.3653,59.3804,1.1678,2646.0457,162.5536,12.4780,16.8648,9.0895,16.5695,22.0926,29.825,33.4482,44.5976,11.8163,0.0,2.018664,2.691552,0.981654,30,240,141,4,0.10479828,0.02244119,0.04150452,0E-8,0.000000,0.902668,0.011910,-0.02129501,2026-03-22,2026-08-05,112,5695,2177,137,0.817518,0.739886,0.767145,0.349328,,,,,,,,GLOBAL_BASELINE_NO_ENTITY_RANKING,,,NOT_APPLICABLE_GLOBAL_BASELINE,HF9g-P5,,,,X 全窗基线 · 不参与实体赏罚,14195897,1420,A168_HF9F_20260827_0900,2026-08-27 09:00:00
2026-05-18,110249610,2123,0,594.8199930873,220.6185681953,220.6185681953,0.7368421,21,21,0.50665070000000000,0.506650700000,2.0069396954336516,2.0069396954336516,2.0069396954336516,0E-17,ELIGIBLE,R03b_20260811_FULL_v1,L1_ELIGIBILITY,v2026-08-11,2026-03-21..2026-08-06,baccarat_bet02_101_all_pairs_incl_sentinel,round_win = game_pnl > 0 (decisive only),COMPATIBILITY_ONLY_NOT_PRODUCTION,296357.1217,267511.9505,6650.6079,18220,18206,-0.02244119,-0.04150452,-0.02020951,-0.02244119,-6650.6079,296357.1217,OK,0.0000,266.0243,4.0000,96.0000,AG03-UNRESOLVED,ALL5_LEVELS_bet23_to_bet27,266.0243,266.0243,266.0243,332.5304,332.5304,4.000000,4.000000,4.000000,5.000000,5.000000,96.000000,96.000000,96.000000,95.000000,95.000000,5.0,1463.1337,1340.2688,5187.4742,5310.3391,PENDING_AG03,FALSE,NOT_FOR_ENFORCEMENT,6384.5836,256811.4724,6650.6079,6384.5836,266.0243,0.02244119,0.02154355,266.0243,6384.5836,0.02154355,266.0243,266.0243,266.0243,332.5304,332.5304,6384.5836,0.02154355,1463.1337,1340.2688,5187.4742,5310.3391,0.01750413,0.01791872,0.00089765,16.2655,14.6936,0.3653,59.3804,1.1678,2646.0457,162.5536,12.4780,16.8648,9.0895,16.5695,22.0926,29.825,33.4482,44.5976,11.8163,0.0,2.018664,2.691552,0.981654,30,240,141,4,0.10479828,0.02244119,0.04150452,0E-8,0.000000,0.902668,0.011910,-0.02129501,2026-03-22,2026-08-05,112,5695,2177,137,0.817518,0.739886,0.767145,0.349328,,,,,,,,GLOBAL_BASELINE_NO_ENTITY_RANKING,,,NOT_APPLICABLE_GLOBAL_BASELINE,HF9g-P5,,,,X 全窗基线 · 不参与实体赏罚,14195898,1420,A168_HF9F_20260827_0900,2026-08-27 09:00:00
2026-05-18,110249610,2127,0,244.7291255533,-34.0056415917,-34.0056415917,0.5000000,9,9,0.49771390000000000,0.497713900000,0.012932269675102798,0.0129322696751028,0.012932269675102798,0E-17,ELIGIBLE,R03b_20260811_FULL_v1,L1_ELIGIBILITY,v2026-08-11,2026-03-21..2026-08-06,baccarat_bet02_101_all_pairs_incl_sentinel,round_win = game_pnl > 0 (decisive only),COMPATIBILITY_ONLY_NOT_PRODUCTION,296357.1217,267511.9505,6650.6079,18220,18206,-0.02244119,-0.04150452,-0.02020951,-0.02244119,-6650.6079,296357.1217,OK,0.0000,266.0243,4.0000,96.0000,AG03-UNRESOLVED,ALL5_LEVELS_bet23_to_bet27,266.0243,266.0243,266.0243,332.5304,332.5304,4.000000,4.000000,4.000000,5.000000,5.000000,96.000000,96.000000,96.000000,95.000000,95.000000,5.0,1463.1337,1340.2688,5187.4742,5310.3391,PENDING_AG03,FALSE,NOT_FOR_ENFORCEMENT,6384.5836,256811.4724,6650.6079,6384.5836,266.0243,0.02244119,0.02154355,266.0243,6384.5836,0.02154355,266.0243,266.0243,266.0243,332.5304,332.5304,6384.5836,0.02154355,1463.1337,1340.2688,5187.4742,5310.3391,0.01750413,0.01791872,0.00089765,16.2655,14.6936,0.3653,59.3804,1.1678,2646.0457,162.5536,12.4780,16.8648,9.0895,16.5695,22.0926,29.825,33.4482,44.5976,11.8163,0.0,2.018664,2.691552,0.981654,30,240,141,4,0.10479828,0.02244119,0.04150452,0E-8,0.000000,0.902668,0.011910,-0.02129501,2026-03-22,2026-08-05,112,5695,2177,137,0.817518,0.739886,0.767145,0.349328,,,,,,,,GLOBAL_BASELINE_NO_ENTITY_RANKING,,,NOT_APPLICABLE_GLOBAL_BASELINE,HF9g-P5,,,,X 全窗基线 · 不参与实体赏罚,14195899,1420,A168_HF9F_20260827_0900,2026-08-27 09:00:00
2026-05-18,110249610,2129,0,72.4710394577,-18.1177598644,-18.1177598644,0.3333333,3,3,0.50665070000000000,0.506650700000,-0.6004420894325239,-0.6004420894325239,-0.6004420894325239,0E-17,ELIGIBLE,R03b_20260811_FULL_v1,L1_ELIGIBILITY,v2026-08-11,2026-03-21..2026-08-06,baccarat_bet02_101_all_pairs_incl_sentinel,round_win = game_pnl > 0 (decisive only),COMPATIBILITY_ONLY_NOT_PRODUCTION,296357.1217,267511.9505,6650.6079,18220,18206,-0.02244119,-0.04150452,-0.02020951,-0.02244119,-6650.6079,296357.1217,OK,0.0000,266.0243,4.0000,96.0000,AG03-UNRESOLVED,ALL5_LEVELS_bet23_to_bet27,266.0243,266.0243,266.0243,332.5304,332.5304,4.000000,4.000000,4.000000,5.000000,5.000000,96.000000,96.000000,96.000000,95.000000,95.000000,5.0,1463.1337,1340.2688,5187.4742,5310.3391,PENDING_AG03,FALSE,NOT_FOR_ENFORCEMENT,6384.5836,256811.4724,6650.6079,6384.5836,266.0243,0.02244119,0.02154355,266.0243,6384.5836,0.02154355,266.0243,266.0243,266.0243,332.5304,332.5304,6384.5836,0.02154355,1463.1337,1340.2688,5187.4742,5310.3391,0.01750413,0.01791872,0.00089765,16.2655,14.6936,0.3653,59.3804,1.1678,2646.0457,162.5536,12.4780,16.8648,9.0895,16.5695,22.0926,29.825,33.4482,44.5976,11.8163,0.0,2.018664,2.691552,0.981654,30,240,141,4,0.10479828,0.02244119,0.04150452,0E-8,0.000000,0.902668,0.011910,-0.02129501,2026-03-22,2026-08-05,112,5695,2177,137,0.817518,0.739886,0.767145,0.349328,,,,,,,,GLOBAL_BASELINE_NO_ENTITY_RANKING,,,NOT_APPLICABLE_GLOBAL_BASELINE,HF9g-P5,,,,X 全窗基线 · 不参与实体赏罚,14195900,1420,A168_HF9F_20260827_0900,2026-08-27 09:00:00
2026-05-18,110249610,2130,0,56.8618924976,-56.8618924976,-56.8618924976,0E-7,2,2,0.50665070000000000,0.506650700000,-1.4331513700195317,-1.4331513700195317,-1.4331513700195317,0E-17,ELIGIBLE,R03b_20260811_FULL_v1,L1_ELIGIBILITY,v2026-08-11,2026-03-21..2026-08-06,baccarat_bet02_101_all_pairs_incl_sentinel,round_win = game_pnl > 0 (decisive only),COMPATIBILITY_ONLY_NOT_PRODUCTION,296357.1217,267511.9505,6650.6079,18220,18206,-0.02244119,-0.04150452,-0.02020951,-0.02244119,-6650.6079,296357.1217,OK,0.0000,266.0243,4.0000,96.0000,AG03-UNRESOLVED,ALL5_LEVELS_bet23_to_bet27,266.0243,266.0243,266.0243,332.5304,332.5304,4.000000,4.000000,4.000000,5.000000,5.000000,96.000000,96.000000,96.000000,95.000000,95.000000,5.0,1463.1337,1340.2688,5187.4742,5310.3391,PENDING_AG03,FALSE,NOT_FOR_ENFORCEMENT,6384.5836,256811.4724,6650.6079,6384.5836,266.0243,0.02244119,0.02154355,266.0243,6384.5836,0.02154355,266.0243,266.0243,266.0243,332.5304,332.5304,6384.5836,0.02154355,1463.1337,1340.2688,5187.4742,5310.3391,0.01750413,0.01791872,0.00089765,16.2655,14.6936,0.3653,59.3804,1.1678,2646.0457,162.5536,12.4780,16.8648,9.0895,16.5695,22.0926,29.825,33.4482,44.5976,11.8163,0.0,2.018664,2.691552,0.981654,30,240,141,4,0.10479828,0.02244119,0.04150452,0E-8,0.000000,0.902668,0.011910,-0.02129501,2026-03-22,2026-08-05,112,5695,2177,137,0.817518,0.739886,0.767145,0.349328,,,,,,,,GLOBAL_BASELINE_NO_ENTITY_RANKING,,,NOT_APPLICABLE_GLOBAL_BASELINE,HF9g-P5,,,,X 全窗基线 · 不参与实体赏罚,14195901,1420,A168_HF9F_20260827_0900,2026-08-27 09:00:00
2026-05-18,110249610,2141,0,137.6949749696,12.3200767079,12.3200767079,0.6666667,6,6,0.50665070000000000,0.506650700000,0.7839842952205449,0.7839842952205449,0.7839842952205449,0E-17,ELIGIBLE,R03b_20260811_FULL_v1,L1_ELIGIBILITY,v2026-08-11,2026-03-21..2026-08-06,baccarat_bet02_101_all_pairs_incl_sentinel,round_win = game_pnl > 0 (decisive only),COMPATIBILITY_ONLY_NOT_PRODUCTION,296357.1217,267511.9505,6650.6079,18220,18206,-0.02244119,-0.04150452,-0.02020951,-0.02244119,-6650.6079,296357.1217,OK,0.0000,266.0243,4.0000,96.0000,AG03-UNRESOLVED,ALL5_LEVELS_bet23_to_bet27,266.0243,266.0243,266.0243,332.5304,332.5304,4.000000,4.000000,4.000000,5.000000,5.000000,96.000000,96.000000,96.000000,95.000000,95.000000,5.0,1463.1337,1340.2688,5187.4742,5310.3391,PENDING_AG03,FALSE,NOT_FOR_ENFORCEMENT,6384.5836,256811.4724,6650.6079,6384.5836,266.0243,0.02244119,0.02154355,266.0243,6384.5836,0.02154355,266.0243,266.0243,266.0243,332.5304,332.5304,6384.5836,0.02154355,1463.1337,1340.2688,5187.4742,5310.3391,0.01750413,0.01791872,0.00089765,16.2655,14.6936,0.3653,59.3804,1.1678,2646.0457,162.5536,12.4780,16.8648,9.0895,16.5695,22.0926,29.825,33.4482,44.5976,11.8163,0.0,2.018664,2.691552,0.981654,30,240,141,4,0.10479828,0.02244119,0.04150452,0E-8,0.000000,0.902668,0.011910,-0.02129501,2026-03-22,2026-08-05,112,5695,2177,137,0.817518,0.739886,0.767145,0.349328,,,,,,,,GLOBAL_BASELINE_NO_ENTITY_RANKING,,,NOT_APPLICABLE_GLOBAL_BASELINE,HF9g-P5,,,,X 全窗基线 · 不参与实体赏罚,14195902,1420,A168_HF9F_20260827_0900,2026-08-27 09:00:00
2026-05-18,110249610,2153,0,231.9073262646,-81.8922745872,-81.8922745872,0.3333333,6,6,0.50218230000000000,0.502182300000,-0.8271955028234007,-0.8271955028234007,-0.8271955028234007,0E-17,ELIGIBLE,R03b_20260811_FULL_v1,L1_ELIGIBILITY,v2026-08-11,2026-03-21..2026-08-06,baccarat_bet02_101_all_pairs_incl_sentinel,round_win = game_pnl > 0 (decisive only),COMPATIBILITY_ONLY_NOT_PRODUCTION,296357.1217,267511.9505,6650.6079,18220,18206,-0.02244119,-0.04150452,-0.02020951,-0.02244119,-6650.6079,296357.1217,OK,0.0000,266.0243,4.0000,96.0000,AG03-UNRESOLVED,ALL5_LEVELS_bet23_to_bet27,266.0243,266.0243,266.0243,332.5304,332.5304,4.000000,4.000000,4.000000,5.000000,5.000000,96.000000,96.000000,96.000000,95.000000,95.000000,5.0,1463.1337,1340.2688,5187.4742,5310.3391,PENDING_AG03,FALSE,NOT_FOR_ENFORCEMENT,6384.5836,256811.4724,6650.6079,6384.5836,266.0243,0.02244119,0.02154355,266.0243,6384.5836,0.02154355,266.0243,266.0243,266.0243,332.5304,332.5304,6384.5836,0.02154355,1463.1337,1340.2688,5187.4742,5310.3391,0.01750413,0.01791872,0.00089765,16.2655,14.6936,0.3653,59.3804,1.1678,2646.0457,162.5536,12.4780,16.8648,9.0895,16.5695,22.0926,29.825,33.4482,44.5976,11.8163,0.0,2.018664,2.691552,0.981654,30,240,141,4,0.10479828,0.02244119,0.04150452,0E-8,0.000000,0.902668,0.011910,-0.02129501,2026-03-22,2026-08-05,112,5695,2177,137,0.817518,0.739886,0.767145,0.349328,,,,,,,,GLOBAL_BASELINE_NO_ENTITY_RANKING,,,NOT_APPLICABLE_GLOBAL_BASELINE,HF9g-P5,,,,X 全窗基线 · 不参与实体赏罚,14195903,1420,A168_HF9F_20260827_0900,2026-08-27 09:00:00
2026-05-18,110249610,2160,0,26.7585376460,-17.8390250972,-17.8390250972,0.6666667,3,3,0.49324550000000000,0.493245500000,0.6008033672792107,0.6008033672792106,0.6008033672792107,0E-17,ELIGIBLE,R03b_20260811_FULL_v1,L1_ELIGIBILITY,v2026-08-11,2026-03-21..2026-08-06,baccarat_bet02_101_all_pairs_incl_sentinel,round_win = game_pnl > 0 (decisive only),COMPATIBILITY_ONLY_NOT_PRODUCTION,296357.1217,267511.9505,6650.6079,18220,18206,-0.02244119,-0.04150452,-0.02020951,-0.02244119,-6650.6079,296357.1217,OK,0.0000,266.0243,4.0000,96.0000,AG03-UNRESOLVED,ALL5_LEVELS_bet23_to_bet27,266.0243,266.0243,266.0243,332.5304,332.5304,4.000000,4.000000,4.000000,5.000000,5.000000,96.000000,96.000000,96.000000,95.000000,95.000000,5.0,1463.1337,1340.2688,5187.4742,5310.3391,PENDING_AG03,FALSE,NOT_FOR_ENFORCEMENT,6384.5836,256811.4724,6650.6079,6384.5836,266.0243,0.02244119,0.02154355,266.0243,6384.5836,0.02154355,266.0243,266.0243,266.0243,332.5304,332.5304,6384.5836,0.02154355,1463.1337,1340.2688,5187.4742,5310.3391,0.01750413,0.01791872,0.00089765,16.2655,14.6936,0.3653,59.3804,1.1678,2646.0457,162.5536,12.4780,16.8648,9.0895,16.5695,22.0926,29.825,33.4482,44.5976,11.8163,0.0,2.018664,2.691552,0.981654,30,240,141,4,0.10479828,0.02244119,0.04150452,0E-8,0.000000,0.902668,0.011910,-0.02129501,2026-03-22,2026-08-05,112,5695,2177,137,0.817518,0.739886,0.767145,0.349328,,,,,,,,GLOBAL_BASELINE_NO_ENTITY_RANKING,,,NOT_APPLICABLE_GLOBAL_BASELINE,HF9g-P5,,,,X 全窗基线 · 不参与实体赏罚,14195904,1420,A168_HF9F_20260827_0900,2026-08-27 09:00:00
2026-05-18,110249610,2170,0,24.5286595088,-4.4597562743,-4.4597562743,0.5000000,5,5,0.49324550000000000,0.493245500000,0.027020465636507562,0.027020465636507562,0.027020465636507562,0E-17,ELIGIBLE,R03b_20260811_FULL_v1,L1_ELIGIBILITY,v2026-08-11,2026-03-21..2026-08-06,baccarat_bet02_101_all_pairs_incl_sentinel,round_win = game_pnl > 0 (decisive only),COMPATIBILITY_ONLY_NOT_PRODUCTION,296357.1217,267511.9505,6650.6079,18220,18206,-0.02244119,-0.04150452,-0.02020951,-0.02244119,-6650.6079,296357.1217,OK,0.0000,266.0243,4.0000,96.0000,AG03-UNRESOLVED,ALL5_LEVELS_bet23_to_bet27,266.0243,266.0243,266.0243,332.5304,332.5304,4.000000,4.000000,4.000000,5.000000,5.000000,96.000000,96.000000,96.000000,95.000000,95.000000,5.0,1463.1337,1340.2688,5187.4742,5310.3391,PENDING_AG03,FALSE,NOT_FOR_ENFORCEMENT,6384.5836,256811.4724,6650.6079,6384.5836,266.0243,0.02244119,0.02154355,266.0243,6384.5836,0.02154355,266.0243,266.0243,266.0243,332.5304,332.5304,6384.5836,0.02154355,1463.1337,1340.2688,5187.4742,5310.3391,0.01750413,0.01791872,0.00089765,16.2655,14.6936,0.3653,59.3804,1.1678,2646.0457,162.5536,12.4780,16.8648,9.0895,16.5695,22.0926,29.825,33.4482,44.5976,11.8163,0.0,2.018664,2.691552,0.981654,30,240,141,4,0.10479828,0.02244119,0.04150452,0E-8,0.000000,0.902668,0.011910,-0.02129501,2026-03-22,2026-08-05,112,5695,2177,137,0.817518,0.739886,0.767145,0.349328,,,,,,,,GLOBAL_BASELINE_NO_ENTITY_RANKING,,,NOT_APPLICABLE_GLOBAL_BASELINE,HF9g-P5,,,,X 全窗基线 · 不参与实体赏罚,14195905,1420,A168_HF9F_20260827_0900,2026-08-27 09:00:00
2026-05-18,110249610,2171,0,16.2781104013,-4.6827440881,-4.6827440881,0.3333333,4,4,0.50329940000000000,0.503299400000,-0.5887925454369916,-0.5887925454369916,-0.5887925454369916,0E-17,ELIGIBLE,R03b_20260811_FULL_v1,L1_ELIGIBILITY,v2026-08-11,2026-03-21..2026-08-06,baccarat_bet02_101_all_pairs_incl_sentinel,round_win = game_pnl > 0 (decisive only),COMPATIBILITY_ONLY_NOT_PRODUCTION,296357.1217,267511.9505,6650.6079,18220,18206,-0.02244119,-0.04150452,-0.02020951,-0.02244119,-6650.6079,296357.1217,OK,0.0000,266.0243,4.0000,96.0000,AG03-UNRESOLVED,ALL5_LEVELS_bet23_to_bet27,266.0243,266.0243,266.0243,332.5304,332.5304,4.000000,4.000000,4.000000,5.000000,5.000000,96.000000,96.000000,96.000000,95.000000,95.000000,5.0,1463.1337,1340.2688,5187.4742,5310.3391,PENDING_AG03,FALSE,NOT_FOR_ENFORCEMENT,6384.5836,256811.4724,6650.6079,6384.5836,266.0243,0.02244119,0.02154355,266.0243,6384.5836,0.02154355,266.0243,266.0243,266.0243,332.5304,332.5304,6384.5836,0.02154355,1463.1337,1340.2688,5187.4742,5310.3391,0.01750413,0.01791872,0.00089765,16.2655,14.6936,0.3653,59.3804,1.1678,2646.0457,162.5536,12.4780,16.8648,9.0895,16.5695,22.0926,29.825,33.4482,44.5976,11.8163,0.0,2.018664,2.691552,0.981654,30,240,141,4,0.10479828,0.02244119,0.04150452,0E-8,0.000000,0.902668,0.011910,-0.02129501,2026-03-22,2026-08-05,112,5695,2177,137,0.817518,0.739886,0.767145,0.349328,,,,,,,,GLOBAL_BASELINE_NO_ENTITY_RANKING,,,NOT_APPLICABLE_GLOBAL_BASELINE,HF9g-P5,,,,X 全窗基线 · 不参与实体赏罚,14195906,1420,A168_HF9F_20260827_0900,2026-08-27 09:00:00
2026-05-18,110249610,2174,0,320.7679700304,22.5775161388,22.5775161388,0.5384615,13,13,0.49840134615384615,0.498401346154,0.28887963152039037,0.2888796315192806,0.28887963152039037,-1.5385E-13,ELIGIBLE,R03b_20260811_FULL_v1,L1_ELIGIBILITY,v2026-08-11,2026-03-21..2026-08-06,baccarat_bet02_101_all_pairs_incl_sentinel,round_win = game_pnl > 0 (decisive only),COMPATIBILITY_ONLY_NOT_PRODUCTION,296357.1217,267511.9505,6650.6079,18220,18206,-0.02244119,-0.04150452,-0.02020951,-0.02244119,-6650.6079,296357.1217,OK,0.0000,266.0243,4.0000,96.0000,AG03-UNRESOLVED,ALL5_LEVELS_bet23_to_bet27,266.0243,266.0243,266.0243,332.5304,332.5304,4.000000,4.000000,4.000000,5.000000,5.000000,96.000000,96.000000,96.000000,95.000000,95.000000,5.0,1463.1337,1340.2688,5187.4742,5310.3391,PENDING_AG03,FALSE,NOT_FOR_ENFORCEMENT,6384.5836,256811.4724,6650.6079,6384.5836,266.0243,0.02244119,0.02154355,266.0243,6384.5836,0.02154355,266.0243,266.0243,266.0243,332.5304,332.5304,6384.5836,0.02154355,1463.1337,1340.2688,5187.4742,5310.3391,0.01750413,0.01791872,0.00089765,16.2655,14.6936,0.3653,59.3804,1.1678,2646.0457,162.5536,12.4780,16.8648,9.0895,16.5695,22.0926,29.825,33.4482,44.5976,11.8163,0.0,2.018664,2.691552,0.981654,30,240,141,4,0.10479828,0.02244119,0.04150452,0E-8,0.000000,0.902668,0.011910,-0.02129501,2026-03-22,2026-08-05,112,5695,2177,137,0.817518,0.739886,0.767145,0.349328,,,,,,,,GLOBAL_BASELINE_NO_ENTITY_RANKING,,,NOT_APPLICABLE_GLOBAL_BASELINE,HF9g-P5,,,,X 全窗基线 · 不参与实体赏罚,14195907,1420,A168_HF9F_20260827_0900,2026-08-27 09:00:00
2026-05-18,110249610,2177,0,114.0582667158,-2.5643598577,-2.5643598577,0.5000000,5,5,0.50396966000000000,0.503969660000,-0.0158791404612453,-0.0158791404612453,-0.0158791404612453,0E-17,ELIGIBLE,R03b_20260811_FULL_v1,L1_ELIGIBILITY,v2026-08-11,2026-03-21..2026-08-06,baccarat_bet02_101_all_pairs_incl_sentinel,round_win = game_pnl > 0 (decisive only),COMPATIBILITY_ONLY_NOT_PRODUCTION,296357.1217,267511.9505,6650.6079,18220,18206,-0.02244119,-0.04150452,-0.02020951,-0.02244119,-6650.6079,296357.1217,OK,0.0000,266.0243,4.0000,96.0000,AG03-UNRESOLVED,ALL5_LEVELS_bet23_to_bet27,266.0243,266.0243,266.0243,332.5304,332.5304,4.000000,4.000000,4.000000,5.000000,5.000000,96.000000,96.000000,96.000000,95.000000,95.000000,5.0,1463.1337,1340.2688,5187.4742,5310.3391,PENDING_AG03,FALSE,NOT_FOR_ENFORCEMENT,6384.5836,256811.4724,6650.6079,6384.5836,266.0243,0.02244119,0.02154355,266.0243,6384.5836,0.02154355,266.0243,266.0243,266.0243,332.5304,332.5304,6384.5836,0.02154355,1463.1337,1340.2688,5187.4742,5310.3391,0.01750413,0.01791872,0.00089765,16.2655,14.6936,0.3653,59.3804,1.1678,2646.0457,162.5536,12.4780,16.8648,9.0895,16.5695,22.0926,29.825,33.4482,44.5976,11.8163,0.0,2.018664,2.691552,0.981654,30,240,141,4,0.10479828,0.02244119,0.04150452,0E-8,0.000000,0.902668,0.011910,-0.02129501,2026-03-22,2026-08-05,112,5695,2177,137,0.817518,0.739886,0.767145,0.349328,,,,,,,,GLOBAL_BASELINE_NO_ENTITY_RANKING,,,NOT_APPLICABLE_GLOBAL_BASELINE,HF9g-P5,,,,X 全窗基线 · 不参与实体赏罚,14195908,1420,A168_HF9F_20260827_0900,2026-08-27 09:00:00
2026-05-18,110249610,2201,0,4.4597562744,0E-10,0E-10,0.5000000,2,2,0.49324550000000000,0.493245500000,0.01910635448239258,0.01910635448239258,0.01910635448239258,0E-17,ELIGIBLE,R03b_20260811_FULL_v1,L1_ELIGIBILITY,v2026-08-11,2026-03-21..2026-08-06,baccarat_bet02_101_all_pairs_incl_sentinel,round_win = game_pnl > 0 (decisive only),COMPATIBILITY_ONLY_NOT_PRODUCTION,296357.1217,267511.9505,6650.6079,18220,18206,-0.02244119,-0.04150452,-0.02020951,-0.02244119,-6650.6079,296357.1217,OK,0.0000,266.0243,4.0000,96.0000,AG03-UNRESOLVED,ALL5_LEVELS_bet23_to_bet27,266.0243,266.0243,266.0243,332.5304,332.5304,4.000000,4.000000,4.000000,5.000000,5.000000,96.000000,96.000000,96.000000,95.000000,95.000000,5.0,1463.1337,1340.2688,5187.4742,5310.3391,PENDING_AG03,FALSE,NOT_FOR_ENFORCEMENT,6384.5836,256811.4724,6650.6079,6384.5836,266.0243,0.02244119,0.02154355,266.0243,6384.5836,0.02154355,266.0243,266.0243,266.0243,332.5304,332.5304,6384.5836,0.02154355,1463.1337,1340.2688,5187.4742,5310.3391,0.01750413,0.01791872,0.00089765,16.2655,14.6936,0.3653,59.3804,1.1678,2646.0457,162.5536,12.4780,16.8648,9.0895,16.5695,22.0926,29.825,33.4482,44.5976,11.8163,0.0,2.018664,2.691552,0.981654,30,240,141,4,0.10479828,0.02244119,0.04150452,0E-8,0.000000,0.902668,0.011910,-0.02129501,2026-03-22,2026-08-05,112,5695,2177,137,0.817518,0.739886,0.767145,0.349328,,,,,,,,GLOBAL_BASELINE_NO_ENTITY_RANKING,,,NOT_APPLICABLE_GLOBAL_BASELINE,HF9g-P5,,,,X 全窗基线 · 不参与实体赏罚,14195909,1420,A168_HF9F_20260827_0900,2026-08-27 09:00:00
2026-05-18,110249610,2209,0,492.8030683123,196.7588721277,196.7588721277,0.7777778,19,19,0.49959533157894737,0.499595331579,2.3604571024517185,2.360457102451272,2.3604571024517185,-5.263E-14,ELIGIBLE,R03b_20260811_FULL_v1,L1_ELIGIBILITY,v2026-08-11,2026-03-21..2026-08-06,baccarat_bet02_101_all_pairs_incl_sentinel,round_win = game_pnl > 0 (decisive only),COMPATIBILITY_ONLY_NOT_PRODUCTION,296357.1217,267511.9505,6650.6079,18220,18206,-0.02244119,-0.04150452,-0.02020951,-0.02244119,-6650.6079,296357.1217,OK,0.0000,266.0243,4.0000,96.0000,AG03-UNRESOLVED,ALL5_LEVELS_bet23_to_bet27,266.0243,266.0243,266.0243,332.5304,332.5304,4.000000,4.000000,4.000000,5.000000,5.000000,96.000000,96.000000,96.000000,95.000000,95.000000,5.0,1463.1337,1340.2688,5187.4742,5310.3391,PENDING_AG03,FALSE,NOT_FOR_ENFORCEMENT,6384.5836,256811.4724,6650.6079,6384.5836,266.0243,0.02244119,0.02154355,266.0243,6384.5836,0.02154355,266.0243,266.0243,266.0243,332.5304,332.5304,6384.5836,0.02154355,1463.1337,1340.2688,5187.4742,5310.3391,0.01750413,0.01791872,0.00089765,16.2655,14.6936,0.3653,59.3804,1.1678,2646.0457,162.5536,12.4780,16.8648,9.0895,16.5695,22.0926,29.825,33.4482,44.5976,11.8163,0.0,2.018664,2.691552,0.981654,30,240,141,4,0.10479828,0.02244119,0.04150452,0E-8,0.000000,0.902668,0.011910,-0.02129501,2026-03-22,2026-08-05,112,5695,2177,137,0.817518,0.739886,0.767145,0.349328,,,,,,,,GLOBAL_BASELINE_NO_ENTITY_RANKING,,,NOT_APPLICABLE_GLOBAL_BASELINE,HF9g-P5,,,,X 全窗基线 · 不参与实体赏罚,14195910,1420,A168_HF9F_20260827_0900,2026-08-27 09:00:00
2026-05-18,110249610,2212,0,6.6896344115,-6.6896344115,-6.6896344115,0E-7,1,1,0.50665070000000000,0.506650700000,-1.013391052207602,-1.013391052207602,-1.013391052207602,0E-17,ELIGIBLE,R03b_20260811_FULL_v1,L1_ELIGIBILITY,v2026-08-11,2026-03-21..2026-08-06,baccarat_bet02_101_all_pairs_incl_sentinel,round_win = game_pnl > 0 (decisive only),COMPATIBILITY_ONLY_NOT_PRODUCTION,296357.1217,267511.9505,6650.6079,18220,18206,-0.02244119,-0.04150452,-0.02020951,-0.02244119,-6650.6079,296357.1217,OK,0.0000,266.0243,4.0000,96.0000,AG03-UNRESOLVED,ALL5_LEVELS_bet23_to_bet27,266.0243,266.0243,266.0243,332.5304,332.5304,4.000000,4.000000,4.000000,5.000000,5.000000,96.000000,96.000000,96.000000,95.000000,95.000000,5.0,1463.1337,1340.2688,5187.4742,5310.3391,PENDING_AG03,FALSE,NOT_FOR_ENFORCEMENT,6384.5836,256811.4724,6650.6079,6384.5836,266.0243,0.02244119,0.02154355,266.0243,6384.5836,0.02154355,266.0243,266.0243,266.0243,332.5304,332.5304,6384.5836,0.02154355,1463.1337,1340.2688,5187.4742,5310.3391,0.01750413,0.01791872,0.00089765,16.2655,14.6936,0.3653,59.3804,1.1678,2646.0457,162.5536,12.4780,16.8648,9.0895,16.5695,22.0926,29.825,33.4482,44.5976,11.8163,0.0,2.018664,2.691552,0.981654,30,240,141,4,0.10479828,0.02244119,0.04150452,0E-8,0.000000,0.902668,0.011910,-0.02129501,2026-03-22,2026-08-05,112,5695,2177,137,0.817518,0.739886,0.767145,0.349328,,,,,,,,GLOBAL_BASELINE_NO_ENTITY_RANKING,,,NOT_APPLICABLE_GLOBAL_BASELINE,HF9g-P5,,,,X 全窗基线 · 不参与实体赏罚,14195911,1420,A168_HF9F_20260827_0900,2026-08-27 09:00:00
2026-05-18,110249610,2218,0,82.5054910749,-49.8935233189,-49.8935233189,0.2500000,4,4,0.49994810000000000,0.499948100000,-0.9997924053861017,-0.9997924053861017,-0.9997924053861017,0E-17,ELIGIBLE,R03b_20260811_FULL_v1,L1_ELIGIBILITY,v2026-08-11,2026-03-21..2026-08-06,baccarat_bet02_101_all_pairs_incl_sentinel,round_win = game_pnl > 0 (decisive only),COMPATIBILITY_ONLY_NOT_PRODUCTION,296357.1217,267511.9505,6650.6079,18220,18206,-0.02244119,-0.04150452,-0.02020951,-0.02244119,-6650.6079,296357.1217,OK,0.0000,266.0243,4.0000,96.0000,AG03-UNRESOLVED,ALL5_LEVELS_bet23_to_bet27,266.0243,266.0243,266.0243,332.5304,332.5304,4.000000,4.000000,4.000000,5.000000,5.000000,96.000000,96.000000,96.000000,95.000000,95.000000,5.0,1463.1337,1340.2688,5187.4742,5310.3391,PENDING_AG03,FALSE,NOT_FOR_ENFORCEMENT,6384.5836,256811.4724,6650.6079,6384.5836,266.0243,0.02244119,0.02154355,266.0243,6384.5836,0.02154355,266.0243,266.0243,266.0243,332.5304,332.5304,6384.5836,0.02154355,1463.1337,1340.2688,5187.4742,5310.3391,0.01750413,0.01791872,0.00089765,16.2655,14.6936,0.3653,59.3804,1.1678,2646.0457,162.5536,12.4780,16.8648,9.0895,16.5695,22.0926,29.825,33.4482,44.5976,11.8163,0.0,2.018664,2.691552,0.981654,30,240,141,4,0.10479828,0.02244119,0.04150452,0E-8,0.000000,0.902668,0.011910,-0.02129501,2026-03-22,2026-08-05,112,5695,2177,137,0.817518,0.739886,0.767145,0.349328,,,,,,,,GLOBAL_BASELINE_NO_ENTITY_RANKING,,,NOT_APPLICABLE_GLOBAL_BASELINE,HF9g-P5,,,,X 全窗基线 · 不参与实体赏罚,14195912,1420,A168_HF9F_20260827_0900,2026-08-27 09:00:00
2026-05-18,110249610,2234,0,22.2987813716,-22.2987813716,-22.2987813716,0E-7,1,1,0.49324550000000000,0.493245500000,-0.9865810262130424,-0.9865810262130424,-0.9865810262130424,0E-17,ELIGIBLE,R03b_20260811_FULL_v1,L1_ELIGIBILITY,v2026-08-11,2026-03-21..2026-08-06,baccarat_bet02_101_all_pairs_incl_sentinel,round_win = game_pnl > 0 (decisive only),COMPATIBILITY_ONLY_NOT_PRODUCTION,296357.1217,267511.9505,6650.6079,18220,18206,-0.02244119,-0.04150452,-0.02020951,-0.02244119,-6650.6079,296357.1217,OK,0.0000,266.0243,4.0000,96.0000,AG03-UNRESOLVED,ALL5_LEVELS_bet23_to_bet27,266.0243,266.0243,266.0243,332.5304,332.5304,4.000000,4.000000,4.000000,5.000000,5.000000,96.000000,96.000000,96.000000,95.000000,95.000000,5.0,1463.1337,1340.2688,5187.4742,5310.3391,PENDING_AG03,FALSE,NOT_FOR_ENFORCEMENT,6384.5836,256811.4724,6650.6079,6384.5836,266.0243,0.02244119,0.02154355,266.0243,6384.5836,0.02154355,266.0243,266.0243,266.0243,332.5304,332.5304,6384.5836,0.02154355,1463.1337,1340.2688,5187.4742,5310.3391,0.01750413,0.01791872,0.00089765,16.2655,14.6936,0.3653,59.3804,1.1678,2646.0457,162.5536,12.4780,16.8648,9.0895,16.5695,22.0926,29.825,33.4482,44.5976,11.8163,0.0,2.018664,2.691552,0.981654,30,240,141,4,0.10479828,0.02244119,0.04150452,0E-8,0.000000,0.902668,0.011910,-0.02129501,2026-03-22,2026-08-05,112,5695,2177,137,0.817518,0.739886,0.767145,0.349328,,,,,,,,GLOBAL_BASELINE_NO_ENTITY_RANKING,,,NOT_APPLICABLE_GLOBAL_BASELINE,HF9g-P5,,,,X 全窗基线 · 不参与实体赏罚,14195913,1420,A168_HF9F_20260827_0900,2026-08-27 09:00:00
2026-05-18,110249610,2241,0,167.2408602870,31.2182939202,31.2182939202,0.5000000,6,6,0.49547970000000000,0.495479700000,0.022145762000773162,0.022145762000773162,0.022145762000773162,0E-17,ELIGIBLE,R03b_20260811_FULL_v1,L1_ELIGIBILITY,v2026-08-11,2026-03-21..2026-08-06,baccarat_bet02_101_all_pairs_incl_sentinel,round_win = game_pnl > 0 (decisive only),COMPATIBILITY_ONLY_NOT_PRODUCTION,296357.1217,267511.9505,6650.6079,18220,18206,-0.02244119,-0.04150452,-0.02020951,-0.02244119,-6650.6079,296357.1217,OK,0.0000,266.0243,4.0000,96.0000,AG03-UNRESOLVED,ALL5_LEVELS_bet23_to_bet27,266.0243,266.0243,266.0243,332.5304,332.5304,4.000000,4.000000,4.000000,5.000000,5.000000,96.000000,96.000000,96.000000,95.000000,95.000000,5.0,1463.1337,1340.2688,5187.4742,5310.3391,PENDING_AG03,FALSE,NOT_FOR_ENFORCEMENT,6384.5836,256811.4724,6650.6079,6384.5836,266.0243,0.02244119,0.02154355,266.0243,6384.5836,0.02154355,266.0243,266.0243,266.0243,332.5304,332.5304,6384.5836,0.02154355,1463.1337,1340.2688,5187.4742,5310.3391,0.01750413,0.01791872,0.00089765,16.2655,14.6936,0.3653,59.3804,1.1678,2646.0457,162.5536,12.4780,16.8648,9.0895,16.5695,22.0926,29.825,33.4482,44.5976,11.8163,0.0,2.018664,2.691552,0.981654,30,240,141,4,0.10479828,0.02244119,0.04150452,0E-8,0.000000,0.902668,0.011910,-0.02129501,2026-03-22,2026-08-05,112,5695,2177,137,0.817518,0.739886,0.767145,0.349328,,,,,,,,GLOBAL_BASELINE_NO_ENTITY_RANKING,,,NOT_APPLICABLE_GLOBAL_BASELINE,HF9g-P5,,,,X 全窗基线 · 不参与实体赏罚,14195914,1420,A168_HF9F_20260827_0900,2026-08-27 09:00:00
2026-05-18,110249610,2242,0,39.0228674003,-39.0228674003,-39.0228674003,0E-7,2,2,0.49994810000000000,0.499948100000,-1.4140667746232096,-1.4140667746232096,-1.4140667746232096,0E-17,ELIGIBLE,R03b_20260811_FULL_v1,L1_ELIGIBILITY,v2026-08-11,2026-03-21..2026-08-06,baccarat_bet02_101_all_pairs_incl_sentinel,round_win = game_pnl > 0 (decisive only),COMPATIBILITY_ONLY_NOT_PRODUCTION,296357.1217,267511.9505,6650.6079,18220,18206,-0.02244119,-0.04150452,-0.02020951,-0.02244119,-6650.6079,296357.1217,OK,0.0000,266.0243,4.0000,96.0000,AG03-UNRESOLVED,ALL5_LEVELS_bet23_to_bet27,266.0243,266.0243,266.0243,332.5304,332.5304,4.000000,4.000000,4.000000,5.000000,5.000000,96.000000,96.000000,96.000000,95.000000,95.000000,5.0,1463.1337,1340.2688,5187.4742,5310.3391,PENDING_AG03,FALSE,NOT_FOR_ENFORCEMENT,6384.5836,256811.4724,6650.6079,6384.5836,266.0243,0.02244119,0.02154355,266.0243,6384.5836,0.02154355,266.0243,266.0243,266.0243,332.5304,332.5304,6384.5836,0.02154355,1463.1337,1340.2688,5187.4742,5310.3391,0.01750413,0.01791872,0.00089765,16.2655,14.6936,0.3653,59.3804,1.1678,2646.0457,162.5536,12.4780,16.8648,9.0895,16.5695,22.0926,29.825,33.4482,44.5976,11.8163,0.0,2.018664,2.691552,0.981654,30,240,141,4,0.10479828,0.02244119,0.04150452,0E-8,0.000000,0.902668,0.011910,-0.02129501,2026-03-22,2026-08-05,112,5695,2177,137,0.817518,0.739886,0.767145,0.349328,,,,,,,,GLOBAL_BASELINE_NO_ENTITY_RANKING,,,NOT_APPLICABLE_GLOBAL_BASELINE,HF9g-P5,,,,X 全窗基线 · 不参与实体赏罚,14195915,1420,A168_HF9F_20260827_0900,2026-08-27 09:00:00
2026-05-18,110249610,2244,0,66.3388745805,-33.4481720574,-33.4481720574,0.3333333,4,4,0.50665070000000000,0.506650700000,-0.6004420894325239,-0.6004420894325239,-0.6004420894325239,0E-17,ELIGIBLE,R03b_20260811_FULL_v1,L1_ELIGIBILITY,v2026-08-11,2026-03-21..2026-08-06,baccarat_bet02_101_all_pairs_incl_sentinel,round_win = game_pnl > 0 (decisive only),COMPATIBILITY_ONLY_NOT_PRODUCTION,296357.1217,267511.9505,6650.6079,18220,18206,-0.02244119,-0.04150452,-0.02020951,-0.02244119,-6650.6079,296357.1217,OK,0.0000,266.0243,4.0000,96.0000,AG03-UNRESOLVED,ALL5_LEVELS_bet23_to_bet27,266.0243,266.0243,266.0243,332.5304,332.5304,4.000000,4.000000,4.000000,5.000000,5.000000,96.000000,96.000000,96.000000,95.000000,95.000000,5.0,1463.1337,1340.2688,5187.4742,5310.3391,PENDING_AG03,FALSE,NOT_FOR_ENFORCEMENT,6384.5836,256811.4724,6650.6079,6384.5836,266.0243,0.02244119,0.02154355,266.0243,6384.5836,0.02154355,266.0243,266.0243,266.0243,332.5304,332.5304,6384.5836,0.02154355,1463.1337,1340.2688,5187.4742,5310.3391,0.01750413,0.01791872,0.00089765,16.2655,14.6936,0.3653,59.3804,1.1678,2646.0457,162.5536,12.4780,16.8648,9.0895,16.5695,22.0926,29.825,33.4482,44.5976,11.8163,0.0,2.018664,2.691552,0.981654,30,240,141,4,0.10479828,0.02244119,0.04150452,0E-8,0.000000,0.902668,0.011910,-0.02129501,2026-03-22,2026-08-05,112,5695,2177,137,0.817518,0.739886,0.767145,0.349328,,,,,,,,GLOBAL_BASELINE_NO_ENTITY_RANKING,,,NOT_APPLICABLE_GLOBAL_BASELINE,HF9g-P5,,,,X 全窗基线 · 不参与实体赏罚,14195916,1420,A168_HF9F_20260827_0900,2026-08-27 09:00:00
2026-05-18,110249610,2246,0,94.3238452018,89.6076529418,89.6076529418,1.0000000,4,4,0.50665070000000000,0.506650700000,1.9735717970305138,1.9735717970305138,1.9735717970305138,0E-17,ELIGIBLE,R03b_20260811_FULL_v1,L1_ELIGIBILITY,v2026-08-11,2026-03-21..2026-08-06,baccarat_bet02_101_all_pairs_incl_sentinel,round_win = game_pnl > 0 (decisive only),COMPATIBILITY_ONLY_NOT_PRODUCTION,296357.1217,267511.9505,6650.6079,18220,18206,-0.02244119,-0.04150452,-0.02020951,-0.02244119,-6650.6079,296357.1217,OK,0.0000,266.0243,4.0000,96.0000,AG03-UNRESOLVED,ALL5_LEVELS_bet23_to_bet27,266.0243,266.0243,266.0243,332.5304,332.5304,4.000000,4.000000,4.000000,5.000000,5.000000,96.000000,96.000000,96.000000,95.000000,95.000000,5.0,1463.1337,1340.2688,5187.4742,5310.3391,PENDING_AG03,FALSE,NOT_FOR_ENFORCEMENT,6384.5836,256811.4724,6650.6079,6384.5836,266.0243,0.02244119,0.02154355,266.0243,6384.5836,0.02154355,266.0243,266.0243,266.0243,332.5304,332.5304,6384.5836,0.02154355,1463.1337,1340.2688,5187.4742,5310.3391,0.01750413,0.01791872,0.00089765,16.2655,14.6936,0.3653,59.3804,1.1678,2646.0457,162.5536,12.4780,16.8648,9.0895,16.5695,22.0926,29.825,33.4482,44.5976,11.8163,0.0,2.018664,2.691552,0.981654,30,240,141,4,0.10479828,0.02244119,0.04150452,0E-8,0.000000,0.902668,0.011910,-0.02129501,2026-03-22,2026-08-05,112,5695,2177,137,0.817518,0.739886,0.767145,0.349328,,,,,,,,GLOBAL_BASELINE_NO_ENTITY_RANKING,,,NOT_APPLICABLE_GLOBAL_BASELINE,HF9g-P5,,,,X 全窗基线 · 不参与实体赏罚,14195917,1420,A168_HF9F_20260827_0900,2026-08-27 09:00:00
2026-05-18,110249610,2248,0,312.6289148297,55.3845982318,55.3845982318,0.6250000,10,10,0.50396966000000000,0.503969660000,0.6846725719019064,0.6846725719019064,0.6846725719019064,0E-17,ELIGIBLE,R03b_20260811_FULL_v1,L1_ELIGIBILITY,v2026-08-11,2026-03-21..2026-08-06,baccarat_bet02_101_all_pairs_incl_sentinel,round_win = game_pnl > 0 (decisive only),COMPATIBILITY_ONLY_NOT_PRODUCTION,296357.1217,267511.9505,6650.6079,18220,18206,-0.02244119,-0.04150452,-0.02020951,-0.02244119,-6650.6079,296357.1217,OK,0.0000,266.0243,4.0000,96.0000,AG03-UNRESOLVED,ALL5_LEVELS_bet23_to_bet27,266.0243,266.0243,266.0243,332.5304,332.5304,4.000000,4.000000,4.000000,5.000000,5.000000,96.000000,96.000000,96.000000,95.000000,95.000000,5.0,1463.1337,1340.2688,5187.4742,5310.3391,PENDING_AG03,FALSE,NOT_FOR_ENFORCEMENT,6384.5836,256811.4724,6650.6079,6384.5836,266.0243,0.02244119,0.02154355,266.0243,6384.5836,0.02154355,266.0243,266.0243,266.0243,332.5304,332.5304,6384.5836,0.02154355,1463.1337,1340.2688,5187.4742,5310.3391,0.01750413,0.01791872,0.00089765,16.2655,14.6936,0.3653,59.3804,1.1678,2646.0457,162.5536,12.4780,16.8648,9.0895,16.5695,22.0926,29.825,33.4482,44.5976,11.8163,0.0,2.018664,2.691552,0.981654,30,240,141,4,0.10479828,0.02244119,0.04150452,0E-8,0.000000,0.902668,0.011910,-0.02129501,2026-03-22,2026-08-05,112,5695,2177,137,0.817518,0.739886,0.767145,0.349328,,,,,,,,GLOBAL_BASELINE_NO_ENTITY_RANKING,,,NOT_APPLICABLE_GLOBAL_BASELINE,HF9g-P5,,,,X 全窗基线 · 不参与实体赏罚,14195918,1420,A168_HF9F_20260827_0900,2026-08-27 09:00:00
2026-05-18,110249610,2250,0,100.9019857065,-13.9367383573,-13.9367383573,0.3333333,3,3,0.50665070000000000,0.506650700000,-0.6004420894325239,-0.6004420894325239,-0.6004420894325239,0E-17,ELIGIBLE,R03b_20260811_FULL_v1,L1_ELIGIBILITY,v2026-08-11,2026-03-21..2026-08-06,baccarat_bet02_101_all_pairs_incl_sentinel,round_win = game_pnl > 0 (decisive only),COMPATIBILITY_ONLY_NOT_PRODUCTION,296357.1217,267511.9505,6650.6079,18220,18206,-0.02244119,-0.04150452,-0.02020951,-0.02244119,-6650.6079,296357.1217,OK,0.0000,266.0243,4.0000,96.0000,AG03-UNRESOLVED,ALL5_LEVELS_bet23_to_bet27,266.0243,266.0243,266.0243,332.5304,332.5304,4.000000,4.000000,4.000000,5.000000,5.000000,96.000000,96.000000,96.000000,95.000000,95.000000,5.0,1463.1337,1340.2688,5187.4742,5310.3391,PENDING_AG03,FALSE,NOT_FOR_ENFORCEMENT,6384.5836,256811.4724,6650.6079,6384.5836,266.0243,0.02244119,0.02154355,266.0243,6384.5836,0.02154355,266.0243,266.0243,266.0243,332.5304,332.5304,6384.5836,0.02154355,1463.1337,1340.2688,5187.4742,5310.3391,0.01750413,0.01791872,0.00089765,16.2655,14.6936,0.3653,59.3804,1.1678,2646.0457,162.5536,12.4780,16.8648,9.0895,16.5695,22.0926,29.825,33.4482,44.5976,11.8163,0.0,2.018664,2.691552,0.981654,30,240,141,4,0.10479828,0.02244119,0.04150452,0E-8,0.000000,0.902668,0.011910,-0.02129501,2026-03-22,2026-08-05,112,5695,2177,137,0.817518,0.739886,0.767145,0.349328,,,,,,,,GLOBAL_BASELINE_NO_ENTITY_RANKING,,,NOT_APPLICABLE_GLOBAL_BASELINE,HF9g-P5,,,,X 全窗基线 · 不参与实体赏罚,14195919,1420,A168_HF9F_20260827_0900,2026-08-27 09:00:00
2026-05-18,110249610,2254,0,88.0801864178,-88.0801864178,-88.0801864178,0E-7,3,3,0.49324550000000000,0.493245500000,-1.708808463184432,-1.7088084631844318,-1.708808463184432,0E-17,ELIGIBLE,R03b_20260811_FULL_v1,L1_ELIGIBILITY,v2026-08-11,2026-03-21..2026-08-06,baccarat_bet02_101_all_pairs_incl_sentinel,round_win = game_pnl > 0 (decisive only),COMPATIBILITY_ONLY_NOT_PRODUCTION,296357.1217,267511.9505,6650.6079,18220,18206,-0.02244119,-0.04150452,-0.02020951,-0.02244119,-6650.6079,296357.1217,OK,0.0000,266.0243,4.0000,96.0000,AG03-UNRESOLVED,ALL5_LEVELS_bet23_to_bet27,266.0243,266.0243,266.0243,332.5304,332.5304,4.000000,4.000000,4.000000,5.000000,5.000000,96.000000,96.000000,96.000000,95.000000,95.000000,5.0,1463.1337,1340.2688,5187.4742,5310.3391,PENDING_AG03,FALSE,NOT_FOR_ENFORCEMENT,6384.5836,256811.4724,6650.6079,6384.5836,266.0243,0.02244119,0.02154355,266.0243,6384.5836,0.02154355,266.0243,266.0243,266.0243,332.5304,332.5304,6384.5836,0.02154355,1463.1337,1340.2688,5187.4742,5310.3391,0.01750413,0.01791872,0.00089765,16.2655,14.6936,0.3653,59.3804,1.1678,2646.0457,162.5536,12.4780,16.8648,9.0895,16.5695,22.0926,29.825,33.4482,44.5976,11.8163,0.0,2.018664,2.691552,0.981654,30,240,141,4,0.10479828,0.02244119,0.04150452,0E-8,0.000000,0.902668,0.011910,-0.02129501,2026-03-22,2026-08-05,112,5695,2177,137,0.817518,0.739886,0.767145,0.349328,,,,,,,,GLOBAL_BASELINE_NO_ENTITY_RANKING,,,NOT_APPLICABLE_GLOBAL_BASELINE,HF9g-P5,,,,X 全窗基线 · 不参与实体赏罚,14195920,1420,A168_HF9F_20260827_0900,2026-08-27 09:00:00
2026-05-18,110249610,2258,0,286.2048589044,144.7469645784,144.7469645784,0.8333333,8,8,0.50665070000000000,0.506650700000,1.6005531159783741,1.6005531159783741,1.6005531159783741,0E-17,ELIGIBLE,R03b_20260811_FULL_v1,L1_ELIGIBILITY,v2026-08-11,2026-03-21..2026-08-06,baccarat_bet02_101_all_pairs_incl_sentinel,round_win = game_pnl > 0 (decisive only),COMPATIBILITY_ONLY_NOT_PRODUCTION,296357.1217,267511.9505,6650.6079,18220,18206,-0.02244119,-0.04150452,-0.02020951,-0.02244119,-6650.6079,296357.1217,OK,0.0000,266.0243,4.0000,96.0000,AG03-UNRESOLVED,ALL5_LEVELS_bet23_to_bet27,266.0243,266.0243,266.0243,332.5304,332.5304,4.000000,4.000000,4.000000,5.000000,5.000000,96.000000,96.000000,96.000000,95.000000,95.000000,5.0,1463.1337,1340.2688,5187.4742,5310.3391,PENDING_AG03,FALSE,NOT_FOR_ENFORCEMENT,6384.5836,256811.4724,6650.6079,6384.5836,266.0243,0.02244119,0.02154355,266.0243,6384.5836,0.02154355,266.0243,266.0243,266.0243,332.5304,332.5304,6384.5836,0.02154355,1463.1337,1340.2688,5187.4742,5310.3391,0.01750413,0.01791872,0.00089765,16.2655,14.6936,0.3653,59.3804,1.1678,2646.0457,162.5536,12.4780,16.8648,9.0895,16.5695,22.0926,29.825,33.4482,44.5976,11.8163,0.0,2.018664,2.691552,0.981654,30,240,141,4,0.10479828,0.02244119,0.04150452,0E-8,0.000000,0.902668,0.011910,-0.02129501,2026-03-22,2026-08-05,112,5695,2177,137,0.817518,0.739886,0.767145,0.349328,,,,,,,,GLOBAL_BASELINE_NO_ENTITY_RANKING,,,NOT_APPLICABLE_GLOBAL_BASELINE,HF9g-P5,,,,X 全窗基线 · 不参与实体赏罚,14195921,1420,A168_HF9F_20260827_0900,2026-08-27 09:00:00
2026-05-18,110249610,2266,0,41.1412516307,-25.9223333445,-25.9223333445,0.2500000,4,4,0.50665070000000000,0.506650700000,-1.0266936290537745,-1.0266936290537745,-1.0266936290537745,0E-17,ELIGIBLE,R03b_20260811_FULL_v1,L1_ELIGIBILITY,v2026-08-11,2026-03-21..2026-08-06,baccarat_bet02_101_all_pairs_incl_sentinel,round_win = game_pnl > 0 (decisive only),COMPATIBILITY_ONLY_NOT_PRODUCTION,296357.1217,267511.9505,6650.6079,18220,18206,-0.02244119,-0.04150452,-0.02020951,-0.02244119,-6650.6079,296357.1217,OK,0.0000,266.0243,4.0000,96.0000,AG03-UNRESOLVED,ALL5_LEVELS_bet23_to_bet27,266.0243,266.0243,266.0243,332.5304,332.5304,4.000000,4.000000,4.000000,5.000000,5.000000,96.000000,96.000000,96.000000,95.000000,95.000000,5.0,1463.1337,1340.2688,5187.4742,5310.3391,PENDING_AG03,FALSE,NOT_FOR_ENFORCEMENT,6384.5836,256811.4724,6650.6079,6384.5836,266.0243,0.02244119,0.02154355,266.0243,6384.5836,0.02154355,266.0243,266.0243,266.0243,332.5304,332.5304,6384.5836,0.02154355,1463.1337,1340.2688,5187.4742,5310.3391,0.01750413,0.01791872,0.00089765,16.2655,14.6936,0.3653,59.3804,1.1678,2646.0457,162.5536,12.4780,16.8648,9.0895,16.5695,22.0926,29.825,33.4482,44.5976,11.8163,0.0,2.018664,2.691552,0.981654,30,240,141,4,0.10479828,0.02244119,0.04150452,0E-8,0.000000,0.902668,0.011910,-0.02129501,2026-03-22,2026-08-05,112,5695,2177,137,0.817518,0.739886,0.767145,0.349328,,,,,,,,GLOBAL_BASELINE_NO_ENTITY_RANKING,,,NOT_APPLICABLE_GLOBAL_BASELINE,HF9g-P5,,,,X 全窗基线 · 不参与实体赏罚,14195922,1420,A168_HF9F_20260827_0900,2026-08-27 09:00:00
2026-05-18,110249610,2267,0,735.3023157284,262.5124036972,262.5124036972,0.7647059,22,22,0.50055742727272727,0.500557427273,2.178225315938147,2.178225315935899,2.178225315938147,-2.7273E-13,ELIGIBLE,R03b_20260811_FULL_v1,L1_ELIGIBILITY,v2026-08-11,2026-03-21..2026-08-06,baccarat_bet02_101_all_pairs_incl_sentinel,round_win = game_pnl > 0 (decisive only),COMPATIBILITY_ONLY_NOT_PRODUCTION,296357.1217,267511.9505,6650.6079,18220,18206,-0.02244119,-0.04150452,-0.02020951,-0.02244119,-6650.6079,296357.1217,OK,0.0000,266.0243,4.0000,96.0000,AG03-UNRESOLVED,ALL5_LEVELS_bet23_to_bet27,266.0243,266.0243,266.0243,332.5304,332.5304,4.000000,4.000000,4.000000,5.000000,5.000000,96.000000,96.000000,96.000000,95.000000,95.000000,5.0,1463.1337,1340.2688,5187.4742,5310.3391,PENDING_AG03,FALSE,NOT_FOR_ENFORCEMENT,6384.5836,256811.4724,6650.6079,6384.5836,266.0243,0.02244119,0.02154355,266.0243,6384.5836,0.02154355,266.0243,266.0243,266.0243,332.5304,332.5304,6384.5836,0.02154355,1463.1337,1340.2688,5187.4742,5310.3391,0.01750413,0.01791872,0.00089765,16.2655,14.6936,0.3653,59.3804,1.1678,2646.0457,162.5536,12.4780,16.8648,9.0895,16.5695,22.0926,29.825,33.4482,44.5976,11.8163,0.0,2.018664,2.691552,0.981654,30,240,141,4,0.10479828,0.02244119,0.04150452,0E-8,0.000000,0.902668,0.011910,-0.02129501,2026-03-22,2026-08-05,112,5695,2177,137,0.817518,0.739886,0.767145,0.349328,,,,,,,,GLOBAL_BASELINE_NO_ENTITY_RANKING,,,NOT_APPLICABLE_GLOBAL_BASELINE,HF9g-P5,,,,X 全窗基线 · 不参与实体赏罚,14195923,1420,A168_HF9F_20260827_0900,2026-08-27 09:00:00
2026-05-18,110249610,462,0,30.5493304791,-25.1976229499,-25.1976229499,0.5000000,2,2,0.49324550000000000,0.493245500000,0.01910635448239258,0.01910635448239258,0.01910635448239258,0E-17,ELIGIBLE,R03b_20260811_FULL_v1,L1_ELIGIBILITY,v2026-08-11,2026-03-21..2026-08-06,baccarat_bet02_101_all_pairs_incl_sentinel,round_win = game_pnl > 0 (decisive only),COMPATIBILITY_ONLY_NOT_PRODUCTION,296357.1217,267511.9505,6650.6079,18220,18206,-0.02244119,-0.04150452,-0.02020951,-0.02244119,-6650.6079,296357.1217,OK,0.0000,266.0243,4.0000,96.0000,AG03-UNRESOLVED,ALL5_LEVELS_bet23_to_bet27,266.0243,266.0243,266.0243,332.5304,332.5304,4.000000,4.000000,4.000000,5.000000,5.000000,96.000000,96.000000,96.000000,95.000000,95.000000,5.0,1463.1337,1340.2688,5187.4742,5310.3391,PENDING_AG03,FALSE,NOT_FOR_ENFORCEMENT,6384.5836,256811.4724,6650.6079,6384.5836,266.0243,0.02244119,0.02154355,266.0243,6384.5836,0.02154355,266.0243,266.0243,266.0243,332.5304,332.5304,6384.5836,0.02154355,1463.1337,1340.2688,5187.4742,5310.3391,0.01750413,0.01791872,0.00089765,16.2655,14.6936,0.3653,59.3804,1.1678,2646.0457,162.5536,12.4780,16.8648,9.0895,16.5695,22.0926,29.825,33.4482,44.5976,11.8163,0.0,2.018664,2.691552,0.981654,30,240,141,4,0.10479828,0.02244119,0.04150452,0E-8,0.000000,0.902668,0.011910,-0.02129501,2026-03-22,2026-08-05,112,5695,2177,137,0.817518,0.739886,0.767145,0.349328,,,,,,,,GLOBAL_BASELINE_NO_ENTITY_RANKING,,,NOT_APPLICABLE_GLOBAL_BASELINE,HF9g-P5,,,,X 全窗基线 · 不参与实体赏罚,14195924,1420,A168_HF9F_20260827_0900,2026-08-27 09:00:00
2026-05-18,110249610,526,0,2.2298781372,-2.2298781372,-2.2298781372,0E-7,1,1,0.50665070000000000,0.506650700000,-1.013391052207602,-1.013391052207602,-1.013391052207602,0E-17,ELIGIBLE,R03b_20260811_FULL_v1,L1_ELIGIBILITY,v2026-08-11,2026-03-21..2026-08-06,baccarat_bet02_101_all_pairs_incl_sentinel,round_win = game_pnl > 0 (decisive only),COMPATIBILITY_ONLY_NOT_PRODUCTION,296357.1217,267511.9505,6650.6079,18220,18206,-0.02244119,-0.04150452,-0.02020951,-0.02244119,-6650.6079,296357.1217,OK,0.0000,266.0243,4.0000,96.0000,AG03-UNRESOLVED,ALL5_LEVELS_bet23_to_bet27,266.0243,266.0243,266.0243,332.5304,332.5304,4.000000,4.000000,4.000000,5.000000,5.000000,96.000000,96.000000,96.000000,95.000000,95.000000,5.0,1463.1337,1340.2688,5187.4742,5310.3391,PENDING_AG03,FALSE,NOT_FOR_ENFORCEMENT,6384.5836,256811.4724,6650.6079,6384.5836,266.0243,0.02244119,0.02154355,266.0243,6384.5836,0.02154355,266.0243,266.0243,266.0243,332.5304,332.5304,6384.5836,0.02154355,1463.1337,1340.2688,5187.4742,5310.3391,0.01750413,0.01791872,0.00089765,16.2655,14.6936,0.3653,59.3804,1.1678,2646.0457,162.5536,12.4780,16.8648,9.0895,16.5695,22.0926,29.825,33.4482,44.5976,11.8163,0.0,2.018664,2.691552,0.981654,30,240,141,4,0.10479828,0.02244119,0.04150452,0E-8,0.000000,0.902668,0.011910,-0.02129501,2026-03-22,2026-08-05,112,5695,2177,137,0.817518,0.739886,0.767145,0.349328,,,,,,,,GLOBAL_BASELINE_NO_ENTITY_RANKING,,,NOT_APPLICABLE_GLOBAL_BASELINE,HF9g-P5,,,,X 全窗基线 · 不参与实体赏罚,14195925,1420,A168_HF9F_20260827_0900,2026-08-27 09:00:00
2026-05-18,110249610,529,0,189.5396416586,9.1982473158,9.1982473158,0.5714286,7,7,0.50090561428571429,0.500905614286,0.3731730247484194,0.373173024746908,0.3731730247484194,-2.8571E-13,ELIGIBLE,R03b_20260811_FULL_v1,L1_ELIGIBILITY,v2026-08-11,2026-03-21..2026-08-06,baccarat_bet02_101_all_pairs_incl_sentinel,round_win = game_pnl > 0 (decisive only),COMPATIBILITY_ONLY_NOT_PRODUCTION,296357.1217,267511.9505,6650.6079,18220,18206,-0.02244119,-0.04150452,-0.02020951,-0.02244119,-6650.6079,296357.1217,OK,0.0000,266.0243,4.0000,96.0000,AG03-UNRESOLVED,ALL5_LEVELS_bet23_to_bet27,266.0243,266.0243,266.0243,332.5304,332.5304,4.000000,4.000000,4.000000,5.000000,5.000000,96.000000,96.000000,96.000000,95.000000,95.000000,5.0,1463.1337,1340.2688,5187.4742,5310.3391,PENDING_AG03,FALSE,NOT_FOR_ENFORCEMENT,6384.5836,256811.4724,6650.6079,6384.5836,266.0243,0.02244119,0.02154355,266.0243,6384.5836,0.02154355,266.0243,266.0243,266.0243,332.5304,332.5304,6384.5836,0.02154355,1463.1337,1340.2688,5187.4742,5310.3391,0.01750413,0.01791872,0.00089765,16.2655,14.6936,0.3653,59.3804,1.1678,2646.0457,162.5536,12.4780,16.8648,9.0895,16.5695,22.0926,29.825,33.4482,44.5976,11.8163,0.0,2.018664,2.691552,0.981654,30,240,141,4,0.10479828,0.02244119,0.04150452,0E-8,0.000000,0.902668,0.011910,-0.02129501,2026-03-22,2026-08-05,112,5695,2177,137,0.817518,0.739886,0.767145,0.349328,,,,,,,,GLOBAL_BASELINE_NO_ENTITY_RANKING,,,NOT_APPLICABLE_GLOBAL_BASELINE,HF9g-P5,,,,X 全窗基线 · 不参与实体赏罚,14195926,1420,A168_HF9F_20260827_0900,2026-08-27 09:00:00
2026-05-18,110249610,550,0,144.9420789154,22.2987813716,22.2987813716,0.6000000,5,5,0.49324550000000000,0.493245500000,0.47746420675292983,0.47746420675292983,0.47746420675292983,0E-17,ELIGIBLE,R03b_20260811_FULL_v1,L1_ELIGIBILITY,v2026-08-11,2026-03-21..2026-08-06,baccarat_bet02_101_all_pairs_incl_sentinel,round_win = game_pnl > 0 (decisive only),COMPATIBILITY_ONLY_NOT_PRODUCTION,296357.1217,267511.9505,6650.6079,18220,18206,-0.02244119,-0.04150452,-0.02020951,-0.02244119,-6650.6079,296357.1217,OK,0.0000,266.0243,4.0000,96.0000,AG03-UNRESOLVED,ALL5_LEVELS_bet23_to_bet27,266.0243,266.0243,266.0243,332.5304,332.5304,4.000000,4.000000,4.000000,5.000000,5.000000,96.000000,96.000000,96.000000,95.000000,95.000000,5.0,1463.1337,1340.2688,5187.4742,5310.3391,PENDING_AG03,FALSE,NOT_FOR_ENFORCEMENT,6384.5836,256811.4724,6650.6079,6384.5836,266.0243,0.02244119,0.02154355,266.0243,6384.5836,0.02154355,266.0243,266.0243,266.0243,332.5304,332.5304,6384.5836,0.02154355,1463.1337,1340.2688,5187.4742,5310.3391,0.01750413,0.01791872,0.00089765,16.2655,14.6936,0.3653,59.3804,1.1678,2646.0457,162.5536,12.4780,16.8648,9.0895,16.5695,22.0926,29.825,33.4482,44.5976,11.8163,0.0,2.018664,2.691552,0.981654,30,240,141,4,0.10479828,0.02244119,0.04150452,0E-8,0.000000,0.902668,0.011910,-0.02129501,2026-03-22,2026-08-05,112,5695,2177,137,0.817518,0.739886,0.767145,0.349328,,,,,,,,GLOBAL_BASELINE_NO_ENTITY_RANKING,,,NOT_APPLICABLE_GLOBAL_BASELINE,HF9g-P5,,,,X 全窗基线 · 不参与实体赏罚,14195927,1420,A168_HF9F_20260827_0900,2026-08-27 09:00:00
2026-05-18,110249610,763,0,387.4413263315,13.6858770668,13.6858770668,0.5384615,13,13,0.50355719230769231,0.503557192308,0.25170518963126864,0.25170518962905086,0.25170518963126864,-3.0769E-13,ELIGIBLE,R03b_20260811_FULL_v1,L1_ELIGIBILITY,v2026-08-11,2026-03-21..2026-08-06,baccarat_bet02_101_all_pairs_incl_sentinel,round_win = game_pnl > 0 (decisive only),COMPATIBILITY_ONLY_NOT_PRODUCTION,296357.1217,267511.9505,6650.6079,18220,18206,-0.02244119,-0.04150452,-0.02020951,-0.02244119,-6650.6079,296357.1217,OK,0.0000,266.0243,4.0000,96.0000,AG03-UNRESOLVED,ALL5_LEVELS_bet23_to_bet27,266.0243,266.0243,266.0243,332.5304,332.5304,4.000000,4.000000,4.000000,5.000000,5.000000,96.000000,96.000000,96.000000,95.000000,95.000000,5.0,1463.1337,1340.2688,5187.4742,5310.3391,PENDING_AG03,FALSE,NOT_FOR_ENFORCEMENT,6384.5836,256811.4724,6650.6079,6384.5836,266.0243,0.02244119,0.02154355,266.0243,6384.5836,0.02154355,266.0243,266.0243,266.0243,332.5304,332.5304,6384.5836,0.02154355,1463.1337,1340.2688,5187.4742,5310.3391,0.01750413,0.01791872,0.00089765,16.2655,14.6936,0.3653,59.3804,1.1678,2646.0457,162.5536,12.4780,16.8648,9.0895,16.5695,22.0926,29.825,33.4482,44.5976,11.8163,0.0,2.018664,2.691552,0.981654,30,240,141,4,0.10479828,0.02244119,0.04150452,0E-8,0.000000,0.902668,0.011910,-0.02129501,2026-03-22,2026-08-05,112,5695,2177,137,0.817518,0.739886,0.767145,0.349328,,,,,,,,GLOBAL_BASELINE_NO_ENTITY_RANKING,,,NOT_APPLICABLE_GLOBAL_BASELINE,HF9g-P5,,,,X 全窗基线 · 不参与实体赏罚,14195928,1420,A168_HF9F_20260827_0900,2026-08-27 09:00:00
2026-05-18,110249610,789,0,4.4597562743,-4.4597562743,-4.4597562743,0E-7,1,1,0.49324550000000000,0.493245500000,-0.9865810262130424,-0.9865810262130424,-0.9865810262130424,0E-17,ELIGIBLE,R03b_20260811_FULL_v1,L1_ELIGIBILITY,v2026-08-11,2026-03-21..2026-08-06,baccarat_bet02_101_all_pairs_incl_sentinel,round_win = game_pnl > 0 (decisive only),COMPATIBILITY_ONLY_NOT_PRODUCTION,296357.1217,267511.9505,6650.6079,18220,18206,-0.02244119,-0.04150452,-0.02020951,-0.02244119,-6650.6079,296357.1217,OK,0.0000,266.0243,4.0000,96.0000,AG03-UNRESOLVED,ALL5_LEVELS_bet23_to_bet27,266.0243,266.0243,266.0243,332.5304,332.5304,4.000000,4.000000,4.000000,5.000000,5.000000,96.000000,96.000000,96.000000,95.000000,95.000000,5.0,1463.1337,1340.2688,5187.4742,5310.3391,PENDING_AG03,FALSE,NOT_FOR_ENFORCEMENT,6384.5836,256811.4724,6650.6079,6384.5836,266.0243,0.02244119,0.02154355,266.0243,6384.5836,0.02154355,266.0243,266.0243,266.0243,332.5304,332.5304,6384.5836,0.02154355,1463.1337,1340.2688,5187.4742,5310.3391,0.01750413,0.01791872,0.00089765,16.2655,14.6936,0.3653,59.3804,1.1678,2646.0457,162.5536,12.4780,16.8648,9.0895,16.5695,22.0926,29.825,33.4482,44.5976,11.8163,0.0,2.018664,2.691552,0.981654,30,240,141,4,0.10479828,0.02244119,0.04150452,0E-8,0.000000,0.902668,0.011910,-0.02129501,2026-03-22,2026-08-05,112,5695,2177,137,0.817518,0.739886,0.767145,0.349328,,,,,,,,GLOBAL_BASELINE_NO_ENTITY_RANKING,,,NOT_APPLICABLE_GLOBAL_BASELINE,HF9g-P5,,,,X 全窗基线 · 不参与实体赏罚,14195929,1420,A168_HF9F_20260827_0900,2026-08-27 09:00:00
2026-05-18,110249610,919,0,50.1722580861,-50.1722580861,-50.1722580861,0E-7,2,2,0.49994810000000000,0.499948100000,-1.4140667746232096,-1.4140667746232096,-1.4140667746232096,0E-17,ELIGIBLE,R03b_20260811_FULL_v1,L1_ELIGIBILITY,v2026-08-11,2026-03-21..2026-08-06,baccarat_bet02_101_all_pairs_incl_sentinel,round_win = game_pnl > 0 (decisive only),COMPATIBILITY_ONLY_NOT_PRODUCTION,296357.1217,267511.9505,6650.6079,18220,18206,-0.02244119,-0.04150452,-0.02020951,-0.02244119,-6650.6079,296357.1217,OK,0.0000,266.0243,4.0000,96.0000,AG03-UNRESOLVED,ALL5_LEVELS_bet23_to_bet27,266.0243,266.0243,266.0243,332.5304,332.5304,4.000000,4.000000,4.000000,5.000000,5.000000,96.000000,96.000000,96.000000,95.000000,95.000000,5.0,1463.1337,1340.2688,5187.4742,5310.3391,PENDING_AG03,FALSE,NOT_FOR_ENFORCEMENT,6384.5836,256811.4724,6650.6079,6384.5836,266.0243,0.02244119,0.02154355,266.0243,6384.5836,0.02154355,266.0243,266.0243,266.0243,332.5304,332.5304,6384.5836,0.02154355,1463.1337,1340.2688,5187.4742,5310.3391,0.01750413,0.01791872,0.00089765,16.2655,14.6936,0.3653,59.3804,1.1678,2646.0457,162.5536,12.4780,16.8648,9.0895,16.5695,22.0926,29.825,33.4482,44.5976,11.8163,0.0,2.018664,2.691552,0.981654,30,240,141,4,0.10479828,0.02244119,0.04150452,0E-8,0.000000,0.902668,0.011910,-0.02129501,2026-03-22,2026-08-05,112,5695,2177,137,0.817518,0.739886,0.767145,0.349328,,,,,,,,GLOBAL_BASELINE_NO_ENTITY_RANKING,,,NOT_APPLICABLE_GLOBAL_BASELINE,HF9g-P5,,,,X 全窗基线 · 不参与实体赏罚,14195930,1420,A168_HF9F_20260827_0900,2026-08-27 09:00:00
2026-05-18,110249610,948,0,308.8381219966,44.6811831733,44.6811831733,0.6250000,11,11,0.49933877272727273,0.499338772727,0.7108478690903788,0.7108478690919221,0.7108478690903788,2.7273E-13,ELIGIBLE,R03b_20260811_FULL_v1,L1_ELIGIBILITY,v2026-08-11,2026-03-21..2026-08-06,baccarat_bet02_101_all_pairs_incl_sentinel,round_win = game_pnl > 0 (decisive only),COMPATIBILITY_ONLY_NOT_PRODUCTION,296357.1217,267511.9505,6650.6079,18220,18206,-0.02244119,-0.04150452,-0.02020951,-0.02244119,-6650.6079,296357.1217,OK,0.0000,266.0243,4.0000,96.0000,AG03-UNRESOLVED,ALL5_LEVELS_bet23_to_bet27,266.0243,266.0243,266.0243,332.5304,332.5304,4.000000,4.000000,4.000000,5.000000,5.000000,96.000000,96.000000,96.000000,95.000000,95.000000,5.0,1463.1337,1340.2688,5187.4742,5310.3391,PENDING_AG03,FALSE,NOT_FOR_ENFORCEMENT,6384.5836,256811.4724,6650.6079,6384.5836,266.0243,0.02244119,0.02154355,266.0243,6384.5836,0.02154355,266.0243,266.0243,266.0243,332.5304,332.5304,6384.5836,0.02154355,1463.1337,1340.2688,5187.4742,5310.3391,0.01750413,0.01791872,0.00089765,16.2655,14.6936,0.3653,59.3804,1.1678,2646.0457,162.5536,12.4780,16.8648,9.0895,16.5695,22.0926,29.825,33.4482,44.5976,11.8163,0.0,2.018664,2.691552,0.981654,30,240,141,4,0.10479828,0.02244119,0.04150452,0E-8,0.000000,0.902668,0.011910,-0.02129501,2026-03-22,2026-08-05,112,5695,2177,137,0.817518,0.739886,0.767145,0.349328,,,,,,,,GLOBAL_BASELINE_NO_ENTITY_RANKING,,,NOT_APPLICABLE_GLOBAL_BASELINE,HF9g-P5,,,,X 全窗基线 · 不参与实体赏罚,14195931,1420,A168_HF9F_20260827_0900,2026-08-27 09:00:00
2026-05-18,110249610,970,0,99.2295771036,-99.2295771036,-99.2295771036,0E-7,3,3,0.50665070000000000,0.506650700000,-1.7552447903592512,-1.7552447903592512,-1.7552447903592512,0E-17,ELIGIBLE,R03b_20260811_FULL_v1,L1_ELIGIBILITY,v2026-08-11,2026-03-21..2026-08-06,baccarat_bet02_101_all_pairs_incl_sentinel,round_win = game_pnl > 0 (decisive only),COMPATIBILITY_ONLY_NOT_PRODUCTION,296357.1217,267511.9505,6650.6079,18220,18206,-0.02244119,-0.04150452,-0.02020951,-0.02244119,-6650.6079,296357.1217,OK,0.0000,266.0243,4.0000,96.0000,AG03-UNRESOLVED,ALL5_LEVELS_bet23_to_bet27,266.0243,266.0243,266.0243,332.5304,332.5304,4.000000,4.000000,4.000000,5.000000,5.000000,96.000000,96.000000,96.000000,95.000000,95.000000,5.0,1463.1337,1340.2688,5187.4742,5310.3391,PENDING_AG03,FALSE,NOT_FOR_ENFORCEMENT,6384.5836,256811.4724,6650.6079,6384.5836,266.0243,0.02244119,0.02154355,266.0243,6384.5836,0.02154355,266.0243,266.0243,266.0243,332.5304,332.5304,6384.5836,0.02154355,1463.1337,1340.2688,5187.4742,5310.3391,0.01750413,0.01791872,0.00089765,16.2655,14.6936,0.3653,59.3804,1.1678,2646.0457,162.5536,12.4780,16.8648,9.0895,16.5695,22.0926,29.825,33.4482,44.5976,11.8163,0.0,2.018664,2.691552,0.981654,30,240,141,4,0.10479828,0.02244119,0.04150452,0E-8,0.000000,0.902668,0.011910,-0.02129501,2026-03-22,2026-08-05,112,5695,2177,137,0.817518,0.739886,0.767145,0.349328,,,,,,,,GLOBAL_BASELINE_NO_ENTITY_RANKING,,,NOT_APPLICABLE_GLOBAL_BASELINE,HF9g-P5,,,,X 全窗基线 · 不参与实体赏罚,14195932,1420,A168_HF9F_20260827_0900,2026-08-27 09:00:00
2026-05-18,110249610,987,0,334.4817205740,122.6432975438,122.6432975438,0.7500000,11,11,0.49324550000000000,0.493245500000,1.4525553310976282,1.4525553310976282,1.4525553310976282,0E-17,ELIGIBLE,R03b_20260811_FULL_v1,L1_ELIGIBILITY,v2026-08-11,2026-03-21..2026-08-06,baccarat_bet02_101_all_pairs_incl_sentinel,round_win = game_pnl > 0 (decisive only),COMPATIBILITY_ONLY_NOT_PRODUCTION,296357.1217,267511.9505,6650.6079,18220,18206,-0.02244119,-0.04150452,-0.02020951,-0.02244119,-6650.6079,296357.1217,OK,0.0000,266.0243,4.0000,96.0000,AG03-UNRESOLVED,ALL5_LEVELS_bet23_to_bet27,266.0243,266.0243,266.0243,332.5304,332.5304,4.000000,4.000000,4.000000,5.000000,5.000000,96.000000,96.000000,96.000000,95.000000,95.000000,5.0,1463.1337,1340.2688,5187.4742,5310.3391,PENDING_AG03,FALSE,NOT_FOR_ENFORCEMENT,6384.5836,256811.4724,6650.6079,6384.5836,266.0243,0.02244119,0.02154355,266.0243,6384.5836,0.02154355,266.0243,266.0243,266.0243,332.5304,332.5304,6384.5836,0.02154355,1463.1337,1340.2688,5187.4742,5310.3391,0.01750413,0.01791872,0.00089765,16.2655,14.6936,0.3653,59.3804,1.1678,2646.0457,162.5536,12.4780,16.8648,9.0895,16.5695,22.0926,29.825,33.4482,44.5976,11.8163,0.0,2.018664,2.691552,0.981654,30,240,141,4,0.10479828,0.02244119,0.04150452,0E-8,0.000000,0.902668,0.011910,-0.02129501,2026-03-22,2026-08-05,112,5695,2177,137,0.817518,0.739886,0.767145,0.349328,,,,,,,,GLOBAL_BASELINE_NO_ENTITY_RANKING,,,NOT_APPLICABLE_GLOBAL_BASELINE,HF9g-P5,,,,X 全窗基线 · 不参与实体赏罚,14195933,1420,A168_HF9F_20260827_0900,2026-08-27 09:00:00
2026-05-19,110249610,-1,1,4048.2322641067,-31.1346734900,-31.1346734900,0.5108696,100,100,0.49981404800000000,0.499814048000,0.21208160657754507,0.21208160657754507,0.21208160657754507,0E-17,SENTINEL_DEALER,R03b_20260811_FULL_v1,L1_ELIGIBILITY,v2026-08-11,2026-03-21..2026-08-06,baccarat_bet02_101_all_pairs_incl_sentinel,round_win = game_pnl > 0 (decisive only),COMPATIBILITY_ONLY_NOT_PRODUCTION,296357.1217,267511.9505,6650.6079,18220,18206,-0.02244119,-0.04150452,-0.02020951,-0.02244119,-6650.6079,296357.1217,OK,0.0000,266.0243,4.0000,96.0000,AG03-UNRESOLVED,ALL5_LEVELS_bet23_to_bet27,266.0243,266.0243,266.0243,332.5304,332.5304,4.000000,4.000000,4.000000,5.000000,5.000000,96.000000,96.000000,96.000000,95.000000,95.000000,5.0,1463.1337,1340.2688,5187.4742,5310.3391,PENDING_AG03,FALSE,NOT_FOR_ENFORCEMENT,6384.5836,256811.4724,6650.6079,6384.5836,266.0243,0.02244119,0.02154355,266.0243,6384.5836,0.02154355,266.0243,266.0243,266.0243,332.5304,332.5304,6384.5836,0.02154355,1463.1337,1340.2688,5187.4742,5310.3391,0.01750413,0.01791872,0.00089765,16.2655,14.6936,0.3653,59.3804,1.1678,2646.0457,162.5536,12.4780,16.8648,9.0895,16.5695,22.0926,29.825,33.4482,44.5976,11.8163,0.0,2.018664,2.691552,0.981654,30,240,141,4,0.10479828,0.02244119,0.04150452,0E-8,0.000000,0.902668,0.011910,-0.02129501,2026-03-22,2026-08-05,112,5695,2177,137,0.817518,0.739886,0.767145,0.349328,,,,,,,,GLOBAL_BASELINE_NO_ENTITY_RANKING,,,NOT_APPLICABLE_GLOBAL_BASELINE,HF9g-P5,,,,X 全窗基线 · 不参与实体赏罚,14195934,1420,A168_HF9F_20260827_0900,2026-08-27 09:00:00
2026-05-19,110249610,1004,0,128.6639685141,-17.1700616561,-17.1700616561,0.5000000,4,4,0.49994810000000000,0.499948100000,0.00020760000111838688,0.00020760000111838688,0.00020760000111838688,0E-17,ELIGIBLE,R03b_20260811_FULL_v1,L1_ELIGIBILITY,v2026-08-11,2026-03-21..2026-08-06,baccarat_bet02_101_all_pairs_incl_sentinel,round_win = game_pnl > 0 (decisive only),COMPATIBILITY_ONLY_NOT_PRODUCTION,296357.1217,267511.9505,6650.6079,18220,18206,-0.02244119,-0.04150452,-0.02020951,-0.02244119,-6650.6079,296357.1217,OK,0.0000,266.0243,4.0000,96.0000,AG03-UNRESOLVED,ALL5_LEVELS_bet23_to_bet27,266.0243,266.0243,266.0243,332.5304,332.5304,4.000000,4.000000,4.000000,5.000000,5.000000,96.000000,96.000000,96.000000,95.000000,95.000000,5.0,1463.1337,1340.2688,5187.4742,5310.3391,PENDING_AG03,FALSE,NOT_FOR_ENFORCEMENT,6384.5836,256811.4724,6650.6079,6384.5836,266.0243,0.02244119,0.02154355,266.0243,6384.5836,0.02154355,266.0243,266.0243,266.0243,332.5304,332.5304,6384.5836,0.02154355,1463.1337,1340.2688,5187.4742,5310.3391,0.01750413,0.01791872,0.00089765,16.2655,14.6936,0.3653,59.3804,1.1678,2646.0457,162.5536,12.4780,16.8648,9.0895,16.5695,22.0926,29.825,33.4482,44.5976,11.8163,0.0,2.018664,2.691552,0.981654,30,240,141,4,0.10479828,0.02244119,0.04150452,0E-8,0.000000,0.902668,0.011910,-0.02129501,2026-03-22,2026-08-05,112,5695,2177,137,0.817518,0.739886,0.767145,0.349328,,,,,,,,GLOBAL_BASELINE_NO_ENTITY_RANKING,,,NOT_APPLICABLE_GLOBAL_BASELINE,HF9g-P5,,,,X 全窗基线 · 不参与实体赏罚,14195935,1420,A168_HF9F_20260827_0900,2026-08-27 09:00:00
2026-05-19,110249610,1017,0,27.8734767145,-27.8734767145,-27.8734767145,0E-7,1,1,0.49324550000000000,0.493245500000,-0.9865810262130424,-0.9865810262130424,-0.9865810262130424,0E-17,ELIGIBLE,R03b_20260811_FULL_v1,L1_ELIGIBILITY,v2026-08-11,2026-03-21..2026-08-06,baccarat_bet02_101_all_pairs_incl_sentinel,round_win = game_pnl > 0 (decisive only),COMPATIBILITY_ONLY_NOT_PRODUCTION,296357.1217,267511.9505,6650.6079,18220,18206,-0.02244119,-0.04150452,-0.02020951,-0.02244119,-6650.6079,296357.1217,OK,0.0000,266.0243,4.0000,96.0000,AG03-UNRESOLVED,ALL5_LEVELS_bet23_to_bet27,266.0243,266.0243,266.0243,332.5304,332.5304,4.000000,4.000000,4.000000,5.000000,5.000000,96.000000,96.000000,96.000000,95.000000,95.000000,5.0,1463.1337,1340.2688,5187.4742,5310.3391,PENDING_AG03,FALSE,NOT_FOR_ENFORCEMENT,6384.5836,256811.4724,6650.6079,6384.5836,266.0243,0.02244119,0.02154355,266.0243,6384.5836,0.02154355,266.0243,266.0243,266.0243,332.5304,332.5304,6384.5836,0.02154355,1463.1337,1340.2688,5187.4742,5310.3391,0.01750413,0.01791872,0.00089765,16.2655,14.6936,0.3653,59.3804,1.1678,2646.0457,162.5536,12.4780,16.8648,9.0895,16.5695,22.0926,29.825,33.4482,44.5976,11.8163,0.0,2.018664,2.691552,0.981654,30,240,141,4,0.10479828,0.02244119,0.04150452,0E-8,0.000000,0.902668,0.011910,-0.02129501,2026-03-22,2026-08-05,112,5695,2177,137,0.817518,0.739886,0.767145,0.349328,,,,,,,,GLOBAL_BASELINE_NO_ENTITY_RANKING,,,NOT_APPLICABLE_GLOBAL_BASELINE,HF9g-P5,,,,X 全窗基线 · 不参与实体赏罚,14195936,1420,A168_HF9F_20260827_0900,2026-08-27 09:00:00
2026-05-19,110249610,1078,0,33.4481720574,0E-10,0E-10,,1,1,0.50665070000000000,0.506650700000,,,,0E-17,NO_DECISIVE_ROUND,R03b_20260811_FULL_v1,L1_ELIGIBILITY,v2026-08-11,2026-03-21..2026-08-06,baccarat_bet02_101_all_pairs_incl_sentinel,round_win = game_pnl > 0 (decisive only),COMPATIBILITY_ONLY_NOT_PRODUCTION,296357.1217,267511.9505,6650.6079,18220,18206,-0.02244119,-0.04150452,-0.02020951,-0.02244119,-6650.6079,296357.1217,OK,0.0000,266.0243,4.0000,96.0000,AG03-UNRESOLVED,ALL5_LEVELS_bet23_to_bet27,266.0243,266.0243,266.0243,332.5304,332.5304,4.000000,4.000000,4.000000,5.000000,5.000000,96.000000,96.000000,96.000000,95.000000,95.000000,5.0,1463.1337,1340.2688,5187.4742,5310.3391,PENDING_AG03,FALSE,NOT_FOR_ENFORCEMENT,6384.5836,256811.4724,6650.6079,6384.5836,266.0243,0.02244119,0.02154355,266.0243,6384.5836,0.02154355,266.0243,266.0243,266.0243,332.5304,332.5304,6384.5836,0.02154355,1463.1337,1340.2688,5187.4742,5310.3391,0.01750413,0.01791872,0.00089765,16.2655,14.6936,0.3653,59.3804,1.1678,2646.0457,162.5536,12.4780,16.8648,9.0895,16.5695,22.0926,29.825,33.4482,44.5976,11.8163,0.0,2.018664,2.691552,0.981654,30,240,141,4,0.10479828,0.02244119,0.04150452,0E-8,0.000000,0.902668,0.011910,-0.02129501,2026-03-22,2026-08-05,112,5695,2177,137,0.817518,0.739886,0.767145,0.349328,,,,,,,,GLOBAL_BASELINE_NO_ENTITY_RANKING,,,NOT_APPLICABLE_GLOBAL_BASELINE,HF9g-P5,,,,X 全窗基线 · 不参与实体赏罚,14195937,1420,A168_HF9F_20260827_0900,2026-08-27 09:00:00
2026-05-19,110249610,1094,0,81.9480215406,1.7560290330,1.7560290330,0.5000000,2,2,0.50665070000000000,0.506650700000,-0.018812684590367487,-0.018812684590367487,-0.018812684590367487,0E-17,ELIGIBLE,R03b_20260811_FULL_v1,L1_ELIGIBILITY,v2026-08-11,2026-03-21..2026-08-06,baccarat_bet02_101_all_pairs_incl_sentinel,round_win = game_pnl > 0 (decisive only),COMPATIBILITY_ONLY_NOT_PRODUCTION,296357.1217,267511.9505,6650.6079,18220,18206,-0.02244119,-0.04150452,-0.02020951,-0.02244119,-6650.6079,296357.1217,OK,0.0000,266.0243,4.0000,96.0000,AG03-UNRESOLVED,ALL5_LEVELS_bet23_to_bet27,266.0243,266.0243,266.0243,332.5304,332.5304,4.000000,4.000000,4.000000,5.000000,5.000000,96.000000,96.000000,96.000000,95.000000,95.000000,5.0,1463.1337,1340.2688,5187.4742,5310.3391,PENDING_AG03,FALSE,NOT_FOR_ENFORCEMENT,6384.5836,256811.4724,6650.6079,6384.5836,266.0243,0.02244119,0.02154355,266.0243,6384.5836,0.02154355,266.0243,266.0243,266.0243,332.5304,332.5304,6384.5836,0.02154355,1463.1337,1340.2688,5187.4742,5310.3391,0.01750413,0.01791872,0.00089765,16.2655,14.6936,0.3653,59.3804,1.1678,2646.0457,162.5536,12.4780,16.8648,9.0895,16.5695,22.0926,29.825,33.4482,44.5976,11.8163,0.0,2.018664,2.691552,0.981654,30,240,141,4,0.10479828,0.02244119,0.04150452,0E-8,0.000000,0.902668,0.011910,-0.02129501,2026-03-22,2026-08-05,112,5695,2177,137,0.817518,0.739886,0.767145,0.349328,,,,,,,,GLOBAL_BASELINE_NO_ENTITY_RANKING,,,NOT_APPLICABLE_GLOBAL_BASELINE,HF9g-P5,,,,X 全窗基线 · 不参与实体赏罚,14195938,1420,A168_HF9F_20260827_0900,2026-08-27 09:00:00
2026-05-19,110249610,1109,0,189.5396416586,0E-10,0E-10,0.5000000,6,6,0.49324550000000000,0.493245500000,0.03309317671092531,0.03309317671092531,0.03309317671092531,0E-17,ELIGIBLE,R03b_20260811_FULL_v1,L1_ELIGIBILITY,v2026-08-11,2026-03-21..2026-08-06,baccarat_bet02_101_all_pairs_incl_sentinel,round_win = game_pnl > 0 (decisive only),COMPATIBILITY_ONLY_NOT_PRODUCTION,296357.1217,267511.9505,6650.6079,18220,18206,-0.02244119,-0.04150452,-0.02020951,-0.02244119,-6650.6079,296357.1217,OK,0.0000,266.0243,4.0000,96.0000,AG03-UNRESOLVED,ALL5_LEVELS_bet23_to_bet27,266.0243,266.0243,266.0243,332.5304,332.5304,4.000000,4.000000,4.000000,5.000000,5.000000,96.000000,96.000000,96.000000,95.000000,95.000000,5.0,1463.1337,1340.2688,5187.4742,5310.3391,PENDING_AG03,FALSE,NOT_FOR_ENFORCEMENT,6384.5836,256811.4724,6650.6079,6384.5836,266.0243,0.02244119,0.02154355,266.0243,6384.5836,0.02154355,266.0243,266.0243,266.0243,332.5304,332.5304,6384.5836,0.02154355,1463.1337,1340.2688,5187.4742,5310.3391,0.01750413,0.01791872,0.00089765,16.2655,14.6936,0.3653,59.3804,1.1678,2646.0457,162.5536,12.4780,16.8648,9.0895,16.5695,22.0926,29.825,33.4482,44.5976,11.8163,0.0,2.018664,2.691552,0.981654,30,240,141,4,0.10479828,0.02244119,0.04150452,0E-8,0.000000,0.902668,0.011910,-0.02129501,2026-03-22,2026-08-05,112,5695,2177,137,0.817518,0.739886,0.767145,0.349328,,,,,,,,GLOBAL_BASELINE_NO_ENTITY_RANKING,,,NOT_APPLICABLE_GLOBAL_BASELINE,HF9g-P5,,,,X 全窗基线 · 不参与实体赏罚,14195939,1420,A168_HF9F_20260827_0900,2026-08-27 09:00:00
2026-05-19,110249610,1115,0,336.7115987111,123.9254774725,123.9254774725,0.7142857,9,9,0.50665070000000000,0.506650700000,1.098798430526454,1.098798430526454,1.098798430526454,0E-17,ELIGIBLE,R03b_20260811_FULL_v1,L1_ELIGIBILITY,v2026-08-11,2026-03-21..2026-08-06,baccarat_bet02_101_all_pairs_incl_sentinel,round_win = game_pnl > 0 (decisive only),COMPATIBILITY_ONLY_NOT_PRODUCTION,296357.1217,267511.9505,6650.6079,18220,18206,-0.02244119,-0.04150452,-0.02020951,-0.02244119,-6650.6079,296357.1217,OK,0.0000,266.0243,4.0000,96.0000,AG03-UNRESOLVED,ALL5_LEVELS_bet23_to_bet27,266.0243,266.0243,266.0243,332.5304,332.5304,4.000000,4.000000,4.000000,5.000000,5.000000,96.000000,96.000000,96.000000,95.000000,95.000000,5.0,1463.1337,1340.2688,5187.4742,5310.3391,PENDING_AG03,FALSE,NOT_FOR_ENFORCEMENT,6384.5836,256811.4724,6650.6079,6384.5836,266.0243,0.02244119,0.02154355,266.0243,6384.5836,0.02154355,266.0243,266.0243,266.0243,332.5304,332.5304,6384.5836,0.02154355,1463.1337,1340.2688,5187.4742,5310.3391,0.01750413,0.01791872,0.00089765,16.2655,14.6936,0.3653,59.3804,1.1678,2646.0457,162.5536,12.4780,16.8648,9.0895,16.5695,22.0926,29.825,33.4482,44.5976,11.8163,0.0,2.018664,2.691552,0.981654,30,240,141,4,0.10479828,0.02244119,0.04150452,0E-8,0.000000,0.902668,0.011910,-0.02129501,2026-03-22,2026-08-05,112,5695,2177,137,0.817518,0.739886,0.767145,0.349328,,,,,,,,GLOBAL_BASELINE_NO_ENTITY_RANKING,,,NOT_APPLICABLE_GLOBAL_BASELINE,HF9g-P5,,,,X 全窗基线 · 不参与实体赏罚,14195940,1420,A168_HF9F_20260827_0900,2026-08-27 09:00:00
2026-05-19,110249610,1151,0,33.4481720574,-33.4481720574,-33.4481720574,0E-7,1,1,0.50665070000000000,0.506650700000,-1.013391052207602,-1.013391052207602,-1.013391052207602,0E-17,ELIGIBLE,R03b_20260811_FULL_v1,L1_ELIGIBILITY,v2026-08-11,2026-03-21..2026-08-06,baccarat_bet02_101_all_pairs_incl_sentinel,round_win = game_pnl > 0 (decisive only),COMPATIBILITY_ONLY_NOT_PRODUCTION,296357.1217,267511.9505,6650.6079,18220,18206,-0.02244119,-0.04150452,-0.02020951,-0.02244119,-6650.6079,296357.1217,OK,0.0000,266.0243,4.0000,96.0000,AG03-UNRESOLVED,ALL5_LEVELS_bet23_to_bet27,266.0243,266.0243,266.0243,332.5304,332.5304,4.000000,4.000000,4.000000,5.000000,5.000000,96.000000,96.000000,96.000000,95.000000,95.000000,5.0,1463.1337,1340.2688,5187.4742,5310.3391,PENDING_AG03,FALSE,NOT_FOR_ENFORCEMENT,6384.5836,256811.4724,6650.6079,6384.5836,266.0243,0.02244119,0.02154355,266.0243,6384.5836,0.02154355,266.0243,266.0243,266.0243,332.5304,332.5304,6384.5836,0.02154355,1463.1337,1340.2688,5187.4742,5310.3391,0.01750413,0.01791872,0.00089765,16.2655,14.6936,0.3653,59.3804,1.1678,2646.0457,162.5536,12.4780,16.8648,9.0895,16.5695,22.0926,29.825,33.4482,44.5976,11.8163,0.0,2.018664,2.691552,0.981654,30,240,141,4,0.10479828,0.02244119,0.04150452,0E-8,0.000000,0.902668,0.011910,-0.02129501,2026-03-22,2026-08-05,112,5695,2177,137,0.817518,0.739886,0.767145,0.349328,,,,,,,,GLOBAL_BASELINE_NO_ENTITY_RANKING,,,NOT_APPLICABLE_GLOBAL_BASELINE,HF9g-P5,,,,X 全窗基线 · 不参与实体赏罚,14195941,1420,A168_HF9F_20260827_0900,2026-08-27 09:00:00
2026-05-19,110249610,1205,0,72.4710394577,-39.0228674003,-39.0228674003,0E-7,2,2,0.49324550000000000,0.493245500000,-0.9865810262130424,-0.9865810262130424,-0.9865810262130424,0E-17,ELIGIBLE,R03b_20260811_FULL_v1,L1_ELIGIBILITY,v2026-08-11,2026-03-21..2026-08-06,baccarat_bet02_101_all_pairs_incl_sentinel,round_win = game_pnl > 0 (decisive only),COMPATIBILITY_ONLY_NOT_PRODUCTION,296357.1217,267511.9505,6650.6079,18220,18206,-0.02244119,-0.04150452,-0.02020951,-0.02244119,-6650.6079,296357.1217,OK,0.0000,266.0243,4.0000,96.0000,AG03-UNRESOLVED,ALL5_LEVELS_bet23_to_bet27,266.0243,266.0243,266.0243,332.5304,332.5304,4.000000,4.000000,4.000000,5.000000,5.000000,96.000000,96.000000,96.000000,95.000000,95.000000,5.0,1463.1337,1340.2688,5187.4742,5310.3391,PENDING_AG03,FALSE,NOT_FOR_ENFORCEMENT,6384.5836,256811.4724,6650.6079,6384.5836,266.0243,0.02244119,0.02154355,266.0243,6384.5836,0.02154355,266.0243,266.0243,266.0243,332.5304,332.5304,6384.5836,0.02154355,1463.1337,1340.2688,5187.4742,5310.3391,0.01750413,0.01791872,0.00089765,16.2655,14.6936,0.3653,59.3804,1.1678,2646.0457,162.5536,12.4780,16.8648,9.0895,16.5695,22.0926,29.825,33.4482,44.5976,11.8163,0.0,2.018664,2.691552,0.981654,30,240,141,4,0.10479828,0.02244119,0.04150452,0E-8,0.000000,0.902668,0.011910,-0.02129501,2026-03-22,2026-08-05,112,5695,2177,137,0.817518,0.739886,0.767145,0.349328,,,,,,,,GLOBAL_BASELINE_NO_ENTITY_RANKING,,,NOT_APPLICABLE_GLOBAL_BASELINE,HF9g-P5,,,,X 全窗基线 · 不参与实体赏罚,14195942,1420,A168_HF9F_20260827_0900,2026-08-27 09:00:00
2026-05-19,110249610,1306,0,286.5393406250,137.1375054353,137.1375054353,0.8571429,8,8,0.49827245000000000,0.498272450000,1.8989750351471633,1.8989750351471633,1.8989750351471633,0E-17,ELIGIBLE,R03b_20260811_FULL_v1,L1_ELIGIBILITY,v2026-08-11,2026-03-21..2026-08-06,baccarat_bet02_101_all_pairs_incl_sentinel,round_win = game_pnl > 0 (decisive only),COMPATIBILITY_ONLY_NOT_PRODUCTION,296357.1217,267511.9505,6650.6079,18220,18206,-0.02244119,-0.04150452,-0.02020951,-0.02244119,-6650.6079,296357.1217,OK,0.0000,266.0243,4.0000,96.0000,AG03-UNRESOLVED,ALL5_LEVELS_bet23_to_bet27,266.0243,266.0243,266.0243,332.5304,332.5304,4.000000,4.000000,4.000000,5.000000,5.000000,96.000000,96.000000,96.000000,95.000000,95.000000,5.0,1463.1337,1340.2688,5187.4742,5310.3391,PENDING_AG03,FALSE,NOT_FOR_ENFORCEMENT,6384.5836,256811.4724,6650.6079,6384.5836,266.0243,0.02244119,0.02154355,266.0243,6384.5836,0.02154355,266.0243,266.0243,266.0243,332.5304,332.5304,6384.5836,0.02154355,1463.1337,1340.2688,5187.4742,5310.3391,0.01750413,0.01791872,0.00089765,16.2655,14.6936,0.3653,59.3804,1.1678,2646.0457,162.5536,12.4780,16.8648,9.0895,16.5695,22.0926,29.825,33.4482,44.5976,11.8163,0.0,2.018664,2.691552,0.981654,30,240,141,4,0.10479828,0.02244119,0.04150452,0E-8,0.000000,0.902668,0.011910,-0.02129501,2026-03-22,2026-08-05,112,5695,2177,137,0.817518,0.739886,0.767145,0.349328,,,,,,,,GLOBAL_BASELINE_NO_ENTITY_RANKING,,,NOT_APPLICABLE_GLOBAL_BASELINE,HF9g-P5,,,,X 全窗基线 · 不参与实体赏罚,14195943,1420,A168_HF9F_20260827_0900,2026-08-27 09:00:00
2026-05-19,110249610,1331,0,171.7006165613,-21.1280953496,-21.1280953496,0.5000000,7,7,0.50473567142857143,0.504735671429,-0.023200997840541474,-0.023200997842641315,-0.023200997840541474,-4.2857E-13,ELIGIBLE,R03b_20260811_FULL_v1,L1_ELIGIBILITY,v2026-08-11,2026-03-21..2026-08-06,baccarat_bet02_101_all_pairs_incl_sentinel,round_win = game_pnl > 0 (decisive only),COMPATIBILITY_ONLY_NOT_PRODUCTION,296357.1217,267511.9505,6650.6079,18220,18206,-0.02244119,-0.04150452,-0.02020951,-0.02244119,-6650.6079,296357.1217,OK,0.0000,266.0243,4.0000,96.0000,AG03-UNRESOLVED,ALL5_LEVELS_bet23_to_bet27,266.0243,266.0243,266.0243,332.5304,332.5304,4.000000,4.000000,4.000000,5.000000,5.000000,96.000000,96.000000,96.000000,95.000000,95.000000,5.0,1463.1337,1340.2688,5187.4742,5310.3391,PENDING_AG03,FALSE,NOT_FOR_ENFORCEMENT,6384.5836,256811.4724,6650.6079,6384.5836,266.0243,0.02244119,0.02154355,266.0243,6384.5836,0.02154355,266.0243,266.0243,266.0243,332.5304,332.5304,6384.5836,0.02154355,1463.1337,1340.2688,5187.4742,5310.3391,0.01750413,0.01791872,0.00089765,16.2655,14.6936,0.3653,59.3804,1.1678,2646.0457,162.5536,12.4780,16.8648,9.0895,16.5695,22.0926,29.825,33.4482,44.5976,11.8163,0.0,2.018664,2.691552,0.981654,30,240,141,4,0.10479828,0.02244119,0.04150452,0E-8,0.000000,0.902668,0.011910,-0.02129501,2026-03-22,2026-08-05,112,5695,2177,137,0.817518,0.739886,0.767145,0.349328,,,,,,,,GLOBAL_BASELINE_NO_ENTITY_RANKING,,,NOT_APPLICABLE_GLOBAL_BASELINE,HF9g-P5,,,,X 全窗基线 · 不参与实体赏罚,14195944,1420,A168_HF9F_20260827_0900,2026-08-27 09:00:00
2026-05-19,110249610,1353,0,61.3216487719,-61.3216487719,-61.3216487719,0E-7,2,2,0.49994810000000000,0.499948100000,-1.4140667746232096,-1.4140667746232096,-1.4140667746232096,0E-17,ELIGIBLE,R03b_20260811_FULL_v1,L1_ELIGIBILITY,v2026-08-11,2026-03-21..2026-08-06,baccarat_bet02_101_all_pairs_incl_sentinel,round_win = game_pnl > 0 (decisive only),COMPATIBILITY_ONLY_NOT_PRODUCTION,296357.1217,267511.9505,6650.6079,18220,18206,-0.02244119,-0.04150452,-0.02020951,-0.02244119,-6650.6079,296357.1217,OK,0.0000,266.0243,4.0000,96.0000,AG03-UNRESOLVED,ALL5_LEVELS_bet23_to_bet27,266.0243,266.0243,266.0243,332.5304,332.5304,4.000000,4.000000,4.000000,5.000000,5.000000,96.000000,96.000000,96.000000,95.000000,95.000000,5.0,1463.1337,1340.2688,5187.4742,5310.3391,PENDING_AG03,FALSE,NOT_FOR_ENFORCEMENT,6384.5836,256811.4724,6650.6079,6384.5836,266.0243,0.02244119,0.02154355,266.0243,6384.5836,0.02154355,266.0243,266.0243,266.0243,332.5304,332.5304,6384.5836,0.02154355,1463.1337,1340.2688,5187.4742,5310.3391,0.01750413,0.01791872,0.00089765,16.2655,14.6936,0.3653,59.3804,1.1678,2646.0457,162.5536,12.4780,16.8648,9.0895,16.5695,22.0926,29.825,33.4482,44.5976,11.8163,0.0,2.018664,2.691552,0.981654,30,240,141,4,0.10479828,0.02244119,0.04150452,0E-8,0.000000,0.902668,0.011910,-0.02129501,2026-03-22,2026-08-05,112,5695,2177,137,0.817518,0.739886,0.767145,0.349328,,,,,,,,GLOBAL_BASELINE_NO_ENTITY_RANKING,,,NOT_APPLICABLE_GLOBAL_BASELINE,HF9g-P5,,,,X 全窗基线 · 不参与实体赏罚,14195945,1420,A168_HF9F_20260827_0900,2026-08-27 09:00:00
2026-05-19,110249610,1384,0,132.6777491610,-87.5227168835,-87.5227168835,0E-7,3,3,0.49324550000000000,0.493245500000,-1.3952362676504506,-1.3952362676504506,-1.3952362676504506,0E-17,ELIGIBLE,R03b_20260811_FULL_v1,L1_ELIGIBILITY,v2026-08-11,2026-03-21..2026-08-06,baccarat_bet02_101_all_pairs_incl_sentinel,round_win = game_pnl > 0 (decisive only),COMPATIBILITY_ONLY_NOT_PRODUCTION,296357.1217,267511.9505,6650.6079,18220,18206,-0.02244119,-0.04150452,-0.02020951,-0.02244119,-6650.6079,296357.1217,OK,0.0000,266.0243,4.0000,96.0000,AG03-UNRESOLVED,ALL5_LEVELS_bet23_to_bet27,266.0243,266.0243,266.0243,332.5304,332.5304,4.000000,4.000000,4.000000,5.000000,5.000000,96.000000,96.000000,96.000000,95.000000,95.000000,5.0,1463.1337,1340.2688,5187.4742,5310.3391,PENDING_AG03,FALSE,NOT_FOR_ENFORCEMENT,6384.5836,256811.4724,6650.6079,6384.5836,266.0243,0.02244119,0.02154355,266.0243,6384.5836,0.02154355,266.0243,266.0243,266.0243,332.5304,332.5304,6384.5836,0.02154355,1463.1337,1340.2688,5187.4742,5310.3391,0.01750413,0.01791872,0.00089765,16.2655,14.6936,0.3653,59.3804,1.1678,2646.0457,162.5536,12.4780,16.8648,9.0895,16.5695,22.0926,29.825,33.4482,44.5976,11.8163,0.0,2.018664,2.691552,0.981654,30,240,141,4,0.10479828,0.02244119,0.04150452,0E-8,0.000000,0.902668,0.011910,-0.02129501,2026-03-22,2026-08-05,112,5695,2177,137,0.817518,0.739886,0.767145,0.349328,,,,,,,,GLOBAL_BASELINE_NO_ENTITY_RANKING,,,NOT_APPLICABLE_GLOBAL_BASELINE,HF9g-P5,,,,X 全窗基线 · 不参与实体赏罚,14195946,1420,A168_HF9F_20260827_0900,2026-08-27 09:00:00
2026-05-19,110249610,1399,0,128.2179928867,-13.3235218695,-13.3235218695,0.5000000,5,5,0.50128862000000000,0.501288620000,-0.0051544971185412255,-0.0051544971185412255,-0.0051544971185412255,0E-17,ELIGIBLE,R03b_20260811_FULL_v1,L1_ELIGIBILITY,v2026-08-11,2026-03-21..2026-08-06,baccarat_bet02_101_all_pairs_incl_sentinel,round_win = game_pnl > 0 (decisive only),COMPATIBILITY_ONLY_NOT_PRODUCTION,296357.1217,267511.9505,6650.6079,18220,18206,-0.02244119,-0.04150452,-0.02020951,-0.02244119,-6650.6079,296357.1217,OK,0.0000,266.0243,4.0000,96.0000,AG03-UNRESOLVED,ALL5_LEVELS_bet23_to_bet27,266.0243,266.0243,266.0243,332.5304,332.5304,4.000000,4.000000,4.000000,5.000000,5.000000,96.000000,96.000000,96.000000,95.000000,95.000000,5.0,1463.1337,1340.2688,5187.4742,5310.3391,PENDING_AG03,FALSE,NOT_FOR_ENFORCEMENT,6384.5836,256811.4724,6650.6079,6384.5836,266.0243,0.02244119,0.02154355,266.0243,6384.5836,0.02154355,266.0243,266.0243,266.0243,332.5304,332.5304,6384.5836,0.02154355,1463.1337,1340.2688,5187.4742,5310.3391,0.01750413,0.01791872,0.00089765,16.2655,14.6936,0.3653,59.3804,1.1678,2646.0457,162.5536,12.4780,16.8648,9.0895,16.5695,22.0926,29.825,33.4482,44.5976,11.8163,0.0,2.018664,2.691552,0.981654,30,240,141,4,0.10479828,0.02244119,0.04150452,0E-8,0.000000,0.902668,0.011910,-0.02129501,2026-03-22,2026-08-05,112,5695,2177,137,0.817518,0.739886,0.767145,0.349328,,,,,,,,GLOBAL_BASELINE_NO_ENTITY_RANKING,,,NOT_APPLICABLE_GLOBAL_BASELINE,HF9g-P5,,,,X 全窗基线 · 不参与实体赏罚,14195947,1420,A168_HF9F_20260827_0900,2026-08-27 09:00:00
2026-05-19,110249610,1505,0,140.4823226410,16.5791439498,16.5791439498,0.7500000,5,5,0.50665070000000000,0.506650700000,0.9734833216690844,0.9734833216690844,0.9734833216690844,0E-17,ELIGIBLE,R03b_20260811_FULL_v1,L1_ELIGIBILITY,v2026-08-11,2026-03-21..2026-08-06,baccarat_bet02_101_all_pairs_incl_sentinel,round_win = game_pnl > 0 (decisive only),COMPATIBILITY_ONLY_NOT_PRODUCTION,296357.1217,267511.9505,6650.6079,18220,18206,-0.02244119,-0.04150452,-0.02020951,-0.02244119,-6650.6079,296357.1217,OK,0.0000,266.0243,4.0000,96.0000,AG03-UNRESOLVED,ALL5_LEVELS_bet23_to_bet27,266.0243,266.0243,266.0243,332.5304,332.5304,4.000000,4.000000,4.000000,5.000000,5.000000,96.000000,96.000000,96.000000,95.000000,95.000000,5.0,1463.1337,1340.2688,5187.4742,5310.3391,PENDING_AG03,FALSE,NOT_FOR_ENFORCEMENT,6384.5836,256811.4724,6650.6079,6384.5836,266.0243,0.02244119,0.02154355,266.0243,6384.5836,0.02154355,266.0243,266.0243,266.0243,332.5304,332.5304,6384.5836,0.02154355,1463.1337,1340.2688,5187.4742,5310.3391,0.01750413,0.01791872,0.00089765,16.2655,14.6936,0.3653,59.3804,1.1678,2646.0457,162.5536,12.4780,16.8648,9.0895,16.5695,22.0926,29.825,33.4482,44.5976,11.8163,0.0,2.018664,2.691552,0.981654,30,240,141,4,0.10479828,0.02244119,0.04150452,0E-8,0.000000,0.902668,0.011910,-0.02129501,2026-03-22,2026-08-05,112,5695,2177,137,0.817518,0.739886,0.767145,0.349328,,,,,,,,GLOBAL_BASELINE_NO_ENTITY_RANKING,,,NOT_APPLICABLE_GLOBAL_BASELINE,HF9g-P5,,,,X 全窗基线 · 不参与实体赏罚,14195948,1420,A168_HF9F_20260827_0900,2026-08-27 09:00:00
2026-05-19,110249610,1507,0,66.8963441148,-66.8963441148,-66.8963441148,0E-7,2,2,0.50665070000000000,0.506650700000,-1.4331513700195317,-1.4331513700195317,-1.4331513700195317,0E-17,ELIGIBLE,R03b_20260811_FULL_v1,L1_ELIGIBILITY,v2026-08-11,2026-03-21..2026-08-06,baccarat_bet02_101_all_pairs_incl_sentinel,round_win = game_pnl > 0 (decisive only),COMPATIBILITY_ONLY_NOT_PRODUCTION,296357.1217,267511.9505,6650.6079,18220,18206,-0.02244119,-0.04150452,-0.02020951,-0.02244119,-6650.6079,296357.1217,OK,0.0000,266.0243,4.0000,96.0000,AG03-UNRESOLVED,ALL5_LEVELS_bet23_to_bet27,266.0243,266.0243,266.0243,332.5304,332.5304,4.000000,4.000000,4.000000,5.000000,5.000000,96.000000,96.000000,96.000000,95.000000,95.000000,5.0,1463.1337,1340.2688,5187.4742,5310.3391,PENDING_AG03,FALSE,NOT_FOR_ENFORCEMENT,6384.5836,256811.4724,6650.6079,6384.5836,266.0243,0.02244119,0.02154355,266.0243,6384.5836,0.02154355,266.0243,266.0243,266.0243,332.5304,332.5304,6384.5836,0.02154355,1463.1337,1340.2688,5187.4742,5310.3391,0.01750413,0.01791872,0.00089765,16.2655,14.6936,0.3653,59.3804,1.1678,2646.0457,162.5536,12.4780,16.8648,9.0895,16.5695,22.0926,29.825,33.4482,44.5976,11.8163,0.0,2.018664,2.691552,0.981654,30,240,141,4,0.10479828,0.02244119,0.04150452,0E-8,0.000000,0.902668,0.011910,-0.02129501,2026-03-22,2026-08-05,112,5695,2177,137,0.817518,0.739886,0.767145,0.349328,,,,,,,,GLOBAL_BASELINE_NO_ENTITY_RANKING,,,NOT_APPLICABLE_GLOBAL_BASELINE,HF9g-P5,,,,X 全窗基线 · 不参与实体赏罚,14195949,1420,A168_HF9F_20260827_0900,2026-08-27 09:00:00
2026-05-19,110249610,1509,0,264.7980287877,145.0256993455,145.0256993455,0.8000000,5,5,0.50665070000000000,0.506650700000,1.3120140225494112,1.3120140225494112,1.3120140225494112,0E-17,ELIGIBLE,R03b_20260811_FULL_v1,L1_ELIGIBILITY,v2026-08-11,2026-03-21..2026-08-06,baccarat_bet02_101_all_pairs_incl_sentinel,round_win = game_pnl > 0 (decisive only),COMPATIBILITY_ONLY_NOT_PRODUCTION,296357.1217,267511.9505,6650.6079,18220,18206,-0.02244119,-0.04150452,-0.02020951,-0.02244119,-6650.6079,296357.1217,OK,0.0000,266.0243,4.0000,96.0000,AG03-UNRESOLVED,ALL5_LEVELS_bet23_to_bet27,266.0243,266.0243,266.0243,332.5304,332.5304,4.000000,4.000000,4.000000,5.000000,5.000000,96.000000,96.000000,96.000000,95.000000,95.000000,5.0,1463.1337,1340.2688,5187.4742,5310.3391,PENDING_AG03,FALSE,NOT_FOR_ENFORCEMENT,6384.5836,256811.4724,6650.6079,6384.5836,266.0243,0.02244119,0.02154355,266.0243,6384.5836,0.02154355,266.0243,266.0243,266.0243,332.5304,332.5304,6384.5836,0.02154355,1463.1337,1340.2688,5187.4742,5310.3391,0.01750413,0.01791872,0.00089765,16.2655,14.6936,0.3653,59.3804,1.1678,2646.0457,162.5536,12.4780,16.8648,9.0895,16.5695,22.0926,29.825,33.4482,44.5976,11.8163,0.0,2.018664,2.691552,0.981654,30,240,141,4,0.10479828,0.02244119,0.04150452,0E-8,0.000000,0.902668,0.011910,-0.02129501,2026-03-22,2026-08-05,112,5695,2177,137,0.817518,0.739886,0.767145,0.349328,,,,,,,,GLOBAL_BASELINE_NO_ENTITY_RANKING,,,NOT_APPLICABLE_GLOBAL_BASELINE,HF9g-P5,,,,X 全窗基线 · 不参与实体赏罚,14195950,1420,A168_HF9F_20260827_0900,2026-08-27 09:00:00
2026-05-19,110249610,1623,0,211.8384230301,83.8434179571,83.8434179571,0.7500000,4,4,0.50665070000000000,0.506650700000,0.9734833216690844,0.9734833216690844,0.9734833216690844,0E-17,ELIGIBLE,R03b_20260811_FULL_v1,L1_ELIGIBILITY,v2026-08-11,2026-03-21..2026-08-06,baccarat_bet02_101_all_pairs_incl_sentinel,round_win = game_pnl > 0 (decisive only),COMPATIBILITY_ONLY_NOT_PRODUCTION,296357.1217,267511.9505,6650.6079,18220,18206,-0.02244119,-0.04150452,-0.02020951,-0.02244119,-6650.6079,296357.1217,OK,0.0000,266.0243,4.0000,96.0000,AG03-UNRESOLVED,ALL5_LEVELS_bet23_to_bet27,266.0243,266.0243,266.0243,332.5304,332.5304,4.000000,4.000000,4.000000,5.000000,5.000000,96.000000,96.000000,96.000000,95.000000,95.000000,5.0,1463.1337,1340.2688,5187.4742,5310.3391,PENDING_AG03,FALSE,NOT_FOR_ENFORCEMENT,6384.5836,256811.4724,6650.6079,6384.5836,266.0243,0.02244119,0.02154355,266.0243,6384.5836,0.02154355,266.0243,266.0243,266.0243,332.5304,332.5304,6384.5836,0.02154355,1463.1337,1340.2688,5187.4742,5310.3391,0.01750413,0.01791872,0.00089765,16.2655,14.6936,0.3653,59.3804,1.1678,2646.0457,162.5536,12.4780,16.8648,9.0895,16.5695,22.0926,29.825,33.4482,44.5976,11.8163,0.0,2.018664,2.691552,0.981654,30,240,141,4,0.10479828,0.02244119,0.04150452,0E-8,0.000000,0.902668,0.011910,-0.02129501,2026-03-22,2026-08-05,112,5695,2177,137,0.817518,0.739886,0.767145,0.349328,,,,,,,,GLOBAL_BASELINE_NO_ENTITY_RANKING,,,NOT_APPLICABLE_GLOBAL_BASELINE,HF9g-P5,,,,X 全窗基线 · 不参与实体赏罚,14195951,1420,A168_HF9F_20260827_0900,2026-08-27 09:00:00
2026-05-19,110249610,1702,0,71.3561003891,70.7986308548,70.7986308548,1.0000000,3,3,0.49771390000000000,0.497713900000,1.739988277604938,1.739988277604938,1.739988277604938,0E-17,ELIGIBLE,R03b_20260811_FULL_v1,L1_ELIGIBILITY,v2026-08-11,2026-03-21..2026-08-06,baccarat_bet02_101_all_pairs_incl_sentinel,round_win = game_pnl > 0 (decisive only),COMPATIBILITY_ONLY_NOT_PRODUCTION,296357.1217,267511.9505,6650.6079,18220,18206,-0.02244119,-0.04150452,-0.02020951,-0.02244119,-6650.6079,296357.1217,OK,0.0000,266.0243,4.0000,96.0000,AG03-UNRESOLVED,ALL5_LEVELS_bet23_to_bet27,266.0243,266.0243,266.0243,332.5304,332.5304,4.000000,4.000000,4.000000,5.000000,5.000000,96.000000,96.000000,96.000000,95.000000,95.000000,5.0,1463.1337,1340.2688,5187.4742,5310.3391,PENDING_AG03,FALSE,NOT_FOR_ENFORCEMENT,6384.5836,256811.4724,6650.6079,6384.5836,266.0243,0.02244119,0.02154355,266.0243,6384.5836,0.02154355,266.0243,266.0243,266.0243,332.5304,332.5304,6384.5836,0.02154355,1463.1337,1340.2688,5187.4742,5310.3391,0.01750413,0.01791872,0.00089765,16.2655,14.6936,0.3653,59.3804,1.1678,2646.0457,162.5536,12.4780,16.8648,9.0895,16.5695,22.0926,29.825,33.4482,44.5976,11.8163,0.0,2.018664,2.691552,0.981654,30,240,141,4,0.10479828,0.02244119,0.04150452,0E-8,0.000000,0.902668,0.011910,-0.02129501,2026-03-22,2026-08-05,112,5695,2177,137,0.817518,0.739886,0.767145,0.349328,,,,,,,,GLOBAL_BASELINE_NO_ENTITY_RANKING,,,NOT_APPLICABLE_GLOBAL_BASELINE,HF9g-P5,,,,X 全窗基线 · 不参与实体赏罚,14195952,1420,A168_HF9F_20260827_0900,2026-08-27 09:00:00
2026-05-19,110249610,1704,0,181.7350681785,-28.7096810159,-28.7096810159,0.5000000,5,5,0.50396966000000000,0.503969660000,-0.0158791404612453,-0.0158791404612453,-0.0158791404612453,0E-17,ELIGIBLE,R03b_20260811_FULL_v1,L1_ELIGIBILITY,v2026-08-11,2026-03-21..2026-08-06,baccarat_bet02_101_all_pairs_incl_sentinel,round_win = game_pnl > 0 (decisive only),COMPATIBILITY_ONLY_NOT_PRODUCTION,296357.1217,267511.9505,6650.6079,18220,18206,-0.02244119,-0.04150452,-0.02020951,-0.02244119,-6650.6079,296357.1217,OK,0.0000,266.0243,4.0000,96.0000,AG03-UNRESOLVED,ALL5_LEVELS_bet23_to_bet27,266.0243,266.0243,266.0243,332.5304,332.5304,4.000000,4.000000,4.000000,5.000000,5.000000,96.000000,96.000000,96.000000,95.000000,95.000000,5.0,1463.1337,1340.2688,5187.4742,5310.3391,PENDING_AG03,FALSE,NOT_FOR_ENFORCEMENT,6384.5836,256811.4724,6650.6079,6384.5836,266.0243,0.02244119,0.02154355,266.0243,6384.5836,0.02154355,266.0243,266.0243,266.0243,332.5304,332.5304,6384.5836,0.02154355,1463.1337,1340.2688,5187.4742,5310.3391,0.01750413,0.01791872,0.00089765,16.2655,14.6936,0.3653,59.3804,1.1678,2646.0457,162.5536,12.4780,16.8648,9.0895,16.5695,22.0926,29.825,33.4482,44.5976,11.8163,0.0,2.018664,2.691552,0.981654,30,240,141,4,0.10479828,0.02244119,0.04150452,0E-8,0.000000,0.902668,0.011910,-0.02129501,2026-03-22,2026-08-05,112,5695,2177,137,0.817518,0.739886,0.767145,0.349328,,,,,,,,GLOBAL_BASELINE_NO_ENTITY_RANKING,,,NOT_APPLICABLE_GLOBAL_BASELINE,HF9g-P5,,,,X 全窗基线 · 不参与实体赏罚,14195953,1420,A168_HF9F_20260827_0900,2026-08-27 09:00:00
2026-05-19,110249610,1710,0,55.7469534290,-55.7469534290,-55.7469534290,0E-7,2,2,0.50665070000000000,0.506650700000,-1.4331513700195317,-1.4331513700195317,-1.4331513700195317,0E-17,ELIGIBLE,R03b_20260811_FULL_v1,L1_ELIGIBILITY,v2026-08-11,2026-03-21..2026-08-06,baccarat_bet02_101_all_pairs_incl_sentinel,round_win = game_pnl > 0 (decisive only),COMPATIBILITY_ONLY_NOT_PRODUCTION,296357.1217,267511.9505,6650.6079,18220,18206,-0.02244119,-0.04150452,-0.02020951,-0.02244119,-6650.6079,296357.1217,OK,0.0000,266.0243,4.0000,96.0000,AG03-UNRESOLVED,ALL5_LEVELS_bet23_to_bet27,266.0243,266.0243,266.0243,332.5304,332.5304,4.000000,4.000000,4.000000,5.000000,5.000000,96.000000,96.000000,96.000000,95.000000,95.000000,5.0,1463.1337,1340.2688,5187.4742,5310.3391,PENDING_AG03,FALSE,NOT_FOR_ENFORCEMENT,6384.5836,256811.4724,6650.6079,6384.5836,266.0243,0.02244119,0.02154355,266.0243,6384.5836,0.02154355,266.0243,266.0243,266.0243,332.5304,332.5304,6384.5836,0.02154355,1463.1337,1340.2688,5187.4742,5310.3391,0.01750413,0.01791872,0.00089765,16.2655,14.6936,0.3653,59.3804,1.1678,2646.0457,162.5536,12.4780,16.8648,9.0895,16.5695,22.0926,29.825,33.4482,44.5976,11.8163,0.0,2.018664,2.691552,0.981654,30,240,141,4,0.10479828,0.02244119,0.04150452,0E-8,0.000000,0.902668,0.011910,-0.02129501,2026-03-22,2026-08-05,112,5695,2177,137,0.817518,0.739886,0.767145,0.349328,,,,,,,,GLOBAL_BASELINE_NO_ENTITY_RANKING,,,NOT_APPLICABLE_GLOBAL_BASELINE,HF9g-P5,,,,X 全窗基线 · 不参与实体赏罚,14195954,1420,A168_HF9F_20260827_0900,2026-08-27 09:00:00
2026-05-19,110249610,1942,0,27.8734767145,0E-10,0E-10,,1,1,0.50665070000000000,0.506650700000,,,,0E-17,NO_DECISIVE_ROUND,R03b_20260811_FULL_v1,L1_ELIGIBILITY,v2026-08-11,2026-03-21..2026-08-06,baccarat_bet02_101_all_pairs_incl_sentinel,round_win = game_pnl > 0 (decisive only),COMPATIBILITY_ONLY_NOT_PRODUCTION,296357.1217,267511.9505,6650.6079,18220,18206,-0.02244119,-0.04150452,-0.02020951,-0.02244119,-6650.6079,296357.1217,OK,0.0000,266.0243,4.0000,96.0000,AG03-UNRESOLVED,ALL5_LEVELS_bet23_to_bet27,266.0243,266.0243,266.0243,332.5304,332.5304,4.000000,4.000000,4.000000,5.000000,5.000000,96.000000,96.000000,96.000000,95.000000,95.000000,5.0,1463.1337,1340.2688,5187.4742,5310.3391,PENDING_AG03,FALSE,NOT_FOR_ENFORCEMENT,6384.5836,256811.4724,6650.6079,6384.5836,266.0243,0.02244119,0.02154355,266.0243,6384.5836,0.02154355,266.0243,266.0243,266.0243,332.5304,332.5304,6384.5836,0.02154355,1463.1337,1340.2688,5187.4742,5310.3391,0.01750413,0.01791872,0.00089765,16.2655,14.6936,0.3653,59.3804,1.1678,2646.0457,162.5536,12.4780,16.8648,9.0895,16.5695,22.0926,29.825,33.4482,44.5976,11.8163,0.0,2.018664,2.691552,0.981654,30,240,141,4,0.10479828,0.02244119,0.04150452,0E-8,0.000000,0.902668,0.011910,-0.02129501,2026-03-22,2026-08-05,112,5695,2177,137,0.817518,0.739886,0.767145,0.349328,,,,,,,,GLOBAL_BASELINE_NO_ENTITY_RANKING,,,NOT_APPLICABLE_GLOBAL_BASELINE,HF9g-P5,,,,X 全窗基线 · 不参与实体赏罚,14195955,1420,A168_HF9F_20260827_0900,2026-08-27 09:00:00
2026-05-19,110249610,1947,0,109.2640287208,-10.5919211515,-10.5919211515,0.5000000,3,3,0.50665070000000000,0.506650700000,-0.018812684590367487,-0.018812684590367487,-0.018812684590367487,0E-17,ELIGIBLE,R03b_20260811_FULL_v1,L1_ELIGIBILITY,v2026-08-11,2026-03-21..2026-08-06,baccarat_bet02_101_all_pairs_incl_sentinel,round_win = game_pnl > 0 (decisive only),COMPATIBILITY_ONLY_NOT_PRODUCTION,296357.1217,267511.9505,6650.6079,18220,18206,-0.02244119,-0.04150452,-0.02020951,-0.02244119,-6650.6079,296357.1217,OK,0.0000,266.0243,4.0000,96.0000,AG03-UNRESOLVED,ALL5_LEVELS_bet23_to_bet27,266.0243,266.0243,266.0243,332.5304,332.5304,4.000000,4.000000,4.000000,5.000000,5.000000,96.000000,96.000000,96.000000,95.000000,95.000000,5.0,1463.1337,1340.2688,5187.4742,5310.3391,PENDING_AG03,FALSE,NOT_FOR_ENFORCEMENT,6384.5836,256811.4724,6650.6079,6384.5836,266.0243,0.02244119,0.02154355,266.0243,6384.5836,0.02154355,266.0243,266.0243,266.0243,332.5304,332.5304,6384.5836,0.02154355,1463.1337,1340.2688,5187.4742,5310.3391,0.01750413,0.01791872,0.00089765,16.2655,14.6936,0.3653,59.3804,1.1678,2646.0457,162.5536,12.4780,16.8648,9.0895,16.5695,22.0926,29.825,33.4482,44.5976,11.8163,0.0,2.018664,2.691552,0.981654,30,240,141,4,0.10479828,0.02244119,0.04150452,0E-8,0.000000,0.902668,0.011910,-0.02129501,2026-03-22,2026-08-05,112,5695,2177,137,0.817518,0.739886,0.767145,0.349328,,,,,,,,GLOBAL_BASELINE_NO_ENTITY_RANKING,,,NOT_APPLICABLE_GLOBAL_BASELINE,HF9g-P5,,,,X 全窗基线 · 不参与实体赏罚,14195956,1420,A168_HF9F_20260827_0900,2026-08-27 09:00:00
2026-05-19,110249610,1957,0,226.3326309217,-16.7240860287,-16.7240860287,0.5000000,7,7,0.50090561428571429,0.500905614286,-0.00443659308478647,-0.004436593086186165,-0.00443659308478647,-2.8571E-13,ELIGIBLE,R03b_20260811_FULL_v1,L1_ELIGIBILITY,v2026-08-11,2026-03-21..2026-08-06,baccarat_bet02_101_all_pairs_incl_sentinel,round_win = game_pnl > 0 (decisive only),COMPATIBILITY_ONLY_NOT_PRODUCTION,296357.1217,267511.9505,6650.6079,18220,18206,-0.02244119,-0.04150452,-0.02020951,-0.02244119,-6650.6079,296357.1217,OK,0.0000,266.0243,4.0000,96.0000,AG03-UNRESOLVED,ALL5_LEVELS_bet23_to_bet27,266.0243,266.0243,266.0243,332.5304,332.5304,4.000000,4.000000,4.000000,5.000000,5.000000,96.000000,96.000000,96.000000,95.000000,95.000000,5.0,1463.1337,1340.2688,5187.4742,5310.3391,PENDING_AG03,FALSE,NOT_FOR_ENFORCEMENT,6384.5836,256811.4724,6650.6079,6384.5836,266.0243,0.02244119,0.02154355,266.0243,6384.5836,0.02154355,266.0243,266.0243,266.0243,332.5304,332.5304,6384.5836,0.02154355,1463.1337,1340.2688,5187.4742,5310.3391,0.01750413,0.01791872,0.00089765,16.2655,14.6936,0.3653,59.3804,1.1678,2646.0457,162.5536,12.4780,16.8648,9.0895,16.5695,22.0926,29.825,33.4482,44.5976,11.8163,0.0,2.018664,2.691552,0.981654,30,240,141,4,0.10479828,0.02244119,0.04150452,0E-8,0.000000,0.902668,0.011910,-0.02129501,2026-03-22,2026-08-05,112,5695,2177,137,0.817518,0.739886,0.767145,0.349328,,,,,,,,GLOBAL_BASELINE_NO_ENTITY_RANKING,,,NOT_APPLICABLE_GLOBAL_BASELINE,HF9g-P5,,,,X 全窗基线 · 不参与实体赏罚,14195957,1420,A168_HF9F_20260827_0900,2026-08-27 09:00:00
2026-05-19,110249610,1966,0,361.7977277541,3.9859071702,3.9859071702,0.5000000,9,9,0.50516123333333333,0.505161233333,-0.02919790032230849,-0.029197900320422594,-0.02919790032230849,3.3333E-13,ELIGIBLE,R03b_20260811_FULL_v1,L1_ELIGIBILITY,v2026-08-11,2026-03-21..2026-08-06,baccarat_bet02_101_all_pairs_incl_sentinel,round_win = game_pnl > 0 (decisive only),COMPATIBILITY_ONLY_NOT_PRODUCTION,296357.1217,267511.9505,6650.6079,18220,18206,-0.02244119,-0.04150452,-0.02020951,-0.02244119,-6650.6079,296357.1217,OK,0.0000,266.0243,4.0000,96.0000,AG03-UNRESOLVED,ALL5_LEVELS_bet23_to_bet27,266.0243,266.0243,266.0243,332.5304,332.5304,4.000000,4.000000,4.000000,5.000000,5.000000,96.000000,96.000000,96.000000,95.000000,95.000000,5.0,1463.1337,1340.2688,5187.4742,5310.3391,PENDING_AG03,FALSE,NOT_FOR_ENFORCEMENT,6384.5836,256811.4724,6650.6079,6384.5836,266.0243,0.02244119,0.02154355,266.0243,6384.5836,0.02154355,266.0243,266.0243,266.0243,332.5304,332.5304,6384.5836,0.02154355,1463.1337,1340.2688,5187.4742,5310.3391,0.01750413,0.01791872,0.00089765,16.2655,14.6936,0.3653,59.3804,1.1678,2646.0457,162.5536,12.4780,16.8648,9.0895,16.5695,22.0926,29.825,33.4482,44.5976,11.8163,0.0,2.018664,2.691552,0.981654,30,240,141,4,0.10479828,0.02244119,0.04150452,0E-8,0.000000,0.902668,0.011910,-0.02129501,2026-03-22,2026-08-05,112,5695,2177,137,0.817518,0.739886,0.767145,0.349328,,,,,,,,GLOBAL_BASELINE_NO_ENTITY_RANKING,,,NOT_APPLICABLE_GLOBAL_BASELINE,HF9g-P5,,,,X 全窗基线 · 不参与实体赏罚,14195958,1420,A168_HF9F_20260827_0900,2026-08-27 09:00:00
2026-05-19,110249610,2101,0,27.8734767145,-27.8734767145,-27.8734767145,0E-7,1,1,0.50665070000000000,0.506650700000,-1.013391052207602,-1.013391052207602,-1.013391052207602,0E-17,ELIGIBLE,R03b_20260811_FULL_v1,L1_ELIGIBILITY,v2026-08-11,2026-03-21..2026-08-06,baccarat_bet02_101_all_pairs_incl_sentinel,round_win = game_pnl > 0 (decisive only),COMPATIBILITY_ONLY_NOT_PRODUCTION,296357.1217,267511.9505,6650.6079,18220,18206,-0.02244119,-0.04150452,-0.02020951,-0.02244119,-6650.6079,296357.1217,OK,0.0000,266.0243,4.0000,96.0000,AG03-UNRESOLVED,ALL5_LEVELS_bet23_to_bet27,266.0243,266.0243,266.0243,332.5304,332.5304,4.000000,4.000000,4.000000,5.000000,5.000000,96.000000,96.000000,96.000000,95.000000,95.000000,5.0,1463.1337,1340.2688,5187.4742,5310.3391,PENDING_AG03,FALSE,NOT_FOR_ENFORCEMENT,6384.5836,256811.4724,6650.6079,6384.5836,266.0243,0.02244119,0.02154355,266.0243,6384.5836,0.02154355,266.0243,266.0243,266.0243,332.5304,332.5304,6384.5836,0.02154355,1463.1337,1340.2688,5187.4742,5310.3391,0.01750413,0.01791872,0.00089765,16.2655,14.6936,0.3653,59.3804,1.1678,2646.0457,162.5536,12.4780,16.8648,9.0895,16.5695,22.0926,29.825,33.4482,44.5976,11.8163,0.0,2.018664,2.691552,0.981654,30,240,141,4,0.10479828,0.02244119,0.04150452,0E-8,0.000000,0.902668,0.011910,-0.02129501,2026-03-22,2026-08-05,112,5695,2177,137,0.817518,0.739886,0.767145,0.349328,,,,,,,,GLOBAL_BASELINE_NO_ENTITY_RANKING,,,NOT_APPLICABLE_GLOBAL_BASELINE,HF9g-P5,,,,X 全窗基线 · 不参与实体赏罚,14195959,1420,A168_HF9F_20260827_0900,2026-08-27 09:00:00
2026-05-19,110249610,2103,0,52.4021362233,-8.9195125487,-8.9195125487,0.5000000,2,2,0.50665070000000000,0.506650700000,-0.018812684590367487,-0.018812684590367487,-0.018812684590367487,0E-17,ELIGIBLE,R03b_20260811_FULL_v1,L1_ELIGIBILITY,v2026-08-11,2026-03-21..2026-08-06,baccarat_bet02_101_all_pairs_incl_sentinel,round_win = game_pnl > 0 (decisive only),COMPATIBILITY_ONLY_NOT_PRODUCTION,296357.1217,267511.9505,6650.6079,18220,18206,-0.02244119,-0.04150452,-0.02020951,-0.02244119,-6650.6079,296357.1217,OK,0.0000,266.0243,4.0000,96.0000,AG03-UNRESOLVED,ALL5_LEVELS_bet23_to_bet27,266.0243,266.0243,266.0243,332.5304,332.5304,4.000000,4.000000,4.000000,5.000000,5.000000,96.000000,96.000000,96.000000,95.000000,95.000000,5.0,1463.1337,1340.2688,5187.4742,5310.3391,PENDING_AG03,FALSE,NOT_FOR_ENFORCEMENT,6384.5836,256811.4724,6650.6079,6384.5836,266.0243,0.02244119,0.02154355,266.0243,6384.5836,0.02154355,266.0243,266.0243,266.0243,332.5304,332.5304,6384.5836,0.02154355,1463.1337,1340.2688,5187.4742,5310.3391,0.01750413,0.01791872,0.00089765,16.2655,14.6936,0.3653,59.3804,1.1678,2646.0457,162.5536,12.4780,16.8648,9.0895,16.5695,22.0926,29.825,33.4482,44.5976,11.8163,0.0,2.018664,2.691552,0.981654,30,240,141,4,0.10479828,0.02244119,0.04150452,0E-8,0.000000,0.902668,0.011910,-0.02129501,2026-03-22,2026-08-05,112,5695,2177,137,0.817518,0.739886,0.767145,0.349328,,,,,,,,GLOBAL_BASELINE_NO_ENTITY_RANKING,,,NOT_APPLICABLE_GLOBAL_BASELINE,HF9g-P5,,,,X 全窗基线 · 不参与实体赏罚,14195960,1420,A168_HF9F_20260827_0900,2026-08-27 09:00:00
2026-05-19,110249610,2106,0,11.1493906858,11.1493906858,11.1493906858,1.0000000,1,1,0.49324550000000000,0.493245500000,1.01360149184955,1.01360149184955,1.01360149184955,0E-17,ELIGIBLE,R03b_20260811_FULL_v1,L1_ELIGIBILITY,v2026-08-11,2026-03-21..2026-08-06,baccarat_bet02_101_all_pairs_incl_sentinel,round_win = game_pnl > 0 (decisive only),COMPATIBILITY_ONLY_NOT_PRODUCTION,296357.1217,267511.9505,6650.6079,18220,18206,-0.02244119,-0.04150452,-0.02020951,-0.02244119,-6650.6079,296357.1217,OK,0.0000,266.0243,4.0000,96.0000,AG03-UNRESOLVED,ALL5_LEVELS_bet23_to_bet27,266.0243,266.0243,266.0243,332.5304,332.5304,4.000000,4.000000,4.000000,5.000000,5.000000,96.000000,96.000000,96.000000,95.000000,95.000000,5.0,1463.1337,1340.2688,5187.4742,5310.3391,PENDING_AG03,FALSE,NOT_FOR_ENFORCEMENT,6384.5836,256811.4724,6650.6079,6384.5836,266.0243,0.02244119,0.02154355,266.0243,6384.5836,0.02154355,266.0243,266.0243,266.0243,332.5304,332.5304,6384.5836,0.02154355,1463.1337,1340.2688,5187.4742,5310.3391,0.01750413,0.01791872,0.00089765,16.2655,14.6936,0.3653,59.3804,1.1678,2646.0457,162.5536,12.4780,16.8648,9.0895,16.5695,22.0926,29.825,33.4482,44.5976,11.8163,0.0,2.018664,2.691552,0.981654,30,240,141,4,0.10479828,0.02244119,0.04150452,0E-8,0.000000,0.902668,0.011910,-0.02129501,2026-03-22,2026-08-05,112,5695,2177,137,0.817518,0.739886,0.767145,0.349328,,,,,,,,GLOBAL_BASELINE_NO_ENTITY_RANKING,,,NOT_APPLICABLE_GLOBAL_BASELINE,HF9g-P5,,,,X 全窗基线 · 不参与实体赏罚,14195961,1420,A168_HF9F_20260827_0900,2026-08-27 09:00:00
2026-05-19,110249610,2108,0,50.1722580861,15.0516774258,15.0516774258,0.5000000,2,2,0.50665070000000000,0.506650700000,-0.018812684590367487,-0.018812684590367487,-0.018812684590367487,0E-17,ELIGIBLE,R03b_20260811_FULL_v1,L1_ELIGIBILITY,v2026-08-11,2026-03-21..2026-08-06,baccarat_bet02_101_all_pairs_incl_sentinel,round_win = game_pnl > 0 (decisive only),COMPATIBILITY_ONLY_NOT_PRODUCTION,296357.1217,267511.9505,6650.6079,18220,18206,-0.02244119,-0.04150452,-0.02020951,-0.02244119,-6650.6079,296357.1217,OK,0.0000,266.0243,4.0000,96.0000,AG03-UNRESOLVED,ALL5_LEVELS_bet23_to_bet27,266.0243,266.0243,266.0243,332.5304,332.5304,4.000000,4.000000,4.000000,5.000000,5.000000,96.000000,96.000000,96.000000,95.000000,95.000000,5.0,1463.1337,1340.2688,5187.4742,5310.3391,PENDING_AG03,FALSE,NOT_FOR_ENFORCEMENT,6384.5836,256811.4724,6650.6079,6384.5836,266.0243,0.02244119,0.02154355,266.0243,6384.5836,0.02154355,266.0243,266.0243,266.0243,332.5304,332.5304,6384.5836,0.02154355,1463.1337,1340.2688,5187.4742,5310.3391,0.01750413,0.01791872,0.00089765,16.2655,14.6936,0.3653,59.3804,1.1678,2646.0457,162.5536,12.4780,16.8648,9.0895,16.5695,22.0926,29.825,33.4482,44.5976,11.8163,0.0,2.018664,2.691552,0.981654,30,240,141,4,0.10479828,0.02244119,0.04150452,0E-8,0.000000,0.902668,0.011910,-0.02129501,2026-03-22,2026-08-05,112,5695,2177,137,0.817518,0.739886,0.767145,0.349328,,,,,,,,GLOBAL_BASELINE_NO_ENTITY_RANKING,,,NOT_APPLICABLE_GLOBAL_BASELINE,HF9g-P5,,,,X 全窗基线 · 不参与实体赏罚,14195962,1420,A168_HF9F_20260827_0900,2026-08-27 09:00:00
2026-05-19,110249610,2115,0,183.9649463157,-10.0344516172,-10.0344516172,0.5000000,6,6,0.50665070000000000,0.506650700000,-0.032584525537284574,-0.032584525537284574,-0.032584525537284574,0E-17,ELIGIBLE,R03b_20260811_FULL_v1,L1_ELIGIBILITY,v2026-08-11,2026-03-21..2026-08-06,baccarat_bet02_101_all_pairs_incl_sentinel,round_win = game_pnl > 0 (decisive only),COMPATIBILITY_ONLY_NOT_PRODUCTION,296357.1217,267511.9505,6650.6079,18220,18206,-0.02244119,-0.04150452,-0.02020951,-0.02244119,-6650.6079,296357.1217,OK,0.0000,266.0243,4.0000,96.0000,AG03-UNRESOLVED,ALL5_LEVELS_bet23_to_bet27,266.0243,266.0243,266.0243,332.5304,332.5304,4.000000,4.000000,4.000000,5.000000,5.000000,96.000000,96.000000,96.000000,95.000000,95.000000,5.0,1463.1337,1340.2688,5187.4742,5310.3391,PENDING_AG03,FALSE,NOT_FOR_ENFORCEMENT,6384.5836,256811.4724,6650.6079,6384.5836,266.0243,0.02244119,0.02154355,266.0243,6384.5836,0.02154355,266.0243,266.0243,266.0243,332.5304,332.5304,6384.5836,0.02154355,1463.1337,1340.2688,5187.4742,5310.3391,0.01750413,0.01791872,0.00089765,16.2655,14.6936,0.3653,59.3804,1.1678,2646.0457,162.5536,12.4780,16.8648,9.0895,16.5695,22.0926,29.825,33.4482,44.5976,11.8163,0.0,2.018664,2.691552,0.981654,30,240,141,4,0.10479828,0.02244119,0.04150452,0E-8,0.000000,0.902668,0.011910,-0.02129501,2026-03-22,2026-08-05,112,5695,2177,137,0.817518,0.739886,0.767145,0.349328,,,,,,,,GLOBAL_BASELINE_NO_ENTITY_RANKING,,,NOT_APPLICABLE_GLOBAL_BASELINE,HF9g-P5,,,,X 全窗基线 · 不参与实体赏罚,14195963,1420,A168_HF9F_20260827_0900,2026-08-27 09:00:00
2026-05-19,110249610,2117,0,44.5975627432,-44.5975627432,-44.5975627432,0E-7,1,1,0.50665070000000000,0.506650700000,-1.013391052207602,-1.013391052207602,-1.013391052207602,0E-17,ELIGIBLE,R03b_20260811_FULL_v1,L1_ELIGIBILITY,v2026-08-11,2026-03-21..2026-08-06,baccarat_bet02_101_all_pairs_incl_sentinel,round_win = game_pnl > 0 (decisive only),COMPATIBILITY_ONLY_NOT_PRODUCTION,296357.1217,267511.9505,6650.6079,18220,18206,-0.02244119,-0.04150452,-0.02020951,-0.02244119,-6650.6079,296357.1217,OK,0.0000,266.0243,4.0000,96.0000,AG03-UNRESOLVED,ALL5_LEVELS_bet23_to_bet27,266.0243,266.0243,266.0243,332.5304,332.5304,4.000000,4.000000,4.000000,5.000000,5.000000,96.000000,96.000000,96.000000,95.000000,95.000000,5.0,1463.1337,1340.2688,5187.4742,5310.3391,PENDING_AG03,FALSE,NOT_FOR_ENFORCEMENT,6384.5836,256811.4724,6650.6079,6384.5836,266.0243,0.02244119,0.02154355,266.0243,6384.5836,0.02154355,266.0243,266.0243,266.0243,332.5304,332.5304,6384.5836,0.02154355,1463.1337,1340.2688,5187.4742,5310.3391,0.01750413,0.01791872,0.00089765,16.2655,14.6936,0.3653,59.3804,1.1678,2646.0457,162.5536,12.4780,16.8648,9.0895,16.5695,22.0926,29.825,33.4482,44.5976,11.8163,0.0,2.018664,2.691552,0.981654,30,240,141,4,0.10479828,0.02244119,0.04150452,0E-8,0.000000,0.902668,0.011910,-0.02129501,2026-03-22,2026-08-05,112,5695,2177,137,0.817518,0.739886,0.767145,0.349328,,,,,,,,GLOBAL_BASELINE_NO_ENTITY_RANKING,,,NOT_APPLICABLE_GLOBAL_BASELINE,HF9g-P5,,,,X 全窗基线 · 不参与实体赏罚,14195964,1420,A168_HF9F_20260827_0900,2026-08-27 09:00:00
2026-05-19,110249610,2123,0,332.8093119711,64.9452007448,64.9452007448,0.6000000,10,10,0.49592654000000000,0.495926540000,0.6582401999711516,0.6582401999711516,0.6582401999711516,0E-17,ELIGIBLE,R03b_20260811_FULL_v1,L1_ELIGIBILITY,v2026-08-11,2026-03-21..2026-08-06,baccarat_bet02_101_all_pairs_incl_sentinel,round_win = game_pnl > 0 (decisive only),COMPATIBILITY_ONLY_NOT_PRODUCTION,296357.1217,267511.9505,6650.6079,18220,18206,-0.02244119,-0.04150452,-0.02020951,-0.02244119,-6650.6079,296357.1217,OK,0.0000,266.0243,4.0000,96.0000,AG03-UNRESOLVED,ALL5_LEVELS_bet23_to_bet27,266.0243,266.0243,266.0243,332.5304,332.5304,4.000000,4.000000,4.000000,5.000000,5.000000,96.000000,96.000000,96.000000,95.000000,95.000000,5.0,1463.1337,1340.2688,5187.4742,5310.3391,PENDING_AG03,FALSE,NOT_FOR_ENFORCEMENT,6384.5836,256811.4724,6650.6079,6384.5836,266.0243,0.02244119,0.02154355,266.0243,6384.5836,0.02154355,266.0243,266.0243,266.0243,332.5304,332.5304,6384.5836,0.02154355,1463.1337,1340.2688,5187.4742,5310.3391,0.01750413,0.01791872,0.00089765,16.2655,14.6936,0.3653,59.3804,1.1678,2646.0457,162.5536,12.4780,16.8648,9.0895,16.5695,22.0926,29.825,33.4482,44.5976,11.8163,0.0,2.018664,2.691552,0.981654,30,240,141,4,0.10479828,0.02244119,0.04150452,0E-8,0.000000,0.902668,0.011910,-0.02129501,2026-03-22,2026-08-05,112,5695,2177,137,0.817518,0.739886,0.767145,0.349328,,,,,,,,GLOBAL_BASELINE_NO_ENTITY_RANKING,,,NOT_APPLICABLE_GLOBAL_BASELINE,HF9g-P5,,,,X 全窗基线 · 不参与实体赏罚,14195965,1420,A168_HF9F_20260827_0900,2026-08-27 09:00:00
2026-05-19,110249610,2127,0,214.0683011674,102.5743943094,102.5743943094,0.7500000,5,5,0.49592654000000000,0.495926540000,1.0163275685615971,1.0163275685615971,1.0163275685615971,0E-17,ELIGIBLE,R03b_20260811_FULL_v1,L1_ELIGIBILITY,v2026-08-11,2026-03-21..2026-08-06,baccarat_bet02_101_all_pairs_incl_sentinel,round_win = game_pnl > 0 (decisive only),COMPATIBILITY_ONLY_NOT_PRODUCTION,296357.1217,267511.9505,6650.6079,18220,18206,-0.02244119,-0.04150452,-0.02020951,-0.02244119,-6650.6079,296357.1217,OK,0.0000,266.0243,4.0000,96.0000,AG03-UNRESOLVED,ALL5_LEVELS_bet23_to_bet27,266.0243,266.0243,266.0243,332.5304,332.5304,4.000000,4.000000,4.000000,5.000000,5.000000,96.000000,96.000000,96.000000,95.000000,95.000000,5.0,1463.1337,1340.2688,5187.4742,5310.3391,PENDING_AG03,FALSE,NOT_FOR_ENFORCEMENT,6384.5836,256811.4724,6650.6079,6384.5836,266.0243,0.02244119,0.02154355,266.0243,6384.5836,0.02154355,266.0243,266.0243,266.0243,332.5304,332.5304,6384.5836,0.02154355,1463.1337,1340.2688,5187.4742,5310.3391,0.01750413,0.01791872,0.00089765,16.2655,14.6936,0.3653,59.3804,1.1678,2646.0457,162.5536,12.4780,16.8648,9.0895,16.5695,22.0926,29.825,33.4482,44.5976,11.8163,0.0,2.018664,2.691552,0.981654,30,240,141,4,0.10479828,0.02244119,0.04150452,0E-8,0.000000,0.902668,0.011910,-0.02129501,2026-03-22,2026-08-05,112,5695,2177,137,0.817518,0.739886,0.767145,0.349328,,,,,,,,GLOBAL_BASELINE_NO_ENTITY_RANKING,,,NOT_APPLICABLE_GLOBAL_BASELINE,HF9g-P5,,,,X 全窗基线 · 不参与实体赏罚,14195966,1420,A168_HF9F_20260827_0900,2026-08-27 09:00:00
2026-05-19,110249610,2130,0,547.9925522070,222.3467237516,222.3467237516,0.7000000,11,11,0.50543204545454545,0.505432045455,1.2306284188260588,1.2306284188231957,1.2306284188260588,-4.5455E-13,ELIGIBLE,R03b_20260811_FULL_v1,L1_ELIGIBILITY,v2026-08-11,2026-03-21..2026-08-06,baccarat_bet02_101_all_pairs_incl_sentinel,round_win = game_pnl > 0 (decisive only),COMPATIBILITY_ONLY_NOT_PRODUCTION,296357.1217,267511.9505,6650.6079,18220,18206,-0.02244119,-0.04150452,-0.02020951,-0.02244119,-6650.6079,296357.1217,OK,0.0000,266.0243,4.0000,96.0000,AG03-UNRESOLVED,ALL5_LEVELS_bet23_to_bet27,266.0243,266.0243,266.0243,332.5304,332.5304,4.000000,4.000000,4.000000,5.000000,5.000000,96.000000,96.000000,96.000000,95.000000,95.000000,5.0,1463.1337,1340.2688,5187.4742,5310.3391,PENDING_AG03,FALSE,NOT_FOR_ENFORCEMENT,6384.5836,256811.4724,6650.6079,6384.5836,266.0243,0.02244119,0.02154355,266.0243,6384.5836,0.02154355,266.0243,266.0243,266.0243,332.5304,332.5304,6384.5836,0.02154355,1463.1337,1340.2688,5187.4742,5310.3391,0.01750413,0.01791872,0.00089765,16.2655,14.6936,0.3653,59.3804,1.1678,2646.0457,162.5536,12.4780,16.8648,9.0895,16.5695,22.0926,29.825,33.4482,44.5976,11.8163,0.0,2.018664,2.691552,0.981654,30,240,141,4,0.10479828,0.02244119,0.04150452,0E-8,0.000000,0.902668,0.011910,-0.02129501,2026-03-22,2026-08-05,112,5695,2177,137,0.817518,0.739886,0.767145,0.349328,,,,,,,,GLOBAL_BASELINE_NO_ENTITY_RANKING,,,NOT_APPLICABLE_GLOBAL_BASELINE,HF9g-P5,,,,X 全窗基线 · 不参与实体赏罚,14195967,1420,A168_HF9F_20260827_0900,2026-08-27 09:00:00
2026-05-19,110249610,2141,0,379.0792833171,110.2674738825,110.2674738825,0.6250000,9,9,0.50516123333333333,0.505161233333,0.6779465561619745,0.6779465561638555,0.6779465561619745,3.3333E-13,ELIGIBLE,R03b_20260811_FULL_v1,L1_ELIGIBILITY,v2026-08-11,2026-03-21..2026-08-06,baccarat_bet02_101_all_pairs_incl_sentinel,round_win = game_pnl > 0 (decisive only),COMPATIBILITY_ONLY_NOT_PRODUCTION,296357.1217,267511.9505,6650.6079,18220,18206,-0.02244119,-0.04150452,-0.02020951,-0.02244119,-6650.6079,296357.1217,OK,0.0000,266.0243,4.0000,96.0000,AG03-UNRESOLVED,ALL5_LEVELS_bet23_to_bet27,266.0243,266.0243,266.0243,332.5304,332.5304,4.000000,4.000000,4.000000,5.000000,5.000000,96.000000,96.000000,96.000000,95.000000,95.000000,5.0,1463.1337,1340.2688,5187.4742,5310.3391,PENDING_AG03,FALSE,NOT_FOR_ENFORCEMENT,6384.5836,256811.4724,6650.6079,6384.5836,266.0243,0.02244119,0.02154355,266.0243,6384.5836,0.02154355,266.0243,266.0243,266.0243,332.5304,332.5304,6384.5836,0.02154355,1463.1337,1340.2688,5187.4742,5310.3391,0.01750413,0.01791872,0.00089765,16.2655,14.6936,0.3653,59.3804,1.1678,2646.0457,162.5536,12.4780,16.8648,9.0895,16.5695,22.0926,29.825,33.4482,44.5976,11.8163,0.0,2.018664,2.691552,0.981654,30,240,141,4,0.10479828,0.02244119,0.04150452,0E-8,0.000000,0.902668,0.011910,-0.02129501,2026-03-22,2026-08-05,112,5695,2177,137,0.817518,0.739886,0.767145,0.349328,,,,,,,,GLOBAL_BASELINE_NO_ENTITY_RANKING,,,NOT_APPLICABLE_GLOBAL_BASELINE,HF9g-P5,,,,X 全窗基线 · 不参与实体赏罚,14195968,1420,A168_HF9F_20260827_0900,2026-08-27 09:00:00
2026-05-19,110249610,2152,0,22.2987813716,-22.2987813716,-22.2987813716,0E-7,1,1,0.49324550000000000,0.493245500000,-0.9865810262130424,-0.9865810262130424,-0.9865810262130424,0E-17,ELIGIBLE,R03b_20260811_FULL_v1,L1_ELIGIBILITY,v2026-08-11,2026-03-21..2026-08-06,baccarat_bet02_101_all_pairs_incl_sentinel,round_win = game_pnl > 0 (decisive only),COMPATIBILITY_ONLY_NOT_PRODUCTION,296357.1217,267511.9505,6650.6079,18220,18206,-0.02244119,-0.04150452,-0.02020951,-0.02244119,-6650.6079,296357.1217,OK,0.0000,266.0243,4.0000,96.0000,AG03-UNRESOLVED,ALL5_LEVELS_bet23_to_bet27,266.0243,266.0243,266.0243,332.5304,332.5304,4.000000,4.000000,4.000000,5.000000,5.000000,96.000000,96.000000,96.000000,95.000000,95.000000,5.0,1463.1337,1340.2688,5187.4742,5310.3391,PENDING_AG03,FALSE,NOT_FOR_ENFORCEMENT,6384.5836,256811.4724,6650.6079,6384.5836,266.0243,0.02244119,0.02154355,266.0243,6384.5836,0.02154355,266.0243,266.0243,266.0243,332.5304,332.5304,6384.5836,0.02154355,1463.1337,1340.2688,5187.4742,5310.3391,0.01750413,0.01791872,0.00089765,16.2655,14.6936,0.3653,59.3804,1.1678,2646.0457,162.5536,12.4780,16.8648,9.0895,16.5695,22.0926,29.825,33.4482,44.5976,11.8163,0.0,2.018664,2.691552,0.981654,30,240,141,4,0.10479828,0.02244119,0.04150452,0E-8,0.000000,0.902668,0.011910,-0.02129501,2026-03-22,2026-08-05,112,5695,2177,137,0.817518,0.739886,0.767145,0.349328,,,,,,,,GLOBAL_BASELINE_NO_ENTITY_RANKING,,,NOT_APPLICABLE_GLOBAL_BASELINE,HF9g-P5,,,,X 全窗基线 · 不参与实体赏罚,14195969,1420,A168_HF9F_20260827_0900,2026-08-27 09:00:00
2026-05-19,110249610,2153,0,66.8963441148,31.7757634545,31.7757634545,1.0000000,2,2,0.49994810000000000,0.499948100000,1.0001038053877793,1.0001038053877793,1.0001038053877793,0E-17,ELIGIBLE,R03b_20260811_FULL_v1,L1_ELIGIBILITY,v2026-08-11,2026-03-21..2026-08-06,baccarat_bet02_101_all_pairs_incl_sentinel,round_win = game_pnl > 0 (decisive only),COMPATIBILITY_ONLY_NOT_PRODUCTION,296357.1217,267511.9505,6650.6079,18220,18206,-0.02244119,-0.04150452,-0.02020951,-0.02244119,-6650.6079,296357.1217,OK,0.0000,266.0243,4.0000,96.0000,AG03-UNRESOLVED,ALL5_LEVELS_bet23_to_bet27,266.0243,266.0243,266.0243,332.5304,332.5304,4.000000,4.000000,4.000000,5.000000,5.000000,96.000000,96.000000,96.000000,95.000000,95.000000,5.0,1463.1337,1340.2688,5187.4742,5310.3391,PENDING_AG03,FALSE,NOT_FOR_ENFORCEMENT,6384.5836,256811.4724,6650.6079,6384.5836,266.0243,0.02244119,0.02154355,266.0243,6384.5836,0.02154355,266.0243,266.0243,266.0243,332.5304,332.5304,6384.5836,0.02154355,1463.1337,1340.2688,5187.4742,5310.3391,0.01750413,0.01791872,0.00089765,16.2655,14.6936,0.3653,59.3804,1.1678,2646.0457,162.5536,12.4780,16.8648,9.0895,16.5695,22.0926,29.825,33.4482,44.5976,11.8163,0.0,2.018664,2.691552,0.981654,30,240,141,4,0.10479828,0.02244119,0.04150452,0E-8,0.000000,0.902668,0.011910,-0.02129501,2026-03-22,2026-08-05,112,5695,2177,137,0.817518,0.739886,0.767145,0.349328,,,,,,,,GLOBAL_BASELINE_NO_ENTITY_RANKING,,,NOT_APPLICABLE_GLOBAL_BASELINE,HF9g-P5,,,,X 全窗基线 · 不参与实体赏罚,14195970,1420,A168_HF9F_20260827_0900,2026-08-27 09:00:00
2026-05-19,110249610,2160,0,183.9649463157,139.3673835725,139.3673835725,0.8333333,6,6,0.49324550000000000,0.493245500000,1.666235363940442,1.6662353639404415,1.666235363940442,0E-17,ELIGIBLE,R03b_20260811_FULL_v1,L1_ELIGIBILITY,v2026-08-11,2026-03-21..2026-08-06,baccarat_bet02_101_all_pairs_incl_sentinel,round_win = game_pnl > 0 (decisive only),COMPATIBILITY_ONLY_NOT_PRODUCTION,296357.1217,267511.9505,6650.6079,18220,18206,-0.02244119,-0.04150452,-0.02020951,-0.02244119,-6650.6079,296357.1217,OK,0.0000,266.0243,4.0000,96.0000,AG03-UNRESOLVED,ALL5_LEVELS_bet23_to_bet27,266.0243,266.0243,266.0243,332.5304,332.5304,4.000000,4.000000,4.000000,5.000000,5.000000,96.000000,96.000000,96.000000,95.000000,95.000000,5.0,1463.1337,1340.2688,5187.4742,5310.3391,PENDING_AG03,FALSE,NOT_FOR_ENFORCEMENT,6384.5836,256811.4724,6650.6079,6384.5836,266.0243,0.02244119,0.02154355,266.0243,6384.5836,0.02154355,266.0243,266.0243,266.0243,332.5304,332.5304,6384.5836,0.02154355,1463.1337,1340.2688,5187.4742,5310.3391,0.01750413,0.01791872,0.00089765,16.2655,14.6936,0.3653,59.3804,1.1678,2646.0457,162.5536,12.4780,16.8648,9.0895,16.5695,22.0926,29.825,33.4482,44.5976,11.8163,0.0,2.018664,2.691552,0.981654,30,240,141,4,0.10479828,0.02244119,0.04150452,0E-8,0.000000,0.902668,0.011910,-0.02129501,2026-03-22,2026-08-05,112,5695,2177,137,0.817518,0.739886,0.767145,0.349328,,,,,,,,GLOBAL_BASELINE_NO_ENTITY_RANKING,,,NOT_APPLICABLE_GLOBAL_BASELINE,HF9g-P5,,,,X 全窗基线 · 不参与实体赏罚,14195971,1420,A168_HF9F_20260827_0900,2026-08-27 09:00:00
2026-05-19,110249610,2177,0,115.9536631323,56.3044229632,56.3044229632,0.7500000,4,4,0.49659680000000000,0.496596800000,1.0136362796769356,1.0136362796769358,1.0136362796769356,0E-17,ELIGIBLE,R03b_20260811_FULL_v1,L1_ELIGIBILITY,v2026-08-11,2026-03-21..2026-08-06,baccarat_bet02_101_all_pairs_incl_sentinel,round_win = game_pnl > 0 (decisive only),COMPATIBILITY_ONLY_NOT_PRODUCTION,296357.1217,267511.9505,6650.6079,18220,18206,-0.02244119,-0.04150452,-0.02020951,-0.02244119,-6650.6079,296357.1217,OK,0.0000,266.0243,4.0000,96.0000,AG03-UNRESOLVED,ALL5_LEVELS_bet23_to_bet27,266.0243,266.0243,266.0243,332.5304,332.5304,4.000000,4.000000,4.000000,5.000000,5.000000,96.000000,96.000000,96.000000,95.000000,95.000000,5.0,1463.1337,1340.2688,5187.4742,5310.3391,PENDING_AG03,FALSE,NOT_FOR_ENFORCEMENT,6384.5836,256811.4724,6650.6079,6384.5836,266.0243,0.02244119,0.02154355,266.0243,6384.5836,0.02154355,266.0243,266.0243,266.0243,332.5304,332.5304,6384.5836,0.02154355,1463.1337,1340.2688,5187.4742,5310.3391,0.01750413,0.01791872,0.00089765,16.2655,14.6936,0.3653,59.3804,1.1678,2646.0457,162.5536,12.4780,16.8648,9.0895,16.5695,22.0926,29.825,33.4482,44.5976,11.8163,0.0,2.018664,2.691552,0.981654,30,240,141,4,0.10479828,0.02244119,0.04150452,0E-8,0.000000,0.902668,0.011910,-0.02129501,2026-03-22,2026-08-05,112,5695,2177,137,0.817518,0.739886,0.767145,0.349328,,,,,,,,GLOBAL_BASELINE_NO_ENTITY_RANKING,,,NOT_APPLICABLE_GLOBAL_BASELINE,HF9g-P5,,,,X 全窗基线 · 不参与实体赏罚,14195972,1420,A168_HF9F_20260827_0900,2026-08-27 09:00:00
2026-05-19,110249610,2188,0,99.2295771036,-32.3332329888,-32.3332329888,0.3333333,3,3,0.49771390000000000,0.497713900000,-0.5694369385616226,-0.5694369385616226,-0.5694369385616226,0E-17,ELIGIBLE,R03b_20260811_FULL_v1,L1_ELIGIBILITY,v2026-08-11,2026-03-21..2026-08-06,baccarat_bet02_101_all_pairs_incl_sentinel,round_win = game_pnl > 0 (decisive only),COMPATIBILITY_ONLY_NOT_PRODUCTION,296357.1217,267511.9505,6650.6079,18220,18206,-0.02244119,-0.04150452,-0.02020951,-0.02244119,-6650.6079,296357.1217,OK,0.0000,266.0243,4.0000,96.0000,AG03-UNRESOLVED,ALL5_LEVELS_bet23_to_bet27,266.0243,266.0243,266.0243,332.5304,332.5304,4.000000,4.000000,4.000000,5.000000,5.000000,96.000000,96.000000,96.000000,95.000000,95.000000,5.0,1463.1337,1340.2688,5187.4742,5310.3391,PENDING_AG03,FALSE,NOT_FOR_ENFORCEMENT,6384.5836,256811.4724,6650.6079,6384.5836,266.0243,0.02244119,0.02154355,266.0243,6384.5836,0.02154355,266.0243,266.0243,266.0243,332.5304,332.5304,6384.5836,0.02154355,1463.1337,1340.2688,5187.4742,5310.3391,0.01750413,0.01791872,0.00089765,16.2655,14.6936,0.3653,59.3804,1.1678,2646.0457,162.5536,12.4780,16.8648,9.0895,16.5695,22.0926,29.825,33.4482,44.5976,11.8163,0.0,2.018664,2.691552,0.981654,30,240,141,4,0.10479828,0.02244119,0.04150452,0E-8,0.000000,0.902668,0.011910,-0.02129501,2026-03-22,2026-08-05,112,5695,2177,137,0.817518,0.739886,0.767145,0.349328,,,,,,,,GLOBAL_BASELINE_NO_ENTITY_RANKING,,,NOT_APPLICABLE_GLOBAL_BASELINE,HF9g-P5,,,,X 全窗基线 · 不参与实体赏罚,14195973,1420,A168_HF9F_20260827_0900,2026-08-27 09:00:00
2026-05-19,110249610,2201,0,209.6085448930,-10.8706559186,-10.8706559186,0.6000000,5,5,0.49860758000000000,0.498607580000,0.4534424453485946,0.4534424453485946,0.4534424453485946,0E-17,ELIGIBLE,R03b_20260811_FULL_v1,L1_ELIGIBILITY,v2026-08-11,2026-03-21..2026-08-06,baccarat_bet02_101_all_pairs_incl_sentinel,round_win = game_pnl > 0 (decisive only),COMPATIBILITY_ONLY_NOT_PRODUCTION,296357.1217,267511.9505,6650.6079,18220,18206,-0.02244119,-0.04150452,-0.02020951,-0.02244119,-6650.6079,296357.1217,OK,0.0000,266.0243,4.0000,96.0000,AG03-UNRESOLVED,ALL5_LEVELS_bet23_to_bet27,266.0243,266.0243,266.0243,332.5304,332.5304,4.000000,4.000000,4.000000,5.000000,5.000000,96.000000,96.000000,96.000000,95.000000,95.000000,5.0,1463.1337,1340.2688,5187.4742,5310.3391,PENDING_AG03,FALSE,NOT_FOR_ENFORCEMENT,6384.5836,256811.4724,6650.6079,6384.5836,266.0243,0.02244119,0.02154355,266.0243,6384.5836,0.02154355,266.0243,266.0243,266.0243,332.5304,332.5304,6384.5836,0.02154355,1463.1337,1340.2688,5187.4742,5310.3391,0.01750413,0.01791872,0.00089765,16.2655,14.6936,0.3653,59.3804,1.1678,2646.0457,162.5536,12.4780,16.8648,9.0895,16.5695,22.0926,29.825,33.4482,44.5976,11.8163,0.0,2.018664,2.691552,0.981654,30,240,141,4,0.10479828,0.02244119,0.04150452,0E-8,0.000000,0.902668,0.011910,-0.02129501,2026-03-22,2026-08-05,112,5695,2177,137,0.817518,0.739886,0.767145,0.349328,,,,,,,,GLOBAL_BASELINE_NO_ENTITY_RANKING,,,NOT_APPLICABLE_GLOBAL_BASELINE,HF9g-P5,,,,X 全窗基线 · 不参与实体赏罚,14195974,1420,A168_HF9F_20260827_0900,2026-08-27 09:00:00
2026-05-19,110249610,2205,0,670.0783802165,324.3915220032,324.3915220032,0.7647059,18,18,0.50367176666666667,0.503671766667,2.152600504673246,2.1526005046705072,2.152600504673246,-3.3333E-13,ELIGIBLE,R03b_20260811_FULL_v1,L1_ELIGIBILITY,v2026-08-11,2026-03-21..2026-08-06,baccarat_bet02_101_all_pairs_incl_sentinel,round_win = game_pnl > 0 (decisive only),COMPATIBILITY_ONLY_NOT_PRODUCTION,296357.1217,267511.9505,6650.6079,18220,18206,-0.02244119,-0.04150452,-0.02020951,-0.02244119,-6650.6079,296357.1217,OK,0.0000,266.0243,4.0000,96.0000,AG03-UNRESOLVED,ALL5_LEVELS_bet23_to_bet27,266.0243,266.0243,266.0243,332.5304,332.5304,4.000000,4.000000,4.000000,5.000000,5.000000,96.000000,96.000000,96.000000,95.000000,95.000000,5.0,1463.1337,1340.2688,5187.4742,5310.3391,PENDING_AG03,FALSE,NOT_FOR_ENFORCEMENT,6384.5836,256811.4724,6650.6079,6384.5836,266.0243,0.02244119,0.02154355,266.0243,6384.5836,0.02154355,266.0243,266.0243,266.0243,332.5304,332.5304,6384.5836,0.02154355,1463.1337,1340.2688,5187.4742,5310.3391,0.01750413,0.01791872,0.00089765,16.2655,14.6936,0.3653,59.3804,1.1678,2646.0457,162.5536,12.4780,16.8648,9.0895,16.5695,22.0926,29.825,33.4482,44.5976,11.8163,0.0,2.018664,2.691552,0.981654,30,240,141,4,0.10479828,0.02244119,0.04150452,0E-8,0.000000,0.902668,0.011910,-0.02129501,2026-03-22,2026-08-05,112,5695,2177,137,0.817518,0.739886,0.767145,0.349328,,,,,,,,GLOBAL_BASELINE_NO_ENTITY_RANKING,,,NOT_APPLICABLE_GLOBAL_BASELINE,HF9g-P5,,,,X 全窗基线 · 不参与实体赏罚,14195975,1420,A168_HF9F_20260827_0900,2026-08-27 09:00:00
2026-05-19,110249610,2209,0,121.5283584752,-82.5054910749,-82.5054910749,0E-7,3,3,0.50665070000000000,0.506650700000,-1.4331513700195317,-1.4331513700195317,-1.4331513700195317,0E-17,ELIGIBLE,R03b_20260811_FULL_v1,L1_ELIGIBILITY,v2026-08-11,2026-03-21..2026-08-06,baccarat_bet02_101_all_pairs_incl_sentinel,round_win = game_pnl > 0 (decisive only),COMPATIBILITY_ONLY_NOT_PRODUCTION,296357.1217,267511.9505,6650.6079,18220,18206,-0.02244119,-0.04150452,-0.02020951,-0.02244119,-6650.6079,296357.1217,OK,0.0000,266.0243,4.0000,96.0000,AG03-UNRESOLVED,ALL5_LEVELS_bet23_to_bet27,266.0243,266.0243,266.0243,332.5304,332.5304,4.000000,4.000000,4.000000,5.000000,5.000000,96.000000,96.000000,96.000000,95.000000,95.000000,5.0,1463.1337,1340.2688,5187.4742,5310.3391,PENDING_AG03,FALSE,NOT_FOR_ENFORCEMENT,6384.5836,256811.4724,6650.6079,6384.5836,266.0243,0.02244119,0.02154355,266.0243,6384.5836,0.02154355,266.0243,266.0243,266.0243,332.5304,332.5304,6384.5836,0.02154355,1463.1337,1340.2688,5187.4742,5310.3391,0.01750413,0.01791872,0.00089765,16.2655,14.6936,0.3653,59.3804,1.1678,2646.0457,162.5536,12.4780,16.8648,9.0895,16.5695,22.0926,29.825,33.4482,44.5976,11.8163,0.0,2.018664,2.691552,0.981654,30,240,141,4,0.10479828,0.02244119,0.04150452,0E-8,0.000000,0.902668,0.011910,-0.02129501,2026-03-22,2026-08-05,112,5695,2177,137,0.817518,0.739886,0.767145,0.349328,,,,,,,,GLOBAL_BASELINE_NO_ENTITY_RANKING,,,NOT_APPLICABLE_GLOBAL_BASELINE,HF9g-P5,,,,X 全窗基线 · 不参与实体赏罚,14195976,1420,A168_HF9F_20260827_0900,2026-08-27 09:00:00
2026-05-19,110249610,2216,0,27.8734767145,-27.8734767145,-27.8734767145,0E-7,1,1,0.49324550000000000,0.493245500000,-0.9865810262130424,-0.9865810262130424,-0.9865810262130424,0E-17,ELIGIBLE,R03b_20260811_FULL_v1,L1_ELIGIBILITY,v2026-08-11,2026-03-21..2026-08-06,baccarat_bet02_101_all_pairs_incl_sentinel,round_win = game_pnl > 0 (decisive only),COMPATIBILITY_ONLY_NOT_PRODUCTION,296357.1217,267511.9505,6650.6079,18220,18206,-0.02244119,-0.04150452,-0.02020951,-0.02244119,-6650.6079,296357.1217,OK,0.0000,266.0243,4.0000,96.0000,AG03-UNRESOLVED,ALL5_LEVELS_bet23_to_bet27,266.0243,266.0243,266.0243,332.5304,332.5304,4.000000,4.000000,4.000000,5.000000,5.000000,96.000000,96.000000,96.000000,95.000000,95.000000,5.0,1463.1337,1340.2688,5187.4742,5310.3391,PENDING_AG03,FALSE,NOT_FOR_ENFORCEMENT,6384.5836,256811.4724,6650.6079,6384.5836,266.0243,0.02244119,0.02154355,266.0243,6384.5836,0.02154355,266.0243,266.0243,266.0243,332.5304,332.5304,6384.5836,0.02154355,1463.1337,1340.2688,5187.4742,5310.3391,0.01750413,0.01791872,0.00089765,16.2655,14.6936,0.3653,59.3804,1.1678,2646.0457,162.5536,12.4780,16.8648,9.0895,16.5695,22.0926,29.825,33.4482,44.5976,11.8163,0.0,2.018664,2.691552,0.981654,30,240,141,4,0.10479828,0.02244119,0.04150452,0E-8,0.000000,0.902668,0.011910,-0.02129501,2026-03-22,2026-08-05,112,5695,2177,137,0.817518,0.739886,0.767145,0.349328,,,,,,,,GLOBAL_BASELINE_NO_ENTITY_RANKING,,,NOT_APPLICABLE_GLOBAL_BASELINE,HF9g-P5,,,,X 全窗基线 · 不参与实体赏罚,14195977,1420,A168_HF9F_20260827_0900,2026-08-27 09:00:00
2026-05-19,110249610,2229,0,293.2289750365,-56.8618924975,-56.8618924975,0.4285714,8,8,0.50162375000000000,0.501623750000,-0.38655858877025023,-0.38655858877025023,-0.38655858877025023,0E-17,ELIGIBLE,R03b_20260811_FULL_v1,L1_ELIGIBILITY,v2026-08-11,2026-03-21..2026-08-06,baccarat_bet02_101_all_pairs_incl_sentinel,round_win = game_pnl > 0 (decisive only),COMPATIBILITY_ONLY_NOT_PRODUCTION,296357.1217,267511.9505,6650.6079,18220,18206,-0.02244119,-0.04150452,-0.02020951,-0.02244119,-6650.6079,296357.1217,OK,0.0000,266.0243,4.0000,96.0000,AG03-UNRESOLVED,ALL5_LEVELS_bet23_to_bet27,266.0243,266.0243,266.0243,332.5304,332.5304,4.000000,4.000000,4.000000,5.000000,5.000000,96.000000,96.000000,96.000000,95.000000,95.000000,5.0,1463.1337,1340.2688,5187.4742,5310.3391,PENDING_AG03,FALSE,NOT_FOR_ENFORCEMENT,6384.5836,256811.4724,6650.6079,6384.5836,266.0243,0.02244119,0.02154355,266.0243,6384.5836,0.02154355,266.0243,266.0243,266.0243,332.5304,332.5304,6384.5836,0.02154355,1463.1337,1340.2688,5187.4742,5310.3391,0.01750413,0.01791872,0.00089765,16.2655,14.6936,0.3653,59.3804,1.1678,2646.0457,162.5536,12.4780,16.8648,9.0895,16.5695,22.0926,29.825,33.4482,44.5976,11.8163,0.0,2.018664,2.691552,0.981654,30,240,141,4,0.10479828,0.02244119,0.04150452,0E-8,0.000000,0.902668,0.011910,-0.02129501,2026-03-22,2026-08-05,112,5695,2177,137,0.817518,0.739886,0.767145,0.349328,,,,,,,,GLOBAL_BASELINE_NO_ENTITY_RANKING,,,NOT_APPLICABLE_GLOBAL_BASELINE,HF9g-P5,,,,X 全窗基线 · 不参与实体赏罚,14195978,1420,A168_HF9F_20260827_0900,2026-08-27 09:00:00
2026-05-19,110249610,2235,0,206.2637276873,-117.0686022009,-117.0686022009,0.2000000,5,5,0.49324550000000000,0.493245500000,-1.3115534243649334,-1.3115534243649334,-1.3115534243649334,0E-17,ELIGIBLE,R03b_20260811_FULL_v1,L1_ELIGIBILITY,v2026-08-11,2026-03-21..2026-08-06,baccarat_bet02_101_all_pairs_incl_sentinel,round_win = game_pnl > 0 (decisive only),COMPATIBILITY_ONLY_NOT_PRODUCTION,296357.1217,267511.9505,6650.6079,18220,18206,-0.02244119,-0.04150452,-0.02020951,-0.02244119,-6650.6079,296357.1217,OK,0.0000,266.0243,4.0000,96.0000,AG03-UNRESOLVED,ALL5_LEVELS_bet23_to_bet27,266.0243,266.0243,266.0243,332.5304,332.5304,4.000000,4.000000,4.000000,5.000000,5.000000,96.000000,96.000000,96.000000,95.000000,95.000000,5.0,1463.1337,1340.2688,5187.4742,5310.3391,PENDING_AG03,FALSE,NOT_FOR_ENFORCEMENT,6384.5836,256811.4724,6650.6079,6384.5836,266.0243,0.02244119,0.02154355,266.0243,6384.5836,0.02154355,266.0243,266.0243,266.0243,332.5304,332.5304,6384.5836,0.02154355,1463.1337,1340.2688,5187.4742,5310.3391,0.01750413,0.01791872,0.00089765,16.2655,14.6936,0.3653,59.3804,1.1678,2646.0457,162.5536,12.4780,16.8648,9.0895,16.5695,22.0926,29.825,33.4482,44.5976,11.8163,0.0,2.018664,2.691552,0.981654,30,240,141,4,0.10479828,0.02244119,0.04150452,0E-8,0.000000,0.902668,0.011910,-0.02129501,2026-03-22,2026-08-05,112,5695,2177,137,0.817518,0.739886,0.767145,0.349328,,,,,,,,GLOBAL_BASELINE_NO_ENTITY_RANKING,,,NOT_APPLICABLE_GLOBAL_BASELINE,HF9g-P5,,,,X 全窗基线 · 不参与实体赏罚,14195979,1420,A168_HF9F_20260827_0900,2026-08-27 09:00:00
2026-05-19,110249610,2241,0,248.6314122933,-95.0485555964,-95.0485555964,0.3750000,8,8,0.50162375000000000,0.501623750000,-0.7162958754040458,-0.7162958754040458,-0.7162958754040458,0E-17,ELIGIBLE,R03b_20260811_FULL_v1,L1_ELIGIBILITY,v2026-08-11,2026-03-21..2026-08-06,baccarat_bet02_101_all_pairs_incl_sentinel,round_win = game_pnl > 0 (decisive only),COMPATIBILITY_ONLY_NOT_PRODUCTION,296357.1217,267511.9505,6650.6079,18220,18206,-0.02244119,-0.04150452,-0.02020951,-0.02244119,-6650.6079,296357.1217,OK,0.0000,266.0243,4.0000,96.0000,AG03-UNRESOLVED,ALL5_LEVELS_bet23_to_bet27,266.0243,266.0243,266.0243,332.5304,332.5304,4.000000,4.000000,4.000000,5.000000,5.000000,96.000000,96.000000,96.000000,95.000000,95.000000,5.0,1463.1337,1340.2688,5187.4742,5310.3391,PENDING_AG03,FALSE,NOT_FOR_ENFORCEMENT,6384.5836,256811.4724,6650.6079,6384.5836,266.0243,0.02244119,0.02154355,266.0243,6384.5836,0.02154355,266.0243,266.0243,266.0243,332.5304,332.5304,6384.5836,0.02154355,1463.1337,1340.2688,5187.4742,5310.3391,0.01750413,0.01791872,0.00089765,16.2655,14.6936,0.3653,59.3804,1.1678,2646.0457,162.5536,12.4780,16.8648,9.0895,16.5695,22.0926,29.825,33.4482,44.5976,11.8163,0.0,2.018664,2.691552,0.981654,30,240,141,4,0.10479828,0.02244119,0.04150452,0E-8,0.000000,0.902668,0.011910,-0.02129501,2026-03-22,2026-08-05,112,5695,2177,137,0.817518,0.739886,0.767145,0.349328,,,,,,,,GLOBAL_BASELINE_NO_ENTITY_RANKING,,,NOT_APPLICABLE_GLOBAL_BASELINE,HF9g-P5,,,,X 全窗基线 · 不参与实体赏罚,14195980,1420,A168_HF9F_20260827_0900,2026-08-27 09:00:00
2026-05-19,110249610,2242,0,217.9705879073,-33.5596659642,-33.5596659642,0.4285714,8,8,0.50665070000000000,0.506650700000,-0.4131932236838825,-0.4131932236838825,-0.4131932236838825,0E-17,ELIGIBLE,R03b_20260811_FULL_v1,L1_ELIGIBILITY,v2026-08-11,2026-03-21..2026-08-06,baccarat_bet02_101_all_pairs_incl_sentinel,round_win = game_pnl > 0 (decisive only),COMPATIBILITY_ONLY_NOT_PRODUCTION,296357.1217,267511.9505,6650.6079,18220,18206,-0.02244119,-0.04150452,-0.02020951,-0.02244119,-6650.6079,296357.1217,OK,0.0000,266.0243,4.0000,96.0000,AG03-UNRESOLVED,ALL5_LEVELS_bet23_to_bet27,266.0243,266.0243,266.0243,332.5304,332.5304,4.000000,4.000000,4.000000,5.000000,5.000000,96.000000,96.000000,96.000000,95.000000,95.000000,5.0,1463.1337,1340.2688,5187.4742,5310.3391,PENDING_AG03,FALSE,NOT_FOR_ENFORCEMENT,6384.5836,256811.4724,6650.6079,6384.5836,266.0243,0.02244119,0.02154355,266.0243,6384.5836,0.02154355,266.0243,266.0243,266.0243,332.5304,332.5304,6384.5836,0.02154355,1463.1337,1340.2688,5187.4742,5310.3391,0.01750413,0.01791872,0.00089765,16.2655,14.6936,0.3653,59.3804,1.1678,2646.0457,162.5536,12.4780,16.8648,9.0895,16.5695,22.0926,29.825,33.4482,44.5976,11.8163,0.0,2.018664,2.691552,0.981654,30,240,141,4,0.10479828,0.02244119,0.04150452,0E-8,0.000000,0.902668,0.011910,-0.02129501,2026-03-22,2026-08-05,112,5695,2177,137,0.817518,0.739886,0.767145,0.349328,,,,,,,,GLOBAL_BASELINE_NO_ENTITY_RANKING,,,NOT_APPLICABLE_GLOBAL_BASELINE,HF9g-P5,,,,X 全窗基线 · 不参与实体赏罚,14195981,1420,A168_HF9F_20260827_0900,2026-08-27 09:00:00
2026-05-19,110249610,2244,0,33.4481720574,31.7757634545,31.7757634545,1.0000000,1,1,0.50665070000000000,0.506650700000,0.9867858985152569,0.9867858985152569,0.9867858985152569,0E-17,ELIGIBLE,R03b_20260811_FULL_v1,L1_ELIGIBILITY,v2026-08-11,2026-03-21..2026-08-06,baccarat_bet02_101_all_pairs_incl_sentinel,round_win = game_pnl > 0 (decisive only),COMPATIBILITY_ONLY_NOT_PRODUCTION,296357.1217,267511.9505,6650.6079,18220,18206,-0.02244119,-0.04150452,-0.02020951,-0.02244119,-6650.6079,296357.1217,OK,0.0000,266.0243,4.0000,96.0000,AG03-UNRESOLVED,ALL5_LEVELS_bet23_to_bet27,266.0243,266.0243,266.0243,332.5304,332.5304,4.000000,4.000000,4.000000,5.000000,5.000000,96.000000,96.000000,96.000000,95.000000,95.000000,5.0,1463.1337,1340.2688,5187.4742,5310.3391,PENDING_AG03,FALSE,NOT_FOR_ENFORCEMENT,6384.5836,256811.4724,6650.6079,6384.5836,266.0243,0.02244119,0.02154355,266.0243,6384.5836,0.02154355,266.0243,266.0243,266.0243,332.5304,332.5304,6384.5836,0.02154355,1463.1337,1340.2688,5187.4742,5310.3391,0.01750413,0.01791872,0.00089765,16.2655,14.6936,0.3653,59.3804,1.1678,2646.0457,162.5536,12.4780,16.8648,9.0895,16.5695,22.0926,29.825,33.4482,44.5976,11.8163,0.0,2.018664,2.691552,0.981654,30,240,141,4,0.10479828,0.02244119,0.04150452,0E-8,0.000000,0.902668,0.011910,-0.02129501,2026-03-22,2026-08-05,112,5695,2177,137,0.817518,0.739886,0.767145,0.349328,,,,,,,,GLOBAL_BASELINE_NO_ENTITY_RANKING,,,NOT_APPLICABLE_GLOBAL_BASELINE,HF9g-P5,,,,X 全窗基线 · 不参与实体赏罚,14195982,1420,A168_HF9F_20260827_0900,2026-08-27 09:00:00
2026-05-19,110249610,2250,0,231.9073262646,-36.2355197289,-36.2355197289,0.5000000,6,6,0.50665070000000000,0.506650700000,-0.032584525537284574,-0.032584525537284574,-0.032584525537284574,0E-17,ELIGIBLE,R03b_20260811_FULL_v1,L1_ELIGIBILITY,v2026-08-11,2026-03-21..2026-08-06,baccarat_bet02_101_all_pairs_incl_sentinel,round_win = game_pnl > 0 (decisive only),COMPATIBILITY_ONLY_NOT_PRODUCTION,296357.1217,267511.9505,6650.6079,18220,18206,-0.02244119,-0.04150452,-0.02020951,-0.02244119,-6650.6079,296357.1217,OK,0.0000,266.0243,4.0000,96.0000,AG03-UNRESOLVED,ALL5_LEVELS_bet23_to_bet27,266.0243,266.0243,266.0243,332.5304,332.5304,4.000000,4.000000,4.000000,5.000000,5.000000,96.000000,96.000000,96.000000,95.000000,95.000000,5.0,1463.1337,1340.2688,5187.4742,5310.3391,PENDING_AG03,FALSE,NOT_FOR_ENFORCEMENT,6384.5836,256811.4724,6650.6079,6384.5836,266.0243,0.02244119,0.02154355,266.0243,6384.5836,0.02154355,266.0243,266.0243,266.0243,332.5304,332.5304,6384.5836,0.02154355,1463.1337,1340.2688,5187.4742,5310.3391,0.01750413,0.01791872,0.00089765,16.2655,14.6936,0.3653,59.3804,1.1678,2646.0457,162.5536,12.4780,16.8648,9.0895,16.5695,22.0926,29.825,33.4482,44.5976,11.8163,0.0,2.018664,2.691552,0.981654,30,240,141,4,0.10479828,0.02244119,0.04150452,0E-8,0.000000,0.902668,0.011910,-0.02129501,2026-03-22,2026-08-05,112,5695,2177,137,0.817518,0.739886,0.767145,0.349328,,,,,,,,GLOBAL_BASELINE_NO_ENTITY_RANKING,,,NOT_APPLICABLE_GLOBAL_BASELINE,HF9g-P5,,,,X 全窗基线 · 不参与实体赏罚,14195983,1420,A168_HF9F_20260827_0900,2026-08-27 09:00:00
2026-05-19,110249610,2251,0,195.1143370015,-55.7469534290,-55.7469534290,0.3333333,5,5,0.49324550000000000,0.493245500000,-0.5540025479526107,-0.5540025479526106,-0.5540025479526107,0E-17,ELIGIBLE,R03b_20260811_FULL_v1,L1_ELIGIBILITY,v2026-08-11,2026-03-21..2026-08-06,baccarat_bet02_101_all_pairs_incl_sentinel,round_win = game_pnl > 0 (decisive only),COMPATIBILITY_ONLY_NOT_PRODUCTION,296357.1217,267511.9505,6650.6079,18220,18206,-0.02244119,-0.04150452,-0.02020951,-0.02244119,-6650.6079,296357.1217,OK,0.0000,266.0243,4.0000,96.0000,AG03-UNRESOLVED,ALL5_LEVELS_bet23_to_bet27,266.0243,266.0243,266.0243,332.5304,332.5304,4.000000,4.000000,4.000000,5.000000,5.000000,96.000000,96.000000,96.000000,95.000000,95.000000,5.0,1463.1337,1340.2688,5187.4742,5310.3391,PENDING_AG03,FALSE,NOT_FOR_ENFORCEMENT,6384.5836,256811.4724,6650.6079,6384.5836,266.0243,0.02244119,0.02154355,266.0243,6384.5836,0.02154355,266.0243,266.0243,266.0243,332.5304,332.5304,6384.5836,0.02154355,1463.1337,1340.2688,5187.4742,5310.3391,0.01750413,0.01791872,0.00089765,16.2655,14.6936,0.3653,59.3804,1.1678,2646.0457,162.5536,12.4780,16.8648,9.0895,16.5695,22.0926,29.825,33.4482,44.5976,11.8163,0.0,2.018664,2.691552,0.981654,30,240,141,4,0.10479828,0.02244119,0.04150452,0E-8,0.000000,0.902668,0.011910,-0.02129501,2026-03-22,2026-08-05,112,5695,2177,137,0.817518,0.739886,0.767145,0.349328,,,,,,,,GLOBAL_BASELINE_NO_ENTITY_RANKING,,,NOT_APPLICABLE_GLOBAL_BASELINE,HF9g-P5,,,,X 全窗基线 · 不参与实体赏罚,14195984,1420,A168_HF9F_20260827_0900,2026-08-27 09:00:00
2026-05-19,110249610,2256,0,314.9702868738,18.2013802945,18.2013802945,0.6000000,8,8,0.50497505000000000,0.504975050000,0.42498553377578724,0.42498553377578724,0.42498553377578724,0E-17,ELIGIBLE,R03b_20260811_FULL_v1,L1_ELIGIBILITY,v2026-08-11,2026-03-21..2026-08-06,baccarat_bet02_101_all_pairs_incl_sentinel,round_win = game_pnl > 0 (decisive only),COMPATIBILITY_ONLY_NOT_PRODUCTION,296357.1217,267511.9505,6650.6079,18220,18206,-0.02244119,-0.04150452,-0.02020951,-0.02244119,-6650.6079,296357.1217,OK,0.0000,266.0243,4.0000,96.0000,AG03-UNRESOLVED,ALL5_LEVELS_bet23_to_bet27,266.0243,266.0243,266.0243,332.5304,332.5304,4.000000,4.000000,4.000000,5.000000,5.000000,96.000000,96.000000,96.000000,95.000000,95.000000,5.0,1463.1337,1340.2688,5187.4742,5310.3391,PENDING_AG03,FALSE,NOT_FOR_ENFORCEMENT,6384.5836,256811.4724,6650.6079,6384.5836,266.0243,0.02244119,0.02154355,266.0243,6384.5836,0.02154355,266.0243,266.0243,266.0243,332.5304,332.5304,6384.5836,0.02154355,1463.1337,1340.2688,5187.4742,5310.3391,0.01750413,0.01791872,0.00089765,16.2655,14.6936,0.3653,59.3804,1.1678,2646.0457,162.5536,12.4780,16.8648,9.0895,16.5695,22.0926,29.825,33.4482,44.5976,11.8163,0.0,2.018664,2.691552,0.981654,30,240,141,4,0.10479828,0.02244119,0.04150452,0E-8,0.000000,0.902668,0.011910,-0.02129501,2026-03-22,2026-08-05,112,5695,2177,137,0.817518,0.739886,0.767145,0.349328,,,,,,,,GLOBAL_BASELINE_NO_ENTITY_RANKING,,,NOT_APPLICABLE_GLOBAL_BASELINE,HF9g-P5,,,,X 全窗基线 · 不参与实体赏罚,14195985,1420,A168_HF9F_20260827_0900,2026-08-27 09:00:00
2026-05-19,110249610,2266,0,204.0338495500,-4.5991236578,-4.5991236578,0.5000000,5,5,0.50665070000000000,0.506650700000,-0.02660515369234503,-0.02660515369234503,-0.02660515369234503,0E-17,ELIGIBLE,R03b_20260811_FULL_v1,L1_ELIGIBILITY,v2026-08-11,2026-03-21..2026-08-06,baccarat_bet02_101_all_pairs_incl_sentinel,round_win = game_pnl > 0 (decisive only),COMPATIBILITY_ONLY_NOT_PRODUCTION,296357.1217,267511.9505,6650.6079,18220,18206,-0.02244119,-0.04150452,-0.02020951,-0.02244119,-6650.6079,296357.1217,OK,0.0000,266.0243,4.0000,96.0000,AG03-UNRESOLVED,ALL5_LEVELS_bet23_to_bet27,266.0243,266.0243,266.0243,332.5304,332.5304,4.000000,4.000000,4.000000,5.000000,5.000000,96.000000,96.000000,96.000000,95.000000,95.000000,5.0,1463.1337,1340.2688,5187.4742,5310.3391,PENDING_AG03,FALSE,NOT_FOR_ENFORCEMENT,6384.5836,256811.4724,6650.6079,6384.5836,266.0243,0.02244119,0.02154355,266.0243,6384.5836,0.02154355,266.0243,266.0243,266.0243,332.5304,332.5304,6384.5836,0.02154355,1463.1337,1340.2688,5187.4742,5310.3391,0.01750413,0.01791872,0.00089765,16.2655,14.6936,0.3653,59.3804,1.1678,2646.0457,162.5536,12.4780,16.8648,9.0895,16.5695,22.0926,29.825,33.4482,44.5976,11.8163,0.0,2.018664,2.691552,0.981654,30,240,141,4,0.10479828,0.02244119,0.04150452,0E-8,0.000000,0.902668,0.011910,-0.02129501,2026-03-22,2026-08-05,112,5695,2177,137,0.817518,0.739886,0.767145,0.349328,,,,,,,,GLOBAL_BASELINE_NO_ENTITY_RANKING,,,NOT_APPLICABLE_GLOBAL_BASELINE,HF9g-P5,,,,X 全窗基线 · 不参与实体赏罚,14195986,1420,A168_HF9F_20260827_0900,2026-08-27 09:00:00
2026-05-19,110249610,529,0,33.4481720574,-33.4481720574,-33.4481720574,0E-7,1,1,0.50665070000000000,0.506650700000,-1.013391052207602,-1.013391052207602,-1.013391052207602,0E-17,ELIGIBLE,R03b_20260811_FULL_v1,L1_ELIGIBILITY,v2026-08-11,2026-03-21..2026-08-06,baccarat_bet02_101_all_pairs_incl_sentinel,round_win = game_pnl > 0 (decisive only),COMPATIBILITY_ONLY_NOT_PRODUCTION,296357.1217,267511.9505,6650.6079,18220,18206,-0.02244119,-0.04150452,-0.02020951,-0.02244119,-6650.6079,296357.1217,OK,0.0000,266.0243,4.0000,96.0000,AG03-UNRESOLVED,ALL5_LEVELS_bet23_to_bet27,266.0243,266.0243,266.0243,332.5304,332.5304,4.000000,4.000000,4.000000,5.000000,5.000000,96.000000,96.000000,96.000000,95.000000,95.000000,5.0,1463.1337,1340.2688,5187.4742,5310.3391,PENDING_AG03,FALSE,NOT_FOR_ENFORCEMENT,6384.5836,256811.4724,6650.6079,6384.5836,266.0243,0.02244119,0.02154355,266.0243,6384.5836,0.02154355,266.0243,266.0243,266.0243,332.5304,332.5304,6384.5836,0.02154355,1463.1337,1340.2688,5187.4742,5310.3391,0.01750413,0.01791872,0.00089765,16.2655,14.6936,0.3653,59.3804,1.1678,2646.0457,162.5536,12.4780,16.8648,9.0895,16.5695,22.0926,29.825,33.4482,44.5976,11.8163,0.0,2.018664,2.691552,0.981654,30,240,141,4,0.10479828,0.02244119,0.04150452,0E-8,0.000000,0.902668,0.011910,-0.02129501,2026-03-22,2026-08-05,112,5695,2177,137,0.817518,0.739886,0.767145,0.349328,,,,,,,,GLOBAL_BASELINE_NO_ENTITY_RANKING,,,NOT_APPLICABLE_GLOBAL_BASELINE,HF9g-P5,,,,X 全窗基线 · 不参与实体赏罚,14195987,1420,A168_HF9F_20260827_0900,2026-08-27 09:00:00
2026-05-19,110249610,550,0,33.4481720574,-33.4481720574,-33.4481720574,0E-7,1,1,0.49324550000000000,0.493245500000,-0.9865810262130424,-0.9865810262130424,-0.9865810262130424,0E-17,ELIGIBLE,R03b_20260811_FULL_v1,L1_ELIGIBILITY,v2026-08-11,2026-03-21..2026-08-06,baccarat_bet02_101_all_pairs_incl_sentinel,round_win = game_pnl > 0 (decisive only),COMPATIBILITY_ONLY_NOT_PRODUCTION,296357.1217,267511.9505,6650.6079,18220,18206,-0.02244119,-0.04150452,-0.02020951,-0.02244119,-6650.6079,296357.1217,OK,0.0000,266.0243,4.0000,96.0000,AG03-UNRESOLVED,ALL5_LEVELS_bet23_to_bet27,266.0243,266.0243,266.0243,332.5304,332.5304,4.000000,4.000000,4.000000,5.000000,5.000000,96.000000,96.000000,96.000000,95.000000,95.000000,5.0,1463.1337,1340.2688,5187.4742,5310.3391,PENDING_AG03,FALSE,NOT_FOR_ENFORCEMENT,6384.5836,256811.4724,6650.6079,6384.5836,266.0243,0.02244119,0.02154355,266.0243,6384.5836,0.02154355,266.0243,266.0243,266.0243,332.5304,332.5304,6384.5836,0.02154355,1463.1337,1340.2688,5187.4742,5310.3391,0.01750413,0.01791872,0.00089765,16.2655,14.6936,0.3653,59.3804,1.1678,2646.0457,162.5536,12.4780,16.8648,9.0895,16.5695,22.0926,29.825,33.4482,44.5976,11.8163,0.0,2.018664,2.691552,0.981654,30,240,141,4,0.10479828,0.02244119,0.04150452,0E-8,0.000000,0.902668,0.011910,-0.02129501,2026-03-22,2026-08-05,112,5695,2177,137,0.817518,0.739886,0.767145,0.349328,,,,,,,,GLOBAL_BASELINE_NO_ENTITY_RANKING,,,NOT_APPLICABLE_GLOBAL_BASELINE,HF9g-P5,,,,X 全窗基线 · 不参与实体赏罚,14195988,1420,A168_HF9F_20260827_0900,2026-08-27 09:00:00
2026-05-19,110249610,583,0,501.1651113267,122.0858280095,122.0858280095,0.7142857,9,9,0.49324550000000000,0.493245500000,1.169741613234378,1.1697416132343783,1.169741613234378,0E-17,ELIGIBLE,R03b_20260811_FULL_v1,L1_ELIGIBILITY,v2026-08-11,2026-03-21..2026-08-06,baccarat_bet02_101_all_pairs_incl_sentinel,round_win = game_pnl > 0 (decisive only),COMPATIBILITY_ONLY_NOT_PRODUCTION,296357.1217,267511.9505,6650.6079,18220,18206,-0.02244119,-0.04150452,-0.02020951,-0.02244119,-6650.6079,296357.1217,OK,0.0000,266.0243,4.0000,96.0000,AG03-UNRESOLVED,ALL5_LEVELS_bet23_to_bet27,266.0243,266.0243,266.0243,332.5304,332.5304,4.000000,4.000000,4.000000,5.000000,5.000000,96.000000,96.000000,96.000000,95.000000,95.000000,5.0,1463.1337,1340.2688,5187.4742,5310.3391,PENDING_AG03,FALSE,NOT_FOR_ENFORCEMENT,6384.5836,256811.4724,6650.6079,6384.5836,266.0243,0.02244119,0.02154355,266.0243,6384.5836,0.02154355,266.0243,266.0243,266.0243,332.5304,332.5304,6384.5836,0.02154355,1463.1337,1340.2688,5187.4742,5310.3391,0.01750413,0.01791872,0.00089765,16.2655,14.6936,0.3653,59.3804,1.1678,2646.0457,162.5536,12.4780,16.8648,9.0895,16.5695,22.0926,29.825,33.4482,44.5976,11.8163,0.0,2.018664,2.691552,0.981654,30,240,141,4,0.10479828,0.02244119,0.04150452,0E-8,0.000000,0.902668,0.011910,-0.02129501,2026-03-22,2026-08-05,112,5695,2177,137,0.817518,0.739886,0.767145,0.349328,,,,,,,,GLOBAL_BASELINE_NO_ENTITY_RANKING,,,NOT_APPLICABLE_GLOBAL_BASELINE,HF9g-P5,,,,X 全窗基线 · 不参与实体赏罚,14195989,1420,A168_HF9F_20260827_0900,2026-08-27 09:00:00
2026-05-19,110249610,595,0,22.5217691853,-22.5217691853,-22.5217691853,0E-7,1,1,0.49324550000000000,0.493245500000,-0.9865810262130424,-0.9865810262130424,-0.9865810262130424,0E-17,ELIGIBLE,R03b_20260811_FULL_v1,L1_ELIGIBILITY,v2026-08-11,2026-03-21..2026-08-06,baccarat_bet02_101_all_pairs_incl_sentinel,round_win = game_pnl > 0 (decisive only),COMPATIBILITY_ONLY_NOT_PRODUCTION,296357.1217,267511.9505,6650.6079,18220,18206,-0.02244119,-0.04150452,-0.02020951,-0.02244119,-6650.6079,296357.1217,OK,0.0000,266.0243,4.0000,96.0000,AG03-UNRESOLVED,ALL5_LEVELS_bet23_to_bet27,266.0243,266.0243,266.0243,332.5304,332.5304,4.000000,4.000000,4.000000,5.000000,5.000000,96.000000,96.000000,96.000000,95.000000,95.000000,5.0,1463.1337,1340.2688,5187.4742,5310.3391,PENDING_AG03,FALSE,NOT_FOR_ENFORCEMENT,6384.5836,256811.4724,6650.6079,6384.5836,266.0243,0.02244119,0.02154355,266.0243,6384.5836,0.02154355,266.0243,266.0243,266.0243,332.5304,332.5304,6384.5836,0.02154355,1463.1337,1340.2688,5187.4742,5310.3391,0.01750413,0.01791872,0.00089765,16.2655,14.6936,0.3653,59.3804,1.1678,2646.0457,162.5536,12.4780,16.8648,9.0895,16.5695,22.0926,29.825,33.4482,44.5976,11.8163,0.0,2.018664,2.691552,0.981654,30,240,141,4,0.10479828,0.02244119,0.04150452,0E-8,0.000000,0.902668,0.011910,-0.02129501,2026-03-22,2026-08-05,112,5695,2177,137,0.817518,0.739886,0.767145,0.349328,,,,,,,,GLOBAL_BASELINE_NO_ENTITY_RANKING,,,NOT_APPLICABLE_GLOBAL_BASELINE,HF9g-P5,,,,X 全窗基线 · 不参与实体赏罚,14195990,1420,A168_HF9F_20260827_0900,2026-08-27 09:00:00
2026-05-19,110249610,752,0,903.6581150840,373.5045879743,373.5045879743,0.7058824,17,17,0.49718820588235294,0.497188205882,1.720963236270021,1.7209632362729381,1.720963236270021,3.5294E-13,ELIGIBLE,R03b_20260811_FULL_v1,L1_ELIGIBILITY,v2026-08-11,2026-03-21..2026-08-06,baccarat_bet02_101_all_pairs_incl_sentinel,round_win = game_pnl > 0 (decisive only),COMPATIBILITY_ONLY_NOT_PRODUCTION,296357.1217,267511.9505,6650.6079,18220,18206,-0.02244119,-0.04150452,-0.02020951,-0.02244119,-6650.6079,296357.1217,OK,0.0000,266.0243,4.0000,96.0000,AG03-UNRESOLVED,ALL5_LEVELS_bet23_to_bet27,266.0243,266.0243,266.0243,332.5304,332.5304,4.000000,4.000000,4.000000,5.000000,5.000000,96.000000,96.000000,96.000000,95.000000,95.000000,5.0,1463.1337,1340.2688,5187.4742,5310.3391,PENDING_AG03,FALSE,NOT_FOR_ENFORCEMENT,6384.5836,256811.4724,6650.6079,6384.5836,266.0243,0.02244119,0.02154355,266.0243,6384.5836,0.02154355,266.0243,266.0243,266.0243,332.5304,332.5304,6384.5836,0.02154355,1463.1337,1340.2688,5187.4742,5310.3391,0.01750413,0.01791872,0.00089765,16.2655,14.6936,0.3653,59.3804,1.1678,2646.0457,162.5536,12.4780,16.8648,9.0895,16.5695,22.0926,29.825,33.4482,44.5976,11.8163,0.0,2.018664,2.691552,0.981654,30,240,141,4,0.10479828,0.02244119,0.04150452,0E-8,0.000000,0.902668,0.011910,-0.02129501,2026-03-22,2026-08-05,112,5695,2177,137,0.817518,0.739886,0.767145,0.349328,,,,,,,,GLOBAL_BASELINE_NO_ENTITY_RANKING,,,NOT_APPLICABLE_GLOBAL_BASELINE,HF9g-P5,,,,X 全窗基线 · 不参与实体赏罚,14195991,1420,A168_HF9F_20260827_0900,2026-08-27 09:00:00
2026-05-19,110249610,763,0,113.7237849951,21.2117157798,21.2117157798,0.7500000,5,5,0.50665070000000000,0.506650700000,0.9734833216690844,0.9734833216690844,0.9734833216690844,0E-17,ELIGIBLE,R03b_20260811_FULL_v1,L1_ELIGIBILITY,v2026-08-11,2026-03-21..2026-08-06,baccarat_bet02_101_all_pairs_incl_sentinel,round_win = game_pnl > 0 (decisive only),COMPATIBILITY_ONLY_NOT_PRODUCTION,296357.1217,267511.9505,6650.6079,18220,18206,-0.02244119,-0.04150452,-0.02020951,-0.02244119,-6650.6079,296357.1217,OK,0.0000,266.0243,4.0000,96.0000,AG03-UNRESOLVED,ALL5_LEVELS_bet23_to_bet27,266.0243,266.0243,266.0243,332.5304,332.5304,4.000000,4.000000,4.000000,5.000000,5.000000,96.000000,96.000000,96.000000,95.000000,95.000000,5.0,1463.1337,1340.2688,5187.4742,5310.3391,PENDING_AG03,FALSE,NOT_FOR_ENFORCEMENT,6384.5836,256811.4724,6650.6079,6384.5836,266.0243,0.02244119,0.02154355,266.0243,6384.5836,0.02154355,266.0243,266.0243,266.0243,332.5304,332.5304,6384.5836,0.02154355,1463.1337,1340.2688,5187.4742,5310.3391,0.01750413,0.01791872,0.00089765,16.2655,14.6936,0.3653,59.3804,1.1678,2646.0457,162.5536,12.4780,16.8648,9.0895,16.5695,22.0926,29.825,33.4482,44.5976,11.8163,0.0,2.018664,2.691552,0.981654,30,240,141,4,0.10479828,0.02244119,0.04150452,0E-8,0.000000,0.902668,0.011910,-0.02129501,2026-03-22,2026-08-05,112,5695,2177,137,0.817518,0.739886,0.767145,0.349328,,,,,,,,GLOBAL_BASELINE_NO_ENTITY_RANKING,,,NOT_APPLICABLE_GLOBAL_BASELINE,HF9g-P5,,,,X 全窗基线 · 不参与实体赏罚,14195992,1420,A168_HF9F_20260827_0900,2026-08-27 09:00:00
2026-05-19,110249610,789,0,122.6432975438,22.2987813716,22.2987813716,0.6666667,4,4,0.49324550000000000,0.493245500000,0.6008033672792107,0.6008033672792106,0.6008033672792107,0E-17,ELIGIBLE,R03b_20260811_FULL_v1,L1_ELIGIBILITY,v2026-08-11,2026-03-21..2026-08-06,baccarat_bet02_101_all_pairs_incl_sentinel,round_win = game_pnl > 0 (decisive only),COMPATIBILITY_ONLY_NOT_PRODUCTION,296357.1217,267511.9505,6650.6079,18220,18206,-0.02244119,-0.04150452,-0.02020951,-0.02244119,-6650.6079,296357.1217,OK,0.0000,266.0243,4.0000,96.0000,AG03-UNRESOLVED,ALL5_LEVELS_bet23_to_bet27,266.0243,266.0243,266.0243,332.5304,332.5304,4.000000,4.000000,4.000000,5.000000,5.000000,96.000000,96.000000,96.000000,95.000000,95.000000,5.0,1463.1337,1340.2688,5187.4742,5310.3391,PENDING_AG03,FALSE,NOT_FOR_ENFORCEMENT,6384.5836,256811.4724,6650.6079,6384.5836,266.0243,0.02244119,0.02154355,266.0243,6384.5836,0.02154355,266.0243,266.0243,266.0243,332.5304,332.5304,6384.5836,0.02154355,1463.1337,1340.2688,5187.4742,5310.3391,0.01750413,0.01791872,0.00089765,16.2655,14.6936,0.3653,59.3804,1.1678,2646.0457,162.5536,12.4780,16.8648,9.0895,16.5695,22.0926,29.825,33.4482,44.5976,11.8163,0.0,2.018664,2.691552,0.981654,30,240,141,4,0.10479828,0.02244119,0.04150452,0E-8,0.000000,0.902668,0.011910,-0.02129501,2026-03-22,2026-08-05,112,5695,2177,137,0.817518,0.739886,0.767145,0.349328,,,,,,,,GLOBAL_BASELINE_NO_ENTITY_RANKING,,,NOT_APPLICABLE_GLOBAL_BASELINE,HF9g-P5,,,,X 全窗基线 · 不参与实体赏罚,14195993,1420,A168_HF9F_20260827_0900,2026-08-27 09:00:00
2026-05-19,110249610,919,0,122.6432975438,-45.9912365789,-45.9912365789,0.2500000,5,5,0.50396966000000000,0.503969660000,-1.01591065835228,-1.0159106583522801,-1.01591065835228,0E-17,ELIGIBLE,R03b_20260811_FULL_v1,L1_ELIGIBILITY,v2026-08-11,2026-03-21..2026-08-06,baccarat_bet02_101_all_pairs_incl_sentinel,round_win = game_pnl > 0 (decisive only),COMPATIBILITY_ONLY_NOT_PRODUCTION,296357.1217,267511.9505,6650.6079,18220,18206,-0.02244119,-0.04150452,-0.02020951,-0.02244119,-6650.6079,296357.1217,OK,0.0000,266.0243,4.0000,96.0000,AG03-UNRESOLVED,ALL5_LEVELS_bet23_to_bet27,266.0243,266.0243,266.0243,332.5304,332.5304,4.000000,4.000000,4.000000,5.000000,5.000000,96.000000,96.000000,96.000000,95.000000,95.000000,5.0,1463.1337,1340.2688,5187.4742,5310.3391,PENDING_AG03,FALSE,NOT_FOR_ENFORCEMENT,6384.5836,256811.4724,6650.6079,6384.5836,266.0243,0.02244119,0.02154355,266.0243,6384.5836,0.02154355,266.0243,266.0243,266.0243,332.5304,332.5304,6384.5836,0.02154355,1463.1337,1340.2688,5187.4742,5310.3391,0.01750413,0.01791872,0.00089765,16.2655,14.6936,0.3653,59.3804,1.1678,2646.0457,162.5536,12.4780,16.8648,9.0895,16.5695,22.0926,29.825,33.4482,44.5976,11.8163,0.0,2.018664,2.691552,0.981654,30,240,141,4,0.10479828,0.02244119,0.04150452,0E-8,0.000000,0.902668,0.011910,-0.02129501,2026-03-22,2026-08-05,112,5695,2177,137,0.817518,0.739886,0.767145,0.349328,,,,,,,,GLOBAL_BASELINE_NO_ENTITY_RANKING,,,NOT_APPLICABLE_GLOBAL_BASELINE,HF9g-P5,,,,X 全窗基线 · 不参与实体赏罚,14195994,1420,A168_HF9F_20260827_0900,2026-08-27 09:00:00
2026-05-19,110249610,948,0,128.2179928867,-66.8963441148,-66.8963441148,0E-7,4,4,0.49994810000000000,0.499948100000,-1.4140667746232096,-1.4140667746232096,-1.4140667746232096,0E-17,ELIGIBLE,R03b_20260811_FULL_v1,L1_ELIGIBILITY,v2026-08-11,2026-03-21..2026-08-06,baccarat_bet02_101_all_pairs_incl_sentinel,round_win = game_pnl > 0 (decisive only),COMPATIBILITY_ONLY_NOT_PRODUCTION,296357.1217,267511.9505,6650.6079,18220,18206,-0.02244119,-0.04150452,-0.02020951,-0.02244119,-6650.6079,296357.1217,OK,0.0000,266.0243,4.0000,96.0000,AG03-UNRESOLVED,ALL5_LEVELS_bet23_to_bet27,266.0243,266.0243,266.0243,332.5304,332.5304,4.000000,4.000000,4.000000,5.000000,5.000000,96.000000,96.000000,96.000000,95.000000,95.000000,5.0,1463.1337,1340.2688,5187.4742,5310.3391,PENDING_AG03,FALSE,NOT_FOR_ENFORCEMENT,6384.5836,256811.4724,6650.6079,6384.5836,266.0243,0.02244119,0.02154355,266.0243,6384.5836,0.02154355,266.0243,266.0243,266.0243,332.5304,332.5304,6384.5836,0.02154355,1463.1337,1340.2688,5187.4742,5310.3391,0.01750413,0.01791872,0.00089765,16.2655,14.6936,0.3653,59.3804,1.1678,2646.0457,162.5536,12.4780,16.8648,9.0895,16.5695,22.0926,29.825,33.4482,44.5976,11.8163,0.0,2.018664,2.691552,0.981654,30,240,141,4,0.10479828,0.02244119,0.04150452,0E-8,0.000000,0.902668,0.011910,-0.02129501,2026-03-22,2026-08-05,112,5695,2177,137,0.817518,0.739886,0.767145,0.349328,,,,,,,,GLOBAL_BASELINE_NO_ENTITY_RANKING,,,NOT_APPLICABLE_GLOBAL_BASELINE,HF9g-P5,,,,X 全窗基线 · 不参与实体赏罚,14195995,1420,A168_HF9F_20260827_0900,2026-08-27 09:00:00
2026-05-19,110249610,970,0,484.9984948324,95.4945312238,95.4945312238,0.5625000,16,16,0.50497505000000000,0.504975050000,0.4602223826050495,0.4602223826050495,0.4602223826050495,0E-17,ELIGIBLE,R03b_20260811_FULL_v1,L1_ELIGIBILITY,v2026-08-11,2026-03-21..2026-08-06,baccarat_bet02_101_all_pairs_incl_sentinel,round_win = game_pnl > 0 (decisive only),COMPATIBILITY_ONLY_NOT_PRODUCTION,296357.1217,267511.9505,6650.6079,18220,18206,-0.02244119,-0.04150452,-0.02020951,-0.02244119,-6650.6079,296357.1217,OK,0.0000,266.0243,4.0000,96.0000,AG03-UNRESOLVED,ALL5_LEVELS_bet23_to_bet27,266.0243,266.0243,266.0243,332.5304,332.5304,4.000000,4.000000,4.000000,5.000000,5.000000,96.000000,96.000000,96.000000,95.000000,95.000000,5.0,1463.1337,1340.2688,5187.4742,5310.3391,PENDING_AG03,FALSE,NOT_FOR_ENFORCEMENT,6384.5836,256811.4724,6650.6079,6384.5836,266.0243,0.02244119,0.02154355,266.0243,6384.5836,0.02154355,266.0243,266.0243,266.0243,332.5304,332.5304,6384.5836,0.02154355,1463.1337,1340.2688,5187.4742,5310.3391,0.01750413,0.01791872,0.00089765,16.2655,14.6936,0.3653,59.3804,1.1678,2646.0457,162.5536,12.4780,16.8648,9.0895,16.5695,22.0926,29.825,33.4482,44.5976,11.8163,0.0,2.018664,2.691552,0.981654,30,240,141,4,0.10479828,0.02244119,0.04150452,0E-8,0.000000,0.902668,0.011910,-0.02129501,2026-03-22,2026-08-05,112,5695,2177,137,0.817518,0.739886,0.767145,0.349328,,,,,,,,GLOBAL_BASELINE_NO_ENTITY_RANKING,,,NOT_APPLICABLE_GLOBAL_BASELINE,HF9g-P5,,,,X 全窗基线 · 不参与实体赏罚,14195996,1420,A168_HF9F_20260827_0900,2026-08-27 09:00:00
2026-05-19,110249610,987,0,170.5856774927,20.7378666755,20.7378666755,0.5000000,4,4,0.50665070000000000,0.506650700000,-0.02660515369234503,-0.02660515369234503,-0.02660515369234503,0E-17,ELIGIBLE,R03b_20260811_FULL_v1,L1_ELIGIBILITY,v2026-08-11,2026-03-21..2026-08-06,baccarat_bet02_101_all_pairs_incl_sentinel,round_win = game_pnl > 0 (decisive only),COMPATIBILITY_ONLY_NOT_PRODUCTION,296357.1217,267511.9505,6650.6079,18220,18206,-0.02244119,-0.04150452,-0.02020951,-0.02244119,-6650.6079,296357.1217,OK,0.0000,266.0243,4.0000,96.0000,AG03-UNRESOLVED,ALL5_LEVELS_bet23_to_bet27,266.0243,266.0243,266.0243,332.5304,332.5304,4.000000,4.000000,4.000000,5.000000,5.000000,96.000000,96.000000,96.000000,95.000000,95.000000,5.0,1463.1337,1340.2688,5187.4742,5310.3391,PENDING_AG03,FALSE,NOT_FOR_ENFORCEMENT,6384.5836,256811.4724,6650.6079,6384.5836,266.0243,0.02244119,0.02154355,266.0243,6384.5836,0.02154355,266.0243,266.0243,266.0243,332.5304,332.5304,6384.5836,0.02154355,1463.1337,1340.2688,5187.4742,5310.3391,0.01750413,0.01791872,0.00089765,16.2655,14.6936,0.3653,59.3804,1.1678,2646.0457,162.5536,12.4780,16.8648,9.0895,16.5695,22.0926,29.825,33.4482,44.5976,11.8163,0.0,2.018664,2.691552,0.981654,30,240,141,4,0.10479828,0.02244119,0.04150452,0E-8,0.000000,0.902668,0.011910,-0.02129501,2026-03-22,2026-08-05,112,5695,2177,137,0.817518,0.739886,0.767145,0.349328,,,,,,,,GLOBAL_BASELINE_NO_ENTITY_RANKING,,,NOT_APPLICABLE_GLOBAL_BASELINE,HF9g-P5,,,,X 全窗基线 · 不参与实体赏罚,14195997,1420,A168_HF9F_20260827_0900,2026-08-27 09:00:00
2026-05-19,110249610,994,0,27.8734767145,-27.8734767145,-27.8734767145,0E-7,1,1,0.49324550000000000,0.493245500000,-0.9865810262130424,-0.9865810262130424,-0.9865810262130424,0E-17,ELIGIBLE,R03b_20260811_FULL_v1,L1_ELIGIBILITY,v2026-08-11,2026-03-21..2026-08-06,baccarat_bet02_101_all_pairs_incl_sentinel,round_win = game_pnl > 0 (decisive only),COMPATIBILITY_ONLY_NOT_PRODUCTION,296357.1217,267511.9505,6650.6079,18220,18206,-0.02244119,-0.04150452,-0.02020951,-0.02244119,-6650.6079,296357.1217,OK,0.0000,266.0243,4.0000,96.0000,AG03-UNRESOLVED,ALL5_LEVELS_bet23_to_bet27,266.0243,266.0243,266.0243,332.5304,332.5304,4.000000,4.000000,4.000000,5.000000,5.000000,96.000000,96.000000,96.000000,95.000000,95.000000,5.0,1463.1337,1340.2688,5187.4742,5310.3391,PENDING_AG03,FALSE,NOT_FOR_ENFORCEMENT,6384.5836,256811.4724,6650.6079,6384.5836,266.0243,0.02244119,0.02154355,266.0243,6384.5836,0.02154355,266.0243,266.0243,266.0243,332.5304,332.5304,6384.5836,0.02154355,1463.1337,1340.2688,5187.4742,5310.3391,0.01750413,0.01791872,0.00089765,16.2655,14.6936,0.3653,59.3804,1.1678,2646.0457,162.5536,12.4780,16.8648,9.0895,16.5695,22.0926,29.825,33.4482,44.5976,11.8163,0.0,2.018664,2.691552,0.981654,30,240,141,4,0.10479828,0.02244119,0.04150452,0E-8,0.000000,0.902668,0.011910,-0.02129501,2026-03-22,2026-08-05,112,5695,2177,137,0.817518,0.739886,0.767145,0.349328,,,,,,,,GLOBAL_BASELINE_NO_ENTITY_RANKING,,,NOT_APPLICABLE_GLOBAL_BASELINE,HF9g-P5,,,,X 全窗基线 · 不参与实体赏罚,14195998,1420,A168_HF9F_20260827_0900,2026-08-27 09:00:00
2026-05-20,110249610,-1,1,963.5303430668,67.1193319287,67.1193319287,0.5454545,37,37,0.50012925135135135,0.500129251351,0.5207480002962591,0.5207480003002957,0.5207480002962591,3.5135E-13,SENTINEL_DEALER,R03b_20260811_FULL_v1,L1_ELIGIBILITY,v2026-08-11,2026-03-21..2026-08-06,baccarat_bet02_101_all_pairs_incl_sentinel,round_win = game_pnl > 0 (decisive only),COMPATIBILITY_ONLY_NOT_PRODUCTION,296357.1217,267511.9505,6650.6079,18220,18206,-0.02244119,-0.04150452,-0.02020951,-0.02244119,-6650.6079,296357.1217,OK,0.0000,266.0243,4.0000,96.0000,AG03-UNRESOLVED,ALL5_LEVELS_bet23_to_bet27,266.0243,266.0243,266.0243,332.5304,332.5304,4.000000,4.000000,4.000000,5.000000,5.000000,96.000000,96.000000,96.000000,95.000000,95.000000,5.0,1463.1337,1340.2688,5187.4742,5310.3391,PENDING_AG03,FALSE,NOT_FOR_ENFORCEMENT,6384.5836,256811.4724,6650.6079,6384.5836,266.0243,0.02244119,0.02154355,266.0243,6384.5836,0.02154355,266.0243,266.0243,266.0243,332.5304,332.5304,6384.5836,0.02154355,1463.1337,1340.2688,5187.4742,5310.3391,0.01750413,0.01791872,0.00089765,16.2655,14.6936,0.3653,59.3804,1.1678,2646.0457,162.5536,12.4780,16.8648,9.0895,16.5695,22.0926,29.825,33.4482,44.5976,11.8163,0.0,2.018664,2.691552,0.981654,30,240,141,4,0.10479828,0.02244119,0.04150452,0E-8,0.000000,0.902668,0.011910,-0.02129501,2026-03-22,2026-08-05,112,5695,2177,137,0.817518,0.739886,0.767145,0.349328,,,,,,,,GLOBAL_BASELINE_NO_ENTITY_RANKING,,,NOT_APPLICABLE_GLOBAL_BASELINE,HF9g-P5,,,,X 全窗基线 · 不参与实体赏罚,14195999,1420,A168_HF9F_20260827_0900,2026-08-27 09:00:00
2026-05-20,110249610,1078,0,56.8618924976,-28.9884157831,-28.9884157831,0.3333333,4,4,0.49659680000000000,0.496596800000,-0.5655743394288276,-0.5655743394288276,-0.5655743394288276,0E-17,ELIGIBLE,R03b_20260811_FULL_v1,L1_ELIGIBILITY,v2026-08-11,2026-03-21..2026-08-06,baccarat_bet02_101_all_pairs_incl_sentinel,round_win = game_pnl > 0 (decisive only),COMPATIBILITY_ONLY_NOT_PRODUCTION,296357.1217,267511.9505,6650.6079,18220,18206,-0.02244119,-0.04150452,-0.02020951,-0.02244119,-6650.6079,296357.1217,OK,0.0000,266.0243,4.0000,96.0000,AG03-UNRESOLVED,ALL5_LEVELS_bet23_to_bet27,266.0243,266.0243,266.0243,332.5304,332.5304,4.000000,4.000000,4.000000,5.000000,5.000000,96.000000,96.000000,96.000000,95.000000,95.000000,5.0,1463.1337,1340.2688,5187.4742,5310.3391,PENDING_AG03,FALSE,NOT_FOR_ENFORCEMENT,6384.5836,256811.4724,6650.6079,6384.5836,266.0243,0.02244119,0.02154355,266.0243,6384.5836,0.02154355,266.0243,266.0243,266.0243,332.5304,332.5304,6384.5836,0.02154355,1463.1337,1340.2688,5187.4742,5310.3391,0.01750413,0.01791872,0.00089765,16.2655,14.6936,0.3653,59.3804,1.1678,2646.0457,162.5536,12.4780,16.8648,9.0895,16.5695,22.0926,29.825,33.4482,44.5976,11.8163,0.0,2.018664,2.691552,0.981654,30,240,141,4,0.10479828,0.02244119,0.04150452,0E-8,0.000000,0.902668,0.011910,-0.02129501,2026-03-22,2026-08-05,112,5695,2177,137,0.817518,0.739886,0.767145,0.349328,,,,,,,,GLOBAL_BASELINE_NO_ENTITY_RANKING,,,NOT_APPLICABLE_GLOBAL_BASELINE,HF9g-P5,,,,X 全窗基线 · 不参与实体赏罚,14196000,1420,A168_HF9F_20260827_0900,2026-08-27 09:00:00
2026-05-20,110249610,1115,0,5.5746953429,-5.5746953429,-5.5746953429,0E-7,1,1,0.49324550000000000,0.493245500000,-0.9865810262130424,-0.9865810262130424,-0.9865810262130424,0E-17,ELIGIBLE,R03b_20260811_FULL_v1,L1_ELIGIBILITY,v2026-08-11,2026-03-21..2026-08-06,baccarat_bet02_101_all_pairs_incl_sentinel,round_win = game_pnl > 0 (decisive only),COMPATIBILITY_ONLY_NOT_PRODUCTION,296357.1217,267511.9505,6650.6079,18220,18206,-0.02244119,-0.04150452,-0.02020951,-0.02244119,-6650.6079,296357.1217,OK,0.0000,266.0243,4.0000,96.0000,AG03-UNRESOLVED,ALL5_LEVELS_bet23_to_bet27,266.0243,266.0243,266.0243,332.5304,332.5304,4.000000,4.000000,4.000000,5.000000,5.000000,96.000000,96.000000,96.000000,95.000000,95.000000,5.0,1463.1337,1340.2688,5187.4742,5310.3391,PENDING_AG03,FALSE,NOT_FOR_ENFORCEMENT,6384.5836,256811.4724,6650.6079,6384.5836,266.0243,0.02244119,0.02154355,266.0243,6384.5836,0.02154355,266.0243,266.0243,266.0243,332.5304,332.5304,6384.5836,0.02154355,1463.1337,1340.2688,5187.4742,5310.3391,0.01750413,0.01791872,0.00089765,16.2655,14.6936,0.3653,59.3804,1.1678,2646.0457,162.5536,12.4780,16.8648,9.0895,16.5695,22.0926,29.825,33.4482,44.5976,11.8163,0.0,2.018664,2.691552,0.981654,30,240,141,4,0.10479828,0.02244119,0.04150452,0E-8,0.000000,0.902668,0.011910,-0.02129501,2026-03-22,2026-08-05,112,5695,2177,137,0.817518,0.739886,0.767145,0.349328,,,,,,,,GLOBAL_BASELINE_NO_ENTITY_RANKING,,,NOT_APPLICABLE_GLOBAL_BASELINE,HF9g-P5,,,,X 全窗基线 · 不参与实体赏罚,14196001,1420,A168_HF9F_20260827_0900,2026-08-27 09:00:00
2026-05-20,110249610,1210,0,521.3455084679,123.0892731712,123.0892731712,0.7142857,17,17,0.49324550000000000,0.493245500000,1.6542644539082412,1.6542644539082412,1.6542644539082412,0E-17,ELIGIBLE,R03b_20260811_FULL_v1,L1_ELIGIBILITY,v2026-08-11,2026-03-21..2026-08-06,baccarat_bet02_101_all_pairs_incl_sentinel,round_win = game_pnl > 0 (decisive only),COMPATIBILITY_ONLY_NOT_PRODUCTION,296357.1217,267511.9505,6650.6079,18220,18206,-0.02244119,-0.04150452,-0.02020951,-0.02244119,-6650.6079,296357.1217,OK,0.0000,266.0243,4.0000,96.0000,AG03-UNRESOLVED,ALL5_LEVELS_bet23_to_bet27,266.0243,266.0243,266.0243,332.5304,332.5304,4.000000,4.000000,4.000000,5.000000,5.000000,96.000000,96.000000,96.000000,95.000000,95.000000,5.0,1463.1337,1340.2688,5187.4742,5310.3391,PENDING_AG03,FALSE,NOT_FOR_ENFORCEMENT,6384.5836,256811.4724,6650.6079,6384.5836,266.0243,0.02244119,0.02154355,266.0243,6384.5836,0.02154355,266.0243,266.0243,266.0243,332.5304,332.5304,6384.5836,0.02154355,1463.1337,1340.2688,5187.4742,5310.3391,0.01750413,0.01791872,0.00089765,16.2655,14.6936,0.3653,59.3804,1.1678,2646.0457,162.5536,12.4780,16.8648,9.0895,16.5695,22.0926,29.825,33.4482,44.5976,11.8163,0.0,2.018664,2.691552,0.981654,30,240,141,4,0.10479828,0.02244119,0.04150452,0E-8,0.000000,0.902668,0.011910,-0.02129501,2026-03-22,2026-08-05,112,5695,2177,137,0.817518,0.739886,0.767145,0.349328,,,,,,,,GLOBAL_BASELINE_NO_ENTITY_RANKING,,,NOT_APPLICABLE_GLOBAL_BASELINE,HF9g-P5,,,,X 全窗基线 · 不参与实体赏罚,14196002,1420,A168_HF9F_20260827_0900,2026-08-27 09:00:00
2026-05-20,110249610,1304,0,124.9846695878,38.9894192282,38.9894192282,0.7500000,5,5,0.50665070000000000,0.506650700000,0.9734833216690844,0.9734833216690844,0.9734833216690844,0E-17,ELIGIBLE,R03b_20260811_FULL_v1,L1_ELIGIBILITY,v2026-08-11,2026-03-21..2026-08-06,baccarat_bet02_101_all_pairs_incl_sentinel,round_win = game_pnl > 0 (decisive only),COMPATIBILITY_ONLY_NOT_PRODUCTION,296357.1217,267511.9505,6650.6079,18220,18206,-0.02244119,-0.04150452,-0.02020951,-0.02244119,-6650.6079,296357.1217,OK,0.0000,266.0243,4.0000,96.0000,AG03-UNRESOLVED,ALL5_LEVELS_bet23_to_bet27,266.0243,266.0243,266.0243,332.5304,332.5304,4.000000,4.000000,4.000000,5.000000,5.000000,96.000000,96.000000,96.000000,95.000000,95.000000,5.0,1463.1337,1340.2688,5187.4742,5310.3391,PENDING_AG03,FALSE,NOT_FOR_ENFORCEMENT,6384.5836,256811.4724,6650.6079,6384.5836,266.0243,0.02244119,0.02154355,266.0243,6384.5836,0.02154355,266.0243,266.0243,266.0243,332.5304,332.5304,6384.5836,0.02154355,1463.1337,1340.2688,5187.4742,5310.3391,0.01750413,0.01791872,0.00089765,16.2655,14.6936,0.3653,59.3804,1.1678,2646.0457,162.5536,12.4780,16.8648,9.0895,16.5695,22.0926,29.825,33.4482,44.5976,11.8163,0.0,2.018664,2.691552,0.981654,30,240,141,4,0.10479828,0.02244119,0.04150452,0E-8,0.000000,0.902668,0.011910,-0.02129501,2026-03-22,2026-08-05,112,5695,2177,137,0.817518,0.739886,0.767145,0.349328,,,,,,,,GLOBAL_BASELINE_NO_ENTITY_RANKING,,,NOT_APPLICABLE_GLOBAL_BASELINE,HF9g-P5,,,,X 全窗基线 · 不参与实体赏罚,14196003,1420,A168_HF9F_20260827_0900,2026-08-27 09:00:00
2026-05-20,110249610,1353,0,59.4262523554,10.7981848791,10.7981848791,0.7500000,4,4,0.50665070000000000,0.506650700000,0.9734833216690844,0.9734833216690844,0.9734833216690844,0E-17,ELIGIBLE,R03b_20260811_FULL_v1,L1_ELIGIBILITY,v2026-08-11,2026-03-21..2026-08-06,baccarat_bet02_101_all_pairs_incl_sentinel,round_win = game_pnl > 0 (decisive only),COMPATIBILITY_ONLY_NOT_PRODUCTION,296357.1217,267511.9505,6650.6079,18220,18206,-0.02244119,-0.04150452,-0.02020951,-0.02244119,-6650.6079,296357.1217,OK,0.0000,266.0243,4.0000,96.0000,AG03-UNRESOLVED,ALL5_LEVELS_bet23_to_bet27,266.0243,266.0243,266.0243,332.5304,332.5304,4.000000,4.000000,4.000000,5.000000,5.000000,96.000000,96.000000,96.000000,95.000000,95.000000,5.0,1463.1337,1340.2688,5187.4742,5310.3391,PENDING_AG03,FALSE,NOT_FOR_ENFORCEMENT,6384.5836,256811.4724,6650.6079,6384.5836,266.0243,0.02244119,0.02154355,266.0243,6384.5836,0.02154355,266.0243,266.0243,266.0243,332.5304,332.5304,6384.5836,0.02154355,1463.1337,1340.2688,5187.4742,5310.3391,0.01750413,0.01791872,0.00089765,16.2655,14.6936,0.3653,59.3804,1.1678,2646.0457,162.5536,12.4780,16.8648,9.0895,16.5695,22.0926,29.825,33.4482,44.5976,11.8163,0.0,2.018664,2.691552,0.981654,30,240,141,4,0.10479828,0.02244119,0.04150452,0E-8,0.000000,0.902668,0.011910,-0.02129501,2026-03-22,2026-08-05,112,5695,2177,137,0.817518,0.739886,0.767145,0.349328,,,,,,,,GLOBAL_BASELINE_NO_ENTITY_RANKING,,,NOT_APPLICABLE_GLOBAL_BASELINE,HF9g-P5,,,,X 全窗基线 · 不参与实体赏罚,14196004,1420,A168_HF9F_20260827_0900,2026-08-27 09:00:00
2026-05-20,110249610,1385,0,16.7240860287,-16.7240860287,-16.7240860287,0E-7,1,1,0.49324550000000000,0.493245500000,-0.9865810262130424,-0.9865810262130424,-0.9865810262130424,0E-17,ELIGIBLE,R03b_20260811_FULL_v1,L1_ELIGIBILITY,v2026-08-11,2026-03-21..2026-08-06,baccarat_bet02_101_all_pairs_incl_sentinel,round_win = game_pnl > 0 (decisive only),COMPATIBILITY_ONLY_NOT_PRODUCTION,296357.1217,267511.9505,6650.6079,18220,18206,-0.02244119,-0.04150452,-0.02020951,-0.02244119,-6650.6079,296357.1217,OK,0.0000,266.0243,4.0000,96.0000,AG03-UNRESOLVED,ALL5_LEVELS_bet23_to_bet27,266.0243,266.0243,266.0243,332.5304,332.5304,4.000000,4.000000,4.000000,5.000000,5.000000,96.000000,96.000000,96.000000,95.000000,95.000000,5.0,1463.1337,1340.2688,5187.4742,5310.3391,PENDING_AG03,FALSE,NOT_FOR_ENFORCEMENT,6384.5836,256811.4724,6650.6079,6384.5836,266.0243,0.02244119,0.02154355,266.0243,6384.5836,0.02154355,266.0243,266.0243,266.0243,332.5304,332.5304,6384.5836,0.02154355,1463.1337,1340.2688,5187.4742,5310.3391,0.01750413,0.01791872,0.00089765,16.2655,14.6936,0.3653,59.3804,1.1678,2646.0457,162.5536,12.4780,16.8648,9.0895,16.5695,22.0926,29.825,33.4482,44.5976,11.8163,0.0,2.018664,2.691552,0.981654,30,240,141,4,0.10479828,0.02244119,0.04150452,0E-8,0.000000,0.902668,0.011910,-0.02129501,2026-03-22,2026-08-05,112,5695,2177,137,0.817518,0.739886,0.767145,0.349328,,,,,,,,GLOBAL_BASELINE_NO_ENTITY_RANKING,,,NOT_APPLICABLE_GLOBAL_BASELINE,HF9g-P5,,,,X 全窗基线 · 不参与实体赏罚,14196005,1420,A168_HF9F_20260827_0900,2026-08-27 09:00:00
2026-05-20,110249610,1400,0,22.8562509059,-17.2815555630,-17.2815555630,0E-7,2,2,0.49324550000000000,0.493245500000,-0.9865810262130424,-0.9865810262130424,-0.9865810262130424,0E-17,ELIGIBLE,R03b_20260811_FULL_v1,L1_ELIGIBILITY,v2026-08-11,2026-03-21..2026-08-06,baccarat_bet02_101_all_pairs_incl_sentinel,round_win = game_pnl > 0 (decisive only),COMPATIBILITY_ONLY_NOT_PRODUCTION,296357.1217,267511.9505,6650.6079,18220,18206,-0.02244119,-0.04150452,-0.02020951,-0.02244119,-6650.6079,296357.1217,OK,0.0000,266.0243,4.0000,96.0000,AG03-UNRESOLVED,ALL5_LEVELS_bet23_to_bet27,266.0243,266.0243,266.0243,332.5304,332.5304,4.000000,4.000000,4.000000,5.000000,5.000000,96.000000,96.000000,96.000000,95.000000,95.000000,5.0,1463.1337,1340.2688,5187.4742,5310.3391,PENDING_AG03,FALSE,NOT_FOR_ENFORCEMENT,6384.5836,256811.4724,6650.6079,6384.5836,266.0243,0.02244119,0.02154355,266.0243,6384.5836,0.02154355,266.0243,266.0243,266.0243,332.5304,332.5304,6384.5836,0.02154355,1463.1337,1340.2688,5187.4742,5310.3391,0.01750413,0.01791872,0.00089765,16.2655,14.6936,0.3653,59.3804,1.1678,2646.0457,162.5536,12.4780,16.8648,9.0895,16.5695,22.0926,29.825,33.4482,44.5976,11.8163,0.0,2.018664,2.691552,0.981654,30,240,141,4,0.10479828,0.02244119,0.04150452,0E-8,0.000000,0.902668,0.011910,-0.02129501,2026-03-22,2026-08-05,112,5695,2177,137,0.817518,0.739886,0.767145,0.349328,,,,,,,,GLOBAL_BASELINE_NO_ENTITY_RANKING,,,NOT_APPLICABLE_GLOBAL_BASELINE,HF9g-P5,,,,X 全窗基线 · 不参与实体赏罚,14196006,1420,A168_HF9F_20260827_0900,2026-08-27 09:00:00
2026-05-20,110249610,1509,0,284.3094624879,-50.1722580861,-50.1722580861,0.5000000,5,5,0.49324550000000000,0.493245500000,0.027020465636507562,0.027020465636507562,0.027020465636507562,0E-17,ELIGIBLE,R03b_20260811_FULL_v1,L1_ELIGIBILITY,v2026-08-11,2026-03-21..2026-08-06,baccarat_bet02_101_all_pairs_incl_sentinel,round_win = game_pnl > 0 (decisive only),COMPATIBILITY_ONLY_NOT_PRODUCTION,296357.1217,267511.9505,6650.6079,18220,18206,-0.02244119,-0.04150452,-0.02020951,-0.02244119,-6650.6079,296357.1217,OK,0.0000,266.0243,4.0000,96.0000,AG03-UNRESOLVED,ALL5_LEVELS_bet23_to_bet27,266.0243,266.0243,266.0243,332.5304,332.5304,4.000000,4.000000,4.000000,5.000000,5.000000,96.000000,96.000000,96.000000,95.000000,95.000000,5.0,1463.1337,1340.2688,5187.4742,5310.3391,PENDING_AG03,FALSE,NOT_FOR_ENFORCEMENT,6384.5836,256811.4724,6650.6079,6384.5836,266.0243,0.02244119,0.02154355,266.0243,6384.5836,0.02154355,266.0243,266.0243,266.0243,332.5304,332.5304,6384.5836,0.02154355,1463.1337,1340.2688,5187.4742,5310.3391,0.01750413,0.01791872,0.00089765,16.2655,14.6936,0.3653,59.3804,1.1678,2646.0457,162.5536,12.4780,16.8648,9.0895,16.5695,22.0926,29.825,33.4482,44.5976,11.8163,0.0,2.018664,2.691552,0.981654,30,240,141,4,0.10479828,0.02244119,0.04150452,0E-8,0.000000,0.902668,0.011910,-0.02129501,2026-03-22,2026-08-05,112,5695,2177,137,0.817518,0.739886,0.767145,0.349328,,,,,,,,GLOBAL_BASELINE_NO_ENTITY_RANKING,,,NOT_APPLICABLE_GLOBAL_BASELINE,HF9g-P5,,,,X 全窗基线 · 不参与实体赏罚,14196007,1420,A168_HF9F_20260827_0900,2026-08-27 09:00:00
2026-05-20,110249610,1645,0,34.4516172191,-11.4838724063,-11.4838724063,0.5000000,2,2,0.49324550000000000,0.493245500000,0.01910635448239258,0.01910635448239258,0.01910635448239258,0E-17,ELIGIBLE,R03b_20260811_FULL_v1,L1_ELIGIBILITY,v2026-08-11,2026-03-21..2026-08-06,baccarat_bet02_101_all_pairs_incl_sentinel,round_win = game_pnl > 0 (decisive only),COMPATIBILITY_ONLY_NOT_PRODUCTION,296357.1217,267511.9505,6650.6079,18220,18206,-0.02244119,-0.04150452,-0.02020951,-0.02244119,-6650.6079,296357.1217,OK,0.0000,266.0243,4.0000,96.0000,AG03-UNRESOLVED,ALL5_LEVELS_bet23_to_bet27,266.0243,266.0243,266.0243,332.5304,332.5304,4.000000,4.000000,4.000000,5.000000,5.000000,96.000000,96.000000,96.000000,95.000000,95.000000,5.0,1463.1337,1340.2688,5187.4742,5310.3391,PENDING_AG03,FALSE,NOT_FOR_ENFORCEMENT,6384.5836,256811.4724,6650.6079,6384.5836,266.0243,0.02244119,0.02154355,266.0243,6384.5836,0.02154355,266.0243,266.0243,266.0243,332.5304,332.5304,6384.5836,0.02154355,1463.1337,1340.2688,5187.4742,5310.3391,0.01750413,0.01791872,0.00089765,16.2655,14.6936,0.3653,59.3804,1.1678,2646.0457,162.5536,12.4780,16.8648,9.0895,16.5695,22.0926,29.825,33.4482,44.5976,11.8163,0.0,2.018664,2.691552,0.981654,30,240,141,4,0.10479828,0.02244119,0.04150452,0E-8,0.000000,0.902668,0.011910,-0.02129501,2026-03-22,2026-08-05,112,5695,2177,137,0.817518,0.739886,0.767145,0.349328,,,,,,,,GLOBAL_BASELINE_NO_ENTITY_RANKING,,,NOT_APPLICABLE_GLOBAL_BASELINE,HF9g-P5,,,,X 全窗基线 · 不参与实体赏罚,14196008,1420,A168_HF9F_20260827_0900,2026-08-27 09:00:00
2026-05-20,110249610,1951,0,66.5618623942,-21.7413118373,-21.7413118373,0.5000000,3,3,0.50665070000000000,0.506650700000,-0.018812684590367487,-0.018812684590367487,-0.018812684590367487,0E-17,ELIGIBLE,R03b_20260811_FULL_v1,L1_ELIGIBILITY,v2026-08-11,2026-03-21..2026-08-06,baccarat_bet02_101_all_pairs_incl_sentinel,round_win = game_pnl > 0 (decisive only),COMPATIBILITY_ONLY_NOT_PRODUCTION,296357.1217,267511.9505,6650.6079,18220,18206,-0.02244119,-0.04150452,-0.02020951,-0.02244119,-6650.6079,296357.1217,OK,0.0000,266.0243,4.0000,96.0000,AG03-UNRESOLVED,ALL5_LEVELS_bet23_to_bet27,266.0243,266.0243,266.0243,332.5304,332.5304,4.000000,4.000000,4.000000,5.000000,5.000000,96.000000,96.000000,96.000000,95.000000,95.000000,5.0,1463.1337,1340.2688,5187.4742,5310.3391,PENDING_AG03,FALSE,NOT_FOR_ENFORCEMENT,6384.5836,256811.4724,6650.6079,6384.5836,266.0243,0.02244119,0.02154355,266.0243,6384.5836,0.02154355,266.0243,266.0243,266.0243,332.5304,332.5304,6384.5836,0.02154355,1463.1337,1340.2688,5187.4742,5310.3391,0.01750413,0.01791872,0.00089765,16.2655,14.6936,0.3653,59.3804,1.1678,2646.0457,162.5536,12.4780,16.8648,9.0895,16.5695,22.0926,29.825,33.4482,44.5976,11.8163,0.0,2.018664,2.691552,0.981654,30,240,141,4,0.10479828,0.02244119,0.04150452,0E-8,0.000000,0.902668,0.011910,-0.02129501,2026-03-22,2026-08-05,112,5695,2177,137,0.817518,0.739886,0.767145,0.349328,,,,,,,,GLOBAL_BASELINE_NO_ENTITY_RANKING,,,NOT_APPLICABLE_GLOBAL_BASELINE,HF9g-P5,,,,X 全窗基线 · 不参与实体赏罚,14196009,1420,A168_HF9F_20260827_0900,2026-08-27 09:00:00
2026-05-20,110249610,1963,0,11.3723784995,-11.3723784995,-11.3723784995,0E-7,1,1,0.49324550000000000,0.493245500000,-0.9865810262130424,-0.9865810262130424,-0.9865810262130424,0E-17,ELIGIBLE,R03b_20260811_FULL_v1,L1_ELIGIBILITY,v2026-08-11,2026-03-21..2026-08-06,baccarat_bet02_101_all_pairs_incl_sentinel,round_win = game_pnl > 0 (decisive only),COMPATIBILITY_ONLY_NOT_PRODUCTION,296357.1217,267511.9505,6650.6079,18220,18206,-0.02244119,-0.04150452,-0.02020951,-0.02244119,-6650.6079,296357.1217,OK,0.0000,266.0243,4.0000,96.0000,AG03-UNRESOLVED,ALL5_LEVELS_bet23_to_bet27,266.0243,266.0243,266.0243,332.5304,332.5304,4.000000,4.000000,4.000000,5.000000,5.000000,96.000000,96.000000,96.000000,95.000000,95.000000,5.0,1463.1337,1340.2688,5187.4742,5310.3391,PENDING_AG03,FALSE,NOT_FOR_ENFORCEMENT,6384.5836,256811.4724,6650.6079,6384.5836,266.0243,0.02244119,0.02154355,266.0243,6384.5836,0.02154355,266.0243,266.0243,266.0243,332.5304,332.5304,6384.5836,0.02154355,1463.1337,1340.2688,5187.4742,5310.3391,0.01750413,0.01791872,0.00089765,16.2655,14.6936,0.3653,59.3804,1.1678,2646.0457,162.5536,12.4780,16.8648,9.0895,16.5695,22.0926,29.825,33.4482,44.5976,11.8163,0.0,2.018664,2.691552,0.981654,30,240,141,4,0.10479828,0.02244119,0.04150452,0E-8,0.000000,0.902668,0.011910,-0.02129501,2026-03-22,2026-08-05,112,5695,2177,137,0.817518,0.739886,0.767145,0.349328,,,,,,,,GLOBAL_BASELINE_NO_ENTITY_RANKING,,,NOT_APPLICABLE_GLOBAL_BASELINE,HF9g-P5,,,,X 全窗基线 · 不参与实体赏罚,14196010,1420,A168_HF9F_20260827_0900,2026-08-27 09:00:00
2026-05-20,110249610,1966,0,33.4481720574,-11.1493906858,-11.1493906858,0.5000000,2,2,0.49324550000000000,0.493245500000,0.01910635448239258,0.01910635448239258,0.01910635448239258,0E-17,ELIGIBLE,R03b_20260811_FULL_v1,L1_ELIGIBILITY,v2026-08-11,2026-03-21..2026-08-06,baccarat_bet02_101_all_pairs_incl_sentinel,round_win = game_pnl > 0 (decisive only),COMPATIBILITY_ONLY_NOT_PRODUCTION,296357.1217,267511.9505,6650.6079,18220,18206,-0.02244119,-0.04150452,-0.02020951,-0.02244119,-6650.6079,296357.1217,OK,0.0000,266.0243,4.0000,96.0000,AG03-UNRESOLVED,ALL5_LEVELS_bet23_to_bet27,266.0243,266.0243,266.0243,332.5304,332.5304,4.000000,4.000000,4.000000,5.000000,5.000000,96.000000,96.000000,96.000000,95.000000,95.000000,5.0,1463.1337,1340.2688,5187.4742,5310.3391,PENDING_AG03,FALSE,NOT_FOR_ENFORCEMENT,6384.5836,256811.4724,6650.6079,6384.5836,266.0243,0.02244119,0.02154355,266.0243,6384.5836,0.02154355,266.0243,266.0243,266.0243,332.5304,332.5304,6384.5836,0.02154355,1463.1337,1340.2688,5187.4742,5310.3391,0.01750413,0.01791872,0.00089765,16.2655,14.6936,0.3653,59.3804,1.1678,2646.0457,162.5536,12.4780,16.8648,9.0895,16.5695,22.0926,29.825,33.4482,44.5976,11.8163,0.0,2.018664,2.691552,0.981654,30,240,141,4,0.10479828,0.02244119,0.04150452,0E-8,0.000000,0.902668,0.011910,-0.02129501,2026-03-22,2026-08-05,112,5695,2177,137,0.817518,0.739886,0.767145,0.349328,,,,,,,,GLOBAL_BASELINE_NO_ENTITY_RANKING,,,NOT_APPLICABLE_GLOBAL_BASELINE,HF9g-P5,,,,X 全窗基线 · 不参与实体赏罚,14196011,1420,A168_HF9F_20260827_0900,2026-08-27 09:00:00
2026-05-20,110249610,1985,0,39.0228674003,-39.0228674003,-39.0228674003,0E-7,1,1,0.49324550000000000,0.493245500000,-0.9865810262130424,-0.9865810262130424,-0.9865810262130424,0E-17,ELIGIBLE,R03b_20260811_FULL_v1,L1_ELIGIBILITY,v2026-08-11,2026-03-21..2026-08-06,baccarat_bet02_101_all_pairs_incl_sentinel,round_win = game_pnl > 0 (decisive only),COMPATIBILITY_ONLY_NOT_PRODUCTION,296357.1217,267511.9505,6650.6079,18220,18206,-0.02244119,-0.04150452,-0.02020951,-0.02244119,-6650.6079,296357.1217,OK,0.0000,266.0243,4.0000,96.0000,AG03-UNRESOLVED,ALL5_LEVELS_bet23_to_bet27,266.0243,266.0243,266.0243,332.5304,332.5304,4.000000,4.000000,4.000000,5.000000,5.000000,96.000000,96.000000,96.000000,95.000000,95.000000,5.0,1463.1337,1340.2688,5187.4742,5310.3391,PENDING_AG03,FALSE,NOT_FOR_ENFORCEMENT,6384.5836,256811.4724,6650.6079,6384.5836,266.0243,0.02244119,0.02154355,266.0243,6384.5836,0.02154355,266.0243,266.0243,266.0243,332.5304,332.5304,6384.5836,0.02154355,1463.1337,1340.2688,5187.4742,5310.3391,0.01750413,0.01791872,0.00089765,16.2655,14.6936,0.3653,59.3804,1.1678,2646.0457,162.5536,12.4780,16.8648,9.0895,16.5695,22.0926,29.825,33.4482,44.5976,11.8163,0.0,2.018664,2.691552,0.981654,30,240,141,4,0.10479828,0.02244119,0.04150452,0E-8,0.000000,0.902668,0.011910,-0.02129501,2026-03-22,2026-08-05,112,5695,2177,137,0.817518,0.739886,0.767145,0.349328,,,,,,,,GLOBAL_BASELINE_NO_ENTITY_RANKING,,,NOT_APPLICABLE_GLOBAL_BASELINE,HF9g-P5,,,,X 全窗基线 · 不参与实体赏罚,14196012,1420,A168_HF9F_20260827_0900,2026-08-27 09:00:00
2026-05-20,110249610,2108,0,11.1493906858,-11.1493906858,-11.1493906858,0E-7,1,1,0.49324550000000000,0.493245500000,-0.9865810262130424,-0.9865810262130424,-0.9865810262130424,0E-17,ELIGIBLE,R03b_20260811_FULL_v1,L1_ELIGIBILITY,v2026-08-11,2026-03-21..2026-08-06,baccarat_bet02_101_all_pairs_incl_sentinel,round_win = game_pnl > 0 (decisive only),COMPATIBILITY_ONLY_NOT_PRODUCTION,296357.1217,267511.9505,6650.6079,18220,18206,-0.02244119,-0.04150452,-0.02020951,-0.02244119,-6650.6079,296357.1217,OK,0.0000,266.0243,4.0000,96.0000,AG03-UNRESOLVED,ALL5_LEVELS_bet23_to_bet27,266.0243,266.0243,266.0243,332.5304,332.5304,4.000000,4.000000,4.000000,5.000000,5.000000,96.000000,96.000000,96.000000,95.000000,95.000000,5.0,1463.1337,1340.2688,5187.4742,5310.3391,PENDING_AG03,FALSE,NOT_FOR_ENFORCEMENT,6384.5836,256811.4724,6650.6079,6384.5836,266.0243,0.02244119,0.02154355,266.0243,6384.5836,0.02154355,266.0243,266.0243,266.0243,332.5304,332.5304,6384.5836,0.02154355,1463.1337,1340.2688,5187.4742,5310.3391,0.01750413,0.01791872,0.00089765,16.2655,14.6936,0.3653,59.3804,1.1678,2646.0457,162.5536,12.4780,16.8648,9.0895,16.5695,22.0926,29.825,33.4482,44.5976,11.8163,0.0,2.018664,2.691552,0.981654,30,240,141,4,0.10479828,0.02244119,0.04150452,0E-8,0.000000,0.902668,0.011910,-0.02129501,2026-03-22,2026-08-05,112,5695,2177,137,0.817518,0.739886,0.767145,0.349328,,,,,,,,GLOBAL_BASELINE_NO_ENTITY_RANKING,,,NOT_APPLICABLE_GLOBAL_BASELINE,HF9g-P5,,,,X 全窗基线 · 不参与实体赏罚,14196013,1420,A168_HF9F_20260827_0900,2026-08-27 09:00:00
2026-05-20,110249610,2134,0,283.6404990467,46.8051420990,46.8051420990,0.5555556,11,11,0.50665070000000000,0.506650700000,0.2934550945819589,0.2934550945819589,0.2934550945819589,0E-17,ELIGIBLE,R03b_20260811_FULL_v1,L1_ELIGIBILITY,v2026-08-11,2026-03-21..2026-08-06,baccarat_bet02_101_all_pairs_incl_sentinel,round_win = game_pnl > 0 (decisive only),COMPATIBILITY_ONLY_NOT_PRODUCTION,296357.1217,267511.9505,6650.6079,18220,18206,-0.02244119,-0.04150452,-0.02020951,-0.02244119,-6650.6079,296357.1217,OK,0.0000,266.0243,4.0000,96.0000,AG03-UNRESOLVED,ALL5_LEVELS_bet23_to_bet27,266.0243,266.0243,266.0243,332.5304,332.5304,4.000000,4.000000,4.000000,5.000000,5.000000,96.000000,96.000000,96.000000,95.000000,95.000000,5.0,1463.1337,1340.2688,5187.4742,5310.3391,PENDING_AG03,FALSE,NOT_FOR_ENFORCEMENT,6384.5836,256811.4724,6650.6079,6384.5836,266.0243,0.02244119,0.02154355,266.0243,6384.5836,0.02154355,266.0243,266.0243,266.0243,332.5304,332.5304,6384.5836,0.02154355,1463.1337,1340.2688,5187.4742,5310.3391,0.01750413,0.01791872,0.00089765,16.2655,14.6936,0.3653,59.3804,1.1678,2646.0457,162.5536,12.4780,16.8648,9.0895,16.5695,22.0926,29.825,33.4482,44.5976,11.8163,0.0,2.018664,2.691552,0.981654,30,240,141,4,0.10479828,0.02244119,0.04150452,0E-8,0.000000,0.902668,0.011910,-0.02129501,2026-03-22,2026-08-05,112,5695,2177,137,0.817518,0.739886,0.767145,0.349328,,,,,,,,GLOBAL_BASELINE_NO_ENTITY_RANKING,,,NOT_APPLICABLE_GLOBAL_BASELINE,HF9g-P5,,,,X 全窗基线 · 不参与实体赏罚,14196014,1420,A168_HF9F_20260827_0900,2026-08-27 09:00:00
2026-05-20,110249610,2141,0,162.7811040126,34.5631111260,34.5631111260,0.6666667,4,4,0.49324550000000000,0.493245500000,0.6008033672792107,0.6008033672792106,0.6008033672792107,0E-17,ELIGIBLE,R03b_20260811_FULL_v1,L1_ELIGIBILITY,v2026-08-11,2026-03-21..2026-08-06,baccarat_bet02_101_all_pairs_incl_sentinel,round_win = game_pnl > 0 (decisive only),COMPATIBILITY_ONLY_NOT_PRODUCTION,296357.1217,267511.9505,6650.6079,18220,18206,-0.02244119,-0.04150452,-0.02020951,-0.02244119,-6650.6079,296357.1217,OK,0.0000,266.0243,4.0000,96.0000,AG03-UNRESOLVED,ALL5_LEVELS_bet23_to_bet27,266.0243,266.0243,266.0243,332.5304,332.5304,4.000000,4.000000,4.000000,5.000000,5.000000,96.000000,96.000000,96.000000,95.000000,95.000000,5.0,1463.1337,1340.2688,5187.4742,5310.3391,PENDING_AG03,FALSE,NOT_FOR_ENFORCEMENT,6384.5836,256811.4724,6650.6079,6384.5836,266.0243,0.02244119,0.02154355,266.0243,6384.5836,0.02154355,266.0243,266.0243,266.0243,332.5304,332.5304,6384.5836,0.02154355,1463.1337,1340.2688,5187.4742,5310.3391,0.01750413,0.01791872,0.00089765,16.2655,14.6936,0.3653,59.3804,1.1678,2646.0457,162.5536,12.4780,16.8648,9.0895,16.5695,22.0926,29.825,33.4482,44.5976,11.8163,0.0,2.018664,2.691552,0.981654,30,240,141,4,0.10479828,0.02244119,0.04150452,0E-8,0.000000,0.902668,0.011910,-0.02129501,2026-03-22,2026-08-05,112,5695,2177,137,0.817518,0.739886,0.767145,0.349328,,,,,,,,GLOBAL_BASELINE_NO_ENTITY_RANKING,,,NOT_APPLICABLE_GLOBAL_BASELINE,HF9g-P5,,,,X 全窗基线 · 不参与实体赏罚,14196015,1420,A168_HF9F_20260827_0900,2026-08-27 09:00:00
2026-05-20,110249610,2142,0,22.2987813716,-11.1493906858,-11.1493906858,0E-7,2,2,0.50665070000000000,0.506650700000,-1.013391052207602,-1.013391052207602,-1.013391052207602,0E-17,ELIGIBLE,R03b_20260811_FULL_v1,L1_ELIGIBILITY,v2026-08-11,2026-03-21..2026-08-06,baccarat_bet02_101_all_pairs_incl_sentinel,round_win = game_pnl > 0 (decisive only),COMPATIBILITY_ONLY_NOT_PRODUCTION,296357.1217,267511.9505,6650.6079,18220,18206,-0.02244119,-0.04150452,-0.02020951,-0.02244119,-6650.6079,296357.1217,OK,0.0000,266.0243,4.0000,96.0000,AG03-UNRESOLVED,ALL5_LEVELS_bet23_to_bet27,266.0243,266.0243,266.0243,332.5304,332.5304,4.000000,4.000000,4.000000,5.000000,5.000000,96.000000,96.000000,96.000000,95.000000,95.000000,5.0,1463.1337,1340.2688,5187.4742,5310.3391,PENDING_AG03,FALSE,NOT_FOR_ENFORCEMENT,6384.5836,256811.4724,6650.6079,6384.5836,266.0243,0.02244119,0.02154355,266.0243,6384.5836,0.02154355,266.0243,266.0243,266.0243,332.5304,332.5304,6384.5836,0.02154355,1463.1337,1340.2688,5187.4742,5310.3391,0.01750413,0.01791872,0.00089765,16.2655,14.6936,0.3653,59.3804,1.1678,2646.0457,162.5536,12.4780,16.8648,9.0895,16.5695,22.0926,29.825,33.4482,44.5976,11.8163,0.0,2.018664,2.691552,0.981654,30,240,141,4,0.10479828,0.02244119,0.04150452,0E-8,0.000000,0.902668,0.011910,-0.02129501,2026-03-22,2026-08-05,112,5695,2177,137,0.817518,0.739886,0.767145,0.349328,,,,,,,,GLOBAL_BASELINE_NO_ENTITY_RANKING,,,NOT_APPLICABLE_GLOBAL_BASELINE,HF9g-P5,,,,X 全窗基线 · 不参与实体赏罚,14196016,1420,A168_HF9F_20260827_0900,2026-08-27 09:00:00
2026-05-20,110249610,2145,0,143.8271398468,0E-10,0E-10,0.3333333,5,5,0.49860758000000000,0.498607580000,-0.5725290048997589,-0.5725290048997589,-0.5725290048997589,0E-17,ELIGIBLE,R03b_20260811_FULL_v1,L1_ELIGIBILITY,v2026-08-11,2026-03-21..2026-08-06,baccarat_bet02_101_all_pairs_incl_sentinel,round_win = game_pnl > 0 (decisive only),COMPATIBILITY_ONLY_NOT_PRODUCTION,296357.1217,267511.9505,6650.6079,18220,18206,-0.02244119,-0.04150452,-0.02020951,-0.02244119,-6650.6079,296357.1217,OK,0.0000,266.0243,4.0000,96.0000,AG03-UNRESOLVED,ALL5_LEVELS_bet23_to_bet27,266.0243,266.0243,266.0243,332.5304,332.5304,4.000000,4.000000,4.000000,5.000000,5.000000,96.000000,96.000000,96.000000,95.000000,95.000000,5.0,1463.1337,1340.2688,5187.4742,5310.3391,PENDING_AG03,FALSE,NOT_FOR_ENFORCEMENT,6384.5836,256811.4724,6650.6079,6384.5836,266.0243,0.02244119,0.02154355,266.0243,6384.5836,0.02154355,266.0243,266.0243,266.0243,332.5304,332.5304,6384.5836,0.02154355,1463.1337,1340.2688,5187.4742,5310.3391,0.01750413,0.01791872,0.00089765,16.2655,14.6936,0.3653,59.3804,1.1678,2646.0457,162.5536,12.4780,16.8648,9.0895,16.5695,22.0926,29.825,33.4482,44.5976,11.8163,0.0,2.018664,2.691552,0.981654,30,240,141,4,0.10479828,0.02244119,0.04150452,0E-8,0.000000,0.902668,0.011910,-0.02129501,2026-03-22,2026-08-05,112,5695,2177,137,0.817518,0.739886,0.767145,0.349328,,,,,,,,GLOBAL_BASELINE_NO_ENTITY_RANKING,,,NOT_APPLICABLE_GLOBAL_BASELINE,HF9g-P5,,,,X 全窗基线 · 不参与实体赏罚,14196017,1420,A168_HF9F_20260827_0900,2026-08-27 09:00:00
2026-05-20,110249610,2167,0,45.4895139981,-21.4068301167,-21.4068301167,0.3333333,3,3,0.49324550000000000,0.493245500000,-0.5540025479526107,-0.5540025479526106,-0.5540025479526107,0E-17,ELIGIBLE,R03b_20260811_FULL_v1,L1_ELIGIBILITY,v2026-08-11,2026-03-21..2026-08-06,baccarat_bet02_101_all_pairs_incl_sentinel,round_win = game_pnl > 0 (decisive only),COMPATIBILITY_ONLY_NOT_PRODUCTION,296357.1217,267511.9505,6650.6079,18220,18206,-0.02244119,-0.04150452,-0.02020951,-0.02244119,-6650.6079,296357.1217,OK,0.0000,266.0243,4.0000,96.0000,AG03-UNRESOLVED,ALL5_LEVELS_bet23_to_bet27,266.0243,266.0243,266.0243,332.5304,332.5304,4.000000,4.000000,4.000000,5.000000,5.000000,96.000000,96.000000,96.000000,95.000000,95.000000,5.0,1463.1337,1340.2688,5187.4742,5310.3391,PENDING_AG03,FALSE,NOT_FOR_ENFORCEMENT,6384.5836,256811.4724,6650.6079,6384.5836,266.0243,0.02244119,0.02154355,266.0243,6384.5836,0.02154355,266.0243,266.0243,266.0243,332.5304,332.5304,6384.5836,0.02154355,1463.1337,1340.2688,5187.4742,5310.3391,0.01750413,0.01791872,0.00089765,16.2655,14.6936,0.3653,59.3804,1.1678,2646.0457,162.5536,12.4780,16.8648,9.0895,16.5695,22.0926,29.825,33.4482,44.5976,11.8163,0.0,2.018664,2.691552,0.981654,30,240,141,4,0.10479828,0.02244119,0.04150452,0E-8,0.000000,0.902668,0.011910,-0.02129501,2026-03-22,2026-08-05,112,5695,2177,137,0.817518,0.739886,0.767145,0.349328,,,,,,,,GLOBAL_BASELINE_NO_ENTITY_RANKING,,,NOT_APPLICABLE_GLOBAL_BASELINE,HF9g-P5,,,,X 全窗基线 · 不参与实体赏罚,14196018,1420,A168_HF9F_20260827_0900,2026-08-27 09:00:00
2026-05-20,110249610,2169,0,16.7240860287,-5.8534301100,-5.8534301100,0.5000000,2,2,0.50665070000000000,0.506650700000,-0.018812684590367487,-0.018812684590367487,-0.018812684590367487,0E-17,ELIGIBLE,R03b_20260811_FULL_v1,L1_ELIGIBILITY,v2026-08-11,2026-03-21..2026-08-06,baccarat_bet02_101_all_pairs_incl_sentinel,round_win = game_pnl > 0 (decisive only),COMPATIBILITY_ONLY_NOT_PRODUCTION,296357.1217,267511.9505,6650.6079,18220,18206,-0.02244119,-0.04150452,-0.02020951,-0.02244119,-6650.6079,296357.1217,OK,0.0000,266.0243,4.0000,96.0000,AG03-UNRESOLVED,ALL5_LEVELS_bet23_to_bet27,266.0243,266.0243,266.0243,332.5304,332.5304,4.000000,4.000000,4.000000,5.000000,5.000000,96.000000,96.000000,96.000000,95.000000,95.000000,5.0,1463.1337,1340.2688,5187.4742,5310.3391,PENDING_AG03,FALSE,NOT_FOR_ENFORCEMENT,6384.5836,256811.4724,6650.6079,6384.5836,266.0243,0.02244119,0.02154355,266.0243,6384.5836,0.02154355,266.0243,266.0243,266.0243,332.5304,332.5304,6384.5836,0.02154355,1463.1337,1340.2688,5187.4742,5310.3391,0.01750413,0.01791872,0.00089765,16.2655,14.6936,0.3653,59.3804,1.1678,2646.0457,162.5536,12.4780,16.8648,9.0895,16.5695,22.0926,29.825,33.4482,44.5976,11.8163,0.0,2.018664,2.691552,0.981654,30,240,141,4,0.10479828,0.02244119,0.04150452,0E-8,0.000000,0.902668,0.011910,-0.02129501,2026-03-22,2026-08-05,112,5695,2177,137,0.817518,0.739886,0.767145,0.349328,,,,,,,,GLOBAL_BASELINE_NO_ENTITY_RANKING,,,NOT_APPLICABLE_GLOBAL_BASELINE,HF9g-P5,,,,X 全窗基线 · 不参与实体赏罚,14196019,1420,A168_HF9F_20260827_0900,2026-08-27 09:00:00
2026-05-20,110249610,2174,0,16.7240860287,-16.7240860287,-16.7240860287,0E-7,1,1,0.49324550000000000,0.493245500000,-0.9865810262130424,-0.9865810262130424,-0.9865810262130424,0E-17,ELIGIBLE,R03b_20260811_FULL_v1,L1_ELIGIBILITY,v2026-08-11,2026-03-21..2026-08-06,baccarat_bet02_101_all_pairs_incl_sentinel,round_win = game_pnl > 0 (decisive only),COMPATIBILITY_ONLY_NOT_PRODUCTION,296357.1217,267511.9505,6650.6079,18220,18206,-0.02244119,-0.04150452,-0.02020951,-0.02244119,-6650.6079,296357.1217,OK,0.0000,266.0243,4.0000,96.0000,AG03-UNRESOLVED,ALL5_LEVELS_bet23_to_bet27,266.0243,266.0243,266.0243,332.5304,332.5304,4.000000,4.000000,4.000000,5.000000,5.000000,96.000000,96.000000,96.000000,95.000000,95.000000,5.0,1463.1337,1340.2688,5187.4742,5310.3391,PENDING_AG03,FALSE,NOT_FOR_ENFORCEMENT,6384.5836,256811.4724,6650.6079,6384.5836,266.0243,0.02244119,0.02154355,266.0243,6384.5836,0.02154355,266.0243,266.0243,266.0243,332.5304,332.5304,6384.5836,0.02154355,1463.1337,1340.2688,5187.4742,5310.3391,0.01750413,0.01791872,0.00089765,16.2655,14.6936,0.3653,59.3804,1.1678,2646.0457,162.5536,12.4780,16.8648,9.0895,16.5695,22.0926,29.825,33.4482,44.5976,11.8163,0.0,2.018664,2.691552,0.981654,30,240,141,4,0.10479828,0.02244119,0.04150452,0E-8,0.000000,0.902668,0.011910,-0.02129501,2026-03-22,2026-08-05,112,5695,2177,137,0.817518,0.739886,0.767145,0.349328,,,,,,,,GLOBAL_BASELINE_NO_ENTITY_RANKING,,,NOT_APPLICABLE_GLOBAL_BASELINE,HF9g-P5,,,,X 全窗基线 · 不参与实体赏罚,14196020,1420,A168_HF9F_20260827_0900,2026-08-27 09:00:00
2026-05-20,110249610,2216,0,78.0457348006,-27.8734767145,-27.8734767145,0E-7,3,3,0.49324550000000000,0.493245500000,-0.9865810262130424,-0.9865810262130424,-0.9865810262130424,0E-17,ELIGIBLE,R03b_20260811_FULL_v1,L1_ELIGIBILITY,v2026-08-11,2026-03-21..2026-08-06,baccarat_bet02_101_all_pairs_incl_sentinel,round_win = game_pnl > 0 (decisive only),COMPATIBILITY_ONLY_NOT_PRODUCTION,296357.1217,267511.9505,6650.6079,18220,18206,-0.02244119,-0.04150452,-0.02020951,-0.02244119,-6650.6079,296357.1217,OK,0.0000,266.0243,4.0000,96.0000,AG03-UNRESOLVED,ALL5_LEVELS_bet23_to_bet27,266.0243,266.0243,266.0243,332.5304,332.5304,4.000000,4.000000,4.000000,5.000000,5.000000,96.000000,96.000000,96.000000,95.000000,95.000000,5.0,1463.1337,1340.2688,5187.4742,5310.3391,PENDING_AG03,FALSE,NOT_FOR_ENFORCEMENT,6384.5836,256811.4724,6650.6079,6384.5836,266.0243,0.02244119,0.02154355,266.0243,6384.5836,0.02154355,266.0243,266.0243,266.0243,332.5304,332.5304,6384.5836,0.02154355,1463.1337,1340.2688,5187.4742,5310.3391,0.01750413,0.01791872,0.00089765,16.2655,14.6936,0.3653,59.3804,1.1678,2646.0457,162.5536,12.4780,16.8648,9.0895,16.5695,22.0926,29.825,33.4482,44.5976,11.8163,0.0,2.018664,2.691552,0.981654,30,240,141,4,0.10479828,0.02244119,0.04150452,0E-8,0.000000,0.902668,0.011910,-0.02129501,2026-03-22,2026-08-05,112,5695,2177,137,0.817518,0.739886,0.767145,0.349328,,,,,,,,GLOBAL_BASELINE_NO_ENTITY_RANKING,,,NOT_APPLICABLE_GLOBAL_BASELINE,HF9g-P5,,,,X 全窗基线 · 不参与实体赏罚,14196021,1420,A168_HF9F_20260827_0900,2026-08-27 09:00:00
2026-05-20,110249610,2220,0,7.3585978526,-7.3585978526,-7.3585978526,0E-7,1,1,0.50665070000000000,0.506650700000,-1.013391052207602,-1.013391052207602,-1.013391052207602,0E-17,ELIGIBLE,R03b_20260811_FULL_v1,L1_ELIGIBILITY,v2026-08-11,2026-03-21..2026-08-06,baccarat_bet02_101_all_pairs_incl_sentinel,round_win = game_pnl > 0 (decisive only),COMPATIBILITY_ONLY_NOT_PRODUCTION,296357.1217,267511.9505,6650.6079,18220,18206,-0.02244119,-0.04150452,-0.02020951,-0.02244119,-6650.6079,296357.1217,OK,0.0000,266.0243,4.0000,96.0000,AG03-UNRESOLVED,ALL5_LEVELS_bet23_to_bet27,266.0243,266.0243,266.0243,332.5304,332.5304,4.000000,4.000000,4.000000,5.000000,5.000000,96.000000,96.000000,96.000000,95.000000,95.000000,5.0,1463.1337,1340.2688,5187.4742,5310.3391,PENDING_AG03,FALSE,NOT_FOR_ENFORCEMENT,6384.5836,256811.4724,6650.6079,6384.5836,266.0243,0.02244119,0.02154355,266.0243,6384.5836,0.02154355,266.0243,266.0243,266.0243,332.5304,332.5304,6384.5836,0.02154355,1463.1337,1340.2688,5187.4742,5310.3391,0.01750413,0.01791872,0.00089765,16.2655,14.6936,0.3653,59.3804,1.1678,2646.0457,162.5536,12.4780,16.8648,9.0895,16.5695,22.0926,29.825,33.4482,44.5976,11.8163,0.0,2.018664,2.691552,0.981654,30,240,141,4,0.10479828,0.02244119,0.04150452,0E-8,0.000000,0.902668,0.011910,-0.02129501,2026-03-22,2026-08-05,112,5695,2177,137,0.817518,0.739886,0.767145,0.349328,,,,,,,,GLOBAL_BASELINE_NO_ENTITY_RANKING,,,NOT_APPLICABLE_GLOBAL_BASELINE,HF9g-P5,,,,X 全窗基线 · 不参与实体赏罚,14196022,1420,A168_HF9F_20260827_0900,2026-08-27 09:00:00
2026-05-20,110249610,2234,0,22.2987813716,-22.2987813716,-22.2987813716,0E-7,1,1,0.50665070000000000,0.506650700000,-1.013391052207602,-1.013391052207602,-1.013391052207602,0E-17,ELIGIBLE,R03b_20260811_FULL_v1,L1_ELIGIBILITY,v2026-08-11,2026-03-21..2026-08-06,baccarat_bet02_101_all_pairs_incl_sentinel,round_win = game_pnl > 0 (decisive only),COMPATIBILITY_ONLY_NOT_PRODUCTION,296357.1217,267511.9505,6650.6079,18220,18206,-0.02244119,-0.04150452,-0.02020951,-0.02244119,-6650.6079,296357.1217,OK,0.0000,266.0243,4.0000,96.0000,AG03-UNRESOLVED,ALL5_LEVELS_bet23_to_bet27,266.0243,266.0243,266.0243,332.5304,332.5304,4.000000,4.000000,4.000000,5.000000,5.000000,96.000000,96.000000,96.000000,95.000000,95.000000,5.0,1463.1337,1340.2688,5187.4742,5310.3391,PENDING_AG03,FALSE,NOT_FOR_ENFORCEMENT,6384.5836,256811.4724,6650.6079,6384.5836,266.0243,0.02244119,0.02154355,266.0243,6384.5836,0.02154355,266.0243,266.0243,266.0243,332.5304,332.5304,6384.5836,0.02154355,1463.1337,1340.2688,5187.4742,5310.3391,0.01750413,0.01791872,0.00089765,16.2655,14.6936,0.3653,59.3804,1.1678,2646.0457,162.5536,12.4780,16.8648,9.0895,16.5695,22.0926,29.825,33.4482,44.5976,11.8163,0.0,2.018664,2.691552,0.981654,30,240,141,4,0.10479828,0.02244119,0.04150452,0E-8,0.000000,0.902668,0.011910,-0.02129501,2026-03-22,2026-08-05,112,5695,2177,137,0.817518,0.739886,0.767145,0.349328,,,,,,,,GLOBAL_BASELINE_NO_ENTITY_RANKING,,,NOT_APPLICABLE_GLOBAL_BASELINE,HF9g-P5,,,,X 全窗基线 · 不参与实体赏罚,14196023,1420,A168_HF9F_20260827_0900,2026-08-27 09:00:00
2026-05-20,110249610,2246,0,55.1894838947,-5.2959605757,-5.2959605757,0.5000000,3,3,0.50218230000000000,0.502182300000,-0.00617253530718887,-0.00617253530718887,-0.00617253530718887,0E-17,ELIGIBLE,R03b_20260811_FULL_v1,L1_ELIGIBILITY,v2026-08-11,2026-03-21..2026-08-06,baccarat_bet02_101_all_pairs_incl_sentinel,round_win = game_pnl > 0 (decisive only),COMPATIBILITY_ONLY_NOT_PRODUCTION,296357.1217,267511.9505,6650.6079,18220,18206,-0.02244119,-0.04150452,-0.02020951,-0.02244119,-6650.6079,296357.1217,OK,0.0000,266.0243,4.0000,96.0000,AG03-UNRESOLVED,ALL5_LEVELS_bet23_to_bet27,266.0243,266.0243,266.0243,332.5304,332.5304,4.000000,4.000000,4.000000,5.000000,5.000000,96.000000,96.000000,96.000000,95.000000,95.000000,5.0,1463.1337,1340.2688,5187.4742,5310.3391,PENDING_AG03,FALSE,NOT_FOR_ENFORCEMENT,6384.5836,256811.4724,6650.6079,6384.5836,266.0243,0.02244119,0.02154355,266.0243,6384.5836,0.02154355,266.0243,266.0243,266.0243,332.5304,332.5304,6384.5836,0.02154355,1463.1337,1340.2688,5187.4742,5310.3391,0.01750413,0.01791872,0.00089765,16.2655,14.6936,0.3653,59.3804,1.1678,2646.0457,162.5536,12.4780,16.8648,9.0895,16.5695,22.0926,29.825,33.4482,44.5976,11.8163,0.0,2.018664,2.691552,0.981654,30,240,141,4,0.10479828,0.02244119,0.04150452,0E-8,0.000000,0.902668,0.011910,-0.02129501,2026-03-22,2026-08-05,112,5695,2177,137,0.817518,0.739886,0.767145,0.349328,,,,,,,,GLOBAL_BASELINE_NO_ENTITY_RANKING,,,NOT_APPLICABLE_GLOBAL_BASELINE,HF9g-P5,,,,X 全窗基线 · 不参与实体赏罚,14196024,1420,A168_HF9F_20260827_0900,2026-08-27 09:00:00
2026-05-20,110249610,2251,0,16.3896043081,-5.2402136223,-5.2402136223,0.5000000,2,2,0.49324550000000000,0.493245500000,0.01910635448239258,0.01910635448239258,0.01910635448239258,0E-17,ELIGIBLE,R03b_20260811_FULL_v1,L1_ELIGIBILITY,v2026-08-11,2026-03-21..2026-08-06,baccarat_bet02_101_all_pairs_incl_sentinel,round_win = game_pnl > 0 (decisive only),COMPATIBILITY_ONLY_NOT_PRODUCTION,296357.1217,267511.9505,6650.6079,18220,18206,-0.02244119,-0.04150452,-0.02020951,-0.02244119,-6650.6079,296357.1217,OK,0.0000,266.0243,4.0000,96.0000,AG03-UNRESOLVED,ALL5_LEVELS_bet23_to_bet27,266.0243,266.0243,266.0243,332.5304,332.5304,4.000000,4.000000,4.000000,5.000000,5.000000,96.000000,96.000000,96.000000,95.000000,95.000000,5.0,1463.1337,1340.2688,5187.4742,5310.3391,PENDING_AG03,FALSE,NOT_FOR_ENFORCEMENT,6384.5836,256811.4724,6650.6079,6384.5836,266.0243,0.02244119,0.02154355,266.0243,6384.5836,0.02154355,266.0243,266.0243,266.0243,332.5304,332.5304,6384.5836,0.02154355,1463.1337,1340.2688,5187.4742,5310.3391,0.01750413,0.01791872,0.00089765,16.2655,14.6936,0.3653,59.3804,1.1678,2646.0457,162.5536,12.4780,16.8648,9.0895,16.5695,22.0926,29.825,33.4482,44.5976,11.8163,0.0,2.018664,2.691552,0.981654,30,240,141,4,0.10479828,0.02244119,0.04150452,0E-8,0.000000,0.902668,0.011910,-0.02129501,2026-03-22,2026-08-05,112,5695,2177,137,0.817518,0.739886,0.767145,0.349328,,,,,,,,GLOBAL_BASELINE_NO_ENTITY_RANKING,,,NOT_APPLICABLE_GLOBAL_BASELINE,HF9g-P5,,,,X 全窗基线 · 不参与实体赏罚,14196025,1420,A168_HF9F_20260827_0900,2026-08-27 09:00:00
2026-05-20,110249610,2258,0,27.8734767145,0E-10,0E-10,,2,2,0.50665070000000000,0.506650700000,,,,0E-17,NO_DECISIVE_ROUND,R03b_20260811_FULL_v1,L1_ELIGIBILITY,v2026-08-11,2026-03-21..2026-08-06,baccarat_bet02_101_all_pairs_incl_sentinel,round_win = game_pnl > 0 (decisive only),COMPATIBILITY_ONLY_NOT_PRODUCTION,296357.1217,267511.9505,6650.6079,18220,18206,-0.02244119,-0.04150452,-0.02020951,-0.02244119,-6650.6079,296357.1217,OK,0.0000,266.0243,4.0000,96.0000,AG03-UNRESOLVED,ALL5_LEVELS_bet23_to_bet27,266.0243,266.0243,266.0243,332.5304,332.5304,4.000000,4.000000,4.000000,5.000000,5.000000,96.000000,96.000000,96.000000,95.000000,95.000000,5.0,1463.1337,1340.2688,5187.4742,5310.3391,PENDING_AG03,FALSE,NOT_FOR_ENFORCEMENT,6384.5836,256811.4724,6650.6079,6384.5836,266.0243,0.02244119,0.02154355,266.0243,6384.5836,0.02154355,266.0243,266.0243,266.0243,332.5304,332.5304,6384.5836,0.02154355,1463.1337,1340.2688,5187.4742,5310.3391,0.01750413,0.01791872,0.00089765,16.2655,14.6936,0.3653,59.3804,1.1678,2646.0457,162.5536,12.4780,16.8648,9.0895,16.5695,22.0926,29.825,33.4482,44.5976,11.8163,0.0,2.018664,2.691552,0.981654,30,240,141,4,0.10479828,0.02244119,0.04150452,0E-8,0.000000,0.902668,0.011910,-0.02129501,2026-03-22,2026-08-05,112,5695,2177,137,0.817518,0.739886,0.767145,0.349328,,,,,,,,GLOBAL_BASELINE_NO_ENTITY_RANKING,,,NOT_APPLICABLE_GLOBAL_BASELINE,HF9g-P5,,,,X 全窗基线 · 不参与实体赏罚,14196026,1420,A168_HF9F_20260827_0900,2026-08-27 09:00:00
2026-05-20,110249610,462,0,22.2987813716,-22.2987813716,-22.2987813716,0E-7,1,1,0.49324550000000000,0.493245500000,-0.9865810262130424,-0.9865810262130424,-0.9865810262130424,0E-17,ELIGIBLE,R03b_20260811_FULL_v1,L1_ELIGIBILITY,v2026-08-11,2026-03-21..2026-08-06,baccarat_bet02_101_all_pairs_incl_sentinel,round_win = game_pnl > 0 (decisive only),COMPATIBILITY_ONLY_NOT_PRODUCTION,296357.1217,267511.9505,6650.6079,18220,18206,-0.02244119,-0.04150452,-0.02020951,-0.02244119,-6650.6079,296357.1217,OK,0.0000,266.0243,4.0000,96.0000,AG03-UNRESOLVED,ALL5_LEVELS_bet23_to_bet27,266.0243,266.0243,266.0243,332.5304,332.5304,4.000000,4.000000,4.000000,5.000000,5.000000,96.000000,96.000000,96.000000,95.000000,95.000000,5.0,1463.1337,1340.2688,5187.4742,5310.3391,PENDING_AG03,FALSE,NOT_FOR_ENFORCEMENT,6384.5836,256811.4724,6650.6079,6384.5836,266.0243,0.02244119,0.02154355,266.0243,6384.5836,0.02154355,266.0243,266.0243,266.0243,332.5304,332.5304,6384.5836,0.02154355,1463.1337,1340.2688,5187.4742,5310.3391,0.01750413,0.01791872,0.00089765,16.2655,14.6936,0.3653,59.3804,1.1678,2646.0457,162.5536,12.4780,16.8648,9.0895,16.5695,22.0926,29.825,33.4482,44.5976,11.8163,0.0,2.018664,2.691552,0.981654,30,240,141,4,0.10479828,0.02244119,0.04150452,0E-8,0.000000,0.902668,0.011910,-0.02129501,2026-03-22,2026-08-05,112,5695,2177,137,0.817518,0.739886,0.767145,0.349328,,,,,,,,GLOBAL_BASELINE_NO_ENTITY_RANKING,,,NOT_APPLICABLE_GLOBAL_BASELINE,HF9g-P5,,,,X 全窗基线 · 不参与实体赏罚,14196027,1420,A168_HF9F_20260827_0900,2026-08-27 09:00:00
2026-05-20,110249610,925,0,44.8205505570,-33.5596659643,-33.5596659643,0E-7,3,3,0.50665070000000000,0.506650700000,-1.4331513700195317,-1.4331513700195317,-1.4331513700195317,0E-17,ELIGIBLE,R03b_20260811_FULL_v1,L1_ELIGIBILITY,v2026-08-11,2026-03-21..2026-08-06,baccarat_bet02_101_all_pairs_incl_sentinel,round_win = game_pnl > 0 (decisive only),COMPATIBILITY_ONLY_NOT_PRODUCTION,296357.1217,267511.9505,6650.6079,18220,18206,-0.02244119,-0.04150452,-0.02020951,-0.02244119,-6650.6079,296357.1217,OK,0.0000,266.0243,4.0000,96.0000,AG03-UNRESOLVED,ALL5_LEVELS_bet23_to_bet27,266.0243,266.0243,266.0243,332.5304,332.5304,4.000000,4.000000,4.000000,5.000000,5.000000,96.000000,96.000000,96.000000,95.000000,95.000000,5.0,1463.1337,1340.2688,5187.4742,5310.3391,PENDING_AG03,FALSE,NOT_FOR_ENFORCEMENT,6384.5836,256811.4724,6650.6079,6384.5836,266.0243,0.02244119,0.02154355,266.0243,6384.5836,0.02154355,266.0243,266.0243,266.0243,332.5304,332.5304,6384.5836,0.02154355,1463.1337,1340.2688,5187.4742,5310.3391,0.01750413,0.01791872,0.00089765,16.2655,14.6936,0.3653,59.3804,1.1678,2646.0457,162.5536,12.4780,16.8648,9.0895,16.5695,22.0926,29.825,33.4482,44.5976,11.8163,0.0,2.018664,2.691552,0.981654,30,240,141,4,0.10479828,0.02244119,0.04150452,0E-8,0.000000,0.902668,0.011910,-0.02129501,2026-03-22,2026-08-05,112,5695,2177,137,0.817518,0.739886,0.767145,0.349328,,,,,,,,GLOBAL_BASELINE_NO_ENTITY_RANKING,,,NOT_APPLICABLE_GLOBAL_BASELINE,HF9g-P5,,,,X 全窗基线 · 不参与实体赏罚,14196028,1420,A168_HF9F_20260827_0900,2026-08-27 09:00:00
2026-05-20,110249610,986,0,11.1493906858,-11.1493906858,-11.1493906858,0E-7,1,1,0.50665070000000000,0.506650700000,-1.013391052207602,-1.013391052207602,-1.013391052207602,0E-17,ELIGIBLE,R03b_20260811_FULL_v1,L1_ELIGIBILITY,v2026-08-11,2026-03-21..2026-08-06,baccarat_bet02_101_all_pairs_incl_sentinel,round_win = game_pnl > 0 (decisive only),COMPATIBILITY_ONLY_NOT_PRODUCTION,296357.1217,267511.9505,6650.6079,18220,18206,-0.02244119,-0.04150452,-0.02020951,-0.02244119,-6650.6079,296357.1217,OK,0.0000,266.0243,4.0000,96.0000,AG03-UNRESOLVED,ALL5_LEVELS_bet23_to_bet27,266.0243,266.0243,266.0243,332.5304,332.5304,4.000000,4.000000,4.000000,5.000000,5.000000,96.000000,96.000000,96.000000,95.000000,95.000000,5.0,1463.1337,1340.2688,5187.4742,5310.3391,PENDING_AG03,FALSE,NOT_FOR_ENFORCEMENT,6384.5836,256811.4724,6650.6079,6384.5836,266.0243,0.02244119,0.02154355,266.0243,6384.5836,0.02154355,266.0243,266.0243,266.0243,332.5304,332.5304,6384.5836,0.02154355,1463.1337,1340.2688,5187.4742,5310.3391,0.01750413,0.01791872,0.00089765,16.2655,14.6936,0.3653,59.3804,1.1678,2646.0457,162.5536,12.4780,16.8648,9.0895,16.5695,22.0926,29.825,33.4482,44.5976,11.8163,0.0,2.018664,2.691552,0.981654,30,240,141,4,0.10479828,0.02244119,0.04150452,0E-8,0.000000,0.902668,0.011910,-0.02129501,2026-03-22,2026-08-05,112,5695,2177,137,0.817518,0.739886,0.767145,0.349328,,,,,,,,GLOBAL_BASELINE_NO_ENTITY_RANKING,,,NOT_APPLICABLE_GLOBAL_BASELINE,HF9g-P5,,,,X 全窗基线 · 不参与实体赏罚,14196029,1420,A168_HF9F_20260827_0900,2026-08-27 09:00:00
2026-05-20,110249610,994,0,72.4710394577,-39.8590717017,-39.8590717017,0.3333333,3,3,0.50665070000000000,0.506650700000,-0.6004420894325239,-0.6004420894325239,-0.6004420894325239,0E-17,ELIGIBLE,R03b_20260811_FULL_v1,L1_ELIGIBILITY,v2026-08-11,2026-03-21..2026-08-06,baccarat_bet02_101_all_pairs_incl_sentinel,round_win = game_pnl > 0 (decisive only),COMPATIBILITY_ONLY_NOT_PRODUCTION,296357.1217,267511.9505,6650.6079,18220,18206,-0.02244119,-0.04150452,-0.02020951,-0.02244119,-6650.6079,296357.1217,OK,0.0000,266.0243,4.0000,96.0000,AG03-UNRESOLVED,ALL5_LEVELS_bet23_to_bet27,266.0243,266.0243,266.0243,332.5304,332.5304,4.000000,4.000000,4.000000,5.000000,5.000000,96.000000,96.000000,96.000000,95.000000,95.000000,5.0,1463.1337,1340.2688,5187.4742,5310.3391,PENDING_AG03,FALSE,NOT_FOR_ENFORCEMENT,6384.5836,256811.4724,6650.6079,6384.5836,266.0243,0.02244119,0.02154355,266.0243,6384.5836,0.02154355,266.0243,266.0243,266.0243,332.5304,332.5304,6384.5836,0.02154355,1463.1337,1340.2688,5187.4742,5310.3391,0.01750413,0.01791872,0.00089765,16.2655,14.6936,0.3653,59.3804,1.1678,2646.0457,162.5536,12.4780,16.8648,9.0895,16.5695,22.0926,29.825,33.4482,44.5976,11.8163,0.0,2.018664,2.691552,0.981654,30,240,141,4,0.10479828,0.02244119,0.04150452,0E-8,0.000000,0.902668,0.011910,-0.02129501,2026-03-22,2026-08-05,112,5695,2177,137,0.817518,0.739886,0.767145,0.349328,,,,,,,,GLOBAL_BASELINE_NO_ENTITY_RANKING,,,NOT_APPLICABLE_GLOBAL_BASELINE,HF9g-P5,,,,X 全窗基线 · 不参与实体赏罚,14196030,1420,A168_HF9F_20260827_0900,2026-08-27 09:00:00
2026-05-21,110249610,-1,1,206.8211972217,-28.8769218763,-28.8769218763,0.4000000,15,15,0.49771390000000000,0.497713900000,-0.756896526293102,-0.756896526293102,-0.756896526293102,0E-17,SENTINEL_DEALER,R03b_20260811_FULL_v1,L1_ELIGIBILITY,v2026-08-11,2026-03-21..2026-08-06,baccarat_bet02_101_all_pairs_incl_sentinel,round_win = game_pnl > 0 (decisive only),COMPATIBILITY_ONLY_NOT_PRODUCTION,296357.1217,267511.9505,6650.6079,18220,18206,-0.02244119,-0.04150452,-0.02020951,-0.02244119,-6650.6079,296357.1217,OK,0.0000,266.0243,4.0000,96.0000,AG03-UNRESOLVED,ALL5_LEVELS_bet23_to_bet27,266.0243,266.0243,266.0243,332.5304,332.5304,4.000000,4.000000,4.000000,5.000000,5.000000,96.000000,96.000000,96.000000,95.000000,95.000000,5.0,1463.1337,1340.2688,5187.4742,5310.3391,PENDING_AG03,FALSE,NOT_FOR_ENFORCEMENT,6384.5836,256811.4724,6650.6079,6384.5836,266.0243,0.02244119,0.02154355,266.0243,6384.5836,0.02154355,266.0243,266.0243,266.0243,332.5304,332.5304,6384.5836,0.02154355,1463.1337,1340.2688,5187.4742,5310.3391,0.01750413,0.01791872,0.00089765,16.2655,14.6936,0.3653,59.3804,1.1678,2646.0457,162.5536,12.4780,16.8648,9.0895,16.5695,22.0926,29.825,33.4482,44.5976,11.8163,0.0,2.018664,2.691552,0.981654,30,240,141,4,0.10479828,0.02244119,0.04150452,0E-8,0.000000,0.902668,0.011910,-0.02129501,2026-03-22,2026-08-05,112,5695,2177,137,0.817518,0.739886,0.767145,0.349328,,,,,,,,GLOBAL_BASELINE_NO_ENTITY_RANKING,,,NOT_APPLICABLE_GLOBAL_BASELINE,HF9g-P5,,,,X 全窗基线 · 不参与实体赏罚,14196031,1420,A168_HF9F_20260827_0900,2026-08-27 09:00:00
2026-05-21,110249610,1300,0,18.9539641659,-18.9539641659,-18.9539641659,0E-7,1,1,0.50665070000000000,0.506650700000,-1.013391052207602,-1.013391052207602,-1.013391052207602,0E-17,ELIGIBLE,R03b_20260811_FULL_v1,L1_ELIGIBILITY,v2026-08-11,2026-03-21..2026-08-06,baccarat_bet02_101_all_pairs_incl_sentinel,round_win = game_pnl > 0 (decisive only),COMPATIBILITY_ONLY_NOT_PRODUCTION,296357.1217,267511.9505,6650.6079,18220,18206,-0.02244119,-0.04150452,-0.02020951,-0.02244119,-6650.6079,296357.1217,OK,0.0000,266.0243,4.0000,96.0000,AG03-UNRESOLVED,ALL5_LEVELS_bet23_to_bet27,266.0243,266.0243,266.0243,332.5304,332.5304,4.000000,4.000000,4.000000,5.000000,5.000000,96.000000,96.000000,96.000000,95.000000,95.000000,5.0,1463.1337,1340.2688,5187.4742,5310.3391,PENDING_AG03,FALSE,NOT_FOR_ENFORCEMENT,6384.5836,256811.4724,6650.6079,6384.5836,266.0243,0.02244119,0.02154355,266.0243,6384.5836,0.02154355,266.0243,266.0243,266.0243,332.5304,332.5304,6384.5836,0.02154355,1463.1337,1340.2688,5187.4742,5310.3391,0.01750413,0.01791872,0.00089765,16.2655,14.6936,0.3653,59.3804,1.1678,2646.0457,162.5536,12.4780,16.8648,9.0895,16.5695,22.0926,29.825,33.4482,44.5976,11.8163,0.0,2.018664,2.691552,0.981654,30,240,141,4,0.10479828,0.02244119,0.04150452,0E-8,0.000000,0.902668,0.011910,-0.02129501,2026-03-22,2026-08-05,112,5695,2177,137,0.817518,0.739886,0.767145,0.349328,,,,,,,,GLOBAL_BASELINE_NO_ENTITY_RANKING,,,NOT_APPLICABLE_GLOBAL_BASELINE,HF9g-P5,,,,X 全窗基线 · 不参与实体赏罚,14196032,1420,A168_HF9F_20260827_0900,2026-08-27 09:00:00
2026-05-21,110249610,1304,0,22.2987813716,-22.2987813716,-22.2987813716,0E-7,2,2,0.49324550000000000,0.493245500000,-1.3952362676504506,-1.3952362676504506,-1.3952362676504506,0E-17,ELIGIBLE,R03b_20260811_FULL_v1,L1_ELIGIBILITY,v2026-08-11,2026-03-21..2026-08-06,baccarat_bet02_101_all_pairs_incl_sentinel,round_win = game_pnl > 0 (decisive only),COMPATIBILITY_ONLY_NOT_PRODUCTION,296357.1217,267511.9505,6650.6079,18220,18206,-0.02244119,-0.04150452,-0.02020951,-0.02244119,-6650.6079,296357.1217,OK,0.0000,266.0243,4.0000,96.0000,AG03-UNRESOLVED,ALL5_LEVELS_bet23_to_bet27,266.0243,266.0243,266.0243,332.5304,332.5304,4.000000,4.000000,4.000000,5.000000,5.000000,96.000000,96.000000,96.000000,95.000000,95.000000,5.0,1463.1337,1340.2688,5187.4742,5310.3391,PENDING_AG03,FALSE,NOT_FOR_ENFORCEMENT,6384.5836,256811.4724,6650.6079,6384.5836,266.0243,0.02244119,0.02154355,266.0243,6384.5836,0.02154355,266.0243,266.0243,266.0243,332.5304,332.5304,6384.5836,0.02154355,1463.1337,1340.2688,5187.4742,5310.3391,0.01750413,0.01791872,0.00089765,16.2655,14.6936,0.3653,59.3804,1.1678,2646.0457,162.5536,12.4780,16.8648,9.0895,16.5695,22.0926,29.825,33.4482,44.5976,11.8163,0.0,2.018664,2.691552,0.981654,30,240,141,4,0.10479828,0.02244119,0.04150452,0E-8,0.000000,0.902668,0.011910,-0.02129501,2026-03-22,2026-08-05,112,5695,2177,137,0.817518,0.739886,0.767145,0.349328,,,,,,,,GLOBAL_BASELINE_NO_ENTITY_RANKING,,,NOT_APPLICABLE_GLOBAL_BASELINE,HF9g-P5,,,,X 全窗基线 · 不参与实体赏罚,14196033,1420,A168_HF9F_20260827_0900,2026-08-27 09:00:00
2026-05-21,110249610,1307,0,76.3733261977,-0.2787347671,-0.2787347671,0.6000000,5,5,0.50665070000000000,0.506650700000,0.4175076967804994,0.4175076967804994,0.4175076967804994,0E-17,ELIGIBLE,R03b_20260811_FULL_v1,L1_ELIGIBILITY,v2026-08-11,2026-03-21..2026-08-06,baccarat_bet02_101_all_pairs_incl_sentinel,round_win = game_pnl > 0 (decisive only),COMPATIBILITY_ONLY_NOT_PRODUCTION,296357.1217,267511.9505,6650.6079,18220,18206,-0.02244119,-0.04150452,-0.02020951,-0.02244119,-6650.6079,296357.1217,OK,0.0000,266.0243,4.0000,96.0000,AG03-UNRESOLVED,ALL5_LEVELS_bet23_to_bet27,266.0243,266.0243,266.0243,332.5304,332.5304,4.000000,4.000000,4.000000,5.000000,5.000000,96.000000,96.000000,96.000000,95.000000,95.000000,5.0,1463.1337,1340.2688,5187.4742,5310.3391,PENDING_AG03,FALSE,NOT_FOR_ENFORCEMENT,6384.5836,256811.4724,6650.6079,6384.5836,266.0243,0.02244119,0.02154355,266.0243,6384.5836,0.02154355,266.0243,266.0243,266.0243,332.5304,332.5304,6384.5836,0.02154355,1463.1337,1340.2688,5187.4742,5310.3391,0.01750413,0.01791872,0.00089765,16.2655,14.6936,0.3653,59.3804,1.1678,2646.0457,162.5536,12.4780,16.8648,9.0895,16.5695,22.0926,29.825,33.4482,44.5976,11.8163,0.0,2.018664,2.691552,0.981654,30,240,141,4,0.10479828,0.02244119,0.04150452,0E-8,0.000000,0.902668,0.011910,-0.02129501,2026-03-22,2026-08-05,112,5695,2177,137,0.817518,0.739886,0.767145,0.349328,,,,,,,,GLOBAL_BASELINE_NO_ENTITY_RANKING,,,NOT_APPLICABLE_GLOBAL_BASELINE,HF9g-P5,,,,X 全窗基线 · 不参与实体赏罚,14196034,1420,A168_HF9F_20260827_0900,2026-08-27 09:00:00
2026-05-21,110249610,1331,0,13.4907627298,-13.4907627298,-13.4907627298,0E-7,1,1,0.49324550000000000,0.493245500000,-0.9865810262130424,-0.9865810262130424,-0.9865810262130424,0E-17,ELIGIBLE,R03b_20260811_FULL_v1,L1_ELIGIBILITY,v2026-08-11,2026-03-21..2026-08-06,baccarat_bet02_101_all_pairs_incl_sentinel,round_win = game_pnl > 0 (decisive only),COMPATIBILITY_ONLY_NOT_PRODUCTION,296357.1217,267511.9505,6650.6079,18220,18206,-0.02244119,-0.04150452,-0.02020951,-0.02244119,-6650.6079,296357.1217,OK,0.0000,266.0243,4.0000,96.0000,AG03-UNRESOLVED,ALL5_LEVELS_bet23_to_bet27,266.0243,266.0243,266.0243,332.5304,332.5304,4.000000,4.000000,4.000000,5.000000,5.000000,96.000000,96.000000,96.000000,95.000000,95.000000,5.0,1463.1337,1340.2688,5187.4742,5310.3391,PENDING_AG03,FALSE,NOT_FOR_ENFORCEMENT,6384.5836,256811.4724,6650.6079,6384.5836,266.0243,0.02244119,0.02154355,266.0243,6384.5836,0.02154355,266.0243,266.0243,266.0243,332.5304,332.5304,6384.5836,0.02154355,1463.1337,1340.2688,5187.4742,5310.3391,0.01750413,0.01791872,0.00089765,16.2655,14.6936,0.3653,59.3804,1.1678,2646.0457,162.5536,12.4780,16.8648,9.0895,16.5695,22.0926,29.825,33.4482,44.5976,11.8163,0.0,2.018664,2.691552,0.981654,30,240,141,4,0.10479828,0.02244119,0.04150452,0E-8,0.000000,0.902668,0.011910,-0.02129501,2026-03-22,2026-08-05,112,5695,2177,137,0.817518,0.739886,0.767145,0.349328,,,,,,,,GLOBAL_BASELINE_NO_ENTITY_RANKING,,,NOT_APPLICABLE_GLOBAL_BASELINE,HF9g-P5,,,,X 全窗基线 · 不参与实体赏罚,14196035,1420,A168_HF9F_20260827_0900,2026-08-27 09:00:00
2026-05-21,110249610,1941,0,16.8355799356,-5.4632014360,-5.4632014360,0.5000000,2,2,0.49324550000000000,0.493245500000,0.01910635448239258,0.01910635448239258,0.01910635448239258,0E-17,ELIGIBLE,R03b_20260811_FULL_v1,L1_ELIGIBILITY,v2026-08-11,2026-03-21..2026-08-06,baccarat_bet02_101_all_pairs_incl_sentinel,round_win = game_pnl > 0 (decisive only),COMPATIBILITY_ONLY_NOT_PRODUCTION,296357.1217,267511.9505,6650.6079,18220,18206,-0.02244119,-0.04150452,-0.02020951,-0.02244119,-6650.6079,296357.1217,OK,0.0000,266.0243,4.0000,96.0000,AG03-UNRESOLVED,ALL5_LEVELS_bet23_to_bet27,266.0243,266.0243,266.0243,332.5304,332.5304,4.000000,4.000000,4.000000,5.000000,5.000000,96.000000,96.000000,96.000000,95.000000,95.000000,5.0,1463.1337,1340.2688,5187.4742,5310.3391,PENDING_AG03,FALSE,NOT_FOR_ENFORCEMENT,6384.5836,256811.4724,6650.6079,6384.5836,266.0243,0.02244119,0.02154355,266.0243,6384.5836,0.02154355,266.0243,266.0243,266.0243,332.5304,332.5304,6384.5836,0.02154355,1463.1337,1340.2688,5187.4742,5310.3391,0.01750413,0.01791872,0.00089765,16.2655,14.6936,0.3653,59.3804,1.1678,2646.0457,162.5536,12.4780,16.8648,9.0895,16.5695,22.0926,29.825,33.4482,44.5976,11.8163,0.0,2.018664,2.691552,0.981654,30,240,141,4,0.10479828,0.02244119,0.04150452,0E-8,0.000000,0.902668,0.011910,-0.02129501,2026-03-22,2026-08-05,112,5695,2177,137,0.817518,0.739886,0.767145,0.349328,,,,,,,,GLOBAL_BASELINE_NO_ENTITY_RANKING,,,NOT_APPLICABLE_GLOBAL_BASELINE,HF9g-P5,,,,X 全窗基线 · 不参与实体赏罚,14196036,1420,A168_HF9F_20260827_0900,2026-08-27 09:00:00
2026-05-21,110249610,1965,0,11.1493906858,-11.1493906858,-11.1493906858,0E-7,1,1,0.49324550000000000,0.493245500000,-0.9865810262130424,-0.9865810262130424,-0.9865810262130424,0E-17,ELIGIBLE,R03b_20260811_FULL_v1,L1_ELIGIBILITY,v2026-08-11,2026-03-21..2026-08-06,baccarat_bet02_101_all_pairs_incl_sentinel,round_win = game_pnl > 0 (decisive only),COMPATIBILITY_ONLY_NOT_PRODUCTION,296357.1217,267511.9505,6650.6079,18220,18206,-0.02244119,-0.04150452,-0.02020951,-0.02244119,-6650.6079,296357.1217,OK,0.0000,266.0243,4.0000,96.0000,AG03-UNRESOLVED,ALL5_LEVELS_bet23_to_bet27,266.0243,266.0243,266.0243,332.5304,332.5304,4.000000,4.000000,4.000000,5.000000,5.000000,96.000000,96.000000,96.000000,95.000000,95.000000,5.0,1463.1337,1340.2688,5187.4742,5310.3391,PENDING_AG03,FALSE,NOT_FOR_ENFORCEMENT,6384.5836,256811.4724,6650.6079,6384.5836,266.0243,0.02244119,0.02154355,266.0243,6384.5836,0.02154355,266.0243,266.0243,266.0243,332.5304,332.5304,6384.5836,0.02154355,1463.1337,1340.2688,5187.4742,5310.3391,0.01750413,0.01791872,0.00089765,16.2655,14.6936,0.3653,59.3804,1.1678,2646.0457,162.5536,12.4780,16.8648,9.0895,16.5695,22.0926,29.825,33.4482,44.5976,11.8163,0.0,2.018664,2.691552,0.981654,30,240,141,4,0.10479828,0.02244119,0.04150452,0E-8,0.000000,0.902668,0.011910,-0.02129501,2026-03-22,2026-08-05,112,5695,2177,137,0.817518,0.739886,0.767145,0.349328,,,,,,,,GLOBAL_BASELINE_NO_ENTITY_RANKING,,,NOT_APPLICABLE_GLOBAL_BASELINE,HF9g-P5,,,,X 全窗基线 · 不参与实体赏罚,14196037,1420,A168_HF9F_20260827_0900,2026-08-27 09:00:00
2026-05-21,110249610,1966,0,28.2079584351,-11.1493906858,-11.1493906858,0E-7,2,2,0.49324550000000000,0.493245500000,-0.9865810262130424,-0.9865810262130424,-0.9865810262130424,0E-17,ELIGIBLE,R03b_20260811_FULL_v1,L1_ELIGIBILITY,v2026-08-11,2026-03-21..2026-08-06,baccarat_bet02_101_all_pairs_incl_sentinel,round_win = game_pnl > 0 (decisive only),COMPATIBILITY_ONLY_NOT_PRODUCTION,296357.1217,267511.9505,6650.6079,18220,18206,-0.02244119,-0.04150452,-0.02020951,-0.02244119,-6650.6079,296357.1217,OK,0.0000,266.0243,4.0000,96.0000,AG03-UNRESOLVED,ALL5_LEVELS_bet23_to_bet27,266.0243,266.0243,266.0243,332.5304,332.5304,4.000000,4.000000,4.000000,5.000000,5.000000,96.000000,96.000000,96.000000,95.000000,95.000000,5.0,1463.1337,1340.2688,5187.4742,5310.3391,PENDING_AG03,FALSE,NOT_FOR_ENFORCEMENT,6384.5836,256811.4724,6650.6079,6384.5836,266.0243,0.02244119,0.02154355,266.0243,6384.5836,0.02154355,266.0243,266.0243,266.0243,332.5304,332.5304,6384.5836,0.02154355,1463.1337,1340.2688,5187.4742,5310.3391,0.01750413,0.01791872,0.00089765,16.2655,14.6936,0.3653,59.3804,1.1678,2646.0457,162.5536,12.4780,16.8648,9.0895,16.5695,22.0926,29.825,33.4482,44.5976,11.8163,0.0,2.018664,2.691552,0.981654,30,240,141,4,0.10479828,0.02244119,0.04150452,0E-8,0.000000,0.902668,0.011910,-0.02129501,2026-03-22,2026-08-05,112,5695,2177,137,0.817518,0.739886,0.767145,0.349328,,,,,,,,GLOBAL_BASELINE_NO_ENTITY_RANKING,,,NOT_APPLICABLE_GLOBAL_BASELINE,HF9g-P5,,,,X 全窗基线 · 不参与实体赏罚,14196038,1420,A168_HF9F_20260827_0900,2026-08-27 09:00:00
2026-05-21,110249610,1985,0,22.2987813716,-22.2987813716,-22.2987813716,0E-7,1,1,0.50665070000000000,0.506650700000,-1.013391052207602,-1.013391052207602,-1.013391052207602,0E-17,ELIGIBLE,R03b_20260811_FULL_v1,L1_ELIGIBILITY,v2026-08-11,2026-03-21..2026-08-06,baccarat_bet02_101_all_pairs_incl_sentinel,round_win = game_pnl > 0 (decisive only),COMPATIBILITY_ONLY_NOT_PRODUCTION,296357.1217,267511.9505,6650.6079,18220,18206,-0.02244119,-0.04150452,-0.02020951,-0.02244119,-6650.6079,296357.1217,OK,0.0000,266.0243,4.0000,96.0000,AG03-UNRESOLVED,ALL5_LEVELS_bet23_to_bet27,266.0243,266.0243,266.0243,332.5304,332.5304,4.000000,4.000000,4.000000,5.000000,5.000000,96.000000,96.000000,96.000000,95.000000,95.000000,5.0,1463.1337,1340.2688,5187.4742,5310.3391,PENDING_AG03,FALSE,NOT_FOR_ENFORCEMENT,6384.5836,256811.4724,6650.6079,6384.5836,266.0243,0.02244119,0.02154355,266.0243,6384.5836,0.02154355,266.0243,266.0243,266.0243,332.5304,332.5304,6384.5836,0.02154355,1463.1337,1340.2688,5187.4742,5310.3391,0.01750413,0.01791872,0.00089765,16.2655,14.6936,0.3653,59.3804,1.1678,2646.0457,162.5536,12.4780,16.8648,9.0895,16.5695,22.0926,29.825,33.4482,44.5976,11.8163,0.0,2.018664,2.691552,0.981654,30,240,141,4,0.10479828,0.02244119,0.04150452,0E-8,0.000000,0.902668,0.011910,-0.02129501,2026-03-22,2026-08-05,112,5695,2177,137,0.817518,0.739886,0.767145,0.349328,,,,,,,,GLOBAL_BASELINE_NO_ENTITY_RANKING,,,NOT_APPLICABLE_GLOBAL_BASELINE,HF9g-P5,,,,X 全窗基线 · 不参与实体赏罚,14196039,1420,A168_HF9F_20260827_0900,2026-08-27 09:00:00
2026-05-21,110249610,2088,0,29.2114035968,-29.2114035968,-29.2114035968,0E-7,2,2,0.49324550000000000,0.493245500000,-1.3952362676504506,-1.3952362676504506,-1.3952362676504506,0E-17,ELIGIBLE,R03b_20260811_FULL_v1,L1_ELIGIBILITY,v2026-08-11,2026-03-21..2026-08-06,baccarat_bet02_101_all_pairs_incl_sentinel,round_win = game_pnl > 0 (decisive only),COMPATIBILITY_ONLY_NOT_PRODUCTION,296357.1217,267511.9505,6650.6079,18220,18206,-0.02244119,-0.04150452,-0.02020951,-0.02244119,-6650.6079,296357.1217,OK,0.0000,266.0243,4.0000,96.0000,AG03-UNRESOLVED,ALL5_LEVELS_bet23_to_bet27,266.0243,266.0243,266.0243,332.5304,332.5304,4.000000,4.000000,4.000000,5.000000,5.000000,96.000000,96.000000,96.000000,95.000000,95.000000,5.0,1463.1337,1340.2688,5187.4742,5310.3391,PENDING_AG03,FALSE,NOT_FOR_ENFORCEMENT,6384.5836,256811.4724,6650.6079,6384.5836,266.0243,0.02244119,0.02154355,266.0243,6384.5836,0.02154355,266.0243,266.0243,266.0243,332.5304,332.5304,6384.5836,0.02154355,1463.1337,1340.2688,5187.4742,5310.3391,0.01750413,0.01791872,0.00089765,16.2655,14.6936,0.3653,59.3804,1.1678,2646.0457,162.5536,12.4780,16.8648,9.0895,16.5695,22.0926,29.825,33.4482,44.5976,11.8163,0.0,2.018664,2.691552,0.981654,30,240,141,4,0.10479828,0.02244119,0.04150452,0E-8,0.000000,0.902668,0.011910,-0.02129501,2026-03-22,2026-08-05,112,5695,2177,137,0.817518,0.739886,0.767145,0.349328,,,,,,,,GLOBAL_BASELINE_NO_ENTITY_RANKING,,,NOT_APPLICABLE_GLOBAL_BASELINE,HF9g-P5,,,,X 全窗基线 · 不参与实体赏罚,14196040,1420,A168_HF9F_20260827_0900,2026-08-27 09:00:00
2026-05-21,110249610,2177,0,55.7469534290,-23.1349856730,-23.1349856730,0.4000000,5,5,0.50665070000000000,0.506650700000,-0.4769986289884125,-0.4769986289884125,-0.4769986289884125,0E-17,ELIGIBLE,R03b_20260811_FULL_v1,L1_ELIGIBILITY,v2026-08-11,2026-03-21..2026-08-06,baccarat_bet02_101_all_pairs_incl_sentinel,round_win = game_pnl > 0 (decisive only),COMPATIBILITY_ONLY_NOT_PRODUCTION,296357.1217,267511.9505,6650.6079,18220,18206,-0.02244119,-0.04150452,-0.02020951,-0.02244119,-6650.6079,296357.1217,OK,0.0000,266.0243,4.0000,96.0000,AG03-UNRESOLVED,ALL5_LEVELS_bet23_to_bet27,266.0243,266.0243,266.0243,332.5304,332.5304,4.000000,4.000000,4.000000,5.000000,5.000000,96.000000,96.000000,96.000000,95.000000,95.000000,5.0,1463.1337,1340.2688,5187.4742,5310.3391,PENDING_AG03,FALSE,NOT_FOR_ENFORCEMENT,6384.5836,256811.4724,6650.6079,6384.5836,266.0243,0.02244119,0.02154355,266.0243,6384.5836,0.02154355,266.0243,266.0243,266.0243,332.5304,332.5304,6384.5836,0.02154355,1463.1337,1340.2688,5187.4742,5310.3391,0.01750413,0.01791872,0.00089765,16.2655,14.6936,0.3653,59.3804,1.1678,2646.0457,162.5536,12.4780,16.8648,9.0895,16.5695,22.0926,29.825,33.4482,44.5976,11.8163,0.0,2.018664,2.691552,0.981654,30,240,141,4,0.10479828,0.02244119,0.04150452,0E-8,0.000000,0.902668,0.011910,-0.02129501,2026-03-22,2026-08-05,112,5695,2177,137,0.817518,0.739886,0.767145,0.349328,,,,,,,,GLOBAL_BASELINE_NO_ENTITY_RANKING,,,NOT_APPLICABLE_GLOBAL_BASELINE,HF9g-P5,,,,X 全窗基线 · 不参与实体赏罚,14196041,1420,A168_HF9F_20260827_0900,2026-08-27 09:00:00
2026-05-21,110249610,2188,0,56.3044229633,17.6160372836,17.6160372836,0.6666667,3,3,0.50665070000000000,0.506650700000,0.5543606114942035,0.5543606114942035,0.5543606114942035,0E-17,ELIGIBLE,R03b_20260811_FULL_v1,L1_ELIGIBILITY,v2026-08-11,2026-03-21..2026-08-06,baccarat_bet02_101_all_pairs_incl_sentinel,round_win = game_pnl > 0 (decisive only),COMPATIBILITY_ONLY_NOT_PRODUCTION,296357.1217,267511.9505,6650.6079,18220,18206,-0.02244119,-0.04150452,-0.02020951,-0.02244119,-6650.6079,296357.1217,OK,0.0000,266.0243,4.0000,96.0000,AG03-UNRESOLVED,ALL5_LEVELS_bet23_to_bet27,266.0243,266.0243,266.0243,332.5304,332.5304,4.000000,4.000000,4.000000,5.000000,5.000000,96.000000,96.000000,96.000000,95.000000,95.000000,5.0,1463.1337,1340.2688,5187.4742,5310.3391,PENDING_AG03,FALSE,NOT_FOR_ENFORCEMENT,6384.5836,256811.4724,6650.6079,6384.5836,266.0243,0.02244119,0.02154355,266.0243,6384.5836,0.02154355,266.0243,266.0243,266.0243,332.5304,332.5304,6384.5836,0.02154355,1463.1337,1340.2688,5187.4742,5310.3391,0.01750413,0.01791872,0.00089765,16.2655,14.6936,0.3653,59.3804,1.1678,2646.0457,162.5536,12.4780,16.8648,9.0895,16.5695,22.0926,29.825,33.4482,44.5976,11.8163,0.0,2.018664,2.691552,0.981654,30,240,141,4,0.10479828,0.02244119,0.04150452,0E-8,0.000000,0.902668,0.011910,-0.02129501,2026-03-22,2026-08-05,112,5695,2177,137,0.817518,0.739886,0.767145,0.349328,,,,,,,,GLOBAL_BASELINE_NO_ENTITY_RANKING,,,NOT_APPLICABLE_GLOBAL_BASELINE,HF9g-P5,,,,X 全窗基线 · 不参与实体赏罚,14196042,1420,A168_HF9F_20260827_0900,2026-08-27 09:00:00
2026-05-21,110249610,2230,0,124.6501878673,23.3022265333,23.3022265333,0.7500000,5,5,0.49324550000000000,0.493245500000,1.0271117246678039,1.0271117246678039,1.0271117246678039,0E-17,ELIGIBLE,R03b_20260811_FULL_v1,L1_ELIGIBILITY,v2026-08-11,2026-03-21..2026-08-06,baccarat_bet02_101_all_pairs_incl_sentinel,round_win = game_pnl > 0 (decisive only),COMPATIBILITY_ONLY_NOT_PRODUCTION,296357.1217,267511.9505,6650.6079,18220,18206,-0.02244119,-0.04150452,-0.02020951,-0.02244119,-6650.6079,296357.1217,OK,0.0000,266.0243,4.0000,96.0000,AG03-UNRESOLVED,ALL5_LEVELS_bet23_to_bet27,266.0243,266.0243,266.0243,332.5304,332.5304,4.000000,4.000000,4.000000,5.000000,5.000000,96.000000,96.000000,96.000000,95.000000,95.000000,5.0,1463.1337,1340.2688,5187.4742,5310.3391,PENDING_AG03,FALSE,NOT_FOR_ENFORCEMENT,6384.5836,256811.4724,6650.6079,6384.5836,266.0243,0.02244119,0.02154355,266.0243,6384.5836,0.02154355,266.0243,266.0243,266.0243,332.5304,332.5304,6384.5836,0.02154355,1463.1337,1340.2688,5187.4742,5310.3391,0.01750413,0.01791872,0.00089765,16.2655,14.6936,0.3653,59.3804,1.1678,2646.0457,162.5536,12.4780,16.8648,9.0895,16.5695,22.0926,29.825,33.4482,44.5976,11.8163,0.0,2.018664,2.691552,0.981654,30,240,141,4,0.10479828,0.02244119,0.04150452,0E-8,0.000000,0.902668,0.011910,-0.02129501,2026-03-22,2026-08-05,112,5695,2177,137,0.817518,0.739886,0.767145,0.349328,,,,,,,,GLOBAL_BASELINE_NO_ENTITY_RANKING,,,NOT_APPLICABLE_GLOBAL_BASELINE,HF9g-P5,,,,X 全窗基线 · 不参与实体赏罚,14196043,1420,A168_HF9F_20260827_0900,2026-08-27 09:00:00
2026-05-21,110249610,471,0,37.9079283317,-5.2959605757,-5.2959605757,0.6666667,3,3,0.50665070000000000,0.506650700000,0.5543606114942035,0.5543606114942035,0.5543606114942035,0E-17,ELIGIBLE,R03b_20260811_FULL_v1,L1_ELIGIBILITY,v2026-08-11,2026-03-21..2026-08-06,baccarat_bet02_101_all_pairs_incl_sentinel,round_win = game_pnl > 0 (decisive only),COMPATIBILITY_ONLY_NOT_PRODUCTION,296357.1217,267511.9505,6650.6079,18220,18206,-0.02244119,-0.04150452,-0.02020951,-0.02244119,-6650.6079,296357.1217,OK,0.0000,266.0243,4.0000,96.0000,AG03-UNRESOLVED,ALL5_LEVELS_bet23_to_bet27,266.0243,266.0243,266.0243,332.5304,332.5304,4.000000,4.000000,4.000000,5.000000,5.000000,96.000000,96.000000,96.000000,95.000000,95.000000,5.0,1463.1337,1340.2688,5187.4742,5310.3391,PENDING_AG03,FALSE,NOT_FOR_ENFORCEMENT,6384.5836,256811.4724,6650.6079,6384.5836,266.0243,0.02244119,0.02154355,266.0243,6384.5836,0.02154355,266.0243,266.0243,266.0243,332.5304,332.5304,6384.5836,0.02154355,1463.1337,1340.2688,5187.4742,5310.3391,0.01750413,0.01791872,0.00089765,16.2655,14.6936,0.3653,59.3804,1.1678,2646.0457,162.5536,12.4780,16.8648,9.0895,16.5695,22.0926,29.825,33.4482,44.5976,11.8163,0.0,2.018664,2.691552,0.981654,30,240,141,4,0.10479828,0.02244119,0.04150452,0E-8,0.000000,0.902668,0.011910,-0.02129501,2026-03-22,2026-08-05,112,5695,2177,137,0.817518,0.739886,0.767145,0.349328,,,,,,,,GLOBAL_BASELINE_NO_ENTITY_RANKING,,,NOT_APPLICABLE_GLOBAL_BASELINE,HF9g-P5,,,,X 全窗基线 · 不参与实体赏罚,14196044,1420,A168_HF9F_20260827_0900,2026-08-27 09:00:00
2026-05-22,110249610,-1,1,85.8503082806,-42.0889498388,-42.0889498388,0.2000000,6,6,0.50665070000000000,0.506650700000,-1.3715049547573244,-1.3715049547573244,-1.3715049547573244,0E-17,SENTINEL_DEALER,R03b_20260811_FULL_v1,L1_ELIGIBILITY,v2026-08-11,2026-03-21..2026-08-06,baccarat_bet02_101_all_pairs_incl_sentinel,round_win = game_pnl > 0 (decisive only),COMPATIBILITY_ONLY_NOT_PRODUCTION,296357.1217,267511.9505,6650.6079,18220,18206,-0.02244119,-0.04150452,-0.02020951,-0.02244119,-6650.6079,296357.1217,OK,0.0000,266.0243,4.0000,96.0000,AG03-UNRESOLVED,ALL5_LEVELS_bet23_to_bet27,266.0243,266.0243,266.0243,332.5304,332.5304,4.000000,4.000000,4.000000,5.000000,5.000000,96.000000,96.000000,96.000000,95.000000,95.000000,5.0,1463.1337,1340.2688,5187.4742,5310.3391,PENDING_AG03,FALSE,NOT_FOR_ENFORCEMENT,6384.5836,256811.4724,6650.6079,6384.5836,266.0243,0.02244119,0.02154355,266.0243,6384.5836,0.02154355,266.0243,266.0243,266.0243,332.5304,332.5304,6384.5836,0.02154355,1463.1337,1340.2688,5187.4742,5310.3391,0.01750413,0.01791872,0.00089765,16.2655,14.6936,0.3653,59.3804,1.1678,2646.0457,162.5536,12.4780,16.8648,9.0895,16.5695,22.0926,29.825,33.4482,44.5976,11.8163,0.0,2.018664,2.691552,0.981654,30,240,141,4,0.10479828,0.02244119,0.04150452,0E-8,0.000000,0.902668,0.011910,-0.02129501,2026-03-22,2026-08-05,112,5695,2177,137,0.817518,0.739886,0.767145,0.349328,,,,,,,,GLOBAL_BASELINE_NO_ENTITY_RANKING,,,NOT_APPLICABLE_GLOBAL_BASELINE,HF9g-P5,,,,X 全窗基线 · 不参与实体赏罚,14196045,1420,A168_HF9F_20260827_0900,2026-08-27 09:00:00
2026-05-22,110249610,1115,0,21.7413118373,0E-10,0E-10,0.5000000,2,2,0.50665070000000000,0.506650700000,-0.018812684590367487,-0.018812684590367487,-0.018812684590367487,0E-17,ELIGIBLE,R03b_20260811_FULL_v1,L1_ELIGIBILITY,v2026-08-11,2026-03-21..2026-08-06,baccarat_bet02_101_all_pairs_incl_sentinel,round_win = game_pnl > 0 (decisive only),COMPATIBILITY_ONLY_NOT_PRODUCTION,296357.1217,267511.9505,6650.6079,18220,18206,-0.02244119,-0.04150452,-0.02020951,-0.02244119,-6650.6079,296357.1217,OK,0.0000,266.0243,4.0000,96.0000,AG03-UNRESOLVED,ALL5_LEVELS_bet23_to_bet27,266.0243,266.0243,266.0243,332.5304,332.5304,4.000000,4.000000,4.000000,5.000000,5.000000,96.000000,96.000000,96.000000,95.000000,95.000000,5.0,1463.1337,1340.2688,5187.4742,5310.3391,PENDING_AG03,FALSE,NOT_FOR_ENFORCEMENT,6384.5836,256811.4724,6650.6079,6384.5836,266.0243,0.02244119,0.02154355,266.0243,6384.5836,0.02154355,266.0243,266.0243,266.0243,332.5304,332.5304,6384.5836,0.02154355,1463.1337,1340.2688,5187.4742,5310.3391,0.01750413,0.01791872,0.00089765,16.2655,14.6936,0.3653,59.3804,1.1678,2646.0457,162.5536,12.4780,16.8648,9.0895,16.5695,22.0926,29.825,33.4482,44.5976,11.8163,0.0,2.018664,2.691552,0.981654,30,240,141,4,0.10479828,0.02244119,0.04150452,0E-8,0.000000,0.902668,0.011910,-0.02129501,2026-03-22,2026-08-05,112,5695,2177,137,0.817518,0.739886,0.767145,0.349328,,,,,,,,GLOBAL_BASELINE_NO_ENTITY_RANKING,,,NOT_APPLICABLE_GLOBAL_BASELINE,HF9g-P5,,,,X 全窗基线 · 不参与实体赏罚,14196046,1420,A168_HF9F_20260827_0900,2026-08-27 09:00:00
2026-05-22,110249610,1405,0,5.5746953429,-5.5746953429,-5.5746953429,0E-7,1,1,0.49324550000000000,0.493245500000,-0.9865810262130424,-0.9865810262130424,-0.9865810262130424,0E-17,ELIGIBLE,R03b_20260811_FULL_v1,L1_ELIGIBILITY,v2026-08-11,2026-03-21..2026-08-06,baccarat_bet02_101_all_pairs_incl_sentinel,round_win = game_pnl > 0 (decisive only),COMPATIBILITY_ONLY_NOT_PRODUCTION,296357.1217,267511.9505,6650.6079,18220,18206,-0.02244119,-0.04150452,-0.02020951,-0.02244119,-6650.6079,296357.1217,OK,0.0000,266.0243,4.0000,96.0000,AG03-UNRESOLVED,ALL5_LEVELS_bet23_to_bet27,266.0243,266.0243,266.0243,332.5304,332.5304,4.000000,4.000000,4.000000,5.000000,5.000000,96.000000,96.000000,96.000000,95.000000,95.000000,5.0,1463.1337,1340.2688,5187.4742,5310.3391,PENDING_AG03,FALSE,NOT_FOR_ENFORCEMENT,6384.5836,256811.4724,6650.6079,6384.5836,266.0243,0.02244119,0.02154355,266.0243,6384.5836,0.02154355,266.0243,266.0243,266.0243,332.5304,332.5304,6384.5836,0.02154355,1463.1337,1340.2688,5187.4742,5310.3391,0.01750413,0.01791872,0.00089765,16.2655,14.6936,0.3653,59.3804,1.1678,2646.0457,162.5536,12.4780,16.8648,9.0895,16.5695,22.0926,29.825,33.4482,44.5976,11.8163,0.0,2.018664,2.691552,0.981654,30,240,141,4,0.10479828,0.02244119,0.04150452,0E-8,0.000000,0.902668,0.011910,-0.02129501,2026-03-22,2026-08-05,112,5695,2177,137,0.817518,0.739886,0.767145,0.349328,,,,,,,,GLOBAL_BASELINE_NO_ENTITY_RANKING,,,NOT_APPLICABLE_GLOBAL_BASELINE,HF9g-P5,,,,X 全窗基线 · 不参与实体赏罚,14196047,1420,A168_HF9F_20260827_0900,2026-08-27 09:00:00
2026-05-22,110249610,2101,0,5.5746953429,-5.5746953429,-5.5746953429,0E-7,1,1,0.50665070000000000,0.506650700000,-1.013391052207602,-1.013391052207602,-1.013391052207602,0E-17,ELIGIBLE,R03b_20260811_FULL_v1,L1_ELIGIBILITY,v2026-08-11,2026-03-21..2026-08-06,baccarat_bet02_101_all_pairs_incl_sentinel,round_win = game_pnl > 0 (decisive only),COMPATIBILITY_ONLY_NOT_PRODUCTION,296357.1217,267511.9505,6650.6079,18220,18206,-0.02244119,-0.04150452,-0.02020951,-0.02244119,-6650.6079,296357.1217,OK,0.0000,266.0243,4.0000,96.0000,AG03-UNRESOLVED,ALL5_LEVELS_bet23_to_bet27,266.0243,266.0243,266.0243,332.5304,332.5304,4.000000,4.000000,4.000000,5.000000,5.000000,96.000000,96.000000,96.000000,95.000000,95.000000,5.0,1463.1337,1340.2688,5187.4742,5310.3391,PENDING_AG03,FALSE,NOT_FOR_ENFORCEMENT,6384.5836,256811.4724,6650.6079,6384.5836,266.0243,0.02244119,0.02154355,266.0243,6384.5836,0.02154355,266.0243,266.0243,266.0243,332.5304,332.5304,6384.5836,0.02154355,1463.1337,1340.2688,5187.4742,5310.3391,0.01750413,0.01791872,0.00089765,16.2655,14.6936,0.3653,59.3804,1.1678,2646.0457,162.5536,12.4780,16.8648,9.0895,16.5695,22.0926,29.825,33.4482,44.5976,11.8163,0.0,2.018664,2.691552,0.981654,30,240,141,4,0.10479828,0.02244119,0.04150452,0E-8,0.000000,0.902668,0.011910,-0.02129501,2026-03-22,2026-08-05,112,5695,2177,137,0.817518,0.739886,0.767145,0.349328,,,,,,,,GLOBAL_BASELINE_NO_ENTITY_RANKING,,,NOT_APPLICABLE_GLOBAL_BASELINE,HF9g-P5,,,,X 全窗基线 · 不参与实体赏罚,14196048,1420,A168_HF9F_20260827_0900,2026-08-27 09:00:00
2026-05-22,110249610,2115,0,11.1493906858,-11.1493906858,-11.1493906858,0E-7,1,1,0.50665070000000000,0.506650700000,-1.013391052207602,-1.013391052207602,-1.013391052207602,0E-17,ELIGIBLE,R03b_20260811_FULL_v1,L1_ELIGIBILITY,v2026-08-11,2026-03-21..2026-08-06,baccarat_bet02_101_all_pairs_incl_sentinel,round_win = game_pnl > 0 (decisive only),COMPATIBILITY_ONLY_NOT_PRODUCTION,296357.1217,267511.9505,6650.6079,18220,18206,-0.02244119,-0.04150452,-0.02020951,-0.02244119,-6650.6079,296357.1217,OK,0.0000,266.0243,4.0000,96.0000,AG03-UNRESOLVED,ALL5_LEVELS_bet23_to_bet27,266.0243,266.0243,266.0243,332.5304,332.5304,4.000000,4.000000,4.000000,5.000000,5.000000,96.000000,96.000000,96.000000,95.000000,95.000000,5.0,1463.1337,1340.2688,5187.4742,5310.3391,PENDING_AG03,FALSE,NOT_FOR_ENFORCEMENT,6384.5836,256811.4724,6650.6079,6384.5836,266.0243,0.02244119,0.02154355,266.0243,6384.5836,0.02154355,266.0243,266.0243,266.0243,332.5304,332.5304,6384.5836,0.02154355,1463.1337,1340.2688,5187.4742,5310.3391,0.01750413,0.01791872,0.00089765,16.2655,14.6936,0.3653,59.3804,1.1678,2646.0457,162.5536,12.4780,16.8648,9.0895,16.5695,22.0926,29.825,33.4482,44.5976,11.8163,0.0,2.018664,2.691552,0.981654,30,240,141,4,0.10479828,0.02244119,0.04150452,0E-8,0.000000,0.902668,0.011910,-0.02129501,2026-03-22,2026-08-05,112,5695,2177,137,0.817518,0.739886,0.767145,0.349328,,,,,,,,GLOBAL_BASELINE_NO_ENTITY_RANKING,,,NOT_APPLICABLE_GLOBAL_BASELINE,HF9g-P5,,,,X 全窗基线 · 不参与实体赏罚,14196049,1420,A168_HF9F_20260827_0900,2026-08-27 09:00:00
2026-05-22,110249610,2145,0,15.8321347739,-5.3963050920,-5.3963050920,0.5000000,2,2,0.50665070000000000,0.506650700000,-0.018812684590367487,-0.018812684590367487,-0.018812684590367487,0E-17,ELIGIBLE,R03b_20260811_FULL_v1,L1_ELIGIBILITY,v2026-08-11,2026-03-21..2026-08-06,baccarat_bet02_101_all_pairs_incl_sentinel,round_win = game_pnl > 0 (decisive only),COMPATIBILITY_ONLY_NOT_PRODUCTION,296357.1217,267511.9505,6650.6079,18220,18206,-0.02244119,-0.04150452,-0.02020951,-0.02244119,-6650.6079,296357.1217,OK,0.0000,266.0243,4.0000,96.0000,AG03-UNRESOLVED,ALL5_LEVELS_bet23_to_bet27,266.0243,266.0243,266.0243,332.5304,332.5304,4.000000,4.000000,4.000000,5.000000,5.000000,96.000000,96.000000,96.000000,95.000000,95.000000,5.0,1463.1337,1340.2688,5187.4742,5310.3391,PENDING_AG03,FALSE,NOT_FOR_ENFORCEMENT,6384.5836,256811.4724,6650.6079,6384.5836,266.0243,0.02244119,0.02154355,266.0243,6384.5836,0.02154355,266.0243,266.0243,266.0243,332.5304,332.5304,6384.5836,0.02154355,1463.1337,1340.2688,5187.4742,5310.3391,0.01750413,0.01791872,0.00089765,16.2655,14.6936,0.3653,59.3804,1.1678,2646.0457,162.5536,12.4780,16.8648,9.0895,16.5695,22.0926,29.825,33.4482,44.5976,11.8163,0.0,2.018664,2.691552,0.981654,30,240,141,4,0.10479828,0.02244119,0.04150452,0E-8,0.000000,0.902668,0.011910,-0.02129501,2026-03-22,2026-08-05,112,5695,2177,137,0.817518,0.739886,0.767145,0.349328,,,,,,,,GLOBAL_BASELINE_NO_ENTITY_RANKING,,,NOT_APPLICABLE_GLOBAL_BASELINE,HF9g-P5,,,,X 全窗基线 · 不参与实体赏罚,14196050,1420,A168_HF9F_20260827_0900,2026-08-27 09:00:00
2026-05-22,110249610,2169,0,6.3551526909,-6.3551526909,-6.3551526909,0E-7,1,1,0.49324550000000000,0.493245500000,-0.9865810262130424,-0.9865810262130424,-0.9865810262130424,0E-17,ELIGIBLE,R03b_20260811_FULL_v1,L1_ELIGIBILITY,v2026-08-11,2026-03-21..2026-08-06,baccarat_bet02_101_all_pairs_incl_sentinel,round_win = game_pnl > 0 (decisive only),COMPATIBILITY_ONLY_NOT_PRODUCTION,296357.1217,267511.9505,6650.6079,18220,18206,-0.02244119,-0.04150452,-0.02020951,-0.02244119,-6650.6079,296357.1217,OK,0.0000,266.0243,4.0000,96.0000,AG03-UNRESOLVED,ALL5_LEVELS_bet23_to_bet27,266.0243,266.0243,266.0243,332.5304,332.5304,4.000000,4.000000,4.000000,5.000000,5.000000,96.000000,96.000000,96.000000,95.000000,95.000000,5.0,1463.1337,1340.2688,5187.4742,5310.3391,PENDING_AG03,FALSE,NOT_FOR_ENFORCEMENT,6384.5836,256811.4724,6650.6079,6384.5836,266.0243,0.02244119,0.02154355,266.0243,6384.5836,0.02154355,266.0243,266.0243,266.0243,332.5304,332.5304,6384.5836,0.02154355,1463.1337,1340.2688,5187.4742,5310.3391,0.01750413,0.01791872,0.00089765,16.2655,14.6936,0.3653,59.3804,1.1678,2646.0457,162.5536,12.4780,16.8648,9.0895,16.5695,22.0926,29.825,33.4482,44.5976,11.8163,0.0,2.018664,2.691552,0.981654,30,240,141,4,0.10479828,0.02244119,0.04150452,0E-8,0.000000,0.902668,0.011910,-0.02129501,2026-03-22,2026-08-05,112,5695,2177,137,0.817518,0.739886,0.767145,0.349328,,,,,,,,GLOBAL_BASELINE_NO_ENTITY_RANKING,,,NOT_APPLICABLE_GLOBAL_BASELINE,HF9g-P5,,,,X 全窗基线 · 不参与实体赏罚,14196051,1420,A168_HF9F_20260827_0900,2026-08-27 09:00:00
2026-05-22,110249610,2177,0,13.3792688230,13.3792688230,13.3792688230,1.0000000,1,1,0.49324550000000000,0.493245500000,1.01360149184955,1.01360149184955,1.01360149184955,0E-17,ELIGIBLE,R03b_20260811_FULL_v1,L1_ELIGIBILITY,v2026-08-11,2026-03-21..2026-08-06,baccarat_bet02_101_all_pairs_incl_sentinel,round_win = game_pnl > 0 (decisive only),COMPATIBILITY_ONLY_NOT_PRODUCTION,296357.1217,267511.9505,6650.6079,18220,18206,-0.02244119,-0.04150452,-0.02020951,-0.02244119,-6650.6079,296357.1217,OK,0.0000,266.0243,4.0000,96.0000,AG03-UNRESOLVED,ALL5_LEVELS_bet23_to_bet27,266.0243,266.0243,266.0243,332.5304,332.5304,4.000000,4.000000,4.000000,5.000000,5.000000,96.000000,96.000000,96.000000,95.000000,95.000000,5.0,1463.1337,1340.2688,5187.4742,5310.3391,PENDING_AG03,FALSE,NOT_FOR_ENFORCEMENT,6384.5836,256811.4724,6650.6079,6384.5836,266.0243,0.02244119,0.02154355,266.0243,6384.5836,0.02154355,266.0243,266.0243,266.0243,332.5304,332.5304,6384.5836,0.02154355,1463.1337,1340.2688,5187.4742,5310.3391,0.01750413,0.01791872,0.00089765,16.2655,14.6936,0.3653,59.3804,1.1678,2646.0457,162.5536,12.4780,16.8648,9.0895,16.5695,22.0926,29.825,33.4482,44.5976,11.8163,0.0,2.018664,2.691552,0.981654,30,240,141,4,0.10479828,0.02244119,0.04150452,0E-8,0.000000,0.902668,0.011910,-0.02129501,2026-03-22,2026-08-05,112,5695,2177,137,0.817518,0.739886,0.767145,0.349328,,,,,,,,GLOBAL_BASELINE_NO_ENTITY_RANKING,,,NOT_APPLICABLE_GLOBAL_BASELINE,HF9g-P5,,,,X 全窗基线 · 不参与实体赏罚,14196052,1420,A168_HF9F_20260827_0900,2026-08-27 09:00:00
2026-05-22,110249610,2188,0,6.0206709703,-6.0206709703,-6.0206709703,0E-7,1,1,0.50665070000000000,0.506650700000,-1.013391052207602,-1.013391052207602,-1.013391052207602,0E-17,ELIGIBLE,R03b_20260811_FULL_v1,L1_ELIGIBILITY,v2026-08-11,2026-03-21..2026-08-06,baccarat_bet02_101_all_pairs_incl_sentinel,round_win = game_pnl > 0 (decisive only),COMPATIBILITY_ONLY_NOT_PRODUCTION,296357.1217,267511.9505,6650.6079,18220,18206,-0.02244119,-0.04150452,-0.02020951,-0.02244119,-6650.6079,296357.1217,OK,0.0000,266.0243,4.0000,96.0000,AG03-UNRESOLVED,ALL5_LEVELS_bet23_to_bet27,266.0243,266.0243,266.0243,332.5304,332.5304,4.000000,4.000000,4.000000,5.000000,5.000000,96.000000,96.000000,96.000000,95.000000,95.000000,5.0,1463.1337,1340.2688,5187.4742,5310.3391,PENDING_AG03,FALSE,NOT_FOR_ENFORCEMENT,6384.5836,256811.4724,6650.6079,6384.5836,266.0243,0.02244119,0.02154355,266.0243,6384.5836,0.02154355,266.0243,266.0243,266.0243,332.5304,332.5304,6384.5836,0.02154355,1463.1337,1340.2688,5187.4742,5310.3391,0.01750413,0.01791872,0.00089765,16.2655,14.6936,0.3653,59.3804,1.1678,2646.0457,162.5536,12.4780,16.8648,9.0895,16.5695,22.0926,29.825,33.4482,44.5976,11.8163,0.0,2.018664,2.691552,0.981654,30,240,141,4,0.10479828,0.02244119,0.04150452,0E-8,0.000000,0.902668,0.011910,-0.02129501,2026-03-22,2026-08-05,112,5695,2177,137,0.817518,0.739886,0.767145,0.349328,,,,,,,,GLOBAL_BASELINE_NO_ENTITY_RANKING,,,NOT_APPLICABLE_GLOBAL_BASELINE,HF9g-P5,,,,X 全窗基线 · 不参与实体赏罚,14196053,1420,A168_HF9F_20260827_0900,2026-08-27 09:00:00
2026-05-22,110249610,2254,0,5.6861892498,-5.6861892498,-5.6861892498,0E-7,1,1,0.49324550000000000,0.493245500000,-0.9865810262130424,-0.9865810262130424,-0.9865810262130424,0E-17,ELIGIBLE,R03b_20260811_FULL_v1,L1_ELIGIBILITY,v2026-08-11,2026-03-21..2026-08-06,baccarat_bet02_101_all_pairs_incl_sentinel,round_win = game_pnl > 0 (decisive only),COMPATIBILITY_ONLY_NOT_PRODUCTION,296357.1217,267511.9505,6650.6079,18220,18206,-0.02244119,-0.04150452,-0.02020951,-0.02244119,-6650.6079,296357.1217,OK,0.0000,266.0243,4.0000,96.0000,AG03-UNRESOLVED,ALL5_LEVELS_bet23_to_bet27,266.0243,266.0243,266.0243,332.5304,332.5304,4.000000,4.000000,4.000000,5.000000,5.000000,96.000000,96.000000,96.000000,95.000000,95.000000,5.0,1463.1337,1340.2688,5187.4742,5310.3391,PENDING_AG03,FALSE,NOT_FOR_ENFORCEMENT,6384.5836,256811.4724,6650.6079,6384.5836,266.0243,0.02244119,0.02154355,266.0243,6384.5836,0.02154355,266.0243,266.0243,266.0243,332.5304,332.5304,6384.5836,0.02154355,1463.1337,1340.2688,5187.4742,5310.3391,0.01750413,0.01791872,0.00089765,16.2655,14.6936,0.3653,59.3804,1.1678,2646.0457,162.5536,12.4780,16.8648,9.0895,16.5695,22.0926,29.825,33.4482,44.5976,11.8163,0.0,2.018664,2.691552,0.981654,30,240,141,4,0.10479828,0.02244119,0.04150452,0E-8,0.000000,0.902668,0.011910,-0.02129501,2026-03-22,2026-08-05,112,5695,2177,137,0.817518,0.739886,0.767145,0.349328,,,,,,,,GLOBAL_BASELINE_NO_ENTITY_RANKING,,,NOT_APPLICABLE_GLOBAL_BASELINE,HF9g-P5,,,,X 全窗基线 · 不参与实体赏罚,14196054,1420,A168_HF9F_20260827_0900,2026-08-27 09:00:00
2026-05-22,110249610,2267,0,11.1493906858,-11.1493906858,-11.1493906858,0E-7,1,1,0.50665070000000000,0.506650700000,-1.013391052207602,-1.013391052207602,-1.013391052207602,0E-17,ELIGIBLE,R03b_20260811_FULL_v1,L1_ELIGIBILITY,v2026-08-11,2026-03-21..2026-08-06,baccarat_bet02_101_all_pairs_incl_sentinel,round_win = game_pnl > 0 (decisive only),COMPATIBILITY_ONLY_NOT_PRODUCTION,296357.1217,267511.9505,6650.6079,18220,18206,-0.02244119,-0.04150452,-0.02020951,-0.02244119,-6650.6079,296357.1217,OK,0.0000,266.0243,4.0000,96.0000,AG03-UNRESOLVED,ALL5_LEVELS_bet23_to_bet27,266.0243,266.0243,266.0243,332.5304,332.5304,4.000000,4.000000,4.000000,5.000000,5.000000,96.000000,96.000000,96.000000,95.000000,95.000000,5.0,1463.1337,1340.2688,5187.4742,5310.3391,PENDING_AG03,FALSE,NOT_FOR_ENFORCEMENT,6384.5836,256811.4724,6650.6079,6384.5836,266.0243,0.02244119,0.02154355,266.0243,6384.5836,0.02154355,266.0243,266.0243,266.0243,332.5304,332.5304,6384.5836,0.02154355,1463.1337,1340.2688,5187.4742,5310.3391,0.01750413,0.01791872,0.00089765,16.2655,14.6936,0.3653,59.3804,1.1678,2646.0457,162.5536,12.4780,16.8648,9.0895,16.5695,22.0926,29.825,33.4482,44.5976,11.8163,0.0,2.018664,2.691552,0.981654,30,240,141,4,0.10479828,0.02244119,0.04150452,0E-8,0.000000,0.902668,0.011910,-0.02129501,2026-03-22,2026-08-05,112,5695,2177,137,0.817518,0.739886,0.767145,0.349328,,,,,,,,GLOBAL_BASELINE_NO_ENTITY_RANKING,,,NOT_APPLICABLE_GLOBAL_BASELINE,HF9g-P5,,,,X 全窗基线 · 不参与实体赏罚,14196055,1420,A168_HF9F_20260827_0900,2026-08-27 09:00:00
2026-05-22,110249610,970,0,39.0228674003,-5.5746953429,-5.5746953429,0.5000000,3,3,0.49324550000000000,0.493245500000,0.01910635448239258,0.01910635448239258,0.01910635448239258,0E-17,ELIGIBLE,R03b_20260811_FULL_v1,L1_ELIGIBILITY,v2026-08-11,2026-03-21..2026-08-06,baccarat_bet02_101_all_pairs_incl_sentinel,round_win = game_pnl > 0 (decisive only),COMPATIBILITY_ONLY_NOT_PRODUCTION,296357.1217,267511.9505,6650.6079,18220,18206,-0.02244119,-0.04150452,-0.02020951,-0.02244119,-6650.6079,296357.1217,OK,0.0000,266.0243,4.0000,96.0000,AG03-UNRESOLVED,ALL5_LEVELS_bet23_to_bet27,266.0243,266.0243,266.0243,332.5304,332.5304,4.000000,4.000000,4.000000,5.000000,5.000000,96.000000,96.000000,96.000000,95.000000,95.000000,5.0,1463.1337,1340.2688,5187.4742,5310.3391,PENDING_AG03,FALSE,NOT_FOR_ENFORCEMENT,6384.5836,256811.4724,6650.6079,6384.5836,266.0243,0.02244119,0.02154355,266.0243,6384.5836,0.02154355,266.0243,266.0243,266.0243,332.5304,332.5304,6384.5836,0.02154355,1463.1337,1340.2688,5187.4742,5310.3391,0.01750413,0.01791872,0.00089765,16.2655,14.6936,0.3653,59.3804,1.1678,2646.0457,162.5536,12.4780,16.8648,9.0895,16.5695,22.0926,29.825,33.4482,44.5976,11.8163,0.0,2.018664,2.691552,0.981654,30,240,141,4,0.10479828,0.02244119,0.04150452,0E-8,0.000000,0.902668,0.011910,-0.02129501,2026-03-22,2026-08-05,112,5695,2177,137,0.817518,0.739886,0.767145,0.349328,,,,,,,,GLOBAL_BASELINE_NO_ENTITY_RANKING,,,NOT_APPLICABLE_GLOBAL_BASELINE,HF9g-P5,,,,X 全窗基线 · 不参与实体赏罚,14196056,1420,A168_HF9F_20260827_0900,2026-08-27 09:00:00
2026-05-23,110249610,-1,1,257.1049492146,-44.8930215964,-44.8930215964,0.3750000,17,17,0.49718820588235294,0.497188205882,-0.9775211041086797,-0.97752110410586,-0.9775211041086797,3.5294E-13,SENTINEL_DEALER,R03b_20260811_FULL_v1,L1_ELIGIBILITY,v2026-08-11,2026-03-21..2026-08-06,baccarat_bet02_101_all_pairs_incl_sentinel,round_win = game_pnl > 0 (decisive only),COMPATIBILITY_ONLY_NOT_PRODUCTION,296357.1217,267511.9505,6650.6079,18220,18206,-0.02244119,-0.04150452,-0.02020951,-0.02244119,-6650.6079,296357.1217,OK,0.0000,266.0243,4.0000,96.0000,AG03-UNRESOLVED,ALL5_LEVELS_bet23_to_bet27,266.0243,266.0243,266.0243,332.5304,332.5304,4.000000,4.000000,4.000000,5.000000,5.000000,96.000000,96.000000,96.000000,95.000000,95.000000,5.0,1463.1337,1340.2688,5187.4742,5310.3391,PENDING_AG03,FALSE,NOT_FOR_ENFORCEMENT,6384.5836,256811.4724,6650.6079,6384.5836,266.0243,0.02244119,0.02154355,266.0243,6384.5836,0.02154355,266.0243,266.0243,266.0243,332.5304,332.5304,6384.5836,0.02154355,1463.1337,1340.2688,5187.4742,5310.3391,0.01750413,0.01791872,0.00089765,16.2655,14.6936,0.3653,59.3804,1.1678,2646.0457,162.5536,12.4780,16.8648,9.0895,16.5695,22.0926,29.825,33.4482,44.5976,11.8163,0.0,2.018664,2.691552,0.981654,30,240,141,4,0.10479828,0.02244119,0.04150452,0E-8,0.000000,0.902668,0.011910,-0.02129501,2026-03-22,2026-08-05,112,5695,2177,137,0.817518,0.739886,0.767145,0.349328,,,,,,,,GLOBAL_BASELINE_NO_ENTITY_RANKING,,,NOT_APPLICABLE_GLOBAL_BASELINE,HF9g-P5,,,,X 全窗基线 · 不参与实体赏罚,14196057,1420,A168_HF9F_20260827_0900,2026-08-27 09:00:00
2026-05-23,110249610,1017,0,5.5746953429,5.5746953429,5.5746953429,1.0000000,1,1,0.49324550000000000,0.493245500000,1.01360149184955,1.01360149184955,1.01360149184955,0E-17,ELIGIBLE,R03b_20260811_FULL_v1,L1_ELIGIBILITY,v2026-08-11,2026-03-21..2026-08-06,baccarat_bet02_101_all_pairs_incl_sentinel,round_win = game_pnl > 0 (decisive only),COMPATIBILITY_ONLY_NOT_PRODUCTION,296357.1217,267511.9505,6650.6079,18220,18206,-0.02244119,-0.04150452,-0.02020951,-0.02244119,-6650.6079,296357.1217,OK,0.0000,266.0243,4.0000,96.0000,AG03-UNRESOLVED,ALL5_LEVELS_bet23_to_bet27,266.0243,266.0243,266.0243,332.5304,332.5304,4.000000,4.000000,4.000000,5.000000,5.000000,96.000000,96.000000,96.000000,95.000000,95.000000,5.0,1463.1337,1340.2688,5187.4742,5310.3391,PENDING_AG03,FALSE,NOT_FOR_ENFORCEMENT,6384.5836,256811.4724,6650.6079,6384.5836,266.0243,0.02244119,0.02154355,266.0243,6384.5836,0.02154355,266.0243,266.0243,266.0243,332.5304,332.5304,6384.5836,0.02154355,1463.1337,1340.2688,5187.4742,5310.3391,0.01750413,0.01791872,0.00089765,16.2655,14.6936,0.3653,59.3804,1.1678,2646.0457,162.5536,12.4780,16.8648,9.0895,16.5695,22.0926,29.825,33.4482,44.5976,11.8163,0.0,2.018664,2.691552,0.981654,30,240,141,4,0.10479828,0.02244119,0.04150452,0E-8,0.000000,0.902668,0.011910,-0.02129501,2026-03-22,2026-08-05,112,5695,2177,137,0.817518,0.739886,0.767145,0.349328,,,,,,,,GLOBAL_BASELINE_NO_ENTITY_RANKING,,,NOT_APPLICABLE_GLOBAL_BASELINE,HF9g-P5,,,,X 全窗基线 · 不参与实体赏罚,14196058,1420,A168_HF9F_20260827_0900,2026-08-27 09:00:00
2026-05-23,110249610,1078,0,27.9849706214,-11.1493906858,-11.1493906858,0E-7,2,2,0.49324550000000000,0.493245500000,-0.9865810262130424,-0.9865810262130424,-0.9865810262130424,0E-17,ELIGIBLE,R03b_20260811_FULL_v1,L1_ELIGIBILITY,v2026-08-11,2026-03-21..2026-08-06,baccarat_bet02_101_all_pairs_incl_sentinel,round_win = game_pnl > 0 (decisive only),COMPATIBILITY_ONLY_NOT_PRODUCTION,296357.1217,267511.9505,6650.6079,18220,18206,-0.02244119,-0.04150452,-0.02020951,-0.02244119,-6650.6079,296357.1217,OK,0.0000,266.0243,4.0000,96.0000,AG03-UNRESOLVED,ALL5_LEVELS_bet23_to_bet27,266.0243,266.0243,266.0243,332.5304,332.5304,4.000000,4.000000,4.000000,5.000000,5.000000,96.000000,96.000000,96.000000,95.000000,95.000000,5.0,1463.1337,1340.2688,5187.4742,5310.3391,PENDING_AG03,FALSE,NOT_FOR_ENFORCEMENT,6384.5836,256811.4724,6650.6079,6384.5836,266.0243,0.02244119,0.02154355,266.0243,6384.5836,0.02154355,266.0243,266.0243,266.0243,332.5304,332.5304,6384.5836,0.02154355,1463.1337,1340.2688,5187.4742,5310.3391,0.01750413,0.01791872,0.00089765,16.2655,14.6936,0.3653,59.3804,1.1678,2646.0457,162.5536,12.4780,16.8648,9.0895,16.5695,22.0926,29.825,33.4482,44.5976,11.8163,0.0,2.018664,2.691552,0.981654,30,240,141,4,0.10479828,0.02244119,0.04150452,0E-8,0.000000,0.902668,0.011910,-0.02129501,2026-03-22,2026-08-05,112,5695,2177,137,0.817518,0.739886,0.767145,0.349328,,,,,,,,GLOBAL_BASELINE_NO_ENTITY_RANKING,,,NOT_APPLICABLE_GLOBAL_BASELINE,HF9g-P5,,,,X 全窗基线 · 不参与实体赏罚,14196059,1420,A168_HF9F_20260827_0900,2026-08-27 09:00:00
2026-05-23,110249610,1941,0,18.3964946316,-18.3964946316,-18.3964946316,0E-7,1,1,0.50665070000000000,0.506650700000,-1.013391052207602,-1.013391052207602,-1.013391052207602,0E-17,ELIGIBLE,R03b_20260811_FULL_v1,L1_ELIGIBILITY,v2026-08-11,2026-03-21..2026-08-06,baccarat_bet02_101_all_pairs_incl_sentinel,round_win = game_pnl > 0 (decisive only),COMPATIBILITY_ONLY_NOT_PRODUCTION,296357.1217,267511.9505,6650.6079,18220,18206,-0.02244119,-0.04150452,-0.02020951,-0.02244119,-6650.6079,296357.1217,OK,0.0000,266.0243,4.0000,96.0000,AG03-UNRESOLVED,ALL5_LEVELS_bet23_to_bet27,266.0243,266.0243,266.0243,332.5304,332.5304,4.000000,4.000000,4.000000,5.000000,5.000000,96.000000,96.000000,96.000000,95.000000,95.000000,5.0,1463.1337,1340.2688,5187.4742,5310.3391,PENDING_AG03,FALSE,NOT_FOR_ENFORCEMENT,6384.5836,256811.4724,6650.6079,6384.5836,266.0243,0.02244119,0.02154355,266.0243,6384.5836,0.02154355,266.0243,266.0243,266.0243,332.5304,332.5304,6384.5836,0.02154355,1463.1337,1340.2688,5187.4742,5310.3391,0.01750413,0.01791872,0.00089765,16.2655,14.6936,0.3653,59.3804,1.1678,2646.0457,162.5536,12.4780,16.8648,9.0895,16.5695,22.0926,29.825,33.4482,44.5976,11.8163,0.0,2.018664,2.691552,0.981654,30,240,141,4,0.10479828,0.02244119,0.04150452,0E-8,0.000000,0.902668,0.011910,-0.02129501,2026-03-22,2026-08-05,112,5695,2177,137,0.817518,0.739886,0.767145,0.349328,,,,,,,,GLOBAL_BASELINE_NO_ENTITY_RANKING,,,NOT_APPLICABLE_GLOBAL_BASELINE,HF9g-P5,,,,X 全窗基线 · 不参与实体赏罚,14196060,1420,A168_HF9F_20260827_0900,2026-08-27 09:00:00
2026-05-23,110249610,1957,0,11.2608845927,-11.2608845927,-11.2608845927,0E-7,1,1,0.50665070000000000,0.506650700000,-1.013391052207602,-1.013391052207602,-1.013391052207602,0E-17,ELIGIBLE,R03b_20260811_FULL_v1,L1_ELIGIBILITY,v2026-08-11,2026-03-21..2026-08-06,baccarat_bet02_101_all_pairs_incl_sentinel,round_win = game_pnl > 0 (decisive only),COMPATIBILITY_ONLY_NOT_PRODUCTION,296357.1217,267511.9505,6650.6079,18220,18206,-0.02244119,-0.04150452,-0.02020951,-0.02244119,-6650.6079,296357.1217,OK,0.0000,266.0243,4.0000,96.0000,AG03-UNRESOLVED,ALL5_LEVELS_bet23_to_bet27,266.0243,266.0243,266.0243,332.5304,332.5304,4.000000,4.000000,4.000000,5.000000,5.000000,96.000000,96.000000,96.000000,95.000000,95.000000,5.0,1463.1337,1340.2688,5187.4742,5310.3391,PENDING_AG03,FALSE,NOT_FOR_ENFORCEMENT,6384.5836,256811.4724,6650.6079,6384.5836,266.0243,0.02244119,0.02154355,266.0243,6384.5836,0.02154355,266.0243,266.0243,266.0243,332.5304,332.5304,6384.5836,0.02154355,1463.1337,1340.2688,5187.4742,5310.3391,0.01750413,0.01791872,0.00089765,16.2655,14.6936,0.3653,59.3804,1.1678,2646.0457,162.5536,12.4780,16.8648,9.0895,16.5695,22.0926,29.825,33.4482,44.5976,11.8163,0.0,2.018664,2.691552,0.981654,30,240,141,4,0.10479828,0.02244119,0.04150452,0E-8,0.000000,0.902668,0.011910,-0.02129501,2026-03-22,2026-08-05,112,5695,2177,137,0.817518,0.739886,0.767145,0.349328,,,,,,,,GLOBAL_BASELINE_NO_ENTITY_RANKING,,,NOT_APPLICABLE_GLOBAL_BASELINE,HF9g-P5,,,,X 全窗基线 · 不参与实体赏罚,14196061,1420,A168_HF9F_20260827_0900,2026-08-27 09:00:00
2026-05-23,110249610,2108,0,11.1493906858,-11.1493906858,-11.1493906858,0E-7,1,1,0.49324550000000000,0.493245500000,-0.9865810262130424,-0.9865810262130424,-0.9865810262130424,0E-17,ELIGIBLE,R03b_20260811_FULL_v1,L1_ELIGIBILITY,v2026-08-11,2026-03-21..2026-08-06,baccarat_bet02_101_all_pairs_incl_sentinel,round_win = game_pnl > 0 (decisive only),COMPATIBILITY_ONLY_NOT_PRODUCTION,296357.1217,267511.9505,6650.6079,18220,18206,-0.02244119,-0.04150452,-0.02020951,-0.02244119,-6650.6079,296357.1217,OK,0.0000,266.0243,4.0000,96.0000,AG03-UNRESOLVED,ALL5_LEVELS_bet23_to_bet27,266.0243,266.0243,266.0243,332.5304,332.5304,4.000000,4.000000,4.000000,5.000000,5.000000,96.000000,96.000000,96.000000,95.000000,95.000000,5.0,1463.1337,1340.2688,5187.4742,5310.3391,PENDING_AG03,FALSE,NOT_FOR_ENFORCEMENT,6384.5836,256811.4724,6650.6079,6384.5836,266.0243,0.02244119,0.02154355,266.0243,6384.5836,0.02154355,266.0243,266.0243,266.0243,332.5304,332.5304,6384.5836,0.02154355,1463.1337,1340.2688,5187.4742,5310.3391,0.01750413,0.01791872,0.00089765,16.2655,14.6936,0.3653,59.3804,1.1678,2646.0457,162.5536,12.4780,16.8648,9.0895,16.5695,22.0926,29.825,33.4482,44.5976,11.8163,0.0,2.018664,2.691552,0.981654,30,240,141,4,0.10479828,0.02244119,0.04150452,0E-8,0.000000,0.902668,0.011910,-0.02129501,2026-03-22,2026-08-05,112,5695,2177,137,0.817518,0.739886,0.767145,0.349328,,,,,,,,GLOBAL_BASELINE_NO_ENTITY_RANKING,,,NOT_APPLICABLE_GLOBAL_BASELINE,HF9g-P5,,,,X 全窗基线 · 不参与实体赏罚,14196062,1420,A168_HF9F_20260827_0900,2026-08-27 09:00:00
2026-05-23,110249610,2130,0,24.5286595087,5.9091770636,5.9091770636,0.6666667,3,3,0.50665070000000000,0.506650700000,0.5543606114942035,0.5543606114942035,0.5543606114942035,0E-17,ELIGIBLE,R03b_20260811_FULL_v1,L1_ELIGIBILITY,v2026-08-11,2026-03-21..2026-08-06,baccarat_bet02_101_all_pairs_incl_sentinel,round_win = game_pnl > 0 (decisive only),COMPATIBILITY_ONLY_NOT_PRODUCTION,296357.1217,267511.9505,6650.6079,18220,18206,-0.02244119,-0.04150452,-0.02020951,-0.02244119,-6650.6079,296357.1217,OK,0.0000,266.0243,4.0000,96.0000,AG03-UNRESOLVED,ALL5_LEVELS_bet23_to_bet27,266.0243,266.0243,266.0243,332.5304,332.5304,4.000000,4.000000,4.000000,5.000000,5.000000,96.000000,96.000000,96.000000,95.000000,95.000000,5.0,1463.1337,1340.2688,5187.4742,5310.3391,PENDING_AG03,FALSE,NOT_FOR_ENFORCEMENT,6384.5836,256811.4724,6650.6079,6384.5836,266.0243,0.02244119,0.02154355,266.0243,6384.5836,0.02154355,266.0243,266.0243,266.0243,332.5304,332.5304,6384.5836,0.02154355,1463.1337,1340.2688,5187.4742,5310.3391,0.01750413,0.01791872,0.00089765,16.2655,14.6936,0.3653,59.3804,1.1678,2646.0457,162.5536,12.4780,16.8648,9.0895,16.5695,22.0926,29.825,33.4482,44.5976,11.8163,0.0,2.018664,2.691552,0.981654,30,240,141,4,0.10479828,0.02244119,0.04150452,0E-8,0.000000,0.902668,0.011910,-0.02129501,2026-03-22,2026-08-05,112,5695,2177,137,0.817518,0.739886,0.767145,0.349328,,,,,,,,GLOBAL_BASELINE_NO_ENTITY_RANKING,,,NOT_APPLICABLE_GLOBAL_BASELINE,HF9g-P5,,,,X 全窗基线 · 不参与实体赏罚,14196063,1420,A168_HF9F_20260827_0900,2026-08-27 09:00:00
2026-05-23,110249610,2141,0,5.2402136223,-5.2402136223,-5.2402136223,0E-7,1,1,0.50665070000000000,0.506650700000,-1.013391052207602,-1.013391052207602,-1.013391052207602,0E-17,ELIGIBLE,R03b_20260811_FULL_v1,L1_ELIGIBILITY,v2026-08-11,2026-03-21..2026-08-06,baccarat_bet02_101_all_pairs_incl_sentinel,round_win = game_pnl > 0 (decisive only),COMPATIBILITY_ONLY_NOT_PRODUCTION,296357.1217,267511.9505,6650.6079,18220,18206,-0.02244119,-0.04150452,-0.02020951,-0.02244119,-6650.6079,296357.1217,OK,0.0000,266.0243,4.0000,96.0000,AG03-UNRESOLVED,ALL5_LEVELS_bet23_to_bet27,266.0243,266.0243,266.0243,332.5304,332.5304,4.000000,4.000000,4.000000,5.000000,5.000000,96.000000,96.000000,96.000000,95.000000,95.000000,5.0,1463.1337,1340.2688,5187.4742,5310.3391,PENDING_AG03,FALSE,NOT_FOR_ENFORCEMENT,6384.5836,256811.4724,6650.6079,6384.5836,266.0243,0.02244119,0.02154355,266.0243,6384.5836,0.02154355,266.0243,266.0243,266.0243,332.5304,332.5304,6384.5836,0.02154355,1463.1337,1340.2688,5187.4742,5310.3391,0.01750413,0.01791872,0.00089765,16.2655,14.6936,0.3653,59.3804,1.1678,2646.0457,162.5536,12.4780,16.8648,9.0895,16.5695,22.0926,29.825,33.4482,44.5976,11.8163,0.0,2.018664,2.691552,0.981654,30,240,141,4,0.10479828,0.02244119,0.04150452,0E-8,0.000000,0.902668,0.011910,-0.02129501,2026-03-22,2026-08-05,112,5695,2177,137,0.817518,0.739886,0.767145,0.349328,,,,,,,,GLOBAL_BASELINE_NO_ENTITY_RANKING,,,NOT_APPLICABLE_GLOBAL_BASELINE,HF9g-P5,,,,X 全窗基线 · 不参与实体赏罚,14196064,1420,A168_HF9F_20260827_0900,2026-08-27 09:00:00
2026-05-23,110249610,2169,0,9.3654881761,-9.3654881761,-9.3654881761,0E-7,1,1,0.50665070000000000,0.506650700000,-1.013391052207602,-1.013391052207602,-1.013391052207602,0E-17,ELIGIBLE,R03b_20260811_FULL_v1,L1_ELIGIBILITY,v2026-08-11,2026-03-21..2026-08-06,baccarat_bet02_101_all_pairs_incl_sentinel,round_win = game_pnl > 0 (decisive only),COMPATIBILITY_ONLY_NOT_PRODUCTION,296357.1217,267511.9505,6650.6079,18220,18206,-0.02244119,-0.04150452,-0.02020951,-0.02244119,-6650.6079,296357.1217,OK,0.0000,266.0243,4.0000,96.0000,AG03-UNRESOLVED,ALL5_LEVELS_bet23_to_bet27,266.0243,266.0243,266.0243,332.5304,332.5304,4.000000,4.000000,4.000000,5.000000,5.000000,96.000000,96.000000,96.000000,95.000000,95.000000,5.0,1463.1337,1340.2688,5187.4742,5310.3391,PENDING_AG03,FALSE,NOT_FOR_ENFORCEMENT,6384.5836,256811.4724,6650.6079,6384.5836,266.0243,0.02244119,0.02154355,266.0243,6384.5836,0.02154355,266.0243,266.0243,266.0243,332.5304,332.5304,6384.5836,0.02154355,1463.1337,1340.2688,5187.4742,5310.3391,0.01750413,0.01791872,0.00089765,16.2655,14.6936,0.3653,59.3804,1.1678,2646.0457,162.5536,12.4780,16.8648,9.0895,16.5695,22.0926,29.825,33.4482,44.5976,11.8163,0.0,2.018664,2.691552,0.981654,30,240,141,4,0.10479828,0.02244119,0.04150452,0E-8,0.000000,0.902668,0.011910,-0.02129501,2026-03-22,2026-08-05,112,5695,2177,137,0.817518,0.739886,0.767145,0.349328,,,,,,,,GLOBAL_BASELINE_NO_ENTITY_RANKING,,,NOT_APPLICABLE_GLOBAL_BASELINE,HF9g-P5,,,,X 全窗基线 · 不参与实体赏罚,14196065,1420,A168_HF9F_20260827_0900,2026-08-27 09:00:00
2026-05-23,110249610,2205,0,78.0457348006,22.2987813716,22.2987813716,0.6666667,7,7,0.49324550000000000,0.493245500000,0.8496642703256836,0.8496642703256835,0.8496642703256836,0E-17,ELIGIBLE,R03b_20260811_FULL_v1,L1_ELIGIBILITY,v2026-08-11,2026-03-21..2026-08-06,baccarat_bet02_101_all_pairs_incl_sentinel,round_win = game_pnl > 0 (decisive only),COMPATIBILITY_ONLY_NOT_PRODUCTION,296357.1217,267511.9505,6650.6079,18220,18206,-0.02244119,-0.04150452,-0.02020951,-0.02244119,-6650.6079,296357.1217,OK,0.0000,266.0243,4.0000,96.0000,AG03-UNRESOLVED,ALL5_LEVELS_bet23_to_bet27,266.0243,266.0243,266.0243,332.5304,332.5304,4.000000,4.000000,4.000000,5.000000,5.000000,96.000000,96.000000,96.000000,95.000000,95.000000,5.0,1463.1337,1340.2688,5187.4742,5310.3391,PENDING_AG03,FALSE,NOT_FOR_ENFORCEMENT,6384.5836,256811.4724,6650.6079,6384.5836,266.0243,0.02244119,0.02154355,266.0243,6384.5836,0.02154355,266.0243,266.0243,266.0243,332.5304,332.5304,6384.5836,0.02154355,1463.1337,1340.2688,5187.4742,5310.3391,0.01750413,0.01791872,0.00089765,16.2655,14.6936,0.3653,59.3804,1.1678,2646.0457,162.5536,12.4780,16.8648,9.0895,16.5695,22.0926,29.825,33.4482,44.5976,11.8163,0.0,2.018664,2.691552,0.981654,30,240,141,4,0.10479828,0.02244119,0.04150452,0E-8,0.000000,0.902668,0.011910,-0.02129501,2026-03-22,2026-08-05,112,5695,2177,137,0.817518,0.739886,0.767145,0.349328,,,,,,,,GLOBAL_BASELINE_NO_ENTITY_RANKING,,,NOT_APPLICABLE_GLOBAL_BASELINE,HF9g-P5,,,,X 全窗基线 · 不参与实体赏罚,14196066,1420,A168_HF9F_20260827_0900,2026-08-27 09:00:00
2026-05-23,110249610,2239,0,5.5746953429,-5.5746953429,-5.5746953429,0E-7,1,1,0.49324550000000000,0.493245500000,-0.9865810262130424,-0.9865810262130424,-0.9865810262130424,0E-17,ELIGIBLE,R03b_20260811_FULL_v1,L1_ELIGIBILITY,v2026-08-11,2026-03-21..2026-08-06,baccarat_bet02_101_all_pairs_incl_sentinel,round_win = game_pnl > 0 (decisive only),COMPATIBILITY_ONLY_NOT_PRODUCTION,296357.1217,267511.9505,6650.6079,18220,18206,-0.02244119,-0.04150452,-0.02020951,-0.02244119,-6650.6079,296357.1217,OK,0.0000,266.0243,4.0000,96.0000,AG03-UNRESOLVED,ALL5_LEVELS_bet23_to_bet27,266.0243,266.0243,266.0243,332.5304,332.5304,4.000000,4.000000,4.000000,5.000000,5.000000,96.000000,96.000000,96.000000,95.000000,95.000000,5.0,1463.1337,1340.2688,5187.4742,5310.3391,PENDING_AG03,FALSE,NOT_FOR_ENFORCEMENT,6384.5836,256811.4724,6650.6079,6384.5836,266.0243,0.02244119,0.02154355,266.0243,6384.5836,0.02154355,266.0243,266.0243,266.0243,332.5304,332.5304,6384.5836,0.02154355,1463.1337,1340.2688,5187.4742,5310.3391,0.01750413,0.01791872,0.00089765,16.2655,14.6936,0.3653,59.3804,1.1678,2646.0457,162.5536,12.4780,16.8648,9.0895,16.5695,22.0926,29.825,33.4482,44.5976,11.8163,0.0,2.018664,2.691552,0.981654,30,240,141,4,0.10479828,0.02244119,0.04150452,0E-8,0.000000,0.902668,0.011910,-0.02129501,2026-03-22,2026-08-05,112,5695,2177,137,0.817518,0.739886,0.767145,0.349328,,,,,,,,GLOBAL_BASELINE_NO_ENTITY_RANKING,,,NOT_APPLICABLE_GLOBAL_BASELINE,HF9g-P5,,,,X 全窗基线 · 不参与实体赏罚,14196067,1420,A168_HF9F_20260827_0900,2026-08-27 09:00:00
2026-05-23,110249610,2261,0,11.1493906858,-11.1493906858,-11.1493906858,0E-7,2,2,0.49994810000000000,0.499948100000,-1.4140667746232096,-1.4140667746232096,-1.4140667746232096,0E-17,ELIGIBLE,R03b_20260811_FULL_v1,L1_ELIGIBILITY,v2026-08-11,2026-03-21..2026-08-06,baccarat_bet02_101_all_pairs_incl_sentinel,round_win = game_pnl > 0 (decisive only),COMPATIBILITY_ONLY_NOT_PRODUCTION,296357.1217,267511.9505,6650.6079,18220,18206,-0.02244119,-0.04150452,-0.02020951,-0.02244119,-6650.6079,296357.1217,OK,0.0000,266.0243,4.0000,96.0000,AG03-UNRESOLVED,ALL5_LEVELS_bet23_to_bet27,266.0243,266.0243,266.0243,332.5304,332.5304,4.000000,4.000000,4.000000,5.000000,5.000000,96.000000,96.000000,96.000000,95.000000,95.000000,5.0,1463.1337,1340.2688,5187.4742,5310.3391,PENDING_AG03,FALSE,NOT_FOR_ENFORCEMENT,6384.5836,256811.4724,6650.6079,6384.5836,266.0243,0.02244119,0.02154355,266.0243,6384.5836,0.02154355,266.0243,266.0243,266.0243,332.5304,332.5304,6384.5836,0.02154355,1463.1337,1340.2688,5187.4742,5310.3391,0.01750413,0.01791872,0.00089765,16.2655,14.6936,0.3653,59.3804,1.1678,2646.0457,162.5536,12.4780,16.8648,9.0895,16.5695,22.0926,29.825,33.4482,44.5976,11.8163,0.0,2.018664,2.691552,0.981654,30,240,141,4,0.10479828,0.02244119,0.04150452,0E-8,0.000000,0.902668,0.011910,-0.02129501,2026-03-22,2026-08-05,112,5695,2177,137,0.817518,0.739886,0.767145,0.349328,,,,,,,,GLOBAL_BASELINE_NO_ENTITY_RANKING,,,NOT_APPLICABLE_GLOBAL_BASELINE,HF9g-P5,,,,X 全窗基线 · 不参与实体赏罚,14196068,1420,A168_HF9F_20260827_0900,2026-08-27 09:00:00
2026-05-24,110249610,1400,0,3.5678050195,-3.5678050195,-3.5678050195,0E-7,1,1,0.49324550000000000,0.493245500000,-0.9865810262130424,-0.9865810262130424,-0.9865810262130424,0E-17,ELIGIBLE,R03b_20260811_FULL_v1,L1_ELIGIBILITY,v2026-08-11,2026-03-21..2026-08-06,baccarat_bet02_101_all_pairs_incl_sentinel,round_win = game_pnl > 0 (decisive only),COMPATIBILITY_ONLY_NOT_PRODUCTION,296357.1217,267511.9505,6650.6079,18220,18206,-0.02244119,-0.04150452,-0.02020951,-0.02244119,-6650.6079,296357.1217,OK,0.0000,266.0243,4.0000,96.0000,AG03-UNRESOLVED,ALL5_LEVELS_bet23_to_bet27,266.0243,266.0243,266.0243,332.5304,332.5304,4.000000,4.000000,4.000000,5.000000,5.000000,96.000000,96.000000,96.000000,95.000000,95.000000,5.0,1463.1337,1340.2688,5187.4742,5310.3391,PENDING_AG03,FALSE,NOT_FOR_ENFORCEMENT,6384.5836,256811.4724,6650.6079,6384.5836,266.0243,0.02244119,0.02154355,266.0243,6384.5836,0.02154355,266.0243,266.0243,266.0243,332.5304,332.5304,6384.5836,0.02154355,1463.1337,1340.2688,5187.4742,5310.3391,0.01750413,0.01791872,0.00089765,16.2655,14.6936,0.3653,59.3804,1.1678,2646.0457,162.5536,12.4780,16.8648,9.0895,16.5695,22.0926,29.825,33.4482,44.5976,11.8163,0.0,2.018664,2.691552,0.981654,30,240,141,4,0.10479828,0.02244119,0.04150452,0E-8,0.000000,0.902668,0.011910,-0.02129501,2026-03-22,2026-08-05,112,5695,2177,137,0.817518,0.739886,0.767145,0.349328,,,,,,,,GLOBAL_BASELINE_NO_ENTITY_RANKING,,,NOT_APPLICABLE_GLOBAL_BASELINE,HF9g-P5,,,,X 全窗基线 · 不参与实体赏罚,14196069,1420,A168_HF9F_20260827_0900,2026-08-27 09:00:00
2026-05-24,110249610,1623,0,6.6896344115,-6.6896344115,-6.6896344115,0E-7,1,1,0.50665070000000000,0.506650700000,-1.013391052207602,-1.013391052207602,-1.013391052207602,0E-17,ELIGIBLE,R03b_20260811_FULL_v1,L1_ELIGIBILITY,v2026-08-11,2026-03-21..2026-08-06,baccarat_bet02_101_all_pairs_incl_sentinel,round_win = game_pnl > 0 (decisive only),COMPATIBILITY_ONLY_NOT_PRODUCTION,296357.1217,267511.9505,6650.6079,18220,18206,-0.02244119,-0.04150452,-0.02020951,-0.02244119,-6650.6079,296357.1217,OK,0.0000,266.0243,4.0000,96.0000,AG03-UNRESOLVED,ALL5_LEVELS_bet23_to_bet27,266.0243,266.0243,266.0243,332.5304,332.5304,4.000000,4.000000,4.000000,5.000000,5.000000,96.000000,96.000000,96.000000,95.000000,95.000000,5.0,1463.1337,1340.2688,5187.4742,5310.3391,PENDING_AG03,FALSE,NOT_FOR_ENFORCEMENT,6384.5836,256811.4724,6650.6079,6384.5836,266.0243,0.02244119,0.02154355,266.0243,6384.5836,0.02154355,266.0243,266.0243,266.0243,332.5304,332.5304,6384.5836,0.02154355,1463.1337,1340.2688,5187.4742,5310.3391,0.01750413,0.01791872,0.00089765,16.2655,14.6936,0.3653,59.3804,1.1678,2646.0457,162.5536,12.4780,16.8648,9.0895,16.5695,22.0926,29.825,33.4482,44.5976,11.8163,0.0,2.018664,2.691552,0.981654,30,240,141,4,0.10479828,0.02244119,0.04150452,0E-8,0.000000,0.902668,0.011910,-0.02129501,2026-03-22,2026-08-05,112,5695,2177,137,0.817518,0.739886,0.767145,0.349328,,,,,,,,GLOBAL_BASELINE_NO_ENTITY_RANKING,,,NOT_APPLICABLE_GLOBAL_BASELINE,HF9g-P5,,,,X 全窗基线 · 不参与实体赏罚,14196070,1420,A168_HF9F_20260827_0900,2026-08-27 09:00:00
2026-05-24,110249610,1710,0,3.3448172057,-3.3448172057,-3.3448172057,0E-7,1,1,0.49324550000000000,0.493245500000,-0.9865810262130424,-0.9865810262130424,-0.9865810262130424,0E-17,ELIGIBLE,R03b_20260811_FULL_v1,L1_ELIGIBILITY,v2026-08-11,2026-03-21..2026-08-06,baccarat_bet02_101_all_pairs_incl_sentinel,round_win = game_pnl > 0 (decisive only),COMPATIBILITY_ONLY_NOT_PRODUCTION,296357.1217,267511.9505,6650.6079,18220,18206,-0.02244119,-0.04150452,-0.02020951,-0.02244119,-6650.6079,296357.1217,OK,0.0000,266.0243,4.0000,96.0000,AG03-UNRESOLVED,ALL5_LEVELS_bet23_to_bet27,266.0243,266.0243,266.0243,332.5304,332.5304,4.000000,4.000000,4.000000,5.000000,5.000000,96.000000,96.000000,96.000000,95.000000,95.000000,5.0,1463.1337,1340.2688,5187.4742,5310.3391,PENDING_AG03,FALSE,NOT_FOR_ENFORCEMENT,6384.5836,256811.4724,6650.6079,6384.5836,266.0243,0.02244119,0.02154355,266.0243,6384.5836,0.02154355,266.0243,266.0243,266.0243,332.5304,332.5304,6384.5836,0.02154355,1463.1337,1340.2688,5187.4742,5310.3391,0.01750413,0.01791872,0.00089765,16.2655,14.6936,0.3653,59.3804,1.1678,2646.0457,162.5536,12.4780,16.8648,9.0895,16.5695,22.0926,29.825,33.4482,44.5976,11.8163,0.0,2.018664,2.691552,0.981654,30,240,141,4,0.10479828,0.02244119,0.04150452,0E-8,0.000000,0.902668,0.011910,-0.02129501,2026-03-22,2026-08-05,112,5695,2177,137,0.817518,0.739886,0.767145,0.349328,,,,,,,,GLOBAL_BASELINE_NO_ENTITY_RANKING,,,NOT_APPLICABLE_GLOBAL_BASELINE,HF9g-P5,,,,X 全窗基线 · 不参与实体赏罚,14196071,1420,A168_HF9F_20260827_0900,2026-08-27 09:00:00
2026-05-24,110249610,772,0,15.6091469601,-7.2471039458,-7.2471039458,0E-7,2,2,0.49324550000000000,0.493245500000,-0.9865810262130424,-0.9865810262130424,-0.9865810262130424,0E-17,ELIGIBLE,R03b_20260811_FULL_v1,L1_ELIGIBILITY,v2026-08-11,2026-03-21..2026-08-06,baccarat_bet02_101_all_pairs_incl_sentinel,round_win = game_pnl > 0 (decisive only),COMPATIBILITY_ONLY_NOT_PRODUCTION,296357.1217,267511.9505,6650.6079,18220,18206,-0.02244119,-0.04150452,-0.02020951,-0.02244119,-6650.6079,296357.1217,OK,0.0000,266.0243,4.0000,96.0000,AG03-UNRESOLVED,ALL5_LEVELS_bet23_to_bet27,266.0243,266.0243,266.0243,332.5304,332.5304,4.000000,4.000000,4.000000,5.000000,5.000000,96.000000,96.000000,96.000000,95.000000,95.000000,5.0,1463.1337,1340.2688,5187.4742,5310.3391,PENDING_AG03,FALSE,NOT_FOR_ENFORCEMENT,6384.5836,256811.4724,6650.6079,6384.5836,266.0243,0.02244119,0.02154355,266.0243,6384.5836,0.02154355,266.0243,266.0243,266.0243,332.5304,332.5304,6384.5836,0.02154355,1463.1337,1340.2688,5187.4742,5310.3391,0.01750413,0.01791872,0.00089765,16.2655,14.6936,0.3653,59.3804,1.1678,2646.0457,162.5536,12.4780,16.8648,9.0895,16.5695,22.0926,29.825,33.4482,44.5976,11.8163,0.0,2.018664,2.691552,0.981654,30,240,141,4,0.10479828,0.02244119,0.04150452,0E-8,0.000000,0.902668,0.011910,-0.02129501,2026-03-22,2026-08-05,112,5695,2177,137,0.817518,0.739886,0.767145,0.349328,,,,,,,,GLOBAL_BASELINE_NO_ENTITY_RANKING,,,NOT_APPLICABLE_GLOBAL_BASELINE,HF9g-P5,,,,X 全窗基线 · 不参与实体赏罚,14196072,1420,A168_HF9F_20260827_0900,2026-08-27 09:00:00
2026-05-25,110249610,-1,1,79.2721677767,-10.9264028723,-10.9264028723,0.4230769,28,28,0.49611804285714286,0.496118042857,-0.7448986410824502,-0.7448986410809949,-0.7448986410824502,1.4286E-13,SENTINEL_DEALER,R03b_20260811_FULL_v1,L1_ELIGIBILITY,v2026-08-11,2026-03-21..2026-08-06,baccarat_bet02_101_all_pairs_incl_sentinel,round_win = game_pnl > 0 (decisive only),COMPATIBILITY_ONLY_NOT_PRODUCTION,296357.1217,267511.9505,6650.6079,18220,18206,-0.02244119,-0.04150452,-0.02020951,-0.02244119,-6650.6079,296357.1217,OK,0.0000,266.0243,4.0000,96.0000,AG03-UNRESOLVED,ALL5_LEVELS_bet23_to_bet27,266.0243,266.0243,266.0243,332.5304,332.5304,4.000000,4.000000,4.000000,5.000000,5.000000,96.000000,96.000000,96.000000,95.000000,95.000000,5.0,1463.1337,1340.2688,5187.4742,5310.3391,PENDING_AG03,FALSE,NOT_FOR_ENFORCEMENT,6384.5836,256811.4724,6650.6079,6384.5836,266.0243,0.02244119,0.02154355,266.0243,6384.5836,0.02154355,266.0243,266.0243,266.0243,332.5304,332.5304,6384.5836,0.02154355,1463.1337,1340.2688,5187.4742,5310.3391,0.01750413,0.01791872,0.00089765,16.2655,14.6936,0.3653,59.3804,1.1678,2646.0457,162.5536,12.4780,16.8648,9.0895,16.5695,22.0926,29.825,33.4482,44.5976,11.8163,0.0,2.018664,2.691552,0.981654,30,240,141,4,0.10479828,0.02244119,0.04150452,0E-8,0.000000,0.902668,0.011910,-0.02129501,2026-03-22,2026-08-05,112,5695,2177,137,0.817518,0.739886,0.767145,0.349328,,,,,,,,GLOBAL_BASELINE_NO_ENTITY_RANKING,,,NOT_APPLICABLE_GLOBAL_BASELINE,HF9g-P5,,,,X 全窗基线 · 不参与实体赏罚,14196073,1420,A168_HF9F_20260827_0900,2026-08-27 09:00:00
2026-05-25,110249610,1302,0,1.1149390686,-1.1149390686,-1.1149390686,0E-7,1,1,0.49324550000000000,0.493245500000,-0.9865810262130424,-0.9865810262130424,-0.9865810262130424,0E-17,ELIGIBLE,R03b_20260811_FULL_v1,L1_ELIGIBILITY,v2026-08-11,2026-03-21..2026-08-06,baccarat_bet02_101_all_pairs_incl_sentinel,round_win = game_pnl > 0 (decisive only),COMPATIBILITY_ONLY_NOT_PRODUCTION,296357.1217,267511.9505,6650.6079,18220,18206,-0.02244119,-0.04150452,-0.02020951,-0.02244119,-6650.6079,296357.1217,OK,0.0000,266.0243,4.0000,96.0000,AG03-UNRESOLVED,ALL5_LEVELS_bet23_to_bet27,266.0243,266.0243,266.0243,332.5304,332.5304,4.000000,4.000000,4.000000,5.000000,5.000000,96.000000,96.000000,96.000000,95.000000,95.000000,5.0,1463.1337,1340.2688,5187.4742,5310.3391,PENDING_AG03,FALSE,NOT_FOR_ENFORCEMENT,6384.5836,256811.4724,6650.6079,6384.5836,266.0243,0.02244119,0.02154355,266.0243,6384.5836,0.02154355,266.0243,266.0243,266.0243,332.5304,332.5304,6384.5836,0.02154355,1463.1337,1340.2688,5187.4742,5310.3391,0.01750413,0.01791872,0.00089765,16.2655,14.6936,0.3653,59.3804,1.1678,2646.0457,162.5536,12.4780,16.8648,9.0895,16.5695,22.0926,29.825,33.4482,44.5976,11.8163,0.0,2.018664,2.691552,0.981654,30,240,141,4,0.10479828,0.02244119,0.04150452,0E-8,0.000000,0.902668,0.011910,-0.02129501,2026-03-22,2026-08-05,112,5695,2177,137,0.817518,0.739886,0.767145,0.349328,,,,,,,,GLOBAL_BASELINE_NO_ENTITY_RANKING,,,NOT_APPLICABLE_GLOBAL_BASELINE,HF9g-P5,,,,X 全窗基线 · 不参与实体赏罚,14196074,1420,A168_HF9F_20260827_0900,2026-08-27 09:00:00
2026-05-25,110249610,1323,0,3.3448172058,-3.3448172058,-3.3448172058,0E-7,2,2,0.49994810000000000,0.499948100000,-1.4140667746232096,-1.4140667746232096,-1.4140667746232096,0E-17,ELIGIBLE,R03b_20260811_FULL_v1,L1_ELIGIBILITY,v2026-08-11,2026-03-21..2026-08-06,baccarat_bet02_101_all_pairs_incl_sentinel,round_win = game_pnl > 0 (decisive only),COMPATIBILITY_ONLY_NOT_PRODUCTION,296357.1217,267511.9505,6650.6079,18220,18206,-0.02244119,-0.04150452,-0.02020951,-0.02244119,-6650.6079,296357.1217,OK,0.0000,266.0243,4.0000,96.0000,AG03-UNRESOLVED,ALL5_LEVELS_bet23_to_bet27,266.0243,266.0243,266.0243,332.5304,332.5304,4.000000,4.000000,4.000000,5.000000,5.000000,96.000000,96.000000,96.000000,95.000000,95.000000,5.0,1463.1337,1340.2688,5187.4742,5310.3391,PENDING_AG03,FALSE,NOT_FOR_ENFORCEMENT,6384.5836,256811.4724,6650.6079,6384.5836,266.0243,0.02244119,0.02154355,266.0243,6384.5836,0.02154355,266.0243,266.0243,266.0243,332.5304,332.5304,6384.5836,0.02154355,1463.1337,1340.2688,5187.4742,5310.3391,0.01750413,0.01791872,0.00089765,16.2655,14.6936,0.3653,59.3804,1.1678,2646.0457,162.5536,12.4780,16.8648,9.0895,16.5695,22.0926,29.825,33.4482,44.5976,11.8163,0.0,2.018664,2.691552,0.981654,30,240,141,4,0.10479828,0.02244119,0.04150452,0E-8,0.000000,0.902668,0.011910,-0.02129501,2026-03-22,2026-08-05,112,5695,2177,137,0.817518,0.739886,0.767145,0.349328,,,,,,,,GLOBAL_BASELINE_NO_ENTITY_RANKING,,,NOT_APPLICABLE_GLOBAL_BASELINE,HF9g-P5,,,,X 全窗基线 · 不参与实体赏罚,14196075,1420,A168_HF9F_20260827_0900,2026-08-27 09:00:00
2026-05-25,110249610,1325,0,11.1493906858,-11.1493906858,-11.1493906858,0E-7,1,1,0.50665070000000000,0.506650700000,-1.013391052207602,-1.013391052207602,-1.013391052207602,0E-17,ELIGIBLE,R03b_20260811_FULL_v1,L1_ELIGIBILITY,v2026-08-11,2026-03-21..2026-08-06,baccarat_bet02_101_all_pairs_incl_sentinel,round_win = game_pnl > 0 (decisive only),COMPATIBILITY_ONLY_NOT_PRODUCTION,296357.1217,267511.9505,6650.6079,18220,18206,-0.02244119,-0.04150452,-0.02020951,-0.02244119,-6650.6079,296357.1217,OK,0.0000,266.0243,4.0000,96.0000,AG03-UNRESOLVED,ALL5_LEVELS_bet23_to_bet27,266.0243,266.0243,266.0243,332.5304,332.5304,4.000000,4.000000,4.000000,5.000000,5.000000,96.000000,96.000000,96.000000,95.000000,95.000000,5.0,1463.1337,1340.2688,5187.4742,5310.3391,PENDING_AG03,FALSE,NOT_FOR_ENFORCEMENT,6384.5836,256811.4724,6650.6079,6384.5836,266.0243,0.02244119,0.02154355,266.0243,6384.5836,0.02154355,266.0243,266.0243,266.0243,332.5304,332.5304,6384.5836,0.02154355,1463.1337,1340.2688,5187.4742,5310.3391,0.01750413,0.01791872,0.00089765,16.2655,14.6936,0.3653,59.3804,1.1678,2646.0457,162.5536,12.4780,16.8648,9.0895,16.5695,22.0926,29.825,33.4482,44.5976,11.8163,0.0,2.018664,2.691552,0.981654,30,240,141,4,0.10479828,0.02244119,0.04150452,0E-8,0.000000,0.902668,0.011910,-0.02129501,2026-03-22,2026-08-05,112,5695,2177,137,0.817518,0.739886,0.767145,0.349328,,,,,,,,GLOBAL_BASELINE_NO_ENTITY_RANKING,,,NOT_APPLICABLE_GLOBAL_BASELINE,HF9g-P5,,,,X 全窗基线 · 不参与实体赏罚,14196076,1420,A168_HF9F_20260827_0900,2026-08-27 09:00:00
2026-05-25,110249610,1391,0,11.1493906860,-2.2298781372,-2.2298781372,0.4000000,5,5,0.49324550000000000,0.493245500000,-0.4170446088060018,-0.4170446088060018,-0.4170446088060018,0E-17,ELIGIBLE,R03b_20260811_FULL_v1,L1_ELIGIBILITY,v2026-08-11,2026-03-21..2026-08-06,baccarat_bet02_101_all_pairs_incl_sentinel,round_win = game_pnl > 0 (decisive only),COMPATIBILITY_ONLY_NOT_PRODUCTION,296357.1217,267511.9505,6650.6079,18220,18206,-0.02244119,-0.04150452,-0.02020951,-0.02244119,-6650.6079,296357.1217,OK,0.0000,266.0243,4.0000,96.0000,AG03-UNRESOLVED,ALL5_LEVELS_bet23_to_bet27,266.0243,266.0243,266.0243,332.5304,332.5304,4.000000,4.000000,4.000000,5.000000,5.000000,96.000000,96.000000,96.000000,95.000000,95.000000,5.0,1463.1337,1340.2688,5187.4742,5310.3391,PENDING_AG03,FALSE,NOT_FOR_ENFORCEMENT,6384.5836,256811.4724,6650.6079,6384.5836,266.0243,0.02244119,0.02154355,266.0243,6384.5836,0.02154355,266.0243,266.0243,266.0243,332.5304,332.5304,6384.5836,0.02154355,1463.1337,1340.2688,5187.4742,5310.3391,0.01750413,0.01791872,0.00089765,16.2655,14.6936,0.3653,59.3804,1.1678,2646.0457,162.5536,12.4780,16.8648,9.0895,16.5695,22.0926,29.825,33.4482,44.5976,11.8163,0.0,2.018664,2.691552,0.981654,30,240,141,4,0.10479828,0.02244119,0.04150452,0E-8,0.000000,0.902668,0.011910,-0.02129501,2026-03-22,2026-08-05,112,5695,2177,137,0.817518,0.739886,0.767145,0.349328,,,,,,,,GLOBAL_BASELINE_NO_ENTITY_RANKING,,,NOT_APPLICABLE_GLOBAL_BASELINE,HF9g-P5,,,,X 全窗基线 · 不参与实体赏罚,14196077,1420,A168_HF9F_20260827_0900,2026-08-27 09:00:00
2026-05-25,110249610,1490,0,19.8459154207,6.6784850209,6.6784850209,0.8000000,5,5,0.50665070000000000,0.506650700000,1.3120140225494112,1.3120140225494112,1.3120140225494112,0E-17,ELIGIBLE,R03b_20260811_FULL_v1,L1_ELIGIBILITY,v2026-08-11,2026-03-21..2026-08-06,baccarat_bet02_101_all_pairs_incl_sentinel,round_win = game_pnl > 0 (decisive only),COMPATIBILITY_ONLY_NOT_PRODUCTION,296357.1217,267511.9505,6650.6079,18220,18206,-0.02244119,-0.04150452,-0.02020951,-0.02244119,-6650.6079,296357.1217,OK,0.0000,266.0243,4.0000,96.0000,AG03-UNRESOLVED,ALL5_LEVELS_bet23_to_bet27,266.0243,266.0243,266.0243,332.5304,332.5304,4.000000,4.000000,4.000000,5.000000,5.000000,96.000000,96.000000,96.000000,95.000000,95.000000,5.0,1463.1337,1340.2688,5187.4742,5310.3391,PENDING_AG03,FALSE,NOT_FOR_ENFORCEMENT,6384.5836,256811.4724,6650.6079,6384.5836,266.0243,0.02244119,0.02154355,266.0243,6384.5836,0.02154355,266.0243,266.0243,266.0243,332.5304,332.5304,6384.5836,0.02154355,1463.1337,1340.2688,5187.4742,5310.3391,0.01750413,0.01791872,0.00089765,16.2655,14.6936,0.3653,59.3804,1.1678,2646.0457,162.5536,12.4780,16.8648,9.0895,16.5695,22.0926,29.825,33.4482,44.5976,11.8163,0.0,2.018664,2.691552,0.981654,30,240,141,4,0.10479828,0.02244119,0.04150452,0E-8,0.000000,0.902668,0.011910,-0.02129501,2026-03-22,2026-08-05,112,5695,2177,137,0.817518,0.739886,0.767145,0.349328,,,,,,,,GLOBAL_BASELINE_NO_ENTITY_RANKING,,,NOT_APPLICABLE_GLOBAL_BASELINE,HF9g-P5,,,,X 全窗基线 · 不参与实体赏罚,14196078,1420,A168_HF9F_20260827_0900,2026-08-27 09:00:00
2026-05-25,110249610,1506,0,4.4597562744,0E-10,0E-10,0.5000000,2,2,0.49324550000000000,0.493245500000,0.01910635448239258,0.01910635448239258,0.01910635448239258,0E-17,ELIGIBLE,R03b_20260811_FULL_v1,L1_ELIGIBILITY,v2026-08-11,2026-03-21..2026-08-06,baccarat_bet02_101_all_pairs_incl_sentinel,round_win = game_pnl > 0 (decisive only),COMPATIBILITY_ONLY_NOT_PRODUCTION,296357.1217,267511.9505,6650.6079,18220,18206,-0.02244119,-0.04150452,-0.02020951,-0.02244119,-6650.6079,296357.1217,OK,0.0000,266.0243,4.0000,96.0000,AG03-UNRESOLVED,ALL5_LEVELS_bet23_to_bet27,266.0243,266.0243,266.0243,332.5304,332.5304,4.000000,4.000000,4.000000,5.000000,5.000000,96.000000,96.000000,96.000000,95.000000,95.000000,5.0,1463.1337,1340.2688,5187.4742,5310.3391,PENDING_AG03,FALSE,NOT_FOR_ENFORCEMENT,6384.5836,256811.4724,6650.6079,6384.5836,266.0243,0.02244119,0.02154355,266.0243,6384.5836,0.02154355,266.0243,266.0243,266.0243,332.5304,332.5304,6384.5836,0.02154355,1463.1337,1340.2688,5187.4742,5310.3391,0.01750413,0.01791872,0.00089765,16.2655,14.6936,0.3653,59.3804,1.1678,2646.0457,162.5536,12.4780,16.8648,9.0895,16.5695,22.0926,29.825,33.4482,44.5976,11.8163,0.0,2.018664,2.691552,0.981654,30,240,141,4,0.10479828,0.02244119,0.04150452,0E-8,0.000000,0.902668,0.011910,-0.02129501,2026-03-22,2026-08-05,112,5695,2177,137,0.817518,0.739886,0.767145,0.349328,,,,,,,,GLOBAL_BASELINE_NO_ENTITY_RANKING,,,NOT_APPLICABLE_GLOBAL_BASELINE,HF9g-P5,,,,X 全窗基线 · 不参与实体赏罚,14196079,1420,A168_HF9F_20260827_0900,2026-08-27 09:00:00
2026-05-25,110249610,1714,0,5.5746953429,5.2959605758,5.2959605758,1.0000000,1,1,0.50665070000000000,0.506650700000,0.9867858985152569,0.9867858985152569,0.9867858985152569,0E-17,ELIGIBLE,R03b_20260811_FULL_v1,L1_ELIGIBILITY,v2026-08-11,2026-03-21..2026-08-06,baccarat_bet02_101_all_pairs_incl_sentinel,round_win = game_pnl > 0 (decisive only),COMPATIBILITY_ONLY_NOT_PRODUCTION,296357.1217,267511.9505,6650.6079,18220,18206,-0.02244119,-0.04150452,-0.02020951,-0.02244119,-6650.6079,296357.1217,OK,0.0000,266.0243,4.0000,96.0000,AG03-UNRESOLVED,ALL5_LEVELS_bet23_to_bet27,266.0243,266.0243,266.0243,332.5304,332.5304,4.000000,4.000000,4.000000,5.000000,5.000000,96.000000,96.000000,96.000000,95.000000,95.000000,5.0,1463.1337,1340.2688,5187.4742,5310.3391,PENDING_AG03,FALSE,NOT_FOR_ENFORCEMENT,6384.5836,256811.4724,6650.6079,6384.5836,266.0243,0.02244119,0.02154355,266.0243,6384.5836,0.02154355,266.0243,266.0243,266.0243,332.5304,332.5304,6384.5836,0.02154355,1463.1337,1340.2688,5187.4742,5310.3391,0.01750413,0.01791872,0.00089765,16.2655,14.6936,0.3653,59.3804,1.1678,2646.0457,162.5536,12.4780,16.8648,9.0895,16.5695,22.0926,29.825,33.4482,44.5976,11.8163,0.0,2.018664,2.691552,0.981654,30,240,141,4,0.10479828,0.02244119,0.04150452,0E-8,0.000000,0.902668,0.011910,-0.02129501,2026-03-22,2026-08-05,112,5695,2177,137,0.817518,0.739886,0.767145,0.349328,,,,,,,,GLOBAL_BASELINE_NO_ENTITY_RANKING,,,NOT_APPLICABLE_GLOBAL_BASELINE,HF9g-P5,,,,X 全窗基线 · 不参与实体赏罚,14196080,1420,A168_HF9F_20260827_0900,2026-08-27 09:00:00
2026-05-25,110249610,1940,0,3.3448172057,-3.3448172057,-3.3448172057,0E-7,1,1,0.49324550000000000,0.493245500000,-0.9865810262130424,-0.9865810262130424,-0.9865810262130424,0E-17,ELIGIBLE,R03b_20260811_FULL_v1,L1_ELIGIBILITY,v2026-08-11,2026-03-21..2026-08-06,baccarat_bet02_101_all_pairs_incl_sentinel,round_win = game_pnl > 0 (decisive only),COMPATIBILITY_ONLY_NOT_PRODUCTION,296357.1217,267511.9505,6650.6079,18220,18206,-0.02244119,-0.04150452,-0.02020951,-0.02244119,-6650.6079,296357.1217,OK,0.0000,266.0243,4.0000,96.0000,AG03-UNRESOLVED,ALL5_LEVELS_bet23_to_bet27,266.0243,266.0243,266.0243,332.5304,332.5304,4.000000,4.000000,4.000000,5.000000,5.000000,96.000000,96.000000,96.000000,95.000000,95.000000,5.0,1463.1337,1340.2688,5187.4742,5310.3391,PENDING_AG03,FALSE,NOT_FOR_ENFORCEMENT,6384.5836,256811.4724,6650.6079,6384.5836,266.0243,0.02244119,0.02154355,266.0243,6384.5836,0.02154355,266.0243,266.0243,266.0243,332.5304,332.5304,6384.5836,0.02154355,1463.1337,1340.2688,5187.4742,5310.3391,0.01750413,0.01791872,0.00089765,16.2655,14.6936,0.3653,59.3804,1.1678,2646.0457,162.5536,12.4780,16.8648,9.0895,16.5695,22.0926,29.825,33.4482,44.5976,11.8163,0.0,2.018664,2.691552,0.981654,30,240,141,4,0.10479828,0.02244119,0.04150452,0E-8,0.000000,0.902668,0.011910,-0.02129501,2026-03-22,2026-08-05,112,5695,2177,137,0.817518,0.739886,0.767145,0.349328,,,,,,,,GLOBAL_BASELINE_NO_ENTITY_RANKING,,,NOT_APPLICABLE_GLOBAL_BASELINE,HF9g-P5,,,,X 全窗基线 · 不参与实体赏罚,14196081,1420,A168_HF9F_20260827_0900,2026-08-27 09:00:00
2026-05-25,110249610,1994,0,2.2298781372,-2.2298781372,-2.2298781372,0E-7,1,1,0.49324550000000000,0.493245500000,-0.9865810262130424,-0.9865810262130424,-0.9865810262130424,0E-17,ELIGIBLE,R03b_20260811_FULL_v1,L1_ELIGIBILITY,v2026-08-11,2026-03-21..2026-08-06,baccarat_bet02_101_all_pairs_incl_sentinel,round_win = game_pnl > 0 (decisive only),COMPATIBILITY_ONLY_NOT_PRODUCTION,296357.1217,267511.9505,6650.6079,18220,18206,-0.02244119,-0.04150452,-0.02020951,-0.02244119,-6650.6079,296357.1217,OK,0.0000,266.0243,4.0000,96.0000,AG03-UNRESOLVED,ALL5_LEVELS_bet23_to_bet27,266.0243,266.0243,266.0243,332.5304,332.5304,4.000000,4.000000,4.000000,5.000000,5.000000,96.000000,96.000000,96.000000,95.000000,95.000000,5.0,1463.1337,1340.2688,5187.4742,5310.3391,PENDING_AG03,FALSE,NOT_FOR_ENFORCEMENT,6384.5836,256811.4724,6650.6079,6384.5836,266.0243,0.02244119,0.02154355,266.0243,6384.5836,0.02154355,266.0243,266.0243,266.0243,332.5304,332.5304,6384.5836,0.02154355,1463.1337,1340.2688,5187.4742,5310.3391,0.01750413,0.01791872,0.00089765,16.2655,14.6936,0.3653,59.3804,1.1678,2646.0457,162.5536,12.4780,16.8648,9.0895,16.5695,22.0926,29.825,33.4482,44.5976,11.8163,0.0,2.018664,2.691552,0.981654,30,240,141,4,0.10479828,0.02244119,0.04150452,0E-8,0.000000,0.902668,0.011910,-0.02129501,2026-03-22,2026-08-05,112,5695,2177,137,0.817518,0.739886,0.767145,0.349328,,,,,,,,GLOBAL_BASELINE_NO_ENTITY_RANKING,,,NOT_APPLICABLE_GLOBAL_BASELINE,HF9g-P5,,,,X 全窗基线 · 不参与实体赏罚,14196082,1420,A168_HF9F_20260827_0900,2026-08-27 09:00:00
2026-05-25,110249610,2121,0,2.6758537646,-2.6758537646,-2.6758537646,0E-7,1,1,0.49324550000000000,0.493245500000,-0.9865810262130424,-0.9865810262130424,-0.9865810262130424,0E-17,ELIGIBLE,R03b_20260811_FULL_v1,L1_ELIGIBILITY,v2026-08-11,2026-03-21..2026-08-06,baccarat_bet02_101_all_pairs_incl_sentinel,round_win = game_pnl > 0 (decisive only),COMPATIBILITY_ONLY_NOT_PRODUCTION,296357.1217,267511.9505,6650.6079,18220,18206,-0.02244119,-0.04150452,-0.02020951,-0.02244119,-6650.6079,296357.1217,OK,0.0000,266.0243,4.0000,96.0000,AG03-UNRESOLVED,ALL5_LEVELS_bet23_to_bet27,266.0243,266.0243,266.0243,332.5304,332.5304,4.000000,4.000000,4.000000,5.000000,5.000000,96.000000,96.000000,96.000000,95.000000,95.000000,5.0,1463.1337,1340.2688,5187.4742,5310.3391,PENDING_AG03,FALSE,NOT_FOR_ENFORCEMENT,6384.5836,256811.4724,6650.6079,6384.5836,266.0243,0.02244119,0.02154355,266.0243,6384.5836,0.02154355,266.0243,266.0243,266.0243,332.5304,332.5304,6384.5836,0.02154355,1463.1337,1340.2688,5187.4742,5310.3391,0.01750413,0.01791872,0.00089765,16.2655,14.6936,0.3653,59.3804,1.1678,2646.0457,162.5536,12.4780,16.8648,9.0895,16.5695,22.0926,29.825,33.4482,44.5976,11.8163,0.0,2.018664,2.691552,0.981654,30,240,141,4,0.10479828,0.02244119,0.04150452,0E-8,0.000000,0.902668,0.011910,-0.02129501,2026-03-22,2026-08-05,112,5695,2177,137,0.817518,0.739886,0.767145,0.349328,,,,,,,,GLOBAL_BASELINE_NO_ENTITY_RANKING,,,NOT_APPLICABLE_GLOBAL_BASELINE,HF9g-P5,,,,X 全窗基线 · 不参与实体赏罚,14196083,1420,A168_HF9F_20260827_0900,2026-08-27 09:00:00
2026-05-25,110249610,2141,0,1.1149390686,1.1149390686,1.1149390686,1.0000000,1,1,0.49324550000000000,0.493245500000,1.01360149184955,1.01360149184955,1.01360149184955,0E-17,ELIGIBLE,R03b_20260811_FULL_v1,L1_ELIGIBILITY,v2026-08-11,2026-03-21..2026-08-06,baccarat_bet02_101_all_pairs_incl_sentinel,round_win = game_pnl > 0 (decisive only),COMPATIBILITY_ONLY_NOT_PRODUCTION,296357.1217,267511.9505,6650.6079,18220,18206,-0.02244119,-0.04150452,-0.02020951,-0.02244119,-6650.6079,296357.1217,OK,0.0000,266.0243,4.0000,96.0000,AG03-UNRESOLVED,ALL5_LEVELS_bet23_to_bet27,266.0243,266.0243,266.0243,332.5304,332.5304,4.000000,4.000000,4.000000,5.000000,5.000000,96.000000,96.000000,96.000000,95.000000,95.000000,5.0,1463.1337,1340.2688,5187.4742,5310.3391,PENDING_AG03,FALSE,NOT_FOR_ENFORCEMENT,6384.5836,256811.4724,6650.6079,6384.5836,266.0243,0.02244119,0.02154355,266.0243,6384.5836,0.02154355,266.0243,266.0243,266.0243,332.5304,332.5304,6384.5836,0.02154355,1463.1337,1340.2688,5187.4742,5310.3391,0.01750413,0.01791872,0.00089765,16.2655,14.6936,0.3653,59.3804,1.1678,2646.0457,162.5536,12.4780,16.8648,9.0895,16.5695,22.0926,29.825,33.4482,44.5976,11.8163,0.0,2.018664,2.691552,0.981654,30,240,141,4,0.10479828,0.02244119,0.04150452,0E-8,0.000000,0.902668,0.011910,-0.02129501,2026-03-22,2026-08-05,112,5695,2177,137,0.817518,0.739886,0.767145,0.349328,,,,,,,,GLOBAL_BASELINE_NO_ENTITY_RANKING,,,NOT_APPLICABLE_GLOBAL_BASELINE,HF9g-P5,,,,X 全窗基线 · 不参与实体赏罚,14196084,1420,A168_HF9F_20260827_0900,2026-08-27 09:00:00
2026-05-25,110249610,2201,0,7.8045734801,1.1149390687,1.1149390687,0.6666667,3,3,0.49324550000000000,0.493245500000,0.6008033672792107,0.6008033672792106,0.6008033672792107,0E-17,ELIGIBLE,R03b_20260811_FULL_v1,L1_ELIGIBILITY,v2026-08-11,2026-03-21..2026-08-06,baccarat_bet02_101_all_pairs_incl_sentinel,round_win = game_pnl > 0 (decisive only),COMPATIBILITY_ONLY_NOT_PRODUCTION,296357.1217,267511.9505,6650.6079,18220,18206,-0.02244119,-0.04150452,-0.02020951,-0.02244119,-6650.6079,296357.1217,OK,0.0000,266.0243,4.0000,96.0000,AG03-UNRESOLVED,ALL5_LEVELS_bet23_to_bet27,266.0243,266.0243,266.0243,332.5304,332.5304,4.000000,4.000000,4.000000,5.000000,5.000000,96.000000,96.000000,96.000000,95.000000,95.000000,5.0,1463.1337,1340.2688,5187.4742,5310.3391,PENDING_AG03,FALSE,NOT_FOR_ENFORCEMENT,6384.5836,256811.4724,6650.6079,6384.5836,266.0243,0.02244119,0.02154355,266.0243,6384.5836,0.02154355,266.0243,266.0243,266.0243,332.5304,332.5304,6384.5836,0.02154355,1463.1337,1340.2688,5187.4742,5310.3391,0.01750413,0.01791872,0.00089765,16.2655,14.6936,0.3653,59.3804,1.1678,2646.0457,162.5536,12.4780,16.8648,9.0895,16.5695,22.0926,29.825,33.4482,44.5976,11.8163,0.0,2.018664,2.691552,0.981654,30,240,141,4,0.10479828,0.02244119,0.04150452,0E-8,0.000000,0.902668,0.011910,-0.02129501,2026-03-22,2026-08-05,112,5695,2177,137,0.817518,0.739886,0.767145,0.349328,,,,,,,,GLOBAL_BASELINE_NO_ENTITY_RANKING,,,NOT_APPLICABLE_GLOBAL_BASELINE,HF9g-P5,,,,X 全窗基线 · 不参与实体赏罚,14196085,1420,A168_HF9F_20260827_0900,2026-08-27 09:00:00
2026-05-25,110249610,2222,0,3.3448172058,-1.1706860220,-1.1706860220,0.5000000,2,2,0.50665070000000000,0.506650700000,-0.018812684590367487,-0.018812684590367487,-0.018812684590367487,0E-17,ELIGIBLE,R03b_20260811_FULL_v1,L1_ELIGIBILITY,v2026-08-11,2026-03-21..2026-08-06,baccarat_bet02_101_all_pairs_incl_sentinel,round_win = game_pnl > 0 (decisive only),COMPATIBILITY_ONLY_NOT_PRODUCTION,296357.1217,267511.9505,6650.6079,18220,18206,-0.02244119,-0.04150452,-0.02020951,-0.02244119,-6650.6079,296357.1217,OK,0.0000,266.0243,4.0000,96.0000,AG03-UNRESOLVED,ALL5_LEVELS_bet23_to_bet27,266.0243,266.0243,266.0243,332.5304,332.5304,4.000000,4.000000,4.000000,5.000000,5.000000,96.000000,96.000000,96.000000,95.000000,95.000000,5.0,1463.1337,1340.2688,5187.4742,5310.3391,PENDING_AG03,FALSE,NOT_FOR_ENFORCEMENT,6384.5836,256811.4724,6650.6079,6384.5836,266.0243,0.02244119,0.02154355,266.0243,6384.5836,0.02154355,266.0243,266.0243,266.0243,332.5304,332.5304,6384.5836,0.02154355,1463.1337,1340.2688,5187.4742,5310.3391,0.01750413,0.01791872,0.00089765,16.2655,14.6936,0.3653,59.3804,1.1678,2646.0457,162.5536,12.4780,16.8648,9.0895,16.5695,22.0926,29.825,33.4482,44.5976,11.8163,0.0,2.018664,2.691552,0.981654,30,240,141,4,0.10479828,0.02244119,0.04150452,0E-8,0.000000,0.902668,0.011910,-0.02129501,2026-03-22,2026-08-05,112,5695,2177,137,0.817518,0.739886,0.767145,0.349328,,,,,,,,GLOBAL_BASELINE_NO_ENTITY_RANKING,,,NOT_APPLICABLE_GLOBAL_BASELINE,HF9g-P5,,,,X 全窗基线 · 不参与实体赏罚,14196086,1420,A168_HF9F_20260827_0900,2026-08-27 09:00:00
2026-05-25,110249610,2242,0,2.2298781372,-2.2298781372,-2.2298781372,0E-7,1,1,0.49324550000000000,0.493245500000,-0.9865810262130424,-0.9865810262130424,-0.9865810262130424,0E-17,ELIGIBLE,R03b_20260811_FULL_v1,L1_ELIGIBILITY,v2026-08-11,2026-03-21..2026-08-06,baccarat_bet02_101_all_pairs_incl_sentinel,round_win = game_pnl > 0 (decisive only),COMPATIBILITY_ONLY_NOT_PRODUCTION,296357.1217,267511.9505,6650.6079,18220,18206,-0.02244119,-0.04150452,-0.02020951,-0.02244119,-6650.6079,296357.1217,OK,0.0000,266.0243,4.0000,96.0000,AG03-UNRESOLVED,ALL5_LEVELS_bet23_to_bet27,266.0243,266.0243,266.0243,332.5304,332.5304,4.000000,4.000000,4.000000,5.000000,5.000000,96.000000,96.000000,96.000000,95.000000,95.000000,5.0,1463.1337,1340.2688,5187.4742,5310.3391,PENDING_AG03,FALSE,NOT_FOR_ENFORCEMENT,6384.5836,256811.4724,6650.6079,6384.5836,266.0243,0.02244119,0.02154355,266.0243,6384.5836,0.02154355,266.0243,266.0243,266.0243,332.5304,332.5304,6384.5836,0.02154355,1463.1337,1340.2688,5187.4742,5310.3391,0.01750413,0.01791872,0.00089765,16.2655,14.6936,0.3653,59.3804,1.1678,2646.0457,162.5536,12.4780,16.8648,9.0895,16.5695,22.0926,29.825,33.4482,44.5976,11.8163,0.0,2.018664,2.691552,0.981654,30,240,141,4,0.10479828,0.02244119,0.04150452,0E-8,0.000000,0.902668,0.011910,-0.02129501,2026-03-22,2026-08-05,112,5695,2177,137,0.817518,0.739886,0.767145,0.349328,,,,,,,,GLOBAL_BASELINE_NO_ENTITY_RANKING,,,NOT_APPLICABLE_GLOBAL_BASELINE,HF9g-P5,,,,X 全窗基线 · 不参与实体赏罚,14196087,1420,A168_HF9F_20260827_0900,2026-08-27 09:00:00
2026-05-25,110249610,2252,0,12.1528358476,-5.6304422963,-5.6304422963,0.4000000,5,5,0.50665070000000000,0.506650700000,-0.4769986289884125,-0.4769986289884125,-0.4769986289884125,0E-17,ELIGIBLE,R03b_20260811_FULL_v1,L1_ELIGIBILITY,v2026-08-11,2026-03-21..2026-08-06,baccarat_bet02_101_all_pairs_incl_sentinel,round_win = game_pnl > 0 (decisive only),COMPATIBILITY_ONLY_NOT_PRODUCTION,296357.1217,267511.9505,6650.6079,18220,18206,-0.02244119,-0.04150452,-0.02020951,-0.02244119,-6650.6079,296357.1217,OK,0.0000,266.0243,4.0000,96.0000,AG03-UNRESOLVED,ALL5_LEVELS_bet23_to_bet27,266.0243,266.0243,266.0243,332.5304,332.5304,4.000000,4.000000,4.000000,5.000000,5.000000,96.000000,96.000000,96.000000,95.000000,95.000000,5.0,1463.1337,1340.2688,5187.4742,5310.3391,PENDING_AG03,FALSE,NOT_FOR_ENFORCEMENT,6384.5836,256811.4724,6650.6079,6384.5836,266.0243,0.02244119,0.02154355,266.0243,6384.5836,0.02154355,266.0243,266.0243,266.0243,332.5304,332.5304,6384.5836,0.02154355,1463.1337,1340.2688,5187.4742,5310.3391,0.01750413,0.01791872,0.00089765,16.2655,14.6936,0.3653,59.3804,1.1678,2646.0457,162.5536,12.4780,16.8648,9.0895,16.5695,22.0926,29.825,33.4482,44.5976,11.8163,0.0,2.018664,2.691552,0.981654,30,240,141,4,0.10479828,0.02244119,0.04150452,0E-8,0.000000,0.902668,0.011910,-0.02129501,2026-03-22,2026-08-05,112,5695,2177,137,0.817518,0.739886,0.767145,0.349328,,,,,,,,GLOBAL_BASELINE_NO_ENTITY_RANKING,,,NOT_APPLICABLE_GLOBAL_BASELINE,HF9g-P5,,,,X 全窗基线 · 不参与实体赏罚,14196088,1420,A168_HF9F_20260827_0900,2026-08-27 09:00:00
2026-05-25,110249610,529,0,5.5746953430,-2.2298781372,-2.2298781372,0.3333333,4,4,0.49324550000000000,0.493245500000,-0.5540025479526107,-0.5540025479526106,-0.5540025479526107,0E-17,ELIGIBLE,R03b_20260811_FULL_v1,L1_ELIGIBILITY,v2026-08-11,2026-03-21..2026-08-06,baccarat_bet02_101_all_pairs_incl_sentinel,round_win = game_pnl > 0 (decisive only),COMPATIBILITY_ONLY_NOT_PRODUCTION,296357.1217,267511.9505,6650.6079,18220,18206,-0.02244119,-0.04150452,-0.02020951,-0.02244119,-6650.6079,296357.1217,OK,0.0000,266.0243,4.0000,96.0000,AG03-UNRESOLVED,ALL5_LEVELS_bet23_to_bet27,266.0243,266.0243,266.0243,332.5304,332.5304,4.000000,4.000000,4.000000,5.000000,5.000000,96.000000,96.000000,96.000000,95.000000,95.000000,5.0,1463.1337,1340.2688,5187.4742,5310.3391,PENDING_AG03,FALSE,NOT_FOR_ENFORCEMENT,6384.5836,256811.4724,6650.6079,6384.5836,266.0243,0.02244119,0.02154355,266.0243,6384.5836,0.02154355,266.0243,266.0243,266.0243,332.5304,332.5304,6384.5836,0.02154355,1463.1337,1340.2688,5187.4742,5310.3391,0.01750413,0.01791872,0.00089765,16.2655,14.6936,0.3653,59.3804,1.1678,2646.0457,162.5536,12.4780,16.8648,9.0895,16.5695,22.0926,29.825,33.4482,44.5976,11.8163,0.0,2.018664,2.691552,0.981654,30,240,141,4,0.10479828,0.02244119,0.04150452,0E-8,0.000000,0.902668,0.011910,-0.02129501,2026-03-22,2026-08-05,112,5695,2177,137,0.817518,0.739886,0.767145,0.349328,,,,,,,,GLOBAL_BASELINE_NO_ENTITY_RANKING,,,NOT_APPLICABLE_GLOBAL_BASELINE,HF9g-P5,,,,X 全窗基线 · 不参与实体赏罚,14196089,1420,A168_HF9F_20260827_0900,2026-08-27 09:00:00
2026-05-27,110249610,-1,1,14.4942078916,-4.9280306831,-4.9280306831,0.5000000,2,2,0.50665070000000000,0.506650700000,-0.018812684590367487,-0.018812684590367487,-0.018812684590367487,0E-17,SENTINEL_DEALER,R03b_20260811_FULL_v1,L1_ELIGIBILITY,v2026-08-11,2026-03-21..2026-08-06,baccarat_bet02_101_all_pairs_incl_sentinel,round_win = game_pnl > 0 (decisive only),COMPATIBILITY_ONLY_NOT_PRODUCTION,296357.1217,267511.9505,6650.6079,18220,18206,-0.02244119,-0.04150452,-0.02020951,-0.02244119,-6650.6079,296357.1217,OK,0.0000,266.0243,4.0000,96.0000,AG03-UNRESOLVED,ALL5_LEVELS_bet23_to_bet27,266.0243,266.0243,266.0243,332.5304,332.5304,4.000000,4.000000,4.000000,5.000000,5.000000,96.000000,96.000000,96.000000,95.000000,95.000000,5.0,1463.1337,1340.2688,5187.4742,5310.3391,PENDING_AG03,FALSE,NOT_FOR_ENFORCEMENT,6384.5836,256811.4724,6650.6079,6384.5836,266.0243,0.02244119,0.02154355,266.0243,6384.5836,0.02154355,266.0243,266.0243,266.0243,332.5304,332.5304,6384.5836,0.02154355,1463.1337,1340.2688,5187.4742,5310.3391,0.01750413,0.01791872,0.00089765,16.2655,14.6936,0.3653,59.3804,1.1678,2646.0457,162.5536,12.4780,16.8648,9.0895,16.5695,22.0926,29.825,33.4482,44.5976,11.8163,0.0,2.018664,2.691552,0.981654,30,240,141,4,0.10479828,0.02244119,0.04150452,0E-8,0.000000,0.902668,0.011910,-0.02129501,2026-03-22,2026-08-05,112,5695,2177,137,0.817518,0.739886,0.767145,0.349328,,,,,,,,GLOBAL_BASELINE_NO_ENTITY_RANKING,,,NOT_APPLICABLE_GLOBAL_BASELINE,HF9g-P5,,,,X 全窗基线 · 不参与实体赏罚,14196090,1420,A168_HF9F_20260827_0900,2026-08-27 09:00:00
2026-05-28,110249610,-1,1,83.6204301435,-39.0228674003,-39.0228674003,0.1666667,8,8,0.50162375000000000,0.501623750000,-1.6409565327919997,-1.640956532792,-1.6409565327919997,0E-17,SENTINEL_DEALER,R03b_20260811_FULL_v1,L1_ELIGIBILITY,v2026-08-11,2026-03-21..2026-08-06,baccarat_bet02_101_all_pairs_incl_sentinel,round_win = game_pnl > 0 (decisive only),COMPATIBILITY_ONLY_NOT_PRODUCTION,296357.1217,267511.9505,6650.6079,18220,18206,-0.02244119,-0.04150452,-0.02020951,-0.02244119,-6650.6079,296357.1217,OK,0.0000,266.0243,4.0000,96.0000,AG03-UNRESOLVED,ALL5_LEVELS_bet23_to_bet27,266.0243,266.0243,266.0243,332.5304,332.5304,4.000000,4.000000,4.000000,5.000000,5.000000,96.000000,96.000000,96.000000,95.000000,95.000000,5.0,1463.1337,1340.2688,5187.4742,5310.3391,PENDING_AG03,FALSE,NOT_FOR_ENFORCEMENT,6384.5836,256811.4724,6650.6079,6384.5836,266.0243,0.02244119,0.02154355,266.0243,6384.5836,0.02154355,266.0243,266.0243,266.0243,332.5304,332.5304,6384.5836,0.02154355,1463.1337,1340.2688,5187.4742,5310.3391,0.01750413,0.01791872,0.00089765,16.2655,14.6936,0.3653,59.3804,1.1678,2646.0457,162.5536,12.4780,16.8648,9.0895,16.5695,22.0926,29.825,33.4482,44.5976,11.8163,0.0,2.018664,2.691552,0.981654,30,240,141,4,0.10479828,0.02244119,0.04150452,0E-8,0.000000,0.902668,0.011910,-0.02129501,2026-03-22,2026-08-05,112,5695,2177,137,0.817518,0.739886,0.767145,0.349328,,,,,,,,GLOBAL_BASELINE_NO_ENTITY_RANKING,,,NOT_APPLICABLE_GLOBAL_BASELINE,HF9g-P5,,,,X 全窗基线 · 不参与实体赏罚,14196091,1420,A168_HF9F_20260827_0900,2026-08-27 09:00:00
2026-05-28,110249610,1221,0,11.1493906858,10.5919211515,10.5919211515,1.0000000,1,1,0.50665070000000000,0.506650700000,0.9867858985152569,0.9867858985152569,0.9867858985152569,0E-17,ELIGIBLE,R03b_20260811_FULL_v1,L1_ELIGIBILITY,v2026-08-11,2026-03-21..2026-08-06,baccarat_bet02_101_all_pairs_incl_sentinel,round_win = game_pnl > 0 (decisive only),COMPATIBILITY_ONLY_NOT_PRODUCTION,296357.1217,267511.9505,6650.6079,18220,18206,-0.02244119,-0.04150452,-0.02020951,-0.02244119,-6650.6079,296357.1217,OK,0.0000,266.0243,4.0000,96.0000,AG03-UNRESOLVED,ALL5_LEVELS_bet23_to_bet27,266.0243,266.0243,266.0243,332.5304,332.5304,4.000000,4.000000,4.000000,5.000000,5.000000,96.000000,96.000000,96.000000,95.000000,95.000000,5.0,1463.1337,1340.2688,5187.4742,5310.3391,PENDING_AG03,FALSE,NOT_FOR_ENFORCEMENT,6384.5836,256811.4724,6650.6079,6384.5836,266.0243,0.02244119,0.02154355,266.0243,6384.5836,0.02154355,266.0243,266.0243,266.0243,332.5304,332.5304,6384.5836,0.02154355,1463.1337,1340.2688,5187.4742,5310.3391,0.01750413,0.01791872,0.00089765,16.2655,14.6936,0.3653,59.3804,1.1678,2646.0457,162.5536,12.4780,16.8648,9.0895,16.5695,22.0926,29.825,33.4482,44.5976,11.8163,0.0,2.018664,2.691552,0.981654,30,240,141,4,0.10479828,0.02244119,0.04150452,0E-8,0.000000,0.902668,0.011910,-0.02129501,2026-03-22,2026-08-05,112,5695,2177,137,0.817518,0.739886,0.767145,0.349328,,,,,,,,GLOBAL_BASELINE_NO_ENTITY_RANKING,,,NOT_APPLICABLE_GLOBAL_BASELINE,HF9g-P5,,,,X 全窗基线 · 不参与实体赏罚,14196092,1420,A168_HF9F_20260827_0900,2026-08-27 09:00:00
2026-05-28,110249610,1383,0,52.2906423164,36.7929892631,36.7929892631,1.0000000,4,4,0.49324550000000000,0.493245500000,1.755609282511032,1.7556092825110319,1.755609282511032,0E-17,ELIGIBLE,R03b_20260811_FULL_v1,L1_ELIGIBILITY,v2026-08-11,2026-03-21..2026-08-06,baccarat_bet02_101_all_pairs_incl_sentinel,round_win = game_pnl > 0 (decisive only),COMPATIBILITY_ONLY_NOT_PRODUCTION,296357.1217,267511.9505,6650.6079,18220,18206,-0.02244119,-0.04150452,-0.02020951,-0.02244119,-6650.6079,296357.1217,OK,0.0000,266.0243,4.0000,96.0000,AG03-UNRESOLVED,ALL5_LEVELS_bet23_to_bet27,266.0243,266.0243,266.0243,332.5304,332.5304,4.000000,4.000000,4.000000,5.000000,5.000000,96.000000,96.000000,96.000000,95.000000,95.000000,5.0,1463.1337,1340.2688,5187.4742,5310.3391,PENDING_AG03,FALSE,NOT_FOR_ENFORCEMENT,6384.5836,256811.4724,6650.6079,6384.5836,266.0243,0.02244119,0.02154355,266.0243,6384.5836,0.02154355,266.0243,266.0243,266.0243,332.5304,332.5304,6384.5836,0.02154355,1463.1337,1340.2688,5187.4742,5310.3391,0.01750413,0.01791872,0.00089765,16.2655,14.6936,0.3653,59.3804,1.1678,2646.0457,162.5536,12.4780,16.8648,9.0895,16.5695,22.0926,29.825,33.4482,44.5976,11.8163,0.0,2.018664,2.691552,0.981654,30,240,141,4,0.10479828,0.02244119,0.04150452,0E-8,0.000000,0.902668,0.011910,-0.02129501,2026-03-22,2026-08-05,112,5695,2177,137,0.817518,0.739886,0.767145,0.349328,,,,,,,,GLOBAL_BASELINE_NO_ENTITY_RANKING,,,NOT_APPLICABLE_GLOBAL_BASELINE,HF9g-P5,,,,X 全窗基线 · 不参与实体赏罚,14196093,1420,A168_HF9F_20260827_0900,2026-08-27 09:00:00
2026-05-28,110249610,1399,0,17.7275311904,-4.5712501812,-4.5712501812,0.5000000,2,2,0.49324550000000000,0.493245500000,0.01910635448239258,0.01910635448239258,0.01910635448239258,0E-17,ELIGIBLE,R03b_20260811_FULL_v1,L1_ELIGIBILITY,v2026-08-11,2026-03-21..2026-08-06,baccarat_bet02_101_all_pairs_incl_sentinel,round_win = game_pnl > 0 (decisive only),COMPATIBILITY_ONLY_NOT_PRODUCTION,296357.1217,267511.9505,6650.6079,18220,18206,-0.02244119,-0.04150452,-0.02020951,-0.02244119,-6650.6079,296357.1217,OK,0.0000,266.0243,4.0000,96.0000,AG03-UNRESOLVED,ALL5_LEVELS_bet23_to_bet27,266.0243,266.0243,266.0243,332.5304,332.5304,4.000000,4.000000,4.000000,5.000000,5.000000,96.000000,96.000000,96.000000,95.000000,95.000000,5.0,1463.1337,1340.2688,5187.4742,5310.3391,PENDING_AG03,FALSE,NOT_FOR_ENFORCEMENT,6384.5836,256811.4724,6650.6079,6384.5836,266.0243,0.02244119,0.02154355,266.0243,6384.5836,0.02154355,266.0243,266.0243,266.0243,332.5304,332.5304,6384.5836,0.02154355,1463.1337,1340.2688,5187.4742,5310.3391,0.01750413,0.01791872,0.00089765,16.2655,14.6936,0.3653,59.3804,1.1678,2646.0457,162.5536,12.4780,16.8648,9.0895,16.5695,22.0926,29.825,33.4482,44.5976,11.8163,0.0,2.018664,2.691552,0.981654,30,240,141,4,0.10479828,0.02244119,0.04150452,0E-8,0.000000,0.902668,0.011910,-0.02129501,2026-03-22,2026-08-05,112,5695,2177,137,0.817518,0.739886,0.767145,0.349328,,,,,,,,GLOBAL_BASELINE_NO_ENTITY_RANKING,,,NOT_APPLICABLE_GLOBAL_BASELINE,HF9g-P5,,,,X 全窗基线 · 不参与实体赏罚,14196094,1420,A168_HF9F_20260827_0900,2026-08-27 09:00:00
2026-05-28,110249610,1714,0,18.1735068179,-18.1735068179,-18.1735068179,0E-7,1,1,0.50665070000000000,0.506650700000,-1.013391052207602,-1.013391052207602,-1.013391052207602,0E-17,ELIGIBLE,R03b_20260811_FULL_v1,L1_ELIGIBILITY,v2026-08-11,2026-03-21..2026-08-06,baccarat_bet02_101_all_pairs_incl_sentinel,round_win = game_pnl > 0 (decisive only),COMPATIBILITY_ONLY_NOT_PRODUCTION,296357.1217,267511.9505,6650.6079,18220,18206,-0.02244119,-0.04150452,-0.02020951,-0.02244119,-6650.6079,296357.1217,OK,0.0000,266.0243,4.0000,96.0000,AG03-UNRESOLVED,ALL5_LEVELS_bet23_to_bet27,266.0243,266.0243,266.0243,332.5304,332.5304,4.000000,4.000000,4.000000,5.000000,5.000000,96.000000,96.000000,96.000000,95.000000,95.000000,5.0,1463.1337,1340.2688,5187.4742,5310.3391,PENDING_AG03,FALSE,NOT_FOR_ENFORCEMENT,6384.5836,256811.4724,6650.6079,6384.5836,266.0243,0.02244119,0.02154355,266.0243,6384.5836,0.02154355,266.0243,266.0243,266.0243,332.5304,332.5304,6384.5836,0.02154355,1463.1337,1340.2688,5187.4742,5310.3391,0.01750413,0.01791872,0.00089765,16.2655,14.6936,0.3653,59.3804,1.1678,2646.0457,162.5536,12.4780,16.8648,9.0895,16.5695,22.0926,29.825,33.4482,44.5976,11.8163,0.0,2.018664,2.691552,0.981654,30,240,141,4,0.10479828,0.02244119,0.04150452,0E-8,0.000000,0.902668,0.011910,-0.02129501,2026-03-22,2026-08-05,112,5695,2177,137,0.817518,0.739886,0.767145,0.349328,,,,,,,,GLOBAL_BASELINE_NO_ENTITY_RANKING,,,NOT_APPLICABLE_GLOBAL_BASELINE,HF9g-P5,,,,X 全窗基线 · 不参与实体赏罚,14196095,1420,A168_HF9F_20260827_0900,2026-08-27 09:00:00
2026-05-28,110249610,2117,0,5.5746953429,-5.5746953429,-5.5746953429,0E-7,1,1,0.49324550000000000,0.493245500000,-0.9865810262130424,-0.9865810262130424,-0.9865810262130424,0E-17,ELIGIBLE,R03b_20260811_FULL_v1,L1_ELIGIBILITY,v2026-08-11,2026-03-21..2026-08-06,baccarat_bet02_101_all_pairs_incl_sentinel,round_win = game_pnl > 0 (decisive only),COMPATIBILITY_ONLY_NOT_PRODUCTION,296357.1217,267511.9505,6650.6079,18220,18206,-0.02244119,-0.04150452,-0.02020951,-0.02244119,-6650.6079,296357.1217,OK,0.0000,266.0243,4.0000,96.0000,AG03-UNRESOLVED,ALL5_LEVELS_bet23_to_bet27,266.0243,266.0243,266.0243,332.5304,332.5304,4.000000,4.000000,4.000000,5.000000,5.000000,96.000000,96.000000,96.000000,95.000000,95.000000,5.0,1463.1337,1340.2688,5187.4742,5310.3391,PENDING_AG03,FALSE,NOT_FOR_ENFORCEMENT,6384.5836,256811.4724,6650.6079,6384.5836,266.0243,0.02244119,0.02154355,266.0243,6384.5836,0.02154355,266.0243,266.0243,266.0243,332.5304,332.5304,6384.5836,0.02154355,1463.1337,1340.2688,5187.4742,5310.3391,0.01750413,0.01791872,0.00089765,16.2655,14.6936,0.3653,59.3804,1.1678,2646.0457,162.5536,12.4780,16.8648,9.0895,16.5695,22.0926,29.825,33.4482,44.5976,11.8163,0.0,2.018664,2.691552,0.981654,30,240,141,4,0.10479828,0.02244119,0.04150452,0E-8,0.000000,0.902668,0.011910,-0.02129501,2026-03-22,2026-08-05,112,5695,2177,137,0.817518,0.739886,0.767145,0.349328,,,,,,,,GLOBAL_BASELINE_NO_ENTITY_RANKING,,,NOT_APPLICABLE_GLOBAL_BASELINE,HF9g-P5,,,,X 全窗基线 · 不参与实体赏罚,14196096,1420,A168_HF9F_20260827_0900,2026-08-27 09:00:00
2026-05-28,110249610,2145,0,49.1688129244,-5.6861892498,-5.6861892498,0.5000000,4,4,0.50665070000000000,0.506650700000,-0.02660515369234503,-0.02660515369234503,-0.02660515369234503,0E-17,ELIGIBLE,R03b_20260811_FULL_v1,L1_ELIGIBILITY,v2026-08-11,2026-03-21..2026-08-06,baccarat_bet02_101_all_pairs_incl_sentinel,round_win = game_pnl > 0 (decisive only),COMPATIBILITY_ONLY_NOT_PRODUCTION,296357.1217,267511.9505,6650.6079,18220,18206,-0.02244119,-0.04150452,-0.02020951,-0.02244119,-6650.6079,296357.1217,OK,0.0000,266.0243,4.0000,96.0000,AG03-UNRESOLVED,ALL5_LEVELS_bet23_to_bet27,266.0243,266.0243,266.0243,332.5304,332.5304,4.000000,4.000000,4.000000,5.000000,5.000000,96.000000,96.000000,96.000000,95.000000,95.000000,5.0,1463.1337,1340.2688,5187.4742,5310.3391,PENDING_AG03,FALSE,NOT_FOR_ENFORCEMENT,6384.5836,256811.4724,6650.6079,6384.5836,266.0243,0.02244119,0.02154355,266.0243,6384.5836,0.02154355,266.0243,266.0243,266.0243,332.5304,332.5304,6384.5836,0.02154355,1463.1337,1340.2688,5187.4742,5310.3391,0.01750413,0.01791872,0.00089765,16.2655,14.6936,0.3653,59.3804,1.1678,2646.0457,162.5536,12.4780,16.8648,9.0895,16.5695,22.0926,29.825,33.4482,44.5976,11.8163,0.0,2.018664,2.691552,0.981654,30,240,141,4,0.10479828,0.02244119,0.04150452,0E-8,0.000000,0.902668,0.011910,-0.02129501,2026-03-22,2026-08-05,112,5695,2177,137,0.817518,0.739886,0.767145,0.349328,,,,,,,,GLOBAL_BASELINE_NO_ENTITY_RANKING,,,NOT_APPLICABLE_GLOBAL_BASELINE,HF9g-P5,,,,X 全窗基线 · 不参与实体赏罚,14196097,1420,A168_HF9F_20260827_0900,2026-08-27 09:00:00
2026-05-28,110249610,2167,0,11.1493906858,-11.1493906858,-11.1493906858,0E-7,1,1,0.50665070000000000,0.506650700000,-1.013391052207602,-1.013391052207602,-1.013391052207602,0E-17,ELIGIBLE,R03b_20260811_FULL_v1,L1_ELIGIBILITY,v2026-08-11,2026-03-21..2026-08-06,baccarat_bet02_101_all_pairs_incl_sentinel,round_win = game_pnl > 0 (decisive only),COMPATIBILITY_ONLY_NOT_PRODUCTION,296357.1217,267511.9505,6650.6079,18220,18206,-0.02244119,-0.04150452,-0.02020951,-0.02244119,-6650.6079,296357.1217,OK,0.0000,266.0243,4.0000,96.0000,AG03-UNRESOLVED,ALL5_LEVELS_bet23_to_bet27,266.0243,266.0243,266.0243,332.5304,332.5304,4.000000,4.000000,4.000000,5.000000,5.000000,96.000000,96.000000,96.000000,95.000000,95.000000,5.0,1463.1337,1340.2688,5187.4742,5310.3391,PENDING_AG03,FALSE,NOT_FOR_ENFORCEMENT,6384.5836,256811.4724,6650.6079,6384.5836,266.0243,0.02244119,0.02154355,266.0243,6384.5836,0.02154355,266.0243,266.0243,266.0243,332.5304,332.5304,6384.5836,0.02154355,1463.1337,1340.2688,5187.4742,5310.3391,0.01750413,0.01791872,0.00089765,16.2655,14.6936,0.3653,59.3804,1.1678,2646.0457,162.5536,12.4780,16.8648,9.0895,16.5695,22.0926,29.825,33.4482,44.5976,11.8163,0.0,2.018664,2.691552,0.981654,30,240,141,4,0.10479828,0.02244119,0.04150452,0E-8,0.000000,0.902668,0.011910,-0.02129501,2026-03-22,2026-08-05,112,5695,2177,137,0.817518,0.739886,0.767145,0.349328,,,,,,,,GLOBAL_BASELINE_NO_ENTITY_RANKING,,,NOT_APPLICABLE_GLOBAL_BASELINE,HF9g-P5,,,,X 全窗基线 · 不参与实体赏罚,14196098,1420,A168_HF9F_20260827_0900,2026-08-27 09:00:00
2026-05-28,110249610,2248,0,42.0332028854,18.1902309040,18.1902309040,0.7500000,4,4,0.50665070000000000,0.506650700000,0.9734833216690844,0.9734833216690844,0.9734833216690844,0E-17,ELIGIBLE,R03b_20260811_FULL_v1,L1_ELIGIBILITY,v2026-08-11,2026-03-21..2026-08-06,baccarat_bet02_101_all_pairs_incl_sentinel,round_win = game_pnl > 0 (decisive only),COMPATIBILITY_ONLY_NOT_PRODUCTION,296357.1217,267511.9505,6650.6079,18220,18206,-0.02244119,-0.04150452,-0.02020951,-0.02244119,-6650.6079,296357.1217,OK,0.0000,266.0243,4.0000,96.0000,AG03-UNRESOLVED,ALL5_LEVELS_bet23_to_bet27,266.0243,266.0243,266.0243,332.5304,332.5304,4.000000,4.000000,4.000000,5.000000,5.000000,96.000000,96.000000,96.000000,95.000000,95.000000,5.0,1463.1337,1340.2688,5187.4742,5310.3391,PENDING_AG03,FALSE,NOT_FOR_ENFORCEMENT,6384.5836,256811.4724,6650.6079,6384.5836,266.0243,0.02244119,0.02154355,266.0243,6384.5836,0.02154355,266.0243,266.0243,266.0243,332.5304,332.5304,6384.5836,0.02154355,1463.1337,1340.2688,5187.4742,5310.3391,0.01750413,0.01791872,0.00089765,16.2655,14.6936,0.3653,59.3804,1.1678,2646.0457,162.5536,12.4780,16.8648,9.0895,16.5695,22.0926,29.825,33.4482,44.5976,11.8163,0.0,2.018664,2.691552,0.981654,30,240,141,4,0.10479828,0.02244119,0.04150452,0E-8,0.000000,0.902668,0.011910,-0.02129501,2026-03-22,2026-08-05,112,5695,2177,137,0.817518,0.739886,0.767145,0.349328,,,,,,,,GLOBAL_BASELINE_NO_ENTITY_RANKING,,,NOT_APPLICABLE_GLOBAL_BASELINE,HF9g-P5,,,,X 全窗基线 · 不参与实体赏罚,14196099,1420,A168_HF9F_20260827_0900,2026-08-27 09:00:00
2026-05-28,110249610,2276,0,39.0228674003,15.3304121930,15.3304121930,0.7500000,4,4,0.50665070000000000,0.506650700000,0.9734833216690844,0.9734833216690844,0.9734833216690844,0E-17,ELIGIBLE,R03b_20260811_FULL_v1,L1_ELIGIBILITY,v2026-08-11,2026-03-21..2026-08-06,baccarat_bet02_101_all_pairs_incl_sentinel,round_win = game_pnl > 0 (decisive only),COMPATIBILITY_ONLY_NOT_PRODUCTION,296357.1217,267511.9505,6650.6079,18220,18206,-0.02244119,-0.04150452,-0.02020951,-0.02244119,-6650.6079,296357.1217,OK,0.0000,266.0243,4.0000,96.0000,AG03-UNRESOLVED,ALL5_LEVELS_bet23_to_bet27,266.0243,266.0243,266.0243,332.5304,332.5304,4.000000,4.000000,4.000000,5.000000,5.000000,96.000000,96.000000,96.000000,95.000000,95.000000,5.0,1463.1337,1340.2688,5187.4742,5310.3391,PENDING_AG03,FALSE,NOT_FOR_ENFORCEMENT,6384.5836,256811.4724,6650.6079,6384.5836,266.0243,0.02244119,0.02154355,266.0243,6384.5836,0.02154355,266.0243,266.0243,266.0243,332.5304,332.5304,6384.5836,0.02154355,1463.1337,1340.2688,5187.4742,5310.3391,0.01750413,0.01791872,0.00089765,16.2655,14.6936,0.3653,59.3804,1.1678,2646.0457,162.5536,12.4780,16.8648,9.0895,16.5695,22.0926,29.825,33.4482,44.5976,11.8163,0.0,2.018664,2.691552,0.981654,30,240,141,4,0.10479828,0.02244119,0.04150452,0E-8,0.000000,0.902668,0.011910,-0.02129501,2026-03-22,2026-08-05,112,5695,2177,137,0.817518,0.739886,0.767145,0.349328,,,,,,,,GLOBAL_BASELINE_NO_ENTITY_RANKING,,,NOT_APPLICABLE_GLOBAL_BASELINE,HF9g-P5,,,,X 全窗基线 · 不参与实体赏罚,14196100,1420,A168_HF9F_20260827_0900,2026-08-27 09:00:00
2026-05-28,110249610,550,0,72.4710394577,0E-10,0E-10,0.5000000,5,5,0.49324550000000000,0.493245500000,0.027020465636507562,0.027020465636507562,0.027020465636507562,0E-17,ELIGIBLE,R03b_20260811_FULL_v1,L1_ELIGIBILITY,v2026-08-11,2026-03-21..2026-08-06,baccarat_bet02_101_all_pairs_incl_sentinel,round_win = game_pnl > 0 (decisive only),COMPATIBILITY_ONLY_NOT_PRODUCTION,296357.1217,267511.9505,6650.6079,18220,18206,-0.02244119,-0.04150452,-0.02020951,-0.02244119,-6650.6079,296357.1217,OK,0.0000,266.0243,4.0000,96.0000,AG03-UNRESOLVED,ALL5_LEVELS_bet23_to_bet27,266.0243,266.0243,266.0243,332.5304,332.5304,4.000000,4.000000,4.000000,5.000000,5.000000,96.000000,96.000000,96.000000,95.000000,95.000000,5.0,1463.1337,1340.2688,5187.4742,5310.3391,PENDING_AG03,FALSE,NOT_FOR_ENFORCEMENT,6384.5836,256811.4724,6650.6079,6384.5836,266.0243,0.02244119,0.02154355,266.0243,6384.5836,0.02154355,266.0243,266.0243,266.0243,332.5304,332.5304,6384.5836,0.02154355,1463.1337,1340.2688,5187.4742,5310.3391,0.01750413,0.01791872,0.00089765,16.2655,14.6936,0.3653,59.3804,1.1678,2646.0457,162.5536,12.4780,16.8648,9.0895,16.5695,22.0926,29.825,33.4482,44.5976,11.8163,0.0,2.018664,2.691552,0.981654,30,240,141,4,0.10479828,0.02244119,0.04150452,0E-8,0.000000,0.902668,0.011910,-0.02129501,2026-03-22,2026-08-05,112,5695,2177,137,0.817518,0.739886,0.767145,0.349328,,,,,,,,GLOBAL_BASELINE_NO_ENTITY_RANKING,,,NOT_APPLICABLE_GLOBAL_BASELINE,HF9g-P5,,,,X 全窗基线 · 不参与实体赏罚,14196101,1420,A168_HF9F_20260827_0900,2026-08-27 09:00:00
2026-05-28,110249610,752,0,86.6307656287,-12.1528358475,-12.1528358475,0.5000000,8,8,0.50497505000000000,0.504975050000,-0.02437387448103841,-0.02437387448103841,-0.02437387448103841,0E-17,ELIGIBLE,R03b_20260811_FULL_v1,L1_ELIGIBILITY,v2026-08-11,2026-03-21..2026-08-06,baccarat_bet02_101_all_pairs_incl_sentinel,round_win = game_pnl > 0 (decisive only),COMPATIBILITY_ONLY_NOT_PRODUCTION,296357.1217,267511.9505,6650.6079,18220,18206,-0.02244119,-0.04150452,-0.02020951,-0.02244119,-6650.6079,296357.1217,OK,0.0000,266.0243,4.0000,96.0000,AG03-UNRESOLVED,ALL5_LEVELS_bet23_to_bet27,266.0243,266.0243,266.0243,332.5304,332.5304,4.000000,4.000000,4.000000,5.000000,5.000000,96.000000,96.000000,96.000000,95.000000,95.000000,5.0,1463.1337,1340.2688,5187.4742,5310.3391,PENDING_AG03,FALSE,NOT_FOR_ENFORCEMENT,6384.5836,256811.4724,6650.6079,6384.5836,266.0243,0.02244119,0.02154355,266.0243,6384.5836,0.02154355,266.0243,266.0243,266.0243,332.5304,332.5304,6384.5836,0.02154355,1463.1337,1340.2688,5187.4742,5310.3391,0.01750413,0.01791872,0.00089765,16.2655,14.6936,0.3653,59.3804,1.1678,2646.0457,162.5536,12.4780,16.8648,9.0895,16.5695,22.0926,29.825,33.4482,44.5976,11.8163,0.0,2.018664,2.691552,0.981654,30,240,141,4,0.10479828,0.02244119,0.04150452,0E-8,0.000000,0.902668,0.011910,-0.02129501,2026-03-22,2026-08-05,112,5695,2177,137,0.817518,0.739886,0.767145,0.349328,,,,,,,,GLOBAL_BASELINE_NO_ENTITY_RANKING,,,NOT_APPLICABLE_GLOBAL_BASELINE,HF9g-P5,,,,X 全窗基线 · 不参与实体赏罚,14196102,1420,A168_HF9F_20260827_0900,2026-08-27 09:00:00
2026-05-28,110249610,763,0,11.1493906858,-11.1493906858,-11.1493906858,0E-7,1,1,0.50665070000000000,0.506650700000,-1.013391052207602,-1.013391052207602,-1.013391052207602,0E-17,ELIGIBLE,R03b_20260811_FULL_v1,L1_ELIGIBILITY,v2026-08-11,2026-03-21..2026-08-06,baccarat_bet02_101_all_pairs_incl_sentinel,round_win = game_pnl > 0 (decisive only),COMPATIBILITY_ONLY_NOT_PRODUCTION,296357.1217,267511.9505,6650.6079,18220,18206,-0.02244119,-0.04150452,-0.02020951,-0.02244119,-6650.6079,296357.1217,OK,0.0000,266.0243,4.0000,96.0000,AG03-UNRESOLVED,ALL5_LEVELS_bet23_to_bet27,266.0243,266.0243,266.0243,332.5304,332.5304,4.000000,4.000000,4.000000,5.000000,5.000000,96.000000,96.000000,96.000000,95.000000,95.000000,5.0,1463.1337,1340.2688,5187.4742,5310.3391,PENDING_AG03,FALSE,NOT_FOR_ENFORCEMENT,6384.5836,256811.4724,6650.6079,6384.5836,266.0243,0.02244119,0.02154355,266.0243,6384.5836,0.02154355,266.0243,266.0243,266.0243,332.5304,332.5304,6384.5836,0.02154355,1463.1337,1340.2688,5187.4742,5310.3391,0.01750413,0.01791872,0.00089765,16.2655,14.6936,0.3653,59.3804,1.1678,2646.0457,162.5536,12.4780,16.8648,9.0895,16.5695,22.0926,29.825,33.4482,44.5976,11.8163,0.0,2.018664,2.691552,0.981654,30,240,141,4,0.10479828,0.02244119,0.04150452,0E-8,0.000000,0.902668,0.011910,-0.02129501,2026-03-22,2026-08-05,112,5695,2177,137,0.817518,0.739886,0.767145,0.349328,,,,,,,,GLOBAL_BASELINE_NO_ENTITY_RANKING,,,NOT_APPLICABLE_GLOBAL_BASELINE,HF9g-P5,,,,X 全窗基线 · 不参与实体赏罚,14196103,1420,A168_HF9F_20260827_0900,2026-08-27 09:00:00
2026-05-28,110249610,986,0,11.2608845927,-11.2608845927,-11.2608845927,0E-7,1,1,0.50665070000000000,0.506650700000,-1.013391052207602,-1.013391052207602,-1.013391052207602,0E-17,ELIGIBLE,R03b_20260811_FULL_v1,L1_ELIGIBILITY,v2026-08-11,2026-03-21..2026-08-06,baccarat_bet02_101_all_pairs_incl_sentinel,round_win = game_pnl > 0 (decisive only),COMPATIBILITY_ONLY_NOT_PRODUCTION,296357.1217,267511.9505,6650.6079,18220,18206,-0.02244119,-0.04150452,-0.02020951,-0.02244119,-6650.6079,296357.1217,OK,0.0000,266.0243,4.0000,96.0000,AG03-UNRESOLVED,ALL5_LEVELS_bet23_to_bet27,266.0243,266.0243,266.0243,332.5304,332.5304,4.000000,4.000000,4.000000,5.000000,5.000000,96.000000,96.000000,96.000000,95.000000,95.000000,5.0,1463.1337,1340.2688,5187.4742,5310.3391,PENDING_AG03,FALSE,NOT_FOR_ENFORCEMENT,6384.5836,256811.4724,6650.6079,6384.5836,266.0243,0.02244119,0.02154355,266.0243,6384.5836,0.02154355,266.0243,266.0243,266.0243,332.5304,332.5304,6384.5836,0.02154355,1463.1337,1340.2688,5187.4742,5310.3391,0.01750413,0.01791872,0.00089765,16.2655,14.6936,0.3653,59.3804,1.1678,2646.0457,162.5536,12.4780,16.8648,9.0895,16.5695,22.0926,29.825,33.4482,44.5976,11.8163,0.0,2.018664,2.691552,0.981654,30,240,141,4,0.10479828,0.02244119,0.04150452,0E-8,0.000000,0.902668,0.011910,-0.02129501,2026-03-22,2026-08-05,112,5695,2177,137,0.817518,0.739886,0.767145,0.349328,,,,,,,,GLOBAL_BASELINE_NO_ENTITY_RANKING,,,NOT_APPLICABLE_GLOBAL_BASELINE,HF9g-P5,,,,X 全窗基线 · 不参与实体赏罚,14196104,1420,A168_HF9F_20260827_0900,2026-08-27 09:00:00
2026-05-30,110249610,-1,1,321.2139456584,-14.6893222287,-14.6893222287,0.4000000,52,52,0.50020589230769231,0.500205892308,-1.4171254394609172,-1.4171254394652693,-1.4171254394609172,-3.0769E-13,SENTINEL_DEALER,R03b_20260811_FULL_v1,L1_ELIGIBILITY,v2026-08-11,2026-03-21..2026-08-06,baccarat_bet02_101_all_pairs_incl_sentinel,round_win = game_pnl > 0 (decisive only),COMPATIBILITY_ONLY_NOT_PRODUCTION,296357.1217,267511.9505,6650.6079,18220,18206,-0.02244119,-0.04150452,-0.02020951,-0.02244119,-6650.6079,296357.1217,OK,0.0000,266.0243,4.0000,96.0000,AG03-UNRESOLVED,ALL5_LEVELS_bet23_to_bet27,266.0243,266.0243,266.0243,332.5304,332.5304,4.000000,4.000000,4.000000,5.000000,5.000000,96.000000,96.000000,96.000000,95.000000,95.000000,5.0,1463.1337,1340.2688,5187.4742,5310.3391,PENDING_AG03,FALSE,NOT_FOR_ENFORCEMENT,6384.5836,256811.4724,6650.6079,6384.5836,266.0243,0.02244119,0.02154355,266.0243,6384.5836,0.02154355,266.0243,266.0243,266.0243,332.5304,332.5304,6384.5836,0.02154355,1463.1337,1340.2688,5187.4742,5310.3391,0.01750413,0.01791872,0.00089765,16.2655,14.6936,0.3653,59.3804,1.1678,2646.0457,162.5536,12.4780,16.8648,9.0895,16.5695,22.0926,29.825,33.4482,44.5976,11.8163,0.0,2.018664,2.691552,0.981654,30,240,141,4,0.10479828,0.02244119,0.04150452,0E-8,0.000000,0.902668,0.011910,-0.02129501,2026-03-22,2026-08-05,112,5695,2177,137,0.817518,0.739886,0.767145,0.349328,,,,,,,,GLOBAL_BASELINE_NO_ENTITY_RANKING,,,NOT_APPLICABLE_GLOBAL_BASELINE,HF9g-P5,,,,X 全窗基线 · 不参与实体赏罚,14196105,1420,A168_HF9F_20260827_0900,2026-08-27 09:00:00
2026-05-30,110249610,1115,0,16.7240860287,0E-10,0E-10,,1,1,0.49324550000000000,0.493245500000,,,,0E-17,NO_DECISIVE_ROUND,R03b_20260811_FULL_v1,L1_ELIGIBILITY,v2026-08-11,2026-03-21..2026-08-06,baccarat_bet02_101_all_pairs_incl_sentinel,round_win = game_pnl > 0 (decisive only),COMPATIBILITY_ONLY_NOT_PRODUCTION,296357.1217,267511.9505,6650.6079,18220,18206,-0.02244119,-0.04150452,-0.02020951,-0.02244119,-6650.6079,296357.1217,OK,0.0000,266.0243,4.0000,96.0000,AG03-UNRESOLVED,ALL5_LEVELS_bet23_to_bet27,266.0243,266.0243,266.0243,332.5304,332.5304,4.000000,4.000000,4.000000,5.000000,5.000000,96.000000,96.000000,96.000000,95.000000,95.000000,5.0,1463.1337,1340.2688,5187.4742,5310.3391,PENDING_AG03,FALSE,NOT_FOR_ENFORCEMENT,6384.5836,256811.4724,6650.6079,6384.5836,266.0243,0.02244119,0.02154355,266.0243,6384.5836,0.02154355,266.0243,266.0243,266.0243,332.5304,332.5304,6384.5836,0.02154355,1463.1337,1340.2688,5187.4742,5310.3391,0.01750413,0.01791872,0.00089765,16.2655,14.6936,0.3653,59.3804,1.1678,2646.0457,162.5536,12.4780,16.8648,9.0895,16.5695,22.0926,29.825,33.4482,44.5976,11.8163,0.0,2.018664,2.691552,0.981654,30,240,141,4,0.10479828,0.02244119,0.04150452,0E-8,0.000000,0.902668,0.011910,-0.02129501,2026-03-22,2026-08-05,112,5695,2177,137,0.817518,0.739886,0.767145,0.349328,,,,,,,,GLOBAL_BASELINE_NO_ENTITY_RANKING,,,NOT_APPLICABLE_GLOBAL_BASELINE,HF9g-P5,,,,X 全窗基线 · 不参与实体赏罚,14196106,1420,A168_HF9F_20260827_0900,2026-08-27 09:00:00
2026-05-30,110249610,1299,0,1.5609146960,-1.5609146960,-1.5609146960,0E-7,1,1,0.49324550000000000,0.493245500000,-0.9865810262130424,-0.9865810262130424,-0.9865810262130424,0E-17,ELIGIBLE,R03b_20260811_FULL_v1,L1_ELIGIBILITY,v2026-08-11,2026-03-21..2026-08-06,baccarat_bet02_101_all_pairs_incl_sentinel,round_win = game_pnl > 0 (decisive only),COMPATIBILITY_ONLY_NOT_PRODUCTION,296357.1217,267511.9505,6650.6079,18220,18206,-0.02244119,-0.04150452,-0.02020951,-0.02244119,-6650.6079,296357.1217,OK,0.0000,266.0243,4.0000,96.0000,AG03-UNRESOLVED,ALL5_LEVELS_bet23_to_bet27,266.0243,266.0243,266.0243,332.5304,332.5304,4.000000,4.000000,4.000000,5.000000,5.000000,96.000000,96.000000,96.000000,95.000000,95.000000,5.0,1463.1337,1340.2688,5187.4742,5310.3391,PENDING_AG03,FALSE,NOT_FOR_ENFORCEMENT,6384.5836,256811.4724,6650.6079,6384.5836,266.0243,0.02244119,0.02154355,266.0243,6384.5836,0.02154355,266.0243,266.0243,266.0243,332.5304,332.5304,6384.5836,0.02154355,1463.1337,1340.2688,5187.4742,5310.3391,0.01750413,0.01791872,0.00089765,16.2655,14.6936,0.3653,59.3804,1.1678,2646.0457,162.5536,12.4780,16.8648,9.0895,16.5695,22.0926,29.825,33.4482,44.5976,11.8163,0.0,2.018664,2.691552,0.981654,30,240,141,4,0.10479828,0.02244119,0.04150452,0E-8,0.000000,0.902668,0.011910,-0.02129501,2026-03-22,2026-08-05,112,5695,2177,137,0.817518,0.739886,0.767145,0.349328,,,,,,,,GLOBAL_BASELINE_NO_ENTITY_RANKING,,,NOT_APPLICABLE_GLOBAL_BASELINE,HF9g-P5,,,,X 全窗基线 · 不参与实体赏罚,14196107,1420,A168_HF9F_20260827_0900,2026-08-27 09:00:00
2026-05-30,110249610,1304,0,5.5746953429,0E-10,0E-10,,1,1,0.50665070000000000,0.506650700000,,,,0E-17,NO_DECISIVE_ROUND,R03b_20260811_FULL_v1,L1_ELIGIBILITY,v2026-08-11,2026-03-21..2026-08-06,baccarat_bet02_101_all_pairs_incl_sentinel,round_win = game_pnl > 0 (decisive only),COMPATIBILITY_ONLY_NOT_PRODUCTION,296357.1217,267511.9505,6650.6079,18220,18206,-0.02244119,-0.04150452,-0.02020951,-0.02244119,-6650.6079,296357.1217,OK,0.0000,266.0243,4.0000,96.0000,AG03-UNRESOLVED,ALL5_LEVELS_bet23_to_bet27,266.0243,266.0243,266.0243,332.5304,332.5304,4.000000,4.000000,4.000000,5.000000,5.000000,96.000000,96.000000,96.000000,95.000000,95.000000,5.0,1463.1337,1340.2688,5187.4742,5310.3391,PENDING_AG03,FALSE,NOT_FOR_ENFORCEMENT,6384.5836,256811.4724,6650.6079,6384.5836,266.0243,0.02244119,0.02154355,266.0243,6384.5836,0.02154355,266.0243,266.0243,266.0243,332.5304,332.5304,6384.5836,0.02154355,1463.1337,1340.2688,5187.4742,5310.3391,0.01750413,0.01791872,0.00089765,16.2655,14.6936,0.3653,59.3804,1.1678,2646.0457,162.5536,12.4780,16.8648,9.0895,16.5695,22.0926,29.825,33.4482,44.5976,11.8163,0.0,2.018664,2.691552,0.981654,30,240,141,4,0.10479828,0.02244119,0.04150452,0E-8,0.000000,0.902668,0.011910,-0.02129501,2026-03-22,2026-08-05,112,5695,2177,137,0.817518,0.739886,0.767145,0.349328,,,,,,,,GLOBAL_BASELINE_NO_ENTITY_RANKING,,,NOT_APPLICABLE_GLOBAL_BASELINE,HF9g-P5,,,,X 全窗基线 · 不参与实体赏罚,14196108,1420,A168_HF9F_20260827_0900,2026-08-27 09:00:00
2026-05-30,110249610,1306,0,69.6836917863,14.2154731246,14.2154731246,0.7000000,11,11,0.50665070000000000,0.506650700000,1.2229565359475965,1.2229565359475965,1.2229565359475965,0E-17,ELIGIBLE,R03b_20260811_FULL_v1,L1_ELIGIBILITY,v2026-08-11,2026-03-21..2026-08-06,baccarat_bet02_101_all_pairs_incl_sentinel,round_win = game_pnl > 0 (decisive only),COMPATIBILITY_ONLY_NOT_PRODUCTION,296357.1217,267511.9505,6650.6079,18220,18206,-0.02244119,-0.04150452,-0.02020951,-0.02244119,-6650.6079,296357.1217,OK,0.0000,266.0243,4.0000,96.0000,AG03-UNRESOLVED,ALL5_LEVELS_bet23_to_bet27,266.0243,266.0243,266.0243,332.5304,332.5304,4.000000,4.000000,4.000000,5.000000,5.000000,96.000000,96.000000,96.000000,95.000000,95.000000,5.0,1463.1337,1340.2688,5187.4742,5310.3391,PENDING_AG03,FALSE,NOT_FOR_ENFORCEMENT,6384.5836,256811.4724,6650.6079,6384.5836,266.0243,0.02244119,0.02154355,266.0243,6384.5836,0.02154355,266.0243,266.0243,266.0243,332.5304,332.5304,6384.5836,0.02154355,1463.1337,1340.2688,5187.4742,5310.3391,0.01750413,0.01791872,0.00089765,16.2655,14.6936,0.3653,59.3804,1.1678,2646.0457,162.5536,12.4780,16.8648,9.0895,16.5695,22.0926,29.825,33.4482,44.5976,11.8163,0.0,2.018664,2.691552,0.981654,30,240,141,4,0.10479828,0.02244119,0.04150452,0E-8,0.000000,0.902668,0.011910,-0.02129501,2026-03-22,2026-08-05,112,5695,2177,137,0.817518,0.739886,0.767145,0.349328,,,,,,,,GLOBAL_BASELINE_NO_ENTITY_RANKING,,,NOT_APPLICABLE_GLOBAL_BASELINE,HF9g-P5,,,,X 全窗基线 · 不参与实体赏罚,14196109,1420,A168_HF9F_20260827_0900,2026-08-27 09:00:00
2026-05-30,110249610,1374,0,57.9768315662,8.9195125486,8.9195125486,0.5000000,4,4,0.49324550000000000,0.493245500000,0.027020465636507562,0.027020465636507562,0.027020465636507562,0E-17,ELIGIBLE,R03b_20260811_FULL_v1,L1_ELIGIBILITY,v2026-08-11,2026-03-21..2026-08-06,baccarat_bet02_101_all_pairs_incl_sentinel,round_win = game_pnl > 0 (decisive only),COMPATIBILITY_ONLY_NOT_PRODUCTION,296357.1217,267511.9505,6650.6079,18220,18206,-0.02244119,-0.04150452,-0.02020951,-0.02244119,-6650.6079,296357.1217,OK,0.0000,266.0243,4.0000,96.0000,AG03-UNRESOLVED,ALL5_LEVELS_bet23_to_bet27,266.0243,266.0243,266.0243,332.5304,332.5304,4.000000,4.000000,4.000000,5.000000,5.000000,96.000000,96.000000,96.000000,95.000000,95.000000,5.0,1463.1337,1340.2688,5187.4742,5310.3391,PENDING_AG03,FALSE,NOT_FOR_ENFORCEMENT,6384.5836,256811.4724,6650.6079,6384.5836,266.0243,0.02244119,0.02154355,266.0243,6384.5836,0.02154355,266.0243,266.0243,266.0243,332.5304,332.5304,6384.5836,0.02154355,1463.1337,1340.2688,5187.4742,5310.3391,0.01750413,0.01791872,0.00089765,16.2655,14.6936,0.3653,59.3804,1.1678,2646.0457,162.5536,12.4780,16.8648,9.0895,16.5695,22.0926,29.825,33.4482,44.5976,11.8163,0.0,2.018664,2.691552,0.981654,30,240,141,4,0.10479828,0.02244119,0.04150452,0E-8,0.000000,0.902668,0.011910,-0.02129501,2026-03-22,2026-08-05,112,5695,2177,137,0.817518,0.739886,0.767145,0.349328,,,,,,,,GLOBAL_BASELINE_NO_ENTITY_RANKING,,,NOT_APPLICABLE_GLOBAL_BASELINE,HF9g-P5,,,,X 全窗基线 · 不参与实体赏罚,14196110,1420,A168_HF9F_20260827_0900,2026-08-27 09:00:00
2026-05-30,110249610,1383,0,16.7240860287,-16.7240860287,-16.7240860287,0E-7,1,1,0.50665070000000000,0.506650700000,-1.013391052207602,-1.013391052207602,-1.013391052207602,0E-17,ELIGIBLE,R03b_20260811_FULL_v1,L1_ELIGIBILITY,v2026-08-11,2026-03-21..2026-08-06,baccarat_bet02_101_all_pairs_incl_sentinel,round_win = game_pnl > 0 (decisive only),COMPATIBILITY_ONLY_NOT_PRODUCTION,296357.1217,267511.9505,6650.6079,18220,18206,-0.02244119,-0.04150452,-0.02020951,-0.02244119,-6650.6079,296357.1217,OK,0.0000,266.0243,4.0000,96.0000,AG03-UNRESOLVED,ALL5_LEVELS_bet23_to_bet27,266.0243,266.0243,266.0243,332.5304,332.5304,4.000000,4.000000,4.000000,5.000000,5.000000,96.000000,96.000000,96.000000,95.000000,95.000000,5.0,1463.1337,1340.2688,5187.4742,5310.3391,PENDING_AG03,FALSE,NOT_FOR_ENFORCEMENT,6384.5836,256811.4724,6650.6079,6384.5836,266.0243,0.02244119,0.02154355,266.0243,6384.5836,0.02154355,266.0243,266.0243,266.0243,332.5304,332.5304,6384.5836,0.02154355,1463.1337,1340.2688,5187.4742,5310.3391,0.01750413,0.01791872,0.00089765,16.2655,14.6936,0.3653,59.3804,1.1678,2646.0457,162.5536,12.4780,16.8648,9.0895,16.5695,22.0926,29.825,33.4482,44.5976,11.8163,0.0,2.018664,2.691552,0.981654,30,240,141,4,0.10479828,0.02244119,0.04150452,0E-8,0.000000,0.902668,0.011910,-0.02129501,2026-03-22,2026-08-05,112,5695,2177,137,0.817518,0.739886,0.767145,0.349328,,,,,,,,GLOBAL_BASELINE_NO_ENTITY_RANKING,,,NOT_APPLICABLE_GLOBAL_BASELINE,HF9g-P5,,,,X 全窗基线 · 不参与实体赏罚,14196111,1420,A168_HF9F_20260827_0900,2026-08-27 09:00:00
2026-05-30,110249610,1396,0,3.3448172058,-3.3448172058,-3.3448172058,0E-7,2,2,0.49324550000000000,0.493245500000,-1.3952362676504506,-1.3952362676504506,-1.3952362676504506,0E-17,ELIGIBLE,R03b_20260811_FULL_v1,L1_ELIGIBILITY,v2026-08-11,2026-03-21..2026-08-06,baccarat_bet02_101_all_pairs_incl_sentinel,round_win = game_pnl > 0 (decisive only),COMPATIBILITY_ONLY_NOT_PRODUCTION,296357.1217,267511.9505,6650.6079,18220,18206,-0.02244119,-0.04150452,-0.02020951,-0.02244119,-6650.6079,296357.1217,OK,0.0000,266.0243,4.0000,96.0000,AG03-UNRESOLVED,ALL5_LEVELS_bet23_to_bet27,266.0243,266.0243,266.0243,332.5304,332.5304,4.000000,4.000000,4.000000,5.000000,5.000000,96.000000,96.000000,96.000000,95.000000,95.000000,5.0,1463.1337,1340.2688,5187.4742,5310.3391,PENDING_AG03,FALSE,NOT_FOR_ENFORCEMENT,6384.5836,256811.4724,6650.6079,6384.5836,266.0243,0.02244119,0.02154355,266.0243,6384.5836,0.02154355,266.0243,266.0243,266.0243,332.5304,332.5304,6384.5836,0.02154355,1463.1337,1340.2688,5187.4742,5310.3391,0.01750413,0.01791872,0.00089765,16.2655,14.6936,0.3653,59.3804,1.1678,2646.0457,162.5536,12.4780,16.8648,9.0895,16.5695,22.0926,29.825,33.4482,44.5976,11.8163,0.0,2.018664,2.691552,0.981654,30,240,141,4,0.10479828,0.02244119,0.04150452,0E-8,0.000000,0.902668,0.011910,-0.02129501,2026-03-22,2026-08-05,112,5695,2177,137,0.817518,0.739886,0.767145,0.349328,,,,,,,,GLOBAL_BASELINE_NO_ENTITY_RANKING,,,NOT_APPLICABLE_GLOBAL_BASELINE,HF9g-P5,,,,X 全窗基线 · 不参与实体赏罚,14196112,1420,A168_HF9F_20260827_0900,2026-08-27 09:00:00
2026-05-30,110249610,1505,0,9.3654881762,-2.4082683882,-2.4082683882,0.5000000,4,4,0.50665070000000000,0.506650700000,-0.02660515369234503,-0.02660515369234503,-0.02660515369234503,0E-17,ELIGIBLE,R03b_20260811_FULL_v1,L1_ELIGIBILITY,v2026-08-11,2026-03-21..2026-08-06,baccarat_bet02_101_all_pairs_incl_sentinel,round_win = game_pnl > 0 (decisive only),COMPATIBILITY_ONLY_NOT_PRODUCTION,296357.1217,267511.9505,6650.6079,18220,18206,-0.02244119,-0.04150452,-0.02020951,-0.02244119,-6650.6079,296357.1217,OK,0.0000,266.0243,4.0000,96.0000,AG03-UNRESOLVED,ALL5_LEVELS_bet23_to_bet27,266.0243,266.0243,266.0243,332.5304,332.5304,4.000000,4.000000,4.000000,5.000000,5.000000,96.000000,96.000000,96.000000,95.000000,95.000000,5.0,1463.1337,1340.2688,5187.4742,5310.3391,PENDING_AG03,FALSE,NOT_FOR_ENFORCEMENT,6384.5836,256811.4724,6650.6079,6384.5836,266.0243,0.02244119,0.02154355,266.0243,6384.5836,0.02154355,266.0243,266.0243,266.0243,332.5304,332.5304,6384.5836,0.02154355,1463.1337,1340.2688,5187.4742,5310.3391,0.01750413,0.01791872,0.00089765,16.2655,14.6936,0.3653,59.3804,1.1678,2646.0457,162.5536,12.4780,16.8648,9.0895,16.5695,22.0926,29.825,33.4482,44.5976,11.8163,0.0,2.018664,2.691552,0.981654,30,240,141,4,0.10479828,0.02244119,0.04150452,0E-8,0.000000,0.902668,0.011910,-0.02129501,2026-03-22,2026-08-05,112,5695,2177,137,0.817518,0.739886,0.767145,0.349328,,,,,,,,GLOBAL_BASELINE_NO_ENTITY_RANKING,,,NOT_APPLICABLE_GLOBAL_BASELINE,HF9g-P5,,,,X 全窗基线 · 不参与实体赏罚,14196113,1420,A168_HF9F_20260827_0900,2026-08-27 09:00:00
2026-05-30,110249610,1507,0,1.1149390686,-1.1149390686,-1.1149390686,0E-7,1,1,0.49324550000000000,0.493245500000,-0.9865810262130424,-0.9865810262130424,-0.9865810262130424,0E-17,ELIGIBLE,R03b_20260811_FULL_v1,L1_ELIGIBILITY,v2026-08-11,2026-03-21..2026-08-06,baccarat_bet02_101_all_pairs_incl_sentinel,round_win = game_pnl > 0 (decisive only),COMPATIBILITY_ONLY_NOT_PRODUCTION,296357.1217,267511.9505,6650.6079,18220,18206,-0.02244119,-0.04150452,-0.02020951,-0.02244119,-6650.6079,296357.1217,OK,0.0000,266.0243,4.0000,96.0000,AG03-UNRESOLVED,ALL5_LEVELS_bet23_to_bet27,266.0243,266.0243,266.0243,332.5304,332.5304,4.000000,4.000000,4.000000,5.000000,5.000000,96.000000,96.000000,96.000000,95.000000,95.000000,5.0,1463.1337,1340.2688,5187.4742,5310.3391,PENDING_AG03,FALSE,NOT_FOR_ENFORCEMENT,6384.5836,256811.4724,6650.6079,6384.5836,266.0243,0.02244119,0.02154355,266.0243,6384.5836,0.02154355,266.0243,266.0243,266.0243,332.5304,332.5304,6384.5836,0.02154355,1463.1337,1340.2688,5187.4742,5310.3391,0.01750413,0.01791872,0.00089765,16.2655,14.6936,0.3653,59.3804,1.1678,2646.0457,162.5536,12.4780,16.8648,9.0895,16.5695,22.0926,29.825,33.4482,44.5976,11.8163,0.0,2.018664,2.691552,0.981654,30,240,141,4,0.10479828,0.02244119,0.04150452,0E-8,0.000000,0.902668,0.011910,-0.02129501,2026-03-22,2026-08-05,112,5695,2177,137,0.817518,0.739886,0.767145,0.349328,,,,,,,,GLOBAL_BASELINE_NO_ENTITY_RANKING,,,NOT_APPLICABLE_GLOBAL_BASELINE,HF9g-P5,,,,X 全窗基线 · 不参与实体赏罚,14196114,1420,A168_HF9F_20260827_0900,2026-08-27 09:00:00
2026-05-30,110249610,1702,0,16.7240860287,-16.7240860287,-16.7240860287,0E-7,1,1,0.50665070000000000,0.506650700000,-1.013391052207602,-1.013391052207602,-1.013391052207602,0E-17,ELIGIBLE,R03b_20260811_FULL_v1,L1_ELIGIBILITY,v2026-08-11,2026-03-21..2026-08-06,baccarat_bet02_101_all_pairs_incl_sentinel,round_win = game_pnl > 0 (decisive only),COMPATIBILITY_ONLY_NOT_PRODUCTION,296357.1217,267511.9505,6650.6079,18220,18206,-0.02244119,-0.04150452,-0.02020951,-0.02244119,-6650.6079,296357.1217,OK,0.0000,266.0243,4.0000,96.0000,AG03-UNRESOLVED,ALL5_LEVELS_bet23_to_bet27,266.0243,266.0243,266.0243,332.5304,332.5304,4.000000,4.000000,4.000000,5.000000,5.000000,96.000000,96.000000,96.000000,95.000000,95.000000,5.0,1463.1337,1340.2688,5187.4742,5310.3391,PENDING_AG03,FALSE,NOT_FOR_ENFORCEMENT,6384.5836,256811.4724,6650.6079,6384.5836,266.0243,0.02244119,0.02154355,266.0243,6384.5836,0.02154355,266.0243,266.0243,266.0243,332.5304,332.5304,6384.5836,0.02154355,1463.1337,1340.2688,5187.4742,5310.3391,0.01750413,0.01791872,0.00089765,16.2655,14.6936,0.3653,59.3804,1.1678,2646.0457,162.5536,12.4780,16.8648,9.0895,16.5695,22.0926,29.825,33.4482,44.5976,11.8163,0.0,2.018664,2.691552,0.981654,30,240,141,4,0.10479828,0.02244119,0.04150452,0E-8,0.000000,0.902668,0.011910,-0.02129501,2026-03-22,2026-08-05,112,5695,2177,137,0.817518,0.739886,0.767145,0.349328,,,,,,,,GLOBAL_BASELINE_NO_ENTITY_RANKING,,,NOT_APPLICABLE_GLOBAL_BASELINE,HF9g-P5,,,,X 全窗基线 · 不参与实体赏罚,14196115,1420,A168_HF9F_20260827_0900,2026-08-27 09:00:00
2026-05-30,110249610,1704,0,2.2298781372,-2.2298781372,-2.2298781372,0E-7,1,1,0.49324550000000000,0.493245500000,-0.9865810262130424,-0.9865810262130424,-0.9865810262130424,0E-17,ELIGIBLE,R03b_20260811_FULL_v1,L1_ELIGIBILITY,v2026-08-11,2026-03-21..2026-08-06,baccarat_bet02_101_all_pairs_incl_sentinel,round_win = game_pnl > 0 (decisive only),COMPATIBILITY_ONLY_NOT_PRODUCTION,296357.1217,267511.9505,6650.6079,18220,18206,-0.02244119,-0.04150452,-0.02020951,-0.02244119,-6650.6079,296357.1217,OK,0.0000,266.0243,4.0000,96.0000,AG03-UNRESOLVED,ALL5_LEVELS_bet23_to_bet27,266.0243,266.0243,266.0243,332.5304,332.5304,4.000000,4.000000,4.000000,5.000000,5.000000,96.000000,96.000000,96.000000,95.000000,95.000000,5.0,1463.1337,1340.2688,5187.4742,5310.3391,PENDING_AG03,FALSE,NOT_FOR_ENFORCEMENT,6384.5836,256811.4724,6650.6079,6384.5836,266.0243,0.02244119,0.02154355,266.0243,6384.5836,0.02154355,266.0243,266.0243,266.0243,332.5304,332.5304,6384.5836,0.02154355,1463.1337,1340.2688,5187.4742,5310.3391,0.01750413,0.01791872,0.00089765,16.2655,14.6936,0.3653,59.3804,1.1678,2646.0457,162.5536,12.4780,16.8648,9.0895,16.5695,22.0926,29.825,33.4482,44.5976,11.8163,0.0,2.018664,2.691552,0.981654,30,240,141,4,0.10479828,0.02244119,0.04150452,0E-8,0.000000,0.902668,0.011910,-0.02129501,2026-03-22,2026-08-05,112,5695,2177,137,0.817518,0.739886,0.767145,0.349328,,,,,,,,GLOBAL_BASELINE_NO_ENTITY_RANKING,,,NOT_APPLICABLE_GLOBAL_BASELINE,HF9g-P5,,,,X 全窗基线 · 不参与实体赏罚,14196116,1420,A168_HF9F_20260827_0900,2026-08-27 09:00:00
2026-05-30,110249610,1750,0,5.5746953429,3.1218293920,3.1218293920,0.5000000,2,2,0.49994810000000000,0.499948100000,0.00014679536856514622,0.00014679536856514622,0.00014679536856514622,0E-17,ELIGIBLE,R03b_20260811_FULL_v1,L1_ELIGIBILITY,v2026-08-11,2026-03-21..2026-08-06,baccarat_bet02_101_all_pairs_incl_sentinel,round_win = game_pnl > 0 (decisive only),COMPATIBILITY_ONLY_NOT_PRODUCTION,296357.1217,267511.9505,6650.6079,18220,18206,-0.02244119,-0.04150452,-0.02020951,-0.02244119,-6650.6079,296357.1217,OK,0.0000,266.0243,4.0000,96.0000,AG03-UNRESOLVED,ALL5_LEVELS_bet23_to_bet27,266.0243,266.0243,266.0243,332.5304,332.5304,4.000000,4.000000,4.000000,5.000000,5.000000,96.000000,96.000000,96.000000,95.000000,95.000000,5.0,1463.1337,1340.2688,5187.4742,5310.3391,PENDING_AG03,FALSE,NOT_FOR_ENFORCEMENT,6384.5836,256811.4724,6650.6079,6384.5836,266.0243,0.02244119,0.02154355,266.0243,6384.5836,0.02154355,266.0243,266.0243,266.0243,332.5304,332.5304,6384.5836,0.02154355,1463.1337,1340.2688,5187.4742,5310.3391,0.01750413,0.01791872,0.00089765,16.2655,14.6936,0.3653,59.3804,1.1678,2646.0457,162.5536,12.4780,16.8648,9.0895,16.5695,22.0926,29.825,33.4482,44.5976,11.8163,0.0,2.018664,2.691552,0.981654,30,240,141,4,0.10479828,0.02244119,0.04150452,0E-8,0.000000,0.902668,0.011910,-0.02129501,2026-03-22,2026-08-05,112,5695,2177,137,0.817518,0.739886,0.767145,0.349328,,,,,,,,GLOBAL_BASELINE_NO_ENTITY_RANKING,,,NOT_APPLICABLE_GLOBAL_BASELINE,HF9g-P5,,,,X 全窗基线 · 不参与实体赏罚,14196117,1420,A168_HF9F_20260827_0900,2026-08-27 09:00:00
2026-05-30,110249610,1935,0,1.1149390686,-1.1149390686,-1.1149390686,0E-7,1,1,0.49324550000000000,0.493245500000,-0.9865810262130424,-0.9865810262130424,-0.9865810262130424,0E-17,ELIGIBLE,R03b_20260811_FULL_v1,L1_ELIGIBILITY,v2026-08-11,2026-03-21..2026-08-06,baccarat_bet02_101_all_pairs_incl_sentinel,round_win = game_pnl > 0 (decisive only),COMPATIBILITY_ONLY_NOT_PRODUCTION,296357.1217,267511.9505,6650.6079,18220,18206,-0.02244119,-0.04150452,-0.02020951,-0.02244119,-6650.6079,296357.1217,OK,0.0000,266.0243,4.0000,96.0000,AG03-UNRESOLVED,ALL5_LEVELS_bet23_to_bet27,266.0243,266.0243,266.0243,332.5304,332.5304,4.000000,4.000000,4.000000,5.000000,5.000000,96.000000,96.000000,96.000000,95.000000,95.000000,5.0,1463.1337,1340.2688,5187.4742,5310.3391,PENDING_AG03,FALSE,NOT_FOR_ENFORCEMENT,6384.5836,256811.4724,6650.6079,6384.5836,266.0243,0.02244119,0.02154355,266.0243,6384.5836,0.02154355,266.0243,266.0243,266.0243,332.5304,332.5304,6384.5836,0.02154355,1463.1337,1340.2688,5187.4742,5310.3391,0.01750413,0.01791872,0.00089765,16.2655,14.6936,0.3653,59.3804,1.1678,2646.0457,162.5536,12.4780,16.8648,9.0895,16.5695,22.0926,29.825,33.4482,44.5976,11.8163,0.0,2.018664,2.691552,0.981654,30,240,141,4,0.10479828,0.02244119,0.04150452,0E-8,0.000000,0.902668,0.011910,-0.02129501,2026-03-22,2026-08-05,112,5695,2177,137,0.817518,0.739886,0.767145,0.349328,,,,,,,,GLOBAL_BASELINE_NO_ENTITY_RANKING,,,NOT_APPLICABLE_GLOBAL_BASELINE,HF9g-P5,,,,X 全窗基线 · 不参与实体赏罚,14196118,1420,A168_HF9F_20260827_0900,2026-08-27 09:00:00
2026-05-30,110249610,1951,0,2.2298781372,0E-10,0E-10,,1,1,0.50665070000000000,0.506650700000,,,,0E-17,NO_DECISIVE_ROUND,R03b_20260811_FULL_v1,L1_ELIGIBILITY,v2026-08-11,2026-03-21..2026-08-06,baccarat_bet02_101_all_pairs_incl_sentinel,round_win = game_pnl > 0 (decisive only),COMPATIBILITY_ONLY_NOT_PRODUCTION,296357.1217,267511.9505,6650.6079,18220,18206,-0.02244119,-0.04150452,-0.02020951,-0.02244119,-6650.6079,296357.1217,OK,0.0000,266.0243,4.0000,96.0000,AG03-UNRESOLVED,ALL5_LEVELS_bet23_to_bet27,266.0243,266.0243,266.0243,332.5304,332.5304,4.000000,4.000000,4.000000,5.000000,5.000000,96.000000,96.000000,96.000000,95.000000,95.000000,5.0,1463.1337,1340.2688,5187.4742,5310.3391,PENDING_AG03,FALSE,NOT_FOR_ENFORCEMENT,6384.5836,256811.4724,6650.6079,6384.5836,266.0243,0.02244119,0.02154355,266.0243,6384.5836,0.02154355,266.0243,266.0243,266.0243,332.5304,332.5304,6384.5836,0.02154355,1463.1337,1340.2688,5187.4742,5310.3391,0.01750413,0.01791872,0.00089765,16.2655,14.6936,0.3653,59.3804,1.1678,2646.0457,162.5536,12.4780,16.8648,9.0895,16.5695,22.0926,29.825,33.4482,44.5976,11.8163,0.0,2.018664,2.691552,0.981654,30,240,141,4,0.10479828,0.02244119,0.04150452,0E-8,0.000000,0.902668,0.011910,-0.02129501,2026-03-22,2026-08-05,112,5695,2177,137,0.817518,0.739886,0.767145,0.349328,,,,,,,,GLOBAL_BASELINE_NO_ENTITY_RANKING,,,NOT_APPLICABLE_GLOBAL_BASELINE,HF9g-P5,,,,X 全窗基线 · 不参与实体赏罚,14196119,1420,A168_HF9F_20260827_0900,2026-08-27 09:00:00
2026-05-30,110249610,1957,0,2.2298781372,-2.2298781372,-2.2298781372,0E-7,1,1,0.50665070000000000,0.506650700000,-1.013391052207602,-1.013391052207602,-1.013391052207602,0E-17,ELIGIBLE,R03b_20260811_FULL_v1,L1_ELIGIBILITY,v2026-08-11,2026-03-21..2026-08-06,baccarat_bet02_101_all_pairs_incl_sentinel,round_win = game_pnl > 0 (decisive only),COMPATIBILITY_ONLY_NOT_PRODUCTION,296357.1217,267511.9505,6650.6079,18220,18206,-0.02244119,-0.04150452,-0.02020951,-0.02244119,-6650.6079,296357.1217,OK,0.0000,266.0243,4.0000,96.0000,AG03-UNRESOLVED,ALL5_LEVELS_bet23_to_bet27,266.0243,266.0243,266.0243,332.5304,332.5304,4.000000,4.000000,4.000000,5.000000,5.000000,96.000000,96.000000,96.000000,95.000000,95.000000,5.0,1463.1337,1340.2688,5187.4742,5310.3391,PENDING_AG03,FALSE,NOT_FOR_ENFORCEMENT,6384.5836,256811.4724,6650.6079,6384.5836,266.0243,0.02244119,0.02154355,266.0243,6384.5836,0.02154355,266.0243,266.0243,266.0243,332.5304,332.5304,6384.5836,0.02154355,1463.1337,1340.2688,5187.4742,5310.3391,0.01750413,0.01791872,0.00089765,16.2655,14.6936,0.3653,59.3804,1.1678,2646.0457,162.5536,12.4780,16.8648,9.0895,16.5695,22.0926,29.825,33.4482,44.5976,11.8163,0.0,2.018664,2.691552,0.981654,30,240,141,4,0.10479828,0.02244119,0.04150452,0E-8,0.000000,0.902668,0.011910,-0.02129501,2026-03-22,2026-08-05,112,5695,2177,137,0.817518,0.739886,0.767145,0.349328,,,,,,,,GLOBAL_BASELINE_NO_ENTITY_RANKING,,,NOT_APPLICABLE_GLOBAL_BASELINE,HF9g-P5,,,,X 全窗基线 · 不参与实体赏罚,14196120,1420,A168_HF9F_20260827_0900,2026-08-27 09:00:00
2026-05-30,110249610,1963,0,6.9126222252,-1.1149390685,-1.1149390685,0.5000000,3,3,0.49771390000000000,0.497713900000,0.006466134837551399,0.0064661348375514,0.006466134837551399,0E-17,ELIGIBLE,R03b_20260811_FULL_v1,L1_ELIGIBILITY,v2026-08-11,2026-03-21..2026-08-06,baccarat_bet02_101_all_pairs_incl_sentinel,round_win = game_pnl > 0 (decisive only),COMPATIBILITY_ONLY_NOT_PRODUCTION,296357.1217,267511.9505,6650.6079,18220,18206,-0.02244119,-0.04150452,-0.02020951,-0.02244119,-6650.6079,296357.1217,OK,0.0000,266.0243,4.0000,96.0000,AG03-UNRESOLVED,ALL5_LEVELS_bet23_to_bet27,266.0243,266.0243,266.0243,332.5304,332.5304,4.000000,4.000000,4.000000,5.000000,5.000000,96.000000,96.000000,96.000000,95.000000,95.000000,5.0,1463.1337,1340.2688,5187.4742,5310.3391,PENDING_AG03,FALSE,NOT_FOR_ENFORCEMENT,6384.5836,256811.4724,6650.6079,6384.5836,266.0243,0.02244119,0.02154355,266.0243,6384.5836,0.02154355,266.0243,266.0243,266.0243,332.5304,332.5304,6384.5836,0.02154355,1463.1337,1340.2688,5187.4742,5310.3391,0.01750413,0.01791872,0.00089765,16.2655,14.6936,0.3653,59.3804,1.1678,2646.0457,162.5536,12.4780,16.8648,9.0895,16.5695,22.0926,29.825,33.4482,44.5976,11.8163,0.0,2.018664,2.691552,0.981654,30,240,141,4,0.10479828,0.02244119,0.04150452,0E-8,0.000000,0.902668,0.011910,-0.02129501,2026-03-22,2026-08-05,112,5695,2177,137,0.817518,0.739886,0.767145,0.349328,,,,,,,,GLOBAL_BASELINE_NO_ENTITY_RANKING,,,NOT_APPLICABLE_GLOBAL_BASELINE,HF9g-P5,,,,X 全窗基线 · 不参与实体赏罚,14196121,1420,A168_HF9F_20260827_0900,2026-08-27 09:00:00
2026-05-30,110249610,1985,0,4.4597562743,-4.4597562743,-4.4597562743,0E-7,1,1,0.50665070000000000,0.506650700000,-1.013391052207602,-1.013391052207602,-1.013391052207602,0E-17,ELIGIBLE,R03b_20260811_FULL_v1,L1_ELIGIBILITY,v2026-08-11,2026-03-21..2026-08-06,baccarat_bet02_101_all_pairs_incl_sentinel,round_win = game_pnl > 0 (decisive only),COMPATIBILITY_ONLY_NOT_PRODUCTION,296357.1217,267511.9505,6650.6079,18220,18206,-0.02244119,-0.04150452,-0.02020951,-0.02244119,-6650.6079,296357.1217,OK,0.0000,266.0243,4.0000,96.0000,AG03-UNRESOLVED,ALL5_LEVELS_bet23_to_bet27,266.0243,266.0243,266.0243,332.5304,332.5304,4.000000,4.000000,4.000000,5.000000,5.000000,96.000000,96.000000,96.000000,95.000000,95.000000,5.0,1463.1337,1340.2688,5187.4742,5310.3391,PENDING_AG03,FALSE,NOT_FOR_ENFORCEMENT,6384.5836,256811.4724,6650.6079,6384.5836,266.0243,0.02244119,0.02154355,266.0243,6384.5836,0.02154355,266.0243,266.0243,266.0243,332.5304,332.5304,6384.5836,0.02154355,1463.1337,1340.2688,5187.4742,5310.3391,0.01750413,0.01791872,0.00089765,16.2655,14.6936,0.3653,59.3804,1.1678,2646.0457,162.5536,12.4780,16.8648,9.0895,16.5695,22.0926,29.825,33.4482,44.5976,11.8163,0.0,2.018664,2.691552,0.981654,30,240,141,4,0.10479828,0.02244119,0.04150452,0E-8,0.000000,0.902668,0.011910,-0.02129501,2026-03-22,2026-08-05,112,5695,2177,137,0.817518,0.739886,0.767145,0.349328,,,,,,,,GLOBAL_BASELINE_NO_ENTITY_RANKING,,,NOT_APPLICABLE_GLOBAL_BASELINE,HF9g-P5,,,,X 全窗基线 · 不参与实体赏罚,14196122,1420,A168_HF9F_20260827_0900,2026-08-27 09:00:00
2026-05-30,110249610,2093,0,15.6091469602,-2.5643598578,-2.5643598578,0.4000000,5,5,0.50396966000000000,0.503969660000,-0.4649811094771361,-0.4649811094771361,-0.4649811094771361,0E-17,ELIGIBLE,R03b_20260811_FULL_v1,L1_ELIGIBILITY,v2026-08-11,2026-03-21..2026-08-06,baccarat_bet02_101_all_pairs_incl_sentinel,round_win = game_pnl > 0 (decisive only),COMPATIBILITY_ONLY_NOT_PRODUCTION,296357.1217,267511.9505,6650.6079,18220,18206,-0.02244119,-0.04150452,-0.02020951,-0.02244119,-6650.6079,296357.1217,OK,0.0000,266.0243,4.0000,96.0000,AG03-UNRESOLVED,ALL5_LEVELS_bet23_to_bet27,266.0243,266.0243,266.0243,332.5304,332.5304,4.000000,4.000000,4.000000,5.000000,5.000000,96.000000,96.000000,96.000000,95.000000,95.000000,5.0,1463.1337,1340.2688,5187.4742,5310.3391,PENDING_AG03,FALSE,NOT_FOR_ENFORCEMENT,6384.5836,256811.4724,6650.6079,6384.5836,266.0243,0.02244119,0.02154355,266.0243,6384.5836,0.02154355,266.0243,266.0243,266.0243,332.5304,332.5304,6384.5836,0.02154355,1463.1337,1340.2688,5187.4742,5310.3391,0.01750413,0.01791872,0.00089765,16.2655,14.6936,0.3653,59.3804,1.1678,2646.0457,162.5536,12.4780,16.8648,9.0895,16.5695,22.0926,29.825,33.4482,44.5976,11.8163,0.0,2.018664,2.691552,0.981654,30,240,141,4,0.10479828,0.02244119,0.04150452,0E-8,0.000000,0.902668,0.011910,-0.02129501,2026-03-22,2026-08-05,112,5695,2177,137,0.817518,0.739886,0.767145,0.349328,,,,,,,,GLOBAL_BASELINE_NO_ENTITY_RANKING,,,NOT_APPLICABLE_GLOBAL_BASELINE,HF9g-P5,,,,X 全窗基线 · 不参与实体赏罚,14196123,1420,A168_HF9F_20260827_0900,2026-08-27 09:00:00
2026-05-30,110249610,2115,0,1.1149390686,1.1149390686,1.1149390686,1.0000000,1,1,0.49324550000000000,0.493245500000,1.01360149184955,1.01360149184955,1.01360149184955,0E-17,ELIGIBLE,R03b_20260811_FULL_v1,L1_ELIGIBILITY,v2026-08-11,2026-03-21..2026-08-06,baccarat_bet02_101_all_pairs_incl_sentinel,round_win = game_pnl > 0 (decisive only),COMPATIBILITY_ONLY_NOT_PRODUCTION,296357.1217,267511.9505,6650.6079,18220,18206,-0.02244119,-0.04150452,-0.02020951,-0.02244119,-6650.6079,296357.1217,OK,0.0000,266.0243,4.0000,96.0000,AG03-UNRESOLVED,ALL5_LEVELS_bet23_to_bet27,266.0243,266.0243,266.0243,332.5304,332.5304,4.000000,4.000000,4.000000,5.000000,5.000000,96.000000,96.000000,96.000000,95.000000,95.000000,5.0,1463.1337,1340.2688,5187.4742,5310.3391,PENDING_AG03,FALSE,NOT_FOR_ENFORCEMENT,6384.5836,256811.4724,6650.6079,6384.5836,266.0243,0.02244119,0.02154355,266.0243,6384.5836,0.02154355,266.0243,266.0243,266.0243,332.5304,332.5304,6384.5836,0.02154355,1463.1337,1340.2688,5187.4742,5310.3391,0.01750413,0.01791872,0.00089765,16.2655,14.6936,0.3653,59.3804,1.1678,2646.0457,162.5536,12.4780,16.8648,9.0895,16.5695,22.0926,29.825,33.4482,44.5976,11.8163,0.0,2.018664,2.691552,0.981654,30,240,141,4,0.10479828,0.02244119,0.04150452,0E-8,0.000000,0.902668,0.011910,-0.02129501,2026-03-22,2026-08-05,112,5695,2177,137,0.817518,0.739886,0.767145,0.349328,,,,,,,,GLOBAL_BASELINE_NO_ENTITY_RANKING,,,NOT_APPLICABLE_GLOBAL_BASELINE,HF9g-P5,,,,X 全窗基线 · 不参与实体赏罚,14196124,1420,A168_HF9F_20260827_0900,2026-08-27 09:00:00
2026-05-30,110249610,2147,0,6.0206709703,-6.0206709703,-6.0206709703,0E-7,1,1,0.50665070000000000,0.506650700000,-1.013391052207602,-1.013391052207602,-1.013391052207602,0E-17,ELIGIBLE,R03b_20260811_FULL_v1,L1_ELIGIBILITY,v2026-08-11,2026-03-21..2026-08-06,baccarat_bet02_101_all_pairs_incl_sentinel,round_win = game_pnl > 0 (decisive only),COMPATIBILITY_ONLY_NOT_PRODUCTION,296357.1217,267511.9505,6650.6079,18220,18206,-0.02244119,-0.04150452,-0.02020951,-0.02244119,-6650.6079,296357.1217,OK,0.0000,266.0243,4.0000,96.0000,AG03-UNRESOLVED,ALL5_LEVELS_bet23_to_bet27,266.0243,266.0243,266.0243,332.5304,332.5304,4.000000,4.000000,4.000000,5.000000,5.000000,96.000000,96.000000,96.000000,95.000000,95.000000,5.0,1463.1337,1340.2688,5187.4742,5310.3391,PENDING_AG03,FALSE,NOT_FOR_ENFORCEMENT,6384.5836,256811.4724,6650.6079,6384.5836,266.0243,0.02244119,0.02154355,266.0243,6384.5836,0.02154355,266.0243,266.0243,266.0243,332.5304,332.5304,6384.5836,0.02154355,1463.1337,1340.2688,5187.4742,5310.3391,0.01750413,0.01791872,0.00089765,16.2655,14.6936,0.3653,59.3804,1.1678,2646.0457,162.5536,12.4780,16.8648,9.0895,16.5695,22.0926,29.825,33.4482,44.5976,11.8163,0.0,2.018664,2.691552,0.981654,30,240,141,4,0.10479828,0.02244119,0.04150452,0E-8,0.000000,0.902668,0.011910,-0.02129501,2026-03-22,2026-08-05,112,5695,2177,137,0.817518,0.739886,0.767145,0.349328,,,,,,,,GLOBAL_BASELINE_NO_ENTITY_RANKING,,,NOT_APPLICABLE_GLOBAL_BASELINE,HF9g-P5,,,,X 全窗基线 · 不参与实体赏罚,14196125,1420,A168_HF9F_20260827_0900,2026-08-27 09:00:00
2026-05-30,110249610,2153,0,41.2527455372,7.2471039457,7.2471039457,0.7142857,9,9,0.49324550000000000,0.493245500000,1.169741613234378,1.1697416132343783,1.169741613234378,0E-17,ELIGIBLE,R03b_20260811_FULL_v1,L1_ELIGIBILITY,v2026-08-11,2026-03-21..2026-08-06,baccarat_bet02_101_all_pairs_incl_sentinel,round_win = game_pnl > 0 (decisive only),COMPATIBILITY_ONLY_NOT_PRODUCTION,296357.1217,267511.9505,6650.6079,18220,18206,-0.02244119,-0.04150452,-0.02020951,-0.02244119,-6650.6079,296357.1217,OK,0.0000,266.0243,4.0000,96.0000,AG03-UNRESOLVED,ALL5_LEVELS_bet23_to_bet27,266.0243,266.0243,266.0243,332.5304,332.5304,4.000000,4.000000,4.000000,5.000000,5.000000,96.000000,96.000000,96.000000,95.000000,95.000000,5.0,1463.1337,1340.2688,5187.4742,5310.3391,PENDING_AG03,FALSE,NOT_FOR_ENFORCEMENT,6384.5836,256811.4724,6650.6079,6384.5836,266.0243,0.02244119,0.02154355,266.0243,6384.5836,0.02154355,266.0243,266.0243,266.0243,332.5304,332.5304,6384.5836,0.02154355,1463.1337,1340.2688,5187.4742,5310.3391,0.01750413,0.01791872,0.00089765,16.2655,14.6936,0.3653,59.3804,1.1678,2646.0457,162.5536,12.4780,16.8648,9.0895,16.5695,22.0926,29.825,33.4482,44.5976,11.8163,0.0,2.018664,2.691552,0.981654,30,240,141,4,0.10479828,0.02244119,0.04150452,0E-8,0.000000,0.902668,0.011910,-0.02129501,2026-03-22,2026-08-05,112,5695,2177,137,0.817518,0.739886,0.767145,0.349328,,,,,,,,GLOBAL_BASELINE_NO_ENTITY_RANKING,,,NOT_APPLICABLE_GLOBAL_BASELINE,HF9g-P5,,,,X 全窗基线 · 不参与实体赏罚,14196126,1420,A168_HF9F_20260827_0900,2026-08-27 09:00:00
2026-05-30,110249610,2156,0,17.8390250973,-17.8390250973,-17.8390250973,0E-7,1,1,0.49324550000000000,0.493245500000,-0.9865810262130424,-0.9865810262130424,-0.9865810262130424,0E-17,ELIGIBLE,R03b_20260811_FULL_v1,L1_ELIGIBILITY,v2026-08-11,2026-03-21..2026-08-06,baccarat_bet02_101_all_pairs_incl_sentinel,round_win = game_pnl > 0 (decisive only),COMPATIBILITY_ONLY_NOT_PRODUCTION,296357.1217,267511.9505,6650.6079,18220,18206,-0.02244119,-0.04150452,-0.02020951,-0.02244119,-6650.6079,296357.1217,OK,0.0000,266.0243,4.0000,96.0000,AG03-UNRESOLVED,ALL5_LEVELS_bet23_to_bet27,266.0243,266.0243,266.0243,332.5304,332.5304,4.000000,4.000000,4.000000,5.000000,5.000000,96.000000,96.000000,96.000000,95.000000,95.000000,5.0,1463.1337,1340.2688,5187.4742,5310.3391,PENDING_AG03,FALSE,NOT_FOR_ENFORCEMENT,6384.5836,256811.4724,6650.6079,6384.5836,266.0243,0.02244119,0.02154355,266.0243,6384.5836,0.02154355,266.0243,266.0243,266.0243,332.5304,332.5304,6384.5836,0.02154355,1463.1337,1340.2688,5187.4742,5310.3391,0.01750413,0.01791872,0.00089765,16.2655,14.6936,0.3653,59.3804,1.1678,2646.0457,162.5536,12.4780,16.8648,9.0895,16.5695,22.0926,29.825,33.4482,44.5976,11.8163,0.0,2.018664,2.691552,0.981654,30,240,141,4,0.10479828,0.02244119,0.04150452,0E-8,0.000000,0.902668,0.011910,-0.02129501,2026-03-22,2026-08-05,112,5695,2177,137,0.817518,0.739886,0.767145,0.349328,,,,,,,,GLOBAL_BASELINE_NO_ENTITY_RANKING,,,NOT_APPLICABLE_GLOBAL_BASELINE,HF9g-P5,,,,X 全窗基线 · 不参与实体赏罚,14196127,1420,A168_HF9F_20260827_0900,2026-08-27 09:00:00
2026-05-30,110249610,2170,0,32.1102451751,13.9367383572,13.9367383572,0.8333333,7,7,0.49324550000000000,0.493245500000,1.666235363940442,1.6662353639404415,1.666235363940442,0E-17,ELIGIBLE,R03b_20260811_FULL_v1,L1_ELIGIBILITY,v2026-08-11,2026-03-21..2026-08-06,baccarat_bet02_101_all_pairs_incl_sentinel,round_win = game_pnl > 0 (decisive only),COMPATIBILITY_ONLY_NOT_PRODUCTION,296357.1217,267511.9505,6650.6079,18220,18206,-0.02244119,-0.04150452,-0.02020951,-0.02244119,-6650.6079,296357.1217,OK,0.0000,266.0243,4.0000,96.0000,AG03-UNRESOLVED,ALL5_LEVELS_bet23_to_bet27,266.0243,266.0243,266.0243,332.5304,332.5304,4.000000,4.000000,4.000000,5.000000,5.000000,96.000000,96.000000,96.000000,95.000000,95.000000,5.0,1463.1337,1340.2688,5187.4742,5310.3391,PENDING_AG03,FALSE,NOT_FOR_ENFORCEMENT,6384.5836,256811.4724,6650.6079,6384.5836,266.0243,0.02244119,0.02154355,266.0243,6384.5836,0.02154355,266.0243,266.0243,266.0243,332.5304,332.5304,6384.5836,0.02154355,1463.1337,1340.2688,5187.4742,5310.3391,0.01750413,0.01791872,0.00089765,16.2655,14.6936,0.3653,59.3804,1.1678,2646.0457,162.5536,12.4780,16.8648,9.0895,16.5695,22.0926,29.825,33.4482,44.5976,11.8163,0.0,2.018664,2.691552,0.981654,30,240,141,4,0.10479828,0.02244119,0.04150452,0E-8,0.000000,0.902668,0.011910,-0.02129501,2026-03-22,2026-08-05,112,5695,2177,137,0.817518,0.739886,0.767145,0.349328,,,,,,,,GLOBAL_BASELINE_NO_ENTITY_RANKING,,,NOT_APPLICABLE_GLOBAL_BASELINE,HF9g-P5,,,,X 全窗基线 · 不参与实体赏罚,14196128,1420,A168_HF9F_20260827_0900,2026-08-27 09:00:00
2026-05-30,110249610,2171,0,49.0573190175,-15.6091469601,-15.6091469601,0.3333333,3,3,0.49324550000000000,0.493245500000,-0.5540025479526107,-0.5540025479526106,-0.5540025479526107,0E-17,ELIGIBLE,R03b_20260811_FULL_v1,L1_ELIGIBILITY,v2026-08-11,2026-03-21..2026-08-06,baccarat_bet02_101_all_pairs_incl_sentinel,round_win = game_pnl > 0 (decisive only),COMPATIBILITY_ONLY_NOT_PRODUCTION,296357.1217,267511.9505,6650.6079,18220,18206,-0.02244119,-0.04150452,-0.02020951,-0.02244119,-6650.6079,296357.1217,OK,0.0000,266.0243,4.0000,96.0000,AG03-UNRESOLVED,ALL5_LEVELS_bet23_to_bet27,266.0243,266.0243,266.0243,332.5304,332.5304,4.000000,4.000000,4.000000,5.000000,5.000000,96.000000,96.000000,96.000000,95.000000,95.000000,5.0,1463.1337,1340.2688,5187.4742,5310.3391,PENDING_AG03,FALSE,NOT_FOR_ENFORCEMENT,6384.5836,256811.4724,6650.6079,6384.5836,266.0243,0.02244119,0.02154355,266.0243,6384.5836,0.02154355,266.0243,266.0243,266.0243,332.5304,332.5304,6384.5836,0.02154355,1463.1337,1340.2688,5187.4742,5310.3391,0.01750413,0.01791872,0.00089765,16.2655,14.6936,0.3653,59.3804,1.1678,2646.0457,162.5536,12.4780,16.8648,9.0895,16.5695,22.0926,29.825,33.4482,44.5976,11.8163,0.0,2.018664,2.691552,0.981654,30,240,141,4,0.10479828,0.02244119,0.04150452,0E-8,0.000000,0.902668,0.011910,-0.02129501,2026-03-22,2026-08-05,112,5695,2177,137,0.817518,0.739886,0.767145,0.349328,,,,,,,,GLOBAL_BASELINE_NO_ENTITY_RANKING,,,NOT_APPLICABLE_GLOBAL_BASELINE,HF9g-P5,,,,X 全窗基线 · 不参与实体赏罚,14196129,1420,A168_HF9F_20260827_0900,2026-08-27 09:00:00
2026-05-30,110249610,2175,0,79.0491799622,25.9613562119,25.9613562119,0.7500000,5,5,0.50665070000000000,0.506650700000,0.9734833216690844,0.9734833216690844,0.9734833216690844,0E-17,ELIGIBLE,R03b_20260811_FULL_v1,L1_ELIGIBILITY,v2026-08-11,2026-03-21..2026-08-06,baccarat_bet02_101_all_pairs_incl_sentinel,round_win = game_pnl > 0 (decisive only),COMPATIBILITY_ONLY_NOT_PRODUCTION,296357.1217,267511.9505,6650.6079,18220,18206,-0.02244119,-0.04150452,-0.02020951,-0.02244119,-6650.6079,296357.1217,OK,0.0000,266.0243,4.0000,96.0000,AG03-UNRESOLVED,ALL5_LEVELS_bet23_to_bet27,266.0243,266.0243,266.0243,332.5304,332.5304,4.000000,4.000000,4.000000,5.000000,5.000000,96.000000,96.000000,96.000000,95.000000,95.000000,5.0,1463.1337,1340.2688,5187.4742,5310.3391,PENDING_AG03,FALSE,NOT_FOR_ENFORCEMENT,6384.5836,256811.4724,6650.6079,6384.5836,266.0243,0.02244119,0.02154355,266.0243,6384.5836,0.02154355,266.0243,266.0243,266.0243,332.5304,332.5304,6384.5836,0.02154355,1463.1337,1340.2688,5187.4742,5310.3391,0.01750413,0.01791872,0.00089765,16.2655,14.6936,0.3653,59.3804,1.1678,2646.0457,162.5536,12.4780,16.8648,9.0895,16.5695,22.0926,29.825,33.4482,44.5976,11.8163,0.0,2.018664,2.691552,0.981654,30,240,141,4,0.10479828,0.02244119,0.04150452,0E-8,0.000000,0.902668,0.011910,-0.02129501,2026-03-22,2026-08-05,112,5695,2177,137,0.817518,0.739886,0.767145,0.349328,,,,,,,,GLOBAL_BASELINE_NO_ENTITY_RANKING,,,NOT_APPLICABLE_GLOBAL_BASELINE,HF9g-P5,,,,X 全窗基线 · 不参与实体赏罚,14196130,1420,A168_HF9F_20260827_0900,2026-08-27 09:00:00
2026-05-30,110249610,2201,0,2.2298781372,-2.2298781372,-2.2298781372,0E-7,1,1,0.49324550000000000,0.493245500000,-0.9865810262130424,-0.9865810262130424,-0.9865810262130424,0E-17,ELIGIBLE,R03b_20260811_FULL_v1,L1_ELIGIBILITY,v2026-08-11,2026-03-21..2026-08-06,baccarat_bet02_101_all_pairs_incl_sentinel,round_win = game_pnl > 0 (decisive only),COMPATIBILITY_ONLY_NOT_PRODUCTION,296357.1217,267511.9505,6650.6079,18220,18206,-0.02244119,-0.04150452,-0.02020951,-0.02244119,-6650.6079,296357.1217,OK,0.0000,266.0243,4.0000,96.0000,AG03-UNRESOLVED,ALL5_LEVELS_bet23_to_bet27,266.0243,266.0243,266.0243,332.5304,332.5304,4.000000,4.000000,4.000000,5.000000,5.000000,96.000000,96.000000,96.000000,95.000000,95.000000,5.0,1463.1337,1340.2688,5187.4742,5310.3391,PENDING_AG03,FALSE,NOT_FOR_ENFORCEMENT,6384.5836,256811.4724,6650.6079,6384.5836,266.0243,0.02244119,0.02154355,266.0243,6384.5836,0.02154355,266.0243,266.0243,266.0243,332.5304,332.5304,6384.5836,0.02154355,1463.1337,1340.2688,5187.4742,5310.3391,0.01750413,0.01791872,0.00089765,16.2655,14.6936,0.3653,59.3804,1.1678,2646.0457,162.5536,12.4780,16.8648,9.0895,16.5695,22.0926,29.825,33.4482,44.5976,11.8163,0.0,2.018664,2.691552,0.981654,30,240,141,4,0.10479828,0.02244119,0.04150452,0E-8,0.000000,0.902668,0.011910,-0.02129501,2026-03-22,2026-08-05,112,5695,2177,137,0.817518,0.739886,0.767145,0.349328,,,,,,,,GLOBAL_BASELINE_NO_ENTITY_RANKING,,,NOT_APPLICABLE_GLOBAL_BASELINE,HF9g-P5,,,,X 全窗基线 · 不参与实体赏罚,14196131,1420,A168_HF9F_20260827_0900,2026-08-27 09:00:00
2026-05-30,110249610,2216,0,5.5746953429,5.2959605758,5.2959605758,1.0000000,2,2,0.50665070000000000,0.506650700000,1.3955260008387969,1.3955260008387969,1.3955260008387969,0E-17,ELIGIBLE,R03b_20260811_FULL_v1,L1_ELIGIBILITY,v2026-08-11,2026-03-21..2026-08-06,baccarat_bet02_101_all_pairs_incl_sentinel,round_win = game_pnl > 0 (decisive only),COMPATIBILITY_ONLY_NOT_PRODUCTION,296357.1217,267511.9505,6650.6079,18220,18206,-0.02244119,-0.04150452,-0.02020951,-0.02244119,-6650.6079,296357.1217,OK,0.0000,266.0243,4.0000,96.0000,AG03-UNRESOLVED,ALL5_LEVELS_bet23_to_bet27,266.0243,266.0243,266.0243,332.5304,332.5304,4.000000,4.000000,4.000000,5.000000,5.000000,96.000000,96.000000,96.000000,95.000000,95.000000,5.0,1463.1337,1340.2688,5187.4742,5310.3391,PENDING_AG03,FALSE,NOT_FOR_ENFORCEMENT,6384.5836,256811.4724,6650.6079,6384.5836,266.0243,0.02244119,0.02154355,266.0243,6384.5836,0.02154355,266.0243,266.0243,266.0243,332.5304,332.5304,6384.5836,0.02154355,1463.1337,1340.2688,5187.4742,5310.3391,0.01750413,0.01791872,0.00089765,16.2655,14.6936,0.3653,59.3804,1.1678,2646.0457,162.5536,12.4780,16.8648,9.0895,16.5695,22.0926,29.825,33.4482,44.5976,11.8163,0.0,2.018664,2.691552,0.981654,30,240,141,4,0.10479828,0.02244119,0.04150452,0E-8,0.000000,0.902668,0.011910,-0.02129501,2026-03-22,2026-08-05,112,5695,2177,137,0.817518,0.739886,0.767145,0.349328,,,,,,,,GLOBAL_BASELINE_NO_ENTITY_RANKING,,,NOT_APPLICABLE_GLOBAL_BASELINE,HF9g-P5,,,,X 全窗基线 · 不参与实体赏罚,14196132,1420,A168_HF9F_20260827_0900,2026-08-27 09:00:00
2026-05-30,110249610,2220,0,16.7240860288,-16.7240860288,-16.7240860288,0E-7,4,4,0.49994810000000000,0.499948100000,-1.9997924107733216,-1.9997924107733216,-1.9997924107733216,0E-17,ELIGIBLE,R03b_20260811_FULL_v1,L1_ELIGIBILITY,v2026-08-11,2026-03-21..2026-08-06,baccarat_bet02_101_all_pairs_incl_sentinel,round_win = game_pnl > 0 (decisive only),COMPATIBILITY_ONLY_NOT_PRODUCTION,296357.1217,267511.9505,6650.6079,18220,18206,-0.02244119,-0.04150452,-0.02020951,-0.02244119,-6650.6079,296357.1217,OK,0.0000,266.0243,4.0000,96.0000,AG03-UNRESOLVED,ALL5_LEVELS_bet23_to_bet27,266.0243,266.0243,266.0243,332.5304,332.5304,4.000000,4.000000,4.000000,5.000000,5.000000,96.000000,96.000000,96.000000,95.000000,95.000000,5.0,1463.1337,1340.2688,5187.4742,5310.3391,PENDING_AG03,FALSE,NOT_FOR_ENFORCEMENT,6384.5836,256811.4724,6650.6079,6384.5836,266.0243,0.02244119,0.02154355,266.0243,6384.5836,0.02154355,266.0243,266.0243,266.0243,332.5304,332.5304,6384.5836,0.02154355,1463.1337,1340.2688,5187.4742,5310.3391,0.01750413,0.01791872,0.00089765,16.2655,14.6936,0.3653,59.3804,1.1678,2646.0457,162.5536,12.4780,16.8648,9.0895,16.5695,22.0926,29.825,33.4482,44.5976,11.8163,0.0,2.018664,2.691552,0.981654,30,240,141,4,0.10479828,0.02244119,0.04150452,0E-8,0.000000,0.902668,0.011910,-0.02129501,2026-03-22,2026-08-05,112,5695,2177,137,0.817518,0.739886,0.767145,0.349328,,,,,,,,GLOBAL_BASELINE_NO_ENTITY_RANKING,,,NOT_APPLICABLE_GLOBAL_BASELINE,HF9g-P5,,,,X 全窗基线 · 不参与实体赏罚,14196133,1420,A168_HF9F_20260827_0900,2026-08-27 09:00:00
2026-05-30,110249610,2223,0,28.3194523419,-5.1287197155,-5.1287197155,0.5000000,2,2,0.49324550000000000,0.493245500000,0.01910635448239258,0.01910635448239258,0.01910635448239258,0E-17,ELIGIBLE,R03b_20260811_FULL_v1,L1_ELIGIBILITY,v2026-08-11,2026-03-21..2026-08-06,baccarat_bet02_101_all_pairs_incl_sentinel,round_win = game_pnl > 0 (decisive only),COMPATIBILITY_ONLY_NOT_PRODUCTION,296357.1217,267511.9505,6650.6079,18220,18206,-0.02244119,-0.04150452,-0.02020951,-0.02244119,-6650.6079,296357.1217,OK,0.0000,266.0243,4.0000,96.0000,AG03-UNRESOLVED,ALL5_LEVELS_bet23_to_bet27,266.0243,266.0243,266.0243,332.5304,332.5304,4.000000,4.000000,4.000000,5.000000,5.000000,96.000000,96.000000,96.000000,95.000000,95.000000,5.0,1463.1337,1340.2688,5187.4742,5310.3391,PENDING_AG03,FALSE,NOT_FOR_ENFORCEMENT,6384.5836,256811.4724,6650.6079,6384.5836,266.0243,0.02244119,0.02154355,266.0243,6384.5836,0.02154355,266.0243,266.0243,266.0243,332.5304,332.5304,6384.5836,0.02154355,1463.1337,1340.2688,5187.4742,5310.3391,0.01750413,0.01791872,0.00089765,16.2655,14.6936,0.3653,59.3804,1.1678,2646.0457,162.5536,12.4780,16.8648,9.0895,16.5695,22.0926,29.825,33.4482,44.5976,11.8163,0.0,2.018664,2.691552,0.981654,30,240,141,4,0.10479828,0.02244119,0.04150452,0E-8,0.000000,0.902668,0.011910,-0.02129501,2026-03-22,2026-08-05,112,5695,2177,137,0.817518,0.739886,0.767145,0.349328,,,,,,,,GLOBAL_BASELINE_NO_ENTITY_RANKING,,,NOT_APPLICABLE_GLOBAL_BASELINE,HF9g-P5,,,,X 全窗基线 · 不参与实体赏罚,14196134,1420,A168_HF9F_20260827_0900,2026-08-27 09:00:00
2026-05-30,110249610,2229,0,14.4942078915,-5.5746953429,-5.5746953429,0.2500000,4,4,0.49324550000000000,0.493245500000,-0.9730707933947887,-0.9730707933947887,-0.9730707933947887,0E-17,ELIGIBLE,R03b_20260811_FULL_v1,L1_ELIGIBILITY,v2026-08-11,2026-03-21..2026-08-06,baccarat_bet02_101_all_pairs_incl_sentinel,round_win = game_pnl > 0 (decisive only),COMPATIBILITY_ONLY_NOT_PRODUCTION,296357.1217,267511.9505,6650.6079,18220,18206,-0.02244119,-0.04150452,-0.02020951,-0.02244119,-6650.6079,296357.1217,OK,0.0000,266.0243,4.0000,96.0000,AG03-UNRESOLVED,ALL5_LEVELS_bet23_to_bet27,266.0243,266.0243,266.0243,332.5304,332.5304,4.000000,4.000000,4.000000,5.000000,5.000000,96.000000,96.000000,96.000000,95.000000,95.000000,5.0,1463.1337,1340.2688,5187.4742,5310.3391,PENDING_AG03,FALSE,NOT_FOR_ENFORCEMENT,6384.5836,256811.4724,6650.6079,6384.5836,266.0243,0.02244119,0.02154355,266.0243,6384.5836,0.02154355,266.0243,266.0243,266.0243,332.5304,332.5304,6384.5836,0.02154355,1463.1337,1340.2688,5187.4742,5310.3391,0.01750413,0.01791872,0.00089765,16.2655,14.6936,0.3653,59.3804,1.1678,2646.0457,162.5536,12.4780,16.8648,9.0895,16.5695,22.0926,29.825,33.4482,44.5976,11.8163,0.0,2.018664,2.691552,0.981654,30,240,141,4,0.10479828,0.02244119,0.04150452,0E-8,0.000000,0.902668,0.011910,-0.02129501,2026-03-22,2026-08-05,112,5695,2177,137,0.817518,0.739886,0.767145,0.349328,,,,,,,,GLOBAL_BASELINE_NO_ENTITY_RANKING,,,NOT_APPLICABLE_GLOBAL_BASELINE,HF9g-P5,,,,X 全窗基线 · 不参与实体赏罚,14196135,1420,A168_HF9F_20260827_0900,2026-08-27 09:00:00
2026-05-30,110249610,2251,0,25.5321046705,14.6057017984,14.6057017984,0.8000000,6,6,0.49324550000000000,0.493245500000,1.3719730223118614,1.3719730223118614,1.3719730223118614,0E-17,ELIGIBLE,R03b_20260811_FULL_v1,L1_ELIGIBILITY,v2026-08-11,2026-03-21..2026-08-06,baccarat_bet02_101_all_pairs_incl_sentinel,round_win = game_pnl > 0 (decisive only),COMPATIBILITY_ONLY_NOT_PRODUCTION,296357.1217,267511.9505,6650.6079,18220,18206,-0.02244119,-0.04150452,-0.02020951,-0.02244119,-6650.6079,296357.1217,OK,0.0000,266.0243,4.0000,96.0000,AG03-UNRESOLVED,ALL5_LEVELS_bet23_to_bet27,266.0243,266.0243,266.0243,332.5304,332.5304,4.000000,4.000000,4.000000,5.000000,5.000000,96.000000,96.000000,96.000000,95.000000,95.000000,5.0,1463.1337,1340.2688,5187.4742,5310.3391,PENDING_AG03,FALSE,NOT_FOR_ENFORCEMENT,6384.5836,256811.4724,6650.6079,6384.5836,266.0243,0.02244119,0.02154355,266.0243,6384.5836,0.02154355,266.0243,266.0243,266.0243,332.5304,332.5304,6384.5836,0.02154355,1463.1337,1340.2688,5187.4742,5310.3391,0.01750413,0.01791872,0.00089765,16.2655,14.6936,0.3653,59.3804,1.1678,2646.0457,162.5536,12.4780,16.8648,9.0895,16.5695,22.0926,29.825,33.4482,44.5976,11.8163,0.0,2.018664,2.691552,0.981654,30,240,141,4,0.10479828,0.02244119,0.04150452,0E-8,0.000000,0.902668,0.011910,-0.02129501,2026-03-22,2026-08-05,112,5695,2177,137,0.817518,0.739886,0.767145,0.349328,,,,,,,,GLOBAL_BASELINE_NO_ENTITY_RANKING,,,NOT_APPLICABLE_GLOBAL_BASELINE,HF9g-P5,,,,X 全窗基线 · 不参与实体赏罚,14196136,1420,A168_HF9F_20260827_0900,2026-08-27 09:00:00
2026-05-30,110249610,2254,0,22.2987813715,1.9511433700,1.9511433700,0.6666667,6,6,0.49994810000000000,0.499948100000,0.8167508423630434,0.8167508423630434,0.8167508423630434,0E-17,ELIGIBLE,R03b_20260811_FULL_v1,L1_ELIGIBILITY,v2026-08-11,2026-03-21..2026-08-06,baccarat_bet02_101_all_pairs_incl_sentinel,round_win = game_pnl > 0 (decisive only),COMPATIBILITY_ONLY_NOT_PRODUCTION,296357.1217,267511.9505,6650.6079,18220,18206,-0.02244119,-0.04150452,-0.02020951,-0.02244119,-6650.6079,296357.1217,OK,0.0000,266.0243,4.0000,96.0000,AG03-UNRESOLVED,ALL5_LEVELS_bet23_to_bet27,266.0243,266.0243,266.0243,332.5304,332.5304,4.000000,4.000000,4.000000,5.000000,5.000000,96.000000,96.000000,96.000000,95.000000,95.000000,5.0,1463.1337,1340.2688,5187.4742,5310.3391,PENDING_AG03,FALSE,NOT_FOR_ENFORCEMENT,6384.5836,256811.4724,6650.6079,6384.5836,266.0243,0.02244119,0.02154355,266.0243,6384.5836,0.02154355,266.0243,266.0243,266.0243,332.5304,332.5304,6384.5836,0.02154355,1463.1337,1340.2688,5187.4742,5310.3391,0.01750413,0.01791872,0.00089765,16.2655,14.6936,0.3653,59.3804,1.1678,2646.0457,162.5536,12.4780,16.8648,9.0895,16.5695,22.0926,29.825,33.4482,44.5976,11.8163,0.0,2.018664,2.691552,0.981654,30,240,141,4,0.10479828,0.02244119,0.04150452,0E-8,0.000000,0.902668,0.011910,-0.02129501,2026-03-22,2026-08-05,112,5695,2177,137,0.817518,0.739886,0.767145,0.349328,,,,,,,,GLOBAL_BASELINE_NO_ENTITY_RANKING,,,NOT_APPLICABLE_GLOBAL_BASELINE,HF9g-P5,,,,X 全窗基线 · 不参与实体赏罚,14196137,1420,A168_HF9F_20260827_0900,2026-08-27 09:00:00
2026-05-30,110249610,2256,0,13.0447871025,-4.4597562744,-4.4597562744,0E-7,5,5,0.49860758000000000,0.498607580000,-1.4102806724853603,-1.4102806724853603,-1.4102806724853603,0E-17,ELIGIBLE,R03b_20260811_FULL_v1,L1_ELIGIBILITY,v2026-08-11,2026-03-21..2026-08-06,baccarat_bet02_101_all_pairs_incl_sentinel,round_win = game_pnl > 0 (decisive only),COMPATIBILITY_ONLY_NOT_PRODUCTION,296357.1217,267511.9505,6650.6079,18220,18206,-0.02244119,-0.04150452,-0.02020951,-0.02244119,-6650.6079,296357.1217,OK,0.0000,266.0243,4.0000,96.0000,AG03-UNRESOLVED,ALL5_LEVELS_bet23_to_bet27,266.0243,266.0243,266.0243,332.5304,332.5304,4.000000,4.000000,4.000000,5.000000,5.000000,96.000000,96.000000,96.000000,95.000000,95.000000,5.0,1463.1337,1340.2688,5187.4742,5310.3391,PENDING_AG03,FALSE,NOT_FOR_ENFORCEMENT,6384.5836,256811.4724,6650.6079,6384.5836,266.0243,0.02244119,0.02154355,266.0243,6384.5836,0.02154355,266.0243,266.0243,266.0243,332.5304,332.5304,6384.5836,0.02154355,1463.1337,1340.2688,5187.4742,5310.3391,0.01750413,0.01791872,0.00089765,16.2655,14.6936,0.3653,59.3804,1.1678,2646.0457,162.5536,12.4780,16.8648,9.0895,16.5695,22.0926,29.825,33.4482,44.5976,11.8163,0.0,2.018664,2.691552,0.981654,30,240,141,4,0.10479828,0.02244119,0.04150452,0E-8,0.000000,0.902668,0.011910,-0.02129501,2026-03-22,2026-08-05,112,5695,2177,137,0.817518,0.739886,0.767145,0.349328,,,,,,,,GLOBAL_BASELINE_NO_ENTITY_RANKING,,,NOT_APPLICABLE_GLOBAL_BASELINE,HF9g-P5,,,,X 全窗基线 · 不参与实体赏罚,14196138,1420,A168_HF9F_20260827_0900,2026-08-27 09:00:00
2026-05-30,110249610,550,0,22.2987813716,-22.2987813716,-22.2987813716,0E-7,2,2,0.49994810000000000,0.499948100000,-1.4140667746232096,-1.4140667746232096,-1.4140667746232096,0E-17,ELIGIBLE,R03b_20260811_FULL_v1,L1_ELIGIBILITY,v2026-08-11,2026-03-21..2026-08-06,baccarat_bet02_101_all_pairs_incl_sentinel,round_win = game_pnl > 0 (decisive only),COMPATIBILITY_ONLY_NOT_PRODUCTION,296357.1217,267511.9505,6650.6079,18220,18206,-0.02244119,-0.04150452,-0.02020951,-0.02244119,-6650.6079,296357.1217,OK,0.0000,266.0243,4.0000,96.0000,AG03-UNRESOLVED,ALL5_LEVELS_bet23_to_bet27,266.0243,266.0243,266.0243,332.5304,332.5304,4.000000,4.000000,4.000000,5.000000,5.000000,96.000000,96.000000,96.000000,95.000000,95.000000,5.0,1463.1337,1340.2688,5187.4742,5310.3391,PENDING_AG03,FALSE,NOT_FOR_ENFORCEMENT,6384.5836,256811.4724,6650.6079,6384.5836,266.0243,0.02244119,0.02154355,266.0243,6384.5836,0.02154355,266.0243,266.0243,266.0243,332.5304,332.5304,6384.5836,0.02154355,1463.1337,1340.2688,5187.4742,5310.3391,0.01750413,0.01791872,0.00089765,16.2655,14.6936,0.3653,59.3804,1.1678,2646.0457,162.5536,12.4780,16.8648,9.0895,16.5695,22.0926,29.825,33.4482,44.5976,11.8163,0.0,2.018664,2.691552,0.981654,30,240,141,4,0.10479828,0.02244119,0.04150452,0E-8,0.000000,0.902668,0.011910,-0.02129501,2026-03-22,2026-08-05,112,5695,2177,137,0.817518,0.739886,0.767145,0.349328,,,,,,,,GLOBAL_BASELINE_NO_ENTITY_RANKING,,,NOT_APPLICABLE_GLOBAL_BASELINE,HF9g-P5,,,,X 全窗基线 · 不参与实体赏罚,14196139,1420,A168_HF9F_20260827_0900,2026-08-27 09:00:00
2026-05-30,110249610,763,0,6.6896344115,-6.6896344115,-6.6896344115,0E-7,2,2,0.49324550000000000,0.493245500000,-1.3952362676504506,-1.3952362676504506,-1.3952362676504506,0E-17,ELIGIBLE,R03b_20260811_FULL_v1,L1_ELIGIBILITY,v2026-08-11,2026-03-21..2026-08-06,baccarat_bet02_101_all_pairs_incl_sentinel,round_win = game_pnl > 0 (decisive only),COMPATIBILITY_ONLY_NOT_PRODUCTION,296357.1217,267511.9505,6650.6079,18220,18206,-0.02244119,-0.04150452,-0.02020951,-0.02244119,-6650.6079,296357.1217,OK,0.0000,266.0243,4.0000,96.0000,AG03-UNRESOLVED,ALL5_LEVELS_bet23_to_bet27,266.0243,266.0243,266.0243,332.5304,332.5304,4.000000,4.000000,4.000000,5.000000,5.000000,96.000000,96.000000,96.000000,95.000000,95.000000,5.0,1463.1337,1340.2688,5187.4742,5310.3391,PENDING_AG03,FALSE,NOT_FOR_ENFORCEMENT,6384.5836,256811.4724,6650.6079,6384.5836,266.0243,0.02244119,0.02154355,266.0243,6384.5836,0.02154355,266.0243,266.0243,266.0243,332.5304,332.5304,6384.5836,0.02154355,1463.1337,1340.2688,5187.4742,5310.3391,0.01750413,0.01791872,0.00089765,16.2655,14.6936,0.3653,59.3804,1.1678,2646.0457,162.5536,12.4780,16.8648,9.0895,16.5695,22.0926,29.825,33.4482,44.5976,11.8163,0.0,2.018664,2.691552,0.981654,30,240,141,4,0.10479828,0.02244119,0.04150452,0E-8,0.000000,0.902668,0.011910,-0.02129501,2026-03-22,2026-08-05,112,5695,2177,137,0.817518,0.739886,0.767145,0.349328,,,,,,,,GLOBAL_BASELINE_NO_ENTITY_RANKING,,,NOT_APPLICABLE_GLOBAL_BASELINE,HF9g-P5,,,,X 全窗基线 · 不参与实体赏罚,14196140,1420,A168_HF9F_20260827_0900,2026-08-27 09:00:00
2026-05-30,110249610,789,0,16.7240860287,-16.7240860287,-16.7240860287,0E-7,1,1,0.49324550000000000,0.493245500000,-0.9865810262130424,-0.9865810262130424,-0.9865810262130424,0E-17,ELIGIBLE,R03b_20260811_FULL_v1,L1_ELIGIBILITY,v2026-08-11,2026-03-21..2026-08-06,baccarat_bet02_101_all_pairs_incl_sentinel,round_win = game_pnl > 0 (decisive only),COMPATIBILITY_ONLY_NOT_PRODUCTION,296357.1217,267511.9505,6650.6079,18220,18206,-0.02244119,-0.04150452,-0.02020951,-0.02244119,-6650.6079,296357.1217,OK,0.0000,266.0243,4.0000,96.0000,AG03-UNRESOLVED,ALL5_LEVELS_bet23_to_bet27,266.0243,266.0243,266.0243,332.5304,332.5304,4.000000,4.000000,4.000000,5.000000,5.000000,96.000000,96.000000,96.000000,95.000000,95.000000,5.0,1463.1337,1340.2688,5187.4742,5310.3391,PENDING_AG03,FALSE,NOT_FOR_ENFORCEMENT,6384.5836,256811.4724,6650.6079,6384.5836,266.0243,0.02244119,0.02154355,266.0243,6384.5836,0.02154355,266.0243,266.0243,266.0243,332.5304,332.5304,6384.5836,0.02154355,1463.1337,1340.2688,5187.4742,5310.3391,0.01750413,0.01791872,0.00089765,16.2655,14.6936,0.3653,59.3804,1.1678,2646.0457,162.5536,12.4780,16.8648,9.0895,16.5695,22.0926,29.825,33.4482,44.5976,11.8163,0.0,2.018664,2.691552,0.981654,30,240,141,4,0.10479828,0.02244119,0.04150452,0E-8,0.000000,0.902668,0.011910,-0.02129501,2026-03-22,2026-08-05,112,5695,2177,137,0.817518,0.739886,0.767145,0.349328,,,,,,,,GLOBAL_BASELINE_NO_ENTITY_RANKING,,,NOT_APPLICABLE_GLOBAL_BASELINE,HF9g-P5,,,,X 全窗基线 · 不参与实体赏罚,14196141,1420,A168_HF9F_20260827_0900,2026-08-27 09:00:00
2026-05-30,110249610,919,0,2.7873476714,-2.7873476714,-2.7873476714,0E-7,1,1,0.49324550000000000,0.493245500000,-0.9865810262130424,-0.9865810262130424,-0.9865810262130424,0E-17,ELIGIBLE,R03b_20260811_FULL_v1,L1_ELIGIBILITY,v2026-08-11,2026-03-21..2026-08-06,baccarat_bet02_101_all_pairs_incl_sentinel,round_win = game_pnl > 0 (decisive only),COMPATIBILITY_ONLY_NOT_PRODUCTION,296357.1217,267511.9505,6650.6079,18220,18206,-0.02244119,-0.04150452,-0.02020951,-0.02244119,-6650.6079,296357.1217,OK,0.0000,266.0243,4.0000,96.0000,AG03-UNRESOLVED,ALL5_LEVELS_bet23_to_bet27,266.0243,266.0243,266.0243,332.5304,332.5304,4.000000,4.000000,4.000000,5.000000,5.000000,96.000000,96.000000,96.000000,95.000000,95.000000,5.0,1463.1337,1340.2688,5187.4742,5310.3391,PENDING_AG03,FALSE,NOT_FOR_ENFORCEMENT,6384.5836,256811.4724,6650.6079,6384.5836,266.0243,0.02244119,0.02154355,266.0243,6384.5836,0.02154355,266.0243,266.0243,266.0243,332.5304,332.5304,6384.5836,0.02154355,1463.1337,1340.2688,5187.4742,5310.3391,0.01750413,0.01791872,0.00089765,16.2655,14.6936,0.3653,59.3804,1.1678,2646.0457,162.5536,12.4780,16.8648,9.0895,16.5695,22.0926,29.825,33.4482,44.5976,11.8163,0.0,2.018664,2.691552,0.981654,30,240,141,4,0.10479828,0.02244119,0.04150452,0E-8,0.000000,0.902668,0.011910,-0.02129501,2026-03-22,2026-08-05,112,5695,2177,137,0.817518,0.739886,0.767145,0.349328,,,,,,,,GLOBAL_BASELINE_NO_ENTITY_RANKING,,,NOT_APPLICABLE_GLOBAL_BASELINE,HF9g-P5,,,,X 全窗基线 · 不参与实体赏罚,14196142,1420,A168_HF9F_20260827_0900,2026-08-27 09:00:00
2026-05-30,110249610,948,0,21.1838423030,-3.3448172058,-3.3448172058,0.5000000,4,4,0.49659680000000000,0.496596800000,0.013613115331600182,0.013613115331600183,0.013613115331600182,0E-17,ELIGIBLE,R03b_20260811_FULL_v1,L1_ELIGIBILITY,v2026-08-11,2026-03-21..2026-08-06,baccarat_bet02_101_all_pairs_incl_sentinel,round_win = game_pnl > 0 (decisive only),COMPATIBILITY_ONLY_NOT_PRODUCTION,296357.1217,267511.9505,6650.6079,18220,18206,-0.02244119,-0.04150452,-0.02020951,-0.02244119,-6650.6079,296357.1217,OK,0.0000,266.0243,4.0000,96.0000,AG03-UNRESOLVED,ALL5_LEVELS_bet23_to_bet27,266.0243,266.0243,266.0243,332.5304,332.5304,4.000000,4.000000,4.000000,5.000000,5.000000,96.000000,96.000000,96.000000,95.000000,95.000000,5.0,1463.1337,1340.2688,5187.4742,5310.3391,PENDING_AG03,FALSE,NOT_FOR_ENFORCEMENT,6384.5836,256811.4724,6650.6079,6384.5836,266.0243,0.02244119,0.02154355,266.0243,6384.5836,0.02154355,266.0243,266.0243,266.0243,332.5304,332.5304,6384.5836,0.02154355,1463.1337,1340.2688,5187.4742,5310.3391,0.01750413,0.01791872,0.00089765,16.2655,14.6936,0.3653,59.3804,1.1678,2646.0457,162.5536,12.4780,16.8648,9.0895,16.5695,22.0926,29.825,33.4482,44.5976,11.8163,0.0,2.018664,2.691552,0.981654,30,240,141,4,0.10479828,0.02244119,0.04150452,0E-8,0.000000,0.902668,0.011910,-0.02129501,2026-03-22,2026-08-05,112,5695,2177,137,0.817518,0.739886,0.767145,0.349328,,,,,,,,GLOBAL_BASELINE_NO_ENTITY_RANKING,,,NOT_APPLICABLE_GLOBAL_BASELINE,HF9g-P5,,,,X 全窗基线 · 不参与实体赏罚,14196143,1420,A168_HF9F_20260827_0900,2026-08-27 09:00:00
2026-05-31,110249610,-1,1,103.8008272847,-5.7586602891,-5.7586602891,0.5384615,15,15,0.50486334000000000,0.504863340000,0.24229151629837684,0.2422915162983769,0.24229151629837684,0E-17,SENTINEL_DEALER,R03b_20260811_FULL_v1,L1_ELIGIBILITY,v2026-08-11,2026-03-21..2026-08-06,baccarat_bet02_101_all_pairs_incl_sentinel,round_win = game_pnl > 0 (decisive only),COMPATIBILITY_ONLY_NOT_PRODUCTION,296357.1217,267511.9505,6650.6079,18220,18206,-0.02244119,-0.04150452,-0.02020951,-0.02244119,-6650.6079,296357.1217,OK,0.0000,266.0243,4.0000,96.0000,AG03-UNRESOLVED,ALL5_LEVELS_bet23_to_bet27,266.0243,266.0243,266.0243,332.5304,332.5304,4.000000,4.000000,4.000000,5.000000,5.000000,96.000000,96.000000,96.000000,95.000000,95.000000,5.0,1463.1337,1340.2688,5187.4742,5310.3391,PENDING_AG03,FALSE,NOT_FOR_ENFORCEMENT,6384.5836,256811.4724,6650.6079,6384.5836,266.0243,0.02244119,0.02154355,266.0243,6384.5836,0.02154355,266.0243,266.0243,266.0243,332.5304,332.5304,6384.5836,0.02154355,1463.1337,1340.2688,5187.4742,5310.3391,0.01750413,0.01791872,0.00089765,16.2655,14.6936,0.3653,59.3804,1.1678,2646.0457,162.5536,12.4780,16.8648,9.0895,16.5695,22.0926,29.825,33.4482,44.5976,11.8163,0.0,2.018664,2.691552,0.981654,30,240,141,4,0.10479828,0.02244119,0.04150452,0E-8,0.000000,0.902668,0.011910,-0.02129501,2026-03-22,2026-08-05,112,5695,2177,137,0.817518,0.739886,0.767145,0.349328,,,,,,,,GLOBAL_BASELINE_NO_ENTITY_RANKING,,,NOT_APPLICABLE_GLOBAL_BASELINE,HF9g-P5,,,,X 全窗基线 · 不参与实体赏罚,14196144,1420,A168_HF9F_20260827_0900,2026-08-27 09:00:00
2026-05-31,110249610,1382,0,4.4597562743,-4.4597562743,-4.4597562743,0E-7,1,1,0.49324550000000000,0.493245500000,-0.9865810262130424,-0.9865810262130424,-0.9865810262130424,0E-17,ELIGIBLE,R03b_20260811_FULL_v1,L1_ELIGIBILITY,v2026-08-11,2026-03-21..2026-08-06,baccarat_bet02_101_all_pairs_incl_sentinel,round_win = game_pnl > 0 (decisive only),COMPATIBILITY_ONLY_NOT_PRODUCTION,296357.1217,267511.9505,6650.6079,18220,18206,-0.02244119,-0.04150452,-0.02020951,-0.02244119,-6650.6079,296357.1217,OK,0.0000,266.0243,4.0000,96.0000,AG03-UNRESOLVED,ALL5_LEVELS_bet23_to_bet27,266.0243,266.0243,266.0243,332.5304,332.5304,4.000000,4.000000,4.000000,5.000000,5.000000,96.000000,96.000000,96.000000,95.000000,95.000000,5.0,1463.1337,1340.2688,5187.4742,5310.3391,PENDING_AG03,FALSE,NOT_FOR_ENFORCEMENT,6384.5836,256811.4724,6650.6079,6384.5836,266.0243,0.02244119,0.02154355,266.0243,6384.5836,0.02154355,266.0243,266.0243,266.0243,332.5304,332.5304,6384.5836,0.02154355,1463.1337,1340.2688,5187.4742,5310.3391,0.01750413,0.01791872,0.00089765,16.2655,14.6936,0.3653,59.3804,1.1678,2646.0457,162.5536,12.4780,16.8648,9.0895,16.5695,22.0926,29.825,33.4482,44.5976,11.8163,0.0,2.018664,2.691552,0.981654,30,240,141,4,0.10479828,0.02244119,0.04150452,0E-8,0.000000,0.902668,0.011910,-0.02129501,2026-03-22,2026-08-05,112,5695,2177,137,0.817518,0.739886,0.767145,0.349328,,,,,,,,GLOBAL_BASELINE_NO_ENTITY_RANKING,,,NOT_APPLICABLE_GLOBAL_BASELINE,HF9g-P5,,,,X 全窗基线 · 不参与实体赏罚,14196145,1420,A168_HF9F_20260827_0900,2026-08-27 09:00:00
2026-05-31,110249610,2169,0,21.1838423030,1.1149390686,1.1149390686,0.6666667,3,3,0.49324550000000000,0.493245500000,0.6008033672792107,0.6008033672792106,0.6008033672792107,0E-17,ELIGIBLE,R03b_20260811_FULL_v1,L1_ELIGIBILITY,v2026-08-11,2026-03-21..2026-08-06,baccarat_bet02_101_all_pairs_incl_sentinel,round_win = game_pnl > 0 (decisive only),COMPATIBILITY_ONLY_NOT_PRODUCTION,296357.1217,267511.9505,6650.6079,18220,18206,-0.02244119,-0.04150452,-0.02020951,-0.02244119,-6650.6079,296357.1217,OK,0.0000,266.0243,4.0000,96.0000,AG03-UNRESOLVED,ALL5_LEVELS_bet23_to_bet27,266.0243,266.0243,266.0243,332.5304,332.5304,4.000000,4.000000,4.000000,5.000000,5.000000,96.000000,96.000000,96.000000,95.000000,95.000000,5.0,1463.1337,1340.2688,5187.4742,5310.3391,PENDING_AG03,FALSE,NOT_FOR_ENFORCEMENT,6384.5836,256811.4724,6650.6079,6384.5836,266.0243,0.02244119,0.02154355,266.0243,6384.5836,0.02154355,266.0243,266.0243,266.0243,332.5304,332.5304,6384.5836,0.02154355,1463.1337,1340.2688,5187.4742,5310.3391,0.01750413,0.01791872,0.00089765,16.2655,14.6936,0.3653,59.3804,1.1678,2646.0457,162.5536,12.4780,16.8648,9.0895,16.5695,22.0926,29.825,33.4482,44.5976,11.8163,0.0,2.018664,2.691552,0.981654,30,240,141,4,0.10479828,0.02244119,0.04150452,0E-8,0.000000,0.902668,0.011910,-0.02129501,2026-03-22,2026-08-05,112,5695,2177,137,0.817518,0.739886,0.767145,0.349328,,,,,,,,GLOBAL_BASELINE_NO_ENTITY_RANKING,,,NOT_APPLICABLE_GLOBAL_BASELINE,HF9g-P5,,,,X 全窗基线 · 不参与实体赏罚,14196146,1420,A168_HF9F_20260827_0900,2026-08-27 09:00:00
2026-05-31,110249610,2175,0,10.3689333378,-1.0201692478,-1.0201692478,0.5000000,2,2,0.50665070000000000,0.506650700000,-0.018812684590367487,-0.018812684590367487,-0.018812684590367487,0E-17,ELIGIBLE,R03b_20260811_FULL_v1,L1_ELIGIBILITY,v2026-08-11,2026-03-21..2026-08-06,baccarat_bet02_101_all_pairs_incl_sentinel,round_win = game_pnl > 0 (decisive only),COMPATIBILITY_ONLY_NOT_PRODUCTION,296357.1217,267511.9505,6650.6079,18220,18206,-0.02244119,-0.04150452,-0.02020951,-0.02244119,-6650.6079,296357.1217,OK,0.0000,266.0243,4.0000,96.0000,AG03-UNRESOLVED,ALL5_LEVELS_bet23_to_bet27,266.0243,266.0243,266.0243,332.5304,332.5304,4.000000,4.000000,4.000000,5.000000,5.000000,96.000000,96.000000,96.000000,95.000000,95.000000,5.0,1463.1337,1340.2688,5187.4742,5310.3391,PENDING_AG03,FALSE,NOT_FOR_ENFORCEMENT,6384.5836,256811.4724,6650.6079,6384.5836,266.0243,0.02244119,0.02154355,266.0243,6384.5836,0.02154355,266.0243,266.0243,266.0243,332.5304,332.5304,6384.5836,0.02154355,1463.1337,1340.2688,5187.4742,5310.3391,0.01750413,0.01791872,0.00089765,16.2655,14.6936,0.3653,59.3804,1.1678,2646.0457,162.5536,12.4780,16.8648,9.0895,16.5695,22.0926,29.825,33.4482,44.5976,11.8163,0.0,2.018664,2.691552,0.981654,30,240,141,4,0.10479828,0.02244119,0.04150452,0E-8,0.000000,0.902668,0.011910,-0.02129501,2026-03-22,2026-08-05,112,5695,2177,137,0.817518,0.739886,0.767145,0.349328,,,,,,,,GLOBAL_BASELINE_NO_ENTITY_RANKING,,,NOT_APPLICABLE_GLOBAL_BASELINE,HF9g-P5,,,,X 全窗基线 · 不参与实体赏罚,14196147,1420,A168_HF9F_20260827_0900,2026-08-27 09:00:00
2026-05-31,110249610,2234,0,5.5746953429,-5.5746953429,-5.5746953429,0E-7,1,1,0.49324550000000000,0.493245500000,-0.9865810262130424,-0.9865810262130424,-0.9865810262130424,0E-17,ELIGIBLE,R03b_20260811_FULL_v1,L1_ELIGIBILITY,v2026-08-11,2026-03-21..2026-08-06,baccarat_bet02_101_all_pairs_incl_sentinel,round_win = game_pnl > 0 (decisive only),COMPATIBILITY_ONLY_NOT_PRODUCTION,296357.1217,267511.9505,6650.6079,18220,18206,-0.02244119,-0.04150452,-0.02020951,-0.02244119,-6650.6079,296357.1217,OK,0.0000,266.0243,4.0000,96.0000,AG03-UNRESOLVED,ALL5_LEVELS_bet23_to_bet27,266.0243,266.0243,266.0243,332.5304,332.5304,4.000000,4.000000,4.000000,5.000000,5.000000,96.000000,96.000000,96.000000,95.000000,95.000000,5.0,1463.1337,1340.2688,5187.4742,5310.3391,PENDING_AG03,FALSE,NOT_FOR_ENFORCEMENT,6384.5836,256811.4724,6650.6079,6384.5836,266.0243,0.02244119,0.02154355,266.0243,6384.5836,0.02154355,266.0243,266.0243,266.0243,332.5304,332.5304,6384.5836,0.02154355,1463.1337,1340.2688,5187.4742,5310.3391,0.01750413,0.01791872,0.00089765,16.2655,14.6936,0.3653,59.3804,1.1678,2646.0457,162.5536,12.4780,16.8648,9.0895,16.5695,22.0926,29.825,33.4482,44.5976,11.8163,0.0,2.018664,2.691552,0.981654,30,240,141,4,0.10479828,0.02244119,0.04150452,0E-8,0.000000,0.902668,0.011910,-0.02129501,2026-03-22,2026-08-05,112,5695,2177,137,0.817518,0.739886,0.767145,0.349328,,,,,,,,GLOBAL_BASELINE_NO_ENTITY_RANKING,,,NOT_APPLICABLE_GLOBAL_BASELINE,HF9g-P5,,,,X 全窗基线 · 不参与实体赏罚,14196148,1420,A168_HF9F_20260827_0900,2026-08-27 09:00:00
2026-05-31,110249610,2250,0,11.1493906858,-11.1493906858,-11.1493906858,0E-7,2,2,0.49994810000000000,0.499948100000,-1.4140667746232096,-1.4140667746232096,-1.4140667746232096,0E-17,ELIGIBLE,R03b_20260811_FULL_v1,L1_ELIGIBILITY,v2026-08-11,2026-03-21..2026-08-06,baccarat_bet02_101_all_pairs_incl_sentinel,round_win = game_pnl > 0 (decisive only),COMPATIBILITY_ONLY_NOT_PRODUCTION,296357.1217,267511.9505,6650.6079,18220,18206,-0.02244119,-0.04150452,-0.02020951,-0.02244119,-6650.6079,296357.1217,OK,0.0000,266.0243,4.0000,96.0000,AG03-UNRESOLVED,ALL5_LEVELS_bet23_to_bet27,266.0243,266.0243,266.0243,332.5304,332.5304,4.000000,4.000000,4.000000,5.000000,5.000000,96.000000,96.000000,96.000000,95.000000,95.000000,5.0,1463.1337,1340.2688,5187.4742,5310.3391,PENDING_AG03,FALSE,NOT_FOR_ENFORCEMENT,6384.5836,256811.4724,6650.6079,6384.5836,266.0243,0.02244119,0.02154355,266.0243,6384.5836,0.02154355,266.0243,266.0243,266.0243,332.5304,332.5304,6384.5836,0.02154355,1463.1337,1340.2688,5187.4742,5310.3391,0.01750413,0.01791872,0.00089765,16.2655,14.6936,0.3653,59.3804,1.1678,2646.0457,162.5536,12.4780,16.8648,9.0895,16.5695,22.0926,29.825,33.4482,44.5976,11.8163,0.0,2.018664,2.691552,0.981654,30,240,141,4,0.10479828,0.02244119,0.04150452,0E-8,0.000000,0.902668,0.011910,-0.02129501,2026-03-22,2026-08-05,112,5695,2177,137,0.817518,0.739886,0.767145,0.349328,,,,,,,,GLOBAL_BASELINE_NO_ENTITY_RANKING,,,NOT_APPLICABLE_GLOBAL_BASELINE,HF9g-P5,,,,X 全窗基线 · 不参与实体赏罚,14196149,1420,A168_HF9F_20260827_0900,2026-08-27 09:00:00
2026-05-31,110249610,595,0,3.7907928332,-3.7907928332,-3.7907928332,0E-7,1,1,0.49324550000000000,0.493245500000,-0.9865810262130424,-0.9865810262130424,-0.9865810262130424,0E-17,ELIGIBLE,R03b_20260811_FULL_v1,L1_ELIGIBILITY,v2026-08-11,2026-03-21..2026-08-06,baccarat_bet02_101_all_pairs_incl_sentinel,round_win = game_pnl > 0 (decisive only),COMPATIBILITY_ONLY_NOT_PRODUCTION,296357.1217,267511.9505,6650.6079,18220,18206,-0.02244119,-0.04150452,-0.02020951,-0.02244119,-6650.6079,296357.1217,OK,0.0000,266.0243,4.0000,96.0000,AG03-UNRESOLVED,ALL5_LEVELS_bet23_to_bet27,266.0243,266.0243,266.0243,332.5304,332.5304,4.000000,4.000000,4.000000,5.000000,5.000000,96.000000,96.000000,96.000000,95.000000,95.000000,5.0,1463.1337,1340.2688,5187.4742,5310.3391,PENDING_AG03,FALSE,NOT_FOR_ENFORCEMENT,6384.5836,256811.4724,6650.6079,6384.5836,266.0243,0.02244119,0.02154355,266.0243,6384.5836,0.02154355,266.0243,266.0243,266.0243,332.5304,332.5304,6384.5836,0.02154355,1463.1337,1340.2688,5187.4742,5310.3391,0.01750413,0.01791872,0.00089765,16.2655,14.6936,0.3653,59.3804,1.1678,2646.0457,162.5536,12.4780,16.8648,9.0895,16.5695,22.0926,29.825,33.4482,44.5976,11.8163,0.0,2.018664,2.691552,0.981654,30,240,141,4,0.10479828,0.02244119,0.04150452,0E-8,0.000000,0.902668,0.011910,-0.02129501,2026-03-22,2026-08-05,112,5695,2177,137,0.817518,0.739886,0.767145,0.349328,,,,,,,,GLOBAL_BASELINE_NO_ENTITY_RANKING,,,NOT_APPLICABLE_GLOBAL_BASELINE,HF9g-P5,,,,X 全窗基线 · 不参与实体赏罚,14196150,1420,A168_HF9F_20260827_0900,2026-08-27 09:00:00
2026-06-01,110249610,-1,1,31.9196944510,0.6053735156,0.6053735156,0.5833333,13,13,0.50149485384615385,0.501494853846,0.5669961519551939,0.5669961519562594,0.5669961519551939,1.5385E-13,SENTINEL_DEALER,R03b_20260811_FULL_v1,L1_ELIGIBILITY,v2026-08-11,2026-03-21..2026-08-06,baccarat_bet02_101_all_pairs_incl_sentinel,round_win = game_pnl > 0 (decisive only),COMPATIBILITY_ONLY_NOT_PRODUCTION,296357.1217,267511.9505,6650.6079,18220,18206,-0.02244119,-0.04150452,-0.02020951,-0.02244119,-6650.6079,296357.1217,OK,0.0000,266.0243,4.0000,96.0000,AG03-UNRESOLVED,ALL5_LEVELS_bet23_to_bet27,266.0243,266.0243,266.0243,332.5304,332.5304,4.000000,4.000000,4.000000,5.000000,5.000000,96.000000,96.000000,96.000000,95.000000,95.000000,5.0,1463.1337,1340.2688,5187.4742,5310.3391,PENDING_AG03,FALSE,NOT_FOR_ENFORCEMENT,6384.5836,256811.4724,6650.6079,6384.5836,266.0243,0.02244119,0.02154355,266.0243,6384.5836,0.02154355,266.0243,266.0243,266.0243,332.5304,332.5304,6384.5836,0.02154355,1463.1337,1340.2688,5187.4742,5310.3391,0.01750413,0.01791872,0.00089765,16.2655,14.6936,0.3653,59.3804,1.1678,2646.0457,162.5536,12.4780,16.8648,9.0895,16.5695,22.0926,29.825,33.4482,44.5976,11.8163,0.0,2.018664,2.691552,0.981654,30,240,141,4,0.10479828,0.02244119,0.04150452,0E-8,0.000000,0.902668,0.011910,-0.02129501,2026-03-22,2026-08-05,112,5695,2177,137,0.817518,0.739886,0.767145,0.349328,,,,,,,,GLOBAL_BASELINE_NO_ENTITY_RANKING,,,NOT_APPLICABLE_GLOBAL_BASELINE,HF9g-P5,,,,X 全窗基线 · 不参与实体赏罚,14196151,1420,A168_HF9F_20260827_0900,2026-08-27 09:00:00
2026-06-01,110249610,1017,0,38.5237691655,-38.5237691655,-38.5237691655,0E-7,2,2,0.49324550000000000,0.493245500000,-1.3952362676504506,-1.3952362676504506,-1.3952362676504506,0E-17,ELIGIBLE,R03b_20260811_FULL_v1,L1_ELIGIBILITY,v2026-08-11,2026-03-21..2026-08-06,baccarat_bet02_101_all_pairs_incl_sentinel,round_win = game_pnl > 0 (decisive only),COMPATIBILITY_ONLY_NOT_PRODUCTION,296357.1217,267511.9505,6650.6079,18220,18206,-0.02244119,-0.04150452,-0.02020951,-0.02244119,-6650.6079,296357.1217,OK,0.0000,266.0243,4.0000,96.0000,AG03-UNRESOLVED,ALL5_LEVELS_bet23_to_bet27,266.0243,266.0243,266.0243,332.5304,332.5304,4.000000,4.000000,4.000000,5.000000,5.000000,96.000000,96.000000,96.000000,95.000000,95.000000,5.0,1463.1337,1340.2688,5187.4742,5310.3391,PENDING_AG03,FALSE,NOT_FOR_ENFORCEMENT,6384.5836,256811.4724,6650.6079,6384.5836,266.0243,0.02244119,0.02154355,266.0243,6384.5836,0.02154355,266.0243,266.0243,266.0243,332.5304,332.5304,6384.5836,0.02154355,1463.1337,1340.2688,5187.4742,5310.3391,0.01750413,0.01791872,0.00089765,16.2655,14.6936,0.3653,59.3804,1.1678,2646.0457,162.5536,12.4780,16.8648,9.0895,16.5695,22.0926,29.825,33.4482,44.5976,11.8163,0.0,2.018664,2.691552,0.981654,30,240,141,4,0.10479828,0.02244119,0.04150452,0E-8,0.000000,0.902668,0.011910,-0.02129501,2026-03-22,2026-08-05,112,5695,2177,137,0.817518,0.739886,0.767145,0.349328,,,,,,,,GLOBAL_BASELINE_NO_ENTITY_RANKING,,,NOT_APPLICABLE_GLOBAL_BASELINE,HF9g-P5,,,,X 全窗基线 · 不参与实体赏罚,14196152,1420,A168_HF9F_20260827_0900,2026-08-27 09:00:00
2026-06-01,110249610,1318,0,12.5477419568,-4.1825806522,-4.1825806522,0.3333333,3,3,0.49324550000000000,0.493245500000,-0.5540025479526107,-0.5540025479526106,-0.5540025479526107,0E-17,ELIGIBLE,R03b_20260811_FULL_v1,L1_ELIGIBILITY,v2026-08-11,2026-03-21..2026-08-06,baccarat_bet02_101_all_pairs_incl_sentinel,round_win = game_pnl > 0 (decisive only),COMPATIBILITY_ONLY_NOT_PRODUCTION,296357.1217,267511.9505,6650.6079,18220,18206,-0.02244119,-0.04150452,-0.02020951,-0.02244119,-6650.6079,296357.1217,OK,0.0000,266.0243,4.0000,96.0000,AG03-UNRESOLVED,ALL5_LEVELS_bet23_to_bet27,266.0243,266.0243,266.0243,332.5304,332.5304,4.000000,4.000000,4.000000,5.000000,5.000000,96.000000,96.000000,96.000000,95.000000,95.000000,5.0,1463.1337,1340.2688,5187.4742,5310.3391,PENDING_AG03,FALSE,NOT_FOR_ENFORCEMENT,6384.5836,256811.4724,6650.6079,6384.5836,266.0243,0.02244119,0.02154355,266.0243,6384.5836,0.02154355,266.0243,266.0243,266.0243,332.5304,332.5304,6384.5836,0.02154355,1463.1337,1340.2688,5187.4742,5310.3391,0.01750413,0.01791872,0.00089765,16.2655,14.6936,0.3653,59.3804,1.1678,2646.0457,162.5536,12.4780,16.8648,9.0895,16.5695,22.0926,29.825,33.4482,44.5976,11.8163,0.0,2.018664,2.691552,0.981654,30,240,141,4,0.10479828,0.02244119,0.04150452,0E-8,0.000000,0.902668,0.011910,-0.02129501,2026-03-22,2026-08-05,112,5695,2177,137,0.817518,0.739886,0.767145,0.349328,,,,,,,,GLOBAL_BASELINE_NO_ENTITY_RANKING,,,NOT_APPLICABLE_GLOBAL_BASELINE,HF9g-P5,,,,X 全窗基线 · 不参与实体赏罚,14196153,1420,A168_HF9F_20260827_0900,2026-08-27 09:00:00
2026-06-01,110249610,1353,0,9.9061120712,1.1006791190,1.1006791190,0.6666667,3,3,0.49324550000000000,0.493245500000,0.6008033672792107,0.6008033672792106,0.6008033672792107,0E-17,ELIGIBLE,R03b_20260811_FULL_v1,L1_ELIGIBILITY,v2026-08-11,2026-03-21..2026-08-06,baccarat_bet02_101_all_pairs_incl_sentinel,round_win = game_pnl > 0 (decisive only),COMPATIBILITY_ONLY_NOT_PRODUCTION,296357.1217,267511.9505,6650.6079,18220,18206,-0.02244119,-0.04150452,-0.02020951,-0.02244119,-6650.6079,296357.1217,OK,0.0000,266.0243,4.0000,96.0000,AG03-UNRESOLVED,ALL5_LEVELS_bet23_to_bet27,266.0243,266.0243,266.0243,332.5304,332.5304,4.000000,4.000000,4.000000,5.000000,5.000000,96.000000,96.000000,96.000000,95.000000,95.000000,5.0,1463.1337,1340.2688,5187.4742,5310.3391,PENDING_AG03,FALSE,NOT_FOR_ENFORCEMENT,6384.5836,256811.4724,6650.6079,6384.5836,266.0243,0.02244119,0.02154355,266.0243,6384.5836,0.02154355,266.0243,266.0243,266.0243,332.5304,332.5304,6384.5836,0.02154355,1463.1337,1340.2688,5187.4742,5310.3391,0.01750413,0.01791872,0.00089765,16.2655,14.6936,0.3653,59.3804,1.1678,2646.0457,162.5536,12.4780,16.8648,9.0895,16.5695,22.0926,29.825,33.4482,44.5976,11.8163,0.0,2.018664,2.691552,0.981654,30,240,141,4,0.10479828,0.02244119,0.04150452,0E-8,0.000000,0.902668,0.011910,-0.02129501,2026-03-22,2026-08-05,112,5695,2177,137,0.817518,0.739886,0.767145,0.349328,,,,,,,,GLOBAL_BASELINE_NO_ENTITY_RANKING,,,NOT_APPLICABLE_GLOBAL_BASELINE,HF9g-P5,,,,X 全窗基线 · 不参与实体赏罚,14196154,1420,A168_HF9F_20260827_0900,2026-08-27 09:00:00
2026-06-01,110249610,1396,0,2.2013582380,-2.2013582380,-2.2013582380,0E-7,1,1,0.49324550000000000,0.493245500000,-0.9865810262130424,-0.9865810262130424,-0.9865810262130424,0E-17,ELIGIBLE,R03b_20260811_FULL_v1,L1_ELIGIBILITY,v2026-08-11,2026-03-21..2026-08-06,baccarat_bet02_101_all_pairs_incl_sentinel,round_win = game_pnl > 0 (decisive only),COMPATIBILITY_ONLY_NOT_PRODUCTION,296357.1217,267511.9505,6650.6079,18220,18206,-0.02244119,-0.04150452,-0.02020951,-0.02244119,-6650.6079,296357.1217,OK,0.0000,266.0243,4.0000,96.0000,AG03-UNRESOLVED,ALL5_LEVELS_bet23_to_bet27,266.0243,266.0243,266.0243,332.5304,332.5304,4.000000,4.000000,4.000000,5.000000,5.000000,96.000000,96.000000,96.000000,95.000000,95.000000,5.0,1463.1337,1340.2688,5187.4742,5310.3391,PENDING_AG03,FALSE,NOT_FOR_ENFORCEMENT,6384.5836,256811.4724,6650.6079,6384.5836,266.0243,0.02244119,0.02154355,266.0243,6384.5836,0.02154355,266.0243,266.0243,266.0243,332.5304,332.5304,6384.5836,0.02154355,1463.1337,1340.2688,5187.4742,5310.3391,0.01750413,0.01791872,0.00089765,16.2655,14.6936,0.3653,59.3804,1.1678,2646.0457,162.5536,12.4780,16.8648,9.0895,16.5695,22.0926,29.825,33.4482,44.5976,11.8163,0.0,2.018664,2.691552,0.981654,30,240,141,4,0.10479828,0.02244119,0.04150452,0E-8,0.000000,0.902668,0.011910,-0.02129501,2026-03-22,2026-08-05,112,5695,2177,137,0.817518,0.739886,0.767145,0.349328,,,,,,,,GLOBAL_BASELINE_NO_ENTITY_RANKING,,,NOT_APPLICABLE_GLOBAL_BASELINE,HF9g-P5,,,,X 全窗基线 · 不参与实体赏罚,14196155,1420,A168_HF9F_20260827_0900,2026-08-27 09:00:00
2026-06-01,110249610,1399,0,5.5033955950,1.1006791190,1.1006791190,0.6666667,3,3,0.49324550000000000,0.493245500000,0.6008033672792107,0.6008033672792106,0.6008033672792107,0E-17,ELIGIBLE,R03b_20260811_FULL_v1,L1_ELIGIBILITY,v2026-08-11,2026-03-21..2026-08-06,baccarat_bet02_101_all_pairs_incl_sentinel,round_win = game_pnl > 0 (decisive only),COMPATIBILITY_ONLY_NOT_PRODUCTION,296357.1217,267511.9505,6650.6079,18220,18206,-0.02244119,-0.04150452,-0.02020951,-0.02244119,-6650.6079,296357.1217,OK,0.0000,266.0243,4.0000,96.0000,AG03-UNRESOLVED,ALL5_LEVELS_bet23_to_bet27,266.0243,266.0243,266.0243,332.5304,332.5304,4.000000,4.000000,4.000000,5.000000,5.000000,96.000000,96.000000,96.000000,95.000000,95.000000,5.0,1463.1337,1340.2688,5187.4742,5310.3391,PENDING_AG03,FALSE,NOT_FOR_ENFORCEMENT,6384.5836,256811.4724,6650.6079,6384.5836,266.0243,0.02244119,0.02154355,266.0243,6384.5836,0.02154355,266.0243,266.0243,266.0243,332.5304,332.5304,6384.5836,0.02154355,1463.1337,1340.2688,5187.4742,5310.3391,0.01750413,0.01791872,0.00089765,16.2655,14.6936,0.3653,59.3804,1.1678,2646.0457,162.5536,12.4780,16.8648,9.0895,16.5695,22.0926,29.825,33.4482,44.5976,11.8163,0.0,2.018664,2.691552,0.981654,30,240,141,4,0.10479828,0.02244119,0.04150452,0E-8,0.000000,0.902668,0.011910,-0.02129501,2026-03-22,2026-08-05,112,5695,2177,137,0.817518,0.739886,0.767145,0.349328,,,,,,,,GLOBAL_BASELINE_NO_ENTITY_RANKING,,,NOT_APPLICABLE_GLOBAL_BASELINE,HF9g-P5,,,,X 全窗基线 · 不参与实体赏罚,14196156,1420,A168_HF9F_20260827_0900,2026-08-27 09:00:00
2026-06-01,110249610,1505,0,2.2013582380,-2.2013582380,-2.2013582380,0E-7,1,1,0.49324550000000000,0.493245500000,-0.9865810262130424,-0.9865810262130424,-0.9865810262130424,0E-17,ELIGIBLE,R03b_20260811_FULL_v1,L1_ELIGIBILITY,v2026-08-11,2026-03-21..2026-08-06,baccarat_bet02_101_all_pairs_incl_sentinel,round_win = game_pnl > 0 (decisive only),COMPATIBILITY_ONLY_NOT_PRODUCTION,296357.1217,267511.9505,6650.6079,18220,18206,-0.02244119,-0.04150452,-0.02020951,-0.02244119,-6650.6079,296357.1217,OK,0.0000,266.0243,4.0000,96.0000,AG03-UNRESOLVED,ALL5_LEVELS_bet23_to_bet27,266.0243,266.0243,266.0243,332.5304,332.5304,4.000000,4.000000,4.000000,5.000000,5.000000,96.000000,96.000000,96.000000,95.000000,95.000000,5.0,1463.1337,1340.2688,5187.4742,5310.3391,PENDING_AG03,FALSE,NOT_FOR_ENFORCEMENT,6384.5836,256811.4724,6650.6079,6384.5836,266.0243,0.02244119,0.02154355,266.0243,6384.5836,0.02154355,266.0243,266.0243,266.0243,332.5304,332.5304,6384.5836,0.02154355,1463.1337,1340.2688,5187.4742,5310.3391,0.01750413,0.01791872,0.00089765,16.2655,14.6936,0.3653,59.3804,1.1678,2646.0457,162.5536,12.4780,16.8648,9.0895,16.5695,22.0926,29.825,33.4482,44.5976,11.8163,0.0,2.018664,2.691552,0.981654,30,240,141,4,0.10479828,0.02244119,0.04150452,0E-8,0.000000,0.902668,0.011910,-0.02129501,2026-03-22,2026-08-05,112,5695,2177,137,0.817518,0.739886,0.767145,0.349328,,,,,,,,GLOBAL_BASELINE_NO_ENTITY_RANKING,,,NOT_APPLICABLE_GLOBAL_BASELINE,HF9g-P5,,,,X 全窗基线 · 不参与实体赏罚,14196157,1420,A168_HF9F_20260827_0900,2026-08-27 09:00:00
2026-06-01,110249610,1507,0,53.9332768318,51.2366129902,51.2366129902,1.0000000,2,2,0.50665070000000000,0.506650700000,1.3955260008387969,1.3955260008387969,1.3955260008387969,0E-17,ELIGIBLE,R03b_20260811_FULL_v1,L1_ELIGIBILITY,v2026-08-11,2026-03-21..2026-08-06,baccarat_bet02_101_all_pairs_incl_sentinel,round_win = game_pnl > 0 (decisive only),COMPATIBILITY_ONLY_NOT_PRODUCTION,296357.1217,267511.9505,6650.6079,18220,18206,-0.02244119,-0.04150452,-0.02020951,-0.02244119,-6650.6079,296357.1217,OK,0.0000,266.0243,4.0000,96.0000,AG03-UNRESOLVED,ALL5_LEVELS_bet23_to_bet27,266.0243,266.0243,266.0243,332.5304,332.5304,4.000000,4.000000,4.000000,5.000000,5.000000,96.000000,96.000000,96.000000,95.000000,95.000000,5.0,1463.1337,1340.2688,5187.4742,5310.3391,PENDING_AG03,FALSE,NOT_FOR_ENFORCEMENT,6384.5836,256811.4724,6650.6079,6384.5836,266.0243,0.02244119,0.02154355,266.0243,6384.5836,0.02154355,266.0243,266.0243,266.0243,332.5304,332.5304,6384.5836,0.02154355,1463.1337,1340.2688,5187.4742,5310.3391,0.01750413,0.01791872,0.00089765,16.2655,14.6936,0.3653,59.3804,1.1678,2646.0457,162.5536,12.4780,16.8648,9.0895,16.5695,22.0926,29.825,33.4482,44.5976,11.8163,0.0,2.018664,2.691552,0.981654,30,240,141,4,0.10479828,0.02244119,0.04150452,0E-8,0.000000,0.902668,0.011910,-0.02129501,2026-03-22,2026-08-05,112,5695,2177,137,0.817518,0.739886,0.767145,0.349328,,,,,,,,GLOBAL_BASELINE_NO_ENTITY_RANKING,,,NOT_APPLICABLE_GLOBAL_BASELINE,HF9g-P5,,,,X 全窗基线 · 不参与实体赏罚,14196158,1420,A168_HF9F_20260827_0900,2026-08-27 09:00:00
2026-06-01,110249610,1623,0,11.0067911902,0E-10,0E-10,,1,1,0.49324550000000000,0.493245500000,,,,0E-17,NO_DECISIVE_ROUND,R03b_20260811_FULL_v1,L1_ELIGIBILITY,v2026-08-11,2026-03-21..2026-08-06,baccarat_bet02_101_all_pairs_incl_sentinel,round_win = game_pnl > 0 (decisive only),COMPATIBILITY_ONLY_NOT_PRODUCTION,296357.1217,267511.9505,6650.6079,18220,18206,-0.02244119,-0.04150452,-0.02020951,-0.02244119,-6650.6079,296357.1217,OK,0.0000,266.0243,4.0000,96.0000,AG03-UNRESOLVED,ALL5_LEVELS_bet23_to_bet27,266.0243,266.0243,266.0243,332.5304,332.5304,4.000000,4.000000,4.000000,5.000000,5.000000,96.000000,96.000000,96.000000,95.000000,95.000000,5.0,1463.1337,1340.2688,5187.4742,5310.3391,PENDING_AG03,FALSE,NOT_FOR_ENFORCEMENT,6384.5836,256811.4724,6650.6079,6384.5836,266.0243,0.02244119,0.02154355,266.0243,6384.5836,0.02154355,266.0243,266.0243,266.0243,332.5304,332.5304,6384.5836,0.02154355,1463.1337,1340.2688,5187.4742,5310.3391,0.01750413,0.01791872,0.00089765,16.2655,14.6936,0.3653,59.3804,1.1678,2646.0457,162.5536,12.4780,16.8648,9.0895,16.5695,22.0926,29.825,33.4482,44.5976,11.8163,0.0,2.018664,2.691552,0.981654,30,240,141,4,0.10479828,0.02244119,0.04150452,0E-8,0.000000,0.902668,0.011910,-0.02129501,2026-03-22,2026-08-05,112,5695,2177,137,0.817518,0.739886,0.767145,0.349328,,,,,,,,GLOBAL_BASELINE_NO_ENTITY_RANKING,,,NOT_APPLICABLE_GLOBAL_BASELINE,HF9g-P5,,,,X 全窗基线 · 不参与实体赏罚,14196159,1420,A168_HF9F_20260827_0900,2026-08-27 09:00:00
2026-06-01,110249610,1942,0,8.9155008640,-8.9155008640,-8.9155008640,0E-7,1,1,0.49324550000000000,0.493245500000,-0.9865810262130424,-0.9865810262130424,-0.9865810262130424,0E-17,ELIGIBLE,R03b_20260811_FULL_v1,L1_ELIGIBILITY,v2026-08-11,2026-03-21..2026-08-06,baccarat_bet02_101_all_pairs_incl_sentinel,round_win = game_pnl > 0 (decisive only),COMPATIBILITY_ONLY_NOT_PRODUCTION,296357.1217,267511.9505,6650.6079,18220,18206,-0.02244119,-0.04150452,-0.02020951,-0.02244119,-6650.6079,296357.1217,OK,0.0000,266.0243,4.0000,96.0000,AG03-UNRESOLVED,ALL5_LEVELS_bet23_to_bet27,266.0243,266.0243,266.0243,332.5304,332.5304,4.000000,4.000000,4.000000,5.000000,5.000000,96.000000,96.000000,96.000000,95.000000,95.000000,5.0,1463.1337,1340.2688,5187.4742,5310.3391,PENDING_AG03,FALSE,NOT_FOR_ENFORCEMENT,6384.5836,256811.4724,6650.6079,6384.5836,266.0243,0.02244119,0.02154355,266.0243,6384.5836,0.02154355,266.0243,266.0243,266.0243,332.5304,332.5304,6384.5836,0.02154355,1463.1337,1340.2688,5187.4742,5310.3391,0.01750413,0.01791872,0.00089765,16.2655,14.6936,0.3653,59.3804,1.1678,2646.0457,162.5536,12.4780,16.8648,9.0895,16.5695,22.0926,29.825,33.4482,44.5976,11.8163,0.0,2.018664,2.691552,0.981654,30,240,141,4,0.10479828,0.02244119,0.04150452,0E-8,0.000000,0.902668,0.011910,-0.02129501,2026-03-22,2026-08-05,112,5695,2177,137,0.817518,0.739886,0.767145,0.349328,,,,,,,,GLOBAL_BASELINE_NO_ENTITY_RANKING,,,NOT_APPLICABLE_GLOBAL_BASELINE,HF9g-P5,,,,X 全窗基线 · 不参与实体赏罚,14196160,1420,A168_HF9F_20260827_0900,2026-08-27 09:00:00
2026-06-01,110249610,1963,0,12.4376740447,-7.3745500973,-7.3745500973,0.2000000,5,5,0.49592654000000000,0.495926540000,-1.323467641100715,-1.323467641100715,-1.323467641100715,0E-17,ELIGIBLE,R03b_20260811_FULL_v1,L1_ELIGIBILITY,v2026-08-11,2026-03-21..2026-08-06,baccarat_bet02_101_all_pairs_incl_sentinel,round_win = game_pnl > 0 (decisive only),COMPATIBILITY_ONLY_NOT_PRODUCTION,296357.1217,267511.9505,6650.6079,18220,18206,-0.02244119,-0.04150452,-0.02020951,-0.02244119,-6650.6079,296357.1217,OK,0.0000,266.0243,4.0000,96.0000,AG03-UNRESOLVED,ALL5_LEVELS_bet23_to_bet27,266.0243,266.0243,266.0243,332.5304,332.5304,4.000000,4.000000,4.000000,5.000000,5.000000,96.000000,96.000000,96.000000,95.000000,95.000000,5.0,1463.1337,1340.2688,5187.4742,5310.3391,PENDING_AG03,FALSE,NOT_FOR_ENFORCEMENT,6384.5836,256811.4724,6650.6079,6384.5836,266.0243,0.02244119,0.02154355,266.0243,6384.5836,0.02154355,266.0243,266.0243,266.0243,332.5304,332.5304,6384.5836,0.02154355,1463.1337,1340.2688,5187.4742,5310.3391,0.01750413,0.01791872,0.00089765,16.2655,14.6936,0.3653,59.3804,1.1678,2646.0457,162.5536,12.4780,16.8648,9.0895,16.5695,22.0926,29.825,33.4482,44.5976,11.8163,0.0,2.018664,2.691552,0.981654,30,240,141,4,0.10479828,0.02244119,0.04150452,0E-8,0.000000,0.902668,0.011910,-0.02129501,2026-03-22,2026-08-05,112,5695,2177,137,0.817518,0.739886,0.767145,0.349328,,,,,,,,GLOBAL_BASELINE_NO_ENTITY_RANKING,,,NOT_APPLICABLE_GLOBAL_BASELINE,HF9g-P5,,,,X 全窗基线 · 不参与实体赏罚,14196161,1420,A168_HF9F_20260827_0900,2026-08-27 09:00:00
2026-06-01,110249610,2089,0,94.6584042354,-37.7808107603,-37.7808107603,0.3333333,3,3,0.50665070000000000,0.506650700000,-0.6004420894325239,-0.6004420894325239,-0.6004420894325239,0E-17,ELIGIBLE,R03b_20260811_FULL_v1,L1_ELIGIBILITY,v2026-08-11,2026-03-21..2026-08-06,baccarat_bet02_101_all_pairs_incl_sentinel,round_win = game_pnl > 0 (decisive only),COMPATIBILITY_ONLY_NOT_PRODUCTION,296357.1217,267511.9505,6650.6079,18220,18206,-0.02244119,-0.04150452,-0.02020951,-0.02244119,-6650.6079,296357.1217,OK,0.0000,266.0243,4.0000,96.0000,AG03-UNRESOLVED,ALL5_LEVELS_bet23_to_bet27,266.0243,266.0243,266.0243,332.5304,332.5304,4.000000,4.000000,4.000000,5.000000,5.000000,96.000000,96.000000,96.000000,95.000000,95.000000,5.0,1463.1337,1340.2688,5187.4742,5310.3391,PENDING_AG03,FALSE,NOT_FOR_ENFORCEMENT,6384.5836,256811.4724,6650.6079,6384.5836,266.0243,0.02244119,0.02154355,266.0243,6384.5836,0.02154355,266.0243,266.0243,266.0243,332.5304,332.5304,6384.5836,0.02154355,1463.1337,1340.2688,5187.4742,5310.3391,0.01750413,0.01791872,0.00089765,16.2655,14.6936,0.3653,59.3804,1.1678,2646.0457,162.5536,12.4780,16.8648,9.0895,16.5695,22.0926,29.825,33.4482,44.5976,11.8163,0.0,2.018664,2.691552,0.981654,30,240,141,4,0.10479828,0.02244119,0.04150452,0E-8,0.000000,0.902668,0.011910,-0.02129501,2026-03-22,2026-08-05,112,5695,2177,137,0.817518,0.739886,0.767145,0.349328,,,,,,,,GLOBAL_BASELINE_NO_ENTITY_RANKING,,,NOT_APPLICABLE_GLOBAL_BASELINE,HF9g-P5,,,,X 全窗基线 · 不参与实体赏罚,14196162,1420,A168_HF9F_20260827_0900,2026-08-27 09:00:00
2026-06-01,110249610,2127,0,2.2013582380,-2.2013582380,-2.2013582380,0E-7,1,1,0.50665070000000000,0.506650700000,-1.013391052207602,-1.013391052207602,-1.013391052207602,0E-17,ELIGIBLE,R03b_20260811_FULL_v1,L1_ELIGIBILITY,v2026-08-11,2026-03-21..2026-08-06,baccarat_bet02_101_all_pairs_incl_sentinel,round_win = game_pnl > 0 (decisive only),COMPATIBILITY_ONLY_NOT_PRODUCTION,296357.1217,267511.9505,6650.6079,18220,18206,-0.02244119,-0.04150452,-0.02020951,-0.02244119,-6650.6079,296357.1217,OK,0.0000,266.0243,4.0000,96.0000,AG03-UNRESOLVED,ALL5_LEVELS_bet23_to_bet27,266.0243,266.0243,266.0243,332.5304,332.5304,4.000000,4.000000,4.000000,5.000000,5.000000,96.000000,96.000000,96.000000,95.000000,95.000000,5.0,1463.1337,1340.2688,5187.4742,5310.3391,PENDING_AG03,FALSE,NOT_FOR_ENFORCEMENT,6384.5836,256811.4724,6650.6079,6384.5836,266.0243,0.02244119,0.02154355,266.0243,6384.5836,0.02154355,266.0243,266.0243,266.0243,332.5304,332.5304,6384.5836,0.02154355,1463.1337,1340.2688,5187.4742,5310.3391,0.01750413,0.01791872,0.00089765,16.2655,14.6936,0.3653,59.3804,1.1678,2646.0457,162.5536,12.4780,16.8648,9.0895,16.5695,22.0926,29.825,33.4482,44.5976,11.8163,0.0,2.018664,2.691552,0.981654,30,240,141,4,0.10479828,0.02244119,0.04150452,0E-8,0.000000,0.902668,0.011910,-0.02129501,2026-03-22,2026-08-05,112,5695,2177,137,0.817518,0.739886,0.767145,0.349328,,,,,,,,GLOBAL_BASELINE_NO_ENTITY_RANKING,,,NOT_APPLICABLE_GLOBAL_BASELINE,HF9g-P5,,,,X 全窗基线 · 不参与实体赏罚,14196163,1420,A168_HF9F_20260827_0900,2026-08-27 09:00:00
2026-06-01,110249610,2169,0,2.8617657094,-2.8617657094,-2.8617657094,0E-7,1,1,0.49324550000000000,0.493245500000,-0.9865810262130424,-0.9865810262130424,-0.9865810262130424,0E-17,ELIGIBLE,R03b_20260811_FULL_v1,L1_ELIGIBILITY,v2026-08-11,2026-03-21..2026-08-06,baccarat_bet02_101_all_pairs_incl_sentinel,round_win = game_pnl > 0 (decisive only),COMPATIBILITY_ONLY_NOT_PRODUCTION,296357.1217,267511.9505,6650.6079,18220,18206,-0.02244119,-0.04150452,-0.02020951,-0.02244119,-6650.6079,296357.1217,OK,0.0000,266.0243,4.0000,96.0000,AG03-UNRESOLVED,ALL5_LEVELS_bet23_to_bet27,266.0243,266.0243,266.0243,332.5304,332.5304,4.000000,4.000000,4.000000,5.000000,5.000000,96.000000,96.000000,96.000000,95.000000,95.000000,5.0,1463.1337,1340.2688,5187.4742,5310.3391,PENDING_AG03,FALSE,NOT_FOR_ENFORCEMENT,6384.5836,256811.4724,6650.6079,6384.5836,266.0243,0.02244119,0.02154355,266.0243,6384.5836,0.02154355,266.0243,266.0243,266.0243,332.5304,332.5304,6384.5836,0.02154355,1463.1337,1340.2688,5187.4742,5310.3391,0.01750413,0.01791872,0.00089765,16.2655,14.6936,0.3653,59.3804,1.1678,2646.0457,162.5536,12.4780,16.8648,9.0895,16.5695,22.0926,29.825,33.4482,44.5976,11.8163,0.0,2.018664,2.691552,0.981654,30,240,141,4,0.10479828,0.02244119,0.04150452,0E-8,0.000000,0.902668,0.011910,-0.02129501,2026-03-22,2026-08-05,112,5695,2177,137,0.817518,0.739886,0.767145,0.349328,,,,,,,,GLOBAL_BASELINE_NO_ENTITY_RANKING,,,NOT_APPLICABLE_GLOBAL_BASELINE,HF9g-P5,,,,X 全窗基线 · 不参与实体赏罚,14196164,1420,A168_HF9F_20260827_0900,2026-08-27 09:00:00
2026-06-01,110249610,2171,0,3.3020373570,-3.3020373570,-3.3020373570,0E-7,1,1,0.49324550000000000,0.493245500000,-0.9865810262130424,-0.9865810262130424,-0.9865810262130424,0E-17,ELIGIBLE,R03b_20260811_FULL_v1,L1_ELIGIBILITY,v2026-08-11,2026-03-21..2026-08-06,baccarat_bet02_101_all_pairs_incl_sentinel,round_win = game_pnl > 0 (decisive only),COMPATIBILITY_ONLY_NOT_PRODUCTION,296357.1217,267511.9505,6650.6079,18220,18206,-0.02244119,-0.04150452,-0.02020951,-0.02244119,-6650.6079,296357.1217,OK,0.0000,266.0243,4.0000,96.0000,AG03-UNRESOLVED,ALL5_LEVELS_bet23_to_bet27,266.0243,266.0243,266.0243,332.5304,332.5304,4.000000,4.000000,4.000000,5.000000,5.000000,96.000000,96.000000,96.000000,95.000000,95.000000,5.0,1463.1337,1340.2688,5187.4742,5310.3391,PENDING_AG03,FALSE,NOT_FOR_ENFORCEMENT,6384.5836,256811.4724,6650.6079,6384.5836,266.0243,0.02244119,0.02154355,266.0243,6384.5836,0.02154355,266.0243,266.0243,266.0243,332.5304,332.5304,6384.5836,0.02154355,1463.1337,1340.2688,5187.4742,5310.3391,0.01750413,0.01791872,0.00089765,16.2655,14.6936,0.3653,59.3804,1.1678,2646.0457,162.5536,12.4780,16.8648,9.0895,16.5695,22.0926,29.825,33.4482,44.5976,11.8163,0.0,2.018664,2.691552,0.981654,30,240,141,4,0.10479828,0.02244119,0.04150452,0E-8,0.000000,0.902668,0.011910,-0.02129501,2026-03-22,2026-08-05,112,5695,2177,137,0.817518,0.739886,0.767145,0.349328,,,,,,,,GLOBAL_BASELINE_NO_ENTITY_RANKING,,,NOT_APPLICABLE_GLOBAL_BASELINE,HF9g-P5,,,,X 全窗基线 · 不参与实体赏罚,14196165,1420,A168_HF9F_20260827_0900,2026-08-27 09:00:00
2026-06-01,110249610,2205,0,8.8054329522,-0.2201358238,-0.2201358238,0.5000000,2,2,0.50665070000000000,0.506650700000,-0.018812684590367487,-0.018812684590367487,-0.018812684590367487,0E-17,ELIGIBLE,R03b_20260811_FULL_v1,L1_ELIGIBILITY,v2026-08-11,2026-03-21..2026-08-06,baccarat_bet02_101_all_pairs_incl_sentinel,round_win = game_pnl > 0 (decisive only),COMPATIBILITY_ONLY_NOT_PRODUCTION,296357.1217,267511.9505,6650.6079,18220,18206,-0.02244119,-0.04150452,-0.02020951,-0.02244119,-6650.6079,296357.1217,OK,0.0000,266.0243,4.0000,96.0000,AG03-UNRESOLVED,ALL5_LEVELS_bet23_to_bet27,266.0243,266.0243,266.0243,332.5304,332.5304,4.000000,4.000000,4.000000,5.000000,5.000000,96.000000,96.000000,96.000000,95.000000,95.000000,5.0,1463.1337,1340.2688,5187.4742,5310.3391,PENDING_AG03,FALSE,NOT_FOR_ENFORCEMENT,6384.5836,256811.4724,6650.6079,6384.5836,266.0243,0.02244119,0.02154355,266.0243,6384.5836,0.02154355,266.0243,266.0243,266.0243,332.5304,332.5304,6384.5836,0.02154355,1463.1337,1340.2688,5187.4742,5310.3391,0.01750413,0.01791872,0.00089765,16.2655,14.6936,0.3653,59.3804,1.1678,2646.0457,162.5536,12.4780,16.8648,9.0895,16.5695,22.0926,29.825,33.4482,44.5976,11.8163,0.0,2.018664,2.691552,0.981654,30,240,141,4,0.10479828,0.02244119,0.04150452,0E-8,0.000000,0.902668,0.011910,-0.02129501,2026-03-22,2026-08-05,112,5695,2177,137,0.817518,0.739886,0.767145,0.349328,,,,,,,,GLOBAL_BASELINE_NO_ENTITY_RANKING,,,NOT_APPLICABLE_GLOBAL_BASELINE,HF9g-P5,,,,X 全窗基线 · 不参与实体赏罚,14196166,1420,A168_HF9F_20260827_0900,2026-08-27 09:00:00
2026-06-01,110249610,2209,0,24.6552122660,11.4470628378,11.4470628378,0.8333333,7,6,0.46999355000035209,0.458367575000,1.7832081964441808,1.8433506795782442,1.7832081964441808,0.01162597500035209,ELIGIBLE,R03b_20260811_FULL_v1,L1_ELIGIBILITY,v2026-08-11,2026-03-21..2026-08-06,baccarat_bet02_101_all_pairs_incl_sentinel,round_win = game_pnl > 0 (decisive only),COMPATIBILITY_ONLY_NOT_PRODUCTION,296357.1217,267511.9505,6650.6079,18220,18206,-0.02244119,-0.04150452,-0.02020951,-0.02244119,-6650.6079,296357.1217,OK,0.0000,266.0243,4.0000,96.0000,AG03-UNRESOLVED,ALL5_LEVELS_bet23_to_bet27,266.0243,266.0243,266.0243,332.5304,332.5304,4.000000,4.000000,4.000000,5.000000,5.000000,96.000000,96.000000,96.000000,95.000000,95.000000,5.0,1463.1337,1340.2688,5187.4742,5310.3391,PENDING_AG03,FALSE,NOT_FOR_ENFORCEMENT,6384.5836,256811.4724,6650.6079,6384.5836,266.0243,0.02244119,0.02154355,266.0243,6384.5836,0.02154355,266.0243,266.0243,266.0243,332.5304,332.5304,6384.5836,0.02154355,1463.1337,1340.2688,5187.4742,5310.3391,0.01750413,0.01791872,0.00089765,16.2655,14.6936,0.3653,59.3804,1.1678,2646.0457,162.5536,12.4780,16.8648,9.0895,16.5695,22.0926,29.825,33.4482,44.5976,11.8163,0.0,2.018664,2.691552,0.981654,30,240,141,4,0.10479828,0.02244119,0.04150452,0E-8,0.000000,0.902668,0.011910,-0.02129501,2026-03-22,2026-08-05,112,5695,2177,137,0.817518,0.739886,0.767145,0.349328,,,,,,,,GLOBAL_BASELINE_NO_ENTITY_RANKING,,,NOT_APPLICABLE_GLOBAL_BASELINE,HF9g-P5,,,,X 全窗基线 · 不参与实体赏罚,14196167,1420,A168_HF9F_20260827_0900,2026-08-27 09:00:00
2026-06-01,110249610,2218,0,1.1006791190,-1.1006791190,-1.1006791190,0E-7,1,1,0.49324550000000000,0.493245500000,-0.9865810262130424,-0.9865810262130424,-0.9865810262130424,0E-17,ELIGIBLE,R03b_20260811_FULL_v1,L1_ELIGIBILITY,v2026-08-11,2026-03-21..2026-08-06,baccarat_bet02_101_all_pairs_incl_sentinel,round_win = game_pnl > 0 (decisive only),COMPATIBILITY_ONLY_NOT_PRODUCTION,296357.1217,267511.9505,6650.6079,18220,18206,-0.02244119,-0.04150452,-0.02020951,-0.02244119,-6650.6079,296357.1217,OK,0.0000,266.0243,4.0000,96.0000,AG03-UNRESOLVED,ALL5_LEVELS_bet23_to_bet27,266.0243,266.0243,266.0243,332.5304,332.5304,4.000000,4.000000,4.000000,5.000000,5.000000,96.000000,96.000000,96.000000,95.000000,95.000000,5.0,1463.1337,1340.2688,5187.4742,5310.3391,PENDING_AG03,FALSE,NOT_FOR_ENFORCEMENT,6384.5836,256811.4724,6650.6079,6384.5836,266.0243,0.02244119,0.02154355,266.0243,6384.5836,0.02154355,266.0243,266.0243,266.0243,332.5304,332.5304,6384.5836,0.02154355,1463.1337,1340.2688,5187.4742,5310.3391,0.01750413,0.01791872,0.00089765,16.2655,14.6936,0.3653,59.3804,1.1678,2646.0457,162.5536,12.4780,16.8648,9.0895,16.5695,22.0926,29.825,33.4482,44.5976,11.8163,0.0,2.018664,2.691552,0.981654,30,240,141,4,0.10479828,0.02244119,0.04150452,0E-8,0.000000,0.902668,0.011910,-0.02129501,2026-03-22,2026-08-05,112,5695,2177,137,0.817518,0.739886,0.767145,0.349328,,,,,,,,GLOBAL_BASELINE_NO_ENTITY_RANKING,,,NOT_APPLICABLE_GLOBAL_BASELINE,HF9g-P5,,,,X 全窗基线 · 不参与实体赏罚,14196168,1420,A168_HF9F_20260827_0900,2026-08-27 09:00:00
2026-06-01,110249610,2223,0,2.2013582380,-2.2013582380,-2.2013582380,0E-7,1,1,0.50665070000000000,0.506650700000,-1.013391052207602,-1.013391052207602,-1.013391052207602,0E-17,ELIGIBLE,R03b_20260811_FULL_v1,L1_ELIGIBILITY,v2026-08-11,2026-03-21..2026-08-06,baccarat_bet02_101_all_pairs_incl_sentinel,round_win = game_pnl > 0 (decisive only),COMPATIBILITY_ONLY_NOT_PRODUCTION,296357.1217,267511.9505,6650.6079,18220,18206,-0.02244119,-0.04150452,-0.02020951,-0.02244119,-6650.6079,296357.1217,OK,0.0000,266.0243,4.0000,96.0000,AG03-UNRESOLVED,ALL5_LEVELS_bet23_to_bet27,266.0243,266.0243,266.0243,332.5304,332.5304,4.000000,4.000000,4.000000,5.000000,5.000000,96.000000,96.000000,96.000000,95.000000,95.000000,5.0,1463.1337,1340.2688,5187.4742,5310.3391,PENDING_AG03,FALSE,NOT_FOR_ENFORCEMENT,6384.5836,256811.4724,6650.6079,6384.5836,266.0243,0.02244119,0.02154355,266.0243,6384.5836,0.02154355,266.0243,266.0243,266.0243,332.5304,332.5304,6384.5836,0.02154355,1463.1337,1340.2688,5187.4742,5310.3391,0.01750413,0.01791872,0.00089765,16.2655,14.6936,0.3653,59.3804,1.1678,2646.0457,162.5536,12.4780,16.8648,9.0895,16.5695,22.0926,29.825,33.4482,44.5976,11.8163,0.0,2.018664,2.691552,0.981654,30,240,141,4,0.10479828,0.02244119,0.04150452,0E-8,0.000000,0.902668,0.011910,-0.02129501,2026-03-22,2026-08-05,112,5695,2177,137,0.817518,0.739886,0.767145,0.349328,,,,,,,,GLOBAL_BASELINE_NO_ENTITY_RANKING,,,NOT_APPLICABLE_GLOBAL_BASELINE,HF9g-P5,,,,X 全窗基线 · 不参与实体赏罚,14196169,1420,A168_HF9F_20260827_0900,2026-08-27 09:00:00
2026-06-01,110249610,2233,0,7.7047538331,-5.5584295510,-5.5584295510,0.3333333,3,3,0.50665070000000000,0.506650700000,-0.6004420894325239,-0.6004420894325239,-0.6004420894325239,0E-17,ELIGIBLE,R03b_20260811_FULL_v1,L1_ELIGIBILITY,v2026-08-11,2026-03-21..2026-08-06,baccarat_bet02_101_all_pairs_incl_sentinel,round_win = game_pnl > 0 (decisive only),COMPATIBILITY_ONLY_NOT_PRODUCTION,296357.1217,267511.9505,6650.6079,18220,18206,-0.02244119,-0.04150452,-0.02020951,-0.02244119,-6650.6079,296357.1217,OK,0.0000,266.0243,4.0000,96.0000,AG03-UNRESOLVED,ALL5_LEVELS_bet23_to_bet27,266.0243,266.0243,266.0243,332.5304,332.5304,4.000000,4.000000,4.000000,5.000000,5.000000,96.000000,96.000000,96.000000,95.000000,95.000000,5.0,1463.1337,1340.2688,5187.4742,5310.3391,PENDING_AG03,FALSE,NOT_FOR_ENFORCEMENT,6384.5836,256811.4724,6650.6079,6384.5836,266.0243,0.02244119,0.02154355,266.0243,6384.5836,0.02154355,266.0243,266.0243,266.0243,332.5304,332.5304,6384.5836,0.02154355,1463.1337,1340.2688,5187.4742,5310.3391,0.01750413,0.01791872,0.00089765,16.2655,14.6936,0.3653,59.3804,1.1678,2646.0457,162.5536,12.4780,16.8648,9.0895,16.5695,22.0926,29.825,33.4482,44.5976,11.8163,0.0,2.018664,2.691552,0.981654,30,240,141,4,0.10479828,0.02244119,0.04150452,0E-8,0.000000,0.902668,0.011910,-0.02129501,2026-03-22,2026-08-05,112,5695,2177,137,0.817518,0.739886,0.767145,0.349328,,,,,,,,GLOBAL_BASELINE_NO_ENTITY_RANKING,,,NOT_APPLICABLE_GLOBAL_BASELINE,HF9g-P5,,,,X 全窗基线 · 不参与实体赏罚,14196170,1420,A168_HF9F_20260827_0900,2026-08-27 09:00:00
2026-06-01,110249610,2234,0,69.3427844980,3.6322410927,3.6322410927,0.6666667,3,3,0.50665070000000000,0.506650700000,0.5543606114942035,0.5543606114942035,0.5543606114942035,0E-17,ELIGIBLE,R03b_20260811_FULL_v1,L1_ELIGIBILITY,v2026-08-11,2026-03-21..2026-08-06,baccarat_bet02_101_all_pairs_incl_sentinel,round_win = game_pnl > 0 (decisive only),COMPATIBILITY_ONLY_NOT_PRODUCTION,296357.1217,267511.9505,6650.6079,18220,18206,-0.02244119,-0.04150452,-0.02020951,-0.02244119,-6650.6079,296357.1217,OK,0.0000,266.0243,4.0000,96.0000,AG03-UNRESOLVED,ALL5_LEVELS_bet23_to_bet27,266.0243,266.0243,266.0243,332.5304,332.5304,4.000000,4.000000,4.000000,5.000000,5.000000,96.000000,96.000000,96.000000,95.000000,95.000000,5.0,1463.1337,1340.2688,5187.4742,5310.3391,PENDING_AG03,FALSE,NOT_FOR_ENFORCEMENT,6384.5836,256811.4724,6650.6079,6384.5836,266.0243,0.02244119,0.02154355,266.0243,6384.5836,0.02154355,266.0243,266.0243,266.0243,332.5304,332.5304,6384.5836,0.02154355,1463.1337,1340.2688,5187.4742,5310.3391,0.01750413,0.01791872,0.00089765,16.2655,14.6936,0.3653,59.3804,1.1678,2646.0457,162.5536,12.4780,16.8648,9.0895,16.5695,22.0926,29.825,33.4482,44.5976,11.8163,0.0,2.018664,2.691552,0.981654,30,240,141,4,0.10479828,0.02244119,0.04150452,0E-8,0.000000,0.902668,0.011910,-0.02129501,2026-03-22,2026-08-05,112,5695,2177,137,0.817518,0.739886,0.767145,0.349328,,,,,,,,GLOBAL_BASELINE_NO_ENTITY_RANKING,,,NOT_APPLICABLE_GLOBAL_BASELINE,HF9g-P5,,,,X 全窗基线 · 不参与实体赏罚,14196171,1420,A168_HF9F_20260827_0900,2026-08-27 09:00:00
2026-06-01,110249610,2235,0,121.0747030917,22.0135823803,22.0135823803,0.6000000,5,5,0.49324550000000000,0.493245500000,0.47746420675292983,0.47746420675292983,0.47746420675292983,0E-17,ELIGIBLE,R03b_20260811_FULL_v1,L1_ELIGIBILITY,v2026-08-11,2026-03-21..2026-08-06,baccarat_bet02_101_all_pairs_incl_sentinel,round_win = game_pnl > 0 (decisive only),COMPATIBILITY_ONLY_NOT_PRODUCTION,296357.1217,267511.9505,6650.6079,18220,18206,-0.02244119,-0.04150452,-0.02020951,-0.02244119,-6650.6079,296357.1217,OK,0.0000,266.0243,4.0000,96.0000,AG03-UNRESOLVED,ALL5_LEVELS_bet23_to_bet27,266.0243,266.0243,266.0243,332.5304,332.5304,4.000000,4.000000,4.000000,5.000000,5.000000,96.000000,96.000000,96.000000,95.000000,95.000000,5.0,1463.1337,1340.2688,5187.4742,5310.3391,PENDING_AG03,FALSE,NOT_FOR_ENFORCEMENT,6384.5836,256811.4724,6650.6079,6384.5836,266.0243,0.02244119,0.02154355,266.0243,6384.5836,0.02154355,266.0243,266.0243,266.0243,332.5304,332.5304,6384.5836,0.02154355,1463.1337,1340.2688,5187.4742,5310.3391,0.01750413,0.01791872,0.00089765,16.2655,14.6936,0.3653,59.3804,1.1678,2646.0457,162.5536,12.4780,16.8648,9.0895,16.5695,22.0926,29.825,33.4482,44.5976,11.8163,0.0,2.018664,2.691552,0.981654,30,240,141,4,0.10479828,0.02244119,0.04150452,0E-8,0.000000,0.902668,0.011910,-0.02129501,2026-03-22,2026-08-05,112,5695,2177,137,0.817518,0.739886,0.767145,0.349328,,,,,,,,GLOBAL_BASELINE_NO_ENTITY_RANKING,,,NOT_APPLICABLE_GLOBAL_BASELINE,HF9g-P5,,,,X 全窗基线 · 不参与实体赏罚,14196172,1420,A168_HF9F_20260827_0900,2026-08-27 09:00:00
2026-06-01,110249610,2244,0,33.0203735704,-33.0203735704,-33.0203735704,0E-7,2,2,0.49324550000000000,0.493245500000,-1.3952362676504506,-1.3952362676504506,-1.3952362676504506,0E-17,ELIGIBLE,R03b_20260811_FULL_v1,L1_ELIGIBILITY,v2026-08-11,2026-03-21..2026-08-06,baccarat_bet02_101_all_pairs_incl_sentinel,round_win = game_pnl > 0 (decisive only),COMPATIBILITY_ONLY_NOT_PRODUCTION,296357.1217,267511.9505,6650.6079,18220,18206,-0.02244119,-0.04150452,-0.02020951,-0.02244119,-6650.6079,296357.1217,OK,0.0000,266.0243,4.0000,96.0000,AG03-UNRESOLVED,ALL5_LEVELS_bet23_to_bet27,266.0243,266.0243,266.0243,332.5304,332.5304,4.000000,4.000000,4.000000,5.000000,5.000000,96.000000,96.000000,96.000000,95.000000,95.000000,5.0,1463.1337,1340.2688,5187.4742,5310.3391,PENDING_AG03,FALSE,NOT_FOR_ENFORCEMENT,6384.5836,256811.4724,6650.6079,6384.5836,266.0243,0.02244119,0.02154355,266.0243,6384.5836,0.02154355,266.0243,266.0243,266.0243,332.5304,332.5304,6384.5836,0.02154355,1463.1337,1340.2688,5187.4742,5310.3391,0.01750413,0.01791872,0.00089765,16.2655,14.6936,0.3653,59.3804,1.1678,2646.0457,162.5536,12.4780,16.8648,9.0895,16.5695,22.0926,29.825,33.4482,44.5976,11.8163,0.0,2.018664,2.691552,0.981654,30,240,141,4,0.10479828,0.02244119,0.04150452,0E-8,0.000000,0.902668,0.011910,-0.02129501,2026-03-22,2026-08-05,112,5695,2177,137,0.817518,0.739886,0.767145,0.349328,,,,,,,,GLOBAL_BASELINE_NO_ENTITY_RANKING,,,NOT_APPLICABLE_GLOBAL_BASELINE,HF9g-P5,,,,X 全窗基线 · 不参与实体赏罚,14196173,1420,A168_HF9F_20260827_0900,2026-08-27 09:00:00
2026-06-01,110249610,2252,0,16.5101867852,16.5101867852,16.5101867852,1.0000000,1,1,0.49324550000000000,0.493245500000,1.01360149184955,1.01360149184955,1.01360149184955,0E-17,ELIGIBLE,R03b_20260811_FULL_v1,L1_ELIGIBILITY,v2026-08-11,2026-03-21..2026-08-06,baccarat_bet02_101_all_pairs_incl_sentinel,round_win = game_pnl > 0 (decisive only),COMPATIBILITY_ONLY_NOT_PRODUCTION,296357.1217,267511.9505,6650.6079,18220,18206,-0.02244119,-0.04150452,-0.02020951,-0.02244119,-6650.6079,296357.1217,OK,0.0000,266.0243,4.0000,96.0000,AG03-UNRESOLVED,ALL5_LEVELS_bet23_to_bet27,266.0243,266.0243,266.0243,332.5304,332.5304,4.000000,4.000000,4.000000,5.000000,5.000000,96.000000,96.000000,96.000000,95.000000,95.000000,5.0,1463.1337,1340.2688,5187.4742,5310.3391,PENDING_AG03,FALSE,NOT_FOR_ENFORCEMENT,6384.5836,256811.4724,6650.6079,6384.5836,266.0243,0.02244119,0.02154355,266.0243,6384.5836,0.02154355,266.0243,266.0243,266.0243,332.5304,332.5304,6384.5836,0.02154355,1463.1337,1340.2688,5187.4742,5310.3391,0.01750413,0.01791872,0.00089765,16.2655,14.6936,0.3653,59.3804,1.1678,2646.0457,162.5536,12.4780,16.8648,9.0895,16.5695,22.0926,29.825,33.4482,44.5976,11.8163,0.0,2.018664,2.691552,0.981654,30,240,141,4,0.10479828,0.02244119,0.04150452,0E-8,0.000000,0.902668,0.011910,-0.02129501,2026-03-22,2026-08-05,112,5695,2177,137,0.817518,0.739886,0.767145,0.349328,,,,,,,,GLOBAL_BASELINE_NO_ENTITY_RANKING,,,NOT_APPLICABLE_GLOBAL_BASELINE,HF9g-P5,,,,X 全窗基线 · 不参与实体赏罚,14196174,1420,A168_HF9F_20260827_0900,2026-08-27 09:00:00
2026-06-01,110249610,2256,0,3.3020373570,-3.3020373570,-3.3020373570,0E-7,1,1,0.50665070000000000,0.506650700000,-1.013391052207602,-1.013391052207602,-1.013391052207602,0E-17,ELIGIBLE,R03b_20260811_FULL_v1,L1_ELIGIBILITY,v2026-08-11,2026-03-21..2026-08-06,baccarat_bet02_101_all_pairs_incl_sentinel,round_win = game_pnl > 0 (decisive only),COMPATIBILITY_ONLY_NOT_PRODUCTION,296357.1217,267511.9505,6650.6079,18220,18206,-0.02244119,-0.04150452,-0.02020951,-0.02244119,-6650.6079,296357.1217,OK,0.0000,266.0243,4.0000,96.0000,AG03-UNRESOLVED,ALL5_LEVELS_bet23_to_bet27,266.0243,266.0243,266.0243,332.5304,332.5304,4.000000,4.000000,4.000000,5.000000,5.000000,96.000000,96.000000,96.000000,95.000000,95.000000,5.0,1463.1337,1340.2688,5187.4742,5310.3391,PENDING_AG03,FALSE,NOT_FOR_ENFORCEMENT,6384.5836,256811.4724,6650.6079,6384.5836,266.0243,0.02244119,0.02154355,266.0243,6384.5836,0.02154355,266.0243,266.0243,266.0243,332.5304,332.5304,6384.5836,0.02154355,1463.1337,1340.2688,5187.4742,5310.3391,0.01750413,0.01791872,0.00089765,16.2655,14.6936,0.3653,59.3804,1.1678,2646.0457,162.5536,12.4780,16.8648,9.0895,16.5695,22.0926,29.825,33.4482,44.5976,11.8163,0.0,2.018664,2.691552,0.981654,30,240,141,4,0.10479828,0.02244119,0.04150452,0E-8,0.000000,0.902668,0.011910,-0.02129501,2026-03-22,2026-08-05,112,5695,2177,137,0.817518,0.739886,0.767145,0.349328,,,,,,,,GLOBAL_BASELINE_NO_ENTITY_RANKING,,,NOT_APPLICABLE_GLOBAL_BASELINE,HF9g-P5,,,,X 全窗基线 · 不参与实体赏罚,14196175,1420,A168_HF9F_20260827_0900,2026-08-27 09:00:00
2026-06-01,110249610,2258,0,3.4121052689,-0.9906112071,-0.9906112071,0.5000000,2,2,0.49324550000000000,0.493245500000,0.01910635448239258,0.01910635448239258,0.01910635448239258,0E-17,ELIGIBLE,R03b_20260811_FULL_v1,L1_ELIGIBILITY,v2026-08-11,2026-03-21..2026-08-06,baccarat_bet02_101_all_pairs_incl_sentinel,round_win = game_pnl > 0 (decisive only),COMPATIBILITY_ONLY_NOT_PRODUCTION,296357.1217,267511.9505,6650.6079,18220,18206,-0.02244119,-0.04150452,-0.02020951,-0.02244119,-6650.6079,296357.1217,OK,0.0000,266.0243,4.0000,96.0000,AG03-UNRESOLVED,ALL5_LEVELS_bet23_to_bet27,266.0243,266.0243,266.0243,332.5304,332.5304,4.000000,4.000000,4.000000,5.000000,5.000000,96.000000,96.000000,96.000000,95.000000,95.000000,5.0,1463.1337,1340.2688,5187.4742,5310.3391,PENDING_AG03,FALSE,NOT_FOR_ENFORCEMENT,6384.5836,256811.4724,6650.6079,6384.5836,266.0243,0.02244119,0.02154355,266.0243,6384.5836,0.02154355,266.0243,266.0243,266.0243,332.5304,332.5304,6384.5836,0.02154355,1463.1337,1340.2688,5187.4742,5310.3391,0.01750413,0.01791872,0.00089765,16.2655,14.6936,0.3653,59.3804,1.1678,2646.0457,162.5536,12.4780,16.8648,9.0895,16.5695,22.0926,29.825,33.4482,44.5976,11.8163,0.0,2.018664,2.691552,0.981654,30,240,141,4,0.10479828,0.02244119,0.04150452,0E-8,0.000000,0.902668,0.011910,-0.02129501,2026-03-22,2026-08-05,112,5695,2177,137,0.817518,0.739886,0.767145,0.349328,,,,,,,,GLOBAL_BASELINE_NO_ENTITY_RANKING,,,NOT_APPLICABLE_GLOBAL_BASELINE,HF9g-P5,,,,X 全窗基线 · 不参与实体赏罚,14196176,1420,A168_HF9F_20260827_0900,2026-08-27 09:00:00
2026-06-01,110249610,526,0,16.5101867852,-16.5101867852,-16.5101867852,0E-7,1,1,0.49324550000000000,0.493245500000,-0.9865810262130424,-0.9865810262130424,-0.9865810262130424,0E-17,ELIGIBLE,R03b_20260811_FULL_v1,L1_ELIGIBILITY,v2026-08-11,2026-03-21..2026-08-06,baccarat_bet02_101_all_pairs_incl_sentinel,round_win = game_pnl > 0 (decisive only),COMPATIBILITY_ONLY_NOT_PRODUCTION,296357.1217,267511.9505,6650.6079,18220,18206,-0.02244119,-0.04150452,-0.02020951,-0.02244119,-6650.6079,296357.1217,OK,0.0000,266.0243,4.0000,96.0000,AG03-UNRESOLVED,ALL5_LEVELS_bet23_to_bet27,266.0243,266.0243,266.0243,332.5304,332.5304,4.000000,4.000000,4.000000,5.000000,5.000000,96.000000,96.000000,96.000000,95.000000,95.000000,5.0,1463.1337,1340.2688,5187.4742,5310.3391,PENDING_AG03,FALSE,NOT_FOR_ENFORCEMENT,6384.5836,256811.4724,6650.6079,6384.5836,266.0243,0.02244119,0.02154355,266.0243,6384.5836,0.02154355,266.0243,266.0243,266.0243,332.5304,332.5304,6384.5836,0.02154355,1463.1337,1340.2688,5187.4742,5310.3391,0.01750413,0.01791872,0.00089765,16.2655,14.6936,0.3653,59.3804,1.1678,2646.0457,162.5536,12.4780,16.8648,9.0895,16.5695,22.0926,29.825,33.4482,44.5976,11.8163,0.0,2.018664,2.691552,0.981654,30,240,141,4,0.10479828,0.02244119,0.04150452,0E-8,0.000000,0.902668,0.011910,-0.02129501,2026-03-22,2026-08-05,112,5695,2177,137,0.817518,0.739886,0.767145,0.349328,,,,,,,,GLOBAL_BASELINE_NO_ENTITY_RANKING,,,NOT_APPLICABLE_GLOBAL_BASELINE,HF9g-P5,,,,X 全窗基线 · 不参与实体赏罚,14196177,1420,A168_HF9F_20260827_0900,2026-08-27 09:00:00
2026-06-01,110249610,583,0,27.5169779754,-27.5169779754,-27.5169779754,0E-7,1,1,0.49324550000000000,0.493245500000,-0.9865810262130424,-0.9865810262130424,-0.9865810262130424,0E-17,ELIGIBLE,R03b_20260811_FULL_v1,L1_ELIGIBILITY,v2026-08-11,2026-03-21..2026-08-06,baccarat_bet02_101_all_pairs_incl_sentinel,round_win = game_pnl > 0 (decisive only),COMPATIBILITY_ONLY_NOT_PRODUCTION,296357.1217,267511.9505,6650.6079,18220,18206,-0.02244119,-0.04150452,-0.02020951,-0.02244119,-6650.6079,296357.1217,OK,0.0000,266.0243,4.0000,96.0000,AG03-UNRESOLVED,ALL5_LEVELS_bet23_to_bet27,266.0243,266.0243,266.0243,332.5304,332.5304,4.000000,4.000000,4.000000,5.000000,5.000000,96.000000,96.000000,96.000000,95.000000,95.000000,5.0,1463.1337,1340.2688,5187.4742,5310.3391,PENDING_AG03,FALSE,NOT_FOR_ENFORCEMENT,6384.5836,256811.4724,6650.6079,6384.5836,266.0243,0.02244119,0.02154355,266.0243,6384.5836,0.02154355,266.0243,266.0243,266.0243,332.5304,332.5304,6384.5836,0.02154355,1463.1337,1340.2688,5187.4742,5310.3391,0.01750413,0.01791872,0.00089765,16.2655,14.6936,0.3653,59.3804,1.1678,2646.0457,162.5536,12.4780,16.8648,9.0895,16.5695,22.0926,29.825,33.4482,44.5976,11.8163,0.0,2.018664,2.691552,0.981654,30,240,141,4,0.10479828,0.02244119,0.04150452,0E-8,0.000000,0.902668,0.011910,-0.02129501,2026-03-22,2026-08-05,112,5695,2177,137,0.817518,0.739886,0.767145,0.349328,,,,,,,,GLOBAL_BASELINE_NO_ENTITY_RANKING,,,NOT_APPLICABLE_GLOBAL_BASELINE,HF9g-P5,,,,X 全窗基线 · 不参与实体赏罚,14196178,1420,A168_HF9F_20260827_0900,2026-08-27 09:00:00
2026-06-01,110249610,595,0,33.0203735705,-11.5571307496,-11.5571307496,0.5000000,2,2,0.50665070000000000,0.506650700000,-0.018812684590367487,-0.018812684590367487,-0.018812684590367487,0E-17,ELIGIBLE,R03b_20260811_FULL_v1,L1_ELIGIBILITY,v2026-08-11,2026-03-21..2026-08-06,baccarat_bet02_101_all_pairs_incl_sentinel,round_win = game_pnl > 0 (decisive only),COMPATIBILITY_ONLY_NOT_PRODUCTION,296357.1217,267511.9505,6650.6079,18220,18206,-0.02244119,-0.04150452,-0.02020951,-0.02244119,-6650.6079,296357.1217,OK,0.0000,266.0243,4.0000,96.0000,AG03-UNRESOLVED,ALL5_LEVELS_bet23_to_bet27,266.0243,266.0243,266.0243,332.5304,332.5304,4.000000,4.000000,4.000000,5.000000,5.000000,96.000000,96.000000,96.000000,95.000000,95.000000,5.0,1463.1337,1340.2688,5187.4742,5310.3391,PENDING_AG03,FALSE,NOT_FOR_ENFORCEMENT,6384.5836,256811.4724,6650.6079,6384.5836,266.0243,0.02244119,0.02154355,266.0243,6384.5836,0.02154355,266.0243,266.0243,266.0243,332.5304,332.5304,6384.5836,0.02154355,1463.1337,1340.2688,5187.4742,5310.3391,0.01750413,0.01791872,0.00089765,16.2655,14.6936,0.3653,59.3804,1.1678,2646.0457,162.5536,12.4780,16.8648,9.0895,16.5695,22.0926,29.825,33.4482,44.5976,11.8163,0.0,2.018664,2.691552,0.981654,30,240,141,4,0.10479828,0.02244119,0.04150452,0E-8,0.000000,0.902668,0.011910,-0.02129501,2026-03-22,2026-08-05,112,5695,2177,137,0.817518,0.739886,0.767145,0.349328,,,,,,,,GLOBAL_BASELINE_NO_ENTITY_RANKING,,,NOT_APPLICABLE_GLOBAL_BASELINE,HF9g-P5,,,,X 全窗基线 · 不参与实体赏罚,14196179,1420,A168_HF9F_20260827_0900,2026-08-27 09:00:00
2026-06-01,110249610,763,0,1.1006791190,-1.1006791190,-1.1006791190,0E-7,1,1,0.49324550000000000,0.493245500000,-0.9865810262130424,-0.9865810262130424,-0.9865810262130424,0E-17,ELIGIBLE,R03b_20260811_FULL_v1,L1_ELIGIBILITY,v2026-08-11,2026-03-21..2026-08-06,baccarat_bet02_101_all_pairs_incl_sentinel,round_win = game_pnl > 0 (decisive only),COMPATIBILITY_ONLY_NOT_PRODUCTION,296357.1217,267511.9505,6650.6079,18220,18206,-0.02244119,-0.04150452,-0.02020951,-0.02244119,-6650.6079,296357.1217,OK,0.0000,266.0243,4.0000,96.0000,AG03-UNRESOLVED,ALL5_LEVELS_bet23_to_bet27,266.0243,266.0243,266.0243,332.5304,332.5304,4.000000,4.000000,4.000000,5.000000,5.000000,96.000000,96.000000,96.000000,95.000000,95.000000,5.0,1463.1337,1340.2688,5187.4742,5310.3391,PENDING_AG03,FALSE,NOT_FOR_ENFORCEMENT,6384.5836,256811.4724,6650.6079,6384.5836,266.0243,0.02244119,0.02154355,266.0243,6384.5836,0.02154355,266.0243,266.0243,266.0243,332.5304,332.5304,6384.5836,0.02154355,1463.1337,1340.2688,5187.4742,5310.3391,0.01750413,0.01791872,0.00089765,16.2655,14.6936,0.3653,59.3804,1.1678,2646.0457,162.5536,12.4780,16.8648,9.0895,16.5695,22.0926,29.825,33.4482,44.5976,11.8163,0.0,2.018664,2.691552,0.981654,30,240,141,4,0.10479828,0.02244119,0.04150452,0E-8,0.000000,0.902668,0.011910,-0.02129501,2026-03-22,2026-08-05,112,5695,2177,137,0.817518,0.739886,0.767145,0.349328,,,,,,,,GLOBAL_BASELINE_NO_ENTITY_RANKING,,,NOT_APPLICABLE_GLOBAL_BASELINE,HF9g-P5,,,,X 全窗基线 · 不参与实体赏罚,14196180,1420,A168_HF9F_20260827_0900,2026-08-27 09:00:00
2026-06-01,110249610,948,0,8.8054329521,-8.8054329521,-8.8054329521,0E-7,2,2,0.49994810000000000,0.499948100000,-1.4140667746232096,-1.4140667746232096,-1.4140667746232096,0E-17,ELIGIBLE,R03b_20260811_FULL_v1,L1_ELIGIBILITY,v2026-08-11,2026-03-21..2026-08-06,baccarat_bet02_101_all_pairs_incl_sentinel,round_win = game_pnl > 0 (decisive only),COMPATIBILITY_ONLY_NOT_PRODUCTION,296357.1217,267511.9505,6650.6079,18220,18206,-0.02244119,-0.04150452,-0.02020951,-0.02244119,-6650.6079,296357.1217,OK,0.0000,266.0243,4.0000,96.0000,AG03-UNRESOLVED,ALL5_LEVELS_bet23_to_bet27,266.0243,266.0243,266.0243,332.5304,332.5304,4.000000,4.000000,4.000000,5.000000,5.000000,96.000000,96.000000,96.000000,95.000000,95.000000,5.0,1463.1337,1340.2688,5187.4742,5310.3391,PENDING_AG03,FALSE,NOT_FOR_ENFORCEMENT,6384.5836,256811.4724,6650.6079,6384.5836,266.0243,0.02244119,0.02154355,266.0243,6384.5836,0.02154355,266.0243,266.0243,266.0243,332.5304,332.5304,6384.5836,0.02154355,1463.1337,1340.2688,5187.4742,5310.3391,0.01750413,0.01791872,0.00089765,16.2655,14.6936,0.3653,59.3804,1.1678,2646.0457,162.5536,12.4780,16.8648,9.0895,16.5695,22.0926,29.825,33.4482,44.5976,11.8163,0.0,2.018664,2.691552,0.981654,30,240,141,4,0.10479828,0.02244119,0.04150452,0E-8,0.000000,0.902668,0.011910,-0.02129501,2026-03-22,2026-08-05,112,5695,2177,137,0.817518,0.739886,0.767145,0.349328,,,,,,,,GLOBAL_BASELINE_NO_ENTITY_RANKING,,,NOT_APPLICABLE_GLOBAL_BASELINE,HF9g-P5,,,,X 全窗基线 · 不参与实体赏罚,14196181,1420,A168_HF9F_20260827_0900,2026-08-27 09:00:00
2026-06-02,110249610,1645,0,6.6040747140,-0.1100679119,-0.1100679119,0.5000000,3,3,0.50665070000000000,0.506650700000,-0.018812684590367487,-0.018812684590367487,-0.018812684590367487,0E-17,ELIGIBLE,R03b_20260811_FULL_v1,L1_ELIGIBILITY,v2026-08-11,2026-03-21..2026-08-06,baccarat_bet02_101_all_pairs_incl_sentinel,round_win = game_pnl > 0 (decisive only),COMPATIBILITY_ONLY_NOT_PRODUCTION,296357.1217,267511.9505,6650.6079,18220,18206,-0.02244119,-0.04150452,-0.02020951,-0.02244119,-6650.6079,296357.1217,OK,0.0000,266.0243,4.0000,96.0000,AG03-UNRESOLVED,ALL5_LEVELS_bet23_to_bet27,266.0243,266.0243,266.0243,332.5304,332.5304,4.000000,4.000000,4.000000,5.000000,5.000000,96.000000,96.000000,96.000000,95.000000,95.000000,5.0,1463.1337,1340.2688,5187.4742,5310.3391,PENDING_AG03,FALSE,NOT_FOR_ENFORCEMENT,6384.5836,256811.4724,6650.6079,6384.5836,266.0243,0.02244119,0.02154355,266.0243,6384.5836,0.02154355,266.0243,266.0243,266.0243,332.5304,332.5304,6384.5836,0.02154355,1463.1337,1340.2688,5187.4742,5310.3391,0.01750413,0.01791872,0.00089765,16.2655,14.6936,0.3653,59.3804,1.1678,2646.0457,162.5536,12.4780,16.8648,9.0895,16.5695,22.0926,29.825,33.4482,44.5976,11.8163,0.0,2.018664,2.691552,0.981654,30,240,141,4,0.10479828,0.02244119,0.04150452,0E-8,0.000000,0.902668,0.011910,-0.02129501,2026-03-22,2026-08-05,112,5695,2177,137,0.817518,0.739886,0.767145,0.349328,,,,,,,,GLOBAL_BASELINE_NO_ENTITY_RANKING,,,NOT_APPLICABLE_GLOBAL_BASELINE,HF9g-P5,,,,X 全窗基线 · 不参与实体赏罚,14196182,1420,A168_HF9F_20260827_0900,2026-08-27 09:00:00
2026-06-02,110249610,1966,0,6.4940068021,2.0912903261,2.0912903261,0.6666667,3,3,0.49324550000000000,0.493245500000,0.6008033672792107,0.6008033672792106,0.6008033672792107,0E-17,ELIGIBLE,R03b_20260811_FULL_v1,L1_ELIGIBILITY,v2026-08-11,2026-03-21..2026-08-06,baccarat_bet02_101_all_pairs_incl_sentinel,round_win = game_pnl > 0 (decisive only),COMPATIBILITY_ONLY_NOT_PRODUCTION,296357.1217,267511.9505,6650.6079,18220,18206,-0.02244119,-0.04150452,-0.02020951,-0.02244119,-6650.6079,296357.1217,OK,0.0000,266.0243,4.0000,96.0000,AG03-UNRESOLVED,ALL5_LEVELS_bet23_to_bet27,266.0243,266.0243,266.0243,332.5304,332.5304,4.000000,4.000000,4.000000,5.000000,5.000000,96.000000,96.000000,96.000000,95.000000,95.000000,5.0,1463.1337,1340.2688,5187.4742,5310.3391,PENDING_AG03,FALSE,NOT_FOR_ENFORCEMENT,6384.5836,256811.4724,6650.6079,6384.5836,266.0243,0.02244119,0.02154355,266.0243,6384.5836,0.02154355,266.0243,266.0243,266.0243,332.5304,332.5304,6384.5836,0.02154355,1463.1337,1340.2688,5187.4742,5310.3391,0.01750413,0.01791872,0.00089765,16.2655,14.6936,0.3653,59.3804,1.1678,2646.0457,162.5536,12.4780,16.8648,9.0895,16.5695,22.0926,29.825,33.4482,44.5976,11.8163,0.0,2.018664,2.691552,0.981654,30,240,141,4,0.10479828,0.02244119,0.04150452,0E-8,0.000000,0.902668,0.011910,-0.02129501,2026-03-22,2026-08-05,112,5695,2177,137,0.817518,0.739886,0.767145,0.349328,,,,,,,,GLOBAL_BASELINE_NO_ENTITY_RANKING,,,NOT_APPLICABLE_GLOBAL_BASELINE,HF9g-P5,,,,X 全窗基线 · 不参与实体赏罚,14196183,1420,A168_HF9F_20260827_0900,2026-08-27 09:00:00
2026-06-02,110249610,2147,0,7.8148217449,-2.6636434679,-2.6636434679,0.3333333,3,3,0.50218230000000000,0.502182300000,-0.5849155494134425,-0.5849155494134426,-0.5849155494134425,0E-17,ELIGIBLE,R03b_20260811_FULL_v1,L1_ELIGIBILITY,v2026-08-11,2026-03-21..2026-08-06,baccarat_bet02_101_all_pairs_incl_sentinel,round_win = game_pnl > 0 (decisive only),COMPATIBILITY_ONLY_NOT_PRODUCTION,296357.1217,267511.9505,6650.6079,18220,18206,-0.02244119,-0.04150452,-0.02020951,-0.02244119,-6650.6079,296357.1217,OK,0.0000,266.0243,4.0000,96.0000,AG03-UNRESOLVED,ALL5_LEVELS_bet23_to_bet27,266.0243,266.0243,266.0243,332.5304,332.5304,4.000000,4.000000,4.000000,5.000000,5.000000,96.000000,96.000000,96.000000,95.000000,95.000000,5.0,1463.1337,1340.2688,5187.4742,5310.3391,PENDING_AG03,FALSE,NOT_FOR_ENFORCEMENT,6384.5836,256811.4724,6650.6079,6384.5836,266.0243,0.02244119,0.02154355,266.0243,6384.5836,0.02154355,266.0243,266.0243,266.0243,332.5304,332.5304,6384.5836,0.02154355,1463.1337,1340.2688,5187.4742,5310.3391,0.01750413,0.01791872,0.00089765,16.2655,14.6936,0.3653,59.3804,1.1678,2646.0457,162.5536,12.4780,16.8648,9.0895,16.5695,22.0926,29.825,33.4482,44.5976,11.8163,0.0,2.018664,2.691552,0.981654,30,240,141,4,0.10479828,0.02244119,0.04150452,0E-8,0.000000,0.902668,0.011910,-0.02129501,2026-03-22,2026-08-05,112,5695,2177,137,0.817518,0.739886,0.767145,0.349328,,,,,,,,GLOBAL_BASELINE_NO_ENTITY_RANKING,,,NOT_APPLICABLE_GLOBAL_BASELINE,HF9g-P5,,,,X 全窗基线 · 不参与实体赏罚,14196184,1420,A168_HF9F_20260827_0900,2026-08-27 09:00:00
2026-06-02,110249610,2241,0,1.9812224142,-1.9812224142,-1.9812224142,0E-7,1,1,0.49324550000000000,0.493245500000,-0.9865810262130424,-0.9865810262130424,-0.9865810262130424,0E-17,ELIGIBLE,R03b_20260811_FULL_v1,L1_ELIGIBILITY,v2026-08-11,2026-03-21..2026-08-06,baccarat_bet02_101_all_pairs_incl_sentinel,round_win = game_pnl > 0 (decisive only),COMPATIBILITY_ONLY_NOT_PRODUCTION,296357.1217,267511.9505,6650.6079,18220,18206,-0.02244119,-0.04150452,-0.02020951,-0.02244119,-6650.6079,296357.1217,OK,0.0000,266.0243,4.0000,96.0000,AG03-UNRESOLVED,ALL5_LEVELS_bet23_to_bet27,266.0243,266.0243,266.0243,332.5304,332.5304,4.000000,4.000000,4.000000,5.000000,5.000000,96.000000,96.000000,96.000000,95.000000,95.000000,5.0,1463.1337,1340.2688,5187.4742,5310.3391,PENDING_AG03,FALSE,NOT_FOR_ENFORCEMENT,6384.5836,256811.4724,6650.6079,6384.5836,266.0243,0.02244119,0.02154355,266.0243,6384.5836,0.02154355,266.0243,266.0243,266.0243,332.5304,332.5304,6384.5836,0.02154355,1463.1337,1340.2688,5187.4742,5310.3391,0.01750413,0.01791872,0.00089765,16.2655,14.6936,0.3653,59.3804,1.1678,2646.0457,162.5536,12.4780,16.8648,9.0895,16.5695,22.0926,29.825,33.4482,44.5976,11.8163,0.0,2.018664,2.691552,0.981654,30,240,141,4,0.10479828,0.02244119,0.04150452,0E-8,0.000000,0.902668,0.011910,-0.02129501,2026-03-22,2026-08-05,112,5695,2177,137,0.817518,0.739886,0.767145,0.349328,,,,,,,,GLOBAL_BASELINE_NO_ENTITY_RANKING,,,NOT_APPLICABLE_GLOBAL_BASELINE,HF9g-P5,,,,X 全窗基线 · 不参与实体赏罚,14196185,1420,A168_HF9F_20260827_0900,2026-08-27 09:00:00
2026-06-03,110249610,2196,0,1.7610865904,-1.7610865904,-1.7610865904,0E-7,1,1,0.50665070000000000,0.506650700000,-1.013391052207602,-1.013391052207602,-1.013391052207602,0E-17,ELIGIBLE,R03b_20260811_FULL_v1,L1_ELIGIBILITY,v2026-08-11,2026-03-21..2026-08-06,baccarat_bet02_101_all_pairs_incl_sentinel,round_win = game_pnl > 0 (decisive only),COMPATIBILITY_ONLY_NOT_PRODUCTION,296357.1217,267511.9505,6650.6079,18220,18206,-0.02244119,-0.04150452,-0.02020951,-0.02244119,-6650.6079,296357.1217,OK,0.0000,266.0243,4.0000,96.0000,AG03-UNRESOLVED,ALL5_LEVELS_bet23_to_bet27,266.0243,266.0243,266.0243,332.5304,332.5304,4.000000,4.000000,4.000000,5.000000,5.000000,96.000000,96.000000,96.000000,95.000000,95.000000,5.0,1463.1337,1340.2688,5187.4742,5310.3391,PENDING_AG03,FALSE,NOT_FOR_ENFORCEMENT,6384.5836,256811.4724,6650.6079,6384.5836,266.0243,0.02244119,0.02154355,266.0243,6384.5836,0.02154355,266.0243,266.0243,266.0243,332.5304,332.5304,6384.5836,0.02154355,1463.1337,1340.2688,5187.4742,5310.3391,0.01750413,0.01791872,0.00089765,16.2655,14.6936,0.3653,59.3804,1.1678,2646.0457,162.5536,12.4780,16.8648,9.0895,16.5695,22.0926,29.825,33.4482,44.5976,11.8163,0.0,2.018664,2.691552,0.981654,30,240,141,4,0.10479828,0.02244119,0.04150452,0E-8,0.000000,0.902668,0.011910,-0.02129501,2026-03-22,2026-08-05,112,5695,2177,137,0.817518,0.739886,0.767145,0.349328,,,,,,,,GLOBAL_BASELINE_NO_ENTITY_RANKING,,,NOT_APPLICABLE_GLOBAL_BASELINE,HF9g-P5,,,,X 全窗基线 · 不参与实体赏罚,14196186,1420,A168_HF9F_20260827_0900,2026-08-27 09:00:00
2026-06-04,110249610,-1,1,2214.5663874600,-428.0816263632,-428.0816263632,0.4100000,113,113,0.50226138672566372,0.502261386726,-1.8452466073120393,-1.8452466073187705,-1.8452466073120393,-3.3628E-13,SENTINEL_DEALER,R03b_20260811_FULL_v1,L1_ELIGIBILITY,v2026-08-11,2026-03-21..2026-08-06,baccarat_bet02_101_all_pairs_incl_sentinel,round_win = game_pnl > 0 (decisive only),COMPATIBILITY_ONLY_NOT_PRODUCTION,296357.1217,267511.9505,6650.6079,18220,18206,-0.02244119,-0.04150452,-0.02020951,-0.02244119,-6650.6079,296357.1217,OK,0.0000,266.0243,4.0000,96.0000,AG03-UNRESOLVED,ALL5_LEVELS_bet23_to_bet27,266.0243,266.0243,266.0243,332.5304,332.5304,4.000000,4.000000,4.000000,5.000000,5.000000,96.000000,96.000000,96.000000,95.000000,95.000000,5.0,1463.1337,1340.2688,5187.4742,5310.3391,PENDING_AG03,FALSE,NOT_FOR_ENFORCEMENT,6384.5836,256811.4724,6650.6079,6384.5836,266.0243,0.02244119,0.02154355,266.0243,6384.5836,0.02154355,266.0243,266.0243,266.0243,332.5304,332.5304,6384.5836,0.02154355,1463.1337,1340.2688,5187.4742,5310.3391,0.01750413,0.01791872,0.00089765,16.2655,14.6936,0.3653,59.3804,1.1678,2646.0457,162.5536,12.4780,16.8648,9.0895,16.5695,22.0926,29.825,33.4482,44.5976,11.8163,0.0,2.018664,2.691552,0.981654,30,240,141,4,0.10479828,0.02244119,0.04150452,0E-8,0.000000,0.902668,0.011910,-0.02129501,2026-03-22,2026-08-05,112,5695,2177,137,0.817518,0.739886,0.767145,0.349328,,,,,,,,GLOBAL_BASELINE_NO_ENTITY_RANKING,,,NOT_APPLICABLE_GLOBAL_BASELINE,HF9g-P5,,,,X 全窗基线 · 不参与实体赏罚,14196187,1420,A168_HF9F_20260827_0900,2026-08-27 09:00:00
2026-06-04,110249610,1017,0,58.3359933078,28.8928268742,28.8928268742,0.7500000,4,4,0.49659680000000000,0.496596800000,1.0136362796769356,1.0136362796769358,1.0136362796769356,0E-17,ELIGIBLE,R03b_20260811_FULL_v1,L1_ELIGIBILITY,v2026-08-11,2026-03-21..2026-08-06,baccarat_bet02_101_all_pairs_incl_sentinel,round_win = game_pnl > 0 (decisive only),COMPATIBILITY_ONLY_NOT_PRODUCTION,296357.1217,267511.9505,6650.6079,18220,18206,-0.02244119,-0.04150452,-0.02020951,-0.02244119,-6650.6079,296357.1217,OK,0.0000,266.0243,4.0000,96.0000,AG03-UNRESOLVED,ALL5_LEVELS_bet23_to_bet27,266.0243,266.0243,266.0243,332.5304,332.5304,4.000000,4.000000,4.000000,5.000000,5.000000,96.000000,96.000000,96.000000,95.000000,95.000000,5.0,1463.1337,1340.2688,5187.4742,5310.3391,PENDING_AG03,FALSE,NOT_FOR_ENFORCEMENT,6384.5836,256811.4724,6650.6079,6384.5836,266.0243,0.02244119,0.02154355,266.0243,6384.5836,0.02154355,266.0243,266.0243,266.0243,332.5304,332.5304,6384.5836,0.02154355,1463.1337,1340.2688,5187.4742,5310.3391,0.01750413,0.01791872,0.00089765,16.2655,14.6936,0.3653,59.3804,1.1678,2646.0457,162.5536,12.4780,16.8648,9.0895,16.5695,22.0926,29.825,33.4482,44.5976,11.8163,0.0,2.018664,2.691552,0.981654,30,240,141,4,0.10479828,0.02244119,0.04150452,0E-8,0.000000,0.902668,0.011910,-0.02129501,2026-03-22,2026-08-05,112,5695,2177,137,0.817518,0.739886,0.767145,0.349328,,,,,,,,GLOBAL_BASELINE_NO_ENTITY_RANKING,,,NOT_APPLICABLE_GLOBAL_BASELINE,HF9g-P5,,,,X 全窗基线 · 不参与实体赏罚,14196188,1420,A168_HF9F_20260827_0900,2026-08-27 09:00:00
2026-06-04,110249610,1078,0,16.5101867852,-16.5101867852,-16.5101867852,0E-7,1,1,0.50665070000000000,0.506650700000,-1.013391052207602,-1.013391052207602,-1.013391052207602,0E-17,ELIGIBLE,R03b_20260811_FULL_v1,L1_ELIGIBILITY,v2026-08-11,2026-03-21..2026-08-06,baccarat_bet02_101_all_pairs_incl_sentinel,round_win = game_pnl > 0 (decisive only),COMPATIBILITY_ONLY_NOT_PRODUCTION,296357.1217,267511.9505,6650.6079,18220,18206,-0.02244119,-0.04150452,-0.02020951,-0.02244119,-6650.6079,296357.1217,OK,0.0000,266.0243,4.0000,96.0000,AG03-UNRESOLVED,ALL5_LEVELS_bet23_to_bet27,266.0243,266.0243,266.0243,332.5304,332.5304,4.000000,4.000000,4.000000,5.000000,5.000000,96.000000,96.000000,96.000000,95.000000,95.000000,5.0,1463.1337,1340.2688,5187.4742,5310.3391,PENDING_AG03,FALSE,NOT_FOR_ENFORCEMENT,6384.5836,256811.4724,6650.6079,6384.5836,266.0243,0.02244119,0.02154355,266.0243,6384.5836,0.02154355,266.0243,266.0243,266.0243,332.5304,332.5304,6384.5836,0.02154355,1463.1337,1340.2688,5187.4742,5310.3391,0.01750413,0.01791872,0.00089765,16.2655,14.6936,0.3653,59.3804,1.1678,2646.0457,162.5536,12.4780,16.8648,9.0895,16.5695,22.0926,29.825,33.4482,44.5976,11.8163,0.0,2.018664,2.691552,0.981654,30,240,141,4,0.10479828,0.02244119,0.04150452,0E-8,0.000000,0.902668,0.011910,-0.02129501,2026-03-22,2026-08-05,112,5695,2177,137,0.817518,0.739886,0.767145,0.349328,,,,,,,,GLOBAL_BASELINE_NO_ENTITY_RANKING,,,NOT_APPLICABLE_GLOBAL_BASELINE,HF9g-P5,,,,X 全窗基线 · 不参与实体赏罚,14196189,1420,A168_HF9F_20260827_0900,2026-08-27 09:00:00
2026-06-04,110249610,1185,0,47.8795416772,5.7785653749,5.7785653749,0.6666667,3,3,0.50665070000000000,0.506650700000,0.5543606114942035,0.5543606114942035,0.5543606114942035,0E-17,ELIGIBLE,R03b_20260811_FULL_v1,L1_ELIGIBILITY,v2026-08-11,2026-03-21..2026-08-06,baccarat_bet02_101_all_pairs_incl_sentinel,round_win = game_pnl > 0 (decisive only),COMPATIBILITY_ONLY_NOT_PRODUCTION,296357.1217,267511.9505,6650.6079,18220,18206,-0.02244119,-0.04150452,-0.02020951,-0.02244119,-6650.6079,296357.1217,OK,0.0000,266.0243,4.0000,96.0000,AG03-UNRESOLVED,ALL5_LEVELS_bet23_to_bet27,266.0243,266.0243,266.0243,332.5304,332.5304,4.000000,4.000000,4.000000,5.000000,5.000000,96.000000,96.000000,96.000000,95.000000,95.000000,5.0,1463.1337,1340.2688,5187.4742,5310.3391,PENDING_AG03,FALSE,NOT_FOR_ENFORCEMENT,6384.5836,256811.4724,6650.6079,6384.5836,266.0243,0.02244119,0.02154355,266.0243,6384.5836,0.02154355,266.0243,266.0243,266.0243,332.5304,332.5304,6384.5836,0.02154355,1463.1337,1340.2688,5187.4742,5310.3391,0.01750413,0.01791872,0.00089765,16.2655,14.6936,0.3653,59.3804,1.1678,2646.0457,162.5536,12.4780,16.8648,9.0895,16.5695,22.0926,29.825,33.4482,44.5976,11.8163,0.0,2.018664,2.691552,0.981654,30,240,141,4,0.10479828,0.02244119,0.04150452,0E-8,0.000000,0.902668,0.011910,-0.02129501,2026-03-22,2026-08-05,112,5695,2177,137,0.817518,0.739886,0.767145,0.349328,,,,,,,,GLOBAL_BASELINE_NO_ENTITY_RANKING,,,NOT_APPLICABLE_GLOBAL_BASELINE,HF9g-P5,,,,X 全窗基线 · 不参与实体赏罚,14196190,1420,A168_HF9F_20260827_0900,2026-08-27 09:00:00
2026-06-04,110249610,1210,0,148.9218848029,-11.3369949259,-11.3369949259,0.4000000,6,6,0.49324550000000000,0.493245500000,-0.4170446088060018,-0.4170446088060018,-0.4170446088060018,0E-17,ELIGIBLE,R03b_20260811_FULL_v1,L1_ELIGIBILITY,v2026-08-11,2026-03-21..2026-08-06,baccarat_bet02_101_all_pairs_incl_sentinel,round_win = game_pnl > 0 (decisive only),COMPATIBILITY_ONLY_NOT_PRODUCTION,296357.1217,267511.9505,6650.6079,18220,18206,-0.02244119,-0.04150452,-0.02020951,-0.02244119,-6650.6079,296357.1217,OK,0.0000,266.0243,4.0000,96.0000,AG03-UNRESOLVED,ALL5_LEVELS_bet23_to_bet27,266.0243,266.0243,266.0243,332.5304,332.5304,4.000000,4.000000,4.000000,5.000000,5.000000,96.000000,96.000000,96.000000,95.000000,95.000000,5.0,1463.1337,1340.2688,5187.4742,5310.3391,PENDING_AG03,FALSE,NOT_FOR_ENFORCEMENT,6384.5836,256811.4724,6650.6079,6384.5836,266.0243,0.02244119,0.02154355,266.0243,6384.5836,0.02154355,266.0243,266.0243,266.0243,332.5304,332.5304,6384.5836,0.02154355,1463.1337,1340.2688,5187.4742,5310.3391,0.01750413,0.01791872,0.00089765,16.2655,14.6936,0.3653,59.3804,1.1678,2646.0457,162.5536,12.4780,16.8648,9.0895,16.5695,22.0926,29.825,33.4482,44.5976,11.8163,0.0,2.018664,2.691552,0.981654,30,240,141,4,0.10479828,0.02244119,0.04150452,0E-8,0.000000,0.902668,0.011910,-0.02129501,2026-03-22,2026-08-05,112,5695,2177,137,0.817518,0.739886,0.767145,0.349328,,,,,,,,GLOBAL_BASELINE_NO_ENTITY_RANKING,,,NOT_APPLICABLE_GLOBAL_BASELINE,HF9g-P5,,,,X 全窗基线 · 不参与实体赏罚,14196191,1420,A168_HF9F_20260827_0900,2026-08-27 09:00:00
2026-06-04,110249610,1221,0,33.0203735704,-33.0203735704,-33.0203735704,0E-7,2,2,0.49994810000000000,0.499948100000,-1.4140667746232096,-1.4140667746232096,-1.4140667746232096,0E-17,ELIGIBLE,R03b_20260811_FULL_v1,L1_ELIGIBILITY,v2026-08-11,2026-03-21..2026-08-06,baccarat_bet02_101_all_pairs_incl_sentinel,round_win = game_pnl > 0 (decisive only),COMPATIBILITY_ONLY_NOT_PRODUCTION,296357.1217,267511.9505,6650.6079,18220,18206,-0.02244119,-0.04150452,-0.02020951,-0.02244119,-6650.6079,296357.1217,OK,0.0000,266.0243,4.0000,96.0000,AG03-UNRESOLVED,ALL5_LEVELS_bet23_to_bet27,266.0243,266.0243,266.0243,332.5304,332.5304,4.000000,4.000000,4.000000,5.000000,5.000000,96.000000,96.000000,96.000000,95.000000,95.000000,5.0,1463.1337,1340.2688,5187.4742,5310.3391,PENDING_AG03,FALSE,NOT_FOR_ENFORCEMENT,6384.5836,256811.4724,6650.6079,6384.5836,266.0243,0.02244119,0.02154355,266.0243,6384.5836,0.02154355,266.0243,266.0243,266.0243,332.5304,332.5304,6384.5836,0.02154355,1463.1337,1340.2688,5187.4742,5310.3391,0.01750413,0.01791872,0.00089765,16.2655,14.6936,0.3653,59.3804,1.1678,2646.0457,162.5536,12.4780,16.8648,9.0895,16.5695,22.0926,29.825,33.4482,44.5976,11.8163,0.0,2.018664,2.691552,0.981654,30,240,141,4,0.10479828,0.02244119,0.04150452,0E-8,0.000000,0.902668,0.011910,-0.02129501,2026-03-22,2026-08-05,112,5695,2177,137,0.817518,0.739886,0.767145,0.349328,,,,,,,,GLOBAL_BASELINE_NO_ENTITY_RANKING,,,NOT_APPLICABLE_GLOBAL_BASELINE,HF9g-P5,,,,X 全窗基线 · 不参与实体赏罚,14196192,1420,A168_HF9F_20260827_0900,2026-08-27 09:00:00
2026-06-04,110249610,1306,0,204.7263161369,51.1265450783,51.1265450783,0.7142857,10,10,0.50665070000000000,0.506650700000,1.098798430526454,1.098798430526454,1.098798430526454,0E-17,ELIGIBLE,R03b_20260811_FULL_v1,L1_ELIGIBILITY,v2026-08-11,2026-03-21..2026-08-06,baccarat_bet02_101_all_pairs_incl_sentinel,round_win = game_pnl > 0 (decisive only),COMPATIBILITY_ONLY_NOT_PRODUCTION,296357.1217,267511.9505,6650.6079,18220,18206,-0.02244119,-0.04150452,-0.02020951,-0.02244119,-6650.6079,296357.1217,OK,0.0000,266.0243,4.0000,96.0000,AG03-UNRESOLVED,ALL5_LEVELS_bet23_to_bet27,266.0243,266.0243,266.0243,332.5304,332.5304,4.000000,4.000000,4.000000,5.000000,5.000000,96.000000,96.000000,96.000000,95.000000,95.000000,5.0,1463.1337,1340.2688,5187.4742,5310.3391,PENDING_AG03,FALSE,NOT_FOR_ENFORCEMENT,6384.5836,256811.4724,6650.6079,6384.5836,266.0243,0.02244119,0.02154355,266.0243,6384.5836,0.02154355,266.0243,266.0243,266.0243,332.5304,332.5304,6384.5836,0.02154355,1463.1337,1340.2688,5187.4742,5310.3391,0.01750413,0.01791872,0.00089765,16.2655,14.6936,0.3653,59.3804,1.1678,2646.0457,162.5536,12.4780,16.8648,9.0895,16.5695,22.0926,29.825,33.4482,44.5976,11.8163,0.0,2.018664,2.691552,0.981654,30,240,141,4,0.10479828,0.02244119,0.04150452,0E-8,0.000000,0.902668,0.011910,-0.02129501,2026-03-22,2026-08-05,112,5695,2177,137,0.817518,0.739886,0.767145,0.349328,,,,,,,,GLOBAL_BASELINE_NO_ENTITY_RANKING,,,NOT_APPLICABLE_GLOBAL_BASELINE,HF9g-P5,,,,X 全窗基线 · 不参与实体赏罚,14196193,1420,A168_HF9F_20260827_0900,2026-08-27 09:00:00
2026-06-04,110249610,1307,0,154.0950766622,107.7564857517,107.7564857517,0.8571429,7,7,0.50665070000000000,0.506650700000,1.8547942576316225,1.8547942576316225,1.8547942576316225,0E-17,ELIGIBLE,R03b_20260811_FULL_v1,L1_ELIGIBILITY,v2026-08-11,2026-03-21..2026-08-06,baccarat_bet02_101_all_pairs_incl_sentinel,round_win = game_pnl > 0 (decisive only),COMPATIBILITY_ONLY_NOT_PRODUCTION,296357.1217,267511.9505,6650.6079,18220,18206,-0.02244119,-0.04150452,-0.02020951,-0.02244119,-6650.6079,296357.1217,OK,0.0000,266.0243,4.0000,96.0000,AG03-UNRESOLVED,ALL5_LEVELS_bet23_to_bet27,266.0243,266.0243,266.0243,332.5304,332.5304,4.000000,4.000000,4.000000,5.000000,5.000000,96.000000,96.000000,96.000000,95.000000,95.000000,5.0,1463.1337,1340.2688,5187.4742,5310.3391,PENDING_AG03,FALSE,NOT_FOR_ENFORCEMENT,6384.5836,256811.4724,6650.6079,6384.5836,266.0243,0.02244119,0.02154355,266.0243,6384.5836,0.02154355,266.0243,266.0243,266.0243,332.5304,332.5304,6384.5836,0.02154355,1463.1337,1340.2688,5187.4742,5310.3391,0.01750413,0.01791872,0.00089765,16.2655,14.6936,0.3653,59.3804,1.1678,2646.0457,162.5536,12.4780,16.8648,9.0895,16.5695,22.0926,29.825,33.4482,44.5976,11.8163,0.0,2.018664,2.691552,0.981654,30,240,141,4,0.10479828,0.02244119,0.04150452,0E-8,0.000000,0.902668,0.011910,-0.02129501,2026-03-22,2026-08-05,112,5695,2177,137,0.817518,0.739886,0.767145,0.349328,,,,,,,,GLOBAL_BASELINE_NO_ENTITY_RANKING,,,NOT_APPLICABLE_GLOBAL_BASELINE,HF9g-P5,,,,X 全窗基线 · 不参与实体赏罚,14196194,1420,A168_HF9F_20260827_0900,2026-08-27 09:00:00
2026-06-04,110249610,1318,0,60.5373515459,-60.5373515459,-60.5373515459,0E-7,2,2,0.50665070000000000,0.506650700000,-1.4331513700195317,-1.4331513700195317,-1.4331513700195317,0E-17,ELIGIBLE,R03b_20260811_FULL_v1,L1_ELIGIBILITY,v2026-08-11,2026-03-21..2026-08-06,baccarat_bet02_101_all_pairs_incl_sentinel,round_win = game_pnl > 0 (decisive only),COMPATIBILITY_ONLY_NOT_PRODUCTION,296357.1217,267511.9505,6650.6079,18220,18206,-0.02244119,-0.04150452,-0.02020951,-0.02244119,-6650.6079,296357.1217,OK,0.0000,266.0243,4.0000,96.0000,AG03-UNRESOLVED,ALL5_LEVELS_bet23_to_bet27,266.0243,266.0243,266.0243,332.5304,332.5304,4.000000,4.000000,4.000000,5.000000,5.000000,96.000000,96.000000,96.000000,95.000000,95.000000,5.0,1463.1337,1340.2688,5187.4742,5310.3391,PENDING_AG03,FALSE,NOT_FOR_ENFORCEMENT,6384.5836,256811.4724,6650.6079,6384.5836,266.0243,0.02244119,0.02154355,266.0243,6384.5836,0.02154355,266.0243,266.0243,266.0243,332.5304,332.5304,6384.5836,0.02154355,1463.1337,1340.2688,5187.4742,5310.3391,0.01750413,0.01791872,0.00089765,16.2655,14.6936,0.3653,59.3804,1.1678,2646.0457,162.5536,12.4780,16.8648,9.0895,16.5695,22.0926,29.825,33.4482,44.5976,11.8163,0.0,2.018664,2.691552,0.981654,30,240,141,4,0.10479828,0.02244119,0.04150452,0E-8,0.000000,0.902668,0.011910,-0.02129501,2026-03-22,2026-08-05,112,5695,2177,137,0.817518,0.739886,0.767145,0.349328,,,,,,,,GLOBAL_BASELINE_NO_ENTITY_RANKING,,,NOT_APPLICABLE_GLOBAL_BASELINE,HF9g-P5,,,,X 全窗基线 · 不参与实体赏罚,14196195,1420,A168_HF9F_20260827_0900,2026-08-27 09:00:00
2026-06-04,110249610,1325,0,28.6176570945,-6.6040747141,-6.6040747141,0.5000000,2,2,0.49324550000000000,0.493245500000,0.01910635448239258,0.01910635448239258,0.01910635448239258,0E-17,ELIGIBLE,R03b_20260811_FULL_v1,L1_ELIGIBILITY,v2026-08-11,2026-03-21..2026-08-06,baccarat_bet02_101_all_pairs_incl_sentinel,round_win = game_pnl > 0 (decisive only),COMPATIBILITY_ONLY_NOT_PRODUCTION,296357.1217,267511.9505,6650.6079,18220,18206,-0.02244119,-0.04150452,-0.02020951,-0.02244119,-6650.6079,296357.1217,OK,0.0000,266.0243,4.0000,96.0000,AG03-UNRESOLVED,ALL5_LEVELS_bet23_to_bet27,266.0243,266.0243,266.0243,332.5304,332.5304,4.000000,4.000000,4.000000,5.000000,5.000000,96.000000,96.000000,96.000000,95.000000,95.000000,5.0,1463.1337,1340.2688,5187.4742,5310.3391,PENDING_AG03,FALSE,NOT_FOR_ENFORCEMENT,6384.5836,256811.4724,6650.6079,6384.5836,266.0243,0.02244119,0.02154355,266.0243,6384.5836,0.02154355,266.0243,266.0243,266.0243,332.5304,332.5304,6384.5836,0.02154355,1463.1337,1340.2688,5187.4742,5310.3391,0.01750413,0.01791872,0.00089765,16.2655,14.6936,0.3653,59.3804,1.1678,2646.0457,162.5536,12.4780,16.8648,9.0895,16.5695,22.0926,29.825,33.4482,44.5976,11.8163,0.0,2.018664,2.691552,0.981654,30,240,141,4,0.10479828,0.02244119,0.04150452,0E-8,0.000000,0.902668,0.011910,-0.02129501,2026-03-22,2026-08-05,112,5695,2177,137,0.817518,0.739886,0.767145,0.349328,,,,,,,,GLOBAL_BASELINE_NO_ENTITY_RANKING,,,NOT_APPLICABLE_GLOBAL_BASELINE,HF9g-P5,,,,X 全窗基线 · 不参与实体赏罚,14196196,1420,A168_HF9F_20260827_0900,2026-08-27 09:00:00
2026-06-04,110249610,1331,0,173.9073008046,57.2353141888,57.2353141888,0.7500000,8,8,0.49324550000000000,0.493245500000,1.4525553310976282,1.4525553310976282,1.4525553310976282,0E-17,ELIGIBLE,R03b_20260811_FULL_v1,L1_ELIGIBILITY,v2026-08-11,2026-03-21..2026-08-06,baccarat_bet02_101_all_pairs_incl_sentinel,round_win = game_pnl > 0 (decisive only),COMPATIBILITY_ONLY_NOT_PRODUCTION,296357.1217,267511.9505,6650.6079,18220,18206,-0.02244119,-0.04150452,-0.02020951,-0.02244119,-6650.6079,296357.1217,OK,0.0000,266.0243,4.0000,96.0000,AG03-UNRESOLVED,ALL5_LEVELS_bet23_to_bet27,266.0243,266.0243,266.0243,332.5304,332.5304,4.000000,4.000000,4.000000,5.000000,5.000000,96.000000,96.000000,96.000000,95.000000,95.000000,5.0,1463.1337,1340.2688,5187.4742,5310.3391,PENDING_AG03,FALSE,NOT_FOR_ENFORCEMENT,6384.5836,256811.4724,6650.6079,6384.5836,266.0243,0.02244119,0.02154355,266.0243,6384.5836,0.02154355,266.0243,266.0243,266.0243,332.5304,332.5304,6384.5836,0.02154355,1463.1337,1340.2688,5187.4742,5310.3391,0.01750413,0.01791872,0.00089765,16.2655,14.6936,0.3653,59.3804,1.1678,2646.0457,162.5536,12.4780,16.8648,9.0895,16.5695,22.0926,29.825,33.4482,44.5976,11.8163,0.0,2.018664,2.691552,0.981654,30,240,141,4,0.10479828,0.02244119,0.04150452,0E-8,0.000000,0.902668,0.011910,-0.02129501,2026-03-22,2026-08-05,112,5695,2177,137,0.817518,0.739886,0.767145,0.349328,,,,,,,,GLOBAL_BASELINE_NO_ENTITY_RANKING,,,NOT_APPLICABLE_GLOBAL_BASELINE,HF9g-P5,,,,X 全窗基线 · 不参与实体赏罚,14196197,1420,A168_HF9F_20260827_0900,2026-08-27 09:00:00
2026-06-04,110249610,1382,0,171.9260783904,-19.9498090321,-19.9498090321,0.5000000,9,9,0.50665070000000000,0.506650700000,-0.037625369180734974,-0.037625369180734974,-0.037625369180734974,0E-17,ELIGIBLE,R03b_20260811_FULL_v1,L1_ELIGIBILITY,v2026-08-11,2026-03-21..2026-08-06,baccarat_bet02_101_all_pairs_incl_sentinel,round_win = game_pnl > 0 (decisive only),COMPATIBILITY_ONLY_NOT_PRODUCTION,296357.1217,267511.9505,6650.6079,18220,18206,-0.02244119,-0.04150452,-0.02020951,-0.02244119,-6650.6079,296357.1217,OK,0.0000,266.0243,4.0000,96.0000,AG03-UNRESOLVED,ALL5_LEVELS_bet23_to_bet27,266.0243,266.0243,266.0243,332.5304,332.5304,4.000000,4.000000,4.000000,5.000000,5.000000,96.000000,96.000000,96.000000,95.000000,95.000000,5.0,1463.1337,1340.2688,5187.4742,5310.3391,PENDING_AG03,FALSE,NOT_FOR_ENFORCEMENT,6384.5836,256811.4724,6650.6079,6384.5836,266.0243,0.02244119,0.02154355,266.0243,6384.5836,0.02154355,266.0243,266.0243,266.0243,332.5304,332.5304,6384.5836,0.02154355,1463.1337,1340.2688,5187.4742,5310.3391,0.01750413,0.01791872,0.00089765,16.2655,14.6936,0.3653,59.3804,1.1678,2646.0457,162.5536,12.4780,16.8648,9.0895,16.5695,22.0926,29.825,33.4482,44.5976,11.8163,0.0,2.018664,2.691552,0.981654,30,240,141,4,0.10479828,0.02244119,0.04150452,0E-8,0.000000,0.902668,0.011910,-0.02129501,2026-03-22,2026-08-05,112,5695,2177,137,0.817518,0.739886,0.767145,0.349328,,,,,,,,GLOBAL_BASELINE_NO_ENTITY_RANKING,,,NOT_APPLICABLE_GLOBAL_BASELINE,HF9g-P5,,,,X 全窗基线 · 不参与实体赏罚,14196198,1420,A168_HF9F_20260827_0900,2026-08-27 09:00:00
2026-06-04,110249610,1383,0,27.5169779754,-5.5033955950,-5.5033955950,0.5000000,2,2,0.49324550000000000,0.493245500000,0.01910635448239258,0.01910635448239258,0.01910635448239258,0E-17,ELIGIBLE,R03b_20260811_FULL_v1,L1_ELIGIBILITY,v2026-08-11,2026-03-21..2026-08-06,baccarat_bet02_101_all_pairs_incl_sentinel,round_win = game_pnl > 0 (decisive only),COMPATIBILITY_ONLY_NOT_PRODUCTION,296357.1217,267511.9505,6650.6079,18220,18206,-0.02244119,-0.04150452,-0.02020951,-0.02244119,-6650.6079,296357.1217,OK,0.0000,266.0243,4.0000,96.0000,AG03-UNRESOLVED,ALL5_LEVELS_bet23_to_bet27,266.0243,266.0243,266.0243,332.5304,332.5304,4.000000,4.000000,4.000000,5.000000,5.000000,96.000000,96.000000,96.000000,95.000000,95.000000,5.0,1463.1337,1340.2688,5187.4742,5310.3391,PENDING_AG03,FALSE,NOT_FOR_ENFORCEMENT,6384.5836,256811.4724,6650.6079,6384.5836,266.0243,0.02244119,0.02154355,266.0243,6384.5836,0.02154355,266.0243,266.0243,266.0243,332.5304,332.5304,6384.5836,0.02154355,1463.1337,1340.2688,5187.4742,5310.3391,0.01750413,0.01791872,0.00089765,16.2655,14.6936,0.3653,59.3804,1.1678,2646.0457,162.5536,12.4780,16.8648,9.0895,16.5695,22.0926,29.825,33.4482,44.5976,11.8163,0.0,2.018664,2.691552,0.981654,30,240,141,4,0.10479828,0.02244119,0.04150452,0E-8,0.000000,0.902668,0.011910,-0.02129501,2026-03-22,2026-08-05,112,5695,2177,137,0.817518,0.739886,0.767145,0.349328,,,,,,,,GLOBAL_BASELINE_NO_ENTITY_RANKING,,,NOT_APPLICABLE_GLOBAL_BASELINE,HF9g-P5,,,,X 全窗基线 · 不参与实体赏罚,14196199,1420,A168_HF9F_20260827_0900,2026-08-27 09:00:00
2026-06-04,110249610,1384,0,183.1530054043,29.6908192356,29.6908192356,0.6000000,10,10,0.49994810000000000,0.499948100000,0.6327837798637467,0.6327837798637467,0.6327837798637467,0E-17,ELIGIBLE,R03b_20260811_FULL_v1,L1_ELIGIBILITY,v2026-08-11,2026-03-21..2026-08-06,baccarat_bet02_101_all_pairs_incl_sentinel,round_win = game_pnl > 0 (decisive only),COMPATIBILITY_ONLY_NOT_PRODUCTION,296357.1217,267511.9505,6650.6079,18220,18206,-0.02244119,-0.04150452,-0.02020951,-0.02244119,-6650.6079,296357.1217,OK,0.0000,266.0243,4.0000,96.0000,AG03-UNRESOLVED,ALL5_LEVELS_bet23_to_bet27,266.0243,266.0243,266.0243,332.5304,332.5304,4.000000,4.000000,4.000000,5.000000,5.000000,96.000000,96.000000,96.000000,95.000000,95.000000,5.0,1463.1337,1340.2688,5187.4742,5310.3391,PENDING_AG03,FALSE,NOT_FOR_ENFORCEMENT,6384.5836,256811.4724,6650.6079,6384.5836,266.0243,0.02244119,0.02154355,266.0243,6384.5836,0.02154355,266.0243,266.0243,266.0243,332.5304,332.5304,6384.5836,0.02154355,1463.1337,1340.2688,5187.4742,5310.3391,0.01750413,0.01791872,0.00089765,16.2655,14.6936,0.3653,59.3804,1.1678,2646.0457,162.5536,12.4780,16.8648,9.0895,16.5695,22.0926,29.825,33.4482,44.5976,11.8163,0.0,2.018664,2.691552,0.981654,30,240,141,4,0.10479828,0.02244119,0.04150452,0E-8,0.000000,0.902668,0.011910,-0.02129501,2026-03-22,2026-08-05,112,5695,2177,137,0.817518,0.739886,0.767145,0.349328,,,,,,,,GLOBAL_BASELINE_NO_ENTITY_RANKING,,,NOT_APPLICABLE_GLOBAL_BASELINE,HF9g-P5,,,,X 全窗基线 · 不参与实体赏罚,14196200,1420,A168_HF9F_20260827_0900,2026-08-27 09:00:00
2026-06-04,110249610,1385,0,50.6312394748,13.2081494282,13.2081494282,0.6666667,3,3,0.49324550000000000,0.493245500000,0.6008033672792107,0.6008033672792106,0.6008033672792107,0E-17,ELIGIBLE,R03b_20260811_FULL_v1,L1_ELIGIBILITY,v2026-08-11,2026-03-21..2026-08-06,baccarat_bet02_101_all_pairs_incl_sentinel,round_win = game_pnl > 0 (decisive only),COMPATIBILITY_ONLY_NOT_PRODUCTION,296357.1217,267511.9505,6650.6079,18220,18206,-0.02244119,-0.04150452,-0.02020951,-0.02244119,-6650.6079,296357.1217,OK,0.0000,266.0243,4.0000,96.0000,AG03-UNRESOLVED,ALL5_LEVELS_bet23_to_bet27,266.0243,266.0243,266.0243,332.5304,332.5304,4.000000,4.000000,4.000000,5.000000,5.000000,96.000000,96.000000,96.000000,95.000000,95.000000,5.0,1463.1337,1340.2688,5187.4742,5310.3391,PENDING_AG03,FALSE,NOT_FOR_ENFORCEMENT,6384.5836,256811.4724,6650.6079,6384.5836,266.0243,0.02244119,0.02154355,266.0243,6384.5836,0.02154355,266.0243,266.0243,266.0243,332.5304,332.5304,6384.5836,0.02154355,1463.1337,1340.2688,5187.4742,5310.3391,0.01750413,0.01791872,0.00089765,16.2655,14.6936,0.3653,59.3804,1.1678,2646.0457,162.5536,12.4780,16.8648,9.0895,16.5695,22.0926,29.825,33.4482,44.5976,11.8163,0.0,2.018664,2.691552,0.981654,30,240,141,4,0.10479828,0.02244119,0.04150452,0E-8,0.000000,0.902668,0.011910,-0.02129501,2026-03-22,2026-08-05,112,5695,2177,137,0.817518,0.739886,0.767145,0.349328,,,,,,,,GLOBAL_BASELINE_NO_ENTITY_RANKING,,,NOT_APPLICABLE_GLOBAL_BASELINE,HF9g-P5,,,,X 全窗基线 · 不参与实体赏罚,14196201,1420,A168_HF9F_20260827_0900,2026-08-27 09:00:00
2026-06-04,110249610,1396,0,252.0555182547,110.0679119016,110.0679119016,0.7500000,9,9,0.49324550000000000,0.493245500000,1.4525553310976282,1.4525553310976282,1.4525553310976282,0E-17,ELIGIBLE,R03b_20260811_FULL_v1,L1_ELIGIBILITY,v2026-08-11,2026-03-21..2026-08-06,baccarat_bet02_101_all_pairs_incl_sentinel,round_win = game_pnl > 0 (decisive only),COMPATIBILITY_ONLY_NOT_PRODUCTION,296357.1217,267511.9505,6650.6079,18220,18206,-0.02244119,-0.04150452,-0.02020951,-0.02244119,-6650.6079,296357.1217,OK,0.0000,266.0243,4.0000,96.0000,AG03-UNRESOLVED,ALL5_LEVELS_bet23_to_bet27,266.0243,266.0243,266.0243,332.5304,332.5304,4.000000,4.000000,4.000000,5.000000,5.000000,96.000000,96.000000,96.000000,95.000000,95.000000,5.0,1463.1337,1340.2688,5187.4742,5310.3391,PENDING_AG03,FALSE,NOT_FOR_ENFORCEMENT,6384.5836,256811.4724,6650.6079,6384.5836,266.0243,0.02244119,0.02154355,266.0243,6384.5836,0.02154355,266.0243,266.0243,266.0243,332.5304,332.5304,6384.5836,0.02154355,1463.1337,1340.2688,5187.4742,5310.3391,0.01750413,0.01791872,0.00089765,16.2655,14.6936,0.3653,59.3804,1.1678,2646.0457,162.5536,12.4780,16.8648,9.0895,16.5695,22.0926,29.825,33.4482,44.5976,11.8163,0.0,2.018664,2.691552,0.981654,30,240,141,4,0.10479828,0.02244119,0.04150452,0E-8,0.000000,0.902668,0.011910,-0.02129501,2026-03-22,2026-08-05,112,5695,2177,137,0.817518,0.739886,0.767145,0.349328,,,,,,,,GLOBAL_BASELINE_NO_ENTITY_RANKING,,,NOT_APPLICABLE_GLOBAL_BASELINE,HF9g-P5,,,,X 全窗基线 · 不参与实体赏罚,14196202,1420,A168_HF9F_20260827_0900,2026-08-27 09:00:00
2026-06-04,110249610,1399,0,55.0339559508,0E-10,0E-10,0.5000000,2,2,0.49324550000000000,0.493245500000,0.01910635448239258,0.01910635448239258,0.01910635448239258,0E-17,ELIGIBLE,R03b_20260811_FULL_v1,L1_ELIGIBILITY,v2026-08-11,2026-03-21..2026-08-06,baccarat_bet02_101_all_pairs_incl_sentinel,round_win = game_pnl > 0 (decisive only),COMPATIBILITY_ONLY_NOT_PRODUCTION,296357.1217,267511.9505,6650.6079,18220,18206,-0.02244119,-0.04150452,-0.02020951,-0.02244119,-6650.6079,296357.1217,OK,0.0000,266.0243,4.0000,96.0000,AG03-UNRESOLVED,ALL5_LEVELS_bet23_to_bet27,266.0243,266.0243,266.0243,332.5304,332.5304,4.000000,4.000000,4.000000,5.000000,5.000000,96.000000,96.000000,96.000000,95.000000,95.000000,5.0,1463.1337,1340.2688,5187.4742,5310.3391,PENDING_AG03,FALSE,NOT_FOR_ENFORCEMENT,6384.5836,256811.4724,6650.6079,6384.5836,266.0243,0.02244119,0.02154355,266.0243,6384.5836,0.02154355,266.0243,266.0243,266.0243,332.5304,332.5304,6384.5836,0.02154355,1463.1337,1340.2688,5187.4742,5310.3391,0.01750413,0.01791872,0.00089765,16.2655,14.6936,0.3653,59.3804,1.1678,2646.0457,162.5536,12.4780,16.8648,9.0895,16.5695,22.0926,29.825,33.4482,44.5976,11.8163,0.0,2.018664,2.691552,0.981654,30,240,141,4,0.10479828,0.02244119,0.04150452,0E-8,0.000000,0.902668,0.011910,-0.02129501,2026-03-22,2026-08-05,112,5695,2177,137,0.817518,0.739886,0.767145,0.349328,,,,,,,,GLOBAL_BASELINE_NO_ENTITY_RANKING,,,NOT_APPLICABLE_GLOBAL_BASELINE,HF9g-P5,,,,X 全窗基线 · 不参与实体赏罚,14196203,1420,A168_HF9F_20260827_0900,2026-08-27 09:00:00
2026-06-04,110249610,1401,0,129.3297964845,61.0876911053,61.0876911053,0.8000000,7,7,0.49324550000000000,0.493245500000,1.3719730223118614,1.3719730223118614,1.3719730223118614,0E-17,ELIGIBLE,R03b_20260811_FULL_v1,L1_ELIGIBILITY,v2026-08-11,2026-03-21..2026-08-06,baccarat_bet02_101_all_pairs_incl_sentinel,round_win = game_pnl > 0 (decisive only),COMPATIBILITY_ONLY_NOT_PRODUCTION,296357.1217,267511.9505,6650.6079,18220,18206,-0.02244119,-0.04150452,-0.02020951,-0.02244119,-6650.6079,296357.1217,OK,0.0000,266.0243,4.0000,96.0000,AG03-UNRESOLVED,ALL5_LEVELS_bet23_to_bet27,266.0243,266.0243,266.0243,332.5304,332.5304,4.000000,4.000000,4.000000,5.000000,5.000000,96.000000,96.000000,96.000000,95.000000,95.000000,5.0,1463.1337,1340.2688,5187.4742,5310.3391,PENDING_AG03,FALSE,NOT_FOR_ENFORCEMENT,6384.5836,256811.4724,6650.6079,6384.5836,266.0243,0.02244119,0.02154355,266.0243,6384.5836,0.02154355,266.0243,266.0243,266.0243,332.5304,332.5304,6384.5836,0.02154355,1463.1337,1340.2688,5187.4742,5310.3391,0.01750413,0.01791872,0.00089765,16.2655,14.6936,0.3653,59.3804,1.1678,2646.0457,162.5536,12.4780,16.8648,9.0895,16.5695,22.0926,29.825,33.4482,44.5976,11.8163,0.0,2.018664,2.691552,0.981654,30,240,141,4,0.10479828,0.02244119,0.04150452,0E-8,0.000000,0.902668,0.011910,-0.02129501,2026-03-22,2026-08-05,112,5695,2177,137,0.817518,0.739886,0.767145,0.349328,,,,,,,,GLOBAL_BASELINE_NO_ENTITY_RANKING,,,NOT_APPLICABLE_GLOBAL_BASELINE,HF9g-P5,,,,X 全窗基线 · 不参与实体赏罚,14196204,1420,A168_HF9F_20260827_0900,2026-08-27 09:00:00
2026-06-04,110249610,1485,0,60.5373515458,-5.5033955950,-5.5033955950,0.5000000,4,4,0.49659680000000000,0.496596800000,0.013613115331600182,0.013613115331600183,0.013613115331600182,0E-17,ELIGIBLE,R03b_20260811_FULL_v1,L1_ELIGIBILITY,v2026-08-11,2026-03-21..2026-08-06,baccarat_bet02_101_all_pairs_incl_sentinel,round_win = game_pnl > 0 (decisive only),COMPATIBILITY_ONLY_NOT_PRODUCTION,296357.1217,267511.9505,6650.6079,18220,18206,-0.02244119,-0.04150452,-0.02020951,-0.02244119,-6650.6079,296357.1217,OK,0.0000,266.0243,4.0000,96.0000,AG03-UNRESOLVED,ALL5_LEVELS_bet23_to_bet27,266.0243,266.0243,266.0243,332.5304,332.5304,4.000000,4.000000,4.000000,5.000000,5.000000,96.000000,96.000000,96.000000,95.000000,95.000000,5.0,1463.1337,1340.2688,5187.4742,5310.3391,PENDING_AG03,FALSE,NOT_FOR_ENFORCEMENT,6384.5836,256811.4724,6650.6079,6384.5836,266.0243,0.02244119,0.02154355,266.0243,6384.5836,0.02154355,266.0243,266.0243,266.0243,332.5304,332.5304,6384.5836,0.02154355,1463.1337,1340.2688,5187.4742,5310.3391,0.01750413,0.01791872,0.00089765,16.2655,14.6936,0.3653,59.3804,1.1678,2646.0457,162.5536,12.4780,16.8648,9.0895,16.5695,22.0926,29.825,33.4482,44.5976,11.8163,0.0,2.018664,2.691552,0.981654,30,240,141,4,0.10479828,0.02244119,0.04150452,0E-8,0.000000,0.902668,0.011910,-0.02129501,2026-03-22,2026-08-05,112,5695,2177,137,0.817518,0.739886,0.767145,0.349328,,,,,,,,GLOBAL_BASELINE_NO_ENTITY_RANKING,,,NOT_APPLICABLE_GLOBAL_BASELINE,HF9g-P5,,,,X 全窗基线 · 不参与实体赏罚,14196205,1420,A168_HF9F_20260827_0900,2026-08-27 09:00:00
2026-06-04,110249610,1507,0,37.4230900465,-5.2282258153,-5.2282258153,0.5000000,2,2,0.50665070000000000,0.506650700000,-0.018812684590367487,-0.018812684590367487,-0.018812684590367487,0E-17,ELIGIBLE,R03b_20260811_FULL_v1,L1_ELIGIBILITY,v2026-08-11,2026-03-21..2026-08-06,baccarat_bet02_101_all_pairs_incl_sentinel,round_win = game_pnl > 0 (decisive only),COMPATIBILITY_ONLY_NOT_PRODUCTION,296357.1217,267511.9505,6650.6079,18220,18206,-0.02244119,-0.04150452,-0.02020951,-0.02244119,-6650.6079,296357.1217,OK,0.0000,266.0243,4.0000,96.0000,AG03-UNRESOLVED,ALL5_LEVELS_bet23_to_bet27,266.0243,266.0243,266.0243,332.5304,332.5304,4.000000,4.000000,4.000000,5.000000,5.000000,96.000000,96.000000,96.000000,95.000000,95.000000,5.0,1463.1337,1340.2688,5187.4742,5310.3391,PENDING_AG03,FALSE,NOT_FOR_ENFORCEMENT,6384.5836,256811.4724,6650.6079,6384.5836,266.0243,0.02244119,0.02154355,266.0243,6384.5836,0.02154355,266.0243,266.0243,266.0243,332.5304,332.5304,6384.5836,0.02154355,1463.1337,1340.2688,5187.4742,5310.3391,0.01750413,0.01791872,0.00089765,16.2655,14.6936,0.3653,59.3804,1.1678,2646.0457,162.5536,12.4780,16.8648,9.0895,16.5695,22.0926,29.825,33.4482,44.5976,11.8163,0.0,2.018664,2.691552,0.981654,30,240,141,4,0.10479828,0.02244119,0.04150452,0E-8,0.000000,0.902668,0.011910,-0.02129501,2026-03-22,2026-08-05,112,5695,2177,137,0.817518,0.739886,0.767145,0.349328,,,,,,,,GLOBAL_BASELINE_NO_ENTITY_RANKING,,,NOT_APPLICABLE_GLOBAL_BASELINE,HF9g-P5,,,,X 全窗基线 · 不参与实体赏罚,14196206,1420,A168_HF9F_20260827_0900,2026-08-27 09:00:00
2026-06-04,110249610,1509,0,65.2702717576,-33.0754075264,-33.0754075264,0.2500000,4,4,0.50329940000000000,0.503299400000,-1.013219660140378,-1.013219660140378,-1.013219660140378,0E-17,ELIGIBLE,R03b_20260811_FULL_v1,L1_ELIGIBILITY,v2026-08-11,2026-03-21..2026-08-06,baccarat_bet02_101_all_pairs_incl_sentinel,round_win = game_pnl > 0 (decisive only),COMPATIBILITY_ONLY_NOT_PRODUCTION,296357.1217,267511.9505,6650.6079,18220,18206,-0.02244119,-0.04150452,-0.02020951,-0.02244119,-6650.6079,296357.1217,OK,0.0000,266.0243,4.0000,96.0000,AG03-UNRESOLVED,ALL5_LEVELS_bet23_to_bet27,266.0243,266.0243,266.0243,332.5304,332.5304,4.000000,4.000000,4.000000,5.000000,5.000000,96.000000,96.000000,96.000000,95.000000,95.000000,5.0,1463.1337,1340.2688,5187.4742,5310.3391,PENDING_AG03,FALSE,NOT_FOR_ENFORCEMENT,6384.5836,256811.4724,6650.6079,6384.5836,266.0243,0.02244119,0.02154355,266.0243,6384.5836,0.02154355,266.0243,266.0243,266.0243,332.5304,332.5304,6384.5836,0.02154355,1463.1337,1340.2688,5187.4742,5310.3391,0.01750413,0.01791872,0.00089765,16.2655,14.6936,0.3653,59.3804,1.1678,2646.0457,162.5536,12.4780,16.8648,9.0895,16.5695,22.0926,29.825,33.4482,44.5976,11.8163,0.0,2.018664,2.691552,0.981654,30,240,141,4,0.10479828,0.02244119,0.04150452,0E-8,0.000000,0.902668,0.011910,-0.02129501,2026-03-22,2026-08-05,112,5695,2177,137,0.817518,0.739886,0.767145,0.349328,,,,,,,,GLOBAL_BASELINE_NO_ENTITY_RANKING,,,NOT_APPLICABLE_GLOBAL_BASELINE,HF9g-P5,,,,X 全窗基线 · 不参与实体赏罚,14196207,1420,A168_HF9F_20260827_0900,2026-08-27 09:00:00
2026-06-04,110249610,1654,0,53.9332768318,-11.0067911902,-11.0067911902,0.5000000,2,2,0.50665070000000000,0.506650700000,-0.018812684590367487,-0.018812684590367487,-0.018812684590367487,0E-17,ELIGIBLE,R03b_20260811_FULL_v1,L1_ELIGIBILITY,v2026-08-11,2026-03-21..2026-08-06,baccarat_bet02_101_all_pairs_incl_sentinel,round_win = game_pnl > 0 (decisive only),COMPATIBILITY_ONLY_NOT_PRODUCTION,296357.1217,267511.9505,6650.6079,18220,18206,-0.02244119,-0.04150452,-0.02020951,-0.02244119,-6650.6079,296357.1217,OK,0.0000,266.0243,4.0000,96.0000,AG03-UNRESOLVED,ALL5_LEVELS_bet23_to_bet27,266.0243,266.0243,266.0243,332.5304,332.5304,4.000000,4.000000,4.000000,5.000000,5.000000,96.000000,96.000000,96.000000,95.000000,95.000000,5.0,1463.1337,1340.2688,5187.4742,5310.3391,PENDING_AG03,FALSE,NOT_FOR_ENFORCEMENT,6384.5836,256811.4724,6650.6079,6384.5836,266.0243,0.02244119,0.02154355,266.0243,6384.5836,0.02154355,266.0243,266.0243,266.0243,332.5304,332.5304,6384.5836,0.02154355,1463.1337,1340.2688,5187.4742,5310.3391,0.01750413,0.01791872,0.00089765,16.2655,14.6936,0.3653,59.3804,1.1678,2646.0457,162.5536,12.4780,16.8648,9.0895,16.5695,22.0926,29.825,33.4482,44.5976,11.8163,0.0,2.018664,2.691552,0.981654,30,240,141,4,0.10479828,0.02244119,0.04150452,0E-8,0.000000,0.902668,0.011910,-0.02129501,2026-03-22,2026-08-05,112,5695,2177,137,0.817518,0.739886,0.767145,0.349328,,,,,,,,GLOBAL_BASELINE_NO_ENTITY_RANKING,,,NOT_APPLICABLE_GLOBAL_BASELINE,HF9g-P5,,,,X 全窗基线 · 不参与实体赏罚,14196208,1420,A168_HF9F_20260827_0900,2026-08-27 09:00:00
2026-06-04,110249610,1940,0,152.9943975431,14.5839983269,14.5839983269,0.6000000,8,8,0.50329940000000000,0.503299400000,0.4324676459530309,0.432467645953031,0.4324676459530309,0E-17,ELIGIBLE,R03b_20260811_FULL_v1,L1_ELIGIBILITY,v2026-08-11,2026-03-21..2026-08-06,baccarat_bet02_101_all_pairs_incl_sentinel,round_win = game_pnl > 0 (decisive only),COMPATIBILITY_ONLY_NOT_PRODUCTION,296357.1217,267511.9505,6650.6079,18220,18206,-0.02244119,-0.04150452,-0.02020951,-0.02244119,-6650.6079,296357.1217,OK,0.0000,266.0243,4.0000,96.0000,AG03-UNRESOLVED,ALL5_LEVELS_bet23_to_bet27,266.0243,266.0243,266.0243,332.5304,332.5304,4.000000,4.000000,4.000000,5.000000,5.000000,96.000000,96.000000,96.000000,95.000000,95.000000,5.0,1463.1337,1340.2688,5187.4742,5310.3391,PENDING_AG03,FALSE,NOT_FOR_ENFORCEMENT,6384.5836,256811.4724,6650.6079,6384.5836,266.0243,0.02244119,0.02154355,266.0243,6384.5836,0.02154355,266.0243,266.0243,266.0243,332.5304,332.5304,6384.5836,0.02154355,1463.1337,1340.2688,5187.4742,5310.3391,0.01750413,0.01791872,0.00089765,16.2655,14.6936,0.3653,59.3804,1.1678,2646.0457,162.5536,12.4780,16.8648,9.0895,16.5695,22.0926,29.825,33.4482,44.5976,11.8163,0.0,2.018664,2.691552,0.981654,30,240,141,4,0.10479828,0.02244119,0.04150452,0E-8,0.000000,0.902668,0.011910,-0.02129501,2026-03-22,2026-08-05,112,5695,2177,137,0.817518,0.739886,0.767145,0.349328,,,,,,,,GLOBAL_BASELINE_NO_ENTITY_RANKING,,,NOT_APPLICABLE_GLOBAL_BASELINE,HF9g-P5,,,,X 全窗基线 · 不参与实体赏罚,14196209,1420,A168_HF9F_20260827_0900,2026-08-27 09:00:00
2026-06-04,110249610,1941,0,11.0067911902,-11.0067911902,-11.0067911902,0E-7,1,1,0.50665070000000000,0.506650700000,-1.013391052207602,-1.013391052207602,-1.013391052207602,0E-17,ELIGIBLE,R03b_20260811_FULL_v1,L1_ELIGIBILITY,v2026-08-11,2026-03-21..2026-08-06,baccarat_bet02_101_all_pairs_incl_sentinel,round_win = game_pnl > 0 (decisive only),COMPATIBILITY_ONLY_NOT_PRODUCTION,296357.1217,267511.9505,6650.6079,18220,18206,-0.02244119,-0.04150452,-0.02020951,-0.02244119,-6650.6079,296357.1217,OK,0.0000,266.0243,4.0000,96.0000,AG03-UNRESOLVED,ALL5_LEVELS_bet23_to_bet27,266.0243,266.0243,266.0243,332.5304,332.5304,4.000000,4.000000,4.000000,5.000000,5.000000,96.000000,96.000000,96.000000,95.000000,95.000000,5.0,1463.1337,1340.2688,5187.4742,5310.3391,PENDING_AG03,FALSE,NOT_FOR_ENFORCEMENT,6384.5836,256811.4724,6650.6079,6384.5836,266.0243,0.02244119,0.02154355,266.0243,6384.5836,0.02154355,266.0243,266.0243,266.0243,332.5304,332.5304,6384.5836,0.02154355,1463.1337,1340.2688,5187.4742,5310.3391,0.01750413,0.01791872,0.00089765,16.2655,14.6936,0.3653,59.3804,1.1678,2646.0457,162.5536,12.4780,16.8648,9.0895,16.5695,22.0926,29.825,33.4482,44.5976,11.8163,0.0,2.018664,2.691552,0.981654,30,240,141,4,0.10479828,0.02244119,0.04150452,0E-8,0.000000,0.902668,0.011910,-0.02129501,2026-03-22,2026-08-05,112,5695,2177,137,0.817518,0.739886,0.767145,0.349328,,,,,,,,GLOBAL_BASELINE_NO_ENTITY_RANKING,,,NOT_APPLICABLE_GLOBAL_BASELINE,HF9g-P5,,,,X 全窗基线 · 不参与实体赏罚,14196210,1420,A168_HF9F_20260827_0900,2026-08-27 09:00:00
2026-06-04,110249610,1951,0,121.0747030917,-38.5237691655,-38.5237691655,0.2500000,5,5,0.49324550000000000,0.493245500000,-0.9730707933947887,-0.9730707933947887,-0.9730707933947887,0E-17,ELIGIBLE,R03b_20260811_FULL_v1,L1_ELIGIBILITY,v2026-08-11,2026-03-21..2026-08-06,baccarat_bet02_101_all_pairs_incl_sentinel,round_win = game_pnl > 0 (decisive only),COMPATIBILITY_ONLY_NOT_PRODUCTION,296357.1217,267511.9505,6650.6079,18220,18206,-0.02244119,-0.04150452,-0.02020951,-0.02244119,-6650.6079,296357.1217,OK,0.0000,266.0243,4.0000,96.0000,AG03-UNRESOLVED,ALL5_LEVELS_bet23_to_bet27,266.0243,266.0243,266.0243,332.5304,332.5304,4.000000,4.000000,4.000000,5.000000,5.000000,96.000000,96.000000,96.000000,95.000000,95.000000,5.0,1463.1337,1340.2688,5187.4742,5310.3391,PENDING_AG03,FALSE,NOT_FOR_ENFORCEMENT,6384.5836,256811.4724,6650.6079,6384.5836,266.0243,0.02244119,0.02154355,266.0243,6384.5836,0.02154355,266.0243,266.0243,266.0243,332.5304,332.5304,6384.5836,0.02154355,1463.1337,1340.2688,5187.4742,5310.3391,0.01750413,0.01791872,0.00089765,16.2655,14.6936,0.3653,59.3804,1.1678,2646.0457,162.5536,12.4780,16.8648,9.0895,16.5695,22.0926,29.825,33.4482,44.5976,11.8163,0.0,2.018664,2.691552,0.981654,30,240,141,4,0.10479828,0.02244119,0.04150452,0E-8,0.000000,0.902668,0.011910,-0.02129501,2026-03-22,2026-08-05,112,5695,2177,137,0.817518,0.739886,0.767145,0.349328,,,,,,,,GLOBAL_BASELINE_NO_ENTITY_RANKING,,,NOT_APPLICABLE_GLOBAL_BASELINE,HF9g-P5,,,,X 全窗基线 · 不参与实体赏罚,14196211,1420,A168_HF9F_20260827_0900,2026-08-27 09:00:00
2026-06-04,110249610,1957,0,170.0549238881,-18.9867148031,-18.9867148031,0.5000000,5,5,0.50665070000000000,0.506650700000,-0.02660515369234503,-0.02660515369234503,-0.02660515369234503,0E-17,ELIGIBLE,R03b_20260811_FULL_v1,L1_ELIGIBILITY,v2026-08-11,2026-03-21..2026-08-06,baccarat_bet02_101_all_pairs_incl_sentinel,round_win = game_pnl > 0 (decisive only),COMPATIBILITY_ONLY_NOT_PRODUCTION,296357.1217,267511.9505,6650.6079,18220,18206,-0.02244119,-0.04150452,-0.02020951,-0.02244119,-6650.6079,296357.1217,OK,0.0000,266.0243,4.0000,96.0000,AG03-UNRESOLVED,ALL5_LEVELS_bet23_to_bet27,266.0243,266.0243,266.0243,332.5304,332.5304,4.000000,4.000000,4.000000,5.000000,5.000000,96.000000,96.000000,96.000000,95.000000,95.000000,5.0,1463.1337,1340.2688,5187.4742,5310.3391,PENDING_AG03,FALSE,NOT_FOR_ENFORCEMENT,6384.5836,256811.4724,6650.6079,6384.5836,266.0243,0.02244119,0.02154355,266.0243,6384.5836,0.02154355,266.0243,266.0243,266.0243,332.5304,332.5304,6384.5836,0.02154355,1463.1337,1340.2688,5187.4742,5310.3391,0.01750413,0.01791872,0.00089765,16.2655,14.6936,0.3653,59.3804,1.1678,2646.0457,162.5536,12.4780,16.8648,9.0895,16.5695,22.0926,29.825,33.4482,44.5976,11.8163,0.0,2.018664,2.691552,0.981654,30,240,141,4,0.10479828,0.02244119,0.04150452,0E-8,0.000000,0.902668,0.011910,-0.02129501,2026-03-22,2026-08-05,112,5695,2177,137,0.817518,0.739886,0.767145,0.349328,,,,,,,,GLOBAL_BASELINE_NO_ENTITY_RANKING,,,NOT_APPLICABLE_GLOBAL_BASELINE,HF9g-P5,,,,X 全窗基线 · 不参与实体赏罚,14196212,1420,A168_HF9F_20260827_0900,2026-08-27 09:00:00
2026-06-04,110249610,1990,0,53.9332768317,-4.4027164761,-4.4027164761,0.5000000,3,3,0.49324550000000000,0.493245500000,0.01910635448239258,0.01910635448239258,0.01910635448239258,0E-17,ELIGIBLE,R03b_20260811_FULL_v1,L1_ELIGIBILITY,v2026-08-11,2026-03-21..2026-08-06,baccarat_bet02_101_all_pairs_incl_sentinel,round_win = game_pnl > 0 (decisive only),COMPATIBILITY_ONLY_NOT_PRODUCTION,296357.1217,267511.9505,6650.6079,18220,18206,-0.02244119,-0.04150452,-0.02020951,-0.02244119,-6650.6079,296357.1217,OK,0.0000,266.0243,4.0000,96.0000,AG03-UNRESOLVED,ALL5_LEVELS_bet23_to_bet27,266.0243,266.0243,266.0243,332.5304,332.5304,4.000000,4.000000,4.000000,5.000000,5.000000,96.000000,96.000000,96.000000,95.000000,95.000000,5.0,1463.1337,1340.2688,5187.4742,5310.3391,PENDING_AG03,FALSE,NOT_FOR_ENFORCEMENT,6384.5836,256811.4724,6650.6079,6384.5836,266.0243,0.02244119,0.02154355,266.0243,6384.5836,0.02154355,266.0243,266.0243,266.0243,332.5304,332.5304,6384.5836,0.02154355,1463.1337,1340.2688,5187.4742,5310.3391,0.01750413,0.01791872,0.00089765,16.2655,14.6936,0.3653,59.3804,1.1678,2646.0457,162.5536,12.4780,16.8648,9.0895,16.5695,22.0926,29.825,33.4482,44.5976,11.8163,0.0,2.018664,2.691552,0.981654,30,240,141,4,0.10479828,0.02244119,0.04150452,0E-8,0.000000,0.902668,0.011910,-0.02129501,2026-03-22,2026-08-05,112,5695,2177,137,0.817518,0.739886,0.767145,0.349328,,,,,,,,GLOBAL_BASELINE_NO_ENTITY_RANKING,,,NOT_APPLICABLE_GLOBAL_BASELINE,HF9g-P5,,,,X 全窗基线 · 不参与实体赏罚,14196213,1420,A168_HF9F_20260827_0900,2026-08-27 09:00:00
2026-06-04,110249610,2064,0,33.0203735704,-16.5101867852,-16.5101867852,0E-7,2,2,0.49324550000000000,0.493245500000,-0.9865810262130424,-0.9865810262130424,-0.9865810262130424,0E-17,ELIGIBLE,R03b_20260811_FULL_v1,L1_ELIGIBILITY,v2026-08-11,2026-03-21..2026-08-06,baccarat_bet02_101_all_pairs_incl_sentinel,round_win = game_pnl > 0 (decisive only),COMPATIBILITY_ONLY_NOT_PRODUCTION,296357.1217,267511.9505,6650.6079,18220,18206,-0.02244119,-0.04150452,-0.02020951,-0.02244119,-6650.6079,296357.1217,OK,0.0000,266.0243,4.0000,96.0000,AG03-UNRESOLVED,ALL5_LEVELS_bet23_to_bet27,266.0243,266.0243,266.0243,332.5304,332.5304,4.000000,4.000000,4.000000,5.000000,5.000000,96.000000,96.000000,96.000000,95.000000,95.000000,5.0,1463.1337,1340.2688,5187.4742,5310.3391,PENDING_AG03,FALSE,NOT_FOR_ENFORCEMENT,6384.5836,256811.4724,6650.6079,6384.5836,266.0243,0.02244119,0.02154355,266.0243,6384.5836,0.02154355,266.0243,266.0243,266.0243,332.5304,332.5304,6384.5836,0.02154355,1463.1337,1340.2688,5187.4742,5310.3391,0.01750413,0.01791872,0.00089765,16.2655,14.6936,0.3653,59.3804,1.1678,2646.0457,162.5536,12.4780,16.8648,9.0895,16.5695,22.0926,29.825,33.4482,44.5976,11.8163,0.0,2.018664,2.691552,0.981654,30,240,141,4,0.10479828,0.02244119,0.04150452,0E-8,0.000000,0.902668,0.011910,-0.02129501,2026-03-22,2026-08-05,112,5695,2177,137,0.817518,0.739886,0.767145,0.349328,,,,,,,,GLOBAL_BASELINE_NO_ENTITY_RANKING,,,NOT_APPLICABLE_GLOBAL_BASELINE,HF9g-P5,,,,X 全窗基线 · 不参与实体赏罚,14196214,1420,A168_HF9F_20260827_0900,2026-08-27 09:00:00
2026-06-04,110249610,2068,0,161.7998304953,39.1016257029,39.1016257029,0.6666667,7,7,0.49707555714285714,0.497075557143,0.8308375778672678,0.8308375778665665,0.8308375778672678,-1.4286E-13,ELIGIBLE,R03b_20260811_FULL_v1,L1_ELIGIBILITY,v2026-08-11,2026-03-21..2026-08-06,baccarat_bet02_101_all_pairs_incl_sentinel,round_win = game_pnl > 0 (decisive only),COMPATIBILITY_ONLY_NOT_PRODUCTION,296357.1217,267511.9505,6650.6079,18220,18206,-0.02244119,-0.04150452,-0.02020951,-0.02244119,-6650.6079,296357.1217,OK,0.0000,266.0243,4.0000,96.0000,AG03-UNRESOLVED,ALL5_LEVELS_bet23_to_bet27,266.0243,266.0243,266.0243,332.5304,332.5304,4.000000,4.000000,4.000000,5.000000,5.000000,96.000000,96.000000,96.000000,95.000000,95.000000,5.0,1463.1337,1340.2688,5187.4742,5310.3391,PENDING_AG03,FALSE,NOT_FOR_ENFORCEMENT,6384.5836,256811.4724,6650.6079,6384.5836,266.0243,0.02244119,0.02154355,266.0243,6384.5836,0.02154355,266.0243,266.0243,266.0243,332.5304,332.5304,6384.5836,0.02154355,1463.1337,1340.2688,5187.4742,5310.3391,0.01750413,0.01791872,0.00089765,16.2655,14.6936,0.3653,59.3804,1.1678,2646.0457,162.5536,12.4780,16.8648,9.0895,16.5695,22.0926,29.825,33.4482,44.5976,11.8163,0.0,2.018664,2.691552,0.981654,30,240,141,4,0.10479828,0.02244119,0.04150452,0E-8,0.000000,0.902668,0.011910,-0.02129501,2026-03-22,2026-08-05,112,5695,2177,137,0.817518,0.739886,0.767145,0.349328,,,,,,,,GLOBAL_BASELINE_NO_ENTITY_RANKING,,,NOT_APPLICABLE_GLOBAL_BASELINE,HF9g-P5,,,,X 全窗基线 · 不参与实体赏罚,14196215,1420,A168_HF9F_20260827_0900,2026-08-27 09:00:00
2026-06-04,110249610,2078,0,33.0203735704,-16.5101867852,-16.5101867852,0E-7,2,2,0.50665070000000000,0.506650700000,-1.013391052207602,-1.013391052207602,-1.013391052207602,0E-17,ELIGIBLE,R03b_20260811_FULL_v1,L1_ELIGIBILITY,v2026-08-11,2026-03-21..2026-08-06,baccarat_bet02_101_all_pairs_incl_sentinel,round_win = game_pnl > 0 (decisive only),COMPATIBILITY_ONLY_NOT_PRODUCTION,296357.1217,267511.9505,6650.6079,18220,18206,-0.02244119,-0.04150452,-0.02020951,-0.02244119,-6650.6079,296357.1217,OK,0.0000,266.0243,4.0000,96.0000,AG03-UNRESOLVED,ALL5_LEVELS_bet23_to_bet27,266.0243,266.0243,266.0243,332.5304,332.5304,4.000000,4.000000,4.000000,5.000000,5.000000,96.000000,96.000000,96.000000,95.000000,95.000000,5.0,1463.1337,1340.2688,5187.4742,5310.3391,PENDING_AG03,FALSE,NOT_FOR_ENFORCEMENT,6384.5836,256811.4724,6650.6079,6384.5836,266.0243,0.02244119,0.02154355,266.0243,6384.5836,0.02154355,266.0243,266.0243,266.0243,332.5304,332.5304,6384.5836,0.02154355,1463.1337,1340.2688,5187.4742,5310.3391,0.01750413,0.01791872,0.00089765,16.2655,14.6936,0.3653,59.3804,1.1678,2646.0457,162.5536,12.4780,16.8648,9.0895,16.5695,22.0926,29.825,33.4482,44.5976,11.8163,0.0,2.018664,2.691552,0.981654,30,240,141,4,0.10479828,0.02244119,0.04150452,0E-8,0.000000,0.902668,0.011910,-0.02129501,2026-03-22,2026-08-05,112,5695,2177,137,0.817518,0.739886,0.767145,0.349328,,,,,,,,GLOBAL_BASELINE_NO_ENTITY_RANKING,,,NOT_APPLICABLE_GLOBAL_BASELINE,HF9g-P5,,,,X 全窗基线 · 不参与实体赏罚,14196216,1420,A168_HF9F_20260827_0900,2026-08-27 09:00:00
2026-06-04,110249610,2093,0,44.0271647606,-11.0067911902,-11.0067911902,0.5000000,2,2,0.49324550000000000,0.493245500000,0.01910635448239258,0.01910635448239258,0.01910635448239258,0E-17,ELIGIBLE,R03b_20260811_FULL_v1,L1_ELIGIBILITY,v2026-08-11,2026-03-21..2026-08-06,baccarat_bet02_101_all_pairs_incl_sentinel,round_win = game_pnl > 0 (decisive only),COMPATIBILITY_ONLY_NOT_PRODUCTION,296357.1217,267511.9505,6650.6079,18220,18206,-0.02244119,-0.04150452,-0.02020951,-0.02244119,-6650.6079,296357.1217,OK,0.0000,266.0243,4.0000,96.0000,AG03-UNRESOLVED,ALL5_LEVELS_bet23_to_bet27,266.0243,266.0243,266.0243,332.5304,332.5304,4.000000,4.000000,4.000000,5.000000,5.000000,96.000000,96.000000,96.000000,95.000000,95.000000,5.0,1463.1337,1340.2688,5187.4742,5310.3391,PENDING_AG03,FALSE,NOT_FOR_ENFORCEMENT,6384.5836,256811.4724,6650.6079,6384.5836,266.0243,0.02244119,0.02154355,266.0243,6384.5836,0.02154355,266.0243,266.0243,266.0243,332.5304,332.5304,6384.5836,0.02154355,1463.1337,1340.2688,5187.4742,5310.3391,0.01750413,0.01791872,0.00089765,16.2655,14.6936,0.3653,59.3804,1.1678,2646.0457,162.5536,12.4780,16.8648,9.0895,16.5695,22.0926,29.825,33.4482,44.5976,11.8163,0.0,2.018664,2.691552,0.981654,30,240,141,4,0.10479828,0.02244119,0.04150452,0E-8,0.000000,0.902668,0.011910,-0.02129501,2026-03-22,2026-08-05,112,5695,2177,137,0.817518,0.739886,0.767145,0.349328,,,,,,,,GLOBAL_BASELINE_NO_ENTITY_RANKING,,,NOT_APPLICABLE_GLOBAL_BASELINE,HF9g-P5,,,,X 全窗基线 · 不参与实体赏罚,14196217,1420,A168_HF9F_20260827_0900,2026-08-27 09:00:00
2026-06-04,110249610,2101,0,11.0067911902,-11.0067911902,-11.0067911902,0E-7,1,1,0.49324550000000000,0.493245500000,-0.9865810262130424,-0.9865810262130424,-0.9865810262130424,0E-17,ELIGIBLE,R03b_20260811_FULL_v1,L1_ELIGIBILITY,v2026-08-11,2026-03-21..2026-08-06,baccarat_bet02_101_all_pairs_incl_sentinel,round_win = game_pnl > 0 (decisive only),COMPATIBILITY_ONLY_NOT_PRODUCTION,296357.1217,267511.9505,6650.6079,18220,18206,-0.02244119,-0.04150452,-0.02020951,-0.02244119,-6650.6079,296357.1217,OK,0.0000,266.0243,4.0000,96.0000,AG03-UNRESOLVED,ALL5_LEVELS_bet23_to_bet27,266.0243,266.0243,266.0243,332.5304,332.5304,4.000000,4.000000,4.000000,5.000000,5.000000,96.000000,96.000000,96.000000,95.000000,95.000000,5.0,1463.1337,1340.2688,5187.4742,5310.3391,PENDING_AG03,FALSE,NOT_FOR_ENFORCEMENT,6384.5836,256811.4724,6650.6079,6384.5836,266.0243,0.02244119,0.02154355,266.0243,6384.5836,0.02154355,266.0243,266.0243,266.0243,332.5304,332.5304,6384.5836,0.02154355,1463.1337,1340.2688,5187.4742,5310.3391,0.01750413,0.01791872,0.00089765,16.2655,14.6936,0.3653,59.3804,1.1678,2646.0457,162.5536,12.4780,16.8648,9.0895,16.5695,22.0926,29.825,33.4482,44.5976,11.8163,0.0,2.018664,2.691552,0.981654,30,240,141,4,0.10479828,0.02244119,0.04150452,0E-8,0.000000,0.902668,0.011910,-0.02129501,2026-03-22,2026-08-05,112,5695,2177,137,0.817518,0.739886,0.767145,0.349328,,,,,,,,GLOBAL_BASELINE_NO_ENTITY_RANKING,,,NOT_APPLICABLE_GLOBAL_BASELINE,HF9g-P5,,,,X 全窗基线 · 不参与实体赏罚,14196218,1420,A168_HF9F_20260827_0900,2026-08-27 09:00:00
2026-06-04,110249610,2121,0,128.2291173654,-15.4095076663,-15.4095076663,0.4000000,7,7,0.49707555714285714,0.497075557143,-0.4341425154050949,-0.4341425154057331,-0.4341425154050949,-1.4286E-13,ELIGIBLE,R03b_20260811_FULL_v1,L1_ELIGIBILITY,v2026-08-11,2026-03-21..2026-08-06,baccarat_bet02_101_all_pairs_incl_sentinel,round_win = game_pnl > 0 (decisive only),COMPATIBILITY_ONLY_NOT_PRODUCTION,296357.1217,267511.9505,6650.6079,18220,18206,-0.02244119,-0.04150452,-0.02020951,-0.02244119,-6650.6079,296357.1217,OK,0.0000,266.0243,4.0000,96.0000,AG03-UNRESOLVED,ALL5_LEVELS_bet23_to_bet27,266.0243,266.0243,266.0243,332.5304,332.5304,4.000000,4.000000,4.000000,5.000000,5.000000,96.000000,96.000000,96.000000,95.000000,95.000000,5.0,1463.1337,1340.2688,5187.4742,5310.3391,PENDING_AG03,FALSE,NOT_FOR_ENFORCEMENT,6384.5836,256811.4724,6650.6079,6384.5836,266.0243,0.02244119,0.02154355,266.0243,6384.5836,0.02154355,266.0243,266.0243,266.0243,332.5304,332.5304,6384.5836,0.02154355,1463.1337,1340.2688,5187.4742,5310.3391,0.01750413,0.01791872,0.00089765,16.2655,14.6936,0.3653,59.3804,1.1678,2646.0457,162.5536,12.4780,16.8648,9.0895,16.5695,22.0926,29.825,33.4482,44.5976,11.8163,0.0,2.018664,2.691552,0.981654,30,240,141,4,0.10479828,0.02244119,0.04150452,0E-8,0.000000,0.902668,0.011910,-0.02129501,2026-03-22,2026-08-05,112,5695,2177,137,0.817518,0.739886,0.767145,0.349328,,,,,,,,GLOBAL_BASELINE_NO_ENTITY_RANKING,,,NOT_APPLICABLE_GLOBAL_BASELINE,HF9g-P5,,,,X 全窗基线 · 不参与实体赏罚,14196219,1420,A168_HF9F_20260827_0900,2026-08-27 09:00:00
2026-06-04,110249610,2127,0,53.9332768318,-11.0067911902,-11.0067911902,0.5000000,2,2,0.50665070000000000,0.506650700000,-0.018812684590367487,-0.018812684590367487,-0.018812684590367487,0E-17,ELIGIBLE,R03b_20260811_FULL_v1,L1_ELIGIBILITY,v2026-08-11,2026-03-21..2026-08-06,baccarat_bet02_101_all_pairs_incl_sentinel,round_win = game_pnl > 0 (decisive only),COMPATIBILITY_ONLY_NOT_PRODUCTION,296357.1217,267511.9505,6650.6079,18220,18206,-0.02244119,-0.04150452,-0.02020951,-0.02244119,-6650.6079,296357.1217,OK,0.0000,266.0243,4.0000,96.0000,AG03-UNRESOLVED,ALL5_LEVELS_bet23_to_bet27,266.0243,266.0243,266.0243,332.5304,332.5304,4.000000,4.000000,4.000000,5.000000,5.000000,96.000000,96.000000,96.000000,95.000000,95.000000,5.0,1463.1337,1340.2688,5187.4742,5310.3391,PENDING_AG03,FALSE,NOT_FOR_ENFORCEMENT,6384.5836,256811.4724,6650.6079,6384.5836,266.0243,0.02244119,0.02154355,266.0243,6384.5836,0.02154355,266.0243,266.0243,266.0243,332.5304,332.5304,6384.5836,0.02154355,1463.1337,1340.2688,5187.4742,5310.3391,0.01750413,0.01791872,0.00089765,16.2655,14.6936,0.3653,59.3804,1.1678,2646.0457,162.5536,12.4780,16.8648,9.0895,16.5695,22.0926,29.825,33.4482,44.5976,11.8163,0.0,2.018664,2.691552,0.981654,30,240,141,4,0.10479828,0.02244119,0.04150452,0E-8,0.000000,0.902668,0.011910,-0.02129501,2026-03-22,2026-08-05,112,5695,2177,137,0.817518,0.739886,0.767145,0.349328,,,,,,,,GLOBAL_BASELINE_NO_ENTITY_RANKING,,,NOT_APPLICABLE_GLOBAL_BASELINE,HF9g-P5,,,,X 全窗基线 · 不参与实体赏罚,14196220,1420,A168_HF9F_20260827_0900,2026-08-27 09:00:00
2026-06-04,110249610,2129,0,173.9073008045,9.3557725117,9.3557725117,0.6250000,8,8,0.49994810000000000,0.499948100000,0.7074003757330176,0.7074003757330176,0.7074003757330176,0E-17,ELIGIBLE,R03b_20260811_FULL_v1,L1_ELIGIBILITY,v2026-08-11,2026-03-21..2026-08-06,baccarat_bet02_101_all_pairs_incl_sentinel,round_win = game_pnl > 0 (decisive only),COMPATIBILITY_ONLY_NOT_PRODUCTION,296357.1217,267511.9505,6650.6079,18220,18206,-0.02244119,-0.04150452,-0.02020951,-0.02244119,-6650.6079,296357.1217,OK,0.0000,266.0243,4.0000,96.0000,AG03-UNRESOLVED,ALL5_LEVELS_bet23_to_bet27,266.0243,266.0243,266.0243,332.5304,332.5304,4.000000,4.000000,4.000000,5.000000,5.000000,96.000000,96.000000,96.000000,95.000000,95.000000,5.0,1463.1337,1340.2688,5187.4742,5310.3391,PENDING_AG03,FALSE,NOT_FOR_ENFORCEMENT,6384.5836,256811.4724,6650.6079,6384.5836,266.0243,0.02244119,0.02154355,266.0243,6384.5836,0.02154355,266.0243,266.0243,266.0243,332.5304,332.5304,6384.5836,0.02154355,1463.1337,1340.2688,5187.4742,5310.3391,0.01750413,0.01791872,0.00089765,16.2655,14.6936,0.3653,59.3804,1.1678,2646.0457,162.5536,12.4780,16.8648,9.0895,16.5695,22.0926,29.825,33.4482,44.5976,11.8163,0.0,2.018664,2.691552,0.981654,30,240,141,4,0.10479828,0.02244119,0.04150452,0E-8,0.000000,0.902668,0.011910,-0.02129501,2026-03-22,2026-08-05,112,5695,2177,137,0.817518,0.739886,0.767145,0.349328,,,,,,,,GLOBAL_BASELINE_NO_ENTITY_RANKING,,,NOT_APPLICABLE_GLOBAL_BASELINE,HF9g-P5,,,,X 全窗基线 · 不参与实体赏罚,14196221,1420,A168_HF9F_20260827_0900,2026-08-27 09:00:00
2026-06-04,110249610,2134,0,38.5237691655,-38.5237691655,-38.5237691655,0E-7,2,2,0.49994810000000000,0.499948100000,-1.4140667746232096,-1.4140667746232096,-1.4140667746232096,0E-17,ELIGIBLE,R03b_20260811_FULL_v1,L1_ELIGIBILITY,v2026-08-11,2026-03-21..2026-08-06,baccarat_bet02_101_all_pairs_incl_sentinel,round_win = game_pnl > 0 (decisive only),COMPATIBILITY_ONLY_NOT_PRODUCTION,296357.1217,267511.9505,6650.6079,18220,18206,-0.02244119,-0.04150452,-0.02020951,-0.02244119,-6650.6079,296357.1217,OK,0.0000,266.0243,4.0000,96.0000,AG03-UNRESOLVED,ALL5_LEVELS_bet23_to_bet27,266.0243,266.0243,266.0243,332.5304,332.5304,4.000000,4.000000,4.000000,5.000000,5.000000,96.000000,96.000000,96.000000,95.000000,95.000000,5.0,1463.1337,1340.2688,5187.4742,5310.3391,PENDING_AG03,FALSE,NOT_FOR_ENFORCEMENT,6384.5836,256811.4724,6650.6079,6384.5836,266.0243,0.02244119,0.02154355,266.0243,6384.5836,0.02154355,266.0243,266.0243,266.0243,332.5304,332.5304,6384.5836,0.02154355,1463.1337,1340.2688,5187.4742,5310.3391,0.01750413,0.01791872,0.00089765,16.2655,14.6936,0.3653,59.3804,1.1678,2646.0457,162.5536,12.4780,16.8648,9.0895,16.5695,22.0926,29.825,33.4482,44.5976,11.8163,0.0,2.018664,2.691552,0.981654,30,240,141,4,0.10479828,0.02244119,0.04150452,0E-8,0.000000,0.902668,0.011910,-0.02129501,2026-03-22,2026-08-05,112,5695,2177,137,0.817518,0.739886,0.767145,0.349328,,,,,,,,GLOBAL_BASELINE_NO_ENTITY_RANKING,,,NOT_APPLICABLE_GLOBAL_BASELINE,HF9g-P5,,,,X 全窗基线 · 不参与实体赏罚,14196222,1420,A168_HF9F_20260827_0900,2026-08-27 09:00:00
2026-06-04,110249610,2142,0,121.0747030919,40.4499576239,40.4499576239,0.6666667,6,6,0.50218230000000000,0.502182300000,0.8058132132962729,0.8058132132962729,0.8058132132962729,0E-17,ELIGIBLE,R03b_20260811_FULL_v1,L1_ELIGIBILITY,v2026-08-11,2026-03-21..2026-08-06,baccarat_bet02_101_all_pairs_incl_sentinel,round_win = game_pnl > 0 (decisive only),COMPATIBILITY_ONLY_NOT_PRODUCTION,296357.1217,267511.9505,6650.6079,18220,18206,-0.02244119,-0.04150452,-0.02020951,-0.02244119,-6650.6079,296357.1217,OK,0.0000,266.0243,4.0000,96.0000,AG03-UNRESOLVED,ALL5_LEVELS_bet23_to_bet27,266.0243,266.0243,266.0243,332.5304,332.5304,4.000000,4.000000,4.000000,5.000000,5.000000,96.000000,96.000000,96.000000,95.000000,95.000000,5.0,1463.1337,1340.2688,5187.4742,5310.3391,PENDING_AG03,FALSE,NOT_FOR_ENFORCEMENT,6384.5836,256811.4724,6650.6079,6384.5836,266.0243,0.02244119,0.02154355,266.0243,6384.5836,0.02154355,266.0243,266.0243,266.0243,332.5304,332.5304,6384.5836,0.02154355,1463.1337,1340.2688,5187.4742,5310.3391,0.01750413,0.01791872,0.00089765,16.2655,14.6936,0.3653,59.3804,1.1678,2646.0457,162.5536,12.4780,16.8648,9.0895,16.5695,22.0926,29.825,33.4482,44.5976,11.8163,0.0,2.018664,2.691552,0.981654,30,240,141,4,0.10479828,0.02244119,0.04150452,0E-8,0.000000,0.902668,0.011910,-0.02129501,2026-03-22,2026-08-05,112,5695,2177,137,0.817518,0.739886,0.767145,0.349328,,,,,,,,GLOBAL_BASELINE_NO_ENTITY_RANKING,,,NOT_APPLICABLE_GLOBAL_BASELINE,HF9g-P5,,,,X 全窗基线 · 不参与实体赏罚,14196223,1420,A168_HF9F_20260827_0900,2026-08-27 09:00:00
2026-06-04,110249610,2145,0,11.0067911902,-11.0067911902,-11.0067911902,0E-7,1,1,0.50665070000000000,0.506650700000,-1.013391052207602,-1.013391052207602,-1.013391052207602,0E-17,ELIGIBLE,R03b_20260811_FULL_v1,L1_ELIGIBILITY,v2026-08-11,2026-03-21..2026-08-06,baccarat_bet02_101_all_pairs_incl_sentinel,round_win = game_pnl > 0 (decisive only),COMPATIBILITY_ONLY_NOT_PRODUCTION,296357.1217,267511.9505,6650.6079,18220,18206,-0.02244119,-0.04150452,-0.02020951,-0.02244119,-6650.6079,296357.1217,OK,0.0000,266.0243,4.0000,96.0000,AG03-UNRESOLVED,ALL5_LEVELS_bet23_to_bet27,266.0243,266.0243,266.0243,332.5304,332.5304,4.000000,4.000000,4.000000,5.000000,5.000000,96.000000,96.000000,96.000000,95.000000,95.000000,5.0,1463.1337,1340.2688,5187.4742,5310.3391,PENDING_AG03,FALSE,NOT_FOR_ENFORCEMENT,6384.5836,256811.4724,6650.6079,6384.5836,266.0243,0.02244119,0.02154355,266.0243,6384.5836,0.02154355,266.0243,266.0243,266.0243,332.5304,332.5304,6384.5836,0.02154355,1463.1337,1340.2688,5187.4742,5310.3391,0.01750413,0.01791872,0.00089765,16.2655,14.6936,0.3653,59.3804,1.1678,2646.0457,162.5536,12.4780,16.8648,9.0895,16.5695,22.0926,29.825,33.4482,44.5976,11.8163,0.0,2.018664,2.691552,0.981654,30,240,141,4,0.10479828,0.02244119,0.04150452,0E-8,0.000000,0.902668,0.011910,-0.02129501,2026-03-22,2026-08-05,112,5695,2177,137,0.817518,0.739886,0.767145,0.349328,,,,,,,,GLOBAL_BASELINE_NO_ENTITY_RANKING,,,NOT_APPLICABLE_GLOBAL_BASELINE,HF9g-P5,,,,X 全窗基线 · 不参与实体赏罚,14196224,1420,A168_HF9F_20260827_0900,2026-08-27 09:00:00
2026-06-04,110249610,2152,0,125.4774195678,-3.7973429606,-3.7973429606,0.5000000,5,5,0.50396966000000000,0.503969660000,-0.0158791404612453,-0.0158791404612453,-0.0158791404612453,0E-17,ELIGIBLE,R03b_20260811_FULL_v1,L1_ELIGIBILITY,v2026-08-11,2026-03-21..2026-08-06,baccarat_bet02_101_all_pairs_incl_sentinel,round_win = game_pnl > 0 (decisive only),COMPATIBILITY_ONLY_NOT_PRODUCTION,296357.1217,267511.9505,6650.6079,18220,18206,-0.02244119,-0.04150452,-0.02020951,-0.02244119,-6650.6079,296357.1217,OK,0.0000,266.0243,4.0000,96.0000,AG03-UNRESOLVED,ALL5_LEVELS_bet23_to_bet27,266.0243,266.0243,266.0243,332.5304,332.5304,4.000000,4.000000,4.000000,5.000000,5.000000,96.000000,96.000000,96.000000,95.000000,95.000000,5.0,1463.1337,1340.2688,5187.4742,5310.3391,PENDING_AG03,FALSE,NOT_FOR_ENFORCEMENT,6384.5836,256811.4724,6650.6079,6384.5836,266.0243,0.02244119,0.02154355,266.0243,6384.5836,0.02154355,266.0243,266.0243,266.0243,332.5304,332.5304,6384.5836,0.02154355,1463.1337,1340.2688,5187.4742,5310.3391,0.01750413,0.01791872,0.00089765,16.2655,14.6936,0.3653,59.3804,1.1678,2646.0457,162.5536,12.4780,16.8648,9.0895,16.5695,22.0926,29.825,33.4482,44.5976,11.8163,0.0,2.018664,2.691552,0.981654,30,240,141,4,0.10479828,0.02244119,0.04150452,0E-8,0.000000,0.902668,0.011910,-0.02129501,2026-03-22,2026-08-05,112,5695,2177,137,0.817518,0.739886,0.767145,0.349328,,,,,,,,GLOBAL_BASELINE_NO_ENTITY_RANKING,,,NOT_APPLICABLE_GLOBAL_BASELINE,HF9g-P5,,,,X 全窗基线 · 不参与实体赏罚,14196225,1420,A168_HF9F_20260827_0900,2026-08-27 09:00:00
2026-06-04,110249610,2160,0,136.0439391103,-37.9349058368,-37.9349058368,0.2500000,5,5,0.50128862000000000,0.501288620000,-1.0051578182180947,-1.0051578182180947,-1.0051578182180947,0E-17,ELIGIBLE,R03b_20260811_FULL_v1,L1_ELIGIBILITY,v2026-08-11,2026-03-21..2026-08-06,baccarat_bet02_101_all_pairs_incl_sentinel,round_win = game_pnl > 0 (decisive only),COMPATIBILITY_ONLY_NOT_PRODUCTION,296357.1217,267511.9505,6650.6079,18220,18206,-0.02244119,-0.04150452,-0.02020951,-0.02244119,-6650.6079,296357.1217,OK,0.0000,266.0243,4.0000,96.0000,AG03-UNRESOLVED,ALL5_LEVELS_bet23_to_bet27,266.0243,266.0243,266.0243,332.5304,332.5304,4.000000,4.000000,4.000000,5.000000,5.000000,96.000000,96.000000,96.000000,95.000000,95.000000,5.0,1463.1337,1340.2688,5187.4742,5310.3391,PENDING_AG03,FALSE,NOT_FOR_ENFORCEMENT,6384.5836,256811.4724,6650.6079,6384.5836,266.0243,0.02244119,0.02154355,266.0243,6384.5836,0.02154355,266.0243,266.0243,266.0243,332.5304,332.5304,6384.5836,0.02154355,1463.1337,1340.2688,5187.4742,5310.3391,0.01750413,0.01791872,0.00089765,16.2655,14.6936,0.3653,59.3804,1.1678,2646.0457,162.5536,12.4780,16.8648,9.0895,16.5695,22.0926,29.825,33.4482,44.5976,11.8163,0.0,2.018664,2.691552,0.981654,30,240,141,4,0.10479828,0.02244119,0.04150452,0E-8,0.000000,0.902668,0.011910,-0.02129501,2026-03-22,2026-08-05,112,5695,2177,137,0.817518,0.739886,0.767145,0.349328,,,,,,,,GLOBAL_BASELINE_NO_ENTITY_RANKING,,,NOT_APPLICABLE_GLOBAL_BASELINE,HF9g-P5,,,,X 全窗基线 · 不参与实体赏罚,14196226,1420,A168_HF9F_20260827_0900,2026-08-27 09:00:00
2026-06-04,110249610,2169,0,168.4039052094,-85.3026317238,-85.3026317238,0.2000000,7,7,0.49707555714285714,0.497075557143,-1.3285850057349882,-1.3285850057356248,-1.3285850057349882,-1.4286E-13,ELIGIBLE,R03b_20260811_FULL_v1,L1_ELIGIBILITY,v2026-08-11,2026-03-21..2026-08-06,baccarat_bet02_101_all_pairs_incl_sentinel,round_win = game_pnl > 0 (decisive only),COMPATIBILITY_ONLY_NOT_PRODUCTION,296357.1217,267511.9505,6650.6079,18220,18206,-0.02244119,-0.04150452,-0.02020951,-0.02244119,-6650.6079,296357.1217,OK,0.0000,266.0243,4.0000,96.0000,AG03-UNRESOLVED,ALL5_LEVELS_bet23_to_bet27,266.0243,266.0243,266.0243,332.5304,332.5304,4.000000,4.000000,4.000000,5.000000,5.000000,96.000000,96.000000,96.000000,95.000000,95.000000,5.0,1463.1337,1340.2688,5187.4742,5310.3391,PENDING_AG03,FALSE,NOT_FOR_ENFORCEMENT,6384.5836,256811.4724,6650.6079,6384.5836,266.0243,0.02244119,0.02154355,266.0243,6384.5836,0.02154355,266.0243,266.0243,266.0243,332.5304,332.5304,6384.5836,0.02154355,1463.1337,1340.2688,5187.4742,5310.3391,0.01750413,0.01791872,0.00089765,16.2655,14.6936,0.3653,59.3804,1.1678,2646.0457,162.5536,12.4780,16.8648,9.0895,16.5695,22.0926,29.825,33.4482,44.5976,11.8163,0.0,2.018664,2.691552,0.981654,30,240,141,4,0.10479828,0.02244119,0.04150452,0E-8,0.000000,0.902668,0.011910,-0.02129501,2026-03-22,2026-08-05,112,5695,2177,137,0.817518,0.739886,0.767145,0.349328,,,,,,,,GLOBAL_BASELINE_NO_ENTITY_RANKING,,,NOT_APPLICABLE_GLOBAL_BASELINE,HF9g-P5,,,,X 全窗基线 · 不参与实体赏罚,14196227,1420,A168_HF9F_20260827_0900,2026-08-27 09:00:00
2026-06-04,110249610,2170,0,66.3709508766,-12.7128438245,-12.7128438245,0.5000000,4,4,0.50665070000000000,0.506650700000,-0.02660515369234503,-0.02660515369234503,-0.02660515369234503,0E-17,ELIGIBLE,R03b_20260811_FULL_v1,L1_ELIGIBILITY,v2026-08-11,2026-03-21..2026-08-06,baccarat_bet02_101_all_pairs_incl_sentinel,round_win = game_pnl > 0 (decisive only),COMPATIBILITY_ONLY_NOT_PRODUCTION,296357.1217,267511.9505,6650.6079,18220,18206,-0.02244119,-0.04150452,-0.02020951,-0.02244119,-6650.6079,296357.1217,OK,0.0000,266.0243,4.0000,96.0000,AG03-UNRESOLVED,ALL5_LEVELS_bet23_to_bet27,266.0243,266.0243,266.0243,332.5304,332.5304,4.000000,4.000000,4.000000,5.000000,5.000000,96.000000,96.000000,96.000000,95.000000,95.000000,5.0,1463.1337,1340.2688,5187.4742,5310.3391,PENDING_AG03,FALSE,NOT_FOR_ENFORCEMENT,6384.5836,256811.4724,6650.6079,6384.5836,266.0243,0.02244119,0.02154355,266.0243,6384.5836,0.02154355,266.0243,266.0243,266.0243,332.5304,332.5304,6384.5836,0.02154355,1463.1337,1340.2688,5187.4742,5310.3391,0.01750413,0.01791872,0.00089765,16.2655,14.6936,0.3653,59.3804,1.1678,2646.0457,162.5536,12.4780,16.8648,9.0895,16.5695,22.0926,29.825,33.4482,44.5976,11.8163,0.0,2.018664,2.691552,0.981654,30,240,141,4,0.10479828,0.02244119,0.04150452,0E-8,0.000000,0.902668,0.011910,-0.02129501,2026-03-22,2026-08-05,112,5695,2177,137,0.817518,0.739886,0.767145,0.349328,,,,,,,,GLOBAL_BASELINE_NO_ENTITY_RANKING,,,NOT_APPLICABLE_GLOBAL_BASELINE,HF9g-P5,,,,X 全窗基线 · 不参与实体赏罚,14196228,1420,A168_HF9F_20260827_0900,2026-08-27 09:00:00
2026-06-04,110249610,2171,0,92.4570459973,-37.9734296060,-37.9734296060,0.4000000,5,5,0.50128862000000000,0.501288620000,-0.4529779837142727,-0.4529779837142727,-0.4529779837142727,0E-17,ELIGIBLE,R03b_20260811_FULL_v1,L1_ELIGIBILITY,v2026-08-11,2026-03-21..2026-08-06,baccarat_bet02_101_all_pairs_incl_sentinel,round_win = game_pnl > 0 (decisive only),COMPATIBILITY_ONLY_NOT_PRODUCTION,296357.1217,267511.9505,6650.6079,18220,18206,-0.02244119,-0.04150452,-0.02020951,-0.02244119,-6650.6079,296357.1217,OK,0.0000,266.0243,4.0000,96.0000,AG03-UNRESOLVED,ALL5_LEVELS_bet23_to_bet27,266.0243,266.0243,266.0243,332.5304,332.5304,4.000000,4.000000,4.000000,5.000000,5.000000,96.000000,96.000000,96.000000,95.000000,95.000000,5.0,1463.1337,1340.2688,5187.4742,5310.3391,PENDING_AG03,FALSE,NOT_FOR_ENFORCEMENT,6384.5836,256811.4724,6650.6079,6384.5836,266.0243,0.02244119,0.02154355,266.0243,6384.5836,0.02154355,266.0243,266.0243,266.0243,332.5304,332.5304,6384.5836,0.02154355,1463.1337,1340.2688,5187.4742,5310.3391,0.01750413,0.01791872,0.00089765,16.2655,14.6936,0.3653,59.3804,1.1678,2646.0457,162.5536,12.4780,16.8648,9.0895,16.5695,22.0926,29.825,33.4482,44.5976,11.8163,0.0,2.018664,2.691552,0.981654,30,240,141,4,0.10479828,0.02244119,0.04150452,0E-8,0.000000,0.902668,0.011910,-0.02129501,2026-03-22,2026-08-05,112,5695,2177,137,0.817518,0.739886,0.767145,0.349328,,,,,,,,GLOBAL_BASELINE_NO_ENTITY_RANKING,,,NOT_APPLICABLE_GLOBAL_BASELINE,HF9g-P5,,,,X 全窗基线 · 不参与实体赏罚,14196229,1420,A168_HF9F_20260827_0900,2026-08-27 09:00:00
2026-06-04,110249610,2175,0,27.5169779754,-6.0537351545,-6.0537351545,0.5000000,2,2,0.50665070000000000,0.506650700000,-0.018812684590367487,-0.018812684590367487,-0.018812684590367487,0E-17,ELIGIBLE,R03b_20260811_FULL_v1,L1_ELIGIBILITY,v2026-08-11,2026-03-21..2026-08-06,baccarat_bet02_101_all_pairs_incl_sentinel,round_win = game_pnl > 0 (decisive only),COMPATIBILITY_ONLY_NOT_PRODUCTION,296357.1217,267511.9505,6650.6079,18220,18206,-0.02244119,-0.04150452,-0.02020951,-0.02244119,-6650.6079,296357.1217,OK,0.0000,266.0243,4.0000,96.0000,AG03-UNRESOLVED,ALL5_LEVELS_bet23_to_bet27,266.0243,266.0243,266.0243,332.5304,332.5304,4.000000,4.000000,4.000000,5.000000,5.000000,96.000000,96.000000,96.000000,95.000000,95.000000,5.0,1463.1337,1340.2688,5187.4742,5310.3391,PENDING_AG03,FALSE,NOT_FOR_ENFORCEMENT,6384.5836,256811.4724,6650.6079,6384.5836,266.0243,0.02244119,0.02154355,266.0243,6384.5836,0.02154355,266.0243,266.0243,266.0243,332.5304,332.5304,6384.5836,0.02154355,1463.1337,1340.2688,5187.4742,5310.3391,0.01750413,0.01791872,0.00089765,16.2655,14.6936,0.3653,59.3804,1.1678,2646.0457,162.5536,12.4780,16.8648,9.0895,16.5695,22.0926,29.825,33.4482,44.5976,11.8163,0.0,2.018664,2.691552,0.981654,30,240,141,4,0.10479828,0.02244119,0.04150452,0E-8,0.000000,0.902668,0.011910,-0.02129501,2026-03-22,2026-08-05,112,5695,2177,137,0.817518,0.739886,0.767145,0.349328,,,,,,,,GLOBAL_BASELINE_NO_ENTITY_RANKING,,,NOT_APPLICABLE_GLOBAL_BASELINE,HF9g-P5,,,,X 全窗基线 · 不参与实体赏罚,14196230,1420,A168_HF9F_20260827_0900,2026-08-27 09:00:00
2026-06-04,110249610,2188,0,172.4764179500,71.1313880664,71.1313880664,0.7777778,9,9,0.50665070000000000,0.506650700000,1.6269063950638647,1.6269063950638647,1.6269063950638647,0E-17,ELIGIBLE,R03b_20260811_FULL_v1,L1_ELIGIBILITY,v2026-08-11,2026-03-21..2026-08-06,baccarat_bet02_101_all_pairs_incl_sentinel,round_win = game_pnl > 0 (decisive only),COMPATIBILITY_ONLY_NOT_PRODUCTION,296357.1217,267511.9505,6650.6079,18220,18206,-0.02244119,-0.04150452,-0.02020951,-0.02244119,-6650.6079,296357.1217,OK,0.0000,266.0243,4.0000,96.0000,AG03-UNRESOLVED,ALL5_LEVELS_bet23_to_bet27,266.0243,266.0243,266.0243,332.5304,332.5304,4.000000,4.000000,4.000000,5.000000,5.000000,96.000000,96.000000,96.000000,95.000000,95.000000,5.0,1463.1337,1340.2688,5187.4742,5310.3391,PENDING_AG03,FALSE,NOT_FOR_ENFORCEMENT,6384.5836,256811.4724,6650.6079,6384.5836,266.0243,0.02244119,0.02154355,266.0243,6384.5836,0.02154355,266.0243,266.0243,266.0243,332.5304,332.5304,6384.5836,0.02154355,1463.1337,1340.2688,5187.4742,5310.3391,0.01750413,0.01791872,0.00089765,16.2655,14.6936,0.3653,59.3804,1.1678,2646.0457,162.5536,12.4780,16.8648,9.0895,16.5695,22.0926,29.825,33.4482,44.5976,11.8163,0.0,2.018664,2.691552,0.981654,30,240,141,4,0.10479828,0.02244119,0.04150452,0E-8,0.000000,0.902668,0.011910,-0.02129501,2026-03-22,2026-08-05,112,5695,2177,137,0.817518,0.739886,0.767145,0.349328,,,,,,,,GLOBAL_BASELINE_NO_ENTITY_RANKING,,,NOT_APPLICABLE_GLOBAL_BASELINE,HF9g-P5,,,,X 全窗基线 · 不参与实体赏罚,14196231,1420,A168_HF9F_20260827_0900,2026-08-27 09:00:00
2026-06-04,110249610,2216,0,129.8801360438,-19.4820204066,-19.4820204066,0.4000000,7,7,0.50473567142857143,0.504735671429,-0.46841317225253143,-0.46841317225445195,-0.46841317225253143,-4.2857E-13,ELIGIBLE,R03b_20260811_FULL_v1,L1_ELIGIBILITY,v2026-08-11,2026-03-21..2026-08-06,baccarat_bet02_101_all_pairs_incl_sentinel,round_win = game_pnl > 0 (decisive only),COMPATIBILITY_ONLY_NOT_PRODUCTION,296357.1217,267511.9505,6650.6079,18220,18206,-0.02244119,-0.04150452,-0.02020951,-0.02244119,-6650.6079,296357.1217,OK,0.0000,266.0243,4.0000,96.0000,AG03-UNRESOLVED,ALL5_LEVELS_bet23_to_bet27,266.0243,266.0243,266.0243,332.5304,332.5304,4.000000,4.000000,4.000000,5.000000,5.000000,96.000000,96.000000,96.000000,95.000000,95.000000,5.0,1463.1337,1340.2688,5187.4742,5310.3391,PENDING_AG03,FALSE,NOT_FOR_ENFORCEMENT,6384.5836,256811.4724,6650.6079,6384.5836,266.0243,0.02244119,0.02154355,266.0243,6384.5836,0.02154355,266.0243,266.0243,266.0243,332.5304,332.5304,6384.5836,0.02154355,1463.1337,1340.2688,5187.4742,5310.3391,0.01750413,0.01791872,0.00089765,16.2655,14.6936,0.3653,59.3804,1.1678,2646.0457,162.5536,12.4780,16.8648,9.0895,16.5695,22.0926,29.825,33.4482,44.5976,11.8163,0.0,2.018664,2.691552,0.981654,30,240,141,4,0.10479828,0.02244119,0.04150452,0E-8,0.000000,0.902668,0.011910,-0.02129501,2026-03-22,2026-08-05,112,5695,2177,137,0.817518,0.739886,0.767145,0.349328,,,,,,,,GLOBAL_BASELINE_NO_ENTITY_RANKING,,,NOT_APPLICABLE_GLOBAL_BASELINE,HF9g-P5,,,,X 全窗基线 · 不参与实体赏罚,14196232,1420,A168_HF9F_20260827_0900,2026-08-27 09:00:00
2026-06-04,110249610,2222,0,43.3667572892,-11.1718930580,-11.1718930580,0.5000000,2,2,0.50665070000000000,0.506650700000,-0.018812684590367487,-0.018812684590367487,-0.018812684590367487,0E-17,ELIGIBLE,R03b_20260811_FULL_v1,L1_ELIGIBILITY,v2026-08-11,2026-03-21..2026-08-06,baccarat_bet02_101_all_pairs_incl_sentinel,round_win = game_pnl > 0 (decisive only),COMPATIBILITY_ONLY_NOT_PRODUCTION,296357.1217,267511.9505,6650.6079,18220,18206,-0.02244119,-0.04150452,-0.02020951,-0.02244119,-6650.6079,296357.1217,OK,0.0000,266.0243,4.0000,96.0000,AG03-UNRESOLVED,ALL5_LEVELS_bet23_to_bet27,266.0243,266.0243,266.0243,332.5304,332.5304,4.000000,4.000000,4.000000,5.000000,5.000000,96.000000,96.000000,96.000000,95.000000,95.000000,5.0,1463.1337,1340.2688,5187.4742,5310.3391,PENDING_AG03,FALSE,NOT_FOR_ENFORCEMENT,6384.5836,256811.4724,6650.6079,6384.5836,266.0243,0.02244119,0.02154355,266.0243,6384.5836,0.02154355,266.0243,266.0243,266.0243,332.5304,332.5304,6384.5836,0.02154355,1463.1337,1340.2688,5187.4742,5310.3391,0.01750413,0.01791872,0.00089765,16.2655,14.6936,0.3653,59.3804,1.1678,2646.0457,162.5536,12.4780,16.8648,9.0895,16.5695,22.0926,29.825,33.4482,44.5976,11.8163,0.0,2.018664,2.691552,0.981654,30,240,141,4,0.10479828,0.02244119,0.04150452,0E-8,0.000000,0.902668,0.011910,-0.02129501,2026-03-22,2026-08-05,112,5695,2177,137,0.817518,0.739886,0.767145,0.349328,,,,,,,,GLOBAL_BASELINE_NO_ENTITY_RANKING,,,NOT_APPLICABLE_GLOBAL_BASELINE,HF9g-P5,,,,X 全窗基线 · 不参与实体赏罚,14196233,1420,A168_HF9F_20260827_0900,2026-08-27 09:00:00
2026-06-04,110249610,2234,0,19.2618845828,-19.2618845828,-19.2618845828,0E-7,1,1,0.49324550000000000,0.493245500000,-0.9865810262130424,-0.9865810262130424,-0.9865810262130424,0E-17,ELIGIBLE,R03b_20260811_FULL_v1,L1_ELIGIBILITY,v2026-08-11,2026-03-21..2026-08-06,baccarat_bet02_101_all_pairs_incl_sentinel,round_win = game_pnl > 0 (decisive only),COMPATIBILITY_ONLY_NOT_PRODUCTION,296357.1217,267511.9505,6650.6079,18220,18206,-0.02244119,-0.04150452,-0.02020951,-0.02244119,-6650.6079,296357.1217,OK,0.0000,266.0243,4.0000,96.0000,AG03-UNRESOLVED,ALL5_LEVELS_bet23_to_bet27,266.0243,266.0243,266.0243,332.5304,332.5304,4.000000,4.000000,4.000000,5.000000,5.000000,96.000000,96.000000,96.000000,95.000000,95.000000,5.0,1463.1337,1340.2688,5187.4742,5310.3391,PENDING_AG03,FALSE,NOT_FOR_ENFORCEMENT,6384.5836,256811.4724,6650.6079,6384.5836,266.0243,0.02244119,0.02154355,266.0243,6384.5836,0.02154355,266.0243,266.0243,266.0243,332.5304,332.5304,6384.5836,0.02154355,1463.1337,1340.2688,5187.4742,5310.3391,0.01750413,0.01791872,0.00089765,16.2655,14.6936,0.3653,59.3804,1.1678,2646.0457,162.5536,12.4780,16.8648,9.0895,16.5695,22.0926,29.825,33.4482,44.5976,11.8163,0.0,2.018664,2.691552,0.981654,30,240,141,4,0.10479828,0.02244119,0.04150452,0E-8,0.000000,0.902668,0.011910,-0.02129501,2026-03-22,2026-08-05,112,5695,2177,137,0.817518,0.739886,0.767145,0.349328,,,,,,,,GLOBAL_BASELINE_NO_ENTITY_RANKING,,,NOT_APPLICABLE_GLOBAL_BASELINE,HF9g-P5,,,,X 全窗基线 · 不参与实体赏罚,14196234,1420,A168_HF9F_20260827_0900,2026-08-27 09:00:00
2026-06-04,110249610,2235,0,134.8331920794,39.3217615269,39.3217615269,0.7142857,7,7,0.50090561428571429,0.500905614286,1.129103210700875,1.1291032106993646,1.129103210700875,-2.8571E-13,ELIGIBLE,R03b_20260811_FULL_v1,L1_ELIGIBILITY,v2026-08-11,2026-03-21..2026-08-06,baccarat_bet02_101_all_pairs_incl_sentinel,round_win = game_pnl > 0 (decisive only),COMPATIBILITY_ONLY_NOT_PRODUCTION,296357.1217,267511.9505,6650.6079,18220,18206,-0.02244119,-0.04150452,-0.02020951,-0.02244119,-6650.6079,296357.1217,OK,0.0000,266.0243,4.0000,96.0000,AG03-UNRESOLVED,ALL5_LEVELS_bet23_to_bet27,266.0243,266.0243,266.0243,332.5304,332.5304,4.000000,4.000000,4.000000,5.000000,5.000000,96.000000,96.000000,96.000000,95.000000,95.000000,5.0,1463.1337,1340.2688,5187.4742,5310.3391,PENDING_AG03,FALSE,NOT_FOR_ENFORCEMENT,6384.5836,256811.4724,6650.6079,6384.5836,266.0243,0.02244119,0.02154355,266.0243,6384.5836,0.02154355,266.0243,266.0243,266.0243,332.5304,332.5304,6384.5836,0.02154355,1463.1337,1340.2688,5187.4742,5310.3391,0.01750413,0.01791872,0.00089765,16.2655,14.6936,0.3653,59.3804,1.1678,2646.0457,162.5536,12.4780,16.8648,9.0895,16.5695,22.0926,29.825,33.4482,44.5976,11.8163,0.0,2.018664,2.691552,0.981654,30,240,141,4,0.10479828,0.02244119,0.04150452,0E-8,0.000000,0.902668,0.011910,-0.02129501,2026-03-22,2026-08-05,112,5695,2177,137,0.817518,0.739886,0.767145,0.349328,,,,,,,,GLOBAL_BASELINE_NO_ENTITY_RANKING,,,NOT_APPLICABLE_GLOBAL_BASELINE,HF9g-P5,,,,X 全窗基线 · 不参与实体赏罚,14196235,1420,A168_HF9F_20260827_0900,2026-08-27 09:00:00
2026-06-04,110249610,2239,0,90.8060273188,66.6075968873,66.6075968873,1.0000000,5,5,0.50665070000000000,0.506650700000,1.9735717970305138,1.9735717970305138,1.9735717970305138,0E-17,ELIGIBLE,R03b_20260811_FULL_v1,L1_ELIGIBILITY,v2026-08-11,2026-03-21..2026-08-06,baccarat_bet02_101_all_pairs_incl_sentinel,round_win = game_pnl > 0 (decisive only),COMPATIBILITY_ONLY_NOT_PRODUCTION,296357.1217,267511.9505,6650.6079,18220,18206,-0.02244119,-0.04150452,-0.02020951,-0.02244119,-6650.6079,296357.1217,OK,0.0000,266.0243,4.0000,96.0000,AG03-UNRESOLVED,ALL5_LEVELS_bet23_to_bet27,266.0243,266.0243,266.0243,332.5304,332.5304,4.000000,4.000000,4.000000,5.000000,5.000000,96.000000,96.000000,96.000000,95.000000,95.000000,5.0,1463.1337,1340.2688,5187.4742,5310.3391,PENDING_AG03,FALSE,NOT_FOR_ENFORCEMENT,6384.5836,256811.4724,6650.6079,6384.5836,266.0243,0.02244119,0.02154355,266.0243,6384.5836,0.02154355,266.0243,266.0243,266.0243,332.5304,332.5304,6384.5836,0.02154355,1463.1337,1340.2688,5187.4742,5310.3391,0.01750413,0.01791872,0.00089765,16.2655,14.6936,0.3653,59.3804,1.1678,2646.0457,162.5536,12.4780,16.8648,9.0895,16.5695,22.0926,29.825,33.4482,44.5976,11.8163,0.0,2.018664,2.691552,0.981654,30,240,141,4,0.10479828,0.02244119,0.04150452,0E-8,0.000000,0.902668,0.011910,-0.02129501,2026-03-22,2026-08-05,112,5695,2177,137,0.817518,0.739886,0.767145,0.349328,,,,,,,,GLOBAL_BASELINE_NO_ENTITY_RANKING,,,NOT_APPLICABLE_GLOBAL_BASELINE,HF9g-P5,,,,X 全窗基线 · 不参与实体赏罚,14196236,1420,A168_HF9F_20260827_0900,2026-08-27 09:00:00
2026-06-04,110249610,2241,0,22.0135823803,-22.0135823803,-22.0135823803,0E-7,1,1,0.49324550000000000,0.493245500000,-0.9865810262130424,-0.9865810262130424,-0.9865810262130424,0E-17,ELIGIBLE,R03b_20260811_FULL_v1,L1_ELIGIBILITY,v2026-08-11,2026-03-21..2026-08-06,baccarat_bet02_101_all_pairs_incl_sentinel,round_win = game_pnl > 0 (decisive only),COMPATIBILITY_ONLY_NOT_PRODUCTION,296357.1217,267511.9505,6650.6079,18220,18206,-0.02244119,-0.04150452,-0.02020951,-0.02244119,-6650.6079,296357.1217,OK,0.0000,266.0243,4.0000,96.0000,AG03-UNRESOLVED,ALL5_LEVELS_bet23_to_bet27,266.0243,266.0243,266.0243,332.5304,332.5304,4.000000,4.000000,4.000000,5.000000,5.000000,96.000000,96.000000,96.000000,95.000000,95.000000,5.0,1463.1337,1340.2688,5187.4742,5310.3391,PENDING_AG03,FALSE,NOT_FOR_ENFORCEMENT,6384.5836,256811.4724,6650.6079,6384.5836,266.0243,0.02244119,0.02154355,266.0243,6384.5836,0.02154355,266.0243,266.0243,266.0243,332.5304,332.5304,6384.5836,0.02154355,1463.1337,1340.2688,5187.4742,5310.3391,0.01750413,0.01791872,0.00089765,16.2655,14.6936,0.3653,59.3804,1.1678,2646.0457,162.5536,12.4780,16.8648,9.0895,16.5695,22.0926,29.825,33.4482,44.5976,11.8163,0.0,2.018664,2.691552,0.981654,30,240,141,4,0.10479828,0.02244119,0.04150452,0E-8,0.000000,0.902668,0.011910,-0.02129501,2026-03-22,2026-08-05,112,5695,2177,137,0.817518,0.739886,0.767145,0.349328,,,,,,,,GLOBAL_BASELINE_NO_ENTITY_RANKING,,,NOT_APPLICABLE_GLOBAL_BASELINE,HF9g-P5,,,,X 全窗基线 · 不参与实体赏罚,14196237,1420,A168_HF9F_20260827_0900,2026-08-27 09:00:00
2026-06-04,110249610,2244,0,27.5169779754,-27.5169779754,-27.5169779754,0E-7,1,1,0.50665070000000000,0.506650700000,-1.013391052207602,-1.013391052207602,-1.013391052207602,0E-17,ELIGIBLE,R03b_20260811_FULL_v1,L1_ELIGIBILITY,v2026-08-11,2026-03-21..2026-08-06,baccarat_bet02_101_all_pairs_incl_sentinel,round_win = game_pnl > 0 (decisive only),COMPATIBILITY_ONLY_NOT_PRODUCTION,296357.1217,267511.9505,6650.6079,18220,18206,-0.02244119,-0.04150452,-0.02020951,-0.02244119,-6650.6079,296357.1217,OK,0.0000,266.0243,4.0000,96.0000,AG03-UNRESOLVED,ALL5_LEVELS_bet23_to_bet27,266.0243,266.0243,266.0243,332.5304,332.5304,4.000000,4.000000,4.000000,5.000000,5.000000,96.000000,96.000000,96.000000,95.000000,95.000000,5.0,1463.1337,1340.2688,5187.4742,5310.3391,PENDING_AG03,FALSE,NOT_FOR_ENFORCEMENT,6384.5836,256811.4724,6650.6079,6384.5836,266.0243,0.02244119,0.02154355,266.0243,6384.5836,0.02154355,266.0243,266.0243,266.0243,332.5304,332.5304,6384.5836,0.02154355,1463.1337,1340.2688,5187.4742,5310.3391,0.01750413,0.01791872,0.00089765,16.2655,14.6936,0.3653,59.3804,1.1678,2646.0457,162.5536,12.4780,16.8648,9.0895,16.5695,22.0926,29.825,33.4482,44.5976,11.8163,0.0,2.018664,2.691552,0.981654,30,240,141,4,0.10479828,0.02244119,0.04150452,0E-8,0.000000,0.902668,0.011910,-0.02129501,2026-03-22,2026-08-05,112,5695,2177,137,0.817518,0.739886,0.767145,0.349328,,,,,,,,GLOBAL_BASELINE_NO_ENTITY_RANKING,,,NOT_APPLICABLE_GLOBAL_BASELINE,HF9g-P5,,,,X 全窗基线 · 不参与实体赏罚,14196238,1420,A168_HF9F_20260827_0900,2026-08-27 09:00:00
2026-06-04,110249610,2248,0,22.0135823803,-22.0135823803,-22.0135823803,0E-7,1,1,0.50665070000000000,0.506650700000,-1.013391052207602,-1.013391052207602,-1.013391052207602,0E-17,ELIGIBLE,R03b_20260811_FULL_v1,L1_ELIGIBILITY,v2026-08-11,2026-03-21..2026-08-06,baccarat_bet02_101_all_pairs_incl_sentinel,round_win = game_pnl > 0 (decisive only),COMPATIBILITY_ONLY_NOT_PRODUCTION,296357.1217,267511.9505,6650.6079,18220,18206,-0.02244119,-0.04150452,-0.02020951,-0.02244119,-6650.6079,296357.1217,OK,0.0000,266.0243,4.0000,96.0000,AG03-UNRESOLVED,ALL5_LEVELS_bet23_to_bet27,266.0243,266.0243,266.0243,332.5304,332.5304,4.000000,4.000000,4.000000,5.000000,5.000000,96.000000,96.000000,96.000000,95.000000,95.000000,5.0,1463.1337,1340.2688,5187.4742,5310.3391,PENDING_AG03,FALSE,NOT_FOR_ENFORCEMENT,6384.5836,256811.4724,6650.6079,6384.5836,266.0243,0.02244119,0.02154355,266.0243,6384.5836,0.02154355,266.0243,266.0243,266.0243,332.5304,332.5304,6384.5836,0.02154355,1463.1337,1340.2688,5187.4742,5310.3391,0.01750413,0.01791872,0.00089765,16.2655,14.6936,0.3653,59.3804,1.1678,2646.0457,162.5536,12.4780,16.8648,9.0895,16.5695,22.0926,29.825,33.4482,44.5976,11.8163,0.0,2.018664,2.691552,0.981654,30,240,141,4,0.10479828,0.02244119,0.04150452,0E-8,0.000000,0.902668,0.011910,-0.02129501,2026-03-22,2026-08-05,112,5695,2177,137,0.817518,0.739886,0.767145,0.349328,,,,,,,,GLOBAL_BASELINE_NO_ENTITY_RANKING,,,NOT_APPLICABLE_GLOBAL_BASELINE,HF9g-P5,,,,X 全窗基线 · 不参与实体赏罚,14196239,1420,A168_HF9F_20260827_0900,2026-08-27 09:00:00
2026-06-04,110249610,2254,0,11.0067911902,-11.0067911902,-11.0067911902,0E-7,1,1,0.49324550000000000,0.493245500000,-0.9865810262130424,-0.9865810262130424,-0.9865810262130424,0E-17,ELIGIBLE,R03b_20260811_FULL_v1,L1_ELIGIBILITY,v2026-08-11,2026-03-21..2026-08-06,baccarat_bet02_101_all_pairs_incl_sentinel,round_win = game_pnl > 0 (decisive only),COMPATIBILITY_ONLY_NOT_PRODUCTION,296357.1217,267511.9505,6650.6079,18220,18206,-0.02244119,-0.04150452,-0.02020951,-0.02244119,-6650.6079,296357.1217,OK,0.0000,266.0243,4.0000,96.0000,AG03-UNRESOLVED,ALL5_LEVELS_bet23_to_bet27,266.0243,266.0243,266.0243,332.5304,332.5304,4.000000,4.000000,4.000000,5.000000,5.000000,96.000000,96.000000,96.000000,95.000000,95.000000,5.0,1463.1337,1340.2688,5187.4742,5310.3391,PENDING_AG03,FALSE,NOT_FOR_ENFORCEMENT,6384.5836,256811.4724,6650.6079,6384.5836,266.0243,0.02244119,0.02154355,266.0243,6384.5836,0.02154355,266.0243,266.0243,266.0243,332.5304,332.5304,6384.5836,0.02154355,1463.1337,1340.2688,5187.4742,5310.3391,0.01750413,0.01791872,0.00089765,16.2655,14.6936,0.3653,59.3804,1.1678,2646.0457,162.5536,12.4780,16.8648,9.0895,16.5695,22.0926,29.825,33.4482,44.5976,11.8163,0.0,2.018664,2.691552,0.981654,30,240,141,4,0.10479828,0.02244119,0.04150452,0E-8,0.000000,0.902668,0.011910,-0.02129501,2026-03-22,2026-08-05,112,5695,2177,137,0.817518,0.739886,0.767145,0.349328,,,,,,,,GLOBAL_BASELINE_NO_ENTITY_RANKING,,,NOT_APPLICABLE_GLOBAL_BASELINE,HF9g-P5,,,,X 全窗基线 · 不参与实体赏罚,14196240,1420,A168_HF9F_20260827_0900,2026-08-27 09:00:00
2026-06-04,110249610,2258,0,48.9802207962,-25.8659592968,-25.8659592968,0.3333333,3,3,0.49324550000000000,0.493245500000,-0.5540025479526107,-0.5540025479526106,-0.5540025479526107,0E-17,ELIGIBLE,R03b_20260811_FULL_v1,L1_ELIGIBILITY,v2026-08-11,2026-03-21..2026-08-06,baccarat_bet02_101_all_pairs_incl_sentinel,round_win = game_pnl > 0 (decisive only),COMPATIBILITY_ONLY_NOT_PRODUCTION,296357.1217,267511.9505,6650.6079,18220,18206,-0.02244119,-0.04150452,-0.02020951,-0.02244119,-6650.6079,296357.1217,OK,0.0000,266.0243,4.0000,96.0000,AG03-UNRESOLVED,ALL5_LEVELS_bet23_to_bet27,266.0243,266.0243,266.0243,332.5304,332.5304,4.000000,4.000000,4.000000,5.000000,5.000000,96.000000,96.000000,96.000000,95.000000,95.000000,5.0,1463.1337,1340.2688,5187.4742,5310.3391,PENDING_AG03,FALSE,NOT_FOR_ENFORCEMENT,6384.5836,256811.4724,6650.6079,6384.5836,266.0243,0.02244119,0.02154355,266.0243,6384.5836,0.02154355,266.0243,266.0243,266.0243,332.5304,332.5304,6384.5836,0.02154355,1463.1337,1340.2688,5187.4742,5310.3391,0.01750413,0.01791872,0.00089765,16.2655,14.6936,0.3653,59.3804,1.1678,2646.0457,162.5536,12.4780,16.8648,9.0895,16.5695,22.0926,29.825,33.4482,44.5976,11.8163,0.0,2.018664,2.691552,0.981654,30,240,141,4,0.10479828,0.02244119,0.04150452,0E-8,0.000000,0.902668,0.011910,-0.02129501,2026-03-22,2026-08-05,112,5695,2177,137,0.817518,0.739886,0.767145,0.349328,,,,,,,,GLOBAL_BASELINE_NO_ENTITY_RANKING,,,NOT_APPLICABLE_GLOBAL_BASELINE,HF9g-P5,,,,X 全窗基线 · 不参与实体赏罚,14196241,1420,A168_HF9F_20260827_0900,2026-08-27 09:00:00
2026-06-04,110249610,2266,0,38.5237691655,-38.5237691655,-38.5237691655,0E-7,2,2,0.49994810000000000,0.499948100000,-1.4140667746232096,-1.4140667746232096,-1.4140667746232096,0E-17,ELIGIBLE,R03b_20260811_FULL_v1,L1_ELIGIBILITY,v2026-08-11,2026-03-21..2026-08-06,baccarat_bet02_101_all_pairs_incl_sentinel,round_win = game_pnl > 0 (decisive only),COMPATIBILITY_ONLY_NOT_PRODUCTION,296357.1217,267511.9505,6650.6079,18220,18206,-0.02244119,-0.04150452,-0.02020951,-0.02244119,-6650.6079,296357.1217,OK,0.0000,266.0243,4.0000,96.0000,AG03-UNRESOLVED,ALL5_LEVELS_bet23_to_bet27,266.0243,266.0243,266.0243,332.5304,332.5304,4.000000,4.000000,4.000000,5.000000,5.000000,96.000000,96.000000,96.000000,95.000000,95.000000,5.0,1463.1337,1340.2688,5187.4742,5310.3391,PENDING_AG03,FALSE,NOT_FOR_ENFORCEMENT,6384.5836,256811.4724,6650.6079,6384.5836,266.0243,0.02244119,0.02154355,266.0243,6384.5836,0.02154355,266.0243,266.0243,266.0243,332.5304,332.5304,6384.5836,0.02154355,1463.1337,1340.2688,5187.4742,5310.3391,0.01750413,0.01791872,0.00089765,16.2655,14.6936,0.3653,59.3804,1.1678,2646.0457,162.5536,12.4780,16.8648,9.0895,16.5695,22.0926,29.825,33.4482,44.5976,11.8163,0.0,2.018664,2.691552,0.981654,30,240,141,4,0.10479828,0.02244119,0.04150452,0E-8,0.000000,0.902668,0.011910,-0.02129501,2026-03-22,2026-08-05,112,5695,2177,137,0.817518,0.739886,0.767145,0.349328,,,,,,,,GLOBAL_BASELINE_NO_ENTITY_RANKING,,,NOT_APPLICABLE_GLOBAL_BASELINE,HF9g-P5,,,,X 全窗基线 · 不参与实体赏罚,14196242,1420,A168_HF9F_20260827_0900,2026-08-27 09:00:00
2026-06-04,110249610,2267,0,38.5237691656,-16.5101867852,-16.5101867852,0.5000000,2,2,0.49324550000000000,0.493245500000,0.01910635448239258,0.01910635448239258,0.01910635448239258,0E-17,ELIGIBLE,R03b_20260811_FULL_v1,L1_ELIGIBILITY,v2026-08-11,2026-03-21..2026-08-06,baccarat_bet02_101_all_pairs_incl_sentinel,round_win = game_pnl > 0 (decisive only),COMPATIBILITY_ONLY_NOT_PRODUCTION,296357.1217,267511.9505,6650.6079,18220,18206,-0.02244119,-0.04150452,-0.02020951,-0.02244119,-6650.6079,296357.1217,OK,0.0000,266.0243,4.0000,96.0000,AG03-UNRESOLVED,ALL5_LEVELS_bet23_to_bet27,266.0243,266.0243,266.0243,332.5304,332.5304,4.000000,4.000000,4.000000,5.000000,5.000000,96.000000,96.000000,96.000000,95.000000,95.000000,5.0,1463.1337,1340.2688,5187.4742,5310.3391,PENDING_AG03,FALSE,NOT_FOR_ENFORCEMENT,6384.5836,256811.4724,6650.6079,6384.5836,266.0243,0.02244119,0.02154355,266.0243,6384.5836,0.02154355,266.0243,266.0243,266.0243,332.5304,332.5304,6384.5836,0.02154355,1463.1337,1340.2688,5187.4742,5310.3391,0.01750413,0.01791872,0.00089765,16.2655,14.6936,0.3653,59.3804,1.1678,2646.0457,162.5536,12.4780,16.8648,9.0895,16.5695,22.0926,29.825,33.4482,44.5976,11.8163,0.0,2.018664,2.691552,0.981654,30,240,141,4,0.10479828,0.02244119,0.04150452,0E-8,0.000000,0.902668,0.011910,-0.02129501,2026-03-22,2026-08-05,112,5695,2177,137,0.817518,0.739886,0.767145,0.349328,,,,,,,,GLOBAL_BASELINE_NO_ENTITY_RANKING,,,NOT_APPLICABLE_GLOBAL_BASELINE,HF9g-P5,,,,X 全窗基线 · 不参与实体赏罚,14196243,1420,A168_HF9F_20260827_0900,2026-08-27 09:00:00
2026-06-04,110249610,2271,0,22.0135823804,-11.0067911902,-11.0067911902,0E-7,2,2,0.49324550000000000,0.493245500000,-0.9865810262130424,-0.9865810262130424,-0.9865810262130424,0E-17,ELIGIBLE,R03b_20260811_FULL_v1,L1_ELIGIBILITY,v2026-08-11,2026-03-21..2026-08-06,baccarat_bet02_101_all_pairs_incl_sentinel,round_win = game_pnl > 0 (decisive only),COMPATIBILITY_ONLY_NOT_PRODUCTION,296357.1217,267511.9505,6650.6079,18220,18206,-0.02244119,-0.04150452,-0.02020951,-0.02244119,-6650.6079,296357.1217,OK,0.0000,266.0243,4.0000,96.0000,AG03-UNRESOLVED,ALL5_LEVELS_bet23_to_bet27,266.0243,266.0243,266.0243,332.5304,332.5304,4.000000,4.000000,4.000000,5.000000,5.000000,96.000000,96.000000,96.000000,95.000000,95.000000,5.0,1463.1337,1340.2688,5187.4742,5310.3391,PENDING_AG03,FALSE,NOT_FOR_ENFORCEMENT,6384.5836,256811.4724,6650.6079,6384.5836,266.0243,0.02244119,0.02154355,266.0243,6384.5836,0.02154355,266.0243,266.0243,266.0243,332.5304,332.5304,6384.5836,0.02154355,1463.1337,1340.2688,5187.4742,5310.3391,0.01750413,0.01791872,0.00089765,16.2655,14.6936,0.3653,59.3804,1.1678,2646.0457,162.5536,12.4780,16.8648,9.0895,16.5695,22.0926,29.825,33.4482,44.5976,11.8163,0.0,2.018664,2.691552,0.981654,30,240,141,4,0.10479828,0.02244119,0.04150452,0E-8,0.000000,0.902668,0.011910,-0.02129501,2026-03-22,2026-08-05,112,5695,2177,137,0.817518,0.739886,0.767145,0.349328,,,,,,,,GLOBAL_BASELINE_NO_ENTITY_RANKING,,,NOT_APPLICABLE_GLOBAL_BASELINE,HF9g-P5,,,,X 全窗基线 · 不参与实体赏罚,14196244,1420,A168_HF9F_20260827_0900,2026-08-27 09:00:00
2026-06-04,110249610,2276,0,55.0339559508,-33.0203735704,-33.0203735704,0.3333333,3,3,0.49324550000000000,0.493245500000,-0.5540025479526107,-0.5540025479526106,-0.5540025479526107,0E-17,ELIGIBLE,R03b_20260811_FULL_v1,L1_ELIGIBILITY,v2026-08-11,2026-03-21..2026-08-06,baccarat_bet02_101_all_pairs_incl_sentinel,round_win = game_pnl > 0 (decisive only),COMPATIBILITY_ONLY_NOT_PRODUCTION,296357.1217,267511.9505,6650.6079,18220,18206,-0.02244119,-0.04150452,-0.02020951,-0.02244119,-6650.6079,296357.1217,OK,0.0000,266.0243,4.0000,96.0000,AG03-UNRESOLVED,ALL5_LEVELS_bet23_to_bet27,266.0243,266.0243,266.0243,332.5304,332.5304,4.000000,4.000000,4.000000,5.000000,5.000000,96.000000,96.000000,96.000000,95.000000,95.000000,5.0,1463.1337,1340.2688,5187.4742,5310.3391,PENDING_AG03,FALSE,NOT_FOR_ENFORCEMENT,6384.5836,256811.4724,6650.6079,6384.5836,266.0243,0.02244119,0.02154355,266.0243,6384.5836,0.02154355,266.0243,266.0243,266.0243,332.5304,332.5304,6384.5836,0.02154355,1463.1337,1340.2688,5187.4742,5310.3391,0.01750413,0.01791872,0.00089765,16.2655,14.6936,0.3653,59.3804,1.1678,2646.0457,162.5536,12.4780,16.8648,9.0895,16.5695,22.0926,29.825,33.4482,44.5976,11.8163,0.0,2.018664,2.691552,0.981654,30,240,141,4,0.10479828,0.02244119,0.04150452,0E-8,0.000000,0.902668,0.011910,-0.02129501,2026-03-22,2026-08-05,112,5695,2177,137,0.817518,0.739886,0.767145,0.349328,,,,,,,,GLOBAL_BASELINE_NO_ENTITY_RANKING,,,NOT_APPLICABLE_GLOBAL_BASELINE,HF9g-P5,,,,X 全窗基线 · 不参与实体赏罚,14196245,1420,A168_HF9F_20260827_0900,2026-08-27 09:00:00
2026-06-04,110249610,2278,0,60.5373515458,-38.5237691654,-38.5237691654,0.2500000,4,4,0.49324550000000000,0.493245500000,-0.9730707933947887,-0.9730707933947887,-0.9730707933947887,0E-17,ELIGIBLE,R03b_20260811_FULL_v1,L1_ELIGIBILITY,v2026-08-11,2026-03-21..2026-08-06,baccarat_bet02_101_all_pairs_incl_sentinel,round_win = game_pnl > 0 (decisive only),COMPATIBILITY_ONLY_NOT_PRODUCTION,296357.1217,267511.9505,6650.6079,18220,18206,-0.02244119,-0.04150452,-0.02020951,-0.02244119,-6650.6079,296357.1217,OK,0.0000,266.0243,4.0000,96.0000,AG03-UNRESOLVED,ALL5_LEVELS_bet23_to_bet27,266.0243,266.0243,266.0243,332.5304,332.5304,4.000000,4.000000,4.000000,5.000000,5.000000,96.000000,96.000000,96.000000,95.000000,95.000000,5.0,1463.1337,1340.2688,5187.4742,5310.3391,PENDING_AG03,FALSE,NOT_FOR_ENFORCEMENT,6384.5836,256811.4724,6650.6079,6384.5836,266.0243,0.02244119,0.02154355,266.0243,6384.5836,0.02154355,266.0243,266.0243,266.0243,332.5304,332.5304,6384.5836,0.02154355,1463.1337,1340.2688,5187.4742,5310.3391,0.01750413,0.01791872,0.00089765,16.2655,14.6936,0.3653,59.3804,1.1678,2646.0457,162.5536,12.4780,16.8648,9.0895,16.5695,22.0926,29.825,33.4482,44.5976,11.8163,0.0,2.018664,2.691552,0.981654,30,240,141,4,0.10479828,0.02244119,0.04150452,0E-8,0.000000,0.902668,0.011910,-0.02129501,2026-03-22,2026-08-05,112,5695,2177,137,0.817518,0.739886,0.767145,0.349328,,,,,,,,GLOBAL_BASELINE_NO_ENTITY_RANKING,,,NOT_APPLICABLE_GLOBAL_BASELINE,HF9g-P5,,,,X 全窗基线 · 不参与实体赏罚,14196246,1420,A168_HF9F_20260827_0900,2026-08-27 09:00:00
2026-06-04,110249610,550,0,38.5237691655,15.6846774460,15.6846774460,1.0000000,2,2,0.50665070000000000,0.506650700000,0.9867858985152569,0.9867858985152569,0.9867858985152569,0E-17,ELIGIBLE,R03b_20260811_FULL_v1,L1_ELIGIBILITY,v2026-08-11,2026-03-21..2026-08-06,baccarat_bet02_101_all_pairs_incl_sentinel,round_win = game_pnl > 0 (decisive only),COMPATIBILITY_ONLY_NOT_PRODUCTION,296357.1217,267511.9505,6650.6079,18220,18206,-0.02244119,-0.04150452,-0.02020951,-0.02244119,-6650.6079,296357.1217,OK,0.0000,266.0243,4.0000,96.0000,AG03-UNRESOLVED,ALL5_LEVELS_bet23_to_bet27,266.0243,266.0243,266.0243,332.5304,332.5304,4.000000,4.000000,4.000000,5.000000,5.000000,96.000000,96.000000,96.000000,95.000000,95.000000,5.0,1463.1337,1340.2688,5187.4742,5310.3391,PENDING_AG03,FALSE,NOT_FOR_ENFORCEMENT,6384.5836,256811.4724,6650.6079,6384.5836,266.0243,0.02244119,0.02154355,266.0243,6384.5836,0.02154355,266.0243,266.0243,266.0243,332.5304,332.5304,6384.5836,0.02154355,1463.1337,1340.2688,5187.4742,5310.3391,0.01750413,0.01791872,0.00089765,16.2655,14.6936,0.3653,59.3804,1.1678,2646.0457,162.5536,12.4780,16.8648,9.0895,16.5695,22.0926,29.825,33.4482,44.5976,11.8163,0.0,2.018664,2.691552,0.981654,30,240,141,4,0.10479828,0.02244119,0.04150452,0E-8,0.000000,0.902668,0.011910,-0.02129501,2026-03-22,2026-08-05,112,5695,2177,137,0.817518,0.739886,0.767145,0.349328,,,,,,,,GLOBAL_BASELINE_NO_ENTITY_RANKING,,,NOT_APPLICABLE_GLOBAL_BASELINE,HF9g-P5,,,,X 全窗基线 · 不参与实体赏罚,14196247,1420,A168_HF9F_20260827_0900,2026-08-27 09:00:00
2026-06-04,110249610,583,0,11.0067911902,-11.0067911902,-11.0067911902,0E-7,1,1,0.49324550000000000,0.493245500000,-0.9865810262130424,-0.9865810262130424,-0.9865810262130424,0E-17,ELIGIBLE,R03b_20260811_FULL_v1,L1_ELIGIBILITY,v2026-08-11,2026-03-21..2026-08-06,baccarat_bet02_101_all_pairs_incl_sentinel,round_win = game_pnl > 0 (decisive only),COMPATIBILITY_ONLY_NOT_PRODUCTION,296357.1217,267511.9505,6650.6079,18220,18206,-0.02244119,-0.04150452,-0.02020951,-0.02244119,-6650.6079,296357.1217,OK,0.0000,266.0243,4.0000,96.0000,AG03-UNRESOLVED,ALL5_LEVELS_bet23_to_bet27,266.0243,266.0243,266.0243,332.5304,332.5304,4.000000,4.000000,4.000000,5.000000,5.000000,96.000000,96.000000,96.000000,95.000000,95.000000,5.0,1463.1337,1340.2688,5187.4742,5310.3391,PENDING_AG03,FALSE,NOT_FOR_ENFORCEMENT,6384.5836,256811.4724,6650.6079,6384.5836,266.0243,0.02244119,0.02154355,266.0243,6384.5836,0.02154355,266.0243,266.0243,266.0243,332.5304,332.5304,6384.5836,0.02154355,1463.1337,1340.2688,5187.4742,5310.3391,0.01750413,0.01791872,0.00089765,16.2655,14.6936,0.3653,59.3804,1.1678,2646.0457,162.5536,12.4780,16.8648,9.0895,16.5695,22.0926,29.825,33.4482,44.5976,11.8163,0.0,2.018664,2.691552,0.981654,30,240,141,4,0.10479828,0.02244119,0.04150452,0E-8,0.000000,0.902668,0.011910,-0.02129501,2026-03-22,2026-08-05,112,5695,2177,137,0.817518,0.739886,0.767145,0.349328,,,,,,,,GLOBAL_BASELINE_NO_ENTITY_RANKING,,,NOT_APPLICABLE_GLOBAL_BASELINE,HF9g-P5,,,,X 全窗基线 · 不参与实体赏罚,14196248,1420,A168_HF9F_20260827_0900,2026-08-27 09:00:00
2026-06-04,110249610,752,0,11.0067911902,-11.0067911902,-11.0067911902,0E-7,1,1,0.49324550000000000,0.493245500000,-0.9865810262130424,-0.9865810262130424,-0.9865810262130424,0E-17,ELIGIBLE,R03b_20260811_FULL_v1,L1_ELIGIBILITY,v2026-08-11,2026-03-21..2026-08-06,baccarat_bet02_101_all_pairs_incl_sentinel,round_win = game_pnl > 0 (decisive only),COMPATIBILITY_ONLY_NOT_PRODUCTION,296357.1217,267511.9505,6650.6079,18220,18206,-0.02244119,-0.04150452,-0.02020951,-0.02244119,-6650.6079,296357.1217,OK,0.0000,266.0243,4.0000,96.0000,AG03-UNRESOLVED,ALL5_LEVELS_bet23_to_bet27,266.0243,266.0243,266.0243,332.5304,332.5304,4.000000,4.000000,4.000000,5.000000,5.000000,96.000000,96.000000,96.000000,95.000000,95.000000,5.0,1463.1337,1340.2688,5187.4742,5310.3391,PENDING_AG03,FALSE,NOT_FOR_ENFORCEMENT,6384.5836,256811.4724,6650.6079,6384.5836,266.0243,0.02244119,0.02154355,266.0243,6384.5836,0.02154355,266.0243,266.0243,266.0243,332.5304,332.5304,6384.5836,0.02154355,1463.1337,1340.2688,5187.4742,5310.3391,0.01750413,0.01791872,0.00089765,16.2655,14.6936,0.3653,59.3804,1.1678,2646.0457,162.5536,12.4780,16.8648,9.0895,16.5695,22.0926,29.825,33.4482,44.5976,11.8163,0.0,2.018664,2.691552,0.981654,30,240,141,4,0.10479828,0.02244119,0.04150452,0E-8,0.000000,0.902668,0.011910,-0.02129501,2026-03-22,2026-08-05,112,5695,2177,137,0.817518,0.739886,0.767145,0.349328,,,,,,,,GLOBAL_BASELINE_NO_ENTITY_RANKING,,,NOT_APPLICABLE_GLOBAL_BASELINE,HF9g-P5,,,,X 全窗基线 · 不参与实体赏罚,14196249,1420,A168_HF9F_20260827_0900,2026-08-27 09:00:00
2026-06-04,110249610,763,0,31.9196944515,-31.9196944515,-31.9196944515,0E-7,2,2,0.50665070000000000,0.506650700000,-1.4331513700195317,-1.4331513700195317,-1.4331513700195317,0E-17,ELIGIBLE,R03b_20260811_FULL_v1,L1_ELIGIBILITY,v2026-08-11,2026-03-21..2026-08-06,baccarat_bet02_101_all_pairs_incl_sentinel,round_win = game_pnl > 0 (decisive only),COMPATIBILITY_ONLY_NOT_PRODUCTION,296357.1217,267511.9505,6650.6079,18220,18206,-0.02244119,-0.04150452,-0.02020951,-0.02244119,-6650.6079,296357.1217,OK,0.0000,266.0243,4.0000,96.0000,AG03-UNRESOLVED,ALL5_LEVELS_bet23_to_bet27,266.0243,266.0243,266.0243,332.5304,332.5304,4.000000,4.000000,4.000000,5.000000,5.000000,96.000000,96.000000,96.000000,95.000000,95.000000,5.0,1463.1337,1340.2688,5187.4742,5310.3391,PENDING_AG03,FALSE,NOT_FOR_ENFORCEMENT,6384.5836,256811.4724,6650.6079,6384.5836,266.0243,0.02244119,0.02154355,266.0243,6384.5836,0.02154355,266.0243,266.0243,266.0243,332.5304,332.5304,6384.5836,0.02154355,1463.1337,1340.2688,5187.4742,5310.3391,0.01750413,0.01791872,0.00089765,16.2655,14.6936,0.3653,59.3804,1.1678,2646.0457,162.5536,12.4780,16.8648,9.0895,16.5695,22.0926,29.825,33.4482,44.5976,11.8163,0.0,2.018664,2.691552,0.981654,30,240,141,4,0.10479828,0.02244119,0.04150452,0E-8,0.000000,0.902668,0.011910,-0.02129501,2026-03-22,2026-08-05,112,5695,2177,137,0.817518,0.739886,0.767145,0.349328,,,,,,,,GLOBAL_BASELINE_NO_ENTITY_RANKING,,,NOT_APPLICABLE_GLOBAL_BASELINE,HF9g-P5,,,,X 全窗基线 · 不参与实体赏罚,14196250,1420,A168_HF9F_20260827_0900,2026-08-27 09:00:00
2026-06-04,110249610,772,0,209.1290326132,55.0339559508,55.0339559508,0.6666667,6,6,0.49324550000000000,0.493245500000,0.8496642703256836,0.8496642703256835,0.8496642703256836,0E-17,ELIGIBLE,R03b_20260811_FULL_v1,L1_ELIGIBILITY,v2026-08-11,2026-03-21..2026-08-06,baccarat_bet02_101_all_pairs_incl_sentinel,round_win = game_pnl > 0 (decisive only),COMPATIBILITY_ONLY_NOT_PRODUCTION,296357.1217,267511.9505,6650.6079,18220,18206,-0.02244119,-0.04150452,-0.02020951,-0.02244119,-6650.6079,296357.1217,OK,0.0000,266.0243,4.0000,96.0000,AG03-UNRESOLVED,ALL5_LEVELS_bet23_to_bet27,266.0243,266.0243,266.0243,332.5304,332.5304,4.000000,4.000000,4.000000,5.000000,5.000000,96.000000,96.000000,96.000000,95.000000,95.000000,5.0,1463.1337,1340.2688,5187.4742,5310.3391,PENDING_AG03,FALSE,NOT_FOR_ENFORCEMENT,6384.5836,256811.4724,6650.6079,6384.5836,266.0243,0.02244119,0.02154355,266.0243,6384.5836,0.02154355,266.0243,266.0243,266.0243,332.5304,332.5304,6384.5836,0.02154355,1463.1337,1340.2688,5187.4742,5310.3391,0.01750413,0.01791872,0.00089765,16.2655,14.6936,0.3653,59.3804,1.1678,2646.0457,162.5536,12.4780,16.8648,9.0895,16.5695,22.0926,29.825,33.4482,44.5976,11.8163,0.0,2.018664,2.691552,0.981654,30,240,141,4,0.10479828,0.02244119,0.04150452,0E-8,0.000000,0.902668,0.011910,-0.02129501,2026-03-22,2026-08-05,112,5695,2177,137,0.817518,0.739886,0.767145,0.349328,,,,,,,,GLOBAL_BASELINE_NO_ENTITY_RANKING,,,NOT_APPLICABLE_GLOBAL_BASELINE,HF9g-P5,,,,X 全窗基线 · 不参与实体赏罚,14196251,1420,A168_HF9F_20260827_0900,2026-08-27 09:00:00
2026-06-05,110249610,-1,1,1649.9179994055,-306.5941686021,-306.5941686021,0.3777778,50,50,0.49994810000000000,0.499948100000,-1.6390868807617738,-1.6390868807617738,-1.6390868807617738,0E-17,SENTINEL_DEALER,R03b_20260811_FULL_v1,L1_ELIGIBILITY,v2026-08-11,2026-03-21..2026-08-06,baccarat_bet02_101_all_pairs_incl_sentinel,round_win = game_pnl > 0 (decisive only),COMPATIBILITY_ONLY_NOT_PRODUCTION,296357.1217,267511.9505,6650.6079,18220,18206,-0.02244119,-0.04150452,-0.02020951,-0.02244119,-6650.6079,296357.1217,OK,0.0000,266.0243,4.0000,96.0000,AG03-UNRESOLVED,ALL5_LEVELS_bet23_to_bet27,266.0243,266.0243,266.0243,332.5304,332.5304,4.000000,4.000000,4.000000,5.000000,5.000000,96.000000,96.000000,96.000000,95.000000,95.000000,5.0,1463.1337,1340.2688,5187.4742,5310.3391,PENDING_AG03,FALSE,NOT_FOR_ENFORCEMENT,6384.5836,256811.4724,6650.6079,6384.5836,266.0243,0.02244119,0.02154355,266.0243,6384.5836,0.02154355,266.0243,266.0243,266.0243,332.5304,332.5304,6384.5836,0.02154355,1463.1337,1340.2688,5187.4742,5310.3391,0.01750413,0.01791872,0.00089765,16.2655,14.6936,0.3653,59.3804,1.1678,2646.0457,162.5536,12.4780,16.8648,9.0895,16.5695,22.0926,29.825,33.4482,44.5976,11.8163,0.0,2.018664,2.691552,0.981654,30,240,141,4,0.10479828,0.02244119,0.04150452,0E-8,0.000000,0.902668,0.011910,-0.02129501,2026-03-22,2026-08-05,112,5695,2177,137,0.817518,0.739886,0.767145,0.349328,,,,,,,,GLOBAL_BASELINE_NO_ENTITY_RANKING,,,NOT_APPLICABLE_GLOBAL_BASELINE,HF9g-P5,,,,X 全窗基线 · 不参与实体赏罚,14196252,1420,A168_HF9F_20260827_0900,2026-08-27 09:00:00
2026-06-05,110249610,1205,0,33.0203735705,-33.0203735705,-33.0203735705,0E-7,1,1,0.50665070000000000,0.506650700000,-1.013391052207602,-1.013391052207602,-1.013391052207602,0E-17,ELIGIBLE,R03b_20260811_FULL_v1,L1_ELIGIBILITY,v2026-08-11,2026-03-21..2026-08-06,baccarat_bet02_101_all_pairs_incl_sentinel,round_win = game_pnl > 0 (decisive only),COMPATIBILITY_ONLY_NOT_PRODUCTION,296357.1217,267511.9505,6650.6079,18220,18206,-0.02244119,-0.04150452,-0.02020951,-0.02244119,-6650.6079,296357.1217,OK,0.0000,266.0243,4.0000,96.0000,AG03-UNRESOLVED,ALL5_LEVELS_bet23_to_bet27,266.0243,266.0243,266.0243,332.5304,332.5304,4.000000,4.000000,4.000000,5.000000,5.000000,96.000000,96.000000,96.000000,95.000000,95.000000,5.0,1463.1337,1340.2688,5187.4742,5310.3391,PENDING_AG03,FALSE,NOT_FOR_ENFORCEMENT,6384.5836,256811.4724,6650.6079,6384.5836,266.0243,0.02244119,0.02154355,266.0243,6384.5836,0.02154355,266.0243,266.0243,266.0243,332.5304,332.5304,6384.5836,0.02154355,1463.1337,1340.2688,5187.4742,5310.3391,0.01750413,0.01791872,0.00089765,16.2655,14.6936,0.3653,59.3804,1.1678,2646.0457,162.5536,12.4780,16.8648,9.0895,16.5695,22.0926,29.825,33.4482,44.5976,11.8163,0.0,2.018664,2.691552,0.981654,30,240,141,4,0.10479828,0.02244119,0.04150452,0E-8,0.000000,0.902668,0.011910,-0.02129501,2026-03-22,2026-08-05,112,5695,2177,137,0.817518,0.739886,0.767145,0.349328,,,,,,,,GLOBAL_BASELINE_NO_ENTITY_RANKING,,,NOT_APPLICABLE_GLOBAL_BASELINE,HF9g-P5,,,,X 全窗基线 · 不参与实体赏罚,14196253,1420,A168_HF9F_20260827_0900,2026-08-27 09:00:00
2026-06-05,110249610,1307,0,33.0203735705,-33.0203735705,-33.0203735705,0E-7,2,2,0.50665070000000000,0.506650700000,-1.4331513700195317,-1.4331513700195317,-1.4331513700195317,0E-17,ELIGIBLE,R03b_20260811_FULL_v1,L1_ELIGIBILITY,v2026-08-11,2026-03-21..2026-08-06,baccarat_bet02_101_all_pairs_incl_sentinel,round_win = game_pnl > 0 (decisive only),COMPATIBILITY_ONLY_NOT_PRODUCTION,296357.1217,267511.9505,6650.6079,18220,18206,-0.02244119,-0.04150452,-0.02020951,-0.02244119,-6650.6079,296357.1217,OK,0.0000,266.0243,4.0000,96.0000,AG03-UNRESOLVED,ALL5_LEVELS_bet23_to_bet27,266.0243,266.0243,266.0243,332.5304,332.5304,4.000000,4.000000,4.000000,5.000000,5.000000,96.000000,96.000000,96.000000,95.000000,95.000000,5.0,1463.1337,1340.2688,5187.4742,5310.3391,PENDING_AG03,FALSE,NOT_FOR_ENFORCEMENT,6384.5836,256811.4724,6650.6079,6384.5836,266.0243,0.02244119,0.02154355,266.0243,6384.5836,0.02154355,266.0243,266.0243,266.0243,332.5304,332.5304,6384.5836,0.02154355,1463.1337,1340.2688,5187.4742,5310.3391,0.01750413,0.01791872,0.00089765,16.2655,14.6936,0.3653,59.3804,1.1678,2646.0457,162.5536,12.4780,16.8648,9.0895,16.5695,22.0926,29.825,33.4482,44.5976,11.8163,0.0,2.018664,2.691552,0.981654,30,240,141,4,0.10479828,0.02244119,0.04150452,0E-8,0.000000,0.902668,0.011910,-0.02129501,2026-03-22,2026-08-05,112,5695,2177,137,0.817518,0.739886,0.767145,0.349328,,,,,,,,GLOBAL_BASELINE_NO_ENTITY_RANKING,,,NOT_APPLICABLE_GLOBAL_BASELINE,HF9g-P5,,,,X 全窗基线 · 不参与实体赏罚,14196254,1420,A168_HF9F_20260827_0900,2026-08-27 09:00:00
2026-06-05,110249610,1323,0,274.0691006352,43.5868931130,43.5868931130,0.6666667,6,6,0.50665070000000000,0.506650700000,0.7839842952205449,0.7839842952205449,0.7839842952205449,0E-17,ELIGIBLE,R03b_20260811_FULL_v1,L1_ELIGIBILITY,v2026-08-11,2026-03-21..2026-08-06,baccarat_bet02_101_all_pairs_incl_sentinel,round_win = game_pnl > 0 (decisive only),COMPATIBILITY_ONLY_NOT_PRODUCTION,296357.1217,267511.9505,6650.6079,18220,18206,-0.02244119,-0.04150452,-0.02020951,-0.02244119,-6650.6079,296357.1217,OK,0.0000,266.0243,4.0000,96.0000,AG03-UNRESOLVED,ALL5_LEVELS_bet23_to_bet27,266.0243,266.0243,266.0243,332.5304,332.5304,4.000000,4.000000,4.000000,5.000000,5.000000,96.000000,96.000000,96.000000,95.000000,95.000000,5.0,1463.1337,1340.2688,5187.4742,5310.3391,PENDING_AG03,FALSE,NOT_FOR_ENFORCEMENT,6384.5836,256811.4724,6650.6079,6384.5836,266.0243,0.02244119,0.02154355,266.0243,6384.5836,0.02154355,266.0243,266.0243,266.0243,332.5304,332.5304,6384.5836,0.02154355,1463.1337,1340.2688,5187.4742,5310.3391,0.01750413,0.01791872,0.00089765,16.2655,14.6936,0.3653,59.3804,1.1678,2646.0457,162.5536,12.4780,16.8648,9.0895,16.5695,22.0926,29.825,33.4482,44.5976,11.8163,0.0,2.018664,2.691552,0.981654,30,240,141,4,0.10479828,0.02244119,0.04150452,0E-8,0.000000,0.902668,0.011910,-0.02129501,2026-03-22,2026-08-05,112,5695,2177,137,0.817518,0.739886,0.767145,0.349328,,,,,,,,GLOBAL_BASELINE_NO_ENTITY_RANKING,,,NOT_APPLICABLE_GLOBAL_BASELINE,HF9g-P5,,,,X 全窗基线 · 不参与实体赏罚,14196255,1420,A168_HF9F_20260827_0900,2026-08-27 09:00:00
2026-06-05,110249610,1353,0,220.1358238033,121.0747030919,121.0747030919,0.8000000,6,6,0.49324550000000000,0.493245500000,1.3719730223118614,1.3719730223118614,1.3719730223118614,0E-17,ELIGIBLE,R03b_20260811_FULL_v1,L1_ELIGIBILITY,v2026-08-11,2026-03-21..2026-08-06,baccarat_bet02_101_all_pairs_incl_sentinel,round_win = game_pnl > 0 (decisive only),COMPATIBILITY_ONLY_NOT_PRODUCTION,296357.1217,267511.9505,6650.6079,18220,18206,-0.02244119,-0.04150452,-0.02020951,-0.02244119,-6650.6079,296357.1217,OK,0.0000,266.0243,4.0000,96.0000,AG03-UNRESOLVED,ALL5_LEVELS_bet23_to_bet27,266.0243,266.0243,266.0243,332.5304,332.5304,4.000000,4.000000,4.000000,5.000000,5.000000,96.000000,96.000000,96.000000,95.000000,95.000000,5.0,1463.1337,1340.2688,5187.4742,5310.3391,PENDING_AG03,FALSE,NOT_FOR_ENFORCEMENT,6384.5836,256811.4724,6650.6079,6384.5836,266.0243,0.02244119,0.02154355,266.0243,6384.5836,0.02154355,266.0243,266.0243,266.0243,332.5304,332.5304,6384.5836,0.02154355,1463.1337,1340.2688,5187.4742,5310.3391,0.01750413,0.01791872,0.00089765,16.2655,14.6936,0.3653,59.3804,1.1678,2646.0457,162.5536,12.4780,16.8648,9.0895,16.5695,22.0926,29.825,33.4482,44.5976,11.8163,0.0,2.018664,2.691552,0.981654,30,240,141,4,0.10479828,0.02244119,0.04150452,0E-8,0.000000,0.902668,0.011910,-0.02129501,2026-03-22,2026-08-05,112,5695,2177,137,0.817518,0.739886,0.767145,0.349328,,,,,,,,GLOBAL_BASELINE_NO_ENTITY_RANKING,,,NOT_APPLICABLE_GLOBAL_BASELINE,HF9g-P5,,,,X 全窗基线 · 不参与实体赏罚,14196256,1420,A168_HF9F_20260827_0900,2026-08-27 09:00:00
2026-06-05,110249610,1382,0,16.5101867852,-16.5101867852,-16.5101867852,0E-7,1,1,0.50665070000000000,0.506650700000,-1.013391052207602,-1.013391052207602,-1.013391052207602,0E-17,ELIGIBLE,R03b_20260811_FULL_v1,L1_ELIGIBILITY,v2026-08-11,2026-03-21..2026-08-06,baccarat_bet02_101_all_pairs_incl_sentinel,round_win = game_pnl > 0 (decisive only),COMPATIBILITY_ONLY_NOT_PRODUCTION,296357.1217,267511.9505,6650.6079,18220,18206,-0.02244119,-0.04150452,-0.02020951,-0.02244119,-6650.6079,296357.1217,OK,0.0000,266.0243,4.0000,96.0000,AG03-UNRESOLVED,ALL5_LEVELS_bet23_to_bet27,266.0243,266.0243,266.0243,332.5304,332.5304,4.000000,4.000000,4.000000,5.000000,5.000000,96.000000,96.000000,96.000000,95.000000,95.000000,5.0,1463.1337,1340.2688,5187.4742,5310.3391,PENDING_AG03,FALSE,NOT_FOR_ENFORCEMENT,6384.5836,256811.4724,6650.6079,6384.5836,266.0243,0.02244119,0.02154355,266.0243,6384.5836,0.02154355,266.0243,266.0243,266.0243,332.5304,332.5304,6384.5836,0.02154355,1463.1337,1340.2688,5187.4742,5310.3391,0.01750413,0.01791872,0.00089765,16.2655,14.6936,0.3653,59.3804,1.1678,2646.0457,162.5536,12.4780,16.8648,9.0895,16.5695,22.0926,29.825,33.4482,44.5976,11.8163,0.0,2.018664,2.691552,0.981654,30,240,141,4,0.10479828,0.02244119,0.04150452,0E-8,0.000000,0.902668,0.011910,-0.02129501,2026-03-22,2026-08-05,112,5695,2177,137,0.817518,0.739886,0.767145,0.349328,,,,,,,,GLOBAL_BASELINE_NO_ENTITY_RANKING,,,NOT_APPLICABLE_GLOBAL_BASELINE,HF9g-P5,,,,X 全窗基线 · 不参与实体赏罚,14196257,1420,A168_HF9F_20260827_0900,2026-08-27 09:00:00
2026-06-05,110249610,1505,0,27.5169779754,-22.0135823803,-22.0135823803,0E-7,3,3,0.49324550000000000,0.493245500000,-1.3952362676504506,-1.3952362676504506,-1.3952362676504506,0E-17,ELIGIBLE,R03b_20260811_FULL_v1,L1_ELIGIBILITY,v2026-08-11,2026-03-21..2026-08-06,baccarat_bet02_101_all_pairs_incl_sentinel,round_win = game_pnl > 0 (decisive only),COMPATIBILITY_ONLY_NOT_PRODUCTION,296357.1217,267511.9505,6650.6079,18220,18206,-0.02244119,-0.04150452,-0.02020951,-0.02244119,-6650.6079,296357.1217,OK,0.0000,266.0243,4.0000,96.0000,AG03-UNRESOLVED,ALL5_LEVELS_bet23_to_bet27,266.0243,266.0243,266.0243,332.5304,332.5304,4.000000,4.000000,4.000000,5.000000,5.000000,96.000000,96.000000,96.000000,95.000000,95.000000,5.0,1463.1337,1340.2688,5187.4742,5310.3391,PENDING_AG03,FALSE,NOT_FOR_ENFORCEMENT,6384.5836,256811.4724,6650.6079,6384.5836,266.0243,0.02244119,0.02154355,266.0243,6384.5836,0.02154355,266.0243,266.0243,266.0243,332.5304,332.5304,6384.5836,0.02154355,1463.1337,1340.2688,5187.4742,5310.3391,0.01750413,0.01791872,0.00089765,16.2655,14.6936,0.3653,59.3804,1.1678,2646.0457,162.5536,12.4780,16.8648,9.0895,16.5695,22.0926,29.825,33.4482,44.5976,11.8163,0.0,2.018664,2.691552,0.981654,30,240,141,4,0.10479828,0.02244119,0.04150452,0E-8,0.000000,0.902668,0.011910,-0.02129501,2026-03-22,2026-08-05,112,5695,2177,137,0.817518,0.739886,0.767145,0.349328,,,,,,,,GLOBAL_BASELINE_NO_ENTITY_RANKING,,,NOT_APPLICABLE_GLOBAL_BASELINE,HF9g-P5,,,,X 全窗基线 · 不参与实体赏罚,14196258,1420,A168_HF9F_20260827_0900,2026-08-27 09:00:00
2026-06-05,110249610,1509,0,22.0135823803,-22.0135823803,-22.0135823803,0E-7,1,1,0.49324550000000000,0.493245500000,-0.9865810262130424,-0.9865810262130424,-0.9865810262130424,0E-17,ELIGIBLE,R03b_20260811_FULL_v1,L1_ELIGIBILITY,v2026-08-11,2026-03-21..2026-08-06,baccarat_bet02_101_all_pairs_incl_sentinel,round_win = game_pnl > 0 (decisive only),COMPATIBILITY_ONLY_NOT_PRODUCTION,296357.1217,267511.9505,6650.6079,18220,18206,-0.02244119,-0.04150452,-0.02020951,-0.02244119,-6650.6079,296357.1217,OK,0.0000,266.0243,4.0000,96.0000,AG03-UNRESOLVED,ALL5_LEVELS_bet23_to_bet27,266.0243,266.0243,266.0243,332.5304,332.5304,4.000000,4.000000,4.000000,5.000000,5.000000,96.000000,96.000000,96.000000,95.000000,95.000000,5.0,1463.1337,1340.2688,5187.4742,5310.3391,PENDING_AG03,FALSE,NOT_FOR_ENFORCEMENT,6384.5836,256811.4724,6650.6079,6384.5836,266.0243,0.02244119,0.02154355,266.0243,6384.5836,0.02154355,266.0243,266.0243,266.0243,332.5304,332.5304,6384.5836,0.02154355,1463.1337,1340.2688,5187.4742,5310.3391,0.01750413,0.01791872,0.00089765,16.2655,14.6936,0.3653,59.3804,1.1678,2646.0457,162.5536,12.4780,16.8648,9.0895,16.5695,22.0926,29.825,33.4482,44.5976,11.8163,0.0,2.018664,2.691552,0.981654,30,240,141,4,0.10479828,0.02244119,0.04150452,0E-8,0.000000,0.902668,0.011910,-0.02129501,2026-03-22,2026-08-05,112,5695,2177,137,0.817518,0.739886,0.767145,0.349328,,,,,,,,GLOBAL_BASELINE_NO_ENTITY_RANKING,,,NOT_APPLICABLE_GLOBAL_BASELINE,HF9g-P5,,,,X 全窗基线 · 不参与实体赏罚,14196259,1420,A168_HF9F_20260827_0900,2026-08-27 09:00:00
2026-06-05,110249610,1623,0,44.0271647606,10.1812818510,10.1812818510,0.6666667,3,3,0.49771390000000000,0.497713900000,0.5852756695216578,0.5852756695216578,0.5852756695216578,0E-17,ELIGIBLE,R03b_20260811_FULL_v1,L1_ELIGIBILITY,v2026-08-11,2026-03-21..2026-08-06,baccarat_bet02_101_all_pairs_incl_sentinel,round_win = game_pnl > 0 (decisive only),COMPATIBILITY_ONLY_NOT_PRODUCTION,296357.1217,267511.9505,6650.6079,18220,18206,-0.02244119,-0.04150452,-0.02020951,-0.02244119,-6650.6079,296357.1217,OK,0.0000,266.0243,4.0000,96.0000,AG03-UNRESOLVED,ALL5_LEVELS_bet23_to_bet27,266.0243,266.0243,266.0243,332.5304,332.5304,4.000000,4.000000,4.000000,5.000000,5.000000,96.000000,96.000000,96.000000,95.000000,95.000000,5.0,1463.1337,1340.2688,5187.4742,5310.3391,PENDING_AG03,FALSE,NOT_FOR_ENFORCEMENT,6384.5836,256811.4724,6650.6079,6384.5836,266.0243,0.02244119,0.02154355,266.0243,6384.5836,0.02154355,266.0243,266.0243,266.0243,332.5304,332.5304,6384.5836,0.02154355,1463.1337,1340.2688,5187.4742,5310.3391,0.01750413,0.01791872,0.00089765,16.2655,14.6936,0.3653,59.3804,1.1678,2646.0457,162.5536,12.4780,16.8648,9.0895,16.5695,22.0926,29.825,33.4482,44.5976,11.8163,0.0,2.018664,2.691552,0.981654,30,240,141,4,0.10479828,0.02244119,0.04150452,0E-8,0.000000,0.902668,0.011910,-0.02129501,2026-03-22,2026-08-05,112,5695,2177,137,0.817518,0.739886,0.767145,0.349328,,,,,,,,GLOBAL_BASELINE_NO_ENTITY_RANKING,,,NOT_APPLICABLE_GLOBAL_BASELINE,HF9g-P5,,,,X 全窗基线 · 不参与实体赏罚,14196260,1420,A168_HF9F_20260827_0900,2026-08-27 09:00:00
2026-06-05,110249610,1645,0,60.5373515459,-60.5373515459,-60.5373515459,0E-7,2,2,0.49324550000000000,0.493245500000,-1.3952362676504506,-1.3952362676504506,-1.3952362676504506,0E-17,ELIGIBLE,R03b_20260811_FULL_v1,L1_ELIGIBILITY,v2026-08-11,2026-03-21..2026-08-06,baccarat_bet02_101_all_pairs_incl_sentinel,round_win = game_pnl > 0 (decisive only),COMPATIBILITY_ONLY_NOT_PRODUCTION,296357.1217,267511.9505,6650.6079,18220,18206,-0.02244119,-0.04150452,-0.02020951,-0.02244119,-6650.6079,296357.1217,OK,0.0000,266.0243,4.0000,96.0000,AG03-UNRESOLVED,ALL5_LEVELS_bet23_to_bet27,266.0243,266.0243,266.0243,332.5304,332.5304,4.000000,4.000000,4.000000,5.000000,5.000000,96.000000,96.000000,96.000000,95.000000,95.000000,5.0,1463.1337,1340.2688,5187.4742,5310.3391,PENDING_AG03,FALSE,NOT_FOR_ENFORCEMENT,6384.5836,256811.4724,6650.6079,6384.5836,266.0243,0.02244119,0.02154355,266.0243,6384.5836,0.02154355,266.0243,266.0243,266.0243,332.5304,332.5304,6384.5836,0.02154355,1463.1337,1340.2688,5187.4742,5310.3391,0.01750413,0.01791872,0.00089765,16.2655,14.6936,0.3653,59.3804,1.1678,2646.0457,162.5536,12.4780,16.8648,9.0895,16.5695,22.0926,29.825,33.4482,44.5976,11.8163,0.0,2.018664,2.691552,0.981654,30,240,141,4,0.10479828,0.02244119,0.04150452,0E-8,0.000000,0.902668,0.011910,-0.02129501,2026-03-22,2026-08-05,112,5695,2177,137,0.817518,0.739886,0.767145,0.349328,,,,,,,,GLOBAL_BASELINE_NO_ENTITY_RANKING,,,NOT_APPLICABLE_GLOBAL_BASELINE,HF9g-P5,,,,X 全窗基线 · 不参与实体赏罚,14196261,1420,A168_HF9F_20260827_0900,2026-08-27 09:00:00
2026-06-05,110249610,1646,0,33.0203735705,-33.0203735705,-33.0203735705,0E-7,1,1,0.49324550000000000,0.493245500000,-0.9865810262130424,-0.9865810262130424,-0.9865810262130424,0E-17,ELIGIBLE,R03b_20260811_FULL_v1,L1_ELIGIBILITY,v2026-08-11,2026-03-21..2026-08-06,baccarat_bet02_101_all_pairs_incl_sentinel,round_win = game_pnl > 0 (decisive only),COMPATIBILITY_ONLY_NOT_PRODUCTION,296357.1217,267511.9505,6650.6079,18220,18206,-0.02244119,-0.04150452,-0.02020951,-0.02244119,-6650.6079,296357.1217,OK,0.0000,266.0243,4.0000,96.0000,AG03-UNRESOLVED,ALL5_LEVELS_bet23_to_bet27,266.0243,266.0243,266.0243,332.5304,332.5304,4.000000,4.000000,4.000000,5.000000,5.000000,96.000000,96.000000,96.000000,95.000000,95.000000,5.0,1463.1337,1340.2688,5187.4742,5310.3391,PENDING_AG03,FALSE,NOT_FOR_ENFORCEMENT,6384.5836,256811.4724,6650.6079,6384.5836,266.0243,0.02244119,0.02154355,266.0243,6384.5836,0.02154355,266.0243,266.0243,266.0243,332.5304,332.5304,6384.5836,0.02154355,1463.1337,1340.2688,5187.4742,5310.3391,0.01750413,0.01791872,0.00089765,16.2655,14.6936,0.3653,59.3804,1.1678,2646.0457,162.5536,12.4780,16.8648,9.0895,16.5695,22.0926,29.825,33.4482,44.5976,11.8163,0.0,2.018664,2.691552,0.981654,30,240,141,4,0.10479828,0.02244119,0.04150452,0E-8,0.000000,0.902668,0.011910,-0.02129501,2026-03-22,2026-08-05,112,5695,2177,137,0.817518,0.739886,0.767145,0.349328,,,,,,,,GLOBAL_BASELINE_NO_ENTITY_RANKING,,,NOT_APPLICABLE_GLOBAL_BASELINE,HF9g-P5,,,,X 全窗基线 · 不参与实体赏罚,14196262,1420,A168_HF9F_20260827_0900,2026-08-27 09:00:00
2026-06-05,110249610,1714,0,22.0135823804,-0.5503395595,-0.5503395595,0.5000000,2,2,0.50665070000000000,0.506650700000,-0.018812684590367487,-0.018812684590367487,-0.018812684590367487,0E-17,ELIGIBLE,R03b_20260811_FULL_v1,L1_ELIGIBILITY,v2026-08-11,2026-03-21..2026-08-06,baccarat_bet02_101_all_pairs_incl_sentinel,round_win = game_pnl > 0 (decisive only),COMPATIBILITY_ONLY_NOT_PRODUCTION,296357.1217,267511.9505,6650.6079,18220,18206,-0.02244119,-0.04150452,-0.02020951,-0.02244119,-6650.6079,296357.1217,OK,0.0000,266.0243,4.0000,96.0000,AG03-UNRESOLVED,ALL5_LEVELS_bet23_to_bet27,266.0243,266.0243,266.0243,332.5304,332.5304,4.000000,4.000000,4.000000,5.000000,5.000000,96.000000,96.000000,96.000000,95.000000,95.000000,5.0,1463.1337,1340.2688,5187.4742,5310.3391,PENDING_AG03,FALSE,NOT_FOR_ENFORCEMENT,6384.5836,256811.4724,6650.6079,6384.5836,266.0243,0.02244119,0.02154355,266.0243,6384.5836,0.02154355,266.0243,266.0243,266.0243,332.5304,332.5304,6384.5836,0.02154355,1463.1337,1340.2688,5187.4742,5310.3391,0.01750413,0.01791872,0.00089765,16.2655,14.6936,0.3653,59.3804,1.1678,2646.0457,162.5536,12.4780,16.8648,9.0895,16.5695,22.0926,29.825,33.4482,44.5976,11.8163,0.0,2.018664,2.691552,0.981654,30,240,141,4,0.10479828,0.02244119,0.04150452,0E-8,0.000000,0.902668,0.011910,-0.02129501,2026-03-22,2026-08-05,112,5695,2177,137,0.817518,0.739886,0.767145,0.349328,,,,,,,,GLOBAL_BASELINE_NO_ENTITY_RANKING,,,NOT_APPLICABLE_GLOBAL_BASELINE,HF9g-P5,,,,X 全窗基线 · 不参与实体赏罚,14196263,1420,A168_HF9F_20260827_0900,2026-08-27 09:00:00
2026-06-05,110249610,1935,0,33.0203735705,-33.0203735705,-33.0203735705,0E-7,1,1,0.49324550000000000,0.493245500000,-0.9865810262130424,-0.9865810262130424,-0.9865810262130424,0E-17,ELIGIBLE,R03b_20260811_FULL_v1,L1_ELIGIBILITY,v2026-08-11,2026-03-21..2026-08-06,baccarat_bet02_101_all_pairs_incl_sentinel,round_win = game_pnl > 0 (decisive only),COMPATIBILITY_ONLY_NOT_PRODUCTION,296357.1217,267511.9505,6650.6079,18220,18206,-0.02244119,-0.04150452,-0.02020951,-0.02244119,-6650.6079,296357.1217,OK,0.0000,266.0243,4.0000,96.0000,AG03-UNRESOLVED,ALL5_LEVELS_bet23_to_bet27,266.0243,266.0243,266.0243,332.5304,332.5304,4.000000,4.000000,4.000000,5.000000,5.000000,96.000000,96.000000,96.000000,95.000000,95.000000,5.0,1463.1337,1340.2688,5187.4742,5310.3391,PENDING_AG03,FALSE,NOT_FOR_ENFORCEMENT,6384.5836,256811.4724,6650.6079,6384.5836,266.0243,0.02244119,0.02154355,266.0243,6384.5836,0.02154355,266.0243,266.0243,266.0243,332.5304,332.5304,6384.5836,0.02154355,1463.1337,1340.2688,5187.4742,5310.3391,0.01750413,0.01791872,0.00089765,16.2655,14.6936,0.3653,59.3804,1.1678,2646.0457,162.5536,12.4780,16.8648,9.0895,16.5695,22.0926,29.825,33.4482,44.5976,11.8163,0.0,2.018664,2.691552,0.981654,30,240,141,4,0.10479828,0.02244119,0.04150452,0E-8,0.000000,0.902668,0.011910,-0.02129501,2026-03-22,2026-08-05,112,5695,2177,137,0.817518,0.739886,0.767145,0.349328,,,,,,,,GLOBAL_BASELINE_NO_ENTITY_RANKING,,,NOT_APPLICABLE_GLOBAL_BASELINE,HF9g-P5,,,,X 全窗基线 · 不参与实体赏罚,14196264,1420,A168_HF9F_20260827_0900,2026-08-27 09:00:00
2026-06-05,110249610,1957,0,308.1901533246,132.0814942820,132.0814942820,0.7777778,9,9,0.49324550000000000,0.493245500000,1.707349463506922,1.707349463506922,1.707349463506922,0E-17,ELIGIBLE,R03b_20260811_FULL_v1,L1_ELIGIBILITY,v2026-08-11,2026-03-21..2026-08-06,baccarat_bet02_101_all_pairs_incl_sentinel,round_win = game_pnl > 0 (decisive only),COMPATIBILITY_ONLY_NOT_PRODUCTION,296357.1217,267511.9505,6650.6079,18220,18206,-0.02244119,-0.04150452,-0.02020951,-0.02244119,-6650.6079,296357.1217,OK,0.0000,266.0243,4.0000,96.0000,AG03-UNRESOLVED,ALL5_LEVELS_bet23_to_bet27,266.0243,266.0243,266.0243,332.5304,332.5304,4.000000,4.000000,4.000000,5.000000,5.000000,96.000000,96.000000,96.000000,95.000000,95.000000,5.0,1463.1337,1340.2688,5187.4742,5310.3391,PENDING_AG03,FALSE,NOT_FOR_ENFORCEMENT,6384.5836,256811.4724,6650.6079,6384.5836,266.0243,0.02244119,0.02154355,266.0243,6384.5836,0.02154355,266.0243,266.0243,266.0243,332.5304,332.5304,6384.5836,0.02154355,1463.1337,1340.2688,5187.4742,5310.3391,0.01750413,0.01791872,0.00089765,16.2655,14.6936,0.3653,59.3804,1.1678,2646.0457,162.5536,12.4780,16.8648,9.0895,16.5695,22.0926,29.825,33.4482,44.5976,11.8163,0.0,2.018664,2.691552,0.981654,30,240,141,4,0.10479828,0.02244119,0.04150452,0E-8,0.000000,0.902668,0.011910,-0.02129501,2026-03-22,2026-08-05,112,5695,2177,137,0.817518,0.739886,0.767145,0.349328,,,,,,,,GLOBAL_BASELINE_NO_ENTITY_RANKING,,,NOT_APPLICABLE_GLOBAL_BASELINE,HF9g-P5,,,,X 全窗基线 · 不参与实体赏罚,14196265,1420,A168_HF9F_20260827_0900,2026-08-27 09:00:00
2026-06-05,110249610,1966,0,99.0611207115,99.0611207115,99.0611207115,1.0000000,2,2,0.49324550000000000,0.493245500000,1.4334489766152358,1.4334489766152358,1.4334489766152358,0E-17,ELIGIBLE,R03b_20260811_FULL_v1,L1_ELIGIBILITY,v2026-08-11,2026-03-21..2026-08-06,baccarat_bet02_101_all_pairs_incl_sentinel,round_win = game_pnl > 0 (decisive only),COMPATIBILITY_ONLY_NOT_PRODUCTION,296357.1217,267511.9505,6650.6079,18220,18206,-0.02244119,-0.04150452,-0.02020951,-0.02244119,-6650.6079,296357.1217,OK,0.0000,266.0243,4.0000,96.0000,AG03-UNRESOLVED,ALL5_LEVELS_bet23_to_bet27,266.0243,266.0243,266.0243,332.5304,332.5304,4.000000,4.000000,4.000000,5.000000,5.000000,96.000000,96.000000,96.000000,95.000000,95.000000,5.0,1463.1337,1340.2688,5187.4742,5310.3391,PENDING_AG03,FALSE,NOT_FOR_ENFORCEMENT,6384.5836,256811.4724,6650.6079,6384.5836,266.0243,0.02244119,0.02154355,266.0243,6384.5836,0.02154355,266.0243,266.0243,266.0243,332.5304,332.5304,6384.5836,0.02154355,1463.1337,1340.2688,5187.4742,5310.3391,0.01750413,0.01791872,0.00089765,16.2655,14.6936,0.3653,59.3804,1.1678,2646.0457,162.5536,12.4780,16.8648,9.0895,16.5695,22.0926,29.825,33.4482,44.5976,11.8163,0.0,2.018664,2.691552,0.981654,30,240,141,4,0.10479828,0.02244119,0.04150452,0E-8,0.000000,0.902668,0.011910,-0.02129501,2026-03-22,2026-08-05,112,5695,2177,137,0.817518,0.739886,0.767145,0.349328,,,,,,,,GLOBAL_BASELINE_NO_ENTITY_RANKING,,,NOT_APPLICABLE_GLOBAL_BASELINE,HF9g-P5,,,,X 全窗基线 · 不参与实体赏罚,14196266,1420,A168_HF9F_20260827_0900,2026-08-27 09:00:00
2026-06-05,110249610,1985,0,22.0135823803,22.0135823803,22.0135823803,1.0000000,1,1,0.49324550000000000,0.493245500000,1.01360149184955,1.01360149184955,1.01360149184955,0E-17,ELIGIBLE,R03b_20260811_FULL_v1,L1_ELIGIBILITY,v2026-08-11,2026-03-21..2026-08-06,baccarat_bet02_101_all_pairs_incl_sentinel,round_win = game_pnl > 0 (decisive only),COMPATIBILITY_ONLY_NOT_PRODUCTION,296357.1217,267511.9505,6650.6079,18220,18206,-0.02244119,-0.04150452,-0.02020951,-0.02244119,-6650.6079,296357.1217,OK,0.0000,266.0243,4.0000,96.0000,AG03-UNRESOLVED,ALL5_LEVELS_bet23_to_bet27,266.0243,266.0243,266.0243,332.5304,332.5304,4.000000,4.000000,4.000000,5.000000,5.000000,96.000000,96.000000,96.000000,95.000000,95.000000,5.0,1463.1337,1340.2688,5187.4742,5310.3391,PENDING_AG03,FALSE,NOT_FOR_ENFORCEMENT,6384.5836,256811.4724,6650.6079,6384.5836,266.0243,0.02244119,0.02154355,266.0243,6384.5836,0.02154355,266.0243,266.0243,266.0243,332.5304,332.5304,6384.5836,0.02154355,1463.1337,1340.2688,5187.4742,5310.3391,0.01750413,0.01791872,0.00089765,16.2655,14.6936,0.3653,59.3804,1.1678,2646.0457,162.5536,12.4780,16.8648,9.0895,16.5695,22.0926,29.825,33.4482,44.5976,11.8163,0.0,2.018664,2.691552,0.981654,30,240,141,4,0.10479828,0.02244119,0.04150452,0E-8,0.000000,0.902668,0.011910,-0.02129501,2026-03-22,2026-08-05,112,5695,2177,137,0.817518,0.739886,0.767145,0.349328,,,,,,,,GLOBAL_BASELINE_NO_ENTITY_RANKING,,,NOT_APPLICABLE_GLOBAL_BASELINE,HF9g-P5,,,,X 全窗基线 · 不参与实体赏罚,14196267,1420,A168_HF9F_20260827_0900,2026-08-27 09:00:00
2026-06-05,110249610,2109,0,95.7590833544,-31.9196944514,-31.9196944514,0.3333333,3,3,0.49324550000000000,0.493245500000,-0.5540025479526107,-0.5540025479526106,-0.5540025479526107,0E-17,ELIGIBLE,R03b_20260811_FULL_v1,L1_ELIGIBILITY,v2026-08-11,2026-03-21..2026-08-06,baccarat_bet02_101_all_pairs_incl_sentinel,round_win = game_pnl > 0 (decisive only),COMPATIBILITY_ONLY_NOT_PRODUCTION,296357.1217,267511.9505,6650.6079,18220,18206,-0.02244119,-0.04150452,-0.02020951,-0.02244119,-6650.6079,296357.1217,OK,0.0000,266.0243,4.0000,96.0000,AG03-UNRESOLVED,ALL5_LEVELS_bet23_to_bet27,266.0243,266.0243,266.0243,332.5304,332.5304,4.000000,4.000000,4.000000,5.000000,5.000000,96.000000,96.000000,96.000000,95.000000,95.000000,5.0,1463.1337,1340.2688,5187.4742,5310.3391,PENDING_AG03,FALSE,NOT_FOR_ENFORCEMENT,6384.5836,256811.4724,6650.6079,6384.5836,266.0243,0.02244119,0.02154355,266.0243,6384.5836,0.02154355,266.0243,266.0243,266.0243,332.5304,332.5304,6384.5836,0.02154355,1463.1337,1340.2688,5187.4742,5310.3391,0.01750413,0.01791872,0.00089765,16.2655,14.6936,0.3653,59.3804,1.1678,2646.0457,162.5536,12.4780,16.8648,9.0895,16.5695,22.0926,29.825,33.4482,44.5976,11.8163,0.0,2.018664,2.691552,0.981654,30,240,141,4,0.10479828,0.02244119,0.04150452,0E-8,0.000000,0.902668,0.011910,-0.02129501,2026-03-22,2026-08-05,112,5695,2177,137,0.817518,0.739886,0.767145,0.349328,,,,,,,,GLOBAL_BASELINE_NO_ENTITY_RANKING,,,NOT_APPLICABLE_GLOBAL_BASELINE,HF9g-P5,,,,X 全窗基线 · 不参与实体赏罚,14196268,1420,A168_HF9F_20260827_0900,2026-08-27 09:00:00
2026-06-05,110249610,2115,0,16.5101867852,-16.5101867852,-16.5101867852,0E-7,1,1,0.50665070000000000,0.506650700000,-1.013391052207602,-1.013391052207602,-1.013391052207602,0E-17,ELIGIBLE,R03b_20260811_FULL_v1,L1_ELIGIBILITY,v2026-08-11,2026-03-21..2026-08-06,baccarat_bet02_101_all_pairs_incl_sentinel,round_win = game_pnl > 0 (decisive only),COMPATIBILITY_ONLY_NOT_PRODUCTION,296357.1217,267511.9505,6650.6079,18220,18206,-0.02244119,-0.04150452,-0.02020951,-0.02244119,-6650.6079,296357.1217,OK,0.0000,266.0243,4.0000,96.0000,AG03-UNRESOLVED,ALL5_LEVELS_bet23_to_bet27,266.0243,266.0243,266.0243,332.5304,332.5304,4.000000,4.000000,4.000000,5.000000,5.000000,96.000000,96.000000,96.000000,95.000000,95.000000,5.0,1463.1337,1340.2688,5187.4742,5310.3391,PENDING_AG03,FALSE,NOT_FOR_ENFORCEMENT,6384.5836,256811.4724,6650.6079,6384.5836,266.0243,0.02244119,0.02154355,266.0243,6384.5836,0.02154355,266.0243,266.0243,266.0243,332.5304,332.5304,6384.5836,0.02154355,1463.1337,1340.2688,5187.4742,5310.3391,0.01750413,0.01791872,0.00089765,16.2655,14.6936,0.3653,59.3804,1.1678,2646.0457,162.5536,12.4780,16.8648,9.0895,16.5695,22.0926,29.825,33.4482,44.5976,11.8163,0.0,2.018664,2.691552,0.981654,30,240,141,4,0.10479828,0.02244119,0.04150452,0E-8,0.000000,0.902668,0.011910,-0.02129501,2026-03-22,2026-08-05,112,5695,2177,137,0.817518,0.739886,0.767145,0.349328,,,,,,,,GLOBAL_BASELINE_NO_ENTITY_RANKING,,,NOT_APPLICABLE_GLOBAL_BASELINE,HF9g-P5,,,,X 全窗基线 · 不参与实体赏罚,14196269,1420,A168_HF9F_20260827_0900,2026-08-27 09:00:00
2026-06-05,110249610,2129,0,60.5373515458,-38.5237691655,-38.5237691655,0E-7,3,3,0.50218230000000000,0.502182300000,-1.4203995680682369,-1.4203995680682369,-1.4203995680682369,0E-17,ELIGIBLE,R03b_20260811_FULL_v1,L1_ELIGIBILITY,v2026-08-11,2026-03-21..2026-08-06,baccarat_bet02_101_all_pairs_incl_sentinel,round_win = game_pnl > 0 (decisive only),COMPATIBILITY_ONLY_NOT_PRODUCTION,296357.1217,267511.9505,6650.6079,18220,18206,-0.02244119,-0.04150452,-0.02020951,-0.02244119,-6650.6079,296357.1217,OK,0.0000,266.0243,4.0000,96.0000,AG03-UNRESOLVED,ALL5_LEVELS_bet23_to_bet27,266.0243,266.0243,266.0243,332.5304,332.5304,4.000000,4.000000,4.000000,5.000000,5.000000,96.000000,96.000000,96.000000,95.000000,95.000000,5.0,1463.1337,1340.2688,5187.4742,5310.3391,PENDING_AG03,FALSE,NOT_FOR_ENFORCEMENT,6384.5836,256811.4724,6650.6079,6384.5836,266.0243,0.02244119,0.02154355,266.0243,6384.5836,0.02154355,266.0243,266.0243,266.0243,332.5304,332.5304,6384.5836,0.02154355,1463.1337,1340.2688,5187.4742,5310.3391,0.01750413,0.01791872,0.00089765,16.2655,14.6936,0.3653,59.3804,1.1678,2646.0457,162.5536,12.4780,16.8648,9.0895,16.5695,22.0926,29.825,33.4482,44.5976,11.8163,0.0,2.018664,2.691552,0.981654,30,240,141,4,0.10479828,0.02244119,0.04150452,0E-8,0.000000,0.902668,0.011910,-0.02129501,2026-03-22,2026-08-05,112,5695,2177,137,0.817518,0.739886,0.767145,0.349328,,,,,,,,GLOBAL_BASELINE_NO_ENTITY_RANKING,,,NOT_APPLICABLE_GLOBAL_BASELINE,HF9g-P5,,,,X 全窗基线 · 不参与实体赏罚,14196270,1420,A168_HF9F_20260827_0900,2026-08-27 09:00:00
2026-06-05,110249610,2134,0,116.6719866157,-51.7319185938,-51.7319185938,0.3333333,4,4,0.50329940000000000,0.503299400000,-0.5887925454369916,-0.5887925454369916,-0.5887925454369916,0E-17,ELIGIBLE,R03b_20260811_FULL_v1,L1_ELIGIBILITY,v2026-08-11,2026-03-21..2026-08-06,baccarat_bet02_101_all_pairs_incl_sentinel,round_win = game_pnl > 0 (decisive only),COMPATIBILITY_ONLY_NOT_PRODUCTION,296357.1217,267511.9505,6650.6079,18220,18206,-0.02244119,-0.04150452,-0.02020951,-0.02244119,-6650.6079,296357.1217,OK,0.0000,266.0243,4.0000,96.0000,AG03-UNRESOLVED,ALL5_LEVELS_bet23_to_bet27,266.0243,266.0243,266.0243,332.5304,332.5304,4.000000,4.000000,4.000000,5.000000,5.000000,96.000000,96.000000,96.000000,95.000000,95.000000,5.0,1463.1337,1340.2688,5187.4742,5310.3391,PENDING_AG03,FALSE,NOT_FOR_ENFORCEMENT,6384.5836,256811.4724,6650.6079,6384.5836,266.0243,0.02244119,0.02154355,266.0243,6384.5836,0.02154355,266.0243,266.0243,266.0243,332.5304,332.5304,6384.5836,0.02154355,1463.1337,1340.2688,5187.4742,5310.3391,0.01750413,0.01791872,0.00089765,16.2655,14.6936,0.3653,59.3804,1.1678,2646.0457,162.5536,12.4780,16.8648,9.0895,16.5695,22.0926,29.825,33.4482,44.5976,11.8163,0.0,2.018664,2.691552,0.981654,30,240,141,4,0.10479828,0.02244119,0.04150452,0E-8,0.000000,0.902668,0.011910,-0.02129501,2026-03-22,2026-08-05,112,5695,2177,137,0.817518,0.739886,0.767145,0.349328,,,,,,,,GLOBAL_BASELINE_NO_ENTITY_RANKING,,,NOT_APPLICABLE_GLOBAL_BASELINE,HF9g-P5,,,,X 全窗基线 · 不参与实体赏罚,14196271,1420,A168_HF9F_20260827_0900,2026-08-27 09:00:00
2026-06-05,110249610,2142,0,110.0679119016,-45.6781834391,-45.6781834391,0.3333333,3,3,0.50218230000000000,0.502182300000,-0.5849155494134425,-0.5849155494134426,-0.5849155494134425,0E-17,ELIGIBLE,R03b_20260811_FULL_v1,L1_ELIGIBILITY,v2026-08-11,2026-03-21..2026-08-06,baccarat_bet02_101_all_pairs_incl_sentinel,round_win = game_pnl > 0 (decisive only),COMPATIBILITY_ONLY_NOT_PRODUCTION,296357.1217,267511.9505,6650.6079,18220,18206,-0.02244119,-0.04150452,-0.02020951,-0.02244119,-6650.6079,296357.1217,OK,0.0000,266.0243,4.0000,96.0000,AG03-UNRESOLVED,ALL5_LEVELS_bet23_to_bet27,266.0243,266.0243,266.0243,332.5304,332.5304,4.000000,4.000000,4.000000,5.000000,5.000000,96.000000,96.000000,96.000000,95.000000,95.000000,5.0,1463.1337,1340.2688,5187.4742,5310.3391,PENDING_AG03,FALSE,NOT_FOR_ENFORCEMENT,6384.5836,256811.4724,6650.6079,6384.5836,266.0243,0.02244119,0.02154355,266.0243,6384.5836,0.02154355,266.0243,266.0243,266.0243,332.5304,332.5304,6384.5836,0.02154355,1463.1337,1340.2688,5187.4742,5310.3391,0.01750413,0.01791872,0.00089765,16.2655,14.6936,0.3653,59.3804,1.1678,2646.0457,162.5536,12.4780,16.8648,9.0895,16.5695,22.0926,29.825,33.4482,44.5976,11.8163,0.0,2.018664,2.691552,0.981654,30,240,141,4,0.10479828,0.02244119,0.04150452,0E-8,0.000000,0.902668,0.011910,-0.02129501,2026-03-22,2026-08-05,112,5695,2177,137,0.817518,0.739886,0.767145,0.349328,,,,,,,,GLOBAL_BASELINE_NO_ENTITY_RANKING,,,NOT_APPLICABLE_GLOBAL_BASELINE,HF9g-P5,,,,X 全窗基线 · 不参与实体赏罚,14196272,1420,A168_HF9F_20260827_0900,2026-08-27 09:00:00
2026-06-05,110249610,2153,0,16.5101867852,-16.5101867852,-16.5101867852,0E-7,1,1,0.49324550000000000,0.493245500000,-0.9865810262130424,-0.9865810262130424,-0.9865810262130424,0E-17,ELIGIBLE,R03b_20260811_FULL_v1,L1_ELIGIBILITY,v2026-08-11,2026-03-21..2026-08-06,baccarat_bet02_101_all_pairs_incl_sentinel,round_win = game_pnl > 0 (decisive only),COMPATIBILITY_ONLY_NOT_PRODUCTION,296357.1217,267511.9505,6650.6079,18220,18206,-0.02244119,-0.04150452,-0.02020951,-0.02244119,-6650.6079,296357.1217,OK,0.0000,266.0243,4.0000,96.0000,AG03-UNRESOLVED,ALL5_LEVELS_bet23_to_bet27,266.0243,266.0243,266.0243,332.5304,332.5304,4.000000,4.000000,4.000000,5.000000,5.000000,96.000000,96.000000,96.000000,95.000000,95.000000,5.0,1463.1337,1340.2688,5187.4742,5310.3391,PENDING_AG03,FALSE,NOT_FOR_ENFORCEMENT,6384.5836,256811.4724,6650.6079,6384.5836,266.0243,0.02244119,0.02154355,266.0243,6384.5836,0.02154355,266.0243,266.0243,266.0243,332.5304,332.5304,6384.5836,0.02154355,1463.1337,1340.2688,5187.4742,5310.3391,0.01750413,0.01791872,0.00089765,16.2655,14.6936,0.3653,59.3804,1.1678,2646.0457,162.5536,12.4780,16.8648,9.0895,16.5695,22.0926,29.825,33.4482,44.5976,11.8163,0.0,2.018664,2.691552,0.981654,30,240,141,4,0.10479828,0.02244119,0.04150452,0E-8,0.000000,0.902668,0.011910,-0.02129501,2026-03-22,2026-08-05,112,5695,2177,137,0.817518,0.739886,0.767145,0.349328,,,,,,,,GLOBAL_BASELINE_NO_ENTITY_RANKING,,,NOT_APPLICABLE_GLOBAL_BASELINE,HF9g-P5,,,,X 全窗基线 · 不参与实体赏罚,14196273,1420,A168_HF9F_20260827_0900,2026-08-27 09:00:00
2026-06-05,110249610,2156,0,166.2025469715,-8.4477122385,-8.4477122385,0.5000000,6,6,0.50665070000000000,0.506650700000,-0.032584525537284574,-0.032584525537284574,-0.032584525537284574,0E-17,ELIGIBLE,R03b_20260811_FULL_v1,L1_ELIGIBILITY,v2026-08-11,2026-03-21..2026-08-06,baccarat_bet02_101_all_pairs_incl_sentinel,round_win = game_pnl > 0 (decisive only),COMPATIBILITY_ONLY_NOT_PRODUCTION,296357.1217,267511.9505,6650.6079,18220,18206,-0.02244119,-0.04150452,-0.02020951,-0.02244119,-6650.6079,296357.1217,OK,0.0000,266.0243,4.0000,96.0000,AG03-UNRESOLVED,ALL5_LEVELS_bet23_to_bet27,266.0243,266.0243,266.0243,332.5304,332.5304,4.000000,4.000000,4.000000,5.000000,5.000000,96.000000,96.000000,96.000000,95.000000,95.000000,5.0,1463.1337,1340.2688,5187.4742,5310.3391,PENDING_AG03,FALSE,NOT_FOR_ENFORCEMENT,6384.5836,256811.4724,6650.6079,6384.5836,266.0243,0.02244119,0.02154355,266.0243,6384.5836,0.02154355,266.0243,266.0243,266.0243,332.5304,332.5304,6384.5836,0.02154355,1463.1337,1340.2688,5187.4742,5310.3391,0.01750413,0.01791872,0.00089765,16.2655,14.6936,0.3653,59.3804,1.1678,2646.0457,162.5536,12.4780,16.8648,9.0895,16.5695,22.0926,29.825,33.4482,44.5976,11.8163,0.0,2.018664,2.691552,0.981654,30,240,141,4,0.10479828,0.02244119,0.04150452,0E-8,0.000000,0.902668,0.011910,-0.02129501,2026-03-22,2026-08-05,112,5695,2177,137,0.817518,0.739886,0.767145,0.349328,,,,,,,,GLOBAL_BASELINE_NO_ENTITY_RANKING,,,NOT_APPLICABLE_GLOBAL_BASELINE,HF9g-P5,,,,X 全窗基线 · 不参与实体赏罚,14196274,1420,A168_HF9F_20260827_0900,2026-08-27 09:00:00
2026-06-05,110249610,2169,0,121.0747030918,-33.0203735704,-33.0203735704,0.2500000,4,4,0.49324550000000000,0.493245500000,-0.9730707933947887,-0.9730707933947887,-0.9730707933947887,0E-17,ELIGIBLE,R03b_20260811_FULL_v1,L1_ELIGIBILITY,v2026-08-11,2026-03-21..2026-08-06,baccarat_bet02_101_all_pairs_incl_sentinel,round_win = game_pnl > 0 (decisive only),COMPATIBILITY_ONLY_NOT_PRODUCTION,296357.1217,267511.9505,6650.6079,18220,18206,-0.02244119,-0.04150452,-0.02020951,-0.02244119,-6650.6079,296357.1217,OK,0.0000,266.0243,4.0000,96.0000,AG03-UNRESOLVED,ALL5_LEVELS_bet23_to_bet27,266.0243,266.0243,266.0243,332.5304,332.5304,4.000000,4.000000,4.000000,5.000000,5.000000,96.000000,96.000000,96.000000,95.000000,95.000000,5.0,1463.1337,1340.2688,5187.4742,5310.3391,PENDING_AG03,FALSE,NOT_FOR_ENFORCEMENT,6384.5836,256811.4724,6650.6079,6384.5836,266.0243,0.02244119,0.02154355,266.0243,6384.5836,0.02154355,266.0243,266.0243,266.0243,332.5304,332.5304,6384.5836,0.02154355,1463.1337,1340.2688,5187.4742,5310.3391,0.01750413,0.01791872,0.00089765,16.2655,14.6936,0.3653,59.3804,1.1678,2646.0457,162.5536,12.4780,16.8648,9.0895,16.5695,22.0926,29.825,33.4482,44.5976,11.8163,0.0,2.018664,2.691552,0.981654,30,240,141,4,0.10479828,0.02244119,0.04150452,0E-8,0.000000,0.902668,0.011910,-0.02129501,2026-03-22,2026-08-05,112,5695,2177,137,0.817518,0.739886,0.767145,0.349328,,,,,,,,GLOBAL_BASELINE_NO_ENTITY_RANKING,,,NOT_APPLICABLE_GLOBAL_BASELINE,HF9g-P5,,,,X 全窗基线 · 不参与实体赏罚,14196275,1420,A168_HF9F_20260827_0900,2026-08-27 09:00:00
2026-06-05,110249610,2175,0,28.0673175349,-16.5101867852,-16.5101867852,0E-7,2,2,0.50665070000000000,0.506650700000,-1.013391052207602,-1.013391052207602,-1.013391052207602,0E-17,ELIGIBLE,R03b_20260811_FULL_v1,L1_ELIGIBILITY,v2026-08-11,2026-03-21..2026-08-06,baccarat_bet02_101_all_pairs_incl_sentinel,round_win = game_pnl > 0 (decisive only),COMPATIBILITY_ONLY_NOT_PRODUCTION,296357.1217,267511.9505,6650.6079,18220,18206,-0.02244119,-0.04150452,-0.02020951,-0.02244119,-6650.6079,296357.1217,OK,0.0000,266.0243,4.0000,96.0000,AG03-UNRESOLVED,ALL5_LEVELS_bet23_to_bet27,266.0243,266.0243,266.0243,332.5304,332.5304,4.000000,4.000000,4.000000,5.000000,5.000000,96.000000,96.000000,96.000000,95.000000,95.000000,5.0,1463.1337,1340.2688,5187.4742,5310.3391,PENDING_AG03,FALSE,NOT_FOR_ENFORCEMENT,6384.5836,256811.4724,6650.6079,6384.5836,266.0243,0.02244119,0.02154355,266.0243,6384.5836,0.02154355,266.0243,266.0243,266.0243,332.5304,332.5304,6384.5836,0.02154355,1463.1337,1340.2688,5187.4742,5310.3391,0.01750413,0.01791872,0.00089765,16.2655,14.6936,0.3653,59.3804,1.1678,2646.0457,162.5536,12.4780,16.8648,9.0895,16.5695,22.0926,29.825,33.4482,44.5976,11.8163,0.0,2.018664,2.691552,0.981654,30,240,141,4,0.10479828,0.02244119,0.04150452,0E-8,0.000000,0.902668,0.011910,-0.02129501,2026-03-22,2026-08-05,112,5695,2177,137,0.817518,0.739886,0.767145,0.349328,,,,,,,,GLOBAL_BASELINE_NO_ENTITY_RANKING,,,NOT_APPLICABLE_GLOBAL_BASELINE,HF9g-P5,,,,X 全窗基线 · 不参与实体赏罚,14196276,1420,A168_HF9F_20260827_0900,2026-08-27 09:00:00
2026-06-05,110249610,2177,0,17.6108659043,-17.6108659043,-17.6108659043,0E-7,1,1,0.50665070000000000,0.506650700000,-1.013391052207602,-1.013391052207602,-1.013391052207602,0E-17,ELIGIBLE,R03b_20260811_FULL_v1,L1_ELIGIBILITY,v2026-08-11,2026-03-21..2026-08-06,baccarat_bet02_101_all_pairs_incl_sentinel,round_win = game_pnl > 0 (decisive only),COMPATIBILITY_ONLY_NOT_PRODUCTION,296357.1217,267511.9505,6650.6079,18220,18206,-0.02244119,-0.04150452,-0.02020951,-0.02244119,-6650.6079,296357.1217,OK,0.0000,266.0243,4.0000,96.0000,AG03-UNRESOLVED,ALL5_LEVELS_bet23_to_bet27,266.0243,266.0243,266.0243,332.5304,332.5304,4.000000,4.000000,4.000000,5.000000,5.000000,96.000000,96.000000,96.000000,95.000000,95.000000,5.0,1463.1337,1340.2688,5187.4742,5310.3391,PENDING_AG03,FALSE,NOT_FOR_ENFORCEMENT,6384.5836,256811.4724,6650.6079,6384.5836,266.0243,0.02244119,0.02154355,266.0243,6384.5836,0.02154355,266.0243,266.0243,266.0243,332.5304,332.5304,6384.5836,0.02154355,1463.1337,1340.2688,5187.4742,5310.3391,0.01750413,0.01791872,0.00089765,16.2655,14.6936,0.3653,59.3804,1.1678,2646.0457,162.5536,12.4780,16.8648,9.0895,16.5695,22.0926,29.825,33.4482,44.5976,11.8163,0.0,2.018664,2.691552,0.981654,30,240,141,4,0.10479828,0.02244119,0.04150452,0E-8,0.000000,0.902668,0.011910,-0.02129501,2026-03-22,2026-08-05,112,5695,2177,137,0.817518,0.739886,0.767145,0.349328,,,,,,,,GLOBAL_BASELINE_NO_ENTITY_RANKING,,,NOT_APPLICABLE_GLOBAL_BASELINE,HF9g-P5,,,,X 全窗基线 · 不参与实体赏罚,14196277,1420,A168_HF9F_20260827_0900,2026-08-27 09:00:00
2026-06-05,110249610,2188,0,49.5305603557,-17.3356961245,-17.3356961245,0.5000000,2,2,0.49994810000000000,0.499948100000,0.00014679536856514622,0.00014679536856514622,0.00014679536856514622,0E-17,ELIGIBLE,R03b_20260811_FULL_v1,L1_ELIGIBILITY,v2026-08-11,2026-03-21..2026-08-06,baccarat_bet02_101_all_pairs_incl_sentinel,round_win = game_pnl > 0 (decisive only),COMPATIBILITY_ONLY_NOT_PRODUCTION,296357.1217,267511.9505,6650.6079,18220,18206,-0.02244119,-0.04150452,-0.02020951,-0.02244119,-6650.6079,296357.1217,OK,0.0000,266.0243,4.0000,96.0000,AG03-UNRESOLVED,ALL5_LEVELS_bet23_to_bet27,266.0243,266.0243,266.0243,332.5304,332.5304,4.000000,4.000000,4.000000,5.000000,5.000000,96.000000,96.000000,96.000000,95.000000,95.000000,5.0,1463.1337,1340.2688,5187.4742,5310.3391,PENDING_AG03,FALSE,NOT_FOR_ENFORCEMENT,6384.5836,256811.4724,6650.6079,6384.5836,266.0243,0.02244119,0.02154355,266.0243,6384.5836,0.02154355,266.0243,266.0243,266.0243,332.5304,332.5304,6384.5836,0.02154355,1463.1337,1340.2688,5187.4742,5310.3391,0.01750413,0.01791872,0.00089765,16.2655,14.6936,0.3653,59.3804,1.1678,2646.0457,162.5536,12.4780,16.8648,9.0895,16.5695,22.0926,29.825,33.4482,44.5976,11.8163,0.0,2.018664,2.691552,0.981654,30,240,141,4,0.10479828,0.02244119,0.04150452,0E-8,0.000000,0.902668,0.011910,-0.02129501,2026-03-22,2026-08-05,112,5695,2177,137,0.817518,0.739886,0.767145,0.349328,,,,,,,,GLOBAL_BASELINE_NO_ENTITY_RANKING,,,NOT_APPLICABLE_GLOBAL_BASELINE,HF9g-P5,,,,X 全窗基线 · 不参与实体赏罚,14196278,1420,A168_HF9F_20260827_0900,2026-08-27 09:00:00
2026-06-05,110249610,2196,0,27.5169779754,-27.5169779754,-27.5169779754,0E-7,1,1,0.50665070000000000,0.506650700000,-1.013391052207602,-1.013391052207602,-1.013391052207602,0E-17,ELIGIBLE,R03b_20260811_FULL_v1,L1_ELIGIBILITY,v2026-08-11,2026-03-21..2026-08-06,baccarat_bet02_101_all_pairs_incl_sentinel,round_win = game_pnl > 0 (decisive only),COMPATIBILITY_ONLY_NOT_PRODUCTION,296357.1217,267511.9505,6650.6079,18220,18206,-0.02244119,-0.04150452,-0.02020951,-0.02244119,-6650.6079,296357.1217,OK,0.0000,266.0243,4.0000,96.0000,AG03-UNRESOLVED,ALL5_LEVELS_bet23_to_bet27,266.0243,266.0243,266.0243,332.5304,332.5304,4.000000,4.000000,4.000000,5.000000,5.000000,96.000000,96.000000,96.000000,95.000000,95.000000,5.0,1463.1337,1340.2688,5187.4742,5310.3391,PENDING_AG03,FALSE,NOT_FOR_ENFORCEMENT,6384.5836,256811.4724,6650.6079,6384.5836,266.0243,0.02244119,0.02154355,266.0243,6384.5836,0.02154355,266.0243,266.0243,266.0243,332.5304,332.5304,6384.5836,0.02154355,1463.1337,1340.2688,5187.4742,5310.3391,0.01750413,0.01791872,0.00089765,16.2655,14.6936,0.3653,59.3804,1.1678,2646.0457,162.5536,12.4780,16.8648,9.0895,16.5695,22.0926,29.825,33.4482,44.5976,11.8163,0.0,2.018664,2.691552,0.981654,30,240,141,4,0.10479828,0.02244119,0.04150452,0E-8,0.000000,0.902668,0.011910,-0.02129501,2026-03-22,2026-08-05,112,5695,2177,137,0.817518,0.739886,0.767145,0.349328,,,,,,,,GLOBAL_BASELINE_NO_ENTITY_RANKING,,,NOT_APPLICABLE_GLOBAL_BASELINE,HF9g-P5,,,,X 全窗基线 · 不参与实体赏罚,14196279,1420,A168_HF9F_20260827_0900,2026-08-27 09:00:00
2026-06-05,110249610,2220,0,11.0067911902,-11.0067911902,-11.0067911902,0E-7,1,1,0.50665070000000000,0.506650700000,-1.013391052207602,-1.013391052207602,-1.013391052207602,0E-17,ELIGIBLE,R03b_20260811_FULL_v1,L1_ELIGIBILITY,v2026-08-11,2026-03-21..2026-08-06,baccarat_bet02_101_all_pairs_incl_sentinel,round_win = game_pnl > 0 (decisive only),COMPATIBILITY_ONLY_NOT_PRODUCTION,296357.1217,267511.9505,6650.6079,18220,18206,-0.02244119,-0.04150452,-0.02020951,-0.02244119,-6650.6079,296357.1217,OK,0.0000,266.0243,4.0000,96.0000,AG03-UNRESOLVED,ALL5_LEVELS_bet23_to_bet27,266.0243,266.0243,266.0243,332.5304,332.5304,4.000000,4.000000,4.000000,5.000000,5.000000,96.000000,96.000000,96.000000,95.000000,95.000000,5.0,1463.1337,1340.2688,5187.4742,5310.3391,PENDING_AG03,FALSE,NOT_FOR_ENFORCEMENT,6384.5836,256811.4724,6650.6079,6384.5836,266.0243,0.02244119,0.02154355,266.0243,6384.5836,0.02154355,266.0243,266.0243,266.0243,332.5304,332.5304,6384.5836,0.02154355,1463.1337,1340.2688,5187.4742,5310.3391,0.01750413,0.01791872,0.00089765,16.2655,14.6936,0.3653,59.3804,1.1678,2646.0457,162.5536,12.4780,16.8648,9.0895,16.5695,22.0926,29.825,33.4482,44.5976,11.8163,0.0,2.018664,2.691552,0.981654,30,240,141,4,0.10479828,0.02244119,0.04150452,0E-8,0.000000,0.902668,0.011910,-0.02129501,2026-03-22,2026-08-05,112,5695,2177,137,0.817518,0.739886,0.767145,0.349328,,,,,,,,GLOBAL_BASELINE_NO_ENTITY_RANKING,,,NOT_APPLICABLE_GLOBAL_BASELINE,HF9g-P5,,,,X 全窗基线 · 不参与实体赏罚,14196280,1420,A168_HF9F_20260827_0900,2026-08-27 09:00:00
2026-06-05,110249610,2244,0,49.5305603557,-5.5033955951,-5.5033955951,0.5000000,2,2,0.49324550000000000,0.493245500000,0.01910635448239258,0.01910635448239258,0.01910635448239258,0E-17,ELIGIBLE,R03b_20260811_FULL_v1,L1_ELIGIBILITY,v2026-08-11,2026-03-21..2026-08-06,baccarat_bet02_101_all_pairs_incl_sentinel,round_win = game_pnl > 0 (decisive only),COMPATIBILITY_ONLY_NOT_PRODUCTION,296357.1217,267511.9505,6650.6079,18220,18206,-0.02244119,-0.04150452,-0.02020951,-0.02244119,-6650.6079,296357.1217,OK,0.0000,266.0243,4.0000,96.0000,AG03-UNRESOLVED,ALL5_LEVELS_bet23_to_bet27,266.0243,266.0243,266.0243,332.5304,332.5304,4.000000,4.000000,4.000000,5.000000,5.000000,96.000000,96.000000,96.000000,95.000000,95.000000,5.0,1463.1337,1340.2688,5187.4742,5310.3391,PENDING_AG03,FALSE,NOT_FOR_ENFORCEMENT,6384.5836,256811.4724,6650.6079,6384.5836,266.0243,0.02244119,0.02154355,266.0243,6384.5836,0.02154355,266.0243,266.0243,266.0243,332.5304,332.5304,6384.5836,0.02154355,1463.1337,1340.2688,5187.4742,5310.3391,0.01750413,0.01791872,0.00089765,16.2655,14.6936,0.3653,59.3804,1.1678,2646.0457,162.5536,12.4780,16.8648,9.0895,16.5695,22.0926,29.825,33.4482,44.5976,11.8163,0.0,2.018664,2.691552,0.981654,30,240,141,4,0.10479828,0.02244119,0.04150452,0E-8,0.000000,0.902668,0.011910,-0.02129501,2026-03-22,2026-08-05,112,5695,2177,137,0.817518,0.739886,0.767145,0.349328,,,,,,,,GLOBAL_BASELINE_NO_ENTITY_RANKING,,,NOT_APPLICABLE_GLOBAL_BASELINE,HF9g-P5,,,,X 全窗基线 · 不参与实体赏罚,14196281,1420,A168_HF9F_20260827_0900,2026-08-27 09:00:00
2026-06-05,110249610,2266,0,130.7606793392,-8.1450254808,-8.1450254808,0.4000000,5,5,0.49592654000000000,0.495926540000,-0.42901076602576227,-0.42901076602576227,-0.42901076602576227,0E-17,ELIGIBLE,R03b_20260811_FULL_v1,L1_ELIGIBILITY,v2026-08-11,2026-03-21..2026-08-06,baccarat_bet02_101_all_pairs_incl_sentinel,round_win = game_pnl > 0 (decisive only),COMPATIBILITY_ONLY_NOT_PRODUCTION,296357.1217,267511.9505,6650.6079,18220,18206,-0.02244119,-0.04150452,-0.02020951,-0.02244119,-6650.6079,296357.1217,OK,0.0000,266.0243,4.0000,96.0000,AG03-UNRESOLVED,ALL5_LEVELS_bet23_to_bet27,266.0243,266.0243,266.0243,332.5304,332.5304,4.000000,4.000000,4.000000,5.000000,5.000000,96.000000,96.000000,96.000000,95.000000,95.000000,5.0,1463.1337,1340.2688,5187.4742,5310.3391,PENDING_AG03,FALSE,NOT_FOR_ENFORCEMENT,6384.5836,256811.4724,6650.6079,6384.5836,266.0243,0.02244119,0.02154355,266.0243,6384.5836,0.02154355,266.0243,266.0243,266.0243,332.5304,332.5304,6384.5836,0.02154355,1463.1337,1340.2688,5187.4742,5310.3391,0.01750413,0.01791872,0.00089765,16.2655,14.6936,0.3653,59.3804,1.1678,2646.0457,162.5536,12.4780,16.8648,9.0895,16.5695,22.0926,29.825,33.4482,44.5976,11.8163,0.0,2.018664,2.691552,0.981654,30,240,141,4,0.10479828,0.02244119,0.04150452,0E-8,0.000000,0.902668,0.011910,-0.02129501,2026-03-22,2026-08-05,112,5695,2177,137,0.817518,0.739886,0.767145,0.349328,,,,,,,,GLOBAL_BASELINE_NO_ENTITY_RANKING,,,NOT_APPLICABLE_GLOBAL_BASELINE,HF9g-P5,,,,X 全窗基线 · 不参与实体赏罚,14196282,1420,A168_HF9F_20260827_0900,2026-08-27 09:00:00
2026-06-05,110249610,462,0,55.0339559508,-12.1074703092,-12.1074703092,0.5000000,2,2,0.50665070000000000,0.506650700000,-0.018812684590367487,-0.018812684590367487,-0.018812684590367487,0E-17,ELIGIBLE,R03b_20260811_FULL_v1,L1_ELIGIBILITY,v2026-08-11,2026-03-21..2026-08-06,baccarat_bet02_101_all_pairs_incl_sentinel,round_win = game_pnl > 0 (decisive only),COMPATIBILITY_ONLY_NOT_PRODUCTION,296357.1217,267511.9505,6650.6079,18220,18206,-0.02244119,-0.04150452,-0.02020951,-0.02244119,-6650.6079,296357.1217,OK,0.0000,266.0243,4.0000,96.0000,AG03-UNRESOLVED,ALL5_LEVELS_bet23_to_bet27,266.0243,266.0243,266.0243,332.5304,332.5304,4.000000,4.000000,4.000000,5.000000,5.000000,96.000000,96.000000,96.000000,95.000000,95.000000,5.0,1463.1337,1340.2688,5187.4742,5310.3391,PENDING_AG03,FALSE,NOT_FOR_ENFORCEMENT,6384.5836,256811.4724,6650.6079,6384.5836,266.0243,0.02244119,0.02154355,266.0243,6384.5836,0.02154355,266.0243,266.0243,266.0243,332.5304,332.5304,6384.5836,0.02154355,1463.1337,1340.2688,5187.4742,5310.3391,0.01750413,0.01791872,0.00089765,16.2655,14.6936,0.3653,59.3804,1.1678,2646.0457,162.5536,12.4780,16.8648,9.0895,16.5695,22.0926,29.825,33.4482,44.5976,11.8163,0.0,2.018664,2.691552,0.981654,30,240,141,4,0.10479828,0.02244119,0.04150452,0E-8,0.000000,0.902668,0.011910,-0.02129501,2026-03-22,2026-08-05,112,5695,2177,137,0.817518,0.739886,0.767145,0.349328,,,,,,,,GLOBAL_BASELINE_NO_ENTITY_RANKING,,,NOT_APPLICABLE_GLOBAL_BASELINE,HF9g-P5,,,,X 全窗基线 · 不参与实体赏罚,14196283,1420,A168_HF9F_20260827_0900,2026-08-27 09:00:00
2026-06-05,110249610,789,0,110.0679119017,-77.0475383312,-77.0475383312,0E-7,4,4,0.49994810000000000,0.499948100000,-1.7318710300250217,-1.7318710300250217,-1.7318710300250217,0E-17,ELIGIBLE,R03b_20260811_FULL_v1,L1_ELIGIBILITY,v2026-08-11,2026-03-21..2026-08-06,baccarat_bet02_101_all_pairs_incl_sentinel,round_win = game_pnl > 0 (decisive only),COMPATIBILITY_ONLY_NOT_PRODUCTION,296357.1217,267511.9505,6650.6079,18220,18206,-0.02244119,-0.04150452,-0.02020951,-0.02244119,-6650.6079,296357.1217,OK,0.0000,266.0243,4.0000,96.0000,AG03-UNRESOLVED,ALL5_LEVELS_bet23_to_bet27,266.0243,266.0243,266.0243,332.5304,332.5304,4.000000,4.000000,4.000000,5.000000,5.000000,96.000000,96.000000,96.000000,95.000000,95.000000,5.0,1463.1337,1340.2688,5187.4742,5310.3391,PENDING_AG03,FALSE,NOT_FOR_ENFORCEMENT,6384.5836,256811.4724,6650.6079,6384.5836,266.0243,0.02244119,0.02154355,266.0243,6384.5836,0.02154355,266.0243,266.0243,266.0243,332.5304,332.5304,6384.5836,0.02154355,1463.1337,1340.2688,5187.4742,5310.3391,0.01750413,0.01791872,0.00089765,16.2655,14.6936,0.3653,59.3804,1.1678,2646.0457,162.5536,12.4780,16.8648,9.0895,16.5695,22.0926,29.825,33.4482,44.5976,11.8163,0.0,2.018664,2.691552,0.981654,30,240,141,4,0.10479828,0.02244119,0.04150452,0E-8,0.000000,0.902668,0.011910,-0.02129501,2026-03-22,2026-08-05,112,5695,2177,137,0.817518,0.739886,0.767145,0.349328,,,,,,,,GLOBAL_BASELINE_NO_ENTITY_RANKING,,,NOT_APPLICABLE_GLOBAL_BASELINE,HF9g-P5,,,,X 全窗基线 · 不参与实体赏罚,14196284,1420,A168_HF9F_20260827_0900,2026-08-27 09:00:00
2026-06-05,110249610,801,0,165.1018678525,-33.0203735705,-33.0203735705,0.3333333,3,3,0.49324550000000000,0.493245500000,-0.5540025479526107,-0.5540025479526106,-0.5540025479526107,0E-17,ELIGIBLE,R03b_20260811_FULL_v1,L1_ELIGIBILITY,v2026-08-11,2026-03-21..2026-08-06,baccarat_bet02_101_all_pairs_incl_sentinel,round_win = game_pnl > 0 (decisive only),COMPATIBILITY_ONLY_NOT_PRODUCTION,296357.1217,267511.9505,6650.6079,18220,18206,-0.02244119,-0.04150452,-0.02020951,-0.02244119,-6650.6079,296357.1217,OK,0.0000,266.0243,4.0000,96.0000,AG03-UNRESOLVED,ALL5_LEVELS_bet23_to_bet27,266.0243,266.0243,266.0243,332.5304,332.5304,4.000000,4.000000,4.000000,5.000000,5.000000,96.000000,96.000000,96.000000,95.000000,95.000000,5.0,1463.1337,1340.2688,5187.4742,5310.3391,PENDING_AG03,FALSE,NOT_FOR_ENFORCEMENT,6384.5836,256811.4724,6650.6079,6384.5836,266.0243,0.02244119,0.02154355,266.0243,6384.5836,0.02154355,266.0243,266.0243,266.0243,332.5304,332.5304,6384.5836,0.02154355,1463.1337,1340.2688,5187.4742,5310.3391,0.01750413,0.01791872,0.00089765,16.2655,14.6936,0.3653,59.3804,1.1678,2646.0457,162.5536,12.4780,16.8648,9.0895,16.5695,22.0926,29.825,33.4482,44.5976,11.8163,0.0,2.018664,2.691552,0.981654,30,240,141,4,0.10479828,0.02244119,0.04150452,0E-8,0.000000,0.902668,0.011910,-0.02129501,2026-03-22,2026-08-05,112,5695,2177,137,0.817518,0.739886,0.767145,0.349328,,,,,,,,GLOBAL_BASELINE_NO_ENTITY_RANKING,,,NOT_APPLICABLE_GLOBAL_BASELINE,HF9g-P5,,,,X 全窗基线 · 不参与实体赏罚,14196285,1420,A168_HF9F_20260827_0900,2026-08-27 09:00:00
2026-06-05,110249610,919,0,69.0125807623,-16.8403905209,-16.8403905209,0.5000000,4,4,0.49324550000000000,0.493245500000,0.027020465636507562,0.027020465636507562,0.027020465636507562,0E-17,ELIGIBLE,R03b_20260811_FULL_v1,L1_ELIGIBILITY,v2026-08-11,2026-03-21..2026-08-06,baccarat_bet02_101_all_pairs_incl_sentinel,round_win = game_pnl > 0 (decisive only),COMPATIBILITY_ONLY_NOT_PRODUCTION,296357.1217,267511.9505,6650.6079,18220,18206,-0.02244119,-0.04150452,-0.02020951,-0.02244119,-6650.6079,296357.1217,OK,0.0000,266.0243,4.0000,96.0000,AG03-UNRESOLVED,ALL5_LEVELS_bet23_to_bet27,266.0243,266.0243,266.0243,332.5304,332.5304,4.000000,4.000000,4.000000,5.000000,5.000000,96.000000,96.000000,96.000000,95.000000,95.000000,5.0,1463.1337,1340.2688,5187.4742,5310.3391,PENDING_AG03,FALSE,NOT_FOR_ENFORCEMENT,6384.5836,256811.4724,6650.6079,6384.5836,266.0243,0.02244119,0.02154355,266.0243,6384.5836,0.02154355,266.0243,266.0243,266.0243,332.5304,332.5304,6384.5836,0.02154355,1463.1337,1340.2688,5187.4742,5310.3391,0.01750413,0.01791872,0.00089765,16.2655,14.6936,0.3653,59.3804,1.1678,2646.0457,162.5536,12.4780,16.8648,9.0895,16.5695,22.0926,29.825,33.4482,44.5976,11.8163,0.0,2.018664,2.691552,0.981654,30,240,141,4,0.10479828,0.02244119,0.04150452,0E-8,0.000000,0.902668,0.011910,-0.02129501,2026-03-22,2026-08-05,112,5695,2177,137,0.817518,0.739886,0.767145,0.349328,,,,,,,,GLOBAL_BASELINE_NO_ENTITY_RANKING,,,NOT_APPLICABLE_GLOBAL_BASELINE,HF9g-P5,,,,X 全窗基线 · 不参与实体赏罚,14196286,1420,A168_HF9F_20260827_0900,2026-08-27 09:00:00
2026-06-05,110249610,925,0,49.5305603557,-49.5305603557,-49.5305603557,0E-7,2,2,0.49994810000000000,0.499948100000,-1.4140667746232096,-1.4140667746232096,-1.4140667746232096,0E-17,ELIGIBLE,R03b_20260811_FULL_v1,L1_ELIGIBILITY,v2026-08-11,2026-03-21..2026-08-06,baccarat_bet02_101_all_pairs_incl_sentinel,round_win = game_pnl > 0 (decisive only),COMPATIBILITY_ONLY_NOT_PRODUCTION,296357.1217,267511.9505,6650.6079,18220,18206,-0.02244119,-0.04150452,-0.02020951,-0.02244119,-6650.6079,296357.1217,OK,0.0000,266.0243,4.0000,96.0000,AG03-UNRESOLVED,ALL5_LEVELS_bet23_to_bet27,266.0243,266.0243,266.0243,332.5304,332.5304,4.000000,4.000000,4.000000,5.000000,5.000000,96.000000,96.000000,96.000000,95.000000,95.000000,5.0,1463.1337,1340.2688,5187.4742,5310.3391,PENDING_AG03,FALSE,NOT_FOR_ENFORCEMENT,6384.5836,256811.4724,6650.6079,6384.5836,266.0243,0.02244119,0.02154355,266.0243,6384.5836,0.02154355,266.0243,266.0243,266.0243,332.5304,332.5304,6384.5836,0.02154355,1463.1337,1340.2688,5187.4742,5310.3391,0.01750413,0.01791872,0.00089765,16.2655,14.6936,0.3653,59.3804,1.1678,2646.0457,162.5536,12.4780,16.8648,9.0895,16.5695,22.0926,29.825,33.4482,44.5976,11.8163,0.0,2.018664,2.691552,0.981654,30,240,141,4,0.10479828,0.02244119,0.04150452,0E-8,0.000000,0.902668,0.011910,-0.02129501,2026-03-22,2026-08-05,112,5695,2177,137,0.817518,0.739886,0.767145,0.349328,,,,,,,,GLOBAL_BASELINE_NO_ENTITY_RANKING,,,NOT_APPLICABLE_GLOBAL_BASELINE,HF9g-P5,,,,X 全窗基线 · 不参与实体赏罚,14196287,1420,A168_HF9F_20260827_0900,2026-08-27 09:00:00
2026-06-05,110249610,948,0,69.8931240576,11.8818310899,11.8818310899,0.8000000,5,5,0.50665070000000000,0.506650700000,1.3120140225494112,1.3120140225494112,1.3120140225494112,0E-17,ELIGIBLE,R03b_20260811_FULL_v1,L1_ELIGIBILITY,v2026-08-11,2026-03-21..2026-08-06,baccarat_bet02_101_all_pairs_incl_sentinel,round_win = game_pnl > 0 (decisive only),COMPATIBILITY_ONLY_NOT_PRODUCTION,296357.1217,267511.9505,6650.6079,18220,18206,-0.02244119,-0.04150452,-0.02020951,-0.02244119,-6650.6079,296357.1217,OK,0.0000,266.0243,4.0000,96.0000,AG03-UNRESOLVED,ALL5_LEVELS_bet23_to_bet27,266.0243,266.0243,266.0243,332.5304,332.5304,4.000000,4.000000,4.000000,5.000000,5.000000,96.000000,96.000000,96.000000,95.000000,95.000000,5.0,1463.1337,1340.2688,5187.4742,5310.3391,PENDING_AG03,FALSE,NOT_FOR_ENFORCEMENT,6384.5836,256811.4724,6650.6079,6384.5836,266.0243,0.02244119,0.02154355,266.0243,6384.5836,0.02154355,266.0243,266.0243,266.0243,332.5304,332.5304,6384.5836,0.02154355,1463.1337,1340.2688,5187.4742,5310.3391,0.01750413,0.01791872,0.00089765,16.2655,14.6936,0.3653,59.3804,1.1678,2646.0457,162.5536,12.4780,16.8648,9.0895,16.5695,22.0926,29.825,33.4482,44.5976,11.8163,0.0,2.018664,2.691552,0.981654,30,240,141,4,0.10479828,0.02244119,0.04150452,0E-8,0.000000,0.902668,0.011910,-0.02129501,2026-03-22,2026-08-05,112,5695,2177,137,0.817518,0.739886,0.767145,0.349328,,,,,,,,GLOBAL_BASELINE_NO_ENTITY_RANKING,,,NOT_APPLICABLE_GLOBAL_BASELINE,HF9g-P5,,,,X 全窗基线 · 不参与实体赏罚,14196288,1420,A168_HF9F_20260827_0900,2026-08-27 09:00:00
2026-06-06,110249610,-1,1,1401.1645185077,40.8076783379,40.8076783379,0.5416667,51,51,0.49902813529411765,0.499028135294,0.5908179376599559,0.5908179376615864,0.5908179376599559,1.1765E-13,SENTINEL_DEALER,R03b_20260811_FULL_v1,L1_ELIGIBILITY,v2026-08-11,2026-03-21..2026-08-06,baccarat_bet02_101_all_pairs_incl_sentinel,round_win = game_pnl > 0 (decisive only),COMPATIBILITY_ONLY_NOT_PRODUCTION,296357.1217,267511.9505,6650.6079,18220,18206,-0.02244119,-0.04150452,-0.02020951,-0.02244119,-6650.6079,296357.1217,OK,0.0000,266.0243,4.0000,96.0000,AG03-UNRESOLVED,ALL5_LEVELS_bet23_to_bet27,266.0243,266.0243,266.0243,332.5304,332.5304,4.000000,4.000000,4.000000,5.000000,5.000000,96.000000,96.000000,96.000000,95.000000,95.000000,5.0,1463.1337,1340.2688,5187.4742,5310.3391,PENDING_AG03,FALSE,NOT_FOR_ENFORCEMENT,6384.5836,256811.4724,6650.6079,6384.5836,266.0243,0.02244119,0.02154355,266.0243,6384.5836,0.02154355,266.0243,266.0243,266.0243,332.5304,332.5304,6384.5836,0.02154355,1463.1337,1340.2688,5187.4742,5310.3391,0.01750413,0.01791872,0.00089765,16.2655,14.6936,0.3653,59.3804,1.1678,2646.0457,162.5536,12.4780,16.8648,9.0895,16.5695,22.0926,29.825,33.4482,44.5976,11.8163,0.0,2.018664,2.691552,0.981654,30,240,141,4,0.10479828,0.02244119,0.04150452,0E-8,0.000000,0.902668,0.011910,-0.02129501,2026-03-22,2026-08-05,112,5695,2177,137,0.817518,0.739886,0.767145,0.349328,,,,,,,,GLOBAL_BASELINE_NO_ENTITY_RANKING,,,NOT_APPLICABLE_GLOBAL_BASELINE,HF9g-P5,,,,X 全窗基线 · 不参与实体赏罚,14196289,1420,A168_HF9F_20260827_0900,2026-08-27 09:00:00
2026-06-06,110249610,1017,0,33.0203735705,-33.0203735705,-33.0203735705,0E-7,1,1,0.49324550000000000,0.493245500000,-0.9865810262130424,-0.9865810262130424,-0.9865810262130424,0E-17,ELIGIBLE,R03b_20260811_FULL_v1,L1_ELIGIBILITY,v2026-08-11,2026-03-21..2026-08-06,baccarat_bet02_101_all_pairs_incl_sentinel,round_win = game_pnl > 0 (decisive only),COMPATIBILITY_ONLY_NOT_PRODUCTION,296357.1217,267511.9505,6650.6079,18220,18206,-0.02244119,-0.04150452,-0.02020951,-0.02244119,-6650.6079,296357.1217,OK,0.0000,266.0243,4.0000,96.0000,AG03-UNRESOLVED,ALL5_LEVELS_bet23_to_bet27,266.0243,266.0243,266.0243,332.5304,332.5304,4.000000,4.000000,4.000000,5.000000,5.000000,96.000000,96.000000,96.000000,95.000000,95.000000,5.0,1463.1337,1340.2688,5187.4742,5310.3391,PENDING_AG03,FALSE,NOT_FOR_ENFORCEMENT,6384.5836,256811.4724,6650.6079,6384.5836,266.0243,0.02244119,0.02154355,266.0243,6384.5836,0.02154355,266.0243,266.0243,266.0243,332.5304,332.5304,6384.5836,0.02154355,1463.1337,1340.2688,5187.4742,5310.3391,0.01750413,0.01791872,0.00089765,16.2655,14.6936,0.3653,59.3804,1.1678,2646.0457,162.5536,12.4780,16.8648,9.0895,16.5695,22.0926,29.825,33.4482,44.5976,11.8163,0.0,2.018664,2.691552,0.981654,30,240,141,4,0.10479828,0.02244119,0.04150452,0E-8,0.000000,0.902668,0.011910,-0.02129501,2026-03-22,2026-08-05,112,5695,2177,137,0.817518,0.739886,0.767145,0.349328,,,,,,,,GLOBAL_BASELINE_NO_ENTITY_RANKING,,,NOT_APPLICABLE_GLOBAL_BASELINE,HF9g-P5,,,,X 全窗基线 · 不参与实体赏罚,14196290,1420,A168_HF9F_20260827_0900,2026-08-27 09:00:00
2026-06-06,110249610,1221,0,73.7455009741,73.7455009741,73.7455009741,1.0000000,2,2,0.49324550000000000,0.493245500000,1.4334489766152358,1.4334489766152358,1.4334489766152358,0E-17,ELIGIBLE,R03b_20260811_FULL_v1,L1_ELIGIBILITY,v2026-08-11,2026-03-21..2026-08-06,baccarat_bet02_101_all_pairs_incl_sentinel,round_win = game_pnl > 0 (decisive only),COMPATIBILITY_ONLY_NOT_PRODUCTION,296357.1217,267511.9505,6650.6079,18220,18206,-0.02244119,-0.04150452,-0.02020951,-0.02244119,-6650.6079,296357.1217,OK,0.0000,266.0243,4.0000,96.0000,AG03-UNRESOLVED,ALL5_LEVELS_bet23_to_bet27,266.0243,266.0243,266.0243,332.5304,332.5304,4.000000,4.000000,4.000000,5.000000,5.000000,96.000000,96.000000,96.000000,95.000000,95.000000,5.0,1463.1337,1340.2688,5187.4742,5310.3391,PENDING_AG03,FALSE,NOT_FOR_ENFORCEMENT,6384.5836,256811.4724,6650.6079,6384.5836,266.0243,0.02244119,0.02154355,266.0243,6384.5836,0.02154355,266.0243,266.0243,266.0243,332.5304,332.5304,6384.5836,0.02154355,1463.1337,1340.2688,5187.4742,5310.3391,0.01750413,0.01791872,0.00089765,16.2655,14.6936,0.3653,59.3804,1.1678,2646.0457,162.5536,12.4780,16.8648,9.0895,16.5695,22.0926,29.825,33.4482,44.5976,11.8163,0.0,2.018664,2.691552,0.981654,30,240,141,4,0.10479828,0.02244119,0.04150452,0E-8,0.000000,0.902668,0.011910,-0.02129501,2026-03-22,2026-08-05,112,5695,2177,137,0.817518,0.739886,0.767145,0.349328,,,,,,,,GLOBAL_BASELINE_NO_ENTITY_RANKING,,,NOT_APPLICABLE_GLOBAL_BASELINE,HF9g-P5,,,,X 全窗基线 · 不参与实体赏罚,14196291,1420,A168_HF9F_20260827_0900,2026-08-27 09:00:00
2026-06-06,110249610,1257,0,195.9208831849,90.2556877593,90.2556877593,0.7500000,4,4,0.49324550000000000,0.493245500000,1.0271117246678039,1.0271117246678039,1.0271117246678039,0E-17,ELIGIBLE,R03b_20260811_FULL_v1,L1_ELIGIBILITY,v2026-08-11,2026-03-21..2026-08-06,baccarat_bet02_101_all_pairs_incl_sentinel,round_win = game_pnl > 0 (decisive only),COMPATIBILITY_ONLY_NOT_PRODUCTION,296357.1217,267511.9505,6650.6079,18220,18206,-0.02244119,-0.04150452,-0.02020951,-0.02244119,-6650.6079,296357.1217,OK,0.0000,266.0243,4.0000,96.0000,AG03-UNRESOLVED,ALL5_LEVELS_bet23_to_bet27,266.0243,266.0243,266.0243,332.5304,332.5304,4.000000,4.000000,4.000000,5.000000,5.000000,96.000000,96.000000,96.000000,95.000000,95.000000,5.0,1463.1337,1340.2688,5187.4742,5310.3391,PENDING_AG03,FALSE,NOT_FOR_ENFORCEMENT,6384.5836,256811.4724,6650.6079,6384.5836,266.0243,0.02244119,0.02154355,266.0243,6384.5836,0.02154355,266.0243,266.0243,266.0243,332.5304,332.5304,6384.5836,0.02154355,1463.1337,1340.2688,5187.4742,5310.3391,0.01750413,0.01791872,0.00089765,16.2655,14.6936,0.3653,59.3804,1.1678,2646.0457,162.5536,12.4780,16.8648,9.0895,16.5695,22.0926,29.825,33.4482,44.5976,11.8163,0.0,2.018664,2.691552,0.981654,30,240,141,4,0.10479828,0.02244119,0.04150452,0E-8,0.000000,0.902668,0.011910,-0.02129501,2026-03-22,2026-08-05,112,5695,2177,137,0.817518,0.739886,0.767145,0.349328,,,,,,,,GLOBAL_BASELINE_NO_ENTITY_RANKING,,,NOT_APPLICABLE_GLOBAL_BASELINE,HF9g-P5,,,,X 全窗基线 · 不参与实体赏罚,14196292,1420,A168_HF9F_20260827_0900,2026-08-27 09:00:00
2026-06-06,110249610,1505,0,71.5441427360,-27.5169779754,-27.5169779754,0.3333333,3,3,0.49324550000000000,0.493245500000,-0.5540025479526107,-0.5540025479526106,-0.5540025479526107,0E-17,ELIGIBLE,R03b_20260811_FULL_v1,L1_ELIGIBILITY,v2026-08-11,2026-03-21..2026-08-06,baccarat_bet02_101_all_pairs_incl_sentinel,round_win = game_pnl > 0 (decisive only),COMPATIBILITY_ONLY_NOT_PRODUCTION,296357.1217,267511.9505,6650.6079,18220,18206,-0.02244119,-0.04150452,-0.02020951,-0.02244119,-6650.6079,296357.1217,OK,0.0000,266.0243,4.0000,96.0000,AG03-UNRESOLVED,ALL5_LEVELS_bet23_to_bet27,266.0243,266.0243,266.0243,332.5304,332.5304,4.000000,4.000000,4.000000,5.000000,5.000000,96.000000,96.000000,96.000000,95.000000,95.000000,5.0,1463.1337,1340.2688,5187.4742,5310.3391,PENDING_AG03,FALSE,NOT_FOR_ENFORCEMENT,6384.5836,256811.4724,6650.6079,6384.5836,266.0243,0.02244119,0.02154355,266.0243,6384.5836,0.02154355,266.0243,266.0243,266.0243,332.5304,332.5304,6384.5836,0.02154355,1463.1337,1340.2688,5187.4742,5310.3391,0.01750413,0.01791872,0.00089765,16.2655,14.6936,0.3653,59.3804,1.1678,2646.0457,162.5536,12.4780,16.8648,9.0895,16.5695,22.0926,29.825,33.4482,44.5976,11.8163,0.0,2.018664,2.691552,0.981654,30,240,141,4,0.10479828,0.02244119,0.04150452,0E-8,0.000000,0.902668,0.011910,-0.02129501,2026-03-22,2026-08-05,112,5695,2177,137,0.817518,0.739886,0.767145,0.349328,,,,,,,,GLOBAL_BASELINE_NO_ENTITY_RANKING,,,NOT_APPLICABLE_GLOBAL_BASELINE,HF9g-P5,,,,X 全窗基线 · 不参与实体赏罚,14196293,1420,A168_HF9F_20260827_0900,2026-08-27 09:00:00
2026-06-06,110249610,1507,0,44.6875722321,-21.9365348420,-21.9365348420,0.5000000,2,2,0.50665070000000000,0.506650700000,-0.018812684590367487,-0.018812684590367487,-0.018812684590367487,0E-17,ELIGIBLE,R03b_20260811_FULL_v1,L1_ELIGIBILITY,v2026-08-11,2026-03-21..2026-08-06,baccarat_bet02_101_all_pairs_incl_sentinel,round_win = game_pnl > 0 (decisive only),COMPATIBILITY_ONLY_NOT_PRODUCTION,296357.1217,267511.9505,6650.6079,18220,18206,-0.02244119,-0.04150452,-0.02020951,-0.02244119,-6650.6079,296357.1217,OK,0.0000,266.0243,4.0000,96.0000,AG03-UNRESOLVED,ALL5_LEVELS_bet23_to_bet27,266.0243,266.0243,266.0243,332.5304,332.5304,4.000000,4.000000,4.000000,5.000000,5.000000,96.000000,96.000000,96.000000,95.000000,95.000000,5.0,1463.1337,1340.2688,5187.4742,5310.3391,PENDING_AG03,FALSE,NOT_FOR_ENFORCEMENT,6384.5836,256811.4724,6650.6079,6384.5836,266.0243,0.02244119,0.02154355,266.0243,6384.5836,0.02154355,266.0243,266.0243,266.0243,332.5304,332.5304,6384.5836,0.02154355,1463.1337,1340.2688,5187.4742,5310.3391,0.01750413,0.01791872,0.00089765,16.2655,14.6936,0.3653,59.3804,1.1678,2646.0457,162.5536,12.4780,16.8648,9.0895,16.5695,22.0926,29.825,33.4482,44.5976,11.8163,0.0,2.018664,2.691552,0.981654,30,240,141,4,0.10479828,0.02244119,0.04150452,0E-8,0.000000,0.902668,0.011910,-0.02129501,2026-03-22,2026-08-05,112,5695,2177,137,0.817518,0.739886,0.767145,0.349328,,,,,,,,GLOBAL_BASELINE_NO_ENTITY_RANKING,,,NOT_APPLICABLE_GLOBAL_BASELINE,HF9g-P5,,,,X 全窗基线 · 不参与实体赏罚,14196294,1420,A168_HF9F_20260827_0900,2026-08-27 09:00:00
2026-06-06,110249610,1623,0,526.1246188901,144.4641343708,144.4641343708,0.6666667,13,13,0.50561953076923077,0.505619530769,1.115837763739715,1.1158377637413082,1.115837763739715,2.3077E-13,ELIGIBLE,R03b_20260811_FULL_v1,L1_ELIGIBILITY,v2026-08-11,2026-03-21..2026-08-06,baccarat_bet02_101_all_pairs_incl_sentinel,round_win = game_pnl > 0 (decisive only),COMPATIBILITY_ONLY_NOT_PRODUCTION,296357.1217,267511.9505,6650.6079,18220,18206,-0.02244119,-0.04150452,-0.02020951,-0.02244119,-6650.6079,296357.1217,OK,0.0000,266.0243,4.0000,96.0000,AG03-UNRESOLVED,ALL5_LEVELS_bet23_to_bet27,266.0243,266.0243,266.0243,332.5304,332.5304,4.000000,4.000000,4.000000,5.000000,5.000000,96.000000,96.000000,96.000000,95.000000,95.000000,5.0,1463.1337,1340.2688,5187.4742,5310.3391,PENDING_AG03,FALSE,NOT_FOR_ENFORCEMENT,6384.5836,256811.4724,6650.6079,6384.5836,266.0243,0.02244119,0.02154355,266.0243,6384.5836,0.02154355,266.0243,266.0243,266.0243,332.5304,332.5304,6384.5836,0.02154355,1463.1337,1340.2688,5187.4742,5310.3391,0.01750413,0.01791872,0.00089765,16.2655,14.6936,0.3653,59.3804,1.1678,2646.0457,162.5536,12.4780,16.8648,9.0895,16.5695,22.0926,29.825,33.4482,44.5976,11.8163,0.0,2.018664,2.691552,0.981654,30,240,141,4,0.10479828,0.02244119,0.04150452,0E-8,0.000000,0.902668,0.011910,-0.02129501,2026-03-22,2026-08-05,112,5695,2177,137,0.817518,0.739886,0.767145,0.349328,,,,,,,,GLOBAL_BASELINE_NO_ENTITY_RANKING,,,NOT_APPLICABLE_GLOBAL_BASELINE,HF9g-P5,,,,X 全窗基线 · 不参与实体赏罚,14196295,1420,A168_HF9F_20260827_0900,2026-08-27 09:00:00
2026-06-06,110249610,1704,0,115.5713074967,22.6189558958,22.6189558958,0.6666667,4,4,0.50665070000000000,0.506650700000,0.5543606114942035,0.5543606114942035,0.5543606114942035,0E-17,ELIGIBLE,R03b_20260811_FULL_v1,L1_ELIGIBILITY,v2026-08-11,2026-03-21..2026-08-06,baccarat_bet02_101_all_pairs_incl_sentinel,round_win = game_pnl > 0 (decisive only),COMPATIBILITY_ONLY_NOT_PRODUCTION,296357.1217,267511.9505,6650.6079,18220,18206,-0.02244119,-0.04150452,-0.02020951,-0.02244119,-6650.6079,296357.1217,OK,0.0000,266.0243,4.0000,96.0000,AG03-UNRESOLVED,ALL5_LEVELS_bet23_to_bet27,266.0243,266.0243,266.0243,332.5304,332.5304,4.000000,4.000000,4.000000,5.000000,5.000000,96.000000,96.000000,96.000000,95.000000,95.000000,5.0,1463.1337,1340.2688,5187.4742,5310.3391,PENDING_AG03,FALSE,NOT_FOR_ENFORCEMENT,6384.5836,256811.4724,6650.6079,6384.5836,266.0243,0.02244119,0.02154355,266.0243,6384.5836,0.02154355,266.0243,266.0243,266.0243,332.5304,332.5304,6384.5836,0.02154355,1463.1337,1340.2688,5187.4742,5310.3391,0.01750413,0.01791872,0.00089765,16.2655,14.6936,0.3653,59.3804,1.1678,2646.0457,162.5536,12.4780,16.8648,9.0895,16.5695,22.0926,29.825,33.4482,44.5976,11.8163,0.0,2.018664,2.691552,0.981654,30,240,141,4,0.10479828,0.02244119,0.04150452,0E-8,0.000000,0.902668,0.011910,-0.02129501,2026-03-22,2026-08-05,112,5695,2177,137,0.817518,0.739886,0.767145,0.349328,,,,,,,,GLOBAL_BASELINE_NO_ENTITY_RANKING,,,NOT_APPLICABLE_GLOBAL_BASELINE,HF9g-P5,,,,X 全窗基线 · 不参与实体赏罚,14196296,1420,A168_HF9F_20260827_0900,2026-08-27 09:00:00
2026-06-06,110249610,1940,0,197.0215623040,101.3175129055,101.3175129055,0.8000000,5,5,0.50665070000000000,0.506650700000,1.3120140225494112,1.3120140225494112,1.3120140225494112,0E-17,ELIGIBLE,R03b_20260811_FULL_v1,L1_ELIGIBILITY,v2026-08-11,2026-03-21..2026-08-06,baccarat_bet02_101_all_pairs_incl_sentinel,round_win = game_pnl > 0 (decisive only),COMPATIBILITY_ONLY_NOT_PRODUCTION,296357.1217,267511.9505,6650.6079,18220,18206,-0.02244119,-0.04150452,-0.02020951,-0.02244119,-6650.6079,296357.1217,OK,0.0000,266.0243,4.0000,96.0000,AG03-UNRESOLVED,ALL5_LEVELS_bet23_to_bet27,266.0243,266.0243,266.0243,332.5304,332.5304,4.000000,4.000000,4.000000,5.000000,5.000000,96.000000,96.000000,96.000000,95.000000,95.000000,5.0,1463.1337,1340.2688,5187.4742,5310.3391,PENDING_AG03,FALSE,NOT_FOR_ENFORCEMENT,6384.5836,256811.4724,6650.6079,6384.5836,266.0243,0.02244119,0.02154355,266.0243,6384.5836,0.02154355,266.0243,266.0243,266.0243,332.5304,332.5304,6384.5836,0.02154355,1463.1337,1340.2688,5187.4742,5310.3391,0.01750413,0.01791872,0.00089765,16.2655,14.6936,0.3653,59.3804,1.1678,2646.0457,162.5536,12.4780,16.8648,9.0895,16.5695,22.0926,29.825,33.4482,44.5976,11.8163,0.0,2.018664,2.691552,0.981654,30,240,141,4,0.10479828,0.02244119,0.04150452,0E-8,0.000000,0.902668,0.011910,-0.02129501,2026-03-22,2026-08-05,112,5695,2177,137,0.817518,0.739886,0.767145,0.349328,,,,,,,,GLOBAL_BASELINE_NO_ENTITY_RANKING,,,NOT_APPLICABLE_GLOBAL_BASELINE,HF9g-P5,,,,X 全窗基线 · 不参与实体赏罚,14196297,1420,A168_HF9F_20260827_0900,2026-08-27 09:00:00
2026-06-06,110249610,1947,0,148.5916810672,-0.4953056036,-0.4953056036,0.6000000,5,5,0.50665070000000000,0.506650700000,0.4175076967804994,0.4175076967804994,0.4175076967804994,0E-17,ELIGIBLE,R03b_20260811_FULL_v1,L1_ELIGIBILITY,v2026-08-11,2026-03-21..2026-08-06,baccarat_bet02_101_all_pairs_incl_sentinel,round_win = game_pnl > 0 (decisive only),COMPATIBILITY_ONLY_NOT_PRODUCTION,296357.1217,267511.9505,6650.6079,18220,18206,-0.02244119,-0.04150452,-0.02020951,-0.02244119,-6650.6079,296357.1217,OK,0.0000,266.0243,4.0000,96.0000,AG03-UNRESOLVED,ALL5_LEVELS_bet23_to_bet27,266.0243,266.0243,266.0243,332.5304,332.5304,4.000000,4.000000,4.000000,5.000000,5.000000,96.000000,96.000000,96.000000,95.000000,95.000000,5.0,1463.1337,1340.2688,5187.4742,5310.3391,PENDING_AG03,FALSE,NOT_FOR_ENFORCEMENT,6384.5836,256811.4724,6650.6079,6384.5836,266.0243,0.02244119,0.02154355,266.0243,6384.5836,0.02154355,266.0243,266.0243,266.0243,332.5304,332.5304,6384.5836,0.02154355,1463.1337,1340.2688,5187.4742,5310.3391,0.01750413,0.01791872,0.00089765,16.2655,14.6936,0.3653,59.3804,1.1678,2646.0457,162.5536,12.4780,16.8648,9.0895,16.5695,22.0926,29.825,33.4482,44.5976,11.8163,0.0,2.018664,2.691552,0.981654,30,240,141,4,0.10479828,0.02244119,0.04150452,0E-8,0.000000,0.902668,0.011910,-0.02129501,2026-03-22,2026-08-05,112,5695,2177,137,0.817518,0.739886,0.767145,0.349328,,,,,,,,GLOBAL_BASELINE_NO_ENTITY_RANKING,,,NOT_APPLICABLE_GLOBAL_BASELINE,HF9g-P5,,,,X 全窗基线 · 不参与实体赏罚,14196298,1420,A168_HF9F_20260827_0900,2026-08-27 09:00:00
2026-06-06,110249610,1990,0,22.0135823803,-22.0135823803,-22.0135823803,0E-7,1,1,0.49324550000000000,0.493245500000,-0.9865810262130424,-0.9865810262130424,-0.9865810262130424,0E-17,ELIGIBLE,R03b_20260811_FULL_v1,L1_ELIGIBILITY,v2026-08-11,2026-03-21..2026-08-06,baccarat_bet02_101_all_pairs_incl_sentinel,round_win = game_pnl > 0 (decisive only),COMPATIBILITY_ONLY_NOT_PRODUCTION,296357.1217,267511.9505,6650.6079,18220,18206,-0.02244119,-0.04150452,-0.02020951,-0.02244119,-6650.6079,296357.1217,OK,0.0000,266.0243,4.0000,96.0000,AG03-UNRESOLVED,ALL5_LEVELS_bet23_to_bet27,266.0243,266.0243,266.0243,332.5304,332.5304,4.000000,4.000000,4.000000,5.000000,5.000000,96.000000,96.000000,96.000000,95.000000,95.000000,5.0,1463.1337,1340.2688,5187.4742,5310.3391,PENDING_AG03,FALSE,NOT_FOR_ENFORCEMENT,6384.5836,256811.4724,6650.6079,6384.5836,266.0243,0.02244119,0.02154355,266.0243,6384.5836,0.02154355,266.0243,266.0243,266.0243,332.5304,332.5304,6384.5836,0.02154355,1463.1337,1340.2688,5187.4742,5310.3391,0.01750413,0.01791872,0.00089765,16.2655,14.6936,0.3653,59.3804,1.1678,2646.0457,162.5536,12.4780,16.8648,9.0895,16.5695,22.0926,29.825,33.4482,44.5976,11.8163,0.0,2.018664,2.691552,0.981654,30,240,141,4,0.10479828,0.02244119,0.04150452,0E-8,0.000000,0.902668,0.011910,-0.02129501,2026-03-22,2026-08-05,112,5695,2177,137,0.817518,0.739886,0.767145,0.349328,,,,,,,,GLOBAL_BASELINE_NO_ENTITY_RANKING,,,NOT_APPLICABLE_GLOBAL_BASELINE,HF9g-P5,,,,X 全窗基线 · 不参与实体赏罚,14196299,1420,A168_HF9F_20260827_0900,2026-08-27 09:00:00
2026-06-06,110249610,2101,0,55.6943634222,-11.6671986616,-11.6671986616,0.5000000,2,2,0.49324550000000000,0.493245500000,0.01910635448239258,0.01910635448239258,0.01910635448239258,0E-17,ELIGIBLE,R03b_20260811_FULL_v1,L1_ELIGIBILITY,v2026-08-11,2026-03-21..2026-08-06,baccarat_bet02_101_all_pairs_incl_sentinel,round_win = game_pnl > 0 (decisive only),COMPATIBILITY_ONLY_NOT_PRODUCTION,296357.1217,267511.9505,6650.6079,18220,18206,-0.02244119,-0.04150452,-0.02020951,-0.02244119,-6650.6079,296357.1217,OK,0.0000,266.0243,4.0000,96.0000,AG03-UNRESOLVED,ALL5_LEVELS_bet23_to_bet27,266.0243,266.0243,266.0243,332.5304,332.5304,4.000000,4.000000,4.000000,5.000000,5.000000,96.000000,96.000000,96.000000,95.000000,95.000000,5.0,1463.1337,1340.2688,5187.4742,5310.3391,PENDING_AG03,FALSE,NOT_FOR_ENFORCEMENT,6384.5836,256811.4724,6650.6079,6384.5836,266.0243,0.02244119,0.02154355,266.0243,6384.5836,0.02154355,266.0243,266.0243,266.0243,332.5304,332.5304,6384.5836,0.02154355,1463.1337,1340.2688,5187.4742,5310.3391,0.01750413,0.01791872,0.00089765,16.2655,14.6936,0.3653,59.3804,1.1678,2646.0457,162.5536,12.4780,16.8648,9.0895,16.5695,22.0926,29.825,33.4482,44.5976,11.8163,0.0,2.018664,2.691552,0.981654,30,240,141,4,0.10479828,0.02244119,0.04150452,0E-8,0.000000,0.902668,0.011910,-0.02129501,2026-03-22,2026-08-05,112,5695,2177,137,0.817518,0.739886,0.767145,0.349328,,,,,,,,GLOBAL_BASELINE_NO_ENTITY_RANKING,,,NOT_APPLICABLE_GLOBAL_BASELINE,HF9g-P5,,,,X 全窗基线 · 不参与实体赏罚,14196300,1420,A168_HF9F_20260827_0900,2026-08-27 09:00:00
2026-06-06,110249610,2115,0,58.3359933079,-4.6778862559,-4.6778862559,0.5000000,2,2,0.50665070000000000,0.506650700000,-0.018812684590367487,-0.018812684590367487,-0.018812684590367487,0E-17,ELIGIBLE,R03b_20260811_FULL_v1,L1_ELIGIBILITY,v2026-08-11,2026-03-21..2026-08-06,baccarat_bet02_101_all_pairs_incl_sentinel,round_win = game_pnl > 0 (decisive only),COMPATIBILITY_ONLY_NOT_PRODUCTION,296357.1217,267511.9505,6650.6079,18220,18206,-0.02244119,-0.04150452,-0.02020951,-0.02244119,-6650.6079,296357.1217,OK,0.0000,266.0243,4.0000,96.0000,AG03-UNRESOLVED,ALL5_LEVELS_bet23_to_bet27,266.0243,266.0243,266.0243,332.5304,332.5304,4.000000,4.000000,4.000000,5.000000,5.000000,96.000000,96.000000,96.000000,95.000000,95.000000,5.0,1463.1337,1340.2688,5187.4742,5310.3391,PENDING_AG03,FALSE,NOT_FOR_ENFORCEMENT,6384.5836,256811.4724,6650.6079,6384.5836,266.0243,0.02244119,0.02154355,266.0243,6384.5836,0.02154355,266.0243,266.0243,266.0243,332.5304,332.5304,6384.5836,0.02154355,1463.1337,1340.2688,5187.4742,5310.3391,0.01750413,0.01791872,0.00089765,16.2655,14.6936,0.3653,59.3804,1.1678,2646.0457,162.5536,12.4780,16.8648,9.0895,16.5695,22.0926,29.825,33.4482,44.5976,11.8163,0.0,2.018664,2.691552,0.981654,30,240,141,4,0.10479828,0.02244119,0.04150452,0E-8,0.000000,0.902668,0.011910,-0.02129501,2026-03-22,2026-08-05,112,5695,2177,137,0.817518,0.739886,0.767145,0.349328,,,,,,,,GLOBAL_BASELINE_NO_ENTITY_RANKING,,,NOT_APPLICABLE_GLOBAL_BASELINE,HF9g-P5,,,,X 全窗基线 · 不参与实体赏罚,14196301,1420,A168_HF9F_20260827_0900,2026-08-27 09:00:00
2026-06-06,110249610,2117,0,38.5237691655,-38.5237691655,-38.5237691655,0E-7,2,2,0.49994810000000000,0.499948100000,-1.4140667746232096,-1.4140667746232096,-1.4140667746232096,0E-17,ELIGIBLE,R03b_20260811_FULL_v1,L1_ELIGIBILITY,v2026-08-11,2026-03-21..2026-08-06,baccarat_bet02_101_all_pairs_incl_sentinel,round_win = game_pnl > 0 (decisive only),COMPATIBILITY_ONLY_NOT_PRODUCTION,296357.1217,267511.9505,6650.6079,18220,18206,-0.02244119,-0.04150452,-0.02020951,-0.02244119,-6650.6079,296357.1217,OK,0.0000,266.0243,4.0000,96.0000,AG03-UNRESOLVED,ALL5_LEVELS_bet23_to_bet27,266.0243,266.0243,266.0243,332.5304,332.5304,4.000000,4.000000,4.000000,5.000000,5.000000,96.000000,96.000000,96.000000,95.000000,95.000000,5.0,1463.1337,1340.2688,5187.4742,5310.3391,PENDING_AG03,FALSE,NOT_FOR_ENFORCEMENT,6384.5836,256811.4724,6650.6079,6384.5836,266.0243,0.02244119,0.02154355,266.0243,6384.5836,0.02154355,266.0243,266.0243,266.0243,332.5304,332.5304,6384.5836,0.02154355,1463.1337,1340.2688,5187.4742,5310.3391,0.01750413,0.01791872,0.00089765,16.2655,14.6936,0.3653,59.3804,1.1678,2646.0457,162.5536,12.4780,16.8648,9.0895,16.5695,22.0926,29.825,33.4482,44.5976,11.8163,0.0,2.018664,2.691552,0.981654,30,240,141,4,0.10479828,0.02244119,0.04150452,0E-8,0.000000,0.902668,0.011910,-0.02129501,2026-03-22,2026-08-05,112,5695,2177,137,0.817518,0.739886,0.767145,0.349328,,,,,,,,GLOBAL_BASELINE_NO_ENTITY_RANKING,,,NOT_APPLICABLE_GLOBAL_BASELINE,HF9g-P5,,,,X 全窗基线 · 不参与实体赏罚,14196302,1420,A168_HF9F_20260827_0900,2026-08-27 09:00:00
2026-06-06,110249610,2130,0,126.4680307750,5.6134635070,5.6134635070,0.7142857,7,7,0.49516052857142857,0.495160528571,1.1595558107697723,1.1595558107720498,1.1595558107697723,4.2857E-13,ELIGIBLE,R03b_20260811_FULL_v1,L1_ELIGIBILITY,v2026-08-11,2026-03-21..2026-08-06,baccarat_bet02_101_all_pairs_incl_sentinel,round_win = game_pnl > 0 (decisive only),COMPATIBILITY_ONLY_NOT_PRODUCTION,296357.1217,267511.9505,6650.6079,18220,18206,-0.02244119,-0.04150452,-0.02020951,-0.02244119,-6650.6079,296357.1217,OK,0.0000,266.0243,4.0000,96.0000,AG03-UNRESOLVED,ALL5_LEVELS_bet23_to_bet27,266.0243,266.0243,266.0243,332.5304,332.5304,4.000000,4.000000,4.000000,5.000000,5.000000,96.000000,96.000000,96.000000,95.000000,95.000000,5.0,1463.1337,1340.2688,5187.4742,5310.3391,PENDING_AG03,FALSE,NOT_FOR_ENFORCEMENT,6384.5836,256811.4724,6650.6079,6384.5836,266.0243,0.02244119,0.02154355,266.0243,6384.5836,0.02154355,266.0243,266.0243,266.0243,332.5304,332.5304,6384.5836,0.02154355,1463.1337,1340.2688,5187.4742,5310.3391,0.01750413,0.01791872,0.00089765,16.2655,14.6936,0.3653,59.3804,1.1678,2646.0457,162.5536,12.4780,16.8648,9.0895,16.5695,22.0926,29.825,33.4482,44.5976,11.8163,0.0,2.018664,2.691552,0.981654,30,240,141,4,0.10479828,0.02244119,0.04150452,0E-8,0.000000,0.902668,0.011910,-0.02129501,2026-03-22,2026-08-05,112,5695,2177,137,0.817518,0.739886,0.767145,0.349328,,,,,,,,GLOBAL_BASELINE_NO_ENTITY_RANKING,,,NOT_APPLICABLE_GLOBAL_BASELINE,HF9g-P5,,,,X 全窗基线 · 不参与实体赏罚,14196303,1420,A168_HF9F_20260827_0900,2026-08-27 09:00:00
2026-06-06,110249610,2142,0,81.4502548072,-11.0067911902,-11.0067911902,0.5000000,3,3,0.50665070000000000,0.506650700000,-0.018812684590367487,-0.018812684590367487,-0.018812684590367487,0E-17,ELIGIBLE,R03b_20260811_FULL_v1,L1_ELIGIBILITY,v2026-08-11,2026-03-21..2026-08-06,baccarat_bet02_101_all_pairs_incl_sentinel,round_win = game_pnl > 0 (decisive only),COMPATIBILITY_ONLY_NOT_PRODUCTION,296357.1217,267511.9505,6650.6079,18220,18206,-0.02244119,-0.04150452,-0.02020951,-0.02244119,-6650.6079,296357.1217,OK,0.0000,266.0243,4.0000,96.0000,AG03-UNRESOLVED,ALL5_LEVELS_bet23_to_bet27,266.0243,266.0243,266.0243,332.5304,332.5304,4.000000,4.000000,4.000000,5.000000,5.000000,96.000000,96.000000,96.000000,95.000000,95.000000,5.0,1463.1337,1340.2688,5187.4742,5310.3391,PENDING_AG03,FALSE,NOT_FOR_ENFORCEMENT,6384.5836,256811.4724,6650.6079,6384.5836,266.0243,0.02244119,0.02154355,266.0243,6384.5836,0.02154355,266.0243,266.0243,266.0243,332.5304,332.5304,6384.5836,0.02154355,1463.1337,1340.2688,5187.4742,5310.3391,0.01750413,0.01791872,0.00089765,16.2655,14.6936,0.3653,59.3804,1.1678,2646.0457,162.5536,12.4780,16.8648,9.0895,16.5695,22.0926,29.825,33.4482,44.5976,11.8163,0.0,2.018664,2.691552,0.981654,30,240,141,4,0.10479828,0.02244119,0.04150452,0E-8,0.000000,0.902668,0.011910,-0.02129501,2026-03-22,2026-08-05,112,5695,2177,137,0.817518,0.739886,0.767145,0.349328,,,,,,,,GLOBAL_BASELINE_NO_ENTITY_RANKING,,,NOT_APPLICABLE_GLOBAL_BASELINE,HF9g-P5,,,,X 全窗基线 · 不参与实体赏罚,14196304,1420,A168_HF9F_20260827_0900,2026-08-27 09:00:00
2026-06-06,110249610,2152,0,53.9332768318,-31.9196944515,-31.9196944515,0E-7,2,2,0.49994810000000000,0.499948100000,-0.9998962053866608,-0.9998962053866608,-0.9998962053866608,0E-17,ELIGIBLE,R03b_20260811_FULL_v1,L1_ELIGIBILITY,v2026-08-11,2026-03-21..2026-08-06,baccarat_bet02_101_all_pairs_incl_sentinel,round_win = game_pnl > 0 (decisive only),COMPATIBILITY_ONLY_NOT_PRODUCTION,296357.1217,267511.9505,6650.6079,18220,18206,-0.02244119,-0.04150452,-0.02020951,-0.02244119,-6650.6079,296357.1217,OK,0.0000,266.0243,4.0000,96.0000,AG03-UNRESOLVED,ALL5_LEVELS_bet23_to_bet27,266.0243,266.0243,266.0243,332.5304,332.5304,4.000000,4.000000,4.000000,5.000000,5.000000,96.000000,96.000000,96.000000,95.000000,95.000000,5.0,1463.1337,1340.2688,5187.4742,5310.3391,PENDING_AG03,FALSE,NOT_FOR_ENFORCEMENT,6384.5836,256811.4724,6650.6079,6384.5836,266.0243,0.02244119,0.02154355,266.0243,6384.5836,0.02154355,266.0243,266.0243,266.0243,332.5304,332.5304,6384.5836,0.02154355,1463.1337,1340.2688,5187.4742,5310.3391,0.01750413,0.01791872,0.00089765,16.2655,14.6936,0.3653,59.3804,1.1678,2646.0457,162.5536,12.4780,16.8648,9.0895,16.5695,22.0926,29.825,33.4482,44.5976,11.8163,0.0,2.018664,2.691552,0.981654,30,240,141,4,0.10479828,0.02244119,0.04150452,0E-8,0.000000,0.902668,0.011910,-0.02129501,2026-03-22,2026-08-05,112,5695,2177,137,0.817518,0.739886,0.767145,0.349328,,,,,,,,GLOBAL_BASELINE_NO_ENTITY_RANKING,,,NOT_APPLICABLE_GLOBAL_BASELINE,HF9g-P5,,,,X 全窗基线 · 不参与实体赏罚,14196305,1420,A168_HF9F_20260827_0900,2026-08-27 09:00:00
2026-06-06,110249610,2155,0,121.0747030918,-34.6713922490,-34.6713922490,0.3333333,4,4,0.50665070000000000,0.506650700000,-0.6004420894325239,-0.6004420894325239,-0.6004420894325239,0E-17,ELIGIBLE,R03b_20260811_FULL_v1,L1_ELIGIBILITY,v2026-08-11,2026-03-21..2026-08-06,baccarat_bet02_101_all_pairs_incl_sentinel,round_win = game_pnl > 0 (decisive only),COMPATIBILITY_ONLY_NOT_PRODUCTION,296357.1217,267511.9505,6650.6079,18220,18206,-0.02244119,-0.04150452,-0.02020951,-0.02244119,-6650.6079,296357.1217,OK,0.0000,266.0243,4.0000,96.0000,AG03-UNRESOLVED,ALL5_LEVELS_bet23_to_bet27,266.0243,266.0243,266.0243,332.5304,332.5304,4.000000,4.000000,4.000000,5.000000,5.000000,96.000000,96.000000,96.000000,95.000000,95.000000,5.0,1463.1337,1340.2688,5187.4742,5310.3391,PENDING_AG03,FALSE,NOT_FOR_ENFORCEMENT,6384.5836,256811.4724,6650.6079,6384.5836,266.0243,0.02244119,0.02154355,266.0243,6384.5836,0.02154355,266.0243,266.0243,266.0243,332.5304,332.5304,6384.5836,0.02154355,1463.1337,1340.2688,5187.4742,5310.3391,0.01750413,0.01791872,0.00089765,16.2655,14.6936,0.3653,59.3804,1.1678,2646.0457,162.5536,12.4780,16.8648,9.0895,16.5695,22.0926,29.825,33.4482,44.5976,11.8163,0.0,2.018664,2.691552,0.981654,30,240,141,4,0.10479828,0.02244119,0.04150452,0E-8,0.000000,0.902668,0.011910,-0.02129501,2026-03-22,2026-08-05,112,5695,2177,137,0.817518,0.739886,0.767145,0.349328,,,,,,,,GLOBAL_BASELINE_NO_ENTITY_RANKING,,,NOT_APPLICABLE_GLOBAL_BASELINE,HF9g-P5,,,,X 全窗基线 · 不参与实体赏罚,14196306,1420,A168_HF9F_20260827_0900,2026-08-27 09:00:00
2026-06-06,110249610,2170,0,93.5577251164,-93.5577251164,-93.5577251164,0E-7,3,3,0.50218230000000000,0.502182300000,-1.7396270863184011,-1.7396270863184016,-1.7396270863184011,0E-17,ELIGIBLE,R03b_20260811_FULL_v1,L1_ELIGIBILITY,v2026-08-11,2026-03-21..2026-08-06,baccarat_bet02_101_all_pairs_incl_sentinel,round_win = game_pnl > 0 (decisive only),COMPATIBILITY_ONLY_NOT_PRODUCTION,296357.1217,267511.9505,6650.6079,18220,18206,-0.02244119,-0.04150452,-0.02020951,-0.02244119,-6650.6079,296357.1217,OK,0.0000,266.0243,4.0000,96.0000,AG03-UNRESOLVED,ALL5_LEVELS_bet23_to_bet27,266.0243,266.0243,266.0243,332.5304,332.5304,4.000000,4.000000,4.000000,5.000000,5.000000,96.000000,96.000000,96.000000,95.000000,95.000000,5.0,1463.1337,1340.2688,5187.4742,5310.3391,PENDING_AG03,FALSE,NOT_FOR_ENFORCEMENT,6384.5836,256811.4724,6650.6079,6384.5836,266.0243,0.02244119,0.02154355,266.0243,6384.5836,0.02154355,266.0243,266.0243,266.0243,332.5304,332.5304,6384.5836,0.02154355,1463.1337,1340.2688,5187.4742,5310.3391,0.01750413,0.01791872,0.00089765,16.2655,14.6936,0.3653,59.3804,1.1678,2646.0457,162.5536,12.4780,16.8648,9.0895,16.5695,22.0926,29.825,33.4482,44.5976,11.8163,0.0,2.018664,2.691552,0.981654,30,240,141,4,0.10479828,0.02244119,0.04150452,0E-8,0.000000,0.902668,0.011910,-0.02129501,2026-03-22,2026-08-05,112,5695,2177,137,0.817518,0.739886,0.767145,0.349328,,,,,,,,GLOBAL_BASELINE_NO_ENTITY_RANKING,,,NOT_APPLICABLE_GLOBAL_BASELINE,HF9g-P5,,,,X 全窗基线 · 不参与实体赏罚,14196307,1420,A168_HF9F_20260827_0900,2026-08-27 09:00:00
2026-06-06,110249610,2171,0,110.0679119015,0E-10,0E-10,0.5000000,5,5,0.49324550000000000,0.493245500000,0.027020465636507562,0.027020465636507562,0.027020465636507562,0E-17,ELIGIBLE,R03b_20260811_FULL_v1,L1_ELIGIBILITY,v2026-08-11,2026-03-21..2026-08-06,baccarat_bet02_101_all_pairs_incl_sentinel,round_win = game_pnl > 0 (decisive only),COMPATIBILITY_ONLY_NOT_PRODUCTION,296357.1217,267511.9505,6650.6079,18220,18206,-0.02244119,-0.04150452,-0.02020951,-0.02244119,-6650.6079,296357.1217,OK,0.0000,266.0243,4.0000,96.0000,AG03-UNRESOLVED,ALL5_LEVELS_bet23_to_bet27,266.0243,266.0243,266.0243,332.5304,332.5304,4.000000,4.000000,4.000000,5.000000,5.000000,96.000000,96.000000,96.000000,95.000000,95.000000,5.0,1463.1337,1340.2688,5187.4742,5310.3391,PENDING_AG03,FALSE,NOT_FOR_ENFORCEMENT,6384.5836,256811.4724,6650.6079,6384.5836,266.0243,0.02244119,0.02154355,266.0243,6384.5836,0.02154355,266.0243,266.0243,266.0243,332.5304,332.5304,6384.5836,0.02154355,1463.1337,1340.2688,5187.4742,5310.3391,0.01750413,0.01791872,0.00089765,16.2655,14.6936,0.3653,59.3804,1.1678,2646.0457,162.5536,12.4780,16.8648,9.0895,16.5695,22.0926,29.825,33.4482,44.5976,11.8163,0.0,2.018664,2.691552,0.981654,30,240,141,4,0.10479828,0.02244119,0.04150452,0E-8,0.000000,0.902668,0.011910,-0.02129501,2026-03-22,2026-08-05,112,5695,2177,137,0.817518,0.739886,0.767145,0.349328,,,,,,,,GLOBAL_BASELINE_NO_ENTITY_RANKING,,,NOT_APPLICABLE_GLOBAL_BASELINE,HF9g-P5,,,,X 全窗基线 · 不参与实体赏罚,14196308,1420,A168_HF9F_20260827_0900,2026-08-27 09:00:00
2026-06-06,110249610,2177,0,53.9332768318,-11.0067911902,-11.0067911902,0.5000000,2,2,0.50665070000000000,0.506650700000,-0.018812684590367487,-0.018812684590367487,-0.018812684590367487,0E-17,ELIGIBLE,R03b_20260811_FULL_v1,L1_ELIGIBILITY,v2026-08-11,2026-03-21..2026-08-06,baccarat_bet02_101_all_pairs_incl_sentinel,round_win = game_pnl > 0 (decisive only),COMPATIBILITY_ONLY_NOT_PRODUCTION,296357.1217,267511.9505,6650.6079,18220,18206,-0.02244119,-0.04150452,-0.02020951,-0.02244119,-6650.6079,296357.1217,OK,0.0000,266.0243,4.0000,96.0000,AG03-UNRESOLVED,ALL5_LEVELS_bet23_to_bet27,266.0243,266.0243,266.0243,332.5304,332.5304,4.000000,4.000000,4.000000,5.000000,5.000000,96.000000,96.000000,96.000000,95.000000,95.000000,5.0,1463.1337,1340.2688,5187.4742,5310.3391,PENDING_AG03,FALSE,NOT_FOR_ENFORCEMENT,6384.5836,256811.4724,6650.6079,6384.5836,266.0243,0.02244119,0.02154355,266.0243,6384.5836,0.02154355,266.0243,266.0243,266.0243,332.5304,332.5304,6384.5836,0.02154355,1463.1337,1340.2688,5187.4742,5310.3391,0.01750413,0.01791872,0.00089765,16.2655,14.6936,0.3653,59.3804,1.1678,2646.0457,162.5536,12.4780,16.8648,9.0895,16.5695,22.0926,29.825,33.4482,44.5976,11.8163,0.0,2.018664,2.691552,0.981654,30,240,141,4,0.10479828,0.02244119,0.04150452,0E-8,0.000000,0.902668,0.011910,-0.02129501,2026-03-22,2026-08-05,112,5695,2177,137,0.817518,0.739886,0.767145,0.349328,,,,,,,,GLOBAL_BASELINE_NO_ENTITY_RANKING,,,NOT_APPLICABLE_GLOBAL_BASELINE,HF9g-P5,,,,X 全窗基线 · 不参与实体赏罚,14196309,1420,A168_HF9F_20260827_0900,2026-08-27 09:00:00
2026-06-06,110249610,2187,0,66.0407471410,22.0135823803,22.0135823803,1.0000000,2,2,0.49324550000000000,0.493245500000,1.01360149184955,1.01360149184955,1.01360149184955,0E-17,ELIGIBLE,R03b_20260811_FULL_v1,L1_ELIGIBILITY,v2026-08-11,2026-03-21..2026-08-06,baccarat_bet02_101_all_pairs_incl_sentinel,round_win = game_pnl > 0 (decisive only),COMPATIBILITY_ONLY_NOT_PRODUCTION,296357.1217,267511.9505,6650.6079,18220,18206,-0.02244119,-0.04150452,-0.02020951,-0.02244119,-6650.6079,296357.1217,OK,0.0000,266.0243,4.0000,96.0000,AG03-UNRESOLVED,ALL5_LEVELS_bet23_to_bet27,266.0243,266.0243,266.0243,332.5304,332.5304,4.000000,4.000000,4.000000,5.000000,5.000000,96.000000,96.000000,96.000000,95.000000,95.000000,5.0,1463.1337,1340.2688,5187.4742,5310.3391,PENDING_AG03,FALSE,NOT_FOR_ENFORCEMENT,6384.5836,256811.4724,6650.6079,6384.5836,266.0243,0.02244119,0.02154355,266.0243,6384.5836,0.02154355,266.0243,266.0243,266.0243,332.5304,332.5304,6384.5836,0.02154355,1463.1337,1340.2688,5187.4742,5310.3391,0.01750413,0.01791872,0.00089765,16.2655,14.6936,0.3653,59.3804,1.1678,2646.0457,162.5536,12.4780,16.8648,9.0895,16.5695,22.0926,29.825,33.4482,44.5976,11.8163,0.0,2.018664,2.691552,0.981654,30,240,141,4,0.10479828,0.02244119,0.04150452,0E-8,0.000000,0.902668,0.011910,-0.02129501,2026-03-22,2026-08-05,112,5695,2177,137,0.817518,0.739886,0.767145,0.349328,,,,,,,,GLOBAL_BASELINE_NO_ENTITY_RANKING,,,NOT_APPLICABLE_GLOBAL_BASELINE,HF9g-P5,,,,X 全窗基线 · 不参与实体赏罚,14196310,1420,A168_HF9F_20260827_0900,2026-08-27 09:00:00
2026-06-06,110249610,2202,0,77.0475383311,-60.5373515459,-60.5373515459,0E-7,3,3,0.49324550000000000,0.493245500000,-1.3952362676504506,-1.3952362676504506,-1.3952362676504506,0E-17,ELIGIBLE,R03b_20260811_FULL_v1,L1_ELIGIBILITY,v2026-08-11,2026-03-21..2026-08-06,baccarat_bet02_101_all_pairs_incl_sentinel,round_win = game_pnl > 0 (decisive only),COMPATIBILITY_ONLY_NOT_PRODUCTION,296357.1217,267511.9505,6650.6079,18220,18206,-0.02244119,-0.04150452,-0.02020951,-0.02244119,-6650.6079,296357.1217,OK,0.0000,266.0243,4.0000,96.0000,AG03-UNRESOLVED,ALL5_LEVELS_bet23_to_bet27,266.0243,266.0243,266.0243,332.5304,332.5304,4.000000,4.000000,4.000000,5.000000,5.000000,96.000000,96.000000,96.000000,95.000000,95.000000,5.0,1463.1337,1340.2688,5187.4742,5310.3391,PENDING_AG03,FALSE,NOT_FOR_ENFORCEMENT,6384.5836,256811.4724,6650.6079,6384.5836,266.0243,0.02244119,0.02154355,266.0243,6384.5836,0.02154355,266.0243,266.0243,266.0243,332.5304,332.5304,6384.5836,0.02154355,1463.1337,1340.2688,5187.4742,5310.3391,0.01750413,0.01791872,0.00089765,16.2655,14.6936,0.3653,59.3804,1.1678,2646.0457,162.5536,12.4780,16.8648,9.0895,16.5695,22.0926,29.825,33.4482,44.5976,11.8163,0.0,2.018664,2.691552,0.981654,30,240,141,4,0.10479828,0.02244119,0.04150452,0E-8,0.000000,0.902668,0.011910,-0.02129501,2026-03-22,2026-08-05,112,5695,2177,137,0.817518,0.739886,0.767145,0.349328,,,,,,,,GLOBAL_BASELINE_NO_ENTITY_RANKING,,,NOT_APPLICABLE_GLOBAL_BASELINE,HF9g-P5,,,,X 全窗基线 · 不参与实体赏罚,14196311,1420,A168_HF9F_20260827_0900,2026-08-27 09:00:00
2026-06-06,110249610,2209,0,49.5305603557,-49.5305603557,-49.5305603557,0E-7,2,2,0.50665070000000000,0.506650700000,-1.4331513700195317,-1.4331513700195317,-1.4331513700195317,0E-17,ELIGIBLE,R03b_20260811_FULL_v1,L1_ELIGIBILITY,v2026-08-11,2026-03-21..2026-08-06,baccarat_bet02_101_all_pairs_incl_sentinel,round_win = game_pnl > 0 (decisive only),COMPATIBILITY_ONLY_NOT_PRODUCTION,296357.1217,267511.9505,6650.6079,18220,18206,-0.02244119,-0.04150452,-0.02020951,-0.02244119,-6650.6079,296357.1217,OK,0.0000,266.0243,4.0000,96.0000,AG03-UNRESOLVED,ALL5_LEVELS_bet23_to_bet27,266.0243,266.0243,266.0243,332.5304,332.5304,4.000000,4.000000,4.000000,5.000000,5.000000,96.000000,96.000000,96.000000,95.000000,95.000000,5.0,1463.1337,1340.2688,5187.4742,5310.3391,PENDING_AG03,FALSE,NOT_FOR_ENFORCEMENT,6384.5836,256811.4724,6650.6079,6384.5836,266.0243,0.02244119,0.02154355,266.0243,6384.5836,0.02154355,266.0243,266.0243,266.0243,332.5304,332.5304,6384.5836,0.02154355,1463.1337,1340.2688,5187.4742,5310.3391,0.01750413,0.01791872,0.00089765,16.2655,14.6936,0.3653,59.3804,1.1678,2646.0457,162.5536,12.4780,16.8648,9.0895,16.5695,22.0926,29.825,33.4482,44.5976,11.8163,0.0,2.018664,2.691552,0.981654,30,240,141,4,0.10479828,0.02244119,0.04150452,0E-8,0.000000,0.902668,0.011910,-0.02129501,2026-03-22,2026-08-05,112,5695,2177,137,0.817518,0.739886,0.767145,0.349328,,,,,,,,GLOBAL_BASELINE_NO_ENTITY_RANKING,,,NOT_APPLICABLE_GLOBAL_BASELINE,HF9g-P5,,,,X 全窗基线 · 不参与实体赏罚,14196312,1420,A168_HF9F_20260827_0900,2026-08-27 09:00:00
2026-06-06,110249610,2235,0,141.6574026173,-32.8387615157,-32.8387615157,0.4000000,5,5,0.50396966000000000,0.503969660000,-0.4649811094771361,-0.4649811094771361,-0.4649811094771361,0E-17,ELIGIBLE,R03b_20260811_FULL_v1,L1_ELIGIBILITY,v2026-08-11,2026-03-21..2026-08-06,baccarat_bet02_101_all_pairs_incl_sentinel,round_win = game_pnl > 0 (decisive only),COMPATIBILITY_ONLY_NOT_PRODUCTION,296357.1217,267511.9505,6650.6079,18220,18206,-0.02244119,-0.04150452,-0.02020951,-0.02244119,-6650.6079,296357.1217,OK,0.0000,266.0243,4.0000,96.0000,AG03-UNRESOLVED,ALL5_LEVELS_bet23_to_bet27,266.0243,266.0243,266.0243,332.5304,332.5304,4.000000,4.000000,4.000000,5.000000,5.000000,96.000000,96.000000,96.000000,95.000000,95.000000,5.0,1463.1337,1340.2688,5187.4742,5310.3391,PENDING_AG03,FALSE,NOT_FOR_ENFORCEMENT,6384.5836,256811.4724,6650.6079,6384.5836,266.0243,0.02244119,0.02154355,266.0243,6384.5836,0.02154355,266.0243,266.0243,266.0243,332.5304,332.5304,6384.5836,0.02154355,1463.1337,1340.2688,5187.4742,5310.3391,0.01750413,0.01791872,0.00089765,16.2655,14.6936,0.3653,59.3804,1.1678,2646.0457,162.5536,12.4780,16.8648,9.0895,16.5695,22.0926,29.825,33.4482,44.5976,11.8163,0.0,2.018664,2.691552,0.981654,30,240,141,4,0.10479828,0.02244119,0.04150452,0E-8,0.000000,0.902668,0.011910,-0.02129501,2026-03-22,2026-08-05,112,5695,2177,137,0.817518,0.739886,0.767145,0.349328,,,,,,,,GLOBAL_BASELINE_NO_ENTITY_RANKING,,,NOT_APPLICABLE_GLOBAL_BASELINE,HF9g-P5,,,,X 全窗基线 · 不参与实体赏罚,14196313,1420,A168_HF9F_20260827_0900,2026-08-27 09:00:00
2026-06-06,110249610,2242,0,104.0141767471,-82.5509339262,-82.5509339262,0.2500000,4,4,0.50665070000000000,0.506650700000,-1.0266936290537745,-1.0266936290537745,-1.0266936290537745,0E-17,ELIGIBLE,R03b_20260811_FULL_v1,L1_ELIGIBILITY,v2026-08-11,2026-03-21..2026-08-06,baccarat_bet02_101_all_pairs_incl_sentinel,round_win = game_pnl > 0 (decisive only),COMPATIBILITY_ONLY_NOT_PRODUCTION,296357.1217,267511.9505,6650.6079,18220,18206,-0.02244119,-0.04150452,-0.02020951,-0.02244119,-6650.6079,296357.1217,OK,0.0000,266.0243,4.0000,96.0000,AG03-UNRESOLVED,ALL5_LEVELS_bet23_to_bet27,266.0243,266.0243,266.0243,332.5304,332.5304,4.000000,4.000000,4.000000,5.000000,5.000000,96.000000,96.000000,96.000000,95.000000,95.000000,5.0,1463.1337,1340.2688,5187.4742,5310.3391,PENDING_AG03,FALSE,NOT_FOR_ENFORCEMENT,6384.5836,256811.4724,6650.6079,6384.5836,266.0243,0.02244119,0.02154355,266.0243,6384.5836,0.02154355,266.0243,266.0243,266.0243,332.5304,332.5304,6384.5836,0.02154355,1463.1337,1340.2688,5187.4742,5310.3391,0.01750413,0.01791872,0.00089765,16.2655,14.6936,0.3653,59.3804,1.1678,2646.0457,162.5536,12.4780,16.8648,9.0895,16.5695,22.0926,29.825,33.4482,44.5976,11.8163,0.0,2.018664,2.691552,0.981654,30,240,141,4,0.10479828,0.02244119,0.04150452,0E-8,0.000000,0.902668,0.011910,-0.02129501,2026-03-22,2026-08-05,112,5695,2177,137,0.817518,0.739886,0.767145,0.349328,,,,,,,,GLOBAL_BASELINE_NO_ENTITY_RANKING,,,NOT_APPLICABLE_GLOBAL_BASELINE,HF9g-P5,,,,X 全窗基线 · 不参与实体赏罚,14196314,1420,A168_HF9F_20260827_0900,2026-08-27 09:00:00
2026-06-06,110249610,2256,0,329.6533961453,126.0277591275,126.0277591275,0.6363636,11,11,0.49324550000000000,0.493245500000,0.9494249537214775,0.9494249537214775,0.9494249537214775,0E-17,ELIGIBLE,R03b_20260811_FULL_v1,L1_ELIGIBILITY,v2026-08-11,2026-03-21..2026-08-06,baccarat_bet02_101_all_pairs_incl_sentinel,round_win = game_pnl > 0 (decisive only),COMPATIBILITY_ONLY_NOT_PRODUCTION,296357.1217,267511.9505,6650.6079,18220,18206,-0.02244119,-0.04150452,-0.02020951,-0.02244119,-6650.6079,296357.1217,OK,0.0000,266.0243,4.0000,96.0000,AG03-UNRESOLVED,ALL5_LEVELS_bet23_to_bet27,266.0243,266.0243,266.0243,332.5304,332.5304,4.000000,4.000000,4.000000,5.000000,5.000000,96.000000,96.000000,96.000000,95.000000,95.000000,5.0,1463.1337,1340.2688,5187.4742,5310.3391,PENDING_AG03,FALSE,NOT_FOR_ENFORCEMENT,6384.5836,256811.4724,6650.6079,6384.5836,266.0243,0.02244119,0.02154355,266.0243,6384.5836,0.02154355,266.0243,266.0243,266.0243,332.5304,332.5304,6384.5836,0.02154355,1463.1337,1340.2688,5187.4742,5310.3391,0.01750413,0.01791872,0.00089765,16.2655,14.6936,0.3653,59.3804,1.1678,2646.0457,162.5536,12.4780,16.8648,9.0895,16.5695,22.0926,29.825,33.4482,44.5976,11.8163,0.0,2.018664,2.691552,0.981654,30,240,141,4,0.10479828,0.02244119,0.04150452,0E-8,0.000000,0.902668,0.011910,-0.02129501,2026-03-22,2026-08-05,112,5695,2177,137,0.817518,0.739886,0.767145,0.349328,,,,,,,,GLOBAL_BASELINE_NO_ENTITY_RANKING,,,NOT_APPLICABLE_GLOBAL_BASELINE,HF9g-P5,,,,X 全窗基线 · 不参与实体赏罚,14196315,1420,A168_HF9F_20260827_0900,2026-08-27 09:00:00
2026-06-06,110249610,2276,0,77.0475383311,-33.0203735705,-33.0203735705,0.3333333,3,3,0.49771390000000000,0.497713900000,-0.5694369385616226,-0.5694369385616226,-0.5694369385616226,0E-17,ELIGIBLE,R03b_20260811_FULL_v1,L1_ELIGIBILITY,v2026-08-11,2026-03-21..2026-08-06,baccarat_bet02_101_all_pairs_incl_sentinel,round_win = game_pnl > 0 (decisive only),COMPATIBILITY_ONLY_NOT_PRODUCTION,296357.1217,267511.9505,6650.6079,18220,18206,-0.02244119,-0.04150452,-0.02020951,-0.02244119,-6650.6079,296357.1217,OK,0.0000,266.0243,4.0000,96.0000,AG03-UNRESOLVED,ALL5_LEVELS_bet23_to_bet27,266.0243,266.0243,266.0243,332.5304,332.5304,4.000000,4.000000,4.000000,5.000000,5.000000,96.000000,96.000000,96.000000,95.000000,95.000000,5.0,1463.1337,1340.2688,5187.4742,5310.3391,PENDING_AG03,FALSE,NOT_FOR_ENFORCEMENT,6384.5836,256811.4724,6650.6079,6384.5836,266.0243,0.02244119,0.02154355,266.0243,6384.5836,0.02154355,266.0243,266.0243,266.0243,332.5304,332.5304,6384.5836,0.02154355,1463.1337,1340.2688,5187.4742,5310.3391,0.01750413,0.01791872,0.00089765,16.2655,14.6936,0.3653,59.3804,1.1678,2646.0457,162.5536,12.4780,16.8648,9.0895,16.5695,22.0926,29.825,33.4482,44.5976,11.8163,0.0,2.018664,2.691552,0.981654,30,240,141,4,0.10479828,0.02244119,0.04150452,0E-8,0.000000,0.902668,0.011910,-0.02129501,2026-03-22,2026-08-05,112,5695,2177,137,0.817518,0.739886,0.767145,0.349328,,,,,,,,GLOBAL_BASELINE_NO_ENTITY_RANKING,,,NOT_APPLICABLE_GLOBAL_BASELINE,HF9g-P5,,,,X 全窗基线 · 不参与实体赏罚,14196316,1420,A168_HF9F_20260827_0900,2026-08-27 09:00:00
2026-06-06,110249610,471,0,77.0475383311,-12.1074703092,-12.1074703092,0.5000000,3,3,0.50665070000000000,0.506650700000,-0.018812684590367487,-0.018812684590367487,-0.018812684590367487,0E-17,ELIGIBLE,R03b_20260811_FULL_v1,L1_ELIGIBILITY,v2026-08-11,2026-03-21..2026-08-06,baccarat_bet02_101_all_pairs_incl_sentinel,round_win = game_pnl > 0 (decisive only),COMPATIBILITY_ONLY_NOT_PRODUCTION,296357.1217,267511.9505,6650.6079,18220,18206,-0.02244119,-0.04150452,-0.02020951,-0.02244119,-6650.6079,296357.1217,OK,0.0000,266.0243,4.0000,96.0000,AG03-UNRESOLVED,ALL5_LEVELS_bet23_to_bet27,266.0243,266.0243,266.0243,332.5304,332.5304,4.000000,4.000000,4.000000,5.000000,5.000000,96.000000,96.000000,96.000000,95.000000,95.000000,5.0,1463.1337,1340.2688,5187.4742,5310.3391,PENDING_AG03,FALSE,NOT_FOR_ENFORCEMENT,6384.5836,256811.4724,6650.6079,6384.5836,266.0243,0.02244119,0.02154355,266.0243,6384.5836,0.02154355,266.0243,266.0243,266.0243,332.5304,332.5304,6384.5836,0.02154355,1463.1337,1340.2688,5187.4742,5310.3391,0.01750413,0.01791872,0.00089765,16.2655,14.6936,0.3653,59.3804,1.1678,2646.0457,162.5536,12.4780,16.8648,9.0895,16.5695,22.0926,29.825,33.4482,44.5976,11.8163,0.0,2.018664,2.691552,0.981654,30,240,141,4,0.10479828,0.02244119,0.04150452,0E-8,0.000000,0.902668,0.011910,-0.02129501,2026-03-22,2026-08-05,112,5695,2177,137,0.817518,0.739886,0.767145,0.349328,,,,,,,,GLOBAL_BASELINE_NO_ENTITY_RANKING,,,NOT_APPLICABLE_GLOBAL_BASELINE,HF9g-P5,,,,X 全窗基线 · 不参与实体赏罚,14196317,1420,A168_HF9F_20260827_0900,2026-08-27 09:00:00
2026-06-06,110249610,526,0,154.0950766623,17.6108659042,17.6108659042,0.6000000,5,5,0.50665070000000000,0.506650700000,0.4175076967804994,0.4175076967804994,0.4175076967804994,0E-17,ELIGIBLE,R03b_20260811_FULL_v1,L1_ELIGIBILITY,v2026-08-11,2026-03-21..2026-08-06,baccarat_bet02_101_all_pairs_incl_sentinel,round_win = game_pnl > 0 (decisive only),COMPATIBILITY_ONLY_NOT_PRODUCTION,296357.1217,267511.9505,6650.6079,18220,18206,-0.02244119,-0.04150452,-0.02020951,-0.02244119,-6650.6079,296357.1217,OK,0.0000,266.0243,4.0000,96.0000,AG03-UNRESOLVED,ALL5_LEVELS_bet23_to_bet27,266.0243,266.0243,266.0243,332.5304,332.5304,4.000000,4.000000,4.000000,5.000000,5.000000,96.000000,96.000000,96.000000,95.000000,95.000000,5.0,1463.1337,1340.2688,5187.4742,5310.3391,PENDING_AG03,FALSE,NOT_FOR_ENFORCEMENT,6384.5836,256811.4724,6650.6079,6384.5836,266.0243,0.02244119,0.02154355,266.0243,6384.5836,0.02154355,266.0243,266.0243,266.0243,332.5304,332.5304,6384.5836,0.02154355,1463.1337,1340.2688,5187.4742,5310.3391,0.01750413,0.01791872,0.00089765,16.2655,14.6936,0.3653,59.3804,1.1678,2646.0457,162.5536,12.4780,16.8648,9.0895,16.5695,22.0926,29.825,33.4482,44.5976,11.8163,0.0,2.018664,2.691552,0.981654,30,240,141,4,0.10479828,0.02244119,0.04150452,0E-8,0.000000,0.902668,0.011910,-0.02129501,2026-03-22,2026-08-05,112,5695,2177,137,0.817518,0.739886,0.767145,0.349328,,,,,,,,GLOBAL_BASELINE_NO_ENTITY_RANKING,,,NOT_APPLICABLE_GLOBAL_BASELINE,HF9g-P5,,,,X 全窗基线 · 不参与实体赏罚,14196318,1420,A168_HF9F_20260827_0900,2026-08-27 09:00:00
2026-06-06,110249610,583,0,55.0339559508,-55.0339559508,-55.0339559508,0E-7,2,2,0.49324550000000000,0.493245500000,-1.3952362676504506,-1.3952362676504506,-1.3952362676504506,0E-17,ELIGIBLE,R03b_20260811_FULL_v1,L1_ELIGIBILITY,v2026-08-11,2026-03-21..2026-08-06,baccarat_bet02_101_all_pairs_incl_sentinel,round_win = game_pnl > 0 (decisive only),COMPATIBILITY_ONLY_NOT_PRODUCTION,296357.1217,267511.9505,6650.6079,18220,18206,-0.02244119,-0.04150452,-0.02020951,-0.02244119,-6650.6079,296357.1217,OK,0.0000,266.0243,4.0000,96.0000,AG03-UNRESOLVED,ALL5_LEVELS_bet23_to_bet27,266.0243,266.0243,266.0243,332.5304,332.5304,4.000000,4.000000,4.000000,5.000000,5.000000,96.000000,96.000000,96.000000,95.000000,95.000000,5.0,1463.1337,1340.2688,5187.4742,5310.3391,PENDING_AG03,FALSE,NOT_FOR_ENFORCEMENT,6384.5836,256811.4724,6650.6079,6384.5836,266.0243,0.02244119,0.02154355,266.0243,6384.5836,0.02154355,266.0243,266.0243,266.0243,332.5304,332.5304,6384.5836,0.02154355,1463.1337,1340.2688,5187.4742,5310.3391,0.01750413,0.01791872,0.00089765,16.2655,14.6936,0.3653,59.3804,1.1678,2646.0457,162.5536,12.4780,16.8648,9.0895,16.5695,22.0926,29.825,33.4482,44.5976,11.8163,0.0,2.018664,2.691552,0.981654,30,240,141,4,0.10479828,0.02244119,0.04150452,0E-8,0.000000,0.902668,0.011910,-0.02129501,2026-03-22,2026-08-05,112,5695,2177,137,0.817518,0.739886,0.767145,0.349328,,,,,,,,GLOBAL_BASELINE_NO_ENTITY_RANKING,,,NOT_APPLICABLE_GLOBAL_BASELINE,HF9g-P5,,,,X 全窗基线 · 不参与实体赏罚,14196319,1420,A168_HF9F_20260827_0900,2026-08-27 09:00:00
2026-06-06,110249610,595,0,88.0543295213,22.0135823803,22.0135823803,0.6666667,3,3,0.49324550000000000,0.493245500000,0.6008033672792107,0.6008033672792106,0.6008033672792107,0E-17,ELIGIBLE,R03b_20260811_FULL_v1,L1_ELIGIBILITY,v2026-08-11,2026-03-21..2026-08-06,baccarat_bet02_101_all_pairs_incl_sentinel,round_win = game_pnl > 0 (decisive only),COMPATIBILITY_ONLY_NOT_PRODUCTION,296357.1217,267511.9505,6650.6079,18220,18206,-0.02244119,-0.04150452,-0.02020951,-0.02244119,-6650.6079,296357.1217,OK,0.0000,266.0243,4.0000,96.0000,AG03-UNRESOLVED,ALL5_LEVELS_bet23_to_bet27,266.0243,266.0243,266.0243,332.5304,332.5304,4.000000,4.000000,4.000000,5.000000,5.000000,96.000000,96.000000,96.000000,95.000000,95.000000,5.0,1463.1337,1340.2688,5187.4742,5310.3391,PENDING_AG03,FALSE,NOT_FOR_ENFORCEMENT,6384.5836,256811.4724,6650.6079,6384.5836,266.0243,0.02244119,0.02154355,266.0243,6384.5836,0.02154355,266.0243,266.0243,266.0243,332.5304,332.5304,6384.5836,0.02154355,1463.1337,1340.2688,5187.4742,5310.3391,0.01750413,0.01791872,0.00089765,16.2655,14.6936,0.3653,59.3804,1.1678,2646.0457,162.5536,12.4780,16.8648,9.0895,16.5695,22.0926,29.825,33.4482,44.5976,11.8163,0.0,2.018664,2.691552,0.981654,30,240,141,4,0.10479828,0.02244119,0.04150452,0E-8,0.000000,0.902668,0.011910,-0.02129501,2026-03-22,2026-08-05,112,5695,2177,137,0.817518,0.739886,0.767145,0.349328,,,,,,,,GLOBAL_BASELINE_NO_ENTITY_RANKING,,,NOT_APPLICABLE_GLOBAL_BASELINE,HF9g-P5,,,,X 全窗基线 · 不参与实体赏罚,14196320,1420,A168_HF9F_20260827_0900,2026-08-27 09:00:00
2026-06-07,110249610,-1,1,768.2740250739,-63.5256953539,-63.5256953539,0.5066667,81,81,0.50019634444444444,0.500196344444,0.1120692769431059,0.11206927695080379,0.1120692769431059,4.4444E-13,SENTINEL_DEALER,R03b_20260811_FULL_v1,L1_ELIGIBILITY,v2026-08-11,2026-03-21..2026-08-06,baccarat_bet02_101_all_pairs_incl_sentinel,round_win = game_pnl > 0 (decisive only),COMPATIBILITY_ONLY_NOT_PRODUCTION,296357.1217,267511.9505,6650.6079,18220,18206,-0.02244119,-0.04150452,-0.02020951,-0.02244119,-6650.6079,296357.1217,OK,0.0000,266.0243,4.0000,96.0000,AG03-UNRESOLVED,ALL5_LEVELS_bet23_to_bet27,266.0243,266.0243,266.0243,332.5304,332.5304,4.000000,4.000000,4.000000,5.000000,5.000000,96.000000,96.000000,96.000000,95.000000,95.000000,5.0,1463.1337,1340.2688,5187.4742,5310.3391,PENDING_AG03,FALSE,NOT_FOR_ENFORCEMENT,6384.5836,256811.4724,6650.6079,6384.5836,266.0243,0.02244119,0.02154355,266.0243,6384.5836,0.02154355,266.0243,266.0243,266.0243,332.5304,332.5304,6384.5836,0.02154355,1463.1337,1340.2688,5187.4742,5310.3391,0.01750413,0.01791872,0.00089765,16.2655,14.6936,0.3653,59.3804,1.1678,2646.0457,162.5536,12.4780,16.8648,9.0895,16.5695,22.0926,29.825,33.4482,44.5976,11.8163,0.0,2.018664,2.691552,0.981654,30,240,141,4,0.10479828,0.02244119,0.04150452,0E-8,0.000000,0.902668,0.011910,-0.02129501,2026-03-22,2026-08-05,112,5695,2177,137,0.817518,0.739886,0.767145,0.349328,,,,,,,,GLOBAL_BASELINE_NO_ENTITY_RANKING,,,NOT_APPLICABLE_GLOBAL_BASELINE,HF9g-P5,,,,X 全窗基线 · 不参与实体赏罚,14196321,1420,A168_HF9F_20260827_0900,2026-08-27 09:00:00
2026-06-07,110249610,1205,0,11.0067911902,10.4564516307,10.4564516307,1.0000000,1,1,0.50665070000000000,0.506650700000,0.9867858985152569,0.9867858985152569,0.9867858985152569,0E-17,ELIGIBLE,R03b_20260811_FULL_v1,L1_ELIGIBILITY,v2026-08-11,2026-03-21..2026-08-06,baccarat_bet02_101_all_pairs_incl_sentinel,round_win = game_pnl > 0 (decisive only),COMPATIBILITY_ONLY_NOT_PRODUCTION,296357.1217,267511.9505,6650.6079,18220,18206,-0.02244119,-0.04150452,-0.02020951,-0.02244119,-6650.6079,296357.1217,OK,0.0000,266.0243,4.0000,96.0000,AG03-UNRESOLVED,ALL5_LEVELS_bet23_to_bet27,266.0243,266.0243,266.0243,332.5304,332.5304,4.000000,4.000000,4.000000,5.000000,5.000000,96.000000,96.000000,96.000000,95.000000,95.000000,5.0,1463.1337,1340.2688,5187.4742,5310.3391,PENDING_AG03,FALSE,NOT_FOR_ENFORCEMENT,6384.5836,256811.4724,6650.6079,6384.5836,266.0243,0.02244119,0.02154355,266.0243,6384.5836,0.02154355,266.0243,266.0243,266.0243,332.5304,332.5304,6384.5836,0.02154355,1463.1337,1340.2688,5187.4742,5310.3391,0.01750413,0.01791872,0.00089765,16.2655,14.6936,0.3653,59.3804,1.1678,2646.0457,162.5536,12.4780,16.8648,9.0895,16.5695,22.0926,29.825,33.4482,44.5976,11.8163,0.0,2.018664,2.691552,0.981654,30,240,141,4,0.10479828,0.02244119,0.04150452,0E-8,0.000000,0.902668,0.011910,-0.02129501,2026-03-22,2026-08-05,112,5695,2177,137,0.817518,0.739886,0.767145,0.349328,,,,,,,,GLOBAL_BASELINE_NO_ENTITY_RANKING,,,NOT_APPLICABLE_GLOBAL_BASELINE,HF9g-P5,,,,X 全窗基线 · 不参与实体赏罚,14196322,1420,A168_HF9F_20260827_0900,2026-08-27 09:00:00
2026-06-07,110249610,1302,0,5.5033955951,-5.5033955951,-5.5033955951,0E-7,1,1,0.49324550000000000,0.493245500000,-0.9865810262130424,-0.9865810262130424,-0.9865810262130424,0E-17,ELIGIBLE,R03b_20260811_FULL_v1,L1_ELIGIBILITY,v2026-08-11,2026-03-21..2026-08-06,baccarat_bet02_101_all_pairs_incl_sentinel,round_win = game_pnl > 0 (decisive only),COMPATIBILITY_ONLY_NOT_PRODUCTION,296357.1217,267511.9505,6650.6079,18220,18206,-0.02244119,-0.04150452,-0.02020951,-0.02244119,-6650.6079,296357.1217,OK,0.0000,266.0243,4.0000,96.0000,AG03-UNRESOLVED,ALL5_LEVELS_bet23_to_bet27,266.0243,266.0243,266.0243,332.5304,332.5304,4.000000,4.000000,4.000000,5.000000,5.000000,96.000000,96.000000,96.000000,95.000000,95.000000,5.0,1463.1337,1340.2688,5187.4742,5310.3391,PENDING_AG03,FALSE,NOT_FOR_ENFORCEMENT,6384.5836,256811.4724,6650.6079,6384.5836,266.0243,0.02244119,0.02154355,266.0243,6384.5836,0.02154355,266.0243,266.0243,266.0243,332.5304,332.5304,6384.5836,0.02154355,1463.1337,1340.2688,5187.4742,5310.3391,0.01750413,0.01791872,0.00089765,16.2655,14.6936,0.3653,59.3804,1.1678,2646.0457,162.5536,12.4780,16.8648,9.0895,16.5695,22.0926,29.825,33.4482,44.5976,11.8163,0.0,2.018664,2.691552,0.981654,30,240,141,4,0.10479828,0.02244119,0.04150452,0E-8,0.000000,0.902668,0.011910,-0.02129501,2026-03-22,2026-08-05,112,5695,2177,137,0.817518,0.739886,0.767145,0.349328,,,,,,,,GLOBAL_BASELINE_NO_ENTITY_RANKING,,,NOT_APPLICABLE_GLOBAL_BASELINE,HF9g-P5,,,,X 全窗基线 · 不参与实体赏罚,14196323,1420,A168_HF9F_20260827_0900,2026-08-27 09:00:00
2026-06-07,110249610,1323,0,26.4162988565,1E-10,1E-10,0.6000000,5,5,0.49324550000000000,0.493245500000,0.47746420675292983,0.47746420675292983,0.47746420675292983,0E-17,ELIGIBLE,R03b_20260811_FULL_v1,L1_ELIGIBILITY,v2026-08-11,2026-03-21..2026-08-06,baccarat_bet02_101_all_pairs_incl_sentinel,round_win = game_pnl > 0 (decisive only),COMPATIBILITY_ONLY_NOT_PRODUCTION,296357.1217,267511.9505,6650.6079,18220,18206,-0.02244119,-0.04150452,-0.02020951,-0.02244119,-6650.6079,296357.1217,OK,0.0000,266.0243,4.0000,96.0000,AG03-UNRESOLVED,ALL5_LEVELS_bet23_to_bet27,266.0243,266.0243,266.0243,332.5304,332.5304,4.000000,4.000000,4.000000,5.000000,5.000000,96.000000,96.000000,96.000000,95.000000,95.000000,5.0,1463.1337,1340.2688,5187.4742,5310.3391,PENDING_AG03,FALSE,NOT_FOR_ENFORCEMENT,6384.5836,256811.4724,6650.6079,6384.5836,266.0243,0.02244119,0.02154355,266.0243,6384.5836,0.02154355,266.0243,266.0243,266.0243,332.5304,332.5304,6384.5836,0.02154355,1463.1337,1340.2688,5187.4742,5310.3391,0.01750413,0.01791872,0.00089765,16.2655,14.6936,0.3653,59.3804,1.1678,2646.0457,162.5536,12.4780,16.8648,9.0895,16.5695,22.0926,29.825,33.4482,44.5976,11.8163,0.0,2.018664,2.691552,0.981654,30,240,141,4,0.10479828,0.02244119,0.04150452,0E-8,0.000000,0.902668,0.011910,-0.02129501,2026-03-22,2026-08-05,112,5695,2177,137,0.817518,0.739886,0.767145,0.349328,,,,,,,,GLOBAL_BASELINE_NO_ENTITY_RANKING,,,NOT_APPLICABLE_GLOBAL_BASELINE,HF9g-P5,,,,X 全窗基线 · 不参与实体赏罚,14196324,1420,A168_HF9F_20260827_0900,2026-08-27 09:00:00
2026-06-07,110249610,1325,0,1.5409507666,-1.5409507666,-1.5409507666,0E-7,1,1,0.49324550000000000,0.493245500000,-0.9865810262130424,-0.9865810262130424,-0.9865810262130424,0E-17,ELIGIBLE,R03b_20260811_FULL_v1,L1_ELIGIBILITY,v2026-08-11,2026-03-21..2026-08-06,baccarat_bet02_101_all_pairs_incl_sentinel,round_win = game_pnl > 0 (decisive only),COMPATIBILITY_ONLY_NOT_PRODUCTION,296357.1217,267511.9505,6650.6079,18220,18206,-0.02244119,-0.04150452,-0.02020951,-0.02244119,-6650.6079,296357.1217,OK,0.0000,266.0243,4.0000,96.0000,AG03-UNRESOLVED,ALL5_LEVELS_bet23_to_bet27,266.0243,266.0243,266.0243,332.5304,332.5304,4.000000,4.000000,4.000000,5.000000,5.000000,96.000000,96.000000,96.000000,95.000000,95.000000,5.0,1463.1337,1340.2688,5187.4742,5310.3391,PENDING_AG03,FALSE,NOT_FOR_ENFORCEMENT,6384.5836,256811.4724,6650.6079,6384.5836,266.0243,0.02244119,0.02154355,266.0243,6384.5836,0.02154355,266.0243,266.0243,266.0243,332.5304,332.5304,6384.5836,0.02154355,1463.1337,1340.2688,5187.4742,5310.3391,0.01750413,0.01791872,0.00089765,16.2655,14.6936,0.3653,59.3804,1.1678,2646.0457,162.5536,12.4780,16.8648,9.0895,16.5695,22.0926,29.825,33.4482,44.5976,11.8163,0.0,2.018664,2.691552,0.981654,30,240,141,4,0.10479828,0.02244119,0.04150452,0E-8,0.000000,0.902668,0.011910,-0.02129501,2026-03-22,2026-08-05,112,5695,2177,137,0.817518,0.739886,0.767145,0.349328,,,,,,,,GLOBAL_BASELINE_NO_ENTITY_RANKING,,,NOT_APPLICABLE_GLOBAL_BASELINE,HF9g-P5,,,,X 全窗基线 · 不参与实体赏罚,14196325,1420,A168_HF9F_20260827_0900,2026-08-27 09:00:00
2026-06-07,110249610,1353,0,11.0067911902,2.2013582380,2.2013582380,0.5000000,2,2,0.49324550000000000,0.493245500000,0.01910635448239258,0.01910635448239258,0.01910635448239258,0E-17,ELIGIBLE,R03b_20260811_FULL_v1,L1_ELIGIBILITY,v2026-08-11,2026-03-21..2026-08-06,baccarat_bet02_101_all_pairs_incl_sentinel,round_win = game_pnl > 0 (decisive only),COMPATIBILITY_ONLY_NOT_PRODUCTION,296357.1217,267511.9505,6650.6079,18220,18206,-0.02244119,-0.04150452,-0.02020951,-0.02244119,-6650.6079,296357.1217,OK,0.0000,266.0243,4.0000,96.0000,AG03-UNRESOLVED,ALL5_LEVELS_bet23_to_bet27,266.0243,266.0243,266.0243,332.5304,332.5304,4.000000,4.000000,4.000000,5.000000,5.000000,96.000000,96.000000,96.000000,95.000000,95.000000,5.0,1463.1337,1340.2688,5187.4742,5310.3391,PENDING_AG03,FALSE,NOT_FOR_ENFORCEMENT,6384.5836,256811.4724,6650.6079,6384.5836,266.0243,0.02244119,0.02154355,266.0243,6384.5836,0.02154355,266.0243,266.0243,266.0243,332.5304,332.5304,6384.5836,0.02154355,1463.1337,1340.2688,5187.4742,5310.3391,0.01750413,0.01791872,0.00089765,16.2655,14.6936,0.3653,59.3804,1.1678,2646.0457,162.5536,12.4780,16.8648,9.0895,16.5695,22.0926,29.825,33.4482,44.5976,11.8163,0.0,2.018664,2.691552,0.981654,30,240,141,4,0.10479828,0.02244119,0.04150452,0E-8,0.000000,0.902668,0.011910,-0.02129501,2026-03-22,2026-08-05,112,5695,2177,137,0.817518,0.739886,0.767145,0.349328,,,,,,,,GLOBAL_BASELINE_NO_ENTITY_RANKING,,,NOT_APPLICABLE_GLOBAL_BASELINE,HF9g-P5,,,,X 全窗基线 · 不参与实体赏罚,14196326,1420,A168_HF9F_20260827_0900,2026-08-27 09:00:00
2026-06-07,110249610,1399,0,20.4726316137,7.4846180093,7.4846180093,0.7500000,5,5,0.50396966000000000,0.503969660000,0.9841523774297893,0.9841523774297894,0.9841523774297893,0E-17,ELIGIBLE,R03b_20260811_FULL_v1,L1_ELIGIBILITY,v2026-08-11,2026-03-21..2026-08-06,baccarat_bet02_101_all_pairs_incl_sentinel,round_win = game_pnl > 0 (decisive only),COMPATIBILITY_ONLY_NOT_PRODUCTION,296357.1217,267511.9505,6650.6079,18220,18206,-0.02244119,-0.04150452,-0.02020951,-0.02244119,-6650.6079,296357.1217,OK,0.0000,266.0243,4.0000,96.0000,AG03-UNRESOLVED,ALL5_LEVELS_bet23_to_bet27,266.0243,266.0243,266.0243,332.5304,332.5304,4.000000,4.000000,4.000000,5.000000,5.000000,96.000000,96.000000,96.000000,95.000000,95.000000,5.0,1463.1337,1340.2688,5187.4742,5310.3391,PENDING_AG03,FALSE,NOT_FOR_ENFORCEMENT,6384.5836,256811.4724,6650.6079,6384.5836,266.0243,0.02244119,0.02154355,266.0243,6384.5836,0.02154355,266.0243,266.0243,266.0243,332.5304,332.5304,6384.5836,0.02154355,1463.1337,1340.2688,5187.4742,5310.3391,0.01750413,0.01791872,0.00089765,16.2655,14.6936,0.3653,59.3804,1.1678,2646.0457,162.5536,12.4780,16.8648,9.0895,16.5695,22.0926,29.825,33.4482,44.5976,11.8163,0.0,2.018664,2.691552,0.981654,30,240,141,4,0.10479828,0.02244119,0.04150452,0E-8,0.000000,0.902668,0.011910,-0.02129501,2026-03-22,2026-08-05,112,5695,2177,137,0.817518,0.739886,0.767145,0.349328,,,,,,,,GLOBAL_BASELINE_NO_ENTITY_RANKING,,,NOT_APPLICABLE_GLOBAL_BASELINE,HF9g-P5,,,,X 全窗基线 · 不参与实体赏罚,14196327,1420,A168_HF9F_20260827_0900,2026-08-27 09:00:00
2026-06-07,110249610,1400,0,33.0203735705,-11.0067911901,-11.0067911901,0.5000000,2,2,0.49324550000000000,0.493245500000,0.01910635448239258,0.01910635448239258,0.01910635448239258,0E-17,ELIGIBLE,R03b_20260811_FULL_v1,L1_ELIGIBILITY,v2026-08-11,2026-03-21..2026-08-06,baccarat_bet02_101_all_pairs_incl_sentinel,round_win = game_pnl > 0 (decisive only),COMPATIBILITY_ONLY_NOT_PRODUCTION,296357.1217,267511.9505,6650.6079,18220,18206,-0.02244119,-0.04150452,-0.02020951,-0.02244119,-6650.6079,296357.1217,OK,0.0000,266.0243,4.0000,96.0000,AG03-UNRESOLVED,ALL5_LEVELS_bet23_to_bet27,266.0243,266.0243,266.0243,332.5304,332.5304,4.000000,4.000000,4.000000,5.000000,5.000000,96.000000,96.000000,96.000000,95.000000,95.000000,5.0,1463.1337,1340.2688,5187.4742,5310.3391,PENDING_AG03,FALSE,NOT_FOR_ENFORCEMENT,6384.5836,256811.4724,6650.6079,6384.5836,266.0243,0.02244119,0.02154355,266.0243,6384.5836,0.02154355,266.0243,266.0243,266.0243,332.5304,332.5304,6384.5836,0.02154355,1463.1337,1340.2688,5187.4742,5310.3391,0.01750413,0.01791872,0.00089765,16.2655,14.6936,0.3653,59.3804,1.1678,2646.0457,162.5536,12.4780,16.8648,9.0895,16.5695,22.0926,29.825,33.4482,44.5976,11.8163,0.0,2.018664,2.691552,0.981654,30,240,141,4,0.10479828,0.02244119,0.04150452,0E-8,0.000000,0.902668,0.011910,-0.02129501,2026-03-22,2026-08-05,112,5695,2177,137,0.817518,0.739886,0.767145,0.349328,,,,,,,,GLOBAL_BASELINE_NO_ENTITY_RANKING,,,NOT_APPLICABLE_GLOBAL_BASELINE,HF9g-P5,,,,X 全窗基线 · 不参与实体赏罚,14196328,1420,A168_HF9F_20260827_0900,2026-08-27 09:00:00
2026-06-07,110249610,1401,0,74.8461800930,-21.7384126005,-21.7384126005,0.3333333,4,4,0.50665070000000000,0.506650700000,-0.6004420894325239,-0.6004420894325239,-0.6004420894325239,0E-17,ELIGIBLE,R03b_20260811_FULL_v1,L1_ELIGIBILITY,v2026-08-11,2026-03-21..2026-08-06,baccarat_bet02_101_all_pairs_incl_sentinel,round_win = game_pnl > 0 (decisive only),COMPATIBILITY_ONLY_NOT_PRODUCTION,296357.1217,267511.9505,6650.6079,18220,18206,-0.02244119,-0.04150452,-0.02020951,-0.02244119,-6650.6079,296357.1217,OK,0.0000,266.0243,4.0000,96.0000,AG03-UNRESOLVED,ALL5_LEVELS_bet23_to_bet27,266.0243,266.0243,266.0243,332.5304,332.5304,4.000000,4.000000,4.000000,5.000000,5.000000,96.000000,96.000000,96.000000,95.000000,95.000000,5.0,1463.1337,1340.2688,5187.4742,5310.3391,PENDING_AG03,FALSE,NOT_FOR_ENFORCEMENT,6384.5836,256811.4724,6650.6079,6384.5836,266.0243,0.02244119,0.02154355,266.0243,6384.5836,0.02154355,266.0243,266.0243,266.0243,332.5304,332.5304,6384.5836,0.02154355,1463.1337,1340.2688,5187.4742,5310.3391,0.01750413,0.01791872,0.00089765,16.2655,14.6936,0.3653,59.3804,1.1678,2646.0457,162.5536,12.4780,16.8648,9.0895,16.5695,22.0926,29.825,33.4482,44.5976,11.8163,0.0,2.018664,2.691552,0.981654,30,240,141,4,0.10479828,0.02244119,0.04150452,0E-8,0.000000,0.902668,0.011910,-0.02129501,2026-03-22,2026-08-05,112,5695,2177,137,0.817518,0.739886,0.767145,0.349328,,,,,,,,GLOBAL_BASELINE_NO_ENTITY_RANKING,,,NOT_APPLICABLE_GLOBAL_BASELINE,HF9g-P5,,,,X 全窗基线 · 不参与实体赏罚,14196329,1420,A168_HF9F_20260827_0900,2026-08-27 09:00:00
2026-06-07,110249610,1654,0,103.4638371874,51.7319185937,51.7319185937,0.8333333,7,7,0.49324550000000000,0.493245500000,1.666235363940442,1.6662353639404415,1.666235363940442,0E-17,ELIGIBLE,R03b_20260811_FULL_v1,L1_ELIGIBILITY,v2026-08-11,2026-03-21..2026-08-06,baccarat_bet02_101_all_pairs_incl_sentinel,round_win = game_pnl > 0 (decisive only),COMPATIBILITY_ONLY_NOT_PRODUCTION,296357.1217,267511.9505,6650.6079,18220,18206,-0.02244119,-0.04150452,-0.02020951,-0.02244119,-6650.6079,296357.1217,OK,0.0000,266.0243,4.0000,96.0000,AG03-UNRESOLVED,ALL5_LEVELS_bet23_to_bet27,266.0243,266.0243,266.0243,332.5304,332.5304,4.000000,4.000000,4.000000,5.000000,5.000000,96.000000,96.000000,96.000000,95.000000,95.000000,5.0,1463.1337,1340.2688,5187.4742,5310.3391,PENDING_AG03,FALSE,NOT_FOR_ENFORCEMENT,6384.5836,256811.4724,6650.6079,6384.5836,266.0243,0.02244119,0.02154355,266.0243,6384.5836,0.02154355,266.0243,266.0243,266.0243,332.5304,332.5304,6384.5836,0.02154355,1463.1337,1340.2688,5187.4742,5310.3391,0.01750413,0.01791872,0.00089765,16.2655,14.6936,0.3653,59.3804,1.1678,2646.0457,162.5536,12.4780,16.8648,9.0895,16.5695,22.0926,29.825,33.4482,44.5976,11.8163,0.0,2.018664,2.691552,0.981654,30,240,141,4,0.10479828,0.02244119,0.04150452,0E-8,0.000000,0.902668,0.011910,-0.02129501,2026-03-22,2026-08-05,112,5695,2177,137,0.817518,0.739886,0.767145,0.349328,,,,,,,,GLOBAL_BASELINE_NO_ENTITY_RANKING,,,NOT_APPLICABLE_GLOBAL_BASELINE,HF9g-P5,,,,X 全窗基线 · 不参与实体赏罚,14196330,1420,A168_HF9F_20260827_0900,2026-08-27 09:00:00
2026-06-07,110249610,1702,0,4.8429881237,-4.8429881237,-4.8429881237,0E-7,1,1,0.50665070000000000,0.506650700000,-1.013391052207602,-1.013391052207602,-1.013391052207602,0E-17,ELIGIBLE,R03b_20260811_FULL_v1,L1_ELIGIBILITY,v2026-08-11,2026-03-21..2026-08-06,baccarat_bet02_101_all_pairs_incl_sentinel,round_win = game_pnl > 0 (decisive only),COMPATIBILITY_ONLY_NOT_PRODUCTION,296357.1217,267511.9505,6650.6079,18220,18206,-0.02244119,-0.04150452,-0.02020951,-0.02244119,-6650.6079,296357.1217,OK,0.0000,266.0243,4.0000,96.0000,AG03-UNRESOLVED,ALL5_LEVELS_bet23_to_bet27,266.0243,266.0243,266.0243,332.5304,332.5304,4.000000,4.000000,4.000000,5.000000,5.000000,96.000000,96.000000,96.000000,95.000000,95.000000,5.0,1463.1337,1340.2688,5187.4742,5310.3391,PENDING_AG03,FALSE,NOT_FOR_ENFORCEMENT,6384.5836,256811.4724,6650.6079,6384.5836,266.0243,0.02244119,0.02154355,266.0243,6384.5836,0.02154355,266.0243,266.0243,266.0243,332.5304,332.5304,6384.5836,0.02154355,1463.1337,1340.2688,5187.4742,5310.3391,0.01750413,0.01791872,0.00089765,16.2655,14.6936,0.3653,59.3804,1.1678,2646.0457,162.5536,12.4780,16.8648,9.0895,16.5695,22.0926,29.825,33.4482,44.5976,11.8163,0.0,2.018664,2.691552,0.981654,30,240,141,4,0.10479828,0.02244119,0.04150452,0E-8,0.000000,0.902668,0.011910,-0.02129501,2026-03-22,2026-08-05,112,5695,2177,137,0.817518,0.739886,0.767145,0.349328,,,,,,,,GLOBAL_BASELINE_NO_ENTITY_RANKING,,,NOT_APPLICABLE_GLOBAL_BASELINE,HF9g-P5,,,,X 全窗基线 · 不参与实体赏罚,14196331,1420,A168_HF9F_20260827_0900,2026-08-27 09:00:00
2026-06-07,110249610,1704,0,44.0271647606,-16.5101867852,-16.5101867852,0E-7,3,3,0.50665070000000000,0.506650700000,-1.013391052207602,-1.013391052207602,-1.013391052207602,0E-17,ELIGIBLE,R03b_20260811_FULL_v1,L1_ELIGIBILITY,v2026-08-11,2026-03-21..2026-08-06,baccarat_bet02_101_all_pairs_incl_sentinel,round_win = game_pnl > 0 (decisive only),COMPATIBILITY_ONLY_NOT_PRODUCTION,296357.1217,267511.9505,6650.6079,18220,18206,-0.02244119,-0.04150452,-0.02020951,-0.02244119,-6650.6079,296357.1217,OK,0.0000,266.0243,4.0000,96.0000,AG03-UNRESOLVED,ALL5_LEVELS_bet23_to_bet27,266.0243,266.0243,266.0243,332.5304,332.5304,4.000000,4.000000,4.000000,5.000000,5.000000,96.000000,96.000000,96.000000,95.000000,95.000000,5.0,1463.1337,1340.2688,5187.4742,5310.3391,PENDING_AG03,FALSE,NOT_FOR_ENFORCEMENT,6384.5836,256811.4724,6650.6079,6384.5836,266.0243,0.02244119,0.02154355,266.0243,6384.5836,0.02154355,266.0243,266.0243,266.0243,332.5304,332.5304,6384.5836,0.02154355,1463.1337,1340.2688,5187.4742,5310.3391,0.01750413,0.01791872,0.00089765,16.2655,14.6936,0.3653,59.3804,1.1678,2646.0457,162.5536,12.4780,16.8648,9.0895,16.5695,22.0926,29.825,33.4482,44.5976,11.8163,0.0,2.018664,2.691552,0.981654,30,240,141,4,0.10479828,0.02244119,0.04150452,0E-8,0.000000,0.902668,0.011910,-0.02129501,2026-03-22,2026-08-05,112,5695,2177,137,0.817518,0.739886,0.767145,0.349328,,,,,,,,GLOBAL_BASELINE_NO_ENTITY_RANKING,,,NOT_APPLICABLE_GLOBAL_BASELINE,HF9g-P5,,,,X 全窗基线 · 不参与实体赏罚,14196332,1420,A168_HF9F_20260827_0900,2026-08-27 09:00:00
2026-06-07,110249610,1941,0,53.9332768318,1.1006791190,1.1006791190,0.4000000,5,5,0.49592654000000000,0.495926540000,-0.42901076602576227,-0.42901076602576227,-0.42901076602576227,0E-17,ELIGIBLE,R03b_20260811_FULL_v1,L1_ELIGIBILITY,v2026-08-11,2026-03-21..2026-08-06,baccarat_bet02_101_all_pairs_incl_sentinel,round_win = game_pnl > 0 (decisive only),COMPATIBILITY_ONLY_NOT_PRODUCTION,296357.1217,267511.9505,6650.6079,18220,18206,-0.02244119,-0.04150452,-0.02020951,-0.02244119,-6650.6079,296357.1217,OK,0.0000,266.0243,4.0000,96.0000,AG03-UNRESOLVED,ALL5_LEVELS_bet23_to_bet27,266.0243,266.0243,266.0243,332.5304,332.5304,4.000000,4.000000,4.000000,5.000000,5.000000,96.000000,96.000000,96.000000,95.000000,95.000000,5.0,1463.1337,1340.2688,5187.4742,5310.3391,PENDING_AG03,FALSE,NOT_FOR_ENFORCEMENT,6384.5836,256811.4724,6650.6079,6384.5836,266.0243,0.02244119,0.02154355,266.0243,6384.5836,0.02154355,266.0243,266.0243,266.0243,332.5304,332.5304,6384.5836,0.02154355,1463.1337,1340.2688,5187.4742,5310.3391,0.01750413,0.01791872,0.00089765,16.2655,14.6936,0.3653,59.3804,1.1678,2646.0457,162.5536,12.4780,16.8648,9.0895,16.5695,22.0926,29.825,33.4482,44.5976,11.8163,0.0,2.018664,2.691552,0.981654,30,240,141,4,0.10479828,0.02244119,0.04150452,0E-8,0.000000,0.902668,0.011910,-0.02129501,2026-03-22,2026-08-05,112,5695,2177,137,0.817518,0.739886,0.767145,0.349328,,,,,,,,GLOBAL_BASELINE_NO_ENTITY_RANKING,,,NOT_APPLICABLE_GLOBAL_BASELINE,HF9g-P5,,,,X 全窗基线 · 不参与实体赏罚,14196333,1420,A168_HF9F_20260827_0900,2026-08-27 09:00:00
2026-06-07,110249610,1957,0,64.0595247268,22.4428472368,22.4428472368,0.7777778,12,12,0.49659680000000000,0.496596800000,1.6871249469062928,1.6871249469062928,1.6871249469062928,0E-17,ELIGIBLE,R03b_20260811_FULL_v1,L1_ELIGIBILITY,v2026-08-11,2026-03-21..2026-08-06,baccarat_bet02_101_all_pairs_incl_sentinel,round_win = game_pnl > 0 (decisive only),COMPATIBILITY_ONLY_NOT_PRODUCTION,296357.1217,267511.9505,6650.6079,18220,18206,-0.02244119,-0.04150452,-0.02020951,-0.02244119,-6650.6079,296357.1217,OK,0.0000,266.0243,4.0000,96.0000,AG03-UNRESOLVED,ALL5_LEVELS_bet23_to_bet27,266.0243,266.0243,266.0243,332.5304,332.5304,4.000000,4.000000,4.000000,5.000000,5.000000,96.000000,96.000000,96.000000,95.000000,95.000000,5.0,1463.1337,1340.2688,5187.4742,5310.3391,PENDING_AG03,FALSE,NOT_FOR_ENFORCEMENT,6384.5836,256811.4724,6650.6079,6384.5836,266.0243,0.02244119,0.02154355,266.0243,6384.5836,0.02154355,266.0243,266.0243,266.0243,332.5304,332.5304,6384.5836,0.02154355,1463.1337,1340.2688,5187.4742,5310.3391,0.01750413,0.01791872,0.00089765,16.2655,14.6936,0.3653,59.3804,1.1678,2646.0457,162.5536,12.4780,16.8648,9.0895,16.5695,22.0926,29.825,33.4482,44.5976,11.8163,0.0,2.018664,2.691552,0.981654,30,240,141,4,0.10479828,0.02244119,0.04150452,0E-8,0.000000,0.902668,0.011910,-0.02129501,2026-03-22,2026-08-05,112,5695,2177,137,0.817518,0.739886,0.767145,0.349328,,,,,,,,GLOBAL_BASELINE_NO_ENTITY_RANKING,,,NOT_APPLICABLE_GLOBAL_BASELINE,HF9g-P5,,,,X 全窗基线 · 不参与实体赏罚,14196334,1420,A168_HF9F_20260827_0900,2026-08-27 09:00:00
2026-06-07,110249610,1966,0,118.1028694706,-14.0061417895,-14.0061417895,0.5000000,12,12,0.50329940000000000,0.503299400000,-0.020867692161943285,-0.02086769216194329,-0.020867692161943285,0E-17,ELIGIBLE,R03b_20260811_FULL_v1,L1_ELIGIBILITY,v2026-08-11,2026-03-21..2026-08-06,baccarat_bet02_101_all_pairs_incl_sentinel,round_win = game_pnl > 0 (decisive only),COMPATIBILITY_ONLY_NOT_PRODUCTION,296357.1217,267511.9505,6650.6079,18220,18206,-0.02244119,-0.04150452,-0.02020951,-0.02244119,-6650.6079,296357.1217,OK,0.0000,266.0243,4.0000,96.0000,AG03-UNRESOLVED,ALL5_LEVELS_bet23_to_bet27,266.0243,266.0243,266.0243,332.5304,332.5304,4.000000,4.000000,4.000000,5.000000,5.000000,96.000000,96.000000,96.000000,95.000000,95.000000,5.0,1463.1337,1340.2688,5187.4742,5310.3391,PENDING_AG03,FALSE,NOT_FOR_ENFORCEMENT,6384.5836,256811.4724,6650.6079,6384.5836,266.0243,0.02244119,0.02154355,266.0243,6384.5836,0.02154355,266.0243,266.0243,266.0243,332.5304,332.5304,6384.5836,0.02154355,1463.1337,1340.2688,5187.4742,5310.3391,0.01750413,0.01791872,0.00089765,16.2655,14.6936,0.3653,59.3804,1.1678,2646.0457,162.5536,12.4780,16.8648,9.0895,16.5695,22.0926,29.825,33.4482,44.5976,11.8163,0.0,2.018664,2.691552,0.981654,30,240,141,4,0.10479828,0.02244119,0.04150452,0E-8,0.000000,0.902668,0.011910,-0.02129501,2026-03-22,2026-08-05,112,5695,2177,137,0.817518,0.739886,0.767145,0.349328,,,,,,,,GLOBAL_BASELINE_NO_ENTITY_RANKING,,,NOT_APPLICABLE_GLOBAL_BASELINE,HF9g-P5,,,,X 全窗基线 · 不参与实体赏罚,14196335,1420,A168_HF9F_20260827_0900,2026-08-27 09:00:00
2026-06-07,110249610,2107,0,23.1142614993,14.3088285472,14.3088285472,1.0000000,3,3,0.49324550000000000,0.493245500000,1.4334489766152358,1.4334489766152358,1.4334489766152358,0E-17,ELIGIBLE,R03b_20260811_FULL_v1,L1_ELIGIBILITY,v2026-08-11,2026-03-21..2026-08-06,baccarat_bet02_101_all_pairs_incl_sentinel,round_win = game_pnl > 0 (decisive only),COMPATIBILITY_ONLY_NOT_PRODUCTION,296357.1217,267511.9505,6650.6079,18220,18206,-0.02244119,-0.04150452,-0.02020951,-0.02244119,-6650.6079,296357.1217,OK,0.0000,266.0243,4.0000,96.0000,AG03-UNRESOLVED,ALL5_LEVELS_bet23_to_bet27,266.0243,266.0243,266.0243,332.5304,332.5304,4.000000,4.000000,4.000000,5.000000,5.000000,96.000000,96.000000,96.000000,95.000000,95.000000,5.0,1463.1337,1340.2688,5187.4742,5310.3391,PENDING_AG03,FALSE,NOT_FOR_ENFORCEMENT,6384.5836,256811.4724,6650.6079,6384.5836,266.0243,0.02244119,0.02154355,266.0243,6384.5836,0.02154355,266.0243,266.0243,266.0243,332.5304,332.5304,6384.5836,0.02154355,1463.1337,1340.2688,5187.4742,5310.3391,0.01750413,0.01791872,0.00089765,16.2655,14.6936,0.3653,59.3804,1.1678,2646.0457,162.5536,12.4780,16.8648,9.0895,16.5695,22.0926,29.825,33.4482,44.5976,11.8163,0.0,2.018664,2.691552,0.981654,30,240,141,4,0.10479828,0.02244119,0.04150452,0E-8,0.000000,0.902668,0.011910,-0.02129501,2026-03-22,2026-08-05,112,5695,2177,137,0.817518,0.739886,0.767145,0.349328,,,,,,,,GLOBAL_BASELINE_NO_ENTITY_RANKING,,,NOT_APPLICABLE_GLOBAL_BASELINE,HF9g-P5,,,,X 全窗基线 · 不参与实体赏罚,14196336,1420,A168_HF9F_20260827_0900,2026-08-27 09:00:00
2026-06-07,110249610,2121,0,138.3553652602,66.8112225242,66.8112225242,0.8333333,7,7,0.49324550000000000,0.493245500000,1.666235363940442,1.6662353639404415,1.666235363940442,0E-17,ELIGIBLE,R03b_20260811_FULL_v1,L1_ELIGIBILITY,v2026-08-11,2026-03-21..2026-08-06,baccarat_bet02_101_all_pairs_incl_sentinel,round_win = game_pnl > 0 (decisive only),COMPATIBILITY_ONLY_NOT_PRODUCTION,296357.1217,267511.9505,6650.6079,18220,18206,-0.02244119,-0.04150452,-0.02020951,-0.02244119,-6650.6079,296357.1217,OK,0.0000,266.0243,4.0000,96.0000,AG03-UNRESOLVED,ALL5_LEVELS_bet23_to_bet27,266.0243,266.0243,266.0243,332.5304,332.5304,4.000000,4.000000,4.000000,5.000000,5.000000,96.000000,96.000000,96.000000,95.000000,95.000000,5.0,1463.1337,1340.2688,5187.4742,5310.3391,PENDING_AG03,FALSE,NOT_FOR_ENFORCEMENT,6384.5836,256811.4724,6650.6079,6384.5836,266.0243,0.02244119,0.02154355,266.0243,6384.5836,0.02154355,266.0243,266.0243,266.0243,332.5304,332.5304,6384.5836,0.02154355,1463.1337,1340.2688,5187.4742,5310.3391,0.01750413,0.01791872,0.00089765,16.2655,14.6936,0.3653,59.3804,1.1678,2646.0457,162.5536,12.4780,16.8648,9.0895,16.5695,22.0926,29.825,33.4482,44.5976,11.8163,0.0,2.018664,2.691552,0.981654,30,240,141,4,0.10479828,0.02244119,0.04150452,0E-8,0.000000,0.902668,0.011910,-0.02129501,2026-03-22,2026-08-05,112,5695,2177,137,0.817518,0.739886,0.767145,0.349328,,,,,,,,GLOBAL_BASELINE_NO_ENTITY_RANKING,,,NOT_APPLICABLE_GLOBAL_BASELINE,HF9g-P5,,,,X 全窗基线 · 不参与实体赏罚,14196337,1420,A168_HF9F_20260827_0900,2026-08-27 09:00:00
2026-06-07,110249610,2123,0,59.4366724269,-22.8390917196,-22.8390917196,0.2000000,6,6,0.50441650000000000,0.504416500000,-1.3614450872398682,-1.3614450872398682,-1.3614450872398682,0E-17,ELIGIBLE,R03b_20260811_FULL_v1,L1_ELIGIBILITY,v2026-08-11,2026-03-21..2026-08-06,baccarat_bet02_101_all_pairs_incl_sentinel,round_win = game_pnl > 0 (decisive only),COMPATIBILITY_ONLY_NOT_PRODUCTION,296357.1217,267511.9505,6650.6079,18220,18206,-0.02244119,-0.04150452,-0.02020951,-0.02244119,-6650.6079,296357.1217,OK,0.0000,266.0243,4.0000,96.0000,AG03-UNRESOLVED,ALL5_LEVELS_bet23_to_bet27,266.0243,266.0243,266.0243,332.5304,332.5304,4.000000,4.000000,4.000000,5.000000,5.000000,96.000000,96.000000,96.000000,95.000000,95.000000,5.0,1463.1337,1340.2688,5187.4742,5310.3391,PENDING_AG03,FALSE,NOT_FOR_ENFORCEMENT,6384.5836,256811.4724,6650.6079,6384.5836,266.0243,0.02244119,0.02154355,266.0243,6384.5836,0.02154355,266.0243,266.0243,266.0243,332.5304,332.5304,6384.5836,0.02154355,1463.1337,1340.2688,5187.4742,5310.3391,0.01750413,0.01791872,0.00089765,16.2655,14.6936,0.3653,59.3804,1.1678,2646.0457,162.5536,12.4780,16.8648,9.0895,16.5695,22.0926,29.825,33.4482,44.5976,11.8163,0.0,2.018664,2.691552,0.981654,30,240,141,4,0.10479828,0.02244119,0.04150452,0E-8,0.000000,0.902668,0.011910,-0.02129501,2026-03-22,2026-08-05,112,5695,2177,137,0.817518,0.739886,0.767145,0.349328,,,,,,,,GLOBAL_BASELINE_NO_ENTITY_RANKING,,,NOT_APPLICABLE_GLOBAL_BASELINE,HF9g-P5,,,,X 全窗基线 · 不参与实体赏罚,14196338,1420,A168_HF9F_20260827_0900,2026-08-27 09:00:00
2026-06-07,110249610,2127,0,74.8461800930,48.4298812367,48.4298812367,0.8888889,10,10,0.49324550000000000,0.493245500000,2.374076969527786,2.374076969527786,2.374076969527786,0E-17,ELIGIBLE,R03b_20260811_FULL_v1,L1_ELIGIBILITY,v2026-08-11,2026-03-21..2026-08-06,baccarat_bet02_101_all_pairs_incl_sentinel,round_win = game_pnl > 0 (decisive only),COMPATIBILITY_ONLY_NOT_PRODUCTION,296357.1217,267511.9505,6650.6079,18220,18206,-0.02244119,-0.04150452,-0.02020951,-0.02244119,-6650.6079,296357.1217,OK,0.0000,266.0243,4.0000,96.0000,AG03-UNRESOLVED,ALL5_LEVELS_bet23_to_bet27,266.0243,266.0243,266.0243,332.5304,332.5304,4.000000,4.000000,4.000000,5.000000,5.000000,96.000000,96.000000,96.000000,95.000000,95.000000,5.0,1463.1337,1340.2688,5187.4742,5310.3391,PENDING_AG03,FALSE,NOT_FOR_ENFORCEMENT,6384.5836,256811.4724,6650.6079,6384.5836,266.0243,0.02244119,0.02154355,266.0243,6384.5836,0.02154355,266.0243,266.0243,266.0243,332.5304,332.5304,6384.5836,0.02154355,1463.1337,1340.2688,5187.4742,5310.3391,0.01750413,0.01791872,0.00089765,16.2655,14.6936,0.3653,59.3804,1.1678,2646.0457,162.5536,12.4780,16.8648,9.0895,16.5695,22.0926,29.825,33.4482,44.5976,11.8163,0.0,2.018664,2.691552,0.981654,30,240,141,4,0.10479828,0.02244119,0.04150452,0E-8,0.000000,0.902668,0.011910,-0.02129501,2026-03-22,2026-08-05,112,5695,2177,137,0.817518,0.739886,0.767145,0.349328,,,,,,,,GLOBAL_BASELINE_NO_ENTITY_RANKING,,,NOT_APPLICABLE_GLOBAL_BASELINE,HF9g-P5,,,,X 全窗基线 · 不参与实体赏罚,14196339,1420,A168_HF9F_20260827_0900,2026-08-27 09:00:00
2026-06-07,110249610,2134,0,55.0339559508,0E-10,0E-10,0.5000000,4,4,0.49324550000000000,0.493245500000,0.027020465636507562,0.027020465636507562,0.027020465636507562,0E-17,ELIGIBLE,R03b_20260811_FULL_v1,L1_ELIGIBILITY,v2026-08-11,2026-03-21..2026-08-06,baccarat_bet02_101_all_pairs_incl_sentinel,round_win = game_pnl > 0 (decisive only),COMPATIBILITY_ONLY_NOT_PRODUCTION,296357.1217,267511.9505,6650.6079,18220,18206,-0.02244119,-0.04150452,-0.02020951,-0.02244119,-6650.6079,296357.1217,OK,0.0000,266.0243,4.0000,96.0000,AG03-UNRESOLVED,ALL5_LEVELS_bet23_to_bet27,266.0243,266.0243,266.0243,332.5304,332.5304,4.000000,4.000000,4.000000,5.000000,5.000000,96.000000,96.000000,96.000000,95.000000,95.000000,5.0,1463.1337,1340.2688,5187.4742,5310.3391,PENDING_AG03,FALSE,NOT_FOR_ENFORCEMENT,6384.5836,256811.4724,6650.6079,6384.5836,266.0243,0.02244119,0.02154355,266.0243,6384.5836,0.02154355,266.0243,266.0243,266.0243,332.5304,332.5304,6384.5836,0.02154355,1463.1337,1340.2688,5187.4742,5310.3391,0.01750413,0.01791872,0.00089765,16.2655,14.6936,0.3653,59.3804,1.1678,2646.0457,162.5536,12.4780,16.8648,9.0895,16.5695,22.0926,29.825,33.4482,44.5976,11.8163,0.0,2.018664,2.691552,0.981654,30,240,141,4,0.10479828,0.02244119,0.04150452,0E-8,0.000000,0.902668,0.011910,-0.02129501,2026-03-22,2026-08-05,112,5695,2177,137,0.817518,0.739886,0.767145,0.349328,,,,,,,,GLOBAL_BASELINE_NO_ENTITY_RANKING,,,NOT_APPLICABLE_GLOBAL_BASELINE,HF9g-P5,,,,X 全窗基线 · 不参与实体赏罚,14196340,1420,A168_HF9F_20260827_0900,2026-08-27 09:00:00
2026-06-07,110249610,2141,0,66.0407471410,-42.3761460821,-42.3761460821,0.1428571,8,8,0.50665070000000000,0.506650700000,-1.925184877894219,-1.925184877894219,-1.925184877894219,0E-17,ELIGIBLE,R03b_20260811_FULL_v1,L1_ELIGIBILITY,v2026-08-11,2026-03-21..2026-08-06,baccarat_bet02_101_all_pairs_incl_sentinel,round_win = game_pnl > 0 (decisive only),COMPATIBILITY_ONLY_NOT_PRODUCTION,296357.1217,267511.9505,6650.6079,18220,18206,-0.02244119,-0.04150452,-0.02020951,-0.02244119,-6650.6079,296357.1217,OK,0.0000,266.0243,4.0000,96.0000,AG03-UNRESOLVED,ALL5_LEVELS_bet23_to_bet27,266.0243,266.0243,266.0243,332.5304,332.5304,4.000000,4.000000,4.000000,5.000000,5.000000,96.000000,96.000000,96.000000,95.000000,95.000000,5.0,1463.1337,1340.2688,5187.4742,5310.3391,PENDING_AG03,FALSE,NOT_FOR_ENFORCEMENT,6384.5836,256811.4724,6650.6079,6384.5836,266.0243,0.02244119,0.02154355,266.0243,6384.5836,0.02154355,266.0243,266.0243,266.0243,332.5304,332.5304,6384.5836,0.02154355,1463.1337,1340.2688,5187.4742,5310.3391,0.01750413,0.01791872,0.00089765,16.2655,14.6936,0.3653,59.3804,1.1678,2646.0457,162.5536,12.4780,16.8648,9.0895,16.5695,22.0926,29.825,33.4482,44.5976,11.8163,0.0,2.018664,2.691552,0.981654,30,240,141,4,0.10479828,0.02244119,0.04150452,0E-8,0.000000,0.902668,0.011910,-0.02129501,2026-03-22,2026-08-05,112,5695,2177,137,0.817518,0.739886,0.767145,0.349328,,,,,,,,GLOBAL_BASELINE_NO_ENTITY_RANKING,,,NOT_APPLICABLE_GLOBAL_BASELINE,HF9g-P5,,,,X 全窗基线 · 不参与实体赏罚,14196341,1420,A168_HF9F_20260827_0900,2026-08-27 09:00:00
2026-06-07,110249610,2174,0,48.4298812367,-6.0537351545,-6.0537351545,0.5000000,3,3,0.50665070000000000,0.506650700000,-0.018812684590367487,-0.018812684590367487,-0.018812684590367487,0E-17,ELIGIBLE,R03b_20260811_FULL_v1,L1_ELIGIBILITY,v2026-08-11,2026-03-21..2026-08-06,baccarat_bet02_101_all_pairs_incl_sentinel,round_win = game_pnl > 0 (decisive only),COMPATIBILITY_ONLY_NOT_PRODUCTION,296357.1217,267511.9505,6650.6079,18220,18206,-0.02244119,-0.04150452,-0.02020951,-0.02244119,-6650.6079,296357.1217,OK,0.0000,266.0243,4.0000,96.0000,AG03-UNRESOLVED,ALL5_LEVELS_bet23_to_bet27,266.0243,266.0243,266.0243,332.5304,332.5304,4.000000,4.000000,4.000000,5.000000,5.000000,96.000000,96.000000,96.000000,95.000000,95.000000,5.0,1463.1337,1340.2688,5187.4742,5310.3391,PENDING_AG03,FALSE,NOT_FOR_ENFORCEMENT,6384.5836,256811.4724,6650.6079,6384.5836,266.0243,0.02244119,0.02154355,266.0243,6384.5836,0.02154355,266.0243,266.0243,266.0243,332.5304,332.5304,6384.5836,0.02154355,1463.1337,1340.2688,5187.4742,5310.3391,0.01750413,0.01791872,0.00089765,16.2655,14.6936,0.3653,59.3804,1.1678,2646.0457,162.5536,12.4780,16.8648,9.0895,16.5695,22.0926,29.825,33.4482,44.5976,11.8163,0.0,2.018664,2.691552,0.981654,30,240,141,4,0.10479828,0.02244119,0.04150452,0E-8,0.000000,0.902668,0.011910,-0.02129501,2026-03-22,2026-08-05,112,5695,2177,137,0.817518,0.739886,0.767145,0.349328,,,,,,,,GLOBAL_BASELINE_NO_ENTITY_RANKING,,,NOT_APPLICABLE_GLOBAL_BASELINE,HF9g-P5,,,,X 全窗基线 · 不参与实体赏罚,14196342,1420,A168_HF9F_20260827_0900,2026-08-27 09:00:00
2026-06-07,110249610,2188,0,13.2081494282,-13.2081494282,-13.2081494282,0E-7,2,2,0.49994810000000000,0.499948100000,-1.4140667746232096,-1.4140667746232096,-1.4140667746232096,0E-17,ELIGIBLE,R03b_20260811_FULL_v1,L1_ELIGIBILITY,v2026-08-11,2026-03-21..2026-08-06,baccarat_bet02_101_all_pairs_incl_sentinel,round_win = game_pnl > 0 (decisive only),COMPATIBILITY_ONLY_NOT_PRODUCTION,296357.1217,267511.9505,6650.6079,18220,18206,-0.02244119,-0.04150452,-0.02020951,-0.02244119,-6650.6079,296357.1217,OK,0.0000,266.0243,4.0000,96.0000,AG03-UNRESOLVED,ALL5_LEVELS_bet23_to_bet27,266.0243,266.0243,266.0243,332.5304,332.5304,4.000000,4.000000,4.000000,5.000000,5.000000,96.000000,96.000000,96.000000,95.000000,95.000000,5.0,1463.1337,1340.2688,5187.4742,5310.3391,PENDING_AG03,FALSE,NOT_FOR_ENFORCEMENT,6384.5836,256811.4724,6650.6079,6384.5836,266.0243,0.02244119,0.02154355,266.0243,6384.5836,0.02154355,266.0243,266.0243,266.0243,332.5304,332.5304,6384.5836,0.02154355,1463.1337,1340.2688,5187.4742,5310.3391,0.01750413,0.01791872,0.00089765,16.2655,14.6936,0.3653,59.3804,1.1678,2646.0457,162.5536,12.4780,16.8648,9.0895,16.5695,22.0926,29.825,33.4482,44.5976,11.8163,0.0,2.018664,2.691552,0.981654,30,240,141,4,0.10479828,0.02244119,0.04150452,0E-8,0.000000,0.902668,0.011910,-0.02129501,2026-03-22,2026-08-05,112,5695,2177,137,0.817518,0.739886,0.767145,0.349328,,,,,,,,GLOBAL_BASELINE_NO_ENTITY_RANKING,,,NOT_APPLICABLE_GLOBAL_BASELINE,HF9g-P5,,,,X 全窗基线 · 不参与实体赏罚,14196343,1420,A168_HF9F_20260827_0900,2026-08-27 09:00:00
2026-06-07,110249610,2239,0,18.7115450234,-1.1006791190,-1.1006791190,0.5000000,4,4,0.49659680000000000,0.496596800000,0.013613115331600182,0.013613115331600183,0.013613115331600182,0E-17,ELIGIBLE,R03b_20260811_FULL_v1,L1_ELIGIBILITY,v2026-08-11,2026-03-21..2026-08-06,baccarat_bet02_101_all_pairs_incl_sentinel,round_win = game_pnl > 0 (decisive only),COMPATIBILITY_ONLY_NOT_PRODUCTION,296357.1217,267511.9505,6650.6079,18220,18206,-0.02244119,-0.04150452,-0.02020951,-0.02244119,-6650.6079,296357.1217,OK,0.0000,266.0243,4.0000,96.0000,AG03-UNRESOLVED,ALL5_LEVELS_bet23_to_bet27,266.0243,266.0243,266.0243,332.5304,332.5304,4.000000,4.000000,4.000000,5.000000,5.000000,96.000000,96.000000,96.000000,95.000000,95.000000,5.0,1463.1337,1340.2688,5187.4742,5310.3391,PENDING_AG03,FALSE,NOT_FOR_ENFORCEMENT,6384.5836,256811.4724,6650.6079,6384.5836,266.0243,0.02244119,0.02154355,266.0243,6384.5836,0.02154355,266.0243,266.0243,266.0243,332.5304,332.5304,6384.5836,0.02154355,1463.1337,1340.2688,5187.4742,5310.3391,0.01750413,0.01791872,0.00089765,16.2655,14.6936,0.3653,59.3804,1.1678,2646.0457,162.5536,12.4780,16.8648,9.0895,16.5695,22.0926,29.825,33.4482,44.5976,11.8163,0.0,2.018664,2.691552,0.981654,30,240,141,4,0.10479828,0.02244119,0.04150452,0E-8,0.000000,0.902668,0.011910,-0.02129501,2026-03-22,2026-08-05,112,5695,2177,137,0.817518,0.739886,0.767145,0.349328,,,,,,,,GLOBAL_BASELINE_NO_ENTITY_RANKING,,,NOT_APPLICABLE_GLOBAL_BASELINE,HF9g-P5,,,,X 全窗基线 · 不参与实体赏罚,14196344,1420,A168_HF9F_20260827_0900,2026-08-27 09:00:00
2026-06-07,110249610,2251,0,37.4230900466,-17.6108659043,-17.6108659043,0E-7,6,6,0.49547970000000000,0.495479700000,-1.7164621757993888,-1.7164621757993888,-1.7164621757993888,0E-17,ELIGIBLE,R03b_20260811_FULL_v1,L1_ELIGIBILITY,v2026-08-11,2026-03-21..2026-08-06,baccarat_bet02_101_all_pairs_incl_sentinel,round_win = game_pnl > 0 (decisive only),COMPATIBILITY_ONLY_NOT_PRODUCTION,296357.1217,267511.9505,6650.6079,18220,18206,-0.02244119,-0.04150452,-0.02020951,-0.02244119,-6650.6079,296357.1217,OK,0.0000,266.0243,4.0000,96.0000,AG03-UNRESOLVED,ALL5_LEVELS_bet23_to_bet27,266.0243,266.0243,266.0243,332.5304,332.5304,4.000000,4.000000,4.000000,5.000000,5.000000,96.000000,96.000000,96.000000,95.000000,95.000000,5.0,1463.1337,1340.2688,5187.4742,5310.3391,PENDING_AG03,FALSE,NOT_FOR_ENFORCEMENT,6384.5836,256811.4724,6650.6079,6384.5836,266.0243,0.02244119,0.02154355,266.0243,6384.5836,0.02154355,266.0243,266.0243,266.0243,332.5304,332.5304,6384.5836,0.02154355,1463.1337,1340.2688,5187.4742,5310.3391,0.01750413,0.01791872,0.00089765,16.2655,14.6936,0.3653,59.3804,1.1678,2646.0457,162.5536,12.4780,16.8648,9.0895,16.5695,22.0926,29.825,33.4482,44.5976,11.8163,0.0,2.018664,2.691552,0.981654,30,240,141,4,0.10479828,0.02244119,0.04150452,0E-8,0.000000,0.902668,0.011910,-0.02129501,2026-03-22,2026-08-05,112,5695,2177,137,0.817518,0.739886,0.767145,0.349328,,,,,,,,GLOBAL_BASELINE_NO_ENTITY_RANKING,,,NOT_APPLICABLE_GLOBAL_BASELINE,HF9g-P5,,,,X 全窗基线 · 不参与实体赏罚,14196345,1420,A168_HF9F_20260827_0900,2026-08-27 09:00:00
2026-06-07,110249610,2254,0,19.7021562304,-15.4095076663,-15.4095076663,0.2500000,4,4,0.49994810000000000,0.499948100000,-0.9997924053861017,-0.9997924053861017,-0.9997924053861017,0E-17,ELIGIBLE,R03b_20260811_FULL_v1,L1_ELIGIBILITY,v2026-08-11,2026-03-21..2026-08-06,baccarat_bet02_101_all_pairs_incl_sentinel,round_win = game_pnl > 0 (decisive only),COMPATIBILITY_ONLY_NOT_PRODUCTION,296357.1217,267511.9505,6650.6079,18220,18206,-0.02244119,-0.04150452,-0.02020951,-0.02244119,-6650.6079,296357.1217,OK,0.0000,266.0243,4.0000,96.0000,AG03-UNRESOLVED,ALL5_LEVELS_bet23_to_bet27,266.0243,266.0243,266.0243,332.5304,332.5304,4.000000,4.000000,4.000000,5.000000,5.000000,96.000000,96.000000,96.000000,95.000000,95.000000,5.0,1463.1337,1340.2688,5187.4742,5310.3391,PENDING_AG03,FALSE,NOT_FOR_ENFORCEMENT,6384.5836,256811.4724,6650.6079,6384.5836,266.0243,0.02244119,0.02154355,266.0243,6384.5836,0.02154355,266.0243,266.0243,266.0243,332.5304,332.5304,6384.5836,0.02154355,1463.1337,1340.2688,5187.4742,5310.3391,0.01750413,0.01791872,0.00089765,16.2655,14.6936,0.3653,59.3804,1.1678,2646.0457,162.5536,12.4780,16.8648,9.0895,16.5695,22.0926,29.825,33.4482,44.5976,11.8163,0.0,2.018664,2.691552,0.981654,30,240,141,4,0.10479828,0.02244119,0.04150452,0E-8,0.000000,0.902668,0.011910,-0.02129501,2026-03-22,2026-08-05,112,5695,2177,137,0.817518,0.739886,0.767145,0.349328,,,,,,,,GLOBAL_BASELINE_NO_ENTITY_RANKING,,,NOT_APPLICABLE_GLOBAL_BASELINE,HF9g-P5,,,,X 全窗基线 · 不参与实体赏罚,14196346,1420,A168_HF9F_20260827_0900,2026-08-27 09:00:00
2026-06-07,110249610,2266,0,18.1612054638,-18.1612054638,-18.1612054638,0E-7,1,1,0.50665070000000000,0.506650700000,-1.013391052207602,-1.013391052207602,-1.013391052207602,0E-17,ELIGIBLE,R03b_20260811_FULL_v1,L1_ELIGIBILITY,v2026-08-11,2026-03-21..2026-08-06,baccarat_bet02_101_all_pairs_incl_sentinel,round_win = game_pnl > 0 (decisive only),COMPATIBILITY_ONLY_NOT_PRODUCTION,296357.1217,267511.9505,6650.6079,18220,18206,-0.02244119,-0.04150452,-0.02020951,-0.02244119,-6650.6079,296357.1217,OK,0.0000,266.0243,4.0000,96.0000,AG03-UNRESOLVED,ALL5_LEVELS_bet23_to_bet27,266.0243,266.0243,266.0243,332.5304,332.5304,4.000000,4.000000,4.000000,5.000000,5.000000,96.000000,96.000000,96.000000,95.000000,95.000000,5.0,1463.1337,1340.2688,5187.4742,5310.3391,PENDING_AG03,FALSE,NOT_FOR_ENFORCEMENT,6384.5836,256811.4724,6650.6079,6384.5836,266.0243,0.02244119,0.02154355,266.0243,6384.5836,0.02154355,266.0243,266.0243,266.0243,332.5304,332.5304,6384.5836,0.02154355,1463.1337,1340.2688,5187.4742,5310.3391,0.01750413,0.01791872,0.00089765,16.2655,14.6936,0.3653,59.3804,1.1678,2646.0457,162.5536,12.4780,16.8648,9.0895,16.5695,22.0926,29.825,33.4482,44.5976,11.8163,0.0,2.018664,2.691552,0.981654,30,240,141,4,0.10479828,0.02244119,0.04150452,0E-8,0.000000,0.902668,0.011910,-0.02129501,2026-03-22,2026-08-05,112,5695,2177,137,0.817518,0.739886,0.767145,0.349328,,,,,,,,GLOBAL_BASELINE_NO_ENTITY_RANKING,,,NOT_APPLICABLE_GLOBAL_BASELINE,HF9g-P5,,,,X 全窗基线 · 不参与实体赏罚,14196347,1420,A168_HF9F_20260827_0900,2026-08-27 09:00:00
2026-06-07,110249610,2271,0,5.5033955951,-5.5033955951,-5.5033955951,0E-7,1,1,0.49324550000000000,0.493245500000,-0.9865810262130424,-0.9865810262130424,-0.9865810262130424,0E-17,ELIGIBLE,R03b_20260811_FULL_v1,L1_ELIGIBILITY,v2026-08-11,2026-03-21..2026-08-06,baccarat_bet02_101_all_pairs_incl_sentinel,round_win = game_pnl > 0 (decisive only),COMPATIBILITY_ONLY_NOT_PRODUCTION,296357.1217,267511.9505,6650.6079,18220,18206,-0.02244119,-0.04150452,-0.02020951,-0.02244119,-6650.6079,296357.1217,OK,0.0000,266.0243,4.0000,96.0000,AG03-UNRESOLVED,ALL5_LEVELS_bet23_to_bet27,266.0243,266.0243,266.0243,332.5304,332.5304,4.000000,4.000000,4.000000,5.000000,5.000000,96.000000,96.000000,96.000000,95.000000,95.000000,5.0,1463.1337,1340.2688,5187.4742,5310.3391,PENDING_AG03,FALSE,NOT_FOR_ENFORCEMENT,6384.5836,256811.4724,6650.6079,6384.5836,266.0243,0.02244119,0.02154355,266.0243,6384.5836,0.02154355,266.0243,266.0243,266.0243,332.5304,332.5304,6384.5836,0.02154355,1463.1337,1340.2688,5187.4742,5310.3391,0.01750413,0.01791872,0.00089765,16.2655,14.6936,0.3653,59.3804,1.1678,2646.0457,162.5536,12.4780,16.8648,9.0895,16.5695,22.0926,29.825,33.4482,44.5976,11.8163,0.0,2.018664,2.691552,0.981654,30,240,141,4,0.10479828,0.02244119,0.04150452,0E-8,0.000000,0.902668,0.011910,-0.02129501,2026-03-22,2026-08-05,112,5695,2177,137,0.817518,0.739886,0.767145,0.349328,,,,,,,,GLOBAL_BASELINE_NO_ENTITY_RANKING,,,NOT_APPLICABLE_GLOBAL_BASELINE,HF9g-P5,,,,X 全窗基线 · 不参与实体赏罚,14196348,1420,A168_HF9F_20260827_0900,2026-08-27 09:00:00
2026-06-07,110249610,2280,0,59.1064686912,5.0686273431,5.0686273431,0.6666667,3,3,0.50665070000000000,0.506650700000,0.5543606114942035,0.5543606114942035,0.5543606114942035,0E-17,ELIGIBLE,R03b_20260811_FULL_v1,L1_ELIGIBILITY,v2026-08-11,2026-03-21..2026-08-06,baccarat_bet02_101_all_pairs_incl_sentinel,round_win = game_pnl > 0 (decisive only),COMPATIBILITY_ONLY_NOT_PRODUCTION,296357.1217,267511.9505,6650.6079,18220,18206,-0.02244119,-0.04150452,-0.02020951,-0.02244119,-6650.6079,296357.1217,OK,0.0000,266.0243,4.0000,96.0000,AG03-UNRESOLVED,ALL5_LEVELS_bet23_to_bet27,266.0243,266.0243,266.0243,332.5304,332.5304,4.000000,4.000000,4.000000,5.000000,5.000000,96.000000,96.000000,96.000000,95.000000,95.000000,5.0,1463.1337,1340.2688,5187.4742,5310.3391,PENDING_AG03,FALSE,NOT_FOR_ENFORCEMENT,6384.5836,256811.4724,6650.6079,6384.5836,266.0243,0.02244119,0.02154355,266.0243,6384.5836,0.02154355,266.0243,266.0243,266.0243,332.5304,332.5304,6384.5836,0.02154355,1463.1337,1340.2688,5187.4742,5310.3391,0.01750413,0.01791872,0.00089765,16.2655,14.6936,0.3653,59.3804,1.1678,2646.0457,162.5536,12.4780,16.8648,9.0895,16.5695,22.0926,29.825,33.4482,44.5976,11.8163,0.0,2.018664,2.691552,0.981654,30,240,141,4,0.10479828,0.02244119,0.04150452,0E-8,0.000000,0.902668,0.011910,-0.02129501,2026-03-22,2026-08-05,112,5695,2177,137,0.817518,0.739886,0.767145,0.349328,,,,,,,,GLOBAL_BASELINE_NO_ENTITY_RANKING,,,NOT_APPLICABLE_GLOBAL_BASELINE,HF9g-P5,,,,X 全窗基线 · 不参与实体赏罚,14196349,1420,A168_HF9F_20260827_0900,2026-08-27 09:00:00
2026-06-07,110249610,598,0,33.0203735705,-13.4282852519,-13.4282852519,0.5000000,4,4,0.49994810000000000,0.499948100000,0.00020760000111838688,0.00020760000111838688,0.00020760000111838688,0E-17,ELIGIBLE,R03b_20260811_FULL_v1,L1_ELIGIBILITY,v2026-08-11,2026-03-21..2026-08-06,baccarat_bet02_101_all_pairs_incl_sentinel,round_win = game_pnl > 0 (decisive only),COMPATIBILITY_ONLY_NOT_PRODUCTION,296357.1217,267511.9505,6650.6079,18220,18206,-0.02244119,-0.04150452,-0.02020951,-0.02244119,-6650.6079,296357.1217,OK,0.0000,266.0243,4.0000,96.0000,AG03-UNRESOLVED,ALL5_LEVELS_bet23_to_bet27,266.0243,266.0243,266.0243,332.5304,332.5304,4.000000,4.000000,4.000000,5.000000,5.000000,96.000000,96.000000,96.000000,95.000000,95.000000,5.0,1463.1337,1340.2688,5187.4742,5310.3391,PENDING_AG03,FALSE,NOT_FOR_ENFORCEMENT,6384.5836,256811.4724,6650.6079,6384.5836,266.0243,0.02244119,0.02154355,266.0243,6384.5836,0.02154355,266.0243,266.0243,266.0243,332.5304,332.5304,6384.5836,0.02154355,1463.1337,1340.2688,5187.4742,5310.3391,0.01750413,0.01791872,0.00089765,16.2655,14.6936,0.3653,59.3804,1.1678,2646.0457,162.5536,12.4780,16.8648,9.0895,16.5695,22.0926,29.825,33.4482,44.5976,11.8163,0.0,2.018664,2.691552,0.981654,30,240,141,4,0.10479828,0.02244119,0.04150452,0E-8,0.000000,0.902668,0.011910,-0.02129501,2026-03-22,2026-08-05,112,5695,2177,137,0.817518,0.739886,0.767145,0.349328,,,,,,,,GLOBAL_BASELINE_NO_ENTITY_RANKING,,,NOT_APPLICABLE_GLOBAL_BASELINE,HF9g-P5,,,,X 全窗基线 · 不参与实体赏罚,14196350,1420,A168_HF9F_20260827_0900,2026-08-27 09:00:00
2026-06-07,110249610,772,0,17.6108659043,-17.6108659043,-17.6108659043,0E-7,2,2,0.49324550000000000,0.493245500000,-1.3952362676504506,-1.3952362676504506,-1.3952362676504506,0E-17,ELIGIBLE,R03b_20260811_FULL_v1,L1_ELIGIBILITY,v2026-08-11,2026-03-21..2026-08-06,baccarat_bet02_101_all_pairs_incl_sentinel,round_win = game_pnl > 0 (decisive only),COMPATIBILITY_ONLY_NOT_PRODUCTION,296357.1217,267511.9505,6650.6079,18220,18206,-0.02244119,-0.04150452,-0.02020951,-0.02244119,-6650.6079,296357.1217,OK,0.0000,266.0243,4.0000,96.0000,AG03-UNRESOLVED,ALL5_LEVELS_bet23_to_bet27,266.0243,266.0243,266.0243,332.5304,332.5304,4.000000,4.000000,4.000000,5.000000,5.000000,96.000000,96.000000,96.000000,95.000000,95.000000,5.0,1463.1337,1340.2688,5187.4742,5310.3391,PENDING_AG03,FALSE,NOT_FOR_ENFORCEMENT,6384.5836,256811.4724,6650.6079,6384.5836,266.0243,0.02244119,0.02154355,266.0243,6384.5836,0.02154355,266.0243,266.0243,266.0243,332.5304,332.5304,6384.5836,0.02154355,1463.1337,1340.2688,5187.4742,5310.3391,0.01750413,0.01791872,0.00089765,16.2655,14.6936,0.3653,59.3804,1.1678,2646.0457,162.5536,12.4780,16.8648,9.0895,16.5695,22.0926,29.825,33.4482,44.5976,11.8163,0.0,2.018664,2.691552,0.981654,30,240,141,4,0.10479828,0.02244119,0.04150452,0E-8,0.000000,0.902668,0.011910,-0.02129501,2026-03-22,2026-08-05,112,5695,2177,137,0.817518,0.739886,0.767145,0.349328,,,,,,,,GLOBAL_BASELINE_NO_ENTITY_RANKING,,,NOT_APPLICABLE_GLOBAL_BASELINE,HF9g-P5,,,,X 全窗基线 · 不参与实体赏罚,14196351,1420,A168_HF9F_20260827_0900,2026-08-27 09:00:00
2026-06-07,110249610,948,0,25.4256876494,-5.3933276831,-5.3933276831,0.5000000,5,5,0.49324550000000000,0.493245500000,0.027020465636507562,0.027020465636507562,0.027020465636507562,0E-17,ELIGIBLE,R03b_20260811_FULL_v1,L1_ELIGIBILITY,v2026-08-11,2026-03-21..2026-08-06,baccarat_bet02_101_all_pairs_incl_sentinel,round_win = game_pnl > 0 (decisive only),COMPATIBILITY_ONLY_NOT_PRODUCTION,296357.1217,267511.9505,6650.6079,18220,18206,-0.02244119,-0.04150452,-0.02020951,-0.02244119,-6650.6079,296357.1217,OK,0.0000,266.0243,4.0000,96.0000,AG03-UNRESOLVED,ALL5_LEVELS_bet23_to_bet27,266.0243,266.0243,266.0243,332.5304,332.5304,4.000000,4.000000,4.000000,5.000000,5.000000,96.000000,96.000000,96.000000,95.000000,95.000000,5.0,1463.1337,1340.2688,5187.4742,5310.3391,PENDING_AG03,FALSE,NOT_FOR_ENFORCEMENT,6384.5836,256811.4724,6650.6079,6384.5836,266.0243,0.02244119,0.02154355,266.0243,6384.5836,0.02154355,266.0243,266.0243,266.0243,332.5304,332.5304,6384.5836,0.02154355,1463.1337,1340.2688,5187.4742,5310.3391,0.01750413,0.01791872,0.00089765,16.2655,14.6936,0.3653,59.3804,1.1678,2646.0457,162.5536,12.4780,16.8648,9.0895,16.5695,22.0926,29.825,33.4482,44.5976,11.8163,0.0,2.018664,2.691552,0.981654,30,240,141,4,0.10479828,0.02244119,0.04150452,0E-8,0.000000,0.902668,0.011910,-0.02129501,2026-03-22,2026-08-05,112,5695,2177,137,0.817518,0.739886,0.767145,0.349328,,,,,,,,GLOBAL_BASELINE_NO_ENTITY_RANKING,,,NOT_APPLICABLE_GLOBAL_BASELINE,HF9g-P5,,,,X 全窗基线 · 不参与实体赏罚,14196352,1420,A168_HF9F_20260827_0900,2026-08-27 09:00:00
2026-06-07,110249610,987,0,6.6040747141,6.6040747141,6.6040747141,1.0000000,2,2,0.49324550000000000,0.493245500000,1.4334489766152358,1.4334489766152358,1.4334489766152358,0E-17,ELIGIBLE,R03b_20260811_FULL_v1,L1_ELIGIBILITY,v2026-08-11,2026-03-21..2026-08-06,baccarat_bet02_101_all_pairs_incl_sentinel,round_win = game_pnl > 0 (decisive only),COMPATIBILITY_ONLY_NOT_PRODUCTION,296357.1217,267511.9505,6650.6079,18220,18206,-0.02244119,-0.04150452,-0.02020951,-0.02244119,-6650.6079,296357.1217,OK,0.0000,266.0243,4.0000,96.0000,AG03-UNRESOLVED,ALL5_LEVELS_bet23_to_bet27,266.0243,266.0243,266.0243,332.5304,332.5304,4.000000,4.000000,4.000000,5.000000,5.000000,96.000000,96.000000,96.000000,95.000000,95.000000,5.0,1463.1337,1340.2688,5187.4742,5310.3391,PENDING_AG03,FALSE,NOT_FOR_ENFORCEMENT,6384.5836,256811.4724,6650.6079,6384.5836,266.0243,0.02244119,0.02154355,266.0243,6384.5836,0.02154355,266.0243,266.0243,266.0243,332.5304,332.5304,6384.5836,0.02154355,1463.1337,1340.2688,5187.4742,5310.3391,0.01750413,0.01791872,0.00089765,16.2655,14.6936,0.3653,59.3804,1.1678,2646.0457,162.5536,12.4780,16.8648,9.0895,16.5695,22.0926,29.825,33.4482,44.5976,11.8163,0.0,2.018664,2.691552,0.981654,30,240,141,4,0.10479828,0.02244119,0.04150452,0E-8,0.000000,0.902668,0.011910,-0.02129501,2026-03-22,2026-08-05,112,5695,2177,137,0.817518,0.739886,0.767145,0.349328,,,,,,,,GLOBAL_BASELINE_NO_ENTITY_RANKING,,,NOT_APPLICABLE_GLOBAL_BASELINE,HF9g-P5,,,,X 全窗基线 · 不参与实体赏罚,14196353,1420,A168_HF9F_20260827_0900,2026-08-27 09:00:00
2026-06-08,110249610,-1,1,1165.7292549498,-117.5690400973,-117.5690400973,0.4893617,52,52,0.50149485384615385,0.501494853846,-0.16636213829586252,-0.1663621382937529,-0.16636213829586252,1.5385E-13,SENTINEL_DEALER,R03b_20260811_FULL_v1,L1_ELIGIBILITY,v2026-08-11,2026-03-21..2026-08-06,baccarat_bet02_101_all_pairs_incl_sentinel,round_win = game_pnl > 0 (decisive only),COMPATIBILITY_ONLY_NOT_PRODUCTION,296357.1217,267511.9505,6650.6079,18220,18206,-0.02244119,-0.04150452,-0.02020951,-0.02244119,-6650.6079,296357.1217,OK,0.0000,266.0243,4.0000,96.0000,AG03-UNRESOLVED,ALL5_LEVELS_bet23_to_bet27,266.0243,266.0243,266.0243,332.5304,332.5304,4.000000,4.000000,4.000000,5.000000,5.000000,96.000000,96.000000,96.000000,95.000000,95.000000,5.0,1463.1337,1340.2688,5187.4742,5310.3391,PENDING_AG03,FALSE,NOT_FOR_ENFORCEMENT,6384.5836,256811.4724,6650.6079,6384.5836,266.0243,0.02244119,0.02154355,266.0243,6384.5836,0.02154355,266.0243,266.0243,266.0243,332.5304,332.5304,6384.5836,0.02154355,1463.1337,1340.2688,5187.4742,5310.3391,0.01750413,0.01791872,0.00089765,16.2655,14.6936,0.3653,59.3804,1.1678,2646.0457,162.5536,12.4780,16.8648,9.0895,16.5695,22.0926,29.825,33.4482,44.5976,11.8163,0.0,2.018664,2.691552,0.981654,30,240,141,4,0.10479828,0.02244119,0.04150452,0E-8,0.000000,0.902668,0.011910,-0.02129501,2026-03-22,2026-08-05,112,5695,2177,137,0.817518,0.739886,0.767145,0.349328,,,,,,,,GLOBAL_BASELINE_NO_ENTITY_RANKING,,,NOT_APPLICABLE_GLOBAL_BASELINE,HF9g-P5,,,,X 全窗基线 · 不参与实体赏罚,14196354,1420,A168_HF9F_20260827_0900,2026-08-27 09:00:00
2026-06-08,110249610,1004,0,16.5101867852,-16.5101867852,-16.5101867852,0E-7,1,1,0.49324550000000000,0.493245500000,-0.9865810262130424,-0.9865810262130424,-0.9865810262130424,0E-17,ELIGIBLE,R03b_20260811_FULL_v1,L1_ELIGIBILITY,v2026-08-11,2026-03-21..2026-08-06,baccarat_bet02_101_all_pairs_incl_sentinel,round_win = game_pnl > 0 (decisive only),COMPATIBILITY_ONLY_NOT_PRODUCTION,296357.1217,267511.9505,6650.6079,18220,18206,-0.02244119,-0.04150452,-0.02020951,-0.02244119,-6650.6079,296357.1217,OK,0.0000,266.0243,4.0000,96.0000,AG03-UNRESOLVED,ALL5_LEVELS_bet23_to_bet27,266.0243,266.0243,266.0243,332.5304,332.5304,4.000000,4.000000,4.000000,5.000000,5.000000,96.000000,96.000000,96.000000,95.000000,95.000000,5.0,1463.1337,1340.2688,5187.4742,5310.3391,PENDING_AG03,FALSE,NOT_FOR_ENFORCEMENT,6384.5836,256811.4724,6650.6079,6384.5836,266.0243,0.02244119,0.02154355,266.0243,6384.5836,0.02154355,266.0243,266.0243,266.0243,332.5304,332.5304,6384.5836,0.02154355,1463.1337,1340.2688,5187.4742,5310.3391,0.01750413,0.01791872,0.00089765,16.2655,14.6936,0.3653,59.3804,1.1678,2646.0457,162.5536,12.4780,16.8648,9.0895,16.5695,22.0926,29.825,33.4482,44.5976,11.8163,0.0,2.018664,2.691552,0.981654,30,240,141,4,0.10479828,0.02244119,0.04150452,0E-8,0.000000,0.902668,0.011910,-0.02129501,2026-03-22,2026-08-05,112,5695,2177,137,0.817518,0.739886,0.767145,0.349328,,,,,,,,GLOBAL_BASELINE_NO_ENTITY_RANKING,,,NOT_APPLICABLE_GLOBAL_BASELINE,HF9g-P5,,,,X 全窗基线 · 不参与实体赏罚,14196355,1420,A168_HF9F_20260827_0900,2026-08-27 09:00:00
2026-06-08,110249610,1157,0,16.5101867852,16.5101867852,16.5101867852,1.0000000,1,1,0.49324550000000000,0.493245500000,1.01360149184955,1.01360149184955,1.01360149184955,0E-17,ELIGIBLE,R03b_20260811_FULL_v1,L1_ELIGIBILITY,v2026-08-11,2026-03-21..2026-08-06,baccarat_bet02_101_all_pairs_incl_sentinel,round_win = game_pnl > 0 (decisive only),COMPATIBILITY_ONLY_NOT_PRODUCTION,296357.1217,267511.9505,6650.6079,18220,18206,-0.02244119,-0.04150452,-0.02020951,-0.02244119,-6650.6079,296357.1217,OK,0.0000,266.0243,4.0000,96.0000,AG03-UNRESOLVED,ALL5_LEVELS_bet23_to_bet27,266.0243,266.0243,266.0243,332.5304,332.5304,4.000000,4.000000,4.000000,5.000000,5.000000,96.000000,96.000000,96.000000,95.000000,95.000000,5.0,1463.1337,1340.2688,5187.4742,5310.3391,PENDING_AG03,FALSE,NOT_FOR_ENFORCEMENT,6384.5836,256811.4724,6650.6079,6384.5836,266.0243,0.02244119,0.02154355,266.0243,6384.5836,0.02154355,266.0243,266.0243,266.0243,332.5304,332.5304,6384.5836,0.02154355,1463.1337,1340.2688,5187.4742,5310.3391,0.01750413,0.01791872,0.00089765,16.2655,14.6936,0.3653,59.3804,1.1678,2646.0457,162.5536,12.4780,16.8648,9.0895,16.5695,22.0926,29.825,33.4482,44.5976,11.8163,0.0,2.018664,2.691552,0.981654,30,240,141,4,0.10479828,0.02244119,0.04150452,0E-8,0.000000,0.902668,0.011910,-0.02129501,2026-03-22,2026-08-05,112,5695,2177,137,0.817518,0.739886,0.767145,0.349328,,,,,,,,GLOBAL_BASELINE_NO_ENTITY_RANKING,,,NOT_APPLICABLE_GLOBAL_BASELINE,HF9g-P5,,,,X 全窗基线 · 不参与实体赏罚,14196356,1420,A168_HF9F_20260827_0900,2026-08-27 09:00:00
2026-06-08,110249610,1299,0,55.5842955103,-1.9261884583,-1.9261884583,0.5000000,2,2,0.50665070000000000,0.506650700000,-0.018812684590367487,-0.018812684590367487,-0.018812684590367487,0E-17,ELIGIBLE,R03b_20260811_FULL_v1,L1_ELIGIBILITY,v2026-08-11,2026-03-21..2026-08-06,baccarat_bet02_101_all_pairs_incl_sentinel,round_win = game_pnl > 0 (decisive only),COMPATIBILITY_ONLY_NOT_PRODUCTION,296357.1217,267511.9505,6650.6079,18220,18206,-0.02244119,-0.04150452,-0.02020951,-0.02244119,-6650.6079,296357.1217,OK,0.0000,266.0243,4.0000,96.0000,AG03-UNRESOLVED,ALL5_LEVELS_bet23_to_bet27,266.0243,266.0243,266.0243,332.5304,332.5304,4.000000,4.000000,4.000000,5.000000,5.000000,96.000000,96.000000,96.000000,95.000000,95.000000,5.0,1463.1337,1340.2688,5187.4742,5310.3391,PENDING_AG03,FALSE,NOT_FOR_ENFORCEMENT,6384.5836,256811.4724,6650.6079,6384.5836,266.0243,0.02244119,0.02154355,266.0243,6384.5836,0.02154355,266.0243,266.0243,266.0243,332.5304,332.5304,6384.5836,0.02154355,1463.1337,1340.2688,5187.4742,5310.3391,0.01750413,0.01791872,0.00089765,16.2655,14.6936,0.3653,59.3804,1.1678,2646.0457,162.5536,12.4780,16.8648,9.0895,16.5695,22.0926,29.825,33.4482,44.5976,11.8163,0.0,2.018664,2.691552,0.981654,30,240,141,4,0.10479828,0.02244119,0.04150452,0E-8,0.000000,0.902668,0.011910,-0.02129501,2026-03-22,2026-08-05,112,5695,2177,137,0.817518,0.739886,0.767145,0.349328,,,,,,,,GLOBAL_BASELINE_NO_ENTITY_RANKING,,,NOT_APPLICABLE_GLOBAL_BASELINE,HF9g-P5,,,,X 全窗基线 · 不参与实体赏罚,14196357,1420,A168_HF9F_20260827_0900,2026-08-27 09:00:00
2026-06-08,110249610,1307,0,450.5079634134,55.1825476317,55.1825476317,0.6111111,18,18,0.50441650000000000,0.504416500000,0.9053691163860368,0.9053691163860367,0.9053691163860368,0E-17,ELIGIBLE,R03b_20260811_FULL_v1,L1_ELIGIBILITY,v2026-08-11,2026-03-21..2026-08-06,baccarat_bet02_101_all_pairs_incl_sentinel,round_win = game_pnl > 0 (decisive only),COMPATIBILITY_ONLY_NOT_PRODUCTION,296357.1217,267511.9505,6650.6079,18220,18206,-0.02244119,-0.04150452,-0.02020951,-0.02244119,-6650.6079,296357.1217,OK,0.0000,266.0243,4.0000,96.0000,AG03-UNRESOLVED,ALL5_LEVELS_bet23_to_bet27,266.0243,266.0243,266.0243,332.5304,332.5304,4.000000,4.000000,4.000000,5.000000,5.000000,96.000000,96.000000,96.000000,95.000000,95.000000,5.0,1463.1337,1340.2688,5187.4742,5310.3391,PENDING_AG03,FALSE,NOT_FOR_ENFORCEMENT,6384.5836,256811.4724,6650.6079,6384.5836,266.0243,0.02244119,0.02154355,266.0243,6384.5836,0.02154355,266.0243,266.0243,266.0243,332.5304,332.5304,6384.5836,0.02154355,1463.1337,1340.2688,5187.4742,5310.3391,0.01750413,0.01791872,0.00089765,16.2655,14.6936,0.3653,59.3804,1.1678,2646.0457,162.5536,12.4780,16.8648,9.0895,16.5695,22.0926,29.825,33.4482,44.5976,11.8163,0.0,2.018664,2.691552,0.981654,30,240,141,4,0.10479828,0.02244119,0.04150452,0E-8,0.000000,0.902668,0.011910,-0.02129501,2026-03-22,2026-08-05,112,5695,2177,137,0.817518,0.739886,0.767145,0.349328,,,,,,,,GLOBAL_BASELINE_NO_ENTITY_RANKING,,,NOT_APPLICABLE_GLOBAL_BASELINE,HF9g-P5,,,,X 全窗基线 · 不参与实体赏罚,14196358,1420,A168_HF9F_20260827_0900,2026-08-27 09:00:00
2026-06-08,110249610,1325,0,208.5786930535,5.0356069694,5.0356069694,0.5555556,9,9,0.50665070000000000,0.506650700000,0.2934550945819589,0.2934550945819589,0.2934550945819589,0E-17,ELIGIBLE,R03b_20260811_FULL_v1,L1_ELIGIBILITY,v2026-08-11,2026-03-21..2026-08-06,baccarat_bet02_101_all_pairs_incl_sentinel,round_win = game_pnl > 0 (decisive only),COMPATIBILITY_ONLY_NOT_PRODUCTION,296357.1217,267511.9505,6650.6079,18220,18206,-0.02244119,-0.04150452,-0.02020951,-0.02244119,-6650.6079,296357.1217,OK,0.0000,266.0243,4.0000,96.0000,AG03-UNRESOLVED,ALL5_LEVELS_bet23_to_bet27,266.0243,266.0243,266.0243,332.5304,332.5304,4.000000,4.000000,4.000000,5.000000,5.000000,96.000000,96.000000,96.000000,95.000000,95.000000,5.0,1463.1337,1340.2688,5187.4742,5310.3391,PENDING_AG03,FALSE,NOT_FOR_ENFORCEMENT,6384.5836,256811.4724,6650.6079,6384.5836,266.0243,0.02244119,0.02154355,266.0243,6384.5836,0.02154355,266.0243,266.0243,266.0243,332.5304,332.5304,6384.5836,0.02154355,1463.1337,1340.2688,5187.4742,5310.3391,0.01750413,0.01791872,0.00089765,16.2655,14.6936,0.3653,59.3804,1.1678,2646.0457,162.5536,12.4780,16.8648,9.0895,16.5695,22.0926,29.825,33.4482,44.5976,11.8163,0.0,2.018664,2.691552,0.981654,30,240,141,4,0.10479828,0.02244119,0.04150452,0E-8,0.000000,0.902668,0.011910,-0.02129501,2026-03-22,2026-08-05,112,5695,2177,137,0.817518,0.739886,0.767145,0.349328,,,,,,,,GLOBAL_BASELINE_NO_ENTITY_RANKING,,,NOT_APPLICABLE_GLOBAL_BASELINE,HF9g-P5,,,,X 全窗基线 · 不参与实体赏罚,14196359,1420,A168_HF9F_20260827_0900,2026-08-27 09:00:00
2026-06-08,110249610,1330,0,27.7371137992,-27.7371137992,-27.7371137992,0E-7,2,2,0.49324550000000000,0.493245500000,-1.3952362676504506,-1.3952362676504506,-1.3952362676504506,0E-17,ELIGIBLE,R03b_20260811_FULL_v1,L1_ELIGIBILITY,v2026-08-11,2026-03-21..2026-08-06,baccarat_bet02_101_all_pairs_incl_sentinel,round_win = game_pnl > 0 (decisive only),COMPATIBILITY_ONLY_NOT_PRODUCTION,296357.1217,267511.9505,6650.6079,18220,18206,-0.02244119,-0.04150452,-0.02020951,-0.02244119,-6650.6079,296357.1217,OK,0.0000,266.0243,4.0000,96.0000,AG03-UNRESOLVED,ALL5_LEVELS_bet23_to_bet27,266.0243,266.0243,266.0243,332.5304,332.5304,4.000000,4.000000,4.000000,5.000000,5.000000,96.000000,96.000000,96.000000,95.000000,95.000000,5.0,1463.1337,1340.2688,5187.4742,5310.3391,PENDING_AG03,FALSE,NOT_FOR_ENFORCEMENT,6384.5836,256811.4724,6650.6079,6384.5836,266.0243,0.02244119,0.02154355,266.0243,6384.5836,0.02154355,266.0243,266.0243,266.0243,332.5304,332.5304,6384.5836,0.02154355,1463.1337,1340.2688,5187.4742,5310.3391,0.01750413,0.01791872,0.00089765,16.2655,14.6936,0.3653,59.3804,1.1678,2646.0457,162.5536,12.4780,16.8648,9.0895,16.5695,22.0926,29.825,33.4482,44.5976,11.8163,0.0,2.018664,2.691552,0.981654,30,240,141,4,0.10479828,0.02244119,0.04150452,0E-8,0.000000,0.902668,0.011910,-0.02129501,2026-03-22,2026-08-05,112,5695,2177,137,0.817518,0.739886,0.767145,0.349328,,,,,,,,GLOBAL_BASELINE_NO_ENTITY_RANKING,,,NOT_APPLICABLE_GLOBAL_BASELINE,HF9g-P5,,,,X 全窗基线 · 不参与实体赏罚,14196360,1420,A168_HF9F_20260827_0900,2026-08-27 09:00:00
2026-06-08,110249610,1353,0,54.4836163912,-22.2887521600,-22.2887521600,0.3333333,3,3,0.50665070000000000,0.506650700000,-0.6004420894325239,-0.6004420894325239,-0.6004420894325239,0E-17,ELIGIBLE,R03b_20260811_FULL_v1,L1_ELIGIBILITY,v2026-08-11,2026-03-21..2026-08-06,baccarat_bet02_101_all_pairs_incl_sentinel,round_win = game_pnl > 0 (decisive only),COMPATIBILITY_ONLY_NOT_PRODUCTION,296357.1217,267511.9505,6650.6079,18220,18206,-0.02244119,-0.04150452,-0.02020951,-0.02244119,-6650.6079,296357.1217,OK,0.0000,266.0243,4.0000,96.0000,AG03-UNRESOLVED,ALL5_LEVELS_bet23_to_bet27,266.0243,266.0243,266.0243,332.5304,332.5304,4.000000,4.000000,4.000000,5.000000,5.000000,96.000000,96.000000,96.000000,95.000000,95.000000,5.0,1463.1337,1340.2688,5187.4742,5310.3391,PENDING_AG03,FALSE,NOT_FOR_ENFORCEMENT,6384.5836,256811.4724,6650.6079,6384.5836,266.0243,0.02244119,0.02154355,266.0243,6384.5836,0.02154355,266.0243,266.0243,266.0243,332.5304,332.5304,6384.5836,0.02154355,1463.1337,1340.2688,5187.4742,5310.3391,0.01750413,0.01791872,0.00089765,16.2655,14.6936,0.3653,59.3804,1.1678,2646.0457,162.5536,12.4780,16.8648,9.0895,16.5695,22.0926,29.825,33.4482,44.5976,11.8163,0.0,2.018664,2.691552,0.981654,30,240,141,4,0.10479828,0.02244119,0.04150452,0E-8,0.000000,0.902668,0.011910,-0.02129501,2026-03-22,2026-08-05,112,5695,2177,137,0.817518,0.739886,0.767145,0.349328,,,,,,,,GLOBAL_BASELINE_NO_ENTITY_RANKING,,,NOT_APPLICABLE_GLOBAL_BASELINE,HF9g-P5,,,,X 全窗基线 · 不参与实体赏罚,14196361,1420,A168_HF9F_20260827_0900,2026-08-27 09:00:00
2026-06-08,110249610,1385,0,16.5101867852,15.6846774460,15.6846774460,1.0000000,1,1,0.50665070000000000,0.506650700000,0.9867858985152569,0.9867858985152569,0.9867858985152569,0E-17,ELIGIBLE,R03b_20260811_FULL_v1,L1_ELIGIBILITY,v2026-08-11,2026-03-21..2026-08-06,baccarat_bet02_101_all_pairs_incl_sentinel,round_win = game_pnl > 0 (decisive only),COMPATIBILITY_ONLY_NOT_PRODUCTION,296357.1217,267511.9505,6650.6079,18220,18206,-0.02244119,-0.04150452,-0.02020951,-0.02244119,-6650.6079,296357.1217,OK,0.0000,266.0243,4.0000,96.0000,AG03-UNRESOLVED,ALL5_LEVELS_bet23_to_bet27,266.0243,266.0243,266.0243,332.5304,332.5304,4.000000,4.000000,4.000000,5.000000,5.000000,96.000000,96.000000,96.000000,95.000000,95.000000,5.0,1463.1337,1340.2688,5187.4742,5310.3391,PENDING_AG03,FALSE,NOT_FOR_ENFORCEMENT,6384.5836,256811.4724,6650.6079,6384.5836,266.0243,0.02244119,0.02154355,266.0243,6384.5836,0.02154355,266.0243,266.0243,266.0243,332.5304,332.5304,6384.5836,0.02154355,1463.1337,1340.2688,5187.4742,5310.3391,0.01750413,0.01791872,0.00089765,16.2655,14.6936,0.3653,59.3804,1.1678,2646.0457,162.5536,12.4780,16.8648,9.0895,16.5695,22.0926,29.825,33.4482,44.5976,11.8163,0.0,2.018664,2.691552,0.981654,30,240,141,4,0.10479828,0.02244119,0.04150452,0E-8,0.000000,0.902668,0.011910,-0.02129501,2026-03-22,2026-08-05,112,5695,2177,137,0.817518,0.739886,0.767145,0.349328,,,,,,,,GLOBAL_BASELINE_NO_ENTITY_RANKING,,,NOT_APPLICABLE_GLOBAL_BASELINE,HF9g-P5,,,,X 全窗基线 · 不参与实体赏罚,14196362,1420,A168_HF9F_20260827_0900,2026-08-27 09:00:00
2026-06-08,110249610,1399,0,150.7930393052,-26.0310611647,-26.0310611647,0.3750000,9,9,0.50218230000000000,0.502182300000,-0.7194585869949017,-0.7194585869949017,-0.7194585869949017,0E-17,ELIGIBLE,R03b_20260811_FULL_v1,L1_ELIGIBILITY,v2026-08-11,2026-03-21..2026-08-06,baccarat_bet02_101_all_pairs_incl_sentinel,round_win = game_pnl > 0 (decisive only),COMPATIBILITY_ONLY_NOT_PRODUCTION,296357.1217,267511.9505,6650.6079,18220,18206,-0.02244119,-0.04150452,-0.02020951,-0.02244119,-6650.6079,296357.1217,OK,0.0000,266.0243,4.0000,96.0000,AG03-UNRESOLVED,ALL5_LEVELS_bet23_to_bet27,266.0243,266.0243,266.0243,332.5304,332.5304,4.000000,4.000000,4.000000,5.000000,5.000000,96.000000,96.000000,96.000000,95.000000,95.000000,5.0,1463.1337,1340.2688,5187.4742,5310.3391,PENDING_AG03,FALSE,NOT_FOR_ENFORCEMENT,6384.5836,256811.4724,6650.6079,6384.5836,266.0243,0.02244119,0.02154355,266.0243,6384.5836,0.02154355,266.0243,266.0243,266.0243,332.5304,332.5304,6384.5836,0.02154355,1463.1337,1340.2688,5187.4742,5310.3391,0.01750413,0.01791872,0.00089765,16.2655,14.6936,0.3653,59.3804,1.1678,2646.0457,162.5536,12.4780,16.8648,9.0895,16.5695,22.0926,29.825,33.4482,44.5976,11.8163,0.0,2.018664,2.691552,0.981654,30,240,141,4,0.10479828,0.02244119,0.04150452,0E-8,0.000000,0.902668,0.011910,-0.02129501,2026-03-22,2026-08-05,112,5695,2177,137,0.817518,0.739886,0.767145,0.349328,,,,,,,,GLOBAL_BASELINE_NO_ENTITY_RANKING,,,NOT_APPLICABLE_GLOBAL_BASELINE,HF9g-P5,,,,X 全窗基线 · 不参与实体赏罚,14196363,1420,A168_HF9F_20260827_0900,2026-08-27 09:00:00
2026-06-08,110249610,1505,0,96.8597624734,12.6578098687,12.6578098687,0.6000000,5,5,0.50128862000000000,0.501288620000,0.4414521777673877,0.4414521777673877,0.4414521777673877,0E-17,ELIGIBLE,R03b_20260811_FULL_v1,L1_ELIGIBILITY,v2026-08-11,2026-03-21..2026-08-06,baccarat_bet02_101_all_pairs_incl_sentinel,round_win = game_pnl > 0 (decisive only),COMPATIBILITY_ONLY_NOT_PRODUCTION,296357.1217,267511.9505,6650.6079,18220,18206,-0.02244119,-0.04150452,-0.02020951,-0.02244119,-6650.6079,296357.1217,OK,0.0000,266.0243,4.0000,96.0000,AG03-UNRESOLVED,ALL5_LEVELS_bet23_to_bet27,266.0243,266.0243,266.0243,332.5304,332.5304,4.000000,4.000000,4.000000,5.000000,5.000000,96.000000,96.000000,96.000000,95.000000,95.000000,5.0,1463.1337,1340.2688,5187.4742,5310.3391,PENDING_AG03,FALSE,NOT_FOR_ENFORCEMENT,6384.5836,256811.4724,6650.6079,6384.5836,266.0243,0.02244119,0.02154355,266.0243,6384.5836,0.02154355,266.0243,266.0243,266.0243,332.5304,332.5304,6384.5836,0.02154355,1463.1337,1340.2688,5187.4742,5310.3391,0.01750413,0.01791872,0.00089765,16.2655,14.6936,0.3653,59.3804,1.1678,2646.0457,162.5536,12.4780,16.8648,9.0895,16.5695,22.0926,29.825,33.4482,44.5976,11.8163,0.0,2.018664,2.691552,0.981654,30,240,141,4,0.10479828,0.02244119,0.04150452,0E-8,0.000000,0.902668,0.011910,-0.02129501,2026-03-22,2026-08-05,112,5695,2177,137,0.817518,0.739886,0.767145,0.349328,,,,,,,,GLOBAL_BASELINE_NO_ENTITY_RANKING,,,NOT_APPLICABLE_GLOBAL_BASELINE,HF9g-P5,,,,X 全窗基线 · 不参与实体赏罚,14196364,1420,A168_HF9F_20260827_0900,2026-08-27 09:00:00
2026-06-08,110249610,1509,0,98.5107811518,-1.9261884582,-1.9261884582,0.6000000,5,5,0.50665070000000000,0.506650700000,0.4175076967804994,0.4175076967804994,0.4175076967804994,0E-17,ELIGIBLE,R03b_20260811_FULL_v1,L1_ELIGIBILITY,v2026-08-11,2026-03-21..2026-08-06,baccarat_bet02_101_all_pairs_incl_sentinel,round_win = game_pnl > 0 (decisive only),COMPATIBILITY_ONLY_NOT_PRODUCTION,296357.1217,267511.9505,6650.6079,18220,18206,-0.02244119,-0.04150452,-0.02020951,-0.02244119,-6650.6079,296357.1217,OK,0.0000,266.0243,4.0000,96.0000,AG03-UNRESOLVED,ALL5_LEVELS_bet23_to_bet27,266.0243,266.0243,266.0243,332.5304,332.5304,4.000000,4.000000,4.000000,5.000000,5.000000,96.000000,96.000000,96.000000,95.000000,95.000000,5.0,1463.1337,1340.2688,5187.4742,5310.3391,PENDING_AG03,FALSE,NOT_FOR_ENFORCEMENT,6384.5836,256811.4724,6650.6079,6384.5836,266.0243,0.02244119,0.02154355,266.0243,6384.5836,0.02154355,266.0243,266.0243,266.0243,332.5304,332.5304,6384.5836,0.02154355,1463.1337,1340.2688,5187.4742,5310.3391,0.01750413,0.01791872,0.00089765,16.2655,14.6936,0.3653,59.3804,1.1678,2646.0457,162.5536,12.4780,16.8648,9.0895,16.5695,22.0926,29.825,33.4482,44.5976,11.8163,0.0,2.018664,2.691552,0.981654,30,240,141,4,0.10479828,0.02244119,0.04150452,0E-8,0.000000,0.902668,0.011910,-0.02129501,2026-03-22,2026-08-05,112,5695,2177,137,0.817518,0.739886,0.767145,0.349328,,,,,,,,GLOBAL_BASELINE_NO_ENTITY_RANKING,,,NOT_APPLICABLE_GLOBAL_BASELINE,HF9g-P5,,,,X 全窗基线 · 不参与实体赏罚,14196365,1420,A168_HF9F_20260827_0900,2026-08-27 09:00:00
2026-06-08,110249610,1645,0,33.6807810419,-11.6671986616,-11.6671986616,0E-7,2,2,0.49324550000000000,0.493245500000,-0.9865810262130424,-0.9865810262130424,-0.9865810262130424,0E-17,ELIGIBLE,R03b_20260811_FULL_v1,L1_ELIGIBILITY,v2026-08-11,2026-03-21..2026-08-06,baccarat_bet02_101_all_pairs_incl_sentinel,round_win = game_pnl > 0 (decisive only),COMPATIBILITY_ONLY_NOT_PRODUCTION,296357.1217,267511.9505,6650.6079,18220,18206,-0.02244119,-0.04150452,-0.02020951,-0.02244119,-6650.6079,296357.1217,OK,0.0000,266.0243,4.0000,96.0000,AG03-UNRESOLVED,ALL5_LEVELS_bet23_to_bet27,266.0243,266.0243,266.0243,332.5304,332.5304,4.000000,4.000000,4.000000,5.000000,5.000000,96.000000,96.000000,96.000000,95.000000,95.000000,5.0,1463.1337,1340.2688,5187.4742,5310.3391,PENDING_AG03,FALSE,NOT_FOR_ENFORCEMENT,6384.5836,256811.4724,6650.6079,6384.5836,266.0243,0.02244119,0.02154355,266.0243,6384.5836,0.02154355,266.0243,266.0243,266.0243,332.5304,332.5304,6384.5836,0.02154355,1463.1337,1340.2688,5187.4742,5310.3391,0.01750413,0.01791872,0.00089765,16.2655,14.6936,0.3653,59.3804,1.1678,2646.0457,162.5536,12.4780,16.8648,9.0895,16.5695,22.0926,29.825,33.4482,44.5976,11.8163,0.0,2.018664,2.691552,0.981654,30,240,141,4,0.10479828,0.02244119,0.04150452,0E-8,0.000000,0.902668,0.011910,-0.02129501,2026-03-22,2026-08-05,112,5695,2177,137,0.817518,0.739886,0.767145,0.349328,,,,,,,,GLOBAL_BASELINE_NO_ENTITY_RANKING,,,NOT_APPLICABLE_GLOBAL_BASELINE,HF9g-P5,,,,X 全窗基线 · 不参与实体赏罚,14196366,1420,A168_HF9F_20260827_0900,2026-08-27 09:00:00
2026-06-08,110249610,1654,0,33.0203735705,-33.0203735705,-33.0203735705,0E-7,2,2,0.49324550000000000,0.493245500000,-1.3952362676504506,-1.3952362676504506,-1.3952362676504506,0E-17,ELIGIBLE,R03b_20260811_FULL_v1,L1_ELIGIBILITY,v2026-08-11,2026-03-21..2026-08-06,baccarat_bet02_101_all_pairs_incl_sentinel,round_win = game_pnl > 0 (decisive only),COMPATIBILITY_ONLY_NOT_PRODUCTION,296357.1217,267511.9505,6650.6079,18220,18206,-0.02244119,-0.04150452,-0.02020951,-0.02244119,-6650.6079,296357.1217,OK,0.0000,266.0243,4.0000,96.0000,AG03-UNRESOLVED,ALL5_LEVELS_bet23_to_bet27,266.0243,266.0243,266.0243,332.5304,332.5304,4.000000,4.000000,4.000000,5.000000,5.000000,96.000000,96.000000,96.000000,95.000000,95.000000,5.0,1463.1337,1340.2688,5187.4742,5310.3391,PENDING_AG03,FALSE,NOT_FOR_ENFORCEMENT,6384.5836,256811.4724,6650.6079,6384.5836,266.0243,0.02244119,0.02154355,266.0243,6384.5836,0.02154355,266.0243,266.0243,266.0243,332.5304,332.5304,6384.5836,0.02154355,1463.1337,1340.2688,5187.4742,5310.3391,0.01750413,0.01791872,0.00089765,16.2655,14.6936,0.3653,59.3804,1.1678,2646.0457,162.5536,12.4780,16.8648,9.0895,16.5695,22.0926,29.825,33.4482,44.5976,11.8163,0.0,2.018664,2.691552,0.981654,30,240,141,4,0.10479828,0.02244119,0.04150452,0E-8,0.000000,0.902668,0.011910,-0.02129501,2026-03-22,2026-08-05,112,5695,2177,137,0.817518,0.739886,0.767145,0.349328,,,,,,,,GLOBAL_BASELINE_NO_ENTITY_RANKING,,,NOT_APPLICABLE_GLOBAL_BASELINE,HF9g-P5,,,,X 全窗基线 · 不参与实体赏罚,14196367,1420,A168_HF9F_20260827_0900,2026-08-27 09:00:00
2026-06-08,110249610,1704,0,88.3845332570,-88.3845332570,-88.3845332570,0E-7,5,5,0.50128862000000000,0.501288620000,-2.241838306677593,-2.241838306677593,-2.241838306677593,0E-17,ELIGIBLE,R03b_20260811_FULL_v1,L1_ELIGIBILITY,v2026-08-11,2026-03-21..2026-08-06,baccarat_bet02_101_all_pairs_incl_sentinel,round_win = game_pnl > 0 (decisive only),COMPATIBILITY_ONLY_NOT_PRODUCTION,296357.1217,267511.9505,6650.6079,18220,18206,-0.02244119,-0.04150452,-0.02020951,-0.02244119,-6650.6079,296357.1217,OK,0.0000,266.0243,4.0000,96.0000,AG03-UNRESOLVED,ALL5_LEVELS_bet23_to_bet27,266.0243,266.0243,266.0243,332.5304,332.5304,4.000000,4.000000,4.000000,5.000000,5.000000,96.000000,96.000000,96.000000,95.000000,95.000000,5.0,1463.1337,1340.2688,5187.4742,5310.3391,PENDING_AG03,FALSE,NOT_FOR_ENFORCEMENT,6384.5836,256811.4724,6650.6079,6384.5836,266.0243,0.02244119,0.02154355,266.0243,6384.5836,0.02154355,266.0243,266.0243,266.0243,332.5304,332.5304,6384.5836,0.02154355,1463.1337,1340.2688,5187.4742,5310.3391,0.01750413,0.01791872,0.00089765,16.2655,14.6936,0.3653,59.3804,1.1678,2646.0457,162.5536,12.4780,16.8648,9.0895,16.5695,22.0926,29.825,33.4482,44.5976,11.8163,0.0,2.018664,2.691552,0.981654,30,240,141,4,0.10479828,0.02244119,0.04150452,0E-8,0.000000,0.902668,0.011910,-0.02129501,2026-03-22,2026-08-05,112,5695,2177,137,0.817518,0.739886,0.767145,0.349328,,,,,,,,GLOBAL_BASELINE_NO_ENTITY_RANKING,,,NOT_APPLICABLE_GLOBAL_BASELINE,HF9g-P5,,,,X 全窗基线 · 不参与实体赏罚,14196368,1420,A168_HF9F_20260827_0900,2026-08-27 09:00:00
2026-06-08,110249610,1710,0,55.0339559508,-1.3758488988,-1.3758488988,0.5000000,2,2,0.50665070000000000,0.506650700000,-0.018812684590367487,-0.018812684590367487,-0.018812684590367487,0E-17,ELIGIBLE,R03b_20260811_FULL_v1,L1_ELIGIBILITY,v2026-08-11,2026-03-21..2026-08-06,baccarat_bet02_101_all_pairs_incl_sentinel,round_win = game_pnl > 0 (decisive only),COMPATIBILITY_ONLY_NOT_PRODUCTION,296357.1217,267511.9505,6650.6079,18220,18206,-0.02244119,-0.04150452,-0.02020951,-0.02244119,-6650.6079,296357.1217,OK,0.0000,266.0243,4.0000,96.0000,AG03-UNRESOLVED,ALL5_LEVELS_bet23_to_bet27,266.0243,266.0243,266.0243,332.5304,332.5304,4.000000,4.000000,4.000000,5.000000,5.000000,96.000000,96.000000,96.000000,95.000000,95.000000,5.0,1463.1337,1340.2688,5187.4742,5310.3391,PENDING_AG03,FALSE,NOT_FOR_ENFORCEMENT,6384.5836,256811.4724,6650.6079,6384.5836,266.0243,0.02244119,0.02154355,266.0243,6384.5836,0.02154355,266.0243,266.0243,266.0243,332.5304,332.5304,6384.5836,0.02154355,1463.1337,1340.2688,5187.4742,5310.3391,0.01750413,0.01791872,0.00089765,16.2655,14.6936,0.3653,59.3804,1.1678,2646.0457,162.5536,12.4780,16.8648,9.0895,16.5695,22.0926,29.825,33.4482,44.5976,11.8163,0.0,2.018664,2.691552,0.981654,30,240,141,4,0.10479828,0.02244119,0.04150452,0E-8,0.000000,0.902668,0.011910,-0.02129501,2026-03-22,2026-08-05,112,5695,2177,137,0.817518,0.739886,0.767145,0.349328,,,,,,,,GLOBAL_BASELINE_NO_ENTITY_RANKING,,,NOT_APPLICABLE_GLOBAL_BASELINE,HF9g-P5,,,,X 全窗基线 · 不参与实体赏罚,14196369,1420,A168_HF9F_20260827_0900,2026-08-27 09:00:00
2026-06-08,110249610,1750,0,22.0135823804,20.9129032614,20.9129032614,1.0000000,2,2,0.50665070000000000,0.506650700000,1.3955260008387969,1.3955260008387969,1.3955260008387969,0E-17,ELIGIBLE,R03b_20260811_FULL_v1,L1_ELIGIBILITY,v2026-08-11,2026-03-21..2026-08-06,baccarat_bet02_101_all_pairs_incl_sentinel,round_win = game_pnl > 0 (decisive only),COMPATIBILITY_ONLY_NOT_PRODUCTION,296357.1217,267511.9505,6650.6079,18220,18206,-0.02244119,-0.04150452,-0.02020951,-0.02244119,-6650.6079,296357.1217,OK,0.0000,266.0243,4.0000,96.0000,AG03-UNRESOLVED,ALL5_LEVELS_bet23_to_bet27,266.0243,266.0243,266.0243,332.5304,332.5304,4.000000,4.000000,4.000000,5.000000,5.000000,96.000000,96.000000,96.000000,95.000000,95.000000,5.0,1463.1337,1340.2688,5187.4742,5310.3391,PENDING_AG03,FALSE,NOT_FOR_ENFORCEMENT,6384.5836,256811.4724,6650.6079,6384.5836,266.0243,0.02244119,0.02154355,266.0243,6384.5836,0.02154355,266.0243,266.0243,266.0243,332.5304,332.5304,6384.5836,0.02154355,1463.1337,1340.2688,5187.4742,5310.3391,0.01750413,0.01791872,0.00089765,16.2655,14.6936,0.3653,59.3804,1.1678,2646.0457,162.5536,12.4780,16.8648,9.0895,16.5695,22.0926,29.825,33.4482,44.5976,11.8163,0.0,2.018664,2.691552,0.981654,30,240,141,4,0.10479828,0.02244119,0.04150452,0E-8,0.000000,0.902668,0.011910,-0.02129501,2026-03-22,2026-08-05,112,5695,2177,137,0.817518,0.739886,0.767145,0.349328,,,,,,,,GLOBAL_BASELINE_NO_ENTITY_RANKING,,,NOT_APPLICABLE_GLOBAL_BASELINE,HF9g-P5,,,,X 全窗基线 · 不参与实体赏罚,14196370,1420,A168_HF9F_20260827_0900,2026-08-27 09:00:00
2026-06-08,110249610,1942,0,129.8801360438,-6.6040747140,-6.6040747140,0.5000000,8,8,0.50665070000000000,0.506650700000,-0.032584525537284574,-0.032584525537284574,-0.032584525537284574,0E-17,ELIGIBLE,R03b_20260811_FULL_v1,L1_ELIGIBILITY,v2026-08-11,2026-03-21..2026-08-06,baccarat_bet02_101_all_pairs_incl_sentinel,round_win = game_pnl > 0 (decisive only),COMPATIBILITY_ONLY_NOT_PRODUCTION,296357.1217,267511.9505,6650.6079,18220,18206,-0.02244119,-0.04150452,-0.02020951,-0.02244119,-6650.6079,296357.1217,OK,0.0000,266.0243,4.0000,96.0000,AG03-UNRESOLVED,ALL5_LEVELS_bet23_to_bet27,266.0243,266.0243,266.0243,332.5304,332.5304,4.000000,4.000000,4.000000,5.000000,5.000000,96.000000,96.000000,96.000000,95.000000,95.000000,5.0,1463.1337,1340.2688,5187.4742,5310.3391,PENDING_AG03,FALSE,NOT_FOR_ENFORCEMENT,6384.5836,256811.4724,6650.6079,6384.5836,266.0243,0.02244119,0.02154355,266.0243,6384.5836,0.02154355,266.0243,266.0243,266.0243,332.5304,332.5304,6384.5836,0.02154355,1463.1337,1340.2688,5187.4742,5310.3391,0.01750413,0.01791872,0.00089765,16.2655,14.6936,0.3653,59.3804,1.1678,2646.0457,162.5536,12.4780,16.8648,9.0895,16.5695,22.0926,29.825,33.4482,44.5976,11.8163,0.0,2.018664,2.691552,0.981654,30,240,141,4,0.10479828,0.02244119,0.04150452,0E-8,0.000000,0.902668,0.011910,-0.02129501,2026-03-22,2026-08-05,112,5695,2177,137,0.817518,0.739886,0.767145,0.349328,,,,,,,,GLOBAL_BASELINE_NO_ENTITY_RANKING,,,NOT_APPLICABLE_GLOBAL_BASELINE,HF9g-P5,,,,X 全窗基线 · 不参与实体赏罚,14196371,1420,A168_HF9F_20260827_0900,2026-08-27 09:00:00
2026-06-08,110249610,1947,0,27.5169779754,-27.5169779754,-27.5169779754,0E-7,1,1,0.50665070000000000,0.506650700000,-1.013391052207602,-1.013391052207602,-1.013391052207602,0E-17,ELIGIBLE,R03b_20260811_FULL_v1,L1_ELIGIBILITY,v2026-08-11,2026-03-21..2026-08-06,baccarat_bet02_101_all_pairs_incl_sentinel,round_win = game_pnl > 0 (decisive only),COMPATIBILITY_ONLY_NOT_PRODUCTION,296357.1217,267511.9505,6650.6079,18220,18206,-0.02244119,-0.04150452,-0.02020951,-0.02244119,-6650.6079,296357.1217,OK,0.0000,266.0243,4.0000,96.0000,AG03-UNRESOLVED,ALL5_LEVELS_bet23_to_bet27,266.0243,266.0243,266.0243,332.5304,332.5304,4.000000,4.000000,4.000000,5.000000,5.000000,96.000000,96.000000,96.000000,95.000000,95.000000,5.0,1463.1337,1340.2688,5187.4742,5310.3391,PENDING_AG03,FALSE,NOT_FOR_ENFORCEMENT,6384.5836,256811.4724,6650.6079,6384.5836,266.0243,0.02244119,0.02154355,266.0243,6384.5836,0.02154355,266.0243,266.0243,266.0243,332.5304,332.5304,6384.5836,0.02154355,1463.1337,1340.2688,5187.4742,5310.3391,0.01750413,0.01791872,0.00089765,16.2655,14.6936,0.3653,59.3804,1.1678,2646.0457,162.5536,12.4780,16.8648,9.0895,16.5695,22.0926,29.825,33.4482,44.5976,11.8163,0.0,2.018664,2.691552,0.981654,30,240,141,4,0.10479828,0.02244119,0.04150452,0E-8,0.000000,0.902668,0.011910,-0.02129501,2026-03-22,2026-08-05,112,5695,2177,137,0.817518,0.739886,0.767145,0.349328,,,,,,,,GLOBAL_BASELINE_NO_ENTITY_RANKING,,,NOT_APPLICABLE_GLOBAL_BASELINE,HF9g-P5,,,,X 全窗基线 · 不参与实体赏罚,14196372,1420,A168_HF9F_20260827_0900,2026-08-27 09:00:00
2026-06-08,110249610,1963,0,27.5169779754,27.5169779754,27.5169779754,1.0000000,1,1,0.49324550000000000,0.493245500000,1.01360149184955,1.01360149184955,1.01360149184955,0E-17,ELIGIBLE,R03b_20260811_FULL_v1,L1_ELIGIBILITY,v2026-08-11,2026-03-21..2026-08-06,baccarat_bet02_101_all_pairs_incl_sentinel,round_win = game_pnl > 0 (decisive only),COMPATIBILITY_ONLY_NOT_PRODUCTION,296357.1217,267511.9505,6650.6079,18220,18206,-0.02244119,-0.04150452,-0.02020951,-0.02244119,-6650.6079,296357.1217,OK,0.0000,266.0243,4.0000,96.0000,AG03-UNRESOLVED,ALL5_LEVELS_bet23_to_bet27,266.0243,266.0243,266.0243,332.5304,332.5304,4.000000,4.000000,4.000000,5.000000,5.000000,96.000000,96.000000,96.000000,95.000000,95.000000,5.0,1463.1337,1340.2688,5187.4742,5310.3391,PENDING_AG03,FALSE,NOT_FOR_ENFORCEMENT,6384.5836,256811.4724,6650.6079,6384.5836,266.0243,0.02244119,0.02154355,266.0243,6384.5836,0.02154355,266.0243,266.0243,266.0243,332.5304,332.5304,6384.5836,0.02154355,1463.1337,1340.2688,5187.4742,5310.3391,0.01750413,0.01791872,0.00089765,16.2655,14.6936,0.3653,59.3804,1.1678,2646.0457,162.5536,12.4780,16.8648,9.0895,16.5695,22.0926,29.825,33.4482,44.5976,11.8163,0.0,2.018664,2.691552,0.981654,30,240,141,4,0.10479828,0.02244119,0.04150452,0E-8,0.000000,0.902668,0.011910,-0.02129501,2026-03-22,2026-08-05,112,5695,2177,137,0.817518,0.739886,0.767145,0.349328,,,,,,,,GLOBAL_BASELINE_NO_ENTITY_RANKING,,,NOT_APPLICABLE_GLOBAL_BASELINE,HF9g-P5,,,,X 全窗基线 · 不参与实体赏罚,14196373,1420,A168_HF9F_20260827_0900,2026-08-27 09:00:00
2026-06-08,110249610,1990,0,60.5373515459,-6.8792444939,-6.8792444939,0.5000000,2,2,0.50665070000000000,0.506650700000,-0.018812684590367487,-0.018812684590367487,-0.018812684590367487,0E-17,ELIGIBLE,R03b_20260811_FULL_v1,L1_ELIGIBILITY,v2026-08-11,2026-03-21..2026-08-06,baccarat_bet02_101_all_pairs_incl_sentinel,round_win = game_pnl > 0 (decisive only),COMPATIBILITY_ONLY_NOT_PRODUCTION,296357.1217,267511.9505,6650.6079,18220,18206,-0.02244119,-0.04150452,-0.02020951,-0.02244119,-6650.6079,296357.1217,OK,0.0000,266.0243,4.0000,96.0000,AG03-UNRESOLVED,ALL5_LEVELS_bet23_to_bet27,266.0243,266.0243,266.0243,332.5304,332.5304,4.000000,4.000000,4.000000,5.000000,5.000000,96.000000,96.000000,96.000000,95.000000,95.000000,5.0,1463.1337,1340.2688,5187.4742,5310.3391,PENDING_AG03,FALSE,NOT_FOR_ENFORCEMENT,6384.5836,256811.4724,6650.6079,6384.5836,266.0243,0.02244119,0.02154355,266.0243,6384.5836,0.02154355,266.0243,266.0243,266.0243,332.5304,332.5304,6384.5836,0.02154355,1463.1337,1340.2688,5187.4742,5310.3391,0.01750413,0.01791872,0.00089765,16.2655,14.6936,0.3653,59.3804,1.1678,2646.0457,162.5536,12.4780,16.8648,9.0895,16.5695,22.0926,29.825,33.4482,44.5976,11.8163,0.0,2.018664,2.691552,0.981654,30,240,141,4,0.10479828,0.02244119,0.04150452,0E-8,0.000000,0.902668,0.011910,-0.02129501,2026-03-22,2026-08-05,112,5695,2177,137,0.817518,0.739886,0.767145,0.349328,,,,,,,,GLOBAL_BASELINE_NO_ENTITY_RANKING,,,NOT_APPLICABLE_GLOBAL_BASELINE,HF9g-P5,,,,X 全窗基线 · 不参与实体赏罚,14196374,1420,A168_HF9F_20260827_0900,2026-08-27 09:00:00
2026-06-08,110249610,2066,0,99.0611207116,22.0135823804,22.0135823804,0.7142857,8,8,0.49324550000000000,0.493245500000,1.169741613234378,1.1697416132343783,1.169741613234378,0E-17,ELIGIBLE,R03b_20260811_FULL_v1,L1_ELIGIBILITY,v2026-08-11,2026-03-21..2026-08-06,baccarat_bet02_101_all_pairs_incl_sentinel,round_win = game_pnl > 0 (decisive only),COMPATIBILITY_ONLY_NOT_PRODUCTION,296357.1217,267511.9505,6650.6079,18220,18206,-0.02244119,-0.04150452,-0.02020951,-0.02244119,-6650.6079,296357.1217,OK,0.0000,266.0243,4.0000,96.0000,AG03-UNRESOLVED,ALL5_LEVELS_bet23_to_bet27,266.0243,266.0243,266.0243,332.5304,332.5304,4.000000,4.000000,4.000000,5.000000,5.000000,96.000000,96.000000,96.000000,95.000000,95.000000,5.0,1463.1337,1340.2688,5187.4742,5310.3391,PENDING_AG03,FALSE,NOT_FOR_ENFORCEMENT,6384.5836,256811.4724,6650.6079,6384.5836,266.0243,0.02244119,0.02154355,266.0243,6384.5836,0.02154355,266.0243,266.0243,266.0243,332.5304,332.5304,6384.5836,0.02154355,1463.1337,1340.2688,5187.4742,5310.3391,0.01750413,0.01791872,0.00089765,16.2655,14.6936,0.3653,59.3804,1.1678,2646.0457,162.5536,12.4780,16.8648,9.0895,16.5695,22.0926,29.825,33.4482,44.5976,11.8163,0.0,2.018664,2.691552,0.981654,30,240,141,4,0.10479828,0.02244119,0.04150452,0E-8,0.000000,0.902668,0.011910,-0.02129501,2026-03-22,2026-08-05,112,5695,2177,137,0.817518,0.739886,0.767145,0.349328,,,,,,,,GLOBAL_BASELINE_NO_ENTITY_RANKING,,,NOT_APPLICABLE_GLOBAL_BASELINE,HF9g-P5,,,,X 全窗基线 · 不参与实体赏罚,14196375,1420,A168_HF9F_20260827_0900,2026-08-27 09:00:00
2026-06-08,110249610,2068,0,259.8703399997,28.0673175349,28.0673175349,0.6250000,10,10,0.49324550000000000,0.493245500000,0.7453840200312067,0.7453840200312067,0.7453840200312067,0E-17,ELIGIBLE,R03b_20260811_FULL_v1,L1_ELIGIBILITY,v2026-08-11,2026-03-21..2026-08-06,baccarat_bet02_101_all_pairs_incl_sentinel,round_win = game_pnl > 0 (decisive only),COMPATIBILITY_ONLY_NOT_PRODUCTION,296357.1217,267511.9505,6650.6079,18220,18206,-0.02244119,-0.04150452,-0.02020951,-0.02244119,-6650.6079,296357.1217,OK,0.0000,266.0243,4.0000,96.0000,AG03-UNRESOLVED,ALL5_LEVELS_bet23_to_bet27,266.0243,266.0243,266.0243,332.5304,332.5304,4.000000,4.000000,4.000000,5.000000,5.000000,96.000000,96.000000,96.000000,95.000000,95.000000,5.0,1463.1337,1340.2688,5187.4742,5310.3391,PENDING_AG03,FALSE,NOT_FOR_ENFORCEMENT,6384.5836,256811.4724,6650.6079,6384.5836,266.0243,0.02244119,0.02154355,266.0243,6384.5836,0.02154355,266.0243,266.0243,266.0243,332.5304,332.5304,6384.5836,0.02154355,1463.1337,1340.2688,5187.4742,5310.3391,0.01750413,0.01791872,0.00089765,16.2655,14.6936,0.3653,59.3804,1.1678,2646.0457,162.5536,12.4780,16.8648,9.0895,16.5695,22.0926,29.825,33.4482,44.5976,11.8163,0.0,2.018664,2.691552,0.981654,30,240,141,4,0.10479828,0.02244119,0.04150452,0E-8,0.000000,0.902668,0.011910,-0.02129501,2026-03-22,2026-08-05,112,5695,2177,137,0.817518,0.739886,0.767145,0.349328,,,,,,,,GLOBAL_BASELINE_NO_ENTITY_RANKING,,,NOT_APPLICABLE_GLOBAL_BASELINE,HF9g-P5,,,,X 全窗基线 · 不参与实体赏罚,14196376,1420,A168_HF9F_20260827_0900,2026-08-27 09:00:00
2026-06-08,110249610,2103,0,119.9740239728,-53.9332768318,-53.9332768318,0.3333333,3,3,0.49324550000000000,0.493245500000,-0.5540025479526107,-0.5540025479526106,-0.5540025479526107,0E-17,ELIGIBLE,R03b_20260811_FULL_v1,L1_ELIGIBILITY,v2026-08-11,2026-03-21..2026-08-06,baccarat_bet02_101_all_pairs_incl_sentinel,round_win = game_pnl > 0 (decisive only),COMPATIBILITY_ONLY_NOT_PRODUCTION,296357.1217,267511.9505,6650.6079,18220,18206,-0.02244119,-0.04150452,-0.02020951,-0.02244119,-6650.6079,296357.1217,OK,0.0000,266.0243,4.0000,96.0000,AG03-UNRESOLVED,ALL5_LEVELS_bet23_to_bet27,266.0243,266.0243,266.0243,332.5304,332.5304,4.000000,4.000000,4.000000,5.000000,5.000000,96.000000,96.000000,96.000000,95.000000,95.000000,5.0,1463.1337,1340.2688,5187.4742,5310.3391,PENDING_AG03,FALSE,NOT_FOR_ENFORCEMENT,6384.5836,256811.4724,6650.6079,6384.5836,266.0243,0.02244119,0.02154355,266.0243,6384.5836,0.02154355,266.0243,266.0243,266.0243,332.5304,332.5304,6384.5836,0.02154355,1463.1337,1340.2688,5187.4742,5310.3391,0.01750413,0.01791872,0.00089765,16.2655,14.6936,0.3653,59.3804,1.1678,2646.0457,162.5536,12.4780,16.8648,9.0895,16.5695,22.0926,29.825,33.4482,44.5976,11.8163,0.0,2.018664,2.691552,0.981654,30,240,141,4,0.10479828,0.02244119,0.04150452,0E-8,0.000000,0.902668,0.011910,-0.02129501,2026-03-22,2026-08-05,112,5695,2177,137,0.817518,0.739886,0.767145,0.349328,,,,,,,,GLOBAL_BASELINE_NO_ENTITY_RANKING,,,NOT_APPLICABLE_GLOBAL_BASELINE,HF9g-P5,,,,X 全窗基线 · 不参与实体赏罚,14196377,1420,A168_HF9F_20260827_0900,2026-08-27 09:00:00
2026-06-08,110249610,2106,0,16.5101867852,-16.5101867852,-16.5101867852,0E-7,1,1,0.50665070000000000,0.506650700000,-1.013391052207602,-1.013391052207602,-1.013391052207602,0E-17,ELIGIBLE,R03b_20260811_FULL_v1,L1_ELIGIBILITY,v2026-08-11,2026-03-21..2026-08-06,baccarat_bet02_101_all_pairs_incl_sentinel,round_win = game_pnl > 0 (decisive only),COMPATIBILITY_ONLY_NOT_PRODUCTION,296357.1217,267511.9505,6650.6079,18220,18206,-0.02244119,-0.04150452,-0.02020951,-0.02244119,-6650.6079,296357.1217,OK,0.0000,266.0243,4.0000,96.0000,AG03-UNRESOLVED,ALL5_LEVELS_bet23_to_bet27,266.0243,266.0243,266.0243,332.5304,332.5304,4.000000,4.000000,4.000000,5.000000,5.000000,96.000000,96.000000,96.000000,95.000000,95.000000,5.0,1463.1337,1340.2688,5187.4742,5310.3391,PENDING_AG03,FALSE,NOT_FOR_ENFORCEMENT,6384.5836,256811.4724,6650.6079,6384.5836,266.0243,0.02244119,0.02154355,266.0243,6384.5836,0.02154355,266.0243,266.0243,266.0243,332.5304,332.5304,6384.5836,0.02154355,1463.1337,1340.2688,5187.4742,5310.3391,0.01750413,0.01791872,0.00089765,16.2655,14.6936,0.3653,59.3804,1.1678,2646.0457,162.5536,12.4780,16.8648,9.0895,16.5695,22.0926,29.825,33.4482,44.5976,11.8163,0.0,2.018664,2.691552,0.981654,30,240,141,4,0.10479828,0.02244119,0.04150452,0E-8,0.000000,0.902668,0.011910,-0.02129501,2026-03-22,2026-08-05,112,5695,2177,137,0.817518,0.739886,0.767145,0.349328,,,,,,,,GLOBAL_BASELINE_NO_ENTITY_RANKING,,,NOT_APPLICABLE_GLOBAL_BASELINE,HF9g-P5,,,,X 全窗基线 · 不参与实体赏罚,14196378,1420,A168_HF9F_20260827_0900,2026-08-27 09:00:00
2026-06-08,110249610,2108,0,49.5305603557,-27.5169779754,-27.5169779754,0E-7,2,2,0.50665070000000000,0.506650700000,-1.013391052207602,-1.013391052207602,-1.013391052207602,0E-17,ELIGIBLE,R03b_20260811_FULL_v1,L1_ELIGIBILITY,v2026-08-11,2026-03-21..2026-08-06,baccarat_bet02_101_all_pairs_incl_sentinel,round_win = game_pnl > 0 (decisive only),COMPATIBILITY_ONLY_NOT_PRODUCTION,296357.1217,267511.9505,6650.6079,18220,18206,-0.02244119,-0.04150452,-0.02020951,-0.02244119,-6650.6079,296357.1217,OK,0.0000,266.0243,4.0000,96.0000,AG03-UNRESOLVED,ALL5_LEVELS_bet23_to_bet27,266.0243,266.0243,266.0243,332.5304,332.5304,4.000000,4.000000,4.000000,5.000000,5.000000,96.000000,96.000000,96.000000,95.000000,95.000000,5.0,1463.1337,1340.2688,5187.4742,5310.3391,PENDING_AG03,FALSE,NOT_FOR_ENFORCEMENT,6384.5836,256811.4724,6650.6079,6384.5836,266.0243,0.02244119,0.02154355,266.0243,6384.5836,0.02154355,266.0243,266.0243,266.0243,332.5304,332.5304,6384.5836,0.02154355,1463.1337,1340.2688,5187.4742,5310.3391,0.01750413,0.01791872,0.00089765,16.2655,14.6936,0.3653,59.3804,1.1678,2646.0457,162.5536,12.4780,16.8648,9.0895,16.5695,22.0926,29.825,33.4482,44.5976,11.8163,0.0,2.018664,2.691552,0.981654,30,240,141,4,0.10479828,0.02244119,0.04150452,0E-8,0.000000,0.902668,0.011910,-0.02129501,2026-03-22,2026-08-05,112,5695,2177,137,0.817518,0.739886,0.767145,0.349328,,,,,,,,GLOBAL_BASELINE_NO_ENTITY_RANKING,,,NOT_APPLICABLE_GLOBAL_BASELINE,HF9g-P5,,,,X 全窗基线 · 不参与实体赏罚,14196379,1420,A168_HF9F_20260827_0900,2026-08-27 09:00:00
2026-06-08,110249610,2115,0,60.5373515458,-5.5033955950,-5.5033955950,0.5000000,4,4,0.49324550000000000,0.493245500000,0.027020465636507562,0.027020465636507562,0.027020465636507562,0E-17,ELIGIBLE,R03b_20260811_FULL_v1,L1_ELIGIBILITY,v2026-08-11,2026-03-21..2026-08-06,baccarat_bet02_101_all_pairs_incl_sentinel,round_win = game_pnl > 0 (decisive only),COMPATIBILITY_ONLY_NOT_PRODUCTION,296357.1217,267511.9505,6650.6079,18220,18206,-0.02244119,-0.04150452,-0.02020951,-0.02244119,-6650.6079,296357.1217,OK,0.0000,266.0243,4.0000,96.0000,AG03-UNRESOLVED,ALL5_LEVELS_bet23_to_bet27,266.0243,266.0243,266.0243,332.5304,332.5304,4.000000,4.000000,4.000000,5.000000,5.000000,96.000000,96.000000,96.000000,95.000000,95.000000,5.0,1463.1337,1340.2688,5187.4742,5310.3391,PENDING_AG03,FALSE,NOT_FOR_ENFORCEMENT,6384.5836,256811.4724,6650.6079,6384.5836,266.0243,0.02244119,0.02154355,266.0243,6384.5836,0.02154355,266.0243,266.0243,266.0243,332.5304,332.5304,6384.5836,0.02154355,1463.1337,1340.2688,5187.4742,5310.3391,0.01750413,0.01791872,0.00089765,16.2655,14.6936,0.3653,59.3804,1.1678,2646.0457,162.5536,12.4780,16.8648,9.0895,16.5695,22.0926,29.825,33.4482,44.5976,11.8163,0.0,2.018664,2.691552,0.981654,30,240,141,4,0.10479828,0.02244119,0.04150452,0E-8,0.000000,0.902668,0.011910,-0.02129501,2026-03-22,2026-08-05,112,5695,2177,137,0.817518,0.739886,0.767145,0.349328,,,,,,,,GLOBAL_BASELINE_NO_ENTITY_RANKING,,,NOT_APPLICABLE_GLOBAL_BASELINE,HF9g-P5,,,,X 全窗基线 · 不参与实体赏罚,14196380,1420,A168_HF9F_20260827_0900,2026-08-27 09:00:00
2026-06-08,110249610,2121,0,27.5169779754,-6.0537351545,-6.0537351545,0.5000000,2,2,0.49994810000000000,0.499948100000,0.00014679536856514622,0.00014679536856514622,0.00014679536856514622,0E-17,ELIGIBLE,R03b_20260811_FULL_v1,L1_ELIGIBILITY,v2026-08-11,2026-03-21..2026-08-06,baccarat_bet02_101_all_pairs_incl_sentinel,round_win = game_pnl > 0 (decisive only),COMPATIBILITY_ONLY_NOT_PRODUCTION,296357.1217,267511.9505,6650.6079,18220,18206,-0.02244119,-0.04150452,-0.02020951,-0.02244119,-6650.6079,296357.1217,OK,0.0000,266.0243,4.0000,96.0000,AG03-UNRESOLVED,ALL5_LEVELS_bet23_to_bet27,266.0243,266.0243,266.0243,332.5304,332.5304,4.000000,4.000000,4.000000,5.000000,5.000000,96.000000,96.000000,96.000000,95.000000,95.000000,5.0,1463.1337,1340.2688,5187.4742,5310.3391,PENDING_AG03,FALSE,NOT_FOR_ENFORCEMENT,6384.5836,256811.4724,6650.6079,6384.5836,266.0243,0.02244119,0.02154355,266.0243,6384.5836,0.02154355,266.0243,266.0243,266.0243,332.5304,332.5304,6384.5836,0.02154355,1463.1337,1340.2688,5187.4742,5310.3391,0.01750413,0.01791872,0.00089765,16.2655,14.6936,0.3653,59.3804,1.1678,2646.0457,162.5536,12.4780,16.8648,9.0895,16.5695,22.0926,29.825,33.4482,44.5976,11.8163,0.0,2.018664,2.691552,0.981654,30,240,141,4,0.10479828,0.02244119,0.04150452,0E-8,0.000000,0.902668,0.011910,-0.02129501,2026-03-22,2026-08-05,112,5695,2177,137,0.817518,0.739886,0.767145,0.349328,,,,,,,,GLOBAL_BASELINE_NO_ENTITY_RANKING,,,NOT_APPLICABLE_GLOBAL_BASELINE,HF9g-P5,,,,X 全窗基线 · 不参与实体赏罚,14196381,1420,A168_HF9F_20260827_0900,2026-08-27 09:00:00
2026-06-08,110249610,2123,0,44.0271647608,-12.1074703092,-12.1074703092,0.3333333,4,4,0.49324550000000000,0.493245500000,-0.5540025479526107,-0.5540025479526106,-0.5540025479526107,0E-17,ELIGIBLE,R03b_20260811_FULL_v1,L1_ELIGIBILITY,v2026-08-11,2026-03-21..2026-08-06,baccarat_bet02_101_all_pairs_incl_sentinel,round_win = game_pnl > 0 (decisive only),COMPATIBILITY_ONLY_NOT_PRODUCTION,296357.1217,267511.9505,6650.6079,18220,18206,-0.02244119,-0.04150452,-0.02020951,-0.02244119,-6650.6079,296357.1217,OK,0.0000,266.0243,4.0000,96.0000,AG03-UNRESOLVED,ALL5_LEVELS_bet23_to_bet27,266.0243,266.0243,266.0243,332.5304,332.5304,4.000000,4.000000,4.000000,5.000000,5.000000,96.000000,96.000000,96.000000,95.000000,95.000000,5.0,1463.1337,1340.2688,5187.4742,5310.3391,PENDING_AG03,FALSE,NOT_FOR_ENFORCEMENT,6384.5836,256811.4724,6650.6079,6384.5836,266.0243,0.02244119,0.02154355,266.0243,6384.5836,0.02154355,266.0243,266.0243,266.0243,332.5304,332.5304,6384.5836,0.02154355,1463.1337,1340.2688,5187.4742,5310.3391,0.01750413,0.01791872,0.00089765,16.2655,14.6936,0.3653,59.3804,1.1678,2646.0457,162.5536,12.4780,16.8648,9.0895,16.5695,22.0926,29.825,33.4482,44.5976,11.8163,0.0,2.018664,2.691552,0.981654,30,240,141,4,0.10479828,0.02244119,0.04150452,0E-8,0.000000,0.902668,0.011910,-0.02129501,2026-03-22,2026-08-05,112,5695,2177,137,0.817518,0.739886,0.767145,0.349328,,,,,,,,GLOBAL_BASELINE_NO_ENTITY_RANKING,,,NOT_APPLICABLE_GLOBAL_BASELINE,HF9g-P5,,,,X 全窗基线 · 不参与实体赏罚,14196382,1420,A168_HF9F_20260827_0900,2026-08-27 09:00:00
2026-06-08,110249610,2127,0,292.7806456582,-7.1544142736,-7.1544142736,0.5000000,12,12,0.49547970000000000,0.495479700000,0.028590055806022502,0.028590055806022502,0.028590055806022502,0E-17,ELIGIBLE,R03b_20260811_FULL_v1,L1_ELIGIBILITY,v2026-08-11,2026-03-21..2026-08-06,baccarat_bet02_101_all_pairs_incl_sentinel,round_win = game_pnl > 0 (decisive only),COMPATIBILITY_ONLY_NOT_PRODUCTION,296357.1217,267511.9505,6650.6079,18220,18206,-0.02244119,-0.04150452,-0.02020951,-0.02244119,-6650.6079,296357.1217,OK,0.0000,266.0243,4.0000,96.0000,AG03-UNRESOLVED,ALL5_LEVELS_bet23_to_bet27,266.0243,266.0243,266.0243,332.5304,332.5304,4.000000,4.000000,4.000000,5.000000,5.000000,96.000000,96.000000,96.000000,95.000000,95.000000,5.0,1463.1337,1340.2688,5187.4742,5310.3391,PENDING_AG03,FALSE,NOT_FOR_ENFORCEMENT,6384.5836,256811.4724,6650.6079,6384.5836,266.0243,0.02244119,0.02154355,266.0243,6384.5836,0.02154355,266.0243,266.0243,266.0243,332.5304,332.5304,6384.5836,0.02154355,1463.1337,1340.2688,5187.4742,5310.3391,0.01750413,0.01791872,0.00089765,16.2655,14.6936,0.3653,59.3804,1.1678,2646.0457,162.5536,12.4780,16.8648,9.0895,16.5695,22.0926,29.825,33.4482,44.5976,11.8163,0.0,2.018664,2.691552,0.981654,30,240,141,4,0.10479828,0.02244119,0.04150452,0E-8,0.000000,0.902668,0.011910,-0.02129501,2026-03-22,2026-08-05,112,5695,2177,137,0.817518,0.739886,0.767145,0.349328,,,,,,,,GLOBAL_BASELINE_NO_ENTITY_RANKING,,,NOT_APPLICABLE_GLOBAL_BASELINE,HF9g-P5,,,,X 全窗基线 · 不参与实体赏罚,14196383,1420,A168_HF9F_20260827_0900,2026-08-27 09:00:00
2026-06-08,110249610,2130,0,16.5101867852,0E-10,0E-10,,1,1,0.50665070000000000,0.506650700000,,,,0E-17,NO_DECISIVE_ROUND,R03b_20260811_FULL_v1,L1_ELIGIBILITY,v2026-08-11,2026-03-21..2026-08-06,baccarat_bet02_101_all_pairs_incl_sentinel,round_win = game_pnl > 0 (decisive only),COMPATIBILITY_ONLY_NOT_PRODUCTION,296357.1217,267511.9505,6650.6079,18220,18206,-0.02244119,-0.04150452,-0.02020951,-0.02244119,-6650.6079,296357.1217,OK,0.0000,266.0243,4.0000,96.0000,AG03-UNRESOLVED,ALL5_LEVELS_bet23_to_bet27,266.0243,266.0243,266.0243,332.5304,332.5304,4.000000,4.000000,4.000000,5.000000,5.000000,96.000000,96.000000,96.000000,95.000000,95.000000,5.0,1463.1337,1340.2688,5187.4742,5310.3391,PENDING_AG03,FALSE,NOT_FOR_ENFORCEMENT,6384.5836,256811.4724,6650.6079,6384.5836,266.0243,0.02244119,0.02154355,266.0243,6384.5836,0.02154355,266.0243,266.0243,266.0243,332.5304,332.5304,6384.5836,0.02154355,1463.1337,1340.2688,5187.4742,5310.3391,0.01750413,0.01791872,0.00089765,16.2655,14.6936,0.3653,59.3804,1.1678,2646.0457,162.5536,12.4780,16.8648,9.0895,16.5695,22.0926,29.825,33.4482,44.5976,11.8163,0.0,2.018664,2.691552,0.981654,30,240,141,4,0.10479828,0.02244119,0.04150452,0E-8,0.000000,0.902668,0.011910,-0.02129501,2026-03-22,2026-08-05,112,5695,2177,137,0.817518,0.739886,0.767145,0.349328,,,,,,,,GLOBAL_BASELINE_NO_ENTITY_RANKING,,,NOT_APPLICABLE_GLOBAL_BASELINE,HF9g-P5,,,,X 全窗基线 · 不参与实体赏罚,14196384,1420,A168_HF9F_20260827_0900,2026-08-27 09:00:00
2026-06-08,110249610,2142,0,27.5169779754,-16.5101867852,-16.5101867852,0E-7,2,2,0.49324550000000000,0.493245500000,-0.9865810262130424,-0.9865810262130424,-0.9865810262130424,0E-17,ELIGIBLE,R03b_20260811_FULL_v1,L1_ELIGIBILITY,v2026-08-11,2026-03-21..2026-08-06,baccarat_bet02_101_all_pairs_incl_sentinel,round_win = game_pnl > 0 (decisive only),COMPATIBILITY_ONLY_NOT_PRODUCTION,296357.1217,267511.9505,6650.6079,18220,18206,-0.02244119,-0.04150452,-0.02020951,-0.02244119,-6650.6079,296357.1217,OK,0.0000,266.0243,4.0000,96.0000,AG03-UNRESOLVED,ALL5_LEVELS_bet23_to_bet27,266.0243,266.0243,266.0243,332.5304,332.5304,4.000000,4.000000,4.000000,5.000000,5.000000,96.000000,96.000000,96.000000,95.000000,95.000000,5.0,1463.1337,1340.2688,5187.4742,5310.3391,PENDING_AG03,FALSE,NOT_FOR_ENFORCEMENT,6384.5836,256811.4724,6650.6079,6384.5836,266.0243,0.02244119,0.02154355,266.0243,6384.5836,0.02154355,266.0243,266.0243,266.0243,332.5304,332.5304,6384.5836,0.02154355,1463.1337,1340.2688,5187.4742,5310.3391,0.01750413,0.01791872,0.00089765,16.2655,14.6936,0.3653,59.3804,1.1678,2646.0457,162.5536,12.4780,16.8648,9.0895,16.5695,22.0926,29.825,33.4482,44.5976,11.8163,0.0,2.018664,2.691552,0.981654,30,240,141,4,0.10479828,0.02244119,0.04150452,0E-8,0.000000,0.902668,0.011910,-0.02129501,2026-03-22,2026-08-05,112,5695,2177,137,0.817518,0.739886,0.767145,0.349328,,,,,,,,GLOBAL_BASELINE_NO_ENTITY_RANKING,,,NOT_APPLICABLE_GLOBAL_BASELINE,HF9g-P5,,,,X 全窗基线 · 不参与实体赏罚,14196385,1420,A168_HF9F_20260827_0900,2026-08-27 09:00:00
2026-06-08,110249610,2152,0,137.9150936127,44.3573684963,44.3573684963,0.7500000,5,5,0.49324550000000000,0.493245500000,1.0271117246678039,1.0271117246678039,1.0271117246678039,0E-17,ELIGIBLE,R03b_20260811_FULL_v1,L1_ELIGIBILITY,v2026-08-11,2026-03-21..2026-08-06,baccarat_bet02_101_all_pairs_incl_sentinel,round_win = game_pnl > 0 (decisive only),COMPATIBILITY_ONLY_NOT_PRODUCTION,296357.1217,267511.9505,6650.6079,18220,18206,-0.02244119,-0.04150452,-0.02020951,-0.02244119,-6650.6079,296357.1217,OK,0.0000,266.0243,4.0000,96.0000,AG03-UNRESOLVED,ALL5_LEVELS_bet23_to_bet27,266.0243,266.0243,266.0243,332.5304,332.5304,4.000000,4.000000,4.000000,5.000000,5.000000,96.000000,96.000000,96.000000,95.000000,95.000000,5.0,1463.1337,1340.2688,5187.4742,5310.3391,PENDING_AG03,FALSE,NOT_FOR_ENFORCEMENT,6384.5836,256811.4724,6650.6079,6384.5836,266.0243,0.02244119,0.02154355,266.0243,6384.5836,0.02154355,266.0243,266.0243,266.0243,332.5304,332.5304,6384.5836,0.02154355,1463.1337,1340.2688,5187.4742,5310.3391,0.01750413,0.01791872,0.00089765,16.2655,14.6936,0.3653,59.3804,1.1678,2646.0457,162.5536,12.4780,16.8648,9.0895,16.5695,22.0926,29.825,33.4482,44.5976,11.8163,0.0,2.018664,2.691552,0.981654,30,240,141,4,0.10479828,0.02244119,0.04150452,0E-8,0.000000,0.902668,0.011910,-0.02129501,2026-03-22,2026-08-05,112,5695,2177,137,0.817518,0.739886,0.767145,0.349328,,,,,,,,GLOBAL_BASELINE_NO_ENTITY_RANKING,,,NOT_APPLICABLE_GLOBAL_BASELINE,HF9g-P5,,,,X 全窗基线 · 不参与实体赏罚,14196386,1420,A168_HF9F_20260827_0900,2026-08-27 09:00:00
2026-06-08,110249610,2171,0,93.0073855567,-26.9666384159,-26.9666384159,0.4000000,5,5,0.49592654000000000,0.495926540000,-0.42901076602576227,-0.42901076602576227,-0.42901076602576227,0E-17,ELIGIBLE,R03b_20260811_FULL_v1,L1_ELIGIBILITY,v2026-08-11,2026-03-21..2026-08-06,baccarat_bet02_101_all_pairs_incl_sentinel,round_win = game_pnl > 0 (decisive only),COMPATIBILITY_ONLY_NOT_PRODUCTION,296357.1217,267511.9505,6650.6079,18220,18206,-0.02244119,-0.04150452,-0.02020951,-0.02244119,-6650.6079,296357.1217,OK,0.0000,266.0243,4.0000,96.0000,AG03-UNRESOLVED,ALL5_LEVELS_bet23_to_bet27,266.0243,266.0243,266.0243,332.5304,332.5304,4.000000,4.000000,4.000000,5.000000,5.000000,96.000000,96.000000,96.000000,95.000000,95.000000,5.0,1463.1337,1340.2688,5187.4742,5310.3391,PENDING_AG03,FALSE,NOT_FOR_ENFORCEMENT,6384.5836,256811.4724,6650.6079,6384.5836,266.0243,0.02244119,0.02154355,266.0243,6384.5836,0.02154355,266.0243,266.0243,266.0243,332.5304,332.5304,6384.5836,0.02154355,1463.1337,1340.2688,5187.4742,5310.3391,0.01750413,0.01791872,0.00089765,16.2655,14.6936,0.3653,59.3804,1.1678,2646.0457,162.5536,12.4780,16.8648,9.0895,16.5695,22.0926,29.825,33.4482,44.5976,11.8163,0.0,2.018664,2.691552,0.981654,30,240,141,4,0.10479828,0.02244119,0.04150452,0E-8,0.000000,0.902668,0.011910,-0.02129501,2026-03-22,2026-08-05,112,5695,2177,137,0.817518,0.739886,0.767145,0.349328,,,,,,,,GLOBAL_BASELINE_NO_ENTITY_RANKING,,,NOT_APPLICABLE_GLOBAL_BASELINE,HF9g-P5,,,,X 全窗基线 · 不参与实体赏罚,14196387,1420,A168_HF9F_20260827_0900,2026-08-27 09:00:00
2026-06-08,110249610,2175,0,82.5509339262,-27.5169779754,-27.5169779754,0.3333333,3,3,0.49771390000000000,0.497713900000,-0.5694369385616226,-0.5694369385616226,-0.5694369385616226,0E-17,ELIGIBLE,R03b_20260811_FULL_v1,L1_ELIGIBILITY,v2026-08-11,2026-03-21..2026-08-06,baccarat_bet02_101_all_pairs_incl_sentinel,round_win = game_pnl > 0 (decisive only),COMPATIBILITY_ONLY_NOT_PRODUCTION,296357.1217,267511.9505,6650.6079,18220,18206,-0.02244119,-0.04150452,-0.02020951,-0.02244119,-6650.6079,296357.1217,OK,0.0000,266.0243,4.0000,96.0000,AG03-UNRESOLVED,ALL5_LEVELS_bet23_to_bet27,266.0243,266.0243,266.0243,332.5304,332.5304,4.000000,4.000000,4.000000,5.000000,5.000000,96.000000,96.000000,96.000000,95.000000,95.000000,5.0,1463.1337,1340.2688,5187.4742,5310.3391,PENDING_AG03,FALSE,NOT_FOR_ENFORCEMENT,6384.5836,256811.4724,6650.6079,6384.5836,266.0243,0.02244119,0.02154355,266.0243,6384.5836,0.02154355,266.0243,266.0243,266.0243,332.5304,332.5304,6384.5836,0.02154355,1463.1337,1340.2688,5187.4742,5310.3391,0.01750413,0.01791872,0.00089765,16.2655,14.6936,0.3653,59.3804,1.1678,2646.0457,162.5536,12.4780,16.8648,9.0895,16.5695,22.0926,29.825,33.4482,44.5976,11.8163,0.0,2.018664,2.691552,0.981654,30,240,141,4,0.10479828,0.02244119,0.04150452,0E-8,0.000000,0.902668,0.011910,-0.02129501,2026-03-22,2026-08-05,112,5695,2177,137,0.817518,0.739886,0.767145,0.349328,,,,,,,,GLOBAL_BASELINE_NO_ENTITY_RANKING,,,NOT_APPLICABLE_GLOBAL_BASELINE,HF9g-P5,,,,X 全窗基线 · 不参与实体赏罚,14196388,1420,A168_HF9F_20260827_0900,2026-08-27 09:00:00
2026-06-08,110249610,2188,0,16.8403905210,-11.3369949259,-11.3369949259,0E-7,2,2,0.49994810000000000,0.499948100000,-0.9998962053866608,-0.9998962053866608,-0.9998962053866608,0E-17,ELIGIBLE,R03b_20260811_FULL_v1,L1_ELIGIBILITY,v2026-08-11,2026-03-21..2026-08-06,baccarat_bet02_101_all_pairs_incl_sentinel,round_win = game_pnl > 0 (decisive only),COMPATIBILITY_ONLY_NOT_PRODUCTION,296357.1217,267511.9505,6650.6079,18220,18206,-0.02244119,-0.04150452,-0.02020951,-0.02244119,-6650.6079,296357.1217,OK,0.0000,266.0243,4.0000,96.0000,AG03-UNRESOLVED,ALL5_LEVELS_bet23_to_bet27,266.0243,266.0243,266.0243,332.5304,332.5304,4.000000,4.000000,4.000000,5.000000,5.000000,96.000000,96.000000,96.000000,95.000000,95.000000,5.0,1463.1337,1340.2688,5187.4742,5310.3391,PENDING_AG03,FALSE,NOT_FOR_ENFORCEMENT,6384.5836,256811.4724,6650.6079,6384.5836,266.0243,0.02244119,0.02154355,266.0243,6384.5836,0.02154355,266.0243,266.0243,266.0243,332.5304,332.5304,6384.5836,0.02154355,1463.1337,1340.2688,5187.4742,5310.3391,0.01750413,0.01791872,0.00089765,16.2655,14.6936,0.3653,59.3804,1.1678,2646.0457,162.5536,12.4780,16.8648,9.0895,16.5695,22.0926,29.825,33.4482,44.5976,11.8163,0.0,2.018664,2.691552,0.981654,30,240,141,4,0.10479828,0.02244119,0.04150452,0E-8,0.000000,0.902668,0.011910,-0.02129501,2026-03-22,2026-08-05,112,5695,2177,137,0.817518,0.739886,0.767145,0.349328,,,,,,,,GLOBAL_BASELINE_NO_ENTITY_RANKING,,,NOT_APPLICABLE_GLOBAL_BASELINE,HF9g-P5,,,,X 全窗基线 · 不参与实体赏罚,14196389,1420,A168_HF9F_20260827_0900,2026-08-27 09:00:00
2026-06-08,110249610,2205,0,390.7410872508,219.5304502877,219.5304502877,0.8000000,11,11,0.50055742727272727,0.500557427273,1.8938422934068808,1.8938422934051573,1.8938422934068808,-2.7273E-13,ELIGIBLE,R03b_20260811_FULL_v1,L1_ELIGIBILITY,v2026-08-11,2026-03-21..2026-08-06,baccarat_bet02_101_all_pairs_incl_sentinel,round_win = game_pnl > 0 (decisive only),COMPATIBILITY_ONLY_NOT_PRODUCTION,296357.1217,267511.9505,6650.6079,18220,18206,-0.02244119,-0.04150452,-0.02020951,-0.02244119,-6650.6079,296357.1217,OK,0.0000,266.0243,4.0000,96.0000,AG03-UNRESOLVED,ALL5_LEVELS_bet23_to_bet27,266.0243,266.0243,266.0243,332.5304,332.5304,4.000000,4.000000,4.000000,5.000000,5.000000,96.000000,96.000000,96.000000,95.000000,95.000000,5.0,1463.1337,1340.2688,5187.4742,5310.3391,PENDING_AG03,FALSE,NOT_FOR_ENFORCEMENT,6384.5836,256811.4724,6650.6079,6384.5836,266.0243,0.02244119,0.02154355,266.0243,6384.5836,0.02154355,266.0243,266.0243,266.0243,332.5304,332.5304,6384.5836,0.02154355,1463.1337,1340.2688,5187.4742,5310.3391,0.01750413,0.01791872,0.00089765,16.2655,14.6936,0.3653,59.3804,1.1678,2646.0457,162.5536,12.4780,16.8648,9.0895,16.5695,22.0926,29.825,33.4482,44.5976,11.8163,0.0,2.018664,2.691552,0.981654,30,240,141,4,0.10479828,0.02244119,0.04150452,0E-8,0.000000,0.902668,0.011910,-0.02129501,2026-03-22,2026-08-05,112,5695,2177,137,0.817518,0.739886,0.767145,0.349328,,,,,,,,GLOBAL_BASELINE_NO_ENTITY_RANKING,,,NOT_APPLICABLE_GLOBAL_BASELINE,HF9g-P5,,,,X 全窗基线 · 不参与实体赏罚,14196390,1420,A168_HF9F_20260827_0900,2026-08-27 09:00:00
2026-06-08,110249610,2212,0,55.0339559508,-55.0339559508,-55.0339559508,0E-7,2,2,0.49324550000000000,0.493245500000,-1.3952362676504506,-1.3952362676504506,-1.3952362676504506,0E-17,ELIGIBLE,R03b_20260811_FULL_v1,L1_ELIGIBILITY,v2026-08-11,2026-03-21..2026-08-06,baccarat_bet02_101_all_pairs_incl_sentinel,round_win = game_pnl > 0 (decisive only),COMPATIBILITY_ONLY_NOT_PRODUCTION,296357.1217,267511.9505,6650.6079,18220,18206,-0.02244119,-0.04150452,-0.02020951,-0.02244119,-6650.6079,296357.1217,OK,0.0000,266.0243,4.0000,96.0000,AG03-UNRESOLVED,ALL5_LEVELS_bet23_to_bet27,266.0243,266.0243,266.0243,332.5304,332.5304,4.000000,4.000000,4.000000,5.000000,5.000000,96.000000,96.000000,96.000000,95.000000,95.000000,5.0,1463.1337,1340.2688,5187.4742,5310.3391,PENDING_AG03,FALSE,NOT_FOR_ENFORCEMENT,6384.5836,256811.4724,6650.6079,6384.5836,266.0243,0.02244119,0.02154355,266.0243,6384.5836,0.02154355,266.0243,266.0243,266.0243,332.5304,332.5304,6384.5836,0.02154355,1463.1337,1340.2688,5187.4742,5310.3391,0.01750413,0.01791872,0.00089765,16.2655,14.6936,0.3653,59.3804,1.1678,2646.0457,162.5536,12.4780,16.8648,9.0895,16.5695,22.0926,29.825,33.4482,44.5976,11.8163,0.0,2.018664,2.691552,0.981654,30,240,141,4,0.10479828,0.02244119,0.04150452,0E-8,0.000000,0.902668,0.011910,-0.02129501,2026-03-22,2026-08-05,112,5695,2177,137,0.817518,0.739886,0.767145,0.349328,,,,,,,,GLOBAL_BASELINE_NO_ENTITY_RANKING,,,NOT_APPLICABLE_GLOBAL_BASELINE,HF9g-P5,,,,X 全窗基线 · 不参与实体赏罚,14196391,1420,A168_HF9F_20260827_0900,2026-08-27 09:00:00
2026-06-08,110249610,2222,0,11.0067911902,-11.0067911902,-11.0067911902,0E-7,1,1,0.49324550000000000,0.493245500000,-0.9865810262130424,-0.9865810262130424,-0.9865810262130424,0E-17,ELIGIBLE,R03b_20260811_FULL_v1,L1_ELIGIBILITY,v2026-08-11,2026-03-21..2026-08-06,baccarat_bet02_101_all_pairs_incl_sentinel,round_win = game_pnl > 0 (decisive only),COMPATIBILITY_ONLY_NOT_PRODUCTION,296357.1217,267511.9505,6650.6079,18220,18206,-0.02244119,-0.04150452,-0.02020951,-0.02244119,-6650.6079,296357.1217,OK,0.0000,266.0243,4.0000,96.0000,AG03-UNRESOLVED,ALL5_LEVELS_bet23_to_bet27,266.0243,266.0243,266.0243,332.5304,332.5304,4.000000,4.000000,4.000000,5.000000,5.000000,96.000000,96.000000,96.000000,95.000000,95.000000,5.0,1463.1337,1340.2688,5187.4742,5310.3391,PENDING_AG03,FALSE,NOT_FOR_ENFORCEMENT,6384.5836,256811.4724,6650.6079,6384.5836,266.0243,0.02244119,0.02154355,266.0243,6384.5836,0.02154355,266.0243,266.0243,266.0243,332.5304,332.5304,6384.5836,0.02154355,1463.1337,1340.2688,5187.4742,5310.3391,0.01750413,0.01791872,0.00089765,16.2655,14.6936,0.3653,59.3804,1.1678,2646.0457,162.5536,12.4780,16.8648,9.0895,16.5695,22.0926,29.825,33.4482,44.5976,11.8163,0.0,2.018664,2.691552,0.981654,30,240,141,4,0.10479828,0.02244119,0.04150452,0E-8,0.000000,0.902668,0.011910,-0.02129501,2026-03-22,2026-08-05,112,5695,2177,137,0.817518,0.739886,0.767145,0.349328,,,,,,,,GLOBAL_BASELINE_NO_ENTITY_RANKING,,,NOT_APPLICABLE_GLOBAL_BASELINE,HF9g-P5,,,,X 全窗基线 · 不参与实体赏罚,14196392,1420,A168_HF9F_20260827_0900,2026-08-27 09:00:00
2026-06-08,110249610,2229,0,127.5687098940,50.7908379470,50.7908379470,0.8000000,5,5,0.50665070000000000,0.506650700000,1.3120140225494112,1.3120140225494112,1.3120140225494112,0E-17,ELIGIBLE,R03b_20260811_FULL_v1,L1_ELIGIBILITY,v2026-08-11,2026-03-21..2026-08-06,baccarat_bet02_101_all_pairs_incl_sentinel,round_win = game_pnl > 0 (decisive only),COMPATIBILITY_ONLY_NOT_PRODUCTION,296357.1217,267511.9505,6650.6079,18220,18206,-0.02244119,-0.04150452,-0.02020951,-0.02244119,-6650.6079,296357.1217,OK,0.0000,266.0243,4.0000,96.0000,AG03-UNRESOLVED,ALL5_LEVELS_bet23_to_bet27,266.0243,266.0243,266.0243,332.5304,332.5304,4.000000,4.000000,4.000000,5.000000,5.000000,96.000000,96.000000,96.000000,95.000000,95.000000,5.0,1463.1337,1340.2688,5187.4742,5310.3391,PENDING_AG03,FALSE,NOT_FOR_ENFORCEMENT,6384.5836,256811.4724,6650.6079,6384.5836,266.0243,0.02244119,0.02154355,266.0243,6384.5836,0.02154355,266.0243,266.0243,266.0243,332.5304,332.5304,6384.5836,0.02154355,1463.1337,1340.2688,5187.4742,5310.3391,0.01750413,0.01791872,0.00089765,16.2655,14.6936,0.3653,59.3804,1.1678,2646.0457,162.5536,12.4780,16.8648,9.0895,16.5695,22.0926,29.825,33.4482,44.5976,11.8163,0.0,2.018664,2.691552,0.981654,30,240,141,4,0.10479828,0.02244119,0.04150452,0E-8,0.000000,0.902668,0.011910,-0.02129501,2026-03-22,2026-08-05,112,5695,2177,137,0.817518,0.739886,0.767145,0.349328,,,,,,,,GLOBAL_BASELINE_NO_ENTITY_RANKING,,,NOT_APPLICABLE_GLOBAL_BASELINE,HF9g-P5,,,,X 全窗基线 · 不参与实体赏罚,14196393,1420,A168_HF9F_20260827_0900,2026-08-27 09:00:00
2026-06-08,110249610,2234,0,22.0135823803,-22.0135823803,-22.0135823803,0E-7,1,1,0.50665070000000000,0.506650700000,-1.013391052207602,-1.013391052207602,-1.013391052207602,0E-17,ELIGIBLE,R03b_20260811_FULL_v1,L1_ELIGIBILITY,v2026-08-11,2026-03-21..2026-08-06,baccarat_bet02_101_all_pairs_incl_sentinel,round_win = game_pnl > 0 (decisive only),COMPATIBILITY_ONLY_NOT_PRODUCTION,296357.1217,267511.9505,6650.6079,18220,18206,-0.02244119,-0.04150452,-0.02020951,-0.02244119,-6650.6079,296357.1217,OK,0.0000,266.0243,4.0000,96.0000,AG03-UNRESOLVED,ALL5_LEVELS_bet23_to_bet27,266.0243,266.0243,266.0243,332.5304,332.5304,4.000000,4.000000,4.000000,5.000000,5.000000,96.000000,96.000000,96.000000,95.000000,95.000000,5.0,1463.1337,1340.2688,5187.4742,5310.3391,PENDING_AG03,FALSE,NOT_FOR_ENFORCEMENT,6384.5836,256811.4724,6650.6079,6384.5836,266.0243,0.02244119,0.02154355,266.0243,6384.5836,0.02154355,266.0243,266.0243,266.0243,332.5304,332.5304,6384.5836,0.02154355,1463.1337,1340.2688,5187.4742,5310.3391,0.01750413,0.01791872,0.00089765,16.2655,14.6936,0.3653,59.3804,1.1678,2646.0457,162.5536,12.4780,16.8648,9.0895,16.5695,22.0926,29.825,33.4482,44.5976,11.8163,0.0,2.018664,2.691552,0.981654,30,240,141,4,0.10479828,0.02244119,0.04150452,0E-8,0.000000,0.902668,0.011910,-0.02129501,2026-03-22,2026-08-05,112,5695,2177,137,0.817518,0.739886,0.767145,0.349328,,,,,,,,GLOBAL_BASELINE_NO_ENTITY_RANKING,,,NOT_APPLICABLE_GLOBAL_BASELINE,HF9g-P5,,,,X 全窗基线 · 不参与实体赏罚,14196394,1420,A168_HF9F_20260827_0900,2026-08-27 09:00:00
2026-06-08,110249610,2239,0,85.3026317238,-11.8323005294,-11.8323005294,0.5000000,5,5,0.49860758000000000,0.498607580000,0.005569701597489473,0.005569701597489473,0.005569701597489473,0E-17,ELIGIBLE,R03b_20260811_FULL_v1,L1_ELIGIBILITY,v2026-08-11,2026-03-21..2026-08-06,baccarat_bet02_101_all_pairs_incl_sentinel,round_win = game_pnl > 0 (decisive only),COMPATIBILITY_ONLY_NOT_PRODUCTION,296357.1217,267511.9505,6650.6079,18220,18206,-0.02244119,-0.04150452,-0.02020951,-0.02244119,-6650.6079,296357.1217,OK,0.0000,266.0243,4.0000,96.0000,AG03-UNRESOLVED,ALL5_LEVELS_bet23_to_bet27,266.0243,266.0243,266.0243,332.5304,332.5304,4.000000,4.000000,4.000000,5.000000,5.000000,96.000000,96.000000,96.000000,95.000000,95.000000,5.0,1463.1337,1340.2688,5187.4742,5310.3391,PENDING_AG03,FALSE,NOT_FOR_ENFORCEMENT,6384.5836,256811.4724,6650.6079,6384.5836,266.0243,0.02244119,0.02154355,266.0243,6384.5836,0.02154355,266.0243,266.0243,266.0243,332.5304,332.5304,6384.5836,0.02154355,1463.1337,1340.2688,5187.4742,5310.3391,0.01750413,0.01791872,0.00089765,16.2655,14.6936,0.3653,59.3804,1.1678,2646.0457,162.5536,12.4780,16.8648,9.0895,16.5695,22.0926,29.825,33.4482,44.5976,11.8163,0.0,2.018664,2.691552,0.981654,30,240,141,4,0.10479828,0.02244119,0.04150452,0E-8,0.000000,0.902668,0.011910,-0.02129501,2026-03-22,2026-08-05,112,5695,2177,137,0.817518,0.739886,0.767145,0.349328,,,,,,,,GLOBAL_BASELINE_NO_ENTITY_RANKING,,,NOT_APPLICABLE_GLOBAL_BASELINE,HF9g-P5,,,,X 全窗基线 · 不参与实体赏罚,14196395,1420,A168_HF9F_20260827_0900,2026-08-27 09:00:00
2026-06-08,110249610,2241,0,101.2624789495,36.1022751036,36.1022751036,0.7500000,4,4,0.50665070000000000,0.506650700000,0.9734833216690844,0.9734833216690844,0.9734833216690844,0E-17,ELIGIBLE,R03b_20260811_FULL_v1,L1_ELIGIBILITY,v2026-08-11,2026-03-21..2026-08-06,baccarat_bet02_101_all_pairs_incl_sentinel,round_win = game_pnl > 0 (decisive only),COMPATIBILITY_ONLY_NOT_PRODUCTION,296357.1217,267511.9505,6650.6079,18220,18206,-0.02244119,-0.04150452,-0.02020951,-0.02244119,-6650.6079,296357.1217,OK,0.0000,266.0243,4.0000,96.0000,AG03-UNRESOLVED,ALL5_LEVELS_bet23_to_bet27,266.0243,266.0243,266.0243,332.5304,332.5304,4.000000,4.000000,4.000000,5.000000,5.000000,96.000000,96.000000,96.000000,95.000000,95.000000,5.0,1463.1337,1340.2688,5187.4742,5310.3391,PENDING_AG03,FALSE,NOT_FOR_ENFORCEMENT,6384.5836,256811.4724,6650.6079,6384.5836,266.0243,0.02244119,0.02154355,266.0243,6384.5836,0.02154355,266.0243,266.0243,266.0243,332.5304,332.5304,6384.5836,0.02154355,1463.1337,1340.2688,5187.4742,5310.3391,0.01750413,0.01791872,0.00089765,16.2655,14.6936,0.3653,59.3804,1.1678,2646.0457,162.5536,12.4780,16.8648,9.0895,16.5695,22.0926,29.825,33.4482,44.5976,11.8163,0.0,2.018664,2.691552,0.981654,30,240,141,4,0.10479828,0.02244119,0.04150452,0E-8,0.000000,0.902668,0.011910,-0.02129501,2026-03-22,2026-08-05,112,5695,2177,137,0.817518,0.739886,0.767145,0.349328,,,,,,,,GLOBAL_BASELINE_NO_ENTITY_RANKING,,,NOT_APPLICABLE_GLOBAL_BASELINE,HF9g-P5,,,,X 全窗基线 · 不参与实体赏罚,14196396,1420,A168_HF9F_20260827_0900,2026-08-27 09:00:00
2026-06-08,110249610,2246,0,5.5033955951,0E-10,0E-10,,1,1,0.49324550000000000,0.493245500000,,,,0E-17,NO_DECISIVE_ROUND,R03b_20260811_FULL_v1,L1_ELIGIBILITY,v2026-08-11,2026-03-21..2026-08-06,baccarat_bet02_101_all_pairs_incl_sentinel,round_win = game_pnl > 0 (decisive only),COMPATIBILITY_ONLY_NOT_PRODUCTION,296357.1217,267511.9505,6650.6079,18220,18206,-0.02244119,-0.04150452,-0.02020951,-0.02244119,-6650.6079,296357.1217,OK,0.0000,266.0243,4.0000,96.0000,AG03-UNRESOLVED,ALL5_LEVELS_bet23_to_bet27,266.0243,266.0243,266.0243,332.5304,332.5304,4.000000,4.000000,4.000000,5.000000,5.000000,96.000000,96.000000,96.000000,95.000000,95.000000,5.0,1463.1337,1340.2688,5187.4742,5310.3391,PENDING_AG03,FALSE,NOT_FOR_ENFORCEMENT,6384.5836,256811.4724,6650.6079,6384.5836,266.0243,0.02244119,0.02154355,266.0243,6384.5836,0.02154355,266.0243,266.0243,266.0243,332.5304,332.5304,6384.5836,0.02154355,1463.1337,1340.2688,5187.4742,5310.3391,0.01750413,0.01791872,0.00089765,16.2655,14.6936,0.3653,59.3804,1.1678,2646.0457,162.5536,12.4780,16.8648,9.0895,16.5695,22.0926,29.825,33.4482,44.5976,11.8163,0.0,2.018664,2.691552,0.981654,30,240,141,4,0.10479828,0.02244119,0.04150452,0E-8,0.000000,0.902668,0.011910,-0.02129501,2026-03-22,2026-08-05,112,5695,2177,137,0.817518,0.739886,0.767145,0.349328,,,,,,,,GLOBAL_BASELINE_NO_ENTITY_RANKING,,,NOT_APPLICABLE_GLOBAL_BASELINE,HF9g-P5,,,,X 全窗基线 · 不参与实体赏罚,14196397,1420,A168_HF9F_20260827_0900,2026-08-27 09:00:00
2026-06-08,110249610,2256,0,119.9740239727,-10.6215534984,-10.6215534984,0.5000000,6,6,0.50441650000000000,0.504416500000,-0.01766668920767576,-0.017666689207675765,-0.01766668920767576,0E-17,ELIGIBLE,R03b_20260811_FULL_v1,L1_ELIGIBILITY,v2026-08-11,2026-03-21..2026-08-06,baccarat_bet02_101_all_pairs_incl_sentinel,round_win = game_pnl > 0 (decisive only),COMPATIBILITY_ONLY_NOT_PRODUCTION,296357.1217,267511.9505,6650.6079,18220,18206,-0.02244119,-0.04150452,-0.02020951,-0.02244119,-6650.6079,296357.1217,OK,0.0000,266.0243,4.0000,96.0000,AG03-UNRESOLVED,ALL5_LEVELS_bet23_to_bet27,266.0243,266.0243,266.0243,332.5304,332.5304,4.000000,4.000000,4.000000,5.000000,5.000000,96.000000,96.000000,96.000000,95.000000,95.000000,5.0,1463.1337,1340.2688,5187.4742,5310.3391,PENDING_AG03,FALSE,NOT_FOR_ENFORCEMENT,6384.5836,256811.4724,6650.6079,6384.5836,266.0243,0.02244119,0.02154355,266.0243,6384.5836,0.02154355,266.0243,266.0243,266.0243,332.5304,332.5304,6384.5836,0.02154355,1463.1337,1340.2688,5187.4742,5310.3391,0.01750413,0.01791872,0.00089765,16.2655,14.6936,0.3653,59.3804,1.1678,2646.0457,162.5536,12.4780,16.8648,9.0895,16.5695,22.0926,29.825,33.4482,44.5976,11.8163,0.0,2.018664,2.691552,0.981654,30,240,141,4,0.10479828,0.02244119,0.04150452,0E-8,0.000000,0.902668,0.011910,-0.02129501,2026-03-22,2026-08-05,112,5695,2177,137,0.817518,0.739886,0.767145,0.349328,,,,,,,,GLOBAL_BASELINE_NO_ENTITY_RANKING,,,NOT_APPLICABLE_GLOBAL_BASELINE,HF9g-P5,,,,X 全窗基线 · 不参与实体赏罚,14196398,1420,A168_HF9F_20260827_0900,2026-08-27 09:00:00
2026-06-08,110249610,2258,0,137.5848898770,32.5250679670,32.5250679670,0.5000000,5,5,0.50396966000000000,0.503969660000,-0.0158791404612453,-0.0158791404612453,-0.0158791404612453,0E-17,ELIGIBLE,R03b_20260811_FULL_v1,L1_ELIGIBILITY,v2026-08-11,2026-03-21..2026-08-06,baccarat_bet02_101_all_pairs_incl_sentinel,round_win = game_pnl > 0 (decisive only),COMPATIBILITY_ONLY_NOT_PRODUCTION,296357.1217,267511.9505,6650.6079,18220,18206,-0.02244119,-0.04150452,-0.02020951,-0.02244119,-6650.6079,296357.1217,OK,0.0000,266.0243,4.0000,96.0000,AG03-UNRESOLVED,ALL5_LEVELS_bet23_to_bet27,266.0243,266.0243,266.0243,332.5304,332.5304,4.000000,4.000000,4.000000,5.000000,5.000000,96.000000,96.000000,96.000000,95.000000,95.000000,5.0,1463.1337,1340.2688,5187.4742,5310.3391,PENDING_AG03,FALSE,NOT_FOR_ENFORCEMENT,6384.5836,256811.4724,6650.6079,6384.5836,266.0243,0.02244119,0.02154355,266.0243,6384.5836,0.02154355,266.0243,266.0243,266.0243,332.5304,332.5304,6384.5836,0.02154355,1463.1337,1340.2688,5187.4742,5310.3391,0.01750413,0.01791872,0.00089765,16.2655,14.6936,0.3653,59.3804,1.1678,2646.0457,162.5536,12.4780,16.8648,9.0895,16.5695,22.0926,29.825,33.4482,44.5976,11.8163,0.0,2.018664,2.691552,0.981654,30,240,141,4,0.10479828,0.02244119,0.04150452,0E-8,0.000000,0.902668,0.011910,-0.02129501,2026-03-22,2026-08-05,112,5695,2177,137,0.817518,0.739886,0.767145,0.349328,,,,,,,,GLOBAL_BASELINE_NO_ENTITY_RANKING,,,NOT_APPLICABLE_GLOBAL_BASELINE,HF9g-P5,,,,X 全窗基线 · 不参与实体赏罚,14196399,1420,A168_HF9F_20260827_0900,2026-08-27 09:00:00
2026-06-08,110249610,2261,0,71.5441427361,-71.5441427361,-71.5441427361,0E-7,2,2,0.49994810000000000,0.499948100000,-1.4140667746232096,-1.4140667746232096,-1.4140667746232096,0E-17,ELIGIBLE,R03b_20260811_FULL_v1,L1_ELIGIBILITY,v2026-08-11,2026-03-21..2026-08-06,baccarat_bet02_101_all_pairs_incl_sentinel,round_win = game_pnl > 0 (decisive only),COMPATIBILITY_ONLY_NOT_PRODUCTION,296357.1217,267511.9505,6650.6079,18220,18206,-0.02244119,-0.04150452,-0.02020951,-0.02244119,-6650.6079,296357.1217,OK,0.0000,266.0243,4.0000,96.0000,AG03-UNRESOLVED,ALL5_LEVELS_bet23_to_bet27,266.0243,266.0243,266.0243,332.5304,332.5304,4.000000,4.000000,4.000000,5.000000,5.000000,96.000000,96.000000,96.000000,95.000000,95.000000,5.0,1463.1337,1340.2688,5187.4742,5310.3391,PENDING_AG03,FALSE,NOT_FOR_ENFORCEMENT,6384.5836,256811.4724,6650.6079,6384.5836,266.0243,0.02244119,0.02154355,266.0243,6384.5836,0.02154355,266.0243,266.0243,266.0243,332.5304,332.5304,6384.5836,0.02154355,1463.1337,1340.2688,5187.4742,5310.3391,0.01750413,0.01791872,0.00089765,16.2655,14.6936,0.3653,59.3804,1.1678,2646.0457,162.5536,12.4780,16.8648,9.0895,16.5695,22.0926,29.825,33.4482,44.5976,11.8163,0.0,2.018664,2.691552,0.981654,30,240,141,4,0.10479828,0.02244119,0.04150452,0E-8,0.000000,0.902668,0.011910,-0.02129501,2026-03-22,2026-08-05,112,5695,2177,137,0.817518,0.739886,0.767145,0.349328,,,,,,,,GLOBAL_BASELINE_NO_ENTITY_RANKING,,,NOT_APPLICABLE_GLOBAL_BASELINE,HF9g-P5,,,,X 全窗基线 · 不参与实体赏罚,14196400,1420,A168_HF9F_20260827_0900,2026-08-27 09:00:00
2026-06-08,110249610,2266,0,208.0283534941,-8.8054329521,-8.8054329521,0.5000000,7,7,0.49899058571428571,0.498990585714,0.004945109955477372,0.0049451099568770685,0.004945109955477372,2.8571E-13,ELIGIBLE,R03b_20260811_FULL_v1,L1_ELIGIBILITY,v2026-08-11,2026-03-21..2026-08-06,baccarat_bet02_101_all_pairs_incl_sentinel,round_win = game_pnl > 0 (decisive only),COMPATIBILITY_ONLY_NOT_PRODUCTION,296357.1217,267511.9505,6650.6079,18220,18206,-0.02244119,-0.04150452,-0.02020951,-0.02244119,-6650.6079,296357.1217,OK,0.0000,266.0243,4.0000,96.0000,AG03-UNRESOLVED,ALL5_LEVELS_bet23_to_bet27,266.0243,266.0243,266.0243,332.5304,332.5304,4.000000,4.000000,4.000000,5.000000,5.000000,96.000000,96.000000,96.000000,95.000000,95.000000,5.0,1463.1337,1340.2688,5187.4742,5310.3391,PENDING_AG03,FALSE,NOT_FOR_ENFORCEMENT,6384.5836,256811.4724,6650.6079,6384.5836,266.0243,0.02244119,0.02154355,266.0243,6384.5836,0.02154355,266.0243,266.0243,266.0243,332.5304,332.5304,6384.5836,0.02154355,1463.1337,1340.2688,5187.4742,5310.3391,0.01750413,0.01791872,0.00089765,16.2655,14.6936,0.3653,59.3804,1.1678,2646.0457,162.5536,12.4780,16.8648,9.0895,16.5695,22.0926,29.825,33.4482,44.5976,11.8163,0.0,2.018664,2.691552,0.981654,30,240,141,4,0.10479828,0.02244119,0.04150452,0E-8,0.000000,0.902668,0.011910,-0.02129501,2026-03-22,2026-08-05,112,5695,2177,137,0.817518,0.739886,0.767145,0.349328,,,,,,,,GLOBAL_BASELINE_NO_ENTITY_RANKING,,,NOT_APPLICABLE_GLOBAL_BASELINE,HF9g-P5,,,,X 全窗基线 · 不参与实体赏罚,14196401,1420,A168_HF9F_20260827_0900,2026-08-27 09:00:00
2026-06-08,110249610,2271,0,24.9854160017,23.7361452015,23.7361452015,1.0000000,3,3,0.50665070000000000,0.506650700000,1.7091633124209307,1.7091633124209307,1.7091633124209307,0E-17,ELIGIBLE,R03b_20260811_FULL_v1,L1_ELIGIBILITY,v2026-08-11,2026-03-21..2026-08-06,baccarat_bet02_101_all_pairs_incl_sentinel,round_win = game_pnl > 0 (decisive only),COMPATIBILITY_ONLY_NOT_PRODUCTION,296357.1217,267511.9505,6650.6079,18220,18206,-0.02244119,-0.04150452,-0.02020951,-0.02244119,-6650.6079,296357.1217,OK,0.0000,266.0243,4.0000,96.0000,AG03-UNRESOLVED,ALL5_LEVELS_bet23_to_bet27,266.0243,266.0243,266.0243,332.5304,332.5304,4.000000,4.000000,4.000000,5.000000,5.000000,96.000000,96.000000,96.000000,95.000000,95.000000,5.0,1463.1337,1340.2688,5187.4742,5310.3391,PENDING_AG03,FALSE,NOT_FOR_ENFORCEMENT,6384.5836,256811.4724,6650.6079,6384.5836,266.0243,0.02244119,0.02154355,266.0243,6384.5836,0.02154355,266.0243,266.0243,266.0243,332.5304,332.5304,6384.5836,0.02154355,1463.1337,1340.2688,5187.4742,5310.3391,0.01750413,0.01791872,0.00089765,16.2655,14.6936,0.3653,59.3804,1.1678,2646.0457,162.5536,12.4780,16.8648,9.0895,16.5695,22.0926,29.825,33.4482,44.5976,11.8163,0.0,2.018664,2.691552,0.981654,30,240,141,4,0.10479828,0.02244119,0.04150452,0E-8,0.000000,0.902668,0.011910,-0.02129501,2026-03-22,2026-08-05,112,5695,2177,137,0.817518,0.739886,0.767145,0.349328,,,,,,,,GLOBAL_BASELINE_NO_ENTITY_RANKING,,,NOT_APPLICABLE_GLOBAL_BASELINE,HF9g-P5,,,,X 全窗基线 · 不参与实体赏罚,14196402,1420,A168_HF9F_20260827_0900,2026-08-27 09:00:00
2026-06-08,110249610,2276,0,308.1901533246,85.8529712833,85.8529712833,0.8000000,8,8,0.49659680000000000,0.496596800000,1.3568917903638698,1.3568917903638698,1.3568917903638698,0E-17,ELIGIBLE,R03b_20260811_FULL_v1,L1_ELIGIBILITY,v2026-08-11,2026-03-21..2026-08-06,baccarat_bet02_101_all_pairs_incl_sentinel,round_win = game_pnl > 0 (decisive only),COMPATIBILITY_ONLY_NOT_PRODUCTION,296357.1217,267511.9505,6650.6079,18220,18206,-0.02244119,-0.04150452,-0.02020951,-0.02244119,-6650.6079,296357.1217,OK,0.0000,266.0243,4.0000,96.0000,AG03-UNRESOLVED,ALL5_LEVELS_bet23_to_bet27,266.0243,266.0243,266.0243,332.5304,332.5304,4.000000,4.000000,4.000000,5.000000,5.000000,96.000000,96.000000,96.000000,95.000000,95.000000,5.0,1463.1337,1340.2688,5187.4742,5310.3391,PENDING_AG03,FALSE,NOT_FOR_ENFORCEMENT,6384.5836,256811.4724,6650.6079,6384.5836,266.0243,0.02244119,0.02154355,266.0243,6384.5836,0.02154355,266.0243,266.0243,266.0243,332.5304,332.5304,6384.5836,0.02154355,1463.1337,1340.2688,5187.4742,5310.3391,0.01750413,0.01791872,0.00089765,16.2655,14.6936,0.3653,59.3804,1.1678,2646.0457,162.5536,12.4780,16.8648,9.0895,16.5695,22.0926,29.825,33.4482,44.5976,11.8163,0.0,2.018664,2.691552,0.981654,30,240,141,4,0.10479828,0.02244119,0.04150452,0E-8,0.000000,0.902668,0.011910,-0.02129501,2026-03-22,2026-08-05,112,5695,2177,137,0.817518,0.739886,0.767145,0.349328,,,,,,,,GLOBAL_BASELINE_NO_ENTITY_RANKING,,,NOT_APPLICABLE_GLOBAL_BASELINE,HF9g-P5,,,,X 全窗基线 · 不参与实体赏罚,14196403,1420,A168_HF9F_20260827_0900,2026-08-27 09:00:00
2026-06-08,110249610,529,0,27.5169779754,-27.5169779754,-27.5169779754,0E-7,1,1,0.49324550000000000,0.493245500000,-0.9865810262130424,-0.9865810262130424,-0.9865810262130424,0E-17,ELIGIBLE,R03b_20260811_FULL_v1,L1_ELIGIBILITY,v2026-08-11,2026-03-21..2026-08-06,baccarat_bet02_101_all_pairs_incl_sentinel,round_win = game_pnl > 0 (decisive only),COMPATIBILITY_ONLY_NOT_PRODUCTION,296357.1217,267511.9505,6650.6079,18220,18206,-0.02244119,-0.04150452,-0.02020951,-0.02244119,-6650.6079,296357.1217,OK,0.0000,266.0243,4.0000,96.0000,AG03-UNRESOLVED,ALL5_LEVELS_bet23_to_bet27,266.0243,266.0243,266.0243,332.5304,332.5304,4.000000,4.000000,4.000000,5.000000,5.000000,96.000000,96.000000,96.000000,95.000000,95.000000,5.0,1463.1337,1340.2688,5187.4742,5310.3391,PENDING_AG03,FALSE,NOT_FOR_ENFORCEMENT,6384.5836,256811.4724,6650.6079,6384.5836,266.0243,0.02244119,0.02154355,266.0243,6384.5836,0.02154355,266.0243,266.0243,266.0243,332.5304,332.5304,6384.5836,0.02154355,1463.1337,1340.2688,5187.4742,5310.3391,0.01750413,0.01791872,0.00089765,16.2655,14.6936,0.3653,59.3804,1.1678,2646.0457,162.5536,12.4780,16.8648,9.0895,16.5695,22.0926,29.825,33.4482,44.5976,11.8163,0.0,2.018664,2.691552,0.981654,30,240,141,4,0.10479828,0.02244119,0.04150452,0E-8,0.000000,0.902668,0.011910,-0.02129501,2026-03-22,2026-08-05,112,5695,2177,137,0.817518,0.739886,0.767145,0.349328,,,,,,,,GLOBAL_BASELINE_NO_ENTITY_RANKING,,,NOT_APPLICABLE_GLOBAL_BASELINE,HF9g-P5,,,,X 全窗基线 · 不参与实体赏罚,14196404,1420,A168_HF9F_20260827_0900,2026-08-27 09:00:00
2026-06-08,110249610,595,0,27.5169779754,26.1411290766,26.1411290766,1.0000000,1,1,0.50665070000000000,0.506650700000,0.9867858985152569,0.9867858985152569,0.9867858985152569,0E-17,ELIGIBLE,R03b_20260811_FULL_v1,L1_ELIGIBILITY,v2026-08-11,2026-03-21..2026-08-06,baccarat_bet02_101_all_pairs_incl_sentinel,round_win = game_pnl > 0 (decisive only),COMPATIBILITY_ONLY_NOT_PRODUCTION,296357.1217,267511.9505,6650.6079,18220,18206,-0.02244119,-0.04150452,-0.02020951,-0.02244119,-6650.6079,296357.1217,OK,0.0000,266.0243,4.0000,96.0000,AG03-UNRESOLVED,ALL5_LEVELS_bet23_to_bet27,266.0243,266.0243,266.0243,332.5304,332.5304,4.000000,4.000000,4.000000,5.000000,5.000000,96.000000,96.000000,96.000000,95.000000,95.000000,5.0,1463.1337,1340.2688,5187.4742,5310.3391,PENDING_AG03,FALSE,NOT_FOR_ENFORCEMENT,6384.5836,256811.4724,6650.6079,6384.5836,266.0243,0.02244119,0.02154355,266.0243,6384.5836,0.02154355,266.0243,266.0243,266.0243,332.5304,332.5304,6384.5836,0.02154355,1463.1337,1340.2688,5187.4742,5310.3391,0.01750413,0.01791872,0.00089765,16.2655,14.6936,0.3653,59.3804,1.1678,2646.0457,162.5536,12.4780,16.8648,9.0895,16.5695,22.0926,29.825,33.4482,44.5976,11.8163,0.0,2.018664,2.691552,0.981654,30,240,141,4,0.10479828,0.02244119,0.04150452,0E-8,0.000000,0.902668,0.011910,-0.02129501,2026-03-22,2026-08-05,112,5695,2177,137,0.817518,0.739886,0.767145,0.349328,,,,,,,,GLOBAL_BASELINE_NO_ENTITY_RANKING,,,NOT_APPLICABLE_GLOBAL_BASELINE,HF9g-P5,,,,X 全窗基线 · 不参与实体赏罚,14196405,1420,A168_HF9F_20260827_0900,2026-08-27 09:00:00
2026-06-08,110249610,789,0,31.9196944515,9.9061120711,9.9061120711,0.6666667,3,3,0.49771390000000000,0.497713900000,0.5852756695216578,0.5852756695216578,0.5852756695216578,0E-17,ELIGIBLE,R03b_20260811_FULL_v1,L1_ELIGIBILITY,v2026-08-11,2026-03-21..2026-08-06,baccarat_bet02_101_all_pairs_incl_sentinel,round_win = game_pnl > 0 (decisive only),COMPATIBILITY_ONLY_NOT_PRODUCTION,296357.1217,267511.9505,6650.6079,18220,18206,-0.02244119,-0.04150452,-0.02020951,-0.02244119,-6650.6079,296357.1217,OK,0.0000,266.0243,4.0000,96.0000,AG03-UNRESOLVED,ALL5_LEVELS_bet23_to_bet27,266.0243,266.0243,266.0243,332.5304,332.5304,4.000000,4.000000,4.000000,5.000000,5.000000,96.000000,96.000000,96.000000,95.000000,95.000000,5.0,1463.1337,1340.2688,5187.4742,5310.3391,PENDING_AG03,FALSE,NOT_FOR_ENFORCEMENT,6384.5836,256811.4724,6650.6079,6384.5836,266.0243,0.02244119,0.02154355,266.0243,6384.5836,0.02154355,266.0243,266.0243,266.0243,332.5304,332.5304,6384.5836,0.02154355,1463.1337,1340.2688,5187.4742,5310.3391,0.01750413,0.01791872,0.00089765,16.2655,14.6936,0.3653,59.3804,1.1678,2646.0457,162.5536,12.4780,16.8648,9.0895,16.5695,22.0926,29.825,33.4482,44.5976,11.8163,0.0,2.018664,2.691552,0.981654,30,240,141,4,0.10479828,0.02244119,0.04150452,0E-8,0.000000,0.902668,0.011910,-0.02129501,2026-03-22,2026-08-05,112,5695,2177,137,0.817518,0.739886,0.767145,0.349328,,,,,,,,GLOBAL_BASELINE_NO_ENTITY_RANKING,,,NOT_APPLICABLE_GLOBAL_BASELINE,HF9g-P5,,,,X 全窗基线 · 不参与实体赏罚,14196406,1420,A168_HF9F_20260827_0900,2026-08-27 09:00:00
2026-06-08,110249610,948,0,25.3156197374,-25.3156197374,-25.3156197374,0E-7,2,2,0.49994810000000000,0.499948100000,-1.4140667746232096,-1.4140667746232096,-1.4140667746232096,0E-17,ELIGIBLE,R03b_20260811_FULL_v1,L1_ELIGIBILITY,v2026-08-11,2026-03-21..2026-08-06,baccarat_bet02_101_all_pairs_incl_sentinel,round_win = game_pnl > 0 (decisive only),COMPATIBILITY_ONLY_NOT_PRODUCTION,296357.1217,267511.9505,6650.6079,18220,18206,-0.02244119,-0.04150452,-0.02020951,-0.02244119,-6650.6079,296357.1217,OK,0.0000,266.0243,4.0000,96.0000,AG03-UNRESOLVED,ALL5_LEVELS_bet23_to_bet27,266.0243,266.0243,266.0243,332.5304,332.5304,4.000000,4.000000,4.000000,5.000000,5.000000,96.000000,96.000000,96.000000,95.000000,95.000000,5.0,1463.1337,1340.2688,5187.4742,5310.3391,PENDING_AG03,FALSE,NOT_FOR_ENFORCEMENT,6384.5836,256811.4724,6650.6079,6384.5836,266.0243,0.02244119,0.02154355,266.0243,6384.5836,0.02154355,266.0243,266.0243,266.0243,332.5304,332.5304,6384.5836,0.02154355,1463.1337,1340.2688,5187.4742,5310.3391,0.01750413,0.01791872,0.00089765,16.2655,14.6936,0.3653,59.3804,1.1678,2646.0457,162.5536,12.4780,16.8648,9.0895,16.5695,22.0926,29.825,33.4482,44.5976,11.8163,0.0,2.018664,2.691552,0.981654,30,240,141,4,0.10479828,0.02244119,0.04150452,0E-8,0.000000,0.902668,0.011910,-0.02129501,2026-03-22,2026-08-05,112,5695,2177,137,0.817518,0.739886,0.767145,0.349328,,,,,,,,GLOBAL_BASELINE_NO_ENTITY_RANKING,,,NOT_APPLICABLE_GLOBAL_BASELINE,HF9g-P5,,,,X 全窗基线 · 不参与实体赏罚,14196407,1420,A168_HF9F_20260827_0900,2026-08-27 09:00:00
2026-06-08,110249610,970,0,33.0203735706,-0.5503395595,-0.5503395595,0.5000000,3,3,0.50218230000000000,0.502182300000,-0.00617253530718887,-0.00617253530718887,-0.00617253530718887,0E-17,ELIGIBLE,R03b_20260811_FULL_v1,L1_ELIGIBILITY,v2026-08-11,2026-03-21..2026-08-06,baccarat_bet02_101_all_pairs_incl_sentinel,round_win = game_pnl > 0 (decisive only),COMPATIBILITY_ONLY_NOT_PRODUCTION,296357.1217,267511.9505,6650.6079,18220,18206,-0.02244119,-0.04150452,-0.02020951,-0.02244119,-6650.6079,296357.1217,OK,0.0000,266.0243,4.0000,96.0000,AG03-UNRESOLVED,ALL5_LEVELS_bet23_to_bet27,266.0243,266.0243,266.0243,332.5304,332.5304,4.000000,4.000000,4.000000,5.000000,5.000000,96.000000,96.000000,96.000000,95.000000,95.000000,5.0,1463.1337,1340.2688,5187.4742,5310.3391,PENDING_AG03,FALSE,NOT_FOR_ENFORCEMENT,6384.5836,256811.4724,6650.6079,6384.5836,266.0243,0.02244119,0.02154355,266.0243,6384.5836,0.02154355,266.0243,266.0243,266.0243,332.5304,332.5304,6384.5836,0.02154355,1463.1337,1340.2688,5187.4742,5310.3391,0.01750413,0.01791872,0.00089765,16.2655,14.6936,0.3653,59.3804,1.1678,2646.0457,162.5536,12.4780,16.8648,9.0895,16.5695,22.0926,29.825,33.4482,44.5976,11.8163,0.0,2.018664,2.691552,0.981654,30,240,141,4,0.10479828,0.02244119,0.04150452,0E-8,0.000000,0.902668,0.011910,-0.02129501,2026-03-22,2026-08-05,112,5695,2177,137,0.817518,0.739886,0.767145,0.349328,,,,,,,,GLOBAL_BASELINE_NO_ENTITY_RANKING,,,NOT_APPLICABLE_GLOBAL_BASELINE,HF9g-P5,,,,X 全窗基线 · 不参与实体赏罚,14196408,1420,A168_HF9F_20260827_0900,2026-08-27 09:00:00
2026-06-08,110249610,987,0,16.5101867852,-16.5101867852,-16.5101867852,0E-7,1,1,0.50665070000000000,0.506650700000,-1.013391052207602,-1.013391052207602,-1.013391052207602,0E-17,ELIGIBLE,R03b_20260811_FULL_v1,L1_ELIGIBILITY,v2026-08-11,2026-03-21..2026-08-06,baccarat_bet02_101_all_pairs_incl_sentinel,round_win = game_pnl > 0 (decisive only),COMPATIBILITY_ONLY_NOT_PRODUCTION,296357.1217,267511.9505,6650.6079,18220,18206,-0.02244119,-0.04150452,-0.02020951,-0.02244119,-6650.6079,296357.1217,OK,0.0000,266.0243,4.0000,96.0000,AG03-UNRESOLVED,ALL5_LEVELS_bet23_to_bet27,266.0243,266.0243,266.0243,332.5304,332.5304,4.000000,4.000000,4.000000,5.000000,5.000000,96.000000,96.000000,96.000000,95.000000,95.000000,5.0,1463.1337,1340.2688,5187.4742,5310.3391,PENDING_AG03,FALSE,NOT_FOR_ENFORCEMENT,6384.5836,256811.4724,6650.6079,6384.5836,266.0243,0.02244119,0.02154355,266.0243,6384.5836,0.02154355,266.0243,266.0243,266.0243,332.5304,332.5304,6384.5836,0.02154355,1463.1337,1340.2688,5187.4742,5310.3391,0.01750413,0.01791872,0.00089765,16.2655,14.6936,0.3653,59.3804,1.1678,2646.0457,162.5536,12.4780,16.8648,9.0895,16.5695,22.0926,29.825,33.4482,44.5976,11.8163,0.0,2.018664,2.691552,0.981654,30,240,141,4,0.10479828,0.02244119,0.04150452,0E-8,0.000000,0.902668,0.011910,-0.02129501,2026-03-22,2026-08-05,112,5695,2177,137,0.817518,0.739886,0.767145,0.349328,,,,,,,,GLOBAL_BASELINE_NO_ENTITY_RANKING,,,NOT_APPLICABLE_GLOBAL_BASELINE,HF9g-P5,,,,X 全窗基线 · 不参与实体赏罚,14196409,1420,A168_HF9F_20260827_0900,2026-08-27 09:00:00
2026-06-09,110249610,-1,1,808.3387450059,-64.5273133521,-64.5273133521,0.5081967,72,72,0.50236848333333333,0.502368483333,0.09104100899343011,0.09104100899863664,0.09104100899343011,3.3333E-13,SENTINEL_DEALER,R03b_20260811_FULL_v1,L1_ELIGIBILITY,v2026-08-11,2026-03-21..2026-08-06,baccarat_bet02_101_all_pairs_incl_sentinel,round_win = game_pnl > 0 (decisive only),COMPATIBILITY_ONLY_NOT_PRODUCTION,296357.1217,267511.9505,6650.6079,18220,18206,-0.02244119,-0.04150452,-0.02020951,-0.02244119,-6650.6079,296357.1217,OK,0.0000,266.0243,4.0000,96.0000,AG03-UNRESOLVED,ALL5_LEVELS_bet23_to_bet27,266.0243,266.0243,266.0243,332.5304,332.5304,4.000000,4.000000,4.000000,5.000000,5.000000,96.000000,96.000000,96.000000,95.000000,95.000000,5.0,1463.1337,1340.2688,5187.4742,5310.3391,PENDING_AG03,FALSE,NOT_FOR_ENFORCEMENT,6384.5836,256811.4724,6650.6079,6384.5836,266.0243,0.02244119,0.02154355,266.0243,6384.5836,0.02154355,266.0243,266.0243,266.0243,332.5304,332.5304,6384.5836,0.02154355,1463.1337,1340.2688,5187.4742,5310.3391,0.01750413,0.01791872,0.00089765,16.2655,14.6936,0.3653,59.3804,1.1678,2646.0457,162.5536,12.4780,16.8648,9.0895,16.5695,22.0926,29.825,33.4482,44.5976,11.8163,0.0,2.018664,2.691552,0.981654,30,240,141,4,0.10479828,0.02244119,0.04150452,0E-8,0.000000,0.902668,0.011910,-0.02129501,2026-03-22,2026-08-05,112,5695,2177,137,0.817518,0.739886,0.767145,0.349328,,,,,,,,GLOBAL_BASELINE_NO_ENTITY_RANKING,,,NOT_APPLICABLE_GLOBAL_BASELINE,HF9g-P5,,,,X 全窗基线 · 不参与实体赏罚,14196410,1420,A168_HF9F_20260827_0900,2026-08-27 09:00:00
2026-06-09,110249610,1004,0,16.5101867853,-5.7785653749,-5.7785653749,0.5000000,2,2,0.50665070000000000,0.506650700000,-0.018812684590367487,-0.018812684590367487,-0.018812684590367487,0E-17,ELIGIBLE,R03b_20260811_FULL_v1,L1_ELIGIBILITY,v2026-08-11,2026-03-21..2026-08-06,baccarat_bet02_101_all_pairs_incl_sentinel,round_win = game_pnl > 0 (decisive only),COMPATIBILITY_ONLY_NOT_PRODUCTION,296357.1217,267511.9505,6650.6079,18220,18206,-0.02244119,-0.04150452,-0.02020951,-0.02244119,-6650.6079,296357.1217,OK,0.0000,266.0243,4.0000,96.0000,AG03-UNRESOLVED,ALL5_LEVELS_bet23_to_bet27,266.0243,266.0243,266.0243,332.5304,332.5304,4.000000,4.000000,4.000000,5.000000,5.000000,96.000000,96.000000,96.000000,95.000000,95.000000,5.0,1463.1337,1340.2688,5187.4742,5310.3391,PENDING_AG03,FALSE,NOT_FOR_ENFORCEMENT,6384.5836,256811.4724,6650.6079,6384.5836,266.0243,0.02244119,0.02154355,266.0243,6384.5836,0.02154355,266.0243,266.0243,266.0243,332.5304,332.5304,6384.5836,0.02154355,1463.1337,1340.2688,5187.4742,5310.3391,0.01750413,0.01791872,0.00089765,16.2655,14.6936,0.3653,59.3804,1.1678,2646.0457,162.5536,12.4780,16.8648,9.0895,16.5695,22.0926,29.825,33.4482,44.5976,11.8163,0.0,2.018664,2.691552,0.981654,30,240,141,4,0.10479828,0.02244119,0.04150452,0E-8,0.000000,0.902668,0.011910,-0.02129501,2026-03-22,2026-08-05,112,5695,2177,137,0.817518,0.739886,0.767145,0.349328,,,,,,,,GLOBAL_BASELINE_NO_ENTITY_RANKING,,,NOT_APPLICABLE_GLOBAL_BASELINE,HF9g-P5,,,,X 全窗基线 · 不参与实体赏罚,14196411,1420,A168_HF9F_20260827_0900,2026-08-27 09:00:00
2026-06-09,110249610,1109,0,33.0203735705,-6.6040747141,-6.6040747141,0.5000000,4,4,0.49659680000000000,0.496596800000,0.013613115331600182,0.013613115331600183,0.013613115331600182,0E-17,ELIGIBLE,R03b_20260811_FULL_v1,L1_ELIGIBILITY,v2026-08-11,2026-03-21..2026-08-06,baccarat_bet02_101_all_pairs_incl_sentinel,round_win = game_pnl > 0 (decisive only),COMPATIBILITY_ONLY_NOT_PRODUCTION,296357.1217,267511.9505,6650.6079,18220,18206,-0.02244119,-0.04150452,-0.02020951,-0.02244119,-6650.6079,296357.1217,OK,0.0000,266.0243,4.0000,96.0000,AG03-UNRESOLVED,ALL5_LEVELS_bet23_to_bet27,266.0243,266.0243,266.0243,332.5304,332.5304,4.000000,4.000000,4.000000,5.000000,5.000000,96.000000,96.000000,96.000000,95.000000,95.000000,5.0,1463.1337,1340.2688,5187.4742,5310.3391,PENDING_AG03,FALSE,NOT_FOR_ENFORCEMENT,6384.5836,256811.4724,6650.6079,6384.5836,266.0243,0.02244119,0.02154355,266.0243,6384.5836,0.02154355,266.0243,266.0243,266.0243,332.5304,332.5304,6384.5836,0.02154355,1463.1337,1340.2688,5187.4742,5310.3391,0.01750413,0.01791872,0.00089765,16.2655,14.6936,0.3653,59.3804,1.1678,2646.0457,162.5536,12.4780,16.8648,9.0895,16.5695,22.0926,29.825,33.4482,44.5976,11.8163,0.0,2.018664,2.691552,0.981654,30,240,141,4,0.10479828,0.02244119,0.04150452,0E-8,0.000000,0.902668,0.011910,-0.02129501,2026-03-22,2026-08-05,112,5695,2177,137,0.817518,0.739886,0.767145,0.349328,,,,,,,,GLOBAL_BASELINE_NO_ENTITY_RANKING,,,NOT_APPLICABLE_GLOBAL_BASELINE,HF9g-P5,,,,X 全窗基线 · 不参与实体赏罚,14196412,1420,A168_HF9F_20260827_0900,2026-08-27 09:00:00
2026-06-09,110249610,1205,0,65.4904075816,-10.4564516306,-10.4564516306,0.5000000,5,5,0.49324550000000000,0.493245500000,0.027020465636507562,0.027020465636507562,0.027020465636507562,0E-17,ELIGIBLE,R03b_20260811_FULL_v1,L1_ELIGIBILITY,v2026-08-11,2026-03-21..2026-08-06,baccarat_bet02_101_all_pairs_incl_sentinel,round_win = game_pnl > 0 (decisive only),COMPATIBILITY_ONLY_NOT_PRODUCTION,296357.1217,267511.9505,6650.6079,18220,18206,-0.02244119,-0.04150452,-0.02020951,-0.02244119,-6650.6079,296357.1217,OK,0.0000,266.0243,4.0000,96.0000,AG03-UNRESOLVED,ALL5_LEVELS_bet23_to_bet27,266.0243,266.0243,266.0243,332.5304,332.5304,4.000000,4.000000,4.000000,5.000000,5.000000,96.000000,96.000000,96.000000,95.000000,95.000000,5.0,1463.1337,1340.2688,5187.4742,5310.3391,PENDING_AG03,FALSE,NOT_FOR_ENFORCEMENT,6384.5836,256811.4724,6650.6079,6384.5836,266.0243,0.02244119,0.02154355,266.0243,6384.5836,0.02154355,266.0243,266.0243,266.0243,332.5304,332.5304,6384.5836,0.02154355,1463.1337,1340.2688,5187.4742,5310.3391,0.01750413,0.01791872,0.00089765,16.2655,14.6936,0.3653,59.3804,1.1678,2646.0457,162.5536,12.4780,16.8648,9.0895,16.5695,22.0926,29.825,33.4482,44.5976,11.8163,0.0,2.018664,2.691552,0.981654,30,240,141,4,0.10479828,0.02244119,0.04150452,0E-8,0.000000,0.902668,0.011910,-0.02129501,2026-03-22,2026-08-05,112,5695,2177,137,0.817518,0.739886,0.767145,0.349328,,,,,,,,GLOBAL_BASELINE_NO_ENTITY_RANKING,,,NOT_APPLICABLE_GLOBAL_BASELINE,HF9g-P5,,,,X 全窗基线 · 不参与实体赏罚,14196413,1420,A168_HF9F_20260827_0900,2026-08-27 09:00:00
2026-06-09,110249610,1299,0,44.0271647607,-33.0203735705,-33.0203735705,0E-7,4,4,0.49659680000000000,0.496596800000,-1.7203016256901094,-1.7203016256901091,-1.7203016256901094,0E-17,ELIGIBLE,R03b_20260811_FULL_v1,L1_ELIGIBILITY,v2026-08-11,2026-03-21..2026-08-06,baccarat_bet02_101_all_pairs_incl_sentinel,round_win = game_pnl > 0 (decisive only),COMPATIBILITY_ONLY_NOT_PRODUCTION,296357.1217,267511.9505,6650.6079,18220,18206,-0.02244119,-0.04150452,-0.02020951,-0.02244119,-6650.6079,296357.1217,OK,0.0000,266.0243,4.0000,96.0000,AG03-UNRESOLVED,ALL5_LEVELS_bet23_to_bet27,266.0243,266.0243,266.0243,332.5304,332.5304,4.000000,4.000000,4.000000,5.000000,5.000000,96.000000,96.000000,96.000000,95.000000,95.000000,5.0,1463.1337,1340.2688,5187.4742,5310.3391,PENDING_AG03,FALSE,NOT_FOR_ENFORCEMENT,6384.5836,256811.4724,6650.6079,6384.5836,266.0243,0.02244119,0.02154355,266.0243,6384.5836,0.02154355,266.0243,266.0243,266.0243,332.5304,332.5304,6384.5836,0.02154355,1463.1337,1340.2688,5187.4742,5310.3391,0.01750413,0.01791872,0.00089765,16.2655,14.6936,0.3653,59.3804,1.1678,2646.0457,162.5536,12.4780,16.8648,9.0895,16.5695,22.0926,29.825,33.4482,44.5976,11.8163,0.0,2.018664,2.691552,0.981654,30,240,141,4,0.10479828,0.02244119,0.04150452,0E-8,0.000000,0.902668,0.011910,-0.02129501,2026-03-22,2026-08-05,112,5695,2177,137,0.817518,0.739886,0.767145,0.349328,,,,,,,,GLOBAL_BASELINE_NO_ENTITY_RANKING,,,NOT_APPLICABLE_GLOBAL_BASELINE,HF9g-P5,,,,X 全窗基线 · 不参与实体赏罚,14196414,1420,A168_HF9F_20260827_0900,2026-08-27 09:00:00
2026-06-09,110249610,1318,0,178.8603568404,5.3603073094,5.3603073094,0.6250000,18,18,0.50218230000000000,0.502182300000,0.9825509587113602,0.9825509587113602,0.9825509587113602,0E-17,ELIGIBLE,R03b_20260811_FULL_v1,L1_ELIGIBILITY,v2026-08-11,2026-03-21..2026-08-06,baccarat_bet02_101_all_pairs_incl_sentinel,round_win = game_pnl > 0 (decisive only),COMPATIBILITY_ONLY_NOT_PRODUCTION,296357.1217,267511.9505,6650.6079,18220,18206,-0.02244119,-0.04150452,-0.02020951,-0.02244119,-6650.6079,296357.1217,OK,0.0000,266.0243,4.0000,96.0000,AG03-UNRESOLVED,ALL5_LEVELS_bet23_to_bet27,266.0243,266.0243,266.0243,332.5304,332.5304,4.000000,4.000000,4.000000,5.000000,5.000000,96.000000,96.000000,96.000000,95.000000,95.000000,5.0,1463.1337,1340.2688,5187.4742,5310.3391,PENDING_AG03,FALSE,NOT_FOR_ENFORCEMENT,6384.5836,256811.4724,6650.6079,6384.5836,266.0243,0.02244119,0.02154355,266.0243,6384.5836,0.02154355,266.0243,266.0243,266.0243,332.5304,332.5304,6384.5836,0.02154355,1463.1337,1340.2688,5187.4742,5310.3391,0.01750413,0.01791872,0.00089765,16.2655,14.6936,0.3653,59.3804,1.1678,2646.0457,162.5536,12.4780,16.8648,9.0895,16.5695,22.0926,29.825,33.4482,44.5976,11.8163,0.0,2.018664,2.691552,0.981654,30,240,141,4,0.10479828,0.02244119,0.04150452,0E-8,0.000000,0.902668,0.011910,-0.02129501,2026-03-22,2026-08-05,112,5695,2177,137,0.817518,0.739886,0.767145,0.349328,,,,,,,,GLOBAL_BASELINE_NO_ENTITY_RANKING,,,NOT_APPLICABLE_GLOBAL_BASELINE,HF9g-P5,,,,X 全窗基线 · 不参与实体赏罚,14196415,1420,A168_HF9F_20260827_0900,2026-08-27 09:00:00
2026-06-09,110249610,1330,0,106.8759424566,-22.5639219398,-22.5639219398,0.3333333,9,9,0.49473496666666667,0.494734966667,-0.9684634942202676,-0.968463494222261,-0.9684634942202676,-3.3333E-13,ELIGIBLE,R03b_20260811_FULL_v1,L1_ELIGIBILITY,v2026-08-11,2026-03-21..2026-08-06,baccarat_bet02_101_all_pairs_incl_sentinel,round_win = game_pnl > 0 (decisive only),COMPATIBILITY_ONLY_NOT_PRODUCTION,296357.1217,267511.9505,6650.6079,18220,18206,-0.02244119,-0.04150452,-0.02020951,-0.02244119,-6650.6079,296357.1217,OK,0.0000,266.0243,4.0000,96.0000,AG03-UNRESOLVED,ALL5_LEVELS_bet23_to_bet27,266.0243,266.0243,266.0243,332.5304,332.5304,4.000000,4.000000,4.000000,5.000000,5.000000,96.000000,96.000000,96.000000,95.000000,95.000000,5.0,1463.1337,1340.2688,5187.4742,5310.3391,PENDING_AG03,FALSE,NOT_FOR_ENFORCEMENT,6384.5836,256811.4724,6650.6079,6384.5836,266.0243,0.02244119,0.02154355,266.0243,6384.5836,0.02154355,266.0243,266.0243,266.0243,332.5304,332.5304,6384.5836,0.02154355,1463.1337,1340.2688,5187.4742,5310.3391,0.01750413,0.01791872,0.00089765,16.2655,14.6936,0.3653,59.3804,1.1678,2646.0457,162.5536,12.4780,16.8648,9.0895,16.5695,22.0926,29.825,33.4482,44.5976,11.8163,0.0,2.018664,2.691552,0.981654,30,240,141,4,0.10479828,0.02244119,0.04150452,0E-8,0.000000,0.902668,0.011910,-0.02129501,2026-03-22,2026-08-05,112,5695,2177,137,0.817518,0.739886,0.767145,0.349328,,,,,,,,GLOBAL_BASELINE_NO_ENTITY_RANKING,,,NOT_APPLICABLE_GLOBAL_BASELINE,HF9g-P5,,,,X 全窗基线 · 不参与实体赏罚,14196416,1420,A168_HF9F_20260827_0900,2026-08-27 09:00:00
2026-06-09,110249610,1331,0,30.5988795087,-8.5852971283,-8.5852971283,0.4000000,5,5,0.49592654000000000,0.495926540000,-0.42901076602576227,-0.42901076602576227,-0.42901076602576227,0E-17,ELIGIBLE,R03b_20260811_FULL_v1,L1_ELIGIBILITY,v2026-08-11,2026-03-21..2026-08-06,baccarat_bet02_101_all_pairs_incl_sentinel,round_win = game_pnl > 0 (decisive only),COMPATIBILITY_ONLY_NOT_PRODUCTION,296357.1217,267511.9505,6650.6079,18220,18206,-0.02244119,-0.04150452,-0.02020951,-0.02244119,-6650.6079,296357.1217,OK,0.0000,266.0243,4.0000,96.0000,AG03-UNRESOLVED,ALL5_LEVELS_bet23_to_bet27,266.0243,266.0243,266.0243,332.5304,332.5304,4.000000,4.000000,4.000000,5.000000,5.000000,96.000000,96.000000,96.000000,95.000000,95.000000,5.0,1463.1337,1340.2688,5187.4742,5310.3391,PENDING_AG03,FALSE,NOT_FOR_ENFORCEMENT,6384.5836,256811.4724,6650.6079,6384.5836,266.0243,0.02244119,0.02154355,266.0243,6384.5836,0.02154355,266.0243,266.0243,266.0243,332.5304,332.5304,6384.5836,0.02154355,1463.1337,1340.2688,5187.4742,5310.3391,0.01750413,0.01791872,0.00089765,16.2655,14.6936,0.3653,59.3804,1.1678,2646.0457,162.5536,12.4780,16.8648,9.0895,16.5695,22.0926,29.825,33.4482,44.5976,11.8163,0.0,2.018664,2.691552,0.981654,30,240,141,4,0.10479828,0.02244119,0.04150452,0E-8,0.000000,0.902668,0.011910,-0.02129501,2026-03-22,2026-08-05,112,5695,2177,137,0.817518,0.739886,0.767145,0.349328,,,,,,,,GLOBAL_BASELINE_NO_ENTITY_RANKING,,,NOT_APPLICABLE_GLOBAL_BASELINE,HF9g-P5,,,,X 全窗基线 · 不参与实体赏罚,14196417,1420,A168_HF9F_20260827_0900,2026-08-27 09:00:00
2026-06-09,110249610,1353,0,24.2149406183,-24.2149406183,-24.2149406183,0E-7,2,2,0.49994810000000000,0.499948100000,-1.4140667746232096,-1.4140667746232096,-1.4140667746232096,0E-17,ELIGIBLE,R03b_20260811_FULL_v1,L1_ELIGIBILITY,v2026-08-11,2026-03-21..2026-08-06,baccarat_bet02_101_all_pairs_incl_sentinel,round_win = game_pnl > 0 (decisive only),COMPATIBILITY_ONLY_NOT_PRODUCTION,296357.1217,267511.9505,6650.6079,18220,18206,-0.02244119,-0.04150452,-0.02020951,-0.02244119,-6650.6079,296357.1217,OK,0.0000,266.0243,4.0000,96.0000,AG03-UNRESOLVED,ALL5_LEVELS_bet23_to_bet27,266.0243,266.0243,266.0243,332.5304,332.5304,4.000000,4.000000,4.000000,5.000000,5.000000,96.000000,96.000000,96.000000,95.000000,95.000000,5.0,1463.1337,1340.2688,5187.4742,5310.3391,PENDING_AG03,FALSE,NOT_FOR_ENFORCEMENT,6384.5836,256811.4724,6650.6079,6384.5836,266.0243,0.02244119,0.02154355,266.0243,6384.5836,0.02154355,266.0243,266.0243,266.0243,332.5304,332.5304,6384.5836,0.02154355,1463.1337,1340.2688,5187.4742,5310.3391,0.01750413,0.01791872,0.00089765,16.2655,14.6936,0.3653,59.3804,1.1678,2646.0457,162.5536,12.4780,16.8648,9.0895,16.5695,22.0926,29.825,33.4482,44.5976,11.8163,0.0,2.018664,2.691552,0.981654,30,240,141,4,0.10479828,0.02244119,0.04150452,0E-8,0.000000,0.902668,0.011910,-0.02129501,2026-03-22,2026-08-05,112,5695,2177,137,0.817518,0.739886,0.767145,0.349328,,,,,,,,GLOBAL_BASELINE_NO_ENTITY_RANKING,,,NOT_APPLICABLE_GLOBAL_BASELINE,HF9g-P5,,,,X 全窗基线 · 不参与实体赏罚,14196418,1420,A168_HF9F_20260827_0900,2026-08-27 09:00:00
2026-06-09,110249610,1363,0,22.0135823804,-0.5503395595,-0.5503395595,0.5000000,2,2,0.50665070000000000,0.506650700000,-0.018812684590367487,-0.018812684590367487,-0.018812684590367487,0E-17,ELIGIBLE,R03b_20260811_FULL_v1,L1_ELIGIBILITY,v2026-08-11,2026-03-21..2026-08-06,baccarat_bet02_101_all_pairs_incl_sentinel,round_win = game_pnl > 0 (decisive only),COMPATIBILITY_ONLY_NOT_PRODUCTION,296357.1217,267511.9505,6650.6079,18220,18206,-0.02244119,-0.04150452,-0.02020951,-0.02244119,-6650.6079,296357.1217,OK,0.0000,266.0243,4.0000,96.0000,AG03-UNRESOLVED,ALL5_LEVELS_bet23_to_bet27,266.0243,266.0243,266.0243,332.5304,332.5304,4.000000,4.000000,4.000000,5.000000,5.000000,96.000000,96.000000,96.000000,95.000000,95.000000,5.0,1463.1337,1340.2688,5187.4742,5310.3391,PENDING_AG03,FALSE,NOT_FOR_ENFORCEMENT,6384.5836,256811.4724,6650.6079,6384.5836,266.0243,0.02244119,0.02154355,266.0243,6384.5836,0.02154355,266.0243,266.0243,266.0243,332.5304,332.5304,6384.5836,0.02154355,1463.1337,1340.2688,5187.4742,5310.3391,0.01750413,0.01791872,0.00089765,16.2655,14.6936,0.3653,59.3804,1.1678,2646.0457,162.5536,12.4780,16.8648,9.0895,16.5695,22.0926,29.825,33.4482,44.5976,11.8163,0.0,2.018664,2.691552,0.981654,30,240,141,4,0.10479828,0.02244119,0.04150452,0E-8,0.000000,0.902668,0.011910,-0.02129501,2026-03-22,2026-08-05,112,5695,2177,137,0.817518,0.739886,0.767145,0.349328,,,,,,,,GLOBAL_BASELINE_NO_ENTITY_RANKING,,,NOT_APPLICABLE_GLOBAL_BASELINE,HF9g-P5,,,,X 全窗基线 · 不参与实体赏罚,14196419,1420,A168_HF9F_20260827_0900,2026-08-27 09:00:00
2026-06-09,110249610,1382,0,59.4366724268,24.2699745744,24.2699745744,0.7500000,4,4,0.50665070000000000,0.506650700000,0.9734833216690844,0.9734833216690844,0.9734833216690844,0E-17,ELIGIBLE,R03b_20260811_FULL_v1,L1_ELIGIBILITY,v2026-08-11,2026-03-21..2026-08-06,baccarat_bet02_101_all_pairs_incl_sentinel,round_win = game_pnl > 0 (decisive only),COMPATIBILITY_ONLY_NOT_PRODUCTION,296357.1217,267511.9505,6650.6079,18220,18206,-0.02244119,-0.04150452,-0.02020951,-0.02244119,-6650.6079,296357.1217,OK,0.0000,266.0243,4.0000,96.0000,AG03-UNRESOLVED,ALL5_LEVELS_bet23_to_bet27,266.0243,266.0243,266.0243,332.5304,332.5304,4.000000,4.000000,4.000000,5.000000,5.000000,96.000000,96.000000,96.000000,95.000000,95.000000,5.0,1463.1337,1340.2688,5187.4742,5310.3391,PENDING_AG03,FALSE,NOT_FOR_ENFORCEMENT,6384.5836,256811.4724,6650.6079,6384.5836,266.0243,0.02244119,0.02154355,266.0243,6384.5836,0.02154355,266.0243,266.0243,266.0243,332.5304,332.5304,6384.5836,0.02154355,1463.1337,1340.2688,5187.4742,5310.3391,0.01750413,0.01791872,0.00089765,16.2655,14.6936,0.3653,59.3804,1.1678,2646.0457,162.5536,12.4780,16.8648,9.0895,16.5695,22.0926,29.825,33.4482,44.5976,11.8163,0.0,2.018664,2.691552,0.981654,30,240,141,4,0.10479828,0.02244119,0.04150452,0E-8,0.000000,0.902668,0.011910,-0.02129501,2026-03-22,2026-08-05,112,5695,2177,137,0.817518,0.739886,0.767145,0.349328,,,,,,,,GLOBAL_BASELINE_NO_ENTITY_RANKING,,,NOT_APPLICABLE_GLOBAL_BASELINE,HF9g-P5,,,,X 全窗基线 · 不参与实体赏罚,14196420,1420,A168_HF9F_20260827_0900,2026-08-27 09:00:00
2026-06-09,110249610,1399,0,60.5373515459,16.5101867853,16.5101867853,0.7500000,5,5,0.49324550000000000,0.493245500000,1.0271117246678039,1.0271117246678039,1.0271117246678039,0E-17,ELIGIBLE,R03b_20260811_FULL_v1,L1_ELIGIBILITY,v2026-08-11,2026-03-21..2026-08-06,baccarat_bet02_101_all_pairs_incl_sentinel,round_win = game_pnl > 0 (decisive only),COMPATIBILITY_ONLY_NOT_PRODUCTION,296357.1217,267511.9505,6650.6079,18220,18206,-0.02244119,-0.04150452,-0.02020951,-0.02244119,-6650.6079,296357.1217,OK,0.0000,266.0243,4.0000,96.0000,AG03-UNRESOLVED,ALL5_LEVELS_bet23_to_bet27,266.0243,266.0243,266.0243,332.5304,332.5304,4.000000,4.000000,4.000000,5.000000,5.000000,96.000000,96.000000,96.000000,95.000000,95.000000,5.0,1463.1337,1340.2688,5187.4742,5310.3391,PENDING_AG03,FALSE,NOT_FOR_ENFORCEMENT,6384.5836,256811.4724,6650.6079,6384.5836,266.0243,0.02244119,0.02154355,266.0243,6384.5836,0.02154355,266.0243,266.0243,266.0243,332.5304,332.5304,6384.5836,0.02154355,1463.1337,1340.2688,5187.4742,5310.3391,0.01750413,0.01791872,0.00089765,16.2655,14.6936,0.3653,59.3804,1.1678,2646.0457,162.5536,12.4780,16.8648,9.0895,16.5695,22.0926,29.825,33.4482,44.5976,11.8163,0.0,2.018664,2.691552,0.981654,30,240,141,4,0.10479828,0.02244119,0.04150452,0E-8,0.000000,0.902668,0.011910,-0.02129501,2026-03-22,2026-08-05,112,5695,2177,137,0.817518,0.739886,0.767145,0.349328,,,,,,,,GLOBAL_BASELINE_NO_ENTITY_RANKING,,,NOT_APPLICABLE_GLOBAL_BASELINE,HF9g-P5,,,,X 全窗基线 · 不参与实体赏罚,14196421,1420,A168_HF9F_20260827_0900,2026-08-27 09:00:00
2026-06-09,110249610,1505,0,14.3088285472,-14.3088285472,-14.3088285472,0E-7,2,2,0.49994810000000000,0.499948100000,-1.4140667746232096,-1.4140667746232096,-1.4140667746232096,0E-17,ELIGIBLE,R03b_20260811_FULL_v1,L1_ELIGIBILITY,v2026-08-11,2026-03-21..2026-08-06,baccarat_bet02_101_all_pairs_incl_sentinel,round_win = game_pnl > 0 (decisive only),COMPATIBILITY_ONLY_NOT_PRODUCTION,296357.1217,267511.9505,6650.6079,18220,18206,-0.02244119,-0.04150452,-0.02020951,-0.02244119,-6650.6079,296357.1217,OK,0.0000,266.0243,4.0000,96.0000,AG03-UNRESOLVED,ALL5_LEVELS_bet23_to_bet27,266.0243,266.0243,266.0243,332.5304,332.5304,4.000000,4.000000,4.000000,5.000000,5.000000,96.000000,96.000000,96.000000,95.000000,95.000000,5.0,1463.1337,1340.2688,5187.4742,5310.3391,PENDING_AG03,FALSE,NOT_FOR_ENFORCEMENT,6384.5836,256811.4724,6650.6079,6384.5836,266.0243,0.02244119,0.02154355,266.0243,6384.5836,0.02154355,266.0243,266.0243,266.0243,332.5304,332.5304,6384.5836,0.02154355,1463.1337,1340.2688,5187.4742,5310.3391,0.01750413,0.01791872,0.00089765,16.2655,14.6936,0.3653,59.3804,1.1678,2646.0457,162.5536,12.4780,16.8648,9.0895,16.5695,22.0926,29.825,33.4482,44.5976,11.8163,0.0,2.018664,2.691552,0.981654,30,240,141,4,0.10479828,0.02244119,0.04150452,0E-8,0.000000,0.902668,0.011910,-0.02129501,2026-03-22,2026-08-05,112,5695,2177,137,0.817518,0.739886,0.767145,0.349328,,,,,,,,GLOBAL_BASELINE_NO_ENTITY_RANKING,,,NOT_APPLICABLE_GLOBAL_BASELINE,HF9g-P5,,,,X 全窗基线 · 不参与实体赏罚,14196422,1420,A168_HF9F_20260827_0900,2026-08-27 09:00:00
2026-06-09,110249610,1509,0,36.3224109275,-1.9812224143,-1.9812224143,0.6666667,3,3,0.50665070000000000,0.506650700000,0.5543606114942035,0.5543606114942035,0.5543606114942035,0E-17,ELIGIBLE,R03b_20260811_FULL_v1,L1_ELIGIBILITY,v2026-08-11,2026-03-21..2026-08-06,baccarat_bet02_101_all_pairs_incl_sentinel,round_win = game_pnl > 0 (decisive only),COMPATIBILITY_ONLY_NOT_PRODUCTION,296357.1217,267511.9505,6650.6079,18220,18206,-0.02244119,-0.04150452,-0.02020951,-0.02244119,-6650.6079,296357.1217,OK,0.0000,266.0243,4.0000,96.0000,AG03-UNRESOLVED,ALL5_LEVELS_bet23_to_bet27,266.0243,266.0243,266.0243,332.5304,332.5304,4.000000,4.000000,4.000000,5.000000,5.000000,96.000000,96.000000,96.000000,95.000000,95.000000,5.0,1463.1337,1340.2688,5187.4742,5310.3391,PENDING_AG03,FALSE,NOT_FOR_ENFORCEMENT,6384.5836,256811.4724,6650.6079,6384.5836,266.0243,0.02244119,0.02154355,266.0243,6384.5836,0.02154355,266.0243,266.0243,266.0243,332.5304,332.5304,6384.5836,0.02154355,1463.1337,1340.2688,5187.4742,5310.3391,0.01750413,0.01791872,0.00089765,16.2655,14.6936,0.3653,59.3804,1.1678,2646.0457,162.5536,12.4780,16.8648,9.0895,16.5695,22.0926,29.825,33.4482,44.5976,11.8163,0.0,2.018664,2.691552,0.981654,30,240,141,4,0.10479828,0.02244119,0.04150452,0E-8,0.000000,0.902668,0.011910,-0.02129501,2026-03-22,2026-08-05,112,5695,2177,137,0.817518,0.739886,0.767145,0.349328,,,,,,,,GLOBAL_BASELINE_NO_ENTITY_RANKING,,,NOT_APPLICABLE_GLOBAL_BASELINE,HF9g-P5,,,,X 全窗基线 · 不参与实体赏罚,14196423,1420,A168_HF9F_20260827_0900,2026-08-27 09:00:00
2026-06-09,110249610,1654,0,56.1346350699,8.8054329521,8.8054329521,0.6000000,7,7,0.49324550000000000,0.493245500000,0.47746420675292983,0.47746420675292983,0.47746420675292983,0E-17,ELIGIBLE,R03b_20260811_FULL_v1,L1_ELIGIBILITY,v2026-08-11,2026-03-21..2026-08-06,baccarat_bet02_101_all_pairs_incl_sentinel,round_win = game_pnl > 0 (decisive only),COMPATIBILITY_ONLY_NOT_PRODUCTION,296357.1217,267511.9505,6650.6079,18220,18206,-0.02244119,-0.04150452,-0.02020951,-0.02244119,-6650.6079,296357.1217,OK,0.0000,266.0243,4.0000,96.0000,AG03-UNRESOLVED,ALL5_LEVELS_bet23_to_bet27,266.0243,266.0243,266.0243,332.5304,332.5304,4.000000,4.000000,4.000000,5.000000,5.000000,96.000000,96.000000,96.000000,95.000000,95.000000,5.0,1463.1337,1340.2688,5187.4742,5310.3391,PENDING_AG03,FALSE,NOT_FOR_ENFORCEMENT,6384.5836,256811.4724,6650.6079,6384.5836,266.0243,0.02244119,0.02154355,266.0243,6384.5836,0.02154355,266.0243,266.0243,266.0243,332.5304,332.5304,6384.5836,0.02154355,1463.1337,1340.2688,5187.4742,5310.3391,0.01750413,0.01791872,0.00089765,16.2655,14.6936,0.3653,59.3804,1.1678,2646.0457,162.5536,12.4780,16.8648,9.0895,16.5695,22.0926,29.825,33.4482,44.5976,11.8163,0.0,2.018664,2.691552,0.981654,30,240,141,4,0.10479828,0.02244119,0.04150452,0E-8,0.000000,0.902668,0.011910,-0.02129501,2026-03-22,2026-08-05,112,5695,2177,137,0.817518,0.739886,0.767145,0.349328,,,,,,,,GLOBAL_BASELINE_NO_ENTITY_RANKING,,,NOT_APPLICABLE_GLOBAL_BASELINE,HF9g-P5,,,,X 全窗基线 · 不参与实体赏罚,14196424,1420,A168_HF9F_20260827_0900,2026-08-27 09:00:00
2026-06-09,110249610,1704,0,10.4564516307,-10.4564516307,-10.4564516307,0E-7,1,1,0.50665070000000000,0.506650700000,-1.013391052207602,-1.013391052207602,-1.013391052207602,0E-17,ELIGIBLE,R03b_20260811_FULL_v1,L1_ELIGIBILITY,v2026-08-11,2026-03-21..2026-08-06,baccarat_bet02_101_all_pairs_incl_sentinel,round_win = game_pnl > 0 (decisive only),COMPATIBILITY_ONLY_NOT_PRODUCTION,296357.1217,267511.9505,6650.6079,18220,18206,-0.02244119,-0.04150452,-0.02020951,-0.02244119,-6650.6079,296357.1217,OK,0.0000,266.0243,4.0000,96.0000,AG03-UNRESOLVED,ALL5_LEVELS_bet23_to_bet27,266.0243,266.0243,266.0243,332.5304,332.5304,4.000000,4.000000,4.000000,5.000000,5.000000,96.000000,96.000000,96.000000,95.000000,95.000000,5.0,1463.1337,1340.2688,5187.4742,5310.3391,PENDING_AG03,FALSE,NOT_FOR_ENFORCEMENT,6384.5836,256811.4724,6650.6079,6384.5836,266.0243,0.02244119,0.02154355,266.0243,6384.5836,0.02154355,266.0243,266.0243,266.0243,332.5304,332.5304,6384.5836,0.02154355,1463.1337,1340.2688,5187.4742,5310.3391,0.01750413,0.01791872,0.00089765,16.2655,14.6936,0.3653,59.3804,1.1678,2646.0457,162.5536,12.4780,16.8648,9.0895,16.5695,22.0926,29.825,33.4482,44.5976,11.8163,0.0,2.018664,2.691552,0.981654,30,240,141,4,0.10479828,0.02244119,0.04150452,0E-8,0.000000,0.902668,0.011910,-0.02129501,2026-03-22,2026-08-05,112,5695,2177,137,0.817518,0.739886,0.767145,0.349328,,,,,,,,GLOBAL_BASELINE_NO_ENTITY_RANKING,,,NOT_APPLICABLE_GLOBAL_BASELINE,HF9g-P5,,,,X 全窗基线 · 不参与实体赏罚,14196425,1420,A168_HF9F_20260827_0900,2026-08-27 09:00:00
2026-06-09,110249610,1714,0,12.7678777806,-6.6040747141,-6.6040747141,0E-7,2,2,0.50665070000000000,0.506650700000,-1.013391052207602,-1.013391052207602,-1.013391052207602,0E-17,ELIGIBLE,R03b_20260811_FULL_v1,L1_ELIGIBILITY,v2026-08-11,2026-03-21..2026-08-06,baccarat_bet02_101_all_pairs_incl_sentinel,round_win = game_pnl > 0 (decisive only),COMPATIBILITY_ONLY_NOT_PRODUCTION,296357.1217,267511.9505,6650.6079,18220,18206,-0.02244119,-0.04150452,-0.02020951,-0.02244119,-6650.6079,296357.1217,OK,0.0000,266.0243,4.0000,96.0000,AG03-UNRESOLVED,ALL5_LEVELS_bet23_to_bet27,266.0243,266.0243,266.0243,332.5304,332.5304,4.000000,4.000000,4.000000,5.000000,5.000000,96.000000,96.000000,96.000000,95.000000,95.000000,5.0,1463.1337,1340.2688,5187.4742,5310.3391,PENDING_AG03,FALSE,NOT_FOR_ENFORCEMENT,6384.5836,256811.4724,6650.6079,6384.5836,266.0243,0.02244119,0.02154355,266.0243,6384.5836,0.02154355,266.0243,266.0243,266.0243,332.5304,332.5304,6384.5836,0.02154355,1463.1337,1340.2688,5187.4742,5310.3391,0.01750413,0.01791872,0.00089765,16.2655,14.6936,0.3653,59.3804,1.1678,2646.0457,162.5536,12.4780,16.8648,9.0895,16.5695,22.0926,29.825,33.4482,44.5976,11.8163,0.0,2.018664,2.691552,0.981654,30,240,141,4,0.10479828,0.02244119,0.04150452,0E-8,0.000000,0.902668,0.011910,-0.02129501,2026-03-22,2026-08-05,112,5695,2177,137,0.817518,0.739886,0.767145,0.349328,,,,,,,,GLOBAL_BASELINE_NO_ENTITY_RANKING,,,NOT_APPLICABLE_GLOBAL_BASELINE,HF9g-P5,,,,X 全窗基线 · 不参与实体赏罚,14196426,1420,A168_HF9F_20260827_0900,2026-08-27 09:00:00
2026-06-09,110249610,1941,0,11.0067911902,-11.0067911902,-11.0067911902,0E-7,1,1,0.49324550000000000,0.493245500000,-0.9865810262130424,-0.9865810262130424,-0.9865810262130424,0E-17,ELIGIBLE,R03b_20260811_FULL_v1,L1_ELIGIBILITY,v2026-08-11,2026-03-21..2026-08-06,baccarat_bet02_101_all_pairs_incl_sentinel,round_win = game_pnl > 0 (decisive only),COMPATIBILITY_ONLY_NOT_PRODUCTION,296357.1217,267511.9505,6650.6079,18220,18206,-0.02244119,-0.04150452,-0.02020951,-0.02244119,-6650.6079,296357.1217,OK,0.0000,266.0243,4.0000,96.0000,AG03-UNRESOLVED,ALL5_LEVELS_bet23_to_bet27,266.0243,266.0243,266.0243,332.5304,332.5304,4.000000,4.000000,4.000000,5.000000,5.000000,96.000000,96.000000,96.000000,95.000000,95.000000,5.0,1463.1337,1340.2688,5187.4742,5310.3391,PENDING_AG03,FALSE,NOT_FOR_ENFORCEMENT,6384.5836,256811.4724,6650.6079,6384.5836,266.0243,0.02244119,0.02154355,266.0243,6384.5836,0.02154355,266.0243,266.0243,266.0243,332.5304,332.5304,6384.5836,0.02154355,1463.1337,1340.2688,5187.4742,5310.3391,0.01750413,0.01791872,0.00089765,16.2655,14.6936,0.3653,59.3804,1.1678,2646.0457,162.5536,12.4780,16.8648,9.0895,16.5695,22.0926,29.825,33.4482,44.5976,11.8163,0.0,2.018664,2.691552,0.981654,30,240,141,4,0.10479828,0.02244119,0.04150452,0E-8,0.000000,0.902668,0.011910,-0.02129501,2026-03-22,2026-08-05,112,5695,2177,137,0.817518,0.739886,0.767145,0.349328,,,,,,,,GLOBAL_BASELINE_NO_ENTITY_RANKING,,,NOT_APPLICABLE_GLOBAL_BASELINE,HF9g-P5,,,,X 全窗基线 · 不参与实体赏罚,14196427,1420,A168_HF9F_20260827_0900,2026-08-27 09:00:00
2026-06-09,110249610,1957,0,91.3563668782,5.5033955952,5.5033955952,0.6666667,8,8,0.49324550000000000,0.493245500000,0.8496642703256836,0.8496642703256835,0.8496642703256836,0E-17,ELIGIBLE,R03b_20260811_FULL_v1,L1_ELIGIBILITY,v2026-08-11,2026-03-21..2026-08-06,baccarat_bet02_101_all_pairs_incl_sentinel,round_win = game_pnl > 0 (decisive only),COMPATIBILITY_ONLY_NOT_PRODUCTION,296357.1217,267511.9505,6650.6079,18220,18206,-0.02244119,-0.04150452,-0.02020951,-0.02244119,-6650.6079,296357.1217,OK,0.0000,266.0243,4.0000,96.0000,AG03-UNRESOLVED,ALL5_LEVELS_bet23_to_bet27,266.0243,266.0243,266.0243,332.5304,332.5304,4.000000,4.000000,4.000000,5.000000,5.000000,96.000000,96.000000,96.000000,95.000000,95.000000,5.0,1463.1337,1340.2688,5187.4742,5310.3391,PENDING_AG03,FALSE,NOT_FOR_ENFORCEMENT,6384.5836,256811.4724,6650.6079,6384.5836,266.0243,0.02244119,0.02154355,266.0243,6384.5836,0.02154355,266.0243,266.0243,266.0243,332.5304,332.5304,6384.5836,0.02154355,1463.1337,1340.2688,5187.4742,5310.3391,0.01750413,0.01791872,0.00089765,16.2655,14.6936,0.3653,59.3804,1.1678,2646.0457,162.5536,12.4780,16.8648,9.0895,16.5695,22.0926,29.825,33.4482,44.5976,11.8163,0.0,2.018664,2.691552,0.981654,30,240,141,4,0.10479828,0.02244119,0.04150452,0E-8,0.000000,0.902668,0.011910,-0.02129501,2026-03-22,2026-08-05,112,5695,2177,137,0.817518,0.739886,0.767145,0.349328,,,,,,,,GLOBAL_BASELINE_NO_ENTITY_RANKING,,,NOT_APPLICABLE_GLOBAL_BASELINE,HF9g-P5,,,,X 全窗基线 · 不参与实体赏罚,14196428,1420,A168_HF9F_20260827_0900,2026-08-27 09:00:00
2026-06-09,110249610,1966,0,58.2259253959,10.4564516306,10.4564516306,0.6666667,7,7,0.50473567142857143,0.504735671429,0.7933322080094374,0.7933322080073443,0.7933322080094374,-4.2857E-13,ELIGIBLE,R03b_20260811_FULL_v1,L1_ELIGIBILITY,v2026-08-11,2026-03-21..2026-08-06,baccarat_bet02_101_all_pairs_incl_sentinel,round_win = game_pnl > 0 (decisive only),COMPATIBILITY_ONLY_NOT_PRODUCTION,296357.1217,267511.9505,6650.6079,18220,18206,-0.02244119,-0.04150452,-0.02020951,-0.02244119,-6650.6079,296357.1217,OK,0.0000,266.0243,4.0000,96.0000,AG03-UNRESOLVED,ALL5_LEVELS_bet23_to_bet27,266.0243,266.0243,266.0243,332.5304,332.5304,4.000000,4.000000,4.000000,5.000000,5.000000,96.000000,96.000000,96.000000,95.000000,95.000000,5.0,1463.1337,1340.2688,5187.4742,5310.3391,PENDING_AG03,FALSE,NOT_FOR_ENFORCEMENT,6384.5836,256811.4724,6650.6079,6384.5836,266.0243,0.02244119,0.02154355,266.0243,6384.5836,0.02154355,266.0243,266.0243,266.0243,332.5304,332.5304,6384.5836,0.02154355,1463.1337,1340.2688,5187.4742,5310.3391,0.01750413,0.01791872,0.00089765,16.2655,14.6936,0.3653,59.3804,1.1678,2646.0457,162.5536,12.4780,16.8648,9.0895,16.5695,22.0926,29.825,33.4482,44.5976,11.8163,0.0,2.018664,2.691552,0.981654,30,240,141,4,0.10479828,0.02244119,0.04150452,0E-8,0.000000,0.902668,0.011910,-0.02129501,2026-03-22,2026-08-05,112,5695,2177,137,0.817518,0.739886,0.767145,0.349328,,,,,,,,GLOBAL_BASELINE_NO_ENTITY_RANKING,,,NOT_APPLICABLE_GLOBAL_BASELINE,HF9g-P5,,,,X 全窗基线 · 不参与实体赏罚,14196429,1420,A168_HF9F_20260827_0900,2026-08-27 09:00:00
2026-06-09,110249610,1990,0,2.2013582380,2.2013582380,2.2013582380,1.0000000,1,1,0.49324550000000000,0.493245500000,1.01360149184955,1.01360149184955,1.01360149184955,0E-17,ELIGIBLE,R03b_20260811_FULL_v1,L1_ELIGIBILITY,v2026-08-11,2026-03-21..2026-08-06,baccarat_bet02_101_all_pairs_incl_sentinel,round_win = game_pnl > 0 (decisive only),COMPATIBILITY_ONLY_NOT_PRODUCTION,296357.1217,267511.9505,6650.6079,18220,18206,-0.02244119,-0.04150452,-0.02020951,-0.02244119,-6650.6079,296357.1217,OK,0.0000,266.0243,4.0000,96.0000,AG03-UNRESOLVED,ALL5_LEVELS_bet23_to_bet27,266.0243,266.0243,266.0243,332.5304,332.5304,4.000000,4.000000,4.000000,5.000000,5.000000,96.000000,96.000000,96.000000,95.000000,95.000000,5.0,1463.1337,1340.2688,5187.4742,5310.3391,PENDING_AG03,FALSE,NOT_FOR_ENFORCEMENT,6384.5836,256811.4724,6650.6079,6384.5836,266.0243,0.02244119,0.02154355,266.0243,6384.5836,0.02154355,266.0243,266.0243,266.0243,332.5304,332.5304,6384.5836,0.02154355,1463.1337,1340.2688,5187.4742,5310.3391,0.01750413,0.01791872,0.00089765,16.2655,14.6936,0.3653,59.3804,1.1678,2646.0457,162.5536,12.4780,16.8648,9.0895,16.5695,22.0926,29.825,33.4482,44.5976,11.8163,0.0,2.018664,2.691552,0.981654,30,240,141,4,0.10479828,0.02244119,0.04150452,0E-8,0.000000,0.902668,0.011910,-0.02129501,2026-03-22,2026-08-05,112,5695,2177,137,0.817518,0.739886,0.767145,0.349328,,,,,,,,GLOBAL_BASELINE_NO_ENTITY_RANKING,,,NOT_APPLICABLE_GLOBAL_BASELINE,HF9g-P5,,,,X 全窗基线 · 不参与实体赏罚,14196430,1420,A168_HF9F_20260827_0900,2026-08-27 09:00:00
2026-06-09,110249610,2103,0,152.9943975434,16.5101867852,16.5101867852,0.5454545,13,13,0.49324550000000000,0.493245500000,0.3463472332994882,0.3463472332994882,0.3463472332994882,0E-17,ELIGIBLE,R03b_20260811_FULL_v1,L1_ELIGIBILITY,v2026-08-11,2026-03-21..2026-08-06,baccarat_bet02_101_all_pairs_incl_sentinel,round_win = game_pnl > 0 (decisive only),COMPATIBILITY_ONLY_NOT_PRODUCTION,296357.1217,267511.9505,6650.6079,18220,18206,-0.02244119,-0.04150452,-0.02020951,-0.02244119,-6650.6079,296357.1217,OK,0.0000,266.0243,4.0000,96.0000,AG03-UNRESOLVED,ALL5_LEVELS_bet23_to_bet27,266.0243,266.0243,266.0243,332.5304,332.5304,4.000000,4.000000,4.000000,5.000000,5.000000,96.000000,96.000000,96.000000,95.000000,95.000000,5.0,1463.1337,1340.2688,5187.4742,5310.3391,PENDING_AG03,FALSE,NOT_FOR_ENFORCEMENT,6384.5836,256811.4724,6650.6079,6384.5836,266.0243,0.02244119,0.02154355,266.0243,6384.5836,0.02154355,266.0243,266.0243,266.0243,332.5304,332.5304,6384.5836,0.02154355,1463.1337,1340.2688,5187.4742,5310.3391,0.01750413,0.01791872,0.00089765,16.2655,14.6936,0.3653,59.3804,1.1678,2646.0457,162.5536,12.4780,16.8648,9.0895,16.5695,22.0926,29.825,33.4482,44.5976,11.8163,0.0,2.018664,2.691552,0.981654,30,240,141,4,0.10479828,0.02244119,0.04150452,0E-8,0.000000,0.902668,0.011910,-0.02129501,2026-03-22,2026-08-05,112,5695,2177,137,0.817518,0.739886,0.767145,0.349328,,,,,,,,GLOBAL_BASELINE_NO_ENTITY_RANKING,,,NOT_APPLICABLE_GLOBAL_BASELINE,HF9g-P5,,,,X 全窗基线 · 不参与实体赏罚,14196431,1420,A168_HF9F_20260827_0900,2026-08-27 09:00:00
2026-06-09,110249610,2127,0,57.0151783651,30.5988795086,30.5988795086,0.7500000,9,9,0.49324550000000000,0.493245500000,1.4525553310976282,1.4525553310976282,1.4525553310976282,0E-17,ELIGIBLE,R03b_20260811_FULL_v1,L1_ELIGIBILITY,v2026-08-11,2026-03-21..2026-08-06,baccarat_bet02_101_all_pairs_incl_sentinel,round_win = game_pnl > 0 (decisive only),COMPATIBILITY_ONLY_NOT_PRODUCTION,296357.1217,267511.9505,6650.6079,18220,18206,-0.02244119,-0.04150452,-0.02020951,-0.02244119,-6650.6079,296357.1217,OK,0.0000,266.0243,4.0000,96.0000,AG03-UNRESOLVED,ALL5_LEVELS_bet23_to_bet27,266.0243,266.0243,266.0243,332.5304,332.5304,4.000000,4.000000,4.000000,5.000000,5.000000,96.000000,96.000000,96.000000,95.000000,95.000000,5.0,1463.1337,1340.2688,5187.4742,5310.3391,PENDING_AG03,FALSE,NOT_FOR_ENFORCEMENT,6384.5836,256811.4724,6650.6079,6384.5836,266.0243,0.02244119,0.02154355,266.0243,6384.5836,0.02154355,266.0243,266.0243,266.0243,332.5304,332.5304,6384.5836,0.02154355,1463.1337,1340.2688,5187.4742,5310.3391,0.01750413,0.01791872,0.00089765,16.2655,14.6936,0.3653,59.3804,1.1678,2646.0457,162.5536,12.4780,16.8648,9.0895,16.5695,22.0926,29.825,33.4482,44.5976,11.8163,0.0,2.018664,2.691552,0.981654,30,240,141,4,0.10479828,0.02244119,0.04150452,0E-8,0.000000,0.902668,0.011910,-0.02129501,2026-03-22,2026-08-05,112,5695,2177,137,0.817518,0.739886,0.767145,0.349328,,,,,,,,GLOBAL_BASELINE_NO_ENTITY_RANKING,,,NOT_APPLICABLE_GLOBAL_BASELINE,HF9g-P5,,,,X 全窗基线 · 不参与实体赏罚,14196432,1420,A168_HF9F_20260827_0900,2026-08-27 09:00:00
2026-06-09,110249610,2130,0,93.3375892925,-16.5652207413,-16.5652207413,0.5000000,6,6,0.49771390000000000,0.497713900000,0.011199674067230152,0.011199674067230152,0.011199674067230152,0E-17,ELIGIBLE,R03b_20260811_FULL_v1,L1_ELIGIBILITY,v2026-08-11,2026-03-21..2026-08-06,baccarat_bet02_101_all_pairs_incl_sentinel,round_win = game_pnl > 0 (decisive only),COMPATIBILITY_ONLY_NOT_PRODUCTION,296357.1217,267511.9505,6650.6079,18220,18206,-0.02244119,-0.04150452,-0.02020951,-0.02244119,-6650.6079,296357.1217,OK,0.0000,266.0243,4.0000,96.0000,AG03-UNRESOLVED,ALL5_LEVELS_bet23_to_bet27,266.0243,266.0243,266.0243,332.5304,332.5304,4.000000,4.000000,4.000000,5.000000,5.000000,96.000000,96.000000,96.000000,95.000000,95.000000,5.0,1463.1337,1340.2688,5187.4742,5310.3391,PENDING_AG03,FALSE,NOT_FOR_ENFORCEMENT,6384.5836,256811.4724,6650.6079,6384.5836,266.0243,0.02244119,0.02154355,266.0243,6384.5836,0.02154355,266.0243,266.0243,266.0243,332.5304,332.5304,6384.5836,0.02154355,1463.1337,1340.2688,5187.4742,5310.3391,0.01750413,0.01791872,0.00089765,16.2655,14.6936,0.3653,59.3804,1.1678,2646.0457,162.5536,12.4780,16.8648,9.0895,16.5695,22.0926,29.825,33.4482,44.5976,11.8163,0.0,2.018664,2.691552,0.981654,30,240,141,4,0.10479828,0.02244119,0.04150452,0E-8,0.000000,0.902668,0.011910,-0.02129501,2026-03-22,2026-08-05,112,5695,2177,137,0.817518,0.739886,0.767145,0.349328,,,,,,,,GLOBAL_BASELINE_NO_ENTITY_RANKING,,,NOT_APPLICABLE_GLOBAL_BASELINE,HF9g-P5,,,,X 全窗基线 · 不参与实体赏罚,14196433,1420,A168_HF9F_20260827_0900,2026-08-27 09:00:00
2026-06-09,110249610,2134,0,15.4095076662,-15.4095076662,-15.4095076662,0E-7,2,2,0.50665070000000000,0.506650700000,-1.4331513700195317,-1.4331513700195317,-1.4331513700195317,0E-17,ELIGIBLE,R03b_20260811_FULL_v1,L1_ELIGIBILITY,v2026-08-11,2026-03-21..2026-08-06,baccarat_bet02_101_all_pairs_incl_sentinel,round_win = game_pnl > 0 (decisive only),COMPATIBILITY_ONLY_NOT_PRODUCTION,296357.1217,267511.9505,6650.6079,18220,18206,-0.02244119,-0.04150452,-0.02020951,-0.02244119,-6650.6079,296357.1217,OK,0.0000,266.0243,4.0000,96.0000,AG03-UNRESOLVED,ALL5_LEVELS_bet23_to_bet27,266.0243,266.0243,266.0243,332.5304,332.5304,4.000000,4.000000,4.000000,5.000000,5.000000,96.000000,96.000000,96.000000,95.000000,95.000000,5.0,1463.1337,1340.2688,5187.4742,5310.3391,PENDING_AG03,FALSE,NOT_FOR_ENFORCEMENT,6384.5836,256811.4724,6650.6079,6384.5836,266.0243,0.02244119,0.02154355,266.0243,6384.5836,0.02154355,266.0243,266.0243,266.0243,332.5304,332.5304,6384.5836,0.02154355,1463.1337,1340.2688,5187.4742,5310.3391,0.01750413,0.01791872,0.00089765,16.2655,14.6936,0.3653,59.3804,1.1678,2646.0457,162.5536,12.4780,16.8648,9.0895,16.5695,22.0926,29.825,33.4482,44.5976,11.8163,0.0,2.018664,2.691552,0.981654,30,240,141,4,0.10479828,0.02244119,0.04150452,0E-8,0.000000,0.902668,0.011910,-0.02129501,2026-03-22,2026-08-05,112,5695,2177,137,0.817518,0.739886,0.767145,0.349328,,,,,,,,GLOBAL_BASELINE_NO_ENTITY_RANKING,,,NOT_APPLICABLE_GLOBAL_BASELINE,HF9g-P5,,,,X 全窗基线 · 不参与实体赏罚,14196434,1420,A168_HF9F_20260827_0900,2026-08-27 09:00:00
2026-06-09,110249610,2153,0,93.3375892926,13.7639923833,13.7639923833,0.6666667,6,6,0.50665070000000000,0.506650700000,0.7839842952205449,0.7839842952205449,0.7839842952205449,0E-17,ELIGIBLE,R03b_20260811_FULL_v1,L1_ELIGIBILITY,v2026-08-11,2026-03-21..2026-08-06,baccarat_bet02_101_all_pairs_incl_sentinel,round_win = game_pnl > 0 (decisive only),COMPATIBILITY_ONLY_NOT_PRODUCTION,296357.1217,267511.9505,6650.6079,18220,18206,-0.02244119,-0.04150452,-0.02020951,-0.02244119,-6650.6079,296357.1217,OK,0.0000,266.0243,4.0000,96.0000,AG03-UNRESOLVED,ALL5_LEVELS_bet23_to_bet27,266.0243,266.0243,266.0243,332.5304,332.5304,4.000000,4.000000,4.000000,5.000000,5.000000,96.000000,96.000000,96.000000,95.000000,95.000000,5.0,1463.1337,1340.2688,5187.4742,5310.3391,PENDING_AG03,FALSE,NOT_FOR_ENFORCEMENT,6384.5836,256811.4724,6650.6079,6384.5836,266.0243,0.02244119,0.02154355,266.0243,6384.5836,0.02154355,266.0243,266.0243,266.0243,332.5304,332.5304,6384.5836,0.02154355,1463.1337,1340.2688,5187.4742,5310.3391,0.01750413,0.01791872,0.00089765,16.2655,14.6936,0.3653,59.3804,1.1678,2646.0457,162.5536,12.4780,16.8648,9.0895,16.5695,22.0926,29.825,33.4482,44.5976,11.8163,0.0,2.018664,2.691552,0.981654,30,240,141,4,0.10479828,0.02244119,0.04150452,0E-8,0.000000,0.902668,0.011910,-0.02129501,2026-03-22,2026-08-05,112,5695,2177,137,0.817518,0.739886,0.767145,0.349328,,,,,,,,GLOBAL_BASELINE_NO_ENTITY_RANKING,,,NOT_APPLICABLE_GLOBAL_BASELINE,HF9g-P5,,,,X 全窗基线 · 不参与实体赏罚,14196435,1420,A168_HF9F_20260827_0900,2026-08-27 09:00:00
2026-06-09,110249610,2171,0,4.4027164761,-4.4027164761,-4.4027164761,0E-7,1,1,0.49324550000000000,0.493245500000,-0.9865810262130424,-0.9865810262130424,-0.9865810262130424,0E-17,ELIGIBLE,R03b_20260811_FULL_v1,L1_ELIGIBILITY,v2026-08-11,2026-03-21..2026-08-06,baccarat_bet02_101_all_pairs_incl_sentinel,round_win = game_pnl > 0 (decisive only),COMPATIBILITY_ONLY_NOT_PRODUCTION,296357.1217,267511.9505,6650.6079,18220,18206,-0.02244119,-0.04150452,-0.02020951,-0.02244119,-6650.6079,296357.1217,OK,0.0000,266.0243,4.0000,96.0000,AG03-UNRESOLVED,ALL5_LEVELS_bet23_to_bet27,266.0243,266.0243,266.0243,332.5304,332.5304,4.000000,4.000000,4.000000,5.000000,5.000000,96.000000,96.000000,96.000000,95.000000,95.000000,5.0,1463.1337,1340.2688,5187.4742,5310.3391,PENDING_AG03,FALSE,NOT_FOR_ENFORCEMENT,6384.5836,256811.4724,6650.6079,6384.5836,266.0243,0.02244119,0.02154355,266.0243,6384.5836,0.02154355,266.0243,266.0243,266.0243,332.5304,332.5304,6384.5836,0.02154355,1463.1337,1340.2688,5187.4742,5310.3391,0.01750413,0.01791872,0.00089765,16.2655,14.6936,0.3653,59.3804,1.1678,2646.0457,162.5536,12.4780,16.8648,9.0895,16.5695,22.0926,29.825,33.4482,44.5976,11.8163,0.0,2.018664,2.691552,0.981654,30,240,141,4,0.10479828,0.02244119,0.04150452,0E-8,0.000000,0.902668,0.011910,-0.02129501,2026-03-22,2026-08-05,112,5695,2177,137,0.817518,0.739886,0.767145,0.349328,,,,,,,,GLOBAL_BASELINE_NO_ENTITY_RANKING,,,NOT_APPLICABLE_GLOBAL_BASELINE,HF9g-P5,,,,X 全窗基线 · 不参与实体赏罚,14196436,1420,A168_HF9F_20260827_0900,2026-08-27 09:00:00
2026-06-09,110249610,2175,0,27.5169779754,-5.5033955950,-5.5033955950,0.5000000,2,2,0.49324550000000000,0.493245500000,0.01910635448239258,0.01910635448239258,0.01910635448239258,0E-17,ELIGIBLE,R03b_20260811_FULL_v1,L1_ELIGIBILITY,v2026-08-11,2026-03-21..2026-08-06,baccarat_bet02_101_all_pairs_incl_sentinel,round_win = game_pnl > 0 (decisive only),COMPATIBILITY_ONLY_NOT_PRODUCTION,296357.1217,267511.9505,6650.6079,18220,18206,-0.02244119,-0.04150452,-0.02020951,-0.02244119,-6650.6079,296357.1217,OK,0.0000,266.0243,4.0000,96.0000,AG03-UNRESOLVED,ALL5_LEVELS_bet23_to_bet27,266.0243,266.0243,266.0243,332.5304,332.5304,4.000000,4.000000,4.000000,5.000000,5.000000,96.000000,96.000000,96.000000,95.000000,95.000000,5.0,1463.1337,1340.2688,5187.4742,5310.3391,PENDING_AG03,FALSE,NOT_FOR_ENFORCEMENT,6384.5836,256811.4724,6650.6079,6384.5836,266.0243,0.02244119,0.02154355,266.0243,6384.5836,0.02154355,266.0243,266.0243,266.0243,332.5304,332.5304,6384.5836,0.02154355,1463.1337,1340.2688,5187.4742,5310.3391,0.01750413,0.01791872,0.00089765,16.2655,14.6936,0.3653,59.3804,1.1678,2646.0457,162.5536,12.4780,16.8648,9.0895,16.5695,22.0926,29.825,33.4482,44.5976,11.8163,0.0,2.018664,2.691552,0.981654,30,240,141,4,0.10479828,0.02244119,0.04150452,0E-8,0.000000,0.902668,0.011910,-0.02129501,2026-03-22,2026-08-05,112,5695,2177,137,0.817518,0.739886,0.767145,0.349328,,,,,,,,GLOBAL_BASELINE_NO_ENTITY_RANKING,,,NOT_APPLICABLE_GLOBAL_BASELINE,HF9g-P5,,,,X 全窗基线 · 不参与实体赏罚,14196437,1420,A168_HF9F_20260827_0900,2026-08-27 09:00:00
2026-06-09,110249610,2209,0,50.6312394748,11.6121647056,11.6121647056,0.6666667,3,3,0.50665070000000000,0.506650700000,0.5543606114942035,0.5543606114942035,0.5543606114942035,0E-17,ELIGIBLE,R03b_20260811_FULL_v1,L1_ELIGIBILITY,v2026-08-11,2026-03-21..2026-08-06,baccarat_bet02_101_all_pairs_incl_sentinel,round_win = game_pnl > 0 (decisive only),COMPATIBILITY_ONLY_NOT_PRODUCTION,296357.1217,267511.9505,6650.6079,18220,18206,-0.02244119,-0.04150452,-0.02020951,-0.02244119,-6650.6079,296357.1217,OK,0.0000,266.0243,4.0000,96.0000,AG03-UNRESOLVED,ALL5_LEVELS_bet23_to_bet27,266.0243,266.0243,266.0243,332.5304,332.5304,4.000000,4.000000,4.000000,5.000000,5.000000,96.000000,96.000000,96.000000,95.000000,95.000000,5.0,1463.1337,1340.2688,5187.4742,5310.3391,PENDING_AG03,FALSE,NOT_FOR_ENFORCEMENT,6384.5836,256811.4724,6650.6079,6384.5836,266.0243,0.02244119,0.02154355,266.0243,6384.5836,0.02154355,266.0243,266.0243,266.0243,332.5304,332.5304,6384.5836,0.02154355,1463.1337,1340.2688,5187.4742,5310.3391,0.01750413,0.01791872,0.00089765,16.2655,14.6936,0.3653,59.3804,1.1678,2646.0457,162.5536,12.4780,16.8648,9.0895,16.5695,22.0926,29.825,33.4482,44.5976,11.8163,0.0,2.018664,2.691552,0.981654,30,240,141,4,0.10479828,0.02244119,0.04150452,0E-8,0.000000,0.902668,0.011910,-0.02129501,2026-03-22,2026-08-05,112,5695,2177,137,0.817518,0.739886,0.767145,0.349328,,,,,,,,GLOBAL_BASELINE_NO_ENTITY_RANKING,,,NOT_APPLICABLE_GLOBAL_BASELINE,HF9g-P5,,,,X 全窗基线 · 不参与实体赏罚,14196438,1420,A168_HF9F_20260827_0900,2026-08-27 09:00:00
2026-06-09,110249610,2224,0,11.0067911902,-11.0067911902,-11.0067911902,0E-7,1,1,0.49324550000000000,0.493245500000,-0.9865810262130424,-0.9865810262130424,-0.9865810262130424,0E-17,ELIGIBLE,R03b_20260811_FULL_v1,L1_ELIGIBILITY,v2026-08-11,2026-03-21..2026-08-06,baccarat_bet02_101_all_pairs_incl_sentinel,round_win = game_pnl > 0 (decisive only),COMPATIBILITY_ONLY_NOT_PRODUCTION,296357.1217,267511.9505,6650.6079,18220,18206,-0.02244119,-0.04150452,-0.02020951,-0.02244119,-6650.6079,296357.1217,OK,0.0000,266.0243,4.0000,96.0000,AG03-UNRESOLVED,ALL5_LEVELS_bet23_to_bet27,266.0243,266.0243,266.0243,332.5304,332.5304,4.000000,4.000000,4.000000,5.000000,5.000000,96.000000,96.000000,96.000000,95.000000,95.000000,5.0,1463.1337,1340.2688,5187.4742,5310.3391,PENDING_AG03,FALSE,NOT_FOR_ENFORCEMENT,6384.5836,256811.4724,6650.6079,6384.5836,266.0243,0.02244119,0.02154355,266.0243,6384.5836,0.02154355,266.0243,266.0243,266.0243,332.5304,332.5304,6384.5836,0.02154355,1463.1337,1340.2688,5187.4742,5310.3391,0.01750413,0.01791872,0.00089765,16.2655,14.6936,0.3653,59.3804,1.1678,2646.0457,162.5536,12.4780,16.8648,9.0895,16.5695,22.0926,29.825,33.4482,44.5976,11.8163,0.0,2.018664,2.691552,0.981654,30,240,141,4,0.10479828,0.02244119,0.04150452,0E-8,0.000000,0.902668,0.011910,-0.02129501,2026-03-22,2026-08-05,112,5695,2177,137,0.817518,0.739886,0.767145,0.349328,,,,,,,,GLOBAL_BASELINE_NO_ENTITY_RANKING,,,NOT_APPLICABLE_GLOBAL_BASELINE,HF9g-P5,,,,X 全窗基线 · 不参与实体赏罚,14196439,1420,A168_HF9F_20260827_0900,2026-08-27 09:00:00
2026-06-09,110249610,2234,0,6.6040747141,6.2738709784,6.2738709784,1.0000000,1,1,0.50665070000000000,0.506650700000,0.9867858985152569,0.9867858985152569,0.9867858985152569,0E-17,ELIGIBLE,R03b_20260811_FULL_v1,L1_ELIGIBILITY,v2026-08-11,2026-03-21..2026-08-06,baccarat_bet02_101_all_pairs_incl_sentinel,round_win = game_pnl > 0 (decisive only),COMPATIBILITY_ONLY_NOT_PRODUCTION,296357.1217,267511.9505,6650.6079,18220,18206,-0.02244119,-0.04150452,-0.02020951,-0.02244119,-6650.6079,296357.1217,OK,0.0000,266.0243,4.0000,96.0000,AG03-UNRESOLVED,ALL5_LEVELS_bet23_to_bet27,266.0243,266.0243,266.0243,332.5304,332.5304,4.000000,4.000000,4.000000,5.000000,5.000000,96.000000,96.000000,96.000000,95.000000,95.000000,5.0,1463.1337,1340.2688,5187.4742,5310.3391,PENDING_AG03,FALSE,NOT_FOR_ENFORCEMENT,6384.5836,256811.4724,6650.6079,6384.5836,266.0243,0.02244119,0.02154355,266.0243,6384.5836,0.02154355,266.0243,266.0243,266.0243,332.5304,332.5304,6384.5836,0.02154355,1463.1337,1340.2688,5187.4742,5310.3391,0.01750413,0.01791872,0.00089765,16.2655,14.6936,0.3653,59.3804,1.1678,2646.0457,162.5536,12.4780,16.8648,9.0895,16.5695,22.0926,29.825,33.4482,44.5976,11.8163,0.0,2.018664,2.691552,0.981654,30,240,141,4,0.10479828,0.02244119,0.04150452,0E-8,0.000000,0.902668,0.011910,-0.02129501,2026-03-22,2026-08-05,112,5695,2177,137,0.817518,0.739886,0.767145,0.349328,,,,,,,,GLOBAL_BASELINE_NO_ENTITY_RANKING,,,NOT_APPLICABLE_GLOBAL_BASELINE,HF9g-P5,,,,X 全窗基线 · 不参与实体赏罚,14196440,1420,A168_HF9F_20260827_0900,2026-08-27 09:00:00
2026-06-09,110249610,2248,0,38.5237691656,-17.0605263447,-17.0605263447,0.3333333,3,3,0.50665070000000000,0.506650700000,-0.6004420894325239,-0.6004420894325239,-0.6004420894325239,0E-17,ELIGIBLE,R03b_20260811_FULL_v1,L1_ELIGIBILITY,v2026-08-11,2026-03-21..2026-08-06,baccarat_bet02_101_all_pairs_incl_sentinel,round_win = game_pnl > 0 (decisive only),COMPATIBILITY_ONLY_NOT_PRODUCTION,296357.1217,267511.9505,6650.6079,18220,18206,-0.02244119,-0.04150452,-0.02020951,-0.02244119,-6650.6079,296357.1217,OK,0.0000,266.0243,4.0000,96.0000,AG03-UNRESOLVED,ALL5_LEVELS_bet23_to_bet27,266.0243,266.0243,266.0243,332.5304,332.5304,4.000000,4.000000,4.000000,5.000000,5.000000,96.000000,96.000000,96.000000,95.000000,95.000000,5.0,1463.1337,1340.2688,5187.4742,5310.3391,PENDING_AG03,FALSE,NOT_FOR_ENFORCEMENT,6384.5836,256811.4724,6650.6079,6384.5836,266.0243,0.02244119,0.02154355,266.0243,6384.5836,0.02154355,266.0243,266.0243,266.0243,332.5304,332.5304,6384.5836,0.02154355,1463.1337,1340.2688,5187.4742,5310.3391,0.01750413,0.01791872,0.00089765,16.2655,14.6936,0.3653,59.3804,1.1678,2646.0457,162.5536,12.4780,16.8648,9.0895,16.5695,22.0926,29.825,33.4482,44.5976,11.8163,0.0,2.018664,2.691552,0.981654,30,240,141,4,0.10479828,0.02244119,0.04150452,0E-8,0.000000,0.902668,0.011910,-0.02129501,2026-03-22,2026-08-05,112,5695,2177,137,0.817518,0.739886,0.767145,0.349328,,,,,,,,GLOBAL_BASELINE_NO_ENTITY_RANKING,,,NOT_APPLICABLE_GLOBAL_BASELINE,HF9g-P5,,,,X 全窗基线 · 不参与实体赏罚,14196441,1420,A168_HF9F_20260827_0900,2026-08-27 09:00:00
2026-06-09,110249610,2256,0,59.4366724268,35.5519355442,35.5519355442,1.0000000,3,3,0.50665070000000000,0.506650700000,1.3955260008387969,1.3955260008387969,1.3955260008387969,0E-17,ELIGIBLE,R03b_20260811_FULL_v1,L1_ELIGIBILITY,v2026-08-11,2026-03-21..2026-08-06,baccarat_bet02_101_all_pairs_incl_sentinel,round_win = game_pnl > 0 (decisive only),COMPATIBILITY_ONLY_NOT_PRODUCTION,296357.1217,267511.9505,6650.6079,18220,18206,-0.02244119,-0.04150452,-0.02020951,-0.02244119,-6650.6079,296357.1217,OK,0.0000,266.0243,4.0000,96.0000,AG03-UNRESOLVED,ALL5_LEVELS_bet23_to_bet27,266.0243,266.0243,266.0243,332.5304,332.5304,4.000000,4.000000,4.000000,5.000000,5.000000,96.000000,96.000000,96.000000,95.000000,95.000000,5.0,1463.1337,1340.2688,5187.4742,5310.3391,PENDING_AG03,FALSE,NOT_FOR_ENFORCEMENT,6384.5836,256811.4724,6650.6079,6384.5836,266.0243,0.02244119,0.02154355,266.0243,6384.5836,0.02154355,266.0243,266.0243,266.0243,332.5304,332.5304,6384.5836,0.02154355,1463.1337,1340.2688,5187.4742,5310.3391,0.01750413,0.01791872,0.00089765,16.2655,14.6936,0.3653,59.3804,1.1678,2646.0457,162.5536,12.4780,16.8648,9.0895,16.5695,22.0926,29.825,33.4482,44.5976,11.8163,0.0,2.018664,2.691552,0.981654,30,240,141,4,0.10479828,0.02244119,0.04150452,0E-8,0.000000,0.902668,0.011910,-0.02129501,2026-03-22,2026-08-05,112,5695,2177,137,0.817518,0.739886,0.767145,0.349328,,,,,,,,GLOBAL_BASELINE_NO_ENTITY_RANKING,,,NOT_APPLICABLE_GLOBAL_BASELINE,HF9g-P5,,,,X 全窗基线 · 不参与实体赏罚,14196442,1420,A168_HF9F_20260827_0900,2026-08-27 09:00:00
2026-06-09,110249610,2266,0,38.7439049893,-38.7439049893,-38.7439049893,0E-7,3,3,0.50218230000000000,0.502182300000,-1.7396270863184011,-1.7396270863184016,-1.7396270863184011,0E-17,ELIGIBLE,R03b_20260811_FULL_v1,L1_ELIGIBILITY,v2026-08-11,2026-03-21..2026-08-06,baccarat_bet02_101_all_pairs_incl_sentinel,round_win = game_pnl > 0 (decisive only),COMPATIBILITY_ONLY_NOT_PRODUCTION,296357.1217,267511.9505,6650.6079,18220,18206,-0.02244119,-0.04150452,-0.02020951,-0.02244119,-6650.6079,296357.1217,OK,0.0000,266.0243,4.0000,96.0000,AG03-UNRESOLVED,ALL5_LEVELS_bet23_to_bet27,266.0243,266.0243,266.0243,332.5304,332.5304,4.000000,4.000000,4.000000,5.000000,5.000000,96.000000,96.000000,96.000000,95.000000,95.000000,5.0,1463.1337,1340.2688,5187.4742,5310.3391,PENDING_AG03,FALSE,NOT_FOR_ENFORCEMENT,6384.5836,256811.4724,6650.6079,6384.5836,266.0243,0.02244119,0.02154355,266.0243,6384.5836,0.02154355,266.0243,266.0243,266.0243,332.5304,332.5304,6384.5836,0.02154355,1463.1337,1340.2688,5187.4742,5310.3391,0.01750413,0.01791872,0.00089765,16.2655,14.6936,0.3653,59.3804,1.1678,2646.0457,162.5536,12.4780,16.8648,9.0895,16.5695,22.0926,29.825,33.4482,44.5976,11.8163,0.0,2.018664,2.691552,0.981654,30,240,141,4,0.10479828,0.02244119,0.04150452,0E-8,0.000000,0.902668,0.011910,-0.02129501,2026-03-22,2026-08-05,112,5695,2177,137,0.817518,0.739886,0.767145,0.349328,,,,,,,,GLOBAL_BASELINE_NO_ENTITY_RANKING,,,NOT_APPLICABLE_GLOBAL_BASELINE,HF9g-P5,,,,X 全窗基线 · 不参与实体赏罚,14196443,1420,A168_HF9F_20260827_0900,2026-08-27 09:00:00
2026-06-09,110249610,2276,0,30.2686757730,-12.8779456925,-12.8779456925,0.3333333,4,4,0.50329940000000000,0.503299400000,-0.5887925454369916,-0.5887925454369916,-0.5887925454369916,0E-17,ELIGIBLE,R03b_20260811_FULL_v1,L1_ELIGIBILITY,v2026-08-11,2026-03-21..2026-08-06,baccarat_bet02_101_all_pairs_incl_sentinel,round_win = game_pnl > 0 (decisive only),COMPATIBILITY_ONLY_NOT_PRODUCTION,296357.1217,267511.9505,6650.6079,18220,18206,-0.02244119,-0.04150452,-0.02020951,-0.02244119,-6650.6079,296357.1217,OK,0.0000,266.0243,4.0000,96.0000,AG03-UNRESOLVED,ALL5_LEVELS_bet23_to_bet27,266.0243,266.0243,266.0243,332.5304,332.5304,4.000000,4.000000,4.000000,5.000000,5.000000,96.000000,96.000000,96.000000,95.000000,95.000000,5.0,1463.1337,1340.2688,5187.4742,5310.3391,PENDING_AG03,FALSE,NOT_FOR_ENFORCEMENT,6384.5836,256811.4724,6650.6079,6384.5836,266.0243,0.02244119,0.02154355,266.0243,6384.5836,0.02154355,266.0243,266.0243,266.0243,332.5304,332.5304,6384.5836,0.02154355,1463.1337,1340.2688,5187.4742,5310.3391,0.01750413,0.01791872,0.00089765,16.2655,14.6936,0.3653,59.3804,1.1678,2646.0457,162.5536,12.4780,16.8648,9.0895,16.5695,22.0926,29.825,33.4482,44.5976,11.8163,0.0,2.018664,2.691552,0.981654,30,240,141,4,0.10479828,0.02244119,0.04150452,0E-8,0.000000,0.902668,0.011910,-0.02129501,2026-03-22,2026-08-05,112,5695,2177,137,0.817518,0.739886,0.767145,0.349328,,,,,,,,GLOBAL_BASELINE_NO_ENTITY_RANKING,,,NOT_APPLICABLE_GLOBAL_BASELINE,HF9g-P5,,,,X 全窗基线 · 不参与实体赏罚,14196444,1420,A168_HF9F_20260827_0900,2026-08-27 09:00:00
2026-06-09,110249610,462,0,84.7522921643,0.5778565376,0.5778565376,0.5714286,7,7,0.49899058571428571,0.498990585714,0.38330657246501415,0.3833065724665265,0.38330657246501415,2.8571E-13,ELIGIBLE,R03b_20260811_FULL_v1,L1_ELIGIBILITY,v2026-08-11,2026-03-21..2026-08-06,baccarat_bet02_101_all_pairs_incl_sentinel,round_win = game_pnl > 0 (decisive only),COMPATIBILITY_ONLY_NOT_PRODUCTION,296357.1217,267511.9505,6650.6079,18220,18206,-0.02244119,-0.04150452,-0.02020951,-0.02244119,-6650.6079,296357.1217,OK,0.0000,266.0243,4.0000,96.0000,AG03-UNRESOLVED,ALL5_LEVELS_bet23_to_bet27,266.0243,266.0243,266.0243,332.5304,332.5304,4.000000,4.000000,4.000000,5.000000,5.000000,96.000000,96.000000,96.000000,95.000000,95.000000,5.0,1463.1337,1340.2688,5187.4742,5310.3391,PENDING_AG03,FALSE,NOT_FOR_ENFORCEMENT,6384.5836,256811.4724,6650.6079,6384.5836,266.0243,0.02244119,0.02154355,266.0243,6384.5836,0.02154355,266.0243,266.0243,266.0243,332.5304,332.5304,6384.5836,0.02154355,1463.1337,1340.2688,5187.4742,5310.3391,0.01750413,0.01791872,0.00089765,16.2655,14.6936,0.3653,59.3804,1.1678,2646.0457,162.5536,12.4780,16.8648,9.0895,16.5695,22.0926,29.825,33.4482,44.5976,11.8163,0.0,2.018664,2.691552,0.981654,30,240,141,4,0.10479828,0.02244119,0.04150452,0E-8,0.000000,0.902668,0.011910,-0.02129501,2026-03-22,2026-08-05,112,5695,2177,137,0.817518,0.739886,0.767145,0.349328,,,,,,,,GLOBAL_BASELINE_NO_ENTITY_RANKING,,,NOT_APPLICABLE_GLOBAL_BASELINE,HF9g-P5,,,,X 全窗基线 · 不参与实体赏罚,14196445,1420,A168_HF9F_20260827_0900,2026-08-27 09:00:00
2026-06-09,110249610,550,0,79.2488965693,13.2081494282,13.2081494282,0.6666667,5,5,0.49324550000000000,0.493245500000,0.6008033672792107,0.6008033672792106,0.6008033672792107,0E-17,ELIGIBLE,R03b_20260811_FULL_v1,L1_ELIGIBILITY,v2026-08-11,2026-03-21..2026-08-06,baccarat_bet02_101_all_pairs_incl_sentinel,round_win = game_pnl > 0 (decisive only),COMPATIBILITY_ONLY_NOT_PRODUCTION,296357.1217,267511.9505,6650.6079,18220,18206,-0.02244119,-0.04150452,-0.02020951,-0.02244119,-6650.6079,296357.1217,OK,0.0000,266.0243,4.0000,96.0000,AG03-UNRESOLVED,ALL5_LEVELS_bet23_to_bet27,266.0243,266.0243,266.0243,332.5304,332.5304,4.000000,4.000000,4.000000,5.000000,5.000000,96.000000,96.000000,96.000000,95.000000,95.000000,5.0,1463.1337,1340.2688,5187.4742,5310.3391,PENDING_AG03,FALSE,NOT_FOR_ENFORCEMENT,6384.5836,256811.4724,6650.6079,6384.5836,266.0243,0.02244119,0.02154355,266.0243,6384.5836,0.02154355,266.0243,266.0243,266.0243,332.5304,332.5304,6384.5836,0.02154355,1463.1337,1340.2688,5187.4742,5310.3391,0.01750413,0.01791872,0.00089765,16.2655,14.6936,0.3653,59.3804,1.1678,2646.0457,162.5536,12.4780,16.8648,9.0895,16.5695,22.0926,29.825,33.4482,44.5976,11.8163,0.0,2.018664,2.691552,0.981654,30,240,141,4,0.10479828,0.02244119,0.04150452,0E-8,0.000000,0.902668,0.011910,-0.02129501,2026-03-22,2026-08-05,112,5695,2177,137,0.817518,0.739886,0.767145,0.349328,,,,,,,,GLOBAL_BASELINE_NO_ENTITY_RANKING,,,NOT_APPLICABLE_GLOBAL_BASELINE,HF9g-P5,,,,X 全窗基线 · 不参与实体赏罚,14196446,1420,A168_HF9F_20260827_0900,2026-08-27 09:00:00
2026-06-09,110249610,925,0,31.5894907157,3.7423090047,3.7423090047,0.6666667,4,4,0.50665070000000000,0.506650700000,0.5543606114942035,0.5543606114942035,0.5543606114942035,0E-17,ELIGIBLE,R03b_20260811_FULL_v1,L1_ELIGIBILITY,v2026-08-11,2026-03-21..2026-08-06,baccarat_bet02_101_all_pairs_incl_sentinel,round_win = game_pnl > 0 (decisive only),COMPATIBILITY_ONLY_NOT_PRODUCTION,296357.1217,267511.9505,6650.6079,18220,18206,-0.02244119,-0.04150452,-0.02020951,-0.02244119,-6650.6079,296357.1217,OK,0.0000,266.0243,4.0000,96.0000,AG03-UNRESOLVED,ALL5_LEVELS_bet23_to_bet27,266.0243,266.0243,266.0243,332.5304,332.5304,4.000000,4.000000,4.000000,5.000000,5.000000,96.000000,96.000000,96.000000,95.000000,95.000000,5.0,1463.1337,1340.2688,5187.4742,5310.3391,PENDING_AG03,FALSE,NOT_FOR_ENFORCEMENT,6384.5836,256811.4724,6650.6079,6384.5836,266.0243,0.02244119,0.02154355,266.0243,6384.5836,0.02154355,266.0243,266.0243,266.0243,332.5304,332.5304,6384.5836,0.02154355,1463.1337,1340.2688,5187.4742,5310.3391,0.01750413,0.01791872,0.00089765,16.2655,14.6936,0.3653,59.3804,1.1678,2646.0457,162.5536,12.4780,16.8648,9.0895,16.5695,22.0926,29.825,33.4482,44.5976,11.8163,0.0,2.018664,2.691552,0.981654,30,240,141,4,0.10479828,0.02244119,0.04150452,0E-8,0.000000,0.902668,0.011910,-0.02129501,2026-03-22,2026-08-05,112,5695,2177,137,0.817518,0.739886,0.767145,0.349328,,,,,,,,GLOBAL_BASELINE_NO_ENTITY_RANKING,,,NOT_APPLICABLE_GLOBAL_BASELINE,HF9g-P5,,,,X 全窗基线 · 不参与实体赏罚,14196447,1420,A168_HF9F_20260827_0900,2026-08-27 09:00:00
2026-06-10,110249610,-1,1,742.8483374246,8.9925484028,8.9925484028,0.4814815,61,61,0.50423336885245902,0.504233368852,-0.33439507434350313,-0.33439507433675414,-0.33439507434350313,4.5902E-13,SENTINEL_DEALER,R03b_20260811_FULL_v1,L1_ELIGIBILITY,v2026-08-11,2026-03-21..2026-08-06,baccarat_bet02_101_all_pairs_incl_sentinel,round_win = game_pnl > 0 (decisive only),COMPATIBILITY_ONLY_NOT_PRODUCTION,296357.1217,267511.9505,6650.6079,18220,18206,-0.02244119,-0.04150452,-0.02020951,-0.02244119,-6650.6079,296357.1217,OK,0.0000,266.0243,4.0000,96.0000,AG03-UNRESOLVED,ALL5_LEVELS_bet23_to_bet27,266.0243,266.0243,266.0243,332.5304,332.5304,4.000000,4.000000,4.000000,5.000000,5.000000,96.000000,96.000000,96.000000,95.000000,95.000000,5.0,1463.1337,1340.2688,5187.4742,5310.3391,PENDING_AG03,FALSE,NOT_FOR_ENFORCEMENT,6384.5836,256811.4724,6650.6079,6384.5836,266.0243,0.02244119,0.02154355,266.0243,6384.5836,0.02154355,266.0243,266.0243,266.0243,332.5304,332.5304,6384.5836,0.02154355,1463.1337,1340.2688,5187.4742,5310.3391,0.01750413,0.01791872,0.00089765,16.2655,14.6936,0.3653,59.3804,1.1678,2646.0457,162.5536,12.4780,16.8648,9.0895,16.5695,22.0926,29.825,33.4482,44.5976,11.8163,0.0,2.018664,2.691552,0.981654,30,240,141,4,0.10479828,0.02244119,0.04150452,0E-8,0.000000,0.902668,0.011910,-0.02129501,2026-03-22,2026-08-05,112,5695,2177,137,0.817518,0.739886,0.767145,0.349328,,,,,,,,GLOBAL_BASELINE_NO_ENTITY_RANKING,,,NOT_APPLICABLE_GLOBAL_BASELINE,HF9g-P5,,,,X 全窗基线 · 不参与实体赏罚,14196448,1420,A168_HF9F_20260827_0900,2026-08-27 09:00:00
2026-06-10,110249610,1115,0,16.5101867852,-16.5101867852,-16.5101867852,0E-7,1,1,0.49324550000000000,0.493245500000,-0.9865810262130424,-0.9865810262130424,-0.9865810262130424,0E-17,ELIGIBLE,R03b_20260811_FULL_v1,L1_ELIGIBILITY,v2026-08-11,2026-03-21..2026-08-06,baccarat_bet02_101_all_pairs_incl_sentinel,round_win = game_pnl > 0 (decisive only),COMPATIBILITY_ONLY_NOT_PRODUCTION,296357.1217,267511.9505,6650.6079,18220,18206,-0.02244119,-0.04150452,-0.02020951,-0.02244119,-6650.6079,296357.1217,OK,0.0000,266.0243,4.0000,96.0000,AG03-UNRESOLVED,ALL5_LEVELS_bet23_to_bet27,266.0243,266.0243,266.0243,332.5304,332.5304,4.000000,4.000000,4.000000,5.000000,5.000000,96.000000,96.000000,96.000000,95.000000,95.000000,5.0,1463.1337,1340.2688,5187.4742,5310.3391,PENDING_AG03,FALSE,NOT_FOR_ENFORCEMENT,6384.5836,256811.4724,6650.6079,6384.5836,266.0243,0.02244119,0.02154355,266.0243,6384.5836,0.02154355,266.0243,266.0243,266.0243,332.5304,332.5304,6384.5836,0.02154355,1463.1337,1340.2688,5187.4742,5310.3391,0.01750413,0.01791872,0.00089765,16.2655,14.6936,0.3653,59.3804,1.1678,2646.0457,162.5536,12.4780,16.8648,9.0895,16.5695,22.0926,29.825,33.4482,44.5976,11.8163,0.0,2.018664,2.691552,0.981654,30,240,141,4,0.10479828,0.02244119,0.04150452,0E-8,0.000000,0.902668,0.011910,-0.02129501,2026-03-22,2026-08-05,112,5695,2177,137,0.817518,0.739886,0.767145,0.349328,,,,,,,,GLOBAL_BASELINE_NO_ENTITY_RANKING,,,NOT_APPLICABLE_GLOBAL_BASELINE,HF9g-P5,,,,X 全窗基线 · 不参与实体赏罚,14196449,1420,A168_HF9F_20260827_0900,2026-08-27 09:00:00
2026-06-10,110249610,1151,0,27.5169779754,-16.5101867852,-16.5101867852,0E-7,2,2,0.50665070000000000,0.506650700000,-1.013391052207602,-1.013391052207602,-1.013391052207602,0E-17,ELIGIBLE,R03b_20260811_FULL_v1,L1_ELIGIBILITY,v2026-08-11,2026-03-21..2026-08-06,baccarat_bet02_101_all_pairs_incl_sentinel,round_win = game_pnl > 0 (decisive only),COMPATIBILITY_ONLY_NOT_PRODUCTION,296357.1217,267511.9505,6650.6079,18220,18206,-0.02244119,-0.04150452,-0.02020951,-0.02244119,-6650.6079,296357.1217,OK,0.0000,266.0243,4.0000,96.0000,AG03-UNRESOLVED,ALL5_LEVELS_bet23_to_bet27,266.0243,266.0243,266.0243,332.5304,332.5304,4.000000,4.000000,4.000000,5.000000,5.000000,96.000000,96.000000,96.000000,95.000000,95.000000,5.0,1463.1337,1340.2688,5187.4742,5310.3391,PENDING_AG03,FALSE,NOT_FOR_ENFORCEMENT,6384.5836,256811.4724,6650.6079,6384.5836,266.0243,0.02244119,0.02154355,266.0243,6384.5836,0.02154355,266.0243,266.0243,266.0243,332.5304,332.5304,6384.5836,0.02154355,1463.1337,1340.2688,5187.4742,5310.3391,0.01750413,0.01791872,0.00089765,16.2655,14.6936,0.3653,59.3804,1.1678,2646.0457,162.5536,12.4780,16.8648,9.0895,16.5695,22.0926,29.825,33.4482,44.5976,11.8163,0.0,2.018664,2.691552,0.981654,30,240,141,4,0.10479828,0.02244119,0.04150452,0E-8,0.000000,0.902668,0.011910,-0.02129501,2026-03-22,2026-08-05,112,5695,2177,137,0.817518,0.739886,0.767145,0.349328,,,,,,,,GLOBAL_BASELINE_NO_ENTITY_RANKING,,,NOT_APPLICABLE_GLOBAL_BASELINE,HF9g-P5,,,,X 全窗基线 · 不参与实体赏罚,14196450,1420,A168_HF9F_20260827_0900,2026-08-27 09:00:00
2026-06-10,110249610,1220,0,8.2550933926,-8.2550933926,-8.2550933926,0E-7,1,1,0.49324550000000000,0.493245500000,-0.9865810262130424,-0.9865810262130424,-0.9865810262130424,0E-17,ELIGIBLE,R03b_20260811_FULL_v1,L1_ELIGIBILITY,v2026-08-11,2026-03-21..2026-08-06,baccarat_bet02_101_all_pairs_incl_sentinel,round_win = game_pnl > 0 (decisive only),COMPATIBILITY_ONLY_NOT_PRODUCTION,296357.1217,267511.9505,6650.6079,18220,18206,-0.02244119,-0.04150452,-0.02020951,-0.02244119,-6650.6079,296357.1217,OK,0.0000,266.0243,4.0000,96.0000,AG03-UNRESOLVED,ALL5_LEVELS_bet23_to_bet27,266.0243,266.0243,266.0243,332.5304,332.5304,4.000000,4.000000,4.000000,5.000000,5.000000,96.000000,96.000000,96.000000,95.000000,95.000000,5.0,1463.1337,1340.2688,5187.4742,5310.3391,PENDING_AG03,FALSE,NOT_FOR_ENFORCEMENT,6384.5836,256811.4724,6650.6079,6384.5836,266.0243,0.02244119,0.02154355,266.0243,6384.5836,0.02154355,266.0243,266.0243,266.0243,332.5304,332.5304,6384.5836,0.02154355,1463.1337,1340.2688,5187.4742,5310.3391,0.01750413,0.01791872,0.00089765,16.2655,14.6936,0.3653,59.3804,1.1678,2646.0457,162.5536,12.4780,16.8648,9.0895,16.5695,22.0926,29.825,33.4482,44.5976,11.8163,0.0,2.018664,2.691552,0.981654,30,240,141,4,0.10479828,0.02244119,0.04150452,0E-8,0.000000,0.902668,0.011910,-0.02129501,2026-03-22,2026-08-05,112,5695,2177,137,0.817518,0.739886,0.767145,0.349328,,,,,,,,GLOBAL_BASELINE_NO_ENTITY_RANKING,,,NOT_APPLICABLE_GLOBAL_BASELINE,HF9g-P5,,,,X 全窗基线 · 不参与实体赏罚,14196451,1420,A168_HF9F_20260827_0900,2026-08-27 09:00:00
2026-06-10,110249610,1306,0,27.5169779754,-6.0537351545,-6.0537351545,0.5000000,2,2,0.49994810000000000,0.499948100000,0.00014679536856514622,0.00014679536856514622,0.00014679536856514622,0E-17,ELIGIBLE,R03b_20260811_FULL_v1,L1_ELIGIBILITY,v2026-08-11,2026-03-21..2026-08-06,baccarat_bet02_101_all_pairs_incl_sentinel,round_win = game_pnl > 0 (decisive only),COMPATIBILITY_ONLY_NOT_PRODUCTION,296357.1217,267511.9505,6650.6079,18220,18206,-0.02244119,-0.04150452,-0.02020951,-0.02244119,-6650.6079,296357.1217,OK,0.0000,266.0243,4.0000,96.0000,AG03-UNRESOLVED,ALL5_LEVELS_bet23_to_bet27,266.0243,266.0243,266.0243,332.5304,332.5304,4.000000,4.000000,4.000000,5.000000,5.000000,96.000000,96.000000,96.000000,95.000000,95.000000,5.0,1463.1337,1340.2688,5187.4742,5310.3391,PENDING_AG03,FALSE,NOT_FOR_ENFORCEMENT,6384.5836,256811.4724,6650.6079,6384.5836,266.0243,0.02244119,0.02154355,266.0243,6384.5836,0.02154355,266.0243,266.0243,266.0243,332.5304,332.5304,6384.5836,0.02154355,1463.1337,1340.2688,5187.4742,5310.3391,0.01750413,0.01791872,0.00089765,16.2655,14.6936,0.3653,59.3804,1.1678,2646.0457,162.5536,12.4780,16.8648,9.0895,16.5695,22.0926,29.825,33.4482,44.5976,11.8163,0.0,2.018664,2.691552,0.981654,30,240,141,4,0.10479828,0.02244119,0.04150452,0E-8,0.000000,0.902668,0.011910,-0.02129501,2026-03-22,2026-08-05,112,5695,2177,137,0.817518,0.739886,0.767145,0.349328,,,,,,,,GLOBAL_BASELINE_NO_ENTITY_RANKING,,,NOT_APPLICABLE_GLOBAL_BASELINE,HF9g-P5,,,,X 全窗基线 · 不参与实体赏罚,14196452,1420,A168_HF9F_20260827_0900,2026-08-27 09:00:00
2026-06-10,110249610,1307,0,33.5707131300,-33.5707131300,-33.5707131300,0E-7,2,2,0.49994810000000000,0.499948100000,-1.4140667746232096,-1.4140667746232096,-1.4140667746232096,0E-17,ELIGIBLE,R03b_20260811_FULL_v1,L1_ELIGIBILITY,v2026-08-11,2026-03-21..2026-08-06,baccarat_bet02_101_all_pairs_incl_sentinel,round_win = game_pnl > 0 (decisive only),COMPATIBILITY_ONLY_NOT_PRODUCTION,296357.1217,267511.9505,6650.6079,18220,18206,-0.02244119,-0.04150452,-0.02020951,-0.02244119,-6650.6079,296357.1217,OK,0.0000,266.0243,4.0000,96.0000,AG03-UNRESOLVED,ALL5_LEVELS_bet23_to_bet27,266.0243,266.0243,266.0243,332.5304,332.5304,4.000000,4.000000,4.000000,5.000000,5.000000,96.000000,96.000000,96.000000,95.000000,95.000000,5.0,1463.1337,1340.2688,5187.4742,5310.3391,PENDING_AG03,FALSE,NOT_FOR_ENFORCEMENT,6384.5836,256811.4724,6650.6079,6384.5836,266.0243,0.02244119,0.02154355,266.0243,6384.5836,0.02154355,266.0243,266.0243,266.0243,332.5304,332.5304,6384.5836,0.02154355,1463.1337,1340.2688,5187.4742,5310.3391,0.01750413,0.01791872,0.00089765,16.2655,14.6936,0.3653,59.3804,1.1678,2646.0457,162.5536,12.4780,16.8648,9.0895,16.5695,22.0926,29.825,33.4482,44.5976,11.8163,0.0,2.018664,2.691552,0.981654,30,240,141,4,0.10479828,0.02244119,0.04150452,0E-8,0.000000,0.902668,0.011910,-0.02129501,2026-03-22,2026-08-05,112,5695,2177,137,0.817518,0.739886,0.767145,0.349328,,,,,,,,GLOBAL_BASELINE_NO_ENTITY_RANKING,,,NOT_APPLICABLE_GLOBAL_BASELINE,HF9g-P5,,,,X 全窗基线 · 不参与实体赏罚,14196453,1420,A168_HF9F_20260827_0900,2026-08-27 09:00:00
2026-06-10,110249610,1318,0,49.5305603557,-16.5101867853,-16.5101867853,0.2500000,4,4,0.49659680000000000,0.496596800000,-0.9864100490137353,-0.9864100490137354,-0.9864100490137353,0E-17,ELIGIBLE,R03b_20260811_FULL_v1,L1_ELIGIBILITY,v2026-08-11,2026-03-21..2026-08-06,baccarat_bet02_101_all_pairs_incl_sentinel,round_win = game_pnl > 0 (decisive only),COMPATIBILITY_ONLY_NOT_PRODUCTION,296357.1217,267511.9505,6650.6079,18220,18206,-0.02244119,-0.04150452,-0.02020951,-0.02244119,-6650.6079,296357.1217,OK,0.0000,266.0243,4.0000,96.0000,AG03-UNRESOLVED,ALL5_LEVELS_bet23_to_bet27,266.0243,266.0243,266.0243,332.5304,332.5304,4.000000,4.000000,4.000000,5.000000,5.000000,96.000000,96.000000,96.000000,95.000000,95.000000,5.0,1463.1337,1340.2688,5187.4742,5310.3391,PENDING_AG03,FALSE,NOT_FOR_ENFORCEMENT,6384.5836,256811.4724,6650.6079,6384.5836,266.0243,0.02244119,0.02154355,266.0243,6384.5836,0.02154355,266.0243,266.0243,266.0243,332.5304,332.5304,6384.5836,0.02154355,1463.1337,1340.2688,5187.4742,5310.3391,0.01750413,0.01791872,0.00089765,16.2655,14.6936,0.3653,59.3804,1.1678,2646.0457,162.5536,12.4780,16.8648,9.0895,16.5695,22.0926,29.825,33.4482,44.5976,11.8163,0.0,2.018664,2.691552,0.981654,30,240,141,4,0.10479828,0.02244119,0.04150452,0E-8,0.000000,0.902668,0.011910,-0.02129501,2026-03-22,2026-08-05,112,5695,2177,137,0.817518,0.739886,0.767145,0.349328,,,,,,,,GLOBAL_BASELINE_NO_ENTITY_RANKING,,,NOT_APPLICABLE_GLOBAL_BASELINE,HF9g-P5,,,,X 全窗基线 · 不参与实体赏罚,14196454,1420,A168_HF9F_20260827_0900,2026-08-27 09:00:00
2026-06-10,110249610,1323,0,14.9692360186,-3.0158607861,-3.0158607861,0.5000000,3,3,0.50665070000000000,0.506650700000,-0.018812684590367487,-0.018812684590367487,-0.018812684590367487,0E-17,ELIGIBLE,R03b_20260811_FULL_v1,L1_ELIGIBILITY,v2026-08-11,2026-03-21..2026-08-06,baccarat_bet02_101_all_pairs_incl_sentinel,round_win = game_pnl > 0 (decisive only),COMPATIBILITY_ONLY_NOT_PRODUCTION,296357.1217,267511.9505,6650.6079,18220,18206,-0.02244119,-0.04150452,-0.02020951,-0.02244119,-6650.6079,296357.1217,OK,0.0000,266.0243,4.0000,96.0000,AG03-UNRESOLVED,ALL5_LEVELS_bet23_to_bet27,266.0243,266.0243,266.0243,332.5304,332.5304,4.000000,4.000000,4.000000,5.000000,5.000000,96.000000,96.000000,96.000000,95.000000,95.000000,5.0,1463.1337,1340.2688,5187.4742,5310.3391,PENDING_AG03,FALSE,NOT_FOR_ENFORCEMENT,6384.5836,256811.4724,6650.6079,6384.5836,266.0243,0.02244119,0.02154355,266.0243,6384.5836,0.02154355,266.0243,266.0243,266.0243,332.5304,332.5304,6384.5836,0.02154355,1463.1337,1340.2688,5187.4742,5310.3391,0.01750413,0.01791872,0.00089765,16.2655,14.6936,0.3653,59.3804,1.1678,2646.0457,162.5536,12.4780,16.8648,9.0895,16.5695,22.0926,29.825,33.4482,44.5976,11.8163,0.0,2.018664,2.691552,0.981654,30,240,141,4,0.10479828,0.02244119,0.04150452,0E-8,0.000000,0.902668,0.011910,-0.02129501,2026-03-22,2026-08-05,112,5695,2177,137,0.817518,0.739886,0.767145,0.349328,,,,,,,,GLOBAL_BASELINE_NO_ENTITY_RANKING,,,NOT_APPLICABLE_GLOBAL_BASELINE,HF9g-P5,,,,X 全窗基线 · 不参与实体赏罚,14196455,1420,A168_HF9F_20260827_0900,2026-08-27 09:00:00
2026-06-10,110249610,1325,0,22.0135823804,0E-10,0E-10,0.5000000,2,2,0.49324550000000000,0.493245500000,0.01910635448239258,0.01910635448239258,0.01910635448239258,0E-17,ELIGIBLE,R03b_20260811_FULL_v1,L1_ELIGIBILITY,v2026-08-11,2026-03-21..2026-08-06,baccarat_bet02_101_all_pairs_incl_sentinel,round_win = game_pnl > 0 (decisive only),COMPATIBILITY_ONLY_NOT_PRODUCTION,296357.1217,267511.9505,6650.6079,18220,18206,-0.02244119,-0.04150452,-0.02020951,-0.02244119,-6650.6079,296357.1217,OK,0.0000,266.0243,4.0000,96.0000,AG03-UNRESOLVED,ALL5_LEVELS_bet23_to_bet27,266.0243,266.0243,266.0243,332.5304,332.5304,4.000000,4.000000,4.000000,5.000000,5.000000,96.000000,96.000000,96.000000,95.000000,95.000000,5.0,1463.1337,1340.2688,5187.4742,5310.3391,PENDING_AG03,FALSE,NOT_FOR_ENFORCEMENT,6384.5836,256811.4724,6650.6079,6384.5836,266.0243,0.02244119,0.02154355,266.0243,6384.5836,0.02154355,266.0243,266.0243,266.0243,332.5304,332.5304,6384.5836,0.02154355,1463.1337,1340.2688,5187.4742,5310.3391,0.01750413,0.01791872,0.00089765,16.2655,14.6936,0.3653,59.3804,1.1678,2646.0457,162.5536,12.4780,16.8648,9.0895,16.5695,22.0926,29.825,33.4482,44.5976,11.8163,0.0,2.018664,2.691552,0.981654,30,240,141,4,0.10479828,0.02244119,0.04150452,0E-8,0.000000,0.902668,0.011910,-0.02129501,2026-03-22,2026-08-05,112,5695,2177,137,0.817518,0.739886,0.767145,0.349328,,,,,,,,GLOBAL_BASELINE_NO_ENTITY_RANKING,,,NOT_APPLICABLE_GLOBAL_BASELINE,HF9g-P5,,,,X 全窗基线 · 不参与实体赏罚,14196456,1420,A168_HF9F_20260827_0900,2026-08-27 09:00:00
2026-06-10,110249610,1353,0,22.0135823803,-22.0135823803,-22.0135823803,0E-7,1,1,0.50665070000000000,0.506650700000,-1.013391052207602,-1.013391052207602,-1.013391052207602,0E-17,ELIGIBLE,R03b_20260811_FULL_v1,L1_ELIGIBILITY,v2026-08-11,2026-03-21..2026-08-06,baccarat_bet02_101_all_pairs_incl_sentinel,round_win = game_pnl > 0 (decisive only),COMPATIBILITY_ONLY_NOT_PRODUCTION,296357.1217,267511.9505,6650.6079,18220,18206,-0.02244119,-0.04150452,-0.02020951,-0.02244119,-6650.6079,296357.1217,OK,0.0000,266.0243,4.0000,96.0000,AG03-UNRESOLVED,ALL5_LEVELS_bet23_to_bet27,266.0243,266.0243,266.0243,332.5304,332.5304,4.000000,4.000000,4.000000,5.000000,5.000000,96.000000,96.000000,96.000000,95.000000,95.000000,5.0,1463.1337,1340.2688,5187.4742,5310.3391,PENDING_AG03,FALSE,NOT_FOR_ENFORCEMENT,6384.5836,256811.4724,6650.6079,6384.5836,266.0243,0.02244119,0.02154355,266.0243,6384.5836,0.02154355,266.0243,266.0243,266.0243,332.5304,332.5304,6384.5836,0.02154355,1463.1337,1340.2688,5187.4742,5310.3391,0.01750413,0.01791872,0.00089765,16.2655,14.6936,0.3653,59.3804,1.1678,2646.0457,162.5536,12.4780,16.8648,9.0895,16.5695,22.0926,29.825,33.4482,44.5976,11.8163,0.0,2.018664,2.691552,0.981654,30,240,141,4,0.10479828,0.02244119,0.04150452,0E-8,0.000000,0.902668,0.011910,-0.02129501,2026-03-22,2026-08-05,112,5695,2177,137,0.817518,0.739886,0.767145,0.349328,,,,,,,,GLOBAL_BASELINE_NO_ENTITY_RANKING,,,NOT_APPLICABLE_GLOBAL_BASELINE,HF9g-P5,,,,X 全窗基线 · 不参与实体赏罚,14196457,1420,A168_HF9F_20260827_0900,2026-08-27 09:00:00
2026-06-10,110249610,1401,0,27.0767063278,-5.6134635069,-5.6134635069,0.5000000,2,2,0.50665070000000000,0.506650700000,-0.018812684590367487,-0.018812684590367487,-0.018812684590367487,0E-17,ELIGIBLE,R03b_20260811_FULL_v1,L1_ELIGIBILITY,v2026-08-11,2026-03-21..2026-08-06,baccarat_bet02_101_all_pairs_incl_sentinel,round_win = game_pnl > 0 (decisive only),COMPATIBILITY_ONLY_NOT_PRODUCTION,296357.1217,267511.9505,6650.6079,18220,18206,-0.02244119,-0.04150452,-0.02020951,-0.02244119,-6650.6079,296357.1217,OK,0.0000,266.0243,4.0000,96.0000,AG03-UNRESOLVED,ALL5_LEVELS_bet23_to_bet27,266.0243,266.0243,266.0243,332.5304,332.5304,4.000000,4.000000,4.000000,5.000000,5.000000,96.000000,96.000000,96.000000,95.000000,95.000000,5.0,1463.1337,1340.2688,5187.4742,5310.3391,PENDING_AG03,FALSE,NOT_FOR_ENFORCEMENT,6384.5836,256811.4724,6650.6079,6384.5836,266.0243,0.02244119,0.02154355,266.0243,6384.5836,0.02154355,266.0243,266.0243,266.0243,332.5304,332.5304,6384.5836,0.02154355,1463.1337,1340.2688,5187.4742,5310.3391,0.01750413,0.01791872,0.00089765,16.2655,14.6936,0.3653,59.3804,1.1678,2646.0457,162.5536,12.4780,16.8648,9.0895,16.5695,22.0926,29.825,33.4482,44.5976,11.8163,0.0,2.018664,2.691552,0.981654,30,240,141,4,0.10479828,0.02244119,0.04150452,0E-8,0.000000,0.902668,0.011910,-0.02129501,2026-03-22,2026-08-05,112,5695,2177,137,0.817518,0.739886,0.767145,0.349328,,,,,,,,GLOBAL_BASELINE_NO_ENTITY_RANKING,,,NOT_APPLICABLE_GLOBAL_BASELINE,HF9g-P5,,,,X 全窗基线 · 不参与实体赏罚,14196458,1420,A168_HF9F_20260827_0900,2026-08-27 09:00:00
2026-06-10,110249610,1405,0,11.0067911902,-11.0067911902,-11.0067911902,0E-7,1,1,0.50665070000000000,0.506650700000,-1.013391052207602,-1.013391052207602,-1.013391052207602,0E-17,ELIGIBLE,R03b_20260811_FULL_v1,L1_ELIGIBILITY,v2026-08-11,2026-03-21..2026-08-06,baccarat_bet02_101_all_pairs_incl_sentinel,round_win = game_pnl > 0 (decisive only),COMPATIBILITY_ONLY_NOT_PRODUCTION,296357.1217,267511.9505,6650.6079,18220,18206,-0.02244119,-0.04150452,-0.02020951,-0.02244119,-6650.6079,296357.1217,OK,0.0000,266.0243,4.0000,96.0000,AG03-UNRESOLVED,ALL5_LEVELS_bet23_to_bet27,266.0243,266.0243,266.0243,332.5304,332.5304,4.000000,4.000000,4.000000,5.000000,5.000000,96.000000,96.000000,96.000000,95.000000,95.000000,5.0,1463.1337,1340.2688,5187.4742,5310.3391,PENDING_AG03,FALSE,NOT_FOR_ENFORCEMENT,6384.5836,256811.4724,6650.6079,6384.5836,266.0243,0.02244119,0.02154355,266.0243,6384.5836,0.02154355,266.0243,266.0243,266.0243,332.5304,332.5304,6384.5836,0.02154355,1463.1337,1340.2688,5187.4742,5310.3391,0.01750413,0.01791872,0.00089765,16.2655,14.6936,0.3653,59.3804,1.1678,2646.0457,162.5536,12.4780,16.8648,9.0895,16.5695,22.0926,29.825,33.4482,44.5976,11.8163,0.0,2.018664,2.691552,0.981654,30,240,141,4,0.10479828,0.02244119,0.04150452,0E-8,0.000000,0.902668,0.011910,-0.02129501,2026-03-22,2026-08-05,112,5695,2177,137,0.817518,0.739886,0.767145,0.349328,,,,,,,,GLOBAL_BASELINE_NO_ENTITY_RANKING,,,NOT_APPLICABLE_GLOBAL_BASELINE,HF9g-P5,,,,X 全窗基线 · 不参与实体赏罚,14196459,1420,A168_HF9F_20260827_0900,2026-08-27 09:00:00
2026-06-10,110249610,1507,0,22.0135823804,0E-10,0E-10,0.6666667,3,3,0.49324550000000000,0.493245500000,0.6008033672792107,0.6008033672792106,0.6008033672792107,0E-17,ELIGIBLE,R03b_20260811_FULL_v1,L1_ELIGIBILITY,v2026-08-11,2026-03-21..2026-08-06,baccarat_bet02_101_all_pairs_incl_sentinel,round_win = game_pnl > 0 (decisive only),COMPATIBILITY_ONLY_NOT_PRODUCTION,296357.1217,267511.9505,6650.6079,18220,18206,-0.02244119,-0.04150452,-0.02020951,-0.02244119,-6650.6079,296357.1217,OK,0.0000,266.0243,4.0000,96.0000,AG03-UNRESOLVED,ALL5_LEVELS_bet23_to_bet27,266.0243,266.0243,266.0243,332.5304,332.5304,4.000000,4.000000,4.000000,5.000000,5.000000,96.000000,96.000000,96.000000,95.000000,95.000000,5.0,1463.1337,1340.2688,5187.4742,5310.3391,PENDING_AG03,FALSE,NOT_FOR_ENFORCEMENT,6384.5836,256811.4724,6650.6079,6384.5836,266.0243,0.02244119,0.02154355,266.0243,6384.5836,0.02154355,266.0243,266.0243,266.0243,332.5304,332.5304,6384.5836,0.02154355,1463.1337,1340.2688,5187.4742,5310.3391,0.01750413,0.01791872,0.00089765,16.2655,14.6936,0.3653,59.3804,1.1678,2646.0457,162.5536,12.4780,16.8648,9.0895,16.5695,22.0926,29.825,33.4482,44.5976,11.8163,0.0,2.018664,2.691552,0.981654,30,240,141,4,0.10479828,0.02244119,0.04150452,0E-8,0.000000,0.902668,0.011910,-0.02129501,2026-03-22,2026-08-05,112,5695,2177,137,0.817518,0.739886,0.767145,0.349328,,,,,,,,GLOBAL_BASELINE_NO_ENTITY_RANKING,,,NOT_APPLICABLE_GLOBAL_BASELINE,HF9g-P5,,,,X 全窗基线 · 不参与实体赏罚,14196460,1420,A168_HF9F_20260827_0900,2026-08-27 09:00:00
2026-06-10,110249610,1623,0,36.3224109276,34.5062903811,34.5062903811,1.0000000,3,3,0.50665070000000000,0.506650700000,1.7091633124209307,1.7091633124209307,1.7091633124209307,0E-17,ELIGIBLE,R03b_20260811_FULL_v1,L1_ELIGIBILITY,v2026-08-11,2026-03-21..2026-08-06,baccarat_bet02_101_all_pairs_incl_sentinel,round_win = game_pnl > 0 (decisive only),COMPATIBILITY_ONLY_NOT_PRODUCTION,296357.1217,267511.9505,6650.6079,18220,18206,-0.02244119,-0.04150452,-0.02020951,-0.02244119,-6650.6079,296357.1217,OK,0.0000,266.0243,4.0000,96.0000,AG03-UNRESOLVED,ALL5_LEVELS_bet23_to_bet27,266.0243,266.0243,266.0243,332.5304,332.5304,4.000000,4.000000,4.000000,5.000000,5.000000,96.000000,96.000000,96.000000,95.000000,95.000000,5.0,1463.1337,1340.2688,5187.4742,5310.3391,PENDING_AG03,FALSE,NOT_FOR_ENFORCEMENT,6384.5836,256811.4724,6650.6079,6384.5836,266.0243,0.02244119,0.02154355,266.0243,6384.5836,0.02154355,266.0243,266.0243,266.0243,332.5304,332.5304,6384.5836,0.02154355,1463.1337,1340.2688,5187.4742,5310.3391,0.01750413,0.01791872,0.00089765,16.2655,14.6936,0.3653,59.3804,1.1678,2646.0457,162.5536,12.4780,16.8648,9.0895,16.5695,22.0926,29.825,33.4482,44.5976,11.8163,0.0,2.018664,2.691552,0.981654,30,240,141,4,0.10479828,0.02244119,0.04150452,0E-8,0.000000,0.902668,0.011910,-0.02129501,2026-03-22,2026-08-05,112,5695,2177,137,0.817518,0.739886,0.767145,0.349328,,,,,,,,GLOBAL_BASELINE_NO_ENTITY_RANKING,,,NOT_APPLICABLE_GLOBAL_BASELINE,HF9g-P5,,,,X 全窗基线 · 不参与实体赏罚,14196461,1420,A168_HF9F_20260827_0900,2026-08-27 09:00:00
2026-06-10,110249610,1645,0,11.0067911902,-11.0067911902,-11.0067911902,0E-7,1,1,0.49324550000000000,0.493245500000,-0.9865810262130424,-0.9865810262130424,-0.9865810262130424,0E-17,ELIGIBLE,R03b_20260811_FULL_v1,L1_ELIGIBILITY,v2026-08-11,2026-03-21..2026-08-06,baccarat_bet02_101_all_pairs_incl_sentinel,round_win = game_pnl > 0 (decisive only),COMPATIBILITY_ONLY_NOT_PRODUCTION,296357.1217,267511.9505,6650.6079,18220,18206,-0.02244119,-0.04150452,-0.02020951,-0.02244119,-6650.6079,296357.1217,OK,0.0000,266.0243,4.0000,96.0000,AG03-UNRESOLVED,ALL5_LEVELS_bet23_to_bet27,266.0243,266.0243,266.0243,332.5304,332.5304,4.000000,4.000000,4.000000,5.000000,5.000000,96.000000,96.000000,96.000000,95.000000,95.000000,5.0,1463.1337,1340.2688,5187.4742,5310.3391,PENDING_AG03,FALSE,NOT_FOR_ENFORCEMENT,6384.5836,256811.4724,6650.6079,6384.5836,266.0243,0.02244119,0.02154355,266.0243,6384.5836,0.02154355,266.0243,266.0243,266.0243,332.5304,332.5304,6384.5836,0.02154355,1463.1337,1340.2688,5187.4742,5310.3391,0.01750413,0.01791872,0.00089765,16.2655,14.6936,0.3653,59.3804,1.1678,2646.0457,162.5536,12.4780,16.8648,9.0895,16.5695,22.0926,29.825,33.4482,44.5976,11.8163,0.0,2.018664,2.691552,0.981654,30,240,141,4,0.10479828,0.02244119,0.04150452,0E-8,0.000000,0.902668,0.011910,-0.02129501,2026-03-22,2026-08-05,112,5695,2177,137,0.817518,0.739886,0.767145,0.349328,,,,,,,,GLOBAL_BASELINE_NO_ENTITY_RANKING,,,NOT_APPLICABLE_GLOBAL_BASELINE,HF9g-P5,,,,X 全窗基线 · 不参与实体赏罚,14196462,1420,A168_HF9F_20260827_0900,2026-08-27 09:00:00
2026-06-10,110249610,1750,0,6.4940068022,-2.2013582381,-2.2013582381,0.5000000,2,2,0.50665070000000000,0.506650700000,-0.018812684590367487,-0.018812684590367487,-0.018812684590367487,0E-17,ELIGIBLE,R03b_20260811_FULL_v1,L1_ELIGIBILITY,v2026-08-11,2026-03-21..2026-08-06,baccarat_bet02_101_all_pairs_incl_sentinel,round_win = game_pnl > 0 (decisive only),COMPATIBILITY_ONLY_NOT_PRODUCTION,296357.1217,267511.9505,6650.6079,18220,18206,-0.02244119,-0.04150452,-0.02020951,-0.02244119,-6650.6079,296357.1217,OK,0.0000,266.0243,4.0000,96.0000,AG03-UNRESOLVED,ALL5_LEVELS_bet23_to_bet27,266.0243,266.0243,266.0243,332.5304,332.5304,4.000000,4.000000,4.000000,5.000000,5.000000,96.000000,96.000000,96.000000,95.000000,95.000000,5.0,1463.1337,1340.2688,5187.4742,5310.3391,PENDING_AG03,FALSE,NOT_FOR_ENFORCEMENT,6384.5836,256811.4724,6650.6079,6384.5836,266.0243,0.02244119,0.02154355,266.0243,6384.5836,0.02154355,266.0243,266.0243,266.0243,332.5304,332.5304,6384.5836,0.02154355,1463.1337,1340.2688,5187.4742,5310.3391,0.01750413,0.01791872,0.00089765,16.2655,14.6936,0.3653,59.3804,1.1678,2646.0457,162.5536,12.4780,16.8648,9.0895,16.5695,22.0926,29.825,33.4482,44.5976,11.8163,0.0,2.018664,2.691552,0.981654,30,240,141,4,0.10479828,0.02244119,0.04150452,0E-8,0.000000,0.902668,0.011910,-0.02129501,2026-03-22,2026-08-05,112,5695,2177,137,0.817518,0.739886,0.767145,0.349328,,,,,,,,GLOBAL_BASELINE_NO_ENTITY_RANKING,,,NOT_APPLICABLE_GLOBAL_BASELINE,HF9g-P5,,,,X 全窗基线 · 不参与实体赏罚,14196463,1420,A168_HF9F_20260827_0900,2026-08-27 09:00:00
2026-06-10,110249610,1940,0,17.1705942567,-5.1511782770,-5.1511782770,0.5000000,2,2,0.50665070000000000,0.506650700000,-0.018812684590367487,-0.018812684590367487,-0.018812684590367487,0E-17,ELIGIBLE,R03b_20260811_FULL_v1,L1_ELIGIBILITY,v2026-08-11,2026-03-21..2026-08-06,baccarat_bet02_101_all_pairs_incl_sentinel,round_win = game_pnl > 0 (decisive only),COMPATIBILITY_ONLY_NOT_PRODUCTION,296357.1217,267511.9505,6650.6079,18220,18206,-0.02244119,-0.04150452,-0.02020951,-0.02244119,-6650.6079,296357.1217,OK,0.0000,266.0243,4.0000,96.0000,AG03-UNRESOLVED,ALL5_LEVELS_bet23_to_bet27,266.0243,266.0243,266.0243,332.5304,332.5304,4.000000,4.000000,4.000000,5.000000,5.000000,96.000000,96.000000,96.000000,95.000000,95.000000,5.0,1463.1337,1340.2688,5187.4742,5310.3391,PENDING_AG03,FALSE,NOT_FOR_ENFORCEMENT,6384.5836,256811.4724,6650.6079,6384.5836,266.0243,0.02244119,0.02154355,266.0243,6384.5836,0.02154355,266.0243,266.0243,266.0243,332.5304,332.5304,6384.5836,0.02154355,1463.1337,1340.2688,5187.4742,5310.3391,0.01750413,0.01791872,0.00089765,16.2655,14.6936,0.3653,59.3804,1.1678,2646.0457,162.5536,12.4780,16.8648,9.0895,16.5695,22.0926,29.825,33.4482,44.5976,11.8163,0.0,2.018664,2.691552,0.981654,30,240,141,4,0.10479828,0.02244119,0.04150452,0E-8,0.000000,0.902668,0.011910,-0.02129501,2026-03-22,2026-08-05,112,5695,2177,137,0.817518,0.739886,0.767145,0.349328,,,,,,,,GLOBAL_BASELINE_NO_ENTITY_RANKING,,,NOT_APPLICABLE_GLOBAL_BASELINE,HF9g-P5,,,,X 全窗基线 · 不参与实体赏罚,14196464,1420,A168_HF9F_20260827_0900,2026-08-27 09:00:00
2026-06-10,110249610,1947,0,13.2081494282,-5.5033955951,-5.5033955951,0E-7,2,2,0.50665070000000000,0.506650700000,-1.013391052207602,-1.013391052207602,-1.013391052207602,0E-17,ELIGIBLE,R03b_20260811_FULL_v1,L1_ELIGIBILITY,v2026-08-11,2026-03-21..2026-08-06,baccarat_bet02_101_all_pairs_incl_sentinel,round_win = game_pnl > 0 (decisive only),COMPATIBILITY_ONLY_NOT_PRODUCTION,296357.1217,267511.9505,6650.6079,18220,18206,-0.02244119,-0.04150452,-0.02020951,-0.02244119,-6650.6079,296357.1217,OK,0.0000,266.0243,4.0000,96.0000,AG03-UNRESOLVED,ALL5_LEVELS_bet23_to_bet27,266.0243,266.0243,266.0243,332.5304,332.5304,4.000000,4.000000,4.000000,5.000000,5.000000,96.000000,96.000000,96.000000,95.000000,95.000000,5.0,1463.1337,1340.2688,5187.4742,5310.3391,PENDING_AG03,FALSE,NOT_FOR_ENFORCEMENT,6384.5836,256811.4724,6650.6079,6384.5836,266.0243,0.02244119,0.02154355,266.0243,6384.5836,0.02154355,266.0243,266.0243,266.0243,332.5304,332.5304,6384.5836,0.02154355,1463.1337,1340.2688,5187.4742,5310.3391,0.01750413,0.01791872,0.00089765,16.2655,14.6936,0.3653,59.3804,1.1678,2646.0457,162.5536,12.4780,16.8648,9.0895,16.5695,22.0926,29.825,33.4482,44.5976,11.8163,0.0,2.018664,2.691552,0.981654,30,240,141,4,0.10479828,0.02244119,0.04150452,0E-8,0.000000,0.902668,0.011910,-0.02129501,2026-03-22,2026-08-05,112,5695,2177,137,0.817518,0.739886,0.767145,0.349328,,,,,,,,GLOBAL_BASELINE_NO_ENTITY_RANKING,,,NOT_APPLICABLE_GLOBAL_BASELINE,HF9g-P5,,,,X 全窗基线 · 不参与实体赏罚,14196465,1420,A168_HF9F_20260827_0900,2026-08-27 09:00:00
2026-06-10,110249610,1951,0,11.0067911902,-11.0067911902,-11.0067911902,0E-7,1,1,0.50665070000000000,0.506650700000,-1.013391052207602,-1.013391052207602,-1.013391052207602,0E-17,ELIGIBLE,R03b_20260811_FULL_v1,L1_ELIGIBILITY,v2026-08-11,2026-03-21..2026-08-06,baccarat_bet02_101_all_pairs_incl_sentinel,round_win = game_pnl > 0 (decisive only),COMPATIBILITY_ONLY_NOT_PRODUCTION,296357.1217,267511.9505,6650.6079,18220,18206,-0.02244119,-0.04150452,-0.02020951,-0.02244119,-6650.6079,296357.1217,OK,0.0000,266.0243,4.0000,96.0000,AG03-UNRESOLVED,ALL5_LEVELS_bet23_to_bet27,266.0243,266.0243,266.0243,332.5304,332.5304,4.000000,4.000000,4.000000,5.000000,5.000000,96.000000,96.000000,96.000000,95.000000,95.000000,5.0,1463.1337,1340.2688,5187.4742,5310.3391,PENDING_AG03,FALSE,NOT_FOR_ENFORCEMENT,6384.5836,256811.4724,6650.6079,6384.5836,266.0243,0.02244119,0.02154355,266.0243,6384.5836,0.02154355,266.0243,266.0243,266.0243,332.5304,332.5304,6384.5836,0.02154355,1463.1337,1340.2688,5187.4742,5310.3391,0.01750413,0.01791872,0.00089765,16.2655,14.6936,0.3653,59.3804,1.1678,2646.0457,162.5536,12.4780,16.8648,9.0895,16.5695,22.0926,29.825,33.4482,44.5976,11.8163,0.0,2.018664,2.691552,0.981654,30,240,141,4,0.10479828,0.02244119,0.04150452,0E-8,0.000000,0.902668,0.011910,-0.02129501,2026-03-22,2026-08-05,112,5695,2177,137,0.817518,0.739886,0.767145,0.349328,,,,,,,,GLOBAL_BASELINE_NO_ENTITY_RANKING,,,NOT_APPLICABLE_GLOBAL_BASELINE,HF9g-P5,,,,X 全窗基线 · 不参与实体赏罚,14196466,1420,A168_HF9F_20260827_0900,2026-08-27 09:00:00
2026-06-10,110249610,1963,0,48.9802207962,-32.4700340110,-32.4700340110,0E-7,3,3,0.50665070000000000,0.506650700000,-1.4331513700195317,-1.4331513700195317,-1.4331513700195317,0E-17,ELIGIBLE,R03b_20260811_FULL_v1,L1_ELIGIBILITY,v2026-08-11,2026-03-21..2026-08-06,baccarat_bet02_101_all_pairs_incl_sentinel,round_win = game_pnl > 0 (decisive only),COMPATIBILITY_ONLY_NOT_PRODUCTION,296357.1217,267511.9505,6650.6079,18220,18206,-0.02244119,-0.04150452,-0.02020951,-0.02244119,-6650.6079,296357.1217,OK,0.0000,266.0243,4.0000,96.0000,AG03-UNRESOLVED,ALL5_LEVELS_bet23_to_bet27,266.0243,266.0243,266.0243,332.5304,332.5304,4.000000,4.000000,4.000000,5.000000,5.000000,96.000000,96.000000,96.000000,95.000000,95.000000,5.0,1463.1337,1340.2688,5187.4742,5310.3391,PENDING_AG03,FALSE,NOT_FOR_ENFORCEMENT,6384.5836,256811.4724,6650.6079,6384.5836,266.0243,0.02244119,0.02154355,266.0243,6384.5836,0.02154355,266.0243,266.0243,266.0243,332.5304,332.5304,6384.5836,0.02154355,1463.1337,1340.2688,5187.4742,5310.3391,0.01750413,0.01791872,0.00089765,16.2655,14.6936,0.3653,59.3804,1.1678,2646.0457,162.5536,12.4780,16.8648,9.0895,16.5695,22.0926,29.825,33.4482,44.5976,11.8163,0.0,2.018664,2.691552,0.981654,30,240,141,4,0.10479828,0.02244119,0.04150452,0E-8,0.000000,0.902668,0.011910,-0.02129501,2026-03-22,2026-08-05,112,5695,2177,137,0.817518,0.739886,0.767145,0.349328,,,,,,,,GLOBAL_BASELINE_NO_ENTITY_RANKING,,,NOT_APPLICABLE_GLOBAL_BASELINE,HF9g-P5,,,,X 全窗基线 · 不参与实体赏罚,14196467,1420,A168_HF9F_20260827_0900,2026-08-27 09:00:00
2026-06-10,110249610,1990,0,82.6610018381,-23.0096969831,-23.0096969831,0.4000000,6,6,0.50665070000000000,0.506650700000,-0.4769986289884125,-0.4769986289884125,-0.4769986289884125,0E-17,ELIGIBLE,R03b_20260811_FULL_v1,L1_ELIGIBILITY,v2026-08-11,2026-03-21..2026-08-06,baccarat_bet02_101_all_pairs_incl_sentinel,round_win = game_pnl > 0 (decisive only),COMPATIBILITY_ONLY_NOT_PRODUCTION,296357.1217,267511.9505,6650.6079,18220,18206,-0.02244119,-0.04150452,-0.02020951,-0.02244119,-6650.6079,296357.1217,OK,0.0000,266.0243,4.0000,96.0000,AG03-UNRESOLVED,ALL5_LEVELS_bet23_to_bet27,266.0243,266.0243,266.0243,332.5304,332.5304,4.000000,4.000000,4.000000,5.000000,5.000000,96.000000,96.000000,96.000000,95.000000,95.000000,5.0,1463.1337,1340.2688,5187.4742,5310.3391,PENDING_AG03,FALSE,NOT_FOR_ENFORCEMENT,6384.5836,256811.4724,6650.6079,6384.5836,266.0243,0.02244119,0.02154355,266.0243,6384.5836,0.02154355,266.0243,266.0243,266.0243,332.5304,332.5304,6384.5836,0.02154355,1463.1337,1340.2688,5187.4742,5310.3391,0.01750413,0.01791872,0.00089765,16.2655,14.6936,0.3653,59.3804,1.1678,2646.0457,162.5536,12.4780,16.8648,9.0895,16.5695,22.0926,29.825,33.4482,44.5976,11.8163,0.0,2.018664,2.691552,0.981654,30,240,141,4,0.10479828,0.02244119,0.04150452,0E-8,0.000000,0.902668,0.011910,-0.02129501,2026-03-22,2026-08-05,112,5695,2177,137,0.817518,0.739886,0.767145,0.349328,,,,,,,,GLOBAL_BASELINE_NO_ENTITY_RANKING,,,NOT_APPLICABLE_GLOBAL_BASELINE,HF9g-P5,,,,X 全窗基线 · 不参与实体赏罚,14196468,1420,A168_HF9F_20260827_0900,2026-08-27 09:00:00
2026-06-10,110249610,1994,0,4.4027164760,-2.2013582380,-2.2013582380,0E-7,2,2,0.49324550000000000,0.493245500000,-0.9865810262130424,-0.9865810262130424,-0.9865810262130424,0E-17,ELIGIBLE,R03b_20260811_FULL_v1,L1_ELIGIBILITY,v2026-08-11,2026-03-21..2026-08-06,baccarat_bet02_101_all_pairs_incl_sentinel,round_win = game_pnl > 0 (decisive only),COMPATIBILITY_ONLY_NOT_PRODUCTION,296357.1217,267511.9505,6650.6079,18220,18206,-0.02244119,-0.04150452,-0.02020951,-0.02244119,-6650.6079,296357.1217,OK,0.0000,266.0243,4.0000,96.0000,AG03-UNRESOLVED,ALL5_LEVELS_bet23_to_bet27,266.0243,266.0243,266.0243,332.5304,332.5304,4.000000,4.000000,4.000000,5.000000,5.000000,96.000000,96.000000,96.000000,95.000000,95.000000,5.0,1463.1337,1340.2688,5187.4742,5310.3391,PENDING_AG03,FALSE,NOT_FOR_ENFORCEMENT,6384.5836,256811.4724,6650.6079,6384.5836,266.0243,0.02244119,0.02154355,266.0243,6384.5836,0.02154355,266.0243,266.0243,266.0243,332.5304,332.5304,6384.5836,0.02154355,1463.1337,1340.2688,5187.4742,5310.3391,0.01750413,0.01791872,0.00089765,16.2655,14.6936,0.3653,59.3804,1.1678,2646.0457,162.5536,12.4780,16.8648,9.0895,16.5695,22.0926,29.825,33.4482,44.5976,11.8163,0.0,2.018664,2.691552,0.981654,30,240,141,4,0.10479828,0.02244119,0.04150452,0E-8,0.000000,0.902668,0.011910,-0.02129501,2026-03-22,2026-08-05,112,5695,2177,137,0.817518,0.739886,0.767145,0.349328,,,,,,,,GLOBAL_BASELINE_NO_ENTITY_RANKING,,,NOT_APPLICABLE_GLOBAL_BASELINE,HF9g-P5,,,,X 全窗基线 · 不参与实体赏罚,14196469,1420,A168_HF9F_20260827_0900,2026-08-27 09:00:00
2026-06-10,110249610,2068,0,73.7455009740,17.9961035960,17.9961035960,0.6666667,4,4,0.50665070000000000,0.506650700000,0.5543606114942035,0.5543606114942035,0.5543606114942035,0E-17,ELIGIBLE,R03b_20260811_FULL_v1,L1_ELIGIBILITY,v2026-08-11,2026-03-21..2026-08-06,baccarat_bet02_101_all_pairs_incl_sentinel,round_win = game_pnl > 0 (decisive only),COMPATIBILITY_ONLY_NOT_PRODUCTION,296357.1217,267511.9505,6650.6079,18220,18206,-0.02244119,-0.04150452,-0.02020951,-0.02244119,-6650.6079,296357.1217,OK,0.0000,266.0243,4.0000,96.0000,AG03-UNRESOLVED,ALL5_LEVELS_bet23_to_bet27,266.0243,266.0243,266.0243,332.5304,332.5304,4.000000,4.000000,4.000000,5.000000,5.000000,96.000000,96.000000,96.000000,95.000000,95.000000,5.0,1463.1337,1340.2688,5187.4742,5310.3391,PENDING_AG03,FALSE,NOT_FOR_ENFORCEMENT,6384.5836,256811.4724,6650.6079,6384.5836,266.0243,0.02244119,0.02154355,266.0243,6384.5836,0.02154355,266.0243,266.0243,266.0243,332.5304,332.5304,6384.5836,0.02154355,1463.1337,1340.2688,5187.4742,5310.3391,0.01750413,0.01791872,0.00089765,16.2655,14.6936,0.3653,59.3804,1.1678,2646.0457,162.5536,12.4780,16.8648,9.0895,16.5695,22.0926,29.825,33.4482,44.5976,11.8163,0.0,2.018664,2.691552,0.981654,30,240,141,4,0.10479828,0.02244119,0.04150452,0E-8,0.000000,0.902668,0.011910,-0.02129501,2026-03-22,2026-08-05,112,5695,2177,137,0.817518,0.739886,0.767145,0.349328,,,,,,,,GLOBAL_BASELINE_NO_ENTITY_RANKING,,,NOT_APPLICABLE_GLOBAL_BASELINE,HF9g-P5,,,,X 全窗基线 · 不参与实体赏罚,14196470,1420,A168_HF9F_20260827_0900,2026-08-27 09:00:00
2026-06-10,110249610,2121,0,11.0067911902,-11.0067911902,-11.0067911902,0E-7,1,1,0.50665070000000000,0.506650700000,-1.013391052207602,-1.013391052207602,-1.013391052207602,0E-17,ELIGIBLE,R03b_20260811_FULL_v1,L1_ELIGIBILITY,v2026-08-11,2026-03-21..2026-08-06,baccarat_bet02_101_all_pairs_incl_sentinel,round_win = game_pnl > 0 (decisive only),COMPATIBILITY_ONLY_NOT_PRODUCTION,296357.1217,267511.9505,6650.6079,18220,18206,-0.02244119,-0.04150452,-0.02020951,-0.02244119,-6650.6079,296357.1217,OK,0.0000,266.0243,4.0000,96.0000,AG03-UNRESOLVED,ALL5_LEVELS_bet23_to_bet27,266.0243,266.0243,266.0243,332.5304,332.5304,4.000000,4.000000,4.000000,5.000000,5.000000,96.000000,96.000000,96.000000,95.000000,95.000000,5.0,1463.1337,1340.2688,5187.4742,5310.3391,PENDING_AG03,FALSE,NOT_FOR_ENFORCEMENT,6384.5836,256811.4724,6650.6079,6384.5836,266.0243,0.02244119,0.02154355,266.0243,6384.5836,0.02154355,266.0243,266.0243,266.0243,332.5304,332.5304,6384.5836,0.02154355,1463.1337,1340.2688,5187.4742,5310.3391,0.01750413,0.01791872,0.00089765,16.2655,14.6936,0.3653,59.3804,1.1678,2646.0457,162.5536,12.4780,16.8648,9.0895,16.5695,22.0926,29.825,33.4482,44.5976,11.8163,0.0,2.018664,2.691552,0.981654,30,240,141,4,0.10479828,0.02244119,0.04150452,0E-8,0.000000,0.902668,0.011910,-0.02129501,2026-03-22,2026-08-05,112,5695,2177,137,0.817518,0.739886,0.767145,0.349328,,,,,,,,GLOBAL_BASELINE_NO_ENTITY_RANKING,,,NOT_APPLICABLE_GLOBAL_BASELINE,HF9g-P5,,,,X 全窗基线 · 不参与实体赏罚,14196471,1420,A168_HF9F_20260827_0900,2026-08-27 09:00:00
2026-06-10,110249610,2147,0,22.5639219399,-22.5639219399,-22.5639219399,0E-7,2,2,0.50665070000000000,0.506650700000,-1.4331513700195317,-1.4331513700195317,-1.4331513700195317,0E-17,ELIGIBLE,R03b_20260811_FULL_v1,L1_ELIGIBILITY,v2026-08-11,2026-03-21..2026-08-06,baccarat_bet02_101_all_pairs_incl_sentinel,round_win = game_pnl > 0 (decisive only),COMPATIBILITY_ONLY_NOT_PRODUCTION,296357.1217,267511.9505,6650.6079,18220,18206,-0.02244119,-0.04150452,-0.02020951,-0.02244119,-6650.6079,296357.1217,OK,0.0000,266.0243,4.0000,96.0000,AG03-UNRESOLVED,ALL5_LEVELS_bet23_to_bet27,266.0243,266.0243,266.0243,332.5304,332.5304,4.000000,4.000000,4.000000,5.000000,5.000000,96.000000,96.000000,96.000000,95.000000,95.000000,5.0,1463.1337,1340.2688,5187.4742,5310.3391,PENDING_AG03,FALSE,NOT_FOR_ENFORCEMENT,6384.5836,256811.4724,6650.6079,6384.5836,266.0243,0.02244119,0.02154355,266.0243,6384.5836,0.02154355,266.0243,266.0243,266.0243,332.5304,332.5304,6384.5836,0.02154355,1463.1337,1340.2688,5187.4742,5310.3391,0.01750413,0.01791872,0.00089765,16.2655,14.6936,0.3653,59.3804,1.1678,2646.0457,162.5536,12.4780,16.8648,9.0895,16.5695,22.0926,29.825,33.4482,44.5976,11.8163,0.0,2.018664,2.691552,0.981654,30,240,141,4,0.10479828,0.02244119,0.04150452,0E-8,0.000000,0.902668,0.011910,-0.02129501,2026-03-22,2026-08-05,112,5695,2177,137,0.817518,0.739886,0.767145,0.349328,,,,,,,,GLOBAL_BASELINE_NO_ENTITY_RANKING,,,NOT_APPLICABLE_GLOBAL_BASELINE,HF9g-P5,,,,X 全窗基线 · 不参与实体赏罚,14196472,1420,A168_HF9F_20260827_0900,2026-08-27 09:00:00
2026-06-10,110249610,2153,0,4.4027164761,-4.4027164761,-4.4027164761,0E-7,1,1,0.49324550000000000,0.493245500000,-0.9865810262130424,-0.9865810262130424,-0.9865810262130424,0E-17,ELIGIBLE,R03b_20260811_FULL_v1,L1_ELIGIBILITY,v2026-08-11,2026-03-21..2026-08-06,baccarat_bet02_101_all_pairs_incl_sentinel,round_win = game_pnl > 0 (decisive only),COMPATIBILITY_ONLY_NOT_PRODUCTION,296357.1217,267511.9505,6650.6079,18220,18206,-0.02244119,-0.04150452,-0.02020951,-0.02244119,-6650.6079,296357.1217,OK,0.0000,266.0243,4.0000,96.0000,AG03-UNRESOLVED,ALL5_LEVELS_bet23_to_bet27,266.0243,266.0243,266.0243,332.5304,332.5304,4.000000,4.000000,4.000000,5.000000,5.000000,96.000000,96.000000,96.000000,95.000000,95.000000,5.0,1463.1337,1340.2688,5187.4742,5310.3391,PENDING_AG03,FALSE,NOT_FOR_ENFORCEMENT,6384.5836,256811.4724,6650.6079,6384.5836,266.0243,0.02244119,0.02154355,266.0243,6384.5836,0.02154355,266.0243,266.0243,266.0243,332.5304,332.5304,6384.5836,0.02154355,1463.1337,1340.2688,5187.4742,5310.3391,0.01750413,0.01791872,0.00089765,16.2655,14.6936,0.3653,59.3804,1.1678,2646.0457,162.5536,12.4780,16.8648,9.0895,16.5695,22.0926,29.825,33.4482,44.5976,11.8163,0.0,2.018664,2.691552,0.981654,30,240,141,4,0.10479828,0.02244119,0.04150452,0E-8,0.000000,0.902668,0.011910,-0.02129501,2026-03-22,2026-08-05,112,5695,2177,137,0.817518,0.739886,0.767145,0.349328,,,,,,,,GLOBAL_BASELINE_NO_ENTITY_RANKING,,,NOT_APPLICABLE_GLOBAL_BASELINE,HF9g-P5,,,,X 全窗基线 · 不参与实体赏罚,14196473,1420,A168_HF9F_20260827_0900,2026-08-27 09:00:00
2026-06-10,110249610,2155,0,31.9196944515,-10.4564516306,-10.4564516306,0.5000000,2,2,0.50665070000000000,0.506650700000,-0.018812684590367487,-0.018812684590367487,-0.018812684590367487,0E-17,ELIGIBLE,R03b_20260811_FULL_v1,L1_ELIGIBILITY,v2026-08-11,2026-03-21..2026-08-06,baccarat_bet02_101_all_pairs_incl_sentinel,round_win = game_pnl > 0 (decisive only),COMPATIBILITY_ONLY_NOT_PRODUCTION,296357.1217,267511.9505,6650.6079,18220,18206,-0.02244119,-0.04150452,-0.02020951,-0.02244119,-6650.6079,296357.1217,OK,0.0000,266.0243,4.0000,96.0000,AG03-UNRESOLVED,ALL5_LEVELS_bet23_to_bet27,266.0243,266.0243,266.0243,332.5304,332.5304,4.000000,4.000000,4.000000,5.000000,5.000000,96.000000,96.000000,96.000000,95.000000,95.000000,5.0,1463.1337,1340.2688,5187.4742,5310.3391,PENDING_AG03,FALSE,NOT_FOR_ENFORCEMENT,6384.5836,256811.4724,6650.6079,6384.5836,266.0243,0.02244119,0.02154355,266.0243,6384.5836,0.02154355,266.0243,266.0243,266.0243,332.5304,332.5304,6384.5836,0.02154355,1463.1337,1340.2688,5187.4742,5310.3391,0.01750413,0.01791872,0.00089765,16.2655,14.6936,0.3653,59.3804,1.1678,2646.0457,162.5536,12.4780,16.8648,9.0895,16.5695,22.0926,29.825,33.4482,44.5976,11.8163,0.0,2.018664,2.691552,0.981654,30,240,141,4,0.10479828,0.02244119,0.04150452,0E-8,0.000000,0.902668,0.011910,-0.02129501,2026-03-22,2026-08-05,112,5695,2177,137,0.817518,0.739886,0.767145,0.349328,,,,,,,,GLOBAL_BASELINE_NO_ENTITY_RANKING,,,NOT_APPLICABLE_GLOBAL_BASELINE,HF9g-P5,,,,X 全窗基线 · 不参与实体赏罚,14196474,1420,A168_HF9F_20260827_0900,2026-08-27 09:00:00
2026-06-10,110249610,2175,0,11.0067911902,-11.0067911902,-11.0067911902,0E-7,1,1,0.50665070000000000,0.506650700000,-1.013391052207602,-1.013391052207602,-1.013391052207602,0E-17,ELIGIBLE,R03b_20260811_FULL_v1,L1_ELIGIBILITY,v2026-08-11,2026-03-21..2026-08-06,baccarat_bet02_101_all_pairs_incl_sentinel,round_win = game_pnl > 0 (decisive only),COMPATIBILITY_ONLY_NOT_PRODUCTION,296357.1217,267511.9505,6650.6079,18220,18206,-0.02244119,-0.04150452,-0.02020951,-0.02244119,-6650.6079,296357.1217,OK,0.0000,266.0243,4.0000,96.0000,AG03-UNRESOLVED,ALL5_LEVELS_bet23_to_bet27,266.0243,266.0243,266.0243,332.5304,332.5304,4.000000,4.000000,4.000000,5.000000,5.000000,96.000000,96.000000,96.000000,95.000000,95.000000,5.0,1463.1337,1340.2688,5187.4742,5310.3391,PENDING_AG03,FALSE,NOT_FOR_ENFORCEMENT,6384.5836,256811.4724,6650.6079,6384.5836,266.0243,0.02244119,0.02154355,266.0243,6384.5836,0.02154355,266.0243,266.0243,266.0243,332.5304,332.5304,6384.5836,0.02154355,1463.1337,1340.2688,5187.4742,5310.3391,0.01750413,0.01791872,0.00089765,16.2655,14.6936,0.3653,59.3804,1.1678,2646.0457,162.5536,12.4780,16.8648,9.0895,16.5695,22.0926,29.825,33.4482,44.5976,11.8163,0.0,2.018664,2.691552,0.981654,30,240,141,4,0.10479828,0.02244119,0.04150452,0E-8,0.000000,0.902668,0.011910,-0.02129501,2026-03-22,2026-08-05,112,5695,2177,137,0.817518,0.739886,0.767145,0.349328,,,,,,,,GLOBAL_BASELINE_NO_ENTITY_RANKING,,,NOT_APPLICABLE_GLOBAL_BASELINE,HF9g-P5,,,,X 全窗基线 · 不参与实体赏罚,14196475,1420,A168_HF9F_20260827_0900,2026-08-27 09:00:00
2026-06-10,110249610,2216,0,11.0067911902,-11.0067911902,-11.0067911902,0E-7,1,1,0.50665070000000000,0.506650700000,-1.013391052207602,-1.013391052207602,-1.013391052207602,0E-17,ELIGIBLE,R03b_20260811_FULL_v1,L1_ELIGIBILITY,v2026-08-11,2026-03-21..2026-08-06,baccarat_bet02_101_all_pairs_incl_sentinel,round_win = game_pnl > 0 (decisive only),COMPATIBILITY_ONLY_NOT_PRODUCTION,296357.1217,267511.9505,6650.6079,18220,18206,-0.02244119,-0.04150452,-0.02020951,-0.02244119,-6650.6079,296357.1217,OK,0.0000,266.0243,4.0000,96.0000,AG03-UNRESOLVED,ALL5_LEVELS_bet23_to_bet27,266.0243,266.0243,266.0243,332.5304,332.5304,4.000000,4.000000,4.000000,5.000000,5.000000,96.000000,96.000000,96.000000,95.000000,95.000000,5.0,1463.1337,1340.2688,5187.4742,5310.3391,PENDING_AG03,FALSE,NOT_FOR_ENFORCEMENT,6384.5836,256811.4724,6650.6079,6384.5836,266.0243,0.02244119,0.02154355,266.0243,6384.5836,0.02154355,266.0243,266.0243,266.0243,332.5304,332.5304,6384.5836,0.02154355,1463.1337,1340.2688,5187.4742,5310.3391,0.01750413,0.01791872,0.00089765,16.2655,14.6936,0.3653,59.3804,1.1678,2646.0457,162.5536,12.4780,16.8648,9.0895,16.5695,22.0926,29.825,33.4482,44.5976,11.8163,0.0,2.018664,2.691552,0.981654,30,240,141,4,0.10479828,0.02244119,0.04150452,0E-8,0.000000,0.902668,0.011910,-0.02129501,2026-03-22,2026-08-05,112,5695,2177,137,0.817518,0.739886,0.767145,0.349328,,,,,,,,GLOBAL_BASELINE_NO_ENTITY_RANKING,,,NOT_APPLICABLE_GLOBAL_BASELINE,HF9g-P5,,,,X 全窗基线 · 不参与实体赏罚,14196476,1420,A168_HF9F_20260827_0900,2026-08-27 09:00:00
2026-06-10,110249610,2222,0,9.9061120712,-1.3208149428,-1.3208149428,0.5000000,2,2,0.50665070000000000,0.506650700000,-0.018812684590367487,-0.018812684590367487,-0.018812684590367487,0E-17,ELIGIBLE,R03b_20260811_FULL_v1,L1_ELIGIBILITY,v2026-08-11,2026-03-21..2026-08-06,baccarat_bet02_101_all_pairs_incl_sentinel,round_win = game_pnl > 0 (decisive only),COMPATIBILITY_ONLY_NOT_PRODUCTION,296357.1217,267511.9505,6650.6079,18220,18206,-0.02244119,-0.04150452,-0.02020951,-0.02244119,-6650.6079,296357.1217,OK,0.0000,266.0243,4.0000,96.0000,AG03-UNRESOLVED,ALL5_LEVELS_bet23_to_bet27,266.0243,266.0243,266.0243,332.5304,332.5304,4.000000,4.000000,4.000000,5.000000,5.000000,96.000000,96.000000,96.000000,95.000000,95.000000,5.0,1463.1337,1340.2688,5187.4742,5310.3391,PENDING_AG03,FALSE,NOT_FOR_ENFORCEMENT,6384.5836,256811.4724,6650.6079,6384.5836,266.0243,0.02244119,0.02154355,266.0243,6384.5836,0.02154355,266.0243,266.0243,266.0243,332.5304,332.5304,6384.5836,0.02154355,1463.1337,1340.2688,5187.4742,5310.3391,0.01750413,0.01791872,0.00089765,16.2655,14.6936,0.3653,59.3804,1.1678,2646.0457,162.5536,12.4780,16.8648,9.0895,16.5695,22.0926,29.825,33.4482,44.5976,11.8163,0.0,2.018664,2.691552,0.981654,30,240,141,4,0.10479828,0.02244119,0.04150452,0E-8,0.000000,0.902668,0.011910,-0.02129501,2026-03-22,2026-08-05,112,5695,2177,137,0.817518,0.739886,0.767145,0.349328,,,,,,,,GLOBAL_BASELINE_NO_ENTITY_RANKING,,,NOT_APPLICABLE_GLOBAL_BASELINE,HF9g-P5,,,,X 全窗基线 · 不参与实体赏罚,14196477,1420,A168_HF9F_20260827_0900,2026-08-27 09:00:00
2026-06-10,110249610,2223,0,5.5033955951,0E-10,0E-10,,1,1,0.50665070000000000,0.506650700000,,,,0E-17,NO_DECISIVE_ROUND,R03b_20260811_FULL_v1,L1_ELIGIBILITY,v2026-08-11,2026-03-21..2026-08-06,baccarat_bet02_101_all_pairs_incl_sentinel,round_win = game_pnl > 0 (decisive only),COMPATIBILITY_ONLY_NOT_PRODUCTION,296357.1217,267511.9505,6650.6079,18220,18206,-0.02244119,-0.04150452,-0.02020951,-0.02244119,-6650.6079,296357.1217,OK,0.0000,266.0243,4.0000,96.0000,AG03-UNRESOLVED,ALL5_LEVELS_bet23_to_bet27,266.0243,266.0243,266.0243,332.5304,332.5304,4.000000,4.000000,4.000000,5.000000,5.000000,96.000000,96.000000,96.000000,95.000000,95.000000,5.0,1463.1337,1340.2688,5187.4742,5310.3391,PENDING_AG03,FALSE,NOT_FOR_ENFORCEMENT,6384.5836,256811.4724,6650.6079,6384.5836,266.0243,0.02244119,0.02154355,266.0243,6384.5836,0.02154355,266.0243,266.0243,266.0243,332.5304,332.5304,6384.5836,0.02154355,1463.1337,1340.2688,5187.4742,5310.3391,0.01750413,0.01791872,0.00089765,16.2655,14.6936,0.3653,59.3804,1.1678,2646.0457,162.5536,12.4780,16.8648,9.0895,16.5695,22.0926,29.825,33.4482,44.5976,11.8163,0.0,2.018664,2.691552,0.981654,30,240,141,4,0.10479828,0.02244119,0.04150452,0E-8,0.000000,0.902668,0.011910,-0.02129501,2026-03-22,2026-08-05,112,5695,2177,137,0.817518,0.739886,0.767145,0.349328,,,,,,,,GLOBAL_BASELINE_NO_ENTITY_RANKING,,,NOT_APPLICABLE_GLOBAL_BASELINE,HF9g-P5,,,,X 全窗基线 · 不参与实体赏罚,14196478,1420,A168_HF9F_20260827_0900,2026-08-27 09:00:00
2026-06-10,110249610,2224,0,73.1951614147,11.5571307497,11.5571307497,0.6666667,6,6,0.49324550000000000,0.493245500000,0.8496642703256836,0.8496642703256835,0.8496642703256836,0E-17,ELIGIBLE,R03b_20260811_FULL_v1,L1_ELIGIBILITY,v2026-08-11,2026-03-21..2026-08-06,baccarat_bet02_101_all_pairs_incl_sentinel,round_win = game_pnl > 0 (decisive only),COMPATIBILITY_ONLY_NOT_PRODUCTION,296357.1217,267511.9505,6650.6079,18220,18206,-0.02244119,-0.04150452,-0.02020951,-0.02244119,-6650.6079,296357.1217,OK,0.0000,266.0243,4.0000,96.0000,AG03-UNRESOLVED,ALL5_LEVELS_bet23_to_bet27,266.0243,266.0243,266.0243,332.5304,332.5304,4.000000,4.000000,4.000000,5.000000,5.000000,96.000000,96.000000,96.000000,95.000000,95.000000,5.0,1463.1337,1340.2688,5187.4742,5310.3391,PENDING_AG03,FALSE,NOT_FOR_ENFORCEMENT,6384.5836,256811.4724,6650.6079,6384.5836,266.0243,0.02244119,0.02154355,266.0243,6384.5836,0.02154355,266.0243,266.0243,266.0243,332.5304,332.5304,6384.5836,0.02154355,1463.1337,1340.2688,5187.4742,5310.3391,0.01750413,0.01791872,0.00089765,16.2655,14.6936,0.3653,59.3804,1.1678,2646.0457,162.5536,12.4780,16.8648,9.0895,16.5695,22.0926,29.825,33.4482,44.5976,11.8163,0.0,2.018664,2.691552,0.981654,30,240,141,4,0.10479828,0.02244119,0.04150452,0E-8,0.000000,0.902668,0.011910,-0.02129501,2026-03-22,2026-08-05,112,5695,2177,137,0.817518,0.739886,0.767145,0.349328,,,,,,,,GLOBAL_BASELINE_NO_ENTITY_RANKING,,,NOT_APPLICABLE_GLOBAL_BASELINE,HF9g-P5,,,,X 全窗基线 · 不参与实体赏罚,14196479,1420,A168_HF9F_20260827_0900,2026-08-27 09:00:00
2026-06-10,110249610,2229,0,6.4940068022,-6.4940068022,-6.4940068022,0E-7,1,1,0.50665070000000000,0.506650700000,-1.013391052207602,-1.013391052207602,-1.013391052207602,0E-17,ELIGIBLE,R03b_20260811_FULL_v1,L1_ELIGIBILITY,v2026-08-11,2026-03-21..2026-08-06,baccarat_bet02_101_all_pairs_incl_sentinel,round_win = game_pnl > 0 (decisive only),COMPATIBILITY_ONLY_NOT_PRODUCTION,296357.1217,267511.9505,6650.6079,18220,18206,-0.02244119,-0.04150452,-0.02020951,-0.02244119,-6650.6079,296357.1217,OK,0.0000,266.0243,4.0000,96.0000,AG03-UNRESOLVED,ALL5_LEVELS_bet23_to_bet27,266.0243,266.0243,266.0243,332.5304,332.5304,4.000000,4.000000,4.000000,5.000000,5.000000,96.000000,96.000000,96.000000,95.000000,95.000000,5.0,1463.1337,1340.2688,5187.4742,5310.3391,PENDING_AG03,FALSE,NOT_FOR_ENFORCEMENT,6384.5836,256811.4724,6650.6079,6384.5836,266.0243,0.02244119,0.02154355,266.0243,6384.5836,0.02154355,266.0243,266.0243,266.0243,332.5304,332.5304,6384.5836,0.02154355,1463.1337,1340.2688,5187.4742,5310.3391,0.01750413,0.01791872,0.00089765,16.2655,14.6936,0.3653,59.3804,1.1678,2646.0457,162.5536,12.4780,16.8648,9.0895,16.5695,22.0926,29.825,33.4482,44.5976,11.8163,0.0,2.018664,2.691552,0.981654,30,240,141,4,0.10479828,0.02244119,0.04150452,0E-8,0.000000,0.902668,0.011910,-0.02129501,2026-03-22,2026-08-05,112,5695,2177,137,0.817518,0.739886,0.767145,0.349328,,,,,,,,GLOBAL_BASELINE_NO_ENTITY_RANKING,,,NOT_APPLICABLE_GLOBAL_BASELINE,HF9g-P5,,,,X 全窗基线 · 不参与实体赏罚,14196480,1420,A168_HF9F_20260827_0900,2026-08-27 09:00:00
2026-06-10,110249610,2233,0,48.4298812367,-26.4162988563,-26.4162988563,0.3333333,3,3,0.49324550000000000,0.493245500000,-0.5540025479526107,-0.5540025479526106,-0.5540025479526107,0E-17,ELIGIBLE,R03b_20260811_FULL_v1,L1_ELIGIBILITY,v2026-08-11,2026-03-21..2026-08-06,baccarat_bet02_101_all_pairs_incl_sentinel,round_win = game_pnl > 0 (decisive only),COMPATIBILITY_ONLY_NOT_PRODUCTION,296357.1217,267511.9505,6650.6079,18220,18206,-0.02244119,-0.04150452,-0.02020951,-0.02244119,-6650.6079,296357.1217,OK,0.0000,266.0243,4.0000,96.0000,AG03-UNRESOLVED,ALL5_LEVELS_bet23_to_bet27,266.0243,266.0243,266.0243,332.5304,332.5304,4.000000,4.000000,4.000000,5.000000,5.000000,96.000000,96.000000,96.000000,95.000000,95.000000,5.0,1463.1337,1340.2688,5187.4742,5310.3391,PENDING_AG03,FALSE,NOT_FOR_ENFORCEMENT,6384.5836,256811.4724,6650.6079,6384.5836,266.0243,0.02244119,0.02154355,266.0243,6384.5836,0.02154355,266.0243,266.0243,266.0243,332.5304,332.5304,6384.5836,0.02154355,1463.1337,1340.2688,5187.4742,5310.3391,0.01750413,0.01791872,0.00089765,16.2655,14.6936,0.3653,59.3804,1.1678,2646.0457,162.5536,12.4780,16.8648,9.0895,16.5695,22.0926,29.825,33.4482,44.5976,11.8163,0.0,2.018664,2.691552,0.981654,30,240,141,4,0.10479828,0.02244119,0.04150452,0E-8,0.000000,0.902668,0.011910,-0.02129501,2026-03-22,2026-08-05,112,5695,2177,137,0.817518,0.739886,0.767145,0.349328,,,,,,,,GLOBAL_BASELINE_NO_ENTITY_RANKING,,,NOT_APPLICABLE_GLOBAL_BASELINE,HF9g-P5,,,,X 全窗基线 · 不参与实体赏罚,14196481,1420,A168_HF9F_20260827_0900,2026-08-27 09:00:00
2026-06-10,110249610,2239,0,11.0067911902,-11.0067911902,-11.0067911902,0E-7,1,1,0.49324550000000000,0.493245500000,-0.9865810262130424,-0.9865810262130424,-0.9865810262130424,0E-17,ELIGIBLE,R03b_20260811_FULL_v1,L1_ELIGIBILITY,v2026-08-11,2026-03-21..2026-08-06,baccarat_bet02_101_all_pairs_incl_sentinel,round_win = game_pnl > 0 (decisive only),COMPATIBILITY_ONLY_NOT_PRODUCTION,296357.1217,267511.9505,6650.6079,18220,18206,-0.02244119,-0.04150452,-0.02020951,-0.02244119,-6650.6079,296357.1217,OK,0.0000,266.0243,4.0000,96.0000,AG03-UNRESOLVED,ALL5_LEVELS_bet23_to_bet27,266.0243,266.0243,266.0243,332.5304,332.5304,4.000000,4.000000,4.000000,5.000000,5.000000,96.000000,96.000000,96.000000,95.000000,95.000000,5.0,1463.1337,1340.2688,5187.4742,5310.3391,PENDING_AG03,FALSE,NOT_FOR_ENFORCEMENT,6384.5836,256811.4724,6650.6079,6384.5836,266.0243,0.02244119,0.02154355,266.0243,6384.5836,0.02154355,266.0243,266.0243,266.0243,332.5304,332.5304,6384.5836,0.02154355,1463.1337,1340.2688,5187.4742,5310.3391,0.01750413,0.01791872,0.00089765,16.2655,14.6936,0.3653,59.3804,1.1678,2646.0457,162.5536,12.4780,16.8648,9.0895,16.5695,22.0926,29.825,33.4482,44.5976,11.8163,0.0,2.018664,2.691552,0.981654,30,240,141,4,0.10479828,0.02244119,0.04150452,0E-8,0.000000,0.902668,0.011910,-0.02129501,2026-03-22,2026-08-05,112,5695,2177,137,0.817518,0.739886,0.767145,0.349328,,,,,,,,GLOBAL_BASELINE_NO_ENTITY_RANKING,,,NOT_APPLICABLE_GLOBAL_BASELINE,HF9g-P5,,,,X 全窗基线 · 不参与实体赏罚,14196482,1420,A168_HF9F_20260827_0900,2026-08-27 09:00:00
2026-06-10,110249610,2281,0,11.5571307497,-11.5571307497,-11.5571307497,0E-7,1,1,0.50665070000000000,0.506650700000,-1.013391052207602,-1.013391052207602,-1.013391052207602,0E-17,ELIGIBLE,R03b_20260811_FULL_v1,L1_ELIGIBILITY,v2026-08-11,2026-03-21..2026-08-06,baccarat_bet02_101_all_pairs_incl_sentinel,round_win = game_pnl > 0 (decisive only),COMPATIBILITY_ONLY_NOT_PRODUCTION,296357.1217,267511.9505,6650.6079,18220,18206,-0.02244119,-0.04150452,-0.02020951,-0.02244119,-6650.6079,296357.1217,OK,0.0000,266.0243,4.0000,96.0000,AG03-UNRESOLVED,ALL5_LEVELS_bet23_to_bet27,266.0243,266.0243,266.0243,332.5304,332.5304,4.000000,4.000000,4.000000,5.000000,5.000000,96.000000,96.000000,96.000000,95.000000,95.000000,5.0,1463.1337,1340.2688,5187.4742,5310.3391,PENDING_AG03,FALSE,NOT_FOR_ENFORCEMENT,6384.5836,256811.4724,6650.6079,6384.5836,266.0243,0.02244119,0.02154355,266.0243,6384.5836,0.02154355,266.0243,266.0243,266.0243,332.5304,332.5304,6384.5836,0.02154355,1463.1337,1340.2688,5187.4742,5310.3391,0.01750413,0.01791872,0.00089765,16.2655,14.6936,0.3653,59.3804,1.1678,2646.0457,162.5536,12.4780,16.8648,9.0895,16.5695,22.0926,29.825,33.4482,44.5976,11.8163,0.0,2.018664,2.691552,0.981654,30,240,141,4,0.10479828,0.02244119,0.04150452,0E-8,0.000000,0.902668,0.011910,-0.02129501,2026-03-22,2026-08-05,112,5695,2177,137,0.817518,0.739886,0.767145,0.349328,,,,,,,,GLOBAL_BASELINE_NO_ENTITY_RANKING,,,NOT_APPLICABLE_GLOBAL_BASELINE,HF9g-P5,,,,X 全窗基线 · 不参与实体赏罚,14196483,1420,A168_HF9F_20260827_0900,2026-08-27 09:00:00
2026-06-10,110249610,2287,0,5.5033955951,-5.5033955951,-5.5033955951,0E-7,1,1,0.50665070000000000,0.506650700000,-1.013391052207602,-1.013391052207602,-1.013391052207602,0E-17,ELIGIBLE,R03b_20260811_FULL_v1,L1_ELIGIBILITY,v2026-08-11,2026-03-21..2026-08-06,baccarat_bet02_101_all_pairs_incl_sentinel,round_win = game_pnl > 0 (decisive only),COMPATIBILITY_ONLY_NOT_PRODUCTION,296357.1217,267511.9505,6650.6079,18220,18206,-0.02244119,-0.04150452,-0.02020951,-0.02244119,-6650.6079,296357.1217,OK,0.0000,266.0243,4.0000,96.0000,AG03-UNRESOLVED,ALL5_LEVELS_bet23_to_bet27,266.0243,266.0243,266.0243,332.5304,332.5304,4.000000,4.000000,4.000000,5.000000,5.000000,96.000000,96.000000,96.000000,95.000000,95.000000,5.0,1463.1337,1340.2688,5187.4742,5310.3391,PENDING_AG03,FALSE,NOT_FOR_ENFORCEMENT,6384.5836,256811.4724,6650.6079,6384.5836,266.0243,0.02244119,0.02154355,266.0243,6384.5836,0.02154355,266.0243,266.0243,266.0243,332.5304,332.5304,6384.5836,0.02154355,1463.1337,1340.2688,5187.4742,5310.3391,0.01750413,0.01791872,0.00089765,16.2655,14.6936,0.3653,59.3804,1.1678,2646.0457,162.5536,12.4780,16.8648,9.0895,16.5695,22.0926,29.825,33.4482,44.5976,11.8163,0.0,2.018664,2.691552,0.981654,30,240,141,4,0.10479828,0.02244119,0.04150452,0E-8,0.000000,0.902668,0.011910,-0.02129501,2026-03-22,2026-08-05,112,5695,2177,137,0.817518,0.739886,0.767145,0.349328,,,,,,,,GLOBAL_BASELINE_NO_ENTITY_RANKING,,,NOT_APPLICABLE_GLOBAL_BASELINE,HF9g-P5,,,,X 全窗基线 · 不参与实体赏罚,14196484,1420,A168_HF9F_20260827_0900,2026-08-27 09:00:00
2026-06-10,110249610,550,0,11.0067911902,-11.0067911902,-11.0067911902,0E-7,1,1,0.50665070000000000,0.506650700000,-1.013391052207602,-1.013391052207602,-1.013391052207602,0E-17,ELIGIBLE,R03b_20260811_FULL_v1,L1_ELIGIBILITY,v2026-08-11,2026-03-21..2026-08-06,baccarat_bet02_101_all_pairs_incl_sentinel,round_win = game_pnl > 0 (decisive only),COMPATIBILITY_ONLY_NOT_PRODUCTION,296357.1217,267511.9505,6650.6079,18220,18206,-0.02244119,-0.04150452,-0.02020951,-0.02244119,-6650.6079,296357.1217,OK,0.0000,266.0243,4.0000,96.0000,AG03-UNRESOLVED,ALL5_LEVELS_bet23_to_bet27,266.0243,266.0243,266.0243,332.5304,332.5304,4.000000,4.000000,4.000000,5.000000,5.000000,96.000000,96.000000,96.000000,95.000000,95.000000,5.0,1463.1337,1340.2688,5187.4742,5310.3391,PENDING_AG03,FALSE,NOT_FOR_ENFORCEMENT,6384.5836,256811.4724,6650.6079,6384.5836,266.0243,0.02244119,0.02154355,266.0243,6384.5836,0.02154355,266.0243,266.0243,266.0243,332.5304,332.5304,6384.5836,0.02154355,1463.1337,1340.2688,5187.4742,5310.3391,0.01750413,0.01791872,0.00089765,16.2655,14.6936,0.3653,59.3804,1.1678,2646.0457,162.5536,12.4780,16.8648,9.0895,16.5695,22.0926,29.825,33.4482,44.5976,11.8163,0.0,2.018664,2.691552,0.981654,30,240,141,4,0.10479828,0.02244119,0.04150452,0E-8,0.000000,0.902668,0.011910,-0.02129501,2026-03-22,2026-08-05,112,5695,2177,137,0.817518,0.739886,0.767145,0.349328,,,,,,,,GLOBAL_BASELINE_NO_ENTITY_RANKING,,,NOT_APPLICABLE_GLOBAL_BASELINE,HF9g-P5,,,,X 全窗基线 · 不参与实体赏罚,14196485,1420,A168_HF9F_20260827_0900,2026-08-27 09:00:00
2026-06-10,110249610,752,0,4.4027164760,0E-10,0E-10,0.5000000,2,2,0.49324550000000000,0.493245500000,0.01910635448239258,0.01910635448239258,0.01910635448239258,0E-17,ELIGIBLE,R03b_20260811_FULL_v1,L1_ELIGIBILITY,v2026-08-11,2026-03-21..2026-08-06,baccarat_bet02_101_all_pairs_incl_sentinel,round_win = game_pnl > 0 (decisive only),COMPATIBILITY_ONLY_NOT_PRODUCTION,296357.1217,267511.9505,6650.6079,18220,18206,-0.02244119,-0.04150452,-0.02020951,-0.02244119,-6650.6079,296357.1217,OK,0.0000,266.0243,4.0000,96.0000,AG03-UNRESOLVED,ALL5_LEVELS_bet23_to_bet27,266.0243,266.0243,266.0243,332.5304,332.5304,4.000000,4.000000,4.000000,5.000000,5.000000,96.000000,96.000000,96.000000,95.000000,95.000000,5.0,1463.1337,1340.2688,5187.4742,5310.3391,PENDING_AG03,FALSE,NOT_FOR_ENFORCEMENT,6384.5836,256811.4724,6650.6079,6384.5836,266.0243,0.02244119,0.02154355,266.0243,6384.5836,0.02154355,266.0243,266.0243,266.0243,332.5304,332.5304,6384.5836,0.02154355,1463.1337,1340.2688,5187.4742,5310.3391,0.01750413,0.01791872,0.00089765,16.2655,14.6936,0.3653,59.3804,1.1678,2646.0457,162.5536,12.4780,16.8648,9.0895,16.5695,22.0926,29.825,33.4482,44.5976,11.8163,0.0,2.018664,2.691552,0.981654,30,240,141,4,0.10479828,0.02244119,0.04150452,0E-8,0.000000,0.902668,0.011910,-0.02129501,2026-03-22,2026-08-05,112,5695,2177,137,0.817518,0.739886,0.767145,0.349328,,,,,,,,GLOBAL_BASELINE_NO_ENTITY_RANKING,,,NOT_APPLICABLE_GLOBAL_BASELINE,HF9g-P5,,,,X 全窗基线 · 不参与实体赏罚,14196486,1420,A168_HF9F_20260827_0900,2026-08-27 09:00:00
2026-06-10,110249610,789,0,18.7115450233,-3.6872750487,-3.6872750487,0.5000000,2,2,0.50665070000000000,0.506650700000,-0.018812684590367487,-0.018812684590367487,-0.018812684590367487,0E-17,ELIGIBLE,R03b_20260811_FULL_v1,L1_ELIGIBILITY,v2026-08-11,2026-03-21..2026-08-06,baccarat_bet02_101_all_pairs_incl_sentinel,round_win = game_pnl > 0 (decisive only),COMPATIBILITY_ONLY_NOT_PRODUCTION,296357.1217,267511.9505,6650.6079,18220,18206,-0.02244119,-0.04150452,-0.02020951,-0.02244119,-6650.6079,296357.1217,OK,0.0000,266.0243,4.0000,96.0000,AG03-UNRESOLVED,ALL5_LEVELS_bet23_to_bet27,266.0243,266.0243,266.0243,332.5304,332.5304,4.000000,4.000000,4.000000,5.000000,5.000000,96.000000,96.000000,96.000000,95.000000,95.000000,5.0,1463.1337,1340.2688,5187.4742,5310.3391,PENDING_AG03,FALSE,NOT_FOR_ENFORCEMENT,6384.5836,256811.4724,6650.6079,6384.5836,266.0243,0.02244119,0.02154355,266.0243,6384.5836,0.02154355,266.0243,266.0243,266.0243,332.5304,332.5304,6384.5836,0.02154355,1463.1337,1340.2688,5187.4742,5310.3391,0.01750413,0.01791872,0.00089765,16.2655,14.6936,0.3653,59.3804,1.1678,2646.0457,162.5536,12.4780,16.8648,9.0895,16.5695,22.0926,29.825,33.4482,44.5976,11.8163,0.0,2.018664,2.691552,0.981654,30,240,141,4,0.10479828,0.02244119,0.04150452,0E-8,0.000000,0.902668,0.011910,-0.02129501,2026-03-22,2026-08-05,112,5695,2177,137,0.817518,0.739886,0.767145,0.349328,,,,,,,,GLOBAL_BASELINE_NO_ENTITY_RANKING,,,NOT_APPLICABLE_GLOBAL_BASELINE,HF9g-P5,,,,X 全窗基线 · 不参与实体赏罚,14196487,1420,A168_HF9F_20260827_0900,2026-08-27 09:00:00
2026-06-10,110249610,919,0,16.5101867852,-16.5101867852,-16.5101867852,0E-7,1,1,0.49324550000000000,0.493245500000,-0.9865810262130424,-0.9865810262130424,-0.9865810262130424,0E-17,ELIGIBLE,R03b_20260811_FULL_v1,L1_ELIGIBILITY,v2026-08-11,2026-03-21..2026-08-06,baccarat_bet02_101_all_pairs_incl_sentinel,round_win = game_pnl > 0 (decisive only),COMPATIBILITY_ONLY_NOT_PRODUCTION,296357.1217,267511.9505,6650.6079,18220,18206,-0.02244119,-0.04150452,-0.02020951,-0.02244119,-6650.6079,296357.1217,OK,0.0000,266.0243,4.0000,96.0000,AG03-UNRESOLVED,ALL5_LEVELS_bet23_to_bet27,266.0243,266.0243,266.0243,332.5304,332.5304,4.000000,4.000000,4.000000,5.000000,5.000000,96.000000,96.000000,96.000000,95.000000,95.000000,5.0,1463.1337,1340.2688,5187.4742,5310.3391,PENDING_AG03,FALSE,NOT_FOR_ENFORCEMENT,6384.5836,256811.4724,6650.6079,6384.5836,266.0243,0.02244119,0.02154355,266.0243,6384.5836,0.02154355,266.0243,266.0243,266.0243,332.5304,332.5304,6384.5836,0.02154355,1463.1337,1340.2688,5187.4742,5310.3391,0.01750413,0.01791872,0.00089765,16.2655,14.6936,0.3653,59.3804,1.1678,2646.0457,162.5536,12.4780,16.8648,9.0895,16.5695,22.0926,29.825,33.4482,44.5976,11.8163,0.0,2.018664,2.691552,0.981654,30,240,141,4,0.10479828,0.02244119,0.04150452,0E-8,0.000000,0.902668,0.011910,-0.02129501,2026-03-22,2026-08-05,112,5695,2177,137,0.817518,0.739886,0.767145,0.349328,,,,,,,,GLOBAL_BASELINE_NO_ENTITY_RANKING,,,NOT_APPLICABLE_GLOBAL_BASELINE,HF9g-P5,,,,X 全窗基线 · 不参与实体赏罚,14196488,1420,A168_HF9F_20260827_0900,2026-08-27 09:00:00
2026-06-10,110249610,994,0,26.4162988564,5.5033955951,5.5033955951,0.6666667,4,4,0.49324550000000000,0.493245500000,0.6008033672792107,0.6008033672792106,0.6008033672792107,0E-17,ELIGIBLE,R03b_20260811_FULL_v1,L1_ELIGIBILITY,v2026-08-11,2026-03-21..2026-08-06,baccarat_bet02_101_all_pairs_incl_sentinel,round_win = game_pnl > 0 (decisive only),COMPATIBILITY_ONLY_NOT_PRODUCTION,296357.1217,267511.9505,6650.6079,18220,18206,-0.02244119,-0.04150452,-0.02020951,-0.02244119,-6650.6079,296357.1217,OK,0.0000,266.0243,4.0000,96.0000,AG03-UNRESOLVED,ALL5_LEVELS_bet23_to_bet27,266.0243,266.0243,266.0243,332.5304,332.5304,4.000000,4.000000,4.000000,5.000000,5.000000,96.000000,96.000000,96.000000,95.000000,95.000000,5.0,1463.1337,1340.2688,5187.4742,5310.3391,PENDING_AG03,FALSE,NOT_FOR_ENFORCEMENT,6384.5836,256811.4724,6650.6079,6384.5836,266.0243,0.02244119,0.02154355,266.0243,6384.5836,0.02154355,266.0243,266.0243,266.0243,332.5304,332.5304,6384.5836,0.02154355,1463.1337,1340.2688,5187.4742,5310.3391,0.01750413,0.01791872,0.00089765,16.2655,14.6936,0.3653,59.3804,1.1678,2646.0457,162.5536,12.4780,16.8648,9.0895,16.5695,22.0926,29.825,33.4482,44.5976,11.8163,0.0,2.018664,2.691552,0.981654,30,240,141,4,0.10479828,0.02244119,0.04150452,0E-8,0.000000,0.902668,0.011910,-0.02129501,2026-03-22,2026-08-05,112,5695,2177,137,0.817518,0.739886,0.767145,0.349328,,,,,,,,GLOBAL_BASELINE_NO_ENTITY_RANKING,,,NOT_APPLICABLE_GLOBAL_BASELINE,HF9g-P5,,,,X 全窗基线 · 不参与实体赏罚,14196489,1420,A168_HF9F_20260827_0900,2026-08-27 09:00:00
2026-06-11,110249610,-1,1,91.2462989665,-20.2249788120,-20.2249788120,0.4615385,16,16,0.50246157500000000,0.502461575000,-0.295104344177975,-0.295104344177975,-0.295104344177975,0E-17,SENTINEL_DEALER,R03b_20260811_FULL_v1,L1_ELIGIBILITY,v2026-08-11,2026-03-21..2026-08-06,baccarat_bet02_101_all_pairs_incl_sentinel,round_win = game_pnl > 0 (decisive only),COMPATIBILITY_ONLY_NOT_PRODUCTION,296357.1217,267511.9505,6650.6079,18220,18206,-0.02244119,-0.04150452,-0.02020951,-0.02244119,-6650.6079,296357.1217,OK,0.0000,266.0243,4.0000,96.0000,AG03-UNRESOLVED,ALL5_LEVELS_bet23_to_bet27,266.0243,266.0243,266.0243,332.5304,332.5304,4.000000,4.000000,4.000000,5.000000,5.000000,96.000000,96.000000,96.000000,95.000000,95.000000,5.0,1463.1337,1340.2688,5187.4742,5310.3391,PENDING_AG03,FALSE,NOT_FOR_ENFORCEMENT,6384.5836,256811.4724,6650.6079,6384.5836,266.0243,0.02244119,0.02154355,266.0243,6384.5836,0.02154355,266.0243,266.0243,266.0243,332.5304,332.5304,6384.5836,0.02154355,1463.1337,1340.2688,5187.4742,5310.3391,0.01750413,0.01791872,0.00089765,16.2655,14.6936,0.3653,59.3804,1.1678,2646.0457,162.5536,12.4780,16.8648,9.0895,16.5695,22.0926,29.825,33.4482,44.5976,11.8163,0.0,2.018664,2.691552,0.981654,30,240,141,4,0.10479828,0.02244119,0.04150452,0E-8,0.000000,0.902668,0.011910,-0.02129501,2026-03-22,2026-08-05,112,5695,2177,137,0.817518,0.739886,0.767145,0.349328,,,,,,,,GLOBAL_BASELINE_NO_ENTITY_RANKING,,,NOT_APPLICABLE_GLOBAL_BASELINE,HF9g-P5,,,,X 全窗基线 · 不参与实体赏罚,14196490,1420,A168_HF9F_20260827_0900,2026-08-27 09:00:00
2026-06-11,110249610,1306,0,16.5101867853,-16.5101867853,-16.5101867853,0E-7,2,2,0.50665070000000000,0.506650700000,-1.4331513700195317,-1.4331513700195317,-1.4331513700195317,0E-17,ELIGIBLE,R03b_20260811_FULL_v1,L1_ELIGIBILITY,v2026-08-11,2026-03-21..2026-08-06,baccarat_bet02_101_all_pairs_incl_sentinel,round_win = game_pnl > 0 (decisive only),COMPATIBILITY_ONLY_NOT_PRODUCTION,296357.1217,267511.9505,6650.6079,18220,18206,-0.02244119,-0.04150452,-0.02020951,-0.02244119,-6650.6079,296357.1217,OK,0.0000,266.0243,4.0000,96.0000,AG03-UNRESOLVED,ALL5_LEVELS_bet23_to_bet27,266.0243,266.0243,266.0243,332.5304,332.5304,4.000000,4.000000,4.000000,5.000000,5.000000,96.000000,96.000000,96.000000,95.000000,95.000000,5.0,1463.1337,1340.2688,5187.4742,5310.3391,PENDING_AG03,FALSE,NOT_FOR_ENFORCEMENT,6384.5836,256811.4724,6650.6079,6384.5836,266.0243,0.02244119,0.02154355,266.0243,6384.5836,0.02154355,266.0243,266.0243,266.0243,332.5304,332.5304,6384.5836,0.02154355,1463.1337,1340.2688,5187.4742,5310.3391,0.01750413,0.01791872,0.00089765,16.2655,14.6936,0.3653,59.3804,1.1678,2646.0457,162.5536,12.4780,16.8648,9.0895,16.5695,22.0926,29.825,33.4482,44.5976,11.8163,0.0,2.018664,2.691552,0.981654,30,240,141,4,0.10479828,0.02244119,0.04150452,0E-8,0.000000,0.902668,0.011910,-0.02129501,2026-03-22,2026-08-05,112,5695,2177,137,0.817518,0.739886,0.767145,0.349328,,,,,,,,GLOBAL_BASELINE_NO_ENTITY_RANKING,,,NOT_APPLICABLE_GLOBAL_BASELINE,HF9g-P5,,,,X 全窗基线 · 不参与实体赏罚,14196491,1420,A168_HF9F_20260827_0900,2026-08-27 09:00:00
2026-06-11,110249610,1402,0,2.2013582380,0E-10,0E-10,,1,1,0.49324550000000000,0.493245500000,,,,0E-17,NO_DECISIVE_ROUND,R03b_20260811_FULL_v1,L1_ELIGIBILITY,v2026-08-11,2026-03-21..2026-08-06,baccarat_bet02_101_all_pairs_incl_sentinel,round_win = game_pnl > 0 (decisive only),COMPATIBILITY_ONLY_NOT_PRODUCTION,296357.1217,267511.9505,6650.6079,18220,18206,-0.02244119,-0.04150452,-0.02020951,-0.02244119,-6650.6079,296357.1217,OK,0.0000,266.0243,4.0000,96.0000,AG03-UNRESOLVED,ALL5_LEVELS_bet23_to_bet27,266.0243,266.0243,266.0243,332.5304,332.5304,4.000000,4.000000,4.000000,5.000000,5.000000,96.000000,96.000000,96.000000,95.000000,95.000000,5.0,1463.1337,1340.2688,5187.4742,5310.3391,PENDING_AG03,FALSE,NOT_FOR_ENFORCEMENT,6384.5836,256811.4724,6650.6079,6384.5836,266.0243,0.02244119,0.02154355,266.0243,6384.5836,0.02154355,266.0243,266.0243,266.0243,332.5304,332.5304,6384.5836,0.02154355,1463.1337,1340.2688,5187.4742,5310.3391,0.01750413,0.01791872,0.00089765,16.2655,14.6936,0.3653,59.3804,1.1678,2646.0457,162.5536,12.4780,16.8648,9.0895,16.5695,22.0926,29.825,33.4482,44.5976,11.8163,0.0,2.018664,2.691552,0.981654,30,240,141,4,0.10479828,0.02244119,0.04150452,0E-8,0.000000,0.902668,0.011910,-0.02129501,2026-03-22,2026-08-05,112,5695,2177,137,0.817518,0.739886,0.767145,0.349328,,,,,,,,GLOBAL_BASELINE_NO_ENTITY_RANKING,,,NOT_APPLICABLE_GLOBAL_BASELINE,HF9g-P5,,,,X 全窗基线 · 不参与实体赏罚,14196492,1420,A168_HF9F_20260827_0900,2026-08-27 09:00:00
2026-06-11,110249610,1405,0,14.4188964592,2.9718336214,2.9718336214,0.6666667,3,3,0.49324550000000000,0.493245500000,0.6008033672792107,0.6008033672792106,0.6008033672792107,0E-17,ELIGIBLE,R03b_20260811_FULL_v1,L1_ELIGIBILITY,v2026-08-11,2026-03-21..2026-08-06,baccarat_bet02_101_all_pairs_incl_sentinel,round_win = game_pnl > 0 (decisive only),COMPATIBILITY_ONLY_NOT_PRODUCTION,296357.1217,267511.9505,6650.6079,18220,18206,-0.02244119,-0.04150452,-0.02020951,-0.02244119,-6650.6079,296357.1217,OK,0.0000,266.0243,4.0000,96.0000,AG03-UNRESOLVED,ALL5_LEVELS_bet23_to_bet27,266.0243,266.0243,266.0243,332.5304,332.5304,4.000000,4.000000,4.000000,5.000000,5.000000,96.000000,96.000000,96.000000,95.000000,95.000000,5.0,1463.1337,1340.2688,5187.4742,5310.3391,PENDING_AG03,FALSE,NOT_FOR_ENFORCEMENT,6384.5836,256811.4724,6650.6079,6384.5836,266.0243,0.02244119,0.02154355,266.0243,6384.5836,0.02154355,266.0243,266.0243,266.0243,332.5304,332.5304,6384.5836,0.02154355,1463.1337,1340.2688,5187.4742,5310.3391,0.01750413,0.01791872,0.00089765,16.2655,14.6936,0.3653,59.3804,1.1678,2646.0457,162.5536,12.4780,16.8648,9.0895,16.5695,22.0926,29.825,33.4482,44.5976,11.8163,0.0,2.018664,2.691552,0.981654,30,240,141,4,0.10479828,0.02244119,0.04150452,0E-8,0.000000,0.902668,0.011910,-0.02129501,2026-03-22,2026-08-05,112,5695,2177,137,0.817518,0.739886,0.767145,0.349328,,,,,,,,GLOBAL_BASELINE_NO_ENTITY_RANKING,,,NOT_APPLICABLE_GLOBAL_BASELINE,HF9g-P5,,,,X 全窗基线 · 不参与实体赏罚,14196493,1420,A168_HF9F_20260827_0900,2026-08-27 09:00:00
2026-06-11,110249610,1507,0,21.4632428209,20.3900806798,20.3900806798,1.0000000,2,2,0.50665070000000000,0.506650700000,1.3955260008387969,1.3955260008387969,1.3955260008387969,0E-17,ELIGIBLE,R03b_20260811_FULL_v1,L1_ELIGIBILITY,v2026-08-11,2026-03-21..2026-08-06,baccarat_bet02_101_all_pairs_incl_sentinel,round_win = game_pnl > 0 (decisive only),COMPATIBILITY_ONLY_NOT_PRODUCTION,296357.1217,267511.9505,6650.6079,18220,18206,-0.02244119,-0.04150452,-0.02020951,-0.02244119,-6650.6079,296357.1217,OK,0.0000,266.0243,4.0000,96.0000,AG03-UNRESOLVED,ALL5_LEVELS_bet23_to_bet27,266.0243,266.0243,266.0243,332.5304,332.5304,4.000000,4.000000,4.000000,5.000000,5.000000,96.000000,96.000000,96.000000,95.000000,95.000000,5.0,1463.1337,1340.2688,5187.4742,5310.3391,PENDING_AG03,FALSE,NOT_FOR_ENFORCEMENT,6384.5836,256811.4724,6650.6079,6384.5836,266.0243,0.02244119,0.02154355,266.0243,6384.5836,0.02154355,266.0243,266.0243,266.0243,332.5304,332.5304,6384.5836,0.02154355,1463.1337,1340.2688,5187.4742,5310.3391,0.01750413,0.01791872,0.00089765,16.2655,14.6936,0.3653,59.3804,1.1678,2646.0457,162.5536,12.4780,16.8648,9.0895,16.5695,22.0926,29.825,33.4482,44.5976,11.8163,0.0,2.018664,2.691552,0.981654,30,240,141,4,0.10479828,0.02244119,0.04150452,0E-8,0.000000,0.902668,0.011910,-0.02129501,2026-03-22,2026-08-05,112,5695,2177,137,0.817518,0.739886,0.767145,0.349328,,,,,,,,GLOBAL_BASELINE_NO_ENTITY_RANKING,,,NOT_APPLICABLE_GLOBAL_BASELINE,HF9g-P5,,,,X 全窗基线 · 不参与实体赏罚,14196494,1420,A168_HF9F_20260827_0900,2026-08-27 09:00:00
2026-06-11,110249610,1646,0,16.5101867853,-5.7785653749,-5.7785653749,0.5000000,2,2,0.50665070000000000,0.506650700000,-0.018812684590367487,-0.018812684590367487,-0.018812684590367487,0E-17,ELIGIBLE,R03b_20260811_FULL_v1,L1_ELIGIBILITY,v2026-08-11,2026-03-21..2026-08-06,baccarat_bet02_101_all_pairs_incl_sentinel,round_win = game_pnl > 0 (decisive only),COMPATIBILITY_ONLY_NOT_PRODUCTION,296357.1217,267511.9505,6650.6079,18220,18206,-0.02244119,-0.04150452,-0.02020951,-0.02244119,-6650.6079,296357.1217,OK,0.0000,266.0243,4.0000,96.0000,AG03-UNRESOLVED,ALL5_LEVELS_bet23_to_bet27,266.0243,266.0243,266.0243,332.5304,332.5304,4.000000,4.000000,4.000000,5.000000,5.000000,96.000000,96.000000,96.000000,95.000000,95.000000,5.0,1463.1337,1340.2688,5187.4742,5310.3391,PENDING_AG03,FALSE,NOT_FOR_ENFORCEMENT,6384.5836,256811.4724,6650.6079,6384.5836,266.0243,0.02244119,0.02154355,266.0243,6384.5836,0.02154355,266.0243,266.0243,266.0243,332.5304,332.5304,6384.5836,0.02154355,1463.1337,1340.2688,5187.4742,5310.3391,0.01750413,0.01791872,0.00089765,16.2655,14.6936,0.3653,59.3804,1.1678,2646.0457,162.5536,12.4780,16.8648,9.0895,16.5695,22.0926,29.825,33.4482,44.5976,11.8163,0.0,2.018664,2.691552,0.981654,30,240,141,4,0.10479828,0.02244119,0.04150452,0E-8,0.000000,0.902668,0.011910,-0.02129501,2026-03-22,2026-08-05,112,5695,2177,137,0.817518,0.739886,0.767145,0.349328,,,,,,,,GLOBAL_BASELINE_NO_ENTITY_RANKING,,,NOT_APPLICABLE_GLOBAL_BASELINE,HF9g-P5,,,,X 全窗基线 · 不参与实体赏罚,14196495,1420,A168_HF9F_20260827_0900,2026-08-27 09:00:00
2026-06-11,110249610,1963,0,18.2712733757,-0.3302037357,-0.3302037357,0.6666667,4,4,0.50665070000000000,0.506650700000,0.5543606114942035,0.5543606114942035,0.5543606114942035,0E-17,ELIGIBLE,R03b_20260811_FULL_v1,L1_ELIGIBILITY,v2026-08-11,2026-03-21..2026-08-06,baccarat_bet02_101_all_pairs_incl_sentinel,round_win = game_pnl > 0 (decisive only),COMPATIBILITY_ONLY_NOT_PRODUCTION,296357.1217,267511.9505,6650.6079,18220,18206,-0.02244119,-0.04150452,-0.02020951,-0.02244119,-6650.6079,296357.1217,OK,0.0000,266.0243,4.0000,96.0000,AG03-UNRESOLVED,ALL5_LEVELS_bet23_to_bet27,266.0243,266.0243,266.0243,332.5304,332.5304,4.000000,4.000000,4.000000,5.000000,5.000000,96.000000,96.000000,96.000000,95.000000,95.000000,5.0,1463.1337,1340.2688,5187.4742,5310.3391,PENDING_AG03,FALSE,NOT_FOR_ENFORCEMENT,6384.5836,256811.4724,6650.6079,6384.5836,266.0243,0.02244119,0.02154355,266.0243,6384.5836,0.02154355,266.0243,266.0243,266.0243,332.5304,332.5304,6384.5836,0.02154355,1463.1337,1340.2688,5187.4742,5310.3391,0.01750413,0.01791872,0.00089765,16.2655,14.6936,0.3653,59.3804,1.1678,2646.0457,162.5536,12.4780,16.8648,9.0895,16.5695,22.0926,29.825,33.4482,44.5976,11.8163,0.0,2.018664,2.691552,0.981654,30,240,141,4,0.10479828,0.02244119,0.04150452,0E-8,0.000000,0.902668,0.011910,-0.02129501,2026-03-22,2026-08-05,112,5695,2177,137,0.817518,0.739886,0.767145,0.349328,,,,,,,,GLOBAL_BASELINE_NO_ENTITY_RANKING,,,NOT_APPLICABLE_GLOBAL_BASELINE,HF9g-P5,,,,X 全窗基线 · 不参与实体赏罚,14196496,1420,A168_HF9F_20260827_0900,2026-08-27 09:00:00
2026-06-11,110249610,1985,0,5.5033955951,-5.5033955951,-5.5033955951,0E-7,1,1,0.50665070000000000,0.506650700000,-1.013391052207602,-1.013391052207602,-1.013391052207602,0E-17,ELIGIBLE,R03b_20260811_FULL_v1,L1_ELIGIBILITY,v2026-08-11,2026-03-21..2026-08-06,baccarat_bet02_101_all_pairs_incl_sentinel,round_win = game_pnl > 0 (decisive only),COMPATIBILITY_ONLY_NOT_PRODUCTION,296357.1217,267511.9505,6650.6079,18220,18206,-0.02244119,-0.04150452,-0.02020951,-0.02244119,-6650.6079,296357.1217,OK,0.0000,266.0243,4.0000,96.0000,AG03-UNRESOLVED,ALL5_LEVELS_bet23_to_bet27,266.0243,266.0243,266.0243,332.5304,332.5304,4.000000,4.000000,4.000000,5.000000,5.000000,96.000000,96.000000,96.000000,95.000000,95.000000,5.0,1463.1337,1340.2688,5187.4742,5310.3391,PENDING_AG03,FALSE,NOT_FOR_ENFORCEMENT,6384.5836,256811.4724,6650.6079,6384.5836,266.0243,0.02244119,0.02154355,266.0243,6384.5836,0.02154355,266.0243,266.0243,266.0243,332.5304,332.5304,6384.5836,0.02154355,1463.1337,1340.2688,5187.4742,5310.3391,0.01750413,0.01791872,0.00089765,16.2655,14.6936,0.3653,59.3804,1.1678,2646.0457,162.5536,12.4780,16.8648,9.0895,16.5695,22.0926,29.825,33.4482,44.5976,11.8163,0.0,2.018664,2.691552,0.981654,30,240,141,4,0.10479828,0.02244119,0.04150452,0E-8,0.000000,0.902668,0.011910,-0.02129501,2026-03-22,2026-08-05,112,5695,2177,137,0.817518,0.739886,0.767145,0.349328,,,,,,,,GLOBAL_BASELINE_NO_ENTITY_RANKING,,,NOT_APPLICABLE_GLOBAL_BASELINE,HF9g-P5,,,,X 全窗基线 · 不参与实体赏罚,14196497,1420,A168_HF9F_20260827_0900,2026-08-27 09:00:00
2026-06-11,110249610,2088,0,5.5033955951,-5.5033955951,-5.5033955951,0E-7,1,1,0.50665070000000000,0.506650700000,-1.013391052207602,-1.013391052207602,-1.013391052207602,0E-17,ELIGIBLE,R03b_20260811_FULL_v1,L1_ELIGIBILITY,v2026-08-11,2026-03-21..2026-08-06,baccarat_bet02_101_all_pairs_incl_sentinel,round_win = game_pnl > 0 (decisive only),COMPATIBILITY_ONLY_NOT_PRODUCTION,296357.1217,267511.9505,6650.6079,18220,18206,-0.02244119,-0.04150452,-0.02020951,-0.02244119,-6650.6079,296357.1217,OK,0.0000,266.0243,4.0000,96.0000,AG03-UNRESOLVED,ALL5_LEVELS_bet23_to_bet27,266.0243,266.0243,266.0243,332.5304,332.5304,4.000000,4.000000,4.000000,5.000000,5.000000,96.000000,96.000000,96.000000,95.000000,95.000000,5.0,1463.1337,1340.2688,5187.4742,5310.3391,PENDING_AG03,FALSE,NOT_FOR_ENFORCEMENT,6384.5836,256811.4724,6650.6079,6384.5836,266.0243,0.02244119,0.02154355,266.0243,6384.5836,0.02154355,266.0243,266.0243,266.0243,332.5304,332.5304,6384.5836,0.02154355,1463.1337,1340.2688,5187.4742,5310.3391,0.01750413,0.01791872,0.00089765,16.2655,14.6936,0.3653,59.3804,1.1678,2646.0457,162.5536,12.4780,16.8648,9.0895,16.5695,22.0926,29.825,33.4482,44.5976,11.8163,0.0,2.018664,2.691552,0.981654,30,240,141,4,0.10479828,0.02244119,0.04150452,0E-8,0.000000,0.902668,0.011910,-0.02129501,2026-03-22,2026-08-05,112,5695,2177,137,0.817518,0.739886,0.767145,0.349328,,,,,,,,GLOBAL_BASELINE_NO_ENTITY_RANKING,,,NOT_APPLICABLE_GLOBAL_BASELINE,HF9g-P5,,,,X 全窗基线 · 不参与实体赏罚,14196498,1420,A168_HF9F_20260827_0900,2026-08-27 09:00:00
2026-06-11,110249610,2103,0,10.7866553664,-0.2201358238,-0.2201358238,0.5000000,2,2,0.49324550000000000,0.493245500000,0.01910635448239258,0.01910635448239258,0.01910635448239258,0E-17,ELIGIBLE,R03b_20260811_FULL_v1,L1_ELIGIBILITY,v2026-08-11,2026-03-21..2026-08-06,baccarat_bet02_101_all_pairs_incl_sentinel,round_win = game_pnl > 0 (decisive only),COMPATIBILITY_ONLY_NOT_PRODUCTION,296357.1217,267511.9505,6650.6079,18220,18206,-0.02244119,-0.04150452,-0.02020951,-0.02244119,-6650.6079,296357.1217,OK,0.0000,266.0243,4.0000,96.0000,AG03-UNRESOLVED,ALL5_LEVELS_bet23_to_bet27,266.0243,266.0243,266.0243,332.5304,332.5304,4.000000,4.000000,4.000000,5.000000,5.000000,96.000000,96.000000,96.000000,95.000000,95.000000,5.0,1463.1337,1340.2688,5187.4742,5310.3391,PENDING_AG03,FALSE,NOT_FOR_ENFORCEMENT,6384.5836,256811.4724,6650.6079,6384.5836,266.0243,0.02244119,0.02154355,266.0243,6384.5836,0.02154355,266.0243,266.0243,266.0243,332.5304,332.5304,6384.5836,0.02154355,1463.1337,1340.2688,5187.4742,5310.3391,0.01750413,0.01791872,0.00089765,16.2655,14.6936,0.3653,59.3804,1.1678,2646.0457,162.5536,12.4780,16.8648,9.0895,16.5695,22.0926,29.825,33.4482,44.5976,11.8163,0.0,2.018664,2.691552,0.981654,30,240,141,4,0.10479828,0.02244119,0.04150452,0E-8,0.000000,0.902668,0.011910,-0.02129501,2026-03-22,2026-08-05,112,5695,2177,137,0.817518,0.739886,0.767145,0.349328,,,,,,,,GLOBAL_BASELINE_NO_ENTITY_RANKING,,,NOT_APPLICABLE_GLOBAL_BASELINE,HF9g-P5,,,,X 全窗基线 · 不参与实体赏罚,14196499,1420,A168_HF9F_20260827_0900,2026-08-27 09:00:00
2026-06-11,110249610,2106,0,6.0537351546,0E-10,0E-10,,1,1,0.49324550000000000,0.493245500000,,,,0E-17,NO_DECISIVE_ROUND,R03b_20260811_FULL_v1,L1_ELIGIBILITY,v2026-08-11,2026-03-21..2026-08-06,baccarat_bet02_101_all_pairs_incl_sentinel,round_win = game_pnl > 0 (decisive only),COMPATIBILITY_ONLY_NOT_PRODUCTION,296357.1217,267511.9505,6650.6079,18220,18206,-0.02244119,-0.04150452,-0.02020951,-0.02244119,-6650.6079,296357.1217,OK,0.0000,266.0243,4.0000,96.0000,AG03-UNRESOLVED,ALL5_LEVELS_bet23_to_bet27,266.0243,266.0243,266.0243,332.5304,332.5304,4.000000,4.000000,4.000000,5.000000,5.000000,96.000000,96.000000,96.000000,95.000000,95.000000,5.0,1463.1337,1340.2688,5187.4742,5310.3391,PENDING_AG03,FALSE,NOT_FOR_ENFORCEMENT,6384.5836,256811.4724,6650.6079,6384.5836,266.0243,0.02244119,0.02154355,266.0243,6384.5836,0.02154355,266.0243,266.0243,266.0243,332.5304,332.5304,6384.5836,0.02154355,1463.1337,1340.2688,5187.4742,5310.3391,0.01750413,0.01791872,0.00089765,16.2655,14.6936,0.3653,59.3804,1.1678,2646.0457,162.5536,12.4780,16.8648,9.0895,16.5695,22.0926,29.825,33.4482,44.5976,11.8163,0.0,2.018664,2.691552,0.981654,30,240,141,4,0.10479828,0.02244119,0.04150452,0E-8,0.000000,0.902668,0.011910,-0.02129501,2026-03-22,2026-08-05,112,5695,2177,137,0.817518,0.739886,0.767145,0.349328,,,,,,,,GLOBAL_BASELINE_NO_ENTITY_RANKING,,,NOT_APPLICABLE_GLOBAL_BASELINE,HF9g-P5,,,,X 全窗基线 · 不参与实体赏罚,14196500,1420,A168_HF9F_20260827_0900,2026-08-27 09:00:00
2026-06-11,110249610,2108,0,11.0067911902,-11.0067911902,-11.0067911902,0E-7,1,1,0.49324550000000000,0.493245500000,-0.9865810262130424,-0.9865810262130424,-0.9865810262130424,0E-17,ELIGIBLE,R03b_20260811_FULL_v1,L1_ELIGIBILITY,v2026-08-11,2026-03-21..2026-08-06,baccarat_bet02_101_all_pairs_incl_sentinel,round_win = game_pnl > 0 (decisive only),COMPATIBILITY_ONLY_NOT_PRODUCTION,296357.1217,267511.9505,6650.6079,18220,18206,-0.02244119,-0.04150452,-0.02020951,-0.02244119,-6650.6079,296357.1217,OK,0.0000,266.0243,4.0000,96.0000,AG03-UNRESOLVED,ALL5_LEVELS_bet23_to_bet27,266.0243,266.0243,266.0243,332.5304,332.5304,4.000000,4.000000,4.000000,5.000000,5.000000,96.000000,96.000000,96.000000,95.000000,95.000000,5.0,1463.1337,1340.2688,5187.4742,5310.3391,PENDING_AG03,FALSE,NOT_FOR_ENFORCEMENT,6384.5836,256811.4724,6650.6079,6384.5836,266.0243,0.02244119,0.02154355,266.0243,6384.5836,0.02154355,266.0243,266.0243,266.0243,332.5304,332.5304,6384.5836,0.02154355,1463.1337,1340.2688,5187.4742,5310.3391,0.01750413,0.01791872,0.00089765,16.2655,14.6936,0.3653,59.3804,1.1678,2646.0457,162.5536,12.4780,16.8648,9.0895,16.5695,22.0926,29.825,33.4482,44.5976,11.8163,0.0,2.018664,2.691552,0.981654,30,240,141,4,0.10479828,0.02244119,0.04150452,0E-8,0.000000,0.902668,0.011910,-0.02129501,2026-03-22,2026-08-05,112,5695,2177,137,0.817518,0.739886,0.767145,0.349328,,,,,,,,GLOBAL_BASELINE_NO_ENTITY_RANKING,,,NOT_APPLICABLE_GLOBAL_BASELINE,HF9g-P5,,,,X 全窗基线 · 不参与实体赏罚,14196501,1420,A168_HF9F_20260827_0900,2026-08-27 09:00:00
2026-06-11,110249610,2141,0,19.2618845828,-7.1544142736,-7.1544142736,0.3333333,3,3,0.49324550000000000,0.493245500000,-0.5540025479526107,-0.5540025479526106,-0.5540025479526107,0E-17,ELIGIBLE,R03b_20260811_FULL_v1,L1_ELIGIBILITY,v2026-08-11,2026-03-21..2026-08-06,baccarat_bet02_101_all_pairs_incl_sentinel,round_win = game_pnl > 0 (decisive only),COMPATIBILITY_ONLY_NOT_PRODUCTION,296357.1217,267511.9505,6650.6079,18220,18206,-0.02244119,-0.04150452,-0.02020951,-0.02244119,-6650.6079,296357.1217,OK,0.0000,266.0243,4.0000,96.0000,AG03-UNRESOLVED,ALL5_LEVELS_bet23_to_bet27,266.0243,266.0243,266.0243,332.5304,332.5304,4.000000,4.000000,4.000000,5.000000,5.000000,96.000000,96.000000,96.000000,95.000000,95.000000,5.0,1463.1337,1340.2688,5187.4742,5310.3391,PENDING_AG03,FALSE,NOT_FOR_ENFORCEMENT,6384.5836,256811.4724,6650.6079,6384.5836,266.0243,0.02244119,0.02154355,266.0243,6384.5836,0.02154355,266.0243,266.0243,266.0243,332.5304,332.5304,6384.5836,0.02154355,1463.1337,1340.2688,5187.4742,5310.3391,0.01750413,0.01791872,0.00089765,16.2655,14.6936,0.3653,59.3804,1.1678,2646.0457,162.5536,12.4780,16.8648,9.0895,16.5695,22.0926,29.825,33.4482,44.5976,11.8163,0.0,2.018664,2.691552,0.981654,30,240,141,4,0.10479828,0.02244119,0.04150452,0E-8,0.000000,0.902668,0.011910,-0.02129501,2026-03-22,2026-08-05,112,5695,2177,137,0.817518,0.739886,0.767145,0.349328,,,,,,,,GLOBAL_BASELINE_NO_ENTITY_RANKING,,,NOT_APPLICABLE_GLOBAL_BASELINE,HF9g-P5,,,,X 全窗基线 · 不参与实体赏罚,14196502,1420,A168_HF9F_20260827_0900,2026-08-27 09:00:00
2026-06-11,110249610,2171,0,56.1346350699,6.6040747140,6.6040747140,0.6666667,7,7,0.49324550000000000,0.493245500000,0.8496642703256836,0.8496642703256835,0.8496642703256836,0E-17,ELIGIBLE,R03b_20260811_FULL_v1,L1_ELIGIBILITY,v2026-08-11,2026-03-21..2026-08-06,baccarat_bet02_101_all_pairs_incl_sentinel,round_win = game_pnl > 0 (decisive only),COMPATIBILITY_ONLY_NOT_PRODUCTION,296357.1217,267511.9505,6650.6079,18220,18206,-0.02244119,-0.04150452,-0.02020951,-0.02244119,-6650.6079,296357.1217,OK,0.0000,266.0243,4.0000,96.0000,AG03-UNRESOLVED,ALL5_LEVELS_bet23_to_bet27,266.0243,266.0243,266.0243,332.5304,332.5304,4.000000,4.000000,4.000000,5.000000,5.000000,96.000000,96.000000,96.000000,95.000000,95.000000,5.0,1463.1337,1340.2688,5187.4742,5310.3391,PENDING_AG03,FALSE,NOT_FOR_ENFORCEMENT,6384.5836,256811.4724,6650.6079,6384.5836,266.0243,0.02244119,0.02154355,266.0243,6384.5836,0.02154355,266.0243,266.0243,266.0243,332.5304,332.5304,6384.5836,0.02154355,1463.1337,1340.2688,5187.4742,5310.3391,0.01750413,0.01791872,0.00089765,16.2655,14.6936,0.3653,59.3804,1.1678,2646.0457,162.5536,12.4780,16.8648,9.0895,16.5695,22.0926,29.825,33.4482,44.5976,11.8163,0.0,2.018664,2.691552,0.981654,30,240,141,4,0.10479828,0.02244119,0.04150452,0E-8,0.000000,0.902668,0.011910,-0.02129501,2026-03-22,2026-08-05,112,5695,2177,137,0.817518,0.739886,0.767145,0.349328,,,,,,,,GLOBAL_BASELINE_NO_ENTITY_RANKING,,,NOT_APPLICABLE_GLOBAL_BASELINE,HF9g-P5,,,,X 全窗基线 · 不参与实体赏罚,14196503,1420,A168_HF9F_20260827_0900,2026-08-27 09:00:00
2026-06-11,110249610,2176,0,5.5033955951,-5.5033955951,-5.5033955951,0E-7,1,1,0.50665070000000000,0.506650700000,-1.013391052207602,-1.013391052207602,-1.013391052207602,0E-17,ELIGIBLE,R03b_20260811_FULL_v1,L1_ELIGIBILITY,v2026-08-11,2026-03-21..2026-08-06,baccarat_bet02_101_all_pairs_incl_sentinel,round_win = game_pnl > 0 (decisive only),COMPATIBILITY_ONLY_NOT_PRODUCTION,296357.1217,267511.9505,6650.6079,18220,18206,-0.02244119,-0.04150452,-0.02020951,-0.02244119,-6650.6079,296357.1217,OK,0.0000,266.0243,4.0000,96.0000,AG03-UNRESOLVED,ALL5_LEVELS_bet23_to_bet27,266.0243,266.0243,266.0243,332.5304,332.5304,4.000000,4.000000,4.000000,5.000000,5.000000,96.000000,96.000000,96.000000,95.000000,95.000000,5.0,1463.1337,1340.2688,5187.4742,5310.3391,PENDING_AG03,FALSE,NOT_FOR_ENFORCEMENT,6384.5836,256811.4724,6650.6079,6384.5836,266.0243,0.02244119,0.02154355,266.0243,6384.5836,0.02154355,266.0243,266.0243,266.0243,332.5304,332.5304,6384.5836,0.02154355,1463.1337,1340.2688,5187.4742,5310.3391,0.01750413,0.01791872,0.00089765,16.2655,14.6936,0.3653,59.3804,1.1678,2646.0457,162.5536,12.4780,16.8648,9.0895,16.5695,22.0926,29.825,33.4482,44.5976,11.8163,0.0,2.018664,2.691552,0.981654,30,240,141,4,0.10479828,0.02244119,0.04150452,0E-8,0.000000,0.902668,0.011910,-0.02129501,2026-03-22,2026-08-05,112,5695,2177,137,0.817518,0.739886,0.767145,0.349328,,,,,,,,GLOBAL_BASELINE_NO_ENTITY_RANKING,,,NOT_APPLICABLE_GLOBAL_BASELINE,HF9g-P5,,,,X 全窗基线 · 不参与实体赏罚,14196504,1420,A168_HF9F_20260827_0900,2026-08-27 09:00:00
2026-06-11,110249610,2205,0,8.2550933926,-8.2550933926,-8.2550933926,0E-7,1,1,0.50665070000000000,0.506650700000,-1.013391052207602,-1.013391052207602,-1.013391052207602,0E-17,ELIGIBLE,R03b_20260811_FULL_v1,L1_ELIGIBILITY,v2026-08-11,2026-03-21..2026-08-06,baccarat_bet02_101_all_pairs_incl_sentinel,round_win = game_pnl > 0 (decisive only),COMPATIBILITY_ONLY_NOT_PRODUCTION,296357.1217,267511.9505,6650.6079,18220,18206,-0.02244119,-0.04150452,-0.02020951,-0.02244119,-6650.6079,296357.1217,OK,0.0000,266.0243,4.0000,96.0000,AG03-UNRESOLVED,ALL5_LEVELS_bet23_to_bet27,266.0243,266.0243,266.0243,332.5304,332.5304,4.000000,4.000000,4.000000,5.000000,5.000000,96.000000,96.000000,96.000000,95.000000,95.000000,5.0,1463.1337,1340.2688,5187.4742,5310.3391,PENDING_AG03,FALSE,NOT_FOR_ENFORCEMENT,6384.5836,256811.4724,6650.6079,6384.5836,266.0243,0.02244119,0.02154355,266.0243,6384.5836,0.02154355,266.0243,266.0243,266.0243,332.5304,332.5304,6384.5836,0.02154355,1463.1337,1340.2688,5187.4742,5310.3391,0.01750413,0.01791872,0.00089765,16.2655,14.6936,0.3653,59.3804,1.1678,2646.0457,162.5536,12.4780,16.8648,9.0895,16.5695,22.0926,29.825,33.4482,44.5976,11.8163,0.0,2.018664,2.691552,0.981654,30,240,141,4,0.10479828,0.02244119,0.04150452,0E-8,0.000000,0.902668,0.011910,-0.02129501,2026-03-22,2026-08-05,112,5695,2177,137,0.817518,0.739886,0.767145,0.349328,,,,,,,,GLOBAL_BASELINE_NO_ENTITY_RANKING,,,NOT_APPLICABLE_GLOBAL_BASELINE,HF9g-P5,,,,X 全窗基线 · 不参与实体赏罚,14196505,1420,A168_HF9F_20260827_0900,2026-08-27 09:00:00
2026-06-11,110249610,2209,0,40.7251274037,-8.2550933926,-8.2550933926,0.5000000,5,5,0.50665070000000000,0.506650700000,-0.02660515369234503,-0.02660515369234503,-0.02660515369234503,0E-17,ELIGIBLE,R03b_20260811_FULL_v1,L1_ELIGIBILITY,v2026-08-11,2026-03-21..2026-08-06,baccarat_bet02_101_all_pairs_incl_sentinel,round_win = game_pnl > 0 (decisive only),COMPATIBILITY_ONLY_NOT_PRODUCTION,296357.1217,267511.9505,6650.6079,18220,18206,-0.02244119,-0.04150452,-0.02020951,-0.02244119,-6650.6079,296357.1217,OK,0.0000,266.0243,4.0000,96.0000,AG03-UNRESOLVED,ALL5_LEVELS_bet23_to_bet27,266.0243,266.0243,266.0243,332.5304,332.5304,4.000000,4.000000,4.000000,5.000000,5.000000,96.000000,96.000000,96.000000,95.000000,95.000000,5.0,1463.1337,1340.2688,5187.4742,5310.3391,PENDING_AG03,FALSE,NOT_FOR_ENFORCEMENT,6384.5836,256811.4724,6650.6079,6384.5836,266.0243,0.02244119,0.02154355,266.0243,6384.5836,0.02154355,266.0243,266.0243,266.0243,332.5304,332.5304,6384.5836,0.02154355,1463.1337,1340.2688,5187.4742,5310.3391,0.01750413,0.01791872,0.00089765,16.2655,14.6936,0.3653,59.3804,1.1678,2646.0457,162.5536,12.4780,16.8648,9.0895,16.5695,22.0926,29.825,33.4482,44.5976,11.8163,0.0,2.018664,2.691552,0.981654,30,240,141,4,0.10479828,0.02244119,0.04150452,0E-8,0.000000,0.902668,0.011910,-0.02129501,2026-03-22,2026-08-05,112,5695,2177,137,0.817518,0.739886,0.767145,0.349328,,,,,,,,GLOBAL_BASELINE_NO_ENTITY_RANKING,,,NOT_APPLICABLE_GLOBAL_BASELINE,HF9g-P5,,,,X 全窗基线 · 不参与实体赏罚,14196506,1420,A168_HF9F_20260827_0900,2026-08-27 09:00:00
2026-06-11,110249610,2216,0,3.8523769166,3.8523769166,3.8523769166,1.0000000,1,1,0.49324550000000000,0.493245500000,1.01360149184955,1.01360149184955,1.01360149184955,0E-17,ELIGIBLE,R03b_20260811_FULL_v1,L1_ELIGIBILITY,v2026-08-11,2026-03-21..2026-08-06,baccarat_bet02_101_all_pairs_incl_sentinel,round_win = game_pnl > 0 (decisive only),COMPATIBILITY_ONLY_NOT_PRODUCTION,296357.1217,267511.9505,6650.6079,18220,18206,-0.02244119,-0.04150452,-0.02020951,-0.02244119,-6650.6079,296357.1217,OK,0.0000,266.0243,4.0000,96.0000,AG03-UNRESOLVED,ALL5_LEVELS_bet23_to_bet27,266.0243,266.0243,266.0243,332.5304,332.5304,4.000000,4.000000,4.000000,5.000000,5.000000,96.000000,96.000000,96.000000,95.000000,95.000000,5.0,1463.1337,1340.2688,5187.4742,5310.3391,PENDING_AG03,FALSE,NOT_FOR_ENFORCEMENT,6384.5836,256811.4724,6650.6079,6384.5836,266.0243,0.02244119,0.02154355,266.0243,6384.5836,0.02154355,266.0243,266.0243,266.0243,332.5304,332.5304,6384.5836,0.02154355,1463.1337,1340.2688,5187.4742,5310.3391,0.01750413,0.01791872,0.00089765,16.2655,14.6936,0.3653,59.3804,1.1678,2646.0457,162.5536,12.4780,16.8648,9.0895,16.5695,22.0926,29.825,33.4482,44.5976,11.8163,0.0,2.018664,2.691552,0.981654,30,240,141,4,0.10479828,0.02244119,0.04150452,0E-8,0.000000,0.902668,0.011910,-0.02129501,2026-03-22,2026-08-05,112,5695,2177,137,0.817518,0.739886,0.767145,0.349328,,,,,,,,GLOBAL_BASELINE_NO_ENTITY_RANKING,,,NOT_APPLICABLE_GLOBAL_BASELINE,HF9g-P5,,,,X 全窗基线 · 不参与实体赏罚,14196507,1420,A168_HF9F_20260827_0900,2026-08-27 09:00:00
2026-06-11,110249610,2224,0,2.2013582380,-2.2013582380,-2.2013582380,0E-7,1,1,0.49324550000000000,0.493245500000,-0.9865810262130424,-0.9865810262130424,-0.9865810262130424,0E-17,ELIGIBLE,R03b_20260811_FULL_v1,L1_ELIGIBILITY,v2026-08-11,2026-03-21..2026-08-06,baccarat_bet02_101_all_pairs_incl_sentinel,round_win = game_pnl > 0 (decisive only),COMPATIBILITY_ONLY_NOT_PRODUCTION,296357.1217,267511.9505,6650.6079,18220,18206,-0.02244119,-0.04150452,-0.02020951,-0.02244119,-6650.6079,296357.1217,OK,0.0000,266.0243,4.0000,96.0000,AG03-UNRESOLVED,ALL5_LEVELS_bet23_to_bet27,266.0243,266.0243,266.0243,332.5304,332.5304,4.000000,4.000000,4.000000,5.000000,5.000000,96.000000,96.000000,96.000000,95.000000,95.000000,5.0,1463.1337,1340.2688,5187.4742,5310.3391,PENDING_AG03,FALSE,NOT_FOR_ENFORCEMENT,6384.5836,256811.4724,6650.6079,6384.5836,266.0243,0.02244119,0.02154355,266.0243,6384.5836,0.02154355,266.0243,266.0243,266.0243,332.5304,332.5304,6384.5836,0.02154355,1463.1337,1340.2688,5187.4742,5310.3391,0.01750413,0.01791872,0.00089765,16.2655,14.6936,0.3653,59.3804,1.1678,2646.0457,162.5536,12.4780,16.8648,9.0895,16.5695,22.0926,29.825,33.4482,44.5976,11.8163,0.0,2.018664,2.691552,0.981654,30,240,141,4,0.10479828,0.02244119,0.04150452,0E-8,0.000000,0.902668,0.011910,-0.02129501,2026-03-22,2026-08-05,112,5695,2177,137,0.817518,0.739886,0.767145,0.349328,,,,,,,,GLOBAL_BASELINE_NO_ENTITY_RANKING,,,NOT_APPLICABLE_GLOBAL_BASELINE,HF9g-P5,,,,X 全窗基线 · 不参与实体赏罚,14196508,1420,A168_HF9F_20260827_0900,2026-08-27 09:00:00
2026-06-11,110249610,2229,0,9.9061120712,-9.9061120712,-9.9061120712,0E-7,2,2,0.49324550000000000,0.493245500000,-1.3952362676504506,-1.3952362676504506,-1.3952362676504506,0E-17,ELIGIBLE,R03b_20260811_FULL_v1,L1_ELIGIBILITY,v2026-08-11,2026-03-21..2026-08-06,baccarat_bet02_101_all_pairs_incl_sentinel,round_win = game_pnl > 0 (decisive only),COMPATIBILITY_ONLY_NOT_PRODUCTION,296357.1217,267511.9505,6650.6079,18220,18206,-0.02244119,-0.04150452,-0.02020951,-0.02244119,-6650.6079,296357.1217,OK,0.0000,266.0243,4.0000,96.0000,AG03-UNRESOLVED,ALL5_LEVELS_bet23_to_bet27,266.0243,266.0243,266.0243,332.5304,332.5304,4.000000,4.000000,4.000000,5.000000,5.000000,96.000000,96.000000,96.000000,95.000000,95.000000,5.0,1463.1337,1340.2688,5187.4742,5310.3391,PENDING_AG03,FALSE,NOT_FOR_ENFORCEMENT,6384.5836,256811.4724,6650.6079,6384.5836,266.0243,0.02244119,0.02154355,266.0243,6384.5836,0.02154355,266.0243,266.0243,266.0243,332.5304,332.5304,6384.5836,0.02154355,1463.1337,1340.2688,5187.4742,5310.3391,0.01750413,0.01791872,0.00089765,16.2655,14.6936,0.3653,59.3804,1.1678,2646.0457,162.5536,12.4780,16.8648,9.0895,16.5695,22.0926,29.825,33.4482,44.5976,11.8163,0.0,2.018664,2.691552,0.981654,30,240,141,4,0.10479828,0.02244119,0.04150452,0E-8,0.000000,0.902668,0.011910,-0.02129501,2026-03-22,2026-08-05,112,5695,2177,137,0.817518,0.739886,0.767145,0.349328,,,,,,,,GLOBAL_BASELINE_NO_ENTITY_RANKING,,,NOT_APPLICABLE_GLOBAL_BASELINE,HF9g-P5,,,,X 全窗基线 · 不参与实体赏罚,14196509,1420,A168_HF9F_20260827_0900,2026-08-27 09:00:00
2026-06-11,110249610,2251,0,28.6176570945,-19.8122241423,-19.8122241423,0.2500000,4,4,0.49659680000000000,0.496596800000,-0.9864100490137353,-0.9864100490137354,-0.9864100490137353,0E-17,ELIGIBLE,R03b_20260811_FULL_v1,L1_ELIGIBILITY,v2026-08-11,2026-03-21..2026-08-06,baccarat_bet02_101_all_pairs_incl_sentinel,round_win = game_pnl > 0 (decisive only),COMPATIBILITY_ONLY_NOT_PRODUCTION,296357.1217,267511.9505,6650.6079,18220,18206,-0.02244119,-0.04150452,-0.02020951,-0.02244119,-6650.6079,296357.1217,OK,0.0000,266.0243,4.0000,96.0000,AG03-UNRESOLVED,ALL5_LEVELS_bet23_to_bet27,266.0243,266.0243,266.0243,332.5304,332.5304,4.000000,4.000000,4.000000,5.000000,5.000000,96.000000,96.000000,96.000000,95.000000,95.000000,5.0,1463.1337,1340.2688,5187.4742,5310.3391,PENDING_AG03,FALSE,NOT_FOR_ENFORCEMENT,6384.5836,256811.4724,6650.6079,6384.5836,266.0243,0.02244119,0.02154355,266.0243,6384.5836,0.02154355,266.0243,266.0243,266.0243,332.5304,332.5304,6384.5836,0.02154355,1463.1337,1340.2688,5187.4742,5310.3391,0.01750413,0.01791872,0.00089765,16.2655,14.6936,0.3653,59.3804,1.1678,2646.0457,162.5536,12.4780,16.8648,9.0895,16.5695,22.0926,29.825,33.4482,44.5976,11.8163,0.0,2.018664,2.691552,0.981654,30,240,141,4,0.10479828,0.02244119,0.04150452,0E-8,0.000000,0.902668,0.011910,-0.02129501,2026-03-22,2026-08-05,112,5695,2177,137,0.817518,0.739886,0.767145,0.349328,,,,,,,,GLOBAL_BASELINE_NO_ENTITY_RANKING,,,NOT_APPLICABLE_GLOBAL_BASELINE,HF9g-P5,,,,X 全窗基线 · 不参与实体赏罚,14196510,1420,A168_HF9F_20260827_0900,2026-08-27 09:00:00
2026-06-11,110249610,2258,0,18.7115450233,6.2738709784,6.2738709784,1.0000000,2,2,0.50665070000000000,0.506650700000,0.9867858985152569,0.9867858985152569,0.9867858985152569,0E-17,ELIGIBLE,R03b_20260811_FULL_v1,L1_ELIGIBILITY,v2026-08-11,2026-03-21..2026-08-06,baccarat_bet02_101_all_pairs_incl_sentinel,round_win = game_pnl > 0 (decisive only),COMPATIBILITY_ONLY_NOT_PRODUCTION,296357.1217,267511.9505,6650.6079,18220,18206,-0.02244119,-0.04150452,-0.02020951,-0.02244119,-6650.6079,296357.1217,OK,0.0000,266.0243,4.0000,96.0000,AG03-UNRESOLVED,ALL5_LEVELS_bet23_to_bet27,266.0243,266.0243,266.0243,332.5304,332.5304,4.000000,4.000000,4.000000,5.000000,5.000000,96.000000,96.000000,96.000000,95.000000,95.000000,5.0,1463.1337,1340.2688,5187.4742,5310.3391,PENDING_AG03,FALSE,NOT_FOR_ENFORCEMENT,6384.5836,256811.4724,6650.6079,6384.5836,266.0243,0.02244119,0.02154355,266.0243,6384.5836,0.02154355,266.0243,266.0243,266.0243,332.5304,332.5304,6384.5836,0.02154355,1463.1337,1340.2688,5187.4742,5310.3391,0.01750413,0.01791872,0.00089765,16.2655,14.6936,0.3653,59.3804,1.1678,2646.0457,162.5536,12.4780,16.8648,9.0895,16.5695,22.0926,29.825,33.4482,44.5976,11.8163,0.0,2.018664,2.691552,0.981654,30,240,141,4,0.10479828,0.02244119,0.04150452,0E-8,0.000000,0.902668,0.011910,-0.02129501,2026-03-22,2026-08-05,112,5695,2177,137,0.817518,0.739886,0.767145,0.349328,,,,,,,,GLOBAL_BASELINE_NO_ENTITY_RANKING,,,NOT_APPLICABLE_GLOBAL_BASELINE,HF9g-P5,,,,X 全窗基线 · 不参与实体赏罚,14196511,1420,A168_HF9F_20260827_0900,2026-08-27 09:00:00
2026-06-11,110249610,2267,0,19.9222920542,-2.9718336214,-2.9718336214,0.5000000,2,2,0.49324550000000000,0.493245500000,0.01910635448239258,0.01910635448239258,0.01910635448239258,0E-17,ELIGIBLE,R03b_20260811_FULL_v1,L1_ELIGIBILITY,v2026-08-11,2026-03-21..2026-08-06,baccarat_bet02_101_all_pairs_incl_sentinel,round_win = game_pnl > 0 (decisive only),COMPATIBILITY_ONLY_NOT_PRODUCTION,296357.1217,267511.9505,6650.6079,18220,18206,-0.02244119,-0.04150452,-0.02020951,-0.02244119,-6650.6079,296357.1217,OK,0.0000,266.0243,4.0000,96.0000,AG03-UNRESOLVED,ALL5_LEVELS_bet23_to_bet27,266.0243,266.0243,266.0243,332.5304,332.5304,4.000000,4.000000,4.000000,5.000000,5.000000,96.000000,96.000000,96.000000,95.000000,95.000000,5.0,1463.1337,1340.2688,5187.4742,5310.3391,PENDING_AG03,FALSE,NOT_FOR_ENFORCEMENT,6384.5836,256811.4724,6650.6079,6384.5836,266.0243,0.02244119,0.02154355,266.0243,6384.5836,0.02154355,266.0243,266.0243,266.0243,332.5304,332.5304,6384.5836,0.02154355,1463.1337,1340.2688,5187.4742,5310.3391,0.01750413,0.01791872,0.00089765,16.2655,14.6936,0.3653,59.3804,1.1678,2646.0457,162.5536,12.4780,16.8648,9.0895,16.5695,22.0926,29.825,33.4482,44.5976,11.8163,0.0,2.018664,2.691552,0.981654,30,240,141,4,0.10479828,0.02244119,0.04150452,0E-8,0.000000,0.902668,0.011910,-0.02129501,2026-03-22,2026-08-05,112,5695,2177,137,0.817518,0.739886,0.767145,0.349328,,,,,,,,GLOBAL_BASELINE_NO_ENTITY_RANKING,,,NOT_APPLICABLE_GLOBAL_BASELINE,HF9g-P5,,,,X 全窗基线 · 不参与实体赏罚,14196512,1420,A168_HF9F_20260827_0900,2026-08-27 09:00:00
2026-06-11,110249610,2276,0,2.5315619737,-2.5315619737,-2.5315619737,0E-7,1,1,0.49324550000000000,0.493245500000,-0.9865810262130424,-0.9865810262130424,-0.9865810262130424,0E-17,ELIGIBLE,R03b_20260811_FULL_v1,L1_ELIGIBILITY,v2026-08-11,2026-03-21..2026-08-06,baccarat_bet02_101_all_pairs_incl_sentinel,round_win = game_pnl > 0 (decisive only),COMPATIBILITY_ONLY_NOT_PRODUCTION,296357.1217,267511.9505,6650.6079,18220,18206,-0.02244119,-0.04150452,-0.02020951,-0.02244119,-6650.6079,296357.1217,OK,0.0000,266.0243,4.0000,96.0000,AG03-UNRESOLVED,ALL5_LEVELS_bet23_to_bet27,266.0243,266.0243,266.0243,332.5304,332.5304,4.000000,4.000000,4.000000,5.000000,5.000000,96.000000,96.000000,96.000000,95.000000,95.000000,5.0,1463.1337,1340.2688,5187.4742,5310.3391,PENDING_AG03,FALSE,NOT_FOR_ENFORCEMENT,6384.5836,256811.4724,6650.6079,6384.5836,266.0243,0.02244119,0.02154355,266.0243,6384.5836,0.02154355,266.0243,266.0243,266.0243,332.5304,332.5304,6384.5836,0.02154355,1463.1337,1340.2688,5187.4742,5310.3391,0.01750413,0.01791872,0.00089765,16.2655,14.6936,0.3653,59.3804,1.1678,2646.0457,162.5536,12.4780,16.8648,9.0895,16.5695,22.0926,29.825,33.4482,44.5976,11.8163,0.0,2.018664,2.691552,0.981654,30,240,141,4,0.10479828,0.02244119,0.04150452,0E-8,0.000000,0.902668,0.011910,-0.02129501,2026-03-22,2026-08-05,112,5695,2177,137,0.817518,0.739886,0.767145,0.349328,,,,,,,,GLOBAL_BASELINE_NO_ENTITY_RANKING,,,NOT_APPLICABLE_GLOBAL_BASELINE,HF9g-P5,,,,X 全窗基线 · 不参与实体赏罚,14196513,1420,A168_HF9F_20260827_0900,2026-08-27 09:00:00
2026-06-11,110249610,970,0,64.3897284625,26.8290535260,26.8290535260,0.7142857,7,7,0.50665070000000000,0.506650700000,1.098798430526454,1.098798430526454,1.098798430526454,0E-17,ELIGIBLE,R03b_20260811_FULL_v1,L1_ELIGIBILITY,v2026-08-11,2026-03-21..2026-08-06,baccarat_bet02_101_all_pairs_incl_sentinel,round_win = game_pnl > 0 (decisive only),COMPATIBILITY_ONLY_NOT_PRODUCTION,296357.1217,267511.9505,6650.6079,18220,18206,-0.02244119,-0.04150452,-0.02020951,-0.02244119,-6650.6079,296357.1217,OK,0.0000,266.0243,4.0000,96.0000,AG03-UNRESOLVED,ALL5_LEVELS_bet23_to_bet27,266.0243,266.0243,266.0243,332.5304,332.5304,4.000000,4.000000,4.000000,5.000000,5.000000,96.000000,96.000000,96.000000,95.000000,95.000000,5.0,1463.1337,1340.2688,5187.4742,5310.3391,PENDING_AG03,FALSE,NOT_FOR_ENFORCEMENT,6384.5836,256811.4724,6650.6079,6384.5836,266.0243,0.02244119,0.02154355,266.0243,6384.5836,0.02154355,266.0243,266.0243,266.0243,332.5304,332.5304,6384.5836,0.02154355,1463.1337,1340.2688,5187.4742,5310.3391,0.01750413,0.01791872,0.00089765,16.2655,14.6936,0.3653,59.3804,1.1678,2646.0457,162.5536,12.4780,16.8648,9.0895,16.5695,22.0926,29.825,33.4482,44.5976,11.8163,0.0,2.018664,2.691552,0.981654,30,240,141,4,0.10479828,0.02244119,0.04150452,0E-8,0.000000,0.902668,0.011910,-0.02129501,2026-03-22,2026-08-05,112,5695,2177,137,0.817518,0.739886,0.767145,0.349328,,,,,,,,GLOBAL_BASELINE_NO_ENTITY_RANKING,,,NOT_APPLICABLE_GLOBAL_BASELINE,HF9g-P5,,,,X 全窗基线 · 不参与实体赏罚,14196514,1420,A168_HF9F_20260827_0900,2026-08-27 09:00:00
2026-06-12,110249610,1325,0,6.7141426260,-6.7141426260,-6.7141426260,0E-7,1,1,0.49324550000000000,0.493245500000,-0.9865810262130424,-0.9865810262130424,-0.9865810262130424,0E-17,ELIGIBLE,R03b_20260811_FULL_v1,L1_ELIGIBILITY,v2026-08-11,2026-03-21..2026-08-06,baccarat_bet02_101_all_pairs_incl_sentinel,round_win = game_pnl > 0 (decisive only),COMPATIBILITY_ONLY_NOT_PRODUCTION,296357.1217,267511.9505,6650.6079,18220,18206,-0.02244119,-0.04150452,-0.02020951,-0.02244119,-6650.6079,296357.1217,OK,0.0000,266.0243,4.0000,96.0000,AG03-UNRESOLVED,ALL5_LEVELS_bet23_to_bet27,266.0243,266.0243,266.0243,332.5304,332.5304,4.000000,4.000000,4.000000,5.000000,5.000000,96.000000,96.000000,96.000000,95.000000,95.000000,5.0,1463.1337,1340.2688,5187.4742,5310.3391,PENDING_AG03,FALSE,NOT_FOR_ENFORCEMENT,6384.5836,256811.4724,6650.6079,6384.5836,266.0243,0.02244119,0.02154355,266.0243,6384.5836,0.02154355,266.0243,266.0243,266.0243,332.5304,332.5304,6384.5836,0.02154355,1463.1337,1340.2688,5187.4742,5310.3391,0.01750413,0.01791872,0.00089765,16.2655,14.6936,0.3653,59.3804,1.1678,2646.0457,162.5536,12.4780,16.8648,9.0895,16.5695,22.0926,29.825,33.4482,44.5976,11.8163,0.0,2.018664,2.691552,0.981654,30,240,141,4,0.10479828,0.02244119,0.04150452,0E-8,0.000000,0.902668,0.011910,-0.02129501,2026-03-22,2026-08-05,112,5695,2177,137,0.817518,0.739886,0.767145,0.349328,,,,,,,,GLOBAL_BASELINE_NO_ENTITY_RANKING,,,NOT_APPLICABLE_GLOBAL_BASELINE,HF9g-P5,,,,X 全窗基线 · 不参与实体赏罚,14196515,1420,A168_HF9F_20260827_0900,2026-08-27 09:00:00
2026-06-12,110249610,2224,0,5.5033955951,-5.5033955951,-5.5033955951,0E-7,1,1,0.50665070000000000,0.506650700000,-1.013391052207602,-1.013391052207602,-1.013391052207602,0E-17,ELIGIBLE,R03b_20260811_FULL_v1,L1_ELIGIBILITY,v2026-08-11,2026-03-21..2026-08-06,baccarat_bet02_101_all_pairs_incl_sentinel,round_win = game_pnl > 0 (decisive only),COMPATIBILITY_ONLY_NOT_PRODUCTION,296357.1217,267511.9505,6650.6079,18220,18206,-0.02244119,-0.04150452,-0.02020951,-0.02244119,-6650.6079,296357.1217,OK,0.0000,266.0243,4.0000,96.0000,AG03-UNRESOLVED,ALL5_LEVELS_bet23_to_bet27,266.0243,266.0243,266.0243,332.5304,332.5304,4.000000,4.000000,4.000000,5.000000,5.000000,96.000000,96.000000,96.000000,95.000000,95.000000,5.0,1463.1337,1340.2688,5187.4742,5310.3391,PENDING_AG03,FALSE,NOT_FOR_ENFORCEMENT,6384.5836,256811.4724,6650.6079,6384.5836,266.0243,0.02244119,0.02154355,266.0243,6384.5836,0.02154355,266.0243,266.0243,266.0243,332.5304,332.5304,6384.5836,0.02154355,1463.1337,1340.2688,5187.4742,5310.3391,0.01750413,0.01791872,0.00089765,16.2655,14.6936,0.3653,59.3804,1.1678,2646.0457,162.5536,12.4780,16.8648,9.0895,16.5695,22.0926,29.825,33.4482,44.5976,11.8163,0.0,2.018664,2.691552,0.981654,30,240,141,4,0.10479828,0.02244119,0.04150452,0E-8,0.000000,0.902668,0.011910,-0.02129501,2026-03-22,2026-08-05,112,5695,2177,137,0.817518,0.739886,0.767145,0.349328,,,,,,,,GLOBAL_BASELINE_NO_ENTITY_RANKING,,,NOT_APPLICABLE_GLOBAL_BASELINE,HF9g-P5,,,,X 全窗基线 · 不参与实体赏罚,14196516,1420,A168_HF9F_20260827_0900,2026-08-27 09:00:00
2026-06-16,110249610,-1,1,164.9917999407,-41.0388209526,-41.0388209526,0.3333333,15,15,0.50665070000000000,0.506650700000,-1.2008841788650477,-1.2008841788650477,-1.2008841788650477,0E-17,SENTINEL_DEALER,R03b_20260811_FULL_v1,L1_ELIGIBILITY,v2026-08-11,2026-03-21..2026-08-06,baccarat_bet02_101_all_pairs_incl_sentinel,round_win = game_pnl > 0 (decisive only),COMPATIBILITY_ONLY_NOT_PRODUCTION,296357.1217,267511.9505,6650.6079,18220,18206,-0.02244119,-0.04150452,-0.02020951,-0.02244119,-6650.6079,296357.1217,OK,0.0000,266.0243,4.0000,96.0000,AG03-UNRESOLVED,ALL5_LEVELS_bet23_to_bet27,266.0243,266.0243,266.0243,332.5304,332.5304,4.000000,4.000000,4.000000,5.000000,5.000000,96.000000,96.000000,96.000000,95.000000,95.000000,5.0,1463.1337,1340.2688,5187.4742,5310.3391,PENDING_AG03,FALSE,NOT_FOR_ENFORCEMENT,6384.5836,256811.4724,6650.6079,6384.5836,266.0243,0.02244119,0.02154355,266.0243,6384.5836,0.02154355,266.0243,266.0243,266.0243,332.5304,332.5304,6384.5836,0.02154355,1463.1337,1340.2688,5187.4742,5310.3391,0.01750413,0.01791872,0.00089765,16.2655,14.6936,0.3653,59.3804,1.1678,2646.0457,162.5536,12.4780,16.8648,9.0895,16.5695,22.0926,29.825,33.4482,44.5976,11.8163,0.0,2.018664,2.691552,0.981654,30,240,141,4,0.10479828,0.02244119,0.04150452,0E-8,0.000000,0.902668,0.011910,-0.02129501,2026-03-22,2026-08-05,112,5695,2177,137,0.817518,0.739886,0.767145,0.349328,,,,,,,,GLOBAL_BASELINE_NO_ENTITY_RANKING,,,NOT_APPLICABLE_GLOBAL_BASELINE,HF9g-P5,,,,X 全窗基线 · 不参与实体赏罚,14196517,1420,A168_HF9F_20260827_0900,2026-08-27 09:00:00
2026-06-16,110249610,1210,0,5.5033955951,-5.5033955951,-5.5033955951,0E-7,1,1,0.50665070000000000,0.506650700000,-1.013391052207602,-1.013391052207602,-1.013391052207602,0E-17,ELIGIBLE,R03b_20260811_FULL_v1,L1_ELIGIBILITY,v2026-08-11,2026-03-21..2026-08-06,baccarat_bet02_101_all_pairs_incl_sentinel,round_win = game_pnl > 0 (decisive only),COMPATIBILITY_ONLY_NOT_PRODUCTION,296357.1217,267511.9505,6650.6079,18220,18206,-0.02244119,-0.04150452,-0.02020951,-0.02244119,-6650.6079,296357.1217,OK,0.0000,266.0243,4.0000,96.0000,AG03-UNRESOLVED,ALL5_LEVELS_bet23_to_bet27,266.0243,266.0243,266.0243,332.5304,332.5304,4.000000,4.000000,4.000000,5.000000,5.000000,96.000000,96.000000,96.000000,95.000000,95.000000,5.0,1463.1337,1340.2688,5187.4742,5310.3391,PENDING_AG03,FALSE,NOT_FOR_ENFORCEMENT,6384.5836,256811.4724,6650.6079,6384.5836,266.0243,0.02244119,0.02154355,266.0243,6384.5836,0.02154355,266.0243,266.0243,266.0243,332.5304,332.5304,6384.5836,0.02154355,1463.1337,1340.2688,5187.4742,5310.3391,0.01750413,0.01791872,0.00089765,16.2655,14.6936,0.3653,59.3804,1.1678,2646.0457,162.5536,12.4780,16.8648,9.0895,16.5695,22.0926,29.825,33.4482,44.5976,11.8163,0.0,2.018664,2.691552,0.981654,30,240,141,4,0.10479828,0.02244119,0.04150452,0E-8,0.000000,0.902668,0.011910,-0.02129501,2026-03-22,2026-08-05,112,5695,2177,137,0.817518,0.739886,0.767145,0.349328,,,,,,,,GLOBAL_BASELINE_NO_ENTITY_RANKING,,,NOT_APPLICABLE_GLOBAL_BASELINE,HF9g-P5,,,,X 全窗基线 · 不参与实体赏罚,14196518,1420,A168_HF9F_20260827_0900,2026-08-27 09:00:00
2026-06-16,110249610,1396,0,42.9264856416,-32.1948642312,-32.1948642312,0.2500000,4,4,0.50329940000000000,0.503299400000,-1.013219660140378,-1.013219660140378,-1.013219660140378,0E-17,ELIGIBLE,R03b_20260811_FULL_v1,L1_ELIGIBILITY,v2026-08-11,2026-03-21..2026-08-06,baccarat_bet02_101_all_pairs_incl_sentinel,round_win = game_pnl > 0 (decisive only),COMPATIBILITY_ONLY_NOT_PRODUCTION,296357.1217,267511.9505,6650.6079,18220,18206,-0.02244119,-0.04150452,-0.02020951,-0.02244119,-6650.6079,296357.1217,OK,0.0000,266.0243,4.0000,96.0000,AG03-UNRESOLVED,ALL5_LEVELS_bet23_to_bet27,266.0243,266.0243,266.0243,332.5304,332.5304,4.000000,4.000000,4.000000,5.000000,5.000000,96.000000,96.000000,96.000000,95.000000,95.000000,5.0,1463.1337,1340.2688,5187.4742,5310.3391,PENDING_AG03,FALSE,NOT_FOR_ENFORCEMENT,6384.5836,256811.4724,6650.6079,6384.5836,266.0243,0.02244119,0.02154355,266.0243,6384.5836,0.02154355,266.0243,266.0243,266.0243,332.5304,332.5304,6384.5836,0.02154355,1463.1337,1340.2688,5187.4742,5310.3391,0.01750413,0.01791872,0.00089765,16.2655,14.6936,0.3653,59.3804,1.1678,2646.0457,162.5536,12.4780,16.8648,9.0895,16.5695,22.0926,29.825,33.4482,44.5976,11.8163,0.0,2.018664,2.691552,0.981654,30,240,141,4,0.10479828,0.02244119,0.04150452,0E-8,0.000000,0.902668,0.011910,-0.02129501,2026-03-22,2026-08-05,112,5695,2177,137,0.817518,0.739886,0.767145,0.349328,,,,,,,,GLOBAL_BASELINE_NO_ENTITY_RANKING,,,NOT_APPLICABLE_GLOBAL_BASELINE,HF9g-P5,,,,X 全窗基线 · 不参与实体赏罚,14196519,1420,A168_HF9F_20260827_0900,2026-08-27 09:00:00
2026-06-16,110249610,1490,0,17.0605263448,4.9530560356,4.9530560356,0.5000000,2,2,0.49324550000000000,0.493245500000,0.01910635448239258,0.01910635448239258,0.01910635448239258,0E-17,ELIGIBLE,R03b_20260811_FULL_v1,L1_ELIGIBILITY,v2026-08-11,2026-03-21..2026-08-06,baccarat_bet02_101_all_pairs_incl_sentinel,round_win = game_pnl > 0 (decisive only),COMPATIBILITY_ONLY_NOT_PRODUCTION,296357.1217,267511.9505,6650.6079,18220,18206,-0.02244119,-0.04150452,-0.02020951,-0.02244119,-6650.6079,296357.1217,OK,0.0000,266.0243,4.0000,96.0000,AG03-UNRESOLVED,ALL5_LEVELS_bet23_to_bet27,266.0243,266.0243,266.0243,332.5304,332.5304,4.000000,4.000000,4.000000,5.000000,5.000000,96.000000,96.000000,96.000000,95.000000,95.000000,5.0,1463.1337,1340.2688,5187.4742,5310.3391,PENDING_AG03,FALSE,NOT_FOR_ENFORCEMENT,6384.5836,256811.4724,6650.6079,6384.5836,266.0243,0.02244119,0.02154355,266.0243,6384.5836,0.02154355,266.0243,266.0243,266.0243,332.5304,332.5304,6384.5836,0.02154355,1463.1337,1340.2688,5187.4742,5310.3391,0.01750413,0.01791872,0.00089765,16.2655,14.6936,0.3653,59.3804,1.1678,2646.0457,162.5536,12.4780,16.8648,9.0895,16.5695,22.0926,29.825,33.4482,44.5976,11.8163,0.0,2.018664,2.691552,0.981654,30,240,141,4,0.10479828,0.02244119,0.04150452,0E-8,0.000000,0.902668,0.011910,-0.02129501,2026-03-22,2026-08-05,112,5695,2177,137,0.817518,0.739886,0.767145,0.349328,,,,,,,,GLOBAL_BASELINE_NO_ENTITY_RANKING,,,NOT_APPLICABLE_GLOBAL_BASELINE,HF9g-P5,,,,X 全窗基线 · 不参与实体赏罚,14196520,1420,A168_HF9F_20260827_0900,2026-08-27 09:00:00
2026-06-16,110249610,1704,0,11.0067911902,10.4564516307,10.4564516307,1.0000000,1,1,0.50665070000000000,0.506650700000,0.9867858985152569,0.9867858985152569,0.9867858985152569,0E-17,ELIGIBLE,R03b_20260811_FULL_v1,L1_ELIGIBILITY,v2026-08-11,2026-03-21..2026-08-06,baccarat_bet02_101_all_pairs_incl_sentinel,round_win = game_pnl > 0 (decisive only),COMPATIBILITY_ONLY_NOT_PRODUCTION,296357.1217,267511.9505,6650.6079,18220,18206,-0.02244119,-0.04150452,-0.02020951,-0.02244119,-6650.6079,296357.1217,OK,0.0000,266.0243,4.0000,96.0000,AG03-UNRESOLVED,ALL5_LEVELS_bet23_to_bet27,266.0243,266.0243,266.0243,332.5304,332.5304,4.000000,4.000000,4.000000,5.000000,5.000000,96.000000,96.000000,96.000000,95.000000,95.000000,5.0,1463.1337,1340.2688,5187.4742,5310.3391,PENDING_AG03,FALSE,NOT_FOR_ENFORCEMENT,6384.5836,256811.4724,6650.6079,6384.5836,266.0243,0.02244119,0.02154355,266.0243,6384.5836,0.02154355,266.0243,266.0243,266.0243,332.5304,332.5304,6384.5836,0.02154355,1463.1337,1340.2688,5187.4742,5310.3391,0.01750413,0.01791872,0.00089765,16.2655,14.6936,0.3653,59.3804,1.1678,2646.0457,162.5536,12.4780,16.8648,9.0895,16.5695,22.0926,29.825,33.4482,44.5976,11.8163,0.0,2.018664,2.691552,0.981654,30,240,141,4,0.10479828,0.02244119,0.04150452,0E-8,0.000000,0.902668,0.011910,-0.02129501,2026-03-22,2026-08-05,112,5695,2177,137,0.817518,0.739886,0.767145,0.349328,,,,,,,,GLOBAL_BASELINE_NO_ENTITY_RANKING,,,NOT_APPLICABLE_GLOBAL_BASELINE,HF9g-P5,,,,X 全窗基线 · 不参与实体赏罚,14196521,1420,A168_HF9F_20260827_0900,2026-08-27 09:00:00
2026-06-16,110249610,1710,0,29.7183362134,6.7691765819,6.7691765819,0.6666667,3,3,0.50665070000000000,0.506650700000,0.5543606114942035,0.5543606114942035,0.5543606114942035,0E-17,ELIGIBLE,R03b_20260811_FULL_v1,L1_ELIGIBILITY,v2026-08-11,2026-03-21..2026-08-06,baccarat_bet02_101_all_pairs_incl_sentinel,round_win = game_pnl > 0 (decisive only),COMPATIBILITY_ONLY_NOT_PRODUCTION,296357.1217,267511.9505,6650.6079,18220,18206,-0.02244119,-0.04150452,-0.02020951,-0.02244119,-6650.6079,296357.1217,OK,0.0000,266.0243,4.0000,96.0000,AG03-UNRESOLVED,ALL5_LEVELS_bet23_to_bet27,266.0243,266.0243,266.0243,332.5304,332.5304,4.000000,4.000000,4.000000,5.000000,5.000000,96.000000,96.000000,96.000000,95.000000,95.000000,5.0,1463.1337,1340.2688,5187.4742,5310.3391,PENDING_AG03,FALSE,NOT_FOR_ENFORCEMENT,6384.5836,256811.4724,6650.6079,6384.5836,266.0243,0.02244119,0.02154355,266.0243,6384.5836,0.02154355,266.0243,266.0243,266.0243,332.5304,332.5304,6384.5836,0.02154355,1463.1337,1340.2688,5187.4742,5310.3391,0.01750413,0.01791872,0.00089765,16.2655,14.6936,0.3653,59.3804,1.1678,2646.0457,162.5536,12.4780,16.8648,9.0895,16.5695,22.0926,29.825,33.4482,44.5976,11.8163,0.0,2.018664,2.691552,0.981654,30,240,141,4,0.10479828,0.02244119,0.04150452,0E-8,0.000000,0.902668,0.011910,-0.02129501,2026-03-22,2026-08-05,112,5695,2177,137,0.817518,0.739886,0.767145,0.349328,,,,,,,,GLOBAL_BASELINE_NO_ENTITY_RANKING,,,NOT_APPLICABLE_GLOBAL_BASELINE,HF9g-P5,,,,X 全窗基线 · 不参与实体赏罚,14196522,1420,A168_HF9F_20260827_0900,2026-08-27 09:00:00
2026-06-16,110249610,2103,0,28.6176570944,-13.5933871198,-13.5933871198,0.3333333,3,3,0.50665070000000000,0.506650700000,-0.6004420894325239,-0.6004420894325239,-0.6004420894325239,0E-17,ELIGIBLE,R03b_20260811_FULL_v1,L1_ELIGIBILITY,v2026-08-11,2026-03-21..2026-08-06,baccarat_bet02_101_all_pairs_incl_sentinel,round_win = game_pnl > 0 (decisive only),COMPATIBILITY_ONLY_NOT_PRODUCTION,296357.1217,267511.9505,6650.6079,18220,18206,-0.02244119,-0.04150452,-0.02020951,-0.02244119,-6650.6079,296357.1217,OK,0.0000,266.0243,4.0000,96.0000,AG03-UNRESOLVED,ALL5_LEVELS_bet23_to_bet27,266.0243,266.0243,266.0243,332.5304,332.5304,4.000000,4.000000,4.000000,5.000000,5.000000,96.000000,96.000000,96.000000,95.000000,95.000000,5.0,1463.1337,1340.2688,5187.4742,5310.3391,PENDING_AG03,FALSE,NOT_FOR_ENFORCEMENT,6384.5836,256811.4724,6650.6079,6384.5836,266.0243,0.02244119,0.02154355,266.0243,6384.5836,0.02154355,266.0243,266.0243,266.0243,332.5304,332.5304,6384.5836,0.02154355,1463.1337,1340.2688,5187.4742,5310.3391,0.01750413,0.01791872,0.00089765,16.2655,14.6936,0.3653,59.3804,1.1678,2646.0457,162.5536,12.4780,16.8648,9.0895,16.5695,22.0926,29.825,33.4482,44.5976,11.8163,0.0,2.018664,2.691552,0.981654,30,240,141,4,0.10479828,0.02244119,0.04150452,0E-8,0.000000,0.902668,0.011910,-0.02129501,2026-03-22,2026-08-05,112,5695,2177,137,0.817518,0.739886,0.767145,0.349328,,,,,,,,GLOBAL_BASELINE_NO_ENTITY_RANKING,,,NOT_APPLICABLE_GLOBAL_BASELINE,HF9g-P5,,,,X 全窗基线 · 不参与实体赏罚,14196523,1420,A168_HF9F_20260827_0900,2026-08-27 09:00:00
2026-06-16,110249610,2115,0,17.8310017281,-4.1825806523,-4.1825806523,0.5000000,2,2,0.49994810000000000,0.499948100000,0.00014679536856514622,0.00014679536856514622,0.00014679536856514622,0E-17,ELIGIBLE,R03b_20260811_FULL_v1,L1_ELIGIBILITY,v2026-08-11,2026-03-21..2026-08-06,baccarat_bet02_101_all_pairs_incl_sentinel,round_win = game_pnl > 0 (decisive only),COMPATIBILITY_ONLY_NOT_PRODUCTION,296357.1217,267511.9505,6650.6079,18220,18206,-0.02244119,-0.04150452,-0.02020951,-0.02244119,-6650.6079,296357.1217,OK,0.0000,266.0243,4.0000,96.0000,AG03-UNRESOLVED,ALL5_LEVELS_bet23_to_bet27,266.0243,266.0243,266.0243,332.5304,332.5304,4.000000,4.000000,4.000000,5.000000,5.000000,96.000000,96.000000,96.000000,95.000000,95.000000,5.0,1463.1337,1340.2688,5187.4742,5310.3391,PENDING_AG03,FALSE,NOT_FOR_ENFORCEMENT,6384.5836,256811.4724,6650.6079,6384.5836,266.0243,0.02244119,0.02154355,266.0243,6384.5836,0.02154355,266.0243,266.0243,266.0243,332.5304,332.5304,6384.5836,0.02154355,1463.1337,1340.2688,5187.4742,5310.3391,0.01750413,0.01791872,0.00089765,16.2655,14.6936,0.3653,59.3804,1.1678,2646.0457,162.5536,12.4780,16.8648,9.0895,16.5695,22.0926,29.825,33.4482,44.5976,11.8163,0.0,2.018664,2.691552,0.981654,30,240,141,4,0.10479828,0.02244119,0.04150452,0E-8,0.000000,0.902668,0.011910,-0.02129501,2026-03-22,2026-08-05,112,5695,2177,137,0.817518,0.739886,0.767145,0.349328,,,,,,,,GLOBAL_BASELINE_NO_ENTITY_RANKING,,,NOT_APPLICABLE_GLOBAL_BASELINE,HF9g-P5,,,,X 全窗基线 · 不参与实体赏罚,14196524,1420,A168_HF9F_20260827_0900,2026-08-27 09:00:00
2026-06-16,110249610,2147,0,92.7872497333,17.9410696401,17.9410696401,0.7500000,9,9,0.49473496666666667,0.494734966667,1.4440771520788405,1.4440771520769446,1.4440771520788405,-3.3333E-13,ELIGIBLE,R03b_20260811_FULL_v1,L1_ELIGIBILITY,v2026-08-11,2026-03-21..2026-08-06,baccarat_bet02_101_all_pairs_incl_sentinel,round_win = game_pnl > 0 (decisive only),COMPATIBILITY_ONLY_NOT_PRODUCTION,296357.1217,267511.9505,6650.6079,18220,18206,-0.02244119,-0.04150452,-0.02020951,-0.02244119,-6650.6079,296357.1217,OK,0.0000,266.0243,4.0000,96.0000,AG03-UNRESOLVED,ALL5_LEVELS_bet23_to_bet27,266.0243,266.0243,266.0243,332.5304,332.5304,4.000000,4.000000,4.000000,5.000000,5.000000,96.000000,96.000000,96.000000,95.000000,95.000000,5.0,1463.1337,1340.2688,5187.4742,5310.3391,PENDING_AG03,FALSE,NOT_FOR_ENFORCEMENT,6384.5836,256811.4724,6650.6079,6384.5836,266.0243,0.02244119,0.02154355,266.0243,6384.5836,0.02154355,266.0243,266.0243,266.0243,332.5304,332.5304,6384.5836,0.02154355,1463.1337,1340.2688,5187.4742,5310.3391,0.01750413,0.01791872,0.00089765,16.2655,14.6936,0.3653,59.3804,1.1678,2646.0457,162.5536,12.4780,16.8648,9.0895,16.5695,22.0926,29.825,33.4482,44.5976,11.8163,0.0,2.018664,2.691552,0.981654,30,240,141,4,0.10479828,0.02244119,0.04150452,0E-8,0.000000,0.902668,0.011910,-0.02129501,2026-03-22,2026-08-05,112,5695,2177,137,0.817518,0.739886,0.767145,0.349328,,,,,,,,GLOBAL_BASELINE_NO_ENTITY_RANKING,,,NOT_APPLICABLE_GLOBAL_BASELINE,HF9g-P5,,,,X 全窗基线 · 不参与实体赏罚,14196525,1420,A168_HF9F_20260827_0900,2026-08-27 09:00:00
2026-06-16,110249610,2153,0,16.5101867852,-16.5101867852,-16.5101867852,0E-7,1,1,0.50665070000000000,0.506650700000,-1.013391052207602,-1.013391052207602,-1.013391052207602,0E-17,ELIGIBLE,R03b_20260811_FULL_v1,L1_ELIGIBILITY,v2026-08-11,2026-03-21..2026-08-06,baccarat_bet02_101_all_pairs_incl_sentinel,round_win = game_pnl > 0 (decisive only),COMPATIBILITY_ONLY_NOT_PRODUCTION,296357.1217,267511.9505,6650.6079,18220,18206,-0.02244119,-0.04150452,-0.02020951,-0.02244119,-6650.6079,296357.1217,OK,0.0000,266.0243,4.0000,96.0000,AG03-UNRESOLVED,ALL5_LEVELS_bet23_to_bet27,266.0243,266.0243,266.0243,332.5304,332.5304,4.000000,4.000000,4.000000,5.000000,5.000000,96.000000,96.000000,96.000000,95.000000,95.000000,5.0,1463.1337,1340.2688,5187.4742,5310.3391,PENDING_AG03,FALSE,NOT_FOR_ENFORCEMENT,6384.5836,256811.4724,6650.6079,6384.5836,266.0243,0.02244119,0.02154355,266.0243,6384.5836,0.02154355,266.0243,266.0243,266.0243,332.5304,332.5304,6384.5836,0.02154355,1463.1337,1340.2688,5187.4742,5310.3391,0.01750413,0.01791872,0.00089765,16.2655,14.6936,0.3653,59.3804,1.1678,2646.0457,162.5536,12.4780,16.8648,9.0895,16.5695,22.0926,29.825,33.4482,44.5976,11.8163,0.0,2.018664,2.691552,0.981654,30,240,141,4,0.10479828,0.02244119,0.04150452,0E-8,0.000000,0.902668,0.011910,-0.02129501,2026-03-22,2026-08-05,112,5695,2177,137,0.817518,0.739886,0.767145,0.349328,,,,,,,,GLOBAL_BASELINE_NO_ENTITY_RANKING,,,NOT_APPLICABLE_GLOBAL_BASELINE,HF9g-P5,,,,X 全窗基线 · 不参与实体赏罚,14196526,1420,A168_HF9F_20260827_0900,2026-08-27 09:00:00
2026-06-16,110249610,2201,0,23.9948047946,-0.6604074714,-0.6604074714,0.5000000,2,2,0.49324550000000000,0.493245500000,0.01910635448239258,0.01910635448239258,0.01910635448239258,0E-17,ELIGIBLE,R03b_20260811_FULL_v1,L1_ELIGIBILITY,v2026-08-11,2026-03-21..2026-08-06,baccarat_bet02_101_all_pairs_incl_sentinel,round_win = game_pnl > 0 (decisive only),COMPATIBILITY_ONLY_NOT_PRODUCTION,296357.1217,267511.9505,6650.6079,18220,18206,-0.02244119,-0.04150452,-0.02020951,-0.02244119,-6650.6079,296357.1217,OK,0.0000,266.0243,4.0000,96.0000,AG03-UNRESOLVED,ALL5_LEVELS_bet23_to_bet27,266.0243,266.0243,266.0243,332.5304,332.5304,4.000000,4.000000,4.000000,5.000000,5.000000,96.000000,96.000000,96.000000,95.000000,95.000000,5.0,1463.1337,1340.2688,5187.4742,5310.3391,PENDING_AG03,FALSE,NOT_FOR_ENFORCEMENT,6384.5836,256811.4724,6650.6079,6384.5836,266.0243,0.02244119,0.02154355,266.0243,6384.5836,0.02154355,266.0243,266.0243,266.0243,332.5304,332.5304,6384.5836,0.02154355,1463.1337,1340.2688,5187.4742,5310.3391,0.01750413,0.01791872,0.00089765,16.2655,14.6936,0.3653,59.3804,1.1678,2646.0457,162.5536,12.4780,16.8648,9.0895,16.5695,22.0926,29.825,33.4482,44.5976,11.8163,0.0,2.018664,2.691552,0.981654,30,240,141,4,0.10479828,0.02244119,0.04150452,0E-8,0.000000,0.902668,0.011910,-0.02129501,2026-03-22,2026-08-05,112,5695,2177,137,0.817518,0.739886,0.767145,0.349328,,,,,,,,GLOBAL_BASELINE_NO_ENTITY_RANKING,,,NOT_APPLICABLE_GLOBAL_BASELINE,HF9g-P5,,,,X 全窗基线 · 不参与实体赏罚,14196527,1420,A168_HF9F_20260827_0900,2026-08-27 09:00:00
2026-06-16,110249610,2209,0,11.0067911902,-11.0067911902,-11.0067911902,0E-7,1,1,0.50665070000000000,0.506650700000,-1.013391052207602,-1.013391052207602,-1.013391052207602,0E-17,ELIGIBLE,R03b_20260811_FULL_v1,L1_ELIGIBILITY,v2026-08-11,2026-03-21..2026-08-06,baccarat_bet02_101_all_pairs_incl_sentinel,round_win = game_pnl > 0 (decisive only),COMPATIBILITY_ONLY_NOT_PRODUCTION,296357.1217,267511.9505,6650.6079,18220,18206,-0.02244119,-0.04150452,-0.02020951,-0.02244119,-6650.6079,296357.1217,OK,0.0000,266.0243,4.0000,96.0000,AG03-UNRESOLVED,ALL5_LEVELS_bet23_to_bet27,266.0243,266.0243,266.0243,332.5304,332.5304,4.000000,4.000000,4.000000,5.000000,5.000000,96.000000,96.000000,96.000000,95.000000,95.000000,5.0,1463.1337,1340.2688,5187.4742,5310.3391,PENDING_AG03,FALSE,NOT_FOR_ENFORCEMENT,6384.5836,256811.4724,6650.6079,6384.5836,266.0243,0.02244119,0.02154355,266.0243,6384.5836,0.02154355,266.0243,266.0243,266.0243,332.5304,332.5304,6384.5836,0.02154355,1463.1337,1340.2688,5187.4742,5310.3391,0.01750413,0.01791872,0.00089765,16.2655,14.6936,0.3653,59.3804,1.1678,2646.0457,162.5536,12.4780,16.8648,9.0895,16.5695,22.0926,29.825,33.4482,44.5976,11.8163,0.0,2.018664,2.691552,0.981654,30,240,141,4,0.10479828,0.02244119,0.04150452,0E-8,0.000000,0.902668,0.011910,-0.02129501,2026-03-22,2026-08-05,112,5695,2177,137,0.817518,0.739886,0.767145,0.349328,,,,,,,,GLOBAL_BASELINE_NO_ENTITY_RANKING,,,NOT_APPLICABLE_GLOBAL_BASELINE,HF9g-P5,,,,X 全窗基线 · 不参与实体赏罚,14196528,1420,A168_HF9F_20260827_0900,2026-08-27 09:00:00
2026-06-16,110249610,2216,0,11.0067911902,-11.0067911902,-11.0067911902,0E-7,1,1,0.49324550000000000,0.493245500000,-0.9865810262130424,-0.9865810262130424,-0.9865810262130424,0E-17,ELIGIBLE,R03b_20260811_FULL_v1,L1_ELIGIBILITY,v2026-08-11,2026-03-21..2026-08-06,baccarat_bet02_101_all_pairs_incl_sentinel,round_win = game_pnl > 0 (decisive only),COMPATIBILITY_ONLY_NOT_PRODUCTION,296357.1217,267511.9505,6650.6079,18220,18206,-0.02244119,-0.04150452,-0.02020951,-0.02244119,-6650.6079,296357.1217,OK,0.0000,266.0243,4.0000,96.0000,AG03-UNRESOLVED,ALL5_LEVELS_bet23_to_bet27,266.0243,266.0243,266.0243,332.5304,332.5304,4.000000,4.000000,4.000000,5.000000,5.000000,96.000000,96.000000,96.000000,95.000000,95.000000,5.0,1463.1337,1340.2688,5187.4742,5310.3391,PENDING_AG03,FALSE,NOT_FOR_ENFORCEMENT,6384.5836,256811.4724,6650.6079,6384.5836,266.0243,0.02244119,0.02154355,266.0243,6384.5836,0.02154355,266.0243,266.0243,266.0243,332.5304,332.5304,6384.5836,0.02154355,1463.1337,1340.2688,5187.4742,5310.3391,0.01750413,0.01791872,0.00089765,16.2655,14.6936,0.3653,59.3804,1.1678,2646.0457,162.5536,12.4780,16.8648,9.0895,16.5695,22.0926,29.825,33.4482,44.5976,11.8163,0.0,2.018664,2.691552,0.981654,30,240,141,4,0.10479828,0.02244119,0.04150452,0E-8,0.000000,0.902668,0.011910,-0.02129501,2026-03-22,2026-08-05,112,5695,2177,137,0.817518,0.739886,0.767145,0.349328,,,,,,,,GLOBAL_BASELINE_NO_ENTITY_RANKING,,,NOT_APPLICABLE_GLOBAL_BASELINE,HF9g-P5,,,,X 全窗基线 · 不参与实体赏罚,14196529,1420,A168_HF9F_20260827_0900,2026-08-27 09:00:00
2026-06-16,110249610,2229,0,11.0067911902,-11.0067911902,-11.0067911902,0E-7,1,1,0.49324550000000000,0.493245500000,-0.9865810262130424,-0.9865810262130424,-0.9865810262130424,0E-17,ELIGIBLE,R03b_20260811_FULL_v1,L1_ELIGIBILITY,v2026-08-11,2026-03-21..2026-08-06,baccarat_bet02_101_all_pairs_incl_sentinel,round_win = game_pnl > 0 (decisive only),COMPATIBILITY_ONLY_NOT_PRODUCTION,296357.1217,267511.9505,6650.6079,18220,18206,-0.02244119,-0.04150452,-0.02020951,-0.02244119,-6650.6079,296357.1217,OK,0.0000,266.0243,4.0000,96.0000,AG03-UNRESOLVED,ALL5_LEVELS_bet23_to_bet27,266.0243,266.0243,266.0243,332.5304,332.5304,4.000000,4.000000,4.000000,5.000000,5.000000,96.000000,96.000000,96.000000,95.000000,95.000000,5.0,1463.1337,1340.2688,5187.4742,5310.3391,PENDING_AG03,FALSE,NOT_FOR_ENFORCEMENT,6384.5836,256811.4724,6650.6079,6384.5836,266.0243,0.02244119,0.02154355,266.0243,6384.5836,0.02154355,266.0243,266.0243,266.0243,332.5304,332.5304,6384.5836,0.02154355,1463.1337,1340.2688,5187.4742,5310.3391,0.01750413,0.01791872,0.00089765,16.2655,14.6936,0.3653,59.3804,1.1678,2646.0457,162.5536,12.4780,16.8648,9.0895,16.5695,22.0926,29.825,33.4482,44.5976,11.8163,0.0,2.018664,2.691552,0.981654,30,240,141,4,0.10479828,0.02244119,0.04150452,0E-8,0.000000,0.902668,0.011910,-0.02129501,2026-03-22,2026-08-05,112,5695,2177,137,0.817518,0.739886,0.767145,0.349328,,,,,,,,GLOBAL_BASELINE_NO_ENTITY_RANKING,,,NOT_APPLICABLE_GLOBAL_BASELINE,HF9g-P5,,,,X 全窗基线 · 不参与实体赏罚,14196530,1420,A168_HF9F_20260827_0900,2026-08-27 09:00:00
2026-06-16,110249610,2258,0,27.5169779755,27.5169779755,27.5169779755,1.0000000,3,3,0.49324550000000000,0.493245500000,1.755609282511032,1.7556092825110319,1.755609282511032,0E-17,ELIGIBLE,R03b_20260811_FULL_v1,L1_ELIGIBILITY,v2026-08-11,2026-03-21..2026-08-06,baccarat_bet02_101_all_pairs_incl_sentinel,round_win = game_pnl > 0 (decisive only),COMPATIBILITY_ONLY_NOT_PRODUCTION,296357.1217,267511.9505,6650.6079,18220,18206,-0.02244119,-0.04150452,-0.02020951,-0.02244119,-6650.6079,296357.1217,OK,0.0000,266.0243,4.0000,96.0000,AG03-UNRESOLVED,ALL5_LEVELS_bet23_to_bet27,266.0243,266.0243,266.0243,332.5304,332.5304,4.000000,4.000000,4.000000,5.000000,5.000000,96.000000,96.000000,96.000000,95.000000,95.000000,5.0,1463.1337,1340.2688,5187.4742,5310.3391,PENDING_AG03,FALSE,NOT_FOR_ENFORCEMENT,6384.5836,256811.4724,6650.6079,6384.5836,266.0243,0.02244119,0.02154355,266.0243,6384.5836,0.02154355,266.0243,266.0243,266.0243,332.5304,332.5304,6384.5836,0.02154355,1463.1337,1340.2688,5187.4742,5310.3391,0.01750413,0.01791872,0.00089765,16.2655,14.6936,0.3653,59.3804,1.1678,2646.0457,162.5536,12.4780,16.8648,9.0895,16.5695,22.0926,29.825,33.4482,44.5976,11.8163,0.0,2.018664,2.691552,0.981654,30,240,141,4,0.10479828,0.02244119,0.04150452,0E-8,0.000000,0.902668,0.011910,-0.02129501,2026-03-22,2026-08-05,112,5695,2177,137,0.817518,0.739886,0.767145,0.349328,,,,,,,,GLOBAL_BASELINE_NO_ENTITY_RANKING,,,NOT_APPLICABLE_GLOBAL_BASELINE,HF9g-P5,,,,X 全窗基线 · 不参与实体赏罚,14196531,1420,A168_HF9F_20260827_0900,2026-08-27 09:00:00
2026-06-16,110249610,2271,0,11.4470628378,0.1430882855,0.1430882855,0.5000000,2,2,0.50665070000000000,0.506650700000,-0.018812684590367487,-0.018812684590367487,-0.018812684590367487,0E-17,ELIGIBLE,R03b_20260811_FULL_v1,L1_ELIGIBILITY,v2026-08-11,2026-03-21..2026-08-06,baccarat_bet02_101_all_pairs_incl_sentinel,round_win = game_pnl > 0 (decisive only),COMPATIBILITY_ONLY_NOT_PRODUCTION,296357.1217,267511.9505,6650.6079,18220,18206,-0.02244119,-0.04150452,-0.02020951,-0.02244119,-6650.6079,296357.1217,OK,0.0000,266.0243,4.0000,96.0000,AG03-UNRESOLVED,ALL5_LEVELS_bet23_to_bet27,266.0243,266.0243,266.0243,332.5304,332.5304,4.000000,4.000000,4.000000,5.000000,5.000000,96.000000,96.000000,96.000000,95.000000,95.000000,5.0,1463.1337,1340.2688,5187.4742,5310.3391,PENDING_AG03,FALSE,NOT_FOR_ENFORCEMENT,6384.5836,256811.4724,6650.6079,6384.5836,266.0243,0.02244119,0.02154355,266.0243,6384.5836,0.02154355,266.0243,266.0243,266.0243,332.5304,332.5304,6384.5836,0.02154355,1463.1337,1340.2688,5187.4742,5310.3391,0.01750413,0.01791872,0.00089765,16.2655,14.6936,0.3653,59.3804,1.1678,2646.0457,162.5536,12.4780,16.8648,9.0895,16.5695,22.0926,29.825,33.4482,44.5976,11.8163,0.0,2.018664,2.691552,0.981654,30,240,141,4,0.10479828,0.02244119,0.04150452,0E-8,0.000000,0.902668,0.011910,-0.02129501,2026-03-22,2026-08-05,112,5695,2177,137,0.817518,0.739886,0.767145,0.349328,,,,,,,,GLOBAL_BASELINE_NO_ENTITY_RANKING,,,NOT_APPLICABLE_GLOBAL_BASELINE,HF9g-P5,,,,X 全窗基线 · 不参与实体赏罚,14196532,1420,A168_HF9F_20260827_0900,2026-08-27 09:00:00
2026-06-16,110249610,2280,0,31.9196944515,-10.4564516306,-10.4564516306,0.5000000,2,2,0.50665070000000000,0.506650700000,-0.018812684590367487,-0.018812684590367487,-0.018812684590367487,0E-17,ELIGIBLE,R03b_20260811_FULL_v1,L1_ELIGIBILITY,v2026-08-11,2026-03-21..2026-08-06,baccarat_bet02_101_all_pairs_incl_sentinel,round_win = game_pnl > 0 (decisive only),COMPATIBILITY_ONLY_NOT_PRODUCTION,296357.1217,267511.9505,6650.6079,18220,18206,-0.02244119,-0.04150452,-0.02020951,-0.02244119,-6650.6079,296357.1217,OK,0.0000,266.0243,4.0000,96.0000,AG03-UNRESOLVED,ALL5_LEVELS_bet23_to_bet27,266.0243,266.0243,266.0243,332.5304,332.5304,4.000000,4.000000,4.000000,5.000000,5.000000,96.000000,96.000000,96.000000,95.000000,95.000000,5.0,1463.1337,1340.2688,5187.4742,5310.3391,PENDING_AG03,FALSE,NOT_FOR_ENFORCEMENT,6384.5836,256811.4724,6650.6079,6384.5836,266.0243,0.02244119,0.02154355,266.0243,6384.5836,0.02154355,266.0243,266.0243,266.0243,332.5304,332.5304,6384.5836,0.02154355,1463.1337,1340.2688,5187.4742,5310.3391,0.01750413,0.01791872,0.00089765,16.2655,14.6936,0.3653,59.3804,1.1678,2646.0457,162.5536,12.4780,16.8648,9.0895,16.5695,22.0926,29.825,33.4482,44.5976,11.8163,0.0,2.018664,2.691552,0.981654,30,240,141,4,0.10479828,0.02244119,0.04150452,0E-8,0.000000,0.902668,0.011910,-0.02129501,2026-03-22,2026-08-05,112,5695,2177,137,0.817518,0.739886,0.767145,0.349328,,,,,,,,GLOBAL_BASELINE_NO_ENTITY_RANKING,,,NOT_APPLICABLE_GLOBAL_BASELINE,HF9g-P5,,,,X 全窗基线 · 不参与实体赏罚,14196533,1420,A168_HF9F_20260827_0900,2026-08-27 09:00:00
2026-06-16,110249610,987,0,5.5033955951,-5.5033955951,-5.5033955951,0E-7,1,1,0.49324550000000000,0.493245500000,-0.9865810262130424,-0.9865810262130424,-0.9865810262130424,0E-17,ELIGIBLE,R03b_20260811_FULL_v1,L1_ELIGIBILITY,v2026-08-11,2026-03-21..2026-08-06,baccarat_bet02_101_all_pairs_incl_sentinel,round_win = game_pnl > 0 (decisive only),COMPATIBILITY_ONLY_NOT_PRODUCTION,296357.1217,267511.9505,6650.6079,18220,18206,-0.02244119,-0.04150452,-0.02020951,-0.02244119,-6650.6079,296357.1217,OK,0.0000,266.0243,4.0000,96.0000,AG03-UNRESOLVED,ALL5_LEVELS_bet23_to_bet27,266.0243,266.0243,266.0243,332.5304,332.5304,4.000000,4.000000,4.000000,5.000000,5.000000,96.000000,96.000000,96.000000,95.000000,95.000000,5.0,1463.1337,1340.2688,5187.4742,5310.3391,PENDING_AG03,FALSE,NOT_FOR_ENFORCEMENT,6384.5836,256811.4724,6650.6079,6384.5836,266.0243,0.02244119,0.02154355,266.0243,6384.5836,0.02154355,266.0243,266.0243,266.0243,332.5304,332.5304,6384.5836,0.02154355,1463.1337,1340.2688,5187.4742,5310.3391,0.01750413,0.01791872,0.00089765,16.2655,14.6936,0.3653,59.3804,1.1678,2646.0457,162.5536,12.4780,16.8648,9.0895,16.5695,22.0926,29.825,33.4482,44.5976,11.8163,0.0,2.018664,2.691552,0.981654,30,240,141,4,0.10479828,0.02244119,0.04150452,0E-8,0.000000,0.902668,0.011910,-0.02129501,2026-03-22,2026-08-05,112,5695,2177,137,0.817518,0.739886,0.767145,0.349328,,,,,,,,GLOBAL_BASELINE_NO_ENTITY_RANKING,,,NOT_APPLICABLE_GLOBAL_BASELINE,HF9g-P5,,,,X 全窗基线 · 不参与实体赏罚,14196534,1420,A168_HF9F_20260827_0900,2026-08-27 09:00:00
2026-06-17,110249610,-1,1,337.1380141549,42.2385611924,42.2385611924,0.6071429,28,28,0.50473567142857143,0.504735671429,1.08382439751182,1.083824397507293,1.08382439751182,-4.2857E-13,SENTINEL_DEALER,R03b_20260811_FULL_v1,L1_ELIGIBILITY,v2026-08-11,2026-03-21..2026-08-06,baccarat_bet02_101_all_pairs_incl_sentinel,round_win = game_pnl > 0 (decisive only),COMPATIBILITY_ONLY_NOT_PRODUCTION,296357.1217,267511.9505,6650.6079,18220,18206,-0.02244119,-0.04150452,-0.02020951,-0.02244119,-6650.6079,296357.1217,OK,0.0000,266.0243,4.0000,96.0000,AG03-UNRESOLVED,ALL5_LEVELS_bet23_to_bet27,266.0243,266.0243,266.0243,332.5304,332.5304,4.000000,4.000000,4.000000,5.000000,5.000000,96.000000,96.000000,96.000000,95.000000,95.000000,5.0,1463.1337,1340.2688,5187.4742,5310.3391,PENDING_AG03,FALSE,NOT_FOR_ENFORCEMENT,6384.5836,256811.4724,6650.6079,6384.5836,266.0243,0.02244119,0.02154355,266.0243,6384.5836,0.02154355,266.0243,266.0243,266.0243,332.5304,332.5304,6384.5836,0.02154355,1463.1337,1340.2688,5187.4742,5310.3391,0.01750413,0.01791872,0.00089765,16.2655,14.6936,0.3653,59.3804,1.1678,2646.0457,162.5536,12.4780,16.8648,9.0895,16.5695,22.0926,29.825,33.4482,44.5976,11.8163,0.0,2.018664,2.691552,0.981654,30,240,141,4,0.10479828,0.02244119,0.04150452,0E-8,0.000000,0.902668,0.011910,-0.02129501,2026-03-22,2026-08-05,112,5695,2177,137,0.817518,0.739886,0.767145,0.349328,,,,,,,,GLOBAL_BASELINE_NO_ENTITY_RANKING,,,NOT_APPLICABLE_GLOBAL_BASELINE,HF9g-P5,,,,X 全窗基线 · 不参与实体赏罚,14196535,1420,A168_HF9F_20260827_0900,2026-08-27 09:00:00
2026-06-17,110249610,1129,0,78.6985570097,-13.2356664062,-13.2356664062,0.4000000,5,5,0.50665070000000000,0.506650700000,-0.4769986289884125,-0.4769986289884125,-0.4769986289884125,0E-17,ELIGIBLE,R03b_20260811_FULL_v1,L1_ELIGIBILITY,v2026-08-11,2026-03-21..2026-08-06,baccarat_bet02_101_all_pairs_incl_sentinel,round_win = game_pnl > 0 (decisive only),COMPATIBILITY_ONLY_NOT_PRODUCTION,296357.1217,267511.9505,6650.6079,18220,18206,-0.02244119,-0.04150452,-0.02020951,-0.02244119,-6650.6079,296357.1217,OK,0.0000,266.0243,4.0000,96.0000,AG03-UNRESOLVED,ALL5_LEVELS_bet23_to_bet27,266.0243,266.0243,266.0243,332.5304,332.5304,4.000000,4.000000,4.000000,5.000000,5.000000,96.000000,96.000000,96.000000,95.000000,95.000000,5.0,1463.1337,1340.2688,5187.4742,5310.3391,PENDING_AG03,FALSE,NOT_FOR_ENFORCEMENT,6384.5836,256811.4724,6650.6079,6384.5836,266.0243,0.02244119,0.02154355,266.0243,6384.5836,0.02154355,266.0243,266.0243,266.0243,332.5304,332.5304,6384.5836,0.02154355,1463.1337,1340.2688,5187.4742,5310.3391,0.01750413,0.01791872,0.00089765,16.2655,14.6936,0.3653,59.3804,1.1678,2646.0457,162.5536,12.4780,16.8648,9.0895,16.5695,22.0926,29.825,33.4482,44.5976,11.8163,0.0,2.018664,2.691552,0.981654,30,240,141,4,0.10479828,0.02244119,0.04150452,0E-8,0.000000,0.902668,0.011910,-0.02129501,2026-03-22,2026-08-05,112,5695,2177,137,0.817518,0.739886,0.767145,0.349328,,,,,,,,GLOBAL_BASELINE_NO_ENTITY_RANKING,,,NOT_APPLICABLE_GLOBAL_BASELINE,HF9g-P5,,,,X 全窗基线 · 不参与实体赏罚,14196536,1420,A168_HF9F_20260827_0900,2026-08-27 09:00:00
2026-06-17,110249610,1205,0,6.1638030665,-6.1638030665,-6.1638030665,0E-7,1,1,0.50665070000000000,0.506650700000,-1.013391052207602,-1.013391052207602,-1.013391052207602,0E-17,ELIGIBLE,R03b_20260811_FULL_v1,L1_ELIGIBILITY,v2026-08-11,2026-03-21..2026-08-06,baccarat_bet02_101_all_pairs_incl_sentinel,round_win = game_pnl > 0 (decisive only),COMPATIBILITY_ONLY_NOT_PRODUCTION,296357.1217,267511.9505,6650.6079,18220,18206,-0.02244119,-0.04150452,-0.02020951,-0.02244119,-6650.6079,296357.1217,OK,0.0000,266.0243,4.0000,96.0000,AG03-UNRESOLVED,ALL5_LEVELS_bet23_to_bet27,266.0243,266.0243,266.0243,332.5304,332.5304,4.000000,4.000000,4.000000,5.000000,5.000000,96.000000,96.000000,96.000000,95.000000,95.000000,5.0,1463.1337,1340.2688,5187.4742,5310.3391,PENDING_AG03,FALSE,NOT_FOR_ENFORCEMENT,6384.5836,256811.4724,6650.6079,6384.5836,266.0243,0.02244119,0.02154355,266.0243,6384.5836,0.02154355,266.0243,266.0243,266.0243,332.5304,332.5304,6384.5836,0.02154355,1463.1337,1340.2688,5187.4742,5310.3391,0.01750413,0.01791872,0.00089765,16.2655,14.6936,0.3653,59.3804,1.1678,2646.0457,162.5536,12.4780,16.8648,9.0895,16.5695,22.0926,29.825,33.4482,44.5976,11.8163,0.0,2.018664,2.691552,0.981654,30,240,141,4,0.10479828,0.02244119,0.04150452,0E-8,0.000000,0.902668,0.011910,-0.02129501,2026-03-22,2026-08-05,112,5695,2177,137,0.817518,0.739886,0.767145,0.349328,,,,,,,,GLOBAL_BASELINE_NO_ENTITY_RANKING,,,NOT_APPLICABLE_GLOBAL_BASELINE,HF9g-P5,,,,X 全窗基线 · 不参与实体赏罚,14196537,1420,A168_HF9F_20260827_0900,2026-08-27 09:00:00
2026-06-17,110249610,1299,0,19.8122241423,-19.8122241423,-19.8122241423,0E-7,1,1,0.49324550000000000,0.493245500000,-0.9865810262130424,-0.9865810262130424,-0.9865810262130424,0E-17,ELIGIBLE,R03b_20260811_FULL_v1,L1_ELIGIBILITY,v2026-08-11,2026-03-21..2026-08-06,baccarat_bet02_101_all_pairs_incl_sentinel,round_win = game_pnl > 0 (decisive only),COMPATIBILITY_ONLY_NOT_PRODUCTION,296357.1217,267511.9505,6650.6079,18220,18206,-0.02244119,-0.04150452,-0.02020951,-0.02244119,-6650.6079,296357.1217,OK,0.0000,266.0243,4.0000,96.0000,AG03-UNRESOLVED,ALL5_LEVELS_bet23_to_bet27,266.0243,266.0243,266.0243,332.5304,332.5304,4.000000,4.000000,4.000000,5.000000,5.000000,96.000000,96.000000,96.000000,95.000000,95.000000,5.0,1463.1337,1340.2688,5187.4742,5310.3391,PENDING_AG03,FALSE,NOT_FOR_ENFORCEMENT,6384.5836,256811.4724,6650.6079,6384.5836,266.0243,0.02244119,0.02154355,266.0243,6384.5836,0.02154355,266.0243,266.0243,266.0243,332.5304,332.5304,6384.5836,0.02154355,1463.1337,1340.2688,5187.4742,5310.3391,0.01750413,0.01791872,0.00089765,16.2655,14.6936,0.3653,59.3804,1.1678,2646.0457,162.5536,12.4780,16.8648,9.0895,16.5695,22.0926,29.825,33.4482,44.5976,11.8163,0.0,2.018664,2.691552,0.981654,30,240,141,4,0.10479828,0.02244119,0.04150452,0E-8,0.000000,0.902668,0.011910,-0.02129501,2026-03-22,2026-08-05,112,5695,2177,137,0.817518,0.739886,0.767145,0.349328,,,,,,,,GLOBAL_BASELINE_NO_ENTITY_RANKING,,,NOT_APPLICABLE_GLOBAL_BASELINE,HF9g-P5,,,,X 全窗基线 · 不参与实体赏罚,14196538,1420,A168_HF9F_20260827_0900,2026-08-27 09:00:00
2026-06-17,110249610,1302,0,31.9196944515,15.6846774460,15.6846774460,1.0000000,3,3,0.50665070000000000,0.506650700000,1.3955260008387969,1.3955260008387969,1.3955260008387969,0E-17,ELIGIBLE,R03b_20260811_FULL_v1,L1_ELIGIBILITY,v2026-08-11,2026-03-21..2026-08-06,baccarat_bet02_101_all_pairs_incl_sentinel,round_win = game_pnl > 0 (decisive only),COMPATIBILITY_ONLY_NOT_PRODUCTION,296357.1217,267511.9505,6650.6079,18220,18206,-0.02244119,-0.04150452,-0.02020951,-0.02244119,-6650.6079,296357.1217,OK,0.0000,266.0243,4.0000,96.0000,AG03-UNRESOLVED,ALL5_LEVELS_bet23_to_bet27,266.0243,266.0243,266.0243,332.5304,332.5304,4.000000,4.000000,4.000000,5.000000,5.000000,96.000000,96.000000,96.000000,95.000000,95.000000,5.0,1463.1337,1340.2688,5187.4742,5310.3391,PENDING_AG03,FALSE,NOT_FOR_ENFORCEMENT,6384.5836,256811.4724,6650.6079,6384.5836,266.0243,0.02244119,0.02154355,266.0243,6384.5836,0.02154355,266.0243,266.0243,266.0243,332.5304,332.5304,6384.5836,0.02154355,1463.1337,1340.2688,5187.4742,5310.3391,0.01750413,0.01791872,0.00089765,16.2655,14.6936,0.3653,59.3804,1.1678,2646.0457,162.5536,12.4780,16.8648,9.0895,16.5695,22.0926,29.825,33.4482,44.5976,11.8163,0.0,2.018664,2.691552,0.981654,30,240,141,4,0.10479828,0.02244119,0.04150452,0E-8,0.000000,0.902668,0.011910,-0.02129501,2026-03-22,2026-08-05,112,5695,2177,137,0.817518,0.739886,0.767145,0.349328,,,,,,,,GLOBAL_BASELINE_NO_ENTITY_RANKING,,,NOT_APPLICABLE_GLOBAL_BASELINE,HF9g-P5,,,,X 全窗基线 · 不参与实体赏罚,14196539,1420,A168_HF9F_20260827_0900,2026-08-27 09:00:00
2026-06-17,110249610,1353,0,5.5033955951,-5.5033955951,-5.5033955951,0E-7,1,1,0.49324550000000000,0.493245500000,-0.9865810262130424,-0.9865810262130424,-0.9865810262130424,0E-17,ELIGIBLE,R03b_20260811_FULL_v1,L1_ELIGIBILITY,v2026-08-11,2026-03-21..2026-08-06,baccarat_bet02_101_all_pairs_incl_sentinel,round_win = game_pnl > 0 (decisive only),COMPATIBILITY_ONLY_NOT_PRODUCTION,296357.1217,267511.9505,6650.6079,18220,18206,-0.02244119,-0.04150452,-0.02020951,-0.02244119,-6650.6079,296357.1217,OK,0.0000,266.0243,4.0000,96.0000,AG03-UNRESOLVED,ALL5_LEVELS_bet23_to_bet27,266.0243,266.0243,266.0243,332.5304,332.5304,4.000000,4.000000,4.000000,5.000000,5.000000,96.000000,96.000000,96.000000,95.000000,95.000000,5.0,1463.1337,1340.2688,5187.4742,5310.3391,PENDING_AG03,FALSE,NOT_FOR_ENFORCEMENT,6384.5836,256811.4724,6650.6079,6384.5836,266.0243,0.02244119,0.02154355,266.0243,6384.5836,0.02154355,266.0243,266.0243,266.0243,332.5304,332.5304,6384.5836,0.02154355,1463.1337,1340.2688,5187.4742,5310.3391,0.01750413,0.01791872,0.00089765,16.2655,14.6936,0.3653,59.3804,1.1678,2646.0457,162.5536,12.4780,16.8648,9.0895,16.5695,22.0926,29.825,33.4482,44.5976,11.8163,0.0,2.018664,2.691552,0.981654,30,240,141,4,0.10479828,0.02244119,0.04150452,0E-8,0.000000,0.902668,0.011910,-0.02129501,2026-03-22,2026-08-05,112,5695,2177,137,0.817518,0.739886,0.767145,0.349328,,,,,,,,GLOBAL_BASELINE_NO_ENTITY_RANKING,,,NOT_APPLICABLE_GLOBAL_BASELINE,HF9g-P5,,,,X 全窗基线 · 不参与实体赏罚,14196540,1420,A168_HF9F_20260827_0900,2026-08-27 09:00:00
2026-06-17,110249610,1646,0,111.7189305800,-37.6982598262,-37.6982598262,0.2500000,6,6,0.50665070000000000,0.506650700000,-1.0266936290537745,-1.0266936290537745,-1.0266936290537745,0E-17,ELIGIBLE,R03b_20260811_FULL_v1,L1_ELIGIBILITY,v2026-08-11,2026-03-21..2026-08-06,baccarat_bet02_101_all_pairs_incl_sentinel,round_win = game_pnl > 0 (decisive only),COMPATIBILITY_ONLY_NOT_PRODUCTION,296357.1217,267511.9505,6650.6079,18220,18206,-0.02244119,-0.04150452,-0.02020951,-0.02244119,-6650.6079,296357.1217,OK,0.0000,266.0243,4.0000,96.0000,AG03-UNRESOLVED,ALL5_LEVELS_bet23_to_bet27,266.0243,266.0243,266.0243,332.5304,332.5304,4.000000,4.000000,4.000000,5.000000,5.000000,96.000000,96.000000,96.000000,95.000000,95.000000,5.0,1463.1337,1340.2688,5187.4742,5310.3391,PENDING_AG03,FALSE,NOT_FOR_ENFORCEMENT,6384.5836,256811.4724,6650.6079,6384.5836,266.0243,0.02244119,0.02154355,266.0243,6384.5836,0.02154355,266.0243,266.0243,266.0243,332.5304,332.5304,6384.5836,0.02154355,1463.1337,1340.2688,5187.4742,5310.3391,0.01750413,0.01791872,0.00089765,16.2655,14.6936,0.3653,59.3804,1.1678,2646.0457,162.5536,12.4780,16.8648,9.0895,16.5695,22.0926,29.825,33.4482,44.5976,11.8163,0.0,2.018664,2.691552,0.981654,30,240,141,4,0.10479828,0.02244119,0.04150452,0E-8,0.000000,0.902668,0.011910,-0.02129501,2026-03-22,2026-08-05,112,5695,2177,137,0.817518,0.739886,0.767145,0.349328,,,,,,,,GLOBAL_BASELINE_NO_ENTITY_RANKING,,,NOT_APPLICABLE_GLOBAL_BASELINE,HF9g-P5,,,,X 全窗基线 · 不参与实体赏罚,14196541,1420,A168_HF9F_20260827_0900,2026-08-27 09:00:00
2026-06-17,110249610,1710,0,33.5707131300,-16.5101867852,-16.5101867852,0E-7,2,2,0.49324550000000000,0.493245500000,-0.9865810262130424,-0.9865810262130424,-0.9865810262130424,0E-17,ELIGIBLE,R03b_20260811_FULL_v1,L1_ELIGIBILITY,v2026-08-11,2026-03-21..2026-08-06,baccarat_bet02_101_all_pairs_incl_sentinel,round_win = game_pnl > 0 (decisive only),COMPATIBILITY_ONLY_NOT_PRODUCTION,296357.1217,267511.9505,6650.6079,18220,18206,-0.02244119,-0.04150452,-0.02020951,-0.02244119,-6650.6079,296357.1217,OK,0.0000,266.0243,4.0000,96.0000,AG03-UNRESOLVED,ALL5_LEVELS_bet23_to_bet27,266.0243,266.0243,266.0243,332.5304,332.5304,4.000000,4.000000,4.000000,5.000000,5.000000,96.000000,96.000000,96.000000,95.000000,95.000000,5.0,1463.1337,1340.2688,5187.4742,5310.3391,PENDING_AG03,FALSE,NOT_FOR_ENFORCEMENT,6384.5836,256811.4724,6650.6079,6384.5836,266.0243,0.02244119,0.02154355,266.0243,6384.5836,0.02154355,266.0243,266.0243,266.0243,332.5304,332.5304,6384.5836,0.02154355,1463.1337,1340.2688,5187.4742,5310.3391,0.01750413,0.01791872,0.00089765,16.2655,14.6936,0.3653,59.3804,1.1678,2646.0457,162.5536,12.4780,16.8648,9.0895,16.5695,22.0926,29.825,33.4482,44.5976,11.8163,0.0,2.018664,2.691552,0.981654,30,240,141,4,0.10479828,0.02244119,0.04150452,0E-8,0.000000,0.902668,0.011910,-0.02129501,2026-03-22,2026-08-05,112,5695,2177,137,0.817518,0.739886,0.767145,0.349328,,,,,,,,GLOBAL_BASELINE_NO_ENTITY_RANKING,,,NOT_APPLICABLE_GLOBAL_BASELINE,HF9g-P5,,,,X 全窗基线 · 不参与实体赏罚,14196542,1420,A168_HF9F_20260827_0900,2026-08-27 09:00:00
2026-06-17,110249610,1966,0,16.5101867853,-5.5033955951,-5.5033955951,0.5000000,2,2,0.49324550000000000,0.493245500000,0.01910635448239258,0.01910635448239258,0.01910635448239258,0E-17,ELIGIBLE,R03b_20260811_FULL_v1,L1_ELIGIBILITY,v2026-08-11,2026-03-21..2026-08-06,baccarat_bet02_101_all_pairs_incl_sentinel,round_win = game_pnl > 0 (decisive only),COMPATIBILITY_ONLY_NOT_PRODUCTION,296357.1217,267511.9505,6650.6079,18220,18206,-0.02244119,-0.04150452,-0.02020951,-0.02244119,-6650.6079,296357.1217,OK,0.0000,266.0243,4.0000,96.0000,AG03-UNRESOLVED,ALL5_LEVELS_bet23_to_bet27,266.0243,266.0243,266.0243,332.5304,332.5304,4.000000,4.000000,4.000000,5.000000,5.000000,96.000000,96.000000,96.000000,95.000000,95.000000,5.0,1463.1337,1340.2688,5187.4742,5310.3391,PENDING_AG03,FALSE,NOT_FOR_ENFORCEMENT,6384.5836,256811.4724,6650.6079,6384.5836,266.0243,0.02244119,0.02154355,266.0243,6384.5836,0.02154355,266.0243,266.0243,266.0243,332.5304,332.5304,6384.5836,0.02154355,1463.1337,1340.2688,5187.4742,5310.3391,0.01750413,0.01791872,0.00089765,16.2655,14.6936,0.3653,59.3804,1.1678,2646.0457,162.5536,12.4780,16.8648,9.0895,16.5695,22.0926,29.825,33.4482,44.5976,11.8163,0.0,2.018664,2.691552,0.981654,30,240,141,4,0.10479828,0.02244119,0.04150452,0E-8,0.000000,0.902668,0.011910,-0.02129501,2026-03-22,2026-08-05,112,5695,2177,137,0.817518,0.739886,0.767145,0.349328,,,,,,,,GLOBAL_BASELINE_NO_ENTITY_RANKING,,,NOT_APPLICABLE_GLOBAL_BASELINE,HF9g-P5,,,,X 全窗基线 · 不参与实体赏罚,14196543,1420,A168_HF9F_20260827_0900,2026-08-27 09:00:00
2026-06-17,110249610,2115,0,108.4168932230,84.6972582083,84.6972582083,1.0000000,6,6,0.50665070000000000,0.506650700000,2.2065203483183233,2.2065203483183233,2.2065203483183233,0E-17,ELIGIBLE,R03b_20260811_FULL_v1,L1_ELIGIBILITY,v2026-08-11,2026-03-21..2026-08-06,baccarat_bet02_101_all_pairs_incl_sentinel,round_win = game_pnl > 0 (decisive only),COMPATIBILITY_ONLY_NOT_PRODUCTION,296357.1217,267511.9505,6650.6079,18220,18206,-0.02244119,-0.04150452,-0.02020951,-0.02244119,-6650.6079,296357.1217,OK,0.0000,266.0243,4.0000,96.0000,AG03-UNRESOLVED,ALL5_LEVELS_bet23_to_bet27,266.0243,266.0243,266.0243,332.5304,332.5304,4.000000,4.000000,4.000000,5.000000,5.000000,96.000000,96.000000,96.000000,95.000000,95.000000,5.0,1463.1337,1340.2688,5187.4742,5310.3391,PENDING_AG03,FALSE,NOT_FOR_ENFORCEMENT,6384.5836,256811.4724,6650.6079,6384.5836,266.0243,0.02244119,0.02154355,266.0243,6384.5836,0.02154355,266.0243,266.0243,266.0243,332.5304,332.5304,6384.5836,0.02154355,1463.1337,1340.2688,5187.4742,5310.3391,0.01750413,0.01791872,0.00089765,16.2655,14.6936,0.3653,59.3804,1.1678,2646.0457,162.5536,12.4780,16.8648,9.0895,16.5695,22.0926,29.825,33.4482,44.5976,11.8163,0.0,2.018664,2.691552,0.981654,30,240,141,4,0.10479828,0.02244119,0.04150452,0E-8,0.000000,0.902668,0.011910,-0.02129501,2026-03-22,2026-08-05,112,5695,2177,137,0.817518,0.739886,0.767145,0.349328,,,,,,,,GLOBAL_BASELINE_NO_ENTITY_RANKING,,,NOT_APPLICABLE_GLOBAL_BASELINE,HF9g-P5,,,,X 全窗基线 · 不参与实体赏罚,14196544,1420,A168_HF9F_20260827_0900,2026-08-27 09:00:00
2026-06-17,110249610,2145,0,25.0954839136,-18.7115450233,-18.7115450233,0E-7,3,3,0.49771390000000000,0.497713900000,-1.4077622098436522,-1.4077622098436524,-1.4077622098436522,0E-17,ELIGIBLE,R03b_20260811_FULL_v1,L1_ELIGIBILITY,v2026-08-11,2026-03-21..2026-08-06,baccarat_bet02_101_all_pairs_incl_sentinel,round_win = game_pnl > 0 (decisive only),COMPATIBILITY_ONLY_NOT_PRODUCTION,296357.1217,267511.9505,6650.6079,18220,18206,-0.02244119,-0.04150452,-0.02020951,-0.02244119,-6650.6079,296357.1217,OK,0.0000,266.0243,4.0000,96.0000,AG03-UNRESOLVED,ALL5_LEVELS_bet23_to_bet27,266.0243,266.0243,266.0243,332.5304,332.5304,4.000000,4.000000,4.000000,5.000000,5.000000,96.000000,96.000000,96.000000,95.000000,95.000000,5.0,1463.1337,1340.2688,5187.4742,5310.3391,PENDING_AG03,FALSE,NOT_FOR_ENFORCEMENT,6384.5836,256811.4724,6650.6079,6384.5836,266.0243,0.02244119,0.02154355,266.0243,6384.5836,0.02154355,266.0243,266.0243,266.0243,332.5304,332.5304,6384.5836,0.02154355,1463.1337,1340.2688,5187.4742,5310.3391,0.01750413,0.01791872,0.00089765,16.2655,14.6936,0.3653,59.3804,1.1678,2646.0457,162.5536,12.4780,16.8648,9.0895,16.5695,22.0926,29.825,33.4482,44.5976,11.8163,0.0,2.018664,2.691552,0.981654,30,240,141,4,0.10479828,0.02244119,0.04150452,0E-8,0.000000,0.902668,0.011910,-0.02129501,2026-03-22,2026-08-05,112,5695,2177,137,0.817518,0.739886,0.767145,0.349328,,,,,,,,GLOBAL_BASELINE_NO_ENTITY_RANKING,,,NOT_APPLICABLE_GLOBAL_BASELINE,HF9g-P5,,,,X 全窗基线 · 不参与实体赏罚,14196545,1420,A168_HF9F_20260827_0900,2026-08-27 09:00:00
2026-06-17,110249610,2175,0,47.8795416773,-25.8659592969,-25.8659592969,0.3333333,3,3,0.49324550000000000,0.493245500000,-0.5540025479526107,-0.5540025479526106,-0.5540025479526107,0E-17,ELIGIBLE,R03b_20260811_FULL_v1,L1_ELIGIBILITY,v2026-08-11,2026-03-21..2026-08-06,baccarat_bet02_101_all_pairs_incl_sentinel,round_win = game_pnl > 0 (decisive only),COMPATIBILITY_ONLY_NOT_PRODUCTION,296357.1217,267511.9505,6650.6079,18220,18206,-0.02244119,-0.04150452,-0.02020951,-0.02244119,-6650.6079,296357.1217,OK,0.0000,266.0243,4.0000,96.0000,AG03-UNRESOLVED,ALL5_LEVELS_bet23_to_bet27,266.0243,266.0243,266.0243,332.5304,332.5304,4.000000,4.000000,4.000000,5.000000,5.000000,96.000000,96.000000,96.000000,95.000000,95.000000,5.0,1463.1337,1340.2688,5187.4742,5310.3391,PENDING_AG03,FALSE,NOT_FOR_ENFORCEMENT,6384.5836,256811.4724,6650.6079,6384.5836,266.0243,0.02244119,0.02154355,266.0243,6384.5836,0.02154355,266.0243,266.0243,266.0243,332.5304,332.5304,6384.5836,0.02154355,1463.1337,1340.2688,5187.4742,5310.3391,0.01750413,0.01791872,0.00089765,16.2655,14.6936,0.3653,59.3804,1.1678,2646.0457,162.5536,12.4780,16.8648,9.0895,16.5695,22.0926,29.825,33.4482,44.5976,11.8163,0.0,2.018664,2.691552,0.981654,30,240,141,4,0.10479828,0.02244119,0.04150452,0E-8,0.000000,0.902668,0.011910,-0.02129501,2026-03-22,2026-08-05,112,5695,2177,137,0.817518,0.739886,0.767145,0.349328,,,,,,,,GLOBAL_BASELINE_NO_ENTITY_RANKING,,,NOT_APPLICABLE_GLOBAL_BASELINE,HF9g-P5,,,,X 全窗基线 · 不参与实体赏罚,14196546,1420,A168_HF9F_20260827_0900,2026-08-27 09:00:00
2026-06-17,110249610,2223,0,114.4706283777,-16.8679074990,-16.8679074990,0.3333333,7,7,0.50282064285714286,0.502820642857,-0.8303280647496518,-0.8303280647489506,-0.8303280647496518,1.4286E-13,ELIGIBLE,R03b_20260811_FULL_v1,L1_ELIGIBILITY,v2026-08-11,2026-03-21..2026-08-06,baccarat_bet02_101_all_pairs_incl_sentinel,round_win = game_pnl > 0 (decisive only),COMPATIBILITY_ONLY_NOT_PRODUCTION,296357.1217,267511.9505,6650.6079,18220,18206,-0.02244119,-0.04150452,-0.02020951,-0.02244119,-6650.6079,296357.1217,OK,0.0000,266.0243,4.0000,96.0000,AG03-UNRESOLVED,ALL5_LEVELS_bet23_to_bet27,266.0243,266.0243,266.0243,332.5304,332.5304,4.000000,4.000000,4.000000,5.000000,5.000000,96.000000,96.000000,96.000000,95.000000,95.000000,5.0,1463.1337,1340.2688,5187.4742,5310.3391,PENDING_AG03,FALSE,NOT_FOR_ENFORCEMENT,6384.5836,256811.4724,6650.6079,6384.5836,266.0243,0.02244119,0.02154355,266.0243,6384.5836,0.02154355,266.0243,266.0243,266.0243,332.5304,332.5304,6384.5836,0.02154355,1463.1337,1340.2688,5187.4742,5310.3391,0.01750413,0.01791872,0.00089765,16.2655,14.6936,0.3653,59.3804,1.1678,2646.0457,162.5536,12.4780,16.8648,9.0895,16.5695,22.0926,29.825,33.4482,44.5976,11.8163,0.0,2.018664,2.691552,0.981654,30,240,141,4,0.10479828,0.02244119,0.04150452,0E-8,0.000000,0.902668,0.011910,-0.02129501,2026-03-22,2026-08-05,112,5695,2177,137,0.817518,0.739886,0.767145,0.349328,,,,,,,,GLOBAL_BASELINE_NO_ENTITY_RANKING,,,NOT_APPLICABLE_GLOBAL_BASELINE,HF9g-P5,,,,X 全窗基线 · 不参与实体赏罚,14196547,1420,A168_HF9F_20260827_0900,2026-08-27 09:00:00
2026-06-17,110249610,2246,0,6.0537351546,0E-10,0E-10,,1,1,0.49324550000000000,0.493245500000,,,,0E-17,NO_DECISIVE_ROUND,R03b_20260811_FULL_v1,L1_ELIGIBILITY,v2026-08-11,2026-03-21..2026-08-06,baccarat_bet02_101_all_pairs_incl_sentinel,round_win = game_pnl > 0 (decisive only),COMPATIBILITY_ONLY_NOT_PRODUCTION,296357.1217,267511.9505,6650.6079,18220,18206,-0.02244119,-0.04150452,-0.02020951,-0.02244119,-6650.6079,296357.1217,OK,0.0000,266.0243,4.0000,96.0000,AG03-UNRESOLVED,ALL5_LEVELS_bet23_to_bet27,266.0243,266.0243,266.0243,332.5304,332.5304,4.000000,4.000000,4.000000,5.000000,5.000000,96.000000,96.000000,96.000000,95.000000,95.000000,5.0,1463.1337,1340.2688,5187.4742,5310.3391,PENDING_AG03,FALSE,NOT_FOR_ENFORCEMENT,6384.5836,256811.4724,6650.6079,6384.5836,266.0243,0.02244119,0.02154355,266.0243,6384.5836,0.02154355,266.0243,266.0243,266.0243,332.5304,332.5304,6384.5836,0.02154355,1463.1337,1340.2688,5187.4742,5310.3391,0.01750413,0.01791872,0.00089765,16.2655,14.6936,0.3653,59.3804,1.1678,2646.0457,162.5536,12.4780,16.8648,9.0895,16.5695,22.0926,29.825,33.4482,44.5976,11.8163,0.0,2.018664,2.691552,0.981654,30,240,141,4,0.10479828,0.02244119,0.04150452,0E-8,0.000000,0.902668,0.011910,-0.02129501,2026-03-22,2026-08-05,112,5695,2177,137,0.817518,0.739886,0.767145,0.349328,,,,,,,,GLOBAL_BASELINE_NO_ENTITY_RANKING,,,NOT_APPLICABLE_GLOBAL_BASELINE,HF9g-P5,,,,X 全窗基线 · 不参与实体赏罚,14196548,1420,A168_HF9F_20260827_0900,2026-08-27 09:00:00
2026-06-17,110249610,2251,0,5.6134635070,-5.6134635070,-5.6134635070,0E-7,1,1,0.50665070000000000,0.506650700000,-1.013391052207602,-1.013391052207602,-1.013391052207602,0E-17,ELIGIBLE,R03b_20260811_FULL_v1,L1_ELIGIBILITY,v2026-08-11,2026-03-21..2026-08-06,baccarat_bet02_101_all_pairs_incl_sentinel,round_win = game_pnl > 0 (decisive only),COMPATIBILITY_ONLY_NOT_PRODUCTION,296357.1217,267511.9505,6650.6079,18220,18206,-0.02244119,-0.04150452,-0.02020951,-0.02244119,-6650.6079,296357.1217,OK,0.0000,266.0243,4.0000,96.0000,AG03-UNRESOLVED,ALL5_LEVELS_bet23_to_bet27,266.0243,266.0243,266.0243,332.5304,332.5304,4.000000,4.000000,4.000000,5.000000,5.000000,96.000000,96.000000,96.000000,95.000000,95.000000,5.0,1463.1337,1340.2688,5187.4742,5310.3391,PENDING_AG03,FALSE,NOT_FOR_ENFORCEMENT,6384.5836,256811.4724,6650.6079,6384.5836,266.0243,0.02244119,0.02154355,266.0243,6384.5836,0.02154355,266.0243,266.0243,266.0243,332.5304,332.5304,6384.5836,0.02154355,1463.1337,1340.2688,5187.4742,5310.3391,0.01750413,0.01791872,0.00089765,16.2655,14.6936,0.3653,59.3804,1.1678,2646.0457,162.5536,12.4780,16.8648,9.0895,16.5695,22.0926,29.825,33.4482,44.5976,11.8163,0.0,2.018664,2.691552,0.981654,30,240,141,4,0.10479828,0.02244119,0.04150452,0E-8,0.000000,0.902668,0.011910,-0.02129501,2026-03-22,2026-08-05,112,5695,2177,137,0.817518,0.739886,0.767145,0.349328,,,,,,,,GLOBAL_BASELINE_NO_ENTITY_RANKING,,,NOT_APPLICABLE_GLOBAL_BASELINE,HF9g-P5,,,,X 全窗基线 · 不参与实体赏罚,14196549,1420,A168_HF9F_20260827_0900,2026-08-27 09:00:00
2026-06-17,110249610,2281,0,48.9802207962,3.6047241149,3.6047241149,0.5000000,4,4,0.50665070000000000,0.506650700000,-0.02660515369234503,-0.02660515369234503,-0.02660515369234503,0E-17,ELIGIBLE,R03b_20260811_FULL_v1,L1_ELIGIBILITY,v2026-08-11,2026-03-21..2026-08-06,baccarat_bet02_101_all_pairs_incl_sentinel,round_win = game_pnl > 0 (decisive only),COMPATIBILITY_ONLY_NOT_PRODUCTION,296357.1217,267511.9505,6650.6079,18220,18206,-0.02244119,-0.04150452,-0.02020951,-0.02244119,-6650.6079,296357.1217,OK,0.0000,266.0243,4.0000,96.0000,AG03-UNRESOLVED,ALL5_LEVELS_bet23_to_bet27,266.0243,266.0243,266.0243,332.5304,332.5304,4.000000,4.000000,4.000000,5.000000,5.000000,96.000000,96.000000,96.000000,95.000000,95.000000,5.0,1463.1337,1340.2688,5187.4742,5310.3391,PENDING_AG03,FALSE,NOT_FOR_ENFORCEMENT,6384.5836,256811.4724,6650.6079,6384.5836,266.0243,0.02244119,0.02154355,266.0243,6384.5836,0.02154355,266.0243,266.0243,266.0243,332.5304,332.5304,6384.5836,0.02154355,1463.1337,1340.2688,5187.4742,5310.3391,0.01750413,0.01791872,0.00089765,16.2655,14.6936,0.3653,59.3804,1.1678,2646.0457,162.5536,12.4780,16.8648,9.0895,16.5695,22.0926,29.825,33.4482,44.5976,11.8163,0.0,2.018664,2.691552,0.981654,30,240,141,4,0.10479828,0.02244119,0.04150452,0E-8,0.000000,0.902668,0.011910,-0.02129501,2026-03-22,2026-08-05,112,5695,2177,137,0.817518,0.739886,0.767145,0.349328,,,,,,,,GLOBAL_BASELINE_NO_ENTITY_RANKING,,,NOT_APPLICABLE_GLOBAL_BASELINE,HF9g-P5,,,,X 全窗基线 · 不参与实体赏罚,14196550,1420,A168_HF9F_20260827_0900,2026-08-27 09:00:00
2026-06-17,110249610,529,0,22.0135823804,-22.0135823804,-22.0135823804,0E-7,2,2,0.49994810000000000,0.499948100000,-1.4140667746232096,-1.4140667746232096,-1.4140667746232096,0E-17,ELIGIBLE,R03b_20260811_FULL_v1,L1_ELIGIBILITY,v2026-08-11,2026-03-21..2026-08-06,baccarat_bet02_101_all_pairs_incl_sentinel,round_win = game_pnl > 0 (decisive only),COMPATIBILITY_ONLY_NOT_PRODUCTION,296357.1217,267511.9505,6650.6079,18220,18206,-0.02244119,-0.04150452,-0.02020951,-0.02244119,-6650.6079,296357.1217,OK,0.0000,266.0243,4.0000,96.0000,AG03-UNRESOLVED,ALL5_LEVELS_bet23_to_bet27,266.0243,266.0243,266.0243,332.5304,332.5304,4.000000,4.000000,4.000000,5.000000,5.000000,96.000000,96.000000,96.000000,95.000000,95.000000,5.0,1463.1337,1340.2688,5187.4742,5310.3391,PENDING_AG03,FALSE,NOT_FOR_ENFORCEMENT,6384.5836,256811.4724,6650.6079,6384.5836,266.0243,0.02244119,0.02154355,266.0243,6384.5836,0.02154355,266.0243,266.0243,266.0243,332.5304,332.5304,6384.5836,0.02154355,1463.1337,1340.2688,5187.4742,5310.3391,0.01750413,0.01791872,0.00089765,16.2655,14.6936,0.3653,59.3804,1.1678,2646.0457,162.5536,12.4780,16.8648,9.0895,16.5695,22.0926,29.825,33.4482,44.5976,11.8163,0.0,2.018664,2.691552,0.981654,30,240,141,4,0.10479828,0.02244119,0.04150452,0E-8,0.000000,0.902668,0.011910,-0.02129501,2026-03-22,2026-08-05,112,5695,2177,137,0.817518,0.739886,0.767145,0.349328,,,,,,,,GLOBAL_BASELINE_NO_ENTITY_RANKING,,,NOT_APPLICABLE_GLOBAL_BASELINE,HF9g-P5,,,,X 全窗基线 · 不参与实体赏罚,14196551,1420,A168_HF9F_20260827_0900,2026-08-27 09:00:00
2026-06-17,110249610,772,0,11.0067911902,-11.0067911902,-11.0067911902,0E-7,1,1,0.50665070000000000,0.506650700000,-1.013391052207602,-1.013391052207602,-1.013391052207602,0E-17,ELIGIBLE,R03b_20260811_FULL_v1,L1_ELIGIBILITY,v2026-08-11,2026-03-21..2026-08-06,baccarat_bet02_101_all_pairs_incl_sentinel,round_win = game_pnl > 0 (decisive only),COMPATIBILITY_ONLY_NOT_PRODUCTION,296357.1217,267511.9505,6650.6079,18220,18206,-0.02244119,-0.04150452,-0.02020951,-0.02244119,-6650.6079,296357.1217,OK,0.0000,266.0243,4.0000,96.0000,AG03-UNRESOLVED,ALL5_LEVELS_bet23_to_bet27,266.0243,266.0243,266.0243,332.5304,332.5304,4.000000,4.000000,4.000000,5.000000,5.000000,96.000000,96.000000,96.000000,95.000000,95.000000,5.0,1463.1337,1340.2688,5187.4742,5310.3391,PENDING_AG03,FALSE,NOT_FOR_ENFORCEMENT,6384.5836,256811.4724,6650.6079,6384.5836,266.0243,0.02244119,0.02154355,266.0243,6384.5836,0.02154355,266.0243,266.0243,266.0243,332.5304,332.5304,6384.5836,0.02154355,1463.1337,1340.2688,5187.4742,5310.3391,0.01750413,0.01791872,0.00089765,16.2655,14.6936,0.3653,59.3804,1.1678,2646.0457,162.5536,12.4780,16.8648,9.0895,16.5695,22.0926,29.825,33.4482,44.5976,11.8163,0.0,2.018664,2.691552,0.981654,30,240,141,4,0.10479828,0.02244119,0.04150452,0E-8,0.000000,0.902668,0.011910,-0.02129501,2026-03-22,2026-08-05,112,5695,2177,137,0.817518,0.739886,0.767145,0.349328,,,,,,,,GLOBAL_BASELINE_NO_ENTITY_RANKING,,,NOT_APPLICABLE_GLOBAL_BASELINE,HF9g-P5,,,,X 全窗基线 · 不参与实体赏罚,14196552,1420,A168_HF9F_20260827_0900,2026-08-27 09:00:00
2026-06-18,110249610,2108,0,6.6040747141,-6.6040747141,-6.6040747141,0E-7,1,1,0.49324550000000000,0.493245500000,-0.9865810262130424,-0.9865810262130424,-0.9865810262130424,0E-17,ELIGIBLE,R03b_20260811_FULL_v1,L1_ELIGIBILITY,v2026-08-11,2026-03-21..2026-08-06,baccarat_bet02_101_all_pairs_incl_sentinel,round_win = game_pnl > 0 (decisive only),COMPATIBILITY_ONLY_NOT_PRODUCTION,296357.1217,267511.9505,6650.6079,18220,18206,-0.02244119,-0.04150452,-0.02020951,-0.02244119,-6650.6079,296357.1217,OK,0.0000,266.0243,4.0000,96.0000,AG03-UNRESOLVED,ALL5_LEVELS_bet23_to_bet27,266.0243,266.0243,266.0243,332.5304,332.5304,4.000000,4.000000,4.000000,5.000000,5.000000,96.000000,96.000000,96.000000,95.000000,95.000000,5.0,1463.1337,1340.2688,5187.4742,5310.3391,PENDING_AG03,FALSE,NOT_FOR_ENFORCEMENT,6384.5836,256811.4724,6650.6079,6384.5836,266.0243,0.02244119,0.02154355,266.0243,6384.5836,0.02154355,266.0243,266.0243,266.0243,332.5304,332.5304,6384.5836,0.02154355,1463.1337,1340.2688,5187.4742,5310.3391,0.01750413,0.01791872,0.00089765,16.2655,14.6936,0.3653,59.3804,1.1678,2646.0457,162.5536,12.4780,16.8648,9.0895,16.5695,22.0926,29.825,33.4482,44.5976,11.8163,0.0,2.018664,2.691552,0.981654,30,240,141,4,0.10479828,0.02244119,0.04150452,0E-8,0.000000,0.902668,0.011910,-0.02129501,2026-03-22,2026-08-05,112,5695,2177,137,0.817518,0.739886,0.767145,0.349328,,,,,,,,GLOBAL_BASELINE_NO_ENTITY_RANKING,,,NOT_APPLICABLE_GLOBAL_BASELINE,HF9g-P5,,,,X 全窗基线 · 不参与实体赏罚,14196553,1420,A168_HF9F_20260827_0900,2026-08-27 09:00:00
2026-06-19,110249610,-1,1,55.0339559510,-5.7785653749,-5.7785653749,0.5000000,7,7,0.49899058571428571,0.498990585714,0.004945109955477372,0.0049451099568770685,0.004945109955477372,2.8571E-13,SENTINEL_DEALER,R03b_20260811_FULL_v1,L1_ELIGIBILITY,v2026-08-11,2026-03-21..2026-08-06,baccarat_bet02_101_all_pairs_incl_sentinel,round_win = game_pnl > 0 (decisive only),COMPATIBILITY_ONLY_NOT_PRODUCTION,296357.1217,267511.9505,6650.6079,18220,18206,-0.02244119,-0.04150452,-0.02020951,-0.02244119,-6650.6079,296357.1217,OK,0.0000,266.0243,4.0000,96.0000,AG03-UNRESOLVED,ALL5_LEVELS_bet23_to_bet27,266.0243,266.0243,266.0243,332.5304,332.5304,4.000000,4.000000,4.000000,5.000000,5.000000,96.000000,96.000000,96.000000,95.000000,95.000000,5.0,1463.1337,1340.2688,5187.4742,5310.3391,PENDING_AG03,FALSE,NOT_FOR_ENFORCEMENT,6384.5836,256811.4724,6650.6079,6384.5836,266.0243,0.02244119,0.02154355,266.0243,6384.5836,0.02154355,266.0243,266.0243,266.0243,332.5304,332.5304,6384.5836,0.02154355,1463.1337,1340.2688,5187.4742,5310.3391,0.01750413,0.01791872,0.00089765,16.2655,14.6936,0.3653,59.3804,1.1678,2646.0457,162.5536,12.4780,16.8648,9.0895,16.5695,22.0926,29.825,33.4482,44.5976,11.8163,0.0,2.018664,2.691552,0.981654,30,240,141,4,0.10479828,0.02244119,0.04150452,0E-8,0.000000,0.902668,0.011910,-0.02129501,2026-03-22,2026-08-05,112,5695,2177,137,0.817518,0.739886,0.767145,0.349328,,,,,,,,GLOBAL_BASELINE_NO_ENTITY_RANKING,,,NOT_APPLICABLE_GLOBAL_BASELINE,HF9g-P5,,,,X 全窗基线 · 不参与实体赏罚,14196554,1420,A168_HF9F_20260827_0900,2026-08-27 09:00:00
2026-06-19,110249610,1399,0,5.7235314189,-5.7235314189,-5.7235314189,0E-7,1,1,0.49324550000000000,0.493245500000,-0.9865810262130424,-0.9865810262130424,-0.9865810262130424,0E-17,ELIGIBLE,R03b_20260811_FULL_v1,L1_ELIGIBILITY,v2026-08-11,2026-03-21..2026-08-06,baccarat_bet02_101_all_pairs_incl_sentinel,round_win = game_pnl > 0 (decisive only),COMPATIBILITY_ONLY_NOT_PRODUCTION,296357.1217,267511.9505,6650.6079,18220,18206,-0.02244119,-0.04150452,-0.02020951,-0.02244119,-6650.6079,296357.1217,OK,0.0000,266.0243,4.0000,96.0000,AG03-UNRESOLVED,ALL5_LEVELS_bet23_to_bet27,266.0243,266.0243,266.0243,332.5304,332.5304,4.000000,4.000000,4.000000,5.000000,5.000000,96.000000,96.000000,96.000000,95.000000,95.000000,5.0,1463.1337,1340.2688,5187.4742,5310.3391,PENDING_AG03,FALSE,NOT_FOR_ENFORCEMENT,6384.5836,256811.4724,6650.6079,6384.5836,266.0243,0.02244119,0.02154355,266.0243,6384.5836,0.02154355,266.0243,266.0243,266.0243,332.5304,332.5304,6384.5836,0.02154355,1463.1337,1340.2688,5187.4742,5310.3391,0.01750413,0.01791872,0.00089765,16.2655,14.6936,0.3653,59.3804,1.1678,2646.0457,162.5536,12.4780,16.8648,9.0895,16.5695,22.0926,29.825,33.4482,44.5976,11.8163,0.0,2.018664,2.691552,0.981654,30,240,141,4,0.10479828,0.02244119,0.04150452,0E-8,0.000000,0.902668,0.011910,-0.02129501,2026-03-22,2026-08-05,112,5695,2177,137,0.817518,0.739886,0.767145,0.349328,,,,,,,,GLOBAL_BASELINE_NO_ENTITY_RANKING,,,NOT_APPLICABLE_GLOBAL_BASELINE,HF9g-P5,,,,X 全窗基线 · 不参与实体赏罚,14196555,1420,A168_HF9F_20260827_0900,2026-08-27 09:00:00
2026-06-19,110249610,1646,0,5.1731918594,-5.1731918594,-5.1731918594,0E-7,1,1,0.50665070000000000,0.506650700000,-1.013391052207602,-1.013391052207602,-1.013391052207602,0E-17,ELIGIBLE,R03b_20260811_FULL_v1,L1_ELIGIBILITY,v2026-08-11,2026-03-21..2026-08-06,baccarat_bet02_101_all_pairs_incl_sentinel,round_win = game_pnl > 0 (decisive only),COMPATIBILITY_ONLY_NOT_PRODUCTION,296357.1217,267511.9505,6650.6079,18220,18206,-0.02244119,-0.04150452,-0.02020951,-0.02244119,-6650.6079,296357.1217,OK,0.0000,266.0243,4.0000,96.0000,AG03-UNRESOLVED,ALL5_LEVELS_bet23_to_bet27,266.0243,266.0243,266.0243,332.5304,332.5304,4.000000,4.000000,4.000000,5.000000,5.000000,96.000000,96.000000,96.000000,95.000000,95.000000,5.0,1463.1337,1340.2688,5187.4742,5310.3391,PENDING_AG03,FALSE,NOT_FOR_ENFORCEMENT,6384.5836,256811.4724,6650.6079,6384.5836,266.0243,0.02244119,0.02154355,266.0243,6384.5836,0.02154355,266.0243,266.0243,266.0243,332.5304,332.5304,6384.5836,0.02154355,1463.1337,1340.2688,5187.4742,5310.3391,0.01750413,0.01791872,0.00089765,16.2655,14.6936,0.3653,59.3804,1.1678,2646.0457,162.5536,12.4780,16.8648,9.0895,16.5695,22.0926,29.825,33.4482,44.5976,11.8163,0.0,2.018664,2.691552,0.981654,30,240,141,4,0.10479828,0.02244119,0.04150452,0E-8,0.000000,0.902668,0.011910,-0.02129501,2026-03-22,2026-08-05,112,5695,2177,137,0.817518,0.739886,0.767145,0.349328,,,,,,,,GLOBAL_BASELINE_NO_ENTITY_RANKING,,,NOT_APPLICABLE_GLOBAL_BASELINE,HF9g-P5,,,,X 全窗基线 · 不参与实体赏罚,14196556,1420,A168_HF9F_20260827_0900,2026-08-27 09:00:00
2026-06-19,110249610,2271,0,36.6526146633,13.3567411092,13.3567411092,0.8000000,5,5,0.50665070000000000,0.506650700000,1.3120140225494112,1.3120140225494112,1.3120140225494112,0E-17,ELIGIBLE,R03b_20260811_FULL_v1,L1_ELIGIBILITY,v2026-08-11,2026-03-21..2026-08-06,baccarat_bet02_101_all_pairs_incl_sentinel,round_win = game_pnl > 0 (decisive only),COMPATIBILITY_ONLY_NOT_PRODUCTION,296357.1217,267511.9505,6650.6079,18220,18206,-0.02244119,-0.04150452,-0.02020951,-0.02244119,-6650.6079,296357.1217,OK,0.0000,266.0243,4.0000,96.0000,AG03-UNRESOLVED,ALL5_LEVELS_bet23_to_bet27,266.0243,266.0243,266.0243,332.5304,332.5304,4.000000,4.000000,4.000000,5.000000,5.000000,96.000000,96.000000,96.000000,95.000000,95.000000,5.0,1463.1337,1340.2688,5187.4742,5310.3391,PENDING_AG03,FALSE,NOT_FOR_ENFORCEMENT,6384.5836,256811.4724,6650.6079,6384.5836,266.0243,0.02244119,0.02154355,266.0243,6384.5836,0.02154355,266.0243,266.0243,266.0243,332.5304,332.5304,6384.5836,0.02154355,1463.1337,1340.2688,5187.4742,5310.3391,0.01750413,0.01791872,0.00089765,16.2655,14.6936,0.3653,59.3804,1.1678,2646.0457,162.5536,12.4780,16.8648,9.0895,16.5695,22.0926,29.825,33.4482,44.5976,11.8163,0.0,2.018664,2.691552,0.981654,30,240,141,4,0.10479828,0.02244119,0.04150452,0E-8,0.000000,0.902668,0.011910,-0.02129501,2026-03-22,2026-08-05,112,5695,2177,137,0.817518,0.739886,0.767145,0.349328,,,,,,,,GLOBAL_BASELINE_NO_ENTITY_RANKING,,,NOT_APPLICABLE_GLOBAL_BASELINE,HF9g-P5,,,,X 全窗基线 · 不参与实体赏罚,14196557,1420,A168_HF9F_20260827_0900,2026-08-27 09:00:00
2026-06-20,110249610,-1,1,11.0067911902,-11.0067911902,-11.0067911902,0E-7,1,1,0.49324550000000000,0.493245500000,-0.9865810262130424,-0.9865810262130424,-0.9865810262130424,0E-17,SENTINEL_DEALER,R03b_20260811_FULL_v1,L1_ELIGIBILITY,v2026-08-11,2026-03-21..2026-08-06,baccarat_bet02_101_all_pairs_incl_sentinel,round_win = game_pnl > 0 (decisive only),COMPATIBILITY_ONLY_NOT_PRODUCTION,296357.1217,267511.9505,6650.6079,18220,18206,-0.02244119,-0.04150452,-0.02020951,-0.02244119,-6650.6079,296357.1217,OK,0.0000,266.0243,4.0000,96.0000,AG03-UNRESOLVED,ALL5_LEVELS_bet23_to_bet27,266.0243,266.0243,266.0243,332.5304,332.5304,4.000000,4.000000,4.000000,5.000000,5.000000,96.000000,96.000000,96.000000,95.000000,95.000000,5.0,1463.1337,1340.2688,5187.4742,5310.3391,PENDING_AG03,FALSE,NOT_FOR_ENFORCEMENT,6384.5836,256811.4724,6650.6079,6384.5836,266.0243,0.02244119,0.02154355,266.0243,6384.5836,0.02154355,266.0243,266.0243,266.0243,332.5304,332.5304,6384.5836,0.02154355,1463.1337,1340.2688,5187.4742,5310.3391,0.01750413,0.01791872,0.00089765,16.2655,14.6936,0.3653,59.3804,1.1678,2646.0457,162.5536,12.4780,16.8648,9.0895,16.5695,22.0926,29.825,33.4482,44.5976,11.8163,0.0,2.018664,2.691552,0.981654,30,240,141,4,0.10479828,0.02244119,0.04150452,0E-8,0.000000,0.902668,0.011910,-0.02129501,2026-03-22,2026-08-05,112,5695,2177,137,0.817518,0.739886,0.767145,0.349328,,,,,,,,GLOBAL_BASELINE_NO_ENTITY_RANKING,,,NOT_APPLICABLE_GLOBAL_BASELINE,HF9g-P5,,,,X 全窗基线 · 不参与实体赏罚,14196558,1420,A168_HF9F_20260827_0900,2026-08-27 09:00:00
2026-06-20,110249610,1115,0,11.0067911902,10.4564516307,10.4564516307,1.0000000,1,1,0.50665070000000000,0.506650700000,0.9867858985152569,0.9867858985152569,0.9867858985152569,0E-17,ELIGIBLE,R03b_20260811_FULL_v1,L1_ELIGIBILITY,v2026-08-11,2026-03-21..2026-08-06,baccarat_bet02_101_all_pairs_incl_sentinel,round_win = game_pnl > 0 (decisive only),COMPATIBILITY_ONLY_NOT_PRODUCTION,296357.1217,267511.9505,6650.6079,18220,18206,-0.02244119,-0.04150452,-0.02020951,-0.02244119,-6650.6079,296357.1217,OK,0.0000,266.0243,4.0000,96.0000,AG03-UNRESOLVED,ALL5_LEVELS_bet23_to_bet27,266.0243,266.0243,266.0243,332.5304,332.5304,4.000000,4.000000,4.000000,5.000000,5.000000,96.000000,96.000000,96.000000,95.000000,95.000000,5.0,1463.1337,1340.2688,5187.4742,5310.3391,PENDING_AG03,FALSE,NOT_FOR_ENFORCEMENT,6384.5836,256811.4724,6650.6079,6384.5836,266.0243,0.02244119,0.02154355,266.0243,6384.5836,0.02154355,266.0243,266.0243,266.0243,332.5304,332.5304,6384.5836,0.02154355,1463.1337,1340.2688,5187.4742,5310.3391,0.01750413,0.01791872,0.00089765,16.2655,14.6936,0.3653,59.3804,1.1678,2646.0457,162.5536,12.4780,16.8648,9.0895,16.5695,22.0926,29.825,33.4482,44.5976,11.8163,0.0,2.018664,2.691552,0.981654,30,240,141,4,0.10479828,0.02244119,0.04150452,0E-8,0.000000,0.902668,0.011910,-0.02129501,2026-03-22,2026-08-05,112,5695,2177,137,0.817518,0.739886,0.767145,0.349328,,,,,,,,GLOBAL_BASELINE_NO_ENTITY_RANKING,,,NOT_APPLICABLE_GLOBAL_BASELINE,HF9g-P5,,,,X 全窗基线 · 不参与实体赏罚,14196559,1420,A168_HF9F_20260827_0900,2026-08-27 09:00:00
2026-06-20,110249610,2153,0,16.5101867852,16.5101867852,16.5101867852,1.0000000,1,1,0.49324550000000000,0.493245500000,1.01360149184955,1.01360149184955,1.01360149184955,0E-17,ELIGIBLE,R03b_20260811_FULL_v1,L1_ELIGIBILITY,v2026-08-11,2026-03-21..2026-08-06,baccarat_bet02_101_all_pairs_incl_sentinel,round_win = game_pnl > 0 (decisive only),COMPATIBILITY_ONLY_NOT_PRODUCTION,296357.1217,267511.9505,6650.6079,18220,18206,-0.02244119,-0.04150452,-0.02020951,-0.02244119,-6650.6079,296357.1217,OK,0.0000,266.0243,4.0000,96.0000,AG03-UNRESOLVED,ALL5_LEVELS_bet23_to_bet27,266.0243,266.0243,266.0243,332.5304,332.5304,4.000000,4.000000,4.000000,5.000000,5.000000,96.000000,96.000000,96.000000,95.000000,95.000000,5.0,1463.1337,1340.2688,5187.4742,5310.3391,PENDING_AG03,FALSE,NOT_FOR_ENFORCEMENT,6384.5836,256811.4724,6650.6079,6384.5836,266.0243,0.02244119,0.02154355,266.0243,6384.5836,0.02154355,266.0243,266.0243,266.0243,332.5304,332.5304,6384.5836,0.02154355,1463.1337,1340.2688,5187.4742,5310.3391,0.01750413,0.01791872,0.00089765,16.2655,14.6936,0.3653,59.3804,1.1678,2646.0457,162.5536,12.4780,16.8648,9.0895,16.5695,22.0926,29.825,33.4482,44.5976,11.8163,0.0,2.018664,2.691552,0.981654,30,240,141,4,0.10479828,0.02244119,0.04150452,0E-8,0.000000,0.902668,0.011910,-0.02129501,2026-03-22,2026-08-05,112,5695,2177,137,0.817518,0.739886,0.767145,0.349328,,,,,,,,GLOBAL_BASELINE_NO_ENTITY_RANKING,,,NOT_APPLICABLE_GLOBAL_BASELINE,HF9g-P5,,,,X 全窗基线 · 不参与实体赏罚,14196560,1420,A168_HF9F_20260827_0900,2026-08-27 09:00:00
2026-06-20,110249610,2169,0,37.9734296061,-1.4859168107,-1.4859168107,0.5000000,2,2,0.50665070000000000,0.506650700000,-0.018812684590367487,-0.018812684590367487,-0.018812684590367487,0E-17,ELIGIBLE,R03b_20260811_FULL_v1,L1_ELIGIBILITY,v2026-08-11,2026-03-21..2026-08-06,baccarat_bet02_101_all_pairs_incl_sentinel,round_win = game_pnl > 0 (decisive only),COMPATIBILITY_ONLY_NOT_PRODUCTION,296357.1217,267511.9505,6650.6079,18220,18206,-0.02244119,-0.04150452,-0.02020951,-0.02244119,-6650.6079,296357.1217,OK,0.0000,266.0243,4.0000,96.0000,AG03-UNRESOLVED,ALL5_LEVELS_bet23_to_bet27,266.0243,266.0243,266.0243,332.5304,332.5304,4.000000,4.000000,4.000000,5.000000,5.000000,96.000000,96.000000,96.000000,95.000000,95.000000,5.0,1463.1337,1340.2688,5187.4742,5310.3391,PENDING_AG03,FALSE,NOT_FOR_ENFORCEMENT,6384.5836,256811.4724,6650.6079,6384.5836,266.0243,0.02244119,0.02154355,266.0243,6384.5836,0.02154355,266.0243,266.0243,266.0243,332.5304,332.5304,6384.5836,0.02154355,1463.1337,1340.2688,5187.4742,5310.3391,0.01750413,0.01791872,0.00089765,16.2655,14.6936,0.3653,59.3804,1.1678,2646.0457,162.5536,12.4780,16.8648,9.0895,16.5695,22.0926,29.825,33.4482,44.5976,11.8163,0.0,2.018664,2.691552,0.981654,30,240,141,4,0.10479828,0.02244119,0.04150452,0E-8,0.000000,0.902668,0.011910,-0.02129501,2026-03-22,2026-08-05,112,5695,2177,137,0.817518,0.739886,0.767145,0.349328,,,,,,,,GLOBAL_BASELINE_NO_ENTITY_RANKING,,,NOT_APPLICABLE_GLOBAL_BASELINE,HF9g-P5,,,,X 全窗基线 · 不参与实体赏罚,14196561,1420,A168_HF9F_20260827_0900,2026-08-27 09:00:00
2026-06-21,110249610,-1,1,6.2738709784,-6.2738709784,-6.2738709784,0E-7,1,1,0.50665070000000000,0.506650700000,-1.013391052207602,-1.013391052207602,-1.013391052207602,0E-17,SENTINEL_DEALER,R03b_20260811_FULL_v1,L1_ELIGIBILITY,v2026-08-11,2026-03-21..2026-08-06,baccarat_bet02_101_all_pairs_incl_sentinel,round_win = game_pnl > 0 (decisive only),COMPATIBILITY_ONLY_NOT_PRODUCTION,296357.1217,267511.9505,6650.6079,18220,18206,-0.02244119,-0.04150452,-0.02020951,-0.02244119,-6650.6079,296357.1217,OK,0.0000,266.0243,4.0000,96.0000,AG03-UNRESOLVED,ALL5_LEVELS_bet23_to_bet27,266.0243,266.0243,266.0243,332.5304,332.5304,4.000000,4.000000,4.000000,5.000000,5.000000,96.000000,96.000000,96.000000,95.000000,95.000000,5.0,1463.1337,1340.2688,5187.4742,5310.3391,PENDING_AG03,FALSE,NOT_FOR_ENFORCEMENT,6384.5836,256811.4724,6650.6079,6384.5836,266.0243,0.02244119,0.02154355,266.0243,6384.5836,0.02154355,266.0243,266.0243,266.0243,332.5304,332.5304,6384.5836,0.02154355,1463.1337,1340.2688,5187.4742,5310.3391,0.01750413,0.01791872,0.00089765,16.2655,14.6936,0.3653,59.3804,1.1678,2646.0457,162.5536,12.4780,16.8648,9.0895,16.5695,22.0926,29.825,33.4482,44.5976,11.8163,0.0,2.018664,2.691552,0.981654,30,240,141,4,0.10479828,0.02244119,0.04150452,0E-8,0.000000,0.902668,0.011910,-0.02129501,2026-03-22,2026-08-05,112,5695,2177,137,0.817518,0.739886,0.767145,0.349328,,,,,,,,GLOBAL_BASELINE_NO_ENTITY_RANKING,,,NOT_APPLICABLE_GLOBAL_BASELINE,HF9g-P5,,,,X 全窗基线 · 不参与实体赏罚,14196562,1420,A168_HF9F_20260827_0900,2026-08-27 09:00:00
2026-06-21,110249610,1151,0,37.4230900465,-5.2282258153,-5.2282258153,0.5000000,2,2,0.50665070000000000,0.506650700000,-0.018812684590367487,-0.018812684590367487,-0.018812684590367487,0E-17,ELIGIBLE,R03b_20260811_FULL_v1,L1_ELIGIBILITY,v2026-08-11,2026-03-21..2026-08-06,baccarat_bet02_101_all_pairs_incl_sentinel,round_win = game_pnl > 0 (decisive only),COMPATIBILITY_ONLY_NOT_PRODUCTION,296357.1217,267511.9505,6650.6079,18220,18206,-0.02244119,-0.04150452,-0.02020951,-0.02244119,-6650.6079,296357.1217,OK,0.0000,266.0243,4.0000,96.0000,AG03-UNRESOLVED,ALL5_LEVELS_bet23_to_bet27,266.0243,266.0243,266.0243,332.5304,332.5304,4.000000,4.000000,4.000000,5.000000,5.000000,96.000000,96.000000,96.000000,95.000000,95.000000,5.0,1463.1337,1340.2688,5187.4742,5310.3391,PENDING_AG03,FALSE,NOT_FOR_ENFORCEMENT,6384.5836,256811.4724,6650.6079,6384.5836,266.0243,0.02244119,0.02154355,266.0243,6384.5836,0.02154355,266.0243,266.0243,266.0243,332.5304,332.5304,6384.5836,0.02154355,1463.1337,1340.2688,5187.4742,5310.3391,0.01750413,0.01791872,0.00089765,16.2655,14.6936,0.3653,59.3804,1.1678,2646.0457,162.5536,12.4780,16.8648,9.0895,16.5695,22.0926,29.825,33.4482,44.5976,11.8163,0.0,2.018664,2.691552,0.981654,30,240,141,4,0.10479828,0.02244119,0.04150452,0E-8,0.000000,0.902668,0.011910,-0.02129501,2026-03-22,2026-08-05,112,5695,2177,137,0.817518,0.739886,0.767145,0.349328,,,,,,,,GLOBAL_BASELINE_NO_ENTITY_RANKING,,,NOT_APPLICABLE_GLOBAL_BASELINE,HF9g-P5,,,,X 全窗基线 · 不参与实体赏罚,14196563,1420,A168_HF9F_20260827_0900,2026-08-27 09:00:00
2026-06-21,110249610,1384,0,11.0067911902,-11.0067911902,-11.0067911902,0E-7,1,1,0.49324550000000000,0.493245500000,-0.9865810262130424,-0.9865810262130424,-0.9865810262130424,0E-17,ELIGIBLE,R03b_20260811_FULL_v1,L1_ELIGIBILITY,v2026-08-11,2026-03-21..2026-08-06,baccarat_bet02_101_all_pairs_incl_sentinel,round_win = game_pnl > 0 (decisive only),COMPATIBILITY_ONLY_NOT_PRODUCTION,296357.1217,267511.9505,6650.6079,18220,18206,-0.02244119,-0.04150452,-0.02020951,-0.02244119,-6650.6079,296357.1217,OK,0.0000,266.0243,4.0000,96.0000,AG03-UNRESOLVED,ALL5_LEVELS_bet23_to_bet27,266.0243,266.0243,266.0243,332.5304,332.5304,4.000000,4.000000,4.000000,5.000000,5.000000,96.000000,96.000000,96.000000,95.000000,95.000000,5.0,1463.1337,1340.2688,5187.4742,5310.3391,PENDING_AG03,FALSE,NOT_FOR_ENFORCEMENT,6384.5836,256811.4724,6650.6079,6384.5836,266.0243,0.02244119,0.02154355,266.0243,6384.5836,0.02154355,266.0243,266.0243,266.0243,332.5304,332.5304,6384.5836,0.02154355,1463.1337,1340.2688,5187.4742,5310.3391,0.01750413,0.01791872,0.00089765,16.2655,14.6936,0.3653,59.3804,1.1678,2646.0457,162.5536,12.4780,16.8648,9.0895,16.5695,22.0926,29.825,33.4482,44.5976,11.8163,0.0,2.018664,2.691552,0.981654,30,240,141,4,0.10479828,0.02244119,0.04150452,0E-8,0.000000,0.902668,0.011910,-0.02129501,2026-03-22,2026-08-05,112,5695,2177,137,0.817518,0.739886,0.767145,0.349328,,,,,,,,GLOBAL_BASELINE_NO_ENTITY_RANKING,,,NOT_APPLICABLE_GLOBAL_BASELINE,HF9g-P5,,,,X 全窗基线 · 不参与实体赏罚,14196564,1420,A168_HF9F_20260827_0900,2026-08-27 09:00:00
2026-06-21,110249610,1966,0,60.5373515458,-22.0135823803,-22.0135823803,0E-7,3,3,0.49324550000000000,0.493245500000,-0.9865810262130424,-0.9865810262130424,-0.9865810262130424,0E-17,ELIGIBLE,R03b_20260811_FULL_v1,L1_ELIGIBILITY,v2026-08-11,2026-03-21..2026-08-06,baccarat_bet02_101_all_pairs_incl_sentinel,round_win = game_pnl > 0 (decisive only),COMPATIBILITY_ONLY_NOT_PRODUCTION,296357.1217,267511.9505,6650.6079,18220,18206,-0.02244119,-0.04150452,-0.02020951,-0.02244119,-6650.6079,296357.1217,OK,0.0000,266.0243,4.0000,96.0000,AG03-UNRESOLVED,ALL5_LEVELS_bet23_to_bet27,266.0243,266.0243,266.0243,332.5304,332.5304,4.000000,4.000000,4.000000,5.000000,5.000000,96.000000,96.000000,96.000000,95.000000,95.000000,5.0,1463.1337,1340.2688,5187.4742,5310.3391,PENDING_AG03,FALSE,NOT_FOR_ENFORCEMENT,6384.5836,256811.4724,6650.6079,6384.5836,266.0243,0.02244119,0.02154355,266.0243,6384.5836,0.02154355,266.0243,266.0243,266.0243,332.5304,332.5304,6384.5836,0.02154355,1463.1337,1340.2688,5187.4742,5310.3391,0.01750413,0.01791872,0.00089765,16.2655,14.6936,0.3653,59.3804,1.1678,2646.0457,162.5536,12.4780,16.8648,9.0895,16.5695,22.0926,29.825,33.4482,44.5976,11.8163,0.0,2.018664,2.691552,0.981654,30,240,141,4,0.10479828,0.02244119,0.04150452,0E-8,0.000000,0.902668,0.011910,-0.02129501,2026-03-22,2026-08-05,112,5695,2177,137,0.817518,0.739886,0.767145,0.349328,,,,,,,,GLOBAL_BASELINE_NO_ENTITY_RANKING,,,NOT_APPLICABLE_GLOBAL_BASELINE,HF9g-P5,,,,X 全窗基线 · 不参与实体赏罚,14196565,1420,A168_HF9F_20260827_0900,2026-08-27 09:00:00
2026-06-21,110249610,2251,0,11.0067911902,-11.0067911902,-11.0067911902,0E-7,1,1,0.49324550000000000,0.493245500000,-0.9865810262130424,-0.9865810262130424,-0.9865810262130424,0E-17,ELIGIBLE,R03b_20260811_FULL_v1,L1_ELIGIBILITY,v2026-08-11,2026-03-21..2026-08-06,baccarat_bet02_101_all_pairs_incl_sentinel,round_win = game_pnl > 0 (decisive only),COMPATIBILITY_ONLY_NOT_PRODUCTION,296357.1217,267511.9505,6650.6079,18220,18206,-0.02244119,-0.04150452,-0.02020951,-0.02244119,-6650.6079,296357.1217,OK,0.0000,266.0243,4.0000,96.0000,AG03-UNRESOLVED,ALL5_LEVELS_bet23_to_bet27,266.0243,266.0243,266.0243,332.5304,332.5304,4.000000,4.000000,4.000000,5.000000,5.000000,96.000000,96.000000,96.000000,95.000000,95.000000,5.0,1463.1337,1340.2688,5187.4742,5310.3391,PENDING_AG03,FALSE,NOT_FOR_ENFORCEMENT,6384.5836,256811.4724,6650.6079,6384.5836,266.0243,0.02244119,0.02154355,266.0243,6384.5836,0.02154355,266.0243,266.0243,266.0243,332.5304,332.5304,6384.5836,0.02154355,1463.1337,1340.2688,5187.4742,5310.3391,0.01750413,0.01791872,0.00089765,16.2655,14.6936,0.3653,59.3804,1.1678,2646.0457,162.5536,12.4780,16.8648,9.0895,16.5695,22.0926,29.825,33.4482,44.5976,11.8163,0.0,2.018664,2.691552,0.981654,30,240,141,4,0.10479828,0.02244119,0.04150452,0E-8,0.000000,0.902668,0.011910,-0.02129501,2026-03-22,2026-08-05,112,5695,2177,137,0.817518,0.739886,0.767145,0.349328,,,,,,,,GLOBAL_BASELINE_NO_ENTITY_RANKING,,,NOT_APPLICABLE_GLOBAL_BASELINE,HF9g-P5,,,,X 全窗基线 · 不参与实体赏罚,14196566,1420,A168_HF9F_20260827_0900,2026-08-27 09:00:00
2026-06-30,110249610,-1,1,16.7903852952,-16.7903852952,-16.7903852952,0E-7,1,1,0.49324550000000000,0.493245500000,-0.9865810262130424,-0.9865810262130424,-0.9865810262130424,0E-17,SENTINEL_DEALER,R03b_20260811_FULL_v1,L1_ELIGIBILITY,v2026-08-11,2026-03-21..2026-08-06,baccarat_bet02_101_all_pairs_incl_sentinel,round_win = game_pnl > 0 (decisive only),COMPATIBILITY_ONLY_NOT_PRODUCTION,296357.1217,267511.9505,6650.6079,18220,18206,-0.02244119,-0.04150452,-0.02020951,-0.02244119,-6650.6079,296357.1217,OK,0.0000,266.0243,4.0000,96.0000,AG03-UNRESOLVED,ALL5_LEVELS_bet23_to_bet27,266.0243,266.0243,266.0243,332.5304,332.5304,4.000000,4.000000,4.000000,5.000000,5.000000,96.000000,96.000000,96.000000,95.000000,95.000000,5.0,1463.1337,1340.2688,5187.4742,5310.3391,PENDING_AG03,FALSE,NOT_FOR_ENFORCEMENT,6384.5836,256811.4724,6650.6079,6384.5836,266.0243,0.02244119,0.02154355,266.0243,6384.5836,0.02154355,266.0243,266.0243,266.0243,332.5304,332.5304,6384.5836,0.02154355,1463.1337,1340.2688,5187.4742,5310.3391,0.01750413,0.01791872,0.00089765,16.2655,14.6936,0.3653,59.3804,1.1678,2646.0457,162.5536,12.4780,16.8648,9.0895,16.5695,22.0926,29.825,33.4482,44.5976,11.8163,0.0,2.018664,2.691552,0.981654,30,240,141,4,0.10479828,0.02244119,0.04150452,0E-8,0.000000,0.902668,0.011910,-0.02129501,2026-03-22,2026-08-05,112,5695,2177,137,0.817518,0.739886,0.767145,0.349328,,,,,,,,GLOBAL_BASELINE_NO_ENTITY_RANKING,,,NOT_APPLICABLE_GLOBAL_BASELINE,HF9g-P5,,,,X 全窗基线 · 不参与实体赏罚,14196567,1420,A168_HF9F_20260827_0900,2026-08-27 09:00:00
2026-06-30,110249610,1384,0,16.5694591729,-16.5694591729,-16.5694591729,0E-7,1,1,0.49324550000000000,0.493245500000,-0.9865810262130424,-0.9865810262130424,-0.9865810262130424,0E-17,ELIGIBLE,R03b_20260811_FULL_v1,L1_ELIGIBILITY,v2026-08-11,2026-03-21..2026-08-06,baccarat_bet02_101_all_pairs_incl_sentinel,round_win = game_pnl > 0 (decisive only),COMPATIBILITY_ONLY_NOT_PRODUCTION,296357.1217,267511.9505,6650.6079,18220,18206,-0.02244119,-0.04150452,-0.02020951,-0.02244119,-6650.6079,296357.1217,OK,0.0000,266.0243,4.0000,96.0000,AG03-UNRESOLVED,ALL5_LEVELS_bet23_to_bet27,266.0243,266.0243,266.0243,332.5304,332.5304,4.000000,4.000000,4.000000,5.000000,5.000000,96.000000,96.000000,96.000000,95.000000,95.000000,5.0,1463.1337,1340.2688,5187.4742,5310.3391,PENDING_AG03,FALSE,NOT_FOR_ENFORCEMENT,6384.5836,256811.4724,6650.6079,6384.5836,266.0243,0.02244119,0.02154355,266.0243,6384.5836,0.02154355,266.0243,266.0243,266.0243,332.5304,332.5304,6384.5836,0.02154355,1463.1337,1340.2688,5187.4742,5310.3391,0.01750413,0.01791872,0.00089765,16.2655,14.6936,0.3653,59.3804,1.1678,2646.0457,162.5536,12.4780,16.8648,9.0895,16.5695,22.0926,29.825,33.4482,44.5976,11.8163,0.0,2.018664,2.691552,0.981654,30,240,141,4,0.10479828,0.02244119,0.04150452,0E-8,0.000000,0.902668,0.011910,-0.02129501,2026-03-22,2026-08-05,112,5695,2177,137,0.817518,0.739886,0.767145,0.349328,,,,,,,,GLOBAL_BASELINE_NO_ENTITY_RANKING,,,NOT_APPLICABLE_GLOBAL_BASELINE,HF9g-P5,,,,X 全窗基线 · 不参与实体赏罚,14196568,1420,A168_HF9F_20260827_0900,2026-08-27 09:00:00
2026-06-30,110249610,1966,0,104.3875927890,-27.9195387063,-27.9195387063,0.5000000,4,4,0.50665070000000000,0.506650700000,-0.02660515369234503,-0.02660515369234503,-0.02660515369234503,0E-17,ELIGIBLE,R03b_20260811_FULL_v1,L1_ELIGIBILITY,v2026-08-11,2026-03-21..2026-08-06,baccarat_bet02_101_all_pairs_incl_sentinel,round_win = game_pnl > 0 (decisive only),COMPATIBILITY_ONLY_NOT_PRODUCTION,296357.1217,267511.9505,6650.6079,18220,18206,-0.02244119,-0.04150452,-0.02020951,-0.02244119,-6650.6079,296357.1217,OK,0.0000,266.0243,4.0000,96.0000,AG03-UNRESOLVED,ALL5_LEVELS_bet23_to_bet27,266.0243,266.0243,266.0243,332.5304,332.5304,4.000000,4.000000,4.000000,5.000000,5.000000,96.000000,96.000000,96.000000,95.000000,95.000000,5.0,1463.1337,1340.2688,5187.4742,5310.3391,PENDING_AG03,FALSE,NOT_FOR_ENFORCEMENT,6384.5836,256811.4724,6650.6079,6384.5836,266.0243,0.02244119,0.02154355,266.0243,6384.5836,0.02154355,266.0243,266.0243,266.0243,332.5304,332.5304,6384.5836,0.02154355,1463.1337,1340.2688,5187.4742,5310.3391,0.01750413,0.01791872,0.00089765,16.2655,14.6936,0.3653,59.3804,1.1678,2646.0457,162.5536,12.4780,16.8648,9.0895,16.5695,22.0926,29.825,33.4482,44.5976,11.8163,0.0,2.018664,2.691552,0.981654,30,240,141,4,0.10479828,0.02244119,0.04150452,0E-8,0.000000,0.902668,0.011910,-0.02129501,2026-03-22,2026-08-05,112,5695,2177,137,0.817518,0.739886,0.767145,0.349328,,,,,,,,GLOBAL_BASELINE_NO_ENTITY_RANKING,,,NOT_APPLICABLE_GLOBAL_BASELINE,HF9g-P5,,,,X 全窗基线 · 不参与实体赏罚,14196569,1420,A168_HF9F_20260827_0900,2026-08-27 09:00:00
2026-06-30,110249610,2201,0,19.8833510074,18.8891834571,18.8891834571,1.0000000,1,1,0.50665070000000000,0.506650700000,0.9867858985152569,0.9867858985152569,0.9867858985152569,0E-17,ELIGIBLE,R03b_20260811_FULL_v1,L1_ELIGIBILITY,v2026-08-11,2026-03-21..2026-08-06,baccarat_bet02_101_all_pairs_incl_sentinel,round_win = game_pnl > 0 (decisive only),COMPATIBILITY_ONLY_NOT_PRODUCTION,296357.1217,267511.9505,6650.6079,18220,18206,-0.02244119,-0.04150452,-0.02020951,-0.02244119,-6650.6079,296357.1217,OK,0.0000,266.0243,4.0000,96.0000,AG03-UNRESOLVED,ALL5_LEVELS_bet23_to_bet27,266.0243,266.0243,266.0243,332.5304,332.5304,4.000000,4.000000,4.000000,5.000000,5.000000,96.000000,96.000000,96.000000,95.000000,95.000000,5.0,1463.1337,1340.2688,5187.4742,5310.3391,PENDING_AG03,FALSE,NOT_FOR_ENFORCEMENT,6384.5836,256811.4724,6650.6079,6384.5836,266.0243,0.02244119,0.02154355,266.0243,6384.5836,0.02154355,266.0243,266.0243,266.0243,332.5304,332.5304,6384.5836,0.02154355,1463.1337,1340.2688,5187.4742,5310.3391,0.01750413,0.01791872,0.00089765,16.2655,14.6936,0.3653,59.3804,1.1678,2646.0457,162.5536,12.4780,16.8648,9.0895,16.5695,22.0926,29.825,33.4482,44.5976,11.8163,0.0,2.018664,2.691552,0.981654,30,240,141,4,0.10479828,0.02244119,0.04150452,0E-8,0.000000,0.902668,0.011910,-0.02129501,2026-03-22,2026-08-05,112,5695,2177,137,0.817518,0.739886,0.767145,0.349328,,,,,,,,GLOBAL_BASELINE_NO_ENTITY_RANKING,,,NOT_APPLICABLE_GLOBAL_BASELINE,HF9g-P5,,,,X 全窗基线 · 不参与实体赏罚,14196570,1420,A168_HF9F_20260827_0900,2026-08-27 09:00:00
2026-07-01,110249610,-1,1,305.0989749029,-0.6517320607,-0.6517320607,0.5000000,18,18,0.50069283333333333,0.500692833333,-0.005542671987834147,-0.005542671985167499,-0.005542671987834147,3.3333E-13,SENTINEL_DEALER,R03b_20260811_FULL_v1,L1_ELIGIBILITY,v2026-08-11,2026-03-21..2026-08-06,baccarat_bet02_101_all_pairs_incl_sentinel,round_win = game_pnl > 0 (decisive only),COMPATIBILITY_ONLY_NOT_PRODUCTION,296357.1217,267511.9505,6650.6079,18220,18206,-0.02244119,-0.04150452,-0.02020951,-0.02244119,-6650.6079,296357.1217,OK,0.0000,266.0243,4.0000,96.0000,AG03-UNRESOLVED,ALL5_LEVELS_bet23_to_bet27,266.0243,266.0243,266.0243,332.5304,332.5304,4.000000,4.000000,4.000000,5.000000,5.000000,96.000000,96.000000,96.000000,95.000000,95.000000,5.0,1463.1337,1340.2688,5187.4742,5310.3391,PENDING_AG03,FALSE,NOT_FOR_ENFORCEMENT,6384.5836,256811.4724,6650.6079,6384.5836,266.0243,0.02244119,0.02154355,266.0243,6384.5836,0.02154355,266.0243,266.0243,266.0243,332.5304,332.5304,6384.5836,0.02154355,1463.1337,1340.2688,5187.4742,5310.3391,0.01750413,0.01791872,0.00089765,16.2655,14.6936,0.3653,59.3804,1.1678,2646.0457,162.5536,12.4780,16.8648,9.0895,16.5695,22.0926,29.825,33.4482,44.5976,11.8163,0.0,2.018664,2.691552,0.981654,30,240,141,4,0.10479828,0.02244119,0.04150452,0E-8,0.000000,0.902668,0.011910,-0.02129501,2026-03-22,2026-08-05,112,5695,2177,137,0.817518,0.739886,0.767145,0.349328,,,,,,,,GLOBAL_BASELINE_NO_ENTITY_RANKING,,,NOT_APPLICABLE_GLOBAL_BASELINE,HF9g-P5,,,,X 全窗基线 · 不参与实体赏罚,14196571,1420,A168_HF9F_20260827_0900,2026-08-27 09:00:00
2026-07-01,110249610,1994,0,37.5574407918,-18.7787203959,-18.7787203959,0E-7,2,2,0.50665070000000000,0.506650700000,-1.013391052207602,-1.013391052207602,-1.013391052207602,0E-17,ELIGIBLE,R03b_20260811_FULL_v1,L1_ELIGIBILITY,v2026-08-11,2026-03-21..2026-08-06,baccarat_bet02_101_all_pairs_incl_sentinel,round_win = game_pnl > 0 (decisive only),COMPATIBILITY_ONLY_NOT_PRODUCTION,296357.1217,267511.9505,6650.6079,18220,18206,-0.02244119,-0.04150452,-0.02020951,-0.02244119,-6650.6079,296357.1217,OK,0.0000,266.0243,4.0000,96.0000,AG03-UNRESOLVED,ALL5_LEVELS_bet23_to_bet27,266.0243,266.0243,266.0243,332.5304,332.5304,4.000000,4.000000,4.000000,5.000000,5.000000,96.000000,96.000000,96.000000,95.000000,95.000000,5.0,1463.1337,1340.2688,5187.4742,5310.3391,PENDING_AG03,FALSE,NOT_FOR_ENFORCEMENT,6384.5836,256811.4724,6650.6079,6384.5836,266.0243,0.02244119,0.02154355,266.0243,6384.5836,0.02154355,266.0243,266.0243,266.0243,332.5304,332.5304,6384.5836,0.02154355,1463.1337,1340.2688,5187.4742,5310.3391,0.01750413,0.01791872,0.00089765,16.2655,14.6936,0.3653,59.3804,1.1678,2646.0457,162.5536,12.4780,16.8648,9.0895,16.5695,22.0926,29.825,33.4482,44.5976,11.8163,0.0,2.018664,2.691552,0.981654,30,240,141,4,0.10479828,0.02244119,0.04150452,0E-8,0.000000,0.902668,0.011910,-0.02129501,2026-03-22,2026-08-05,112,5695,2177,137,0.817518,0.739886,0.767145,0.349328,,,,,,,,GLOBAL_BASELINE_NO_ENTITY_RANKING,,,NOT_APPLICABLE_GLOBAL_BASELINE,HF9g-P5,,,,X 全窗基线 · 不参与实体赏罚,14196572,1420,A168_HF9F_20260827_0900,2026-08-27 09:00:00
2026-07-01,110249610,2105,0,27.6157652881,-27.6157652881,-27.6157652881,0E-7,1,1,0.50665070000000000,0.506650700000,-1.013391052207602,-1.013391052207602,-1.013391052207602,0E-17,ELIGIBLE,R03b_20260811_FULL_v1,L1_ELIGIBILITY,v2026-08-11,2026-03-21..2026-08-06,baccarat_bet02_101_all_pairs_incl_sentinel,round_win = game_pnl > 0 (decisive only),COMPATIBILITY_ONLY_NOT_PRODUCTION,296357.1217,267511.9505,6650.6079,18220,18206,-0.02244119,-0.04150452,-0.02020951,-0.02244119,-6650.6079,296357.1217,OK,0.0000,266.0243,4.0000,96.0000,AG03-UNRESOLVED,ALL5_LEVELS_bet23_to_bet27,266.0243,266.0243,266.0243,332.5304,332.5304,4.000000,4.000000,4.000000,5.000000,5.000000,96.000000,96.000000,96.000000,95.000000,95.000000,5.0,1463.1337,1340.2688,5187.4742,5310.3391,PENDING_AG03,FALSE,NOT_FOR_ENFORCEMENT,6384.5836,256811.4724,6650.6079,6384.5836,266.0243,0.02244119,0.02154355,266.0243,6384.5836,0.02154355,266.0243,266.0243,266.0243,332.5304,332.5304,6384.5836,0.02154355,1463.1337,1340.2688,5187.4742,5310.3391,0.01750413,0.01791872,0.00089765,16.2655,14.6936,0.3653,59.3804,1.1678,2646.0457,162.5536,12.4780,16.8648,9.0895,16.5695,22.0926,29.825,33.4482,44.5976,11.8163,0.0,2.018664,2.691552,0.981654,30,240,141,4,0.10479828,0.02244119,0.04150452,0E-8,0.000000,0.902668,0.011910,-0.02129501,2026-03-22,2026-08-05,112,5695,2177,137,0.817518,0.739886,0.767145,0.349328,,,,,,,,GLOBAL_BASELINE_NO_ENTITY_RANKING,,,NOT_APPLICABLE_GLOBAL_BASELINE,HF9g-P5,,,,X 全窗基线 · 不参与实体赏罚,14196573,1420,A168_HF9F_20260827_0900,2026-08-27 09:00:00
2026-07-01,110249610,2106,0,22.0926122305,-22.0926122305,-22.0926122305,0E-7,1,1,0.50665070000000000,0.506650700000,-1.013391052207602,-1.013391052207602,-1.013391052207602,0E-17,ELIGIBLE,R03b_20260811_FULL_v1,L1_ELIGIBILITY,v2026-08-11,2026-03-21..2026-08-06,baccarat_bet02_101_all_pairs_incl_sentinel,round_win = game_pnl > 0 (decisive only),COMPATIBILITY_ONLY_NOT_PRODUCTION,296357.1217,267511.9505,6650.6079,18220,18206,-0.02244119,-0.04150452,-0.02020951,-0.02244119,-6650.6079,296357.1217,OK,0.0000,266.0243,4.0000,96.0000,AG03-UNRESOLVED,ALL5_LEVELS_bet23_to_bet27,266.0243,266.0243,266.0243,332.5304,332.5304,4.000000,4.000000,4.000000,5.000000,5.000000,96.000000,96.000000,96.000000,95.000000,95.000000,5.0,1463.1337,1340.2688,5187.4742,5310.3391,PENDING_AG03,FALSE,NOT_FOR_ENFORCEMENT,6384.5836,256811.4724,6650.6079,6384.5836,266.0243,0.02244119,0.02154355,266.0243,6384.5836,0.02154355,266.0243,266.0243,266.0243,332.5304,332.5304,6384.5836,0.02154355,1463.1337,1340.2688,5187.4742,5310.3391,0.01750413,0.01791872,0.00089765,16.2655,14.6936,0.3653,59.3804,1.1678,2646.0457,162.5536,12.4780,16.8648,9.0895,16.5695,22.0926,29.825,33.4482,44.5976,11.8163,0.0,2.018664,2.691552,0.981654,30,240,141,4,0.10479828,0.02244119,0.04150452,0E-8,0.000000,0.902668,0.011910,-0.02129501,2026-03-22,2026-08-05,112,5695,2177,137,0.817518,0.739886,0.767145,0.349328,,,,,,,,GLOBAL_BASELINE_NO_ENTITY_RANKING,,,NOT_APPLICABLE_GLOBAL_BASELINE,HF9g-P5,,,,X 全窗基线 · 不参与实体赏罚,14196574,1420,A168_HF9F_20260827_0900,2026-08-27 09:00:00
2026-07-01,110249610,2108,0,109.3584305409,-11.0463061153,-11.0463061153,0.5000000,4,4,0.50665070000000000,0.506650700000,-0.018812684590367487,-0.018812684590367487,-0.018812684590367487,0E-17,ELIGIBLE,R03b_20260811_FULL_v1,L1_ELIGIBILITY,v2026-08-11,2026-03-21..2026-08-06,baccarat_bet02_101_all_pairs_incl_sentinel,round_win = game_pnl > 0 (decisive only),COMPATIBILITY_ONLY_NOT_PRODUCTION,296357.1217,267511.9505,6650.6079,18220,18206,-0.02244119,-0.04150452,-0.02020951,-0.02244119,-6650.6079,296357.1217,OK,0.0000,266.0243,4.0000,96.0000,AG03-UNRESOLVED,ALL5_LEVELS_bet23_to_bet27,266.0243,266.0243,266.0243,332.5304,332.5304,4.000000,4.000000,4.000000,5.000000,5.000000,96.000000,96.000000,96.000000,95.000000,95.000000,5.0,1463.1337,1340.2688,5187.4742,5310.3391,PENDING_AG03,FALSE,NOT_FOR_ENFORCEMENT,6384.5836,256811.4724,6650.6079,6384.5836,266.0243,0.02244119,0.02154355,266.0243,6384.5836,0.02154355,266.0243,266.0243,266.0243,332.5304,332.5304,6384.5836,0.02154355,1463.1337,1340.2688,5187.4742,5310.3391,0.01750413,0.01791872,0.00089765,16.2655,14.6936,0.3653,59.3804,1.1678,2646.0457,162.5536,12.4780,16.8648,9.0895,16.5695,22.0926,29.825,33.4482,44.5976,11.8163,0.0,2.018664,2.691552,0.981654,30,240,141,4,0.10479828,0.02244119,0.04150452,0E-8,0.000000,0.902668,0.011910,-0.02129501,2026-03-22,2026-08-05,112,5695,2177,137,0.817518,0.739886,0.767145,0.349328,,,,,,,,GLOBAL_BASELINE_NO_ENTITY_RANKING,,,NOT_APPLICABLE_GLOBAL_BASELINE,HF9g-P5,,,,X 全窗基线 · 不参与实体赏罚,14196575,1420,A168_HF9F_20260827_0900,2026-08-27 09:00:00
2026-07-01,110249610,2129,0,44.1852244610,33.1389183458,33.1389183458,1.0000000,3,3,0.49324550000000000,0.493245500000,1.4334489766152358,1.4334489766152358,1.4334489766152358,0E-17,ELIGIBLE,R03b_20260811_FULL_v1,L1_ELIGIBILITY,v2026-08-11,2026-03-21..2026-08-06,baccarat_bet02_101_all_pairs_incl_sentinel,round_win = game_pnl > 0 (decisive only),COMPATIBILITY_ONLY_NOT_PRODUCTION,296357.1217,267511.9505,6650.6079,18220,18206,-0.02244119,-0.04150452,-0.02020951,-0.02244119,-6650.6079,296357.1217,OK,0.0000,266.0243,4.0000,96.0000,AG03-UNRESOLVED,ALL5_LEVELS_bet23_to_bet27,266.0243,266.0243,266.0243,332.5304,332.5304,4.000000,4.000000,4.000000,5.000000,5.000000,96.000000,96.000000,96.000000,95.000000,95.000000,5.0,1463.1337,1340.2688,5187.4742,5310.3391,PENDING_AG03,FALSE,NOT_FOR_ENFORCEMENT,6384.5836,256811.4724,6650.6079,6384.5836,266.0243,0.02244119,0.02154355,266.0243,6384.5836,0.02154355,266.0243,266.0243,266.0243,332.5304,332.5304,6384.5836,0.02154355,1463.1337,1340.2688,5187.4742,5310.3391,0.01750413,0.01791872,0.00089765,16.2655,14.6936,0.3653,59.3804,1.1678,2646.0457,162.5536,12.4780,16.8648,9.0895,16.5695,22.0926,29.825,33.4482,44.5976,11.8163,0.0,2.018664,2.691552,0.981654,30,240,141,4,0.10479828,0.02244119,0.04150452,0E-8,0.000000,0.902668,0.011910,-0.02129501,2026-03-22,2026-08-05,112,5695,2177,137,0.817518,0.739886,0.767145,0.349328,,,,,,,,GLOBAL_BASELINE_NO_ENTITY_RANKING,,,NOT_APPLICABLE_GLOBAL_BASELINE,HF9g-P5,,,,X 全窗基线 · 不参与实体赏罚,14196576,1420,A168_HF9F_20260827_0900,2026-08-27 09:00:00
2026-07-01,110249610,2171,0,78.4287734182,-26.7320607989,-26.7320607989,0.3333333,3,3,0.50665070000000000,0.506650700000,-0.6004420894325239,-0.6004420894325239,-0.6004420894325239,0E-17,ELIGIBLE,R03b_20260811_FULL_v1,L1_ELIGIBILITY,v2026-08-11,2026-03-21..2026-08-06,baccarat_bet02_101_all_pairs_incl_sentinel,round_win = game_pnl > 0 (decisive only),COMPATIBILITY_ONLY_NOT_PRODUCTION,296357.1217,267511.9505,6650.6079,18220,18206,-0.02244119,-0.04150452,-0.02020951,-0.02244119,-6650.6079,296357.1217,OK,0.0000,266.0243,4.0000,96.0000,AG03-UNRESOLVED,ALL5_LEVELS_bet23_to_bet27,266.0243,266.0243,266.0243,332.5304,332.5304,4.000000,4.000000,4.000000,5.000000,5.000000,96.000000,96.000000,96.000000,95.000000,95.000000,5.0,1463.1337,1340.2688,5187.4742,5310.3391,PENDING_AG03,FALSE,NOT_FOR_ENFORCEMENT,6384.5836,256811.4724,6650.6079,6384.5836,266.0243,0.02244119,0.02154355,266.0243,6384.5836,0.02154355,266.0243,266.0243,266.0243,332.5304,332.5304,6384.5836,0.02154355,1463.1337,1340.2688,5187.4742,5310.3391,0.01750413,0.01791872,0.00089765,16.2655,14.6936,0.3653,59.3804,1.1678,2646.0457,162.5536,12.4780,16.8648,9.0895,16.5695,22.0926,29.825,33.4482,44.5976,11.8163,0.0,2.018664,2.691552,0.981654,30,240,141,4,0.10479828,0.02244119,0.04150452,0E-8,0.000000,0.902668,0.011910,-0.02129501,2026-03-22,2026-08-05,112,5695,2177,137,0.817518,0.739886,0.767145,0.349328,,,,,,,,GLOBAL_BASELINE_NO_ENTITY_RANKING,,,NOT_APPLICABLE_GLOBAL_BASELINE,HF9g-P5,,,,X 全窗基线 · 不参与实体赏罚,14196577,1420,A168_HF9F_20260827_0900,2026-08-27 09:00:00
2026-07-01,110249610,2209,0,133.6603039944,70.9725167904,70.9725167904,0.8333333,6,6,0.50665070000000000,0.506650700000,1.6005531159783741,1.6005531159783741,1.6005531159783741,0E-17,ELIGIBLE,R03b_20260811_FULL_v1,L1_ELIGIBILITY,v2026-08-11,2026-03-21..2026-08-06,baccarat_bet02_101_all_pairs_incl_sentinel,round_win = game_pnl > 0 (decisive only),COMPATIBILITY_ONLY_NOT_PRODUCTION,296357.1217,267511.9505,6650.6079,18220,18206,-0.02244119,-0.04150452,-0.02020951,-0.02244119,-6650.6079,296357.1217,OK,0.0000,266.0243,4.0000,96.0000,AG03-UNRESOLVED,ALL5_LEVELS_bet23_to_bet27,266.0243,266.0243,266.0243,332.5304,332.5304,4.000000,4.000000,4.000000,5.000000,5.000000,96.000000,96.000000,96.000000,95.000000,95.000000,5.0,1463.1337,1340.2688,5187.4742,5310.3391,PENDING_AG03,FALSE,NOT_FOR_ENFORCEMENT,6384.5836,256811.4724,6650.6079,6384.5836,266.0243,0.02244119,0.02154355,266.0243,6384.5836,0.02154355,266.0243,266.0243,266.0243,332.5304,332.5304,6384.5836,0.02154355,1463.1337,1340.2688,5187.4742,5310.3391,0.01750413,0.01791872,0.00089765,16.2655,14.6936,0.3653,59.3804,1.1678,2646.0457,162.5536,12.4780,16.8648,9.0895,16.5695,22.0926,29.825,33.4482,44.5976,11.8163,0.0,2.018664,2.691552,0.981654,30,240,141,4,0.10479828,0.02244119,0.04150452,0E-8,0.000000,0.902668,0.011910,-0.02129501,2026-03-22,2026-08-05,112,5695,2177,137,0.817518,0.739886,0.767145,0.349328,,,,,,,,GLOBAL_BASELINE_NO_ENTITY_RANKING,,,NOT_APPLICABLE_GLOBAL_BASELINE,HF9g-P5,,,,X 全窗基线 · 不参与实体赏罚,14196578,1420,A168_HF9F_20260827_0900,2026-08-27 09:00:00
2026-07-01,110249610,2246,0,93.8936019796,-49.7083775186,-49.7083775186,0.2500000,4,4,0.49324550000000000,0.493245500000,-0.9730707933947887,-0.9730707933947887,-0.9730707933947887,0E-17,ELIGIBLE,R03b_20260811_FULL_v1,L1_ELIGIBILITY,v2026-08-11,2026-03-21..2026-08-06,baccarat_bet02_101_all_pairs_incl_sentinel,round_win = game_pnl > 0 (decisive only),COMPATIBILITY_ONLY_NOT_PRODUCTION,296357.1217,267511.9505,6650.6079,18220,18206,-0.02244119,-0.04150452,-0.02020951,-0.02244119,-6650.6079,296357.1217,OK,0.0000,266.0243,4.0000,96.0000,AG03-UNRESOLVED,ALL5_LEVELS_bet23_to_bet27,266.0243,266.0243,266.0243,332.5304,332.5304,4.000000,4.000000,4.000000,5.000000,5.000000,96.000000,96.000000,96.000000,95.000000,95.000000,5.0,1463.1337,1340.2688,5187.4742,5310.3391,PENDING_AG03,FALSE,NOT_FOR_ENFORCEMENT,6384.5836,256811.4724,6650.6079,6384.5836,266.0243,0.02244119,0.02154355,266.0243,6384.5836,0.02154355,266.0243,266.0243,266.0243,332.5304,332.5304,6384.5836,0.02154355,1463.1337,1340.2688,5187.4742,5310.3391,0.01750413,0.01791872,0.00089765,16.2655,14.6936,0.3653,59.3804,1.1678,2646.0457,162.5536,12.4780,16.8648,9.0895,16.5695,22.0926,29.825,33.4482,44.5976,11.8163,0.0,2.018664,2.691552,0.981654,30,240,141,4,0.10479828,0.02244119,0.04150452,0E-8,0.000000,0.902668,0.011910,-0.02129501,2026-03-22,2026-08-05,112,5695,2177,137,0.817518,0.739886,0.767145,0.349328,,,,,,,,GLOBAL_BASELINE_NO_ENTITY_RANKING,,,NOT_APPLICABLE_GLOBAL_BASELINE,HF9g-P5,,,,X 全窗基线 · 不参与实体赏罚,14196579,1420,A168_HF9F_20260827_0900,2026-08-27 09:00:00
2026-07-01,110249610,2261,0,16.5694591729,-16.5694591729,-16.5694591729,0E-7,1,1,0.49324550000000000,0.493245500000,-0.9865810262130424,-0.9865810262130424,-0.9865810262130424,0E-17,ELIGIBLE,R03b_20260811_FULL_v1,L1_ELIGIBILITY,v2026-08-11,2026-03-21..2026-08-06,baccarat_bet02_101_all_pairs_incl_sentinel,round_win = game_pnl > 0 (decisive only),COMPATIBILITY_ONLY_NOT_PRODUCTION,296357.1217,267511.9505,6650.6079,18220,18206,-0.02244119,-0.04150452,-0.02020951,-0.02244119,-6650.6079,296357.1217,OK,0.0000,266.0243,4.0000,96.0000,AG03-UNRESOLVED,ALL5_LEVELS_bet23_to_bet27,266.0243,266.0243,266.0243,332.5304,332.5304,4.000000,4.000000,4.000000,5.000000,5.000000,96.000000,96.000000,96.000000,95.000000,95.000000,5.0,1463.1337,1340.2688,5187.4742,5310.3391,PENDING_AG03,FALSE,NOT_FOR_ENFORCEMENT,6384.5836,256811.4724,6650.6079,6384.5836,266.0243,0.02244119,0.02154355,266.0243,6384.5836,0.02154355,266.0243,266.0243,266.0243,332.5304,332.5304,6384.5836,0.02154355,1463.1337,1340.2688,5187.4742,5310.3391,0.01750413,0.01791872,0.00089765,16.2655,14.6936,0.3653,59.3804,1.1678,2646.0457,162.5536,12.4780,16.8648,9.0895,16.5695,22.0926,29.825,33.4482,44.5976,11.8163,0.0,2.018664,2.691552,0.981654,30,240,141,4,0.10479828,0.02244119,0.04150452,0E-8,0.000000,0.902668,0.011910,-0.02129501,2026-03-22,2026-08-05,112,5695,2177,137,0.817518,0.739886,0.767145,0.349328,,,,,,,,GLOBAL_BASELINE_NO_ENTITY_RANKING,,,NOT_APPLICABLE_GLOBAL_BASELINE,HF9g-P5,,,,X 全窗基线 · 不参与实体赏罚,14196580,1420,A168_HF9F_20260827_0900,2026-08-27 09:00:00
2026-07-01,110249610,789,0,16.5694591729,-16.5694591729,-16.5694591729,0E-7,1,1,0.50665070000000000,0.506650700000,-1.013391052207602,-1.013391052207602,-1.013391052207602,0E-17,ELIGIBLE,R03b_20260811_FULL_v1,L1_ELIGIBILITY,v2026-08-11,2026-03-21..2026-08-06,baccarat_bet02_101_all_pairs_incl_sentinel,round_win = game_pnl > 0 (decisive only),COMPATIBILITY_ONLY_NOT_PRODUCTION,296357.1217,267511.9505,6650.6079,18220,18206,-0.02244119,-0.04150452,-0.02020951,-0.02244119,-6650.6079,296357.1217,OK,0.0000,266.0243,4.0000,96.0000,AG03-UNRESOLVED,ALL5_LEVELS_bet23_to_bet27,266.0243,266.0243,266.0243,332.5304,332.5304,4.000000,4.000000,4.000000,5.000000,5.000000,96.000000,96.000000,96.000000,95.000000,95.000000,5.0,1463.1337,1340.2688,5187.4742,5310.3391,PENDING_AG03,FALSE,NOT_FOR_ENFORCEMENT,6384.5836,256811.4724,6650.6079,6384.5836,266.0243,0.02244119,0.02154355,266.0243,6384.5836,0.02154355,266.0243,266.0243,266.0243,332.5304,332.5304,6384.5836,0.02154355,1463.1337,1340.2688,5187.4742,5310.3391,0.01750413,0.01791872,0.00089765,16.2655,14.6936,0.3653,59.3804,1.1678,2646.0457,162.5536,12.4780,16.8648,9.0895,16.5695,22.0926,29.825,33.4482,44.5976,11.8163,0.0,2.018664,2.691552,0.981654,30,240,141,4,0.10479828,0.02244119,0.04150452,0E-8,0.000000,0.902668,0.011910,-0.02129501,2026-03-22,2026-08-05,112,5695,2177,137,0.817518,0.739886,0.767145,0.349328,,,,,,,,GLOBAL_BASELINE_NO_ENTITY_RANKING,,,NOT_APPLICABLE_GLOBAL_BASELINE,HF9g-P5,,,,X 全窗基线 · 不参与实体赏罚,14196581,1420,A168_HF9F_20260827_0900,2026-08-27 09:00:00
2026-07-02,110249610,-1,1,55.2315305762,-55.2315305762,-55.2315305762,0E-7,4,4,0.49994810000000000,0.499948100000,-1.9997924107733216,-1.9997924107733216,-1.9997924107733216,0E-17,SENTINEL_DEALER,R03b_20260811_FULL_v1,L1_ELIGIBILITY,v2026-08-11,2026-03-21..2026-08-06,baccarat_bet02_101_all_pairs_incl_sentinel,round_win = game_pnl > 0 (decisive only),COMPATIBILITY_ONLY_NOT_PRODUCTION,296357.1217,267511.9505,6650.6079,18220,18206,-0.02244119,-0.04150452,-0.02020951,-0.02244119,-6650.6079,296357.1217,OK,0.0000,266.0243,4.0000,96.0000,AG03-UNRESOLVED,ALL5_LEVELS_bet23_to_bet27,266.0243,266.0243,266.0243,332.5304,332.5304,4.000000,4.000000,4.000000,5.000000,5.000000,96.000000,96.000000,96.000000,95.000000,95.000000,5.0,1463.1337,1340.2688,5187.4742,5310.3391,PENDING_AG03,FALSE,NOT_FOR_ENFORCEMENT,6384.5836,256811.4724,6650.6079,6384.5836,266.0243,0.02244119,0.02154355,266.0243,6384.5836,0.02154355,266.0243,266.0243,266.0243,332.5304,332.5304,6384.5836,0.02154355,1463.1337,1340.2688,5187.4742,5310.3391,0.01750413,0.01791872,0.00089765,16.2655,14.6936,0.3653,59.3804,1.1678,2646.0457,162.5536,12.4780,16.8648,9.0895,16.5695,22.0926,29.825,33.4482,44.5976,11.8163,0.0,2.018664,2.691552,0.981654,30,240,141,4,0.10479828,0.02244119,0.04150452,0E-8,0.000000,0.902668,0.011910,-0.02129501,2026-03-22,2026-08-05,112,5695,2177,137,0.817518,0.739886,0.767145,0.349328,,,,,,,,GLOBAL_BASELINE_NO_ENTITY_RANKING,,,NOT_APPLICABLE_GLOBAL_BASELINE,HF9g-P5,,,,X 全窗基线 · 不参与实体赏罚,14196582,1420,A168_HF9F_20260827_0900,2026-08-27 09:00:00
2026-07-02,110249610,2073,0,11.0463061152,-11.0463061152,-11.0463061152,0E-7,1,1,0.49324550000000000,0.493245500000,-0.9865810262130424,-0.9865810262130424,-0.9865810262130424,0E-17,ELIGIBLE,R03b_20260811_FULL_v1,L1_ELIGIBILITY,v2026-08-11,2026-03-21..2026-08-06,baccarat_bet02_101_all_pairs_incl_sentinel,round_win = game_pnl > 0 (decisive only),COMPATIBILITY_ONLY_NOT_PRODUCTION,296357.1217,267511.9505,6650.6079,18220,18206,-0.02244119,-0.04150452,-0.02020951,-0.02244119,-6650.6079,296357.1217,OK,0.0000,266.0243,4.0000,96.0000,AG03-UNRESOLVED,ALL5_LEVELS_bet23_to_bet27,266.0243,266.0243,266.0243,332.5304,332.5304,4.000000,4.000000,4.000000,5.000000,5.000000,96.000000,96.000000,96.000000,95.000000,95.000000,5.0,1463.1337,1340.2688,5187.4742,5310.3391,PENDING_AG03,FALSE,NOT_FOR_ENFORCEMENT,6384.5836,256811.4724,6650.6079,6384.5836,266.0243,0.02244119,0.02154355,266.0243,6384.5836,0.02154355,266.0243,266.0243,266.0243,332.5304,332.5304,6384.5836,0.02154355,1463.1337,1340.2688,5187.4742,5310.3391,0.01750413,0.01791872,0.00089765,16.2655,14.6936,0.3653,59.3804,1.1678,2646.0457,162.5536,12.4780,16.8648,9.0895,16.5695,22.0926,29.825,33.4482,44.5976,11.8163,0.0,2.018664,2.691552,0.981654,30,240,141,4,0.10479828,0.02244119,0.04150452,0E-8,0.000000,0.902668,0.011910,-0.02129501,2026-03-22,2026-08-05,112,5695,2177,137,0.817518,0.739886,0.767145,0.349328,,,,,,,,GLOBAL_BASELINE_NO_ENTITY_RANKING,,,NOT_APPLICABLE_GLOBAL_BASELINE,HF9g-P5,,,,X 全窗基线 · 不参与实体赏罚,14196583,1420,A168_HF9F_20260827_0900,2026-08-27 09:00:00
2026-07-02,110249610,2177,0,121.9512195123,-0.4418522445,-0.4418522445,0.5714286,7,7,0.49324550000000000,0.493245500000,0.4137436818725812,0.41374368187258126,0.4137436818725812,0E-17,ELIGIBLE,R03b_20260811_FULL_v1,L1_ELIGIBILITY,v2026-08-11,2026-03-21..2026-08-06,baccarat_bet02_101_all_pairs_incl_sentinel,round_win = game_pnl > 0 (decisive only),COMPATIBILITY_ONLY_NOT_PRODUCTION,296357.1217,267511.9505,6650.6079,18220,18206,-0.02244119,-0.04150452,-0.02020951,-0.02244119,-6650.6079,296357.1217,OK,0.0000,266.0243,4.0000,96.0000,AG03-UNRESOLVED,ALL5_LEVELS_bet23_to_bet27,266.0243,266.0243,266.0243,332.5304,332.5304,4.000000,4.000000,4.000000,5.000000,5.000000,96.000000,96.000000,96.000000,95.000000,95.000000,5.0,1463.1337,1340.2688,5187.4742,5310.3391,PENDING_AG03,FALSE,NOT_FOR_ENFORCEMENT,6384.5836,256811.4724,6650.6079,6384.5836,266.0243,0.02244119,0.02154355,266.0243,6384.5836,0.02154355,266.0243,266.0243,266.0243,332.5304,332.5304,6384.5836,0.02154355,1463.1337,1340.2688,5187.4742,5310.3391,0.01750413,0.01791872,0.00089765,16.2655,14.6936,0.3653,59.3804,1.1678,2646.0457,162.5536,12.4780,16.8648,9.0895,16.5695,22.0926,29.825,33.4482,44.5976,11.8163,0.0,2.018664,2.691552,0.981654,30,240,141,4,0.10479828,0.02244119,0.04150452,0E-8,0.000000,0.902668,0.011910,-0.02129501,2026-03-22,2026-08-05,112,5695,2177,137,0.817518,0.739886,0.767145,0.349328,,,,,,,,GLOBAL_BASELINE_NO_ENTITY_RANKING,,,NOT_APPLICABLE_GLOBAL_BASELINE,HF9g-P5,,,,X 全窗基线 · 不参与实体赏罚,14196584,1420,A168_HF9F_20260827_0900,2026-08-27 09:00:00
2026-07-02,110249610,2222,0,28.7203958996,-6.6277836692,-6.6277836692,0.5000000,2,2,0.49324550000000000,0.493245500000,0.01910635448239258,0.01910635448239258,0.01910635448239258,0E-17,ELIGIBLE,R03b_20260811_FULL_v1,L1_ELIGIBILITY,v2026-08-11,2026-03-21..2026-08-06,baccarat_bet02_101_all_pairs_incl_sentinel,round_win = game_pnl > 0 (decisive only),COMPATIBILITY_ONLY_NOT_PRODUCTION,296357.1217,267511.9505,6650.6079,18220,18206,-0.02244119,-0.04150452,-0.02020951,-0.02244119,-6650.6079,296357.1217,OK,0.0000,266.0243,4.0000,96.0000,AG03-UNRESOLVED,ALL5_LEVELS_bet23_to_bet27,266.0243,266.0243,266.0243,332.5304,332.5304,4.000000,4.000000,4.000000,5.000000,5.000000,96.000000,96.000000,96.000000,95.000000,95.000000,5.0,1463.1337,1340.2688,5187.4742,5310.3391,PENDING_AG03,FALSE,NOT_FOR_ENFORCEMENT,6384.5836,256811.4724,6650.6079,6384.5836,266.0243,0.02244119,0.02154355,266.0243,6384.5836,0.02154355,266.0243,266.0243,266.0243,332.5304,332.5304,6384.5836,0.02154355,1463.1337,1340.2688,5187.4742,5310.3391,0.01750413,0.01791872,0.00089765,16.2655,14.6936,0.3653,59.3804,1.1678,2646.0457,162.5536,12.4780,16.8648,9.0895,16.5695,22.0926,29.825,33.4482,44.5976,11.8163,0.0,2.018664,2.691552,0.981654,30,240,141,4,0.10479828,0.02244119,0.04150452,0E-8,0.000000,0.902668,0.011910,-0.02129501,2026-03-22,2026-08-05,112,5695,2177,137,0.817518,0.739886,0.767145,0.349328,,,,,,,,GLOBAL_BASELINE_NO_ENTITY_RANKING,,,NOT_APPLICABLE_GLOBAL_BASELINE,HF9g-P5,,,,X 全窗基线 · 不参与实体赏罚,14196585,1420,A168_HF9F_20260827_0900,2026-08-27 09:00:00
2026-07-02,110249610,471,0,67.9347826087,30.3773418169,30.3773418169,0.7500000,4,4,0.49324550000000000,0.493245500000,1.0271117246678039,1.0271117246678039,1.0271117246678039,0E-17,ELIGIBLE,R03b_20260811_FULL_v1,L1_ELIGIBILITY,v2026-08-11,2026-03-21..2026-08-06,baccarat_bet02_101_all_pairs_incl_sentinel,round_win = game_pnl > 0 (decisive only),COMPATIBILITY_ONLY_NOT_PRODUCTION,296357.1217,267511.9505,6650.6079,18220,18206,-0.02244119,-0.04150452,-0.02020951,-0.02244119,-6650.6079,296357.1217,OK,0.0000,266.0243,4.0000,96.0000,AG03-UNRESOLVED,ALL5_LEVELS_bet23_to_bet27,266.0243,266.0243,266.0243,332.5304,332.5304,4.000000,4.000000,4.000000,5.000000,5.000000,96.000000,96.000000,96.000000,95.000000,95.000000,5.0,1463.1337,1340.2688,5187.4742,5310.3391,PENDING_AG03,FALSE,NOT_FOR_ENFORCEMENT,6384.5836,256811.4724,6650.6079,6384.5836,266.0243,0.02244119,0.02154355,266.0243,6384.5836,0.02154355,266.0243,266.0243,266.0243,332.5304,332.5304,6384.5836,0.02154355,1463.1337,1340.2688,5187.4742,5310.3391,0.01750413,0.01791872,0.00089765,16.2655,14.6936,0.3653,59.3804,1.1678,2646.0457,162.5536,12.4780,16.8648,9.0895,16.5695,22.0926,29.825,33.4482,44.5976,11.8163,0.0,2.018664,2.691552,0.981654,30,240,141,4,0.10479828,0.02244119,0.04150452,0E-8,0.000000,0.902668,0.011910,-0.02129501,2026-03-22,2026-08-05,112,5695,2177,137,0.817518,0.739886,0.767145,0.349328,,,,,,,,GLOBAL_BASELINE_NO_ENTITY_RANKING,,,NOT_APPLICABLE_GLOBAL_BASELINE,HF9g-P5,,,,X 全窗基线 · 不参与实体赏罚,14196586,1420,A168_HF9F_20260827_0900,2026-08-27 09:00:00
2026-07-02,110249610,595,0,16.5694591729,-16.5694591729,-16.5694591729,0E-7,1,1,0.50665070000000000,0.506650700000,-1.013391052207602,-1.013391052207602,-1.013391052207602,0E-17,ELIGIBLE,R03b_20260811_FULL_v1,L1_ELIGIBILITY,v2026-08-11,2026-03-21..2026-08-06,baccarat_bet02_101_all_pairs_incl_sentinel,round_win = game_pnl > 0 (decisive only),COMPATIBILITY_ONLY_NOT_PRODUCTION,296357.1217,267511.9505,6650.6079,18220,18206,-0.02244119,-0.04150452,-0.02020951,-0.02244119,-6650.6079,296357.1217,OK,0.0000,266.0243,4.0000,96.0000,AG03-UNRESOLVED,ALL5_LEVELS_bet23_to_bet27,266.0243,266.0243,266.0243,332.5304,332.5304,4.000000,4.000000,4.000000,5.000000,5.000000,96.000000,96.000000,96.000000,95.000000,95.000000,5.0,1463.1337,1340.2688,5187.4742,5310.3391,PENDING_AG03,FALSE,NOT_FOR_ENFORCEMENT,6384.5836,256811.4724,6650.6079,6384.5836,266.0243,0.02244119,0.02154355,266.0243,6384.5836,0.02154355,266.0243,266.0243,266.0243,332.5304,332.5304,6384.5836,0.02154355,1463.1337,1340.2688,5187.4742,5310.3391,0.01750413,0.01791872,0.00089765,16.2655,14.6936,0.3653,59.3804,1.1678,2646.0457,162.5536,12.4780,16.8648,9.0895,16.5695,22.0926,29.825,33.4482,44.5976,11.8163,0.0,2.018664,2.691552,0.981654,30,240,141,4,0.10479828,0.02244119,0.04150452,0E-8,0.000000,0.902668,0.011910,-0.02129501,2026-03-22,2026-08-05,112,5695,2177,137,0.817518,0.739886,0.767145,0.349328,,,,,,,,GLOBAL_BASELINE_NO_ENTITY_RANKING,,,NOT_APPLICABLE_GLOBAL_BASELINE,HF9g-P5,,,,X 全窗基线 · 不参与实体赏罚,14196587,1420,A168_HF9F_20260827_0900,2026-08-27 09:00:00
2026-07-03,110249610,-1,1,499.2930364091,78.2630788266,78.2630788266,0.6000000,23,23,0.49732534347826087,0.497325343478,0.9183631858403778,0.9183631858427138,0.9183631858403778,2.6087E-13,SENTINEL_DEALER,R03b_20260811_FULL_v1,L1_ELIGIBILITY,v2026-08-11,2026-03-21..2026-08-06,baccarat_bet02_101_all_pairs_incl_sentinel,round_win = game_pnl > 0 (decisive only),COMPATIBILITY_ONLY_NOT_PRODUCTION,296357.1217,267511.9505,6650.6079,18220,18206,-0.02244119,-0.04150452,-0.02020951,-0.02244119,-6650.6079,296357.1217,OK,0.0000,266.0243,4.0000,96.0000,AG03-UNRESOLVED,ALL5_LEVELS_bet23_to_bet27,266.0243,266.0243,266.0243,332.5304,332.5304,4.000000,4.000000,4.000000,5.000000,5.000000,96.000000,96.000000,96.000000,95.000000,95.000000,5.0,1463.1337,1340.2688,5187.4742,5310.3391,PENDING_AG03,FALSE,NOT_FOR_ENFORCEMENT,6384.5836,256811.4724,6650.6079,6384.5836,266.0243,0.02244119,0.02154355,266.0243,6384.5836,0.02154355,266.0243,266.0243,266.0243,332.5304,332.5304,6384.5836,0.02154355,1463.1337,1340.2688,5187.4742,5310.3391,0.01750413,0.01791872,0.00089765,16.2655,14.6936,0.3653,59.3804,1.1678,2646.0457,162.5536,12.4780,16.8648,9.0895,16.5695,22.0926,29.825,33.4482,44.5976,11.8163,0.0,2.018664,2.691552,0.981654,30,240,141,4,0.10479828,0.02244119,0.04150452,0E-8,0.000000,0.902668,0.011910,-0.02129501,2026-03-22,2026-08-05,112,5695,2177,137,0.817518,0.739886,0.767145,0.349328,,,,,,,,GLOBAL_BASELINE_NO_ENTITY_RANKING,,,NOT_APPLICABLE_GLOBAL_BASELINE,HF9g-P5,,,,X 全窗基线 · 不参与实体赏罚,14196588,1420,A168_HF9F_20260827_0900,2026-08-27 09:00:00
2026-07-03,110249610,1115,0,66.2778366915,-22.0926122305,-22.0926122305,0.3333333,3,3,0.49324550000000000,0.493245500000,-0.5540025479526107,-0.5540025479526106,-0.5540025479526107,0E-17,ELIGIBLE,R03b_20260811_FULL_v1,L1_ELIGIBILITY,v2026-08-11,2026-03-21..2026-08-06,baccarat_bet02_101_all_pairs_incl_sentinel,round_win = game_pnl > 0 (decisive only),COMPATIBILITY_ONLY_NOT_PRODUCTION,296357.1217,267511.9505,6650.6079,18220,18206,-0.02244119,-0.04150452,-0.02020951,-0.02244119,-6650.6079,296357.1217,OK,0.0000,266.0243,4.0000,96.0000,AG03-UNRESOLVED,ALL5_LEVELS_bet23_to_bet27,266.0243,266.0243,266.0243,332.5304,332.5304,4.000000,4.000000,4.000000,5.000000,5.000000,96.000000,96.000000,96.000000,95.000000,95.000000,5.0,1463.1337,1340.2688,5187.4742,5310.3391,PENDING_AG03,FALSE,NOT_FOR_ENFORCEMENT,6384.5836,256811.4724,6650.6079,6384.5836,266.0243,0.02244119,0.02154355,266.0243,6384.5836,0.02154355,266.0243,266.0243,266.0243,332.5304,332.5304,6384.5836,0.02154355,1463.1337,1340.2688,5187.4742,5310.3391,0.01750413,0.01791872,0.00089765,16.2655,14.6936,0.3653,59.3804,1.1678,2646.0457,162.5536,12.4780,16.8648,9.0895,16.5695,22.0926,29.825,33.4482,44.5976,11.8163,0.0,2.018664,2.691552,0.981654,30,240,141,4,0.10479828,0.02244119,0.04150452,0E-8,0.000000,0.902668,0.011910,-0.02129501,2026-03-22,2026-08-05,112,5695,2177,137,0.817518,0.739886,0.767145,0.349328,,,,,,,,GLOBAL_BASELINE_NO_ENTITY_RANKING,,,NOT_APPLICABLE_GLOBAL_BASELINE,HF9g-P5,,,,X 全窗基线 · 不参与实体赏罚,14196589,1420,A168_HF9F_20260827_0900,2026-08-27 09:00:00
2026-07-03,110249610,1151,0,22.0926122305,-22.0926122305,-22.0926122305,0E-7,1,1,0.49324550000000000,0.493245500000,-0.9865810262130424,-0.9865810262130424,-0.9865810262130424,0E-17,ELIGIBLE,R03b_20260811_FULL_v1,L1_ELIGIBILITY,v2026-08-11,2026-03-21..2026-08-06,baccarat_bet02_101_all_pairs_incl_sentinel,round_win = game_pnl > 0 (decisive only),COMPATIBILITY_ONLY_NOT_PRODUCTION,296357.1217,267511.9505,6650.6079,18220,18206,-0.02244119,-0.04150452,-0.02020951,-0.02244119,-6650.6079,296357.1217,OK,0.0000,266.0243,4.0000,96.0000,AG03-UNRESOLVED,ALL5_LEVELS_bet23_to_bet27,266.0243,266.0243,266.0243,332.5304,332.5304,4.000000,4.000000,4.000000,5.000000,5.000000,96.000000,96.000000,96.000000,95.000000,95.000000,5.0,1463.1337,1340.2688,5187.4742,5310.3391,PENDING_AG03,FALSE,NOT_FOR_ENFORCEMENT,6384.5836,256811.4724,6650.6079,6384.5836,266.0243,0.02244119,0.02154355,266.0243,6384.5836,0.02154355,266.0243,266.0243,266.0243,332.5304,332.5304,6384.5836,0.02154355,1463.1337,1340.2688,5187.4742,5310.3391,0.01750413,0.01791872,0.00089765,16.2655,14.6936,0.3653,59.3804,1.1678,2646.0457,162.5536,12.4780,16.8648,9.0895,16.5695,22.0926,29.825,33.4482,44.5976,11.8163,0.0,2.018664,2.691552,0.981654,30,240,141,4,0.10479828,0.02244119,0.04150452,0E-8,0.000000,0.902668,0.011910,-0.02129501,2026-03-22,2026-08-05,112,5695,2177,137,0.817518,0.739886,0.767145,0.349328,,,,,,,,GLOBAL_BASELINE_NO_ENTITY_RANKING,,,NOT_APPLICABLE_GLOBAL_BASELINE,HF9g-P5,,,,X 全窗基线 · 不参与实体赏罚,14196590,1420,A168_HF9F_20260827_0900,2026-08-27 09:00:00
2026-07-03,110249610,1325,0,33.1389183458,-33.1389183458,-33.1389183458,0E-7,2,2,0.49324550000000000,0.493245500000,-1.3952362676504506,-1.3952362676504506,-1.3952362676504506,0E-17,ELIGIBLE,R03b_20260811_FULL_v1,L1_ELIGIBILITY,v2026-08-11,2026-03-21..2026-08-06,baccarat_bet02_101_all_pairs_incl_sentinel,round_win = game_pnl > 0 (decisive only),COMPATIBILITY_ONLY_NOT_PRODUCTION,296357.1217,267511.9505,6650.6079,18220,18206,-0.02244119,-0.04150452,-0.02020951,-0.02244119,-6650.6079,296357.1217,OK,0.0000,266.0243,4.0000,96.0000,AG03-UNRESOLVED,ALL5_LEVELS_bet23_to_bet27,266.0243,266.0243,266.0243,332.5304,332.5304,4.000000,4.000000,4.000000,5.000000,5.000000,96.000000,96.000000,96.000000,95.000000,95.000000,5.0,1463.1337,1340.2688,5187.4742,5310.3391,PENDING_AG03,FALSE,NOT_FOR_ENFORCEMENT,6384.5836,256811.4724,6650.6079,6384.5836,266.0243,0.02244119,0.02154355,266.0243,6384.5836,0.02154355,266.0243,266.0243,266.0243,332.5304,332.5304,6384.5836,0.02154355,1463.1337,1340.2688,5187.4742,5310.3391,0.01750413,0.01791872,0.00089765,16.2655,14.6936,0.3653,59.3804,1.1678,2646.0457,162.5536,12.4780,16.8648,9.0895,16.5695,22.0926,29.825,33.4482,44.5976,11.8163,0.0,2.018664,2.691552,0.981654,30,240,141,4,0.10479828,0.02244119,0.04150452,0E-8,0.000000,0.902668,0.011910,-0.02129501,2026-03-22,2026-08-05,112,5695,2177,137,0.817518,0.739886,0.767145,0.349328,,,,,,,,GLOBAL_BASELINE_NO_ENTITY_RANKING,,,NOT_APPLICABLE_GLOBAL_BASELINE,HF9g-P5,,,,X 全窗基线 · 不参与实体赏罚,14196591,1420,A168_HF9F_20260827_0900,2026-08-27 09:00:00
2026-07-03,110249610,1330,0,27.6157652881,-27.6157652881,-27.6157652881,0E-7,1,1,0.50665070000000000,0.506650700000,-1.013391052207602,-1.013391052207602,-1.013391052207602,0E-17,ELIGIBLE,R03b_20260811_FULL_v1,L1_ELIGIBILITY,v2026-08-11,2026-03-21..2026-08-06,baccarat_bet02_101_all_pairs_incl_sentinel,round_win = game_pnl > 0 (decisive only),COMPATIBILITY_ONLY_NOT_PRODUCTION,296357.1217,267511.9505,6650.6079,18220,18206,-0.02244119,-0.04150452,-0.02020951,-0.02244119,-6650.6079,296357.1217,OK,0.0000,266.0243,4.0000,96.0000,AG03-UNRESOLVED,ALL5_LEVELS_bet23_to_bet27,266.0243,266.0243,266.0243,332.5304,332.5304,4.000000,4.000000,4.000000,5.000000,5.000000,96.000000,96.000000,96.000000,95.000000,95.000000,5.0,1463.1337,1340.2688,5187.4742,5310.3391,PENDING_AG03,FALSE,NOT_FOR_ENFORCEMENT,6384.5836,256811.4724,6650.6079,6384.5836,266.0243,0.02244119,0.02154355,266.0243,6384.5836,0.02154355,266.0243,266.0243,266.0243,332.5304,332.5304,6384.5836,0.02154355,1463.1337,1340.2688,5187.4742,5310.3391,0.01750413,0.01791872,0.00089765,16.2655,14.6936,0.3653,59.3804,1.1678,2646.0457,162.5536,12.4780,16.8648,9.0895,16.5695,22.0926,29.825,33.4482,44.5976,11.8163,0.0,2.018664,2.691552,0.981654,30,240,141,4,0.10479828,0.02244119,0.04150452,0E-8,0.000000,0.902668,0.011910,-0.02129501,2026-03-22,2026-08-05,112,5695,2177,137,0.817518,0.739886,0.767145,0.349328,,,,,,,,GLOBAL_BASELINE_NO_ENTITY_RANKING,,,NOT_APPLICABLE_GLOBAL_BASELINE,HF9g-P5,,,,X 全窗基线 · 不参与实体赏罚,14196592,1420,A168_HF9F_20260827_0900,2026-08-27 09:00:00
2026-07-03,110249610,1383,0,49.7083775186,5.5231530576,5.5231530576,0.5000000,2,2,0.49324550000000000,0.493245500000,0.01910635448239258,0.01910635448239258,0.01910635448239258,0E-17,ELIGIBLE,R03b_20260811_FULL_v1,L1_ELIGIBILITY,v2026-08-11,2026-03-21..2026-08-06,baccarat_bet02_101_all_pairs_incl_sentinel,round_win = game_pnl > 0 (decisive only),COMPATIBILITY_ONLY_NOT_PRODUCTION,296357.1217,267511.9505,6650.6079,18220,18206,-0.02244119,-0.04150452,-0.02020951,-0.02244119,-6650.6079,296357.1217,OK,0.0000,266.0243,4.0000,96.0000,AG03-UNRESOLVED,ALL5_LEVELS_bet23_to_bet27,266.0243,266.0243,266.0243,332.5304,332.5304,4.000000,4.000000,4.000000,5.000000,5.000000,96.000000,96.000000,96.000000,95.000000,95.000000,5.0,1463.1337,1340.2688,5187.4742,5310.3391,PENDING_AG03,FALSE,NOT_FOR_ENFORCEMENT,6384.5836,256811.4724,6650.6079,6384.5836,266.0243,0.02244119,0.02154355,266.0243,6384.5836,0.02154355,266.0243,266.0243,266.0243,332.5304,332.5304,6384.5836,0.02154355,1463.1337,1340.2688,5187.4742,5310.3391,0.01750413,0.01791872,0.00089765,16.2655,14.6936,0.3653,59.3804,1.1678,2646.0457,162.5536,12.4780,16.8648,9.0895,16.5695,22.0926,29.825,33.4482,44.5976,11.8163,0.0,2.018664,2.691552,0.981654,30,240,141,4,0.10479828,0.02244119,0.04150452,0E-8,0.000000,0.902668,0.011910,-0.02129501,2026-03-22,2026-08-05,112,5695,2177,137,0.817518,0.739886,0.767145,0.349328,,,,,,,,GLOBAL_BASELINE_NO_ENTITY_RANKING,,,NOT_APPLICABLE_GLOBAL_BASELINE,HF9g-P5,,,,X 全窗基线 · 不参与实体赏罚,14196593,1420,A168_HF9F_20260827_0900,2026-08-27 09:00:00
2026-07-03,110249610,1384,0,16.5694591729,0E-10,0E-10,,1,1,0.50665070000000000,0.506650700000,,,,0E-17,NO_DECISIVE_ROUND,R03b_20260811_FULL_v1,L1_ELIGIBILITY,v2026-08-11,2026-03-21..2026-08-06,baccarat_bet02_101_all_pairs_incl_sentinel,round_win = game_pnl > 0 (decisive only),COMPATIBILITY_ONLY_NOT_PRODUCTION,296357.1217,267511.9505,6650.6079,18220,18206,-0.02244119,-0.04150452,-0.02020951,-0.02244119,-6650.6079,296357.1217,OK,0.0000,266.0243,4.0000,96.0000,AG03-UNRESOLVED,ALL5_LEVELS_bet23_to_bet27,266.0243,266.0243,266.0243,332.5304,332.5304,4.000000,4.000000,4.000000,5.000000,5.000000,96.000000,96.000000,96.000000,95.000000,95.000000,5.0,1463.1337,1340.2688,5187.4742,5310.3391,PENDING_AG03,FALSE,NOT_FOR_ENFORCEMENT,6384.5836,256811.4724,6650.6079,6384.5836,266.0243,0.02244119,0.02154355,266.0243,6384.5836,0.02154355,266.0243,266.0243,266.0243,332.5304,332.5304,6384.5836,0.02154355,1463.1337,1340.2688,5187.4742,5310.3391,0.01750413,0.01791872,0.00089765,16.2655,14.6936,0.3653,59.3804,1.1678,2646.0457,162.5536,12.4780,16.8648,9.0895,16.5695,22.0926,29.825,33.4482,44.5976,11.8163,0.0,2.018664,2.691552,0.981654,30,240,141,4,0.10479828,0.02244119,0.04150452,0E-8,0.000000,0.902668,0.011910,-0.02129501,2026-03-22,2026-08-05,112,5695,2177,137,0.817518,0.739886,0.767145,0.349328,,,,,,,,GLOBAL_BASELINE_NO_ENTITY_RANKING,,,NOT_APPLICABLE_GLOBAL_BASELINE,HF9g-P5,,,,X 全窗基线 · 不参与实体赏罚,14196594,1420,A168_HF9F_20260827_0900,2026-08-27 09:00:00
2026-07-03,110249610,1401,0,127.0325203252,-44.1852244609,-44.1852244609,0.3333333,4,4,0.49324550000000000,0.493245500000,-0.5540025479526107,-0.5540025479526106,-0.5540025479526107,0E-17,ELIGIBLE,R03b_20260811_FULL_v1,L1_ELIGIBILITY,v2026-08-11,2026-03-21..2026-08-06,baccarat_bet02_101_all_pairs_incl_sentinel,round_win = game_pnl > 0 (decisive only),COMPATIBILITY_ONLY_NOT_PRODUCTION,296357.1217,267511.9505,6650.6079,18220,18206,-0.02244119,-0.04150452,-0.02020951,-0.02244119,-6650.6079,296357.1217,OK,0.0000,266.0243,4.0000,96.0000,AG03-UNRESOLVED,ALL5_LEVELS_bet23_to_bet27,266.0243,266.0243,266.0243,332.5304,332.5304,4.000000,4.000000,4.000000,5.000000,5.000000,96.000000,96.000000,96.000000,95.000000,95.000000,5.0,1463.1337,1340.2688,5187.4742,5310.3391,PENDING_AG03,FALSE,NOT_FOR_ENFORCEMENT,6384.5836,256811.4724,6650.6079,6384.5836,266.0243,0.02244119,0.02154355,266.0243,6384.5836,0.02154355,266.0243,266.0243,266.0243,332.5304,332.5304,6384.5836,0.02154355,1463.1337,1340.2688,5187.4742,5310.3391,0.01750413,0.01791872,0.00089765,16.2655,14.6936,0.3653,59.3804,1.1678,2646.0457,162.5536,12.4780,16.8648,9.0895,16.5695,22.0926,29.825,33.4482,44.5976,11.8163,0.0,2.018664,2.691552,0.981654,30,240,141,4,0.10479828,0.02244119,0.04150452,0E-8,0.000000,0.902668,0.011910,-0.02129501,2026-03-22,2026-08-05,112,5695,2177,137,0.817518,0.739886,0.767145,0.349328,,,,,,,,GLOBAL_BASELINE_NO_ENTITY_RANKING,,,NOT_APPLICABLE_GLOBAL_BASELINE,HF9g-P5,,,,X 全窗基线 · 不参与实体赏罚,14196595,1420,A168_HF9F_20260827_0900,2026-08-27 09:00:00
2026-07-03,110249610,1702,0,27.6157652881,-27.6157652881,-27.6157652881,0E-7,1,1,0.50665070000000000,0.506650700000,-1.013391052207602,-1.013391052207602,-1.013391052207602,0E-17,ELIGIBLE,R03b_20260811_FULL_v1,L1_ELIGIBILITY,v2026-08-11,2026-03-21..2026-08-06,baccarat_bet02_101_all_pairs_incl_sentinel,round_win = game_pnl > 0 (decisive only),COMPATIBILITY_ONLY_NOT_PRODUCTION,296357.1217,267511.9505,6650.6079,18220,18206,-0.02244119,-0.04150452,-0.02020951,-0.02244119,-6650.6079,296357.1217,OK,0.0000,266.0243,4.0000,96.0000,AG03-UNRESOLVED,ALL5_LEVELS_bet23_to_bet27,266.0243,266.0243,266.0243,332.5304,332.5304,4.000000,4.000000,4.000000,5.000000,5.000000,96.000000,96.000000,96.000000,95.000000,95.000000,5.0,1463.1337,1340.2688,5187.4742,5310.3391,PENDING_AG03,FALSE,NOT_FOR_ENFORCEMENT,6384.5836,256811.4724,6650.6079,6384.5836,266.0243,0.02244119,0.02154355,266.0243,6384.5836,0.02154355,266.0243,266.0243,266.0243,332.5304,332.5304,6384.5836,0.02154355,1463.1337,1340.2688,5187.4742,5310.3391,0.01750413,0.01791872,0.00089765,16.2655,14.6936,0.3653,59.3804,1.1678,2646.0457,162.5536,12.4780,16.8648,9.0895,16.5695,22.0926,29.825,33.4482,44.5976,11.8163,0.0,2.018664,2.691552,0.981654,30,240,141,4,0.10479828,0.02244119,0.04150452,0E-8,0.000000,0.902668,0.011910,-0.02129501,2026-03-22,2026-08-05,112,5695,2177,137,0.817518,0.739886,0.767145,0.349328,,,,,,,,GLOBAL_BASELINE_NO_ENTITY_RANKING,,,NOT_APPLICABLE_GLOBAL_BASELINE,HF9g-P5,,,,X 全窗基线 · 不参与实体赏罚,14196596,1420,A168_HF9F_20260827_0900,2026-08-27 09:00:00
2026-07-03,110249610,1714,0,45.1793920113,-45.1793920113,-45.1793920113,0E-7,2,2,0.49324550000000000,0.493245500000,-1.3952362676504506,-1.3952362676504506,-1.3952362676504506,0E-17,ELIGIBLE,R03b_20260811_FULL_v1,L1_ELIGIBILITY,v2026-08-11,2026-03-21..2026-08-06,baccarat_bet02_101_all_pairs_incl_sentinel,round_win = game_pnl > 0 (decisive only),COMPATIBILITY_ONLY_NOT_PRODUCTION,296357.1217,267511.9505,6650.6079,18220,18206,-0.02244119,-0.04150452,-0.02020951,-0.02244119,-6650.6079,296357.1217,OK,0.0000,266.0243,4.0000,96.0000,AG03-UNRESOLVED,ALL5_LEVELS_bet23_to_bet27,266.0243,266.0243,266.0243,332.5304,332.5304,4.000000,4.000000,4.000000,5.000000,5.000000,96.000000,96.000000,96.000000,95.000000,95.000000,5.0,1463.1337,1340.2688,5187.4742,5310.3391,PENDING_AG03,FALSE,NOT_FOR_ENFORCEMENT,6384.5836,256811.4724,6650.6079,6384.5836,266.0243,0.02244119,0.02154355,266.0243,6384.5836,0.02154355,266.0243,266.0243,266.0243,332.5304,332.5304,6384.5836,0.02154355,1463.1337,1340.2688,5187.4742,5310.3391,0.01750413,0.01791872,0.00089765,16.2655,14.6936,0.3653,59.3804,1.1678,2646.0457,162.5536,12.4780,16.8648,9.0895,16.5695,22.0926,29.825,33.4482,44.5976,11.8163,0.0,2.018664,2.691552,0.981654,30,240,141,4,0.10479828,0.02244119,0.04150452,0E-8,0.000000,0.902668,0.011910,-0.02129501,2026-03-22,2026-08-05,112,5695,2177,137,0.817518,0.739886,0.767145,0.349328,,,,,,,,GLOBAL_BASELINE_NO_ENTITY_RANKING,,,NOT_APPLICABLE_GLOBAL_BASELINE,HF9g-P5,,,,X 全窗基线 · 不参与实体赏罚,14196597,1420,A168_HF9F_20260827_0900,2026-08-27 09:00:00
2026-07-03,110249610,1947,0,44.1852244610,-16.5694591729,-16.5694591729,0E-7,3,3,0.50665070000000000,0.506650700000,-1.013391052207602,-1.013391052207602,-1.013391052207602,0E-17,ELIGIBLE,R03b_20260811_FULL_v1,L1_ELIGIBILITY,v2026-08-11,2026-03-21..2026-08-06,baccarat_bet02_101_all_pairs_incl_sentinel,round_win = game_pnl > 0 (decisive only),COMPATIBILITY_ONLY_NOT_PRODUCTION,296357.1217,267511.9505,6650.6079,18220,18206,-0.02244119,-0.04150452,-0.02020951,-0.02244119,-6650.6079,296357.1217,OK,0.0000,266.0243,4.0000,96.0000,AG03-UNRESOLVED,ALL5_LEVELS_bet23_to_bet27,266.0243,266.0243,266.0243,332.5304,332.5304,4.000000,4.000000,4.000000,5.000000,5.000000,96.000000,96.000000,96.000000,95.000000,95.000000,5.0,1463.1337,1340.2688,5187.4742,5310.3391,PENDING_AG03,FALSE,NOT_FOR_ENFORCEMENT,6384.5836,256811.4724,6650.6079,6384.5836,266.0243,0.02244119,0.02154355,266.0243,6384.5836,0.02154355,266.0243,266.0243,266.0243,332.5304,332.5304,6384.5836,0.02154355,1463.1337,1340.2688,5187.4742,5310.3391,0.01750413,0.01791872,0.00089765,16.2655,14.6936,0.3653,59.3804,1.1678,2646.0457,162.5536,12.4780,16.8648,9.0895,16.5695,22.0926,29.825,33.4482,44.5976,11.8163,0.0,2.018664,2.691552,0.981654,30,240,141,4,0.10479828,0.02244119,0.04150452,0E-8,0.000000,0.902668,0.011910,-0.02129501,2026-03-22,2026-08-05,112,5695,2177,137,0.817518,0.739886,0.767145,0.349328,,,,,,,,GLOBAL_BASELINE_NO_ENTITY_RANKING,,,NOT_APPLICABLE_GLOBAL_BASELINE,HF9g-P5,,,,X 全窗基线 · 不参与实体赏罚,14196598,1420,A168_HF9F_20260827_0900,2026-08-27 09:00:00
2026-07-03,110249610,2093,0,243.0187345352,123.7186284906,123.7186284906,0.8000000,11,10,0.49610166322582483,0.479578870000,1.922080263395768,2.0282134900481887,1.922080263395768,0.01652279322582483,ELIGIBLE,R03b_20260811_FULL_v1,L1_ELIGIBILITY,v2026-08-11,2026-03-21..2026-08-06,baccarat_bet02_101_all_pairs_incl_sentinel,round_win = game_pnl > 0 (decisive only),COMPATIBILITY_ONLY_NOT_PRODUCTION,296357.1217,267511.9505,6650.6079,18220,18206,-0.02244119,-0.04150452,-0.02020951,-0.02244119,-6650.6079,296357.1217,OK,0.0000,266.0243,4.0000,96.0000,AG03-UNRESOLVED,ALL5_LEVELS_bet23_to_bet27,266.0243,266.0243,266.0243,332.5304,332.5304,4.000000,4.000000,4.000000,5.000000,5.000000,96.000000,96.000000,96.000000,95.000000,95.000000,5.0,1463.1337,1340.2688,5187.4742,5310.3391,PENDING_AG03,FALSE,NOT_FOR_ENFORCEMENT,6384.5836,256811.4724,6650.6079,6384.5836,266.0243,0.02244119,0.02154355,266.0243,6384.5836,0.02154355,266.0243,266.0243,266.0243,332.5304,332.5304,6384.5836,0.02154355,1463.1337,1340.2688,5187.4742,5310.3391,0.01750413,0.01791872,0.00089765,16.2655,14.6936,0.3653,59.3804,1.1678,2646.0457,162.5536,12.4780,16.8648,9.0895,16.5695,22.0926,29.825,33.4482,44.5976,11.8163,0.0,2.018664,2.691552,0.981654,30,240,141,4,0.10479828,0.02244119,0.04150452,0E-8,0.000000,0.902668,0.011910,-0.02129501,2026-03-22,2026-08-05,112,5695,2177,137,0.817518,0.739886,0.767145,0.349328,,,,,,,,GLOBAL_BASELINE_NO_ENTITY_RANKING,,,NOT_APPLICABLE_GLOBAL_BASELINE,HF9g-P5,,,,X 全窗基线 · 不参与实体赏罚,14196599,1420,A168_HF9F_20260827_0900,2026-08-27 09:00:00
2026-07-03,110249610,2117,0,11.0463061152,-11.0463061152,-11.0463061152,0E-7,1,1,0.50665070000000000,0.506650700000,-1.013391052207602,-1.013391052207602,-1.013391052207602,0E-17,ELIGIBLE,R03b_20260811_FULL_v1,L1_ELIGIBILITY,v2026-08-11,2026-03-21..2026-08-06,baccarat_bet02_101_all_pairs_incl_sentinel,round_win = game_pnl > 0 (decisive only),COMPATIBILITY_ONLY_NOT_PRODUCTION,296357.1217,267511.9505,6650.6079,18220,18206,-0.02244119,-0.04150452,-0.02020951,-0.02244119,-6650.6079,296357.1217,OK,0.0000,266.0243,4.0000,96.0000,AG03-UNRESOLVED,ALL5_LEVELS_bet23_to_bet27,266.0243,266.0243,266.0243,332.5304,332.5304,4.000000,4.000000,4.000000,5.000000,5.000000,96.000000,96.000000,96.000000,95.000000,95.000000,5.0,1463.1337,1340.2688,5187.4742,5310.3391,PENDING_AG03,FALSE,NOT_FOR_ENFORCEMENT,6384.5836,256811.4724,6650.6079,6384.5836,266.0243,0.02244119,0.02154355,266.0243,6384.5836,0.02154355,266.0243,266.0243,266.0243,332.5304,332.5304,6384.5836,0.02154355,1463.1337,1340.2688,5187.4742,5310.3391,0.01750413,0.01791872,0.00089765,16.2655,14.6936,0.3653,59.3804,1.1678,2646.0457,162.5536,12.4780,16.8648,9.0895,16.5695,22.0926,29.825,33.4482,44.5976,11.8163,0.0,2.018664,2.691552,0.981654,30,240,141,4,0.10479828,0.02244119,0.04150452,0E-8,0.000000,0.902668,0.011910,-0.02129501,2026-03-22,2026-08-05,112,5695,2177,137,0.817518,0.739886,0.767145,0.349328,,,,,,,,GLOBAL_BASELINE_NO_ENTITY_RANKING,,,NOT_APPLICABLE_GLOBAL_BASELINE,HF9g-P5,,,,X 全窗基线 · 不参与实体赏罚,14196600,1420,A168_HF9F_20260827_0900,2026-08-27 09:00:00
2026-07-03,110249610,2123,0,4.7499116296,-4.7499116296,-4.7499116296,0E-7,1,1,0.49324550000000000,0.493245500000,-0.9865810262130424,-0.9865810262130424,-0.9865810262130424,0E-17,ELIGIBLE,R03b_20260811_FULL_v1,L1_ELIGIBILITY,v2026-08-11,2026-03-21..2026-08-06,baccarat_bet02_101_all_pairs_incl_sentinel,round_win = game_pnl > 0 (decisive only),COMPATIBILITY_ONLY_NOT_PRODUCTION,296357.1217,267511.9505,6650.6079,18220,18206,-0.02244119,-0.04150452,-0.02020951,-0.02244119,-6650.6079,296357.1217,OK,0.0000,266.0243,4.0000,96.0000,AG03-UNRESOLVED,ALL5_LEVELS_bet23_to_bet27,266.0243,266.0243,266.0243,332.5304,332.5304,4.000000,4.000000,4.000000,5.000000,5.000000,96.000000,96.000000,96.000000,95.000000,95.000000,5.0,1463.1337,1340.2688,5187.4742,5310.3391,PENDING_AG03,FALSE,NOT_FOR_ENFORCEMENT,6384.5836,256811.4724,6650.6079,6384.5836,266.0243,0.02244119,0.02154355,266.0243,6384.5836,0.02154355,266.0243,266.0243,266.0243,332.5304,332.5304,6384.5836,0.02154355,1463.1337,1340.2688,5187.4742,5310.3391,0.01750413,0.01791872,0.00089765,16.2655,14.6936,0.3653,59.3804,1.1678,2646.0457,162.5536,12.4780,16.8648,9.0895,16.5695,22.0926,29.825,33.4482,44.5976,11.8163,0.0,2.018664,2.691552,0.981654,30,240,141,4,0.10479828,0.02244119,0.04150452,0E-8,0.000000,0.902668,0.011910,-0.02129501,2026-03-22,2026-08-05,112,5695,2177,137,0.817518,0.739886,0.767145,0.349328,,,,,,,,GLOBAL_BASELINE_NO_ENTITY_RANKING,,,NOT_APPLICABLE_GLOBAL_BASELINE,HF9g-P5,,,,X 全窗基线 · 不参与实体赏罚,14196601,1420,A168_HF9F_20260827_0900,2026-08-27 09:00:00
2026-07-03,110249610,2129,0,27.6157652881,-5.5231530577,-5.5231530577,0.5000000,2,2,0.49324550000000000,0.493245500000,0.01910635448239258,0.01910635448239258,0.01910635448239258,0E-17,ELIGIBLE,R03b_20260811_FULL_v1,L1_ELIGIBILITY,v2026-08-11,2026-03-21..2026-08-06,baccarat_bet02_101_all_pairs_incl_sentinel,round_win = game_pnl > 0 (decisive only),COMPATIBILITY_ONLY_NOT_PRODUCTION,296357.1217,267511.9505,6650.6079,18220,18206,-0.02244119,-0.04150452,-0.02020951,-0.02244119,-6650.6079,296357.1217,OK,0.0000,266.0243,4.0000,96.0000,AG03-UNRESOLVED,ALL5_LEVELS_bet23_to_bet27,266.0243,266.0243,266.0243,332.5304,332.5304,4.000000,4.000000,4.000000,5.000000,5.000000,96.000000,96.000000,96.000000,95.000000,95.000000,5.0,1463.1337,1340.2688,5187.4742,5310.3391,PENDING_AG03,FALSE,NOT_FOR_ENFORCEMENT,6384.5836,256811.4724,6650.6079,6384.5836,266.0243,0.02244119,0.02154355,266.0243,6384.5836,0.02154355,266.0243,266.0243,266.0243,332.5304,332.5304,6384.5836,0.02154355,1463.1337,1340.2688,5187.4742,5310.3391,0.01750413,0.01791872,0.00089765,16.2655,14.6936,0.3653,59.3804,1.1678,2646.0457,162.5536,12.4780,16.8648,9.0895,16.5695,22.0926,29.825,33.4482,44.5976,11.8163,0.0,2.018664,2.691552,0.981654,30,240,141,4,0.10479828,0.02244119,0.04150452,0E-8,0.000000,0.902668,0.011910,-0.02129501,2026-03-22,2026-08-05,112,5695,2177,137,0.817518,0.739886,0.767145,0.349328,,,,,,,,GLOBAL_BASELINE_NO_ENTITY_RANKING,,,NOT_APPLICABLE_GLOBAL_BASELINE,HF9g-P5,,,,X 全窗基线 · 不参与实体赏罚,14196602,1420,A168_HF9F_20260827_0900,2026-08-27 09:00:00
2026-07-03,110249610,2152,0,20.9879816189,-20.9879816189,-20.9879816189,0E-7,1,1,0.49324550000000000,0.493245500000,-0.9865810262130424,-0.9865810262130424,-0.9865810262130424,0E-17,ELIGIBLE,R03b_20260811_FULL_v1,L1_ELIGIBILITY,v2026-08-11,2026-03-21..2026-08-06,baccarat_bet02_101_all_pairs_incl_sentinel,round_win = game_pnl > 0 (decisive only),COMPATIBILITY_ONLY_NOT_PRODUCTION,296357.1217,267511.9505,6650.6079,18220,18206,-0.02244119,-0.04150452,-0.02020951,-0.02244119,-6650.6079,296357.1217,OK,0.0000,266.0243,4.0000,96.0000,AG03-UNRESOLVED,ALL5_LEVELS_bet23_to_bet27,266.0243,266.0243,266.0243,332.5304,332.5304,4.000000,4.000000,4.000000,5.000000,5.000000,96.000000,96.000000,96.000000,95.000000,95.000000,5.0,1463.1337,1340.2688,5187.4742,5310.3391,PENDING_AG03,FALSE,NOT_FOR_ENFORCEMENT,6384.5836,256811.4724,6650.6079,6384.5836,266.0243,0.02244119,0.02154355,266.0243,6384.5836,0.02154355,266.0243,266.0243,266.0243,332.5304,332.5304,6384.5836,0.02154355,1463.1337,1340.2688,5187.4742,5310.3391,0.01750413,0.01791872,0.00089765,16.2655,14.6936,0.3653,59.3804,1.1678,2646.0457,162.5536,12.4780,16.8648,9.0895,16.5695,22.0926,29.825,33.4482,44.5976,11.8163,0.0,2.018664,2.691552,0.981654,30,240,141,4,0.10479828,0.02244119,0.04150452,0E-8,0.000000,0.902668,0.011910,-0.02129501,2026-03-22,2026-08-05,112,5695,2177,137,0.817518,0.739886,0.767145,0.349328,,,,,,,,GLOBAL_BASELINE_NO_ENTITY_RANKING,,,NOT_APPLICABLE_GLOBAL_BASELINE,HF9g-P5,,,,X 全窗基线 · 不参与实体赏罚,14196603,1420,A168_HF9F_20260827_0900,2026-08-27 09:00:00
2026-07-03,110249610,2177,0,118.1954754331,25.4065040651,25.4065040651,0.6666667,5,4,0.49492115000000000,0.494921150000,0.5949746168735751,0.5949746168735751,0.5949746168735751,0E-17,ELIGIBLE,R03b_20260811_FULL_v1,L1_ELIGIBILITY,v2026-08-11,2026-03-21..2026-08-06,baccarat_bet02_101_all_pairs_incl_sentinel,round_win = game_pnl > 0 (decisive only),COMPATIBILITY_ONLY_NOT_PRODUCTION,296357.1217,267511.9505,6650.6079,18220,18206,-0.02244119,-0.04150452,-0.02020951,-0.02244119,-6650.6079,296357.1217,OK,0.0000,266.0243,4.0000,96.0000,AG03-UNRESOLVED,ALL5_LEVELS_bet23_to_bet27,266.0243,266.0243,266.0243,332.5304,332.5304,4.000000,4.000000,4.000000,5.000000,5.000000,96.000000,96.000000,96.000000,95.000000,95.000000,5.0,1463.1337,1340.2688,5187.4742,5310.3391,PENDING_AG03,FALSE,NOT_FOR_ENFORCEMENT,6384.5836,256811.4724,6650.6079,6384.5836,266.0243,0.02244119,0.02154355,266.0243,6384.5836,0.02154355,266.0243,266.0243,266.0243,332.5304,332.5304,6384.5836,0.02154355,1463.1337,1340.2688,5187.4742,5310.3391,0.01750413,0.01791872,0.00089765,16.2655,14.6936,0.3653,59.3804,1.1678,2646.0457,162.5536,12.4780,16.8648,9.0895,16.5695,22.0926,29.825,33.4482,44.5976,11.8163,0.0,2.018664,2.691552,0.981654,30,240,141,4,0.10479828,0.02244119,0.04150452,0E-8,0.000000,0.902668,0.011910,-0.02129501,2026-03-22,2026-08-05,112,5695,2177,137,0.817518,0.739886,0.767145,0.349328,,,,,,,,GLOBAL_BASELINE_NO_ENTITY_RANKING,,,NOT_APPLICABLE_GLOBAL_BASELINE,HF9g-P5,,,,X 全窗基线 · 不参与实体赏罚,14196604,1420,A168_HF9F_20260827_0900,2026-08-27 09:00:00
2026-07-03,110249610,2210,0,170.1131141747,0.0552315305,0.0552315305,0.5000000,6,6,0.50665070000000000,0.506650700000,-0.032584525537284574,-0.032584525537284574,-0.032584525537284574,0E-17,ELIGIBLE,R03b_20260811_FULL_v1,L1_ELIGIBILITY,v2026-08-11,2026-03-21..2026-08-06,baccarat_bet02_101_all_pairs_incl_sentinel,round_win = game_pnl > 0 (decisive only),COMPATIBILITY_ONLY_NOT_PRODUCTION,296357.1217,267511.9505,6650.6079,18220,18206,-0.02244119,-0.04150452,-0.02020951,-0.02244119,-6650.6079,296357.1217,OK,0.0000,266.0243,4.0000,96.0000,AG03-UNRESOLVED,ALL5_LEVELS_bet23_to_bet27,266.0243,266.0243,266.0243,332.5304,332.5304,4.000000,4.000000,4.000000,5.000000,5.000000,96.000000,96.000000,96.000000,95.000000,95.000000,5.0,1463.1337,1340.2688,5187.4742,5310.3391,PENDING_AG03,FALSE,NOT_FOR_ENFORCEMENT,6384.5836,256811.4724,6650.6079,6384.5836,266.0243,0.02244119,0.02154355,266.0243,6384.5836,0.02154355,266.0243,266.0243,266.0243,332.5304,332.5304,6384.5836,0.02154355,1463.1337,1340.2688,5187.4742,5310.3391,0.01750413,0.01791872,0.00089765,16.2655,14.6936,0.3653,59.3804,1.1678,2646.0457,162.5536,12.4780,16.8648,9.0895,16.5695,22.0926,29.825,33.4482,44.5976,11.8163,0.0,2.018664,2.691552,0.981654,30,240,141,4,0.10479828,0.02244119,0.04150452,0E-8,0.000000,0.902668,0.011910,-0.02129501,2026-03-22,2026-08-05,112,5695,2177,137,0.817518,0.739886,0.767145,0.349328,,,,,,,,GLOBAL_BASELINE_NO_ENTITY_RANKING,,,NOT_APPLICABLE_GLOBAL_BASELINE,HF9g-P5,,,,X 全窗基线 · 不参与实体赏罚,14196605,1420,A168_HF9F_20260827_0900,2026-08-27 09:00:00
2026-07-03,110249610,2239,0,38.6620714034,-22.0926122305,-22.0926122305,0E-7,2,2,0.49324550000000000,0.493245500000,-0.9865810262130424,-0.9865810262130424,-0.9865810262130424,0E-17,ELIGIBLE,R03b_20260811_FULL_v1,L1_ELIGIBILITY,v2026-08-11,2026-03-21..2026-08-06,baccarat_bet02_101_all_pairs_incl_sentinel,round_win = game_pnl > 0 (decisive only),COMPATIBILITY_ONLY_NOT_PRODUCTION,296357.1217,267511.9505,6650.6079,18220,18206,-0.02244119,-0.04150452,-0.02020951,-0.02244119,-6650.6079,296357.1217,OK,0.0000,266.0243,4.0000,96.0000,AG03-UNRESOLVED,ALL5_LEVELS_bet23_to_bet27,266.0243,266.0243,266.0243,332.5304,332.5304,4.000000,4.000000,4.000000,5.000000,5.000000,96.000000,96.000000,96.000000,95.000000,95.000000,5.0,1463.1337,1340.2688,5187.4742,5310.3391,PENDING_AG03,FALSE,NOT_FOR_ENFORCEMENT,6384.5836,256811.4724,6650.6079,6384.5836,266.0243,0.02244119,0.02154355,266.0243,6384.5836,0.02154355,266.0243,266.0243,266.0243,332.5304,332.5304,6384.5836,0.02154355,1463.1337,1340.2688,5187.4742,5310.3391,0.01750413,0.01791872,0.00089765,16.2655,14.6936,0.3653,59.3804,1.1678,2646.0457,162.5536,12.4780,16.8648,9.0895,16.5695,22.0926,29.825,33.4482,44.5976,11.8163,0.0,2.018664,2.691552,0.981654,30,240,141,4,0.10479828,0.02244119,0.04150452,0E-8,0.000000,0.902668,0.011910,-0.02129501,2026-03-22,2026-08-05,112,5695,2177,137,0.817518,0.739886,0.767145,0.349328,,,,,,,,GLOBAL_BASELINE_NO_ENTITY_RANKING,,,NOT_APPLICABLE_GLOBAL_BASELINE,HF9g-P5,,,,X 全窗基线 · 不参与实体赏罚,14196606,1420,A168_HF9F_20260827_0900,2026-08-27 09:00:00
2026-07-03,110249610,2261,0,16.5694591729,-16.5694591729,-16.5694591729,0E-7,1,1,0.50665070000000000,0.506650700000,-1.013391052207602,-1.013391052207602,-1.013391052207602,0E-17,ELIGIBLE,R03b_20260811_FULL_v1,L1_ELIGIBILITY,v2026-08-11,2026-03-21..2026-08-06,baccarat_bet02_101_all_pairs_incl_sentinel,round_win = game_pnl > 0 (decisive only),COMPATIBILITY_ONLY_NOT_PRODUCTION,296357.1217,267511.9505,6650.6079,18220,18206,-0.02244119,-0.04150452,-0.02020951,-0.02244119,-6650.6079,296357.1217,OK,0.0000,266.0243,4.0000,96.0000,AG03-UNRESOLVED,ALL5_LEVELS_bet23_to_bet27,266.0243,266.0243,266.0243,332.5304,332.5304,4.000000,4.000000,4.000000,5.000000,5.000000,96.000000,96.000000,96.000000,95.000000,95.000000,5.0,1463.1337,1340.2688,5187.4742,5310.3391,PENDING_AG03,FALSE,NOT_FOR_ENFORCEMENT,6384.5836,256811.4724,6650.6079,6384.5836,266.0243,0.02244119,0.02154355,266.0243,6384.5836,0.02154355,266.0243,266.0243,266.0243,332.5304,332.5304,6384.5836,0.02154355,1463.1337,1340.2688,5187.4742,5310.3391,0.01750413,0.01791872,0.00089765,16.2655,14.6936,0.3653,59.3804,1.1678,2646.0457,162.5536,12.4780,16.8648,9.0895,16.5695,22.0926,29.825,33.4482,44.5976,11.8163,0.0,2.018664,2.691552,0.981654,30,240,141,4,0.10479828,0.02244119,0.04150452,0E-8,0.000000,0.902668,0.011910,-0.02129501,2026-03-22,2026-08-05,112,5695,2177,137,0.817518,0.739886,0.767145,0.349328,,,,,,,,GLOBAL_BASELINE_NO_ENTITY_RANKING,,,NOT_APPLICABLE_GLOBAL_BASELINE,HF9g-P5,,,,X 全窗基线 · 不参与实体赏罚,14196607,1420,A168_HF9F_20260827_0900,2026-08-27 09:00:00
2026-07-03,110249610,2280,0,34.2435489572,-34.2435489572,-34.2435489572,0E-7,3,2,0.42795805000108619,0.391963025000,-1.2232117906081752,-1.1354618663111085,-1.2232117906081752,0.03599502500108619,ELIGIBLE,R03b_20260811_FULL_v1,L1_ELIGIBILITY,v2026-08-11,2026-03-21..2026-08-06,baccarat_bet02_101_all_pairs_incl_sentinel,round_win = game_pnl > 0 (decisive only),COMPATIBILITY_ONLY_NOT_PRODUCTION,296357.1217,267511.9505,6650.6079,18220,18206,-0.02244119,-0.04150452,-0.02020951,-0.02244119,-6650.6079,296357.1217,OK,0.0000,266.0243,4.0000,96.0000,AG03-UNRESOLVED,ALL5_LEVELS_bet23_to_bet27,266.0243,266.0243,266.0243,332.5304,332.5304,4.000000,4.000000,4.000000,5.000000,5.000000,96.000000,96.000000,96.000000,95.000000,95.000000,5.0,1463.1337,1340.2688,5187.4742,5310.3391,PENDING_AG03,FALSE,NOT_FOR_ENFORCEMENT,6384.5836,256811.4724,6650.6079,6384.5836,266.0243,0.02244119,0.02154355,266.0243,6384.5836,0.02154355,266.0243,266.0243,266.0243,332.5304,332.5304,6384.5836,0.02154355,1463.1337,1340.2688,5187.4742,5310.3391,0.01750413,0.01791872,0.00089765,16.2655,14.6936,0.3653,59.3804,1.1678,2646.0457,162.5536,12.4780,16.8648,9.0895,16.5695,22.0926,29.825,33.4482,44.5976,11.8163,0.0,2.018664,2.691552,0.981654,30,240,141,4,0.10479828,0.02244119,0.04150452,0E-8,0.000000,0.902668,0.011910,-0.02129501,2026-03-22,2026-08-05,112,5695,2177,137,0.817518,0.739886,0.767145,0.349328,,,,,,,,GLOBAL_BASELINE_NO_ENTITY_RANKING,,,NOT_APPLICABLE_GLOBAL_BASELINE,HF9g-P5,,,,X 全窗基线 · 不参与实体赏罚,14196608,1420,A168_HF9F_20260827_0900,2026-08-27 09:00:00
2026-07-03,110249610,925,0,11.0463061152,-11.0463061152,-11.0463061152,0E-7,1,1,0.49324550000000000,0.493245500000,-0.9865810262130424,-0.9865810262130424,-0.9865810262130424,0E-17,ELIGIBLE,R03b_20260811_FULL_v1,L1_ELIGIBILITY,v2026-08-11,2026-03-21..2026-08-06,baccarat_bet02_101_all_pairs_incl_sentinel,round_win = game_pnl > 0 (decisive only),COMPATIBILITY_ONLY_NOT_PRODUCTION,296357.1217,267511.9505,6650.6079,18220,18206,-0.02244119,-0.04150452,-0.02020951,-0.02244119,-6650.6079,296357.1217,OK,0.0000,266.0243,4.0000,96.0000,AG03-UNRESOLVED,ALL5_LEVELS_bet23_to_bet27,266.0243,266.0243,266.0243,332.5304,332.5304,4.000000,4.000000,4.000000,5.000000,5.000000,96.000000,96.000000,96.000000,95.000000,95.000000,5.0,1463.1337,1340.2688,5187.4742,5310.3391,PENDING_AG03,FALSE,NOT_FOR_ENFORCEMENT,6384.5836,256811.4724,6650.6079,6384.5836,266.0243,0.02244119,0.02154355,266.0243,6384.5836,0.02154355,266.0243,266.0243,266.0243,332.5304,332.5304,6384.5836,0.02154355,1463.1337,1340.2688,5187.4742,5310.3391,0.01750413,0.01791872,0.00089765,16.2655,14.6936,0.3653,59.3804,1.1678,2646.0457,162.5536,12.4780,16.8648,9.0895,16.5695,22.0926,29.825,33.4482,44.5976,11.8163,0.0,2.018664,2.691552,0.981654,30,240,141,4,0.10479828,0.02244119,0.04150452,0E-8,0.000000,0.902668,0.011910,-0.02129501,2026-03-22,2026-08-05,112,5695,2177,137,0.817518,0.739886,0.767145,0.349328,,,,,,,,GLOBAL_BASELINE_NO_ENTITY_RANKING,,,NOT_APPLICABLE_GLOBAL_BASELINE,HF9g-P5,,,,X 全窗基线 · 不参与实体赏罚,14196609,1420,A168_HF9F_20260827_0900,2026-08-27 09:00:00
2026-07-04,110249610,-1,1,8.9475079533,-8.9475079533,-8.9475079533,0E-7,1,1,0.49324550000000000,0.493245500000,-0.9865810262130424,-0.9865810262130424,-0.9865810262130424,0E-17,SENTINEL_DEALER,R03b_20260811_FULL_v1,L1_ELIGIBILITY,v2026-08-11,2026-03-21..2026-08-06,baccarat_bet02_101_all_pairs_incl_sentinel,round_win = game_pnl > 0 (decisive only),COMPATIBILITY_ONLY_NOT_PRODUCTION,296357.1217,267511.9505,6650.6079,18220,18206,-0.02244119,-0.04150452,-0.02020951,-0.02244119,-6650.6079,296357.1217,OK,0.0000,266.0243,4.0000,96.0000,AG03-UNRESOLVED,ALL5_LEVELS_bet23_to_bet27,266.0243,266.0243,266.0243,332.5304,332.5304,4.000000,4.000000,4.000000,5.000000,5.000000,96.000000,96.000000,96.000000,95.000000,95.000000,5.0,1463.1337,1340.2688,5187.4742,5310.3391,PENDING_AG03,FALSE,NOT_FOR_ENFORCEMENT,6384.5836,256811.4724,6650.6079,6384.5836,266.0243,0.02244119,0.02154355,266.0243,6384.5836,0.02154355,266.0243,266.0243,266.0243,332.5304,332.5304,6384.5836,0.02154355,1463.1337,1340.2688,5187.4742,5310.3391,0.01750413,0.01791872,0.00089765,16.2655,14.6936,0.3653,59.3804,1.1678,2646.0457,162.5536,12.4780,16.8648,9.0895,16.5695,22.0926,29.825,33.4482,44.5976,11.8163,0.0,2.018664,2.691552,0.981654,30,240,141,4,0.10479828,0.02244119,0.04150452,0E-8,0.000000,0.902668,0.011910,-0.02129501,2026-03-22,2026-08-05,112,5695,2177,137,0.817518,0.739886,0.767145,0.349328,,,,,,,,GLOBAL_BASELINE_NO_ENTITY_RANKING,,,NOT_APPLICABLE_GLOBAL_BASELINE,HF9g-P5,,,,X 全窗基线 · 不参与实体赏罚,14196610,1420,A168_HF9F_20260827_0900,2026-08-27 09:00:00
2026-07-07,110249610,-1,1,586.5588547193,23.5562477907,23.5562477907,0.5333333,33,33,0.49974499090909091,0.499744990909,0.36794190415356626,0.3679419041545622,0.36794190415356626,9.091E-14,SENTINEL_DEALER,R03b_20260811_FULL_v1,L1_ELIGIBILITY,v2026-08-11,2026-03-21..2026-08-06,baccarat_bet02_101_all_pairs_incl_sentinel,round_win = game_pnl > 0 (decisive only),COMPATIBILITY_ONLY_NOT_PRODUCTION,296357.1217,267511.9505,6650.6079,18220,18206,-0.02244119,-0.04150452,-0.02020951,-0.02244119,-6650.6079,296357.1217,OK,0.0000,266.0243,4.0000,96.0000,AG03-UNRESOLVED,ALL5_LEVELS_bet23_to_bet27,266.0243,266.0243,266.0243,332.5304,332.5304,4.000000,4.000000,4.000000,5.000000,5.000000,96.000000,96.000000,96.000000,95.000000,95.000000,5.0,1463.1337,1340.2688,5187.4742,5310.3391,PENDING_AG03,FALSE,NOT_FOR_ENFORCEMENT,6384.5836,256811.4724,6650.6079,6384.5836,266.0243,0.02244119,0.02154355,266.0243,6384.5836,0.02154355,266.0243,266.0243,266.0243,332.5304,332.5304,6384.5836,0.02154355,1463.1337,1340.2688,5187.4742,5310.3391,0.01750413,0.01791872,0.00089765,16.2655,14.6936,0.3653,59.3804,1.1678,2646.0457,162.5536,12.4780,16.8648,9.0895,16.5695,22.0926,29.825,33.4482,44.5976,11.8163,0.0,2.018664,2.691552,0.981654,30,240,141,4,0.10479828,0.02244119,0.04150452,0E-8,0.000000,0.902668,0.011910,-0.02129501,2026-03-22,2026-08-05,112,5695,2177,137,0.817518,0.739886,0.767145,0.349328,,,,,,,,GLOBAL_BASELINE_NO_ENTITY_RANKING,,,NOT_APPLICABLE_GLOBAL_BASELINE,HF9g-P5,,,,X 全窗基线 · 不参与实体赏罚,14196611,1420,A168_HF9F_20260827_0900,2026-08-27 09:00:00
2026-07-07,110249610,1396,0,71.2486744432,-27.0634499823,-27.0634499823,0.3333333,4,4,0.49994810000000000,0.499948100000,-0.5771704854251445,-0.5771704854251445,-0.5771704854251445,0E-17,ELIGIBLE,R03b_20260811_FULL_v1,L1_ELIGIBILITY,v2026-08-11,2026-03-21..2026-08-06,baccarat_bet02_101_all_pairs_incl_sentinel,round_win = game_pnl > 0 (decisive only),COMPATIBILITY_ONLY_NOT_PRODUCTION,296357.1217,267511.9505,6650.6079,18220,18206,-0.02244119,-0.04150452,-0.02020951,-0.02244119,-6650.6079,296357.1217,OK,0.0000,266.0243,4.0000,96.0000,AG03-UNRESOLVED,ALL5_LEVELS_bet23_to_bet27,266.0243,266.0243,266.0243,332.5304,332.5304,4.000000,4.000000,4.000000,5.000000,5.000000,96.000000,96.000000,96.000000,95.000000,95.000000,5.0,1463.1337,1340.2688,5187.4742,5310.3391,PENDING_AG03,FALSE,NOT_FOR_ENFORCEMENT,6384.5836,256811.4724,6650.6079,6384.5836,266.0243,0.02244119,0.02154355,266.0243,6384.5836,0.02154355,266.0243,266.0243,266.0243,332.5304,332.5304,6384.5836,0.02154355,1463.1337,1340.2688,5187.4742,5310.3391,0.01750413,0.01791872,0.00089765,16.2655,14.6936,0.3653,59.3804,1.1678,2646.0457,162.5536,12.4780,16.8648,9.0895,16.5695,22.0926,29.825,33.4482,44.5976,11.8163,0.0,2.018664,2.691552,0.981654,30,240,141,4,0.10479828,0.02244119,0.04150452,0E-8,0.000000,0.902668,0.011910,-0.02129501,2026-03-22,2026-08-05,112,5695,2177,137,0.817518,0.739886,0.767145,0.349328,,,,,,,,GLOBAL_BASELINE_NO_ENTITY_RANKING,,,NOT_APPLICABLE_GLOBAL_BASELINE,HF9g-P5,,,,X 全窗基线 · 不参与实体赏罚,14196612,1420,A168_HF9F_20260827_0900,2026-08-27 09:00:00
2026-07-07,110249610,1942,0,82.9577589255,55.3419936374,55.3419936374,1.0000000,4,4,0.49324550000000000,0.493245500000,1.755609282511032,1.7556092825110319,1.755609282511032,0E-17,ELIGIBLE,R03b_20260811_FULL_v1,L1_ELIGIBILITY,v2026-08-11,2026-03-21..2026-08-06,baccarat_bet02_101_all_pairs_incl_sentinel,round_win = game_pnl > 0 (decisive only),COMPATIBILITY_ONLY_NOT_PRODUCTION,296357.1217,267511.9505,6650.6079,18220,18206,-0.02244119,-0.04150452,-0.02020951,-0.02244119,-6650.6079,296357.1217,OK,0.0000,266.0243,4.0000,96.0000,AG03-UNRESOLVED,ALL5_LEVELS_bet23_to_bet27,266.0243,266.0243,266.0243,332.5304,332.5304,4.000000,4.000000,4.000000,5.000000,5.000000,96.000000,96.000000,96.000000,95.000000,95.000000,5.0,1463.1337,1340.2688,5187.4742,5310.3391,PENDING_AG03,FALSE,NOT_FOR_ENFORCEMENT,6384.5836,256811.4724,6650.6079,6384.5836,266.0243,0.02244119,0.02154355,266.0243,6384.5836,0.02154355,266.0243,266.0243,266.0243,332.5304,332.5304,6384.5836,0.02154355,1463.1337,1340.2688,5187.4742,5310.3391,0.01750413,0.01791872,0.00089765,16.2655,14.6936,0.3653,59.3804,1.1678,2646.0457,162.5536,12.4780,16.8648,9.0895,16.5695,22.0926,29.825,33.4482,44.5976,11.8163,0.0,2.018664,2.691552,0.981654,30,240,141,4,0.10479828,0.02244119,0.04150452,0E-8,0.000000,0.902668,0.011910,-0.02129501,2026-03-22,2026-08-05,112,5695,2177,137,0.817518,0.739886,0.767145,0.349328,,,,,,,,GLOBAL_BASELINE_NO_ENTITY_RANKING,,,NOT_APPLICABLE_GLOBAL_BASELINE,HF9g-P5,,,,X 全窗基线 · 不参与实体赏罚,14196613,1420,A168_HF9F_20260827_0900,2026-08-27 09:00:00
2026-07-07,110249610,1966,0,61.8593142452,2.2092612231,2.2092612231,0.6666667,4,4,0.50665070000000000,0.506650700000,0.5543606114942035,0.5543606114942035,0.5543606114942035,0E-17,ELIGIBLE,R03b_20260811_FULL_v1,L1_ELIGIBILITY,v2026-08-11,2026-03-21..2026-08-06,baccarat_bet02_101_all_pairs_incl_sentinel,round_win = game_pnl > 0 (decisive only),COMPATIBILITY_ONLY_NOT_PRODUCTION,296357.1217,267511.9505,6650.6079,18220,18206,-0.02244119,-0.04150452,-0.02020951,-0.02244119,-6650.6079,296357.1217,OK,0.0000,266.0243,4.0000,96.0000,AG03-UNRESOLVED,ALL5_LEVELS_bet23_to_bet27,266.0243,266.0243,266.0243,332.5304,332.5304,4.000000,4.000000,4.000000,5.000000,5.000000,96.000000,96.000000,96.000000,95.000000,95.000000,5.0,1463.1337,1340.2688,5187.4742,5310.3391,PENDING_AG03,FALSE,NOT_FOR_ENFORCEMENT,6384.5836,256811.4724,6650.6079,6384.5836,266.0243,0.02244119,0.02154355,266.0243,6384.5836,0.02154355,266.0243,266.0243,266.0243,332.5304,332.5304,6384.5836,0.02154355,1463.1337,1340.2688,5187.4742,5310.3391,0.01750413,0.01791872,0.00089765,16.2655,14.6936,0.3653,59.3804,1.1678,2646.0457,162.5536,12.4780,16.8648,9.0895,16.5695,22.0926,29.825,33.4482,44.5976,11.8163,0.0,2.018664,2.691552,0.981654,30,240,141,4,0.10479828,0.02244119,0.04150452,0E-8,0.000000,0.902668,0.011910,-0.02129501,2026-03-22,2026-08-05,112,5695,2177,137,0.817518,0.739886,0.767145,0.349328,,,,,,,,GLOBAL_BASELINE_NO_ENTITY_RANKING,,,NOT_APPLICABLE_GLOBAL_BASELINE,HF9g-P5,,,,X 全窗基线 · 不参与实体赏罚,14196614,1420,A168_HF9F_20260827_0900,2026-08-27 09:00:00
2026-07-07,110249610,1994,0,66.2778366915,-44.1852244611,-44.1852244611,0.2500000,4,4,0.49659680000000000,0.496596800000,-0.9864100490137353,-0.9864100490137354,-0.9864100490137353,0E-17,ELIGIBLE,R03b_20260811_FULL_v1,L1_ELIGIBILITY,v2026-08-11,2026-03-21..2026-08-06,baccarat_bet02_101_all_pairs_incl_sentinel,round_win = game_pnl > 0 (decisive only),COMPATIBILITY_ONLY_NOT_PRODUCTION,296357.1217,267511.9505,6650.6079,18220,18206,-0.02244119,-0.04150452,-0.02020951,-0.02244119,-6650.6079,296357.1217,OK,0.0000,266.0243,4.0000,96.0000,AG03-UNRESOLVED,ALL5_LEVELS_bet23_to_bet27,266.0243,266.0243,266.0243,332.5304,332.5304,4.000000,4.000000,4.000000,5.000000,5.000000,96.000000,96.000000,96.000000,95.000000,95.000000,5.0,1463.1337,1340.2688,5187.4742,5310.3391,PENDING_AG03,FALSE,NOT_FOR_ENFORCEMENT,6384.5836,256811.4724,6650.6079,6384.5836,266.0243,0.02244119,0.02154355,266.0243,6384.5836,0.02154355,266.0243,266.0243,266.0243,332.5304,332.5304,6384.5836,0.02154355,1463.1337,1340.2688,5187.4742,5310.3391,0.01750413,0.01791872,0.00089765,16.2655,14.6936,0.3653,59.3804,1.1678,2646.0457,162.5536,12.4780,16.8648,9.0895,16.5695,22.0926,29.825,33.4482,44.5976,11.8163,0.0,2.018664,2.691552,0.981654,30,240,141,4,0.10479828,0.02244119,0.04150452,0E-8,0.000000,0.902668,0.011910,-0.02129501,2026-03-22,2026-08-05,112,5695,2177,137,0.817518,0.739886,0.767145,0.349328,,,,,,,,GLOBAL_BASELINE_NO_ENTITY_RANKING,,,NOT_APPLICABLE_GLOBAL_BASELINE,HF9g-P5,,,,X 全窗基线 · 不参与实体赏罚,14196615,1420,A168_HF9F_20260827_0900,2026-08-27 09:00:00
2026-07-07,110249610,2106,0,33.6912336515,-0.5523153057,-0.5523153057,0.5000000,2,2,0.49324550000000000,0.493245500000,0.01910635448239258,0.01910635448239258,0.01910635448239258,0E-17,ELIGIBLE,R03b_20260811_FULL_v1,L1_ELIGIBILITY,v2026-08-11,2026-03-21..2026-08-06,baccarat_bet02_101_all_pairs_incl_sentinel,round_win = game_pnl > 0 (decisive only),COMPATIBILITY_ONLY_NOT_PRODUCTION,296357.1217,267511.9505,6650.6079,18220,18206,-0.02244119,-0.04150452,-0.02020951,-0.02244119,-6650.6079,296357.1217,OK,0.0000,266.0243,4.0000,96.0000,AG03-UNRESOLVED,ALL5_LEVELS_bet23_to_bet27,266.0243,266.0243,266.0243,332.5304,332.5304,4.000000,4.000000,4.000000,5.000000,5.000000,96.000000,96.000000,96.000000,95.000000,95.000000,5.0,1463.1337,1340.2688,5187.4742,5310.3391,PENDING_AG03,FALSE,NOT_FOR_ENFORCEMENT,6384.5836,256811.4724,6650.6079,6384.5836,266.0243,0.02244119,0.02154355,266.0243,6384.5836,0.02154355,266.0243,266.0243,266.0243,332.5304,332.5304,6384.5836,0.02154355,1463.1337,1340.2688,5187.4742,5310.3391,0.01750413,0.01791872,0.00089765,16.2655,14.6936,0.3653,59.3804,1.1678,2646.0457,162.5536,12.4780,16.8648,9.0895,16.5695,22.0926,29.825,33.4482,44.5976,11.8163,0.0,2.018664,2.691552,0.981654,30,240,141,4,0.10479828,0.02244119,0.04150452,0E-8,0.000000,0.902668,0.011910,-0.02129501,2026-03-22,2026-08-05,112,5695,2177,137,0.817518,0.739886,0.767145,0.349328,,,,,,,,GLOBAL_BASELINE_NO_ENTITY_RANKING,,,NOT_APPLICABLE_GLOBAL_BASELINE,HF9g-P5,,,,X 全窗基线 · 不参与实体赏罚,14196616,1420,A168_HF9F_20260827_0900,2026-08-27 09:00:00
2026-07-07,110249610,2108,0,146.3635560269,34.5749381406,34.5749381406,0.5714286,7,7,0.50665070000000000,0.506650700000,0.34280260342128577,0.34280260342128577,0.34280260342128577,0E-17,ELIGIBLE,R03b_20260811_FULL_v1,L1_ELIGIBILITY,v2026-08-11,2026-03-21..2026-08-06,baccarat_bet02_101_all_pairs_incl_sentinel,round_win = game_pnl > 0 (decisive only),COMPATIBILITY_ONLY_NOT_PRODUCTION,296357.1217,267511.9505,6650.6079,18220,18206,-0.02244119,-0.04150452,-0.02020951,-0.02244119,-6650.6079,296357.1217,OK,0.0000,266.0243,4.0000,96.0000,AG03-UNRESOLVED,ALL5_LEVELS_bet23_to_bet27,266.0243,266.0243,266.0243,332.5304,332.5304,4.000000,4.000000,4.000000,5.000000,5.000000,96.000000,96.000000,96.000000,95.000000,95.000000,5.0,1463.1337,1340.2688,5187.4742,5310.3391,PENDING_AG03,FALSE,NOT_FOR_ENFORCEMENT,6384.5836,256811.4724,6650.6079,6384.5836,266.0243,0.02244119,0.02154355,266.0243,6384.5836,0.02154355,266.0243,266.0243,266.0243,332.5304,332.5304,6384.5836,0.02154355,1463.1337,1340.2688,5187.4742,5310.3391,0.01750413,0.01791872,0.00089765,16.2655,14.6936,0.3653,59.3804,1.1678,2646.0457,162.5536,12.4780,16.8648,9.0895,16.5695,22.0926,29.825,33.4482,44.5976,11.8163,0.0,2.018664,2.691552,0.981654,30,240,141,4,0.10479828,0.02244119,0.04150452,0E-8,0.000000,0.902668,0.011910,-0.02129501,2026-03-22,2026-08-05,112,5695,2177,137,0.817518,0.739886,0.767145,0.349328,,,,,,,,GLOBAL_BASELINE_NO_ENTITY_RANKING,,,NOT_APPLICABLE_GLOBAL_BASELINE,HF9g-P5,,,,X 全窗基线 · 不参与实体赏罚,14196617,1420,A168_HF9F_20260827_0900,2026-08-27 09:00:00
2026-07-07,110249610,2117,0,11.0463061152,-11.0463061152,-11.0463061152,0E-7,1,1,0.50665070000000000,0.506650700000,-1.013391052207602,-1.013391052207602,-1.013391052207602,0E-17,ELIGIBLE,R03b_20260811_FULL_v1,L1_ELIGIBILITY,v2026-08-11,2026-03-21..2026-08-06,baccarat_bet02_101_all_pairs_incl_sentinel,round_win = game_pnl > 0 (decisive only),COMPATIBILITY_ONLY_NOT_PRODUCTION,296357.1217,267511.9505,6650.6079,18220,18206,-0.02244119,-0.04150452,-0.02020951,-0.02244119,-6650.6079,296357.1217,OK,0.0000,266.0243,4.0000,96.0000,AG03-UNRESOLVED,ALL5_LEVELS_bet23_to_bet27,266.0243,266.0243,266.0243,332.5304,332.5304,4.000000,4.000000,4.000000,5.000000,5.000000,96.000000,96.000000,96.000000,95.000000,95.000000,5.0,1463.1337,1340.2688,5187.4742,5310.3391,PENDING_AG03,FALSE,NOT_FOR_ENFORCEMENT,6384.5836,256811.4724,6650.6079,6384.5836,266.0243,0.02244119,0.02154355,266.0243,6384.5836,0.02154355,266.0243,266.0243,266.0243,332.5304,332.5304,6384.5836,0.02154355,1463.1337,1340.2688,5187.4742,5310.3391,0.01750413,0.01791872,0.00089765,16.2655,14.6936,0.3653,59.3804,1.1678,2646.0457,162.5536,12.4780,16.8648,9.0895,16.5695,22.0926,29.825,33.4482,44.5976,11.8163,0.0,2.018664,2.691552,0.981654,30,240,141,4,0.10479828,0.02244119,0.04150452,0E-8,0.000000,0.902668,0.011910,-0.02129501,2026-03-22,2026-08-05,112,5695,2177,137,0.817518,0.739886,0.767145,0.349328,,,,,,,,GLOBAL_BASELINE_NO_ENTITY_RANKING,,,NOT_APPLICABLE_GLOBAL_BASELINE,HF9g-P5,,,,X 全窗基线 · 不参与实体赏罚,14196618,1420,A168_HF9F_20260827_0900,2026-08-27 09:00:00
2026-07-07,110249610,2123,0,11.0463061152,-11.0463061152,-11.0463061152,0E-7,1,1,0.49324550000000000,0.493245500000,-0.9865810262130424,-0.9865810262130424,-0.9865810262130424,0E-17,ELIGIBLE,R03b_20260811_FULL_v1,L1_ELIGIBILITY,v2026-08-11,2026-03-21..2026-08-06,baccarat_bet02_101_all_pairs_incl_sentinel,round_win = game_pnl > 0 (decisive only),COMPATIBILITY_ONLY_NOT_PRODUCTION,296357.1217,267511.9505,6650.6079,18220,18206,-0.02244119,-0.04150452,-0.02020951,-0.02244119,-6650.6079,296357.1217,OK,0.0000,266.0243,4.0000,96.0000,AG03-UNRESOLVED,ALL5_LEVELS_bet23_to_bet27,266.0243,266.0243,266.0243,332.5304,332.5304,4.000000,4.000000,4.000000,5.000000,5.000000,96.000000,96.000000,96.000000,95.000000,95.000000,5.0,1463.1337,1340.2688,5187.4742,5310.3391,PENDING_AG03,FALSE,NOT_FOR_ENFORCEMENT,6384.5836,256811.4724,6650.6079,6384.5836,266.0243,0.02244119,0.02154355,266.0243,6384.5836,0.02154355,266.0243,266.0243,266.0243,332.5304,332.5304,6384.5836,0.02154355,1463.1337,1340.2688,5187.4742,5310.3391,0.01750413,0.01791872,0.00089765,16.2655,14.6936,0.3653,59.3804,1.1678,2646.0457,162.5536,12.4780,16.8648,9.0895,16.5695,22.0926,29.825,33.4482,44.5976,11.8163,0.0,2.018664,2.691552,0.981654,30,240,141,4,0.10479828,0.02244119,0.04150452,0E-8,0.000000,0.902668,0.011910,-0.02129501,2026-03-22,2026-08-05,112,5695,2177,137,0.817518,0.739886,0.767145,0.349328,,,,,,,,GLOBAL_BASELINE_NO_ENTITY_RANKING,,,NOT_APPLICABLE_GLOBAL_BASELINE,HF9g-P5,,,,X 全窗基线 · 不参与实体赏罚,14196619,1420,A168_HF9F_20260827_0900,2026-08-27 09:00:00
2026-07-07,110249610,2129,0,6.1859314245,-6.1859314245,-6.1859314245,0E-7,1,1,0.49324550000000000,0.493245500000,-0.9865810262130424,-0.9865810262130424,-0.9865810262130424,0E-17,ELIGIBLE,R03b_20260811_FULL_v1,L1_ELIGIBILITY,v2026-08-11,2026-03-21..2026-08-06,baccarat_bet02_101_all_pairs_incl_sentinel,round_win = game_pnl > 0 (decisive only),COMPATIBILITY_ONLY_NOT_PRODUCTION,296357.1217,267511.9505,6650.6079,18220,18206,-0.02244119,-0.04150452,-0.02020951,-0.02244119,-6650.6079,296357.1217,OK,0.0000,266.0243,4.0000,96.0000,AG03-UNRESOLVED,ALL5_LEVELS_bet23_to_bet27,266.0243,266.0243,266.0243,332.5304,332.5304,4.000000,4.000000,4.000000,5.000000,5.000000,96.000000,96.000000,96.000000,95.000000,95.000000,5.0,1463.1337,1340.2688,5187.4742,5310.3391,PENDING_AG03,FALSE,NOT_FOR_ENFORCEMENT,6384.5836,256811.4724,6650.6079,6384.5836,266.0243,0.02244119,0.02154355,266.0243,6384.5836,0.02154355,266.0243,266.0243,266.0243,332.5304,332.5304,6384.5836,0.02154355,1463.1337,1340.2688,5187.4742,5310.3391,0.01750413,0.01791872,0.00089765,16.2655,14.6936,0.3653,59.3804,1.1678,2646.0457,162.5536,12.4780,16.8648,9.0895,16.5695,22.0926,29.825,33.4482,44.5976,11.8163,0.0,2.018664,2.691552,0.981654,30,240,141,4,0.10479828,0.02244119,0.04150452,0E-8,0.000000,0.902668,0.011910,-0.02129501,2026-03-22,2026-08-05,112,5695,2177,137,0.817518,0.739886,0.767145,0.349328,,,,,,,,GLOBAL_BASELINE_NO_ENTITY_RANKING,,,NOT_APPLICABLE_GLOBAL_BASELINE,HF9g-P5,,,,X 全窗基线 · 不参与实体赏罚,14196620,1420,A168_HF9F_20260827_0900,2026-08-27 09:00:00
2026-07-07,110249610,2141,0,11.0463061152,-11.0463061152,-11.0463061152,0E-7,1,1,0.49324550000000000,0.493245500000,-0.9865810262130424,-0.9865810262130424,-0.9865810262130424,0E-17,ELIGIBLE,R03b_20260811_FULL_v1,L1_ELIGIBILITY,v2026-08-11,2026-03-21..2026-08-06,baccarat_bet02_101_all_pairs_incl_sentinel,round_win = game_pnl > 0 (decisive only),COMPATIBILITY_ONLY_NOT_PRODUCTION,296357.1217,267511.9505,6650.6079,18220,18206,-0.02244119,-0.04150452,-0.02020951,-0.02244119,-6650.6079,296357.1217,OK,0.0000,266.0243,4.0000,96.0000,AG03-UNRESOLVED,ALL5_LEVELS_bet23_to_bet27,266.0243,266.0243,266.0243,332.5304,332.5304,4.000000,4.000000,4.000000,5.000000,5.000000,96.000000,96.000000,96.000000,95.000000,95.000000,5.0,1463.1337,1340.2688,5187.4742,5310.3391,PENDING_AG03,FALSE,NOT_FOR_ENFORCEMENT,6384.5836,256811.4724,6650.6079,6384.5836,266.0243,0.02244119,0.02154355,266.0243,6384.5836,0.02154355,266.0243,266.0243,266.0243,332.5304,332.5304,6384.5836,0.02154355,1463.1337,1340.2688,5187.4742,5310.3391,0.01750413,0.01791872,0.00089765,16.2655,14.6936,0.3653,59.3804,1.1678,2646.0457,162.5536,12.4780,16.8648,9.0895,16.5695,22.0926,29.825,33.4482,44.5976,11.8163,0.0,2.018664,2.691552,0.981654,30,240,141,4,0.10479828,0.02244119,0.04150452,0E-8,0.000000,0.902668,0.011910,-0.02129501,2026-03-22,2026-08-05,112,5695,2177,137,0.817518,0.739886,0.767145,0.349328,,,,,,,,GLOBAL_BASELINE_NO_ENTITY_RANKING,,,NOT_APPLICABLE_GLOBAL_BASELINE,HF9g-P5,,,,X 全窗基线 · 不参与实体赏罚,14196621,1420,A168_HF9F_20260827_0900,2026-08-27 09:00:00
2026-07-07,110249610,2152,0,11.5986214210,-11.5986214210,-11.5986214210,0E-7,1,1,0.50665070000000000,0.506650700000,-1.013391052207602,-1.013391052207602,-1.013391052207602,0E-17,ELIGIBLE,R03b_20260811_FULL_v1,L1_ELIGIBILITY,v2026-08-11,2026-03-21..2026-08-06,baccarat_bet02_101_all_pairs_incl_sentinel,round_win = game_pnl > 0 (decisive only),COMPATIBILITY_ONLY_NOT_PRODUCTION,296357.1217,267511.9505,6650.6079,18220,18206,-0.02244119,-0.04150452,-0.02020951,-0.02244119,-6650.6079,296357.1217,OK,0.0000,266.0243,4.0000,96.0000,AG03-UNRESOLVED,ALL5_LEVELS_bet23_to_bet27,266.0243,266.0243,266.0243,332.5304,332.5304,4.000000,4.000000,4.000000,5.000000,5.000000,96.000000,96.000000,96.000000,95.000000,95.000000,5.0,1463.1337,1340.2688,5187.4742,5310.3391,PENDING_AG03,FALSE,NOT_FOR_ENFORCEMENT,6384.5836,256811.4724,6650.6079,6384.5836,266.0243,0.02244119,0.02154355,266.0243,6384.5836,0.02154355,266.0243,266.0243,266.0243,332.5304,332.5304,6384.5836,0.02154355,1463.1337,1340.2688,5187.4742,5310.3391,0.01750413,0.01791872,0.00089765,16.2655,14.6936,0.3653,59.3804,1.1678,2646.0457,162.5536,12.4780,16.8648,9.0895,16.5695,22.0926,29.825,33.4482,44.5976,11.8163,0.0,2.018664,2.691552,0.981654,30,240,141,4,0.10479828,0.02244119,0.04150452,0E-8,0.000000,0.902668,0.011910,-0.02129501,2026-03-22,2026-08-05,112,5695,2177,137,0.817518,0.739886,0.767145,0.349328,,,,,,,,GLOBAL_BASELINE_NO_ENTITY_RANKING,,,NOT_APPLICABLE_GLOBAL_BASELINE,HF9g-P5,,,,X 全窗基线 · 不参与实体赏罚,14196622,1420,A168_HF9F_20260827_0900,2026-08-27 09:00:00
2026-07-07,110249610,2160,0,44.1852244610,-22.0926122306,-22.0926122306,0.3333333,3,3,0.49771390000000000,0.497713900000,-0.5694369385616226,-0.5694369385616226,-0.5694369385616226,0E-17,ELIGIBLE,R03b_20260811_FULL_v1,L1_ELIGIBILITY,v2026-08-11,2026-03-21..2026-08-06,baccarat_bet02_101_all_pairs_incl_sentinel,round_win = game_pnl > 0 (decisive only),COMPATIBILITY_ONLY_NOT_PRODUCTION,296357.1217,267511.9505,6650.6079,18220,18206,-0.02244119,-0.04150452,-0.02020951,-0.02244119,-6650.6079,296357.1217,OK,0.0000,266.0243,4.0000,96.0000,AG03-UNRESOLVED,ALL5_LEVELS_bet23_to_bet27,266.0243,266.0243,266.0243,332.5304,332.5304,4.000000,4.000000,4.000000,5.000000,5.000000,96.000000,96.000000,96.000000,95.000000,95.000000,5.0,1463.1337,1340.2688,5187.4742,5310.3391,PENDING_AG03,FALSE,NOT_FOR_ENFORCEMENT,6384.5836,256811.4724,6650.6079,6384.5836,266.0243,0.02244119,0.02154355,266.0243,6384.5836,0.02154355,266.0243,266.0243,266.0243,332.5304,332.5304,6384.5836,0.02154355,1463.1337,1340.2688,5187.4742,5310.3391,0.01750413,0.01791872,0.00089765,16.2655,14.6936,0.3653,59.3804,1.1678,2646.0457,162.5536,12.4780,16.8648,9.0895,16.5695,22.0926,29.825,33.4482,44.5976,11.8163,0.0,2.018664,2.691552,0.981654,30,240,141,4,0.10479828,0.02244119,0.04150452,0E-8,0.000000,0.902668,0.011910,-0.02129501,2026-03-22,2026-08-05,112,5695,2177,137,0.817518,0.739886,0.767145,0.349328,,,,,,,,GLOBAL_BASELINE_NO_ENTITY_RANKING,,,NOT_APPLICABLE_GLOBAL_BASELINE,HF9g-P5,,,,X 全窗基线 · 不参与实体赏罚,14196623,1420,A168_HF9F_20260827_0900,2026-08-27 09:00:00
2026-07-07,110249610,2170,0,56.0047720041,-11.9300106044,-11.9300106044,0.4000000,5,5,0.50128862000000000,0.501288620000,-0.4529779837142727,-0.4529779837142727,-0.4529779837142727,0E-17,ELIGIBLE,R03b_20260811_FULL_v1,L1_ELIGIBILITY,v2026-08-11,2026-03-21..2026-08-06,baccarat_bet02_101_all_pairs_incl_sentinel,round_win = game_pnl > 0 (decisive only),COMPATIBILITY_ONLY_NOT_PRODUCTION,296357.1217,267511.9505,6650.6079,18220,18206,-0.02244119,-0.04150452,-0.02020951,-0.02244119,-6650.6079,296357.1217,OK,0.0000,266.0243,4.0000,96.0000,AG03-UNRESOLVED,ALL5_LEVELS_bet23_to_bet27,266.0243,266.0243,266.0243,332.5304,332.5304,4.000000,4.000000,4.000000,5.000000,5.000000,96.000000,96.000000,96.000000,95.000000,95.000000,5.0,1463.1337,1340.2688,5187.4742,5310.3391,PENDING_AG03,FALSE,NOT_FOR_ENFORCEMENT,6384.5836,256811.4724,6650.6079,6384.5836,266.0243,0.02244119,0.02154355,266.0243,6384.5836,0.02154355,266.0243,266.0243,266.0243,332.5304,332.5304,6384.5836,0.02154355,1463.1337,1340.2688,5187.4742,5310.3391,0.01750413,0.01791872,0.00089765,16.2655,14.6936,0.3653,59.3804,1.1678,2646.0457,162.5536,12.4780,16.8648,9.0895,16.5695,22.0926,29.825,33.4482,44.5976,11.8163,0.0,2.018664,2.691552,0.981654,30,240,141,4,0.10479828,0.02244119,0.04150452,0E-8,0.000000,0.902668,0.011910,-0.02129501,2026-03-22,2026-08-05,112,5695,2177,137,0.817518,0.739886,0.767145,0.349328,,,,,,,,GLOBAL_BASELINE_NO_ENTITY_RANKING,,,NOT_APPLICABLE_GLOBAL_BASELINE,HF9g-P5,,,,X 全窗基线 · 不参与实体赏罚,14196624,1420,A168_HF9F_20260827_0900,2026-08-27 09:00:00
2026-07-07,110249610,2177,0,11.0463061152,-11.0463061152,-11.0463061152,0E-7,1,1,0.49324550000000000,0.493245500000,-0.9865810262130424,-0.9865810262130424,-0.9865810262130424,0E-17,ELIGIBLE,R03b_20260811_FULL_v1,L1_ELIGIBILITY,v2026-08-11,2026-03-21..2026-08-06,baccarat_bet02_101_all_pairs_incl_sentinel,round_win = game_pnl > 0 (decisive only),COMPATIBILITY_ONLY_NOT_PRODUCTION,296357.1217,267511.9505,6650.6079,18220,18206,-0.02244119,-0.04150452,-0.02020951,-0.02244119,-6650.6079,296357.1217,OK,0.0000,266.0243,4.0000,96.0000,AG03-UNRESOLVED,ALL5_LEVELS_bet23_to_bet27,266.0243,266.0243,266.0243,332.5304,332.5304,4.000000,4.000000,4.000000,5.000000,5.000000,96.000000,96.000000,96.000000,95.000000,95.000000,5.0,1463.1337,1340.2688,5187.4742,5310.3391,PENDING_AG03,FALSE,NOT_FOR_ENFORCEMENT,6384.5836,256811.4724,6650.6079,6384.5836,266.0243,0.02244119,0.02154355,266.0243,6384.5836,0.02154355,266.0243,266.0243,266.0243,332.5304,332.5304,6384.5836,0.02154355,1463.1337,1340.2688,5187.4742,5310.3391,0.01750413,0.01791872,0.00089765,16.2655,14.6936,0.3653,59.3804,1.1678,2646.0457,162.5536,12.4780,16.8648,9.0895,16.5695,22.0926,29.825,33.4482,44.5976,11.8163,0.0,2.018664,2.691552,0.981654,30,240,141,4,0.10479828,0.02244119,0.04150452,0E-8,0.000000,0.902668,0.011910,-0.02129501,2026-03-22,2026-08-05,112,5695,2177,137,0.817518,0.739886,0.767145,0.349328,,,,,,,,GLOBAL_BASELINE_NO_ENTITY_RANKING,,,NOT_APPLICABLE_GLOBAL_BASELINE,HF9g-P5,,,,X 全窗基线 · 不参与实体赏罚,14196625,1420,A168_HF9F_20260827_0900,2026-08-27 09:00:00
2026-07-07,110249610,2212,0,60.7546836339,-39.2143867092,-39.2143867092,0.2500000,4,4,0.50329940000000000,0.503299400000,-1.013219660140378,-1.013219660140378,-1.013219660140378,0E-17,ELIGIBLE,R03b_20260811_FULL_v1,L1_ELIGIBILITY,v2026-08-11,2026-03-21..2026-08-06,baccarat_bet02_101_all_pairs_incl_sentinel,round_win = game_pnl > 0 (decisive only),COMPATIBILITY_ONLY_NOT_PRODUCTION,296357.1217,267511.9505,6650.6079,18220,18206,-0.02244119,-0.04150452,-0.02020951,-0.02244119,-6650.6079,296357.1217,OK,0.0000,266.0243,4.0000,96.0000,AG03-UNRESOLVED,ALL5_LEVELS_bet23_to_bet27,266.0243,266.0243,266.0243,332.5304,332.5304,4.000000,4.000000,4.000000,5.000000,5.000000,96.000000,96.000000,96.000000,95.000000,95.000000,5.0,1463.1337,1340.2688,5187.4742,5310.3391,PENDING_AG03,FALSE,NOT_FOR_ENFORCEMENT,6384.5836,256811.4724,6650.6079,6384.5836,266.0243,0.02244119,0.02154355,266.0243,6384.5836,0.02154355,266.0243,266.0243,266.0243,332.5304,332.5304,6384.5836,0.02154355,1463.1337,1340.2688,5187.4742,5310.3391,0.01750413,0.01791872,0.00089765,16.2655,14.6936,0.3653,59.3804,1.1678,2646.0457,162.5536,12.4780,16.8648,9.0895,16.5695,22.0926,29.825,33.4482,44.5976,11.8163,0.0,2.018664,2.691552,0.981654,30,240,141,4,0.10479828,0.02244119,0.04150452,0E-8,0.000000,0.902668,0.011910,-0.02129501,2026-03-22,2026-08-05,112,5695,2177,137,0.817518,0.739886,0.767145,0.349328,,,,,,,,GLOBAL_BASELINE_NO_ENTITY_RANKING,,,NOT_APPLICABLE_GLOBAL_BASELINE,HF9g-P5,,,,X 全窗基线 · 不参与实体赏罚,14196626,1420,A168_HF9F_20260827_0900,2026-08-27 09:00:00
2026-07-07,110249610,2222,0,75.1148815836,-14.2497348887,-14.2497348887,0.5000000,6,6,0.49994810000000000,0.499948100000,0.00025425703667063243,0.00025425703667063243,0.00025425703667063243,0E-17,ELIGIBLE,R03b_20260811_FULL_v1,L1_ELIGIBILITY,v2026-08-11,2026-03-21..2026-08-06,baccarat_bet02_101_all_pairs_incl_sentinel,round_win = game_pnl > 0 (decisive only),COMPATIBILITY_ONLY_NOT_PRODUCTION,296357.1217,267511.9505,6650.6079,18220,18206,-0.02244119,-0.04150452,-0.02020951,-0.02244119,-6650.6079,296357.1217,OK,0.0000,266.0243,4.0000,96.0000,AG03-UNRESOLVED,ALL5_LEVELS_bet23_to_bet27,266.0243,266.0243,266.0243,332.5304,332.5304,4.000000,4.000000,4.000000,5.000000,5.000000,96.000000,96.000000,96.000000,95.000000,95.000000,5.0,1463.1337,1340.2688,5187.4742,5310.3391,PENDING_AG03,FALSE,NOT_FOR_ENFORCEMENT,6384.5836,256811.4724,6650.6079,6384.5836,266.0243,0.02244119,0.02154355,266.0243,6384.5836,0.02154355,266.0243,266.0243,266.0243,332.5304,332.5304,6384.5836,0.02154355,1463.1337,1340.2688,5187.4742,5310.3391,0.01750413,0.01791872,0.00089765,16.2655,14.6936,0.3653,59.3804,1.1678,2646.0457,162.5536,12.4780,16.8648,9.0895,16.5695,22.0926,29.825,33.4482,44.5976,11.8163,0.0,2.018664,2.691552,0.981654,30,240,141,4,0.10479828,0.02244119,0.04150452,0E-8,0.000000,0.902668,0.011910,-0.02129501,2026-03-22,2026-08-05,112,5695,2177,137,0.817518,0.739886,0.767145,0.349328,,,,,,,,GLOBAL_BASELINE_NO_ENTITY_RANKING,,,NOT_APPLICABLE_GLOBAL_BASELINE,HF9g-P5,,,,X 全窗基线 · 不参与实体赏罚,14196627,1420,A168_HF9F_20260827_0900,2026-08-27 09:00:00
2026-07-07,110249610,2258,0,86.7135030046,-32.8627606928,-32.8627606928,0.4000000,5,5,0.50396966000000000,0.503969660000,-0.4649811094771361,-0.4649811094771361,-0.4649811094771361,0E-17,ELIGIBLE,R03b_20260811_FULL_v1,L1_ELIGIBILITY,v2026-08-11,2026-03-21..2026-08-06,baccarat_bet02_101_all_pairs_incl_sentinel,round_win = game_pnl > 0 (decisive only),COMPATIBILITY_ONLY_NOT_PRODUCTION,296357.1217,267511.9505,6650.6079,18220,18206,-0.02244119,-0.04150452,-0.02020951,-0.02244119,-6650.6079,296357.1217,OK,0.0000,266.0243,4.0000,96.0000,AG03-UNRESOLVED,ALL5_LEVELS_bet23_to_bet27,266.0243,266.0243,266.0243,332.5304,332.5304,4.000000,4.000000,4.000000,5.000000,5.000000,96.000000,96.000000,96.000000,95.000000,95.000000,5.0,1463.1337,1340.2688,5187.4742,5310.3391,PENDING_AG03,FALSE,NOT_FOR_ENFORCEMENT,6384.5836,256811.4724,6650.6079,6384.5836,266.0243,0.02244119,0.02154355,266.0243,6384.5836,0.02154355,266.0243,266.0243,266.0243,332.5304,332.5304,6384.5836,0.02154355,1463.1337,1340.2688,5187.4742,5310.3391,0.01750413,0.01791872,0.00089765,16.2655,14.6936,0.3653,59.3804,1.1678,2646.0457,162.5536,12.4780,16.8648,9.0895,16.5695,22.0926,29.825,33.4482,44.5976,11.8163,0.0,2.018664,2.691552,0.981654,30,240,141,4,0.10479828,0.02244119,0.04150452,0E-8,0.000000,0.902668,0.011910,-0.02129501,2026-03-22,2026-08-05,112,5695,2177,137,0.817518,0.739886,0.767145,0.349328,,,,,,,,GLOBAL_BASELINE_NO_ENTITY_RANKING,,,NOT_APPLICABLE_GLOBAL_BASELINE,HF9g-P5,,,,X 全窗基线 · 不参与实体赏罚,14196628,1420,A168_HF9F_20260827_0900,2026-08-27 09:00:00
2026-07-07,110249610,2280,0,41.4236479321,-20.9603658536,-20.9603658536,0.3333333,3,3,0.50665070000000000,0.506650700000,-0.6004420894325239,-0.6004420894325239,-0.6004420894325239,0E-17,ELIGIBLE,R03b_20260811_FULL_v1,L1_ELIGIBILITY,v2026-08-11,2026-03-21..2026-08-06,baccarat_bet02_101_all_pairs_incl_sentinel,round_win = game_pnl > 0 (decisive only),COMPATIBILITY_ONLY_NOT_PRODUCTION,296357.1217,267511.9505,6650.6079,18220,18206,-0.02244119,-0.04150452,-0.02020951,-0.02244119,-6650.6079,296357.1217,OK,0.0000,266.0243,4.0000,96.0000,AG03-UNRESOLVED,ALL5_LEVELS_bet23_to_bet27,266.0243,266.0243,266.0243,332.5304,332.5304,4.000000,4.000000,4.000000,5.000000,5.000000,96.000000,96.000000,96.000000,95.000000,95.000000,5.0,1463.1337,1340.2688,5187.4742,5310.3391,PENDING_AG03,FALSE,NOT_FOR_ENFORCEMENT,6384.5836,256811.4724,6650.6079,6384.5836,266.0243,0.02244119,0.02154355,266.0243,6384.5836,0.02154355,266.0243,266.0243,266.0243,332.5304,332.5304,6384.5836,0.02154355,1463.1337,1340.2688,5187.4742,5310.3391,0.01750413,0.01791872,0.00089765,16.2655,14.6936,0.3653,59.3804,1.1678,2646.0457,162.5536,12.4780,16.8648,9.0895,16.5695,22.0926,29.825,33.4482,44.5976,11.8163,0.0,2.018664,2.691552,0.981654,30,240,141,4,0.10479828,0.02244119,0.04150452,0E-8,0.000000,0.902668,0.011910,-0.02129501,2026-03-22,2026-08-05,112,5695,2177,137,0.817518,0.739886,0.767145,0.349328,,,,,,,,GLOBAL_BASELINE_NO_ENTITY_RANKING,,,NOT_APPLICABLE_GLOBAL_BASELINE,HF9g-P5,,,,X 全窗基线 · 不参与实体赏罚,14196629,1420,A168_HF9F_20260827_0900,2026-08-27 09:00:00
2026-07-07,110249610,2287,0,17.8950159067,-17.8950159067,-17.8950159067,0E-7,1,1,0.50665070000000000,0.506650700000,-1.013391052207602,-1.013391052207602,-1.013391052207602,0E-17,ELIGIBLE,R03b_20260811_FULL_v1,L1_ELIGIBILITY,v2026-08-11,2026-03-21..2026-08-06,baccarat_bet02_101_all_pairs_incl_sentinel,round_win = game_pnl > 0 (decisive only),COMPATIBILITY_ONLY_NOT_PRODUCTION,296357.1217,267511.9505,6650.6079,18220,18206,-0.02244119,-0.04150452,-0.02020951,-0.02244119,-6650.6079,296357.1217,OK,0.0000,266.0243,4.0000,96.0000,AG03-UNRESOLVED,ALL5_LEVELS_bet23_to_bet27,266.0243,266.0243,266.0243,332.5304,332.5304,4.000000,4.000000,4.000000,5.000000,5.000000,96.000000,96.000000,96.000000,95.000000,95.000000,5.0,1463.1337,1340.2688,5187.4742,5310.3391,PENDING_AG03,FALSE,NOT_FOR_ENFORCEMENT,6384.5836,256811.4724,6650.6079,6384.5836,266.0243,0.02244119,0.02154355,266.0243,6384.5836,0.02154355,266.0243,266.0243,266.0243,332.5304,332.5304,6384.5836,0.02154355,1463.1337,1340.2688,5187.4742,5310.3391,0.01750413,0.01791872,0.00089765,16.2655,14.6936,0.3653,59.3804,1.1678,2646.0457,162.5536,12.4780,16.8648,9.0895,16.5695,22.0926,29.825,33.4482,44.5976,11.8163,0.0,2.018664,2.691552,0.981654,30,240,141,4,0.10479828,0.02244119,0.04150452,0E-8,0.000000,0.902668,0.011910,-0.02129501,2026-03-22,2026-08-05,112,5695,2177,137,0.817518,0.739886,0.767145,0.349328,,,,,,,,GLOBAL_BASELINE_NO_ENTITY_RANKING,,,NOT_APPLICABLE_GLOBAL_BASELINE,HF9g-P5,,,,X 全窗基线 · 不参与实体赏罚,14196630,1420,A168_HF9F_20260827_0900,2026-08-27 09:00:00
2026-07-07,110249610,595,0,50.0397667021,-16.2380699895,-16.2380699895,0.3333333,3,3,0.49771390000000000,0.497713900000,-0.5694369385616226,-0.5694369385616226,-0.5694369385616226,0E-17,ELIGIBLE,R03b_20260811_FULL_v1,L1_ELIGIBILITY,v2026-08-11,2026-03-21..2026-08-06,baccarat_bet02_101_all_pairs_incl_sentinel,round_win = game_pnl > 0 (decisive only),COMPATIBILITY_ONLY_NOT_PRODUCTION,296357.1217,267511.9505,6650.6079,18220,18206,-0.02244119,-0.04150452,-0.02020951,-0.02244119,-6650.6079,296357.1217,OK,0.0000,266.0243,4.0000,96.0000,AG03-UNRESOLVED,ALL5_LEVELS_bet23_to_bet27,266.0243,266.0243,266.0243,332.5304,332.5304,4.000000,4.000000,4.000000,5.000000,5.000000,96.000000,96.000000,96.000000,95.000000,95.000000,5.0,1463.1337,1340.2688,5187.4742,5310.3391,PENDING_AG03,FALSE,NOT_FOR_ENFORCEMENT,6384.5836,256811.4724,6650.6079,6384.5836,266.0243,0.02244119,0.02154355,266.0243,6384.5836,0.02154355,266.0243,266.0243,266.0243,332.5304,332.5304,6384.5836,0.02154355,1463.1337,1340.2688,5187.4742,5310.3391,0.01750413,0.01791872,0.00089765,16.2655,14.6936,0.3653,59.3804,1.1678,2646.0457,162.5536,12.4780,16.8648,9.0895,16.5695,22.0926,29.825,33.4482,44.5976,11.8163,0.0,2.018664,2.691552,0.981654,30,240,141,4,0.10479828,0.02244119,0.04150452,0E-8,0.000000,0.902668,0.011910,-0.02129501,2026-03-22,2026-08-05,112,5695,2177,137,0.817518,0.739886,0.767145,0.349328,,,,,,,,GLOBAL_BASELINE_NO_ENTITY_RANKING,,,NOT_APPLICABLE_GLOBAL_BASELINE,HF9g-P5,,,,X 全窗基线 · 不参与实体赏罚,14196631,1420,A168_HF9F_20260827_0900,2026-08-27 09:00:00
2026-07-07,110249610,627,0,185.6884057971,-3.2862760692,-3.2862760692,0.5000000,11,11,0.49812011818181818,0.498120118182,0.010634292614227854,0.010634292613199302,0.010634292614227854,-1.8182E-13,ELIGIBLE,R03b_20260811_FULL_v1,L1_ELIGIBILITY,v2026-08-11,2026-03-21..2026-08-06,baccarat_bet02_101_all_pairs_incl_sentinel,round_win = game_pnl > 0 (decisive only),COMPATIBILITY_ONLY_NOT_PRODUCTION,296357.1217,267511.9505,6650.6079,18220,18206,-0.02244119,-0.04150452,-0.02020951,-0.02244119,-6650.6079,296357.1217,OK,0.0000,266.0243,4.0000,96.0000,AG03-UNRESOLVED,ALL5_LEVELS_bet23_to_bet27,266.0243,266.0243,266.0243,332.5304,332.5304,4.000000,4.000000,4.000000,5.000000,5.000000,96.000000,96.000000,96.000000,95.000000,95.000000,5.0,1463.1337,1340.2688,5187.4742,5310.3391,PENDING_AG03,FALSE,NOT_FOR_ENFORCEMENT,6384.5836,256811.4724,6650.6079,6384.5836,266.0243,0.02244119,0.02154355,266.0243,6384.5836,0.02154355,266.0243,266.0243,266.0243,332.5304,332.5304,6384.5836,0.02154355,1463.1337,1340.2688,5187.4742,5310.3391,0.01750413,0.01791872,0.00089765,16.2655,14.6936,0.3653,59.3804,1.1678,2646.0457,162.5536,12.4780,16.8648,9.0895,16.5695,22.0926,29.825,33.4482,44.5976,11.8163,0.0,2.018664,2.691552,0.981654,30,240,141,4,0.10479828,0.02244119,0.04150452,0E-8,0.000000,0.902668,0.011910,-0.02129501,2026-03-22,2026-08-05,112,5695,2177,137,0.817518,0.739886,0.767145,0.349328,,,,,,,,GLOBAL_BASELINE_NO_ENTITY_RANKING,,,NOT_APPLICABLE_GLOBAL_BASELINE,HF9g-P5,,,,X 全窗基线 · 不参与实体赏罚,14196632,1420,A168_HF9F_20260827_0900,2026-08-27 09:00:00
2026-07-07,110249610,763,0,22.0926122305,11.0463061153,11.0463061153,0.5000000,2,2,0.49994810000000000,0.499948100000,0.00014679536856514622,0.00014679536856514622,0.00014679536856514622,0E-17,ELIGIBLE,R03b_20260811_FULL_v1,L1_ELIGIBILITY,v2026-08-11,2026-03-21..2026-08-06,baccarat_bet02_101_all_pairs_incl_sentinel,round_win = game_pnl > 0 (decisive only),COMPATIBILITY_ONLY_NOT_PRODUCTION,296357.1217,267511.9505,6650.6079,18220,18206,-0.02244119,-0.04150452,-0.02020951,-0.02244119,-6650.6079,296357.1217,OK,0.0000,266.0243,4.0000,96.0000,AG03-UNRESOLVED,ALL5_LEVELS_bet23_to_bet27,266.0243,266.0243,266.0243,332.5304,332.5304,4.000000,4.000000,4.000000,5.000000,5.000000,96.000000,96.000000,96.000000,95.000000,95.000000,5.0,1463.1337,1340.2688,5187.4742,5310.3391,PENDING_AG03,FALSE,NOT_FOR_ENFORCEMENT,6384.5836,256811.4724,6650.6079,6384.5836,266.0243,0.02244119,0.02154355,266.0243,6384.5836,0.02154355,266.0243,266.0243,266.0243,332.5304,332.5304,6384.5836,0.02154355,1463.1337,1340.2688,5187.4742,5310.3391,0.01750413,0.01791872,0.00089765,16.2655,14.6936,0.3653,59.3804,1.1678,2646.0457,162.5536,12.4780,16.8648,9.0895,16.5695,22.0926,29.825,33.4482,44.5976,11.8163,0.0,2.018664,2.691552,0.981654,30,240,141,4,0.10479828,0.02244119,0.04150452,0E-8,0.000000,0.902668,0.011910,-0.02129501,2026-03-22,2026-08-05,112,5695,2177,137,0.817518,0.739886,0.767145,0.349328,,,,,,,,GLOBAL_BASELINE_NO_ENTITY_RANKING,,,NOT_APPLICABLE_GLOBAL_BASELINE,HF9g-P5,,,,X 全窗基线 · 不参与实体赏罚,14196633,1420,A168_HF9F_20260827_0900,2026-08-27 09:00:00
2026-07-07,110249610,986,0,60.7546836339,5.5231530577,5.5231530577,0.5000000,4,4,0.49324550000000000,0.493245500000,0.027020465636507562,0.027020465636507562,0.027020465636507562,0E-17,ELIGIBLE,R03b_20260811_FULL_v1,L1_ELIGIBILITY,v2026-08-11,2026-03-21..2026-08-06,baccarat_bet02_101_all_pairs_incl_sentinel,round_win = game_pnl > 0 (decisive only),COMPATIBILITY_ONLY_NOT_PRODUCTION,296357.1217,267511.9505,6650.6079,18220,18206,-0.02244119,-0.04150452,-0.02020951,-0.02244119,-6650.6079,296357.1217,OK,0.0000,266.0243,4.0000,96.0000,AG03-UNRESOLVED,ALL5_LEVELS_bet23_to_bet27,266.0243,266.0243,266.0243,332.5304,332.5304,4.000000,4.000000,4.000000,5.000000,5.000000,96.000000,96.000000,96.000000,95.000000,95.000000,5.0,1463.1337,1340.2688,5187.4742,5310.3391,PENDING_AG03,FALSE,NOT_FOR_ENFORCEMENT,6384.5836,256811.4724,6650.6079,6384.5836,266.0243,0.02244119,0.02154355,266.0243,6384.5836,0.02154355,266.0243,266.0243,266.0243,332.5304,332.5304,6384.5836,0.02154355,1463.1337,1340.2688,5187.4742,5310.3391,0.01750413,0.01791872,0.00089765,16.2655,14.6936,0.3653,59.3804,1.1678,2646.0457,162.5536,12.4780,16.8648,9.0895,16.5695,22.0926,29.825,33.4482,44.5976,11.8163,0.0,2.018664,2.691552,0.981654,30,240,141,4,0.10479828,0.02244119,0.04150452,0E-8,0.000000,0.902668,0.011910,-0.02129501,2026-03-22,2026-08-05,112,5695,2177,137,0.817518,0.739886,0.767145,0.349328,,,,,,,,GLOBAL_BASELINE_NO_ENTITY_RANKING,,,NOT_APPLICABLE_GLOBAL_BASELINE,HF9g-P5,,,,X 全窗基线 · 不参与实体赏罚,14196634,1420,A168_HF9F_20260827_0900,2026-08-27 09:00:00
2026-07-08,110249610,2153,0,9.3893601979,-9.3893601979,-9.3893601979,0E-7,1,1,0.49324550000000000,0.493245500000,-0.9865810262130424,-0.9865810262130424,-0.9865810262130424,0E-17,ELIGIBLE,R03b_20260811_FULL_v1,L1_ELIGIBILITY,v2026-08-11,2026-03-21..2026-08-06,baccarat_bet02_101_all_pairs_incl_sentinel,round_win = game_pnl > 0 (decisive only),COMPATIBILITY_ONLY_NOT_PRODUCTION,296357.1217,267511.9505,6650.6079,18220,18206,-0.02244119,-0.04150452,-0.02020951,-0.02244119,-6650.6079,296357.1217,OK,0.0000,266.0243,4.0000,96.0000,AG03-UNRESOLVED,ALL5_LEVELS_bet23_to_bet27,266.0243,266.0243,266.0243,332.5304,332.5304,4.000000,4.000000,4.000000,5.000000,5.000000,96.000000,96.000000,96.000000,95.000000,95.000000,5.0,1463.1337,1340.2688,5187.4742,5310.3391,PENDING_AG03,FALSE,NOT_FOR_ENFORCEMENT,6384.5836,256811.4724,6650.6079,6384.5836,266.0243,0.02244119,0.02154355,266.0243,6384.5836,0.02154355,266.0243,266.0243,266.0243,332.5304,332.5304,6384.5836,0.02154355,1463.1337,1340.2688,5187.4742,5310.3391,0.01750413,0.01791872,0.00089765,16.2655,14.6936,0.3653,59.3804,1.1678,2646.0457,162.5536,12.4780,16.8648,9.0895,16.5695,22.0926,29.825,33.4482,44.5976,11.8163,0.0,2.018664,2.691552,0.981654,30,240,141,4,0.10479828,0.02244119,0.04150452,0E-8,0.000000,0.902668,0.011910,-0.02129501,2026-03-22,2026-08-05,112,5695,2177,137,0.817518,0.739886,0.767145,0.349328,,,,,,,,GLOBAL_BASELINE_NO_ENTITY_RANKING,,,NOT_APPLICABLE_GLOBAL_BASELINE,HF9g-P5,,,,X 全窗基线 · 不参与实体赏罚,14196635,1420,A168_HF9F_20260827_0900,2026-08-27 09:00:00
2026-07-09,110249610,-1,1,146.5844821489,-43.2462884411,-43.2462884411,0.3333333,17,17,0.49955382941176471,0.499553829412,-1.287538938836404,-1.287538938838226,-1.287538938836404,-2.3529E-13,SENTINEL_DEALER,R03b_20260811_FULL_v1,L1_ELIGIBILITY,v2026-08-11,2026-03-21..2026-08-06,baccarat_bet02_101_all_pairs_incl_sentinel,round_win = game_pnl > 0 (decisive only),COMPATIBILITY_ONLY_NOT_PRODUCTION,296357.1217,267511.9505,6650.6079,18220,18206,-0.02244119,-0.04150452,-0.02020951,-0.02244119,-6650.6079,296357.1217,OK,0.0000,266.0243,4.0000,96.0000,AG03-UNRESOLVED,ALL5_LEVELS_bet23_to_bet27,266.0243,266.0243,266.0243,332.5304,332.5304,4.000000,4.000000,4.000000,5.000000,5.000000,96.000000,96.000000,96.000000,95.000000,95.000000,5.0,1463.1337,1340.2688,5187.4742,5310.3391,PENDING_AG03,FALSE,NOT_FOR_ENFORCEMENT,6384.5836,256811.4724,6650.6079,6384.5836,266.0243,0.02244119,0.02154355,266.0243,6384.5836,0.02154355,266.0243,266.0243,266.0243,332.5304,332.5304,6384.5836,0.02154355,1463.1337,1340.2688,5187.4742,5310.3391,0.01750413,0.01791872,0.00089765,16.2655,14.6936,0.3653,59.3804,1.1678,2646.0457,162.5536,12.4780,16.8648,9.0895,16.5695,22.0926,29.825,33.4482,44.5976,11.8163,0.0,2.018664,2.691552,0.981654,30,240,141,4,0.10479828,0.02244119,0.04150452,0E-8,0.000000,0.902668,0.011910,-0.02129501,2026-03-22,2026-08-05,112,5695,2177,137,0.817518,0.739886,0.767145,0.349328,,,,,,,,GLOBAL_BASELINE_NO_ENTITY_RANKING,,,NOT_APPLICABLE_GLOBAL_BASELINE,HF9g-P5,,,,X 全窗基线 · 不参与实体赏罚,14196636,1420,A168_HF9F_20260827_0900,2026-08-27 09:00:00
2026-07-09,110249610,1157,0,5.5231530576,-5.5231530576,-5.5231530576,0E-7,1,1,0.50665070000000000,0.506650700000,-1.013391052207602,-1.013391052207602,-1.013391052207602,0E-17,ELIGIBLE,R03b_20260811_FULL_v1,L1_ELIGIBILITY,v2026-08-11,2026-03-21..2026-08-06,baccarat_bet02_101_all_pairs_incl_sentinel,round_win = game_pnl > 0 (decisive only),COMPATIBILITY_ONLY_NOT_PRODUCTION,296357.1217,267511.9505,6650.6079,18220,18206,-0.02244119,-0.04150452,-0.02020951,-0.02244119,-6650.6079,296357.1217,OK,0.0000,266.0243,4.0000,96.0000,AG03-UNRESOLVED,ALL5_LEVELS_bet23_to_bet27,266.0243,266.0243,266.0243,332.5304,332.5304,4.000000,4.000000,4.000000,5.000000,5.000000,96.000000,96.000000,96.000000,95.000000,95.000000,5.0,1463.1337,1340.2688,5187.4742,5310.3391,PENDING_AG03,FALSE,NOT_FOR_ENFORCEMENT,6384.5836,256811.4724,6650.6079,6384.5836,266.0243,0.02244119,0.02154355,266.0243,6384.5836,0.02154355,266.0243,266.0243,266.0243,332.5304,332.5304,6384.5836,0.02154355,1463.1337,1340.2688,5187.4742,5310.3391,0.01750413,0.01791872,0.00089765,16.2655,14.6936,0.3653,59.3804,1.1678,2646.0457,162.5536,12.4780,16.8648,9.0895,16.5695,22.0926,29.825,33.4482,44.5976,11.8163,0.0,2.018664,2.691552,0.981654,30,240,141,4,0.10479828,0.02244119,0.04150452,0E-8,0.000000,0.902668,0.011910,-0.02129501,2026-03-22,2026-08-05,112,5695,2177,137,0.817518,0.739886,0.767145,0.349328,,,,,,,,GLOBAL_BASELINE_NO_ENTITY_RANKING,,,NOT_APPLICABLE_GLOBAL_BASELINE,HF9g-P5,,,,X 全窗基线 · 不参与实体赏罚,14196637,1420,A168_HF9F_20260827_0900,2026-08-27 09:00:00
2026-07-09,110249610,1354,0,5.5231530576,-5.5231530576,-5.5231530576,0E-7,1,1,0.49324550000000000,0.493245500000,-0.9865810262130424,-0.9865810262130424,-0.9865810262130424,0E-17,ELIGIBLE,R03b_20260811_FULL_v1,L1_ELIGIBILITY,v2026-08-11,2026-03-21..2026-08-06,baccarat_bet02_101_all_pairs_incl_sentinel,round_win = game_pnl > 0 (decisive only),COMPATIBILITY_ONLY_NOT_PRODUCTION,296357.1217,267511.9505,6650.6079,18220,18206,-0.02244119,-0.04150452,-0.02020951,-0.02244119,-6650.6079,296357.1217,OK,0.0000,266.0243,4.0000,96.0000,AG03-UNRESOLVED,ALL5_LEVELS_bet23_to_bet27,266.0243,266.0243,266.0243,332.5304,332.5304,4.000000,4.000000,4.000000,5.000000,5.000000,96.000000,96.000000,96.000000,95.000000,95.000000,5.0,1463.1337,1340.2688,5187.4742,5310.3391,PENDING_AG03,FALSE,NOT_FOR_ENFORCEMENT,6384.5836,256811.4724,6650.6079,6384.5836,266.0243,0.02244119,0.02154355,266.0243,6384.5836,0.02154355,266.0243,266.0243,266.0243,332.5304,332.5304,6384.5836,0.02154355,1463.1337,1340.2688,5187.4742,5310.3391,0.01750413,0.01791872,0.00089765,16.2655,14.6936,0.3653,59.3804,1.1678,2646.0457,162.5536,12.4780,16.8648,9.0895,16.5695,22.0926,29.825,33.4482,44.5976,11.8163,0.0,2.018664,2.691552,0.981654,30,240,141,4,0.10479828,0.02244119,0.04150452,0E-8,0.000000,0.902668,0.011910,-0.02129501,2026-03-22,2026-08-05,112,5695,2177,137,0.817518,0.739886,0.767145,0.349328,,,,,,,,GLOBAL_BASELINE_NO_ENTITY_RANKING,,,NOT_APPLICABLE_GLOBAL_BASELINE,HF9g-P5,,,,X 全窗基线 · 不参与实体赏罚,14196638,1420,A168_HF9F_20260827_0900,2026-08-27 09:00:00
2026-07-09,110249610,1509,0,5.5231530576,-5.5231530576,-5.5231530576,0E-7,1,1,0.49324550000000000,0.493245500000,-0.9865810262130424,-0.9865810262130424,-0.9865810262130424,0E-17,ELIGIBLE,R03b_20260811_FULL_v1,L1_ELIGIBILITY,v2026-08-11,2026-03-21..2026-08-06,baccarat_bet02_101_all_pairs_incl_sentinel,round_win = game_pnl > 0 (decisive only),COMPATIBILITY_ONLY_NOT_PRODUCTION,296357.1217,267511.9505,6650.6079,18220,18206,-0.02244119,-0.04150452,-0.02020951,-0.02244119,-6650.6079,296357.1217,OK,0.0000,266.0243,4.0000,96.0000,AG03-UNRESOLVED,ALL5_LEVELS_bet23_to_bet27,266.0243,266.0243,266.0243,332.5304,332.5304,4.000000,4.000000,4.000000,5.000000,5.000000,96.000000,96.000000,96.000000,95.000000,95.000000,5.0,1463.1337,1340.2688,5187.4742,5310.3391,PENDING_AG03,FALSE,NOT_FOR_ENFORCEMENT,6384.5836,256811.4724,6650.6079,6384.5836,266.0243,0.02244119,0.02154355,266.0243,6384.5836,0.02154355,266.0243,266.0243,266.0243,332.5304,332.5304,6384.5836,0.02154355,1463.1337,1340.2688,5187.4742,5310.3391,0.01750413,0.01791872,0.00089765,16.2655,14.6936,0.3653,59.3804,1.1678,2646.0457,162.5536,12.4780,16.8648,9.0895,16.5695,22.0926,29.825,33.4482,44.5976,11.8163,0.0,2.018664,2.691552,0.981654,30,240,141,4,0.10479828,0.02244119,0.04150452,0E-8,0.000000,0.902668,0.011910,-0.02129501,2026-03-22,2026-08-05,112,5695,2177,137,0.817518,0.739886,0.767145,0.349328,,,,,,,,GLOBAL_BASELINE_NO_ENTITY_RANKING,,,NOT_APPLICABLE_GLOBAL_BASELINE,HF9g-P5,,,,X 全窗基线 · 不参与实体赏罚,14196639,1420,A168_HF9F_20260827_0900,2026-08-27 09:00:00
2026-07-09,110249610,1957,0,5.7440791799,-5.7440791799,-5.7440791799,0E-7,1,1,0.49324550000000000,0.493245500000,-0.9865810262130424,-0.9865810262130424,-0.9865810262130424,0E-17,ELIGIBLE,R03b_20260811_FULL_v1,L1_ELIGIBILITY,v2026-08-11,2026-03-21..2026-08-06,baccarat_bet02_101_all_pairs_incl_sentinel,round_win = game_pnl > 0 (decisive only),COMPATIBILITY_ONLY_NOT_PRODUCTION,296357.1217,267511.9505,6650.6079,18220,18206,-0.02244119,-0.04150452,-0.02020951,-0.02244119,-6650.6079,296357.1217,OK,0.0000,266.0243,4.0000,96.0000,AG03-UNRESOLVED,ALL5_LEVELS_bet23_to_bet27,266.0243,266.0243,266.0243,332.5304,332.5304,4.000000,4.000000,4.000000,5.000000,5.000000,96.000000,96.000000,96.000000,95.000000,95.000000,5.0,1463.1337,1340.2688,5187.4742,5310.3391,PENDING_AG03,FALSE,NOT_FOR_ENFORCEMENT,6384.5836,256811.4724,6650.6079,6384.5836,266.0243,0.02244119,0.02154355,266.0243,6384.5836,0.02154355,266.0243,266.0243,266.0243,332.5304,332.5304,6384.5836,0.02154355,1463.1337,1340.2688,5187.4742,5310.3391,0.01750413,0.01791872,0.00089765,16.2655,14.6936,0.3653,59.3804,1.1678,2646.0457,162.5536,12.4780,16.8648,9.0895,16.5695,22.0926,29.825,33.4482,44.5976,11.8163,0.0,2.018664,2.691552,0.981654,30,240,141,4,0.10479828,0.02244119,0.04150452,0E-8,0.000000,0.902668,0.011910,-0.02129501,2026-03-22,2026-08-05,112,5695,2177,137,0.817518,0.739886,0.767145,0.349328,,,,,,,,GLOBAL_BASELINE_NO_ENTITY_RANKING,,,NOT_APPLICABLE_GLOBAL_BASELINE,HF9g-P5,,,,X 全窗基线 · 不参与实体赏罚,14196640,1420,A168_HF9F_20260827_0900,2026-08-27 09:00:00
2026-07-09,110249610,2071,0,49.1560622127,-16.8456168257,-16.8456168257,0.5000000,4,4,0.50329940000000000,0.503299400000,-0.01319788734859681,-0.01319788734859681,-0.01319788734859681,0E-17,ELIGIBLE,R03b_20260811_FULL_v1,L1_ELIGIBILITY,v2026-08-11,2026-03-21..2026-08-06,baccarat_bet02_101_all_pairs_incl_sentinel,round_win = game_pnl > 0 (decisive only),COMPATIBILITY_ONLY_NOT_PRODUCTION,296357.1217,267511.9505,6650.6079,18220,18206,-0.02244119,-0.04150452,-0.02020951,-0.02244119,-6650.6079,296357.1217,OK,0.0000,266.0243,4.0000,96.0000,AG03-UNRESOLVED,ALL5_LEVELS_bet23_to_bet27,266.0243,266.0243,266.0243,332.5304,332.5304,4.000000,4.000000,4.000000,5.000000,5.000000,96.000000,96.000000,96.000000,95.000000,95.000000,5.0,1463.1337,1340.2688,5187.4742,5310.3391,PENDING_AG03,FALSE,NOT_FOR_ENFORCEMENT,6384.5836,256811.4724,6650.6079,6384.5836,266.0243,0.02244119,0.02154355,266.0243,6384.5836,0.02154355,266.0243,266.0243,266.0243,332.5304,332.5304,6384.5836,0.02154355,1463.1337,1340.2688,5187.4742,5310.3391,0.01750413,0.01791872,0.00089765,16.2655,14.6936,0.3653,59.3804,1.1678,2646.0457,162.5536,12.4780,16.8648,9.0895,16.5695,22.0926,29.825,33.4482,44.5976,11.8163,0.0,2.018664,2.691552,0.981654,30,240,141,4,0.10479828,0.02244119,0.04150452,0E-8,0.000000,0.902668,0.011910,-0.02129501,2026-03-22,2026-08-05,112,5695,2177,137,0.817518,0.739886,0.767145,0.349328,,,,,,,,GLOBAL_BASELINE_NO_ENTITY_RANKING,,,NOT_APPLICABLE_GLOBAL_BASELINE,HF9g-P5,,,,X 全窗基线 · 不参与实体赏罚,14196641,1420,A168_HF9F_20260827_0900,2026-08-27 09:00:00
2026-07-09,110249610,2127,0,11.0463061152,-11.0463061152,-11.0463061152,0E-7,1,1,0.50665070000000000,0.506650700000,-1.013391052207602,-1.013391052207602,-1.013391052207602,0E-17,ELIGIBLE,R03b_20260811_FULL_v1,L1_ELIGIBILITY,v2026-08-11,2026-03-21..2026-08-06,baccarat_bet02_101_all_pairs_incl_sentinel,round_win = game_pnl > 0 (decisive only),COMPATIBILITY_ONLY_NOT_PRODUCTION,296357.1217,267511.9505,6650.6079,18220,18206,-0.02244119,-0.04150452,-0.02020951,-0.02244119,-6650.6079,296357.1217,OK,0.0000,266.0243,4.0000,96.0000,AG03-UNRESOLVED,ALL5_LEVELS_bet23_to_bet27,266.0243,266.0243,266.0243,332.5304,332.5304,4.000000,4.000000,4.000000,5.000000,5.000000,96.000000,96.000000,96.000000,95.000000,95.000000,5.0,1463.1337,1340.2688,5187.4742,5310.3391,PENDING_AG03,FALSE,NOT_FOR_ENFORCEMENT,6384.5836,256811.4724,6650.6079,6384.5836,266.0243,0.02244119,0.02154355,266.0243,6384.5836,0.02154355,266.0243,266.0243,266.0243,332.5304,332.5304,6384.5836,0.02154355,1463.1337,1340.2688,5187.4742,5310.3391,0.01750413,0.01791872,0.00089765,16.2655,14.6936,0.3653,59.3804,1.1678,2646.0457,162.5536,12.4780,16.8648,9.0895,16.5695,22.0926,29.825,33.4482,44.5976,11.8163,0.0,2.018664,2.691552,0.981654,30,240,141,4,0.10479828,0.02244119,0.04150452,0E-8,0.000000,0.902668,0.011910,-0.02129501,2026-03-22,2026-08-05,112,5695,2177,137,0.817518,0.739886,0.767145,0.349328,,,,,,,,GLOBAL_BASELINE_NO_ENTITY_RANKING,,,NOT_APPLICABLE_GLOBAL_BASELINE,HF9g-P5,,,,X 全窗基线 · 不参与实体赏罚,14196642,1420,A168_HF9F_20260827_0900,2026-08-27 09:00:00
2026-07-09,110249610,2188,0,5.5231530576,5.5231530576,5.5231530576,1.0000000,1,1,0.49324550000000000,0.493245500000,1.01360149184955,1.01360149184955,1.01360149184955,0E-17,ELIGIBLE,R03b_20260811_FULL_v1,L1_ELIGIBILITY,v2026-08-11,2026-03-21..2026-08-06,baccarat_bet02_101_all_pairs_incl_sentinel,round_win = game_pnl > 0 (decisive only),COMPATIBILITY_ONLY_NOT_PRODUCTION,296357.1217,267511.9505,6650.6079,18220,18206,-0.02244119,-0.04150452,-0.02020951,-0.02244119,-6650.6079,296357.1217,OK,0.0000,266.0243,4.0000,96.0000,AG03-UNRESOLVED,ALL5_LEVELS_bet23_to_bet27,266.0243,266.0243,266.0243,332.5304,332.5304,4.000000,4.000000,4.000000,5.000000,5.000000,96.000000,96.000000,96.000000,95.000000,95.000000,5.0,1463.1337,1340.2688,5187.4742,5310.3391,PENDING_AG03,FALSE,NOT_FOR_ENFORCEMENT,6384.5836,256811.4724,6650.6079,6384.5836,266.0243,0.02244119,0.02154355,266.0243,6384.5836,0.02154355,266.0243,266.0243,266.0243,332.5304,332.5304,6384.5836,0.02154355,1463.1337,1340.2688,5187.4742,5310.3391,0.01750413,0.01791872,0.00089765,16.2655,14.6936,0.3653,59.3804,1.1678,2646.0457,162.5536,12.4780,16.8648,9.0895,16.5695,22.0926,29.825,33.4482,44.5976,11.8163,0.0,2.018664,2.691552,0.981654,30,240,141,4,0.10479828,0.02244119,0.04150452,0E-8,0.000000,0.902668,0.011910,-0.02129501,2026-03-22,2026-08-05,112,5695,2177,137,0.817518,0.739886,0.767145,0.349328,,,,,,,,GLOBAL_BASELINE_NO_ENTITY_RANKING,,,NOT_APPLICABLE_GLOBAL_BASELINE,HF9g-P5,,,,X 全窗基线 · 不参与实体赏罚,14196643,1420,A168_HF9F_20260827_0900,2026-08-27 09:00:00
2026-07-09,110249610,2201,0,23.4181689643,-11.5710056557,-11.5710056557,0.3333333,3,3,0.50665070000000000,0.506650700000,-0.6004420894325239,-0.6004420894325239,-0.6004420894325239,0E-17,ELIGIBLE,R03b_20260811_FULL_v1,L1_ELIGIBILITY,v2026-08-11,2026-03-21..2026-08-06,baccarat_bet02_101_all_pairs_incl_sentinel,round_win = game_pnl > 0 (decisive only),COMPATIBILITY_ONLY_NOT_PRODUCTION,296357.1217,267511.9505,6650.6079,18220,18206,-0.02244119,-0.04150452,-0.02020951,-0.02244119,-6650.6079,296357.1217,OK,0.0000,266.0243,4.0000,96.0000,AG03-UNRESOLVED,ALL5_LEVELS_bet23_to_bet27,266.0243,266.0243,266.0243,332.5304,332.5304,4.000000,4.000000,4.000000,5.000000,5.000000,96.000000,96.000000,96.000000,95.000000,95.000000,5.0,1463.1337,1340.2688,5187.4742,5310.3391,PENDING_AG03,FALSE,NOT_FOR_ENFORCEMENT,6384.5836,256811.4724,6650.6079,6384.5836,266.0243,0.02244119,0.02154355,266.0243,6384.5836,0.02154355,266.0243,266.0243,266.0243,332.5304,332.5304,6384.5836,0.02154355,1463.1337,1340.2688,5187.4742,5310.3391,0.01750413,0.01791872,0.00089765,16.2655,14.6936,0.3653,59.3804,1.1678,2646.0457,162.5536,12.4780,16.8648,9.0895,16.5695,22.0926,29.825,33.4482,44.5976,11.8163,0.0,2.018664,2.691552,0.981654,30,240,141,4,0.10479828,0.02244119,0.04150452,0E-8,0.000000,0.902668,0.011910,-0.02129501,2026-03-22,2026-08-05,112,5695,2177,137,0.817518,0.739886,0.767145,0.349328,,,,,,,,GLOBAL_BASELINE_NO_ENTITY_RANKING,,,NOT_APPLICABLE_GLOBAL_BASELINE,HF9g-P5,,,,X 全窗基线 · 不参与实体赏罚,14196644,1420,A168_HF9F_20260827_0900,2026-08-27 09:00:00
2026-07-10,110249610,-1,1,587.5530222689,88.6300371160,88.6300371160,0.6111111,60,60,0.49972468000000000,0.499724680000,1.6370397711302078,1.637039771130208,1.6370397711302078,0E-17,SENTINEL_DEALER,R03b_20260811_FULL_v1,L1_ELIGIBILITY,v2026-08-11,2026-03-21..2026-08-06,baccarat_bet02_101_all_pairs_incl_sentinel,round_win = game_pnl > 0 (decisive only),COMPATIBILITY_ONLY_NOT_PRODUCTION,296357.1217,267511.9505,6650.6079,18220,18206,-0.02244119,-0.04150452,-0.02020951,-0.02244119,-6650.6079,296357.1217,OK,0.0000,266.0243,4.0000,96.0000,AG03-UNRESOLVED,ALL5_LEVELS_bet23_to_bet27,266.0243,266.0243,266.0243,332.5304,332.5304,4.000000,4.000000,4.000000,5.000000,5.000000,96.000000,96.000000,96.000000,95.000000,95.000000,5.0,1463.1337,1340.2688,5187.4742,5310.3391,PENDING_AG03,FALSE,NOT_FOR_ENFORCEMENT,6384.5836,256811.4724,6650.6079,6384.5836,266.0243,0.02244119,0.02154355,266.0243,6384.5836,0.02154355,266.0243,266.0243,266.0243,332.5304,332.5304,6384.5836,0.02154355,1463.1337,1340.2688,5187.4742,5310.3391,0.01750413,0.01791872,0.00089765,16.2655,14.6936,0.3653,59.3804,1.1678,2646.0457,162.5536,12.4780,16.8648,9.0895,16.5695,22.0926,29.825,33.4482,44.5976,11.8163,0.0,2.018664,2.691552,0.981654,30,240,141,4,0.10479828,0.02244119,0.04150452,0E-8,0.000000,0.902668,0.011910,-0.02129501,2026-03-22,2026-08-05,112,5695,2177,137,0.817518,0.739886,0.767145,0.349328,,,,,,,,GLOBAL_BASELINE_NO_ENTITY_RANKING,,,NOT_APPLICABLE_GLOBAL_BASELINE,HF9g-P5,,,,X 全窗基线 · 不参与实体赏罚,14196645,1420,A168_HF9F_20260827_0900,2026-08-27 09:00:00
2026-07-10,110249610,1094,0,137.5265111346,27.6102421351,27.6102421351,0.7000000,11,11,0.50665070000000000,0.506650700000,1.2229565359475965,1.2229565359475965,1.2229565359475965,0E-17,ELIGIBLE,R03b_20260811_FULL_v1,L1_ELIGIBILITY,v2026-08-11,2026-03-21..2026-08-06,baccarat_bet02_101_all_pairs_incl_sentinel,round_win = game_pnl > 0 (decisive only),COMPATIBILITY_ONLY_NOT_PRODUCTION,296357.1217,267511.9505,6650.6079,18220,18206,-0.02244119,-0.04150452,-0.02020951,-0.02244119,-6650.6079,296357.1217,OK,0.0000,266.0243,4.0000,96.0000,AG03-UNRESOLVED,ALL5_LEVELS_bet23_to_bet27,266.0243,266.0243,266.0243,332.5304,332.5304,4.000000,4.000000,4.000000,5.000000,5.000000,96.000000,96.000000,96.000000,95.000000,95.000000,5.0,1463.1337,1340.2688,5187.4742,5310.3391,PENDING_AG03,FALSE,NOT_FOR_ENFORCEMENT,6384.5836,256811.4724,6650.6079,6384.5836,266.0243,0.02244119,0.02154355,266.0243,6384.5836,0.02154355,266.0243,266.0243,266.0243,332.5304,332.5304,6384.5836,0.02154355,1463.1337,1340.2688,5187.4742,5310.3391,0.01750413,0.01791872,0.00089765,16.2655,14.6936,0.3653,59.3804,1.1678,2646.0457,162.5536,12.4780,16.8648,9.0895,16.5695,22.0926,29.825,33.4482,44.5976,11.8163,0.0,2.018664,2.691552,0.981654,30,240,141,4,0.10479828,0.02244119,0.04150452,0E-8,0.000000,0.902668,0.011910,-0.02129501,2026-03-22,2026-08-05,112,5695,2177,137,0.817518,0.739886,0.767145,0.349328,,,,,,,,GLOBAL_BASELINE_NO_ENTITY_RANKING,,,NOT_APPLICABLE_GLOBAL_BASELINE,HF9g-P5,,,,X 全窗基线 · 不参与实体赏罚,14196646,1420,A168_HF9F_20260827_0900,2026-08-27 09:00:00
2026-07-10,110249610,1109,0,21.5402969247,-21.5402969247,-21.5402969247,0E-7,2,2,0.49994810000000000,0.499948100000,-1.4140667746232096,-1.4140667746232096,-1.4140667746232096,0E-17,ELIGIBLE,R03b_20260811_FULL_v1,L1_ELIGIBILITY,v2026-08-11,2026-03-21..2026-08-06,baccarat_bet02_101_all_pairs_incl_sentinel,round_win = game_pnl > 0 (decisive only),COMPATIBILITY_ONLY_NOT_PRODUCTION,296357.1217,267511.9505,6650.6079,18220,18206,-0.02244119,-0.04150452,-0.02020951,-0.02244119,-6650.6079,296357.1217,OK,0.0000,266.0243,4.0000,96.0000,AG03-UNRESOLVED,ALL5_LEVELS_bet23_to_bet27,266.0243,266.0243,266.0243,332.5304,332.5304,4.000000,4.000000,4.000000,5.000000,5.000000,96.000000,96.000000,96.000000,95.000000,95.000000,5.0,1463.1337,1340.2688,5187.4742,5310.3391,PENDING_AG03,FALSE,NOT_FOR_ENFORCEMENT,6384.5836,256811.4724,6650.6079,6384.5836,266.0243,0.02244119,0.02154355,266.0243,6384.5836,0.02154355,266.0243,266.0243,266.0243,332.5304,332.5304,6384.5836,0.02154355,1463.1337,1340.2688,5187.4742,5310.3391,0.01750413,0.01791872,0.00089765,16.2655,14.6936,0.3653,59.3804,1.1678,2646.0457,162.5536,12.4780,16.8648,9.0895,16.5695,22.0926,29.825,33.4482,44.5976,11.8163,0.0,2.018664,2.691552,0.981654,30,240,141,4,0.10479828,0.02244119,0.04150452,0E-8,0.000000,0.902668,0.011910,-0.02129501,2026-03-22,2026-08-05,112,5695,2177,137,0.817518,0.739886,0.767145,0.349328,,,,,,,,GLOBAL_BASELINE_NO_ENTITY_RANKING,,,NOT_APPLICABLE_GLOBAL_BASELINE,HF9g-P5,,,,X 全窗基线 · 不参与实体赏罚,14196647,1420,A168_HF9F_20260827_0900,2026-08-27 09:00:00
2026-07-10,110249610,1318,0,16.5694591728,-5.7993107105,-5.7993107105,0.5000000,2,2,0.50665070000000000,0.506650700000,-0.018812684590367487,-0.018812684590367487,-0.018812684590367487,0E-17,ELIGIBLE,R03b_20260811_FULL_v1,L1_ELIGIBILITY,v2026-08-11,2026-03-21..2026-08-06,baccarat_bet02_101_all_pairs_incl_sentinel,round_win = game_pnl > 0 (decisive only),COMPATIBILITY_ONLY_NOT_PRODUCTION,296357.1217,267511.9505,6650.6079,18220,18206,-0.02244119,-0.04150452,-0.02020951,-0.02244119,-6650.6079,296357.1217,OK,0.0000,266.0243,4.0000,96.0000,AG03-UNRESOLVED,ALL5_LEVELS_bet23_to_bet27,266.0243,266.0243,266.0243,332.5304,332.5304,4.000000,4.000000,4.000000,5.000000,5.000000,96.000000,96.000000,96.000000,95.000000,95.000000,5.0,1463.1337,1340.2688,5187.4742,5310.3391,PENDING_AG03,FALSE,NOT_FOR_ENFORCEMENT,6384.5836,256811.4724,6650.6079,6384.5836,266.0243,0.02244119,0.02154355,266.0243,6384.5836,0.02154355,266.0243,266.0243,266.0243,332.5304,332.5304,6384.5836,0.02154355,1463.1337,1340.2688,5187.4742,5310.3391,0.01750413,0.01791872,0.00089765,16.2655,14.6936,0.3653,59.3804,1.1678,2646.0457,162.5536,12.4780,16.8648,9.0895,16.5695,22.0926,29.825,33.4482,44.5976,11.8163,0.0,2.018664,2.691552,0.981654,30,240,141,4,0.10479828,0.02244119,0.04150452,0E-8,0.000000,0.902668,0.011910,-0.02129501,2026-03-22,2026-08-05,112,5695,2177,137,0.817518,0.739886,0.767145,0.349328,,,,,,,,GLOBAL_BASELINE_NO_ENTITY_RANKING,,,NOT_APPLICABLE_GLOBAL_BASELINE,HF9g-P5,,,,X 全窗基线 · 不参与实体赏罚,14196648,1420,A168_HF9F_20260827_0900,2026-08-27 09:00:00
2026-07-10,110249610,1330,0,3.3138918346,-3.3138918346,-3.3138918346,0E-7,1,1,0.50665070000000000,0.506650700000,-1.013391052207602,-1.013391052207602,-1.013391052207602,0E-17,ELIGIBLE,R03b_20260811_FULL_v1,L1_ELIGIBILITY,v2026-08-11,2026-03-21..2026-08-06,baccarat_bet02_101_all_pairs_incl_sentinel,round_win = game_pnl > 0 (decisive only),COMPATIBILITY_ONLY_NOT_PRODUCTION,296357.1217,267511.9505,6650.6079,18220,18206,-0.02244119,-0.04150452,-0.02020951,-0.02244119,-6650.6079,296357.1217,OK,0.0000,266.0243,4.0000,96.0000,AG03-UNRESOLVED,ALL5_LEVELS_bet23_to_bet27,266.0243,266.0243,266.0243,332.5304,332.5304,4.000000,4.000000,4.000000,5.000000,5.000000,96.000000,96.000000,96.000000,95.000000,95.000000,5.0,1463.1337,1340.2688,5187.4742,5310.3391,PENDING_AG03,FALSE,NOT_FOR_ENFORCEMENT,6384.5836,256811.4724,6650.6079,6384.5836,266.0243,0.02244119,0.02154355,266.0243,6384.5836,0.02154355,266.0243,266.0243,266.0243,332.5304,332.5304,6384.5836,0.02154355,1463.1337,1340.2688,5187.4742,5310.3391,0.01750413,0.01791872,0.00089765,16.2655,14.6936,0.3653,59.3804,1.1678,2646.0457,162.5536,12.4780,16.8648,9.0895,16.5695,22.0926,29.825,33.4482,44.5976,11.8163,0.0,2.018664,2.691552,0.981654,30,240,141,4,0.10479828,0.02244119,0.04150452,0E-8,0.000000,0.902668,0.011910,-0.02129501,2026-03-22,2026-08-05,112,5695,2177,137,0.817518,0.739886,0.767145,0.349328,,,,,,,,GLOBAL_BASELINE_NO_ENTITY_RANKING,,,NOT_APPLICABLE_GLOBAL_BASELINE,HF9g-P5,,,,X 全窗基线 · 不参与实体赏罚,14196649,1420,A168_HF9F_20260827_0900,2026-08-27 09:00:00
2026-07-10,110249610,1396,0,18.4473312124,-7.6771827501,-7.6771827501,0.5000000,2,2,0.50665070000000000,0.506650700000,-0.018812684590367487,-0.018812684590367487,-0.018812684590367487,0E-17,ELIGIBLE,R03b_20260811_FULL_v1,L1_ELIGIBILITY,v2026-08-11,2026-03-21..2026-08-06,baccarat_bet02_101_all_pairs_incl_sentinel,round_win = game_pnl > 0 (decisive only),COMPATIBILITY_ONLY_NOT_PRODUCTION,296357.1217,267511.9505,6650.6079,18220,18206,-0.02244119,-0.04150452,-0.02020951,-0.02244119,-6650.6079,296357.1217,OK,0.0000,266.0243,4.0000,96.0000,AG03-UNRESOLVED,ALL5_LEVELS_bet23_to_bet27,266.0243,266.0243,266.0243,332.5304,332.5304,4.000000,4.000000,4.000000,5.000000,5.000000,96.000000,96.000000,96.000000,95.000000,95.000000,5.0,1463.1337,1340.2688,5187.4742,5310.3391,PENDING_AG03,FALSE,NOT_FOR_ENFORCEMENT,6384.5836,256811.4724,6650.6079,6384.5836,266.0243,0.02244119,0.02154355,266.0243,6384.5836,0.02154355,266.0243,266.0243,266.0243,332.5304,332.5304,6384.5836,0.02154355,1463.1337,1340.2688,5187.4742,5310.3391,0.01750413,0.01791872,0.00089765,16.2655,14.6936,0.3653,59.3804,1.1678,2646.0457,162.5536,12.4780,16.8648,9.0895,16.5695,22.0926,29.825,33.4482,44.5976,11.8163,0.0,2.018664,2.691552,0.981654,30,240,141,4,0.10479828,0.02244119,0.04150452,0E-8,0.000000,0.902668,0.011910,-0.02129501,2026-03-22,2026-08-05,112,5695,2177,137,0.817518,0.739886,0.767145,0.349328,,,,,,,,GLOBAL_BASELINE_NO_ENTITY_RANKING,,,NOT_APPLICABLE_GLOBAL_BASELINE,HF9g-P5,,,,X 全窗基线 · 不参与实体赏罚,14196650,1420,A168_HF9F_20260827_0900,2026-08-27 09:00:00
2026-07-10,110249610,1485,0,4.4185224461,-4.4185224461,-4.4185224461,0E-7,1,1,0.50665070000000000,0.506650700000,-1.013391052207602,-1.013391052207602,-1.013391052207602,0E-17,ELIGIBLE,R03b_20260811_FULL_v1,L1_ELIGIBILITY,v2026-08-11,2026-03-21..2026-08-06,baccarat_bet02_101_all_pairs_incl_sentinel,round_win = game_pnl > 0 (decisive only),COMPATIBILITY_ONLY_NOT_PRODUCTION,296357.1217,267511.9505,6650.6079,18220,18206,-0.02244119,-0.04150452,-0.02020951,-0.02244119,-6650.6079,296357.1217,OK,0.0000,266.0243,4.0000,96.0000,AG03-UNRESOLVED,ALL5_LEVELS_bet23_to_bet27,266.0243,266.0243,266.0243,332.5304,332.5304,4.000000,4.000000,4.000000,5.000000,5.000000,96.000000,96.000000,96.000000,95.000000,95.000000,5.0,1463.1337,1340.2688,5187.4742,5310.3391,PENDING_AG03,FALSE,NOT_FOR_ENFORCEMENT,6384.5836,256811.4724,6650.6079,6384.5836,266.0243,0.02244119,0.02154355,266.0243,6384.5836,0.02154355,266.0243,266.0243,266.0243,332.5304,332.5304,6384.5836,0.02154355,1463.1337,1340.2688,5187.4742,5310.3391,0.01750413,0.01791872,0.00089765,16.2655,14.6936,0.3653,59.3804,1.1678,2646.0457,162.5536,12.4780,16.8648,9.0895,16.5695,22.0926,29.825,33.4482,44.5976,11.8163,0.0,2.018664,2.691552,0.981654,30,240,141,4,0.10479828,0.02244119,0.04150452,0E-8,0.000000,0.902668,0.011910,-0.02129501,2026-03-22,2026-08-05,112,5695,2177,137,0.817518,0.739886,0.767145,0.349328,,,,,,,,GLOBAL_BASELINE_NO_ENTITY_RANKING,,,NOT_APPLICABLE_GLOBAL_BASELINE,HF9g-P5,,,,X 全窗基线 · 不参与实体赏罚,14196651,1420,A168_HF9F_20260827_0900,2026-08-27 09:00:00
2026-07-10,110249610,1507,0,16.5694591728,-5.5231530576,-5.5231530576,0.5000000,2,2,0.49324550000000000,0.493245500000,0.01910635448239258,0.01910635448239258,0.01910635448239258,0E-17,ELIGIBLE,R03b_20260811_FULL_v1,L1_ELIGIBILITY,v2026-08-11,2026-03-21..2026-08-06,baccarat_bet02_101_all_pairs_incl_sentinel,round_win = game_pnl > 0 (decisive only),COMPATIBILITY_ONLY_NOT_PRODUCTION,296357.1217,267511.9505,6650.6079,18220,18206,-0.02244119,-0.04150452,-0.02020951,-0.02244119,-6650.6079,296357.1217,OK,0.0000,266.0243,4.0000,96.0000,AG03-UNRESOLVED,ALL5_LEVELS_bet23_to_bet27,266.0243,266.0243,266.0243,332.5304,332.5304,4.000000,4.000000,4.000000,5.000000,5.000000,96.000000,96.000000,96.000000,95.000000,95.000000,5.0,1463.1337,1340.2688,5187.4742,5310.3391,PENDING_AG03,FALSE,NOT_FOR_ENFORCEMENT,6384.5836,256811.4724,6650.6079,6384.5836,266.0243,0.02244119,0.02154355,266.0243,6384.5836,0.02154355,266.0243,266.0243,266.0243,332.5304,332.5304,6384.5836,0.02154355,1463.1337,1340.2688,5187.4742,5310.3391,0.01750413,0.01791872,0.00089765,16.2655,14.6936,0.3653,59.3804,1.1678,2646.0457,162.5536,12.4780,16.8648,9.0895,16.5695,22.0926,29.825,33.4482,44.5976,11.8163,0.0,2.018664,2.691552,0.981654,30,240,141,4,0.10479828,0.02244119,0.04150452,0E-8,0.000000,0.902668,0.011910,-0.02129501,2026-03-22,2026-08-05,112,5695,2177,137,0.817518,0.739886,0.767145,0.349328,,,,,,,,GLOBAL_BASELINE_NO_ENTITY_RANKING,,,NOT_APPLICABLE_GLOBAL_BASELINE,HF9g-P5,,,,X 全窗基线 · 不参与实体赏罚,14196652,1420,A168_HF9F_20260827_0900,2026-08-27 09:00:00
2026-07-10,110249610,1704,0,37.3365146695,-26.5663662072,-26.5663662072,0.2500000,4,4,0.49994810000000000,0.499948100000,-0.9997924053861017,-0.9997924053861017,-0.9997924053861017,0E-17,ELIGIBLE,R03b_20260811_FULL_v1,L1_ELIGIBILITY,v2026-08-11,2026-03-21..2026-08-06,baccarat_bet02_101_all_pairs_incl_sentinel,round_win = game_pnl > 0 (decisive only),COMPATIBILITY_ONLY_NOT_PRODUCTION,296357.1217,267511.9505,6650.6079,18220,18206,-0.02244119,-0.04150452,-0.02020951,-0.02244119,-6650.6079,296357.1217,OK,0.0000,266.0243,4.0000,96.0000,AG03-UNRESOLVED,ALL5_LEVELS_bet23_to_bet27,266.0243,266.0243,266.0243,332.5304,332.5304,4.000000,4.000000,4.000000,5.000000,5.000000,96.000000,96.000000,96.000000,95.000000,95.000000,5.0,1463.1337,1340.2688,5187.4742,5310.3391,PENDING_AG03,FALSE,NOT_FOR_ENFORCEMENT,6384.5836,256811.4724,6650.6079,6384.5836,266.0243,0.02244119,0.02154355,266.0243,6384.5836,0.02154355,266.0243,266.0243,266.0243,332.5304,332.5304,6384.5836,0.02154355,1463.1337,1340.2688,5187.4742,5310.3391,0.01750413,0.01791872,0.00089765,16.2655,14.6936,0.3653,59.3804,1.1678,2646.0457,162.5536,12.4780,16.8648,9.0895,16.5695,22.0926,29.825,33.4482,44.5976,11.8163,0.0,2.018664,2.691552,0.981654,30,240,141,4,0.10479828,0.02244119,0.04150452,0E-8,0.000000,0.902668,0.011910,-0.02129501,2026-03-22,2026-08-05,112,5695,2177,137,0.817518,0.739886,0.767145,0.349328,,,,,,,,GLOBAL_BASELINE_NO_ENTITY_RANKING,,,NOT_APPLICABLE_GLOBAL_BASELINE,HF9g-P5,,,,X 全窗基线 · 不参与实体赏罚,14196653,1420,A168_HF9F_20260827_0900,2026-08-27 09:00:00
2026-07-10,110249610,1957,0,29.4936373276,-18.7234888653,-18.7234888653,0.3333333,3,3,0.50218230000000000,0.502182300000,-0.5849155494134425,-0.5849155494134426,-0.5849155494134425,0E-17,ELIGIBLE,R03b_20260811_FULL_v1,L1_ELIGIBILITY,v2026-08-11,2026-03-21..2026-08-06,baccarat_bet02_101_all_pairs_incl_sentinel,round_win = game_pnl > 0 (decisive only),COMPATIBILITY_ONLY_NOT_PRODUCTION,296357.1217,267511.9505,6650.6079,18220,18206,-0.02244119,-0.04150452,-0.02020951,-0.02244119,-6650.6079,296357.1217,OK,0.0000,266.0243,4.0000,96.0000,AG03-UNRESOLVED,ALL5_LEVELS_bet23_to_bet27,266.0243,266.0243,266.0243,332.5304,332.5304,4.000000,4.000000,4.000000,5.000000,5.000000,96.000000,96.000000,96.000000,95.000000,95.000000,5.0,1463.1337,1340.2688,5187.4742,5310.3391,PENDING_AG03,FALSE,NOT_FOR_ENFORCEMENT,6384.5836,256811.4724,6650.6079,6384.5836,266.0243,0.02244119,0.02154355,266.0243,6384.5836,0.02154355,266.0243,266.0243,266.0243,332.5304,332.5304,6384.5836,0.02154355,1463.1337,1340.2688,5187.4742,5310.3391,0.01750413,0.01791872,0.00089765,16.2655,14.6936,0.3653,59.3804,1.1678,2646.0457,162.5536,12.4780,16.8648,9.0895,16.5695,22.0926,29.825,33.4482,44.5976,11.8163,0.0,2.018664,2.691552,0.981654,30,240,141,4,0.10479828,0.02244119,0.04150452,0E-8,0.000000,0.902668,0.011910,-0.02129501,2026-03-22,2026-08-05,112,5695,2177,137,0.817518,0.739886,0.767145,0.349328,,,,,,,,GLOBAL_BASELINE_NO_ENTITY_RANKING,,,NOT_APPLICABLE_GLOBAL_BASELINE,HF9g-P5,,,,X 全窗基线 · 不参与实体赏罚,14196654,1420,A168_HF9F_20260827_0900,2026-08-27 09:00:00
2026-07-10,110249610,2101,0,27.6157652880,-16.5694591728,-16.5694591728,0E-7,3,3,0.49771390000000000,0.497713900000,-1.4077622098436522,-1.4077622098436524,-1.4077622098436522,0E-17,ELIGIBLE,R03b_20260811_FULL_v1,L1_ELIGIBILITY,v2026-08-11,2026-03-21..2026-08-06,baccarat_bet02_101_all_pairs_incl_sentinel,round_win = game_pnl > 0 (decisive only),COMPATIBILITY_ONLY_NOT_PRODUCTION,296357.1217,267511.9505,6650.6079,18220,18206,-0.02244119,-0.04150452,-0.02020951,-0.02244119,-6650.6079,296357.1217,OK,0.0000,266.0243,4.0000,96.0000,AG03-UNRESOLVED,ALL5_LEVELS_bet23_to_bet27,266.0243,266.0243,266.0243,332.5304,332.5304,4.000000,4.000000,4.000000,5.000000,5.000000,96.000000,96.000000,96.000000,95.000000,95.000000,5.0,1463.1337,1340.2688,5187.4742,5310.3391,PENDING_AG03,FALSE,NOT_FOR_ENFORCEMENT,6384.5836,256811.4724,6650.6079,6384.5836,266.0243,0.02244119,0.02154355,266.0243,6384.5836,0.02154355,266.0243,266.0243,266.0243,332.5304,332.5304,6384.5836,0.02154355,1463.1337,1340.2688,5187.4742,5310.3391,0.01750413,0.01791872,0.00089765,16.2655,14.6936,0.3653,59.3804,1.1678,2646.0457,162.5536,12.4780,16.8648,9.0895,16.5695,22.0926,29.825,33.4482,44.5976,11.8163,0.0,2.018664,2.691552,0.981654,30,240,141,4,0.10479828,0.02244119,0.04150452,0E-8,0.000000,0.902668,0.011910,-0.02129501,2026-03-22,2026-08-05,112,5695,2177,137,0.817518,0.739886,0.767145,0.349328,,,,,,,,GLOBAL_BASELINE_NO_ENTITY_RANKING,,,NOT_APPLICABLE_GLOBAL_BASELINE,HF9g-P5,,,,X 全窗基线 · 不参与实体赏罚,14196655,1420,A168_HF9F_20260827_0900,2026-08-27 09:00:00
2026-07-10,110249610,2106,0,15.6857546836,-15.6857546836,-15.6857546836,0E-7,1,1,0.50665070000000000,0.506650700000,-1.013391052207602,-1.013391052207602,-1.013391052207602,0E-17,ELIGIBLE,R03b_20260811_FULL_v1,L1_ELIGIBILITY,v2026-08-11,2026-03-21..2026-08-06,baccarat_bet02_101_all_pairs_incl_sentinel,round_win = game_pnl > 0 (decisive only),COMPATIBILITY_ONLY_NOT_PRODUCTION,296357.1217,267511.9505,6650.6079,18220,18206,-0.02244119,-0.04150452,-0.02020951,-0.02244119,-6650.6079,296357.1217,OK,0.0000,266.0243,4.0000,96.0000,AG03-UNRESOLVED,ALL5_LEVELS_bet23_to_bet27,266.0243,266.0243,266.0243,332.5304,332.5304,4.000000,4.000000,4.000000,5.000000,5.000000,96.000000,96.000000,96.000000,95.000000,95.000000,5.0,1463.1337,1340.2688,5187.4742,5310.3391,PENDING_AG03,FALSE,NOT_FOR_ENFORCEMENT,6384.5836,256811.4724,6650.6079,6384.5836,266.0243,0.02244119,0.02154355,266.0243,6384.5836,0.02154355,266.0243,266.0243,266.0243,332.5304,332.5304,6384.5836,0.02154355,1463.1337,1340.2688,5187.4742,5310.3391,0.01750413,0.01791872,0.00089765,16.2655,14.6936,0.3653,59.3804,1.1678,2646.0457,162.5536,12.4780,16.8648,9.0895,16.5695,22.0926,29.825,33.4482,44.5976,11.8163,0.0,2.018664,2.691552,0.981654,30,240,141,4,0.10479828,0.02244119,0.04150452,0E-8,0.000000,0.902668,0.011910,-0.02129501,2026-03-22,2026-08-05,112,5695,2177,137,0.817518,0.739886,0.767145,0.349328,,,,,,,,GLOBAL_BASELINE_NO_ENTITY_RANKING,,,NOT_APPLICABLE_GLOBAL_BASELINE,HF9g-P5,,,,X 全窗基线 · 不参与实体赏罚,14196656,1420,A168_HF9F_20260827_0900,2026-08-27 09:00:00
2026-07-10,110249610,2118,0,1.6569459173,1.5740986214,1.5740986214,1.0000000,1,1,0.50665070000000000,0.506650700000,0.9867858985152569,0.9867858985152569,0.9867858985152569,0E-17,ELIGIBLE,R03b_20260811_FULL_v1,L1_ELIGIBILITY,v2026-08-11,2026-03-21..2026-08-06,baccarat_bet02_101_all_pairs_incl_sentinel,round_win = game_pnl > 0 (decisive only),COMPATIBILITY_ONLY_NOT_PRODUCTION,296357.1217,267511.9505,6650.6079,18220,18206,-0.02244119,-0.04150452,-0.02020951,-0.02244119,-6650.6079,296357.1217,OK,0.0000,266.0243,4.0000,96.0000,AG03-UNRESOLVED,ALL5_LEVELS_bet23_to_bet27,266.0243,266.0243,266.0243,332.5304,332.5304,4.000000,4.000000,4.000000,5.000000,5.000000,96.000000,96.000000,96.000000,95.000000,95.000000,5.0,1463.1337,1340.2688,5187.4742,5310.3391,PENDING_AG03,FALSE,NOT_FOR_ENFORCEMENT,6384.5836,256811.4724,6650.6079,6384.5836,266.0243,0.02244119,0.02154355,266.0243,6384.5836,0.02154355,266.0243,266.0243,266.0243,332.5304,332.5304,6384.5836,0.02154355,1463.1337,1340.2688,5187.4742,5310.3391,0.01750413,0.01791872,0.00089765,16.2655,14.6936,0.3653,59.3804,1.1678,2646.0457,162.5536,12.4780,16.8648,9.0895,16.5695,22.0926,29.825,33.4482,44.5976,11.8163,0.0,2.018664,2.691552,0.981654,30,240,141,4,0.10479828,0.02244119,0.04150452,0E-8,0.000000,0.902668,0.011910,-0.02129501,2026-03-22,2026-08-05,112,5695,2177,137,0.817518,0.739886,0.767145,0.349328,,,,,,,,GLOBAL_BASELINE_NO_ENTITY_RANKING,,,NOT_APPLICABLE_GLOBAL_BASELINE,HF9g-P5,,,,X 全窗基线 · 不参与实体赏罚,14196657,1420,A168_HF9F_20260827_0900,2026-08-27 09:00:00
2026-07-10,110249610,2121,0,11.0463061152,0E-10,0E-10,,1,1,0.49324550000000000,0.493245500000,,,,0E-17,NO_DECISIVE_ROUND,R03b_20260811_FULL_v1,L1_ELIGIBILITY,v2026-08-11,2026-03-21..2026-08-06,baccarat_bet02_101_all_pairs_incl_sentinel,round_win = game_pnl > 0 (decisive only),COMPATIBILITY_ONLY_NOT_PRODUCTION,296357.1217,267511.9505,6650.6079,18220,18206,-0.02244119,-0.04150452,-0.02020951,-0.02244119,-6650.6079,296357.1217,OK,0.0000,266.0243,4.0000,96.0000,AG03-UNRESOLVED,ALL5_LEVELS_bet23_to_bet27,266.0243,266.0243,266.0243,332.5304,332.5304,4.000000,4.000000,4.000000,5.000000,5.000000,96.000000,96.000000,96.000000,95.000000,95.000000,5.0,1463.1337,1340.2688,5187.4742,5310.3391,PENDING_AG03,FALSE,NOT_FOR_ENFORCEMENT,6384.5836,256811.4724,6650.6079,6384.5836,266.0243,0.02244119,0.02154355,266.0243,6384.5836,0.02154355,266.0243,266.0243,266.0243,332.5304,332.5304,6384.5836,0.02154355,1463.1337,1340.2688,5187.4742,5310.3391,0.01750413,0.01791872,0.00089765,16.2655,14.6936,0.3653,59.3804,1.1678,2646.0457,162.5536,12.4780,16.8648,9.0895,16.5695,22.0926,29.825,33.4482,44.5976,11.8163,0.0,2.018664,2.691552,0.981654,30,240,141,4,0.10479828,0.02244119,0.04150452,0E-8,0.000000,0.902668,0.011910,-0.02129501,2026-03-22,2026-08-05,112,5695,2177,137,0.817518,0.739886,0.767145,0.349328,,,,,,,,GLOBAL_BASELINE_NO_ENTITY_RANKING,,,NOT_APPLICABLE_GLOBAL_BASELINE,HF9g-P5,,,,X 全窗基线 · 不参与实体赏罚,14196658,1420,A168_HF9F_20260827_0900,2026-08-27 09:00:00
2026-07-10,110249610,2123,0,27.6157652881,26.2349770237,26.2349770237,1.0000000,2,2,0.50665070000000000,0.506650700000,1.3955260008387969,1.3955260008387969,1.3955260008387969,0E-17,ELIGIBLE,R03b_20260811_FULL_v1,L1_ELIGIBILITY,v2026-08-11,2026-03-21..2026-08-06,baccarat_bet02_101_all_pairs_incl_sentinel,round_win = game_pnl > 0 (decisive only),COMPATIBILITY_ONLY_NOT_PRODUCTION,296357.1217,267511.9505,6650.6079,18220,18206,-0.02244119,-0.04150452,-0.02020951,-0.02244119,-6650.6079,296357.1217,OK,0.0000,266.0243,4.0000,96.0000,AG03-UNRESOLVED,ALL5_LEVELS_bet23_to_bet27,266.0243,266.0243,266.0243,332.5304,332.5304,4.000000,4.000000,4.000000,5.000000,5.000000,96.000000,96.000000,96.000000,95.000000,95.000000,5.0,1463.1337,1340.2688,5187.4742,5310.3391,PENDING_AG03,FALSE,NOT_FOR_ENFORCEMENT,6384.5836,256811.4724,6650.6079,6384.5836,266.0243,0.02244119,0.02154355,266.0243,6384.5836,0.02154355,266.0243,266.0243,266.0243,332.5304,332.5304,6384.5836,0.02154355,1463.1337,1340.2688,5187.4742,5310.3391,0.01750413,0.01791872,0.00089765,16.2655,14.6936,0.3653,59.3804,1.1678,2646.0457,162.5536,12.4780,16.8648,9.0895,16.5695,22.0926,29.825,33.4482,44.5976,11.8163,0.0,2.018664,2.691552,0.981654,30,240,141,4,0.10479828,0.02244119,0.04150452,0E-8,0.000000,0.902668,0.011910,-0.02129501,2026-03-22,2026-08-05,112,5695,2177,137,0.817518,0.739886,0.767145,0.349328,,,,,,,,GLOBAL_BASELINE_NO_ENTITY_RANKING,,,NOT_APPLICABLE_GLOBAL_BASELINE,HF9g-P5,,,,X 全窗基线 · 不参与实体赏罚,14196659,1420,A168_HF9F_20260827_0900,2026-08-27 09:00:00
2026-07-10,110249610,2130,0,16.5694591729,16.5694591729,16.5694591729,1.0000000,1,1,0.49324550000000000,0.493245500000,1.01360149184955,1.01360149184955,1.01360149184955,0E-17,ELIGIBLE,R03b_20260811_FULL_v1,L1_ELIGIBILITY,v2026-08-11,2026-03-21..2026-08-06,baccarat_bet02_101_all_pairs_incl_sentinel,round_win = game_pnl > 0 (decisive only),COMPATIBILITY_ONLY_NOT_PRODUCTION,296357.1217,267511.9505,6650.6079,18220,18206,-0.02244119,-0.04150452,-0.02020951,-0.02244119,-6650.6079,296357.1217,OK,0.0000,266.0243,4.0000,96.0000,AG03-UNRESOLVED,ALL5_LEVELS_bet23_to_bet27,266.0243,266.0243,266.0243,332.5304,332.5304,4.000000,4.000000,4.000000,5.000000,5.000000,96.000000,96.000000,96.000000,95.000000,95.000000,5.0,1463.1337,1340.2688,5187.4742,5310.3391,PENDING_AG03,FALSE,NOT_FOR_ENFORCEMENT,6384.5836,256811.4724,6650.6079,6384.5836,266.0243,0.02244119,0.02154355,266.0243,6384.5836,0.02154355,266.0243,266.0243,266.0243,332.5304,332.5304,6384.5836,0.02154355,1463.1337,1340.2688,5187.4742,5310.3391,0.01750413,0.01791872,0.00089765,16.2655,14.6936,0.3653,59.3804,1.1678,2646.0457,162.5536,12.4780,16.8648,9.0895,16.5695,22.0926,29.825,33.4482,44.5976,11.8163,0.0,2.018664,2.691552,0.981654,30,240,141,4,0.10479828,0.02244119,0.04150452,0E-8,0.000000,0.902668,0.011910,-0.02129501,2026-03-22,2026-08-05,112,5695,2177,137,0.817518,0.739886,0.767145,0.349328,,,,,,,,GLOBAL_BASELINE_NO_ENTITY_RANKING,,,NOT_APPLICABLE_GLOBAL_BASELINE,HF9g-P5,,,,X 全窗基线 · 不参与实体赏罚,14196660,1420,A168_HF9F_20260827_0900,2026-08-27 09:00:00
2026-07-10,110249610,2142,0,38.6620714033,4.4185224461,4.4185224461,0.6666667,3,3,0.50665070000000000,0.506650700000,0.5543606114942035,0.5543606114942035,0.5543606114942035,0E-17,ELIGIBLE,R03b_20260811_FULL_v1,L1_ELIGIBILITY,v2026-08-11,2026-03-21..2026-08-06,baccarat_bet02_101_all_pairs_incl_sentinel,round_win = game_pnl > 0 (decisive only),COMPATIBILITY_ONLY_NOT_PRODUCTION,296357.1217,267511.9505,6650.6079,18220,18206,-0.02244119,-0.04150452,-0.02020951,-0.02244119,-6650.6079,296357.1217,OK,0.0000,266.0243,4.0000,96.0000,AG03-UNRESOLVED,ALL5_LEVELS_bet23_to_bet27,266.0243,266.0243,266.0243,332.5304,332.5304,4.000000,4.000000,4.000000,5.000000,5.000000,96.000000,96.000000,96.000000,95.000000,95.000000,5.0,1463.1337,1340.2688,5187.4742,5310.3391,PENDING_AG03,FALSE,NOT_FOR_ENFORCEMENT,6384.5836,256811.4724,6650.6079,6384.5836,266.0243,0.02244119,0.02154355,266.0243,6384.5836,0.02154355,266.0243,266.0243,266.0243,332.5304,332.5304,6384.5836,0.02154355,1463.1337,1340.2688,5187.4742,5310.3391,0.01750413,0.01791872,0.00089765,16.2655,14.6936,0.3653,59.3804,1.1678,2646.0457,162.5536,12.4780,16.8648,9.0895,16.5695,22.0926,29.825,33.4482,44.5976,11.8163,0.0,2.018664,2.691552,0.981654,30,240,141,4,0.10479828,0.02244119,0.04150452,0E-8,0.000000,0.902668,0.011910,-0.02129501,2026-03-22,2026-08-05,112,5695,2177,137,0.817518,0.739886,0.767145,0.349328,,,,,,,,GLOBAL_BASELINE_NO_ENTITY_RANKING,,,NOT_APPLICABLE_GLOBAL_BASELINE,HF9g-P5,,,,X 全窗基线 · 不参与实体赏罚,14196661,1420,A168_HF9F_20260827_0900,2026-08-27 09:00:00
2026-07-10,110249610,2145,0,5.5231530576,-5.5231530576,-5.5231530576,0E-7,1,1,0.50665070000000000,0.506650700000,-1.013391052207602,-1.013391052207602,-1.013391052207602,0E-17,ELIGIBLE,R03b_20260811_FULL_v1,L1_ELIGIBILITY,v2026-08-11,2026-03-21..2026-08-06,baccarat_bet02_101_all_pairs_incl_sentinel,round_win = game_pnl > 0 (decisive only),COMPATIBILITY_ONLY_NOT_PRODUCTION,296357.1217,267511.9505,6650.6079,18220,18206,-0.02244119,-0.04150452,-0.02020951,-0.02244119,-6650.6079,296357.1217,OK,0.0000,266.0243,4.0000,96.0000,AG03-UNRESOLVED,ALL5_LEVELS_bet23_to_bet27,266.0243,266.0243,266.0243,332.5304,332.5304,4.000000,4.000000,4.000000,5.000000,5.000000,96.000000,96.000000,96.000000,95.000000,95.000000,5.0,1463.1337,1340.2688,5187.4742,5310.3391,PENDING_AG03,FALSE,NOT_FOR_ENFORCEMENT,6384.5836,256811.4724,6650.6079,6384.5836,266.0243,0.02244119,0.02154355,266.0243,6384.5836,0.02154355,266.0243,266.0243,266.0243,332.5304,332.5304,6384.5836,0.02154355,1463.1337,1340.2688,5187.4742,5310.3391,0.01750413,0.01791872,0.00089765,16.2655,14.6936,0.3653,59.3804,1.1678,2646.0457,162.5536,12.4780,16.8648,9.0895,16.5695,22.0926,29.825,33.4482,44.5976,11.8163,0.0,2.018664,2.691552,0.981654,30,240,141,4,0.10479828,0.02244119,0.04150452,0E-8,0.000000,0.902668,0.011910,-0.02129501,2026-03-22,2026-08-05,112,5695,2177,137,0.817518,0.739886,0.767145,0.349328,,,,,,,,GLOBAL_BASELINE_NO_ENTITY_RANKING,,,NOT_APPLICABLE_GLOBAL_BASELINE,HF9g-P5,,,,X 全窗基线 · 不参与实体赏罚,14196662,1420,A168_HF9F_20260827_0900,2026-08-27 09:00:00
2026-07-10,110249610,2147,0,44.1852244610,-11.0463061152,-11.0463061152,0.3333333,3,3,0.49324550000000000,0.493245500000,-0.5540025479526107,-0.5540025479526106,-0.5540025479526107,0E-17,ELIGIBLE,R03b_20260811_FULL_v1,L1_ELIGIBILITY,v2026-08-11,2026-03-21..2026-08-06,baccarat_bet02_101_all_pairs_incl_sentinel,round_win = game_pnl > 0 (decisive only),COMPATIBILITY_ONLY_NOT_PRODUCTION,296357.1217,267511.9505,6650.6079,18220,18206,-0.02244119,-0.04150452,-0.02020951,-0.02244119,-6650.6079,296357.1217,OK,0.0000,266.0243,4.0000,96.0000,AG03-UNRESOLVED,ALL5_LEVELS_bet23_to_bet27,266.0243,266.0243,266.0243,332.5304,332.5304,4.000000,4.000000,4.000000,5.000000,5.000000,96.000000,96.000000,96.000000,95.000000,95.000000,5.0,1463.1337,1340.2688,5187.4742,5310.3391,PENDING_AG03,FALSE,NOT_FOR_ENFORCEMENT,6384.5836,256811.4724,6650.6079,6384.5836,266.0243,0.02244119,0.02154355,266.0243,6384.5836,0.02154355,266.0243,266.0243,266.0243,332.5304,332.5304,6384.5836,0.02154355,1463.1337,1340.2688,5187.4742,5310.3391,0.01750413,0.01791872,0.00089765,16.2655,14.6936,0.3653,59.3804,1.1678,2646.0457,162.5536,12.4780,16.8648,9.0895,16.5695,22.0926,29.825,33.4482,44.5976,11.8163,0.0,2.018664,2.691552,0.981654,30,240,141,4,0.10479828,0.02244119,0.04150452,0E-8,0.000000,0.902668,0.011910,-0.02129501,2026-03-22,2026-08-05,112,5695,2177,137,0.817518,0.739886,0.767145,0.349328,,,,,,,,GLOBAL_BASELINE_NO_ENTITY_RANKING,,,NOT_APPLICABLE_GLOBAL_BASELINE,HF9g-P5,,,,X 全窗基线 · 不参与实体赏罚,14196663,1420,A168_HF9F_20260827_0900,2026-08-27 09:00:00
2026-07-10,110249610,2156,0,7.8428773418,-5.6336161188,-5.6336161188,0E-7,2,2,0.50665070000000000,0.506650700000,-1.013391052207602,-1.013391052207602,-1.013391052207602,0E-17,ELIGIBLE,R03b_20260811_FULL_v1,L1_ELIGIBILITY,v2026-08-11,2026-03-21..2026-08-06,baccarat_bet02_101_all_pairs_incl_sentinel,round_win = game_pnl > 0 (decisive only),COMPATIBILITY_ONLY_NOT_PRODUCTION,296357.1217,267511.9505,6650.6079,18220,18206,-0.02244119,-0.04150452,-0.02020951,-0.02244119,-6650.6079,296357.1217,OK,0.0000,266.0243,4.0000,96.0000,AG03-UNRESOLVED,ALL5_LEVELS_bet23_to_bet27,266.0243,266.0243,266.0243,332.5304,332.5304,4.000000,4.000000,4.000000,5.000000,5.000000,96.000000,96.000000,96.000000,95.000000,95.000000,5.0,1463.1337,1340.2688,5187.4742,5310.3391,PENDING_AG03,FALSE,NOT_FOR_ENFORCEMENT,6384.5836,256811.4724,6650.6079,6384.5836,266.0243,0.02244119,0.02154355,266.0243,6384.5836,0.02154355,266.0243,266.0243,266.0243,332.5304,332.5304,6384.5836,0.02154355,1463.1337,1340.2688,5187.4742,5310.3391,0.01750413,0.01791872,0.00089765,16.2655,14.6936,0.3653,59.3804,1.1678,2646.0457,162.5536,12.4780,16.8648,9.0895,16.5695,22.0926,29.825,33.4482,44.5976,11.8163,0.0,2.018664,2.691552,0.981654,30,240,141,4,0.10479828,0.02244119,0.04150452,0E-8,0.000000,0.902668,0.011910,-0.02129501,2026-03-22,2026-08-05,112,5695,2177,137,0.817518,0.739886,0.767145,0.349328,,,,,,,,GLOBAL_BASELINE_NO_ENTITY_RANKING,,,NOT_APPLICABLE_GLOBAL_BASELINE,HF9g-P5,,,,X 全窗基线 · 不参与实体赏罚,14196664,1420,A168_HF9F_20260827_0900,2026-08-27 09:00:00
2026-07-10,110249610,2174,0,11.0463061152,-11.0463061152,-11.0463061152,0E-7,1,1,0.50665070000000000,0.506650700000,-1.013391052207602,-1.013391052207602,-1.013391052207602,0E-17,ELIGIBLE,R03b_20260811_FULL_v1,L1_ELIGIBILITY,v2026-08-11,2026-03-21..2026-08-06,baccarat_bet02_101_all_pairs_incl_sentinel,round_win = game_pnl > 0 (decisive only),COMPATIBILITY_ONLY_NOT_PRODUCTION,296357.1217,267511.9505,6650.6079,18220,18206,-0.02244119,-0.04150452,-0.02020951,-0.02244119,-6650.6079,296357.1217,OK,0.0000,266.0243,4.0000,96.0000,AG03-UNRESOLVED,ALL5_LEVELS_bet23_to_bet27,266.0243,266.0243,266.0243,332.5304,332.5304,4.000000,4.000000,4.000000,5.000000,5.000000,96.000000,96.000000,96.000000,95.000000,95.000000,5.0,1463.1337,1340.2688,5187.4742,5310.3391,PENDING_AG03,FALSE,NOT_FOR_ENFORCEMENT,6384.5836,256811.4724,6650.6079,6384.5836,266.0243,0.02244119,0.02154355,266.0243,6384.5836,0.02154355,266.0243,266.0243,266.0243,332.5304,332.5304,6384.5836,0.02154355,1463.1337,1340.2688,5187.4742,5310.3391,0.01750413,0.01791872,0.00089765,16.2655,14.6936,0.3653,59.3804,1.1678,2646.0457,162.5536,12.4780,16.8648,9.0895,16.5695,22.0926,29.825,33.4482,44.5976,11.8163,0.0,2.018664,2.691552,0.981654,30,240,141,4,0.10479828,0.02244119,0.04150452,0E-8,0.000000,0.902668,0.011910,-0.02129501,2026-03-22,2026-08-05,112,5695,2177,137,0.817518,0.739886,0.767145,0.349328,,,,,,,,GLOBAL_BASELINE_NO_ENTITY_RANKING,,,NOT_APPLICABLE_GLOBAL_BASELINE,HF9g-P5,,,,X 全窗基线 · 不参与实体赏罚,14196665,1420,A168_HF9F_20260827_0900,2026-08-27 09:00:00
2026-07-10,110249610,2175,0,43.0805938493,-10.4939908094,-10.4939908094,0.5000000,3,3,0.50665070000000000,0.506650700000,-0.018812684590367487,-0.018812684590367487,-0.018812684590367487,0E-17,ELIGIBLE,R03b_20260811_FULL_v1,L1_ELIGIBILITY,v2026-08-11,2026-03-21..2026-08-06,baccarat_bet02_101_all_pairs_incl_sentinel,round_win = game_pnl > 0 (decisive only),COMPATIBILITY_ONLY_NOT_PRODUCTION,296357.1217,267511.9505,6650.6079,18220,18206,-0.02244119,-0.04150452,-0.02020951,-0.02244119,-6650.6079,296357.1217,OK,0.0000,266.0243,4.0000,96.0000,AG03-UNRESOLVED,ALL5_LEVELS_bet23_to_bet27,266.0243,266.0243,266.0243,332.5304,332.5304,4.000000,4.000000,4.000000,5.000000,5.000000,96.000000,96.000000,96.000000,95.000000,95.000000,5.0,1463.1337,1340.2688,5187.4742,5310.3391,PENDING_AG03,FALSE,NOT_FOR_ENFORCEMENT,6384.5836,256811.4724,6650.6079,6384.5836,266.0243,0.02244119,0.02154355,266.0243,6384.5836,0.02154355,266.0243,266.0243,266.0243,332.5304,332.5304,6384.5836,0.02154355,1463.1337,1340.2688,5187.4742,5310.3391,0.01750413,0.01791872,0.00089765,16.2655,14.6936,0.3653,59.3804,1.1678,2646.0457,162.5536,12.4780,16.8648,9.0895,16.5695,22.0926,29.825,33.4482,44.5976,11.8163,0.0,2.018664,2.691552,0.981654,30,240,141,4,0.10479828,0.02244119,0.04150452,0E-8,0.000000,0.902668,0.011910,-0.02129501,2026-03-22,2026-08-05,112,5695,2177,137,0.817518,0.739886,0.767145,0.349328,,,,,,,,GLOBAL_BASELINE_NO_ENTITY_RANKING,,,NOT_APPLICABLE_GLOBAL_BASELINE,HF9g-P5,,,,X 全窗基线 · 不参与实体赏罚,14196666,1420,A168_HF9F_20260827_0900,2026-08-27 09:00:00
2026-07-10,110249610,2205,0,5.5231530576,5.2469954047,5.2469954047,1.0000000,1,1,0.50665070000000000,0.506650700000,0.9867858985152569,0.9867858985152569,0.9867858985152569,0E-17,ELIGIBLE,R03b_20260811_FULL_v1,L1_ELIGIBILITY,v2026-08-11,2026-03-21..2026-08-06,baccarat_bet02_101_all_pairs_incl_sentinel,round_win = game_pnl > 0 (decisive only),COMPATIBILITY_ONLY_NOT_PRODUCTION,296357.1217,267511.9505,6650.6079,18220,18206,-0.02244119,-0.04150452,-0.02020951,-0.02244119,-6650.6079,296357.1217,OK,0.0000,266.0243,4.0000,96.0000,AG03-UNRESOLVED,ALL5_LEVELS_bet23_to_bet27,266.0243,266.0243,266.0243,332.5304,332.5304,4.000000,4.000000,4.000000,5.000000,5.000000,96.000000,96.000000,96.000000,95.000000,95.000000,5.0,1463.1337,1340.2688,5187.4742,5310.3391,PENDING_AG03,FALSE,NOT_FOR_ENFORCEMENT,6384.5836,256811.4724,6650.6079,6384.5836,266.0243,0.02244119,0.02154355,266.0243,6384.5836,0.02154355,266.0243,266.0243,266.0243,332.5304,332.5304,6384.5836,0.02154355,1463.1337,1340.2688,5187.4742,5310.3391,0.01750413,0.01791872,0.00089765,16.2655,14.6936,0.3653,59.3804,1.1678,2646.0457,162.5536,12.4780,16.8648,9.0895,16.5695,22.0926,29.825,33.4482,44.5976,11.8163,0.0,2.018664,2.691552,0.981654,30,240,141,4,0.10479828,0.02244119,0.04150452,0E-8,0.000000,0.902668,0.011910,-0.02129501,2026-03-22,2026-08-05,112,5695,2177,137,0.817518,0.739886,0.767145,0.349328,,,,,,,,GLOBAL_BASELINE_NO_ENTITY_RANKING,,,NOT_APPLICABLE_GLOBAL_BASELINE,HF9g-P5,,,,X 全窗基线 · 不参与实体赏罚,14196667,1420,A168_HF9F_20260827_0900,2026-08-27 09:00:00
2026-07-10,110249610,2220,0,25.8483563096,11.6317603393,11.6317603393,0.8000000,5,5,0.50665070000000000,0.506650700000,1.3120140225494112,1.3120140225494112,1.3120140225494112,0E-17,ELIGIBLE,R03b_20260811_FULL_v1,L1_ELIGIBILITY,v2026-08-11,2026-03-21..2026-08-06,baccarat_bet02_101_all_pairs_incl_sentinel,round_win = game_pnl > 0 (decisive only),COMPATIBILITY_ONLY_NOT_PRODUCTION,296357.1217,267511.9505,6650.6079,18220,18206,-0.02244119,-0.04150452,-0.02020951,-0.02244119,-6650.6079,296357.1217,OK,0.0000,266.0243,4.0000,96.0000,AG03-UNRESOLVED,ALL5_LEVELS_bet23_to_bet27,266.0243,266.0243,266.0243,332.5304,332.5304,4.000000,4.000000,4.000000,5.000000,5.000000,96.000000,96.000000,96.000000,95.000000,95.000000,5.0,1463.1337,1340.2688,5187.4742,5310.3391,PENDING_AG03,FALSE,NOT_FOR_ENFORCEMENT,6384.5836,256811.4724,6650.6079,6384.5836,266.0243,0.02244119,0.02154355,266.0243,6384.5836,0.02154355,266.0243,266.0243,266.0243,332.5304,332.5304,6384.5836,0.02154355,1463.1337,1340.2688,5187.4742,5310.3391,0.01750413,0.01791872,0.00089765,16.2655,14.6936,0.3653,59.3804,1.1678,2646.0457,162.5536,12.4780,16.8648,9.0895,16.5695,22.0926,29.825,33.4482,44.5976,11.8163,0.0,2.018664,2.691552,0.981654,30,240,141,4,0.10479828,0.02244119,0.04150452,0E-8,0.000000,0.902668,0.011910,-0.02129501,2026-03-22,2026-08-05,112,5695,2177,137,0.817518,0.739886,0.767145,0.349328,,,,,,,,GLOBAL_BASELINE_NO_ENTITY_RANKING,,,NOT_APPLICABLE_GLOBAL_BASELINE,HF9g-P5,,,,X 全窗基线 · 不参与实体赏罚,14196668,1420,A168_HF9F_20260827_0900,2026-08-27 09:00:00
2026-07-10,110249610,2222,0,115.9862142101,16.5694591729,16.5694591729,0.6000000,7,7,0.49324550000000000,0.493245500000,0.47746420675292983,0.47746420675292983,0.47746420675292983,0E-17,ELIGIBLE,R03b_20260811_FULL_v1,L1_ELIGIBILITY,v2026-08-11,2026-03-21..2026-08-06,baccarat_bet02_101_all_pairs_incl_sentinel,round_win = game_pnl > 0 (decisive only),COMPATIBILITY_ONLY_NOT_PRODUCTION,296357.1217,267511.9505,6650.6079,18220,18206,-0.02244119,-0.04150452,-0.02020951,-0.02244119,-6650.6079,296357.1217,OK,0.0000,266.0243,4.0000,96.0000,AG03-UNRESOLVED,ALL5_LEVELS_bet23_to_bet27,266.0243,266.0243,266.0243,332.5304,332.5304,4.000000,4.000000,4.000000,5.000000,5.000000,96.000000,96.000000,96.000000,95.000000,95.000000,5.0,1463.1337,1340.2688,5187.4742,5310.3391,PENDING_AG03,FALSE,NOT_FOR_ENFORCEMENT,6384.5836,256811.4724,6650.6079,6384.5836,266.0243,0.02244119,0.02154355,266.0243,6384.5836,0.02154355,266.0243,266.0243,266.0243,332.5304,332.5304,6384.5836,0.02154355,1463.1337,1340.2688,5187.4742,5310.3391,0.01750413,0.01791872,0.00089765,16.2655,14.6936,0.3653,59.3804,1.1678,2646.0457,162.5536,12.4780,16.8648,9.0895,16.5695,22.0926,29.825,33.4482,44.5976,11.8163,0.0,2.018664,2.691552,0.981654,30,240,141,4,0.10479828,0.02244119,0.04150452,0E-8,0.000000,0.902668,0.011910,-0.02129501,2026-03-22,2026-08-05,112,5695,2177,137,0.817518,0.739886,0.767145,0.349328,,,,,,,,GLOBAL_BASELINE_NO_ENTITY_RANKING,,,NOT_APPLICABLE_GLOBAL_BASELINE,HF9g-P5,,,,X 全窗基线 · 不参与实体赏罚,14196669,1420,A168_HF9F_20260827_0900,2026-08-27 09:00:00
2026-07-10,110249610,2223,0,11.0463061152,-11.0463061152,-11.0463061152,0E-7,1,1,0.49324550000000000,0.493245500000,-0.9865810262130424,-0.9865810262130424,-0.9865810262130424,0E-17,ELIGIBLE,R03b_20260811_FULL_v1,L1_ELIGIBILITY,v2026-08-11,2026-03-21..2026-08-06,baccarat_bet02_101_all_pairs_incl_sentinel,round_win = game_pnl > 0 (decisive only),COMPATIBILITY_ONLY_NOT_PRODUCTION,296357.1217,267511.9505,6650.6079,18220,18206,-0.02244119,-0.04150452,-0.02020951,-0.02244119,-6650.6079,296357.1217,OK,0.0000,266.0243,4.0000,96.0000,AG03-UNRESOLVED,ALL5_LEVELS_bet23_to_bet27,266.0243,266.0243,266.0243,332.5304,332.5304,4.000000,4.000000,4.000000,5.000000,5.000000,96.000000,96.000000,96.000000,95.000000,95.000000,5.0,1463.1337,1340.2688,5187.4742,5310.3391,PENDING_AG03,FALSE,NOT_FOR_ENFORCEMENT,6384.5836,256811.4724,6650.6079,6384.5836,266.0243,0.02244119,0.02154355,266.0243,6384.5836,0.02154355,266.0243,266.0243,266.0243,332.5304,332.5304,6384.5836,0.02154355,1463.1337,1340.2688,5187.4742,5310.3391,0.01750413,0.01791872,0.00089765,16.2655,14.6936,0.3653,59.3804,1.1678,2646.0457,162.5536,12.4780,16.8648,9.0895,16.5695,22.0926,29.825,33.4482,44.5976,11.8163,0.0,2.018664,2.691552,0.981654,30,240,141,4,0.10479828,0.02244119,0.04150452,0E-8,0.000000,0.902668,0.011910,-0.02129501,2026-03-22,2026-08-05,112,5695,2177,137,0.817518,0.739886,0.767145,0.349328,,,,,,,,GLOBAL_BASELINE_NO_ENTITY_RANKING,,,NOT_APPLICABLE_GLOBAL_BASELINE,HF9g-P5,,,,X 全窗基线 · 不参与实体赏罚,14196670,1420,A168_HF9F_20260827_0900,2026-08-27 09:00:00
2026-07-10,110249610,2230,0,7.0696359137,0.4418522447,0.4418522447,0.5000000,3,3,0.49324550000000000,0.493245500000,0.01910635448239258,0.01910635448239258,0.01910635448239258,0E-17,ELIGIBLE,R03b_20260811_FULL_v1,L1_ELIGIBILITY,v2026-08-11,2026-03-21..2026-08-06,baccarat_bet02_101_all_pairs_incl_sentinel,round_win = game_pnl > 0 (decisive only),COMPATIBILITY_ONLY_NOT_PRODUCTION,296357.1217,267511.9505,6650.6079,18220,18206,-0.02244119,-0.04150452,-0.02020951,-0.02244119,-6650.6079,296357.1217,OK,0.0000,266.0243,4.0000,96.0000,AG03-UNRESOLVED,ALL5_LEVELS_bet23_to_bet27,266.0243,266.0243,266.0243,332.5304,332.5304,4.000000,4.000000,4.000000,5.000000,5.000000,96.000000,96.000000,96.000000,95.000000,95.000000,5.0,1463.1337,1340.2688,5187.4742,5310.3391,PENDING_AG03,FALSE,NOT_FOR_ENFORCEMENT,6384.5836,256811.4724,6650.6079,6384.5836,266.0243,0.02244119,0.02154355,266.0243,6384.5836,0.02154355,266.0243,266.0243,266.0243,332.5304,332.5304,6384.5836,0.02154355,1463.1337,1340.2688,5187.4742,5310.3391,0.01750413,0.01791872,0.00089765,16.2655,14.6936,0.3653,59.3804,1.1678,2646.0457,162.5536,12.4780,16.8648,9.0895,16.5695,22.0926,29.825,33.4482,44.5976,11.8163,0.0,2.018664,2.691552,0.981654,30,240,141,4,0.10479828,0.02244119,0.04150452,0E-8,0.000000,0.902668,0.011910,-0.02129501,2026-03-22,2026-08-05,112,5695,2177,137,0.817518,0.739886,0.767145,0.349328,,,,,,,,GLOBAL_BASELINE_NO_ENTITY_RANKING,,,NOT_APPLICABLE_GLOBAL_BASELINE,HF9g-P5,,,,X 全窗基线 · 不参与实体赏罚,14196671,1420,A168_HF9F_20260827_0900,2026-08-27 09:00:00
2026-07-10,110249610,2235,0,9.9416755037,-9.9416755037,-9.9416755037,0E-7,1,1,0.50665070000000000,0.506650700000,-1.013391052207602,-1.013391052207602,-1.013391052207602,0E-17,ELIGIBLE,R03b_20260811_FULL_v1,L1_ELIGIBILITY,v2026-08-11,2026-03-21..2026-08-06,baccarat_bet02_101_all_pairs_incl_sentinel,round_win = game_pnl > 0 (decisive only),COMPATIBILITY_ONLY_NOT_PRODUCTION,296357.1217,267511.9505,6650.6079,18220,18206,-0.02244119,-0.04150452,-0.02020951,-0.02244119,-6650.6079,296357.1217,OK,0.0000,266.0243,4.0000,96.0000,AG03-UNRESOLVED,ALL5_LEVELS_bet23_to_bet27,266.0243,266.0243,266.0243,332.5304,332.5304,4.000000,4.000000,4.000000,5.000000,5.000000,96.000000,96.000000,96.000000,95.000000,95.000000,5.0,1463.1337,1340.2688,5187.4742,5310.3391,PENDING_AG03,FALSE,NOT_FOR_ENFORCEMENT,6384.5836,256811.4724,6650.6079,6384.5836,266.0243,0.02244119,0.02154355,266.0243,6384.5836,0.02154355,266.0243,266.0243,266.0243,332.5304,332.5304,6384.5836,0.02154355,1463.1337,1340.2688,5187.4742,5310.3391,0.01750413,0.01791872,0.00089765,16.2655,14.6936,0.3653,59.3804,1.1678,2646.0457,162.5536,12.4780,16.8648,9.0895,16.5695,22.0926,29.825,33.4482,44.5976,11.8163,0.0,2.018664,2.691552,0.981654,30,240,141,4,0.10479828,0.02244119,0.04150452,0E-8,0.000000,0.902668,0.011910,-0.02129501,2026-03-22,2026-08-05,112,5695,2177,137,0.817518,0.739886,0.767145,0.349328,,,,,,,,GLOBAL_BASELINE_NO_ENTITY_RANKING,,,NOT_APPLICABLE_GLOBAL_BASELINE,HF9g-P5,,,,X 全窗基线 · 不参与实体赏罚,14196672,1420,A168_HF9F_20260827_0900,2026-08-27 09:00:00
2026-07-10,110249610,2242,0,47.4991162956,2.4854188759,2.4854188759,0.6000000,5,5,0.49860758000000000,0.498607580000,0.4534424453485946,0.4534424453485946,0.4534424453485946,0E-17,ELIGIBLE,R03b_20260811_FULL_v1,L1_ELIGIBILITY,v2026-08-11,2026-03-21..2026-08-06,baccarat_bet02_101_all_pairs_incl_sentinel,round_win = game_pnl > 0 (decisive only),COMPATIBILITY_ONLY_NOT_PRODUCTION,296357.1217,267511.9505,6650.6079,18220,18206,-0.02244119,-0.04150452,-0.02020951,-0.02244119,-6650.6079,296357.1217,OK,0.0000,266.0243,4.0000,96.0000,AG03-UNRESOLVED,ALL5_LEVELS_bet23_to_bet27,266.0243,266.0243,266.0243,332.5304,332.5304,4.000000,4.000000,4.000000,5.000000,5.000000,96.000000,96.000000,96.000000,95.000000,95.000000,5.0,1463.1337,1340.2688,5187.4742,5310.3391,PENDING_AG03,FALSE,NOT_FOR_ENFORCEMENT,6384.5836,256811.4724,6650.6079,6384.5836,266.0243,0.02244119,0.02154355,266.0243,6384.5836,0.02154355,266.0243,266.0243,266.0243,332.5304,332.5304,6384.5836,0.02154355,1463.1337,1340.2688,5187.4742,5310.3391,0.01750413,0.01791872,0.00089765,16.2655,14.6936,0.3653,59.3804,1.1678,2646.0457,162.5536,12.4780,16.8648,9.0895,16.5695,22.0926,29.825,33.4482,44.5976,11.8163,0.0,2.018664,2.691552,0.981654,30,240,141,4,0.10479828,0.02244119,0.04150452,0E-8,0.000000,0.902668,0.011910,-0.02129501,2026-03-22,2026-08-05,112,5695,2177,137,0.817518,0.739886,0.767145,0.349328,,,,,,,,GLOBAL_BASELINE_NO_ENTITY_RANKING,,,NOT_APPLICABLE_GLOBAL_BASELINE,HF9g-P5,,,,X 全窗基线 · 不参与实体赏罚,14196673,1420,A168_HF9F_20260827_0900,2026-08-27 09:00:00
2026-07-10,110249610,2256,0,32.0342877341,-12.1509367267,-12.1509367267,0.3333333,3,3,0.49771390000000000,0.497713900000,-0.5694369385616226,-0.5694369385616226,-0.5694369385616226,0E-17,ELIGIBLE,R03b_20260811_FULL_v1,L1_ELIGIBILITY,v2026-08-11,2026-03-21..2026-08-06,baccarat_bet02_101_all_pairs_incl_sentinel,round_win = game_pnl > 0 (decisive only),COMPATIBILITY_ONLY_NOT_PRODUCTION,296357.1217,267511.9505,6650.6079,18220,18206,-0.02244119,-0.04150452,-0.02020951,-0.02244119,-6650.6079,296357.1217,OK,0.0000,266.0243,4.0000,96.0000,AG03-UNRESOLVED,ALL5_LEVELS_bet23_to_bet27,266.0243,266.0243,266.0243,332.5304,332.5304,4.000000,4.000000,4.000000,5.000000,5.000000,96.000000,96.000000,96.000000,95.000000,95.000000,5.0,1463.1337,1340.2688,5187.4742,5310.3391,PENDING_AG03,FALSE,NOT_FOR_ENFORCEMENT,6384.5836,256811.4724,6650.6079,6384.5836,266.0243,0.02244119,0.02154355,266.0243,6384.5836,0.02154355,266.0243,266.0243,266.0243,332.5304,332.5304,6384.5836,0.02154355,1463.1337,1340.2688,5187.4742,5310.3391,0.01750413,0.01791872,0.00089765,16.2655,14.6936,0.3653,59.3804,1.1678,2646.0457,162.5536,12.4780,16.8648,9.0895,16.5695,22.0926,29.825,33.4482,44.5976,11.8163,0.0,2.018664,2.691552,0.981654,30,240,141,4,0.10479828,0.02244119,0.04150452,0E-8,0.000000,0.902668,0.011910,-0.02129501,2026-03-22,2026-08-05,112,5695,2177,137,0.817518,0.739886,0.767145,0.349328,,,,,,,,GLOBAL_BASELINE_NO_ENTITY_RANKING,,,NOT_APPLICABLE_GLOBAL_BASELINE,HF9g-P5,,,,X 全窗基线 · 不参与实体赏罚,14196674,1420,A168_HF9F_20260827_0900,2026-08-27 09:00:00
2026-07-10,110249610,2266,0,33.1389183457,-11.5986214210,-11.5986214210,0.5000000,2,2,0.50665070000000000,0.506650700000,-0.018812684590367487,-0.018812684590367487,-0.018812684590367487,0E-17,ELIGIBLE,R03b_20260811_FULL_v1,L1_ELIGIBILITY,v2026-08-11,2026-03-21..2026-08-06,baccarat_bet02_101_all_pairs_incl_sentinel,round_win = game_pnl > 0 (decisive only),COMPATIBILITY_ONLY_NOT_PRODUCTION,296357.1217,267511.9505,6650.6079,18220,18206,-0.02244119,-0.04150452,-0.02020951,-0.02244119,-6650.6079,296357.1217,OK,0.0000,266.0243,4.0000,96.0000,AG03-UNRESOLVED,ALL5_LEVELS_bet23_to_bet27,266.0243,266.0243,266.0243,332.5304,332.5304,4.000000,4.000000,4.000000,5.000000,5.000000,96.000000,96.000000,96.000000,95.000000,95.000000,5.0,1463.1337,1340.2688,5187.4742,5310.3391,PENDING_AG03,FALSE,NOT_FOR_ENFORCEMENT,6384.5836,256811.4724,6650.6079,6384.5836,266.0243,0.02244119,0.02154355,266.0243,6384.5836,0.02154355,266.0243,266.0243,266.0243,332.5304,332.5304,6384.5836,0.02154355,1463.1337,1340.2688,5187.4742,5310.3391,0.01750413,0.01791872,0.00089765,16.2655,14.6936,0.3653,59.3804,1.1678,2646.0457,162.5536,12.4780,16.8648,9.0895,16.5695,22.0926,29.825,33.4482,44.5976,11.8163,0.0,2.018664,2.691552,0.981654,30,240,141,4,0.10479828,0.02244119,0.04150452,0E-8,0.000000,0.902668,0.011910,-0.02129501,2026-03-22,2026-08-05,112,5695,2177,137,0.817518,0.739886,0.767145,0.349328,,,,,,,,GLOBAL_BASELINE_NO_ENTITY_RANKING,,,NOT_APPLICABLE_GLOBAL_BASELINE,HF9g-P5,,,,X 全窗基线 · 不参与实体赏罚,14196675,1420,A168_HF9F_20260827_0900,2026-08-27 09:00:00
2026-07-10,110249610,2280,0,5.5231530576,-5.5231530576,-5.5231530576,0E-7,1,1,0.50665070000000000,0.506650700000,-1.013391052207602,-1.013391052207602,-1.013391052207602,0E-17,ELIGIBLE,R03b_20260811_FULL_v1,L1_ELIGIBILITY,v2026-08-11,2026-03-21..2026-08-06,baccarat_bet02_101_all_pairs_incl_sentinel,round_win = game_pnl > 0 (decisive only),COMPATIBILITY_ONLY_NOT_PRODUCTION,296357.1217,267511.9505,6650.6079,18220,18206,-0.02244119,-0.04150452,-0.02020951,-0.02244119,-6650.6079,296357.1217,OK,0.0000,266.0243,4.0000,96.0000,AG03-UNRESOLVED,ALL5_LEVELS_bet23_to_bet27,266.0243,266.0243,266.0243,332.5304,332.5304,4.000000,4.000000,4.000000,5.000000,5.000000,96.000000,96.000000,96.000000,95.000000,95.000000,5.0,1463.1337,1340.2688,5187.4742,5310.3391,PENDING_AG03,FALSE,NOT_FOR_ENFORCEMENT,6384.5836,256811.4724,6650.6079,6384.5836,266.0243,0.02244119,0.02154355,266.0243,6384.5836,0.02154355,266.0243,266.0243,266.0243,332.5304,332.5304,6384.5836,0.02154355,1463.1337,1340.2688,5187.4742,5310.3391,0.01750413,0.01791872,0.00089765,16.2655,14.6936,0.3653,59.3804,1.1678,2646.0457,162.5536,12.4780,16.8648,9.0895,16.5695,22.0926,29.825,33.4482,44.5976,11.8163,0.0,2.018664,2.691552,0.981654,30,240,141,4,0.10479828,0.02244119,0.04150452,0E-8,0.000000,0.902668,0.011910,-0.02129501,2026-03-22,2026-08-05,112,5695,2177,137,0.817518,0.739886,0.767145,0.349328,,,,,,,,GLOBAL_BASELINE_NO_ENTITY_RANKING,,,NOT_APPLICABLE_GLOBAL_BASELINE,HF9g-P5,,,,X 全窗基线 · 不参与实体赏罚,14196676,1420,A168_HF9F_20260827_0900,2026-08-27 09:00:00
2026-07-10,110249610,2287,0,11.0463061152,10.4939908095,10.4939908095,1.0000000,1,1,0.50665070000000000,0.506650700000,0.9867858985152569,0.9867858985152569,0.9867858985152569,0E-17,ELIGIBLE,R03b_20260811_FULL_v1,L1_ELIGIBILITY,v2026-08-11,2026-03-21..2026-08-06,baccarat_bet02_101_all_pairs_incl_sentinel,round_win = game_pnl > 0 (decisive only),COMPATIBILITY_ONLY_NOT_PRODUCTION,296357.1217,267511.9505,6650.6079,18220,18206,-0.02244119,-0.04150452,-0.02020951,-0.02244119,-6650.6079,296357.1217,OK,0.0000,266.0243,4.0000,96.0000,AG03-UNRESOLVED,ALL5_LEVELS_bet23_to_bet27,266.0243,266.0243,266.0243,332.5304,332.5304,4.000000,4.000000,4.000000,5.000000,5.000000,96.000000,96.000000,96.000000,95.000000,95.000000,5.0,1463.1337,1340.2688,5187.4742,5310.3391,PENDING_AG03,FALSE,NOT_FOR_ENFORCEMENT,6384.5836,256811.4724,6650.6079,6384.5836,266.0243,0.02244119,0.02154355,266.0243,6384.5836,0.02154355,266.0243,266.0243,266.0243,332.5304,332.5304,6384.5836,0.02154355,1463.1337,1340.2688,5187.4742,5310.3391,0.01750413,0.01791872,0.00089765,16.2655,14.6936,0.3653,59.3804,1.1678,2646.0457,162.5536,12.4780,16.8648,9.0895,16.5695,22.0926,29.825,33.4482,44.5976,11.8163,0.0,2.018664,2.691552,0.981654,30,240,141,4,0.10479828,0.02244119,0.04150452,0E-8,0.000000,0.902668,0.011910,-0.02129501,2026-03-22,2026-08-05,112,5695,2177,137,0.817518,0.739886,0.767145,0.349328,,,,,,,,GLOBAL_BASELINE_NO_ENTITY_RANKING,,,NOT_APPLICABLE_GLOBAL_BASELINE,HF9g-P5,,,,X 全窗基线 · 不参与实体赏罚,14196677,1420,A168_HF9F_20260827_0900,2026-08-27 09:00:00
2026-07-10,110249610,2289,0,5.8545422410,-1.4360197950,-1.4360197950,0.5000000,2,2,0.49324550000000000,0.493245500000,0.01910635448239258,0.01910635448239258,0.01910635448239258,0E-17,ELIGIBLE,R03b_20260811_FULL_v1,L1_ELIGIBILITY,v2026-08-11,2026-03-21..2026-08-06,baccarat_bet02_101_all_pairs_incl_sentinel,round_win = game_pnl > 0 (decisive only),COMPATIBILITY_ONLY_NOT_PRODUCTION,296357.1217,267511.9505,6650.6079,18220,18206,-0.02244119,-0.04150452,-0.02020951,-0.02244119,-6650.6079,296357.1217,OK,0.0000,266.0243,4.0000,96.0000,AG03-UNRESOLVED,ALL5_LEVELS_bet23_to_bet27,266.0243,266.0243,266.0243,332.5304,332.5304,4.000000,4.000000,4.000000,5.000000,5.000000,96.000000,96.000000,96.000000,95.000000,95.000000,5.0,1463.1337,1340.2688,5187.4742,5310.3391,PENDING_AG03,FALSE,NOT_FOR_ENFORCEMENT,6384.5836,256811.4724,6650.6079,6384.5836,266.0243,0.02244119,0.02154355,266.0243,6384.5836,0.02154355,266.0243,266.0243,266.0243,332.5304,332.5304,6384.5836,0.02154355,1463.1337,1340.2688,5187.4742,5310.3391,0.01750413,0.01791872,0.00089765,16.2655,14.6936,0.3653,59.3804,1.1678,2646.0457,162.5536,12.4780,16.8648,9.0895,16.5695,22.0926,29.825,33.4482,44.5976,11.8163,0.0,2.018664,2.691552,0.981654,30,240,141,4,0.10479828,0.02244119,0.04150452,0E-8,0.000000,0.902668,0.011910,-0.02129501,2026-03-22,2026-08-05,112,5695,2177,137,0.817518,0.739886,0.767145,0.349328,,,,,,,,GLOBAL_BASELINE_NO_ENTITY_RANKING,,,NOT_APPLICABLE_GLOBAL_BASELINE,HF9g-P5,,,,X 全窗基线 · 不参与实体赏罚,14196678,1420,A168_HF9F_20260827_0900,2026-08-27 09:00:00
2026-07-10,110249610,529,0,6.5173206080,-0.2706344999,-0.2706344999,0.5000000,2,2,0.50665070000000000,0.506650700000,-0.018812684590367487,-0.018812684590367487,-0.018812684590367487,0E-17,ELIGIBLE,R03b_20260811_FULL_v1,L1_ELIGIBILITY,v2026-08-11,2026-03-21..2026-08-06,baccarat_bet02_101_all_pairs_incl_sentinel,round_win = game_pnl > 0 (decisive only),COMPATIBILITY_ONLY_NOT_PRODUCTION,296357.1217,267511.9505,6650.6079,18220,18206,-0.02244119,-0.04150452,-0.02020951,-0.02244119,-6650.6079,296357.1217,OK,0.0000,266.0243,4.0000,96.0000,AG03-UNRESOLVED,ALL5_LEVELS_bet23_to_bet27,266.0243,266.0243,266.0243,332.5304,332.5304,4.000000,4.000000,4.000000,5.000000,5.000000,96.000000,96.000000,96.000000,95.000000,95.000000,5.0,1463.1337,1340.2688,5187.4742,5310.3391,PENDING_AG03,FALSE,NOT_FOR_ENFORCEMENT,6384.5836,256811.4724,6650.6079,6384.5836,266.0243,0.02244119,0.02154355,266.0243,6384.5836,0.02154355,266.0243,266.0243,266.0243,332.5304,332.5304,6384.5836,0.02154355,1463.1337,1340.2688,5187.4742,5310.3391,0.01750413,0.01791872,0.00089765,16.2655,14.6936,0.3653,59.3804,1.1678,2646.0457,162.5536,12.4780,16.8648,9.0895,16.5695,22.0926,29.825,33.4482,44.5976,11.8163,0.0,2.018664,2.691552,0.981654,30,240,141,4,0.10479828,0.02244119,0.04150452,0E-8,0.000000,0.902668,0.011910,-0.02129501,2026-03-22,2026-08-05,112,5695,2177,137,0.817518,0.739886,0.767145,0.349328,,,,,,,,GLOBAL_BASELINE_NO_ENTITY_RANKING,,,NOT_APPLICABLE_GLOBAL_BASELINE,HF9g-P5,,,,X 全窗基线 · 不参与实体赏罚,14196679,1420,A168_HF9F_20260827_0900,2026-08-27 09:00:00
2026-07-10,110249610,925,0,38.6620714032,-5.5231530576,-5.5231530576,0.3333333,4,4,0.49324550000000000,0.493245500000,-0.5540025479526107,-0.5540025479526106,-0.5540025479526107,0E-17,ELIGIBLE,R03b_20260811_FULL_v1,L1_ELIGIBILITY,v2026-08-11,2026-03-21..2026-08-06,baccarat_bet02_101_all_pairs_incl_sentinel,round_win = game_pnl > 0 (decisive only),COMPATIBILITY_ONLY_NOT_PRODUCTION,296357.1217,267511.9505,6650.6079,18220,18206,-0.02244119,-0.04150452,-0.02020951,-0.02244119,-6650.6079,296357.1217,OK,0.0000,266.0243,4.0000,96.0000,AG03-UNRESOLVED,ALL5_LEVELS_bet23_to_bet27,266.0243,266.0243,266.0243,332.5304,332.5304,4.000000,4.000000,4.000000,5.000000,5.000000,96.000000,96.000000,96.000000,95.000000,95.000000,5.0,1463.1337,1340.2688,5187.4742,5310.3391,PENDING_AG03,FALSE,NOT_FOR_ENFORCEMENT,6384.5836,256811.4724,6650.6079,6384.5836,266.0243,0.02244119,0.02154355,266.0243,6384.5836,0.02154355,266.0243,266.0243,266.0243,332.5304,332.5304,6384.5836,0.02154355,1463.1337,1340.2688,5187.4742,5310.3391,0.01750413,0.01791872,0.00089765,16.2655,14.6936,0.3653,59.3804,1.1678,2646.0457,162.5536,12.4780,16.8648,9.0895,16.5695,22.0926,29.825,33.4482,44.5976,11.8163,0.0,2.018664,2.691552,0.981654,30,240,141,4,0.10479828,0.02244119,0.04150452,0E-8,0.000000,0.902668,0.011910,-0.02129501,2026-03-22,2026-08-05,112,5695,2177,137,0.817518,0.739886,0.767145,0.349328,,,,,,,,GLOBAL_BASELINE_NO_ENTITY_RANKING,,,NOT_APPLICABLE_GLOBAL_BASELINE,HF9g-P5,,,,X 全窗基线 · 不参与实体赏罚,14196680,1420,A168_HF9F_20260827_0900,2026-08-27 09:00:00
2026-07-11,110249610,-1,1,2455.9252386016,268.8891834573,268.8891834573,0.5566038,119,119,0.50045501932773109,0.500455019328,1.1561740921727302,1.1561740921671937,1.1561740921727302,-2.6891E-13,SENTINEL_DEALER,R03b_20260811_FULL_v1,L1_ELIGIBILITY,v2026-08-11,2026-03-21..2026-08-06,baccarat_bet02_101_all_pairs_incl_sentinel,round_win = game_pnl > 0 (decisive only),COMPATIBILITY_ONLY_NOT_PRODUCTION,296357.1217,267511.9505,6650.6079,18220,18206,-0.02244119,-0.04150452,-0.02020951,-0.02244119,-6650.6079,296357.1217,OK,0.0000,266.0243,4.0000,96.0000,AG03-UNRESOLVED,ALL5_LEVELS_bet23_to_bet27,266.0243,266.0243,266.0243,332.5304,332.5304,4.000000,4.000000,4.000000,5.000000,5.000000,96.000000,96.000000,96.000000,95.000000,95.000000,5.0,1463.1337,1340.2688,5187.4742,5310.3391,PENDING_AG03,FALSE,NOT_FOR_ENFORCEMENT,6384.5836,256811.4724,6650.6079,6384.5836,266.0243,0.02244119,0.02154355,266.0243,6384.5836,0.02154355,266.0243,266.0243,266.0243,332.5304,332.5304,6384.5836,0.02154355,1463.1337,1340.2688,5187.4742,5310.3391,0.01750413,0.01791872,0.00089765,16.2655,14.6936,0.3653,59.3804,1.1678,2646.0457,162.5536,12.4780,16.8648,9.0895,16.5695,22.0926,29.825,33.4482,44.5976,11.8163,0.0,2.018664,2.691552,0.981654,30,240,141,4,0.10479828,0.02244119,0.04150452,0E-8,0.000000,0.902668,0.011910,-0.02129501,2026-03-22,2026-08-05,112,5695,2177,137,0.817518,0.739886,0.767145,0.349328,,,,,,,,GLOBAL_BASELINE_NO_ENTITY_RANKING,,,NOT_APPLICABLE_GLOBAL_BASELINE,HF9g-P5,,,,X 全窗基线 · 不参与实体赏罚,14196681,1420,A168_HF9F_20260827_0900,2026-08-27 09:00:00
2026-07-11,110249610,1017,0,27.6157652881,-27.6157652881,-27.6157652881,0E-7,2,2,0.49994810000000000,0.499948100000,-1.4140667746232096,-1.4140667746232096,-1.4140667746232096,0E-17,ELIGIBLE,R03b_20260811_FULL_v1,L1_ELIGIBILITY,v2026-08-11,2026-03-21..2026-08-06,baccarat_bet02_101_all_pairs_incl_sentinel,round_win = game_pnl > 0 (decisive only),COMPATIBILITY_ONLY_NOT_PRODUCTION,296357.1217,267511.9505,6650.6079,18220,18206,-0.02244119,-0.04150452,-0.02020951,-0.02244119,-6650.6079,296357.1217,OK,0.0000,266.0243,4.0000,96.0000,AG03-UNRESOLVED,ALL5_LEVELS_bet23_to_bet27,266.0243,266.0243,266.0243,332.5304,332.5304,4.000000,4.000000,4.000000,5.000000,5.000000,96.000000,96.000000,96.000000,95.000000,95.000000,5.0,1463.1337,1340.2688,5187.4742,5310.3391,PENDING_AG03,FALSE,NOT_FOR_ENFORCEMENT,6384.5836,256811.4724,6650.6079,6384.5836,266.0243,0.02244119,0.02154355,266.0243,6384.5836,0.02154355,266.0243,266.0243,266.0243,332.5304,332.5304,6384.5836,0.02154355,1463.1337,1340.2688,5187.4742,5310.3391,0.01750413,0.01791872,0.00089765,16.2655,14.6936,0.3653,59.3804,1.1678,2646.0457,162.5536,12.4780,16.8648,9.0895,16.5695,22.0926,29.825,33.4482,44.5976,11.8163,0.0,2.018664,2.691552,0.981654,30,240,141,4,0.10479828,0.02244119,0.04150452,0E-8,0.000000,0.902668,0.011910,-0.02129501,2026-03-22,2026-08-05,112,5695,2177,137,0.817518,0.739886,0.767145,0.349328,,,,,,,,GLOBAL_BASELINE_NO_ENTITY_RANKING,,,NOT_APPLICABLE_GLOBAL_BASELINE,HF9g-P5,,,,X 全窗基线 · 不参与实体赏罚,14196682,1420,A168_HF9F_20260827_0900,2026-08-27 09:00:00
2026-07-11,110249610,1109,0,27.6157652881,-27.6157652881,-27.6157652881,0E-7,1,1,0.50665070000000000,0.506650700000,-1.013391052207602,-1.013391052207602,-1.013391052207602,0E-17,ELIGIBLE,R03b_20260811_FULL_v1,L1_ELIGIBILITY,v2026-08-11,2026-03-21..2026-08-06,baccarat_bet02_101_all_pairs_incl_sentinel,round_win = game_pnl > 0 (decisive only),COMPATIBILITY_ONLY_NOT_PRODUCTION,296357.1217,267511.9505,6650.6079,18220,18206,-0.02244119,-0.04150452,-0.02020951,-0.02244119,-6650.6079,296357.1217,OK,0.0000,266.0243,4.0000,96.0000,AG03-UNRESOLVED,ALL5_LEVELS_bet23_to_bet27,266.0243,266.0243,266.0243,332.5304,332.5304,4.000000,4.000000,4.000000,5.000000,5.000000,96.000000,96.000000,96.000000,95.000000,95.000000,5.0,1463.1337,1340.2688,5187.4742,5310.3391,PENDING_AG03,FALSE,NOT_FOR_ENFORCEMENT,6384.5836,256811.4724,6650.6079,6384.5836,266.0243,0.02244119,0.02154355,266.0243,6384.5836,0.02154355,266.0243,266.0243,266.0243,332.5304,332.5304,6384.5836,0.02154355,1463.1337,1340.2688,5187.4742,5310.3391,0.01750413,0.01791872,0.00089765,16.2655,14.6936,0.3653,59.3804,1.1678,2646.0457,162.5536,12.4780,16.8648,9.0895,16.5695,22.0926,29.825,33.4482,44.5976,11.8163,0.0,2.018664,2.691552,0.981654,30,240,141,4,0.10479828,0.02244119,0.04150452,0E-8,0.000000,0.902668,0.011910,-0.02129501,2026-03-22,2026-08-05,112,5695,2177,137,0.817518,0.739886,0.767145,0.349328,,,,,,,,GLOBAL_BASELINE_NO_ENTITY_RANKING,,,NOT_APPLICABLE_GLOBAL_BASELINE,HF9g-P5,,,,X 全窗基线 · 不参与实体赏罚,14196683,1420,A168_HF9F_20260827_0900,2026-08-27 09:00:00
2026-07-11,110249610,1205,0,16.5694591729,-16.5694591729,-16.5694591729,0E-7,1,1,0.50665070000000000,0.506650700000,-1.013391052207602,-1.013391052207602,-1.013391052207602,0E-17,ELIGIBLE,R03b_20260811_FULL_v1,L1_ELIGIBILITY,v2026-08-11,2026-03-21..2026-08-06,baccarat_bet02_101_all_pairs_incl_sentinel,round_win = game_pnl > 0 (decisive only),COMPATIBILITY_ONLY_NOT_PRODUCTION,296357.1217,267511.9505,6650.6079,18220,18206,-0.02244119,-0.04150452,-0.02020951,-0.02244119,-6650.6079,296357.1217,OK,0.0000,266.0243,4.0000,96.0000,AG03-UNRESOLVED,ALL5_LEVELS_bet23_to_bet27,266.0243,266.0243,266.0243,332.5304,332.5304,4.000000,4.000000,4.000000,5.000000,5.000000,96.000000,96.000000,96.000000,95.000000,95.000000,5.0,1463.1337,1340.2688,5187.4742,5310.3391,PENDING_AG03,FALSE,NOT_FOR_ENFORCEMENT,6384.5836,256811.4724,6650.6079,6384.5836,266.0243,0.02244119,0.02154355,266.0243,6384.5836,0.02154355,266.0243,266.0243,266.0243,332.5304,332.5304,6384.5836,0.02154355,1463.1337,1340.2688,5187.4742,5310.3391,0.01750413,0.01791872,0.00089765,16.2655,14.6936,0.3653,59.3804,1.1678,2646.0457,162.5536,12.4780,16.8648,9.0895,16.5695,22.0926,29.825,33.4482,44.5976,11.8163,0.0,2.018664,2.691552,0.981654,30,240,141,4,0.10479828,0.02244119,0.04150452,0E-8,0.000000,0.902668,0.011910,-0.02129501,2026-03-22,2026-08-05,112,5695,2177,137,0.817518,0.739886,0.767145,0.349328,,,,,,,,GLOBAL_BASELINE_NO_ENTITY_RANKING,,,NOT_APPLICABLE_GLOBAL_BASELINE,HF9g-P5,,,,X 全窗基线 · 不参与实体赏罚,14196684,1420,A168_HF9F_20260827_0900,2026-08-27 09:00:00
2026-07-11,110249610,1210,0,49.7083775186,-5.5231530576,-5.5231530576,0.5000000,2,2,0.49324550000000000,0.493245500000,0.01910635448239258,0.01910635448239258,0.01910635448239258,0E-17,ELIGIBLE,R03b_20260811_FULL_v1,L1_ELIGIBILITY,v2026-08-11,2026-03-21..2026-08-06,baccarat_bet02_101_all_pairs_incl_sentinel,round_win = game_pnl > 0 (decisive only),COMPATIBILITY_ONLY_NOT_PRODUCTION,296357.1217,267511.9505,6650.6079,18220,18206,-0.02244119,-0.04150452,-0.02020951,-0.02244119,-6650.6079,296357.1217,OK,0.0000,266.0243,4.0000,96.0000,AG03-UNRESOLVED,ALL5_LEVELS_bet23_to_bet27,266.0243,266.0243,266.0243,332.5304,332.5304,4.000000,4.000000,4.000000,5.000000,5.000000,96.000000,96.000000,96.000000,95.000000,95.000000,5.0,1463.1337,1340.2688,5187.4742,5310.3391,PENDING_AG03,FALSE,NOT_FOR_ENFORCEMENT,6384.5836,256811.4724,6650.6079,6384.5836,266.0243,0.02244119,0.02154355,266.0243,6384.5836,0.02154355,266.0243,266.0243,266.0243,332.5304,332.5304,6384.5836,0.02154355,1463.1337,1340.2688,5187.4742,5310.3391,0.01750413,0.01791872,0.00089765,16.2655,14.6936,0.3653,59.3804,1.1678,2646.0457,162.5536,12.4780,16.8648,9.0895,16.5695,22.0926,29.825,33.4482,44.5976,11.8163,0.0,2.018664,2.691552,0.981654,30,240,141,4,0.10479828,0.02244119,0.04150452,0E-8,0.000000,0.902668,0.011910,-0.02129501,2026-03-22,2026-08-05,112,5695,2177,137,0.817518,0.739886,0.767145,0.349328,,,,,,,,GLOBAL_BASELINE_NO_ENTITY_RANKING,,,NOT_APPLICABLE_GLOBAL_BASELINE,HF9g-P5,,,,X 全窗基线 · 不参与实体赏罚,14196685,1420,A168_HF9F_20260827_0900,2026-08-27 09:00:00
2026-07-11,110249610,1323,0,177.8455284554,115.9309826792,115.9309826792,0.8750000,8,8,0.50329940000000000,0.503299400000,2.1027018993427258,2.1027018993427258,2.1027018993427258,0E-17,ELIGIBLE,R03b_20260811_FULL_v1,L1_ELIGIBILITY,v2026-08-11,2026-03-21..2026-08-06,baccarat_bet02_101_all_pairs_incl_sentinel,round_win = game_pnl > 0 (decisive only),COMPATIBILITY_ONLY_NOT_PRODUCTION,296357.1217,267511.9505,6650.6079,18220,18206,-0.02244119,-0.04150452,-0.02020951,-0.02244119,-6650.6079,296357.1217,OK,0.0000,266.0243,4.0000,96.0000,AG03-UNRESOLVED,ALL5_LEVELS_bet23_to_bet27,266.0243,266.0243,266.0243,332.5304,332.5304,4.000000,4.000000,4.000000,5.000000,5.000000,96.000000,96.000000,96.000000,95.000000,95.000000,5.0,1463.1337,1340.2688,5187.4742,5310.3391,PENDING_AG03,FALSE,NOT_FOR_ENFORCEMENT,6384.5836,256811.4724,6650.6079,6384.5836,266.0243,0.02244119,0.02154355,266.0243,6384.5836,0.02154355,266.0243,266.0243,266.0243,332.5304,332.5304,6384.5836,0.02154355,1463.1337,1340.2688,5187.4742,5310.3391,0.01750413,0.01791872,0.00089765,16.2655,14.6936,0.3653,59.3804,1.1678,2646.0457,162.5536,12.4780,16.8648,9.0895,16.5695,22.0926,29.825,33.4482,44.5976,11.8163,0.0,2.018664,2.691552,0.981654,30,240,141,4,0.10479828,0.02244119,0.04150452,0E-8,0.000000,0.902668,0.011910,-0.02129501,2026-03-22,2026-08-05,112,5695,2177,137,0.817518,0.739886,0.767145,0.349328,,,,,,,,GLOBAL_BASELINE_NO_ENTITY_RANKING,,,NOT_APPLICABLE_GLOBAL_BASELINE,HF9g-P5,,,,X 全窗基线 · 不参与实体赏罚,14196686,1420,A168_HF9F_20260827_0900,2026-08-27 09:00:00
2026-07-11,110249610,1374,0,164.5899611171,16.3485330505,16.3485330505,0.6250000,8,8,0.50497505000000000,0.504975050000,0.678997261173364,0.678997261173364,0.678997261173364,0E-17,ELIGIBLE,R03b_20260811_FULL_v1,L1_ELIGIBILITY,v2026-08-11,2026-03-21..2026-08-06,baccarat_bet02_101_all_pairs_incl_sentinel,round_win = game_pnl > 0 (decisive only),COMPATIBILITY_ONLY_NOT_PRODUCTION,296357.1217,267511.9505,6650.6079,18220,18206,-0.02244119,-0.04150452,-0.02020951,-0.02244119,-6650.6079,296357.1217,OK,0.0000,266.0243,4.0000,96.0000,AG03-UNRESOLVED,ALL5_LEVELS_bet23_to_bet27,266.0243,266.0243,266.0243,332.5304,332.5304,4.000000,4.000000,4.000000,5.000000,5.000000,96.000000,96.000000,96.000000,95.000000,95.000000,5.0,1463.1337,1340.2688,5187.4742,5310.3391,PENDING_AG03,FALSE,NOT_FOR_ENFORCEMENT,6384.5836,256811.4724,6650.6079,6384.5836,266.0243,0.02244119,0.02154355,266.0243,6384.5836,0.02154355,266.0243,266.0243,266.0243,332.5304,332.5304,6384.5836,0.02154355,1463.1337,1340.2688,5187.4742,5310.3391,0.01750413,0.01791872,0.00089765,16.2655,14.6936,0.3653,59.3804,1.1678,2646.0457,162.5536,12.4780,16.8648,9.0895,16.5695,22.0926,29.825,33.4482,44.5976,11.8163,0.0,2.018664,2.691552,0.981654,30,240,141,4,0.10479828,0.02244119,0.04150452,0E-8,0.000000,0.902668,0.011910,-0.02129501,2026-03-22,2026-08-05,112,5695,2177,137,0.817518,0.739886,0.767145,0.349328,,,,,,,,GLOBAL_BASELINE_NO_ENTITY_RANKING,,,NOT_APPLICABLE_GLOBAL_BASELINE,HF9g-P5,,,,X 全窗基线 · 不参与实体赏罚,14196687,1420,A168_HF9F_20260827_0900,2026-08-27 09:00:00
2026-07-11,110249610,1383,0,98.3121244257,9.9416755037,9.9416755037,0.6666667,4,4,0.50665070000000000,0.506650700000,0.5543606114942035,0.5543606114942035,0.5543606114942035,0E-17,ELIGIBLE,R03b_20260811_FULL_v1,L1_ELIGIBILITY,v2026-08-11,2026-03-21..2026-08-06,baccarat_bet02_101_all_pairs_incl_sentinel,round_win = game_pnl > 0 (decisive only),COMPATIBILITY_ONLY_NOT_PRODUCTION,296357.1217,267511.9505,6650.6079,18220,18206,-0.02244119,-0.04150452,-0.02020951,-0.02244119,-6650.6079,296357.1217,OK,0.0000,266.0243,4.0000,96.0000,AG03-UNRESOLVED,ALL5_LEVELS_bet23_to_bet27,266.0243,266.0243,266.0243,332.5304,332.5304,4.000000,4.000000,4.000000,5.000000,5.000000,96.000000,96.000000,96.000000,95.000000,95.000000,5.0,1463.1337,1340.2688,5187.4742,5310.3391,PENDING_AG03,FALSE,NOT_FOR_ENFORCEMENT,6384.5836,256811.4724,6650.6079,6384.5836,266.0243,0.02244119,0.02154355,266.0243,6384.5836,0.02154355,266.0243,266.0243,266.0243,332.5304,332.5304,6384.5836,0.02154355,1463.1337,1340.2688,5187.4742,5310.3391,0.01750413,0.01791872,0.00089765,16.2655,14.6936,0.3653,59.3804,1.1678,2646.0457,162.5536,12.4780,16.8648,9.0895,16.5695,22.0926,29.825,33.4482,44.5976,11.8163,0.0,2.018664,2.691552,0.981654,30,240,141,4,0.10479828,0.02244119,0.04150452,0E-8,0.000000,0.902668,0.011910,-0.02129501,2026-03-22,2026-08-05,112,5695,2177,137,0.817518,0.739886,0.767145,0.349328,,,,,,,,GLOBAL_BASELINE_NO_ENTITY_RANKING,,,NOT_APPLICABLE_GLOBAL_BASELINE,HF9g-P5,,,,X 全窗基线 · 不参与实体赏罚,14196688,1420,A168_HF9F_20260827_0900,2026-08-27 09:00:00
2026-07-11,110249610,1384,0,191.4324849773,72.3919671264,72.3919671264,0.7000000,11,11,0.49690146363636364,0.496901463636,1.2845325943569283,1.2845325943592345,1.2845325943569283,3.6364E-13,ELIGIBLE,R03b_20260811_FULL_v1,L1_ELIGIBILITY,v2026-08-11,2026-03-21..2026-08-06,baccarat_bet02_101_all_pairs_incl_sentinel,round_win = game_pnl > 0 (decisive only),COMPATIBILITY_ONLY_NOT_PRODUCTION,296357.1217,267511.9505,6650.6079,18220,18206,-0.02244119,-0.04150452,-0.02020951,-0.02244119,-6650.6079,296357.1217,OK,0.0000,266.0243,4.0000,96.0000,AG03-UNRESOLVED,ALL5_LEVELS_bet23_to_bet27,266.0243,266.0243,266.0243,332.5304,332.5304,4.000000,4.000000,4.000000,5.000000,5.000000,96.000000,96.000000,96.000000,95.000000,95.000000,5.0,1463.1337,1340.2688,5187.4742,5310.3391,PENDING_AG03,FALSE,NOT_FOR_ENFORCEMENT,6384.5836,256811.4724,6650.6079,6384.5836,266.0243,0.02244119,0.02154355,266.0243,6384.5836,0.02154355,266.0243,266.0243,266.0243,332.5304,332.5304,6384.5836,0.02154355,1463.1337,1340.2688,5187.4742,5310.3391,0.01750413,0.01791872,0.00089765,16.2655,14.6936,0.3653,59.3804,1.1678,2646.0457,162.5536,12.4780,16.8648,9.0895,16.5695,22.0926,29.825,33.4482,44.5976,11.8163,0.0,2.018664,2.691552,0.981654,30,240,141,4,0.10479828,0.02244119,0.04150452,0E-8,0.000000,0.902668,0.011910,-0.02129501,2026-03-22,2026-08-05,112,5695,2177,137,0.817518,0.739886,0.767145,0.349328,,,,,,,,GLOBAL_BASELINE_NO_ENTITY_RANKING,,,NOT_APPLICABLE_GLOBAL_BASELINE,HF9g-P5,,,,X 全窗基线 · 不参与实体赏罚,14196689,1420,A168_HF9F_20260827_0900,2026-08-27 09:00:00
2026-07-11,110249610,1385,0,22.0926122304,0E-10,0E-10,0.5000000,2,2,0.49324550000000000,0.493245500000,0.01910635448239258,0.01910635448239258,0.01910635448239258,0E-17,ELIGIBLE,R03b_20260811_FULL_v1,L1_ELIGIBILITY,v2026-08-11,2026-03-21..2026-08-06,baccarat_bet02_101_all_pairs_incl_sentinel,round_win = game_pnl > 0 (decisive only),COMPATIBILITY_ONLY_NOT_PRODUCTION,296357.1217,267511.9505,6650.6079,18220,18206,-0.02244119,-0.04150452,-0.02020951,-0.02244119,-6650.6079,296357.1217,OK,0.0000,266.0243,4.0000,96.0000,AG03-UNRESOLVED,ALL5_LEVELS_bet23_to_bet27,266.0243,266.0243,266.0243,332.5304,332.5304,4.000000,4.000000,4.000000,5.000000,5.000000,96.000000,96.000000,96.000000,95.000000,95.000000,5.0,1463.1337,1340.2688,5187.4742,5310.3391,PENDING_AG03,FALSE,NOT_FOR_ENFORCEMENT,6384.5836,256811.4724,6650.6079,6384.5836,266.0243,0.02244119,0.02154355,266.0243,6384.5836,0.02154355,266.0243,266.0243,266.0243,332.5304,332.5304,6384.5836,0.02154355,1463.1337,1340.2688,5187.4742,5310.3391,0.01750413,0.01791872,0.00089765,16.2655,14.6936,0.3653,59.3804,1.1678,2646.0457,162.5536,12.4780,16.8648,9.0895,16.5695,22.0926,29.825,33.4482,44.5976,11.8163,0.0,2.018664,2.691552,0.981654,30,240,141,4,0.10479828,0.02244119,0.04150452,0E-8,0.000000,0.902668,0.011910,-0.02129501,2026-03-22,2026-08-05,112,5695,2177,137,0.817518,0.739886,0.767145,0.349328,,,,,,,,GLOBAL_BASELINE_NO_ENTITY_RANKING,,,NOT_APPLICABLE_GLOBAL_BASELINE,HF9g-P5,,,,X 全窗基线 · 不参与实体赏罚,14196690,1420,A168_HF9F_20260827_0900,2026-08-27 09:00:00
2026-07-11,110249610,1401,0,193.8626723224,46.3116383881,46.3116383881,0.5714286,7,7,0.50665070000000000,0.506650700000,0.34280260342128577,0.34280260342128577,0.34280260342128577,0E-17,ELIGIBLE,R03b_20260811_FULL_v1,L1_ELIGIBILITY,v2026-08-11,2026-03-21..2026-08-06,baccarat_bet02_101_all_pairs_incl_sentinel,round_win = game_pnl > 0 (decisive only),COMPATIBILITY_ONLY_NOT_PRODUCTION,296357.1217,267511.9505,6650.6079,18220,18206,-0.02244119,-0.04150452,-0.02020951,-0.02244119,-6650.6079,296357.1217,OK,0.0000,266.0243,4.0000,96.0000,AG03-UNRESOLVED,ALL5_LEVELS_bet23_to_bet27,266.0243,266.0243,266.0243,332.5304,332.5304,4.000000,4.000000,4.000000,5.000000,5.000000,96.000000,96.000000,96.000000,95.000000,95.000000,5.0,1463.1337,1340.2688,5187.4742,5310.3391,PENDING_AG03,FALSE,NOT_FOR_ENFORCEMENT,6384.5836,256811.4724,6650.6079,6384.5836,266.0243,0.02244119,0.02154355,266.0243,6384.5836,0.02154355,266.0243,266.0243,266.0243,332.5304,332.5304,6384.5836,0.02154355,1463.1337,1340.2688,5187.4742,5310.3391,0.01750413,0.01791872,0.00089765,16.2655,14.6936,0.3653,59.3804,1.1678,2646.0457,162.5536,12.4780,16.8648,9.0895,16.5695,22.0926,29.825,33.4482,44.5976,11.8163,0.0,2.018664,2.691552,0.981654,30,240,141,4,0.10479828,0.02244119,0.04150452,0E-8,0.000000,0.902668,0.011910,-0.02129501,2026-03-22,2026-08-05,112,5695,2177,137,0.817518,0.739886,0.767145,0.349328,,,,,,,,GLOBAL_BASELINE_NO_ENTITY_RANKING,,,NOT_APPLICABLE_GLOBAL_BASELINE,HF9g-P5,,,,X 全窗基线 · 不参与实体赏罚,14196691,1420,A168_HF9F_20260827_0900,2026-08-27 09:00:00
2026-07-11,110249610,1646,0,33.9121597738,-11.8195475434,-11.8195475434,0.3333333,3,3,0.49771390000000000,0.497713900000,-0.5694369385616226,-0.5694369385616226,-0.5694369385616226,0E-17,ELIGIBLE,R03b_20260811_FULL_v1,L1_ELIGIBILITY,v2026-08-11,2026-03-21..2026-08-06,baccarat_bet02_101_all_pairs_incl_sentinel,round_win = game_pnl > 0 (decisive only),COMPATIBILITY_ONLY_NOT_PRODUCTION,296357.1217,267511.9505,6650.6079,18220,18206,-0.02244119,-0.04150452,-0.02020951,-0.02244119,-6650.6079,296357.1217,OK,0.0000,266.0243,4.0000,96.0000,AG03-UNRESOLVED,ALL5_LEVELS_bet23_to_bet27,266.0243,266.0243,266.0243,332.5304,332.5304,4.000000,4.000000,4.000000,5.000000,5.000000,96.000000,96.000000,96.000000,95.000000,95.000000,5.0,1463.1337,1340.2688,5187.4742,5310.3391,PENDING_AG03,FALSE,NOT_FOR_ENFORCEMENT,6384.5836,256811.4724,6650.6079,6384.5836,266.0243,0.02244119,0.02154355,266.0243,6384.5836,0.02154355,266.0243,266.0243,266.0243,332.5304,332.5304,6384.5836,0.02154355,1463.1337,1340.2688,5187.4742,5310.3391,0.01750413,0.01791872,0.00089765,16.2655,14.6936,0.3653,59.3804,1.1678,2646.0457,162.5536,12.4780,16.8648,9.0895,16.5695,22.0926,29.825,33.4482,44.5976,11.8163,0.0,2.018664,2.691552,0.981654,30,240,141,4,0.10479828,0.02244119,0.04150452,0E-8,0.000000,0.902668,0.011910,-0.02129501,2026-03-22,2026-08-05,112,5695,2177,137,0.817518,0.739886,0.767145,0.349328,,,,,,,,GLOBAL_BASELINE_NO_ENTITY_RANKING,,,NOT_APPLICABLE_GLOBAL_BASELINE,HF9g-P5,,,,X 全窗基线 · 不参与实体赏罚,14196692,1420,A168_HF9F_20260827_0900,2026-08-27 09:00:00
2026-07-11,110249610,1654,0,5.5231530576,5.2469954047,5.2469954047,1.0000000,1,1,0.50665070000000000,0.506650700000,0.9867858985152569,0.9867858985152569,0.9867858985152569,0E-17,ELIGIBLE,R03b_20260811_FULL_v1,L1_ELIGIBILITY,v2026-08-11,2026-03-21..2026-08-06,baccarat_bet02_101_all_pairs_incl_sentinel,round_win = game_pnl > 0 (decisive only),COMPATIBILITY_ONLY_NOT_PRODUCTION,296357.1217,267511.9505,6650.6079,18220,18206,-0.02244119,-0.04150452,-0.02020951,-0.02244119,-6650.6079,296357.1217,OK,0.0000,266.0243,4.0000,96.0000,AG03-UNRESOLVED,ALL5_LEVELS_bet23_to_bet27,266.0243,266.0243,266.0243,332.5304,332.5304,4.000000,4.000000,4.000000,5.000000,5.000000,96.000000,96.000000,96.000000,95.000000,95.000000,5.0,1463.1337,1340.2688,5187.4742,5310.3391,PENDING_AG03,FALSE,NOT_FOR_ENFORCEMENT,6384.5836,256811.4724,6650.6079,6384.5836,266.0243,0.02244119,0.02154355,266.0243,6384.5836,0.02154355,266.0243,266.0243,266.0243,332.5304,332.5304,6384.5836,0.02154355,1463.1337,1340.2688,5187.4742,5310.3391,0.01750413,0.01791872,0.00089765,16.2655,14.6936,0.3653,59.3804,1.1678,2646.0457,162.5536,12.4780,16.8648,9.0895,16.5695,22.0926,29.825,33.4482,44.5976,11.8163,0.0,2.018664,2.691552,0.981654,30,240,141,4,0.10479828,0.02244119,0.04150452,0E-8,0.000000,0.902668,0.011910,-0.02129501,2026-03-22,2026-08-05,112,5695,2177,137,0.817518,0.739886,0.767145,0.349328,,,,,,,,GLOBAL_BASELINE_NO_ENTITY_RANKING,,,NOT_APPLICABLE_GLOBAL_BASELINE,HF9g-P5,,,,X 全窗基线 · 不参与实体赏罚,14196693,1420,A168_HF9F_20260827_0900,2026-08-27 09:00:00
2026-07-11,110249610,1704,0,38.6620714034,-5.5231530576,-5.5231530576,0.5000000,2,2,0.49324550000000000,0.493245500000,0.01910635448239258,0.01910635448239258,0.01910635448239258,0E-17,ELIGIBLE,R03b_20260811_FULL_v1,L1_ELIGIBILITY,v2026-08-11,2026-03-21..2026-08-06,baccarat_bet02_101_all_pairs_incl_sentinel,round_win = game_pnl > 0 (decisive only),COMPATIBILITY_ONLY_NOT_PRODUCTION,296357.1217,267511.9505,6650.6079,18220,18206,-0.02244119,-0.04150452,-0.02020951,-0.02244119,-6650.6079,296357.1217,OK,0.0000,266.0243,4.0000,96.0000,AG03-UNRESOLVED,ALL5_LEVELS_bet23_to_bet27,266.0243,266.0243,266.0243,332.5304,332.5304,4.000000,4.000000,4.000000,5.000000,5.000000,96.000000,96.000000,96.000000,95.000000,95.000000,5.0,1463.1337,1340.2688,5187.4742,5310.3391,PENDING_AG03,FALSE,NOT_FOR_ENFORCEMENT,6384.5836,256811.4724,6650.6079,6384.5836,266.0243,0.02244119,0.02154355,266.0243,6384.5836,0.02154355,266.0243,266.0243,266.0243,332.5304,332.5304,6384.5836,0.02154355,1463.1337,1340.2688,5187.4742,5310.3391,0.01750413,0.01791872,0.00089765,16.2655,14.6936,0.3653,59.3804,1.1678,2646.0457,162.5536,12.4780,16.8648,9.0895,16.5695,22.0926,29.825,33.4482,44.5976,11.8163,0.0,2.018664,2.691552,0.981654,30,240,141,4,0.10479828,0.02244119,0.04150452,0E-8,0.000000,0.902668,0.011910,-0.02129501,2026-03-22,2026-08-05,112,5695,2177,137,0.817518,0.739886,0.767145,0.349328,,,,,,,,GLOBAL_BASELINE_NO_ENTITY_RANKING,,,NOT_APPLICABLE_GLOBAL_BASELINE,HF9g-P5,,,,X 全窗基线 · 不参与实体赏罚,14196694,1420,A168_HF9F_20260827_0900,2026-08-27 09:00:00
2026-07-11,110249610,1710,0,92.7889713681,-60.4785259810,-60.4785259810,0.2000000,5,5,0.50665070000000000,0.506650700000,-1.3715049547573244,-1.3715049547573244,-1.3715049547573244,0E-17,ELIGIBLE,R03b_20260811_FULL_v1,L1_ELIGIBILITY,v2026-08-11,2026-03-21..2026-08-06,baccarat_bet02_101_all_pairs_incl_sentinel,round_win = game_pnl > 0 (decisive only),COMPATIBILITY_ONLY_NOT_PRODUCTION,296357.1217,267511.9505,6650.6079,18220,18206,-0.02244119,-0.04150452,-0.02020951,-0.02244119,-6650.6079,296357.1217,OK,0.0000,266.0243,4.0000,96.0000,AG03-UNRESOLVED,ALL5_LEVELS_bet23_to_bet27,266.0243,266.0243,266.0243,332.5304,332.5304,4.000000,4.000000,4.000000,5.000000,5.000000,96.000000,96.000000,96.000000,95.000000,95.000000,5.0,1463.1337,1340.2688,5187.4742,5310.3391,PENDING_AG03,FALSE,NOT_FOR_ENFORCEMENT,6384.5836,256811.4724,6650.6079,6384.5836,266.0243,0.02244119,0.02154355,266.0243,6384.5836,0.02154355,266.0243,266.0243,266.0243,332.5304,332.5304,6384.5836,0.02154355,1463.1337,1340.2688,5187.4742,5310.3391,0.01750413,0.01791872,0.00089765,16.2655,14.6936,0.3653,59.3804,1.1678,2646.0457,162.5536,12.4780,16.8648,9.0895,16.5695,22.0926,29.825,33.4482,44.5976,11.8163,0.0,2.018664,2.691552,0.981654,30,240,141,4,0.10479828,0.02244119,0.04150452,0E-8,0.000000,0.902668,0.011910,-0.02129501,2026-03-22,2026-08-05,112,5695,2177,137,0.817518,0.739886,0.767145,0.349328,,,,,,,,GLOBAL_BASELINE_NO_ENTITY_RANKING,,,NOT_APPLICABLE_GLOBAL_BASELINE,HF9g-P5,,,,X 全窗基线 · 不参与实体赏罚,14196695,1420,A168_HF9F_20260827_0900,2026-08-27 09:00:00
2026-07-11,110249610,1935,0,11.0463061152,10.4939908095,10.4939908095,1.0000000,1,1,0.50665070000000000,0.506650700000,0.9867858985152569,0.9867858985152569,0.9867858985152569,0E-17,ELIGIBLE,R03b_20260811_FULL_v1,L1_ELIGIBILITY,v2026-08-11,2026-03-21..2026-08-06,baccarat_bet02_101_all_pairs_incl_sentinel,round_win = game_pnl > 0 (decisive only),COMPATIBILITY_ONLY_NOT_PRODUCTION,296357.1217,267511.9505,6650.6079,18220,18206,-0.02244119,-0.04150452,-0.02020951,-0.02244119,-6650.6079,296357.1217,OK,0.0000,266.0243,4.0000,96.0000,AG03-UNRESOLVED,ALL5_LEVELS_bet23_to_bet27,266.0243,266.0243,266.0243,332.5304,332.5304,4.000000,4.000000,4.000000,5.000000,5.000000,96.000000,96.000000,96.000000,95.000000,95.000000,5.0,1463.1337,1340.2688,5187.4742,5310.3391,PENDING_AG03,FALSE,NOT_FOR_ENFORCEMENT,6384.5836,256811.4724,6650.6079,6384.5836,266.0243,0.02244119,0.02154355,266.0243,6384.5836,0.02154355,266.0243,266.0243,266.0243,332.5304,332.5304,6384.5836,0.02154355,1463.1337,1340.2688,5187.4742,5310.3391,0.01750413,0.01791872,0.00089765,16.2655,14.6936,0.3653,59.3804,1.1678,2646.0457,162.5536,12.4780,16.8648,9.0895,16.5695,22.0926,29.825,33.4482,44.5976,11.8163,0.0,2.018664,2.691552,0.981654,30,240,141,4,0.10479828,0.02244119,0.04150452,0E-8,0.000000,0.902668,0.011910,-0.02129501,2026-03-22,2026-08-05,112,5695,2177,137,0.817518,0.739886,0.767145,0.349328,,,,,,,,GLOBAL_BASELINE_NO_ENTITY_RANKING,,,NOT_APPLICABLE_GLOBAL_BASELINE,HF9g-P5,,,,X 全窗基线 · 不参与实体赏罚,14196696,1420,A168_HF9F_20260827_0900,2026-08-27 09:00:00
2026-07-11,110249610,1940,0,165.6945917285,49.7083775186,49.7083775186,0.7500000,5,5,0.49324550000000000,0.493245500000,1.0271117246678039,1.0271117246678039,1.0271117246678039,0E-17,ELIGIBLE,R03b_20260811_FULL_v1,L1_ELIGIBILITY,v2026-08-11,2026-03-21..2026-08-06,baccarat_bet02_101_all_pairs_incl_sentinel,round_win = game_pnl > 0 (decisive only),COMPATIBILITY_ONLY_NOT_PRODUCTION,296357.1217,267511.9505,6650.6079,18220,18206,-0.02244119,-0.04150452,-0.02020951,-0.02244119,-6650.6079,296357.1217,OK,0.0000,266.0243,4.0000,96.0000,AG03-UNRESOLVED,ALL5_LEVELS_bet23_to_bet27,266.0243,266.0243,266.0243,332.5304,332.5304,4.000000,4.000000,4.000000,5.000000,5.000000,96.000000,96.000000,96.000000,95.000000,95.000000,5.0,1463.1337,1340.2688,5187.4742,5310.3391,PENDING_AG03,FALSE,NOT_FOR_ENFORCEMENT,6384.5836,256811.4724,6650.6079,6384.5836,266.0243,0.02244119,0.02154355,266.0243,6384.5836,0.02154355,266.0243,266.0243,266.0243,332.5304,332.5304,6384.5836,0.02154355,1463.1337,1340.2688,5187.4742,5310.3391,0.01750413,0.01791872,0.00089765,16.2655,14.6936,0.3653,59.3804,1.1678,2646.0457,162.5536,12.4780,16.8648,9.0895,16.5695,22.0926,29.825,33.4482,44.5976,11.8163,0.0,2.018664,2.691552,0.981654,30,240,141,4,0.10479828,0.02244119,0.04150452,0E-8,0.000000,0.902668,0.011910,-0.02129501,2026-03-22,2026-08-05,112,5695,2177,137,0.817518,0.739886,0.767145,0.349328,,,,,,,,GLOBAL_BASELINE_NO_ENTITY_RANKING,,,NOT_APPLICABLE_GLOBAL_BASELINE,HF9g-P5,,,,X 全窗基线 · 不参与实体赏罚,14196697,1420,A168_HF9F_20260827_0900,2026-08-27 09:00:00
2026-07-11,110249610,1994,0,217.6122304702,-4.8603746906,-4.8603746906,0.5000000,13,13,0.50355719230769231,0.503557192308,-0.022498228910229876,-0.022498228912176028,-0.022498228910229876,-3.0769E-13,ELIGIBLE,R03b_20260811_FULL_v1,L1_ELIGIBILITY,v2026-08-11,2026-03-21..2026-08-06,baccarat_bet02_101_all_pairs_incl_sentinel,round_win = game_pnl > 0 (decisive only),COMPATIBILITY_ONLY_NOT_PRODUCTION,296357.1217,267511.9505,6650.6079,18220,18206,-0.02244119,-0.04150452,-0.02020951,-0.02244119,-6650.6079,296357.1217,OK,0.0000,266.0243,4.0000,96.0000,AG03-UNRESOLVED,ALL5_LEVELS_bet23_to_bet27,266.0243,266.0243,266.0243,332.5304,332.5304,4.000000,4.000000,4.000000,5.000000,5.000000,96.000000,96.000000,96.000000,95.000000,95.000000,5.0,1463.1337,1340.2688,5187.4742,5310.3391,PENDING_AG03,FALSE,NOT_FOR_ENFORCEMENT,6384.5836,256811.4724,6650.6079,6384.5836,266.0243,0.02244119,0.02154355,266.0243,6384.5836,0.02154355,266.0243,266.0243,266.0243,332.5304,332.5304,6384.5836,0.02154355,1463.1337,1340.2688,5187.4742,5310.3391,0.01750413,0.01791872,0.00089765,16.2655,14.6936,0.3653,59.3804,1.1678,2646.0457,162.5536,12.4780,16.8648,9.0895,16.5695,22.0926,29.825,33.4482,44.5976,11.8163,0.0,2.018664,2.691552,0.981654,30,240,141,4,0.10479828,0.02244119,0.04150452,0E-8,0.000000,0.902668,0.011910,-0.02129501,2026-03-22,2026-08-05,112,5695,2177,137,0.817518,0.739886,0.767145,0.349328,,,,,,,,GLOBAL_BASELINE_NO_ENTITY_RANKING,,,NOT_APPLICABLE_GLOBAL_BASELINE,HF9g-P5,,,,X 全窗基线 · 不参与实体赏罚,14196698,1420,A168_HF9F_20260827_0900,2026-08-27 09:00:00
2026-07-11,110249610,2087,0,77.4346058680,-5.4126899965,-5.4126899965,0.5000000,5,5,0.49860758000000000,0.498607580000,0.005569701597489473,0.005569701597489473,0.005569701597489473,0E-17,ELIGIBLE,R03b_20260811_FULL_v1,L1_ELIGIBILITY,v2026-08-11,2026-03-21..2026-08-06,baccarat_bet02_101_all_pairs_incl_sentinel,round_win = game_pnl > 0 (decisive only),COMPATIBILITY_ONLY_NOT_PRODUCTION,296357.1217,267511.9505,6650.6079,18220,18206,-0.02244119,-0.04150452,-0.02020951,-0.02244119,-6650.6079,296357.1217,OK,0.0000,266.0243,4.0000,96.0000,AG03-UNRESOLVED,ALL5_LEVELS_bet23_to_bet27,266.0243,266.0243,266.0243,332.5304,332.5304,4.000000,4.000000,4.000000,5.000000,5.000000,96.000000,96.000000,96.000000,95.000000,95.000000,5.0,1463.1337,1340.2688,5187.4742,5310.3391,PENDING_AG03,FALSE,NOT_FOR_ENFORCEMENT,6384.5836,256811.4724,6650.6079,6384.5836,266.0243,0.02244119,0.02154355,266.0243,6384.5836,0.02154355,266.0243,266.0243,266.0243,332.5304,332.5304,6384.5836,0.02154355,1463.1337,1340.2688,5187.4742,5310.3391,0.01750413,0.01791872,0.00089765,16.2655,14.6936,0.3653,59.3804,1.1678,2646.0457,162.5536,12.4780,16.8648,9.0895,16.5695,22.0926,29.825,33.4482,44.5976,11.8163,0.0,2.018664,2.691552,0.981654,30,240,141,4,0.10479828,0.02244119,0.04150452,0E-8,0.000000,0.902668,0.011910,-0.02129501,2026-03-22,2026-08-05,112,5695,2177,137,0.817518,0.739886,0.767145,0.349328,,,,,,,,GLOBAL_BASELINE_NO_ENTITY_RANKING,,,NOT_APPLICABLE_GLOBAL_BASELINE,HF9g-P5,,,,X 全窗基线 · 不参与实体赏罚,14196699,1420,A168_HF9F_20260827_0900,2026-08-27 09:00:00
2026-07-11,110249610,2107,0,18.7787203959,-18.7787203959,-18.7787203959,0E-7,1,1,0.50665070000000000,0.506650700000,-1.013391052207602,-1.013391052207602,-1.013391052207602,0E-17,ELIGIBLE,R03b_20260811_FULL_v1,L1_ELIGIBILITY,v2026-08-11,2026-03-21..2026-08-06,baccarat_bet02_101_all_pairs_incl_sentinel,round_win = game_pnl > 0 (decisive only),COMPATIBILITY_ONLY_NOT_PRODUCTION,296357.1217,267511.9505,6650.6079,18220,18206,-0.02244119,-0.04150452,-0.02020951,-0.02244119,-6650.6079,296357.1217,OK,0.0000,266.0243,4.0000,96.0000,AG03-UNRESOLVED,ALL5_LEVELS_bet23_to_bet27,266.0243,266.0243,266.0243,332.5304,332.5304,4.000000,4.000000,4.000000,5.000000,5.000000,96.000000,96.000000,96.000000,95.000000,95.000000,5.0,1463.1337,1340.2688,5187.4742,5310.3391,PENDING_AG03,FALSE,NOT_FOR_ENFORCEMENT,6384.5836,256811.4724,6650.6079,6384.5836,266.0243,0.02244119,0.02154355,266.0243,6384.5836,0.02154355,266.0243,266.0243,266.0243,332.5304,332.5304,6384.5836,0.02154355,1463.1337,1340.2688,5187.4742,5310.3391,0.01750413,0.01791872,0.00089765,16.2655,14.6936,0.3653,59.3804,1.1678,2646.0457,162.5536,12.4780,16.8648,9.0895,16.5695,22.0926,29.825,33.4482,44.5976,11.8163,0.0,2.018664,2.691552,0.981654,30,240,141,4,0.10479828,0.02244119,0.04150452,0E-8,0.000000,0.902668,0.011910,-0.02129501,2026-03-22,2026-08-05,112,5695,2177,137,0.817518,0.739886,0.767145,0.349328,,,,,,,,GLOBAL_BASELINE_NO_ENTITY_RANKING,,,NOT_APPLICABLE_GLOBAL_BASELINE,HF9g-P5,,,,X 全窗基线 · 不参与实体赏罚,14196700,1420,A168_HF9F_20260827_0900,2026-08-27 09:00:00
2026-07-11,110249610,2117,0,27.6157652881,-6.0754683634,-6.0754683634,0.5000000,2,2,0.50665070000000000,0.506650700000,-0.018812684590367487,-0.018812684590367487,-0.018812684590367487,0E-17,ELIGIBLE,R03b_20260811_FULL_v1,L1_ELIGIBILITY,v2026-08-11,2026-03-21..2026-08-06,baccarat_bet02_101_all_pairs_incl_sentinel,round_win = game_pnl > 0 (decisive only),COMPATIBILITY_ONLY_NOT_PRODUCTION,296357.1217,267511.9505,6650.6079,18220,18206,-0.02244119,-0.04150452,-0.02020951,-0.02244119,-6650.6079,296357.1217,OK,0.0000,266.0243,4.0000,96.0000,AG03-UNRESOLVED,ALL5_LEVELS_bet23_to_bet27,266.0243,266.0243,266.0243,332.5304,332.5304,4.000000,4.000000,4.000000,5.000000,5.000000,96.000000,96.000000,96.000000,95.000000,95.000000,5.0,1463.1337,1340.2688,5187.4742,5310.3391,PENDING_AG03,FALSE,NOT_FOR_ENFORCEMENT,6384.5836,256811.4724,6650.6079,6384.5836,266.0243,0.02244119,0.02154355,266.0243,6384.5836,0.02154355,266.0243,266.0243,266.0243,332.5304,332.5304,6384.5836,0.02154355,1463.1337,1340.2688,5187.4742,5310.3391,0.01750413,0.01791872,0.00089765,16.2655,14.6936,0.3653,59.3804,1.1678,2646.0457,162.5536,12.4780,16.8648,9.0895,16.5695,22.0926,29.825,33.4482,44.5976,11.8163,0.0,2.018664,2.691552,0.981654,30,240,141,4,0.10479828,0.02244119,0.04150452,0E-8,0.000000,0.902668,0.011910,-0.02129501,2026-03-22,2026-08-05,112,5695,2177,137,0.817518,0.739886,0.767145,0.349328,,,,,,,,GLOBAL_BASELINE_NO_ENTITY_RANKING,,,NOT_APPLICABLE_GLOBAL_BASELINE,HF9g-P5,,,,X 全窗基线 · 不参与实体赏罚,14196701,1420,A168_HF9F_20260827_0900,2026-08-27 09:00:00
2026-07-11,110249610,2121,0,87.7076705550,7.0696359138,7.0696359138,0.5000000,4,4,0.50665070000000000,0.506650700000,-0.02660515369234503,-0.02660515369234503,-0.02660515369234503,0E-17,ELIGIBLE,R03b_20260811_FULL_v1,L1_ELIGIBILITY,v2026-08-11,2026-03-21..2026-08-06,baccarat_bet02_101_all_pairs_incl_sentinel,round_win = game_pnl > 0 (decisive only),COMPATIBILITY_ONLY_NOT_PRODUCTION,296357.1217,267511.9505,6650.6079,18220,18206,-0.02244119,-0.04150452,-0.02020951,-0.02244119,-6650.6079,296357.1217,OK,0.0000,266.0243,4.0000,96.0000,AG03-UNRESOLVED,ALL5_LEVELS_bet23_to_bet27,266.0243,266.0243,266.0243,332.5304,332.5304,4.000000,4.000000,4.000000,5.000000,5.000000,96.000000,96.000000,96.000000,95.000000,95.000000,5.0,1463.1337,1340.2688,5187.4742,5310.3391,PENDING_AG03,FALSE,NOT_FOR_ENFORCEMENT,6384.5836,256811.4724,6650.6079,6384.5836,266.0243,0.02244119,0.02154355,266.0243,6384.5836,0.02154355,266.0243,266.0243,266.0243,332.5304,332.5304,6384.5836,0.02154355,1463.1337,1340.2688,5187.4742,5310.3391,0.01750413,0.01791872,0.00089765,16.2655,14.6936,0.3653,59.3804,1.1678,2646.0457,162.5536,12.4780,16.8648,9.0895,16.5695,22.0926,29.825,33.4482,44.5976,11.8163,0.0,2.018664,2.691552,0.981654,30,240,141,4,0.10479828,0.02244119,0.04150452,0E-8,0.000000,0.902668,0.011910,-0.02129501,2026-03-22,2026-08-05,112,5695,2177,137,0.817518,0.739886,0.767145,0.349328,,,,,,,,GLOBAL_BASELINE_NO_ENTITY_RANKING,,,NOT_APPLICABLE_GLOBAL_BASELINE,HF9g-P5,,,,X 全窗基线 · 不参与实体赏罚,14196702,1420,A168_HF9F_20260827_0900,2026-08-27 09:00:00
2026-07-11,110249610,2129,0,134.7649346059,-17.6740897843,-17.6740897843,0.4000000,6,6,0.49547970000000000,0.495479700000,-0.42701565021644644,-0.42701565021644644,-0.42701565021644644,0E-17,ELIGIBLE,R03b_20260811_FULL_v1,L1_ELIGIBILITY,v2026-08-11,2026-03-21..2026-08-06,baccarat_bet02_101_all_pairs_incl_sentinel,round_win = game_pnl > 0 (decisive only),COMPATIBILITY_ONLY_NOT_PRODUCTION,296357.1217,267511.9505,6650.6079,18220,18206,-0.02244119,-0.04150452,-0.02020951,-0.02244119,-6650.6079,296357.1217,OK,0.0000,266.0243,4.0000,96.0000,AG03-UNRESOLVED,ALL5_LEVELS_bet23_to_bet27,266.0243,266.0243,266.0243,332.5304,332.5304,4.000000,4.000000,4.000000,5.000000,5.000000,96.000000,96.000000,96.000000,95.000000,95.000000,5.0,1463.1337,1340.2688,5187.4742,5310.3391,PENDING_AG03,FALSE,NOT_FOR_ENFORCEMENT,6384.5836,256811.4724,6650.6079,6384.5836,266.0243,0.02244119,0.02154355,266.0243,6384.5836,0.02154355,266.0243,266.0243,266.0243,332.5304,332.5304,6384.5836,0.02154355,1463.1337,1340.2688,5187.4742,5310.3391,0.01750413,0.01791872,0.00089765,16.2655,14.6936,0.3653,59.3804,1.1678,2646.0457,162.5536,12.4780,16.8648,9.0895,16.5695,22.0926,29.825,33.4482,44.5976,11.8163,0.0,2.018664,2.691552,0.981654,30,240,141,4,0.10479828,0.02244119,0.04150452,0E-8,0.000000,0.902668,0.011910,-0.02129501,2026-03-22,2026-08-05,112,5695,2177,137,0.817518,0.739886,0.767145,0.349328,,,,,,,,GLOBAL_BASELINE_NO_ENTITY_RANKING,,,NOT_APPLICABLE_GLOBAL_BASELINE,HF9g-P5,,,,X 全窗基线 · 不参与实体赏罚,14196703,1420,A168_HF9F_20260827_0900,2026-08-27 09:00:00
2026-07-11,110249610,2130,0,16.5694591729,-16.5694591729,-16.5694591729,0E-7,1,1,0.49324550000000000,0.493245500000,-0.9865810262130424,-0.9865810262130424,-0.9865810262130424,0E-17,ELIGIBLE,R03b_20260811_FULL_v1,L1_ELIGIBILITY,v2026-08-11,2026-03-21..2026-08-06,baccarat_bet02_101_all_pairs_incl_sentinel,round_win = game_pnl > 0 (decisive only),COMPATIBILITY_ONLY_NOT_PRODUCTION,296357.1217,267511.9505,6650.6079,18220,18206,-0.02244119,-0.04150452,-0.02020951,-0.02244119,-6650.6079,296357.1217,OK,0.0000,266.0243,4.0000,96.0000,AG03-UNRESOLVED,ALL5_LEVELS_bet23_to_bet27,266.0243,266.0243,266.0243,332.5304,332.5304,4.000000,4.000000,4.000000,5.000000,5.000000,96.000000,96.000000,96.000000,95.000000,95.000000,5.0,1463.1337,1340.2688,5187.4742,5310.3391,PENDING_AG03,FALSE,NOT_FOR_ENFORCEMENT,6384.5836,256811.4724,6650.6079,6384.5836,266.0243,0.02244119,0.02154355,266.0243,6384.5836,0.02154355,266.0243,266.0243,266.0243,332.5304,332.5304,6384.5836,0.02154355,1463.1337,1340.2688,5187.4742,5310.3391,0.01750413,0.01791872,0.00089765,16.2655,14.6936,0.3653,59.3804,1.1678,2646.0457,162.5536,12.4780,16.8648,9.0895,16.5695,22.0926,29.825,33.4482,44.5976,11.8163,0.0,2.018664,2.691552,0.981654,30,240,141,4,0.10479828,0.02244119,0.04150452,0E-8,0.000000,0.902668,0.011910,-0.02129501,2026-03-22,2026-08-05,112,5695,2177,137,0.817518,0.739886,0.767145,0.349328,,,,,,,,GLOBAL_BASELINE_NO_ENTITY_RANKING,,,NOT_APPLICABLE_GLOBAL_BASELINE,HF9g-P5,,,,X 全窗基线 · 不参与实体赏罚,14196704,1420,A168_HF9F_20260827_0900,2026-08-27 09:00:00
2026-07-11,110249610,2141,0,81.7426652528,-27.8919229410,-27.8919229410,0.4000000,5,5,0.50665070000000000,0.506650700000,-0.4769986289884125,-0.4769986289884125,-0.4769986289884125,0E-17,ELIGIBLE,R03b_20260811_FULL_v1,L1_ELIGIBILITY,v2026-08-11,2026-03-21..2026-08-06,baccarat_bet02_101_all_pairs_incl_sentinel,round_win = game_pnl > 0 (decisive only),COMPATIBILITY_ONLY_NOT_PRODUCTION,296357.1217,267511.9505,6650.6079,18220,18206,-0.02244119,-0.04150452,-0.02020951,-0.02244119,-6650.6079,296357.1217,OK,0.0000,266.0243,4.0000,96.0000,AG03-UNRESOLVED,ALL5_LEVELS_bet23_to_bet27,266.0243,266.0243,266.0243,332.5304,332.5304,4.000000,4.000000,4.000000,5.000000,5.000000,96.000000,96.000000,96.000000,95.000000,95.000000,5.0,1463.1337,1340.2688,5187.4742,5310.3391,PENDING_AG03,FALSE,NOT_FOR_ENFORCEMENT,6384.5836,256811.4724,6650.6079,6384.5836,266.0243,0.02244119,0.02154355,266.0243,6384.5836,0.02154355,266.0243,266.0243,266.0243,332.5304,332.5304,6384.5836,0.02154355,1463.1337,1340.2688,5187.4742,5310.3391,0.01750413,0.01791872,0.00089765,16.2655,14.6936,0.3653,59.3804,1.1678,2646.0457,162.5536,12.4780,16.8648,9.0895,16.5695,22.0926,29.825,33.4482,44.5976,11.8163,0.0,2.018664,2.691552,0.981654,30,240,141,4,0.10479828,0.02244119,0.04150452,0E-8,0.000000,0.902668,0.011910,-0.02129501,2026-03-22,2026-08-05,112,5695,2177,137,0.817518,0.739886,0.767145,0.349328,,,,,,,,GLOBAL_BASELINE_NO_ENTITY_RANKING,,,NOT_APPLICABLE_GLOBAL_BASELINE,HF9g-P5,,,,X 全窗基线 · 不参与实体赏罚,14196705,1420,A168_HF9F_20260827_0900,2026-08-27 09:00:00
2026-07-11,110249610,2147,0,13.2555673383,-13.2555673383,-13.2555673383,0E-7,1,1,0.49324550000000000,0.493245500000,-0.9865810262130424,-0.9865810262130424,-0.9865810262130424,0E-17,ELIGIBLE,R03b_20260811_FULL_v1,L1_ELIGIBILITY,v2026-08-11,2026-03-21..2026-08-06,baccarat_bet02_101_all_pairs_incl_sentinel,round_win = game_pnl > 0 (decisive only),COMPATIBILITY_ONLY_NOT_PRODUCTION,296357.1217,267511.9505,6650.6079,18220,18206,-0.02244119,-0.04150452,-0.02020951,-0.02244119,-6650.6079,296357.1217,OK,0.0000,266.0243,4.0000,96.0000,AG03-UNRESOLVED,ALL5_LEVELS_bet23_to_bet27,266.0243,266.0243,266.0243,332.5304,332.5304,4.000000,4.000000,4.000000,5.000000,5.000000,96.000000,96.000000,96.000000,95.000000,95.000000,5.0,1463.1337,1340.2688,5187.4742,5310.3391,PENDING_AG03,FALSE,NOT_FOR_ENFORCEMENT,6384.5836,256811.4724,6650.6079,6384.5836,266.0243,0.02244119,0.02154355,266.0243,6384.5836,0.02154355,266.0243,266.0243,266.0243,332.5304,332.5304,6384.5836,0.02154355,1463.1337,1340.2688,5187.4742,5310.3391,0.01750413,0.01791872,0.00089765,16.2655,14.6936,0.3653,59.3804,1.1678,2646.0457,162.5536,12.4780,16.8648,9.0895,16.5695,22.0926,29.825,33.4482,44.5976,11.8163,0.0,2.018664,2.691552,0.981654,30,240,141,4,0.10479828,0.02244119,0.04150452,0E-8,0.000000,0.902668,0.011910,-0.02129501,2026-03-22,2026-08-05,112,5695,2177,137,0.817518,0.739886,0.767145,0.349328,,,,,,,,GLOBAL_BASELINE_NO_ENTITY_RANKING,,,NOT_APPLICABLE_GLOBAL_BASELINE,HF9g-P5,,,,X 全窗基线 · 不参与实体赏罚,14196706,1420,A168_HF9F_20260827_0900,2026-08-27 09:00:00
2026-07-11,110249610,2170,0,179.5024743725,53.6298161895,53.6298161895,0.6666667,11,11,0.50299473636363636,0.502994736364,0.9820491968863256,0.9820491968841482,0.9820491968863256,-3.6364E-13,ELIGIBLE,R03b_20260811_FULL_v1,L1_ELIGIBILITY,v2026-08-11,2026-03-21..2026-08-06,baccarat_bet02_101_all_pairs_incl_sentinel,round_win = game_pnl > 0 (decisive only),COMPATIBILITY_ONLY_NOT_PRODUCTION,296357.1217,267511.9505,6650.6079,18220,18206,-0.02244119,-0.04150452,-0.02020951,-0.02244119,-6650.6079,296357.1217,OK,0.0000,266.0243,4.0000,96.0000,AG03-UNRESOLVED,ALL5_LEVELS_bet23_to_bet27,266.0243,266.0243,266.0243,332.5304,332.5304,4.000000,4.000000,4.000000,5.000000,5.000000,96.000000,96.000000,96.000000,95.000000,95.000000,5.0,1463.1337,1340.2688,5187.4742,5310.3391,PENDING_AG03,FALSE,NOT_FOR_ENFORCEMENT,6384.5836,256811.4724,6650.6079,6384.5836,266.0243,0.02244119,0.02154355,266.0243,6384.5836,0.02154355,266.0243,266.0243,266.0243,332.5304,332.5304,6384.5836,0.02154355,1463.1337,1340.2688,5187.4742,5310.3391,0.01750413,0.01791872,0.00089765,16.2655,14.6936,0.3653,59.3804,1.1678,2646.0457,162.5536,12.4780,16.8648,9.0895,16.5695,22.0926,29.825,33.4482,44.5976,11.8163,0.0,2.018664,2.691552,0.981654,30,240,141,4,0.10479828,0.02244119,0.04150452,0E-8,0.000000,0.902668,0.011910,-0.02129501,2026-03-22,2026-08-05,112,5695,2177,137,0.817518,0.739886,0.767145,0.349328,,,,,,,,GLOBAL_BASELINE_NO_ENTITY_RANKING,,,NOT_APPLICABLE_GLOBAL_BASELINE,HF9g-P5,,,,X 全窗基线 · 不参与实体赏罚,14196707,1420,A168_HF9F_20260827_0900,2026-08-27 09:00:00
2026-07-11,110249610,2171,0,17.6740897844,-17.6740897844,-17.6740897844,0E-7,1,1,0.50665070000000000,0.506650700000,-1.013391052207602,-1.013391052207602,-1.013391052207602,0E-17,ELIGIBLE,R03b_20260811_FULL_v1,L1_ELIGIBILITY,v2026-08-11,2026-03-21..2026-08-06,baccarat_bet02_101_all_pairs_incl_sentinel,round_win = game_pnl > 0 (decisive only),COMPATIBILITY_ONLY_NOT_PRODUCTION,296357.1217,267511.9505,6650.6079,18220,18206,-0.02244119,-0.04150452,-0.02020951,-0.02244119,-6650.6079,296357.1217,OK,0.0000,266.0243,4.0000,96.0000,AG03-UNRESOLVED,ALL5_LEVELS_bet23_to_bet27,266.0243,266.0243,266.0243,332.5304,332.5304,4.000000,4.000000,4.000000,5.000000,5.000000,96.000000,96.000000,96.000000,95.000000,95.000000,5.0,1463.1337,1340.2688,5187.4742,5310.3391,PENDING_AG03,FALSE,NOT_FOR_ENFORCEMENT,6384.5836,256811.4724,6650.6079,6384.5836,266.0243,0.02244119,0.02154355,266.0243,6384.5836,0.02154355,266.0243,266.0243,266.0243,332.5304,332.5304,6384.5836,0.02154355,1463.1337,1340.2688,5187.4742,5310.3391,0.01750413,0.01791872,0.00089765,16.2655,14.6936,0.3653,59.3804,1.1678,2646.0457,162.5536,12.4780,16.8648,9.0895,16.5695,22.0926,29.825,33.4482,44.5976,11.8163,0.0,2.018664,2.691552,0.981654,30,240,141,4,0.10479828,0.02244119,0.04150452,0E-8,0.000000,0.902668,0.011910,-0.02129501,2026-03-22,2026-08-05,112,5695,2177,137,0.817518,0.739886,0.767145,0.349328,,,,,,,,GLOBAL_BASELINE_NO_ENTITY_RANKING,,,NOT_APPLICABLE_GLOBAL_BASELINE,HF9g-P5,,,,X 全窗基线 · 不参与实体赏罚,14196708,1420,A168_HF9F_20260827_0900,2026-08-27 09:00:00
2026-07-11,110249610,2174,0,44.1852244608,-1.1046306114,-1.1046306114,0.5000000,4,4,0.50665070000000000,0.506650700000,-0.02660515369234503,-0.02660515369234503,-0.02660515369234503,0E-17,ELIGIBLE,R03b_20260811_FULL_v1,L1_ELIGIBILITY,v2026-08-11,2026-03-21..2026-08-06,baccarat_bet02_101_all_pairs_incl_sentinel,round_win = game_pnl > 0 (decisive only),COMPATIBILITY_ONLY_NOT_PRODUCTION,296357.1217,267511.9505,6650.6079,18220,18206,-0.02244119,-0.04150452,-0.02020951,-0.02244119,-6650.6079,296357.1217,OK,0.0000,266.0243,4.0000,96.0000,AG03-UNRESOLVED,ALL5_LEVELS_bet23_to_bet27,266.0243,266.0243,266.0243,332.5304,332.5304,4.000000,4.000000,4.000000,5.000000,5.000000,96.000000,96.000000,96.000000,95.000000,95.000000,5.0,1463.1337,1340.2688,5187.4742,5310.3391,PENDING_AG03,FALSE,NOT_FOR_ENFORCEMENT,6384.5836,256811.4724,6650.6079,6384.5836,266.0243,0.02244119,0.02154355,266.0243,6384.5836,0.02154355,266.0243,266.0243,266.0243,332.5304,332.5304,6384.5836,0.02154355,1463.1337,1340.2688,5187.4742,5310.3391,0.01750413,0.01791872,0.00089765,16.2655,14.6936,0.3653,59.3804,1.1678,2646.0457,162.5536,12.4780,16.8648,9.0895,16.5695,22.0926,29.825,33.4482,44.5976,11.8163,0.0,2.018664,2.691552,0.981654,30,240,141,4,0.10479828,0.02244119,0.04150452,0E-8,0.000000,0.902668,0.011910,-0.02129501,2026-03-22,2026-08-05,112,5695,2177,137,0.817518,0.739886,0.767145,0.349328,,,,,,,,GLOBAL_BASELINE_NO_ENTITY_RANKING,,,NOT_APPLICABLE_GLOBAL_BASELINE,HF9g-P5,,,,X 全窗基线 · 不参与实体赏罚,14196709,1420,A168_HF9F_20260827_0900,2026-08-27 09:00:00
2026-07-11,110249610,2175,0,160.7237539767,43.9090668080,43.9090668080,0.6666667,7,7,0.50473567142857143,0.504735671429,0.7933322080094374,0.7933322080073443,0.7933322080094374,-4.2857E-13,ELIGIBLE,R03b_20260811_FULL_v1,L1_ELIGIBILITY,v2026-08-11,2026-03-21..2026-08-06,baccarat_bet02_101_all_pairs_incl_sentinel,round_win = game_pnl > 0 (decisive only),COMPATIBILITY_ONLY_NOT_PRODUCTION,296357.1217,267511.9505,6650.6079,18220,18206,-0.02244119,-0.04150452,-0.02020951,-0.02244119,-6650.6079,296357.1217,OK,0.0000,266.0243,4.0000,96.0000,AG03-UNRESOLVED,ALL5_LEVELS_bet23_to_bet27,266.0243,266.0243,266.0243,332.5304,332.5304,4.000000,4.000000,4.000000,5.000000,5.000000,96.000000,96.000000,96.000000,95.000000,95.000000,5.0,1463.1337,1340.2688,5187.4742,5310.3391,PENDING_AG03,FALSE,NOT_FOR_ENFORCEMENT,6384.5836,256811.4724,6650.6079,6384.5836,266.0243,0.02244119,0.02154355,266.0243,6384.5836,0.02154355,266.0243,266.0243,266.0243,332.5304,332.5304,6384.5836,0.02154355,1463.1337,1340.2688,5187.4742,5310.3391,0.01750413,0.01791872,0.00089765,16.2655,14.6936,0.3653,59.3804,1.1678,2646.0457,162.5536,12.4780,16.8648,9.0895,16.5695,22.0926,29.825,33.4482,44.5976,11.8163,0.0,2.018664,2.691552,0.981654,30,240,141,4,0.10479828,0.02244119,0.04150452,0E-8,0.000000,0.902668,0.011910,-0.02129501,2026-03-22,2026-08-05,112,5695,2177,137,0.817518,0.739886,0.767145,0.349328,,,,,,,,GLOBAL_BASELINE_NO_ENTITY_RANKING,,,NOT_APPLICABLE_GLOBAL_BASELINE,HF9g-P5,,,,X 全窗基线 · 不参与实体赏罚,14196710,1420,A168_HF9F_20260827_0900,2026-08-27 09:00:00
2026-07-11,110249610,2196,0,11.0463061152,11.0463061152,11.0463061152,1.0000000,1,1,0.49324550000000000,0.493245500000,1.01360149184955,1.01360149184955,1.01360149184955,0E-17,ELIGIBLE,R03b_20260811_FULL_v1,L1_ELIGIBILITY,v2026-08-11,2026-03-21..2026-08-06,baccarat_bet02_101_all_pairs_incl_sentinel,round_win = game_pnl > 0 (decisive only),COMPATIBILITY_ONLY_NOT_PRODUCTION,296357.1217,267511.9505,6650.6079,18220,18206,-0.02244119,-0.04150452,-0.02020951,-0.02244119,-6650.6079,296357.1217,OK,0.0000,266.0243,4.0000,96.0000,AG03-UNRESOLVED,ALL5_LEVELS_bet23_to_bet27,266.0243,266.0243,266.0243,332.5304,332.5304,4.000000,4.000000,4.000000,5.000000,5.000000,96.000000,96.000000,96.000000,95.000000,95.000000,5.0,1463.1337,1340.2688,5187.4742,5310.3391,PENDING_AG03,FALSE,NOT_FOR_ENFORCEMENT,6384.5836,256811.4724,6650.6079,6384.5836,266.0243,0.02244119,0.02154355,266.0243,6384.5836,0.02154355,266.0243,266.0243,266.0243,332.5304,332.5304,6384.5836,0.02154355,1463.1337,1340.2688,5187.4742,5310.3391,0.01750413,0.01791872,0.00089765,16.2655,14.6936,0.3653,59.3804,1.1678,2646.0457,162.5536,12.4780,16.8648,9.0895,16.5695,22.0926,29.825,33.4482,44.5976,11.8163,0.0,2.018664,2.691552,0.981654,30,240,141,4,0.10479828,0.02244119,0.04150452,0E-8,0.000000,0.902668,0.011910,-0.02129501,2026-03-22,2026-08-05,112,5695,2177,137,0.817518,0.739886,0.767145,0.349328,,,,,,,,GLOBAL_BASELINE_NO_ENTITY_RANKING,,,NOT_APPLICABLE_GLOBAL_BASELINE,HF9g-P5,,,,X 全窗基线 · 不参与实体赏罚,14196711,1420,A168_HF9F_20260827_0900,2026-08-27 09:00:00
2026-07-11,110249610,2201,0,11.0463061152,-11.0463061152,-11.0463061152,0E-7,1,1,0.50665070000000000,0.506650700000,-1.013391052207602,-1.013391052207602,-1.013391052207602,0E-17,ELIGIBLE,R03b_20260811_FULL_v1,L1_ELIGIBILITY,v2026-08-11,2026-03-21..2026-08-06,baccarat_bet02_101_all_pairs_incl_sentinel,round_win = game_pnl > 0 (decisive only),COMPATIBILITY_ONLY_NOT_PRODUCTION,296357.1217,267511.9505,6650.6079,18220,18206,-0.02244119,-0.04150452,-0.02020951,-0.02244119,-6650.6079,296357.1217,OK,0.0000,266.0243,4.0000,96.0000,AG03-UNRESOLVED,ALL5_LEVELS_bet23_to_bet27,266.0243,266.0243,266.0243,332.5304,332.5304,4.000000,4.000000,4.000000,5.000000,5.000000,96.000000,96.000000,96.000000,95.000000,95.000000,5.0,1463.1337,1340.2688,5187.4742,5310.3391,PENDING_AG03,FALSE,NOT_FOR_ENFORCEMENT,6384.5836,256811.4724,6650.6079,6384.5836,266.0243,0.02244119,0.02154355,266.0243,6384.5836,0.02154355,266.0243,266.0243,266.0243,332.5304,332.5304,6384.5836,0.02154355,1463.1337,1340.2688,5187.4742,5310.3391,0.01750413,0.01791872,0.00089765,16.2655,14.6936,0.3653,59.3804,1.1678,2646.0457,162.5536,12.4780,16.8648,9.0895,16.5695,22.0926,29.825,33.4482,44.5976,11.8163,0.0,2.018664,2.691552,0.981654,30,240,141,4,0.10479828,0.02244119,0.04150452,0E-8,0.000000,0.902668,0.011910,-0.02129501,2026-03-22,2026-08-05,112,5695,2177,137,0.817518,0.739886,0.767145,0.349328,,,,,,,,GLOBAL_BASELINE_NO_ENTITY_RANKING,,,NOT_APPLICABLE_GLOBAL_BASELINE,HF9g-P5,,,,X 全窗基线 · 不参与实体赏罚,14196712,1420,A168_HF9F_20260827_0900,2026-08-27 09:00:00
2026-07-11,110249610,2205,0,554.5245669849,196.3757069635,196.3757069635,0.7000000,23,22,0.50375639545454477,0.503908727273,1.7553056968578848,1.7539472574016386,1.7553056968578848,-0.00015233181845523,ELIGIBLE,R03b_20260811_FULL_v1,L1_ELIGIBILITY,v2026-08-11,2026-03-21..2026-08-06,baccarat_bet02_101_all_pairs_incl_sentinel,round_win = game_pnl > 0 (decisive only),COMPATIBILITY_ONLY_NOT_PRODUCTION,296357.1217,267511.9505,6650.6079,18220,18206,-0.02244119,-0.04150452,-0.02020951,-0.02244119,-6650.6079,296357.1217,OK,0.0000,266.0243,4.0000,96.0000,AG03-UNRESOLVED,ALL5_LEVELS_bet23_to_bet27,266.0243,266.0243,266.0243,332.5304,332.5304,4.000000,4.000000,4.000000,5.000000,5.000000,96.000000,96.000000,96.000000,95.000000,95.000000,5.0,1463.1337,1340.2688,5187.4742,5310.3391,PENDING_AG03,FALSE,NOT_FOR_ENFORCEMENT,6384.5836,256811.4724,6650.6079,6384.5836,266.0243,0.02244119,0.02154355,266.0243,6384.5836,0.02154355,266.0243,266.0243,266.0243,332.5304,332.5304,6384.5836,0.02154355,1463.1337,1340.2688,5187.4742,5310.3391,0.01750413,0.01791872,0.00089765,16.2655,14.6936,0.3653,59.3804,1.1678,2646.0457,162.5536,12.4780,16.8648,9.0895,16.5695,22.0926,29.825,33.4482,44.5976,11.8163,0.0,2.018664,2.691552,0.981654,30,240,141,4,0.10479828,0.02244119,0.04150452,0E-8,0.000000,0.902668,0.011910,-0.02129501,2026-03-22,2026-08-05,112,5695,2177,137,0.817518,0.739886,0.767145,0.349328,,,,,,,,GLOBAL_BASELINE_NO_ENTITY_RANKING,,,NOT_APPLICABLE_GLOBAL_BASELINE,HF9g-P5,,,,X 全窗基线 · 不参与实体赏罚,14196713,1420,A168_HF9F_20260827_0900,2026-08-27 09:00:00
2026-07-11,110249610,2209,0,198.8335100743,68.4870979145,68.4870979145,0.7142857,8,8,0.49659680000000000,0.496596800000,1.151928143794541,1.151928143794541,1.151928143794541,0E-17,ELIGIBLE,R03b_20260811_FULL_v1,L1_ELIGIBILITY,v2026-08-11,2026-03-21..2026-08-06,baccarat_bet02_101_all_pairs_incl_sentinel,round_win = game_pnl > 0 (decisive only),COMPATIBILITY_ONLY_NOT_PRODUCTION,296357.1217,267511.9505,6650.6079,18220,18206,-0.02244119,-0.04150452,-0.02020951,-0.02244119,-6650.6079,296357.1217,OK,0.0000,266.0243,4.0000,96.0000,AG03-UNRESOLVED,ALL5_LEVELS_bet23_to_bet27,266.0243,266.0243,266.0243,332.5304,332.5304,4.000000,4.000000,4.000000,5.000000,5.000000,96.000000,96.000000,96.000000,95.000000,95.000000,5.0,1463.1337,1340.2688,5187.4742,5310.3391,PENDING_AG03,FALSE,NOT_FOR_ENFORCEMENT,6384.5836,256811.4724,6650.6079,6384.5836,266.0243,0.02244119,0.02154355,266.0243,6384.5836,0.02154355,266.0243,266.0243,266.0243,332.5304,332.5304,6384.5836,0.02154355,1463.1337,1340.2688,5187.4742,5310.3391,0.01750413,0.01791872,0.00089765,16.2655,14.6936,0.3653,59.3804,1.1678,2646.0457,162.5536,12.4780,16.8648,9.0895,16.5695,22.0926,29.825,33.4482,44.5976,11.8163,0.0,2.018664,2.691552,0.981654,30,240,141,4,0.10479828,0.02244119,0.04150452,0E-8,0.000000,0.902668,0.011910,-0.02129501,2026-03-22,2026-08-05,112,5695,2177,137,0.817518,0.739886,0.767145,0.349328,,,,,,,,GLOBAL_BASELINE_NO_ENTITY_RANKING,,,NOT_APPLICABLE_GLOBAL_BASELINE,HF9g-P5,,,,X 全窗基线 · 不参与实体赏罚,14196714,1420,A168_HF9F_20260827_0900,2026-08-27 09:00:00
2026-07-11,110249610,2216,0,27.8366914104,-5.8655885472,-5.8655885472,0.5000000,2,2,0.50665070000000000,0.506650700000,-0.018812684590367487,-0.018812684590367487,-0.018812684590367487,0E-17,ELIGIBLE,R03b_20260811_FULL_v1,L1_ELIGIBILITY,v2026-08-11,2026-03-21..2026-08-06,baccarat_bet02_101_all_pairs_incl_sentinel,round_win = game_pnl > 0 (decisive only),COMPATIBILITY_ONLY_NOT_PRODUCTION,296357.1217,267511.9505,6650.6079,18220,18206,-0.02244119,-0.04150452,-0.02020951,-0.02244119,-6650.6079,296357.1217,OK,0.0000,266.0243,4.0000,96.0000,AG03-UNRESOLVED,ALL5_LEVELS_bet23_to_bet27,266.0243,266.0243,266.0243,332.5304,332.5304,4.000000,4.000000,4.000000,5.000000,5.000000,96.000000,96.000000,96.000000,95.000000,95.000000,5.0,1463.1337,1340.2688,5187.4742,5310.3391,PENDING_AG03,FALSE,NOT_FOR_ENFORCEMENT,6384.5836,256811.4724,6650.6079,6384.5836,266.0243,0.02244119,0.02154355,266.0243,6384.5836,0.02154355,266.0243,266.0243,266.0243,332.5304,332.5304,6384.5836,0.02154355,1463.1337,1340.2688,5187.4742,5310.3391,0.01750413,0.01791872,0.00089765,16.2655,14.6936,0.3653,59.3804,1.1678,2646.0457,162.5536,12.4780,16.8648,9.0895,16.5695,22.0926,29.825,33.4482,44.5976,11.8163,0.0,2.018664,2.691552,0.981654,30,240,141,4,0.10479828,0.02244119,0.04150452,0E-8,0.000000,0.902668,0.011910,-0.02129501,2026-03-22,2026-08-05,112,5695,2177,137,0.817518,0.739886,0.767145,0.349328,,,,,,,,GLOBAL_BASELINE_NO_ENTITY_RANKING,,,NOT_APPLICABLE_GLOBAL_BASELINE,HF9g-P5,,,,X 全窗基线 · 不参与实体赏罚,14196715,1420,A168_HF9F_20260827_0900,2026-08-27 09:00:00
2026-07-11,110249610,2224,0,16.5694591729,-16.5694591729,-16.5694591729,0E-7,1,1,0.50665070000000000,0.506650700000,-1.013391052207602,-1.013391052207602,-1.013391052207602,0E-17,ELIGIBLE,R03b_20260811_FULL_v1,L1_ELIGIBILITY,v2026-08-11,2026-03-21..2026-08-06,baccarat_bet02_101_all_pairs_incl_sentinel,round_win = game_pnl > 0 (decisive only),COMPATIBILITY_ONLY_NOT_PRODUCTION,296357.1217,267511.9505,6650.6079,18220,18206,-0.02244119,-0.04150452,-0.02020951,-0.02244119,-6650.6079,296357.1217,OK,0.0000,266.0243,4.0000,96.0000,AG03-UNRESOLVED,ALL5_LEVELS_bet23_to_bet27,266.0243,266.0243,266.0243,332.5304,332.5304,4.000000,4.000000,4.000000,5.000000,5.000000,96.000000,96.000000,96.000000,95.000000,95.000000,5.0,1463.1337,1340.2688,5187.4742,5310.3391,PENDING_AG03,FALSE,NOT_FOR_ENFORCEMENT,6384.5836,256811.4724,6650.6079,6384.5836,266.0243,0.02244119,0.02154355,266.0243,6384.5836,0.02154355,266.0243,266.0243,266.0243,332.5304,332.5304,6384.5836,0.02154355,1463.1337,1340.2688,5187.4742,5310.3391,0.01750413,0.01791872,0.00089765,16.2655,14.6936,0.3653,59.3804,1.1678,2646.0457,162.5536,12.4780,16.8648,9.0895,16.5695,22.0926,29.825,33.4482,44.5976,11.8163,0.0,2.018664,2.691552,0.981654,30,240,141,4,0.10479828,0.02244119,0.04150452,0E-8,0.000000,0.902668,0.011910,-0.02129501,2026-03-22,2026-08-05,112,5695,2177,137,0.817518,0.739886,0.767145,0.349328,,,,,,,,GLOBAL_BASELINE_NO_ENTITY_RANKING,,,NOT_APPLICABLE_GLOBAL_BASELINE,HF9g-P5,,,,X 全窗基线 · 不参与实体赏罚,14196716,1420,A168_HF9F_20260827_0900,2026-08-27 09:00:00
2026-07-11,110249610,2229,0,54.1268999647,-54.1268999647,-54.1268999647,0E-7,2,2,0.49994810000000000,0.499948100000,-1.4140667746232096,-1.4140667746232096,-1.4140667746232096,0E-17,ELIGIBLE,R03b_20260811_FULL_v1,L1_ELIGIBILITY,v2026-08-11,2026-03-21..2026-08-06,baccarat_bet02_101_all_pairs_incl_sentinel,round_win = game_pnl > 0 (decisive only),COMPATIBILITY_ONLY_NOT_PRODUCTION,296357.1217,267511.9505,6650.6079,18220,18206,-0.02244119,-0.04150452,-0.02020951,-0.02244119,-6650.6079,296357.1217,OK,0.0000,266.0243,4.0000,96.0000,AG03-UNRESOLVED,ALL5_LEVELS_bet23_to_bet27,266.0243,266.0243,266.0243,332.5304,332.5304,4.000000,4.000000,4.000000,5.000000,5.000000,96.000000,96.000000,96.000000,95.000000,95.000000,5.0,1463.1337,1340.2688,5187.4742,5310.3391,PENDING_AG03,FALSE,NOT_FOR_ENFORCEMENT,6384.5836,256811.4724,6650.6079,6384.5836,266.0243,0.02244119,0.02154355,266.0243,6384.5836,0.02154355,266.0243,266.0243,266.0243,332.5304,332.5304,6384.5836,0.02154355,1463.1337,1340.2688,5187.4742,5310.3391,0.01750413,0.01791872,0.00089765,16.2655,14.6936,0.3653,59.3804,1.1678,2646.0457,162.5536,12.4780,16.8648,9.0895,16.5695,22.0926,29.825,33.4482,44.5976,11.8163,0.0,2.018664,2.691552,0.981654,30,240,141,4,0.10479828,0.02244119,0.04150452,0E-8,0.000000,0.902668,0.011910,-0.02129501,2026-03-22,2026-08-05,112,5695,2177,137,0.817518,0.739886,0.767145,0.349328,,,,,,,,GLOBAL_BASELINE_NO_ENTITY_RANKING,,,NOT_APPLICABLE_GLOBAL_BASELINE,HF9g-P5,,,,X 全窗基线 · 不参与实体赏罚,14196717,1420,A168_HF9F_20260827_0900,2026-08-27 09:00:00
2026-07-11,110249610,2230,0,16.5694591729,15.7409862142,15.7409862142,1.0000000,1,1,0.50665070000000000,0.506650700000,0.9867858985152569,0.9867858985152569,0.9867858985152569,0E-17,ELIGIBLE,R03b_20260811_FULL_v1,L1_ELIGIBILITY,v2026-08-11,2026-03-21..2026-08-06,baccarat_bet02_101_all_pairs_incl_sentinel,round_win = game_pnl > 0 (decisive only),COMPATIBILITY_ONLY_NOT_PRODUCTION,296357.1217,267511.9505,6650.6079,18220,18206,-0.02244119,-0.04150452,-0.02020951,-0.02244119,-6650.6079,296357.1217,OK,0.0000,266.0243,4.0000,96.0000,AG03-UNRESOLVED,ALL5_LEVELS_bet23_to_bet27,266.0243,266.0243,266.0243,332.5304,332.5304,4.000000,4.000000,4.000000,5.000000,5.000000,96.000000,96.000000,96.000000,95.000000,95.000000,5.0,1463.1337,1340.2688,5187.4742,5310.3391,PENDING_AG03,FALSE,NOT_FOR_ENFORCEMENT,6384.5836,256811.4724,6650.6079,6384.5836,266.0243,0.02244119,0.02154355,266.0243,6384.5836,0.02154355,266.0243,266.0243,266.0243,332.5304,332.5304,6384.5836,0.02154355,1463.1337,1340.2688,5187.4742,5310.3391,0.01750413,0.01791872,0.00089765,16.2655,14.6936,0.3653,59.3804,1.1678,2646.0457,162.5536,12.4780,16.8648,9.0895,16.5695,22.0926,29.825,33.4482,44.5976,11.8163,0.0,2.018664,2.691552,0.981654,30,240,141,4,0.10479828,0.02244119,0.04150452,0E-8,0.000000,0.902668,0.011910,-0.02129501,2026-03-22,2026-08-05,112,5695,2177,137,0.817518,0.739886,0.767145,0.349328,,,,,,,,GLOBAL_BASELINE_NO_ENTITY_RANKING,,,NOT_APPLICABLE_GLOBAL_BASELINE,HF9g-P5,,,,X 全窗基线 · 不参与实体赏罚,14196718,1420,A168_HF9F_20260827_0900,2026-08-27 09:00:00
2026-07-11,110249610,2241,0,10.4939908095,0E-10,0E-10,,1,1,0.49324550000000000,0.493245500000,,,,0E-17,NO_DECISIVE_ROUND,R03b_20260811_FULL_v1,L1_ELIGIBILITY,v2026-08-11,2026-03-21..2026-08-06,baccarat_bet02_101_all_pairs_incl_sentinel,round_win = game_pnl > 0 (decisive only),COMPATIBILITY_ONLY_NOT_PRODUCTION,296357.1217,267511.9505,6650.6079,18220,18206,-0.02244119,-0.04150452,-0.02020951,-0.02244119,-6650.6079,296357.1217,OK,0.0000,266.0243,4.0000,96.0000,AG03-UNRESOLVED,ALL5_LEVELS_bet23_to_bet27,266.0243,266.0243,266.0243,332.5304,332.5304,4.000000,4.000000,4.000000,5.000000,5.000000,96.000000,96.000000,96.000000,95.000000,95.000000,5.0,1463.1337,1340.2688,5187.4742,5310.3391,PENDING_AG03,FALSE,NOT_FOR_ENFORCEMENT,6384.5836,256811.4724,6650.6079,6384.5836,266.0243,0.02244119,0.02154355,266.0243,6384.5836,0.02154355,266.0243,266.0243,266.0243,332.5304,332.5304,6384.5836,0.02154355,1463.1337,1340.2688,5187.4742,5310.3391,0.01750413,0.01791872,0.00089765,16.2655,14.6936,0.3653,59.3804,1.1678,2646.0457,162.5536,12.4780,16.8648,9.0895,16.5695,22.0926,29.825,33.4482,44.5976,11.8163,0.0,2.018664,2.691552,0.981654,30,240,141,4,0.10479828,0.02244119,0.04150452,0E-8,0.000000,0.902668,0.011910,-0.02129501,2026-03-22,2026-08-05,112,5695,2177,137,0.817518,0.739886,0.767145,0.349328,,,,,,,,GLOBAL_BASELINE_NO_ENTITY_RANKING,,,NOT_APPLICABLE_GLOBAL_BASELINE,HF9g-P5,,,,X 全窗基线 · 不参与实体赏罚,14196719,1420,A168_HF9F_20260827_0900,2026-08-27 09:00:00
2026-07-11,110249610,2242,0,193.3103570167,60.7546836338,60.7546836338,0.6666667,7,7,0.49324550000000000,0.493245500000,0.8496642703256836,0.8496642703256835,0.8496642703256836,0E-17,ELIGIBLE,R03b_20260811_FULL_v1,L1_ELIGIBILITY,v2026-08-11,2026-03-21..2026-08-06,baccarat_bet02_101_all_pairs_incl_sentinel,round_win = game_pnl > 0 (decisive only),COMPATIBILITY_ONLY_NOT_PRODUCTION,296357.1217,267511.9505,6650.6079,18220,18206,-0.02244119,-0.04150452,-0.02020951,-0.02244119,-6650.6079,296357.1217,OK,0.0000,266.0243,4.0000,96.0000,AG03-UNRESOLVED,ALL5_LEVELS_bet23_to_bet27,266.0243,266.0243,266.0243,332.5304,332.5304,4.000000,4.000000,4.000000,5.000000,5.000000,96.000000,96.000000,96.000000,95.000000,95.000000,5.0,1463.1337,1340.2688,5187.4742,5310.3391,PENDING_AG03,FALSE,NOT_FOR_ENFORCEMENT,6384.5836,256811.4724,6650.6079,6384.5836,266.0243,0.02244119,0.02154355,266.0243,6384.5836,0.02154355,266.0243,266.0243,266.0243,332.5304,332.5304,6384.5836,0.02154355,1463.1337,1340.2688,5187.4742,5310.3391,0.01750413,0.01791872,0.00089765,16.2655,14.6936,0.3653,59.3804,1.1678,2646.0457,162.5536,12.4780,16.8648,9.0895,16.5695,22.0926,29.825,33.4482,44.5976,11.8163,0.0,2.018664,2.691552,0.981654,30,240,141,4,0.10479828,0.02244119,0.04150452,0E-8,0.000000,0.902668,0.011910,-0.02129501,2026-03-22,2026-08-05,112,5695,2177,137,0.817518,0.739886,0.767145,0.349328,,,,,,,,GLOBAL_BASELINE_NO_ENTITY_RANKING,,,NOT_APPLICABLE_GLOBAL_BASELINE,HF9g-P5,,,,X 全窗基线 · 不参与实体赏罚,14196720,1420,A168_HF9F_20260827_0900,2026-08-27 09:00:00
2026-07-11,110249610,2258,0,119.8524213504,-44.4613821139,-44.4613821139,0.3333333,6,6,0.50218230000000000,0.502182300000,-0.8271955028234007,-0.8271955028234007,-0.8271955028234007,0E-17,ELIGIBLE,R03b_20260811_FULL_v1,L1_ELIGIBILITY,v2026-08-11,2026-03-21..2026-08-06,baccarat_bet02_101_all_pairs_incl_sentinel,round_win = game_pnl > 0 (decisive only),COMPATIBILITY_ONLY_NOT_PRODUCTION,296357.1217,267511.9505,6650.6079,18220,18206,-0.02244119,-0.04150452,-0.02020951,-0.02244119,-6650.6079,296357.1217,OK,0.0000,266.0243,4.0000,96.0000,AG03-UNRESOLVED,ALL5_LEVELS_bet23_to_bet27,266.0243,266.0243,266.0243,332.5304,332.5304,4.000000,4.000000,4.000000,5.000000,5.000000,96.000000,96.000000,96.000000,95.000000,95.000000,5.0,1463.1337,1340.2688,5187.4742,5310.3391,PENDING_AG03,FALSE,NOT_FOR_ENFORCEMENT,6384.5836,256811.4724,6650.6079,6384.5836,266.0243,0.02244119,0.02154355,266.0243,6384.5836,0.02154355,266.0243,266.0243,266.0243,332.5304,332.5304,6384.5836,0.02154355,1463.1337,1340.2688,5187.4742,5310.3391,0.01750413,0.01791872,0.00089765,16.2655,14.6936,0.3653,59.3804,1.1678,2646.0457,162.5536,12.4780,16.8648,9.0895,16.5695,22.0926,29.825,33.4482,44.5976,11.8163,0.0,2.018664,2.691552,0.981654,30,240,141,4,0.10479828,0.02244119,0.04150452,0E-8,0.000000,0.902668,0.011910,-0.02129501,2026-03-22,2026-08-05,112,5695,2177,137,0.817518,0.739886,0.767145,0.349328,,,,,,,,GLOBAL_BASELINE_NO_ENTITY_RANKING,,,NOT_APPLICABLE_GLOBAL_BASELINE,HF9g-P5,,,,X 全窗基线 · 不参与实体赏罚,14196721,1420,A168_HF9F_20260827_0900,2026-08-27 09:00:00
2026-07-11,110249610,2271,0,39.1039236478,-17.5636267231,-17.5636267231,0.2500000,4,4,0.50329940000000000,0.503299400000,-1.013219660140378,-1.013219660140378,-1.013219660140378,0E-17,ELIGIBLE,R03b_20260811_FULL_v1,L1_ELIGIBILITY,v2026-08-11,2026-03-21..2026-08-06,baccarat_bet02_101_all_pairs_incl_sentinel,round_win = game_pnl > 0 (decisive only),COMPATIBILITY_ONLY_NOT_PRODUCTION,296357.1217,267511.9505,6650.6079,18220,18206,-0.02244119,-0.04150452,-0.02020951,-0.02244119,-6650.6079,296357.1217,OK,0.0000,266.0243,4.0000,96.0000,AG03-UNRESOLVED,ALL5_LEVELS_bet23_to_bet27,266.0243,266.0243,266.0243,332.5304,332.5304,4.000000,4.000000,4.000000,5.000000,5.000000,96.000000,96.000000,96.000000,95.000000,95.000000,5.0,1463.1337,1340.2688,5187.4742,5310.3391,PENDING_AG03,FALSE,NOT_FOR_ENFORCEMENT,6384.5836,256811.4724,6650.6079,6384.5836,266.0243,0.02244119,0.02154355,266.0243,6384.5836,0.02154355,266.0243,266.0243,266.0243,332.5304,332.5304,6384.5836,0.02154355,1463.1337,1340.2688,5187.4742,5310.3391,0.01750413,0.01791872,0.00089765,16.2655,14.6936,0.3653,59.3804,1.1678,2646.0457,162.5536,12.4780,16.8648,9.0895,16.5695,22.0926,29.825,33.4482,44.5976,11.8163,0.0,2.018664,2.691552,0.981654,30,240,141,4,0.10479828,0.02244119,0.04150452,0E-8,0.000000,0.902668,0.011910,-0.02129501,2026-03-22,2026-08-05,112,5695,2177,137,0.817518,0.739886,0.767145,0.349328,,,,,,,,GLOBAL_BASELINE_NO_ENTITY_RANKING,,,NOT_APPLICABLE_GLOBAL_BASELINE,HF9g-P5,,,,X 全窗基线 · 不参与实体赏罚,14196722,1420,A168_HF9F_20260827_0900,2026-08-27 09:00:00
2026-07-11,110249610,2280,0,223.0249204668,37.5574407917,37.5574407917,0.6666667,11,11,0.49933877272727273,0.499338772727,1.0039682415497608,1.003968241551398,1.0039682415497608,2.7273E-13,ELIGIBLE,R03b_20260811_FULL_v1,L1_ELIGIBILITY,v2026-08-11,2026-03-21..2026-08-06,baccarat_bet02_101_all_pairs_incl_sentinel,round_win = game_pnl > 0 (decisive only),COMPATIBILITY_ONLY_NOT_PRODUCTION,296357.1217,267511.9505,6650.6079,18220,18206,-0.02244119,-0.04150452,-0.02020951,-0.02244119,-6650.6079,296357.1217,OK,0.0000,266.0243,4.0000,96.0000,AG03-UNRESOLVED,ALL5_LEVELS_bet23_to_bet27,266.0243,266.0243,266.0243,332.5304,332.5304,4.000000,4.000000,4.000000,5.000000,5.000000,96.000000,96.000000,96.000000,95.000000,95.000000,5.0,1463.1337,1340.2688,5187.4742,5310.3391,PENDING_AG03,FALSE,NOT_FOR_ENFORCEMENT,6384.5836,256811.4724,6650.6079,6384.5836,266.0243,0.02244119,0.02154355,266.0243,6384.5836,0.02154355,266.0243,266.0243,266.0243,332.5304,332.5304,6384.5836,0.02154355,1463.1337,1340.2688,5187.4742,5310.3391,0.01750413,0.01791872,0.00089765,16.2655,14.6936,0.3653,59.3804,1.1678,2646.0457,162.5536,12.4780,16.8648,9.0895,16.5695,22.0926,29.825,33.4482,44.5976,11.8163,0.0,2.018664,2.691552,0.981654,30,240,141,4,0.10479828,0.02244119,0.04150452,0E-8,0.000000,0.902668,0.011910,-0.02129501,2026-03-22,2026-08-05,112,5695,2177,137,0.817518,0.739886,0.767145,0.349328,,,,,,,,GLOBAL_BASELINE_NO_ENTITY_RANKING,,,NOT_APPLICABLE_GLOBAL_BASELINE,HF9g-P5,,,,X 全窗基线 · 不参与实体赏罚,14196723,1420,A168_HF9F_20260827_0900,2026-08-27 09:00:00
2026-07-11,110249610,2281,0,32.0342877341,-10.4939908094,-10.4939908094,0.5000000,2,2,0.50665070000000000,0.506650700000,-0.018812684590367487,-0.018812684590367487,-0.018812684590367487,0E-17,ELIGIBLE,R03b_20260811_FULL_v1,L1_ELIGIBILITY,v2026-08-11,2026-03-21..2026-08-06,baccarat_bet02_101_all_pairs_incl_sentinel,round_win = game_pnl > 0 (decisive only),COMPATIBILITY_ONLY_NOT_PRODUCTION,296357.1217,267511.9505,6650.6079,18220,18206,-0.02244119,-0.04150452,-0.02020951,-0.02244119,-6650.6079,296357.1217,OK,0.0000,266.0243,4.0000,96.0000,AG03-UNRESOLVED,ALL5_LEVELS_bet23_to_bet27,266.0243,266.0243,266.0243,332.5304,332.5304,4.000000,4.000000,4.000000,5.000000,5.000000,96.000000,96.000000,96.000000,95.000000,95.000000,5.0,1463.1337,1340.2688,5187.4742,5310.3391,PENDING_AG03,FALSE,NOT_FOR_ENFORCEMENT,6384.5836,256811.4724,6650.6079,6384.5836,266.0243,0.02244119,0.02154355,266.0243,6384.5836,0.02154355,266.0243,266.0243,266.0243,332.5304,332.5304,6384.5836,0.02154355,1463.1337,1340.2688,5187.4742,5310.3391,0.01750413,0.01791872,0.00089765,16.2655,14.6936,0.3653,59.3804,1.1678,2646.0457,162.5536,12.4780,16.8648,9.0895,16.5695,22.0926,29.825,33.4482,44.5976,11.8163,0.0,2.018664,2.691552,0.981654,30,240,141,4,0.10479828,0.02244119,0.04150452,0E-8,0.000000,0.902668,0.011910,-0.02129501,2026-03-22,2026-08-05,112,5695,2177,137,0.817518,0.739886,0.767145,0.349328,,,,,,,,GLOBAL_BASELINE_NO_ENTITY_RANKING,,,NOT_APPLICABLE_GLOBAL_BASELINE,HF9g-P5,,,,X 全窗基线 · 不参与实体赏罚,14196724,1420,A168_HF9F_20260827_0900,2026-08-27 09:00:00
2026-07-11,110249610,2287,0,85.0565570874,-40.8713326264,-40.8713326264,0.2500000,4,4,0.49324550000000000,0.493245500000,-0.9730707933947887,-0.9730707933947887,-0.9730707933947887,0E-17,ELIGIBLE,R03b_20260811_FULL_v1,L1_ELIGIBILITY,v2026-08-11,2026-03-21..2026-08-06,baccarat_bet02_101_all_pairs_incl_sentinel,round_win = game_pnl > 0 (decisive only),COMPATIBILITY_ONLY_NOT_PRODUCTION,296357.1217,267511.9505,6650.6079,18220,18206,-0.02244119,-0.04150452,-0.02020951,-0.02244119,-6650.6079,296357.1217,OK,0.0000,266.0243,4.0000,96.0000,AG03-UNRESOLVED,ALL5_LEVELS_bet23_to_bet27,266.0243,266.0243,266.0243,332.5304,332.5304,4.000000,4.000000,4.000000,5.000000,5.000000,96.000000,96.000000,96.000000,95.000000,95.000000,5.0,1463.1337,1340.2688,5187.4742,5310.3391,PENDING_AG03,FALSE,NOT_FOR_ENFORCEMENT,6384.5836,256811.4724,6650.6079,6384.5836,266.0243,0.02244119,0.02154355,266.0243,6384.5836,0.02154355,266.0243,266.0243,266.0243,332.5304,332.5304,6384.5836,0.02154355,1463.1337,1340.2688,5187.4742,5310.3391,0.01750413,0.01791872,0.00089765,16.2655,14.6936,0.3653,59.3804,1.1678,2646.0457,162.5536,12.4780,16.8648,9.0895,16.5695,22.0926,29.825,33.4482,44.5976,11.8163,0.0,2.018664,2.691552,0.981654,30,240,141,4,0.10479828,0.02244119,0.04150452,0E-8,0.000000,0.902668,0.011910,-0.02129501,2026-03-22,2026-08-05,112,5695,2177,137,0.817518,0.739886,0.767145,0.349328,,,,,,,,GLOBAL_BASELINE_NO_ENTITY_RANKING,,,NOT_APPLICABLE_GLOBAL_BASELINE,HF9g-P5,,,,X 全窗基线 · 不参与实体赏罚,14196725,1420,A168_HF9F_20260827_0900,2026-08-27 09:00:00
2026-07-11,110249610,2289,0,126.4802050194,-38.1097560975,-38.1097560975,0.2500000,6,6,0.49324550000000000,0.493245500000,-0.9730707933947887,-0.9730707933947887,-0.9730707933947887,0E-17,ELIGIBLE,R03b_20260811_FULL_v1,L1_ELIGIBILITY,v2026-08-11,2026-03-21..2026-08-06,baccarat_bet02_101_all_pairs_incl_sentinel,round_win = game_pnl > 0 (decisive only),COMPATIBILITY_ONLY_NOT_PRODUCTION,296357.1217,267511.9505,6650.6079,18220,18206,-0.02244119,-0.04150452,-0.02020951,-0.02244119,-6650.6079,296357.1217,OK,0.0000,266.0243,4.0000,96.0000,AG03-UNRESOLVED,ALL5_LEVELS_bet23_to_bet27,266.0243,266.0243,266.0243,332.5304,332.5304,4.000000,4.000000,4.000000,5.000000,5.000000,96.000000,96.000000,96.000000,95.000000,95.000000,5.0,1463.1337,1340.2688,5187.4742,5310.3391,PENDING_AG03,FALSE,NOT_FOR_ENFORCEMENT,6384.5836,256811.4724,6650.6079,6384.5836,266.0243,0.02244119,0.02154355,266.0243,6384.5836,0.02154355,266.0243,266.0243,266.0243,332.5304,332.5304,6384.5836,0.02154355,1463.1337,1340.2688,5187.4742,5310.3391,0.01750413,0.01791872,0.00089765,16.2655,14.6936,0.3653,59.3804,1.1678,2646.0457,162.5536,12.4780,16.8648,9.0895,16.5695,22.0926,29.825,33.4482,44.5976,11.8163,0.0,2.018664,2.691552,0.981654,30,240,141,4,0.10479828,0.02244119,0.04150452,0E-8,0.000000,0.902668,0.011910,-0.02129501,2026-03-22,2026-08-05,112,5695,2177,137,0.817518,0.739886,0.767145,0.349328,,,,,,,,GLOBAL_BASELINE_NO_ENTITY_RANKING,,,NOT_APPLICABLE_GLOBAL_BASELINE,HF9g-P5,,,,X 全窗基线 · 不参与实体赏罚,14196726,1420,A168_HF9F_20260827_0900,2026-08-27 09:00:00
2026-07-11,110249610,471,0,11.0463061152,-11.0463061152,-11.0463061152,0E-7,1,1,0.50665070000000000,0.506650700000,-1.013391052207602,-1.013391052207602,-1.013391052207602,0E-17,ELIGIBLE,R03b_20260811_FULL_v1,L1_ELIGIBILITY,v2026-08-11,2026-03-21..2026-08-06,baccarat_bet02_101_all_pairs_incl_sentinel,round_win = game_pnl > 0 (decisive only),COMPATIBILITY_ONLY_NOT_PRODUCTION,296357.1217,267511.9505,6650.6079,18220,18206,-0.02244119,-0.04150452,-0.02020951,-0.02244119,-6650.6079,296357.1217,OK,0.0000,266.0243,4.0000,96.0000,AG03-UNRESOLVED,ALL5_LEVELS_bet23_to_bet27,266.0243,266.0243,266.0243,332.5304,332.5304,4.000000,4.000000,4.000000,5.000000,5.000000,96.000000,96.000000,96.000000,95.000000,95.000000,5.0,1463.1337,1340.2688,5187.4742,5310.3391,PENDING_AG03,FALSE,NOT_FOR_ENFORCEMENT,6384.5836,256811.4724,6650.6079,6384.5836,266.0243,0.02244119,0.02154355,266.0243,6384.5836,0.02154355,266.0243,266.0243,266.0243,332.5304,332.5304,6384.5836,0.02154355,1463.1337,1340.2688,5187.4742,5310.3391,0.01750413,0.01791872,0.00089765,16.2655,14.6936,0.3653,59.3804,1.1678,2646.0457,162.5536,12.4780,16.8648,9.0895,16.5695,22.0926,29.825,33.4482,44.5976,11.8163,0.0,2.018664,2.691552,0.981654,30,240,141,4,0.10479828,0.02244119,0.04150452,0E-8,0.000000,0.902668,0.011910,-0.02129501,2026-03-22,2026-08-05,112,5695,2177,137,0.817518,0.739886,0.767145,0.349328,,,,,,,,GLOBAL_BASELINE_NO_ENTITY_RANKING,,,NOT_APPLICABLE_GLOBAL_BASELINE,HF9g-P5,,,,X 全窗基线 · 不参与实体赏罚,14196727,1420,A168_HF9F_20260827_0900,2026-08-27 09:00:00
2026-07-11,110249610,526,0,76.7718275009,-22.9210851891,-22.9210851891,0.5000000,4,4,0.50329940000000000,0.503299400000,-0.01319788734859681,-0.01319788734859681,-0.01319788734859681,0E-17,ELIGIBLE,R03b_20260811_FULL_v1,L1_ELIGIBILITY,v2026-08-11,2026-03-21..2026-08-06,baccarat_bet02_101_all_pairs_incl_sentinel,round_win = game_pnl > 0 (decisive only),COMPATIBILITY_ONLY_NOT_PRODUCTION,296357.1217,267511.9505,6650.6079,18220,18206,-0.02244119,-0.04150452,-0.02020951,-0.02244119,-6650.6079,296357.1217,OK,0.0000,266.0243,4.0000,96.0000,AG03-UNRESOLVED,ALL5_LEVELS_bet23_to_bet27,266.0243,266.0243,266.0243,332.5304,332.5304,4.000000,4.000000,4.000000,5.000000,5.000000,96.000000,96.000000,96.000000,95.000000,95.000000,5.0,1463.1337,1340.2688,5187.4742,5310.3391,PENDING_AG03,FALSE,NOT_FOR_ENFORCEMENT,6384.5836,256811.4724,6650.6079,6384.5836,266.0243,0.02244119,0.02154355,266.0243,6384.5836,0.02154355,266.0243,266.0243,266.0243,332.5304,332.5304,6384.5836,0.02154355,1463.1337,1340.2688,5187.4742,5310.3391,0.01750413,0.01791872,0.00089765,16.2655,14.6936,0.3653,59.3804,1.1678,2646.0457,162.5536,12.4780,16.8648,9.0895,16.5695,22.0926,29.825,33.4482,44.5976,11.8163,0.0,2.018664,2.691552,0.981654,30,240,141,4,0.10479828,0.02244119,0.04150452,0E-8,0.000000,0.902668,0.011910,-0.02129501,2026-03-22,2026-08-05,112,5695,2177,137,0.817518,0.739886,0.767145,0.349328,,,,,,,,GLOBAL_BASELINE_NO_ENTITY_RANKING,,,NOT_APPLICABLE_GLOBAL_BASELINE,HF9g-P5,,,,X 全窗基线 · 不参与实体赏罚,14196728,1420,A168_HF9F_20260827_0900,2026-08-27 09:00:00
2026-07-11,110249610,529,0,152.4390243904,39.3248497703,39.3248497703,0.7142857,7,7,0.50090561428571429,0.500905614286,1.129103210700875,1.1291032106993646,1.129103210700875,-2.8571E-13,ELIGIBLE,R03b_20260811_FULL_v1,L1_ELIGIBILITY,v2026-08-11,2026-03-21..2026-08-06,baccarat_bet02_101_all_pairs_incl_sentinel,round_win = game_pnl > 0 (decisive only),COMPATIBILITY_ONLY_NOT_PRODUCTION,296357.1217,267511.9505,6650.6079,18220,18206,-0.02244119,-0.04150452,-0.02020951,-0.02244119,-6650.6079,296357.1217,OK,0.0000,266.0243,4.0000,96.0000,AG03-UNRESOLVED,ALL5_LEVELS_bet23_to_bet27,266.0243,266.0243,266.0243,332.5304,332.5304,4.000000,4.000000,4.000000,5.000000,5.000000,96.000000,96.000000,96.000000,95.000000,95.000000,5.0,1463.1337,1340.2688,5187.4742,5310.3391,PENDING_AG03,FALSE,NOT_FOR_ENFORCEMENT,6384.5836,256811.4724,6650.6079,6384.5836,266.0243,0.02244119,0.02154355,266.0243,6384.5836,0.02154355,266.0243,266.0243,266.0243,332.5304,332.5304,6384.5836,0.02154355,1463.1337,1340.2688,5187.4742,5310.3391,0.01750413,0.01791872,0.00089765,16.2655,14.6936,0.3653,59.3804,1.1678,2646.0457,162.5536,12.4780,16.8648,9.0895,16.5695,22.0926,29.825,33.4482,44.5976,11.8163,0.0,2.018664,2.691552,0.981654,30,240,141,4,0.10479828,0.02244119,0.04150452,0E-8,0.000000,0.902668,0.011910,-0.02129501,2026-03-22,2026-08-05,112,5695,2177,137,0.817518,0.739886,0.767145,0.349328,,,,,,,,GLOBAL_BASELINE_NO_ENTITY_RANKING,,,NOT_APPLICABLE_GLOBAL_BASELINE,HF9g-P5,,,,X 全窗基线 · 不参与实体赏罚,14196729,1420,A168_HF9F_20260827_0900,2026-08-27 09:00:00
2026-07-11,110249610,550,0,189.4441498763,46.4221014492,46.4221014492,0.6250000,8,8,0.50497505000000000,0.504975050000,0.678997261173364,0.678997261173364,0.678997261173364,0E-17,ELIGIBLE,R03b_20260811_FULL_v1,L1_ELIGIBILITY,v2026-08-11,2026-03-21..2026-08-06,baccarat_bet02_101_all_pairs_incl_sentinel,round_win = game_pnl > 0 (decisive only),COMPATIBILITY_ONLY_NOT_PRODUCTION,296357.1217,267511.9505,6650.6079,18220,18206,-0.02244119,-0.04150452,-0.02020951,-0.02244119,-6650.6079,296357.1217,OK,0.0000,266.0243,4.0000,96.0000,AG03-UNRESOLVED,ALL5_LEVELS_bet23_to_bet27,266.0243,266.0243,266.0243,332.5304,332.5304,4.000000,4.000000,4.000000,5.000000,5.000000,96.000000,96.000000,96.000000,95.000000,95.000000,5.0,1463.1337,1340.2688,5187.4742,5310.3391,PENDING_AG03,FALSE,NOT_FOR_ENFORCEMENT,6384.5836,256811.4724,6650.6079,6384.5836,266.0243,0.02244119,0.02154355,266.0243,6384.5836,0.02154355,266.0243,266.0243,266.0243,332.5304,332.5304,6384.5836,0.02154355,1463.1337,1340.2688,5187.4742,5310.3391,0.01750413,0.01791872,0.00089765,16.2655,14.6936,0.3653,59.3804,1.1678,2646.0457,162.5536,12.4780,16.8648,9.0895,16.5695,22.0926,29.825,33.4482,44.5976,11.8163,0.0,2.018664,2.691552,0.981654,30,240,141,4,0.10479828,0.02244119,0.04150452,0E-8,0.000000,0.902668,0.011910,-0.02129501,2026-03-22,2026-08-05,112,5695,2177,137,0.817518,0.739886,0.767145,0.349328,,,,,,,,GLOBAL_BASELINE_NO_ENTITY_RANKING,,,NOT_APPLICABLE_GLOBAL_BASELINE,HF9g-P5,,,,X 全窗基线 · 不参与实体赏罚,14196730,1420,A168_HF9F_20260827_0900,2026-08-27 09:00:00
2026-07-11,110249610,583,0,16.5694591729,-16.5694591729,-16.5694591729,0E-7,1,1,0.49324550000000000,0.493245500000,-0.9865810262130424,-0.9865810262130424,-0.9865810262130424,0E-17,ELIGIBLE,R03b_20260811_FULL_v1,L1_ELIGIBILITY,v2026-08-11,2026-03-21..2026-08-06,baccarat_bet02_101_all_pairs_incl_sentinel,round_win = game_pnl > 0 (decisive only),COMPATIBILITY_ONLY_NOT_PRODUCTION,296357.1217,267511.9505,6650.6079,18220,18206,-0.02244119,-0.04150452,-0.02020951,-0.02244119,-6650.6079,296357.1217,OK,0.0000,266.0243,4.0000,96.0000,AG03-UNRESOLVED,ALL5_LEVELS_bet23_to_bet27,266.0243,266.0243,266.0243,332.5304,332.5304,4.000000,4.000000,4.000000,5.000000,5.000000,96.000000,96.000000,96.000000,95.000000,95.000000,5.0,1463.1337,1340.2688,5187.4742,5310.3391,PENDING_AG03,FALSE,NOT_FOR_ENFORCEMENT,6384.5836,256811.4724,6650.6079,6384.5836,266.0243,0.02244119,0.02154355,266.0243,6384.5836,0.02154355,266.0243,266.0243,266.0243,332.5304,332.5304,6384.5836,0.02154355,1463.1337,1340.2688,5187.4742,5310.3391,0.01750413,0.01791872,0.00089765,16.2655,14.6936,0.3653,59.3804,1.1678,2646.0457,162.5536,12.4780,16.8648,9.0895,16.5695,22.0926,29.825,33.4482,44.5976,11.8163,0.0,2.018664,2.691552,0.981654,30,240,141,4,0.10479828,0.02244119,0.04150452,0E-8,0.000000,0.902668,0.011910,-0.02129501,2026-03-22,2026-08-05,112,5695,2177,137,0.817518,0.739886,0.767145,0.349328,,,,,,,,GLOBAL_BASELINE_NO_ENTITY_RANKING,,,NOT_APPLICABLE_GLOBAL_BASELINE,HF9g-P5,,,,X 全窗基线 · 不参与实体赏罚,14196731,1420,A168_HF9F_20260827_0900,2026-08-27 09:00:00
2026-07-11,110249610,919,0,27.0634499824,-10.4939908095,-10.4939908095,0E-7,2,2,0.50665070000000000,0.506650700000,-1.013391052207602,-1.013391052207602,-1.013391052207602,0E-17,ELIGIBLE,R03b_20260811_FULL_v1,L1_ELIGIBILITY,v2026-08-11,2026-03-21..2026-08-06,baccarat_bet02_101_all_pairs_incl_sentinel,round_win = game_pnl > 0 (decisive only),COMPATIBILITY_ONLY_NOT_PRODUCTION,296357.1217,267511.9505,6650.6079,18220,18206,-0.02244119,-0.04150452,-0.02020951,-0.02244119,-6650.6079,296357.1217,OK,0.0000,266.0243,4.0000,96.0000,AG03-UNRESOLVED,ALL5_LEVELS_bet23_to_bet27,266.0243,266.0243,266.0243,332.5304,332.5304,4.000000,4.000000,4.000000,5.000000,5.000000,96.000000,96.000000,96.000000,95.000000,95.000000,5.0,1463.1337,1340.2688,5187.4742,5310.3391,PENDING_AG03,FALSE,NOT_FOR_ENFORCEMENT,6384.5836,256811.4724,6650.6079,6384.5836,266.0243,0.02244119,0.02154355,266.0243,6384.5836,0.02154355,266.0243,266.0243,266.0243,332.5304,332.5304,6384.5836,0.02154355,1463.1337,1340.2688,5187.4742,5310.3391,0.01750413,0.01791872,0.00089765,16.2655,14.6936,0.3653,59.3804,1.1678,2646.0457,162.5536,12.4780,16.8648,9.0895,16.5695,22.0926,29.825,33.4482,44.5976,11.8163,0.0,2.018664,2.691552,0.981654,30,240,141,4,0.10479828,0.02244119,0.04150452,0E-8,0.000000,0.902668,0.011910,-0.02129501,2026-03-22,2026-08-05,112,5695,2177,137,0.817518,0.739886,0.767145,0.349328,,,,,,,,GLOBAL_BASELINE_NO_ENTITY_RANKING,,,NOT_APPLICABLE_GLOBAL_BASELINE,HF9g-P5,,,,X 全窗基线 · 不参与实体赏罚,14196732,1420,A168_HF9F_20260827_0900,2026-08-27 09:00:00
2026-07-11,110249610,925,0,10.4939908095,-10.4939908095,-10.4939908095,0E-7,1,1,0.50665070000000000,0.506650700000,-1.013391052207602,-1.013391052207602,-1.013391052207602,0E-17,ELIGIBLE,R03b_20260811_FULL_v1,L1_ELIGIBILITY,v2026-08-11,2026-03-21..2026-08-06,baccarat_bet02_101_all_pairs_incl_sentinel,round_win = game_pnl > 0 (decisive only),COMPATIBILITY_ONLY_NOT_PRODUCTION,296357.1217,267511.9505,6650.6079,18220,18206,-0.02244119,-0.04150452,-0.02020951,-0.02244119,-6650.6079,296357.1217,OK,0.0000,266.0243,4.0000,96.0000,AG03-UNRESOLVED,ALL5_LEVELS_bet23_to_bet27,266.0243,266.0243,266.0243,332.5304,332.5304,4.000000,4.000000,4.000000,5.000000,5.000000,96.000000,96.000000,96.000000,95.000000,95.000000,5.0,1463.1337,1340.2688,5187.4742,5310.3391,PENDING_AG03,FALSE,NOT_FOR_ENFORCEMENT,6384.5836,256811.4724,6650.6079,6384.5836,266.0243,0.02244119,0.02154355,266.0243,6384.5836,0.02154355,266.0243,266.0243,266.0243,332.5304,332.5304,6384.5836,0.02154355,1463.1337,1340.2688,5187.4742,5310.3391,0.01750413,0.01791872,0.00089765,16.2655,14.6936,0.3653,59.3804,1.1678,2646.0457,162.5536,12.4780,16.8648,9.0895,16.5695,22.0926,29.825,33.4482,44.5976,11.8163,0.0,2.018664,2.691552,0.981654,30,240,141,4,0.10479828,0.02244119,0.04150452,0E-8,0.000000,0.902668,0.011910,-0.02129501,2026-03-22,2026-08-05,112,5695,2177,137,0.817518,0.739886,0.767145,0.349328,,,,,,,,GLOBAL_BASELINE_NO_ENTITY_RANKING,,,NOT_APPLICABLE_GLOBAL_BASELINE,HF9g-P5,,,,X 全窗基线 · 不参与实体赏罚,14196733,1420,A168_HF9F_20260827_0900,2026-08-27 09:00:00
2026-07-12,110249610,-1,1,1640.2659950516,95.7604277127,95.7604277127,0.5405405,83,83,0.50261298915662651,0.502612989157,0.6525391779342283,0.652539177927805,0.6525391779342283,-3.7349E-13,SENTINEL_DEALER,R03b_20260811_FULL_v1,L1_ELIGIBILITY,v2026-08-11,2026-03-21..2026-08-06,baccarat_bet02_101_all_pairs_incl_sentinel,round_win = game_pnl > 0 (decisive only),COMPATIBILITY_ONLY_NOT_PRODUCTION,296357.1217,267511.9505,6650.6079,18220,18206,-0.02244119,-0.04150452,-0.02020951,-0.02244119,-6650.6079,296357.1217,OK,0.0000,266.0243,4.0000,96.0000,AG03-UNRESOLVED,ALL5_LEVELS_bet23_to_bet27,266.0243,266.0243,266.0243,332.5304,332.5304,4.000000,4.000000,4.000000,5.000000,5.000000,96.000000,96.000000,96.000000,95.000000,95.000000,5.0,1463.1337,1340.2688,5187.4742,5310.3391,PENDING_AG03,FALSE,NOT_FOR_ENFORCEMENT,6384.5836,256811.4724,6650.6079,6384.5836,266.0243,0.02244119,0.02154355,266.0243,6384.5836,0.02154355,266.0243,266.0243,266.0243,332.5304,332.5304,6384.5836,0.02154355,1463.1337,1340.2688,5187.4742,5310.3391,0.01750413,0.01791872,0.00089765,16.2655,14.6936,0.3653,59.3804,1.1678,2646.0457,162.5536,12.4780,16.8648,9.0895,16.5695,22.0926,29.825,33.4482,44.5976,11.8163,0.0,2.018664,2.691552,0.981654,30,240,141,4,0.10479828,0.02244119,0.04150452,0E-8,0.000000,0.902668,0.011910,-0.02129501,2026-03-22,2026-08-05,112,5695,2177,137,0.817518,0.739886,0.767145,0.349328,,,,,,,,GLOBAL_BASELINE_NO_ENTITY_RANKING,,,NOT_APPLICABLE_GLOBAL_BASELINE,HF9g-P5,,,,X 全窗基线 · 不参与实体赏罚,14196734,1420,A168_HF9F_20260827_0900,2026-08-27 09:00:00
2026-07-12,110249610,1017,0,49.9293036409,-28.3890067162,-28.3890067162,0.3333333,3,3,0.50665070000000000,0.506650700000,-0.6004420894325239,-0.6004420894325239,-0.6004420894325239,0E-17,ELIGIBLE,R03b_20260811_FULL_v1,L1_ELIGIBILITY,v2026-08-11,2026-03-21..2026-08-06,baccarat_bet02_101_all_pairs_incl_sentinel,round_win = game_pnl > 0 (decisive only),COMPATIBILITY_ONLY_NOT_PRODUCTION,296357.1217,267511.9505,6650.6079,18220,18206,-0.02244119,-0.04150452,-0.02020951,-0.02244119,-6650.6079,296357.1217,OK,0.0000,266.0243,4.0000,96.0000,AG03-UNRESOLVED,ALL5_LEVELS_bet23_to_bet27,266.0243,266.0243,266.0243,332.5304,332.5304,4.000000,4.000000,4.000000,5.000000,5.000000,96.000000,96.000000,96.000000,95.000000,95.000000,5.0,1463.1337,1340.2688,5187.4742,5310.3391,PENDING_AG03,FALSE,NOT_FOR_ENFORCEMENT,6384.5836,256811.4724,6650.6079,6384.5836,266.0243,0.02244119,0.02154355,266.0243,6384.5836,0.02154355,266.0243,266.0243,266.0243,332.5304,332.5304,6384.5836,0.02154355,1463.1337,1340.2688,5187.4742,5310.3391,0.01750413,0.01791872,0.00089765,16.2655,14.6936,0.3653,59.3804,1.1678,2646.0457,162.5536,12.4780,16.8648,9.0895,16.5695,22.0926,29.825,33.4482,44.5976,11.8163,0.0,2.018664,2.691552,0.981654,30,240,141,4,0.10479828,0.02244119,0.04150452,0E-8,0.000000,0.902668,0.011910,-0.02129501,2026-03-22,2026-08-05,112,5695,2177,137,0.817518,0.739886,0.767145,0.349328,,,,,,,,GLOBAL_BASELINE_NO_ENTITY_RANKING,,,NOT_APPLICABLE_GLOBAL_BASELINE,HF9g-P5,,,,X 全窗基线 · 不参与实体赏罚,14196735,1420,A168_HF9F_20260827_0900,2026-08-27 09:00:00
2026-07-12,110249610,1205,0,100.1899964652,11.5986214211,11.5986214211,0.6666667,7,7,0.49324550000000000,0.493245500000,0.8496642703256836,0.8496642703256835,0.8496642703256836,0E-17,ELIGIBLE,R03b_20260811_FULL_v1,L1_ELIGIBILITY,v2026-08-11,2026-03-21..2026-08-06,baccarat_bet02_101_all_pairs_incl_sentinel,round_win = game_pnl > 0 (decisive only),COMPATIBILITY_ONLY_NOT_PRODUCTION,296357.1217,267511.9505,6650.6079,18220,18206,-0.02244119,-0.04150452,-0.02020951,-0.02244119,-6650.6079,296357.1217,OK,0.0000,266.0243,4.0000,96.0000,AG03-UNRESOLVED,ALL5_LEVELS_bet23_to_bet27,266.0243,266.0243,266.0243,332.5304,332.5304,4.000000,4.000000,4.000000,5.000000,5.000000,96.000000,96.000000,96.000000,95.000000,95.000000,5.0,1463.1337,1340.2688,5187.4742,5310.3391,PENDING_AG03,FALSE,NOT_FOR_ENFORCEMENT,6384.5836,256811.4724,6650.6079,6384.5836,266.0243,0.02244119,0.02154355,266.0243,6384.5836,0.02154355,266.0243,266.0243,266.0243,332.5304,332.5304,6384.5836,0.02154355,1463.1337,1340.2688,5187.4742,5310.3391,0.01750413,0.01791872,0.00089765,16.2655,14.6936,0.3653,59.3804,1.1678,2646.0457,162.5536,12.4780,16.8648,9.0895,16.5695,22.0926,29.825,33.4482,44.5976,11.8163,0.0,2.018664,2.691552,0.981654,30,240,141,4,0.10479828,0.02244119,0.04150452,0E-8,0.000000,0.902668,0.011910,-0.02129501,2026-03-22,2026-08-05,112,5695,2177,137,0.817518,0.739886,0.767145,0.349328,,,,,,,,GLOBAL_BASELINE_NO_ENTITY_RANKING,,,NOT_APPLICABLE_GLOBAL_BASELINE,HF9g-P5,,,,X 全窗基线 · 不参与实体赏罚,14196736,1420,A168_HF9F_20260827_0900,2026-08-27 09:00:00
2026-07-12,110249610,1302,0,33.1389183458,0E-10,0E-10,0.5000000,2,2,0.49324550000000000,0.493245500000,0.01910635448239258,0.01910635448239258,0.01910635448239258,0E-17,ELIGIBLE,R03b_20260811_FULL_v1,L1_ELIGIBILITY,v2026-08-11,2026-03-21..2026-08-06,baccarat_bet02_101_all_pairs_incl_sentinel,round_win = game_pnl > 0 (decisive only),COMPATIBILITY_ONLY_NOT_PRODUCTION,296357.1217,267511.9505,6650.6079,18220,18206,-0.02244119,-0.04150452,-0.02020951,-0.02244119,-6650.6079,296357.1217,OK,0.0000,266.0243,4.0000,96.0000,AG03-UNRESOLVED,ALL5_LEVELS_bet23_to_bet27,266.0243,266.0243,266.0243,332.5304,332.5304,4.000000,4.000000,4.000000,5.000000,5.000000,96.000000,96.000000,96.000000,95.000000,95.000000,5.0,1463.1337,1340.2688,5187.4742,5310.3391,PENDING_AG03,FALSE,NOT_FOR_ENFORCEMENT,6384.5836,256811.4724,6650.6079,6384.5836,266.0243,0.02244119,0.02154355,266.0243,6384.5836,0.02154355,266.0243,266.0243,266.0243,332.5304,332.5304,6384.5836,0.02154355,1463.1337,1340.2688,5187.4742,5310.3391,0.01750413,0.01791872,0.00089765,16.2655,14.6936,0.3653,59.3804,1.1678,2646.0457,162.5536,12.4780,16.8648,9.0895,16.5695,22.0926,29.825,33.4482,44.5976,11.8163,0.0,2.018664,2.691552,0.981654,30,240,141,4,0.10479828,0.02244119,0.04150452,0E-8,0.000000,0.902668,0.011910,-0.02129501,2026-03-22,2026-08-05,112,5695,2177,137,0.817518,0.739886,0.767145,0.349328,,,,,,,,GLOBAL_BASELINE_NO_ENTITY_RANKING,,,NOT_APPLICABLE_GLOBAL_BASELINE,HF9g-P5,,,,X 全窗基线 · 不参与实体赏罚,14196737,1420,A168_HF9F_20260827_0900,2026-08-27 09:00:00
2026-07-12,110249610,1331,0,104.9399080947,-17.6740897843,-17.6740897843,0.5000000,6,6,0.50218230000000000,0.502182300000,-0.01069114476356389,-0.01069114476356389,-0.01069114476356389,0E-17,ELIGIBLE,R03b_20260811_FULL_v1,L1_ELIGIBILITY,v2026-08-11,2026-03-21..2026-08-06,baccarat_bet02_101_all_pairs_incl_sentinel,round_win = game_pnl > 0 (decisive only),COMPATIBILITY_ONLY_NOT_PRODUCTION,296357.1217,267511.9505,6650.6079,18220,18206,-0.02244119,-0.04150452,-0.02020951,-0.02244119,-6650.6079,296357.1217,OK,0.0000,266.0243,4.0000,96.0000,AG03-UNRESOLVED,ALL5_LEVELS_bet23_to_bet27,266.0243,266.0243,266.0243,332.5304,332.5304,4.000000,4.000000,4.000000,5.000000,5.000000,96.000000,96.000000,96.000000,95.000000,95.000000,5.0,1463.1337,1340.2688,5187.4742,5310.3391,PENDING_AG03,FALSE,NOT_FOR_ENFORCEMENT,6384.5836,256811.4724,6650.6079,6384.5836,266.0243,0.02244119,0.02154355,266.0243,6384.5836,0.02154355,266.0243,266.0243,266.0243,332.5304,332.5304,6384.5836,0.02154355,1463.1337,1340.2688,5187.4742,5310.3391,0.01750413,0.01791872,0.00089765,16.2655,14.6936,0.3653,59.3804,1.1678,2646.0457,162.5536,12.4780,16.8648,9.0895,16.5695,22.0926,29.825,33.4482,44.5976,11.8163,0.0,2.018664,2.691552,0.981654,30,240,141,4,0.10479828,0.02244119,0.04150452,0E-8,0.000000,0.902668,0.011910,-0.02129501,2026-03-22,2026-08-05,112,5695,2177,137,0.817518,0.739886,0.767145,0.349328,,,,,,,,GLOBAL_BASELINE_NO_ENTITY_RANKING,,,NOT_APPLICABLE_GLOBAL_BASELINE,HF9g-P5,,,,X 全窗基线 · 不参与实体赏罚,14196738,1420,A168_HF9F_20260827_0900,2026-08-27 09:00:00
2026-07-12,110249610,1383,0,23.1972428420,-23.1972428420,-23.1972428420,0E-7,1,1,0.50665070000000000,0.506650700000,-1.013391052207602,-1.013391052207602,-1.013391052207602,0E-17,ELIGIBLE,R03b_20260811_FULL_v1,L1_ELIGIBILITY,v2026-08-11,2026-03-21..2026-08-06,baccarat_bet02_101_all_pairs_incl_sentinel,round_win = game_pnl > 0 (decisive only),COMPATIBILITY_ONLY_NOT_PRODUCTION,296357.1217,267511.9505,6650.6079,18220,18206,-0.02244119,-0.04150452,-0.02020951,-0.02244119,-6650.6079,296357.1217,OK,0.0000,266.0243,4.0000,96.0000,AG03-UNRESOLVED,ALL5_LEVELS_bet23_to_bet27,266.0243,266.0243,266.0243,332.5304,332.5304,4.000000,4.000000,4.000000,5.000000,5.000000,96.000000,96.000000,96.000000,95.000000,95.000000,5.0,1463.1337,1340.2688,5187.4742,5310.3391,PENDING_AG03,FALSE,NOT_FOR_ENFORCEMENT,6384.5836,256811.4724,6650.6079,6384.5836,266.0243,0.02244119,0.02154355,266.0243,6384.5836,0.02154355,266.0243,266.0243,266.0243,332.5304,332.5304,6384.5836,0.02154355,1463.1337,1340.2688,5187.4742,5310.3391,0.01750413,0.01791872,0.00089765,16.2655,14.6936,0.3653,59.3804,1.1678,2646.0457,162.5536,12.4780,16.8648,9.0895,16.5695,22.0926,29.825,33.4482,44.5976,11.8163,0.0,2.018664,2.691552,0.981654,30,240,141,4,0.10479828,0.02244119,0.04150452,0E-8,0.000000,0.902668,0.011910,-0.02129501,2026-03-22,2026-08-05,112,5695,2177,137,0.817518,0.739886,0.767145,0.349328,,,,,,,,GLOBAL_BASELINE_NO_ENTITY_RANKING,,,NOT_APPLICABLE_GLOBAL_BASELINE,HF9g-P5,,,,X 全窗基线 · 不参与实体赏罚,14196739,1420,A168_HF9F_20260827_0900,2026-08-27 09:00:00
2026-07-12,110249610,1396,0,73.6788617886,-27.6157652881,-27.6157652881,0E-7,3,3,0.49771390000000000,0.497713900000,-0.9954382048786059,-0.995438204878606,-0.9954382048786059,0E-17,ELIGIBLE,R03b_20260811_FULL_v1,L1_ELIGIBILITY,v2026-08-11,2026-03-21..2026-08-06,baccarat_bet02_101_all_pairs_incl_sentinel,round_win = game_pnl > 0 (decisive only),COMPATIBILITY_ONLY_NOT_PRODUCTION,296357.1217,267511.9505,6650.6079,18220,18206,-0.02244119,-0.04150452,-0.02020951,-0.02244119,-6650.6079,296357.1217,OK,0.0000,266.0243,4.0000,96.0000,AG03-UNRESOLVED,ALL5_LEVELS_bet23_to_bet27,266.0243,266.0243,266.0243,332.5304,332.5304,4.000000,4.000000,4.000000,5.000000,5.000000,96.000000,96.000000,96.000000,95.000000,95.000000,5.0,1463.1337,1340.2688,5187.4742,5310.3391,PENDING_AG03,FALSE,NOT_FOR_ENFORCEMENT,6384.5836,256811.4724,6650.6079,6384.5836,266.0243,0.02244119,0.02154355,266.0243,6384.5836,0.02154355,266.0243,266.0243,266.0243,332.5304,332.5304,6384.5836,0.02154355,1463.1337,1340.2688,5187.4742,5310.3391,0.01750413,0.01791872,0.00089765,16.2655,14.6936,0.3653,59.3804,1.1678,2646.0457,162.5536,12.4780,16.8648,9.0895,16.5695,22.0926,29.825,33.4482,44.5976,11.8163,0.0,2.018664,2.691552,0.981654,30,240,141,4,0.10479828,0.02244119,0.04150452,0E-8,0.000000,0.902668,0.011910,-0.02129501,2026-03-22,2026-08-05,112,5695,2177,137,0.817518,0.739886,0.767145,0.349328,,,,,,,,GLOBAL_BASELINE_NO_ENTITY_RANKING,,,NOT_APPLICABLE_GLOBAL_BASELINE,HF9g-P5,,,,X 全窗基线 · 不参与实体赏罚,14196740,1420,A168_HF9F_20260827_0900,2026-08-27 09:00:00
2026-07-12,110249610,1399,0,22.0926122305,-22.0926122305,-22.0926122305,0E-7,1,1,0.49324550000000000,0.493245500000,-0.9865810262130424,-0.9865810262130424,-0.9865810262130424,0E-17,ELIGIBLE,R03b_20260811_FULL_v1,L1_ELIGIBILITY,v2026-08-11,2026-03-21..2026-08-06,baccarat_bet02_101_all_pairs_incl_sentinel,round_win = game_pnl > 0 (decisive only),COMPATIBILITY_ONLY_NOT_PRODUCTION,296357.1217,267511.9505,6650.6079,18220,18206,-0.02244119,-0.04150452,-0.02020951,-0.02244119,-6650.6079,296357.1217,OK,0.0000,266.0243,4.0000,96.0000,AG03-UNRESOLVED,ALL5_LEVELS_bet23_to_bet27,266.0243,266.0243,266.0243,332.5304,332.5304,4.000000,4.000000,4.000000,5.000000,5.000000,96.000000,96.000000,96.000000,95.000000,95.000000,5.0,1463.1337,1340.2688,5187.4742,5310.3391,PENDING_AG03,FALSE,NOT_FOR_ENFORCEMENT,6384.5836,256811.4724,6650.6079,6384.5836,266.0243,0.02244119,0.02154355,266.0243,6384.5836,0.02154355,266.0243,266.0243,266.0243,332.5304,332.5304,6384.5836,0.02154355,1463.1337,1340.2688,5187.4742,5310.3391,0.01750413,0.01791872,0.00089765,16.2655,14.6936,0.3653,59.3804,1.1678,2646.0457,162.5536,12.4780,16.8648,9.0895,16.5695,22.0926,29.825,33.4482,44.5976,11.8163,0.0,2.018664,2.691552,0.981654,30,240,141,4,0.10479828,0.02244119,0.04150452,0E-8,0.000000,0.902668,0.011910,-0.02129501,2026-03-22,2026-08-05,112,5695,2177,137,0.817518,0.739886,0.767145,0.349328,,,,,,,,GLOBAL_BASELINE_NO_ENTITY_RANKING,,,NOT_APPLICABLE_GLOBAL_BASELINE,HF9g-P5,,,,X 全窗基线 · 不参与实体赏罚,14196741,1420,A168_HF9F_20260827_0900,2026-08-27 09:00:00
2026-07-12,110249610,1402,0,33.1389183457,-33.1389183457,-33.1389183457,0E-7,2,2,0.49994810000000000,0.499948100000,-1.4140667746232096,-1.4140667746232096,-1.4140667746232096,0E-17,ELIGIBLE,R03b_20260811_FULL_v1,L1_ELIGIBILITY,v2026-08-11,2026-03-21..2026-08-06,baccarat_bet02_101_all_pairs_incl_sentinel,round_win = game_pnl > 0 (decisive only),COMPATIBILITY_ONLY_NOT_PRODUCTION,296357.1217,267511.9505,6650.6079,18220,18206,-0.02244119,-0.04150452,-0.02020951,-0.02244119,-6650.6079,296357.1217,OK,0.0000,266.0243,4.0000,96.0000,AG03-UNRESOLVED,ALL5_LEVELS_bet23_to_bet27,266.0243,266.0243,266.0243,332.5304,332.5304,4.000000,4.000000,4.000000,5.000000,5.000000,96.000000,96.000000,96.000000,95.000000,95.000000,5.0,1463.1337,1340.2688,5187.4742,5310.3391,PENDING_AG03,FALSE,NOT_FOR_ENFORCEMENT,6384.5836,256811.4724,6650.6079,6384.5836,266.0243,0.02244119,0.02154355,266.0243,6384.5836,0.02154355,266.0243,266.0243,266.0243,332.5304,332.5304,6384.5836,0.02154355,1463.1337,1340.2688,5187.4742,5310.3391,0.01750413,0.01791872,0.00089765,16.2655,14.6936,0.3653,59.3804,1.1678,2646.0457,162.5536,12.4780,16.8648,9.0895,16.5695,22.0926,29.825,33.4482,44.5976,11.8163,0.0,2.018664,2.691552,0.981654,30,240,141,4,0.10479828,0.02244119,0.04150452,0E-8,0.000000,0.902668,0.011910,-0.02129501,2026-03-22,2026-08-05,112,5695,2177,137,0.817518,0.739886,0.767145,0.349328,,,,,,,,GLOBAL_BASELINE_NO_ENTITY_RANKING,,,NOT_APPLICABLE_GLOBAL_BASELINE,HF9g-P5,,,,X 全窗基线 · 不参与实体赏罚,14196742,1420,A168_HF9F_20260827_0900,2026-08-27 09:00:00
2026-07-12,110249610,1405,0,11.0463061152,-11.0463061152,-11.0463061152,0E-7,1,1,0.49324550000000000,0.493245500000,-0.9865810262130424,-0.9865810262130424,-0.9865810262130424,0E-17,ELIGIBLE,R03b_20260811_FULL_v1,L1_ELIGIBILITY,v2026-08-11,2026-03-21..2026-08-06,baccarat_bet02_101_all_pairs_incl_sentinel,round_win = game_pnl > 0 (decisive only),COMPATIBILITY_ONLY_NOT_PRODUCTION,296357.1217,267511.9505,6650.6079,18220,18206,-0.02244119,-0.04150452,-0.02020951,-0.02244119,-6650.6079,296357.1217,OK,0.0000,266.0243,4.0000,96.0000,AG03-UNRESOLVED,ALL5_LEVELS_bet23_to_bet27,266.0243,266.0243,266.0243,332.5304,332.5304,4.000000,4.000000,4.000000,5.000000,5.000000,96.000000,96.000000,96.000000,95.000000,95.000000,5.0,1463.1337,1340.2688,5187.4742,5310.3391,PENDING_AG03,FALSE,NOT_FOR_ENFORCEMENT,6384.5836,256811.4724,6650.6079,6384.5836,266.0243,0.02244119,0.02154355,266.0243,6384.5836,0.02154355,266.0243,266.0243,266.0243,332.5304,332.5304,6384.5836,0.02154355,1463.1337,1340.2688,5187.4742,5310.3391,0.01750413,0.01791872,0.00089765,16.2655,14.6936,0.3653,59.3804,1.1678,2646.0457,162.5536,12.4780,16.8648,9.0895,16.5695,22.0926,29.825,33.4482,44.5976,11.8163,0.0,2.018664,2.691552,0.981654,30,240,141,4,0.10479828,0.02244119,0.04150452,0E-8,0.000000,0.902668,0.011910,-0.02129501,2026-03-22,2026-08-05,112,5695,2177,137,0.817518,0.739886,0.767145,0.349328,,,,,,,,GLOBAL_BASELINE_NO_ENTITY_RANKING,,,NOT_APPLICABLE_GLOBAL_BASELINE,HF9g-P5,,,,X 全窗基线 · 不参与实体赏罚,14196743,1420,A168_HF9F_20260827_0900,2026-08-27 09:00:00
2026-07-12,110249610,1505,0,39.4353128313,1.4912513256,1.4912513256,0.5000000,2,2,0.50665070000000000,0.506650700000,-0.018812684590367487,-0.018812684590367487,-0.018812684590367487,0E-17,ELIGIBLE,R03b_20260811_FULL_v1,L1_ELIGIBILITY,v2026-08-11,2026-03-21..2026-08-06,baccarat_bet02_101_all_pairs_incl_sentinel,round_win = game_pnl > 0 (decisive only),COMPATIBILITY_ONLY_NOT_PRODUCTION,296357.1217,267511.9505,6650.6079,18220,18206,-0.02244119,-0.04150452,-0.02020951,-0.02244119,-6650.6079,296357.1217,OK,0.0000,266.0243,4.0000,96.0000,AG03-UNRESOLVED,ALL5_LEVELS_bet23_to_bet27,266.0243,266.0243,266.0243,332.5304,332.5304,4.000000,4.000000,4.000000,5.000000,5.000000,96.000000,96.000000,96.000000,95.000000,95.000000,5.0,1463.1337,1340.2688,5187.4742,5310.3391,PENDING_AG03,FALSE,NOT_FOR_ENFORCEMENT,6384.5836,256811.4724,6650.6079,6384.5836,266.0243,0.02244119,0.02154355,266.0243,6384.5836,0.02154355,266.0243,266.0243,266.0243,332.5304,332.5304,6384.5836,0.02154355,1463.1337,1340.2688,5187.4742,5310.3391,0.01750413,0.01791872,0.00089765,16.2655,14.6936,0.3653,59.3804,1.1678,2646.0457,162.5536,12.4780,16.8648,9.0895,16.5695,22.0926,29.825,33.4482,44.5976,11.8163,0.0,2.018664,2.691552,0.981654,30,240,141,4,0.10479828,0.02244119,0.04150452,0E-8,0.000000,0.902668,0.011910,-0.02129501,2026-03-22,2026-08-05,112,5695,2177,137,0.817518,0.739886,0.767145,0.349328,,,,,,,,GLOBAL_BASELINE_NO_ENTITY_RANKING,,,NOT_APPLICABLE_GLOBAL_BASELINE,HF9g-P5,,,,X 全窗基线 · 不参与实体赏罚,14196744,1420,A168_HF9F_20260827_0900,2026-08-27 09:00:00
2026-07-12,110249610,1509,0,11.0463061152,-11.0463061152,-11.0463061152,0E-7,1,1,0.50665070000000000,0.506650700000,-1.013391052207602,-1.013391052207602,-1.013391052207602,0E-17,ELIGIBLE,R03b_20260811_FULL_v1,L1_ELIGIBILITY,v2026-08-11,2026-03-21..2026-08-06,baccarat_bet02_101_all_pairs_incl_sentinel,round_win = game_pnl > 0 (decisive only),COMPATIBILITY_ONLY_NOT_PRODUCTION,296357.1217,267511.9505,6650.6079,18220,18206,-0.02244119,-0.04150452,-0.02020951,-0.02244119,-6650.6079,296357.1217,OK,0.0000,266.0243,4.0000,96.0000,AG03-UNRESOLVED,ALL5_LEVELS_bet23_to_bet27,266.0243,266.0243,266.0243,332.5304,332.5304,4.000000,4.000000,4.000000,5.000000,5.000000,96.000000,96.000000,96.000000,95.000000,95.000000,5.0,1463.1337,1340.2688,5187.4742,5310.3391,PENDING_AG03,FALSE,NOT_FOR_ENFORCEMENT,6384.5836,256811.4724,6650.6079,6384.5836,266.0243,0.02244119,0.02154355,266.0243,6384.5836,0.02154355,266.0243,266.0243,266.0243,332.5304,332.5304,6384.5836,0.02154355,1463.1337,1340.2688,5187.4742,5310.3391,0.01750413,0.01791872,0.00089765,16.2655,14.6936,0.3653,59.3804,1.1678,2646.0457,162.5536,12.4780,16.8648,9.0895,16.5695,22.0926,29.825,33.4482,44.5976,11.8163,0.0,2.018664,2.691552,0.981654,30,240,141,4,0.10479828,0.02244119,0.04150452,0E-8,0.000000,0.902668,0.011910,-0.02129501,2026-03-22,2026-08-05,112,5695,2177,137,0.817518,0.739886,0.767145,0.349328,,,,,,,,GLOBAL_BASELINE_NO_ENTITY_RANKING,,,NOT_APPLICABLE_GLOBAL_BASELINE,HF9g-P5,,,,X 全窗基线 · 不参与实体赏罚,14196745,1420,A168_HF9F_20260827_0900,2026-08-27 09:00:00
2026-07-12,110249610,1704,0,16.5694591729,-16.5694591729,-16.5694591729,0E-7,1,1,0.50665070000000000,0.506650700000,-1.013391052207602,-1.013391052207602,-1.013391052207602,0E-17,ELIGIBLE,R03b_20260811_FULL_v1,L1_ELIGIBILITY,v2026-08-11,2026-03-21..2026-08-06,baccarat_bet02_101_all_pairs_incl_sentinel,round_win = game_pnl > 0 (decisive only),COMPATIBILITY_ONLY_NOT_PRODUCTION,296357.1217,267511.9505,6650.6079,18220,18206,-0.02244119,-0.04150452,-0.02020951,-0.02244119,-6650.6079,296357.1217,OK,0.0000,266.0243,4.0000,96.0000,AG03-UNRESOLVED,ALL5_LEVELS_bet23_to_bet27,266.0243,266.0243,266.0243,332.5304,332.5304,4.000000,4.000000,4.000000,5.000000,5.000000,96.000000,96.000000,96.000000,95.000000,95.000000,5.0,1463.1337,1340.2688,5187.4742,5310.3391,PENDING_AG03,FALSE,NOT_FOR_ENFORCEMENT,6384.5836,256811.4724,6650.6079,6384.5836,266.0243,0.02244119,0.02154355,266.0243,6384.5836,0.02154355,266.0243,266.0243,266.0243,332.5304,332.5304,6384.5836,0.02154355,1463.1337,1340.2688,5187.4742,5310.3391,0.01750413,0.01791872,0.00089765,16.2655,14.6936,0.3653,59.3804,1.1678,2646.0457,162.5536,12.4780,16.8648,9.0895,16.5695,22.0926,29.825,33.4482,44.5976,11.8163,0.0,2.018664,2.691552,0.981654,30,240,141,4,0.10479828,0.02244119,0.04150452,0E-8,0.000000,0.902668,0.011910,-0.02129501,2026-03-22,2026-08-05,112,5695,2177,137,0.817518,0.739886,0.767145,0.349328,,,,,,,,GLOBAL_BASELINE_NO_ENTITY_RANKING,,,NOT_APPLICABLE_GLOBAL_BASELINE,HF9g-P5,,,,X 全窗基线 · 不参与实体赏罚,14196746,1420,A168_HF9F_20260827_0900,2026-08-27 09:00:00
2026-07-12,110249610,1941,0,32.0342877342,-32.0342877342,-32.0342877342,0E-7,1,1,0.50665070000000000,0.506650700000,-1.013391052207602,-1.013391052207602,-1.013391052207602,0E-17,ELIGIBLE,R03b_20260811_FULL_v1,L1_ELIGIBILITY,v2026-08-11,2026-03-21..2026-08-06,baccarat_bet02_101_all_pairs_incl_sentinel,round_win = game_pnl > 0 (decisive only),COMPATIBILITY_ONLY_NOT_PRODUCTION,296357.1217,267511.9505,6650.6079,18220,18206,-0.02244119,-0.04150452,-0.02020951,-0.02244119,-6650.6079,296357.1217,OK,0.0000,266.0243,4.0000,96.0000,AG03-UNRESOLVED,ALL5_LEVELS_bet23_to_bet27,266.0243,266.0243,266.0243,332.5304,332.5304,4.000000,4.000000,4.000000,5.000000,5.000000,96.000000,96.000000,96.000000,95.000000,95.000000,5.0,1463.1337,1340.2688,5187.4742,5310.3391,PENDING_AG03,FALSE,NOT_FOR_ENFORCEMENT,6384.5836,256811.4724,6650.6079,6384.5836,266.0243,0.02244119,0.02154355,266.0243,6384.5836,0.02154355,266.0243,266.0243,266.0243,332.5304,332.5304,6384.5836,0.02154355,1463.1337,1340.2688,5187.4742,5310.3391,0.01750413,0.01791872,0.00089765,16.2655,14.6936,0.3653,59.3804,1.1678,2646.0457,162.5536,12.4780,16.8648,9.0895,16.5695,22.0926,29.825,33.4482,44.5976,11.8163,0.0,2.018664,2.691552,0.981654,30,240,141,4,0.10479828,0.02244119,0.04150452,0E-8,0.000000,0.902668,0.011910,-0.02129501,2026-03-22,2026-08-05,112,5695,2177,137,0.817518,0.739886,0.767145,0.349328,,,,,,,,GLOBAL_BASELINE_NO_ENTITY_RANKING,,,NOT_APPLICABLE_GLOBAL_BASELINE,HF9g-P5,,,,X 全窗基线 · 不参与实体赏罚,14196747,1420,A168_HF9F_20260827_0900,2026-08-27 09:00:00
2026-07-12,110249610,1957,0,11.0463061152,-11.0463061152,-11.0463061152,0E-7,1,1,0.50665070000000000,0.506650700000,-1.013391052207602,-1.013391052207602,-1.013391052207602,0E-17,ELIGIBLE,R03b_20260811_FULL_v1,L1_ELIGIBILITY,v2026-08-11,2026-03-21..2026-08-06,baccarat_bet02_101_all_pairs_incl_sentinel,round_win = game_pnl > 0 (decisive only),COMPATIBILITY_ONLY_NOT_PRODUCTION,296357.1217,267511.9505,6650.6079,18220,18206,-0.02244119,-0.04150452,-0.02020951,-0.02244119,-6650.6079,296357.1217,OK,0.0000,266.0243,4.0000,96.0000,AG03-UNRESOLVED,ALL5_LEVELS_bet23_to_bet27,266.0243,266.0243,266.0243,332.5304,332.5304,4.000000,4.000000,4.000000,5.000000,5.000000,96.000000,96.000000,96.000000,95.000000,95.000000,5.0,1463.1337,1340.2688,5187.4742,5310.3391,PENDING_AG03,FALSE,NOT_FOR_ENFORCEMENT,6384.5836,256811.4724,6650.6079,6384.5836,266.0243,0.02244119,0.02154355,266.0243,6384.5836,0.02154355,266.0243,266.0243,266.0243,332.5304,332.5304,6384.5836,0.02154355,1463.1337,1340.2688,5187.4742,5310.3391,0.01750413,0.01791872,0.00089765,16.2655,14.6936,0.3653,59.3804,1.1678,2646.0457,162.5536,12.4780,16.8648,9.0895,16.5695,22.0926,29.825,33.4482,44.5976,11.8163,0.0,2.018664,2.691552,0.981654,30,240,141,4,0.10479828,0.02244119,0.04150452,0E-8,0.000000,0.902668,0.011910,-0.02129501,2026-03-22,2026-08-05,112,5695,2177,137,0.817518,0.739886,0.767145,0.349328,,,,,,,,GLOBAL_BASELINE_NO_ENTITY_RANKING,,,NOT_APPLICABLE_GLOBAL_BASELINE,HF9g-P5,,,,X 全窗基线 · 不参与实体赏罚,14196748,1420,A168_HF9F_20260827_0900,2026-08-27 09:00:00
2026-07-12,110249610,1963,0,81.1903499470,-17.6464740191,-17.6464740191,0.5000000,4,4,0.50329940000000000,0.503299400000,-0.01319788734859681,-0.01319788734859681,-0.01319788734859681,0E-17,ELIGIBLE,R03b_20260811_FULL_v1,L1_ELIGIBILITY,v2026-08-11,2026-03-21..2026-08-06,baccarat_bet02_101_all_pairs_incl_sentinel,round_win = game_pnl > 0 (decisive only),COMPATIBILITY_ONLY_NOT_PRODUCTION,296357.1217,267511.9505,6650.6079,18220,18206,-0.02244119,-0.04150452,-0.02020951,-0.02244119,-6650.6079,296357.1217,OK,0.0000,266.0243,4.0000,96.0000,AG03-UNRESOLVED,ALL5_LEVELS_bet23_to_bet27,266.0243,266.0243,266.0243,332.5304,332.5304,4.000000,4.000000,4.000000,5.000000,5.000000,96.000000,96.000000,96.000000,95.000000,95.000000,5.0,1463.1337,1340.2688,5187.4742,5310.3391,PENDING_AG03,FALSE,NOT_FOR_ENFORCEMENT,6384.5836,256811.4724,6650.6079,6384.5836,266.0243,0.02244119,0.02154355,266.0243,6384.5836,0.02154355,266.0243,266.0243,266.0243,332.5304,332.5304,6384.5836,0.02154355,1463.1337,1340.2688,5187.4742,5310.3391,0.01750413,0.01791872,0.00089765,16.2655,14.6936,0.3653,59.3804,1.1678,2646.0457,162.5536,12.4780,16.8648,9.0895,16.5695,22.0926,29.825,33.4482,44.5976,11.8163,0.0,2.018664,2.691552,0.981654,30,240,141,4,0.10479828,0.02244119,0.04150452,0E-8,0.000000,0.902668,0.011910,-0.02129501,2026-03-22,2026-08-05,112,5695,2177,137,0.817518,0.739886,0.767145,0.349328,,,,,,,,GLOBAL_BASELINE_NO_ENTITY_RANKING,,,NOT_APPLICABLE_GLOBAL_BASELINE,HF9g-P5,,,,X 全窗基线 · 不参与实体赏罚,14196749,1420,A168_HF9F_20260827_0900,2026-08-27 09:00:00
2026-07-12,110249610,1985,0,16.5694591729,-16.5694591729,-16.5694591729,0E-7,1,1,0.50665070000000000,0.506650700000,-1.013391052207602,-1.013391052207602,-1.013391052207602,0E-17,ELIGIBLE,R03b_20260811_FULL_v1,L1_ELIGIBILITY,v2026-08-11,2026-03-21..2026-08-06,baccarat_bet02_101_all_pairs_incl_sentinel,round_win = game_pnl > 0 (decisive only),COMPATIBILITY_ONLY_NOT_PRODUCTION,296357.1217,267511.9505,6650.6079,18220,18206,-0.02244119,-0.04150452,-0.02020951,-0.02244119,-6650.6079,296357.1217,OK,0.0000,266.0243,4.0000,96.0000,AG03-UNRESOLVED,ALL5_LEVELS_bet23_to_bet27,266.0243,266.0243,266.0243,332.5304,332.5304,4.000000,4.000000,4.000000,5.000000,5.000000,96.000000,96.000000,96.000000,95.000000,95.000000,5.0,1463.1337,1340.2688,5187.4742,5310.3391,PENDING_AG03,FALSE,NOT_FOR_ENFORCEMENT,6384.5836,256811.4724,6650.6079,6384.5836,266.0243,0.02244119,0.02154355,266.0243,6384.5836,0.02154355,266.0243,266.0243,266.0243,332.5304,332.5304,6384.5836,0.02154355,1463.1337,1340.2688,5187.4742,5310.3391,0.01750413,0.01791872,0.00089765,16.2655,14.6936,0.3653,59.3804,1.1678,2646.0457,162.5536,12.4780,16.8648,9.0895,16.5695,22.0926,29.825,33.4482,44.5976,11.8163,0.0,2.018664,2.691552,0.981654,30,240,141,4,0.10479828,0.02244119,0.04150452,0E-8,0.000000,0.902668,0.011910,-0.02129501,2026-03-22,2026-08-05,112,5695,2177,137,0.817518,0.739886,0.767145,0.349328,,,,,,,,GLOBAL_BASELINE_NO_ENTITY_RANKING,,,NOT_APPLICABLE_GLOBAL_BASELINE,HF9g-P5,,,,X 全窗基线 · 不参与实体赏罚,14196750,1420,A168_HF9F_20260827_0900,2026-08-27 09:00:00
2026-07-12,110249610,1990,0,115.8757511489,5.4126899965,5.4126899965,0.6000000,6,6,0.49324550000000000,0.493245500000,0.47746420675292983,0.47746420675292983,0.47746420675292983,0E-17,ELIGIBLE,R03b_20260811_FULL_v1,L1_ELIGIBILITY,v2026-08-11,2026-03-21..2026-08-06,baccarat_bet02_101_all_pairs_incl_sentinel,round_win = game_pnl > 0 (decisive only),COMPATIBILITY_ONLY_NOT_PRODUCTION,296357.1217,267511.9505,6650.6079,18220,18206,-0.02244119,-0.04150452,-0.02020951,-0.02244119,-6650.6079,296357.1217,OK,0.0000,266.0243,4.0000,96.0000,AG03-UNRESOLVED,ALL5_LEVELS_bet23_to_bet27,266.0243,266.0243,266.0243,332.5304,332.5304,4.000000,4.000000,4.000000,5.000000,5.000000,96.000000,96.000000,96.000000,95.000000,95.000000,5.0,1463.1337,1340.2688,5187.4742,5310.3391,PENDING_AG03,FALSE,NOT_FOR_ENFORCEMENT,6384.5836,256811.4724,6650.6079,6384.5836,266.0243,0.02244119,0.02154355,266.0243,6384.5836,0.02154355,266.0243,266.0243,266.0243,332.5304,332.5304,6384.5836,0.02154355,1463.1337,1340.2688,5187.4742,5310.3391,0.01750413,0.01791872,0.00089765,16.2655,14.6936,0.3653,59.3804,1.1678,2646.0457,162.5536,12.4780,16.8648,9.0895,16.5695,22.0926,29.825,33.4482,44.5976,11.8163,0.0,2.018664,2.691552,0.981654,30,240,141,4,0.10479828,0.02244119,0.04150452,0E-8,0.000000,0.902668,0.011910,-0.02129501,2026-03-22,2026-08-05,112,5695,2177,137,0.817518,0.739886,0.767145,0.349328,,,,,,,,GLOBAL_BASELINE_NO_ENTITY_RANKING,,,NOT_APPLICABLE_GLOBAL_BASELINE,HF9g-P5,,,,X 全窗基线 · 不参与实体赏罚,14196751,1420,A168_HF9F_20260827_0900,2026-08-27 09:00:00
2026-07-12,110249610,2071,0,27.6157652881,-27.6157652881,-27.6157652881,0E-7,1,1,0.50665070000000000,0.506650700000,-1.013391052207602,-1.013391052207602,-1.013391052207602,0E-17,ELIGIBLE,R03b_20260811_FULL_v1,L1_ELIGIBILITY,v2026-08-11,2026-03-21..2026-08-06,baccarat_bet02_101_all_pairs_incl_sentinel,round_win = game_pnl > 0 (decisive only),COMPATIBILITY_ONLY_NOT_PRODUCTION,296357.1217,267511.9505,6650.6079,18220,18206,-0.02244119,-0.04150452,-0.02020951,-0.02244119,-6650.6079,296357.1217,OK,0.0000,266.0243,4.0000,96.0000,AG03-UNRESOLVED,ALL5_LEVELS_bet23_to_bet27,266.0243,266.0243,266.0243,332.5304,332.5304,4.000000,4.000000,4.000000,5.000000,5.000000,96.000000,96.000000,96.000000,95.000000,95.000000,5.0,1463.1337,1340.2688,5187.4742,5310.3391,PENDING_AG03,FALSE,NOT_FOR_ENFORCEMENT,6384.5836,256811.4724,6650.6079,6384.5836,266.0243,0.02244119,0.02154355,266.0243,6384.5836,0.02154355,266.0243,266.0243,266.0243,332.5304,332.5304,6384.5836,0.02154355,1463.1337,1340.2688,5187.4742,5310.3391,0.01750413,0.01791872,0.00089765,16.2655,14.6936,0.3653,59.3804,1.1678,2646.0457,162.5536,12.4780,16.8648,9.0895,16.5695,22.0926,29.825,33.4482,44.5976,11.8163,0.0,2.018664,2.691552,0.981654,30,240,141,4,0.10479828,0.02244119,0.04150452,0E-8,0.000000,0.902668,0.011910,-0.02129501,2026-03-22,2026-08-05,112,5695,2177,137,0.817518,0.739886,0.767145,0.349328,,,,,,,,GLOBAL_BASELINE_NO_ENTITY_RANKING,,,NOT_APPLICABLE_GLOBAL_BASELINE,HF9g-P5,,,,X 全窗基线 · 不参与实体赏罚,14196752,1420,A168_HF9F_20260827_0900,2026-08-27 09:00:00
2026-07-12,110249610,2103,0,38.6620714034,36.7289678331,36.7289678331,1.0000000,2,2,0.50665070000000000,0.506650700000,1.3955260008387969,1.3955260008387969,1.3955260008387969,0E-17,ELIGIBLE,R03b_20260811_FULL_v1,L1_ELIGIBILITY,v2026-08-11,2026-03-21..2026-08-06,baccarat_bet02_101_all_pairs_incl_sentinel,round_win = game_pnl > 0 (decisive only),COMPATIBILITY_ONLY_NOT_PRODUCTION,296357.1217,267511.9505,6650.6079,18220,18206,-0.02244119,-0.04150452,-0.02020951,-0.02244119,-6650.6079,296357.1217,OK,0.0000,266.0243,4.0000,96.0000,AG03-UNRESOLVED,ALL5_LEVELS_bet23_to_bet27,266.0243,266.0243,266.0243,332.5304,332.5304,4.000000,4.000000,4.000000,5.000000,5.000000,96.000000,96.000000,96.000000,95.000000,95.000000,5.0,1463.1337,1340.2688,5187.4742,5310.3391,PENDING_AG03,FALSE,NOT_FOR_ENFORCEMENT,6384.5836,256811.4724,6650.6079,6384.5836,266.0243,0.02244119,0.02154355,266.0243,6384.5836,0.02154355,266.0243,266.0243,266.0243,332.5304,332.5304,6384.5836,0.02154355,1463.1337,1340.2688,5187.4742,5310.3391,0.01750413,0.01791872,0.00089765,16.2655,14.6936,0.3653,59.3804,1.1678,2646.0457,162.5536,12.4780,16.8648,9.0895,16.5695,22.0926,29.825,33.4482,44.5976,11.8163,0.0,2.018664,2.691552,0.981654,30,240,141,4,0.10479828,0.02244119,0.04150452,0E-8,0.000000,0.902668,0.011910,-0.02129501,2026-03-22,2026-08-05,112,5695,2177,137,0.817518,0.739886,0.767145,0.349328,,,,,,,,GLOBAL_BASELINE_NO_ENTITY_RANKING,,,NOT_APPLICABLE_GLOBAL_BASELINE,HF9g-P5,,,,X 全窗基线 · 不参与实体赏罚,14196753,1420,A168_HF9F_20260827_0900,2026-08-27 09:00:00
2026-07-12,110249610,2106,0,67.3824673030,5.1917638742,5.1917638742,0.6666667,4,4,0.50665070000000000,0.506650700000,0.5543606114942035,0.5543606114942035,0.5543606114942035,0E-17,ELIGIBLE,R03b_20260811_FULL_v1,L1_ELIGIBILITY,v2026-08-11,2026-03-21..2026-08-06,baccarat_bet02_101_all_pairs_incl_sentinel,round_win = game_pnl > 0 (decisive only),COMPATIBILITY_ONLY_NOT_PRODUCTION,296357.1217,267511.9505,6650.6079,18220,18206,-0.02244119,-0.04150452,-0.02020951,-0.02244119,-6650.6079,296357.1217,OK,0.0000,266.0243,4.0000,96.0000,AG03-UNRESOLVED,ALL5_LEVELS_bet23_to_bet27,266.0243,266.0243,266.0243,332.5304,332.5304,4.000000,4.000000,4.000000,5.000000,5.000000,96.000000,96.000000,96.000000,95.000000,95.000000,5.0,1463.1337,1340.2688,5187.4742,5310.3391,PENDING_AG03,FALSE,NOT_FOR_ENFORCEMENT,6384.5836,256811.4724,6650.6079,6384.5836,266.0243,0.02244119,0.02154355,266.0243,6384.5836,0.02154355,266.0243,266.0243,266.0243,332.5304,332.5304,6384.5836,0.02154355,1463.1337,1340.2688,5187.4742,5310.3391,0.01750413,0.01791872,0.00089765,16.2655,14.6936,0.3653,59.3804,1.1678,2646.0457,162.5536,12.4780,16.8648,9.0895,16.5695,22.0926,29.825,33.4482,44.5976,11.8163,0.0,2.018664,2.691552,0.981654,30,240,141,4,0.10479828,0.02244119,0.04150452,0E-8,0.000000,0.902668,0.011910,-0.02129501,2026-03-22,2026-08-05,112,5695,2177,137,0.817518,0.739886,0.767145,0.349328,,,,,,,,GLOBAL_BASELINE_NO_ENTITY_RANKING,,,NOT_APPLICABLE_GLOBAL_BASELINE,HF9g-P5,,,,X 全窗基线 · 不参与实体赏罚,14196754,1420,A168_HF9F_20260827_0900,2026-08-27 09:00:00
2026-07-12,110249610,2134,0,11.0463061152,0E-10,0E-10,,1,1,0.49324550000000000,0.493245500000,,,,0E-17,NO_DECISIVE_ROUND,R03b_20260811_FULL_v1,L1_ELIGIBILITY,v2026-08-11,2026-03-21..2026-08-06,baccarat_bet02_101_all_pairs_incl_sentinel,round_win = game_pnl > 0 (decisive only),COMPATIBILITY_ONLY_NOT_PRODUCTION,296357.1217,267511.9505,6650.6079,18220,18206,-0.02244119,-0.04150452,-0.02020951,-0.02244119,-6650.6079,296357.1217,OK,0.0000,266.0243,4.0000,96.0000,AG03-UNRESOLVED,ALL5_LEVELS_bet23_to_bet27,266.0243,266.0243,266.0243,332.5304,332.5304,4.000000,4.000000,4.000000,5.000000,5.000000,96.000000,96.000000,96.000000,95.000000,95.000000,5.0,1463.1337,1340.2688,5187.4742,5310.3391,PENDING_AG03,FALSE,NOT_FOR_ENFORCEMENT,6384.5836,256811.4724,6650.6079,6384.5836,266.0243,0.02244119,0.02154355,266.0243,6384.5836,0.02154355,266.0243,266.0243,266.0243,332.5304,332.5304,6384.5836,0.02154355,1463.1337,1340.2688,5187.4742,5310.3391,0.01750413,0.01791872,0.00089765,16.2655,14.6936,0.3653,59.3804,1.1678,2646.0457,162.5536,12.4780,16.8648,9.0895,16.5695,22.0926,29.825,33.4482,44.5976,11.8163,0.0,2.018664,2.691552,0.981654,30,240,141,4,0.10479828,0.02244119,0.04150452,0E-8,0.000000,0.902668,0.011910,-0.02129501,2026-03-22,2026-08-05,112,5695,2177,137,0.817518,0.739886,0.767145,0.349328,,,,,,,,GLOBAL_BASELINE_NO_ENTITY_RANKING,,,NOT_APPLICABLE_GLOBAL_BASELINE,HF9g-P5,,,,X 全窗基线 · 不参与实体赏罚,14196755,1420,A168_HF9F_20260827_0900,2026-08-27 09:00:00
2026-07-12,110249610,2141,0,81.7426652528,24.3018734536,24.3018734536,0.6666667,3,3,0.49324550000000000,0.493245500000,0.6008033672792107,0.6008033672792106,0.6008033672792107,0E-17,ELIGIBLE,R03b_20260811_FULL_v1,L1_ELIGIBILITY,v2026-08-11,2026-03-21..2026-08-06,baccarat_bet02_101_all_pairs_incl_sentinel,round_win = game_pnl > 0 (decisive only),COMPATIBILITY_ONLY_NOT_PRODUCTION,296357.1217,267511.9505,6650.6079,18220,18206,-0.02244119,-0.04150452,-0.02020951,-0.02244119,-6650.6079,296357.1217,OK,0.0000,266.0243,4.0000,96.0000,AG03-UNRESOLVED,ALL5_LEVELS_bet23_to_bet27,266.0243,266.0243,266.0243,332.5304,332.5304,4.000000,4.000000,4.000000,5.000000,5.000000,96.000000,96.000000,96.000000,95.000000,95.000000,5.0,1463.1337,1340.2688,5187.4742,5310.3391,PENDING_AG03,FALSE,NOT_FOR_ENFORCEMENT,6384.5836,256811.4724,6650.6079,6384.5836,266.0243,0.02244119,0.02154355,266.0243,6384.5836,0.02154355,266.0243,266.0243,266.0243,332.5304,332.5304,6384.5836,0.02154355,1463.1337,1340.2688,5187.4742,5310.3391,0.01750413,0.01791872,0.00089765,16.2655,14.6936,0.3653,59.3804,1.1678,2646.0457,162.5536,12.4780,16.8648,9.0895,16.5695,22.0926,29.825,33.4482,44.5976,11.8163,0.0,2.018664,2.691552,0.981654,30,240,141,4,0.10479828,0.02244119,0.04150452,0E-8,0.000000,0.902668,0.011910,-0.02129501,2026-03-22,2026-08-05,112,5695,2177,137,0.817518,0.739886,0.767145,0.349328,,,,,,,,GLOBAL_BASELINE_NO_ENTITY_RANKING,,,NOT_APPLICABLE_GLOBAL_BASELINE,HF9g-P5,,,,X 全窗基线 · 不参与实体赏罚,14196756,1420,A168_HF9F_20260827_0900,2026-08-27 09:00:00
2026-07-12,110249610,2147,0,262.9020855427,186.7930364087,186.7930364087,0.8750000,8,8,0.50329940000000000,0.503299400000,2.1027018993427258,2.1027018993427258,2.1027018993427258,0E-17,ELIGIBLE,R03b_20260811_FULL_v1,L1_ELIGIBILITY,v2026-08-11,2026-03-21..2026-08-06,baccarat_bet02_101_all_pairs_incl_sentinel,round_win = game_pnl > 0 (decisive only),COMPATIBILITY_ONLY_NOT_PRODUCTION,296357.1217,267511.9505,6650.6079,18220,18206,-0.02244119,-0.04150452,-0.02020951,-0.02244119,-6650.6079,296357.1217,OK,0.0000,266.0243,4.0000,96.0000,AG03-UNRESOLVED,ALL5_LEVELS_bet23_to_bet27,266.0243,266.0243,266.0243,332.5304,332.5304,4.000000,4.000000,4.000000,5.000000,5.000000,96.000000,96.000000,96.000000,95.000000,95.000000,5.0,1463.1337,1340.2688,5187.4742,5310.3391,PENDING_AG03,FALSE,NOT_FOR_ENFORCEMENT,6384.5836,256811.4724,6650.6079,6384.5836,266.0243,0.02244119,0.02154355,266.0243,6384.5836,0.02154355,266.0243,266.0243,266.0243,332.5304,332.5304,6384.5836,0.02154355,1463.1337,1340.2688,5187.4742,5310.3391,0.01750413,0.01791872,0.00089765,16.2655,14.6936,0.3653,59.3804,1.1678,2646.0457,162.5536,12.4780,16.8648,9.0895,16.5695,22.0926,29.825,33.4482,44.5976,11.8163,0.0,2.018664,2.691552,0.981654,30,240,141,4,0.10479828,0.02244119,0.04150452,0E-8,0.000000,0.902668,0.011910,-0.02129501,2026-03-22,2026-08-05,112,5695,2177,137,0.817518,0.739886,0.767145,0.349328,,,,,,,,GLOBAL_BASELINE_NO_ENTITY_RANKING,,,NOT_APPLICABLE_GLOBAL_BASELINE,HF9g-P5,,,,X 全窗基线 · 不参与实体赏罚,14196757,1420,A168_HF9F_20260827_0900,2026-08-27 09:00:00
2026-07-12,110249610,2152,0,38.6620714034,-5.5231530576,-5.5231530576,0.5000000,2,2,0.49324550000000000,0.493245500000,0.01910635448239258,0.01910635448239258,0.01910635448239258,0E-17,ELIGIBLE,R03b_20260811_FULL_v1,L1_ELIGIBILITY,v2026-08-11,2026-03-21..2026-08-06,baccarat_bet02_101_all_pairs_incl_sentinel,round_win = game_pnl > 0 (decisive only),COMPATIBILITY_ONLY_NOT_PRODUCTION,296357.1217,267511.9505,6650.6079,18220,18206,-0.02244119,-0.04150452,-0.02020951,-0.02244119,-6650.6079,296357.1217,OK,0.0000,266.0243,4.0000,96.0000,AG03-UNRESOLVED,ALL5_LEVELS_bet23_to_bet27,266.0243,266.0243,266.0243,332.5304,332.5304,4.000000,4.000000,4.000000,5.000000,5.000000,96.000000,96.000000,96.000000,95.000000,95.000000,5.0,1463.1337,1340.2688,5187.4742,5310.3391,PENDING_AG03,FALSE,NOT_FOR_ENFORCEMENT,6384.5836,256811.4724,6650.6079,6384.5836,266.0243,0.02244119,0.02154355,266.0243,6384.5836,0.02154355,266.0243,266.0243,266.0243,332.5304,332.5304,6384.5836,0.02154355,1463.1337,1340.2688,5187.4742,5310.3391,0.01750413,0.01791872,0.00089765,16.2655,14.6936,0.3653,59.3804,1.1678,2646.0457,162.5536,12.4780,16.8648,9.0895,16.5695,22.0926,29.825,33.4482,44.5976,11.8163,0.0,2.018664,2.691552,0.981654,30,240,141,4,0.10479828,0.02244119,0.04150452,0E-8,0.000000,0.902668,0.011910,-0.02129501,2026-03-22,2026-08-05,112,5695,2177,137,0.817518,0.739886,0.767145,0.349328,,,,,,,,GLOBAL_BASELINE_NO_ENTITY_RANKING,,,NOT_APPLICABLE_GLOBAL_BASELINE,HF9g-P5,,,,X 全窗基线 · 不参与实体赏罚,14196758,1420,A168_HF9F_20260827_0900,2026-08-27 09:00:00
2026-07-12,110249610,2155,0,39.7667020149,-39.7667020149,-39.7667020149,0E-7,2,2,0.50665070000000000,0.506650700000,-1.4331513700195317,-1.4331513700195317,-1.4331513700195317,0E-17,ELIGIBLE,R03b_20260811_FULL_v1,L1_ELIGIBILITY,v2026-08-11,2026-03-21..2026-08-06,baccarat_bet02_101_all_pairs_incl_sentinel,round_win = game_pnl > 0 (decisive only),COMPATIBILITY_ONLY_NOT_PRODUCTION,296357.1217,267511.9505,6650.6079,18220,18206,-0.02244119,-0.04150452,-0.02020951,-0.02244119,-6650.6079,296357.1217,OK,0.0000,266.0243,4.0000,96.0000,AG03-UNRESOLVED,ALL5_LEVELS_bet23_to_bet27,266.0243,266.0243,266.0243,332.5304,332.5304,4.000000,4.000000,4.000000,5.000000,5.000000,96.000000,96.000000,96.000000,95.000000,95.000000,5.0,1463.1337,1340.2688,5187.4742,5310.3391,PENDING_AG03,FALSE,NOT_FOR_ENFORCEMENT,6384.5836,256811.4724,6650.6079,6384.5836,266.0243,0.02244119,0.02154355,266.0243,6384.5836,0.02154355,266.0243,266.0243,266.0243,332.5304,332.5304,6384.5836,0.02154355,1463.1337,1340.2688,5187.4742,5310.3391,0.01750413,0.01791872,0.00089765,16.2655,14.6936,0.3653,59.3804,1.1678,2646.0457,162.5536,12.4780,16.8648,9.0895,16.5695,22.0926,29.825,33.4482,44.5976,11.8163,0.0,2.018664,2.691552,0.981654,30,240,141,4,0.10479828,0.02244119,0.04150452,0E-8,0.000000,0.902668,0.011910,-0.02129501,2026-03-22,2026-08-05,112,5695,2177,137,0.817518,0.739886,0.767145,0.349328,,,,,,,,GLOBAL_BASELINE_NO_ENTITY_RANKING,,,NOT_APPLICABLE_GLOBAL_BASELINE,HF9g-P5,,,,X 全窗基线 · 不参与实体赏罚,14196759,1420,A168_HF9F_20260827_0900,2026-08-27 09:00:00
2026-07-12,110249610,2169,0,202.9206433368,-0.7566719688,-0.7566719688,0.5454545,11,11,0.50055742727272727,0.500557427273,0.2978139754313191,0.2978139754295102,0.2978139754313191,-2.7273E-13,ELIGIBLE,R03b_20260811_FULL_v1,L1_ELIGIBILITY,v2026-08-11,2026-03-21..2026-08-06,baccarat_bet02_101_all_pairs_incl_sentinel,round_win = game_pnl > 0 (decisive only),COMPATIBILITY_ONLY_NOT_PRODUCTION,296357.1217,267511.9505,6650.6079,18220,18206,-0.02244119,-0.04150452,-0.02020951,-0.02244119,-6650.6079,296357.1217,OK,0.0000,266.0243,4.0000,96.0000,AG03-UNRESOLVED,ALL5_LEVELS_bet23_to_bet27,266.0243,266.0243,266.0243,332.5304,332.5304,4.000000,4.000000,4.000000,5.000000,5.000000,96.000000,96.000000,96.000000,95.000000,95.000000,5.0,1463.1337,1340.2688,5187.4742,5310.3391,PENDING_AG03,FALSE,NOT_FOR_ENFORCEMENT,6384.5836,256811.4724,6650.6079,6384.5836,266.0243,0.02244119,0.02154355,266.0243,6384.5836,0.02154355,266.0243,266.0243,266.0243,332.5304,332.5304,6384.5836,0.02154355,1463.1337,1340.2688,5187.4742,5310.3391,0.01750413,0.01791872,0.00089765,16.2655,14.6936,0.3653,59.3804,1.1678,2646.0457,162.5536,12.4780,16.8648,9.0895,16.5695,22.0926,29.825,33.4482,44.5976,11.8163,0.0,2.018664,2.691552,0.981654,30,240,141,4,0.10479828,0.02244119,0.04150452,0E-8,0.000000,0.902668,0.011910,-0.02129501,2026-03-22,2026-08-05,112,5695,2177,137,0.817518,0.739886,0.767145,0.349328,,,,,,,,GLOBAL_BASELINE_NO_ENTITY_RANKING,,,NOT_APPLICABLE_GLOBAL_BASELINE,HF9g-P5,,,,X 全窗基线 · 不参与实体赏罚,14196760,1420,A168_HF9F_20260827_0900,2026-08-27 09:00:00
2026-07-12,110249610,2174,0,76.2195121951,-44.1852244609,-44.1852244609,0E-7,4,4,0.49324550000000000,0.493245500000,-1.708808463184432,-1.7088084631844318,-1.708808463184432,0E-17,ELIGIBLE,R03b_20260811_FULL_v1,L1_ELIGIBILITY,v2026-08-11,2026-03-21..2026-08-06,baccarat_bet02_101_all_pairs_incl_sentinel,round_win = game_pnl > 0 (decisive only),COMPATIBILITY_ONLY_NOT_PRODUCTION,296357.1217,267511.9505,6650.6079,18220,18206,-0.02244119,-0.04150452,-0.02020951,-0.02244119,-6650.6079,296357.1217,OK,0.0000,266.0243,4.0000,96.0000,AG03-UNRESOLVED,ALL5_LEVELS_bet23_to_bet27,266.0243,266.0243,266.0243,332.5304,332.5304,4.000000,4.000000,4.000000,5.000000,5.000000,96.000000,96.000000,96.000000,95.000000,95.000000,5.0,1463.1337,1340.2688,5187.4742,5310.3391,PENDING_AG03,FALSE,NOT_FOR_ENFORCEMENT,6384.5836,256811.4724,6650.6079,6384.5836,266.0243,0.02244119,0.02154355,266.0243,6384.5836,0.02154355,266.0243,266.0243,266.0243,332.5304,332.5304,6384.5836,0.02154355,1463.1337,1340.2688,5187.4742,5310.3391,0.01750413,0.01791872,0.00089765,16.2655,14.6936,0.3653,59.3804,1.1678,2646.0457,162.5536,12.4780,16.8648,9.0895,16.5695,22.0926,29.825,33.4482,44.5976,11.8163,0.0,2.018664,2.691552,0.981654,30,240,141,4,0.10479828,0.02244119,0.04150452,0E-8,0.000000,0.902668,0.011910,-0.02129501,2026-03-22,2026-08-05,112,5695,2177,137,0.817518,0.739886,0.767145,0.349328,,,,,,,,GLOBAL_BASELINE_NO_ENTITY_RANKING,,,NOT_APPLICABLE_GLOBAL_BASELINE,HF9g-P5,,,,X 全窗基线 · 不参与实体赏罚,14196761,1420,A168_HF9F_20260827_0900,2026-08-27 09:00:00
2026-07-12,110249610,2175,0,32.0342877341,-10.4939908094,-10.4939908094,0.5000000,2,2,0.50665070000000000,0.506650700000,-0.018812684590367487,-0.018812684590367487,-0.018812684590367487,0E-17,ELIGIBLE,R03b_20260811_FULL_v1,L1_ELIGIBILITY,v2026-08-11,2026-03-21..2026-08-06,baccarat_bet02_101_all_pairs_incl_sentinel,round_win = game_pnl > 0 (decisive only),COMPATIBILITY_ONLY_NOT_PRODUCTION,296357.1217,267511.9505,6650.6079,18220,18206,-0.02244119,-0.04150452,-0.02020951,-0.02244119,-6650.6079,296357.1217,OK,0.0000,266.0243,4.0000,96.0000,AG03-UNRESOLVED,ALL5_LEVELS_bet23_to_bet27,266.0243,266.0243,266.0243,332.5304,332.5304,4.000000,4.000000,4.000000,5.000000,5.000000,96.000000,96.000000,96.000000,95.000000,95.000000,5.0,1463.1337,1340.2688,5187.4742,5310.3391,PENDING_AG03,FALSE,NOT_FOR_ENFORCEMENT,6384.5836,256811.4724,6650.6079,6384.5836,266.0243,0.02244119,0.02154355,266.0243,6384.5836,0.02154355,266.0243,266.0243,266.0243,332.5304,332.5304,6384.5836,0.02154355,1463.1337,1340.2688,5187.4742,5310.3391,0.01750413,0.01791872,0.00089765,16.2655,14.6936,0.3653,59.3804,1.1678,2646.0457,162.5536,12.4780,16.8648,9.0895,16.5695,22.0926,29.825,33.4482,44.5976,11.8163,0.0,2.018664,2.691552,0.981654,30,240,141,4,0.10479828,0.02244119,0.04150452,0E-8,0.000000,0.902668,0.011910,-0.02129501,2026-03-22,2026-08-05,112,5695,2177,137,0.817518,0.739886,0.767145,0.349328,,,,,,,,GLOBAL_BASELINE_NO_ENTITY_RANKING,,,NOT_APPLICABLE_GLOBAL_BASELINE,HF9g-P5,,,,X 全窗基线 · 不参与实体赏罚,14196762,1420,A168_HF9F_20260827_0900,2026-08-27 09:00:00
2026-07-12,110249610,2188,0,60.7546836338,-16.5694591728,-16.5694591728,0.3333333,3,3,0.49324550000000000,0.493245500000,-0.5540025479526107,-0.5540025479526106,-0.5540025479526107,0E-17,ELIGIBLE,R03b_20260811_FULL_v1,L1_ELIGIBILITY,v2026-08-11,2026-03-21..2026-08-06,baccarat_bet02_101_all_pairs_incl_sentinel,round_win = game_pnl > 0 (decisive only),COMPATIBILITY_ONLY_NOT_PRODUCTION,296357.1217,267511.9505,6650.6079,18220,18206,-0.02244119,-0.04150452,-0.02020951,-0.02244119,-6650.6079,296357.1217,OK,0.0000,266.0243,4.0000,96.0000,AG03-UNRESOLVED,ALL5_LEVELS_bet23_to_bet27,266.0243,266.0243,266.0243,332.5304,332.5304,4.000000,4.000000,4.000000,5.000000,5.000000,96.000000,96.000000,96.000000,95.000000,95.000000,5.0,1463.1337,1340.2688,5187.4742,5310.3391,PENDING_AG03,FALSE,NOT_FOR_ENFORCEMENT,6384.5836,256811.4724,6650.6079,6384.5836,266.0243,0.02244119,0.02154355,266.0243,6384.5836,0.02154355,266.0243,266.0243,266.0243,332.5304,332.5304,6384.5836,0.02154355,1463.1337,1340.2688,5187.4742,5310.3391,0.01750413,0.01791872,0.00089765,16.2655,14.6936,0.3653,59.3804,1.1678,2646.0457,162.5536,12.4780,16.8648,9.0895,16.5695,22.0926,29.825,33.4482,44.5976,11.8163,0.0,2.018664,2.691552,0.981654,30,240,141,4,0.10479828,0.02244119,0.04150452,0E-8,0.000000,0.902668,0.011910,-0.02129501,2026-03-22,2026-08-05,112,5695,2177,137,0.817518,0.739886,0.767145,0.349328,,,,,,,,GLOBAL_BASELINE_NO_ENTITY_RANKING,,,NOT_APPLICABLE_GLOBAL_BASELINE,HF9g-P5,,,,X 全窗基线 · 不参与实体赏罚,14196763,1420,A168_HF9F_20260827_0900,2026-08-27 09:00:00
2026-07-12,110249610,2205,0,11.5986214210,-11.5986214210,-11.5986214210,0E-7,1,1,0.50665070000000000,0.506650700000,-1.013391052207602,-1.013391052207602,-1.013391052207602,0E-17,ELIGIBLE,R03b_20260811_FULL_v1,L1_ELIGIBILITY,v2026-08-11,2026-03-21..2026-08-06,baccarat_bet02_101_all_pairs_incl_sentinel,round_win = game_pnl > 0 (decisive only),COMPATIBILITY_ONLY_NOT_PRODUCTION,296357.1217,267511.9505,6650.6079,18220,18206,-0.02244119,-0.04150452,-0.02020951,-0.02244119,-6650.6079,296357.1217,OK,0.0000,266.0243,4.0000,96.0000,AG03-UNRESOLVED,ALL5_LEVELS_bet23_to_bet27,266.0243,266.0243,266.0243,332.5304,332.5304,4.000000,4.000000,4.000000,5.000000,5.000000,96.000000,96.000000,96.000000,95.000000,95.000000,5.0,1463.1337,1340.2688,5187.4742,5310.3391,PENDING_AG03,FALSE,NOT_FOR_ENFORCEMENT,6384.5836,256811.4724,6650.6079,6384.5836,266.0243,0.02244119,0.02154355,266.0243,6384.5836,0.02154355,266.0243,266.0243,266.0243,332.5304,332.5304,6384.5836,0.02154355,1463.1337,1340.2688,5187.4742,5310.3391,0.01750413,0.01791872,0.00089765,16.2655,14.6936,0.3653,59.3804,1.1678,2646.0457,162.5536,12.4780,16.8648,9.0895,16.5695,22.0926,29.825,33.4482,44.5976,11.8163,0.0,2.018664,2.691552,0.981654,30,240,141,4,0.10479828,0.02244119,0.04150452,0E-8,0.000000,0.902668,0.011910,-0.02129501,2026-03-22,2026-08-05,112,5695,2177,137,0.817518,0.739886,0.767145,0.349328,,,,,,,,GLOBAL_BASELINE_NO_ENTITY_RANKING,,,NOT_APPLICABLE_GLOBAL_BASELINE,HF9g-P5,,,,X 全窗基线 · 不参与实体赏罚,14196764,1420,A168_HF9F_20260827_0900,2026-08-27 09:00:00
2026-07-12,110249610,2209,0,54.5687522091,-21.5402969246,-21.5402969246,0.3333333,4,4,0.49994810000000000,0.499948100000,-0.5771704854251445,-0.5771704854251445,-0.5771704854251445,0E-17,ELIGIBLE,R03b_20260811_FULL_v1,L1_ELIGIBILITY,v2026-08-11,2026-03-21..2026-08-06,baccarat_bet02_101_all_pairs_incl_sentinel,round_win = game_pnl > 0 (decisive only),COMPATIBILITY_ONLY_NOT_PRODUCTION,296357.1217,267511.9505,6650.6079,18220,18206,-0.02244119,-0.04150452,-0.02020951,-0.02244119,-6650.6079,296357.1217,OK,0.0000,266.0243,4.0000,96.0000,AG03-UNRESOLVED,ALL5_LEVELS_bet23_to_bet27,266.0243,266.0243,266.0243,332.5304,332.5304,4.000000,4.000000,4.000000,5.000000,5.000000,96.000000,96.000000,96.000000,95.000000,95.000000,5.0,1463.1337,1340.2688,5187.4742,5310.3391,PENDING_AG03,FALSE,NOT_FOR_ENFORCEMENT,6384.5836,256811.4724,6650.6079,6384.5836,266.0243,0.02244119,0.02154355,266.0243,6384.5836,0.02154355,266.0243,266.0243,266.0243,332.5304,332.5304,6384.5836,0.02154355,1463.1337,1340.2688,5187.4742,5310.3391,0.01750413,0.01791872,0.00089765,16.2655,14.6936,0.3653,59.3804,1.1678,2646.0457,162.5536,12.4780,16.8648,9.0895,16.5695,22.0926,29.825,33.4482,44.5976,11.8163,0.0,2.018664,2.691552,0.981654,30,240,141,4,0.10479828,0.02244119,0.04150452,0E-8,0.000000,0.902668,0.011910,-0.02129501,2026-03-22,2026-08-05,112,5695,2177,137,0.817518,0.739886,0.767145,0.349328,,,,,,,,GLOBAL_BASELINE_NO_ENTITY_RANKING,,,NOT_APPLICABLE_GLOBAL_BASELINE,HF9g-P5,,,,X 全窗基线 · 不参与实体赏罚,14196765,1420,A168_HF9F_20260827_0900,2026-08-27 09:00:00
2026-07-12,110249610,2212,0,49.7083775185,-8.7818133616,-8.7818133616,0.5000000,2,2,0.50665070000000000,0.506650700000,-0.018812684590367487,-0.018812684590367487,-0.018812684590367487,0E-17,ELIGIBLE,R03b_20260811_FULL_v1,L1_ELIGIBILITY,v2026-08-11,2026-03-21..2026-08-06,baccarat_bet02_101_all_pairs_incl_sentinel,round_win = game_pnl > 0 (decisive only),COMPATIBILITY_ONLY_NOT_PRODUCTION,296357.1217,267511.9505,6650.6079,18220,18206,-0.02244119,-0.04150452,-0.02020951,-0.02244119,-6650.6079,296357.1217,OK,0.0000,266.0243,4.0000,96.0000,AG03-UNRESOLVED,ALL5_LEVELS_bet23_to_bet27,266.0243,266.0243,266.0243,332.5304,332.5304,4.000000,4.000000,4.000000,5.000000,5.000000,96.000000,96.000000,96.000000,95.000000,95.000000,5.0,1463.1337,1340.2688,5187.4742,5310.3391,PENDING_AG03,FALSE,NOT_FOR_ENFORCEMENT,6384.5836,256811.4724,6650.6079,6384.5836,266.0243,0.02244119,0.02154355,266.0243,6384.5836,0.02154355,266.0243,266.0243,266.0243,332.5304,332.5304,6384.5836,0.02154355,1463.1337,1340.2688,5187.4742,5310.3391,0.01750413,0.01791872,0.00089765,16.2655,14.6936,0.3653,59.3804,1.1678,2646.0457,162.5536,12.4780,16.8648,9.0895,16.5695,22.0926,29.825,33.4482,44.5976,11.8163,0.0,2.018664,2.691552,0.981654,30,240,141,4,0.10479828,0.02244119,0.04150452,0E-8,0.000000,0.902668,0.011910,-0.02129501,2026-03-22,2026-08-05,112,5695,2177,137,0.817518,0.739886,0.767145,0.349328,,,,,,,,GLOBAL_BASELINE_NO_ENTITY_RANKING,,,NOT_APPLICABLE_GLOBAL_BASELINE,HF9g-P5,,,,X 全窗基线 · 不参与实体赏罚,14196766,1420,A168_HF9F_20260827_0900,2026-08-27 09:00:00
2026-07-12,110249610,2216,0,5.5231530576,-5.5231530576,-5.5231530576,0E-7,1,1,0.50665070000000000,0.506650700000,-1.013391052207602,-1.013391052207602,-1.013391052207602,0E-17,ELIGIBLE,R03b_20260811_FULL_v1,L1_ELIGIBILITY,v2026-08-11,2026-03-21..2026-08-06,baccarat_bet02_101_all_pairs_incl_sentinel,round_win = game_pnl > 0 (decisive only),COMPATIBILITY_ONLY_NOT_PRODUCTION,296357.1217,267511.9505,6650.6079,18220,18206,-0.02244119,-0.04150452,-0.02020951,-0.02244119,-6650.6079,296357.1217,OK,0.0000,266.0243,4.0000,96.0000,AG03-UNRESOLVED,ALL5_LEVELS_bet23_to_bet27,266.0243,266.0243,266.0243,332.5304,332.5304,4.000000,4.000000,4.000000,5.000000,5.000000,96.000000,96.000000,96.000000,95.000000,95.000000,5.0,1463.1337,1340.2688,5187.4742,5310.3391,PENDING_AG03,FALSE,NOT_FOR_ENFORCEMENT,6384.5836,256811.4724,6650.6079,6384.5836,266.0243,0.02244119,0.02154355,266.0243,6384.5836,0.02154355,266.0243,266.0243,266.0243,332.5304,332.5304,6384.5836,0.02154355,1463.1337,1340.2688,5187.4742,5310.3391,0.01750413,0.01791872,0.00089765,16.2655,14.6936,0.3653,59.3804,1.1678,2646.0457,162.5536,12.4780,16.8648,9.0895,16.5695,22.0926,29.825,33.4482,44.5976,11.8163,0.0,2.018664,2.691552,0.981654,30,240,141,4,0.10479828,0.02244119,0.04150452,0E-8,0.000000,0.902668,0.011910,-0.02129501,2026-03-22,2026-08-05,112,5695,2177,137,0.817518,0.739886,0.767145,0.349328,,,,,,,,GLOBAL_BASELINE_NO_ENTITY_RANKING,,,NOT_APPLICABLE_GLOBAL_BASELINE,HF9g-P5,,,,X 全窗基线 · 不参与实体赏罚,14196767,1420,A168_HF9F_20260827_0900,2026-08-27 09:00:00
2026-07-12,110249610,2222,0,16.5694591729,-16.5694591729,-16.5694591729,0E-7,1,1,0.50665070000000000,0.506650700000,-1.013391052207602,-1.013391052207602,-1.013391052207602,0E-17,ELIGIBLE,R03b_20260811_FULL_v1,L1_ELIGIBILITY,v2026-08-11,2026-03-21..2026-08-06,baccarat_bet02_101_all_pairs_incl_sentinel,round_win = game_pnl > 0 (decisive only),COMPATIBILITY_ONLY_NOT_PRODUCTION,296357.1217,267511.9505,6650.6079,18220,18206,-0.02244119,-0.04150452,-0.02020951,-0.02244119,-6650.6079,296357.1217,OK,0.0000,266.0243,4.0000,96.0000,AG03-UNRESOLVED,ALL5_LEVELS_bet23_to_bet27,266.0243,266.0243,266.0243,332.5304,332.5304,4.000000,4.000000,4.000000,5.000000,5.000000,96.000000,96.000000,96.000000,95.000000,95.000000,5.0,1463.1337,1340.2688,5187.4742,5310.3391,PENDING_AG03,FALSE,NOT_FOR_ENFORCEMENT,6384.5836,256811.4724,6650.6079,6384.5836,266.0243,0.02244119,0.02154355,266.0243,6384.5836,0.02154355,266.0243,266.0243,266.0243,332.5304,332.5304,6384.5836,0.02154355,1463.1337,1340.2688,5187.4742,5310.3391,0.01750413,0.01791872,0.00089765,16.2655,14.6936,0.3653,59.3804,1.1678,2646.0457,162.5536,12.4780,16.8648,9.0895,16.5695,22.0926,29.825,33.4482,44.5976,11.8163,0.0,2.018664,2.691552,0.981654,30,240,141,4,0.10479828,0.02244119,0.04150452,0E-8,0.000000,0.902668,0.011910,-0.02129501,2026-03-22,2026-08-05,112,5695,2177,137,0.817518,0.739886,0.767145,0.349328,,,,,,,,GLOBAL_BASELINE_NO_ENTITY_RANKING,,,NOT_APPLICABLE_GLOBAL_BASELINE,HF9g-P5,,,,X 全窗基线 · 不参与实体赏罚,14196768,1420,A168_HF9F_20260827_0900,2026-08-27 09:00:00
2026-07-12,110249610,2224,0,38.6620714033,-38.6620714033,-38.6620714033,0E-7,2,2,0.50665070000000000,0.506650700000,-1.4331513700195317,-1.4331513700195317,-1.4331513700195317,0E-17,ELIGIBLE,R03b_20260811_FULL_v1,L1_ELIGIBILITY,v2026-08-11,2026-03-21..2026-08-06,baccarat_bet02_101_all_pairs_incl_sentinel,round_win = game_pnl > 0 (decisive only),COMPATIBILITY_ONLY_NOT_PRODUCTION,296357.1217,267511.9505,6650.6079,18220,18206,-0.02244119,-0.04150452,-0.02020951,-0.02244119,-6650.6079,296357.1217,OK,0.0000,266.0243,4.0000,96.0000,AG03-UNRESOLVED,ALL5_LEVELS_bet23_to_bet27,266.0243,266.0243,266.0243,332.5304,332.5304,4.000000,4.000000,4.000000,5.000000,5.000000,96.000000,96.000000,96.000000,95.000000,95.000000,5.0,1463.1337,1340.2688,5187.4742,5310.3391,PENDING_AG03,FALSE,NOT_FOR_ENFORCEMENT,6384.5836,256811.4724,6650.6079,6384.5836,266.0243,0.02244119,0.02154355,266.0243,6384.5836,0.02154355,266.0243,266.0243,266.0243,332.5304,332.5304,6384.5836,0.02154355,1463.1337,1340.2688,5187.4742,5310.3391,0.01750413,0.01791872,0.00089765,16.2655,14.6936,0.3653,59.3804,1.1678,2646.0457,162.5536,12.4780,16.8648,9.0895,16.5695,22.0926,29.825,33.4482,44.5976,11.8163,0.0,2.018664,2.691552,0.981654,30,240,141,4,0.10479828,0.02244119,0.04150452,0E-8,0.000000,0.902668,0.011910,-0.02129501,2026-03-22,2026-08-05,112,5695,2177,137,0.817518,0.739886,0.767145,0.349328,,,,,,,,GLOBAL_BASELINE_NO_ENTITY_RANKING,,,NOT_APPLICABLE_GLOBAL_BASELINE,HF9g-P5,,,,X 全窗基线 · 不参与实体赏罚,14196769,1420,A168_HF9F_20260827_0900,2026-08-27 09:00:00
2026-07-12,110249610,2229,0,37.8888299753,-5.5783845882,-5.5783845882,0.5000000,2,2,0.50665070000000000,0.506650700000,-0.018812684590367487,-0.018812684590367487,-0.018812684590367487,0E-17,ELIGIBLE,R03b_20260811_FULL_v1,L1_ELIGIBILITY,v2026-08-11,2026-03-21..2026-08-06,baccarat_bet02_101_all_pairs_incl_sentinel,round_win = game_pnl > 0 (decisive only),COMPATIBILITY_ONLY_NOT_PRODUCTION,296357.1217,267511.9505,6650.6079,18220,18206,-0.02244119,-0.04150452,-0.02020951,-0.02244119,-6650.6079,296357.1217,OK,0.0000,266.0243,4.0000,96.0000,AG03-UNRESOLVED,ALL5_LEVELS_bet23_to_bet27,266.0243,266.0243,266.0243,332.5304,332.5304,4.000000,4.000000,4.000000,5.000000,5.000000,96.000000,96.000000,96.000000,95.000000,95.000000,5.0,1463.1337,1340.2688,5187.4742,5310.3391,PENDING_AG03,FALSE,NOT_FOR_ENFORCEMENT,6384.5836,256811.4724,6650.6079,6384.5836,266.0243,0.02244119,0.02154355,266.0243,6384.5836,0.02154355,266.0243,266.0243,266.0243,332.5304,332.5304,6384.5836,0.02154355,1463.1337,1340.2688,5187.4742,5310.3391,0.01750413,0.01791872,0.00089765,16.2655,14.6936,0.3653,59.3804,1.1678,2646.0457,162.5536,12.4780,16.8648,9.0895,16.5695,22.0926,29.825,33.4482,44.5976,11.8163,0.0,2.018664,2.691552,0.981654,30,240,141,4,0.10479828,0.02244119,0.04150452,0E-8,0.000000,0.902668,0.011910,-0.02129501,2026-03-22,2026-08-05,112,5695,2177,137,0.817518,0.739886,0.767145,0.349328,,,,,,,,GLOBAL_BASELINE_NO_ENTITY_RANKING,,,NOT_APPLICABLE_GLOBAL_BASELINE,HF9g-P5,,,,X 全窗基线 · 不参与实体赏罚,14196770,1420,A168_HF9F_20260827_0900,2026-08-27 09:00:00
2026-07-12,110249610,2234,0,58.9872746555,-58.9872746555,-58.9872746555,0E-7,3,3,0.49771390000000000,0.497713900000,-1.724149546644903,-1.724149546644903,-1.724149546644903,0E-17,ELIGIBLE,R03b_20260811_FULL_v1,L1_ELIGIBILITY,v2026-08-11,2026-03-21..2026-08-06,baccarat_bet02_101_all_pairs_incl_sentinel,round_win = game_pnl > 0 (decisive only),COMPATIBILITY_ONLY_NOT_PRODUCTION,296357.1217,267511.9505,6650.6079,18220,18206,-0.02244119,-0.04150452,-0.02020951,-0.02244119,-6650.6079,296357.1217,OK,0.0000,266.0243,4.0000,96.0000,AG03-UNRESOLVED,ALL5_LEVELS_bet23_to_bet27,266.0243,266.0243,266.0243,332.5304,332.5304,4.000000,4.000000,4.000000,5.000000,5.000000,96.000000,96.000000,96.000000,95.000000,95.000000,5.0,1463.1337,1340.2688,5187.4742,5310.3391,PENDING_AG03,FALSE,NOT_FOR_ENFORCEMENT,6384.5836,256811.4724,6650.6079,6384.5836,266.0243,0.02244119,0.02154355,266.0243,6384.5836,0.02154355,266.0243,266.0243,266.0243,332.5304,332.5304,6384.5836,0.02154355,1463.1337,1340.2688,5187.4742,5310.3391,0.01750413,0.01791872,0.00089765,16.2655,14.6936,0.3653,59.3804,1.1678,2646.0457,162.5536,12.4780,16.8648,9.0895,16.5695,22.0926,29.825,33.4482,44.5976,11.8163,0.0,2.018664,2.691552,0.981654,30,240,141,4,0.10479828,0.02244119,0.04150452,0E-8,0.000000,0.902668,0.011910,-0.02129501,2026-03-22,2026-08-05,112,5695,2177,137,0.817518,0.739886,0.767145,0.349328,,,,,,,,GLOBAL_BASELINE_NO_ENTITY_RANKING,,,NOT_APPLICABLE_GLOBAL_BASELINE,HF9g-P5,,,,X 全窗基线 · 不参与实体赏罚,14196771,1420,A168_HF9F_20260827_0900,2026-08-27 09:00:00
2026-07-12,110249610,2242,0,33.1389183457,-33.1389183457,-33.1389183457,0E-7,1,1,0.49324550000000000,0.493245500000,-0.9865810262130424,-0.9865810262130424,-0.9865810262130424,0E-17,ELIGIBLE,R03b_20260811_FULL_v1,L1_ELIGIBILITY,v2026-08-11,2026-03-21..2026-08-06,baccarat_bet02_101_all_pairs_incl_sentinel,round_win = game_pnl > 0 (decisive only),COMPATIBILITY_ONLY_NOT_PRODUCTION,296357.1217,267511.9505,6650.6079,18220,18206,-0.02244119,-0.04150452,-0.02020951,-0.02244119,-6650.6079,296357.1217,OK,0.0000,266.0243,4.0000,96.0000,AG03-UNRESOLVED,ALL5_LEVELS_bet23_to_bet27,266.0243,266.0243,266.0243,332.5304,332.5304,4.000000,4.000000,4.000000,5.000000,5.000000,96.000000,96.000000,96.000000,95.000000,95.000000,5.0,1463.1337,1340.2688,5187.4742,5310.3391,PENDING_AG03,FALSE,NOT_FOR_ENFORCEMENT,6384.5836,256811.4724,6650.6079,6384.5836,266.0243,0.02244119,0.02154355,266.0243,6384.5836,0.02154355,266.0243,266.0243,266.0243,332.5304,332.5304,6384.5836,0.02154355,1463.1337,1340.2688,5187.4742,5310.3391,0.01750413,0.01791872,0.00089765,16.2655,14.6936,0.3653,59.3804,1.1678,2646.0457,162.5536,12.4780,16.8648,9.0895,16.5695,22.0926,29.825,33.4482,44.5976,11.8163,0.0,2.018664,2.691552,0.981654,30,240,141,4,0.10479828,0.02244119,0.04150452,0E-8,0.000000,0.902668,0.011910,-0.02129501,2026-03-22,2026-08-05,112,5695,2177,137,0.817518,0.739886,0.767145,0.349328,,,,,,,,GLOBAL_BASELINE_NO_ENTITY_RANKING,,,NOT_APPLICABLE_GLOBAL_BASELINE,HF9g-P5,,,,X 全窗基线 · 不参与实体赏罚,14196772,1420,A168_HF9F_20260827_0900,2026-08-27 09:00:00
2026-07-12,110249610,2250,0,33.1389183458,-33.1389183458,-33.1389183458,0E-7,2,2,0.49994810000000000,0.499948100000,-1.4140667746232096,-1.4140667746232096,-1.4140667746232096,0E-17,ELIGIBLE,R03b_20260811_FULL_v1,L1_ELIGIBILITY,v2026-08-11,2026-03-21..2026-08-06,baccarat_bet02_101_all_pairs_incl_sentinel,round_win = game_pnl > 0 (decisive only),COMPATIBILITY_ONLY_NOT_PRODUCTION,296357.1217,267511.9505,6650.6079,18220,18206,-0.02244119,-0.04150452,-0.02020951,-0.02244119,-6650.6079,296357.1217,OK,0.0000,266.0243,4.0000,96.0000,AG03-UNRESOLVED,ALL5_LEVELS_bet23_to_bet27,266.0243,266.0243,266.0243,332.5304,332.5304,4.000000,4.000000,4.000000,5.000000,5.000000,96.000000,96.000000,96.000000,95.000000,95.000000,5.0,1463.1337,1340.2688,5187.4742,5310.3391,PENDING_AG03,FALSE,NOT_FOR_ENFORCEMENT,6384.5836,256811.4724,6650.6079,6384.5836,266.0243,0.02244119,0.02154355,266.0243,6384.5836,0.02154355,266.0243,266.0243,266.0243,332.5304,332.5304,6384.5836,0.02154355,1463.1337,1340.2688,5187.4742,5310.3391,0.01750413,0.01791872,0.00089765,16.2655,14.6936,0.3653,59.3804,1.1678,2646.0457,162.5536,12.4780,16.8648,9.0895,16.5695,22.0926,29.825,33.4482,44.5976,11.8163,0.0,2.018664,2.691552,0.981654,30,240,141,4,0.10479828,0.02244119,0.04150452,0E-8,0.000000,0.902668,0.011910,-0.02129501,2026-03-22,2026-08-05,112,5695,2177,137,0.817518,0.739886,0.767145,0.349328,,,,,,,,GLOBAL_BASELINE_NO_ENTITY_RANKING,,,NOT_APPLICABLE_GLOBAL_BASELINE,HF9g-P5,,,,X 全窗基线 · 不参与实体赏罚,14196773,1420,A168_HF9F_20260827_0900,2026-08-27 09:00:00
2026-07-12,110249610,2251,0,16.5694591729,-16.5694591729,-16.5694591729,0E-7,1,1,0.50665070000000000,0.506650700000,-1.013391052207602,-1.013391052207602,-1.013391052207602,0E-17,ELIGIBLE,R03b_20260811_FULL_v1,L1_ELIGIBILITY,v2026-08-11,2026-03-21..2026-08-06,baccarat_bet02_101_all_pairs_incl_sentinel,round_win = game_pnl > 0 (decisive only),COMPATIBILITY_ONLY_NOT_PRODUCTION,296357.1217,267511.9505,6650.6079,18220,18206,-0.02244119,-0.04150452,-0.02020951,-0.02244119,-6650.6079,296357.1217,OK,0.0000,266.0243,4.0000,96.0000,AG03-UNRESOLVED,ALL5_LEVELS_bet23_to_bet27,266.0243,266.0243,266.0243,332.5304,332.5304,4.000000,4.000000,4.000000,5.000000,5.000000,96.000000,96.000000,96.000000,95.000000,95.000000,5.0,1463.1337,1340.2688,5187.4742,5310.3391,PENDING_AG03,FALSE,NOT_FOR_ENFORCEMENT,6384.5836,256811.4724,6650.6079,6384.5836,266.0243,0.02244119,0.02154355,266.0243,6384.5836,0.02154355,266.0243,266.0243,266.0243,332.5304,332.5304,6384.5836,0.02154355,1463.1337,1340.2688,5187.4742,5310.3391,0.01750413,0.01791872,0.00089765,16.2655,14.6936,0.3653,59.3804,1.1678,2646.0457,162.5536,12.4780,16.8648,9.0895,16.5695,22.0926,29.825,33.4482,44.5976,11.8163,0.0,2.018664,2.691552,0.981654,30,240,141,4,0.10479828,0.02244119,0.04150452,0E-8,0.000000,0.902668,0.011910,-0.02129501,2026-03-22,2026-08-05,112,5695,2177,137,0.817518,0.739886,0.767145,0.349328,,,,,,,,GLOBAL_BASELINE_NO_ENTITY_RANKING,,,NOT_APPLICABLE_GLOBAL_BASELINE,HF9g-P5,,,,X 全窗基线 · 不参与实体赏罚,14196774,1420,A168_HF9F_20260827_0900,2026-08-27 09:00:00
2026-07-12,110249610,2252,0,54.6792152704,-33.1389183457,-33.1389183457,0.3333333,3,3,0.50218230000000000,0.502182300000,-0.5849155494134425,-0.5849155494134426,-0.5849155494134425,0E-17,ELIGIBLE,R03b_20260811_FULL_v1,L1_ELIGIBILITY,v2026-08-11,2026-03-21..2026-08-06,baccarat_bet02_101_all_pairs_incl_sentinel,round_win = game_pnl > 0 (decisive only),COMPATIBILITY_ONLY_NOT_PRODUCTION,296357.1217,267511.9505,6650.6079,18220,18206,-0.02244119,-0.04150452,-0.02020951,-0.02244119,-6650.6079,296357.1217,OK,0.0000,266.0243,4.0000,96.0000,AG03-UNRESOLVED,ALL5_LEVELS_bet23_to_bet27,266.0243,266.0243,266.0243,332.5304,332.5304,4.000000,4.000000,4.000000,5.000000,5.000000,96.000000,96.000000,96.000000,95.000000,95.000000,5.0,1463.1337,1340.2688,5187.4742,5310.3391,PENDING_AG03,FALSE,NOT_FOR_ENFORCEMENT,6384.5836,256811.4724,6650.6079,6384.5836,266.0243,0.02244119,0.02154355,266.0243,6384.5836,0.02154355,266.0243,266.0243,266.0243,332.5304,332.5304,6384.5836,0.02154355,1463.1337,1340.2688,5187.4742,5310.3391,0.01750413,0.01791872,0.00089765,16.2655,14.6936,0.3653,59.3804,1.1678,2646.0457,162.5536,12.4780,16.8648,9.0895,16.5695,22.0926,29.825,33.4482,44.5976,11.8163,0.0,2.018664,2.691552,0.981654,30,240,141,4,0.10479828,0.02244119,0.04150452,0E-8,0.000000,0.902668,0.011910,-0.02129501,2026-03-22,2026-08-05,112,5695,2177,137,0.817518,0.739886,0.767145,0.349328,,,,,,,,GLOBAL_BASELINE_NO_ENTITY_RANKING,,,NOT_APPLICABLE_GLOBAL_BASELINE,HF9g-P5,,,,X 全窗基线 · 不参与实体赏罚,14196775,1420,A168_HF9F_20260827_0900,2026-08-27 09:00:00
2026-07-12,110249610,2261,0,38.6620714033,-5.5231530577,-5.5231530577,0.5000000,3,3,0.49324550000000000,0.493245500000,0.01910635448239258,0.01910635448239258,0.01910635448239258,0E-17,ELIGIBLE,R03b_20260811_FULL_v1,L1_ELIGIBILITY,v2026-08-11,2026-03-21..2026-08-06,baccarat_bet02_101_all_pairs_incl_sentinel,round_win = game_pnl > 0 (decisive only),COMPATIBILITY_ONLY_NOT_PRODUCTION,296357.1217,267511.9505,6650.6079,18220,18206,-0.02244119,-0.04150452,-0.02020951,-0.02244119,-6650.6079,296357.1217,OK,0.0000,266.0243,4.0000,96.0000,AG03-UNRESOLVED,ALL5_LEVELS_bet23_to_bet27,266.0243,266.0243,266.0243,332.5304,332.5304,4.000000,4.000000,4.000000,5.000000,5.000000,96.000000,96.000000,96.000000,95.000000,95.000000,5.0,1463.1337,1340.2688,5187.4742,5310.3391,PENDING_AG03,FALSE,NOT_FOR_ENFORCEMENT,6384.5836,256811.4724,6650.6079,6384.5836,266.0243,0.02244119,0.02154355,266.0243,6384.5836,0.02154355,266.0243,266.0243,266.0243,332.5304,332.5304,6384.5836,0.02154355,1463.1337,1340.2688,5187.4742,5310.3391,0.01750413,0.01791872,0.00089765,16.2655,14.6936,0.3653,59.3804,1.1678,2646.0457,162.5536,12.4780,16.8648,9.0895,16.5695,22.0926,29.825,33.4482,44.5976,11.8163,0.0,2.018664,2.691552,0.981654,30,240,141,4,0.10479828,0.02244119,0.04150452,0E-8,0.000000,0.902668,0.011910,-0.02129501,2026-03-22,2026-08-05,112,5695,2177,137,0.817518,0.739886,0.767145,0.349328,,,,,,,,GLOBAL_BASELINE_NO_ENTITY_RANKING,,,NOT_APPLICABLE_GLOBAL_BASELINE,HF9g-P5,,,,X 全窗基线 · 不参与实体赏罚,14196776,1420,A168_HF9F_20260827_0900,2026-08-27 09:00:00
2026-07-12,110249610,2281,0,16.5694591729,-16.5694591729,-16.5694591729,0E-7,1,1,0.50665070000000000,0.506650700000,-1.013391052207602,-1.013391052207602,-1.013391052207602,0E-17,ELIGIBLE,R03b_20260811_FULL_v1,L1_ELIGIBILITY,v2026-08-11,2026-03-21..2026-08-06,baccarat_bet02_101_all_pairs_incl_sentinel,round_win = game_pnl > 0 (decisive only),COMPATIBILITY_ONLY_NOT_PRODUCTION,296357.1217,267511.9505,6650.6079,18220,18206,-0.02244119,-0.04150452,-0.02020951,-0.02244119,-6650.6079,296357.1217,OK,0.0000,266.0243,4.0000,96.0000,AG03-UNRESOLVED,ALL5_LEVELS_bet23_to_bet27,266.0243,266.0243,266.0243,332.5304,332.5304,4.000000,4.000000,4.000000,5.000000,5.000000,96.000000,96.000000,96.000000,95.000000,95.000000,5.0,1463.1337,1340.2688,5187.4742,5310.3391,PENDING_AG03,FALSE,NOT_FOR_ENFORCEMENT,6384.5836,256811.4724,6650.6079,6384.5836,266.0243,0.02244119,0.02154355,266.0243,6384.5836,0.02154355,266.0243,266.0243,266.0243,332.5304,332.5304,6384.5836,0.02154355,1463.1337,1340.2688,5187.4742,5310.3391,0.01750413,0.01791872,0.00089765,16.2655,14.6936,0.3653,59.3804,1.1678,2646.0457,162.5536,12.4780,16.8648,9.0895,16.5695,22.0926,29.825,33.4482,44.5976,11.8163,0.0,2.018664,2.691552,0.981654,30,240,141,4,0.10479828,0.02244119,0.04150452,0E-8,0.000000,0.902668,0.011910,-0.02129501,2026-03-22,2026-08-05,112,5695,2177,137,0.817518,0.739886,0.767145,0.349328,,,,,,,,GLOBAL_BASELINE_NO_ENTITY_RANKING,,,NOT_APPLICABLE_GLOBAL_BASELINE,HF9g-P5,,,,X 全窗基线 · 不参与实体赏罚,14196777,1420,A168_HF9F_20260827_0900,2026-08-27 09:00:00
2026-07-12,110249610,2289,0,94.9982325910,23.4734004949,23.4734004949,0.6666667,3,3,0.50665070000000000,0.506650700000,0.5543606114942035,0.5543606114942035,0.5543606114942035,0E-17,ELIGIBLE,R03b_20260811_FULL_v1,L1_ELIGIBILITY,v2026-08-11,2026-03-21..2026-08-06,baccarat_bet02_101_all_pairs_incl_sentinel,round_win = game_pnl > 0 (decisive only),COMPATIBILITY_ONLY_NOT_PRODUCTION,296357.1217,267511.9505,6650.6079,18220,18206,-0.02244119,-0.04150452,-0.02020951,-0.02244119,-6650.6079,296357.1217,OK,0.0000,266.0243,4.0000,96.0000,AG03-UNRESOLVED,ALL5_LEVELS_bet23_to_bet27,266.0243,266.0243,266.0243,332.5304,332.5304,4.000000,4.000000,4.000000,5.000000,5.000000,96.000000,96.000000,96.000000,95.000000,95.000000,5.0,1463.1337,1340.2688,5187.4742,5310.3391,PENDING_AG03,FALSE,NOT_FOR_ENFORCEMENT,6384.5836,256811.4724,6650.6079,6384.5836,266.0243,0.02244119,0.02154355,266.0243,6384.5836,0.02154355,266.0243,266.0243,266.0243,332.5304,332.5304,6384.5836,0.02154355,1463.1337,1340.2688,5187.4742,5310.3391,0.01750413,0.01791872,0.00089765,16.2655,14.6936,0.3653,59.3804,1.1678,2646.0457,162.5536,12.4780,16.8648,9.0895,16.5695,22.0926,29.825,33.4482,44.5976,11.8163,0.0,2.018664,2.691552,0.981654,30,240,141,4,0.10479828,0.02244119,0.04150452,0E-8,0.000000,0.902668,0.011910,-0.02129501,2026-03-22,2026-08-05,112,5695,2177,137,0.817518,0.739886,0.767145,0.349328,,,,,,,,GLOBAL_BASELINE_NO_ENTITY_RANKING,,,NOT_APPLICABLE_GLOBAL_BASELINE,HF9g-P5,,,,X 全窗基线 · 不参与实体赏罚,14196778,1420,A168_HF9F_20260827_0900,2026-08-27 09:00:00
2026-07-12,110249610,462,0,22.0926122304,0E-10,0E-10,0.5000000,2,2,0.49994810000000000,0.499948100000,0.00014679536856514622,0.00014679536856514622,0.00014679536856514622,0E-17,ELIGIBLE,R03b_20260811_FULL_v1,L1_ELIGIBILITY,v2026-08-11,2026-03-21..2026-08-06,baccarat_bet02_101_all_pairs_incl_sentinel,round_win = game_pnl > 0 (decisive only),COMPATIBILITY_ONLY_NOT_PRODUCTION,296357.1217,267511.9505,6650.6079,18220,18206,-0.02244119,-0.04150452,-0.02020951,-0.02244119,-6650.6079,296357.1217,OK,0.0000,266.0243,4.0000,96.0000,AG03-UNRESOLVED,ALL5_LEVELS_bet23_to_bet27,266.0243,266.0243,266.0243,332.5304,332.5304,4.000000,4.000000,4.000000,5.000000,5.000000,96.000000,96.000000,96.000000,95.000000,95.000000,5.0,1463.1337,1340.2688,5187.4742,5310.3391,PENDING_AG03,FALSE,NOT_FOR_ENFORCEMENT,6384.5836,256811.4724,6650.6079,6384.5836,266.0243,0.02244119,0.02154355,266.0243,6384.5836,0.02154355,266.0243,266.0243,266.0243,332.5304,332.5304,6384.5836,0.02154355,1463.1337,1340.2688,5187.4742,5310.3391,0.01750413,0.01791872,0.00089765,16.2655,14.6936,0.3653,59.3804,1.1678,2646.0457,162.5536,12.4780,16.8648,9.0895,16.5695,22.0926,29.825,33.4482,44.5976,11.8163,0.0,2.018664,2.691552,0.981654,30,240,141,4,0.10479828,0.02244119,0.04150452,0E-8,0.000000,0.902668,0.011910,-0.02129501,2026-03-22,2026-08-05,112,5695,2177,137,0.817518,0.739886,0.767145,0.349328,,,,,,,,GLOBAL_BASELINE_NO_ENTITY_RANKING,,,NOT_APPLICABLE_GLOBAL_BASELINE,HF9g-P5,,,,X 全窗基线 · 不参与实体赏罚,14196779,1420,A168_HF9F_20260827_0900,2026-08-27 09:00:00
2026-07-12,110249610,550,0,38.6620714034,-38.6620714034,-38.6620714034,0E-7,2,2,0.50665070000000000,0.506650700000,-1.4331513700195317,-1.4331513700195317,-1.4331513700195317,0E-17,ELIGIBLE,R03b_20260811_FULL_v1,L1_ELIGIBILITY,v2026-08-11,2026-03-21..2026-08-06,baccarat_bet02_101_all_pairs_incl_sentinel,round_win = game_pnl > 0 (decisive only),COMPATIBILITY_ONLY_NOT_PRODUCTION,296357.1217,267511.9505,6650.6079,18220,18206,-0.02244119,-0.04150452,-0.02020951,-0.02244119,-6650.6079,296357.1217,OK,0.0000,266.0243,4.0000,96.0000,AG03-UNRESOLVED,ALL5_LEVELS_bet23_to_bet27,266.0243,266.0243,266.0243,332.5304,332.5304,4.000000,4.000000,4.000000,5.000000,5.000000,96.000000,96.000000,96.000000,95.000000,95.000000,5.0,1463.1337,1340.2688,5187.4742,5310.3391,PENDING_AG03,FALSE,NOT_FOR_ENFORCEMENT,6384.5836,256811.4724,6650.6079,6384.5836,266.0243,0.02244119,0.02154355,266.0243,6384.5836,0.02154355,266.0243,266.0243,266.0243,332.5304,332.5304,6384.5836,0.02154355,1463.1337,1340.2688,5187.4742,5310.3391,0.01750413,0.01791872,0.00089765,16.2655,14.6936,0.3653,59.3804,1.1678,2646.0457,162.5536,12.4780,16.8648,9.0895,16.5695,22.0926,29.825,33.4482,44.5976,11.8163,0.0,2.018664,2.691552,0.981654,30,240,141,4,0.10479828,0.02244119,0.04150452,0E-8,0.000000,0.902668,0.011910,-0.02129501,2026-03-22,2026-08-05,112,5695,2177,137,0.817518,0.739886,0.767145,0.349328,,,,,,,,GLOBAL_BASELINE_NO_ENTITY_RANKING,,,NOT_APPLICABLE_GLOBAL_BASELINE,HF9g-P5,,,,X 全窗基线 · 不参与实体赏罚,14196780,1420,A168_HF9F_20260827_0900,2026-08-27 09:00:00
2026-07-12,110249610,576,0,99.4167550371,0E-10,0E-10,0.5000000,3,3,0.49324550000000000,0.493245500000,0.01910635448239258,0.01910635448239258,0.01910635448239258,0E-17,ELIGIBLE,R03b_20260811_FULL_v1,L1_ELIGIBILITY,v2026-08-11,2026-03-21..2026-08-06,baccarat_bet02_101_all_pairs_incl_sentinel,round_win = game_pnl > 0 (decisive only),COMPATIBILITY_ONLY_NOT_PRODUCTION,296357.1217,267511.9505,6650.6079,18220,18206,-0.02244119,-0.04150452,-0.02020951,-0.02244119,-6650.6079,296357.1217,OK,0.0000,266.0243,4.0000,96.0000,AG03-UNRESOLVED,ALL5_LEVELS_bet23_to_bet27,266.0243,266.0243,266.0243,332.5304,332.5304,4.000000,4.000000,4.000000,5.000000,5.000000,96.000000,96.000000,96.000000,95.000000,95.000000,5.0,1463.1337,1340.2688,5187.4742,5310.3391,PENDING_AG03,FALSE,NOT_FOR_ENFORCEMENT,6384.5836,256811.4724,6650.6079,6384.5836,266.0243,0.02244119,0.02154355,266.0243,6384.5836,0.02154355,266.0243,266.0243,266.0243,332.5304,332.5304,6384.5836,0.02154355,1463.1337,1340.2688,5187.4742,5310.3391,0.01750413,0.01791872,0.00089765,16.2655,14.6936,0.3653,59.3804,1.1678,2646.0457,162.5536,12.4780,16.8648,9.0895,16.5695,22.0926,29.825,33.4482,44.5976,11.8163,0.0,2.018664,2.691552,0.981654,30,240,141,4,0.10479828,0.02244119,0.04150452,0E-8,0.000000,0.902668,0.011910,-0.02129501,2026-03-22,2026-08-05,112,5695,2177,137,0.817518,0.739886,0.767145,0.349328,,,,,,,,GLOBAL_BASELINE_NO_ENTITY_RANKING,,,NOT_APPLICABLE_GLOBAL_BASELINE,HF9g-P5,,,,X 全窗基线 · 不参与实体赏罚,14196781,1420,A168_HF9F_20260827_0900,2026-08-27 09:00:00
2026-07-12,110249610,772,0,16.5694591729,-16.5694591729,-16.5694591729,0E-7,1,1,0.50665070000000000,0.506650700000,-1.013391052207602,-1.013391052207602,-1.013391052207602,0E-17,ELIGIBLE,R03b_20260811_FULL_v1,L1_ELIGIBILITY,v2026-08-11,2026-03-21..2026-08-06,baccarat_bet02_101_all_pairs_incl_sentinel,round_win = game_pnl > 0 (decisive only),COMPATIBILITY_ONLY_NOT_PRODUCTION,296357.1217,267511.9505,6650.6079,18220,18206,-0.02244119,-0.04150452,-0.02020951,-0.02244119,-6650.6079,296357.1217,OK,0.0000,266.0243,4.0000,96.0000,AG03-UNRESOLVED,ALL5_LEVELS_bet23_to_bet27,266.0243,266.0243,266.0243,332.5304,332.5304,4.000000,4.000000,4.000000,5.000000,5.000000,96.000000,96.000000,96.000000,95.000000,95.000000,5.0,1463.1337,1340.2688,5187.4742,5310.3391,PENDING_AG03,FALSE,NOT_FOR_ENFORCEMENT,6384.5836,256811.4724,6650.6079,6384.5836,266.0243,0.02244119,0.02154355,266.0243,6384.5836,0.02154355,266.0243,266.0243,266.0243,332.5304,332.5304,6384.5836,0.02154355,1463.1337,1340.2688,5187.4742,5310.3391,0.01750413,0.01791872,0.00089765,16.2655,14.6936,0.3653,59.3804,1.1678,2646.0457,162.5536,12.4780,16.8648,9.0895,16.5695,22.0926,29.825,33.4482,44.5976,11.8163,0.0,2.018664,2.691552,0.981654,30,240,141,4,0.10479828,0.02244119,0.04150452,0E-8,0.000000,0.902668,0.011910,-0.02129501,2026-03-22,2026-08-05,112,5695,2177,137,0.817518,0.739886,0.767145,0.349328,,,,,,,,GLOBAL_BASELINE_NO_ENTITY_RANKING,,,NOT_APPLICABLE_GLOBAL_BASELINE,HF9g-P5,,,,X 全窗基线 · 不参与实体赏罚,14196782,1420,A168_HF9F_20260827_0900,2026-08-27 09:00:00
2026-07-12,110249610,919,0,99.6376811594,10.8253799930,10.8253799930,0.5000000,4,4,0.49324550000000000,0.493245500000,0.027020465636507562,0.027020465636507562,0.027020465636507562,0E-17,ELIGIBLE,R03b_20260811_FULL_v1,L1_ELIGIBILITY,v2026-08-11,2026-03-21..2026-08-06,baccarat_bet02_101_all_pairs_incl_sentinel,round_win = game_pnl > 0 (decisive only),COMPATIBILITY_ONLY_NOT_PRODUCTION,296357.1217,267511.9505,6650.6079,18220,18206,-0.02244119,-0.04150452,-0.02020951,-0.02244119,-6650.6079,296357.1217,OK,0.0000,266.0243,4.0000,96.0000,AG03-UNRESOLVED,ALL5_LEVELS_bet23_to_bet27,266.0243,266.0243,266.0243,332.5304,332.5304,4.000000,4.000000,4.000000,5.000000,5.000000,96.000000,96.000000,96.000000,95.000000,95.000000,5.0,1463.1337,1340.2688,5187.4742,5310.3391,PENDING_AG03,FALSE,NOT_FOR_ENFORCEMENT,6384.5836,256811.4724,6650.6079,6384.5836,266.0243,0.02244119,0.02154355,266.0243,6384.5836,0.02154355,266.0243,266.0243,266.0243,332.5304,332.5304,6384.5836,0.02154355,1463.1337,1340.2688,5187.4742,5310.3391,0.01750413,0.01791872,0.00089765,16.2655,14.6936,0.3653,59.3804,1.1678,2646.0457,162.5536,12.4780,16.8648,9.0895,16.5695,22.0926,29.825,33.4482,44.5976,11.8163,0.0,2.018664,2.691552,0.981654,30,240,141,4,0.10479828,0.02244119,0.04150452,0E-8,0.000000,0.902668,0.011910,-0.02129501,2026-03-22,2026-08-05,112,5695,2177,137,0.817518,0.739886,0.767145,0.349328,,,,,,,,GLOBAL_BASELINE_NO_ENTITY_RANKING,,,NOT_APPLICABLE_GLOBAL_BASELINE,HF9g-P5,,,,X 全窗基线 · 不参与实体赏罚,14196783,1420,A168_HF9F_20260827_0900,2026-08-27 09:00:00
2026-07-12,110249610,948,0,55.2315305762,-11.0463061154,-11.0463061154,0.5000000,4,4,0.49659680000000000,0.496596800000,0.013613115331600182,0.013613115331600183,0.013613115331600182,0E-17,ELIGIBLE,R03b_20260811_FULL_v1,L1_ELIGIBILITY,v2026-08-11,2026-03-21..2026-08-06,baccarat_bet02_101_all_pairs_incl_sentinel,round_win = game_pnl > 0 (decisive only),COMPATIBILITY_ONLY_NOT_PRODUCTION,296357.1217,267511.9505,6650.6079,18220,18206,-0.02244119,-0.04150452,-0.02020951,-0.02244119,-6650.6079,296357.1217,OK,0.0000,266.0243,4.0000,96.0000,AG03-UNRESOLVED,ALL5_LEVELS_bet23_to_bet27,266.0243,266.0243,266.0243,332.5304,332.5304,4.000000,4.000000,4.000000,5.000000,5.000000,96.000000,96.000000,96.000000,95.000000,95.000000,5.0,1463.1337,1340.2688,5187.4742,5310.3391,PENDING_AG03,FALSE,NOT_FOR_ENFORCEMENT,6384.5836,256811.4724,6650.6079,6384.5836,266.0243,0.02244119,0.02154355,266.0243,6384.5836,0.02154355,266.0243,266.0243,266.0243,332.5304,332.5304,6384.5836,0.02154355,1463.1337,1340.2688,5187.4742,5310.3391,0.01750413,0.01791872,0.00089765,16.2655,14.6936,0.3653,59.3804,1.1678,2646.0457,162.5536,12.4780,16.8648,9.0895,16.5695,22.0926,29.825,33.4482,44.5976,11.8163,0.0,2.018664,2.691552,0.981654,30,240,141,4,0.10479828,0.02244119,0.04150452,0E-8,0.000000,0.902668,0.011910,-0.02129501,2026-03-22,2026-08-05,112,5695,2177,137,0.817518,0.739886,0.767145,0.349328,,,,,,,,GLOBAL_BASELINE_NO_ENTITY_RANKING,,,NOT_APPLICABLE_GLOBAL_BASELINE,HF9g-P5,,,,X 全窗基线 · 不参与实体赏罚,14196784,1420,A168_HF9F_20260827_0900,2026-08-27 09:00:00
2026-07-12,110249610,986,0,30.9296571226,30.3773418169,30.3773418169,1.0000000,2,2,0.49994810000000000,0.499948100000,1.4143603653603398,1.4143603653603398,1.4143603653603398,0E-17,ELIGIBLE,R03b_20260811_FULL_v1,L1_ELIGIBILITY,v2026-08-11,2026-03-21..2026-08-06,baccarat_bet02_101_all_pairs_incl_sentinel,round_win = game_pnl > 0 (decisive only),COMPATIBILITY_ONLY_NOT_PRODUCTION,296357.1217,267511.9505,6650.6079,18220,18206,-0.02244119,-0.04150452,-0.02020951,-0.02244119,-6650.6079,296357.1217,OK,0.0000,266.0243,4.0000,96.0000,AG03-UNRESOLVED,ALL5_LEVELS_bet23_to_bet27,266.0243,266.0243,266.0243,332.5304,332.5304,4.000000,4.000000,4.000000,5.000000,5.000000,96.000000,96.000000,96.000000,95.000000,95.000000,5.0,1463.1337,1340.2688,5187.4742,5310.3391,PENDING_AG03,FALSE,NOT_FOR_ENFORCEMENT,6384.5836,256811.4724,6650.6079,6384.5836,266.0243,0.02244119,0.02154355,266.0243,6384.5836,0.02154355,266.0243,266.0243,266.0243,332.5304,332.5304,6384.5836,0.02154355,1463.1337,1340.2688,5187.4742,5310.3391,0.01750413,0.01791872,0.00089765,16.2655,14.6936,0.3653,59.3804,1.1678,2646.0457,162.5536,12.4780,16.8648,9.0895,16.5695,22.0926,29.825,33.4482,44.5976,11.8163,0.0,2.018664,2.691552,0.981654,30,240,141,4,0.10479828,0.02244119,0.04150452,0E-8,0.000000,0.902668,0.011910,-0.02129501,2026-03-22,2026-08-05,112,5695,2177,137,0.817518,0.739886,0.767145,0.349328,,,,,,,,GLOBAL_BASELINE_NO_ENTITY_RANKING,,,NOT_APPLICABLE_GLOBAL_BASELINE,HF9g-P5,,,,X 全窗基线 · 不参与实体赏罚,14196785,1420,A168_HF9F_20260827_0900,2026-08-27 09:00:00
2026-07-13,110249610,2083,0,22.0926122304,-11.0463061152,-11.0463061152,0E-7,2,2,0.49324550000000000,0.493245500000,-0.9865810262130424,-0.9865810262130424,-0.9865810262130424,0E-17,ELIGIBLE,R03b_20260811_FULL_v1,L1_ELIGIBILITY,v2026-08-11,2026-03-21..2026-08-06,baccarat_bet02_101_all_pairs_incl_sentinel,round_win = game_pnl > 0 (decisive only),COMPATIBILITY_ONLY_NOT_PRODUCTION,296357.1217,267511.9505,6650.6079,18220,18206,-0.02244119,-0.04150452,-0.02020951,-0.02244119,-6650.6079,296357.1217,OK,0.0000,266.0243,4.0000,96.0000,AG03-UNRESOLVED,ALL5_LEVELS_bet23_to_bet27,266.0243,266.0243,266.0243,332.5304,332.5304,4.000000,4.000000,4.000000,5.000000,5.000000,96.000000,96.000000,96.000000,95.000000,95.000000,5.0,1463.1337,1340.2688,5187.4742,5310.3391,PENDING_AG03,FALSE,NOT_FOR_ENFORCEMENT,6384.5836,256811.4724,6650.6079,6384.5836,266.0243,0.02244119,0.02154355,266.0243,6384.5836,0.02154355,266.0243,266.0243,266.0243,332.5304,332.5304,6384.5836,0.02154355,1463.1337,1340.2688,5187.4742,5310.3391,0.01750413,0.01791872,0.00089765,16.2655,14.6936,0.3653,59.3804,1.1678,2646.0457,162.5536,12.4780,16.8648,9.0895,16.5695,22.0926,29.825,33.4482,44.5976,11.8163,0.0,2.018664,2.691552,0.981654,30,240,141,4,0.10479828,0.02244119,0.04150452,0E-8,0.000000,0.902668,0.011910,-0.02129501,2026-03-22,2026-08-05,112,5695,2177,137,0.817518,0.739886,0.767145,0.349328,,,,,,,,GLOBAL_BASELINE_NO_ENTITY_RANKING,,,NOT_APPLICABLE_GLOBAL_BASELINE,HF9g-P5,,,,X 全窗基线 · 不参与实体赏罚,14196786,1420,A168_HF9F_20260827_0900,2026-08-27 09:00:00
2026-07-13,110249610,583,0,11.4881583598,-11.4881583598,-11.4881583598,0E-7,1,1,0.49324550000000000,0.493245500000,-0.9865810262130424,-0.9865810262130424,-0.9865810262130424,0E-17,ELIGIBLE,R03b_20260811_FULL_v1,L1_ELIGIBILITY,v2026-08-11,2026-03-21..2026-08-06,baccarat_bet02_101_all_pairs_incl_sentinel,round_win = game_pnl > 0 (decisive only),COMPATIBILITY_ONLY_NOT_PRODUCTION,296357.1217,267511.9505,6650.6079,18220,18206,-0.02244119,-0.04150452,-0.02020951,-0.02244119,-6650.6079,296357.1217,OK,0.0000,266.0243,4.0000,96.0000,AG03-UNRESOLVED,ALL5_LEVELS_bet23_to_bet27,266.0243,266.0243,266.0243,332.5304,332.5304,4.000000,4.000000,4.000000,5.000000,5.000000,96.000000,96.000000,96.000000,95.000000,95.000000,5.0,1463.1337,1340.2688,5187.4742,5310.3391,PENDING_AG03,FALSE,NOT_FOR_ENFORCEMENT,6384.5836,256811.4724,6650.6079,6384.5836,266.0243,0.02244119,0.02154355,266.0243,6384.5836,0.02154355,266.0243,266.0243,266.0243,332.5304,332.5304,6384.5836,0.02154355,1463.1337,1340.2688,5187.4742,5310.3391,0.01750413,0.01791872,0.00089765,16.2655,14.6936,0.3653,59.3804,1.1678,2646.0457,162.5536,12.4780,16.8648,9.0895,16.5695,22.0926,29.825,33.4482,44.5976,11.8163,0.0,2.018664,2.691552,0.981654,30,240,141,4,0.10479828,0.02244119,0.04150452,0E-8,0.000000,0.902668,0.011910,-0.02129501,2026-03-22,2026-08-05,112,5695,2177,137,0.817518,0.739886,0.767145,0.349328,,,,,,,,GLOBAL_BASELINE_NO_ENTITY_RANKING,,,NOT_APPLICABLE_GLOBAL_BASELINE,HF9g-P5,,,,X 全窗基线 · 不参与实体赏罚,14196787,1420,A168_HF9F_20260827_0900,2026-08-27 09:00:00
2026-07-15,110249610,-1,1,72.4637681158,-11.3776952987,-11.3776952987,0.4444444,10,10,0.49324550000000000,0.493245500000,-0.29283305455567077,-0.29283305455567077,-0.29283305455567077,0E-17,SENTINEL_DEALER,R03b_20260811_FULL_v1,L1_ELIGIBILITY,v2026-08-11,2026-03-21..2026-08-06,baccarat_bet02_101_all_pairs_incl_sentinel,round_win = game_pnl > 0 (decisive only),COMPATIBILITY_ONLY_NOT_PRODUCTION,296357.1217,267511.9505,6650.6079,18220,18206,-0.02244119,-0.04150452,-0.02020951,-0.02244119,-6650.6079,296357.1217,OK,0.0000,266.0243,4.0000,96.0000,AG03-UNRESOLVED,ALL5_LEVELS_bet23_to_bet27,266.0243,266.0243,266.0243,332.5304,332.5304,4.000000,4.000000,4.000000,5.000000,5.000000,96.000000,96.000000,96.000000,95.000000,95.000000,5.0,1463.1337,1340.2688,5187.4742,5310.3391,PENDING_AG03,FALSE,NOT_FOR_ENFORCEMENT,6384.5836,256811.4724,6650.6079,6384.5836,266.0243,0.02244119,0.02154355,266.0243,6384.5836,0.02154355,266.0243,266.0243,266.0243,332.5304,332.5304,6384.5836,0.02154355,1463.1337,1340.2688,5187.4742,5310.3391,0.01750413,0.01791872,0.00089765,16.2655,14.6936,0.3653,59.3804,1.1678,2646.0457,162.5536,12.4780,16.8648,9.0895,16.5695,22.0926,29.825,33.4482,44.5976,11.8163,0.0,2.018664,2.691552,0.981654,30,240,141,4,0.10479828,0.02244119,0.04150452,0E-8,0.000000,0.902668,0.011910,-0.02129501,2026-03-22,2026-08-05,112,5695,2177,137,0.817518,0.739886,0.767145,0.349328,,,,,,,,GLOBAL_BASELINE_NO_ENTITY_RANKING,,,NOT_APPLICABLE_GLOBAL_BASELINE,HF9g-P5,,,,X 全窗基线 · 不参与实体赏罚,14196788,1420,A168_HF9F_20260827_0900,2026-08-27 09:00:00
2026-07-15,110249610,1302,0,43.9642983386,-15.9784817957,-15.9784817957,0.3333333,5,5,0.50665070000000000,0.506650700000,-0.6004420894325239,-0.6004420894325239,-0.6004420894325239,0E-17,ELIGIBLE,R03b_20260811_FULL_v1,L1_ELIGIBILITY,v2026-08-11,2026-03-21..2026-08-06,baccarat_bet02_101_all_pairs_incl_sentinel,round_win = game_pnl > 0 (decisive only),COMPATIBILITY_ONLY_NOT_PRODUCTION,296357.1217,267511.9505,6650.6079,18220,18206,-0.02244119,-0.04150452,-0.02020951,-0.02244119,-6650.6079,296357.1217,OK,0.0000,266.0243,4.0000,96.0000,AG03-UNRESOLVED,ALL5_LEVELS_bet23_to_bet27,266.0243,266.0243,266.0243,332.5304,332.5304,4.000000,4.000000,4.000000,5.000000,5.000000,96.000000,96.000000,96.000000,95.000000,95.000000,5.0,1463.1337,1340.2688,5187.4742,5310.3391,PENDING_AG03,FALSE,NOT_FOR_ENFORCEMENT,6384.5836,256811.4724,6650.6079,6384.5836,266.0243,0.02244119,0.02154355,266.0243,6384.5836,0.02154355,266.0243,266.0243,266.0243,332.5304,332.5304,6384.5836,0.02154355,1463.1337,1340.2688,5187.4742,5310.3391,0.01750413,0.01791872,0.00089765,16.2655,14.6936,0.3653,59.3804,1.1678,2646.0457,162.5536,12.4780,16.8648,9.0895,16.5695,22.0926,29.825,33.4482,44.5976,11.8163,0.0,2.018664,2.691552,0.981654,30,240,141,4,0.10479828,0.02244119,0.04150452,0E-8,0.000000,0.902668,0.011910,-0.02129501,2026-03-22,2026-08-05,112,5695,2177,137,0.817518,0.739886,0.767145,0.349328,,,,,,,,GLOBAL_BASELINE_NO_ENTITY_RANKING,,,NOT_APPLICABLE_GLOBAL_BASELINE,HF9g-P5,,,,X 全窗基线 · 不参与实体赏罚,14196789,1420,A168_HF9F_20260827_0900,2026-08-27 09:00:00
2026-07-15,110249610,1985,0,11.2672322375,-11.2672322375,-11.2672322375,0E-7,1,1,0.49324550000000000,0.493245500000,-0.9865810262130424,-0.9865810262130424,-0.9865810262130424,0E-17,ELIGIBLE,R03b_20260811_FULL_v1,L1_ELIGIBILITY,v2026-08-11,2026-03-21..2026-08-06,baccarat_bet02_101_all_pairs_incl_sentinel,round_win = game_pnl > 0 (decisive only),COMPATIBILITY_ONLY_NOT_PRODUCTION,296357.1217,267511.9505,6650.6079,18220,18206,-0.02244119,-0.04150452,-0.02020951,-0.02244119,-6650.6079,296357.1217,OK,0.0000,266.0243,4.0000,96.0000,AG03-UNRESOLVED,ALL5_LEVELS_bet23_to_bet27,266.0243,266.0243,266.0243,332.5304,332.5304,4.000000,4.000000,4.000000,5.000000,5.000000,96.000000,96.000000,96.000000,95.000000,95.000000,5.0,1463.1337,1340.2688,5187.4742,5310.3391,PENDING_AG03,FALSE,NOT_FOR_ENFORCEMENT,6384.5836,256811.4724,6650.6079,6384.5836,266.0243,0.02244119,0.02154355,266.0243,6384.5836,0.02154355,266.0243,266.0243,266.0243,332.5304,332.5304,6384.5836,0.02154355,1463.1337,1340.2688,5187.4742,5310.3391,0.01750413,0.01791872,0.00089765,16.2655,14.6936,0.3653,59.3804,1.1678,2646.0457,162.5536,12.4780,16.8648,9.0895,16.5695,22.0926,29.825,33.4482,44.5976,11.8163,0.0,2.018664,2.691552,0.981654,30,240,141,4,0.10479828,0.02244119,0.04150452,0E-8,0.000000,0.902668,0.011910,-0.02129501,2026-03-22,2026-08-05,112,5695,2177,137,0.817518,0.739886,0.767145,0.349328,,,,,,,,GLOBAL_BASELINE_NO_ENTITY_RANKING,,,NOT_APPLICABLE_GLOBAL_BASELINE,HF9g-P5,,,,X 全窗基线 · 不参与实体赏罚,14196790,1420,A168_HF9F_20260827_0900,2026-08-27 09:00:00
2026-07-15,110249610,2289,0,11.0463061152,-11.0463061152,-11.0463061152,0E-7,1,1,0.50665070000000000,0.506650700000,-1.013391052207602,-1.013391052207602,-1.013391052207602,0E-17,ELIGIBLE,R03b_20260811_FULL_v1,L1_ELIGIBILITY,v2026-08-11,2026-03-21..2026-08-06,baccarat_bet02_101_all_pairs_incl_sentinel,round_win = game_pnl > 0 (decisive only),COMPATIBILITY_ONLY_NOT_PRODUCTION,296357.1217,267511.9505,6650.6079,18220,18206,-0.02244119,-0.04150452,-0.02020951,-0.02244119,-6650.6079,296357.1217,OK,0.0000,266.0243,4.0000,96.0000,AG03-UNRESOLVED,ALL5_LEVELS_bet23_to_bet27,266.0243,266.0243,266.0243,332.5304,332.5304,4.000000,4.000000,4.000000,5.000000,5.000000,96.000000,96.000000,96.000000,95.000000,95.000000,5.0,1463.1337,1340.2688,5187.4742,5310.3391,PENDING_AG03,FALSE,NOT_FOR_ENFORCEMENT,6384.5836,256811.4724,6650.6079,6384.5836,266.0243,0.02244119,0.02154355,266.0243,6384.5836,0.02154355,266.0243,266.0243,266.0243,332.5304,332.5304,6384.5836,0.02154355,1463.1337,1340.2688,5187.4742,5310.3391,0.01750413,0.01791872,0.00089765,16.2655,14.6936,0.3653,59.3804,1.1678,2646.0457,162.5536,12.4780,16.8648,9.0895,16.5695,22.0926,29.825,33.4482,44.5976,11.8163,0.0,2.018664,2.691552,0.981654,30,240,141,4,0.10479828,0.02244119,0.04150452,0E-8,0.000000,0.902668,0.011910,-0.02129501,2026-03-22,2026-08-05,112,5695,2177,137,0.817518,0.739886,0.767145,0.349328,,,,,,,,GLOBAL_BASELINE_NO_ENTITY_RANKING,,,NOT_APPLICABLE_GLOBAL_BASELINE,HF9g-P5,,,,X 全窗基线 · 不参与实体赏罚,14196791,1420,A168_HF9F_20260827_0900,2026-08-27 09:00:00
2026-07-15,110249610,915,0,22.0926122304,-11.3224637681,-11.3224637681,0.3333333,3,3,0.50665070000000000,0.506650700000,-0.6004420894325239,-0.6004420894325239,-0.6004420894325239,0E-17,ELIGIBLE,R03b_20260811_FULL_v1,L1_ELIGIBILITY,v2026-08-11,2026-03-21..2026-08-06,baccarat_bet02_101_all_pairs_incl_sentinel,round_win = game_pnl > 0 (decisive only),COMPATIBILITY_ONLY_NOT_PRODUCTION,296357.1217,267511.9505,6650.6079,18220,18206,-0.02244119,-0.04150452,-0.02020951,-0.02244119,-6650.6079,296357.1217,OK,0.0000,266.0243,4.0000,96.0000,AG03-UNRESOLVED,ALL5_LEVELS_bet23_to_bet27,266.0243,266.0243,266.0243,332.5304,332.5304,4.000000,4.000000,4.000000,5.000000,5.000000,96.000000,96.000000,96.000000,95.000000,95.000000,5.0,1463.1337,1340.2688,5187.4742,5310.3391,PENDING_AG03,FALSE,NOT_FOR_ENFORCEMENT,6384.5836,256811.4724,6650.6079,6384.5836,266.0243,0.02244119,0.02154355,266.0243,6384.5836,0.02154355,266.0243,266.0243,266.0243,332.5304,332.5304,6384.5836,0.02154355,1463.1337,1340.2688,5187.4742,5310.3391,0.01750413,0.01791872,0.00089765,16.2655,14.6936,0.3653,59.3804,1.1678,2646.0457,162.5536,12.4780,16.8648,9.0895,16.5695,22.0926,29.825,33.4482,44.5976,11.8163,0.0,2.018664,2.691552,0.981654,30,240,141,4,0.10479828,0.02244119,0.04150452,0E-8,0.000000,0.902668,0.011910,-0.02129501,2026-03-22,2026-08-05,112,5695,2177,137,0.817518,0.739886,0.767145,0.349328,,,,,,,,GLOBAL_BASELINE_NO_ENTITY_RANKING,,,NOT_APPLICABLE_GLOBAL_BASELINE,HF9g-P5,,,,X 全窗基线 · 不参与实体赏罚,14196792,1420,A168_HF9F_20260827_0900,2026-08-27 09:00:00
2026-07-16,110249610,-1,1,129.2417815482,-37.2647136798,-37.2647136798,0.3571429,16,16,0.50162375000000000,0.501623750000,-1.0812017013433781,-1.0812017013433781,-1.0812017013433781,0E-17,SENTINEL_DEALER,R03b_20260811_FULL_v1,L1_ELIGIBILITY,v2026-08-11,2026-03-21..2026-08-06,baccarat_bet02_101_all_pairs_incl_sentinel,round_win = game_pnl > 0 (decisive only),COMPATIBILITY_ONLY_NOT_PRODUCTION,296357.1217,267511.9505,6650.6079,18220,18206,-0.02244119,-0.04150452,-0.02020951,-0.02244119,-6650.6079,296357.1217,OK,0.0000,266.0243,4.0000,96.0000,AG03-UNRESOLVED,ALL5_LEVELS_bet23_to_bet27,266.0243,266.0243,266.0243,332.5304,332.5304,4.000000,4.000000,4.000000,5.000000,5.000000,96.000000,96.000000,96.000000,95.000000,95.000000,5.0,1463.1337,1340.2688,5187.4742,5310.3391,PENDING_AG03,FALSE,NOT_FOR_ENFORCEMENT,6384.5836,256811.4724,6650.6079,6384.5836,266.0243,0.02244119,0.02154355,266.0243,6384.5836,0.02154355,266.0243,266.0243,266.0243,332.5304,332.5304,6384.5836,0.02154355,1463.1337,1340.2688,5187.4742,5310.3391,0.01750413,0.01791872,0.00089765,16.2655,14.6936,0.3653,59.3804,1.1678,2646.0457,162.5536,12.4780,16.8648,9.0895,16.5695,22.0926,29.825,33.4482,44.5976,11.8163,0.0,2.018664,2.691552,0.981654,30,240,141,4,0.10479828,0.02244119,0.04150452,0E-8,0.000000,0.902668,0.011910,-0.02129501,2026-03-22,2026-08-05,112,5695,2177,137,0.817518,0.739886,0.767145,0.349328,,,,,,,,GLOBAL_BASELINE_NO_ENTITY_RANKING,,,NOT_APPLICABLE_GLOBAL_BASELINE,HF9g-P5,,,,X 全窗基线 · 不参与实体赏罚,14196793,1420,A168_HF9F_20260827_0900,2026-08-27 09:00:00
2026-07-16,110249610,1205,0,21.5402969247,0E-10,0E-10,0.5000000,2,2,0.50665070000000000,0.506650700000,-0.018812684590367487,-0.018812684590367487,-0.018812684590367487,0E-17,ELIGIBLE,R03b_20260811_FULL_v1,L1_ELIGIBILITY,v2026-08-11,2026-03-21..2026-08-06,baccarat_bet02_101_all_pairs_incl_sentinel,round_win = game_pnl > 0 (decisive only),COMPATIBILITY_ONLY_NOT_PRODUCTION,296357.1217,267511.9505,6650.6079,18220,18206,-0.02244119,-0.04150452,-0.02020951,-0.02244119,-6650.6079,296357.1217,OK,0.0000,266.0243,4.0000,96.0000,AG03-UNRESOLVED,ALL5_LEVELS_bet23_to_bet27,266.0243,266.0243,266.0243,332.5304,332.5304,4.000000,4.000000,4.000000,5.000000,5.000000,96.000000,96.000000,96.000000,95.000000,95.000000,5.0,1463.1337,1340.2688,5187.4742,5310.3391,PENDING_AG03,FALSE,NOT_FOR_ENFORCEMENT,6384.5836,256811.4724,6650.6079,6384.5836,266.0243,0.02244119,0.02154355,266.0243,6384.5836,0.02154355,266.0243,266.0243,266.0243,332.5304,332.5304,6384.5836,0.02154355,1463.1337,1340.2688,5187.4742,5310.3391,0.01750413,0.01791872,0.00089765,16.2655,14.6936,0.3653,59.3804,1.1678,2646.0457,162.5536,12.4780,16.8648,9.0895,16.5695,22.0926,29.825,33.4482,44.5976,11.8163,0.0,2.018664,2.691552,0.981654,30,240,141,4,0.10479828,0.02244119,0.04150452,0E-8,0.000000,0.902668,0.011910,-0.02129501,2026-03-22,2026-08-05,112,5695,2177,137,0.817518,0.739886,0.767145,0.349328,,,,,,,,GLOBAL_BASELINE_NO_ENTITY_RANKING,,,NOT_APPLICABLE_GLOBAL_BASELINE,HF9g-P5,,,,X 全窗基线 · 不参与实体赏罚,14196794,1420,A168_HF9F_20260827_0900,2026-08-27 09:00:00
2026-07-16,110249610,1318,0,38.1097560975,4.9708377519,4.9708377519,0.5000000,4,4,0.50665070000000000,0.506650700000,-0.02660515369234503,-0.02660515369234503,-0.02660515369234503,0E-17,ELIGIBLE,R03b_20260811_FULL_v1,L1_ELIGIBILITY,v2026-08-11,2026-03-21..2026-08-06,baccarat_bet02_101_all_pairs_incl_sentinel,round_win = game_pnl > 0 (decisive only),COMPATIBILITY_ONLY_NOT_PRODUCTION,296357.1217,267511.9505,6650.6079,18220,18206,-0.02244119,-0.04150452,-0.02020951,-0.02244119,-6650.6079,296357.1217,OK,0.0000,266.0243,4.0000,96.0000,AG03-UNRESOLVED,ALL5_LEVELS_bet23_to_bet27,266.0243,266.0243,266.0243,332.5304,332.5304,4.000000,4.000000,4.000000,5.000000,5.000000,96.000000,96.000000,96.000000,95.000000,95.000000,5.0,1463.1337,1340.2688,5187.4742,5310.3391,PENDING_AG03,FALSE,NOT_FOR_ENFORCEMENT,6384.5836,256811.4724,6650.6079,6384.5836,266.0243,0.02244119,0.02154355,266.0243,6384.5836,0.02154355,266.0243,266.0243,266.0243,332.5304,332.5304,6384.5836,0.02154355,1463.1337,1340.2688,5187.4742,5310.3391,0.01750413,0.01791872,0.00089765,16.2655,14.6936,0.3653,59.3804,1.1678,2646.0457,162.5536,12.4780,16.8648,9.0895,16.5695,22.0926,29.825,33.4482,44.5976,11.8163,0.0,2.018664,2.691552,0.981654,30,240,141,4,0.10479828,0.02244119,0.04150452,0E-8,0.000000,0.902668,0.011910,-0.02129501,2026-03-22,2026-08-05,112,5695,2177,137,0.817518,0.739886,0.767145,0.349328,,,,,,,,GLOBAL_BASELINE_NO_ENTITY_RANKING,,,NOT_APPLICABLE_GLOBAL_BASELINE,HF9g-P5,,,,X 全窗基线 · 不参与实体赏罚,14196795,1420,A168_HF9F_20260827_0900,2026-08-27 09:00:00
2026-07-16,110249610,1710,0,27.6157652881,-5.5231530577,-5.5231530577,0.5000000,2,2,0.49324550000000000,0.493245500000,0.01910635448239258,0.01910635448239258,0.01910635448239258,0E-17,ELIGIBLE,R03b_20260811_FULL_v1,L1_ELIGIBILITY,v2026-08-11,2026-03-21..2026-08-06,baccarat_bet02_101_all_pairs_incl_sentinel,round_win = game_pnl > 0 (decisive only),COMPATIBILITY_ONLY_NOT_PRODUCTION,296357.1217,267511.9505,6650.6079,18220,18206,-0.02244119,-0.04150452,-0.02020951,-0.02244119,-6650.6079,296357.1217,OK,0.0000,266.0243,4.0000,96.0000,AG03-UNRESOLVED,ALL5_LEVELS_bet23_to_bet27,266.0243,266.0243,266.0243,332.5304,332.5304,4.000000,4.000000,4.000000,5.000000,5.000000,96.000000,96.000000,96.000000,95.000000,95.000000,5.0,1463.1337,1340.2688,5187.4742,5310.3391,PENDING_AG03,FALSE,NOT_FOR_ENFORCEMENT,6384.5836,256811.4724,6650.6079,6384.5836,266.0243,0.02244119,0.02154355,266.0243,6384.5836,0.02154355,266.0243,266.0243,266.0243,332.5304,332.5304,6384.5836,0.02154355,1463.1337,1340.2688,5187.4742,5310.3391,0.01750413,0.01791872,0.00089765,16.2655,14.6936,0.3653,59.3804,1.1678,2646.0457,162.5536,12.4780,16.8648,9.0895,16.5695,22.0926,29.825,33.4482,44.5976,11.8163,0.0,2.018664,2.691552,0.981654,30,240,141,4,0.10479828,0.02244119,0.04150452,0E-8,0.000000,0.902668,0.011910,-0.02129501,2026-03-22,2026-08-05,112,5695,2177,137,0.817518,0.739886,0.767145,0.349328,,,,,,,,GLOBAL_BASELINE_NO_ENTITY_RANKING,,,NOT_APPLICABLE_GLOBAL_BASELINE,HF9g-P5,,,,X 全窗基线 · 不参与实体赏罚,14196796,1420,A168_HF9F_20260827_0900,2026-08-27 09:00:00
2026-07-16,110249610,2065,0,57.4407917992,-9.7759809120,-9.7759809120,0.5000000,5,5,0.50396966000000000,0.503969660000,-0.0158791404612453,-0.0158791404612453,-0.0158791404612453,0E-17,ELIGIBLE,R03b_20260811_FULL_v1,L1_ELIGIBILITY,v2026-08-11,2026-03-21..2026-08-06,baccarat_bet02_101_all_pairs_incl_sentinel,round_win = game_pnl > 0 (decisive only),COMPATIBILITY_ONLY_NOT_PRODUCTION,296357.1217,267511.9505,6650.6079,18220,18206,-0.02244119,-0.04150452,-0.02020951,-0.02244119,-6650.6079,296357.1217,OK,0.0000,266.0243,4.0000,96.0000,AG03-UNRESOLVED,ALL5_LEVELS_bet23_to_bet27,266.0243,266.0243,266.0243,332.5304,332.5304,4.000000,4.000000,4.000000,5.000000,5.000000,96.000000,96.000000,96.000000,95.000000,95.000000,5.0,1463.1337,1340.2688,5187.4742,5310.3391,PENDING_AG03,FALSE,NOT_FOR_ENFORCEMENT,6384.5836,256811.4724,6650.6079,6384.5836,266.0243,0.02244119,0.02154355,266.0243,6384.5836,0.02154355,266.0243,266.0243,266.0243,332.5304,332.5304,6384.5836,0.02154355,1463.1337,1340.2688,5187.4742,5310.3391,0.01750413,0.01791872,0.00089765,16.2655,14.6936,0.3653,59.3804,1.1678,2646.0457,162.5536,12.4780,16.8648,9.0895,16.5695,22.0926,29.825,33.4482,44.5976,11.8163,0.0,2.018664,2.691552,0.981654,30,240,141,4,0.10479828,0.02244119,0.04150452,0E-8,0.000000,0.902668,0.011910,-0.02129501,2026-03-22,2026-08-05,112,5695,2177,137,0.817518,0.739886,0.767145,0.349328,,,,,,,,GLOBAL_BASELINE_NO_ENTITY_RANKING,,,NOT_APPLICABLE_GLOBAL_BASELINE,HF9g-P5,,,,X 全窗基线 · 不参与实体赏罚,14196797,1420,A168_HF9F_20260827_0900,2026-08-27 09:00:00
2026-07-16,110249610,2103,0,5.5231530576,-5.5231530576,-5.5231530576,0E-7,1,1,0.50665070000000000,0.506650700000,-1.013391052207602,-1.013391052207602,-1.013391052207602,0E-17,ELIGIBLE,R03b_20260811_FULL_v1,L1_ELIGIBILITY,v2026-08-11,2026-03-21..2026-08-06,baccarat_bet02_101_all_pairs_incl_sentinel,round_win = game_pnl > 0 (decisive only),COMPATIBILITY_ONLY_NOT_PRODUCTION,296357.1217,267511.9505,6650.6079,18220,18206,-0.02244119,-0.04150452,-0.02020951,-0.02244119,-6650.6079,296357.1217,OK,0.0000,266.0243,4.0000,96.0000,AG03-UNRESOLVED,ALL5_LEVELS_bet23_to_bet27,266.0243,266.0243,266.0243,332.5304,332.5304,4.000000,4.000000,4.000000,5.000000,5.000000,96.000000,96.000000,96.000000,95.000000,95.000000,5.0,1463.1337,1340.2688,5187.4742,5310.3391,PENDING_AG03,FALSE,NOT_FOR_ENFORCEMENT,6384.5836,256811.4724,6650.6079,6384.5836,266.0243,0.02244119,0.02154355,266.0243,6384.5836,0.02154355,266.0243,266.0243,266.0243,332.5304,332.5304,6384.5836,0.02154355,1463.1337,1340.2688,5187.4742,5310.3391,0.01750413,0.01791872,0.00089765,16.2655,14.6936,0.3653,59.3804,1.1678,2646.0457,162.5536,12.4780,16.8648,9.0895,16.5695,22.0926,29.825,33.4482,44.5976,11.8163,0.0,2.018664,2.691552,0.981654,30,240,141,4,0.10479828,0.02244119,0.04150452,0E-8,0.000000,0.902668,0.011910,-0.02129501,2026-03-22,2026-08-05,112,5695,2177,137,0.817518,0.739886,0.767145,0.349328,,,,,,,,GLOBAL_BASELINE_NO_ENTITY_RANKING,,,NOT_APPLICABLE_GLOBAL_BASELINE,HF9g-P5,,,,X 全窗基线 · 不参与实体赏罚,14196798,1420,A168_HF9F_20260827_0900,2026-08-27 09:00:00
2026-07-16,110249610,2201,0,11.0463061152,-11.0463061152,-11.0463061152,0E-7,1,1,0.49324550000000000,0.493245500000,-0.9865810262130424,-0.9865810262130424,-0.9865810262130424,0E-17,ELIGIBLE,R03b_20260811_FULL_v1,L1_ELIGIBILITY,v2026-08-11,2026-03-21..2026-08-06,baccarat_bet02_101_all_pairs_incl_sentinel,round_win = game_pnl > 0 (decisive only),COMPATIBILITY_ONLY_NOT_PRODUCTION,296357.1217,267511.9505,6650.6079,18220,18206,-0.02244119,-0.04150452,-0.02020951,-0.02244119,-6650.6079,296357.1217,OK,0.0000,266.0243,4.0000,96.0000,AG03-UNRESOLVED,ALL5_LEVELS_bet23_to_bet27,266.0243,266.0243,266.0243,332.5304,332.5304,4.000000,4.000000,4.000000,5.000000,5.000000,96.000000,96.000000,96.000000,95.000000,95.000000,5.0,1463.1337,1340.2688,5187.4742,5310.3391,PENDING_AG03,FALSE,NOT_FOR_ENFORCEMENT,6384.5836,256811.4724,6650.6079,6384.5836,266.0243,0.02244119,0.02154355,266.0243,6384.5836,0.02154355,266.0243,266.0243,266.0243,332.5304,332.5304,6384.5836,0.02154355,1463.1337,1340.2688,5187.4742,5310.3391,0.01750413,0.01791872,0.00089765,16.2655,14.6936,0.3653,59.3804,1.1678,2646.0457,162.5536,12.4780,16.8648,9.0895,16.5695,22.0926,29.825,33.4482,44.5976,11.8163,0.0,2.018664,2.691552,0.981654,30,240,141,4,0.10479828,0.02244119,0.04150452,0E-8,0.000000,0.902668,0.011910,-0.02129501,2026-03-22,2026-08-05,112,5695,2177,137,0.817518,0.739886,0.767145,0.349328,,,,,,,,GLOBAL_BASELINE_NO_ENTITY_RANKING,,,NOT_APPLICABLE_GLOBAL_BASELINE,HF9g-P5,,,,X 全窗基线 · 不参与实体赏罚,14196799,1420,A168_HF9F_20260827_0900,2026-08-27 09:00:00
2026-07-16,110249610,2212,0,37.0051254861,0.5523153058,0.5523153058,0.6666667,4,4,0.49324550000000000,0.493245500000,0.6008033672792107,0.6008033672792106,0.6008033672792107,0E-17,ELIGIBLE,R03b_20260811_FULL_v1,L1_ELIGIBILITY,v2026-08-11,2026-03-21..2026-08-06,baccarat_bet02_101_all_pairs_incl_sentinel,round_win = game_pnl > 0 (decisive only),COMPATIBILITY_ONLY_NOT_PRODUCTION,296357.1217,267511.9505,6650.6079,18220,18206,-0.02244119,-0.04150452,-0.02020951,-0.02244119,-6650.6079,296357.1217,OK,0.0000,266.0243,4.0000,96.0000,AG03-UNRESOLVED,ALL5_LEVELS_bet23_to_bet27,266.0243,266.0243,266.0243,332.5304,332.5304,4.000000,4.000000,4.000000,5.000000,5.000000,96.000000,96.000000,96.000000,95.000000,95.000000,5.0,1463.1337,1340.2688,5187.4742,5310.3391,PENDING_AG03,FALSE,NOT_FOR_ENFORCEMENT,6384.5836,256811.4724,6650.6079,6384.5836,266.0243,0.02244119,0.02154355,266.0243,6384.5836,0.02154355,266.0243,266.0243,266.0243,332.5304,332.5304,6384.5836,0.02154355,1463.1337,1340.2688,5187.4742,5310.3391,0.01750413,0.01791872,0.00089765,16.2655,14.6936,0.3653,59.3804,1.1678,2646.0457,162.5536,12.4780,16.8648,9.0895,16.5695,22.0926,29.825,33.4482,44.5976,11.8163,0.0,2.018664,2.691552,0.981654,30,240,141,4,0.10479828,0.02244119,0.04150452,0E-8,0.000000,0.902668,0.011910,-0.02129501,2026-03-22,2026-08-05,112,5695,2177,137,0.817518,0.739886,0.767145,0.349328,,,,,,,,GLOBAL_BASELINE_NO_ENTITY_RANKING,,,NOT_APPLICABLE_GLOBAL_BASELINE,HF9g-P5,,,,X 全窗基线 · 不参与实体赏罚,14196800,1420,A168_HF9F_20260827_0900,2026-08-27 09:00:00
2026-07-16,110249610,2221,0,2.2092612230,-2.2092612230,-2.2092612230,0E-7,1,1,0.50665070000000000,0.506650700000,-1.013391052207602,-1.013391052207602,-1.013391052207602,0E-17,ELIGIBLE,R03b_20260811_FULL_v1,L1_ELIGIBILITY,v2026-08-11,2026-03-21..2026-08-06,baccarat_bet02_101_all_pairs_incl_sentinel,round_win = game_pnl > 0 (decisive only),COMPATIBILITY_ONLY_NOT_PRODUCTION,296357.1217,267511.9505,6650.6079,18220,18206,-0.02244119,-0.04150452,-0.02020951,-0.02244119,-6650.6079,296357.1217,OK,0.0000,266.0243,4.0000,96.0000,AG03-UNRESOLVED,ALL5_LEVELS_bet23_to_bet27,266.0243,266.0243,266.0243,332.5304,332.5304,4.000000,4.000000,4.000000,5.000000,5.000000,96.000000,96.000000,96.000000,95.000000,95.000000,5.0,1463.1337,1340.2688,5187.4742,5310.3391,PENDING_AG03,FALSE,NOT_FOR_ENFORCEMENT,6384.5836,256811.4724,6650.6079,6384.5836,266.0243,0.02244119,0.02154355,266.0243,6384.5836,0.02154355,266.0243,266.0243,266.0243,332.5304,332.5304,6384.5836,0.02154355,1463.1337,1340.2688,5187.4742,5310.3391,0.01750413,0.01791872,0.00089765,16.2655,14.6936,0.3653,59.3804,1.1678,2646.0457,162.5536,12.4780,16.8648,9.0895,16.5695,22.0926,29.825,33.4482,44.5976,11.8163,0.0,2.018664,2.691552,0.981654,30,240,141,4,0.10479828,0.02244119,0.04150452,0E-8,0.000000,0.902668,0.011910,-0.02129501,2026-03-22,2026-08-05,112,5695,2177,137,0.817518,0.739886,0.767145,0.349328,,,,,,,,GLOBAL_BASELINE_NO_ENTITY_RANKING,,,NOT_APPLICABLE_GLOBAL_BASELINE,HF9g-P5,,,,X 全窗基线 · 不参与实体赏罚,14196801,1420,A168_HF9F_20260827_0900,2026-08-27 09:00:00
2026-07-16,110249610,2222,0,5.5231530576,5.5231530576,5.5231530576,1.0000000,1,1,0.49324550000000000,0.493245500000,1.01360149184955,1.01360149184955,1.01360149184955,0E-17,ELIGIBLE,R03b_20260811_FULL_v1,L1_ELIGIBILITY,v2026-08-11,2026-03-21..2026-08-06,baccarat_bet02_101_all_pairs_incl_sentinel,round_win = game_pnl > 0 (decisive only),COMPATIBILITY_ONLY_NOT_PRODUCTION,296357.1217,267511.9505,6650.6079,18220,18206,-0.02244119,-0.04150452,-0.02020951,-0.02244119,-6650.6079,296357.1217,OK,0.0000,266.0243,4.0000,96.0000,AG03-UNRESOLVED,ALL5_LEVELS_bet23_to_bet27,266.0243,266.0243,266.0243,332.5304,332.5304,4.000000,4.000000,4.000000,5.000000,5.000000,96.000000,96.000000,96.000000,95.000000,95.000000,5.0,1463.1337,1340.2688,5187.4742,5310.3391,PENDING_AG03,FALSE,NOT_FOR_ENFORCEMENT,6384.5836,256811.4724,6650.6079,6384.5836,266.0243,0.02244119,0.02154355,266.0243,6384.5836,0.02154355,266.0243,266.0243,266.0243,332.5304,332.5304,6384.5836,0.02154355,1463.1337,1340.2688,5187.4742,5310.3391,0.01750413,0.01791872,0.00089765,16.2655,14.6936,0.3653,59.3804,1.1678,2646.0457,162.5536,12.4780,16.8648,9.0895,16.5695,22.0926,29.825,33.4482,44.5976,11.8163,0.0,2.018664,2.691552,0.981654,30,240,141,4,0.10479828,0.02244119,0.04150452,0E-8,0.000000,0.902668,0.011910,-0.02129501,2026-03-22,2026-08-05,112,5695,2177,137,0.817518,0.739886,0.767145,0.349328,,,,,,,,GLOBAL_BASELINE_NO_ENTITY_RANKING,,,NOT_APPLICABLE_GLOBAL_BASELINE,HF9g-P5,,,,X 全窗基线 · 不参与实体赏罚,14196802,1420,A168_HF9F_20260827_0900,2026-08-27 09:00:00
2026-07-16,110249610,2230,0,5.5231530576,-5.5231530576,-5.5231530576,0E-7,1,1,0.50665070000000000,0.506650700000,-1.013391052207602,-1.013391052207602,-1.013391052207602,0E-17,ELIGIBLE,R03b_20260811_FULL_v1,L1_ELIGIBILITY,v2026-08-11,2026-03-21..2026-08-06,baccarat_bet02_101_all_pairs_incl_sentinel,round_win = game_pnl > 0 (decisive only),COMPATIBILITY_ONLY_NOT_PRODUCTION,296357.1217,267511.9505,6650.6079,18220,18206,-0.02244119,-0.04150452,-0.02020951,-0.02244119,-6650.6079,296357.1217,OK,0.0000,266.0243,4.0000,96.0000,AG03-UNRESOLVED,ALL5_LEVELS_bet23_to_bet27,266.0243,266.0243,266.0243,332.5304,332.5304,4.000000,4.000000,4.000000,5.000000,5.000000,96.000000,96.000000,96.000000,95.000000,95.000000,5.0,1463.1337,1340.2688,5187.4742,5310.3391,PENDING_AG03,FALSE,NOT_FOR_ENFORCEMENT,6384.5836,256811.4724,6650.6079,6384.5836,266.0243,0.02244119,0.02154355,266.0243,6384.5836,0.02154355,266.0243,266.0243,266.0243,332.5304,332.5304,6384.5836,0.02154355,1463.1337,1340.2688,5187.4742,5310.3391,0.01750413,0.01791872,0.00089765,16.2655,14.6936,0.3653,59.3804,1.1678,2646.0457,162.5536,12.4780,16.8648,9.0895,16.5695,22.0926,29.825,33.4482,44.5976,11.8163,0.0,2.018664,2.691552,0.981654,30,240,141,4,0.10479828,0.02244119,0.04150452,0E-8,0.000000,0.902668,0.011910,-0.02129501,2026-03-22,2026-08-05,112,5695,2177,137,0.817518,0.739886,0.767145,0.349328,,,,,,,,GLOBAL_BASELINE_NO_ENTITY_RANKING,,,NOT_APPLICABLE_GLOBAL_BASELINE,HF9g-P5,,,,X 全窗基线 · 不参与实体赏罚,14196803,1420,A168_HF9F_20260827_0900,2026-08-27 09:00:00
2026-07-16,110249610,2251,0,14.9125132556,-14.9125132556,-14.9125132556,0E-7,1,1,0.50665070000000000,0.506650700000,-1.013391052207602,-1.013391052207602,-1.013391052207602,0E-17,ELIGIBLE,R03b_20260811_FULL_v1,L1_ELIGIBILITY,v2026-08-11,2026-03-21..2026-08-06,baccarat_bet02_101_all_pairs_incl_sentinel,round_win = game_pnl > 0 (decisive only),COMPATIBILITY_ONLY_NOT_PRODUCTION,296357.1217,267511.9505,6650.6079,18220,18206,-0.02244119,-0.04150452,-0.02020951,-0.02244119,-6650.6079,296357.1217,OK,0.0000,266.0243,4.0000,96.0000,AG03-UNRESOLVED,ALL5_LEVELS_bet23_to_bet27,266.0243,266.0243,266.0243,332.5304,332.5304,4.000000,4.000000,4.000000,5.000000,5.000000,96.000000,96.000000,96.000000,95.000000,95.000000,5.0,1463.1337,1340.2688,5187.4742,5310.3391,PENDING_AG03,FALSE,NOT_FOR_ENFORCEMENT,6384.5836,256811.4724,6650.6079,6384.5836,266.0243,0.02244119,0.02154355,266.0243,6384.5836,0.02154355,266.0243,266.0243,266.0243,332.5304,332.5304,6384.5836,0.02154355,1463.1337,1340.2688,5187.4742,5310.3391,0.01750413,0.01791872,0.00089765,16.2655,14.6936,0.3653,59.3804,1.1678,2646.0457,162.5536,12.4780,16.8648,9.0895,16.5695,22.0926,29.825,33.4482,44.5976,11.8163,0.0,2.018664,2.691552,0.981654,30,240,141,4,0.10479828,0.02244119,0.04150452,0E-8,0.000000,0.902668,0.011910,-0.02129501,2026-03-22,2026-08-05,112,5695,2177,137,0.817518,0.739886,0.767145,0.349328,,,,,,,,GLOBAL_BASELINE_NO_ENTITY_RANKING,,,NOT_APPLICABLE_GLOBAL_BASELINE,HF9g-P5,,,,X 全窗基线 · 不参与实体赏罚,14196804,1420,A168_HF9F_20260827_0900,2026-08-27 09:00:00
2026-07-16,110249610,919,0,5.5231530576,5.2469954047,5.2469954047,1.0000000,1,1,0.50665070000000000,0.506650700000,0.9867858985152569,0.9867858985152569,0.9867858985152569,0E-17,ELIGIBLE,R03b_20260811_FULL_v1,L1_ELIGIBILITY,v2026-08-11,2026-03-21..2026-08-06,baccarat_bet02_101_all_pairs_incl_sentinel,round_win = game_pnl > 0 (decisive only),COMPATIBILITY_ONLY_NOT_PRODUCTION,296357.1217,267511.9505,6650.6079,18220,18206,-0.02244119,-0.04150452,-0.02020951,-0.02244119,-6650.6079,296357.1217,OK,0.0000,266.0243,4.0000,96.0000,AG03-UNRESOLVED,ALL5_LEVELS_bet23_to_bet27,266.0243,266.0243,266.0243,332.5304,332.5304,4.000000,4.000000,4.000000,5.000000,5.000000,96.000000,96.000000,96.000000,95.000000,95.000000,5.0,1463.1337,1340.2688,5187.4742,5310.3391,PENDING_AG03,FALSE,NOT_FOR_ENFORCEMENT,6384.5836,256811.4724,6650.6079,6384.5836,266.0243,0.02244119,0.02154355,266.0243,6384.5836,0.02154355,266.0243,266.0243,266.0243,332.5304,332.5304,6384.5836,0.02154355,1463.1337,1340.2688,5187.4742,5310.3391,0.01750413,0.01791872,0.00089765,16.2655,14.6936,0.3653,59.3804,1.1678,2646.0457,162.5536,12.4780,16.8648,9.0895,16.5695,22.0926,29.825,33.4482,44.5976,11.8163,0.0,2.018664,2.691552,0.981654,30,240,141,4,0.10479828,0.02244119,0.04150452,0E-8,0.000000,0.902668,0.011910,-0.02129501,2026-03-22,2026-08-05,112,5695,2177,137,0.817518,0.739886,0.767145,0.349328,,,,,,,,GLOBAL_BASELINE_NO_ENTITY_RANKING,,,NOT_APPLICABLE_GLOBAL_BASELINE,HF9g-P5,,,,X 全窗基线 · 不参与实体赏罚,14196805,1420,A168_HF9F_20260827_0900,2026-08-27 09:00:00
2026-07-17,110249610,-1,1,23.4181689641,-9.0082626369,-9.0082626369,0.2857143,8,8,0.50329940000000000,0.503299400000,-1.1513772709309125,-1.1513772709309127,-1.1513772709309125,0E-17,SENTINEL_DEALER,R03b_20260811_FULL_v1,L1_ELIGIBILITY,v2026-08-11,2026-03-21..2026-08-06,baccarat_bet02_101_all_pairs_incl_sentinel,round_win = game_pnl > 0 (decisive only),COMPATIBILITY_ONLY_NOT_PRODUCTION,296357.1217,267511.9505,6650.6079,18220,18206,-0.02244119,-0.04150452,-0.02020951,-0.02244119,-6650.6079,296357.1217,OK,0.0000,266.0243,4.0000,96.0000,AG03-UNRESOLVED,ALL5_LEVELS_bet23_to_bet27,266.0243,266.0243,266.0243,332.5304,332.5304,4.000000,4.000000,4.000000,5.000000,5.000000,96.000000,96.000000,96.000000,95.000000,95.000000,5.0,1463.1337,1340.2688,5187.4742,5310.3391,PENDING_AG03,FALSE,NOT_FOR_ENFORCEMENT,6384.5836,256811.4724,6650.6079,6384.5836,266.0243,0.02244119,0.02154355,266.0243,6384.5836,0.02154355,266.0243,266.0243,266.0243,332.5304,332.5304,6384.5836,0.02154355,1463.1337,1340.2688,5187.4742,5310.3391,0.01750413,0.01791872,0.00089765,16.2655,14.6936,0.3653,59.3804,1.1678,2646.0457,162.5536,12.4780,16.8648,9.0895,16.5695,22.0926,29.825,33.4482,44.5976,11.8163,0.0,2.018664,2.691552,0.981654,30,240,141,4,0.10479828,0.02244119,0.04150452,0E-8,0.000000,0.902668,0.011910,-0.02129501,2026-03-22,2026-08-05,112,5695,2177,137,0.817518,0.739886,0.767145,0.349328,,,,,,,,GLOBAL_BASELINE_NO_ENTITY_RANKING,,,NOT_APPLICABLE_GLOBAL_BASELINE,HF9g-P5,,,,X 全窗基线 · 不参与实体赏罚,14196806,1420,A168_HF9F_20260827_0900,2026-08-27 09:00:00
2026-07-17,110249610,1645,0,2.2092612230,-2.2092612230,-2.2092612230,0E-7,1,1,0.50665070000000000,0.506650700000,-1.013391052207602,-1.013391052207602,-1.013391052207602,0E-17,ELIGIBLE,R03b_20260811_FULL_v1,L1_ELIGIBILITY,v2026-08-11,2026-03-21..2026-08-06,baccarat_bet02_101_all_pairs_incl_sentinel,round_win = game_pnl > 0 (decisive only),COMPATIBILITY_ONLY_NOT_PRODUCTION,296357.1217,267511.9505,6650.6079,18220,18206,-0.02244119,-0.04150452,-0.02020951,-0.02244119,-6650.6079,296357.1217,OK,0.0000,266.0243,4.0000,96.0000,AG03-UNRESOLVED,ALL5_LEVELS_bet23_to_bet27,266.0243,266.0243,266.0243,332.5304,332.5304,4.000000,4.000000,4.000000,5.000000,5.000000,96.000000,96.000000,96.000000,95.000000,95.000000,5.0,1463.1337,1340.2688,5187.4742,5310.3391,PENDING_AG03,FALSE,NOT_FOR_ENFORCEMENT,6384.5836,256811.4724,6650.6079,6384.5836,266.0243,0.02244119,0.02154355,266.0243,6384.5836,0.02154355,266.0243,266.0243,266.0243,332.5304,332.5304,6384.5836,0.02154355,1463.1337,1340.2688,5187.4742,5310.3391,0.01750413,0.01791872,0.00089765,16.2655,14.6936,0.3653,59.3804,1.1678,2646.0457,162.5536,12.4780,16.8648,9.0895,16.5695,22.0926,29.825,33.4482,44.5976,11.8163,0.0,2.018664,2.691552,0.981654,30,240,141,4,0.10479828,0.02244119,0.04150452,0E-8,0.000000,0.902668,0.011910,-0.02129501,2026-03-22,2026-08-05,112,5695,2177,137,0.817518,0.739886,0.767145,0.349328,,,,,,,,GLOBAL_BASELINE_NO_ENTITY_RANKING,,,NOT_APPLICABLE_GLOBAL_BASELINE,HF9g-P5,,,,X 全窗基线 · 不参与实体赏罚,14196807,1420,A168_HF9F_20260827_0900,2026-08-27 09:00:00
2026-07-17,110249610,2174,0,7.1800989749,-7.1800989749,-7.1800989749,0E-7,1,1,0.49324550000000000,0.493245500000,-0.9865810262130424,-0.9865810262130424,-0.9865810262130424,0E-17,ELIGIBLE,R03b_20260811_FULL_v1,L1_ELIGIBILITY,v2026-08-11,2026-03-21..2026-08-06,baccarat_bet02_101_all_pairs_incl_sentinel,round_win = game_pnl > 0 (decisive only),COMPATIBILITY_ONLY_NOT_PRODUCTION,296357.1217,267511.9505,6650.6079,18220,18206,-0.02244119,-0.04150452,-0.02020951,-0.02244119,-6650.6079,296357.1217,OK,0.0000,266.0243,4.0000,96.0000,AG03-UNRESOLVED,ALL5_LEVELS_bet23_to_bet27,266.0243,266.0243,266.0243,332.5304,332.5304,4.000000,4.000000,4.000000,5.000000,5.000000,96.000000,96.000000,96.000000,95.000000,95.000000,5.0,1463.1337,1340.2688,5187.4742,5310.3391,PENDING_AG03,FALSE,NOT_FOR_ENFORCEMENT,6384.5836,256811.4724,6650.6079,6384.5836,266.0243,0.02244119,0.02154355,266.0243,6384.5836,0.02154355,266.0243,266.0243,266.0243,332.5304,332.5304,6384.5836,0.02154355,1463.1337,1340.2688,5187.4742,5310.3391,0.01750413,0.01791872,0.00089765,16.2655,14.6936,0.3653,59.3804,1.1678,2646.0457,162.5536,12.4780,16.8648,9.0895,16.5695,22.0926,29.825,33.4482,44.5976,11.8163,0.0,2.018664,2.691552,0.981654,30,240,141,4,0.10479828,0.02244119,0.04150452,0E-8,0.000000,0.902668,0.011910,-0.02129501,2026-03-22,2026-08-05,112,5695,2177,137,0.817518,0.739886,0.767145,0.349328,,,,,,,,GLOBAL_BASELINE_NO_ENTITY_RANKING,,,NOT_APPLICABLE_GLOBAL_BASELINE,HF9g-P5,,,,X 全窗基线 · 不参与实体赏罚,14196808,1420,A168_HF9F_20260827_0900,2026-08-27 09:00:00
2026-07-18,110249610,-1,1,882.0475433010,-102.3992576880,-102.3992576880,0.4320988,84,84,0.49915017142857143,0.499150171429,-1.2069270512439607,-1.2069270512516734,-1.2069270512439607,-4.2857E-13,SENTINEL_DEALER,R03b_20260811_FULL_v1,L1_ELIGIBILITY,v2026-08-11,2026-03-21..2026-08-06,baccarat_bet02_101_all_pairs_incl_sentinel,round_win = game_pnl > 0 (decisive only),COMPATIBILITY_ONLY_NOT_PRODUCTION,296357.1217,267511.9505,6650.6079,18220,18206,-0.02244119,-0.04150452,-0.02020951,-0.02244119,-6650.6079,296357.1217,OK,0.0000,266.0243,4.0000,96.0000,AG03-UNRESOLVED,ALL5_LEVELS_bet23_to_bet27,266.0243,266.0243,266.0243,332.5304,332.5304,4.000000,4.000000,4.000000,5.000000,5.000000,96.000000,96.000000,96.000000,95.000000,95.000000,5.0,1463.1337,1340.2688,5187.4742,5310.3391,PENDING_AG03,FALSE,NOT_FOR_ENFORCEMENT,6384.5836,256811.4724,6650.6079,6384.5836,266.0243,0.02244119,0.02154355,266.0243,6384.5836,0.02154355,266.0243,266.0243,266.0243,332.5304,332.5304,6384.5836,0.02154355,1463.1337,1340.2688,5187.4742,5310.3391,0.01750413,0.01791872,0.00089765,16.2655,14.6936,0.3653,59.3804,1.1678,2646.0457,162.5536,12.4780,16.8648,9.0895,16.5695,22.0926,29.825,33.4482,44.5976,11.8163,0.0,2.018664,2.691552,0.981654,30,240,141,4,0.10479828,0.02244119,0.04150452,0E-8,0.000000,0.902668,0.011910,-0.02129501,2026-03-22,2026-08-05,112,5695,2177,137,0.817518,0.739886,0.767145,0.349328,,,,,,,,GLOBAL_BASELINE_NO_ENTITY_RANKING,,,NOT_APPLICABLE_GLOBAL_BASELINE,HF9g-P5,,,,X 全窗基线 · 不参与实体赏罚,14196809,1420,A168_HF9F_20260827_0900,2026-08-27 09:00:00
2026-07-18,110249610,1109,0,48.6037469069,24.6332626370,24.6332626370,0.8000000,5,5,0.50665070000000000,0.506650700000,1.3120140225494112,1.3120140225494112,1.3120140225494112,0E-17,ELIGIBLE,R03b_20260811_FULL_v1,L1_ELIGIBILITY,v2026-08-11,2026-03-21..2026-08-06,baccarat_bet02_101_all_pairs_incl_sentinel,round_win = game_pnl > 0 (decisive only),COMPATIBILITY_ONLY_NOT_PRODUCTION,296357.1217,267511.9505,6650.6079,18220,18206,-0.02244119,-0.04150452,-0.02020951,-0.02244119,-6650.6079,296357.1217,OK,0.0000,266.0243,4.0000,96.0000,AG03-UNRESOLVED,ALL5_LEVELS_bet23_to_bet27,266.0243,266.0243,266.0243,332.5304,332.5304,4.000000,4.000000,4.000000,5.000000,5.000000,96.000000,96.000000,96.000000,95.000000,95.000000,5.0,1463.1337,1340.2688,5187.4742,5310.3391,PENDING_AG03,FALSE,NOT_FOR_ENFORCEMENT,6384.5836,256811.4724,6650.6079,6384.5836,266.0243,0.02244119,0.02154355,266.0243,6384.5836,0.02154355,266.0243,266.0243,266.0243,332.5304,332.5304,6384.5836,0.02154355,1463.1337,1340.2688,5187.4742,5310.3391,0.01750413,0.01791872,0.00089765,16.2655,14.6936,0.3653,59.3804,1.1678,2646.0457,162.5536,12.4780,16.8648,9.0895,16.5695,22.0926,29.825,33.4482,44.5976,11.8163,0.0,2.018664,2.691552,0.981654,30,240,141,4,0.10479828,0.02244119,0.04150452,0E-8,0.000000,0.902668,0.011910,-0.02129501,2026-03-22,2026-08-05,112,5695,2177,137,0.817518,0.739886,0.767145,0.349328,,,,,,,,GLOBAL_BASELINE_NO_ENTITY_RANKING,,,NOT_APPLICABLE_GLOBAL_BASELINE,HF9g-P5,,,,X 全窗基线 · 不参与实体赏罚,14196810,1420,A168_HF9F_20260827_0900,2026-08-27 09:00:00
2026-07-18,110249610,1115,0,7.7324142807,-7.7324142807,-7.7324142807,0E-7,1,1,0.49324550000000000,0.493245500000,-0.9865810262130424,-0.9865810262130424,-0.9865810262130424,0E-17,ELIGIBLE,R03b_20260811_FULL_v1,L1_ELIGIBILITY,v2026-08-11,2026-03-21..2026-08-06,baccarat_bet02_101_all_pairs_incl_sentinel,round_win = game_pnl > 0 (decisive only),COMPATIBILITY_ONLY_NOT_PRODUCTION,296357.1217,267511.9505,6650.6079,18220,18206,-0.02244119,-0.04150452,-0.02020951,-0.02244119,-6650.6079,296357.1217,OK,0.0000,266.0243,4.0000,96.0000,AG03-UNRESOLVED,ALL5_LEVELS_bet23_to_bet27,266.0243,266.0243,266.0243,332.5304,332.5304,4.000000,4.000000,4.000000,5.000000,5.000000,96.000000,96.000000,96.000000,95.000000,95.000000,5.0,1463.1337,1340.2688,5187.4742,5310.3391,PENDING_AG03,FALSE,NOT_FOR_ENFORCEMENT,6384.5836,256811.4724,6650.6079,6384.5836,266.0243,0.02244119,0.02154355,266.0243,6384.5836,0.02154355,266.0243,266.0243,266.0243,332.5304,332.5304,6384.5836,0.02154355,1463.1337,1340.2688,5187.4742,5310.3391,0.01750413,0.01791872,0.00089765,16.2655,14.6936,0.3653,59.3804,1.1678,2646.0457,162.5536,12.4780,16.8648,9.0895,16.5695,22.0926,29.825,33.4482,44.5976,11.8163,0.0,2.018664,2.691552,0.981654,30,240,141,4,0.10479828,0.02244119,0.04150452,0E-8,0.000000,0.902668,0.011910,-0.02129501,2026-03-22,2026-08-05,112,5695,2177,137,0.817518,0.739886,0.767145,0.349328,,,,,,,,GLOBAL_BASELINE_NO_ENTITY_RANKING,,,NOT_APPLICABLE_GLOBAL_BASELINE,HF9g-P5,,,,X 全窗基线 · 不参与实体赏罚,14196811,1420,A168_HF9F_20260827_0900,2026-08-27 09:00:00
2026-07-18,110249610,1302,0,136.9741958290,48.6037469069,48.6037469069,0.8333333,9,9,0.49324550000000000,0.493245500000,1.666235363940442,1.6662353639404415,1.666235363940442,0E-17,ELIGIBLE,R03b_20260811_FULL_v1,L1_ELIGIBILITY,v2026-08-11,2026-03-21..2026-08-06,baccarat_bet02_101_all_pairs_incl_sentinel,round_win = game_pnl > 0 (decisive only),COMPATIBILITY_ONLY_NOT_PRODUCTION,296357.1217,267511.9505,6650.6079,18220,18206,-0.02244119,-0.04150452,-0.02020951,-0.02244119,-6650.6079,296357.1217,OK,0.0000,266.0243,4.0000,96.0000,AG03-UNRESOLVED,ALL5_LEVELS_bet23_to_bet27,266.0243,266.0243,266.0243,332.5304,332.5304,4.000000,4.000000,4.000000,5.000000,5.000000,96.000000,96.000000,96.000000,95.000000,95.000000,5.0,1463.1337,1340.2688,5187.4742,5310.3391,PENDING_AG03,FALSE,NOT_FOR_ENFORCEMENT,6384.5836,256811.4724,6650.6079,6384.5836,266.0243,0.02244119,0.02154355,266.0243,6384.5836,0.02154355,266.0243,266.0243,266.0243,332.5304,332.5304,6384.5836,0.02154355,1463.1337,1340.2688,5187.4742,5310.3391,0.01750413,0.01791872,0.00089765,16.2655,14.6936,0.3653,59.3804,1.1678,2646.0457,162.5536,12.4780,16.8648,9.0895,16.5695,22.0926,29.825,33.4482,44.5976,11.8163,0.0,2.018664,2.691552,0.981654,30,240,141,4,0.10479828,0.02244119,0.04150452,0E-8,0.000000,0.902668,0.011910,-0.02129501,2026-03-22,2026-08-05,112,5695,2177,137,0.817518,0.739886,0.767145,0.349328,,,,,,,,GLOBAL_BASELINE_NO_ENTITY_RANKING,,,NOT_APPLICABLE_GLOBAL_BASELINE,HF9g-P5,,,,X 全窗基线 · 不参与实体赏罚,14196812,1420,A168_HF9F_20260827_0900,2026-08-27 09:00:00
2026-07-18,110249610,1304,0,79.5334040298,-3.8662071404,-3.8662071404,0.4000000,6,6,0.50665070000000000,0.506650700000,-0.4769986289884125,-0.4769986289884125,-0.4769986289884125,0E-17,ELIGIBLE,R03b_20260811_FULL_v1,L1_ELIGIBILITY,v2026-08-11,2026-03-21..2026-08-06,baccarat_bet02_101_all_pairs_incl_sentinel,round_win = game_pnl > 0 (decisive only),COMPATIBILITY_ONLY_NOT_PRODUCTION,296357.1217,267511.9505,6650.6079,18220,18206,-0.02244119,-0.04150452,-0.02020951,-0.02244119,-6650.6079,296357.1217,OK,0.0000,266.0243,4.0000,96.0000,AG03-UNRESOLVED,ALL5_LEVELS_bet23_to_bet27,266.0243,266.0243,266.0243,332.5304,332.5304,4.000000,4.000000,4.000000,5.000000,5.000000,96.000000,96.000000,96.000000,95.000000,95.000000,5.0,1463.1337,1340.2688,5187.4742,5310.3391,PENDING_AG03,FALSE,NOT_FOR_ENFORCEMENT,6384.5836,256811.4724,6650.6079,6384.5836,266.0243,0.02244119,0.02154355,266.0243,6384.5836,0.02154355,266.0243,266.0243,266.0243,332.5304,332.5304,6384.5836,0.02154355,1463.1337,1340.2688,5187.4742,5310.3391,0.01750413,0.01791872,0.00089765,16.2655,14.6936,0.3653,59.3804,1.1678,2646.0457,162.5536,12.4780,16.8648,9.0895,16.5695,22.0926,29.825,33.4482,44.5976,11.8163,0.0,2.018664,2.691552,0.981654,30,240,141,4,0.10479828,0.02244119,0.04150452,0E-8,0.000000,0.902668,0.011910,-0.02129501,2026-03-22,2026-08-05,112,5695,2177,137,0.817518,0.739886,0.767145,0.349328,,,,,,,,GLOBAL_BASELINE_NO_ENTITY_RANKING,,,NOT_APPLICABLE_GLOBAL_BASELINE,HF9g-P5,,,,X 全窗基线 · 不参与实体赏罚,14196813,1420,A168_HF9F_20260827_0900,2026-08-27 09:00:00
2026-07-18,110249610,1306,0,44.1852244610,11.0463061152,11.0463061152,0.6666667,3,3,0.49324550000000000,0.493245500000,0.6008033672792107,0.6008033672792106,0.6008033672792107,0E-17,ELIGIBLE,R03b_20260811_FULL_v1,L1_ELIGIBILITY,v2026-08-11,2026-03-21..2026-08-06,baccarat_bet02_101_all_pairs_incl_sentinel,round_win = game_pnl > 0 (decisive only),COMPATIBILITY_ONLY_NOT_PRODUCTION,296357.1217,267511.9505,6650.6079,18220,18206,-0.02244119,-0.04150452,-0.02020951,-0.02244119,-6650.6079,296357.1217,OK,0.0000,266.0243,4.0000,96.0000,AG03-UNRESOLVED,ALL5_LEVELS_bet23_to_bet27,266.0243,266.0243,266.0243,332.5304,332.5304,4.000000,4.000000,4.000000,5.000000,5.000000,96.000000,96.000000,96.000000,95.000000,95.000000,5.0,1463.1337,1340.2688,5187.4742,5310.3391,PENDING_AG03,FALSE,NOT_FOR_ENFORCEMENT,6384.5836,256811.4724,6650.6079,6384.5836,266.0243,0.02244119,0.02154355,266.0243,6384.5836,0.02154355,266.0243,266.0243,266.0243,332.5304,332.5304,6384.5836,0.02154355,1463.1337,1340.2688,5187.4742,5310.3391,0.01750413,0.01791872,0.00089765,16.2655,14.6936,0.3653,59.3804,1.1678,2646.0457,162.5536,12.4780,16.8648,9.0895,16.5695,22.0926,29.825,33.4482,44.5976,11.8163,0.0,2.018664,2.691552,0.981654,30,240,141,4,0.10479828,0.02244119,0.04150452,0E-8,0.000000,0.902668,0.011910,-0.02129501,2026-03-22,2026-08-05,112,5695,2177,137,0.817518,0.739886,0.767145,0.349328,,,,,,,,GLOBAL_BASELINE_NO_ENTITY_RANKING,,,NOT_APPLICABLE_GLOBAL_BASELINE,HF9g-P5,,,,X 全窗基线 · 不参与实体赏罚,14196814,1420,A168_HF9F_20260827_0900,2026-08-27 09:00:00
2026-07-18,110249610,1382,0,11.0463061152,-11.0463061152,-11.0463061152,0E-7,1,1,0.49324550000000000,0.493245500000,-0.9865810262130424,-0.9865810262130424,-0.9865810262130424,0E-17,ELIGIBLE,R03b_20260811_FULL_v1,L1_ELIGIBILITY,v2026-08-11,2026-03-21..2026-08-06,baccarat_bet02_101_all_pairs_incl_sentinel,round_win = game_pnl > 0 (decisive only),COMPATIBILITY_ONLY_NOT_PRODUCTION,296357.1217,267511.9505,6650.6079,18220,18206,-0.02244119,-0.04150452,-0.02020951,-0.02244119,-6650.6079,296357.1217,OK,0.0000,266.0243,4.0000,96.0000,AG03-UNRESOLVED,ALL5_LEVELS_bet23_to_bet27,266.0243,266.0243,266.0243,332.5304,332.5304,4.000000,4.000000,4.000000,5.000000,5.000000,96.000000,96.000000,96.000000,95.000000,95.000000,5.0,1463.1337,1340.2688,5187.4742,5310.3391,PENDING_AG03,FALSE,NOT_FOR_ENFORCEMENT,6384.5836,256811.4724,6650.6079,6384.5836,266.0243,0.02244119,0.02154355,266.0243,6384.5836,0.02154355,266.0243,266.0243,266.0243,332.5304,332.5304,6384.5836,0.02154355,1463.1337,1340.2688,5187.4742,5310.3391,0.01750413,0.01791872,0.00089765,16.2655,14.6936,0.3653,59.3804,1.1678,2646.0457,162.5536,12.4780,16.8648,9.0895,16.5695,22.0926,29.825,33.4482,44.5976,11.8163,0.0,2.018664,2.691552,0.981654,30,240,141,4,0.10479828,0.02244119,0.04150452,0E-8,0.000000,0.902668,0.011910,-0.02129501,2026-03-22,2026-08-05,112,5695,2177,137,0.817518,0.739886,0.767145,0.349328,,,,,,,,GLOBAL_BASELINE_NO_ENTITY_RANKING,,,NOT_APPLICABLE_GLOBAL_BASELINE,HF9g-P5,,,,X 全窗基线 · 不参与实体赏罚,14196815,1420,A168_HF9F_20260827_0900,2026-08-27 09:00:00
2026-07-18,110249610,1385,0,99.7481442207,52.7902969248,52.7902969248,0.7777778,9,9,0.49920336666666667,0.499203366667,1.6714485881530228,1.6714485881510213,1.6714485881530228,-3.3333E-13,ELIGIBLE,R03b_20260811_FULL_v1,L1_ELIGIBILITY,v2026-08-11,2026-03-21..2026-08-06,baccarat_bet02_101_all_pairs_incl_sentinel,round_win = game_pnl > 0 (decisive only),COMPATIBILITY_ONLY_NOT_PRODUCTION,296357.1217,267511.9505,6650.6079,18220,18206,-0.02244119,-0.04150452,-0.02020951,-0.02244119,-6650.6079,296357.1217,OK,0.0000,266.0243,4.0000,96.0000,AG03-UNRESOLVED,ALL5_LEVELS_bet23_to_bet27,266.0243,266.0243,266.0243,332.5304,332.5304,4.000000,4.000000,4.000000,5.000000,5.000000,96.000000,96.000000,96.000000,95.000000,95.000000,5.0,1463.1337,1340.2688,5187.4742,5310.3391,PENDING_AG03,FALSE,NOT_FOR_ENFORCEMENT,6384.5836,256811.4724,6650.6079,6384.5836,266.0243,0.02244119,0.02154355,266.0243,6384.5836,0.02154355,266.0243,266.0243,266.0243,332.5304,332.5304,6384.5836,0.02154355,1463.1337,1340.2688,5187.4742,5310.3391,0.01750413,0.01791872,0.00089765,16.2655,14.6936,0.3653,59.3804,1.1678,2646.0457,162.5536,12.4780,16.8648,9.0895,16.5695,22.0926,29.825,33.4482,44.5976,11.8163,0.0,2.018664,2.691552,0.981654,30,240,141,4,0.10479828,0.02244119,0.04150452,0E-8,0.000000,0.902668,0.011910,-0.02129501,2026-03-22,2026-08-05,112,5695,2177,137,0.817518,0.739886,0.767145,0.349328,,,,,,,,GLOBAL_BASELINE_NO_ENTITY_RANKING,,,NOT_APPLICABLE_GLOBAL_BASELINE,HF9g-P5,,,,X 全窗基线 · 不参与实体赏罚,14196816,1420,A168_HF9F_20260827_0900,2026-08-27 09:00:00
2026-07-18,110249610,1396,0,43.0805938494,-21.5402969247,-21.5402969247,0.2500000,4,4,0.50665070000000000,0.506650700000,-1.0266936290537745,-1.0266936290537745,-1.0266936290537745,0E-17,ELIGIBLE,R03b_20260811_FULL_v1,L1_ELIGIBILITY,v2026-08-11,2026-03-21..2026-08-06,baccarat_bet02_101_all_pairs_incl_sentinel,round_win = game_pnl > 0 (decisive only),COMPATIBILITY_ONLY_NOT_PRODUCTION,296357.1217,267511.9505,6650.6079,18220,18206,-0.02244119,-0.04150452,-0.02020951,-0.02244119,-6650.6079,296357.1217,OK,0.0000,266.0243,4.0000,96.0000,AG03-UNRESOLVED,ALL5_LEVELS_bet23_to_bet27,266.0243,266.0243,266.0243,332.5304,332.5304,4.000000,4.000000,4.000000,5.000000,5.000000,96.000000,96.000000,96.000000,95.000000,95.000000,5.0,1463.1337,1340.2688,5187.4742,5310.3391,PENDING_AG03,FALSE,NOT_FOR_ENFORCEMENT,6384.5836,256811.4724,6650.6079,6384.5836,266.0243,0.02244119,0.02154355,266.0243,6384.5836,0.02154355,266.0243,266.0243,266.0243,332.5304,332.5304,6384.5836,0.02154355,1463.1337,1340.2688,5187.4742,5310.3391,0.01750413,0.01791872,0.00089765,16.2655,14.6936,0.3653,59.3804,1.1678,2646.0457,162.5536,12.4780,16.8648,9.0895,16.5695,22.0926,29.825,33.4482,44.5976,11.8163,0.0,2.018664,2.691552,0.981654,30,240,141,4,0.10479828,0.02244119,0.04150452,0E-8,0.000000,0.902668,0.011910,-0.02129501,2026-03-22,2026-08-05,112,5695,2177,137,0.817518,0.739886,0.767145,0.349328,,,,,,,,GLOBAL_BASELINE_NO_ENTITY_RANKING,,,NOT_APPLICABLE_GLOBAL_BASELINE,HF9g-P5,,,,X 全窗基线 · 不参与实体赏罚,14196817,1420,A168_HF9F_20260827_0900,2026-08-27 09:00:00
2026-07-18,110249610,1402,0,13.2555673383,-4.4185224461,-4.4185224461,0E-7,2,2,0.50665070000000000,0.506650700000,-1.013391052207602,-1.013391052207602,-1.013391052207602,0E-17,ELIGIBLE,R03b_20260811_FULL_v1,L1_ELIGIBILITY,v2026-08-11,2026-03-21..2026-08-06,baccarat_bet02_101_all_pairs_incl_sentinel,round_win = game_pnl > 0 (decisive only),COMPATIBILITY_ONLY_NOT_PRODUCTION,296357.1217,267511.9505,6650.6079,18220,18206,-0.02244119,-0.04150452,-0.02020951,-0.02244119,-6650.6079,296357.1217,OK,0.0000,266.0243,4.0000,96.0000,AG03-UNRESOLVED,ALL5_LEVELS_bet23_to_bet27,266.0243,266.0243,266.0243,332.5304,332.5304,4.000000,4.000000,4.000000,5.000000,5.000000,96.000000,96.000000,96.000000,95.000000,95.000000,5.0,1463.1337,1340.2688,5187.4742,5310.3391,PENDING_AG03,FALSE,NOT_FOR_ENFORCEMENT,6384.5836,256811.4724,6650.6079,6384.5836,266.0243,0.02244119,0.02154355,266.0243,6384.5836,0.02154355,266.0243,266.0243,266.0243,332.5304,332.5304,6384.5836,0.02154355,1463.1337,1340.2688,5187.4742,5310.3391,0.01750413,0.01791872,0.00089765,16.2655,14.6936,0.3653,59.3804,1.1678,2646.0457,162.5536,12.4780,16.8648,9.0895,16.5695,22.0926,29.825,33.4482,44.5976,11.8163,0.0,2.018664,2.691552,0.981654,30,240,141,4,0.10479828,0.02244119,0.04150452,0E-8,0.000000,0.902668,0.011910,-0.02129501,2026-03-22,2026-08-05,112,5695,2177,137,0.817518,0.739886,0.767145,0.349328,,,,,,,,GLOBAL_BASELINE_NO_ENTITY_RANKING,,,NOT_APPLICABLE_GLOBAL_BASELINE,HF9g-P5,,,,X 全窗基线 · 不参与实体赏罚,14196818,1420,A168_HF9F_20260827_0900,2026-08-27 09:00:00
2026-07-18,110249610,1485,0,5.5231530576,5.5231530576,5.5231530576,1.0000000,1,1,0.49324550000000000,0.493245500000,1.01360149184955,1.01360149184955,1.01360149184955,0E-17,ELIGIBLE,R03b_20260811_FULL_v1,L1_ELIGIBILITY,v2026-08-11,2026-03-21..2026-08-06,baccarat_bet02_101_all_pairs_incl_sentinel,round_win = game_pnl > 0 (decisive only),COMPATIBILITY_ONLY_NOT_PRODUCTION,296357.1217,267511.9505,6650.6079,18220,18206,-0.02244119,-0.04150452,-0.02020951,-0.02244119,-6650.6079,296357.1217,OK,0.0000,266.0243,4.0000,96.0000,AG03-UNRESOLVED,ALL5_LEVELS_bet23_to_bet27,266.0243,266.0243,266.0243,332.5304,332.5304,4.000000,4.000000,4.000000,5.000000,5.000000,96.000000,96.000000,96.000000,95.000000,95.000000,5.0,1463.1337,1340.2688,5187.4742,5310.3391,PENDING_AG03,FALSE,NOT_FOR_ENFORCEMENT,6384.5836,256811.4724,6650.6079,6384.5836,266.0243,0.02244119,0.02154355,266.0243,6384.5836,0.02154355,266.0243,266.0243,266.0243,332.5304,332.5304,6384.5836,0.02154355,1463.1337,1340.2688,5187.4742,5310.3391,0.01750413,0.01791872,0.00089765,16.2655,14.6936,0.3653,59.3804,1.1678,2646.0457,162.5536,12.4780,16.8648,9.0895,16.5695,22.0926,29.825,33.4482,44.5976,11.8163,0.0,2.018664,2.691552,0.981654,30,240,141,4,0.10479828,0.02244119,0.04150452,0E-8,0.000000,0.902668,0.011910,-0.02129501,2026-03-22,2026-08-05,112,5695,2177,137,0.817518,0.739886,0.767145,0.349328,,,,,,,,GLOBAL_BASELINE_NO_ENTITY_RANKING,,,NOT_APPLICABLE_GLOBAL_BASELINE,HF9g-P5,,,,X 全窗基线 · 不参与实体赏罚,14196819,1420,A168_HF9F_20260827_0900,2026-08-27 09:00:00
2026-07-18,110249610,1490,0,9.9416755037,-9.9416755037,-9.9416755037,0E-7,1,1,0.49324550000000000,0.493245500000,-0.9865810262130424,-0.9865810262130424,-0.9865810262130424,0E-17,ELIGIBLE,R03b_20260811_FULL_v1,L1_ELIGIBILITY,v2026-08-11,2026-03-21..2026-08-06,baccarat_bet02_101_all_pairs_incl_sentinel,round_win = game_pnl > 0 (decisive only),COMPATIBILITY_ONLY_NOT_PRODUCTION,296357.1217,267511.9505,6650.6079,18220,18206,-0.02244119,-0.04150452,-0.02020951,-0.02244119,-6650.6079,296357.1217,OK,0.0000,266.0243,4.0000,96.0000,AG03-UNRESOLVED,ALL5_LEVELS_bet23_to_bet27,266.0243,266.0243,266.0243,332.5304,332.5304,4.000000,4.000000,4.000000,5.000000,5.000000,96.000000,96.000000,96.000000,95.000000,95.000000,5.0,1463.1337,1340.2688,5187.4742,5310.3391,PENDING_AG03,FALSE,NOT_FOR_ENFORCEMENT,6384.5836,256811.4724,6650.6079,6384.5836,266.0243,0.02244119,0.02154355,266.0243,6384.5836,0.02154355,266.0243,266.0243,266.0243,332.5304,332.5304,6384.5836,0.02154355,1463.1337,1340.2688,5187.4742,5310.3391,0.01750413,0.01791872,0.00089765,16.2655,14.6936,0.3653,59.3804,1.1678,2646.0457,162.5536,12.4780,16.8648,9.0895,16.5695,22.0926,29.825,33.4482,44.5976,11.8163,0.0,2.018664,2.691552,0.981654,30,240,141,4,0.10479828,0.02244119,0.04150452,0E-8,0.000000,0.902668,0.011910,-0.02129501,2026-03-22,2026-08-05,112,5695,2177,137,0.817518,0.739886,0.767145,0.349328,,,,,,,,GLOBAL_BASELINE_NO_ENTITY_RANKING,,,NOT_APPLICABLE_GLOBAL_BASELINE,HF9g-P5,,,,X 全窗基线 · 不参与实体赏罚,14196820,1420,A168_HF9F_20260827_0900,2026-08-27 09:00:00
2026-07-18,110249610,1507,0,8.9475079533,-0.1159862142,-0.1159862142,0.5000000,2,2,0.50665070000000000,0.506650700000,-0.018812684590367487,-0.018812684590367487,-0.018812684590367487,0E-17,ELIGIBLE,R03b_20260811_FULL_v1,L1_ELIGIBILITY,v2026-08-11,2026-03-21..2026-08-06,baccarat_bet02_101_all_pairs_incl_sentinel,round_win = game_pnl > 0 (decisive only),COMPATIBILITY_ONLY_NOT_PRODUCTION,296357.1217,267511.9505,6650.6079,18220,18206,-0.02244119,-0.04150452,-0.02020951,-0.02244119,-6650.6079,296357.1217,OK,0.0000,266.0243,4.0000,96.0000,AG03-UNRESOLVED,ALL5_LEVELS_bet23_to_bet27,266.0243,266.0243,266.0243,332.5304,332.5304,4.000000,4.000000,4.000000,5.000000,5.000000,96.000000,96.000000,96.000000,95.000000,95.000000,5.0,1463.1337,1340.2688,5187.4742,5310.3391,PENDING_AG03,FALSE,NOT_FOR_ENFORCEMENT,6384.5836,256811.4724,6650.6079,6384.5836,266.0243,0.02244119,0.02154355,266.0243,6384.5836,0.02154355,266.0243,266.0243,266.0243,332.5304,332.5304,6384.5836,0.02154355,1463.1337,1340.2688,5187.4742,5310.3391,0.01750413,0.01791872,0.00089765,16.2655,14.6936,0.3653,59.3804,1.1678,2646.0457,162.5536,12.4780,16.8648,9.0895,16.5695,22.0926,29.825,33.4482,44.5976,11.8163,0.0,2.018664,2.691552,0.981654,30,240,141,4,0.10479828,0.02244119,0.04150452,0E-8,0.000000,0.902668,0.011910,-0.02129501,2026-03-22,2026-08-05,112,5695,2177,137,0.817518,0.739886,0.767145,0.349328,,,,,,,,GLOBAL_BASELINE_NO_ENTITY_RANKING,,,NOT_APPLICABLE_GLOBAL_BASELINE,HF9g-P5,,,,X 全窗基线 · 不参与实体赏罚,14196821,1420,A168_HF9F_20260827_0900,2026-08-27 09:00:00
2026-07-18,110249610,1935,0,71.8009897489,15.4648285613,15.4648285613,0.6666667,6,6,0.49994810000000000,0.499948100000,0.8167508423630434,0.8167508423630434,0.8167508423630434,0E-17,ELIGIBLE,R03b_20260811_FULL_v1,L1_ELIGIBILITY,v2026-08-11,2026-03-21..2026-08-06,baccarat_bet02_101_all_pairs_incl_sentinel,round_win = game_pnl > 0 (decisive only),COMPATIBILITY_ONLY_NOT_PRODUCTION,296357.1217,267511.9505,6650.6079,18220,18206,-0.02244119,-0.04150452,-0.02020951,-0.02244119,-6650.6079,296357.1217,OK,0.0000,266.0243,4.0000,96.0000,AG03-UNRESOLVED,ALL5_LEVELS_bet23_to_bet27,266.0243,266.0243,266.0243,332.5304,332.5304,4.000000,4.000000,4.000000,5.000000,5.000000,96.000000,96.000000,96.000000,95.000000,95.000000,5.0,1463.1337,1340.2688,5187.4742,5310.3391,PENDING_AG03,FALSE,NOT_FOR_ENFORCEMENT,6384.5836,256811.4724,6650.6079,6384.5836,266.0243,0.02244119,0.02154355,266.0243,6384.5836,0.02154355,266.0243,266.0243,266.0243,332.5304,332.5304,6384.5836,0.02154355,1463.1337,1340.2688,5187.4742,5310.3391,0.01750413,0.01791872,0.00089765,16.2655,14.6936,0.3653,59.3804,1.1678,2646.0457,162.5536,12.4780,16.8648,9.0895,16.5695,22.0926,29.825,33.4482,44.5976,11.8163,0.0,2.018664,2.691552,0.981654,30,240,141,4,0.10479828,0.02244119,0.04150452,0E-8,0.000000,0.902668,0.011910,-0.02129501,2026-03-22,2026-08-05,112,5695,2177,137,0.817518,0.739886,0.767145,0.349328,,,,,,,,GLOBAL_BASELINE_NO_ENTITY_RANKING,,,NOT_APPLICABLE_GLOBAL_BASELINE,HF9g-P5,,,,X 全窗基线 · 不参与实体赏罚,14196822,1420,A168_HF9F_20260827_0900,2026-08-27 09:00:00
2026-07-18,110249610,2073,0,33.1389183457,-27.6157652881,-27.6157652881,0E-7,3,3,0.50665070000000000,0.506650700000,-1.4331513700195317,-1.4331513700195317,-1.4331513700195317,0E-17,ELIGIBLE,R03b_20260811_FULL_v1,L1_ELIGIBILITY,v2026-08-11,2026-03-21..2026-08-06,baccarat_bet02_101_all_pairs_incl_sentinel,round_win = game_pnl > 0 (decisive only),COMPATIBILITY_ONLY_NOT_PRODUCTION,296357.1217,267511.9505,6650.6079,18220,18206,-0.02244119,-0.04150452,-0.02020951,-0.02244119,-6650.6079,296357.1217,OK,0.0000,266.0243,4.0000,96.0000,AG03-UNRESOLVED,ALL5_LEVELS_bet23_to_bet27,266.0243,266.0243,266.0243,332.5304,332.5304,4.000000,4.000000,4.000000,5.000000,5.000000,96.000000,96.000000,96.000000,95.000000,95.000000,5.0,1463.1337,1340.2688,5187.4742,5310.3391,PENDING_AG03,FALSE,NOT_FOR_ENFORCEMENT,6384.5836,256811.4724,6650.6079,6384.5836,266.0243,0.02244119,0.02154355,266.0243,6384.5836,0.02154355,266.0243,266.0243,266.0243,332.5304,332.5304,6384.5836,0.02154355,1463.1337,1340.2688,5187.4742,5310.3391,0.01750413,0.01791872,0.00089765,16.2655,14.6936,0.3653,59.3804,1.1678,2646.0457,162.5536,12.4780,16.8648,9.0895,16.5695,22.0926,29.825,33.4482,44.5976,11.8163,0.0,2.018664,2.691552,0.981654,30,240,141,4,0.10479828,0.02244119,0.04150452,0E-8,0.000000,0.902668,0.011910,-0.02129501,2026-03-22,2026-08-05,112,5695,2177,137,0.817518,0.739886,0.767145,0.349328,,,,,,,,GLOBAL_BASELINE_NO_ENTITY_RANKING,,,NOT_APPLICABLE_GLOBAL_BASELINE,HF9g-P5,,,,X 全窗基线 · 不参与实体赏罚,14196823,1420,A168_HF9F_20260827_0900,2026-08-27 09:00:00
2026-07-18,110249610,2101,0,188.3395192644,6.6830152000,6.6830152000,0.5000000,15,15,0.50218230000000000,0.502182300000,-0.01633099338158743,-0.01633099338158743,-0.01633099338158743,0E-17,ELIGIBLE,R03b_20260811_FULL_v1,L1_ELIGIBILITY,v2026-08-11,2026-03-21..2026-08-06,baccarat_bet02_101_all_pairs_incl_sentinel,round_win = game_pnl > 0 (decisive only),COMPATIBILITY_ONLY_NOT_PRODUCTION,296357.1217,267511.9505,6650.6079,18220,18206,-0.02244119,-0.04150452,-0.02020951,-0.02244119,-6650.6079,296357.1217,OK,0.0000,266.0243,4.0000,96.0000,AG03-UNRESOLVED,ALL5_LEVELS_bet23_to_bet27,266.0243,266.0243,266.0243,332.5304,332.5304,4.000000,4.000000,4.000000,5.000000,5.000000,96.000000,96.000000,96.000000,95.000000,95.000000,5.0,1463.1337,1340.2688,5187.4742,5310.3391,PENDING_AG03,FALSE,NOT_FOR_ENFORCEMENT,6384.5836,256811.4724,6650.6079,6384.5836,266.0243,0.02244119,0.02154355,266.0243,6384.5836,0.02154355,266.0243,266.0243,266.0243,332.5304,332.5304,6384.5836,0.02154355,1463.1337,1340.2688,5187.4742,5310.3391,0.01750413,0.01791872,0.00089765,16.2655,14.6936,0.3653,59.3804,1.1678,2646.0457,162.5536,12.4780,16.8648,9.0895,16.5695,22.0926,29.825,33.4482,44.5976,11.8163,0.0,2.018664,2.691552,0.981654,30,240,141,4,0.10479828,0.02244119,0.04150452,0E-8,0.000000,0.902668,0.011910,-0.02129501,2026-03-22,2026-08-05,112,5695,2177,137,0.817518,0.739886,0.767145,0.349328,,,,,,,,GLOBAL_BASELINE_NO_ENTITY_RANKING,,,NOT_APPLICABLE_GLOBAL_BASELINE,HF9g-P5,,,,X 全窗基线 · 不参与实体赏罚,14196824,1420,A168_HF9F_20260827_0900,2026-08-27 09:00:00
2026-07-18,110249610,2106,0,9.3893601979,-5.0813008130,-5.0813008130,0.3333333,3,3,0.50218230000000000,0.502182300000,-0.5849155494134425,-0.5849155494134426,-0.5849155494134425,0E-17,ELIGIBLE,R03b_20260811_FULL_v1,L1_ELIGIBILITY,v2026-08-11,2026-03-21..2026-08-06,baccarat_bet02_101_all_pairs_incl_sentinel,round_win = game_pnl > 0 (decisive only),COMPATIBILITY_ONLY_NOT_PRODUCTION,296357.1217,267511.9505,6650.6079,18220,18206,-0.02244119,-0.04150452,-0.02020951,-0.02244119,-6650.6079,296357.1217,OK,0.0000,266.0243,4.0000,96.0000,AG03-UNRESOLVED,ALL5_LEVELS_bet23_to_bet27,266.0243,266.0243,266.0243,332.5304,332.5304,4.000000,4.000000,4.000000,5.000000,5.000000,96.000000,96.000000,96.000000,95.000000,95.000000,5.0,1463.1337,1340.2688,5187.4742,5310.3391,PENDING_AG03,FALSE,NOT_FOR_ENFORCEMENT,6384.5836,256811.4724,6650.6079,6384.5836,266.0243,0.02244119,0.02154355,266.0243,6384.5836,0.02154355,266.0243,266.0243,266.0243,332.5304,332.5304,6384.5836,0.02154355,1463.1337,1340.2688,5187.4742,5310.3391,0.01750413,0.01791872,0.00089765,16.2655,14.6936,0.3653,59.3804,1.1678,2646.0457,162.5536,12.4780,16.8648,9.0895,16.5695,22.0926,29.825,33.4482,44.5976,11.8163,0.0,2.018664,2.691552,0.981654,30,240,141,4,0.10479828,0.02244119,0.04150452,0E-8,0.000000,0.902668,0.011910,-0.02129501,2026-03-22,2026-08-05,112,5695,2177,137,0.817518,0.739886,0.767145,0.349328,,,,,,,,GLOBAL_BASELINE_NO_ENTITY_RANKING,,,NOT_APPLICABLE_GLOBAL_BASELINE,HF9g-P5,,,,X 全窗基线 · 不参与实体赏罚,14196825,1420,A168_HF9F_20260827_0900,2026-08-27 09:00:00
2026-07-18,110249610,2117,0,50.5920820078,-8.6161187700,-8.6161187700,0.4000000,5,5,0.49324550000000000,0.493245500000,-0.4170446088060018,-0.4170446088060018,-0.4170446088060018,0E-17,ELIGIBLE,R03b_20260811_FULL_v1,L1_ELIGIBILITY,v2026-08-11,2026-03-21..2026-08-06,baccarat_bet02_101_all_pairs_incl_sentinel,round_win = game_pnl > 0 (decisive only),COMPATIBILITY_ONLY_NOT_PRODUCTION,296357.1217,267511.9505,6650.6079,18220,18206,-0.02244119,-0.04150452,-0.02020951,-0.02244119,-6650.6079,296357.1217,OK,0.0000,266.0243,4.0000,96.0000,AG03-UNRESOLVED,ALL5_LEVELS_bet23_to_bet27,266.0243,266.0243,266.0243,332.5304,332.5304,4.000000,4.000000,4.000000,5.000000,5.000000,96.000000,96.000000,96.000000,95.000000,95.000000,5.0,1463.1337,1340.2688,5187.4742,5310.3391,PENDING_AG03,FALSE,NOT_FOR_ENFORCEMENT,6384.5836,256811.4724,6650.6079,6384.5836,266.0243,0.02244119,0.02154355,266.0243,6384.5836,0.02154355,266.0243,266.0243,266.0243,332.5304,332.5304,6384.5836,0.02154355,1463.1337,1340.2688,5187.4742,5310.3391,0.01750413,0.01791872,0.00089765,16.2655,14.6936,0.3653,59.3804,1.1678,2646.0457,162.5536,12.4780,16.8648,9.0895,16.5695,22.0926,29.825,33.4482,44.5976,11.8163,0.0,2.018664,2.691552,0.981654,30,240,141,4,0.10479828,0.02244119,0.04150452,0E-8,0.000000,0.902668,0.011910,-0.02129501,2026-03-22,2026-08-05,112,5695,2177,137,0.817518,0.739886,0.767145,0.349328,,,,,,,,GLOBAL_BASELINE_NO_ENTITY_RANKING,,,NOT_APPLICABLE_GLOBAL_BASELINE,HF9g-P5,,,,X 全窗基线 · 不参与实体赏罚,14196826,1420,A168_HF9F_20260827_0900,2026-08-27 09:00:00
2026-07-18,110249610,2121,0,58.5454224107,20.0766613645,20.0766613645,0.7500000,4,4,0.50665070000000000,0.506650700000,0.9734833216690844,0.9734833216690844,0.9734833216690844,0E-17,ELIGIBLE,R03b_20260811_FULL_v1,L1_ELIGIBILITY,v2026-08-11,2026-03-21..2026-08-06,baccarat_bet02_101_all_pairs_incl_sentinel,round_win = game_pnl > 0 (decisive only),COMPATIBILITY_ONLY_NOT_PRODUCTION,296357.1217,267511.9505,6650.6079,18220,18206,-0.02244119,-0.04150452,-0.02020951,-0.02244119,-6650.6079,296357.1217,OK,0.0000,266.0243,4.0000,96.0000,AG03-UNRESOLVED,ALL5_LEVELS_bet23_to_bet27,266.0243,266.0243,266.0243,332.5304,332.5304,4.000000,4.000000,4.000000,5.000000,5.000000,96.000000,96.000000,96.000000,95.000000,95.000000,5.0,1463.1337,1340.2688,5187.4742,5310.3391,PENDING_AG03,FALSE,NOT_FOR_ENFORCEMENT,6384.5836,256811.4724,6650.6079,6384.5836,266.0243,0.02244119,0.02154355,266.0243,6384.5836,0.02154355,266.0243,266.0243,266.0243,332.5304,332.5304,6384.5836,0.02154355,1463.1337,1340.2688,5187.4742,5310.3391,0.01750413,0.01791872,0.00089765,16.2655,14.6936,0.3653,59.3804,1.1678,2646.0457,162.5536,12.4780,16.8648,9.0895,16.5695,22.0926,29.825,33.4482,44.5976,11.8163,0.0,2.018664,2.691552,0.981654,30,240,141,4,0.10479828,0.02244119,0.04150452,0E-8,0.000000,0.902668,0.011910,-0.02129501,2026-03-22,2026-08-05,112,5695,2177,137,0.817518,0.739886,0.767145,0.349328,,,,,,,,GLOBAL_BASELINE_NO_ENTITY_RANKING,,,NOT_APPLICABLE_GLOBAL_BASELINE,HF9g-P5,,,,X 全窗基线 · 不参与实体赏罚,14196827,1420,A168_HF9F_20260827_0900,2026-08-27 09:00:00
2026-07-18,110249610,2127,0,16.5694591729,-16.5694591729,-16.5694591729,0E-7,1,1,0.49324550000000000,0.493245500000,-0.9865810262130424,-0.9865810262130424,-0.9865810262130424,0E-17,ELIGIBLE,R03b_20260811_FULL_v1,L1_ELIGIBILITY,v2026-08-11,2026-03-21..2026-08-06,baccarat_bet02_101_all_pairs_incl_sentinel,round_win = game_pnl > 0 (decisive only),COMPATIBILITY_ONLY_NOT_PRODUCTION,296357.1217,267511.9505,6650.6079,18220,18206,-0.02244119,-0.04150452,-0.02020951,-0.02244119,-6650.6079,296357.1217,OK,0.0000,266.0243,4.0000,96.0000,AG03-UNRESOLVED,ALL5_LEVELS_bet23_to_bet27,266.0243,266.0243,266.0243,332.5304,332.5304,4.000000,4.000000,4.000000,5.000000,5.000000,96.000000,96.000000,96.000000,95.000000,95.000000,5.0,1463.1337,1340.2688,5187.4742,5310.3391,PENDING_AG03,FALSE,NOT_FOR_ENFORCEMENT,6384.5836,256811.4724,6650.6079,6384.5836,266.0243,0.02244119,0.02154355,266.0243,6384.5836,0.02154355,266.0243,266.0243,266.0243,332.5304,332.5304,6384.5836,0.02154355,1463.1337,1340.2688,5187.4742,5310.3391,0.01750413,0.01791872,0.00089765,16.2655,14.6936,0.3653,59.3804,1.1678,2646.0457,162.5536,12.4780,16.8648,9.0895,16.5695,22.0926,29.825,33.4482,44.5976,11.8163,0.0,2.018664,2.691552,0.981654,30,240,141,4,0.10479828,0.02244119,0.04150452,0E-8,0.000000,0.902668,0.011910,-0.02129501,2026-03-22,2026-08-05,112,5695,2177,137,0.817518,0.739886,0.767145,0.349328,,,,,,,,GLOBAL_BASELINE_NO_ENTITY_RANKING,,,NOT_APPLICABLE_GLOBAL_BASELINE,HF9g-P5,,,,X 全窗基线 · 不参与实体赏罚,14196828,1420,A168_HF9F_20260827_0900,2026-08-27 09:00:00
2026-07-18,110249610,2134,0,38.6620714032,-27.6157652880,-27.6157652880,0E-7,4,4,0.49994810000000000,0.499948100000,-1.7318710300250217,-1.7318710300250217,-1.7318710300250217,0E-17,ELIGIBLE,R03b_20260811_FULL_v1,L1_ELIGIBILITY,v2026-08-11,2026-03-21..2026-08-06,baccarat_bet02_101_all_pairs_incl_sentinel,round_win = game_pnl > 0 (decisive only),COMPATIBILITY_ONLY_NOT_PRODUCTION,296357.1217,267511.9505,6650.6079,18220,18206,-0.02244119,-0.04150452,-0.02020951,-0.02244119,-6650.6079,296357.1217,OK,0.0000,266.0243,4.0000,96.0000,AG03-UNRESOLVED,ALL5_LEVELS_bet23_to_bet27,266.0243,266.0243,266.0243,332.5304,332.5304,4.000000,4.000000,4.000000,5.000000,5.000000,96.000000,96.000000,96.000000,95.000000,95.000000,5.0,1463.1337,1340.2688,5187.4742,5310.3391,PENDING_AG03,FALSE,NOT_FOR_ENFORCEMENT,6384.5836,256811.4724,6650.6079,6384.5836,266.0243,0.02244119,0.02154355,266.0243,6384.5836,0.02154355,266.0243,266.0243,266.0243,332.5304,332.5304,6384.5836,0.02154355,1463.1337,1340.2688,5187.4742,5310.3391,0.01750413,0.01791872,0.00089765,16.2655,14.6936,0.3653,59.3804,1.1678,2646.0457,162.5536,12.4780,16.8648,9.0895,16.5695,22.0926,29.825,33.4482,44.5976,11.8163,0.0,2.018664,2.691552,0.981654,30,240,141,4,0.10479828,0.02244119,0.04150452,0E-8,0.000000,0.902668,0.011910,-0.02129501,2026-03-22,2026-08-05,112,5695,2177,137,0.817518,0.739886,0.767145,0.349328,,,,,,,,GLOBAL_BASELINE_NO_ENTITY_RANKING,,,NOT_APPLICABLE_GLOBAL_BASELINE,HF9g-P5,,,,X 全窗基线 · 不参与实体赏罚,14196829,1420,A168_HF9F_20260827_0900,2026-08-27 09:00:00
2026-07-18,110249610,2156,0,103.8352774833,8.8646606573,8.8646606573,0.5714286,8,8,0.50162375000000000,0.501623750000,0.36937434338991915,0.36937434338991915,0.36937434338991915,0E-17,ELIGIBLE,R03b_20260811_FULL_v1,L1_ELIGIBILITY,v2026-08-11,2026-03-21..2026-08-06,baccarat_bet02_101_all_pairs_incl_sentinel,round_win = game_pnl > 0 (decisive only),COMPATIBILITY_ONLY_NOT_PRODUCTION,296357.1217,267511.9505,6650.6079,18220,18206,-0.02244119,-0.04150452,-0.02020951,-0.02244119,-6650.6079,296357.1217,OK,0.0000,266.0243,4.0000,96.0000,AG03-UNRESOLVED,ALL5_LEVELS_bet23_to_bet27,266.0243,266.0243,266.0243,332.5304,332.5304,4.000000,4.000000,4.000000,5.000000,5.000000,96.000000,96.000000,96.000000,95.000000,95.000000,5.0,1463.1337,1340.2688,5187.4742,5310.3391,PENDING_AG03,FALSE,NOT_FOR_ENFORCEMENT,6384.5836,256811.4724,6650.6079,6384.5836,266.0243,0.02244119,0.02154355,266.0243,6384.5836,0.02154355,266.0243,266.0243,266.0243,332.5304,332.5304,6384.5836,0.02154355,1463.1337,1340.2688,5187.4742,5310.3391,0.01750413,0.01791872,0.00089765,16.2655,14.6936,0.3653,59.3804,1.1678,2646.0457,162.5536,12.4780,16.8648,9.0895,16.5695,22.0926,29.825,33.4482,44.5976,11.8163,0.0,2.018664,2.691552,0.981654,30,240,141,4,0.10479828,0.02244119,0.04150452,0E-8,0.000000,0.902668,0.011910,-0.02129501,2026-03-22,2026-08-05,112,5695,2177,137,0.817518,0.739886,0.767145,0.349328,,,,,,,,GLOBAL_BASELINE_NO_ENTITY_RANKING,,,NOT_APPLICABLE_GLOBAL_BASELINE,HF9g-P5,,,,X 全窗基线 · 不参与实体赏罚,14196830,1420,A168_HF9F_20260827_0900,2026-08-27 09:00:00
2026-07-18,110249610,2160,0,32.0342877341,-20.9879816189,-20.9879816189,0E-7,4,4,0.50329940000000000,0.503299400000,-1.743518224870635,-1.743518224870635,-1.743518224870635,0E-17,ELIGIBLE,R03b_20260811_FULL_v1,L1_ELIGIBILITY,v2026-08-11,2026-03-21..2026-08-06,baccarat_bet02_101_all_pairs_incl_sentinel,round_win = game_pnl > 0 (decisive only),COMPATIBILITY_ONLY_NOT_PRODUCTION,296357.1217,267511.9505,6650.6079,18220,18206,-0.02244119,-0.04150452,-0.02020951,-0.02244119,-6650.6079,296357.1217,OK,0.0000,266.0243,4.0000,96.0000,AG03-UNRESOLVED,ALL5_LEVELS_bet23_to_bet27,266.0243,266.0243,266.0243,332.5304,332.5304,4.000000,4.000000,4.000000,5.000000,5.000000,96.000000,96.000000,96.000000,95.000000,95.000000,5.0,1463.1337,1340.2688,5187.4742,5310.3391,PENDING_AG03,FALSE,NOT_FOR_ENFORCEMENT,6384.5836,256811.4724,6650.6079,6384.5836,266.0243,0.02244119,0.02154355,266.0243,6384.5836,0.02154355,266.0243,266.0243,266.0243,332.5304,332.5304,6384.5836,0.02154355,1463.1337,1340.2688,5187.4742,5310.3391,0.01750413,0.01791872,0.00089765,16.2655,14.6936,0.3653,59.3804,1.1678,2646.0457,162.5536,12.4780,16.8648,9.0895,16.5695,22.0926,29.825,33.4482,44.5976,11.8163,0.0,2.018664,2.691552,0.981654,30,240,141,4,0.10479828,0.02244119,0.04150452,0E-8,0.000000,0.902668,0.011910,-0.02129501,2026-03-22,2026-08-05,112,5695,2177,137,0.817518,0.739886,0.767145,0.349328,,,,,,,,GLOBAL_BASELINE_NO_ENTITY_RANKING,,,NOT_APPLICABLE_GLOBAL_BASELINE,HF9g-P5,,,,X 全窗基线 · 不参与实体赏罚,14196831,1420,A168_HF9F_20260827_0900,2026-08-27 09:00:00
2026-07-18,110249610,2220,0,59.0977377165,17.1217744787,17.1217744787,0.6666667,3,3,0.49324550000000000,0.493245500000,0.6008033672792107,0.6008033672792106,0.6008033672792107,0E-17,ELIGIBLE,R03b_20260811_FULL_v1,L1_ELIGIBILITY,v2026-08-11,2026-03-21..2026-08-06,baccarat_bet02_101_all_pairs_incl_sentinel,round_win = game_pnl > 0 (decisive only),COMPATIBILITY_ONLY_NOT_PRODUCTION,296357.1217,267511.9505,6650.6079,18220,18206,-0.02244119,-0.04150452,-0.02020951,-0.02244119,-6650.6079,296357.1217,OK,0.0000,266.0243,4.0000,96.0000,AG03-UNRESOLVED,ALL5_LEVELS_bet23_to_bet27,266.0243,266.0243,266.0243,332.5304,332.5304,4.000000,4.000000,4.000000,5.000000,5.000000,96.000000,96.000000,96.000000,95.000000,95.000000,5.0,1463.1337,1340.2688,5187.4742,5310.3391,PENDING_AG03,FALSE,NOT_FOR_ENFORCEMENT,6384.5836,256811.4724,6650.6079,6384.5836,266.0243,0.02244119,0.02154355,266.0243,6384.5836,0.02154355,266.0243,266.0243,266.0243,332.5304,332.5304,6384.5836,0.02154355,1463.1337,1340.2688,5187.4742,5310.3391,0.01750413,0.01791872,0.00089765,16.2655,14.6936,0.3653,59.3804,1.1678,2646.0457,162.5536,12.4780,16.8648,9.0895,16.5695,22.0926,29.825,33.4482,44.5976,11.8163,0.0,2.018664,2.691552,0.981654,30,240,141,4,0.10479828,0.02244119,0.04150452,0E-8,0.000000,0.902668,0.011910,-0.02129501,2026-03-22,2026-08-05,112,5695,2177,137,0.817518,0.739886,0.767145,0.349328,,,,,,,,GLOBAL_BASELINE_NO_ENTITY_RANKING,,,NOT_APPLICABLE_GLOBAL_BASELINE,HF9g-P5,,,,X 全窗基线 · 不参与实体赏罚,14196832,1420,A168_HF9F_20260827_0900,2026-08-27 09:00:00
2026-07-18,110249610,2222,0,39.1039236479,5.9650053021,5.9650053021,0.6666667,3,3,0.49324550000000000,0.493245500000,0.6008033672792107,0.6008033672792106,0.6008033672792107,0E-17,ELIGIBLE,R03b_20260811_FULL_v1,L1_ELIGIBILITY,v2026-08-11,2026-03-21..2026-08-06,baccarat_bet02_101_all_pairs_incl_sentinel,round_win = game_pnl > 0 (decisive only),COMPATIBILITY_ONLY_NOT_PRODUCTION,296357.1217,267511.9505,6650.6079,18220,18206,-0.02244119,-0.04150452,-0.02020951,-0.02244119,-6650.6079,296357.1217,OK,0.0000,266.0243,4.0000,96.0000,AG03-UNRESOLVED,ALL5_LEVELS_bet23_to_bet27,266.0243,266.0243,266.0243,332.5304,332.5304,4.000000,4.000000,4.000000,5.000000,5.000000,96.000000,96.000000,96.000000,95.000000,95.000000,5.0,1463.1337,1340.2688,5187.4742,5310.3391,PENDING_AG03,FALSE,NOT_FOR_ENFORCEMENT,6384.5836,256811.4724,6650.6079,6384.5836,266.0243,0.02244119,0.02154355,266.0243,6384.5836,0.02154355,266.0243,266.0243,266.0243,332.5304,332.5304,6384.5836,0.02154355,1463.1337,1340.2688,5187.4742,5310.3391,0.01750413,0.01791872,0.00089765,16.2655,14.6936,0.3653,59.3804,1.1678,2646.0457,162.5536,12.4780,16.8648,9.0895,16.5695,22.0926,29.825,33.4482,44.5976,11.8163,0.0,2.018664,2.691552,0.981654,30,240,141,4,0.10479828,0.02244119,0.04150452,0E-8,0.000000,0.902668,0.011910,-0.02129501,2026-03-22,2026-08-05,112,5695,2177,137,0.817518,0.739886,0.767145,0.349328,,,,,,,,GLOBAL_BASELINE_NO_ENTITY_RANKING,,,NOT_APPLICABLE_GLOBAL_BASELINE,HF9g-P5,,,,X 全窗基线 · 不参与实体赏罚,14196833,1420,A168_HF9F_20260827_0900,2026-08-27 09:00:00
2026-07-18,110249610,2223,0,70.6963591375,14.6915871333,14.6915871333,0.6000000,5,5,0.49860758000000000,0.498607580000,0.4534424453485946,0.4534424453485946,0.4534424453485946,0E-17,ELIGIBLE,R03b_20260811_FULL_v1,L1_ELIGIBILITY,v2026-08-11,2026-03-21..2026-08-06,baccarat_bet02_101_all_pairs_incl_sentinel,round_win = game_pnl > 0 (decisive only),COMPATIBILITY_ONLY_NOT_PRODUCTION,296357.1217,267511.9505,6650.6079,18220,18206,-0.02244119,-0.04150452,-0.02020951,-0.02244119,-6650.6079,296357.1217,OK,0.0000,266.0243,4.0000,96.0000,AG03-UNRESOLVED,ALL5_LEVELS_bet23_to_bet27,266.0243,266.0243,266.0243,332.5304,332.5304,4.000000,4.000000,4.000000,5.000000,5.000000,96.000000,96.000000,96.000000,95.000000,95.000000,5.0,1463.1337,1340.2688,5187.4742,5310.3391,PENDING_AG03,FALSE,NOT_FOR_ENFORCEMENT,6384.5836,256811.4724,6650.6079,6384.5836,266.0243,0.02244119,0.02154355,266.0243,6384.5836,0.02154355,266.0243,266.0243,266.0243,332.5304,332.5304,6384.5836,0.02154355,1463.1337,1340.2688,5187.4742,5310.3391,0.01750413,0.01791872,0.00089765,16.2655,14.6936,0.3653,59.3804,1.1678,2646.0457,162.5536,12.4780,16.8648,9.0895,16.5695,22.0926,29.825,33.4482,44.5976,11.8163,0.0,2.018664,2.691552,0.981654,30,240,141,4,0.10479828,0.02244119,0.04150452,0E-8,0.000000,0.902668,0.011910,-0.02129501,2026-03-22,2026-08-05,112,5695,2177,137,0.817518,0.739886,0.767145,0.349328,,,,,,,,GLOBAL_BASELINE_NO_ENTITY_RANKING,,,NOT_APPLICABLE_GLOBAL_BASELINE,HF9g-P5,,,,X 全窗基线 · 不参与实体赏罚,14196834,1420,A168_HF9F_20260827_0900,2026-08-27 09:00:00
2026-07-18,110249610,2250,0,22.0926122304,-22.0926122304,-22.0926122304,0E-7,2,2,0.50665070000000000,0.506650700000,-1.4331513700195317,-1.4331513700195317,-1.4331513700195317,0E-17,ELIGIBLE,R03b_20260811_FULL_v1,L1_ELIGIBILITY,v2026-08-11,2026-03-21..2026-08-06,baccarat_bet02_101_all_pairs_incl_sentinel,round_win = game_pnl > 0 (decisive only),COMPATIBILITY_ONLY_NOT_PRODUCTION,296357.1217,267511.9505,6650.6079,18220,18206,-0.02244119,-0.04150452,-0.02020951,-0.02244119,-6650.6079,296357.1217,OK,0.0000,266.0243,4.0000,96.0000,AG03-UNRESOLVED,ALL5_LEVELS_bet23_to_bet27,266.0243,266.0243,266.0243,332.5304,332.5304,4.000000,4.000000,4.000000,5.000000,5.000000,96.000000,96.000000,96.000000,95.000000,95.000000,5.0,1463.1337,1340.2688,5187.4742,5310.3391,PENDING_AG03,FALSE,NOT_FOR_ENFORCEMENT,6384.5836,256811.4724,6650.6079,6384.5836,266.0243,0.02244119,0.02154355,266.0243,6384.5836,0.02154355,266.0243,266.0243,266.0243,332.5304,332.5304,6384.5836,0.02154355,1463.1337,1340.2688,5187.4742,5310.3391,0.01750413,0.01791872,0.00089765,16.2655,14.6936,0.3653,59.3804,1.1678,2646.0457,162.5536,12.4780,16.8648,9.0895,16.5695,22.0926,29.825,33.4482,44.5976,11.8163,0.0,2.018664,2.691552,0.981654,30,240,141,4,0.10479828,0.02244119,0.04150452,0E-8,0.000000,0.902668,0.011910,-0.02129501,2026-03-22,2026-08-05,112,5695,2177,137,0.817518,0.739886,0.767145,0.349328,,,,,,,,GLOBAL_BASELINE_NO_ENTITY_RANKING,,,NOT_APPLICABLE_GLOBAL_BASELINE,HF9g-P5,,,,X 全窗基线 · 不参与实体赏罚,14196835,1420,A168_HF9F_20260827_0900,2026-08-27 09:00:00
2026-07-18,110249610,2256,0,27.6157652880,-16.5694591728,-16.5694591728,0E-7,3,3,0.50665070000000000,0.506650700000,-1.4331513700195317,-1.4331513700195317,-1.4331513700195317,0E-17,ELIGIBLE,R03b_20260811_FULL_v1,L1_ELIGIBILITY,v2026-08-11,2026-03-21..2026-08-06,baccarat_bet02_101_all_pairs_incl_sentinel,round_win = game_pnl > 0 (decisive only),COMPATIBILITY_ONLY_NOT_PRODUCTION,296357.1217,267511.9505,6650.6079,18220,18206,-0.02244119,-0.04150452,-0.02020951,-0.02244119,-6650.6079,296357.1217,OK,0.0000,266.0243,4.0000,96.0000,AG03-UNRESOLVED,ALL5_LEVELS_bet23_to_bet27,266.0243,266.0243,266.0243,332.5304,332.5304,4.000000,4.000000,4.000000,5.000000,5.000000,96.000000,96.000000,96.000000,95.000000,95.000000,5.0,1463.1337,1340.2688,5187.4742,5310.3391,PENDING_AG03,FALSE,NOT_FOR_ENFORCEMENT,6384.5836,256811.4724,6650.6079,6384.5836,266.0243,0.02244119,0.02154355,266.0243,6384.5836,0.02154355,266.0243,266.0243,266.0243,332.5304,332.5304,6384.5836,0.02154355,1463.1337,1340.2688,5187.4742,5310.3391,0.01750413,0.01791872,0.00089765,16.2655,14.6936,0.3653,59.3804,1.1678,2646.0457,162.5536,12.4780,16.8648,9.0895,16.5695,22.0926,29.825,33.4482,44.5976,11.8163,0.0,2.018664,2.691552,0.981654,30,240,141,4,0.10479828,0.02244119,0.04150452,0E-8,0.000000,0.902668,0.011910,-0.02129501,2026-03-22,2026-08-05,112,5695,2177,137,0.817518,0.739886,0.767145,0.349328,,,,,,,,GLOBAL_BASELINE_NO_ENTITY_RANKING,,,NOT_APPLICABLE_GLOBAL_BASELINE,HF9g-P5,,,,X 全窗基线 · 不参与实体赏罚,14196836,1420,A168_HF9F_20260827_0900,2026-08-27 09:00:00
2026-07-18,110249610,2258,0,5.9650053022,0E-10,0E-10,,1,1,0.49324550000000000,0.493245500000,,,,0E-17,NO_DECISIVE_ROUND,R03b_20260811_FULL_v1,L1_ELIGIBILITY,v2026-08-11,2026-03-21..2026-08-06,baccarat_bet02_101_all_pairs_incl_sentinel,round_win = game_pnl > 0 (decisive only),COMPATIBILITY_ONLY_NOT_PRODUCTION,296357.1217,267511.9505,6650.6079,18220,18206,-0.02244119,-0.04150452,-0.02020951,-0.02244119,-6650.6079,296357.1217,OK,0.0000,266.0243,4.0000,96.0000,AG03-UNRESOLVED,ALL5_LEVELS_bet23_to_bet27,266.0243,266.0243,266.0243,332.5304,332.5304,4.000000,4.000000,4.000000,5.000000,5.000000,96.000000,96.000000,96.000000,95.000000,95.000000,5.0,1463.1337,1340.2688,5187.4742,5310.3391,PENDING_AG03,FALSE,NOT_FOR_ENFORCEMENT,6384.5836,256811.4724,6650.6079,6384.5836,266.0243,0.02244119,0.02154355,266.0243,6384.5836,0.02154355,266.0243,266.0243,266.0243,332.5304,332.5304,6384.5836,0.02154355,1463.1337,1340.2688,5187.4742,5310.3391,0.01750413,0.01791872,0.00089765,16.2655,14.6936,0.3653,59.3804,1.1678,2646.0457,162.5536,12.4780,16.8648,9.0895,16.5695,22.0926,29.825,33.4482,44.5976,11.8163,0.0,2.018664,2.691552,0.981654,30,240,141,4,0.10479828,0.02244119,0.04150452,0E-8,0.000000,0.902668,0.011910,-0.02129501,2026-03-22,2026-08-05,112,5695,2177,137,0.817518,0.739886,0.767145,0.349328,,,,,,,,GLOBAL_BASELINE_NO_ENTITY_RANKING,,,NOT_APPLICABLE_GLOBAL_BASELINE,HF9g-P5,,,,X 全窗基线 · 不参与实体赏罚,14196837,1420,A168_HF9F_20260827_0900,2026-08-27 09:00:00
2026-07-18,110249610,2280,0,48.6037469069,9.3893601980,9.3893601980,0.5000000,4,4,0.50329940000000000,0.503299400000,-0.009332315641528947,-0.009332315641528947,-0.009332315641528947,0E-17,ELIGIBLE,R03b_20260811_FULL_v1,L1_ELIGIBILITY,v2026-08-11,2026-03-21..2026-08-06,baccarat_bet02_101_all_pairs_incl_sentinel,round_win = game_pnl > 0 (decisive only),COMPATIBILITY_ONLY_NOT_PRODUCTION,296357.1217,267511.9505,6650.6079,18220,18206,-0.02244119,-0.04150452,-0.02020951,-0.02244119,-6650.6079,296357.1217,OK,0.0000,266.0243,4.0000,96.0000,AG03-UNRESOLVED,ALL5_LEVELS_bet23_to_bet27,266.0243,266.0243,266.0243,332.5304,332.5304,4.000000,4.000000,4.000000,5.000000,5.000000,96.000000,96.000000,96.000000,95.000000,95.000000,5.0,1463.1337,1340.2688,5187.4742,5310.3391,PENDING_AG03,FALSE,NOT_FOR_ENFORCEMENT,6384.5836,256811.4724,6650.6079,6384.5836,266.0243,0.02244119,0.02154355,266.0243,6384.5836,0.02154355,266.0243,266.0243,266.0243,332.5304,332.5304,6384.5836,0.02154355,1463.1337,1340.2688,5187.4742,5310.3391,0.01750413,0.01791872,0.00089765,16.2655,14.6936,0.3653,59.3804,1.1678,2646.0457,162.5536,12.4780,16.8648,9.0895,16.5695,22.0926,29.825,33.4482,44.5976,11.8163,0.0,2.018664,2.691552,0.981654,30,240,141,4,0.10479828,0.02244119,0.04150452,0E-8,0.000000,0.902668,0.011910,-0.02129501,2026-03-22,2026-08-05,112,5695,2177,137,0.817518,0.739886,0.767145,0.349328,,,,,,,,GLOBAL_BASELINE_NO_ENTITY_RANKING,,,NOT_APPLICABLE_GLOBAL_BASELINE,HF9g-P5,,,,X 全窗基线 · 不参与实体赏罚,14196838,1420,A168_HF9F_20260827_0900,2026-08-27 09:00:00
2026-07-18,110249610,2289,0,82.8472958644,-28.1680805939,-28.1680805939,0.3333333,6,6,0.49771390000000000,0.497713900000,-0.8053054414300617,-0.8053054414300617,-0.8053054414300617,0E-17,ELIGIBLE,R03b_20260811_FULL_v1,L1_ELIGIBILITY,v2026-08-11,2026-03-21..2026-08-06,baccarat_bet02_101_all_pairs_incl_sentinel,round_win = game_pnl > 0 (decisive only),COMPATIBILITY_ONLY_NOT_PRODUCTION,296357.1217,267511.9505,6650.6079,18220,18206,-0.02244119,-0.04150452,-0.02020951,-0.02244119,-6650.6079,296357.1217,OK,0.0000,266.0243,4.0000,96.0000,AG03-UNRESOLVED,ALL5_LEVELS_bet23_to_bet27,266.0243,266.0243,266.0243,332.5304,332.5304,4.000000,4.000000,4.000000,5.000000,5.000000,96.000000,96.000000,96.000000,95.000000,95.000000,5.0,1463.1337,1340.2688,5187.4742,5310.3391,PENDING_AG03,FALSE,NOT_FOR_ENFORCEMENT,6384.5836,256811.4724,6650.6079,6384.5836,266.0243,0.02244119,0.02154355,266.0243,6384.5836,0.02154355,266.0243,266.0243,266.0243,332.5304,332.5304,6384.5836,0.02154355,1463.1337,1340.2688,5187.4742,5310.3391,0.01750413,0.01791872,0.00089765,16.2655,14.6936,0.3653,59.3804,1.1678,2646.0457,162.5536,12.4780,16.8648,9.0895,16.5695,22.0926,29.825,33.4482,44.5976,11.8163,0.0,2.018664,2.691552,0.981654,30,240,141,4,0.10479828,0.02244119,0.04150452,0E-8,0.000000,0.902668,0.011910,-0.02129501,2026-03-22,2026-08-05,112,5695,2177,137,0.817518,0.739886,0.767145,0.349328,,,,,,,,GLOBAL_BASELINE_NO_ENTITY_RANKING,,,NOT_APPLICABLE_GLOBAL_BASELINE,HF9g-P5,,,,X 全窗基线 · 不参与实体赏罚,14196839,1420,A168_HF9F_20260827_0900,2026-08-27 09:00:00
2026-07-18,110249610,462,0,48.6037469069,13.2555673383,13.2555673383,0.6000000,6,6,0.49324550000000000,0.493245500000,0.47746420675292983,0.47746420675292983,0.47746420675292983,0E-17,ELIGIBLE,R03b_20260811_FULL_v1,L1_ELIGIBILITY,v2026-08-11,2026-03-21..2026-08-06,baccarat_bet02_101_all_pairs_incl_sentinel,round_win = game_pnl > 0 (decisive only),COMPATIBILITY_ONLY_NOT_PRODUCTION,296357.1217,267511.9505,6650.6079,18220,18206,-0.02244119,-0.04150452,-0.02020951,-0.02244119,-6650.6079,296357.1217,OK,0.0000,266.0243,4.0000,96.0000,AG03-UNRESOLVED,ALL5_LEVELS_bet23_to_bet27,266.0243,266.0243,266.0243,332.5304,332.5304,4.000000,4.000000,4.000000,5.000000,5.000000,96.000000,96.000000,96.000000,95.000000,95.000000,5.0,1463.1337,1340.2688,5187.4742,5310.3391,PENDING_AG03,FALSE,NOT_FOR_ENFORCEMENT,6384.5836,256811.4724,6650.6079,6384.5836,266.0243,0.02244119,0.02154355,266.0243,6384.5836,0.02154355,266.0243,266.0243,266.0243,332.5304,332.5304,6384.5836,0.02154355,1463.1337,1340.2688,5187.4742,5310.3391,0.01750413,0.01791872,0.00089765,16.2655,14.6936,0.3653,59.3804,1.1678,2646.0457,162.5536,12.4780,16.8648,9.0895,16.5695,22.0926,29.825,33.4482,44.5976,11.8163,0.0,2.018664,2.691552,0.981654,30,240,141,4,0.10479828,0.02244119,0.04150452,0E-8,0.000000,0.902668,0.011910,-0.02129501,2026-03-22,2026-08-05,112,5695,2177,137,0.817518,0.739886,0.767145,0.349328,,,,,,,,GLOBAL_BASELINE_NO_ENTITY_RANKING,,,NOT_APPLICABLE_GLOBAL_BASELINE,HF9g-P5,,,,X 全窗基线 · 不参与实体赏罚,14196840,1420,A168_HF9F_20260827_0900,2026-08-27 09:00:00
2026-07-18,110249610,583,0,56.3361611877,16.9008483563,16.9008483563,0.6666667,3,3,0.50665070000000000,0.506650700000,0.5543606114942035,0.5543606114942035,0.5543606114942035,0E-17,ELIGIBLE,R03b_20260811_FULL_v1,L1_ELIGIBILITY,v2026-08-11,2026-03-21..2026-08-06,baccarat_bet02_101_all_pairs_incl_sentinel,round_win = game_pnl > 0 (decisive only),COMPATIBILITY_ONLY_NOT_PRODUCTION,296357.1217,267511.9505,6650.6079,18220,18206,-0.02244119,-0.04150452,-0.02020951,-0.02244119,-6650.6079,296357.1217,OK,0.0000,266.0243,4.0000,96.0000,AG03-UNRESOLVED,ALL5_LEVELS_bet23_to_bet27,266.0243,266.0243,266.0243,332.5304,332.5304,4.000000,4.000000,4.000000,5.000000,5.000000,96.000000,96.000000,96.000000,95.000000,95.000000,5.0,1463.1337,1340.2688,5187.4742,5310.3391,PENDING_AG03,FALSE,NOT_FOR_ENFORCEMENT,6384.5836,256811.4724,6650.6079,6384.5836,266.0243,0.02244119,0.02154355,266.0243,6384.5836,0.02154355,266.0243,266.0243,266.0243,332.5304,332.5304,6384.5836,0.02154355,1463.1337,1340.2688,5187.4742,5310.3391,0.01750413,0.01791872,0.00089765,16.2655,14.6936,0.3653,59.3804,1.1678,2646.0457,162.5536,12.4780,16.8648,9.0895,16.5695,22.0926,29.825,33.4482,44.5976,11.8163,0.0,2.018664,2.691552,0.981654,30,240,141,4,0.10479828,0.02244119,0.04150452,0E-8,0.000000,0.902668,0.011910,-0.02129501,2026-03-22,2026-08-05,112,5695,2177,137,0.817518,0.739886,0.767145,0.349328,,,,,,,,GLOBAL_BASELINE_NO_ENTITY_RANKING,,,NOT_APPLICABLE_GLOBAL_BASELINE,HF9g-P5,,,,X 全窗基线 · 不参与实体赏罚,14196841,1420,A168_HF9F_20260827_0900,2026-08-27 09:00:00
2026-07-18,110249610,595,0,11.0463061152,0E-10,0E-10,0.5000000,2,2,0.49324550000000000,0.493245500000,0.01910635448239258,0.01910635448239258,0.01910635448239258,0E-17,ELIGIBLE,R03b_20260811_FULL_v1,L1_ELIGIBILITY,v2026-08-11,2026-03-21..2026-08-06,baccarat_bet02_101_all_pairs_incl_sentinel,round_win = game_pnl > 0 (decisive only),COMPATIBILITY_ONLY_NOT_PRODUCTION,296357.1217,267511.9505,6650.6079,18220,18206,-0.02244119,-0.04150452,-0.02020951,-0.02244119,-6650.6079,296357.1217,OK,0.0000,266.0243,4.0000,96.0000,AG03-UNRESOLVED,ALL5_LEVELS_bet23_to_bet27,266.0243,266.0243,266.0243,332.5304,332.5304,4.000000,4.000000,4.000000,5.000000,5.000000,96.000000,96.000000,96.000000,95.000000,95.000000,5.0,1463.1337,1340.2688,5187.4742,5310.3391,PENDING_AG03,FALSE,NOT_FOR_ENFORCEMENT,6384.5836,256811.4724,6650.6079,6384.5836,266.0243,0.02244119,0.02154355,266.0243,6384.5836,0.02154355,266.0243,266.0243,266.0243,332.5304,332.5304,6384.5836,0.02154355,1463.1337,1340.2688,5187.4742,5310.3391,0.01750413,0.01791872,0.00089765,16.2655,14.6936,0.3653,59.3804,1.1678,2646.0457,162.5536,12.4780,16.8648,9.0895,16.5695,22.0926,29.825,33.4482,44.5976,11.8163,0.0,2.018664,2.691552,0.981654,30,240,141,4,0.10479828,0.02244119,0.04150452,0E-8,0.000000,0.902668,0.011910,-0.02129501,2026-03-22,2026-08-05,112,5695,2177,137,0.817518,0.739886,0.767145,0.349328,,,,,,,,GLOBAL_BASELINE_NO_ENTITY_RANKING,,,NOT_APPLICABLE_GLOBAL_BASELINE,HF9g-P5,,,,X 全窗基线 · 不参与实体赏罚,14196842,1420,A168_HF9F_20260827_0900,2026-08-27 09:00:00
2026-07-18,110249610,772,0,16.5694591729,15.7409862142,15.7409862142,1.0000000,1,1,0.50665070000000000,0.506650700000,0.9867858985152569,0.9867858985152569,0.9867858985152569,0E-17,ELIGIBLE,R03b_20260811_FULL_v1,L1_ELIGIBILITY,v2026-08-11,2026-03-21..2026-08-06,baccarat_bet02_101_all_pairs_incl_sentinel,round_win = game_pnl > 0 (decisive only),COMPATIBILITY_ONLY_NOT_PRODUCTION,296357.1217,267511.9505,6650.6079,18220,18206,-0.02244119,-0.04150452,-0.02020951,-0.02244119,-6650.6079,296357.1217,OK,0.0000,266.0243,4.0000,96.0000,AG03-UNRESOLVED,ALL5_LEVELS_bet23_to_bet27,266.0243,266.0243,266.0243,332.5304,332.5304,4.000000,4.000000,4.000000,5.000000,5.000000,96.000000,96.000000,96.000000,95.000000,95.000000,5.0,1463.1337,1340.2688,5187.4742,5310.3391,PENDING_AG03,FALSE,NOT_FOR_ENFORCEMENT,6384.5836,256811.4724,6650.6079,6384.5836,266.0243,0.02244119,0.02154355,266.0243,6384.5836,0.02154355,266.0243,266.0243,266.0243,332.5304,332.5304,6384.5836,0.02154355,1463.1337,1340.2688,5187.4742,5310.3391,0.01750413,0.01791872,0.00089765,16.2655,14.6936,0.3653,59.3804,1.1678,2646.0457,162.5536,12.4780,16.8648,9.0895,16.5695,22.0926,29.825,33.4482,44.5976,11.8163,0.0,2.018664,2.691552,0.981654,30,240,141,4,0.10479828,0.02244119,0.04150452,0E-8,0.000000,0.902668,0.011910,-0.02129501,2026-03-22,2026-08-05,112,5695,2177,137,0.817518,0.739886,0.767145,0.349328,,,,,,,,GLOBAL_BASELINE_NO_ENTITY_RANKING,,,NOT_APPLICABLE_GLOBAL_BASELINE,HF9g-P5,,,,X 全窗基线 · 不参与实体赏罚,14196843,1420,A168_HF9F_20260827_0900,2026-08-27 09:00:00
2026-07-18,110249610,789,0,27.6157652880,-5.5231530576,-5.5231530576,0.3333333,3,3,0.49771390000000000,0.497713900000,-0.5694369385616226,-0.5694369385616226,-0.5694369385616226,0E-17,ELIGIBLE,R03b_20260811_FULL_v1,L1_ELIGIBILITY,v2026-08-11,2026-03-21..2026-08-06,baccarat_bet02_101_all_pairs_incl_sentinel,round_win = game_pnl > 0 (decisive only),COMPATIBILITY_ONLY_NOT_PRODUCTION,296357.1217,267511.9505,6650.6079,18220,18206,-0.02244119,-0.04150452,-0.02020951,-0.02244119,-6650.6079,296357.1217,OK,0.0000,266.0243,4.0000,96.0000,AG03-UNRESOLVED,ALL5_LEVELS_bet23_to_bet27,266.0243,266.0243,266.0243,332.5304,332.5304,4.000000,4.000000,4.000000,5.000000,5.000000,96.000000,96.000000,96.000000,95.000000,95.000000,5.0,1463.1337,1340.2688,5187.4742,5310.3391,PENDING_AG03,FALSE,NOT_FOR_ENFORCEMENT,6384.5836,256811.4724,6650.6079,6384.5836,266.0243,0.02244119,0.02154355,266.0243,6384.5836,0.02154355,266.0243,266.0243,266.0243,332.5304,332.5304,6384.5836,0.02154355,1463.1337,1340.2688,5187.4742,5310.3391,0.01750413,0.01791872,0.00089765,16.2655,14.6936,0.3653,59.3804,1.1678,2646.0457,162.5536,12.4780,16.8648,9.0895,16.5695,22.0926,29.825,33.4482,44.5976,11.8163,0.0,2.018664,2.691552,0.981654,30,240,141,4,0.10479828,0.02244119,0.04150452,0E-8,0.000000,0.902668,0.011910,-0.02129501,2026-03-22,2026-08-05,112,5695,2177,137,0.817518,0.739886,0.767145,0.349328,,,,,,,,GLOBAL_BASELINE_NO_ENTITY_RANKING,,,NOT_APPLICABLE_GLOBAL_BASELINE,HF9g-P5,,,,X 全窗基线 · 不参与实体赏罚,14196844,1420,A168_HF9F_20260827_0900,2026-08-27 09:00:00
2026-07-18,110249610,925,0,31.8133616118,1.3255567338,1.3255567338,0.5000000,4,4,0.49659680000000000,0.496596800000,0.013613115331600182,0.013613115331600183,0.013613115331600182,0E-17,ELIGIBLE,R03b_20260811_FULL_v1,L1_ELIGIBILITY,v2026-08-11,2026-03-21..2026-08-06,baccarat_bet02_101_all_pairs_incl_sentinel,round_win = game_pnl > 0 (decisive only),COMPATIBILITY_ONLY_NOT_PRODUCTION,296357.1217,267511.9505,6650.6079,18220,18206,-0.02244119,-0.04150452,-0.02020951,-0.02244119,-6650.6079,296357.1217,OK,0.0000,266.0243,4.0000,96.0000,AG03-UNRESOLVED,ALL5_LEVELS_bet23_to_bet27,266.0243,266.0243,266.0243,332.5304,332.5304,4.000000,4.000000,4.000000,5.000000,5.000000,96.000000,96.000000,96.000000,95.000000,95.000000,5.0,1463.1337,1340.2688,5187.4742,5310.3391,PENDING_AG03,FALSE,NOT_FOR_ENFORCEMENT,6384.5836,256811.4724,6650.6079,6384.5836,266.0243,0.02244119,0.02154355,266.0243,6384.5836,0.02154355,266.0243,266.0243,266.0243,332.5304,332.5304,6384.5836,0.02154355,1463.1337,1340.2688,5187.4742,5310.3391,0.01750413,0.01791872,0.00089765,16.2655,14.6936,0.3653,59.3804,1.1678,2646.0457,162.5536,12.4780,16.8648,9.0895,16.5695,22.0926,29.825,33.4482,44.5976,11.8163,0.0,2.018664,2.691552,0.981654,30,240,141,4,0.10479828,0.02244119,0.04150452,0E-8,0.000000,0.902668,0.011910,-0.02129501,2026-03-22,2026-08-05,112,5695,2177,137,0.817518,0.739886,0.767145,0.349328,,,,,,,,GLOBAL_BASELINE_NO_ENTITY_RANKING,,,NOT_APPLICABLE_GLOBAL_BASELINE,HF9g-P5,,,,X 全窗基线 · 不参与实体赏罚,14196845,1420,A168_HF9F_20260827_0900,2026-08-27 09:00:00
2026-07-19,110249610,-1,1,448.2591021559,-36.7234446803,-36.7234446803,0.4912281,62,62,0.50167780322580645,0.501677803226,-0.15778839720475316,-0.1577883972076759,-0.15778839720475316,-1.9355E-13,SENTINEL_DEALER,R03b_20260811_FULL_v1,L1_ELIGIBILITY,v2026-08-11,2026-03-21..2026-08-06,baccarat_bet02_101_all_pairs_incl_sentinel,round_win = game_pnl > 0 (decisive only),COMPATIBILITY_ONLY_NOT_PRODUCTION,296357.1217,267511.9505,6650.6079,18220,18206,-0.02244119,-0.04150452,-0.02020951,-0.02244119,-6650.6079,296357.1217,OK,0.0000,266.0243,4.0000,96.0000,AG03-UNRESOLVED,ALL5_LEVELS_bet23_to_bet27,266.0243,266.0243,266.0243,332.5304,332.5304,4.000000,4.000000,4.000000,5.000000,5.000000,96.000000,96.000000,96.000000,95.000000,95.000000,5.0,1463.1337,1340.2688,5187.4742,5310.3391,PENDING_AG03,FALSE,NOT_FOR_ENFORCEMENT,6384.5836,256811.4724,6650.6079,6384.5836,266.0243,0.02244119,0.02154355,266.0243,6384.5836,0.02154355,266.0243,266.0243,266.0243,332.5304,332.5304,6384.5836,0.02154355,1463.1337,1340.2688,5187.4742,5310.3391,0.01750413,0.01791872,0.00089765,16.2655,14.6936,0.3653,59.3804,1.1678,2646.0457,162.5536,12.4780,16.8648,9.0895,16.5695,22.0926,29.825,33.4482,44.5976,11.8163,0.0,2.018664,2.691552,0.981654,30,240,141,4,0.10479828,0.02244119,0.04150452,0E-8,0.000000,0.902668,0.011910,-0.02129501,2026-03-22,2026-08-05,112,5695,2177,137,0.817518,0.739886,0.767145,0.349328,,,,,,,,GLOBAL_BASELINE_NO_ENTITY_RANKING,,,NOT_APPLICABLE_GLOBAL_BASELINE,HF9g-P5,,,,X 全窗基线 · 不参与实体赏罚,14196846,1420,A168_HF9F_20260827_0900,2026-08-27 09:00:00
2026-07-19,110249610,1299,0,58.7663485332,-21.5402969248,-21.5402969248,0.2500000,5,5,0.49860758000000000,0.498607580000,-0.9944341760919779,-0.9944341760919779,-0.9944341760919779,0E-17,ELIGIBLE,R03b_20260811_FULL_v1,L1_ELIGIBILITY,v2026-08-11,2026-03-21..2026-08-06,baccarat_bet02_101_all_pairs_incl_sentinel,round_win = game_pnl > 0 (decisive only),COMPATIBILITY_ONLY_NOT_PRODUCTION,296357.1217,267511.9505,6650.6079,18220,18206,-0.02244119,-0.04150452,-0.02020951,-0.02244119,-6650.6079,296357.1217,OK,0.0000,266.0243,4.0000,96.0000,AG03-UNRESOLVED,ALL5_LEVELS_bet23_to_bet27,266.0243,266.0243,266.0243,332.5304,332.5304,4.000000,4.000000,4.000000,5.000000,5.000000,96.000000,96.000000,96.000000,95.000000,95.000000,5.0,1463.1337,1340.2688,5187.4742,5310.3391,PENDING_AG03,FALSE,NOT_FOR_ENFORCEMENT,6384.5836,256811.4724,6650.6079,6384.5836,266.0243,0.02244119,0.02154355,266.0243,6384.5836,0.02154355,266.0243,266.0243,266.0243,332.5304,332.5304,6384.5836,0.02154355,1463.1337,1340.2688,5187.4742,5310.3391,0.01750413,0.01791872,0.00089765,16.2655,14.6936,0.3653,59.3804,1.1678,2646.0457,162.5536,12.4780,16.8648,9.0895,16.5695,22.0926,29.825,33.4482,44.5976,11.8163,0.0,2.018664,2.691552,0.981654,30,240,141,4,0.10479828,0.02244119,0.04150452,0E-8,0.000000,0.902668,0.011910,-0.02129501,2026-03-22,2026-08-05,112,5695,2177,137,0.817518,0.739886,0.767145,0.349328,,,,,,,,GLOBAL_BASELINE_NO_ENTITY_RANKING,,,NOT_APPLICABLE_GLOBAL_BASELINE,HF9g-P5,,,,X 全窗基线 · 不参与实体赏罚,14196847,1420,A168_HF9F_20260827_0900,2026-08-27 09:00:00
2026-07-19,110249610,1302,0,15.3543655000,1.6624690704,1.6624690704,0.6000000,5,5,0.50665070000000000,0.506650700000,0.4175076967804994,0.4175076967804994,0.4175076967804994,0E-17,ELIGIBLE,R03b_20260811_FULL_v1,L1_ELIGIBILITY,v2026-08-11,2026-03-21..2026-08-06,baccarat_bet02_101_all_pairs_incl_sentinel,round_win = game_pnl > 0 (decisive only),COMPATIBILITY_ONLY_NOT_PRODUCTION,296357.1217,267511.9505,6650.6079,18220,18206,-0.02244119,-0.04150452,-0.02020951,-0.02244119,-6650.6079,296357.1217,OK,0.0000,266.0243,4.0000,96.0000,AG03-UNRESOLVED,ALL5_LEVELS_bet23_to_bet27,266.0243,266.0243,266.0243,332.5304,332.5304,4.000000,4.000000,4.000000,5.000000,5.000000,96.000000,96.000000,96.000000,95.000000,95.000000,5.0,1463.1337,1340.2688,5187.4742,5310.3391,PENDING_AG03,FALSE,NOT_FOR_ENFORCEMENT,6384.5836,256811.4724,6650.6079,6384.5836,266.0243,0.02244119,0.02154355,266.0243,6384.5836,0.02154355,266.0243,266.0243,266.0243,332.5304,332.5304,6384.5836,0.02154355,1463.1337,1340.2688,5187.4742,5310.3391,0.01750413,0.01791872,0.00089765,16.2655,14.6936,0.3653,59.3804,1.1678,2646.0457,162.5536,12.4780,16.8648,9.0895,16.5695,22.0926,29.825,33.4482,44.5976,11.8163,0.0,2.018664,2.691552,0.981654,30,240,141,4,0.10479828,0.02244119,0.04150452,0E-8,0.000000,0.902668,0.011910,-0.02129501,2026-03-22,2026-08-05,112,5695,2177,137,0.817518,0.739886,0.767145,0.349328,,,,,,,,GLOBAL_BASELINE_NO_ENTITY_RANKING,,,NOT_APPLICABLE_GLOBAL_BASELINE,HF9g-P5,,,,X 全窗基线 · 不参与实体赏罚,14196848,1420,A168_HF9F_20260827_0900,2026-08-27 09:00:00
2026-07-19,110249610,1323,0,33.8016967126,-33.8016967126,-33.8016967126,0E-7,3,3,0.49771390000000000,0.497713900000,-1.724149546644903,-1.724149546644903,-1.724149546644903,0E-17,ELIGIBLE,R03b_20260811_FULL_v1,L1_ELIGIBILITY,v2026-08-11,2026-03-21..2026-08-06,baccarat_bet02_101_all_pairs_incl_sentinel,round_win = game_pnl > 0 (decisive only),COMPATIBILITY_ONLY_NOT_PRODUCTION,296357.1217,267511.9505,6650.6079,18220,18206,-0.02244119,-0.04150452,-0.02020951,-0.02244119,-6650.6079,296357.1217,OK,0.0000,266.0243,4.0000,96.0000,AG03-UNRESOLVED,ALL5_LEVELS_bet23_to_bet27,266.0243,266.0243,266.0243,332.5304,332.5304,4.000000,4.000000,4.000000,5.000000,5.000000,96.000000,96.000000,96.000000,95.000000,95.000000,5.0,1463.1337,1340.2688,5187.4742,5310.3391,PENDING_AG03,FALSE,NOT_FOR_ENFORCEMENT,6384.5836,256811.4724,6650.6079,6384.5836,266.0243,0.02244119,0.02154355,266.0243,6384.5836,0.02154355,266.0243,266.0243,266.0243,332.5304,332.5304,6384.5836,0.02154355,1463.1337,1340.2688,5187.4742,5310.3391,0.01750413,0.01791872,0.00089765,16.2655,14.6936,0.3653,59.3804,1.1678,2646.0457,162.5536,12.4780,16.8648,9.0895,16.5695,22.0926,29.825,33.4482,44.5976,11.8163,0.0,2.018664,2.691552,0.981654,30,240,141,4,0.10479828,0.02244119,0.04150452,0E-8,0.000000,0.902668,0.011910,-0.02129501,2026-03-22,2026-08-05,112,5695,2177,137,0.817518,0.739886,0.767145,0.349328,,,,,,,,GLOBAL_BASELINE_NO_ENTITY_RANKING,,,NOT_APPLICABLE_GLOBAL_BASELINE,HF9g-P5,,,,X 全窗基线 · 不参与实体赏罚,14196849,1420,A168_HF9F_20260827_0900,2026-08-27 09:00:00
2026-07-19,110249610,1382,0,1.7674089784,-1.7674089784,-1.7674089784,0E-7,1,1,0.50665070000000000,0.506650700000,-1.013391052207602,-1.013391052207602,-1.013391052207602,0E-17,ELIGIBLE,R03b_20260811_FULL_v1,L1_ELIGIBILITY,v2026-08-11,2026-03-21..2026-08-06,baccarat_bet02_101_all_pairs_incl_sentinel,round_win = game_pnl > 0 (decisive only),COMPATIBILITY_ONLY_NOT_PRODUCTION,296357.1217,267511.9505,6650.6079,18220,18206,-0.02244119,-0.04150452,-0.02020951,-0.02244119,-6650.6079,296357.1217,OK,0.0000,266.0243,4.0000,96.0000,AG03-UNRESOLVED,ALL5_LEVELS_bet23_to_bet27,266.0243,266.0243,266.0243,332.5304,332.5304,4.000000,4.000000,4.000000,5.000000,5.000000,96.000000,96.000000,96.000000,95.000000,95.000000,5.0,1463.1337,1340.2688,5187.4742,5310.3391,PENDING_AG03,FALSE,NOT_FOR_ENFORCEMENT,6384.5836,256811.4724,6650.6079,6384.5836,266.0243,0.02244119,0.02154355,266.0243,6384.5836,0.02154355,266.0243,266.0243,266.0243,332.5304,332.5304,6384.5836,0.02154355,1463.1337,1340.2688,5187.4742,5310.3391,0.01750413,0.01791872,0.00089765,16.2655,14.6936,0.3653,59.3804,1.1678,2646.0457,162.5536,12.4780,16.8648,9.0895,16.5695,22.0926,29.825,33.4482,44.5976,11.8163,0.0,2.018664,2.691552,0.981654,30,240,141,4,0.10479828,0.02244119,0.04150452,0E-8,0.000000,0.902668,0.011910,-0.02129501,2026-03-22,2026-08-05,112,5695,2177,137,0.817518,0.739886,0.767145,0.349328,,,,,,,,GLOBAL_BASELINE_NO_ENTITY_RANKING,,,NOT_APPLICABLE_GLOBAL_BASELINE,HF9g-P5,,,,X 全窗基线 · 不参与实体赏罚,14196850,1420,A168_HF9F_20260827_0900,2026-08-27 09:00:00
2026-07-19,110249610,1396,0,16.5694591728,1.1046306115,1.1046306115,0.6666667,5,5,0.49324550000000000,0.493245500000,0.6008033672792107,0.6008033672792106,0.6008033672792107,0E-17,ELIGIBLE,R03b_20260811_FULL_v1,L1_ELIGIBILITY,v2026-08-11,2026-03-21..2026-08-06,baccarat_bet02_101_all_pairs_incl_sentinel,round_win = game_pnl > 0 (decisive only),COMPATIBILITY_ONLY_NOT_PRODUCTION,296357.1217,267511.9505,6650.6079,18220,18206,-0.02244119,-0.04150452,-0.02020951,-0.02244119,-6650.6079,296357.1217,OK,0.0000,266.0243,4.0000,96.0000,AG03-UNRESOLVED,ALL5_LEVELS_bet23_to_bet27,266.0243,266.0243,266.0243,332.5304,332.5304,4.000000,4.000000,4.000000,5.000000,5.000000,96.000000,96.000000,96.000000,95.000000,95.000000,5.0,1463.1337,1340.2688,5187.4742,5310.3391,PENDING_AG03,FALSE,NOT_FOR_ENFORCEMENT,6384.5836,256811.4724,6650.6079,6384.5836,266.0243,0.02244119,0.02154355,266.0243,6384.5836,0.02154355,266.0243,266.0243,266.0243,332.5304,332.5304,6384.5836,0.02154355,1463.1337,1340.2688,5187.4742,5310.3391,0.01750413,0.01791872,0.00089765,16.2655,14.6936,0.3653,59.3804,1.1678,2646.0457,162.5536,12.4780,16.8648,9.0895,16.5695,22.0926,29.825,33.4482,44.5976,11.8163,0.0,2.018664,2.691552,0.981654,30,240,141,4,0.10479828,0.02244119,0.04150452,0E-8,0.000000,0.902668,0.011910,-0.02129501,2026-03-22,2026-08-05,112,5695,2177,137,0.817518,0.739886,0.767145,0.349328,,,,,,,,GLOBAL_BASELINE_NO_ENTITY_RANKING,,,NOT_APPLICABLE_GLOBAL_BASELINE,HF9g-P5,,,,X 全窗基线 · 不参与实体赏罚,14196851,1420,A168_HF9F_20260827_0900,2026-08-27 09:00:00
2026-07-19,110249610,1398,0,2.2092612230,-2.2092612230,-2.2092612230,0E-7,1,1,0.49324550000000000,0.493245500000,-0.9865810262130424,-0.9865810262130424,-0.9865810262130424,0E-17,ELIGIBLE,R03b_20260811_FULL_v1,L1_ELIGIBILITY,v2026-08-11,2026-03-21..2026-08-06,baccarat_bet02_101_all_pairs_incl_sentinel,round_win = game_pnl > 0 (decisive only),COMPATIBILITY_ONLY_NOT_PRODUCTION,296357.1217,267511.9505,6650.6079,18220,18206,-0.02244119,-0.04150452,-0.02020951,-0.02244119,-6650.6079,296357.1217,OK,0.0000,266.0243,4.0000,96.0000,AG03-UNRESOLVED,ALL5_LEVELS_bet23_to_bet27,266.0243,266.0243,266.0243,332.5304,332.5304,4.000000,4.000000,4.000000,5.000000,5.000000,96.000000,96.000000,96.000000,95.000000,95.000000,5.0,1463.1337,1340.2688,5187.4742,5310.3391,PENDING_AG03,FALSE,NOT_FOR_ENFORCEMENT,6384.5836,256811.4724,6650.6079,6384.5836,266.0243,0.02244119,0.02154355,266.0243,6384.5836,0.02154355,266.0243,266.0243,266.0243,332.5304,332.5304,6384.5836,0.02154355,1463.1337,1340.2688,5187.4742,5310.3391,0.01750413,0.01791872,0.00089765,16.2655,14.6936,0.3653,59.3804,1.1678,2646.0457,162.5536,12.4780,16.8648,9.0895,16.5695,22.0926,29.825,33.4482,44.5976,11.8163,0.0,2.018664,2.691552,0.981654,30,240,141,4,0.10479828,0.02244119,0.04150452,0E-8,0.000000,0.902668,0.011910,-0.02129501,2026-03-22,2026-08-05,112,5695,2177,137,0.817518,0.739886,0.767145,0.349328,,,,,,,,GLOBAL_BASELINE_NO_ENTITY_RANKING,,,NOT_APPLICABLE_GLOBAL_BASELINE,HF9g-P5,,,,X 全窗基线 · 不参与实体赏罚,14196852,1420,A168_HF9F_20260827_0900,2026-08-27 09:00:00
2026-07-19,110249610,1687,0,29.8250265111,-8.2847295865,-8.2847295865,0.5000000,4,4,0.50665070000000000,0.506650700000,-0.02660515369234503,-0.02660515369234503,-0.02660515369234503,0E-17,ELIGIBLE,R03b_20260811_FULL_v1,L1_ELIGIBILITY,v2026-08-11,2026-03-21..2026-08-06,baccarat_bet02_101_all_pairs_incl_sentinel,round_win = game_pnl > 0 (decisive only),COMPATIBILITY_ONLY_NOT_PRODUCTION,296357.1217,267511.9505,6650.6079,18220,18206,-0.02244119,-0.04150452,-0.02020951,-0.02244119,-6650.6079,296357.1217,OK,0.0000,266.0243,4.0000,96.0000,AG03-UNRESOLVED,ALL5_LEVELS_bet23_to_bet27,266.0243,266.0243,266.0243,332.5304,332.5304,4.000000,4.000000,4.000000,5.000000,5.000000,96.000000,96.000000,96.000000,95.000000,95.000000,5.0,1463.1337,1340.2688,5187.4742,5310.3391,PENDING_AG03,FALSE,NOT_FOR_ENFORCEMENT,6384.5836,256811.4724,6650.6079,6384.5836,266.0243,0.02244119,0.02154355,266.0243,6384.5836,0.02154355,266.0243,266.0243,266.0243,332.5304,332.5304,6384.5836,0.02154355,1463.1337,1340.2688,5187.4742,5310.3391,0.01750413,0.01791872,0.00089765,16.2655,14.6936,0.3653,59.3804,1.1678,2646.0457,162.5536,12.4780,16.8648,9.0895,16.5695,22.0926,29.825,33.4482,44.5976,11.8163,0.0,2.018664,2.691552,0.981654,30,240,141,4,0.10479828,0.02244119,0.04150452,0E-8,0.000000,0.902668,0.011910,-0.02129501,2026-03-22,2026-08-05,112,5695,2177,137,0.817518,0.739886,0.767145,0.349328,,,,,,,,GLOBAL_BASELINE_NO_ENTITY_RANKING,,,NOT_APPLICABLE_GLOBAL_BASELINE,HF9g-P5,,,,X 全窗基线 · 不参与实体赏罚,14196853,1420,A168_HF9F_20260827_0900,2026-08-27 09:00:00
2026-07-19,110249610,1941,0,27.5053022269,4.3743372216,4.3743372216,0.5000000,4,4,0.50665070000000000,0.506650700000,-0.02660515369234503,-0.02660515369234503,-0.02660515369234503,0E-17,ELIGIBLE,R03b_20260811_FULL_v1,L1_ELIGIBILITY,v2026-08-11,2026-03-21..2026-08-06,baccarat_bet02_101_all_pairs_incl_sentinel,round_win = game_pnl > 0 (decisive only),COMPATIBILITY_ONLY_NOT_PRODUCTION,296357.1217,267511.9505,6650.6079,18220,18206,-0.02244119,-0.04150452,-0.02020951,-0.02244119,-6650.6079,296357.1217,OK,0.0000,266.0243,4.0000,96.0000,AG03-UNRESOLVED,ALL5_LEVELS_bet23_to_bet27,266.0243,266.0243,266.0243,332.5304,332.5304,4.000000,4.000000,4.000000,5.000000,5.000000,96.000000,96.000000,96.000000,95.000000,95.000000,5.0,1463.1337,1340.2688,5187.4742,5310.3391,PENDING_AG03,FALSE,NOT_FOR_ENFORCEMENT,6384.5836,256811.4724,6650.6079,6384.5836,266.0243,0.02244119,0.02154355,266.0243,6384.5836,0.02154355,266.0243,266.0243,266.0243,332.5304,332.5304,6384.5836,0.02154355,1463.1337,1340.2688,5187.4742,5310.3391,0.01750413,0.01791872,0.00089765,16.2655,14.6936,0.3653,59.3804,1.1678,2646.0457,162.5536,12.4780,16.8648,9.0895,16.5695,22.0926,29.825,33.4482,44.5976,11.8163,0.0,2.018664,2.691552,0.981654,30,240,141,4,0.10479828,0.02244119,0.04150452,0E-8,0.000000,0.902668,0.011910,-0.02129501,2026-03-22,2026-08-05,112,5695,2177,137,0.817518,0.739886,0.767145,0.349328,,,,,,,,GLOBAL_BASELINE_NO_ENTITY_RANKING,,,NOT_APPLICABLE_GLOBAL_BASELINE,HF9g-P5,,,,X 全窗基线 · 不参与实体赏罚,14196854,1420,A168_HF9F_20260827_0900,2026-08-27 09:00:00
2026-07-19,110249610,1963,0,11.0463061152,-11.0463061152,-11.0463061152,0E-7,1,1,0.50665070000000000,0.506650700000,-1.013391052207602,-1.013391052207602,-1.013391052207602,0E-17,ELIGIBLE,R03b_20260811_FULL_v1,L1_ELIGIBILITY,v2026-08-11,2026-03-21..2026-08-06,baccarat_bet02_101_all_pairs_incl_sentinel,round_win = game_pnl > 0 (decisive only),COMPATIBILITY_ONLY_NOT_PRODUCTION,296357.1217,267511.9505,6650.6079,18220,18206,-0.02244119,-0.04150452,-0.02020951,-0.02244119,-6650.6079,296357.1217,OK,0.0000,266.0243,4.0000,96.0000,AG03-UNRESOLVED,ALL5_LEVELS_bet23_to_bet27,266.0243,266.0243,266.0243,332.5304,332.5304,4.000000,4.000000,4.000000,5.000000,5.000000,96.000000,96.000000,96.000000,95.000000,95.000000,5.0,1463.1337,1340.2688,5187.4742,5310.3391,PENDING_AG03,FALSE,NOT_FOR_ENFORCEMENT,6384.5836,256811.4724,6650.6079,6384.5836,266.0243,0.02244119,0.02154355,266.0243,6384.5836,0.02154355,266.0243,266.0243,266.0243,332.5304,332.5304,6384.5836,0.02154355,1463.1337,1340.2688,5187.4742,5310.3391,0.01750413,0.01791872,0.00089765,16.2655,14.6936,0.3653,59.3804,1.1678,2646.0457,162.5536,12.4780,16.8648,9.0895,16.5695,22.0926,29.825,33.4482,44.5976,11.8163,0.0,2.018664,2.691552,0.981654,30,240,141,4,0.10479828,0.02244119,0.04150452,0E-8,0.000000,0.902668,0.011910,-0.02129501,2026-03-22,2026-08-05,112,5695,2177,137,0.817518,0.739886,0.767145,0.349328,,,,,,,,GLOBAL_BASELINE_NO_ENTITY_RANKING,,,NOT_APPLICABLE_GLOBAL_BASELINE,HF9g-P5,,,,X 全窗基线 · 不参与实体赏罚,14196855,1420,A168_HF9F_20260827_0900,2026-08-27 09:00:00
2026-07-19,110249610,1990,0,16.5694591728,-5.5231530576,-5.5231530576,0.5000000,2,2,0.49324550000000000,0.493245500000,0.01910635448239258,0.01910635448239258,0.01910635448239258,0E-17,ELIGIBLE,R03b_20260811_FULL_v1,L1_ELIGIBILITY,v2026-08-11,2026-03-21..2026-08-06,baccarat_bet02_101_all_pairs_incl_sentinel,round_win = game_pnl > 0 (decisive only),COMPATIBILITY_ONLY_NOT_PRODUCTION,296357.1217,267511.9505,6650.6079,18220,18206,-0.02244119,-0.04150452,-0.02020951,-0.02244119,-6650.6079,296357.1217,OK,0.0000,266.0243,4.0000,96.0000,AG03-UNRESOLVED,ALL5_LEVELS_bet23_to_bet27,266.0243,266.0243,266.0243,332.5304,332.5304,4.000000,4.000000,4.000000,5.000000,5.000000,96.000000,96.000000,96.000000,95.000000,95.000000,5.0,1463.1337,1340.2688,5187.4742,5310.3391,PENDING_AG03,FALSE,NOT_FOR_ENFORCEMENT,6384.5836,256811.4724,6650.6079,6384.5836,266.0243,0.02244119,0.02154355,266.0243,6384.5836,0.02154355,266.0243,266.0243,266.0243,332.5304,332.5304,6384.5836,0.02154355,1463.1337,1340.2688,5187.4742,5310.3391,0.01750413,0.01791872,0.00089765,16.2655,14.6936,0.3653,59.3804,1.1678,2646.0457,162.5536,12.4780,16.8648,9.0895,16.5695,22.0926,29.825,33.4482,44.5976,11.8163,0.0,2.018664,2.691552,0.981654,30,240,141,4,0.10479828,0.02244119,0.04150452,0E-8,0.000000,0.902668,0.011910,-0.02129501,2026-03-22,2026-08-05,112,5695,2177,137,0.817518,0.739886,0.767145,0.349328,,,,,,,,GLOBAL_BASELINE_NO_ENTITY_RANKING,,,NOT_APPLICABLE_GLOBAL_BASELINE,HF9g-P5,,,,X 全窗基线 · 不参与实体赏罚,14196856,1420,A168_HF9F_20260827_0900,2026-08-27 09:00:00
2026-07-19,110249610,2115,0,12.3718628491,-0.5246995405,-0.5246995405,0.5000000,2,2,0.50665070000000000,0.506650700000,-0.018812684590367487,-0.018812684590367487,-0.018812684590367487,0E-17,ELIGIBLE,R03b_20260811_FULL_v1,L1_ELIGIBILITY,v2026-08-11,2026-03-21..2026-08-06,baccarat_bet02_101_all_pairs_incl_sentinel,round_win = game_pnl > 0 (decisive only),COMPATIBILITY_ONLY_NOT_PRODUCTION,296357.1217,267511.9505,6650.6079,18220,18206,-0.02244119,-0.04150452,-0.02020951,-0.02244119,-6650.6079,296357.1217,OK,0.0000,266.0243,4.0000,96.0000,AG03-UNRESOLVED,ALL5_LEVELS_bet23_to_bet27,266.0243,266.0243,266.0243,332.5304,332.5304,4.000000,4.000000,4.000000,5.000000,5.000000,96.000000,96.000000,96.000000,95.000000,95.000000,5.0,1463.1337,1340.2688,5187.4742,5310.3391,PENDING_AG03,FALSE,NOT_FOR_ENFORCEMENT,6384.5836,256811.4724,6650.6079,6384.5836,266.0243,0.02244119,0.02154355,266.0243,6384.5836,0.02154355,266.0243,266.0243,266.0243,332.5304,332.5304,6384.5836,0.02154355,1463.1337,1340.2688,5187.4742,5310.3391,0.01750413,0.01791872,0.00089765,16.2655,14.6936,0.3653,59.3804,1.1678,2646.0457,162.5536,12.4780,16.8648,9.0895,16.5695,22.0926,29.825,33.4482,44.5976,11.8163,0.0,2.018664,2.691552,0.981654,30,240,141,4,0.10479828,0.02244119,0.04150452,0E-8,0.000000,0.902668,0.011910,-0.02129501,2026-03-22,2026-08-05,112,5695,2177,137,0.817518,0.739886,0.767145,0.349328,,,,,,,,GLOBAL_BASELINE_NO_ENTITY_RANKING,,,NOT_APPLICABLE_GLOBAL_BASELINE,HF9g-P5,,,,X 全窗基线 · 不参与实体赏罚,14196857,1420,A168_HF9F_20260827_0900,2026-08-27 09:00:00
2026-07-19,110249610,2127,0,9.2788971368,0.4418522446,0.4418522446,0.5000000,2,2,0.49324550000000000,0.493245500000,0.01910635448239258,0.01910635448239258,0.01910635448239258,0E-17,ELIGIBLE,R03b_20260811_FULL_v1,L1_ELIGIBILITY,v2026-08-11,2026-03-21..2026-08-06,baccarat_bet02_101_all_pairs_incl_sentinel,round_win = game_pnl > 0 (decisive only),COMPATIBILITY_ONLY_NOT_PRODUCTION,296357.1217,267511.9505,6650.6079,18220,18206,-0.02244119,-0.04150452,-0.02020951,-0.02244119,-6650.6079,296357.1217,OK,0.0000,266.0243,4.0000,96.0000,AG03-UNRESOLVED,ALL5_LEVELS_bet23_to_bet27,266.0243,266.0243,266.0243,332.5304,332.5304,4.000000,4.000000,4.000000,5.000000,5.000000,96.000000,96.000000,96.000000,95.000000,95.000000,5.0,1463.1337,1340.2688,5187.4742,5310.3391,PENDING_AG03,FALSE,NOT_FOR_ENFORCEMENT,6384.5836,256811.4724,6650.6079,6384.5836,266.0243,0.02244119,0.02154355,266.0243,6384.5836,0.02154355,266.0243,266.0243,266.0243,332.5304,332.5304,6384.5836,0.02154355,1463.1337,1340.2688,5187.4742,5310.3391,0.01750413,0.01791872,0.00089765,16.2655,14.6936,0.3653,59.3804,1.1678,2646.0457,162.5536,12.4780,16.8648,9.0895,16.5695,22.0926,29.825,33.4482,44.5976,11.8163,0.0,2.018664,2.691552,0.981654,30,240,141,4,0.10479828,0.02244119,0.04150452,0E-8,0.000000,0.902668,0.011910,-0.02129501,2026-03-22,2026-08-05,112,5695,2177,137,0.817518,0.739886,0.767145,0.349328,,,,,,,,GLOBAL_BASELINE_NO_ENTITY_RANKING,,,NOT_APPLICABLE_GLOBAL_BASELINE,HF9g-P5,,,,X 全窗基线 · 不参与实体赏罚,14196858,1420,A168_HF9F_20260827_0900,2026-08-27 09:00:00
2026-07-19,110249610,2129,0,33.1389183458,0E-10,0E-10,0.5000000,2,2,0.49324550000000000,0.493245500000,0.01910635448239258,0.01910635448239258,0.01910635448239258,0E-17,ELIGIBLE,R03b_20260811_FULL_v1,L1_ELIGIBILITY,v2026-08-11,2026-03-21..2026-08-06,baccarat_bet02_101_all_pairs_incl_sentinel,round_win = game_pnl > 0 (decisive only),COMPATIBILITY_ONLY_NOT_PRODUCTION,296357.1217,267511.9505,6650.6079,18220,18206,-0.02244119,-0.04150452,-0.02020951,-0.02244119,-6650.6079,296357.1217,OK,0.0000,266.0243,4.0000,96.0000,AG03-UNRESOLVED,ALL5_LEVELS_bet23_to_bet27,266.0243,266.0243,266.0243,332.5304,332.5304,4.000000,4.000000,4.000000,5.000000,5.000000,96.000000,96.000000,96.000000,95.000000,95.000000,5.0,1463.1337,1340.2688,5187.4742,5310.3391,PENDING_AG03,FALSE,NOT_FOR_ENFORCEMENT,6384.5836,256811.4724,6650.6079,6384.5836,266.0243,0.02244119,0.02154355,266.0243,6384.5836,0.02154355,266.0243,266.0243,266.0243,332.5304,332.5304,6384.5836,0.02154355,1463.1337,1340.2688,5187.4742,5310.3391,0.01750413,0.01791872,0.00089765,16.2655,14.6936,0.3653,59.3804,1.1678,2646.0457,162.5536,12.4780,16.8648,9.0895,16.5695,22.0926,29.825,33.4482,44.5976,11.8163,0.0,2.018664,2.691552,0.981654,30,240,141,4,0.10479828,0.02244119,0.04150452,0E-8,0.000000,0.902668,0.011910,-0.02129501,2026-03-22,2026-08-05,112,5695,2177,137,0.817518,0.739886,0.767145,0.349328,,,,,,,,GLOBAL_BASELINE_NO_ENTITY_RANKING,,,NOT_APPLICABLE_GLOBAL_BASELINE,HF9g-P5,,,,X 全窗基线 · 不参与实体赏罚,14196859,1420,A168_HF9F_20260827_0900,2026-08-27 09:00:00
2026-07-19,110249610,2141,0,28.7203958995,-13.5317249912,-13.5317249912,0.4000000,5,5,0.49860758000000000,0.498607580000,-0.440988213962219,-0.440988213962219,-0.440988213962219,0E-17,ELIGIBLE,R03b_20260811_FULL_v1,L1_ELIGIBILITY,v2026-08-11,2026-03-21..2026-08-06,baccarat_bet02_101_all_pairs_incl_sentinel,round_win = game_pnl > 0 (decisive only),COMPATIBILITY_ONLY_NOT_PRODUCTION,296357.1217,267511.9505,6650.6079,18220,18206,-0.02244119,-0.04150452,-0.02020951,-0.02244119,-6650.6079,296357.1217,OK,0.0000,266.0243,4.0000,96.0000,AG03-UNRESOLVED,ALL5_LEVELS_bet23_to_bet27,266.0243,266.0243,266.0243,332.5304,332.5304,4.000000,4.000000,4.000000,5.000000,5.000000,96.000000,96.000000,96.000000,95.000000,95.000000,5.0,1463.1337,1340.2688,5187.4742,5310.3391,PENDING_AG03,FALSE,NOT_FOR_ENFORCEMENT,6384.5836,256811.4724,6650.6079,6384.5836,266.0243,0.02244119,0.02154355,266.0243,6384.5836,0.02154355,266.0243,266.0243,266.0243,332.5304,332.5304,6384.5836,0.02154355,1463.1337,1340.2688,5187.4742,5310.3391,0.01750413,0.01791872,0.00089765,16.2655,14.6936,0.3653,59.3804,1.1678,2646.0457,162.5536,12.4780,16.8648,9.0895,16.5695,22.0926,29.825,33.4482,44.5976,11.8163,0.0,2.018664,2.691552,0.981654,30,240,141,4,0.10479828,0.02244119,0.04150452,0E-8,0.000000,0.902668,0.011910,-0.02129501,2026-03-22,2026-08-05,112,5695,2177,137,0.817518,0.739886,0.767145,0.349328,,,,,,,,GLOBAL_BASELINE_NO_ENTITY_RANKING,,,NOT_APPLICABLE_GLOBAL_BASELINE,HF9g-P5,,,,X 全窗基线 · 不参与实体赏罚,14196860,1420,A168_HF9F_20260827_0900,2026-08-27 09:00:00
2026-07-19,110249610,2153,0,16.5694591729,-16.5694591729,-16.5694591729,0E-7,1,1,0.49324550000000000,0.493245500000,-0.9865810262130424,-0.9865810262130424,-0.9865810262130424,0E-17,ELIGIBLE,R03b_20260811_FULL_v1,L1_ELIGIBILITY,v2026-08-11,2026-03-21..2026-08-06,baccarat_bet02_101_all_pairs_incl_sentinel,round_win = game_pnl > 0 (decisive only),COMPATIBILITY_ONLY_NOT_PRODUCTION,296357.1217,267511.9505,6650.6079,18220,18206,-0.02244119,-0.04150452,-0.02020951,-0.02244119,-6650.6079,296357.1217,OK,0.0000,266.0243,4.0000,96.0000,AG03-UNRESOLVED,ALL5_LEVELS_bet23_to_bet27,266.0243,266.0243,266.0243,332.5304,332.5304,4.000000,4.000000,4.000000,5.000000,5.000000,96.000000,96.000000,96.000000,95.000000,95.000000,5.0,1463.1337,1340.2688,5187.4742,5310.3391,PENDING_AG03,FALSE,NOT_FOR_ENFORCEMENT,6384.5836,256811.4724,6650.6079,6384.5836,266.0243,0.02244119,0.02154355,266.0243,6384.5836,0.02154355,266.0243,266.0243,266.0243,332.5304,332.5304,6384.5836,0.02154355,1463.1337,1340.2688,5187.4742,5310.3391,0.01750413,0.01791872,0.00089765,16.2655,14.6936,0.3653,59.3804,1.1678,2646.0457,162.5536,12.4780,16.8648,9.0895,16.5695,22.0926,29.825,33.4482,44.5976,11.8163,0.0,2.018664,2.691552,0.981654,30,240,141,4,0.10479828,0.02244119,0.04150452,0E-8,0.000000,0.902668,0.011910,-0.02129501,2026-03-22,2026-08-05,112,5695,2177,137,0.817518,0.739886,0.767145,0.349328,,,,,,,,GLOBAL_BASELINE_NO_ENTITY_RANKING,,,NOT_APPLICABLE_GLOBAL_BASELINE,HF9g-P5,,,,X 全窗基线 · 不参与实体赏罚,14196861,1420,A168_HF9F_20260827_0900,2026-08-27 09:00:00
2026-07-19,110249610,2167,0,76.2195121949,35.9004948746,35.9004948746,0.6666667,9,9,0.50218230000000000,0.502182300000,0.9869156002841868,0.9869156002841868,0.9869156002841868,0E-17,ELIGIBLE,R03b_20260811_FULL_v1,L1_ELIGIBILITY,v2026-08-11,2026-03-21..2026-08-06,baccarat_bet02_101_all_pairs_incl_sentinel,round_win = game_pnl > 0 (decisive only),COMPATIBILITY_ONLY_NOT_PRODUCTION,296357.1217,267511.9505,6650.6079,18220,18206,-0.02244119,-0.04150452,-0.02020951,-0.02244119,-6650.6079,296357.1217,OK,0.0000,266.0243,4.0000,96.0000,AG03-UNRESOLVED,ALL5_LEVELS_bet23_to_bet27,266.0243,266.0243,266.0243,332.5304,332.5304,4.000000,4.000000,4.000000,5.000000,5.000000,96.000000,96.000000,96.000000,95.000000,95.000000,5.0,1463.1337,1340.2688,5187.4742,5310.3391,PENDING_AG03,FALSE,NOT_FOR_ENFORCEMENT,6384.5836,256811.4724,6650.6079,6384.5836,266.0243,0.02244119,0.02154355,266.0243,6384.5836,0.02154355,266.0243,266.0243,266.0243,332.5304,332.5304,6384.5836,0.02154355,1463.1337,1340.2688,5187.4742,5310.3391,0.01750413,0.01791872,0.00089765,16.2655,14.6936,0.3653,59.3804,1.1678,2646.0457,162.5536,12.4780,16.8648,9.0895,16.5695,22.0926,29.825,33.4482,44.5976,11.8163,0.0,2.018664,2.691552,0.981654,30,240,141,4,0.10479828,0.02244119,0.04150452,0E-8,0.000000,0.902668,0.011910,-0.02129501,2026-03-22,2026-08-05,112,5695,2177,137,0.817518,0.739886,0.767145,0.349328,,,,,,,,GLOBAL_BASELINE_NO_ENTITY_RANKING,,,NOT_APPLICABLE_GLOBAL_BASELINE,HF9g-P5,,,,X 全窗基线 · 不参与实体赏罚,14196862,1420,A168_HF9F_20260827_0900,2026-08-27 09:00:00
2026-07-19,110249610,2169,0,158.6249558147,40.4294803817,40.4294803817,0.6000000,11,11,0.49568280909090909,0.495682809091,0.6597844395310902,0.6597844395305142,0.6597844395310902,-9.091E-14,ELIGIBLE,R03b_20260811_FULL_v1,L1_ELIGIBILITY,v2026-08-11,2026-03-21..2026-08-06,baccarat_bet02_101_all_pairs_incl_sentinel,round_win = game_pnl > 0 (decisive only),COMPATIBILITY_ONLY_NOT_PRODUCTION,296357.1217,267511.9505,6650.6079,18220,18206,-0.02244119,-0.04150452,-0.02020951,-0.02244119,-6650.6079,296357.1217,OK,0.0000,266.0243,4.0000,96.0000,AG03-UNRESOLVED,ALL5_LEVELS_bet23_to_bet27,266.0243,266.0243,266.0243,332.5304,332.5304,4.000000,4.000000,4.000000,5.000000,5.000000,96.000000,96.000000,96.000000,95.000000,95.000000,5.0,1463.1337,1340.2688,5187.4742,5310.3391,PENDING_AG03,FALSE,NOT_FOR_ENFORCEMENT,6384.5836,256811.4724,6650.6079,6384.5836,266.0243,0.02244119,0.02154355,266.0243,6384.5836,0.02154355,266.0243,266.0243,266.0243,332.5304,332.5304,6384.5836,0.02154355,1463.1337,1340.2688,5187.4742,5310.3391,0.01750413,0.01791872,0.00089765,16.2655,14.6936,0.3653,59.3804,1.1678,2646.0457,162.5536,12.4780,16.8648,9.0895,16.5695,22.0926,29.825,33.4482,44.5976,11.8163,0.0,2.018664,2.691552,0.981654,30,240,141,4,0.10479828,0.02244119,0.04150452,0E-8,0.000000,0.902668,0.011910,-0.02129501,2026-03-22,2026-08-05,112,5695,2177,137,0.817518,0.739886,0.767145,0.349328,,,,,,,,GLOBAL_BASELINE_NO_ENTITY_RANKING,,,NOT_APPLICABLE_GLOBAL_BASELINE,HF9g-P5,,,,X 全窗基线 · 不参与实体赏罚,14196863,1420,A168_HF9F_20260827_0900,2026-08-27 09:00:00
2026-07-19,110249610,2212,0,18.4473312124,-7.6771827501,-7.6771827501,0.3333333,3,3,0.50218230000000000,0.502182300000,-0.5849155494134425,-0.5849155494134426,-0.5849155494134425,0E-17,ELIGIBLE,R03b_20260811_FULL_v1,L1_ELIGIBILITY,v2026-08-11,2026-03-21..2026-08-06,baccarat_bet02_101_all_pairs_incl_sentinel,round_win = game_pnl > 0 (decisive only),COMPATIBILITY_ONLY_NOT_PRODUCTION,296357.1217,267511.9505,6650.6079,18220,18206,-0.02244119,-0.04150452,-0.02020951,-0.02244119,-6650.6079,296357.1217,OK,0.0000,266.0243,4.0000,96.0000,AG03-UNRESOLVED,ALL5_LEVELS_bet23_to_bet27,266.0243,266.0243,266.0243,332.5304,332.5304,4.000000,4.000000,4.000000,5.000000,5.000000,96.000000,96.000000,96.000000,95.000000,95.000000,5.0,1463.1337,1340.2688,5187.4742,5310.3391,PENDING_AG03,FALSE,NOT_FOR_ENFORCEMENT,6384.5836,256811.4724,6650.6079,6384.5836,266.0243,0.02244119,0.02154355,266.0243,6384.5836,0.02154355,266.0243,266.0243,266.0243,332.5304,332.5304,6384.5836,0.02154355,1463.1337,1340.2688,5187.4742,5310.3391,0.01750413,0.01791872,0.00089765,16.2655,14.6936,0.3653,59.3804,1.1678,2646.0457,162.5536,12.4780,16.8648,9.0895,16.5695,22.0926,29.825,33.4482,44.5976,11.8163,0.0,2.018664,2.691552,0.981654,30,240,141,4,0.10479828,0.02244119,0.04150452,0E-8,0.000000,0.902668,0.011910,-0.02129501,2026-03-22,2026-08-05,112,5695,2177,137,0.817518,0.739886,0.767145,0.349328,,,,,,,,GLOBAL_BASELINE_NO_ENTITY_RANKING,,,NOT_APPLICABLE_GLOBAL_BASELINE,HF9g-P5,,,,X 全窗基线 · 不参与实体赏罚,14196864,1420,A168_HF9F_20260827_0900,2026-08-27 09:00:00
2026-07-19,110249610,2222,0,24.3018734535,-17.6740897843,-17.6740897843,0.2500000,4,4,0.49324550000000000,0.493245500000,-0.9730707933947887,-0.9730707933947887,-0.9730707933947887,0E-17,ELIGIBLE,R03b_20260811_FULL_v1,L1_ELIGIBILITY,v2026-08-11,2026-03-21..2026-08-06,baccarat_bet02_101_all_pairs_incl_sentinel,round_win = game_pnl > 0 (decisive only),COMPATIBILITY_ONLY_NOT_PRODUCTION,296357.1217,267511.9505,6650.6079,18220,18206,-0.02244119,-0.04150452,-0.02020951,-0.02244119,-6650.6079,296357.1217,OK,0.0000,266.0243,4.0000,96.0000,AG03-UNRESOLVED,ALL5_LEVELS_bet23_to_bet27,266.0243,266.0243,266.0243,332.5304,332.5304,4.000000,4.000000,4.000000,5.000000,5.000000,96.000000,96.000000,96.000000,95.000000,95.000000,5.0,1463.1337,1340.2688,5187.4742,5310.3391,PENDING_AG03,FALSE,NOT_FOR_ENFORCEMENT,6384.5836,256811.4724,6650.6079,6384.5836,266.0243,0.02244119,0.02154355,266.0243,6384.5836,0.02154355,266.0243,266.0243,266.0243,332.5304,332.5304,6384.5836,0.02154355,1463.1337,1340.2688,5187.4742,5310.3391,0.01750413,0.01791872,0.00089765,16.2655,14.6936,0.3653,59.3804,1.1678,2646.0457,162.5536,12.4780,16.8648,9.0895,16.5695,22.0926,29.825,33.4482,44.5976,11.8163,0.0,2.018664,2.691552,0.981654,30,240,141,4,0.10479828,0.02244119,0.04150452,0E-8,0.000000,0.902668,0.011910,-0.02129501,2026-03-22,2026-08-05,112,5695,2177,137,0.817518,0.739886,0.767145,0.349328,,,,,,,,GLOBAL_BASELINE_NO_ENTITY_RANKING,,,NOT_APPLICABLE_GLOBAL_BASELINE,HF9g-P5,,,,X 全窗基线 · 不参与实体赏罚,14196865,1420,A168_HF9F_20260827_0900,2026-08-27 09:00:00
2026-07-19,110249610,2224,0,44.1852244610,-0.8284729587,-0.8284729587,0.5000000,3,3,0.50665070000000000,0.506650700000,-0.018812684590367487,-0.018812684590367487,-0.018812684590367487,0E-17,ELIGIBLE,R03b_20260811_FULL_v1,L1_ELIGIBILITY,v2026-08-11,2026-03-21..2026-08-06,baccarat_bet02_101_all_pairs_incl_sentinel,round_win = game_pnl > 0 (decisive only),COMPATIBILITY_ONLY_NOT_PRODUCTION,296357.1217,267511.9505,6650.6079,18220,18206,-0.02244119,-0.04150452,-0.02020951,-0.02244119,-6650.6079,296357.1217,OK,0.0000,266.0243,4.0000,96.0000,AG03-UNRESOLVED,ALL5_LEVELS_bet23_to_bet27,266.0243,266.0243,266.0243,332.5304,332.5304,4.000000,4.000000,4.000000,5.000000,5.000000,96.000000,96.000000,96.000000,95.000000,95.000000,5.0,1463.1337,1340.2688,5187.4742,5310.3391,PENDING_AG03,FALSE,NOT_FOR_ENFORCEMENT,6384.5836,256811.4724,6650.6079,6384.5836,266.0243,0.02244119,0.02154355,266.0243,6384.5836,0.02154355,266.0243,266.0243,266.0243,332.5304,332.5304,6384.5836,0.02154355,1463.1337,1340.2688,5187.4742,5310.3391,0.01750413,0.01791872,0.00089765,16.2655,14.6936,0.3653,59.3804,1.1678,2646.0457,162.5536,12.4780,16.8648,9.0895,16.5695,22.0926,29.825,33.4482,44.5976,11.8163,0.0,2.018664,2.691552,0.981654,30,240,141,4,0.10479828,0.02244119,0.04150452,0E-8,0.000000,0.902668,0.011910,-0.02129501,2026-03-22,2026-08-05,112,5695,2177,137,0.817518,0.739886,0.767145,0.349328,,,,,,,,GLOBAL_BASELINE_NO_ENTITY_RANKING,,,NOT_APPLICABLE_GLOBAL_BASELINE,HF9g-P5,,,,X 全窗基线 · 不参与实体赏罚,14196866,1420,A168_HF9F_20260827_0900,2026-08-27 09:00:00
2026-07-19,110249610,2229,0,2.2092612230,2.2092612230,2.2092612230,1.0000000,1,1,0.49324550000000000,0.493245500000,1.01360149184955,1.01360149184955,1.01360149184955,0E-17,ELIGIBLE,R03b_20260811_FULL_v1,L1_ELIGIBILITY,v2026-08-11,2026-03-21..2026-08-06,baccarat_bet02_101_all_pairs_incl_sentinel,round_win = game_pnl > 0 (decisive only),COMPATIBILITY_ONLY_NOT_PRODUCTION,296357.1217,267511.9505,6650.6079,18220,18206,-0.02244119,-0.04150452,-0.02020951,-0.02244119,-6650.6079,296357.1217,OK,0.0000,266.0243,4.0000,96.0000,AG03-UNRESOLVED,ALL5_LEVELS_bet23_to_bet27,266.0243,266.0243,266.0243,332.5304,332.5304,4.000000,4.000000,4.000000,5.000000,5.000000,96.000000,96.000000,96.000000,95.000000,95.000000,5.0,1463.1337,1340.2688,5187.4742,5310.3391,PENDING_AG03,FALSE,NOT_FOR_ENFORCEMENT,6384.5836,256811.4724,6650.6079,6384.5836,266.0243,0.02244119,0.02154355,266.0243,6384.5836,0.02154355,266.0243,266.0243,266.0243,332.5304,332.5304,6384.5836,0.02154355,1463.1337,1340.2688,5187.4742,5310.3391,0.01750413,0.01791872,0.00089765,16.2655,14.6936,0.3653,59.3804,1.1678,2646.0457,162.5536,12.4780,16.8648,9.0895,16.5695,22.0926,29.825,33.4482,44.5976,11.8163,0.0,2.018664,2.691552,0.981654,30,240,141,4,0.10479828,0.02244119,0.04150452,0E-8,0.000000,0.902668,0.011910,-0.02129501,2026-03-22,2026-08-05,112,5695,2177,137,0.817518,0.739886,0.767145,0.349328,,,,,,,,GLOBAL_BASELINE_NO_ENTITY_RANKING,,,NOT_APPLICABLE_GLOBAL_BASELINE,HF9g-P5,,,,X 全窗基线 · 不参与实体赏罚,14196867,1420,A168_HF9F_20260827_0900,2026-08-27 09:00:00
2026-07-19,110249610,2235,0,9.9416755037,-9.9416755037,-9.9416755037,0E-7,1,1,0.49324550000000000,0.493245500000,-0.9865810262130424,-0.9865810262130424,-0.9865810262130424,0E-17,ELIGIBLE,R03b_20260811_FULL_v1,L1_ELIGIBILITY,v2026-08-11,2026-03-21..2026-08-06,baccarat_bet02_101_all_pairs_incl_sentinel,round_win = game_pnl > 0 (decisive only),COMPATIBILITY_ONLY_NOT_PRODUCTION,296357.1217,267511.9505,6650.6079,18220,18206,-0.02244119,-0.04150452,-0.02020951,-0.02244119,-6650.6079,296357.1217,OK,0.0000,266.0243,4.0000,96.0000,AG03-UNRESOLVED,ALL5_LEVELS_bet23_to_bet27,266.0243,266.0243,266.0243,332.5304,332.5304,4.000000,4.000000,4.000000,5.000000,5.000000,96.000000,96.000000,96.000000,95.000000,95.000000,5.0,1463.1337,1340.2688,5187.4742,5310.3391,PENDING_AG03,FALSE,NOT_FOR_ENFORCEMENT,6384.5836,256811.4724,6650.6079,6384.5836,266.0243,0.02244119,0.02154355,266.0243,6384.5836,0.02154355,266.0243,266.0243,266.0243,332.5304,332.5304,6384.5836,0.02154355,1463.1337,1340.2688,5187.4742,5310.3391,0.01750413,0.01791872,0.00089765,16.2655,14.6936,0.3653,59.3804,1.1678,2646.0457,162.5536,12.4780,16.8648,9.0895,16.5695,22.0926,29.825,33.4482,44.5976,11.8163,0.0,2.018664,2.691552,0.981654,30,240,141,4,0.10479828,0.02244119,0.04150452,0E-8,0.000000,0.902668,0.011910,-0.02129501,2026-03-22,2026-08-05,112,5695,2177,137,0.817518,0.739886,0.767145,0.349328,,,,,,,,GLOBAL_BASELINE_NO_ENTITY_RANKING,,,NOT_APPLICABLE_GLOBAL_BASELINE,HF9g-P5,,,,X 全窗基线 · 不参与实体赏罚,14196868,1420,A168_HF9F_20260827_0900,2026-08-27 09:00:00
2026-07-19,110249610,2242,0,107.7014846234,12.9241781549,12.9241781549,0.6250000,8,8,0.50665070000000000,0.506650700000,0.6695439735338472,0.6695439735338472,0.6695439735338472,0E-17,ELIGIBLE,R03b_20260811_FULL_v1,L1_ELIGIBILITY,v2026-08-11,2026-03-21..2026-08-06,baccarat_bet02_101_all_pairs_incl_sentinel,round_win = game_pnl > 0 (decisive only),COMPATIBILITY_ONLY_NOT_PRODUCTION,296357.1217,267511.9505,6650.6079,18220,18206,-0.02244119,-0.04150452,-0.02020951,-0.02244119,-6650.6079,296357.1217,OK,0.0000,266.0243,4.0000,96.0000,AG03-UNRESOLVED,ALL5_LEVELS_bet23_to_bet27,266.0243,266.0243,266.0243,332.5304,332.5304,4.000000,4.000000,4.000000,5.000000,5.000000,96.000000,96.000000,96.000000,95.000000,95.000000,5.0,1463.1337,1340.2688,5187.4742,5310.3391,PENDING_AG03,FALSE,NOT_FOR_ENFORCEMENT,6384.5836,256811.4724,6650.6079,6384.5836,266.0243,0.02244119,0.02154355,266.0243,6384.5836,0.02154355,266.0243,266.0243,266.0243,332.5304,332.5304,6384.5836,0.02154355,1463.1337,1340.2688,5187.4742,5310.3391,0.01750413,0.01791872,0.00089765,16.2655,14.6936,0.3653,59.3804,1.1678,2646.0457,162.5536,12.4780,16.8648,9.0895,16.5695,22.0926,29.825,33.4482,44.5976,11.8163,0.0,2.018664,2.691552,0.981654,30,240,141,4,0.10479828,0.02244119,0.04150452,0E-8,0.000000,0.902668,0.011910,-0.02129501,2026-03-22,2026-08-05,112,5695,2177,137,0.817518,0.739886,0.767145,0.349328,,,,,,,,GLOBAL_BASELINE_NO_ENTITY_RANKING,,,NOT_APPLICABLE_GLOBAL_BASELINE,HF9g-P5,,,,X 全窗基线 · 不参与实体赏罚,14196869,1420,A168_HF9F_20260827_0900,2026-08-27 09:00:00
2026-07-19,110249610,2250,0,2.2092612230,-2.2092612230,-2.2092612230,0E-7,1,1,0.50665070000000000,0.506650700000,-1.013391052207602,-1.013391052207602,-1.013391052207602,0E-17,ELIGIBLE,R03b_20260811_FULL_v1,L1_ELIGIBILITY,v2026-08-11,2026-03-21..2026-08-06,baccarat_bet02_101_all_pairs_incl_sentinel,round_win = game_pnl > 0 (decisive only),COMPATIBILITY_ONLY_NOT_PRODUCTION,296357.1217,267511.9505,6650.6079,18220,18206,-0.02244119,-0.04150452,-0.02020951,-0.02244119,-6650.6079,296357.1217,OK,0.0000,266.0243,4.0000,96.0000,AG03-UNRESOLVED,ALL5_LEVELS_bet23_to_bet27,266.0243,266.0243,266.0243,332.5304,332.5304,4.000000,4.000000,4.000000,5.000000,5.000000,96.000000,96.000000,96.000000,95.000000,95.000000,5.0,1463.1337,1340.2688,5187.4742,5310.3391,PENDING_AG03,FALSE,NOT_FOR_ENFORCEMENT,6384.5836,256811.4724,6650.6079,6384.5836,266.0243,0.02244119,0.02154355,266.0243,6384.5836,0.02154355,266.0243,266.0243,266.0243,332.5304,332.5304,6384.5836,0.02154355,1463.1337,1340.2688,5187.4742,5310.3391,0.01750413,0.01791872,0.00089765,16.2655,14.6936,0.3653,59.3804,1.1678,2646.0457,162.5536,12.4780,16.8648,9.0895,16.5695,22.0926,29.825,33.4482,44.5976,11.8163,0.0,2.018664,2.691552,0.981654,30,240,141,4,0.10479828,0.02244119,0.04150452,0E-8,0.000000,0.902668,0.011910,-0.02129501,2026-03-22,2026-08-05,112,5695,2177,137,0.817518,0.739886,0.767145,0.349328,,,,,,,,GLOBAL_BASELINE_NO_ENTITY_RANKING,,,NOT_APPLICABLE_GLOBAL_BASELINE,HF9g-P5,,,,X 全窗基线 · 不参与实体赏罚,14196870,1420,A168_HF9F_20260827_0900,2026-08-27 09:00:00
2026-07-19,110249610,2251,0,12.0404736656,2.8223312124,2.8223312124,0.6666667,3,3,0.50665070000000000,0.506650700000,0.5543606114942035,0.5543606114942035,0.5543606114942035,0E-17,ELIGIBLE,R03b_20260811_FULL_v1,L1_ELIGIBILITY,v2026-08-11,2026-03-21..2026-08-06,baccarat_bet02_101_all_pairs_incl_sentinel,round_win = game_pnl > 0 (decisive only),COMPATIBILITY_ONLY_NOT_PRODUCTION,296357.1217,267511.9505,6650.6079,18220,18206,-0.02244119,-0.04150452,-0.02020951,-0.02244119,-6650.6079,296357.1217,OK,0.0000,266.0243,4.0000,96.0000,AG03-UNRESOLVED,ALL5_LEVELS_bet23_to_bet27,266.0243,266.0243,266.0243,332.5304,332.5304,4.000000,4.000000,4.000000,5.000000,5.000000,96.000000,96.000000,96.000000,95.000000,95.000000,5.0,1463.1337,1340.2688,5187.4742,5310.3391,PENDING_AG03,FALSE,NOT_FOR_ENFORCEMENT,6384.5836,256811.4724,6650.6079,6384.5836,266.0243,0.02244119,0.02154355,266.0243,6384.5836,0.02154355,266.0243,266.0243,266.0243,332.5304,332.5304,6384.5836,0.02154355,1463.1337,1340.2688,5187.4742,5310.3391,0.01750413,0.01791872,0.00089765,16.2655,14.6936,0.3653,59.3804,1.1678,2646.0457,162.5536,12.4780,16.8648,9.0895,16.5695,22.0926,29.825,33.4482,44.5976,11.8163,0.0,2.018664,2.691552,0.981654,30,240,141,4,0.10479828,0.02244119,0.04150452,0E-8,0.000000,0.902668,0.011910,-0.02129501,2026-03-22,2026-08-05,112,5695,2177,137,0.817518,0.739886,0.767145,0.349328,,,,,,,,GLOBAL_BASELINE_NO_ENTITY_RANKING,,,NOT_APPLICABLE_GLOBAL_BASELINE,HF9g-P5,,,,X 全窗基线 · 不参与实体赏罚,14196871,1420,A168_HF9F_20260827_0900,2026-08-27 09:00:00
2026-07-19,110249610,2266,0,129.2417815482,38.8001502297,38.8001502297,0.6666667,9,9,0.50218230000000000,0.502182300000,0.9869156002841868,0.9869156002841868,0.9869156002841868,0E-17,ELIGIBLE,R03b_20260811_FULL_v1,L1_ELIGIBILITY,v2026-08-11,2026-03-21..2026-08-06,baccarat_bet02_101_all_pairs_incl_sentinel,round_win = game_pnl > 0 (decisive only),COMPATIBILITY_ONLY_NOT_PRODUCTION,296357.1217,267511.9505,6650.6079,18220,18206,-0.02244119,-0.04150452,-0.02020951,-0.02244119,-6650.6079,296357.1217,OK,0.0000,266.0243,4.0000,96.0000,AG03-UNRESOLVED,ALL5_LEVELS_bet23_to_bet27,266.0243,266.0243,266.0243,332.5304,332.5304,4.000000,4.000000,4.000000,5.000000,5.000000,96.000000,96.000000,96.000000,95.000000,95.000000,5.0,1463.1337,1340.2688,5187.4742,5310.3391,PENDING_AG03,FALSE,NOT_FOR_ENFORCEMENT,6384.5836,256811.4724,6650.6079,6384.5836,266.0243,0.02244119,0.02154355,266.0243,6384.5836,0.02154355,266.0243,266.0243,266.0243,332.5304,332.5304,6384.5836,0.02154355,1463.1337,1340.2688,5187.4742,5310.3391,0.01750413,0.01791872,0.00089765,16.2655,14.6936,0.3653,59.3804,1.1678,2646.0457,162.5536,12.4780,16.8648,9.0895,16.5695,22.0926,29.825,33.4482,44.5976,11.8163,0.0,2.018664,2.691552,0.981654,30,240,141,4,0.10479828,0.02244119,0.04150452,0E-8,0.000000,0.902668,0.011910,-0.02129501,2026-03-22,2026-08-05,112,5695,2177,137,0.817518,0.739886,0.767145,0.349328,,,,,,,,GLOBAL_BASELINE_NO_ENTITY_RANKING,,,NOT_APPLICABLE_GLOBAL_BASELINE,HF9g-P5,,,,X 全窗基线 · 不参与实体赏罚,14196872,1420,A168_HF9F_20260827_0900,2026-08-27 09:00:00
2026-07-19,110249610,2267,0,16.0171438671,-5.2469954048,-5.2469954048,0.5000000,2,2,0.50665070000000000,0.506650700000,-0.018812684590367487,-0.018812684590367487,-0.018812684590367487,0E-17,ELIGIBLE,R03b_20260811_FULL_v1,L1_ELIGIBILITY,v2026-08-11,2026-03-21..2026-08-06,baccarat_bet02_101_all_pairs_incl_sentinel,round_win = game_pnl > 0 (decisive only),COMPATIBILITY_ONLY_NOT_PRODUCTION,296357.1217,267511.9505,6650.6079,18220,18206,-0.02244119,-0.04150452,-0.02020951,-0.02244119,-6650.6079,296357.1217,OK,0.0000,266.0243,4.0000,96.0000,AG03-UNRESOLVED,ALL5_LEVELS_bet23_to_bet27,266.0243,266.0243,266.0243,332.5304,332.5304,4.000000,4.000000,4.000000,5.000000,5.000000,96.000000,96.000000,96.000000,95.000000,95.000000,5.0,1463.1337,1340.2688,5187.4742,5310.3391,PENDING_AG03,FALSE,NOT_FOR_ENFORCEMENT,6384.5836,256811.4724,6650.6079,6384.5836,266.0243,0.02244119,0.02154355,266.0243,6384.5836,0.02154355,266.0243,266.0243,266.0243,332.5304,332.5304,6384.5836,0.02154355,1463.1337,1340.2688,5187.4742,5310.3391,0.01750413,0.01791872,0.00089765,16.2655,14.6936,0.3653,59.3804,1.1678,2646.0457,162.5536,12.4780,16.8648,9.0895,16.5695,22.0926,29.825,33.4482,44.5976,11.8163,0.0,2.018664,2.691552,0.981654,30,240,141,4,0.10479828,0.02244119,0.04150452,0E-8,0.000000,0.902668,0.011910,-0.02129501,2026-03-22,2026-08-05,112,5695,2177,137,0.817518,0.739886,0.767145,0.349328,,,,,,,,GLOBAL_BASELINE_NO_ENTITY_RANKING,,,NOT_APPLICABLE_GLOBAL_BASELINE,HF9g-P5,,,,X 全窗基线 · 不参与实体赏罚,14196873,1420,A168_HF9F_20260827_0900,2026-08-27 09:00:00
2026-07-19,110249610,2273,0,16.3485330505,-5.5783845882,-5.5783845882,0.3333333,3,3,0.50218230000000000,0.502182300000,-0.5849155494134425,-0.5849155494134426,-0.5849155494134425,0E-17,ELIGIBLE,R03b_20260811_FULL_v1,L1_ELIGIBILITY,v2026-08-11,2026-03-21..2026-08-06,baccarat_bet02_101_all_pairs_incl_sentinel,round_win = game_pnl > 0 (decisive only),COMPATIBILITY_ONLY_NOT_PRODUCTION,296357.1217,267511.9505,6650.6079,18220,18206,-0.02244119,-0.04150452,-0.02020951,-0.02244119,-6650.6079,296357.1217,OK,0.0000,266.0243,4.0000,96.0000,AG03-UNRESOLVED,ALL5_LEVELS_bet23_to_bet27,266.0243,266.0243,266.0243,332.5304,332.5304,4.000000,4.000000,4.000000,5.000000,5.000000,96.000000,96.000000,96.000000,95.000000,95.000000,5.0,1463.1337,1340.2688,5187.4742,5310.3391,PENDING_AG03,FALSE,NOT_FOR_ENFORCEMENT,6384.5836,256811.4724,6650.6079,6384.5836,266.0243,0.02244119,0.02154355,266.0243,6384.5836,0.02154355,266.0243,266.0243,266.0243,332.5304,332.5304,6384.5836,0.02154355,1463.1337,1340.2688,5187.4742,5310.3391,0.01750413,0.01791872,0.00089765,16.2655,14.6936,0.3653,59.3804,1.1678,2646.0457,162.5536,12.4780,16.8648,9.0895,16.5695,22.0926,29.825,33.4482,44.5976,11.8163,0.0,2.018664,2.691552,0.981654,30,240,141,4,0.10479828,0.02244119,0.04150452,0E-8,0.000000,0.902668,0.011910,-0.02129501,2026-03-22,2026-08-05,112,5695,2177,137,0.817518,0.739886,0.767145,0.349328,,,,,,,,GLOBAL_BASELINE_NO_ENTITY_RANKING,,,NOT_APPLICABLE_GLOBAL_BASELINE,HF9g-P5,,,,X 全窗基线 · 不参与实体赏罚,14196874,1420,A168_HF9F_20260827_0900,2026-08-27 09:00:00
2026-07-19,110249610,2289,0,6.2963944856,-2.2092612230,-2.2092612230,0E-7,2,2,0.50665070000000000,0.506650700000,-1.013391052207602,-1.013391052207602,-1.013391052207602,0E-17,ELIGIBLE,R03b_20260811_FULL_v1,L1_ELIGIBILITY,v2026-08-11,2026-03-21..2026-08-06,baccarat_bet02_101_all_pairs_incl_sentinel,round_win = game_pnl > 0 (decisive only),COMPATIBILITY_ONLY_NOT_PRODUCTION,296357.1217,267511.9505,6650.6079,18220,18206,-0.02244119,-0.04150452,-0.02020951,-0.02244119,-6650.6079,296357.1217,OK,0.0000,266.0243,4.0000,96.0000,AG03-UNRESOLVED,ALL5_LEVELS_bet23_to_bet27,266.0243,266.0243,266.0243,332.5304,332.5304,4.000000,4.000000,4.000000,5.000000,5.000000,96.000000,96.000000,96.000000,95.000000,95.000000,5.0,1463.1337,1340.2688,5187.4742,5310.3391,PENDING_AG03,FALSE,NOT_FOR_ENFORCEMENT,6384.5836,256811.4724,6650.6079,6384.5836,266.0243,0.02244119,0.02154355,266.0243,6384.5836,0.02154355,266.0243,266.0243,266.0243,332.5304,332.5304,6384.5836,0.02154355,1463.1337,1340.2688,5187.4742,5310.3391,0.01750413,0.01791872,0.00089765,16.2655,14.6936,0.3653,59.3804,1.1678,2646.0457,162.5536,12.4780,16.8648,9.0895,16.5695,22.0926,29.825,33.4482,44.5976,11.8163,0.0,2.018664,2.691552,0.981654,30,240,141,4,0.10479828,0.02244119,0.04150452,0E-8,0.000000,0.902668,0.011910,-0.02129501,2026-03-22,2026-08-05,112,5695,2177,137,0.817518,0.739886,0.767145,0.349328,,,,,,,,GLOBAL_BASELINE_NO_ENTITY_RANKING,,,NOT_APPLICABLE_GLOBAL_BASELINE,HF9g-P5,,,,X 全窗基线 · 不参与实体赏罚,14196875,1420,A168_HF9F_20260827_0900,2026-08-27 09:00:00
2026-07-19,110249610,526,0,11.0463061152,-11.0463061152,-11.0463061152,0E-7,1,1,0.49324550000000000,0.493245500000,-0.9865810262130424,-0.9865810262130424,-0.9865810262130424,0E-17,ELIGIBLE,R03b_20260811_FULL_v1,L1_ELIGIBILITY,v2026-08-11,2026-03-21..2026-08-06,baccarat_bet02_101_all_pairs_incl_sentinel,round_win = game_pnl > 0 (decisive only),COMPATIBILITY_ONLY_NOT_PRODUCTION,296357.1217,267511.9505,6650.6079,18220,18206,-0.02244119,-0.04150452,-0.02020951,-0.02244119,-6650.6079,296357.1217,OK,0.0000,266.0243,4.0000,96.0000,AG03-UNRESOLVED,ALL5_LEVELS_bet23_to_bet27,266.0243,266.0243,266.0243,332.5304,332.5304,4.000000,4.000000,4.000000,5.000000,5.000000,96.000000,96.000000,96.000000,95.000000,95.000000,5.0,1463.1337,1340.2688,5187.4742,5310.3391,PENDING_AG03,FALSE,NOT_FOR_ENFORCEMENT,6384.5836,256811.4724,6650.6079,6384.5836,266.0243,0.02244119,0.02154355,266.0243,6384.5836,0.02154355,266.0243,266.0243,266.0243,332.5304,332.5304,6384.5836,0.02154355,1463.1337,1340.2688,5187.4742,5310.3391,0.01750413,0.01791872,0.00089765,16.2655,14.6936,0.3653,59.3804,1.1678,2646.0457,162.5536,12.4780,16.8648,9.0895,16.5695,22.0926,29.825,33.4482,44.5976,11.8163,0.0,2.018664,2.691552,0.981654,30,240,141,4,0.10479828,0.02244119,0.04150452,0E-8,0.000000,0.902668,0.011910,-0.02129501,2026-03-22,2026-08-05,112,5695,2177,137,0.817518,0.739886,0.767145,0.349328,,,,,,,,GLOBAL_BASELINE_NO_ENTITY_RANKING,,,NOT_APPLICABLE_GLOBAL_BASELINE,HF9g-P5,,,,X 全窗基线 · 不参与实体赏罚,14196876,1420,A168_HF9F_20260827_0900,2026-08-27 09:00:00
2026-07-19,110249610,583,0,9.9416755037,-9.9416755037,-9.9416755037,0E-7,1,1,0.50665070000000000,0.506650700000,-1.013391052207602,-1.013391052207602,-1.013391052207602,0E-17,ELIGIBLE,R03b_20260811_FULL_v1,L1_ELIGIBILITY,v2026-08-11,2026-03-21..2026-08-06,baccarat_bet02_101_all_pairs_incl_sentinel,round_win = game_pnl > 0 (decisive only),COMPATIBILITY_ONLY_NOT_PRODUCTION,296357.1217,267511.9505,6650.6079,18220,18206,-0.02244119,-0.04150452,-0.02020951,-0.02244119,-6650.6079,296357.1217,OK,0.0000,266.0243,4.0000,96.0000,AG03-UNRESOLVED,ALL5_LEVELS_bet23_to_bet27,266.0243,266.0243,266.0243,332.5304,332.5304,4.000000,4.000000,4.000000,5.000000,5.000000,96.000000,96.000000,96.000000,95.000000,95.000000,5.0,1463.1337,1340.2688,5187.4742,5310.3391,PENDING_AG03,FALSE,NOT_FOR_ENFORCEMENT,6384.5836,256811.4724,6650.6079,6384.5836,266.0243,0.02244119,0.02154355,266.0243,6384.5836,0.02154355,266.0243,266.0243,266.0243,332.5304,332.5304,6384.5836,0.02154355,1463.1337,1340.2688,5187.4742,5310.3391,0.01750413,0.01791872,0.00089765,16.2655,14.6936,0.3653,59.3804,1.1678,2646.0457,162.5536,12.4780,16.8648,9.0895,16.5695,22.0926,29.825,33.4482,44.5976,11.8163,0.0,2.018664,2.691552,0.981654,30,240,141,4,0.10479828,0.02244119,0.04150452,0E-8,0.000000,0.902668,0.011910,-0.02129501,2026-03-22,2026-08-05,112,5695,2177,137,0.817518,0.739886,0.767145,0.349328,,,,,,,,GLOBAL_BASELINE_NO_ENTITY_RANKING,,,NOT_APPLICABLE_GLOBAL_BASELINE,HF9g-P5,,,,X 全窗基线 · 不参与实体赏罚,14196877,1420,A168_HF9F_20260827_0900,2026-08-27 09:00:00
2026-07-19,110249610,752,0,16.5694591729,-16.5694591729,-16.5694591729,0E-7,1,1,0.50665070000000000,0.506650700000,-1.013391052207602,-1.013391052207602,-1.013391052207602,0E-17,ELIGIBLE,R03b_20260811_FULL_v1,L1_ELIGIBILITY,v2026-08-11,2026-03-21..2026-08-06,baccarat_bet02_101_all_pairs_incl_sentinel,round_win = game_pnl > 0 (decisive only),COMPATIBILITY_ONLY_NOT_PRODUCTION,296357.1217,267511.9505,6650.6079,18220,18206,-0.02244119,-0.04150452,-0.02020951,-0.02244119,-6650.6079,296357.1217,OK,0.0000,266.0243,4.0000,96.0000,AG03-UNRESOLVED,ALL5_LEVELS_bet23_to_bet27,266.0243,266.0243,266.0243,332.5304,332.5304,4.000000,4.000000,4.000000,5.000000,5.000000,96.000000,96.000000,96.000000,95.000000,95.000000,5.0,1463.1337,1340.2688,5187.4742,5310.3391,PENDING_AG03,FALSE,NOT_FOR_ENFORCEMENT,6384.5836,256811.4724,6650.6079,6384.5836,266.0243,0.02244119,0.02154355,266.0243,6384.5836,0.02154355,266.0243,266.0243,266.0243,332.5304,332.5304,6384.5836,0.02154355,1463.1337,1340.2688,5187.4742,5310.3391,0.01750413,0.01791872,0.00089765,16.2655,14.6936,0.3653,59.3804,1.1678,2646.0457,162.5536,12.4780,16.8648,9.0895,16.5695,22.0926,29.825,33.4482,44.5976,11.8163,0.0,2.018664,2.691552,0.981654,30,240,141,4,0.10479828,0.02244119,0.04150452,0E-8,0.000000,0.902668,0.011910,-0.02129501,2026-03-22,2026-08-05,112,5695,2177,137,0.817518,0.739886,0.767145,0.349328,,,,,,,,GLOBAL_BASELINE_NO_ENTITY_RANKING,,,NOT_APPLICABLE_GLOBAL_BASELINE,HF9g-P5,,,,X 全窗基线 · 不参与实体赏罚,14196878,1420,A168_HF9F_20260827_0900,2026-08-27 09:00:00
2026-07-19,110249610,772,0,2.2092612230,-2.2092612230,-2.2092612230,0E-7,1,1,0.49324550000000000,0.493245500000,-0.9865810262130424,-0.9865810262130424,-0.9865810262130424,0E-17,ELIGIBLE,R03b_20260811_FULL_v1,L1_ELIGIBILITY,v2026-08-11,2026-03-21..2026-08-06,baccarat_bet02_101_all_pairs_incl_sentinel,round_win = game_pnl > 0 (decisive only),COMPATIBILITY_ONLY_NOT_PRODUCTION,296357.1217,267511.9505,6650.6079,18220,18206,-0.02244119,-0.04150452,-0.02020951,-0.02244119,-6650.6079,296357.1217,OK,0.0000,266.0243,4.0000,96.0000,AG03-UNRESOLVED,ALL5_LEVELS_bet23_to_bet27,266.0243,266.0243,266.0243,332.5304,332.5304,4.000000,4.000000,4.000000,5.000000,5.000000,96.000000,96.000000,96.000000,95.000000,95.000000,5.0,1463.1337,1340.2688,5187.4742,5310.3391,PENDING_AG03,FALSE,NOT_FOR_ENFORCEMENT,6384.5836,256811.4724,6650.6079,6384.5836,266.0243,0.02244119,0.02154355,266.0243,6384.5836,0.02154355,266.0243,266.0243,266.0243,332.5304,332.5304,6384.5836,0.02154355,1463.1337,1340.2688,5187.4742,5310.3391,0.01750413,0.01791872,0.00089765,16.2655,14.6936,0.3653,59.3804,1.1678,2646.0457,162.5536,12.4780,16.8648,9.0895,16.5695,22.0926,29.825,33.4482,44.5976,11.8163,0.0,2.018664,2.691552,0.981654,30,240,141,4,0.10479828,0.02244119,0.04150452,0E-8,0.000000,0.902668,0.011910,-0.02129501,2026-03-22,2026-08-05,112,5695,2177,137,0.817518,0.739886,0.767145,0.349328,,,,,,,,GLOBAL_BASELINE_NO_ENTITY_RANKING,,,NOT_APPLICABLE_GLOBAL_BASELINE,HF9g-P5,,,,X 全窗基线 · 不参与实体赏罚,14196879,1420,A168_HF9F_20260827_0900,2026-08-27 09:00:00
2026-07-19,110249610,994,0,42.5282785436,-1.6017143867,-1.6017143867,0.5000000,4,4,0.50665070000000000,0.506650700000,-0.02660515369234503,-0.02660515369234503,-0.02660515369234503,0E-17,ELIGIBLE,R03b_20260811_FULL_v1,L1_ELIGIBILITY,v2026-08-11,2026-03-21..2026-08-06,baccarat_bet02_101_all_pairs_incl_sentinel,round_win = game_pnl > 0 (decisive only),COMPATIBILITY_ONLY_NOT_PRODUCTION,296357.1217,267511.9505,6650.6079,18220,18206,-0.02244119,-0.04150452,-0.02020951,-0.02244119,-6650.6079,296357.1217,OK,0.0000,266.0243,4.0000,96.0000,AG03-UNRESOLVED,ALL5_LEVELS_bet23_to_bet27,266.0243,266.0243,266.0243,332.5304,332.5304,4.000000,4.000000,4.000000,5.000000,5.000000,96.000000,96.000000,96.000000,95.000000,95.000000,5.0,1463.1337,1340.2688,5187.4742,5310.3391,PENDING_AG03,FALSE,NOT_FOR_ENFORCEMENT,6384.5836,256811.4724,6650.6079,6384.5836,266.0243,0.02244119,0.02154355,266.0243,6384.5836,0.02154355,266.0243,266.0243,266.0243,332.5304,332.5304,6384.5836,0.02154355,1463.1337,1340.2688,5187.4742,5310.3391,0.01750413,0.01791872,0.00089765,16.2655,14.6936,0.3653,59.3804,1.1678,2646.0457,162.5536,12.4780,16.8648,9.0895,16.5695,22.0926,29.825,33.4482,44.5976,11.8163,0.0,2.018664,2.691552,0.981654,30,240,141,4,0.10479828,0.02244119,0.04150452,0E-8,0.000000,0.902668,0.011910,-0.02129501,2026-03-22,2026-08-05,112,5695,2177,137,0.817518,0.739886,0.767145,0.349328,,,,,,,,GLOBAL_BASELINE_NO_ENTITY_RANKING,,,NOT_APPLICABLE_GLOBAL_BASELINE,HF9g-P5,,,,X 全窗基线 · 不参与实体赏罚,14196880,1420,A168_HF9F_20260827_0900,2026-08-27 09:00:00
2026-07-20,110249610,-1,1,1971.7656415686,-102.5428596668,-102.5428596668,0.4863014,163,163,0.50212747300613497,0.502127473006,-0.38245852586076706,-0.38245852585750484,-0.38245852586076706,1.3497E-13,SENTINEL_DEALER,R03b_20260811_FULL_v1,L1_ELIGIBILITY,v2026-08-11,2026-03-21..2026-08-06,baccarat_bet02_101_all_pairs_incl_sentinel,round_win = game_pnl > 0 (decisive only),COMPATIBILITY_ONLY_NOT_PRODUCTION,296357.1217,267511.9505,6650.6079,18220,18206,-0.02244119,-0.04150452,-0.02020951,-0.02244119,-6650.6079,296357.1217,OK,0.0000,266.0243,4.0000,96.0000,AG03-UNRESOLVED,ALL5_LEVELS_bet23_to_bet27,266.0243,266.0243,266.0243,332.5304,332.5304,4.000000,4.000000,4.000000,5.000000,5.000000,96.000000,96.000000,96.000000,95.000000,95.000000,5.0,1463.1337,1340.2688,5187.4742,5310.3391,PENDING_AG03,FALSE,NOT_FOR_ENFORCEMENT,6384.5836,256811.4724,6650.6079,6384.5836,266.0243,0.02244119,0.02154355,266.0243,6384.5836,0.02154355,266.0243,266.0243,266.0243,332.5304,332.5304,6384.5836,0.02154355,1463.1337,1340.2688,5187.4742,5310.3391,0.01750413,0.01791872,0.00089765,16.2655,14.6936,0.3653,59.3804,1.1678,2646.0457,162.5536,12.4780,16.8648,9.0895,16.5695,22.0926,29.825,33.4482,44.5976,11.8163,0.0,2.018664,2.691552,0.981654,30,240,141,4,0.10479828,0.02244119,0.04150452,0E-8,0.000000,0.902668,0.011910,-0.02129501,2026-03-22,2026-08-05,112,5695,2177,137,0.817518,0.739886,0.767145,0.349328,,,,,,,,GLOBAL_BASELINE_NO_ENTITY_RANKING,,,NOT_APPLICABLE_GLOBAL_BASELINE,HF9g-P5,,,,X 全窗基线 · 不参与实体赏罚,14196881,1420,A168_HF9F_20260827_0900,2026-08-27 09:00:00
2026-07-20,110249610,1017,0,39.2143867092,-39.2143867092,-39.2143867092,0E-7,4,4,0.49994810000000000,0.499948100000,-1.9997924107733216,-1.9997924107733216,-1.9997924107733216,0E-17,ELIGIBLE,R03b_20260811_FULL_v1,L1_ELIGIBILITY,v2026-08-11,2026-03-21..2026-08-06,baccarat_bet02_101_all_pairs_incl_sentinel,round_win = game_pnl > 0 (decisive only),COMPATIBILITY_ONLY_NOT_PRODUCTION,296357.1217,267511.9505,6650.6079,18220,18206,-0.02244119,-0.04150452,-0.02020951,-0.02244119,-6650.6079,296357.1217,OK,0.0000,266.0243,4.0000,96.0000,AG03-UNRESOLVED,ALL5_LEVELS_bet23_to_bet27,266.0243,266.0243,266.0243,332.5304,332.5304,4.000000,4.000000,4.000000,5.000000,5.000000,96.000000,96.000000,96.000000,95.000000,95.000000,5.0,1463.1337,1340.2688,5187.4742,5310.3391,PENDING_AG03,FALSE,NOT_FOR_ENFORCEMENT,6384.5836,256811.4724,6650.6079,6384.5836,266.0243,0.02244119,0.02154355,266.0243,6384.5836,0.02154355,266.0243,266.0243,266.0243,332.5304,332.5304,6384.5836,0.02154355,1463.1337,1340.2688,5187.4742,5310.3391,0.01750413,0.01791872,0.00089765,16.2655,14.6936,0.3653,59.3804,1.1678,2646.0457,162.5536,12.4780,16.8648,9.0895,16.5695,22.0926,29.825,33.4482,44.5976,11.8163,0.0,2.018664,2.691552,0.981654,30,240,141,4,0.10479828,0.02244119,0.04150452,0E-8,0.000000,0.902668,0.011910,-0.02129501,2026-03-22,2026-08-05,112,5695,2177,137,0.817518,0.739886,0.767145,0.349328,,,,,,,,GLOBAL_BASELINE_NO_ENTITY_RANKING,,,NOT_APPLICABLE_GLOBAL_BASELINE,HF9g-P5,,,,X 全窗基线 · 不参与实体赏罚,14196882,1420,A168_HF9F_20260827_0900,2026-08-27 09:00:00
2026-07-20,110249610,1094,0,8.8370448921,2.2092612231,2.2092612231,0.5000000,3,3,0.50218230000000000,0.502182300000,-0.00617253530718887,-0.00617253530718887,-0.00617253530718887,0E-17,ELIGIBLE,R03b_20260811_FULL_v1,L1_ELIGIBILITY,v2026-08-11,2026-03-21..2026-08-06,baccarat_bet02_101_all_pairs_incl_sentinel,round_win = game_pnl > 0 (decisive only),COMPATIBILITY_ONLY_NOT_PRODUCTION,296357.1217,267511.9505,6650.6079,18220,18206,-0.02244119,-0.04150452,-0.02020951,-0.02244119,-6650.6079,296357.1217,OK,0.0000,266.0243,4.0000,96.0000,AG03-UNRESOLVED,ALL5_LEVELS_bet23_to_bet27,266.0243,266.0243,266.0243,332.5304,332.5304,4.000000,4.000000,4.000000,5.000000,5.000000,96.000000,96.000000,96.000000,95.000000,95.000000,5.0,1463.1337,1340.2688,5187.4742,5310.3391,PENDING_AG03,FALSE,NOT_FOR_ENFORCEMENT,6384.5836,256811.4724,6650.6079,6384.5836,266.0243,0.02244119,0.02154355,266.0243,6384.5836,0.02154355,266.0243,266.0243,266.0243,332.5304,332.5304,6384.5836,0.02154355,1463.1337,1340.2688,5187.4742,5310.3391,0.01750413,0.01791872,0.00089765,16.2655,14.6936,0.3653,59.3804,1.1678,2646.0457,162.5536,12.4780,16.8648,9.0895,16.5695,22.0926,29.825,33.4482,44.5976,11.8163,0.0,2.018664,2.691552,0.981654,30,240,141,4,0.10479828,0.02244119,0.04150452,0E-8,0.000000,0.902668,0.011910,-0.02129501,2026-03-22,2026-08-05,112,5695,2177,137,0.817518,0.739886,0.767145,0.349328,,,,,,,,GLOBAL_BASELINE_NO_ENTITY_RANKING,,,NOT_APPLICABLE_GLOBAL_BASELINE,HF9g-P5,,,,X 全窗基线 · 不参与实体赏罚,14196883,1420,A168_HF9F_20260827_0900,2026-08-27 09:00:00
2026-07-20,110249610,1115,0,96.1028632025,-21.8164545775,-21.8164545775,0.2857143,8,8,0.49994810000000000,0.499948100000,-1.133618796148647,-1.133618796148647,-1.133618796148647,0E-17,ELIGIBLE,R03b_20260811_FULL_v1,L1_ELIGIBILITY,v2026-08-11,2026-03-21..2026-08-06,baccarat_bet02_101_all_pairs_incl_sentinel,round_win = game_pnl > 0 (decisive only),COMPATIBILITY_ONLY_NOT_PRODUCTION,296357.1217,267511.9505,6650.6079,18220,18206,-0.02244119,-0.04150452,-0.02020951,-0.02244119,-6650.6079,296357.1217,OK,0.0000,266.0243,4.0000,96.0000,AG03-UNRESOLVED,ALL5_LEVELS_bet23_to_bet27,266.0243,266.0243,266.0243,332.5304,332.5304,4.000000,4.000000,4.000000,5.000000,5.000000,96.000000,96.000000,96.000000,95.000000,95.000000,5.0,1463.1337,1340.2688,5187.4742,5310.3391,PENDING_AG03,FALSE,NOT_FOR_ENFORCEMENT,6384.5836,256811.4724,6650.6079,6384.5836,266.0243,0.02244119,0.02154355,266.0243,6384.5836,0.02154355,266.0243,266.0243,266.0243,332.5304,332.5304,6384.5836,0.02154355,1463.1337,1340.2688,5187.4742,5310.3391,0.01750413,0.01791872,0.00089765,16.2655,14.6936,0.3653,59.3804,1.1678,2646.0457,162.5536,12.4780,16.8648,9.0895,16.5695,22.0926,29.825,33.4482,44.5976,11.8163,0.0,2.018664,2.691552,0.981654,30,240,141,4,0.10479828,0.02244119,0.04150452,0E-8,0.000000,0.902668,0.011910,-0.02129501,2026-03-22,2026-08-05,112,5695,2177,137,0.817518,0.739886,0.767145,0.349328,,,,,,,,GLOBAL_BASELINE_NO_ENTITY_RANKING,,,NOT_APPLICABLE_GLOBAL_BASELINE,HF9g-P5,,,,X 全窗基线 · 不参与实体赏罚,14196884,1420,A168_HF9F_20260827_0900,2026-08-27 09:00:00
2026-07-20,110249610,1210,0,138.0788264405,-34.2711647226,-34.2711647226,0.4000000,11,11,0.50421339090909091,0.504213390909,-0.6591267588502832,-0.659126758849707,-0.6591267588502832,9.091E-14,ELIGIBLE,R03b_20260811_FULL_v1,L1_ELIGIBILITY,v2026-08-11,2026-03-21..2026-08-06,baccarat_bet02_101_all_pairs_incl_sentinel,round_win = game_pnl > 0 (decisive only),COMPATIBILITY_ONLY_NOT_PRODUCTION,296357.1217,267511.9505,6650.6079,18220,18206,-0.02244119,-0.04150452,-0.02020951,-0.02244119,-6650.6079,296357.1217,OK,0.0000,266.0243,4.0000,96.0000,AG03-UNRESOLVED,ALL5_LEVELS_bet23_to_bet27,266.0243,266.0243,266.0243,332.5304,332.5304,4.000000,4.000000,4.000000,5.000000,5.000000,96.000000,96.000000,96.000000,95.000000,95.000000,5.0,1463.1337,1340.2688,5187.4742,5310.3391,PENDING_AG03,FALSE,NOT_FOR_ENFORCEMENT,6384.5836,256811.4724,6650.6079,6384.5836,266.0243,0.02244119,0.02154355,266.0243,6384.5836,0.02154355,266.0243,266.0243,266.0243,332.5304,332.5304,6384.5836,0.02154355,1463.1337,1340.2688,5187.4742,5310.3391,0.01750413,0.01791872,0.00089765,16.2655,14.6936,0.3653,59.3804,1.1678,2646.0457,162.5536,12.4780,16.8648,9.0895,16.5695,22.0926,29.825,33.4482,44.5976,11.8163,0.0,2.018664,2.691552,0.981654,30,240,141,4,0.10479828,0.02244119,0.04150452,0E-8,0.000000,0.902668,0.011910,-0.02129501,2026-03-22,2026-08-05,112,5695,2177,137,0.817518,0.739886,0.767145,0.349328,,,,,,,,GLOBAL_BASELINE_NO_ENTITY_RANKING,,,NOT_APPLICABLE_GLOBAL_BASELINE,HF9g-P5,,,,X 全窗基线 · 不参与实体赏罚,14196885,1420,A168_HF9F_20260827_0900,2026-08-27 09:00:00
2026-07-20,110249610,1304,0,83.9519264757,-61.8593142453,-61.8593142453,0.1428571,7,7,0.49707555714285714,0.497075557143,-1.8743797290365218,-1.8743797290372748,-1.8743797290365218,-1.4286E-13,ELIGIBLE,R03b_20260811_FULL_v1,L1_ELIGIBILITY,v2026-08-11,2026-03-21..2026-08-06,baccarat_bet02_101_all_pairs_incl_sentinel,round_win = game_pnl > 0 (decisive only),COMPATIBILITY_ONLY_NOT_PRODUCTION,296357.1217,267511.9505,6650.6079,18220,18206,-0.02244119,-0.04150452,-0.02020951,-0.02244119,-6650.6079,296357.1217,OK,0.0000,266.0243,4.0000,96.0000,AG03-UNRESOLVED,ALL5_LEVELS_bet23_to_bet27,266.0243,266.0243,266.0243,332.5304,332.5304,4.000000,4.000000,4.000000,5.000000,5.000000,96.000000,96.000000,96.000000,95.000000,95.000000,5.0,1463.1337,1340.2688,5187.4742,5310.3391,PENDING_AG03,FALSE,NOT_FOR_ENFORCEMENT,6384.5836,256811.4724,6650.6079,6384.5836,266.0243,0.02244119,0.02154355,266.0243,6384.5836,0.02154355,266.0243,266.0243,266.0243,332.5304,332.5304,6384.5836,0.02154355,1463.1337,1340.2688,5187.4742,5310.3391,0.01750413,0.01791872,0.00089765,16.2655,14.6936,0.3653,59.3804,1.1678,2646.0457,162.5536,12.4780,16.8648,9.0895,16.5695,22.0926,29.825,33.4482,44.5976,11.8163,0.0,2.018664,2.691552,0.981654,30,240,141,4,0.10479828,0.02244119,0.04150452,0E-8,0.000000,0.902668,0.011910,-0.02129501,2026-03-22,2026-08-05,112,5695,2177,137,0.817518,0.739886,0.767145,0.349328,,,,,,,,GLOBAL_BASELINE_NO_ENTITY_RANKING,,,NOT_APPLICABLE_GLOBAL_BASELINE,HF9g-P5,,,,X 全窗基线 · 不参与实体赏罚,14196886,1420,A168_HF9F_20260827_0900,2026-08-27 09:00:00
2026-07-20,110249610,1306,0,40.3190173205,-0.4694680098,-0.4694680098,0.6666667,6,6,0.50665070000000000,0.506650700000,0.7839842952205449,0.7839842952205449,0.7839842952205449,0E-17,ELIGIBLE,R03b_20260811_FULL_v1,L1_ELIGIBILITY,v2026-08-11,2026-03-21..2026-08-06,baccarat_bet02_101_all_pairs_incl_sentinel,round_win = game_pnl > 0 (decisive only),COMPATIBILITY_ONLY_NOT_PRODUCTION,296357.1217,267511.9505,6650.6079,18220,18206,-0.02244119,-0.04150452,-0.02020951,-0.02244119,-6650.6079,296357.1217,OK,0.0000,266.0243,4.0000,96.0000,AG03-UNRESOLVED,ALL5_LEVELS_bet23_to_bet27,266.0243,266.0243,266.0243,332.5304,332.5304,4.000000,4.000000,4.000000,5.000000,5.000000,96.000000,96.000000,96.000000,95.000000,95.000000,5.0,1463.1337,1340.2688,5187.4742,5310.3391,PENDING_AG03,FALSE,NOT_FOR_ENFORCEMENT,6384.5836,256811.4724,6650.6079,6384.5836,266.0243,0.02244119,0.02154355,266.0243,6384.5836,0.02154355,266.0243,266.0243,266.0243,332.5304,332.5304,6384.5836,0.02154355,1463.1337,1340.2688,5187.4742,5310.3391,0.01750413,0.01791872,0.00089765,16.2655,14.6936,0.3653,59.3804,1.1678,2646.0457,162.5536,12.4780,16.8648,9.0895,16.5695,22.0926,29.825,33.4482,44.5976,11.8163,0.0,2.018664,2.691552,0.981654,30,240,141,4,0.10479828,0.02244119,0.04150452,0E-8,0.000000,0.902668,0.011910,-0.02129501,2026-03-22,2026-08-05,112,5695,2177,137,0.817518,0.739886,0.767145,0.349328,,,,,,,,GLOBAL_BASELINE_NO_ENTITY_RANKING,,,NOT_APPLICABLE_GLOBAL_BASELINE,HF9g-P5,,,,X 全窗基线 · 不参与实体赏罚,14196887,1420,A168_HF9F_20260827_0900,2026-08-27 09:00:00
2026-07-20,110249610,1325,0,63.5162601626,6.4897048428,6.4897048428,0.5000000,4,4,0.50329940000000000,0.503299400000,-0.01319788734859681,-0.01319788734859681,-0.01319788734859681,0E-17,ELIGIBLE,R03b_20260811_FULL_v1,L1_ELIGIBILITY,v2026-08-11,2026-03-21..2026-08-06,baccarat_bet02_101_all_pairs_incl_sentinel,round_win = game_pnl > 0 (decisive only),COMPATIBILITY_ONLY_NOT_PRODUCTION,296357.1217,267511.9505,6650.6079,18220,18206,-0.02244119,-0.04150452,-0.02020951,-0.02244119,-6650.6079,296357.1217,OK,0.0000,266.0243,4.0000,96.0000,AG03-UNRESOLVED,ALL5_LEVELS_bet23_to_bet27,266.0243,266.0243,266.0243,332.5304,332.5304,4.000000,4.000000,4.000000,5.000000,5.000000,96.000000,96.000000,96.000000,95.000000,95.000000,5.0,1463.1337,1340.2688,5187.4742,5310.3391,PENDING_AG03,FALSE,NOT_FOR_ENFORCEMENT,6384.5836,256811.4724,6650.6079,6384.5836,266.0243,0.02244119,0.02154355,266.0243,6384.5836,0.02154355,266.0243,266.0243,266.0243,332.5304,332.5304,6384.5836,0.02154355,1463.1337,1340.2688,5187.4742,5310.3391,0.01750413,0.01791872,0.00089765,16.2655,14.6936,0.3653,59.3804,1.1678,2646.0457,162.5536,12.4780,16.8648,9.0895,16.5695,22.0926,29.825,33.4482,44.5976,11.8163,0.0,2.018664,2.691552,0.981654,30,240,141,4,0.10479828,0.02244119,0.04150452,0E-8,0.000000,0.902668,0.011910,-0.02129501,2026-03-22,2026-08-05,112,5695,2177,137,0.817518,0.739886,0.767145,0.349328,,,,,,,,GLOBAL_BASELINE_NO_ENTITY_RANKING,,,NOT_APPLICABLE_GLOBAL_BASELINE,HF9g-P5,,,,X 全窗基线 · 不参与实体赏罚,14196888,1420,A168_HF9F_20260827_0900,2026-08-27 09:00:00
2026-07-20,110249610,1360,0,93.7831389182,11.0186903501,11.0186903501,0.6000000,10,10,0.50262914000000000,0.502629140000,0.615835904497673,0.615835904497673,0.615835904497673,0E-17,ELIGIBLE,R03b_20260811_FULL_v1,L1_ELIGIBILITY,v2026-08-11,2026-03-21..2026-08-06,baccarat_bet02_101_all_pairs_incl_sentinel,round_win = game_pnl > 0 (decisive only),COMPATIBILITY_ONLY_NOT_PRODUCTION,296357.1217,267511.9505,6650.6079,18220,18206,-0.02244119,-0.04150452,-0.02020951,-0.02244119,-6650.6079,296357.1217,OK,0.0000,266.0243,4.0000,96.0000,AG03-UNRESOLVED,ALL5_LEVELS_bet23_to_bet27,266.0243,266.0243,266.0243,332.5304,332.5304,4.000000,4.000000,4.000000,5.000000,5.000000,96.000000,96.000000,96.000000,95.000000,95.000000,5.0,1463.1337,1340.2688,5187.4742,5310.3391,PENDING_AG03,FALSE,NOT_FOR_ENFORCEMENT,6384.5836,256811.4724,6650.6079,6384.5836,266.0243,0.02244119,0.02154355,266.0243,6384.5836,0.02154355,266.0243,266.0243,266.0243,332.5304,332.5304,6384.5836,0.02154355,1463.1337,1340.2688,5187.4742,5310.3391,0.01750413,0.01791872,0.00089765,16.2655,14.6936,0.3653,59.3804,1.1678,2646.0457,162.5536,12.4780,16.8648,9.0895,16.5695,22.0926,29.825,33.4482,44.5976,11.8163,0.0,2.018664,2.691552,0.981654,30,240,141,4,0.10479828,0.02244119,0.04150452,0E-8,0.000000,0.902668,0.011910,-0.02129501,2026-03-22,2026-08-05,112,5695,2177,137,0.817518,0.739886,0.767145,0.349328,,,,,,,,GLOBAL_BASELINE_NO_ENTITY_RANKING,,,NOT_APPLICABLE_GLOBAL_BASELINE,HF9g-P5,,,,X 全窗基线 · 不参与实体赏罚,14196889,1420,A168_HF9F_20260827_0900,2026-08-27 09:00:00
2026-07-20,110249610,1382,0,32.0342877342,-32.0342877342,-32.0342877342,0E-7,3,3,0.49324550000000000,0.493245500000,-1.708808463184432,-1.7088084631844318,-1.708808463184432,0E-17,ELIGIBLE,R03b_20260811_FULL_v1,L1_ELIGIBILITY,v2026-08-11,2026-03-21..2026-08-06,baccarat_bet02_101_all_pairs_incl_sentinel,round_win = game_pnl > 0 (decisive only),COMPATIBILITY_ONLY_NOT_PRODUCTION,296357.1217,267511.9505,6650.6079,18220,18206,-0.02244119,-0.04150452,-0.02020951,-0.02244119,-6650.6079,296357.1217,OK,0.0000,266.0243,4.0000,96.0000,AG03-UNRESOLVED,ALL5_LEVELS_bet23_to_bet27,266.0243,266.0243,266.0243,332.5304,332.5304,4.000000,4.000000,4.000000,5.000000,5.000000,96.000000,96.000000,96.000000,95.000000,95.000000,5.0,1463.1337,1340.2688,5187.4742,5310.3391,PENDING_AG03,FALSE,NOT_FOR_ENFORCEMENT,6384.5836,256811.4724,6650.6079,6384.5836,266.0243,0.02244119,0.02154355,266.0243,6384.5836,0.02154355,266.0243,266.0243,266.0243,332.5304,332.5304,6384.5836,0.02154355,1463.1337,1340.2688,5187.4742,5310.3391,0.01750413,0.01791872,0.00089765,16.2655,14.6936,0.3653,59.3804,1.1678,2646.0457,162.5536,12.4780,16.8648,9.0895,16.5695,22.0926,29.825,33.4482,44.5976,11.8163,0.0,2.018664,2.691552,0.981654,30,240,141,4,0.10479828,0.02244119,0.04150452,0E-8,0.000000,0.902668,0.011910,-0.02129501,2026-03-22,2026-08-05,112,5695,2177,137,0.817518,0.739886,0.767145,0.349328,,,,,,,,GLOBAL_BASELINE_NO_ENTITY_RANKING,,,NOT_APPLICABLE_GLOBAL_BASELINE,HF9g-P5,,,,X 全窗基线 · 不参与实体赏罚,14196890,1420,A168_HF9F_20260827_0900,2026-08-27 09:00:00
2026-07-20,110249610,1399,0,110.3525980912,10.0521385651,10.0521385651,0.5000000,9,9,0.49473496666666667,0.494734966667,0.029785177555720164,0.02978517755383425,0.029785177555720164,-3.3333E-13,ELIGIBLE,R03b_20260811_FULL_v1,L1_ELIGIBILITY,v2026-08-11,2026-03-21..2026-08-06,baccarat_bet02_101_all_pairs_incl_sentinel,round_win = game_pnl > 0 (decisive only),COMPATIBILITY_ONLY_NOT_PRODUCTION,296357.1217,267511.9505,6650.6079,18220,18206,-0.02244119,-0.04150452,-0.02020951,-0.02244119,-6650.6079,296357.1217,OK,0.0000,266.0243,4.0000,96.0000,AG03-UNRESOLVED,ALL5_LEVELS_bet23_to_bet27,266.0243,266.0243,266.0243,332.5304,332.5304,4.000000,4.000000,4.000000,5.000000,5.000000,96.000000,96.000000,96.000000,95.000000,95.000000,5.0,1463.1337,1340.2688,5187.4742,5310.3391,PENDING_AG03,FALSE,NOT_FOR_ENFORCEMENT,6384.5836,256811.4724,6650.6079,6384.5836,266.0243,0.02244119,0.02154355,266.0243,6384.5836,0.02154355,266.0243,266.0243,266.0243,332.5304,332.5304,6384.5836,0.02154355,1463.1337,1340.2688,5187.4742,5310.3391,0.01750413,0.01791872,0.00089765,16.2655,14.6936,0.3653,59.3804,1.1678,2646.0457,162.5536,12.4780,16.8648,9.0895,16.5695,22.0926,29.825,33.4482,44.5976,11.8163,0.0,2.018664,2.691552,0.981654,30,240,141,4,0.10479828,0.02244119,0.04150452,0E-8,0.000000,0.902668,0.011910,-0.02129501,2026-03-22,2026-08-05,112,5695,2177,137,0.817518,0.739886,0.767145,0.349328,,,,,,,,GLOBAL_BASELINE_NO_ENTITY_RANKING,,,NOT_APPLICABLE_GLOBAL_BASELINE,HF9g-P5,,,,X 全窗基线 · 不参与实体赏罚,14196891,1420,A168_HF9F_20260827_0900,2026-08-27 09:00:00
2026-07-20,110249610,1401,0,70.1440438317,2.3197242842,2.3197242842,0.8000000,7,7,0.49899058571428571,0.498990585714,1.3461577676699097,1.3461577676711887,1.3461577676699097,2.8571E-13,ELIGIBLE,R03b_20260811_FULL_v1,L1_ELIGIBILITY,v2026-08-11,2026-03-21..2026-08-06,baccarat_bet02_101_all_pairs_incl_sentinel,round_win = game_pnl > 0 (decisive only),COMPATIBILITY_ONLY_NOT_PRODUCTION,296357.1217,267511.9505,6650.6079,18220,18206,-0.02244119,-0.04150452,-0.02020951,-0.02244119,-6650.6079,296357.1217,OK,0.0000,266.0243,4.0000,96.0000,AG03-UNRESOLVED,ALL5_LEVELS_bet23_to_bet27,266.0243,266.0243,266.0243,332.5304,332.5304,4.000000,4.000000,4.000000,5.000000,5.000000,96.000000,96.000000,96.000000,95.000000,95.000000,5.0,1463.1337,1340.2688,5187.4742,5310.3391,PENDING_AG03,FALSE,NOT_FOR_ENFORCEMENT,6384.5836,256811.4724,6650.6079,6384.5836,266.0243,0.02244119,0.02154355,266.0243,6384.5836,0.02154355,266.0243,266.0243,266.0243,332.5304,332.5304,6384.5836,0.02154355,1463.1337,1340.2688,5187.4742,5310.3391,0.01750413,0.01791872,0.00089765,16.2655,14.6936,0.3653,59.3804,1.1678,2646.0457,162.5536,12.4780,16.8648,9.0895,16.5695,22.0926,29.825,33.4482,44.5976,11.8163,0.0,2.018664,2.691552,0.981654,30,240,141,4,0.10479828,0.02244119,0.04150452,0E-8,0.000000,0.902668,0.011910,-0.02129501,2026-03-22,2026-08-05,112,5695,2177,137,0.817518,0.739886,0.767145,0.349328,,,,,,,,GLOBAL_BASELINE_NO_ENTITY_RANKING,,,NOT_APPLICABLE_GLOBAL_BASELINE,HF9g-P5,,,,X 全窗基线 · 不参与实体赏罚,14196892,1420,A168_HF9F_20260827_0900,2026-08-27 09:00:00
2026-07-20,110249610,1623,0,11.0463061152,-11.0463061152,-11.0463061152,0E-7,1,1,0.50665070000000000,0.506650700000,-1.013391052207602,-1.013391052207602,-1.013391052207602,0E-17,ELIGIBLE,R03b_20260811_FULL_v1,L1_ELIGIBILITY,v2026-08-11,2026-03-21..2026-08-06,baccarat_bet02_101_all_pairs_incl_sentinel,round_win = game_pnl > 0 (decisive only),COMPATIBILITY_ONLY_NOT_PRODUCTION,296357.1217,267511.9505,6650.6079,18220,18206,-0.02244119,-0.04150452,-0.02020951,-0.02244119,-6650.6079,296357.1217,OK,0.0000,266.0243,4.0000,96.0000,AG03-UNRESOLVED,ALL5_LEVELS_bet23_to_bet27,266.0243,266.0243,266.0243,332.5304,332.5304,4.000000,4.000000,4.000000,5.000000,5.000000,96.000000,96.000000,96.000000,95.000000,95.000000,5.0,1463.1337,1340.2688,5187.4742,5310.3391,PENDING_AG03,FALSE,NOT_FOR_ENFORCEMENT,6384.5836,256811.4724,6650.6079,6384.5836,266.0243,0.02244119,0.02154355,266.0243,6384.5836,0.02154355,266.0243,266.0243,266.0243,332.5304,332.5304,6384.5836,0.02154355,1463.1337,1340.2688,5187.4742,5310.3391,0.01750413,0.01791872,0.00089765,16.2655,14.6936,0.3653,59.3804,1.1678,2646.0457,162.5536,12.4780,16.8648,9.0895,16.5695,22.0926,29.825,33.4482,44.5976,11.8163,0.0,2.018664,2.691552,0.981654,30,240,141,4,0.10479828,0.02244119,0.04150452,0E-8,0.000000,0.902668,0.011910,-0.02129501,2026-03-22,2026-08-05,112,5695,2177,137,0.817518,0.739886,0.767145,0.349328,,,,,,,,GLOBAL_BASELINE_NO_ENTITY_RANKING,,,NOT_APPLICABLE_GLOBAL_BASELINE,HF9g-P5,,,,X 全窗基线 · 不参与实体赏罚,14196893,1420,A168_HF9F_20260827_0900,2026-08-27 09:00:00
2026-07-20,110249610,1646,0,127.0325203252,59.8709791447,59.8709791447,0.7500000,8,8,0.50329940000000000,0.503299400000,1.3955797224674644,1.3955797224674644,1.3955797224674644,0E-17,ELIGIBLE,R03b_20260811_FULL_v1,L1_ELIGIBILITY,v2026-08-11,2026-03-21..2026-08-06,baccarat_bet02_101_all_pairs_incl_sentinel,round_win = game_pnl > 0 (decisive only),COMPATIBILITY_ONLY_NOT_PRODUCTION,296357.1217,267511.9505,6650.6079,18220,18206,-0.02244119,-0.04150452,-0.02020951,-0.02244119,-6650.6079,296357.1217,OK,0.0000,266.0243,4.0000,96.0000,AG03-UNRESOLVED,ALL5_LEVELS_bet23_to_bet27,266.0243,266.0243,266.0243,332.5304,332.5304,4.000000,4.000000,4.000000,5.000000,5.000000,96.000000,96.000000,96.000000,95.000000,95.000000,5.0,1463.1337,1340.2688,5187.4742,5310.3391,PENDING_AG03,FALSE,NOT_FOR_ENFORCEMENT,6384.5836,256811.4724,6650.6079,6384.5836,266.0243,0.02244119,0.02154355,266.0243,6384.5836,0.02154355,266.0243,266.0243,266.0243,332.5304,332.5304,6384.5836,0.02154355,1463.1337,1340.2688,5187.4742,5310.3391,0.01750413,0.01791872,0.00089765,16.2655,14.6936,0.3653,59.3804,1.1678,2646.0457,162.5536,12.4780,16.8648,9.0895,16.5695,22.0926,29.825,33.4482,44.5976,11.8163,0.0,2.018664,2.691552,0.981654,30,240,141,4,0.10479828,0.02244119,0.04150452,0E-8,0.000000,0.902668,0.011910,-0.02129501,2026-03-22,2026-08-05,112,5695,2177,137,0.817518,0.739886,0.767145,0.349328,,,,,,,,GLOBAL_BASELINE_NO_ENTITY_RANKING,,,NOT_APPLICABLE_GLOBAL_BASELINE,HF9g-P5,,,,X 全窗基线 · 不参与实体赏罚,14196894,1420,A168_HF9F_20260827_0900,2026-08-27 09:00:00
2026-07-20,110249610,1704,0,2.2092612230,-2.2092612230,-2.2092612230,0E-7,1,1,0.50665070000000000,0.506650700000,-1.013391052207602,-1.013391052207602,-1.013391052207602,0E-17,ELIGIBLE,R03b_20260811_FULL_v1,L1_ELIGIBILITY,v2026-08-11,2026-03-21..2026-08-06,baccarat_bet02_101_all_pairs_incl_sentinel,round_win = game_pnl > 0 (decisive only),COMPATIBILITY_ONLY_NOT_PRODUCTION,296357.1217,267511.9505,6650.6079,18220,18206,-0.02244119,-0.04150452,-0.02020951,-0.02244119,-6650.6079,296357.1217,OK,0.0000,266.0243,4.0000,96.0000,AG03-UNRESOLVED,ALL5_LEVELS_bet23_to_bet27,266.0243,266.0243,266.0243,332.5304,332.5304,4.000000,4.000000,4.000000,5.000000,5.000000,96.000000,96.000000,96.000000,95.000000,95.000000,5.0,1463.1337,1340.2688,5187.4742,5310.3391,PENDING_AG03,FALSE,NOT_FOR_ENFORCEMENT,6384.5836,256811.4724,6650.6079,6384.5836,266.0243,0.02244119,0.02154355,266.0243,6384.5836,0.02154355,266.0243,266.0243,266.0243,332.5304,332.5304,6384.5836,0.02154355,1463.1337,1340.2688,5187.4742,5310.3391,0.01750413,0.01791872,0.00089765,16.2655,14.6936,0.3653,59.3804,1.1678,2646.0457,162.5536,12.4780,16.8648,9.0895,16.5695,22.0926,29.825,33.4482,44.5976,11.8163,0.0,2.018664,2.691552,0.981654,30,240,141,4,0.10479828,0.02244119,0.04150452,0E-8,0.000000,0.902668,0.011910,-0.02129501,2026-03-22,2026-08-05,112,5695,2177,137,0.817518,0.739886,0.767145,0.349328,,,,,,,,GLOBAL_BASELINE_NO_ENTITY_RANKING,,,NOT_APPLICABLE_GLOBAL_BASELINE,HF9g-P5,,,,X 全窗基线 · 不参与实体赏罚,14196895,1420,A168_HF9F_20260827_0900,2026-08-27 09:00:00
2026-07-20,110249610,1714,0,16.5694591729,-8.8370448922,-8.8370448922,0E-7,2,2,0.50665070000000000,0.506650700000,-1.013391052207602,-1.013391052207602,-1.013391052207602,0E-17,ELIGIBLE,R03b_20260811_FULL_v1,L1_ELIGIBILITY,v2026-08-11,2026-03-21..2026-08-06,baccarat_bet02_101_all_pairs_incl_sentinel,round_win = game_pnl > 0 (decisive only),COMPATIBILITY_ONLY_NOT_PRODUCTION,296357.1217,267511.9505,6650.6079,18220,18206,-0.02244119,-0.04150452,-0.02020951,-0.02244119,-6650.6079,296357.1217,OK,0.0000,266.0243,4.0000,96.0000,AG03-UNRESOLVED,ALL5_LEVELS_bet23_to_bet27,266.0243,266.0243,266.0243,332.5304,332.5304,4.000000,4.000000,4.000000,5.000000,5.000000,96.000000,96.000000,96.000000,95.000000,95.000000,5.0,1463.1337,1340.2688,5187.4742,5310.3391,PENDING_AG03,FALSE,NOT_FOR_ENFORCEMENT,6384.5836,256811.4724,6650.6079,6384.5836,266.0243,0.02244119,0.02154355,266.0243,6384.5836,0.02154355,266.0243,266.0243,266.0243,332.5304,332.5304,6384.5836,0.02154355,1463.1337,1340.2688,5187.4742,5310.3391,0.01750413,0.01791872,0.00089765,16.2655,14.6936,0.3653,59.3804,1.1678,2646.0457,162.5536,12.4780,16.8648,9.0895,16.5695,22.0926,29.825,33.4482,44.5976,11.8163,0.0,2.018664,2.691552,0.981654,30,240,141,4,0.10479828,0.02244119,0.04150452,0E-8,0.000000,0.902668,0.011910,-0.02129501,2026-03-22,2026-08-05,112,5695,2177,137,0.817518,0.739886,0.767145,0.349328,,,,,,,,GLOBAL_BASELINE_NO_ENTITY_RANKING,,,NOT_APPLICABLE_GLOBAL_BASELINE,HF9g-P5,,,,X 全窗基线 · 不参与实体赏罚,14196896,1420,A168_HF9F_20260827_0900,2026-08-27 09:00:00
2026-07-20,110249610,1942,0,16.5694591729,-16.5694591729,-16.5694591729,0E-7,1,1,0.49324550000000000,0.493245500000,-0.9865810262130424,-0.9865810262130424,-0.9865810262130424,0E-17,ELIGIBLE,R03b_20260811_FULL_v1,L1_ELIGIBILITY,v2026-08-11,2026-03-21..2026-08-06,baccarat_bet02_101_all_pairs_incl_sentinel,round_win = game_pnl > 0 (decisive only),COMPATIBILITY_ONLY_NOT_PRODUCTION,296357.1217,267511.9505,6650.6079,18220,18206,-0.02244119,-0.04150452,-0.02020951,-0.02244119,-6650.6079,296357.1217,OK,0.0000,266.0243,4.0000,96.0000,AG03-UNRESOLVED,ALL5_LEVELS_bet23_to_bet27,266.0243,266.0243,266.0243,332.5304,332.5304,4.000000,4.000000,4.000000,5.000000,5.000000,96.000000,96.000000,96.000000,95.000000,95.000000,5.0,1463.1337,1340.2688,5187.4742,5310.3391,PENDING_AG03,FALSE,NOT_FOR_ENFORCEMENT,6384.5836,256811.4724,6650.6079,6384.5836,266.0243,0.02244119,0.02154355,266.0243,6384.5836,0.02154355,266.0243,266.0243,266.0243,332.5304,332.5304,6384.5836,0.02154355,1463.1337,1340.2688,5187.4742,5310.3391,0.01750413,0.01791872,0.00089765,16.2655,14.6936,0.3653,59.3804,1.1678,2646.0457,162.5536,12.4780,16.8648,9.0895,16.5695,22.0926,29.825,33.4482,44.5976,11.8163,0.0,2.018664,2.691552,0.981654,30,240,141,4,0.10479828,0.02244119,0.04150452,0E-8,0.000000,0.902668,0.011910,-0.02129501,2026-03-22,2026-08-05,112,5695,2177,137,0.817518,0.739886,0.767145,0.349328,,,,,,,,GLOBAL_BASELINE_NO_ENTITY_RANKING,,,NOT_APPLICABLE_GLOBAL_BASELINE,HF9g-P5,,,,X 全窗基线 · 不参与实体赏罚,14196897,1420,A168_HF9F_20260827_0900,2026-08-27 09:00:00
2026-07-20,110249610,1947,0,16.5694591729,-16.5694591729,-16.5694591729,0E-7,1,1,0.50665070000000000,0.506650700000,-1.013391052207602,-1.013391052207602,-1.013391052207602,0E-17,ELIGIBLE,R03b_20260811_FULL_v1,L1_ELIGIBILITY,v2026-08-11,2026-03-21..2026-08-06,baccarat_bet02_101_all_pairs_incl_sentinel,round_win = game_pnl > 0 (decisive only),COMPATIBILITY_ONLY_NOT_PRODUCTION,296357.1217,267511.9505,6650.6079,18220,18206,-0.02244119,-0.04150452,-0.02020951,-0.02244119,-6650.6079,296357.1217,OK,0.0000,266.0243,4.0000,96.0000,AG03-UNRESOLVED,ALL5_LEVELS_bet23_to_bet27,266.0243,266.0243,266.0243,332.5304,332.5304,4.000000,4.000000,4.000000,5.000000,5.000000,96.000000,96.000000,96.000000,95.000000,95.000000,5.0,1463.1337,1340.2688,5187.4742,5310.3391,PENDING_AG03,FALSE,NOT_FOR_ENFORCEMENT,6384.5836,256811.4724,6650.6079,6384.5836,266.0243,0.02244119,0.02154355,266.0243,6384.5836,0.02154355,266.0243,266.0243,266.0243,332.5304,332.5304,6384.5836,0.02154355,1463.1337,1340.2688,5187.4742,5310.3391,0.01750413,0.01791872,0.00089765,16.2655,14.6936,0.3653,59.3804,1.1678,2646.0457,162.5536,12.4780,16.8648,9.0895,16.5695,22.0926,29.825,33.4482,44.5976,11.8163,0.0,2.018664,2.691552,0.981654,30,240,141,4,0.10479828,0.02244119,0.04150452,0E-8,0.000000,0.902668,0.011910,-0.02129501,2026-03-22,2026-08-05,112,5695,2177,137,0.817518,0.739886,0.767145,0.349328,,,,,,,,GLOBAL_BASELINE_NO_ENTITY_RANKING,,,NOT_APPLICABLE_GLOBAL_BASELINE,HF9g-P5,,,,X 全窗基线 · 不参与实体赏罚,14196898,1420,A168_HF9F_20260827_0900,2026-08-27 09:00:00
2026-07-20,110249610,2093,0,67.3824673029,27.3948391658,27.3948391658,0.7500000,4,4,0.50665070000000000,0.506650700000,0.9734833216690844,0.9734833216690844,0.9734833216690844,0E-17,ELIGIBLE,R03b_20260811_FULL_v1,L1_ELIGIBILITY,v2026-08-11,2026-03-21..2026-08-06,baccarat_bet02_101_all_pairs_incl_sentinel,round_win = game_pnl > 0 (decisive only),COMPATIBILITY_ONLY_NOT_PRODUCTION,296357.1217,267511.9505,6650.6079,18220,18206,-0.02244119,-0.04150452,-0.02020951,-0.02244119,-6650.6079,296357.1217,OK,0.0000,266.0243,4.0000,96.0000,AG03-UNRESOLVED,ALL5_LEVELS_bet23_to_bet27,266.0243,266.0243,266.0243,332.5304,332.5304,4.000000,4.000000,4.000000,5.000000,5.000000,96.000000,96.000000,96.000000,95.000000,95.000000,5.0,1463.1337,1340.2688,5187.4742,5310.3391,PENDING_AG03,FALSE,NOT_FOR_ENFORCEMENT,6384.5836,256811.4724,6650.6079,6384.5836,266.0243,0.02244119,0.02154355,266.0243,6384.5836,0.02154355,266.0243,266.0243,266.0243,332.5304,332.5304,6384.5836,0.02154355,1463.1337,1340.2688,5187.4742,5310.3391,0.01750413,0.01791872,0.00089765,16.2655,14.6936,0.3653,59.3804,1.1678,2646.0457,162.5536,12.4780,16.8648,9.0895,16.5695,22.0926,29.825,33.4482,44.5976,11.8163,0.0,2.018664,2.691552,0.981654,30,240,141,4,0.10479828,0.02244119,0.04150452,0E-8,0.000000,0.902668,0.011910,-0.02129501,2026-03-22,2026-08-05,112,5695,2177,137,0.817518,0.739886,0.767145,0.349328,,,,,,,,GLOBAL_BASELINE_NO_ENTITY_RANKING,,,NOT_APPLICABLE_GLOBAL_BASELINE,HF9g-P5,,,,X 全窗基线 · 不参与实体赏罚,14196899,1420,A168_HF9F_20260827_0900,2026-08-27 09:00:00
2026-07-20,110249610,2106,0,77.3241428068,27.6157652881,27.6157652881,0.7500000,5,5,0.49324550000000000,0.493245500000,1.0271117246678039,1.0271117246678039,1.0271117246678039,0E-17,ELIGIBLE,R03b_20260811_FULL_v1,L1_ELIGIBILITY,v2026-08-11,2026-03-21..2026-08-06,baccarat_bet02_101_all_pairs_incl_sentinel,round_win = game_pnl > 0 (decisive only),COMPATIBILITY_ONLY_NOT_PRODUCTION,296357.1217,267511.9505,6650.6079,18220,18206,-0.02244119,-0.04150452,-0.02020951,-0.02244119,-6650.6079,296357.1217,OK,0.0000,266.0243,4.0000,96.0000,AG03-UNRESOLVED,ALL5_LEVELS_bet23_to_bet27,266.0243,266.0243,266.0243,332.5304,332.5304,4.000000,4.000000,4.000000,5.000000,5.000000,96.000000,96.000000,96.000000,95.000000,95.000000,5.0,1463.1337,1340.2688,5187.4742,5310.3391,PENDING_AG03,FALSE,NOT_FOR_ENFORCEMENT,6384.5836,256811.4724,6650.6079,6384.5836,266.0243,0.02244119,0.02154355,266.0243,6384.5836,0.02154355,266.0243,266.0243,266.0243,332.5304,332.5304,6384.5836,0.02154355,1463.1337,1340.2688,5187.4742,5310.3391,0.01750413,0.01791872,0.00089765,16.2655,14.6936,0.3653,59.3804,1.1678,2646.0457,162.5536,12.4780,16.8648,9.0895,16.5695,22.0926,29.825,33.4482,44.5976,11.8163,0.0,2.018664,2.691552,0.981654,30,240,141,4,0.10479828,0.02244119,0.04150452,0E-8,0.000000,0.902668,0.011910,-0.02129501,2026-03-22,2026-08-05,112,5695,2177,137,0.817518,0.739886,0.767145,0.349328,,,,,,,,GLOBAL_BASELINE_NO_ENTITY_RANKING,,,NOT_APPLICABLE_GLOBAL_BASELINE,HF9g-P5,,,,X 全窗基线 · 不参与实体赏罚,14196900,1420,A168_HF9F_20260827_0900,2026-08-27 09:00:00
2026-07-20,110249610,2108,0,115.9862142100,14.6915871332,14.6915871332,0.6666667,9,9,0.49920336666666667,0.499203366667,1.0047810753185216,1.0047810753165205,1.0047810753185216,-3.3333E-13,ELIGIBLE,R03b_20260811_FULL_v1,L1_ELIGIBILITY,v2026-08-11,2026-03-21..2026-08-06,baccarat_bet02_101_all_pairs_incl_sentinel,round_win = game_pnl > 0 (decisive only),COMPATIBILITY_ONLY_NOT_PRODUCTION,296357.1217,267511.9505,6650.6079,18220,18206,-0.02244119,-0.04150452,-0.02020951,-0.02244119,-6650.6079,296357.1217,OK,0.0000,266.0243,4.0000,96.0000,AG03-UNRESOLVED,ALL5_LEVELS_bet23_to_bet27,266.0243,266.0243,266.0243,332.5304,332.5304,4.000000,4.000000,4.000000,5.000000,5.000000,96.000000,96.000000,96.000000,95.000000,95.000000,5.0,1463.1337,1340.2688,5187.4742,5310.3391,PENDING_AG03,FALSE,NOT_FOR_ENFORCEMENT,6384.5836,256811.4724,6650.6079,6384.5836,266.0243,0.02244119,0.02154355,266.0243,6384.5836,0.02154355,266.0243,266.0243,266.0243,332.5304,332.5304,6384.5836,0.02154355,1463.1337,1340.2688,5187.4742,5310.3391,0.01750413,0.01791872,0.00089765,16.2655,14.6936,0.3653,59.3804,1.1678,2646.0457,162.5536,12.4780,16.8648,9.0895,16.5695,22.0926,29.825,33.4482,44.5976,11.8163,0.0,2.018664,2.691552,0.981654,30,240,141,4,0.10479828,0.02244119,0.04150452,0E-8,0.000000,0.902668,0.011910,-0.02129501,2026-03-22,2026-08-05,112,5695,2177,137,0.817518,0.739886,0.767145,0.349328,,,,,,,,GLOBAL_BASELINE_NO_ENTITY_RANKING,,,NOT_APPLICABLE_GLOBAL_BASELINE,HF9g-P5,,,,X 全窗基线 · 不参与实体赏罚,14196901,1420,A168_HF9F_20260827_0900,2026-08-27 09:00:00
2026-07-20,110249610,2117,0,133.6603039943,41.9759632378,41.9759632378,0.7142857,8,8,0.49324550000000000,0.493245500000,1.169741613234378,1.1697416132343783,1.169741613234378,0E-17,ELIGIBLE,R03b_20260811_FULL_v1,L1_ELIGIBILITY,v2026-08-11,2026-03-21..2026-08-06,baccarat_bet02_101_all_pairs_incl_sentinel,round_win = game_pnl > 0 (decisive only),COMPATIBILITY_ONLY_NOT_PRODUCTION,296357.1217,267511.9505,6650.6079,18220,18206,-0.02244119,-0.04150452,-0.02020951,-0.02244119,-6650.6079,296357.1217,OK,0.0000,266.0243,4.0000,96.0000,AG03-UNRESOLVED,ALL5_LEVELS_bet23_to_bet27,266.0243,266.0243,266.0243,332.5304,332.5304,4.000000,4.000000,4.000000,5.000000,5.000000,96.000000,96.000000,96.000000,95.000000,95.000000,5.0,1463.1337,1340.2688,5187.4742,5310.3391,PENDING_AG03,FALSE,NOT_FOR_ENFORCEMENT,6384.5836,256811.4724,6650.6079,6384.5836,266.0243,0.02244119,0.02154355,266.0243,6384.5836,0.02154355,266.0243,266.0243,266.0243,332.5304,332.5304,6384.5836,0.02154355,1463.1337,1340.2688,5187.4742,5310.3391,0.01750413,0.01791872,0.00089765,16.2655,14.6936,0.3653,59.3804,1.1678,2646.0457,162.5536,12.4780,16.8648,9.0895,16.5695,22.0926,29.825,33.4482,44.5976,11.8163,0.0,2.018664,2.691552,0.981654,30,240,141,4,0.10479828,0.02244119,0.04150452,0E-8,0.000000,0.902668,0.011910,-0.02129501,2026-03-22,2026-08-05,112,5695,2177,137,0.817518,0.739886,0.767145,0.349328,,,,,,,,GLOBAL_BASELINE_NO_ENTITY_RANKING,,,NOT_APPLICABLE_GLOBAL_BASELINE,HF9g-P5,,,,X 全窗基线 · 不参与实体赏罚,14196902,1420,A168_HF9F_20260827_0900,2026-08-27 09:00:00
2026-07-20,110249610,2121,0,27.6157652880,-16.8456168257,-16.8456168257,0.3333333,3,3,0.50665070000000000,0.506650700000,-0.6004420894325239,-0.6004420894325239,-0.6004420894325239,0E-17,ELIGIBLE,R03b_20260811_FULL_v1,L1_ELIGIBILITY,v2026-08-11,2026-03-21..2026-08-06,baccarat_bet02_101_all_pairs_incl_sentinel,round_win = game_pnl > 0 (decisive only),COMPATIBILITY_ONLY_NOT_PRODUCTION,296357.1217,267511.9505,6650.6079,18220,18206,-0.02244119,-0.04150452,-0.02020951,-0.02244119,-6650.6079,296357.1217,OK,0.0000,266.0243,4.0000,96.0000,AG03-UNRESOLVED,ALL5_LEVELS_bet23_to_bet27,266.0243,266.0243,266.0243,332.5304,332.5304,4.000000,4.000000,4.000000,5.000000,5.000000,96.000000,96.000000,96.000000,95.000000,95.000000,5.0,1463.1337,1340.2688,5187.4742,5310.3391,PENDING_AG03,FALSE,NOT_FOR_ENFORCEMENT,6384.5836,256811.4724,6650.6079,6384.5836,266.0243,0.02244119,0.02154355,266.0243,6384.5836,0.02154355,266.0243,266.0243,266.0243,332.5304,332.5304,6384.5836,0.02154355,1463.1337,1340.2688,5187.4742,5310.3391,0.01750413,0.01791872,0.00089765,16.2655,14.6936,0.3653,59.3804,1.1678,2646.0457,162.5536,12.4780,16.8648,9.0895,16.5695,22.0926,29.825,33.4482,44.5976,11.8163,0.0,2.018664,2.691552,0.981654,30,240,141,4,0.10479828,0.02244119,0.04150452,0E-8,0.000000,0.902668,0.011910,-0.02129501,2026-03-22,2026-08-05,112,5695,2177,137,0.817518,0.739886,0.767145,0.349328,,,,,,,,GLOBAL_BASELINE_NO_ENTITY_RANKING,,,NOT_APPLICABLE_GLOBAL_BASELINE,HF9g-P5,,,,X 全窗基线 · 不参与实体赏罚,14196903,1420,A168_HF9F_20260827_0900,2026-08-27 09:00:00
2026-07-20,110249610,2141,0,22.0926122304,17.1217744787,17.1217744787,0.7500000,4,4,0.49659680000000000,0.496596800000,1.0136362796769356,1.0136362796769358,1.0136362796769356,0E-17,ELIGIBLE,R03b_20260811_FULL_v1,L1_ELIGIBILITY,v2026-08-11,2026-03-21..2026-08-06,baccarat_bet02_101_all_pairs_incl_sentinel,round_win = game_pnl > 0 (decisive only),COMPATIBILITY_ONLY_NOT_PRODUCTION,296357.1217,267511.9505,6650.6079,18220,18206,-0.02244119,-0.04150452,-0.02020951,-0.02244119,-6650.6079,296357.1217,OK,0.0000,266.0243,4.0000,96.0000,AG03-UNRESOLVED,ALL5_LEVELS_bet23_to_bet27,266.0243,266.0243,266.0243,332.5304,332.5304,4.000000,4.000000,4.000000,5.000000,5.000000,96.000000,96.000000,96.000000,95.000000,95.000000,5.0,1463.1337,1340.2688,5187.4742,5310.3391,PENDING_AG03,FALSE,NOT_FOR_ENFORCEMENT,6384.5836,256811.4724,6650.6079,6384.5836,266.0243,0.02244119,0.02154355,266.0243,6384.5836,0.02154355,266.0243,266.0243,266.0243,332.5304,332.5304,6384.5836,0.02154355,1463.1337,1340.2688,5187.4742,5310.3391,0.01750413,0.01791872,0.00089765,16.2655,14.6936,0.3653,59.3804,1.1678,2646.0457,162.5536,12.4780,16.8648,9.0895,16.5695,22.0926,29.825,33.4482,44.5976,11.8163,0.0,2.018664,2.691552,0.981654,30,240,141,4,0.10479828,0.02244119,0.04150452,0E-8,0.000000,0.902668,0.011910,-0.02129501,2026-03-22,2026-08-05,112,5695,2177,137,0.817518,0.739886,0.767145,0.349328,,,,,,,,GLOBAL_BASELINE_NO_ENTITY_RANKING,,,NOT_APPLICABLE_GLOBAL_BASELINE,HF9g-P5,,,,X 全窗基线 · 不参与实体赏罚,14196904,1420,A168_HF9F_20260827_0900,2026-08-27 09:00:00
2026-07-20,110249610,2153,0,47.4991162955,12.8137150937,12.8137150937,0.6666667,3,3,0.50218230000000000,0.502182300000,0.5697959874915163,0.5697959874915164,0.5697959874915163,0E-17,ELIGIBLE,R03b_20260811_FULL_v1,L1_ELIGIBILITY,v2026-08-11,2026-03-21..2026-08-06,baccarat_bet02_101_all_pairs_incl_sentinel,round_win = game_pnl > 0 (decisive only),COMPATIBILITY_ONLY_NOT_PRODUCTION,296357.1217,267511.9505,6650.6079,18220,18206,-0.02244119,-0.04150452,-0.02020951,-0.02244119,-6650.6079,296357.1217,OK,0.0000,266.0243,4.0000,96.0000,AG03-UNRESOLVED,ALL5_LEVELS_bet23_to_bet27,266.0243,266.0243,266.0243,332.5304,332.5304,4.000000,4.000000,4.000000,5.000000,5.000000,96.000000,96.000000,96.000000,95.000000,95.000000,5.0,1463.1337,1340.2688,5187.4742,5310.3391,PENDING_AG03,FALSE,NOT_FOR_ENFORCEMENT,6384.5836,256811.4724,6650.6079,6384.5836,266.0243,0.02244119,0.02154355,266.0243,6384.5836,0.02154355,266.0243,266.0243,266.0243,332.5304,332.5304,6384.5836,0.02154355,1463.1337,1340.2688,5187.4742,5310.3391,0.01750413,0.01791872,0.00089765,16.2655,14.6936,0.3653,59.3804,1.1678,2646.0457,162.5536,12.4780,16.8648,9.0895,16.5695,22.0926,29.825,33.4482,44.5976,11.8163,0.0,2.018664,2.691552,0.981654,30,240,141,4,0.10479828,0.02244119,0.04150452,0E-8,0.000000,0.902668,0.011910,-0.02129501,2026-03-22,2026-08-05,112,5695,2177,137,0.817518,0.739886,0.767145,0.349328,,,,,,,,GLOBAL_BASELINE_NO_ENTITY_RANKING,,,NOT_APPLICABLE_GLOBAL_BASELINE,HF9g-P5,,,,X 全窗基线 · 不参与实体赏罚,14196905,1420,A168_HF9F_20260827_0900,2026-08-27 09:00:00
2026-07-20,110249610,2156,0,11.0463061152,-11.0463061152,-11.0463061152,0E-7,1,1,0.50665070000000000,0.506650700000,-1.013391052207602,-1.013391052207602,-1.013391052207602,0E-17,ELIGIBLE,R03b_20260811_FULL_v1,L1_ELIGIBILITY,v2026-08-11,2026-03-21..2026-08-06,baccarat_bet02_101_all_pairs_incl_sentinel,round_win = game_pnl > 0 (decisive only),COMPATIBILITY_ONLY_NOT_PRODUCTION,296357.1217,267511.9505,6650.6079,18220,18206,-0.02244119,-0.04150452,-0.02020951,-0.02244119,-6650.6079,296357.1217,OK,0.0000,266.0243,4.0000,96.0000,AG03-UNRESOLVED,ALL5_LEVELS_bet23_to_bet27,266.0243,266.0243,266.0243,332.5304,332.5304,4.000000,4.000000,4.000000,5.000000,5.000000,96.000000,96.000000,96.000000,95.000000,95.000000,5.0,1463.1337,1340.2688,5187.4742,5310.3391,PENDING_AG03,FALSE,NOT_FOR_ENFORCEMENT,6384.5836,256811.4724,6650.6079,6384.5836,266.0243,0.02244119,0.02154355,266.0243,6384.5836,0.02154355,266.0243,266.0243,266.0243,332.5304,332.5304,6384.5836,0.02154355,1463.1337,1340.2688,5187.4742,5310.3391,0.01750413,0.01791872,0.00089765,16.2655,14.6936,0.3653,59.3804,1.1678,2646.0457,162.5536,12.4780,16.8648,9.0895,16.5695,22.0926,29.825,33.4482,44.5976,11.8163,0.0,2.018664,2.691552,0.981654,30,240,141,4,0.10479828,0.02244119,0.04150452,0E-8,0.000000,0.902668,0.011910,-0.02129501,2026-03-22,2026-08-05,112,5695,2177,137,0.817518,0.739886,0.767145,0.349328,,,,,,,,GLOBAL_BASELINE_NO_ENTITY_RANKING,,,NOT_APPLICABLE_GLOBAL_BASELINE,HF9g-P5,,,,X 全窗基线 · 不参与实体赏罚,14196906,1420,A168_HF9F_20260827_0900,2026-08-27 09:00:00
2026-07-20,110249610,2160,0,146.3635560268,16.5142276423,16.5142276423,0.5714286,9,9,0.50516123333333333,0.505161233333,0.3506724764481379,0.35067247644989935,0.3506724764481379,3.3333E-13,ELIGIBLE,R03b_20260811_FULL_v1,L1_ELIGIBILITY,v2026-08-11,2026-03-21..2026-08-06,baccarat_bet02_101_all_pairs_incl_sentinel,round_win = game_pnl > 0 (decisive only),COMPATIBILITY_ONLY_NOT_PRODUCTION,296357.1217,267511.9505,6650.6079,18220,18206,-0.02244119,-0.04150452,-0.02020951,-0.02244119,-6650.6079,296357.1217,OK,0.0000,266.0243,4.0000,96.0000,AG03-UNRESOLVED,ALL5_LEVELS_bet23_to_bet27,266.0243,266.0243,266.0243,332.5304,332.5304,4.000000,4.000000,4.000000,5.000000,5.000000,96.000000,96.000000,96.000000,95.000000,95.000000,5.0,1463.1337,1340.2688,5187.4742,5310.3391,PENDING_AG03,FALSE,NOT_FOR_ENFORCEMENT,6384.5836,256811.4724,6650.6079,6384.5836,266.0243,0.02244119,0.02154355,266.0243,6384.5836,0.02154355,266.0243,266.0243,266.0243,332.5304,332.5304,6384.5836,0.02154355,1463.1337,1340.2688,5187.4742,5310.3391,0.01750413,0.01791872,0.00089765,16.2655,14.6936,0.3653,59.3804,1.1678,2646.0457,162.5536,12.4780,16.8648,9.0895,16.5695,22.0926,29.825,33.4482,44.5976,11.8163,0.0,2.018664,2.691552,0.981654,30,240,141,4,0.10479828,0.02244119,0.04150452,0E-8,0.000000,0.902668,0.011910,-0.02129501,2026-03-22,2026-08-05,112,5695,2177,137,0.817518,0.739886,0.767145,0.349328,,,,,,,,GLOBAL_BASELINE_NO_ENTITY_RANKING,,,NOT_APPLICABLE_GLOBAL_BASELINE,HF9g-P5,,,,X 全窗基线 · 不参与实体赏罚,14196907,1420,A168_HF9F_20260827_0900,2026-08-27 09:00:00
2026-07-20,110249610,2167,0,27.6157652881,27.6157652881,27.6157652881,1.0000000,2,2,0.49324550000000000,0.493245500000,1.4334489766152358,1.4334489766152358,1.4334489766152358,0E-17,ELIGIBLE,R03b_20260811_FULL_v1,L1_ELIGIBILITY,v2026-08-11,2026-03-21..2026-08-06,baccarat_bet02_101_all_pairs_incl_sentinel,round_win = game_pnl > 0 (decisive only),COMPATIBILITY_ONLY_NOT_PRODUCTION,296357.1217,267511.9505,6650.6079,18220,18206,-0.02244119,-0.04150452,-0.02020951,-0.02244119,-6650.6079,296357.1217,OK,0.0000,266.0243,4.0000,96.0000,AG03-UNRESOLVED,ALL5_LEVELS_bet23_to_bet27,266.0243,266.0243,266.0243,332.5304,332.5304,4.000000,4.000000,4.000000,5.000000,5.000000,96.000000,96.000000,96.000000,95.000000,95.000000,5.0,1463.1337,1340.2688,5187.4742,5310.3391,PENDING_AG03,FALSE,NOT_FOR_ENFORCEMENT,6384.5836,256811.4724,6650.6079,6384.5836,266.0243,0.02244119,0.02154355,266.0243,6384.5836,0.02154355,266.0243,266.0243,266.0243,332.5304,332.5304,6384.5836,0.02154355,1463.1337,1340.2688,5187.4742,5310.3391,0.01750413,0.01791872,0.00089765,16.2655,14.6936,0.3653,59.3804,1.1678,2646.0457,162.5536,12.4780,16.8648,9.0895,16.5695,22.0926,29.825,33.4482,44.5976,11.8163,0.0,2.018664,2.691552,0.981654,30,240,141,4,0.10479828,0.02244119,0.04150452,0E-8,0.000000,0.902668,0.011910,-0.02129501,2026-03-22,2026-08-05,112,5695,2177,137,0.817518,0.739886,0.767145,0.349328,,,,,,,,GLOBAL_BASELINE_NO_ENTITY_RANKING,,,NOT_APPLICABLE_GLOBAL_BASELINE,HF9g-P5,,,,X 全窗基线 · 不参与实体赏罚,14196908,1420,A168_HF9F_20260827_0900,2026-08-27 09:00:00
2026-07-20,110249610,2169,0,16.5694591729,-16.5694591729,-16.5694591729,0E-7,1,1,0.50665070000000000,0.506650700000,-1.013391052207602,-1.013391052207602,-1.013391052207602,0E-17,ELIGIBLE,R03b_20260811_FULL_v1,L1_ELIGIBILITY,v2026-08-11,2026-03-21..2026-08-06,baccarat_bet02_101_all_pairs_incl_sentinel,round_win = game_pnl > 0 (decisive only),COMPATIBILITY_ONLY_NOT_PRODUCTION,296357.1217,267511.9505,6650.6079,18220,18206,-0.02244119,-0.04150452,-0.02020951,-0.02244119,-6650.6079,296357.1217,OK,0.0000,266.0243,4.0000,96.0000,AG03-UNRESOLVED,ALL5_LEVELS_bet23_to_bet27,266.0243,266.0243,266.0243,332.5304,332.5304,4.000000,4.000000,4.000000,5.000000,5.000000,96.000000,96.000000,96.000000,95.000000,95.000000,5.0,1463.1337,1340.2688,5187.4742,5310.3391,PENDING_AG03,FALSE,NOT_FOR_ENFORCEMENT,6384.5836,256811.4724,6650.6079,6384.5836,266.0243,0.02244119,0.02154355,266.0243,6384.5836,0.02154355,266.0243,266.0243,266.0243,332.5304,332.5304,6384.5836,0.02154355,1463.1337,1340.2688,5187.4742,5310.3391,0.01750413,0.01791872,0.00089765,16.2655,14.6936,0.3653,59.3804,1.1678,2646.0457,162.5536,12.4780,16.8648,9.0895,16.5695,22.0926,29.825,33.4482,44.5976,11.8163,0.0,2.018664,2.691552,0.981654,30,240,141,4,0.10479828,0.02244119,0.04150452,0E-8,0.000000,0.902668,0.011910,-0.02129501,2026-03-22,2026-08-05,112,5695,2177,137,0.817518,0.739886,0.767145,0.349328,,,,,,,,GLOBAL_BASELINE_NO_ENTITY_RANKING,,,NOT_APPLICABLE_GLOBAL_BASELINE,HF9g-P5,,,,X 全窗基线 · 不参与实体赏罚,14196909,1420,A168_HF9F_20260827_0900,2026-08-27 09:00:00
2026-07-20,110249610,2170,0,20.9879816190,-12.1509367268,-12.1509367268,0.5000000,2,2,0.49994810000000000,0.499948100000,0.00014679536856514622,0.00014679536856514622,0.00014679536856514622,0E-17,ELIGIBLE,R03b_20260811_FULL_v1,L1_ELIGIBILITY,v2026-08-11,2026-03-21..2026-08-06,baccarat_bet02_101_all_pairs_incl_sentinel,round_win = game_pnl > 0 (decisive only),COMPATIBILITY_ONLY_NOT_PRODUCTION,296357.1217,267511.9505,6650.6079,18220,18206,-0.02244119,-0.04150452,-0.02020951,-0.02244119,-6650.6079,296357.1217,OK,0.0000,266.0243,4.0000,96.0000,AG03-UNRESOLVED,ALL5_LEVELS_bet23_to_bet27,266.0243,266.0243,266.0243,332.5304,332.5304,4.000000,4.000000,4.000000,5.000000,5.000000,96.000000,96.000000,96.000000,95.000000,95.000000,5.0,1463.1337,1340.2688,5187.4742,5310.3391,PENDING_AG03,FALSE,NOT_FOR_ENFORCEMENT,6384.5836,256811.4724,6650.6079,6384.5836,266.0243,0.02244119,0.02154355,266.0243,6384.5836,0.02154355,266.0243,266.0243,266.0243,332.5304,332.5304,6384.5836,0.02154355,1463.1337,1340.2688,5187.4742,5310.3391,0.01750413,0.01791872,0.00089765,16.2655,14.6936,0.3653,59.3804,1.1678,2646.0457,162.5536,12.4780,16.8648,9.0895,16.5695,22.0926,29.825,33.4482,44.5976,11.8163,0.0,2.018664,2.691552,0.981654,30,240,141,4,0.10479828,0.02244119,0.04150452,0E-8,0.000000,0.902668,0.011910,-0.02129501,2026-03-22,2026-08-05,112,5695,2177,137,0.817518,0.739886,0.767145,0.349328,,,,,,,,GLOBAL_BASELINE_NO_ENTITY_RANKING,,,NOT_APPLICABLE_GLOBAL_BASELINE,HF9g-P5,,,,X 全窗基线 · 不参与实体赏罚,14196910,1420,A168_HF9F_20260827_0900,2026-08-27 09:00:00
2026-07-20,110249610,2171,0,119.3001060445,-28.4994697774,-28.4994697774,0.3636364,11,11,0.50299473636363636,0.502994736364,-0.9244154487502907,-0.9244154487527068,-0.9244154487502907,-3.6364E-13,ELIGIBLE,R03b_20260811_FULL_v1,L1_ELIGIBILITY,v2026-08-11,2026-03-21..2026-08-06,baccarat_bet02_101_all_pairs_incl_sentinel,round_win = game_pnl > 0 (decisive only),COMPATIBILITY_ONLY_NOT_PRODUCTION,296357.1217,267511.9505,6650.6079,18220,18206,-0.02244119,-0.04150452,-0.02020951,-0.02244119,-6650.6079,296357.1217,OK,0.0000,266.0243,4.0000,96.0000,AG03-UNRESOLVED,ALL5_LEVELS_bet23_to_bet27,266.0243,266.0243,266.0243,332.5304,332.5304,4.000000,4.000000,4.000000,5.000000,5.000000,96.000000,96.000000,96.000000,95.000000,95.000000,5.0,1463.1337,1340.2688,5187.4742,5310.3391,PENDING_AG03,FALSE,NOT_FOR_ENFORCEMENT,6384.5836,256811.4724,6650.6079,6384.5836,266.0243,0.02244119,0.02154355,266.0243,6384.5836,0.02154355,266.0243,266.0243,266.0243,332.5304,332.5304,6384.5836,0.02154355,1463.1337,1340.2688,5187.4742,5310.3391,0.01750413,0.01791872,0.00089765,16.2655,14.6936,0.3653,59.3804,1.1678,2646.0457,162.5536,12.4780,16.8648,9.0895,16.5695,22.0926,29.825,33.4482,44.5976,11.8163,0.0,2.018664,2.691552,0.981654,30,240,141,4,0.10479828,0.02244119,0.04150452,0E-8,0.000000,0.902668,0.011910,-0.02129501,2026-03-22,2026-08-05,112,5695,2177,137,0.817518,0.739886,0.767145,0.349328,,,,,,,,GLOBAL_BASELINE_NO_ENTITY_RANKING,,,NOT_APPLICABLE_GLOBAL_BASELINE,HF9g-P5,,,,X 全窗基线 · 不参与实体赏罚,14196911,1420,A168_HF9F_20260827_0900,2026-08-27 09:00:00
2026-07-20,110249610,2193,0,78.4287734181,24.6332626370,24.6332626370,0.6666667,4,4,0.50665070000000000,0.506650700000,0.5543606114942035,0.5543606114942035,0.5543606114942035,0E-17,ELIGIBLE,R03b_20260811_FULL_v1,L1_ELIGIBILITY,v2026-08-11,2026-03-21..2026-08-06,baccarat_bet02_101_all_pairs_incl_sentinel,round_win = game_pnl > 0 (decisive only),COMPATIBILITY_ONLY_NOT_PRODUCTION,296357.1217,267511.9505,6650.6079,18220,18206,-0.02244119,-0.04150452,-0.02020951,-0.02244119,-6650.6079,296357.1217,OK,0.0000,266.0243,4.0000,96.0000,AG03-UNRESOLVED,ALL5_LEVELS_bet23_to_bet27,266.0243,266.0243,266.0243,332.5304,332.5304,4.000000,4.000000,4.000000,5.000000,5.000000,96.000000,96.000000,96.000000,95.000000,95.000000,5.0,1463.1337,1340.2688,5187.4742,5310.3391,PENDING_AG03,FALSE,NOT_FOR_ENFORCEMENT,6384.5836,256811.4724,6650.6079,6384.5836,266.0243,0.02244119,0.02154355,266.0243,6384.5836,0.02154355,266.0243,266.0243,266.0243,332.5304,332.5304,6384.5836,0.02154355,1463.1337,1340.2688,5187.4742,5310.3391,0.01750413,0.01791872,0.00089765,16.2655,14.6936,0.3653,59.3804,1.1678,2646.0457,162.5536,12.4780,16.8648,9.0895,16.5695,22.0926,29.825,33.4482,44.5976,11.8163,0.0,2.018664,2.691552,0.981654,30,240,141,4,0.10479828,0.02244119,0.04150452,0E-8,0.000000,0.902668,0.011910,-0.02129501,2026-03-22,2026-08-05,112,5695,2177,137,0.817518,0.739886,0.767145,0.349328,,,,,,,,GLOBAL_BASELINE_NO_ENTITY_RANKING,,,NOT_APPLICABLE_GLOBAL_BASELINE,HF9g-P5,,,,X 全窗基线 · 不参与实体赏罚,14196912,1420,A168_HF9F_20260827_0900,2026-08-27 09:00:00
2026-07-20,110249610,2205,0,38.6620714033,-7.7324142807,-7.7324142807,0.4000000,5,5,0.49592654000000000,0.495926540000,-0.42901076602576227,-0.42901076602576227,-0.42901076602576227,0E-17,ELIGIBLE,R03b_20260811_FULL_v1,L1_ELIGIBILITY,v2026-08-11,2026-03-21..2026-08-06,baccarat_bet02_101_all_pairs_incl_sentinel,round_win = game_pnl > 0 (decisive only),COMPATIBILITY_ONLY_NOT_PRODUCTION,296357.1217,267511.9505,6650.6079,18220,18206,-0.02244119,-0.04150452,-0.02020951,-0.02244119,-6650.6079,296357.1217,OK,0.0000,266.0243,4.0000,96.0000,AG03-UNRESOLVED,ALL5_LEVELS_bet23_to_bet27,266.0243,266.0243,266.0243,332.5304,332.5304,4.000000,4.000000,4.000000,5.000000,5.000000,96.000000,96.000000,96.000000,95.000000,95.000000,5.0,1463.1337,1340.2688,5187.4742,5310.3391,PENDING_AG03,FALSE,NOT_FOR_ENFORCEMENT,6384.5836,256811.4724,6650.6079,6384.5836,266.0243,0.02244119,0.02154355,266.0243,6384.5836,0.02154355,266.0243,266.0243,266.0243,332.5304,332.5304,6384.5836,0.02154355,1463.1337,1340.2688,5187.4742,5310.3391,0.01750413,0.01791872,0.00089765,16.2655,14.6936,0.3653,59.3804,1.1678,2646.0457,162.5536,12.4780,16.8648,9.0895,16.5695,22.0926,29.825,33.4482,44.5976,11.8163,0.0,2.018664,2.691552,0.981654,30,240,141,4,0.10479828,0.02244119,0.04150452,0E-8,0.000000,0.902668,0.011910,-0.02129501,2026-03-22,2026-08-05,112,5695,2177,137,0.817518,0.739886,0.767145,0.349328,,,,,,,,GLOBAL_BASELINE_NO_ENTITY_RANKING,,,NOT_APPLICABLE_GLOBAL_BASELINE,HF9g-P5,,,,X 全窗基线 · 不参与实体赏罚,14196913,1420,A168_HF9F_20260827_0900,2026-08-27 09:00:00
2026-07-20,110249610,2209,0,34.2435489571,-5.5231530577,-5.5231530577,0.5000000,5,5,0.49324550000000000,0.493245500000,0.027020465636507562,0.027020465636507562,0.027020465636507562,0E-17,ELIGIBLE,R03b_20260811_FULL_v1,L1_ELIGIBILITY,v2026-08-11,2026-03-21..2026-08-06,baccarat_bet02_101_all_pairs_incl_sentinel,round_win = game_pnl > 0 (decisive only),COMPATIBILITY_ONLY_NOT_PRODUCTION,296357.1217,267511.9505,6650.6079,18220,18206,-0.02244119,-0.04150452,-0.02020951,-0.02244119,-6650.6079,296357.1217,OK,0.0000,266.0243,4.0000,96.0000,AG03-UNRESOLVED,ALL5_LEVELS_bet23_to_bet27,266.0243,266.0243,266.0243,332.5304,332.5304,4.000000,4.000000,4.000000,5.000000,5.000000,96.000000,96.000000,96.000000,95.000000,95.000000,5.0,1463.1337,1340.2688,5187.4742,5310.3391,PENDING_AG03,FALSE,NOT_FOR_ENFORCEMENT,6384.5836,256811.4724,6650.6079,6384.5836,266.0243,0.02244119,0.02154355,266.0243,6384.5836,0.02154355,266.0243,266.0243,266.0243,332.5304,332.5304,6384.5836,0.02154355,1463.1337,1340.2688,5187.4742,5310.3391,0.01750413,0.01791872,0.00089765,16.2655,14.6936,0.3653,59.3804,1.1678,2646.0457,162.5536,12.4780,16.8648,9.0895,16.5695,22.0926,29.825,33.4482,44.5976,11.8163,0.0,2.018664,2.691552,0.981654,30,240,141,4,0.10479828,0.02244119,0.04150452,0E-8,0.000000,0.902668,0.011910,-0.02129501,2026-03-22,2026-08-05,112,5695,2177,137,0.817518,0.739886,0.767145,0.349328,,,,,,,,GLOBAL_BASELINE_NO_ENTITY_RANKING,,,NOT_APPLICABLE_GLOBAL_BASELINE,HF9g-P5,,,,X 全窗基线 · 不参与实体赏罚,14196914,1420,A168_HF9F_20260827_0900,2026-08-27 09:00:00
2026-07-20,110249610,2213,0,97.2074938139,5.4126899965,5.4126899965,0.5000000,7,7,0.49707555714285714,0.497075557143,0.014327030625969732,0.014327030625269827,0.014327030625969732,-1.4286E-13,ELIGIBLE,R03b_20260811_FULL_v1,L1_ELIGIBILITY,v2026-08-11,2026-03-21..2026-08-06,baccarat_bet02_101_all_pairs_incl_sentinel,round_win = game_pnl > 0 (decisive only),COMPATIBILITY_ONLY_NOT_PRODUCTION,296357.1217,267511.9505,6650.6079,18220,18206,-0.02244119,-0.04150452,-0.02020951,-0.02244119,-6650.6079,296357.1217,OK,0.0000,266.0243,4.0000,96.0000,AG03-UNRESOLVED,ALL5_LEVELS_bet23_to_bet27,266.0243,266.0243,266.0243,332.5304,332.5304,4.000000,4.000000,4.000000,5.000000,5.000000,96.000000,96.000000,96.000000,95.000000,95.000000,5.0,1463.1337,1340.2688,5187.4742,5310.3391,PENDING_AG03,FALSE,NOT_FOR_ENFORCEMENT,6384.5836,256811.4724,6650.6079,6384.5836,266.0243,0.02244119,0.02154355,266.0243,6384.5836,0.02154355,266.0243,266.0243,266.0243,332.5304,332.5304,6384.5836,0.02154355,1463.1337,1340.2688,5187.4742,5310.3391,0.01750413,0.01791872,0.00089765,16.2655,14.6936,0.3653,59.3804,1.1678,2646.0457,162.5536,12.4780,16.8648,9.0895,16.5695,22.0926,29.825,33.4482,44.5976,11.8163,0.0,2.018664,2.691552,0.981654,30,240,141,4,0.10479828,0.02244119,0.04150452,0E-8,0.000000,0.902668,0.011910,-0.02129501,2026-03-22,2026-08-05,112,5695,2177,137,0.817518,0.739886,0.767145,0.349328,,,,,,,,GLOBAL_BASELINE_NO_ENTITY_RANKING,,,NOT_APPLICABLE_GLOBAL_BASELINE,HF9g-P5,,,,X 全窗基线 · 不参与实体赏罚,14196915,1420,A168_HF9F_20260827_0900,2026-08-27 09:00:00
2026-07-20,110249610,2218,0,99.4167550374,16.5694591729,16.5694591729,0.6000000,6,6,0.49324550000000000,0.493245500000,0.47746420675292983,0.47746420675292983,0.47746420675292983,0E-17,ELIGIBLE,R03b_20260811_FULL_v1,L1_ELIGIBILITY,v2026-08-11,2026-03-21..2026-08-06,baccarat_bet02_101_all_pairs_incl_sentinel,round_win = game_pnl > 0 (decisive only),COMPATIBILITY_ONLY_NOT_PRODUCTION,296357.1217,267511.9505,6650.6079,18220,18206,-0.02244119,-0.04150452,-0.02020951,-0.02244119,-6650.6079,296357.1217,OK,0.0000,266.0243,4.0000,96.0000,AG03-UNRESOLVED,ALL5_LEVELS_bet23_to_bet27,266.0243,266.0243,266.0243,332.5304,332.5304,4.000000,4.000000,4.000000,5.000000,5.000000,96.000000,96.000000,96.000000,95.000000,95.000000,5.0,1463.1337,1340.2688,5187.4742,5310.3391,PENDING_AG03,FALSE,NOT_FOR_ENFORCEMENT,6384.5836,256811.4724,6650.6079,6384.5836,266.0243,0.02244119,0.02154355,266.0243,6384.5836,0.02154355,266.0243,266.0243,266.0243,332.5304,332.5304,6384.5836,0.02154355,1463.1337,1340.2688,5187.4742,5310.3391,0.01750413,0.01791872,0.00089765,16.2655,14.6936,0.3653,59.3804,1.1678,2646.0457,162.5536,12.4780,16.8648,9.0895,16.5695,22.0926,29.825,33.4482,44.5976,11.8163,0.0,2.018664,2.691552,0.981654,30,240,141,4,0.10479828,0.02244119,0.04150452,0E-8,0.000000,0.902668,0.011910,-0.02129501,2026-03-22,2026-08-05,112,5695,2177,137,0.817518,0.739886,0.767145,0.349328,,,,,,,,GLOBAL_BASELINE_NO_ENTITY_RANKING,,,NOT_APPLICABLE_GLOBAL_BASELINE,HF9g-P5,,,,X 全窗基线 · 不参与实体赏罚,14196916,1420,A168_HF9F_20260827_0900,2026-08-27 09:00:00
2026-07-20,110249610,2224,0,13.2555673383,-0.2209261223,-0.2209261223,0.5000000,3,3,0.50665070000000000,0.506650700000,-0.018812684590367487,-0.018812684590367487,-0.018812684590367487,0E-17,ELIGIBLE,R03b_20260811_FULL_v1,L1_ELIGIBILITY,v2026-08-11,2026-03-21..2026-08-06,baccarat_bet02_101_all_pairs_incl_sentinel,round_win = game_pnl > 0 (decisive only),COMPATIBILITY_ONLY_NOT_PRODUCTION,296357.1217,267511.9505,6650.6079,18220,18206,-0.02244119,-0.04150452,-0.02020951,-0.02244119,-6650.6079,296357.1217,OK,0.0000,266.0243,4.0000,96.0000,AG03-UNRESOLVED,ALL5_LEVELS_bet23_to_bet27,266.0243,266.0243,266.0243,332.5304,332.5304,4.000000,4.000000,4.000000,5.000000,5.000000,96.000000,96.000000,96.000000,95.000000,95.000000,5.0,1463.1337,1340.2688,5187.4742,5310.3391,PENDING_AG03,FALSE,NOT_FOR_ENFORCEMENT,6384.5836,256811.4724,6650.6079,6384.5836,266.0243,0.02244119,0.02154355,266.0243,6384.5836,0.02154355,266.0243,266.0243,266.0243,332.5304,332.5304,6384.5836,0.02154355,1463.1337,1340.2688,5187.4742,5310.3391,0.01750413,0.01791872,0.00089765,16.2655,14.6936,0.3653,59.3804,1.1678,2646.0457,162.5536,12.4780,16.8648,9.0895,16.5695,22.0926,29.825,33.4482,44.5976,11.8163,0.0,2.018664,2.691552,0.981654,30,240,141,4,0.10479828,0.02244119,0.04150452,0E-8,0.000000,0.902668,0.011910,-0.02129501,2026-03-22,2026-08-05,112,5695,2177,137,0.817518,0.739886,0.767145,0.349328,,,,,,,,GLOBAL_BASELINE_NO_ENTITY_RANKING,,,NOT_APPLICABLE_GLOBAL_BASELINE,HF9g-P5,,,,X 全窗基线 · 不参与实体赏罚,14196917,1420,A168_HF9F_20260827_0900,2026-08-27 09:00:00
2026-07-20,110249610,2230,0,23.1972428420,-23.1972428420,-23.1972428420,0E-7,3,3,0.49771390000000000,0.497713900000,-1.724149546644903,-1.724149546644903,-1.724149546644903,0E-17,ELIGIBLE,R03b_20260811_FULL_v1,L1_ELIGIBILITY,v2026-08-11,2026-03-21..2026-08-06,baccarat_bet02_101_all_pairs_incl_sentinel,round_win = game_pnl > 0 (decisive only),COMPATIBILITY_ONLY_NOT_PRODUCTION,296357.1217,267511.9505,6650.6079,18220,18206,-0.02244119,-0.04150452,-0.02020951,-0.02244119,-6650.6079,296357.1217,OK,0.0000,266.0243,4.0000,96.0000,AG03-UNRESOLVED,ALL5_LEVELS_bet23_to_bet27,266.0243,266.0243,266.0243,332.5304,332.5304,4.000000,4.000000,4.000000,5.000000,5.000000,96.000000,96.000000,96.000000,95.000000,95.000000,5.0,1463.1337,1340.2688,5187.4742,5310.3391,PENDING_AG03,FALSE,NOT_FOR_ENFORCEMENT,6384.5836,256811.4724,6650.6079,6384.5836,266.0243,0.02244119,0.02154355,266.0243,6384.5836,0.02154355,266.0243,266.0243,266.0243,332.5304,332.5304,6384.5836,0.02154355,1463.1337,1340.2688,5187.4742,5310.3391,0.01750413,0.01791872,0.00089765,16.2655,14.6936,0.3653,59.3804,1.1678,2646.0457,162.5536,12.4780,16.8648,9.0895,16.5695,22.0926,29.825,33.4482,44.5976,11.8163,0.0,2.018664,2.691552,0.981654,30,240,141,4,0.10479828,0.02244119,0.04150452,0E-8,0.000000,0.902668,0.011910,-0.02129501,2026-03-22,2026-08-05,112,5695,2177,137,0.817518,0.739886,0.767145,0.349328,,,,,,,,GLOBAL_BASELINE_NO_ENTITY_RANKING,,,NOT_APPLICABLE_GLOBAL_BASELINE,HF9g-P5,,,,X 全窗基线 · 不参与实体赏罚,14196918,1420,A168_HF9F_20260827_0900,2026-08-27 09:00:00
2026-07-20,110249610,2233,0,37.4469777305,-15.9066808058,-15.9066808058,0.2500000,4,4,0.49659680000000000,0.496596800000,-0.9864100490137353,-0.9864100490137354,-0.9864100490137353,0E-17,ELIGIBLE,R03b_20260811_FULL_v1,L1_ELIGIBILITY,v2026-08-11,2026-03-21..2026-08-06,baccarat_bet02_101_all_pairs_incl_sentinel,round_win = game_pnl > 0 (decisive only),COMPATIBILITY_ONLY_NOT_PRODUCTION,296357.1217,267511.9505,6650.6079,18220,18206,-0.02244119,-0.04150452,-0.02020951,-0.02244119,-6650.6079,296357.1217,OK,0.0000,266.0243,4.0000,96.0000,AG03-UNRESOLVED,ALL5_LEVELS_bet23_to_bet27,266.0243,266.0243,266.0243,332.5304,332.5304,4.000000,4.000000,4.000000,5.000000,5.000000,96.000000,96.000000,96.000000,95.000000,95.000000,5.0,1463.1337,1340.2688,5187.4742,5310.3391,PENDING_AG03,FALSE,NOT_FOR_ENFORCEMENT,6384.5836,256811.4724,6650.6079,6384.5836,266.0243,0.02244119,0.02154355,266.0243,6384.5836,0.02154355,266.0243,266.0243,266.0243,332.5304,332.5304,6384.5836,0.02154355,1463.1337,1340.2688,5187.4742,5310.3391,0.01750413,0.01791872,0.00089765,16.2655,14.6936,0.3653,59.3804,1.1678,2646.0457,162.5536,12.4780,16.8648,9.0895,16.5695,22.0926,29.825,33.4482,44.5976,11.8163,0.0,2.018664,2.691552,0.981654,30,240,141,4,0.10479828,0.02244119,0.04150452,0E-8,0.000000,0.902668,0.011910,-0.02129501,2026-03-22,2026-08-05,112,5695,2177,137,0.817518,0.739886,0.767145,0.349328,,,,,,,,GLOBAL_BASELINE_NO_ENTITY_RANKING,,,NOT_APPLICABLE_GLOBAL_BASELINE,HF9g-P5,,,,X 全窗基线 · 不参与实体赏罚,14196919,1420,A168_HF9F_20260827_0900,2026-08-27 09:00:00
2026-07-20,110249610,2237,0,119.4105691057,-21.6507599860,-21.6507599860,0.4000000,7,7,0.49324550000000000,0.493245500000,-0.4170446088060018,-0.4170446088060018,-0.4170446088060018,0E-17,ELIGIBLE,R03b_20260811_FULL_v1,L1_ELIGIBILITY,v2026-08-11,2026-03-21..2026-08-06,baccarat_bet02_101_all_pairs_incl_sentinel,round_win = game_pnl > 0 (decisive only),COMPATIBILITY_ONLY_NOT_PRODUCTION,296357.1217,267511.9505,6650.6079,18220,18206,-0.02244119,-0.04150452,-0.02020951,-0.02244119,-6650.6079,296357.1217,OK,0.0000,266.0243,4.0000,96.0000,AG03-UNRESOLVED,ALL5_LEVELS_bet23_to_bet27,266.0243,266.0243,266.0243,332.5304,332.5304,4.000000,4.000000,4.000000,5.000000,5.000000,96.000000,96.000000,96.000000,95.000000,95.000000,5.0,1463.1337,1340.2688,5187.4742,5310.3391,PENDING_AG03,FALSE,NOT_FOR_ENFORCEMENT,6384.5836,256811.4724,6650.6079,6384.5836,266.0243,0.02244119,0.02154355,266.0243,6384.5836,0.02154355,266.0243,266.0243,266.0243,332.5304,332.5304,6384.5836,0.02154355,1463.1337,1340.2688,5187.4742,5310.3391,0.01750413,0.01791872,0.00089765,16.2655,14.6936,0.3653,59.3804,1.1678,2646.0457,162.5536,12.4780,16.8648,9.0895,16.5695,22.0926,29.825,33.4482,44.5976,11.8163,0.0,2.018664,2.691552,0.981654,30,240,141,4,0.10479828,0.02244119,0.04150452,0E-8,0.000000,0.902668,0.011910,-0.02129501,2026-03-22,2026-08-05,112,5695,2177,137,0.817518,0.739886,0.767145,0.349328,,,,,,,,GLOBAL_BASELINE_NO_ENTITY_RANKING,,,NOT_APPLICABLE_GLOBAL_BASELINE,HF9g-P5,,,,X 全窗基线 · 不参与实体赏罚,14196920,1420,A168_HF9F_20260827_0900,2026-08-27 09:00:00
2026-07-20,110249610,2239,0,67.4929303641,54.2870714035,54.2870714035,0.7500000,8,8,0.50329940000000000,0.503299400000,1.3955797224674644,1.3955797224674644,1.3955797224674644,0E-17,ELIGIBLE,R03b_20260811_FULL_v1,L1_ELIGIBILITY,v2026-08-11,2026-03-21..2026-08-06,baccarat_bet02_101_all_pairs_incl_sentinel,round_win = game_pnl > 0 (decisive only),COMPATIBILITY_ONLY_NOT_PRODUCTION,296357.1217,267511.9505,6650.6079,18220,18206,-0.02244119,-0.04150452,-0.02020951,-0.02244119,-6650.6079,296357.1217,OK,0.0000,266.0243,4.0000,96.0000,AG03-UNRESOLVED,ALL5_LEVELS_bet23_to_bet27,266.0243,266.0243,266.0243,332.5304,332.5304,4.000000,4.000000,4.000000,5.000000,5.000000,96.000000,96.000000,96.000000,95.000000,95.000000,5.0,1463.1337,1340.2688,5187.4742,5310.3391,PENDING_AG03,FALSE,NOT_FOR_ENFORCEMENT,6384.5836,256811.4724,6650.6079,6384.5836,266.0243,0.02244119,0.02154355,266.0243,6384.5836,0.02154355,266.0243,266.0243,266.0243,332.5304,332.5304,6384.5836,0.02154355,1463.1337,1340.2688,5187.4742,5310.3391,0.01750413,0.01791872,0.00089765,16.2655,14.6936,0.3653,59.3804,1.1678,2646.0457,162.5536,12.4780,16.8648,9.0895,16.5695,22.0926,29.825,33.4482,44.5976,11.8163,0.0,2.018664,2.691552,0.981654,30,240,141,4,0.10479828,0.02244119,0.04150452,0E-8,0.000000,0.902668,0.011910,-0.02129501,2026-03-22,2026-08-05,112,5695,2177,137,0.817518,0.739886,0.767145,0.349328,,,,,,,,GLOBAL_BASELINE_NO_ENTITY_RANKING,,,NOT_APPLICABLE_GLOBAL_BASELINE,HF9g-P5,,,,X 全窗基线 · 不参与实体赏罚,14196921,1420,A168_HF9F_20260827_0900,2026-08-27 09:00:00
2026-07-20,110249610,2240,0,11.0463061152,10.4939908095,10.4939908095,1.0000000,1,1,0.50665070000000000,0.506650700000,0.9867858985152569,0.9867858985152569,0.9867858985152569,0E-17,ELIGIBLE,R03b_20260811_FULL_v1,L1_ELIGIBILITY,v2026-08-11,2026-03-21..2026-08-06,baccarat_bet02_101_all_pairs_incl_sentinel,round_win = game_pnl > 0 (decisive only),COMPATIBILITY_ONLY_NOT_PRODUCTION,296357.1217,267511.9505,6650.6079,18220,18206,-0.02244119,-0.04150452,-0.02020951,-0.02244119,-6650.6079,296357.1217,OK,0.0000,266.0243,4.0000,96.0000,AG03-UNRESOLVED,ALL5_LEVELS_bet23_to_bet27,266.0243,266.0243,266.0243,332.5304,332.5304,4.000000,4.000000,4.000000,5.000000,5.000000,96.000000,96.000000,96.000000,95.000000,95.000000,5.0,1463.1337,1340.2688,5187.4742,5310.3391,PENDING_AG03,FALSE,NOT_FOR_ENFORCEMENT,6384.5836,256811.4724,6650.6079,6384.5836,266.0243,0.02244119,0.02154355,266.0243,6384.5836,0.02154355,266.0243,266.0243,266.0243,332.5304,332.5304,6384.5836,0.02154355,1463.1337,1340.2688,5187.4742,5310.3391,0.01750413,0.01791872,0.00089765,16.2655,14.6936,0.3653,59.3804,1.1678,2646.0457,162.5536,12.4780,16.8648,9.0895,16.5695,22.0926,29.825,33.4482,44.5976,11.8163,0.0,2.018664,2.691552,0.981654,30,240,141,4,0.10479828,0.02244119,0.04150452,0E-8,0.000000,0.902668,0.011910,-0.02129501,2026-03-22,2026-08-05,112,5695,2177,137,0.817518,0.739886,0.767145,0.349328,,,,,,,,GLOBAL_BASELINE_NO_ENTITY_RANKING,,,NOT_APPLICABLE_GLOBAL_BASELINE,HF9g-P5,,,,X 全窗基线 · 不参与实体赏罚,14196922,1420,A168_HF9F_20260827_0900,2026-08-27 09:00:00
2026-07-20,110249610,2242,0,35.2377165075,-14.2497348886,-14.2497348886,0E-7,4,4,0.50329940000000000,0.503299400000,-1.4235766693920513,-1.4235766693920513,-1.4235766693920513,0E-17,ELIGIBLE,R03b_20260811_FULL_v1,L1_ELIGIBILITY,v2026-08-11,2026-03-21..2026-08-06,baccarat_bet02_101_all_pairs_incl_sentinel,round_win = game_pnl > 0 (decisive only),COMPATIBILITY_ONLY_NOT_PRODUCTION,296357.1217,267511.9505,6650.6079,18220,18206,-0.02244119,-0.04150452,-0.02020951,-0.02244119,-6650.6079,296357.1217,OK,0.0000,266.0243,4.0000,96.0000,AG03-UNRESOLVED,ALL5_LEVELS_bet23_to_bet27,266.0243,266.0243,266.0243,332.5304,332.5304,4.000000,4.000000,4.000000,5.000000,5.000000,96.000000,96.000000,96.000000,95.000000,95.000000,5.0,1463.1337,1340.2688,5187.4742,5310.3391,PENDING_AG03,FALSE,NOT_FOR_ENFORCEMENT,6384.5836,256811.4724,6650.6079,6384.5836,266.0243,0.02244119,0.02154355,266.0243,6384.5836,0.02154355,266.0243,266.0243,266.0243,332.5304,332.5304,6384.5836,0.02154355,1463.1337,1340.2688,5187.4742,5310.3391,0.01750413,0.01791872,0.00089765,16.2655,14.6936,0.3653,59.3804,1.1678,2646.0457,162.5536,12.4780,16.8648,9.0895,16.5695,22.0926,29.825,33.4482,44.5976,11.8163,0.0,2.018664,2.691552,0.981654,30,240,141,4,0.10479828,0.02244119,0.04150452,0E-8,0.000000,0.902668,0.011910,-0.02129501,2026-03-22,2026-08-05,112,5695,2177,137,0.817518,0.739886,0.767145,0.349328,,,,,,,,GLOBAL_BASELINE_NO_ENTITY_RANKING,,,NOT_APPLICABLE_GLOBAL_BASELINE,HF9g-P5,,,,X 全窗基线 · 不参与实体赏罚,14196923,1420,A168_HF9F_20260827_0900,2026-08-27 09:00:00
2026-07-20,110249610,2248,0,181.3803464119,26.9529869213,26.9529869213,0.5000000,14,14,0.50377815714285714,0.503778157143,-0.02617658784620806,-0.026176587847197907,-0.02617658784620806,-1.4286E-13,ELIGIBLE,R03b_20260811_FULL_v1,L1_ELIGIBILITY,v2026-08-11,2026-03-21..2026-08-06,baccarat_bet02_101_all_pairs_incl_sentinel,round_win = game_pnl > 0 (decisive only),COMPATIBILITY_ONLY_NOT_PRODUCTION,296357.1217,267511.9505,6650.6079,18220,18206,-0.02244119,-0.04150452,-0.02020951,-0.02244119,-6650.6079,296357.1217,OK,0.0000,266.0243,4.0000,96.0000,AG03-UNRESOLVED,ALL5_LEVELS_bet23_to_bet27,266.0243,266.0243,266.0243,332.5304,332.5304,4.000000,4.000000,4.000000,5.000000,5.000000,96.000000,96.000000,96.000000,95.000000,95.000000,5.0,1463.1337,1340.2688,5187.4742,5310.3391,PENDING_AG03,FALSE,NOT_FOR_ENFORCEMENT,6384.5836,256811.4724,6650.6079,6384.5836,266.0243,0.02244119,0.02154355,266.0243,6384.5836,0.02154355,266.0243,266.0243,266.0243,332.5304,332.5304,6384.5836,0.02154355,1463.1337,1340.2688,5187.4742,5310.3391,0.01750413,0.01791872,0.00089765,16.2655,14.6936,0.3653,59.3804,1.1678,2646.0457,162.5536,12.4780,16.8648,9.0895,16.5695,22.0926,29.825,33.4482,44.5976,11.8163,0.0,2.018664,2.691552,0.981654,30,240,141,4,0.10479828,0.02244119,0.04150452,0E-8,0.000000,0.902668,0.011910,-0.02129501,2026-03-22,2026-08-05,112,5695,2177,137,0.817518,0.739886,0.767145,0.349328,,,,,,,,GLOBAL_BASELINE_NO_ENTITY_RANKING,,,NOT_APPLICABLE_GLOBAL_BASELINE,HF9g-P5,,,,X 全窗基线 · 不参与实体赏罚,14196924,1420,A168_HF9F_20260827_0900,2026-08-27 09:00:00
2026-07-20,110249610,2250,0,27.6157652881,-18.9996465182,-18.9996465182,0.3333333,3,3,0.50665070000000000,0.506650700000,-0.6004420894325239,-0.6004420894325239,-0.6004420894325239,0E-17,ELIGIBLE,R03b_20260811_FULL_v1,L1_ELIGIBILITY,v2026-08-11,2026-03-21..2026-08-06,baccarat_bet02_101_all_pairs_incl_sentinel,round_win = game_pnl > 0 (decisive only),COMPATIBILITY_ONLY_NOT_PRODUCTION,296357.1217,267511.9505,6650.6079,18220,18206,-0.02244119,-0.04150452,-0.02020951,-0.02244119,-6650.6079,296357.1217,OK,0.0000,266.0243,4.0000,96.0000,AG03-UNRESOLVED,ALL5_LEVELS_bet23_to_bet27,266.0243,266.0243,266.0243,332.5304,332.5304,4.000000,4.000000,4.000000,5.000000,5.000000,96.000000,96.000000,96.000000,95.000000,95.000000,5.0,1463.1337,1340.2688,5187.4742,5310.3391,PENDING_AG03,FALSE,NOT_FOR_ENFORCEMENT,6384.5836,256811.4724,6650.6079,6384.5836,266.0243,0.02244119,0.02154355,266.0243,6384.5836,0.02154355,266.0243,266.0243,266.0243,332.5304,332.5304,6384.5836,0.02154355,1463.1337,1340.2688,5187.4742,5310.3391,0.01750413,0.01791872,0.00089765,16.2655,14.6936,0.3653,59.3804,1.1678,2646.0457,162.5536,12.4780,16.8648,9.0895,16.5695,22.0926,29.825,33.4482,44.5976,11.8163,0.0,2.018664,2.691552,0.981654,30,240,141,4,0.10479828,0.02244119,0.04150452,0E-8,0.000000,0.902668,0.011910,-0.02129501,2026-03-22,2026-08-05,112,5695,2177,137,0.817518,0.739886,0.767145,0.349328,,,,,,,,GLOBAL_BASELINE_NO_ENTITY_RANKING,,,NOT_APPLICABLE_GLOBAL_BASELINE,HF9g-P5,,,,X 全窗基线 · 不参与实体赏罚,14196925,1420,A168_HF9F_20260827_0900,2026-08-27 09:00:00
2026-07-20,110249610,2258,0,53.0222693532,-36.6240279251,-36.6240279251,0.1666667,7,7,0.50473567142857143,0.504735671429,-1.6562674095404992,-1.6562674095426126,-1.6562674095404992,-4.2857E-13,ELIGIBLE,R03b_20260811_FULL_v1,L1_ELIGIBILITY,v2026-08-11,2026-03-21..2026-08-06,baccarat_bet02_101_all_pairs_incl_sentinel,round_win = game_pnl > 0 (decisive only),COMPATIBILITY_ONLY_NOT_PRODUCTION,296357.1217,267511.9505,6650.6079,18220,18206,-0.02244119,-0.04150452,-0.02020951,-0.02244119,-6650.6079,296357.1217,OK,0.0000,266.0243,4.0000,96.0000,AG03-UNRESOLVED,ALL5_LEVELS_bet23_to_bet27,266.0243,266.0243,266.0243,332.5304,332.5304,4.000000,4.000000,4.000000,5.000000,5.000000,96.000000,96.000000,96.000000,95.000000,95.000000,5.0,1463.1337,1340.2688,5187.4742,5310.3391,PENDING_AG03,FALSE,NOT_FOR_ENFORCEMENT,6384.5836,256811.4724,6650.6079,6384.5836,266.0243,0.02244119,0.02154355,266.0243,6384.5836,0.02154355,266.0243,266.0243,266.0243,332.5304,332.5304,6384.5836,0.02154355,1463.1337,1340.2688,5187.4742,5310.3391,0.01750413,0.01791872,0.00089765,16.2655,14.6936,0.3653,59.3804,1.1678,2646.0457,162.5536,12.4780,16.8648,9.0895,16.5695,22.0926,29.825,33.4482,44.5976,11.8163,0.0,2.018664,2.691552,0.981654,30,240,141,4,0.10479828,0.02244119,0.04150452,0E-8,0.000000,0.902668,0.011910,-0.02129501,2026-03-22,2026-08-05,112,5695,2177,137,0.817518,0.739886,0.767145,0.349328,,,,,,,,GLOBAL_BASELINE_NO_ENTITY_RANKING,,,NOT_APPLICABLE_GLOBAL_BASELINE,HF9g-P5,,,,X 全窗基线 · 不参与实体赏罚,14196926,1420,A168_HF9F_20260827_0900,2026-08-27 09:00:00
2026-07-20,110249610,2261,0,16.5694591729,-16.5694591729,-16.5694591729,0E-7,1,1,0.50665070000000000,0.506650700000,-1.013391052207602,-1.013391052207602,-1.013391052207602,0E-17,ELIGIBLE,R03b_20260811_FULL_v1,L1_ELIGIBILITY,v2026-08-11,2026-03-21..2026-08-06,baccarat_bet02_101_all_pairs_incl_sentinel,round_win = game_pnl > 0 (decisive only),COMPATIBILITY_ONLY_NOT_PRODUCTION,296357.1217,267511.9505,6650.6079,18220,18206,-0.02244119,-0.04150452,-0.02020951,-0.02244119,-6650.6079,296357.1217,OK,0.0000,266.0243,4.0000,96.0000,AG03-UNRESOLVED,ALL5_LEVELS_bet23_to_bet27,266.0243,266.0243,266.0243,332.5304,332.5304,4.000000,4.000000,4.000000,5.000000,5.000000,96.000000,96.000000,96.000000,95.000000,95.000000,5.0,1463.1337,1340.2688,5187.4742,5310.3391,PENDING_AG03,FALSE,NOT_FOR_ENFORCEMENT,6384.5836,256811.4724,6650.6079,6384.5836,266.0243,0.02244119,0.02154355,266.0243,6384.5836,0.02154355,266.0243,266.0243,266.0243,332.5304,332.5304,6384.5836,0.02154355,1463.1337,1340.2688,5187.4742,5310.3391,0.01750413,0.01791872,0.00089765,16.2655,14.6936,0.3653,59.3804,1.1678,2646.0457,162.5536,12.4780,16.8648,9.0895,16.5695,22.0926,29.825,33.4482,44.5976,11.8163,0.0,2.018664,2.691552,0.981654,30,240,141,4,0.10479828,0.02244119,0.04150452,0E-8,0.000000,0.902668,0.011910,-0.02129501,2026-03-22,2026-08-05,112,5695,2177,137,0.817518,0.739886,0.767145,0.349328,,,,,,,,GLOBAL_BASELINE_NO_ENTITY_RANKING,,,NOT_APPLICABLE_GLOBAL_BASELINE,HF9g-P5,,,,X 全窗基线 · 不参与实体赏罚,14196927,1420,A168_HF9F_20260827_0900,2026-08-27 09:00:00
2026-07-20,110249610,2271,0,33.1389183456,23.1972428420,23.1972428420,0.8000000,5,5,0.49860758000000000,0.498607580000,1.3478731046594083,1.3478731046594083,1.3478731046594083,0E-17,ELIGIBLE,R03b_20260811_FULL_v1,L1_ELIGIBILITY,v2026-08-11,2026-03-21..2026-08-06,baccarat_bet02_101_all_pairs_incl_sentinel,round_win = game_pnl > 0 (decisive only),COMPATIBILITY_ONLY_NOT_PRODUCTION,296357.1217,267511.9505,6650.6079,18220,18206,-0.02244119,-0.04150452,-0.02020951,-0.02244119,-6650.6079,296357.1217,OK,0.0000,266.0243,4.0000,96.0000,AG03-UNRESOLVED,ALL5_LEVELS_bet23_to_bet27,266.0243,266.0243,266.0243,332.5304,332.5304,4.000000,4.000000,4.000000,5.000000,5.000000,96.000000,96.000000,96.000000,95.000000,95.000000,5.0,1463.1337,1340.2688,5187.4742,5310.3391,PENDING_AG03,FALSE,NOT_FOR_ENFORCEMENT,6384.5836,256811.4724,6650.6079,6384.5836,266.0243,0.02244119,0.02154355,266.0243,6384.5836,0.02154355,266.0243,266.0243,266.0243,332.5304,332.5304,6384.5836,0.02154355,1463.1337,1340.2688,5187.4742,5310.3391,0.01750413,0.01791872,0.00089765,16.2655,14.6936,0.3653,59.3804,1.1678,2646.0457,162.5536,12.4780,16.8648,9.0895,16.5695,22.0926,29.825,33.4482,44.5976,11.8163,0.0,2.018664,2.691552,0.981654,30,240,141,4,0.10479828,0.02244119,0.04150452,0E-8,0.000000,0.902668,0.011910,-0.02129501,2026-03-22,2026-08-05,112,5695,2177,137,0.817518,0.739886,0.767145,0.349328,,,,,,,,GLOBAL_BASELINE_NO_ENTITY_RANKING,,,NOT_APPLICABLE_GLOBAL_BASELINE,HF9g-P5,,,,X 全窗基线 · 不参与实体赏罚,14196928,1420,A168_HF9F_20260827_0900,2026-08-27 09:00:00
2026-07-20,110249610,2276,0,100.5213856485,-37.5022092612,-37.5022092612,0.2500000,8,8,0.50162375000000000,0.501623750000,-1.4234063852847412,-1.4234063852847412,-1.4234063852847412,0E-17,ELIGIBLE,R03b_20260811_FULL_v1,L1_ELIGIBILITY,v2026-08-11,2026-03-21..2026-08-06,baccarat_bet02_101_all_pairs_incl_sentinel,round_win = game_pnl > 0 (decisive only),COMPATIBILITY_ONLY_NOT_PRODUCTION,296357.1217,267511.9505,6650.6079,18220,18206,-0.02244119,-0.04150452,-0.02020951,-0.02244119,-6650.6079,296357.1217,OK,0.0000,266.0243,4.0000,96.0000,AG03-UNRESOLVED,ALL5_LEVELS_bet23_to_bet27,266.0243,266.0243,266.0243,332.5304,332.5304,4.000000,4.000000,4.000000,5.000000,5.000000,96.000000,96.000000,96.000000,95.000000,95.000000,5.0,1463.1337,1340.2688,5187.4742,5310.3391,PENDING_AG03,FALSE,NOT_FOR_ENFORCEMENT,6384.5836,256811.4724,6650.6079,6384.5836,266.0243,0.02244119,0.02154355,266.0243,6384.5836,0.02154355,266.0243,266.0243,266.0243,332.5304,332.5304,6384.5836,0.02154355,1463.1337,1340.2688,5187.4742,5310.3391,0.01750413,0.01791872,0.00089765,16.2655,14.6936,0.3653,59.3804,1.1678,2646.0457,162.5536,12.4780,16.8648,9.0895,16.5695,22.0926,29.825,33.4482,44.5976,11.8163,0.0,2.018664,2.691552,0.981654,30,240,141,4,0.10479828,0.02244119,0.04150452,0E-8,0.000000,0.902668,0.011910,-0.02129501,2026-03-22,2026-08-05,112,5695,2177,137,0.817518,0.739886,0.767145,0.349328,,,,,,,,GLOBAL_BASELINE_NO_ENTITY_RANKING,,,NOT_APPLICABLE_GLOBAL_BASELINE,HF9g-P5,,,,X 全窗基线 · 不参与实体赏罚,14196929,1420,A168_HF9F_20260827_0900,2026-08-27 09:00:00
2026-07-20,110249610,2278,0,2.2092612230,-2.2092612230,-2.2092612230,0E-7,1,1,0.49324550000000000,0.493245500000,-0.9865810262130424,-0.9865810262130424,-0.9865810262130424,0E-17,ELIGIBLE,R03b_20260811_FULL_v1,L1_ELIGIBILITY,v2026-08-11,2026-03-21..2026-08-06,baccarat_bet02_101_all_pairs_incl_sentinel,round_win = game_pnl > 0 (decisive only),COMPATIBILITY_ONLY_NOT_PRODUCTION,296357.1217,267511.9505,6650.6079,18220,18206,-0.02244119,-0.04150452,-0.02020951,-0.02244119,-6650.6079,296357.1217,OK,0.0000,266.0243,4.0000,96.0000,AG03-UNRESOLVED,ALL5_LEVELS_bet23_to_bet27,266.0243,266.0243,266.0243,332.5304,332.5304,4.000000,4.000000,4.000000,5.000000,5.000000,96.000000,96.000000,96.000000,95.000000,95.000000,5.0,1463.1337,1340.2688,5187.4742,5310.3391,PENDING_AG03,FALSE,NOT_FOR_ENFORCEMENT,6384.5836,256811.4724,6650.6079,6384.5836,266.0243,0.02244119,0.02154355,266.0243,6384.5836,0.02154355,266.0243,266.0243,266.0243,332.5304,332.5304,6384.5836,0.02154355,1463.1337,1340.2688,5187.4742,5310.3391,0.01750413,0.01791872,0.00089765,16.2655,14.6936,0.3653,59.3804,1.1678,2646.0457,162.5536,12.4780,16.8648,9.0895,16.5695,22.0926,29.825,33.4482,44.5976,11.8163,0.0,2.018664,2.691552,0.981654,30,240,141,4,0.10479828,0.02244119,0.04150452,0E-8,0.000000,0.902668,0.011910,-0.02129501,2026-03-22,2026-08-05,112,5695,2177,137,0.817518,0.739886,0.767145,0.349328,,,,,,,,GLOBAL_BASELINE_NO_ENTITY_RANKING,,,NOT_APPLICABLE_GLOBAL_BASELINE,HF9g-P5,,,,X 全窗基线 · 不参与实体赏罚,14196930,1420,A168_HF9F_20260827_0900,2026-08-27 09:00:00
2026-07-20,110249610,2280,0,90.5797101449,39.8771650761,39.8771650761,0.8000000,6,6,0.50665070000000000,0.506650700000,1.3120140225494112,1.3120140225494112,1.3120140225494112,0E-17,ELIGIBLE,R03b_20260811_FULL_v1,L1_ELIGIBILITY,v2026-08-11,2026-03-21..2026-08-06,baccarat_bet02_101_all_pairs_incl_sentinel,round_win = game_pnl > 0 (decisive only),COMPATIBILITY_ONLY_NOT_PRODUCTION,296357.1217,267511.9505,6650.6079,18220,18206,-0.02244119,-0.04150452,-0.02020951,-0.02244119,-6650.6079,296357.1217,OK,0.0000,266.0243,4.0000,96.0000,AG03-UNRESOLVED,ALL5_LEVELS_bet23_to_bet27,266.0243,266.0243,266.0243,332.5304,332.5304,4.000000,4.000000,4.000000,5.000000,5.000000,96.000000,96.000000,96.000000,95.000000,95.000000,5.0,1463.1337,1340.2688,5187.4742,5310.3391,PENDING_AG03,FALSE,NOT_FOR_ENFORCEMENT,6384.5836,256811.4724,6650.6079,6384.5836,266.0243,0.02244119,0.02154355,266.0243,6384.5836,0.02154355,266.0243,266.0243,266.0243,332.5304,332.5304,6384.5836,0.02154355,1463.1337,1340.2688,5187.4742,5310.3391,0.01750413,0.01791872,0.00089765,16.2655,14.6936,0.3653,59.3804,1.1678,2646.0457,162.5536,12.4780,16.8648,9.0895,16.5695,22.0926,29.825,33.4482,44.5976,11.8163,0.0,2.018664,2.691552,0.981654,30,240,141,4,0.10479828,0.02244119,0.04150452,0E-8,0.000000,0.902668,0.011910,-0.02129501,2026-03-22,2026-08-05,112,5695,2177,137,0.817518,0.739886,0.767145,0.349328,,,,,,,,GLOBAL_BASELINE_NO_ENTITY_RANKING,,,NOT_APPLICABLE_GLOBAL_BASELINE,HF9g-P5,,,,X 全窗基线 · 不参与实体赏罚,14196931,1420,A168_HF9F_20260827_0900,2026-08-27 09:00:00
2026-07-20,110249610,2287,0,51.9176387417,-19.6071933546,-19.6071933546,0.2500000,4,4,0.50665070000000000,0.506650700000,-1.0266936290537745,-1.0266936290537745,-1.0266936290537745,0E-17,ELIGIBLE,R03b_20260811_FULL_v1,L1_ELIGIBILITY,v2026-08-11,2026-03-21..2026-08-06,baccarat_bet02_101_all_pairs_incl_sentinel,round_win = game_pnl > 0 (decisive only),COMPATIBILITY_ONLY_NOT_PRODUCTION,296357.1217,267511.9505,6650.6079,18220,18206,-0.02244119,-0.04150452,-0.02020951,-0.02244119,-6650.6079,296357.1217,OK,0.0000,266.0243,4.0000,96.0000,AG03-UNRESOLVED,ALL5_LEVELS_bet23_to_bet27,266.0243,266.0243,266.0243,332.5304,332.5304,4.000000,4.000000,4.000000,5.000000,5.000000,96.000000,96.000000,96.000000,95.000000,95.000000,5.0,1463.1337,1340.2688,5187.4742,5310.3391,PENDING_AG03,FALSE,NOT_FOR_ENFORCEMENT,6384.5836,256811.4724,6650.6079,6384.5836,266.0243,0.02244119,0.02154355,266.0243,6384.5836,0.02154355,266.0243,266.0243,266.0243,332.5304,332.5304,6384.5836,0.02154355,1463.1337,1340.2688,5187.4742,5310.3391,0.01750413,0.01791872,0.00089765,16.2655,14.6936,0.3653,59.3804,1.1678,2646.0457,162.5536,12.4780,16.8648,9.0895,16.5695,22.0926,29.825,33.4482,44.5976,11.8163,0.0,2.018664,2.691552,0.981654,30,240,141,4,0.10479828,0.02244119,0.04150452,0E-8,0.000000,0.902668,0.011910,-0.02129501,2026-03-22,2026-08-05,112,5695,2177,137,0.817518,0.739886,0.767145,0.349328,,,,,,,,GLOBAL_BASELINE_NO_ENTITY_RANKING,,,NOT_APPLICABLE_GLOBAL_BASELINE,HF9g-P5,,,,X 全窗基线 · 不参与实体赏罚,14196932,1420,A168_HF9F_20260827_0900,2026-08-27 09:00:00
2026-07-20,110249610,2289,0,22.0926122304,20.9879816190,20.9879816190,1.0000000,4,4,0.50665070000000000,0.506650700000,1.9735717970305138,1.9735717970305138,1.9735717970305138,0E-17,ELIGIBLE,R03b_20260811_FULL_v1,L1_ELIGIBILITY,v2026-08-11,2026-03-21..2026-08-06,baccarat_bet02_101_all_pairs_incl_sentinel,round_win = game_pnl > 0 (decisive only),COMPATIBILITY_ONLY_NOT_PRODUCTION,296357.1217,267511.9505,6650.6079,18220,18206,-0.02244119,-0.04150452,-0.02020951,-0.02244119,-6650.6079,296357.1217,OK,0.0000,266.0243,4.0000,96.0000,AG03-UNRESOLVED,ALL5_LEVELS_bet23_to_bet27,266.0243,266.0243,266.0243,332.5304,332.5304,4.000000,4.000000,4.000000,5.000000,5.000000,96.000000,96.000000,96.000000,95.000000,95.000000,5.0,1463.1337,1340.2688,5187.4742,5310.3391,PENDING_AG03,FALSE,NOT_FOR_ENFORCEMENT,6384.5836,256811.4724,6650.6079,6384.5836,266.0243,0.02244119,0.02154355,266.0243,6384.5836,0.02154355,266.0243,266.0243,266.0243,332.5304,332.5304,6384.5836,0.02154355,1463.1337,1340.2688,5187.4742,5310.3391,0.01750413,0.01791872,0.00089765,16.2655,14.6936,0.3653,59.3804,1.1678,2646.0457,162.5536,12.4780,16.8648,9.0895,16.5695,22.0926,29.825,33.4482,44.5976,11.8163,0.0,2.018664,2.691552,0.981654,30,240,141,4,0.10479828,0.02244119,0.04150452,0E-8,0.000000,0.902668,0.011910,-0.02129501,2026-03-22,2026-08-05,112,5695,2177,137,0.817518,0.739886,0.767145,0.349328,,,,,,,,GLOBAL_BASELINE_NO_ENTITY_RANKING,,,NOT_APPLICABLE_GLOBAL_BASELINE,HF9g-P5,,,,X 全窗基线 · 不参与实体赏罚,14196933,1420,A168_HF9F_20260827_0900,2026-08-27 09:00:00
2026-07-20,110249610,526,0,16.5694591728,-5.7993107105,-5.7993107105,0.5000000,2,2,0.49994810000000000,0.499948100000,0.00014679536856514622,0.00014679536856514622,0.00014679536856514622,0E-17,ELIGIBLE,R03b_20260811_FULL_v1,L1_ELIGIBILITY,v2026-08-11,2026-03-21..2026-08-06,baccarat_bet02_101_all_pairs_incl_sentinel,round_win = game_pnl > 0 (decisive only),COMPATIBILITY_ONLY_NOT_PRODUCTION,296357.1217,267511.9505,6650.6079,18220,18206,-0.02244119,-0.04150452,-0.02020951,-0.02244119,-6650.6079,296357.1217,OK,0.0000,266.0243,4.0000,96.0000,AG03-UNRESOLVED,ALL5_LEVELS_bet23_to_bet27,266.0243,266.0243,266.0243,332.5304,332.5304,4.000000,4.000000,4.000000,5.000000,5.000000,96.000000,96.000000,96.000000,95.000000,95.000000,5.0,1463.1337,1340.2688,5187.4742,5310.3391,PENDING_AG03,FALSE,NOT_FOR_ENFORCEMENT,6384.5836,256811.4724,6650.6079,6384.5836,266.0243,0.02244119,0.02154355,266.0243,6384.5836,0.02154355,266.0243,266.0243,266.0243,332.5304,332.5304,6384.5836,0.02154355,1463.1337,1340.2688,5187.4742,5310.3391,0.01750413,0.01791872,0.00089765,16.2655,14.6936,0.3653,59.3804,1.1678,2646.0457,162.5536,12.4780,16.8648,9.0895,16.5695,22.0926,29.825,33.4482,44.5976,11.8163,0.0,2.018664,2.691552,0.981654,30,240,141,4,0.10479828,0.02244119,0.04150452,0E-8,0.000000,0.902668,0.011910,-0.02129501,2026-03-22,2026-08-05,112,5695,2177,137,0.817518,0.739886,0.767145,0.349328,,,,,,,,GLOBAL_BASELINE_NO_ENTITY_RANKING,,,NOT_APPLICABLE_GLOBAL_BASELINE,HF9g-P5,,,,X 全窗基线 · 不参与实体赏罚,14196934,1420,A168_HF9F_20260827_0900,2026-08-27 09:00:00
2026-07-20,110249610,595,0,22.0926122305,-11.3224637682,-11.3224637682,0.5000000,2,2,0.50665070000000000,0.506650700000,-0.018812684590367487,-0.018812684590367487,-0.018812684590367487,0E-17,ELIGIBLE,R03b_20260811_FULL_v1,L1_ELIGIBILITY,v2026-08-11,2026-03-21..2026-08-06,baccarat_bet02_101_all_pairs_incl_sentinel,round_win = game_pnl > 0 (decisive only),COMPATIBILITY_ONLY_NOT_PRODUCTION,296357.1217,267511.9505,6650.6079,18220,18206,-0.02244119,-0.04150452,-0.02020951,-0.02244119,-6650.6079,296357.1217,OK,0.0000,266.0243,4.0000,96.0000,AG03-UNRESOLVED,ALL5_LEVELS_bet23_to_bet27,266.0243,266.0243,266.0243,332.5304,332.5304,4.000000,4.000000,4.000000,5.000000,5.000000,96.000000,96.000000,96.000000,95.000000,95.000000,5.0,1463.1337,1340.2688,5187.4742,5310.3391,PENDING_AG03,FALSE,NOT_FOR_ENFORCEMENT,6384.5836,256811.4724,6650.6079,6384.5836,266.0243,0.02244119,0.02154355,266.0243,6384.5836,0.02154355,266.0243,266.0243,266.0243,332.5304,332.5304,6384.5836,0.02154355,1463.1337,1340.2688,5187.4742,5310.3391,0.01750413,0.01791872,0.00089765,16.2655,14.6936,0.3653,59.3804,1.1678,2646.0457,162.5536,12.4780,16.8648,9.0895,16.5695,22.0926,29.825,33.4482,44.5976,11.8163,0.0,2.018664,2.691552,0.981654,30,240,141,4,0.10479828,0.02244119,0.04150452,0E-8,0.000000,0.902668,0.011910,-0.02129501,2026-03-22,2026-08-05,112,5695,2177,137,0.817518,0.739886,0.767145,0.349328,,,,,,,,GLOBAL_BASELINE_NO_ENTITY_RANKING,,,NOT_APPLICABLE_GLOBAL_BASELINE,HF9g-P5,,,,X 全窗基线 · 不参与实体赏罚,14196935,1420,A168_HF9F_20260827_0900,2026-08-27 09:00:00
2026-07-20,110249610,763,0,24.3018734535,-19.9938140686,-19.9938140686,0.3333333,3,3,0.50218230000000000,0.502182300000,-0.5849155494134425,-0.5849155494134426,-0.5849155494134425,0E-17,ELIGIBLE,R03b_20260811_FULL_v1,L1_ELIGIBILITY,v2026-08-11,2026-03-21..2026-08-06,baccarat_bet02_101_all_pairs_incl_sentinel,round_win = game_pnl > 0 (decisive only),COMPATIBILITY_ONLY_NOT_PRODUCTION,296357.1217,267511.9505,6650.6079,18220,18206,-0.02244119,-0.04150452,-0.02020951,-0.02244119,-6650.6079,296357.1217,OK,0.0000,266.0243,4.0000,96.0000,AG03-UNRESOLVED,ALL5_LEVELS_bet23_to_bet27,266.0243,266.0243,266.0243,332.5304,332.5304,4.000000,4.000000,4.000000,5.000000,5.000000,96.000000,96.000000,96.000000,95.000000,95.000000,5.0,1463.1337,1340.2688,5187.4742,5310.3391,PENDING_AG03,FALSE,NOT_FOR_ENFORCEMENT,6384.5836,256811.4724,6650.6079,6384.5836,266.0243,0.02244119,0.02154355,266.0243,6384.5836,0.02154355,266.0243,266.0243,266.0243,332.5304,332.5304,6384.5836,0.02154355,1463.1337,1340.2688,5187.4742,5310.3391,0.01750413,0.01791872,0.00089765,16.2655,14.6936,0.3653,59.3804,1.1678,2646.0457,162.5536,12.4780,16.8648,9.0895,16.5695,22.0926,29.825,33.4482,44.5976,11.8163,0.0,2.018664,2.691552,0.981654,30,240,141,4,0.10479828,0.02244119,0.04150452,0E-8,0.000000,0.902668,0.011910,-0.02129501,2026-03-22,2026-08-05,112,5695,2177,137,0.817518,0.739886,0.767145,0.349328,,,,,,,,GLOBAL_BASELINE_NO_ENTITY_RANKING,,,NOT_APPLICABLE_GLOBAL_BASELINE,HF9g-P5,,,,X 全窗基线 · 不参与实体赏罚,14196936,1420,A168_HF9F_20260827_0900,2026-08-27 09:00:00
2026-07-20,110249610,919,0,4.4185224460,-0.1104630611,-0.1104630611,0.5000000,2,2,0.50665070000000000,0.506650700000,-0.018812684590367487,-0.018812684590367487,-0.018812684590367487,0E-17,ELIGIBLE,R03b_20260811_FULL_v1,L1_ELIGIBILITY,v2026-08-11,2026-03-21..2026-08-06,baccarat_bet02_101_all_pairs_incl_sentinel,round_win = game_pnl > 0 (decisive only),COMPATIBILITY_ONLY_NOT_PRODUCTION,296357.1217,267511.9505,6650.6079,18220,18206,-0.02244119,-0.04150452,-0.02020951,-0.02244119,-6650.6079,296357.1217,OK,0.0000,266.0243,4.0000,96.0000,AG03-UNRESOLVED,ALL5_LEVELS_bet23_to_bet27,266.0243,266.0243,266.0243,332.5304,332.5304,4.000000,4.000000,4.000000,5.000000,5.000000,96.000000,96.000000,96.000000,95.000000,95.000000,5.0,1463.1337,1340.2688,5187.4742,5310.3391,PENDING_AG03,FALSE,NOT_FOR_ENFORCEMENT,6384.5836,256811.4724,6650.6079,6384.5836,266.0243,0.02244119,0.02154355,266.0243,6384.5836,0.02154355,266.0243,266.0243,266.0243,332.5304,332.5304,6384.5836,0.02154355,1463.1337,1340.2688,5187.4742,5310.3391,0.01750413,0.01791872,0.00089765,16.2655,14.6936,0.3653,59.3804,1.1678,2646.0457,162.5536,12.4780,16.8648,9.0895,16.5695,22.0926,29.825,33.4482,44.5976,11.8163,0.0,2.018664,2.691552,0.981654,30,240,141,4,0.10479828,0.02244119,0.04150452,0E-8,0.000000,0.902668,0.011910,-0.02129501,2026-03-22,2026-08-05,112,5695,2177,137,0.817518,0.739886,0.767145,0.349328,,,,,,,,GLOBAL_BASELINE_NO_ENTITY_RANKING,,,NOT_APPLICABLE_GLOBAL_BASELINE,HF9g-P5,,,,X 全窗基线 · 不参与实体赏罚,14196937,1420,A168_HF9F_20260827_0900,2026-08-27 09:00:00
2026-07-20,110249610,925,0,119.8524213505,37.2812831389,37.2812831389,0.7500000,6,6,0.50665070000000000,0.506650700000,0.9734833216690844,0.9734833216690844,0.9734833216690844,0E-17,ELIGIBLE,R03b_20260811_FULL_v1,L1_ELIGIBILITY,v2026-08-11,2026-03-21..2026-08-06,baccarat_bet02_101_all_pairs_incl_sentinel,round_win = game_pnl > 0 (decisive only),COMPATIBILITY_ONLY_NOT_PRODUCTION,296357.1217,267511.9505,6650.6079,18220,18206,-0.02244119,-0.04150452,-0.02020951,-0.02244119,-6650.6079,296357.1217,OK,0.0000,266.0243,4.0000,96.0000,AG03-UNRESOLVED,ALL5_LEVELS_bet23_to_bet27,266.0243,266.0243,266.0243,332.5304,332.5304,4.000000,4.000000,4.000000,5.000000,5.000000,96.000000,96.000000,96.000000,95.000000,95.000000,5.0,1463.1337,1340.2688,5187.4742,5310.3391,PENDING_AG03,FALSE,NOT_FOR_ENFORCEMENT,6384.5836,256811.4724,6650.6079,6384.5836,266.0243,0.02244119,0.02154355,266.0243,6384.5836,0.02154355,266.0243,266.0243,266.0243,332.5304,332.5304,6384.5836,0.02154355,1463.1337,1340.2688,5187.4742,5310.3391,0.01750413,0.01791872,0.00089765,16.2655,14.6936,0.3653,59.3804,1.1678,2646.0457,162.5536,12.4780,16.8648,9.0895,16.5695,22.0926,29.825,33.4482,44.5976,11.8163,0.0,2.018664,2.691552,0.981654,30,240,141,4,0.10479828,0.02244119,0.04150452,0E-8,0.000000,0.902668,0.011910,-0.02129501,2026-03-22,2026-08-05,112,5695,2177,137,0.817518,0.739886,0.767145,0.349328,,,,,,,,GLOBAL_BASELINE_NO_ENTITY_RANKING,,,NOT_APPLICABLE_GLOBAL_BASELINE,HF9g-P5,,,,X 全窗基线 · 不参与实体赏罚,14196938,1420,A168_HF9F_20260827_0900,2026-08-27 09:00:00
2026-07-20,110249610,970,0,102.1783315660,64.7589696005,64.7589696005,0.8571429,7,7,0.50665070000000000,0.506650700000,1.8547942576316225,1.8547942576316225,1.8547942576316225,0E-17,ELIGIBLE,R03b_20260811_FULL_v1,L1_ELIGIBILITY,v2026-08-11,2026-03-21..2026-08-06,baccarat_bet02_101_all_pairs_incl_sentinel,round_win = game_pnl > 0 (decisive only),COMPATIBILITY_ONLY_NOT_PRODUCTION,296357.1217,267511.9505,6650.6079,18220,18206,-0.02244119,-0.04150452,-0.02020951,-0.02244119,-6650.6079,296357.1217,OK,0.0000,266.0243,4.0000,96.0000,AG03-UNRESOLVED,ALL5_LEVELS_bet23_to_bet27,266.0243,266.0243,266.0243,332.5304,332.5304,4.000000,4.000000,4.000000,5.000000,5.000000,96.000000,96.000000,96.000000,95.000000,95.000000,5.0,1463.1337,1340.2688,5187.4742,5310.3391,PENDING_AG03,FALSE,NOT_FOR_ENFORCEMENT,6384.5836,256811.4724,6650.6079,6384.5836,266.0243,0.02244119,0.02154355,266.0243,6384.5836,0.02154355,266.0243,266.0243,266.0243,332.5304,332.5304,6384.5836,0.02154355,1463.1337,1340.2688,5187.4742,5310.3391,0.01750413,0.01791872,0.00089765,16.2655,14.6936,0.3653,59.3804,1.1678,2646.0457,162.5536,12.4780,16.8648,9.0895,16.5695,22.0926,29.825,33.4482,44.5976,11.8163,0.0,2.018664,2.691552,0.981654,30,240,141,4,0.10479828,0.02244119,0.04150452,0E-8,0.000000,0.902668,0.011910,-0.02129501,2026-03-22,2026-08-05,112,5695,2177,137,0.817518,0.739886,0.767145,0.349328,,,,,,,,GLOBAL_BASELINE_NO_ENTITY_RANKING,,,NOT_APPLICABLE_GLOBAL_BASELINE,HF9g-P5,,,,X 全窗基线 · 不参与实体赏罚,14196939,1420,A168_HF9F_20260827_0900,2026-08-27 09:00:00
2026-07-20,110249610,994,0,111.4572287027,-35.5138741605,-35.5138741605,0.3000000,10,10,0.50396966000000000,0.503969660000,-1.2900580569680735,-1.2900580569680735,-1.2900580569680735,0E-17,ELIGIBLE,R03b_20260811_FULL_v1,L1_ELIGIBILITY,v2026-08-11,2026-03-21..2026-08-06,baccarat_bet02_101_all_pairs_incl_sentinel,round_win = game_pnl > 0 (decisive only),COMPATIBILITY_ONLY_NOT_PRODUCTION,296357.1217,267511.9505,6650.6079,18220,18206,-0.02244119,-0.04150452,-0.02020951,-0.02244119,-6650.6079,296357.1217,OK,0.0000,266.0243,4.0000,96.0000,AG03-UNRESOLVED,ALL5_LEVELS_bet23_to_bet27,266.0243,266.0243,266.0243,332.5304,332.5304,4.000000,4.000000,4.000000,5.000000,5.000000,96.000000,96.000000,96.000000,95.000000,95.000000,5.0,1463.1337,1340.2688,5187.4742,5310.3391,PENDING_AG03,FALSE,NOT_FOR_ENFORCEMENT,6384.5836,256811.4724,6650.6079,6384.5836,266.0243,0.02244119,0.02154355,266.0243,6384.5836,0.02154355,266.0243,266.0243,266.0243,332.5304,332.5304,6384.5836,0.02154355,1463.1337,1340.2688,5187.4742,5310.3391,0.01750413,0.01791872,0.00089765,16.2655,14.6936,0.3653,59.3804,1.1678,2646.0457,162.5536,12.4780,16.8648,9.0895,16.5695,22.0926,29.825,33.4482,44.5976,11.8163,0.0,2.018664,2.691552,0.981654,30,240,141,4,0.10479828,0.02244119,0.04150452,0E-8,0.000000,0.902668,0.011910,-0.02129501,2026-03-22,2026-08-05,112,5695,2177,137,0.817518,0.739886,0.767145,0.349328,,,,,,,,GLOBAL_BASELINE_NO_ENTITY_RANKING,,,NOT_APPLICABLE_GLOBAL_BASELINE,HF9g-P5,,,,X 全窗基线 · 不参与实体赏罚,14196940,1420,A168_HF9F_20260827_0900,2026-08-27 09:00:00
2026-07-21,110249610,-1,1,334.9240014133,-13.2831831033,-13.2831831033,0.5000000,52,52,0.50175264615384615,0.501752646154,-0.023251621577906896,-0.023251621579947986,-0.023251621577906896,-1.5385E-13,SENTINEL_DEALER,R03b_20260811_FULL_v1,L1_ELIGIBILITY,v2026-08-11,2026-03-21..2026-08-06,baccarat_bet02_101_all_pairs_incl_sentinel,round_win = game_pnl > 0 (decisive only),COMPATIBILITY_ONLY_NOT_PRODUCTION,296357.1217,267511.9505,6650.6079,18220,18206,-0.02244119,-0.04150452,-0.02020951,-0.02244119,-6650.6079,296357.1217,OK,0.0000,266.0243,4.0000,96.0000,AG03-UNRESOLVED,ALL5_LEVELS_bet23_to_bet27,266.0243,266.0243,266.0243,332.5304,332.5304,4.000000,4.000000,4.000000,5.000000,5.000000,96.000000,96.000000,96.000000,95.000000,95.000000,5.0,1463.1337,1340.2688,5187.4742,5310.3391,PENDING_AG03,FALSE,NOT_FOR_ENFORCEMENT,6384.5836,256811.4724,6650.6079,6384.5836,266.0243,0.02244119,0.02154355,266.0243,6384.5836,0.02154355,266.0243,266.0243,266.0243,332.5304,332.5304,6384.5836,0.02154355,1463.1337,1340.2688,5187.4742,5310.3391,0.01750413,0.01791872,0.00089765,16.2655,14.6936,0.3653,59.3804,1.1678,2646.0457,162.5536,12.4780,16.8648,9.0895,16.5695,22.0926,29.825,33.4482,44.5976,11.8163,0.0,2.018664,2.691552,0.981654,30,240,141,4,0.10479828,0.02244119,0.04150452,0E-8,0.000000,0.902668,0.011910,-0.02129501,2026-03-22,2026-08-05,112,5695,2177,137,0.817518,0.739886,0.767145,0.349328,,,,,,,,GLOBAL_BASELINE_NO_ENTITY_RANKING,,,NOT_APPLICABLE_GLOBAL_BASELINE,HF9g-P5,,,,X 全窗基线 · 不参与实体赏罚,14196941,1420,A168_HF9F_20260827_0900,2026-08-27 09:00:00
2026-07-21,110249610,1109,0,4.4185224460,0E-10,0E-10,0.5000000,2,2,0.49324550000000000,0.493245500000,0.01910635448239258,0.01910635448239258,0.01910635448239258,0E-17,ELIGIBLE,R03b_20260811_FULL_v1,L1_ELIGIBILITY,v2026-08-11,2026-03-21..2026-08-06,baccarat_bet02_101_all_pairs_incl_sentinel,round_win = game_pnl > 0 (decisive only),COMPATIBILITY_ONLY_NOT_PRODUCTION,296357.1217,267511.9505,6650.6079,18220,18206,-0.02244119,-0.04150452,-0.02020951,-0.02244119,-6650.6079,296357.1217,OK,0.0000,266.0243,4.0000,96.0000,AG03-UNRESOLVED,ALL5_LEVELS_bet23_to_bet27,266.0243,266.0243,266.0243,332.5304,332.5304,4.000000,4.000000,4.000000,5.000000,5.000000,96.000000,96.000000,96.000000,95.000000,95.000000,5.0,1463.1337,1340.2688,5187.4742,5310.3391,PENDING_AG03,FALSE,NOT_FOR_ENFORCEMENT,6384.5836,256811.4724,6650.6079,6384.5836,266.0243,0.02244119,0.02154355,266.0243,6384.5836,0.02154355,266.0243,266.0243,266.0243,332.5304,332.5304,6384.5836,0.02154355,1463.1337,1340.2688,5187.4742,5310.3391,0.01750413,0.01791872,0.00089765,16.2655,14.6936,0.3653,59.3804,1.1678,2646.0457,162.5536,12.4780,16.8648,9.0895,16.5695,22.0926,29.825,33.4482,44.5976,11.8163,0.0,2.018664,2.691552,0.981654,30,240,141,4,0.10479828,0.02244119,0.04150452,0E-8,0.000000,0.902668,0.011910,-0.02129501,2026-03-22,2026-08-05,112,5695,2177,137,0.817518,0.739886,0.767145,0.349328,,,,,,,,GLOBAL_BASELINE_NO_ENTITY_RANKING,,,NOT_APPLICABLE_GLOBAL_BASELINE,HF9g-P5,,,,X 全窗基线 · 不参与实体赏罚,14196942,1420,A168_HF9F_20260827_0900,2026-08-27 09:00:00
2026-07-21,110249610,1330,0,4.4185224461,-4.4185224461,-4.4185224461,0E-7,1,1,0.50665070000000000,0.506650700000,-1.013391052207602,-1.013391052207602,-1.013391052207602,0E-17,ELIGIBLE,R03b_20260811_FULL_v1,L1_ELIGIBILITY,v2026-08-11,2026-03-21..2026-08-06,baccarat_bet02_101_all_pairs_incl_sentinel,round_win = game_pnl > 0 (decisive only),COMPATIBILITY_ONLY_NOT_PRODUCTION,296357.1217,267511.9505,6650.6079,18220,18206,-0.02244119,-0.04150452,-0.02020951,-0.02244119,-6650.6079,296357.1217,OK,0.0000,266.0243,4.0000,96.0000,AG03-UNRESOLVED,ALL5_LEVELS_bet23_to_bet27,266.0243,266.0243,266.0243,332.5304,332.5304,4.000000,4.000000,4.000000,5.000000,5.000000,96.000000,96.000000,96.000000,95.000000,95.000000,5.0,1463.1337,1340.2688,5187.4742,5310.3391,PENDING_AG03,FALSE,NOT_FOR_ENFORCEMENT,6384.5836,256811.4724,6650.6079,6384.5836,266.0243,0.02244119,0.02154355,266.0243,6384.5836,0.02154355,266.0243,266.0243,266.0243,332.5304,332.5304,6384.5836,0.02154355,1463.1337,1340.2688,5187.4742,5310.3391,0.01750413,0.01791872,0.00089765,16.2655,14.6936,0.3653,59.3804,1.1678,2646.0457,162.5536,12.4780,16.8648,9.0895,16.5695,22.0926,29.825,33.4482,44.5976,11.8163,0.0,2.018664,2.691552,0.981654,30,240,141,4,0.10479828,0.02244119,0.04150452,0E-8,0.000000,0.902668,0.011910,-0.02129501,2026-03-22,2026-08-05,112,5695,2177,137,0.817518,0.739886,0.767145,0.349328,,,,,,,,GLOBAL_BASELINE_NO_ENTITY_RANKING,,,NOT_APPLICABLE_GLOBAL_BASELINE,HF9g-P5,,,,X 全窗基线 · 不参与实体赏罚,14196943,1420,A168_HF9F_20260827_0900,2026-08-27 09:00:00
2026-07-21,110249610,1331,0,15.4648285613,-2.4301873453,-2.4301873453,0.5000000,3,3,0.50665070000000000,0.506650700000,-0.018812684590367487,-0.018812684590367487,-0.018812684590367487,0E-17,ELIGIBLE,R03b_20260811_FULL_v1,L1_ELIGIBILITY,v2026-08-11,2026-03-21..2026-08-06,baccarat_bet02_101_all_pairs_incl_sentinel,round_win = game_pnl > 0 (decisive only),COMPATIBILITY_ONLY_NOT_PRODUCTION,296357.1217,267511.9505,6650.6079,18220,18206,-0.02244119,-0.04150452,-0.02020951,-0.02244119,-6650.6079,296357.1217,OK,0.0000,266.0243,4.0000,96.0000,AG03-UNRESOLVED,ALL5_LEVELS_bet23_to_bet27,266.0243,266.0243,266.0243,332.5304,332.5304,4.000000,4.000000,4.000000,5.000000,5.000000,96.000000,96.000000,96.000000,95.000000,95.000000,5.0,1463.1337,1340.2688,5187.4742,5310.3391,PENDING_AG03,FALSE,NOT_FOR_ENFORCEMENT,6384.5836,256811.4724,6650.6079,6384.5836,266.0243,0.02244119,0.02154355,266.0243,6384.5836,0.02154355,266.0243,266.0243,266.0243,332.5304,332.5304,6384.5836,0.02154355,1463.1337,1340.2688,5187.4742,5310.3391,0.01750413,0.01791872,0.00089765,16.2655,14.6936,0.3653,59.3804,1.1678,2646.0457,162.5536,12.4780,16.8648,9.0895,16.5695,22.0926,29.825,33.4482,44.5976,11.8163,0.0,2.018664,2.691552,0.981654,30,240,141,4,0.10479828,0.02244119,0.04150452,0E-8,0.000000,0.902668,0.011910,-0.02129501,2026-03-22,2026-08-05,112,5695,2177,137,0.817518,0.739886,0.767145,0.349328,,,,,,,,GLOBAL_BASELINE_NO_ENTITY_RANKING,,,NOT_APPLICABLE_GLOBAL_BASELINE,HF9g-P5,,,,X 全窗基线 · 不参与实体赏罚,14196944,1420,A168_HF9F_20260827_0900,2026-08-27 09:00:00
2026-07-21,110249610,1383,0,15.1334393779,2.0987981619,2.0987981619,0.5000000,3,3,0.49324550000000000,0.493245500000,0.01910635448239258,0.01910635448239258,0.01910635448239258,0E-17,ELIGIBLE,R03b_20260811_FULL_v1,L1_ELIGIBILITY,v2026-08-11,2026-03-21..2026-08-06,baccarat_bet02_101_all_pairs_incl_sentinel,round_win = game_pnl > 0 (decisive only),COMPATIBILITY_ONLY_NOT_PRODUCTION,296357.1217,267511.9505,6650.6079,18220,18206,-0.02244119,-0.04150452,-0.02020951,-0.02244119,-6650.6079,296357.1217,OK,0.0000,266.0243,4.0000,96.0000,AG03-UNRESOLVED,ALL5_LEVELS_bet23_to_bet27,266.0243,266.0243,266.0243,332.5304,332.5304,4.000000,4.000000,4.000000,5.000000,5.000000,96.000000,96.000000,96.000000,95.000000,95.000000,5.0,1463.1337,1340.2688,5187.4742,5310.3391,PENDING_AG03,FALSE,NOT_FOR_ENFORCEMENT,6384.5836,256811.4724,6650.6079,6384.5836,266.0243,0.02244119,0.02154355,266.0243,6384.5836,0.02154355,266.0243,266.0243,266.0243,332.5304,332.5304,6384.5836,0.02154355,1463.1337,1340.2688,5187.4742,5310.3391,0.01750413,0.01791872,0.00089765,16.2655,14.6936,0.3653,59.3804,1.1678,2646.0457,162.5536,12.4780,16.8648,9.0895,16.5695,22.0926,29.825,33.4482,44.5976,11.8163,0.0,2.018664,2.691552,0.981654,30,240,141,4,0.10479828,0.02244119,0.04150452,0E-8,0.000000,0.902668,0.011910,-0.02129501,2026-03-22,2026-08-05,112,5695,2177,137,0.817518,0.739886,0.767145,0.349328,,,,,,,,GLOBAL_BASELINE_NO_ENTITY_RANKING,,,NOT_APPLICABLE_GLOBAL_BASELINE,HF9g-P5,,,,X 全窗基线 · 不参与实体赏罚,14196945,1420,A168_HF9F_20260827_0900,2026-08-27 09:00:00
2026-07-21,110249610,1401,0,5.5231530576,-5.5231530576,-5.5231530576,0E-7,2,2,0.50665070000000000,0.506650700000,-1.4331513700195317,-1.4331513700195317,-1.4331513700195317,0E-17,ELIGIBLE,R03b_20260811_FULL_v1,L1_ELIGIBILITY,v2026-08-11,2026-03-21..2026-08-06,baccarat_bet02_101_all_pairs_incl_sentinel,round_win = game_pnl > 0 (decisive only),COMPATIBILITY_ONLY_NOT_PRODUCTION,296357.1217,267511.9505,6650.6079,18220,18206,-0.02244119,-0.04150452,-0.02020951,-0.02244119,-6650.6079,296357.1217,OK,0.0000,266.0243,4.0000,96.0000,AG03-UNRESOLVED,ALL5_LEVELS_bet23_to_bet27,266.0243,266.0243,266.0243,332.5304,332.5304,4.000000,4.000000,4.000000,5.000000,5.000000,96.000000,96.000000,96.000000,95.000000,95.000000,5.0,1463.1337,1340.2688,5187.4742,5310.3391,PENDING_AG03,FALSE,NOT_FOR_ENFORCEMENT,6384.5836,256811.4724,6650.6079,6384.5836,266.0243,0.02244119,0.02154355,266.0243,6384.5836,0.02154355,266.0243,266.0243,266.0243,332.5304,332.5304,6384.5836,0.02154355,1463.1337,1340.2688,5187.4742,5310.3391,0.01750413,0.01791872,0.00089765,16.2655,14.6936,0.3653,59.3804,1.1678,2646.0457,162.5536,12.4780,16.8648,9.0895,16.5695,22.0926,29.825,33.4482,44.5976,11.8163,0.0,2.018664,2.691552,0.981654,30,240,141,4,0.10479828,0.02244119,0.04150452,0E-8,0.000000,0.902668,0.011910,-0.02129501,2026-03-22,2026-08-05,112,5695,2177,137,0.817518,0.739886,0.767145,0.349328,,,,,,,,GLOBAL_BASELINE_NO_ENTITY_RANKING,,,NOT_APPLICABLE_GLOBAL_BASELINE,HF9g-P5,,,,X 全窗基线 · 不参与实体赏罚,14196946,1420,A168_HF9F_20260827_0900,2026-08-27 09:00:00
2026-07-21,110249610,1507,0,4.1975963238,-4.1975963238,-4.1975963238,0E-7,1,1,0.50665070000000000,0.506650700000,-1.013391052207602,-1.013391052207602,-1.013391052207602,0E-17,ELIGIBLE,R03b_20260811_FULL_v1,L1_ELIGIBILITY,v2026-08-11,2026-03-21..2026-08-06,baccarat_bet02_101_all_pairs_incl_sentinel,round_win = game_pnl > 0 (decisive only),COMPATIBILITY_ONLY_NOT_PRODUCTION,296357.1217,267511.9505,6650.6079,18220,18206,-0.02244119,-0.04150452,-0.02020951,-0.02244119,-6650.6079,296357.1217,OK,0.0000,266.0243,4.0000,96.0000,AG03-UNRESOLVED,ALL5_LEVELS_bet23_to_bet27,266.0243,266.0243,266.0243,332.5304,332.5304,4.000000,4.000000,4.000000,5.000000,5.000000,96.000000,96.000000,96.000000,95.000000,95.000000,5.0,1463.1337,1340.2688,5187.4742,5310.3391,PENDING_AG03,FALSE,NOT_FOR_ENFORCEMENT,6384.5836,256811.4724,6650.6079,6384.5836,266.0243,0.02244119,0.02154355,266.0243,6384.5836,0.02154355,266.0243,266.0243,266.0243,332.5304,332.5304,6384.5836,0.02154355,1463.1337,1340.2688,5187.4742,5310.3391,0.01750413,0.01791872,0.00089765,16.2655,14.6936,0.3653,59.3804,1.1678,2646.0457,162.5536,12.4780,16.8648,9.0895,16.5695,22.0926,29.825,33.4482,44.5976,11.8163,0.0,2.018664,2.691552,0.981654,30,240,141,4,0.10479828,0.02244119,0.04150452,0E-8,0.000000,0.902668,0.011910,-0.02129501,2026-03-22,2026-08-05,112,5695,2177,137,0.817518,0.739886,0.767145,0.349328,,,,,,,,GLOBAL_BASELINE_NO_ENTITY_RANKING,,,NOT_APPLICABLE_GLOBAL_BASELINE,HF9g-P5,,,,X 全窗基线 · 不参与实体赏罚,14196947,1420,A168_HF9F_20260827_0900,2026-08-27 09:00:00
2026-07-21,110249610,1645,0,15.4648285613,-15.4648285613,-15.4648285613,0E-7,1,1,0.49324550000000000,0.493245500000,-0.9865810262130424,-0.9865810262130424,-0.9865810262130424,0E-17,ELIGIBLE,R03b_20260811_FULL_v1,L1_ELIGIBILITY,v2026-08-11,2026-03-21..2026-08-06,baccarat_bet02_101_all_pairs_incl_sentinel,round_win = game_pnl > 0 (decisive only),COMPATIBILITY_ONLY_NOT_PRODUCTION,296357.1217,267511.9505,6650.6079,18220,18206,-0.02244119,-0.04150452,-0.02020951,-0.02244119,-6650.6079,296357.1217,OK,0.0000,266.0243,4.0000,96.0000,AG03-UNRESOLVED,ALL5_LEVELS_bet23_to_bet27,266.0243,266.0243,266.0243,332.5304,332.5304,4.000000,4.000000,4.000000,5.000000,5.000000,96.000000,96.000000,96.000000,95.000000,95.000000,5.0,1463.1337,1340.2688,5187.4742,5310.3391,PENDING_AG03,FALSE,NOT_FOR_ENFORCEMENT,6384.5836,256811.4724,6650.6079,6384.5836,266.0243,0.02244119,0.02154355,266.0243,6384.5836,0.02154355,266.0243,266.0243,266.0243,332.5304,332.5304,6384.5836,0.02154355,1463.1337,1340.2688,5187.4742,5310.3391,0.01750413,0.01791872,0.00089765,16.2655,14.6936,0.3653,59.3804,1.1678,2646.0457,162.5536,12.4780,16.8648,9.0895,16.5695,22.0926,29.825,33.4482,44.5976,11.8163,0.0,2.018664,2.691552,0.981654,30,240,141,4,0.10479828,0.02244119,0.04150452,0E-8,0.000000,0.902668,0.011910,-0.02129501,2026-03-22,2026-08-05,112,5695,2177,137,0.817518,0.739886,0.767145,0.349328,,,,,,,,GLOBAL_BASELINE_NO_ENTITY_RANKING,,,NOT_APPLICABLE_GLOBAL_BASELINE,HF9g-P5,,,,X 全窗基线 · 不参与实体赏罚,14196948,1420,A168_HF9F_20260827_0900,2026-08-27 09:00:00
2026-07-21,110249610,1710,0,5.5231530576,-5.5231530576,-5.5231530576,0E-7,1,1,0.49324550000000000,0.493245500000,-0.9865810262130424,-0.9865810262130424,-0.9865810262130424,0E-17,ELIGIBLE,R03b_20260811_FULL_v1,L1_ELIGIBILITY,v2026-08-11,2026-03-21..2026-08-06,baccarat_bet02_101_all_pairs_incl_sentinel,round_win = game_pnl > 0 (decisive only),COMPATIBILITY_ONLY_NOT_PRODUCTION,296357.1217,267511.9505,6650.6079,18220,18206,-0.02244119,-0.04150452,-0.02020951,-0.02244119,-6650.6079,296357.1217,OK,0.0000,266.0243,4.0000,96.0000,AG03-UNRESOLVED,ALL5_LEVELS_bet23_to_bet27,266.0243,266.0243,266.0243,332.5304,332.5304,4.000000,4.000000,4.000000,5.000000,5.000000,96.000000,96.000000,96.000000,95.000000,95.000000,5.0,1463.1337,1340.2688,5187.4742,5310.3391,PENDING_AG03,FALSE,NOT_FOR_ENFORCEMENT,6384.5836,256811.4724,6650.6079,6384.5836,266.0243,0.02244119,0.02154355,266.0243,6384.5836,0.02154355,266.0243,266.0243,266.0243,332.5304,332.5304,6384.5836,0.02154355,1463.1337,1340.2688,5187.4742,5310.3391,0.01750413,0.01791872,0.00089765,16.2655,14.6936,0.3653,59.3804,1.1678,2646.0457,162.5536,12.4780,16.8648,9.0895,16.5695,22.0926,29.825,33.4482,44.5976,11.8163,0.0,2.018664,2.691552,0.981654,30,240,141,4,0.10479828,0.02244119,0.04150452,0E-8,0.000000,0.902668,0.011910,-0.02129501,2026-03-22,2026-08-05,112,5695,2177,137,0.817518,0.739886,0.767145,0.349328,,,,,,,,GLOBAL_BASELINE_NO_ENTITY_RANKING,,,NOT_APPLICABLE_GLOBAL_BASELINE,HF9g-P5,,,,X 全窗基线 · 不参与实体赏罚,14196949,1420,A168_HF9F_20260827_0900,2026-08-27 09:00:00
2026-07-21,110249610,1942,0,2.3197242842,-2.3197242842,-2.3197242842,0E-7,1,1,0.49324550000000000,0.493245500000,-0.9865810262130424,-0.9865810262130424,-0.9865810262130424,0E-17,ELIGIBLE,R03b_20260811_FULL_v1,L1_ELIGIBILITY,v2026-08-11,2026-03-21..2026-08-06,baccarat_bet02_101_all_pairs_incl_sentinel,round_win = game_pnl > 0 (decisive only),COMPATIBILITY_ONLY_NOT_PRODUCTION,296357.1217,267511.9505,6650.6079,18220,18206,-0.02244119,-0.04150452,-0.02020951,-0.02244119,-6650.6079,296357.1217,OK,0.0000,266.0243,4.0000,96.0000,AG03-UNRESOLVED,ALL5_LEVELS_bet23_to_bet27,266.0243,266.0243,266.0243,332.5304,332.5304,4.000000,4.000000,4.000000,5.000000,5.000000,96.000000,96.000000,96.000000,95.000000,95.000000,5.0,1463.1337,1340.2688,5187.4742,5310.3391,PENDING_AG03,FALSE,NOT_FOR_ENFORCEMENT,6384.5836,256811.4724,6650.6079,6384.5836,266.0243,0.02244119,0.02154355,266.0243,6384.5836,0.02154355,266.0243,266.0243,266.0243,332.5304,332.5304,6384.5836,0.02154355,1463.1337,1340.2688,5187.4742,5310.3391,0.01750413,0.01791872,0.00089765,16.2655,14.6936,0.3653,59.3804,1.1678,2646.0457,162.5536,12.4780,16.8648,9.0895,16.5695,22.0926,29.825,33.4482,44.5976,11.8163,0.0,2.018664,2.691552,0.981654,30,240,141,4,0.10479828,0.02244119,0.04150452,0E-8,0.000000,0.902668,0.011910,-0.02129501,2026-03-22,2026-08-05,112,5695,2177,137,0.817518,0.739886,0.767145,0.349328,,,,,,,,GLOBAL_BASELINE_NO_ENTITY_RANKING,,,NOT_APPLICABLE_GLOBAL_BASELINE,HF9g-P5,,,,X 全窗基线 · 不参与实体赏罚,14196950,1420,A168_HF9F_20260827_0900,2026-08-27 09:00:00
2026-07-21,110249610,1966,0,8.8370448921,-4.5289855072,-4.5289855072,0.3333333,3,3,0.50218230000000000,0.502182300000,-0.5849155494134425,-0.5849155494134426,-0.5849155494134425,0E-17,ELIGIBLE,R03b_20260811_FULL_v1,L1_ELIGIBILITY,v2026-08-11,2026-03-21..2026-08-06,baccarat_bet02_101_all_pairs_incl_sentinel,round_win = game_pnl > 0 (decisive only),COMPATIBILITY_ONLY_NOT_PRODUCTION,296357.1217,267511.9505,6650.6079,18220,18206,-0.02244119,-0.04150452,-0.02020951,-0.02244119,-6650.6079,296357.1217,OK,0.0000,266.0243,4.0000,96.0000,AG03-UNRESOLVED,ALL5_LEVELS_bet23_to_bet27,266.0243,266.0243,266.0243,332.5304,332.5304,4.000000,4.000000,4.000000,5.000000,5.000000,96.000000,96.000000,96.000000,95.000000,95.000000,5.0,1463.1337,1340.2688,5187.4742,5310.3391,PENDING_AG03,FALSE,NOT_FOR_ENFORCEMENT,6384.5836,256811.4724,6650.6079,6384.5836,266.0243,0.02244119,0.02154355,266.0243,6384.5836,0.02154355,266.0243,266.0243,266.0243,332.5304,332.5304,6384.5836,0.02154355,1463.1337,1340.2688,5187.4742,5310.3391,0.01750413,0.01791872,0.00089765,16.2655,14.6936,0.3653,59.3804,1.1678,2646.0457,162.5536,12.4780,16.8648,9.0895,16.5695,22.0926,29.825,33.4482,44.5976,11.8163,0.0,2.018664,2.691552,0.981654,30,240,141,4,0.10479828,0.02244119,0.04150452,0E-8,0.000000,0.902668,0.011910,-0.02129501,2026-03-22,2026-08-05,112,5695,2177,137,0.817518,0.739886,0.767145,0.349328,,,,,,,,GLOBAL_BASELINE_NO_ENTITY_RANKING,,,NOT_APPLICABLE_GLOBAL_BASELINE,HF9g-P5,,,,X 全窗基线 · 不参与实体赏罚,14196951,1420,A168_HF9F_20260827_0900,2026-08-27 09:00:00
2026-07-21,110249610,1985,0,16.9008483563,-5.1917638741,-5.1917638741,0.5000000,2,2,0.49324550000000000,0.493245500000,0.01910635448239258,0.01910635448239258,0.01910635448239258,0E-17,ELIGIBLE,R03b_20260811_FULL_v1,L1_ELIGIBILITY,v2026-08-11,2026-03-21..2026-08-06,baccarat_bet02_101_all_pairs_incl_sentinel,round_win = game_pnl > 0 (decisive only),COMPATIBILITY_ONLY_NOT_PRODUCTION,296357.1217,267511.9505,6650.6079,18220,18206,-0.02244119,-0.04150452,-0.02020951,-0.02244119,-6650.6079,296357.1217,OK,0.0000,266.0243,4.0000,96.0000,AG03-UNRESOLVED,ALL5_LEVELS_bet23_to_bet27,266.0243,266.0243,266.0243,332.5304,332.5304,4.000000,4.000000,4.000000,5.000000,5.000000,96.000000,96.000000,96.000000,95.000000,95.000000,5.0,1463.1337,1340.2688,5187.4742,5310.3391,PENDING_AG03,FALSE,NOT_FOR_ENFORCEMENT,6384.5836,256811.4724,6650.6079,6384.5836,266.0243,0.02244119,0.02154355,266.0243,6384.5836,0.02154355,266.0243,266.0243,266.0243,332.5304,332.5304,6384.5836,0.02154355,1463.1337,1340.2688,5187.4742,5310.3391,0.01750413,0.01791872,0.00089765,16.2655,14.6936,0.3653,59.3804,1.1678,2646.0457,162.5536,12.4780,16.8648,9.0895,16.5695,22.0926,29.825,33.4482,44.5976,11.8163,0.0,2.018664,2.691552,0.981654,30,240,141,4,0.10479828,0.02244119,0.04150452,0E-8,0.000000,0.902668,0.011910,-0.02129501,2026-03-22,2026-08-05,112,5695,2177,137,0.817518,0.739886,0.767145,0.349328,,,,,,,,GLOBAL_BASELINE_NO_ENTITY_RANKING,,,NOT_APPLICABLE_GLOBAL_BASELINE,HF9g-P5,,,,X 全窗基线 · 不参与实体赏罚,14196952,1420,A168_HF9F_20260827_0900,2026-08-27 09:00:00
2026-07-21,110249610,2101,0,9.9416755037,-9.9416755037,-9.9416755037,0E-7,1,1,0.50665070000000000,0.506650700000,-1.013391052207602,-1.013391052207602,-1.013391052207602,0E-17,ELIGIBLE,R03b_20260811_FULL_v1,L1_ELIGIBILITY,v2026-08-11,2026-03-21..2026-08-06,baccarat_bet02_101_all_pairs_incl_sentinel,round_win = game_pnl > 0 (decisive only),COMPATIBILITY_ONLY_NOT_PRODUCTION,296357.1217,267511.9505,6650.6079,18220,18206,-0.02244119,-0.04150452,-0.02020951,-0.02244119,-6650.6079,296357.1217,OK,0.0000,266.0243,4.0000,96.0000,AG03-UNRESOLVED,ALL5_LEVELS_bet23_to_bet27,266.0243,266.0243,266.0243,332.5304,332.5304,4.000000,4.000000,4.000000,5.000000,5.000000,96.000000,96.000000,96.000000,95.000000,95.000000,5.0,1463.1337,1340.2688,5187.4742,5310.3391,PENDING_AG03,FALSE,NOT_FOR_ENFORCEMENT,6384.5836,256811.4724,6650.6079,6384.5836,266.0243,0.02244119,0.02154355,266.0243,6384.5836,0.02154355,266.0243,266.0243,266.0243,332.5304,332.5304,6384.5836,0.02154355,1463.1337,1340.2688,5187.4742,5310.3391,0.01750413,0.01791872,0.00089765,16.2655,14.6936,0.3653,59.3804,1.1678,2646.0457,162.5536,12.4780,16.8648,9.0895,16.5695,22.0926,29.825,33.4482,44.5976,11.8163,0.0,2.018664,2.691552,0.981654,30,240,141,4,0.10479828,0.02244119,0.04150452,0E-8,0.000000,0.902668,0.011910,-0.02129501,2026-03-22,2026-08-05,112,5695,2177,137,0.817518,0.739886,0.767145,0.349328,,,,,,,,GLOBAL_BASELINE_NO_ENTITY_RANKING,,,NOT_APPLICABLE_GLOBAL_BASELINE,HF9g-P5,,,,X 全窗基线 · 不参与实体赏罚,14196953,1420,A168_HF9F_20260827_0900,2026-08-27 09:00:00
2026-07-21,110249610,2108,0,13.2555673383,-4.4185224461,-4.4185224461,0.5000000,2,2,0.49324550000000000,0.493245500000,0.01910635448239258,0.01910635448239258,0.01910635448239258,0E-17,ELIGIBLE,R03b_20260811_FULL_v1,L1_ELIGIBILITY,v2026-08-11,2026-03-21..2026-08-06,baccarat_bet02_101_all_pairs_incl_sentinel,round_win = game_pnl > 0 (decisive only),COMPATIBILITY_ONLY_NOT_PRODUCTION,296357.1217,267511.9505,6650.6079,18220,18206,-0.02244119,-0.04150452,-0.02020951,-0.02244119,-6650.6079,296357.1217,OK,0.0000,266.0243,4.0000,96.0000,AG03-UNRESOLVED,ALL5_LEVELS_bet23_to_bet27,266.0243,266.0243,266.0243,332.5304,332.5304,4.000000,4.000000,4.000000,5.000000,5.000000,96.000000,96.000000,96.000000,95.000000,95.000000,5.0,1463.1337,1340.2688,5187.4742,5310.3391,PENDING_AG03,FALSE,NOT_FOR_ENFORCEMENT,6384.5836,256811.4724,6650.6079,6384.5836,266.0243,0.02244119,0.02154355,266.0243,6384.5836,0.02154355,266.0243,266.0243,266.0243,332.5304,332.5304,6384.5836,0.02154355,1463.1337,1340.2688,5187.4742,5310.3391,0.01750413,0.01791872,0.00089765,16.2655,14.6936,0.3653,59.3804,1.1678,2646.0457,162.5536,12.4780,16.8648,9.0895,16.5695,22.0926,29.825,33.4482,44.5976,11.8163,0.0,2.018664,2.691552,0.981654,30,240,141,4,0.10479828,0.02244119,0.04150452,0E-8,0.000000,0.902668,0.011910,-0.02129501,2026-03-22,2026-08-05,112,5695,2177,137,0.817518,0.739886,0.767145,0.349328,,,,,,,,GLOBAL_BASELINE_NO_ENTITY_RANKING,,,NOT_APPLICABLE_GLOBAL_BASELINE,HF9g-P5,,,,X 全窗基线 · 不参与实体赏罚,14196954,1420,A168_HF9F_20260827_0900,2026-08-27 09:00:00
2026-07-21,110249610,2121,0,6.6277836691,2.0987981619,2.0987981619,1.0000000,2,2,0.49994810000000000,0.499948100000,1.0001038053877793,1.0001038053877793,1.0001038053877793,0E-17,ELIGIBLE,R03b_20260811_FULL_v1,L1_ELIGIBILITY,v2026-08-11,2026-03-21..2026-08-06,baccarat_bet02_101_all_pairs_incl_sentinel,round_win = game_pnl > 0 (decisive only),COMPATIBILITY_ONLY_NOT_PRODUCTION,296357.1217,267511.9505,6650.6079,18220,18206,-0.02244119,-0.04150452,-0.02020951,-0.02244119,-6650.6079,296357.1217,OK,0.0000,266.0243,4.0000,96.0000,AG03-UNRESOLVED,ALL5_LEVELS_bet23_to_bet27,266.0243,266.0243,266.0243,332.5304,332.5304,4.000000,4.000000,4.000000,5.000000,5.000000,96.000000,96.000000,96.000000,95.000000,95.000000,5.0,1463.1337,1340.2688,5187.4742,5310.3391,PENDING_AG03,FALSE,NOT_FOR_ENFORCEMENT,6384.5836,256811.4724,6650.6079,6384.5836,266.0243,0.02244119,0.02154355,266.0243,6384.5836,0.02154355,266.0243,266.0243,266.0243,332.5304,332.5304,6384.5836,0.02154355,1463.1337,1340.2688,5187.4742,5310.3391,0.01750413,0.01791872,0.00089765,16.2655,14.6936,0.3653,59.3804,1.1678,2646.0457,162.5536,12.4780,16.8648,9.0895,16.5695,22.0926,29.825,33.4482,44.5976,11.8163,0.0,2.018664,2.691552,0.981654,30,240,141,4,0.10479828,0.02244119,0.04150452,0E-8,0.000000,0.902668,0.011910,-0.02129501,2026-03-22,2026-08-05,112,5695,2177,137,0.817518,0.739886,0.767145,0.349328,,,,,,,,GLOBAL_BASELINE_NO_ENTITY_RANKING,,,NOT_APPLICABLE_GLOBAL_BASELINE,HF9g-P5,,,,X 全窗基线 · 不参与实体赏罚,14196955,1420,A168_HF9F_20260827_0900,2026-08-27 09:00:00
2026-07-21,110249610,2141,0,50.8130081301,8.8370448922,8.8370448922,0.5000000,5,5,0.50665070000000000,0.506650700000,-0.02660515369234503,-0.02660515369234503,-0.02660515369234503,0E-17,ELIGIBLE,R03b_20260811_FULL_v1,L1_ELIGIBILITY,v2026-08-11,2026-03-21..2026-08-06,baccarat_bet02_101_all_pairs_incl_sentinel,round_win = game_pnl > 0 (decisive only),COMPATIBILITY_ONLY_NOT_PRODUCTION,296357.1217,267511.9505,6650.6079,18220,18206,-0.02244119,-0.04150452,-0.02020951,-0.02244119,-6650.6079,296357.1217,OK,0.0000,266.0243,4.0000,96.0000,AG03-UNRESOLVED,ALL5_LEVELS_bet23_to_bet27,266.0243,266.0243,266.0243,332.5304,332.5304,4.000000,4.000000,4.000000,5.000000,5.000000,96.000000,96.000000,96.000000,95.000000,95.000000,5.0,1463.1337,1340.2688,5187.4742,5310.3391,PENDING_AG03,FALSE,NOT_FOR_ENFORCEMENT,6384.5836,256811.4724,6650.6079,6384.5836,266.0243,0.02244119,0.02154355,266.0243,6384.5836,0.02154355,266.0243,266.0243,266.0243,332.5304,332.5304,6384.5836,0.02154355,1463.1337,1340.2688,5187.4742,5310.3391,0.01750413,0.01791872,0.00089765,16.2655,14.6936,0.3653,59.3804,1.1678,2646.0457,162.5536,12.4780,16.8648,9.0895,16.5695,22.0926,29.825,33.4482,44.5976,11.8163,0.0,2.018664,2.691552,0.981654,30,240,141,4,0.10479828,0.02244119,0.04150452,0E-8,0.000000,0.902668,0.011910,-0.02129501,2026-03-22,2026-08-05,112,5695,2177,137,0.817518,0.739886,0.767145,0.349328,,,,,,,,GLOBAL_BASELINE_NO_ENTITY_RANKING,,,NOT_APPLICABLE_GLOBAL_BASELINE,HF9g-P5,,,,X 全窗基线 · 不参与实体赏罚,14196956,1420,A168_HF9F_20260827_0900,2026-08-27 09:00:00
2026-07-21,110249610,2156,0,14.0288087664,14.0288087664,14.0288087664,1.0000000,3,3,0.49324550000000000,0.493245500000,1.755609282511032,1.7556092825110319,1.755609282511032,0E-17,ELIGIBLE,R03b_20260811_FULL_v1,L1_ELIGIBILITY,v2026-08-11,2026-03-21..2026-08-06,baccarat_bet02_101_all_pairs_incl_sentinel,round_win = game_pnl > 0 (decisive only),COMPATIBILITY_ONLY_NOT_PRODUCTION,296357.1217,267511.9505,6650.6079,18220,18206,-0.02244119,-0.04150452,-0.02020951,-0.02244119,-6650.6079,296357.1217,OK,0.0000,266.0243,4.0000,96.0000,AG03-UNRESOLVED,ALL5_LEVELS_bet23_to_bet27,266.0243,266.0243,266.0243,332.5304,332.5304,4.000000,4.000000,4.000000,5.000000,5.000000,96.000000,96.000000,96.000000,95.000000,95.000000,5.0,1463.1337,1340.2688,5187.4742,5310.3391,PENDING_AG03,FALSE,NOT_FOR_ENFORCEMENT,6384.5836,256811.4724,6650.6079,6384.5836,266.0243,0.02244119,0.02154355,266.0243,6384.5836,0.02154355,266.0243,266.0243,266.0243,332.5304,332.5304,6384.5836,0.02154355,1463.1337,1340.2688,5187.4742,5310.3391,0.01750413,0.01791872,0.00089765,16.2655,14.6936,0.3653,59.3804,1.1678,2646.0457,162.5536,12.4780,16.8648,9.0895,16.5695,22.0926,29.825,33.4482,44.5976,11.8163,0.0,2.018664,2.691552,0.981654,30,240,141,4,0.10479828,0.02244119,0.04150452,0E-8,0.000000,0.902668,0.011910,-0.02129501,2026-03-22,2026-08-05,112,5695,2177,137,0.817518,0.739886,0.767145,0.349328,,,,,,,,GLOBAL_BASELINE_NO_ENTITY_RANKING,,,NOT_APPLICABLE_GLOBAL_BASELINE,HF9g-P5,,,,X 全窗基线 · 不参与实体赏罚,14196957,1420,A168_HF9F_20260827_0900,2026-08-27 09:00:00
2026-07-21,110249610,2175,0,3.3138918346,-3.3138918346,-3.3138918346,0E-7,1,1,0.50665070000000000,0.506650700000,-1.013391052207602,-1.013391052207602,-1.013391052207602,0E-17,ELIGIBLE,R03b_20260811_FULL_v1,L1_ELIGIBILITY,v2026-08-11,2026-03-21..2026-08-06,baccarat_bet02_101_all_pairs_incl_sentinel,round_win = game_pnl > 0 (decisive only),COMPATIBILITY_ONLY_NOT_PRODUCTION,296357.1217,267511.9505,6650.6079,18220,18206,-0.02244119,-0.04150452,-0.02020951,-0.02244119,-6650.6079,296357.1217,OK,0.0000,266.0243,4.0000,96.0000,AG03-UNRESOLVED,ALL5_LEVELS_bet23_to_bet27,266.0243,266.0243,266.0243,332.5304,332.5304,4.000000,4.000000,4.000000,5.000000,5.000000,96.000000,96.000000,96.000000,95.000000,95.000000,5.0,1463.1337,1340.2688,5187.4742,5310.3391,PENDING_AG03,FALSE,NOT_FOR_ENFORCEMENT,6384.5836,256811.4724,6650.6079,6384.5836,266.0243,0.02244119,0.02154355,266.0243,6384.5836,0.02154355,266.0243,266.0243,266.0243,332.5304,332.5304,6384.5836,0.02154355,1463.1337,1340.2688,5187.4742,5310.3391,0.01750413,0.01791872,0.00089765,16.2655,14.6936,0.3653,59.3804,1.1678,2646.0457,162.5536,12.4780,16.8648,9.0895,16.5695,22.0926,29.825,33.4482,44.5976,11.8163,0.0,2.018664,2.691552,0.981654,30,240,141,4,0.10479828,0.02244119,0.04150452,0E-8,0.000000,0.902668,0.011910,-0.02129501,2026-03-22,2026-08-05,112,5695,2177,137,0.817518,0.739886,0.767145,0.349328,,,,,,,,GLOBAL_BASELINE_NO_ENTITY_RANKING,,,NOT_APPLICABLE_GLOBAL_BASELINE,HF9g-P5,,,,X 全窗基线 · 不参与实体赏罚,14196958,1420,A168_HF9F_20260827_0900,2026-08-27 09:00:00
2026-07-21,110249610,2214,0,7.7324142806,-7.7324142806,-7.7324142806,0E-7,2,2,0.50665070000000000,0.506650700000,-1.4331513700195317,-1.4331513700195317,-1.4331513700195317,0E-17,ELIGIBLE,R03b_20260811_FULL_v1,L1_ELIGIBILITY,v2026-08-11,2026-03-21..2026-08-06,baccarat_bet02_101_all_pairs_incl_sentinel,round_win = game_pnl > 0 (decisive only),COMPATIBILITY_ONLY_NOT_PRODUCTION,296357.1217,267511.9505,6650.6079,18220,18206,-0.02244119,-0.04150452,-0.02020951,-0.02244119,-6650.6079,296357.1217,OK,0.0000,266.0243,4.0000,96.0000,AG03-UNRESOLVED,ALL5_LEVELS_bet23_to_bet27,266.0243,266.0243,266.0243,332.5304,332.5304,4.000000,4.000000,4.000000,5.000000,5.000000,96.000000,96.000000,96.000000,95.000000,95.000000,5.0,1463.1337,1340.2688,5187.4742,5310.3391,PENDING_AG03,FALSE,NOT_FOR_ENFORCEMENT,6384.5836,256811.4724,6650.6079,6384.5836,266.0243,0.02244119,0.02154355,266.0243,6384.5836,0.02154355,266.0243,266.0243,266.0243,332.5304,332.5304,6384.5836,0.02154355,1463.1337,1340.2688,5187.4742,5310.3391,0.01750413,0.01791872,0.00089765,16.2655,14.6936,0.3653,59.3804,1.1678,2646.0457,162.5536,12.4780,16.8648,9.0895,16.5695,22.0926,29.825,33.4482,44.5976,11.8163,0.0,2.018664,2.691552,0.981654,30,240,141,4,0.10479828,0.02244119,0.04150452,0E-8,0.000000,0.902668,0.011910,-0.02129501,2026-03-22,2026-08-05,112,5695,2177,137,0.817518,0.739886,0.767145,0.349328,,,,,,,,GLOBAL_BASELINE_NO_ENTITY_RANKING,,,NOT_APPLICABLE_GLOBAL_BASELINE,HF9g-P5,,,,X 全窗基线 · 不参与实体赏罚,14196959,1420,A168_HF9F_20260827_0900,2026-08-27 09:00:00
2026-07-21,110249610,2222,0,24.3018734535,-2.2092612231,-2.2092612231,0.5000000,4,4,0.49324550000000000,0.493245500000,0.027020465636507562,0.027020465636507562,0.027020465636507562,0E-17,ELIGIBLE,R03b_20260811_FULL_v1,L1_ELIGIBILITY,v2026-08-11,2026-03-21..2026-08-06,baccarat_bet02_101_all_pairs_incl_sentinel,round_win = game_pnl > 0 (decisive only),COMPATIBILITY_ONLY_NOT_PRODUCTION,296357.1217,267511.9505,6650.6079,18220,18206,-0.02244119,-0.04150452,-0.02020951,-0.02244119,-6650.6079,296357.1217,OK,0.0000,266.0243,4.0000,96.0000,AG03-UNRESOLVED,ALL5_LEVELS_bet23_to_bet27,266.0243,266.0243,266.0243,332.5304,332.5304,4.000000,4.000000,4.000000,5.000000,5.000000,96.000000,96.000000,96.000000,95.000000,95.000000,5.0,1463.1337,1340.2688,5187.4742,5310.3391,PENDING_AG03,FALSE,NOT_FOR_ENFORCEMENT,6384.5836,256811.4724,6650.6079,6384.5836,266.0243,0.02244119,0.02154355,266.0243,6384.5836,0.02154355,266.0243,266.0243,266.0243,332.5304,332.5304,6384.5836,0.02154355,1463.1337,1340.2688,5187.4742,5310.3391,0.01750413,0.01791872,0.00089765,16.2655,14.6936,0.3653,59.3804,1.1678,2646.0457,162.5536,12.4780,16.8648,9.0895,16.5695,22.0926,29.825,33.4482,44.5976,11.8163,0.0,2.018664,2.691552,0.981654,30,240,141,4,0.10479828,0.02244119,0.04150452,0E-8,0.000000,0.902668,0.011910,-0.02129501,2026-03-22,2026-08-05,112,5695,2177,137,0.817518,0.739886,0.767145,0.349328,,,,,,,,GLOBAL_BASELINE_NO_ENTITY_RANKING,,,NOT_APPLICABLE_GLOBAL_BASELINE,HF9g-P5,,,,X 全窗基线 · 不参与实体赏罚,14196960,1420,A168_HF9F_20260827_0900,2026-08-27 09:00:00
2026-07-21,110249610,2250,0,87.8181336159,28.1680805938,28.1680805938,0.7272727,12,12,0.49324550000000000,0.493245500000,1.5525026741434669,1.5525026741434669,1.5525026741434669,0E-17,ELIGIBLE,R03b_20260811_FULL_v1,L1_ELIGIBILITY,v2026-08-11,2026-03-21..2026-08-06,baccarat_bet02_101_all_pairs_incl_sentinel,round_win = game_pnl > 0 (decisive only),COMPATIBILITY_ONLY_NOT_PRODUCTION,296357.1217,267511.9505,6650.6079,18220,18206,-0.02244119,-0.04150452,-0.02020951,-0.02244119,-6650.6079,296357.1217,OK,0.0000,266.0243,4.0000,96.0000,AG03-UNRESOLVED,ALL5_LEVELS_bet23_to_bet27,266.0243,266.0243,266.0243,332.5304,332.5304,4.000000,4.000000,4.000000,5.000000,5.000000,96.000000,96.000000,96.000000,95.000000,95.000000,5.0,1463.1337,1340.2688,5187.4742,5310.3391,PENDING_AG03,FALSE,NOT_FOR_ENFORCEMENT,6384.5836,256811.4724,6650.6079,6384.5836,266.0243,0.02244119,0.02154355,266.0243,6384.5836,0.02154355,266.0243,266.0243,266.0243,332.5304,332.5304,6384.5836,0.02154355,1463.1337,1340.2688,5187.4742,5310.3391,0.01750413,0.01791872,0.00089765,16.2655,14.6936,0.3653,59.3804,1.1678,2646.0457,162.5536,12.4780,16.8648,9.0895,16.5695,22.0926,29.825,33.4482,44.5976,11.8163,0.0,2.018664,2.691552,0.981654,30,240,141,4,0.10479828,0.02244119,0.04150452,0E-8,0.000000,0.902668,0.011910,-0.02129501,2026-03-22,2026-08-05,112,5695,2177,137,0.817518,0.739886,0.767145,0.349328,,,,,,,,GLOBAL_BASELINE_NO_ENTITY_RANKING,,,NOT_APPLICABLE_GLOBAL_BASELINE,HF9g-P5,,,,X 全窗基线 · 不参与实体赏罚,14196961,1420,A168_HF9F_20260827_0900,2026-08-27 09:00:00
2026-07-21,110249610,2287,0,46.3944856839,-4.2804436196,-4.2804436196,0.5714286,8,8,0.50665070000000000,0.506650700000,0.34280260342128577,0.34280260342128577,0.34280260342128577,0E-17,ELIGIBLE,R03b_20260811_FULL_v1,L1_ELIGIBILITY,v2026-08-11,2026-03-21..2026-08-06,baccarat_bet02_101_all_pairs_incl_sentinel,round_win = game_pnl > 0 (decisive only),COMPATIBILITY_ONLY_NOT_PRODUCTION,296357.1217,267511.9505,6650.6079,18220,18206,-0.02244119,-0.04150452,-0.02020951,-0.02244119,-6650.6079,296357.1217,OK,0.0000,266.0243,4.0000,96.0000,AG03-UNRESOLVED,ALL5_LEVELS_bet23_to_bet27,266.0243,266.0243,266.0243,332.5304,332.5304,4.000000,4.000000,4.000000,5.000000,5.000000,96.000000,96.000000,96.000000,95.000000,95.000000,5.0,1463.1337,1340.2688,5187.4742,5310.3391,PENDING_AG03,FALSE,NOT_FOR_ENFORCEMENT,6384.5836,256811.4724,6650.6079,6384.5836,266.0243,0.02244119,0.02154355,266.0243,6384.5836,0.02154355,266.0243,266.0243,266.0243,332.5304,332.5304,6384.5836,0.02154355,1463.1337,1340.2688,5187.4742,5310.3391,0.01750413,0.01791872,0.00089765,16.2655,14.6936,0.3653,59.3804,1.1678,2646.0457,162.5536,12.4780,16.8648,9.0895,16.5695,22.0926,29.825,33.4482,44.5976,11.8163,0.0,2.018664,2.691552,0.981654,30,240,141,4,0.10479828,0.02244119,0.04150452,0E-8,0.000000,0.902668,0.011910,-0.02129501,2026-03-22,2026-08-05,112,5695,2177,137,0.817518,0.739886,0.767145,0.349328,,,,,,,,GLOBAL_BASELINE_NO_ENTITY_RANKING,,,NOT_APPLICABLE_GLOBAL_BASELINE,HF9g-P5,,,,X 全窗基线 · 不参与实体赏罚,14196962,1420,A168_HF9F_20260827_0900,2026-08-27 09:00:00
2026-07-21,110249610,2289,0,6.6277836691,-6.6277836691,-6.6277836691,0E-7,1,1,0.49324550000000000,0.493245500000,-0.9865810262130424,-0.9865810262130424,-0.9865810262130424,0E-17,ELIGIBLE,R03b_20260811_FULL_v1,L1_ELIGIBILITY,v2026-08-11,2026-03-21..2026-08-06,baccarat_bet02_101_all_pairs_incl_sentinel,round_win = game_pnl > 0 (decisive only),COMPATIBILITY_ONLY_NOT_PRODUCTION,296357.1217,267511.9505,6650.6079,18220,18206,-0.02244119,-0.04150452,-0.02020951,-0.02244119,-6650.6079,296357.1217,OK,0.0000,266.0243,4.0000,96.0000,AG03-UNRESOLVED,ALL5_LEVELS_bet23_to_bet27,266.0243,266.0243,266.0243,332.5304,332.5304,4.000000,4.000000,4.000000,5.000000,5.000000,96.000000,96.000000,96.000000,95.000000,95.000000,5.0,1463.1337,1340.2688,5187.4742,5310.3391,PENDING_AG03,FALSE,NOT_FOR_ENFORCEMENT,6384.5836,256811.4724,6650.6079,6384.5836,266.0243,0.02244119,0.02154355,266.0243,6384.5836,0.02154355,266.0243,266.0243,266.0243,332.5304,332.5304,6384.5836,0.02154355,1463.1337,1340.2688,5187.4742,5310.3391,0.01750413,0.01791872,0.00089765,16.2655,14.6936,0.3653,59.3804,1.1678,2646.0457,162.5536,12.4780,16.8648,9.0895,16.5695,22.0926,29.825,33.4482,44.5976,11.8163,0.0,2.018664,2.691552,0.981654,30,240,141,4,0.10479828,0.02244119,0.04150452,0E-8,0.000000,0.902668,0.011910,-0.02129501,2026-03-22,2026-08-05,112,5695,2177,137,0.817518,0.739886,0.767145,0.349328,,,,,,,,GLOBAL_BASELINE_NO_ENTITY_RANKING,,,NOT_APPLICABLE_GLOBAL_BASELINE,HF9g-P5,,,,X 全窗基线 · 不参与实体赏罚,14196963,1420,A168_HF9F_20260827_0900,2026-08-27 09:00:00
2026-07-21,110249610,462,0,6.5173206079,1.8833951927,1.8833951927,0.6666667,3,3,0.50665070000000000,0.506650700000,0.5543606114942035,0.5543606114942035,0.5543606114942035,0E-17,ELIGIBLE,R03b_20260811_FULL_v1,L1_ELIGIBILITY,v2026-08-11,2026-03-21..2026-08-06,baccarat_bet02_101_all_pairs_incl_sentinel,round_win = game_pnl > 0 (decisive only),COMPATIBILITY_ONLY_NOT_PRODUCTION,296357.1217,267511.9505,6650.6079,18220,18206,-0.02244119,-0.04150452,-0.02020951,-0.02244119,-6650.6079,296357.1217,OK,0.0000,266.0243,4.0000,96.0000,AG03-UNRESOLVED,ALL5_LEVELS_bet23_to_bet27,266.0243,266.0243,266.0243,332.5304,332.5304,4.000000,4.000000,4.000000,5.000000,5.000000,96.000000,96.000000,96.000000,95.000000,95.000000,5.0,1463.1337,1340.2688,5187.4742,5310.3391,PENDING_AG03,FALSE,NOT_FOR_ENFORCEMENT,6384.5836,256811.4724,6650.6079,6384.5836,266.0243,0.02244119,0.02154355,266.0243,6384.5836,0.02154355,266.0243,266.0243,266.0243,332.5304,332.5304,6384.5836,0.02154355,1463.1337,1340.2688,5187.4742,5310.3391,0.01750413,0.01791872,0.00089765,16.2655,14.6936,0.3653,59.3804,1.1678,2646.0457,162.5536,12.4780,16.8648,9.0895,16.5695,22.0926,29.825,33.4482,44.5976,11.8163,0.0,2.018664,2.691552,0.981654,30,240,141,4,0.10479828,0.02244119,0.04150452,0E-8,0.000000,0.902668,0.011910,-0.02129501,2026-03-22,2026-08-05,112,5695,2177,137,0.817518,0.739886,0.767145,0.349328,,,,,,,,GLOBAL_BASELINE_NO_ENTITY_RANKING,,,NOT_APPLICABLE_GLOBAL_BASELINE,HF9g-P5,,,,X 全窗基线 · 不参与实体赏罚,14196964,1420,A168_HF9F_20260827_0900,2026-08-27 09:00:00
2026-07-21,110249610,583,0,5.5231530576,-5.5231530576,-5.5231530576,0E-7,1,1,0.49324550000000000,0.493245500000,-0.9865810262130424,-0.9865810262130424,-0.9865810262130424,0E-17,ELIGIBLE,R03b_20260811_FULL_v1,L1_ELIGIBILITY,v2026-08-11,2026-03-21..2026-08-06,baccarat_bet02_101_all_pairs_incl_sentinel,round_win = game_pnl > 0 (decisive only),COMPATIBILITY_ONLY_NOT_PRODUCTION,296357.1217,267511.9505,6650.6079,18220,18206,-0.02244119,-0.04150452,-0.02020951,-0.02244119,-6650.6079,296357.1217,OK,0.0000,266.0243,4.0000,96.0000,AG03-UNRESOLVED,ALL5_LEVELS_bet23_to_bet27,266.0243,266.0243,266.0243,332.5304,332.5304,4.000000,4.000000,4.000000,5.000000,5.000000,96.000000,96.000000,96.000000,95.000000,95.000000,5.0,1463.1337,1340.2688,5187.4742,5310.3391,PENDING_AG03,FALSE,NOT_FOR_ENFORCEMENT,6384.5836,256811.4724,6650.6079,6384.5836,266.0243,0.02244119,0.02154355,266.0243,6384.5836,0.02154355,266.0243,266.0243,266.0243,332.5304,332.5304,6384.5836,0.02154355,1463.1337,1340.2688,5187.4742,5310.3391,0.01750413,0.01791872,0.00089765,16.2655,14.6936,0.3653,59.3804,1.1678,2646.0457,162.5536,12.4780,16.8648,9.0895,16.5695,22.0926,29.825,33.4482,44.5976,11.8163,0.0,2.018664,2.691552,0.981654,30,240,141,4,0.10479828,0.02244119,0.04150452,0E-8,0.000000,0.902668,0.011910,-0.02129501,2026-03-22,2026-08-05,112,5695,2177,137,0.817518,0.739886,0.767145,0.349328,,,,,,,,GLOBAL_BASELINE_NO_ENTITY_RANKING,,,NOT_APPLICABLE_GLOBAL_BASELINE,HF9g-P5,,,,X 全窗基线 · 不参与实体赏罚,14196965,1420,A168_HF9F_20260827_0900,2026-08-27 09:00:00
2026-07-21,110249610,752,0,11.0463061152,-11.0463061152,-11.0463061152,0E-7,1,1,0.50665070000000000,0.506650700000,-1.013391052207602,-1.013391052207602,-1.013391052207602,0E-17,ELIGIBLE,R03b_20260811_FULL_v1,L1_ELIGIBILITY,v2026-08-11,2026-03-21..2026-08-06,baccarat_bet02_101_all_pairs_incl_sentinel,round_win = game_pnl > 0 (decisive only),COMPATIBILITY_ONLY_NOT_PRODUCTION,296357.1217,267511.9505,6650.6079,18220,18206,-0.02244119,-0.04150452,-0.02020951,-0.02244119,-6650.6079,296357.1217,OK,0.0000,266.0243,4.0000,96.0000,AG03-UNRESOLVED,ALL5_LEVELS_bet23_to_bet27,266.0243,266.0243,266.0243,332.5304,332.5304,4.000000,4.000000,4.000000,5.000000,5.000000,96.000000,96.000000,96.000000,95.000000,95.000000,5.0,1463.1337,1340.2688,5187.4742,5310.3391,PENDING_AG03,FALSE,NOT_FOR_ENFORCEMENT,6384.5836,256811.4724,6650.6079,6384.5836,266.0243,0.02244119,0.02154355,266.0243,6384.5836,0.02154355,266.0243,266.0243,266.0243,332.5304,332.5304,6384.5836,0.02154355,1463.1337,1340.2688,5187.4742,5310.3391,0.01750413,0.01791872,0.00089765,16.2655,14.6936,0.3653,59.3804,1.1678,2646.0457,162.5536,12.4780,16.8648,9.0895,16.5695,22.0926,29.825,33.4482,44.5976,11.8163,0.0,2.018664,2.691552,0.981654,30,240,141,4,0.10479828,0.02244119,0.04150452,0E-8,0.000000,0.902668,0.011910,-0.02129501,2026-03-22,2026-08-05,112,5695,2177,137,0.817518,0.739886,0.767145,0.349328,,,,,,,,GLOBAL_BASELINE_NO_ENTITY_RANKING,,,NOT_APPLICABLE_GLOBAL_BASELINE,HF9g-P5,,,,X 全窗基线 · 不参与实体赏罚,14196966,1420,A168_HF9F_20260827_0900,2026-08-27 09:00:00
2026-07-21,110249610,925,0,14.3601979498,-5.7440791799,-5.7440791799,0.3333333,3,3,0.50665070000000000,0.506650700000,-0.6004420894325239,-0.6004420894325239,-0.6004420894325239,0E-17,ELIGIBLE,R03b_20260811_FULL_v1,L1_ELIGIBILITY,v2026-08-11,2026-03-21..2026-08-06,baccarat_bet02_101_all_pairs_incl_sentinel,round_win = game_pnl > 0 (decisive only),COMPATIBILITY_ONLY_NOT_PRODUCTION,296357.1217,267511.9505,6650.6079,18220,18206,-0.02244119,-0.04150452,-0.02020951,-0.02244119,-6650.6079,296357.1217,OK,0.0000,266.0243,4.0000,96.0000,AG03-UNRESOLVED,ALL5_LEVELS_bet23_to_bet27,266.0243,266.0243,266.0243,332.5304,332.5304,4.000000,4.000000,4.000000,5.000000,5.000000,96.000000,96.000000,96.000000,95.000000,95.000000,5.0,1463.1337,1340.2688,5187.4742,5310.3391,PENDING_AG03,FALSE,NOT_FOR_ENFORCEMENT,6384.5836,256811.4724,6650.6079,6384.5836,266.0243,0.02244119,0.02154355,266.0243,6384.5836,0.02154355,266.0243,266.0243,266.0243,332.5304,332.5304,6384.5836,0.02154355,1463.1337,1340.2688,5187.4742,5310.3391,0.01750413,0.01791872,0.00089765,16.2655,14.6936,0.3653,59.3804,1.1678,2646.0457,162.5536,12.4780,16.8648,9.0895,16.5695,22.0926,29.825,33.4482,44.5976,11.8163,0.0,2.018664,2.691552,0.981654,30,240,141,4,0.10479828,0.02244119,0.04150452,0E-8,0.000000,0.902668,0.011910,-0.02129501,2026-03-22,2026-08-05,112,5695,2177,137,0.817518,0.739886,0.767145,0.349328,,,,,,,,GLOBAL_BASELINE_NO_ENTITY_RANKING,,,NOT_APPLICABLE_GLOBAL_BASELINE,HF9g-P5,,,,X 全窗基线 · 不参与实体赏罚,14196967,1420,A168_HF9F_20260827_0900,2026-08-27 09:00:00
2026-07-21,110249610,948,0,8.7265818310,-2.3197242842,-2.3197242842,0.5000000,3,3,0.50218230000000000,0.502182300000,-0.00617253530718887,-0.00617253530718887,-0.00617253530718887,0E-17,ELIGIBLE,R03b_20260811_FULL_v1,L1_ELIGIBILITY,v2026-08-11,2026-03-21..2026-08-06,baccarat_bet02_101_all_pairs_incl_sentinel,round_win = game_pnl > 0 (decisive only),COMPATIBILITY_ONLY_NOT_PRODUCTION,296357.1217,267511.9505,6650.6079,18220,18206,-0.02244119,-0.04150452,-0.02020951,-0.02244119,-6650.6079,296357.1217,OK,0.0000,266.0243,4.0000,96.0000,AG03-UNRESOLVED,ALL5_LEVELS_bet23_to_bet27,266.0243,266.0243,266.0243,332.5304,332.5304,4.000000,4.000000,4.000000,5.000000,5.000000,96.000000,96.000000,96.000000,95.000000,95.000000,5.0,1463.1337,1340.2688,5187.4742,5310.3391,PENDING_AG03,FALSE,NOT_FOR_ENFORCEMENT,6384.5836,256811.4724,6650.6079,6384.5836,266.0243,0.02244119,0.02154355,266.0243,6384.5836,0.02154355,266.0243,266.0243,266.0243,332.5304,332.5304,6384.5836,0.02154355,1463.1337,1340.2688,5187.4742,5310.3391,0.01750413,0.01791872,0.00089765,16.2655,14.6936,0.3653,59.3804,1.1678,2646.0457,162.5536,12.4780,16.8648,9.0895,16.5695,22.0926,29.825,33.4482,44.5976,11.8163,0.0,2.018664,2.691552,0.981654,30,240,141,4,0.10479828,0.02244119,0.04150452,0E-8,0.000000,0.902668,0.011910,-0.02129501,2026-03-22,2026-08-05,112,5695,2177,137,0.817518,0.739886,0.767145,0.349328,,,,,,,,GLOBAL_BASELINE_NO_ENTITY_RANKING,,,NOT_APPLICABLE_GLOBAL_BASELINE,HF9g-P5,,,,X 全窗基线 · 不参与实体赏罚,14196968,1420,A168_HF9F_20260827_0900,2026-08-27 09:00:00
2026-07-21,110249610,994,0,4.4185224461,-4.4185224461,-4.4185224461,0E-7,1,1,0.50665070000000000,0.506650700000,-1.013391052207602,-1.013391052207602,-1.013391052207602,0E-17,ELIGIBLE,R03b_20260811_FULL_v1,L1_ELIGIBILITY,v2026-08-11,2026-03-21..2026-08-06,baccarat_bet02_101_all_pairs_incl_sentinel,round_win = game_pnl > 0 (decisive only),COMPATIBILITY_ONLY_NOT_PRODUCTION,296357.1217,267511.9505,6650.6079,18220,18206,-0.02244119,-0.04150452,-0.02020951,-0.02244119,-6650.6079,296357.1217,OK,0.0000,266.0243,4.0000,96.0000,AG03-UNRESOLVED,ALL5_LEVELS_bet23_to_bet27,266.0243,266.0243,266.0243,332.5304,332.5304,4.000000,4.000000,4.000000,5.000000,5.000000,96.000000,96.000000,96.000000,95.000000,95.000000,5.0,1463.1337,1340.2688,5187.4742,5310.3391,PENDING_AG03,FALSE,NOT_FOR_ENFORCEMENT,6384.5836,256811.4724,6650.6079,6384.5836,266.0243,0.02244119,0.02154355,266.0243,6384.5836,0.02154355,266.0243,266.0243,266.0243,332.5304,332.5304,6384.5836,0.02154355,1463.1337,1340.2688,5187.4742,5310.3391,0.01750413,0.01791872,0.00089765,16.2655,14.6936,0.3653,59.3804,1.1678,2646.0457,162.5536,12.4780,16.8648,9.0895,16.5695,22.0926,29.825,33.4482,44.5976,11.8163,0.0,2.018664,2.691552,0.981654,30,240,141,4,0.10479828,0.02244119,0.04150452,0E-8,0.000000,0.902668,0.011910,-0.02129501,2026-03-22,2026-08-05,112,5695,2177,137,0.817518,0.739886,0.767145,0.349328,,,,,,,,GLOBAL_BASELINE_NO_ENTITY_RANKING,,,NOT_APPLICABLE_GLOBAL_BASELINE,HF9g-P5,,,,X 全窗基线 · 不参与实体赏罚,14196969,1420,A168_HF9F_20260827_0900,2026-08-27 09:00:00
2026-07-22,110249610,-1,1,17.2322375397,-17.2322375397,-17.2322375397,0E-7,2,2,0.49324550000000000,0.493245500000,-1.3952362676504506,-1.3952362676504506,-1.3952362676504506,0E-17,SENTINEL_DEALER,R03b_20260811_FULL_v1,L1_ELIGIBILITY,v2026-08-11,2026-03-21..2026-08-06,baccarat_bet02_101_all_pairs_incl_sentinel,round_win = game_pnl > 0 (decisive only),COMPATIBILITY_ONLY_NOT_PRODUCTION,296357.1217,267511.9505,6650.6079,18220,18206,-0.02244119,-0.04150452,-0.02020951,-0.02244119,-6650.6079,296357.1217,OK,0.0000,266.0243,4.0000,96.0000,AG03-UNRESOLVED,ALL5_LEVELS_bet23_to_bet27,266.0243,266.0243,266.0243,332.5304,332.5304,4.000000,4.000000,4.000000,5.000000,5.000000,96.000000,96.000000,96.000000,95.000000,95.000000,5.0,1463.1337,1340.2688,5187.4742,5310.3391,PENDING_AG03,FALSE,NOT_FOR_ENFORCEMENT,6384.5836,256811.4724,6650.6079,6384.5836,266.0243,0.02244119,0.02154355,266.0243,6384.5836,0.02154355,266.0243,266.0243,266.0243,332.5304,332.5304,6384.5836,0.02154355,1463.1337,1340.2688,5187.4742,5310.3391,0.01750413,0.01791872,0.00089765,16.2655,14.6936,0.3653,59.3804,1.1678,2646.0457,162.5536,12.4780,16.8648,9.0895,16.5695,22.0926,29.825,33.4482,44.5976,11.8163,0.0,2.018664,2.691552,0.981654,30,240,141,4,0.10479828,0.02244119,0.04150452,0E-8,0.000000,0.902668,0.011910,-0.02129501,2026-03-22,2026-08-05,112,5695,2177,137,0.817518,0.739886,0.767145,0.349328,,,,,,,,GLOBAL_BASELINE_NO_ENTITY_RANKING,,,NOT_APPLICABLE_GLOBAL_BASELINE,HF9g-P5,,,,X 全窗基线 · 不参与实体赏罚,14196970,1420,A168_HF9F_20260827_0900,2026-08-27 09:00:00
2026-07-22,110249610,1257,0,11.0463061152,-11.0463061152,-11.0463061152,0E-7,1,1,0.50665070000000000,0.506650700000,-1.013391052207602,-1.013391052207602,-1.013391052207602,0E-17,ELIGIBLE,R03b_20260811_FULL_v1,L1_ELIGIBILITY,v2026-08-11,2026-03-21..2026-08-06,baccarat_bet02_101_all_pairs_incl_sentinel,round_win = game_pnl > 0 (decisive only),COMPATIBILITY_ONLY_NOT_PRODUCTION,296357.1217,267511.9505,6650.6079,18220,18206,-0.02244119,-0.04150452,-0.02020951,-0.02244119,-6650.6079,296357.1217,OK,0.0000,266.0243,4.0000,96.0000,AG03-UNRESOLVED,ALL5_LEVELS_bet23_to_bet27,266.0243,266.0243,266.0243,332.5304,332.5304,4.000000,4.000000,4.000000,5.000000,5.000000,96.000000,96.000000,96.000000,95.000000,95.000000,5.0,1463.1337,1340.2688,5187.4742,5310.3391,PENDING_AG03,FALSE,NOT_FOR_ENFORCEMENT,6384.5836,256811.4724,6650.6079,6384.5836,266.0243,0.02244119,0.02154355,266.0243,6384.5836,0.02154355,266.0243,266.0243,266.0243,332.5304,332.5304,6384.5836,0.02154355,1463.1337,1340.2688,5187.4742,5310.3391,0.01750413,0.01791872,0.00089765,16.2655,14.6936,0.3653,59.3804,1.1678,2646.0457,162.5536,12.4780,16.8648,9.0895,16.5695,22.0926,29.825,33.4482,44.5976,11.8163,0.0,2.018664,2.691552,0.981654,30,240,141,4,0.10479828,0.02244119,0.04150452,0E-8,0.000000,0.902668,0.011910,-0.02129501,2026-03-22,2026-08-05,112,5695,2177,137,0.817518,0.739886,0.767145,0.349328,,,,,,,,GLOBAL_BASELINE_NO_ENTITY_RANKING,,,NOT_APPLICABLE_GLOBAL_BASELINE,HF9g-P5,,,,X 全窗基线 · 不参与实体赏罚,14196971,1420,A168_HF9F_20260827_0900,2026-08-27 09:00:00
2026-07-22,110249610,1942,0,11.0463061152,-11.0463061152,-11.0463061152,0E-7,1,1,0.50665070000000000,0.506650700000,-1.013391052207602,-1.013391052207602,-1.013391052207602,0E-17,ELIGIBLE,R03b_20260811_FULL_v1,L1_ELIGIBILITY,v2026-08-11,2026-03-21..2026-08-06,baccarat_bet02_101_all_pairs_incl_sentinel,round_win = game_pnl > 0 (decisive only),COMPATIBILITY_ONLY_NOT_PRODUCTION,296357.1217,267511.9505,6650.6079,18220,18206,-0.02244119,-0.04150452,-0.02020951,-0.02244119,-6650.6079,296357.1217,OK,0.0000,266.0243,4.0000,96.0000,AG03-UNRESOLVED,ALL5_LEVELS_bet23_to_bet27,266.0243,266.0243,266.0243,332.5304,332.5304,4.000000,4.000000,4.000000,5.000000,5.000000,96.000000,96.000000,96.000000,95.000000,95.000000,5.0,1463.1337,1340.2688,5187.4742,5310.3391,PENDING_AG03,FALSE,NOT_FOR_ENFORCEMENT,6384.5836,256811.4724,6650.6079,6384.5836,266.0243,0.02244119,0.02154355,266.0243,6384.5836,0.02154355,266.0243,266.0243,266.0243,332.5304,332.5304,6384.5836,0.02154355,1463.1337,1340.2688,5187.4742,5310.3391,0.01750413,0.01791872,0.00089765,16.2655,14.6936,0.3653,59.3804,1.1678,2646.0457,162.5536,12.4780,16.8648,9.0895,16.5695,22.0926,29.825,33.4482,44.5976,11.8163,0.0,2.018664,2.691552,0.981654,30,240,141,4,0.10479828,0.02244119,0.04150452,0E-8,0.000000,0.902668,0.011910,-0.02129501,2026-03-22,2026-08-05,112,5695,2177,137,0.817518,0.739886,0.767145,0.349328,,,,,,,,GLOBAL_BASELINE_NO_ENTITY_RANKING,,,NOT_APPLICABLE_GLOBAL_BASELINE,HF9g-P5,,,,X 全窗基线 · 不参与实体赏罚,14196972,1420,A168_HF9F_20260827_0900,2026-08-27 09:00:00
2026-07-22,110249610,1963,0,5.4126899965,-5.4126899965,-5.4126899965,0E-7,1,1,0.49324550000000000,0.493245500000,-0.9865810262130424,-0.9865810262130424,-0.9865810262130424,0E-17,ELIGIBLE,R03b_20260811_FULL_v1,L1_ELIGIBILITY,v2026-08-11,2026-03-21..2026-08-06,baccarat_bet02_101_all_pairs_incl_sentinel,round_win = game_pnl > 0 (decisive only),COMPATIBILITY_ONLY_NOT_PRODUCTION,296357.1217,267511.9505,6650.6079,18220,18206,-0.02244119,-0.04150452,-0.02020951,-0.02244119,-6650.6079,296357.1217,OK,0.0000,266.0243,4.0000,96.0000,AG03-UNRESOLVED,ALL5_LEVELS_bet23_to_bet27,266.0243,266.0243,266.0243,332.5304,332.5304,4.000000,4.000000,4.000000,5.000000,5.000000,96.000000,96.000000,96.000000,95.000000,95.000000,5.0,1463.1337,1340.2688,5187.4742,5310.3391,PENDING_AG03,FALSE,NOT_FOR_ENFORCEMENT,6384.5836,256811.4724,6650.6079,6384.5836,266.0243,0.02244119,0.02154355,266.0243,6384.5836,0.02154355,266.0243,266.0243,266.0243,332.5304,332.5304,6384.5836,0.02154355,1463.1337,1340.2688,5187.4742,5310.3391,0.01750413,0.01791872,0.00089765,16.2655,14.6936,0.3653,59.3804,1.1678,2646.0457,162.5536,12.4780,16.8648,9.0895,16.5695,22.0926,29.825,33.4482,44.5976,11.8163,0.0,2.018664,2.691552,0.981654,30,240,141,4,0.10479828,0.02244119,0.04150452,0E-8,0.000000,0.902668,0.011910,-0.02129501,2026-03-22,2026-08-05,112,5695,2177,137,0.817518,0.739886,0.767145,0.349328,,,,,,,,GLOBAL_BASELINE_NO_ENTITY_RANKING,,,NOT_APPLICABLE_GLOBAL_BASELINE,HF9g-P5,,,,X 全窗基线 · 不参与实体赏罚,14196973,1420,A168_HF9F_20260827_0900,2026-08-27 09:00:00
2026-07-24,110249610,-1,1,71.8009897489,-16.5694591729,-16.5694591729,0.4000000,6,6,0.49771390000000000,0.497713900000,-0.4369944132040151,-0.436994413204015,-0.4369944132040151,0E-17,SENTINEL_DEALER,R03b_20260811_FULL_v1,L1_ELIGIBILITY,v2026-08-11,2026-03-21..2026-08-06,baccarat_bet02_101_all_pairs_incl_sentinel,round_win = game_pnl > 0 (decisive only),COMPATIBILITY_ONLY_NOT_PRODUCTION,296357.1217,267511.9505,6650.6079,18220,18206,-0.02244119,-0.04150452,-0.02020951,-0.02244119,-6650.6079,296357.1217,OK,0.0000,266.0243,4.0000,96.0000,AG03-UNRESOLVED,ALL5_LEVELS_bet23_to_bet27,266.0243,266.0243,266.0243,332.5304,332.5304,4.000000,4.000000,4.000000,5.000000,5.000000,96.000000,96.000000,96.000000,95.000000,95.000000,5.0,1463.1337,1340.2688,5187.4742,5310.3391,PENDING_AG03,FALSE,NOT_FOR_ENFORCEMENT,6384.5836,256811.4724,6650.6079,6384.5836,266.0243,0.02244119,0.02154355,266.0243,6384.5836,0.02154355,266.0243,266.0243,266.0243,332.5304,332.5304,6384.5836,0.02154355,1463.1337,1340.2688,5187.4742,5310.3391,0.01750413,0.01791872,0.00089765,16.2655,14.6936,0.3653,59.3804,1.1678,2646.0457,162.5536,12.4780,16.8648,9.0895,16.5695,22.0926,29.825,33.4482,44.5976,11.8163,0.0,2.018664,2.691552,0.981654,30,240,141,4,0.10479828,0.02244119,0.04150452,0E-8,0.000000,0.902668,0.011910,-0.02129501,2026-03-22,2026-08-05,112,5695,2177,137,0.817518,0.739886,0.767145,0.349328,,,,,,,,GLOBAL_BASELINE_NO_ENTITY_RANKING,,,NOT_APPLICABLE_GLOBAL_BASELINE,HF9g-P5,,,,X 全窗基线 · 不参与实体赏罚,14196974,1420,A168_HF9F_20260827_0900,2026-08-27 09:00:00
2026-07-24,110249610,1947,0,11.0463061152,11.0463061152,11.0463061152,1.0000000,1,1,0.49324550000000000,0.493245500000,1.01360149184955,1.01360149184955,1.01360149184955,0E-17,ELIGIBLE,R03b_20260811_FULL_v1,L1_ELIGIBILITY,v2026-08-11,2026-03-21..2026-08-06,baccarat_bet02_101_all_pairs_incl_sentinel,round_win = game_pnl > 0 (decisive only),COMPATIBILITY_ONLY_NOT_PRODUCTION,296357.1217,267511.9505,6650.6079,18220,18206,-0.02244119,-0.04150452,-0.02020951,-0.02244119,-6650.6079,296357.1217,OK,0.0000,266.0243,4.0000,96.0000,AG03-UNRESOLVED,ALL5_LEVELS_bet23_to_bet27,266.0243,266.0243,266.0243,332.5304,332.5304,4.000000,4.000000,4.000000,5.000000,5.000000,96.000000,96.000000,96.000000,95.000000,95.000000,5.0,1463.1337,1340.2688,5187.4742,5310.3391,PENDING_AG03,FALSE,NOT_FOR_ENFORCEMENT,6384.5836,256811.4724,6650.6079,6384.5836,266.0243,0.02244119,0.02154355,266.0243,6384.5836,0.02154355,266.0243,266.0243,266.0243,332.5304,332.5304,6384.5836,0.02154355,1463.1337,1340.2688,5187.4742,5310.3391,0.01750413,0.01791872,0.00089765,16.2655,14.6936,0.3653,59.3804,1.1678,2646.0457,162.5536,12.4780,16.8648,9.0895,16.5695,22.0926,29.825,33.4482,44.5976,11.8163,0.0,2.018664,2.691552,0.981654,30,240,141,4,0.10479828,0.02244119,0.04150452,0E-8,0.000000,0.902668,0.011910,-0.02129501,2026-03-22,2026-08-05,112,5695,2177,137,0.817518,0.739886,0.767145,0.349328,,,,,,,,GLOBAL_BASELINE_NO_ENTITY_RANKING,,,NOT_APPLICABLE_GLOBAL_BASELINE,HF9g-P5,,,,X 全窗基线 · 不参与实体赏罚,14196975,1420,A168_HF9F_20260827_0900,2026-08-27 09:00:00
2026-07-24,110249610,2103,0,5.5231530576,-2.7615765288,-2.7615765288,0E-7,2,2,0.50665070000000000,0.506650700000,-1.013391052207602,-1.013391052207602,-1.013391052207602,0E-17,ELIGIBLE,R03b_20260811_FULL_v1,L1_ELIGIBILITY,v2026-08-11,2026-03-21..2026-08-06,baccarat_bet02_101_all_pairs_incl_sentinel,round_win = game_pnl > 0 (decisive only),COMPATIBILITY_ONLY_NOT_PRODUCTION,296357.1217,267511.9505,6650.6079,18220,18206,-0.02244119,-0.04150452,-0.02020951,-0.02244119,-6650.6079,296357.1217,OK,0.0000,266.0243,4.0000,96.0000,AG03-UNRESOLVED,ALL5_LEVELS_bet23_to_bet27,266.0243,266.0243,266.0243,332.5304,332.5304,4.000000,4.000000,4.000000,5.000000,5.000000,96.000000,96.000000,96.000000,95.000000,95.000000,5.0,1463.1337,1340.2688,5187.4742,5310.3391,PENDING_AG03,FALSE,NOT_FOR_ENFORCEMENT,6384.5836,256811.4724,6650.6079,6384.5836,266.0243,0.02244119,0.02154355,266.0243,6384.5836,0.02154355,266.0243,266.0243,266.0243,332.5304,332.5304,6384.5836,0.02154355,1463.1337,1340.2688,5187.4742,5310.3391,0.01750413,0.01791872,0.00089765,16.2655,14.6936,0.3653,59.3804,1.1678,2646.0457,162.5536,12.4780,16.8648,9.0895,16.5695,22.0926,29.825,33.4482,44.5976,11.8163,0.0,2.018664,2.691552,0.981654,30,240,141,4,0.10479828,0.02244119,0.04150452,0E-8,0.000000,0.902668,0.011910,-0.02129501,2026-03-22,2026-08-05,112,5695,2177,137,0.817518,0.739886,0.767145,0.349328,,,,,,,,GLOBAL_BASELINE_NO_ENTITY_RANKING,,,NOT_APPLICABLE_GLOBAL_BASELINE,HF9g-P5,,,,X 全窗基线 · 不参与实体赏罚,14196976,1420,A168_HF9F_20260827_0900,2026-08-27 09:00:00
2026-07-24,110249610,2130,0,22.0926122304,-11.0463061152,-11.0463061152,0E-7,2,2,0.49324550000000000,0.493245500000,-0.9865810262130424,-0.9865810262130424,-0.9865810262130424,0E-17,ELIGIBLE,R03b_20260811_FULL_v1,L1_ELIGIBILITY,v2026-08-11,2026-03-21..2026-08-06,baccarat_bet02_101_all_pairs_incl_sentinel,round_win = game_pnl > 0 (decisive only),COMPATIBILITY_ONLY_NOT_PRODUCTION,296357.1217,267511.9505,6650.6079,18220,18206,-0.02244119,-0.04150452,-0.02020951,-0.02244119,-6650.6079,296357.1217,OK,0.0000,266.0243,4.0000,96.0000,AG03-UNRESOLVED,ALL5_LEVELS_bet23_to_bet27,266.0243,266.0243,266.0243,332.5304,332.5304,4.000000,4.000000,4.000000,5.000000,5.000000,96.000000,96.000000,96.000000,95.000000,95.000000,5.0,1463.1337,1340.2688,5187.4742,5310.3391,PENDING_AG03,FALSE,NOT_FOR_ENFORCEMENT,6384.5836,256811.4724,6650.6079,6384.5836,266.0243,0.02244119,0.02154355,266.0243,6384.5836,0.02154355,266.0243,266.0243,266.0243,332.5304,332.5304,6384.5836,0.02154355,1463.1337,1340.2688,5187.4742,5310.3391,0.01750413,0.01791872,0.00089765,16.2655,14.6936,0.3653,59.3804,1.1678,2646.0457,162.5536,12.4780,16.8648,9.0895,16.5695,22.0926,29.825,33.4482,44.5976,11.8163,0.0,2.018664,2.691552,0.981654,30,240,141,4,0.10479828,0.02244119,0.04150452,0E-8,0.000000,0.902668,0.011910,-0.02129501,2026-03-22,2026-08-05,112,5695,2177,137,0.817518,0.739886,0.767145,0.349328,,,,,,,,GLOBAL_BASELINE_NO_ENTITY_RANKING,,,NOT_APPLICABLE_GLOBAL_BASELINE,HF9g-P5,,,,X 全窗基线 · 不参与实体赏罚,14196977,1420,A168_HF9F_20260827_0900,2026-08-27 09:00:00
2026-07-24,110249610,2141,0,17.1217744786,-17.1217744786,-17.1217744786,0E-7,1,1,0.49324550000000000,0.493245500000,-0.9865810262130424,-0.9865810262130424,-0.9865810262130424,0E-17,ELIGIBLE,R03b_20260811_FULL_v1,L1_ELIGIBILITY,v2026-08-11,2026-03-21..2026-08-06,baccarat_bet02_101_all_pairs_incl_sentinel,round_win = game_pnl > 0 (decisive only),COMPATIBILITY_ONLY_NOT_PRODUCTION,296357.1217,267511.9505,6650.6079,18220,18206,-0.02244119,-0.04150452,-0.02020951,-0.02244119,-6650.6079,296357.1217,OK,0.0000,266.0243,4.0000,96.0000,AG03-UNRESOLVED,ALL5_LEVELS_bet23_to_bet27,266.0243,266.0243,266.0243,332.5304,332.5304,4.000000,4.000000,4.000000,5.000000,5.000000,96.000000,96.000000,96.000000,95.000000,95.000000,5.0,1463.1337,1340.2688,5187.4742,5310.3391,PENDING_AG03,FALSE,NOT_FOR_ENFORCEMENT,6384.5836,256811.4724,6650.6079,6384.5836,266.0243,0.02244119,0.02154355,266.0243,6384.5836,0.02154355,266.0243,266.0243,266.0243,332.5304,332.5304,6384.5836,0.02154355,1463.1337,1340.2688,5187.4742,5310.3391,0.01750413,0.01791872,0.00089765,16.2655,14.6936,0.3653,59.3804,1.1678,2646.0457,162.5536,12.4780,16.8648,9.0895,16.5695,22.0926,29.825,33.4482,44.5976,11.8163,0.0,2.018664,2.691552,0.981654,30,240,141,4,0.10479828,0.02244119,0.04150452,0E-8,0.000000,0.902668,0.011910,-0.02129501,2026-03-22,2026-08-05,112,5695,2177,137,0.817518,0.739886,0.767145,0.349328,,,,,,,,GLOBAL_BASELINE_NO_ENTITY_RANKING,,,NOT_APPLICABLE_GLOBAL_BASELINE,HF9g-P5,,,,X 全窗基线 · 不参与实体赏罚,14196978,1420,A168_HF9F_20260827_0900,2026-08-27 09:00:00
2026-07-24,110249610,462,0,44.1852244610,-5.5231530577,-5.5231530577,0.5000000,3,3,0.49324550000000000,0.493245500000,0.01910635448239258,0.01910635448239258,0.01910635448239258,0E-17,ELIGIBLE,R03b_20260811_FULL_v1,L1_ELIGIBILITY,v2026-08-11,2026-03-21..2026-08-06,baccarat_bet02_101_all_pairs_incl_sentinel,round_win = game_pnl > 0 (decisive only),COMPATIBILITY_ONLY_NOT_PRODUCTION,296357.1217,267511.9505,6650.6079,18220,18206,-0.02244119,-0.04150452,-0.02020951,-0.02244119,-6650.6079,296357.1217,OK,0.0000,266.0243,4.0000,96.0000,AG03-UNRESOLVED,ALL5_LEVELS_bet23_to_bet27,266.0243,266.0243,266.0243,332.5304,332.5304,4.000000,4.000000,4.000000,5.000000,5.000000,96.000000,96.000000,96.000000,95.000000,95.000000,5.0,1463.1337,1340.2688,5187.4742,5310.3391,PENDING_AG03,FALSE,NOT_FOR_ENFORCEMENT,6384.5836,256811.4724,6650.6079,6384.5836,266.0243,0.02244119,0.02154355,266.0243,6384.5836,0.02154355,266.0243,266.0243,266.0243,332.5304,332.5304,6384.5836,0.02154355,1463.1337,1340.2688,5187.4742,5310.3391,0.01750413,0.01791872,0.00089765,16.2655,14.6936,0.3653,59.3804,1.1678,2646.0457,162.5536,12.4780,16.8648,9.0895,16.5695,22.0926,29.825,33.4482,44.5976,11.8163,0.0,2.018664,2.691552,0.981654,30,240,141,4,0.10479828,0.02244119,0.04150452,0E-8,0.000000,0.902668,0.011910,-0.02129501,2026-03-22,2026-08-05,112,5695,2177,137,0.817518,0.739886,0.767145,0.349328,,,,,,,,GLOBAL_BASELINE_NO_ENTITY_RANKING,,,NOT_APPLICABLE_GLOBAL_BASELINE,HF9g-P5,,,,X 全窗基线 · 不参与实体赏罚,14196979,1420,A168_HF9F_20260827_0900,2026-08-27 09:00:00
2026-07-25,110249610,-1,1,527.9029692472,-16.8180010603,-16.8180010603,0.5151515,36,36,0.50143756666666667,0.501437566667,0.1575619236408483,0.1575619236370189,0.1575619236408483,-3.3333E-13,SENTINEL_DEALER,R03b_20260811_FULL_v1,L1_ELIGIBILITY,v2026-08-11,2026-03-21..2026-08-06,baccarat_bet02_101_all_pairs_incl_sentinel,round_win = game_pnl > 0 (decisive only),COMPATIBILITY_ONLY_NOT_PRODUCTION,296357.1217,267511.9505,6650.6079,18220,18206,-0.02244119,-0.04150452,-0.02020951,-0.02244119,-6650.6079,296357.1217,OK,0.0000,266.0243,4.0000,96.0000,AG03-UNRESOLVED,ALL5_LEVELS_bet23_to_bet27,266.0243,266.0243,266.0243,332.5304,332.5304,4.000000,4.000000,4.000000,5.000000,5.000000,96.000000,96.000000,96.000000,95.000000,95.000000,5.0,1463.1337,1340.2688,5187.4742,5310.3391,PENDING_AG03,FALSE,NOT_FOR_ENFORCEMENT,6384.5836,256811.4724,6650.6079,6384.5836,266.0243,0.02244119,0.02154355,266.0243,6384.5836,0.02154355,266.0243,266.0243,266.0243,332.5304,332.5304,6384.5836,0.02154355,1463.1337,1340.2688,5187.4742,5310.3391,0.01750413,0.01791872,0.00089765,16.2655,14.6936,0.3653,59.3804,1.1678,2646.0457,162.5536,12.4780,16.8648,9.0895,16.5695,22.0926,29.825,33.4482,44.5976,11.8163,0.0,2.018664,2.691552,0.981654,30,240,141,4,0.10479828,0.02244119,0.04150452,0E-8,0.000000,0.902668,0.011910,-0.02129501,2026-03-22,2026-08-05,112,5695,2177,137,0.817518,0.739886,0.767145,0.349328,,,,,,,,GLOBAL_BASELINE_NO_ENTITY_RANKING,,,NOT_APPLICABLE_GLOBAL_BASELINE,HF9g-P5,,,,X 全窗基线 · 不参与实体赏罚,14196980,1420,A168_HF9F_20260827_0900,2026-08-27 09:00:00
2026-07-25,110249610,1017,0,11.0463061152,-11.0463061152,-11.0463061152,0E-7,1,1,0.50665070000000000,0.506650700000,-1.013391052207602,-1.013391052207602,-1.013391052207602,0E-17,ELIGIBLE,R03b_20260811_FULL_v1,L1_ELIGIBILITY,v2026-08-11,2026-03-21..2026-08-06,baccarat_bet02_101_all_pairs_incl_sentinel,round_win = game_pnl > 0 (decisive only),COMPATIBILITY_ONLY_NOT_PRODUCTION,296357.1217,267511.9505,6650.6079,18220,18206,-0.02244119,-0.04150452,-0.02020951,-0.02244119,-6650.6079,296357.1217,OK,0.0000,266.0243,4.0000,96.0000,AG03-UNRESOLVED,ALL5_LEVELS_bet23_to_bet27,266.0243,266.0243,266.0243,332.5304,332.5304,4.000000,4.000000,4.000000,5.000000,5.000000,96.000000,96.000000,96.000000,95.000000,95.000000,5.0,1463.1337,1340.2688,5187.4742,5310.3391,PENDING_AG03,FALSE,NOT_FOR_ENFORCEMENT,6384.5836,256811.4724,6650.6079,6384.5836,266.0243,0.02244119,0.02154355,266.0243,6384.5836,0.02154355,266.0243,266.0243,266.0243,332.5304,332.5304,6384.5836,0.02154355,1463.1337,1340.2688,5187.4742,5310.3391,0.01750413,0.01791872,0.00089765,16.2655,14.6936,0.3653,59.3804,1.1678,2646.0457,162.5536,12.4780,16.8648,9.0895,16.5695,22.0926,29.825,33.4482,44.5976,11.8163,0.0,2.018664,2.691552,0.981654,30,240,141,4,0.10479828,0.02244119,0.04150452,0E-8,0.000000,0.902668,0.011910,-0.02129501,2026-03-22,2026-08-05,112,5695,2177,137,0.817518,0.739886,0.767145,0.349328,,,,,,,,GLOBAL_BASELINE_NO_ENTITY_RANKING,,,NOT_APPLICABLE_GLOBAL_BASELINE,HF9g-P5,,,,X 全窗基线 · 不参与实体赏罚,14196981,1420,A168_HF9F_20260827_0900,2026-08-27 09:00:00
2026-07-25,110249610,1302,0,22.0926122304,-0.5523153057,-0.5523153057,0.5000000,2,2,0.50665070000000000,0.506650700000,-0.018812684590367487,-0.018812684590367487,-0.018812684590367487,0E-17,ELIGIBLE,R03b_20260811_FULL_v1,L1_ELIGIBILITY,v2026-08-11,2026-03-21..2026-08-06,baccarat_bet02_101_all_pairs_incl_sentinel,round_win = game_pnl > 0 (decisive only),COMPATIBILITY_ONLY_NOT_PRODUCTION,296357.1217,267511.9505,6650.6079,18220,18206,-0.02244119,-0.04150452,-0.02020951,-0.02244119,-6650.6079,296357.1217,OK,0.0000,266.0243,4.0000,96.0000,AG03-UNRESOLVED,ALL5_LEVELS_bet23_to_bet27,266.0243,266.0243,266.0243,332.5304,332.5304,4.000000,4.000000,4.000000,5.000000,5.000000,96.000000,96.000000,96.000000,95.000000,95.000000,5.0,1463.1337,1340.2688,5187.4742,5310.3391,PENDING_AG03,FALSE,NOT_FOR_ENFORCEMENT,6384.5836,256811.4724,6650.6079,6384.5836,266.0243,0.02244119,0.02154355,266.0243,6384.5836,0.02154355,266.0243,266.0243,266.0243,332.5304,332.5304,6384.5836,0.02154355,1463.1337,1340.2688,5187.4742,5310.3391,0.01750413,0.01791872,0.00089765,16.2655,14.6936,0.3653,59.3804,1.1678,2646.0457,162.5536,12.4780,16.8648,9.0895,16.5695,22.0926,29.825,33.4482,44.5976,11.8163,0.0,2.018664,2.691552,0.981654,30,240,141,4,0.10479828,0.02244119,0.04150452,0E-8,0.000000,0.902668,0.011910,-0.02129501,2026-03-22,2026-08-05,112,5695,2177,137,0.817518,0.739886,0.767145,0.349328,,,,,,,,GLOBAL_BASELINE_NO_ENTITY_RANKING,,,NOT_APPLICABLE_GLOBAL_BASELINE,HF9g-P5,,,,X 全窗基线 · 不参与实体赏罚,14196982,1420,A168_HF9F_20260827_0900,2026-08-27 09:00:00
2026-07-25,110249610,1353,0,11.0463061152,-11.0463061152,-11.0463061152,0E-7,1,1,0.50665070000000000,0.506650700000,-1.013391052207602,-1.013391052207602,-1.013391052207602,0E-17,ELIGIBLE,R03b_20260811_FULL_v1,L1_ELIGIBILITY,v2026-08-11,2026-03-21..2026-08-06,baccarat_bet02_101_all_pairs_incl_sentinel,round_win = game_pnl > 0 (decisive only),COMPATIBILITY_ONLY_NOT_PRODUCTION,296357.1217,267511.9505,6650.6079,18220,18206,-0.02244119,-0.04150452,-0.02020951,-0.02244119,-6650.6079,296357.1217,OK,0.0000,266.0243,4.0000,96.0000,AG03-UNRESOLVED,ALL5_LEVELS_bet23_to_bet27,266.0243,266.0243,266.0243,332.5304,332.5304,4.000000,4.000000,4.000000,5.000000,5.000000,96.000000,96.000000,96.000000,95.000000,95.000000,5.0,1463.1337,1340.2688,5187.4742,5310.3391,PENDING_AG03,FALSE,NOT_FOR_ENFORCEMENT,6384.5836,256811.4724,6650.6079,6384.5836,266.0243,0.02244119,0.02154355,266.0243,6384.5836,0.02154355,266.0243,266.0243,266.0243,332.5304,332.5304,6384.5836,0.02154355,1463.1337,1340.2688,5187.4742,5310.3391,0.01750413,0.01791872,0.00089765,16.2655,14.6936,0.3653,59.3804,1.1678,2646.0457,162.5536,12.4780,16.8648,9.0895,16.5695,22.0926,29.825,33.4482,44.5976,11.8163,0.0,2.018664,2.691552,0.981654,30,240,141,4,0.10479828,0.02244119,0.04150452,0E-8,0.000000,0.902668,0.011910,-0.02129501,2026-03-22,2026-08-05,112,5695,2177,137,0.817518,0.739886,0.767145,0.349328,,,,,,,,GLOBAL_BASELINE_NO_ENTITY_RANKING,,,NOT_APPLICABLE_GLOBAL_BASELINE,HF9g-P5,,,,X 全窗基线 · 不参与实体赏罚,14196983,1420,A168_HF9F_20260827_0900,2026-08-27 09:00:00
2026-07-25,110249610,1382,0,11.0463061152,-11.0463061152,-11.0463061152,0E-7,1,1,0.50665070000000000,0.506650700000,-1.013391052207602,-1.013391052207602,-1.013391052207602,0E-17,ELIGIBLE,R03b_20260811_FULL_v1,L1_ELIGIBILITY,v2026-08-11,2026-03-21..2026-08-06,baccarat_bet02_101_all_pairs_incl_sentinel,round_win = game_pnl > 0 (decisive only),COMPATIBILITY_ONLY_NOT_PRODUCTION,296357.1217,267511.9505,6650.6079,18220,18206,-0.02244119,-0.04150452,-0.02020951,-0.02244119,-6650.6079,296357.1217,OK,0.0000,266.0243,4.0000,96.0000,AG03-UNRESOLVED,ALL5_LEVELS_bet23_to_bet27,266.0243,266.0243,266.0243,332.5304,332.5304,4.000000,4.000000,4.000000,5.000000,5.000000,96.000000,96.000000,96.000000,95.000000,95.000000,5.0,1463.1337,1340.2688,5187.4742,5310.3391,PENDING_AG03,FALSE,NOT_FOR_ENFORCEMENT,6384.5836,256811.4724,6650.6079,6384.5836,266.0243,0.02244119,0.02154355,266.0243,6384.5836,0.02154355,266.0243,266.0243,266.0243,332.5304,332.5304,6384.5836,0.02154355,1463.1337,1340.2688,5187.4742,5310.3391,0.01750413,0.01791872,0.00089765,16.2655,14.6936,0.3653,59.3804,1.1678,2646.0457,162.5536,12.4780,16.8648,9.0895,16.5695,22.0926,29.825,33.4482,44.5976,11.8163,0.0,2.018664,2.691552,0.981654,30,240,141,4,0.10479828,0.02244119,0.04150452,0E-8,0.000000,0.902668,0.011910,-0.02129501,2026-03-22,2026-08-05,112,5695,2177,137,0.817518,0.739886,0.767145,0.349328,,,,,,,,GLOBAL_BASELINE_NO_ENTITY_RANKING,,,NOT_APPLICABLE_GLOBAL_BASELINE,HF9g-P5,,,,X 全窗基线 · 不参与实体赏罚,14196984,1420,A168_HF9F_20260827_0900,2026-08-27 09:00:00
2026-07-25,110249610,1385,0,57.4407917993,23.0867797809,23.0867797809,0.7500000,4,4,0.49994810000000000,0.499948100000,1.0002076053883384,1.0002076053883384,1.0002076053883384,0E-17,ELIGIBLE,R03b_20260811_FULL_v1,L1_ELIGIBILITY,v2026-08-11,2026-03-21..2026-08-06,baccarat_bet02_101_all_pairs_incl_sentinel,round_win = game_pnl > 0 (decisive only),COMPATIBILITY_ONLY_NOT_PRODUCTION,296357.1217,267511.9505,6650.6079,18220,18206,-0.02244119,-0.04150452,-0.02020951,-0.02244119,-6650.6079,296357.1217,OK,0.0000,266.0243,4.0000,96.0000,AG03-UNRESOLVED,ALL5_LEVELS_bet23_to_bet27,266.0243,266.0243,266.0243,332.5304,332.5304,4.000000,4.000000,4.000000,5.000000,5.000000,96.000000,96.000000,96.000000,95.000000,95.000000,5.0,1463.1337,1340.2688,5187.4742,5310.3391,PENDING_AG03,FALSE,NOT_FOR_ENFORCEMENT,6384.5836,256811.4724,6650.6079,6384.5836,266.0243,0.02244119,0.02154355,266.0243,6384.5836,0.02154355,266.0243,266.0243,266.0243,332.5304,332.5304,6384.5836,0.02154355,1463.1337,1340.2688,5187.4742,5310.3391,0.01750413,0.01791872,0.00089765,16.2655,14.6936,0.3653,59.3804,1.1678,2646.0457,162.5536,12.4780,16.8648,9.0895,16.5695,22.0926,29.825,33.4482,44.5976,11.8163,0.0,2.018664,2.691552,0.981654,30,240,141,4,0.10479828,0.02244119,0.04150452,0E-8,0.000000,0.902668,0.011910,-0.02129501,2026-03-22,2026-08-05,112,5695,2177,137,0.817518,0.739886,0.767145,0.349328,,,,,,,,GLOBAL_BASELINE_NO_ENTITY_RANKING,,,NOT_APPLICABLE_GLOBAL_BASELINE,HF9g-P5,,,,X 全窗基线 · 不参与实体赏罚,14196985,1420,A168_HF9F_20260827_0900,2026-08-27 09:00:00
2026-07-25,110249610,1402,0,42.5282785436,1.6569459172,1.6569459172,0.6666667,3,3,0.49324550000000000,0.493245500000,0.6008033672792107,0.6008033672792106,0.6008033672792107,0E-17,ELIGIBLE,R03b_20260811_FULL_v1,L1_ELIGIBILITY,v2026-08-11,2026-03-21..2026-08-06,baccarat_bet02_101_all_pairs_incl_sentinel,round_win = game_pnl > 0 (decisive only),COMPATIBILITY_ONLY_NOT_PRODUCTION,296357.1217,267511.9505,6650.6079,18220,18206,-0.02244119,-0.04150452,-0.02020951,-0.02244119,-6650.6079,296357.1217,OK,0.0000,266.0243,4.0000,96.0000,AG03-UNRESOLVED,ALL5_LEVELS_bet23_to_bet27,266.0243,266.0243,266.0243,332.5304,332.5304,4.000000,4.000000,4.000000,5.000000,5.000000,96.000000,96.000000,96.000000,95.000000,95.000000,5.0,1463.1337,1340.2688,5187.4742,5310.3391,PENDING_AG03,FALSE,NOT_FOR_ENFORCEMENT,6384.5836,256811.4724,6650.6079,6384.5836,266.0243,0.02244119,0.02154355,266.0243,6384.5836,0.02154355,266.0243,266.0243,266.0243,332.5304,332.5304,6384.5836,0.02154355,1463.1337,1340.2688,5187.4742,5310.3391,0.01750413,0.01791872,0.00089765,16.2655,14.6936,0.3653,59.3804,1.1678,2646.0457,162.5536,12.4780,16.8648,9.0895,16.5695,22.0926,29.825,33.4482,44.5976,11.8163,0.0,2.018664,2.691552,0.981654,30,240,141,4,0.10479828,0.02244119,0.04150452,0E-8,0.000000,0.902668,0.011910,-0.02129501,2026-03-22,2026-08-05,112,5695,2177,137,0.817518,0.739886,0.767145,0.349328,,,,,,,,GLOBAL_BASELINE_NO_ENTITY_RANKING,,,NOT_APPLICABLE_GLOBAL_BASELINE,HF9g-P5,,,,X 全窗基线 · 不参与实体赏罚,14196986,1420,A168_HF9F_20260827_0900,2026-08-27 09:00:00
2026-07-25,110249610,1509,0,11.0463061152,-11.0463061152,-11.0463061152,0E-7,1,1,0.50665070000000000,0.506650700000,-1.013391052207602,-1.013391052207602,-1.013391052207602,0E-17,ELIGIBLE,R03b_20260811_FULL_v1,L1_ELIGIBILITY,v2026-08-11,2026-03-21..2026-08-06,baccarat_bet02_101_all_pairs_incl_sentinel,round_win = game_pnl > 0 (decisive only),COMPATIBILITY_ONLY_NOT_PRODUCTION,296357.1217,267511.9505,6650.6079,18220,18206,-0.02244119,-0.04150452,-0.02020951,-0.02244119,-6650.6079,296357.1217,OK,0.0000,266.0243,4.0000,96.0000,AG03-UNRESOLVED,ALL5_LEVELS_bet23_to_bet27,266.0243,266.0243,266.0243,332.5304,332.5304,4.000000,4.000000,4.000000,5.000000,5.000000,96.000000,96.000000,96.000000,95.000000,95.000000,5.0,1463.1337,1340.2688,5187.4742,5310.3391,PENDING_AG03,FALSE,NOT_FOR_ENFORCEMENT,6384.5836,256811.4724,6650.6079,6384.5836,266.0243,0.02244119,0.02154355,266.0243,6384.5836,0.02154355,266.0243,266.0243,266.0243,332.5304,332.5304,6384.5836,0.02154355,1463.1337,1340.2688,5187.4742,5310.3391,0.01750413,0.01791872,0.00089765,16.2655,14.6936,0.3653,59.3804,1.1678,2646.0457,162.5536,12.4780,16.8648,9.0895,16.5695,22.0926,29.825,33.4482,44.5976,11.8163,0.0,2.018664,2.691552,0.981654,30,240,141,4,0.10479828,0.02244119,0.04150452,0E-8,0.000000,0.902668,0.011910,-0.02129501,2026-03-22,2026-08-05,112,5695,2177,137,0.817518,0.739886,0.767145,0.349328,,,,,,,,GLOBAL_BASELINE_NO_ENTITY_RANKING,,,NOT_APPLICABLE_GLOBAL_BASELINE,HF9g-P5,,,,X 全窗基线 · 不参与实体赏罚,14196987,1420,A168_HF9F_20260827_0900,2026-08-27 09:00:00
2026-07-25,110249610,1750,0,22.0926122304,20.9879816190,20.9879816190,1.0000000,2,2,0.50665070000000000,0.506650700000,1.3955260008387969,1.3955260008387969,1.3955260008387969,0E-17,ELIGIBLE,R03b_20260811_FULL_v1,L1_ELIGIBILITY,v2026-08-11,2026-03-21..2026-08-06,baccarat_bet02_101_all_pairs_incl_sentinel,round_win = game_pnl > 0 (decisive only),COMPATIBILITY_ONLY_NOT_PRODUCTION,296357.1217,267511.9505,6650.6079,18220,18206,-0.02244119,-0.04150452,-0.02020951,-0.02244119,-6650.6079,296357.1217,OK,0.0000,266.0243,4.0000,96.0000,AG03-UNRESOLVED,ALL5_LEVELS_bet23_to_bet27,266.0243,266.0243,266.0243,332.5304,332.5304,4.000000,4.000000,4.000000,5.000000,5.000000,96.000000,96.000000,96.000000,95.000000,95.000000,5.0,1463.1337,1340.2688,5187.4742,5310.3391,PENDING_AG03,FALSE,NOT_FOR_ENFORCEMENT,6384.5836,256811.4724,6650.6079,6384.5836,266.0243,0.02244119,0.02154355,266.0243,6384.5836,0.02154355,266.0243,266.0243,266.0243,332.5304,332.5304,6384.5836,0.02154355,1463.1337,1340.2688,5187.4742,5310.3391,0.01750413,0.01791872,0.00089765,16.2655,14.6936,0.3653,59.3804,1.1678,2646.0457,162.5536,12.4780,16.8648,9.0895,16.5695,22.0926,29.825,33.4482,44.5976,11.8163,0.0,2.018664,2.691552,0.981654,30,240,141,4,0.10479828,0.02244119,0.04150452,0E-8,0.000000,0.902668,0.011910,-0.02129501,2026-03-22,2026-08-05,112,5695,2177,137,0.817518,0.739886,0.767145,0.349328,,,,,,,,GLOBAL_BASELINE_NO_ENTITY_RANKING,,,NOT_APPLICABLE_GLOBAL_BASELINE,HF9g-P5,,,,X 全窗基线 · 不参与实体赏罚,14196988,1420,A168_HF9F_20260827_0900,2026-08-27 09:00:00
2026-07-25,110249610,2073,0,11.0463061152,-11.0463061152,-11.0463061152,0E-7,1,1,0.50665070000000000,0.506650700000,-1.013391052207602,-1.013391052207602,-1.013391052207602,0E-17,ELIGIBLE,R03b_20260811_FULL_v1,L1_ELIGIBILITY,v2026-08-11,2026-03-21..2026-08-06,baccarat_bet02_101_all_pairs_incl_sentinel,round_win = game_pnl > 0 (decisive only),COMPATIBILITY_ONLY_NOT_PRODUCTION,296357.1217,267511.9505,6650.6079,18220,18206,-0.02244119,-0.04150452,-0.02020951,-0.02244119,-6650.6079,296357.1217,OK,0.0000,266.0243,4.0000,96.0000,AG03-UNRESOLVED,ALL5_LEVELS_bet23_to_bet27,266.0243,266.0243,266.0243,332.5304,332.5304,4.000000,4.000000,4.000000,5.000000,5.000000,96.000000,96.000000,96.000000,95.000000,95.000000,5.0,1463.1337,1340.2688,5187.4742,5310.3391,PENDING_AG03,FALSE,NOT_FOR_ENFORCEMENT,6384.5836,256811.4724,6650.6079,6384.5836,266.0243,0.02244119,0.02154355,266.0243,6384.5836,0.02154355,266.0243,266.0243,266.0243,332.5304,332.5304,6384.5836,0.02154355,1463.1337,1340.2688,5187.4742,5310.3391,0.01750413,0.01791872,0.00089765,16.2655,14.6936,0.3653,59.3804,1.1678,2646.0457,162.5536,12.4780,16.8648,9.0895,16.5695,22.0926,29.825,33.4482,44.5976,11.8163,0.0,2.018664,2.691552,0.981654,30,240,141,4,0.10479828,0.02244119,0.04150452,0E-8,0.000000,0.902668,0.011910,-0.02129501,2026-03-22,2026-08-05,112,5695,2177,137,0.817518,0.739886,0.767145,0.349328,,,,,,,,GLOBAL_BASELINE_NO_ENTITY_RANKING,,,NOT_APPLICABLE_GLOBAL_BASELINE,HF9g-P5,,,,X 全窗基线 · 不参与实体赏罚,14196989,1420,A168_HF9F_20260827_0900,2026-08-27 09:00:00
2026-07-25,110249610,2101,0,74.5625662779,-4.1423647932,-4.1423647932,0.5000000,4,4,0.50665070000000000,0.506650700000,-0.018812684590367487,-0.018812684590367487,-0.018812684590367487,0E-17,ELIGIBLE,R03b_20260811_FULL_v1,L1_ELIGIBILITY,v2026-08-11,2026-03-21..2026-08-06,baccarat_bet02_101_all_pairs_incl_sentinel,round_win = game_pnl > 0 (decisive only),COMPATIBILITY_ONLY_NOT_PRODUCTION,296357.1217,267511.9505,6650.6079,18220,18206,-0.02244119,-0.04150452,-0.02020951,-0.02244119,-6650.6079,296357.1217,OK,0.0000,266.0243,4.0000,96.0000,AG03-UNRESOLVED,ALL5_LEVELS_bet23_to_bet27,266.0243,266.0243,266.0243,332.5304,332.5304,4.000000,4.000000,4.000000,5.000000,5.000000,96.000000,96.000000,96.000000,95.000000,95.000000,5.0,1463.1337,1340.2688,5187.4742,5310.3391,PENDING_AG03,FALSE,NOT_FOR_ENFORCEMENT,6384.5836,256811.4724,6650.6079,6384.5836,266.0243,0.02244119,0.02154355,266.0243,6384.5836,0.02154355,266.0243,266.0243,266.0243,332.5304,332.5304,6384.5836,0.02154355,1463.1337,1340.2688,5187.4742,5310.3391,0.01750413,0.01791872,0.00089765,16.2655,14.6936,0.3653,59.3804,1.1678,2646.0457,162.5536,12.4780,16.8648,9.0895,16.5695,22.0926,29.825,33.4482,44.5976,11.8163,0.0,2.018664,2.691552,0.981654,30,240,141,4,0.10479828,0.02244119,0.04150452,0E-8,0.000000,0.902668,0.011910,-0.02129501,2026-03-22,2026-08-05,112,5695,2177,137,0.817518,0.739886,0.767145,0.349328,,,,,,,,GLOBAL_BASELINE_NO_ENTITY_RANKING,,,NOT_APPLICABLE_GLOBAL_BASELINE,HF9g-P5,,,,X 全窗基线 · 不参与实体赏罚,14196990,1420,A168_HF9F_20260827_0900,2026-08-27 09:00:00
2026-07-25,110249610,2103,0,22.0926122304,-22.0926122304,-22.0926122304,0E-7,2,2,0.49994810000000000,0.499948100000,-1.4140667746232096,-1.4140667746232096,-1.4140667746232096,0E-17,ELIGIBLE,R03b_20260811_FULL_v1,L1_ELIGIBILITY,v2026-08-11,2026-03-21..2026-08-06,baccarat_bet02_101_all_pairs_incl_sentinel,round_win = game_pnl > 0 (decisive only),COMPATIBILITY_ONLY_NOT_PRODUCTION,296357.1217,267511.9505,6650.6079,18220,18206,-0.02244119,-0.04150452,-0.02020951,-0.02244119,-6650.6079,296357.1217,OK,0.0000,266.0243,4.0000,96.0000,AG03-UNRESOLVED,ALL5_LEVELS_bet23_to_bet27,266.0243,266.0243,266.0243,332.5304,332.5304,4.000000,4.000000,4.000000,5.000000,5.000000,96.000000,96.000000,96.000000,95.000000,95.000000,5.0,1463.1337,1340.2688,5187.4742,5310.3391,PENDING_AG03,FALSE,NOT_FOR_ENFORCEMENT,6384.5836,256811.4724,6650.6079,6384.5836,266.0243,0.02244119,0.02154355,266.0243,6384.5836,0.02154355,266.0243,266.0243,266.0243,332.5304,332.5304,6384.5836,0.02154355,1463.1337,1340.2688,5187.4742,5310.3391,0.01750413,0.01791872,0.00089765,16.2655,14.6936,0.3653,59.3804,1.1678,2646.0457,162.5536,12.4780,16.8648,9.0895,16.5695,22.0926,29.825,33.4482,44.5976,11.8163,0.0,2.018664,2.691552,0.981654,30,240,141,4,0.10479828,0.02244119,0.04150452,0E-8,0.000000,0.902668,0.011910,-0.02129501,2026-03-22,2026-08-05,112,5695,2177,137,0.817518,0.739886,0.767145,0.349328,,,,,,,,GLOBAL_BASELINE_NO_ENTITY_RANKING,,,NOT_APPLICABLE_GLOBAL_BASELINE,HF9g-P5,,,,X 全窗基线 · 不参与实体赏罚,14196991,1420,A168_HF9F_20260827_0900,2026-08-27 09:00:00
2026-07-25,110249610,2106,0,49.7083775187,16.5694591729,16.5694591729,0.6666667,3,3,0.49324550000000000,0.493245500000,0.6008033672792107,0.6008033672792106,0.6008033672792107,0E-17,ELIGIBLE,R03b_20260811_FULL_v1,L1_ELIGIBILITY,v2026-08-11,2026-03-21..2026-08-06,baccarat_bet02_101_all_pairs_incl_sentinel,round_win = game_pnl > 0 (decisive only),COMPATIBILITY_ONLY_NOT_PRODUCTION,296357.1217,267511.9505,6650.6079,18220,18206,-0.02244119,-0.04150452,-0.02020951,-0.02244119,-6650.6079,296357.1217,OK,0.0000,266.0243,4.0000,96.0000,AG03-UNRESOLVED,ALL5_LEVELS_bet23_to_bet27,266.0243,266.0243,266.0243,332.5304,332.5304,4.000000,4.000000,4.000000,5.000000,5.000000,96.000000,96.000000,96.000000,95.000000,95.000000,5.0,1463.1337,1340.2688,5187.4742,5310.3391,PENDING_AG03,FALSE,NOT_FOR_ENFORCEMENT,6384.5836,256811.4724,6650.6079,6384.5836,266.0243,0.02244119,0.02154355,266.0243,6384.5836,0.02154355,266.0243,266.0243,266.0243,332.5304,332.5304,6384.5836,0.02154355,1463.1337,1340.2688,5187.4742,5310.3391,0.01750413,0.01791872,0.00089765,16.2655,14.6936,0.3653,59.3804,1.1678,2646.0457,162.5536,12.4780,16.8648,9.0895,16.5695,22.0926,29.825,33.4482,44.5976,11.8163,0.0,2.018664,2.691552,0.981654,30,240,141,4,0.10479828,0.02244119,0.04150452,0E-8,0.000000,0.902668,0.011910,-0.02129501,2026-03-22,2026-08-05,112,5695,2177,137,0.817518,0.739886,0.767145,0.349328,,,,,,,,GLOBAL_BASELINE_NO_ENTITY_RANKING,,,NOT_APPLICABLE_GLOBAL_BASELINE,HF9g-P5,,,,X 全窗基线 · 不参与实体赏罚,14196992,1420,A168_HF9F_20260827_0900,2026-08-27 09:00:00
2026-07-25,110249610,2145,0,54.1268999647,-21.8164545776,-21.8164545776,0.3333333,3,3,0.50218230000000000,0.502182300000,-0.5849155494134425,-0.5849155494134426,-0.5849155494134425,0E-17,ELIGIBLE,R03b_20260811_FULL_v1,L1_ELIGIBILITY,v2026-08-11,2026-03-21..2026-08-06,baccarat_bet02_101_all_pairs_incl_sentinel,round_win = game_pnl > 0 (decisive only),COMPATIBILITY_ONLY_NOT_PRODUCTION,296357.1217,267511.9505,6650.6079,18220,18206,-0.02244119,-0.04150452,-0.02020951,-0.02244119,-6650.6079,296357.1217,OK,0.0000,266.0243,4.0000,96.0000,AG03-UNRESOLVED,ALL5_LEVELS_bet23_to_bet27,266.0243,266.0243,266.0243,332.5304,332.5304,4.000000,4.000000,4.000000,5.000000,5.000000,96.000000,96.000000,96.000000,95.000000,95.000000,5.0,1463.1337,1340.2688,5187.4742,5310.3391,PENDING_AG03,FALSE,NOT_FOR_ENFORCEMENT,6384.5836,256811.4724,6650.6079,6384.5836,266.0243,0.02244119,0.02154355,266.0243,6384.5836,0.02154355,266.0243,266.0243,266.0243,332.5304,332.5304,6384.5836,0.02154355,1463.1337,1340.2688,5187.4742,5310.3391,0.01750413,0.01791872,0.00089765,16.2655,14.6936,0.3653,59.3804,1.1678,2646.0457,162.5536,12.4780,16.8648,9.0895,16.5695,22.0926,29.825,33.4482,44.5976,11.8163,0.0,2.018664,2.691552,0.981654,30,240,141,4,0.10479828,0.02244119,0.04150452,0E-8,0.000000,0.902668,0.011910,-0.02129501,2026-03-22,2026-08-05,112,5695,2177,137,0.817518,0.739886,0.767145,0.349328,,,,,,,,GLOBAL_BASELINE_NO_ENTITY_RANKING,,,NOT_APPLICABLE_GLOBAL_BASELINE,HF9g-P5,,,,X 全窗基线 · 不参与实体赏罚,14196993,1420,A168_HF9F_20260827_0900,2026-08-27 09:00:00
2026-07-25,110249610,2152,0,80.0857193353,-3.6176652527,-3.6176652527,0.4000000,5,5,0.50396966000000000,0.503969660000,-0.4649811094771361,-0.4649811094771361,-0.4649811094771361,0E-17,ELIGIBLE,R03b_20260811_FULL_v1,L1_ELIGIBILITY,v2026-08-11,2026-03-21..2026-08-06,baccarat_bet02_101_all_pairs_incl_sentinel,round_win = game_pnl > 0 (decisive only),COMPATIBILITY_ONLY_NOT_PRODUCTION,296357.1217,267511.9505,6650.6079,18220,18206,-0.02244119,-0.04150452,-0.02020951,-0.02244119,-6650.6079,296357.1217,OK,0.0000,266.0243,4.0000,96.0000,AG03-UNRESOLVED,ALL5_LEVELS_bet23_to_bet27,266.0243,266.0243,266.0243,332.5304,332.5304,4.000000,4.000000,4.000000,5.000000,5.000000,96.000000,96.000000,96.000000,95.000000,95.000000,5.0,1463.1337,1340.2688,5187.4742,5310.3391,PENDING_AG03,FALSE,NOT_FOR_ENFORCEMENT,6384.5836,256811.4724,6650.6079,6384.5836,266.0243,0.02244119,0.02154355,266.0243,6384.5836,0.02154355,266.0243,266.0243,266.0243,332.5304,332.5304,6384.5836,0.02154355,1463.1337,1340.2688,5187.4742,5310.3391,0.01750413,0.01791872,0.00089765,16.2655,14.6936,0.3653,59.3804,1.1678,2646.0457,162.5536,12.4780,16.8648,9.0895,16.5695,22.0926,29.825,33.4482,44.5976,11.8163,0.0,2.018664,2.691552,0.981654,30,240,141,4,0.10479828,0.02244119,0.04150452,0E-8,0.000000,0.902668,0.011910,-0.02129501,2026-03-22,2026-08-05,112,5695,2177,137,0.817518,0.739886,0.767145,0.349328,,,,,,,,GLOBAL_BASELINE_NO_ENTITY_RANKING,,,NOT_APPLICABLE_GLOBAL_BASELINE,HF9g-P5,,,,X 全窗基线 · 不参与实体赏罚,14196994,1420,A168_HF9F_20260827_0900,2026-08-27 09:00:00
2026-07-25,110249610,2169,0,92.5680452459,14.2718275008,14.2718275008,0.6000000,5,5,0.50665070000000000,0.506650700000,0.4175076967804994,0.4175076967804994,0.4175076967804994,0E-17,ELIGIBLE,R03b_20260811_FULL_v1,L1_ELIGIBILITY,v2026-08-11,2026-03-21..2026-08-06,baccarat_bet02_101_all_pairs_incl_sentinel,round_win = game_pnl > 0 (decisive only),COMPATIBILITY_ONLY_NOT_PRODUCTION,296357.1217,267511.9505,6650.6079,18220,18206,-0.02244119,-0.04150452,-0.02020951,-0.02244119,-6650.6079,296357.1217,OK,0.0000,266.0243,4.0000,96.0000,AG03-UNRESOLVED,ALL5_LEVELS_bet23_to_bet27,266.0243,266.0243,266.0243,332.5304,332.5304,4.000000,4.000000,4.000000,5.000000,5.000000,96.000000,96.000000,96.000000,95.000000,95.000000,5.0,1463.1337,1340.2688,5187.4742,5310.3391,PENDING_AG03,FALSE,NOT_FOR_ENFORCEMENT,6384.5836,256811.4724,6650.6079,6384.5836,266.0243,0.02244119,0.02154355,266.0243,6384.5836,0.02154355,266.0243,266.0243,266.0243,332.5304,332.5304,6384.5836,0.02154355,1463.1337,1340.2688,5187.4742,5310.3391,0.01750413,0.01791872,0.00089765,16.2655,14.6936,0.3653,59.3804,1.1678,2646.0457,162.5536,12.4780,16.8648,9.0895,16.5695,22.0926,29.825,33.4482,44.5976,11.8163,0.0,2.018664,2.691552,0.981654,30,240,141,4,0.10479828,0.02244119,0.04150452,0E-8,0.000000,0.902668,0.011910,-0.02129501,2026-03-22,2026-08-05,112,5695,2177,137,0.817518,0.739886,0.767145,0.349328,,,,,,,,GLOBAL_BASELINE_NO_ENTITY_RANKING,,,NOT_APPLICABLE_GLOBAL_BASELINE,HF9g-P5,,,,X 全窗基线 · 不参与实体赏罚,14196995,1420,A168_HF9F_20260827_0900,2026-08-27 09:00:00
2026-07-25,110249610,2170,0,16.5694591729,-16.5694591729,-16.5694591729,0E-7,1,1,0.49324550000000000,0.493245500000,-0.9865810262130424,-0.9865810262130424,-0.9865810262130424,0E-17,ELIGIBLE,R03b_20260811_FULL_v1,L1_ELIGIBILITY,v2026-08-11,2026-03-21..2026-08-06,baccarat_bet02_101_all_pairs_incl_sentinel,round_win = game_pnl > 0 (decisive only),COMPATIBILITY_ONLY_NOT_PRODUCTION,296357.1217,267511.9505,6650.6079,18220,18206,-0.02244119,-0.04150452,-0.02020951,-0.02244119,-6650.6079,296357.1217,OK,0.0000,266.0243,4.0000,96.0000,AG03-UNRESOLVED,ALL5_LEVELS_bet23_to_bet27,266.0243,266.0243,266.0243,332.5304,332.5304,4.000000,4.000000,4.000000,5.000000,5.000000,96.000000,96.000000,96.000000,95.000000,95.000000,5.0,1463.1337,1340.2688,5187.4742,5310.3391,PENDING_AG03,FALSE,NOT_FOR_ENFORCEMENT,6384.5836,256811.4724,6650.6079,6384.5836,266.0243,0.02244119,0.02154355,266.0243,6384.5836,0.02154355,266.0243,266.0243,266.0243,332.5304,332.5304,6384.5836,0.02154355,1463.1337,1340.2688,5187.4742,5310.3391,0.01750413,0.01791872,0.00089765,16.2655,14.6936,0.3653,59.3804,1.1678,2646.0457,162.5536,12.4780,16.8648,9.0895,16.5695,22.0926,29.825,33.4482,44.5976,11.8163,0.0,2.018664,2.691552,0.981654,30,240,141,4,0.10479828,0.02244119,0.04150452,0E-8,0.000000,0.902668,0.011910,-0.02129501,2026-03-22,2026-08-05,112,5695,2177,137,0.817518,0.739886,0.767145,0.349328,,,,,,,,GLOBAL_BASELINE_NO_ENTITY_RANKING,,,NOT_APPLICABLE_GLOBAL_BASELINE,HF9g-P5,,,,X 全窗基线 · 不参与实体赏罚,14196996,1420,A168_HF9F_20260827_0900,2026-08-27 09:00:00
2026-07-25,110249610,2201,0,167.9038529516,28.5823170732,28.5823170732,0.6250000,9,9,0.50367176666666667,0.503671766667,0.6863546392532456,0.6863546392513633,0.6863546392532456,-3.3333E-13,ELIGIBLE,R03b_20260811_FULL_v1,L1_ELIGIBILITY,v2026-08-11,2026-03-21..2026-08-06,baccarat_bet02_101_all_pairs_incl_sentinel,round_win = game_pnl > 0 (decisive only),COMPATIBILITY_ONLY_NOT_PRODUCTION,296357.1217,267511.9505,6650.6079,18220,18206,-0.02244119,-0.04150452,-0.02020951,-0.02244119,-6650.6079,296357.1217,OK,0.0000,266.0243,4.0000,96.0000,AG03-UNRESOLVED,ALL5_LEVELS_bet23_to_bet27,266.0243,266.0243,266.0243,332.5304,332.5304,4.000000,4.000000,4.000000,5.000000,5.000000,96.000000,96.000000,96.000000,95.000000,95.000000,5.0,1463.1337,1340.2688,5187.4742,5310.3391,PENDING_AG03,FALSE,NOT_FOR_ENFORCEMENT,6384.5836,256811.4724,6650.6079,6384.5836,266.0243,0.02244119,0.02154355,266.0243,6384.5836,0.02154355,266.0243,266.0243,266.0243,332.5304,332.5304,6384.5836,0.02154355,1463.1337,1340.2688,5187.4742,5310.3391,0.01750413,0.01791872,0.00089765,16.2655,14.6936,0.3653,59.3804,1.1678,2646.0457,162.5536,12.4780,16.8648,9.0895,16.5695,22.0926,29.825,33.4482,44.5976,11.8163,0.0,2.018664,2.691552,0.981654,30,240,141,4,0.10479828,0.02244119,0.04150452,0E-8,0.000000,0.902668,0.011910,-0.02129501,2026-03-22,2026-08-05,112,5695,2177,137,0.817518,0.739886,0.767145,0.349328,,,,,,,,GLOBAL_BASELINE_NO_ENTITY_RANKING,,,NOT_APPLICABLE_GLOBAL_BASELINE,HF9g-P5,,,,X 全窗基线 · 不参与实体赏罚,14196997,1420,A168_HF9F_20260827_0900,2026-08-27 09:00:00
2026-07-25,110249610,2205,0,38.6620714033,-17.1217744786,-17.1217744786,0.3333333,3,3,0.50218230000000000,0.502182300000,-0.5849155494134425,-0.5849155494134426,-0.5849155494134425,0E-17,ELIGIBLE,R03b_20260811_FULL_v1,L1_ELIGIBILITY,v2026-08-11,2026-03-21..2026-08-06,baccarat_bet02_101_all_pairs_incl_sentinel,round_win = game_pnl > 0 (decisive only),COMPATIBILITY_ONLY_NOT_PRODUCTION,296357.1217,267511.9505,6650.6079,18220,18206,-0.02244119,-0.04150452,-0.02020951,-0.02244119,-6650.6079,296357.1217,OK,0.0000,266.0243,4.0000,96.0000,AG03-UNRESOLVED,ALL5_LEVELS_bet23_to_bet27,266.0243,266.0243,266.0243,332.5304,332.5304,4.000000,4.000000,4.000000,5.000000,5.000000,96.000000,96.000000,96.000000,95.000000,95.000000,5.0,1463.1337,1340.2688,5187.4742,5310.3391,PENDING_AG03,FALSE,NOT_FOR_ENFORCEMENT,6384.5836,256811.4724,6650.6079,6384.5836,266.0243,0.02244119,0.02154355,266.0243,6384.5836,0.02154355,266.0243,266.0243,266.0243,332.5304,332.5304,6384.5836,0.02154355,1463.1337,1340.2688,5187.4742,5310.3391,0.01750413,0.01791872,0.00089765,16.2655,14.6936,0.3653,59.3804,1.1678,2646.0457,162.5536,12.4780,16.8648,9.0895,16.5695,22.0926,29.825,33.4482,44.5976,11.8163,0.0,2.018664,2.691552,0.981654,30,240,141,4,0.10479828,0.02244119,0.04150452,0E-8,0.000000,0.902668,0.011910,-0.02129501,2026-03-22,2026-08-05,112,5695,2177,137,0.817518,0.739886,0.767145,0.349328,,,,,,,,GLOBAL_BASELINE_NO_ENTITY_RANKING,,,NOT_APPLICABLE_GLOBAL_BASELINE,HF9g-P5,,,,X 全窗基线 · 不参与实体赏罚,14196998,1420,A168_HF9F_20260827_0900,2026-08-27 09:00:00
2026-07-25,110249610,2267,0,60.2023683280,-6.3516260162,-6.3516260162,0.5000000,4,4,0.50665070000000000,0.506650700000,-0.02660515369234503,-0.02660515369234503,-0.02660515369234503,0E-17,ELIGIBLE,R03b_20260811_FULL_v1,L1_ELIGIBILITY,v2026-08-11,2026-03-21..2026-08-06,baccarat_bet02_101_all_pairs_incl_sentinel,round_win = game_pnl > 0 (decisive only),COMPATIBILITY_ONLY_NOT_PRODUCTION,296357.1217,267511.9505,6650.6079,18220,18206,-0.02244119,-0.04150452,-0.02020951,-0.02244119,-6650.6079,296357.1217,OK,0.0000,266.0243,4.0000,96.0000,AG03-UNRESOLVED,ALL5_LEVELS_bet23_to_bet27,266.0243,266.0243,266.0243,332.5304,332.5304,4.000000,4.000000,4.000000,5.000000,5.000000,96.000000,96.000000,96.000000,95.000000,95.000000,5.0,1463.1337,1340.2688,5187.4742,5310.3391,PENDING_AG03,FALSE,NOT_FOR_ENFORCEMENT,6384.5836,256811.4724,6650.6079,6384.5836,266.0243,0.02244119,0.02154355,266.0243,6384.5836,0.02154355,266.0243,266.0243,266.0243,332.5304,332.5304,6384.5836,0.02154355,1463.1337,1340.2688,5187.4742,5310.3391,0.01750413,0.01791872,0.00089765,16.2655,14.6936,0.3653,59.3804,1.1678,2646.0457,162.5536,12.4780,16.8648,9.0895,16.5695,22.0926,29.825,33.4482,44.5976,11.8163,0.0,2.018664,2.691552,0.981654,30,240,141,4,0.10479828,0.02244119,0.04150452,0E-8,0.000000,0.902668,0.011910,-0.02129501,2026-03-22,2026-08-05,112,5695,2177,137,0.817518,0.739886,0.767145,0.349328,,,,,,,,GLOBAL_BASELINE_NO_ENTITY_RANKING,,,NOT_APPLICABLE_GLOBAL_BASELINE,HF9g-P5,,,,X 全窗基线 · 不参与实体赏罚,14196999,1420,A168_HF9F_20260827_0900,2026-08-27 09:00:00
2026-07-25,110249610,2271,0,16.5694591729,-16.5694591729,-16.5694591729,0E-7,1,1,0.50665070000000000,0.506650700000,-1.013391052207602,-1.013391052207602,-1.013391052207602,0E-17,ELIGIBLE,R03b_20260811_FULL_v1,L1_ELIGIBILITY,v2026-08-11,2026-03-21..2026-08-06,baccarat_bet02_101_all_pairs_incl_sentinel,round_win = game_pnl > 0 (decisive only),COMPATIBILITY_ONLY_NOT_PRODUCTION,296357.1217,267511.9505,6650.6079,18220,18206,-0.02244119,-0.04150452,-0.02020951,-0.02244119,-6650.6079,296357.1217,OK,0.0000,266.0243,4.0000,96.0000,AG03-UNRESOLVED,ALL5_LEVELS_bet23_to_bet27,266.0243,266.0243,266.0243,332.5304,332.5304,4.000000,4.000000,4.000000,5.000000,5.000000,96.000000,96.000000,96.000000,95.000000,95.000000,5.0,1463.1337,1340.2688,5187.4742,5310.3391,PENDING_AG03,FALSE,NOT_FOR_ENFORCEMENT,6384.5836,256811.4724,6650.6079,6384.5836,266.0243,0.02244119,0.02154355,266.0243,6384.5836,0.02154355,266.0243,266.0243,266.0243,332.5304,332.5304,6384.5836,0.02154355,1463.1337,1340.2688,5187.4742,5310.3391,0.01750413,0.01791872,0.00089765,16.2655,14.6936,0.3653,59.3804,1.1678,2646.0457,162.5536,12.4780,16.8648,9.0895,16.5695,22.0926,29.825,33.4482,44.5976,11.8163,0.0,2.018664,2.691552,0.981654,30,240,141,4,0.10479828,0.02244119,0.04150452,0E-8,0.000000,0.902668,0.011910,-0.02129501,2026-03-22,2026-08-05,112,5695,2177,137,0.817518,0.739886,0.767145,0.349328,,,,,,,,GLOBAL_BASELINE_NO_ENTITY_RANKING,,,NOT_APPLICABLE_GLOBAL_BASELINE,HF9g-P5,,,,X 全窗基线 · 不参与实体赏罚,14197000,1420,A168_HF9F_20260827_0900,2026-08-27 09:00:00
2026-07-25,110249610,583,0,70.6963591375,24.6332626369,24.6332626369,0.7500000,4,4,0.49994810000000000,0.499948100000,1.0002076053883384,1.0002076053883384,1.0002076053883384,0E-17,ELIGIBLE,R03b_20260811_FULL_v1,L1_ELIGIBILITY,v2026-08-11,2026-03-21..2026-08-06,baccarat_bet02_101_all_pairs_incl_sentinel,round_win = game_pnl > 0 (decisive only),COMPATIBILITY_ONLY_NOT_PRODUCTION,296357.1217,267511.9505,6650.6079,18220,18206,-0.02244119,-0.04150452,-0.02020951,-0.02244119,-6650.6079,296357.1217,OK,0.0000,266.0243,4.0000,96.0000,AG03-UNRESOLVED,ALL5_LEVELS_bet23_to_bet27,266.0243,266.0243,266.0243,332.5304,332.5304,4.000000,4.000000,4.000000,5.000000,5.000000,96.000000,96.000000,96.000000,95.000000,95.000000,5.0,1463.1337,1340.2688,5187.4742,5310.3391,PENDING_AG03,FALSE,NOT_FOR_ENFORCEMENT,6384.5836,256811.4724,6650.6079,6384.5836,266.0243,0.02244119,0.02154355,266.0243,6384.5836,0.02154355,266.0243,266.0243,266.0243,332.5304,332.5304,6384.5836,0.02154355,1463.1337,1340.2688,5187.4742,5310.3391,0.01750413,0.01791872,0.00089765,16.2655,14.6936,0.3653,59.3804,1.1678,2646.0457,162.5536,12.4780,16.8648,9.0895,16.5695,22.0926,29.825,33.4482,44.5976,11.8163,0.0,2.018664,2.691552,0.981654,30,240,141,4,0.10479828,0.02244119,0.04150452,0E-8,0.000000,0.902668,0.011910,-0.02129501,2026-03-22,2026-08-05,112,5695,2177,137,0.817518,0.739886,0.767145,0.349328,,,,,,,,GLOBAL_BASELINE_NO_ENTITY_RANKING,,,NOT_APPLICABLE_GLOBAL_BASELINE,HF9g-P5,,,,X 全窗基线 · 不参与实体赏罚,14197001,1420,A168_HF9F_20260827_0900,2026-08-27 09:00:00
2026-07-25,110249610,763,0,55.2315305762,11.0463061152,11.0463061152,0.6666667,4,4,0.49324550000000000,0.493245500000,0.6008033672792107,0.6008033672792106,0.6008033672792107,0E-17,ELIGIBLE,R03b_20260811_FULL_v1,L1_ELIGIBILITY,v2026-08-11,2026-03-21..2026-08-06,baccarat_bet02_101_all_pairs_incl_sentinel,round_win = game_pnl > 0 (decisive only),COMPATIBILITY_ONLY_NOT_PRODUCTION,296357.1217,267511.9505,6650.6079,18220,18206,-0.02244119,-0.04150452,-0.02020951,-0.02244119,-6650.6079,296357.1217,OK,0.0000,266.0243,4.0000,96.0000,AG03-UNRESOLVED,ALL5_LEVELS_bet23_to_bet27,266.0243,266.0243,266.0243,332.5304,332.5304,4.000000,4.000000,4.000000,5.000000,5.000000,96.000000,96.000000,96.000000,95.000000,95.000000,5.0,1463.1337,1340.2688,5187.4742,5310.3391,PENDING_AG03,FALSE,NOT_FOR_ENFORCEMENT,6384.5836,256811.4724,6650.6079,6384.5836,266.0243,0.02244119,0.02154355,266.0243,6384.5836,0.02154355,266.0243,266.0243,266.0243,332.5304,332.5304,6384.5836,0.02154355,1463.1337,1340.2688,5187.4742,5310.3391,0.01750413,0.01791872,0.00089765,16.2655,14.6936,0.3653,59.3804,1.1678,2646.0457,162.5536,12.4780,16.8648,9.0895,16.5695,22.0926,29.825,33.4482,44.5976,11.8163,0.0,2.018664,2.691552,0.981654,30,240,141,4,0.10479828,0.02244119,0.04150452,0E-8,0.000000,0.902668,0.011910,-0.02129501,2026-03-22,2026-08-05,112,5695,2177,137,0.817518,0.739886,0.767145,0.349328,,,,,,,,GLOBAL_BASELINE_NO_ENTITY_RANKING,,,NOT_APPLICABLE_GLOBAL_BASELINE,HF9g-P5,,,,X 全窗基线 · 不参与实体赏罚,14197002,1420,A168_HF9F_20260827_0900,2026-08-27 09:00:00
2026-07-25,110249610,801,0,11.0463061152,-11.0463061152,-11.0463061152,0E-7,1,1,0.50665070000000000,0.506650700000,-1.013391052207602,-1.013391052207602,-1.013391052207602,0E-17,ELIGIBLE,R03b_20260811_FULL_v1,L1_ELIGIBILITY,v2026-08-11,2026-03-21..2026-08-06,baccarat_bet02_101_all_pairs_incl_sentinel,round_win = game_pnl > 0 (decisive only),COMPATIBILITY_ONLY_NOT_PRODUCTION,296357.1217,267511.9505,6650.6079,18220,18206,-0.02244119,-0.04150452,-0.02020951,-0.02244119,-6650.6079,296357.1217,OK,0.0000,266.0243,4.0000,96.0000,AG03-UNRESOLVED,ALL5_LEVELS_bet23_to_bet27,266.0243,266.0243,266.0243,332.5304,332.5304,4.000000,4.000000,4.000000,5.000000,5.000000,96.000000,96.000000,96.000000,95.000000,95.000000,5.0,1463.1337,1340.2688,5187.4742,5310.3391,PENDING_AG03,FALSE,NOT_FOR_ENFORCEMENT,6384.5836,256811.4724,6650.6079,6384.5836,266.0243,0.02244119,0.02154355,266.0243,6384.5836,0.02154355,266.0243,266.0243,266.0243,332.5304,332.5304,6384.5836,0.02154355,1463.1337,1340.2688,5187.4742,5310.3391,0.01750413,0.01791872,0.00089765,16.2655,14.6936,0.3653,59.3804,1.1678,2646.0457,162.5536,12.4780,16.8648,9.0895,16.5695,22.0926,29.825,33.4482,44.5976,11.8163,0.0,2.018664,2.691552,0.981654,30,240,141,4,0.10479828,0.02244119,0.04150452,0E-8,0.000000,0.902668,0.011910,-0.02129501,2026-03-22,2026-08-05,112,5695,2177,137,0.817518,0.739886,0.767145,0.349328,,,,,,,,GLOBAL_BASELINE_NO_ENTITY_RANKING,,,NOT_APPLICABLE_GLOBAL_BASELINE,HF9g-P5,,,,X 全窗基线 · 不参与实体赏罚,14197003,1420,A168_HF9F_20260827_0900,2026-08-27 09:00:00
2026-07-26,110249610,-1,1,355.4701307881,-22.7167285260,-22.7167285260,0.4871795,42,42,0.50313981428571429,0.503139814286,-0.19934835222814035,-0.19934835223170963,-0.19934835222814035,-2.8571E-13,SENTINEL_DEALER,R03b_20260811_FULL_v1,L1_ELIGIBILITY,v2026-08-11,2026-03-21..2026-08-06,baccarat_bet02_101_all_pairs_incl_sentinel,round_win = game_pnl > 0 (decisive only),COMPATIBILITY_ONLY_NOT_PRODUCTION,296357.1217,267511.9505,6650.6079,18220,18206,-0.02244119,-0.04150452,-0.02020951,-0.02244119,-6650.6079,296357.1217,OK,0.0000,266.0243,4.0000,96.0000,AG03-UNRESOLVED,ALL5_LEVELS_bet23_to_bet27,266.0243,266.0243,266.0243,332.5304,332.5304,4.000000,4.000000,4.000000,5.000000,5.000000,96.000000,96.000000,96.000000,95.000000,95.000000,5.0,1463.1337,1340.2688,5187.4742,5310.3391,PENDING_AG03,FALSE,NOT_FOR_ENFORCEMENT,6384.5836,256811.4724,6650.6079,6384.5836,266.0243,0.02244119,0.02154355,266.0243,6384.5836,0.02154355,266.0243,266.0243,266.0243,332.5304,332.5304,6384.5836,0.02154355,1463.1337,1340.2688,5187.4742,5310.3391,0.01750413,0.01791872,0.00089765,16.2655,14.6936,0.3653,59.3804,1.1678,2646.0457,162.5536,12.4780,16.8648,9.0895,16.5695,22.0926,29.825,33.4482,44.5976,11.8163,0.0,2.018664,2.691552,0.981654,30,240,141,4,0.10479828,0.02244119,0.04150452,0E-8,0.000000,0.902668,0.011910,-0.02129501,2026-03-22,2026-08-05,112,5695,2177,137,0.817518,0.739886,0.767145,0.349328,,,,,,,,GLOBAL_BASELINE_NO_ENTITY_RANKING,,,NOT_APPLICABLE_GLOBAL_BASELINE,HF9g-P5,,,,X 全窗基线 · 不参与实体赏罚,14197004,1420,A168_HF9F_20260827_0900,2026-08-27 09:00:00
2026-07-26,110249610,1004,0,18.7787203959,-18.7787203959,-18.7787203959,0E-7,2,2,0.49324550000000000,0.493245500000,-1.3952362676504506,-1.3952362676504506,-1.3952362676504506,0E-17,ELIGIBLE,R03b_20260811_FULL_v1,L1_ELIGIBILITY,v2026-08-11,2026-03-21..2026-08-06,baccarat_bet02_101_all_pairs_incl_sentinel,round_win = game_pnl > 0 (decisive only),COMPATIBILITY_ONLY_NOT_PRODUCTION,296357.1217,267511.9505,6650.6079,18220,18206,-0.02244119,-0.04150452,-0.02020951,-0.02244119,-6650.6079,296357.1217,OK,0.0000,266.0243,4.0000,96.0000,AG03-UNRESOLVED,ALL5_LEVELS_bet23_to_bet27,266.0243,266.0243,266.0243,332.5304,332.5304,4.000000,4.000000,4.000000,5.000000,5.000000,96.000000,96.000000,96.000000,95.000000,95.000000,5.0,1463.1337,1340.2688,5187.4742,5310.3391,PENDING_AG03,FALSE,NOT_FOR_ENFORCEMENT,6384.5836,256811.4724,6650.6079,6384.5836,266.0243,0.02244119,0.02154355,266.0243,6384.5836,0.02154355,266.0243,266.0243,266.0243,332.5304,332.5304,6384.5836,0.02154355,1463.1337,1340.2688,5187.4742,5310.3391,0.01750413,0.01791872,0.00089765,16.2655,14.6936,0.3653,59.3804,1.1678,2646.0457,162.5536,12.4780,16.8648,9.0895,16.5695,22.0926,29.825,33.4482,44.5976,11.8163,0.0,2.018664,2.691552,0.981654,30,240,141,4,0.10479828,0.02244119,0.04150452,0E-8,0.000000,0.902668,0.011910,-0.02129501,2026-03-22,2026-08-05,112,5695,2177,137,0.817518,0.739886,0.767145,0.349328,,,,,,,,GLOBAL_BASELINE_NO_ENTITY_RANKING,,,NOT_APPLICABLE_GLOBAL_BASELINE,HF9g-P5,,,,X 全窗基线 · 不参与实体赏罚,14197005,1420,A168_HF9F_20260827_0900,2026-08-27 09:00:00
2026-07-26,110249610,1017,0,5.5231530576,-5.5231530576,-5.5231530576,0E-7,1,1,0.49324550000000000,0.493245500000,-0.9865810262130424,-0.9865810262130424,-0.9865810262130424,0E-17,ELIGIBLE,R03b_20260811_FULL_v1,L1_ELIGIBILITY,v2026-08-11,2026-03-21..2026-08-06,baccarat_bet02_101_all_pairs_incl_sentinel,round_win = game_pnl > 0 (decisive only),COMPATIBILITY_ONLY_NOT_PRODUCTION,296357.1217,267511.9505,6650.6079,18220,18206,-0.02244119,-0.04150452,-0.02020951,-0.02244119,-6650.6079,296357.1217,OK,0.0000,266.0243,4.0000,96.0000,AG03-UNRESOLVED,ALL5_LEVELS_bet23_to_bet27,266.0243,266.0243,266.0243,332.5304,332.5304,4.000000,4.000000,4.000000,5.000000,5.000000,96.000000,96.000000,96.000000,95.000000,95.000000,5.0,1463.1337,1340.2688,5187.4742,5310.3391,PENDING_AG03,FALSE,NOT_FOR_ENFORCEMENT,6384.5836,256811.4724,6650.6079,6384.5836,266.0243,0.02244119,0.02154355,266.0243,6384.5836,0.02154355,266.0243,266.0243,266.0243,332.5304,332.5304,6384.5836,0.02154355,1463.1337,1340.2688,5187.4742,5310.3391,0.01750413,0.01791872,0.00089765,16.2655,14.6936,0.3653,59.3804,1.1678,2646.0457,162.5536,12.4780,16.8648,9.0895,16.5695,22.0926,29.825,33.4482,44.5976,11.8163,0.0,2.018664,2.691552,0.981654,30,240,141,4,0.10479828,0.02244119,0.04150452,0E-8,0.000000,0.902668,0.011910,-0.02129501,2026-03-22,2026-08-05,112,5695,2177,137,0.817518,0.739886,0.767145,0.349328,,,,,,,,GLOBAL_BASELINE_NO_ENTITY_RANKING,,,NOT_APPLICABLE_GLOBAL_BASELINE,HF9g-P5,,,,X 全窗基线 · 不参与实体赏罚,14197006,1420,A168_HF9F_20260827_0900,2026-08-27 09:00:00
2026-07-26,110249610,1304,0,11.0463061152,-11.0463061152,-11.0463061152,0E-7,1,1,0.49324550000000000,0.493245500000,-0.9865810262130424,-0.9865810262130424,-0.9865810262130424,0E-17,ELIGIBLE,R03b_20260811_FULL_v1,L1_ELIGIBILITY,v2026-08-11,2026-03-21..2026-08-06,baccarat_bet02_101_all_pairs_incl_sentinel,round_win = game_pnl > 0 (decisive only),COMPATIBILITY_ONLY_NOT_PRODUCTION,296357.1217,267511.9505,6650.6079,18220,18206,-0.02244119,-0.04150452,-0.02020951,-0.02244119,-6650.6079,296357.1217,OK,0.0000,266.0243,4.0000,96.0000,AG03-UNRESOLVED,ALL5_LEVELS_bet23_to_bet27,266.0243,266.0243,266.0243,332.5304,332.5304,4.000000,4.000000,4.000000,5.000000,5.000000,96.000000,96.000000,96.000000,95.000000,95.000000,5.0,1463.1337,1340.2688,5187.4742,5310.3391,PENDING_AG03,FALSE,NOT_FOR_ENFORCEMENT,6384.5836,256811.4724,6650.6079,6384.5836,266.0243,0.02244119,0.02154355,266.0243,6384.5836,0.02154355,266.0243,266.0243,266.0243,332.5304,332.5304,6384.5836,0.02154355,1463.1337,1340.2688,5187.4742,5310.3391,0.01750413,0.01791872,0.00089765,16.2655,14.6936,0.3653,59.3804,1.1678,2646.0457,162.5536,12.4780,16.8648,9.0895,16.5695,22.0926,29.825,33.4482,44.5976,11.8163,0.0,2.018664,2.691552,0.981654,30,240,141,4,0.10479828,0.02244119,0.04150452,0E-8,0.000000,0.902668,0.011910,-0.02129501,2026-03-22,2026-08-05,112,5695,2177,137,0.817518,0.739886,0.767145,0.349328,,,,,,,,GLOBAL_BASELINE_NO_ENTITY_RANKING,,,NOT_APPLICABLE_GLOBAL_BASELINE,HF9g-P5,,,,X 全窗基线 · 不参与实体赏罚,14197007,1420,A168_HF9F_20260827_0900,2026-08-27 09:00:00
2026-07-26,110249610,1307,0,16.5694591728,5.2469954047,5.2469954047,0.6666667,3,3,0.49771390000000000,0.497713900000,0.5852756695216578,0.5852756695216578,0.5852756695216578,0E-17,ELIGIBLE,R03b_20260811_FULL_v1,L1_ELIGIBILITY,v2026-08-11,2026-03-21..2026-08-06,baccarat_bet02_101_all_pairs_incl_sentinel,round_win = game_pnl > 0 (decisive only),COMPATIBILITY_ONLY_NOT_PRODUCTION,296357.1217,267511.9505,6650.6079,18220,18206,-0.02244119,-0.04150452,-0.02020951,-0.02244119,-6650.6079,296357.1217,OK,0.0000,266.0243,4.0000,96.0000,AG03-UNRESOLVED,ALL5_LEVELS_bet23_to_bet27,266.0243,266.0243,266.0243,332.5304,332.5304,4.000000,4.000000,4.000000,5.000000,5.000000,96.000000,96.000000,96.000000,95.000000,95.000000,5.0,1463.1337,1340.2688,5187.4742,5310.3391,PENDING_AG03,FALSE,NOT_FOR_ENFORCEMENT,6384.5836,256811.4724,6650.6079,6384.5836,266.0243,0.02244119,0.02154355,266.0243,6384.5836,0.02154355,266.0243,266.0243,266.0243,332.5304,332.5304,6384.5836,0.02154355,1463.1337,1340.2688,5187.4742,5310.3391,0.01750413,0.01791872,0.00089765,16.2655,14.6936,0.3653,59.3804,1.1678,2646.0457,162.5536,12.4780,16.8648,9.0895,16.5695,22.0926,29.825,33.4482,44.5976,11.8163,0.0,2.018664,2.691552,0.981654,30,240,141,4,0.10479828,0.02244119,0.04150452,0E-8,0.000000,0.902668,0.011910,-0.02129501,2026-03-22,2026-08-05,112,5695,2177,137,0.817518,0.739886,0.767145,0.349328,,,,,,,,GLOBAL_BASELINE_NO_ENTITY_RANKING,,,NOT_APPLICABLE_GLOBAL_BASELINE,HF9g-P5,,,,X 全窗基线 · 不参与实体赏罚,14197008,1420,A168_HF9F_20260827_0900,2026-08-27 09:00:00
2026-07-26,110249610,1325,0,11.1567691764,-11.1567691764,-11.1567691764,0E-7,1,1,0.49324550000000000,0.493245500000,-0.9865810262130424,-0.9865810262130424,-0.9865810262130424,0E-17,ELIGIBLE,R03b_20260811_FULL_v1,L1_ELIGIBILITY,v2026-08-11,2026-03-21..2026-08-06,baccarat_bet02_101_all_pairs_incl_sentinel,round_win = game_pnl > 0 (decisive only),COMPATIBILITY_ONLY_NOT_PRODUCTION,296357.1217,267511.9505,6650.6079,18220,18206,-0.02244119,-0.04150452,-0.02020951,-0.02244119,-6650.6079,296357.1217,OK,0.0000,266.0243,4.0000,96.0000,AG03-UNRESOLVED,ALL5_LEVELS_bet23_to_bet27,266.0243,266.0243,266.0243,332.5304,332.5304,4.000000,4.000000,4.000000,5.000000,5.000000,96.000000,96.000000,96.000000,95.000000,95.000000,5.0,1463.1337,1340.2688,5187.4742,5310.3391,PENDING_AG03,FALSE,NOT_FOR_ENFORCEMENT,6384.5836,256811.4724,6650.6079,6384.5836,266.0243,0.02244119,0.02154355,266.0243,6384.5836,0.02154355,266.0243,266.0243,266.0243,332.5304,332.5304,6384.5836,0.02154355,1463.1337,1340.2688,5187.4742,5310.3391,0.01750413,0.01791872,0.00089765,16.2655,14.6936,0.3653,59.3804,1.1678,2646.0457,162.5536,12.4780,16.8648,9.0895,16.5695,22.0926,29.825,33.4482,44.5976,11.8163,0.0,2.018664,2.691552,0.981654,30,240,141,4,0.10479828,0.02244119,0.04150452,0E-8,0.000000,0.902668,0.011910,-0.02129501,2026-03-22,2026-08-05,112,5695,2177,137,0.817518,0.739886,0.767145,0.349328,,,,,,,,GLOBAL_BASELINE_NO_ENTITY_RANKING,,,NOT_APPLICABLE_GLOBAL_BASELINE,HF9g-P5,,,,X 全窗基线 · 不参与实体赏罚,14197009,1420,A168_HF9F_20260827_0900,2026-08-27 09:00:00
2026-07-26,110249610,1382,0,5.5231530576,-5.5231530576,-5.5231530576,0E-7,1,1,0.50665070000000000,0.506650700000,-1.013391052207602,-1.013391052207602,-1.013391052207602,0E-17,ELIGIBLE,R03b_20260811_FULL_v1,L1_ELIGIBILITY,v2026-08-11,2026-03-21..2026-08-06,baccarat_bet02_101_all_pairs_incl_sentinel,round_win = game_pnl > 0 (decisive only),COMPATIBILITY_ONLY_NOT_PRODUCTION,296357.1217,267511.9505,6650.6079,18220,18206,-0.02244119,-0.04150452,-0.02020951,-0.02244119,-6650.6079,296357.1217,OK,0.0000,266.0243,4.0000,96.0000,AG03-UNRESOLVED,ALL5_LEVELS_bet23_to_bet27,266.0243,266.0243,266.0243,332.5304,332.5304,4.000000,4.000000,4.000000,5.000000,5.000000,96.000000,96.000000,96.000000,95.000000,95.000000,5.0,1463.1337,1340.2688,5187.4742,5310.3391,PENDING_AG03,FALSE,NOT_FOR_ENFORCEMENT,6384.5836,256811.4724,6650.6079,6384.5836,266.0243,0.02244119,0.02154355,266.0243,6384.5836,0.02154355,266.0243,266.0243,266.0243,332.5304,332.5304,6384.5836,0.02154355,1463.1337,1340.2688,5187.4742,5310.3391,0.01750413,0.01791872,0.00089765,16.2655,14.6936,0.3653,59.3804,1.1678,2646.0457,162.5536,12.4780,16.8648,9.0895,16.5695,22.0926,29.825,33.4482,44.5976,11.8163,0.0,2.018664,2.691552,0.981654,30,240,141,4,0.10479828,0.02244119,0.04150452,0E-8,0.000000,0.902668,0.011910,-0.02129501,2026-03-22,2026-08-05,112,5695,2177,137,0.817518,0.739886,0.767145,0.349328,,,,,,,,GLOBAL_BASELINE_NO_ENTITY_RANKING,,,NOT_APPLICABLE_GLOBAL_BASELINE,HF9g-P5,,,,X 全窗基线 · 不参与实体赏罚,14197010,1420,A168_HF9F_20260827_0900,2026-08-27 09:00:00
2026-07-26,110249610,1385,0,16.5694591728,5.5231530576,5.5231530576,0.6666667,3,3,0.49324550000000000,0.493245500000,0.6008033672792107,0.6008033672792106,0.6008033672792107,0E-17,ELIGIBLE,R03b_20260811_FULL_v1,L1_ELIGIBILITY,v2026-08-11,2026-03-21..2026-08-06,baccarat_bet02_101_all_pairs_incl_sentinel,round_win = game_pnl > 0 (decisive only),COMPATIBILITY_ONLY_NOT_PRODUCTION,296357.1217,267511.9505,6650.6079,18220,18206,-0.02244119,-0.04150452,-0.02020951,-0.02244119,-6650.6079,296357.1217,OK,0.0000,266.0243,4.0000,96.0000,AG03-UNRESOLVED,ALL5_LEVELS_bet23_to_bet27,266.0243,266.0243,266.0243,332.5304,332.5304,4.000000,4.000000,4.000000,5.000000,5.000000,96.000000,96.000000,96.000000,95.000000,95.000000,5.0,1463.1337,1340.2688,5187.4742,5310.3391,PENDING_AG03,FALSE,NOT_FOR_ENFORCEMENT,6384.5836,256811.4724,6650.6079,6384.5836,266.0243,0.02244119,0.02154355,266.0243,6384.5836,0.02154355,266.0243,266.0243,266.0243,332.5304,332.5304,6384.5836,0.02154355,1463.1337,1340.2688,5187.4742,5310.3391,0.01750413,0.01791872,0.00089765,16.2655,14.6936,0.3653,59.3804,1.1678,2646.0457,162.5536,12.4780,16.8648,9.0895,16.5695,22.0926,29.825,33.4482,44.5976,11.8163,0.0,2.018664,2.691552,0.981654,30,240,141,4,0.10479828,0.02244119,0.04150452,0E-8,0.000000,0.902668,0.011910,-0.02129501,2026-03-22,2026-08-05,112,5695,2177,137,0.817518,0.739886,0.767145,0.349328,,,,,,,,GLOBAL_BASELINE_NO_ENTITY_RANKING,,,NOT_APPLICABLE_GLOBAL_BASELINE,HF9g-P5,,,,X 全窗基线 · 不参与实体赏罚,14197011,1420,A168_HF9F_20260827_0900,2026-08-27 09:00:00
2026-07-26,110249610,1405,0,11.0463061152,11.0463061152,11.0463061152,1.0000000,1,1,0.49324550000000000,0.493245500000,1.01360149184955,1.01360149184955,1.01360149184955,0E-17,ELIGIBLE,R03b_20260811_FULL_v1,L1_ELIGIBILITY,v2026-08-11,2026-03-21..2026-08-06,baccarat_bet02_101_all_pairs_incl_sentinel,round_win = game_pnl > 0 (decisive only),COMPATIBILITY_ONLY_NOT_PRODUCTION,296357.1217,267511.9505,6650.6079,18220,18206,-0.02244119,-0.04150452,-0.02020951,-0.02244119,-6650.6079,296357.1217,OK,0.0000,266.0243,4.0000,96.0000,AG03-UNRESOLVED,ALL5_LEVELS_bet23_to_bet27,266.0243,266.0243,266.0243,332.5304,332.5304,4.000000,4.000000,4.000000,5.000000,5.000000,96.000000,96.000000,96.000000,95.000000,95.000000,5.0,1463.1337,1340.2688,5187.4742,5310.3391,PENDING_AG03,FALSE,NOT_FOR_ENFORCEMENT,6384.5836,256811.4724,6650.6079,6384.5836,266.0243,0.02244119,0.02154355,266.0243,6384.5836,0.02154355,266.0243,266.0243,266.0243,332.5304,332.5304,6384.5836,0.02154355,1463.1337,1340.2688,5187.4742,5310.3391,0.01750413,0.01791872,0.00089765,16.2655,14.6936,0.3653,59.3804,1.1678,2646.0457,162.5536,12.4780,16.8648,9.0895,16.5695,22.0926,29.825,33.4482,44.5976,11.8163,0.0,2.018664,2.691552,0.981654,30,240,141,4,0.10479828,0.02244119,0.04150452,0E-8,0.000000,0.902668,0.011910,-0.02129501,2026-03-22,2026-08-05,112,5695,2177,137,0.817518,0.739886,0.767145,0.349328,,,,,,,,GLOBAL_BASELINE_NO_ENTITY_RANKING,,,NOT_APPLICABLE_GLOBAL_BASELINE,HF9g-P5,,,,X 全窗基线 · 不参与实体赏罚,14197012,1420,A168_HF9F_20260827_0900,2026-08-27 09:00:00
2026-07-26,110249610,1491,0,6.6277836691,-2.3197242842,-2.3197242842,0.5000000,2,2,0.50665070000000000,0.506650700000,-0.018812684590367487,-0.018812684590367487,-0.018812684590367487,0E-17,ELIGIBLE,R03b_20260811_FULL_v1,L1_ELIGIBILITY,v2026-08-11,2026-03-21..2026-08-06,baccarat_bet02_101_all_pairs_incl_sentinel,round_win = game_pnl > 0 (decisive only),COMPATIBILITY_ONLY_NOT_PRODUCTION,296357.1217,267511.9505,6650.6079,18220,18206,-0.02244119,-0.04150452,-0.02020951,-0.02244119,-6650.6079,296357.1217,OK,0.0000,266.0243,4.0000,96.0000,AG03-UNRESOLVED,ALL5_LEVELS_bet23_to_bet27,266.0243,266.0243,266.0243,332.5304,332.5304,4.000000,4.000000,4.000000,5.000000,5.000000,96.000000,96.000000,96.000000,95.000000,95.000000,5.0,1463.1337,1340.2688,5187.4742,5310.3391,PENDING_AG03,FALSE,NOT_FOR_ENFORCEMENT,6384.5836,256811.4724,6650.6079,6384.5836,266.0243,0.02244119,0.02154355,266.0243,6384.5836,0.02154355,266.0243,266.0243,266.0243,332.5304,332.5304,6384.5836,0.02154355,1463.1337,1340.2688,5187.4742,5310.3391,0.01750413,0.01791872,0.00089765,16.2655,14.6936,0.3653,59.3804,1.1678,2646.0457,162.5536,12.4780,16.8648,9.0895,16.5695,22.0926,29.825,33.4482,44.5976,11.8163,0.0,2.018664,2.691552,0.981654,30,240,141,4,0.10479828,0.02244119,0.04150452,0E-8,0.000000,0.902668,0.011910,-0.02129501,2026-03-22,2026-08-05,112,5695,2177,137,0.817518,0.739886,0.767145,0.349328,,,,,,,,GLOBAL_BASELINE_NO_ENTITY_RANKING,,,NOT_APPLICABLE_GLOBAL_BASELINE,HF9g-P5,,,,X 全窗基线 · 不参与实体赏罚,14197013,1420,A168_HF9F_20260827_0900,2026-08-27 09:00:00
2026-07-26,110249610,1509,0,31.3715093673,-3.0929657123,-3.0929657123,0.5000000,2,2,0.49324550000000000,0.493245500000,0.01910635448239258,0.01910635448239258,0.01910635448239258,0E-17,ELIGIBLE,R03b_20260811_FULL_v1,L1_ELIGIBILITY,v2026-08-11,2026-03-21..2026-08-06,baccarat_bet02_101_all_pairs_incl_sentinel,round_win = game_pnl > 0 (decisive only),COMPATIBILITY_ONLY_NOT_PRODUCTION,296357.1217,267511.9505,6650.6079,18220,18206,-0.02244119,-0.04150452,-0.02020951,-0.02244119,-6650.6079,296357.1217,OK,0.0000,266.0243,4.0000,96.0000,AG03-UNRESOLVED,ALL5_LEVELS_bet23_to_bet27,266.0243,266.0243,266.0243,332.5304,332.5304,4.000000,4.000000,4.000000,5.000000,5.000000,96.000000,96.000000,96.000000,95.000000,95.000000,5.0,1463.1337,1340.2688,5187.4742,5310.3391,PENDING_AG03,FALSE,NOT_FOR_ENFORCEMENT,6384.5836,256811.4724,6650.6079,6384.5836,266.0243,0.02244119,0.02154355,266.0243,6384.5836,0.02154355,266.0243,266.0243,266.0243,332.5304,332.5304,6384.5836,0.02154355,1463.1337,1340.2688,5187.4742,5310.3391,0.01750413,0.01791872,0.00089765,16.2655,14.6936,0.3653,59.3804,1.1678,2646.0457,162.5536,12.4780,16.8648,9.0895,16.5695,22.0926,29.825,33.4482,44.5976,11.8163,0.0,2.018664,2.691552,0.981654,30,240,141,4,0.10479828,0.02244119,0.04150452,0E-8,0.000000,0.902668,0.011910,-0.02129501,2026-03-22,2026-08-05,112,5695,2177,137,0.817518,0.739886,0.767145,0.349328,,,,,,,,GLOBAL_BASELINE_NO_ENTITY_RANKING,,,NOT_APPLICABLE_GLOBAL_BASELINE,HF9g-P5,,,,X 全窗基线 · 不参与实体赏罚,14197014,1420,A168_HF9F_20260827_0900,2026-08-27 09:00:00
2026-07-26,110249610,1704,0,11.0463061152,-11.0463061152,-11.0463061152,0E-7,1,1,0.49324550000000000,0.493245500000,-0.9865810262130424,-0.9865810262130424,-0.9865810262130424,0E-17,ELIGIBLE,R03b_20260811_FULL_v1,L1_ELIGIBILITY,v2026-08-11,2026-03-21..2026-08-06,baccarat_bet02_101_all_pairs_incl_sentinel,round_win = game_pnl > 0 (decisive only),COMPATIBILITY_ONLY_NOT_PRODUCTION,296357.1217,267511.9505,6650.6079,18220,18206,-0.02244119,-0.04150452,-0.02020951,-0.02244119,-6650.6079,296357.1217,OK,0.0000,266.0243,4.0000,96.0000,AG03-UNRESOLVED,ALL5_LEVELS_bet23_to_bet27,266.0243,266.0243,266.0243,332.5304,332.5304,4.000000,4.000000,4.000000,5.000000,5.000000,96.000000,96.000000,96.000000,95.000000,95.000000,5.0,1463.1337,1340.2688,5187.4742,5310.3391,PENDING_AG03,FALSE,NOT_FOR_ENFORCEMENT,6384.5836,256811.4724,6650.6079,6384.5836,266.0243,0.02244119,0.02154355,266.0243,6384.5836,0.02154355,266.0243,266.0243,266.0243,332.5304,332.5304,6384.5836,0.02154355,1463.1337,1340.2688,5187.4742,5310.3391,0.01750413,0.01791872,0.00089765,16.2655,14.6936,0.3653,59.3804,1.1678,2646.0457,162.5536,12.4780,16.8648,9.0895,16.5695,22.0926,29.825,33.4482,44.5976,11.8163,0.0,2.018664,2.691552,0.981654,30,240,141,4,0.10479828,0.02244119,0.04150452,0E-8,0.000000,0.902668,0.011910,-0.02129501,2026-03-22,2026-08-05,112,5695,2177,137,0.817518,0.739886,0.767145,0.349328,,,,,,,,GLOBAL_BASELINE_NO_ENTITY_RANKING,,,NOT_APPLICABLE_GLOBAL_BASELINE,HF9g-P5,,,,X 全窗基线 · 不参与实体赏罚,14197015,1420,A168_HF9F_20260827_0900,2026-08-27 09:00:00
2026-07-26,110249610,1935,0,41.7550371156,4.4737539767,4.4737539767,0.6000000,6,6,0.50441650000000000,0.504416500000,0.42747908374280613,0.42747908374280613,0.42747908374280613,0E-17,ELIGIBLE,R03b_20260811_FULL_v1,L1_ELIGIBILITY,v2026-08-11,2026-03-21..2026-08-06,baccarat_bet02_101_all_pairs_incl_sentinel,round_win = game_pnl > 0 (decisive only),COMPATIBILITY_ONLY_NOT_PRODUCTION,296357.1217,267511.9505,6650.6079,18220,18206,-0.02244119,-0.04150452,-0.02020951,-0.02244119,-6650.6079,296357.1217,OK,0.0000,266.0243,4.0000,96.0000,AG03-UNRESOLVED,ALL5_LEVELS_bet23_to_bet27,266.0243,266.0243,266.0243,332.5304,332.5304,4.000000,4.000000,4.000000,5.000000,5.000000,96.000000,96.000000,96.000000,95.000000,95.000000,5.0,1463.1337,1340.2688,5187.4742,5310.3391,PENDING_AG03,FALSE,NOT_FOR_ENFORCEMENT,6384.5836,256811.4724,6650.6079,6384.5836,266.0243,0.02244119,0.02154355,266.0243,6384.5836,0.02154355,266.0243,266.0243,266.0243,332.5304,332.5304,6384.5836,0.02154355,1463.1337,1340.2688,5187.4742,5310.3391,0.01750413,0.01791872,0.00089765,16.2655,14.6936,0.3653,59.3804,1.1678,2646.0457,162.5536,12.4780,16.8648,9.0895,16.5695,22.0926,29.825,33.4482,44.5976,11.8163,0.0,2.018664,2.691552,0.981654,30,240,141,4,0.10479828,0.02244119,0.04150452,0E-8,0.000000,0.902668,0.011910,-0.02129501,2026-03-22,2026-08-05,112,5695,2177,137,0.817518,0.739886,0.767145,0.349328,,,,,,,,GLOBAL_BASELINE_NO_ENTITY_RANKING,,,NOT_APPLICABLE_GLOBAL_BASELINE,HF9g-P5,,,,X 全窗基线 · 不参与实体赏罚,14197016,1420,A168_HF9F_20260827_0900,2026-08-27 09:00:00
2026-07-26,110249610,1957,0,17.1217744786,4.4185224460,4.4185224460,0.6666667,3,3,0.50665070000000000,0.506650700000,0.5543606114942035,0.5543606114942035,0.5543606114942035,0E-17,ELIGIBLE,R03b_20260811_FULL_v1,L1_ELIGIBILITY,v2026-08-11,2026-03-21..2026-08-06,baccarat_bet02_101_all_pairs_incl_sentinel,round_win = game_pnl > 0 (decisive only),COMPATIBILITY_ONLY_NOT_PRODUCTION,296357.1217,267511.9505,6650.6079,18220,18206,-0.02244119,-0.04150452,-0.02020951,-0.02244119,-6650.6079,296357.1217,OK,0.0000,266.0243,4.0000,96.0000,AG03-UNRESOLVED,ALL5_LEVELS_bet23_to_bet27,266.0243,266.0243,266.0243,332.5304,332.5304,4.000000,4.000000,4.000000,5.000000,5.000000,96.000000,96.000000,96.000000,95.000000,95.000000,5.0,1463.1337,1340.2688,5187.4742,5310.3391,PENDING_AG03,FALSE,NOT_FOR_ENFORCEMENT,6384.5836,256811.4724,6650.6079,6384.5836,266.0243,0.02244119,0.02154355,266.0243,6384.5836,0.02154355,266.0243,266.0243,266.0243,332.5304,332.5304,6384.5836,0.02154355,1463.1337,1340.2688,5187.4742,5310.3391,0.01750413,0.01791872,0.00089765,16.2655,14.6936,0.3653,59.3804,1.1678,2646.0457,162.5536,12.4780,16.8648,9.0895,16.5695,22.0926,29.825,33.4482,44.5976,11.8163,0.0,2.018664,2.691552,0.981654,30,240,141,4,0.10479828,0.02244119,0.04150452,0E-8,0.000000,0.902668,0.011910,-0.02129501,2026-03-22,2026-08-05,112,5695,2177,137,0.817518,0.739886,0.767145,0.349328,,,,,,,,GLOBAL_BASELINE_NO_ENTITY_RANKING,,,NOT_APPLICABLE_GLOBAL_BASELINE,HF9g-P5,,,,X 全窗基线 · 不参与实体赏罚,14197017,1420,A168_HF9F_20260827_0900,2026-08-27 09:00:00
2026-07-26,110249610,1994,0,8.2847295864,-8.2847295864,-8.2847295864,0E-7,1,1,0.50665070000000000,0.506650700000,-1.013391052207602,-1.013391052207602,-1.013391052207602,0E-17,ELIGIBLE,R03b_20260811_FULL_v1,L1_ELIGIBILITY,v2026-08-11,2026-03-21..2026-08-06,baccarat_bet02_101_all_pairs_incl_sentinel,round_win = game_pnl > 0 (decisive only),COMPATIBILITY_ONLY_NOT_PRODUCTION,296357.1217,267511.9505,6650.6079,18220,18206,-0.02244119,-0.04150452,-0.02020951,-0.02244119,-6650.6079,296357.1217,OK,0.0000,266.0243,4.0000,96.0000,AG03-UNRESOLVED,ALL5_LEVELS_bet23_to_bet27,266.0243,266.0243,266.0243,332.5304,332.5304,4.000000,4.000000,4.000000,5.000000,5.000000,96.000000,96.000000,96.000000,95.000000,95.000000,5.0,1463.1337,1340.2688,5187.4742,5310.3391,PENDING_AG03,FALSE,NOT_FOR_ENFORCEMENT,6384.5836,256811.4724,6650.6079,6384.5836,266.0243,0.02244119,0.02154355,266.0243,6384.5836,0.02154355,266.0243,266.0243,266.0243,332.5304,332.5304,6384.5836,0.02154355,1463.1337,1340.2688,5187.4742,5310.3391,0.01750413,0.01791872,0.00089765,16.2655,14.6936,0.3653,59.3804,1.1678,2646.0457,162.5536,12.4780,16.8648,9.0895,16.5695,22.0926,29.825,33.4482,44.5976,11.8163,0.0,2.018664,2.691552,0.981654,30,240,141,4,0.10479828,0.02244119,0.04150452,0E-8,0.000000,0.902668,0.011910,-0.02129501,2026-03-22,2026-08-05,112,5695,2177,137,0.817518,0.739886,0.767145,0.349328,,,,,,,,GLOBAL_BASELINE_NO_ENTITY_RANKING,,,NOT_APPLICABLE_GLOBAL_BASELINE,HF9g-P5,,,,X 全窗基线 · 不参与实体赏罚,14197018,1420,A168_HF9F_20260827_0900,2026-08-27 09:00:00
2026-07-26,110249610,2101,0,7.0696359138,7.0696359138,7.0696359138,1.0000000,1,1,0.49324550000000000,0.493245500000,1.01360149184955,1.01360149184955,1.01360149184955,0E-17,ELIGIBLE,R03b_20260811_FULL_v1,L1_ELIGIBILITY,v2026-08-11,2026-03-21..2026-08-06,baccarat_bet02_101_all_pairs_incl_sentinel,round_win = game_pnl > 0 (decisive only),COMPATIBILITY_ONLY_NOT_PRODUCTION,296357.1217,267511.9505,6650.6079,18220,18206,-0.02244119,-0.04150452,-0.02020951,-0.02244119,-6650.6079,296357.1217,OK,0.0000,266.0243,4.0000,96.0000,AG03-UNRESOLVED,ALL5_LEVELS_bet23_to_bet27,266.0243,266.0243,266.0243,332.5304,332.5304,4.000000,4.000000,4.000000,5.000000,5.000000,96.000000,96.000000,96.000000,95.000000,95.000000,5.0,1463.1337,1340.2688,5187.4742,5310.3391,PENDING_AG03,FALSE,NOT_FOR_ENFORCEMENT,6384.5836,256811.4724,6650.6079,6384.5836,266.0243,0.02244119,0.02154355,266.0243,6384.5836,0.02154355,266.0243,266.0243,266.0243,332.5304,332.5304,6384.5836,0.02154355,1463.1337,1340.2688,5187.4742,5310.3391,0.01750413,0.01791872,0.00089765,16.2655,14.6936,0.3653,59.3804,1.1678,2646.0457,162.5536,12.4780,16.8648,9.0895,16.5695,22.0926,29.825,33.4482,44.5976,11.8163,0.0,2.018664,2.691552,0.981654,30,240,141,4,0.10479828,0.02244119,0.04150452,0E-8,0.000000,0.902668,0.011910,-0.02129501,2026-03-22,2026-08-05,112,5695,2177,137,0.817518,0.739886,0.767145,0.349328,,,,,,,,GLOBAL_BASELINE_NO_ENTITY_RANKING,,,NOT_APPLICABLE_GLOBAL_BASELINE,HF9g-P5,,,,X 全窗基线 · 不参与实体赏罚,14197019,1420,A168_HF9F_20260827_0900,2026-08-27 09:00:00
2026-07-26,110249610,2106,0,62.5220926123,14.1116560621,14.1116560621,0.6250000,8,8,0.49827245000000000,0.498272450000,0.7168835587341966,0.7168835587341966,0.7168835587341966,0E-17,ELIGIBLE,R03b_20260811_FULL_v1,L1_ELIGIBILITY,v2026-08-11,2026-03-21..2026-08-06,baccarat_bet02_101_all_pairs_incl_sentinel,round_win = game_pnl > 0 (decisive only),COMPATIBILITY_ONLY_NOT_PRODUCTION,296357.1217,267511.9505,6650.6079,18220,18206,-0.02244119,-0.04150452,-0.02020951,-0.02244119,-6650.6079,296357.1217,OK,0.0000,266.0243,4.0000,96.0000,AG03-UNRESOLVED,ALL5_LEVELS_bet23_to_bet27,266.0243,266.0243,266.0243,332.5304,332.5304,4.000000,4.000000,4.000000,5.000000,5.000000,96.000000,96.000000,96.000000,95.000000,95.000000,5.0,1463.1337,1340.2688,5187.4742,5310.3391,PENDING_AG03,FALSE,NOT_FOR_ENFORCEMENT,6384.5836,256811.4724,6650.6079,6384.5836,266.0243,0.02244119,0.02154355,266.0243,6384.5836,0.02154355,266.0243,266.0243,266.0243,332.5304,332.5304,6384.5836,0.02154355,1463.1337,1340.2688,5187.4742,5310.3391,0.01750413,0.01791872,0.00089765,16.2655,14.6936,0.3653,59.3804,1.1678,2646.0457,162.5536,12.4780,16.8648,9.0895,16.5695,22.0926,29.825,33.4482,44.5976,11.8163,0.0,2.018664,2.691552,0.981654,30,240,141,4,0.10479828,0.02244119,0.04150452,0E-8,0.000000,0.902668,0.011910,-0.02129501,2026-03-22,2026-08-05,112,5695,2177,137,0.817518,0.739886,0.767145,0.349328,,,,,,,,GLOBAL_BASELINE_NO_ENTITY_RANKING,,,NOT_APPLICABLE_GLOBAL_BASELINE,HF9g-P5,,,,X 全窗基线 · 不参与实体赏罚,14197020,1420,A168_HF9F_20260827_0900,2026-08-27 09:00:00
2026-07-26,110249610,2121,0,32.6970661010,-0.3866207140,-0.3866207140,0.5000000,4,4,0.50329940000000000,0.503299400000,-0.01319788734859681,-0.01319788734859681,-0.01319788734859681,0E-17,ELIGIBLE,R03b_20260811_FULL_v1,L1_ELIGIBILITY,v2026-08-11,2026-03-21..2026-08-06,baccarat_bet02_101_all_pairs_incl_sentinel,round_win = game_pnl > 0 (decisive only),COMPATIBILITY_ONLY_NOT_PRODUCTION,296357.1217,267511.9505,6650.6079,18220,18206,-0.02244119,-0.04150452,-0.02020951,-0.02244119,-6650.6079,296357.1217,OK,0.0000,266.0243,4.0000,96.0000,AG03-UNRESOLVED,ALL5_LEVELS_bet23_to_bet27,266.0243,266.0243,266.0243,332.5304,332.5304,4.000000,4.000000,4.000000,5.000000,5.000000,96.000000,96.000000,96.000000,95.000000,95.000000,5.0,1463.1337,1340.2688,5187.4742,5310.3391,PENDING_AG03,FALSE,NOT_FOR_ENFORCEMENT,6384.5836,256811.4724,6650.6079,6384.5836,266.0243,0.02244119,0.02154355,266.0243,6384.5836,0.02154355,266.0243,266.0243,266.0243,332.5304,332.5304,6384.5836,0.02154355,1463.1337,1340.2688,5187.4742,5310.3391,0.01750413,0.01791872,0.00089765,16.2655,14.6936,0.3653,59.3804,1.1678,2646.0457,162.5536,12.4780,16.8648,9.0895,16.5695,22.0926,29.825,33.4482,44.5976,11.8163,0.0,2.018664,2.691552,0.981654,30,240,141,4,0.10479828,0.02244119,0.04150452,0E-8,0.000000,0.902668,0.011910,-0.02129501,2026-03-22,2026-08-05,112,5695,2177,137,0.817518,0.739886,0.767145,0.349328,,,,,,,,GLOBAL_BASELINE_NO_ENTITY_RANKING,,,NOT_APPLICABLE_GLOBAL_BASELINE,HF9g-P5,,,,X 全窗基线 · 不参与实体赏罚,14197021,1420,A168_HF9F_20260827_0900,2026-08-27 09:00:00
2026-07-26,110249610,2127,0,5.5231530576,-5.5231530576,-5.5231530576,0E-7,1,1,0.49324550000000000,0.493245500000,-0.9865810262130424,-0.9865810262130424,-0.9865810262130424,0E-17,ELIGIBLE,R03b_20260811_FULL_v1,L1_ELIGIBILITY,v2026-08-11,2026-03-21..2026-08-06,baccarat_bet02_101_all_pairs_incl_sentinel,round_win = game_pnl > 0 (decisive only),COMPATIBILITY_ONLY_NOT_PRODUCTION,296357.1217,267511.9505,6650.6079,18220,18206,-0.02244119,-0.04150452,-0.02020951,-0.02244119,-6650.6079,296357.1217,OK,0.0000,266.0243,4.0000,96.0000,AG03-UNRESOLVED,ALL5_LEVELS_bet23_to_bet27,266.0243,266.0243,266.0243,332.5304,332.5304,4.000000,4.000000,4.000000,5.000000,5.000000,96.000000,96.000000,96.000000,95.000000,95.000000,5.0,1463.1337,1340.2688,5187.4742,5310.3391,PENDING_AG03,FALSE,NOT_FOR_ENFORCEMENT,6384.5836,256811.4724,6650.6079,6384.5836,266.0243,0.02244119,0.02154355,266.0243,6384.5836,0.02154355,266.0243,266.0243,266.0243,332.5304,332.5304,6384.5836,0.02154355,1463.1337,1340.2688,5187.4742,5310.3391,0.01750413,0.01791872,0.00089765,16.2655,14.6936,0.3653,59.3804,1.1678,2646.0457,162.5536,12.4780,16.8648,9.0895,16.5695,22.0926,29.825,33.4482,44.5976,11.8163,0.0,2.018664,2.691552,0.981654,30,240,141,4,0.10479828,0.02244119,0.04150452,0E-8,0.000000,0.902668,0.011910,-0.02129501,2026-03-22,2026-08-05,112,5695,2177,137,0.817518,0.739886,0.767145,0.349328,,,,,,,,GLOBAL_BASELINE_NO_ENTITY_RANKING,,,NOT_APPLICABLE_GLOBAL_BASELINE,HF9g-P5,,,,X 全窗基线 · 不参与实体赏罚,14197022,1420,A168_HF9F_20260827_0900,2026-08-27 09:00:00
2026-07-26,110249610,2134,0,5.5231530576,-5.5231530576,-5.5231530576,0E-7,1,1,0.50665070000000000,0.506650700000,-1.013391052207602,-1.013391052207602,-1.013391052207602,0E-17,ELIGIBLE,R03b_20260811_FULL_v1,L1_ELIGIBILITY,v2026-08-11,2026-03-21..2026-08-06,baccarat_bet02_101_all_pairs_incl_sentinel,round_win = game_pnl > 0 (decisive only),COMPATIBILITY_ONLY_NOT_PRODUCTION,296357.1217,267511.9505,6650.6079,18220,18206,-0.02244119,-0.04150452,-0.02020951,-0.02244119,-6650.6079,296357.1217,OK,0.0000,266.0243,4.0000,96.0000,AG03-UNRESOLVED,ALL5_LEVELS_bet23_to_bet27,266.0243,266.0243,266.0243,332.5304,332.5304,4.000000,4.000000,4.000000,5.000000,5.000000,96.000000,96.000000,96.000000,95.000000,95.000000,5.0,1463.1337,1340.2688,5187.4742,5310.3391,PENDING_AG03,FALSE,NOT_FOR_ENFORCEMENT,6384.5836,256811.4724,6650.6079,6384.5836,266.0243,0.02244119,0.02154355,266.0243,6384.5836,0.02154355,266.0243,266.0243,266.0243,332.5304,332.5304,6384.5836,0.02154355,1463.1337,1340.2688,5187.4742,5310.3391,0.01750413,0.01791872,0.00089765,16.2655,14.6936,0.3653,59.3804,1.1678,2646.0457,162.5536,12.4780,16.8648,9.0895,16.5695,22.0926,29.825,33.4482,44.5976,11.8163,0.0,2.018664,2.691552,0.981654,30,240,141,4,0.10479828,0.02244119,0.04150452,0E-8,0.000000,0.902668,0.011910,-0.02129501,2026-03-22,2026-08-05,112,5695,2177,137,0.817518,0.739886,0.767145,0.349328,,,,,,,,GLOBAL_BASELINE_NO_ENTITY_RANKING,,,NOT_APPLICABLE_GLOBAL_BASELINE,HF9g-P5,,,,X 全窗基线 · 不参与实体赏罚,14197023,1420,A168_HF9F_20260827_0900,2026-08-27 09:00:00
2026-07-26,110249610,2145,0,17.6740897843,-17.6740897843,-17.6740897843,0E-7,2,2,0.50665070000000000,0.506650700000,-1.4331513700195317,-1.4331513700195317,-1.4331513700195317,0E-17,ELIGIBLE,R03b_20260811_FULL_v1,L1_ELIGIBILITY,v2026-08-11,2026-03-21..2026-08-06,baccarat_bet02_101_all_pairs_incl_sentinel,round_win = game_pnl > 0 (decisive only),COMPATIBILITY_ONLY_NOT_PRODUCTION,296357.1217,267511.9505,6650.6079,18220,18206,-0.02244119,-0.04150452,-0.02020951,-0.02244119,-6650.6079,296357.1217,OK,0.0000,266.0243,4.0000,96.0000,AG03-UNRESOLVED,ALL5_LEVELS_bet23_to_bet27,266.0243,266.0243,266.0243,332.5304,332.5304,4.000000,4.000000,4.000000,5.000000,5.000000,96.000000,96.000000,96.000000,95.000000,95.000000,5.0,1463.1337,1340.2688,5187.4742,5310.3391,PENDING_AG03,FALSE,NOT_FOR_ENFORCEMENT,6384.5836,256811.4724,6650.6079,6384.5836,266.0243,0.02244119,0.02154355,266.0243,6384.5836,0.02154355,266.0243,266.0243,266.0243,332.5304,332.5304,6384.5836,0.02154355,1463.1337,1340.2688,5187.4742,5310.3391,0.01750413,0.01791872,0.00089765,16.2655,14.6936,0.3653,59.3804,1.1678,2646.0457,162.5536,12.4780,16.8648,9.0895,16.5695,22.0926,29.825,33.4482,44.5976,11.8163,0.0,2.018664,2.691552,0.981654,30,240,141,4,0.10479828,0.02244119,0.04150452,0E-8,0.000000,0.902668,0.011910,-0.02129501,2026-03-22,2026-08-05,112,5695,2177,137,0.817518,0.739886,0.767145,0.349328,,,,,,,,GLOBAL_BASELINE_NO_ENTITY_RANKING,,,NOT_APPLICABLE_GLOBAL_BASELINE,HF9g-P5,,,,X 全窗基线 · 不参与实体赏罚,14197024,1420,A168_HF9F_20260827_0900,2026-08-27 09:00:00
2026-07-26,110249610,2171,0,5.5231530576,-5.5231530576,-5.5231530576,0E-7,1,1,0.49324550000000000,0.493245500000,-0.9865810262130424,-0.9865810262130424,-0.9865810262130424,0E-17,ELIGIBLE,R03b_20260811_FULL_v1,L1_ELIGIBILITY,v2026-08-11,2026-03-21..2026-08-06,baccarat_bet02_101_all_pairs_incl_sentinel,round_win = game_pnl > 0 (decisive only),COMPATIBILITY_ONLY_NOT_PRODUCTION,296357.1217,267511.9505,6650.6079,18220,18206,-0.02244119,-0.04150452,-0.02020951,-0.02244119,-6650.6079,296357.1217,OK,0.0000,266.0243,4.0000,96.0000,AG03-UNRESOLVED,ALL5_LEVELS_bet23_to_bet27,266.0243,266.0243,266.0243,332.5304,332.5304,4.000000,4.000000,4.000000,5.000000,5.000000,96.000000,96.000000,96.000000,95.000000,95.000000,5.0,1463.1337,1340.2688,5187.4742,5310.3391,PENDING_AG03,FALSE,NOT_FOR_ENFORCEMENT,6384.5836,256811.4724,6650.6079,6384.5836,266.0243,0.02244119,0.02154355,266.0243,6384.5836,0.02154355,266.0243,266.0243,266.0243,332.5304,332.5304,6384.5836,0.02154355,1463.1337,1340.2688,5187.4742,5310.3391,0.01750413,0.01791872,0.00089765,16.2655,14.6936,0.3653,59.3804,1.1678,2646.0457,162.5536,12.4780,16.8648,9.0895,16.5695,22.0926,29.825,33.4482,44.5976,11.8163,0.0,2.018664,2.691552,0.981654,30,240,141,4,0.10479828,0.02244119,0.04150452,0E-8,0.000000,0.902668,0.011910,-0.02129501,2026-03-22,2026-08-05,112,5695,2177,137,0.817518,0.739886,0.767145,0.349328,,,,,,,,GLOBAL_BASELINE_NO_ENTITY_RANKING,,,NOT_APPLICABLE_GLOBAL_BASELINE,HF9g-P5,,,,X 全窗基线 · 不参与实体赏罚,14197025,1420,A168_HF9F_20260827_0900,2026-08-27 09:00:00
2026-07-26,110249610,2188,0,16.5694591728,-5.5231530576,-5.5231530576,0.5000000,2,2,0.49324550000000000,0.493245500000,0.01910635448239258,0.01910635448239258,0.01910635448239258,0E-17,ELIGIBLE,R03b_20260811_FULL_v1,L1_ELIGIBILITY,v2026-08-11,2026-03-21..2026-08-06,baccarat_bet02_101_all_pairs_incl_sentinel,round_win = game_pnl > 0 (decisive only),COMPATIBILITY_ONLY_NOT_PRODUCTION,296357.1217,267511.9505,6650.6079,18220,18206,-0.02244119,-0.04150452,-0.02020951,-0.02244119,-6650.6079,296357.1217,OK,0.0000,266.0243,4.0000,96.0000,AG03-UNRESOLVED,ALL5_LEVELS_bet23_to_bet27,266.0243,266.0243,266.0243,332.5304,332.5304,4.000000,4.000000,4.000000,5.000000,5.000000,96.000000,96.000000,96.000000,95.000000,95.000000,5.0,1463.1337,1340.2688,5187.4742,5310.3391,PENDING_AG03,FALSE,NOT_FOR_ENFORCEMENT,6384.5836,256811.4724,6650.6079,6384.5836,266.0243,0.02244119,0.02154355,266.0243,6384.5836,0.02154355,266.0243,266.0243,266.0243,332.5304,332.5304,6384.5836,0.02154355,1463.1337,1340.2688,5187.4742,5310.3391,0.01750413,0.01791872,0.00089765,16.2655,14.6936,0.3653,59.3804,1.1678,2646.0457,162.5536,12.4780,16.8648,9.0895,16.5695,22.0926,29.825,33.4482,44.5976,11.8163,0.0,2.018664,2.691552,0.981654,30,240,141,4,0.10479828,0.02244119,0.04150452,0E-8,0.000000,0.902668,0.011910,-0.02129501,2026-03-22,2026-08-05,112,5695,2177,137,0.817518,0.739886,0.767145,0.349328,,,,,,,,GLOBAL_BASELINE_NO_ENTITY_RANKING,,,NOT_APPLICABLE_GLOBAL_BASELINE,HF9g-P5,,,,X 全窗基线 · 不参与实体赏罚,14197026,1420,A168_HF9F_20260827_0900,2026-08-27 09:00:00
2026-07-26,110249610,2196,0,12.7032520325,-12.7032520325,-12.7032520325,0E-7,1,1,0.50665070000000000,0.506650700000,-1.013391052207602,-1.013391052207602,-1.013391052207602,0E-17,ELIGIBLE,R03b_20260811_FULL_v1,L1_ELIGIBILITY,v2026-08-11,2026-03-21..2026-08-06,baccarat_bet02_101_all_pairs_incl_sentinel,round_win = game_pnl > 0 (decisive only),COMPATIBILITY_ONLY_NOT_PRODUCTION,296357.1217,267511.9505,6650.6079,18220,18206,-0.02244119,-0.04150452,-0.02020951,-0.02244119,-6650.6079,296357.1217,OK,0.0000,266.0243,4.0000,96.0000,AG03-UNRESOLVED,ALL5_LEVELS_bet23_to_bet27,266.0243,266.0243,266.0243,332.5304,332.5304,4.000000,4.000000,4.000000,5.000000,5.000000,96.000000,96.000000,96.000000,95.000000,95.000000,5.0,1463.1337,1340.2688,5187.4742,5310.3391,PENDING_AG03,FALSE,NOT_FOR_ENFORCEMENT,6384.5836,256811.4724,6650.6079,6384.5836,266.0243,0.02244119,0.02154355,266.0243,6384.5836,0.02154355,266.0243,266.0243,266.0243,332.5304,332.5304,6384.5836,0.02154355,1463.1337,1340.2688,5187.4742,5310.3391,0.01750413,0.01791872,0.00089765,16.2655,14.6936,0.3653,59.3804,1.1678,2646.0457,162.5536,12.4780,16.8648,9.0895,16.5695,22.0926,29.825,33.4482,44.5976,11.8163,0.0,2.018664,2.691552,0.981654,30,240,141,4,0.10479828,0.02244119,0.04150452,0E-8,0.000000,0.902668,0.011910,-0.02129501,2026-03-22,2026-08-05,112,5695,2177,137,0.817518,0.739886,0.767145,0.349328,,,,,,,,GLOBAL_BASELINE_NO_ENTITY_RANKING,,,NOT_APPLICABLE_GLOBAL_BASELINE,HF9g-P5,,,,X 全窗基线 · 不参与实体赏罚,14197027,1420,A168_HF9F_20260827_0900,2026-08-27 09:00:00
2026-07-26,110249610,2216,0,17.0113114174,1.2979409685,1.2979409685,0.6666667,3,3,0.50665070000000000,0.506650700000,0.5543606114942035,0.5543606114942035,0.5543606114942035,0E-17,ELIGIBLE,R03b_20260811_FULL_v1,L1_ELIGIBILITY,v2026-08-11,2026-03-21..2026-08-06,baccarat_bet02_101_all_pairs_incl_sentinel,round_win = game_pnl > 0 (decisive only),COMPATIBILITY_ONLY_NOT_PRODUCTION,296357.1217,267511.9505,6650.6079,18220,18206,-0.02244119,-0.04150452,-0.02020951,-0.02244119,-6650.6079,296357.1217,OK,0.0000,266.0243,4.0000,96.0000,AG03-UNRESOLVED,ALL5_LEVELS_bet23_to_bet27,266.0243,266.0243,266.0243,332.5304,332.5304,4.000000,4.000000,4.000000,5.000000,5.000000,96.000000,96.000000,96.000000,95.000000,95.000000,5.0,1463.1337,1340.2688,5187.4742,5310.3391,PENDING_AG03,FALSE,NOT_FOR_ENFORCEMENT,6384.5836,256811.4724,6650.6079,6384.5836,266.0243,0.02244119,0.02154355,266.0243,6384.5836,0.02154355,266.0243,266.0243,266.0243,332.5304,332.5304,6384.5836,0.02154355,1463.1337,1340.2688,5187.4742,5310.3391,0.01750413,0.01791872,0.00089765,16.2655,14.6936,0.3653,59.3804,1.1678,2646.0457,162.5536,12.4780,16.8648,9.0895,16.5695,22.0926,29.825,33.4482,44.5976,11.8163,0.0,2.018664,2.691552,0.981654,30,240,141,4,0.10479828,0.02244119,0.04150452,0E-8,0.000000,0.902668,0.011910,-0.02129501,2026-03-22,2026-08-05,112,5695,2177,137,0.817518,0.739886,0.767145,0.349328,,,,,,,,GLOBAL_BASELINE_NO_ENTITY_RANKING,,,NOT_APPLICABLE_GLOBAL_BASELINE,HF9g-P5,,,,X 全窗基线 · 不参与实体赏罚,14197028,1420,A168_HF9F_20260827_0900,2026-08-27 09:00:00
2026-07-26,110249610,2229,0,16.5694591728,4.9708377518,4.9708377518,0.6666667,3,3,0.50665070000000000,0.506650700000,0.5543606114942035,0.5543606114942035,0.5543606114942035,0E-17,ELIGIBLE,R03b_20260811_FULL_v1,L1_ELIGIBILITY,v2026-08-11,2026-03-21..2026-08-06,baccarat_bet02_101_all_pairs_incl_sentinel,round_win = game_pnl > 0 (decisive only),COMPATIBILITY_ONLY_NOT_PRODUCTION,296357.1217,267511.9505,6650.6079,18220,18206,-0.02244119,-0.04150452,-0.02020951,-0.02244119,-6650.6079,296357.1217,OK,0.0000,266.0243,4.0000,96.0000,AG03-UNRESOLVED,ALL5_LEVELS_bet23_to_bet27,266.0243,266.0243,266.0243,332.5304,332.5304,4.000000,4.000000,4.000000,5.000000,5.000000,96.000000,96.000000,96.000000,95.000000,95.000000,5.0,1463.1337,1340.2688,5187.4742,5310.3391,PENDING_AG03,FALSE,NOT_FOR_ENFORCEMENT,6384.5836,256811.4724,6650.6079,6384.5836,266.0243,0.02244119,0.02154355,266.0243,6384.5836,0.02154355,266.0243,266.0243,266.0243,332.5304,332.5304,6384.5836,0.02154355,1463.1337,1340.2688,5187.4742,5310.3391,0.01750413,0.01791872,0.00089765,16.2655,14.6936,0.3653,59.3804,1.1678,2646.0457,162.5536,12.4780,16.8648,9.0895,16.5695,22.0926,29.825,33.4482,44.5976,11.8163,0.0,2.018664,2.691552,0.981654,30,240,141,4,0.10479828,0.02244119,0.04150452,0E-8,0.000000,0.902668,0.011910,-0.02129501,2026-03-22,2026-08-05,112,5695,2177,137,0.817518,0.739886,0.767145,0.349328,,,,,,,,GLOBAL_BASELINE_NO_ENTITY_RANKING,,,NOT_APPLICABLE_GLOBAL_BASELINE,HF9g-P5,,,,X 全窗基线 · 不参与实体赏罚,14197029,1420,A168_HF9F_20260827_0900,2026-08-27 09:00:00
2026-07-26,110249610,2254,0,24.4123365147,-2.0987981619,-2.0987981619,0.5000000,4,4,0.49324550000000000,0.493245500000,0.027020465636507562,0.027020465636507562,0.027020465636507562,0E-17,ELIGIBLE,R03b_20260811_FULL_v1,L1_ELIGIBILITY,v2026-08-11,2026-03-21..2026-08-06,baccarat_bet02_101_all_pairs_incl_sentinel,round_win = game_pnl > 0 (decisive only),COMPATIBILITY_ONLY_NOT_PRODUCTION,296357.1217,267511.9505,6650.6079,18220,18206,-0.02244119,-0.04150452,-0.02020951,-0.02244119,-6650.6079,296357.1217,OK,0.0000,266.0243,4.0000,96.0000,AG03-UNRESOLVED,ALL5_LEVELS_bet23_to_bet27,266.0243,266.0243,266.0243,332.5304,332.5304,4.000000,4.000000,4.000000,5.000000,5.000000,96.000000,96.000000,96.000000,95.000000,95.000000,5.0,1463.1337,1340.2688,5187.4742,5310.3391,PENDING_AG03,FALSE,NOT_FOR_ENFORCEMENT,6384.5836,256811.4724,6650.6079,6384.5836,266.0243,0.02244119,0.02154355,266.0243,6384.5836,0.02154355,266.0243,266.0243,266.0243,332.5304,332.5304,6384.5836,0.02154355,1463.1337,1340.2688,5187.4742,5310.3391,0.01750413,0.01791872,0.00089765,16.2655,14.6936,0.3653,59.3804,1.1678,2646.0457,162.5536,12.4780,16.8648,9.0895,16.5695,22.0926,29.825,33.4482,44.5976,11.8163,0.0,2.018664,2.691552,0.981654,30,240,141,4,0.10479828,0.02244119,0.04150452,0E-8,0.000000,0.902668,0.011910,-0.02129501,2026-03-22,2026-08-05,112,5695,2177,137,0.817518,0.739886,0.767145,0.349328,,,,,,,,GLOBAL_BASELINE_NO_ENTITY_RANKING,,,NOT_APPLICABLE_GLOBAL_BASELINE,HF9g-P5,,,,X 全窗基线 · 不参与实体赏罚,14197030,1420,A168_HF9F_20260827_0900,2026-08-27 09:00:00
2026-07-26,110249610,2266,0,24.5227995758,-1.0438759279,-1.0438759279,0.5000000,2,2,0.50665070000000000,0.506650700000,-0.018812684590367487,-0.018812684590367487,-0.018812684590367487,0E-17,ELIGIBLE,R03b_20260811_FULL_v1,L1_ELIGIBILITY,v2026-08-11,2026-03-21..2026-08-06,baccarat_bet02_101_all_pairs_incl_sentinel,round_win = game_pnl > 0 (decisive only),COMPATIBILITY_ONLY_NOT_PRODUCTION,296357.1217,267511.9505,6650.6079,18220,18206,-0.02244119,-0.04150452,-0.02020951,-0.02244119,-6650.6079,296357.1217,OK,0.0000,266.0243,4.0000,96.0000,AG03-UNRESOLVED,ALL5_LEVELS_bet23_to_bet27,266.0243,266.0243,266.0243,332.5304,332.5304,4.000000,4.000000,4.000000,5.000000,5.000000,96.000000,96.000000,96.000000,95.000000,95.000000,5.0,1463.1337,1340.2688,5187.4742,5310.3391,PENDING_AG03,FALSE,NOT_FOR_ENFORCEMENT,6384.5836,256811.4724,6650.6079,6384.5836,266.0243,0.02244119,0.02154355,266.0243,6384.5836,0.02154355,266.0243,266.0243,266.0243,332.5304,332.5304,6384.5836,0.02154355,1463.1337,1340.2688,5187.4742,5310.3391,0.01750413,0.01791872,0.00089765,16.2655,14.6936,0.3653,59.3804,1.1678,2646.0457,162.5536,12.4780,16.8648,9.0895,16.5695,22.0926,29.825,33.4482,44.5976,11.8163,0.0,2.018664,2.691552,0.981654,30,240,141,4,0.10479828,0.02244119,0.04150452,0E-8,0.000000,0.902668,0.011910,-0.02129501,2026-03-22,2026-08-05,112,5695,2177,137,0.817518,0.739886,0.767145,0.349328,,,,,,,,GLOBAL_BASELINE_NO_ENTITY_RANKING,,,NOT_APPLICABLE_GLOBAL_BASELINE,HF9g-P5,,,,X 全窗基线 · 不参与实体赏罚,14197031,1420,A168_HF9F_20260827_0900,2026-08-27 09:00:00
2026-07-26,110249610,752,0,11.2672322375,-0.2209261223,-0.2209261223,0.5000000,2,2,0.49324550000000000,0.493245500000,0.01910635448239258,0.01910635448239258,0.01910635448239258,0E-17,ELIGIBLE,R03b_20260811_FULL_v1,L1_ELIGIBILITY,v2026-08-11,2026-03-21..2026-08-06,baccarat_bet02_101_all_pairs_incl_sentinel,round_win = game_pnl > 0 (decisive only),COMPATIBILITY_ONLY_NOT_PRODUCTION,296357.1217,267511.9505,6650.6079,18220,18206,-0.02244119,-0.04150452,-0.02020951,-0.02244119,-6650.6079,296357.1217,OK,0.0000,266.0243,4.0000,96.0000,AG03-UNRESOLVED,ALL5_LEVELS_bet23_to_bet27,266.0243,266.0243,266.0243,332.5304,332.5304,4.000000,4.000000,4.000000,5.000000,5.000000,96.000000,96.000000,96.000000,95.000000,95.000000,5.0,1463.1337,1340.2688,5187.4742,5310.3391,PENDING_AG03,FALSE,NOT_FOR_ENFORCEMENT,6384.5836,256811.4724,6650.6079,6384.5836,266.0243,0.02244119,0.02154355,266.0243,6384.5836,0.02154355,266.0243,266.0243,266.0243,332.5304,332.5304,6384.5836,0.02154355,1463.1337,1340.2688,5187.4742,5310.3391,0.01750413,0.01791872,0.00089765,16.2655,14.6936,0.3653,59.3804,1.1678,2646.0457,162.5536,12.4780,16.8648,9.0895,16.5695,22.0926,29.825,33.4482,44.5976,11.8163,0.0,2.018664,2.691552,0.981654,30,240,141,4,0.10479828,0.02244119,0.04150452,0E-8,0.000000,0.902668,0.011910,-0.02129501,2026-03-22,2026-08-05,112,5695,2177,137,0.817518,0.739886,0.767145,0.349328,,,,,,,,GLOBAL_BASELINE_NO_ENTITY_RANKING,,,NOT_APPLICABLE_GLOBAL_BASELINE,HF9g-P5,,,,X 全窗基线 · 不参与实体赏罚,14197032,1420,A168_HF9F_20260827_0900,2026-08-27 09:00:00
2026-07-27,110249610,-1,1,263.2334747258,-63.7648020499,-63.7648020499,0.3500000,23,23,0.49907384782608696,0.499073847826,-1.333359317027161,-1.3333593170263836,-1.333359317027161,8.696E-14,SENTINEL_DEALER,R03b_20260811_FULL_v1,L1_ELIGIBILITY,v2026-08-11,2026-03-21..2026-08-06,baccarat_bet02_101_all_pairs_incl_sentinel,round_win = game_pnl > 0 (decisive only),COMPATIBILITY_ONLY_NOT_PRODUCTION,296357.1217,267511.9505,6650.6079,18220,18206,-0.02244119,-0.04150452,-0.02020951,-0.02244119,-6650.6079,296357.1217,OK,0.0000,266.0243,4.0000,96.0000,AG03-UNRESOLVED,ALL5_LEVELS_bet23_to_bet27,266.0243,266.0243,266.0243,332.5304,332.5304,4.000000,4.000000,4.000000,5.000000,5.000000,96.000000,96.000000,96.000000,95.000000,95.000000,5.0,1463.1337,1340.2688,5187.4742,5310.3391,PENDING_AG03,FALSE,NOT_FOR_ENFORCEMENT,6384.5836,256811.4724,6650.6079,6384.5836,266.0243,0.02244119,0.02154355,266.0243,6384.5836,0.02154355,266.0243,266.0243,266.0243,332.5304,332.5304,6384.5836,0.02154355,1463.1337,1340.2688,5187.4742,5310.3391,0.01750413,0.01791872,0.00089765,16.2655,14.6936,0.3653,59.3804,1.1678,2646.0457,162.5536,12.4780,16.8648,9.0895,16.5695,22.0926,29.825,33.4482,44.5976,11.8163,0.0,2.018664,2.691552,0.981654,30,240,141,4,0.10479828,0.02244119,0.04150452,0E-8,0.000000,0.902668,0.011910,-0.02129501,2026-03-22,2026-08-05,112,5695,2177,137,0.817518,0.739886,0.767145,0.349328,,,,,,,,GLOBAL_BASELINE_NO_ENTITY_RANKING,,,NOT_APPLICABLE_GLOBAL_BASELINE,HF9g-P5,,,,X 全窗基线 · 不参与实体赏罚,14197033,1420,A168_HF9F_20260827_0900,2026-08-27 09:00:00
2026-07-27,110249610,1306,0,11.0463061152,-11.0463061152,-11.0463061152,0E-7,1,1,0.49324550000000000,0.493245500000,-0.9865810262130424,-0.9865810262130424,-0.9865810262130424,0E-17,ELIGIBLE,R03b_20260811_FULL_v1,L1_ELIGIBILITY,v2026-08-11,2026-03-21..2026-08-06,baccarat_bet02_101_all_pairs_incl_sentinel,round_win = game_pnl > 0 (decisive only),COMPATIBILITY_ONLY_NOT_PRODUCTION,296357.1217,267511.9505,6650.6079,18220,18206,-0.02244119,-0.04150452,-0.02020951,-0.02244119,-6650.6079,296357.1217,OK,0.0000,266.0243,4.0000,96.0000,AG03-UNRESOLVED,ALL5_LEVELS_bet23_to_bet27,266.0243,266.0243,266.0243,332.5304,332.5304,4.000000,4.000000,4.000000,5.000000,5.000000,96.000000,96.000000,96.000000,95.000000,95.000000,5.0,1463.1337,1340.2688,5187.4742,5310.3391,PENDING_AG03,FALSE,NOT_FOR_ENFORCEMENT,6384.5836,256811.4724,6650.6079,6384.5836,266.0243,0.02244119,0.02154355,266.0243,6384.5836,0.02154355,266.0243,266.0243,266.0243,332.5304,332.5304,6384.5836,0.02154355,1463.1337,1340.2688,5187.4742,5310.3391,0.01750413,0.01791872,0.00089765,16.2655,14.6936,0.3653,59.3804,1.1678,2646.0457,162.5536,12.4780,16.8648,9.0895,16.5695,22.0926,29.825,33.4482,44.5976,11.8163,0.0,2.018664,2.691552,0.981654,30,240,141,4,0.10479828,0.02244119,0.04150452,0E-8,0.000000,0.902668,0.011910,-0.02129501,2026-03-22,2026-08-05,112,5695,2177,137,0.817518,0.739886,0.767145,0.349328,,,,,,,,GLOBAL_BASELINE_NO_ENTITY_RANKING,,,NOT_APPLICABLE_GLOBAL_BASELINE,HF9g-P5,,,,X 全窗基线 · 不参与实体赏罚,14197034,1420,A168_HF9F_20260827_0900,2026-08-27 09:00:00
2026-07-27,110249610,1331,0,11.0463061152,-11.0463061152,-11.0463061152,0E-7,1,1,0.49324550000000000,0.493245500000,-0.9865810262130424,-0.9865810262130424,-0.9865810262130424,0E-17,ELIGIBLE,R03b_20260811_FULL_v1,L1_ELIGIBILITY,v2026-08-11,2026-03-21..2026-08-06,baccarat_bet02_101_all_pairs_incl_sentinel,round_win = game_pnl > 0 (decisive only),COMPATIBILITY_ONLY_NOT_PRODUCTION,296357.1217,267511.9505,6650.6079,18220,18206,-0.02244119,-0.04150452,-0.02020951,-0.02244119,-6650.6079,296357.1217,OK,0.0000,266.0243,4.0000,96.0000,AG03-UNRESOLVED,ALL5_LEVELS_bet23_to_bet27,266.0243,266.0243,266.0243,332.5304,332.5304,4.000000,4.000000,4.000000,5.000000,5.000000,96.000000,96.000000,96.000000,95.000000,95.000000,5.0,1463.1337,1340.2688,5187.4742,5310.3391,PENDING_AG03,FALSE,NOT_FOR_ENFORCEMENT,6384.5836,256811.4724,6650.6079,6384.5836,266.0243,0.02244119,0.02154355,266.0243,6384.5836,0.02154355,266.0243,266.0243,266.0243,332.5304,332.5304,6384.5836,0.02154355,1463.1337,1340.2688,5187.4742,5310.3391,0.01750413,0.01791872,0.00089765,16.2655,14.6936,0.3653,59.3804,1.1678,2646.0457,162.5536,12.4780,16.8648,9.0895,16.5695,22.0926,29.825,33.4482,44.5976,11.8163,0.0,2.018664,2.691552,0.981654,30,240,141,4,0.10479828,0.02244119,0.04150452,0E-8,0.000000,0.902668,0.011910,-0.02129501,2026-03-22,2026-08-05,112,5695,2177,137,0.817518,0.739886,0.767145,0.349328,,,,,,,,GLOBAL_BASELINE_NO_ENTITY_RANKING,,,NOT_APPLICABLE_GLOBAL_BASELINE,HF9g-P5,,,,X 全窗基线 · 不参与实体赏罚,14197035,1420,A168_HF9F_20260827_0900,2026-08-27 09:00:00
2026-07-27,110249610,1405,0,11.0463061152,10.4939908095,10.4939908095,1.0000000,1,1,0.50665070000000000,0.506650700000,0.9867858985152569,0.9867858985152569,0.9867858985152569,0E-17,ELIGIBLE,R03b_20260811_FULL_v1,L1_ELIGIBILITY,v2026-08-11,2026-03-21..2026-08-06,baccarat_bet02_101_all_pairs_incl_sentinel,round_win = game_pnl > 0 (decisive only),COMPATIBILITY_ONLY_NOT_PRODUCTION,296357.1217,267511.9505,6650.6079,18220,18206,-0.02244119,-0.04150452,-0.02020951,-0.02244119,-6650.6079,296357.1217,OK,0.0000,266.0243,4.0000,96.0000,AG03-UNRESOLVED,ALL5_LEVELS_bet23_to_bet27,266.0243,266.0243,266.0243,332.5304,332.5304,4.000000,4.000000,4.000000,5.000000,5.000000,96.000000,96.000000,96.000000,95.000000,95.000000,5.0,1463.1337,1340.2688,5187.4742,5310.3391,PENDING_AG03,FALSE,NOT_FOR_ENFORCEMENT,6384.5836,256811.4724,6650.6079,6384.5836,266.0243,0.02244119,0.02154355,266.0243,6384.5836,0.02154355,266.0243,266.0243,266.0243,332.5304,332.5304,6384.5836,0.02154355,1463.1337,1340.2688,5187.4742,5310.3391,0.01750413,0.01791872,0.00089765,16.2655,14.6936,0.3653,59.3804,1.1678,2646.0457,162.5536,12.4780,16.8648,9.0895,16.5695,22.0926,29.825,33.4482,44.5976,11.8163,0.0,2.018664,2.691552,0.981654,30,240,141,4,0.10479828,0.02244119,0.04150452,0E-8,0.000000,0.902668,0.011910,-0.02129501,2026-03-22,2026-08-05,112,5695,2177,137,0.817518,0.739886,0.767145,0.349328,,,,,,,,GLOBAL_BASELINE_NO_ENTITY_RANKING,,,NOT_APPLICABLE_GLOBAL_BASELINE,HF9g-P5,,,,X 全窗基线 · 不参与实体赏罚,14197036,1420,A168_HF9F_20260827_0900,2026-08-27 09:00:00
2026-07-27,110249610,1947,0,34.3540120183,-4.0871332627,-4.0871332627,0.5000000,4,4,0.49324550000000000,0.493245500000,0.027020465636507562,0.027020465636507562,0.027020465636507562,0E-17,ELIGIBLE,R03b_20260811_FULL_v1,L1_ELIGIBILITY,v2026-08-11,2026-03-21..2026-08-06,baccarat_bet02_101_all_pairs_incl_sentinel,round_win = game_pnl > 0 (decisive only),COMPATIBILITY_ONLY_NOT_PRODUCTION,296357.1217,267511.9505,6650.6079,18220,18206,-0.02244119,-0.04150452,-0.02020951,-0.02244119,-6650.6079,296357.1217,OK,0.0000,266.0243,4.0000,96.0000,AG03-UNRESOLVED,ALL5_LEVELS_bet23_to_bet27,266.0243,266.0243,266.0243,332.5304,332.5304,4.000000,4.000000,4.000000,5.000000,5.000000,96.000000,96.000000,96.000000,95.000000,95.000000,5.0,1463.1337,1340.2688,5187.4742,5310.3391,PENDING_AG03,FALSE,NOT_FOR_ENFORCEMENT,6384.5836,256811.4724,6650.6079,6384.5836,266.0243,0.02244119,0.02154355,266.0243,6384.5836,0.02154355,266.0243,266.0243,266.0243,332.5304,332.5304,6384.5836,0.02154355,1463.1337,1340.2688,5187.4742,5310.3391,0.01750413,0.01791872,0.00089765,16.2655,14.6936,0.3653,59.3804,1.1678,2646.0457,162.5536,12.4780,16.8648,9.0895,16.5695,22.0926,29.825,33.4482,44.5976,11.8163,0.0,2.018664,2.691552,0.981654,30,240,141,4,0.10479828,0.02244119,0.04150452,0E-8,0.000000,0.902668,0.011910,-0.02129501,2026-03-22,2026-08-05,112,5695,2177,137,0.817518,0.739886,0.767145,0.349328,,,,,,,,GLOBAL_BASELINE_NO_ENTITY_RANKING,,,NOT_APPLICABLE_GLOBAL_BASELINE,HF9g-P5,,,,X 全窗基线 · 不参与实体赏罚,14197037,1420,A168_HF9F_20260827_0900,2026-08-27 09:00:00
2026-07-27,110249610,2093,0,3.0929657123,-3.0929657123,-3.0929657123,0E-7,1,1,0.50665070000000000,0.506650700000,-1.013391052207602,-1.013391052207602,-1.013391052207602,0E-17,ELIGIBLE,R03b_20260811_FULL_v1,L1_ELIGIBILITY,v2026-08-11,2026-03-21..2026-08-06,baccarat_bet02_101_all_pairs_incl_sentinel,round_win = game_pnl > 0 (decisive only),COMPATIBILITY_ONLY_NOT_PRODUCTION,296357.1217,267511.9505,6650.6079,18220,18206,-0.02244119,-0.04150452,-0.02020951,-0.02244119,-6650.6079,296357.1217,OK,0.0000,266.0243,4.0000,96.0000,AG03-UNRESOLVED,ALL5_LEVELS_bet23_to_bet27,266.0243,266.0243,266.0243,332.5304,332.5304,4.000000,4.000000,4.000000,5.000000,5.000000,96.000000,96.000000,96.000000,95.000000,95.000000,5.0,1463.1337,1340.2688,5187.4742,5310.3391,PENDING_AG03,FALSE,NOT_FOR_ENFORCEMENT,6384.5836,256811.4724,6650.6079,6384.5836,266.0243,0.02244119,0.02154355,266.0243,6384.5836,0.02154355,266.0243,266.0243,266.0243,332.5304,332.5304,6384.5836,0.02154355,1463.1337,1340.2688,5187.4742,5310.3391,0.01750413,0.01791872,0.00089765,16.2655,14.6936,0.3653,59.3804,1.1678,2646.0457,162.5536,12.4780,16.8648,9.0895,16.5695,22.0926,29.825,33.4482,44.5976,11.8163,0.0,2.018664,2.691552,0.981654,30,240,141,4,0.10479828,0.02244119,0.04150452,0E-8,0.000000,0.902668,0.011910,-0.02129501,2026-03-22,2026-08-05,112,5695,2177,137,0.817518,0.739886,0.767145,0.349328,,,,,,,,GLOBAL_BASELINE_NO_ENTITY_RANKING,,,NOT_APPLICABLE_GLOBAL_BASELINE,HF9g-P5,,,,X 全窗基线 · 不参与实体赏罚,14197038,1420,A168_HF9F_20260827_0900,2026-08-27 09:00:00
2026-07-27,110249610,2142,0,38.6620714033,0E-10,0E-10,0.5000000,3,3,0.49324550000000000,0.493245500000,0.01910635448239258,0.01910635448239258,0.01910635448239258,0E-17,ELIGIBLE,R03b_20260811_FULL_v1,L1_ELIGIBILITY,v2026-08-11,2026-03-21..2026-08-06,baccarat_bet02_101_all_pairs_incl_sentinel,round_win = game_pnl > 0 (decisive only),COMPATIBILITY_ONLY_NOT_PRODUCTION,296357.1217,267511.9505,6650.6079,18220,18206,-0.02244119,-0.04150452,-0.02020951,-0.02244119,-6650.6079,296357.1217,OK,0.0000,266.0243,4.0000,96.0000,AG03-UNRESOLVED,ALL5_LEVELS_bet23_to_bet27,266.0243,266.0243,266.0243,332.5304,332.5304,4.000000,4.000000,4.000000,5.000000,5.000000,96.000000,96.000000,96.000000,95.000000,95.000000,5.0,1463.1337,1340.2688,5187.4742,5310.3391,PENDING_AG03,FALSE,NOT_FOR_ENFORCEMENT,6384.5836,256811.4724,6650.6079,6384.5836,266.0243,0.02244119,0.02154355,266.0243,6384.5836,0.02154355,266.0243,266.0243,266.0243,332.5304,332.5304,6384.5836,0.02154355,1463.1337,1340.2688,5187.4742,5310.3391,0.01750413,0.01791872,0.00089765,16.2655,14.6936,0.3653,59.3804,1.1678,2646.0457,162.5536,12.4780,16.8648,9.0895,16.5695,22.0926,29.825,33.4482,44.5976,11.8163,0.0,2.018664,2.691552,0.981654,30,240,141,4,0.10479828,0.02244119,0.04150452,0E-8,0.000000,0.902668,0.011910,-0.02129501,2026-03-22,2026-08-05,112,5695,2177,137,0.817518,0.739886,0.767145,0.349328,,,,,,,,GLOBAL_BASELINE_NO_ENTITY_RANKING,,,NOT_APPLICABLE_GLOBAL_BASELINE,HF9g-P5,,,,X 全窗基线 · 不参与实体赏罚,14197039,1420,A168_HF9F_20260827_0900,2026-08-27 09:00:00
2026-07-27,110249610,2152,0,65.7255213855,40.8989483918,40.8989483918,0.8000000,5,5,0.50396966000000000,0.503969660000,1.3239296534401845,1.3239296534401845,1.3239296534401845,0E-17,ELIGIBLE,R03b_20260811_FULL_v1,L1_ELIGIBILITY,v2026-08-11,2026-03-21..2026-08-06,baccarat_bet02_101_all_pairs_incl_sentinel,round_win = game_pnl > 0 (decisive only),COMPATIBILITY_ONLY_NOT_PRODUCTION,296357.1217,267511.9505,6650.6079,18220,18206,-0.02244119,-0.04150452,-0.02020951,-0.02244119,-6650.6079,296357.1217,OK,0.0000,266.0243,4.0000,96.0000,AG03-UNRESOLVED,ALL5_LEVELS_bet23_to_bet27,266.0243,266.0243,266.0243,332.5304,332.5304,4.000000,4.000000,4.000000,5.000000,5.000000,96.000000,96.000000,96.000000,95.000000,95.000000,5.0,1463.1337,1340.2688,5187.4742,5310.3391,PENDING_AG03,FALSE,NOT_FOR_ENFORCEMENT,6384.5836,256811.4724,6650.6079,6384.5836,266.0243,0.02244119,0.02154355,266.0243,6384.5836,0.02154355,266.0243,266.0243,266.0243,332.5304,332.5304,6384.5836,0.02154355,1463.1337,1340.2688,5187.4742,5310.3391,0.01750413,0.01791872,0.00089765,16.2655,14.6936,0.3653,59.3804,1.1678,2646.0457,162.5536,12.4780,16.8648,9.0895,16.5695,22.0926,29.825,33.4482,44.5976,11.8163,0.0,2.018664,2.691552,0.981654,30,240,141,4,0.10479828,0.02244119,0.04150452,0E-8,0.000000,0.902668,0.011910,-0.02129501,2026-03-22,2026-08-05,112,5695,2177,137,0.817518,0.739886,0.767145,0.349328,,,,,,,,GLOBAL_BASELINE_NO_ENTITY_RANKING,,,NOT_APPLICABLE_GLOBAL_BASELINE,HF9g-P5,,,,X 全窗基线 · 不参与实体赏罚,14197040,1420,A168_HF9F_20260827_0900,2026-08-27 09:00:00
2026-07-27,110249610,2209,0,159.1772711205,77.9813980207,77.9813980207,0.7777778,9,9,0.50665070000000000,0.506650700000,1.6269063950638647,1.6269063950638647,1.6269063950638647,0E-17,ELIGIBLE,R03b_20260811_FULL_v1,L1_ELIGIBILITY,v2026-08-11,2026-03-21..2026-08-06,baccarat_bet02_101_all_pairs_incl_sentinel,round_win = game_pnl > 0 (decisive only),COMPATIBILITY_ONLY_NOT_PRODUCTION,296357.1217,267511.9505,6650.6079,18220,18206,-0.02244119,-0.04150452,-0.02020951,-0.02244119,-6650.6079,296357.1217,OK,0.0000,266.0243,4.0000,96.0000,AG03-UNRESOLVED,ALL5_LEVELS_bet23_to_bet27,266.0243,266.0243,266.0243,332.5304,332.5304,4.000000,4.000000,4.000000,5.000000,5.000000,96.000000,96.000000,96.000000,95.000000,95.000000,5.0,1463.1337,1340.2688,5187.4742,5310.3391,PENDING_AG03,FALSE,NOT_FOR_ENFORCEMENT,6384.5836,256811.4724,6650.6079,6384.5836,266.0243,0.02244119,0.02154355,266.0243,6384.5836,0.02154355,266.0243,266.0243,266.0243,332.5304,332.5304,6384.5836,0.02154355,1463.1337,1340.2688,5187.4742,5310.3391,0.01750413,0.01791872,0.00089765,16.2655,14.6936,0.3653,59.3804,1.1678,2646.0457,162.5536,12.4780,16.8648,9.0895,16.5695,22.0926,29.825,33.4482,44.5976,11.8163,0.0,2.018664,2.691552,0.981654,30,240,141,4,0.10479828,0.02244119,0.04150452,0E-8,0.000000,0.902668,0.011910,-0.02129501,2026-03-22,2026-08-05,112,5695,2177,137,0.817518,0.739886,0.767145,0.349328,,,,,,,,GLOBAL_BASELINE_NO_ENTITY_RANKING,,,NOT_APPLICABLE_GLOBAL_BASELINE,HF9g-P5,,,,X 全窗基线 · 不参与实体赏罚,14197041,1420,A168_HF9F_20260827_0900,2026-08-27 09:00:00
2026-07-27,110249610,2223,0,68.4870979144,-4.4185224462,-4.4185224462,0.5000000,4,4,0.49324550000000000,0.493245500000,0.027020465636507562,0.027020465636507562,0.027020465636507562,0E-17,ELIGIBLE,R03b_20260811_FULL_v1,L1_ELIGIBILITY,v2026-08-11,2026-03-21..2026-08-06,baccarat_bet02_101_all_pairs_incl_sentinel,round_win = game_pnl > 0 (decisive only),COMPATIBILITY_ONLY_NOT_PRODUCTION,296357.1217,267511.9505,6650.6079,18220,18206,-0.02244119,-0.04150452,-0.02020951,-0.02244119,-6650.6079,296357.1217,OK,0.0000,266.0243,4.0000,96.0000,AG03-UNRESOLVED,ALL5_LEVELS_bet23_to_bet27,266.0243,266.0243,266.0243,332.5304,332.5304,4.000000,4.000000,4.000000,5.000000,5.000000,96.000000,96.000000,96.000000,95.000000,95.000000,5.0,1463.1337,1340.2688,5187.4742,5310.3391,PENDING_AG03,FALSE,NOT_FOR_ENFORCEMENT,6384.5836,256811.4724,6650.6079,6384.5836,266.0243,0.02244119,0.02154355,266.0243,6384.5836,0.02154355,266.0243,266.0243,266.0243,332.5304,332.5304,6384.5836,0.02154355,1463.1337,1340.2688,5187.4742,5310.3391,0.01750413,0.01791872,0.00089765,16.2655,14.6936,0.3653,59.3804,1.1678,2646.0457,162.5536,12.4780,16.8648,9.0895,16.5695,22.0926,29.825,33.4482,44.5976,11.8163,0.0,2.018664,2.691552,0.981654,30,240,141,4,0.10479828,0.02244119,0.04150452,0E-8,0.000000,0.902668,0.011910,-0.02129501,2026-03-22,2026-08-05,112,5695,2177,137,0.817518,0.739886,0.767145,0.349328,,,,,,,,GLOBAL_BASELINE_NO_ENTITY_RANKING,,,NOT_APPLICABLE_GLOBAL_BASELINE,HF9g-P5,,,,X 全窗基线 · 不参与实体赏罚,14197042,1420,A168_HF9F_20260827_0900,2026-08-27 09:00:00
2026-07-27,110249610,2262,0,32.0342877342,-21.5402969247,-21.5402969247,0E-7,2,2,0.50665070000000000,0.506650700000,-1.013391052207602,-1.013391052207602,-1.013391052207602,0E-17,ELIGIBLE,R03b_20260811_FULL_v1,L1_ELIGIBILITY,v2026-08-11,2026-03-21..2026-08-06,baccarat_bet02_101_all_pairs_incl_sentinel,round_win = game_pnl > 0 (decisive only),COMPATIBILITY_ONLY_NOT_PRODUCTION,296357.1217,267511.9505,6650.6079,18220,18206,-0.02244119,-0.04150452,-0.02020951,-0.02244119,-6650.6079,296357.1217,OK,0.0000,266.0243,4.0000,96.0000,AG03-UNRESOLVED,ALL5_LEVELS_bet23_to_bet27,266.0243,266.0243,266.0243,332.5304,332.5304,4.000000,4.000000,4.000000,5.000000,5.000000,96.000000,96.000000,96.000000,95.000000,95.000000,5.0,1463.1337,1340.2688,5187.4742,5310.3391,PENDING_AG03,FALSE,NOT_FOR_ENFORCEMENT,6384.5836,256811.4724,6650.6079,6384.5836,266.0243,0.02244119,0.02154355,266.0243,6384.5836,0.02154355,266.0243,266.0243,266.0243,332.5304,332.5304,6384.5836,0.02154355,1463.1337,1340.2688,5187.4742,5310.3391,0.01750413,0.01791872,0.00089765,16.2655,14.6936,0.3653,59.3804,1.1678,2646.0457,162.5536,12.4780,16.8648,9.0895,16.5695,22.0926,29.825,33.4482,44.5976,11.8163,0.0,2.018664,2.691552,0.981654,30,240,141,4,0.10479828,0.02244119,0.04150452,0E-8,0.000000,0.902668,0.011910,-0.02129501,2026-03-22,2026-08-05,112,5695,2177,137,0.817518,0.739886,0.767145,0.349328,,,,,,,,GLOBAL_BASELINE_NO_ENTITY_RANKING,,,NOT_APPLICABLE_GLOBAL_BASELINE,HF9g-P5,,,,X 全窗基线 · 不参与实体赏罚,14197043,1420,A168_HF9F_20260827_0900,2026-08-27 09:00:00
2026-07-28,110249610,-1,1,142.4973488863,-80.0304878047,-80.0304878047,0.1875000,18,18,0.50441650000000000,0.504416500000,-2.535430911483924,-2.535430911483924,-2.535430911483924,0E-17,SENTINEL_DEALER,R03b_20260811_FULL_v1,L1_ELIGIBILITY,v2026-08-11,2026-03-21..2026-08-06,baccarat_bet02_101_all_pairs_incl_sentinel,round_win = game_pnl > 0 (decisive only),COMPATIBILITY_ONLY_NOT_PRODUCTION,296357.1217,267511.9505,6650.6079,18220,18206,-0.02244119,-0.04150452,-0.02020951,-0.02244119,-6650.6079,296357.1217,OK,0.0000,266.0243,4.0000,96.0000,AG03-UNRESOLVED,ALL5_LEVELS_bet23_to_bet27,266.0243,266.0243,266.0243,332.5304,332.5304,4.000000,4.000000,4.000000,5.000000,5.000000,96.000000,96.000000,96.000000,95.000000,95.000000,5.0,1463.1337,1340.2688,5187.4742,5310.3391,PENDING_AG03,FALSE,NOT_FOR_ENFORCEMENT,6384.5836,256811.4724,6650.6079,6384.5836,266.0243,0.02244119,0.02154355,266.0243,6384.5836,0.02154355,266.0243,266.0243,266.0243,332.5304,332.5304,6384.5836,0.02154355,1463.1337,1340.2688,5187.4742,5310.3391,0.01750413,0.01791872,0.00089765,16.2655,14.6936,0.3653,59.3804,1.1678,2646.0457,162.5536,12.4780,16.8648,9.0895,16.5695,22.0926,29.825,33.4482,44.5976,11.8163,0.0,2.018664,2.691552,0.981654,30,240,141,4,0.10479828,0.02244119,0.04150452,0E-8,0.000000,0.902668,0.011910,-0.02129501,2026-03-22,2026-08-05,112,5695,2177,137,0.817518,0.739886,0.767145,0.349328,,,,,,,,GLOBAL_BASELINE_NO_ENTITY_RANKING,,,NOT_APPLICABLE_GLOBAL_BASELINE,HF9g-P5,,,,X 全窗基线 · 不参与实体赏罚,14197044,1420,A168_HF9F_20260827_0900,2026-08-27 09:00:00
2026-07-28,110249610,1157,0,12.8137150937,5.7440791799,5.7440791799,1.0000000,4,4,0.49324550000000000,0.493245500000,1.4334489766152358,1.4334489766152358,1.4334489766152358,0E-17,ELIGIBLE,R03b_20260811_FULL_v1,L1_ELIGIBILITY,v2026-08-11,2026-03-21..2026-08-06,baccarat_bet02_101_all_pairs_incl_sentinel,round_win = game_pnl > 0 (decisive only),COMPATIBILITY_ONLY_NOT_PRODUCTION,296357.1217,267511.9505,6650.6079,18220,18206,-0.02244119,-0.04150452,-0.02020951,-0.02244119,-6650.6079,296357.1217,OK,0.0000,266.0243,4.0000,96.0000,AG03-UNRESOLVED,ALL5_LEVELS_bet23_to_bet27,266.0243,266.0243,266.0243,332.5304,332.5304,4.000000,4.000000,4.000000,5.000000,5.000000,96.000000,96.000000,96.000000,95.000000,95.000000,5.0,1463.1337,1340.2688,5187.4742,5310.3391,PENDING_AG03,FALSE,NOT_FOR_ENFORCEMENT,6384.5836,256811.4724,6650.6079,6384.5836,266.0243,0.02244119,0.02154355,266.0243,6384.5836,0.02154355,266.0243,266.0243,266.0243,332.5304,332.5304,6384.5836,0.02154355,1463.1337,1340.2688,5187.4742,5310.3391,0.01750413,0.01791872,0.00089765,16.2655,14.6936,0.3653,59.3804,1.1678,2646.0457,162.5536,12.4780,16.8648,9.0895,16.5695,22.0926,29.825,33.4482,44.5976,11.8163,0.0,2.018664,2.691552,0.981654,30,240,141,4,0.10479828,0.02244119,0.04150452,0E-8,0.000000,0.902668,0.011910,-0.02129501,2026-03-22,2026-08-05,112,5695,2177,137,0.817518,0.739886,0.767145,0.349328,,,,,,,,GLOBAL_BASELINE_NO_ENTITY_RANKING,,,NOT_APPLICABLE_GLOBAL_BASELINE,HF9g-P5,,,,X 全窗基线 · 不参与实体赏罚,14197045,1420,A168_HF9F_20260827_0900,2026-08-27 09:00:00
2026-07-28,110249610,1385,0,11.5986214210,-11.5986214210,-11.5986214210,0E-7,1,1,0.50665070000000000,0.506650700000,-1.013391052207602,-1.013391052207602,-1.013391052207602,0E-17,ELIGIBLE,R03b_20260811_FULL_v1,L1_ELIGIBILITY,v2026-08-11,2026-03-21..2026-08-06,baccarat_bet02_101_all_pairs_incl_sentinel,round_win = game_pnl > 0 (decisive only),COMPATIBILITY_ONLY_NOT_PRODUCTION,296357.1217,267511.9505,6650.6079,18220,18206,-0.02244119,-0.04150452,-0.02020951,-0.02244119,-6650.6079,296357.1217,OK,0.0000,266.0243,4.0000,96.0000,AG03-UNRESOLVED,ALL5_LEVELS_bet23_to_bet27,266.0243,266.0243,266.0243,332.5304,332.5304,4.000000,4.000000,4.000000,5.000000,5.000000,96.000000,96.000000,96.000000,95.000000,95.000000,5.0,1463.1337,1340.2688,5187.4742,5310.3391,PENDING_AG03,FALSE,NOT_FOR_ENFORCEMENT,6384.5836,256811.4724,6650.6079,6384.5836,266.0243,0.02244119,0.02154355,266.0243,6384.5836,0.02154355,266.0243,266.0243,266.0243,332.5304,332.5304,6384.5836,0.02154355,1463.1337,1340.2688,5187.4742,5310.3391,0.01750413,0.01791872,0.00089765,16.2655,14.6936,0.3653,59.3804,1.1678,2646.0457,162.5536,12.4780,16.8648,9.0895,16.5695,22.0926,29.825,33.4482,44.5976,11.8163,0.0,2.018664,2.691552,0.981654,30,240,141,4,0.10479828,0.02244119,0.04150452,0E-8,0.000000,0.902668,0.011910,-0.02129501,2026-03-22,2026-08-05,112,5695,2177,137,0.817518,0.739886,0.767145,0.349328,,,,,,,,GLOBAL_BASELINE_NO_ENTITY_RANKING,,,NOT_APPLICABLE_GLOBAL_BASELINE,HF9g-P5,,,,X 全窗基线 · 不参与实体赏罚,14197046,1420,A168_HF9F_20260827_0900,2026-08-27 09:00:00
2026-07-28,110249610,1490,0,8.1742665252,-4.0871332626,-4.0871332626,0E-7,2,2,0.49324550000000000,0.493245500000,-0.9865810262130424,-0.9865810262130424,-0.9865810262130424,0E-17,ELIGIBLE,R03b_20260811_FULL_v1,L1_ELIGIBILITY,v2026-08-11,2026-03-21..2026-08-06,baccarat_bet02_101_all_pairs_incl_sentinel,round_win = game_pnl > 0 (decisive only),COMPATIBILITY_ONLY_NOT_PRODUCTION,296357.1217,267511.9505,6650.6079,18220,18206,-0.02244119,-0.04150452,-0.02020951,-0.02244119,-6650.6079,296357.1217,OK,0.0000,266.0243,4.0000,96.0000,AG03-UNRESOLVED,ALL5_LEVELS_bet23_to_bet27,266.0243,266.0243,266.0243,332.5304,332.5304,4.000000,4.000000,4.000000,5.000000,5.000000,96.000000,96.000000,96.000000,95.000000,95.000000,5.0,1463.1337,1340.2688,5187.4742,5310.3391,PENDING_AG03,FALSE,NOT_FOR_ENFORCEMENT,6384.5836,256811.4724,6650.6079,6384.5836,266.0243,0.02244119,0.02154355,266.0243,6384.5836,0.02154355,266.0243,266.0243,266.0243,332.5304,332.5304,6384.5836,0.02154355,1463.1337,1340.2688,5187.4742,5310.3391,0.01750413,0.01791872,0.00089765,16.2655,14.6936,0.3653,59.3804,1.1678,2646.0457,162.5536,12.4780,16.8648,9.0895,16.5695,22.0926,29.825,33.4482,44.5976,11.8163,0.0,2.018664,2.691552,0.981654,30,240,141,4,0.10479828,0.02244119,0.04150452,0E-8,0.000000,0.902668,0.011910,-0.02129501,2026-03-22,2026-08-05,112,5695,2177,137,0.817518,0.739886,0.767145,0.349328,,,,,,,,GLOBAL_BASELINE_NO_ENTITY_RANKING,,,NOT_APPLICABLE_GLOBAL_BASELINE,HF9g-P5,,,,X 全窗基线 · 不参与实体赏罚,14197047,1420,A168_HF9F_20260827_0900,2026-08-27 09:00:00
2026-07-28,110249610,1994,0,20.9879816190,5.5231530576,5.5231530576,0.6666667,3,3,0.49324550000000000,0.493245500000,0.6008033672792107,0.6008033672792106,0.6008033672792107,0E-17,ELIGIBLE,R03b_20260811_FULL_v1,L1_ELIGIBILITY,v2026-08-11,2026-03-21..2026-08-06,baccarat_bet02_101_all_pairs_incl_sentinel,round_win = game_pnl > 0 (decisive only),COMPATIBILITY_ONLY_NOT_PRODUCTION,296357.1217,267511.9505,6650.6079,18220,18206,-0.02244119,-0.04150452,-0.02020951,-0.02244119,-6650.6079,296357.1217,OK,0.0000,266.0243,4.0000,96.0000,AG03-UNRESOLVED,ALL5_LEVELS_bet23_to_bet27,266.0243,266.0243,266.0243,332.5304,332.5304,4.000000,4.000000,4.000000,5.000000,5.000000,96.000000,96.000000,96.000000,95.000000,95.000000,5.0,1463.1337,1340.2688,5187.4742,5310.3391,PENDING_AG03,FALSE,NOT_FOR_ENFORCEMENT,6384.5836,256811.4724,6650.6079,6384.5836,266.0243,0.02244119,0.02154355,266.0243,6384.5836,0.02154355,266.0243,266.0243,266.0243,332.5304,332.5304,6384.5836,0.02154355,1463.1337,1340.2688,5187.4742,5310.3391,0.01750413,0.01791872,0.00089765,16.2655,14.6936,0.3653,59.3804,1.1678,2646.0457,162.5536,12.4780,16.8648,9.0895,16.5695,22.0926,29.825,33.4482,44.5976,11.8163,0.0,2.018664,2.691552,0.981654,30,240,141,4,0.10479828,0.02244119,0.04150452,0E-8,0.000000,0.902668,0.011910,-0.02129501,2026-03-22,2026-08-05,112,5695,2177,137,0.817518,0.739886,0.767145,0.349328,,,,,,,,GLOBAL_BASELINE_NO_ENTITY_RANKING,,,NOT_APPLICABLE_GLOBAL_BASELINE,HF9g-P5,,,,X 全窗基线 · 不参与实体赏罚,14197048,1420,A168_HF9F_20260827_0900,2026-08-27 09:00:00
2026-07-28,110249610,2121,0,11.0463061152,10.4939908095,10.4939908095,1.0000000,1,1,0.50665070000000000,0.506650700000,0.9867858985152569,0.9867858985152569,0.9867858985152569,0E-17,ELIGIBLE,R03b_20260811_FULL_v1,L1_ELIGIBILITY,v2026-08-11,2026-03-21..2026-08-06,baccarat_bet02_101_all_pairs_incl_sentinel,round_win = game_pnl > 0 (decisive only),COMPATIBILITY_ONLY_NOT_PRODUCTION,296357.1217,267511.9505,6650.6079,18220,18206,-0.02244119,-0.04150452,-0.02020951,-0.02244119,-6650.6079,296357.1217,OK,0.0000,266.0243,4.0000,96.0000,AG03-UNRESOLVED,ALL5_LEVELS_bet23_to_bet27,266.0243,266.0243,266.0243,332.5304,332.5304,4.000000,4.000000,4.000000,5.000000,5.000000,96.000000,96.000000,96.000000,95.000000,95.000000,5.0,1463.1337,1340.2688,5187.4742,5310.3391,PENDING_AG03,FALSE,NOT_FOR_ENFORCEMENT,6384.5836,256811.4724,6650.6079,6384.5836,266.0243,0.02244119,0.02154355,266.0243,6384.5836,0.02154355,266.0243,266.0243,266.0243,332.5304,332.5304,6384.5836,0.02154355,1463.1337,1340.2688,5187.4742,5310.3391,0.01750413,0.01791872,0.00089765,16.2655,14.6936,0.3653,59.3804,1.1678,2646.0457,162.5536,12.4780,16.8648,9.0895,16.5695,22.0926,29.825,33.4482,44.5976,11.8163,0.0,2.018664,2.691552,0.981654,30,240,141,4,0.10479828,0.02244119,0.04150452,0E-8,0.000000,0.902668,0.011910,-0.02129501,2026-03-22,2026-08-05,112,5695,2177,137,0.817518,0.739886,0.767145,0.349328,,,,,,,,GLOBAL_BASELINE_NO_ENTITY_RANKING,,,NOT_APPLICABLE_GLOBAL_BASELINE,HF9g-P5,,,,X 全窗基线 · 不参与实体赏罚,14197049,1420,A168_HF9F_20260827_0900,2026-08-27 09:00:00
2026-07-28,110249610,2142,0,5.5231530576,-5.5231530576,-5.5231530576,0E-7,1,1,0.50665070000000000,0.506650700000,-1.013391052207602,-1.013391052207602,-1.013391052207602,0E-17,ELIGIBLE,R03b_20260811_FULL_v1,L1_ELIGIBILITY,v2026-08-11,2026-03-21..2026-08-06,baccarat_bet02_101_all_pairs_incl_sentinel,round_win = game_pnl > 0 (decisive only),COMPATIBILITY_ONLY_NOT_PRODUCTION,296357.1217,267511.9505,6650.6079,18220,18206,-0.02244119,-0.04150452,-0.02020951,-0.02244119,-6650.6079,296357.1217,OK,0.0000,266.0243,4.0000,96.0000,AG03-UNRESOLVED,ALL5_LEVELS_bet23_to_bet27,266.0243,266.0243,266.0243,332.5304,332.5304,4.000000,4.000000,4.000000,5.000000,5.000000,96.000000,96.000000,96.000000,95.000000,95.000000,5.0,1463.1337,1340.2688,5187.4742,5310.3391,PENDING_AG03,FALSE,NOT_FOR_ENFORCEMENT,6384.5836,256811.4724,6650.6079,6384.5836,266.0243,0.02244119,0.02154355,266.0243,6384.5836,0.02154355,266.0243,266.0243,266.0243,332.5304,332.5304,6384.5836,0.02154355,1463.1337,1340.2688,5187.4742,5310.3391,0.01750413,0.01791872,0.00089765,16.2655,14.6936,0.3653,59.3804,1.1678,2646.0457,162.5536,12.4780,16.8648,9.0895,16.5695,22.0926,29.825,33.4482,44.5976,11.8163,0.0,2.018664,2.691552,0.981654,30,240,141,4,0.10479828,0.02244119,0.04150452,0E-8,0.000000,0.902668,0.011910,-0.02129501,2026-03-22,2026-08-05,112,5695,2177,137,0.817518,0.739886,0.767145,0.349328,,,,,,,,GLOBAL_BASELINE_NO_ENTITY_RANKING,,,NOT_APPLICABLE_GLOBAL_BASELINE,HF9g-P5,,,,X 全窗基线 · 不参与实体赏罚,14197050,1420,A168_HF9F_20260827_0900,2026-08-27 09:00:00
2026-07-28,110249610,2170,0,45.6212442558,-3.3691233652,-3.3691233652,0.6000000,6,6,0.50665070000000000,0.506650700000,0.4175076967804994,0.4175076967804994,0.4175076967804994,0E-17,ELIGIBLE,R03b_20260811_FULL_v1,L1_ELIGIBILITY,v2026-08-11,2026-03-21..2026-08-06,baccarat_bet02_101_all_pairs_incl_sentinel,round_win = game_pnl > 0 (decisive only),COMPATIBILITY_ONLY_NOT_PRODUCTION,296357.1217,267511.9505,6650.6079,18220,18206,-0.02244119,-0.04150452,-0.02020951,-0.02244119,-6650.6079,296357.1217,OK,0.0000,266.0243,4.0000,96.0000,AG03-UNRESOLVED,ALL5_LEVELS_bet23_to_bet27,266.0243,266.0243,266.0243,332.5304,332.5304,4.000000,4.000000,4.000000,5.000000,5.000000,96.000000,96.000000,96.000000,95.000000,95.000000,5.0,1463.1337,1340.2688,5187.4742,5310.3391,PENDING_AG03,FALSE,NOT_FOR_ENFORCEMENT,6384.5836,256811.4724,6650.6079,6384.5836,266.0243,0.02244119,0.02154355,266.0243,6384.5836,0.02154355,266.0243,266.0243,266.0243,332.5304,332.5304,6384.5836,0.02154355,1463.1337,1340.2688,5187.4742,5310.3391,0.01750413,0.01791872,0.00089765,16.2655,14.6936,0.3653,59.3804,1.1678,2646.0457,162.5536,12.4780,16.8648,9.0895,16.5695,22.0926,29.825,33.4482,44.5976,11.8163,0.0,2.018664,2.691552,0.981654,30,240,141,4,0.10479828,0.02244119,0.04150452,0E-8,0.000000,0.902668,0.011910,-0.02129501,2026-03-22,2026-08-05,112,5695,2177,137,0.817518,0.739886,0.767145,0.349328,,,,,,,,GLOBAL_BASELINE_NO_ENTITY_RANKING,,,NOT_APPLICABLE_GLOBAL_BASELINE,HF9g-P5,,,,X 全窗基线 · 不参与实体赏罚,14197051,1420,A168_HF9F_20260827_0900,2026-08-27 09:00:00
2026-07-28,110249610,2224,0,50.2606928242,22.6449275362,22.6449275362,0.8000000,6,6,0.49324550000000000,0.493245500000,1.3719730223118614,1.3719730223118614,1.3719730223118614,0E-17,ELIGIBLE,R03b_20260811_FULL_v1,L1_ELIGIBILITY,v2026-08-11,2026-03-21..2026-08-06,baccarat_bet02_101_all_pairs_incl_sentinel,round_win = game_pnl > 0 (decisive only),COMPATIBILITY_ONLY_NOT_PRODUCTION,296357.1217,267511.9505,6650.6079,18220,18206,-0.02244119,-0.04150452,-0.02020951,-0.02244119,-6650.6079,296357.1217,OK,0.0000,266.0243,4.0000,96.0000,AG03-UNRESOLVED,ALL5_LEVELS_bet23_to_bet27,266.0243,266.0243,266.0243,332.5304,332.5304,4.000000,4.000000,4.000000,5.000000,5.000000,96.000000,96.000000,96.000000,95.000000,95.000000,5.0,1463.1337,1340.2688,5187.4742,5310.3391,PENDING_AG03,FALSE,NOT_FOR_ENFORCEMENT,6384.5836,256811.4724,6650.6079,6384.5836,266.0243,0.02244119,0.02154355,266.0243,6384.5836,0.02154355,266.0243,266.0243,266.0243,332.5304,332.5304,6384.5836,0.02154355,1463.1337,1340.2688,5187.4742,5310.3391,0.01750413,0.01791872,0.00089765,16.2655,14.6936,0.3653,59.3804,1.1678,2646.0457,162.5536,12.4780,16.8648,9.0895,16.5695,22.0926,29.825,33.4482,44.5976,11.8163,0.0,2.018664,2.691552,0.981654,30,240,141,4,0.10479828,0.02244119,0.04150452,0E-8,0.000000,0.902668,0.011910,-0.02129501,2026-03-22,2026-08-05,112,5695,2177,137,0.817518,0.739886,0.767145,0.349328,,,,,,,,GLOBAL_BASELINE_NO_ENTITY_RANKING,,,NOT_APPLICABLE_GLOBAL_BASELINE,HF9g-P5,,,,X 全窗基线 · 不参与实体赏罚,14197052,1420,A168_HF9F_20260827_0900,2026-08-27 09:00:00
2026-07-28,110249610,2241,0,5.5231530576,-5.5231530576,-5.5231530576,0E-7,1,1,0.49324550000000000,0.493245500000,-0.9865810262130424,-0.9865810262130424,-0.9865810262130424,0E-17,ELIGIBLE,R03b_20260811_FULL_v1,L1_ELIGIBILITY,v2026-08-11,2026-03-21..2026-08-06,baccarat_bet02_101_all_pairs_incl_sentinel,round_win = game_pnl > 0 (decisive only),COMPATIBILITY_ONLY_NOT_PRODUCTION,296357.1217,267511.9505,6650.6079,18220,18206,-0.02244119,-0.04150452,-0.02020951,-0.02244119,-6650.6079,296357.1217,OK,0.0000,266.0243,4.0000,96.0000,AG03-UNRESOLVED,ALL5_LEVELS_bet23_to_bet27,266.0243,266.0243,266.0243,332.5304,332.5304,4.000000,4.000000,4.000000,5.000000,5.000000,96.000000,96.000000,96.000000,95.000000,95.000000,5.0,1463.1337,1340.2688,5187.4742,5310.3391,PENDING_AG03,FALSE,NOT_FOR_ENFORCEMENT,6384.5836,256811.4724,6650.6079,6384.5836,266.0243,0.02244119,0.02154355,266.0243,6384.5836,0.02154355,266.0243,266.0243,266.0243,332.5304,332.5304,6384.5836,0.02154355,1463.1337,1340.2688,5187.4742,5310.3391,0.01750413,0.01791872,0.00089765,16.2655,14.6936,0.3653,59.3804,1.1678,2646.0457,162.5536,12.4780,16.8648,9.0895,16.5695,22.0926,29.825,33.4482,44.5976,11.8163,0.0,2.018664,2.691552,0.981654,30,240,141,4,0.10479828,0.02244119,0.04150452,0E-8,0.000000,0.902668,0.011910,-0.02129501,2026-03-22,2026-08-05,112,5695,2177,137,0.817518,0.739886,0.767145,0.349328,,,,,,,,GLOBAL_BASELINE_NO_ENTITY_RANKING,,,NOT_APPLICABLE_GLOBAL_BASELINE,HF9g-P5,,,,X 全窗基线 · 不参与实体赏罚,14197053,1420,A168_HF9F_20260827_0900,2026-08-27 09:00:00
2026-07-28,110249610,2251,0,5.5231530576,-5.5231530576,-5.5231530576,0E-7,1,1,0.50665070000000000,0.506650700000,-1.013391052207602,-1.013391052207602,-1.013391052207602,0E-17,ELIGIBLE,R03b_20260811_FULL_v1,L1_ELIGIBILITY,v2026-08-11,2026-03-21..2026-08-06,baccarat_bet02_101_all_pairs_incl_sentinel,round_win = game_pnl > 0 (decisive only),COMPATIBILITY_ONLY_NOT_PRODUCTION,296357.1217,267511.9505,6650.6079,18220,18206,-0.02244119,-0.04150452,-0.02020951,-0.02244119,-6650.6079,296357.1217,OK,0.0000,266.0243,4.0000,96.0000,AG03-UNRESOLVED,ALL5_LEVELS_bet23_to_bet27,266.0243,266.0243,266.0243,332.5304,332.5304,4.000000,4.000000,4.000000,5.000000,5.000000,96.000000,96.000000,96.000000,95.000000,95.000000,5.0,1463.1337,1340.2688,5187.4742,5310.3391,PENDING_AG03,FALSE,NOT_FOR_ENFORCEMENT,6384.5836,256811.4724,6650.6079,6384.5836,266.0243,0.02244119,0.02154355,266.0243,6384.5836,0.02154355,266.0243,266.0243,266.0243,332.5304,332.5304,6384.5836,0.02154355,1463.1337,1340.2688,5187.4742,5310.3391,0.01750413,0.01791872,0.00089765,16.2655,14.6936,0.3653,59.3804,1.1678,2646.0457,162.5536,12.4780,16.8648,9.0895,16.5695,22.0926,29.825,33.4482,44.5976,11.8163,0.0,2.018664,2.691552,0.981654,30,240,141,4,0.10479828,0.02244119,0.04150452,0E-8,0.000000,0.902668,0.011910,-0.02129501,2026-03-22,2026-08-05,112,5695,2177,137,0.817518,0.739886,0.767145,0.349328,,,,,,,,GLOBAL_BASELINE_NO_ENTITY_RANKING,,,NOT_APPLICABLE_GLOBAL_BASELINE,HF9g-P5,,,,X 全窗基线 · 不参与实体赏罚,14197054,1420,A168_HF9F_20260827_0900,2026-08-27 09:00:00
2026-07-28,110249610,2289,0,4.4185224461,-4.4185224461,-4.4185224461,0E-7,1,1,0.50665070000000000,0.506650700000,-1.013391052207602,-1.013391052207602,-1.013391052207602,0E-17,ELIGIBLE,R03b_20260811_FULL_v1,L1_ELIGIBILITY,v2026-08-11,2026-03-21..2026-08-06,baccarat_bet02_101_all_pairs_incl_sentinel,round_win = game_pnl > 0 (decisive only),COMPATIBILITY_ONLY_NOT_PRODUCTION,296357.1217,267511.9505,6650.6079,18220,18206,-0.02244119,-0.04150452,-0.02020951,-0.02244119,-6650.6079,296357.1217,OK,0.0000,266.0243,4.0000,96.0000,AG03-UNRESOLVED,ALL5_LEVELS_bet23_to_bet27,266.0243,266.0243,266.0243,332.5304,332.5304,4.000000,4.000000,4.000000,5.000000,5.000000,96.000000,96.000000,96.000000,95.000000,95.000000,5.0,1463.1337,1340.2688,5187.4742,5310.3391,PENDING_AG03,FALSE,NOT_FOR_ENFORCEMENT,6384.5836,256811.4724,6650.6079,6384.5836,266.0243,0.02244119,0.02154355,266.0243,6384.5836,0.02154355,266.0243,266.0243,266.0243,332.5304,332.5304,6384.5836,0.02154355,1463.1337,1340.2688,5187.4742,5310.3391,0.01750413,0.01791872,0.00089765,16.2655,14.6936,0.3653,59.3804,1.1678,2646.0457,162.5536,12.4780,16.8648,9.0895,16.5695,22.0926,29.825,33.4482,44.5976,11.8163,0.0,2.018664,2.691552,0.981654,30,240,141,4,0.10479828,0.02244119,0.04150452,0E-8,0.000000,0.902668,0.011910,-0.02129501,2026-03-22,2026-08-05,112,5695,2177,137,0.817518,0.739886,0.767145,0.349328,,,,,,,,GLOBAL_BASELINE_NO_ENTITY_RANKING,,,NOT_APPLICABLE_GLOBAL_BASELINE,HF9g-P5,,,,X 全窗基线 · 不参与实体赏罚,14197055,1420,A168_HF9F_20260827_0900,2026-08-27 09:00:00
2026-07-28,110249610,576,0,14.3601979498,-3.5900494875,-3.5900494875,0.3333333,3,3,0.50218230000000000,0.502182300000,-0.5849155494134425,-0.5849155494134426,-0.5849155494134425,0E-17,ELIGIBLE,R03b_20260811_FULL_v1,L1_ELIGIBILITY,v2026-08-11,2026-03-21..2026-08-06,baccarat_bet02_101_all_pairs_incl_sentinel,round_win = game_pnl > 0 (decisive only),COMPATIBILITY_ONLY_NOT_PRODUCTION,296357.1217,267511.9505,6650.6079,18220,18206,-0.02244119,-0.04150452,-0.02020951,-0.02244119,-6650.6079,296357.1217,OK,0.0000,266.0243,4.0000,96.0000,AG03-UNRESOLVED,ALL5_LEVELS_bet23_to_bet27,266.0243,266.0243,266.0243,332.5304,332.5304,4.000000,4.000000,4.000000,5.000000,5.000000,96.000000,96.000000,96.000000,95.000000,95.000000,5.0,1463.1337,1340.2688,5187.4742,5310.3391,PENDING_AG03,FALSE,NOT_FOR_ENFORCEMENT,6384.5836,256811.4724,6650.6079,6384.5836,266.0243,0.02244119,0.02154355,266.0243,6384.5836,0.02154355,266.0243,266.0243,266.0243,332.5304,332.5304,6384.5836,0.02154355,1463.1337,1340.2688,5187.4742,5310.3391,0.01750413,0.01791872,0.00089765,16.2655,14.6936,0.3653,59.3804,1.1678,2646.0457,162.5536,12.4780,16.8648,9.0895,16.5695,22.0926,29.825,33.4482,44.5976,11.8163,0.0,2.018664,2.691552,0.981654,30,240,141,4,0.10479828,0.02244119,0.04150452,0E-8,0.000000,0.902668,0.011910,-0.02129501,2026-03-22,2026-08-05,112,5695,2177,137,0.817518,0.739886,0.767145,0.349328,,,,,,,,GLOBAL_BASELINE_NO_ENTITY_RANKING,,,NOT_APPLICABLE_GLOBAL_BASELINE,HF9g-P5,,,,X 全窗基线 · 不参与实体赏罚,14197056,1420,A168_HF9F_20260827_0900,2026-08-27 09:00:00
2026-07-28,110249610,987,0,13.0346412160,-2.4301873454,-2.4301873454,0.5000000,2,2,0.49324550000000000,0.493245500000,0.01910635448239258,0.01910635448239258,0.01910635448239258,0E-17,ELIGIBLE,R03b_20260811_FULL_v1,L1_ELIGIBILITY,v2026-08-11,2026-03-21..2026-08-06,baccarat_bet02_101_all_pairs_incl_sentinel,round_win = game_pnl > 0 (decisive only),COMPATIBILITY_ONLY_NOT_PRODUCTION,296357.1217,267511.9505,6650.6079,18220,18206,-0.02244119,-0.04150452,-0.02020951,-0.02244119,-6650.6079,296357.1217,OK,0.0000,266.0243,4.0000,96.0000,AG03-UNRESOLVED,ALL5_LEVELS_bet23_to_bet27,266.0243,266.0243,266.0243,332.5304,332.5304,4.000000,4.000000,4.000000,5.000000,5.000000,96.000000,96.000000,96.000000,95.000000,95.000000,5.0,1463.1337,1340.2688,5187.4742,5310.3391,PENDING_AG03,FALSE,NOT_FOR_ENFORCEMENT,6384.5836,256811.4724,6650.6079,6384.5836,266.0243,0.02244119,0.02154355,266.0243,6384.5836,0.02154355,266.0243,266.0243,266.0243,332.5304,332.5304,6384.5836,0.02154355,1463.1337,1340.2688,5187.4742,5310.3391,0.01750413,0.01791872,0.00089765,16.2655,14.6936,0.3653,59.3804,1.1678,2646.0457,162.5536,12.4780,16.8648,9.0895,16.5695,22.0926,29.825,33.4482,44.5976,11.8163,0.0,2.018664,2.691552,0.981654,30,240,141,4,0.10479828,0.02244119,0.04150452,0E-8,0.000000,0.902668,0.011910,-0.02129501,2026-03-22,2026-08-05,112,5695,2177,137,0.817518,0.739886,0.767145,0.349328,,,,,,,,GLOBAL_BASELINE_NO_ENTITY_RANKING,,,NOT_APPLICABLE_GLOBAL_BASELINE,HF9g-P5,,,,X 全窗基线 · 不参与实体赏罚,14197057,1420,A168_HF9F_20260827_0900,2026-08-27 09:00:00
2026-07-28,110249610,994,0,17.1217744786,-17.1217744786,-17.1217744786,0E-7,2,2,0.49324550000000000,0.493245500000,-1.3952362676504506,-1.3952362676504506,-1.3952362676504506,0E-17,ELIGIBLE,R03b_20260811_FULL_v1,L1_ELIGIBILITY,v2026-08-11,2026-03-21..2026-08-06,baccarat_bet02_101_all_pairs_incl_sentinel,round_win = game_pnl > 0 (decisive only),COMPATIBILITY_ONLY_NOT_PRODUCTION,296357.1217,267511.9505,6650.6079,18220,18206,-0.02244119,-0.04150452,-0.02020951,-0.02244119,-6650.6079,296357.1217,OK,0.0000,266.0243,4.0000,96.0000,AG03-UNRESOLVED,ALL5_LEVELS_bet23_to_bet27,266.0243,266.0243,266.0243,332.5304,332.5304,4.000000,4.000000,4.000000,5.000000,5.000000,96.000000,96.000000,96.000000,95.000000,95.000000,5.0,1463.1337,1340.2688,5187.4742,5310.3391,PENDING_AG03,FALSE,NOT_FOR_ENFORCEMENT,6384.5836,256811.4724,6650.6079,6384.5836,266.0243,0.02244119,0.02154355,266.0243,6384.5836,0.02154355,266.0243,266.0243,266.0243,332.5304,332.5304,6384.5836,0.02154355,1463.1337,1340.2688,5187.4742,5310.3391,0.01750413,0.01791872,0.00089765,16.2655,14.6936,0.3653,59.3804,1.1678,2646.0457,162.5536,12.4780,16.8648,9.0895,16.5695,22.0926,29.825,33.4482,44.5976,11.8163,0.0,2.018664,2.691552,0.981654,30,240,141,4,0.10479828,0.02244119,0.04150452,0E-8,0.000000,0.902668,0.011910,-0.02129501,2026-03-22,2026-08-05,112,5695,2177,137,0.817518,0.739886,0.767145,0.349328,,,,,,,,GLOBAL_BASELINE_NO_ENTITY_RANKING,,,NOT_APPLICABLE_GLOBAL_BASELINE,HF9g-P5,,,,X 全窗基线 · 不参与实体赏罚,14197058,1420,A168_HF9F_20260827_0900,2026-08-27 09:00:00
2026-07-29,110249610,-1,1,1.6569459173,-1.6569459173,-1.6569459173,0E-7,1,1,0.49324550000000000,0.493245500000,-0.9865810262130424,-0.9865810262130424,-0.9865810262130424,0E-17,SENTINEL_DEALER,R03b_20260811_FULL_v1,L1_ELIGIBILITY,v2026-08-11,2026-03-21..2026-08-06,baccarat_bet02_101_all_pairs_incl_sentinel,round_win = game_pnl > 0 (decisive only),COMPATIBILITY_ONLY_NOT_PRODUCTION,296357.1217,267511.9505,6650.6079,18220,18206,-0.02244119,-0.04150452,-0.02020951,-0.02244119,-6650.6079,296357.1217,OK,0.0000,266.0243,4.0000,96.0000,AG03-UNRESOLVED,ALL5_LEVELS_bet23_to_bet27,266.0243,266.0243,266.0243,332.5304,332.5304,4.000000,4.000000,4.000000,5.000000,5.000000,96.000000,96.000000,96.000000,95.000000,95.000000,5.0,1463.1337,1340.2688,5187.4742,5310.3391,PENDING_AG03,FALSE,NOT_FOR_ENFORCEMENT,6384.5836,256811.4724,6650.6079,6384.5836,266.0243,0.02244119,0.02154355,266.0243,6384.5836,0.02154355,266.0243,266.0243,266.0243,332.5304,332.5304,6384.5836,0.02154355,1463.1337,1340.2688,5187.4742,5310.3391,0.01750413,0.01791872,0.00089765,16.2655,14.6936,0.3653,59.3804,1.1678,2646.0457,162.5536,12.4780,16.8648,9.0895,16.5695,22.0926,29.825,33.4482,44.5976,11.8163,0.0,2.018664,2.691552,0.981654,30,240,141,4,0.10479828,0.02244119,0.04150452,0E-8,0.000000,0.902668,0.011910,-0.02129501,2026-03-22,2026-08-05,112,5695,2177,137,0.817518,0.739886,0.767145,0.349328,,,,,,,,GLOBAL_BASELINE_NO_ENTITY_RANKING,,,NOT_APPLICABLE_GLOBAL_BASELINE,HF9g-P5,,,,X 全窗基线 · 不参与实体赏罚,14197059,1420,A168_HF9F_20260827_0900,2026-08-27 09:00:00
2026-07-31,110249610,-1,1,116.5923243387,-20.3539725302,-20.3539725302,0.4285714,7,7,0.50473567142857143,0.504735671429,-0.403041368878626,-0.40304136888089725,-0.403041368878626,-4.2857E-13,SENTINEL_DEALER,R03b_20260811_FULL_v1,L1_ELIGIBILITY,v2026-08-11,2026-03-21..2026-08-06,baccarat_bet02_101_all_pairs_incl_sentinel,round_win = game_pnl > 0 (decisive only),COMPATIBILITY_ONLY_NOT_PRODUCTION,296357.1217,267511.9505,6650.6079,18220,18206,-0.02244119,-0.04150452,-0.02020951,-0.02244119,-6650.6079,296357.1217,OK,0.0000,266.0243,4.0000,96.0000,AG03-UNRESOLVED,ALL5_LEVELS_bet23_to_bet27,266.0243,266.0243,266.0243,332.5304,332.5304,4.000000,4.000000,4.000000,5.000000,5.000000,96.000000,96.000000,96.000000,95.000000,95.000000,5.0,1463.1337,1340.2688,5187.4742,5310.3391,PENDING_AG03,FALSE,NOT_FOR_ENFORCEMENT,6384.5836,256811.4724,6650.6079,6384.5836,266.0243,0.02244119,0.02154355,266.0243,6384.5836,0.02154355,266.0243,266.0243,266.0243,332.5304,332.5304,6384.5836,0.02154355,1463.1337,1340.2688,5187.4742,5310.3391,0.01750413,0.01791872,0.00089765,16.2655,14.6936,0.3653,59.3804,1.1678,2646.0457,162.5536,12.4780,16.8648,9.0895,16.5695,22.0926,29.825,33.4482,44.5976,11.8163,0.0,2.018664,2.691552,0.981654,30,240,141,4,0.10479828,0.02244119,0.04150452,0E-8,0.000000,0.902668,0.011910,-0.02129501,2026-03-22,2026-08-05,112,5695,2177,137,0.817518,0.739886,0.767145,0.349328,,,,,,,,GLOBAL_BASELINE_NO_ENTITY_RANKING,,,NOT_APPLICABLE_GLOBAL_BASELINE,HF9g-P5,,,,X 全窗基线 · 不参与实体赏罚,14197060,1420,A168_HF9F_20260827_0900,2026-08-27 09:00:00
2026-07-31,110249610,1353,0,11.1513492028,-11.1513492028,-11.1513492028,0E-7,1,1,0.50665070000000000,0.506650700000,-1.013391052207602,-1.013391052207602,-1.013391052207602,0E-17,ELIGIBLE,R03b_20260811_FULL_v1,L1_ELIGIBILITY,v2026-08-11,2026-03-21..2026-08-06,baccarat_bet02_101_all_pairs_incl_sentinel,round_win = game_pnl > 0 (decisive only),COMPATIBILITY_ONLY_NOT_PRODUCTION,296357.1217,267511.9505,6650.6079,18220,18206,-0.02244119,-0.04150452,-0.02020951,-0.02244119,-6650.6079,296357.1217,OK,0.0000,266.0243,4.0000,96.0000,AG03-UNRESOLVED,ALL5_LEVELS_bet23_to_bet27,266.0243,266.0243,266.0243,332.5304,332.5304,4.000000,4.000000,4.000000,5.000000,5.000000,96.000000,96.000000,96.000000,95.000000,95.000000,5.0,1463.1337,1340.2688,5187.4742,5310.3391,PENDING_AG03,FALSE,NOT_FOR_ENFORCEMENT,6384.5836,256811.4724,6650.6079,6384.5836,266.0243,0.02244119,0.02154355,266.0243,6384.5836,0.02154355,266.0243,266.0243,266.0243,332.5304,332.5304,6384.5836,0.02154355,1463.1337,1340.2688,5187.4742,5310.3391,0.01750413,0.01791872,0.00089765,16.2655,14.6936,0.3653,59.3804,1.1678,2646.0457,162.5536,12.4780,16.8648,9.0895,16.5695,22.0926,29.825,33.4482,44.5976,11.8163,0.0,2.018664,2.691552,0.981654,30,240,141,4,0.10479828,0.02244119,0.04150452,0E-8,0.000000,0.902668,0.011910,-0.02129501,2026-03-22,2026-08-05,112,5695,2177,137,0.817518,0.739886,0.767145,0.349328,,,,,,,,GLOBAL_BASELINE_NO_ENTITY_RANKING,,,NOT_APPLICABLE_GLOBAL_BASELINE,HF9g-P5,,,,X 全窗基线 · 不参与实体赏罚,14197061,1420,A168_HF9F_20260827_0900,2026-08-27 09:00:00
2026-07-31,110249610,1402,0,5.5204699024,-5.5204699024,-5.5204699024,0E-7,1,1,0.49324550000000000,0.493245500000,-0.9865810262130424,-0.9865810262130424,-0.9865810262130424,0E-17,ELIGIBLE,R03b_20260811_FULL_v1,L1_ELIGIBILITY,v2026-08-11,2026-03-21..2026-08-06,baccarat_bet02_101_all_pairs_incl_sentinel,round_win = game_pnl > 0 (decisive only),COMPATIBILITY_ONLY_NOT_PRODUCTION,296357.1217,267511.9505,6650.6079,18220,18206,-0.02244119,-0.04150452,-0.02020951,-0.02244119,-6650.6079,296357.1217,OK,0.0000,266.0243,4.0000,96.0000,AG03-UNRESOLVED,ALL5_LEVELS_bet23_to_bet27,266.0243,266.0243,266.0243,332.5304,332.5304,4.000000,4.000000,4.000000,5.000000,5.000000,96.000000,96.000000,96.000000,95.000000,95.000000,5.0,1463.1337,1340.2688,5187.4742,5310.3391,PENDING_AG03,FALSE,NOT_FOR_ENFORCEMENT,6384.5836,256811.4724,6650.6079,6384.5836,266.0243,0.02244119,0.02154355,266.0243,6384.5836,0.02154355,266.0243,266.0243,266.0243,332.5304,332.5304,6384.5836,0.02154355,1463.1337,1340.2688,5187.4742,5310.3391,0.01750413,0.01791872,0.00089765,16.2655,14.6936,0.3653,59.3804,1.1678,2646.0457,162.5536,12.4780,16.8648,9.0895,16.5695,22.0926,29.825,33.4482,44.5976,11.8163,0.0,2.018664,2.691552,0.981654,30,240,141,4,0.10479828,0.02244119,0.04150452,0E-8,0.000000,0.902668,0.011910,-0.02129501,2026-03-22,2026-08-05,112,5695,2177,137,0.817518,0.739886,0.767145,0.349328,,,,,,,,GLOBAL_BASELINE_NO_ENTITY_RANKING,,,NOT_APPLICABLE_GLOBAL_BASELINE,HF9g-P5,,,,X 全窗基线 · 不参与实体赏罚,14197062,1420,A168_HF9F_20260827_0900,2026-08-27 09:00:00
2026-07-31,110249610,1935,0,22.0818796096,10.4888928146,10.4888928146,1.0000000,2,2,0.50665070000000000,0.506650700000,0.9867858985152569,0.9867858985152569,0.9867858985152569,0E-17,ELIGIBLE,R03b_20260811_FULL_v1,L1_ELIGIBILITY,v2026-08-11,2026-03-21..2026-08-06,baccarat_bet02_101_all_pairs_incl_sentinel,round_win = game_pnl > 0 (decisive only),COMPATIBILITY_ONLY_NOT_PRODUCTION,296357.1217,267511.9505,6650.6079,18220,18206,-0.02244119,-0.04150452,-0.02020951,-0.02244119,-6650.6079,296357.1217,OK,0.0000,266.0243,4.0000,96.0000,AG03-UNRESOLVED,ALL5_LEVELS_bet23_to_bet27,266.0243,266.0243,266.0243,332.5304,332.5304,4.000000,4.000000,4.000000,5.000000,5.000000,96.000000,96.000000,96.000000,95.000000,95.000000,5.0,1463.1337,1340.2688,5187.4742,5310.3391,PENDING_AG03,FALSE,NOT_FOR_ENFORCEMENT,6384.5836,256811.4724,6650.6079,6384.5836,266.0243,0.02244119,0.02154355,266.0243,6384.5836,0.02154355,266.0243,266.0243,266.0243,332.5304,332.5304,6384.5836,0.02154355,1463.1337,1340.2688,5187.4742,5310.3391,0.01750413,0.01791872,0.00089765,16.2655,14.6936,0.3653,59.3804,1.1678,2646.0457,162.5536,12.4780,16.8648,9.0895,16.5695,22.0926,29.825,33.4482,44.5976,11.8163,0.0,2.018664,2.691552,0.981654,30,240,141,4,0.10479828,0.02244119,0.04150452,0E-8,0.000000,0.902668,0.011910,-0.02129501,2026-03-22,2026-08-05,112,5695,2177,137,0.817518,0.739886,0.767145,0.349328,,,,,,,,GLOBAL_BASELINE_NO_ENTITY_RANKING,,,NOT_APPLICABLE_GLOBAL_BASELINE,HF9g-P5,,,,X 全窗基线 · 不参与实体赏罚,14197063,1420,A168_HF9F_20260827_0900,2026-08-27 09:00:00
2026-07-31,110249610,2160,0,16.0093627170,15.2088945811,15.2088945811,1.0000000,1,1,0.50665070000000000,0.506650700000,0.9867858985152569,0.9867858985152569,0.9867858985152569,0E-17,ELIGIBLE,R03b_20260811_FULL_v1,L1_ELIGIBILITY,v2026-08-11,2026-03-21..2026-08-06,baccarat_bet02_101_all_pairs_incl_sentinel,round_win = game_pnl > 0 (decisive only),COMPATIBILITY_ONLY_NOT_PRODUCTION,296357.1217,267511.9505,6650.6079,18220,18206,-0.02244119,-0.04150452,-0.02020951,-0.02244119,-6650.6079,296357.1217,OK,0.0000,266.0243,4.0000,96.0000,AG03-UNRESOLVED,ALL5_LEVELS_bet23_to_bet27,266.0243,266.0243,266.0243,332.5304,332.5304,4.000000,4.000000,4.000000,5.000000,5.000000,96.000000,96.000000,96.000000,95.000000,95.000000,5.0,1463.1337,1340.2688,5187.4742,5310.3391,PENDING_AG03,FALSE,NOT_FOR_ENFORCEMENT,6384.5836,256811.4724,6650.6079,6384.5836,266.0243,0.02244119,0.02154355,266.0243,6384.5836,0.02154355,266.0243,266.0243,266.0243,332.5304,332.5304,6384.5836,0.02154355,1463.1337,1340.2688,5187.4742,5310.3391,0.01750413,0.01791872,0.00089765,16.2655,14.6936,0.3653,59.3804,1.1678,2646.0457,162.5536,12.4780,16.8648,9.0895,16.5695,22.0926,29.825,33.4482,44.5976,11.8163,0.0,2.018664,2.691552,0.981654,30,240,141,4,0.10479828,0.02244119,0.04150452,0E-8,0.000000,0.902668,0.011910,-0.02129501,2026-03-22,2026-08-05,112,5695,2177,137,0.817518,0.739886,0.767145,0.349328,,,,,,,,GLOBAL_BASELINE_NO_ENTITY_RANKING,,,NOT_APPLICABLE_GLOBAL_BASELINE,HF9g-P5,,,,X 全窗基线 · 不参与实体赏罚,14197064,1420,A168_HF9F_20260827_0900,2026-08-27 09:00:00
2026-07-31,110249610,2209,0,42.6180276464,-31.2458596475,-31.2458596475,0E-7,3,3,0.50665070000000000,0.506650700000,-1.4331513700195317,-1.4331513700195317,-1.4331513700195317,0E-17,ELIGIBLE,R03b_20260811_FULL_v1,L1_ELIGIBILITY,v2026-08-11,2026-03-21..2026-08-06,baccarat_bet02_101_all_pairs_incl_sentinel,round_win = game_pnl > 0 (decisive only),COMPATIBILITY_ONLY_NOT_PRODUCTION,296357.1217,267511.9505,6650.6079,18220,18206,-0.02244119,-0.04150452,-0.02020951,-0.02244119,-6650.6079,296357.1217,OK,0.0000,266.0243,4.0000,96.0000,AG03-UNRESOLVED,ALL5_LEVELS_bet23_to_bet27,266.0243,266.0243,266.0243,332.5304,332.5304,4.000000,4.000000,4.000000,5.000000,5.000000,96.000000,96.000000,96.000000,95.000000,95.000000,5.0,1463.1337,1340.2688,5187.4742,5310.3391,PENDING_AG03,FALSE,NOT_FOR_ENFORCEMENT,6384.5836,256811.4724,6650.6079,6384.5836,266.0243,0.02244119,0.02154355,266.0243,6384.5836,0.02154355,266.0243,266.0243,266.0243,332.5304,332.5304,6384.5836,0.02154355,1463.1337,1340.2688,5187.4742,5310.3391,0.01750413,0.01791872,0.00089765,16.2655,14.6936,0.3653,59.3804,1.1678,2646.0457,162.5536,12.4780,16.8648,9.0895,16.5695,22.0926,29.825,33.4482,44.5976,11.8163,0.0,2.018664,2.691552,0.981654,30,240,141,4,0.10479828,0.02244119,0.04150452,0E-8,0.000000,0.902668,0.011910,-0.02129501,2026-03-22,2026-08-05,112,5695,2177,137,0.817518,0.739886,0.767145,0.349328,,,,,,,,GLOBAL_BASELINE_NO_ENTITY_RANKING,,,NOT_APPLICABLE_GLOBAL_BASELINE,HF9g-P5,,,,X 全窗基线 · 不参与实体赏罚,14197065,1420,A168_HF9F_20260827_0900,2026-08-27 09:00:00
2026-08-01,110249610,-1,1,84.4631895067,-41.0170913749,-41.0170913749,0.2000000,6,6,0.50218230000000000,0.502182300000,-1.351413200886205,-1.351413200886205,-1.351413200886205,0E-17,SENTINEL_DEALER,R03b_20260811_FULL_v1,L1_ELIGIBILITY,v2026-08-11,2026-03-21..2026-08-06,baccarat_bet02_101_all_pairs_incl_sentinel,round_win = game_pnl > 0 (decisive only),COMPATIBILITY_ONLY_NOT_PRODUCTION,296357.1217,267511.9505,6650.6079,18220,18206,-0.02244119,-0.04150452,-0.02020951,-0.02244119,-6650.6079,296357.1217,OK,0.0000,266.0243,4.0000,96.0000,AG03-UNRESOLVED,ALL5_LEVELS_bet23_to_bet27,266.0243,266.0243,266.0243,332.5304,332.5304,4.000000,4.000000,4.000000,5.000000,5.000000,96.000000,96.000000,96.000000,95.000000,95.000000,5.0,1463.1337,1340.2688,5187.4742,5310.3391,PENDING_AG03,FALSE,NOT_FOR_ENFORCEMENT,6384.5836,256811.4724,6650.6079,6384.5836,266.0243,0.02244119,0.02154355,266.0243,6384.5836,0.02154355,266.0243,266.0243,266.0243,332.5304,332.5304,6384.5836,0.02154355,1463.1337,1340.2688,5187.4742,5310.3391,0.01750413,0.01791872,0.00089765,16.2655,14.6936,0.3653,59.3804,1.1678,2646.0457,162.5536,12.4780,16.8648,9.0895,16.5695,22.0926,29.825,33.4482,44.5976,11.8163,0.0,2.018664,2.691552,0.981654,30,240,141,4,0.10479828,0.02244119,0.04150452,0E-8,0.000000,0.902668,0.011910,-0.02129501,2026-03-22,2026-08-05,112,5695,2177,137,0.817518,0.739886,0.767145,0.349328,,,,,,,,GLOBAL_BASELINE_NO_ENTITY_RANKING,,,NOT_APPLICABLE_GLOBAL_BASELINE,HF9g-P5,,,,X 全窗基线 · 不参与实体赏罚,14197066,1420,A168_HF9F_20260827_0900,2026-08-27 09:00:00
2026-08-01,110249610,1307,0,16.5614097072,-16.5614097072,-16.5614097072,0E-7,1,1,0.50665070000000000,0.506650700000,-1.013391052207602,-1.013391052207602,-1.013391052207602,0E-17,ELIGIBLE,R03b_20260811_FULL_v1,L1_ELIGIBILITY,v2026-08-11,2026-03-21..2026-08-06,baccarat_bet02_101_all_pairs_incl_sentinel,round_win = game_pnl > 0 (decisive only),COMPATIBILITY_ONLY_NOT_PRODUCTION,296357.1217,267511.9505,6650.6079,18220,18206,-0.02244119,-0.04150452,-0.02020951,-0.02244119,-6650.6079,296357.1217,OK,0.0000,266.0243,4.0000,96.0000,AG03-UNRESOLVED,ALL5_LEVELS_bet23_to_bet27,266.0243,266.0243,266.0243,332.5304,332.5304,4.000000,4.000000,4.000000,5.000000,5.000000,96.000000,96.000000,96.000000,95.000000,95.000000,5.0,1463.1337,1340.2688,5187.4742,5310.3391,PENDING_AG03,FALSE,NOT_FOR_ENFORCEMENT,6384.5836,256811.4724,6650.6079,6384.5836,266.0243,0.02244119,0.02154355,266.0243,6384.5836,0.02154355,266.0243,266.0243,266.0243,332.5304,332.5304,6384.5836,0.02154355,1463.1337,1340.2688,5187.4742,5310.3391,0.01750413,0.01791872,0.00089765,16.2655,14.6936,0.3653,59.3804,1.1678,2646.0457,162.5536,12.4780,16.8648,9.0895,16.5695,22.0926,29.825,33.4482,44.5976,11.8163,0.0,2.018664,2.691552,0.981654,30,240,141,4,0.10479828,0.02244119,0.04150452,0E-8,0.000000,0.902668,0.011910,-0.02129501,2026-03-22,2026-08-05,112,5695,2177,137,0.817518,0.739886,0.767145,0.349328,,,,,,,,GLOBAL_BASELINE_NO_ENTITY_RANKING,,,NOT_APPLICABLE_GLOBAL_BASELINE,HF9g-P5,,,,X 全窗基线 · 不参与实体赏罚,14197067,1420,A168_HF9F_20260827_0900,2026-08-27 09:00:00
2026-08-01,110249610,1399,0,16.5614097072,-16.5614097072,-16.5614097072,0E-7,1,1,0.49324550000000000,0.493245500000,-0.9865810262130424,-0.9865810262130424,-0.9865810262130424,0E-17,ELIGIBLE,R03b_20260811_FULL_v1,L1_ELIGIBILITY,v2026-08-11,2026-03-21..2026-08-06,baccarat_bet02_101_all_pairs_incl_sentinel,round_win = game_pnl > 0 (decisive only),COMPATIBILITY_ONLY_NOT_PRODUCTION,296357.1217,267511.9505,6650.6079,18220,18206,-0.02244119,-0.04150452,-0.02020951,-0.02244119,-6650.6079,296357.1217,OK,0.0000,266.0243,4.0000,96.0000,AG03-UNRESOLVED,ALL5_LEVELS_bet23_to_bet27,266.0243,266.0243,266.0243,332.5304,332.5304,4.000000,4.000000,4.000000,5.000000,5.000000,96.000000,96.000000,96.000000,95.000000,95.000000,5.0,1463.1337,1340.2688,5187.4742,5310.3391,PENDING_AG03,FALSE,NOT_FOR_ENFORCEMENT,6384.5836,256811.4724,6650.6079,6384.5836,266.0243,0.02244119,0.02154355,266.0243,6384.5836,0.02154355,266.0243,266.0243,266.0243,332.5304,332.5304,6384.5836,0.02154355,1463.1337,1340.2688,5187.4742,5310.3391,0.01750413,0.01791872,0.00089765,16.2655,14.6936,0.3653,59.3804,1.1678,2646.0457,162.5536,12.4780,16.8648,9.0895,16.5695,22.0926,29.825,33.4482,44.5976,11.8163,0.0,2.018664,2.691552,0.981654,30,240,141,4,0.10479828,0.02244119,0.04150452,0E-8,0.000000,0.902668,0.011910,-0.02129501,2026-03-22,2026-08-05,112,5695,2177,137,0.817518,0.739886,0.767145,0.349328,,,,,,,,GLOBAL_BASELINE_NO_ENTITY_RANKING,,,NOT_APPLICABLE_GLOBAL_BASELINE,HF9g-P5,,,,X 全窗基线 · 不参与实体赏罚,14197068,1420,A168_HF9F_20260827_0900,2026-08-27 09:00:00
2026-08-01,110249610,1485,0,16.5614097072,16.5614097072,16.5614097072,1.0000000,1,1,0.49324550000000000,0.493245500000,1.01360149184955,1.01360149184955,1.01360149184955,0E-17,ELIGIBLE,R03b_20260811_FULL_v1,L1_ELIGIBILITY,v2026-08-11,2026-03-21..2026-08-06,baccarat_bet02_101_all_pairs_incl_sentinel,round_win = game_pnl > 0 (decisive only),COMPATIBILITY_ONLY_NOT_PRODUCTION,296357.1217,267511.9505,6650.6079,18220,18206,-0.02244119,-0.04150452,-0.02020951,-0.02244119,-6650.6079,296357.1217,OK,0.0000,266.0243,4.0000,96.0000,AG03-UNRESOLVED,ALL5_LEVELS_bet23_to_bet27,266.0243,266.0243,266.0243,332.5304,332.5304,4.000000,4.000000,4.000000,5.000000,5.000000,96.000000,96.000000,96.000000,95.000000,95.000000,5.0,1463.1337,1340.2688,5187.4742,5310.3391,PENDING_AG03,FALSE,NOT_FOR_ENFORCEMENT,6384.5836,256811.4724,6650.6079,6384.5836,266.0243,0.02244119,0.02154355,266.0243,6384.5836,0.02154355,266.0243,266.0243,266.0243,332.5304,332.5304,6384.5836,0.02154355,1463.1337,1340.2688,5187.4742,5310.3391,0.01750413,0.01791872,0.00089765,16.2655,14.6936,0.3653,59.3804,1.1678,2646.0457,162.5536,12.4780,16.8648,9.0895,16.5695,22.0926,29.825,33.4482,44.5976,11.8163,0.0,2.018664,2.691552,0.981654,30,240,141,4,0.10479828,0.02244119,0.04150452,0E-8,0.000000,0.902668,0.011910,-0.02129501,2026-03-22,2026-08-05,112,5695,2177,137,0.817518,0.739886,0.767145,0.349328,,,,,,,,GLOBAL_BASELINE_NO_ENTITY_RANKING,,,NOT_APPLICABLE_GLOBAL_BASELINE,HF9g-P5,,,,X 全窗基线 · 不参与实体赏罚,14197069,1420,A168_HF9F_20260827_0900,2026-08-27 09:00:00
2026-08-01,110249610,1947,0,34.1165039968,-34.1165039968,-34.1165039968,0E-7,2,2,0.49994810000000000,0.499948100000,-1.4140667746232096,-1.4140667746232096,-1.4140667746232096,0E-17,ELIGIBLE,R03b_20260811_FULL_v1,L1_ELIGIBILITY,v2026-08-11,2026-03-21..2026-08-06,baccarat_bet02_101_all_pairs_incl_sentinel,round_win = game_pnl > 0 (decisive only),COMPATIBILITY_ONLY_NOT_PRODUCTION,296357.1217,267511.9505,6650.6079,18220,18206,-0.02244119,-0.04150452,-0.02020951,-0.02244119,-6650.6079,296357.1217,OK,0.0000,266.0243,4.0000,96.0000,AG03-UNRESOLVED,ALL5_LEVELS_bet23_to_bet27,266.0243,266.0243,266.0243,332.5304,332.5304,4.000000,4.000000,4.000000,5.000000,5.000000,96.000000,96.000000,96.000000,95.000000,95.000000,5.0,1463.1337,1340.2688,5187.4742,5310.3391,PENDING_AG03,FALSE,NOT_FOR_ENFORCEMENT,6384.5836,256811.4724,6650.6079,6384.5836,266.0243,0.02244119,0.02154355,266.0243,6384.5836,0.02154355,266.0243,266.0243,266.0243,332.5304,332.5304,6384.5836,0.02154355,1463.1337,1340.2688,5187.4742,5310.3391,0.01750413,0.01791872,0.00089765,16.2655,14.6936,0.3653,59.3804,1.1678,2646.0457,162.5536,12.4780,16.8648,9.0895,16.5695,22.0926,29.825,33.4482,44.5976,11.8163,0.0,2.018664,2.691552,0.981654,30,240,141,4,0.10479828,0.02244119,0.04150452,0E-8,0.000000,0.902668,0.011910,-0.02129501,2026-03-22,2026-08-05,112,5695,2177,137,0.817518,0.739886,0.767145,0.349328,,,,,,,,GLOBAL_BASELINE_NO_ENTITY_RANKING,,,NOT_APPLICABLE_GLOBAL_BASELINE,HF9g-P5,,,,X 全窗基线 · 不参与实体赏罚,14197070,1420,A168_HF9F_20260827_0900,2026-08-27 09:00:00
2026-08-01,110249610,2121,0,11.0409398048,-11.0409398048,-11.0409398048,0E-7,1,1,0.50665070000000000,0.506650700000,-1.013391052207602,-1.013391052207602,-1.013391052207602,0E-17,ELIGIBLE,R03b_20260811_FULL_v1,L1_ELIGIBILITY,v2026-08-11,2026-03-21..2026-08-06,baccarat_bet02_101_all_pairs_incl_sentinel,round_win = game_pnl > 0 (decisive only),COMPATIBILITY_ONLY_NOT_PRODUCTION,296357.1217,267511.9505,6650.6079,18220,18206,-0.02244119,-0.04150452,-0.02020951,-0.02244119,-6650.6079,296357.1217,OK,0.0000,266.0243,4.0000,96.0000,AG03-UNRESOLVED,ALL5_LEVELS_bet23_to_bet27,266.0243,266.0243,266.0243,332.5304,332.5304,4.000000,4.000000,4.000000,5.000000,5.000000,96.000000,96.000000,96.000000,95.000000,95.000000,5.0,1463.1337,1340.2688,5187.4742,5310.3391,PENDING_AG03,FALSE,NOT_FOR_ENFORCEMENT,6384.5836,256811.4724,6650.6079,6384.5836,266.0243,0.02244119,0.02154355,266.0243,6384.5836,0.02154355,266.0243,266.0243,266.0243,332.5304,332.5304,6384.5836,0.02154355,1463.1337,1340.2688,5187.4742,5310.3391,0.01750413,0.01791872,0.00089765,16.2655,14.6936,0.3653,59.3804,1.1678,2646.0457,162.5536,12.4780,16.8648,9.0895,16.5695,22.0926,29.825,33.4482,44.5976,11.8163,0.0,2.018664,2.691552,0.981654,30,240,141,4,0.10479828,0.02244119,0.04150452,0E-8,0.000000,0.902668,0.011910,-0.02129501,2026-03-22,2026-08-05,112,5695,2177,137,0.817518,0.739886,0.767145,0.349328,,,,,,,,GLOBAL_BASELINE_NO_ENTITY_RANKING,,,NOT_APPLICABLE_GLOBAL_BASELINE,HF9g-P5,,,,X 全窗基线 · 不参与实体赏罚,14197071,1420,A168_HF9F_20260827_0900,2026-08-27 09:00:00
2026-08-01,110249610,2141,0,20.9777856291,-20.9777856291,-20.9777856291,0E-7,1,1,0.50665070000000000,0.506650700000,-1.013391052207602,-1.013391052207602,-1.013391052207602,0E-17,ELIGIBLE,R03b_20260811_FULL_v1,L1_ELIGIBILITY,v2026-08-11,2026-03-21..2026-08-06,baccarat_bet02_101_all_pairs_incl_sentinel,round_win = game_pnl > 0 (decisive only),COMPATIBILITY_ONLY_NOT_PRODUCTION,296357.1217,267511.9505,6650.6079,18220,18206,-0.02244119,-0.04150452,-0.02020951,-0.02244119,-6650.6079,296357.1217,OK,0.0000,266.0243,4.0000,96.0000,AG03-UNRESOLVED,ALL5_LEVELS_bet23_to_bet27,266.0243,266.0243,266.0243,332.5304,332.5304,4.000000,4.000000,4.000000,5.000000,5.000000,96.000000,96.000000,96.000000,95.000000,95.000000,5.0,1463.1337,1340.2688,5187.4742,5310.3391,PENDING_AG03,FALSE,NOT_FOR_ENFORCEMENT,6384.5836,256811.4724,6650.6079,6384.5836,266.0243,0.02244119,0.02154355,266.0243,6384.5836,0.02154355,266.0243,266.0243,266.0243,332.5304,332.5304,6384.5836,0.02154355,1463.1337,1340.2688,5187.4742,5310.3391,0.01750413,0.01791872,0.00089765,16.2655,14.6936,0.3653,59.3804,1.1678,2646.0457,162.5536,12.4780,16.8648,9.0895,16.5695,22.0926,29.825,33.4482,44.5976,11.8163,0.0,2.018664,2.691552,0.981654,30,240,141,4,0.10479828,0.02244119,0.04150452,0E-8,0.000000,0.902668,0.011910,-0.02129501,2026-03-22,2026-08-05,112,5695,2177,137,0.817518,0.739886,0.767145,0.349328,,,,,,,,GLOBAL_BASELINE_NO_ENTITY_RANKING,,,NOT_APPLICABLE_GLOBAL_BASELINE,HF9g-P5,,,,X 全窗基线 · 不参与实体赏罚,14197072,1420,A168_HF9F_20260827_0900,2026-08-27 09:00:00
2026-08-01,110249610,2156,0,16.5614097072,-16.5614097072,-16.5614097072,0E-7,2,2,0.49994810000000000,0.499948100000,-1.4140667746232096,-1.4140667746232096,-1.4140667746232096,0E-17,ELIGIBLE,R03b_20260811_FULL_v1,L1_ELIGIBILITY,v2026-08-11,2026-03-21..2026-08-06,baccarat_bet02_101_all_pairs_incl_sentinel,round_win = game_pnl > 0 (decisive only),COMPATIBILITY_ONLY_NOT_PRODUCTION,296357.1217,267511.9505,6650.6079,18220,18206,-0.02244119,-0.04150452,-0.02020951,-0.02244119,-6650.6079,296357.1217,OK,0.0000,266.0243,4.0000,96.0000,AG03-UNRESOLVED,ALL5_LEVELS_bet23_to_bet27,266.0243,266.0243,266.0243,332.5304,332.5304,4.000000,4.000000,4.000000,5.000000,5.000000,96.000000,96.000000,96.000000,95.000000,95.000000,5.0,1463.1337,1340.2688,5187.4742,5310.3391,PENDING_AG03,FALSE,NOT_FOR_ENFORCEMENT,6384.5836,256811.4724,6650.6079,6384.5836,266.0243,0.02244119,0.02154355,266.0243,6384.5836,0.02154355,266.0243,266.0243,266.0243,332.5304,332.5304,6384.5836,0.02154355,1463.1337,1340.2688,5187.4742,5310.3391,0.01750413,0.01791872,0.00089765,16.2655,14.6936,0.3653,59.3804,1.1678,2646.0457,162.5536,12.4780,16.8648,9.0895,16.5695,22.0926,29.825,33.4482,44.5976,11.8163,0.0,2.018664,2.691552,0.981654,30,240,141,4,0.10479828,0.02244119,0.04150452,0E-8,0.000000,0.902668,0.011910,-0.02129501,2026-03-22,2026-08-05,112,5695,2177,137,0.817518,0.739886,0.767145,0.349328,,,,,,,,GLOBAL_BASELINE_NO_ENTITY_RANKING,,,NOT_APPLICABLE_GLOBAL_BASELINE,HF9g-P5,,,,X 全窗基线 · 不参与实体赏罚,14197073,1420,A168_HF9F_20260827_0900,2026-08-27 09:00:00
2026-08-01,110249610,2160,0,11.0409398048,-11.0409398048,-11.0409398048,0E-7,1,1,0.49324550000000000,0.493245500000,-0.9865810262130424,-0.9865810262130424,-0.9865810262130424,0E-17,ELIGIBLE,R03b_20260811_FULL_v1,L1_ELIGIBILITY,v2026-08-11,2026-03-21..2026-08-06,baccarat_bet02_101_all_pairs_incl_sentinel,round_win = game_pnl > 0 (decisive only),COMPATIBILITY_ONLY_NOT_PRODUCTION,296357.1217,267511.9505,6650.6079,18220,18206,-0.02244119,-0.04150452,-0.02020951,-0.02244119,-6650.6079,296357.1217,OK,0.0000,266.0243,4.0000,96.0000,AG03-UNRESOLVED,ALL5_LEVELS_bet23_to_bet27,266.0243,266.0243,266.0243,332.5304,332.5304,4.000000,4.000000,4.000000,5.000000,5.000000,96.000000,96.000000,96.000000,95.000000,95.000000,5.0,1463.1337,1340.2688,5187.4742,5310.3391,PENDING_AG03,FALSE,NOT_FOR_ENFORCEMENT,6384.5836,256811.4724,6650.6079,6384.5836,266.0243,0.02244119,0.02154355,266.0243,6384.5836,0.02154355,266.0243,266.0243,266.0243,332.5304,332.5304,6384.5836,0.02154355,1463.1337,1340.2688,5187.4742,5310.3391,0.01750413,0.01791872,0.00089765,16.2655,14.6936,0.3653,59.3804,1.1678,2646.0457,162.5536,12.4780,16.8648,9.0895,16.5695,22.0926,29.825,33.4482,44.5976,11.8163,0.0,2.018664,2.691552,0.981654,30,240,141,4,0.10479828,0.02244119,0.04150452,0E-8,0.000000,0.902668,0.011910,-0.02129501,2026-03-22,2026-08-05,112,5695,2177,137,0.817518,0.739886,0.767145,0.349328,,,,,,,,GLOBAL_BASELINE_NO_ENTITY_RANKING,,,NOT_APPLICABLE_GLOBAL_BASELINE,HF9g-P5,,,,X 全窗基线 · 不参与实体赏罚,14197074,1420,A168_HF9F_20260827_0900,2026-08-27 09:00:00
2026-08-01,110249610,2280,0,29.8105374730,28.3200105993,28.3200105993,1.0000000,2,2,0.50665070000000000,0.506650700000,1.3955260008387969,1.3955260008387969,1.3955260008387969,0E-17,ELIGIBLE,R03b_20260811_FULL_v1,L1_ELIGIBILITY,v2026-08-11,2026-03-21..2026-08-06,baccarat_bet02_101_all_pairs_incl_sentinel,round_win = game_pnl > 0 (decisive only),COMPATIBILITY_ONLY_NOT_PRODUCTION,296357.1217,267511.9505,6650.6079,18220,18206,-0.02244119,-0.04150452,-0.02020951,-0.02244119,-6650.6079,296357.1217,OK,0.0000,266.0243,4.0000,96.0000,AG03-UNRESOLVED,ALL5_LEVELS_bet23_to_bet27,266.0243,266.0243,266.0243,332.5304,332.5304,4.000000,4.000000,4.000000,5.000000,5.000000,96.000000,96.000000,96.000000,95.000000,95.000000,5.0,1463.1337,1340.2688,5187.4742,5310.3391,PENDING_AG03,FALSE,NOT_FOR_ENFORCEMENT,6384.5836,256811.4724,6650.6079,6384.5836,266.0243,0.02244119,0.02154355,266.0243,6384.5836,0.02154355,266.0243,266.0243,266.0243,332.5304,332.5304,6384.5836,0.02154355,1463.1337,1340.2688,5187.4742,5310.3391,0.01750413,0.01791872,0.00089765,16.2655,14.6936,0.3653,59.3804,1.1678,2646.0457,162.5536,12.4780,16.8648,9.0895,16.5695,22.0926,29.825,33.4482,44.5976,11.8163,0.0,2.018664,2.691552,0.981654,30,240,141,4,0.10479828,0.02244119,0.04150452,0E-8,0.000000,0.902668,0.011910,-0.02129501,2026-03-22,2026-08-05,112,5695,2177,137,0.817518,0.739886,0.767145,0.349328,,,,,,,,GLOBAL_BASELINE_NO_ENTITY_RANKING,,,NOT_APPLICABLE_GLOBAL_BASELINE,HF9g-P5,,,,X 全窗基线 · 不参与实体赏罚,14197075,1420,A168_HF9F_20260827_0900,2026-08-27 09:00:00
2026-08-01,110249610,2287,0,58.5169809655,37.2907741907,37.2907741907,0.8000000,5,5,0.50665070000000000,0.506650700000,1.3120140225494112,1.3120140225494112,1.3120140225494112,0E-17,ELIGIBLE,R03b_20260811_FULL_v1,L1_ELIGIBILITY,v2026-08-11,2026-03-21..2026-08-06,baccarat_bet02_101_all_pairs_incl_sentinel,round_win = game_pnl > 0 (decisive only),COMPATIBILITY_ONLY_NOT_PRODUCTION,296357.1217,267511.9505,6650.6079,18220,18206,-0.02244119,-0.04150452,-0.02020951,-0.02244119,-6650.6079,296357.1217,OK,0.0000,266.0243,4.0000,96.0000,AG03-UNRESOLVED,ALL5_LEVELS_bet23_to_bet27,266.0243,266.0243,266.0243,332.5304,332.5304,4.000000,4.000000,4.000000,5.000000,5.000000,96.000000,96.000000,96.000000,95.000000,95.000000,5.0,1463.1337,1340.2688,5187.4742,5310.3391,PENDING_AG03,FALSE,NOT_FOR_ENFORCEMENT,6384.5836,256811.4724,6650.6079,6384.5836,266.0243,0.02244119,0.02154355,266.0243,6384.5836,0.02154355,266.0243,266.0243,266.0243,332.5304,332.5304,6384.5836,0.02154355,1463.1337,1340.2688,5187.4742,5310.3391,0.01750413,0.01791872,0.00089765,16.2655,14.6936,0.3653,59.3804,1.1678,2646.0457,162.5536,12.4780,16.8648,9.0895,16.5695,22.0926,29.825,33.4482,44.5976,11.8163,0.0,2.018664,2.691552,0.981654,30,240,141,4,0.10479828,0.02244119,0.04150452,0E-8,0.000000,0.902668,0.011910,-0.02129501,2026-03-22,2026-08-05,112,5695,2177,137,0.817518,0.739886,0.767145,0.349328,,,,,,,,GLOBAL_BASELINE_NO_ENTITY_RANKING,,,NOT_APPLICABLE_GLOBAL_BASELINE,HF9g-P5,,,,X 全窗基线 · 不参与实体赏罚,14197076,1420,A168_HF9F_20260827_0900,2026-08-27 09:00:00
2026-08-03,110249610,-1,1,276.5755421101,25.0794947667,25.0794947667,0.5789474,19,19,0.49536211052631579,0.495362110526,0.7287107345033906,0.7287107345061481,0.7287107345033906,3.1579E-13,SENTINEL_DEALER,R03b_20260811_FULL_v1,L1_ELIGIBILITY,v2026-08-11,2026-03-21..2026-08-06,baccarat_bet02_101_all_pairs_incl_sentinel,round_win = game_pnl > 0 (decisive only),COMPATIBILITY_ONLY_NOT_PRODUCTION,296357.1217,267511.9505,6650.6079,18220,18206,-0.02244119,-0.04150452,-0.02020951,-0.02244119,-6650.6079,296357.1217,OK,0.0000,266.0243,4.0000,96.0000,AG03-UNRESOLVED,ALL5_LEVELS_bet23_to_bet27,266.0243,266.0243,266.0243,332.5304,332.5304,4.000000,4.000000,4.000000,5.000000,5.000000,96.000000,96.000000,96.000000,95.000000,95.000000,5.0,1463.1337,1340.2688,5187.4742,5310.3391,PENDING_AG03,FALSE,NOT_FOR_ENFORCEMENT,6384.5836,256811.4724,6650.6079,6384.5836,266.0243,0.02244119,0.02154355,266.0243,6384.5836,0.02154355,266.0243,266.0243,266.0243,332.5304,332.5304,6384.5836,0.02154355,1463.1337,1340.2688,5187.4742,5310.3391,0.01750413,0.01791872,0.00089765,16.2655,14.6936,0.3653,59.3804,1.1678,2646.0457,162.5536,12.4780,16.8648,9.0895,16.5695,22.0926,29.825,33.4482,44.5976,11.8163,0.0,2.018664,2.691552,0.981654,30,240,141,4,0.10479828,0.02244119,0.04150452,0E-8,0.000000,0.902668,0.011910,-0.02129501,2026-03-22,2026-08-05,112,5695,2177,137,0.817518,0.739886,0.767145,0.349328,,,,,,,,GLOBAL_BASELINE_NO_ENTITY_RANKING,,,NOT_APPLICABLE_GLOBAL_BASELINE,HF9g-P5,,,,X 全窗基线 · 不参与实体赏罚,14197077,1420,A168_HF9F_20260827_0900,2026-08-27 09:00:00
2026-08-03,110249610,1157,0,86.1193304774,21.5298326195,21.5298326195,0.7142857,7,7,0.50665070000000000,0.506650700000,1.098798430526454,1.098798430526454,1.098798430526454,0E-17,ELIGIBLE,R03b_20260811_FULL_v1,L1_ELIGIBILITY,v2026-08-11,2026-03-21..2026-08-06,baccarat_bet02_101_all_pairs_incl_sentinel,round_win = game_pnl > 0 (decisive only),COMPATIBILITY_ONLY_NOT_PRODUCTION,296357.1217,267511.9505,6650.6079,18220,18206,-0.02244119,-0.04150452,-0.02020951,-0.02244119,-6650.6079,296357.1217,OK,0.0000,266.0243,4.0000,96.0000,AG03-UNRESOLVED,ALL5_LEVELS_bet23_to_bet27,266.0243,266.0243,266.0243,332.5304,332.5304,4.000000,4.000000,4.000000,5.000000,5.000000,96.000000,96.000000,96.000000,95.000000,95.000000,5.0,1463.1337,1340.2688,5187.4742,5310.3391,PENDING_AG03,FALSE,NOT_FOR_ENFORCEMENT,6384.5836,256811.4724,6650.6079,6384.5836,266.0243,0.02244119,0.02154355,266.0243,6384.5836,0.02154355,266.0243,266.0243,266.0243,332.5304,332.5304,6384.5836,0.02154355,1463.1337,1340.2688,5187.4742,5310.3391,0.01750413,0.01791872,0.00089765,16.2655,14.6936,0.3653,59.3804,1.1678,2646.0457,162.5536,12.4780,16.8648,9.0895,16.5695,22.0926,29.825,33.4482,44.5976,11.8163,0.0,2.018664,2.691552,0.981654,30,240,141,4,0.10479828,0.02244119,0.04150452,0E-8,0.000000,0.902668,0.011910,-0.02129501,2026-03-22,2026-08-05,112,5695,2177,137,0.817518,0.739886,0.767145,0.349328,,,,,,,,GLOBAL_BASELINE_NO_ENTITY_RANKING,,,NOT_APPLICABLE_GLOBAL_BASELINE,HF9g-P5,,,,X 全窗基线 · 不参与实体赏罚,14197078,1420,A168_HF9F_20260827_0900,2026-08-27 09:00:00
2026-08-03,110249610,1382,0,44.1637592192,-11.0409398048,-11.0409398048,0.3333333,3,3,0.49771390000000000,0.497713900000,-0.5694369385616226,-0.5694369385616226,-0.5694369385616226,0E-17,ELIGIBLE,R03b_20260811_FULL_v1,L1_ELIGIBILITY,v2026-08-11,2026-03-21..2026-08-06,baccarat_bet02_101_all_pairs_incl_sentinel,round_win = game_pnl > 0 (decisive only),COMPATIBILITY_ONLY_NOT_PRODUCTION,296357.1217,267511.9505,6650.6079,18220,18206,-0.02244119,-0.04150452,-0.02020951,-0.02244119,-6650.6079,296357.1217,OK,0.0000,266.0243,4.0000,96.0000,AG03-UNRESOLVED,ALL5_LEVELS_bet23_to_bet27,266.0243,266.0243,266.0243,332.5304,332.5304,4.000000,4.000000,4.000000,5.000000,5.000000,96.000000,96.000000,96.000000,95.000000,95.000000,5.0,1463.1337,1340.2688,5187.4742,5310.3391,PENDING_AG03,FALSE,NOT_FOR_ENFORCEMENT,6384.5836,256811.4724,6650.6079,6384.5836,266.0243,0.02244119,0.02154355,266.0243,6384.5836,0.02154355,266.0243,266.0243,266.0243,332.5304,332.5304,6384.5836,0.02154355,1463.1337,1340.2688,5187.4742,5310.3391,0.01750413,0.01791872,0.00089765,16.2655,14.6936,0.3653,59.3804,1.1678,2646.0457,162.5536,12.4780,16.8648,9.0895,16.5695,22.0926,29.825,33.4482,44.5976,11.8163,0.0,2.018664,2.691552,0.981654,30,240,141,4,0.10479828,0.02244119,0.04150452,0E-8,0.000000,0.902668,0.011910,-0.02129501,2026-03-22,2026-08-05,112,5695,2177,137,0.817518,0.739886,0.767145,0.349328,,,,,,,,GLOBAL_BASELINE_NO_ENTITY_RANKING,,,NOT_APPLICABLE_GLOBAL_BASELINE,HF9g-P5,,,,X 全窗基线 · 不参与实体赏罚,14197079,1420,A168_HF9F_20260827_0900,2026-08-27 09:00:00
2026-08-03,110249610,2216,0,44.1637592192,-11.8690102902,-11.8690102902,0.3333333,3,3,0.50218230000000000,0.502182300000,-0.5849155494134425,-0.5849155494134426,-0.5849155494134425,0E-17,ELIGIBLE,R03b_20260811_FULL_v1,L1_ELIGIBILITY,v2026-08-11,2026-03-21..2026-08-06,baccarat_bet02_101_all_pairs_incl_sentinel,round_win = game_pnl > 0 (decisive only),COMPATIBILITY_ONLY_NOT_PRODUCTION,296357.1217,267511.9505,6650.6079,18220,18206,-0.02244119,-0.04150452,-0.02020951,-0.02244119,-6650.6079,296357.1217,OK,0.0000,266.0243,4.0000,96.0000,AG03-UNRESOLVED,ALL5_LEVELS_bet23_to_bet27,266.0243,266.0243,266.0243,332.5304,332.5304,4.000000,4.000000,4.000000,5.000000,5.000000,96.000000,96.000000,96.000000,95.000000,95.000000,5.0,1463.1337,1340.2688,5187.4742,5310.3391,PENDING_AG03,FALSE,NOT_FOR_ENFORCEMENT,6384.5836,256811.4724,6650.6079,6384.5836,266.0243,0.02244119,0.02154355,266.0243,6384.5836,0.02154355,266.0243,266.0243,266.0243,332.5304,332.5304,6384.5836,0.02154355,1463.1337,1340.2688,5187.4742,5310.3391,0.01750413,0.01791872,0.00089765,16.2655,14.6936,0.3653,59.3804,1.1678,2646.0457,162.5536,12.4780,16.8648,9.0895,16.5695,22.0926,29.825,33.4482,44.5976,11.8163,0.0,2.018664,2.691552,0.981654,30,240,141,4,0.10479828,0.02244119,0.04150452,0E-8,0.000000,0.902668,0.011910,-0.02129501,2026-03-22,2026-08-05,112,5695,2177,137,0.817518,0.739886,0.767145,0.349328,,,,,,,,GLOBAL_BASELINE_NO_ENTITY_RANKING,,,NOT_APPLICABLE_GLOBAL_BASELINE,HF9g-P5,,,,X 全窗基线 · 不参与实体赏罚,14197080,1420,A168_HF9F_20260827_0900,2026-08-27 09:00:00
2026-08-03,110249610,2229,0,24.5108863667,-24.5108863667,-24.5108863667,0E-7,2,2,0.49994810000000000,0.499948100000,-1.4140667746232096,-1.4140667746232096,-1.4140667746232096,0E-17,ELIGIBLE,R03b_20260811_FULL_v1,L1_ELIGIBILITY,v2026-08-11,2026-03-21..2026-08-06,baccarat_bet02_101_all_pairs_incl_sentinel,round_win = game_pnl > 0 (decisive only),COMPATIBILITY_ONLY_NOT_PRODUCTION,296357.1217,267511.9505,6650.6079,18220,18206,-0.02244119,-0.04150452,-0.02020951,-0.02244119,-6650.6079,296357.1217,OK,0.0000,266.0243,4.0000,96.0000,AG03-UNRESOLVED,ALL5_LEVELS_bet23_to_bet27,266.0243,266.0243,266.0243,332.5304,332.5304,4.000000,4.000000,4.000000,5.000000,5.000000,96.000000,96.000000,96.000000,95.000000,95.000000,5.0,1463.1337,1340.2688,5187.4742,5310.3391,PENDING_AG03,FALSE,NOT_FOR_ENFORCEMENT,6384.5836,256811.4724,6650.6079,6384.5836,266.0243,0.02244119,0.02154355,266.0243,6384.5836,0.02154355,266.0243,266.0243,266.0243,332.5304,332.5304,6384.5836,0.02154355,1463.1337,1340.2688,5187.4742,5310.3391,0.01750413,0.01791872,0.00089765,16.2655,14.6936,0.3653,59.3804,1.1678,2646.0457,162.5536,12.4780,16.8648,9.0895,16.5695,22.0926,29.825,33.4482,44.5976,11.8163,0.0,2.018664,2.691552,0.981654,30,240,141,4,0.10479828,0.02244119,0.04150452,0E-8,0.000000,0.902668,0.011910,-0.02129501,2026-03-22,2026-08-05,112,5695,2177,137,0.817518,0.739886,0.767145,0.349328,,,,,,,,GLOBAL_BASELINE_NO_ENTITY_RANKING,,,NOT_APPLICABLE_GLOBAL_BASELINE,HF9g-P5,,,,X 全窗基线 · 不参与实体赏罚,14197081,1420,A168_HF9F_20260827_0900,2026-08-27 09:00:00
2026-08-03,110249610,2253,0,27.6023495120,-27.6023495120,-27.6023495120,0E-7,2,2,0.49994810000000000,0.499948100000,-1.4140667746232096,-1.4140667746232096,-1.4140667746232096,0E-17,ELIGIBLE,R03b_20260811_FULL_v1,L1_ELIGIBILITY,v2026-08-11,2026-03-21..2026-08-06,baccarat_bet02_101_all_pairs_incl_sentinel,round_win = game_pnl > 0 (decisive only),COMPATIBILITY_ONLY_NOT_PRODUCTION,296357.1217,267511.9505,6650.6079,18220,18206,-0.02244119,-0.04150452,-0.02020951,-0.02244119,-6650.6079,296357.1217,OK,0.0000,266.0243,4.0000,96.0000,AG03-UNRESOLVED,ALL5_LEVELS_bet23_to_bet27,266.0243,266.0243,266.0243,332.5304,332.5304,4.000000,4.000000,4.000000,5.000000,5.000000,96.000000,96.000000,96.000000,95.000000,95.000000,5.0,1463.1337,1340.2688,5187.4742,5310.3391,PENDING_AG03,FALSE,NOT_FOR_ENFORCEMENT,6384.5836,256811.4724,6650.6079,6384.5836,266.0243,0.02244119,0.02154355,266.0243,6384.5836,0.02154355,266.0243,266.0243,266.0243,332.5304,332.5304,6384.5836,0.02154355,1463.1337,1340.2688,5187.4742,5310.3391,0.01750413,0.01791872,0.00089765,16.2655,14.6936,0.3653,59.3804,1.1678,2646.0457,162.5536,12.4780,16.8648,9.0895,16.5695,22.0926,29.825,33.4482,44.5976,11.8163,0.0,2.018664,2.691552,0.981654,30,240,141,4,0.10479828,0.02244119,0.04150452,0E-8,0.000000,0.902668,0.011910,-0.02129501,2026-03-22,2026-08-05,112,5695,2177,137,0.817518,0.739886,0.767145,0.349328,,,,,,,,GLOBAL_BASELINE_NO_ENTITY_RANKING,,,NOT_APPLICABLE_GLOBAL_BASELINE,HF9g-P5,,,,X 全窗基线 · 不参与实体赏罚,14197082,1420,A168_HF9F_20260827_0900,2026-08-27 09:00:00
2026-08-03,110249610,2280,0,22.0818796096,-22.0818796096,-22.0818796096,0E-7,1,1,0.50665070000000000,0.506650700000,-1.013391052207602,-1.013391052207602,-1.013391052207602,0E-17,ELIGIBLE,R03b_20260811_FULL_v1,L1_ELIGIBILITY,v2026-08-11,2026-03-21..2026-08-06,baccarat_bet02_101_all_pairs_incl_sentinel,round_win = game_pnl > 0 (decisive only),COMPATIBILITY_ONLY_NOT_PRODUCTION,296357.1217,267511.9505,6650.6079,18220,18206,-0.02244119,-0.04150452,-0.02020951,-0.02244119,-6650.6079,296357.1217,OK,0.0000,266.0243,4.0000,96.0000,AG03-UNRESOLVED,ALL5_LEVELS_bet23_to_bet27,266.0243,266.0243,266.0243,332.5304,332.5304,4.000000,4.000000,4.000000,5.000000,5.000000,96.000000,96.000000,96.000000,95.000000,95.000000,5.0,1463.1337,1340.2688,5187.4742,5310.3391,PENDING_AG03,FALSE,NOT_FOR_ENFORCEMENT,6384.5836,256811.4724,6650.6079,6384.5836,266.0243,0.02244119,0.02154355,266.0243,6384.5836,0.02154355,266.0243,266.0243,266.0243,332.5304,332.5304,6384.5836,0.02154355,1463.1337,1340.2688,5187.4742,5310.3391,0.01750413,0.01791872,0.00089765,16.2655,14.6936,0.3653,59.3804,1.1678,2646.0457,162.5536,12.4780,16.8648,9.0895,16.5695,22.0926,29.825,33.4482,44.5976,11.8163,0.0,2.018664,2.691552,0.981654,30,240,141,4,0.10479828,0.02244119,0.04150452,0E-8,0.000000,0.902668,0.011910,-0.02129501,2026-03-22,2026-08-05,112,5695,2177,137,0.817518,0.739886,0.767145,0.349328,,,,,,,,GLOBAL_BASELINE_NO_ENTITY_RANKING,,,NOT_APPLICABLE_GLOBAL_BASELINE,HF9g-P5,,,,X 全窗基线 · 不参与实体赏罚,14197083,1420,A168_HF9F_20260827_0900,2026-08-27 09:00:00
2026-08-03,110249610,2287,0,12.2554431833,12.2554431833,12.2554431833,1.0000000,1,1,0.49324550000000000,0.493245500000,1.01360149184955,1.01360149184955,1.01360149184955,0E-17,ELIGIBLE,R03b_20260811_FULL_v1,L1_ELIGIBILITY,v2026-08-11,2026-03-21..2026-08-06,baccarat_bet02_101_all_pairs_incl_sentinel,round_win = game_pnl > 0 (decisive only),COMPATIBILITY_ONLY_NOT_PRODUCTION,296357.1217,267511.9505,6650.6079,18220,18206,-0.02244119,-0.04150452,-0.02020951,-0.02244119,-6650.6079,296357.1217,OK,0.0000,266.0243,4.0000,96.0000,AG03-UNRESOLVED,ALL5_LEVELS_bet23_to_bet27,266.0243,266.0243,266.0243,332.5304,332.5304,4.000000,4.000000,4.000000,5.000000,5.000000,96.000000,96.000000,96.000000,95.000000,95.000000,5.0,1463.1337,1340.2688,5187.4742,5310.3391,PENDING_AG03,FALSE,NOT_FOR_ENFORCEMENT,6384.5836,256811.4724,6650.6079,6384.5836,266.0243,0.02244119,0.02154355,266.0243,6384.5836,0.02154355,266.0243,266.0243,266.0243,332.5304,332.5304,6384.5836,0.02154355,1463.1337,1340.2688,5187.4742,5310.3391,0.01750413,0.01791872,0.00089765,16.2655,14.6936,0.3653,59.3804,1.1678,2646.0457,162.5536,12.4780,16.8648,9.0895,16.5695,22.0926,29.825,33.4482,44.5976,11.8163,0.0,2.018664,2.691552,0.981654,30,240,141,4,0.10479828,0.02244119,0.04150452,0E-8,0.000000,0.902668,0.011910,-0.02129501,2026-03-22,2026-08-05,112,5695,2177,137,0.817518,0.739886,0.767145,0.349328,,,,,,,,GLOBAL_BASELINE_NO_ENTITY_RANKING,,,NOT_APPLICABLE_GLOBAL_BASELINE,HF9g-P5,,,,X 全窗基线 · 不参与实体赏罚,14197084,1420,A168_HF9F_20260827_0900,2026-08-27 09:00:00
2026-08-03,110249610,763,0,16.5614097072,-16.5614097072,-16.5614097072,0E-7,1,1,0.49324550000000000,0.493245500000,-0.9865810262130424,-0.9865810262130424,-0.9865810262130424,0E-17,ELIGIBLE,R03b_20260811_FULL_v1,L1_ELIGIBILITY,v2026-08-11,2026-03-21..2026-08-06,baccarat_bet02_101_all_pairs_incl_sentinel,round_win = game_pnl > 0 (decisive only),COMPATIBILITY_ONLY_NOT_PRODUCTION,296357.1217,267511.9505,6650.6079,18220,18206,-0.02244119,-0.04150452,-0.02020951,-0.02244119,-6650.6079,296357.1217,OK,0.0000,266.0243,4.0000,96.0000,AG03-UNRESOLVED,ALL5_LEVELS_bet23_to_bet27,266.0243,266.0243,266.0243,332.5304,332.5304,4.000000,4.000000,4.000000,5.000000,5.000000,96.000000,96.000000,96.000000,95.000000,95.000000,5.0,1463.1337,1340.2688,5187.4742,5310.3391,PENDING_AG03,FALSE,NOT_FOR_ENFORCEMENT,6384.5836,256811.4724,6650.6079,6384.5836,266.0243,0.02244119,0.02154355,266.0243,6384.5836,0.02154355,266.0243,266.0243,266.0243,332.5304,332.5304,6384.5836,0.02154355,1463.1337,1340.2688,5187.4742,5310.3391,0.01750413,0.01791872,0.00089765,16.2655,14.6936,0.3653,59.3804,1.1678,2646.0457,162.5536,12.4780,16.8648,9.0895,16.5695,22.0926,29.825,33.4482,44.5976,11.8163,0.0,2.018664,2.691552,0.981654,30,240,141,4,0.10479828,0.02244119,0.04150452,0E-8,0.000000,0.902668,0.011910,-0.02129501,2026-03-22,2026-08-05,112,5695,2177,137,0.817518,0.739886,0.767145,0.349328,,,,,,,,GLOBAL_BASELINE_NO_ENTITY_RANKING,,,NOT_APPLICABLE_GLOBAL_BASELINE,HF9g-P5,,,,X 全窗基线 · 不参与实体赏罚,14197085,1420,A168_HF9F_20260827_0900,2026-08-27 09:00:00
2026-08-04,110249610,-1,1,717.2194497208,-164.7529037675,-164.7529037675,0.3974359,87,87,0.49956289310344828,0.499562893103,-1.803923096788643,-1.8039230967807263,-1.803923096788643,4.4828E-13,SENTINEL_DEALER,R03b_20260811_FULL_v1,L1_ELIGIBILITY,v2026-08-11,2026-03-21..2026-08-06,baccarat_bet02_101_all_pairs_incl_sentinel,round_win = game_pnl > 0 (decisive only),COMPATIBILITY_ONLY_NOT_PRODUCTION,296357.1217,267511.9505,6650.6079,18220,18206,-0.02244119,-0.04150452,-0.02020951,-0.02244119,-6650.6079,296357.1217,OK,0.0000,266.0243,4.0000,96.0000,AG03-UNRESOLVED,ALL5_LEVELS_bet23_to_bet27,266.0243,266.0243,266.0243,332.5304,332.5304,4.000000,4.000000,4.000000,5.000000,5.000000,96.000000,96.000000,96.000000,95.000000,95.000000,5.0,1463.1337,1340.2688,5187.4742,5310.3391,PENDING_AG03,FALSE,NOT_FOR_ENFORCEMENT,6384.5836,256811.4724,6650.6079,6384.5836,266.0243,0.02244119,0.02154355,266.0243,6384.5836,0.02154355,266.0243,266.0243,266.0243,332.5304,332.5304,6384.5836,0.02154355,1463.1337,1340.2688,5187.4742,5310.3391,0.01750413,0.01791872,0.00089765,16.2655,14.6936,0.3653,59.3804,1.1678,2646.0457,162.5536,12.4780,16.8648,9.0895,16.5695,22.0926,29.825,33.4482,44.5976,11.8163,0.0,2.018664,2.691552,0.981654,30,240,141,4,0.10479828,0.02244119,0.04150452,0E-8,0.000000,0.902668,0.011910,-0.02129501,2026-03-22,2026-08-05,112,5695,2177,137,0.817518,0.739886,0.767145,0.349328,,,,,,,,GLOBAL_BASELINE_NO_ENTITY_RANKING,,,NOT_APPLICABLE_GLOBAL_BASELINE,HF9g-P5,,,,X 全窗基线 · 不参与实体赏罚,14197086,1420,A168_HF9F_20260827_0900,2026-08-27 09:00:00
2026-08-04,110249610,1017,0,33.1228194144,-33.1228194144,-33.1228194144,0E-7,2,2,0.50665070000000000,0.506650700000,-1.4331513700195317,-1.4331513700195317,-1.4331513700195317,0E-17,ELIGIBLE,R03b_20260811_FULL_v1,L1_ELIGIBILITY,v2026-08-11,2026-03-21..2026-08-06,baccarat_bet02_101_all_pairs_incl_sentinel,round_win = game_pnl > 0 (decisive only),COMPATIBILITY_ONLY_NOT_PRODUCTION,296357.1217,267511.9505,6650.6079,18220,18206,-0.02244119,-0.04150452,-0.02020951,-0.02244119,-6650.6079,296357.1217,OK,0.0000,266.0243,4.0000,96.0000,AG03-UNRESOLVED,ALL5_LEVELS_bet23_to_bet27,266.0243,266.0243,266.0243,332.5304,332.5304,4.000000,4.000000,4.000000,5.000000,5.000000,96.000000,96.000000,96.000000,95.000000,95.000000,5.0,1463.1337,1340.2688,5187.4742,5310.3391,PENDING_AG03,FALSE,NOT_FOR_ENFORCEMENT,6384.5836,256811.4724,6650.6079,6384.5836,266.0243,0.02244119,0.02154355,266.0243,6384.5836,0.02154355,266.0243,266.0243,266.0243,332.5304,332.5304,6384.5836,0.02154355,1463.1337,1340.2688,5187.4742,5310.3391,0.01750413,0.01791872,0.00089765,16.2655,14.6936,0.3653,59.3804,1.1678,2646.0457,162.5536,12.4780,16.8648,9.0895,16.5695,22.0926,29.825,33.4482,44.5976,11.8163,0.0,2.018664,2.691552,0.981654,30,240,141,4,0.10479828,0.02244119,0.04150452,0E-8,0.000000,0.902668,0.011910,-0.02129501,2026-03-22,2026-08-05,112,5695,2177,137,0.817518,0.739886,0.767145,0.349328,,,,,,,,GLOBAL_BASELINE_NO_ENTITY_RANKING,,,NOT_APPLICABLE_GLOBAL_BASELINE,HF9g-P5,,,,X 全窗基线 · 不参与实体赏罚,14197087,1420,A168_HF9F_20260827_0900,2026-08-27 09:00:00
2026-08-04,110249610,1151,0,5.5204699024,5.5204699024,5.5204699024,1.0000000,1,1,0.49324550000000000,0.493245500000,1.01360149184955,1.01360149184955,1.01360149184955,0E-17,ELIGIBLE,R03b_20260811_FULL_v1,L1_ELIGIBILITY,v2026-08-11,2026-03-21..2026-08-06,baccarat_bet02_101_all_pairs_incl_sentinel,round_win = game_pnl > 0 (decisive only),COMPATIBILITY_ONLY_NOT_PRODUCTION,296357.1217,267511.9505,6650.6079,18220,18206,-0.02244119,-0.04150452,-0.02020951,-0.02244119,-6650.6079,296357.1217,OK,0.0000,266.0243,4.0000,96.0000,AG03-UNRESOLVED,ALL5_LEVELS_bet23_to_bet27,266.0243,266.0243,266.0243,332.5304,332.5304,4.000000,4.000000,4.000000,5.000000,5.000000,96.000000,96.000000,96.000000,95.000000,95.000000,5.0,1463.1337,1340.2688,5187.4742,5310.3391,PENDING_AG03,FALSE,NOT_FOR_ENFORCEMENT,6384.5836,256811.4724,6650.6079,6384.5836,266.0243,0.02244119,0.02154355,266.0243,6384.5836,0.02154355,266.0243,266.0243,266.0243,332.5304,332.5304,6384.5836,0.02154355,1463.1337,1340.2688,5187.4742,5310.3391,0.01750413,0.01791872,0.00089765,16.2655,14.6936,0.3653,59.3804,1.1678,2646.0457,162.5536,12.4780,16.8648,9.0895,16.5695,22.0926,29.825,33.4482,44.5976,11.8163,0.0,2.018664,2.691552,0.981654,30,240,141,4,0.10479828,0.02244119,0.04150452,0E-8,0.000000,0.902668,0.011910,-0.02129501,2026-03-22,2026-08-05,112,5695,2177,137,0.817518,0.739886,0.767145,0.349328,,,,,,,,GLOBAL_BASELINE_NO_ENTITY_RANKING,,,NOT_APPLICABLE_GLOBAL_BASELINE,HF9g-P5,,,,X 全窗基线 · 不参与实体赏罚,14197088,1420,A168_HF9F_20260827_0900,2026-08-27 09:00:00
2026-08-04,110249610,1157,0,2.2081879610,-2.2081879610,-2.2081879610,0E-7,1,1,0.50665070000000000,0.506650700000,-1.013391052207602,-1.013391052207602,-1.013391052207602,0E-17,ELIGIBLE,R03b_20260811_FULL_v1,L1_ELIGIBILITY,v2026-08-11,2026-03-21..2026-08-06,baccarat_bet02_101_all_pairs_incl_sentinel,round_win = game_pnl > 0 (decisive only),COMPATIBILITY_ONLY_NOT_PRODUCTION,296357.1217,267511.9505,6650.6079,18220,18206,-0.02244119,-0.04150452,-0.02020951,-0.02244119,-6650.6079,296357.1217,OK,0.0000,266.0243,4.0000,96.0000,AG03-UNRESOLVED,ALL5_LEVELS_bet23_to_bet27,266.0243,266.0243,266.0243,332.5304,332.5304,4.000000,4.000000,4.000000,5.000000,5.000000,96.000000,96.000000,96.000000,95.000000,95.000000,5.0,1463.1337,1340.2688,5187.4742,5310.3391,PENDING_AG03,FALSE,NOT_FOR_ENFORCEMENT,6384.5836,256811.4724,6650.6079,6384.5836,266.0243,0.02244119,0.02154355,266.0243,6384.5836,0.02154355,266.0243,266.0243,266.0243,332.5304,332.5304,6384.5836,0.02154355,1463.1337,1340.2688,5187.4742,5310.3391,0.01750413,0.01791872,0.00089765,16.2655,14.6936,0.3653,59.3804,1.1678,2646.0457,162.5536,12.4780,16.8648,9.0895,16.5695,22.0926,29.825,33.4482,44.5976,11.8163,0.0,2.018664,2.691552,0.981654,30,240,141,4,0.10479828,0.02244119,0.04150452,0E-8,0.000000,0.902668,0.011910,-0.02129501,2026-03-22,2026-08-05,112,5695,2177,137,0.817518,0.739886,0.767145,0.349328,,,,,,,,GLOBAL_BASELINE_NO_ENTITY_RANKING,,,NOT_APPLICABLE_GLOBAL_BASELINE,HF9g-P5,,,,X 全窗基线 · 不参与实体赏罚,14197089,1420,A168_HF9F_20260827_0900,2026-08-27 09:00:00
2026-08-04,110249610,1307,0,139.5574791328,57.5232963828,57.5232963828,0.5789474,20,20,0.49860758000000000,0.498607580000,0.7003887536251767,0.7003887536251767,0.7003887536251767,0E-17,ELIGIBLE,R03b_20260811_FULL_v1,L1_ELIGIBILITY,v2026-08-11,2026-03-21..2026-08-06,baccarat_bet02_101_all_pairs_incl_sentinel,round_win = game_pnl > 0 (decisive only),COMPATIBILITY_ONLY_NOT_PRODUCTION,296357.1217,267511.9505,6650.6079,18220,18206,-0.02244119,-0.04150452,-0.02020951,-0.02244119,-6650.6079,296357.1217,OK,0.0000,266.0243,4.0000,96.0000,AG03-UNRESOLVED,ALL5_LEVELS_bet23_to_bet27,266.0243,266.0243,266.0243,332.5304,332.5304,4.000000,4.000000,4.000000,5.000000,5.000000,96.000000,96.000000,96.000000,95.000000,95.000000,5.0,1463.1337,1340.2688,5187.4742,5310.3391,PENDING_AG03,FALSE,NOT_FOR_ENFORCEMENT,6384.5836,256811.4724,6650.6079,6384.5836,266.0243,0.02244119,0.02154355,266.0243,6384.5836,0.02154355,266.0243,266.0243,266.0243,332.5304,332.5304,6384.5836,0.02154355,1463.1337,1340.2688,5187.4742,5310.3391,0.01750413,0.01791872,0.00089765,16.2655,14.6936,0.3653,59.3804,1.1678,2646.0457,162.5536,12.4780,16.8648,9.0895,16.5695,22.0926,29.825,33.4482,44.5976,11.8163,0.0,2.018664,2.691552,0.981654,30,240,141,4,0.10479828,0.02244119,0.04150452,0E-8,0.000000,0.902668,0.011910,-0.02129501,2026-03-22,2026-08-05,112,5695,2177,137,0.817518,0.739886,0.767145,0.349328,,,,,,,,GLOBAL_BASELINE_NO_ENTITY_RANKING,,,NOT_APPLICABLE_GLOBAL_BASELINE,HF9g-P5,,,,X 全窗基线 · 不参与实体赏罚,14197090,1420,A168_HF9F_20260827_0900,2026-08-27 09:00:00
2026-08-04,110249610,1323,0,49.1321821313,-49.1321821313,-49.1321821313,0E-7,2,2,0.49994810000000000,0.499948100000,-1.4140667746232096,-1.4140667746232096,-1.4140667746232096,0E-17,ELIGIBLE,R03b_20260811_FULL_v1,L1_ELIGIBILITY,v2026-08-11,2026-03-21..2026-08-06,baccarat_bet02_101_all_pairs_incl_sentinel,round_win = game_pnl > 0 (decisive only),COMPATIBILITY_ONLY_NOT_PRODUCTION,296357.1217,267511.9505,6650.6079,18220,18206,-0.02244119,-0.04150452,-0.02020951,-0.02244119,-6650.6079,296357.1217,OK,0.0000,266.0243,4.0000,96.0000,AG03-UNRESOLVED,ALL5_LEVELS_bet23_to_bet27,266.0243,266.0243,266.0243,332.5304,332.5304,4.000000,4.000000,4.000000,5.000000,5.000000,96.000000,96.000000,96.000000,95.000000,95.000000,5.0,1463.1337,1340.2688,5187.4742,5310.3391,PENDING_AG03,FALSE,NOT_FOR_ENFORCEMENT,6384.5836,256811.4724,6650.6079,6384.5836,266.0243,0.02244119,0.02154355,266.0243,6384.5836,0.02154355,266.0243,266.0243,266.0243,332.5304,332.5304,6384.5836,0.02154355,1463.1337,1340.2688,5187.4742,5310.3391,0.01750413,0.01791872,0.00089765,16.2655,14.6936,0.3653,59.3804,1.1678,2646.0457,162.5536,12.4780,16.8648,9.0895,16.5695,22.0926,29.825,33.4482,44.5976,11.8163,0.0,2.018664,2.691552,0.981654,30,240,141,4,0.10479828,0.02244119,0.04150452,0E-8,0.000000,0.902668,0.011910,-0.02129501,2026-03-22,2026-08-05,112,5695,2177,137,0.817518,0.739886,0.767145,0.349328,,,,,,,,GLOBAL_BASELINE_NO_ENTITY_RANKING,,,NOT_APPLICABLE_GLOBAL_BASELINE,HF9g-P5,,,,X 全窗基线 · 不参与实体赏罚,14197091,1420,A168_HF9F_20260827_0900,2026-08-27 09:00:00
2026-08-04,110249610,1330,0,89.5420218170,1.0985735105,1.0985735105,0.5000000,10,10,0.50531018000000000,0.505310180000,-0.03358642136496054,-0.03358642136496054,-0.03358642136496054,0E-17,ELIGIBLE,R03b_20260811_FULL_v1,L1_ELIGIBILITY,v2026-08-11,2026-03-21..2026-08-06,baccarat_bet02_101_all_pairs_incl_sentinel,round_win = game_pnl > 0 (decisive only),COMPATIBILITY_ONLY_NOT_PRODUCTION,296357.1217,267511.9505,6650.6079,18220,18206,-0.02244119,-0.04150452,-0.02020951,-0.02244119,-6650.6079,296357.1217,OK,0.0000,266.0243,4.0000,96.0000,AG03-UNRESOLVED,ALL5_LEVELS_bet23_to_bet27,266.0243,266.0243,266.0243,332.5304,332.5304,4.000000,4.000000,4.000000,5.000000,5.000000,96.000000,96.000000,96.000000,95.000000,95.000000,5.0,1463.1337,1340.2688,5187.4742,5310.3391,PENDING_AG03,FALSE,NOT_FOR_ENFORCEMENT,6384.5836,256811.4724,6650.6079,6384.5836,266.0243,0.02244119,0.02154355,266.0243,6384.5836,0.02154355,266.0243,266.0243,266.0243,332.5304,332.5304,6384.5836,0.02154355,1463.1337,1340.2688,5187.4742,5310.3391,0.01750413,0.01791872,0.00089765,16.2655,14.6936,0.3653,59.3804,1.1678,2646.0457,162.5536,12.4780,16.8648,9.0895,16.5695,22.0926,29.825,33.4482,44.5976,11.8163,0.0,2.018664,2.691552,0.981654,30,240,141,4,0.10479828,0.02244119,0.04150452,0E-8,0.000000,0.902668,0.011910,-0.02129501,2026-03-22,2026-08-05,112,5695,2177,137,0.817518,0.739886,0.767145,0.349328,,,,,,,,GLOBAL_BASELINE_NO_ENTITY_RANKING,,,NOT_APPLICABLE_GLOBAL_BASELINE,HF9g-P5,,,,X 全窗基线 · 不参与实体赏罚,14197092,1420,A168_HF9F_20260827_0900,2026-08-27 09:00:00
2026-08-04,110249610,1382,0,11.0409398048,10.4888928146,10.4888928146,1.0000000,1,1,0.50665070000000000,0.506650700000,0.9867858985152569,0.9867858985152569,0.9867858985152569,0E-17,ELIGIBLE,R03b_20260811_FULL_v1,L1_ELIGIBILITY,v2026-08-11,2026-03-21..2026-08-06,baccarat_bet02_101_all_pairs_incl_sentinel,round_win = game_pnl > 0 (decisive only),COMPATIBILITY_ONLY_NOT_PRODUCTION,296357.1217,267511.9505,6650.6079,18220,18206,-0.02244119,-0.04150452,-0.02020951,-0.02244119,-6650.6079,296357.1217,OK,0.0000,266.0243,4.0000,96.0000,AG03-UNRESOLVED,ALL5_LEVELS_bet23_to_bet27,266.0243,266.0243,266.0243,332.5304,332.5304,4.000000,4.000000,4.000000,5.000000,5.000000,96.000000,96.000000,96.000000,95.000000,95.000000,5.0,1463.1337,1340.2688,5187.4742,5310.3391,PENDING_AG03,FALSE,NOT_FOR_ENFORCEMENT,6384.5836,256811.4724,6650.6079,6384.5836,266.0243,0.02244119,0.02154355,266.0243,6384.5836,0.02154355,266.0243,266.0243,266.0243,332.5304,332.5304,6384.5836,0.02154355,1463.1337,1340.2688,5187.4742,5310.3391,0.01750413,0.01791872,0.00089765,16.2655,14.6936,0.3653,59.3804,1.1678,2646.0457,162.5536,12.4780,16.8648,9.0895,16.5695,22.0926,29.825,33.4482,44.5976,11.8163,0.0,2.018664,2.691552,0.981654,30,240,141,4,0.10479828,0.02244119,0.04150452,0E-8,0.000000,0.902668,0.011910,-0.02129501,2026-03-22,2026-08-05,112,5695,2177,137,0.817518,0.739886,0.767145,0.349328,,,,,,,,GLOBAL_BASELINE_NO_ENTITY_RANKING,,,NOT_APPLICABLE_GLOBAL_BASELINE,HF9g-P5,,,,X 全窗基线 · 不参与实体赏罚,14197093,1420,A168_HF9F_20260827_0900,2026-08-27 09:00:00
2026-08-04,110249610,1385,0,8.2807048537,3.5607030870,3.5607030870,0.7500000,4,4,0.50665070000000000,0.506650700000,0.9734833216690844,0.9734833216690844,0.9734833216690844,0E-17,ELIGIBLE,R03b_20260811_FULL_v1,L1_ELIGIBILITY,v2026-08-11,2026-03-21..2026-08-06,baccarat_bet02_101_all_pairs_incl_sentinel,round_win = game_pnl > 0 (decisive only),COMPATIBILITY_ONLY_NOT_PRODUCTION,296357.1217,267511.9505,6650.6079,18220,18206,-0.02244119,-0.04150452,-0.02020951,-0.02244119,-6650.6079,296357.1217,OK,0.0000,266.0243,4.0000,96.0000,AG03-UNRESOLVED,ALL5_LEVELS_bet23_to_bet27,266.0243,266.0243,266.0243,332.5304,332.5304,4.000000,4.000000,4.000000,5.000000,5.000000,96.000000,96.000000,96.000000,95.000000,95.000000,5.0,1463.1337,1340.2688,5187.4742,5310.3391,PENDING_AG03,FALSE,NOT_FOR_ENFORCEMENT,6384.5836,256811.4724,6650.6079,6384.5836,266.0243,0.02244119,0.02154355,266.0243,6384.5836,0.02154355,266.0243,266.0243,266.0243,332.5304,332.5304,6384.5836,0.02154355,1463.1337,1340.2688,5187.4742,5310.3391,0.01750413,0.01791872,0.00089765,16.2655,14.6936,0.3653,59.3804,1.1678,2646.0457,162.5536,12.4780,16.8648,9.0895,16.5695,22.0926,29.825,33.4482,44.5976,11.8163,0.0,2.018664,2.691552,0.981654,30,240,141,4,0.10479828,0.02244119,0.04150452,0E-8,0.000000,0.902668,0.011910,-0.02129501,2026-03-22,2026-08-05,112,5695,2177,137,0.817518,0.739886,0.767145,0.349328,,,,,,,,GLOBAL_BASELINE_NO_ENTITY_RANKING,,,NOT_APPLICABLE_GLOBAL_BASELINE,HF9g-P5,,,,X 全窗基线 · 不参与实体赏罚,14197094,1420,A168_HF9F_20260827_0900,2026-08-27 09:00:00
2026-08-04,110249610,1507,0,33.1228194144,-11.5929867950,-11.5929867950,0.3333333,3,3,0.50665070000000000,0.506650700000,-0.6004420894325239,-0.6004420894325239,-0.6004420894325239,0E-17,ELIGIBLE,R03b_20260811_FULL_v1,L1_ELIGIBILITY,v2026-08-11,2026-03-21..2026-08-06,baccarat_bet02_101_all_pairs_incl_sentinel,round_win = game_pnl > 0 (decisive only),COMPATIBILITY_ONLY_NOT_PRODUCTION,296357.1217,267511.9505,6650.6079,18220,18206,-0.02244119,-0.04150452,-0.02020951,-0.02244119,-6650.6079,296357.1217,OK,0.0000,266.0243,4.0000,96.0000,AG03-UNRESOLVED,ALL5_LEVELS_bet23_to_bet27,266.0243,266.0243,266.0243,332.5304,332.5304,4.000000,4.000000,4.000000,5.000000,5.000000,96.000000,96.000000,96.000000,95.000000,95.000000,5.0,1463.1337,1340.2688,5187.4742,5310.3391,PENDING_AG03,FALSE,NOT_FOR_ENFORCEMENT,6384.5836,256811.4724,6650.6079,6384.5836,266.0243,0.02244119,0.02154355,266.0243,6384.5836,0.02154355,266.0243,266.0243,266.0243,332.5304,332.5304,6384.5836,0.02154355,1463.1337,1340.2688,5187.4742,5310.3391,0.01750413,0.01791872,0.00089765,16.2655,14.6936,0.3653,59.3804,1.1678,2646.0457,162.5536,12.4780,16.8648,9.0895,16.5695,22.0926,29.825,33.4482,44.5976,11.8163,0.0,2.018664,2.691552,0.981654,30,240,141,4,0.10479828,0.02244119,0.04150452,0E-8,0.000000,0.902668,0.011910,-0.02129501,2026-03-22,2026-08-05,112,5695,2177,137,0.817518,0.739886,0.767145,0.349328,,,,,,,,GLOBAL_BASELINE_NO_ENTITY_RANKING,,,NOT_APPLICABLE_GLOBAL_BASELINE,HF9g-P5,,,,X 全窗基线 · 不参与实体赏罚,14197095,1420,A168_HF9F_20260827_0900,2026-08-27 09:00:00
2026-08-04,110249610,1645,0,1.1040939805,-1.1040939805,-1.1040939805,0E-7,1,1,0.49324550000000000,0.493245500000,-0.9865810262130424,-0.9865810262130424,-0.9865810262130424,0E-17,ELIGIBLE,R03b_20260811_FULL_v1,L1_ELIGIBILITY,v2026-08-11,2026-03-21..2026-08-06,baccarat_bet02_101_all_pairs_incl_sentinel,round_win = game_pnl > 0 (decisive only),COMPATIBILITY_ONLY_NOT_PRODUCTION,296357.1217,267511.9505,6650.6079,18220,18206,-0.02244119,-0.04150452,-0.02020951,-0.02244119,-6650.6079,296357.1217,OK,0.0000,266.0243,4.0000,96.0000,AG03-UNRESOLVED,ALL5_LEVELS_bet23_to_bet27,266.0243,266.0243,266.0243,332.5304,332.5304,4.000000,4.000000,4.000000,5.000000,5.000000,96.000000,96.000000,96.000000,95.000000,95.000000,5.0,1463.1337,1340.2688,5187.4742,5310.3391,PENDING_AG03,FALSE,NOT_FOR_ENFORCEMENT,6384.5836,256811.4724,6650.6079,6384.5836,266.0243,0.02244119,0.02154355,266.0243,6384.5836,0.02154355,266.0243,266.0243,266.0243,332.5304,332.5304,6384.5836,0.02154355,1463.1337,1340.2688,5187.4742,5310.3391,0.01750413,0.01791872,0.00089765,16.2655,14.6936,0.3653,59.3804,1.1678,2646.0457,162.5536,12.4780,16.8648,9.0895,16.5695,22.0926,29.825,33.4482,44.5976,11.8163,0.0,2.018664,2.691552,0.981654,30,240,141,4,0.10479828,0.02244119,0.04150452,0E-8,0.000000,0.902668,0.011910,-0.02129501,2026-03-22,2026-08-05,112,5695,2177,137,0.817518,0.739886,0.767145,0.349328,,,,,,,,GLOBAL_BASELINE_NO_ENTITY_RANKING,,,NOT_APPLICABLE_GLOBAL_BASELINE,HF9g-P5,,,,X 全窗基线 · 不参与实体赏罚,14197096,1420,A168_HF9F_20260827_0900,2026-08-27 09:00:00
2026-08-04,110249610,1646,0,5.5204699024,-5.5204699024,-5.5204699024,0E-7,1,1,0.50665070000000000,0.506650700000,-1.013391052207602,-1.013391052207602,-1.013391052207602,0E-17,ELIGIBLE,R03b_20260811_FULL_v1,L1_ELIGIBILITY,v2026-08-11,2026-03-21..2026-08-06,baccarat_bet02_101_all_pairs_incl_sentinel,round_win = game_pnl > 0 (decisive only),COMPATIBILITY_ONLY_NOT_PRODUCTION,296357.1217,267511.9505,6650.6079,18220,18206,-0.02244119,-0.04150452,-0.02020951,-0.02244119,-6650.6079,296357.1217,OK,0.0000,266.0243,4.0000,96.0000,AG03-UNRESOLVED,ALL5_LEVELS_bet23_to_bet27,266.0243,266.0243,266.0243,332.5304,332.5304,4.000000,4.000000,4.000000,5.000000,5.000000,96.000000,96.000000,96.000000,95.000000,95.000000,5.0,1463.1337,1340.2688,5187.4742,5310.3391,PENDING_AG03,FALSE,NOT_FOR_ENFORCEMENT,6384.5836,256811.4724,6650.6079,6384.5836,266.0243,0.02244119,0.02154355,266.0243,6384.5836,0.02154355,266.0243,266.0243,266.0243,332.5304,332.5304,6384.5836,0.02154355,1463.1337,1340.2688,5187.4742,5310.3391,0.01750413,0.01791872,0.00089765,16.2655,14.6936,0.3653,59.3804,1.1678,2646.0457,162.5536,12.4780,16.8648,9.0895,16.5695,22.0926,29.825,33.4482,44.5976,11.8163,0.0,2.018664,2.691552,0.981654,30,240,141,4,0.10479828,0.02244119,0.04150452,0E-8,0.000000,0.902668,0.011910,-0.02129501,2026-03-22,2026-08-05,112,5695,2177,137,0.817518,0.739886,0.767145,0.349328,,,,,,,,GLOBAL_BASELINE_NO_ENTITY_RANKING,,,NOT_APPLICABLE_GLOBAL_BASELINE,HF9g-P5,,,,X 全窗基线 · 不参与实体赏罚,14197097,1420,A168_HF9F_20260827_0900,2026-08-27 09:00:00
2026-08-04,110249610,1704,0,4.0851477278,-4.0851477278,-4.0851477278,0E-7,1,1,0.49324550000000000,0.493245500000,-0.9865810262130424,-0.9865810262130424,-0.9865810262130424,0E-17,ELIGIBLE,R03b_20260811_FULL_v1,L1_ELIGIBILITY,v2026-08-11,2026-03-21..2026-08-06,baccarat_bet02_101_all_pairs_incl_sentinel,round_win = game_pnl > 0 (decisive only),COMPATIBILITY_ONLY_NOT_PRODUCTION,296357.1217,267511.9505,6650.6079,18220,18206,-0.02244119,-0.04150452,-0.02020951,-0.02244119,-6650.6079,296357.1217,OK,0.0000,266.0243,4.0000,96.0000,AG03-UNRESOLVED,ALL5_LEVELS_bet23_to_bet27,266.0243,266.0243,266.0243,332.5304,332.5304,4.000000,4.000000,4.000000,5.000000,5.000000,96.000000,96.000000,96.000000,95.000000,95.000000,5.0,1463.1337,1340.2688,5187.4742,5310.3391,PENDING_AG03,FALSE,NOT_FOR_ENFORCEMENT,6384.5836,256811.4724,6650.6079,6384.5836,266.0243,0.02244119,0.02154355,266.0243,6384.5836,0.02154355,266.0243,266.0243,266.0243,332.5304,332.5304,6384.5836,0.02154355,1463.1337,1340.2688,5187.4742,5310.3391,0.01750413,0.01791872,0.00089765,16.2655,14.6936,0.3653,59.3804,1.1678,2646.0457,162.5536,12.4780,16.8648,9.0895,16.5695,22.0926,29.825,33.4482,44.5976,11.8163,0.0,2.018664,2.691552,0.981654,30,240,141,4,0.10479828,0.02244119,0.04150452,0E-8,0.000000,0.902668,0.011910,-0.02129501,2026-03-22,2026-08-05,112,5695,2177,137,0.817518,0.739886,0.767145,0.349328,,,,,,,,GLOBAL_BASELINE_NO_ENTITY_RANKING,,,NOT_APPLICABLE_GLOBAL_BASELINE,HF9g-P5,,,,X 全窗基线 · 不参与实体赏罚,14197098,1420,A168_HF9F_20260827_0900,2026-08-27 09:00:00
2026-08-04,110249610,1935,0,56.3087930045,-23.1859735901,-23.1859735901,0.2500000,4,4,0.49324550000000000,0.493245500000,-0.9730707933947887,-0.9730707933947887,-0.9730707933947887,0E-17,ELIGIBLE,R03b_20260811_FULL_v1,L1_ELIGIBILITY,v2026-08-11,2026-03-21..2026-08-06,baccarat_bet02_101_all_pairs_incl_sentinel,round_win = game_pnl > 0 (decisive only),COMPATIBILITY_ONLY_NOT_PRODUCTION,296357.1217,267511.9505,6650.6079,18220,18206,-0.02244119,-0.04150452,-0.02020951,-0.02244119,-6650.6079,296357.1217,OK,0.0000,266.0243,4.0000,96.0000,AG03-UNRESOLVED,ALL5_LEVELS_bet23_to_bet27,266.0243,266.0243,266.0243,332.5304,332.5304,4.000000,4.000000,4.000000,5.000000,5.000000,96.000000,96.000000,96.000000,95.000000,95.000000,5.0,1463.1337,1340.2688,5187.4742,5310.3391,PENDING_AG03,FALSE,NOT_FOR_ENFORCEMENT,6384.5836,256811.4724,6650.6079,6384.5836,266.0243,0.02244119,0.02154355,266.0243,6384.5836,0.02154355,266.0243,266.0243,266.0243,332.5304,332.5304,6384.5836,0.02154355,1463.1337,1340.2688,5187.4742,5310.3391,0.01750413,0.01791872,0.00089765,16.2655,14.6936,0.3653,59.3804,1.1678,2646.0457,162.5536,12.4780,16.8648,9.0895,16.5695,22.0926,29.825,33.4482,44.5976,11.8163,0.0,2.018664,2.691552,0.981654,30,240,141,4,0.10479828,0.02244119,0.04150452,0E-8,0.000000,0.902668,0.011910,-0.02129501,2026-03-22,2026-08-05,112,5695,2177,137,0.817518,0.739886,0.767145,0.349328,,,,,,,,GLOBAL_BASELINE_NO_ENTITY_RANKING,,,NOT_APPLICABLE_GLOBAL_BASELINE,HF9g-P5,,,,X 全窗基线 · 不参与实体赏罚,14197099,1420,A168_HF9F_20260827_0900,2026-08-27 09:00:00
2026-08-04,110249610,1957,0,5.7412886986,3.5331007376,3.5331007376,1.0000000,3,3,0.49324550000000000,0.493245500000,1.4334489766152358,1.4334489766152358,1.4334489766152358,0E-17,ELIGIBLE,R03b_20260811_FULL_v1,L1_ELIGIBILITY,v2026-08-11,2026-03-21..2026-08-06,baccarat_bet02_101_all_pairs_incl_sentinel,round_win = game_pnl > 0 (decisive only),COMPATIBILITY_ONLY_NOT_PRODUCTION,296357.1217,267511.9505,6650.6079,18220,18206,-0.02244119,-0.04150452,-0.02020951,-0.02244119,-6650.6079,296357.1217,OK,0.0000,266.0243,4.0000,96.0000,AG03-UNRESOLVED,ALL5_LEVELS_bet23_to_bet27,266.0243,266.0243,266.0243,332.5304,332.5304,4.000000,4.000000,4.000000,5.000000,5.000000,96.000000,96.000000,96.000000,95.000000,95.000000,5.0,1463.1337,1340.2688,5187.4742,5310.3391,PENDING_AG03,FALSE,NOT_FOR_ENFORCEMENT,6384.5836,256811.4724,6650.6079,6384.5836,266.0243,0.02244119,0.02154355,266.0243,6384.5836,0.02154355,266.0243,266.0243,266.0243,332.5304,332.5304,6384.5836,0.02154355,1463.1337,1340.2688,5187.4742,5310.3391,0.01750413,0.01791872,0.00089765,16.2655,14.6936,0.3653,59.3804,1.1678,2646.0457,162.5536,12.4780,16.8648,9.0895,16.5695,22.0926,29.825,33.4482,44.5976,11.8163,0.0,2.018664,2.691552,0.981654,30,240,141,4,0.10479828,0.02244119,0.04150452,0E-8,0.000000,0.902668,0.011910,-0.02129501,2026-03-22,2026-08-05,112,5695,2177,137,0.817518,0.739886,0.767145,0.349328,,,,,,,,GLOBAL_BASELINE_NO_ENTITY_RANKING,,,NOT_APPLICABLE_GLOBAL_BASELINE,HF9g-P5,,,,X 全窗基线 · 不参与实体赏罚,14197100,1420,A168_HF9F_20260827_0900,2026-08-27 09:00:00
2026-08-04,110249610,1966,0,41.4035242681,-5.2444464073,-5.2444464073,0.4545455,14,13,0.49854865604395795,0.498916930769,-0.291885447547063,-0.294327766572036,-0.291885447547063,-0.00036827472504205,ELIGIBLE,R03b_20260811_FULL_v1,L1_ELIGIBILITY,v2026-08-11,2026-03-21..2026-08-06,baccarat_bet02_101_all_pairs_incl_sentinel,round_win = game_pnl > 0 (decisive only),COMPATIBILITY_ONLY_NOT_PRODUCTION,296357.1217,267511.9505,6650.6079,18220,18206,-0.02244119,-0.04150452,-0.02020951,-0.02244119,-6650.6079,296357.1217,OK,0.0000,266.0243,4.0000,96.0000,AG03-UNRESOLVED,ALL5_LEVELS_bet23_to_bet27,266.0243,266.0243,266.0243,332.5304,332.5304,4.000000,4.000000,4.000000,5.000000,5.000000,96.000000,96.000000,96.000000,95.000000,95.000000,5.0,1463.1337,1340.2688,5187.4742,5310.3391,PENDING_AG03,FALSE,NOT_FOR_ENFORCEMENT,6384.5836,256811.4724,6650.6079,6384.5836,266.0243,0.02244119,0.02154355,266.0243,6384.5836,0.02154355,266.0243,266.0243,266.0243,332.5304,332.5304,6384.5836,0.02154355,1463.1337,1340.2688,5187.4742,5310.3391,0.01750413,0.01791872,0.00089765,16.2655,14.6936,0.3653,59.3804,1.1678,2646.0457,162.5536,12.4780,16.8648,9.0895,16.5695,22.0926,29.825,33.4482,44.5976,11.8163,0.0,2.018664,2.691552,0.981654,30,240,141,4,0.10479828,0.02244119,0.04150452,0E-8,0.000000,0.902668,0.011910,-0.02129501,2026-03-22,2026-08-05,112,5695,2177,137,0.817518,0.739886,0.767145,0.349328,,,,,,,,GLOBAL_BASELINE_NO_ENTITY_RANKING,,,NOT_APPLICABLE_GLOBAL_BASELINE,HF9g-P5,,,,X 全窗基线 · 不参与实体赏罚,14197101,1420,A168_HF9F_20260827_0900,2026-08-27 09:00:00
2026-08-04,110249610,1985,0,2.2081879610,2.2081879610,2.2081879610,1.0000000,2,2,0.49324550000000000,0.493245500000,1.4334489766152358,1.4334489766152358,1.4334489766152358,0E-17,ELIGIBLE,R03b_20260811_FULL_v1,L1_ELIGIBILITY,v2026-08-11,2026-03-21..2026-08-06,baccarat_bet02_101_all_pairs_incl_sentinel,round_win = game_pnl > 0 (decisive only),COMPATIBILITY_ONLY_NOT_PRODUCTION,296357.1217,267511.9505,6650.6079,18220,18206,-0.02244119,-0.04150452,-0.02020951,-0.02244119,-6650.6079,296357.1217,OK,0.0000,266.0243,4.0000,96.0000,AG03-UNRESOLVED,ALL5_LEVELS_bet23_to_bet27,266.0243,266.0243,266.0243,332.5304,332.5304,4.000000,4.000000,4.000000,5.000000,5.000000,96.000000,96.000000,96.000000,95.000000,95.000000,5.0,1463.1337,1340.2688,5187.4742,5310.3391,PENDING_AG03,FALSE,NOT_FOR_ENFORCEMENT,6384.5836,256811.4724,6650.6079,6384.5836,266.0243,0.02244119,0.02154355,266.0243,6384.5836,0.02154355,266.0243,266.0243,266.0243,332.5304,332.5304,6384.5836,0.02154355,1463.1337,1340.2688,5187.4742,5310.3391,0.01750413,0.01791872,0.00089765,16.2655,14.6936,0.3653,59.3804,1.1678,2646.0457,162.5536,12.4780,16.8648,9.0895,16.5695,22.0926,29.825,33.4482,44.5976,11.8163,0.0,2.018664,2.691552,0.981654,30,240,141,4,0.10479828,0.02244119,0.04150452,0E-8,0.000000,0.902668,0.011910,-0.02129501,2026-03-22,2026-08-05,112,5695,2177,137,0.817518,0.739886,0.767145,0.349328,,,,,,,,GLOBAL_BASELINE_NO_ENTITY_RANKING,,,NOT_APPLICABLE_GLOBAL_BASELINE,HF9g-P5,,,,X 全窗基线 · 不参与实体赏罚,14197102,1420,A168_HF9F_20260827_0900,2026-08-27 09:00:00
2026-08-04,110249610,2089,0,48.0280881509,-4.9684229121,-4.9684229121,0.5000000,4,4,0.50665070000000000,0.506650700000,-0.02660515369234503,-0.02660515369234503,-0.02660515369234503,0E-17,ELIGIBLE,R03b_20260811_FULL_v1,L1_ELIGIBILITY,v2026-08-11,2026-03-21..2026-08-06,baccarat_bet02_101_all_pairs_incl_sentinel,round_win = game_pnl > 0 (decisive only),COMPATIBILITY_ONLY_NOT_PRODUCTION,296357.1217,267511.9505,6650.6079,18220,18206,-0.02244119,-0.04150452,-0.02020951,-0.02244119,-6650.6079,296357.1217,OK,0.0000,266.0243,4.0000,96.0000,AG03-UNRESOLVED,ALL5_LEVELS_bet23_to_bet27,266.0243,266.0243,266.0243,332.5304,332.5304,4.000000,4.000000,4.000000,5.000000,5.000000,96.000000,96.000000,96.000000,95.000000,95.000000,5.0,1463.1337,1340.2688,5187.4742,5310.3391,PENDING_AG03,FALSE,NOT_FOR_ENFORCEMENT,6384.5836,256811.4724,6650.6079,6384.5836,266.0243,0.02244119,0.02154355,266.0243,6384.5836,0.02154355,266.0243,266.0243,266.0243,332.5304,332.5304,6384.5836,0.02154355,1463.1337,1340.2688,5187.4742,5310.3391,0.01750413,0.01791872,0.00089765,16.2655,14.6936,0.3653,59.3804,1.1678,2646.0457,162.5536,12.4780,16.8648,9.0895,16.5695,22.0926,29.825,33.4482,44.5976,11.8163,0.0,2.018664,2.691552,0.981654,30,240,141,4,0.10479828,0.02244119,0.04150452,0E-8,0.000000,0.902668,0.011910,-0.02129501,2026-03-22,2026-08-05,112,5695,2177,137,0.817518,0.739886,0.767145,0.349328,,,,,,,,GLOBAL_BASELINE_NO_ENTITY_RANKING,,,NOT_APPLICABLE_GLOBAL_BASELINE,HF9g-P5,,,,X 全窗基线 · 不参与实体赏罚,14197103,1420,A168_HF9F_20260827_0900,2026-08-27 09:00:00
2026-08-04,110249610,2106,0,66.2456388288,55.2046990240,55.2046990240,0.7500000,4,4,0.49659680000000000,0.496596800000,1.0136362796769356,1.0136362796769358,1.0136362796769356,0E-17,ELIGIBLE,R03b_20260811_FULL_v1,L1_ELIGIBILITY,v2026-08-11,2026-03-21..2026-08-06,baccarat_bet02_101_all_pairs_incl_sentinel,round_win = game_pnl > 0 (decisive only),COMPATIBILITY_ONLY_NOT_PRODUCTION,296357.1217,267511.9505,6650.6079,18220,18206,-0.02244119,-0.04150452,-0.02020951,-0.02244119,-6650.6079,296357.1217,OK,0.0000,266.0243,4.0000,96.0000,AG03-UNRESOLVED,ALL5_LEVELS_bet23_to_bet27,266.0243,266.0243,266.0243,332.5304,332.5304,4.000000,4.000000,4.000000,5.000000,5.000000,96.000000,96.000000,96.000000,95.000000,95.000000,5.0,1463.1337,1340.2688,5187.4742,5310.3391,PENDING_AG03,FALSE,NOT_FOR_ENFORCEMENT,6384.5836,256811.4724,6650.6079,6384.5836,266.0243,0.02244119,0.02154355,266.0243,6384.5836,0.02154355,266.0243,266.0243,266.0243,332.5304,332.5304,6384.5836,0.02154355,1463.1337,1340.2688,5187.4742,5310.3391,0.01750413,0.01791872,0.00089765,16.2655,14.6936,0.3653,59.3804,1.1678,2646.0457,162.5536,12.4780,16.8648,9.0895,16.5695,22.0926,29.825,33.4482,44.5976,11.8163,0.0,2.018664,2.691552,0.981654,30,240,141,4,0.10479828,0.02244119,0.04150452,0E-8,0.000000,0.902668,0.011910,-0.02129501,2026-03-22,2026-08-05,112,5695,2177,137,0.817518,0.739886,0.767145,0.349328,,,,,,,,GLOBAL_BASELINE_NO_ENTITY_RANKING,,,NOT_APPLICABLE_GLOBAL_BASELINE,HF9g-P5,,,,X 全窗基线 · 不参与实体赏罚,14197104,1420,A168_HF9F_20260827_0900,2026-08-27 09:00:00
2026-08-04,110249610,2115,0,16.5614097072,0E-10,0E-10,,1,1,0.49324550000000000,0.493245500000,,,,0E-17,NO_DECISIVE_ROUND,R03b_20260811_FULL_v1,L1_ELIGIBILITY,v2026-08-11,2026-03-21..2026-08-06,baccarat_bet02_101_all_pairs_incl_sentinel,round_win = game_pnl > 0 (decisive only),COMPATIBILITY_ONLY_NOT_PRODUCTION,296357.1217,267511.9505,6650.6079,18220,18206,-0.02244119,-0.04150452,-0.02020951,-0.02244119,-6650.6079,296357.1217,OK,0.0000,266.0243,4.0000,96.0000,AG03-UNRESOLVED,ALL5_LEVELS_bet23_to_bet27,266.0243,266.0243,266.0243,332.5304,332.5304,4.000000,4.000000,4.000000,5.000000,5.000000,96.000000,96.000000,96.000000,95.000000,95.000000,5.0,1463.1337,1340.2688,5187.4742,5310.3391,PENDING_AG03,FALSE,NOT_FOR_ENFORCEMENT,6384.5836,256811.4724,6650.6079,6384.5836,266.0243,0.02244119,0.02154355,266.0243,6384.5836,0.02154355,266.0243,266.0243,266.0243,332.5304,332.5304,6384.5836,0.02154355,1463.1337,1340.2688,5187.4742,5310.3391,0.01750413,0.01791872,0.00089765,16.2655,14.6936,0.3653,59.3804,1.1678,2646.0457,162.5536,12.4780,16.8648,9.0895,16.5695,22.0926,29.825,33.4482,44.5976,11.8163,0.0,2.018664,2.691552,0.981654,30,240,141,4,0.10479828,0.02244119,0.04150452,0E-8,0.000000,0.902668,0.011910,-0.02129501,2026-03-22,2026-08-05,112,5695,2177,137,0.817518,0.739886,0.767145,0.349328,,,,,,,,GLOBAL_BASELINE_NO_ENTITY_RANKING,,,NOT_APPLICABLE_GLOBAL_BASELINE,HF9g-P5,,,,X 全窗基线 · 不参与实体赏罚,14197105,1420,A168_HF9F_20260827_0900,2026-08-27 09:00:00
2026-08-04,110249610,2117,0,17.6655036877,4.4163759219,4.4163759219,0.6666667,3,3,0.49324550000000000,0.493245500000,0.6008033672792107,0.6008033672792106,0.6008033672792107,0E-17,ELIGIBLE,R03b_20260811_FULL_v1,L1_ELIGIBILITY,v2026-08-11,2026-03-21..2026-08-06,baccarat_bet02_101_all_pairs_incl_sentinel,round_win = game_pnl > 0 (decisive only),COMPATIBILITY_ONLY_NOT_PRODUCTION,296357.1217,267511.9505,6650.6079,18220,18206,-0.02244119,-0.04150452,-0.02020951,-0.02244119,-6650.6079,296357.1217,OK,0.0000,266.0243,4.0000,96.0000,AG03-UNRESOLVED,ALL5_LEVELS_bet23_to_bet27,266.0243,266.0243,266.0243,332.5304,332.5304,4.000000,4.000000,4.000000,5.000000,5.000000,96.000000,96.000000,96.000000,95.000000,95.000000,5.0,1463.1337,1340.2688,5187.4742,5310.3391,PENDING_AG03,FALSE,NOT_FOR_ENFORCEMENT,6384.5836,256811.4724,6650.6079,6384.5836,266.0243,0.02244119,0.02154355,266.0243,6384.5836,0.02154355,266.0243,266.0243,266.0243,332.5304,332.5304,6384.5836,0.02154355,1463.1337,1340.2688,5187.4742,5310.3391,0.01750413,0.01791872,0.00089765,16.2655,14.6936,0.3653,59.3804,1.1678,2646.0457,162.5536,12.4780,16.8648,9.0895,16.5695,22.0926,29.825,33.4482,44.5976,11.8163,0.0,2.018664,2.691552,0.981654,30,240,141,4,0.10479828,0.02244119,0.04150452,0E-8,0.000000,0.902668,0.011910,-0.02129501,2026-03-22,2026-08-05,112,5695,2177,137,0.817518,0.739886,0.767145,0.349328,,,,,,,,GLOBAL_BASELINE_NO_ENTITY_RANKING,,,NOT_APPLICABLE_GLOBAL_BASELINE,HF9g-P5,,,,X 全窗基线 · 不参与实体赏罚,14197106,1420,A168_HF9F_20260827_0900,2026-08-27 09:00:00
2026-08-04,110249610,2121,0,12.5866713775,-0.9605617630,-0.9605617630,0.5000000,2,2,0.50665070000000000,0.506650700000,-0.018812684590367487,-0.018812684590367487,-0.018812684590367487,0E-17,ELIGIBLE,R03b_20260811_FULL_v1,L1_ELIGIBILITY,v2026-08-11,2026-03-21..2026-08-06,baccarat_bet02_101_all_pairs_incl_sentinel,round_win = game_pnl > 0 (decisive only),COMPATIBILITY_ONLY_NOT_PRODUCTION,296357.1217,267511.9505,6650.6079,18220,18206,-0.02244119,-0.04150452,-0.02020951,-0.02244119,-6650.6079,296357.1217,OK,0.0000,266.0243,4.0000,96.0000,AG03-UNRESOLVED,ALL5_LEVELS_bet23_to_bet27,266.0243,266.0243,266.0243,332.5304,332.5304,4.000000,4.000000,4.000000,5.000000,5.000000,96.000000,96.000000,96.000000,95.000000,95.000000,5.0,1463.1337,1340.2688,5187.4742,5310.3391,PENDING_AG03,FALSE,NOT_FOR_ENFORCEMENT,6384.5836,256811.4724,6650.6079,6384.5836,266.0243,0.02244119,0.02154355,266.0243,6384.5836,0.02154355,266.0243,266.0243,266.0243,332.5304,332.5304,6384.5836,0.02154355,1463.1337,1340.2688,5187.4742,5310.3391,0.01750413,0.01791872,0.00089765,16.2655,14.6936,0.3653,59.3804,1.1678,2646.0457,162.5536,12.4780,16.8648,9.0895,16.5695,22.0926,29.825,33.4482,44.5976,11.8163,0.0,2.018664,2.691552,0.981654,30,240,141,4,0.10479828,0.02244119,0.04150452,0E-8,0.000000,0.902668,0.011910,-0.02129501,2026-03-22,2026-08-05,112,5695,2177,137,0.817518,0.739886,0.767145,0.349328,,,,,,,,GLOBAL_BASELINE_NO_ENTITY_RANKING,,,NOT_APPLICABLE_GLOBAL_BASELINE,HF9g-P5,,,,X 全窗基线 · 不参与实体赏罚,14197107,1420,A168_HF9F_20260827_0900,2026-08-27 09:00:00
2026-08-04,110249610,2123,0,43.0596652388,-1.1040939804,-1.1040939804,0.5000000,7,7,0.49324550000000000,0.493245500000,0.03309317671092531,0.03309317671092531,0.03309317671092531,0E-17,ELIGIBLE,R03b_20260811_FULL_v1,L1_ELIGIBILITY,v2026-08-11,2026-03-21..2026-08-06,baccarat_bet02_101_all_pairs_incl_sentinel,round_win = game_pnl > 0 (decisive only),COMPATIBILITY_ONLY_NOT_PRODUCTION,296357.1217,267511.9505,6650.6079,18220,18206,-0.02244119,-0.04150452,-0.02020951,-0.02244119,-6650.6079,296357.1217,OK,0.0000,266.0243,4.0000,96.0000,AG03-UNRESOLVED,ALL5_LEVELS_bet23_to_bet27,266.0243,266.0243,266.0243,332.5304,332.5304,4.000000,4.000000,4.000000,5.000000,5.000000,96.000000,96.000000,96.000000,95.000000,95.000000,5.0,1463.1337,1340.2688,5187.4742,5310.3391,PENDING_AG03,FALSE,NOT_FOR_ENFORCEMENT,6384.5836,256811.4724,6650.6079,6384.5836,266.0243,0.02244119,0.02154355,266.0243,6384.5836,0.02154355,266.0243,266.0243,266.0243,332.5304,332.5304,6384.5836,0.02154355,1463.1337,1340.2688,5187.4742,5310.3391,0.01750413,0.01791872,0.00089765,16.2655,14.6936,0.3653,59.3804,1.1678,2646.0457,162.5536,12.4780,16.8648,9.0895,16.5695,22.0926,29.825,33.4482,44.5976,11.8163,0.0,2.018664,2.691552,0.981654,30,240,141,4,0.10479828,0.02244119,0.04150452,0E-8,0.000000,0.902668,0.011910,-0.02129501,2026-03-22,2026-08-05,112,5695,2177,137,0.817518,0.739886,0.767145,0.349328,,,,,,,,GLOBAL_BASELINE_NO_ENTITY_RANKING,,,NOT_APPLICABLE_GLOBAL_BASELINE,HF9g-P5,,,,X 全窗基线 · 不参与实体赏罚,14197108,1420,A168_HF9F_20260827_0900,2026-08-27 09:00:00
2026-08-04,110249610,2134,0,97.0498608841,51.2906858631,51.2906858631,0.8571429,7,7,0.50665070000000000,0.506650700000,1.8547942576316225,1.8547942576316225,1.8547942576316225,0E-17,ELIGIBLE,R03b_20260811_FULL_v1,L1_ELIGIBILITY,v2026-08-11,2026-03-21..2026-08-06,baccarat_bet02_101_all_pairs_incl_sentinel,round_win = game_pnl > 0 (decisive only),COMPATIBILITY_ONLY_NOT_PRODUCTION,296357.1217,267511.9505,6650.6079,18220,18206,-0.02244119,-0.04150452,-0.02020951,-0.02244119,-6650.6079,296357.1217,OK,0.0000,266.0243,4.0000,96.0000,AG03-UNRESOLVED,ALL5_LEVELS_bet23_to_bet27,266.0243,266.0243,266.0243,332.5304,332.5304,4.000000,4.000000,4.000000,5.000000,5.000000,96.000000,96.000000,96.000000,95.000000,95.000000,5.0,1463.1337,1340.2688,5187.4742,5310.3391,PENDING_AG03,FALSE,NOT_FOR_ENFORCEMENT,6384.5836,256811.4724,6650.6079,6384.5836,266.0243,0.02244119,0.02154355,266.0243,6384.5836,0.02154355,266.0243,266.0243,266.0243,332.5304,332.5304,6384.5836,0.02154355,1463.1337,1340.2688,5187.4742,5310.3391,0.01750413,0.01791872,0.00089765,16.2655,14.6936,0.3653,59.3804,1.1678,2646.0457,162.5536,12.4780,16.8648,9.0895,16.5695,22.0926,29.825,33.4482,44.5976,11.8163,0.0,2.018664,2.691552,0.981654,30,240,141,4,0.10479828,0.02244119,0.04150452,0E-8,0.000000,0.902668,0.011910,-0.02129501,2026-03-22,2026-08-05,112,5695,2177,137,0.817518,0.739886,0.767145,0.349328,,,,,,,,GLOBAL_BASELINE_NO_ENTITY_RANKING,,,NOT_APPLICABLE_GLOBAL_BASELINE,HF9g-P5,,,,X 全窗基线 · 不参与实体赏罚,14197109,1420,A168_HF9F_20260827_0900,2026-08-27 09:00:00
2026-08-04,110249610,2152,0,120.3462438722,-38.5328799187,-38.5328799187,0.4285714,7,7,0.50090561428571429,0.500905614286,-0.38275716120403624,-0.38275716120554854,-0.38275716120403624,-2.8571E-13,ELIGIBLE,R03b_20260811_FULL_v1,L1_ELIGIBILITY,v2026-08-11,2026-03-21..2026-08-06,baccarat_bet02_101_all_pairs_incl_sentinel,round_win = game_pnl > 0 (decisive only),COMPATIBILITY_ONLY_NOT_PRODUCTION,296357.1217,267511.9505,6650.6079,18220,18206,-0.02244119,-0.04150452,-0.02020951,-0.02244119,-6650.6079,296357.1217,OK,0.0000,266.0243,4.0000,96.0000,AG03-UNRESOLVED,ALL5_LEVELS_bet23_to_bet27,266.0243,266.0243,266.0243,332.5304,332.5304,4.000000,4.000000,4.000000,5.000000,5.000000,96.000000,96.000000,96.000000,95.000000,95.000000,5.0,1463.1337,1340.2688,5187.4742,5310.3391,PENDING_AG03,FALSE,NOT_FOR_ENFORCEMENT,6384.5836,256811.4724,6650.6079,6384.5836,266.0243,0.02244119,0.02154355,266.0243,6384.5836,0.02154355,266.0243,266.0243,266.0243,332.5304,332.5304,6384.5836,0.02154355,1463.1337,1340.2688,5187.4742,5310.3391,0.01750413,0.01791872,0.00089765,16.2655,14.6936,0.3653,59.3804,1.1678,2646.0457,162.5536,12.4780,16.8648,9.0895,16.5695,22.0926,29.825,33.4482,44.5976,11.8163,0.0,2.018664,2.691552,0.981654,30,240,141,4,0.10479828,0.02244119,0.04150452,0E-8,0.000000,0.902668,0.011910,-0.02129501,2026-03-22,2026-08-05,112,5695,2177,137,0.817518,0.739886,0.767145,0.349328,,,,,,,,GLOBAL_BASELINE_NO_ENTITY_RANKING,,,NOT_APPLICABLE_GLOBAL_BASELINE,HF9g-P5,,,,X 全窗基线 · 不参与实体赏罚,14197110,1420,A168_HF9F_20260827_0900,2026-08-27 09:00:00
2026-08-04,110249610,2153,0,16.5614097072,-16.5614097072,-16.5614097072,0E-7,1,1,0.50665070000000000,0.506650700000,-1.013391052207602,-1.013391052207602,-1.013391052207602,0E-17,ELIGIBLE,R03b_20260811_FULL_v1,L1_ELIGIBILITY,v2026-08-11,2026-03-21..2026-08-06,baccarat_bet02_101_all_pairs_incl_sentinel,round_win = game_pnl > 0 (decisive only),COMPATIBILITY_ONLY_NOT_PRODUCTION,296357.1217,267511.9505,6650.6079,18220,18206,-0.02244119,-0.04150452,-0.02020951,-0.02244119,-6650.6079,296357.1217,OK,0.0000,266.0243,4.0000,96.0000,AG03-UNRESOLVED,ALL5_LEVELS_bet23_to_bet27,266.0243,266.0243,266.0243,332.5304,332.5304,4.000000,4.000000,4.000000,5.000000,5.000000,96.000000,96.000000,96.000000,95.000000,95.000000,5.0,1463.1337,1340.2688,5187.4742,5310.3391,PENDING_AG03,FALSE,NOT_FOR_ENFORCEMENT,6384.5836,256811.4724,6650.6079,6384.5836,266.0243,0.02244119,0.02154355,266.0243,6384.5836,0.02154355,266.0243,266.0243,266.0243,332.5304,332.5304,6384.5836,0.02154355,1463.1337,1340.2688,5187.4742,5310.3391,0.01750413,0.01791872,0.00089765,16.2655,14.6936,0.3653,59.3804,1.1678,2646.0457,162.5536,12.4780,16.8648,9.0895,16.5695,22.0926,29.825,33.4482,44.5976,11.8163,0.0,2.018664,2.691552,0.981654,30,240,141,4,0.10479828,0.02244119,0.04150452,0E-8,0.000000,0.902668,0.011910,-0.02129501,2026-03-22,2026-08-05,112,5695,2177,137,0.817518,0.739886,0.767145,0.349328,,,,,,,,GLOBAL_BASELINE_NO_ENTITY_RANKING,,,NOT_APPLICABLE_GLOBAL_BASELINE,HF9g-P5,,,,X 全窗基线 · 不参与实体赏罚,14197111,1420,A168_HF9F_20260827_0900,2026-08-27 09:00:00
2026-08-04,110249610,2155,0,22.1922890076,3.8588084618,3.8588084618,0.6666667,3,3,0.50665070000000000,0.506650700000,0.5543606114942035,0.5543606114942035,0.5543606114942035,0E-17,ELIGIBLE,R03b_20260811_FULL_v1,L1_ELIGIBILITY,v2026-08-11,2026-03-21..2026-08-06,baccarat_bet02_101_all_pairs_incl_sentinel,round_win = game_pnl > 0 (decisive only),COMPATIBILITY_ONLY_NOT_PRODUCTION,296357.1217,267511.9505,6650.6079,18220,18206,-0.02244119,-0.04150452,-0.02020951,-0.02244119,-6650.6079,296357.1217,OK,0.0000,266.0243,4.0000,96.0000,AG03-UNRESOLVED,ALL5_LEVELS_bet23_to_bet27,266.0243,266.0243,266.0243,332.5304,332.5304,4.000000,4.000000,4.000000,5.000000,5.000000,96.000000,96.000000,96.000000,95.000000,95.000000,5.0,1463.1337,1340.2688,5187.4742,5310.3391,PENDING_AG03,FALSE,NOT_FOR_ENFORCEMENT,6384.5836,256811.4724,6650.6079,6384.5836,266.0243,0.02244119,0.02154355,266.0243,6384.5836,0.02154355,266.0243,266.0243,266.0243,332.5304,332.5304,6384.5836,0.02154355,1463.1337,1340.2688,5187.4742,5310.3391,0.01750413,0.01791872,0.00089765,16.2655,14.6936,0.3653,59.3804,1.1678,2646.0457,162.5536,12.4780,16.8648,9.0895,16.5695,22.0926,29.825,33.4482,44.5976,11.8163,0.0,2.018664,2.691552,0.981654,30,240,141,4,0.10479828,0.02244119,0.04150452,0E-8,0.000000,0.902668,0.011910,-0.02129501,2026-03-22,2026-08-05,112,5695,2177,137,0.817518,0.739886,0.767145,0.349328,,,,,,,,GLOBAL_BASELINE_NO_ENTITY_RANKING,,,NOT_APPLICABLE_GLOBAL_BASELINE,HF9g-P5,,,,X 全窗基线 · 不参与实体赏罚,14197112,1420,A168_HF9F_20260827_0900,2026-08-27 09:00:00
2026-08-04,110249610,2156,0,3.3122819414,-3.3122819414,-3.3122819414,0E-7,1,1,0.50665070000000000,0.506650700000,-1.013391052207602,-1.013391052207602,-1.013391052207602,0E-17,ELIGIBLE,R03b_20260811_FULL_v1,L1_ELIGIBILITY,v2026-08-11,2026-03-21..2026-08-06,baccarat_bet02_101_all_pairs_incl_sentinel,round_win = game_pnl > 0 (decisive only),COMPATIBILITY_ONLY_NOT_PRODUCTION,296357.1217,267511.9505,6650.6079,18220,18206,-0.02244119,-0.04150452,-0.02020951,-0.02244119,-6650.6079,296357.1217,OK,0.0000,266.0243,4.0000,96.0000,AG03-UNRESOLVED,ALL5_LEVELS_bet23_to_bet27,266.0243,266.0243,266.0243,332.5304,332.5304,4.000000,4.000000,4.000000,5.000000,5.000000,96.000000,96.000000,96.000000,95.000000,95.000000,5.0,1463.1337,1340.2688,5187.4742,5310.3391,PENDING_AG03,FALSE,NOT_FOR_ENFORCEMENT,6384.5836,256811.4724,6650.6079,6384.5836,266.0243,0.02244119,0.02154355,266.0243,6384.5836,0.02154355,266.0243,266.0243,266.0243,332.5304,332.5304,6384.5836,0.02154355,1463.1337,1340.2688,5187.4742,5310.3391,0.01750413,0.01791872,0.00089765,16.2655,14.6936,0.3653,59.3804,1.1678,2646.0457,162.5536,12.4780,16.8648,9.0895,16.5695,22.0926,29.825,33.4482,44.5976,11.8163,0.0,2.018664,2.691552,0.981654,30,240,141,4,0.10479828,0.02244119,0.04150452,0E-8,0.000000,0.902668,0.011910,-0.02129501,2026-03-22,2026-08-05,112,5695,2177,137,0.817518,0.739886,0.767145,0.349328,,,,,,,,GLOBAL_BASELINE_NO_ENTITY_RANKING,,,NOT_APPLICABLE_GLOBAL_BASELINE,HF9g-P5,,,,X 全窗基线 · 不参与实体赏罚,14197113,1420,A168_HF9F_20260827_0900,2026-08-27 09:00:00
2026-08-04,110249610,2170,0,118.1380559115,-41.6795477631,-41.6795477631,0.4166667,12,12,0.49659680000000000,0.496596800000,-0.5537850357270144,-0.5537850357270144,-0.5537850357270144,0E-17,ELIGIBLE,R03b_20260811_FULL_v1,L1_ELIGIBILITY,v2026-08-11,2026-03-21..2026-08-06,baccarat_bet02_101_all_pairs_incl_sentinel,round_win = game_pnl > 0 (decisive only),COMPATIBILITY_ONLY_NOT_PRODUCTION,296357.1217,267511.9505,6650.6079,18220,18206,-0.02244119,-0.04150452,-0.02020951,-0.02244119,-6650.6079,296357.1217,OK,0.0000,266.0243,4.0000,96.0000,AG03-UNRESOLVED,ALL5_LEVELS_bet23_to_bet27,266.0243,266.0243,266.0243,332.5304,332.5304,4.000000,4.000000,4.000000,5.000000,5.000000,96.000000,96.000000,96.000000,95.000000,95.000000,5.0,1463.1337,1340.2688,5187.4742,5310.3391,PENDING_AG03,FALSE,NOT_FOR_ENFORCEMENT,6384.5836,256811.4724,6650.6079,6384.5836,266.0243,0.02244119,0.02154355,266.0243,6384.5836,0.02154355,266.0243,266.0243,266.0243,332.5304,332.5304,6384.5836,0.02154355,1463.1337,1340.2688,5187.4742,5310.3391,0.01750413,0.01791872,0.00089765,16.2655,14.6936,0.3653,59.3804,1.1678,2646.0457,162.5536,12.4780,16.8648,9.0895,16.5695,22.0926,29.825,33.4482,44.5976,11.8163,0.0,2.018664,2.691552,0.981654,30,240,141,4,0.10479828,0.02244119,0.04150452,0E-8,0.000000,0.902668,0.011910,-0.02129501,2026-03-22,2026-08-05,112,5695,2177,137,0.817518,0.739886,0.767145,0.349328,,,,,,,,GLOBAL_BASELINE_NO_ENTITY_RANKING,,,NOT_APPLICABLE_GLOBAL_BASELINE,HF9g-P5,,,,X 全窗基线 · 不参与实体赏罚,14197114,1420,A168_HF9F_20260827_0900,2026-08-27 09:00:00
2026-08-04,110249610,2205,0,1.1040939805,-1.1040939805,-1.1040939805,0E-7,1,1,0.50665070000000000,0.506650700000,-1.013391052207602,-1.013391052207602,-1.013391052207602,0E-17,ELIGIBLE,R03b_20260811_FULL_v1,L1_ELIGIBILITY,v2026-08-11,2026-03-21..2026-08-06,baccarat_bet02_101_all_pairs_incl_sentinel,round_win = game_pnl > 0 (decisive only),COMPATIBILITY_ONLY_NOT_PRODUCTION,296357.1217,267511.9505,6650.6079,18220,18206,-0.02244119,-0.04150452,-0.02020951,-0.02244119,-6650.6079,296357.1217,OK,0.0000,266.0243,4.0000,96.0000,AG03-UNRESOLVED,ALL5_LEVELS_bet23_to_bet27,266.0243,266.0243,266.0243,332.5304,332.5304,4.000000,4.000000,4.000000,5.000000,5.000000,96.000000,96.000000,96.000000,95.000000,95.000000,5.0,1463.1337,1340.2688,5187.4742,5310.3391,PENDING_AG03,FALSE,NOT_FOR_ENFORCEMENT,6384.5836,256811.4724,6650.6079,6384.5836,266.0243,0.02244119,0.02154355,266.0243,6384.5836,0.02154355,266.0243,266.0243,266.0243,332.5304,332.5304,6384.5836,0.02154355,1463.1337,1340.2688,5187.4742,5310.3391,0.01750413,0.01791872,0.00089765,16.2655,14.6936,0.3653,59.3804,1.1678,2646.0457,162.5536,12.4780,16.8648,9.0895,16.5695,22.0926,29.825,33.4482,44.5976,11.8163,0.0,2.018664,2.691552,0.981654,30,240,141,4,0.10479828,0.02244119,0.04150452,0E-8,0.000000,0.902668,0.011910,-0.02129501,2026-03-22,2026-08-05,112,5695,2177,137,0.817518,0.739886,0.767145,0.349328,,,,,,,,GLOBAL_BASELINE_NO_ENTITY_RANKING,,,NOT_APPLICABLE_GLOBAL_BASELINE,HF9g-P5,,,,X 全窗基线 · 不参与实体赏罚,14197115,1420,A168_HF9F_20260827_0900,2026-08-27 09:00:00
2026-08-04,110249610,2216,0,38.6432893168,4.9684229122,4.9684229122,0.5000000,4,4,0.50329940000000000,0.503299400000,-0.01319788734859681,-0.01319788734859681,-0.01319788734859681,0E-17,ELIGIBLE,R03b_20260811_FULL_v1,L1_ELIGIBILITY,v2026-08-11,2026-03-21..2026-08-06,baccarat_bet02_101_all_pairs_incl_sentinel,round_win = game_pnl > 0 (decisive only),COMPATIBILITY_ONLY_NOT_PRODUCTION,296357.1217,267511.9505,6650.6079,18220,18206,-0.02244119,-0.04150452,-0.02020951,-0.02244119,-6650.6079,296357.1217,OK,0.0000,266.0243,4.0000,96.0000,AG03-UNRESOLVED,ALL5_LEVELS_bet23_to_bet27,266.0243,266.0243,266.0243,332.5304,332.5304,4.000000,4.000000,4.000000,5.000000,5.000000,96.000000,96.000000,96.000000,95.000000,95.000000,5.0,1463.1337,1340.2688,5187.4742,5310.3391,PENDING_AG03,FALSE,NOT_FOR_ENFORCEMENT,6384.5836,256811.4724,6650.6079,6384.5836,266.0243,0.02244119,0.02154355,266.0243,6384.5836,0.02154355,266.0243,266.0243,266.0243,332.5304,332.5304,6384.5836,0.02154355,1463.1337,1340.2688,5187.4742,5310.3391,0.01750413,0.01791872,0.00089765,16.2655,14.6936,0.3653,59.3804,1.1678,2646.0457,162.5536,12.4780,16.8648,9.0895,16.5695,22.0926,29.825,33.4482,44.5976,11.8163,0.0,2.018664,2.691552,0.981654,30,240,141,4,0.10479828,0.02244119,0.04150452,0E-8,0.000000,0.902668,0.011910,-0.02129501,2026-03-22,2026-08-05,112,5695,2177,137,0.817518,0.739886,0.767145,0.349328,,,,,,,,GLOBAL_BASELINE_NO_ENTITY_RANKING,,,NOT_APPLICABLE_GLOBAL_BASELINE,HF9g-P5,,,,X 全窗基线 · 不参与实体赏罚,14197116,1420,A168_HF9F_20260827_0900,2026-08-27 09:00:00
2026-08-04,110249610,2218,0,2.2081879610,0E-10,0E-10,,1,1,0.49324550000000000,0.493245500000,,,,0E-17,NO_DECISIVE_ROUND,R03b_20260811_FULL_v1,L1_ELIGIBILITY,v2026-08-11,2026-03-21..2026-08-06,baccarat_bet02_101_all_pairs_incl_sentinel,round_win = game_pnl > 0 (decisive only),COMPATIBILITY_ONLY_NOT_PRODUCTION,296357.1217,267511.9505,6650.6079,18220,18206,-0.02244119,-0.04150452,-0.02020951,-0.02244119,-6650.6079,296357.1217,OK,0.0000,266.0243,4.0000,96.0000,AG03-UNRESOLVED,ALL5_LEVELS_bet23_to_bet27,266.0243,266.0243,266.0243,332.5304,332.5304,4.000000,4.000000,4.000000,5.000000,5.000000,96.000000,96.000000,96.000000,95.000000,95.000000,5.0,1463.1337,1340.2688,5187.4742,5310.3391,PENDING_AG03,FALSE,NOT_FOR_ENFORCEMENT,6384.5836,256811.4724,6650.6079,6384.5836,266.0243,0.02244119,0.02154355,266.0243,6384.5836,0.02154355,266.0243,266.0243,266.0243,332.5304,332.5304,6384.5836,0.02154355,1463.1337,1340.2688,5187.4742,5310.3391,0.01750413,0.01791872,0.00089765,16.2655,14.6936,0.3653,59.3804,1.1678,2646.0457,162.5536,12.4780,16.8648,9.0895,16.5695,22.0926,29.825,33.4482,44.5976,11.8163,0.0,2.018664,2.691552,0.981654,30,240,141,4,0.10479828,0.02244119,0.04150452,0E-8,0.000000,0.902668,0.011910,-0.02129501,2026-03-22,2026-08-05,112,5695,2177,137,0.817518,0.739886,0.767145,0.349328,,,,,,,,GLOBAL_BASELINE_NO_ENTITY_RANKING,,,NOT_APPLICABLE_GLOBAL_BASELINE,HF9g-P5,,,,X 全窗基线 · 不参与实体赏罚,14197117,1420,A168_HF9F_20260827_0900,2026-08-27 09:00:00
2026-08-04,110249610,2222,0,25.3941615512,11.0409398049,11.0409398049,0.8333333,9,9,0.49324550000000000,0.493245500000,1.666235363940442,1.6662353639404415,1.666235363940442,0E-17,ELIGIBLE,R03b_20260811_FULL_v1,L1_ELIGIBILITY,v2026-08-11,2026-03-21..2026-08-06,baccarat_bet02_101_all_pairs_incl_sentinel,round_win = game_pnl > 0 (decisive only),COMPATIBILITY_ONLY_NOT_PRODUCTION,296357.1217,267511.9505,6650.6079,18220,18206,-0.02244119,-0.04150452,-0.02020951,-0.02244119,-6650.6079,296357.1217,OK,0.0000,266.0243,4.0000,96.0000,AG03-UNRESOLVED,ALL5_LEVELS_bet23_to_bet27,266.0243,266.0243,266.0243,332.5304,332.5304,4.000000,4.000000,4.000000,5.000000,5.000000,96.000000,96.000000,96.000000,95.000000,95.000000,5.0,1463.1337,1340.2688,5187.4742,5310.3391,PENDING_AG03,FALSE,NOT_FOR_ENFORCEMENT,6384.5836,256811.4724,6650.6079,6384.5836,266.0243,0.02244119,0.02154355,266.0243,6384.5836,0.02154355,266.0243,266.0243,266.0243,332.5304,332.5304,6384.5836,0.02154355,1463.1337,1340.2688,5187.4742,5310.3391,0.01750413,0.01791872,0.00089765,16.2655,14.6936,0.3653,59.3804,1.1678,2646.0457,162.5536,12.4780,16.8648,9.0895,16.5695,22.0926,29.825,33.4482,44.5976,11.8163,0.0,2.018664,2.691552,0.981654,30,240,141,4,0.10479828,0.02244119,0.04150452,0E-8,0.000000,0.902668,0.011910,-0.02129501,2026-03-22,2026-08-05,112,5695,2177,137,0.817518,0.739886,0.767145,0.349328,,,,,,,,GLOBAL_BASELINE_NO_ENTITY_RANKING,,,NOT_APPLICABLE_GLOBAL_BASELINE,HF9g-P5,,,,X 全窗基线 · 不参与实体赏罚,14197118,1420,A168_HF9F_20260827_0900,2026-08-27 09:00:00
2026-08-04,110249610,2223,0,75.0783906727,-22.6339265999,-22.6339265999,0.2000000,6,6,0.49771390000000000,0.497713900000,-1.3314309533564708,-1.3314309533564703,-1.3314309533564708,0E-17,ELIGIBLE,R03b_20260811_FULL_v1,L1_ELIGIBILITY,v2026-08-11,2026-03-21..2026-08-06,baccarat_bet02_101_all_pairs_incl_sentinel,round_win = game_pnl > 0 (decisive only),COMPATIBILITY_ONLY_NOT_PRODUCTION,296357.1217,267511.9505,6650.6079,18220,18206,-0.02244119,-0.04150452,-0.02020951,-0.02244119,-6650.6079,296357.1217,OK,0.0000,266.0243,4.0000,96.0000,AG03-UNRESOLVED,ALL5_LEVELS_bet23_to_bet27,266.0243,266.0243,266.0243,332.5304,332.5304,4.000000,4.000000,4.000000,5.000000,5.000000,96.000000,96.000000,96.000000,95.000000,95.000000,5.0,1463.1337,1340.2688,5187.4742,5310.3391,PENDING_AG03,FALSE,NOT_FOR_ENFORCEMENT,6384.5836,256811.4724,6650.6079,6384.5836,266.0243,0.02244119,0.02154355,266.0243,6384.5836,0.02154355,266.0243,266.0243,266.0243,332.5304,332.5304,6384.5836,0.02154355,1463.1337,1340.2688,5187.4742,5310.3391,0.01750413,0.01791872,0.00089765,16.2655,14.6936,0.3653,59.3804,1.1678,2646.0457,162.5536,12.4780,16.8648,9.0895,16.5695,22.0926,29.825,33.4482,44.5976,11.8163,0.0,2.018664,2.691552,0.981654,30,240,141,4,0.10479828,0.02244119,0.04150452,0E-8,0.000000,0.902668,0.011910,-0.02129501,2026-03-22,2026-08-05,112,5695,2177,137,0.817518,0.739886,0.767145,0.349328,,,,,,,,GLOBAL_BASELINE_NO_ENTITY_RANKING,,,NOT_APPLICABLE_GLOBAL_BASELINE,HF9g-P5,,,,X 全窗基线 · 不参与实体赏罚,14197119,1420,A168_HF9F_20260827_0900,2026-08-27 09:00:00
2026-08-04,110249610,2229,0,44.1637592192,9.6608223292,9.6608223292,0.6666667,3,3,0.50665070000000000,0.506650700000,0.5543606114942035,0.5543606114942035,0.5543606114942035,0E-17,ELIGIBLE,R03b_20260811_FULL_v1,L1_ELIGIBILITY,v2026-08-11,2026-03-21..2026-08-06,baccarat_bet02_101_all_pairs_incl_sentinel,round_win = game_pnl > 0 (decisive only),COMPATIBILITY_ONLY_NOT_PRODUCTION,296357.1217,267511.9505,6650.6079,18220,18206,-0.02244119,-0.04150452,-0.02020951,-0.02244119,-6650.6079,296357.1217,OK,0.0000,266.0243,4.0000,96.0000,AG03-UNRESOLVED,ALL5_LEVELS_bet23_to_bet27,266.0243,266.0243,266.0243,332.5304,332.5304,4.000000,4.000000,4.000000,5.000000,5.000000,96.000000,96.000000,96.000000,95.000000,95.000000,5.0,1463.1337,1340.2688,5187.4742,5310.3391,PENDING_AG03,FALSE,NOT_FOR_ENFORCEMENT,6384.5836,256811.4724,6650.6079,6384.5836,266.0243,0.02244119,0.02154355,266.0243,6384.5836,0.02154355,266.0243,266.0243,266.0243,332.5304,332.5304,6384.5836,0.02154355,1463.1337,1340.2688,5187.4742,5310.3391,0.01750413,0.01791872,0.00089765,16.2655,14.6936,0.3653,59.3804,1.1678,2646.0457,162.5536,12.4780,16.8648,9.0895,16.5695,22.0926,29.825,33.4482,44.5976,11.8163,0.0,2.018664,2.691552,0.981654,30,240,141,4,0.10479828,0.02244119,0.04150452,0E-8,0.000000,0.902668,0.011910,-0.02129501,2026-03-22,2026-08-05,112,5695,2177,137,0.817518,0.739886,0.767145,0.349328,,,,,,,,GLOBAL_BASELINE_NO_ENTITY_RANKING,,,NOT_APPLICABLE_GLOBAL_BASELINE,HF9g-P5,,,,X 全窗基线 · 不参与实体赏罚,14197120,1420,A168_HF9F_20260827_0900,2026-08-27 09:00:00
2026-08-04,110249610,2234,0,27.6023495120,-11.0409398048,-11.0409398048,0E-7,2,2,0.49324550000000000,0.493245500000,-0.9865810262130424,-0.9865810262130424,-0.9865810262130424,0E-17,ELIGIBLE,R03b_20260811_FULL_v1,L1_ELIGIBILITY,v2026-08-11,2026-03-21..2026-08-06,baccarat_bet02_101_all_pairs_incl_sentinel,round_win = game_pnl > 0 (decisive only),COMPATIBILITY_ONLY_NOT_PRODUCTION,296357.1217,267511.9505,6650.6079,18220,18206,-0.02244119,-0.04150452,-0.02020951,-0.02244119,-6650.6079,296357.1217,OK,0.0000,266.0243,4.0000,96.0000,AG03-UNRESOLVED,ALL5_LEVELS_bet23_to_bet27,266.0243,266.0243,266.0243,332.5304,332.5304,4.000000,4.000000,4.000000,5.000000,5.000000,96.000000,96.000000,96.000000,95.000000,95.000000,5.0,1463.1337,1340.2688,5187.4742,5310.3391,PENDING_AG03,FALSE,NOT_FOR_ENFORCEMENT,6384.5836,256811.4724,6650.6079,6384.5836,266.0243,0.02244119,0.02154355,266.0243,6384.5836,0.02154355,266.0243,266.0243,266.0243,332.5304,332.5304,6384.5836,0.02154355,1463.1337,1340.2688,5187.4742,5310.3391,0.01750413,0.01791872,0.00089765,16.2655,14.6936,0.3653,59.3804,1.1678,2646.0457,162.5536,12.4780,16.8648,9.0895,16.5695,22.0926,29.825,33.4482,44.5976,11.8163,0.0,2.018664,2.691552,0.981654,30,240,141,4,0.10479828,0.02244119,0.04150452,0E-8,0.000000,0.902668,0.011910,-0.02129501,2026-03-22,2026-08-05,112,5695,2177,137,0.817518,0.739886,0.767145,0.349328,,,,,,,,GLOBAL_BASELINE_NO_ENTITY_RANKING,,,NOT_APPLICABLE_GLOBAL_BASELINE,HF9g-P5,,,,X 全窗基线 · 不参与实体赏罚,14197121,1420,A168_HF9F_20260827_0900,2026-08-27 09:00:00
2026-08-04,110249610,2248,0,3.3122819415,-3.3122819415,-3.3122819415,0E-7,2,2,0.49994810000000000,0.499948100000,-1.4140667746232096,-1.4140667746232096,-1.4140667746232096,0E-17,ELIGIBLE,R03b_20260811_FULL_v1,L1_ELIGIBILITY,v2026-08-11,2026-03-21..2026-08-06,baccarat_bet02_101_all_pairs_incl_sentinel,round_win = game_pnl > 0 (decisive only),COMPATIBILITY_ONLY_NOT_PRODUCTION,296357.1217,267511.9505,6650.6079,18220,18206,-0.02244119,-0.04150452,-0.02020951,-0.02244119,-6650.6079,296357.1217,OK,0.0000,266.0243,4.0000,96.0000,AG03-UNRESOLVED,ALL5_LEVELS_bet23_to_bet27,266.0243,266.0243,266.0243,332.5304,332.5304,4.000000,4.000000,4.000000,5.000000,5.000000,96.000000,96.000000,96.000000,95.000000,95.000000,5.0,1463.1337,1340.2688,5187.4742,5310.3391,PENDING_AG03,FALSE,NOT_FOR_ENFORCEMENT,6384.5836,256811.4724,6650.6079,6384.5836,266.0243,0.02244119,0.02154355,266.0243,6384.5836,0.02154355,266.0243,266.0243,266.0243,332.5304,332.5304,6384.5836,0.02154355,1463.1337,1340.2688,5187.4742,5310.3391,0.01750413,0.01791872,0.00089765,16.2655,14.6936,0.3653,59.3804,1.1678,2646.0457,162.5536,12.4780,16.8648,9.0895,16.5695,22.0926,29.825,33.4482,44.5976,11.8163,0.0,2.018664,2.691552,0.981654,30,240,141,4,0.10479828,0.02244119,0.04150452,0E-8,0.000000,0.902668,0.011910,-0.02129501,2026-03-22,2026-08-05,112,5695,2177,137,0.817518,0.739886,0.767145,0.349328,,,,,,,,GLOBAL_BASELINE_NO_ENTITY_RANKING,,,NOT_APPLICABLE_GLOBAL_BASELINE,HF9g-P5,,,,X 全窗基线 · 不参与实体赏罚,14197122,1420,A168_HF9F_20260827_0900,2026-08-27 09:00:00
2026-08-04,110249610,2252,0,62.9333568874,-0.8280704853,-0.8280704853,0.6000000,7,7,0.50282064285714286,0.502820642857,0.434606212694104,0.4346062126947422,0.434606212694104,1.4286E-13,ELIGIBLE,R03b_20260811_FULL_v1,L1_ELIGIBILITY,v2026-08-11,2026-03-21..2026-08-06,baccarat_bet02_101_all_pairs_incl_sentinel,round_win = game_pnl > 0 (decisive only),COMPATIBILITY_ONLY_NOT_PRODUCTION,296357.1217,267511.9505,6650.6079,18220,18206,-0.02244119,-0.04150452,-0.02020951,-0.02244119,-6650.6079,296357.1217,OK,0.0000,266.0243,4.0000,96.0000,AG03-UNRESOLVED,ALL5_LEVELS_bet23_to_bet27,266.0243,266.0243,266.0243,332.5304,332.5304,4.000000,4.000000,4.000000,5.000000,5.000000,96.000000,96.000000,96.000000,95.000000,95.000000,5.0,1463.1337,1340.2688,5187.4742,5310.3391,PENDING_AG03,FALSE,NOT_FOR_ENFORCEMENT,6384.5836,256811.4724,6650.6079,6384.5836,266.0243,0.02244119,0.02154355,266.0243,6384.5836,0.02154355,266.0243,266.0243,266.0243,332.5304,332.5304,6384.5836,0.02154355,1463.1337,1340.2688,5187.4742,5310.3391,0.01750413,0.01791872,0.00089765,16.2655,14.6936,0.3653,59.3804,1.1678,2646.0457,162.5536,12.4780,16.8648,9.0895,16.5695,22.0926,29.825,33.4482,44.5976,11.8163,0.0,2.018664,2.691552,0.981654,30,240,141,4,0.10479828,0.02244119,0.04150452,0E-8,0.000000,0.902668,0.011910,-0.02129501,2026-03-22,2026-08-05,112,5695,2177,137,0.817518,0.739886,0.767145,0.349328,,,,,,,,GLOBAL_BASELINE_NO_ENTITY_RANKING,,,NOT_APPLICABLE_GLOBAL_BASELINE,HF9g-P5,,,,X 全窗基线 · 不参与实体赏罚,14197123,1420,A168_HF9F_20260827_0900,2026-08-27 09:00:00
2026-08-04,110249610,2254,0,5.9621074946,-5.9621074946,-5.9621074946,0E-7,1,1,0.50665070000000000,0.506650700000,-1.013391052207602,-1.013391052207602,-1.013391052207602,0E-17,ELIGIBLE,R03b_20260811_FULL_v1,L1_ELIGIBILITY,v2026-08-11,2026-03-21..2026-08-06,baccarat_bet02_101_all_pairs_incl_sentinel,round_win = game_pnl > 0 (decisive only),COMPATIBILITY_ONLY_NOT_PRODUCTION,296357.1217,267511.9505,6650.6079,18220,18206,-0.02244119,-0.04150452,-0.02020951,-0.02244119,-6650.6079,296357.1217,OK,0.0000,266.0243,4.0000,96.0000,AG03-UNRESOLVED,ALL5_LEVELS_bet23_to_bet27,266.0243,266.0243,266.0243,332.5304,332.5304,4.000000,4.000000,4.000000,5.000000,5.000000,96.000000,96.000000,96.000000,95.000000,95.000000,5.0,1463.1337,1340.2688,5187.4742,5310.3391,PENDING_AG03,FALSE,NOT_FOR_ENFORCEMENT,6384.5836,256811.4724,6650.6079,6384.5836,266.0243,0.02244119,0.02154355,266.0243,6384.5836,0.02154355,266.0243,266.0243,266.0243,332.5304,332.5304,6384.5836,0.02154355,1463.1337,1340.2688,5187.4742,5310.3391,0.01750413,0.01791872,0.00089765,16.2655,14.6936,0.3653,59.3804,1.1678,2646.0457,162.5536,12.4780,16.8648,9.0895,16.5695,22.0926,29.825,33.4482,44.5976,11.8163,0.0,2.018664,2.691552,0.981654,30,240,141,4,0.10479828,0.02244119,0.04150452,0E-8,0.000000,0.902668,0.011910,-0.02129501,2026-03-22,2026-08-05,112,5695,2177,137,0.817518,0.739886,0.767145,0.349328,,,,,,,,GLOBAL_BASELINE_NO_ENTITY_RANKING,,,NOT_APPLICABLE_GLOBAL_BASELINE,HF9g-P5,,,,X 全窗基线 · 不参与实体赏罚,14197124,1420,A168_HF9F_20260827_0900,2026-08-27 09:00:00
2026-08-04,110249610,2256,0,41.5139336660,14.9604734354,14.9604734354,0.6666667,4,4,0.49994810000000000,0.499948100000,0.5775300591747329,0.5775300591747329,0.5775300591747329,0E-17,ELIGIBLE,R03b_20260811_FULL_v1,L1_ELIGIBILITY,v2026-08-11,2026-03-21..2026-08-06,baccarat_bet02_101_all_pairs_incl_sentinel,round_win = game_pnl > 0 (decisive only),COMPATIBILITY_ONLY_NOT_PRODUCTION,296357.1217,267511.9505,6650.6079,18220,18206,-0.02244119,-0.04150452,-0.02020951,-0.02244119,-6650.6079,296357.1217,OK,0.0000,266.0243,4.0000,96.0000,AG03-UNRESOLVED,ALL5_LEVELS_bet23_to_bet27,266.0243,266.0243,266.0243,332.5304,332.5304,4.000000,4.000000,4.000000,5.000000,5.000000,96.000000,96.000000,96.000000,95.000000,95.000000,5.0,1463.1337,1340.2688,5187.4742,5310.3391,PENDING_AG03,FALSE,NOT_FOR_ENFORCEMENT,6384.5836,256811.4724,6650.6079,6384.5836,266.0243,0.02244119,0.02154355,266.0243,6384.5836,0.02154355,266.0243,266.0243,266.0243,332.5304,332.5304,6384.5836,0.02154355,1463.1337,1340.2688,5187.4742,5310.3391,0.01750413,0.01791872,0.00089765,16.2655,14.6936,0.3653,59.3804,1.1678,2646.0457,162.5536,12.4780,16.8648,9.0895,16.5695,22.0926,29.825,33.4482,44.5976,11.8163,0.0,2.018664,2.691552,0.981654,30,240,141,4,0.10479828,0.02244119,0.04150452,0E-8,0.000000,0.902668,0.011910,-0.02129501,2026-03-22,2026-08-05,112,5695,2177,137,0.817518,0.739886,0.767145,0.349328,,,,,,,,GLOBAL_BASELINE_NO_ENTITY_RANKING,,,NOT_APPLICABLE_GLOBAL_BASELINE,HF9g-P5,,,,X 全窗基线 · 不参与实体赏罚,14197125,1420,A168_HF9F_20260827_0900,2026-08-27 09:00:00
2026-08-04,110249610,2261,0,8.8327518440,6.6245638830,6.6245638830,1.0000000,5,5,0.49324550000000000,0.493245500000,2.0272029836991,2.0272029836991,2.0272029836991,0E-17,ELIGIBLE,R03b_20260811_FULL_v1,L1_ELIGIBILITY,v2026-08-11,2026-03-21..2026-08-06,baccarat_bet02_101_all_pairs_incl_sentinel,round_win = game_pnl > 0 (decisive only),COMPATIBILITY_ONLY_NOT_PRODUCTION,296357.1217,267511.9505,6650.6079,18220,18206,-0.02244119,-0.04150452,-0.02020951,-0.02244119,-6650.6079,296357.1217,OK,0.0000,266.0243,4.0000,96.0000,AG03-UNRESOLVED,ALL5_LEVELS_bet23_to_bet27,266.0243,266.0243,266.0243,332.5304,332.5304,4.000000,4.000000,4.000000,5.000000,5.000000,96.000000,96.000000,96.000000,95.000000,95.000000,5.0,1463.1337,1340.2688,5187.4742,5310.3391,PENDING_AG03,FALSE,NOT_FOR_ENFORCEMENT,6384.5836,256811.4724,6650.6079,6384.5836,266.0243,0.02244119,0.02154355,266.0243,6384.5836,0.02154355,266.0243,266.0243,266.0243,332.5304,332.5304,6384.5836,0.02154355,1463.1337,1340.2688,5187.4742,5310.3391,0.01750413,0.01791872,0.00089765,16.2655,14.6936,0.3653,59.3804,1.1678,2646.0457,162.5536,12.4780,16.8648,9.0895,16.5695,22.0926,29.825,33.4482,44.5976,11.8163,0.0,2.018664,2.691552,0.981654,30,240,141,4,0.10479828,0.02244119,0.04150452,0E-8,0.000000,0.902668,0.011910,-0.02129501,2026-03-22,2026-08-05,112,5695,2177,137,0.817518,0.739886,0.767145,0.349328,,,,,,,,GLOBAL_BASELINE_NO_ENTITY_RANKING,,,NOT_APPLICABLE_GLOBAL_BASELINE,HF9g-P5,,,,X 全窗基线 · 不参与实体赏罚,14197126,1420,A168_HF9F_20260827_0900,2026-08-27 09:00:00
2026-08-04,110249610,2278,0,6.6245638830,-2.2081879610,-2.2081879610,0.5000000,4,4,0.49324550000000000,0.493245500000,0.027020465636507562,0.027020465636507562,0.027020465636507562,0E-17,ELIGIBLE,R03b_20260811_FULL_v1,L1_ELIGIBILITY,v2026-08-11,2026-03-21..2026-08-06,baccarat_bet02_101_all_pairs_incl_sentinel,round_win = game_pnl > 0 (decisive only),COMPATIBILITY_ONLY_NOT_PRODUCTION,296357.1217,267511.9505,6650.6079,18220,18206,-0.02244119,-0.04150452,-0.02020951,-0.02244119,-6650.6079,296357.1217,OK,0.0000,266.0243,4.0000,96.0000,AG03-UNRESOLVED,ALL5_LEVELS_bet23_to_bet27,266.0243,266.0243,266.0243,332.5304,332.5304,4.000000,4.000000,4.000000,5.000000,5.000000,96.000000,96.000000,96.000000,95.000000,95.000000,5.0,1463.1337,1340.2688,5187.4742,5310.3391,PENDING_AG03,FALSE,NOT_FOR_ENFORCEMENT,6384.5836,256811.4724,6650.6079,6384.5836,266.0243,0.02244119,0.02154355,266.0243,6384.5836,0.02154355,266.0243,266.0243,266.0243,332.5304,332.5304,6384.5836,0.02154355,1463.1337,1340.2688,5187.4742,5310.3391,0.01750413,0.01791872,0.00089765,16.2655,14.6936,0.3653,59.3804,1.1678,2646.0457,162.5536,12.4780,16.8648,9.0895,16.5695,22.0926,29.825,33.4482,44.5976,11.8163,0.0,2.018664,2.691552,0.981654,30,240,141,4,0.10479828,0.02244119,0.04150452,0E-8,0.000000,0.902668,0.011910,-0.02129501,2026-03-22,2026-08-05,112,5695,2177,137,0.817518,0.739886,0.767145,0.349328,,,,,,,,GLOBAL_BASELINE_NO_ENTITY_RANKING,,,NOT_APPLICABLE_GLOBAL_BASELINE,HF9g-P5,,,,X 全窗基线 · 不参与实体赏罚,14197127,1420,A168_HF9F_20260827_0900,2026-08-27 09:00:00
2026-08-04,110249610,462,0,4.4163759219,-4.4163759219,-4.4163759219,0E-7,1,1,0.50665070000000000,0.506650700000,-1.013391052207602,-1.013391052207602,-1.013391052207602,0E-17,ELIGIBLE,R03b_20260811_FULL_v1,L1_ELIGIBILITY,v2026-08-11,2026-03-21..2026-08-06,baccarat_bet02_101_all_pairs_incl_sentinel,round_win = game_pnl > 0 (decisive only),COMPATIBILITY_ONLY_NOT_PRODUCTION,296357.1217,267511.9505,6650.6079,18220,18206,-0.02244119,-0.04150452,-0.02020951,-0.02244119,-6650.6079,296357.1217,OK,0.0000,266.0243,4.0000,96.0000,AG03-UNRESOLVED,ALL5_LEVELS_bet23_to_bet27,266.0243,266.0243,266.0243,332.5304,332.5304,4.000000,4.000000,4.000000,5.000000,5.000000,96.000000,96.000000,96.000000,95.000000,95.000000,5.0,1463.1337,1340.2688,5187.4742,5310.3391,PENDING_AG03,FALSE,NOT_FOR_ENFORCEMENT,6384.5836,256811.4724,6650.6079,6384.5836,266.0243,0.02244119,0.02154355,266.0243,6384.5836,0.02154355,266.0243,266.0243,266.0243,332.5304,332.5304,6384.5836,0.02154355,1463.1337,1340.2688,5187.4742,5310.3391,0.01750413,0.01791872,0.00089765,16.2655,14.6936,0.3653,59.3804,1.1678,2646.0457,162.5536,12.4780,16.8648,9.0895,16.5695,22.0926,29.825,33.4482,44.5976,11.8163,0.0,2.018664,2.691552,0.981654,30,240,141,4,0.10479828,0.02244119,0.04150452,0E-8,0.000000,0.902668,0.011910,-0.02129501,2026-03-22,2026-08-05,112,5695,2177,137,0.817518,0.739886,0.767145,0.349328,,,,,,,,GLOBAL_BASELINE_NO_ENTITY_RANKING,,,NOT_APPLICABLE_GLOBAL_BASELINE,HF9g-P5,,,,X 全窗基线 · 不参与实体赏罚,14197128,1420,A168_HF9F_20260827_0900,2026-08-27 09:00:00
2026-08-04,110249610,526,0,19.8736916486,-19.8736916486,-19.8736916486,0E-7,1,1,0.49324550000000000,0.493245500000,-0.9865810262130424,-0.9865810262130424,-0.9865810262130424,0E-17,ELIGIBLE,R03b_20260811_FULL_v1,L1_ELIGIBILITY,v2026-08-11,2026-03-21..2026-08-06,baccarat_bet02_101_all_pairs_incl_sentinel,round_win = game_pnl > 0 (decisive only),COMPATIBILITY_ONLY_NOT_PRODUCTION,296357.1217,267511.9505,6650.6079,18220,18206,-0.02244119,-0.04150452,-0.02020951,-0.02244119,-6650.6079,296357.1217,OK,0.0000,266.0243,4.0000,96.0000,AG03-UNRESOLVED,ALL5_LEVELS_bet23_to_bet27,266.0243,266.0243,266.0243,332.5304,332.5304,4.000000,4.000000,4.000000,5.000000,5.000000,96.000000,96.000000,96.000000,95.000000,95.000000,5.0,1463.1337,1340.2688,5187.4742,5310.3391,PENDING_AG03,FALSE,NOT_FOR_ENFORCEMENT,6384.5836,256811.4724,6650.6079,6384.5836,266.0243,0.02244119,0.02154355,266.0243,6384.5836,0.02154355,266.0243,266.0243,266.0243,332.5304,332.5304,6384.5836,0.02154355,1463.1337,1340.2688,5187.4742,5310.3391,0.01750413,0.01791872,0.00089765,16.2655,14.6936,0.3653,59.3804,1.1678,2646.0457,162.5536,12.4780,16.8648,9.0895,16.5695,22.0926,29.825,33.4482,44.5976,11.8163,0.0,2.018664,2.691552,0.981654,30,240,141,4,0.10479828,0.02244119,0.04150452,0E-8,0.000000,0.902668,0.011910,-0.02129501,2026-03-22,2026-08-05,112,5695,2177,137,0.817518,0.739886,0.767145,0.349328,,,,,,,,GLOBAL_BASELINE_NO_ENTITY_RANKING,,,NOT_APPLICABLE_GLOBAL_BASELINE,HF9g-P5,,,,X 全窗基线 · 不参与实体赏罚,14197129,1420,A168_HF9F_20260827_0900,2026-08-27 09:00:00
2026-08-04,110249610,529,0,7.3974296692,-5.1892417082,-5.1892417082,0.5000000,2,2,0.49324550000000000,0.493245500000,0.01910635448239258,0.01910635448239258,0.01910635448239258,0E-17,ELIGIBLE,R03b_20260811_FULL_v1,L1_ELIGIBILITY,v2026-08-11,2026-03-21..2026-08-06,baccarat_bet02_101_all_pairs_incl_sentinel,round_win = game_pnl > 0 (decisive only),COMPATIBILITY_ONLY_NOT_PRODUCTION,296357.1217,267511.9505,6650.6079,18220,18206,-0.02244119,-0.04150452,-0.02020951,-0.02244119,-6650.6079,296357.1217,OK,0.0000,266.0243,4.0000,96.0000,AG03-UNRESOLVED,ALL5_LEVELS_bet23_to_bet27,266.0243,266.0243,266.0243,332.5304,332.5304,4.000000,4.000000,4.000000,5.000000,5.000000,96.000000,96.000000,96.000000,95.000000,95.000000,5.0,1463.1337,1340.2688,5187.4742,5310.3391,PENDING_AG03,FALSE,NOT_FOR_ENFORCEMENT,6384.5836,256811.4724,6650.6079,6384.5836,266.0243,0.02244119,0.02154355,266.0243,6384.5836,0.02154355,266.0243,266.0243,266.0243,332.5304,332.5304,6384.5836,0.02154355,1463.1337,1340.2688,5187.4742,5310.3391,0.01750413,0.01791872,0.00089765,16.2655,14.6936,0.3653,59.3804,1.1678,2646.0457,162.5536,12.4780,16.8648,9.0895,16.5695,22.0926,29.825,33.4482,44.5976,11.8163,0.0,2.018664,2.691552,0.981654,30,240,141,4,0.10479828,0.02244119,0.04150452,0E-8,0.000000,0.902668,0.011910,-0.02129501,2026-03-22,2026-08-05,112,5695,2177,137,0.817518,0.739886,0.767145,0.349328,,,,,,,,GLOBAL_BASELINE_NO_ENTITY_RANKING,,,NOT_APPLICABLE_GLOBAL_BASELINE,HF9g-P5,,,,X 全窗基线 · 不参与实体赏罚,14197130,1420,A168_HF9F_20260827_0900,2026-08-27 09:00:00
2026-08-04,110249610,763,0,8.8327518440,-3.3122819415,-3.3122819415,0.3333333,5,5,0.49324550000000000,0.493245500000,-0.5540025479526107,-0.5540025479526106,-0.5540025479526107,0E-17,ELIGIBLE,R03b_20260811_FULL_v1,L1_ELIGIBILITY,v2026-08-11,2026-03-21..2026-08-06,baccarat_bet02_101_all_pairs_incl_sentinel,round_win = game_pnl > 0 (decisive only),COMPATIBILITY_ONLY_NOT_PRODUCTION,296357.1217,267511.9505,6650.6079,18220,18206,-0.02244119,-0.04150452,-0.02020951,-0.02244119,-6650.6079,296357.1217,OK,0.0000,266.0243,4.0000,96.0000,AG03-UNRESOLVED,ALL5_LEVELS_bet23_to_bet27,266.0243,266.0243,266.0243,332.5304,332.5304,4.000000,4.000000,4.000000,5.000000,5.000000,96.000000,96.000000,96.000000,95.000000,95.000000,5.0,1463.1337,1340.2688,5187.4742,5310.3391,PENDING_AG03,FALSE,NOT_FOR_ENFORCEMENT,6384.5836,256811.4724,6650.6079,6384.5836,266.0243,0.02244119,0.02154355,266.0243,6384.5836,0.02154355,266.0243,266.0243,266.0243,332.5304,332.5304,6384.5836,0.02154355,1463.1337,1340.2688,5187.4742,5310.3391,0.01750413,0.01791872,0.00089765,16.2655,14.6936,0.3653,59.3804,1.1678,2646.0457,162.5536,12.4780,16.8648,9.0895,16.5695,22.0926,29.825,33.4482,44.5976,11.8163,0.0,2.018664,2.691552,0.981654,30,240,141,4,0.10479828,0.02244119,0.04150452,0E-8,0.000000,0.902668,0.011910,-0.02129501,2026-03-22,2026-08-05,112,5695,2177,137,0.817518,0.739886,0.767145,0.349328,,,,,,,,GLOBAL_BASELINE_NO_ENTITY_RANKING,,,NOT_APPLICABLE_GLOBAL_BASELINE,HF9g-P5,,,,X 全窗基线 · 不参与实体赏罚,14197131,1420,A168_HF9F_20260827_0900,2026-08-27 09:00:00
2026-08-04,110249610,772,0,8.8327518439,-2.3738020580,-2.3738020580,0.5000000,4,4,0.50329940000000000,0.503299400000,-0.01319788734859681,-0.01319788734859681,-0.01319788734859681,0E-17,ELIGIBLE,R03b_20260811_FULL_v1,L1_ELIGIBILITY,v2026-08-11,2026-03-21..2026-08-06,baccarat_bet02_101_all_pairs_incl_sentinel,round_win = game_pnl > 0 (decisive only),COMPATIBILITY_ONLY_NOT_PRODUCTION,296357.1217,267511.9505,6650.6079,18220,18206,-0.02244119,-0.04150452,-0.02020951,-0.02244119,-6650.6079,296357.1217,OK,0.0000,266.0243,4.0000,96.0000,AG03-UNRESOLVED,ALL5_LEVELS_bet23_to_bet27,266.0243,266.0243,266.0243,332.5304,332.5304,4.000000,4.000000,4.000000,5.000000,5.000000,96.000000,96.000000,96.000000,95.000000,95.000000,5.0,1463.1337,1340.2688,5187.4742,5310.3391,PENDING_AG03,FALSE,NOT_FOR_ENFORCEMENT,6384.5836,256811.4724,6650.6079,6384.5836,266.0243,0.02244119,0.02154355,266.0243,6384.5836,0.02154355,266.0243,266.0243,266.0243,332.5304,332.5304,6384.5836,0.02154355,1463.1337,1340.2688,5187.4742,5310.3391,0.01750413,0.01791872,0.00089765,16.2655,14.6936,0.3653,59.3804,1.1678,2646.0457,162.5536,12.4780,16.8648,9.0895,16.5695,22.0926,29.825,33.4482,44.5976,11.8163,0.0,2.018664,2.691552,0.981654,30,240,141,4,0.10479828,0.02244119,0.04150452,0E-8,0.000000,0.902668,0.011910,-0.02129501,2026-03-22,2026-08-05,112,5695,2177,137,0.817518,0.739886,0.767145,0.349328,,,,,,,,GLOBAL_BASELINE_NO_ENTITY_RANKING,,,NOT_APPLICABLE_GLOBAL_BASELINE,HF9g-P5,,,,X 全窗基线 · 不参与实体赏罚,14197132,1420,A168_HF9F_20260827_0900,2026-08-27 09:00:00
2026-08-05,110249610,1060,0,6.6245638829,0.9108775338,0.9108775338,0.6666667,3,3,0.50665070000000000,0.506650700000,0.5543606114942035,0.5543606114942035,0.5543606114942035,0E-17,ELIGIBLE,R03b_20260811_FULL_v1,L1_ELIGIBILITY,v2026-08-11,2026-03-21..2026-08-06,baccarat_bet02_101_all_pairs_incl_sentinel,round_win = game_pnl > 0 (decisive only),COMPATIBILITY_ONLY_NOT_PRODUCTION,296357.1217,267511.9505,6650.6079,18220,18206,-0.02244119,-0.04150452,-0.02020951,-0.02244119,-6650.6079,296357.1217,OK,0.0000,266.0243,4.0000,96.0000,AG03-UNRESOLVED,ALL5_LEVELS_bet23_to_bet27,266.0243,266.0243,266.0243,332.5304,332.5304,4.000000,4.000000,4.000000,5.000000,5.000000,96.000000,96.000000,96.000000,95.000000,95.000000,5.0,1463.1337,1340.2688,5187.4742,5310.3391,PENDING_AG03,FALSE,NOT_FOR_ENFORCEMENT,6384.5836,256811.4724,6650.6079,6384.5836,266.0243,0.02244119,0.02154355,266.0243,6384.5836,0.02154355,266.0243,266.0243,266.0243,332.5304,332.5304,6384.5836,0.02154355,1463.1337,1340.2688,5187.4742,5310.3391,0.01750413,0.01791872,0.00089765,16.2655,14.6936,0.3653,59.3804,1.1678,2646.0457,162.5536,12.4780,16.8648,9.0895,16.5695,22.0926,29.825,33.4482,44.5976,11.8163,0.0,2.018664,2.691552,0.981654,30,240,141,4,0.10479828,0.02244119,0.04150452,0E-8,0.000000,0.902668,0.011910,-0.02129501,2026-03-22,2026-08-05,112,5695,2177,137,0.817518,0.739886,0.767145,0.349328,,,,,,,,GLOBAL_BASELINE_NO_ENTITY_RANKING,,,NOT_APPLICABLE_GLOBAL_BASELINE,HF9g-P5,,,,X 全窗基线 · 不参与实体赏罚,14197133,1420,A168_HF9F_20260827_0900,2026-08-27 09:00:00
2026-08-05,110249610,1399,0,22.0818796096,-22.0818796096,-22.0818796096,0E-7,1,1,0.49324550000000000,0.493245500000,-0.9865810262130424,-0.9865810262130424,-0.9865810262130424,0E-17,ELIGIBLE,R03b_20260811_FULL_v1,L1_ELIGIBILITY,v2026-08-11,2026-03-21..2026-08-06,baccarat_bet02_101_all_pairs_incl_sentinel,round_win = game_pnl > 0 (decisive only),COMPATIBILITY_ONLY_NOT_PRODUCTION,296357.1217,267511.9505,6650.6079,18220,18206,-0.02244119,-0.04150452,-0.02020951,-0.02244119,-6650.6079,296357.1217,OK,0.0000,266.0243,4.0000,96.0000,AG03-UNRESOLVED,ALL5_LEVELS_bet23_to_bet27,266.0243,266.0243,266.0243,332.5304,332.5304,4.000000,4.000000,4.000000,5.000000,5.000000,96.000000,96.000000,96.000000,95.000000,95.000000,5.0,1463.1337,1340.2688,5187.4742,5310.3391,PENDING_AG03,FALSE,NOT_FOR_ENFORCEMENT,6384.5836,256811.4724,6650.6079,6384.5836,266.0243,0.02244119,0.02154355,266.0243,6384.5836,0.02154355,266.0243,266.0243,266.0243,332.5304,332.5304,6384.5836,0.02154355,1463.1337,1340.2688,5187.4742,5310.3391,0.01750413,0.01791872,0.00089765,16.2655,14.6936,0.3653,59.3804,1.1678,2646.0457,162.5536,12.4780,16.8648,9.0895,16.5695,22.0926,29.825,33.4482,44.5976,11.8163,0.0,2.018664,2.691552,0.981654,30,240,141,4,0.10479828,0.02244119,0.04150452,0E-8,0.000000,0.902668,0.011910,-0.02129501,2026-03-22,2026-08-05,112,5695,2177,137,0.817518,0.739886,0.767145,0.349328,,,,,,,,GLOBAL_BASELINE_NO_ENTITY_RANKING,,,NOT_APPLICABLE_GLOBAL_BASELINE,HF9g-P5,,,,X 全窗基线 · 不参与实体赏罚,14197134,1420,A168_HF9F_20260827_0900,2026-08-27 09:00:00
2026-08-05,110249610,2121,0,55.2046990240,-33.1228194144,-33.1228194144,0E-7,2,2,0.50665070000000000,0.506650700000,-1.013391052207602,-1.013391052207602,-1.013391052207602,0E-17,ELIGIBLE,R03b_20260811_FULL_v1,L1_ELIGIBILITY,v2026-08-11,2026-03-21..2026-08-06,baccarat_bet02_101_all_pairs_incl_sentinel,round_win = game_pnl > 0 (decisive only),COMPATIBILITY_ONLY_NOT_PRODUCTION,296357.1217,267511.9505,6650.6079,18220,18206,-0.02244119,-0.04150452,-0.02020951,-0.02244119,-6650.6079,296357.1217,OK,0.0000,266.0243,4.0000,96.0000,AG03-UNRESOLVED,ALL5_LEVELS_bet23_to_bet27,266.0243,266.0243,266.0243,332.5304,332.5304,4.000000,4.000000,4.000000,5.000000,5.000000,96.000000,96.000000,96.000000,95.000000,95.000000,5.0,1463.1337,1340.2688,5187.4742,5310.3391,PENDING_AG03,FALSE,NOT_FOR_ENFORCEMENT,6384.5836,256811.4724,6650.6079,6384.5836,266.0243,0.02244119,0.02154355,266.0243,6384.5836,0.02154355,266.0243,266.0243,266.0243,332.5304,332.5304,6384.5836,0.02154355,1463.1337,1340.2688,5187.4742,5310.3391,0.01750413,0.01791872,0.00089765,16.2655,14.6936,0.3653,59.3804,1.1678,2646.0457,162.5536,12.4780,16.8648,9.0895,16.5695,22.0926,29.825,33.4482,44.5976,11.8163,0.0,2.018664,2.691552,0.981654,30,240,141,4,0.10479828,0.02244119,0.04150452,0E-8,0.000000,0.902668,0.011910,-0.02129501,2026-03-22,2026-08-05,112,5695,2177,137,0.817518,0.739886,0.767145,0.349328,,,,,,,,GLOBAL_BASELINE_NO_ENTITY_RANKING,,,NOT_APPLICABLE_GLOBAL_BASELINE,HF9g-P5,,,,X 全窗基线 · 不参与实体赏罚,14197135,1420,A168_HF9F_20260827_0900,2026-08-27 09:00:00
2026-08-05,110249610,2142,0,76.1824846531,-11.5929867950,-11.5929867950,0.5000000,2,2,0.50665070000000000,0.506650700000,-0.018812684590367487,-0.018812684590367487,-0.018812684590367487,0E-17,ELIGIBLE,R03b_20260811_FULL_v1,L1_ELIGIBILITY,v2026-08-11,2026-03-21..2026-08-06,baccarat_bet02_101_all_pairs_incl_sentinel,round_win = game_pnl > 0 (decisive only),COMPATIBILITY_ONLY_NOT_PRODUCTION,296357.1217,267511.9505,6650.6079,18220,18206,-0.02244119,-0.04150452,-0.02020951,-0.02244119,-6650.6079,296357.1217,OK,0.0000,266.0243,4.0000,96.0000,AG03-UNRESOLVED,ALL5_LEVELS_bet23_to_bet27,266.0243,266.0243,266.0243,332.5304,332.5304,4.000000,4.000000,4.000000,5.000000,5.000000,96.000000,96.000000,96.000000,95.000000,95.000000,5.0,1463.1337,1340.2688,5187.4742,5310.3391,PENDING_AG03,FALSE,NOT_FOR_ENFORCEMENT,6384.5836,256811.4724,6650.6079,6384.5836,266.0243,0.02244119,0.02154355,266.0243,6384.5836,0.02154355,266.0243,266.0243,266.0243,332.5304,332.5304,6384.5836,0.02154355,1463.1337,1340.2688,5187.4742,5310.3391,0.01750413,0.01791872,0.00089765,16.2655,14.6936,0.3653,59.3804,1.1678,2646.0457,162.5536,12.4780,16.8648,9.0895,16.5695,22.0926,29.825,33.4482,44.5976,11.8163,0.0,2.018664,2.691552,0.981654,30,240,141,4,0.10479828,0.02244119,0.04150452,0E-8,0.000000,0.902668,0.011910,-0.02129501,2026-03-22,2026-08-05,112,5695,2177,137,0.817518,0.739886,0.767145,0.349328,,,,,,,,GLOBAL_BASELINE_NO_ENTITY_RANKING,,,NOT_APPLICABLE_GLOBAL_BASELINE,HF9g-P5,,,,X 全窗基线 · 不参与实体赏罚,14197136,1420,A168_HF9F_20260827_0900,2026-08-27 09:00:00
2026-08-05,110249610,2152,0,33.1228194144,0E-10,0E-10,,1,1,0.50665070000000000,0.506650700000,,,,0E-17,NO_DECISIVE_ROUND,R03b_20260811_FULL_v1,L1_ELIGIBILITY,v2026-08-11,2026-03-21..2026-08-06,baccarat_bet02_101_all_pairs_incl_sentinel,round_win = game_pnl > 0 (decisive only),COMPATIBILITY_ONLY_NOT_PRODUCTION,296357.1217,267511.9505,6650.6079,18220,18206,-0.02244119,-0.04150452,-0.02020951,-0.02244119,-6650.6079,296357.1217,OK,0.0000,266.0243,4.0000,96.0000,AG03-UNRESOLVED,ALL5_LEVELS_bet23_to_bet27,266.0243,266.0243,266.0243,332.5304,332.5304,4.000000,4.000000,4.000000,5.000000,5.000000,96.000000,96.000000,96.000000,95.000000,95.000000,5.0,1463.1337,1340.2688,5187.4742,5310.3391,PENDING_AG03,FALSE,NOT_FOR_ENFORCEMENT,6384.5836,256811.4724,6650.6079,6384.5836,266.0243,0.02244119,0.02154355,266.0243,6384.5836,0.02154355,266.0243,266.0243,266.0243,332.5304,332.5304,6384.5836,0.02154355,1463.1337,1340.2688,5187.4742,5310.3391,0.01750413,0.01791872,0.00089765,16.2655,14.6936,0.3653,59.3804,1.1678,2646.0457,162.5536,12.4780,16.8648,9.0895,16.5695,22.0926,29.825,33.4482,44.5976,11.8163,0.0,2.018664,2.691552,0.981654,30,240,141,4,0.10479828,0.02244119,0.04150452,0E-8,0.000000,0.902668,0.011910,-0.02129501,2026-03-22,2026-08-05,112,5695,2177,137,0.817518,0.739886,0.767145,0.349328,,,,,,,,GLOBAL_BASELINE_NO_ENTITY_RANKING,,,NOT_APPLICABLE_GLOBAL_BASELINE,HF9g-P5,,,,X 全窗基线 · 不参与实体赏罚,14197137,1420,A168_HF9F_20260827_0900,2026-08-27 09:00:00
2026-08-05,110249610,2251,0,75.0783906726,-10.4888928145,-10.4888928145,0.5000000,2,2,0.50665070000000000,0.506650700000,-0.018812684590367487,-0.018812684590367487,-0.018812684590367487,0E-17,ELIGIBLE,R03b_20260811_FULL_v1,L1_ELIGIBILITY,v2026-08-11,2026-03-21..2026-08-06,baccarat_bet02_101_all_pairs_incl_sentinel,round_win = game_pnl > 0 (decisive only),COMPATIBILITY_ONLY_NOT_PRODUCTION,296357.1217,267511.9505,6650.6079,18220,18206,-0.02244119,-0.04150452,-0.02020951,-0.02244119,-6650.6079,296357.1217,OK,0.0000,266.0243,4.0000,96.0000,AG03-UNRESOLVED,ALL5_LEVELS_bet23_to_bet27,266.0243,266.0243,266.0243,332.5304,332.5304,4.000000,4.000000,4.000000,5.000000,5.000000,96.000000,96.000000,96.000000,95.000000,95.000000,5.0,1463.1337,1340.2688,5187.4742,5310.3391,PENDING_AG03,FALSE,NOT_FOR_ENFORCEMENT,6384.5836,256811.4724,6650.6079,6384.5836,266.0243,0.02244119,0.02154355,266.0243,6384.5836,0.02154355,266.0243,266.0243,266.0243,332.5304,332.5304,6384.5836,0.02154355,1463.1337,1340.2688,5187.4742,5310.3391,0.01750413,0.01791872,0.00089765,16.2655,14.6936,0.3653,59.3804,1.1678,2646.0457,162.5536,12.4780,16.8648,9.0895,16.5695,22.0926,29.825,33.4482,44.5976,11.8163,0.0,2.018664,2.691552,0.981654,30,240,141,4,0.10479828,0.02244119,0.04150452,0E-8,0.000000,0.902668,0.011910,-0.02129501,2026-03-22,2026-08-05,112,5695,2177,137,0.817518,0.739886,0.767145,0.349328,,,,,,,,GLOBAL_BASELINE_NO_ENTITY_RANKING,,,NOT_APPLICABLE_GLOBAL_BASELINE,HF9g-P5,,,,X 全窗基线 · 不参与实体赏罚,14197138,1420,A168_HF9F_20260827_0900,2026-08-27 09:00:00
2026-08-05,110249610,595,0,33.1228194144,-33.1228194144,-33.1228194144,0E-7,1,1,0.50665070000000000,0.506650700000,-1.013391052207602,-1.013391052207602,-1.013391052207602,0E-17,ELIGIBLE,R03b_20260811_FULL_v1,L1_ELIGIBILITY,v2026-08-11,2026-03-21..2026-08-06,baccarat_bet02_101_all_pairs_incl_sentinel,round_win = game_pnl > 0 (decisive only),COMPATIBILITY_ONLY_NOT_PRODUCTION,296357.1217,267511.9505,6650.6079,18220,18206,-0.02244119,-0.04150452,-0.02020951,-0.02244119,-6650.6079,296357.1217,OK,0.0000,266.0243,4.0000,96.0000,AG03-UNRESOLVED,ALL5_LEVELS_bet23_to_bet27,266.0243,266.0243,266.0243,332.5304,332.5304,4.000000,4.000000,4.000000,5.000000,5.000000,96.000000,96.000000,96.000000,95.000000,95.000000,5.0,1463.1337,1340.2688,5187.4742,5310.3391,PENDING_AG03,FALSE,NOT_FOR_ENFORCEMENT,6384.5836,256811.4724,6650.6079,6384.5836,266.0243,0.02244119,0.02154355,266.0243,6384.5836,0.02154355,266.0243,266.0243,266.0243,332.5304,332.5304,6384.5836,0.02154355,1463.1337,1340.2688,5187.4742,5310.3391,0.01750413,0.01791872,0.00089765,16.2655,14.6936,0.3653,59.3804,1.1678,2646.0457,162.5536,12.4780,16.8648,9.0895,16.5695,22.0926,29.825,33.4482,44.5976,11.8163,0.0,2.018664,2.691552,0.981654,30,240,141,4,0.10479828,0.02244119,0.04150452,0E-8,0.000000,0.902668,0.011910,-0.02129501,2026-03-22,2026-08-05,112,5695,2177,137,0.817518,0.739886,0.767145,0.349328,,,,,,,,GLOBAL_BASELINE_NO_ENTITY_RANKING,,,NOT_APPLICABLE_GLOBAL_BASELINE,HF9g-P5,,,,X 全窗基线 · 不参与实体赏罚,14197139,1420,A168_HF9F_20260827_0900,2026-08-27 09:00:00
2026-08-05,110249610,919,0,2.2081879610,-2.2081879610,-2.2081879610,0E-7,1,1,0.49324550000000000,0.493245500000,-0.9865810262130424,-0.9865810262130424,-0.9865810262130424,0E-17,ELIGIBLE,R03b_20260811_FULL_v1,L1_ELIGIBILITY,v2026-08-11,2026-03-21..2026-08-06,baccarat_bet02_101_all_pairs_incl_sentinel,round_win = game_pnl > 0 (decisive only),COMPATIBILITY_ONLY_NOT_PRODUCTION,296357.1217,267511.9505,6650.6079,18220,18206,-0.02244119,-0.04150452,-0.02020951,-0.02244119,-6650.6079,296357.1217,OK,0.0000,266.0243,4.0000,96.0000,AG03-UNRESOLVED,ALL5_LEVELS_bet23_to_bet27,266.0243,266.0243,266.0243,332.5304,332.5304,4.000000,4.000000,4.000000,5.000000,5.000000,96.000000,96.000000,96.000000,95.000000,95.000000,5.0,1463.1337,1340.2688,5187.4742,5310.3391,PENDING_AG03,FALSE,NOT_FOR_ENFORCEMENT,6384.5836,256811.4724,6650.6079,6384.5836,266.0243,0.02244119,0.02154355,266.0243,6384.5836,0.02154355,266.0243,266.0243,266.0243,332.5304,332.5304,6384.5836,0.02154355,1463.1337,1340.2688,5187.4742,5310.3391,0.01750413,0.01791872,0.00089765,16.2655,14.6936,0.3653,59.3804,1.1678,2646.0457,162.5536,12.4780,16.8648,9.0895,16.5695,22.0926,29.825,33.4482,44.5976,11.8163,0.0,2.018664,2.691552,0.981654,30,240,141,4,0.10479828,0.02244119,0.04150452,0E-8,0.000000,0.902668,0.011910,-0.02129501,2026-03-22,2026-08-05,112,5695,2177,137,0.817518,0.739886,0.767145,0.349328,,,,,,,,GLOBAL_BASELINE_NO_ENTITY_RANKING,,,NOT_APPLICABLE_GLOBAL_BASELINE,HF9g-P5,,,,X 全窗基线 · 不参与实体赏罚,14197140,1420,A168_HF9F_20260827_0900,2026-08-27 09:00:00
2026-08-05,110249610,970,0,2.2081879610,0E-10,0E-10,,1,1,0.50665070000000000,0.506650700000,,,,0E-17,NO_DECISIVE_ROUND,R03b_20260811_FULL_v1,L1_ELIGIBILITY,v2026-08-11,2026-03-21..2026-08-06,baccarat_bet02_101_all_pairs_incl_sentinel,round_win = game_pnl > 0 (decisive only),COMPATIBILITY_ONLY_NOT_PRODUCTION,296357.1217,267511.9505,6650.6079,18220,18206,-0.02244119,-0.04150452,-0.02020951,-0.02244119,-6650.6079,296357.1217,OK,0.0000,266.0243,4.0000,96.0000,AG03-UNRESOLVED,ALL5_LEVELS_bet23_to_bet27,266.0243,266.0243,266.0243,332.5304,332.5304,4.000000,4.000000,4.000000,5.000000,5.000000,96.000000,96.000000,96.000000,95.000000,95.000000,5.0,1463.1337,1340.2688,5187.4742,5310.3391,PENDING_AG03,FALSE,NOT_FOR_ENFORCEMENT,6384.5836,256811.4724,6650.6079,6384.5836,266.0243,0.02244119,0.02154355,266.0243,6384.5836,0.02154355,266.0243,266.0243,266.0243,332.5304,332.5304,6384.5836,0.02154355,1463.1337,1340.2688,5187.4742,5310.3391,0.01750413,0.01791872,0.00089765,16.2655,14.6936,0.3653,59.3804,1.1678,2646.0457,162.5536,12.4780,16.8648,9.0895,16.5695,22.0926,29.825,33.4482,44.5976,11.8163,0.0,2.018664,2.691552,0.981654,30,240,141,4,0.10479828,0.02244119,0.04150452,0E-8,0.000000,0.902668,0.011910,-0.02129501,2026-03-22,2026-08-05,112,5695,2177,137,0.817518,0.739886,0.767145,0.349328,,,,,,,,GLOBAL_BASELINE_NO_ENTITY_RANKING,,,NOT_APPLICABLE_GLOBAL_BASELINE,HF9g-P5,,,,X 全窗基线 · 不参与实体赏罚,14197141,1420,A168_HF9F_20260827_0900,2026-08-27 09:00:00
2026-05-19,145604771,1353,0,1094.3912448702,-150.4787961696,-150.4787961696,0.5714286,7,7,0.49899058571428571,0.498990585714,0.38330657246501415,0.3833065724665265,0.38330657246501415,2.8571E-13,ELIGIBLE,R03b_20260811_FULL_v1,L1_ELIGIBILITY,v2026-08-11,2026-03-21..2026-08-06,baccarat_bet02_101_all_pairs_incl_sentinel,round_win = game_pnl > 0 (decisive only),COMPATIBILITY_ONLY_NOT_PRODUCTION,2066084.0486,1875084.4460,6650.6665,5558,3733,-0.00321897,-0.08024012,0.00351318,-0.00321897,-6650.6665,2066084.0486,OK,0.0000,266.0267,4.0000,96.0000,AG03-UNRESOLVED,ALL5_LEVELS_bet23_to_bet27,266.0267,266.0267,266.0267,332.5333,332.5333,4.000000,4.000000,4.000000,5.000000,5.000000,96.000000,96.000000,96.000000,95.000000,95.000000,5.0,1463.1466,1340.2806,5187.5199,5310.3859,PENDING_AG03,FALSE,NOT_FOR_ENFORCEMENT,6384.6399,1800081.0682,6650.6665,6384.6399,266.0267,0.00321897,0.00309021,266.0267,6384.6399,0.00309021,266.0267,266.0267,266.0267,332.5333,332.5333,6384.6399,0.00309021,1463.1466,1340.2806,5187.5199,5310.3859,0.00251080,0.00257027,0.00012876,371.7316,502.2996,1.7816,195.6078,18.0235,60767.1779,109.7941,191.9923,404.8606,67.659,338.295,676.59,676.59,676.59,679.3478,270.636,-67.659,2.0,2.008152,1.098839,13,83,54,7,0.08038074,0.00321897,0.08024012,0E-8,0.000000,0.907555,0.005578,-0.08375330,2026-05-19,2026-07-26,34,369,121,69,0.492754,0.474218,0.516481,0.267936,,,,,,,,GLOBAL_BASELINE_NO_ENTITY_RANKING,,,NOT_APPLICABLE_GLOBAL_BASELINE,HF9g-P5,,,,X 全窗基线 · 不参与实体赏罚,14197142,1420,A168_HF9F_20260827_0900,2026-08-27 09:00:00
2026-05-19,145604771,2141,0,68.3994528044,0E-10,0E-10,,1,1,0.50665070000000000,0.506650700000,,,,0E-17,NO_DECISIVE_ROUND,R03b_20260811_FULL_v1,L1_ELIGIBILITY,v2026-08-11,2026-03-21..2026-08-06,baccarat_bet02_101_all_pairs_incl_sentinel,round_win = game_pnl > 0 (decisive only),COMPATIBILITY_ONLY_NOT_PRODUCTION,2066084.0486,1875084.4460,6650.6665,5558,3733,-0.00321897,-0.08024012,0.00351318,-0.00321897,-6650.6665,2066084.0486,OK,0.0000,266.0267,4.0000,96.0000,AG03-UNRESOLVED,ALL5_LEVELS_bet23_to_bet27,266.0267,266.0267,266.0267,332.5333,332.5333,4.000000,4.000000,4.000000,5.000000,5.000000,96.000000,96.000000,96.000000,95.000000,95.000000,5.0,1463.1466,1340.2806,5187.5199,5310.3859,PENDING_AG03,FALSE,NOT_FOR_ENFORCEMENT,6384.6399,1800081.0682,6650.6665,6384.6399,266.0267,0.00321897,0.00309021,266.0267,6384.6399,0.00309021,266.0267,266.0267,266.0267,332.5333,332.5333,6384.6399,0.00309021,1463.1466,1340.2806,5187.5199,5310.3859,0.00251080,0.00257027,0.00012876,371.7316,502.2996,1.7816,195.6078,18.0235,60767.1779,109.7941,191.9923,404.8606,67.659,338.295,676.59,676.59,676.59,679.3478,270.636,-67.659,2.0,2.008152,1.098839,13,83,54,7,0.08038074,0.00321897,0.08024012,0E-8,0.000000,0.907555,0.005578,-0.08375330,2026-05-19,2026-07-26,34,369,121,69,0.492754,0.474218,0.516481,0.267936,,,,,,,,GLOBAL_BASELINE_NO_ENTITY_RANKING,,,NOT_APPLICABLE_GLOBAL_BASELINE,HF9g-P5,,,,X 全窗基线 · 不参与实体赏罚,14197143,1420,A168_HF9F_20260827_0900,2026-08-27 09:00:00
2026-05-19,145604771,2145,0,68.3994528044,68.3994528044,68.3994528044,1.0000000,1,1,0.49324550000000000,0.493245500000,1.01360149184955,1.01360149184955,1.01360149184955,0E-17,ELIGIBLE,R03b_20260811_FULL_v1,L1_ELIGIBILITY,v2026-08-11,2026-03-21..2026-08-06,baccarat_bet02_101_all_pairs_incl_sentinel,round_win = game_pnl > 0 (decisive only),COMPATIBILITY_ONLY_NOT_PRODUCTION,2066084.0486,1875084.4460,6650.6665,5558,3733,-0.00321897,-0.08024012,0.00351318,-0.00321897,-6650.6665,2066084.0486,OK,0.0000,266.0267,4.0000,96.0000,AG03-UNRESOLVED,ALL5_LEVELS_bet23_to_bet27,266.0267,266.0267,266.0267,332.5333,332.5333,4.000000,4.000000,4.000000,5.000000,5.000000,96.000000,96.000000,96.000000,95.000000,95.000000,5.0,1463.1466,1340.2806,5187.5199,5310.3859,PENDING_AG03,FALSE,NOT_FOR_ENFORCEMENT,6384.6399,1800081.0682,6650.6665,6384.6399,266.0267,0.00321897,0.00309021,266.0267,6384.6399,0.00309021,266.0267,266.0267,266.0267,332.5333,332.5333,6384.6399,0.00309021,1463.1466,1340.2806,5187.5199,5310.3859,0.00251080,0.00257027,0.00012876,371.7316,502.2996,1.7816,195.6078,18.0235,60767.1779,109.7941,191.9923,404.8606,67.659,338.295,676.59,676.59,676.59,679.3478,270.636,-67.659,2.0,2.008152,1.098839,13,83,54,7,0.08038074,0.00321897,0.08024012,0E-8,0.000000,0.907555,0.005578,-0.08375330,2026-05-19,2026-07-26,34,369,121,69,0.492754,0.474218,0.516481,0.267936,,,,,,,,GLOBAL_BASELINE_NO_ENTITY_RANKING,,,NOT_APPLICABLE_GLOBAL_BASELINE,HF9g-P5,,,,X 全窗基线 · 不参与实体赏罚,14197144,1420,A168_HF9F_20260827_0900,2026-08-27 09:00:00
2026-05-19,145604771,2246,0,889.1928864570,601.9151846784,601.9151846784,0.8000000,5,5,0.49860758000000000,0.498607580000,1.3478731046594083,1.3478731046594083,1.3478731046594083,0E-17,ELIGIBLE,R03b_20260811_FULL_v1,L1_ELIGIBILITY,v2026-08-11,2026-03-21..2026-08-06,baccarat_bet02_101_all_pairs_incl_sentinel,round_win = game_pnl > 0 (decisive only),COMPATIBILITY_ONLY_NOT_PRODUCTION,2066084.0486,1875084.4460,6650.6665,5558,3733,-0.00321897,-0.08024012,0.00351318,-0.00321897,-6650.6665,2066084.0486,OK,0.0000,266.0267,4.0000,96.0000,AG03-UNRESOLVED,ALL5_LEVELS_bet23_to_bet27,266.0267,266.0267,266.0267,332.5333,332.5333,4.000000,4.000000,4.000000,5.000000,5.000000,96.000000,96.000000,96.000000,95.000000,95.000000,5.0,1463.1466,1340.2806,5187.5199,5310.3859,PENDING_AG03,FALSE,NOT_FOR_ENFORCEMENT,6384.6399,1800081.0682,6650.6665,6384.6399,266.0267,0.00321897,0.00309021,266.0267,6384.6399,0.00309021,266.0267,266.0267,266.0267,332.5333,332.5333,6384.6399,0.00309021,1463.1466,1340.2806,5187.5199,5310.3859,0.00251080,0.00257027,0.00012876,371.7316,502.2996,1.7816,195.6078,18.0235,60767.1779,109.7941,191.9923,404.8606,67.659,338.295,676.59,676.59,676.59,679.3478,270.636,-67.659,2.0,2.008152,1.098839,13,83,54,7,0.08038074,0.00321897,0.08024012,0E-8,0.000000,0.907555,0.005578,-0.08375330,2026-05-19,2026-07-26,34,369,121,69,0.492754,0.474218,0.516481,0.267936,,,,,,,,GLOBAL_BASELINE_NO_ENTITY_RANKING,,,NOT_APPLICABLE_GLOBAL_BASELINE,HF9g-P5,,,,X 全窗基线 · 不参与实体赏罚,14197145,1420,A168_HF9F_20260827_0900,2026-08-27 09:00:00
2026-05-19,145604771,763,0,3898.7688098500,779.7537619700,779.7537619700,0.5769231,28,28,0.49899058571428571,0.498990585714,0.7947602064243879,0.7947602064273027,0.7947602064243879,2.8571E-13,ELIGIBLE,R03b_20260811_FULL_v1,L1_ELIGIBILITY,v2026-08-11,2026-03-21..2026-08-06,baccarat_bet02_101_all_pairs_incl_sentinel,round_win = game_pnl > 0 (decisive only),COMPATIBILITY_ONLY_NOT_PRODUCTION,2066084.0486,1875084.4460,6650.6665,5558,3733,-0.00321897,-0.08024012,0.00351318,-0.00321897,-6650.6665,2066084.0486,OK,0.0000,266.0267,4.0000,96.0000,AG03-UNRESOLVED,ALL5_LEVELS_bet23_to_bet27,266.0267,266.0267,266.0267,332.5333,332.5333,4.000000,4.000000,4.000000,5.000000,5.000000,96.000000,96.000000,96.000000,95.000000,95.000000,5.0,1463.1466,1340.2806,5187.5199,5310.3859,PENDING_AG03,FALSE,NOT_FOR_ENFORCEMENT,6384.6399,1800081.0682,6650.6665,6384.6399,266.0267,0.00321897,0.00309021,266.0267,6384.6399,0.00309021,266.0267,266.0267,266.0267,332.5333,332.5333,6384.6399,0.00309021,1463.1466,1340.2806,5187.5199,5310.3859,0.00251080,0.00257027,0.00012876,371.7316,502.2996,1.7816,195.6078,18.0235,60767.1779,109.7941,191.9923,404.8606,67.659,338.295,676.59,676.59,676.59,679.3478,270.636,-67.659,2.0,2.008152,1.098839,13,83,54,7,0.08038074,0.00321897,0.08024012,0E-8,0.000000,0.907555,0.005578,-0.08375330,2026-05-19,2026-07-26,34,369,121,69,0.492754,0.474218,0.516481,0.267936,,,,,,,,GLOBAL_BASELINE_NO_ENTITY_RANKING,,,NOT_APPLICABLE_GLOBAL_BASELINE,HF9g-P5,,,,X 全窗基线 · 不参与实体赏罚,14197146,1420,A168_HF9F_20260827_0900,2026-08-27 09:00:00
2026-05-20,145604771,1094,0,820.7934336528,-280.4377564980,-280.4377564980,0.5000000,8,8,0.49994810000000000,0.499948100000,0.00029359073713029245,0.00029359073713029245,0.00029359073713029245,0E-17,ELIGIBLE,R03b_20260811_FULL_v1,L1_ELIGIBILITY,v2026-08-11,2026-03-21..2026-08-06,baccarat_bet02_101_all_pairs_incl_sentinel,round_win = game_pnl > 0 (decisive only),COMPATIBILITY_ONLY_NOT_PRODUCTION,2066084.0486,1875084.4460,6650.6665,5558,3733,-0.00321897,-0.08024012,0.00351318,-0.00321897,-6650.6665,2066084.0486,OK,0.0000,266.0267,4.0000,96.0000,AG03-UNRESOLVED,ALL5_LEVELS_bet23_to_bet27,266.0267,266.0267,266.0267,332.5333,332.5333,4.000000,4.000000,4.000000,5.000000,5.000000,96.000000,96.000000,96.000000,95.000000,95.000000,5.0,1463.1466,1340.2806,5187.5199,5310.3859,PENDING_AG03,FALSE,NOT_FOR_ENFORCEMENT,6384.6399,1800081.0682,6650.6665,6384.6399,266.0267,0.00321897,0.00309021,266.0267,6384.6399,0.00309021,266.0267,266.0267,266.0267,332.5333,332.5333,6384.6399,0.00309021,1463.1466,1340.2806,5187.5199,5310.3859,0.00251080,0.00257027,0.00012876,371.7316,502.2996,1.7816,195.6078,18.0235,60767.1779,109.7941,191.9923,404.8606,67.659,338.295,676.59,676.59,676.59,679.3478,270.636,-67.659,2.0,2.008152,1.098839,13,83,54,7,0.08038074,0.00321897,0.08024012,0E-8,0.000000,0.907555,0.005578,-0.08375330,2026-05-19,2026-07-26,34,369,121,69,0.492754,0.474218,0.516481,0.267936,,,,,,,,GLOBAL_BASELINE_NO_ENTITY_RANKING,,,NOT_APPLICABLE_GLOBAL_BASELINE,HF9g-P5,,,,X 全窗基线 · 不参与实体赏罚,14197147,1420,A168_HF9F_20260827_0900,2026-08-27 09:00:00
2026-05-20,145604771,1304,0,205.1983584132,-205.1983584132,-205.1983584132,0E-7,3,3,0.50218230000000000,0.502182300000,-1.7396270863184011,-1.7396270863184016,-1.7396270863184011,0E-17,ELIGIBLE,R03b_20260811_FULL_v1,L1_ELIGIBILITY,v2026-08-11,2026-03-21..2026-08-06,baccarat_bet02_101_all_pairs_incl_sentinel,round_win = game_pnl > 0 (decisive only),COMPATIBILITY_ONLY_NOT_PRODUCTION,2066084.0486,1875084.4460,6650.6665,5558,3733,-0.00321897,-0.08024012,0.00351318,-0.00321897,-6650.6665,2066084.0486,OK,0.0000,266.0267,4.0000,96.0000,AG03-UNRESOLVED,ALL5_LEVELS_bet23_to_bet27,266.0267,266.0267,266.0267,332.5333,332.5333,4.000000,4.000000,4.000000,5.000000,5.000000,96.000000,96.000000,96.000000,95.000000,95.000000,5.0,1463.1466,1340.2806,5187.5199,5310.3859,PENDING_AG03,FALSE,NOT_FOR_ENFORCEMENT,6384.6399,1800081.0682,6650.6665,6384.6399,266.0267,0.00321897,0.00309021,266.0267,6384.6399,0.00309021,266.0267,266.0267,266.0267,332.5333,332.5333,6384.6399,0.00309021,1463.1466,1340.2806,5187.5199,5310.3859,0.00251080,0.00257027,0.00012876,371.7316,502.2996,1.7816,195.6078,18.0235,60767.1779,109.7941,191.9923,404.8606,67.659,338.295,676.59,676.59,676.59,679.3478,270.636,-67.659,2.0,2.008152,1.098839,13,83,54,7,0.08038074,0.00321897,0.08024012,0E-8,0.000000,0.907555,0.005578,-0.08375330,2026-05-19,2026-07-26,34,369,121,69,0.492754,0.474218,0.516481,0.267936,,,,,,,,GLOBAL_BASELINE_NO_ENTITY_RANKING,,,NOT_APPLICABLE_GLOBAL_BASELINE,HF9g-P5,,,,X 全窗基线 · 不参与实体赏罚,14197148,1420,A168_HF9F_20260827_0900,2026-08-27 09:00:00
2026-05-20,145604771,1702,0,1709.9863201096,191.5184678522,191.5184678522,0.6250000,9,9,0.49622443333333333,0.496224433333,0.7284853808030249,0.7284853808049142,0.7284853808030249,3.3333E-13,ELIGIBLE,R03b_20260811_FULL_v1,L1_ELIGIBILITY,v2026-08-11,2026-03-21..2026-08-06,baccarat_bet02_101_all_pairs_incl_sentinel,round_win = game_pnl > 0 (decisive only),COMPATIBILITY_ONLY_NOT_PRODUCTION,2066084.0486,1875084.4460,6650.6665,5558,3733,-0.00321897,-0.08024012,0.00351318,-0.00321897,-6650.6665,2066084.0486,OK,0.0000,266.0267,4.0000,96.0000,AG03-UNRESOLVED,ALL5_LEVELS_bet23_to_bet27,266.0267,266.0267,266.0267,332.5333,332.5333,4.000000,4.000000,4.000000,5.000000,5.000000,96.000000,96.000000,96.000000,95.000000,95.000000,5.0,1463.1466,1340.2806,5187.5199,5310.3859,PENDING_AG03,FALSE,NOT_FOR_ENFORCEMENT,6384.6399,1800081.0682,6650.6665,6384.6399,266.0267,0.00321897,0.00309021,266.0267,6384.6399,0.00309021,266.0267,266.0267,266.0267,332.5333,332.5333,6384.6399,0.00309021,1463.1466,1340.2806,5187.5199,5310.3859,0.00251080,0.00257027,0.00012876,371.7316,502.2996,1.7816,195.6078,18.0235,60767.1779,109.7941,191.9923,404.8606,67.659,338.295,676.59,676.59,676.59,679.3478,270.636,-67.659,2.0,2.008152,1.098839,13,83,54,7,0.08038074,0.00321897,0.08024012,0E-8,0.000000,0.907555,0.005578,-0.08375330,2026-05-19,2026-07-26,34,369,121,69,0.492754,0.474218,0.516481,0.267936,,,,,,,,GLOBAL_BASELINE_NO_ENTITY_RANKING,,,NOT_APPLICABLE_GLOBAL_BASELINE,HF9g-P5,,,,X 全窗基线 · 不参与实体赏罚,14197149,1420,A168_HF9F_20260827_0900,2026-08-27 09:00:00
2026-05-20,145604771,1710,0,3146.3748290018,-34.1997264021,-34.1997264021,0.6111111,22,21,0.49110423333333333,0.491104233333,1.0184533274709677,1.0184533274738086,1.0184533274709677,3.3333E-13,ELIGIBLE,R03b_20260811_FULL_v1,L1_ELIGIBILITY,v2026-08-11,2026-03-21..2026-08-06,baccarat_bet02_101_all_pairs_incl_sentinel,round_win = game_pnl > 0 (decisive only),COMPATIBILITY_ONLY_NOT_PRODUCTION,2066084.0486,1875084.4460,6650.6665,5558,3733,-0.00321897,-0.08024012,0.00351318,-0.00321897,-6650.6665,2066084.0486,OK,0.0000,266.0267,4.0000,96.0000,AG03-UNRESOLVED,ALL5_LEVELS_bet23_to_bet27,266.0267,266.0267,266.0267,332.5333,332.5333,4.000000,4.000000,4.000000,5.000000,5.000000,96.000000,96.000000,96.000000,95.000000,95.000000,5.0,1463.1466,1340.2806,5187.5199,5310.3859,PENDING_AG03,FALSE,NOT_FOR_ENFORCEMENT,6384.6399,1800081.0682,6650.6665,6384.6399,266.0267,0.00321897,0.00309021,266.0267,6384.6399,0.00309021,266.0267,266.0267,266.0267,332.5333,332.5333,6384.6399,0.00309021,1463.1466,1340.2806,5187.5199,5310.3859,0.00251080,0.00257027,0.00012876,371.7316,502.2996,1.7816,195.6078,18.0235,60767.1779,109.7941,191.9923,404.8606,67.659,338.295,676.59,676.59,676.59,679.3478,270.636,-67.659,2.0,2.008152,1.098839,13,83,54,7,0.08038074,0.00321897,0.08024012,0E-8,0.000000,0.907555,0.005578,-0.08375330,2026-05-19,2026-07-26,34,369,121,69,0.492754,0.474218,0.516481,0.267936,,,,,,,,GLOBAL_BASELINE_NO_ENTITY_RANKING,,,NOT_APPLICABLE_GLOBAL_BASELINE,HF9g-P5,,,,X 全窗基线 · 不参与实体赏罚,14197150,1420,A168_HF9F_20260827_0900,2026-08-27 09:00:00
2026-05-20,145604771,2127,0,136.7989056088,-136.7989056088,-136.7989056088,0E-7,1,1,0.49324550000000000,0.493245500000,-0.9865810262130424,-0.9865810262130424,-0.9865810262130424,0E-17,ELIGIBLE,R03b_20260811_FULL_v1,L1_ELIGIBILITY,v2026-08-11,2026-03-21..2026-08-06,baccarat_bet02_101_all_pairs_incl_sentinel,round_win = game_pnl > 0 (decisive only),COMPATIBILITY_ONLY_NOT_PRODUCTION,2066084.0486,1875084.4460,6650.6665,5558,3733,-0.00321897,-0.08024012,0.00351318,-0.00321897,-6650.6665,2066084.0486,OK,0.0000,266.0267,4.0000,96.0000,AG03-UNRESOLVED,ALL5_LEVELS_bet23_to_bet27,266.0267,266.0267,266.0267,332.5333,332.5333,4.000000,4.000000,4.000000,5.000000,5.000000,96.000000,96.000000,96.000000,95.000000,95.000000,5.0,1463.1466,1340.2806,5187.5199,5310.3859,PENDING_AG03,FALSE,NOT_FOR_ENFORCEMENT,6384.6399,1800081.0682,6650.6665,6384.6399,266.0267,0.00321897,0.00309021,266.0267,6384.6399,0.00309021,266.0267,266.0267,266.0267,332.5333,332.5333,6384.6399,0.00309021,1463.1466,1340.2806,5187.5199,5310.3859,0.00251080,0.00257027,0.00012876,371.7316,502.2996,1.7816,195.6078,18.0235,60767.1779,109.7941,191.9923,404.8606,67.659,338.295,676.59,676.59,676.59,679.3478,270.636,-67.659,2.0,2.008152,1.098839,13,83,54,7,0.08038074,0.00321897,0.08024012,0E-8,0.000000,0.907555,0.005578,-0.08375330,2026-05-19,2026-07-26,34,369,121,69,0.492754,0.474218,0.516481,0.267936,,,,,,,,GLOBAL_BASELINE_NO_ENTITY_RANKING,,,NOT_APPLICABLE_GLOBAL_BASELINE,HF9g-P5,,,,X 全窗基线 · 不参与实体赏罚,14197151,1420,A168_HF9F_20260827_0900,2026-08-27 09:00:00
2026-05-20,145604771,2130,0,7045.1436388510,51.2995896030,51.2995896030,0.5172414,32,30,0.47981203999999749,0.472951073333,0.40345531519035577,0.4777207497488222,0.40345531519035577,0.00686096666699749,ELIGIBLE,R03b_20260811_FULL_v1,L1_ELIGIBILITY,v2026-08-11,2026-03-21..2026-08-06,baccarat_bet02_101_all_pairs_incl_sentinel,round_win = game_pnl > 0 (decisive only),COMPATIBILITY_ONLY_NOT_PRODUCTION,2066084.0486,1875084.4460,6650.6665,5558,3733,-0.00321897,-0.08024012,0.00351318,-0.00321897,-6650.6665,2066084.0486,OK,0.0000,266.0267,4.0000,96.0000,AG03-UNRESOLVED,ALL5_LEVELS_bet23_to_bet27,266.0267,266.0267,266.0267,332.5333,332.5333,4.000000,4.000000,4.000000,5.000000,5.000000,96.000000,96.000000,96.000000,95.000000,95.000000,5.0,1463.1466,1340.2806,5187.5199,5310.3859,PENDING_AG03,FALSE,NOT_FOR_ENFORCEMENT,6384.6399,1800081.0682,6650.6665,6384.6399,266.0267,0.00321897,0.00309021,266.0267,6384.6399,0.00309021,266.0267,266.0267,266.0267,332.5333,332.5333,6384.6399,0.00309021,1463.1466,1340.2806,5187.5199,5310.3859,0.00251080,0.00257027,0.00012876,371.7316,502.2996,1.7816,195.6078,18.0235,60767.1779,109.7941,191.9923,404.8606,67.659,338.295,676.59,676.59,676.59,679.3478,270.636,-67.659,2.0,2.008152,1.098839,13,83,54,7,0.08038074,0.00321897,0.08024012,0E-8,0.000000,0.907555,0.005578,-0.08375330,2026-05-19,2026-07-26,34,369,121,69,0.492754,0.474218,0.516481,0.267936,,,,,,,,GLOBAL_BASELINE_NO_ENTITY_RANKING,,,NOT_APPLICABLE_GLOBAL_BASELINE,HF9g-P5,,,,X 全窗基线 · 不参与实体赏罚,14197152,1420,A168_HF9F_20260827_0900,2026-08-27 09:00:00
2026-05-20,145604771,2134,0,834.4733242136,-424.0766073873,-424.0766073873,0E-7,8,8,0.44681520000000000,0.446815200000,-2.0096195748551966,-2.009619574855197,-2.0096195748551966,0E-17,ELIGIBLE,R03b_20260811_FULL_v1,L1_ELIGIBILITY,v2026-08-11,2026-03-21..2026-08-06,baccarat_bet02_101_all_pairs_incl_sentinel,round_win = game_pnl > 0 (decisive only),COMPATIBILITY_ONLY_NOT_PRODUCTION,2066084.0486,1875084.4460,6650.6665,5558,3733,-0.00321897,-0.08024012,0.00351318,-0.00321897,-6650.6665,2066084.0486,OK,0.0000,266.0267,4.0000,96.0000,AG03-UNRESOLVED,ALL5_LEVELS_bet23_to_bet27,266.0267,266.0267,266.0267,332.5333,332.5333,4.000000,4.000000,4.000000,5.000000,5.000000,96.000000,96.000000,96.000000,95.000000,95.000000,5.0,1463.1466,1340.2806,5187.5199,5310.3859,PENDING_AG03,FALSE,NOT_FOR_ENFORCEMENT,6384.6399,1800081.0682,6650.6665,6384.6399,266.0267,0.00321897,0.00309021,266.0267,6384.6399,0.00309021,266.0267,266.0267,266.0267,332.5333,332.5333,6384.6399,0.00309021,1463.1466,1340.2806,5187.5199,5310.3859,0.00251080,0.00257027,0.00012876,371.7316,502.2996,1.7816,195.6078,18.0235,60767.1779,109.7941,191.9923,404.8606,67.659,338.295,676.59,676.59,676.59,679.3478,270.636,-67.659,2.0,2.008152,1.098839,13,83,54,7,0.08038074,0.00321897,0.08024012,0E-8,0.000000,0.907555,0.005578,-0.08375330,2026-05-19,2026-07-26,34,369,121,69,0.492754,0.474218,0.516481,0.267936,,,,,,,,GLOBAL_BASELINE_NO_ENTITY_RANKING,,,NOT_APPLICABLE_GLOBAL_BASELINE,HF9g-P5,,,,X 全窗基线 · 不参与实体赏罚,14197153,1420,A168_HF9F_20260827_0900,2026-08-27 09:00:00
2026-05-20,145604771,2145,0,683.9945280440,335.1573187415,335.1573187415,0.7500000,6,6,0.49994810000000000,0.499948100000,1.0002076053883384,1.0002076053883384,1.0002076053883384,0E-17,ELIGIBLE,R03b_20260811_FULL_v1,L1_ELIGIBILITY,v2026-08-11,2026-03-21..2026-08-06,baccarat_bet02_101_all_pairs_incl_sentinel,round_win = game_pnl > 0 (decisive only),COMPATIBILITY_ONLY_NOT_PRODUCTION,2066084.0486,1875084.4460,6650.6665,5558,3733,-0.00321897,-0.08024012,0.00351318,-0.00321897,-6650.6665,2066084.0486,OK,0.0000,266.0267,4.0000,96.0000,AG03-UNRESOLVED,ALL5_LEVELS_bet23_to_bet27,266.0267,266.0267,266.0267,332.5333,332.5333,4.000000,4.000000,4.000000,5.000000,5.000000,96.000000,96.000000,96.000000,95.000000,95.000000,5.0,1463.1466,1340.2806,5187.5199,5310.3859,PENDING_AG03,FALSE,NOT_FOR_ENFORCEMENT,6384.6399,1800081.0682,6650.6665,6384.6399,266.0267,0.00321897,0.00309021,266.0267,6384.6399,0.00309021,266.0267,266.0267,266.0267,332.5333,332.5333,6384.6399,0.00309021,1463.1466,1340.2806,5187.5199,5310.3859,0.00251080,0.00257027,0.00012876,371.7316,502.2996,1.7816,195.6078,18.0235,60767.1779,109.7941,191.9923,404.8606,67.659,338.295,676.59,676.59,676.59,679.3478,270.636,-67.659,2.0,2.008152,1.098839,13,83,54,7,0.08038074,0.00321897,0.08024012,0E-8,0.000000,0.907555,0.005578,-0.08375330,2026-05-19,2026-07-26,34,369,121,69,0.492754,0.474218,0.516481,0.267936,,,,,,,,GLOBAL_BASELINE_NO_ENTITY_RANKING,,,NOT_APPLICABLE_GLOBAL_BASELINE,HF9g-P5,,,,X 全窗基线 · 不参与实体赏罚,14197154,1420,A168_HF9F_20260827_0900,2026-08-27 09:00:00
2026-05-20,145604771,2167,0,2051.9835841316,-280.4377564981,-280.4377564981,0.3636364,14,12,0.46452616666666667,0.464526166667,-0.6709179305363709,-0.6709179305385556,-0.6709179305363709,-3.3333E-13,ELIGIBLE,R03b_20260811_FULL_v1,L1_ELIGIBILITY,v2026-08-11,2026-03-21..2026-08-06,baccarat_bet02_101_all_pairs_incl_sentinel,round_win = game_pnl > 0 (decisive only),COMPATIBILITY_ONLY_NOT_PRODUCTION,2066084.0486,1875084.4460,6650.6665,5558,3733,-0.00321897,-0.08024012,0.00351318,-0.00321897,-6650.6665,2066084.0486,OK,0.0000,266.0267,4.0000,96.0000,AG03-UNRESOLVED,ALL5_LEVELS_bet23_to_bet27,266.0267,266.0267,266.0267,332.5333,332.5333,4.000000,4.000000,4.000000,5.000000,5.000000,96.000000,96.000000,96.000000,95.000000,95.000000,5.0,1463.1466,1340.2806,5187.5199,5310.3859,PENDING_AG03,FALSE,NOT_FOR_ENFORCEMENT,6384.6399,1800081.0682,6650.6665,6384.6399,266.0267,0.00321897,0.00309021,266.0267,6384.6399,0.00309021,266.0267,266.0267,266.0267,332.5333,332.5333,6384.6399,0.00309021,1463.1466,1340.2806,5187.5199,5310.3859,0.00251080,0.00257027,0.00012876,371.7316,502.2996,1.7816,195.6078,18.0235,60767.1779,109.7941,191.9923,404.8606,67.659,338.295,676.59,676.59,676.59,679.3478,270.636,-67.659,2.0,2.008152,1.098839,13,83,54,7,0.08038074,0.00321897,0.08024012,0E-8,0.000000,0.907555,0.005578,-0.08375330,2026-05-19,2026-07-26,34,369,121,69,0.492754,0.474218,0.516481,0.267936,,,,,,,,GLOBAL_BASELINE_NO_ENTITY_RANKING,,,NOT_APPLICABLE_GLOBAL_BASELINE,HF9g-P5,,,,X 全窗基线 · 不参与实体赏罚,14197155,1420,A168_HF9F_20260827_0900,2026-08-27 09:00:00
2026-05-20,145604771,987,0,1347.4692202466,-328.3173734612,-328.3173734612,0.3333333,10,10,0.45541114000000000,0.455411140000,-0.7353968597022573,-0.7353968597022573,-0.7353968597022573,0E-17,ELIGIBLE,R03b_20260811_FULL_v1,L1_ELIGIBILITY,v2026-08-11,2026-03-21..2026-08-06,baccarat_bet02_101_all_pairs_incl_sentinel,round_win = game_pnl > 0 (decisive only),COMPATIBILITY_ONLY_NOT_PRODUCTION,2066084.0486,1875084.4460,6650.6665,5558,3733,-0.00321897,-0.08024012,0.00351318,-0.00321897,-6650.6665,2066084.0486,OK,0.0000,266.0267,4.0000,96.0000,AG03-UNRESOLVED,ALL5_LEVELS_bet23_to_bet27,266.0267,266.0267,266.0267,332.5333,332.5333,4.000000,4.000000,4.000000,5.000000,5.000000,96.000000,96.000000,96.000000,95.000000,95.000000,5.0,1463.1466,1340.2806,5187.5199,5310.3859,PENDING_AG03,FALSE,NOT_FOR_ENFORCEMENT,6384.6399,1800081.0682,6650.6665,6384.6399,266.0267,0.00321897,0.00309021,266.0267,6384.6399,0.00309021,266.0267,266.0267,266.0267,332.5333,332.5333,6384.6399,0.00309021,1463.1466,1340.2806,5187.5199,5310.3859,0.00251080,0.00257027,0.00012876,371.7316,502.2996,1.7816,195.6078,18.0235,60767.1779,109.7941,191.9923,404.8606,67.659,338.295,676.59,676.59,676.59,679.3478,270.636,-67.659,2.0,2.008152,1.098839,13,83,54,7,0.08038074,0.00321897,0.08024012,0E-8,0.000000,0.907555,0.005578,-0.08375330,2026-05-19,2026-07-26,34,369,121,69,0.492754,0.474218,0.516481,0.267936,,,,,,,,GLOBAL_BASELINE_NO_ENTITY_RANKING,,,NOT_APPLICABLE_GLOBAL_BASELINE,HF9g-P5,,,,X 全窗基线 · 不参与实体赏罚,14197156,1420,A168_HF9F_20260827_0900,2026-08-27 09:00:00
2026-05-21,145604771,1382,0,273.5978112176,0E-10,0E-10,0.5000000,4,4,0.49324550000000000,0.493245500000,0.027020465636507562,0.027020465636507562,0.027020465636507562,0E-17,ELIGIBLE,R03b_20260811_FULL_v1,L1_ELIGIBILITY,v2026-08-11,2026-03-21..2026-08-06,baccarat_bet02_101_all_pairs_incl_sentinel,round_win = game_pnl > 0 (decisive only),COMPATIBILITY_ONLY_NOT_PRODUCTION,2066084.0486,1875084.4460,6650.6665,5558,3733,-0.00321897,-0.08024012,0.00351318,-0.00321897,-6650.6665,2066084.0486,OK,0.0000,266.0267,4.0000,96.0000,AG03-UNRESOLVED,ALL5_LEVELS_bet23_to_bet27,266.0267,266.0267,266.0267,332.5333,332.5333,4.000000,4.000000,4.000000,5.000000,5.000000,96.000000,96.000000,96.000000,95.000000,95.000000,5.0,1463.1466,1340.2806,5187.5199,5310.3859,PENDING_AG03,FALSE,NOT_FOR_ENFORCEMENT,6384.6399,1800081.0682,6650.6665,6384.6399,266.0267,0.00321897,0.00309021,266.0267,6384.6399,0.00309021,266.0267,266.0267,266.0267,332.5333,332.5333,6384.6399,0.00309021,1463.1466,1340.2806,5187.5199,5310.3859,0.00251080,0.00257027,0.00012876,371.7316,502.2996,1.7816,195.6078,18.0235,60767.1779,109.7941,191.9923,404.8606,67.659,338.295,676.59,676.59,676.59,679.3478,270.636,-67.659,2.0,2.008152,1.098839,13,83,54,7,0.08038074,0.00321897,0.08024012,0E-8,0.000000,0.907555,0.005578,-0.08375330,2026-05-19,2026-07-26,34,369,121,69,0.492754,0.474218,0.516481,0.267936,,,,,,,,GLOBAL_BASELINE_NO_ENTITY_RANKING,,,NOT_APPLICABLE_GLOBAL_BASELINE,HF9g-P5,,,,X 全窗基线 · 不参与实体赏罚,14197157,1420,A168_HF9F_20260827_0900,2026-08-27 09:00:00
2026-05-21,145604771,1490,0,1005.4719562245,-135.4309165528,-135.4309165528,0.4666667,16,16,0.50078592500000000,0.500785925000,-0.2642869651086428,-0.26428696510864286,-0.2642869651086428,0E-17,ELIGIBLE,R03b_20260811_FULL_v1,L1_ELIGIBILITY,v2026-08-11,2026-03-21..2026-08-06,baccarat_bet02_101_all_pairs_incl_sentinel,round_win = game_pnl > 0 (decisive only),COMPATIBILITY_ONLY_NOT_PRODUCTION,2066084.0486,1875084.4460,6650.6665,5558,3733,-0.00321897,-0.08024012,0.00351318,-0.00321897,-6650.6665,2066084.0486,OK,0.0000,266.0267,4.0000,96.0000,AG03-UNRESOLVED,ALL5_LEVELS_bet23_to_bet27,266.0267,266.0267,266.0267,332.5333,332.5333,4.000000,4.000000,4.000000,5.000000,5.000000,96.000000,96.000000,96.000000,95.000000,95.000000,5.0,1463.1466,1340.2806,5187.5199,5310.3859,PENDING_AG03,FALSE,NOT_FOR_ENFORCEMENT,6384.6399,1800081.0682,6650.6665,6384.6399,266.0267,0.00321897,0.00309021,266.0267,6384.6399,0.00309021,266.0267,266.0267,266.0267,332.5333,332.5333,6384.6399,0.00309021,1463.1466,1340.2806,5187.5199,5310.3859,0.00251080,0.00257027,0.00012876,371.7316,502.2996,1.7816,195.6078,18.0235,60767.1779,109.7941,191.9923,404.8606,67.659,338.295,676.59,676.59,676.59,679.3478,270.636,-67.659,2.0,2.008152,1.098839,13,83,54,7,0.08038074,0.00321897,0.08024012,0E-8,0.000000,0.907555,0.005578,-0.08375330,2026-05-19,2026-07-26,34,369,121,69,0.492754,0.474218,0.516481,0.267936,,,,,,,,GLOBAL_BASELINE_NO_ENTITY_RANKING,,,NOT_APPLICABLE_GLOBAL_BASELINE,HF9g-P5,,,,X 全窗基线 · 不参与实体赏罚,14197158,1420,A168_HF9F_20260827_0900,2026-08-27 09:00:00
2026-05-21,145604771,1623,0,1846.7852257187,-30.7797537619,-30.7797537619,0.5263158,21,20,0.49099717000000000,0.490997170000,0.30795050963047266,0.30795050963047266,0.30795050963047266,0E-17,ELIGIBLE,R03b_20260811_FULL_v1,L1_ELIGIBILITY,v2026-08-11,2026-03-21..2026-08-06,baccarat_bet02_101_all_pairs_incl_sentinel,round_win = game_pnl > 0 (decisive only),COMPATIBILITY_ONLY_NOT_PRODUCTION,2066084.0486,1875084.4460,6650.6665,5558,3733,-0.00321897,-0.08024012,0.00351318,-0.00321897,-6650.6665,2066084.0486,OK,0.0000,266.0267,4.0000,96.0000,AG03-UNRESOLVED,ALL5_LEVELS_bet23_to_bet27,266.0267,266.0267,266.0267,332.5333,332.5333,4.000000,4.000000,4.000000,5.000000,5.000000,96.000000,96.000000,96.000000,95.000000,95.000000,5.0,1463.1466,1340.2806,5187.5199,5310.3859,PENDING_AG03,FALSE,NOT_FOR_ENFORCEMENT,6384.6399,1800081.0682,6650.6665,6384.6399,266.0267,0.00321897,0.00309021,266.0267,6384.6399,0.00309021,266.0267,266.0267,266.0267,332.5333,332.5333,6384.6399,0.00309021,1463.1466,1340.2806,5187.5199,5310.3859,0.00251080,0.00257027,0.00012876,371.7316,502.2996,1.7816,195.6078,18.0235,60767.1779,109.7941,191.9923,404.8606,67.659,338.295,676.59,676.59,676.59,679.3478,270.636,-67.659,2.0,2.008152,1.098839,13,83,54,7,0.08038074,0.00321897,0.08024012,0E-8,0.000000,0.907555,0.005578,-0.08375330,2026-05-19,2026-07-26,34,369,121,69,0.492754,0.474218,0.516481,0.267936,,,,,,,,GLOBAL_BASELINE_NO_ENTITY_RANKING,,,NOT_APPLICABLE_GLOBAL_BASELINE,HF9g-P5,,,,X 全窗基线 · 不参与实体赏罚,14197159,1420,A168_HF9F_20260827_0900,2026-08-27 09:00:00
2026-05-21,145604771,2108,0,1709.9863201100,-75.2393980848,-75.2393980848,0.5625000,18,18,0.49696916666666667,0.496969166667,0.5242562983401591,0.5242562983374903,0.5242562983401591,-3.3333E-13,ELIGIBLE,R03b_20260811_FULL_v1,L1_ELIGIBILITY,v2026-08-11,2026-03-21..2026-08-06,baccarat_bet02_101_all_pairs_incl_sentinel,round_win = game_pnl > 0 (decisive only),COMPATIBILITY_ONLY_NOT_PRODUCTION,2066084.0486,1875084.4460,6650.6665,5558,3733,-0.00321897,-0.08024012,0.00351318,-0.00321897,-6650.6665,2066084.0486,OK,0.0000,266.0267,4.0000,96.0000,AG03-UNRESOLVED,ALL5_LEVELS_bet23_to_bet27,266.0267,266.0267,266.0267,332.5333,332.5333,4.000000,4.000000,4.000000,5.000000,5.000000,96.000000,96.000000,96.000000,95.000000,95.000000,5.0,1463.1466,1340.2806,5187.5199,5310.3859,PENDING_AG03,FALSE,NOT_FOR_ENFORCEMENT,6384.6399,1800081.0682,6650.6665,6384.6399,266.0267,0.00321897,0.00309021,266.0267,6384.6399,0.00309021,266.0267,266.0267,266.0267,332.5333,332.5333,6384.6399,0.00309021,1463.1466,1340.2806,5187.5199,5310.3859,0.00251080,0.00257027,0.00012876,371.7316,502.2996,1.7816,195.6078,18.0235,60767.1779,109.7941,191.9923,404.8606,67.659,338.295,676.59,676.59,676.59,679.3478,270.636,-67.659,2.0,2.008152,1.098839,13,83,54,7,0.08038074,0.00321897,0.08024012,0E-8,0.000000,0.907555,0.005578,-0.08375330,2026-05-19,2026-07-26,34,369,121,69,0.492754,0.474218,0.516481,0.267936,,,,,,,,GLOBAL_BASELINE_NO_ENTITY_RANKING,,,NOT_APPLICABLE_GLOBAL_BASELINE,HF9g-P5,,,,X 全窗基线 · 不参与实体赏罚,14197160,1420,A168_HF9F_20260827_0900,2026-08-27 09:00:00
2026-05-21,145604771,2115,0,205.1983584132,61.5595075240,61.5595075240,0.6666667,3,3,0.50665070000000000,0.506650700000,0.5543606114942035,0.5543606114942035,0.5543606114942035,0E-17,ELIGIBLE,R03b_20260811_FULL_v1,L1_ELIGIBILITY,v2026-08-11,2026-03-21..2026-08-06,baccarat_bet02_101_all_pairs_incl_sentinel,round_win = game_pnl > 0 (decisive only),COMPATIBILITY_ONLY_NOT_PRODUCTION,2066084.0486,1875084.4460,6650.6665,5558,3733,-0.00321897,-0.08024012,0.00351318,-0.00321897,-6650.6665,2066084.0486,OK,0.0000,266.0267,4.0000,96.0000,AG03-UNRESOLVED,ALL5_LEVELS_bet23_to_bet27,266.0267,266.0267,266.0267,332.5333,332.5333,4.000000,4.000000,4.000000,5.000000,5.000000,96.000000,96.000000,96.000000,95.000000,95.000000,5.0,1463.1466,1340.2806,5187.5199,5310.3859,PENDING_AG03,FALSE,NOT_FOR_ENFORCEMENT,6384.6399,1800081.0682,6650.6665,6384.6399,266.0267,0.00321897,0.00309021,266.0267,6384.6399,0.00309021,266.0267,266.0267,266.0267,332.5333,332.5333,6384.6399,0.00309021,1463.1466,1340.2806,5187.5199,5310.3859,0.00251080,0.00257027,0.00012876,371.7316,502.2996,1.7816,195.6078,18.0235,60767.1779,109.7941,191.9923,404.8606,67.659,338.295,676.59,676.59,676.59,679.3478,270.636,-67.659,2.0,2.008152,1.098839,13,83,54,7,0.08038074,0.00321897,0.08024012,0E-8,0.000000,0.907555,0.005578,-0.08375330,2026-05-19,2026-07-26,34,369,121,69,0.492754,0.474218,0.516481,0.267936,,,,,,,,GLOBAL_BASELINE_NO_ENTITY_RANKING,,,NOT_APPLICABLE_GLOBAL_BASELINE,HF9g-P5,,,,X 全窗基线 · 不参与实体赏罚,14197161,1420,A168_HF9F_20260827_0900,2026-08-27 09:00:00
2026-05-21,145604771,2130,0,136.7989056088,0E-10,0E-10,0.5000000,2,2,0.49994810000000000,0.499948100000,0.00014679536856514622,0.00014679536856514622,0.00014679536856514622,0E-17,ELIGIBLE,R03b_20260811_FULL_v1,L1_ELIGIBILITY,v2026-08-11,2026-03-21..2026-08-06,baccarat_bet02_101_all_pairs_incl_sentinel,round_win = game_pnl > 0 (decisive only),COMPATIBILITY_ONLY_NOT_PRODUCTION,2066084.0486,1875084.4460,6650.6665,5558,3733,-0.00321897,-0.08024012,0.00351318,-0.00321897,-6650.6665,2066084.0486,OK,0.0000,266.0267,4.0000,96.0000,AG03-UNRESOLVED,ALL5_LEVELS_bet23_to_bet27,266.0267,266.0267,266.0267,332.5333,332.5333,4.000000,4.000000,4.000000,5.000000,5.000000,96.000000,96.000000,96.000000,95.000000,95.000000,5.0,1463.1466,1340.2806,5187.5199,5310.3859,PENDING_AG03,FALSE,NOT_FOR_ENFORCEMENT,6384.6399,1800081.0682,6650.6665,6384.6399,266.0267,0.00321897,0.00309021,266.0267,6384.6399,0.00309021,266.0267,266.0267,266.0267,332.5333,332.5333,6384.6399,0.00309021,1463.1466,1340.2806,5187.5199,5310.3859,0.00251080,0.00257027,0.00012876,371.7316,502.2996,1.7816,195.6078,18.0235,60767.1779,109.7941,191.9923,404.8606,67.659,338.295,676.59,676.59,676.59,679.3478,270.636,-67.659,2.0,2.008152,1.098839,13,83,54,7,0.08038074,0.00321897,0.08024012,0E-8,0.000000,0.907555,0.005578,-0.08375330,2026-05-19,2026-07-26,34,369,121,69,0.492754,0.474218,0.516481,0.267936,,,,,,,,GLOBAL_BASELINE_NO_ENTITY_RANKING,,,NOT_APPLICABLE_GLOBAL_BASELINE,HF9g-P5,,,,X 全窗基线 · 不参与实体赏罚,14197162,1420,A168_HF9F_20260827_0900,2026-08-27 09:00:00
2026-05-21,145604771,2261,0,957.5923392616,-280.4377564981,-280.4377564981,0.3333333,12,11,0.48062704545454545,0.480627045455,-0.8844263926309487,-0.8844263926336469,-0.8844263926309487,-4.5455E-13,ELIGIBLE,R03b_20260811_FULL_v1,L1_ELIGIBILITY,v2026-08-11,2026-03-21..2026-08-06,baccarat_bet02_101_all_pairs_incl_sentinel,round_win = game_pnl > 0 (decisive only),COMPATIBILITY_ONLY_NOT_PRODUCTION,2066084.0486,1875084.4460,6650.6665,5558,3733,-0.00321897,-0.08024012,0.00351318,-0.00321897,-6650.6665,2066084.0486,OK,0.0000,266.0267,4.0000,96.0000,AG03-UNRESOLVED,ALL5_LEVELS_bet23_to_bet27,266.0267,266.0267,266.0267,332.5333,332.5333,4.000000,4.000000,4.000000,5.000000,5.000000,96.000000,96.000000,96.000000,95.000000,95.000000,5.0,1463.1466,1340.2806,5187.5199,5310.3859,PENDING_AG03,FALSE,NOT_FOR_ENFORCEMENT,6384.6399,1800081.0682,6650.6665,6384.6399,266.0267,0.00321897,0.00309021,266.0267,6384.6399,0.00309021,266.0267,266.0267,266.0267,332.5333,332.5333,6384.6399,0.00309021,1463.1466,1340.2806,5187.5199,5310.3859,0.00251080,0.00257027,0.00012876,371.7316,502.2996,1.7816,195.6078,18.0235,60767.1779,109.7941,191.9923,404.8606,67.659,338.295,676.59,676.59,676.59,679.3478,270.636,-67.659,2.0,2.008152,1.098839,13,83,54,7,0.08038074,0.00321897,0.08024012,0E-8,0.000000,0.907555,0.005578,-0.08375330,2026-05-19,2026-07-26,34,369,121,69,0.492754,0.474218,0.516481,0.267936,,,,,,,,GLOBAL_BASELINE_NO_ENTITY_RANKING,,,NOT_APPLICABLE_GLOBAL_BASELINE,HF9g-P5,,,,X 全窗基线 · 不参与实体赏罚,14197163,1420,A168_HF9F_20260827_0900,2026-08-27 09:00:00
2026-05-21,145604771,752,0,68.3994528044,-68.3994528044,-68.3994528044,0E-7,1,1,0.49324550000000000,0.493245500000,-0.9865810262130424,-0.9865810262130424,-0.9865810262130424,0E-17,ELIGIBLE,R03b_20260811_FULL_v1,L1_ELIGIBILITY,v2026-08-11,2026-03-21..2026-08-06,baccarat_bet02_101_all_pairs_incl_sentinel,round_win = game_pnl > 0 (decisive only),COMPATIBILITY_ONLY_NOT_PRODUCTION,2066084.0486,1875084.4460,6650.6665,5558,3733,-0.00321897,-0.08024012,0.00351318,-0.00321897,-6650.6665,2066084.0486,OK,0.0000,266.0267,4.0000,96.0000,AG03-UNRESOLVED,ALL5_LEVELS_bet23_to_bet27,266.0267,266.0267,266.0267,332.5333,332.5333,4.000000,4.000000,4.000000,5.000000,5.000000,96.000000,96.000000,96.000000,95.000000,95.000000,5.0,1463.1466,1340.2806,5187.5199,5310.3859,PENDING_AG03,FALSE,NOT_FOR_ENFORCEMENT,6384.6399,1800081.0682,6650.6665,6384.6399,266.0267,0.00321897,0.00309021,266.0267,6384.6399,0.00309021,266.0267,266.0267,266.0267,332.5333,332.5333,6384.6399,0.00309021,1463.1466,1340.2806,5187.5199,5310.3859,0.00251080,0.00257027,0.00012876,371.7316,502.2996,1.7816,195.6078,18.0235,60767.1779,109.7941,191.9923,404.8606,67.659,338.295,676.59,676.59,676.59,679.3478,270.636,-67.659,2.0,2.008152,1.098839,13,83,54,7,0.08038074,0.00321897,0.08024012,0E-8,0.000000,0.907555,0.005578,-0.08375330,2026-05-19,2026-07-26,34,369,121,69,0.492754,0.474218,0.516481,0.267936,,,,,,,,GLOBAL_BASELINE_NO_ENTITY_RANKING,,,NOT_APPLICABLE_GLOBAL_BASELINE,HF9g-P5,,,,X 全窗基线 · 不参与实体赏罚,14197164,1420,A168_HF9F_20260827_0900,2026-08-27 09:00:00
2026-05-22,145604771,2134,0,54.7195622435,-54.7195622435,-54.7195622435,0E-7,1,1,0.50665070000000000,0.506650700000,-1.013391052207602,-1.013391052207602,-1.013391052207602,0E-17,ELIGIBLE,R03b_20260811_FULL_v1,L1_ELIGIBILITY,v2026-08-11,2026-03-21..2026-08-06,baccarat_bet02_101_all_pairs_incl_sentinel,round_win = game_pnl > 0 (decisive only),COMPATIBILITY_ONLY_NOT_PRODUCTION,2066084.0486,1875084.4460,6650.6665,5558,3733,-0.00321897,-0.08024012,0.00351318,-0.00321897,-6650.6665,2066084.0486,OK,0.0000,266.0267,4.0000,96.0000,AG03-UNRESOLVED,ALL5_LEVELS_bet23_to_bet27,266.0267,266.0267,266.0267,332.5333,332.5333,4.000000,4.000000,4.000000,5.000000,5.000000,96.000000,96.000000,96.000000,95.000000,95.000000,5.0,1463.1466,1340.2806,5187.5199,5310.3859,PENDING_AG03,FALSE,NOT_FOR_ENFORCEMENT,6384.6399,1800081.0682,6650.6665,6384.6399,266.0267,0.00321897,0.00309021,266.0267,6384.6399,0.00309021,266.0267,266.0267,266.0267,332.5333,332.5333,6384.6399,0.00309021,1463.1466,1340.2806,5187.5199,5310.3859,0.00251080,0.00257027,0.00012876,371.7316,502.2996,1.7816,195.6078,18.0235,60767.1779,109.7941,191.9923,404.8606,67.659,338.295,676.59,676.59,676.59,679.3478,270.636,-67.659,2.0,2.008152,1.098839,13,83,54,7,0.08038074,0.00321897,0.08024012,0E-8,0.000000,0.907555,0.005578,-0.08375330,2026-05-19,2026-07-26,34,369,121,69,0.492754,0.474218,0.516481,0.267936,,,,,,,,GLOBAL_BASELINE_NO_ENTITY_RANKING,,,NOT_APPLICABLE_GLOBAL_BASELINE,HF9g-P5,,,,X 全窗基线 · 不参与实体赏罚,14197165,1420,A168_HF9F_20260827_0900,2026-08-27 09:00:00
2026-05-22,145604771,2160,0,608.7551299591,-78.6593707251,-78.6593707251,0.4285714,9,9,0.49622443333333333,0.496224433333,-0.35799625864238366,-0.35799625864062157,-0.35799625864238366,3.3333E-13,ELIGIBLE,R03b_20260811_FULL_v1,L1_ELIGIBILITY,v2026-08-11,2026-03-21..2026-08-06,baccarat_bet02_101_all_pairs_incl_sentinel,round_win = game_pnl > 0 (decisive only),COMPATIBILITY_ONLY_NOT_PRODUCTION,2066084.0486,1875084.4460,6650.6665,5558,3733,-0.00321897,-0.08024012,0.00351318,-0.00321897,-6650.6665,2066084.0486,OK,0.0000,266.0267,4.0000,96.0000,AG03-UNRESOLVED,ALL5_LEVELS_bet23_to_bet27,266.0267,266.0267,266.0267,332.5333,332.5333,4.000000,4.000000,4.000000,5.000000,5.000000,96.000000,96.000000,96.000000,95.000000,95.000000,5.0,1463.1466,1340.2806,5187.5199,5310.3859,PENDING_AG03,FALSE,NOT_FOR_ENFORCEMENT,6384.6399,1800081.0682,6650.6665,6384.6399,266.0267,0.00321897,0.00309021,266.0267,6384.6399,0.00309021,266.0267,266.0267,266.0267,332.5333,332.5333,6384.6399,0.00309021,1463.1466,1340.2806,5187.5199,5310.3859,0.00251080,0.00257027,0.00012876,371.7316,502.2996,1.7816,195.6078,18.0235,60767.1779,109.7941,191.9923,404.8606,67.659,338.295,676.59,676.59,676.59,679.3478,270.636,-67.659,2.0,2.008152,1.098839,13,83,54,7,0.08038074,0.00321897,0.08024012,0E-8,0.000000,0.907555,0.005578,-0.08375330,2026-05-19,2026-07-26,34,369,121,69,0.492754,0.474218,0.516481,0.267936,,,,,,,,GLOBAL_BASELINE_NO_ENTITY_RANKING,,,NOT_APPLICABLE_GLOBAL_BASELINE,HF9g-P5,,,,X 全窗基线 · 不参与实体赏罚,14197166,1420,A168_HF9F_20260827_0900,2026-08-27 09:00:00
2026-05-23,145604771,1985,0,1491.1080711359,-683.9945280441,-683.9945280441,0.2000000,16,12,0.43641293194444444,0.430120025000,-1.507446520784831,-1.4698326254473664,-1.507446520784831,0.00629290694444444,ELIGIBLE,R03b_20260811_FULL_v1,L1_ELIGIBILITY,v2026-08-11,2026-03-21..2026-08-06,baccarat_bet02_101_all_pairs_incl_sentinel,round_win = game_pnl > 0 (decisive only),COMPATIBILITY_ONLY_NOT_PRODUCTION,2066084.0486,1875084.4460,6650.6665,5558,3733,-0.00321897,-0.08024012,0.00351318,-0.00321897,-6650.6665,2066084.0486,OK,0.0000,266.0267,4.0000,96.0000,AG03-UNRESOLVED,ALL5_LEVELS_bet23_to_bet27,266.0267,266.0267,266.0267,332.5333,332.5333,4.000000,4.000000,4.000000,5.000000,5.000000,96.000000,96.000000,96.000000,95.000000,95.000000,5.0,1463.1466,1340.2806,5187.5199,5310.3859,PENDING_AG03,FALSE,NOT_FOR_ENFORCEMENT,6384.6399,1800081.0682,6650.6665,6384.6399,266.0267,0.00321897,0.00309021,266.0267,6384.6399,0.00309021,266.0267,266.0267,266.0267,332.5333,332.5333,6384.6399,0.00309021,1463.1466,1340.2806,5187.5199,5310.3859,0.00251080,0.00257027,0.00012876,371.7316,502.2996,1.7816,195.6078,18.0235,60767.1779,109.7941,191.9923,404.8606,67.659,338.295,676.59,676.59,676.59,679.3478,270.636,-67.659,2.0,2.008152,1.098839,13,83,54,7,0.08038074,0.00321897,0.08024012,0E-8,0.000000,0.907555,0.005578,-0.08375330,2026-05-19,2026-07-26,34,369,121,69,0.492754,0.474218,0.516481,0.267936,,,,,,,,GLOBAL_BASELINE_NO_ENTITY_RANKING,,,NOT_APPLICABLE_GLOBAL_BASELINE,HF9g-P5,,,,X 全窗基线 · 不参与实体赏罚,14197167,1420,A168_HF9F_20260827_0900,2026-08-27 09:00:00
2026-05-23,145604771,550,0,273.5978112176,0E-10,0E-10,0.5000000,2,2,0.49324550000000000,0.493245500000,0.01910635448239258,0.01910635448239258,0.01910635448239258,0E-17,ELIGIBLE,R03b_20260811_FULL_v1,L1_ELIGIBILITY,v2026-08-11,2026-03-21..2026-08-06,baccarat_bet02_101_all_pairs_incl_sentinel,round_win = game_pnl > 0 (decisive only),COMPATIBILITY_ONLY_NOT_PRODUCTION,2066084.0486,1875084.4460,6650.6665,5558,3733,-0.00321897,-0.08024012,0.00351318,-0.00321897,-6650.6665,2066084.0486,OK,0.0000,266.0267,4.0000,96.0000,AG03-UNRESOLVED,ALL5_LEVELS_bet23_to_bet27,266.0267,266.0267,266.0267,332.5333,332.5333,4.000000,4.000000,4.000000,5.000000,5.000000,96.000000,96.000000,96.000000,95.000000,95.000000,5.0,1463.1466,1340.2806,5187.5199,5310.3859,PENDING_AG03,FALSE,NOT_FOR_ENFORCEMENT,6384.6399,1800081.0682,6650.6665,6384.6399,266.0267,0.00321897,0.00309021,266.0267,6384.6399,0.00309021,266.0267,266.0267,266.0267,332.5333,332.5333,6384.6399,0.00309021,1463.1466,1340.2806,5187.5199,5310.3859,0.00251080,0.00257027,0.00012876,371.7316,502.2996,1.7816,195.6078,18.0235,60767.1779,109.7941,191.9923,404.8606,67.659,338.295,676.59,676.59,676.59,679.3478,270.636,-67.659,2.0,2.008152,1.098839,13,83,54,7,0.08038074,0.00321897,0.08024012,0E-8,0.000000,0.907555,0.005578,-0.08375330,2026-05-19,2026-07-26,34,369,121,69,0.492754,0.474218,0.516481,0.267936,,,,,,,,GLOBAL_BASELINE_NO_ENTITY_RANKING,,,NOT_APPLICABLE_GLOBAL_BASELINE,HF9g-P5,,,,X 全窗基线 · 不参与实体赏罚,14197168,1420,A168_HF9F_20260827_0900,2026-08-27 09:00:00
2026-05-27,145604771,2223,0,683.9945280440,-683.9945280440,-683.9945280440,0E-7,8,8,0.49492115000000000,0.494921150000,-2.7998412564947124,-2.7998412564947124,-2.7998412564947124,0E-17,ELIGIBLE,R03b_20260811_FULL_v1,L1_ELIGIBILITY,v2026-08-11,2026-03-21..2026-08-06,baccarat_bet02_101_all_pairs_incl_sentinel,round_win = game_pnl > 0 (decisive only),COMPATIBILITY_ONLY_NOT_PRODUCTION,2066084.0486,1875084.4460,6650.6665,5558,3733,-0.00321897,-0.08024012,0.00351318,-0.00321897,-6650.6665,2066084.0486,OK,0.0000,266.0267,4.0000,96.0000,AG03-UNRESOLVED,ALL5_LEVELS_bet23_to_bet27,266.0267,266.0267,266.0267,332.5333,332.5333,4.000000,4.000000,4.000000,5.000000,5.000000,96.000000,96.000000,96.000000,95.000000,95.000000,5.0,1463.1466,1340.2806,5187.5199,5310.3859,PENDING_AG03,FALSE,NOT_FOR_ENFORCEMENT,6384.6399,1800081.0682,6650.6665,6384.6399,266.0267,0.00321897,0.00309021,266.0267,6384.6399,0.00309021,266.0267,266.0267,266.0267,332.5333,332.5333,6384.6399,0.00309021,1463.1466,1340.2806,5187.5199,5310.3859,0.00251080,0.00257027,0.00012876,371.7316,502.2996,1.7816,195.6078,18.0235,60767.1779,109.7941,191.9923,404.8606,67.659,338.295,676.59,676.59,676.59,679.3478,270.636,-67.659,2.0,2.008152,1.098839,13,83,54,7,0.08038074,0.00321897,0.08024012,0E-8,0.000000,0.907555,0.005578,-0.08375330,2026-05-19,2026-07-26,34,369,121,69,0.492754,0.474218,0.516481,0.267936,,,,,,,,GLOBAL_BASELINE_NO_ENTITY_RANKING,,,NOT_APPLICABLE_GLOBAL_BASELINE,HF9g-P5,,,,X 全窗基线 · 不参与实体赏罚,14197169,1420,A168_HF9F_20260827_0900,2026-08-27 09:00:00
2026-05-28,145604771,1935,0,205.1983584132,-68.3994528044,-68.3994528044,0.5000000,2,2,0.49324550000000000,0.493245500000,0.01910635448239258,0.01910635448239258,0.01910635448239258,0E-17,ELIGIBLE,R03b_20260811_FULL_v1,L1_ELIGIBILITY,v2026-08-11,2026-03-21..2026-08-06,baccarat_bet02_101_all_pairs_incl_sentinel,round_win = game_pnl > 0 (decisive only),COMPATIBILITY_ONLY_NOT_PRODUCTION,2066084.0486,1875084.4460,6650.6665,5558,3733,-0.00321897,-0.08024012,0.00351318,-0.00321897,-6650.6665,2066084.0486,OK,0.0000,266.0267,4.0000,96.0000,AG03-UNRESOLVED,ALL5_LEVELS_bet23_to_bet27,266.0267,266.0267,266.0267,332.5333,332.5333,4.000000,4.000000,4.000000,5.000000,5.000000,96.000000,96.000000,96.000000,95.000000,95.000000,5.0,1463.1466,1340.2806,5187.5199,5310.3859,PENDING_AG03,FALSE,NOT_FOR_ENFORCEMENT,6384.6399,1800081.0682,6650.6665,6384.6399,266.0267,0.00321897,0.00309021,266.0267,6384.6399,0.00309021,266.0267,266.0267,266.0267,332.5333,332.5333,6384.6399,0.00309021,1463.1466,1340.2806,5187.5199,5310.3859,0.00251080,0.00257027,0.00012876,371.7316,502.2996,1.7816,195.6078,18.0235,60767.1779,109.7941,191.9923,404.8606,67.659,338.295,676.59,676.59,676.59,679.3478,270.636,-67.659,2.0,2.008152,1.098839,13,83,54,7,0.08038074,0.00321897,0.08024012,0E-8,0.000000,0.907555,0.005578,-0.08375330,2026-05-19,2026-07-26,34,369,121,69,0.492754,0.474218,0.516481,0.267936,,,,,,,,GLOBAL_BASELINE_NO_ENTITY_RANKING,,,NOT_APPLICABLE_GLOBAL_BASELINE,HF9g-P5,,,,X 全窗基线 · 不参与实体赏罚,14197170,1420,A168_HF9F_20260827_0900,2026-08-27 09:00:00
2026-05-28,145604771,1985,0,68.3994528044,-68.3994528044,-68.3994528044,0E-7,1,1,0.49324550000000000,0.493245500000,-0.9865810262130424,-0.9865810262130424,-0.9865810262130424,0E-17,ELIGIBLE,R03b_20260811_FULL_v1,L1_ELIGIBILITY,v2026-08-11,2026-03-21..2026-08-06,baccarat_bet02_101_all_pairs_incl_sentinel,round_win = game_pnl > 0 (decisive only),COMPATIBILITY_ONLY_NOT_PRODUCTION,2066084.0486,1875084.4460,6650.6665,5558,3733,-0.00321897,-0.08024012,0.00351318,-0.00321897,-6650.6665,2066084.0486,OK,0.0000,266.0267,4.0000,96.0000,AG03-UNRESOLVED,ALL5_LEVELS_bet23_to_bet27,266.0267,266.0267,266.0267,332.5333,332.5333,4.000000,4.000000,4.000000,5.000000,5.000000,96.000000,96.000000,96.000000,95.000000,95.000000,5.0,1463.1466,1340.2806,5187.5199,5310.3859,PENDING_AG03,FALSE,NOT_FOR_ENFORCEMENT,6384.6399,1800081.0682,6650.6665,6384.6399,266.0267,0.00321897,0.00309021,266.0267,6384.6399,0.00309021,266.0267,266.0267,266.0267,332.5333,332.5333,6384.6399,0.00309021,1463.1466,1340.2806,5187.5199,5310.3859,0.00251080,0.00257027,0.00012876,371.7316,502.2996,1.7816,195.6078,18.0235,60767.1779,109.7941,191.9923,404.8606,67.659,338.295,676.59,676.59,676.59,679.3478,270.636,-67.659,2.0,2.008152,1.098839,13,83,54,7,0.08038074,0.00321897,0.08024012,0E-8,0.000000,0.907555,0.005578,-0.08375330,2026-05-19,2026-07-26,34,369,121,69,0.492754,0.474218,0.516481,0.267936,,,,,,,,GLOBAL_BASELINE_NO_ENTITY_RANKING,,,NOT_APPLICABLE_GLOBAL_BASELINE,HF9g-P5,,,,X 全窗基线 · 不参与实体赏罚,14197171,1420,A168_HF9F_20260827_0900,2026-08-27 09:00:00
2026-05-31,145604771,1221,0,683.9945280438,-683.9945280438,-683.9945280438,0E-7,2,2,0.49994810000000000,0.499948100000,-1.4140667746232096,-1.4140667746232096,-1.4140667746232096,0E-17,ELIGIBLE,R03b_20260811_FULL_v1,L1_ELIGIBILITY,v2026-08-11,2026-03-21..2026-08-06,baccarat_bet02_101_all_pairs_incl_sentinel,round_win = game_pnl > 0 (decisive only),COMPATIBILITY_ONLY_NOT_PRODUCTION,2066084.0486,1875084.4460,6650.6665,5558,3733,-0.00321897,-0.08024012,0.00351318,-0.00321897,-6650.6665,2066084.0486,OK,0.0000,266.0267,4.0000,96.0000,AG03-UNRESOLVED,ALL5_LEVELS_bet23_to_bet27,266.0267,266.0267,266.0267,332.5333,332.5333,4.000000,4.000000,4.000000,5.000000,5.000000,96.000000,96.000000,96.000000,95.000000,95.000000,5.0,1463.1466,1340.2806,5187.5199,5310.3859,PENDING_AG03,FALSE,NOT_FOR_ENFORCEMENT,6384.6399,1800081.0682,6650.6665,6384.6399,266.0267,0.00321897,0.00309021,266.0267,6384.6399,0.00309021,266.0267,266.0267,266.0267,332.5333,332.5333,6384.6399,0.00309021,1463.1466,1340.2806,5187.5199,5310.3859,0.00251080,0.00257027,0.00012876,371.7316,502.2996,1.7816,195.6078,18.0235,60767.1779,109.7941,191.9923,404.8606,67.659,338.295,676.59,676.59,676.59,679.3478,270.636,-67.659,2.0,2.008152,1.098839,13,83,54,7,0.08038074,0.00321897,0.08024012,0E-8,0.000000,0.907555,0.005578,-0.08375330,2026-05-19,2026-07-26,34,369,121,69,0.492754,0.474218,0.516481,0.267936,,,,,,,,GLOBAL_BASELINE_NO_ENTITY_RANKING,,,NOT_APPLICABLE_GLOBAL_BASELINE,HF9g-P5,,,,X 全窗基线 · 不参与实体赏罚,14197172,1420,A168_HF9F_20260827_0900,2026-08-27 09:00:00
2026-05-31,145604771,2106,0,683.9945280438,-683.9945280438,-683.9945280438,0E-7,2,2,0.49994810000000000,0.499948100000,-1.4140667746232096,-1.4140667746232096,-1.4140667746232096,0E-17,ELIGIBLE,R03b_20260811_FULL_v1,L1_ELIGIBILITY,v2026-08-11,2026-03-21..2026-08-06,baccarat_bet02_101_all_pairs_incl_sentinel,round_win = game_pnl > 0 (decisive only),COMPATIBILITY_ONLY_NOT_PRODUCTION,2066084.0486,1875084.4460,6650.6665,5558,3733,-0.00321897,-0.08024012,0.00351318,-0.00321897,-6650.6665,2066084.0486,OK,0.0000,266.0267,4.0000,96.0000,AG03-UNRESOLVED,ALL5_LEVELS_bet23_to_bet27,266.0267,266.0267,266.0267,332.5333,332.5333,4.000000,4.000000,4.000000,5.000000,5.000000,96.000000,96.000000,96.000000,95.000000,95.000000,5.0,1463.1466,1340.2806,5187.5199,5310.3859,PENDING_AG03,FALSE,NOT_FOR_ENFORCEMENT,6384.6399,1800081.0682,6650.6665,6384.6399,266.0267,0.00321897,0.00309021,266.0267,6384.6399,0.00309021,266.0267,266.0267,266.0267,332.5333,332.5333,6384.6399,0.00309021,1463.1466,1340.2806,5187.5199,5310.3859,0.00251080,0.00257027,0.00012876,371.7316,502.2996,1.7816,195.6078,18.0235,60767.1779,109.7941,191.9923,404.8606,67.659,338.295,676.59,676.59,676.59,679.3478,270.636,-67.659,2.0,2.008152,1.098839,13,83,54,7,0.08038074,0.00321897,0.08024012,0E-8,0.000000,0.907555,0.005578,-0.08375330,2026-05-19,2026-07-26,34,369,121,69,0.492754,0.474218,0.516481,0.267936,,,,,,,,GLOBAL_BASELINE_NO_ENTITY_RANKING,,,NOT_APPLICABLE_GLOBAL_BASELINE,HF9g-P5,,,,X 全窗基线 · 不参与实体赏罚,14197173,1420,A168_HF9F_20260827_0900,2026-08-27 09:00:00
2026-06-06,145604771,1507,0,676.5899864682,0E-10,0E-10,,1,1,0.49324550000000000,0.493245500000,,,,0E-17,NO_DECISIVE_ROUND,R03b_20260811_FULL_v1,L1_ELIGIBILITY,v2026-08-11,2026-03-21..2026-08-06,baccarat_bet02_101_all_pairs_incl_sentinel,round_win = game_pnl > 0 (decisive only),COMPATIBILITY_ONLY_NOT_PRODUCTION,2066084.0486,1875084.4460,6650.6665,5558,3733,-0.00321897,-0.08024012,0.00351318,-0.00321897,-6650.6665,2066084.0486,OK,0.0000,266.0267,4.0000,96.0000,AG03-UNRESOLVED,ALL5_LEVELS_bet23_to_bet27,266.0267,266.0267,266.0267,332.5333,332.5333,4.000000,4.000000,4.000000,5.000000,5.000000,96.000000,96.000000,96.000000,95.000000,95.000000,5.0,1463.1466,1340.2806,5187.5199,5310.3859,PENDING_AG03,FALSE,NOT_FOR_ENFORCEMENT,6384.6399,1800081.0682,6650.6665,6384.6399,266.0267,0.00321897,0.00309021,266.0267,6384.6399,0.00309021,266.0267,266.0267,266.0267,332.5333,332.5333,6384.6399,0.00309021,1463.1466,1340.2806,5187.5199,5310.3859,0.00251080,0.00257027,0.00012876,371.7316,502.2996,1.7816,195.6078,18.0235,60767.1779,109.7941,191.9923,404.8606,67.659,338.295,676.59,676.59,676.59,679.3478,270.636,-67.659,2.0,2.008152,1.098839,13,83,54,7,0.08038074,0.00321897,0.08024012,0E-8,0.000000,0.907555,0.005578,-0.08375330,2026-05-19,2026-07-26,34,369,121,69,0.492754,0.474218,0.516481,0.267936,,,,,,,,GLOBAL_BASELINE_NO_ENTITY_RANKING,,,NOT_APPLICABLE_GLOBAL_BASELINE,HF9g-P5,,,,X 全窗基线 · 不参与实体赏罚,14197174,1420,A168_HF9F_20260827_0900,2026-08-27 09:00:00
2026-06-06,145604771,2209,0,2029.7699594046,-1353.1799729364,-1353.1799729364,0E-7,4,4,0.49659680000000000,0.496596800000,-1.7203016256901094,-1.7203016256901091,-1.7203016256901094,0E-17,ELIGIBLE,R03b_20260811_FULL_v1,L1_ELIGIBILITY,v2026-08-11,2026-03-21..2026-08-06,baccarat_bet02_101_all_pairs_incl_sentinel,round_win = game_pnl > 0 (decisive only),COMPATIBILITY_ONLY_NOT_PRODUCTION,2066084.0486,1875084.4460,6650.6665,5558,3733,-0.00321897,-0.08024012,0.00351318,-0.00321897,-6650.6665,2066084.0486,OK,0.0000,266.0267,4.0000,96.0000,AG03-UNRESOLVED,ALL5_LEVELS_bet23_to_bet27,266.0267,266.0267,266.0267,332.5333,332.5333,4.000000,4.000000,4.000000,5.000000,5.000000,96.000000,96.000000,96.000000,95.000000,95.000000,5.0,1463.1466,1340.2806,5187.5199,5310.3859,PENDING_AG03,FALSE,NOT_FOR_ENFORCEMENT,6384.6399,1800081.0682,6650.6665,6384.6399,266.0267,0.00321897,0.00309021,266.0267,6384.6399,0.00309021,266.0267,266.0267,266.0267,332.5333,332.5333,6384.6399,0.00309021,1463.1466,1340.2806,5187.5199,5310.3859,0.00251080,0.00257027,0.00012876,371.7316,502.2996,1.7816,195.6078,18.0235,60767.1779,109.7941,191.9923,404.8606,67.659,338.295,676.59,676.59,676.59,679.3478,270.636,-67.659,2.0,2.008152,1.098839,13,83,54,7,0.08038074,0.00321897,0.08024012,0E-8,0.000000,0.907555,0.005578,-0.08375330,2026-05-19,2026-07-26,34,369,121,69,0.492754,0.474218,0.516481,0.267936,,,,,,,,GLOBAL_BASELINE_NO_ENTITY_RANKING,,,NOT_APPLICABLE_GLOBAL_BASELINE,HF9g-P5,,,,X 全窗基线 · 不参与实体赏罚,14197175,1420,A168_HF9F_20260827_0900,2026-08-27 09:00:00
2026-06-23,145604771,1151,0,17050.0676589986,1701.6238159677,1701.6238159677,0.6000000,37,33,0.48378779915825105,0.471140057576,1.2737106058578165,1.4139472523236538,1.2737106058578165,0.01264774158225105,ELIGIBLE,R03b_20260811_FULL_v1,L1_ELIGIBILITY,v2026-08-11,2026-03-21..2026-08-06,baccarat_bet02_101_all_pairs_incl_sentinel,round_win = game_pnl > 0 (decisive only),COMPATIBILITY_ONLY_NOT_PRODUCTION,2066084.0486,1875084.4460,6650.6665,5558,3733,-0.00321897,-0.08024012,0.00351318,-0.00321897,-6650.6665,2066084.0486,OK,0.0000,266.0267,4.0000,96.0000,AG03-UNRESOLVED,ALL5_LEVELS_bet23_to_bet27,266.0267,266.0267,266.0267,332.5333,332.5333,4.000000,4.000000,4.000000,5.000000,5.000000,96.000000,96.000000,96.000000,95.000000,95.000000,5.0,1463.1466,1340.2806,5187.5199,5310.3859,PENDING_AG03,FALSE,NOT_FOR_ENFORCEMENT,6384.6399,1800081.0682,6650.6665,6384.6399,266.0267,0.00321897,0.00309021,266.0267,6384.6399,0.00309021,266.0267,266.0267,266.0267,332.5333,332.5333,6384.6399,0.00309021,1463.1466,1340.2806,5187.5199,5310.3859,0.00251080,0.00257027,0.00012876,371.7316,502.2996,1.7816,195.6078,18.0235,60767.1779,109.7941,191.9923,404.8606,67.659,338.295,676.59,676.59,676.59,679.3478,270.636,-67.659,2.0,2.008152,1.098839,13,83,54,7,0.08038074,0.00321897,0.08024012,0E-8,0.000000,0.907555,0.005578,-0.08375330,2026-05-19,2026-07-26,34,369,121,69,0.492754,0.474218,0.516481,0.267936,,,,,,,,GLOBAL_BASELINE_NO_ENTITY_RANKING,,,NOT_APPLICABLE_GLOBAL_BASELINE,HF9g-P5,,,,X 全窗基线 · 不参与实体赏罚,14197176,1420,A168_HF9F_20260827_0900,2026-08-27 09:00:00
2026-06-23,145604771,1205,0,135.3179972936,-135.3179972936,-135.3179972936,0E-7,1,1,0.50665070000000000,0.506650700000,-1.013391052207602,-1.013391052207602,-1.013391052207602,0E-17,ELIGIBLE,R03b_20260811_FULL_v1,L1_ELIGIBILITY,v2026-08-11,2026-03-21..2026-08-06,baccarat_bet02_101_all_pairs_incl_sentinel,round_win = game_pnl > 0 (decisive only),COMPATIBILITY_ONLY_NOT_PRODUCTION,2066084.0486,1875084.4460,6650.6665,5558,3733,-0.00321897,-0.08024012,0.00351318,-0.00321897,-6650.6665,2066084.0486,OK,0.0000,266.0267,4.0000,96.0000,AG03-UNRESOLVED,ALL5_LEVELS_bet23_to_bet27,266.0267,266.0267,266.0267,332.5333,332.5333,4.000000,4.000000,4.000000,5.000000,5.000000,96.000000,96.000000,96.000000,95.000000,95.000000,5.0,1463.1466,1340.2806,5187.5199,5310.3859,PENDING_AG03,FALSE,NOT_FOR_ENFORCEMENT,6384.6399,1800081.0682,6650.6665,6384.6399,266.0267,0.00321897,0.00309021,266.0267,6384.6399,0.00309021,266.0267,266.0267,266.0267,332.5333,332.5333,6384.6399,0.00309021,1463.1466,1340.2806,5187.5199,5310.3859,0.00251080,0.00257027,0.00012876,371.7316,502.2996,1.7816,195.6078,18.0235,60767.1779,109.7941,191.9923,404.8606,67.659,338.295,676.59,676.59,676.59,679.3478,270.636,-67.659,2.0,2.008152,1.098839,13,83,54,7,0.08038074,0.00321897,0.08024012,0E-8,0.000000,0.907555,0.005578,-0.08375330,2026-05-19,2026-07-26,34,369,121,69,0.492754,0.474218,0.516481,0.267936,,,,,,,,GLOBAL_BASELINE_NO_ENTITY_RANKING,,,NOT_APPLICABLE_GLOBAL_BASELINE,HF9g-P5,,,,X 全窗基线 · 不参与实体赏罚,14197177,1420,A168_HF9F_20260827_0900,2026-08-27 09:00:00
2026-06-23,145604771,1385,0,4803.7889039242,2709.7428958051,2709.7428958051,0.8461538,16,13,0.47617423641026270,0.447246496154,2.670995102615207,2.8927072829700493,2.670995102615207,0.02892774025626270,ELIGIBLE,R03b_20260811_FULL_v1,L1_ELIGIBILITY,v2026-08-11,2026-03-21..2026-08-06,baccarat_bet02_101_all_pairs_incl_sentinel,round_win = game_pnl > 0 (decisive only),COMPATIBILITY_ONLY_NOT_PRODUCTION,2066084.0486,1875084.4460,6650.6665,5558,3733,-0.00321897,-0.08024012,0.00351318,-0.00321897,-6650.6665,2066084.0486,OK,0.0000,266.0267,4.0000,96.0000,AG03-UNRESOLVED,ALL5_LEVELS_bet23_to_bet27,266.0267,266.0267,266.0267,332.5333,332.5333,4.000000,4.000000,4.000000,5.000000,5.000000,96.000000,96.000000,96.000000,95.000000,95.000000,5.0,1463.1466,1340.2806,5187.5199,5310.3859,PENDING_AG03,FALSE,NOT_FOR_ENFORCEMENT,6384.6399,1800081.0682,6650.6665,6384.6399,266.0267,0.00321897,0.00309021,266.0267,6384.6399,0.00309021,266.0267,266.0267,266.0267,332.5333,332.5333,6384.6399,0.00309021,1463.1466,1340.2806,5187.5199,5310.3859,0.00251080,0.00257027,0.00012876,371.7316,502.2996,1.7816,195.6078,18.0235,60767.1779,109.7941,191.9923,404.8606,67.659,338.295,676.59,676.59,676.59,679.3478,270.636,-67.659,2.0,2.008152,1.098839,13,83,54,7,0.08038074,0.00321897,0.08024012,0E-8,0.000000,0.907555,0.005578,-0.08375330,2026-05-19,2026-07-26,34,369,121,69,0.492754,0.474218,0.516481,0.267936,,,,,,,,GLOBAL_BASELINE_NO_ENTITY_RANKING,,,NOT_APPLICABLE_GLOBAL_BASELINE,HF9g-P5,,,,X 全窗基线 · 不参与实体赏罚,14197178,1420,A168_HF9F_20260827_0900,2026-08-27 09:00:00
2026-06-23,145604771,1405,0,2706.3599458728,-1387.0094722598,-1387.0094722598,0.2500000,4,4,0.50329940000000000,0.503299400000,-1.013219660140378,-1.013219660140378,-1.013219660140378,0E-17,ELIGIBLE,R03b_20260811_FULL_v1,L1_ELIGIBILITY,v2026-08-11,2026-03-21..2026-08-06,baccarat_bet02_101_all_pairs_incl_sentinel,round_win = game_pnl > 0 (decisive only),COMPATIBILITY_ONLY_NOT_PRODUCTION,2066084.0486,1875084.4460,6650.6665,5558,3733,-0.00321897,-0.08024012,0.00351318,-0.00321897,-6650.6665,2066084.0486,OK,0.0000,266.0267,4.0000,96.0000,AG03-UNRESOLVED,ALL5_LEVELS_bet23_to_bet27,266.0267,266.0267,266.0267,332.5333,332.5333,4.000000,4.000000,4.000000,5.000000,5.000000,96.000000,96.000000,96.000000,95.000000,95.000000,5.0,1463.1466,1340.2806,5187.5199,5310.3859,PENDING_AG03,FALSE,NOT_FOR_ENFORCEMENT,6384.6399,1800081.0682,6650.6665,6384.6399,266.0267,0.00321897,0.00309021,266.0267,6384.6399,0.00309021,266.0267,266.0267,266.0267,332.5333,332.5333,6384.6399,0.00309021,1463.1466,1340.2806,5187.5199,5310.3859,0.00251080,0.00257027,0.00012876,371.7316,502.2996,1.7816,195.6078,18.0235,60767.1779,109.7941,191.9923,404.8606,67.659,338.295,676.59,676.59,676.59,679.3478,270.636,-67.659,2.0,2.008152,1.098839,13,83,54,7,0.08038074,0.00321897,0.08024012,0E-8,0.000000,0.907555,0.005578,-0.08375330,2026-05-19,2026-07-26,34,369,121,69,0.492754,0.474218,0.516481,0.267936,,,,,,,,GLOBAL_BASELINE_NO_ENTITY_RANKING,,,NOT_APPLICABLE_GLOBAL_BASELINE,HF9g-P5,,,,X 全窗基线 · 不参与实体赏罚,14197179,1420,A168_HF9F_20260827_0900,2026-08-27 09:00:00
2026-06-23,145604771,1645,0,4736.1299052774,-67.6589986468,-67.6589986468,0.5000000,7,7,0.49899058571428571,0.498990585714,0.004945109955477372,0.0049451099568770685,0.004945109955477372,2.8571E-13,ELIGIBLE,R03b_20260811_FULL_v1,L1_ELIGIBILITY,v2026-08-11,2026-03-21..2026-08-06,baccarat_bet02_101_all_pairs_incl_sentinel,round_win = game_pnl > 0 (decisive only),COMPATIBILITY_ONLY_NOT_PRODUCTION,2066084.0486,1875084.4460,6650.6665,5558,3733,-0.00321897,-0.08024012,0.00351318,-0.00321897,-6650.6665,2066084.0486,OK,0.0000,266.0267,4.0000,96.0000,AG03-UNRESOLVED,ALL5_LEVELS_bet23_to_bet27,266.0267,266.0267,266.0267,332.5333,332.5333,4.000000,4.000000,4.000000,5.000000,5.000000,96.000000,96.000000,96.000000,95.000000,95.000000,5.0,1463.1466,1340.2806,5187.5199,5310.3859,PENDING_AG03,FALSE,NOT_FOR_ENFORCEMENT,6384.6399,1800081.0682,6650.6665,6384.6399,266.0267,0.00321897,0.00309021,266.0267,6384.6399,0.00309021,266.0267,266.0267,266.0267,332.5333,332.5333,6384.6399,0.00309021,1463.1466,1340.2806,5187.5199,5310.3859,0.00251080,0.00257027,0.00012876,371.7316,502.2996,1.7816,195.6078,18.0235,60767.1779,109.7941,191.9923,404.8606,67.659,338.295,676.59,676.59,676.59,679.3478,270.636,-67.659,2.0,2.008152,1.098839,13,83,54,7,0.08038074,0.00321897,0.08024012,0E-8,0.000000,0.907555,0.005578,-0.08375330,2026-05-19,2026-07-26,34,369,121,69,0.492754,0.474218,0.516481,0.267936,,,,,,,,GLOBAL_BASELINE_NO_ENTITY_RANKING,,,NOT_APPLICABLE_GLOBAL_BASELINE,HF9g-P5,,,,X 全窗基线 · 不参与实体赏罚,14197180,1420,A168_HF9F_20260827_0900,2026-08-27 09:00:00
2026-06-23,145604771,1654,0,1014.8849797023,304.4654939107,304.4654939107,0.7500000,4,4,0.50665070000000000,0.506650700000,0.9734833216690844,0.9734833216690844,0.9734833216690844,0E-17,ELIGIBLE,R03b_20260811_FULL_v1,L1_ELIGIBILITY,v2026-08-11,2026-03-21..2026-08-06,baccarat_bet02_101_all_pairs_incl_sentinel,round_win = game_pnl > 0 (decisive only),COMPATIBILITY_ONLY_NOT_PRODUCTION,2066084.0486,1875084.4460,6650.6665,5558,3733,-0.00321897,-0.08024012,0.00351318,-0.00321897,-6650.6665,2066084.0486,OK,0.0000,266.0267,4.0000,96.0000,AG03-UNRESOLVED,ALL5_LEVELS_bet23_to_bet27,266.0267,266.0267,266.0267,332.5333,332.5333,4.000000,4.000000,4.000000,5.000000,5.000000,96.000000,96.000000,96.000000,95.000000,95.000000,5.0,1463.1466,1340.2806,5187.5199,5310.3859,PENDING_AG03,FALSE,NOT_FOR_ENFORCEMENT,6384.6399,1800081.0682,6650.6665,6384.6399,266.0267,0.00321897,0.00309021,266.0267,6384.6399,0.00309021,266.0267,266.0267,266.0267,332.5333,332.5333,6384.6399,0.00309021,1463.1466,1340.2806,5187.5199,5310.3859,0.00251080,0.00257027,0.00012876,371.7316,502.2996,1.7816,195.6078,18.0235,60767.1779,109.7941,191.9923,404.8606,67.659,338.295,676.59,676.59,676.59,679.3478,270.636,-67.659,2.0,2.008152,1.098839,13,83,54,7,0.08038074,0.00321897,0.08024012,0E-8,0.000000,0.907555,0.005578,-0.08375330,2026-05-19,2026-07-26,34,369,121,69,0.492754,0.474218,0.516481,0.267936,,,,,,,,GLOBAL_BASELINE_NO_ENTITY_RANKING,,,NOT_APPLICABLE_GLOBAL_BASELINE,HF9g-P5,,,,X 全窗基线 · 不参与实体赏罚,14197181,1420,A168_HF9F_20260827_0900,2026-08-27 09:00:00
2026-06-23,145604771,1714,0,6021.6508795668,3142.7604871447,3142.7604871447,0.6666667,19,17,0.49016887294117948,0.474908626471,1.3674103803577693,1.4872252184787245,1.3674103803577693,0.01526024647017948,ELIGIBLE,R03b_20260811_FULL_v1,L1_ELIGIBILITY,v2026-08-11,2026-03-21..2026-08-06,baccarat_bet02_101_all_pairs_incl_sentinel,round_win = game_pnl > 0 (decisive only),COMPATIBILITY_ONLY_NOT_PRODUCTION,2066084.0486,1875084.4460,6650.6665,5558,3733,-0.00321897,-0.08024012,0.00351318,-0.00321897,-6650.6665,2066084.0486,OK,0.0000,266.0267,4.0000,96.0000,AG03-UNRESOLVED,ALL5_LEVELS_bet23_to_bet27,266.0267,266.0267,266.0267,332.5333,332.5333,4.000000,4.000000,4.000000,5.000000,5.000000,96.000000,96.000000,96.000000,95.000000,95.000000,5.0,1463.1466,1340.2806,5187.5199,5310.3859,PENDING_AG03,FALSE,NOT_FOR_ENFORCEMENT,6384.6399,1800081.0682,6650.6665,6384.6399,266.0267,0.00321897,0.00309021,266.0267,6384.6399,0.00309021,266.0267,266.0267,266.0267,332.5333,332.5333,6384.6399,0.00309021,1463.1466,1340.2806,5187.5199,5310.3859,0.00251080,0.00257027,0.00012876,371.7316,502.2996,1.7816,195.6078,18.0235,60767.1779,109.7941,191.9923,404.8606,67.659,338.295,676.59,676.59,676.59,679.3478,270.636,-67.659,2.0,2.008152,1.098839,13,83,54,7,0.08038074,0.00321897,0.08024012,0E-8,0.000000,0.907555,0.005578,-0.08375330,2026-05-19,2026-07-26,34,369,121,69,0.492754,0.474218,0.516481,0.267936,,,,,,,,GLOBAL_BASELINE_NO_ENTITY_RANKING,,,NOT_APPLICABLE_GLOBAL_BASELINE,HF9g-P5,,,,X 全窗基线 · 不参与实体赏罚,14197182,1420,A168_HF9F_20260827_0900,2026-08-27 09:00:00
2026-06-23,145604771,1957,0,1759.1339648173,270.6359945873,270.6359945873,0.5000000,4,4,0.49659680000000000,0.496596800000,0.013613115331600182,0.013613115331600183,0.013613115331600182,0E-17,ELIGIBLE,R03b_20260811_FULL_v1,L1_ELIGIBILITY,v2026-08-11,2026-03-21..2026-08-06,baccarat_bet02_101_all_pairs_incl_sentinel,round_win = game_pnl > 0 (decisive only),COMPATIBILITY_ONLY_NOT_PRODUCTION,2066084.0486,1875084.4460,6650.6665,5558,3733,-0.00321897,-0.08024012,0.00351318,-0.00321897,-6650.6665,2066084.0486,OK,0.0000,266.0267,4.0000,96.0000,AG03-UNRESOLVED,ALL5_LEVELS_bet23_to_bet27,266.0267,266.0267,266.0267,332.5333,332.5333,4.000000,4.000000,4.000000,5.000000,5.000000,96.000000,96.000000,96.000000,95.000000,95.000000,5.0,1463.1466,1340.2806,5187.5199,5310.3859,PENDING_AG03,FALSE,NOT_FOR_ENFORCEMENT,6384.6399,1800081.0682,6650.6665,6384.6399,266.0267,0.00321897,0.00309021,266.0267,6384.6399,0.00309021,266.0267,266.0267,266.0267,332.5333,332.5333,6384.6399,0.00309021,1463.1466,1340.2806,5187.5199,5310.3859,0.00251080,0.00257027,0.00012876,371.7316,502.2996,1.7816,195.6078,18.0235,60767.1779,109.7941,191.9923,404.8606,67.659,338.295,676.59,676.59,676.59,679.3478,270.636,-67.659,2.0,2.008152,1.098839,13,83,54,7,0.08038074,0.00321897,0.08024012,0E-8,0.000000,0.907555,0.005578,-0.08375330,2026-05-19,2026-07-26,34,369,121,69,0.492754,0.474218,0.516481,0.267936,,,,,,,,GLOBAL_BASELINE_NO_ENTITY_RANKING,,,NOT_APPLICABLE_GLOBAL_BASELINE,HF9g-P5,,,,X 全窗基线 · 不参与实体赏罚,14197183,1420,A168_HF9F_20260827_0900,2026-08-27 09:00:00
2026-06-23,145604771,2218,0,676.5899864682,-16.9147496617,-16.9147496617,0.5000000,2,2,0.49994810000000000,0.499948100000,0.00014679536856514622,0.00014679536856514622,0.00014679536856514622,0E-17,ELIGIBLE,R03b_20260811_FULL_v1,L1_ELIGIBILITY,v2026-08-11,2026-03-21..2026-08-06,baccarat_bet02_101_all_pairs_incl_sentinel,round_win = game_pnl > 0 (decisive only),COMPATIBILITY_ONLY_NOT_PRODUCTION,2066084.0486,1875084.4460,6650.6665,5558,3733,-0.00321897,-0.08024012,0.00351318,-0.00321897,-6650.6665,2066084.0486,OK,0.0000,266.0267,4.0000,96.0000,AG03-UNRESOLVED,ALL5_LEVELS_bet23_to_bet27,266.0267,266.0267,266.0267,332.5333,332.5333,4.000000,4.000000,4.000000,5.000000,5.000000,96.000000,96.000000,96.000000,95.000000,95.000000,5.0,1463.1466,1340.2806,5187.5199,5310.3859,PENDING_AG03,FALSE,NOT_FOR_ENFORCEMENT,6384.6399,1800081.0682,6650.6665,6384.6399,266.0267,0.00321897,0.00309021,266.0267,6384.6399,0.00309021,266.0267,266.0267,266.0267,332.5333,332.5333,6384.6399,0.00309021,1463.1466,1340.2806,5187.5199,5310.3859,0.00251080,0.00257027,0.00012876,371.7316,502.2996,1.7816,195.6078,18.0235,60767.1779,109.7941,191.9923,404.8606,67.659,338.295,676.59,676.59,676.59,679.3478,270.636,-67.659,2.0,2.008152,1.098839,13,83,54,7,0.08038074,0.00321897,0.08024012,0E-8,0.000000,0.907555,0.005578,-0.08375330,2026-05-19,2026-07-26,34,369,121,69,0.492754,0.474218,0.516481,0.267936,,,,,,,,GLOBAL_BASELINE_NO_ENTITY_RANKING,,,NOT_APPLICABLE_GLOBAL_BASELINE,HF9g-P5,,,,X 全窗基线 · 不参与实体赏罚,14197184,1420,A168_HF9F_20260827_0900,2026-08-27 09:00:00
2026-06-24,145604771,-1,1,744.2489851150,-744.2489851150,-744.2489851150,0E-7,2,1,0.46546076363637471,0.280106050000,-0.9331506102119033,-0.6237735893609975,-0.9331506102119033,0.18535471363637471,SENTINEL_DEALER,R03b_20260811_FULL_v1,L1_ELIGIBILITY,v2026-08-11,2026-03-21..2026-08-06,baccarat_bet02_101_all_pairs_incl_sentinel,round_win = game_pnl > 0 (decisive only),COMPATIBILITY_ONLY_NOT_PRODUCTION,2066084.0486,1875084.4460,6650.6665,5558,3733,-0.00321897,-0.08024012,0.00351318,-0.00321897,-6650.6665,2066084.0486,OK,0.0000,266.0267,4.0000,96.0000,AG03-UNRESOLVED,ALL5_LEVELS_bet23_to_bet27,266.0267,266.0267,266.0267,332.5333,332.5333,4.000000,4.000000,4.000000,5.000000,5.000000,96.000000,96.000000,96.000000,95.000000,95.000000,5.0,1463.1466,1340.2806,5187.5199,5310.3859,PENDING_AG03,FALSE,NOT_FOR_ENFORCEMENT,6384.6399,1800081.0682,6650.6665,6384.6399,266.0267,0.00321897,0.00309021,266.0267,6384.6399,0.00309021,266.0267,266.0267,266.0267,332.5333,332.5333,6384.6399,0.00309021,1463.1466,1340.2806,5187.5199,5310.3859,0.00251080,0.00257027,0.00012876,371.7316,502.2996,1.7816,195.6078,18.0235,60767.1779,109.7941,191.9923,404.8606,67.659,338.295,676.59,676.59,676.59,679.3478,270.636,-67.659,2.0,2.008152,1.098839,13,83,54,7,0.08038074,0.00321897,0.08024012,0E-8,0.000000,0.907555,0.005578,-0.08375330,2026-05-19,2026-07-26,34,369,121,69,0.492754,0.474218,0.516481,0.267936,,,,,,,,GLOBAL_BASELINE_NO_ENTITY_RANKING,,,NOT_APPLICABLE_GLOBAL_BASELINE,HF9g-P5,,,,X 全窗基线 · 不参与实体赏罚,14197185,1420,A168_HF9F_20260827_0900,2026-08-27 09:00:00
2026-06-24,145604771,1017,0,17794.3166441132,2706.3599458732,2706.3599458732,0.5833333,47,26,0.46421637785548774,0.325171700000,1.1701034485342194,2.6998790356425943,1.1701034485342194,0.13904467785548774,ELIGIBLE,R03b_20260811_FULL_v1,L1_ELIGIBILITY,v2026-08-11,2026-03-21..2026-08-06,baccarat_bet02_101_all_pairs_incl_sentinel,round_win = game_pnl > 0 (decisive only),COMPATIBILITY_ONLY_NOT_PRODUCTION,2066084.0486,1875084.4460,6650.6665,5558,3733,-0.00321897,-0.08024012,0.00351318,-0.00321897,-6650.6665,2066084.0486,OK,0.0000,266.0267,4.0000,96.0000,AG03-UNRESOLVED,ALL5_LEVELS_bet23_to_bet27,266.0267,266.0267,266.0267,332.5333,332.5333,4.000000,4.000000,4.000000,5.000000,5.000000,96.000000,96.000000,96.000000,95.000000,95.000000,5.0,1463.1466,1340.2806,5187.5199,5310.3859,PENDING_AG03,FALSE,NOT_FOR_ENFORCEMENT,6384.6399,1800081.0682,6650.6665,6384.6399,266.0267,0.00321897,0.00309021,266.0267,6384.6399,0.00309021,266.0267,266.0267,266.0267,332.5333,332.5333,6384.6399,0.00309021,1463.1466,1340.2806,5187.5199,5310.3859,0.00251080,0.00257027,0.00012876,371.7316,502.2996,1.7816,195.6078,18.0235,60767.1779,109.7941,191.9923,404.8606,67.659,338.295,676.59,676.59,676.59,679.3478,270.636,-67.659,2.0,2.008152,1.098839,13,83,54,7,0.08038074,0.00321897,0.08024012,0E-8,0.000000,0.907555,0.005578,-0.08375330,2026-05-19,2026-07-26,34,369,121,69,0.492754,0.474218,0.516481,0.267936,,,,,,,,GLOBAL_BASELINE_NO_ENTITY_RANKING,,,NOT_APPLICABLE_GLOBAL_BASELINE,HF9g-P5,,,,X 全窗基线 · 不参与实体赏罚,14197186,1420,A168_HF9F_20260827_0900,2026-08-27 09:00:00
2026-06-24,145604771,1094,0,7307.1718538564,2909.3369418134,2909.3369418134,0.6000000,18,10,0.47043048727273593,0.325536550000,0.8209063373349392,1.8522748500842603,0.8209063373349392,0.14489393727273593,ELIGIBLE,R03b_20260811_FULL_v1,L1_ELIGIBILITY,v2026-08-11,2026-03-21..2026-08-06,baccarat_bet02_101_all_pairs_incl_sentinel,round_win = game_pnl > 0 (decisive only),COMPATIBILITY_ONLY_NOT_PRODUCTION,2066084.0486,1875084.4460,6650.6665,5558,3733,-0.00321897,-0.08024012,0.00351318,-0.00321897,-6650.6665,2066084.0486,OK,0.0000,266.0267,4.0000,96.0000,AG03-UNRESOLVED,ALL5_LEVELS_bet23_to_bet27,266.0267,266.0267,266.0267,332.5333,332.5333,4.000000,4.000000,4.000000,5.000000,5.000000,96.000000,96.000000,96.000000,95.000000,95.000000,5.0,1463.1466,1340.2806,5187.5199,5310.3859,PENDING_AG03,FALSE,NOT_FOR_ENFORCEMENT,6384.6399,1800081.0682,6650.6665,6384.6399,266.0267,0.00321897,0.00309021,266.0267,6384.6399,0.00309021,266.0267,266.0267,266.0267,332.5333,332.5333,6384.6399,0.00309021,1463.1466,1340.2806,5187.5199,5310.3859,0.00251080,0.00257027,0.00012876,371.7316,502.2996,1.7816,195.6078,18.0235,60767.1779,109.7941,191.9923,404.8606,67.659,338.295,676.59,676.59,676.59,679.3478,270.636,-67.659,2.0,2.008152,1.098839,13,83,54,7,0.08038074,0.00321897,0.08024012,0E-8,0.000000,0.907555,0.005578,-0.08375330,2026-05-19,2026-07-26,34,369,121,69,0.492754,0.474218,0.516481,0.267936,,,,,,,,GLOBAL_BASELINE_NO_ENTITY_RANKING,,,NOT_APPLICABLE_GLOBAL_BASELINE,HF9g-P5,,,,X 全窗基线 · 不参与实体赏罚,14197187,1420,A168_HF9F_20260827_0900,2026-08-27 09:00:00
2026-06-24,145604771,1157,0,13261.1637347765,-2232.7469553448,-2232.7469553448,0.3500000,30,20,0.48144694818182352,0.392159425000,-1.1765074700250744,-0.3861744216273019,-1.1765074700250744,0.08928752318182352,ELIGIBLE,R03b_20260811_FULL_v1,L1_ELIGIBILITY,v2026-08-11,2026-03-21..2026-08-06,baccarat_bet02_101_all_pairs_incl_sentinel,round_win = game_pnl > 0 (decisive only),COMPATIBILITY_ONLY_NOT_PRODUCTION,2066084.0486,1875084.4460,6650.6665,5558,3733,-0.00321897,-0.08024012,0.00351318,-0.00321897,-6650.6665,2066084.0486,OK,0.0000,266.0267,4.0000,96.0000,AG03-UNRESOLVED,ALL5_LEVELS_bet23_to_bet27,266.0267,266.0267,266.0267,332.5333,332.5333,4.000000,4.000000,4.000000,5.000000,5.000000,96.000000,96.000000,96.000000,95.000000,95.000000,5.0,1463.1466,1340.2806,5187.5199,5310.3859,PENDING_AG03,FALSE,NOT_FOR_ENFORCEMENT,6384.6399,1800081.0682,6650.6665,6384.6399,266.0267,0.00321897,0.00309021,266.0267,6384.6399,0.00309021,266.0267,266.0267,266.0267,332.5333,332.5333,6384.6399,0.00309021,1463.1466,1340.2806,5187.5199,5310.3859,0.00251080,0.00257027,0.00012876,371.7316,502.2996,1.7816,195.6078,18.0235,60767.1779,109.7941,191.9923,404.8606,67.659,338.295,676.59,676.59,676.59,679.3478,270.636,-67.659,2.0,2.008152,1.098839,13,83,54,7,0.08038074,0.00321897,0.08024012,0E-8,0.000000,0.907555,0.005578,-0.08375330,2026-05-19,2026-07-26,34,369,121,69,0.492754,0.474218,0.516481,0.267936,,,,,,,,GLOBAL_BASELINE_NO_ENTITY_RANKING,,,NOT_APPLICABLE_GLOBAL_BASELINE,HF9g-P5,,,,X 全窗基线 · 不参与实体赏罚,14197188,1420,A168_HF9F_20260827_0900,2026-08-27 09:00:00
2026-06-24,145604771,1205,0,2435.7239512855,-1082.5439783491,-1082.5439783491,0.2500000,7,4,0.46153738118688024,0.333390912500,-0.8486642324392802,-0.353782403405343,-0.8486642324392802,0.12814646868688024,ELIGIBLE,R03b_20260811_FULL_v1,L1_ELIGIBILITY,v2026-08-11,2026-03-21..2026-08-06,baccarat_bet02_101_all_pairs_incl_sentinel,round_win = game_pnl > 0 (decisive only),COMPATIBILITY_ONLY_NOT_PRODUCTION,2066084.0486,1875084.4460,6650.6665,5558,3733,-0.00321897,-0.08024012,0.00351318,-0.00321897,-6650.6665,2066084.0486,OK,0.0000,266.0267,4.0000,96.0000,AG03-UNRESOLVED,ALL5_LEVELS_bet23_to_bet27,266.0267,266.0267,266.0267,332.5333,332.5333,4.000000,4.000000,4.000000,5.000000,5.000000,96.000000,96.000000,96.000000,95.000000,95.000000,5.0,1463.1466,1340.2806,5187.5199,5310.3859,PENDING_AG03,FALSE,NOT_FOR_ENFORCEMENT,6384.6399,1800081.0682,6650.6665,6384.6399,266.0267,0.00321897,0.00309021,266.0267,6384.6399,0.00309021,266.0267,266.0267,266.0267,332.5333,332.5333,6384.6399,0.00309021,1463.1466,1340.2806,5187.5199,5310.3859,0.00251080,0.00257027,0.00012876,371.7316,502.2996,1.7816,195.6078,18.0235,60767.1779,109.7941,191.9923,404.8606,67.659,338.295,676.59,676.59,676.59,679.3478,270.636,-67.659,2.0,2.008152,1.098839,13,83,54,7,0.08038074,0.00321897,0.08024012,0E-8,0.000000,0.907555,0.005578,-0.08375330,2026-05-19,2026-07-26,34,369,121,69,0.492754,0.474218,0.516481,0.267936,,,,,,,,GLOBAL_BASELINE_NO_ENTITY_RANKING,,,NOT_APPLICABLE_GLOBAL_BASELINE,HF9g-P5,,,,X 全窗基线 · 不参与实体赏罚,14197189,1420,A168_HF9F_20260827_0900,2026-08-27 09:00:00
2026-06-24,145604771,1221,0,15446.5493910688,1382.6116373479,1382.6116373479,0.5000000,33,24,0.48039893885281781,0.418293825000,0.18401570485098873,0.7769152684552427,0.18401570485098873,0.06210511385281781,ELIGIBLE,R03b_20260811_FULL_v1,L1_ELIGIBILITY,v2026-08-11,2026-03-21..2026-08-06,baccarat_bet02_101_all_pairs_incl_sentinel,round_win = game_pnl > 0 (decisive only),COMPATIBILITY_ONLY_NOT_PRODUCTION,2066084.0486,1875084.4460,6650.6665,5558,3733,-0.00321897,-0.08024012,0.00351318,-0.00321897,-6650.6665,2066084.0486,OK,0.0000,266.0267,4.0000,96.0000,AG03-UNRESOLVED,ALL5_LEVELS_bet23_to_bet27,266.0267,266.0267,266.0267,332.5333,332.5333,4.000000,4.000000,4.000000,5.000000,5.000000,96.000000,96.000000,96.000000,95.000000,95.000000,5.0,1463.1466,1340.2806,5187.5199,5310.3859,PENDING_AG03,FALSE,NOT_FOR_ENFORCEMENT,6384.6399,1800081.0682,6650.6665,6384.6399,266.0267,0.00321897,0.00309021,266.0267,6384.6399,0.00309021,266.0267,266.0267,266.0267,332.5333,332.5333,6384.6399,0.00309021,1463.1466,1340.2806,5187.5199,5310.3859,0.00251080,0.00257027,0.00012876,371.7316,502.2996,1.7816,195.6078,18.0235,60767.1779,109.7941,191.9923,404.8606,67.659,338.295,676.59,676.59,676.59,679.3478,270.636,-67.659,2.0,2.008152,1.098839,13,83,54,7,0.08038074,0.00321897,0.08024012,0E-8,0.000000,0.907555,0.005578,-0.08375330,2026-05-19,2026-07-26,34,369,121,69,0.492754,0.474218,0.516481,0.267936,,,,,,,,GLOBAL_BASELINE_NO_ENTITY_RANKING,,,NOT_APPLICABLE_GLOBAL_BASELINE,HF9g-P5,,,,X 全窗基线 · 不参与实体赏罚,14197190,1420,A168_HF9F_20260827_0900,2026-08-27 09:00:00
2026-06-24,145604771,1304,0,676.5899864682,-676.5899864682,-676.5899864682,0E-7,1,1,0.49324550000000000,0.493245500000,-0.9865810262130424,-0.9865810262130424,-0.9865810262130424,0E-17,ELIGIBLE,R03b_20260811_FULL_v1,L1_ELIGIBILITY,v2026-08-11,2026-03-21..2026-08-06,baccarat_bet02_101_all_pairs_incl_sentinel,round_win = game_pnl > 0 (decisive only),COMPATIBILITY_ONLY_NOT_PRODUCTION,2066084.0486,1875084.4460,6650.6665,5558,3733,-0.00321897,-0.08024012,0.00351318,-0.00321897,-6650.6665,2066084.0486,OK,0.0000,266.0267,4.0000,96.0000,AG03-UNRESOLVED,ALL5_LEVELS_bet23_to_bet27,266.0267,266.0267,266.0267,332.5333,332.5333,4.000000,4.000000,4.000000,5.000000,5.000000,96.000000,96.000000,96.000000,95.000000,95.000000,5.0,1463.1466,1340.2806,5187.5199,5310.3859,PENDING_AG03,FALSE,NOT_FOR_ENFORCEMENT,6384.6399,1800081.0682,6650.6665,6384.6399,266.0267,0.00321897,0.00309021,266.0267,6384.6399,0.00309021,266.0267,266.0267,266.0267,332.5333,332.5333,6384.6399,0.00309021,1463.1466,1340.2806,5187.5199,5310.3859,0.00251080,0.00257027,0.00012876,371.7316,502.2996,1.7816,195.6078,18.0235,60767.1779,109.7941,191.9923,404.8606,67.659,338.295,676.59,676.59,676.59,679.3478,270.636,-67.659,2.0,2.008152,1.098839,13,83,54,7,0.08038074,0.00321897,0.08024012,0E-8,0.000000,0.907555,0.005578,-0.08375330,2026-05-19,2026-07-26,34,369,121,69,0.492754,0.474218,0.516481,0.267936,,,,,,,,GLOBAL_BASELINE_NO_ENTITY_RANKING,,,NOT_APPLICABLE_GLOBAL_BASELINE,HF9g-P5,,,,X 全窗基线 · 不参与实体赏罚,14197191,1420,A168_HF9F_20260827_0900,2026-08-27 09:00:00
2026-06-24,145604771,1323,0,2571.0419485792,-641.0690121786,-641.0690121786,0.3333333,4,4,0.49994810000000000,0.499948100000,-0.5771704854251445,-0.5771704854251445,-0.5771704854251445,0E-17,ELIGIBLE,R03b_20260811_FULL_v1,L1_ELIGIBILITY,v2026-08-11,2026-03-21..2026-08-06,baccarat_bet02_101_all_pairs_incl_sentinel,round_win = game_pnl > 0 (decisive only),COMPATIBILITY_ONLY_NOT_PRODUCTION,2066084.0486,1875084.4460,6650.6665,5558,3733,-0.00321897,-0.08024012,0.00351318,-0.00321897,-6650.6665,2066084.0486,OK,0.0000,266.0267,4.0000,96.0000,AG03-UNRESOLVED,ALL5_LEVELS_bet23_to_bet27,266.0267,266.0267,266.0267,332.5333,332.5333,4.000000,4.000000,4.000000,5.000000,5.000000,96.000000,96.000000,96.000000,95.000000,95.000000,5.0,1463.1466,1340.2806,5187.5199,5310.3859,PENDING_AG03,FALSE,NOT_FOR_ENFORCEMENT,6384.6399,1800081.0682,6650.6665,6384.6399,266.0267,0.00321897,0.00309021,266.0267,6384.6399,0.00309021,266.0267,266.0267,266.0267,332.5333,332.5333,6384.6399,0.00309021,1463.1466,1340.2806,5187.5199,5310.3859,0.00251080,0.00257027,0.00012876,371.7316,502.2996,1.7816,195.6078,18.0235,60767.1779,109.7941,191.9923,404.8606,67.659,338.295,676.59,676.59,676.59,679.3478,270.636,-67.659,2.0,2.008152,1.098839,13,83,54,7,0.08038074,0.00321897,0.08024012,0E-8,0.000000,0.907555,0.005578,-0.08375330,2026-05-19,2026-07-26,34,369,121,69,0.492754,0.474218,0.516481,0.267936,,,,,,,,GLOBAL_BASELINE_NO_ENTITY_RANKING,,,NOT_APPLICABLE_GLOBAL_BASELINE,HF9g-P5,,,,X 全窗基线 · 不参与实体赏罚,14197192,1420,A168_HF9F_20260827_0900,2026-08-27 09:00:00
2026-06-24,145604771,1353,0,3585.9269282814,1082.5439783492,1082.5439783492,0.7500000,8,5,0.47464691454546099,0.366823920000,1.1028310073898222,1.5901471388117847,1.1028310073898222,0.10782299454546099,ELIGIBLE,R03b_20260811_FULL_v1,L1_ELIGIBILITY,v2026-08-11,2026-03-21..2026-08-06,baccarat_bet02_101_all_pairs_incl_sentinel,round_win = game_pnl > 0 (decisive only),COMPATIBILITY_ONLY_NOT_PRODUCTION,2066084.0486,1875084.4460,6650.6665,5558,3733,-0.00321897,-0.08024012,0.00351318,-0.00321897,-6650.6665,2066084.0486,OK,0.0000,266.0267,4.0000,96.0000,AG03-UNRESOLVED,ALL5_LEVELS_bet23_to_bet27,266.0267,266.0267,266.0267,332.5333,332.5333,4.000000,4.000000,4.000000,5.000000,5.000000,96.000000,96.000000,96.000000,95.000000,95.000000,5.0,1463.1466,1340.2806,5187.5199,5310.3859,PENDING_AG03,FALSE,NOT_FOR_ENFORCEMENT,6384.6399,1800081.0682,6650.6665,6384.6399,266.0267,0.00321897,0.00309021,266.0267,6384.6399,0.00309021,266.0267,266.0267,266.0267,332.5333,332.5333,6384.6399,0.00309021,1463.1466,1340.2806,5187.5199,5310.3859,0.00251080,0.00257027,0.00012876,371.7316,502.2996,1.7816,195.6078,18.0235,60767.1779,109.7941,191.9923,404.8606,67.659,338.295,676.59,676.59,676.59,679.3478,270.636,-67.659,2.0,2.008152,1.098839,13,83,54,7,0.08038074,0.00321897,0.08024012,0E-8,0.000000,0.907555,0.005578,-0.08375330,2026-05-19,2026-07-26,34,369,121,69,0.492754,0.474218,0.516481,0.267936,,,,,,,,GLOBAL_BASELINE_NO_ENTITY_RANKING,,,NOT_APPLICABLE_GLOBAL_BASELINE,HF9g-P5,,,,X 全窗基线 · 不参与实体赏罚,14197193,1420,A168_HF9F_20260827_0900,2026-08-27 09:00:00
2026-06-24,145604771,1363,0,25013.5317997290,2709.7428958055,2709.7428958055,0.5000000,65,45,0.46596057058105347,0.398613894444,0.44222742393260506,1.34199276697311,0.44222742393260506,0.06734667613705347,ELIGIBLE,R03b_20260811_FULL_v1,L1_ELIGIBILITY,v2026-08-11,2026-03-21..2026-08-06,baccarat_bet02_101_all_pairs_incl_sentinel,round_win = game_pnl > 0 (decisive only),COMPATIBILITY_ONLY_NOT_PRODUCTION,2066084.0486,1875084.4460,6650.6665,5558,3733,-0.00321897,-0.08024012,0.00351318,-0.00321897,-6650.6665,2066084.0486,OK,0.0000,266.0267,4.0000,96.0000,AG03-UNRESOLVED,ALL5_LEVELS_bet23_to_bet27,266.0267,266.0267,266.0267,332.5333,332.5333,4.000000,4.000000,4.000000,5.000000,5.000000,96.000000,96.000000,96.000000,95.000000,95.000000,5.0,1463.1466,1340.2806,5187.5199,5310.3859,PENDING_AG03,FALSE,NOT_FOR_ENFORCEMENT,6384.6399,1800081.0682,6650.6665,6384.6399,266.0267,0.00321897,0.00309021,266.0267,6384.6399,0.00309021,266.0267,266.0267,266.0267,332.5333,332.5333,6384.6399,0.00309021,1463.1466,1340.2806,5187.5199,5310.3859,0.00251080,0.00257027,0.00012876,371.7316,502.2996,1.7816,195.6078,18.0235,60767.1779,109.7941,191.9923,404.8606,67.659,338.295,676.59,676.59,676.59,679.3478,270.636,-67.659,2.0,2.008152,1.098839,13,83,54,7,0.08038074,0.00321897,0.08024012,0E-8,0.000000,0.907555,0.005578,-0.08375330,2026-05-19,2026-07-26,34,369,121,69,0.492754,0.474218,0.516481,0.267936,,,,,,,,GLOBAL_BASELINE_NO_ENTITY_RANKING,,,NOT_APPLICABLE_GLOBAL_BASELINE,HF9g-P5,,,,X 全窗基线 · 不参与实体赏罚,14197194,1420,A168_HF9F_20260827_0900,2026-08-27 09:00:00
2026-06-24,145604771,1383,0,4018.9445196211,-403.9242219215,-403.9242219215,0.5555556,9,9,0.50367176666666667,0.503671766667,0.3113111275590903,0.3113111275570917,0.3113111275590903,-3.3333E-13,ELIGIBLE,R03b_20260811_FULL_v1,L1_ELIGIBILITY,v2026-08-11,2026-03-21..2026-08-06,baccarat_bet02_101_all_pairs_incl_sentinel,round_win = game_pnl > 0 (decisive only),COMPATIBILITY_ONLY_NOT_PRODUCTION,2066084.0486,1875084.4460,6650.6665,5558,3733,-0.00321897,-0.08024012,0.00351318,-0.00321897,-6650.6665,2066084.0486,OK,0.0000,266.0267,4.0000,96.0000,AG03-UNRESOLVED,ALL5_LEVELS_bet23_to_bet27,266.0267,266.0267,266.0267,332.5333,332.5333,4.000000,4.000000,4.000000,5.000000,5.000000,96.000000,96.000000,96.000000,95.000000,95.000000,5.0,1463.1466,1340.2806,5187.5199,5310.3859,PENDING_AG03,FALSE,NOT_FOR_ENFORCEMENT,6384.6399,1800081.0682,6650.6665,6384.6399,266.0267,0.00321897,0.00309021,266.0267,6384.6399,0.00309021,266.0267,266.0267,266.0267,332.5333,332.5333,6384.6399,0.00309021,1463.1466,1340.2806,5187.5199,5310.3859,0.00251080,0.00257027,0.00012876,371.7316,502.2996,1.7816,195.6078,18.0235,60767.1779,109.7941,191.9923,404.8606,67.659,338.295,676.59,676.59,676.59,679.3478,270.636,-67.659,2.0,2.008152,1.098839,13,83,54,7,0.08038074,0.00321897,0.08024012,0E-8,0.000000,0.907555,0.005578,-0.08375330,2026-05-19,2026-07-26,34,369,121,69,0.492754,0.474218,0.516481,0.267936,,,,,,,,GLOBAL_BASELINE_NO_ENTITY_RANKING,,,NOT_APPLICABLE_GLOBAL_BASELINE,HF9g-P5,,,,X 全窗基线 · 不参与实体赏罚,14197195,1420,A168_HF9F_20260827_0900,2026-08-27 09:00:00
2026-06-24,145604771,1385,0,13890.3924221919,723.9512855212,723.9512855212,0.5000000,32,21,0.47553428150897266,0.387635564286,0.2190904784209047,1.031399900565301,0.2190904784209047,0.08789871722297266,ELIGIBLE,R03b_20260811_FULL_v1,L1_ELIGIBILITY,v2026-08-11,2026-03-21..2026-08-06,baccarat_bet02_101_all_pairs_incl_sentinel,round_win = game_pnl > 0 (decisive only),COMPATIBILITY_ONLY_NOT_PRODUCTION,2066084.0486,1875084.4460,6650.6665,5558,3733,-0.00321897,-0.08024012,0.00351318,-0.00321897,-6650.6665,2066084.0486,OK,0.0000,266.0267,4.0000,96.0000,AG03-UNRESOLVED,ALL5_LEVELS_bet23_to_bet27,266.0267,266.0267,266.0267,332.5333,332.5333,4.000000,4.000000,4.000000,5.000000,5.000000,96.000000,96.000000,96.000000,95.000000,95.000000,5.0,1463.1466,1340.2806,5187.5199,5310.3859,PENDING_AG03,FALSE,NOT_FOR_ENFORCEMENT,6384.6399,1800081.0682,6650.6665,6384.6399,266.0267,0.00321897,0.00309021,266.0267,6384.6399,0.00309021,266.0267,266.0267,266.0267,332.5333,332.5333,6384.6399,0.00309021,1463.1466,1340.2806,5187.5199,5310.3859,0.00251080,0.00257027,0.00012876,371.7316,502.2996,1.7816,195.6078,18.0235,60767.1779,109.7941,191.9923,404.8606,67.659,338.295,676.59,676.59,676.59,679.3478,270.636,-67.659,2.0,2.008152,1.098839,13,83,54,7,0.08038074,0.00321897,0.08024012,0E-8,0.000000,0.907555,0.005578,-0.08375330,2026-05-19,2026-07-26,34,369,121,69,0.492754,0.474218,0.516481,0.267936,,,,,,,,GLOBAL_BASELINE_NO_ENTITY_RANKING,,,NOT_APPLICABLE_GLOBAL_BASELINE,HF9g-P5,,,,X 全窗基线 · 不参与实体赏罚,14197196,1420,A168_HF9F_20260827_0900,2026-08-27 09:00:00
2026-06-24,145604771,1485,0,23680.6495263864,-4228.6874154256,-4228.6874154256,0.3939394,61,34,0.46485943262032908,0.327105632353,-0.8168290456699242,0.8183430857297898,-0.8168290456699242,0.13775380026732908,ELIGIBLE,R03b_20260811_FULL_v1,L1_ELIGIBILITY,v2026-08-11,2026-03-21..2026-08-06,baccarat_bet02_101_all_pairs_incl_sentinel,round_win = game_pnl > 0 (decisive only),COMPATIBILITY_ONLY_NOT_PRODUCTION,2066084.0486,1875084.4460,6650.6665,5558,3733,-0.00321897,-0.08024012,0.00351318,-0.00321897,-6650.6665,2066084.0486,OK,0.0000,266.0267,4.0000,96.0000,AG03-UNRESOLVED,ALL5_LEVELS_bet23_to_bet27,266.0267,266.0267,266.0267,332.5333,332.5333,4.000000,4.000000,4.000000,5.000000,5.000000,96.000000,96.000000,96.000000,95.000000,95.000000,5.0,1463.1466,1340.2806,5187.5199,5310.3859,PENDING_AG03,FALSE,NOT_FOR_ENFORCEMENT,6384.6399,1800081.0682,6650.6665,6384.6399,266.0267,0.00321897,0.00309021,266.0267,6384.6399,0.00309021,266.0267,266.0267,266.0267,332.5333,332.5333,6384.6399,0.00309021,1463.1466,1340.2806,5187.5199,5310.3859,0.00251080,0.00257027,0.00012876,371.7316,502.2996,1.7816,195.6078,18.0235,60767.1779,109.7941,191.9923,404.8606,67.659,338.295,676.59,676.59,676.59,679.3478,270.636,-67.659,2.0,2.008152,1.098839,13,83,54,7,0.08038074,0.00321897,0.08024012,0E-8,0.000000,0.907555,0.005578,-0.08375330,2026-05-19,2026-07-26,34,369,121,69,0.492754,0.474218,0.516481,0.267936,,,,,,,,GLOBAL_BASELINE_NO_ENTITY_RANKING,,,NOT_APPLICABLE_GLOBAL_BASELINE,HF9g-P5,,,,X 全窗基线 · 不参与实体赏罚,14197197,1420,A168_HF9F_20260827_0900,2026-08-27 09:00:00
2026-06-24,145604771,1645,0,14526.3870094720,1197.5642760490,1197.5642760490,0.5000000,38,25,0.46994992941991387,0.387189580000,0.29496254686830736,1.1345664468647758,0.29496254686830736,0.08276034941991387,ELIGIBLE,R03b_20260811_FULL_v1,L1_ELIGIBILITY,v2026-08-11,2026-03-21..2026-08-06,baccarat_bet02_101_all_pairs_incl_sentinel,round_win = game_pnl > 0 (decisive only),COMPATIBILITY_ONLY_NOT_PRODUCTION,2066084.0486,1875084.4460,6650.6665,5558,3733,-0.00321897,-0.08024012,0.00351318,-0.00321897,-6650.6665,2066084.0486,OK,0.0000,266.0267,4.0000,96.0000,AG03-UNRESOLVED,ALL5_LEVELS_bet23_to_bet27,266.0267,266.0267,266.0267,332.5333,332.5333,4.000000,4.000000,4.000000,5.000000,5.000000,96.000000,96.000000,96.000000,95.000000,95.000000,5.0,1463.1466,1340.2806,5187.5199,5310.3859,PENDING_AG03,FALSE,NOT_FOR_ENFORCEMENT,6384.6399,1800081.0682,6650.6665,6384.6399,266.0267,0.00321897,0.00309021,266.0267,6384.6399,0.00309021,266.0267,266.0267,266.0267,332.5333,332.5333,6384.6399,0.00309021,1463.1466,1340.2806,5187.5199,5310.3859,0.00251080,0.00257027,0.00012876,371.7316,502.2996,1.7816,195.6078,18.0235,60767.1779,109.7941,191.9923,404.8606,67.659,338.295,676.59,676.59,676.59,679.3478,270.636,-67.659,2.0,2.008152,1.098839,13,83,54,7,0.08038074,0.00321897,0.08024012,0E-8,0.000000,0.907555,0.005578,-0.08375330,2026-05-19,2026-07-26,34,369,121,69,0.492754,0.474218,0.516481,0.267936,,,,,,,,GLOBAL_BASELINE_NO_ENTITY_RANKING,,,NOT_APPLICABLE_GLOBAL_BASELINE,HF9g-P5,,,,X 全窗基线 · 不参与实体赏罚,14197198,1420,A168_HF9F_20260827_0900,2026-08-27 09:00:00
2026-06-24,145604771,1646,0,8457.3748308525,3450.6089309879,3450.6089309879,0.6842105,21,19,0.49706709425837426,0.479340194737,1.6315066850451994,1.7875447423342177,1.6315066850451994,0.01772689952137426,ELIGIBLE,R03b_20260811_FULL_v1,L1_ELIGIBILITY,v2026-08-11,2026-03-21..2026-08-06,baccarat_bet02_101_all_pairs_incl_sentinel,round_win = game_pnl > 0 (decisive only),COMPATIBILITY_ONLY_NOT_PRODUCTION,2066084.0486,1875084.4460,6650.6665,5558,3733,-0.00321897,-0.08024012,0.00351318,-0.00321897,-6650.6665,2066084.0486,OK,0.0000,266.0267,4.0000,96.0000,AG03-UNRESOLVED,ALL5_LEVELS_bet23_to_bet27,266.0267,266.0267,266.0267,332.5333,332.5333,4.000000,4.000000,4.000000,5.000000,5.000000,96.000000,96.000000,96.000000,95.000000,95.000000,5.0,1463.1466,1340.2806,5187.5199,5310.3859,PENDING_AG03,FALSE,NOT_FOR_ENFORCEMENT,6384.6399,1800081.0682,6650.6665,6384.6399,266.0267,0.00321897,0.00309021,266.0267,6384.6399,0.00309021,266.0267,266.0267,266.0267,332.5333,332.5333,6384.6399,0.00309021,1463.1466,1340.2806,5187.5199,5310.3859,0.00251080,0.00257027,0.00012876,371.7316,502.2996,1.7816,195.6078,18.0235,60767.1779,109.7941,191.9923,404.8606,67.659,338.295,676.59,676.59,676.59,679.3478,270.636,-67.659,2.0,2.008152,1.098839,13,83,54,7,0.08038074,0.00321897,0.08024012,0E-8,0.000000,0.907555,0.005578,-0.08375330,2026-05-19,2026-07-26,34,369,121,69,0.492754,0.474218,0.516481,0.267936,,,,,,,,GLOBAL_BASELINE_NO_ENTITY_RANKING,,,NOT_APPLICABLE_GLOBAL_BASELINE,HF9g-P5,,,,X 全窗基线 · 不参与实体赏罚,14197199,1420,A168_HF9F_20260827_0900,2026-08-27 09:00:00
2026-06-24,145604771,1702,0,4025.7104194858,-1319.3504736130,-1319.3504736130,0.2000000,8,6,0.48845232121212490,0.426667416667,-1.2903421742790286,-1.0247691574790851,-1.2903421742790286,0.06178490454512490,ELIGIBLE,R03b_20260811_FULL_v1,L1_ELIGIBILITY,v2026-08-11,2026-03-21..2026-08-06,baccarat_bet02_101_all_pairs_incl_sentinel,round_win = game_pnl > 0 (decisive only),COMPATIBILITY_ONLY_NOT_PRODUCTION,2066084.0486,1875084.4460,6650.6665,5558,3733,-0.00321897,-0.08024012,0.00351318,-0.00321897,-6650.6665,2066084.0486,OK,0.0000,266.0267,4.0000,96.0000,AG03-UNRESOLVED,ALL5_LEVELS_bet23_to_bet27,266.0267,266.0267,266.0267,332.5333,332.5333,4.000000,4.000000,4.000000,5.000000,5.000000,96.000000,96.000000,96.000000,95.000000,95.000000,5.0,1463.1466,1340.2806,5187.5199,5310.3859,PENDING_AG03,FALSE,NOT_FOR_ENFORCEMENT,6384.6399,1800081.0682,6650.6665,6384.6399,266.0267,0.00321897,0.00309021,266.0267,6384.6399,0.00309021,266.0267,266.0267,266.0267,332.5333,332.5333,6384.6399,0.00309021,1463.1466,1340.2806,5187.5199,5310.3859,0.00251080,0.00257027,0.00012876,371.7316,502.2996,1.7816,195.6078,18.0235,60767.1779,109.7941,191.9923,404.8606,67.659,338.295,676.59,676.59,676.59,679.3478,270.636,-67.659,2.0,2.008152,1.098839,13,83,54,7,0.08038074,0.00321897,0.08024012,0E-8,0.000000,0.907555,0.005578,-0.08375330,2026-05-19,2026-07-26,34,369,121,69,0.492754,0.474218,0.516481,0.267936,,,,,,,,GLOBAL_BASELINE_NO_ENTITY_RANKING,,,NOT_APPLICABLE_GLOBAL_BASELINE,HF9g-P5,,,,X 全窗基线 · 不参与实体赏罚,14197200,1420,A168_HF9F_20260827_0900,2026-08-27 09:00:00
2026-06-24,145604771,1710,0,10690.1217861974,2604.8714479028,2604.8714479028,0.6923077,23,15,0.48135911272727857,0.383633210000,1.522230105371646,2.288730680290784,1.522230105371646,0.09772590272727857,ELIGIBLE,R03b_20260811_FULL_v1,L1_ELIGIBILITY,v2026-08-11,2026-03-21..2026-08-06,baccarat_bet02_101_all_pairs_incl_sentinel,round_win = game_pnl > 0 (decisive only),COMPATIBILITY_ONLY_NOT_PRODUCTION,2066084.0486,1875084.4460,6650.6665,5558,3733,-0.00321897,-0.08024012,0.00351318,-0.00321897,-6650.6665,2066084.0486,OK,0.0000,266.0267,4.0000,96.0000,AG03-UNRESOLVED,ALL5_LEVELS_bet23_to_bet27,266.0267,266.0267,266.0267,332.5333,332.5333,4.000000,4.000000,4.000000,5.000000,5.000000,96.000000,96.000000,96.000000,95.000000,95.000000,5.0,1463.1466,1340.2806,5187.5199,5310.3859,PENDING_AG03,FALSE,NOT_FOR_ENFORCEMENT,6384.6399,1800081.0682,6650.6665,6384.6399,266.0267,0.00321897,0.00309021,266.0267,6384.6399,0.00309021,266.0267,266.0267,266.0267,332.5333,332.5333,6384.6399,0.00309021,1463.1466,1340.2806,5187.5199,5310.3859,0.00251080,0.00257027,0.00012876,371.7316,502.2996,1.7816,195.6078,18.0235,60767.1779,109.7941,191.9923,404.8606,67.659,338.295,676.59,676.59,676.59,679.3478,270.636,-67.659,2.0,2.008152,1.098839,13,83,54,7,0.08038074,0.00321897,0.08024012,0E-8,0.000000,0.907555,0.005578,-0.08375330,2026-05-19,2026-07-26,34,369,121,69,0.492754,0.474218,0.516481,0.267936,,,,,,,,GLOBAL_BASELINE_NO_ENTITY_RANKING,,,NOT_APPLICABLE_GLOBAL_BASELINE,HF9g-P5,,,,X 全窗基线 · 不参与实体赏罚,14197201,1420,A168_HF9F_20260827_0900,2026-08-27 09:00:00
2026-06-24,145604771,1750,0,21583.2205683351,4847.7672530452,4847.7672530452,0.6206897,52,30,0.47253605943182611,0.339949005000,1.598075635496402,3.191601555717862,1.598075635496402,0.13258705443182611,ELIGIBLE,R03b_20260811_FULL_v1,L1_ELIGIBILITY,v2026-08-11,2026-03-21..2026-08-06,baccarat_bet02_101_all_pairs_incl_sentinel,round_win = game_pnl > 0 (decisive only),COMPATIBILITY_ONLY_NOT_PRODUCTION,2066084.0486,1875084.4460,6650.6665,5558,3733,-0.00321897,-0.08024012,0.00351318,-0.00321897,-6650.6665,2066084.0486,OK,0.0000,266.0267,4.0000,96.0000,AG03-UNRESOLVED,ALL5_LEVELS_bet23_to_bet27,266.0267,266.0267,266.0267,332.5333,332.5333,4.000000,4.000000,4.000000,5.000000,5.000000,96.000000,96.000000,96.000000,95.000000,95.000000,5.0,1463.1466,1340.2806,5187.5199,5310.3859,PENDING_AG03,FALSE,NOT_FOR_ENFORCEMENT,6384.6399,1800081.0682,6650.6665,6384.6399,266.0267,0.00321897,0.00309021,266.0267,6384.6399,0.00309021,266.0267,266.0267,266.0267,332.5333,332.5333,6384.6399,0.00309021,1463.1466,1340.2806,5187.5199,5310.3859,0.00251080,0.00257027,0.00012876,371.7316,502.2996,1.7816,195.6078,18.0235,60767.1779,109.7941,191.9923,404.8606,67.659,338.295,676.59,676.59,676.59,679.3478,270.636,-67.659,2.0,2.008152,1.098839,13,83,54,7,0.08038074,0.00321897,0.08024012,0E-8,0.000000,0.907555,0.005578,-0.08375330,2026-05-19,2026-07-26,34,369,121,69,0.492754,0.474218,0.516481,0.267936,,,,,,,,GLOBAL_BASELINE_NO_ENTITY_RANKING,,,NOT_APPLICABLE_GLOBAL_BASELINE,HF9g-P5,,,,X 全窗基线 · 不参与实体赏罚,14197202,1420,A168_HF9F_20260827_0900,2026-08-27 09:00:00
2026-06-24,145604771,1947,0,2909.3369418133,460.0811907983,460.0811907983,0.7142857,7,7,0.49899058571428571,0.498990585714,1.1392370589461878,1.139237058947701,1.1392370589461878,2.8571E-13,ELIGIBLE,R03b_20260811_FULL_v1,L1_ELIGIBILITY,v2026-08-11,2026-03-21..2026-08-06,baccarat_bet02_101_all_pairs_incl_sentinel,round_win = game_pnl > 0 (decisive only),COMPATIBILITY_ONLY_NOT_PRODUCTION,2066084.0486,1875084.4460,6650.6665,5558,3733,-0.00321897,-0.08024012,0.00351318,-0.00321897,-6650.6665,2066084.0486,OK,0.0000,266.0267,4.0000,96.0000,AG03-UNRESOLVED,ALL5_LEVELS_bet23_to_bet27,266.0267,266.0267,266.0267,332.5333,332.5333,4.000000,4.000000,4.000000,5.000000,5.000000,96.000000,96.000000,96.000000,95.000000,95.000000,5.0,1463.1466,1340.2806,5187.5199,5310.3859,PENDING_AG03,FALSE,NOT_FOR_ENFORCEMENT,6384.6399,1800081.0682,6650.6665,6384.6399,266.0267,0.00321897,0.00309021,266.0267,6384.6399,0.00309021,266.0267,266.0267,266.0267,332.5333,332.5333,6384.6399,0.00309021,1463.1466,1340.2806,5187.5199,5310.3859,0.00251080,0.00257027,0.00012876,371.7316,502.2996,1.7816,195.6078,18.0235,60767.1779,109.7941,191.9923,404.8606,67.659,338.295,676.59,676.59,676.59,679.3478,270.636,-67.659,2.0,2.008152,1.098839,13,83,54,7,0.08038074,0.00321897,0.08024012,0E-8,0.000000,0.907555,0.005578,-0.08375330,2026-05-19,2026-07-26,34,369,121,69,0.492754,0.474218,0.516481,0.267936,,,,,,,,GLOBAL_BASELINE_NO_ENTITY_RANKING,,,NOT_APPLICABLE_GLOBAL_BASELINE,HF9g-P5,,,,X 全窗基线 · 不参与实体赏罚,14197203,1420,A168_HF9F_20260827_0900,2026-08-27 09:00:00
2026-06-24,145604771,1985,0,15764.5466847089,-2401.8944519619,-2401.8944519619,0.4000000,36,23,0.47503935501046884,0.377384491304,-0.672010287769818,0.2086504699276297,-0.672010287769818,0.09765486370646884,ELIGIBLE,R03b_20260811_FULL_v1,L1_ELIGIBILITY,v2026-08-11,2026-03-21..2026-08-06,baccarat_bet02_101_all_pairs_incl_sentinel,round_win = game_pnl > 0 (decisive only),COMPATIBILITY_ONLY_NOT_PRODUCTION,2066084.0486,1875084.4460,6650.6665,5558,3733,-0.00321897,-0.08024012,0.00351318,-0.00321897,-6650.6665,2066084.0486,OK,0.0000,266.0267,4.0000,96.0000,AG03-UNRESOLVED,ALL5_LEVELS_bet23_to_bet27,266.0267,266.0267,266.0267,332.5333,332.5333,4.000000,4.000000,4.000000,5.000000,5.000000,96.000000,96.000000,96.000000,95.000000,95.000000,5.0,1463.1466,1340.2806,5187.5199,5310.3859,PENDING_AG03,FALSE,NOT_FOR_ENFORCEMENT,6384.6399,1800081.0682,6650.6665,6384.6399,266.0267,0.00321897,0.00309021,266.0267,6384.6399,0.00309021,266.0267,266.0267,266.0267,332.5333,332.5333,6384.6399,0.00309021,1463.1466,1340.2806,5187.5199,5310.3859,0.00251080,0.00257027,0.00012876,371.7316,502.2996,1.7816,195.6078,18.0235,60767.1779,109.7941,191.9923,404.8606,67.659,338.295,676.59,676.59,676.59,679.3478,270.636,-67.659,2.0,2.008152,1.098839,13,83,54,7,0.08038074,0.00321897,0.08024012,0E-8,0.000000,0.907555,0.005578,-0.08375330,2026-05-19,2026-07-26,34,369,121,69,0.492754,0.474218,0.516481,0.267936,,,,,,,,GLOBAL_BASELINE_NO_ENTITY_RANKING,,,NOT_APPLICABLE_GLOBAL_BASELINE,HF9g-P5,,,,X 全窗基线 · 不参与实体赏罚,14197204,1420,A168_HF9F_20260827_0900,2026-08-27 09:00:00
2026-06-24,145604771,1990,0,608.9309878214,-202.9769959404,-202.9769959404,0E-7,4,3,0.44750572222222222,0.424635833333,-0.899985275968613,-0.8590865396741219,-0.899985275968613,0.02286988888922222,ELIGIBLE,R03b_20260811_FULL_v1,L1_ELIGIBILITY,v2026-08-11,2026-03-21..2026-08-06,baccarat_bet02_101_all_pairs_incl_sentinel,round_win = game_pnl > 0 (decisive only),COMPATIBILITY_ONLY_NOT_PRODUCTION,2066084.0486,1875084.4460,6650.6665,5558,3733,-0.00321897,-0.08024012,0.00351318,-0.00321897,-6650.6665,2066084.0486,OK,0.0000,266.0267,4.0000,96.0000,AG03-UNRESOLVED,ALL5_LEVELS_bet23_to_bet27,266.0267,266.0267,266.0267,332.5333,332.5333,4.000000,4.000000,4.000000,5.000000,5.000000,96.000000,96.000000,96.000000,95.000000,95.000000,5.0,1463.1466,1340.2806,5187.5199,5310.3859,PENDING_AG03,FALSE,NOT_FOR_ENFORCEMENT,6384.6399,1800081.0682,6650.6665,6384.6399,266.0267,0.00321897,0.00309021,266.0267,6384.6399,0.00309021,266.0267,266.0267,266.0267,332.5333,332.5333,6384.6399,0.00309021,1463.1466,1340.2806,5187.5199,5310.3859,0.00251080,0.00257027,0.00012876,371.7316,502.2996,1.7816,195.6078,18.0235,60767.1779,109.7941,191.9923,404.8606,67.659,338.295,676.59,676.59,676.59,679.3478,270.636,-67.659,2.0,2.008152,1.098839,13,83,54,7,0.08038074,0.00321897,0.08024012,0E-8,0.000000,0.907555,0.005578,-0.08375330,2026-05-19,2026-07-26,34,369,121,69,0.492754,0.474218,0.516481,0.267936,,,,,,,,GLOBAL_BASELINE_NO_ENTITY_RANKING,,,NOT_APPLICABLE_GLOBAL_BASELINE,HF9g-P5,,,,X 全窗基线 · 不参与实体赏罚,14197205,1420,A168_HF9F_20260827_0900,2026-08-27 09:00:00
2026-06-24,145604771,2106,0,10378.8903924220,1290.2571041951,1290.2571041951,0.6363636,34,24,0.46999771442641508,0.409311706250,1.5634678935003212,2.165859466466594,1.5634678935003212,0.06068600817641508,ELIGIBLE,R03b_20260811_FULL_v1,L1_ELIGIBILITY,v2026-08-11,2026-03-21..2026-08-06,baccarat_bet02_101_all_pairs_incl_sentinel,round_win = game_pnl > 0 (decisive only),COMPATIBILITY_ONLY_NOT_PRODUCTION,2066084.0486,1875084.4460,6650.6665,5558,3733,-0.00321897,-0.08024012,0.00351318,-0.00321897,-6650.6665,2066084.0486,OK,0.0000,266.0267,4.0000,96.0000,AG03-UNRESOLVED,ALL5_LEVELS_bet23_to_bet27,266.0267,266.0267,266.0267,332.5333,332.5333,4.000000,4.000000,4.000000,5.000000,5.000000,96.000000,96.000000,96.000000,95.000000,95.000000,5.0,1463.1466,1340.2806,5187.5199,5310.3859,PENDING_AG03,FALSE,NOT_FOR_ENFORCEMENT,6384.6399,1800081.0682,6650.6665,6384.6399,266.0267,0.00321897,0.00309021,266.0267,6384.6399,0.00309021,266.0267,266.0267,266.0267,332.5333,332.5333,6384.6399,0.00309021,1463.1466,1340.2806,5187.5199,5310.3859,0.00251080,0.00257027,0.00012876,371.7316,502.2996,1.7816,195.6078,18.0235,60767.1779,109.7941,191.9923,404.8606,67.659,338.295,676.59,676.59,676.59,679.3478,270.636,-67.659,2.0,2.008152,1.098839,13,83,54,7,0.08038074,0.00321897,0.08024012,0E-8,0.000000,0.907555,0.005578,-0.08375330,2026-05-19,2026-07-26,34,369,121,69,0.492754,0.474218,0.516481,0.267936,,,,,,,,GLOBAL_BASELINE_NO_ENTITY_RANKING,,,NOT_APPLICABLE_GLOBAL_BASELINE,HF9g-P5,,,,X 全窗基线 · 不参与实体赏罚,14197206,1420,A168_HF9F_20260827_0900,2026-08-27 09:00:00
2026-06-24,145604771,2115,0,11231.3937753719,3112.3139377539,3112.3139377539,0.6250000,26,16,0.47163518384740909,0.366658946875,1.2288975733027094,2.1443884218018265,1.2288975733027094,0.10497623697240909,ELIGIBLE,R03b_20260811_FULL_v1,L1_ELIGIBILITY,v2026-08-11,2026-03-21..2026-08-06,baccarat_bet02_101_all_pairs_incl_sentinel,round_win = game_pnl > 0 (decisive only),COMPATIBILITY_ONLY_NOT_PRODUCTION,2066084.0486,1875084.4460,6650.6665,5558,3733,-0.00321897,-0.08024012,0.00351318,-0.00321897,-6650.6665,2066084.0486,OK,0.0000,266.0267,4.0000,96.0000,AG03-UNRESOLVED,ALL5_LEVELS_bet23_to_bet27,266.0267,266.0267,266.0267,332.5333,332.5333,4.000000,4.000000,4.000000,5.000000,5.000000,96.000000,96.000000,96.000000,95.000000,95.000000,5.0,1463.1466,1340.2806,5187.5199,5310.3859,PENDING_AG03,FALSE,NOT_FOR_ENFORCEMENT,6384.6399,1800081.0682,6650.6665,6384.6399,266.0267,0.00321897,0.00309021,266.0267,6384.6399,0.00309021,266.0267,266.0267,266.0267,332.5333,332.5333,6384.6399,0.00309021,1463.1466,1340.2806,5187.5199,5310.3859,0.00251080,0.00257027,0.00012876,371.7316,502.2996,1.7816,195.6078,18.0235,60767.1779,109.7941,191.9923,404.8606,67.659,338.295,676.59,676.59,676.59,679.3478,270.636,-67.659,2.0,2.008152,1.098839,13,83,54,7,0.08038074,0.00321897,0.08024012,0E-8,0.000000,0.907555,0.005578,-0.08375330,2026-05-19,2026-07-26,34,369,121,69,0.492754,0.474218,0.516481,0.267936,,,,,,,,GLOBAL_BASELINE_NO_ENTITY_RANKING,,,NOT_APPLICABLE_GLOBAL_BASELINE,HF9g-P5,,,,X 全窗基线 · 不参与实体赏罚,14197207,1420,A168_HF9F_20260827_0900,2026-08-27 09:00:00
2026-06-24,145604771,2121,0,27469.5534506083,-67.6589986461,-67.6589986461,0.5128205,72,39,0.46300094817405791,0.317333129487,0.6239568141709385,2.6229433811163023,0.6239568141709385,0.14566781868705791,ELIGIBLE,R03b_20260811_FULL_v1,L1_ELIGIBILITY,v2026-08-11,2026-03-21..2026-08-06,baccarat_bet02_101_all_pairs_incl_sentinel,round_win = game_pnl > 0 (decisive only),COMPATIBILITY_ONLY_NOT_PRODUCTION,2066084.0486,1875084.4460,6650.6665,5558,3733,-0.00321897,-0.08024012,0.00351318,-0.00321897,-6650.6665,2066084.0486,OK,0.0000,266.0267,4.0000,96.0000,AG03-UNRESOLVED,ALL5_LEVELS_bet23_to_bet27,266.0267,266.0267,266.0267,332.5333,332.5333,4.000000,4.000000,4.000000,5.000000,5.000000,96.000000,96.000000,96.000000,95.000000,95.000000,5.0,1463.1466,1340.2806,5187.5199,5310.3859,PENDING_AG03,FALSE,NOT_FOR_ENFORCEMENT,6384.6399,1800081.0682,6650.6665,6384.6399,266.0267,0.00321897,0.00309021,266.0267,6384.6399,0.00309021,266.0267,266.0267,266.0267,332.5333,332.5333,6384.6399,0.00309021,1463.1466,1340.2806,5187.5199,5310.3859,0.00251080,0.00257027,0.00012876,371.7316,502.2996,1.7816,195.6078,18.0235,60767.1779,109.7941,191.9923,404.8606,67.659,338.295,676.59,676.59,676.59,679.3478,270.636,-67.659,2.0,2.008152,1.098839,13,83,54,7,0.08038074,0.00321897,0.08024012,0E-8,0.000000,0.907555,0.005578,-0.08375330,2026-05-19,2026-07-26,34,369,121,69,0.492754,0.474218,0.516481,0.267936,,,,,,,,GLOBAL_BASELINE_NO_ENTITY_RANKING,,,NOT_APPLICABLE_GLOBAL_BASELINE,HF9g-P5,,,,X 全窗基线 · 不参与实体赏罚,14197208,1420,A168_HF9F_20260827_0900,2026-08-27 09:00:00
2026-06-24,145604771,2127,0,1488.4979702301,270.6359945873,270.6359945873,0.5000000,3,3,0.49771390000000000,0.497713900000,0.006466134837551399,0.0064661348375514,0.006466134837551399,0E-17,ELIGIBLE,R03b_20260811_FULL_v1,L1_ELIGIBILITY,v2026-08-11,2026-03-21..2026-08-06,baccarat_bet02_101_all_pairs_incl_sentinel,round_win = game_pnl > 0 (decisive only),COMPATIBILITY_ONLY_NOT_PRODUCTION,2066084.0486,1875084.4460,6650.6665,5558,3733,-0.00321897,-0.08024012,0.00351318,-0.00321897,-6650.6665,2066084.0486,OK,0.0000,266.0267,4.0000,96.0000,AG03-UNRESOLVED,ALL5_LEVELS_bet23_to_bet27,266.0267,266.0267,266.0267,332.5333,332.5333,4.000000,4.000000,4.000000,5.000000,5.000000,96.000000,96.000000,96.000000,95.000000,95.000000,5.0,1463.1466,1340.2806,5187.5199,5310.3859,PENDING_AG03,FALSE,NOT_FOR_ENFORCEMENT,6384.6399,1800081.0682,6650.6665,6384.6399,266.0267,0.00321897,0.00309021,266.0267,6384.6399,0.00309021,266.0267,266.0267,266.0267,332.5333,332.5333,6384.6399,0.00309021,1463.1466,1340.2806,5187.5199,5310.3859,0.00251080,0.00257027,0.00012876,371.7316,502.2996,1.7816,195.6078,18.0235,60767.1779,109.7941,191.9923,404.8606,67.659,338.295,676.59,676.59,676.59,679.3478,270.636,-67.659,2.0,2.008152,1.098839,13,83,54,7,0.08038074,0.00321897,0.08024012,0E-8,0.000000,0.907555,0.005578,-0.08375330,2026-05-19,2026-07-26,34,369,121,69,0.492754,0.474218,0.516481,0.267936,,,,,,,,GLOBAL_BASELINE_NO_ENTITY_RANKING,,,NOT_APPLICABLE_GLOBAL_BASELINE,HF9g-P5,,,,X 全窗基线 · 不参与实体赏罚,14197209,1420,A168_HF9F_20260827_0900,2026-08-27 09:00:00
2026-06-24,145604771,2129,0,12516.9147496614,-1488.4979702297,-1488.4979702297,0.4000000,34,20,0.46399758383117682,0.348312585000,-0.5739014770820053,0.48517181129677667,-0.5739014770820053,0.11568499883117682,ELIGIBLE,R03b_20260811_FULL_v1,L1_ELIGIBILITY,v2026-08-11,2026-03-21..2026-08-06,baccarat_bet02_101_all_pairs_incl_sentinel,round_win = game_pnl > 0 (decisive only),COMPATIBILITY_ONLY_NOT_PRODUCTION,2066084.0486,1875084.4460,6650.6665,5558,3733,-0.00321897,-0.08024012,0.00351318,-0.00321897,-6650.6665,2066084.0486,OK,0.0000,266.0267,4.0000,96.0000,AG03-UNRESOLVED,ALL5_LEVELS_bet23_to_bet27,266.0267,266.0267,266.0267,332.5333,332.5333,4.000000,4.000000,4.000000,5.000000,5.000000,96.000000,96.000000,96.000000,95.000000,95.000000,5.0,1463.1466,1340.2806,5187.5199,5310.3859,PENDING_AG03,FALSE,NOT_FOR_ENFORCEMENT,6384.6399,1800081.0682,6650.6665,6384.6399,266.0267,0.00321897,0.00309021,266.0267,6384.6399,0.00309021,266.0267,266.0267,266.0267,332.5333,332.5333,6384.6399,0.00309021,1463.1466,1340.2806,5187.5199,5310.3859,0.00251080,0.00257027,0.00012876,371.7316,502.2996,1.7816,195.6078,18.0235,60767.1779,109.7941,191.9923,404.8606,67.659,338.295,676.59,676.59,676.59,679.3478,270.636,-67.659,2.0,2.008152,1.098839,13,83,54,7,0.08038074,0.00321897,0.08024012,0E-8,0.000000,0.907555,0.005578,-0.08375330,2026-05-19,2026-07-26,34,369,121,69,0.492754,0.474218,0.516481,0.267936,,,,,,,,GLOBAL_BASELINE_NO_ENTITY_RANKING,,,NOT_APPLICABLE_GLOBAL_BASELINE,HF9g-P5,,,,X 全窗基线 · 不参与实体赏罚,14197210,1420,A168_HF9F_20260827_0900,2026-08-27 09:00:00
2026-06-24,145604771,2134,0,879.5669824086,-879.5669824086,-879.5669824086,0E-7,3,2,0.47163001875000523,0.386675775000,-1.3361236455598953,-1.122906047548861,-1.3361236455598953,0.08495424375000523,ELIGIBLE,R03b_20260811_FULL_v1,L1_ELIGIBILITY,v2026-08-11,2026-03-21..2026-08-06,baccarat_bet02_101_all_pairs_incl_sentinel,round_win = game_pnl > 0 (decisive only),COMPATIBILITY_ONLY_NOT_PRODUCTION,2066084.0486,1875084.4460,6650.6665,5558,3733,-0.00321897,-0.08024012,0.00351318,-0.00321897,-6650.6665,2066084.0486,OK,0.0000,266.0267,4.0000,96.0000,AG03-UNRESOLVED,ALL5_LEVELS_bet23_to_bet27,266.0267,266.0267,266.0267,332.5333,332.5333,4.000000,4.000000,4.000000,5.000000,5.000000,96.000000,96.000000,96.000000,95.000000,95.000000,5.0,1463.1466,1340.2806,5187.5199,5310.3859,PENDING_AG03,FALSE,NOT_FOR_ENFORCEMENT,6384.6399,1800081.0682,6650.6665,6384.6399,266.0267,0.00321897,0.00309021,266.0267,6384.6399,0.00309021,266.0267,266.0267,266.0267,332.5333,332.5333,6384.6399,0.00309021,1463.1466,1340.2806,5187.5199,5310.3859,0.00251080,0.00257027,0.00012876,371.7316,502.2996,1.7816,195.6078,18.0235,60767.1779,109.7941,191.9923,404.8606,67.659,338.295,676.59,676.59,676.59,679.3478,270.636,-67.659,2.0,2.008152,1.098839,13,83,54,7,0.08038074,0.00321897,0.08024012,0E-8,0.000000,0.907555,0.005578,-0.08375330,2026-05-19,2026-07-26,34,369,121,69,0.492754,0.474218,0.516481,0.267936,,,,,,,,GLOBAL_BASELINE_NO_ENTITY_RANKING,,,NOT_APPLICABLE_GLOBAL_BASELINE,HF9g-P5,,,,X 全窗基线 · 不参与实体赏罚,14197211,1420,A168_HF9F_20260827_0900,2026-08-27 09:00:00
2026-06-24,145604771,2153,0,338.2949932341,-338.2949932341,-338.2949932341,0E-7,1,1,0.50665070000000000,0.506650700000,-1.013391052207602,-1.013391052207602,-1.013391052207602,0E-17,ELIGIBLE,R03b_20260811_FULL_v1,L1_ELIGIBILITY,v2026-08-11,2026-03-21..2026-08-06,baccarat_bet02_101_all_pairs_incl_sentinel,round_win = game_pnl > 0 (decisive only),COMPATIBILITY_ONLY_NOT_PRODUCTION,2066084.0486,1875084.4460,6650.6665,5558,3733,-0.00321897,-0.08024012,0.00351318,-0.00321897,-6650.6665,2066084.0486,OK,0.0000,266.0267,4.0000,96.0000,AG03-UNRESOLVED,ALL5_LEVELS_bet23_to_bet27,266.0267,266.0267,266.0267,332.5333,332.5333,4.000000,4.000000,4.000000,5.000000,5.000000,96.000000,96.000000,96.000000,95.000000,95.000000,5.0,1463.1466,1340.2806,5187.5199,5310.3859,PENDING_AG03,FALSE,NOT_FOR_ENFORCEMENT,6384.6399,1800081.0682,6650.6665,6384.6399,266.0267,0.00321897,0.00309021,266.0267,6384.6399,0.00309021,266.0267,266.0267,266.0267,332.5333,332.5333,6384.6399,0.00309021,1463.1466,1340.2806,5187.5199,5310.3859,0.00251080,0.00257027,0.00012876,371.7316,502.2996,1.7816,195.6078,18.0235,60767.1779,109.7941,191.9923,404.8606,67.659,338.295,676.59,676.59,676.59,679.3478,270.636,-67.659,2.0,2.008152,1.098839,13,83,54,7,0.08038074,0.00321897,0.08024012,0E-8,0.000000,0.907555,0.005578,-0.08375330,2026-05-19,2026-07-26,34,369,121,69,0.492754,0.474218,0.516481,0.267936,,,,,,,,GLOBAL_BASELINE_NO_ENTITY_RANKING,,,NOT_APPLICABLE_GLOBAL_BASELINE,HF9g-P5,,,,X 全窗基线 · 不参与实体赏罚,14197212,1420,A168_HF9F_20260827_0900,2026-08-27 09:00:00
2026-06-24,145604771,2155,0,7916.1028416779,2029.7699594047,2029.7699594047,0.5000000,15,13,0.49338533146853309,0.466173003846,0.04583177869501055,0.23489849312493546,0.04583177869501055,0.02721232762253309,ELIGIBLE,R03b_20260811_FULL_v1,L1_ELIGIBILITY,v2026-08-11,2026-03-21..2026-08-06,baccarat_bet02_101_all_pairs_incl_sentinel,round_win = game_pnl > 0 (decisive only),COMPATIBILITY_ONLY_NOT_PRODUCTION,2066084.0486,1875084.4460,6650.6665,5558,3733,-0.00321897,-0.08024012,0.00351318,-0.00321897,-6650.6665,2066084.0486,OK,0.0000,266.0267,4.0000,96.0000,AG03-UNRESOLVED,ALL5_LEVELS_bet23_to_bet27,266.0267,266.0267,266.0267,332.5333,332.5333,4.000000,4.000000,4.000000,5.000000,5.000000,96.000000,96.000000,96.000000,95.000000,95.000000,5.0,1463.1466,1340.2806,5187.5199,5310.3859,PENDING_AG03,FALSE,NOT_FOR_ENFORCEMENT,6384.6399,1800081.0682,6650.6665,6384.6399,266.0267,0.00321897,0.00309021,266.0267,6384.6399,0.00309021,266.0267,266.0267,266.0267,332.5333,332.5333,6384.6399,0.00309021,1463.1466,1340.2806,5187.5199,5310.3859,0.00251080,0.00257027,0.00012876,371.7316,502.2996,1.7816,195.6078,18.0235,60767.1779,109.7941,191.9923,404.8606,67.659,338.295,676.59,676.59,676.59,679.3478,270.636,-67.659,2.0,2.008152,1.098839,13,83,54,7,0.08038074,0.00321897,0.08024012,0E-8,0.000000,0.907555,0.005578,-0.08375330,2026-05-19,2026-07-26,34,369,121,69,0.492754,0.474218,0.516481,0.267936,,,,,,,,GLOBAL_BASELINE_NO_ENTITY_RANKING,,,NOT_APPLICABLE_GLOBAL_BASELINE,HF9g-P5,,,,X 全窗基线 · 不参与实体赏罚,14197213,1420,A168_HF9F_20260827_0900,2026-08-27 09:00:00
2026-06-24,145604771,2160,0,818.6738836266,-277.7401894452,-277.7401894452,0.5000000,2,2,0.50665070000000000,0.506650700000,-0.018812684590367487,-0.018812684590367487,-0.018812684590367487,0E-17,ELIGIBLE,R03b_20260811_FULL_v1,L1_ELIGIBILITY,v2026-08-11,2026-03-21..2026-08-06,baccarat_bet02_101_all_pairs_incl_sentinel,round_win = game_pnl > 0 (decisive only),COMPATIBILITY_ONLY_NOT_PRODUCTION,2066084.0486,1875084.4460,6650.6665,5558,3733,-0.00321897,-0.08024012,0.00351318,-0.00321897,-6650.6665,2066084.0486,OK,0.0000,266.0267,4.0000,96.0000,AG03-UNRESOLVED,ALL5_LEVELS_bet23_to_bet27,266.0267,266.0267,266.0267,332.5333,332.5333,4.000000,4.000000,4.000000,5.000000,5.000000,96.000000,96.000000,96.000000,95.000000,95.000000,5.0,1463.1466,1340.2806,5187.5199,5310.3859,PENDING_AG03,FALSE,NOT_FOR_ENFORCEMENT,6384.6399,1800081.0682,6650.6665,6384.6399,266.0267,0.00321897,0.00309021,266.0267,6384.6399,0.00309021,266.0267,266.0267,266.0267,332.5333,332.5333,6384.6399,0.00309021,1463.1466,1340.2806,5187.5199,5310.3859,0.00251080,0.00257027,0.00012876,371.7316,502.2996,1.7816,195.6078,18.0235,60767.1779,109.7941,191.9923,404.8606,67.659,338.295,676.59,676.59,676.59,679.3478,270.636,-67.659,2.0,2.008152,1.098839,13,83,54,7,0.08038074,0.00321897,0.08024012,0E-8,0.000000,0.907555,0.005578,-0.08375330,2026-05-19,2026-07-26,34,369,121,69,0.492754,0.474218,0.516481,0.267936,,,,,,,,GLOBAL_BASELINE_NO_ENTITY_RANKING,,,NOT_APPLICABLE_GLOBAL_BASELINE,HF9g-P5,,,,X 全窗基线 · 不参与实体赏罚,14197214,1420,A168_HF9F_20260827_0900,2026-08-27 09:00:00
2026-06-24,145604771,2167,0,34506.0893098778,3856.5629228692,3856.5629228692,0.5416667,68,51,0.48758275267380023,0.433320158824,0.7496399019185492,1.5148241076410522,0.7496399019185492,0.05426259384980023,ELIGIBLE,R03b_20260811_FULL_v1,L1_ELIGIBILITY,v2026-08-11,2026-03-21..2026-08-06,baccarat_bet02_101_all_pairs_incl_sentinel,round_win = game_pnl > 0 (decisive only),COMPATIBILITY_ONLY_NOT_PRODUCTION,2066084.0486,1875084.4460,6650.6665,5558,3733,-0.00321897,-0.08024012,0.00351318,-0.00321897,-6650.6665,2066084.0486,OK,0.0000,266.0267,4.0000,96.0000,AG03-UNRESOLVED,ALL5_LEVELS_bet23_to_bet27,266.0267,266.0267,266.0267,332.5333,332.5333,4.000000,4.000000,4.000000,5.000000,5.000000,96.000000,96.000000,96.000000,95.000000,95.000000,5.0,1463.1466,1340.2806,5187.5199,5310.3859,PENDING_AG03,FALSE,NOT_FOR_ENFORCEMENT,6384.6399,1800081.0682,6650.6665,6384.6399,266.0267,0.00321897,0.00309021,266.0267,6384.6399,0.00309021,266.0267,266.0267,266.0267,332.5333,332.5333,6384.6399,0.00309021,1463.1466,1340.2806,5187.5199,5310.3859,0.00251080,0.00257027,0.00012876,371.7316,502.2996,1.7816,195.6078,18.0235,60767.1779,109.7941,191.9923,404.8606,67.659,338.295,676.59,676.59,676.59,679.3478,270.636,-67.659,2.0,2.008152,1.098839,13,83,54,7,0.08038074,0.00321897,0.08024012,0E-8,0.000000,0.907555,0.005578,-0.08375330,2026-05-19,2026-07-26,34,369,121,69,0.492754,0.474218,0.516481,0.267936,,,,,,,,GLOBAL_BASELINE_NO_ENTITY_RANKING,,,NOT_APPLICABLE_GLOBAL_BASELINE,HF9g-P5,,,,X 全窗基线 · 不参与实体赏罚,14197215,1420,A168_HF9F_20260827_0900,2026-08-27 09:00:00
2026-06-24,145604771,2271,0,6935.0473612991,2215.8322056834,2215.8322056834,0.6923077,14,13,0.49465484743589887,0.483037173077,1.4253763840568032,1.5099403581462458,1.4253763840568032,0.01161767435889887,ELIGIBLE,R03b_20260811_FULL_v1,L1_ELIGIBILITY,v2026-08-11,2026-03-21..2026-08-06,baccarat_bet02_101_all_pairs_incl_sentinel,round_win = game_pnl > 0 (decisive only),COMPATIBILITY_ONLY_NOT_PRODUCTION,2066084.0486,1875084.4460,6650.6665,5558,3733,-0.00321897,-0.08024012,0.00351318,-0.00321897,-6650.6665,2066084.0486,OK,0.0000,266.0267,4.0000,96.0000,AG03-UNRESOLVED,ALL5_LEVELS_bet23_to_bet27,266.0267,266.0267,266.0267,332.5333,332.5333,4.000000,4.000000,4.000000,5.000000,5.000000,96.000000,96.000000,96.000000,95.000000,95.000000,5.0,1463.1466,1340.2806,5187.5199,5310.3859,PENDING_AG03,FALSE,NOT_FOR_ENFORCEMENT,6384.6399,1800081.0682,6650.6665,6384.6399,266.0267,0.00321897,0.00309021,266.0267,6384.6399,0.00309021,266.0267,266.0267,266.0267,332.5333,332.5333,6384.6399,0.00309021,1463.1466,1340.2806,5187.5199,5310.3859,0.00251080,0.00257027,0.00012876,371.7316,502.2996,1.7816,195.6078,18.0235,60767.1779,109.7941,191.9923,404.8606,67.659,338.295,676.59,676.59,676.59,679.3478,270.636,-67.659,2.0,2.008152,1.098839,13,83,54,7,0.08038074,0.00321897,0.08024012,0E-8,0.000000,0.907555,0.005578,-0.08375330,2026-05-19,2026-07-26,34,369,121,69,0.492754,0.474218,0.516481,0.267936,,,,,,,,GLOBAL_BASELINE_NO_ENTITY_RANKING,,,NOT_APPLICABLE_GLOBAL_BASELINE,HF9g-P5,,,,X 全窗基线 · 不参与实体赏罚,14197216,1420,A168_HF9F_20260827_0900,2026-08-27 09:00:00
2026-06-24,145604771,462,0,23112.3139377534,3587.6184032481,3587.6184032481,0.5757576,52,33,0.47964025533586268,0.376547948485,1.1052205876004007,2.36186799254564,1.1052205876004007,0.10309230685086268,ELIGIBLE,R03b_20260811_FULL_v1,L1_ELIGIBILITY,v2026-08-11,2026-03-21..2026-08-06,baccarat_bet02_101_all_pairs_incl_sentinel,round_win = game_pnl > 0 (decisive only),COMPATIBILITY_ONLY_NOT_PRODUCTION,2066084.0486,1875084.4460,6650.6665,5558,3733,-0.00321897,-0.08024012,0.00351318,-0.00321897,-6650.6665,2066084.0486,OK,0.0000,266.0267,4.0000,96.0000,AG03-UNRESOLVED,ALL5_LEVELS_bet23_to_bet27,266.0267,266.0267,266.0267,332.5333,332.5333,4.000000,4.000000,4.000000,5.000000,5.000000,96.000000,96.000000,96.000000,95.000000,95.000000,5.0,1463.1466,1340.2806,5187.5199,5310.3859,PENDING_AG03,FALSE,NOT_FOR_ENFORCEMENT,6384.6399,1800081.0682,6650.6665,6384.6399,266.0267,0.00321897,0.00309021,266.0267,6384.6399,0.00309021,266.0267,266.0267,266.0267,332.5333,332.5333,6384.6399,0.00309021,1463.1466,1340.2806,5187.5199,5310.3859,0.00251080,0.00257027,0.00012876,371.7316,502.2996,1.7816,195.6078,18.0235,60767.1779,109.7941,191.9923,404.8606,67.659,338.295,676.59,676.59,676.59,679.3478,270.636,-67.659,2.0,2.008152,1.098839,13,83,54,7,0.08038074,0.00321897,0.08024012,0E-8,0.000000,0.907555,0.005578,-0.08375330,2026-05-19,2026-07-26,34,369,121,69,0.492754,0.474218,0.516481,0.267936,,,,,,,,GLOBAL_BASELINE_NO_ENTITY_RANKING,,,NOT_APPLICABLE_GLOBAL_BASELINE,HF9g-P5,,,,X 全窗基线 · 不参与实体赏罚,14197217,1420,A168_HF9F_20260827_0900,2026-08-27 09:00:00
2026-06-24,145604771,471,0,7104.1948579160,2165.0879566984,2165.0879566984,0.6000000,15,10,0.48144694818182352,0.392159425000,0.7503120509653225,1.3461831899658567,0.7503120509653225,0.08928752318182352,ELIGIBLE,R03b_20260811_FULL_v1,L1_ELIGIBILITY,v2026-08-11,2026-03-21..2026-08-06,baccarat_bet02_101_all_pairs_incl_sentinel,round_win = game_pnl > 0 (decisive only),COMPATIBILITY_ONLY_NOT_PRODUCTION,2066084.0486,1875084.4460,6650.6665,5558,3733,-0.00321897,-0.08024012,0.00351318,-0.00321897,-6650.6665,2066084.0486,OK,0.0000,266.0267,4.0000,96.0000,AG03-UNRESOLVED,ALL5_LEVELS_bet23_to_bet27,266.0267,266.0267,266.0267,332.5333,332.5333,4.000000,4.000000,4.000000,5.000000,5.000000,96.000000,96.000000,96.000000,95.000000,95.000000,5.0,1463.1466,1340.2806,5187.5199,5310.3859,PENDING_AG03,FALSE,NOT_FOR_ENFORCEMENT,6384.6399,1800081.0682,6650.6665,6384.6399,266.0267,0.00321897,0.00309021,266.0267,6384.6399,0.00309021,266.0267,266.0267,266.0267,332.5333,332.5333,6384.6399,0.00309021,1463.1466,1340.2806,5187.5199,5310.3859,0.00251080,0.00257027,0.00012876,371.7316,502.2996,1.7816,195.6078,18.0235,60767.1779,109.7941,191.9923,404.8606,67.659,338.295,676.59,676.59,676.59,679.3478,270.636,-67.659,2.0,2.008152,1.098839,13,83,54,7,0.08038074,0.00321897,0.08024012,0E-8,0.000000,0.907555,0.005578,-0.08375330,2026-05-19,2026-07-26,34,369,121,69,0.492754,0.474218,0.516481,0.267936,,,,,,,,GLOBAL_BASELINE_NO_ENTITY_RANKING,,,NOT_APPLICABLE_GLOBAL_BASELINE,HF9g-P5,,,,X 全窗基线 · 不参与实体赏罚,14197218,1420,A168_HF9F_20260827_0900,2026-08-27 09:00:00
2026-06-24,145604771,529,0,4803.7889039241,2520.2976995942,2520.2976995942,0.6000000,15,10,0.46043970025253141,0.390209430000,0.8854326220198575,1.36002449580971,0.8854326220198575,0.07023027025253141,ELIGIBLE,R03b_20260811_FULL_v1,L1_ELIGIBILITY,v2026-08-11,2026-03-21..2026-08-06,baccarat_bet02_101_all_pairs_incl_sentinel,round_win = game_pnl > 0 (decisive only),COMPATIBILITY_ONLY_NOT_PRODUCTION,2066084.0486,1875084.4460,6650.6665,5558,3733,-0.00321897,-0.08024012,0.00351318,-0.00321897,-6650.6665,2066084.0486,OK,0.0000,266.0267,4.0000,96.0000,AG03-UNRESOLVED,ALL5_LEVELS_bet23_to_bet27,266.0267,266.0267,266.0267,332.5333,332.5333,4.000000,4.000000,4.000000,5.000000,5.000000,96.000000,96.000000,96.000000,95.000000,95.000000,5.0,1463.1466,1340.2806,5187.5199,5310.3859,PENDING_AG03,FALSE,NOT_FOR_ENFORCEMENT,6384.6399,1800081.0682,6650.6665,6384.6399,266.0267,0.00321897,0.00309021,266.0267,6384.6399,0.00309021,266.0267,266.0267,266.0267,332.5333,332.5333,6384.6399,0.00309021,1463.1466,1340.2806,5187.5199,5310.3859,0.00251080,0.00257027,0.00012876,371.7316,502.2996,1.7816,195.6078,18.0235,60767.1779,109.7941,191.9923,404.8606,67.659,338.295,676.59,676.59,676.59,679.3478,270.636,-67.659,2.0,2.008152,1.098839,13,83,54,7,0.08038074,0.00321897,0.08024012,0E-8,0.000000,0.907555,0.005578,-0.08375330,2026-05-19,2026-07-26,34,369,121,69,0.492754,0.474218,0.516481,0.267936,,,,,,,,GLOBAL_BASELINE_NO_ENTITY_RANKING,,,NOT_APPLICABLE_GLOBAL_BASELINE,HF9g-P5,,,,X 全窗基线 · 不参与实体赏罚,14197219,1420,A168_HF9F_20260827_0900,2026-08-27 09:00:00
2026-06-24,145604771,550,0,8457.3748308524,4330.1759133966,4330.1759133966,0.6428571,19,15,0.48991315454545736,0.442745120000,1.1447609771187723,1.5074168593975956,1.1447609771187723,0.04716803454545736,ELIGIBLE,R03b_20260811_FULL_v1,L1_ELIGIBILITY,v2026-08-11,2026-03-21..2026-08-06,baccarat_bet02_101_all_pairs_incl_sentinel,round_win = game_pnl > 0 (decisive only),COMPATIBILITY_ONLY_NOT_PRODUCTION,2066084.0486,1875084.4460,6650.6665,5558,3733,-0.00321897,-0.08024012,0.00351318,-0.00321897,-6650.6665,2066084.0486,OK,0.0000,266.0267,4.0000,96.0000,AG03-UNRESOLVED,ALL5_LEVELS_bet23_to_bet27,266.0267,266.0267,266.0267,332.5333,332.5333,4.000000,4.000000,4.000000,5.000000,5.000000,96.000000,96.000000,96.000000,95.000000,95.000000,5.0,1463.1466,1340.2806,5187.5199,5310.3859,PENDING_AG03,FALSE,NOT_FOR_ENFORCEMENT,6384.6399,1800081.0682,6650.6665,6384.6399,266.0267,0.00321897,0.00309021,266.0267,6384.6399,0.00309021,266.0267,266.0267,266.0267,332.5333,332.5333,6384.6399,0.00309021,1463.1466,1340.2806,5187.5199,5310.3859,0.00251080,0.00257027,0.00012876,371.7316,502.2996,1.7816,195.6078,18.0235,60767.1779,109.7941,191.9923,404.8606,67.659,338.295,676.59,676.59,676.59,679.3478,270.636,-67.659,2.0,2.008152,1.098839,13,83,54,7,0.08038074,0.00321897,0.08024012,0E-8,0.000000,0.907555,0.005578,-0.08375330,2026-05-19,2026-07-26,34,369,121,69,0.492754,0.474218,0.516481,0.267936,,,,,,,,GLOBAL_BASELINE_NO_ENTITY_RANKING,,,NOT_APPLICABLE_GLOBAL_BASELINE,HF9g-P5,,,,X 全窗基线 · 不参与实体赏罚,14197220,1420,A168_HF9F_20260827_0900,2026-08-27 09:00:00
2026-06-24,145604771,583,0,9472.2598105546,-2029.7699594044,-2029.7699594044,0.3076923,23,13,0.46977605454546252,0.336321980769,-1.1709437617069942,-0.21849007905243828,-1.1709437617069942,0.13345407377646252,ELIGIBLE,R03b_20260811_FULL_v1,L1_ELIGIBILITY,v2026-08-11,2026-03-21..2026-08-06,baccarat_bet02_101_all_pairs_incl_sentinel,round_win = game_pnl > 0 (decisive only),COMPATIBILITY_ONLY_NOT_PRODUCTION,2066084.0486,1875084.4460,6650.6665,5558,3733,-0.00321897,-0.08024012,0.00351318,-0.00321897,-6650.6665,2066084.0486,OK,0.0000,266.0267,4.0000,96.0000,AG03-UNRESOLVED,ALL5_LEVELS_bet23_to_bet27,266.0267,266.0267,266.0267,332.5333,332.5333,4.000000,4.000000,4.000000,5.000000,5.000000,96.000000,96.000000,96.000000,95.000000,95.000000,5.0,1463.1466,1340.2806,5187.5199,5310.3859,PENDING_AG03,FALSE,NOT_FOR_ENFORCEMENT,6384.6399,1800081.0682,6650.6665,6384.6399,266.0267,0.00321897,0.00309021,266.0267,6384.6399,0.00309021,266.0267,266.0267,266.0267,332.5333,332.5333,6384.6399,0.00309021,1463.1466,1340.2806,5187.5199,5310.3859,0.00251080,0.00257027,0.00012876,371.7316,502.2996,1.7816,195.6078,18.0235,60767.1779,109.7941,191.9923,404.8606,67.659,338.295,676.59,676.59,676.59,679.3478,270.636,-67.659,2.0,2.008152,1.098839,13,83,54,7,0.08038074,0.00321897,0.08024012,0E-8,0.000000,0.907555,0.005578,-0.08375330,2026-05-19,2026-07-26,34,369,121,69,0.492754,0.474218,0.516481,0.267936,,,,,,,,GLOBAL_BASELINE_NO_ENTITY_RANKING,,,NOT_APPLICABLE_GLOBAL_BASELINE,HF9g-P5,,,,X 全窗基线 · 不参与实体赏罚,14197221,1420,A168_HF9F_20260827_0900,2026-08-27 09:00:00
2026-06-24,145604771,752,0,14648.1732070363,744.2489851155,744.2489851155,0.5714286,38,21,0.46656995060125980,0.323140857143,0.9632004301548803,2.4328749776503655,0.9632004301548803,0.14342909345825980,ELIGIBLE,R03b_20260811_FULL_v1,L1_ELIGIBILITY,v2026-08-11,2026-03-21..2026-08-06,baccarat_bet02_101_all_pairs_incl_sentinel,round_win = game_pnl > 0 (decisive only),COMPATIBILITY_ONLY_NOT_PRODUCTION,2066084.0486,1875084.4460,6650.6665,5558,3733,-0.00321897,-0.08024012,0.00351318,-0.00321897,-6650.6665,2066084.0486,OK,0.0000,266.0267,4.0000,96.0000,AG03-UNRESOLVED,ALL5_LEVELS_bet23_to_bet27,266.0267,266.0267,266.0267,332.5333,332.5333,4.000000,4.000000,4.000000,5.000000,5.000000,96.000000,96.000000,96.000000,95.000000,95.000000,5.0,1463.1466,1340.2806,5187.5199,5310.3859,PENDING_AG03,FALSE,NOT_FOR_ENFORCEMENT,6384.6399,1800081.0682,6650.6665,6384.6399,266.0267,0.00321897,0.00309021,266.0267,6384.6399,0.00309021,266.0267,266.0267,266.0267,332.5333,332.5333,6384.6399,0.00309021,1463.1466,1340.2806,5187.5199,5310.3859,0.00251080,0.00257027,0.00012876,371.7316,502.2996,1.7816,195.6078,18.0235,60767.1779,109.7941,191.9923,404.8606,67.659,338.295,676.59,676.59,676.59,679.3478,270.636,-67.659,2.0,2.008152,1.098839,13,83,54,7,0.08038074,0.00321897,0.08024012,0E-8,0.000000,0.907555,0.005578,-0.08375330,2026-05-19,2026-07-26,34,369,121,69,0.492754,0.474218,0.516481,0.267936,,,,,,,,GLOBAL_BASELINE_NO_ENTITY_RANKING,,,NOT_APPLICABLE_GLOBAL_BASELINE,HF9g-P5,,,,X 全窗基线 · 不参与实体赏罚,14197222,1420,A168_HF9F_20260827_0900,2026-08-27 09:00:00
2026-06-24,145604771,763,0,1623.8159675237,-1623.8159675237,-1623.8159675237,0E-7,3,3,0.49771390000000000,0.497713900000,-1.724149546644903,-1.724149546644903,-1.724149546644903,0E-17,ELIGIBLE,R03b_20260811_FULL_v1,L1_ELIGIBILITY,v2026-08-11,2026-03-21..2026-08-06,baccarat_bet02_101_all_pairs_incl_sentinel,round_win = game_pnl > 0 (decisive only),COMPATIBILITY_ONLY_NOT_PRODUCTION,2066084.0486,1875084.4460,6650.6665,5558,3733,-0.00321897,-0.08024012,0.00351318,-0.00321897,-6650.6665,2066084.0486,OK,0.0000,266.0267,4.0000,96.0000,AG03-UNRESOLVED,ALL5_LEVELS_bet23_to_bet27,266.0267,266.0267,266.0267,332.5333,332.5333,4.000000,4.000000,4.000000,5.000000,5.000000,96.000000,96.000000,96.000000,95.000000,95.000000,5.0,1463.1466,1340.2806,5187.5199,5310.3859,PENDING_AG03,FALSE,NOT_FOR_ENFORCEMENT,6384.6399,1800081.0682,6650.6665,6384.6399,266.0267,0.00321897,0.00309021,266.0267,6384.6399,0.00309021,266.0267,266.0267,266.0267,332.5333,332.5333,6384.6399,0.00309021,1463.1466,1340.2806,5187.5199,5310.3859,0.00251080,0.00257027,0.00012876,371.7316,502.2996,1.7816,195.6078,18.0235,60767.1779,109.7941,191.9923,404.8606,67.659,338.295,676.59,676.59,676.59,679.3478,270.636,-67.659,2.0,2.008152,1.098839,13,83,54,7,0.08038074,0.00321897,0.08024012,0E-8,0.000000,0.907555,0.005578,-0.08375330,2026-05-19,2026-07-26,34,369,121,69,0.492754,0.474218,0.516481,0.267936,,,,,,,,GLOBAL_BASELINE_NO_ENTITY_RANKING,,,NOT_APPLICABLE_GLOBAL_BASELINE,HF9g-P5,,,,X 全窗基线 · 不参与实体赏罚,14197223,1420,A168_HF9F_20260827_0900,2026-08-27 09:00:00
2026-06-24,145604771,789,0,2976.9959404600,-2976.9959404600,-2976.9959404600,0E-7,8,4,0.45823172500001031,0.285588887500,-1.8393559753837376,-1.2645224594937592,-1.8393559753837376,0.17264283750001031,ELIGIBLE,R03b_20260811_FULL_v1,L1_ELIGIBILITY,v2026-08-11,2026-03-21..2026-08-06,baccarat_bet02_101_all_pairs_incl_sentinel,round_win = game_pnl > 0 (decisive only),COMPATIBILITY_ONLY_NOT_PRODUCTION,2066084.0486,1875084.4460,6650.6665,5558,3733,-0.00321897,-0.08024012,0.00351318,-0.00321897,-6650.6665,2066084.0486,OK,0.0000,266.0267,4.0000,96.0000,AG03-UNRESOLVED,ALL5_LEVELS_bet23_to_bet27,266.0267,266.0267,266.0267,332.5333,332.5333,4.000000,4.000000,4.000000,5.000000,5.000000,96.000000,96.000000,96.000000,95.000000,95.000000,5.0,1463.1466,1340.2806,5187.5199,5310.3859,PENDING_AG03,FALSE,NOT_FOR_ENFORCEMENT,6384.6399,1800081.0682,6650.6665,6384.6399,266.0267,0.00321897,0.00309021,266.0267,6384.6399,0.00309021,266.0267,266.0267,266.0267,332.5333,332.5333,6384.6399,0.00309021,1463.1466,1340.2806,5187.5199,5310.3859,0.00251080,0.00257027,0.00012876,371.7316,502.2996,1.7816,195.6078,18.0235,60767.1779,109.7941,191.9923,404.8606,67.659,338.295,676.59,676.59,676.59,679.3478,270.636,-67.659,2.0,2.008152,1.098839,13,83,54,7,0.08038074,0.00321897,0.08024012,0E-8,0.000000,0.907555,0.005578,-0.08375330,2026-05-19,2026-07-26,34,369,121,69,0.492754,0.474218,0.516481,0.267936,,,,,,,,GLOBAL_BASELINE_NO_ENTITY_RANKING,,,NOT_APPLICABLE_GLOBAL_BASELINE,HF9g-P5,,,,X 全窗基线 · 不参与实体赏罚,14197224,1420,A168_HF9F_20260827_0900,2026-08-27 09:00:00
2026-06-24,145604771,948,0,11840.3247631934,3484.4384303114,3484.4384303114,0.6875000,22,17,0.49059330695187491,0.436077214706,1.575532393783496,2.0280240723999237,1.575532393783496,0.05451609224587491,ELIGIBLE,R03b_20260811_FULL_v1,L1_ELIGIBILITY,v2026-08-11,2026-03-21..2026-08-06,baccarat_bet02_101_all_pairs_incl_sentinel,round_win = game_pnl > 0 (decisive only),COMPATIBILITY_ONLY_NOT_PRODUCTION,2066084.0486,1875084.4460,6650.6665,5558,3733,-0.00321897,-0.08024012,0.00351318,-0.00321897,-6650.6665,2066084.0486,OK,0.0000,266.0267,4.0000,96.0000,AG03-UNRESOLVED,ALL5_LEVELS_bet23_to_bet27,266.0267,266.0267,266.0267,332.5333,332.5333,4.000000,4.000000,4.000000,5.000000,5.000000,96.000000,96.000000,96.000000,95.000000,95.000000,5.0,1463.1466,1340.2806,5187.5199,5310.3859,PENDING_AG03,FALSE,NOT_FOR_ENFORCEMENT,6384.6399,1800081.0682,6650.6665,6384.6399,266.0267,0.00321897,0.00309021,266.0267,6384.6399,0.00309021,266.0267,266.0267,266.0267,332.5333,332.5333,6384.6399,0.00309021,1463.1466,1340.2806,5187.5199,5310.3859,0.00251080,0.00257027,0.00012876,371.7316,502.2996,1.7816,195.6078,18.0235,60767.1779,109.7941,191.9923,404.8606,67.659,338.295,676.59,676.59,676.59,679.3478,270.636,-67.659,2.0,2.008152,1.098839,13,83,54,7,0.08038074,0.00321897,0.08024012,0E-8,0.000000,0.907555,0.005578,-0.08375330,2026-05-19,2026-07-26,34,369,121,69,0.492754,0.474218,0.516481,0.267936,,,,,,,,GLOBAL_BASELINE_NO_ENTITY_RANKING,,,NOT_APPLICABLE_GLOBAL_BASELINE,HF9g-P5,,,,X 全窗基线 · 不参与实体赏罚,14197225,1420,A168_HF9F_20260827_0900,2026-08-27 09:00:00
2026-06-24,145604771,987,0,13213.8024357238,-4330.1759133964,-4330.1759133964,0.3333333,30,23,0.47958735783926612,0.434046043478,-1.3415587327548102,-0.931183944232408,-1.3415587327548102,0.04554131436126612,ELIGIBLE,R03b_20260811_FULL_v1,L1_ELIGIBILITY,v2026-08-11,2026-03-21..2026-08-06,baccarat_bet02_101_all_pairs_incl_sentinel,round_win = game_pnl > 0 (decisive only),COMPATIBILITY_ONLY_NOT_PRODUCTION,2066084.0486,1875084.4460,6650.6665,5558,3733,-0.00321897,-0.08024012,0.00351318,-0.00321897,-6650.6665,2066084.0486,OK,0.0000,266.0267,4.0000,96.0000,AG03-UNRESOLVED,ALL5_LEVELS_bet23_to_bet27,266.0267,266.0267,266.0267,332.5333,332.5333,4.000000,4.000000,4.000000,5.000000,5.000000,96.000000,96.000000,96.000000,95.000000,95.000000,5.0,1463.1466,1340.2806,5187.5199,5310.3859,PENDING_AG03,FALSE,NOT_FOR_ENFORCEMENT,6384.6399,1800081.0682,6650.6665,6384.6399,266.0267,0.00321897,0.00309021,266.0267,6384.6399,0.00309021,266.0267,266.0267,266.0267,332.5333,332.5333,6384.6399,0.00309021,1463.1466,1340.2806,5187.5199,5310.3859,0.00251080,0.00257027,0.00012876,371.7316,502.2996,1.7816,195.6078,18.0235,60767.1779,109.7941,191.9923,404.8606,67.659,338.295,676.59,676.59,676.59,679.3478,270.636,-67.659,2.0,2.008152,1.098839,13,83,54,7,0.08038074,0.00321897,0.08024012,0E-8,0.000000,0.907555,0.005578,-0.08375330,2026-05-19,2026-07-26,34,369,121,69,0.492754,0.474218,0.516481,0.267936,,,,,,,,GLOBAL_BASELINE_NO_ENTITY_RANKING,,,NOT_APPLICABLE_GLOBAL_BASELINE,HF9g-P5,,,,X 全窗基线 · 不参与实体赏罚,14197226,1420,A168_HF9F_20260827_0900,2026-08-27 09:00:00
2026-06-25,145604771,1017,0,9742.8958051420,3788.9039242220,3788.9039242220,0.7272727,18,14,0.49036360974026283,0.438615775000,1.5717692406880674,1.9293283168750168,1.5717692406880674,0.05174783474026283,ELIGIBLE,R03b_20260811_FULL_v1,L1_ELIGIBILITY,v2026-08-11,2026-03-21..2026-08-06,baccarat_bet02_101_all_pairs_incl_sentinel,round_win = game_pnl > 0 (decisive only),COMPATIBILITY_ONLY_NOT_PRODUCTION,2066084.0486,1875084.4460,6650.6665,5558,3733,-0.00321897,-0.08024012,0.00351318,-0.00321897,-6650.6665,2066084.0486,OK,0.0000,266.0267,4.0000,96.0000,AG03-UNRESOLVED,ALL5_LEVELS_bet23_to_bet27,266.0267,266.0267,266.0267,332.5333,332.5333,4.000000,4.000000,4.000000,5.000000,5.000000,96.000000,96.000000,96.000000,95.000000,95.000000,5.0,1463.1466,1340.2806,5187.5199,5310.3859,PENDING_AG03,FALSE,NOT_FOR_ENFORCEMENT,6384.6399,1800081.0682,6650.6665,6384.6399,266.0267,0.00321897,0.00309021,266.0267,6384.6399,0.00309021,266.0267,266.0267,266.0267,332.5333,332.5333,6384.6399,0.00309021,1463.1466,1340.2806,5187.5199,5310.3859,0.00251080,0.00257027,0.00012876,371.7316,502.2996,1.7816,195.6078,18.0235,60767.1779,109.7941,191.9923,404.8606,67.659,338.295,676.59,676.59,676.59,679.3478,270.636,-67.659,2.0,2.008152,1.098839,13,83,54,7,0.08038074,0.00321897,0.08024012,0E-8,0.000000,0.907555,0.005578,-0.08375330,2026-05-19,2026-07-26,34,369,121,69,0.492754,0.474218,0.516481,0.267936,,,,,,,,GLOBAL_BASELINE_NO_ENTITY_RANKING,,,NOT_APPLICABLE_GLOBAL_BASELINE,HF9g-P5,,,,X 全窗基线 · 不参与实体赏罚,14197227,1420,A168_HF9F_20260827_0900,2026-08-27 09:00:00
2026-06-25,145604771,1094,0,10385.6562922866,-1471.5832205681,-1471.5832205681,0.4090909,37,22,0.45935981161617218,0.353960422727,-0.47312956023242364,0.5407496531969744,-0.47312956023242364,0.10539938888917218,ELIGIBLE,R03b_20260811_FULL_v1,L1_ELIGIBILITY,v2026-08-11,2026-03-21..2026-08-06,baccarat_bet02_101_all_pairs_incl_sentinel,round_win = game_pnl > 0 (decisive only),COMPATIBILITY_ONLY_NOT_PRODUCTION,2066084.0486,1875084.4460,6650.6665,5558,3733,-0.00321897,-0.08024012,0.00351318,-0.00321897,-6650.6665,2066084.0486,OK,0.0000,266.0267,4.0000,96.0000,AG03-UNRESOLVED,ALL5_LEVELS_bet23_to_bet27,266.0267,266.0267,266.0267,332.5333,332.5333,4.000000,4.000000,4.000000,5.000000,5.000000,96.000000,96.000000,96.000000,95.000000,95.000000,5.0,1463.1466,1340.2806,5187.5199,5310.3859,PENDING_AG03,FALSE,NOT_FOR_ENFORCEMENT,6384.6399,1800081.0682,6650.6665,6384.6399,266.0267,0.00321897,0.00309021,266.0267,6384.6399,0.00309021,266.0267,266.0267,266.0267,332.5333,332.5333,6384.6399,0.00309021,1463.1466,1340.2806,5187.5199,5310.3859,0.00251080,0.00257027,0.00012876,371.7316,502.2996,1.7816,195.6078,18.0235,60767.1779,109.7941,191.9923,404.8606,67.659,338.295,676.59,676.59,676.59,679.3478,270.636,-67.659,2.0,2.008152,1.098839,13,83,54,7,0.08038074,0.00321897,0.08024012,0E-8,0.000000,0.907555,0.005578,-0.08375330,2026-05-19,2026-07-26,34,369,121,69,0.492754,0.474218,0.516481,0.267936,,,,,,,,GLOBAL_BASELINE_NO_ENTITY_RANKING,,,NOT_APPLICABLE_GLOBAL_BASELINE,HF9g-P5,,,,X 全窗基线 · 不参与实体赏罚,14197228,1420,A168_HF9F_20260827_0900,2026-08-27 09:00:00
2026-06-25,145604771,1151,0,744.2489851150,575.1014884980,575.1014884980,1.0000000,2,1,0.46546076363637471,0.280106050000,1.0716383711873867,1.6031457840727341,1.0716383711873867,0.18535471363637471,ELIGIBLE,R03b_20260811_FULL_v1,L1_ELIGIBILITY,v2026-08-11,2026-03-21..2026-08-06,baccarat_bet02_101_all_pairs_incl_sentinel,round_win = game_pnl > 0 (decisive only),COMPATIBILITY_ONLY_NOT_PRODUCTION,2066084.0486,1875084.4460,6650.6665,5558,3733,-0.00321897,-0.08024012,0.00351318,-0.00321897,-6650.6665,2066084.0486,OK,0.0000,266.0267,4.0000,96.0000,AG03-UNRESOLVED,ALL5_LEVELS_bet23_to_bet27,266.0267,266.0267,266.0267,332.5333,332.5333,4.000000,4.000000,4.000000,5.000000,5.000000,96.000000,96.000000,96.000000,95.000000,95.000000,5.0,1463.1466,1340.2806,5187.5199,5310.3859,PENDING_AG03,FALSE,NOT_FOR_ENFORCEMENT,6384.6399,1800081.0682,6650.6665,6384.6399,266.0267,0.00321897,0.00309021,266.0267,6384.6399,0.00309021,266.0267,266.0267,266.0267,332.5333,332.5333,6384.6399,0.00309021,1463.1466,1340.2806,5187.5199,5310.3859,0.00251080,0.00257027,0.00012876,371.7316,502.2996,1.7816,195.6078,18.0235,60767.1779,109.7941,191.9923,404.8606,67.659,338.295,676.59,676.59,676.59,679.3478,270.636,-67.659,2.0,2.008152,1.098839,13,83,54,7,0.08038074,0.00321897,0.08024012,0E-8,0.000000,0.907555,0.005578,-0.08375330,2026-05-19,2026-07-26,34,369,121,69,0.492754,0.474218,0.516481,0.267936,,,,,,,,GLOBAL_BASELINE_NO_ENTITY_RANKING,,,NOT_APPLICABLE_GLOBAL_BASELINE,HF9g-P5,,,,X 全窗基线 · 不参与实体赏罚,14197229,1420,A168_HF9F_20260827_0900,2026-08-27 09:00:00
2026-06-25,145604771,1157,0,33694.1813261156,6833.5588633297,6833.5588633297,0.6136364,84,47,0.46025495009672015,0.320408101064,2.0412937507989724,4.168274626600432,2.0412937507989724,0.13984684903272015,ELIGIBLE,R03b_20260811_FULL_v1,L1_ELIGIBILITY,v2026-08-11,2026-03-21..2026-08-06,baccarat_bet02_101_all_pairs_incl_sentinel,round_win = game_pnl > 0 (decisive only),COMPATIBILITY_ONLY_NOT_PRODUCTION,2066084.0486,1875084.4460,6650.6665,5558,3733,-0.00321897,-0.08024012,0.00351318,-0.00321897,-6650.6665,2066084.0486,OK,0.0000,266.0267,4.0000,96.0000,AG03-UNRESOLVED,ALL5_LEVELS_bet23_to_bet27,266.0267,266.0267,266.0267,332.5333,332.5333,4.000000,4.000000,4.000000,5.000000,5.000000,96.000000,96.000000,96.000000,95.000000,95.000000,5.0,1463.1466,1340.2806,5187.5199,5310.3859,PENDING_AG03,FALSE,NOT_FOR_ENFORCEMENT,6384.6399,1800081.0682,6650.6665,6384.6399,266.0267,0.00321897,0.00309021,266.0267,6384.6399,0.00309021,266.0267,266.0267,266.0267,332.5333,332.5333,6384.6399,0.00309021,1463.1466,1340.2806,5187.5199,5310.3859,0.00251080,0.00257027,0.00012876,371.7316,502.2996,1.7816,195.6078,18.0235,60767.1779,109.7941,191.9923,404.8606,67.659,338.295,676.59,676.59,676.59,679.3478,270.636,-67.659,2.0,2.008152,1.098839,13,83,54,7,0.08038074,0.00321897,0.08024012,0E-8,0.000000,0.907555,0.005578,-0.08375330,2026-05-19,2026-07-26,34,369,121,69,0.492754,0.474218,0.516481,0.267936,,,,,,,,GLOBAL_BASELINE_NO_ENTITY_RANKING,,,NOT_APPLICABLE_GLOBAL_BASELINE,HF9g-P5,,,,X 全窗基线 · 不参与实体赏罚,14197230,1420,A168_HF9F_20260827_0900,2026-08-27 09:00:00
2026-06-25,145604771,1205,0,2706.3599458728,-1353.1799729364,-1353.1799729364,0.2500000,6,4,0.47706480202020892,0.386675775000,-0.909216249647792,-0.5613102839575519,-0.909216249647792,0.09038902702020892,ELIGIBLE,R03b_20260811_FULL_v1,L1_ELIGIBILITY,v2026-08-11,2026-03-21..2026-08-06,baccarat_bet02_101_all_pairs_incl_sentinel,round_win = game_pnl > 0 (decisive only),COMPATIBILITY_ONLY_NOT_PRODUCTION,2066084.0486,1875084.4460,6650.6665,5558,3733,-0.00321897,-0.08024012,0.00351318,-0.00321897,-6650.6665,2066084.0486,OK,0.0000,266.0267,4.0000,96.0000,AG03-UNRESOLVED,ALL5_LEVELS_bet23_to_bet27,266.0267,266.0267,266.0267,332.5333,332.5333,4.000000,4.000000,4.000000,5.000000,5.000000,96.000000,96.000000,96.000000,95.000000,95.000000,5.0,1463.1466,1340.2806,5187.5199,5310.3859,PENDING_AG03,FALSE,NOT_FOR_ENFORCEMENT,6384.6399,1800081.0682,6650.6665,6384.6399,266.0267,0.00321897,0.00309021,266.0267,6384.6399,0.00309021,266.0267,266.0267,266.0267,332.5333,332.5333,6384.6399,0.00309021,1463.1466,1340.2806,5187.5199,5310.3859,0.00251080,0.00257027,0.00012876,371.7316,502.2996,1.7816,195.6078,18.0235,60767.1779,109.7941,191.9923,404.8606,67.659,338.295,676.59,676.59,676.59,679.3478,270.636,-67.659,2.0,2.008152,1.098839,13,83,54,7,0.08038074,0.00321897,0.08024012,0E-8,0.000000,0.907555,0.005578,-0.08375330,2026-05-19,2026-07-26,34,369,121,69,0.492754,0.474218,0.516481,0.267936,,,,,,,,GLOBAL_BASELINE_NO_ENTITY_RANKING,,,NOT_APPLICABLE_GLOBAL_BASELINE,HF9g-P5,,,,X 全窗基线 · 不参与实体赏罚,14197231,1420,A168_HF9F_20260827_0900,2026-08-27 09:00:00
2026-06-25,145604771,1221,0,7997.2936400540,-744.9255751014,-744.9255751014,0.4000000,16,12,0.48715974166667010,0.429612129167,-0.5514284683528144,-0.18916737052955598,-0.5514284683528144,0.05754761249967010,ELIGIBLE,R03b_20260811_FULL_v1,L1_ELIGIBILITY,v2026-08-11,2026-03-21..2026-08-06,baccarat_bet02_101_all_pairs_incl_sentinel,round_win = game_pnl > 0 (decisive only),COMPATIBILITY_ONLY_NOT_PRODUCTION,2066084.0486,1875084.4460,6650.6665,5558,3733,-0.00321897,-0.08024012,0.00351318,-0.00321897,-6650.6665,2066084.0486,OK,0.0000,266.0267,4.0000,96.0000,AG03-UNRESOLVED,ALL5_LEVELS_bet23_to_bet27,266.0267,266.0267,266.0267,332.5333,332.5333,4.000000,4.000000,4.000000,5.000000,5.000000,96.000000,96.000000,96.000000,95.000000,95.000000,5.0,1463.1466,1340.2806,5187.5199,5310.3859,PENDING_AG03,FALSE,NOT_FOR_ENFORCEMENT,6384.6399,1800081.0682,6650.6665,6384.6399,266.0267,0.00321897,0.00309021,266.0267,6384.6399,0.00309021,266.0267,266.0267,266.0267,332.5333,332.5333,6384.6399,0.00309021,1463.1466,1340.2806,5187.5199,5310.3859,0.00251080,0.00257027,0.00012876,371.7316,502.2996,1.7816,195.6078,18.0235,60767.1779,109.7941,191.9923,404.8606,67.659,338.295,676.59,676.59,676.59,679.3478,270.636,-67.659,2.0,2.008152,1.098839,13,83,54,7,0.08038074,0.00321897,0.08024012,0E-8,0.000000,0.907555,0.005578,-0.08375330,2026-05-19,2026-07-26,34,369,121,69,0.492754,0.474218,0.516481,0.267936,,,,,,,,GLOBAL_BASELINE_NO_ENTITY_RANKING,,,NOT_APPLICABLE_GLOBAL_BASELINE,HF9g-P5,,,,X 全窗基线 · 不参与实体赏罚,14197232,1420,A168_HF9F_20260827_0900,2026-08-27 09:00:00
2026-06-25,145604771,1304,0,2970.2300405954,-1617.0500676590,-1617.0500676590,0.2000000,7,5,0.48749368545454988,0.413351800000,-1.2861132270488493,-0.9687964207028018,-1.2861132270488493,0.07414188545454988,ELIGIBLE,R03b_20260811_FULL_v1,L1_ELIGIBILITY,v2026-08-11,2026-03-21..2026-08-06,baccarat_bet02_101_all_pairs_incl_sentinel,round_win = game_pnl > 0 (decisive only),COMPATIBILITY_ONLY_NOT_PRODUCTION,2066084.0486,1875084.4460,6650.6665,5558,3733,-0.00321897,-0.08024012,0.00351318,-0.00321897,-6650.6665,2066084.0486,OK,0.0000,266.0267,4.0000,96.0000,AG03-UNRESOLVED,ALL5_LEVELS_bet23_to_bet27,266.0267,266.0267,266.0267,332.5333,332.5333,4.000000,4.000000,4.000000,5.000000,5.000000,96.000000,96.000000,96.000000,95.000000,95.000000,5.0,1463.1466,1340.2806,5187.5199,5310.3859,PENDING_AG03,FALSE,NOT_FOR_ENFORCEMENT,6384.6399,1800081.0682,6650.6665,6384.6399,266.0267,0.00321897,0.00309021,266.0267,6384.6399,0.00309021,266.0267,266.0267,266.0267,332.5333,332.5333,6384.6399,0.00309021,1463.1466,1340.2806,5187.5199,5310.3859,0.00251080,0.00257027,0.00012876,371.7316,502.2996,1.7816,195.6078,18.0235,60767.1779,109.7941,191.9923,404.8606,67.659,338.295,676.59,676.59,676.59,679.3478,270.636,-67.659,2.0,2.008152,1.098839,13,83,54,7,0.08038074,0.00321897,0.08024012,0E-8,0.000000,0.907555,0.005578,-0.08375330,2026-05-19,2026-07-26,34,369,121,69,0.492754,0.474218,0.516481,0.267936,,,,,,,,GLOBAL_BASELINE_NO_ENTITY_RANKING,,,NOT_APPLICABLE_GLOBAL_BASELINE,HF9g-P5,,,,X 全窗基线 · 不参与实体赏罚,14197233,1420,A168_HF9F_20260827_0900,2026-08-27 09:00:00
2026-06-25,145604771,1353,0,6109.6075778078,-681.6644113667,-681.6644113667,0.4545455,16,12,0.47696134431098179,0.439913150000,-0.148848286631505,0.09776826629582586,-0.148848286631505,0.03704819431098179,ELIGIBLE,R03b_20260811_FULL_v1,L1_ELIGIBILITY,v2026-08-11,2026-03-21..2026-08-06,baccarat_bet02_101_all_pairs_incl_sentinel,round_win = game_pnl > 0 (decisive only),COMPATIBILITY_ONLY_NOT_PRODUCTION,2066084.0486,1875084.4460,6650.6665,5558,3733,-0.00321897,-0.08024012,0.00351318,-0.00321897,-6650.6665,2066084.0486,OK,0.0000,266.0267,4.0000,96.0000,AG03-UNRESOLVED,ALL5_LEVELS_bet23_to_bet27,266.0267,266.0267,266.0267,332.5333,332.5333,4.000000,4.000000,4.000000,5.000000,5.000000,96.000000,96.000000,96.000000,95.000000,95.000000,5.0,1463.1466,1340.2806,5187.5199,5310.3859,PENDING_AG03,FALSE,NOT_FOR_ENFORCEMENT,6384.6399,1800081.0682,6650.6665,6384.6399,266.0267,0.00321897,0.00309021,266.0267,6384.6399,0.00309021,266.0267,266.0267,266.0267,332.5333,332.5333,6384.6399,0.00309021,1463.1466,1340.2806,5187.5199,5310.3859,0.00251080,0.00257027,0.00012876,371.7316,502.2996,1.7816,195.6078,18.0235,60767.1779,109.7941,191.9923,404.8606,67.659,338.295,676.59,676.59,676.59,679.3478,270.636,-67.659,2.0,2.008152,1.098839,13,83,54,7,0.08038074,0.00321897,0.08024012,0E-8,0.000000,0.907555,0.005578,-0.08375330,2026-05-19,2026-07-26,34,369,121,69,0.492754,0.474218,0.516481,0.267936,,,,,,,,GLOBAL_BASELINE_NO_ENTITY_RANKING,,,NOT_APPLICABLE_GLOBAL_BASELINE,HF9g-P5,,,,X 全窗基线 · 不参与实体赏罚,14197234,1420,A168_HF9F_20260827_0900,2026-08-27 09:00:00
2026-06-25,145604771,1363,0,10257.1041948578,-1596.7523680648,-1596.7523680648,0.3750000,21,16,0.48634221534091230,0.432656159375,-0.8910702164720475,-0.4654907800161308,-0.8910702164720475,0.05368605596591230,ELIGIBLE,R03b_20260811_FULL_v1,L1_ELIGIBILITY,v2026-08-11,2026-03-21..2026-08-06,baccarat_bet02_101_all_pairs_incl_sentinel,round_win = game_pnl > 0 (decisive only),COMPATIBILITY_ONLY_NOT_PRODUCTION,2066084.0486,1875084.4460,6650.6665,5558,3733,-0.00321897,-0.08024012,0.00351318,-0.00321897,-6650.6665,2066084.0486,OK,0.0000,266.0267,4.0000,96.0000,AG03-UNRESOLVED,ALL5_LEVELS_bet23_to_bet27,266.0267,266.0267,266.0267,332.5333,332.5333,4.000000,4.000000,4.000000,5.000000,5.000000,96.000000,96.000000,96.000000,95.000000,95.000000,5.0,1463.1466,1340.2806,5187.5199,5310.3859,PENDING_AG03,FALSE,NOT_FOR_ENFORCEMENT,6384.6399,1800081.0682,6650.6665,6384.6399,266.0267,0.00321897,0.00309021,266.0267,6384.6399,0.00309021,266.0267,266.0267,266.0267,332.5333,332.5333,6384.6399,0.00309021,1463.1466,1340.2806,5187.5199,5310.3859,0.00251080,0.00257027,0.00012876,371.7316,502.2996,1.7816,195.6078,18.0235,60767.1779,109.7941,191.9923,404.8606,67.659,338.295,676.59,676.59,676.59,679.3478,270.636,-67.659,2.0,2.008152,1.098839,13,83,54,7,0.08038074,0.00321897,0.08024012,0E-8,0.000000,0.907555,0.005578,-0.08375330,2026-05-19,2026-07-26,34,369,121,69,0.492754,0.474218,0.516481,0.267936,,,,,,,,GLOBAL_BASELINE_NO_ENTITY_RANKING,,,NOT_APPLICABLE_GLOBAL_BASELINE,HF9g-P5,,,,X 全窗基线 · 不参与实体赏罚,14197235,1420,A168_HF9F_20260827_0900,2026-08-27 09:00:00
2026-06-25,145604771,1383,0,12855.2097428956,-3450.6089309876,-3450.6089309876,0.3529412,28,18,0.47620308232323831,0.376053102778,-1.0175968848709984,-0.19672619945028738,-1.0175968848709984,0.10014997954523831,ELIGIBLE,R03b_20260811_FULL_v1,L1_ELIGIBILITY,v2026-08-11,2026-03-21..2026-08-06,baccarat_bet02_101_all_pairs_incl_sentinel,round_win = game_pnl > 0 (decisive only),COMPATIBILITY_ONLY_NOT_PRODUCTION,2066084.0486,1875084.4460,6650.6665,5558,3733,-0.00321897,-0.08024012,0.00351318,-0.00321897,-6650.6665,2066084.0486,OK,0.0000,266.0267,4.0000,96.0000,AG03-UNRESOLVED,ALL5_LEVELS_bet23_to_bet27,266.0267,266.0267,266.0267,332.5333,332.5333,4.000000,4.000000,4.000000,5.000000,5.000000,96.000000,96.000000,96.000000,95.000000,95.000000,5.0,1463.1466,1340.2806,5187.5199,5310.3859,PENDING_AG03,FALSE,NOT_FOR_ENFORCEMENT,6384.6399,1800081.0682,6650.6665,6384.6399,266.0267,0.00321897,0.00309021,266.0267,6384.6399,0.00309021,266.0267,266.0267,266.0267,332.5333,332.5333,6384.6399,0.00309021,1463.1466,1340.2806,5187.5199,5310.3859,0.00251080,0.00257027,0.00012876,371.7316,502.2996,1.7816,195.6078,18.0235,60767.1779,109.7941,191.9923,404.8606,67.659,338.295,676.59,676.59,676.59,679.3478,270.636,-67.659,2.0,2.008152,1.098839,13,83,54,7,0.08038074,0.00321897,0.08024012,0E-8,0.000000,0.907555,0.005578,-0.08375330,2026-05-19,2026-07-26,34,369,121,69,0.492754,0.474218,0.516481,0.267936,,,,,,,,GLOBAL_BASELINE_NO_ENTITY_RANKING,,,NOT_APPLICABLE_GLOBAL_BASELINE,HF9g-P5,,,,X 全窗基线 · 不参与实体赏罚,14197236,1420,A168_HF9F_20260827_0900,2026-08-27 09:00:00
2026-06-25,145604771,1385,0,17564.2760487141,3.3829499327,3.3829499327,0.4230769,41,27,0.47182002579966850,0.385030487037,-0.49787542946107854,0.39868170094164074,-0.49787542946107854,0.08678953876266850,ELIGIBLE,R03b_20260811_FULL_v1,L1_ELIGIBILITY,v2026-08-11,2026-03-21..2026-08-06,baccarat_bet02_101_all_pairs_incl_sentinel,round_win = game_pnl > 0 (decisive only),COMPATIBILITY_ONLY_NOT_PRODUCTION,2066084.0486,1875084.4460,6650.6665,5558,3733,-0.00321897,-0.08024012,0.00351318,-0.00321897,-6650.6665,2066084.0486,OK,0.0000,266.0267,4.0000,96.0000,AG03-UNRESOLVED,ALL5_LEVELS_bet23_to_bet27,266.0267,266.0267,266.0267,332.5333,332.5333,4.000000,4.000000,4.000000,5.000000,5.000000,96.000000,96.000000,96.000000,95.000000,95.000000,5.0,1463.1466,1340.2806,5187.5199,5310.3859,PENDING_AG03,FALSE,NOT_FOR_ENFORCEMENT,6384.6399,1800081.0682,6650.6665,6384.6399,266.0267,0.00321897,0.00309021,266.0267,6384.6399,0.00309021,266.0267,266.0267,266.0267,332.5333,332.5333,6384.6399,0.00309021,1463.1466,1340.2806,5187.5199,5310.3859,0.00251080,0.00257027,0.00012876,371.7316,502.2996,1.7816,195.6078,18.0235,60767.1779,109.7941,191.9923,404.8606,67.659,338.295,676.59,676.59,676.59,679.3478,270.636,-67.659,2.0,2.008152,1.098839,13,83,54,7,0.08038074,0.00321897,0.08024012,0E-8,0.000000,0.907555,0.005578,-0.08375330,2026-05-19,2026-07-26,34,369,121,69,0.492754,0.474218,0.516481,0.267936,,,,,,,,GLOBAL_BASELINE_NO_ENTITY_RANKING,,,NOT_APPLICABLE_GLOBAL_BASELINE,HF9g-P5,,,,X 全窗基线 · 不参与实体赏罚,14197237,1420,A168_HF9F_20260827_0900,2026-08-27 09:00:00
2026-06-25,145604771,1405,0,10757.7807848442,253.7212449257,253.7212449257,0.5000000,26,19,0.48196331555024380,0.421583000000,0.15314601858568586,0.6737277049417872,0.15314601858568586,0.06038031555024380,ELIGIBLE,R03b_20260811_FULL_v1,L1_ELIGIBILITY,v2026-08-11,2026-03-21..2026-08-06,baccarat_bet02_101_all_pairs_incl_sentinel,round_win = game_pnl > 0 (decisive only),COMPATIBILITY_ONLY_NOT_PRODUCTION,2066084.0486,1875084.4460,6650.6665,5558,3733,-0.00321897,-0.08024012,0.00351318,-0.00321897,-6650.6665,2066084.0486,OK,0.0000,266.0267,4.0000,96.0000,AG03-UNRESOLVED,ALL5_LEVELS_bet23_to_bet27,266.0267,266.0267,266.0267,332.5333,332.5333,4.000000,4.000000,4.000000,5.000000,5.000000,96.000000,96.000000,96.000000,95.000000,95.000000,5.0,1463.1466,1340.2806,5187.5199,5310.3859,PENDING_AG03,FALSE,NOT_FOR_ENFORCEMENT,6384.6399,1800081.0682,6650.6665,6384.6399,266.0267,0.00321897,0.00309021,266.0267,6384.6399,0.00309021,266.0267,266.0267,266.0267,332.5333,332.5333,6384.6399,0.00309021,1463.1466,1340.2806,5187.5199,5310.3859,0.00251080,0.00257027,0.00012876,371.7316,502.2996,1.7816,195.6078,18.0235,60767.1779,109.7941,191.9923,404.8606,67.659,338.295,676.59,676.59,676.59,679.3478,270.636,-67.659,2.0,2.008152,1.098839,13,83,54,7,0.08038074,0.00321897,0.08024012,0E-8,0.000000,0.907555,0.005578,-0.08375330,2026-05-19,2026-07-26,34,369,121,69,0.492754,0.474218,0.516481,0.267936,,,,,,,,GLOBAL_BASELINE_NO_ENTITY_RANKING,,,NOT_APPLICABLE_GLOBAL_BASELINE,HF9g-P5,,,,X 全窗基线 · 不参与实体赏罚,14197238,1420,A168_HF9F_20260827_0900,2026-08-27 09:00:00
2026-06-25,145604771,1485,0,2097.4289580514,575.1014884980,575.1014884980,0.6666667,4,3,0.48845232121212490,0.426667416667,0.6175173143881111,0.8404704731446164,0.6175173143881111,0.06178490454512490,ELIGIBLE,R03b_20260811_FULL_v1,L1_ELIGIBILITY,v2026-08-11,2026-03-21..2026-08-06,baccarat_bet02_101_all_pairs_incl_sentinel,round_win = game_pnl > 0 (decisive only),COMPATIBILITY_ONLY_NOT_PRODUCTION,2066084.0486,1875084.4460,6650.6665,5558,3733,-0.00321897,-0.08024012,0.00351318,-0.00321897,-6650.6665,2066084.0486,OK,0.0000,266.0267,4.0000,96.0000,AG03-UNRESOLVED,ALL5_LEVELS_bet23_to_bet27,266.0267,266.0267,266.0267,332.5333,332.5333,4.000000,4.000000,4.000000,5.000000,5.000000,96.000000,96.000000,96.000000,95.000000,95.000000,5.0,1463.1466,1340.2806,5187.5199,5310.3859,PENDING_AG03,FALSE,NOT_FOR_ENFORCEMENT,6384.6399,1800081.0682,6650.6665,6384.6399,266.0267,0.00321897,0.00309021,266.0267,6384.6399,0.00309021,266.0267,266.0267,266.0267,332.5333,332.5333,6384.6399,0.00309021,1463.1466,1340.2806,5187.5199,5310.3859,0.00251080,0.00257027,0.00012876,371.7316,502.2996,1.7816,195.6078,18.0235,60767.1779,109.7941,191.9923,404.8606,67.659,338.295,676.59,676.59,676.59,679.3478,270.636,-67.659,2.0,2.008152,1.098839,13,83,54,7,0.08038074,0.00321897,0.08024012,0E-8,0.000000,0.907555,0.005578,-0.08375330,2026-05-19,2026-07-26,34,369,121,69,0.492754,0.474218,0.516481,0.267936,,,,,,,,GLOBAL_BASELINE_NO_ENTITY_RANKING,,,NOT_APPLICABLE_GLOBAL_BASELINE,HF9g-P5,,,,X 全窗基线 · 不参与实体赏罚,14197239,1420,A168_HF9F_20260827_0900,2026-08-27 09:00:00
2026-06-25,145604771,1490,0,676.5899864682,-676.5899864682,-676.5899864682,0E-7,1,1,0.49324550000000000,0.493245500000,-0.9865810262130424,-0.9865810262130424,-0.9865810262130424,0E-17,ELIGIBLE,R03b_20260811_FULL_v1,L1_ELIGIBILITY,v2026-08-11,2026-03-21..2026-08-06,baccarat_bet02_101_all_pairs_incl_sentinel,round_win = game_pnl > 0 (decisive only),COMPATIBILITY_ONLY_NOT_PRODUCTION,2066084.0486,1875084.4460,6650.6665,5558,3733,-0.00321897,-0.08024012,0.00351318,-0.00321897,-6650.6665,2066084.0486,OK,0.0000,266.0267,4.0000,96.0000,AG03-UNRESOLVED,ALL5_LEVELS_bet23_to_bet27,266.0267,266.0267,266.0267,332.5333,332.5333,4.000000,4.000000,4.000000,5.000000,5.000000,96.000000,96.000000,96.000000,95.000000,95.000000,5.0,1463.1466,1340.2806,5187.5199,5310.3859,PENDING_AG03,FALSE,NOT_FOR_ENFORCEMENT,6384.6399,1800081.0682,6650.6665,6384.6399,266.0267,0.00321897,0.00309021,266.0267,6384.6399,0.00309021,266.0267,266.0267,266.0267,332.5333,332.5333,6384.6399,0.00309021,1463.1466,1340.2806,5187.5199,5310.3859,0.00251080,0.00257027,0.00012876,371.7316,502.2996,1.7816,195.6078,18.0235,60767.1779,109.7941,191.9923,404.8606,67.659,338.295,676.59,676.59,676.59,679.3478,270.636,-67.659,2.0,2.008152,1.098839,13,83,54,7,0.08038074,0.00321897,0.08024012,0E-8,0.000000,0.907555,0.005578,-0.08375330,2026-05-19,2026-07-26,34,369,121,69,0.492754,0.474218,0.516481,0.267936,,,,,,,,GLOBAL_BASELINE_NO_ENTITY_RANKING,,,NOT_APPLICABLE_GLOBAL_BASELINE,HF9g-P5,,,,X 全窗基线 · 不参与实体赏罚,14197240,1420,A168_HF9F_20260827_0900,2026-08-27 09:00:00
2026-06-25,145604771,1506,0,2841.6779431664,-202.9769959404,-202.9769959404,0.6000000,7,5,0.48138199242424816,0.417494930000,0.5308439973713327,0.8275313930673689,0.5308439973713327,0.06388706242424816,ELIGIBLE,R03b_20260811_FULL_v1,L1_ELIGIBILITY,v2026-08-11,2026-03-21..2026-08-06,baccarat_bet02_101_all_pairs_incl_sentinel,round_win = game_pnl > 0 (decisive only),COMPATIBILITY_ONLY_NOT_PRODUCTION,2066084.0486,1875084.4460,6650.6665,5558,3733,-0.00321897,-0.08024012,0.00351318,-0.00321897,-6650.6665,2066084.0486,OK,0.0000,266.0267,4.0000,96.0000,AG03-UNRESOLVED,ALL5_LEVELS_bet23_to_bet27,266.0267,266.0267,266.0267,332.5333,332.5333,4.000000,4.000000,4.000000,5.000000,5.000000,96.000000,96.000000,96.000000,95.000000,95.000000,5.0,1463.1466,1340.2806,5187.5199,5310.3859,PENDING_AG03,FALSE,NOT_FOR_ENFORCEMENT,6384.6399,1800081.0682,6650.6665,6384.6399,266.0267,0.00321897,0.00309021,266.0267,6384.6399,0.00309021,266.0267,266.0267,266.0267,332.5333,332.5333,6384.6399,0.00309021,1463.1466,1340.2806,5187.5199,5310.3859,0.00251080,0.00257027,0.00012876,371.7316,502.2996,1.7816,195.6078,18.0235,60767.1779,109.7941,191.9923,404.8606,67.659,338.295,676.59,676.59,676.59,679.3478,270.636,-67.659,2.0,2.008152,1.098839,13,83,54,7,0.08038074,0.00321897,0.08024012,0E-8,0.000000,0.907555,0.005578,-0.08375330,2026-05-19,2026-07-26,34,369,121,69,0.492754,0.474218,0.516481,0.267936,,,,,,,,GLOBAL_BASELINE_NO_ENTITY_RANKING,,,NOT_APPLICABLE_GLOBAL_BASELINE,HF9g-P5,,,,X 全窗基线 · 不参与实体赏罚,14197241,1420,A168_HF9F_20260827_0900,2026-08-27 09:00:00
2026-06-25,145604771,1645,0,1082.5439783491,507.4424898511,507.4424898511,0.6666667,3,3,0.49771390000000000,0.497713900000,0.5852756695216578,0.5852756695216578,0.5852756695216578,0E-17,ELIGIBLE,R03b_20260811_FULL_v1,L1_ELIGIBILITY,v2026-08-11,2026-03-21..2026-08-06,baccarat_bet02_101_all_pairs_incl_sentinel,round_win = game_pnl > 0 (decisive only),COMPATIBILITY_ONLY_NOT_PRODUCTION,2066084.0486,1875084.4460,6650.6665,5558,3733,-0.00321897,-0.08024012,0.00351318,-0.00321897,-6650.6665,2066084.0486,OK,0.0000,266.0267,4.0000,96.0000,AG03-UNRESOLVED,ALL5_LEVELS_bet23_to_bet27,266.0267,266.0267,266.0267,332.5333,332.5333,4.000000,4.000000,4.000000,5.000000,5.000000,96.000000,96.000000,96.000000,95.000000,95.000000,5.0,1463.1466,1340.2806,5187.5199,5310.3859,PENDING_AG03,FALSE,NOT_FOR_ENFORCEMENT,6384.6399,1800081.0682,6650.6665,6384.6399,266.0267,0.00321897,0.00309021,266.0267,6384.6399,0.00309021,266.0267,266.0267,266.0267,332.5333,332.5333,6384.6399,0.00309021,1463.1466,1340.2806,5187.5199,5310.3859,0.00251080,0.00257027,0.00012876,371.7316,502.2996,1.7816,195.6078,18.0235,60767.1779,109.7941,191.9923,404.8606,67.659,338.295,676.59,676.59,676.59,679.3478,270.636,-67.659,2.0,2.008152,1.098839,13,83,54,7,0.08038074,0.00321897,0.08024012,0E-8,0.000000,0.907555,0.005578,-0.08375330,2026-05-19,2026-07-26,34,369,121,69,0.492754,0.474218,0.516481,0.267936,,,,,,,,GLOBAL_BASELINE_NO_ENTITY_RANKING,,,NOT_APPLICABLE_GLOBAL_BASELINE,HF9g-P5,,,,X 全窗基线 · 不参与实体赏罚,14197242,1420,A168_HF9F_20260827_0900,2026-08-27 09:00:00
2026-06-25,145604771,1654,0,17388.3626522326,608.9309878216,608.9309878216,0.4782609,36,25,0.48161164898182307,0.406093150000,-0.032161303963706436,0.7047497023173623,-0.032161303963706436,0.07551849898182307,ELIGIBLE,R03b_20260811_FULL_v1,L1_ELIGIBILITY,v2026-08-11,2026-03-21..2026-08-06,baccarat_bet02_101_all_pairs_incl_sentinel,round_win = game_pnl > 0 (decisive only),COMPATIBILITY_ONLY_NOT_PRODUCTION,2066084.0486,1875084.4460,6650.6665,5558,3733,-0.00321897,-0.08024012,0.00351318,-0.00321897,-6650.6665,2066084.0486,OK,0.0000,266.0267,4.0000,96.0000,AG03-UNRESOLVED,ALL5_LEVELS_bet23_to_bet27,266.0267,266.0267,266.0267,332.5333,332.5333,4.000000,4.000000,4.000000,5.000000,5.000000,96.000000,96.000000,96.000000,95.000000,95.000000,5.0,1463.1466,1340.2806,5187.5199,5310.3859,PENDING_AG03,FALSE,NOT_FOR_ENFORCEMENT,6384.6399,1800081.0682,6650.6665,6384.6399,266.0267,0.00321897,0.00309021,266.0267,6384.6399,0.00309021,266.0267,266.0267,266.0267,332.5333,332.5333,6384.6399,0.00309021,1463.1466,1340.2806,5187.5199,5310.3859,0.00251080,0.00257027,0.00012876,371.7316,502.2996,1.7816,195.6078,18.0235,60767.1779,109.7941,191.9923,404.8606,67.659,338.295,676.59,676.59,676.59,679.3478,270.636,-67.659,2.0,2.008152,1.098839,13,83,54,7,0.08038074,0.00321897,0.08024012,0E-8,0.000000,0.907555,0.005578,-0.08375330,2026-05-19,2026-07-26,34,369,121,69,0.492754,0.474218,0.516481,0.267936,,,,,,,,GLOBAL_BASELINE_NO_ENTITY_RANKING,,,NOT_APPLICABLE_GLOBAL_BASELINE,HF9g-P5,,,,X 全窗基线 · 不参与实体赏罚,14197243,1420,A168_HF9F_20260827_0900,2026-08-27 09:00:00
2026-06-25,145604771,1702,0,338.2949932341,321.3802435724,321.3802435724,1.0000000,1,1,0.50665070000000000,0.506650700000,0.9867858985152569,0.9867858985152569,0.9867858985152569,0E-17,ELIGIBLE,R03b_20260811_FULL_v1,L1_ELIGIBILITY,v2026-08-11,2026-03-21..2026-08-06,baccarat_bet02_101_all_pairs_incl_sentinel,round_win = game_pnl > 0 (decisive only),COMPATIBILITY_ONLY_NOT_PRODUCTION,2066084.0486,1875084.4460,6650.6665,5558,3733,-0.00321897,-0.08024012,0.00351318,-0.00321897,-6650.6665,2066084.0486,OK,0.0000,266.0267,4.0000,96.0000,AG03-UNRESOLVED,ALL5_LEVELS_bet23_to_bet27,266.0267,266.0267,266.0267,332.5333,332.5333,4.000000,4.000000,4.000000,5.000000,5.000000,96.000000,96.000000,96.000000,95.000000,95.000000,5.0,1463.1466,1340.2806,5187.5199,5310.3859,PENDING_AG03,FALSE,NOT_FOR_ENFORCEMENT,6384.6399,1800081.0682,6650.6665,6384.6399,266.0267,0.00321897,0.00309021,266.0267,6384.6399,0.00309021,266.0267,266.0267,266.0267,332.5333,332.5333,6384.6399,0.00309021,1463.1466,1340.2806,5187.5199,5310.3859,0.00251080,0.00257027,0.00012876,371.7316,502.2996,1.7816,195.6078,18.0235,60767.1779,109.7941,191.9923,404.8606,67.659,338.295,676.59,676.59,676.59,679.3478,270.636,-67.659,2.0,2.008152,1.098839,13,83,54,7,0.08038074,0.00321897,0.08024012,0E-8,0.000000,0.907555,0.005578,-0.08375330,2026-05-19,2026-07-26,34,369,121,69,0.492754,0.474218,0.516481,0.267936,,,,,,,,GLOBAL_BASELINE_NO_ENTITY_RANKING,,,NOT_APPLICABLE_GLOBAL_BASELINE,HF9g-P5,,,,X 全窗基线 · 不参与实体赏罚,14197244,1420,A168_HF9F_20260827_0900,2026-08-27 09:00:00
2026-06-25,145604771,1704,0,7848.4438430311,-2094.0460081190,-2094.0460081190,0.3000000,17,12,0.48300484404882643,0.412459712500,-1.1580934500158535,-0.7224160327881933,-1.1580934500158535,0.07054513154882643,ELIGIBLE,R03b_20260811_FULL_v1,L1_ELIGIBILITY,v2026-08-11,2026-03-21..2026-08-06,baccarat_bet02_101_all_pairs_incl_sentinel,round_win = game_pnl > 0 (decisive only),COMPATIBILITY_ONLY_NOT_PRODUCTION,2066084.0486,1875084.4460,6650.6665,5558,3733,-0.00321897,-0.08024012,0.00351318,-0.00321897,-6650.6665,2066084.0486,OK,0.0000,266.0267,4.0000,96.0000,AG03-UNRESOLVED,ALL5_LEVELS_bet23_to_bet27,266.0267,266.0267,266.0267,332.5333,332.5333,4.000000,4.000000,4.000000,5.000000,5.000000,96.000000,96.000000,96.000000,95.000000,95.000000,5.0,1463.1466,1340.2806,5187.5199,5310.3859,PENDING_AG03,FALSE,NOT_FOR_ENFORCEMENT,6384.6399,1800081.0682,6650.6665,6384.6399,266.0267,0.00321897,0.00309021,266.0267,6384.6399,0.00309021,266.0267,266.0267,266.0267,332.5333,332.5333,6384.6399,0.00309021,1463.1466,1340.2806,5187.5199,5310.3859,0.00251080,0.00257027,0.00012876,371.7316,502.2996,1.7816,195.6078,18.0235,60767.1779,109.7941,191.9923,404.8606,67.659,338.295,676.59,676.59,676.59,679.3478,270.636,-67.659,2.0,2.008152,1.098839,13,83,54,7,0.08038074,0.00321897,0.08024012,0E-8,0.000000,0.907555,0.005578,-0.08375330,2026-05-19,2026-07-26,34,369,121,69,0.492754,0.474218,0.516481,0.267936,,,,,,,,GLOBAL_BASELINE_NO_ENTITY_RANKING,,,NOT_APPLICABLE_GLOBAL_BASELINE,HF9g-P5,,,,X 全窗基线 · 不参与实体赏罚,14197245,1420,A168_HF9F_20260827_0900,2026-08-27 09:00:00
2026-06-25,145604771,1710,0,6156.9688768606,1522.3274695535,1522.3274695535,0.5000000,12,9,0.48589456767677138,0.428291961111,0.07982414523909905,0.4098790565632521,0.07982414523909905,0.05760260656577138,ELIGIBLE,R03b_20260811_FULL_v1,L1_ELIGIBILITY,v2026-08-11,2026-03-21..2026-08-06,baccarat_bet02_101_all_pairs_incl_sentinel,round_win = game_pnl > 0 (decisive only),COMPATIBILITY_ONLY_NOT_PRODUCTION,2066084.0486,1875084.4460,6650.6665,5558,3733,-0.00321897,-0.08024012,0.00351318,-0.00321897,-6650.6665,2066084.0486,OK,0.0000,266.0267,4.0000,96.0000,AG03-UNRESOLVED,ALL5_LEVELS_bet23_to_bet27,266.0267,266.0267,266.0267,332.5333,332.5333,4.000000,4.000000,4.000000,5.000000,5.000000,96.000000,96.000000,96.000000,95.000000,95.000000,5.0,1463.1466,1340.2806,5187.5199,5310.3859,PENDING_AG03,FALSE,NOT_FOR_ENFORCEMENT,6384.6399,1800081.0682,6650.6665,6384.6399,266.0267,0.00321897,0.00309021,266.0267,6384.6399,0.00309021,266.0267,266.0267,266.0267,332.5333,332.5333,6384.6399,0.00309021,1463.1466,1340.2806,5187.5199,5310.3859,0.00251080,0.00257027,0.00012876,371.7316,502.2996,1.7816,195.6078,18.0235,60767.1779,109.7941,191.9923,404.8606,67.659,338.295,676.59,676.59,676.59,679.3478,270.636,-67.659,2.0,2.008152,1.098839,13,83,54,7,0.08038074,0.00321897,0.08024012,0E-8,0.000000,0.907555,0.005578,-0.08375330,2026-05-19,2026-07-26,34,369,121,69,0.492754,0.474218,0.516481,0.267936,,,,,,,,GLOBAL_BASELINE_NO_ENTITY_RANKING,,,NOT_APPLICABLE_GLOBAL_BASELINE,HF9g-P5,,,,X 全窗基线 · 不参与实体赏罚,14197246,1420,A168_HF9F_20260827_0900,2026-08-27 09:00:00
2026-06-25,145604771,1941,0,3247.6319350473,-2571.0419485791,-2571.0419485791,0.2000000,8,5,0.47637239575758140,0.398439806667,-1.2373572433864715,-0.9063436408057599,-1.2373572433864715,0.07793258909058140,ELIGIBLE,R03b_20260811_FULL_v1,L1_ELIGIBILITY,v2026-08-11,2026-03-21..2026-08-06,baccarat_bet02_101_all_pairs_incl_sentinel,round_win = game_pnl > 0 (decisive only),COMPATIBILITY_ONLY_NOT_PRODUCTION,2066084.0486,1875084.4460,6650.6665,5558,3733,-0.00321897,-0.08024012,0.00351318,-0.00321897,-6650.6665,2066084.0486,OK,0.0000,266.0267,4.0000,96.0000,AG03-UNRESOLVED,ALL5_LEVELS_bet23_to_bet27,266.0267,266.0267,266.0267,332.5333,332.5333,4.000000,4.000000,4.000000,5.000000,5.000000,96.000000,96.000000,96.000000,95.000000,95.000000,5.0,1463.1466,1340.2806,5187.5199,5310.3859,PENDING_AG03,FALSE,NOT_FOR_ENFORCEMENT,6384.6399,1800081.0682,6650.6665,6384.6399,266.0267,0.00321897,0.00309021,266.0267,6384.6399,0.00309021,266.0267,266.0267,266.0267,332.5333,332.5333,6384.6399,0.00309021,1463.1466,1340.2806,5187.5199,5310.3859,0.00251080,0.00257027,0.00012876,371.7316,502.2996,1.7816,195.6078,18.0235,60767.1779,109.7941,191.9923,404.8606,67.659,338.295,676.59,676.59,676.59,679.3478,270.636,-67.659,2.0,2.008152,1.098839,13,83,54,7,0.08038074,0.00321897,0.08024012,0E-8,0.000000,0.907555,0.005578,-0.08375330,2026-05-19,2026-07-26,34,369,121,69,0.492754,0.474218,0.516481,0.267936,,,,,,,,GLOBAL_BASELINE_NO_ENTITY_RANKING,,,NOT_APPLICABLE_GLOBAL_BASELINE,HF9g-P5,,,,X 全窗基线 · 不参与实体赏罚,14197247,1420,A168_HF9F_20260827_0900,2026-08-27 09:00:00
2026-06-25,145604771,1990,0,13457.3748308522,-1353.1799729361,-1353.1799729361,0.4285714,34,21,0.47336364090909816,0.366582445238,-0.4111111848203338,0.5895128571728822,-0.4111111848203338,0.10678119567109816,ELIGIBLE,R03b_20260811_FULL_v1,L1_ELIGIBILITY,v2026-08-11,2026-03-21..2026-08-06,baccarat_bet02_101_all_pairs_incl_sentinel,round_win = game_pnl > 0 (decisive only),COMPATIBILITY_ONLY_NOT_PRODUCTION,2066084.0486,1875084.4460,6650.6665,5558,3733,-0.00321897,-0.08024012,0.00351318,-0.00321897,-6650.6665,2066084.0486,OK,0.0000,266.0267,4.0000,96.0000,AG03-UNRESOLVED,ALL5_LEVELS_bet23_to_bet27,266.0267,266.0267,266.0267,332.5333,332.5333,4.000000,4.000000,4.000000,5.000000,5.000000,96.000000,96.000000,96.000000,95.000000,95.000000,5.0,1463.1466,1340.2806,5187.5199,5310.3859,PENDING_AG03,FALSE,NOT_FOR_ENFORCEMENT,6384.6399,1800081.0682,6650.6665,6384.6399,266.0267,0.00321897,0.00309021,266.0267,6384.6399,0.00309021,266.0267,266.0267,266.0267,332.5333,332.5333,6384.6399,0.00309021,1463.1466,1340.2806,5187.5199,5310.3859,0.00251080,0.00257027,0.00012876,371.7316,502.2996,1.7816,195.6078,18.0235,60767.1779,109.7941,191.9923,404.8606,67.659,338.295,676.59,676.59,676.59,679.3478,270.636,-67.659,2.0,2.008152,1.098839,13,83,54,7,0.08038074,0.00321897,0.08024012,0E-8,0.000000,0.907555,0.005578,-0.08375330,2026-05-19,2026-07-26,34,369,121,69,0.492754,0.474218,0.516481,0.267936,,,,,,,,GLOBAL_BASELINE_NO_ENTITY_RANKING,,,NOT_APPLICABLE_GLOBAL_BASELINE,HF9g-P5,,,,X 全窗基线 · 不参与实体赏罚,14197248,1420,A168_HF9F_20260827_0900,2026-08-27 09:00:00
2026-06-25,145604771,2106,0,14059.5399188090,-1356.5629228686,-1356.5629228686,0.3500000,33,21,0.47435878857018898,0.378512869048,-1.113764320624932,-0.2629054096334916,-1.113764320624932,0.09584591952218898,ELIGIBLE,R03b_20260811_FULL_v1,L1_ELIGIBILITY,v2026-08-11,2026-03-21..2026-08-06,baccarat_bet02_101_all_pairs_incl_sentinel,round_win = game_pnl > 0 (decisive only),COMPATIBILITY_ONLY_NOT_PRODUCTION,2066084.0486,1875084.4460,6650.6665,5558,3733,-0.00321897,-0.08024012,0.00351318,-0.00321897,-6650.6665,2066084.0486,OK,0.0000,266.0267,4.0000,96.0000,AG03-UNRESOLVED,ALL5_LEVELS_bet23_to_bet27,266.0267,266.0267,266.0267,332.5333,332.5333,4.000000,4.000000,4.000000,5.000000,5.000000,96.000000,96.000000,96.000000,95.000000,95.000000,5.0,1463.1466,1340.2806,5187.5199,5310.3859,PENDING_AG03,FALSE,NOT_FOR_ENFORCEMENT,6384.6399,1800081.0682,6650.6665,6384.6399,266.0267,0.00321897,0.00309021,266.0267,6384.6399,0.00309021,266.0267,266.0267,266.0267,332.5333,332.5333,6384.6399,0.00309021,1463.1466,1340.2806,5187.5199,5310.3859,0.00251080,0.00257027,0.00012876,371.7316,502.2996,1.7816,195.6078,18.0235,60767.1779,109.7941,191.9923,404.8606,67.659,338.295,676.59,676.59,676.59,679.3478,270.636,-67.659,2.0,2.008152,1.098839,13,83,54,7,0.08038074,0.00321897,0.08024012,0E-8,0.000000,0.907555,0.005578,-0.08375330,2026-05-19,2026-07-26,34,369,121,69,0.492754,0.474218,0.516481,0.267936,,,,,,,,GLOBAL_BASELINE_NO_ENTITY_RANKING,,,NOT_APPLICABLE_GLOBAL_BASELINE,HF9g-P5,,,,X 全窗基线 · 不参与实体赏罚,14197249,1420,A168_HF9F_20260827_0900,2026-08-27 09:00:00
2026-06-25,145604771,2108,0,1014.8849797023,304.4654939107,304.4654939107,0.6666667,3,3,0.50665070000000000,0.506650700000,0.5543606114942035,0.5543606114942035,0.5543606114942035,0E-17,ELIGIBLE,R03b_20260811_FULL_v1,L1_ELIGIBILITY,v2026-08-11,2026-03-21..2026-08-06,baccarat_bet02_101_all_pairs_incl_sentinel,round_win = game_pnl > 0 (decisive only),COMPATIBILITY_ONLY_NOT_PRODUCTION,2066084.0486,1875084.4460,6650.6665,5558,3733,-0.00321897,-0.08024012,0.00351318,-0.00321897,-6650.6665,2066084.0486,OK,0.0000,266.0267,4.0000,96.0000,AG03-UNRESOLVED,ALL5_LEVELS_bet23_to_bet27,266.0267,266.0267,266.0267,332.5333,332.5333,4.000000,4.000000,4.000000,5.000000,5.000000,96.000000,96.000000,96.000000,95.000000,95.000000,5.0,1463.1466,1340.2806,5187.5199,5310.3859,PENDING_AG03,FALSE,NOT_FOR_ENFORCEMENT,6384.6399,1800081.0682,6650.6665,6384.6399,266.0267,0.00321897,0.00309021,266.0267,6384.6399,0.00309021,266.0267,266.0267,266.0267,332.5333,332.5333,6384.6399,0.00309021,1463.1466,1340.2806,5187.5199,5310.3859,0.00251080,0.00257027,0.00012876,371.7316,502.2996,1.7816,195.6078,18.0235,60767.1779,109.7941,191.9923,404.8606,67.659,338.295,676.59,676.59,676.59,679.3478,270.636,-67.659,2.0,2.008152,1.098839,13,83,54,7,0.08038074,0.00321897,0.08024012,0E-8,0.000000,0.907555,0.005578,-0.08375330,2026-05-19,2026-07-26,34,369,121,69,0.492754,0.474218,0.516481,0.267936,,,,,,,,GLOBAL_BASELINE_NO_ENTITY_RANKING,,,NOT_APPLICABLE_GLOBAL_BASELINE,HF9g-P5,,,,X 全窗基线 · 不参与实体赏罚,14197250,1420,A168_HF9F_20260827_0900,2026-08-27 09:00:00
2026-06-25,145604771,2121,0,21691.4749661701,-676.5899864676,-676.5899864676,0.4838710,55,33,0.47221359492326635,0.354512796970,0.1300119254665119,1.5056184774108246,0.1300119254665119,0.11770079795326635,ELIGIBLE,R03b_20260811_FULL_v1,L1_ELIGIBILITY,v2026-08-11,2026-03-21..2026-08-06,baccarat_bet02_101_all_pairs_incl_sentinel,round_win = game_pnl > 0 (decisive only),COMPATIBILITY_ONLY_NOT_PRODUCTION,2066084.0486,1875084.4460,6650.6665,5558,3733,-0.00321897,-0.08024012,0.00351318,-0.00321897,-6650.6665,2066084.0486,OK,0.0000,266.0267,4.0000,96.0000,AG03-UNRESOLVED,ALL5_LEVELS_bet23_to_bet27,266.0267,266.0267,266.0267,332.5333,332.5333,4.000000,4.000000,4.000000,5.000000,5.000000,96.000000,96.000000,96.000000,95.000000,95.000000,5.0,1463.1466,1340.2806,5187.5199,5310.3859,PENDING_AG03,FALSE,NOT_FOR_ENFORCEMENT,6384.6399,1800081.0682,6650.6665,6384.6399,266.0267,0.00321897,0.00309021,266.0267,6384.6399,0.00309021,266.0267,266.0267,266.0267,332.5333,332.5333,6384.6399,0.00309021,1463.1466,1340.2806,5187.5199,5310.3859,0.00251080,0.00257027,0.00012876,371.7316,502.2996,1.7816,195.6078,18.0235,60767.1779,109.7941,191.9923,404.8606,67.659,338.295,676.59,676.59,676.59,679.3478,270.636,-67.659,2.0,2.008152,1.098839,13,83,54,7,0.08038074,0.00321897,0.08024012,0E-8,0.000000,0.907555,0.005578,-0.08375330,2026-05-19,2026-07-26,34,369,121,69,0.492754,0.474218,0.516481,0.267936,,,,,,,,GLOBAL_BASELINE_NO_ENTITY_RANKING,,,NOT_APPLICABLE_GLOBAL_BASELINE,HF9g-P5,,,,X 全窗基线 · 不参与实体赏罚,14197251,1420,A168_HF9F_20260827_0900,2026-08-27 09:00:00
2026-06-25,145604771,2127,0,7442.4898511501,-67.6589986467,-67.6589986467,0.5454545,17,11,0.47752430305785721,0.381418686364,0.4510541886506876,1.1200457404022426,0.4510541886506876,0.09610561669385721,ELIGIBLE,R03b_20260811_FULL_v1,L1_ELIGIBILITY,v2026-08-11,2026-03-21..2026-08-06,baccarat_bet02_101_all_pairs_incl_sentinel,round_win = game_pnl > 0 (decisive only),COMPATIBILITY_ONLY_NOT_PRODUCTION,2066084.0486,1875084.4460,6650.6665,5558,3733,-0.00321897,-0.08024012,0.00351318,-0.00321897,-6650.6665,2066084.0486,OK,0.0000,266.0267,4.0000,96.0000,AG03-UNRESOLVED,ALL5_LEVELS_bet23_to_bet27,266.0267,266.0267,266.0267,332.5333,332.5333,4.000000,4.000000,4.000000,5.000000,5.000000,96.000000,96.000000,96.000000,95.000000,95.000000,5.0,1463.1466,1340.2806,5187.5199,5310.3859,PENDING_AG03,FALSE,NOT_FOR_ENFORCEMENT,6384.6399,1800081.0682,6650.6665,6384.6399,266.0267,0.00321897,0.00309021,266.0267,6384.6399,0.00309021,266.0267,266.0267,266.0267,332.5333,332.5333,6384.6399,0.00309021,1463.1466,1340.2806,5187.5199,5310.3859,0.00251080,0.00257027,0.00012876,371.7316,502.2996,1.7816,195.6078,18.0235,60767.1779,109.7941,191.9923,404.8606,67.659,338.295,676.59,676.59,676.59,679.3478,270.636,-67.659,2.0,2.008152,1.098839,13,83,54,7,0.08038074,0.00321897,0.08024012,0E-8,0.000000,0.907555,0.005578,-0.08375330,2026-05-19,2026-07-26,34,369,121,69,0.492754,0.474218,0.516481,0.267936,,,,,,,,GLOBAL_BASELINE_NO_ENTITY_RANKING,,,NOT_APPLICABLE_GLOBAL_BASELINE,HF9g-P5,,,,X 全窗基线 · 不参与实体赏罚,14197252,1420,A168_HF9F_20260827_0900,2026-08-27 09:00:00
2026-06-25,145604771,2129,0,676.5899864682,-676.5899864682,-676.5899864682,0E-7,1,1,0.50665070000000000,0.506650700000,-1.013391052207602,-1.013391052207602,-1.013391052207602,0E-17,ELIGIBLE,R03b_20260811_FULL_v1,L1_ELIGIBILITY,v2026-08-11,2026-03-21..2026-08-06,baccarat_bet02_101_all_pairs_incl_sentinel,round_win = game_pnl > 0 (decisive only),COMPATIBILITY_ONLY_NOT_PRODUCTION,2066084.0486,1875084.4460,6650.6665,5558,3733,-0.00321897,-0.08024012,0.00351318,-0.00321897,-6650.6665,2066084.0486,OK,0.0000,266.0267,4.0000,96.0000,AG03-UNRESOLVED,ALL5_LEVELS_bet23_to_bet27,266.0267,266.0267,266.0267,332.5333,332.5333,4.000000,4.000000,4.000000,5.000000,5.000000,96.000000,96.000000,96.000000,95.000000,95.000000,5.0,1463.1466,1340.2806,5187.5199,5310.3859,PENDING_AG03,FALSE,NOT_FOR_ENFORCEMENT,6384.6399,1800081.0682,6650.6665,6384.6399,266.0267,0.00321897,0.00309021,266.0267,6384.6399,0.00309021,266.0267,266.0267,266.0267,332.5333,332.5333,6384.6399,0.00309021,1463.1466,1340.2806,5187.5199,5310.3859,0.00251080,0.00257027,0.00012876,371.7316,502.2996,1.7816,195.6078,18.0235,60767.1779,109.7941,191.9923,404.8606,67.659,338.295,676.59,676.59,676.59,679.3478,270.636,-67.659,2.0,2.008152,1.098839,13,83,54,7,0.08038074,0.00321897,0.08024012,0E-8,0.000000,0.907555,0.005578,-0.08375330,2026-05-19,2026-07-26,34,369,121,69,0.492754,0.474218,0.516481,0.267936,,,,,,,,GLOBAL_BASELINE_NO_ENTITY_RANKING,,,NOT_APPLICABLE_GLOBAL_BASELINE,HF9g-P5,,,,X 全窗基线 · 不参与实体赏罚,14197253,1420,A168_HF9F_20260827_0900,2026-08-27 09:00:00
2026-06-25,145604771,2167,0,24966.1705006762,10690.1217861980,10690.1217861980,0.7352941,54,35,0.47804202857143441,0.380326470000,3.0029462661957536,4.263521743453117,3.0029462661957536,0.09771555857143441,ELIGIBLE,R03b_20260811_FULL_v1,L1_ELIGIBILITY,v2026-08-11,2026-03-21..2026-08-06,baccarat_bet02_101_all_pairs_incl_sentinel,round_win = game_pnl > 0 (decisive only),COMPATIBILITY_ONLY_NOT_PRODUCTION,2066084.0486,1875084.4460,6650.6665,5558,3733,-0.00321897,-0.08024012,0.00351318,-0.00321897,-6650.6665,2066084.0486,OK,0.0000,266.0267,4.0000,96.0000,AG03-UNRESOLVED,ALL5_LEVELS_bet23_to_bet27,266.0267,266.0267,266.0267,332.5333,332.5333,4.000000,4.000000,4.000000,5.000000,5.000000,96.000000,96.000000,96.000000,95.000000,95.000000,5.0,1463.1466,1340.2806,5187.5199,5310.3859,PENDING_AG03,FALSE,NOT_FOR_ENFORCEMENT,6384.6399,1800081.0682,6650.6665,6384.6399,266.0267,0.00321897,0.00309021,266.0267,6384.6399,0.00309021,266.0267,266.0267,266.0267,332.5333,332.5333,6384.6399,0.00309021,1463.1466,1340.2806,5187.5199,5310.3859,0.00251080,0.00257027,0.00012876,371.7316,502.2996,1.7816,195.6078,18.0235,60767.1779,109.7941,191.9923,404.8606,67.659,338.295,676.59,676.59,676.59,679.3478,270.636,-67.659,2.0,2.008152,1.098839,13,83,54,7,0.08038074,0.00321897,0.08024012,0E-8,0.000000,0.907555,0.005578,-0.08375330,2026-05-19,2026-07-26,34,369,121,69,0.492754,0.474218,0.516481,0.267936,,,,,,,,GLOBAL_BASELINE_NO_ENTITY_RANKING,,,NOT_APPLICABLE_GLOBAL_BASELINE,HF9g-P5,,,,X 全窗基线 · 不参与实体赏罚,14197254,1420,A168_HF9F_20260827_0900,2026-08-27 09:00:00
2026-06-25,145604771,2261,0,9539.9188092016,2537.2124492558,2537.2124492558,0.6428571,15,14,0.49604844740259819,0.482808825000,1.0986499904453249,1.1984004931362358,1.0986499904453249,0.01323962240259819,ELIGIBLE,R03b_20260811_FULL_v1,L1_ELIGIBILITY,v2026-08-11,2026-03-21..2026-08-06,baccarat_bet02_101_all_pairs_incl_sentinel,round_win = game_pnl > 0 (decisive only),COMPATIBILITY_ONLY_NOT_PRODUCTION,2066084.0486,1875084.4460,6650.6665,5558,3733,-0.00321897,-0.08024012,0.00351318,-0.00321897,-6650.6665,2066084.0486,OK,0.0000,266.0267,4.0000,96.0000,AG03-UNRESOLVED,ALL5_LEVELS_bet23_to_bet27,266.0267,266.0267,266.0267,332.5333,332.5333,4.000000,4.000000,4.000000,5.000000,5.000000,96.000000,96.000000,96.000000,95.000000,95.000000,5.0,1463.1466,1340.2806,5187.5199,5310.3859,PENDING_AG03,FALSE,NOT_FOR_ENFORCEMENT,6384.6399,1800081.0682,6650.6665,6384.6399,266.0267,0.00321897,0.00309021,266.0267,6384.6399,0.00309021,266.0267,266.0267,266.0267,332.5333,332.5333,6384.6399,0.00309021,1463.1466,1340.2806,5187.5199,5310.3859,0.00251080,0.00257027,0.00012876,371.7316,502.2996,1.7816,195.6078,18.0235,60767.1779,109.7941,191.9923,404.8606,67.659,338.295,676.59,676.59,676.59,679.3478,270.636,-67.659,2.0,2.008152,1.098839,13,83,54,7,0.08038074,0.00321897,0.08024012,0E-8,0.000000,0.907555,0.005578,-0.08375330,2026-05-19,2026-07-26,34,369,121,69,0.492754,0.474218,0.516481,0.267936,,,,,,,,GLOBAL_BASELINE_NO_ENTITY_RANKING,,,NOT_APPLICABLE_GLOBAL_BASELINE,HF9g-P5,,,,X 全窗基线 · 不参与实体赏罚,14197255,1420,A168_HF9F_20260827_0900,2026-08-27 09:00:00
2026-06-25,145604771,2271,0,5886.3328822732,619.0798376185,619.0798376185,0.6000000,15,10,0.46568995045455043,0.390818905000,0.851458342430416,1.3556932748636397,0.851458342430416,0.07487104545455043,ELIGIBLE,R03b_20260811_FULL_v1,L1_ELIGIBILITY,v2026-08-11,2026-03-21..2026-08-06,baccarat_bet02_101_all_pairs_incl_sentinel,round_win = game_pnl > 0 (decisive only),COMPATIBILITY_ONLY_NOT_PRODUCTION,2066084.0486,1875084.4460,6650.6665,5558,3733,-0.00321897,-0.08024012,0.00351318,-0.00321897,-6650.6665,2066084.0486,OK,0.0000,266.0267,4.0000,96.0000,AG03-UNRESOLVED,ALL5_LEVELS_bet23_to_bet27,266.0267,266.0267,266.0267,332.5333,332.5333,4.000000,4.000000,4.000000,5.000000,5.000000,96.000000,96.000000,96.000000,95.000000,95.000000,5.0,1463.1466,1340.2806,5187.5199,5310.3859,PENDING_AG03,FALSE,NOT_FOR_ENFORCEMENT,6384.6399,1800081.0682,6650.6665,6384.6399,266.0267,0.00321897,0.00309021,266.0267,6384.6399,0.00309021,266.0267,266.0267,266.0267,332.5333,332.5333,6384.6399,0.00309021,1463.1466,1340.2806,5187.5199,5310.3859,0.00251080,0.00257027,0.00012876,371.7316,502.2996,1.7816,195.6078,18.0235,60767.1779,109.7941,191.9923,404.8606,67.659,338.295,676.59,676.59,676.59,679.3478,270.636,-67.659,2.0,2.008152,1.098839,13,83,54,7,0.08038074,0.00321897,0.08024012,0E-8,0.000000,0.907555,0.005578,-0.08375330,2026-05-19,2026-07-26,34,369,121,69,0.492754,0.474218,0.516481,0.267936,,,,,,,,GLOBAL_BASELINE_NO_ENTITY_RANKING,,,NOT_APPLICABLE_GLOBAL_BASELINE,HF9g-P5,,,,X 全窗基线 · 不参与实体赏罚,14197256,1420,A168_HF9F_20260827_0900,2026-08-27 09:00:00
2026-06-25,145604771,462,0,7104.1948579160,-2368.0649526386,-2368.0649526386,0.2727273,14,11,0.48878996859504416,0.441320350000,-1.4335581276625566,-1.1261018635533002,-1.4335581276625566,0.04746961859504416,ELIGIBLE,R03b_20260811_FULL_v1,L1_ELIGIBILITY,v2026-08-11,2026-03-21..2026-08-06,baccarat_bet02_101_all_pairs_incl_sentinel,round_win = game_pnl > 0 (decisive only),COMPATIBILITY_ONLY_NOT_PRODUCTION,2066084.0486,1875084.4460,6650.6665,5558,3733,-0.00321897,-0.08024012,0.00351318,-0.00321897,-6650.6665,2066084.0486,OK,0.0000,266.0267,4.0000,96.0000,AG03-UNRESOLVED,ALL5_LEVELS_bet23_to_bet27,266.0267,266.0267,266.0267,332.5333,332.5333,4.000000,4.000000,4.000000,5.000000,5.000000,96.000000,96.000000,96.000000,95.000000,95.000000,5.0,1463.1466,1340.2806,5187.5199,5310.3859,PENDING_AG03,FALSE,NOT_FOR_ENFORCEMENT,6384.6399,1800081.0682,6650.6665,6384.6399,266.0267,0.00321897,0.00309021,266.0267,6384.6399,0.00309021,266.0267,266.0267,266.0267,332.5333,332.5333,6384.6399,0.00309021,1463.1466,1340.2806,5187.5199,5310.3859,0.00251080,0.00257027,0.00012876,371.7316,502.2996,1.7816,195.6078,18.0235,60767.1779,109.7941,191.9923,404.8606,67.659,338.295,676.59,676.59,676.59,679.3478,270.636,-67.659,2.0,2.008152,1.098839,13,83,54,7,0.08038074,0.00321897,0.08024012,0E-8,0.000000,0.907555,0.005578,-0.08375330,2026-05-19,2026-07-26,34,369,121,69,0.492754,0.474218,0.516481,0.267936,,,,,,,,GLOBAL_BASELINE_NO_ENTITY_RANKING,,,NOT_APPLICABLE_GLOBAL_BASELINE,HF9g-P5,,,,X 全窗基线 · 不参与实体赏罚,14197257,1420,A168_HF9F_20260827_0900,2026-08-27 09:00:00
2026-06-25,145604771,550,0,7834.9120433017,-1451.2855209742,-1451.2855209742,0.4166667,19,12,0.47197249185606938,0.374093066667,-0.38377341077085003,0.30477987575183263,-0.38377341077085003,0.09787942518906938,ELIGIBLE,R03b_20260811_FULL_v1,L1_ELIGIBILITY,v2026-08-11,2026-03-21..2026-08-06,baccarat_bet02_101_all_pairs_incl_sentinel,round_win = game_pnl > 0 (decisive only),COMPATIBILITY_ONLY_NOT_PRODUCTION,2066084.0486,1875084.4460,6650.6665,5558,3733,-0.00321897,-0.08024012,0.00351318,-0.00321897,-6650.6665,2066084.0486,OK,0.0000,266.0267,4.0000,96.0000,AG03-UNRESOLVED,ALL5_LEVELS_bet23_to_bet27,266.0267,266.0267,266.0267,332.5333,332.5333,4.000000,4.000000,4.000000,5.000000,5.000000,96.000000,96.000000,96.000000,95.000000,95.000000,5.0,1463.1466,1340.2806,5187.5199,5310.3859,PENDING_AG03,FALSE,NOT_FOR_ENFORCEMENT,6384.6399,1800081.0682,6650.6665,6384.6399,266.0267,0.00321897,0.00309021,266.0267,6384.6399,0.00309021,266.0267,266.0267,266.0267,332.5333,332.5333,6384.6399,0.00309021,1463.1466,1340.2806,5187.5199,5310.3859,0.00251080,0.00257027,0.00012876,371.7316,502.2996,1.7816,195.6078,18.0235,60767.1779,109.7941,191.9923,404.8606,67.659,338.295,676.59,676.59,676.59,679.3478,270.636,-67.659,2.0,2.008152,1.098839,13,83,54,7,0.08038074,0.00321897,0.08024012,0E-8,0.000000,0.907555,0.005578,-0.08375330,2026-05-19,2026-07-26,34,369,121,69,0.492754,0.474218,0.516481,0.267936,,,,,,,,GLOBAL_BASELINE_NO_ENTITY_RANKING,,,NOT_APPLICABLE_GLOBAL_BASELINE,HF9g-P5,,,,X 全窗基线 · 不参与实体赏罚,14197258,1420,A168_HF9F_20260827_0900,2026-08-27 09:00:00
2026-06-25,145604771,595,0,6224.6278755073,-101.4884979701,-101.4884979701,0.4000000,17,11,0.45821321831956461,0.381418686364,-0.3694652530399184,0.12096981949027415,-0.3694652530399184,0.07679453195556461,ELIGIBLE,R03b_20260811_FULL_v1,L1_ELIGIBILITY,v2026-08-11,2026-03-21..2026-08-06,baccarat_bet02_101_all_pairs_incl_sentinel,round_win = game_pnl > 0 (decisive only),COMPATIBILITY_ONLY_NOT_PRODUCTION,2066084.0486,1875084.4460,6650.6665,5558,3733,-0.00321897,-0.08024012,0.00351318,-0.00321897,-6650.6665,2066084.0486,OK,0.0000,266.0267,4.0000,96.0000,AG03-UNRESOLVED,ALL5_LEVELS_bet23_to_bet27,266.0267,266.0267,266.0267,332.5333,332.5333,4.000000,4.000000,4.000000,5.000000,5.000000,96.000000,96.000000,96.000000,95.000000,95.000000,5.0,1463.1466,1340.2806,5187.5199,5310.3859,PENDING_AG03,FALSE,NOT_FOR_ENFORCEMENT,6384.6399,1800081.0682,6650.6665,6384.6399,266.0267,0.00321897,0.00309021,266.0267,6384.6399,0.00309021,266.0267,266.0267,266.0267,332.5333,332.5333,6384.6399,0.00309021,1463.1466,1340.2806,5187.5199,5310.3859,0.00251080,0.00257027,0.00012876,371.7316,502.2996,1.7816,195.6078,18.0235,60767.1779,109.7941,191.9923,404.8606,67.659,338.295,676.59,676.59,676.59,679.3478,270.636,-67.659,2.0,2.008152,1.098839,13,83,54,7,0.08038074,0.00321897,0.08024012,0E-8,0.000000,0.907555,0.005578,-0.08375330,2026-05-19,2026-07-26,34,369,121,69,0.492754,0.474218,0.516481,0.267936,,,,,,,,GLOBAL_BASELINE_NO_ENTITY_RANKING,,,NOT_APPLICABLE_GLOBAL_BASELINE,HF9g-P5,,,,X 全窗基线 · 不参与实体赏罚,14197259,1420,A168_HF9F_20260827_0900,2026-08-27 09:00:00
2026-06-25,145604771,763,0,11637.3477672528,-372.1244925572,-372.1244925572,0.4705882,29,17,0.47066537834225441,0.347668394118,-0.0006372355247296734,1.0642156344912899,-0.0006372355247296734,0.12299698422425441,ELIGIBLE,R03b_20260811_FULL_v1,L1_ELIGIBILITY,v2026-08-11,2026-03-21..2026-08-06,baccarat_bet02_101_all_pairs_incl_sentinel,round_win = game_pnl > 0 (decisive only),COMPATIBILITY_ONLY_NOT_PRODUCTION,2066084.0486,1875084.4460,6650.6665,5558,3733,-0.00321897,-0.08024012,0.00351318,-0.00321897,-6650.6665,2066084.0486,OK,0.0000,266.0267,4.0000,96.0000,AG03-UNRESOLVED,ALL5_LEVELS_bet23_to_bet27,266.0267,266.0267,266.0267,332.5333,332.5333,4.000000,4.000000,4.000000,5.000000,5.000000,96.000000,96.000000,96.000000,95.000000,95.000000,5.0,1463.1466,1340.2806,5187.5199,5310.3859,PENDING_AG03,FALSE,NOT_FOR_ENFORCEMENT,6384.6399,1800081.0682,6650.6665,6384.6399,266.0267,0.00321897,0.00309021,266.0267,6384.6399,0.00309021,266.0267,266.0267,266.0267,332.5333,332.5333,6384.6399,0.00309021,1463.1466,1340.2806,5187.5199,5310.3859,0.00251080,0.00257027,0.00012876,371.7316,502.2996,1.7816,195.6078,18.0235,60767.1779,109.7941,191.9923,404.8606,67.659,338.295,676.59,676.59,676.59,679.3478,270.636,-67.659,2.0,2.008152,1.098839,13,83,54,7,0.08038074,0.00321897,0.08024012,0E-8,0.000000,0.907555,0.005578,-0.08375330,2026-05-19,2026-07-26,34,369,121,69,0.492754,0.474218,0.516481,0.267936,,,,,,,,GLOBAL_BASELINE_NO_ENTITY_RANKING,,,NOT_APPLICABLE_GLOBAL_BASELINE,HF9g-P5,,,,X 全窗基线 · 不参与实体赏罚,14197260,1420,A168_HF9F_20260827_0900,2026-08-27 09:00:00
2026-06-25,145604771,789,0,2368.0649526387,-389.0392422192,-389.0392422192,0.5000000,5,4,0.48965665000000304,0.448490850000,0.04138225549953464,0.20713868950404307,0.04138225549953464,0.04116580000000304,ELIGIBLE,R03b_20260811_FULL_v1,L1_ELIGIBILITY,v2026-08-11,2026-03-21..2026-08-06,baccarat_bet02_101_all_pairs_incl_sentinel,round_win = game_pnl > 0 (decisive only),COMPATIBILITY_ONLY_NOT_PRODUCTION,2066084.0486,1875084.4460,6650.6665,5558,3733,-0.00321897,-0.08024012,0.00351318,-0.00321897,-6650.6665,2066084.0486,OK,0.0000,266.0267,4.0000,96.0000,AG03-UNRESOLVED,ALL5_LEVELS_bet23_to_bet27,266.0267,266.0267,266.0267,332.5333,332.5333,4.000000,4.000000,4.000000,5.000000,5.000000,96.000000,96.000000,96.000000,95.000000,95.000000,5.0,1463.1466,1340.2806,5187.5199,5310.3859,PENDING_AG03,FALSE,NOT_FOR_ENFORCEMENT,6384.6399,1800081.0682,6650.6665,6384.6399,266.0267,0.00321897,0.00309021,266.0267,6384.6399,0.00309021,266.0267,266.0267,266.0267,332.5333,332.5333,6384.6399,0.00309021,1463.1466,1340.2806,5187.5199,5310.3859,0.00251080,0.00257027,0.00012876,371.7316,502.2996,1.7816,195.6078,18.0235,60767.1779,109.7941,191.9923,404.8606,67.659,338.295,676.59,676.59,676.59,679.3478,270.636,-67.659,2.0,2.008152,1.098839,13,83,54,7,0.08038074,0.00321897,0.08024012,0E-8,0.000000,0.907555,0.005578,-0.08375330,2026-05-19,2026-07-26,34,369,121,69,0.492754,0.474218,0.516481,0.267936,,,,,,,,GLOBAL_BASELINE_NO_ENTITY_RANKING,,,NOT_APPLICABLE_GLOBAL_BASELINE,HF9g-P5,,,,X 全窗基线 · 不参与实体赏罚,14197261,1420,A168_HF9F_20260827_0900,2026-08-27 09:00:00
2026-06-25,145604771,925,0,12902.5710419484,-5822.0568335587,-5822.0568335587,0.2352941,27,19,0.48384295679426305,0.407799778947,-2.0506571617853075,-1.4473382423971648,-2.0506571617853075,0.07604317784726305,ELIGIBLE,R03b_20260811_FULL_v1,L1_ELIGIBILITY,v2026-08-11,2026-03-21..2026-08-06,baccarat_bet02_101_all_pairs_incl_sentinel,round_win = game_pnl > 0 (decisive only),COMPATIBILITY_ONLY_NOT_PRODUCTION,2066084.0486,1875084.4460,6650.6665,5558,3733,-0.00321897,-0.08024012,0.00351318,-0.00321897,-6650.6665,2066084.0486,OK,0.0000,266.0267,4.0000,96.0000,AG03-UNRESOLVED,ALL5_LEVELS_bet23_to_bet27,266.0267,266.0267,266.0267,332.5333,332.5333,4.000000,4.000000,4.000000,5.000000,5.000000,96.000000,96.000000,96.000000,95.000000,95.000000,5.0,1463.1466,1340.2806,5187.5199,5310.3859,PENDING_AG03,FALSE,NOT_FOR_ENFORCEMENT,6384.6399,1800081.0682,6650.6665,6384.6399,266.0267,0.00321897,0.00309021,266.0267,6384.6399,0.00309021,266.0267,266.0267,266.0267,332.5333,332.5333,6384.6399,0.00309021,1463.1466,1340.2806,5187.5199,5310.3859,0.00251080,0.00257027,0.00012876,371.7316,502.2996,1.7816,195.6078,18.0235,60767.1779,109.7941,191.9923,404.8606,67.659,338.295,676.59,676.59,676.59,679.3478,270.636,-67.659,2.0,2.008152,1.098839,13,83,54,7,0.08038074,0.00321897,0.08024012,0E-8,0.000000,0.907555,0.005578,-0.08375330,2026-05-19,2026-07-26,34,369,121,69,0.492754,0.474218,0.516481,0.267936,,,,,,,,GLOBAL_BASELINE_NO_ENTITY_RANKING,,,NOT_APPLICABLE_GLOBAL_BASELINE,HF9g-P5,,,,X 全窗基线 · 不参与实体赏罚,14197262,1420,A168_HF9F_20260827_0900,2026-08-27 09:00:00
2026-06-25,145604771,948,0,1759.1339648173,253.7212449256,253.7212449256,0.6000000,7,5,0.46573828666667491,0.413594940000,0.6018512824481601,0.8463621562993003,0.6018512824481601,0.05214334666667491,ELIGIBLE,R03b_20260811_FULL_v1,L1_ELIGIBILITY,v2026-08-11,2026-03-21..2026-08-06,baccarat_bet02_101_all_pairs_incl_sentinel,round_win = game_pnl > 0 (decisive only),COMPATIBILITY_ONLY_NOT_PRODUCTION,2066084.0486,1875084.4460,6650.6665,5558,3733,-0.00321897,-0.08024012,0.00351318,-0.00321897,-6650.6665,2066084.0486,OK,0.0000,266.0267,4.0000,96.0000,AG03-UNRESOLVED,ALL5_LEVELS_bet23_to_bet27,266.0267,266.0267,266.0267,332.5333,332.5333,4.000000,4.000000,4.000000,5.000000,5.000000,96.000000,96.000000,96.000000,95.000000,95.000000,5.0,1463.1466,1340.2806,5187.5199,5310.3859,PENDING_AG03,FALSE,NOT_FOR_ENFORCEMENT,6384.6399,1800081.0682,6650.6665,6384.6399,266.0267,0.00321897,0.00309021,266.0267,6384.6399,0.00309021,266.0267,266.0267,266.0267,332.5333,332.5333,6384.6399,0.00309021,1463.1466,1340.2806,5187.5199,5310.3859,0.00251080,0.00257027,0.00012876,371.7316,502.2996,1.7816,195.6078,18.0235,60767.1779,109.7941,191.9923,404.8606,67.659,338.295,676.59,676.59,676.59,679.3478,270.636,-67.659,2.0,2.008152,1.098839,13,83,54,7,0.08038074,0.00321897,0.08024012,0E-8,0.000000,0.907555,0.005578,-0.08375330,2026-05-19,2026-07-26,34,369,121,69,0.492754,0.474218,0.516481,0.267936,,,,,,,,GLOBAL_BASELINE_NO_ENTITY_RANKING,,,NOT_APPLICABLE_GLOBAL_BASELINE,HF9g-P5,,,,X 全窗基线 · 不参与实体赏罚,14197263,1420,A168_HF9F_20260827_0900,2026-08-27 09:00:00
2026-06-25,145604771,987,0,3768.6062246278,605.5480378891,605.5480378891,0.5714286,10,7,0.47751032965368518,0.407818778571,0.4974721055294452,0.8808407322877739,0.4974721055294452,0.06969155108268518,ELIGIBLE,R03b_20260811_FULL_v1,L1_ELIGIBILITY,v2026-08-11,2026-03-21..2026-08-06,baccarat_bet02_101_all_pairs_incl_sentinel,round_win = game_pnl > 0 (decisive only),COMPATIBILITY_ONLY_NOT_PRODUCTION,2066084.0486,1875084.4460,6650.6665,5558,3733,-0.00321897,-0.08024012,0.00351318,-0.00321897,-6650.6665,2066084.0486,OK,0.0000,266.0267,4.0000,96.0000,AG03-UNRESOLVED,ALL5_LEVELS_bet23_to_bet27,266.0267,266.0267,266.0267,332.5333,332.5333,4.000000,4.000000,4.000000,5.000000,5.000000,96.000000,96.000000,96.000000,95.000000,95.000000,5.0,1463.1466,1340.2806,5187.5199,5310.3859,PENDING_AG03,FALSE,NOT_FOR_ENFORCEMENT,6384.6399,1800081.0682,6650.6665,6384.6399,266.0267,0.00321897,0.00309021,266.0267,6384.6399,0.00309021,266.0267,266.0267,266.0267,332.5333,332.5333,6384.6399,0.00309021,1463.1466,1340.2806,5187.5199,5310.3859,0.00251080,0.00257027,0.00012876,371.7316,502.2996,1.7816,195.6078,18.0235,60767.1779,109.7941,191.9923,404.8606,67.659,338.295,676.59,676.59,676.59,679.3478,270.636,-67.659,2.0,2.008152,1.098839,13,83,54,7,0.08038074,0.00321897,0.08024012,0E-8,0.000000,0.907555,0.005578,-0.08375330,2026-05-19,2026-07-26,34,369,121,69,0.492754,0.474218,0.516481,0.267936,,,,,,,,GLOBAL_BASELINE_NO_ENTITY_RANKING,,,NOT_APPLICABLE_GLOBAL_BASELINE,HF9g-P5,,,,X 全窗基线 · 不参与实体赏罚,14197264,1420,A168_HF9F_20260827_0900,2026-08-27 09:00:00
2026-06-26,145604771,1017,0,852.5033829497,-155.6156968876,-155.6156968876,0.6666667,7,4,0.46098168649891308,0.338873750000,0.7146931339553869,1.1994966159629061,0.7146931339553869,0.12210793649891308,ELIGIBLE,R03b_20260811_FULL_v1,L1_ELIGIBILITY,v2026-08-11,2026-03-21..2026-08-06,baccarat_bet02_101_all_pairs_incl_sentinel,round_win = game_pnl > 0 (decisive only),COMPATIBILITY_ONLY_NOT_PRODUCTION,2066084.0486,1875084.4460,6650.6665,5558,3733,-0.00321897,-0.08024012,0.00351318,-0.00321897,-6650.6665,2066084.0486,OK,0.0000,266.0267,4.0000,96.0000,AG03-UNRESOLVED,ALL5_LEVELS_bet23_to_bet27,266.0267,266.0267,266.0267,332.5333,332.5333,4.000000,4.000000,4.000000,5.000000,5.000000,96.000000,96.000000,96.000000,95.000000,95.000000,5.0,1463.1466,1340.2806,5187.5199,5310.3859,PENDING_AG03,FALSE,NOT_FOR_ENFORCEMENT,6384.6399,1800081.0682,6650.6665,6384.6399,266.0267,0.00321897,0.00309021,266.0267,6384.6399,0.00309021,266.0267,266.0267,266.0267,332.5333,332.5333,6384.6399,0.00309021,1463.1466,1340.2806,5187.5199,5310.3859,0.00251080,0.00257027,0.00012876,371.7316,502.2996,1.7816,195.6078,18.0235,60767.1779,109.7941,191.9923,404.8606,67.659,338.295,676.59,676.59,676.59,679.3478,270.636,-67.659,2.0,2.008152,1.098839,13,83,54,7,0.08038074,0.00321897,0.08024012,0E-8,0.000000,0.907555,0.005578,-0.08375330,2026-05-19,2026-07-26,34,369,121,69,0.492754,0.474218,0.516481,0.267936,,,,,,,,GLOBAL_BASELINE_NO_ENTITY_RANKING,,,NOT_APPLICABLE_GLOBAL_BASELINE,HF9g-P5,,,,X 全窗基线 · 不参与实体赏罚,14197265,1420,A168_HF9F_20260827_0900,2026-08-27 09:00:00
2026-06-26,145604771,1109,0,4059.5399188092,-676.5899864682,-676.5899864682,0.3333333,8,6,0.48245836801347262,0.422199016667,-0.7310105010039333,-0.44071919175083707,-0.7310105010039333,0.06025935134647262,ELIGIBLE,R03b_20260811_FULL_v1,L1_ELIGIBILITY,v2026-08-11,2026-03-21..2026-08-06,baccarat_bet02_101_all_pairs_incl_sentinel,round_win = game_pnl > 0 (decisive only),COMPATIBILITY_ONLY_NOT_PRODUCTION,2066084.0486,1875084.4460,6650.6665,5558,3733,-0.00321897,-0.08024012,0.00351318,-0.00321897,-6650.6665,2066084.0486,OK,0.0000,266.0267,4.0000,96.0000,AG03-UNRESOLVED,ALL5_LEVELS_bet23_to_bet27,266.0267,266.0267,266.0267,332.5333,332.5333,4.000000,4.000000,4.000000,5.000000,5.000000,96.000000,96.000000,96.000000,95.000000,95.000000,5.0,1463.1466,1340.2806,5187.5199,5310.3859,PENDING_AG03,FALSE,NOT_FOR_ENFORCEMENT,6384.6399,1800081.0682,6650.6665,6384.6399,266.0267,0.00321897,0.00309021,266.0267,6384.6399,0.00309021,266.0267,266.0267,266.0267,332.5333,332.5333,6384.6399,0.00309021,1463.1466,1340.2806,5187.5199,5310.3859,0.00251080,0.00257027,0.00012876,371.7316,502.2996,1.7816,195.6078,18.0235,60767.1779,109.7941,191.9923,404.8606,67.659,338.295,676.59,676.59,676.59,679.3478,270.636,-67.659,2.0,2.008152,1.098839,13,83,54,7,0.08038074,0.00321897,0.08024012,0E-8,0.000000,0.907555,0.005578,-0.08375330,2026-05-19,2026-07-26,34,369,121,69,0.492754,0.474218,0.516481,0.267936,,,,,,,,GLOBAL_BASELINE_NO_ENTITY_RANKING,,,NOT_APPLICABLE_GLOBAL_BASELINE,HF9g-P5,,,,X 全窗基线 · 不参与实体赏罚,14197266,1420,A168_HF9F_20260827_0900,2026-08-27 09:00:00
2026-06-26,145604771,1151,0,25845.7374830849,6292.2868741547,6292.2868741547,0.6250000,54,37,0.47956772940213440,0.399828479730,1.6467538563519453,2.6002427538302393,1.6467538563519453,0.07973924967213440,ELIGIBLE,R03b_20260811_FULL_v1,L1_ELIGIBILITY,v2026-08-11,2026-03-21..2026-08-06,baccarat_bet02_101_all_pairs_incl_sentinel,round_win = game_pnl > 0 (decisive only),COMPATIBILITY_ONLY_NOT_PRODUCTION,2066084.0486,1875084.4460,6650.6665,5558,3733,-0.00321897,-0.08024012,0.00351318,-0.00321897,-6650.6665,2066084.0486,OK,0.0000,266.0267,4.0000,96.0000,AG03-UNRESOLVED,ALL5_LEVELS_bet23_to_bet27,266.0267,266.0267,266.0267,332.5333,332.5333,4.000000,4.000000,4.000000,5.000000,5.000000,96.000000,96.000000,96.000000,95.000000,95.000000,5.0,1463.1466,1340.2806,5187.5199,5310.3859,PENDING_AG03,FALSE,NOT_FOR_ENFORCEMENT,6384.6399,1800081.0682,6650.6665,6384.6399,266.0267,0.00321897,0.00309021,266.0267,6384.6399,0.00309021,266.0267,266.0267,266.0267,332.5333,332.5333,6384.6399,0.00309021,1463.1466,1340.2806,5187.5199,5310.3859,0.00251080,0.00257027,0.00012876,371.7316,502.2996,1.7816,195.6078,18.0235,60767.1779,109.7941,191.9923,404.8606,67.659,338.295,676.59,676.59,676.59,679.3478,270.636,-67.659,2.0,2.008152,1.098839,13,83,54,7,0.08038074,0.00321897,0.08024012,0E-8,0.000000,0.907555,0.005578,-0.08375330,2026-05-19,2026-07-26,34,369,121,69,0.492754,0.474218,0.516481,0.267936,,,,,,,,GLOBAL_BASELINE_NO_ENTITY_RANKING,,,NOT_APPLICABLE_GLOBAL_BASELINE,HF9g-P5,,,,X 全窗基线 · 不参与实体赏罚,14197267,1420,A168_HF9F_20260827_0900,2026-08-27 09:00:00
2026-06-26,145604771,1299,0,18809.2016238158,5142.0838971585,5142.0838971585,0.6086957,35,27,0.48598948080808383,0.435463794444,1.177418582186111,1.6755976962128627,1.177418582186111,0.05052568636408383,ELIGIBLE,R03b_20260811_FULL_v1,L1_ELIGIBILITY,v2026-08-11,2026-03-21..2026-08-06,baccarat_bet02_101_all_pairs_incl_sentinel,round_win = game_pnl > 0 (decisive only),COMPATIBILITY_ONLY_NOT_PRODUCTION,2066084.0486,1875084.4460,6650.6665,5558,3733,-0.00321897,-0.08024012,0.00351318,-0.00321897,-6650.6665,2066084.0486,OK,0.0000,266.0267,4.0000,96.0000,AG03-UNRESOLVED,ALL5_LEVELS_bet23_to_bet27,266.0267,266.0267,266.0267,332.5333,332.5333,4.000000,4.000000,4.000000,5.000000,5.000000,96.000000,96.000000,96.000000,95.000000,95.000000,5.0,1463.1466,1340.2806,5187.5199,5310.3859,PENDING_AG03,FALSE,NOT_FOR_ENFORCEMENT,6384.6399,1800081.0682,6650.6665,6384.6399,266.0267,0.00321897,0.00309021,266.0267,6384.6399,0.00309021,266.0267,266.0267,266.0267,332.5333,332.5333,6384.6399,0.00309021,1463.1466,1340.2806,5187.5199,5310.3859,0.00251080,0.00257027,0.00012876,371.7316,502.2996,1.7816,195.6078,18.0235,60767.1779,109.7941,191.9923,404.8606,67.659,338.295,676.59,676.59,676.59,679.3478,270.636,-67.659,2.0,2.008152,1.098839,13,83,54,7,0.08038074,0.00321897,0.08024012,0E-8,0.000000,0.907555,0.005578,-0.08375330,2026-05-19,2026-07-26,34,369,121,69,0.492754,0.474218,0.516481,0.267936,,,,,,,,GLOBAL_BASELINE_NO_ENTITY_RANKING,,,NOT_APPLICABLE_GLOBAL_BASELINE,HF9g-P5,,,,X 全窗基线 · 不参与实体赏罚,14197268,1420,A168_HF9F_20260827_0900,2026-08-27 09:00:00
2026-06-26,145604771,1304,0,2029.7699594046,608.9309878214,608.9309878214,0.6666667,3,3,0.50218230000000000,0.502182300000,0.5697959874915163,0.5697959874915164,0.5697959874915163,0E-17,ELIGIBLE,R03b_20260811_FULL_v1,L1_ELIGIBILITY,v2026-08-11,2026-03-21..2026-08-06,baccarat_bet02_101_all_pairs_incl_sentinel,round_win = game_pnl > 0 (decisive only),COMPATIBILITY_ONLY_NOT_PRODUCTION,2066084.0486,1875084.4460,6650.6665,5558,3733,-0.00321897,-0.08024012,0.00351318,-0.00321897,-6650.6665,2066084.0486,OK,0.0000,266.0267,4.0000,96.0000,AG03-UNRESOLVED,ALL5_LEVELS_bet23_to_bet27,266.0267,266.0267,266.0267,332.5333,332.5333,4.000000,4.000000,4.000000,5.000000,5.000000,96.000000,96.000000,96.000000,95.000000,95.000000,5.0,1463.1466,1340.2806,5187.5199,5310.3859,PENDING_AG03,FALSE,NOT_FOR_ENFORCEMENT,6384.6399,1800081.0682,6650.6665,6384.6399,266.0267,0.00321897,0.00309021,266.0267,6384.6399,0.00309021,266.0267,266.0267,266.0267,332.5333,332.5333,6384.6399,0.00309021,1463.1466,1340.2806,5187.5199,5310.3859,0.00251080,0.00257027,0.00012876,371.7316,502.2996,1.7816,195.6078,18.0235,60767.1779,109.7941,191.9923,404.8606,67.659,338.295,676.59,676.59,676.59,679.3478,270.636,-67.659,2.0,2.008152,1.098839,13,83,54,7,0.08038074,0.00321897,0.08024012,0E-8,0.000000,0.907555,0.005578,-0.08375330,2026-05-19,2026-07-26,34,369,121,69,0.492754,0.474218,0.516481,0.267936,,,,,,,,GLOBAL_BASELINE_NO_ENTITY_RANKING,,,NOT_APPLICABLE_GLOBAL_BASELINE,HF9g-P5,,,,X 全窗基线 · 不参与实体赏罚,14197269,1420,A168_HF9F_20260827_0900,2026-08-27 09:00:00
2026-06-26,145604771,1363,0,25778.0784844380,-1048.7144790252,-1048.7144790252,0.4722222,57,36,0.47824709974748098,0.373889998611,-0.07236704927637375,1.219410318939818,-0.07236704927637375,0.10435710113648098,ELIGIBLE,R03b_20260811_FULL_v1,L1_ELIGIBILITY,v2026-08-11,2026-03-21..2026-08-06,baccarat_bet02_101_all_pairs_incl_sentinel,round_win = game_pnl > 0 (decisive only),COMPATIBILITY_ONLY_NOT_PRODUCTION,2066084.0486,1875084.4460,6650.6665,5558,3733,-0.00321897,-0.08024012,0.00351318,-0.00321897,-6650.6665,2066084.0486,OK,0.0000,266.0267,4.0000,96.0000,AG03-UNRESOLVED,ALL5_LEVELS_bet23_to_bet27,266.0267,266.0267,266.0267,332.5333,332.5333,4.000000,4.000000,4.000000,5.000000,5.000000,96.000000,96.000000,96.000000,95.000000,95.000000,5.0,1463.1466,1340.2806,5187.5199,5310.3859,PENDING_AG03,FALSE,NOT_FOR_ENFORCEMENT,6384.6399,1800081.0682,6650.6665,6384.6399,266.0267,0.00321897,0.00309021,266.0267,6384.6399,0.00309021,266.0267,266.0267,266.0267,332.5333,332.5333,6384.6399,0.00309021,1463.1466,1340.2806,5187.5199,5310.3859,0.00251080,0.00257027,0.00012876,371.7316,502.2996,1.7816,195.6078,18.0235,60767.1779,109.7941,191.9923,404.8606,67.659,338.295,676.59,676.59,676.59,679.3478,270.636,-67.659,2.0,2.008152,1.098839,13,83,54,7,0.08038074,0.00321897,0.08024012,0E-8,0.000000,0.907555,0.005578,-0.08375330,2026-05-19,2026-07-26,34,369,121,69,0.492754,0.474218,0.516481,0.267936,,,,,,,,GLOBAL_BASELINE_NO_ENTITY_RANKING,,,NOT_APPLICABLE_GLOBAL_BASELINE,HF9g-P5,,,,X 全窗基线 · 不参与实体赏罚,14197270,1420,A168_HF9F_20260827_0900,2026-08-27 09:00:00
2026-06-26,145604771,1382,0,2774.0189445196,-2774.0189445196,-2774.0189445196,0E-7,5,4,0.49394353636363888,0.451842150000,-1.9759191071686644,-1.8158106020044316,-1.9759191071686644,0.04210138636363888,ELIGIBLE,R03b_20260811_FULL_v1,L1_ELIGIBILITY,v2026-08-11,2026-03-21..2026-08-06,baccarat_bet02_101_all_pairs_incl_sentinel,round_win = game_pnl > 0 (decisive only),COMPATIBILITY_ONLY_NOT_PRODUCTION,2066084.0486,1875084.4460,6650.6665,5558,3733,-0.00321897,-0.08024012,0.00351318,-0.00321897,-6650.6665,2066084.0486,OK,0.0000,266.0267,4.0000,96.0000,AG03-UNRESOLVED,ALL5_LEVELS_bet23_to_bet27,266.0267,266.0267,266.0267,332.5333,332.5333,4.000000,4.000000,4.000000,5.000000,5.000000,96.000000,96.000000,96.000000,95.000000,95.000000,5.0,1463.1466,1340.2806,5187.5199,5310.3859,PENDING_AG03,FALSE,NOT_FOR_ENFORCEMENT,6384.6399,1800081.0682,6650.6665,6384.6399,266.0267,0.00321897,0.00309021,266.0267,6384.6399,0.00309021,266.0267,266.0267,266.0267,332.5333,332.5333,6384.6399,0.00309021,1463.1466,1340.2806,5187.5199,5310.3859,0.00251080,0.00257027,0.00012876,371.7316,502.2996,1.7816,195.6078,18.0235,60767.1779,109.7941,191.9923,404.8606,67.659,338.295,676.59,676.59,676.59,679.3478,270.636,-67.659,2.0,2.008152,1.098839,13,83,54,7,0.08038074,0.00321897,0.08024012,0E-8,0.000000,0.907555,0.005578,-0.08375330,2026-05-19,2026-07-26,34,369,121,69,0.492754,0.474218,0.516481,0.267936,,,,,,,,GLOBAL_BASELINE_NO_ENTITY_RANKING,,,NOT_APPLICABLE_GLOBAL_BASELINE,HF9g-P5,,,,X 全窗基线 · 不参与实体赏罚,14197271,1420,A168_HF9F_20260827_0900,2026-08-27 09:00:00
2026-06-26,145604771,1383,0,676.5899864682,-676.5899864682,-676.5899864682,0E-7,1,1,0.49324550000000000,0.493245500000,-0.9865810262130424,-0.9865810262130424,-0.9865810262130424,0E-17,ELIGIBLE,R03b_20260811_FULL_v1,L1_ELIGIBILITY,v2026-08-11,2026-03-21..2026-08-06,baccarat_bet02_101_all_pairs_incl_sentinel,round_win = game_pnl > 0 (decisive only),COMPATIBILITY_ONLY_NOT_PRODUCTION,2066084.0486,1875084.4460,6650.6665,5558,3733,-0.00321897,-0.08024012,0.00351318,-0.00321897,-6650.6665,2066084.0486,OK,0.0000,266.0267,4.0000,96.0000,AG03-UNRESOLVED,ALL5_LEVELS_bet23_to_bet27,266.0267,266.0267,266.0267,332.5333,332.5333,4.000000,4.000000,4.000000,5.000000,5.000000,96.000000,96.000000,96.000000,95.000000,95.000000,5.0,1463.1466,1340.2806,5187.5199,5310.3859,PENDING_AG03,FALSE,NOT_FOR_ENFORCEMENT,6384.6399,1800081.0682,6650.6665,6384.6399,266.0267,0.00321897,0.00309021,266.0267,6384.6399,0.00309021,266.0267,266.0267,266.0267,332.5333,332.5333,6384.6399,0.00309021,1463.1466,1340.2806,5187.5199,5310.3859,0.00251080,0.00257027,0.00012876,371.7316,502.2996,1.7816,195.6078,18.0235,60767.1779,109.7941,191.9923,404.8606,67.659,338.295,676.59,676.59,676.59,679.3478,270.636,-67.659,2.0,2.008152,1.098839,13,83,54,7,0.08038074,0.00321897,0.08024012,0E-8,0.000000,0.907555,0.005578,-0.08375330,2026-05-19,2026-07-26,34,369,121,69,0.492754,0.474218,0.516481,0.267936,,,,,,,,GLOBAL_BASELINE_NO_ENTITY_RANKING,,,NOT_APPLICABLE_GLOBAL_BASELINE,HF9g-P5,,,,X 全窗基线 · 不参与实体赏罚,14197272,1420,A168_HF9F_20260827_0900,2026-08-27 09:00:00
2026-06-26,145604771,1385,0,1353.1799729364,1353.1799729364,1353.1799729364,1.0000000,2,2,0.49324550000000000,0.493245500000,1.4334489766152358,1.4334489766152358,1.4334489766152358,0E-17,ELIGIBLE,R03b_20260811_FULL_v1,L1_ELIGIBILITY,v2026-08-11,2026-03-21..2026-08-06,baccarat_bet02_101_all_pairs_incl_sentinel,round_win = game_pnl > 0 (decisive only),COMPATIBILITY_ONLY_NOT_PRODUCTION,2066084.0486,1875084.4460,6650.6665,5558,3733,-0.00321897,-0.08024012,0.00351318,-0.00321897,-6650.6665,2066084.0486,OK,0.0000,266.0267,4.0000,96.0000,AG03-UNRESOLVED,ALL5_LEVELS_bet23_to_bet27,266.0267,266.0267,266.0267,332.5333,332.5333,4.000000,4.000000,4.000000,5.000000,5.000000,96.000000,96.000000,96.000000,95.000000,95.000000,5.0,1463.1466,1340.2806,5187.5199,5310.3859,PENDING_AG03,FALSE,NOT_FOR_ENFORCEMENT,6384.6399,1800081.0682,6650.6665,6384.6399,266.0267,0.00321897,0.00309021,266.0267,6384.6399,0.00309021,266.0267,266.0267,266.0267,332.5333,332.5333,6384.6399,0.00309021,1463.1466,1340.2806,5187.5199,5310.3859,0.00251080,0.00257027,0.00012876,371.7316,502.2996,1.7816,195.6078,18.0235,60767.1779,109.7941,191.9923,404.8606,67.659,338.295,676.59,676.59,676.59,679.3478,270.636,-67.659,2.0,2.008152,1.098839,13,83,54,7,0.08038074,0.00321897,0.08024012,0E-8,0.000000,0.907555,0.005578,-0.08375330,2026-05-19,2026-07-26,34,369,121,69,0.492754,0.474218,0.516481,0.267936,,,,,,,,GLOBAL_BASELINE_NO_ENTITY_RANKING,,,NOT_APPLICABLE_GLOBAL_BASELINE,HF9g-P5,,,,X 全窗基线 · 不参与实体赏罚,14197273,1420,A168_HF9F_20260827_0900,2026-08-27 09:00:00
2026-06-26,145604771,1490,0,10284.1677943164,2300.4059539920,2300.4059539920,0.6250000,26,17,0.47038527504456978,0.386212802941,1.239093157715629,1.9617731360862505,1.239093157715629,0.08417247210356978,ELIGIBLE,R03b_20260811_FULL_v1,L1_ELIGIBILITY,v2026-08-11,2026-03-21..2026-08-06,baccarat_bet02_101_all_pairs_incl_sentinel,round_win = game_pnl > 0 (decisive only),COMPATIBILITY_ONLY_NOT_PRODUCTION,2066084.0486,1875084.4460,6650.6665,5558,3733,-0.00321897,-0.08024012,0.00351318,-0.00321897,-6650.6665,2066084.0486,OK,0.0000,266.0267,4.0000,96.0000,AG03-UNRESOLVED,ALL5_LEVELS_bet23_to_bet27,266.0267,266.0267,266.0267,332.5333,332.5333,4.000000,4.000000,4.000000,5.000000,5.000000,96.000000,96.000000,96.000000,95.000000,95.000000,5.0,1463.1466,1340.2806,5187.5199,5310.3859,PENDING_AG03,FALSE,NOT_FOR_ENFORCEMENT,6384.6399,1800081.0682,6650.6665,6384.6399,266.0267,0.00321897,0.00309021,266.0267,6384.6399,0.00309021,266.0267,266.0267,266.0267,332.5333,332.5333,6384.6399,0.00309021,1463.1466,1340.2806,5187.5199,5310.3859,0.00251080,0.00257027,0.00012876,371.7316,502.2996,1.7816,195.6078,18.0235,60767.1779,109.7941,191.9923,404.8606,67.659,338.295,676.59,676.59,676.59,679.3478,270.636,-67.659,2.0,2.008152,1.098839,13,83,54,7,0.08038074,0.00321897,0.08024012,0E-8,0.000000,0.907555,0.005578,-0.08375330,2026-05-19,2026-07-26,34,369,121,69,0.492754,0.474218,0.516481,0.267936,,,,,,,,GLOBAL_BASELINE_NO_ENTITY_RANKING,,,NOT_APPLICABLE_GLOBAL_BASELINE,HF9g-P5,,,,X 全窗基线 · 不参与实体赏罚,14197274,1420,A168_HF9F_20260827_0900,2026-08-27 09:00:00
2026-06-26,145604771,1654,0,12246.2787550743,-3680.6495263869,-3680.6495263869,0.3333333,26,18,0.48375867525253000,0.404203663889,-1.2770752652475106,-0.6127053520566015,-1.2770752652475106,0.07955501136353000,ELIGIBLE,R03b_20260811_FULL_v1,L1_ELIGIBILITY,v2026-08-11,2026-03-21..2026-08-06,baccarat_bet02_101_all_pairs_incl_sentinel,round_win = game_pnl > 0 (decisive only),COMPATIBILITY_ONLY_NOT_PRODUCTION,2066084.0486,1875084.4460,6650.6665,5558,3733,-0.00321897,-0.08024012,0.00351318,-0.00321897,-6650.6665,2066084.0486,OK,0.0000,266.0267,4.0000,96.0000,AG03-UNRESOLVED,ALL5_LEVELS_bet23_to_bet27,266.0267,266.0267,266.0267,332.5333,332.5333,4.000000,4.000000,4.000000,5.000000,5.000000,96.000000,96.000000,96.000000,95.000000,95.000000,5.0,1463.1466,1340.2806,5187.5199,5310.3859,PENDING_AG03,FALSE,NOT_FOR_ENFORCEMENT,6384.6399,1800081.0682,6650.6665,6384.6399,266.0267,0.00321897,0.00309021,266.0267,6384.6399,0.00309021,266.0267,266.0267,266.0267,332.5333,332.5333,6384.6399,0.00309021,1463.1466,1340.2806,5187.5199,5310.3859,0.00251080,0.00257027,0.00012876,371.7316,502.2996,1.7816,195.6078,18.0235,60767.1779,109.7941,191.9923,404.8606,67.659,338.295,676.59,676.59,676.59,679.3478,270.636,-67.659,2.0,2.008152,1.098839,13,83,54,7,0.08038074,0.00321897,0.08024012,0E-8,0.000000,0.907555,0.005578,-0.08375330,2026-05-19,2026-07-26,34,369,121,69,0.492754,0.474218,0.516481,0.267936,,,,,,,,GLOBAL_BASELINE_NO_ENTITY_RANKING,,,NOT_APPLICABLE_GLOBAL_BASELINE,HF9g-P5,,,,X 全窗基线 · 不参与实体赏罚,14197275,1420,A168_HF9F_20260827_0900,2026-08-27 09:00:00
2026-06-26,145604771,1704,0,13782.1380243571,-2205.6833558862,-2205.6833558862,0.3809524,33,21,0.47654686524428625,0.376383826190,-0.8771033524769811,0.04321299037332408,-0.8771033524769811,0.10016303905428625,ELIGIBLE,R03b_20260811_FULL_v1,L1_ELIGIBILITY,v2026-08-11,2026-03-21..2026-08-06,baccarat_bet02_101_all_pairs_incl_sentinel,round_win = game_pnl > 0 (decisive only),COMPATIBILITY_ONLY_NOT_PRODUCTION,2066084.0486,1875084.4460,6650.6665,5558,3733,-0.00321897,-0.08024012,0.00351318,-0.00321897,-6650.6665,2066084.0486,OK,0.0000,266.0267,4.0000,96.0000,AG03-UNRESOLVED,ALL5_LEVELS_bet23_to_bet27,266.0267,266.0267,266.0267,332.5333,332.5333,4.000000,4.000000,4.000000,5.000000,5.000000,96.000000,96.000000,96.000000,95.000000,95.000000,5.0,1463.1466,1340.2806,5187.5199,5310.3859,PENDING_AG03,FALSE,NOT_FOR_ENFORCEMENT,6384.6399,1800081.0682,6650.6665,6384.6399,266.0267,0.00321897,0.00309021,266.0267,6384.6399,0.00309021,266.0267,266.0267,266.0267,332.5333,332.5333,6384.6399,0.00309021,1463.1466,1340.2806,5187.5199,5310.3859,0.00251080,0.00257027,0.00012876,371.7316,502.2996,1.7816,195.6078,18.0235,60767.1779,109.7941,191.9923,404.8606,67.659,338.295,676.59,676.59,676.59,679.3478,270.636,-67.659,2.0,2.008152,1.098839,13,83,54,7,0.08038074,0.00321897,0.08024012,0E-8,0.000000,0.907555,0.005578,-0.08375330,2026-05-19,2026-07-26,34,369,121,69,0.492754,0.474218,0.516481,0.267936,,,,,,,,GLOBAL_BASELINE_NO_ENTITY_RANKING,,,NOT_APPLICABLE_GLOBAL_BASELINE,HF9g-P5,,,,X 全窗基线 · 不参与实体赏罚,14197276,1420,A168_HF9F_20260827_0900,2026-08-27 09:00:00
2026-06-26,145604771,1941,0,5886.3328822733,-1860.6224627875,-1860.6224627875,0.2500000,13,10,0.44341213363636665,0.392890470000,-1.1011793423582463,-0.8275209278444112,-1.1011793423582463,0.05052166363636665,ELIGIBLE,R03b_20260811_FULL_v1,L1_ELIGIBILITY,v2026-08-11,2026-03-21..2026-08-06,baccarat_bet02_101_all_pairs_incl_sentinel,round_win = game_pnl > 0 (decisive only),COMPATIBILITY_ONLY_NOT_PRODUCTION,2066084.0486,1875084.4460,6650.6665,5558,3733,-0.00321897,-0.08024012,0.00351318,-0.00321897,-6650.6665,2066084.0486,OK,0.0000,266.0267,4.0000,96.0000,AG03-UNRESOLVED,ALL5_LEVELS_bet23_to_bet27,266.0267,266.0267,266.0267,332.5333,332.5333,4.000000,4.000000,4.000000,5.000000,5.000000,96.000000,96.000000,96.000000,95.000000,95.000000,5.0,1463.1466,1340.2806,5187.5199,5310.3859,PENDING_AG03,FALSE,NOT_FOR_ENFORCEMENT,6384.6399,1800081.0682,6650.6665,6384.6399,266.0267,0.00321897,0.00309021,266.0267,6384.6399,0.00309021,266.0267,266.0267,266.0267,332.5333,332.5333,6384.6399,0.00309021,1463.1466,1340.2806,5187.5199,5310.3859,0.00251080,0.00257027,0.00012876,371.7316,502.2996,1.7816,195.6078,18.0235,60767.1779,109.7941,191.9923,404.8606,67.659,338.295,676.59,676.59,676.59,679.3478,270.636,-67.659,2.0,2.008152,1.098839,13,83,54,7,0.08038074,0.00321897,0.08024012,0E-8,0.000000,0.907555,0.005578,-0.08375330,2026-05-19,2026-07-26,34,369,121,69,0.492754,0.474218,0.516481,0.267936,,,,,,,,GLOBAL_BASELINE_NO_ENTITY_RANKING,,,NOT_APPLICABLE_GLOBAL_BASELINE,HF9g-P5,,,,X 全窗基线 · 不参与实体赏罚,14197277,1420,A168_HF9F_20260827_0900,2026-08-27 09:00:00
2026-06-26,145604771,1942,0,676.5899864682,-676.5899864682,-676.5899864682,0E-7,2,1,0.46134177000001339,0.280106050000,-0.9254537912579938,-0.6237735893609975,-0.9254537912579938,0.18123572000001339,ELIGIBLE,R03b_20260811_FULL_v1,L1_ELIGIBILITY,v2026-08-11,2026-03-21..2026-08-06,baccarat_bet02_101_all_pairs_incl_sentinel,round_win = game_pnl > 0 (decisive only),COMPATIBILITY_ONLY_NOT_PRODUCTION,2066084.0486,1875084.4460,6650.6665,5558,3733,-0.00321897,-0.08024012,0.00351318,-0.00321897,-6650.6665,2066084.0486,OK,0.0000,266.0267,4.0000,96.0000,AG03-UNRESOLVED,ALL5_LEVELS_bet23_to_bet27,266.0267,266.0267,266.0267,332.5333,332.5333,4.000000,4.000000,4.000000,5.000000,5.000000,96.000000,96.000000,96.000000,95.000000,95.000000,5.0,1463.1466,1340.2806,5187.5199,5310.3859,PENDING_AG03,FALSE,NOT_FOR_ENFORCEMENT,6384.6399,1800081.0682,6650.6665,6384.6399,266.0267,0.00321897,0.00309021,266.0267,6384.6399,0.00309021,266.0267,266.0267,266.0267,332.5333,332.5333,6384.6399,0.00309021,1463.1466,1340.2806,5187.5199,5310.3859,0.00251080,0.00257027,0.00012876,371.7316,502.2996,1.7816,195.6078,18.0235,60767.1779,109.7941,191.9923,404.8606,67.659,338.295,676.59,676.59,676.59,679.3478,270.636,-67.659,2.0,2.008152,1.098839,13,83,54,7,0.08038074,0.00321897,0.08024012,0E-8,0.000000,0.907555,0.005578,-0.08375330,2026-05-19,2026-07-26,34,369,121,69,0.492754,0.474218,0.516481,0.267936,,,,,,,,GLOBAL_BASELINE_NO_ENTITY_RANKING,,,NOT_APPLICABLE_GLOBAL_BASELINE,HF9g-P5,,,,X 全窗基线 · 不参与实体赏罚,14197278,1420,A168_HF9F_20260827_0900,2026-08-27 09:00:00
2026-06-26,145604771,1990,0,8322.0568335588,-1282.1380243571,-1282.1380243571,0.3571429,20,14,0.48048680080396308,0.409255050000,-0.9237252682759403,-0.39655765147026395,-0.9237252682759403,0.07123175080396308,ELIGIBLE,R03b_20260811_FULL_v1,L1_ELIGIBILITY,v2026-08-11,2026-03-21..2026-08-06,baccarat_bet02_101_all_pairs_incl_sentinel,round_win = game_pnl > 0 (decisive only),COMPATIBILITY_ONLY_NOT_PRODUCTION,2066084.0486,1875084.4460,6650.6665,5558,3733,-0.00321897,-0.08024012,0.00351318,-0.00321897,-6650.6665,2066084.0486,OK,0.0000,266.0267,4.0000,96.0000,AG03-UNRESOLVED,ALL5_LEVELS_bet23_to_bet27,266.0267,266.0267,266.0267,332.5333,332.5333,4.000000,4.000000,4.000000,5.000000,5.000000,96.000000,96.000000,96.000000,95.000000,95.000000,5.0,1463.1466,1340.2806,5187.5199,5310.3859,PENDING_AG03,FALSE,NOT_FOR_ENFORCEMENT,6384.6399,1800081.0682,6650.6665,6384.6399,266.0267,0.00321897,0.00309021,266.0267,6384.6399,0.00309021,266.0267,266.0267,266.0267,332.5333,332.5333,6384.6399,0.00309021,1463.1466,1340.2806,5187.5199,5310.3859,0.00251080,0.00257027,0.00012876,371.7316,502.2996,1.7816,195.6078,18.0235,60767.1779,109.7941,191.9923,404.8606,67.659,338.295,676.59,676.59,676.59,679.3478,270.636,-67.659,2.0,2.008152,1.098839,13,83,54,7,0.08038074,0.00321897,0.08024012,0E-8,0.000000,0.907555,0.005578,-0.08375330,2026-05-19,2026-07-26,34,369,121,69,0.492754,0.474218,0.516481,0.267936,,,,,,,,GLOBAL_BASELINE_NO_ENTITY_RANKING,,,NOT_APPLICABLE_GLOBAL_BASELINE,HF9g-P5,,,,X 全窗基线 · 不参与实体赏罚,14197279,1420,A168_HF9F_20260827_0900,2026-08-27 09:00:00
2026-06-26,145604771,2106,0,947.2259810555,-947.2259810555,-947.2259810555,0E-7,2,2,0.49324550000000000,0.493245500000,-1.3952362676504506,-1.3952362676504506,-1.3952362676504506,0E-17,ELIGIBLE,R03b_20260811_FULL_v1,L1_ELIGIBILITY,v2026-08-11,2026-03-21..2026-08-06,baccarat_bet02_101_all_pairs_incl_sentinel,round_win = game_pnl > 0 (decisive only),COMPATIBILITY_ONLY_NOT_PRODUCTION,2066084.0486,1875084.4460,6650.6665,5558,3733,-0.00321897,-0.08024012,0.00351318,-0.00321897,-6650.6665,2066084.0486,OK,0.0000,266.0267,4.0000,96.0000,AG03-UNRESOLVED,ALL5_LEVELS_bet23_to_bet27,266.0267,266.0267,266.0267,332.5333,332.5333,4.000000,4.000000,4.000000,5.000000,5.000000,96.000000,96.000000,96.000000,95.000000,95.000000,5.0,1463.1466,1340.2806,5187.5199,5310.3859,PENDING_AG03,FALSE,NOT_FOR_ENFORCEMENT,6384.6399,1800081.0682,6650.6665,6384.6399,266.0267,0.00321897,0.00309021,266.0267,6384.6399,0.00309021,266.0267,266.0267,266.0267,332.5333,332.5333,6384.6399,0.00309021,1463.1466,1340.2806,5187.5199,5310.3859,0.00251080,0.00257027,0.00012876,371.7316,502.2996,1.7816,195.6078,18.0235,60767.1779,109.7941,191.9923,404.8606,67.659,338.295,676.59,676.59,676.59,679.3478,270.636,-67.659,2.0,2.008152,1.098839,13,83,54,7,0.08038074,0.00321897,0.08024012,0E-8,0.000000,0.907555,0.005578,-0.08375330,2026-05-19,2026-07-26,34,369,121,69,0.492754,0.474218,0.516481,0.267936,,,,,,,,GLOBAL_BASELINE_NO_ENTITY_RANKING,,,NOT_APPLICABLE_GLOBAL_BASELINE,HF9g-P5,,,,X 全窗基线 · 不参与实体赏罚,14197280,1420,A168_HF9F_20260827_0900,2026-08-27 09:00:00
2026-06-26,145604771,2108,0,2638.7009472260,578.4844384303,578.4844384303,0.6666667,4,4,0.49994810000000000,0.499948100000,0.5775300591747329,0.5775300591747329,0.5775300591747329,0E-17,ELIGIBLE,R03b_20260811_FULL_v1,L1_ELIGIBILITY,v2026-08-11,2026-03-21..2026-08-06,baccarat_bet02_101_all_pairs_incl_sentinel,round_win = game_pnl > 0 (decisive only),COMPATIBILITY_ONLY_NOT_PRODUCTION,2066084.0486,1875084.4460,6650.6665,5558,3733,-0.00321897,-0.08024012,0.00351318,-0.00321897,-6650.6665,2066084.0486,OK,0.0000,266.0267,4.0000,96.0000,AG03-UNRESOLVED,ALL5_LEVELS_bet23_to_bet27,266.0267,266.0267,266.0267,332.5333,332.5333,4.000000,4.000000,4.000000,5.000000,5.000000,96.000000,96.000000,96.000000,95.000000,95.000000,5.0,1463.1466,1340.2806,5187.5199,5310.3859,PENDING_AG03,FALSE,NOT_FOR_ENFORCEMENT,6384.6399,1800081.0682,6650.6665,6384.6399,266.0267,0.00321897,0.00309021,266.0267,6384.6399,0.00309021,266.0267,266.0267,266.0267,332.5333,332.5333,6384.6399,0.00309021,1463.1466,1340.2806,5187.5199,5310.3859,0.00251080,0.00257027,0.00012876,371.7316,502.2996,1.7816,195.6078,18.0235,60767.1779,109.7941,191.9923,404.8606,67.659,338.295,676.59,676.59,676.59,679.3478,270.636,-67.659,2.0,2.008152,1.098839,13,83,54,7,0.08038074,0.00321897,0.08024012,0E-8,0.000000,0.907555,0.005578,-0.08375330,2026-05-19,2026-07-26,34,369,121,69,0.492754,0.474218,0.516481,0.267936,,,,,,,,GLOBAL_BASELINE_NO_ENTITY_RANKING,,,NOT_APPLICABLE_GLOBAL_BASELINE,HF9g-P5,,,,X 全窗基线 · 不参与实体赏罚,14197281,1420,A168_HF9F_20260827_0900,2026-08-27 09:00:00
2026-06-26,145604771,2121,0,11502.0297699592,1589.9864682005,1589.9864682005,0.5625000,26,16,0.47802650000000679,0.364298450000,0.6764415345955245,1.6474480967267084,0.6764415345955245,0.11372805000000679,ELIGIBLE,R03b_20260811_FULL_v1,L1_ELIGIBILITY,v2026-08-11,2026-03-21..2026-08-06,baccarat_bet02_101_all_pairs_incl_sentinel,round_win = game_pnl > 0 (decisive only),COMPATIBILITY_ONLY_NOT_PRODUCTION,2066084.0486,1875084.4460,6650.6665,5558,3733,-0.00321897,-0.08024012,0.00351318,-0.00321897,-6650.6665,2066084.0486,OK,0.0000,266.0267,4.0000,96.0000,AG03-UNRESOLVED,ALL5_LEVELS_bet23_to_bet27,266.0267,266.0267,266.0267,332.5333,332.5333,4.000000,4.000000,4.000000,5.000000,5.000000,96.000000,96.000000,96.000000,95.000000,95.000000,5.0,1463.1466,1340.2806,5187.5199,5310.3859,PENDING_AG03,FALSE,NOT_FOR_ENFORCEMENT,6384.6399,1800081.0682,6650.6665,6384.6399,266.0267,0.00321897,0.00309021,266.0267,6384.6399,0.00309021,266.0267,266.0267,266.0267,332.5333,332.5333,6384.6399,0.00309021,1463.1466,1340.2806,5187.5199,5310.3859,0.00251080,0.00257027,0.00012876,371.7316,502.2996,1.7816,195.6078,18.0235,60767.1779,109.7941,191.9923,404.8606,67.659,338.295,676.59,676.59,676.59,679.3478,270.636,-67.659,2.0,2.008152,1.098839,13,83,54,7,0.08038074,0.00321897,0.08024012,0E-8,0.000000,0.907555,0.005578,-0.08375330,2026-05-19,2026-07-26,34,369,121,69,0.492754,0.474218,0.516481,0.267936,,,,,,,,GLOBAL_BASELINE_NO_ENTITY_RANKING,,,NOT_APPLICABLE_GLOBAL_BASELINE,HF9g-P5,,,,X 全窗基线 · 不参与实体赏罚,14197282,1420,A168_HF9F_20260827_0900,2026-08-27 09:00:00
2026-06-26,145604771,2127,0,7476.3193504735,-2774.0189445195,-2774.0189445195,0.2727273,17,12,0.48309950000000453,0.407280800000,-1.3962493290355913,-0.9082804435240175,-1.3962493290355913,0.07581870000000453,ELIGIBLE,R03b_20260811_FULL_v1,L1_ELIGIBILITY,v2026-08-11,2026-03-21..2026-08-06,baccarat_bet02_101_all_pairs_incl_sentinel,round_win = game_pnl > 0 (decisive only),COMPATIBILITY_ONLY_NOT_PRODUCTION,2066084.0486,1875084.4460,6650.6665,5558,3733,-0.00321897,-0.08024012,0.00351318,-0.00321897,-6650.6665,2066084.0486,OK,0.0000,266.0267,4.0000,96.0000,AG03-UNRESOLVED,ALL5_LEVELS_bet23_to_bet27,266.0267,266.0267,266.0267,332.5333,332.5333,4.000000,4.000000,4.000000,5.000000,5.000000,96.000000,96.000000,96.000000,95.000000,95.000000,5.0,1463.1466,1340.2806,5187.5199,5310.3859,PENDING_AG03,FALSE,NOT_FOR_ENFORCEMENT,6384.6399,1800081.0682,6650.6665,6384.6399,266.0267,0.00321897,0.00309021,266.0267,6384.6399,0.00309021,266.0267,266.0267,266.0267,332.5333,332.5333,6384.6399,0.00309021,1463.1466,1340.2806,5187.5199,5310.3859,0.00251080,0.00257027,0.00012876,371.7316,502.2996,1.7816,195.6078,18.0235,60767.1779,109.7941,191.9923,404.8606,67.659,338.295,676.59,676.59,676.59,679.3478,270.636,-67.659,2.0,2.008152,1.098839,13,83,54,7,0.08038074,0.00321897,0.08024012,0E-8,0.000000,0.907555,0.005578,-0.08375330,2026-05-19,2026-07-26,34,369,121,69,0.492754,0.474218,0.516481,0.267936,,,,,,,,GLOBAL_BASELINE_NO_ENTITY_RANKING,,,NOT_APPLICABLE_GLOBAL_BASELINE,HF9g-P5,,,,X 全窗基线 · 不参与实体赏罚,14197283,1420,A168_HF9F_20260827_0900,2026-08-27 09:00:00
2026-06-26,145604771,2129,0,17050.0676589983,3054.8037889043,3054.8037889043,0.5000000,39,24,0.47418584696970359,0.363282658333,0.2532637725007642,1.3926229679769857,0.2532637725007642,0.11090318863670359,ELIGIBLE,R03b_20260811_FULL_v1,L1_ELIGIBILITY,v2026-08-11,2026-03-21..2026-08-06,baccarat_bet02_101_all_pairs_incl_sentinel,round_win = game_pnl > 0 (decisive only),COMPATIBILITY_ONLY_NOT_PRODUCTION,2066084.0486,1875084.4460,6650.6665,5558,3733,-0.00321897,-0.08024012,0.00351318,-0.00321897,-6650.6665,2066084.0486,OK,0.0000,266.0267,4.0000,96.0000,AG03-UNRESOLVED,ALL5_LEVELS_bet23_to_bet27,266.0267,266.0267,266.0267,332.5333,332.5333,4.000000,4.000000,4.000000,5.000000,5.000000,96.000000,96.000000,96.000000,95.000000,95.000000,5.0,1463.1466,1340.2806,5187.5199,5310.3859,PENDING_AG03,FALSE,NOT_FOR_ENFORCEMENT,6384.6399,1800081.0682,6650.6665,6384.6399,266.0267,0.00321897,0.00309021,266.0267,6384.6399,0.00309021,266.0267,266.0267,266.0267,332.5333,332.5333,6384.6399,0.00309021,1463.1466,1340.2806,5187.5199,5310.3859,0.00251080,0.00257027,0.00012876,371.7316,502.2996,1.7816,195.6078,18.0235,60767.1779,109.7941,191.9923,404.8606,67.659,338.295,676.59,676.59,676.59,679.3478,270.636,-67.659,2.0,2.008152,1.098839,13,83,54,7,0.08038074,0.00321897,0.08024012,0E-8,0.000000,0.907555,0.005578,-0.08375330,2026-05-19,2026-07-26,34,369,121,69,0.492754,0.474218,0.516481,0.267936,,,,,,,,GLOBAL_BASELINE_NO_ENTITY_RANKING,,,NOT_APPLICABLE_GLOBAL_BASELINE,HF9g-P5,,,,X 全窗基线 · 不参与实体赏罚,14197284,1420,A168_HF9F_20260827_0900,2026-08-27 09:00:00
2026-06-26,145604771,2147,0,676.5899864682,-676.5899864682,-676.5899864682,0E-7,1,1,0.49324550000000000,0.493245500000,-0.9865810262130424,-0.9865810262130424,-0.9865810262130424,0E-17,ELIGIBLE,R03b_20260811_FULL_v1,L1_ELIGIBILITY,v2026-08-11,2026-03-21..2026-08-06,baccarat_bet02_101_all_pairs_incl_sentinel,round_win = game_pnl > 0 (decisive only),COMPATIBILITY_ONLY_NOT_PRODUCTION,2066084.0486,1875084.4460,6650.6665,5558,3733,-0.00321897,-0.08024012,0.00351318,-0.00321897,-6650.6665,2066084.0486,OK,0.0000,266.0267,4.0000,96.0000,AG03-UNRESOLVED,ALL5_LEVELS_bet23_to_bet27,266.0267,266.0267,266.0267,332.5333,332.5333,4.000000,4.000000,4.000000,5.000000,5.000000,96.000000,96.000000,96.000000,95.000000,95.000000,5.0,1463.1466,1340.2806,5187.5199,5310.3859,PENDING_AG03,FALSE,NOT_FOR_ENFORCEMENT,6384.6399,1800081.0682,6650.6665,6384.6399,266.0267,0.00321897,0.00309021,266.0267,6384.6399,0.00309021,266.0267,266.0267,266.0267,332.5333,332.5333,6384.6399,0.00309021,1463.1466,1340.2806,5187.5199,5310.3859,0.00251080,0.00257027,0.00012876,371.7316,502.2996,1.7816,195.6078,18.0235,60767.1779,109.7941,191.9923,404.8606,67.659,338.295,676.59,676.59,676.59,679.3478,270.636,-67.659,2.0,2.008152,1.098839,13,83,54,7,0.08038074,0.00321897,0.08024012,0E-8,0.000000,0.907555,0.005578,-0.08375330,2026-05-19,2026-07-26,34,369,121,69,0.492754,0.474218,0.516481,0.267936,,,,,,,,GLOBAL_BASELINE_NO_ENTITY_RANKING,,,NOT_APPLICABLE_GLOBAL_BASELINE,HF9g-P5,,,,X 全窗基线 · 不参与实体赏罚,14197285,1420,A168_HF9F_20260827_0900,2026-08-27 09:00:00
2026-06-26,145604771,2153,0,4871.4479025710,642.7604871448,642.7604871448,0.5000000,9,7,0.49296711818182135,0.440008628571,0.034457352539913375,0.2960350619022782,0.034457352539913375,0.05295848961082135,ELIGIBLE,R03b_20260811_FULL_v1,L1_ELIGIBILITY,v2026-08-11,2026-03-21..2026-08-06,baccarat_bet02_101_all_pairs_incl_sentinel,round_win = game_pnl > 0 (decisive only),COMPATIBILITY_ONLY_NOT_PRODUCTION,2066084.0486,1875084.4460,6650.6665,5558,3733,-0.00321897,-0.08024012,0.00351318,-0.00321897,-6650.6665,2066084.0486,OK,0.0000,266.0267,4.0000,96.0000,AG03-UNRESOLVED,ALL5_LEVELS_bet23_to_bet27,266.0267,266.0267,266.0267,332.5333,332.5333,4.000000,4.000000,4.000000,5.000000,5.000000,96.000000,96.000000,96.000000,95.000000,95.000000,5.0,1463.1466,1340.2806,5187.5199,5310.3859,PENDING_AG03,FALSE,NOT_FOR_ENFORCEMENT,6384.6399,1800081.0682,6650.6665,6384.6399,266.0267,0.00321897,0.00309021,266.0267,6384.6399,0.00309021,266.0267,266.0267,266.0267,332.5333,332.5333,6384.6399,0.00309021,1463.1466,1340.2806,5187.5199,5310.3859,0.00251080,0.00257027,0.00012876,371.7316,502.2996,1.7816,195.6078,18.0235,60767.1779,109.7941,191.9923,404.8606,67.659,338.295,676.59,676.59,676.59,679.3478,270.636,-67.659,2.0,2.008152,1.098839,13,83,54,7,0.08038074,0.00321897,0.08024012,0E-8,0.000000,0.907555,0.005578,-0.08375330,2026-05-19,2026-07-26,34,369,121,69,0.492754,0.474218,0.516481,0.267936,,,,,,,,GLOBAL_BASELINE_NO_ENTITY_RANKING,,,NOT_APPLICABLE_GLOBAL_BASELINE,HF9g-P5,,,,X 全窗基线 · 不参与实体赏罚,14197286,1420,A168_HF9F_20260827_0900,2026-08-27 09:00:00
2026-06-26,145604771,2155,0,3721.2449255750,-507.4424898512,-507.4424898512,0.4285714,13,7,0.45115114812031116,0.316820642857,-0.12005497177741943,0.6355145560678218,-0.12005497177741943,0.13433050526331116,ELIGIBLE,R03b_20260811_FULL_v1,L1_ELIGIBILITY,v2026-08-11,2026-03-21..2026-08-06,baccarat_bet02_101_all_pairs_incl_sentinel,round_win = game_pnl > 0 (decisive only),COMPATIBILITY_ONLY_NOT_PRODUCTION,2066084.0486,1875084.4460,6650.6665,5558,3733,-0.00321897,-0.08024012,0.00351318,-0.00321897,-6650.6665,2066084.0486,OK,0.0000,266.0267,4.0000,96.0000,AG03-UNRESOLVED,ALL5_LEVELS_bet23_to_bet27,266.0267,266.0267,266.0267,332.5333,332.5333,4.000000,4.000000,4.000000,5.000000,5.000000,96.000000,96.000000,96.000000,95.000000,95.000000,5.0,1463.1466,1340.2806,5187.5199,5310.3859,PENDING_AG03,FALSE,NOT_FOR_ENFORCEMENT,6384.6399,1800081.0682,6650.6665,6384.6399,266.0267,0.00321897,0.00309021,266.0267,6384.6399,0.00309021,266.0267,266.0267,266.0267,332.5333,332.5333,6384.6399,0.00309021,1463.1466,1340.2806,5187.5199,5310.3859,0.00251080,0.00257027,0.00012876,371.7316,502.2996,1.7816,195.6078,18.0235,60767.1779,109.7941,191.9923,404.8606,67.659,338.295,676.59,676.59,676.59,679.3478,270.636,-67.659,2.0,2.008152,1.098839,13,83,54,7,0.08038074,0.00321897,0.08024012,0E-8,0.000000,0.907555,0.005578,-0.08375330,2026-05-19,2026-07-26,34,369,121,69,0.492754,0.474218,0.516481,0.267936,,,,,,,,GLOBAL_BASELINE_NO_ENTITY_RANKING,,,NOT_APPLICABLE_GLOBAL_BASELINE,HF9g-P5,,,,X 全窗基线 · 不参与实体赏罚,14197287,1420,A168_HF9F_20260827_0900,2026-08-27 09:00:00
2026-06-26,145604771,2250,0,5886.3328822732,1420.8389715834,1420.8389715834,0.6250000,15,8,0.46579014659091827,0.312079356250,0.9027423987406122,1.9101941760234527,0.9027423987406122,0.15371079034091827,ELIGIBLE,R03b_20260811_FULL_v1,L1_ELIGIBILITY,v2026-08-11,2026-03-21..2026-08-06,baccarat_bet02_101_all_pairs_incl_sentinel,round_win = game_pnl > 0 (decisive only),COMPATIBILITY_ONLY_NOT_PRODUCTION,2066084.0486,1875084.4460,6650.6665,5558,3733,-0.00321897,-0.08024012,0.00351318,-0.00321897,-6650.6665,2066084.0486,OK,0.0000,266.0267,4.0000,96.0000,AG03-UNRESOLVED,ALL5_LEVELS_bet23_to_bet27,266.0267,266.0267,266.0267,332.5333,332.5333,4.000000,4.000000,4.000000,5.000000,5.000000,96.000000,96.000000,96.000000,95.000000,95.000000,5.0,1463.1466,1340.2806,5187.5199,5310.3859,PENDING_AG03,FALSE,NOT_FOR_ENFORCEMENT,6384.6399,1800081.0682,6650.6665,6384.6399,266.0267,0.00321897,0.00309021,266.0267,6384.6399,0.00309021,266.0267,266.0267,266.0267,332.5333,332.5333,6384.6399,0.00309021,1463.1466,1340.2806,5187.5199,5310.3859,0.00251080,0.00257027,0.00012876,371.7316,502.2996,1.7816,195.6078,18.0235,60767.1779,109.7941,191.9923,404.8606,67.659,338.295,676.59,676.59,676.59,679.3478,270.636,-67.659,2.0,2.008152,1.098839,13,83,54,7,0.08038074,0.00321897,0.08024012,0E-8,0.000000,0.907555,0.005578,-0.08375330,2026-05-19,2026-07-26,34,369,121,69,0.492754,0.474218,0.516481,0.267936,,,,,,,,GLOBAL_BASELINE_NO_ENTITY_RANKING,,,NOT_APPLICABLE_GLOBAL_BASELINE,HF9g-P5,,,,X 全窗基线 · 不参与实体赏罚,14197288,1420,A168_HF9F_20260827_0900,2026-08-27 09:00:00
2026-06-26,145604771,2254,0,2165.0879566982,-845.7374830852,-845.7374830852,0.3333333,5,3,0.47472234242424981,0.351152533333,-0.49041300426826406,-0.06465909475057204,-0.49041300426826406,0.12356980909124981,ELIGIBLE,R03b_20260811_FULL_v1,L1_ELIGIBILITY,v2026-08-11,2026-03-21..2026-08-06,baccarat_bet02_101_all_pairs_incl_sentinel,round_win = game_pnl > 0 (decisive only),COMPATIBILITY_ONLY_NOT_PRODUCTION,2066084.0486,1875084.4460,6650.6665,5558,3733,-0.00321897,-0.08024012,0.00351318,-0.00321897,-6650.6665,2066084.0486,OK,0.0000,266.0267,4.0000,96.0000,AG03-UNRESOLVED,ALL5_LEVELS_bet23_to_bet27,266.0267,266.0267,266.0267,332.5333,332.5333,4.000000,4.000000,4.000000,5.000000,5.000000,96.000000,96.000000,96.000000,95.000000,95.000000,5.0,1463.1466,1340.2806,5187.5199,5310.3859,PENDING_AG03,FALSE,NOT_FOR_ENFORCEMENT,6384.6399,1800081.0682,6650.6665,6384.6399,266.0267,0.00321897,0.00309021,266.0267,6384.6399,0.00309021,266.0267,266.0267,266.0267,332.5333,332.5333,6384.6399,0.00309021,1463.1466,1340.2806,5187.5199,5310.3859,0.00251080,0.00257027,0.00012876,371.7316,502.2996,1.7816,195.6078,18.0235,60767.1779,109.7941,191.9923,404.8606,67.659,338.295,676.59,676.59,676.59,679.3478,270.636,-67.659,2.0,2.008152,1.098839,13,83,54,7,0.08038074,0.00321897,0.08024012,0E-8,0.000000,0.907555,0.005578,-0.08375330,2026-05-19,2026-07-26,34,369,121,69,0.492754,0.474218,0.516481,0.267936,,,,,,,,GLOBAL_BASELINE_NO_ENTITY_RANKING,,,NOT_APPLICABLE_GLOBAL_BASELINE,HF9g-P5,,,,X 全窗基线 · 不参与实体赏罚,14197289,1420,A168_HF9F_20260827_0900,2026-08-27 09:00:00
2026-06-26,145604771,2271,0,845.7374830852,-845.7374830852,-845.7374830852,0E-7,3,2,0.46974214666667262,0.386675775000,-1.3310709560480516,-1.122906047548861,-1.3310709560480516,0.08306637166667262,ELIGIBLE,R03b_20260811_FULL_v1,L1_ELIGIBILITY,v2026-08-11,2026-03-21..2026-08-06,baccarat_bet02_101_all_pairs_incl_sentinel,round_win = game_pnl > 0 (decisive only),COMPATIBILITY_ONLY_NOT_PRODUCTION,2066084.0486,1875084.4460,6650.6665,5558,3733,-0.00321897,-0.08024012,0.00351318,-0.00321897,-6650.6665,2066084.0486,OK,0.0000,266.0267,4.0000,96.0000,AG03-UNRESOLVED,ALL5_LEVELS_bet23_to_bet27,266.0267,266.0267,266.0267,332.5333,332.5333,4.000000,4.000000,4.000000,5.000000,5.000000,96.000000,96.000000,96.000000,95.000000,95.000000,5.0,1463.1466,1340.2806,5187.5199,5310.3859,PENDING_AG03,FALSE,NOT_FOR_ENFORCEMENT,6384.6399,1800081.0682,6650.6665,6384.6399,266.0267,0.00321897,0.00309021,266.0267,6384.6399,0.00309021,266.0267,266.0267,266.0267,332.5333,332.5333,6384.6399,0.00309021,1463.1466,1340.2806,5187.5199,5310.3859,0.00251080,0.00257027,0.00012876,371.7316,502.2996,1.7816,195.6078,18.0235,60767.1779,109.7941,191.9923,404.8606,67.659,338.295,676.59,676.59,676.59,679.3478,270.636,-67.659,2.0,2.008152,1.098839,13,83,54,7,0.08038074,0.00321897,0.08024012,0E-8,0.000000,0.907555,0.005578,-0.08375330,2026-05-19,2026-07-26,34,369,121,69,0.492754,0.474218,0.516481,0.267936,,,,,,,,GLOBAL_BASELINE_NO_ENTITY_RANKING,,,NOT_APPLICABLE_GLOBAL_BASELINE,HF9g-P5,,,,X 全窗基线 · 不参与实体赏罚,14197290,1420,A168_HF9F_20260827_0900,2026-08-27 09:00:00
2026-06-26,145604771,471,0,4066.3058186739,1349.7970230040,1349.7970230040,0.6000000,8,6,0.49384795589108928,0.424890641667,0.4747623117889083,0.7921009945905673,0.4747623117889083,0.06895731422408928,ELIGIBLE,R03b_20260811_FULL_v1,L1_ELIGIBILITY,v2026-08-11,2026-03-21..2026-08-06,baccarat_bet02_101_all_pairs_incl_sentinel,round_win = game_pnl > 0 (decisive only),COMPATIBILITY_ONLY_NOT_PRODUCTION,2066084.0486,1875084.4460,6650.6665,5558,3733,-0.00321897,-0.08024012,0.00351318,-0.00321897,-6650.6665,2066084.0486,OK,0.0000,266.0267,4.0000,96.0000,AG03-UNRESOLVED,ALL5_LEVELS_bet23_to_bet27,266.0267,266.0267,266.0267,332.5333,332.5333,4.000000,4.000000,4.000000,5.000000,5.000000,96.000000,96.000000,96.000000,95.000000,95.000000,5.0,1463.1466,1340.2806,5187.5199,5310.3859,PENDING_AG03,FALSE,NOT_FOR_ENFORCEMENT,6384.6399,1800081.0682,6650.6665,6384.6399,266.0267,0.00321897,0.00309021,266.0267,6384.6399,0.00309021,266.0267,266.0267,266.0267,332.5333,332.5333,6384.6399,0.00309021,1463.1466,1340.2806,5187.5199,5310.3859,0.00251080,0.00257027,0.00012876,371.7316,502.2996,1.7816,195.6078,18.0235,60767.1779,109.7941,191.9923,404.8606,67.659,338.295,676.59,676.59,676.59,679.3478,270.636,-67.659,2.0,2.008152,1.098839,13,83,54,7,0.08038074,0.00321897,0.08024012,0E-8,0.000000,0.907555,0.005578,-0.08375330,2026-05-19,2026-07-26,34,369,121,69,0.492754,0.474218,0.516481,0.267936,,,,,,,,GLOBAL_BASELINE_NO_ENTITY_RANKING,,,NOT_APPLICABLE_GLOBAL_BASELINE,HF9g-P5,,,,X 全窗基线 · 不参与实体赏罚,14197291,1420,A168_HF9F_20260827_0900,2026-08-27 09:00:00
2026-06-26,145604771,526,0,5683.3558863328,-1353.1799729363,-1353.1799729363,0.3750000,14,9,0.47948352727273297,0.384041650000,-0.5915462890660318,-0.052580879747721715,-0.5915462890660318,0.09544187727273297,ELIGIBLE,R03b_20260811_FULL_v1,L1_ELIGIBILITY,v2026-08-11,2026-03-21..2026-08-06,baccarat_bet02_101_all_pairs_incl_sentinel,round_win = game_pnl > 0 (decisive only),COMPATIBILITY_ONLY_NOT_PRODUCTION,2066084.0486,1875084.4460,6650.6665,5558,3733,-0.00321897,-0.08024012,0.00351318,-0.00321897,-6650.6665,2066084.0486,OK,0.0000,266.0267,4.0000,96.0000,AG03-UNRESOLVED,ALL5_LEVELS_bet23_to_bet27,266.0267,266.0267,266.0267,332.5333,332.5333,4.000000,4.000000,4.000000,5.000000,5.000000,96.000000,96.000000,96.000000,95.000000,95.000000,5.0,1463.1466,1340.2806,5187.5199,5310.3859,PENDING_AG03,FALSE,NOT_FOR_ENFORCEMENT,6384.6399,1800081.0682,6650.6665,6384.6399,266.0267,0.00321897,0.00309021,266.0267,6384.6399,0.00309021,266.0267,266.0267,266.0267,332.5333,332.5333,6384.6399,0.00309021,1463.1466,1340.2806,5187.5199,5310.3859,0.00251080,0.00257027,0.00012876,371.7316,502.2996,1.7816,195.6078,18.0235,60767.1779,109.7941,191.9923,404.8606,67.659,338.295,676.59,676.59,676.59,679.3478,270.636,-67.659,2.0,2.008152,1.098839,13,83,54,7,0.08038074,0.00321897,0.08024012,0E-8,0.000000,0.907555,0.005578,-0.08375330,2026-05-19,2026-07-26,34,369,121,69,0.492754,0.474218,0.516481,0.267936,,,,,,,,GLOBAL_BASELINE_NO_ENTITY_RANKING,,,NOT_APPLICABLE_GLOBAL_BASELINE,HF9g-P5,,,,X 全窗基线 · 不参与实体赏罚,14197292,1420,A168_HF9F_20260827_0900,2026-08-27 09:00:00
2026-06-26,145604771,529,0,338.2949932341,-338.2949932341,-338.2949932341,0E-7,1,1,0.49324550000000000,0.493245500000,-0.9865810262130424,-0.9865810262130424,-0.9865810262130424,0E-17,ELIGIBLE,R03b_20260811_FULL_v1,L1_ELIGIBILITY,v2026-08-11,2026-03-21..2026-08-06,baccarat_bet02_101_all_pairs_incl_sentinel,round_win = game_pnl > 0 (decisive only),COMPATIBILITY_ONLY_NOT_PRODUCTION,2066084.0486,1875084.4460,6650.6665,5558,3733,-0.00321897,-0.08024012,0.00351318,-0.00321897,-6650.6665,2066084.0486,OK,0.0000,266.0267,4.0000,96.0000,AG03-UNRESOLVED,ALL5_LEVELS_bet23_to_bet27,266.0267,266.0267,266.0267,332.5333,332.5333,4.000000,4.000000,4.000000,5.000000,5.000000,96.000000,96.000000,96.000000,95.000000,95.000000,5.0,1463.1466,1340.2806,5187.5199,5310.3859,PENDING_AG03,FALSE,NOT_FOR_ENFORCEMENT,6384.6399,1800081.0682,6650.6665,6384.6399,266.0267,0.00321897,0.00309021,266.0267,6384.6399,0.00309021,266.0267,266.0267,266.0267,332.5333,332.5333,6384.6399,0.00309021,1463.1466,1340.2806,5187.5199,5310.3859,0.00251080,0.00257027,0.00012876,371.7316,502.2996,1.7816,195.6078,18.0235,60767.1779,109.7941,191.9923,404.8606,67.659,338.295,676.59,676.59,676.59,679.3478,270.636,-67.659,2.0,2.008152,1.098839,13,83,54,7,0.08038074,0.00321897,0.08024012,0E-8,0.000000,0.907555,0.005578,-0.08375330,2026-05-19,2026-07-26,34,369,121,69,0.492754,0.474218,0.516481,0.267936,,,,,,,,GLOBAL_BASELINE_NO_ENTITY_RANKING,,,NOT_APPLICABLE_GLOBAL_BASELINE,HF9g-P5,,,,X 全窗基线 · 不参与实体赏罚,14197293,1420,A168_HF9F_20260827_0900,2026-08-27 09:00:00
2026-06-26,145604771,550,0,3518.2679296346,-2165.0879566982,-2165.0879566982,0.2000000,7,5,0.48288490181818604,0.412132850000,-1.265841555198346,-0.9636841509083588,-1.265841555198346,0.07075205181818604,ELIGIBLE,R03b_20260811_FULL_v1,L1_ELIGIBILITY,v2026-08-11,2026-03-21..2026-08-06,baccarat_bet02_101_all_pairs_incl_sentinel,round_win = game_pnl > 0 (decisive only),COMPATIBILITY_ONLY_NOT_PRODUCTION,2066084.0486,1875084.4460,6650.6665,5558,3733,-0.00321897,-0.08024012,0.00351318,-0.00321897,-6650.6665,2066084.0486,OK,0.0000,266.0267,4.0000,96.0000,AG03-UNRESOLVED,ALL5_LEVELS_bet23_to_bet27,266.0267,266.0267,266.0267,332.5333,332.5333,4.000000,4.000000,4.000000,5.000000,5.000000,96.000000,96.000000,96.000000,95.000000,95.000000,5.0,1463.1466,1340.2806,5187.5199,5310.3859,PENDING_AG03,FALSE,NOT_FOR_ENFORCEMENT,6384.6399,1800081.0682,6650.6665,6384.6399,266.0267,0.00321897,0.00309021,266.0267,6384.6399,0.00309021,266.0267,266.0267,266.0267,332.5333,332.5333,6384.6399,0.00309021,1463.1466,1340.2806,5187.5199,5310.3859,0.00251080,0.00257027,0.00012876,371.7316,502.2996,1.7816,195.6078,18.0235,60767.1779,109.7941,191.9923,404.8606,67.659,338.295,676.59,676.59,676.59,679.3478,270.636,-67.659,2.0,2.008152,1.098839,13,83,54,7,0.08038074,0.00321897,0.08024012,0E-8,0.000000,0.907555,0.005578,-0.08375330,2026-05-19,2026-07-26,34,369,121,69,0.492754,0.474218,0.516481,0.267936,,,,,,,,GLOBAL_BASELINE_NO_ENTITY_RANKING,,,NOT_APPLICABLE_GLOBAL_BASELINE,HF9g-P5,,,,X 全窗基线 · 不参与实体赏罚,14197294,1420,A168_HF9F_20260827_0900,2026-08-27 09:00:00
2026-06-26,145604771,925,0,3626.5223274695,-920.1623815967,-920.1623815967,0.2857143,9,7,0.36230974415584717,0.311772564286,-0.42160634895124127,-0.1488366218592523,-0.42160634895124127,0.05053717986984717,ELIGIBLE,R03b_20260811_FULL_v1,L1_ELIGIBILITY,v2026-08-11,2026-03-21..2026-08-06,baccarat_bet02_101_all_pairs_incl_sentinel,round_win = game_pnl > 0 (decisive only),COMPATIBILITY_ONLY_NOT_PRODUCTION,2066084.0486,1875084.4460,6650.6665,5558,3733,-0.00321897,-0.08024012,0.00351318,-0.00321897,-6650.6665,2066084.0486,OK,0.0000,266.0267,4.0000,96.0000,AG03-UNRESOLVED,ALL5_LEVELS_bet23_to_bet27,266.0267,266.0267,266.0267,332.5333,332.5333,4.000000,4.000000,4.000000,5.000000,5.000000,96.000000,96.000000,96.000000,95.000000,95.000000,5.0,1463.1466,1340.2806,5187.5199,5310.3859,PENDING_AG03,FALSE,NOT_FOR_ENFORCEMENT,6384.6399,1800081.0682,6650.6665,6384.6399,266.0267,0.00321897,0.00309021,266.0267,6384.6399,0.00309021,266.0267,266.0267,266.0267,332.5333,332.5333,6384.6399,0.00309021,1463.1466,1340.2806,5187.5199,5310.3859,0.00251080,0.00257027,0.00012876,371.7316,502.2996,1.7816,195.6078,18.0235,60767.1779,109.7941,191.9923,404.8606,67.659,338.295,676.59,676.59,676.59,679.3478,270.636,-67.659,2.0,2.008152,1.098839,13,83,54,7,0.08038074,0.00321897,0.08024012,0E-8,0.000000,0.907555,0.005578,-0.08375330,2026-05-19,2026-07-26,34,369,121,69,0.492754,0.474218,0.516481,0.267936,,,,,,,,GLOBAL_BASELINE_NO_ENTITY_RANKING,,,NOT_APPLICABLE_GLOBAL_BASELINE,HF9g-P5,,,,X 全窗基线 · 不参与实体赏罚,14197295,1420,A168_HF9F_20260827_0900,2026-08-27 09:00:00
2026-06-27,145604771,1151,0,10554.8037889038,2774.0189445198,2774.0189445198,0.6000000,21,15,0.48749368545454988,0.413351800000,0.871742902780044,1.4679817205492598,0.871742902780044,0.07414188545454988,ELIGIBLE,R03b_20260811_FULL_v1,L1_ELIGIBILITY,v2026-08-11,2026-03-21..2026-08-06,baccarat_bet02_101_all_pairs_incl_sentinel,round_win = game_pnl > 0 (decisive only),COMPATIBILITY_ONLY_NOT_PRODUCTION,2066084.0486,1875084.4460,6650.6665,5558,3733,-0.00321897,-0.08024012,0.00351318,-0.00321897,-6650.6665,2066084.0486,OK,0.0000,266.0267,4.0000,96.0000,AG03-UNRESOLVED,ALL5_LEVELS_bet23_to_bet27,266.0267,266.0267,266.0267,332.5333,332.5333,4.000000,4.000000,4.000000,5.000000,5.000000,96.000000,96.000000,96.000000,95.000000,95.000000,5.0,1463.1466,1340.2806,5187.5199,5310.3859,PENDING_AG03,FALSE,NOT_FOR_ENFORCEMENT,6384.6399,1800081.0682,6650.6665,6384.6399,266.0267,0.00321897,0.00309021,266.0267,6384.6399,0.00309021,266.0267,266.0267,266.0267,332.5333,332.5333,6384.6399,0.00309021,1463.1466,1340.2806,5187.5199,5310.3859,0.00251080,0.00257027,0.00012876,371.7316,502.2996,1.7816,195.6078,18.0235,60767.1779,109.7941,191.9923,404.8606,67.659,338.295,676.59,676.59,676.59,679.3478,270.636,-67.659,2.0,2.008152,1.098839,13,83,54,7,0.08038074,0.00321897,0.08024012,0E-8,0.000000,0.907555,0.005578,-0.08375330,2026-05-19,2026-07-26,34,369,121,69,0.492754,0.474218,0.516481,0.267936,,,,,,,,GLOBAL_BASELINE_NO_ENTITY_RANKING,,,NOT_APPLICABLE_GLOBAL_BASELINE,HF9g-P5,,,,X 全窗基线 · 不参与实体赏罚,14197296,1420,A168_HF9F_20260827_0900,2026-08-27 09:00:00
2026-06-27,145604771,1205,0,10974.2895805141,2397.8349120435,2397.8349120435,0.5882353,24,17,0.48160367586683277,0.411145008824,0.8799026134758408,1.4839439817171216,0.8799026134758408,0.07045866704283277,ELIGIBLE,R03b_20260811_FULL_v1,L1_ELIGIBILITY,v2026-08-11,2026-03-21..2026-08-06,baccarat_bet02_101_all_pairs_incl_sentinel,round_win = game_pnl > 0 (decisive only),COMPATIBILITY_ONLY_NOT_PRODUCTION,2066084.0486,1875084.4460,6650.6665,5558,3733,-0.00321897,-0.08024012,0.00351318,-0.00321897,-6650.6665,2066084.0486,OK,0.0000,266.0267,4.0000,96.0000,AG03-UNRESOLVED,ALL5_LEVELS_bet23_to_bet27,266.0267,266.0267,266.0267,332.5333,332.5333,4.000000,4.000000,4.000000,5.000000,5.000000,96.000000,96.000000,96.000000,95.000000,95.000000,5.0,1463.1466,1340.2806,5187.5199,5310.3859,PENDING_AG03,FALSE,NOT_FOR_ENFORCEMENT,6384.6399,1800081.0682,6650.6665,6384.6399,266.0267,0.00321897,0.00309021,266.0267,6384.6399,0.00309021,266.0267,266.0267,266.0267,332.5333,332.5333,6384.6399,0.00309021,1463.1466,1340.2806,5187.5199,5310.3859,0.00251080,0.00257027,0.00012876,371.7316,502.2996,1.7816,195.6078,18.0235,60767.1779,109.7941,191.9923,404.8606,67.659,338.295,676.59,676.59,676.59,679.3478,270.636,-67.659,2.0,2.008152,1.098839,13,83,54,7,0.08038074,0.00321897,0.08024012,0E-8,0.000000,0.907555,0.005578,-0.08375330,2026-05-19,2026-07-26,34,369,121,69,0.492754,0.474218,0.516481,0.267936,,,,,,,,GLOBAL_BASELINE_NO_ENTITY_RANKING,,,NOT_APPLICABLE_GLOBAL_BASELINE,HF9g-P5,,,,X 全窗基线 · 不参与实体赏罚,14197297,1420,A168_HF9F_20260827_0900,2026-08-27 09:00:00
2026-06-27,145604771,1221,0,15155.6156968875,4364.0054127201,4364.0054127201,0.6000000,31,22,0.48287854242424694,0.413862086364,1.0481808798270806,1.6901377853457211,1.0481808798270806,0.06901645606024694,ELIGIBLE,R03b_20260811_FULL_v1,L1_ELIGIBILITY,v2026-08-11,2026-03-21..2026-08-06,baccarat_bet02_101_all_pairs_incl_sentinel,round_win = game_pnl > 0 (decisive only),COMPATIBILITY_ONLY_NOT_PRODUCTION,2066084.0486,1875084.4460,6650.6665,5558,3733,-0.00321897,-0.08024012,0.00351318,-0.00321897,-6650.6665,2066084.0486,OK,0.0000,266.0267,4.0000,96.0000,AG03-UNRESOLVED,ALL5_LEVELS_bet23_to_bet27,266.0267,266.0267,266.0267,332.5333,332.5333,4.000000,4.000000,4.000000,5.000000,5.000000,96.000000,96.000000,96.000000,95.000000,95.000000,5.0,1463.1466,1340.2806,5187.5199,5310.3859,PENDING_AG03,FALSE,NOT_FOR_ENFORCEMENT,6384.6399,1800081.0682,6650.6665,6384.6399,266.0267,0.00321897,0.00309021,266.0267,6384.6399,0.00309021,266.0267,266.0267,266.0267,332.5333,332.5333,6384.6399,0.00309021,1463.1466,1340.2806,5187.5199,5310.3859,0.00251080,0.00257027,0.00012876,371.7316,502.2996,1.7816,195.6078,18.0235,60767.1779,109.7941,191.9923,404.8606,67.659,338.295,676.59,676.59,676.59,679.3478,270.636,-67.659,2.0,2.008152,1.098839,13,83,54,7,0.08038074,0.00321897,0.08024012,0E-8,0.000000,0.907555,0.005578,-0.08375330,2026-05-19,2026-07-26,34,369,121,69,0.492754,0.474218,0.516481,0.267936,,,,,,,,GLOBAL_BASELINE_NO_ENTITY_RANKING,,,NOT_APPLICABLE_GLOBAL_BASELINE,HF9g-P5,,,,X 全窗基线 · 不参与实体赏罚,14197298,1420,A168_HF9F_20260827_0900,2026-08-27 09:00:00
2026-06-27,145604771,1299,0,1353.1799729364,-33.8294993234,-33.8294993234,0.5000000,2,2,0.50665070000000000,0.506650700000,-0.018812684590367487,-0.018812684590367487,-0.018812684590367487,0E-17,ELIGIBLE,R03b_20260811_FULL_v1,L1_ELIGIBILITY,v2026-08-11,2026-03-21..2026-08-06,baccarat_bet02_101_all_pairs_incl_sentinel,round_win = game_pnl > 0 (decisive only),COMPATIBILITY_ONLY_NOT_PRODUCTION,2066084.0486,1875084.4460,6650.6665,5558,3733,-0.00321897,-0.08024012,0.00351318,-0.00321897,-6650.6665,2066084.0486,OK,0.0000,266.0267,4.0000,96.0000,AG03-UNRESOLVED,ALL5_LEVELS_bet23_to_bet27,266.0267,266.0267,266.0267,332.5333,332.5333,4.000000,4.000000,4.000000,5.000000,5.000000,96.000000,96.000000,96.000000,95.000000,95.000000,5.0,1463.1466,1340.2806,5187.5199,5310.3859,PENDING_AG03,FALSE,NOT_FOR_ENFORCEMENT,6384.6399,1800081.0682,6650.6665,6384.6399,266.0267,0.00321897,0.00309021,266.0267,6384.6399,0.00309021,266.0267,266.0267,266.0267,332.5333,332.5333,6384.6399,0.00309021,1463.1466,1340.2806,5187.5199,5310.3859,0.00251080,0.00257027,0.00012876,371.7316,502.2996,1.7816,195.6078,18.0235,60767.1779,109.7941,191.9923,404.8606,67.659,338.295,676.59,676.59,676.59,679.3478,270.636,-67.659,2.0,2.008152,1.098839,13,83,54,7,0.08038074,0.00321897,0.08024012,0E-8,0.000000,0.907555,0.005578,-0.08375330,2026-05-19,2026-07-26,34,369,121,69,0.492754,0.474218,0.516481,0.267936,,,,,,,,GLOBAL_BASELINE_NO_ENTITY_RANKING,,,NOT_APPLICABLE_GLOBAL_BASELINE,HF9g-P5,,,,X 全窗基线 · 不参与实体赏罚,14197299,1420,A168_HF9F_20260827_0900,2026-08-27 09:00:00
2026-06-27,145604771,1353,0,10487.1447902570,-453.3152909336,-453.3152909336,0.4375000,25,17,0.47748870882353655,0.397317314706,-0.32023439806386145,0.3284625379527729,-0.32023439806386145,0.08017139411753655,ELIGIBLE,R03b_20260811_FULL_v1,L1_ELIGIBILITY,v2026-08-11,2026-03-21..2026-08-06,baccarat_bet02_101_all_pairs_incl_sentinel,round_win = game_pnl > 0 (decisive only),COMPATIBILITY_ONLY_NOT_PRODUCTION,2066084.0486,1875084.4460,6650.6665,5558,3733,-0.00321897,-0.08024012,0.00351318,-0.00321897,-6650.6665,2066084.0486,OK,0.0000,266.0267,4.0000,96.0000,AG03-UNRESOLVED,ALL5_LEVELS_bet23_to_bet27,266.0267,266.0267,266.0267,332.5333,332.5333,4.000000,4.000000,4.000000,5.000000,5.000000,96.000000,96.000000,96.000000,95.000000,95.000000,5.0,1463.1466,1340.2806,5187.5199,5310.3859,PENDING_AG03,FALSE,NOT_FOR_ENFORCEMENT,6384.6399,1800081.0682,6650.6665,6384.6399,266.0267,0.00321897,0.00309021,266.0267,6384.6399,0.00309021,266.0267,266.0267,266.0267,332.5333,332.5333,6384.6399,0.00309021,1463.1466,1340.2806,5187.5199,5310.3859,0.00251080,0.00257027,0.00012876,371.7316,502.2996,1.7816,195.6078,18.0235,60767.1779,109.7941,191.9923,404.8606,67.659,338.295,676.59,676.59,676.59,679.3478,270.636,-67.659,2.0,2.008152,1.098839,13,83,54,7,0.08038074,0.00321897,0.08024012,0E-8,0.000000,0.907555,0.005578,-0.08375330,2026-05-19,2026-07-26,34,369,121,69,0.492754,0.474218,0.516481,0.267936,,,,,,,,GLOBAL_BASELINE_NO_ENTITY_RANKING,,,NOT_APPLICABLE_GLOBAL_BASELINE,HF9g-P5,,,,X 全窗基线 · 不参与实体赏罚,14197300,1420,A168_HF9F_20260827_0900,2026-08-27 09:00:00
2026-06-27,145604771,1383,0,4106.9012178619,476.9959404602,476.9959404602,0.3750000,10,8,0.48871129753788250,0.446663237500,-0.6434122438207796,-0.4077148694953628,-0.6434122438207796,0.04204806003788250,ELIGIBLE,R03b_20260811_FULL_v1,L1_ELIGIBILITY,v2026-08-11,2026-03-21..2026-08-06,baccarat_bet02_101_all_pairs_incl_sentinel,round_win = game_pnl > 0 (decisive only),COMPATIBILITY_ONLY_NOT_PRODUCTION,2066084.0486,1875084.4460,6650.6665,5558,3733,-0.00321897,-0.08024012,0.00351318,-0.00321897,-6650.6665,2066084.0486,OK,0.0000,266.0267,4.0000,96.0000,AG03-UNRESOLVED,ALL5_LEVELS_bet23_to_bet27,266.0267,266.0267,266.0267,332.5333,332.5333,4.000000,4.000000,4.000000,5.000000,5.000000,96.000000,96.000000,96.000000,95.000000,95.000000,5.0,1463.1466,1340.2806,5187.5199,5310.3859,PENDING_AG03,FALSE,NOT_FOR_ENFORCEMENT,6384.6399,1800081.0682,6650.6665,6384.6399,266.0267,0.00321897,0.00309021,266.0267,6384.6399,0.00309021,266.0267,266.0267,266.0267,332.5333,332.5333,6384.6399,0.00309021,1463.1466,1340.2806,5187.5199,5310.3859,0.00251080,0.00257027,0.00012876,371.7316,502.2996,1.7816,195.6078,18.0235,60767.1779,109.7941,191.9923,404.8606,67.659,338.295,676.59,676.59,676.59,679.3478,270.636,-67.659,2.0,2.008152,1.098839,13,83,54,7,0.08038074,0.00321897,0.08024012,0E-8,0.000000,0.907555,0.005578,-0.08375330,2026-05-19,2026-07-26,34,369,121,69,0.492754,0.474218,0.516481,0.267936,,,,,,,,GLOBAL_BASELINE_NO_ENTITY_RANKING,,,NOT_APPLICABLE_GLOBAL_BASELINE,HF9g-P5,,,,X 全窗基线 · 不参与实体赏罚,14197301,1420,A168_HF9F_20260827_0900,2026-08-27 09:00:00
2026-06-27,145604771,1490,0,8863.3288227334,1792.9634641408,1792.9634641408,0.6363636,14,13,0.50067846503496581,0.487724192308,0.9000344344233061,0.9862598245118293,0.9000344344233061,0.01295427272696581,ELIGIBLE,R03b_20260811_FULL_v1,L1_ELIGIBILITY,v2026-08-11,2026-03-21..2026-08-06,baccarat_bet02_101_all_pairs_incl_sentinel,round_win = game_pnl > 0 (decisive only),COMPATIBILITY_ONLY_NOT_PRODUCTION,2066084.0486,1875084.4460,6650.6665,5558,3733,-0.00321897,-0.08024012,0.00351318,-0.00321897,-6650.6665,2066084.0486,OK,0.0000,266.0267,4.0000,96.0000,AG03-UNRESOLVED,ALL5_LEVELS_bet23_to_bet27,266.0267,266.0267,266.0267,332.5333,332.5333,4.000000,4.000000,4.000000,5.000000,5.000000,96.000000,96.000000,96.000000,95.000000,95.000000,5.0,1463.1466,1340.2806,5187.5199,5310.3859,PENDING_AG03,FALSE,NOT_FOR_ENFORCEMENT,6384.6399,1800081.0682,6650.6665,6384.6399,266.0267,0.00321897,0.00309021,266.0267,6384.6399,0.00309021,266.0267,266.0267,266.0267,332.5333,332.5333,6384.6399,0.00309021,1463.1466,1340.2806,5187.5199,5310.3859,0.00251080,0.00257027,0.00012876,371.7316,502.2996,1.7816,195.6078,18.0235,60767.1779,109.7941,191.9923,404.8606,67.659,338.295,676.59,676.59,676.59,679.3478,270.636,-67.659,2.0,2.008152,1.098839,13,83,54,7,0.08038074,0.00321897,0.08024012,0E-8,0.000000,0.907555,0.005578,-0.08375330,2026-05-19,2026-07-26,34,369,121,69,0.492754,0.474218,0.516481,0.267936,,,,,,,,GLOBAL_BASELINE_NO_ENTITY_RANKING,,,NOT_APPLICABLE_GLOBAL_BASELINE,HF9g-P5,,,,X 全窗基线 · 不参与实体赏罚,14197302,1420,A168_HF9F_20260827_0900,2026-08-27 09:00:00
2026-06-27,145604771,1645,0,3382.9499323409,-1353.1799729363,-1353.1799729363,0.3333333,11,6,0.44682035176769120,0.319284516667,-0.5591421621092081,0.07381483045343895,-0.5591421621092081,0.12753583510069120,ELIGIBLE,R03b_20260811_FULL_v1,L1_ELIGIBILITY,v2026-08-11,2026-03-21..2026-08-06,baccarat_bet02_101_all_pairs_incl_sentinel,round_win = game_pnl > 0 (decisive only),COMPATIBILITY_ONLY_NOT_PRODUCTION,2066084.0486,1875084.4460,6650.6665,5558,3733,-0.00321897,-0.08024012,0.00351318,-0.00321897,-6650.6665,2066084.0486,OK,0.0000,266.0267,4.0000,96.0000,AG03-UNRESOLVED,ALL5_LEVELS_bet23_to_bet27,266.0267,266.0267,266.0267,332.5333,332.5333,4.000000,4.000000,4.000000,5.000000,5.000000,96.000000,96.000000,96.000000,95.000000,95.000000,5.0,1463.1466,1340.2806,5187.5199,5310.3859,PENDING_AG03,FALSE,NOT_FOR_ENFORCEMENT,6384.6399,1800081.0682,6650.6665,6384.6399,266.0267,0.00321897,0.00309021,266.0267,6384.6399,0.00309021,266.0267,266.0267,266.0267,332.5333,332.5333,6384.6399,0.00309021,1463.1466,1340.2806,5187.5199,5310.3859,0.00251080,0.00257027,0.00012876,371.7316,502.2996,1.7816,195.6078,18.0235,60767.1779,109.7941,191.9923,404.8606,67.659,338.295,676.59,676.59,676.59,679.3478,270.636,-67.659,2.0,2.008152,1.098839,13,83,54,7,0.08038074,0.00321897,0.08024012,0E-8,0.000000,0.907555,0.005578,-0.08375330,2026-05-19,2026-07-26,34,369,121,69,0.492754,0.474218,0.516481,0.267936,,,,,,,,GLOBAL_BASELINE_NO_ENTITY_RANKING,,,NOT_APPLICABLE_GLOBAL_BASELINE,HF9g-P5,,,,X 全窗基线 · 不参与实体赏罚,14197303,1420,A168_HF9F_20260827_0900,2026-08-27 09:00:00
2026-06-27,145604771,1646,0,811.9079837618,-811.9079837618,-811.9079837618,0E-7,4,2,0.42788582500001775,0.283761275000,-1.2230313611923094,-0.8901489052571354,-1.2230313611923094,0.14412455000001775,ELIGIBLE,R03b_20260811_FULL_v1,L1_ELIGIBILITY,v2026-08-11,2026-03-21..2026-08-06,baccarat_bet02_101_all_pairs_incl_sentinel,round_win = game_pnl > 0 (decisive only),COMPATIBILITY_ONLY_NOT_PRODUCTION,2066084.0486,1875084.4460,6650.6665,5558,3733,-0.00321897,-0.08024012,0.00351318,-0.00321897,-6650.6665,2066084.0486,OK,0.0000,266.0267,4.0000,96.0000,AG03-UNRESOLVED,ALL5_LEVELS_bet23_to_bet27,266.0267,266.0267,266.0267,332.5333,332.5333,4.000000,4.000000,4.000000,5.000000,5.000000,96.000000,96.000000,96.000000,95.000000,95.000000,5.0,1463.1466,1340.2806,5187.5199,5310.3859,PENDING_AG03,FALSE,NOT_FOR_ENFORCEMENT,6384.6399,1800081.0682,6650.6665,6384.6399,266.0267,0.00321897,0.00309021,266.0267,6384.6399,0.00309021,266.0267,266.0267,266.0267,332.5333,332.5333,6384.6399,0.00309021,1463.1466,1340.2806,5187.5199,5310.3859,0.00251080,0.00257027,0.00012876,371.7316,502.2996,1.7816,195.6078,18.0235,60767.1779,109.7941,191.9923,404.8606,67.659,338.295,676.59,676.59,676.59,679.3478,270.636,-67.659,2.0,2.008152,1.098839,13,83,54,7,0.08038074,0.00321897,0.08024012,0E-8,0.000000,0.907555,0.005578,-0.08375330,2026-05-19,2026-07-26,34,369,121,69,0.492754,0.474218,0.516481,0.267936,,,,,,,,GLOBAL_BASELINE_NO_ENTITY_RANKING,,,NOT_APPLICABLE_GLOBAL_BASELINE,HF9g-P5,,,,X 全窗基线 · 不参与实体赏罚,14197304,1420,A168_HF9F_20260827_0900,2026-08-27 09:00:00
2026-06-27,145604771,1702,0,1353.1799729364,-1353.1799729364,-1353.1799729364,0E-7,2,2,0.49994810000000000,0.499948100000,-1.4140667746232096,-1.4140667746232096,-1.4140667746232096,0E-17,ELIGIBLE,R03b_20260811_FULL_v1,L1_ELIGIBILITY,v2026-08-11,2026-03-21..2026-08-06,baccarat_bet02_101_all_pairs_incl_sentinel,round_win = game_pnl > 0 (decisive only),COMPATIBILITY_ONLY_NOT_PRODUCTION,2066084.0486,1875084.4460,6650.6665,5558,3733,-0.00321897,-0.08024012,0.00351318,-0.00321897,-6650.6665,2066084.0486,OK,0.0000,266.0267,4.0000,96.0000,AG03-UNRESOLVED,ALL5_LEVELS_bet23_to_bet27,266.0267,266.0267,266.0267,332.5333,332.5333,4.000000,4.000000,4.000000,5.000000,5.000000,96.000000,96.000000,96.000000,95.000000,95.000000,5.0,1463.1466,1340.2806,5187.5199,5310.3859,PENDING_AG03,FALSE,NOT_FOR_ENFORCEMENT,6384.6399,1800081.0682,6650.6665,6384.6399,266.0267,0.00321897,0.00309021,266.0267,6384.6399,0.00309021,266.0267,266.0267,266.0267,332.5333,332.5333,6384.6399,0.00309021,1463.1466,1340.2806,5187.5199,5310.3859,0.00251080,0.00257027,0.00012876,371.7316,502.2996,1.7816,195.6078,18.0235,60767.1779,109.7941,191.9923,404.8606,67.659,338.295,676.59,676.59,676.59,679.3478,270.636,-67.659,2.0,2.008152,1.098839,13,83,54,7,0.08038074,0.00321897,0.08024012,0E-8,0.000000,0.907555,0.005578,-0.08375330,2026-05-19,2026-07-26,34,369,121,69,0.492754,0.474218,0.516481,0.267936,,,,,,,,GLOBAL_BASELINE_NO_ENTITY_RANKING,,,NOT_APPLICABLE_GLOBAL_BASELINE,HF9g-P5,,,,X 全窗基线 · 不参与实体赏罚,14197305,1420,A168_HF9F_20260827_0900,2026-08-27 09:00:00
2026-06-27,145604771,1704,0,6292.2868741542,1792.9634641408,1792.9634641408,0.6666667,12,9,0.48291295252525610,0.423011288889,1.1031666499737873,1.479577161849195,1.1031666499737873,0.05990166363625610,ELIGIBLE,R03b_20260811_FULL_v1,L1_ELIGIBILITY,v2026-08-11,2026-03-21..2026-08-06,baccarat_bet02_101_all_pairs_incl_sentinel,round_win = game_pnl > 0 (decisive only),COMPATIBILITY_ONLY_NOT_PRODUCTION,2066084.0486,1875084.4460,6650.6665,5558,3733,-0.00321897,-0.08024012,0.00351318,-0.00321897,-6650.6665,2066084.0486,OK,0.0000,266.0267,4.0000,96.0000,AG03-UNRESOLVED,ALL5_LEVELS_bet23_to_bet27,266.0267,266.0267,266.0267,332.5333,332.5333,4.000000,4.000000,4.000000,5.000000,5.000000,96.000000,96.000000,96.000000,95.000000,95.000000,5.0,1463.1466,1340.2806,5187.5199,5310.3859,PENDING_AG03,FALSE,NOT_FOR_ENFORCEMENT,6384.6399,1800081.0682,6650.6665,6384.6399,266.0267,0.00321897,0.00309021,266.0267,6384.6399,0.00309021,266.0267,266.0267,266.0267,332.5333,332.5333,6384.6399,0.00309021,1463.1466,1340.2806,5187.5199,5310.3859,0.00251080,0.00257027,0.00012876,371.7316,502.2996,1.7816,195.6078,18.0235,60767.1779,109.7941,191.9923,404.8606,67.659,338.295,676.59,676.59,676.59,679.3478,270.636,-67.659,2.0,2.008152,1.098839,13,83,54,7,0.08038074,0.00321897,0.08024012,0E-8,0.000000,0.907555,0.005578,-0.08375330,2026-05-19,2026-07-26,34,369,121,69,0.492754,0.474218,0.516481,0.267936,,,,,,,,GLOBAL_BASELINE_NO_ENTITY_RANKING,,,NOT_APPLICABLE_GLOBAL_BASELINE,HF9g-P5,,,,X 全窗基线 · 不参与实体赏罚,14197306,1420,A168_HF9F_20260827_0900,2026-08-27 09:00:00
2026-06-27,145604771,1710,0,12110.9607577806,2503.3829499326,2503.3829499326,0.6470588,26,17,0.48191165614973842,0.384779700000,1.3627304603204515,2.2226279938855926,1.3627304603204515,0.09713195614973842,ELIGIBLE,R03b_20260811_FULL_v1,L1_ELIGIBILITY,v2026-08-11,2026-03-21..2026-08-06,baccarat_bet02_101_all_pairs_incl_sentinel,round_win = game_pnl > 0 (decisive only),COMPATIBILITY_ONLY_NOT_PRODUCTION,2066084.0486,1875084.4460,6650.6665,5558,3733,-0.00321897,-0.08024012,0.00351318,-0.00321897,-6650.6665,2066084.0486,OK,0.0000,266.0267,4.0000,96.0000,AG03-UNRESOLVED,ALL5_LEVELS_bet23_to_bet27,266.0267,266.0267,266.0267,332.5333,332.5333,4.000000,4.000000,4.000000,5.000000,5.000000,96.000000,96.000000,96.000000,95.000000,95.000000,5.0,1463.1466,1340.2806,5187.5199,5310.3859,PENDING_AG03,FALSE,NOT_FOR_ENFORCEMENT,6384.6399,1800081.0682,6650.6665,6384.6399,266.0267,0.00321897,0.00309021,266.0267,6384.6399,0.00309021,266.0267,266.0267,266.0267,332.5333,332.5333,6384.6399,0.00309021,1463.1466,1340.2806,5187.5199,5310.3859,0.00251080,0.00257027,0.00012876,371.7316,502.2996,1.7816,195.6078,18.0235,60767.1779,109.7941,191.9923,404.8606,67.659,338.295,676.59,676.59,676.59,679.3478,270.636,-67.659,2.0,2.008152,1.098839,13,83,54,7,0.08038074,0.00321897,0.08024012,0E-8,0.000000,0.907555,0.005578,-0.08375330,2026-05-19,2026-07-26,34,369,121,69,0.492754,0.474218,0.516481,0.267936,,,,,,,,GLOBAL_BASELINE_NO_ENTITY_RANKING,,,NOT_APPLICABLE_GLOBAL_BASELINE,HF9g-P5,,,,X 全窗基线 · 不参与实体赏罚,14197307,1420,A168_HF9F_20260827_0900,2026-08-27 09:00:00
2026-06-27,145604771,1947,0,676.5899864682,-676.5899864682,-676.5899864682,0E-7,3,2,0.45463917000001340,0.386675775000,-1.2912384563022097,-1.122906047548861,-1.2912384563022097,0.06796339500001340,ELIGIBLE,R03b_20260811_FULL_v1,L1_ELIGIBILITY,v2026-08-11,2026-03-21..2026-08-06,baccarat_bet02_101_all_pairs_incl_sentinel,round_win = game_pnl > 0 (decisive only),COMPATIBILITY_ONLY_NOT_PRODUCTION,2066084.0486,1875084.4460,6650.6665,5558,3733,-0.00321897,-0.08024012,0.00351318,-0.00321897,-6650.6665,2066084.0486,OK,0.0000,266.0267,4.0000,96.0000,AG03-UNRESOLVED,ALL5_LEVELS_bet23_to_bet27,266.0267,266.0267,266.0267,332.5333,332.5333,4.000000,4.000000,4.000000,5.000000,5.000000,96.000000,96.000000,96.000000,95.000000,95.000000,5.0,1463.1466,1340.2806,5187.5199,5310.3859,PENDING_AG03,FALSE,NOT_FOR_ENFORCEMENT,6384.6399,1800081.0682,6650.6665,6384.6399,266.0267,0.00321897,0.00309021,266.0267,6384.6399,0.00309021,266.0267,266.0267,266.0267,332.5333,332.5333,6384.6399,0.00309021,1463.1466,1340.2806,5187.5199,5310.3859,0.00251080,0.00257027,0.00012876,371.7316,502.2996,1.7816,195.6078,18.0235,60767.1779,109.7941,191.9923,404.8606,67.659,338.295,676.59,676.59,676.59,679.3478,270.636,-67.659,2.0,2.008152,1.098839,13,83,54,7,0.08038074,0.00321897,0.08024012,0E-8,0.000000,0.907555,0.005578,-0.08375330,2026-05-19,2026-07-26,34,369,121,69,0.492754,0.474218,0.516481,0.267936,,,,,,,,GLOBAL_BASELINE_NO_ENTITY_RANKING,,,NOT_APPLICABLE_GLOBAL_BASELINE,HF9g-P5,,,,X 全窗基线 · 不参与实体赏罚,14197308,1420,A168_HF9F_20260827_0900,2026-08-27 09:00:00
2026-06-27,145604771,2106,0,13870.0947225978,3349.1204330180,3349.1204330180,0.6000000,33,20,0.47564510590909780,0.360249292500,1.1135858417117066,2.2334073424158714,1.1135858417117066,0.11539581340909780,ELIGIBLE,R03b_20260811_FULL_v1,L1_ELIGIBILITY,v2026-08-11,2026-03-21..2026-08-06,baccarat_bet02_101_all_pairs_incl_sentinel,round_win = game_pnl > 0 (decisive only),COMPATIBILITY_ONLY_NOT_PRODUCTION,2066084.0486,1875084.4460,6650.6665,5558,3733,-0.00321897,-0.08024012,0.00351318,-0.00321897,-6650.6665,2066084.0486,OK,0.0000,266.0267,4.0000,96.0000,AG03-UNRESOLVED,ALL5_LEVELS_bet23_to_bet27,266.0267,266.0267,266.0267,332.5333,332.5333,4.000000,4.000000,4.000000,5.000000,5.000000,96.000000,96.000000,96.000000,95.000000,95.000000,5.0,1463.1466,1340.2806,5187.5199,5310.3859,PENDING_AG03,FALSE,NOT_FOR_ENFORCEMENT,6384.6399,1800081.0682,6650.6665,6384.6399,266.0267,0.00321897,0.00309021,266.0267,6384.6399,0.00309021,266.0267,266.0267,266.0267,332.5333,332.5333,6384.6399,0.00309021,1463.1466,1340.2806,5187.5199,5310.3859,0.00251080,0.00257027,0.00012876,371.7316,502.2996,1.7816,195.6078,18.0235,60767.1779,109.7941,191.9923,404.8606,67.659,338.295,676.59,676.59,676.59,679.3478,270.636,-67.659,2.0,2.008152,1.098839,13,83,54,7,0.08038074,0.00321897,0.08024012,0E-8,0.000000,0.907555,0.005578,-0.08375330,2026-05-19,2026-07-26,34,369,121,69,0.492754,0.474218,0.516481,0.267936,,,,,,,,GLOBAL_BASELINE_NO_ENTITY_RANKING,,,NOT_APPLICABLE_GLOBAL_BASELINE,HF9g-P5,,,,X 全窗基线 · 不参与实体赏罚,14197309,1420,A168_HF9F_20260827_0900,2026-08-27 09:00:00
2026-06-27,145604771,2108,0,6008.1190798374,30.4465493913,30.4465493913,0.5555556,18,10,0.46009416219479193,0.324927075000,0.5746013614683583,1.477290472240852,0.5746013614683583,0.13516708719479193,ELIGIBLE,R03b_20260811_FULL_v1,L1_ELIGIBILITY,v2026-08-11,2026-03-21..2026-08-06,baccarat_bet02_101_all_pairs_incl_sentinel,round_win = game_pnl > 0 (decisive only),COMPATIBILITY_ONLY_NOT_PRODUCTION,2066084.0486,1875084.4460,6650.6665,5558,3733,-0.00321897,-0.08024012,0.00351318,-0.00321897,-6650.6665,2066084.0486,OK,0.0000,266.0267,4.0000,96.0000,AG03-UNRESOLVED,ALL5_LEVELS_bet23_to_bet27,266.0267,266.0267,266.0267,332.5333,332.5333,4.000000,4.000000,4.000000,5.000000,5.000000,96.000000,96.000000,96.000000,95.000000,95.000000,5.0,1463.1466,1340.2806,5187.5199,5310.3859,PENDING_AG03,FALSE,NOT_FOR_ENFORCEMENT,6384.6399,1800081.0682,6650.6665,6384.6399,266.0267,0.00321897,0.00309021,266.0267,6384.6399,0.00309021,266.0267,266.0267,266.0267,332.5333,332.5333,6384.6399,0.00309021,1463.1466,1340.2806,5187.5199,5310.3859,0.00251080,0.00257027,0.00012876,371.7316,502.2996,1.7816,195.6078,18.0235,60767.1779,109.7941,191.9923,404.8606,67.659,338.295,676.59,676.59,676.59,679.3478,270.636,-67.659,2.0,2.008152,1.098839,13,83,54,7,0.08038074,0.00321897,0.08024012,0E-8,0.000000,0.907555,0.005578,-0.08375330,2026-05-19,2026-07-26,34,369,121,69,0.492754,0.474218,0.516481,0.267936,,,,,,,,GLOBAL_BASELINE_NO_ENTITY_RANKING,,,NOT_APPLICABLE_GLOBAL_BASELINE,HF9g-P5,,,,X 全窗基线 · 不参与实体赏罚,14197310,1420,A168_HF9F_20260827_0900,2026-08-27 09:00:00
2026-06-27,145604771,2115,0,3450.6089309878,-778.0784844384,-778.0784844384,0.4000000,7,6,0.49371085757575925,0.465643266667,-0.4191208520859198,-0.29426111789305626,-0.4191208520859198,0.02806759090875925,ELIGIBLE,R03b_20260811_FULL_v1,L1_ELIGIBILITY,v2026-08-11,2026-03-21..2026-08-06,baccarat_bet02_101_all_pairs_incl_sentinel,round_win = game_pnl > 0 (decisive only),COMPATIBILITY_ONLY_NOT_PRODUCTION,2066084.0486,1875084.4460,6650.6665,5558,3733,-0.00321897,-0.08024012,0.00351318,-0.00321897,-6650.6665,2066084.0486,OK,0.0000,266.0267,4.0000,96.0000,AG03-UNRESOLVED,ALL5_LEVELS_bet23_to_bet27,266.0267,266.0267,266.0267,332.5333,332.5333,4.000000,4.000000,4.000000,5.000000,5.000000,96.000000,96.000000,96.000000,95.000000,95.000000,5.0,1463.1466,1340.2806,5187.5199,5310.3859,PENDING_AG03,FALSE,NOT_FOR_ENFORCEMENT,6384.6399,1800081.0682,6650.6665,6384.6399,266.0267,0.00321897,0.00309021,266.0267,6384.6399,0.00309021,266.0267,266.0267,266.0267,332.5333,332.5333,6384.6399,0.00309021,1463.1466,1340.2806,5187.5199,5310.3859,0.00251080,0.00257027,0.00012876,371.7316,502.2996,1.7816,195.6078,18.0235,60767.1779,109.7941,191.9923,404.8606,67.659,338.295,676.59,676.59,676.59,679.3478,270.636,-67.659,2.0,2.008152,1.098839,13,83,54,7,0.08038074,0.00321897,0.08024012,0E-8,0.000000,0.907555,0.005578,-0.08375330,2026-05-19,2026-07-26,34,369,121,69,0.492754,0.474218,0.516481,0.267936,,,,,,,,GLOBAL_BASELINE_NO_ENTITY_RANKING,,,NOT_APPLICABLE_GLOBAL_BASELINE,HF9g-P5,,,,X 全窗基线 · 不参与实体赏罚,14197311,1420,A168_HF9F_20260827_0900,2026-08-27 09:00:00
2026-06-27,145604771,2129,0,10960.7577807847,2604.8714479028,2604.8714479028,0.6250000,27,16,0.47129669368687673,0.348082837500,1.2316576009291065,2.3252644485378777,1.2316576009291065,0.12321385618687673,ELIGIBLE,R03b_20260811_FULL_v1,L1_ELIGIBILITY,v2026-08-11,2026-03-21..2026-08-06,baccarat_bet02_101_all_pairs_incl_sentinel,round_win = game_pnl > 0 (decisive only),COMPATIBILITY_ONLY_NOT_PRODUCTION,2066084.0486,1875084.4460,6650.6665,5558,3733,-0.00321897,-0.08024012,0.00351318,-0.00321897,-6650.6665,2066084.0486,OK,0.0000,266.0267,4.0000,96.0000,AG03-UNRESOLVED,ALL5_LEVELS_bet23_to_bet27,266.0267,266.0267,266.0267,332.5333,332.5333,4.000000,4.000000,4.000000,5.000000,5.000000,96.000000,96.000000,96.000000,95.000000,95.000000,5.0,1463.1466,1340.2806,5187.5199,5310.3859,PENDING_AG03,FALSE,NOT_FOR_ENFORCEMENT,6384.6399,1800081.0682,6650.6665,6384.6399,266.0267,0.00321897,0.00309021,266.0267,6384.6399,0.00309021,266.0267,266.0267,266.0267,332.5333,332.5333,6384.6399,0.00309021,1463.1466,1340.2806,5187.5199,5310.3859,0.00251080,0.00257027,0.00012876,371.7316,502.2996,1.7816,195.6078,18.0235,60767.1779,109.7941,191.9923,404.8606,67.659,338.295,676.59,676.59,676.59,679.3478,270.636,-67.659,2.0,2.008152,1.098839,13,83,54,7,0.08038074,0.00321897,0.08024012,0E-8,0.000000,0.907555,0.005578,-0.08375330,2026-05-19,2026-07-26,34,369,121,69,0.492754,0.474218,0.516481,0.267936,,,,,,,,GLOBAL_BASELINE_NO_ENTITY_RANKING,,,NOT_APPLICABLE_GLOBAL_BASELINE,HF9g-P5,,,,X 全窗基线 · 不参与实体赏罚,14197312,1420,A168_HF9F_20260827_0900,2026-08-27 09:00:00
2026-06-27,145604771,2130,0,21447.9025710416,-2435.7239512851,-2435.7239512851,0.4137931,47,30,0.47921798424243042,0.375878563333,-0.7052569844106198,0.42154744621704726,-0.7052569844106198,0.10333942090943042,ELIGIBLE,R03b_20260811_FULL_v1,L1_ELIGIBILITY,v2026-08-11,2026-03-21..2026-08-06,baccarat_bet02_101_all_pairs_incl_sentinel,round_win = game_pnl > 0 (decisive only),COMPATIBILITY_ONLY_NOT_PRODUCTION,2066084.0486,1875084.4460,6650.6665,5558,3733,-0.00321897,-0.08024012,0.00351318,-0.00321897,-6650.6665,2066084.0486,OK,0.0000,266.0267,4.0000,96.0000,AG03-UNRESOLVED,ALL5_LEVELS_bet23_to_bet27,266.0267,266.0267,266.0267,332.5333,332.5333,4.000000,4.000000,4.000000,5.000000,5.000000,96.000000,96.000000,96.000000,95.000000,95.000000,5.0,1463.1466,1340.2806,5187.5199,5310.3859,PENDING_AG03,FALSE,NOT_FOR_ENFORCEMENT,6384.6399,1800081.0682,6650.6665,6384.6399,266.0267,0.00321897,0.00309021,266.0267,6384.6399,0.00309021,266.0267,266.0267,266.0267,332.5333,332.5333,6384.6399,0.00309021,1463.1466,1340.2806,5187.5199,5310.3859,0.00251080,0.00257027,0.00012876,371.7316,502.2996,1.7816,195.6078,18.0235,60767.1779,109.7941,191.9923,404.8606,67.659,338.295,676.59,676.59,676.59,679.3478,270.636,-67.659,2.0,2.008152,1.098839,13,83,54,7,0.08038074,0.00321897,0.08024012,0E-8,0.000000,0.907555,0.005578,-0.08375330,2026-05-19,2026-07-26,34,369,121,69,0.492754,0.474218,0.516481,0.267936,,,,,,,,GLOBAL_BASELINE_NO_ENTITY_RANKING,,,NOT_APPLICABLE_GLOBAL_BASELINE,HF9g-P5,,,,X 全窗基线 · 不参与实体赏罚,14197313,1420,A168_HF9F_20260827_0900,2026-08-27 09:00:00
2026-06-27,145604771,2134,0,10351.8267929632,-541.2719891743,-541.2719891743,0.4666667,26,15,0.46428922444445169,0.338405326667,0.01846273803529394,1.0498489233823844,0.01846273803529394,0.12588389777745169,ELIGIBLE,R03b_20260811_FULL_v1,L1_ELIGIBILITY,v2026-08-11,2026-03-21..2026-08-06,baccarat_bet02_101_all_pairs_incl_sentinel,round_win = game_pnl > 0 (decisive only),COMPATIBILITY_ONLY_NOT_PRODUCTION,2066084.0486,1875084.4460,6650.6665,5558,3733,-0.00321897,-0.08024012,0.00351318,-0.00321897,-6650.6665,2066084.0486,OK,0.0000,266.0267,4.0000,96.0000,AG03-UNRESOLVED,ALL5_LEVELS_bet23_to_bet27,266.0267,266.0267,266.0267,332.5333,332.5333,4.000000,4.000000,4.000000,5.000000,5.000000,96.000000,96.000000,96.000000,95.000000,95.000000,5.0,1463.1466,1340.2806,5187.5199,5310.3859,PENDING_AG03,FALSE,NOT_FOR_ENFORCEMENT,6384.6399,1800081.0682,6650.6665,6384.6399,266.0267,0.00321897,0.00309021,266.0267,6384.6399,0.00309021,266.0267,266.0267,266.0267,332.5333,332.5333,6384.6399,0.00309021,1463.1466,1340.2806,5187.5199,5310.3859,0.00251080,0.00257027,0.00012876,371.7316,502.2996,1.7816,195.6078,18.0235,60767.1779,109.7941,191.9923,404.8606,67.659,338.295,676.59,676.59,676.59,679.3478,270.636,-67.659,2.0,2.008152,1.098839,13,83,54,7,0.08038074,0.00321897,0.08024012,0E-8,0.000000,0.907555,0.005578,-0.08375330,2026-05-19,2026-07-26,34,369,121,69,0.492754,0.474218,0.516481,0.267936,,,,,,,,GLOBAL_BASELINE_NO_ENTITY_RANKING,,,NOT_APPLICABLE_GLOBAL_BASELINE,HF9g-P5,,,,X 全窗基线 · 不参与实体赏罚,14197314,1420,A168_HF9F_20260827_0900,2026-08-27 09:00:00
2026-06-27,145604771,2149,0,2997.2936400541,-675.2368064952,-675.2368064952,0.5000000,11,6,0.44925792625360627,0.316847700000,0.2498744409904146,0.9642817672617942,0.2498744409904146,0.13241022625360627,ELIGIBLE,R03b_20260811_FULL_v1,L1_ELIGIBILITY,v2026-08-11,2026-03-21..2026-08-06,baccarat_bet02_101_all_pairs_incl_sentinel,round_win = game_pnl > 0 (decisive only),COMPATIBILITY_ONLY_NOT_PRODUCTION,2066084.0486,1875084.4460,6650.6665,5558,3733,-0.00321897,-0.08024012,0.00351318,-0.00321897,-6650.6665,2066084.0486,OK,0.0000,266.0267,4.0000,96.0000,AG03-UNRESOLVED,ALL5_LEVELS_bet23_to_bet27,266.0267,266.0267,266.0267,332.5333,332.5333,4.000000,4.000000,4.000000,5.000000,5.000000,96.000000,96.000000,96.000000,95.000000,95.000000,5.0,1463.1466,1340.2806,5187.5199,5310.3859,PENDING_AG03,FALSE,NOT_FOR_ENFORCEMENT,6384.6399,1800081.0682,6650.6665,6384.6399,266.0267,0.00321897,0.00309021,266.0267,6384.6399,0.00309021,266.0267,266.0267,266.0267,332.5333,332.5333,6384.6399,0.00309021,1463.1466,1340.2806,5187.5199,5310.3859,0.00251080,0.00257027,0.00012876,371.7316,502.2996,1.7816,195.6078,18.0235,60767.1779,109.7941,191.9923,404.8606,67.659,338.295,676.59,676.59,676.59,679.3478,270.636,-67.659,2.0,2.008152,1.098839,13,83,54,7,0.08038074,0.00321897,0.08024012,0E-8,0.000000,0.907555,0.005578,-0.08375330,2026-05-19,2026-07-26,34,369,121,69,0.492754,0.474218,0.516481,0.267936,,,,,,,,GLOBAL_BASELINE_NO_ENTITY_RANKING,,,NOT_APPLICABLE_GLOBAL_BASELINE,HF9g-P5,,,,X 全窗基线 · 不参与实体赏罚,14197315,1420,A168_HF9F_20260827_0900,2026-08-27 09:00:00
2026-06-27,145604771,2153,0,4871.4479025710,-1522.3274695534,-1522.3274695534,0.2857143,9,7,0.48829817012987300,0.440182300000,-1.0722668528613626,-0.8232807923722856,-1.0722668528613626,0.04811587012987300,ELIGIBLE,R03b_20260811_FULL_v1,L1_ELIGIBILITY,v2026-08-11,2026-03-21..2026-08-06,baccarat_bet02_101_all_pairs_incl_sentinel,round_win = game_pnl > 0 (decisive only),COMPATIBILITY_ONLY_NOT_PRODUCTION,2066084.0486,1875084.4460,6650.6665,5558,3733,-0.00321897,-0.08024012,0.00351318,-0.00321897,-6650.6665,2066084.0486,OK,0.0000,266.0267,4.0000,96.0000,AG03-UNRESOLVED,ALL5_LEVELS_bet23_to_bet27,266.0267,266.0267,266.0267,332.5333,332.5333,4.000000,4.000000,4.000000,5.000000,5.000000,96.000000,96.000000,96.000000,95.000000,95.000000,5.0,1463.1466,1340.2806,5187.5199,5310.3859,PENDING_AG03,FALSE,NOT_FOR_ENFORCEMENT,6384.6399,1800081.0682,6650.6665,6384.6399,266.0267,0.00321897,0.00309021,266.0267,6384.6399,0.00309021,266.0267,266.0267,266.0267,332.5333,332.5333,6384.6399,0.00309021,1463.1466,1340.2806,5187.5199,5310.3859,0.00251080,0.00257027,0.00012876,371.7316,502.2996,1.7816,195.6078,18.0235,60767.1779,109.7941,191.9923,404.8606,67.659,338.295,676.59,676.59,676.59,679.3478,270.636,-67.659,2.0,2.008152,1.098839,13,83,54,7,0.08038074,0.00321897,0.08024012,0E-8,0.000000,0.907555,0.005578,-0.08375330,2026-05-19,2026-07-26,34,369,121,69,0.492754,0.474218,0.516481,0.267936,,,,,,,,GLOBAL_BASELINE_NO_ENTITY_RANKING,,,NOT_APPLICABLE_GLOBAL_BASELINE,HF9g-P5,,,,X 全窗基线 · 不参与实体赏罚,14197316,1420,A168_HF9F_20260827_0900,2026-08-27 09:00:00
2026-06-27,145604771,2155,0,11637.3477672529,-2283.4912043300,-2283.4912043300,0.4444444,26,19,0.48521303540670243,0.420492702632,-0.34608434432811114,0.20585653949093433,-0.34608434432811114,0.06472033277470243,ELIGIBLE,R03b_20260811_FULL_v1,L1_ELIGIBILITY,v2026-08-11,2026-03-21..2026-08-06,baccarat_bet02_101_all_pairs_incl_sentinel,round_win = game_pnl > 0 (decisive only),COMPATIBILITY_ONLY_NOT_PRODUCTION,2066084.0486,1875084.4460,6650.6665,5558,3733,-0.00321897,-0.08024012,0.00351318,-0.00321897,-6650.6665,2066084.0486,OK,0.0000,266.0267,4.0000,96.0000,AG03-UNRESOLVED,ALL5_LEVELS_bet23_to_bet27,266.0267,266.0267,266.0267,332.5333,332.5333,4.000000,4.000000,4.000000,5.000000,5.000000,96.000000,96.000000,96.000000,95.000000,95.000000,5.0,1463.1466,1340.2806,5187.5199,5310.3859,PENDING_AG03,FALSE,NOT_FOR_ENFORCEMENT,6384.6399,1800081.0682,6650.6665,6384.6399,266.0267,0.00321897,0.00309021,266.0267,6384.6399,0.00309021,266.0267,266.0267,266.0267,332.5333,332.5333,6384.6399,0.00309021,1463.1466,1340.2806,5187.5199,5310.3859,0.00251080,0.00257027,0.00012876,371.7316,502.2996,1.7816,195.6078,18.0235,60767.1779,109.7941,191.9923,404.8606,67.659,338.295,676.59,676.59,676.59,679.3478,270.636,-67.659,2.0,2.008152,1.098839,13,83,54,7,0.08038074,0.00321897,0.08024012,0E-8,0.000000,0.907555,0.005578,-0.08375330,2026-05-19,2026-07-26,34,369,121,69,0.492754,0.474218,0.516481,0.267936,,,,,,,,GLOBAL_BASELINE_NO_ENTITY_RANKING,,,NOT_APPLICABLE_GLOBAL_BASELINE,HF9g-P5,,,,X 全窗基线 · 不参与实体赏罚,14197317,1420,A168_HF9F_20260827_0900,2026-08-27 09:00:00
2026-06-27,145604771,2160,0,6359.9458728010,1014.8849797024,1014.8849797024,0.6250000,13,9,0.48280469292929774,0.402308061111,0.8048542241908414,1.2844920581141743,0.8048542241908414,0.08049663181829774,ELIGIBLE,R03b_20260811_FULL_v1,L1_ELIGIBILITY,v2026-08-11,2026-03-21..2026-08-06,baccarat_bet02_101_all_pairs_incl_sentinel,round_win = game_pnl > 0 (decisive only),COMPATIBILITY_ONLY_NOT_PRODUCTION,2066084.0486,1875084.4460,6650.6665,5558,3733,-0.00321897,-0.08024012,0.00351318,-0.00321897,-6650.6665,2066084.0486,OK,0.0000,266.0267,4.0000,96.0000,AG03-UNRESOLVED,ALL5_LEVELS_bet23_to_bet27,266.0267,266.0267,266.0267,332.5333,332.5333,4.000000,4.000000,4.000000,5.000000,5.000000,96.000000,96.000000,96.000000,95.000000,95.000000,5.0,1463.1466,1340.2806,5187.5199,5310.3859,PENDING_AG03,FALSE,NOT_FOR_ENFORCEMENT,6384.6399,1800081.0682,6650.6665,6384.6399,266.0267,0.00321897,0.00309021,266.0267,6384.6399,0.00309021,266.0267,266.0267,266.0267,332.5333,332.5333,6384.6399,0.00309021,1463.1466,1340.2806,5187.5199,5310.3859,0.00251080,0.00257027,0.00012876,371.7316,502.2996,1.7816,195.6078,18.0235,60767.1779,109.7941,191.9923,404.8606,67.659,338.295,676.59,676.59,676.59,679.3478,270.636,-67.659,2.0,2.008152,1.098839,13,83,54,7,0.08038074,0.00321897,0.08024012,0E-8,0.000000,0.907555,0.005578,-0.08375330,2026-05-19,2026-07-26,34,369,121,69,0.492754,0.474218,0.516481,0.267936,,,,,,,,GLOBAL_BASELINE_NO_ENTITY_RANKING,,,NOT_APPLICABLE_GLOBAL_BASELINE,HF9g-P5,,,,X 全窗基线 · 不参与实体赏罚,14197318,1420,A168_HF9F_20260827_0900,2026-08-27 09:00:00
2026-06-27,145604771,2267,0,1650.8795669824,-1650.8795669824,-1650.8795669824,0E-7,5,3,0.47494098708514647,0.355620933333,-1.647314016524191,-1.2867185865295716,-1.647314016524191,0.11932005375214647,ELIGIBLE,R03b_20260811_FULL_v1,L1_ELIGIBILITY,v2026-08-11,2026-03-21..2026-08-06,baccarat_bet02_101_all_pairs_incl_sentinel,round_win = game_pnl > 0 (decisive only),COMPATIBILITY_ONLY_NOT_PRODUCTION,2066084.0486,1875084.4460,6650.6665,5558,3733,-0.00321897,-0.08024012,0.00351318,-0.00321897,-6650.6665,2066084.0486,OK,0.0000,266.0267,4.0000,96.0000,AG03-UNRESOLVED,ALL5_LEVELS_bet23_to_bet27,266.0267,266.0267,266.0267,332.5333,332.5333,4.000000,4.000000,4.000000,5.000000,5.000000,96.000000,96.000000,96.000000,95.000000,95.000000,5.0,1463.1466,1340.2806,5187.5199,5310.3859,PENDING_AG03,FALSE,NOT_FOR_ENFORCEMENT,6384.6399,1800081.0682,6650.6665,6384.6399,266.0267,0.00321897,0.00309021,266.0267,6384.6399,0.00309021,266.0267,266.0267,266.0267,332.5333,332.5333,6384.6399,0.00309021,1463.1466,1340.2806,5187.5199,5310.3859,0.00251080,0.00257027,0.00012876,371.7316,502.2996,1.7816,195.6078,18.0235,60767.1779,109.7941,191.9923,404.8606,67.659,338.295,676.59,676.59,676.59,679.3478,270.636,-67.659,2.0,2.008152,1.098839,13,83,54,7,0.08038074,0.00321897,0.08024012,0E-8,0.000000,0.907555,0.005578,-0.08375330,2026-05-19,2026-07-26,34,369,121,69,0.492754,0.474218,0.516481,0.267936,,,,,,,,GLOBAL_BASELINE_NO_ENTITY_RANKING,,,NOT_APPLICABLE_GLOBAL_BASELINE,HF9g-P5,,,,X 全窗基线 · 不参与实体赏罚,14197319,1420,A168_HF9F_20260827_0900,2026-08-27 09:00:00
2026-06-27,145604771,462,0,5209.7428958051,811.9079837619,811.9079837619,0.5714286,10,8,0.49300191590909368,0.446663237500,0.4150355065350719,0.6639847214653145,0.4150355065350719,0.04633867840909368,ELIGIBLE,R03b_20260811_FULL_v1,L1_ELIGIBILITY,v2026-08-11,2026-03-21..2026-08-06,baccarat_bet02_101_all_pairs_incl_sentinel,round_win = game_pnl > 0 (decisive only),COMPATIBILITY_ONLY_NOT_PRODUCTION,2066084.0486,1875084.4460,6650.6665,5558,3733,-0.00321897,-0.08024012,0.00351318,-0.00321897,-6650.6665,2066084.0486,OK,0.0000,266.0267,4.0000,96.0000,AG03-UNRESOLVED,ALL5_LEVELS_bet23_to_bet27,266.0267,266.0267,266.0267,332.5333,332.5333,4.000000,4.000000,4.000000,5.000000,5.000000,96.000000,96.000000,96.000000,95.000000,95.000000,5.0,1463.1466,1340.2806,5187.5199,5310.3859,PENDING_AG03,FALSE,NOT_FOR_ENFORCEMENT,6384.6399,1800081.0682,6650.6665,6384.6399,266.0267,0.00321897,0.00309021,266.0267,6384.6399,0.00309021,266.0267,266.0267,266.0267,332.5333,332.5333,6384.6399,0.00309021,1463.1466,1340.2806,5187.5199,5310.3859,0.00251080,0.00257027,0.00012876,371.7316,502.2996,1.7816,195.6078,18.0235,60767.1779,109.7941,191.9923,404.8606,67.659,338.295,676.59,676.59,676.59,679.3478,270.636,-67.659,2.0,2.008152,1.098839,13,83,54,7,0.08038074,0.00321897,0.08024012,0E-8,0.000000,0.907555,0.005578,-0.08375330,2026-05-19,2026-07-26,34,369,121,69,0.492754,0.474218,0.516481,0.267936,,,,,,,,GLOBAL_BASELINE_NO_ENTITY_RANKING,,,NOT_APPLICABLE_GLOBAL_BASELINE,HF9g-P5,,,,X 全窗基线 · 不参与实体赏罚,14197320,1420,A168_HF9F_20260827_0900,2026-08-27 09:00:00
2026-06-27,145604771,471,0,1420.8389715832,-67.6589986468,-67.6589986468,0.5000000,3,2,0.47935313181818736,0.386675775000,0.05844801524655949,0.3290934312765982,0.05844801524655949,0.09267735681818736,ELIGIBLE,R03b_20260811_FULL_v1,L1_ELIGIBILITY,v2026-08-11,2026-03-21..2026-08-06,baccarat_bet02_101_all_pairs_incl_sentinel,round_win = game_pnl > 0 (decisive only),COMPATIBILITY_ONLY_NOT_PRODUCTION,2066084.0486,1875084.4460,6650.6665,5558,3733,-0.00321897,-0.08024012,0.00351318,-0.00321897,-6650.6665,2066084.0486,OK,0.0000,266.0267,4.0000,96.0000,AG03-UNRESOLVED,ALL5_LEVELS_bet23_to_bet27,266.0267,266.0267,266.0267,332.5333,332.5333,4.000000,4.000000,4.000000,5.000000,5.000000,96.000000,96.000000,96.000000,95.000000,95.000000,5.0,1463.1466,1340.2806,5187.5199,5310.3859,PENDING_AG03,FALSE,NOT_FOR_ENFORCEMENT,6384.6399,1800081.0682,6650.6665,6384.6399,266.0267,0.00321897,0.00309021,266.0267,6384.6399,0.00309021,266.0267,266.0267,266.0267,332.5333,332.5333,6384.6399,0.00309021,1463.1466,1340.2806,5187.5199,5310.3859,0.00251080,0.00257027,0.00012876,371.7316,502.2996,1.7816,195.6078,18.0235,60767.1779,109.7941,191.9923,404.8606,67.659,338.295,676.59,676.59,676.59,679.3478,270.636,-67.659,2.0,2.008152,1.098839,13,83,54,7,0.08038074,0.00321897,0.08024012,0E-8,0.000000,0.907555,0.005578,-0.08375330,2026-05-19,2026-07-26,34,369,121,69,0.492754,0.474218,0.516481,0.267936,,,,,,,,GLOBAL_BASELINE_NO_ENTITY_RANKING,,,NOT_APPLICABLE_GLOBAL_BASELINE,HF9g-P5,,,,X 全窗基线 · 不参与实体赏罚,14197321,1420,A168_HF9F_20260827_0900,2026-08-27 09:00:00
2026-06-27,145604771,526,0,676.5899864682,-676.5899864682,-676.5899864682,0E-7,1,1,0.50665070000000000,0.506650700000,-1.013391052207602,-1.013391052207602,-1.013391052207602,0E-17,ELIGIBLE,R03b_20260811_FULL_v1,L1_ELIGIBILITY,v2026-08-11,2026-03-21..2026-08-06,baccarat_bet02_101_all_pairs_incl_sentinel,round_win = game_pnl > 0 (decisive only),COMPATIBILITY_ONLY_NOT_PRODUCTION,2066084.0486,1875084.4460,6650.6665,5558,3733,-0.00321897,-0.08024012,0.00351318,-0.00321897,-6650.6665,2066084.0486,OK,0.0000,266.0267,4.0000,96.0000,AG03-UNRESOLVED,ALL5_LEVELS_bet23_to_bet27,266.0267,266.0267,266.0267,332.5333,332.5333,4.000000,4.000000,4.000000,5.000000,5.000000,96.000000,96.000000,96.000000,95.000000,95.000000,5.0,1463.1466,1340.2806,5187.5199,5310.3859,PENDING_AG03,FALSE,NOT_FOR_ENFORCEMENT,6384.6399,1800081.0682,6650.6665,6384.6399,266.0267,0.00321897,0.00309021,266.0267,6384.6399,0.00309021,266.0267,266.0267,266.0267,332.5333,332.5333,6384.6399,0.00309021,1463.1466,1340.2806,5187.5199,5310.3859,0.00251080,0.00257027,0.00012876,371.7316,502.2996,1.7816,195.6078,18.0235,60767.1779,109.7941,191.9923,404.8606,67.659,338.295,676.59,676.59,676.59,679.3478,270.636,-67.659,2.0,2.008152,1.098839,13,83,54,7,0.08038074,0.00321897,0.08024012,0E-8,0.000000,0.907555,0.005578,-0.08375330,2026-05-19,2026-07-26,34,369,121,69,0.492754,0.474218,0.516481,0.267936,,,,,,,,GLOBAL_BASELINE_NO_ENTITY_RANKING,,,NOT_APPLICABLE_GLOBAL_BASELINE,HF9g-P5,,,,X 全窗基线 · 不参与实体赏罚,14197322,1420,A168_HF9F_20260827_0900,2026-08-27 09:00:00
2026-06-27,145604771,595,0,4194.8579161028,-1310.8930987820,-1310.8930987820,0.3333333,12,6,0.46075125038466424,0.281324458333,-0.626149865751897,0.2833237012970516,-0.626149865751897,0.17942679205166424,ELIGIBLE,R03b_20260811_FULL_v1,L1_ELIGIBILITY,v2026-08-11,2026-03-21..2026-08-06,baccarat_bet02_101_all_pairs_incl_sentinel,round_win = game_pnl > 0 (decisive only),COMPATIBILITY_ONLY_NOT_PRODUCTION,2066084.0486,1875084.4460,6650.6665,5558,3733,-0.00321897,-0.08024012,0.00351318,-0.00321897,-6650.6665,2066084.0486,OK,0.0000,266.0267,4.0000,96.0000,AG03-UNRESOLVED,ALL5_LEVELS_bet23_to_bet27,266.0267,266.0267,266.0267,332.5333,332.5333,4.000000,4.000000,4.000000,5.000000,5.000000,96.000000,96.000000,96.000000,95.000000,95.000000,5.0,1463.1466,1340.2806,5187.5199,5310.3859,PENDING_AG03,FALSE,NOT_FOR_ENFORCEMENT,6384.6399,1800081.0682,6650.6665,6384.6399,266.0267,0.00321897,0.00309021,266.0267,6384.6399,0.00309021,266.0267,266.0267,266.0267,332.5333,332.5333,6384.6399,0.00309021,1463.1466,1340.2806,5187.5199,5310.3859,0.00251080,0.00257027,0.00012876,371.7316,502.2996,1.7816,195.6078,18.0235,60767.1779,109.7941,191.9923,404.8606,67.659,338.295,676.59,676.59,676.59,679.3478,270.636,-67.659,2.0,2.008152,1.098839,13,83,54,7,0.08038074,0.00321897,0.08024012,0E-8,0.000000,0.907555,0.005578,-0.08375330,2026-05-19,2026-07-26,34,369,121,69,0.492754,0.474218,0.516481,0.267936,,,,,,,,GLOBAL_BASELINE_NO_ENTITY_RANKING,,,NOT_APPLICABLE_GLOBAL_BASELINE,HF9g-P5,,,,X 全窗基线 · 不参与实体赏罚,14197323,1420,A168_HF9F_20260827_0900,2026-08-27 09:00:00
2026-06-27,145604771,752,0,12868.7415426250,2472.9364005415,2472.9364005415,0.6190476,32,21,0.47094879036227714,0.387867900000,1.3596451327383325,2.1741769260514068,1.3596451327383325,0.08308089036227714,ELIGIBLE,R03b_20260811_FULL_v1,L1_ELIGIBILITY,v2026-08-11,2026-03-21..2026-08-06,baccarat_bet02_101_all_pairs_incl_sentinel,round_win = game_pnl > 0 (decisive only),COMPATIBILITY_ONLY_NOT_PRODUCTION,2066084.0486,1875084.4460,6650.6665,5558,3733,-0.00321897,-0.08024012,0.00351318,-0.00321897,-6650.6665,2066084.0486,OK,0.0000,266.0267,4.0000,96.0000,AG03-UNRESOLVED,ALL5_LEVELS_bet23_to_bet27,266.0267,266.0267,266.0267,332.5333,332.5333,4.000000,4.000000,4.000000,5.000000,5.000000,96.000000,96.000000,96.000000,95.000000,95.000000,5.0,1463.1466,1340.2806,5187.5199,5310.3859,PENDING_AG03,FALSE,NOT_FOR_ENFORCEMENT,6384.6399,1800081.0682,6650.6665,6384.6399,266.0267,0.00321897,0.00309021,266.0267,6384.6399,0.00309021,266.0267,266.0267,266.0267,332.5333,332.5333,6384.6399,0.00309021,1463.1466,1340.2806,5187.5199,5310.3859,0.00251080,0.00257027,0.00012876,371.7316,502.2996,1.7816,195.6078,18.0235,60767.1779,109.7941,191.9923,404.8606,67.659,338.295,676.59,676.59,676.59,679.3478,270.636,-67.659,2.0,2.008152,1.098839,13,83,54,7,0.08038074,0.00321897,0.08024012,0E-8,0.000000,0.907555,0.005578,-0.08375330,2026-05-19,2026-07-26,34,369,121,69,0.492754,0.474218,0.516481,0.267936,,,,,,,,GLOBAL_BASELINE_NO_ENTITY_RANKING,,,NOT_APPLICABLE_GLOBAL_BASELINE,HF9g-P5,,,,X 全窗基线 · 不参与实体赏罚,14197324,1420,A168_HF9F_20260827_0900,2026-08-27 09:00:00
2026-06-27,145604771,925,0,12178.6197564274,-1116.3734776723,-1116.3734776723,0.4705882,27,17,0.47971027647059463,0.372672111765,-0.0752842891226507,0.8349643396617228,-0.0752842891226507,0.10703816470559463,ELIGIBLE,R03b_20260811_FULL_v1,L1_ELIGIBILITY,v2026-08-11,2026-03-21..2026-08-06,baccarat_bet02_101_all_pairs_incl_sentinel,round_win = game_pnl > 0 (decisive only),COMPATIBILITY_ONLY_NOT_PRODUCTION,2066084.0486,1875084.4460,6650.6665,5558,3733,-0.00321897,-0.08024012,0.00351318,-0.00321897,-6650.6665,2066084.0486,OK,0.0000,266.0267,4.0000,96.0000,AG03-UNRESOLVED,ALL5_LEVELS_bet23_to_bet27,266.0267,266.0267,266.0267,332.5333,332.5333,4.000000,4.000000,4.000000,5.000000,5.000000,96.000000,96.000000,96.000000,95.000000,95.000000,5.0,1463.1466,1340.2806,5187.5199,5310.3859,PENDING_AG03,FALSE,NOT_FOR_ENFORCEMENT,6384.6399,1800081.0682,6650.6665,6384.6399,266.0267,0.00321897,0.00309021,266.0267,6384.6399,0.00309021,266.0267,266.0267,266.0267,332.5333,332.5333,6384.6399,0.00309021,1463.1466,1340.2806,5187.5199,5310.3859,0.00251080,0.00257027,0.00012876,371.7316,502.2996,1.7816,195.6078,18.0235,60767.1779,109.7941,191.9923,404.8606,67.659,338.295,676.59,676.59,676.59,679.3478,270.636,-67.659,2.0,2.008152,1.098839,13,83,54,7,0.08038074,0.00321897,0.08024012,0E-8,0.000000,0.907555,0.005578,-0.08375330,2026-05-19,2026-07-26,34,369,121,69,0.492754,0.474218,0.516481,0.267936,,,,,,,,GLOBAL_BASELINE_NO_ENTITY_RANKING,,,NOT_APPLICABLE_GLOBAL_BASELINE,HF9g-P5,,,,X 全窗基线 · 不参与实体赏罚,14197325,1420,A168_HF9F_20260827_0900,2026-08-27 09:00:00
2026-06-27,145604771,987,0,12381.5967523679,4093.3694181328,4093.3694181328,0.6666667,26,18,0.48354942626263107,0.403052794444,1.554642976380918,2.280108864610164,1.554642976380918,0.08049663181863107,ELIGIBLE,R03b_20260811_FULL_v1,L1_ELIGIBILITY,v2026-08-11,2026-03-21..2026-08-06,baccarat_bet02_101_all_pairs_incl_sentinel,round_win = game_pnl > 0 (decisive only),COMPATIBILITY_ONLY_NOT_PRODUCTION,2066084.0486,1875084.4460,6650.6665,5558,3733,-0.00321897,-0.08024012,0.00351318,-0.00321897,-6650.6665,2066084.0486,OK,0.0000,266.0267,4.0000,96.0000,AG03-UNRESOLVED,ALL5_LEVELS_bet23_to_bet27,266.0267,266.0267,266.0267,332.5333,332.5333,4.000000,4.000000,4.000000,5.000000,5.000000,96.000000,96.000000,96.000000,95.000000,95.000000,5.0,1463.1466,1340.2806,5187.5199,5310.3859,PENDING_AG03,FALSE,NOT_FOR_ENFORCEMENT,6384.6399,1800081.0682,6650.6665,6384.6399,266.0267,0.00321897,0.00309021,266.0267,6384.6399,0.00309021,266.0267,266.0267,266.0267,332.5333,332.5333,6384.6399,0.00309021,1463.1466,1340.2806,5187.5199,5310.3859,0.00251080,0.00257027,0.00012876,371.7316,502.2996,1.7816,195.6078,18.0235,60767.1779,109.7941,191.9923,404.8606,67.659,338.295,676.59,676.59,676.59,679.3478,270.636,-67.659,2.0,2.008152,1.098839,13,83,54,7,0.08038074,0.00321897,0.08024012,0E-8,0.000000,0.907555,0.005578,-0.08375330,2026-05-19,2026-07-26,34,369,121,69,0.492754,0.474218,0.516481,0.267936,,,,,,,,GLOBAL_BASELINE_NO_ENTITY_RANKING,,,NOT_APPLICABLE_GLOBAL_BASELINE,HF9g-P5,,,,X 全窗基线 · 不参与实体赏罚,14197326,1420,A168_HF9F_20260827_0900,2026-08-27 09:00:00
2026-06-28,145604771,1004,0,14242.2192151554,-3213.8024357236,-3213.8024357236,0.4285714,34,21,0.47057011521336657,0.363680957143,-0.3855928386561163,0.6181485228931569,-0.3855928386561163,0.10688915807036657,ELIGIBLE,R03b_20260811_FULL_v1,L1_ELIGIBILITY,v2026-08-11,2026-03-21..2026-08-06,baccarat_bet02_101_all_pairs_incl_sentinel,round_win = game_pnl > 0 (decisive only),COMPATIBILITY_ONLY_NOT_PRODUCTION,2066084.0486,1875084.4460,6650.6665,5558,3733,-0.00321897,-0.08024012,0.00351318,-0.00321897,-6650.6665,2066084.0486,OK,0.0000,266.0267,4.0000,96.0000,AG03-UNRESOLVED,ALL5_LEVELS_bet23_to_bet27,266.0267,266.0267,266.0267,332.5333,332.5333,4.000000,4.000000,4.000000,5.000000,5.000000,96.000000,96.000000,96.000000,95.000000,95.000000,5.0,1463.1466,1340.2806,5187.5199,5310.3859,PENDING_AG03,FALSE,NOT_FOR_ENFORCEMENT,6384.6399,1800081.0682,6650.6665,6384.6399,266.0267,0.00321897,0.00309021,266.0267,6384.6399,0.00309021,266.0267,266.0267,266.0267,332.5333,332.5333,6384.6399,0.00309021,1463.1466,1340.2806,5187.5199,5310.3859,0.00251080,0.00257027,0.00012876,371.7316,502.2996,1.7816,195.6078,18.0235,60767.1779,109.7941,191.9923,404.8606,67.659,338.295,676.59,676.59,676.59,679.3478,270.636,-67.659,2.0,2.008152,1.098839,13,83,54,7,0.08038074,0.00321897,0.08024012,0E-8,0.000000,0.907555,0.005578,-0.08375330,2026-05-19,2026-07-26,34,369,121,69,0.492754,0.474218,0.516481,0.267936,,,,,,,,GLOBAL_BASELINE_NO_ENTITY_RANKING,,,NOT_APPLICABLE_GLOBAL_BASELINE,HF9g-P5,,,,X 全窗基线 · 不参与实体赏罚,14197327,1420,A168_HF9F_20260827_0900,2026-08-27 09:00:00
2026-06-28,145604771,1017,0,13937.7537212448,1150.2029769961,1150.2029769961,0.5263158,26,20,0.48863802727273049,0.434726530000,0.3285519551101019,0.8053487226694168,0.3285519551101019,0.05391149727273049,ELIGIBLE,R03b_20260811_FULL_v1,L1_ELIGIBILITY,v2026-08-11,2026-03-21..2026-08-06,baccarat_bet02_101_all_pairs_incl_sentinel,round_win = game_pnl > 0 (decisive only),COMPATIBILITY_ONLY_NOT_PRODUCTION,2066084.0486,1875084.4460,6650.6665,5558,3733,-0.00321897,-0.08024012,0.00351318,-0.00321897,-6650.6665,2066084.0486,OK,0.0000,266.0267,4.0000,96.0000,AG03-UNRESOLVED,ALL5_LEVELS_bet23_to_bet27,266.0267,266.0267,266.0267,332.5333,332.5333,4.000000,4.000000,4.000000,5.000000,5.000000,96.000000,96.000000,96.000000,95.000000,95.000000,5.0,1463.1466,1340.2806,5187.5199,5310.3859,PENDING_AG03,FALSE,NOT_FOR_ENFORCEMENT,6384.6399,1800081.0682,6650.6665,6384.6399,266.0267,0.00321897,0.00309021,266.0267,6384.6399,0.00309021,266.0267,266.0267,266.0267,332.5333,332.5333,6384.6399,0.00309021,1463.1466,1340.2806,5187.5199,5310.3859,0.00251080,0.00257027,0.00012876,371.7316,502.2996,1.7816,195.6078,18.0235,60767.1779,109.7941,191.9923,404.8606,67.659,338.295,676.59,676.59,676.59,679.3478,270.636,-67.659,2.0,2.008152,1.098839,13,83,54,7,0.08038074,0.00321897,0.08024012,0E-8,0.000000,0.907555,0.005578,-0.08375330,2026-05-19,2026-07-26,34,369,121,69,0.492754,0.474218,0.516481,0.267936,,,,,,,,GLOBAL_BASELINE_NO_ENTITY_RANKING,,,NOT_APPLICABLE_GLOBAL_BASELINE,HF9g-P5,,,,X 全窗基线 · 不参与实体赏罚,14197328,1420,A168_HF9F_20260827_0900,2026-08-27 09:00:00
2026-06-28,145604771,1094,0,9993.2341001352,-2675.9133964816,-2675.9133964816,0.3750000,21,17,0.48600843217469146,0.448256314706,-0.8884153649567144,-0.5892141452465662,-0.8884153649567144,0.03775211746869146,ELIGIBLE,R03b_20260811_FULL_v1,L1_ELIGIBILITY,v2026-08-11,2026-03-21..2026-08-06,baccarat_bet02_101_all_pairs_incl_sentinel,round_win = game_pnl > 0 (decisive only),COMPATIBILITY_ONLY_NOT_PRODUCTION,2066084.0486,1875084.4460,6650.6665,5558,3733,-0.00321897,-0.08024012,0.00351318,-0.00321897,-6650.6665,2066084.0486,OK,0.0000,266.0267,4.0000,96.0000,AG03-UNRESOLVED,ALL5_LEVELS_bet23_to_bet27,266.0267,266.0267,266.0267,332.5333,332.5333,4.000000,4.000000,4.000000,5.000000,5.000000,96.000000,96.000000,96.000000,95.000000,95.000000,5.0,1463.1466,1340.2806,5187.5199,5310.3859,PENDING_AG03,FALSE,NOT_FOR_ENFORCEMENT,6384.6399,1800081.0682,6650.6665,6384.6399,266.0267,0.00321897,0.00309021,266.0267,6384.6399,0.00309021,266.0267,266.0267,266.0267,332.5333,332.5333,6384.6399,0.00309021,1463.1466,1340.2806,5187.5199,5310.3859,0.00251080,0.00257027,0.00012876,371.7316,502.2996,1.7816,195.6078,18.0235,60767.1779,109.7941,191.9923,404.8606,67.659,338.295,676.59,676.59,676.59,679.3478,270.636,-67.659,2.0,2.008152,1.098839,13,83,54,7,0.08038074,0.00321897,0.08024012,0E-8,0.000000,0.907555,0.005578,-0.08375330,2026-05-19,2026-07-26,34,369,121,69,0.492754,0.474218,0.516481,0.267936,,,,,,,,GLOBAL_BASELINE_NO_ENTITY_RANKING,,,NOT_APPLICABLE_GLOBAL_BASELINE,HF9g-P5,,,,X 全窗基线 · 不参与实体赏罚,14197329,1420,A168_HF9F_20260827_0900,2026-08-27 09:00:00
2026-06-28,145604771,1151,0,676.5899864682,-676.5899864682,-676.5899864682,0E-7,1,1,0.50665070000000000,0.506650700000,-1.013391052207602,-1.013391052207602,-1.013391052207602,0E-17,ELIGIBLE,R03b_20260811_FULL_v1,L1_ELIGIBILITY,v2026-08-11,2026-03-21..2026-08-06,baccarat_bet02_101_all_pairs_incl_sentinel,round_win = game_pnl > 0 (decisive only),COMPATIBILITY_ONLY_NOT_PRODUCTION,2066084.0486,1875084.4460,6650.6665,5558,3733,-0.00321897,-0.08024012,0.00351318,-0.00321897,-6650.6665,2066084.0486,OK,0.0000,266.0267,4.0000,96.0000,AG03-UNRESOLVED,ALL5_LEVELS_bet23_to_bet27,266.0267,266.0267,266.0267,332.5333,332.5333,4.000000,4.000000,4.000000,5.000000,5.000000,96.000000,96.000000,96.000000,95.000000,95.000000,5.0,1463.1466,1340.2806,5187.5199,5310.3859,PENDING_AG03,FALSE,NOT_FOR_ENFORCEMENT,6384.6399,1800081.0682,6650.6665,6384.6399,266.0267,0.00321897,0.00309021,266.0267,6384.6399,0.00309021,266.0267,266.0267,266.0267,332.5333,332.5333,6384.6399,0.00309021,1463.1466,1340.2806,5187.5199,5310.3859,0.00251080,0.00257027,0.00012876,371.7316,502.2996,1.7816,195.6078,18.0235,60767.1779,109.7941,191.9923,404.8606,67.659,338.295,676.59,676.59,676.59,679.3478,270.636,-67.659,2.0,2.008152,1.098839,13,83,54,7,0.08038074,0.00321897,0.08024012,0E-8,0.000000,0.907555,0.005578,-0.08375330,2026-05-19,2026-07-26,34,369,121,69,0.492754,0.474218,0.516481,0.267936,,,,,,,,GLOBAL_BASELINE_NO_ENTITY_RANKING,,,NOT_APPLICABLE_GLOBAL_BASELINE,HF9g-P5,,,,X 全窗基线 · 不参与实体赏罚,14197330,1420,A168_HF9F_20260827_0900,2026-08-27 09:00:00
2026-06-28,145604771,1205,0,13734.7767253043,-1454.6684709065,-1454.6684709065,0.3888889,28,20,0.48518929363636796,0.412742325000,-0.817494755873483,-0.20555750948452203,-0.817494755873483,0.07244696863636796,ELIGIBLE,R03b_20260811_FULL_v1,L1_ELIGIBILITY,v2026-08-11,2026-03-21..2026-08-06,baccarat_bet02_101_all_pairs_incl_sentinel,round_win = game_pnl > 0 (decisive only),COMPATIBILITY_ONLY_NOT_PRODUCTION,2066084.0486,1875084.4460,6650.6665,5558,3733,-0.00321897,-0.08024012,0.00351318,-0.00321897,-6650.6665,2066084.0486,OK,0.0000,266.0267,4.0000,96.0000,AG03-UNRESOLVED,ALL5_LEVELS_bet23_to_bet27,266.0267,266.0267,266.0267,332.5333,332.5333,4.000000,4.000000,4.000000,5.000000,5.000000,96.000000,96.000000,96.000000,95.000000,95.000000,5.0,1463.1466,1340.2806,5187.5199,5310.3859,PENDING_AG03,FALSE,NOT_FOR_ENFORCEMENT,6384.6399,1800081.0682,6650.6665,6384.6399,266.0267,0.00321897,0.00309021,266.0267,6384.6399,0.00309021,266.0267,266.0267,266.0267,332.5333,332.5333,6384.6399,0.00309021,1463.1466,1340.2806,5187.5199,5310.3859,0.00251080,0.00257027,0.00012876,371.7316,502.2996,1.7816,195.6078,18.0235,60767.1779,109.7941,191.9923,404.8606,67.659,338.295,676.59,676.59,676.59,679.3478,270.636,-67.659,2.0,2.008152,1.098839,13,83,54,7,0.08038074,0.00321897,0.08024012,0E-8,0.000000,0.907555,0.005578,-0.08375330,2026-05-19,2026-07-26,34,369,121,69,0.492754,0.474218,0.516481,0.267936,,,,,,,,GLOBAL_BASELINE_NO_ENTITY_RANKING,,,NOT_APPLICABLE_GLOBAL_BASELINE,HF9g-P5,,,,X 全窗基线 · 不参与实体赏罚,14197331,1420,A168_HF9F_20260827_0900,2026-08-27 09:00:00
2026-06-28,145604771,1221,0,19215.1556156966,8660.3518267933,8660.3518267933,0.6800000,41,27,0.48088606363636923,0.387287200000,1.9925958561049797,3.0044616853923602,1.9925958561049797,0.09359886363636923,ELIGIBLE,R03b_20260811_FULL_v1,L1_ELIGIBILITY,v2026-08-11,2026-03-21..2026-08-06,baccarat_bet02_101_all_pairs_incl_sentinel,round_win = game_pnl > 0 (decisive only),COMPATIBILITY_ONLY_NOT_PRODUCTION,2066084.0486,1875084.4460,6650.6665,5558,3733,-0.00321897,-0.08024012,0.00351318,-0.00321897,-6650.6665,2066084.0486,OK,0.0000,266.0267,4.0000,96.0000,AG03-UNRESOLVED,ALL5_LEVELS_bet23_to_bet27,266.0267,266.0267,266.0267,332.5333,332.5333,4.000000,4.000000,4.000000,5.000000,5.000000,96.000000,96.000000,96.000000,95.000000,95.000000,5.0,1463.1466,1340.2806,5187.5199,5310.3859,PENDING_AG03,FALSE,NOT_FOR_ENFORCEMENT,6384.6399,1800081.0682,6650.6665,6384.6399,266.0267,0.00321897,0.00309021,266.0267,6384.6399,0.00309021,266.0267,266.0267,266.0267,332.5333,332.5333,6384.6399,0.00309021,1463.1466,1340.2806,5187.5199,5310.3859,0.00251080,0.00257027,0.00012876,371.7316,502.2996,1.7816,195.6078,18.0235,60767.1779,109.7941,191.9923,404.8606,67.659,338.295,676.59,676.59,676.59,679.3478,270.636,-67.659,2.0,2.008152,1.098839,13,83,54,7,0.08038074,0.00321897,0.08024012,0E-8,0.000000,0.907555,0.005578,-0.08375330,2026-05-19,2026-07-26,34,369,121,69,0.492754,0.474218,0.516481,0.267936,,,,,,,,GLOBAL_BASELINE_NO_ENTITY_RANKING,,,NOT_APPLICABLE_GLOBAL_BASELINE,HF9g-P5,,,,X 全窗基线 · 不参与实体赏罚,14197332,1420,A168_HF9F_20260827_0900,2026-08-27 09:00:00
2026-06-28,145604771,1304,0,11975.6427604870,1962.1109607579,1962.1109607579,0.5714286,27,18,0.48031613577441606,0.400784825000,0.682352001536276,1.3028888242492875,0.682352001536276,0.07953131077441606,ELIGIBLE,R03b_20260811_FULL_v1,L1_ELIGIBILITY,v2026-08-11,2026-03-21..2026-08-06,baccarat_bet02_101_all_pairs_incl_sentinel,round_win = game_pnl > 0 (decisive only),COMPATIBILITY_ONLY_NOT_PRODUCTION,2066084.0486,1875084.4460,6650.6665,5558,3733,-0.00321897,-0.08024012,0.00351318,-0.00321897,-6650.6665,2066084.0486,OK,0.0000,266.0267,4.0000,96.0000,AG03-UNRESOLVED,ALL5_LEVELS_bet23_to_bet27,266.0267,266.0267,266.0267,332.5333,332.5333,4.000000,4.000000,4.000000,5.000000,5.000000,96.000000,96.000000,96.000000,95.000000,95.000000,5.0,1463.1466,1340.2806,5187.5199,5310.3859,PENDING_AG03,FALSE,NOT_FOR_ENFORCEMENT,6384.6399,1800081.0682,6650.6665,6384.6399,266.0267,0.00321897,0.00309021,266.0267,6384.6399,0.00309021,266.0267,266.0267,266.0267,332.5333,332.5333,6384.6399,0.00309021,1463.1466,1340.2806,5187.5199,5310.3859,0.00251080,0.00257027,0.00012876,371.7316,502.2996,1.7816,195.6078,18.0235,60767.1779,109.7941,191.9923,404.8606,67.659,338.295,676.59,676.59,676.59,679.3478,270.636,-67.659,2.0,2.008152,1.098839,13,83,54,7,0.08038074,0.00321897,0.08024012,0E-8,0.000000,0.907555,0.005578,-0.08375330,2026-05-19,2026-07-26,34,369,121,69,0.492754,0.474218,0.516481,0.267936,,,,,,,,GLOBAL_BASELINE_NO_ENTITY_RANKING,,,NOT_APPLICABLE_GLOBAL_BASELINE,HF9g-P5,,,,X 全窗基线 · 不参与实体赏罚,14197333,1420,A168_HF9F_20260827_0900,2026-08-27 09:00:00
2026-06-28,145604771,1353,0,541.2719891746,-541.2719891746,-541.2719891746,0E-7,2,2,0.50665070000000000,0.506650700000,-1.4331513700195317,-1.4331513700195317,-1.4331513700195317,0E-17,ELIGIBLE,R03b_20260811_FULL_v1,L1_ELIGIBILITY,v2026-08-11,2026-03-21..2026-08-06,baccarat_bet02_101_all_pairs_incl_sentinel,round_win = game_pnl > 0 (decisive only),COMPATIBILITY_ONLY_NOT_PRODUCTION,2066084.0486,1875084.4460,6650.6665,5558,3733,-0.00321897,-0.08024012,0.00351318,-0.00321897,-6650.6665,2066084.0486,OK,0.0000,266.0267,4.0000,96.0000,AG03-UNRESOLVED,ALL5_LEVELS_bet23_to_bet27,266.0267,266.0267,266.0267,332.5333,332.5333,4.000000,4.000000,4.000000,5.000000,5.000000,96.000000,96.000000,96.000000,95.000000,95.000000,5.0,1463.1466,1340.2806,5187.5199,5310.3859,PENDING_AG03,FALSE,NOT_FOR_ENFORCEMENT,6384.6399,1800081.0682,6650.6665,6384.6399,266.0267,0.00321897,0.00309021,266.0267,6384.6399,0.00309021,266.0267,266.0267,266.0267,332.5333,332.5333,6384.6399,0.00309021,1463.1466,1340.2806,5187.5199,5310.3859,0.00251080,0.00257027,0.00012876,371.7316,502.2996,1.7816,195.6078,18.0235,60767.1779,109.7941,191.9923,404.8606,67.659,338.295,676.59,676.59,676.59,679.3478,270.636,-67.659,2.0,2.008152,1.098839,13,83,54,7,0.08038074,0.00321897,0.08024012,0E-8,0.000000,0.907555,0.005578,-0.08375330,2026-05-19,2026-07-26,34,369,121,69,0.492754,0.474218,0.516481,0.267936,,,,,,,,GLOBAL_BASELINE_NO_ENTITY_RANKING,,,NOT_APPLICABLE_GLOBAL_BASELINE,HF9g-P5,,,,X 全窗基线 · 不参与实体赏罚,14197334,1420,A168_HF9F_20260827_0900,2026-08-27 09:00:00
2026-06-28,145604771,1382,0,10859.2692828145,-2807.8484438429,-2807.8484438429,0.3571429,21,16,0.48479817500000340,0.427934150000,-0.9557267564443755,-0.5353433072088055,-0.9557267564443755,0.05686402500000340,ELIGIBLE,R03b_20260811_FULL_v1,L1_ELIGIBILITY,v2026-08-11,2026-03-21..2026-08-06,baccarat_bet02_101_all_pairs_incl_sentinel,round_win = game_pnl > 0 (decisive only),COMPATIBILITY_ONLY_NOT_PRODUCTION,2066084.0486,1875084.4460,6650.6665,5558,3733,-0.00321897,-0.08024012,0.00351318,-0.00321897,-6650.6665,2066084.0486,OK,0.0000,266.0267,4.0000,96.0000,AG03-UNRESOLVED,ALL5_LEVELS_bet23_to_bet27,266.0267,266.0267,266.0267,332.5333,332.5333,4.000000,4.000000,4.000000,5.000000,5.000000,96.000000,96.000000,96.000000,95.000000,95.000000,5.0,1463.1466,1340.2806,5187.5199,5310.3859,PENDING_AG03,FALSE,NOT_FOR_ENFORCEMENT,6384.6399,1800081.0682,6650.6665,6384.6399,266.0267,0.00321897,0.00309021,266.0267,6384.6399,0.00309021,266.0267,266.0267,266.0267,332.5333,332.5333,6384.6399,0.00309021,1463.1466,1340.2806,5187.5199,5310.3859,0.00251080,0.00257027,0.00012876,371.7316,502.2996,1.7816,195.6078,18.0235,60767.1779,109.7941,191.9923,404.8606,67.659,338.295,676.59,676.59,676.59,679.3478,270.636,-67.659,2.0,2.008152,1.098839,13,83,54,7,0.08038074,0.00321897,0.08024012,0E-8,0.000000,0.907555,0.005578,-0.08375330,2026-05-19,2026-07-26,34,369,121,69,0.492754,0.474218,0.516481,0.267936,,,,,,,,GLOBAL_BASELINE_NO_ENTITY_RANKING,,,NOT_APPLICABLE_GLOBAL_BASELINE,HF9g-P5,,,,X 全窗基线 · 不参与实体赏罚,14197335,1420,A168_HF9F_20260827_0900,2026-08-27 09:00:00
2026-06-28,145604771,1383,0,26529.0933694178,-4732.7469553446,-4732.7469553446,0.3846154,66,42,0.47561968351371552,0.374904136905,-1.137996984455588,0.12527773905078235,-1.137996984455588,0.10071554660871552,ELIGIBLE,R03b_20260811_FULL_v1,L1_ELIGIBILITY,v2026-08-11,2026-03-21..2026-08-06,baccarat_bet02_101_all_pairs_incl_sentinel,round_win = game_pnl > 0 (decisive only),COMPATIBILITY_ONLY_NOT_PRODUCTION,2066084.0486,1875084.4460,6650.6665,5558,3733,-0.00321897,-0.08024012,0.00351318,-0.00321897,-6650.6665,2066084.0486,OK,0.0000,266.0267,4.0000,96.0000,AG03-UNRESOLVED,ALL5_LEVELS_bet23_to_bet27,266.0267,266.0267,266.0267,332.5333,332.5333,4.000000,4.000000,4.000000,5.000000,5.000000,96.000000,96.000000,96.000000,95.000000,95.000000,5.0,1463.1466,1340.2806,5187.5199,5310.3859,PENDING_AG03,FALSE,NOT_FOR_ENFORCEMENT,6384.6399,1800081.0682,6650.6665,6384.6399,266.0267,0.00321897,0.00309021,266.0267,6384.6399,0.00309021,266.0267,266.0267,266.0267,332.5333,332.5333,6384.6399,0.00309021,1463.1466,1340.2806,5187.5199,5310.3859,0.00251080,0.00257027,0.00012876,371.7316,502.2996,1.7816,195.6078,18.0235,60767.1779,109.7941,191.9923,404.8606,67.659,338.295,676.59,676.59,676.59,679.3478,270.636,-67.659,2.0,2.008152,1.098839,13,83,54,7,0.08038074,0.00321897,0.08024012,0E-8,0.000000,0.907555,0.005578,-0.08375330,2026-05-19,2026-07-26,34,369,121,69,0.492754,0.474218,0.516481,0.267936,,,,,,,,GLOBAL_BASELINE_NO_ENTITY_RANKING,,,NOT_APPLICABLE_GLOBAL_BASELINE,HF9g-P5,,,,X 全窗基线 · 不参与实体赏罚,14197336,1420,A168_HF9F_20260827_0900,2026-08-27 09:00:00
2026-06-28,145604771,1385,0,19215.1556156966,-2604.8714479022,-2604.8714479022,0.4444444,41,27,0.48017208451179003,0.387828714815,-0.37158481628594026,0.6037574919596804,-0.37158481628594026,0.09234336969679003,ELIGIBLE,R03b_20260811_FULL_v1,L1_ELIGIBILITY,v2026-08-11,2026-03-21..2026-08-06,baccarat_bet02_101_all_pairs_incl_sentinel,round_win = game_pnl > 0 (decisive only),COMPATIBILITY_ONLY_NOT_PRODUCTION,2066084.0486,1875084.4460,6650.6665,5558,3733,-0.00321897,-0.08024012,0.00351318,-0.00321897,-6650.6665,2066084.0486,OK,0.0000,266.0267,4.0000,96.0000,AG03-UNRESOLVED,ALL5_LEVELS_bet23_to_bet27,266.0267,266.0267,266.0267,332.5333,332.5333,4.000000,4.000000,4.000000,5.000000,5.000000,96.000000,96.000000,96.000000,95.000000,95.000000,5.0,1463.1466,1340.2806,5187.5199,5310.3859,PENDING_AG03,FALSE,NOT_FOR_ENFORCEMENT,6384.6399,1800081.0682,6650.6665,6384.6399,266.0267,0.00321897,0.00309021,266.0267,6384.6399,0.00309021,266.0267,266.0267,266.0267,332.5333,332.5333,6384.6399,0.00309021,1463.1466,1340.2806,5187.5199,5310.3859,0.00251080,0.00257027,0.00012876,371.7316,502.2996,1.7816,195.6078,18.0235,60767.1779,109.7941,191.9923,404.8606,67.659,338.295,676.59,676.59,676.59,679.3478,270.636,-67.659,2.0,2.008152,1.098839,13,83,54,7,0.08038074,0.00321897,0.08024012,0E-8,0.000000,0.907555,0.005578,-0.08375330,2026-05-19,2026-07-26,34,369,121,69,0.492754,0.474218,0.516481,0.267936,,,,,,,,GLOBAL_BASELINE_NO_ENTITY_RANKING,,,NOT_APPLICABLE_GLOBAL_BASELINE,HF9g-P5,,,,X 全窗基线 · 不参与实体赏罚,14197337,1420,A168_HF9F_20260827_0900,2026-08-27 09:00:00
2026-06-28,145604771,1485,0,9742.8958051420,-507.4424898511,-507.4424898511,0.4615385,18,14,0.48584507272727575,0.435307892857,-0.17534774607066525,0.19075470239295805,-0.17534774607066525,0.05053717987027575,ELIGIBLE,R03b_20260811_FULL_v1,L1_ELIGIBILITY,v2026-08-11,2026-03-21..2026-08-06,baccarat_bet02_101_all_pairs_incl_sentinel,round_win = game_pnl > 0 (decisive only),COMPATIBILITY_ONLY_NOT_PRODUCTION,2066084.0486,1875084.4460,6650.6665,5558,3733,-0.00321897,-0.08024012,0.00351318,-0.00321897,-6650.6665,2066084.0486,OK,0.0000,266.0267,4.0000,96.0000,AG03-UNRESOLVED,ALL5_LEVELS_bet23_to_bet27,266.0267,266.0267,266.0267,332.5333,332.5333,4.000000,4.000000,4.000000,5.000000,5.000000,96.000000,96.000000,96.000000,95.000000,95.000000,5.0,1463.1466,1340.2806,5187.5199,5310.3859,PENDING_AG03,FALSE,NOT_FOR_ENFORCEMENT,6384.6399,1800081.0682,6650.6665,6384.6399,266.0267,0.00321897,0.00309021,266.0267,6384.6399,0.00309021,266.0267,266.0267,266.0267,332.5333,332.5333,6384.6399,0.00309021,1463.1466,1340.2806,5187.5199,5310.3859,0.00251080,0.00257027,0.00012876,371.7316,502.2996,1.7816,195.6078,18.0235,60767.1779,109.7941,191.9923,404.8606,67.659,338.295,676.59,676.59,676.59,679.3478,270.636,-67.659,2.0,2.008152,1.098839,13,83,54,7,0.08038074,0.00321897,0.08024012,0E-8,0.000000,0.907555,0.005578,-0.08375330,2026-05-19,2026-07-26,34,369,121,69,0.492754,0.474218,0.516481,0.267936,,,,,,,,GLOBAL_BASELINE_NO_ENTITY_RANKING,,,NOT_APPLICABLE_GLOBAL_BASELINE,HF9g-P5,,,,X 全窗基线 · 不参与实体赏罚,14197338,1420,A168_HF9F_20260827_0900,2026-08-27 09:00:00
2026-06-28,145604771,1490,0,29533.1529093364,-135.3179972931,-135.3179972931,0.4615385,68,42,0.47523687040404703,0.365117228571,-0.17130329155141466,1.2506680347653794,-0.17130329155141466,0.11011964183304703,ELIGIBLE,R03b_20260811_FULL_v1,L1_ELIGIBILITY,v2026-08-11,2026-03-21..2026-08-06,baccarat_bet02_101_all_pairs_incl_sentinel,round_win = game_pnl > 0 (decisive only),COMPATIBILITY_ONLY_NOT_PRODUCTION,2066084.0486,1875084.4460,6650.6665,5558,3733,-0.00321897,-0.08024012,0.00351318,-0.00321897,-6650.6665,2066084.0486,OK,0.0000,266.0267,4.0000,96.0000,AG03-UNRESOLVED,ALL5_LEVELS_bet23_to_bet27,266.0267,266.0267,266.0267,332.5333,332.5333,4.000000,4.000000,4.000000,5.000000,5.000000,96.000000,96.000000,96.000000,95.000000,95.000000,5.0,1463.1466,1340.2806,5187.5199,5310.3859,PENDING_AG03,FALSE,NOT_FOR_ENFORCEMENT,6384.6399,1800081.0682,6650.6665,6384.6399,266.0267,0.00321897,0.00309021,266.0267,6384.6399,0.00309021,266.0267,266.0267,266.0267,332.5333,332.5333,6384.6399,0.00309021,1463.1466,1340.2806,5187.5199,5310.3859,0.00251080,0.00257027,0.00012876,371.7316,502.2996,1.7816,195.6078,18.0235,60767.1779,109.7941,191.9923,404.8606,67.659,338.295,676.59,676.59,676.59,679.3478,270.636,-67.659,2.0,2.008152,1.098839,13,83,54,7,0.08038074,0.00321897,0.08024012,0E-8,0.000000,0.907555,0.005578,-0.08375330,2026-05-19,2026-07-26,34,369,121,69,0.492754,0.474218,0.516481,0.267936,,,,,,,,GLOBAL_BASELINE_NO_ENTITY_RANKING,,,NOT_APPLICABLE_GLOBAL_BASELINE,HF9g-P5,,,,X 全窗基线 · 不参与实体赏罚,14197339,1420,A168_HF9F_20260827_0900,2026-08-27 09:00:00
2026-06-28,145604771,1645,0,8085.2503382949,-4076.4546684708,-4076.4546684708,0.3333333,20,13,0.47767079650350207,0.384383323077,-1.0009979585775866,-0.3635371729080973,-1.0009979585775866,0.09328747342650207,ELIGIBLE,R03b_20260811_FULL_v1,L1_ELIGIBILITY,v2026-08-11,2026-03-21..2026-08-06,baccarat_bet02_101_all_pairs_incl_sentinel,round_win = game_pnl > 0 (decisive only),COMPATIBILITY_ONLY_NOT_PRODUCTION,2066084.0486,1875084.4460,6650.6665,5558,3733,-0.00321897,-0.08024012,0.00351318,-0.00321897,-6650.6665,2066084.0486,OK,0.0000,266.0267,4.0000,96.0000,AG03-UNRESOLVED,ALL5_LEVELS_bet23_to_bet27,266.0267,266.0267,266.0267,332.5333,332.5333,4.000000,4.000000,4.000000,5.000000,5.000000,96.000000,96.000000,96.000000,95.000000,95.000000,5.0,1463.1466,1340.2806,5187.5199,5310.3859,PENDING_AG03,FALSE,NOT_FOR_ENFORCEMENT,6384.6399,1800081.0682,6650.6665,6384.6399,266.0267,0.00321897,0.00309021,266.0267,6384.6399,0.00309021,266.0267,266.0267,266.0267,332.5333,332.5333,6384.6399,0.00309021,1463.1466,1340.2806,5187.5199,5310.3859,0.00251080,0.00257027,0.00012876,371.7316,502.2996,1.7816,195.6078,18.0235,60767.1779,109.7941,191.9923,404.8606,67.659,338.295,676.59,676.59,676.59,679.3478,270.636,-67.659,2.0,2.008152,1.098839,13,83,54,7,0.08038074,0.00321897,0.08024012,0E-8,0.000000,0.907555,0.005578,-0.08375330,2026-05-19,2026-07-26,34,369,121,69,0.492754,0.474218,0.516481,0.267936,,,,,,,,GLOBAL_BASELINE_NO_ENTITY_RANKING,,,NOT_APPLICABLE_GLOBAL_BASELINE,HF9g-P5,,,,X 全窗基线 · 不参与实体赏罚,14197340,1420,A168_HF9F_20260827_0900,2026-08-27 09:00:00
2026-06-28,145604771,1646,0,8389.7158322056,-3856.5629228687,-3856.5629228687,0.2307692,20,14,0.48011252261905283,0.404337225000,-1.7994640296980655,-1.275173349523636,-1.7994640296980655,0.07577529761905283,ELIGIBLE,R03b_20260811_FULL_v1,L1_ELIGIBILITY,v2026-08-11,2026-03-21..2026-08-06,baccarat_bet02_101_all_pairs_incl_sentinel,round_win = game_pnl > 0 (decisive only),COMPATIBILITY_ONLY_NOT_PRODUCTION,2066084.0486,1875084.4460,6650.6665,5558,3733,-0.00321897,-0.08024012,0.00351318,-0.00321897,-6650.6665,2066084.0486,OK,0.0000,266.0267,4.0000,96.0000,AG03-UNRESOLVED,ALL5_LEVELS_bet23_to_bet27,266.0267,266.0267,266.0267,332.5333,332.5333,4.000000,4.000000,4.000000,5.000000,5.000000,96.000000,96.000000,96.000000,95.000000,95.000000,5.0,1463.1466,1340.2806,5187.5199,5310.3859,PENDING_AG03,FALSE,NOT_FOR_ENFORCEMENT,6384.6399,1800081.0682,6650.6665,6384.6399,266.0267,0.00321897,0.00309021,266.0267,6384.6399,0.00309021,266.0267,266.0267,266.0267,332.5333,332.5333,6384.6399,0.00309021,1463.1466,1340.2806,5187.5199,5310.3859,0.00251080,0.00257027,0.00012876,371.7316,502.2996,1.7816,195.6078,18.0235,60767.1779,109.7941,191.9923,404.8606,67.659,338.295,676.59,676.59,676.59,679.3478,270.636,-67.659,2.0,2.008152,1.098839,13,83,54,7,0.08038074,0.00321897,0.08024012,0E-8,0.000000,0.907555,0.005578,-0.08375330,2026-05-19,2026-07-26,34,369,121,69,0.492754,0.474218,0.516481,0.267936,,,,,,,,GLOBAL_BASELINE_NO_ENTITY_RANKING,,,NOT_APPLICABLE_GLOBAL_BASELINE,HF9g-P5,,,,X 全窗基线 · 不参与实体赏罚,14197341,1420,A168_HF9F_20260827_0900,2026-08-27 09:00:00
2026-06-28,145604771,1654,0,17050.0676589984,3552.0974289584,3552.0974289584,0.5909091,36,24,0.48134265530303576,0.390077729167,1.0285405848395786,1.9312124377635607,1.0285405848395786,0.09126492613603576,ELIGIBLE,R03b_20260811_FULL_v1,L1_ELIGIBILITY,v2026-08-11,2026-03-21..2026-08-06,baccarat_bet02_101_all_pairs_incl_sentinel,round_win = game_pnl > 0 (decisive only),COMPATIBILITY_ONLY_NOT_PRODUCTION,2066084.0486,1875084.4460,6650.6665,5558,3733,-0.00321897,-0.08024012,0.00351318,-0.00321897,-6650.6665,2066084.0486,OK,0.0000,266.0267,4.0000,96.0000,AG03-UNRESOLVED,ALL5_LEVELS_bet23_to_bet27,266.0267,266.0267,266.0267,332.5333,332.5333,4.000000,4.000000,4.000000,5.000000,5.000000,96.000000,96.000000,96.000000,95.000000,95.000000,5.0,1463.1466,1340.2806,5187.5199,5310.3859,PENDING_AG03,FALSE,NOT_FOR_ENFORCEMENT,6384.6399,1800081.0682,6650.6665,6384.6399,266.0267,0.00321897,0.00309021,266.0267,6384.6399,0.00309021,266.0267,266.0267,266.0267,332.5333,332.5333,6384.6399,0.00309021,1463.1466,1340.2806,5187.5199,5310.3859,0.00251080,0.00257027,0.00012876,371.7316,502.2996,1.7816,195.6078,18.0235,60767.1779,109.7941,191.9923,404.8606,67.659,338.295,676.59,676.59,676.59,679.3478,270.636,-67.659,2.0,2.008152,1.098839,13,83,54,7,0.08038074,0.00321897,0.08024012,0E-8,0.000000,0.907555,0.005578,-0.08375330,2026-05-19,2026-07-26,34,369,121,69,0.492754,0.474218,0.516481,0.267936,,,,,,,,GLOBAL_BASELINE_NO_ENTITY_RANKING,,,NOT_APPLICABLE_GLOBAL_BASELINE,HF9g-P5,,,,X 全窗基线 · 不参与实体赏罚,14197342,1420,A168_HF9F_20260827_0900,2026-08-27 09:00:00
2026-06-28,145604771,1702,0,12990.5277401893,744.2489851152,744.2489851152,0.5000000,26,19,0.48693317416268340,0.420428718421,0.11091357556446135,0.683900607801982,0.11091357556446135,0.06650445574168340,ELIGIBLE,R03b_20260811_FULL_v1,L1_ELIGIBILITY,v2026-08-11,2026-03-21..2026-08-06,baccarat_bet02_101_all_pairs_incl_sentinel,round_win = game_pnl > 0 (decisive only),COMPATIBILITY_ONLY_NOT_PRODUCTION,2066084.0486,1875084.4460,6650.6665,5558,3733,-0.00321897,-0.08024012,0.00351318,-0.00321897,-6650.6665,2066084.0486,OK,0.0000,266.0267,4.0000,96.0000,AG03-UNRESOLVED,ALL5_LEVELS_bet23_to_bet27,266.0267,266.0267,266.0267,332.5333,332.5333,4.000000,4.000000,4.000000,5.000000,5.000000,96.000000,96.000000,96.000000,95.000000,95.000000,5.0,1463.1466,1340.2806,5187.5199,5310.3859,PENDING_AG03,FALSE,NOT_FOR_ENFORCEMENT,6384.6399,1800081.0682,6650.6665,6384.6399,266.0267,0.00321897,0.00309021,266.0267,6384.6399,0.00309021,266.0267,266.0267,266.0267,332.5333,332.5333,6384.6399,0.00309021,1463.1466,1340.2806,5187.5199,5310.3859,0.00251080,0.00257027,0.00012876,371.7316,502.2996,1.7816,195.6078,18.0235,60767.1779,109.7941,191.9923,404.8606,67.659,338.295,676.59,676.59,676.59,679.3478,270.636,-67.659,2.0,2.008152,1.098839,13,83,54,7,0.08038074,0.00321897,0.08024012,0E-8,0.000000,0.907555,0.005578,-0.08375330,2026-05-19,2026-07-26,34,369,121,69,0.492754,0.474218,0.516481,0.267936,,,,,,,,GLOBAL_BASELINE_NO_ENTITY_RANKING,,,NOT_APPLICABLE_GLOBAL_BASELINE,HF9g-P5,,,,X 全窗基线 · 不参与实体赏罚,14197343,1420,A168_HF9F_20260827_0900,2026-08-27 09:00:00
2026-06-28,145604771,1941,0,4803.7889039242,-845.7374830852,-845.7374830852,0.4285714,8,7,0.49885139480519639,0.472372150000,-0.3718876068685249,-0.23212626626277016,-0.3718876068685249,0.02647924480519639,ELIGIBLE,R03b_20260811_FULL_v1,L1_ELIGIBILITY,v2026-08-11,2026-03-21..2026-08-06,baccarat_bet02_101_all_pairs_incl_sentinel,round_win = game_pnl > 0 (decisive only),COMPATIBILITY_ONLY_NOT_PRODUCTION,2066084.0486,1875084.4460,6650.6665,5558,3733,-0.00321897,-0.08024012,0.00351318,-0.00321897,-6650.6665,2066084.0486,OK,0.0000,266.0267,4.0000,96.0000,AG03-UNRESOLVED,ALL5_LEVELS_bet23_to_bet27,266.0267,266.0267,266.0267,332.5333,332.5333,4.000000,4.000000,4.000000,5.000000,5.000000,96.000000,96.000000,96.000000,95.000000,95.000000,5.0,1463.1466,1340.2806,5187.5199,5310.3859,PENDING_AG03,FALSE,NOT_FOR_ENFORCEMENT,6384.6399,1800081.0682,6650.6665,6384.6399,266.0267,0.00321897,0.00309021,266.0267,6384.6399,0.00309021,266.0267,266.0267,266.0267,332.5333,332.5333,6384.6399,0.00309021,1463.1466,1340.2806,5187.5199,5310.3859,0.00251080,0.00257027,0.00012876,371.7316,502.2996,1.7816,195.6078,18.0235,60767.1779,109.7941,191.9923,404.8606,67.659,338.295,676.59,676.59,676.59,679.3478,270.636,-67.659,2.0,2.008152,1.098839,13,83,54,7,0.08038074,0.00321897,0.08024012,0E-8,0.000000,0.907555,0.005578,-0.08375330,2026-05-19,2026-07-26,34,369,121,69,0.492754,0.474218,0.516481,0.267936,,,,,,,,GLOBAL_BASELINE_NO_ENTITY_RANKING,,,NOT_APPLICABLE_GLOBAL_BASELINE,HF9g-P5,,,,X 全窗基线 · 不参与实体赏罚,14197344,1420,A168_HF9F_20260827_0900,2026-08-27 09:00:00
2026-06-28,145604771,1947,0,21786.1975642758,-2604.8714479023,-2604.8714479023,0.4074074,43,31,0.48691082463343523,0.417540546774,-0.8265070017252693,-0.10676864250187687,-0.8265070017252693,0.06937027785943523,ELIGIBLE,R03b_20260811_FULL_v1,L1_ELIGIBILITY,v2026-08-11,2026-03-21..2026-08-06,baccarat_bet02_101_all_pairs_incl_sentinel,round_win = game_pnl > 0 (decisive only),COMPATIBILITY_ONLY_NOT_PRODUCTION,2066084.0486,1875084.4460,6650.6665,5558,3733,-0.00321897,-0.08024012,0.00351318,-0.00321897,-6650.6665,2066084.0486,OK,0.0000,266.0267,4.0000,96.0000,AG03-UNRESOLVED,ALL5_LEVELS_bet23_to_bet27,266.0267,266.0267,266.0267,332.5333,332.5333,4.000000,4.000000,4.000000,5.000000,5.000000,96.000000,96.000000,96.000000,95.000000,95.000000,5.0,1463.1466,1340.2806,5187.5199,5310.3859,PENDING_AG03,FALSE,NOT_FOR_ENFORCEMENT,6384.6399,1800081.0682,6650.6665,6384.6399,266.0267,0.00321897,0.00309021,266.0267,6384.6399,0.00309021,266.0267,266.0267,266.0267,332.5333,332.5333,6384.6399,0.00309021,1463.1466,1340.2806,5187.5199,5310.3859,0.00251080,0.00257027,0.00012876,371.7316,502.2996,1.7816,195.6078,18.0235,60767.1779,109.7941,191.9923,404.8606,67.659,338.295,676.59,676.59,676.59,679.3478,270.636,-67.659,2.0,2.008152,1.098839,13,83,54,7,0.08038074,0.00321897,0.08024012,0E-8,0.000000,0.907555,0.005578,-0.08375330,2026-05-19,2026-07-26,34,369,121,69,0.492754,0.474218,0.516481,0.267936,,,,,,,,GLOBAL_BASELINE_NO_ENTITY_RANKING,,,NOT_APPLICABLE_GLOBAL_BASELINE,HF9g-P5,,,,X 全窗基线 · 不参与实体赏罚,14197345,1420,A168_HF9F_20260827_0900,2026-08-27 09:00:00
2026-06-28,145604771,1951,0,1542.6251691475,-866.0351826793,-866.0351826793,0.2500000,5,4,0.47609308333333756,0.441788250000,-0.9054078803724462,-0.7724056192643294,-0.9054078803724462,0.03430483333333756,ELIGIBLE,R03b_20260811_FULL_v1,L1_ELIGIBILITY,v2026-08-11,2026-03-21..2026-08-06,baccarat_bet02_101_all_pairs_incl_sentinel,round_win = game_pnl > 0 (decisive only),COMPATIBILITY_ONLY_NOT_PRODUCTION,2066084.0486,1875084.4460,6650.6665,5558,3733,-0.00321897,-0.08024012,0.00351318,-0.00321897,-6650.6665,2066084.0486,OK,0.0000,266.0267,4.0000,96.0000,AG03-UNRESOLVED,ALL5_LEVELS_bet23_to_bet27,266.0267,266.0267,266.0267,332.5333,332.5333,4.000000,4.000000,4.000000,5.000000,5.000000,96.000000,96.000000,96.000000,95.000000,95.000000,5.0,1463.1466,1340.2806,5187.5199,5310.3859,PENDING_AG03,FALSE,NOT_FOR_ENFORCEMENT,6384.6399,1800081.0682,6650.6665,6384.6399,266.0267,0.00321897,0.00309021,266.0267,6384.6399,0.00309021,266.0267,266.0267,266.0267,332.5333,332.5333,6384.6399,0.00309021,1463.1466,1340.2806,5187.5199,5310.3859,0.00251080,0.00257027,0.00012876,371.7316,502.2996,1.7816,195.6078,18.0235,60767.1779,109.7941,191.9923,404.8606,67.659,338.295,676.59,676.59,676.59,679.3478,270.636,-67.659,2.0,2.008152,1.098839,13,83,54,7,0.08038074,0.00321897,0.08024012,0E-8,0.000000,0.907555,0.005578,-0.08375330,2026-05-19,2026-07-26,34,369,121,69,0.492754,0.474218,0.516481,0.267936,,,,,,,,GLOBAL_BASELINE_NO_ENTITY_RANKING,,,NOT_APPLICABLE_GLOBAL_BASELINE,HF9g-P5,,,,X 全窗基线 · 不参与实体赏罚,14197346,1420,A168_HF9F_20260827_0900,2026-08-27 09:00:00
2026-06-28,145604771,2106,0,4472.2598105548,-2740.1894451962,-2740.1894451962,0.1428571,13,7,0.45960595138256002,0.332390835714,-1.6815737117496707,-1.0645100818054865,-1.6815737117496707,0.12721511566856002,ELIGIBLE,R03b_20260811_FULL_v1,L1_ELIGIBILITY,v2026-08-11,2026-03-21..2026-08-06,baccarat_bet02_101_all_pairs_incl_sentinel,round_win = game_pnl > 0 (decisive only),COMPATIBILITY_ONLY_NOT_PRODUCTION,2066084.0486,1875084.4460,6650.6665,5558,3733,-0.00321897,-0.08024012,0.00351318,-0.00321897,-6650.6665,2066084.0486,OK,0.0000,266.0267,4.0000,96.0000,AG03-UNRESOLVED,ALL5_LEVELS_bet23_to_bet27,266.0267,266.0267,266.0267,332.5333,332.5333,4.000000,4.000000,4.000000,5.000000,5.000000,96.000000,96.000000,96.000000,95.000000,95.000000,5.0,1463.1466,1340.2806,5187.5199,5310.3859,PENDING_AG03,FALSE,NOT_FOR_ENFORCEMENT,6384.6399,1800081.0682,6650.6665,6384.6399,266.0267,0.00321897,0.00309021,266.0267,6384.6399,0.00309021,266.0267,266.0267,266.0267,332.5333,332.5333,6384.6399,0.00309021,1463.1466,1340.2806,5187.5199,5310.3859,0.00251080,0.00257027,0.00012876,371.7316,502.2996,1.7816,195.6078,18.0235,60767.1779,109.7941,191.9923,404.8606,67.659,338.295,676.59,676.59,676.59,679.3478,270.636,-67.659,2.0,2.008152,1.098839,13,83,54,7,0.08038074,0.00321897,0.08024012,0E-8,0.000000,0.907555,0.005578,-0.08375330,2026-05-19,2026-07-26,34,369,121,69,0.492754,0.474218,0.516481,0.267936,,,,,,,,GLOBAL_BASELINE_NO_ENTITY_RANKING,,,NOT_APPLICABLE_GLOBAL_BASELINE,HF9g-P5,,,,X 全窗基线 · 不参与实体赏罚,14197347,1420,A168_HF9F_20260827_0900,2026-08-27 09:00:00
2026-06-28,145604771,2115,0,1353.1799729364,-693.5047361299,-693.5047361299,0.3333333,3,3,0.50665070000000000,0.506650700000,-0.6004420894325239,-0.6004420894325239,-0.6004420894325239,0E-17,ELIGIBLE,R03b_20260811_FULL_v1,L1_ELIGIBILITY,v2026-08-11,2026-03-21..2026-08-06,baccarat_bet02_101_all_pairs_incl_sentinel,round_win = game_pnl > 0 (decisive only),COMPATIBILITY_ONLY_NOT_PRODUCTION,2066084.0486,1875084.4460,6650.6665,5558,3733,-0.00321897,-0.08024012,0.00351318,-0.00321897,-6650.6665,2066084.0486,OK,0.0000,266.0267,4.0000,96.0000,AG03-UNRESOLVED,ALL5_LEVELS_bet23_to_bet27,266.0267,266.0267,266.0267,332.5333,332.5333,4.000000,4.000000,4.000000,5.000000,5.000000,96.000000,96.000000,96.000000,95.000000,95.000000,5.0,1463.1466,1340.2806,5187.5199,5310.3859,PENDING_AG03,FALSE,NOT_FOR_ENFORCEMENT,6384.6399,1800081.0682,6650.6665,6384.6399,266.0267,0.00321897,0.00309021,266.0267,6384.6399,0.00309021,266.0267,266.0267,266.0267,332.5333,332.5333,6384.6399,0.00309021,1463.1466,1340.2806,5187.5199,5310.3859,0.00251080,0.00257027,0.00012876,371.7316,502.2996,1.7816,195.6078,18.0235,60767.1779,109.7941,191.9923,404.8606,67.659,338.295,676.59,676.59,676.59,679.3478,270.636,-67.659,2.0,2.008152,1.098839,13,83,54,7,0.08038074,0.00321897,0.08024012,0E-8,0.000000,0.907555,0.005578,-0.08375330,2026-05-19,2026-07-26,34,369,121,69,0.492754,0.474218,0.516481,0.267936,,,,,,,,GLOBAL_BASELINE_NO_ENTITY_RANKING,,,NOT_APPLICABLE_GLOBAL_BASELINE,HF9g-P5,,,,X 全窗基线 · 不参与实体赏罚,14197348,1420,A168_HF9F_20260827_0900,2026-08-27 09:00:00
2026-06-28,145604771,2121,0,676.5899864682,-676.5899864682,-676.5899864682,0E-7,3,2,0.45894066666667512,0.390331000000,-1.3024792775042495,-1.1315779169514892,-1.3024792775042495,0.06860966666667512,ELIGIBLE,R03b_20260811_FULL_v1,L1_ELIGIBILITY,v2026-08-11,2026-03-21..2026-08-06,baccarat_bet02_101_all_pairs_incl_sentinel,round_win = game_pnl > 0 (decisive only),COMPATIBILITY_ONLY_NOT_PRODUCTION,2066084.0486,1875084.4460,6650.6665,5558,3733,-0.00321897,-0.08024012,0.00351318,-0.00321897,-6650.6665,2066084.0486,OK,0.0000,266.0267,4.0000,96.0000,AG03-UNRESOLVED,ALL5_LEVELS_bet23_to_bet27,266.0267,266.0267,266.0267,332.5333,332.5333,4.000000,4.000000,4.000000,5.000000,5.000000,96.000000,96.000000,96.000000,95.000000,95.000000,5.0,1463.1466,1340.2806,5187.5199,5310.3859,PENDING_AG03,FALSE,NOT_FOR_ENFORCEMENT,6384.6399,1800081.0682,6650.6665,6384.6399,266.0267,0.00321897,0.00309021,266.0267,6384.6399,0.00309021,266.0267,266.0267,266.0267,332.5333,332.5333,6384.6399,0.00309021,1463.1466,1340.2806,5187.5199,5310.3859,0.00251080,0.00257027,0.00012876,371.7316,502.2996,1.7816,195.6078,18.0235,60767.1779,109.7941,191.9923,404.8606,67.659,338.295,676.59,676.59,676.59,679.3478,270.636,-67.659,2.0,2.008152,1.098839,13,83,54,7,0.08038074,0.00321897,0.08024012,0E-8,0.000000,0.907555,0.005578,-0.08375330,2026-05-19,2026-07-26,34,369,121,69,0.492754,0.474218,0.516481,0.267936,,,,,,,,GLOBAL_BASELINE_NO_ENTITY_RANKING,,,NOT_APPLICABLE_GLOBAL_BASELINE,HF9g-P5,,,,X 全窗基线 · 不参与实体赏罚,14197349,1420,A168_HF9F_20260827_0900,2026-08-27 09:00:00
2026-06-28,145604771,2127,0,24560.2165087954,-64.2760487141,-64.2760487141,0.4848485,49,35,0.48414417602597846,0.411088500000,0.008095964097313004,0.8611624949699117,0.008095964097313004,0.07305567602597846,ELIGIBLE,R03b_20260811_FULL_v1,L1_ELIGIBILITY,v2026-08-11,2026-03-21..2026-08-06,baccarat_bet02_101_all_pairs_incl_sentinel,round_win = game_pnl > 0 (decisive only),COMPATIBILITY_ONLY_NOT_PRODUCTION,2066084.0486,1875084.4460,6650.6665,5558,3733,-0.00321897,-0.08024012,0.00351318,-0.00321897,-6650.6665,2066084.0486,OK,0.0000,266.0267,4.0000,96.0000,AG03-UNRESOLVED,ALL5_LEVELS_bet23_to_bet27,266.0267,266.0267,266.0267,332.5333,332.5333,4.000000,4.000000,4.000000,5.000000,5.000000,96.000000,96.000000,96.000000,95.000000,95.000000,5.0,1463.1466,1340.2806,5187.5199,5310.3859,PENDING_AG03,FALSE,NOT_FOR_ENFORCEMENT,6384.6399,1800081.0682,6650.6665,6384.6399,266.0267,0.00321897,0.00309021,266.0267,6384.6399,0.00309021,266.0267,266.0267,266.0267,332.5333,332.5333,6384.6399,0.00309021,1463.1466,1340.2806,5187.5199,5310.3859,0.00251080,0.00257027,0.00012876,371.7316,502.2996,1.7816,195.6078,18.0235,60767.1779,109.7941,191.9923,404.8606,67.659,338.295,676.59,676.59,676.59,679.3478,270.636,-67.659,2.0,2.008152,1.098839,13,83,54,7,0.08038074,0.00321897,0.08024012,0E-8,0.000000,0.907555,0.005578,-0.08375330,2026-05-19,2026-07-26,34,369,121,69,0.492754,0.474218,0.516481,0.267936,,,,,,,,GLOBAL_BASELINE_NO_ENTITY_RANKING,,,NOT_APPLICABLE_GLOBAL_BASELINE,HF9g-P5,,,,X 全窗基线 · 不参与实体赏罚,14197350,1420,A168_HF9F_20260827_0900,2026-08-27 09:00:00
2026-06-28,145604771,2129,0,18673.8836265220,3416.7794316648,3416.7794316648,0.5600000,42,26,0.47390576468532099,0.368315909615,0.8621172005795682,1.9869908342819893,0.8621172005795682,0.10558985507032099,ELIGIBLE,R03b_20260811_FULL_v1,L1_ELIGIBILITY,v2026-08-11,2026-03-21..2026-08-06,baccarat_bet02_101_all_pairs_incl_sentinel,round_win = game_pnl > 0 (decisive only),COMPATIBILITY_ONLY_NOT_PRODUCTION,2066084.0486,1875084.4460,6650.6665,5558,3733,-0.00321897,-0.08024012,0.00351318,-0.00321897,-6650.6665,2066084.0486,OK,0.0000,266.0267,4.0000,96.0000,AG03-UNRESOLVED,ALL5_LEVELS_bet23_to_bet27,266.0267,266.0267,266.0267,332.5333,332.5333,4.000000,4.000000,4.000000,5.000000,5.000000,96.000000,96.000000,96.000000,95.000000,95.000000,5.0,1463.1466,1340.2806,5187.5199,5310.3859,PENDING_AG03,FALSE,NOT_FOR_ENFORCEMENT,6384.6399,1800081.0682,6650.6665,6384.6399,266.0267,0.00321897,0.00309021,266.0267,6384.6399,0.00309021,266.0267,266.0267,266.0267,332.5333,332.5333,6384.6399,0.00309021,1463.1466,1340.2806,5187.5199,5310.3859,0.00251080,0.00257027,0.00012876,371.7316,502.2996,1.7816,195.6078,18.0235,60767.1779,109.7941,191.9923,404.8606,67.659,338.295,676.59,676.59,676.59,679.3478,270.636,-67.659,2.0,2.008152,1.098839,13,83,54,7,0.08038074,0.00321897,0.08024012,0E-8,0.000000,0.907555,0.005578,-0.08375330,2026-05-19,2026-07-26,34,369,121,69,0.492754,0.474218,0.516481,0.267936,,,,,,,,GLOBAL_BASELINE_NO_ENTITY_RANKING,,,NOT_APPLICABLE_GLOBAL_BASELINE,HF9g-P5,,,,X 全窗基线 · 不参与实体赏罚,14197351,1420,A168_HF9F_20260827_0900,2026-08-27 09:00:00
2026-06-28,145604771,2130,0,29844.3843031118,263.8700947232,263.8700947232,0.5121951,69,42,0.47532419094981556,0.359483955952,0.4727543709496949,2.037783113397481,0.4727543709496949,0.11584023499781556,ELIGIBLE,R03b_20260811_FULL_v1,L1_ELIGIBILITY,v2026-08-11,2026-03-21..2026-08-06,baccarat_bet02_101_all_pairs_incl_sentinel,round_win = game_pnl > 0 (decisive only),COMPATIBILITY_ONLY_NOT_PRODUCTION,2066084.0486,1875084.4460,6650.6665,5558,3733,-0.00321897,-0.08024012,0.00351318,-0.00321897,-6650.6665,2066084.0486,OK,0.0000,266.0267,4.0000,96.0000,AG03-UNRESOLVED,ALL5_LEVELS_bet23_to_bet27,266.0267,266.0267,266.0267,332.5333,332.5333,4.000000,4.000000,4.000000,5.000000,5.000000,96.000000,96.000000,96.000000,95.000000,95.000000,5.0,1463.1466,1340.2806,5187.5199,5310.3859,PENDING_AG03,FALSE,NOT_FOR_ENFORCEMENT,6384.6399,1800081.0682,6650.6665,6384.6399,266.0267,0.00321897,0.00309021,266.0267,6384.6399,0.00309021,266.0267,266.0267,266.0267,332.5333,332.5333,6384.6399,0.00309021,1463.1466,1340.2806,5187.5199,5310.3859,0.00251080,0.00257027,0.00012876,371.7316,502.2996,1.7816,195.6078,18.0235,60767.1779,109.7941,191.9923,404.8606,67.659,338.295,676.59,676.59,676.59,679.3478,270.636,-67.659,2.0,2.008152,1.098839,13,83,54,7,0.08038074,0.00321897,0.08024012,0E-8,0.000000,0.907555,0.005578,-0.08375330,2026-05-19,2026-07-26,34,369,121,69,0.492754,0.474218,0.516481,0.267936,,,,,,,,GLOBAL_BASELINE_NO_ENTITY_RANKING,,,NOT_APPLICABLE_GLOBAL_BASELINE,HF9g-P5,,,,X 全窗基线 · 不参与实体赏罚,14197352,1420,A168_HF9F_20260827_0900,2026-08-27 09:00:00
2026-06-28,145604771,2134,0,41880.9201623809,1830.1759133973,1830.1759133973,0.5000000,94,59,0.47752311859784922,0.371371308475,0.3306756330420496,1.9562910061767358,0.3306756330420496,0.10615181012284922,ELIGIBLE,R03b_20260811_FULL_v1,L1_ELIGIBILITY,v2026-08-11,2026-03-21..2026-08-06,baccarat_bet02_101_all_pairs_incl_sentinel,round_win = game_pnl > 0 (decisive only),COMPATIBILITY_ONLY_NOT_PRODUCTION,2066084.0486,1875084.4460,6650.6665,5558,3733,-0.00321897,-0.08024012,0.00351318,-0.00321897,-6650.6665,2066084.0486,OK,0.0000,266.0267,4.0000,96.0000,AG03-UNRESOLVED,ALL5_LEVELS_bet23_to_bet27,266.0267,266.0267,266.0267,332.5333,332.5333,4.000000,4.000000,4.000000,5.000000,5.000000,96.000000,96.000000,96.000000,95.000000,95.000000,5.0,1463.1466,1340.2806,5187.5199,5310.3859,PENDING_AG03,FALSE,NOT_FOR_ENFORCEMENT,6384.6399,1800081.0682,6650.6665,6384.6399,266.0267,0.00321897,0.00309021,266.0267,6384.6399,0.00309021,266.0267,266.0267,266.0267,332.5333,332.5333,6384.6399,0.00309021,1463.1466,1340.2806,5187.5199,5310.3859,0.00251080,0.00257027,0.00012876,371.7316,502.2996,1.7816,195.6078,18.0235,60767.1779,109.7941,191.9923,404.8606,67.659,338.295,676.59,676.59,676.59,679.3478,270.636,-67.659,2.0,2.008152,1.098839,13,83,54,7,0.08038074,0.00321897,0.08024012,0E-8,0.000000,0.907555,0.005578,-0.08375330,2026-05-19,2026-07-26,34,369,121,69,0.492754,0.474218,0.516481,0.267936,,,,,,,,GLOBAL_BASELINE_NO_ENTITY_RANKING,,,NOT_APPLICABLE_GLOBAL_BASELINE,HF9g-P5,,,,X 全窗基线 · 不参与实体赏罚,14197353,1420,A168_HF9F_20260827_0900,2026-08-27 09:00:00
2026-06-28,145604771,2160,0,9810.5548037888,947.2259810556,947.2259810556,0.5714286,20,14,0.48145810324675778,0.408340953571,0.6737407598637418,1.2414744417316068,0.6737407598637418,0.07311714967575778,ELIGIBLE,R03b_20260811_FULL_v1,L1_ELIGIBILITY,v2026-08-11,2026-03-21..2026-08-06,baccarat_bet02_101_all_pairs_incl_sentinel,round_win = game_pnl > 0 (decisive only),COMPATIBILITY_ONLY_NOT_PRODUCTION,2066084.0486,1875084.4460,6650.6665,5558,3733,-0.00321897,-0.08024012,0.00351318,-0.00321897,-6650.6665,2066084.0486,OK,0.0000,266.0267,4.0000,96.0000,AG03-UNRESOLVED,ALL5_LEVELS_bet23_to_bet27,266.0267,266.0267,266.0267,332.5333,332.5333,4.000000,4.000000,4.000000,5.000000,5.000000,96.000000,96.000000,96.000000,95.000000,95.000000,5.0,1463.1466,1340.2806,5187.5199,5310.3859,PENDING_AG03,FALSE,NOT_FOR_ENFORCEMENT,6384.6399,1800081.0682,6650.6665,6384.6399,266.0267,0.00321897,0.00309021,266.0267,6384.6399,0.00309021,266.0267,266.0267,266.0267,332.5333,332.5333,6384.6399,0.00309021,1463.1466,1340.2806,5187.5199,5310.3859,0.00251080,0.00257027,0.00012876,371.7316,502.2996,1.7816,195.6078,18.0235,60767.1779,109.7941,191.9923,404.8606,67.659,338.295,676.59,676.59,676.59,679.3478,270.636,-67.659,2.0,2.008152,1.098839,13,83,54,7,0.08038074,0.00321897,0.08024012,0E-8,0.000000,0.907555,0.005578,-0.08375330,2026-05-19,2026-07-26,34,369,121,69,0.492754,0.474218,0.516481,0.267936,,,,,,,,GLOBAL_BASELINE_NO_ENTITY_RANKING,,,NOT_APPLICABLE_GLOBAL_BASELINE,HF9g-P5,,,,X 全窗基线 · 不参与实体赏罚,14197354,1420,A168_HF9F_20260827_0900,2026-08-27 09:00:00
2026-06-28,145604771,2167,0,7239.5128552096,1454.6684709068,1454.6684709068,0.6000000,17,10,0.47090456909091654,0.346241020000,0.8178570727480213,1.686643616792493,0.8178570727480213,0.12466354909091654,ELIGIBLE,R03b_20260811_FULL_v1,L1_ELIGIBILITY,v2026-08-11,2026-03-21..2026-08-06,baccarat_bet02_101_all_pairs_incl_sentinel,round_win = game_pnl > 0 (decisive only),COMPATIBILITY_ONLY_NOT_PRODUCTION,2066084.0486,1875084.4460,6650.6665,5558,3733,-0.00321897,-0.08024012,0.00351318,-0.00321897,-6650.6665,2066084.0486,OK,0.0000,266.0267,4.0000,96.0000,AG03-UNRESOLVED,ALL5_LEVELS_bet23_to_bet27,266.0267,266.0267,266.0267,332.5333,332.5333,4.000000,4.000000,4.000000,5.000000,5.000000,96.000000,96.000000,96.000000,95.000000,95.000000,5.0,1463.1466,1340.2806,5187.5199,5310.3859,PENDING_AG03,FALSE,NOT_FOR_ENFORCEMENT,6384.6399,1800081.0682,6650.6665,6384.6399,266.0267,0.00321897,0.00309021,266.0267,6384.6399,0.00309021,266.0267,266.0267,266.0267,332.5333,332.5333,6384.6399,0.00309021,1463.1466,1340.2806,5187.5199,5310.3859,0.00251080,0.00257027,0.00012876,371.7316,502.2996,1.7816,195.6078,18.0235,60767.1779,109.7941,191.9923,404.8606,67.659,338.295,676.59,676.59,676.59,679.3478,270.636,-67.659,2.0,2.008152,1.098839,13,83,54,7,0.08038074,0.00321897,0.08024012,0E-8,0.000000,0.907555,0.005578,-0.08375330,2026-05-19,2026-07-26,34,369,121,69,0.492754,0.474218,0.516481,0.267936,,,,,,,,GLOBAL_BASELINE_NO_ENTITY_RANKING,,,NOT_APPLICABLE_GLOBAL_BASELINE,HF9g-P5,,,,X 全窗基线 · 不参与实体赏罚,14197355,1420,A168_HF9F_20260827_0900,2026-08-27 09:00:00
2026-06-28,145604771,2261,0,4803.7889039242,-1691.4749661704,-1691.4749661704,0.2857143,11,8,0.48329703409091312,0.415907662500,-1.0460934913594189,-0.6988736977307831,-1.0460934913594189,0.06738937159091312,ELIGIBLE,R03b_20260811_FULL_v1,L1_ELIGIBILITY,v2026-08-11,2026-03-21..2026-08-06,baccarat_bet02_101_all_pairs_incl_sentinel,round_win = game_pnl > 0 (decisive only),COMPATIBILITY_ONLY_NOT_PRODUCTION,2066084.0486,1875084.4460,6650.6665,5558,3733,-0.00321897,-0.08024012,0.00351318,-0.00321897,-6650.6665,2066084.0486,OK,0.0000,266.0267,4.0000,96.0000,AG03-UNRESOLVED,ALL5_LEVELS_bet23_to_bet27,266.0267,266.0267,266.0267,332.5333,332.5333,4.000000,4.000000,4.000000,5.000000,5.000000,96.000000,96.000000,96.000000,95.000000,95.000000,5.0,1463.1466,1340.2806,5187.5199,5310.3859,PENDING_AG03,FALSE,NOT_FOR_ENFORCEMENT,6384.6399,1800081.0682,6650.6665,6384.6399,266.0267,0.00321897,0.00309021,266.0267,6384.6399,0.00309021,266.0267,266.0267,266.0267,332.5333,332.5333,6384.6399,0.00309021,1463.1466,1340.2806,5187.5199,5310.3859,0.00251080,0.00257027,0.00012876,371.7316,502.2996,1.7816,195.6078,18.0235,60767.1779,109.7941,191.9923,404.8606,67.659,338.295,676.59,676.59,676.59,679.3478,270.636,-67.659,2.0,2.008152,1.098839,13,83,54,7,0.08038074,0.00321897,0.08024012,0E-8,0.000000,0.907555,0.005578,-0.08375330,2026-05-19,2026-07-26,34,369,121,69,0.492754,0.474218,0.516481,0.267936,,,,,,,,GLOBAL_BASELINE_NO_ENTITY_RANKING,,,NOT_APPLICABLE_GLOBAL_BASELINE,HF9g-P5,,,,X 全窗基线 · 不参与实体赏罚,14197356,1420,A168_HF9F_20260827_0900,2026-08-27 09:00:00
2026-06-28,145604771,2271,0,1285.5209742895,-1085.9269282814,-1085.9269282814,0.2000000,6,5,0.45866073000000000,0.458660730000,-1.1607400128746952,-1.1607400128746952,-1.1607400128746952,0E-17,ELIGIBLE,R03b_20260811_FULL_v1,L1_ELIGIBILITY,v2026-08-11,2026-03-21..2026-08-06,baccarat_bet02_101_all_pairs_incl_sentinel,round_win = game_pnl > 0 (decisive only),COMPATIBILITY_ONLY_NOT_PRODUCTION,2066084.0486,1875084.4460,6650.6665,5558,3733,-0.00321897,-0.08024012,0.00351318,-0.00321897,-6650.6665,2066084.0486,OK,0.0000,266.0267,4.0000,96.0000,AG03-UNRESOLVED,ALL5_LEVELS_bet23_to_bet27,266.0267,266.0267,266.0267,332.5333,332.5333,4.000000,4.000000,4.000000,5.000000,5.000000,96.000000,96.000000,96.000000,95.000000,95.000000,5.0,1463.1466,1340.2806,5187.5199,5310.3859,PENDING_AG03,FALSE,NOT_FOR_ENFORCEMENT,6384.6399,1800081.0682,6650.6665,6384.6399,266.0267,0.00321897,0.00309021,266.0267,6384.6399,0.00309021,266.0267,266.0267,266.0267,332.5333,332.5333,6384.6399,0.00309021,1463.1466,1340.2806,5187.5199,5310.3859,0.00251080,0.00257027,0.00012876,371.7316,502.2996,1.7816,195.6078,18.0235,60767.1779,109.7941,191.9923,404.8606,67.659,338.295,676.59,676.59,676.59,679.3478,270.636,-67.659,2.0,2.008152,1.098839,13,83,54,7,0.08038074,0.00321897,0.08024012,0E-8,0.000000,0.907555,0.005578,-0.08375330,2026-05-19,2026-07-26,34,369,121,69,0.492754,0.474218,0.516481,0.267936,,,,,,,,GLOBAL_BASELINE_NO_ENTITY_RANKING,,,NOT_APPLICABLE_GLOBAL_BASELINE,HF9g-P5,,,,X 全窗基线 · 不参与实体赏罚,14197357,1420,A168_HF9F_20260827_0900,2026-08-27 09:00:00
2026-06-28,145604771,462,0,13470.9066305817,541.9485791612,541.9485791612,0.4545455,34,22,0.47388208775023686,0.381086393182,-0.18164167957677674,0.7094633717780531,-0.18164167957677674,0.09279569456823686,ELIGIBLE,R03b_20260811_FULL_v1,L1_ELIGIBILITY,v2026-08-11,2026-03-21..2026-08-06,baccarat_bet02_101_all_pairs_incl_sentinel,round_win = game_pnl > 0 (decisive only),COMPATIBILITY_ONLY_NOT_PRODUCTION,2066084.0486,1875084.4460,6650.6665,5558,3733,-0.00321897,-0.08024012,0.00351318,-0.00321897,-6650.6665,2066084.0486,OK,0.0000,266.0267,4.0000,96.0000,AG03-UNRESOLVED,ALL5_LEVELS_bet23_to_bet27,266.0267,266.0267,266.0267,332.5333,332.5333,4.000000,4.000000,4.000000,5.000000,5.000000,96.000000,96.000000,96.000000,95.000000,95.000000,5.0,1463.1466,1340.2806,5187.5199,5310.3859,PENDING_AG03,FALSE,NOT_FOR_ENFORCEMENT,6384.6399,1800081.0682,6650.6665,6384.6399,266.0267,0.00321897,0.00309021,266.0267,6384.6399,0.00309021,266.0267,266.0267,266.0267,332.5333,332.5333,6384.6399,0.00309021,1463.1466,1340.2806,5187.5199,5310.3859,0.00251080,0.00257027,0.00012876,371.7316,502.2996,1.7816,195.6078,18.0235,60767.1779,109.7941,191.9923,404.8606,67.659,338.295,676.59,676.59,676.59,679.3478,270.636,-67.659,2.0,2.008152,1.098839,13,83,54,7,0.08038074,0.00321897,0.08024012,0E-8,0.000000,0.907555,0.005578,-0.08375330,2026-05-19,2026-07-26,34,369,121,69,0.492754,0.474218,0.516481,0.267936,,,,,,,,GLOBAL_BASELINE_NO_ENTITY_RANKING,,,NOT_APPLICABLE_GLOBAL_BASELINE,HF9g-P5,,,,X 全窗基线 · 不参与实体赏罚,14197358,1420,A168_HF9F_20260827_0900,2026-08-27 09:00:00
2026-06-28,145604771,529,0,22591.3396481729,-2259.8105548035,-2259.8105548035,0.4375000,50,34,0.47923818058493612,0.398213123529,-0.4726212339389882,0.45398692993157114,-0.4726212339389882,0.08102505705593612,ELIGIBLE,R03b_20260811_FULL_v1,L1_ELIGIBILITY,v2026-08-11,2026-03-21..2026-08-06,baccarat_bet02_101_all_pairs_incl_sentinel,round_win = game_pnl > 0 (decisive only),COMPATIBILITY_ONLY_NOT_PRODUCTION,2066084.0486,1875084.4460,6650.6665,5558,3733,-0.00321897,-0.08024012,0.00351318,-0.00321897,-6650.6665,2066084.0486,OK,0.0000,266.0267,4.0000,96.0000,AG03-UNRESOLVED,ALL5_LEVELS_bet23_to_bet27,266.0267,266.0267,266.0267,332.5333,332.5333,4.000000,4.000000,4.000000,5.000000,5.000000,96.000000,96.000000,96.000000,95.000000,95.000000,5.0,1463.1466,1340.2806,5187.5199,5310.3859,PENDING_AG03,FALSE,NOT_FOR_ENFORCEMENT,6384.6399,1800081.0682,6650.6665,6384.6399,266.0267,0.00321897,0.00309021,266.0267,6384.6399,0.00309021,266.0267,266.0267,266.0267,332.5333,332.5333,6384.6399,0.00309021,1463.1466,1340.2806,5187.5199,5310.3859,0.00251080,0.00257027,0.00012876,371.7316,502.2996,1.7816,195.6078,18.0235,60767.1779,109.7941,191.9923,404.8606,67.659,338.295,676.59,676.59,676.59,679.3478,270.636,-67.659,2.0,2.008152,1.098839,13,83,54,7,0.08038074,0.00321897,0.08024012,0E-8,0.000000,0.907555,0.005578,-0.08375330,2026-05-19,2026-07-26,34,369,121,69,0.492754,0.474218,0.516481,0.267936,,,,,,,,GLOBAL_BASELINE_NO_ENTITY_RANKING,,,NOT_APPLICABLE_GLOBAL_BASELINE,HF9g-P5,,,,X 全窗基线 · 不参与实体赏罚,14197359,1420,A168_HF9F_20260827_0900,2026-08-27 09:00:00
2026-06-28,145604771,595,0,6968.8768606224,2604.8714479026,2604.8714479026,0.6000000,13,11,0.45309706611570449,0.419396209091,0.9332107174737536,1.15737654846194,0.9332107174737536,0.03370085702470449,ELIGIBLE,R03b_20260811_FULL_v1,L1_ELIGIBILITY,v2026-08-11,2026-03-21..2026-08-06,baccarat_bet02_101_all_pairs_incl_sentinel,round_win = game_pnl > 0 (decisive only),COMPATIBILITY_ONLY_NOT_PRODUCTION,2066084.0486,1875084.4460,6650.6665,5558,3733,-0.00321897,-0.08024012,0.00351318,-0.00321897,-6650.6665,2066084.0486,OK,0.0000,266.0267,4.0000,96.0000,AG03-UNRESOLVED,ALL5_LEVELS_bet23_to_bet27,266.0267,266.0267,266.0267,332.5333,332.5333,4.000000,4.000000,4.000000,5.000000,5.000000,96.000000,96.000000,96.000000,95.000000,95.000000,5.0,1463.1466,1340.2806,5187.5199,5310.3859,PENDING_AG03,FALSE,NOT_FOR_ENFORCEMENT,6384.6399,1800081.0682,6650.6665,6384.6399,266.0267,0.00321897,0.00309021,266.0267,6384.6399,0.00309021,266.0267,266.0267,266.0267,332.5333,332.5333,6384.6399,0.00309021,1463.1466,1340.2806,5187.5199,5310.3859,0.00251080,0.00257027,0.00012876,371.7316,502.2996,1.7816,195.6078,18.0235,60767.1779,109.7941,191.9923,404.8606,67.659,338.295,676.59,676.59,676.59,679.3478,270.636,-67.659,2.0,2.008152,1.098839,13,83,54,7,0.08038074,0.00321897,0.08024012,0E-8,0.000000,0.907555,0.005578,-0.08375330,2026-05-19,2026-07-26,34,369,121,69,0.492754,0.474218,0.516481,0.267936,,,,,,,,GLOBAL_BASELINE_NO_ENTITY_RANKING,,,NOT_APPLICABLE_GLOBAL_BASELINE,HF9g-P5,,,,X 全窗基线 · 不参与实体赏罚,14197360,1420,A168_HF9F_20260827_0900,2026-08-27 09:00:00
2026-06-28,145604771,752,0,6427.6048714478,2709.7428958053,2709.7428958053,0.6666667,15,9,0.47724360979798744,0.354131466667,1.1377172933511555,1.9604955930396202,1.1377172933511555,0.12311214313098744,ELIGIBLE,R03b_20260811_FULL_v1,L1_ELIGIBILITY,v2026-08-11,2026-03-21..2026-08-06,baccarat_bet02_101_all_pairs_incl_sentinel,round_win = game_pnl > 0 (decisive only),COMPATIBILITY_ONLY_NOT_PRODUCTION,2066084.0486,1875084.4460,6650.6665,5558,3733,-0.00321897,-0.08024012,0.00351318,-0.00321897,-6650.6665,2066084.0486,OK,0.0000,266.0267,4.0000,96.0000,AG03-UNRESOLVED,ALL5_LEVELS_bet23_to_bet27,266.0267,266.0267,266.0267,332.5333,332.5333,4.000000,4.000000,4.000000,5.000000,5.000000,96.000000,96.000000,96.000000,95.000000,95.000000,5.0,1463.1466,1340.2806,5187.5199,5310.3859,PENDING_AG03,FALSE,NOT_FOR_ENFORCEMENT,6384.6399,1800081.0682,6650.6665,6384.6399,266.0267,0.00321897,0.00309021,266.0267,6384.6399,0.00309021,266.0267,266.0267,266.0267,332.5333,332.5333,6384.6399,0.00309021,1463.1466,1340.2806,5187.5199,5310.3859,0.00251080,0.00257027,0.00012876,371.7316,502.2996,1.7816,195.6078,18.0235,60767.1779,109.7941,191.9923,404.8606,67.659,338.295,676.59,676.59,676.59,679.3478,270.636,-67.659,2.0,2.008152,1.098839,13,83,54,7,0.08038074,0.00321897,0.08024012,0E-8,0.000000,0.907555,0.005578,-0.08375330,2026-05-19,2026-07-26,34,369,121,69,0.492754,0.474218,0.516481,0.267936,,,,,,,,GLOBAL_BASELINE_NO_ENTITY_RANKING,,,NOT_APPLICABLE_GLOBAL_BASELINE,HF9g-P5,,,,X 全窗基线 · 不参与实体赏罚,14197361,1420,A168_HF9F_20260827_0900,2026-08-27 09:00:00
2026-06-28,145604771,772,0,30581.8673883622,-1928.2814614338,-1928.2814614338,0.4615385,67,43,0.47780678534884323,0.377996282558,-0.20339175469905288,1.0759642644181868,-0.20339175469905288,0.09981050279084323,ELIGIBLE,R03b_20260811_FULL_v1,L1_ELIGIBILITY,v2026-08-11,2026-03-21..2026-08-06,baccarat_bet02_101_all_pairs_incl_sentinel,round_win = game_pnl > 0 (decisive only),COMPATIBILITY_ONLY_NOT_PRODUCTION,2066084.0486,1875084.4460,6650.6665,5558,3733,-0.00321897,-0.08024012,0.00351318,-0.00321897,-6650.6665,2066084.0486,OK,0.0000,266.0267,4.0000,96.0000,AG03-UNRESOLVED,ALL5_LEVELS_bet23_to_bet27,266.0267,266.0267,266.0267,332.5333,332.5333,4.000000,4.000000,4.000000,5.000000,5.000000,96.000000,96.000000,96.000000,95.000000,95.000000,5.0,1463.1466,1340.2806,5187.5199,5310.3859,PENDING_AG03,FALSE,NOT_FOR_ENFORCEMENT,6384.6399,1800081.0682,6650.6665,6384.6399,266.0267,0.00321897,0.00309021,266.0267,6384.6399,0.00309021,266.0267,266.0267,266.0267,332.5333,332.5333,6384.6399,0.00309021,1463.1466,1340.2806,5187.5199,5310.3859,0.00251080,0.00257027,0.00012876,371.7316,502.2996,1.7816,195.6078,18.0235,60767.1779,109.7941,191.9923,404.8606,67.659,338.295,676.59,676.59,676.59,679.3478,270.636,-67.659,2.0,2.008152,1.098839,13,83,54,7,0.08038074,0.00321897,0.08024012,0E-8,0.000000,0.907555,0.005578,-0.08375330,2026-05-19,2026-07-26,34,369,121,69,0.492754,0.474218,0.516481,0.267936,,,,,,,,GLOBAL_BASELINE_NO_ENTITY_RANKING,,,NOT_APPLICABLE_GLOBAL_BASELINE,HF9g-P5,,,,X 全窗基线 · 不参与实体赏罚,14197362,1420,A168_HF9F_20260827_0900,2026-08-27 09:00:00
2026-06-28,145604771,789,0,2909.3369418133,-1353.1799729364,-1353.1799729364,0.1666667,8,6,0.46848356527778785,0.424433216667,-1.4815409106156328,-1.277466853927731,-1.4815409106156328,0.04405034861078785,ELIGIBLE,R03b_20260811_FULL_v1,L1_ELIGIBILITY,v2026-08-11,2026-03-21..2026-08-06,baccarat_bet02_101_all_pairs_incl_sentinel,round_win = game_pnl > 0 (decisive only),COMPATIBILITY_ONLY_NOT_PRODUCTION,2066084.0486,1875084.4460,6650.6665,5558,3733,-0.00321897,-0.08024012,0.00351318,-0.00321897,-6650.6665,2066084.0486,OK,0.0000,266.0267,4.0000,96.0000,AG03-UNRESOLVED,ALL5_LEVELS_bet23_to_bet27,266.0267,266.0267,266.0267,332.5333,332.5333,4.000000,4.000000,4.000000,5.000000,5.000000,96.000000,96.000000,96.000000,95.000000,95.000000,5.0,1463.1466,1340.2806,5187.5199,5310.3859,PENDING_AG03,FALSE,NOT_FOR_ENFORCEMENT,6384.6399,1800081.0682,6650.6665,6384.6399,266.0267,0.00321897,0.00309021,266.0267,6384.6399,0.00309021,266.0267,266.0267,266.0267,332.5333,332.5333,6384.6399,0.00309021,1463.1466,1340.2806,5187.5199,5310.3859,0.00251080,0.00257027,0.00012876,371.7316,502.2996,1.7816,195.6078,18.0235,60767.1779,109.7941,191.9923,404.8606,67.659,338.295,676.59,676.59,676.59,679.3478,270.636,-67.659,2.0,2.008152,1.098839,13,83,54,7,0.08038074,0.00321897,0.08024012,0E-8,0.000000,0.907555,0.005578,-0.08375330,2026-05-19,2026-07-26,34,369,121,69,0.492754,0.474218,0.516481,0.267936,,,,,,,,GLOBAL_BASELINE_NO_ENTITY_RANKING,,,NOT_APPLICABLE_GLOBAL_BASELINE,HF9g-P5,,,,X 全窗基线 · 不参与实体赏罚,14197363,1420,A168_HF9F_20260827_0900,2026-08-27 09:00:00
2026-06-28,145604771,919,0,4506.0893098781,-243.5723951284,-243.5723951284,0.5000000,13,8,0.45855132003749583,0.362774762500,0.23527895023849638,0.8072609923488804,0.23527895023849638,0.09577655753749583,ELIGIBLE,R03b_20260811_FULL_v1,L1_ELIGIBILITY,v2026-08-11,2026-03-21..2026-08-06,baccarat_bet02_101_all_pairs_incl_sentinel,round_win = game_pnl > 0 (decisive only),COMPATIBILITY_ONLY_NOT_PRODUCTION,2066084.0486,1875084.4460,6650.6665,5558,3733,-0.00321897,-0.08024012,0.00351318,-0.00321897,-6650.6665,2066084.0486,OK,0.0000,266.0267,4.0000,96.0000,AG03-UNRESOLVED,ALL5_LEVELS_bet23_to_bet27,266.0267,266.0267,266.0267,332.5333,332.5333,4.000000,4.000000,4.000000,5.000000,5.000000,96.000000,96.000000,96.000000,95.000000,95.000000,5.0,1463.1466,1340.2806,5187.5199,5310.3859,PENDING_AG03,FALSE,NOT_FOR_ENFORCEMENT,6384.6399,1800081.0682,6650.6665,6384.6399,266.0267,0.00321897,0.00309021,266.0267,6384.6399,0.00309021,266.0267,266.0267,266.0267,332.5333,332.5333,6384.6399,0.00309021,1463.1466,1340.2806,5187.5199,5310.3859,0.00251080,0.00257027,0.00012876,371.7316,502.2996,1.7816,195.6078,18.0235,60767.1779,109.7941,191.9923,404.8606,67.659,338.295,676.59,676.59,676.59,679.3478,270.636,-67.659,2.0,2.008152,1.098839,13,83,54,7,0.08038074,0.00321897,0.08024012,0E-8,0.000000,0.907555,0.005578,-0.08375330,2026-05-19,2026-07-26,34,369,121,69,0.492754,0.474218,0.516481,0.267936,,,,,,,,GLOBAL_BASELINE_NO_ENTITY_RANKING,,,NOT_APPLICABLE_GLOBAL_BASELINE,HF9g-P5,,,,X 全窗基线 · 不参与实体赏罚,14197364,1420,A168_HF9F_20260827_0900,2026-08-27 09:00:00
2026-06-28,145604771,925,0,30751.0148849793,848.7821380248,848.7821380248,0.4651163,71,45,0.47673296998547926,0.375622435556,-0.15251669381638192,1.2117917213833023,-0.15251669381638192,0.10111053442947926,ELIGIBLE,R03b_20260811_FULL_v1,L1_ELIGIBILITY,v2026-08-11,2026-03-21..2026-08-06,baccarat_bet02_101_all_pairs_incl_sentinel,round_win = game_pnl > 0 (decisive only),COMPATIBILITY_ONLY_NOT_PRODUCTION,2066084.0486,1875084.4460,6650.6665,5558,3733,-0.00321897,-0.08024012,0.00351318,-0.00321897,-6650.6665,2066084.0486,OK,0.0000,266.0267,4.0000,96.0000,AG03-UNRESOLVED,ALL5_LEVELS_bet23_to_bet27,266.0267,266.0267,266.0267,332.5333,332.5333,4.000000,4.000000,4.000000,5.000000,5.000000,96.000000,96.000000,96.000000,95.000000,95.000000,5.0,1463.1466,1340.2806,5187.5199,5310.3859,PENDING_AG03,FALSE,NOT_FOR_ENFORCEMENT,6384.6399,1800081.0682,6650.6665,6384.6399,266.0267,0.00321897,0.00309021,266.0267,6384.6399,0.00309021,266.0267,266.0267,266.0267,332.5333,332.5333,6384.6399,0.00309021,1463.1466,1340.2806,5187.5199,5310.3859,0.00251080,0.00257027,0.00012876,371.7316,502.2996,1.7816,195.6078,18.0235,60767.1779,109.7941,191.9923,404.8606,67.659,338.295,676.59,676.59,676.59,679.3478,270.636,-67.659,2.0,2.008152,1.098839,13,83,54,7,0.08038074,0.00321897,0.08024012,0E-8,0.000000,0.907555,0.005578,-0.08375330,2026-05-19,2026-07-26,34,369,121,69,0.492754,0.474218,0.516481,0.267936,,,,,,,,GLOBAL_BASELINE_NO_ENTITY_RANKING,,,NOT_APPLICABLE_GLOBAL_BASELINE,HF9g-P5,,,,X 全窗基线 · 不参与实体赏罚,14197365,1420,A168_HF9F_20260827_0900,2026-08-27 09:00:00
2026-06-28,145604771,987,0,1014.8849797023,-1014.8849797023,-1014.8849797023,0E-7,3,2,0.48605573181818736,0.393378375000,-1.375308157077827,-1.138836281904872,-1.375308157077827,0.09267735681818736,ELIGIBLE,R03b_20260811_FULL_v1,L1_ELIGIBILITY,v2026-08-11,2026-03-21..2026-08-06,baccarat_bet02_101_all_pairs_incl_sentinel,round_win = game_pnl > 0 (decisive only),COMPATIBILITY_ONLY_NOT_PRODUCTION,2066084.0486,1875084.4460,6650.6665,5558,3733,-0.00321897,-0.08024012,0.00351318,-0.00321897,-6650.6665,2066084.0486,OK,0.0000,266.0267,4.0000,96.0000,AG03-UNRESOLVED,ALL5_LEVELS_bet23_to_bet27,266.0267,266.0267,266.0267,332.5333,332.5333,4.000000,4.000000,4.000000,5.000000,5.000000,96.000000,96.000000,96.000000,95.000000,95.000000,5.0,1463.1466,1340.2806,5187.5199,5310.3859,PENDING_AG03,FALSE,NOT_FOR_ENFORCEMENT,6384.6399,1800081.0682,6650.6665,6384.6399,266.0267,0.00321897,0.00309021,266.0267,6384.6399,0.00309021,266.0267,266.0267,266.0267,332.5333,332.5333,6384.6399,0.00309021,1463.1466,1340.2806,5187.5199,5310.3859,0.00251080,0.00257027,0.00012876,371.7316,502.2996,1.7816,195.6078,18.0235,60767.1779,109.7941,191.9923,404.8606,67.659,338.295,676.59,676.59,676.59,679.3478,270.636,-67.659,2.0,2.008152,1.098839,13,83,54,7,0.08038074,0.00321897,0.08024012,0E-8,0.000000,0.907555,0.005578,-0.08375330,2026-05-19,2026-07-26,34,369,121,69,0.492754,0.474218,0.516481,0.267936,,,,,,,,GLOBAL_BASELINE_NO_ENTITY_RANKING,,,NOT_APPLICABLE_GLOBAL_BASELINE,HF9g-P5,,,,X 全窗基线 · 不参与实体赏罚,14197366,1420,A168_HF9F_20260827_0900,2026-08-27 09:00:00
2026-06-29,145604771,1017,0,1353.1799729364,-1353.1799729364,-1353.1799729364,0E-7,2,2,0.49994810000000000,0.499948100000,-1.4140667746232096,-1.4140667746232096,-1.4140667746232096,0E-17,ELIGIBLE,R03b_20260811_FULL_v1,L1_ELIGIBILITY,v2026-08-11,2026-03-21..2026-08-06,baccarat_bet02_101_all_pairs_incl_sentinel,round_win = game_pnl > 0 (decisive only),COMPATIBILITY_ONLY_NOT_PRODUCTION,2066084.0486,1875084.4460,6650.6665,5558,3733,-0.00321897,-0.08024012,0.00351318,-0.00321897,-6650.6665,2066084.0486,OK,0.0000,266.0267,4.0000,96.0000,AG03-UNRESOLVED,ALL5_LEVELS_bet23_to_bet27,266.0267,266.0267,266.0267,332.5333,332.5333,4.000000,4.000000,4.000000,5.000000,5.000000,96.000000,96.000000,96.000000,95.000000,95.000000,5.0,1463.1466,1340.2806,5187.5199,5310.3859,PENDING_AG03,FALSE,NOT_FOR_ENFORCEMENT,6384.6399,1800081.0682,6650.6665,6384.6399,266.0267,0.00321897,0.00309021,266.0267,6384.6399,0.00309021,266.0267,266.0267,266.0267,332.5333,332.5333,6384.6399,0.00309021,1463.1466,1340.2806,5187.5199,5310.3859,0.00251080,0.00257027,0.00012876,371.7316,502.2996,1.7816,195.6078,18.0235,60767.1779,109.7941,191.9923,404.8606,67.659,338.295,676.59,676.59,676.59,679.3478,270.636,-67.659,2.0,2.008152,1.098839,13,83,54,7,0.08038074,0.00321897,0.08024012,0E-8,0.000000,0.907555,0.005578,-0.08375330,2026-05-19,2026-07-26,34,369,121,69,0.492754,0.474218,0.516481,0.267936,,,,,,,,GLOBAL_BASELINE_NO_ENTITY_RANKING,,,NOT_APPLICABLE_GLOBAL_BASELINE,HF9g-P5,,,,X 全窗基线 · 不参与实体赏罚,14197367,1420,A168_HF9F_20260827_0900,2026-08-27 09:00:00
2026-06-29,145604771,1304,0,4871.4479025710,-372.1244925575,-372.1244925575,0.4285714,9,7,0.48584507272727575,0.435307892857,-0.30318515612995145,-0.03594817953695005,-0.30318515612995145,0.05053717987027575,ELIGIBLE,R03b_20260811_FULL_v1,L1_ELIGIBILITY,v2026-08-11,2026-03-21..2026-08-06,baccarat_bet02_101_all_pairs_incl_sentinel,round_win = game_pnl > 0 (decisive only),COMPATIBILITY_ONLY_NOT_PRODUCTION,2066084.0486,1875084.4460,6650.6665,5558,3733,-0.00321897,-0.08024012,0.00351318,-0.00321897,-6650.6665,2066084.0486,OK,0.0000,266.0267,4.0000,96.0000,AG03-UNRESOLVED,ALL5_LEVELS_bet23_to_bet27,266.0267,266.0267,266.0267,332.5333,332.5333,4.000000,4.000000,4.000000,5.000000,5.000000,96.000000,96.000000,96.000000,95.000000,95.000000,5.0,1463.1466,1340.2806,5187.5199,5310.3859,PENDING_AG03,FALSE,NOT_FOR_ENFORCEMENT,6384.6399,1800081.0682,6650.6665,6384.6399,266.0267,0.00321897,0.00309021,266.0267,6384.6399,0.00309021,266.0267,266.0267,266.0267,332.5333,332.5333,6384.6399,0.00309021,1463.1466,1340.2806,5187.5199,5310.3859,0.00251080,0.00257027,0.00012876,371.7316,502.2996,1.7816,195.6078,18.0235,60767.1779,109.7941,191.9923,404.8606,67.659,338.295,676.59,676.59,676.59,679.3478,270.636,-67.659,2.0,2.008152,1.098839,13,83,54,7,0.08038074,0.00321897,0.08024012,0E-8,0.000000,0.907555,0.005578,-0.08375330,2026-05-19,2026-07-26,34,369,121,69,0.492754,0.474218,0.516481,0.267936,,,,,,,,GLOBAL_BASELINE_NO_ENTITY_RANKING,,,NOT_APPLICABLE_GLOBAL_BASELINE,HF9g-P5,,,,X 全窗基线 · 不参与实体赏罚,14197368,1420,A168_HF9F_20260827_0900,2026-08-27 09:00:00
2026-06-29,145604771,1382,0,2165.0879566982,-811.9079837618,-811.9079837618,0.3333333,5,3,0.47150943636364341,0.353589350000,-0.4794350210125892,-0.07338559734028686,-0.4794350210125892,0.11792008636364341,ELIGIBLE,R03b_20260811_FULL_v1,L1_ELIGIBILITY,v2026-08-11,2026-03-21..2026-08-06,baccarat_bet02_101_all_pairs_incl_sentinel,round_win = game_pnl > 0 (decisive only),COMPATIBILITY_ONLY_NOT_PRODUCTION,2066084.0486,1875084.4460,6650.6665,5558,3733,-0.00321897,-0.08024012,0.00351318,-0.00321897,-6650.6665,2066084.0486,OK,0.0000,266.0267,4.0000,96.0000,AG03-UNRESOLVED,ALL5_LEVELS_bet23_to_bet27,266.0267,266.0267,266.0267,332.5333,332.5333,4.000000,4.000000,4.000000,5.000000,5.000000,96.000000,96.000000,96.000000,95.000000,95.000000,5.0,1463.1466,1340.2806,5187.5199,5310.3859,PENDING_AG03,FALSE,NOT_FOR_ENFORCEMENT,6384.6399,1800081.0682,6650.6665,6384.6399,266.0267,0.00321897,0.00309021,266.0267,6384.6399,0.00309021,266.0267,266.0267,266.0267,332.5333,332.5333,6384.6399,0.00309021,1463.1466,1340.2806,5187.5199,5310.3859,0.00251080,0.00257027,0.00012876,371.7316,502.2996,1.7816,195.6078,18.0235,60767.1779,109.7941,191.9923,404.8606,67.659,338.295,676.59,676.59,676.59,679.3478,270.636,-67.659,2.0,2.008152,1.098839,13,83,54,7,0.08038074,0.00321897,0.08024012,0E-8,0.000000,0.907555,0.005578,-0.08375330,2026-05-19,2026-07-26,34,369,121,69,0.492754,0.474218,0.516481,0.267936,,,,,,,,GLOBAL_BASELINE_NO_ENTITY_RANKING,,,NOT_APPLICABLE_GLOBAL_BASELINE,HF9g-P5,,,,X 全窗基线 · 不参与实体赏罚,14197369,1420,A168_HF9F_20260827_0900,2026-08-27 09:00:00
2026-06-29,145604771,1485,0,9742.8958051420,-981.0554803788,-981.0554803788,0.3846154,18,14,0.48749106688311997,0.435743232143,-0.7420793625520516,-0.3717709677134094,-0.7420793625520516,0.05174783474011997,ELIGIBLE,R03b_20260811_FULL_v1,L1_ELIGIBILITY,v2026-08-11,2026-03-21..2026-08-06,baccarat_bet02_101_all_pairs_incl_sentinel,round_win = game_pnl > 0 (decisive only),COMPATIBILITY_ONLY_NOT_PRODUCTION,2066084.0486,1875084.4460,6650.6665,5558,3733,-0.00321897,-0.08024012,0.00351318,-0.00321897,-6650.6665,2066084.0486,OK,0.0000,266.0267,4.0000,96.0000,AG03-UNRESOLVED,ALL5_LEVELS_bet23_to_bet27,266.0267,266.0267,266.0267,332.5333,332.5333,4.000000,4.000000,4.000000,5.000000,5.000000,96.000000,96.000000,96.000000,95.000000,95.000000,5.0,1463.1466,1340.2806,5187.5199,5310.3859,PENDING_AG03,FALSE,NOT_FOR_ENFORCEMENT,6384.6399,1800081.0682,6650.6665,6384.6399,266.0267,0.00321897,0.00309021,266.0267,6384.6399,0.00309021,266.0267,266.0267,266.0267,332.5333,332.5333,6384.6399,0.00309021,1463.1466,1340.2806,5187.5199,5310.3859,0.00251080,0.00257027,0.00012876,371.7316,502.2996,1.7816,195.6078,18.0235,60767.1779,109.7941,191.9923,404.8606,67.659,338.295,676.59,676.59,676.59,679.3478,270.636,-67.659,2.0,2.008152,1.098839,13,83,54,7,0.08038074,0.00321897,0.08024012,0E-8,0.000000,0.907555,0.005578,-0.08375330,2026-05-19,2026-07-26,34,369,121,69,0.492754,0.474218,0.516481,0.267936,,,,,,,,GLOBAL_BASELINE_NO_ENTITY_RANKING,,,NOT_APPLICABLE_GLOBAL_BASELINE,HF9g-P5,,,,X 全窗基线 · 不参与实体赏罚,14197370,1420,A168_HF9F_20260827_0900,2026-08-27 09:00:00
2026-06-29,145604771,1623,0,169.1474966170,-169.1474966170,-169.1474966170,0E-7,2,1,0.41091390000000000,0.287416500000,-0.8351914285001334,-0.6350939377956173,-0.8351914285001334,0.12349740000000000,ELIGIBLE,R03b_20260811_FULL_v1,L1_ELIGIBILITY,v2026-08-11,2026-03-21..2026-08-06,baccarat_bet02_101_all_pairs_incl_sentinel,round_win = game_pnl > 0 (decisive only),COMPATIBILITY_ONLY_NOT_PRODUCTION,2066084.0486,1875084.4460,6650.6665,5558,3733,-0.00321897,-0.08024012,0.00351318,-0.00321897,-6650.6665,2066084.0486,OK,0.0000,266.0267,4.0000,96.0000,AG03-UNRESOLVED,ALL5_LEVELS_bet23_to_bet27,266.0267,266.0267,266.0267,332.5333,332.5333,4.000000,4.000000,4.000000,5.000000,5.000000,96.000000,96.000000,96.000000,95.000000,95.000000,5.0,1463.1466,1340.2806,5187.5199,5310.3859,PENDING_AG03,FALSE,NOT_FOR_ENFORCEMENT,6384.6399,1800081.0682,6650.6665,6384.6399,266.0267,0.00321897,0.00309021,266.0267,6384.6399,0.00309021,266.0267,266.0267,266.0267,332.5333,332.5333,6384.6399,0.00309021,1463.1466,1340.2806,5187.5199,5310.3859,0.00251080,0.00257027,0.00012876,371.7316,502.2996,1.7816,195.6078,18.0235,60767.1779,109.7941,191.9923,404.8606,67.659,338.295,676.59,676.59,676.59,679.3478,270.636,-67.659,2.0,2.008152,1.098839,13,83,54,7,0.08038074,0.00321897,0.08024012,0E-8,0.000000,0.907555,0.005578,-0.08375330,2026-05-19,2026-07-26,34,369,121,69,0.492754,0.474218,0.516481,0.267936,,,,,,,,GLOBAL_BASELINE_NO_ENTITY_RANKING,,,NOT_APPLICABLE_GLOBAL_BASELINE,HF9g-P5,,,,X 全窗基线 · 不参与实体赏罚,14197371,1420,A168_HF9F_20260827_0900,2026-08-27 09:00:00
2026-06-29,145604771,1710,0,135.3179972936,-135.3179972936,-135.3179972936,0E-7,1,1,0.50665070000000000,0.506650700000,-1.013391052207602,-1.013391052207602,-1.013391052207602,0E-17,ELIGIBLE,R03b_20260811_FULL_v1,L1_ELIGIBILITY,v2026-08-11,2026-03-21..2026-08-06,baccarat_bet02_101_all_pairs_incl_sentinel,round_win = game_pnl > 0 (decisive only),COMPATIBILITY_ONLY_NOT_PRODUCTION,2066084.0486,1875084.4460,6650.6665,5558,3733,-0.00321897,-0.08024012,0.00351318,-0.00321897,-6650.6665,2066084.0486,OK,0.0000,266.0267,4.0000,96.0000,AG03-UNRESOLVED,ALL5_LEVELS_bet23_to_bet27,266.0267,266.0267,266.0267,332.5333,332.5333,4.000000,4.000000,4.000000,5.000000,5.000000,96.000000,96.000000,96.000000,95.000000,95.000000,5.0,1463.1466,1340.2806,5187.5199,5310.3859,PENDING_AG03,FALSE,NOT_FOR_ENFORCEMENT,6384.6399,1800081.0682,6650.6665,6384.6399,266.0267,0.00321897,0.00309021,266.0267,6384.6399,0.00309021,266.0267,266.0267,266.0267,332.5333,332.5333,6384.6399,0.00309021,1463.1466,1340.2806,5187.5199,5310.3859,0.00251080,0.00257027,0.00012876,371.7316,502.2996,1.7816,195.6078,18.0235,60767.1779,109.7941,191.9923,404.8606,67.659,338.295,676.59,676.59,676.59,679.3478,270.636,-67.659,2.0,2.008152,1.098839,13,83,54,7,0.08038074,0.00321897,0.08024012,0E-8,0.000000,0.907555,0.005578,-0.08375330,2026-05-19,2026-07-26,34,369,121,69,0.492754,0.474218,0.516481,0.267936,,,,,,,,GLOBAL_BASELINE_NO_ENTITY_RANKING,,,NOT_APPLICABLE_GLOBAL_BASELINE,HF9g-P5,,,,X 全窗基线 · 不参与实体赏罚,14197372,1420,A168_HF9F_20260827_0900,2026-08-27 09:00:00
2026-06-29,145604771,1714,0,3010.8254397835,-913.3964817321,-913.3964817321,0.4000000,6,6,0.49324550000000000,0.493245500000,-0.4170446088060018,-0.4170446088060018,-0.4170446088060018,0E-17,ELIGIBLE,R03b_20260811_FULL_v1,L1_ELIGIBILITY,v2026-08-11,2026-03-21..2026-08-06,baccarat_bet02_101_all_pairs_incl_sentinel,round_win = game_pnl > 0 (decisive only),COMPATIBILITY_ONLY_NOT_PRODUCTION,2066084.0486,1875084.4460,6650.6665,5558,3733,-0.00321897,-0.08024012,0.00351318,-0.00321897,-6650.6665,2066084.0486,OK,0.0000,266.0267,4.0000,96.0000,AG03-UNRESOLVED,ALL5_LEVELS_bet23_to_bet27,266.0267,266.0267,266.0267,332.5333,332.5333,4.000000,4.000000,4.000000,5.000000,5.000000,96.000000,96.000000,96.000000,95.000000,95.000000,5.0,1463.1466,1340.2806,5187.5199,5310.3859,PENDING_AG03,FALSE,NOT_FOR_ENFORCEMENT,6384.6399,1800081.0682,6650.6665,6384.6399,266.0267,0.00321897,0.00309021,266.0267,6384.6399,0.00309021,266.0267,266.0267,266.0267,332.5333,332.5333,6384.6399,0.00309021,1463.1466,1340.2806,5187.5199,5310.3859,0.00251080,0.00257027,0.00012876,371.7316,502.2996,1.7816,195.6078,18.0235,60767.1779,109.7941,191.9923,404.8606,67.659,338.295,676.59,676.59,676.59,679.3478,270.636,-67.659,2.0,2.008152,1.098839,13,83,54,7,0.08038074,0.00321897,0.08024012,0E-8,0.000000,0.907555,0.005578,-0.08375330,2026-05-19,2026-07-26,34,369,121,69,0.492754,0.474218,0.516481,0.267936,,,,,,,,GLOBAL_BASELINE_NO_ENTITY_RANKING,,,NOT_APPLICABLE_GLOBAL_BASELINE,HF9g-P5,,,,X 全窗基线 · 不参与实体赏罚,14197373,1420,A168_HF9F_20260827_0900,2026-08-27 09:00:00
2026-06-29,145604771,1942,0,18768.6062246276,1833.5588633292,1833.5588633292,0.5200000,46,27,0.47919577565747998,0.367935107407,0.4083959169375537,1.576639907315524,0.4083959169375537,0.11126066825047998,ELIGIBLE,R03b_20260811_FULL_v1,L1_ELIGIBILITY,v2026-08-11,2026-03-21..2026-08-06,baccarat_bet02_101_all_pairs_incl_sentinel,round_win = game_pnl > 0 (decisive only),COMPATIBILITY_ONLY_NOT_PRODUCTION,2066084.0486,1875084.4460,6650.6665,5558,3733,-0.00321897,-0.08024012,0.00351318,-0.00321897,-6650.6665,2066084.0486,OK,0.0000,266.0267,4.0000,96.0000,AG03-UNRESOLVED,ALL5_LEVELS_bet23_to_bet27,266.0267,266.0267,266.0267,332.5333,332.5333,4.000000,4.000000,4.000000,5.000000,5.000000,96.000000,96.000000,96.000000,95.000000,95.000000,5.0,1463.1466,1340.2806,5187.5199,5310.3859,PENDING_AG03,FALSE,NOT_FOR_ENFORCEMENT,6384.6399,1800081.0682,6650.6665,6384.6399,266.0267,0.00321897,0.00309021,266.0267,6384.6399,0.00309021,266.0267,266.0267,266.0267,332.5333,332.5333,6384.6399,0.00309021,1463.1466,1340.2806,5187.5199,5310.3859,0.00251080,0.00257027,0.00012876,371.7316,502.2996,1.7816,195.6078,18.0235,60767.1779,109.7941,191.9923,404.8606,67.659,338.295,676.59,676.59,676.59,679.3478,270.636,-67.659,2.0,2.008152,1.098839,13,83,54,7,0.08038074,0.00321897,0.08024012,0E-8,0.000000,0.907555,0.005578,-0.08375330,2026-05-19,2026-07-26,34,369,121,69,0.492754,0.474218,0.516481,0.267936,,,,,,,,GLOBAL_BASELINE_NO_ENTITY_RANKING,,,NOT_APPLICABLE_GLOBAL_BASELINE,HF9g-P5,,,,X 全窗基线 · 不参与实体赏罚,14197374,1420,A168_HF9F_20260827_0900,2026-08-27 09:00:00
2026-06-29,145604771,1947,0,8930.9878213802,-2875.5074424898,-2875.5074424898,0.3333333,15,13,0.49412677132867303,0.465610661538,-1.1140864795919585,-0.9186195560728686,-1.1140864795919585,0.02851610979067303,ELIGIBLE,R03b_20260811_FULL_v1,L1_ELIGIBILITY,v2026-08-11,2026-03-21..2026-08-06,baccarat_bet02_101_all_pairs_incl_sentinel,round_win = game_pnl > 0 (decisive only),COMPATIBILITY_ONLY_NOT_PRODUCTION,2066084.0486,1875084.4460,6650.6665,5558,3733,-0.00321897,-0.08024012,0.00351318,-0.00321897,-6650.6665,2066084.0486,OK,0.0000,266.0267,4.0000,96.0000,AG03-UNRESOLVED,ALL5_LEVELS_bet23_to_bet27,266.0267,266.0267,266.0267,332.5333,332.5333,4.000000,4.000000,4.000000,5.000000,5.000000,96.000000,96.000000,96.000000,95.000000,95.000000,5.0,1463.1466,1340.2806,5187.5199,5310.3859,PENDING_AG03,FALSE,NOT_FOR_ENFORCEMENT,6384.6399,1800081.0682,6650.6665,6384.6399,266.0267,0.00321897,0.00309021,266.0267,6384.6399,0.00309021,266.0267,266.0267,266.0267,332.5333,332.5333,6384.6399,0.00309021,1463.1466,1340.2806,5187.5199,5310.3859,0.00251080,0.00257027,0.00012876,371.7316,502.2996,1.7816,195.6078,18.0235,60767.1779,109.7941,191.9923,404.8606,67.659,338.295,676.59,676.59,676.59,679.3478,270.636,-67.659,2.0,2.008152,1.098839,13,83,54,7,0.08038074,0.00321897,0.08024012,0E-8,0.000000,0.907555,0.005578,-0.08375330,2026-05-19,2026-07-26,34,369,121,69,0.492754,0.474218,0.516481,0.267936,,,,,,,,GLOBAL_BASELINE_NO_ENTITY_RANKING,,,NOT_APPLICABLE_GLOBAL_BASELINE,HF9g-P5,,,,X 全窗基线 · 不参与实体赏罚,14197375,1420,A168_HF9F_20260827_0900,2026-08-27 09:00:00
2026-06-29,145604771,2127,0,17185.3856562920,169.1474966174,169.1474966174,0.5416667,38,24,0.47789161780303638,0.376123972917,0.6254770533543604,1.674175500920127,0.6254770533543604,0.10176764488603638,ELIGIBLE,R03b_20260811_FULL_v1,L1_ELIGIBILITY,v2026-08-11,2026-03-21..2026-08-06,baccarat_bet02_101_all_pairs_incl_sentinel,round_win = game_pnl > 0 (decisive only),COMPATIBILITY_ONLY_NOT_PRODUCTION,2066084.0486,1875084.4460,6650.6665,5558,3733,-0.00321897,-0.08024012,0.00351318,-0.00321897,-6650.6665,2066084.0486,OK,0.0000,266.0267,4.0000,96.0000,AG03-UNRESOLVED,ALL5_LEVELS_bet23_to_bet27,266.0267,266.0267,266.0267,332.5333,332.5333,4.000000,4.000000,4.000000,5.000000,5.000000,96.000000,96.000000,96.000000,95.000000,95.000000,5.0,1463.1466,1340.2806,5187.5199,5310.3859,PENDING_AG03,FALSE,NOT_FOR_ENFORCEMENT,6384.6399,1800081.0682,6650.6665,6384.6399,266.0267,0.00321897,0.00309021,266.0267,6384.6399,0.00309021,266.0267,266.0267,266.0267,332.5333,332.5333,6384.6399,0.00309021,1463.1466,1340.2806,5187.5199,5310.3859,0.00251080,0.00257027,0.00012876,371.7316,502.2996,1.7816,195.6078,18.0235,60767.1779,109.7941,191.9923,404.8606,67.659,338.295,676.59,676.59,676.59,679.3478,270.636,-67.659,2.0,2.008152,1.098839,13,83,54,7,0.08038074,0.00321897,0.08024012,0E-8,0.000000,0.907555,0.005578,-0.08375330,2026-05-19,2026-07-26,34,369,121,69,0.492754,0.474218,0.516481,0.267936,,,,,,,,GLOBAL_BASELINE_NO_ENTITY_RANKING,,,NOT_APPLICABLE_GLOBAL_BASELINE,HF9g-P5,,,,X 全窗基线 · 不参与实体赏罚,14197376,1420,A168_HF9F_20260827_0900,2026-08-27 09:00:00
2026-06-29,145604771,2129,0,2165.0879566982,-811.9079837618,-811.9079837618,0.3333333,5,3,0.47276493030303701,0.360494566667,-0.4837233559880203,-0.09798027019160019,-0.4837233559880203,0.11227036363603701,ELIGIBLE,R03b_20260811_FULL_v1,L1_ELIGIBILITY,v2026-08-11,2026-03-21..2026-08-06,baccarat_bet02_101_all_pairs_incl_sentinel,round_win = game_pnl > 0 (decisive only),COMPATIBILITY_ONLY_NOT_PRODUCTION,2066084.0486,1875084.4460,6650.6665,5558,3733,-0.00321897,-0.08024012,0.00351318,-0.00321897,-6650.6665,2066084.0486,OK,0.0000,266.0267,4.0000,96.0000,AG03-UNRESOLVED,ALL5_LEVELS_bet23_to_bet27,266.0267,266.0267,266.0267,332.5333,332.5333,4.000000,4.000000,4.000000,5.000000,5.000000,96.000000,96.000000,96.000000,95.000000,95.000000,5.0,1463.1466,1340.2806,5187.5199,5310.3859,PENDING_AG03,FALSE,NOT_FOR_ENFORCEMENT,6384.6399,1800081.0682,6650.6665,6384.6399,266.0267,0.00321897,0.00309021,266.0267,6384.6399,0.00309021,266.0267,266.0267,266.0267,332.5333,332.5333,6384.6399,0.00309021,1463.1466,1340.2806,5187.5199,5310.3859,0.00251080,0.00257027,0.00012876,371.7316,502.2996,1.7816,195.6078,18.0235,60767.1779,109.7941,191.9923,404.8606,67.659,338.295,676.59,676.59,676.59,679.3478,270.636,-67.659,2.0,2.008152,1.098839,13,83,54,7,0.08038074,0.00321897,0.08024012,0E-8,0.000000,0.907555,0.005578,-0.08375330,2026-05-19,2026-07-26,34,369,121,69,0.492754,0.474218,0.516481,0.267936,,,,,,,,GLOBAL_BASELINE_NO_ENTITY_RANKING,,,NOT_APPLICABLE_GLOBAL_BASELINE,HF9g-P5,,,,X 全窗基线 · 不参与实体赏罚,14197377,1420,A168_HF9F_20260827_0900,2026-08-27 09:00:00
2026-06-29,145604771,2261,0,4668.4709066306,-33.8294993234,-33.8294993234,0.5000000,8,7,0.50076642337662496,0.474287178571,-0.0037546968104005666,0.12613348121006437,-0.0037546968104005666,0.02647924480562496,ELIGIBLE,R03b_20260811_FULL_v1,L1_ELIGIBILITY,v2026-08-11,2026-03-21..2026-08-06,baccarat_bet02_101_all_pairs_incl_sentinel,round_win = game_pnl > 0 (decisive only),COMPATIBILITY_ONLY_NOT_PRODUCTION,2066084.0486,1875084.4460,6650.6665,5558,3733,-0.00321897,-0.08024012,0.00351318,-0.00321897,-6650.6665,2066084.0486,OK,0.0000,266.0267,4.0000,96.0000,AG03-UNRESOLVED,ALL5_LEVELS_bet23_to_bet27,266.0267,266.0267,266.0267,332.5333,332.5333,4.000000,4.000000,4.000000,5.000000,5.000000,96.000000,96.000000,96.000000,95.000000,95.000000,5.0,1463.1466,1340.2806,5187.5199,5310.3859,PENDING_AG03,FALSE,NOT_FOR_ENFORCEMENT,6384.6399,1800081.0682,6650.6665,6384.6399,266.0267,0.00321897,0.00309021,266.0267,6384.6399,0.00309021,266.0267,266.0267,266.0267,332.5333,332.5333,6384.6399,0.00309021,1463.1466,1340.2806,5187.5199,5310.3859,0.00251080,0.00257027,0.00012876,371.7316,502.2996,1.7816,195.6078,18.0235,60767.1779,109.7941,191.9923,404.8606,67.659,338.295,676.59,676.59,676.59,679.3478,270.636,-67.659,2.0,2.008152,1.098839,13,83,54,7,0.08038074,0.00321897,0.08024012,0E-8,0.000000,0.907555,0.005578,-0.08375330,2026-05-19,2026-07-26,34,369,121,69,0.492754,0.474218,0.516481,0.267936,,,,,,,,GLOBAL_BASELINE_NO_ENTITY_RANKING,,,NOT_APPLICABLE_GLOBAL_BASELINE,HF9g-P5,,,,X 全窗基线 · 不参与实体赏罚,14197378,1420,A168_HF9F_20260827_0900,2026-08-27 09:00:00
2026-06-29,145604771,583,0,3322.0568335588,-676.5899864682,-676.5899864682,0.5000000,9,8,0.49304754166666878,0.475895125000,0.03933284608928254,0.13651650132476742,0.03933284608928254,0.01715241666666878,ELIGIBLE,R03b_20260811_FULL_v1,L1_ELIGIBILITY,v2026-08-11,2026-03-21..2026-08-06,baccarat_bet02_101_all_pairs_incl_sentinel,round_win = game_pnl > 0 (decisive only),COMPATIBILITY_ONLY_NOT_PRODUCTION,2066084.0486,1875084.4460,6650.6665,5558,3733,-0.00321897,-0.08024012,0.00351318,-0.00321897,-6650.6665,2066084.0486,OK,0.0000,266.0267,4.0000,96.0000,AG03-UNRESOLVED,ALL5_LEVELS_bet23_to_bet27,266.0267,266.0267,266.0267,332.5333,332.5333,4.000000,4.000000,4.000000,5.000000,5.000000,96.000000,96.000000,96.000000,95.000000,95.000000,5.0,1463.1466,1340.2806,5187.5199,5310.3859,PENDING_AG03,FALSE,NOT_FOR_ENFORCEMENT,6384.6399,1800081.0682,6650.6665,6384.6399,266.0267,0.00321897,0.00309021,266.0267,6384.6399,0.00309021,266.0267,266.0267,266.0267,332.5333,332.5333,6384.6399,0.00309021,1463.1466,1340.2806,5187.5199,5310.3859,0.00251080,0.00257027,0.00012876,371.7316,502.2996,1.7816,195.6078,18.0235,60767.1779,109.7941,191.9923,404.8606,67.659,338.295,676.59,676.59,676.59,679.3478,270.636,-67.659,2.0,2.008152,1.098839,13,83,54,7,0.08038074,0.00321897,0.08024012,0E-8,0.000000,0.907555,0.005578,-0.08375330,2026-05-19,2026-07-26,34,369,121,69,0.492754,0.474218,0.516481,0.267936,,,,,,,,GLOBAL_BASELINE_NO_ENTITY_RANKING,,,NOT_APPLICABLE_GLOBAL_BASELINE,HF9g-P5,,,,X 全窗基线 · 不参与实体赏罚,14197379,1420,A168_HF9F_20260827_0900,2026-08-27 09:00:00
2026-06-29,145604771,789,0,473.6129905276,-341.6779431663,-341.6779431663,0.2500000,4,4,0.50329940000000000,0.503299400000,-1.013219660140378,-1.013219660140378,-1.013219660140378,0E-17,ELIGIBLE,R03b_20260811_FULL_v1,L1_ELIGIBILITY,v2026-08-11,2026-03-21..2026-08-06,baccarat_bet02_101_all_pairs_incl_sentinel,round_win = game_pnl > 0 (decisive only),COMPATIBILITY_ONLY_NOT_PRODUCTION,2066084.0486,1875084.4460,6650.6665,5558,3733,-0.00321897,-0.08024012,0.00351318,-0.00321897,-6650.6665,2066084.0486,OK,0.0000,266.0267,4.0000,96.0000,AG03-UNRESOLVED,ALL5_LEVELS_bet23_to_bet27,266.0267,266.0267,266.0267,332.5333,332.5333,4.000000,4.000000,4.000000,5.000000,5.000000,96.000000,96.000000,96.000000,95.000000,95.000000,5.0,1463.1466,1340.2806,5187.5199,5310.3859,PENDING_AG03,FALSE,NOT_FOR_ENFORCEMENT,6384.6399,1800081.0682,6650.6665,6384.6399,266.0267,0.00321897,0.00309021,266.0267,6384.6399,0.00309021,266.0267,266.0267,266.0267,332.5333,332.5333,6384.6399,0.00309021,1463.1466,1340.2806,5187.5199,5310.3859,0.00251080,0.00257027,0.00012876,371.7316,502.2996,1.7816,195.6078,18.0235,60767.1779,109.7941,191.9923,404.8606,67.659,338.295,676.59,676.59,676.59,679.3478,270.636,-67.659,2.0,2.008152,1.098839,13,83,54,7,0.08038074,0.00321897,0.08024012,0E-8,0.000000,0.907555,0.005578,-0.08375330,2026-05-19,2026-07-26,34,369,121,69,0.492754,0.474218,0.516481,0.267936,,,,,,,,GLOBAL_BASELINE_NO_ENTITY_RANKING,,,NOT_APPLICABLE_GLOBAL_BASELINE,HF9g-P5,,,,X 全窗基线 · 不参与实体赏罚,14197380,1420,A168_HF9F_20260827_0900,2026-08-27 09:00:00
2026-06-29,145604771,925,0,13599.4587280106,-405.9539918807,-405.9539918807,0.4375000,30,19,0.47603416889952767,0.373183852632,-0.30862808296345356,0.531922673954371,-0.30862808296345356,0.10285031626752767,ELIGIBLE,R03b_20260811_FULL_v1,L1_ELIGIBILITY,v2026-08-11,2026-03-21..2026-08-06,baccarat_bet02_101_all_pairs_incl_sentinel,round_win = game_pnl > 0 (decisive only),COMPATIBILITY_ONLY_NOT_PRODUCTION,2066084.0486,1875084.4460,6650.6665,5558,3733,-0.00321897,-0.08024012,0.00351318,-0.00321897,-6650.6665,2066084.0486,OK,0.0000,266.0267,4.0000,96.0000,AG03-UNRESOLVED,ALL5_LEVELS_bet23_to_bet27,266.0267,266.0267,266.0267,332.5333,332.5333,4.000000,4.000000,4.000000,5.000000,5.000000,96.000000,96.000000,96.000000,95.000000,95.000000,5.0,1463.1466,1340.2806,5187.5199,5310.3859,PENDING_AG03,FALSE,NOT_FOR_ENFORCEMENT,6384.6399,1800081.0682,6650.6665,6384.6399,266.0267,0.00321897,0.00309021,266.0267,6384.6399,0.00309021,266.0267,266.0267,266.0267,332.5333,332.5333,6384.6399,0.00309021,1463.1466,1340.2806,5187.5199,5310.3859,0.00251080,0.00257027,0.00012876,371.7316,502.2996,1.7816,195.6078,18.0235,60767.1779,109.7941,191.9923,404.8606,67.659,338.295,676.59,676.59,676.59,679.3478,270.636,-67.659,2.0,2.008152,1.098839,13,83,54,7,0.08038074,0.00321897,0.08024012,0E-8,0.000000,0.907555,0.005578,-0.08375330,2026-05-19,2026-07-26,34,369,121,69,0.492754,0.474218,0.516481,0.267936,,,,,,,,GLOBAL_BASELINE_NO_ENTITY_RANKING,,,NOT_APPLICABLE_GLOBAL_BASELINE,HF9g-P5,,,,X 全窗基线 · 不参与实体赏罚,14197381,1420,A168_HF9F_20260827_0900,2026-08-27 09:00:00
2026-06-30,145604771,1304,0,2374.8308525033,-673.2070365358,-673.2070365358,0.4285714,10,7,0.46641487486773256,0.404859400000,-0.2007019750194079,0.12780734901413196,-0.2007019750194079,0.06155547486773256,ELIGIBLE,R03b_20260811_FULL_v1,L1_ELIGIBILITY,v2026-08-11,2026-03-21..2026-08-06,baccarat_bet02_101_all_pairs_incl_sentinel,round_win = game_pnl > 0 (decisive only),COMPATIBILITY_ONLY_NOT_PRODUCTION,2066084.0486,1875084.4460,6650.6665,5558,3733,-0.00321897,-0.08024012,0.00351318,-0.00321897,-6650.6665,2066084.0486,OK,0.0000,266.0267,4.0000,96.0000,AG03-UNRESOLVED,ALL5_LEVELS_bet23_to_bet27,266.0267,266.0267,266.0267,332.5333,332.5333,4.000000,4.000000,4.000000,5.000000,5.000000,96.000000,96.000000,96.000000,95.000000,95.000000,5.0,1463.1466,1340.2806,5187.5199,5310.3859,PENDING_AG03,FALSE,NOT_FOR_ENFORCEMENT,6384.6399,1800081.0682,6650.6665,6384.6399,266.0267,0.00321897,0.00309021,266.0267,6384.6399,0.00309021,266.0267,266.0267,266.0267,332.5333,332.5333,6384.6399,0.00309021,1463.1466,1340.2806,5187.5199,5310.3859,0.00251080,0.00257027,0.00012876,371.7316,502.2996,1.7816,195.6078,18.0235,60767.1779,109.7941,191.9923,404.8606,67.659,338.295,676.59,676.59,676.59,679.3478,270.636,-67.659,2.0,2.008152,1.098839,13,83,54,7,0.08038074,0.00321897,0.08024012,0E-8,0.000000,0.907555,0.005578,-0.08375330,2026-05-19,2026-07-26,34,369,121,69,0.492754,0.474218,0.516481,0.267936,,,,,,,,GLOBAL_BASELINE_NO_ENTITY_RANKING,,,NOT_APPLICABLE_GLOBAL_BASELINE,HF9g-P5,,,,X 全窗基线 · 不参与实体赏罚,14197382,1420,A168_HF9F_20260827_0900,2026-08-27 09:00:00
2026-06-30,145604771,1385,0,4959.4046008117,-1356.5629228686,-1356.5629228686,0.3846154,18,13,0.45928922027972243,0.418111661538,-0.5402745318437152,-0.24485120594229373,-0.5402745318437152,0.04117755874172243,ELIGIBLE,R03b_20260811_FULL_v1,L1_ELIGIBILITY,v2026-08-11,2026-03-21..2026-08-06,baccarat_bet02_101_all_pairs_incl_sentinel,round_win = game_pnl > 0 (decisive only),COMPATIBILITY_ONLY_NOT_PRODUCTION,2066084.0486,1875084.4460,6650.6665,5558,3733,-0.00321897,-0.08024012,0.00351318,-0.00321897,-6650.6665,2066084.0486,OK,0.0000,266.0267,4.0000,96.0000,AG03-UNRESOLVED,ALL5_LEVELS_bet23_to_bet27,266.0267,266.0267,266.0267,332.5333,332.5333,4.000000,4.000000,4.000000,5.000000,5.000000,96.000000,96.000000,96.000000,95.000000,95.000000,5.0,1463.1466,1340.2806,5187.5199,5310.3859,PENDING_AG03,FALSE,NOT_FOR_ENFORCEMENT,6384.6399,1800081.0682,6650.6665,6384.6399,266.0267,0.00321897,0.00309021,266.0267,6384.6399,0.00309021,266.0267,266.0267,266.0267,332.5333,332.5333,6384.6399,0.00309021,1463.1466,1340.2806,5187.5199,5310.3859,0.00251080,0.00257027,0.00012876,371.7316,502.2996,1.7816,195.6078,18.0235,60767.1779,109.7941,191.9923,404.8606,67.659,338.295,676.59,676.59,676.59,679.3478,270.636,-67.659,2.0,2.008152,1.098839,13,83,54,7,0.08038074,0.00321897,0.08024012,0E-8,0.000000,0.907555,0.005578,-0.08375330,2026-05-19,2026-07-26,34,369,121,69,0.492754,0.474218,0.516481,0.267936,,,,,,,,GLOBAL_BASELINE_NO_ENTITY_RANKING,,,NOT_APPLICABLE_GLOBAL_BASELINE,HF9g-P5,,,,X 全窗基线 · 不参与实体赏罚,14197383,1420,A168_HF9F_20260827_0900,2026-08-27 09:00:00
2026-06-30,145604771,1942,0,412.7198917455,-277.4018944519,-277.4018944519,0E-7,7,3,0.28071648333332133,0.255137283333,-0.8834844320178762,-0.8276826336190444,-0.8834844320178762,0.02557920000032133,ELIGIBLE,R03b_20260811_FULL_v1,L1_ELIGIBILITY,v2026-08-11,2026-03-21..2026-08-06,baccarat_bet02_101_all_pairs_incl_sentinel,round_win = game_pnl > 0 (decisive only),COMPATIBILITY_ONLY_NOT_PRODUCTION,2066084.0486,1875084.4460,6650.6665,5558,3733,-0.00321897,-0.08024012,0.00351318,-0.00321897,-6650.6665,2066084.0486,OK,0.0000,266.0267,4.0000,96.0000,AG03-UNRESOLVED,ALL5_LEVELS_bet23_to_bet27,266.0267,266.0267,266.0267,332.5333,332.5333,4.000000,4.000000,4.000000,5.000000,5.000000,96.000000,96.000000,96.000000,95.000000,95.000000,5.0,1463.1466,1340.2806,5187.5199,5310.3859,PENDING_AG03,FALSE,NOT_FOR_ENFORCEMENT,6384.6399,1800081.0682,6650.6665,6384.6399,266.0267,0.00321897,0.00309021,266.0267,6384.6399,0.00309021,266.0267,266.0267,266.0267,332.5333,332.5333,6384.6399,0.00309021,1463.1466,1340.2806,5187.5199,5310.3859,0.00251080,0.00257027,0.00012876,371.7316,502.2996,1.7816,195.6078,18.0235,60767.1779,109.7941,191.9923,404.8606,67.659,338.295,676.59,676.59,676.59,679.3478,270.636,-67.659,2.0,2.008152,1.098839,13,83,54,7,0.08038074,0.00321897,0.08024012,0E-8,0.000000,0.907555,0.005578,-0.08375330,2026-05-19,2026-07-26,34,369,121,69,0.492754,0.474218,0.516481,0.267936,,,,,,,,GLOBAL_BASELINE_NO_ENTITY_RANKING,,,NOT_APPLICABLE_GLOBAL_BASELINE,HF9g-P5,,,,X 全窗基线 · 不参与实体赏罚,14197384,1420,A168_HF9F_20260827_0900,2026-08-27 09:00:00
2026-06-30,145604771,2221,0,1351.9021739134,-210.5978260872,-210.5978260872,0.5714286,15,7,0.47203255465865745,0.247732928571,0.5267789988332044,1.983846105205987,0.5267789988332044,0.22429962608765745,ELIGIBLE,R03b_20260811_FULL_v1,L1_ELIGIBILITY,v2026-08-11,2026-03-21..2026-08-06,baccarat_bet02_101_all_pairs_incl_sentinel,round_win = game_pnl > 0 (decisive only),COMPATIBILITY_ONLY_NOT_PRODUCTION,2066084.0486,1875084.4460,6650.6665,5558,3733,-0.00321897,-0.08024012,0.00351318,-0.00321897,-6650.6665,2066084.0486,OK,0.0000,266.0267,4.0000,96.0000,AG03-UNRESOLVED,ALL5_LEVELS_bet23_to_bet27,266.0267,266.0267,266.0267,332.5333,332.5333,4.000000,4.000000,4.000000,5.000000,5.000000,96.000000,96.000000,96.000000,95.000000,95.000000,5.0,1463.1466,1340.2806,5187.5199,5310.3859,PENDING_AG03,FALSE,NOT_FOR_ENFORCEMENT,6384.6399,1800081.0682,6650.6665,6384.6399,266.0267,0.00321897,0.00309021,266.0267,6384.6399,0.00309021,266.0267,266.0267,266.0267,332.5333,332.5333,6384.6399,0.00309021,1463.1466,1340.2806,5187.5199,5310.3859,0.00251080,0.00257027,0.00012876,371.7316,502.2996,1.7816,195.6078,18.0235,60767.1779,109.7941,191.9923,404.8606,67.659,338.295,676.59,676.59,676.59,679.3478,270.636,-67.659,2.0,2.008152,1.098839,13,83,54,7,0.08038074,0.00321897,0.08024012,0E-8,0.000000,0.907555,0.005578,-0.08375330,2026-05-19,2026-07-26,34,369,121,69,0.492754,0.474218,0.516481,0.267936,,,,,,,,GLOBAL_BASELINE_NO_ENTITY_RANKING,,,NOT_APPLICABLE_GLOBAL_BASELINE,HF9g-P5,,,,X 全窗基线 · 不参与实体赏罚,14197385,1420,A168_HF9F_20260827_0900,2026-08-27 09:00:00
2026-06-30,145604771,2243,0,414.4021739131,-6.7934782609,-6.7934782609,0.5000000,5,4,0.49094905476188101,0.437295475000,0.03620971400982784,0.2528140363457515,0.03620971400982784,0.05365357976188101,ELIGIBLE,R03b_20260811_FULL_v1,L1_ELIGIBILITY,v2026-08-11,2026-03-21..2026-08-06,baccarat_bet02_101_all_pairs_incl_sentinel,round_win = game_pnl > 0 (decisive only),COMPATIBILITY_ONLY_NOT_PRODUCTION,2066084.0486,1875084.4460,6650.6665,5558,3733,-0.00321897,-0.08024012,0.00351318,-0.00321897,-6650.6665,2066084.0486,OK,0.0000,266.0267,4.0000,96.0000,AG03-UNRESOLVED,ALL5_LEVELS_bet23_to_bet27,266.0267,266.0267,266.0267,332.5333,332.5333,4.000000,4.000000,4.000000,5.000000,5.000000,96.000000,96.000000,96.000000,95.000000,95.000000,5.0,1463.1466,1340.2806,5187.5199,5310.3859,PENDING_AG03,FALSE,NOT_FOR_ENFORCEMENT,6384.6399,1800081.0682,6650.6665,6384.6399,266.0267,0.00321897,0.00309021,266.0267,6384.6399,0.00309021,266.0267,266.0267,266.0267,332.5333,332.5333,6384.6399,0.00309021,1463.1466,1340.2806,5187.5199,5310.3859,0.00251080,0.00257027,0.00012876,371.7316,502.2996,1.7816,195.6078,18.0235,60767.1779,109.7941,191.9923,404.8606,67.659,338.295,676.59,676.59,676.59,679.3478,270.636,-67.659,2.0,2.008152,1.098839,13,83,54,7,0.08038074,0.00321897,0.08024012,0E-8,0.000000,0.907555,0.005578,-0.08375330,2026-05-19,2026-07-26,34,369,121,69,0.492754,0.474218,0.516481,0.267936,,,,,,,,GLOBAL_BASELINE_NO_ENTITY_RANKING,,,NOT_APPLICABLE_GLOBAL_BASELINE,HF9g-P5,,,,X 全窗基线 · 不参与实体赏罚,14197386,1420,A168_HF9F_20260827_0900,2026-08-27 09:00:00
2026-06-30,145604771,2271,0,1515.5615696887,-1515.5615696887,-1515.5615696887,0E-7,5,3,0.37736101038959096,0.353589350000,-1.348406955407455,-1.2810201576114635,-1.348406955407455,0.02377166038959096,ELIGIBLE,R03b_20260811_FULL_v1,L1_ELIGIBILITY,v2026-08-11,2026-03-21..2026-08-06,baccarat_bet02_101_all_pairs_incl_sentinel,round_win = game_pnl > 0 (decisive only),COMPATIBILITY_ONLY_NOT_PRODUCTION,2066084.0486,1875084.4460,6650.6665,5558,3733,-0.00321897,-0.08024012,0.00351318,-0.00321897,-6650.6665,2066084.0486,OK,0.0000,266.0267,4.0000,96.0000,AG03-UNRESOLVED,ALL5_LEVELS_bet23_to_bet27,266.0267,266.0267,266.0267,332.5333,332.5333,4.000000,4.000000,4.000000,5.000000,5.000000,96.000000,96.000000,96.000000,95.000000,95.000000,5.0,1463.1466,1340.2806,5187.5199,5310.3859,PENDING_AG03,FALSE,NOT_FOR_ENFORCEMENT,6384.6399,1800081.0682,6650.6665,6384.6399,266.0267,0.00321897,0.00309021,266.0267,6384.6399,0.00309021,266.0267,266.0267,266.0267,332.5333,332.5333,6384.6399,0.00309021,1463.1466,1340.2806,5187.5199,5310.3859,0.00251080,0.00257027,0.00012876,371.7316,502.2996,1.7816,195.6078,18.0235,60767.1779,109.7941,191.9923,404.8606,67.659,338.295,676.59,676.59,676.59,679.3478,270.636,-67.659,2.0,2.008152,1.098839,13,83,54,7,0.08038074,0.00321897,0.08024012,0E-8,0.000000,0.907555,0.005578,-0.08375330,2026-05-19,2026-07-26,34,369,121,69,0.492754,0.474218,0.516481,0.267936,,,,,,,,GLOBAL_BASELINE_NO_ENTITY_RANKING,,,NOT_APPLICABLE_GLOBAL_BASELINE,HF9g-P5,,,,X 全窗基线 · 不参与实体赏罚,14197387,1420,A168_HF9F_20260827_0900,2026-08-27 09:00:00
2026-06-30,145604771,471,0,3497.9702300405,-307.8484438430,-307.8484438430,0.5000000,9,6,0.47593205363949252,0.392565200000,0.1180452139594289,0.538908298789559,0.1180452139594289,0.08336685363949252,ELIGIBLE,R03b_20260811_FULL_v1,L1_ELIGIBILITY,v2026-08-11,2026-03-21..2026-08-06,baccarat_bet02_101_all_pairs_incl_sentinel,round_win = game_pnl > 0 (decisive only),COMPATIBILITY_ONLY_NOT_PRODUCTION,2066084.0486,1875084.4460,6650.6665,5558,3733,-0.00321897,-0.08024012,0.00351318,-0.00321897,-6650.6665,2066084.0486,OK,0.0000,266.0267,4.0000,96.0000,AG03-UNRESOLVED,ALL5_LEVELS_bet23_to_bet27,266.0267,266.0267,266.0267,332.5333,332.5333,4.000000,4.000000,4.000000,5.000000,5.000000,96.000000,96.000000,96.000000,95.000000,95.000000,5.0,1463.1466,1340.2806,5187.5199,5310.3859,PENDING_AG03,FALSE,NOT_FOR_ENFORCEMENT,6384.6399,1800081.0682,6650.6665,6384.6399,266.0267,0.00321897,0.00309021,266.0267,6384.6399,0.00309021,266.0267,266.0267,266.0267,332.5333,332.5333,6384.6399,0.00309021,1463.1466,1340.2806,5187.5199,5310.3859,0.00251080,0.00257027,0.00012876,371.7316,502.2996,1.7816,195.6078,18.0235,60767.1779,109.7941,191.9923,404.8606,67.659,338.295,676.59,676.59,676.59,679.3478,270.636,-67.659,2.0,2.008152,1.098839,13,83,54,7,0.08038074,0.00321897,0.08024012,0E-8,0.000000,0.907555,0.005578,-0.08375330,2026-05-19,2026-07-26,34,369,121,69,0.492754,0.474218,0.516481,0.267936,,,,,,,,GLOBAL_BASELINE_NO_ENTITY_RANKING,,,NOT_APPLICABLE_GLOBAL_BASELINE,HF9g-P5,,,,X 全窗基线 · 不参与实体赏罚,14197388,1420,A168_HF9F_20260827_0900,2026-08-27 09:00:00
2026-06-30,145604771,595,0,2029.7699594046,-1353.1799729364,-1353.1799729364,0.2000000,7,5,0.46162170666667765,0.413594940000,-1.1734697391979179,-0.9698163450767897,-1.1734697391979179,0.04802676666667765,ELIGIBLE,R03b_20260811_FULL_v1,L1_ELIGIBILITY,v2026-08-11,2026-03-21..2026-08-06,baccarat_bet02_101_all_pairs_incl_sentinel,round_win = game_pnl > 0 (decisive only),COMPATIBILITY_ONLY_NOT_PRODUCTION,2066084.0486,1875084.4460,6650.6665,5558,3733,-0.00321897,-0.08024012,0.00351318,-0.00321897,-6650.6665,2066084.0486,OK,0.0000,266.0267,4.0000,96.0000,AG03-UNRESOLVED,ALL5_LEVELS_bet23_to_bet27,266.0267,266.0267,266.0267,332.5333,332.5333,4.000000,4.000000,4.000000,5.000000,5.000000,96.000000,96.000000,96.000000,95.000000,95.000000,5.0,1463.1466,1340.2806,5187.5199,5310.3859,PENDING_AG03,FALSE,NOT_FOR_ENFORCEMENT,6384.6399,1800081.0682,6650.6665,6384.6399,266.0267,0.00321897,0.00309021,266.0267,6384.6399,0.00309021,266.0267,266.0267,266.0267,332.5333,332.5333,6384.6399,0.00309021,1463.1466,1340.2806,5187.5199,5310.3859,0.00251080,0.00257027,0.00012876,371.7316,502.2996,1.7816,195.6078,18.0235,60767.1779,109.7941,191.9923,404.8606,67.659,338.295,676.59,676.59,676.59,679.3478,270.636,-67.659,2.0,2.008152,1.098839,13,83,54,7,0.08038074,0.00321897,0.08024012,0E-8,0.000000,0.907555,0.005578,-0.08375330,2026-05-19,2026-07-26,34,369,121,69,0.492754,0.474218,0.516481,0.267936,,,,,,,,GLOBAL_BASELINE_NO_ENTITY_RANKING,,,NOT_APPLICABLE_GLOBAL_BASELINE,HF9g-P5,,,,X 全窗基线 · 不参与实体赏罚,14197389,1420,A168_HF9F_20260827_0900,2026-08-27 09:00:00
2026-06-30,145604771,752,0,2435.7239512852,-165.7645466845,-165.7645466845,0.5454545,17,14,0.46369929285714286,0.453404682143,0.5437379001620043,0.6132584438030402,0.5437379001620043,0.01029461071414286,ELIGIBLE,R03b_20260811_FULL_v1,L1_ELIGIBILITY,v2026-08-11,2026-03-21..2026-08-06,baccarat_bet02_101_all_pairs_incl_sentinel,round_win = game_pnl > 0 (decisive only),COMPATIBILITY_ONLY_NOT_PRODUCTION,2066084.0486,1875084.4460,6650.6665,5558,3733,-0.00321897,-0.08024012,0.00351318,-0.00321897,-6650.6665,2066084.0486,OK,0.0000,266.0267,4.0000,96.0000,AG03-UNRESOLVED,ALL5_LEVELS_bet23_to_bet27,266.0267,266.0267,266.0267,332.5333,332.5333,4.000000,4.000000,4.000000,5.000000,5.000000,96.000000,96.000000,96.000000,95.000000,95.000000,5.0,1463.1466,1340.2806,5187.5199,5310.3859,PENDING_AG03,FALSE,NOT_FOR_ENFORCEMENT,6384.6399,1800081.0682,6650.6665,6384.6399,266.0267,0.00321897,0.00309021,266.0267,6384.6399,0.00309021,266.0267,266.0267,266.0267,332.5333,332.5333,6384.6399,0.00309021,1463.1466,1340.2806,5187.5199,5310.3859,0.00251080,0.00257027,0.00012876,371.7316,502.2996,1.7816,195.6078,18.0235,60767.1779,109.7941,191.9923,404.8606,67.659,338.295,676.59,676.59,676.59,679.3478,270.636,-67.659,2.0,2.008152,1.098839,13,83,54,7,0.08038074,0.00321897,0.08024012,0E-8,0.000000,0.907555,0.005578,-0.08375330,2026-05-19,2026-07-26,34,369,121,69,0.492754,0.474218,0.516481,0.267936,,,,,,,,GLOBAL_BASELINE_NO_ENTITY_RANKING,,,NOT_APPLICABLE_GLOBAL_BASELINE,HF9g-P5,,,,X 全窗基线 · 不参与实体赏罚,14197390,1420,A168_HF9F_20260827_0900,2026-08-27 09:00:00
2026-06-30,145604771,789,0,500.6765899863,-236.8064952637,-236.8064952637,0E-7,8,4,0.24543309583331884,0.222632337500,-1.1406375958666033,-1.070313204703817,-1.1406375958666033,0.02280075833331884,ELIGIBLE,R03b_20260811_FULL_v1,L1_ELIGIBILITY,v2026-08-11,2026-03-21..2026-08-06,baccarat_bet02_101_all_pairs_incl_sentinel,round_win = game_pnl > 0 (decisive only),COMPATIBILITY_ONLY_NOT_PRODUCTION,2066084.0486,1875084.4460,6650.6665,5558,3733,-0.00321897,-0.08024012,0.00351318,-0.00321897,-6650.6665,2066084.0486,OK,0.0000,266.0267,4.0000,96.0000,AG03-UNRESOLVED,ALL5_LEVELS_bet23_to_bet27,266.0267,266.0267,266.0267,332.5333,332.5333,4.000000,4.000000,4.000000,5.000000,5.000000,96.000000,96.000000,96.000000,95.000000,95.000000,5.0,1463.1466,1340.2806,5187.5199,5310.3859,PENDING_AG03,FALSE,NOT_FOR_ENFORCEMENT,6384.6399,1800081.0682,6650.6665,6384.6399,266.0267,0.00321897,0.00309021,266.0267,6384.6399,0.00309021,266.0267,266.0267,266.0267,332.5333,332.5333,6384.6399,0.00309021,1463.1466,1340.2806,5187.5199,5310.3859,0.00251080,0.00257027,0.00012876,371.7316,502.2996,1.7816,195.6078,18.0235,60767.1779,109.7941,191.9923,404.8606,67.659,338.295,676.59,676.59,676.59,679.3478,270.636,-67.659,2.0,2.008152,1.098839,13,83,54,7,0.08038074,0.00321897,0.08024012,0E-8,0.000000,0.907555,0.005578,-0.08375330,2026-05-19,2026-07-26,34,369,121,69,0.492754,0.474218,0.516481,0.267936,,,,,,,,GLOBAL_BASELINE_NO_ENTITY_RANKING,,,NOT_APPLICABLE_GLOBAL_BASELINE,HF9g-P5,,,,X 全窗基线 · 不参与实体赏罚,14197391,1420,A168_HF9F_20260827_0900,2026-08-27 09:00:00
2026-06-30,145604771,925,0,2841.6779431664,676.5899864682,676.5899864682,0.7500000,6,4,0.48300909545455091,0.391702725000,1.0685807753583467,1.4680379038533464,1.0685807753583467,0.09130637045455091,ELIGIBLE,R03b_20260811_FULL_v1,L1_ELIGIBILITY,v2026-08-11,2026-03-21..2026-08-06,baccarat_bet02_101_all_pairs_incl_sentinel,round_win = game_pnl > 0 (decisive only),COMPATIBILITY_ONLY_NOT_PRODUCTION,2066084.0486,1875084.4460,6650.6665,5558,3733,-0.00321897,-0.08024012,0.00351318,-0.00321897,-6650.6665,2066084.0486,OK,0.0000,266.0267,4.0000,96.0000,AG03-UNRESOLVED,ALL5_LEVELS_bet23_to_bet27,266.0267,266.0267,266.0267,332.5333,332.5333,4.000000,4.000000,4.000000,5.000000,5.000000,96.000000,96.000000,96.000000,95.000000,95.000000,5.0,1463.1466,1340.2806,5187.5199,5310.3859,PENDING_AG03,FALSE,NOT_FOR_ENFORCEMENT,6384.6399,1800081.0682,6650.6665,6384.6399,266.0267,0.00321897,0.00309021,266.0267,6384.6399,0.00309021,266.0267,266.0267,266.0267,332.5333,332.5333,6384.6399,0.00309021,1463.1466,1340.2806,5187.5199,5310.3859,0.00251080,0.00257027,0.00012876,371.7316,502.2996,1.7816,195.6078,18.0235,60767.1779,109.7941,191.9923,404.8606,67.659,338.295,676.59,676.59,676.59,679.3478,270.636,-67.659,2.0,2.008152,1.098839,13,83,54,7,0.08038074,0.00321897,0.08024012,0E-8,0.000000,0.907555,0.005578,-0.08375330,2026-05-19,2026-07-26,34,369,121,69,0.492754,0.474218,0.516481,0.267936,,,,,,,,GLOBAL_BASELINE_NO_ENTITY_RANKING,,,NOT_APPLICABLE_GLOBAL_BASELINE,HF9g-P5,,,,X 全窗基线 · 不参与实体赏罚,14197392,1420,A168_HF9F_20260827_0900,2026-08-27 09:00:00
2026-07-02,145604771,2155,0,597.8260869566,-461.9565217392,-461.9565217392,0.1666667,9,6,0.46103207211396031,0.384340633333,-1.4464897613122947,-1.0961089409963187,-1.4464897613122947,0.07669143878096031,ELIGIBLE,R03b_20260811_FULL_v1,L1_ELIGIBILITY,v2026-08-11,2026-03-21..2026-08-06,baccarat_bet02_101_all_pairs_incl_sentinel,round_win = game_pnl > 0 (decisive only),COMPATIBILITY_ONLY_NOT_PRODUCTION,2066084.0486,1875084.4460,6650.6665,5558,3733,-0.00321897,-0.08024012,0.00351318,-0.00321897,-6650.6665,2066084.0486,OK,0.0000,266.0267,4.0000,96.0000,AG03-UNRESOLVED,ALL5_LEVELS_bet23_to_bet27,266.0267,266.0267,266.0267,332.5333,332.5333,4.000000,4.000000,4.000000,5.000000,5.000000,96.000000,96.000000,96.000000,95.000000,95.000000,5.0,1463.1466,1340.2806,5187.5199,5310.3859,PENDING_AG03,FALSE,NOT_FOR_ENFORCEMENT,6384.6399,1800081.0682,6650.6665,6384.6399,266.0267,0.00321897,0.00309021,266.0267,6384.6399,0.00309021,266.0267,266.0267,266.0267,332.5333,332.5333,6384.6399,0.00309021,1463.1466,1340.2806,5187.5199,5310.3859,0.00251080,0.00257027,0.00012876,371.7316,502.2996,1.7816,195.6078,18.0235,60767.1779,109.7941,191.9923,404.8606,67.659,338.295,676.59,676.59,676.59,679.3478,270.636,-67.659,2.0,2.008152,1.098839,13,83,54,7,0.08038074,0.00321897,0.08024012,0E-8,0.000000,0.907555,0.005578,-0.08375330,2026-05-19,2026-07-26,34,369,121,69,0.492754,0.474218,0.516481,0.267936,,,,,,,,GLOBAL_BASELINE_NO_ENTITY_RANKING,,,NOT_APPLICABLE_GLOBAL_BASELINE,HF9g-P5,,,,X 全窗基线 · 不参与实体赏罚,14197393,1420,A168_HF9F_20260827_0900,2026-08-27 09:00:00
2026-07-02,145604771,2160,0,2255.4347826089,-230.9782608697,-230.9782608697,0.3846154,15,13,0.49680467144642860,0.462939392308,-0.8090249731143155,-0.5663603734872111,-0.8090249731143155,0.03386527913842860,ELIGIBLE,R03b_20260811_FULL_v1,L1_ELIGIBILITY,v2026-08-11,2026-03-21..2026-08-06,baccarat_bet02_101_all_pairs_incl_sentinel,round_win = game_pnl > 0 (decisive only),COMPATIBILITY_ONLY_NOT_PRODUCTION,2066084.0486,1875084.4460,6650.6665,5558,3733,-0.00321897,-0.08024012,0.00351318,-0.00321897,-6650.6665,2066084.0486,OK,0.0000,266.0267,4.0000,96.0000,AG03-UNRESOLVED,ALL5_LEVELS_bet23_to_bet27,266.0267,266.0267,266.0267,332.5333,332.5333,4.000000,4.000000,4.000000,5.000000,5.000000,96.000000,96.000000,96.000000,95.000000,95.000000,5.0,1463.1466,1340.2806,5187.5199,5310.3859,PENDING_AG03,FALSE,NOT_FOR_ENFORCEMENT,6384.6399,1800081.0682,6650.6665,6384.6399,266.0267,0.00321897,0.00309021,266.0267,6384.6399,0.00309021,266.0267,266.0267,266.0267,332.5333,332.5333,6384.6399,0.00309021,1463.1466,1340.2806,5187.5199,5310.3859,0.00251080,0.00257027,0.00012876,371.7316,502.2996,1.7816,195.6078,18.0235,60767.1779,109.7941,191.9923,404.8606,67.659,338.295,676.59,676.59,676.59,679.3478,270.636,-67.659,2.0,2.008152,1.098839,13,83,54,7,0.08038074,0.00321897,0.08024012,0E-8,0.000000,0.907555,0.005578,-0.08375330,2026-05-19,2026-07-26,34,369,121,69,0.492754,0.474218,0.516481,0.267936,,,,,,,,GLOBAL_BASELINE_NO_ENTITY_RANKING,,,NOT_APPLICABLE_GLOBAL_BASELINE,HF9g-P5,,,,X 全窗基线 · 不参与实体赏罚,14197394,1420,A168_HF9F_20260827_0900,2026-08-27 09:00:00
2026-07-03,145604771,1151,0,3546.1956521743,411.0054347825,411.0054347825,0.4666667,28,17,0.42937446815350552,0.351084952941,0.29178966731681577,0.9378529057933253,0.29178966731681577,0.07828951521250552,ELIGIBLE,R03b_20260811_FULL_v1,L1_ELIGIBILITY,v2026-08-11,2026-03-21..2026-08-06,baccarat_bet02_101_all_pairs_incl_sentinel,round_win = game_pnl > 0 (decisive only),COMPATIBILITY_ONLY_NOT_PRODUCTION,2066084.0486,1875084.4460,6650.6665,5558,3733,-0.00321897,-0.08024012,0.00351318,-0.00321897,-6650.6665,2066084.0486,OK,0.0000,266.0267,4.0000,96.0000,AG03-UNRESOLVED,ALL5_LEVELS_bet23_to_bet27,266.0267,266.0267,266.0267,332.5333,332.5333,4.000000,4.000000,4.000000,5.000000,5.000000,96.000000,96.000000,96.000000,95.000000,95.000000,5.0,1463.1466,1340.2806,5187.5199,5310.3859,PENDING_AG03,FALSE,NOT_FOR_ENFORCEMENT,6384.6399,1800081.0682,6650.6665,6384.6399,266.0267,0.00321897,0.00309021,266.0267,6384.6399,0.00309021,266.0267,266.0267,266.0267,332.5333,332.5333,6384.6399,0.00309021,1463.1466,1340.2806,5187.5199,5310.3859,0.00251080,0.00257027,0.00012876,371.7316,502.2996,1.7816,195.6078,18.0235,60767.1779,109.7941,191.9923,404.8606,67.659,338.295,676.59,676.59,676.59,679.3478,270.636,-67.659,2.0,2.008152,1.098839,13,83,54,7,0.08038074,0.00321897,0.08024012,0E-8,0.000000,0.907555,0.005578,-0.08375330,2026-05-19,2026-07-26,34,369,121,69,0.492754,0.474218,0.516481,0.267936,,,,,,,,GLOBAL_BASELINE_NO_ENTITY_RANKING,,,NOT_APPLICABLE_GLOBAL_BASELINE,HF9g-P5,,,,X 全窗基线 · 不参与实体赏罚,14197395,1420,A168_HF9F_20260827_0900,2026-08-27 09:00:00
2026-07-03,145604771,1383,0,2724.1847826088,-726.9021739132,-726.9021739132,0.4545455,22,13,0.44557780623477546,0.354118296154,0.05984017178185085,0.6964610654230848,0.05984017178185085,0.09145951008077546,ELIGIBLE,R03b_20260811_FULL_v1,L1_ELIGIBILITY,v2026-08-11,2026-03-21..2026-08-06,baccarat_bet02_101_all_pairs_incl_sentinel,round_win = game_pnl > 0 (decisive only),COMPATIBILITY_ONLY_NOT_PRODUCTION,2066084.0486,1875084.4460,6650.6665,5558,3733,-0.00321897,-0.08024012,0.00351318,-0.00321897,-6650.6665,2066084.0486,OK,0.0000,266.0267,4.0000,96.0000,AG03-UNRESOLVED,ALL5_LEVELS_bet23_to_bet27,266.0267,266.0267,266.0267,332.5333,332.5333,4.000000,4.000000,4.000000,5.000000,5.000000,96.000000,96.000000,96.000000,95.000000,95.000000,5.0,1463.1466,1340.2806,5187.5199,5310.3859,PENDING_AG03,FALSE,NOT_FOR_ENFORCEMENT,6384.6399,1800081.0682,6650.6665,6384.6399,266.0267,0.00321897,0.00309021,266.0267,6384.6399,0.00309021,266.0267,266.0267,266.0267,332.5333,332.5333,6384.6399,0.00309021,1463.1466,1340.2806,5187.5199,5310.3859,0.00251080,0.00257027,0.00012876,371.7316,502.2996,1.7816,195.6078,18.0235,60767.1779,109.7941,191.9923,404.8606,67.659,338.295,676.59,676.59,676.59,679.3478,270.636,-67.659,2.0,2.008152,1.098839,13,83,54,7,0.08038074,0.00321897,0.08024012,0E-8,0.000000,0.907555,0.005578,-0.08375330,2026-05-19,2026-07-26,34,369,121,69,0.492754,0.474218,0.516481,0.267936,,,,,,,,GLOBAL_BASELINE_NO_ENTITY_RANKING,,,NOT_APPLICABLE_GLOBAL_BASELINE,HF9g-P5,,,,X 全窗基线 · 不参与实体赏罚,14197396,1420,A168_HF9F_20260827_0900,2026-08-27 09:00:00
2026-07-03,145604771,1654,0,3002.7173913046,-360.0543478262,-360.0543478262,0.4000000,19,10,0.40079735880485761,0.329066625000,-0.00514522663706198,0.4773852623539594,-0.00514522663706198,0.07173073380485761,ELIGIBLE,R03b_20260811_FULL_v1,L1_ELIGIBILITY,v2026-08-11,2026-03-21..2026-08-06,baccarat_bet02_101_all_pairs_incl_sentinel,round_win = game_pnl > 0 (decisive only),COMPATIBILITY_ONLY_NOT_PRODUCTION,2066084.0486,1875084.4460,6650.6665,5558,3733,-0.00321897,-0.08024012,0.00351318,-0.00321897,-6650.6665,2066084.0486,OK,0.0000,266.0267,4.0000,96.0000,AG03-UNRESOLVED,ALL5_LEVELS_bet23_to_bet27,266.0267,266.0267,266.0267,332.5333,332.5333,4.000000,4.000000,4.000000,5.000000,5.000000,96.000000,96.000000,96.000000,95.000000,95.000000,5.0,1463.1466,1340.2806,5187.5199,5310.3859,PENDING_AG03,FALSE,NOT_FOR_ENFORCEMENT,6384.6399,1800081.0682,6650.6665,6384.6399,266.0267,0.00321897,0.00309021,266.0267,6384.6399,0.00309021,266.0267,266.0267,266.0267,332.5333,332.5333,6384.6399,0.00309021,1463.1466,1340.2806,5187.5199,5310.3859,0.00251080,0.00257027,0.00012876,371.7316,502.2996,1.7816,195.6078,18.0235,60767.1779,109.7941,191.9923,404.8606,67.659,338.295,676.59,676.59,676.59,679.3478,270.636,-67.659,2.0,2.008152,1.098839,13,83,54,7,0.08038074,0.00321897,0.08024012,0E-8,0.000000,0.907555,0.005578,-0.08375330,2026-05-19,2026-07-26,34,369,121,69,0.492754,0.474218,0.516481,0.267936,,,,,,,,GLOBAL_BASELINE_NO_ENTITY_RANKING,,,NOT_APPLICABLE_GLOBAL_BASELINE,HF9g-P5,,,,X 全窗基线 · 不参与实体赏罚,14197397,1420,A168_HF9F_20260827_0900,2026-08-27 09:00:00
2026-07-06,145604771,1490,0,917.1195652176,-383.8315217392,-383.8315217392,0E-7,15,8,0.22736473164263165,0.190921241667,-1.435235953406015,-1.2852296776879688,-1.435235953406015,0.03644348997563165,ELIGIBLE,R03b_20260811_FULL_v1,L1_ELIGIBILITY,v2026-08-11,2026-03-21..2026-08-06,baccarat_bet02_101_all_pairs_incl_sentinel,round_win = game_pnl > 0 (decisive only),COMPATIBILITY_ONLY_NOT_PRODUCTION,2066084.0486,1875084.4460,6650.6665,5558,3733,-0.00321897,-0.08024012,0.00351318,-0.00321897,-6650.6665,2066084.0486,OK,0.0000,266.0267,4.0000,96.0000,AG03-UNRESOLVED,ALL5_LEVELS_bet23_to_bet27,266.0267,266.0267,266.0267,332.5333,332.5333,4.000000,4.000000,4.000000,5.000000,5.000000,96.000000,96.000000,96.000000,95.000000,95.000000,5.0,1463.1466,1340.2806,5187.5199,5310.3859,PENDING_AG03,FALSE,NOT_FOR_ENFORCEMENT,6384.6399,1800081.0682,6650.6665,6384.6399,266.0267,0.00321897,0.00309021,266.0267,6384.6399,0.00309021,266.0267,266.0267,266.0267,332.5333,332.5333,6384.6399,0.00309021,1463.1466,1340.2806,5187.5199,5310.3859,0.00251080,0.00257027,0.00012876,371.7316,502.2996,1.7816,195.6078,18.0235,60767.1779,109.7941,191.9923,404.8606,67.659,338.295,676.59,676.59,676.59,679.3478,270.636,-67.659,2.0,2.008152,1.098839,13,83,54,7,0.08038074,0.00321897,0.08024012,0E-8,0.000000,0.907555,0.005578,-0.08375330,2026-05-19,2026-07-26,34,369,121,69,0.492754,0.474218,0.516481,0.267936,,,,,,,,GLOBAL_BASELINE_NO_ENTITY_RANKING,,,NOT_APPLICABLE_GLOBAL_BASELINE,HF9g-P5,,,,X 全窗基线 · 不参与实体赏罚,14197398,1420,A168_HF9F_20260827_0900,2026-08-27 09:00:00
2026-07-06,145604771,1645,0,1039.4021739132,-502.7173913045,-502.7173913045,0.1666667,14,6,0.34981503261646178,0.274520916667,-0.9406779782804727,-0.5919877505515239,-0.9406779782804727,0.07529411594946178,ELIGIBLE,R03b_20260811_FULL_v1,L1_ELIGIBILITY,v2026-08-11,2026-03-21..2026-08-06,baccarat_bet02_101_all_pairs_incl_sentinel,round_win = game_pnl > 0 (decisive only),COMPATIBILITY_ONLY_NOT_PRODUCTION,2066084.0486,1875084.4460,6650.6665,5558,3733,-0.00321897,-0.08024012,0.00351318,-0.00321897,-6650.6665,2066084.0486,OK,0.0000,266.0267,4.0000,96.0000,AG03-UNRESOLVED,ALL5_LEVELS_bet23_to_bet27,266.0267,266.0267,266.0267,332.5333,332.5333,4.000000,4.000000,4.000000,5.000000,5.000000,96.000000,96.000000,96.000000,95.000000,95.000000,5.0,1463.1466,1340.2806,5187.5199,5310.3859,PENDING_AG03,FALSE,NOT_FOR_ENFORCEMENT,6384.6399,1800081.0682,6650.6665,6384.6399,266.0267,0.00321897,0.00309021,266.0267,6384.6399,0.00309021,266.0267,266.0267,266.0267,332.5333,332.5333,6384.6399,0.00309021,1463.1466,1340.2806,5187.5199,5310.3859,0.00251080,0.00257027,0.00012876,371.7316,502.2996,1.7816,195.6078,18.0235,60767.1779,109.7941,191.9923,404.8606,67.659,338.295,676.59,676.59,676.59,679.3478,270.636,-67.659,2.0,2.008152,1.098839,13,83,54,7,0.08038074,0.00321897,0.08024012,0E-8,0.000000,0.907555,0.005578,-0.08375330,2026-05-19,2026-07-26,34,369,121,69,0.492754,0.474218,0.516481,0.267936,,,,,,,,GLOBAL_BASELINE_NO_ENTITY_RANKING,,,NOT_APPLICABLE_GLOBAL_BASELINE,HF9g-P5,,,,X 全窗基线 · 不参与实体赏罚,14197399,1420,A168_HF9F_20260827_0900,2026-08-27 09:00:00
2026-07-06,145604771,462,0,54.3478260870,-54.3478260870,-54.3478260870,0E-7,3,2,0.04572887142855258,0.034523050000,-0.3095810345644905,-0.26742291691258685,-0.3095810345644905,0.01120582142855258,ELIGIBLE,R03b_20260811_FULL_v1,L1_ELIGIBILITY,v2026-08-11,2026-03-21..2026-08-06,baccarat_bet02_101_all_pairs_incl_sentinel,round_win = game_pnl > 0 (decisive only),COMPATIBILITY_ONLY_NOT_PRODUCTION,2066084.0486,1875084.4460,6650.6665,5558,3733,-0.00321897,-0.08024012,0.00351318,-0.00321897,-6650.6665,2066084.0486,OK,0.0000,266.0267,4.0000,96.0000,AG03-UNRESOLVED,ALL5_LEVELS_bet23_to_bet27,266.0267,266.0267,266.0267,332.5333,332.5333,4.000000,4.000000,4.000000,5.000000,5.000000,96.000000,96.000000,96.000000,95.000000,95.000000,5.0,1463.1466,1340.2806,5187.5199,5310.3859,PENDING_AG03,FALSE,NOT_FOR_ENFORCEMENT,6384.6399,1800081.0682,6650.6665,6384.6399,266.0267,0.00321897,0.00309021,266.0267,6384.6399,0.00309021,266.0267,266.0267,266.0267,332.5333,332.5333,6384.6399,0.00309021,1463.1466,1340.2806,5187.5199,5310.3859,0.00251080,0.00257027,0.00012876,371.7316,502.2996,1.7816,195.6078,18.0235,60767.1779,109.7941,191.9923,404.8606,67.659,338.295,676.59,676.59,676.59,679.3478,270.636,-67.659,2.0,2.008152,1.098839,13,83,54,7,0.08038074,0.00321897,0.08024012,0E-8,0.000000,0.907555,0.005578,-0.08375330,2026-05-19,2026-07-26,34,369,121,69,0.492754,0.474218,0.516481,0.267936,,,,,,,,GLOBAL_BASELINE_NO_ENTITY_RANKING,,,NOT_APPLICABLE_GLOBAL_BASELINE,HF9g-P5,,,,X 全窗基线 · 不参与实体赏罚,14197400,1420,A168_HF9F_20260827_0900,2026-08-27 09:00:00
2026-07-07,145604771,2129,0,169.8369565218,-169.8369565218,-169.8369565218,0E-7,4,2,0.45473814610373828,0.256040200000,-1.291496202045065,-0.8296489009604027,-1.291496202045065,0.19869794610373828,ELIGIBLE,R03b_20260811_FULL_v1,L1_ELIGIBILITY,v2026-08-11,2026-03-21..2026-08-06,baccarat_bet02_101_all_pairs_incl_sentinel,round_win = game_pnl > 0 (decisive only),COMPATIBILITY_ONLY_NOT_PRODUCTION,2066084.0486,1875084.4460,6650.6665,5558,3733,-0.00321897,-0.08024012,0.00351318,-0.00321897,-6650.6665,2066084.0486,OK,0.0000,266.0267,4.0000,96.0000,AG03-UNRESOLVED,ALL5_LEVELS_bet23_to_bet27,266.0267,266.0267,266.0267,332.5333,332.5333,4.000000,4.000000,4.000000,5.000000,5.000000,96.000000,96.000000,96.000000,95.000000,95.000000,5.0,1463.1466,1340.2806,5187.5199,5310.3859,PENDING_AG03,FALSE,NOT_FOR_ENFORCEMENT,6384.6399,1800081.0682,6650.6665,6384.6399,266.0267,0.00321897,0.00309021,266.0267,6384.6399,0.00309021,266.0267,266.0267,266.0267,332.5333,332.5333,6384.6399,0.00309021,1463.1466,1340.2806,5187.5199,5310.3859,0.00251080,0.00257027,0.00012876,371.7316,502.2996,1.7816,195.6078,18.0235,60767.1779,109.7941,191.9923,404.8606,67.659,338.295,676.59,676.59,676.59,679.3478,270.636,-67.659,2.0,2.008152,1.098839,13,83,54,7,0.08038074,0.00321897,0.08024012,0E-8,0.000000,0.907555,0.005578,-0.08375330,2026-05-19,2026-07-26,34,369,121,69,0.492754,0.474218,0.516481,0.267936,,,,,,,,GLOBAL_BASELINE_NO_ENTITY_RANKING,,,NOT_APPLICABLE_GLOBAL_BASELINE,HF9g-P5,,,,X 全窗基线 · 不参与实体赏罚,14197401,1420,A168_HF9F_20260827_0900,2026-08-27 09:00:00
2026-07-08,145604771,2108,0,190.2173913044,-122.2826086957,-122.2826086957,0E-7,5,3,0.28184451176469357,0.241124966667,-1.0850660534484287,-0.9763298897749758,-1.0850660534484287,0.04071954509769357,ELIGIBLE,R03b_20260811_FULL_v1,L1_ELIGIBILITY,v2026-08-11,2026-03-21..2026-08-06,baccarat_bet02_101_all_pairs_incl_sentinel,round_win = game_pnl > 0 (decisive only),COMPATIBILITY_ONLY_NOT_PRODUCTION,2066084.0486,1875084.4460,6650.6665,5558,3733,-0.00321897,-0.08024012,0.00351318,-0.00321897,-6650.6665,2066084.0486,OK,0.0000,266.0267,4.0000,96.0000,AG03-UNRESOLVED,ALL5_LEVELS_bet23_to_bet27,266.0267,266.0267,266.0267,332.5333,332.5333,4.000000,4.000000,4.000000,5.000000,5.000000,96.000000,96.000000,96.000000,95.000000,95.000000,5.0,1463.1466,1340.2806,5187.5199,5310.3859,PENDING_AG03,FALSE,NOT_FOR_ENFORCEMENT,6384.6399,1800081.0682,6650.6665,6384.6399,266.0267,0.00321897,0.00309021,266.0267,6384.6399,0.00309021,266.0267,266.0267,266.0267,332.5333,332.5333,6384.6399,0.00309021,1463.1466,1340.2806,5187.5199,5310.3859,0.00251080,0.00257027,0.00012876,371.7316,502.2996,1.7816,195.6078,18.0235,60767.1779,109.7941,191.9923,404.8606,67.659,338.295,676.59,676.59,676.59,679.3478,270.636,-67.659,2.0,2.008152,1.098839,13,83,54,7,0.08038074,0.00321897,0.08024012,0E-8,0.000000,0.907555,0.005578,-0.08375330,2026-05-19,2026-07-26,34,369,121,69,0.492754,0.474218,0.516481,0.267936,,,,,,,,GLOBAL_BASELINE_NO_ENTITY_RANKING,,,NOT_APPLICABLE_GLOBAL_BASELINE,HF9g-P5,,,,X 全窗基线 · 不参与实体赏罚,14197402,1420,A168_HF9F_20260827_0900,2026-08-27 09:00:00
2026-07-08,145604771,2160,0,285.3260869566,-20.3804347826,-20.3804347826,0E-7,6,4,0.14947047500000000,0.149470475000,-0.8384226570313591,-0.8384226570313591,-0.8384226570313591,0E-17,ELIGIBLE,R03b_20260811_FULL_v1,L1_ELIGIBILITY,v2026-08-11,2026-03-21..2026-08-06,baccarat_bet02_101_all_pairs_incl_sentinel,round_win = game_pnl > 0 (decisive only),COMPATIBILITY_ONLY_NOT_PRODUCTION,2066084.0486,1875084.4460,6650.6665,5558,3733,-0.00321897,-0.08024012,0.00351318,-0.00321897,-6650.6665,2066084.0486,OK,0.0000,266.0267,4.0000,96.0000,AG03-UNRESOLVED,ALL5_LEVELS_bet23_to_bet27,266.0267,266.0267,266.0267,332.5333,332.5333,4.000000,4.000000,4.000000,5.000000,5.000000,96.000000,96.000000,96.000000,95.000000,95.000000,5.0,1463.1466,1340.2806,5187.5199,5310.3859,PENDING_AG03,FALSE,NOT_FOR_ENFORCEMENT,6384.6399,1800081.0682,6650.6665,6384.6399,266.0267,0.00321897,0.00309021,266.0267,6384.6399,0.00309021,266.0267,266.0267,266.0267,332.5333,332.5333,6384.6399,0.00309021,1463.1466,1340.2806,5187.5199,5310.3859,0.00251080,0.00257027,0.00012876,371.7316,502.2996,1.7816,195.6078,18.0235,60767.1779,109.7941,191.9923,404.8606,67.659,338.295,676.59,676.59,676.59,679.3478,270.636,-67.659,2.0,2.008152,1.098839,13,83,54,7,0.08038074,0.00321897,0.08024012,0E-8,0.000000,0.907555,0.005578,-0.08375330,2026-05-19,2026-07-26,34,369,121,69,0.492754,0.474218,0.516481,0.267936,,,,,,,,GLOBAL_BASELINE_NO_ENTITY_RANKING,,,NOT_APPLICABLE_GLOBAL_BASELINE,HF9g-P5,,,,X 全窗基线 · 不参与实体赏罚,14197403,1420,A168_HF9F_20260827_0900,2026-08-27 09:00:00
2026-07-09,145604771,1323,0,271.7391304348,-135.8695652174,-135.8695652174,0.2500000,4,4,0.49659680000000000,0.496596800000,-0.9864100490137353,-0.9864100490137354,-0.9864100490137353,0E-17,ELIGIBLE,R03b_20260811_FULL_v1,L1_ELIGIBILITY,v2026-08-11,2026-03-21..2026-08-06,baccarat_bet02_101_all_pairs_incl_sentinel,round_win = game_pnl > 0 (decisive only),COMPATIBILITY_ONLY_NOT_PRODUCTION,2066084.0486,1875084.4460,6650.6665,5558,3733,-0.00321897,-0.08024012,0.00351318,-0.00321897,-6650.6665,2066084.0486,OK,0.0000,266.0267,4.0000,96.0000,AG03-UNRESOLVED,ALL5_LEVELS_bet23_to_bet27,266.0267,266.0267,266.0267,332.5333,332.5333,4.000000,4.000000,4.000000,5.000000,5.000000,96.000000,96.000000,96.000000,95.000000,95.000000,5.0,1463.1466,1340.2806,5187.5199,5310.3859,PENDING_AG03,FALSE,NOT_FOR_ENFORCEMENT,6384.6399,1800081.0682,6650.6665,6384.6399,266.0267,0.00321897,0.00309021,266.0267,6384.6399,0.00309021,266.0267,266.0267,266.0267,332.5333,332.5333,6384.6399,0.00309021,1463.1466,1340.2806,5187.5199,5310.3859,0.00251080,0.00257027,0.00012876,371.7316,502.2996,1.7816,195.6078,18.0235,60767.1779,109.7941,191.9923,404.8606,67.659,338.295,676.59,676.59,676.59,679.3478,270.636,-67.659,2.0,2.008152,1.098839,13,83,54,7,0.08038074,0.00321897,0.08024012,0E-8,0.000000,0.907555,0.005578,-0.08375330,2026-05-19,2026-07-26,34,369,121,69,0.492754,0.474218,0.516481,0.267936,,,,,,,,GLOBAL_BASELINE_NO_ENTITY_RANKING,,,NOT_APPLICABLE_GLOBAL_BASELINE,HF9g-P5,,,,X 全窗基线 · 不参与实体赏罚,14197404,1420,A168_HF9F_20260827_0900,2026-08-27 09:00:00
2026-07-10,145604771,1383,0,625.0000000001,-13.5869565218,-13.5869565218,0.5000000,9,5,0.42258352580643156,0.377784060000,0.3134458451406131,0.5041566115206831,0.3134458451406131,0.04479946580643156,ELIGIBLE,R03b_20260811_FULL_v1,L1_ELIGIBILITY,v2026-08-11,2026-03-21..2026-08-06,baccarat_bet02_101_all_pairs_incl_sentinel,round_win = game_pnl > 0 (decisive only),COMPATIBILITY_ONLY_NOT_PRODUCTION,2066084.0486,1875084.4460,6650.6665,5558,3733,-0.00321897,-0.08024012,0.00351318,-0.00321897,-6650.6665,2066084.0486,OK,0.0000,266.0267,4.0000,96.0000,AG03-UNRESOLVED,ALL5_LEVELS_bet23_to_bet27,266.0267,266.0267,266.0267,332.5333,332.5333,4.000000,4.000000,4.000000,5.000000,5.000000,96.000000,96.000000,96.000000,95.000000,95.000000,5.0,1463.1466,1340.2806,5187.5199,5310.3859,PENDING_AG03,FALSE,NOT_FOR_ENFORCEMENT,6384.6399,1800081.0682,6650.6665,6384.6399,266.0267,0.00321897,0.00309021,266.0267,6384.6399,0.00309021,266.0267,266.0267,266.0267,332.5333,332.5333,6384.6399,0.00309021,1463.1466,1340.2806,5187.5199,5310.3859,0.00251080,0.00257027,0.00012876,371.7316,502.2996,1.7816,195.6078,18.0235,60767.1779,109.7941,191.9923,404.8606,67.659,338.295,676.59,676.59,676.59,679.3478,270.636,-67.659,2.0,2.008152,1.098839,13,83,54,7,0.08038074,0.00321897,0.08024012,0E-8,0.000000,0.907555,0.005578,-0.08375330,2026-05-19,2026-07-26,34,369,121,69,0.492754,0.474218,0.516481,0.267936,,,,,,,,GLOBAL_BASELINE_NO_ENTITY_RANKING,,,NOT_APPLICABLE_GLOBAL_BASELINE,HF9g-P5,,,,X 全窗基线 · 不参与实体赏罚,14197405,1420,A168_HF9F_20260827_0900,2026-08-27 09:00:00
2026-07-10,145604771,2108,0,346.4673913044,61.1413043478,61.1413043478,0.6666667,4,3,0.47886942121206350,0.414177066667,0.6511304624269743,0.8878261102734982,0.6511304624269743,0.06469235454506350,ELIGIBLE,R03b_20260811_FULL_v1,L1_ELIGIBILITY,v2026-08-11,2026-03-21..2026-08-06,baccarat_bet02_101_all_pairs_incl_sentinel,round_win = game_pnl > 0 (decisive only),COMPATIBILITY_ONLY_NOT_PRODUCTION,2066084.0486,1875084.4460,6650.6665,5558,3733,-0.00321897,-0.08024012,0.00351318,-0.00321897,-6650.6665,2066084.0486,OK,0.0000,266.0267,4.0000,96.0000,AG03-UNRESOLVED,ALL5_LEVELS_bet23_to_bet27,266.0267,266.0267,266.0267,332.5333,332.5333,4.000000,4.000000,4.000000,5.000000,5.000000,96.000000,96.000000,96.000000,95.000000,95.000000,5.0,1463.1466,1340.2806,5187.5199,5310.3859,PENDING_AG03,FALSE,NOT_FOR_ENFORCEMENT,6384.6399,1800081.0682,6650.6665,6384.6399,266.0267,0.00321897,0.00309021,266.0267,6384.6399,0.00309021,266.0267,266.0267,266.0267,332.5333,332.5333,6384.6399,0.00309021,1463.1466,1340.2806,5187.5199,5310.3859,0.00251080,0.00257027,0.00012876,371.7316,502.2996,1.7816,195.6078,18.0235,60767.1779,109.7941,191.9923,404.8606,67.659,338.295,676.59,676.59,676.59,679.3478,270.636,-67.659,2.0,2.008152,1.098839,13,83,54,7,0.08038074,0.00321897,0.08024012,0E-8,0.000000,0.907555,0.005578,-0.08375330,2026-05-19,2026-07-26,34,369,121,69,0.492754,0.474218,0.516481,0.267936,,,,,,,,GLOBAL_BASELINE_NO_ENTITY_RANKING,,,NOT_APPLICABLE_GLOBAL_BASELINE,HF9g-P5,,,,X 全窗基线 · 不参与实体赏罚,14197406,1420,A168_HF9F_20260827_0900,2026-08-27 09:00:00
2026-07-10,145604771,919,0,210.5978260870,-210.5978260870,-210.5978260870,0E-7,3,2,0.18722791666666667,0.149470475000,-0.67875948441112,-0.592854346287317,-0.67875948441112,0.03775744166666667,ELIGIBLE,R03b_20260811_FULL_v1,L1_ELIGIBILITY,v2026-08-11,2026-03-21..2026-08-06,baccarat_bet02_101_all_pairs_incl_sentinel,round_win = game_pnl > 0 (decisive only),COMPATIBILITY_ONLY_NOT_PRODUCTION,2066084.0486,1875084.4460,6650.6665,5558,3733,-0.00321897,-0.08024012,0.00351318,-0.00321897,-6650.6665,2066084.0486,OK,0.0000,266.0267,4.0000,96.0000,AG03-UNRESOLVED,ALL5_LEVELS_bet23_to_bet27,266.0267,266.0267,266.0267,332.5333,332.5333,4.000000,4.000000,4.000000,5.000000,5.000000,96.000000,96.000000,96.000000,95.000000,95.000000,5.0,1463.1466,1340.2806,5187.5199,5310.3859,PENDING_AG03,FALSE,NOT_FOR_ENFORCEMENT,6384.6399,1800081.0682,6650.6665,6384.6399,266.0267,0.00321897,0.00309021,266.0267,6384.6399,0.00309021,266.0267,266.0267,266.0267,332.5333,332.5333,6384.6399,0.00309021,1463.1466,1340.2806,5187.5199,5310.3859,0.00251080,0.00257027,0.00012876,371.7316,502.2996,1.7816,195.6078,18.0235,60767.1779,109.7941,191.9923,404.8606,67.659,338.295,676.59,676.59,676.59,679.3478,270.636,-67.659,2.0,2.008152,1.098839,13,83,54,7,0.08038074,0.00321897,0.08024012,0E-8,0.000000,0.907555,0.005578,-0.08375330,2026-05-19,2026-07-26,34,369,121,69,0.492754,0.474218,0.516481,0.267936,,,,,,,,GLOBAL_BASELINE_NO_ENTITY_RANKING,,,NOT_APPLICABLE_GLOBAL_BASELINE,HF9g-P5,,,,X 全窗基线 · 不参与实体赏罚,14197407,1420,A168_HF9F_20260827_0900,2026-08-27 09:00:00
2026-07-11,145604771,1109,0,67.9347826087,-67.9347826087,-67.9347826087,0E-7,1,1,0.49324550000000000,0.493245500000,-0.9865810262130424,-0.9865810262130424,-0.9865810262130424,0E-17,ELIGIBLE,R03b_20260811_FULL_v1,L1_ELIGIBILITY,v2026-08-11,2026-03-21..2026-08-06,baccarat_bet02_101_all_pairs_incl_sentinel,round_win = game_pnl > 0 (decisive only),COMPATIBILITY_ONLY_NOT_PRODUCTION,2066084.0486,1875084.4460,6650.6665,5558,3733,-0.00321897,-0.08024012,0.00351318,-0.00321897,-6650.6665,2066084.0486,OK,0.0000,266.0267,4.0000,96.0000,AG03-UNRESOLVED,ALL5_LEVELS_bet23_to_bet27,266.0267,266.0267,266.0267,332.5333,332.5333,4.000000,4.000000,4.000000,5.000000,5.000000,96.000000,96.000000,96.000000,95.000000,95.000000,5.0,1463.1466,1340.2806,5187.5199,5310.3859,PENDING_AG03,FALSE,NOT_FOR_ENFORCEMENT,6384.6399,1800081.0682,6650.6665,6384.6399,266.0267,0.00321897,0.00309021,266.0267,6384.6399,0.00309021,266.0267,266.0267,266.0267,332.5333,332.5333,6384.6399,0.00309021,1463.1466,1340.2806,5187.5199,5310.3859,0.00251080,0.00257027,0.00012876,371.7316,502.2996,1.7816,195.6078,18.0235,60767.1779,109.7941,191.9923,404.8606,67.659,338.295,676.59,676.59,676.59,679.3478,270.636,-67.659,2.0,2.008152,1.098839,13,83,54,7,0.08038074,0.00321897,0.08024012,0E-8,0.000000,0.907555,0.005578,-0.08375330,2026-05-19,2026-07-26,34,369,121,69,0.492754,0.474218,0.516481,0.267936,,,,,,,,GLOBAL_BASELINE_NO_ENTITY_RANKING,,,NOT_APPLICABLE_GLOBAL_BASELINE,HF9g-P5,,,,X 全窗基线 · 不参与实体赏罚,14197408,1420,A168_HF9F_20260827_0900,2026-08-27 09:00:00
2026-07-12,145604771,1490,0,543.4782608696,-271.7391304348,-271.7391304348,0.3333333,7,4,0.35602616666666667,0.338873750000,-0.08208698057941706,-0.020274114249543684,-0.08208698057941706,0.01715241666666667,ELIGIBLE,R03b_20260811_FULL_v1,L1_ELIGIBILITY,v2026-08-11,2026-03-21..2026-08-06,baccarat_bet02_101_all_pairs_incl_sentinel,round_win = game_pnl > 0 (decisive only),COMPATIBILITY_ONLY_NOT_PRODUCTION,2066084.0486,1875084.4460,6650.6665,5558,3733,-0.00321897,-0.08024012,0.00351318,-0.00321897,-6650.6665,2066084.0486,OK,0.0000,266.0267,4.0000,96.0000,AG03-UNRESOLVED,ALL5_LEVELS_bet23_to_bet27,266.0267,266.0267,266.0267,332.5333,332.5333,4.000000,4.000000,4.000000,5.000000,5.000000,96.000000,96.000000,96.000000,95.000000,95.000000,5.0,1463.1466,1340.2806,5187.5199,5310.3859,PENDING_AG03,FALSE,NOT_FOR_ENFORCEMENT,6384.6399,1800081.0682,6650.6665,6384.6399,266.0267,0.00321897,0.00309021,266.0267,6384.6399,0.00309021,266.0267,266.0267,266.0267,332.5333,332.5333,6384.6399,0.00309021,1463.1466,1340.2806,5187.5199,5310.3859,0.00251080,0.00257027,0.00012876,371.7316,502.2996,1.7816,195.6078,18.0235,60767.1779,109.7941,191.9923,404.8606,67.659,338.295,676.59,676.59,676.59,679.3478,270.636,-67.659,2.0,2.008152,1.098839,13,83,54,7,0.08038074,0.00321897,0.08024012,0E-8,0.000000,0.907555,0.005578,-0.08375330,2026-05-19,2026-07-26,34,369,121,69,0.492754,0.474218,0.516481,0.267936,,,,,,,,GLOBAL_BASELINE_NO_ENTITY_RANKING,,,NOT_APPLICABLE_GLOBAL_BASELINE,HF9g-P5,,,,X 全窗基线 · 不参与实体赏罚,14197409,1420,A168_HF9F_20260827_0900,2026-08-27 09:00:00
2026-07-12,145604771,2115,0,203.8043478261,-203.8043478261,-203.8043478261,0E-7,3,2,0.39033100000000000,0.390331000000,-1.1315779169514892,-1.1315779169514892,-1.1315779169514892,0E-17,ELIGIBLE,R03b_20260811_FULL_v1,L1_ELIGIBILITY,v2026-08-11,2026-03-21..2026-08-06,baccarat_bet02_101_all_pairs_incl_sentinel,round_win = game_pnl > 0 (decisive only),COMPATIBILITY_ONLY_NOT_PRODUCTION,2066084.0486,1875084.4460,6650.6665,5558,3733,-0.00321897,-0.08024012,0.00351318,-0.00321897,-6650.6665,2066084.0486,OK,0.0000,266.0267,4.0000,96.0000,AG03-UNRESOLVED,ALL5_LEVELS_bet23_to_bet27,266.0267,266.0267,266.0267,332.5333,332.5333,4.000000,4.000000,4.000000,5.000000,5.000000,96.000000,96.000000,96.000000,95.000000,95.000000,5.0,1463.1466,1340.2806,5187.5199,5310.3859,PENDING_AG03,FALSE,NOT_FOR_ENFORCEMENT,6384.6399,1800081.0682,6650.6665,6384.6399,266.0267,0.00321897,0.00309021,266.0267,6384.6399,0.00309021,266.0267,266.0267,266.0267,332.5333,332.5333,6384.6399,0.00309021,1463.1466,1340.2806,5187.5199,5310.3859,0.00251080,0.00257027,0.00012876,371.7316,502.2996,1.7816,195.6078,18.0235,60767.1779,109.7941,191.9923,404.8606,67.659,338.295,676.59,676.59,676.59,679.3478,270.636,-67.659,2.0,2.008152,1.098839,13,83,54,7,0.08038074,0.00321897,0.08024012,0E-8,0.000000,0.907555,0.005578,-0.08375330,2026-05-19,2026-07-26,34,369,121,69,0.492754,0.474218,0.516481,0.267936,,,,,,,,GLOBAL_BASELINE_NO_ENTITY_RANKING,,,NOT_APPLICABLE_GLOBAL_BASELINE,HF9g-P5,,,,X 全窗基线 · 不参与实体赏罚,14197410,1420,A168_HF9F_20260827_0900,2026-08-27 09:00:00
2026-07-12,145604771,2147,0,169.8369565217,-169.8369565217,-169.8369565217,0E-7,3,2,0.43113581666674077,0.393378375000,-1.2311692338016593,-1.138836281904872,-1.2311692338016593,0.03775744166674077,ELIGIBLE,R03b_20260811_FULL_v1,L1_ELIGIBILITY,v2026-08-11,2026-03-21..2026-08-06,baccarat_bet02_101_all_pairs_incl_sentinel,round_win = game_pnl > 0 (decisive only),COMPATIBILITY_ONLY_NOT_PRODUCTION,2066084.0486,1875084.4460,6650.6665,5558,3733,-0.00321897,-0.08024012,0.00351318,-0.00321897,-6650.6665,2066084.0486,OK,0.0000,266.0267,4.0000,96.0000,AG03-UNRESOLVED,ALL5_LEVELS_bet23_to_bet27,266.0267,266.0267,266.0267,332.5333,332.5333,4.000000,4.000000,4.000000,5.000000,5.000000,96.000000,96.000000,96.000000,95.000000,95.000000,5.0,1463.1466,1340.2806,5187.5199,5310.3859,PENDING_AG03,FALSE,NOT_FOR_ENFORCEMENT,6384.6399,1800081.0682,6650.6665,6384.6399,266.0267,0.00321897,0.00309021,266.0267,6384.6399,0.00309021,266.0267,266.0267,266.0267,332.5333,332.5333,6384.6399,0.00309021,1463.1466,1340.2806,5187.5199,5310.3859,0.00251080,0.00257027,0.00012876,371.7316,502.2996,1.7816,195.6078,18.0235,60767.1779,109.7941,191.9923,404.8606,67.659,338.295,676.59,676.59,676.59,679.3478,270.636,-67.659,2.0,2.008152,1.098839,13,83,54,7,0.08038074,0.00321897,0.08024012,0E-8,0.000000,0.907555,0.005578,-0.08375330,2026-05-19,2026-07-26,34,369,121,69,0.492754,0.474218,0.516481,0.267936,,,,,,,,GLOBAL_BASELINE_NO_ENTITY_RANKING,,,NOT_APPLICABLE_GLOBAL_BASELINE,HF9g-P5,,,,X 全窗基线 · 不参与实体赏罚,14197411,1420,A168_HF9F_20260827_0900,2026-08-27 09:00:00
2026-07-13,145604771,2121,0,230.9782608696,-230.9782608696,-230.9782608696,0E-7,2,1,0.45334607647055362,0.280106050000,-0.9106651058700246,-0.6237735893609975,-0.9106651058700246,0.17324002647055362,ELIGIBLE,R03b_20260811_FULL_v1,L1_ELIGIBILITY,v2026-08-11,2026-03-21..2026-08-06,baccarat_bet02_101_all_pairs_incl_sentinel,round_win = game_pnl > 0 (decisive only),COMPATIBILITY_ONLY_NOT_PRODUCTION,2066084.0486,1875084.4460,6650.6665,5558,3733,-0.00321897,-0.08024012,0.00351318,-0.00321897,-6650.6665,2066084.0486,OK,0.0000,266.0267,4.0000,96.0000,AG03-UNRESOLVED,ALL5_LEVELS_bet23_to_bet27,266.0267,266.0267,266.0267,332.5333,332.5333,4.000000,4.000000,4.000000,5.000000,5.000000,96.000000,96.000000,96.000000,95.000000,95.000000,5.0,1463.1466,1340.2806,5187.5199,5310.3859,PENDING_AG03,FALSE,NOT_FOR_ENFORCEMENT,6384.6399,1800081.0682,6650.6665,6384.6399,266.0267,0.00321897,0.00309021,266.0267,6384.6399,0.00309021,266.0267,266.0267,266.0267,332.5333,332.5333,6384.6399,0.00309021,1463.1466,1340.2806,5187.5199,5310.3859,0.00251080,0.00257027,0.00012876,371.7316,502.2996,1.7816,195.6078,18.0235,60767.1779,109.7941,191.9923,404.8606,67.659,338.295,676.59,676.59,676.59,679.3478,270.636,-67.659,2.0,2.008152,1.098839,13,83,54,7,0.08038074,0.00321897,0.08024012,0E-8,0.000000,0.907555,0.005578,-0.08375330,2026-05-19,2026-07-26,34,369,121,69,0.492754,0.474218,0.516481,0.267936,,,,,,,,GLOBAL_BASELINE_NO_ENTITY_RANKING,,,NOT_APPLICABLE_GLOBAL_BASELINE,HF9g-P5,,,,X 全窗基线 · 不参与实体赏罚,14197412,1420,A168_HF9F_20260827_0900,2026-08-27 09:00:00
2026-07-13,145604771,2130,0,3043.4782608700,31.2499999998,31.2499999998,0.5200000,42,26,0.44159843156006134,0.381311319231,0.7894191899235055,1.4276938457829975,0.7894191899235055,0.06028711232906134,ELIGIBLE,R03b_20260811_FULL_v1,L1_ELIGIBILITY,v2026-08-11,2026-03-21..2026-08-06,baccarat_bet02_101_all_pairs_incl_sentinel,round_win = game_pnl > 0 (decisive only),COMPATIBILITY_ONLY_NOT_PRODUCTION,2066084.0486,1875084.4460,6650.6665,5558,3733,-0.00321897,-0.08024012,0.00351318,-0.00321897,-6650.6665,2066084.0486,OK,0.0000,266.0267,4.0000,96.0000,AG03-UNRESOLVED,ALL5_LEVELS_bet23_to_bet27,266.0267,266.0267,266.0267,332.5333,332.5333,4.000000,4.000000,4.000000,5.000000,5.000000,96.000000,96.000000,96.000000,95.000000,95.000000,5.0,1463.1466,1340.2806,5187.5199,5310.3859,PENDING_AG03,FALSE,NOT_FOR_ENFORCEMENT,6384.6399,1800081.0682,6650.6665,6384.6399,266.0267,0.00321897,0.00309021,266.0267,6384.6399,0.00309021,266.0267,266.0267,266.0267,332.5333,332.5333,6384.6399,0.00309021,1463.1466,1340.2806,5187.5199,5310.3859,0.00251080,0.00257027,0.00012876,371.7316,502.2996,1.7816,195.6078,18.0235,60767.1779,109.7941,191.9923,404.8606,67.659,338.295,676.59,676.59,676.59,679.3478,270.636,-67.659,2.0,2.008152,1.098839,13,83,54,7,0.08038074,0.00321897,0.08024012,0E-8,0.000000,0.907555,0.005578,-0.08375330,2026-05-19,2026-07-26,34,369,121,69,0.492754,0.474218,0.516481,0.267936,,,,,,,,GLOBAL_BASELINE_NO_ENTITY_RANKING,,,NOT_APPLICABLE_GLOBAL_BASELINE,HF9g-P5,,,,X 全窗基线 · 不参与实体赏罚,14197413,1420,A168_HF9F_20260827_0900,2026-08-27 09:00:00
2026-07-14,145604771,1205,0,135.8695652174,-3.3967391304,-3.3967391304,0.5000000,2,2,0.50665070000000000,0.506650700000,-0.018812684590367487,-0.018812684590367487,-0.018812684590367487,0E-17,ELIGIBLE,R03b_20260811_FULL_v1,L1_ELIGIBILITY,v2026-08-11,2026-03-21..2026-08-06,baccarat_bet02_101_all_pairs_incl_sentinel,round_win = game_pnl > 0 (decisive only),COMPATIBILITY_ONLY_NOT_PRODUCTION,2066084.0486,1875084.4460,6650.6665,5558,3733,-0.00321897,-0.08024012,0.00351318,-0.00321897,-6650.6665,2066084.0486,OK,0.0000,266.0267,4.0000,96.0000,AG03-UNRESOLVED,ALL5_LEVELS_bet23_to_bet27,266.0267,266.0267,266.0267,332.5333,332.5333,4.000000,4.000000,4.000000,5.000000,5.000000,96.000000,96.000000,96.000000,95.000000,95.000000,5.0,1463.1466,1340.2806,5187.5199,5310.3859,PENDING_AG03,FALSE,NOT_FOR_ENFORCEMENT,6384.6399,1800081.0682,6650.6665,6384.6399,266.0267,0.00321897,0.00309021,266.0267,6384.6399,0.00309021,266.0267,266.0267,266.0267,332.5333,332.5333,6384.6399,0.00309021,1463.1466,1340.2806,5187.5199,5310.3859,0.00251080,0.00257027,0.00012876,371.7316,502.2996,1.7816,195.6078,18.0235,60767.1779,109.7941,191.9923,404.8606,67.659,338.295,676.59,676.59,676.59,679.3478,270.636,-67.659,2.0,2.008152,1.098839,13,83,54,7,0.08038074,0.00321897,0.08024012,0E-8,0.000000,0.907555,0.005578,-0.08375330,2026-05-19,2026-07-26,34,369,121,69,0.492754,0.474218,0.516481,0.267936,,,,,,,,GLOBAL_BASELINE_NO_ENTITY_RANKING,,,NOT_APPLICABLE_GLOBAL_BASELINE,HF9g-P5,,,,X 全窗基线 · 不参与实体赏罚,14197414,1420,A168_HF9F_20260827_0900,2026-08-27 09:00:00
2026-07-14,145604771,1299,0,61.1413043479,-61.1413043479,-61.1413043479,0E-7,2,1,0.44053321111093868,0.256040200000,-0.8873647484224357,-0.5866503638730671,-0.8873647484224357,0.18449301111093868,ELIGIBLE,R03b_20260811_FULL_v1,L1_ELIGIBILITY,v2026-08-11,2026-03-21..2026-08-06,baccarat_bet02_101_all_pairs_incl_sentinel,round_win = game_pnl > 0 (decisive only),COMPATIBILITY_ONLY_NOT_PRODUCTION,2066084.0486,1875084.4460,6650.6665,5558,3733,-0.00321897,-0.08024012,0.00351318,-0.00321897,-6650.6665,2066084.0486,OK,0.0000,266.0267,4.0000,96.0000,AG03-UNRESOLVED,ALL5_LEVELS_bet23_to_bet27,266.0267,266.0267,266.0267,332.5333,332.5333,4.000000,4.000000,4.000000,5.000000,5.000000,96.000000,96.000000,96.000000,95.000000,95.000000,5.0,1463.1466,1340.2806,5187.5199,5310.3859,PENDING_AG03,FALSE,NOT_FOR_ENFORCEMENT,6384.6399,1800081.0682,6650.6665,6384.6399,266.0267,0.00321897,0.00309021,266.0267,6384.6399,0.00309021,266.0267,266.0267,266.0267,332.5333,332.5333,6384.6399,0.00309021,1463.1466,1340.2806,5187.5199,5310.3859,0.00251080,0.00257027,0.00012876,371.7316,502.2996,1.7816,195.6078,18.0235,60767.1779,109.7941,191.9923,404.8606,67.659,338.295,676.59,676.59,676.59,679.3478,270.636,-67.659,2.0,2.008152,1.098839,13,83,54,7,0.08038074,0.00321897,0.08024012,0E-8,0.000000,0.907555,0.005578,-0.08375330,2026-05-19,2026-07-26,34,369,121,69,0.492754,0.474218,0.516481,0.267936,,,,,,,,GLOBAL_BASELINE_NO_ENTITY_RANKING,,,NOT_APPLICABLE_GLOBAL_BASELINE,HF9g-P5,,,,X 全窗基线 · 不参与实体赏罚,14197415,1420,A168_HF9F_20260827_0900,2026-08-27 09:00:00
2026-07-14,145604771,1382,0,210.5978260870,-210.5978260870,-210.5978260870,0E-7,3,2,0.47838398181809525,0.381345450000,-1.3543404593757682,-1.1103251487403623,-1.3543404593757682,0.09703853181809525,ELIGIBLE,R03b_20260811_FULL_v1,L1_ELIGIBILITY,v2026-08-11,2026-03-21..2026-08-06,baccarat_bet02_101_all_pairs_incl_sentinel,round_win = game_pnl > 0 (decisive only),COMPATIBILITY_ONLY_NOT_PRODUCTION,2066084.0486,1875084.4460,6650.6665,5558,3733,-0.00321897,-0.08024012,0.00351318,-0.00321897,-6650.6665,2066084.0486,OK,0.0000,266.0267,4.0000,96.0000,AG03-UNRESOLVED,ALL5_LEVELS_bet23_to_bet27,266.0267,266.0267,266.0267,332.5333,332.5333,4.000000,4.000000,4.000000,5.000000,5.000000,96.000000,96.000000,96.000000,95.000000,95.000000,5.0,1463.1466,1340.2806,5187.5199,5310.3859,PENDING_AG03,FALSE,NOT_FOR_ENFORCEMENT,6384.6399,1800081.0682,6650.6665,6384.6399,266.0267,0.00321897,0.00309021,266.0267,6384.6399,0.00309021,266.0267,266.0267,266.0267,332.5333,332.5333,6384.6399,0.00309021,1463.1466,1340.2806,5187.5199,5310.3859,0.00251080,0.00257027,0.00012876,371.7316,502.2996,1.7816,195.6078,18.0235,60767.1779,109.7941,191.9923,404.8606,67.659,338.295,676.59,676.59,676.59,679.3478,270.636,-67.659,2.0,2.008152,1.098839,13,83,54,7,0.08038074,0.00321897,0.08024012,0E-8,0.000000,0.907555,0.005578,-0.08375330,2026-05-19,2026-07-26,34,369,121,69,0.492754,0.474218,0.516481,0.267936,,,,,,,,GLOBAL_BASELINE_NO_ENTITY_RANKING,,,NOT_APPLICABLE_GLOBAL_BASELINE,HF9g-P5,,,,X 全窗基线 · 不参与实体赏罚,14197416,1420,A168_HF9F_20260827_0900,2026-08-27 09:00:00
2026-07-14,145604771,1654,0,1834.2391304349,-852.5815217392,-852.5815217392,0.2000000,7,6,0.48922418846154504,0.468893258333,-1.2937503828806067,-1.2048611874246384,-1.2937503828806067,0.02033093012854504,ELIGIBLE,R03b_20260811_FULL_v1,L1_ELIGIBILITY,v2026-08-11,2026-03-21..2026-08-06,baccarat_bet02_101_all_pairs_incl_sentinel,round_win = game_pnl > 0 (decisive only),COMPATIBILITY_ONLY_NOT_PRODUCTION,2066084.0486,1875084.4460,6650.6665,5558,3733,-0.00321897,-0.08024012,0.00351318,-0.00321897,-6650.6665,2066084.0486,OK,0.0000,266.0267,4.0000,96.0000,AG03-UNRESOLVED,ALL5_LEVELS_bet23_to_bet27,266.0267,266.0267,266.0267,332.5333,332.5333,4.000000,4.000000,4.000000,5.000000,5.000000,96.000000,96.000000,96.000000,95.000000,95.000000,5.0,1463.1466,1340.2806,5187.5199,5310.3859,PENDING_AG03,FALSE,NOT_FOR_ENFORCEMENT,6384.6399,1800081.0682,6650.6665,6384.6399,266.0267,0.00321897,0.00309021,266.0267,6384.6399,0.00309021,266.0267,266.0267,266.0267,332.5333,332.5333,6384.6399,0.00309021,1463.1466,1340.2806,5187.5199,5310.3859,0.00251080,0.00257027,0.00012876,371.7316,502.2996,1.7816,195.6078,18.0235,60767.1779,109.7941,191.9923,404.8606,67.659,338.295,676.59,676.59,676.59,679.3478,270.636,-67.659,2.0,2.008152,1.098839,13,83,54,7,0.08038074,0.00321897,0.08024012,0E-8,0.000000,0.907555,0.005578,-0.08375330,2026-05-19,2026-07-26,34,369,121,69,0.492754,0.474218,0.516481,0.267936,,,,,,,,GLOBAL_BASELINE_NO_ENTITY_RANKING,,,NOT_APPLICABLE_GLOBAL_BASELINE,HF9g-P5,,,,X 全窗基线 · 不参与实体赏罚,14197417,1420,A168_HF9F_20260827_0900,2026-08-27 09:00:00
2026-07-14,145604771,2134,0,176.6304347826,-176.6304347826,-176.6304347826,0E-7,2,1,0.39824750000003586,0.287416500000,-0.8135187695931868,-0.6350939377956173,-0.8135187695931868,0.11083100000003586,ELIGIBLE,R03b_20260811_FULL_v1,L1_ELIGIBILITY,v2026-08-11,2026-03-21..2026-08-06,baccarat_bet02_101_all_pairs_incl_sentinel,round_win = game_pnl > 0 (decisive only),COMPATIBILITY_ONLY_NOT_PRODUCTION,2066084.0486,1875084.4460,6650.6665,5558,3733,-0.00321897,-0.08024012,0.00351318,-0.00321897,-6650.6665,2066084.0486,OK,0.0000,266.0267,4.0000,96.0000,AG03-UNRESOLVED,ALL5_LEVELS_bet23_to_bet27,266.0267,266.0267,266.0267,332.5333,332.5333,4.000000,4.000000,4.000000,5.000000,5.000000,96.000000,96.000000,96.000000,95.000000,95.000000,5.0,1463.1466,1340.2806,5187.5199,5310.3859,PENDING_AG03,FALSE,NOT_FOR_ENFORCEMENT,6384.6399,1800081.0682,6650.6665,6384.6399,266.0267,0.00321897,0.00309021,266.0267,6384.6399,0.00309021,266.0267,266.0267,266.0267,332.5333,332.5333,6384.6399,0.00309021,1463.1466,1340.2806,5187.5199,5310.3859,0.00251080,0.00257027,0.00012876,371.7316,502.2996,1.7816,195.6078,18.0235,60767.1779,109.7941,191.9923,404.8606,67.659,338.295,676.59,676.59,676.59,679.3478,270.636,-67.659,2.0,2.008152,1.098839,13,83,54,7,0.08038074,0.00321897,0.08024012,0E-8,0.000000,0.907555,0.005578,-0.08375330,2026-05-19,2026-07-26,34,369,121,69,0.492754,0.474218,0.516481,0.267936,,,,,,,,GLOBAL_BASELINE_NO_ENTITY_RANKING,,,NOT_APPLICABLE_GLOBAL_BASELINE,HF9g-P5,,,,X 全窗基线 · 不参与实体赏罚,14197418,1420,A168_HF9F_20260827_0900,2026-08-27 09:00:00
2026-07-14,145604771,2193,0,679.3478260870,115.4891304347,115.4891304347,0.6666667,3,3,0.50665070000000000,0.506650700000,0.5543606114942035,0.5543606114942035,0.5543606114942035,0E-17,ELIGIBLE,R03b_20260811_FULL_v1,L1_ELIGIBILITY,v2026-08-11,2026-03-21..2026-08-06,baccarat_bet02_101_all_pairs_incl_sentinel,round_win = game_pnl > 0 (decisive only),COMPATIBILITY_ONLY_NOT_PRODUCTION,2066084.0486,1875084.4460,6650.6665,5558,3733,-0.00321897,-0.08024012,0.00351318,-0.00321897,-6650.6665,2066084.0486,OK,0.0000,266.0267,4.0000,96.0000,AG03-UNRESOLVED,ALL5_LEVELS_bet23_to_bet27,266.0267,266.0267,266.0267,332.5333,332.5333,4.000000,4.000000,4.000000,5.000000,5.000000,96.000000,96.000000,96.000000,95.000000,95.000000,5.0,1463.1466,1340.2806,5187.5199,5310.3859,PENDING_AG03,FALSE,NOT_FOR_ENFORCEMENT,6384.6399,1800081.0682,6650.6665,6384.6399,266.0267,0.00321897,0.00309021,266.0267,6384.6399,0.00309021,266.0267,266.0267,266.0267,332.5333,332.5333,6384.6399,0.00309021,1463.1466,1340.2806,5187.5199,5310.3859,0.00251080,0.00257027,0.00012876,371.7316,502.2996,1.7816,195.6078,18.0235,60767.1779,109.7941,191.9923,404.8606,67.659,338.295,676.59,676.59,676.59,679.3478,270.636,-67.659,2.0,2.008152,1.098839,13,83,54,7,0.08038074,0.00321897,0.08024012,0E-8,0.000000,0.907555,0.005578,-0.08375330,2026-05-19,2026-07-26,34,369,121,69,0.492754,0.474218,0.516481,0.267936,,,,,,,,GLOBAL_BASELINE_NO_ENTITY_RANKING,,,NOT_APPLICABLE_GLOBAL_BASELINE,HF9g-P5,,,,X 全窗基线 · 不参与实体赏罚,14197419,1420,A168_HF9F_20260827_0900,2026-08-27 09:00:00
2026-07-14,145604771,789,0,1297.5543478262,-502.7173913044,-502.7173913044,0.3333333,11,6,0.39562640434587040,0.338871669445,-0.3120469854696216,-0.028661203249393172,-0.3120469854696216,0.05675473490087040,ELIGIBLE,R03b_20260811_FULL_v1,L1_ELIGIBILITY,v2026-08-11,2026-03-21..2026-08-06,baccarat_bet02_101_all_pairs_incl_sentinel,round_win = game_pnl > 0 (decisive only),COMPATIBILITY_ONLY_NOT_PRODUCTION,2066084.0486,1875084.4460,6650.6665,5558,3733,-0.00321897,-0.08024012,0.00351318,-0.00321897,-6650.6665,2066084.0486,OK,0.0000,266.0267,4.0000,96.0000,AG03-UNRESOLVED,ALL5_LEVELS_bet23_to_bet27,266.0267,266.0267,266.0267,332.5333,332.5333,4.000000,4.000000,4.000000,5.000000,5.000000,96.000000,96.000000,96.000000,95.000000,95.000000,5.0,1463.1466,1340.2806,5187.5199,5310.3859,PENDING_AG03,FALSE,NOT_FOR_ENFORCEMENT,6384.6399,1800081.0682,6650.6665,6384.6399,266.0267,0.00321897,0.00309021,266.0267,6384.6399,0.00309021,266.0267,266.0267,266.0267,332.5333,332.5333,6384.6399,0.00309021,1463.1466,1340.2806,5187.5199,5310.3859,0.00251080,0.00257027,0.00012876,371.7316,502.2996,1.7816,195.6078,18.0235,60767.1779,109.7941,191.9923,404.8606,67.659,338.295,676.59,676.59,676.59,679.3478,270.636,-67.659,2.0,2.008152,1.098839,13,83,54,7,0.08038074,0.00321897,0.08024012,0E-8,0.000000,0.907555,0.005578,-0.08375330,2026-05-19,2026-07-26,34,369,121,69,0.492754,0.474218,0.516481,0.267936,,,,,,,,GLOBAL_BASELINE_NO_ENTITY_RANKING,,,NOT_APPLICABLE_GLOBAL_BASELINE,HF9g-P5,,,,X 全窗基线 · 不参与实体赏罚,14197420,1420,A168_HF9F_20260827_0900,2026-08-27 09:00:00
2026-07-17,145604771,1094,0,1779.8913043481,-394.0217391307,-394.0217391307,0.2777778,28,18,0.37604430043393178,0.320904363889,-0.8606874237631175,-0.39194763844620417,-0.8606874237631175,0.05513993654493178,ELIGIBLE,R03b_20260811_FULL_v1,L1_ELIGIBILITY,v2026-08-11,2026-03-21..2026-08-06,baccarat_bet02_101_all_pairs_incl_sentinel,round_win = game_pnl > 0 (decisive only),COMPATIBILITY_ONLY_NOT_PRODUCTION,2066084.0486,1875084.4460,6650.6665,5558,3733,-0.00321897,-0.08024012,0.00351318,-0.00321897,-6650.6665,2066084.0486,OK,0.0000,266.0267,4.0000,96.0000,AG03-UNRESOLVED,ALL5_LEVELS_bet23_to_bet27,266.0267,266.0267,266.0267,332.5333,332.5333,4.000000,4.000000,4.000000,5.000000,5.000000,96.000000,96.000000,96.000000,95.000000,95.000000,5.0,1463.1466,1340.2806,5187.5199,5310.3859,PENDING_AG03,FALSE,NOT_FOR_ENFORCEMENT,6384.6399,1800081.0682,6650.6665,6384.6399,266.0267,0.00321897,0.00309021,266.0267,6384.6399,0.00309021,266.0267,266.0267,266.0267,332.5333,332.5333,6384.6399,0.00309021,1463.1466,1340.2806,5187.5199,5310.3859,0.00251080,0.00257027,0.00012876,371.7316,502.2996,1.7816,195.6078,18.0235,60767.1779,109.7941,191.9923,404.8606,67.659,338.295,676.59,676.59,676.59,679.3478,270.636,-67.659,2.0,2.008152,1.098839,13,83,54,7,0.08038074,0.00321897,0.08024012,0E-8,0.000000,0.907555,0.005578,-0.08375330,2026-05-19,2026-07-26,34,369,121,69,0.492754,0.474218,0.516481,0.267936,,,,,,,,GLOBAL_BASELINE_NO_ENTITY_RANKING,,,NOT_APPLICABLE_GLOBAL_BASELINE,HF9g-P5,,,,X 全窗基线 · 不参与实体赏罚,14197421,1420,A168_HF9F_20260827_0900,2026-08-27 09:00:00
2026-07-17,145604771,1221,0,1399.4565217393,-268.3423913044,-268.3423913044,0.4444444,20,10,0.39848221533476221,0.303914778333,0.28163954253091594,0.9166048543658571,0.28163954253091594,0.09456743700176221,ELIGIBLE,R03b_20260811_FULL_v1,L1_ELIGIBILITY,v2026-08-11,2026-03-21..2026-08-06,baccarat_bet02_101_all_pairs_incl_sentinel,round_win = game_pnl > 0 (decisive only),COMPATIBILITY_ONLY_NOT_PRODUCTION,2066084.0486,1875084.4460,6650.6665,5558,3733,-0.00321897,-0.08024012,0.00351318,-0.00321897,-6650.6665,2066084.0486,OK,0.0000,266.0267,4.0000,96.0000,AG03-UNRESOLVED,ALL5_LEVELS_bet23_to_bet27,266.0267,266.0267,266.0267,332.5333,332.5333,4.000000,4.000000,4.000000,5.000000,5.000000,96.000000,96.000000,96.000000,95.000000,95.000000,5.0,1463.1466,1340.2806,5187.5199,5310.3859,PENDING_AG03,FALSE,NOT_FOR_ENFORCEMENT,6384.6399,1800081.0682,6650.6665,6384.6399,266.0267,0.00321897,0.00309021,266.0267,6384.6399,0.00309021,266.0267,266.0267,266.0267,332.5333,332.5333,6384.6399,0.00309021,1463.1466,1340.2806,5187.5199,5310.3859,0.00251080,0.00257027,0.00012876,371.7316,502.2996,1.7816,195.6078,18.0235,60767.1779,109.7941,191.9923,404.8606,67.659,338.295,676.59,676.59,676.59,679.3478,270.636,-67.659,2.0,2.008152,1.098839,13,83,54,7,0.08038074,0.00321897,0.08024012,0E-8,0.000000,0.907555,0.005578,-0.08375330,2026-05-19,2026-07-26,34,369,121,69,0.492754,0.474218,0.516481,0.267936,,,,,,,,GLOBAL_BASELINE_NO_ENTITY_RANKING,,,NOT_APPLICABLE_GLOBAL_BASELINE,HF9g-P5,,,,X 全窗基线 · 不参与实体赏罚,14197422,1420,A168_HF9F_20260827_0900,2026-08-27 09:00:00
2026-07-17,145604771,1299,0,1841.0326086961,-217.3913043481,-217.3913043481,0.2142857,28,14,0.39593024581813214,0.265004857143,-1.3897396883477697,-0.4299983328246025,-1.3897396883477697,0.13092538867513214,ELIGIBLE,R03b_20260811_FULL_v1,L1_ELIGIBILITY,v2026-08-11,2026-03-21..2026-08-06,baccarat_bet02_101_all_pairs_incl_sentinel,round_win = game_pnl > 0 (decisive only),COMPATIBILITY_ONLY_NOT_PRODUCTION,2066084.0486,1875084.4460,6650.6665,5558,3733,-0.00321897,-0.08024012,0.00351318,-0.00321897,-6650.6665,2066084.0486,OK,0.0000,266.0267,4.0000,96.0000,AG03-UNRESOLVED,ALL5_LEVELS_bet23_to_bet27,266.0267,266.0267,266.0267,332.5333,332.5333,4.000000,4.000000,4.000000,5.000000,5.000000,96.000000,96.000000,96.000000,95.000000,95.000000,5.0,1463.1466,1340.2806,5187.5199,5310.3859,PENDING_AG03,FALSE,NOT_FOR_ENFORCEMENT,6384.6399,1800081.0682,6650.6665,6384.6399,266.0267,0.00321897,0.00309021,266.0267,6384.6399,0.00309021,266.0267,266.0267,266.0267,332.5333,332.5333,6384.6399,0.00309021,1463.1466,1340.2806,5187.5199,5310.3859,0.00251080,0.00257027,0.00012876,371.7316,502.2996,1.7816,195.6078,18.0235,60767.1779,109.7941,191.9923,404.8606,67.659,338.295,676.59,676.59,676.59,679.3478,270.636,-67.659,2.0,2.008152,1.098839,13,83,54,7,0.08038074,0.00321897,0.08024012,0E-8,0.000000,0.907555,0.005578,-0.08375330,2026-05-19,2026-07-26,34,369,121,69,0.492754,0.474218,0.516481,0.267936,,,,,,,,GLOBAL_BASELINE_NO_ENTITY_RANKING,,,NOT_APPLICABLE_GLOBAL_BASELINE,HF9g-P5,,,,X 全窗基线 · 不参与实体赏罚,14197423,1420,A168_HF9F_20260827_0900,2026-08-27 09:00:00
2026-07-17,145604771,1323,0,468.7500000001,-203.8043478261,-203.8043478261,0.4000000,7,5,0.37952356407858680,0.315118600000,0.0943533554740363,0.4085571648730337,0.0943533554740363,0.06440496407858680,ELIGIBLE,R03b_20260811_FULL_v1,L1_ELIGIBILITY,v2026-08-11,2026-03-21..2026-08-06,baccarat_bet02_101_all_pairs_incl_sentinel,round_win = game_pnl > 0 (decisive only),COMPATIBILITY_ONLY_NOT_PRODUCTION,2066084.0486,1875084.4460,6650.6665,5558,3733,-0.00321897,-0.08024012,0.00351318,-0.00321897,-6650.6665,2066084.0486,OK,0.0000,266.0267,4.0000,96.0000,AG03-UNRESOLVED,ALL5_LEVELS_bet23_to_bet27,266.0267,266.0267,266.0267,332.5333,332.5333,4.000000,4.000000,4.000000,5.000000,5.000000,96.000000,96.000000,96.000000,95.000000,95.000000,5.0,1463.1466,1340.2806,5187.5199,5310.3859,PENDING_AG03,FALSE,NOT_FOR_ENFORCEMENT,6384.6399,1800081.0682,6650.6665,6384.6399,266.0267,0.00321897,0.00309021,266.0267,6384.6399,0.00309021,266.0267,266.0267,266.0267,332.5333,332.5333,6384.6399,0.00309021,1463.1466,1340.2806,5187.5199,5310.3859,0.00251080,0.00257027,0.00012876,371.7316,502.2996,1.7816,195.6078,18.0235,60767.1779,109.7941,191.9923,404.8606,67.659,338.295,676.59,676.59,676.59,679.3478,270.636,-67.659,2.0,2.008152,1.098839,13,83,54,7,0.08038074,0.00321897,0.08024012,0E-8,0.000000,0.907555,0.005578,-0.08375330,2026-05-19,2026-07-26,34,369,121,69,0.492754,0.474218,0.516481,0.267936,,,,,,,,GLOBAL_BASELINE_NO_ENTITY_RANKING,,,NOT_APPLICABLE_GLOBAL_BASELINE,HF9g-P5,,,,X 全窗基线 · 不参与实体赏罚,14197424,1420,A168_HF9F_20260827_0900,2026-08-27 09:00:00
2026-07-17,145604771,1363,0,258.1521739131,-125.6793478261,-125.6793478261,0.3333333,4,3,0.48241519166659392,0.423113866667,-0.5167543923799871,-0.31475245706473504,-0.5167543923799871,0.05930132499959392,ELIGIBLE,R03b_20260811_FULL_v1,L1_ELIGIBILITY,v2026-08-11,2026-03-21..2026-08-06,baccarat_bet02_101_all_pairs_incl_sentinel,round_win = game_pnl > 0 (decisive only),COMPATIBILITY_ONLY_NOT_PRODUCTION,2066084.0486,1875084.4460,6650.6665,5558,3733,-0.00321897,-0.08024012,0.00351318,-0.00321897,-6650.6665,2066084.0486,OK,0.0000,266.0267,4.0000,96.0000,AG03-UNRESOLVED,ALL5_LEVELS_bet23_to_bet27,266.0267,266.0267,266.0267,332.5333,332.5333,4.000000,4.000000,4.000000,5.000000,5.000000,96.000000,96.000000,96.000000,95.000000,95.000000,5.0,1463.1466,1340.2806,5187.5199,5310.3859,PENDING_AG03,FALSE,NOT_FOR_ENFORCEMENT,6384.6399,1800081.0682,6650.6665,6384.6399,266.0267,0.00321897,0.00309021,266.0267,6384.6399,0.00309021,266.0267,266.0267,266.0267,332.5333,332.5333,6384.6399,0.00309021,1463.1466,1340.2806,5187.5199,5310.3859,0.00251080,0.00257027,0.00012876,371.7316,502.2996,1.7816,195.6078,18.0235,60767.1779,109.7941,191.9923,404.8606,67.659,338.295,676.59,676.59,676.59,679.3478,270.636,-67.659,2.0,2.008152,1.098839,13,83,54,7,0.08038074,0.00321897,0.08024012,0E-8,0.000000,0.907555,0.005578,-0.08375330,2026-05-19,2026-07-26,34,369,121,69,0.492754,0.474218,0.516481,0.267936,,,,,,,,GLOBAL_BASELINE_NO_ENTITY_RANKING,,,NOT_APPLICABLE_GLOBAL_BASELINE,HF9g-P5,,,,X 全窗基线 · 不参与实体赏罚,14197425,1420,A168_HF9F_20260827_0900,2026-08-27 09:00:00
2026-07-17,145604771,948,0,142.6630434783,125.6793478261,125.6793478261,1.0000000,3,2,0.47838398181809525,0.381345450000,1.4767335540738584,1.8012741603384856,1.4767335540738584,0.09703853181809525,ELIGIBLE,R03b_20260811_FULL_v1,L1_ELIGIBILITY,v2026-08-11,2026-03-21..2026-08-06,baccarat_bet02_101_all_pairs_incl_sentinel,round_win = game_pnl > 0 (decisive only),COMPATIBILITY_ONLY_NOT_PRODUCTION,2066084.0486,1875084.4460,6650.6665,5558,3733,-0.00321897,-0.08024012,0.00351318,-0.00321897,-6650.6665,2066084.0486,OK,0.0000,266.0267,4.0000,96.0000,AG03-UNRESOLVED,ALL5_LEVELS_bet23_to_bet27,266.0267,266.0267,266.0267,332.5333,332.5333,4.000000,4.000000,4.000000,5.000000,5.000000,96.000000,96.000000,96.000000,95.000000,95.000000,5.0,1463.1466,1340.2806,5187.5199,5310.3859,PENDING_AG03,FALSE,NOT_FOR_ENFORCEMENT,6384.6399,1800081.0682,6650.6665,6384.6399,266.0267,0.00321897,0.00309021,266.0267,6384.6399,0.00309021,266.0267,266.0267,266.0267,332.5333,332.5333,6384.6399,0.00309021,1463.1466,1340.2806,5187.5199,5310.3859,0.00251080,0.00257027,0.00012876,371.7316,502.2996,1.7816,195.6078,18.0235,60767.1779,109.7941,191.9923,404.8606,67.659,338.295,676.59,676.59,676.59,679.3478,270.636,-67.659,2.0,2.008152,1.098839,13,83,54,7,0.08038074,0.00321897,0.08024012,0E-8,0.000000,0.907555,0.005578,-0.08375330,2026-05-19,2026-07-26,34,369,121,69,0.492754,0.474218,0.516481,0.267936,,,,,,,,GLOBAL_BASELINE_NO_ENTITY_RANKING,,,NOT_APPLICABLE_GLOBAL_BASELINE,HF9g-P5,,,,X 全窗基线 · 不参与实体赏罚,14197426,1420,A168_HF9F_20260827_0900,2026-08-27 09:00:00
2026-07-19,145604771,1205,0,1983.6956521741,-1440.2173913045,-1440.2173913045,0E-7,8,3,0.45035029044287673,0.225294883333,-1.567807903824291,-0.9340456011272302,-1.567807903824291,0.22505540710987673,ELIGIBLE,R03b_20260811_FULL_v1,L1_ELIGIBILITY,v2026-08-11,2026-03-21..2026-08-06,baccarat_bet02_101_all_pairs_incl_sentinel,round_win = game_pnl > 0 (decisive only),COMPATIBILITY_ONLY_NOT_PRODUCTION,2066084.0486,1875084.4460,6650.6665,5558,3733,-0.00321897,-0.08024012,0.00351318,-0.00321897,-6650.6665,2066084.0486,OK,0.0000,266.0267,4.0000,96.0000,AG03-UNRESOLVED,ALL5_LEVELS_bet23_to_bet27,266.0267,266.0267,266.0267,332.5333,332.5333,4.000000,4.000000,4.000000,5.000000,5.000000,96.000000,96.000000,96.000000,95.000000,95.000000,5.0,1463.1466,1340.2806,5187.5199,5310.3859,PENDING_AG03,FALSE,NOT_FOR_ENFORCEMENT,6384.6399,1800081.0682,6650.6665,6384.6399,266.0267,0.00321897,0.00309021,266.0267,6384.6399,0.00309021,266.0267,266.0267,266.0267,332.5333,332.5333,6384.6399,0.00309021,1463.1466,1340.2806,5187.5199,5310.3859,0.00251080,0.00257027,0.00012876,371.7316,502.2996,1.7816,195.6078,18.0235,60767.1779,109.7941,191.9923,404.8606,67.659,338.295,676.59,676.59,676.59,679.3478,270.636,-67.659,2.0,2.008152,1.098839,13,83,54,7,0.08038074,0.00321897,0.08024012,0E-8,0.000000,0.907555,0.005578,-0.08375330,2026-05-19,2026-07-26,34,369,121,69,0.492754,0.474218,0.516481,0.267936,,,,,,,,GLOBAL_BASELINE_NO_ENTITY_RANKING,,,NOT_APPLICABLE_GLOBAL_BASELINE,HF9g-P5,,,,X 全窗基线 · 不参与实体赏罚,14197427,1420,A168_HF9F_20260827_0900,2026-08-27 09:00:00
2026-07-19,145604771,1382,0,27.1739130435,0E-10,0E-10,,1,1,0.49324550000000000,0.493245500000,,,,0E-17,NO_DECISIVE_ROUND,R03b_20260811_FULL_v1,L1_ELIGIBILITY,v2026-08-11,2026-03-21..2026-08-06,baccarat_bet02_101_all_pairs_incl_sentinel,round_win = game_pnl > 0 (decisive only),COMPATIBILITY_ONLY_NOT_PRODUCTION,2066084.0486,1875084.4460,6650.6665,5558,3733,-0.00321897,-0.08024012,0.00351318,-0.00321897,-6650.6665,2066084.0486,OK,0.0000,266.0267,4.0000,96.0000,AG03-UNRESOLVED,ALL5_LEVELS_bet23_to_bet27,266.0267,266.0267,266.0267,332.5333,332.5333,4.000000,4.000000,4.000000,5.000000,5.000000,96.000000,96.000000,96.000000,95.000000,95.000000,5.0,1463.1466,1340.2806,5187.5199,5310.3859,PENDING_AG03,FALSE,NOT_FOR_ENFORCEMENT,6384.6399,1800081.0682,6650.6665,6384.6399,266.0267,0.00321897,0.00309021,266.0267,6384.6399,0.00309021,266.0267,266.0267,266.0267,332.5333,332.5333,6384.6399,0.00309021,1463.1466,1340.2806,5187.5199,5310.3859,0.00251080,0.00257027,0.00012876,371.7316,502.2996,1.7816,195.6078,18.0235,60767.1779,109.7941,191.9923,404.8606,67.659,338.295,676.59,676.59,676.59,679.3478,270.636,-67.659,2.0,2.008152,1.098839,13,83,54,7,0.08038074,0.00321897,0.08024012,0E-8,0.000000,0.907555,0.005578,-0.08375330,2026-05-19,2026-07-26,34,369,121,69,0.492754,0.474218,0.516481,0.267936,,,,,,,,GLOBAL_BASELINE_NO_ENTITY_RANKING,,,NOT_APPLICABLE_GLOBAL_BASELINE,HF9g-P5,,,,X 全窗基线 · 不参与实体赏罚,14197428,1420,A168_HF9F_20260827_0900,2026-08-27 09:00:00
2026-07-19,145604771,1714,0,27.1739130435,-27.1739130435,-27.1739130435,0E-7,2,1,0.06589934999994227,0.050211200000,-0.26560957585653927,-0.22992530875270223,-0.26560957585653927,0.01568814999994227,ELIGIBLE,R03b_20260811_FULL_v1,L1_ELIGIBILITY,v2026-08-11,2026-03-21..2026-08-06,baccarat_bet02_101_all_pairs_incl_sentinel,round_win = game_pnl > 0 (decisive only),COMPATIBILITY_ONLY_NOT_PRODUCTION,2066084.0486,1875084.4460,6650.6665,5558,3733,-0.00321897,-0.08024012,0.00351318,-0.00321897,-6650.6665,2066084.0486,OK,0.0000,266.0267,4.0000,96.0000,AG03-UNRESOLVED,ALL5_LEVELS_bet23_to_bet27,266.0267,266.0267,266.0267,332.5333,332.5333,4.000000,4.000000,4.000000,5.000000,5.000000,96.000000,96.000000,96.000000,95.000000,95.000000,5.0,1463.1466,1340.2806,5187.5199,5310.3859,PENDING_AG03,FALSE,NOT_FOR_ENFORCEMENT,6384.6399,1800081.0682,6650.6665,6384.6399,266.0267,0.00321897,0.00309021,266.0267,6384.6399,0.00309021,266.0267,266.0267,266.0267,332.5333,332.5333,6384.6399,0.00309021,1463.1466,1340.2806,5187.5199,5310.3859,0.00251080,0.00257027,0.00012876,371.7316,502.2996,1.7816,195.6078,18.0235,60767.1779,109.7941,191.9923,404.8606,67.659,338.295,676.59,676.59,676.59,679.3478,270.636,-67.659,2.0,2.008152,1.098839,13,83,54,7,0.08038074,0.00321897,0.08024012,0E-8,0.000000,0.907555,0.005578,-0.08375330,2026-05-19,2026-07-26,34,369,121,69,0.492754,0.474218,0.516481,0.267936,,,,,,,,GLOBAL_BASELINE_NO_ENTITY_RANKING,,,NOT_APPLICABLE_GLOBAL_BASELINE,HF9g-P5,,,,X 全窗基线 · 不参与实体赏罚,14197429,1420,A168_HF9F_20260827_0900,2026-08-27 09:00:00
2026-07-19,145604771,1942,0,1942.9347826088,-81.5217391306,-81.5217391306,0.4444444,14,9,0.48184187176205015,0.361464777778,-0.2245326775179983,0.5181643370151953,-0.2245326775179983,0.12037709398405015,ELIGIBLE,R03b_20260811_FULL_v1,L1_ELIGIBILITY,v2026-08-11,2026-03-21..2026-08-06,baccarat_bet02_101_all_pairs_incl_sentinel,round_win = game_pnl > 0 (decisive only),COMPATIBILITY_ONLY_NOT_PRODUCTION,2066084.0486,1875084.4460,6650.6665,5558,3733,-0.00321897,-0.08024012,0.00351318,-0.00321897,-6650.6665,2066084.0486,OK,0.0000,266.0267,4.0000,96.0000,AG03-UNRESOLVED,ALL5_LEVELS_bet23_to_bet27,266.0267,266.0267,266.0267,332.5333,332.5333,4.000000,4.000000,4.000000,5.000000,5.000000,96.000000,96.000000,96.000000,95.000000,95.000000,5.0,1463.1466,1340.2806,5187.5199,5310.3859,PENDING_AG03,FALSE,NOT_FOR_ENFORCEMENT,6384.6399,1800081.0682,6650.6665,6384.6399,266.0267,0.00321897,0.00309021,266.0267,6384.6399,0.00309021,266.0267,266.0267,266.0267,332.5333,332.5333,6384.6399,0.00309021,1463.1466,1340.2806,5187.5199,5310.3859,0.00251080,0.00257027,0.00012876,371.7316,502.2996,1.7816,195.6078,18.0235,60767.1779,109.7941,191.9923,404.8606,67.659,338.295,676.59,676.59,676.59,679.3478,270.636,-67.659,2.0,2.008152,1.098839,13,83,54,7,0.08038074,0.00321897,0.08024012,0E-8,0.000000,0.907555,0.005578,-0.08375330,2026-05-19,2026-07-26,34,369,121,69,0.492754,0.474218,0.516481,0.267936,,,,,,,,GLOBAL_BASELINE_NO_ENTITY_RANKING,,,NOT_APPLICABLE_GLOBAL_BASELINE,HF9g-P5,,,,X 全窗基线 · 不参与实体赏罚,14197430,1420,A168_HF9F_20260827_0900,2026-08-27 09:00:00
2026-07-19,145604771,2153,0,197.0108695653,-88.3152173914,-88.3152173914,0.3333333,7,4,0.39414989448045918,0.321357987500,-0.21556050163071086,0.04441541978148195,-0.21556050163071086,0.07279190698045918,ELIGIBLE,R03b_20260811_FULL_v1,L1_ELIGIBILITY,v2026-08-11,2026-03-21..2026-08-06,baccarat_bet02_101_all_pairs_incl_sentinel,round_win = game_pnl > 0 (decisive only),COMPATIBILITY_ONLY_NOT_PRODUCTION,2066084.0486,1875084.4460,6650.6665,5558,3733,-0.00321897,-0.08024012,0.00351318,-0.00321897,-6650.6665,2066084.0486,OK,0.0000,266.0267,4.0000,96.0000,AG03-UNRESOLVED,ALL5_LEVELS_bet23_to_bet27,266.0267,266.0267,266.0267,332.5333,332.5333,4.000000,4.000000,4.000000,5.000000,5.000000,96.000000,96.000000,96.000000,95.000000,95.000000,5.0,1463.1466,1340.2806,5187.5199,5310.3859,PENDING_AG03,FALSE,NOT_FOR_ENFORCEMENT,6384.6399,1800081.0682,6650.6665,6384.6399,266.0267,0.00321897,0.00309021,266.0267,6384.6399,0.00309021,266.0267,266.0267,266.0267,332.5333,332.5333,6384.6399,0.00309021,1463.1466,1340.2806,5187.5199,5310.3859,0.00251080,0.00257027,0.00012876,371.7316,502.2996,1.7816,195.6078,18.0235,60767.1779,109.7941,191.9923,404.8606,67.659,338.295,676.59,676.59,676.59,679.3478,270.636,-67.659,2.0,2.008152,1.098839,13,83,54,7,0.08038074,0.00321897,0.08024012,0E-8,0.000000,0.907555,0.005578,-0.08375330,2026-05-19,2026-07-26,34,369,121,69,0.492754,0.474218,0.516481,0.267936,,,,,,,,GLOBAL_BASELINE_NO_ENTITY_RANKING,,,NOT_APPLICABLE_GLOBAL_BASELINE,HF9g-P5,,,,X 全窗基线 · 不参与实体赏罚,14197431,1420,A168_HF9F_20260827_0900,2026-08-27 09:00:00
2026-07-19,145604771,2155,0,1304.3478260871,258.1521739130,258.1521739130,0.5000000,11,6,0.43501156864883558,0.333438766667,0.3211008820475578,0.8654091482324879,0.3211008820475578,0.10157280198183558,ELIGIBLE,R03b_20260811_FULL_v1,L1_ELIGIBILITY,v2026-08-11,2026-03-21..2026-08-06,baccarat_bet02_101_all_pairs_incl_sentinel,round_win = game_pnl > 0 (decisive only),COMPATIBILITY_ONLY_NOT_PRODUCTION,2066084.0486,1875084.4460,6650.6665,5558,3733,-0.00321897,-0.08024012,0.00351318,-0.00321897,-6650.6665,2066084.0486,OK,0.0000,266.0267,4.0000,96.0000,AG03-UNRESOLVED,ALL5_LEVELS_bet23_to_bet27,266.0267,266.0267,266.0267,332.5333,332.5333,4.000000,4.000000,4.000000,5.000000,5.000000,96.000000,96.000000,96.000000,95.000000,95.000000,5.0,1463.1466,1340.2806,5187.5199,5310.3859,PENDING_AG03,FALSE,NOT_FOR_ENFORCEMENT,6384.6399,1800081.0682,6650.6665,6384.6399,266.0267,0.00321897,0.00309021,266.0267,6384.6399,0.00309021,266.0267,266.0267,266.0267,332.5333,332.5333,6384.6399,0.00309021,1463.1466,1340.2806,5187.5199,5310.3859,0.00251080,0.00257027,0.00012876,371.7316,502.2996,1.7816,195.6078,18.0235,60767.1779,109.7941,191.9923,404.8606,67.659,338.295,676.59,676.59,676.59,679.3478,270.636,-67.659,2.0,2.008152,1.098839,13,83,54,7,0.08038074,0.00321897,0.08024012,0E-8,0.000000,0.907555,0.005578,-0.08375330,2026-05-19,2026-07-26,34,369,121,69,0.492754,0.474218,0.516481,0.267936,,,,,,,,GLOBAL_BASELINE_NO_ENTITY_RANKING,,,NOT_APPLICABLE_GLOBAL_BASELINE,HF9g-P5,,,,X 全窗基线 · 不参与实体赏罚,14197432,1420,A168_HF9F_20260827_0900,2026-08-27 09:00:00
2026-07-19,145604771,526,0,4497.2826086960,-302.3097826088,-302.3097826088,0.6000000,19,10,0.46592135752597370,0.307292510000,0.8499643083927957,2.006240098808463,0.8499643083927957,0.15862884752597370,ELIGIBLE,R03b_20260811_FULL_v1,L1_ELIGIBILITY,v2026-08-11,2026-03-21..2026-08-06,baccarat_bet02_101_all_pairs_incl_sentinel,round_win = game_pnl > 0 (decisive only),COMPATIBILITY_ONLY_NOT_PRODUCTION,2066084.0486,1875084.4460,6650.6665,5558,3733,-0.00321897,-0.08024012,0.00351318,-0.00321897,-6650.6665,2066084.0486,OK,0.0000,266.0267,4.0000,96.0000,AG03-UNRESOLVED,ALL5_LEVELS_bet23_to_bet27,266.0267,266.0267,266.0267,332.5333,332.5333,4.000000,4.000000,4.000000,5.000000,5.000000,96.000000,96.000000,96.000000,95.000000,95.000000,5.0,1463.1466,1340.2806,5187.5199,5310.3859,PENDING_AG03,FALSE,NOT_FOR_ENFORCEMENT,6384.6399,1800081.0682,6650.6665,6384.6399,266.0267,0.00321897,0.00309021,266.0267,6384.6399,0.00309021,266.0267,266.0267,266.0267,332.5333,332.5333,6384.6399,0.00309021,1463.1466,1340.2806,5187.5199,5310.3859,0.00251080,0.00257027,0.00012876,371.7316,502.2996,1.7816,195.6078,18.0235,60767.1779,109.7941,191.9923,404.8606,67.659,338.295,676.59,676.59,676.59,679.3478,270.636,-67.659,2.0,2.008152,1.098839,13,83,54,7,0.08038074,0.00321897,0.08024012,0E-8,0.000000,0.907555,0.005578,-0.08375330,2026-05-19,2026-07-26,34,369,121,69,0.492754,0.474218,0.516481,0.267936,,,,,,,,GLOBAL_BASELINE_NO_ENTITY_RANKING,,,NOT_APPLICABLE_GLOBAL_BASELINE,HF9g-P5,,,,X 全窗基线 · 不参与实体赏罚,14197433,1420,A168_HF9F_20260827_0900,2026-08-27 09:00:00
2026-07-19,145604771,595,0,10869.5652173921,-1409.6467391309,-1409.6467391309,0.4736842,42,19,0.45136059547152501,0.277086441228,0.19554017809032959,1.914716869789139,0.19554017809032959,0.17427415424352501,ELIGIBLE,R03b_20260811_FULL_v1,L1_ELIGIBILITY,v2026-08-11,2026-03-21..2026-08-06,baccarat_bet02_101_all_pairs_incl_sentinel,round_win = game_pnl > 0 (decisive only),COMPATIBILITY_ONLY_NOT_PRODUCTION,2066084.0486,1875084.4460,6650.6665,5558,3733,-0.00321897,-0.08024012,0.00351318,-0.00321897,-6650.6665,2066084.0486,OK,0.0000,266.0267,4.0000,96.0000,AG03-UNRESOLVED,ALL5_LEVELS_bet23_to_bet27,266.0267,266.0267,266.0267,332.5333,332.5333,4.000000,4.000000,4.000000,5.000000,5.000000,96.000000,96.000000,96.000000,95.000000,95.000000,5.0,1463.1466,1340.2806,5187.5199,5310.3859,PENDING_AG03,FALSE,NOT_FOR_ENFORCEMENT,6384.6399,1800081.0682,6650.6665,6384.6399,266.0267,0.00321897,0.00309021,266.0267,6384.6399,0.00309021,266.0267,266.0267,266.0267,332.5333,332.5333,6384.6399,0.00309021,1463.1466,1340.2806,5187.5199,5310.3859,0.00251080,0.00257027,0.00012876,371.7316,502.2996,1.7816,195.6078,18.0235,60767.1779,109.7941,191.9923,404.8606,67.659,338.295,676.59,676.59,676.59,679.3478,270.636,-67.659,2.0,2.008152,1.098839,13,83,54,7,0.08038074,0.00321897,0.08024012,0E-8,0.000000,0.907555,0.005578,-0.08375330,2026-05-19,2026-07-26,34,369,121,69,0.492754,0.474218,0.516481,0.267936,,,,,,,,GLOBAL_BASELINE_NO_ENTITY_RANKING,,,NOT_APPLICABLE_GLOBAL_BASELINE,HF9g-P5,,,,X 全窗基线 · 不参与实体赏罚,14197434,1420,A168_HF9F_20260827_0900,2026-08-27 09:00:00
2026-07-19,145604771,948,0,1501.3586956523,-176.6304347827,-176.6304347827,0.4000000,11,5,0.38092848076189400,0.265124790000,0.0878169112865656,0.6832586973632608,0.0878169112865656,0.11580369076189400,ELIGIBLE,R03b_20260811_FULL_v1,L1_ELIGIBILITY,v2026-08-11,2026-03-21..2026-08-06,baccarat_bet02_101_all_pairs_incl_sentinel,round_win = game_pnl > 0 (decisive only),COMPATIBILITY_ONLY_NOT_PRODUCTION,2066084.0486,1875084.4460,6650.6665,5558,3733,-0.00321897,-0.08024012,0.00351318,-0.00321897,-6650.6665,2066084.0486,OK,0.0000,266.0267,4.0000,96.0000,AG03-UNRESOLVED,ALL5_LEVELS_bet23_to_bet27,266.0267,266.0267,266.0267,332.5333,332.5333,4.000000,4.000000,4.000000,5.000000,5.000000,96.000000,96.000000,96.000000,95.000000,95.000000,5.0,1463.1466,1340.2806,5187.5199,5310.3859,PENDING_AG03,FALSE,NOT_FOR_ENFORCEMENT,6384.6399,1800081.0682,6650.6665,6384.6399,266.0267,0.00321897,0.00309021,266.0267,6384.6399,0.00309021,266.0267,266.0267,266.0267,332.5333,332.5333,6384.6399,0.00309021,1463.1466,1340.2806,5187.5199,5310.3859,0.00251080,0.00257027,0.00012876,371.7316,502.2996,1.7816,195.6078,18.0235,60767.1779,109.7941,191.9923,404.8606,67.659,338.295,676.59,676.59,676.59,679.3478,270.636,-67.659,2.0,2.008152,1.098839,13,83,54,7,0.08038074,0.00321897,0.08024012,0E-8,0.000000,0.907555,0.005578,-0.08375330,2026-05-19,2026-07-26,34,369,121,69,0.492754,0.474218,0.516481,0.267936,,,,,,,,GLOBAL_BASELINE_NO_ENTITY_RANKING,,,NOT_APPLICABLE_GLOBAL_BASELINE,HF9g-P5,,,,X 全窗基线 · 不参与实体赏罚,14197435,1420,A168_HF9F_20260827_0900,2026-08-27 09:00:00
2026-07-20,145604771,1151,0,1589.6739130436,-61.1413043480,-61.1413043480,0.5555556,17,13,0.46005190998259015,0.430031103846,0.5748595900870493,0.760631094112846,0.5748595900870493,0.03002080613659015,ELIGIBLE,R03b_20260811_FULL_v1,L1_ELIGIBILITY,v2026-08-11,2026-03-21..2026-08-06,baccarat_bet02_101_all_pairs_incl_sentinel,round_win = game_pnl > 0 (decisive only),COMPATIBILITY_ONLY_NOT_PRODUCTION,2066084.0486,1875084.4460,6650.6665,5558,3733,-0.00321897,-0.08024012,0.00351318,-0.00321897,-6650.6665,2066084.0486,OK,0.0000,266.0267,4.0000,96.0000,AG03-UNRESOLVED,ALL5_LEVELS_bet23_to_bet27,266.0267,266.0267,266.0267,332.5333,332.5333,4.000000,4.000000,4.000000,5.000000,5.000000,96.000000,96.000000,96.000000,95.000000,95.000000,5.0,1463.1466,1340.2806,5187.5199,5310.3859,PENDING_AG03,FALSE,NOT_FOR_ENFORCEMENT,6384.6399,1800081.0682,6650.6665,6384.6399,266.0267,0.00321897,0.00309021,266.0267,6384.6399,0.00309021,266.0267,266.0267,266.0267,332.5333,332.5333,6384.6399,0.00309021,1463.1466,1340.2806,5187.5199,5310.3859,0.00251080,0.00257027,0.00012876,371.7316,502.2996,1.7816,195.6078,18.0235,60767.1779,109.7941,191.9923,404.8606,67.659,338.295,676.59,676.59,676.59,679.3478,270.636,-67.659,2.0,2.008152,1.098839,13,83,54,7,0.08038074,0.00321897,0.08024012,0E-8,0.000000,0.907555,0.005578,-0.08375330,2026-05-19,2026-07-26,34,369,121,69,0.492754,0.474218,0.516481,0.267936,,,,,,,,GLOBAL_BASELINE_NO_ENTITY_RANKING,,,NOT_APPLICABLE_GLOBAL_BASELINE,HF9g-P5,,,,X 全窗基线 · 不参与实体赏罚,14197436,1420,A168_HF9F_20260827_0900,2026-08-27 09:00:00
2026-07-20,145604771,1304,0,5441.5760869569,-1909.9864130438,-1909.9864130438,0.3571429,23,14,0.40921261954265629,0.353314192857,-0.39624108088055066,0.029969817503593715,-0.39624108088055066,0.05589842668565629,ELIGIBLE,R03b_20260811_FULL_v1,L1_ELIGIBILITY,v2026-08-11,2026-03-21..2026-08-06,baccarat_bet02_101_all_pairs_incl_sentinel,round_win = game_pnl > 0 (decisive only),COMPATIBILITY_ONLY_NOT_PRODUCTION,2066084.0486,1875084.4460,6650.6665,5558,3733,-0.00321897,-0.08024012,0.00351318,-0.00321897,-6650.6665,2066084.0486,OK,0.0000,266.0267,4.0000,96.0000,AG03-UNRESOLVED,ALL5_LEVELS_bet23_to_bet27,266.0267,266.0267,266.0267,332.5333,332.5333,4.000000,4.000000,4.000000,5.000000,5.000000,96.000000,96.000000,96.000000,95.000000,95.000000,5.0,1463.1466,1340.2806,5187.5199,5310.3859,PENDING_AG03,FALSE,NOT_FOR_ENFORCEMENT,6384.6399,1800081.0682,6650.6665,6384.6399,266.0267,0.00321897,0.00309021,266.0267,6384.6399,0.00309021,266.0267,266.0267,266.0267,332.5333,332.5333,6384.6399,0.00309021,1463.1466,1340.2806,5187.5199,5310.3859,0.00251080,0.00257027,0.00012876,371.7316,502.2996,1.7816,195.6078,18.0235,60767.1779,109.7941,191.9923,404.8606,67.659,338.295,676.59,676.59,676.59,679.3478,270.636,-67.659,2.0,2.008152,1.098839,13,83,54,7,0.08038074,0.00321897,0.08024012,0E-8,0.000000,0.907555,0.005578,-0.08375330,2026-05-19,2026-07-26,34,369,121,69,0.492754,0.474218,0.516481,0.267936,,,,,,,,GLOBAL_BASELINE_NO_ENTITY_RANKING,,,NOT_APPLICABLE_GLOBAL_BASELINE,HF9g-P5,,,,X 全窗基线 · 不参与实体赏罚,14197437,1420,A168_HF9F_20260827_0900,2026-08-27 09:00:00
2026-07-20,145604771,1383,0,1983.6956521741,2231.6576086956,2231.6576086956,0.5000000,18,11,0.41684437900431548,0.369762872727,0.5333501275882963,0.8531416903375864,0.5333501275882963,0.04708150627731548,ELIGIBLE,R03b_20260811_FULL_v1,L1_ELIGIBILITY,v2026-08-11,2026-03-21..2026-08-06,baccarat_bet02_101_all_pairs_incl_sentinel,round_win = game_pnl > 0 (decisive only),COMPATIBILITY_ONLY_NOT_PRODUCTION,2066084.0486,1875084.4460,6650.6665,5558,3733,-0.00321897,-0.08024012,0.00351318,-0.00321897,-6650.6665,2066084.0486,OK,0.0000,266.0267,4.0000,96.0000,AG03-UNRESOLVED,ALL5_LEVELS_bet23_to_bet27,266.0267,266.0267,266.0267,332.5333,332.5333,4.000000,4.000000,4.000000,5.000000,5.000000,96.000000,96.000000,96.000000,95.000000,95.000000,5.0,1463.1466,1340.2806,5187.5199,5310.3859,PENDING_AG03,FALSE,NOT_FOR_ENFORCEMENT,6384.6399,1800081.0682,6650.6665,6384.6399,266.0267,0.00321897,0.00309021,266.0267,6384.6399,0.00309021,266.0267,266.0267,266.0267,332.5333,332.5333,6384.6399,0.00309021,1463.1466,1340.2806,5187.5199,5310.3859,0.00251080,0.00257027,0.00012876,371.7316,502.2996,1.7816,195.6078,18.0235,60767.1779,109.7941,191.9923,404.8606,67.659,338.295,676.59,676.59,676.59,679.3478,270.636,-67.659,2.0,2.008152,1.098839,13,83,54,7,0.08038074,0.00321897,0.08024012,0E-8,0.000000,0.907555,0.005578,-0.08375330,2026-05-19,2026-07-26,34,369,121,69,0.492754,0.474218,0.516481,0.267936,,,,,,,,GLOBAL_BASELINE_NO_ENTITY_RANKING,,,NOT_APPLICABLE_GLOBAL_BASELINE,HF9g-P5,,,,X 全窗基线 · 不参与实体赏罚,14197438,1420,A168_HF9F_20260827_0900,2026-08-27 09:00:00
2026-07-20,145604771,1405,0,747.2826086957,-747.2826086957,-747.2826086957,0E-7,2,1,0.45582204545454545,0.287416500000,-0.9152235590037828,-0.6350939377956173,-0.9152235590037828,0.16840554545454545,ELIGIBLE,R03b_20260811_FULL_v1,L1_ELIGIBILITY,v2026-08-11,2026-03-21..2026-08-06,baccarat_bet02_101_all_pairs_incl_sentinel,round_win = game_pnl > 0 (decisive only),COMPATIBILITY_ONLY_NOT_PRODUCTION,2066084.0486,1875084.4460,6650.6665,5558,3733,-0.00321897,-0.08024012,0.00351318,-0.00321897,-6650.6665,2066084.0486,OK,0.0000,266.0267,4.0000,96.0000,AG03-UNRESOLVED,ALL5_LEVELS_bet23_to_bet27,266.0267,266.0267,266.0267,332.5333,332.5333,4.000000,4.000000,4.000000,5.000000,5.000000,96.000000,96.000000,96.000000,95.000000,95.000000,5.0,1463.1466,1340.2806,5187.5199,5310.3859,PENDING_AG03,FALSE,NOT_FOR_ENFORCEMENT,6384.6399,1800081.0682,6650.6665,6384.6399,266.0267,0.00321897,0.00309021,266.0267,6384.6399,0.00309021,266.0267,266.0267,266.0267,332.5333,332.5333,6384.6399,0.00309021,1463.1466,1340.2806,5187.5199,5310.3859,0.00251080,0.00257027,0.00012876,371.7316,502.2996,1.7816,195.6078,18.0235,60767.1779,109.7941,191.9923,404.8606,67.659,338.295,676.59,676.59,676.59,679.3478,270.636,-67.659,2.0,2.008152,1.098839,13,83,54,7,0.08038074,0.00321897,0.08024012,0E-8,0.000000,0.907555,0.005578,-0.08375330,2026-05-19,2026-07-26,34,369,121,69,0.492754,0.474218,0.516481,0.267936,,,,,,,,GLOBAL_BASELINE_NO_ENTITY_RANKING,,,NOT_APPLICABLE_GLOBAL_BASELINE,HF9g-P5,,,,X 全窗基线 · 不参与实体赏罚,14197439,1420,A168_HF9F_20260827_0900,2026-08-27 09:00:00
2026-07-20,145604771,1646,0,740.4891304348,-740.4891304348,-740.4891304348,0E-7,4,2,0.41940966462584617,0.283761275000,-1.2019857353172803,-0.8901489052571354,-1.2019857353172803,0.13564838962584617,ELIGIBLE,R03b_20260811_FULL_v1,L1_ELIGIBILITY,v2026-08-11,2026-03-21..2026-08-06,baccarat_bet02_101_all_pairs_incl_sentinel,round_win = game_pnl > 0 (decisive only),COMPATIBILITY_ONLY_NOT_PRODUCTION,2066084.0486,1875084.4460,6650.6665,5558,3733,-0.00321897,-0.08024012,0.00351318,-0.00321897,-6650.6665,2066084.0486,OK,0.0000,266.0267,4.0000,96.0000,AG03-UNRESOLVED,ALL5_LEVELS_bet23_to_bet27,266.0267,266.0267,266.0267,332.5333,332.5333,4.000000,4.000000,4.000000,5.000000,5.000000,96.000000,96.000000,96.000000,95.000000,95.000000,5.0,1463.1466,1340.2806,5187.5199,5310.3859,PENDING_AG03,FALSE,NOT_FOR_ENFORCEMENT,6384.6399,1800081.0682,6650.6665,6384.6399,266.0267,0.00321897,0.00309021,266.0267,6384.6399,0.00309021,266.0267,266.0267,266.0267,332.5333,332.5333,6384.6399,0.00309021,1463.1466,1340.2806,5187.5199,5310.3859,0.00251080,0.00257027,0.00012876,371.7316,502.2996,1.7816,195.6078,18.0235,60767.1779,109.7941,191.9923,404.8606,67.659,338.295,676.59,676.59,676.59,679.3478,270.636,-67.659,2.0,2.008152,1.098839,13,83,54,7,0.08038074,0.00321897,0.08024012,0E-8,0.000000,0.907555,0.005578,-0.08375330,2026-05-19,2026-07-26,34,369,121,69,0.492754,0.474218,0.516481,0.267936,,,,,,,,GLOBAL_BASELINE_NO_ENTITY_RANKING,,,NOT_APPLICABLE_GLOBAL_BASELINE,HF9g-P5,,,,X 全窗基线 · 不参与实体赏罚,14197440,1420,A168_HF9F_20260827_0900,2026-08-27 09:00:00
2026-07-20,145604771,1654,0,11209.2391304355,-1596.4673913047,-1596.4673913047,0.3636364,40,22,0.43041236189575303,0.305668765909,-0.6325707173504267,0.5901844469369733,-0.6325707173504267,0.12474359598675303,ELIGIBLE,R03b_20260811_FULL_v1,L1_ELIGIBILITY,v2026-08-11,2026-03-21..2026-08-06,baccarat_bet02_101_all_pairs_incl_sentinel,round_win = game_pnl > 0 (decisive only),COMPATIBILITY_ONLY_NOT_PRODUCTION,2066084.0486,1875084.4460,6650.6665,5558,3733,-0.00321897,-0.08024012,0.00351318,-0.00321897,-6650.6665,2066084.0486,OK,0.0000,266.0267,4.0000,96.0000,AG03-UNRESOLVED,ALL5_LEVELS_bet23_to_bet27,266.0267,266.0267,266.0267,332.5333,332.5333,4.000000,4.000000,4.000000,5.000000,5.000000,96.000000,96.000000,96.000000,95.000000,95.000000,5.0,1463.1466,1340.2806,5187.5199,5310.3859,PENDING_AG03,FALSE,NOT_FOR_ENFORCEMENT,6384.6399,1800081.0682,6650.6665,6384.6399,266.0267,0.00321897,0.00309021,266.0267,6384.6399,0.00309021,266.0267,266.0267,266.0267,332.5333,332.5333,6384.6399,0.00309021,1463.1466,1340.2806,5187.5199,5310.3859,0.00251080,0.00257027,0.00012876,371.7316,502.2996,1.7816,195.6078,18.0235,60767.1779,109.7941,191.9923,404.8606,67.659,338.295,676.59,676.59,676.59,679.3478,270.636,-67.659,2.0,2.008152,1.098839,13,83,54,7,0.08038074,0.00321897,0.08024012,0E-8,0.000000,0.907555,0.005578,-0.08375330,2026-05-19,2026-07-26,34,369,121,69,0.492754,0.474218,0.516481,0.267936,,,,,,,,GLOBAL_BASELINE_NO_ENTITY_RANKING,,,NOT_APPLICABLE_GLOBAL_BASELINE,HF9g-P5,,,,X 全窗基线 · 不参与实体赏罚,14197441,1420,A168_HF9F_20260827_0900,2026-08-27 09:00:00
2026-07-20,145604771,1710,0,434.7826086956,-169.8369565217,-169.8369565217,0.3333333,8,3,0.40340307102569240,0.223670338889,-0.24738935727656045,0.45582006658552393,-0.24738935727656045,0.17973273213669240,ELIGIBLE,R03b_20260811_FULL_v1,L1_ELIGIBILITY,v2026-08-11,2026-03-21..2026-08-06,baccarat_bet02_101_all_pairs_incl_sentinel,round_win = game_pnl > 0 (decisive only),COMPATIBILITY_ONLY_NOT_PRODUCTION,2066084.0486,1875084.4460,6650.6665,5558,3733,-0.00321897,-0.08024012,0.00351318,-0.00321897,-6650.6665,2066084.0486,OK,0.0000,266.0267,4.0000,96.0000,AG03-UNRESOLVED,ALL5_LEVELS_bet23_to_bet27,266.0267,266.0267,266.0267,332.5333,332.5333,4.000000,4.000000,4.000000,5.000000,5.000000,96.000000,96.000000,96.000000,95.000000,95.000000,5.0,1463.1466,1340.2806,5187.5199,5310.3859,PENDING_AG03,FALSE,NOT_FOR_ENFORCEMENT,6384.6399,1800081.0682,6650.6665,6384.6399,266.0267,0.00321897,0.00309021,266.0267,6384.6399,0.00309021,266.0267,266.0267,266.0267,332.5333,332.5333,6384.6399,0.00309021,1463.1466,1340.2806,5187.5199,5310.3859,0.00251080,0.00257027,0.00012876,371.7316,502.2996,1.7816,195.6078,18.0235,60767.1779,109.7941,191.9923,404.8606,67.659,338.295,676.59,676.59,676.59,679.3478,270.636,-67.659,2.0,2.008152,1.098839,13,83,54,7,0.08038074,0.00321897,0.08024012,0E-8,0.000000,0.907555,0.005578,-0.08375330,2026-05-19,2026-07-26,34,369,121,69,0.492754,0.474218,0.516481,0.267936,,,,,,,,GLOBAL_BASELINE_NO_ENTITY_RANKING,,,NOT_APPLICABLE_GLOBAL_BASELINE,HF9g-P5,,,,X 全窗基线 · 不参与实体赏罚,14197442,1420,A168_HF9F_20260827_0900,2026-08-27 09:00:00
2026-07-20,145604771,1941,0,20604.6195652187,-2499.6603260878,-2499.6603260878,0.5000000,64,37,0.46623951983807619,0.342460334234,0.40605243211851116,1.9919345007105704,0.40605243211851116,0.12377918560407619,ELIGIBLE,R03b_20260811_FULL_v1,L1_ELIGIBILITY,v2026-08-11,2026-03-21..2026-08-06,baccarat_bet02_101_all_pairs_incl_sentinel,round_win = game_pnl > 0 (decisive only),COMPATIBILITY_ONLY_NOT_PRODUCTION,2066084.0486,1875084.4460,6650.6665,5558,3733,-0.00321897,-0.08024012,0.00351318,-0.00321897,-6650.6665,2066084.0486,OK,0.0000,266.0267,4.0000,96.0000,AG03-UNRESOLVED,ALL5_LEVELS_bet23_to_bet27,266.0267,266.0267,266.0267,332.5333,332.5333,4.000000,4.000000,4.000000,5.000000,5.000000,96.000000,96.000000,96.000000,95.000000,95.000000,5.0,1463.1466,1340.2806,5187.5199,5310.3859,PENDING_AG03,FALSE,NOT_FOR_ENFORCEMENT,6384.6399,1800081.0682,6650.6665,6384.6399,266.0267,0.00321897,0.00309021,266.0267,6384.6399,0.00309021,266.0267,266.0267,266.0267,332.5333,332.5333,6384.6399,0.00309021,1463.1466,1340.2806,5187.5199,5310.3859,0.00251080,0.00257027,0.00012876,371.7316,502.2996,1.7816,195.6078,18.0235,60767.1779,109.7941,191.9923,404.8606,67.659,338.295,676.59,676.59,676.59,679.3478,270.636,-67.659,2.0,2.008152,1.098839,13,83,54,7,0.08038074,0.00321897,0.08024012,0E-8,0.000000,0.907555,0.005578,-0.08375330,2026-05-19,2026-07-26,34,369,121,69,0.492754,0.474218,0.516481,0.267936,,,,,,,,GLOBAL_BASELINE_NO_ENTITY_RANKING,,,NOT_APPLICABLE_GLOBAL_BASELINE,HF9g-P5,,,,X 全窗基线 · 不参与实体赏罚,14197443,1420,A168_HF9F_20260827_0900,2026-08-27 09:00:00
2026-07-20,145604771,1947,0,2391.3043478263,2595.1086956520,2595.1086956520,0.5555556,16,9,0.43054979764484131,0.326725883333,0.7573762839798351,1.4636790726769349,0.7573762839798351,0.10382391431184131,ELIGIBLE,R03b_20260811_FULL_v1,L1_ELIGIBILITY,v2026-08-11,2026-03-21..2026-08-06,baccarat_bet02_101_all_pairs_incl_sentinel,round_win = game_pnl > 0 (decisive only),COMPATIBILITY_ONLY_NOT_PRODUCTION,2066084.0486,1875084.4460,6650.6665,5558,3733,-0.00321897,-0.08024012,0.00351318,-0.00321897,-6650.6665,2066084.0486,OK,0.0000,266.0267,4.0000,96.0000,AG03-UNRESOLVED,ALL5_LEVELS_bet23_to_bet27,266.0267,266.0267,266.0267,332.5333,332.5333,4.000000,4.000000,4.000000,5.000000,5.000000,96.000000,96.000000,96.000000,95.000000,95.000000,5.0,1463.1466,1340.2806,5187.5199,5310.3859,PENDING_AG03,FALSE,NOT_FOR_ENFORCEMENT,6384.6399,1800081.0682,6650.6665,6384.6399,266.0267,0.00321897,0.00309021,266.0267,6384.6399,0.00309021,266.0267,266.0267,266.0267,332.5333,332.5333,6384.6399,0.00309021,1463.1466,1340.2806,5187.5199,5310.3859,0.00251080,0.00257027,0.00012876,371.7316,502.2996,1.7816,195.6078,18.0235,60767.1779,109.7941,191.9923,404.8606,67.659,338.295,676.59,676.59,676.59,679.3478,270.636,-67.659,2.0,2.008152,1.098839,13,83,54,7,0.08038074,0.00321897,0.08024012,0E-8,0.000000,0.907555,0.005578,-0.08375330,2026-05-19,2026-07-26,34,369,121,69,0.492754,0.474218,0.516481,0.267936,,,,,,,,GLOBAL_BASELINE_NO_ENTITY_RANKING,,,NOT_APPLICABLE_GLOBAL_BASELINE,HF9g-P5,,,,X 全窗基线 · 不参与实体赏罚,14197444,1420,A168_HF9F_20260827_0900,2026-08-27 09:00:00
2026-07-20,145604771,2108,0,3967.3913043482,608.0163043477,608.0163043477,0.5454545,22,12,0.44497699776088170,0.338008475000,0.6705653332043481,1.4544926991206661,0.6705653332043481,0.10696852276088170,ELIGIBLE,R03b_20260811_FULL_v1,L1_ELIGIBILITY,v2026-08-11,2026-03-21..2026-08-06,baccarat_bet02_101_all_pairs_incl_sentinel,round_win = game_pnl > 0 (decisive only),COMPATIBILITY_ONLY_NOT_PRODUCTION,2066084.0486,1875084.4460,6650.6665,5558,3733,-0.00321897,-0.08024012,0.00351318,-0.00321897,-6650.6665,2066084.0486,OK,0.0000,266.0267,4.0000,96.0000,AG03-UNRESOLVED,ALL5_LEVELS_bet23_to_bet27,266.0267,266.0267,266.0267,332.5333,332.5333,4.000000,4.000000,4.000000,5.000000,5.000000,96.000000,96.000000,96.000000,95.000000,95.000000,5.0,1463.1466,1340.2806,5187.5199,5310.3859,PENDING_AG03,FALSE,NOT_FOR_ENFORCEMENT,6384.6399,1800081.0682,6650.6665,6384.6399,266.0267,0.00321897,0.00309021,266.0267,6384.6399,0.00309021,266.0267,266.0267,266.0267,332.5333,332.5333,6384.6399,0.00309021,1463.1466,1340.2806,5187.5199,5310.3859,0.00251080,0.00257027,0.00012876,371.7316,502.2996,1.7816,195.6078,18.0235,60767.1779,109.7941,191.9923,404.8606,67.659,338.295,676.59,676.59,676.59,679.3478,270.636,-67.659,2.0,2.008152,1.098839,13,83,54,7,0.08038074,0.00321897,0.08024012,0E-8,0.000000,0.907555,0.005578,-0.08375330,2026-05-19,2026-07-26,34,369,121,69,0.492754,0.474218,0.516481,0.267936,,,,,,,,GLOBAL_BASELINE_NO_ENTITY_RANKING,,,NOT_APPLICABLE_GLOBAL_BASELINE,HF9g-P5,,,,X 全窗基线 · 不参与实体赏罚,14197445,1420,A168_HF9F_20260827_0900,2026-08-27 09:00:00
2026-07-20,145604771,2115,0,2533.9673913046,-1705.5027173915,-1705.5027173915,0.1428571,11,7,0.35935412090911453,0.340524435714,-1.1937971162544994,-1.1035965633861196,-1.1937971162544994,0.01882968519511453,ELIGIBLE,R03b_20260811_FULL_v1,L1_ELIGIBILITY,v2026-08-11,2026-03-21..2026-08-06,baccarat_bet02_101_all_pairs_incl_sentinel,round_win = game_pnl > 0 (decisive only),COMPATIBILITY_ONLY_NOT_PRODUCTION,2066084.0486,1875084.4460,6650.6665,5558,3733,-0.00321897,-0.08024012,0.00351318,-0.00321897,-6650.6665,2066084.0486,OK,0.0000,266.0267,4.0000,96.0000,AG03-UNRESOLVED,ALL5_LEVELS_bet23_to_bet27,266.0267,266.0267,266.0267,332.5333,332.5333,4.000000,4.000000,4.000000,5.000000,5.000000,96.000000,96.000000,96.000000,95.000000,95.000000,5.0,1463.1466,1340.2806,5187.5199,5310.3859,PENDING_AG03,FALSE,NOT_FOR_ENFORCEMENT,6384.6399,1800081.0682,6650.6665,6384.6399,266.0267,0.00321897,0.00309021,266.0267,6384.6399,0.00309021,266.0267,266.0267,266.0267,332.5333,332.5333,6384.6399,0.00309021,1463.1466,1340.2806,5187.5199,5310.3859,0.00251080,0.00257027,0.00012876,371.7316,502.2996,1.7816,195.6078,18.0235,60767.1779,109.7941,191.9923,404.8606,67.659,338.295,676.59,676.59,676.59,679.3478,270.636,-67.659,2.0,2.008152,1.098839,13,83,54,7,0.08038074,0.00321897,0.08024012,0E-8,0.000000,0.907555,0.005578,-0.08375330,2026-05-19,2026-07-26,34,369,121,69,0.492754,0.474218,0.516481,0.267936,,,,,,,,GLOBAL_BASELINE_NO_ENTITY_RANKING,,,NOT_APPLICABLE_GLOBAL_BASELINE,HF9g-P5,,,,X 全窗基线 · 不参与实体赏罚,14197446,1420,A168_HF9F_20260827_0900,2026-08-27 09:00:00
2026-07-20,145604771,2129,0,7472.8260869570,1006.1141304344,1006.1141304344,0.6000000,29,15,0.45792593952112742,0.300098763333,1.1044180270361117,2.5343897462353797,1.1044180270361117,0.15782717618812742,ELIGIBLE,R03b_20260811_FULL_v1,L1_ELIGIBILITY,v2026-08-11,2026-03-21..2026-08-06,baccarat_bet02_101_all_pairs_incl_sentinel,round_win = game_pnl > 0 (decisive only),COMPATIBILITY_ONLY_NOT_PRODUCTION,2066084.0486,1875084.4460,6650.6665,5558,3733,-0.00321897,-0.08024012,0.00351318,-0.00321897,-6650.6665,2066084.0486,OK,0.0000,266.0267,4.0000,96.0000,AG03-UNRESOLVED,ALL5_LEVELS_bet23_to_bet27,266.0267,266.0267,266.0267,332.5333,332.5333,4.000000,4.000000,4.000000,5.000000,5.000000,96.000000,96.000000,96.000000,95.000000,95.000000,5.0,1463.1466,1340.2806,5187.5199,5310.3859,PENDING_AG03,FALSE,NOT_FOR_ENFORCEMENT,6384.6399,1800081.0682,6650.6665,6384.6399,266.0267,0.00321897,0.00309021,266.0267,6384.6399,0.00309021,266.0267,266.0267,266.0267,332.5333,332.5333,6384.6399,0.00309021,1463.1466,1340.2806,5187.5199,5310.3859,0.00251080,0.00257027,0.00012876,371.7316,502.2996,1.7816,195.6078,18.0235,60767.1779,109.7941,191.9923,404.8606,67.659,338.295,676.59,676.59,676.59,679.3478,270.636,-67.659,2.0,2.008152,1.098839,13,83,54,7,0.08038074,0.00321897,0.08024012,0E-8,0.000000,0.907555,0.005578,-0.08375330,2026-05-19,2026-07-26,34,369,121,69,0.492754,0.474218,0.516481,0.267936,,,,,,,,GLOBAL_BASELINE_NO_ENTITY_RANKING,,,NOT_APPLICABLE_GLOBAL_BASELINE,HF9g-P5,,,,X 全窗基线 · 不参与实体赏罚,14197447,1420,A168_HF9F_20260827_0900,2026-08-27 09:00:00
2026-07-20,145604771,2134,0,5332.8804347831,2544.1576086955,2544.1576086955,0.6428571,30,14,0.43981716088574308,0.297895353571,1.530539698001568,2.822293798108368,1.530539698001568,0.14192180731474308,ELIGIBLE,R03b_20260811_FULL_v1,L1_ELIGIBILITY,v2026-08-11,2026-03-21..2026-08-06,baccarat_bet02_101_all_pairs_incl_sentinel,round_win = game_pnl > 0 (decisive only),COMPATIBILITY_ONLY_NOT_PRODUCTION,2066084.0486,1875084.4460,6650.6665,5558,3733,-0.00321897,-0.08024012,0.00351318,-0.00321897,-6650.6665,2066084.0486,OK,0.0000,266.0267,4.0000,96.0000,AG03-UNRESOLVED,ALL5_LEVELS_bet23_to_bet27,266.0267,266.0267,266.0267,332.5333,332.5333,4.000000,4.000000,4.000000,5.000000,5.000000,96.000000,96.000000,96.000000,95.000000,95.000000,5.0,1463.1466,1340.2806,5187.5199,5310.3859,PENDING_AG03,FALSE,NOT_FOR_ENFORCEMENT,6384.6399,1800081.0682,6650.6665,6384.6399,266.0267,0.00321897,0.00309021,266.0267,6384.6399,0.00309021,266.0267,266.0267,266.0267,332.5333,332.5333,6384.6399,0.00309021,1463.1466,1340.2806,5187.5199,5310.3859,0.00251080,0.00257027,0.00012876,371.7316,502.2996,1.7816,195.6078,18.0235,60767.1779,109.7941,191.9923,404.8606,67.659,338.295,676.59,676.59,676.59,679.3478,270.636,-67.659,2.0,2.008152,1.098839,13,83,54,7,0.08038074,0.00321897,0.08024012,0E-8,0.000000,0.907555,0.005578,-0.08375330,2026-05-19,2026-07-26,34,369,121,69,0.492754,0.474218,0.516481,0.267936,,,,,,,,GLOBAL_BASELINE_NO_ENTITY_RANKING,,,NOT_APPLICABLE_GLOBAL_BASELINE,HF9g-P5,,,,X 全窗基线 · 不参与实体赏罚,14197448,1420,A168_HF9F_20260827_0900,2026-08-27 09:00:00
2026-07-20,145604771,2153,0,679.3478260870,-679.3478260870,-679.3478260870,0E-7,3,2,0.46564326666666667,0.397033600000,-1.3201583238801469,-1.1475776268349827,-1.3201583238801469,0.06860966666666667,ELIGIBLE,R03b_20260811_FULL_v1,L1_ELIGIBILITY,v2026-08-11,2026-03-21..2026-08-06,baccarat_bet02_101_all_pairs_incl_sentinel,round_win = game_pnl > 0 (decisive only),COMPATIBILITY_ONLY_NOT_PRODUCTION,2066084.0486,1875084.4460,6650.6665,5558,3733,-0.00321897,-0.08024012,0.00351318,-0.00321897,-6650.6665,2066084.0486,OK,0.0000,266.0267,4.0000,96.0000,AG03-UNRESOLVED,ALL5_LEVELS_bet23_to_bet27,266.0267,266.0267,266.0267,332.5333,332.5333,4.000000,4.000000,4.000000,5.000000,5.000000,96.000000,96.000000,96.000000,95.000000,95.000000,5.0,1463.1466,1340.2806,5187.5199,5310.3859,PENDING_AG03,FALSE,NOT_FOR_ENFORCEMENT,6384.6399,1800081.0682,6650.6665,6384.6399,266.0267,0.00321897,0.00309021,266.0267,6384.6399,0.00309021,266.0267,266.0267,266.0267,332.5333,332.5333,6384.6399,0.00309021,1463.1466,1340.2806,5187.5199,5310.3859,0.00251080,0.00257027,0.00012876,371.7316,502.2996,1.7816,195.6078,18.0235,60767.1779,109.7941,191.9923,404.8606,67.659,338.295,676.59,676.59,676.59,679.3478,270.636,-67.659,2.0,2.008152,1.098839,13,83,54,7,0.08038074,0.00321897,0.08024012,0E-8,0.000000,0.907555,0.005578,-0.08375330,2026-05-19,2026-07-26,34,369,121,69,0.492754,0.474218,0.516481,0.267936,,,,,,,,GLOBAL_BASELINE_NO_ENTITY_RANKING,,,NOT_APPLICABLE_GLOBAL_BASELINE,HF9g-P5,,,,X 全窗基线 · 不参与实体赏罚,14197449,1420,A168_HF9F_20260827_0900,2026-08-27 09:00:00
2026-07-20,145604771,2160,0,1338.3152173914,-675.9510869566,-675.9510869566,0.3333333,4,3,0.49575164467353739,0.431135816667,-0.5626538451498366,-0.3420575356522062,-0.5626538451498366,0.06461582800653739,ELIGIBLE,R03b_20260811_FULL_v1,L1_ELIGIBILITY,v2026-08-11,2026-03-21..2026-08-06,baccarat_bet02_101_all_pairs_incl_sentinel,round_win = game_pnl > 0 (decisive only),COMPATIBILITY_ONLY_NOT_PRODUCTION,2066084.0486,1875084.4460,6650.6665,5558,3733,-0.00321897,-0.08024012,0.00351318,-0.00321897,-6650.6665,2066084.0486,OK,0.0000,266.0267,4.0000,96.0000,AG03-UNRESOLVED,ALL5_LEVELS_bet23_to_bet27,266.0267,266.0267,266.0267,332.5333,332.5333,4.000000,4.000000,4.000000,5.000000,5.000000,96.000000,96.000000,96.000000,95.000000,95.000000,5.0,1463.1466,1340.2806,5187.5199,5310.3859,PENDING_AG03,FALSE,NOT_FOR_ENFORCEMENT,6384.6399,1800081.0682,6650.6665,6384.6399,266.0267,0.00321897,0.00309021,266.0267,6384.6399,0.00309021,266.0267,266.0267,266.0267,332.5333,332.5333,6384.6399,0.00309021,1463.1466,1340.2806,5187.5199,5310.3859,0.00251080,0.00257027,0.00012876,371.7316,502.2996,1.7816,195.6078,18.0235,60767.1779,109.7941,191.9923,404.8606,67.659,338.295,676.59,676.59,676.59,679.3478,270.636,-67.659,2.0,2.008152,1.098839,13,83,54,7,0.08038074,0.00321897,0.08024012,0E-8,0.000000,0.907555,0.005578,-0.08375330,2026-05-19,2026-07-26,34,369,121,69,0.492754,0.474218,0.516481,0.267936,,,,,,,,GLOBAL_BASELINE_NO_ENTITY_RANKING,,,NOT_APPLICABLE_GLOBAL_BASELINE,HF9g-P5,,,,X 全窗基线 · 不参与实体赏罚,14197450,1420,A168_HF9F_20260827_0900,2026-08-27 09:00:00
2026-07-20,145604771,2167,0,12724.1847826096,-825.4076086961,-825.4076086961,0.4444444,35,20,0.47174626236572964,0.342404637500,-0.2320343571320644,0.9123399468186257,-0.2320343571320644,0.12934162486572964,ELIGIBLE,R03b_20260811_FULL_v1,L1_ELIGIBILITY,v2026-08-11,2026-03-21..2026-08-06,baccarat_bet02_101_all_pairs_incl_sentinel,round_win = game_pnl > 0 (decisive only),COMPATIBILITY_ONLY_NOT_PRODUCTION,2066084.0486,1875084.4460,6650.6665,5558,3733,-0.00321897,-0.08024012,0.00351318,-0.00321897,-6650.6665,2066084.0486,OK,0.0000,266.0267,4.0000,96.0000,AG03-UNRESOLVED,ALL5_LEVELS_bet23_to_bet27,266.0267,266.0267,266.0267,332.5333,332.5333,4.000000,4.000000,4.000000,5.000000,5.000000,96.000000,96.000000,96.000000,95.000000,95.000000,5.0,1463.1466,1340.2806,5187.5199,5310.3859,PENDING_AG03,FALSE,NOT_FOR_ENFORCEMENT,6384.6399,1800081.0682,6650.6665,6384.6399,266.0267,0.00321897,0.00309021,266.0267,6384.6399,0.00309021,266.0267,266.0267,266.0267,332.5333,332.5333,6384.6399,0.00309021,1463.1466,1340.2806,5187.5199,5310.3859,0.00251080,0.00257027,0.00012876,371.7316,502.2996,1.7816,195.6078,18.0235,60767.1779,109.7941,191.9923,404.8606,67.659,338.295,676.59,676.59,676.59,679.3478,270.636,-67.659,2.0,2.008152,1.098839,13,83,54,7,0.08038074,0.00321897,0.08024012,0E-8,0.000000,0.907555,0.005578,-0.08375330,2026-05-19,2026-07-26,34,369,121,69,0.492754,0.474218,0.516481,0.267936,,,,,,,,GLOBAL_BASELINE_NO_ENTITY_RANKING,,,NOT_APPLICABLE_GLOBAL_BASELINE,HF9g-P5,,,,X 全窗基线 · 不参与实体赏罚,14197451,1420,A168_HF9F_20260827_0900,2026-08-27 09:00:00
2026-07-20,145604771,2240,0,8186.1413043485,27.1739130432,27.1739130432,0.5000000,27,14,0.46608459563887358,0.333890335714,0.2543855375036138,1.3179050635534797,0.2543855375036138,0.13219425992487358,ELIGIBLE,R03b_20260811_FULL_v1,L1_ELIGIBILITY,v2026-08-11,2026-03-21..2026-08-06,baccarat_bet02_101_all_pairs_incl_sentinel,round_win = game_pnl > 0 (decisive only),COMPATIBILITY_ONLY_NOT_PRODUCTION,2066084.0486,1875084.4460,6650.6665,5558,3733,-0.00321897,-0.08024012,0.00351318,-0.00321897,-6650.6665,2066084.0486,OK,0.0000,266.0267,4.0000,96.0000,AG03-UNRESOLVED,ALL5_LEVELS_bet23_to_bet27,266.0267,266.0267,266.0267,332.5333,332.5333,4.000000,4.000000,4.000000,5.000000,5.000000,96.000000,96.000000,96.000000,95.000000,95.000000,5.0,1463.1466,1340.2806,5187.5199,5310.3859,PENDING_AG03,FALSE,NOT_FOR_ENFORCEMENT,6384.6399,1800081.0682,6650.6665,6384.6399,266.0267,0.00321897,0.00309021,266.0267,6384.6399,0.00309021,266.0267,266.0267,266.0267,332.5333,332.5333,6384.6399,0.00309021,1463.1466,1340.2806,5187.5199,5310.3859,0.00251080,0.00257027,0.00012876,371.7316,502.2996,1.7816,195.6078,18.0235,60767.1779,109.7941,191.9923,404.8606,67.659,338.295,676.59,676.59,676.59,679.3478,270.636,-67.659,2.0,2.008152,1.098839,13,83,54,7,0.08038074,0.00321897,0.08024012,0E-8,0.000000,0.907555,0.005578,-0.08375330,2026-05-19,2026-07-26,34,369,121,69,0.492754,0.474218,0.516481,0.267936,,,,,,,,GLOBAL_BASELINE_NO_ENTITY_RANKING,,,NOT_APPLICABLE_GLOBAL_BASELINE,HF9g-P5,,,,X 全窗基线 · 不参与实体赏罚,14197452,1420,A168_HF9F_20260827_0900,2026-08-27 09:00:00
2026-07-20,145604771,526,0,8519.0217391311,2822.6902173911,2822.6902173911,0.5000000,38,19,0.44110151175939989,0.302140771053,0.5032741914687728,1.8281169910830168,0.5032741914687728,0.13896074070639989,ELIGIBLE,R03b_20260811_FULL_v1,L1_ELIGIBILITY,v2026-08-11,2026-03-21..2026-08-06,baccarat_bet02_101_all_pairs_incl_sentinel,round_win = game_pnl > 0 (decisive only),COMPATIBILITY_ONLY_NOT_PRODUCTION,2066084.0486,1875084.4460,6650.6665,5558,3733,-0.00321897,-0.08024012,0.00351318,-0.00321897,-6650.6665,2066084.0486,OK,0.0000,266.0267,4.0000,96.0000,AG03-UNRESOLVED,ALL5_LEVELS_bet23_to_bet27,266.0267,266.0267,266.0267,332.5333,332.5333,4.000000,4.000000,4.000000,5.000000,5.000000,96.000000,96.000000,96.000000,95.000000,95.000000,5.0,1463.1466,1340.2806,5187.5199,5310.3859,PENDING_AG03,FALSE,NOT_FOR_ENFORCEMENT,6384.6399,1800081.0682,6650.6665,6384.6399,266.0267,0.00321897,0.00309021,266.0267,6384.6399,0.00309021,266.0267,266.0267,266.0267,332.5333,332.5333,6384.6399,0.00309021,1463.1466,1340.2806,5187.5199,5310.3859,0.00251080,0.00257027,0.00012876,371.7316,502.2996,1.7816,195.6078,18.0235,60767.1779,109.7941,191.9923,404.8606,67.659,338.295,676.59,676.59,676.59,679.3478,270.636,-67.659,2.0,2.008152,1.098839,13,83,54,7,0.08038074,0.00321897,0.08024012,0E-8,0.000000,0.907555,0.005578,-0.08375330,2026-05-19,2026-07-26,34,369,121,69,0.492754,0.474218,0.516481,0.267936,,,,,,,,GLOBAL_BASELINE_NO_ENTITY_RANKING,,,NOT_APPLICABLE_GLOBAL_BASELINE,HF9g-P5,,,,X 全窗基线 · 不参与实体赏罚,14197453,1420,A168_HF9F_20260827_0900,2026-08-27 09:00:00
2026-07-20,145604771,595,0,4938.8586956526,-689.5380434785,-689.5380434785,0.3529412,37,19,0.40284645064754037,0.326995808772,-0.41952527121293076,0.22803647187109038,-0.41952527121293076,0.07585064187554037,ELIGIBLE,R03b_20260811_FULL_v1,L1_ELIGIBILITY,v2026-08-11,2026-03-21..2026-08-06,baccarat_bet02_101_all_pairs_incl_sentinel,round_win = game_pnl > 0 (decisive only),COMPATIBILITY_ONLY_NOT_PRODUCTION,2066084.0486,1875084.4460,6650.6665,5558,3733,-0.00321897,-0.08024012,0.00351318,-0.00321897,-6650.6665,2066084.0486,OK,0.0000,266.0267,4.0000,96.0000,AG03-UNRESOLVED,ALL5_LEVELS_bet23_to_bet27,266.0267,266.0267,266.0267,332.5333,332.5333,4.000000,4.000000,4.000000,5.000000,5.000000,96.000000,96.000000,96.000000,95.000000,95.000000,5.0,1463.1466,1340.2806,5187.5199,5310.3859,PENDING_AG03,FALSE,NOT_FOR_ENFORCEMENT,6384.6399,1800081.0682,6650.6665,6384.6399,266.0267,0.00321897,0.00309021,266.0267,6384.6399,0.00309021,266.0267,266.0267,266.0267,332.5333,332.5333,6384.6399,0.00309021,1463.1466,1340.2806,5187.5199,5310.3859,0.00251080,0.00257027,0.00012876,371.7316,502.2996,1.7816,195.6078,18.0235,60767.1779,109.7941,191.9923,404.8606,67.659,338.295,676.59,676.59,676.59,679.3478,270.636,-67.659,2.0,2.008152,1.098839,13,83,54,7,0.08038074,0.00321897,0.08024012,0E-8,0.000000,0.907555,0.005578,-0.08375330,2026-05-19,2026-07-26,34,369,121,69,0.492754,0.474218,0.516481,0.267936,,,,,,,,GLOBAL_BASELINE_NO_ENTITY_RANKING,,,NOT_APPLICABLE_GLOBAL_BASELINE,HF9g-P5,,,,X 全窗基线 · 不参与实体赏罚,14197454,1420,A168_HF9F_20260827_0900,2026-08-27 09:00:00
2026-07-20,145604771,752,0,6195.6521739135,-1202.4456521741,-1202.4456521741,0.3636364,19,11,0.46478472834123948,0.335742622727,-0.6726126562886826,0.1958987535369876,-0.6726126562886826,0.12904210561423948,ELIGIBLE,R03b_20260811_FULL_v1,L1_ELIGIBILITY,v2026-08-11,2026-03-21..2026-08-06,baccarat_bet02_101_all_pairs_incl_sentinel,round_win = game_pnl > 0 (decisive only),COMPATIBILITY_ONLY_NOT_PRODUCTION,2066084.0486,1875084.4460,6650.6665,5558,3733,-0.00321897,-0.08024012,0.00351318,-0.00321897,-6650.6665,2066084.0486,OK,0.0000,266.0267,4.0000,96.0000,AG03-UNRESOLVED,ALL5_LEVELS_bet23_to_bet27,266.0267,266.0267,266.0267,332.5333,332.5333,4.000000,4.000000,4.000000,5.000000,5.000000,96.000000,96.000000,96.000000,95.000000,95.000000,5.0,1463.1466,1340.2806,5187.5199,5310.3859,PENDING_AG03,FALSE,NOT_FOR_ENFORCEMENT,6384.6399,1800081.0682,6650.6665,6384.6399,266.0267,0.00321897,0.00309021,266.0267,6384.6399,0.00309021,266.0267,266.0267,266.0267,332.5333,332.5333,6384.6399,0.00309021,1463.1466,1340.2806,5187.5199,5310.3859,0.00251080,0.00257027,0.00012876,371.7316,502.2996,1.7816,195.6078,18.0235,60767.1779,109.7941,191.9923,404.8606,67.659,338.295,676.59,676.59,676.59,679.3478,270.636,-67.659,2.0,2.008152,1.098839,13,83,54,7,0.08038074,0.00321897,0.08024012,0E-8,0.000000,0.907555,0.005578,-0.08375330,2026-05-19,2026-07-26,34,369,121,69,0.492754,0.474218,0.516481,0.267936,,,,,,,,GLOBAL_BASELINE_NO_ENTITY_RANKING,,,NOT_APPLICABLE_GLOBAL_BASELINE,HF9g-P5,,,,X 全窗基线 · 不参与实体赏罚,14197455,1420,A168_HF9F_20260827_0900,2026-08-27 09:00:00
2026-07-20,145604771,789,0,414.4021739131,-278.5326086957,-278.5326086957,0.2500000,5,4,0.49251734090904763,0.443998075000,-0.9701780106163098,-0.78090593763564,-0.9701780106163098,0.04851926590904763,ELIGIBLE,R03b_20260811_FULL_v1,L1_ELIGIBILITY,v2026-08-11,2026-03-21..2026-08-06,baccarat_bet02_101_all_pairs_incl_sentinel,round_win = game_pnl > 0 (decisive only),COMPATIBILITY_ONLY_NOT_PRODUCTION,2066084.0486,1875084.4460,6650.6665,5558,3733,-0.00321897,-0.08024012,0.00351318,-0.00321897,-6650.6665,2066084.0486,OK,0.0000,266.0267,4.0000,96.0000,AG03-UNRESOLVED,ALL5_LEVELS_bet23_to_bet27,266.0267,266.0267,266.0267,332.5333,332.5333,4.000000,4.000000,4.000000,5.000000,5.000000,96.000000,96.000000,96.000000,95.000000,95.000000,5.0,1463.1466,1340.2806,5187.5199,5310.3859,PENDING_AG03,FALSE,NOT_FOR_ENFORCEMENT,6384.6399,1800081.0682,6650.6665,6384.6399,266.0267,0.00321897,0.00309021,266.0267,6384.6399,0.00309021,266.0267,266.0267,266.0267,332.5333,332.5333,6384.6399,0.00309021,1463.1466,1340.2806,5187.5199,5310.3859,0.00251080,0.00257027,0.00012876,371.7316,502.2996,1.7816,195.6078,18.0235,60767.1779,109.7941,191.9923,404.8606,67.659,338.295,676.59,676.59,676.59,679.3478,270.636,-67.659,2.0,2.008152,1.098839,13,83,54,7,0.08038074,0.00321897,0.08024012,0E-8,0.000000,0.907555,0.005578,-0.08375330,2026-05-19,2026-07-26,34,369,121,69,0.492754,0.474218,0.516481,0.267936,,,,,,,,GLOBAL_BASELINE_NO_ENTITY_RANKING,,,NOT_APPLICABLE_GLOBAL_BASELINE,HF9g-P5,,,,X 全窗基线 · 不参与实体赏罚,14197456,1420,A168_HF9F_20260827_0900,2026-08-27 09:00:00
2026-07-24,145604771,1017,0,1086.9565217392,-424.5923913044,-424.5923913044,0.2500000,7,4,0.40720161666666667,0.338569825000,-0.6399245203873516,-0.37432570893389727,-0.6399245203873516,0.06863179166666667,ELIGIBLE,R03b_20260811_FULL_v1,L1_ELIGIBILITY,v2026-08-11,2026-03-21..2026-08-06,baccarat_bet02_101_all_pairs_incl_sentinel,round_win = game_pnl > 0 (decisive only),COMPATIBILITY_ONLY_NOT_PRODUCTION,2066084.0486,1875084.4460,6650.6665,5558,3733,-0.00321897,-0.08024012,0.00351318,-0.00321897,-6650.6665,2066084.0486,OK,0.0000,266.0267,4.0000,96.0000,AG03-UNRESOLVED,ALL5_LEVELS_bet23_to_bet27,266.0267,266.0267,266.0267,332.5333,332.5333,4.000000,4.000000,4.000000,5.000000,5.000000,96.000000,96.000000,96.000000,95.000000,95.000000,5.0,1463.1466,1340.2806,5187.5199,5310.3859,PENDING_AG03,FALSE,NOT_FOR_ENFORCEMENT,6384.6399,1800081.0682,6650.6665,6384.6399,266.0267,0.00321897,0.00309021,266.0267,6384.6399,0.00309021,266.0267,266.0267,266.0267,332.5333,332.5333,6384.6399,0.00309021,1463.1466,1340.2806,5187.5199,5310.3859,0.00251080,0.00257027,0.00012876,371.7316,502.2996,1.7816,195.6078,18.0235,60767.1779,109.7941,191.9923,404.8606,67.659,338.295,676.59,676.59,676.59,679.3478,270.636,-67.659,2.0,2.008152,1.098839,13,83,54,7,0.08038074,0.00321897,0.08024012,0E-8,0.000000,0.907555,0.005578,-0.08375330,2026-05-19,2026-07-26,34,369,121,69,0.492754,0.474218,0.516481,0.267936,,,,,,,,GLOBAL_BASELINE_NO_ENTITY_RANKING,,,NOT_APPLICABLE_GLOBAL_BASELINE,HF9g-P5,,,,X 全窗基线 · 不参与实体赏罚,14197457,1420,A168_HF9F_20260827_0900,2026-08-27 09:00:00
2026-07-24,145604771,1205,0,3953.8043478261,1191.5760869564,1191.5760869564,0.7777778,10,10,0.50128862000000000,0.501288620000,1.6589404561547767,1.658940456154777,1.6589404561547767,0E-17,ELIGIBLE,R03b_20260811_FULL_v1,L1_ELIGIBILITY,v2026-08-11,2026-03-21..2026-08-06,baccarat_bet02_101_all_pairs_incl_sentinel,round_win = game_pnl > 0 (decisive only),COMPATIBILITY_ONLY_NOT_PRODUCTION,2066084.0486,1875084.4460,6650.6665,5558,3733,-0.00321897,-0.08024012,0.00351318,-0.00321897,-6650.6665,2066084.0486,OK,0.0000,266.0267,4.0000,96.0000,AG03-UNRESOLVED,ALL5_LEVELS_bet23_to_bet27,266.0267,266.0267,266.0267,332.5333,332.5333,4.000000,4.000000,4.000000,5.000000,5.000000,96.000000,96.000000,96.000000,95.000000,95.000000,5.0,1463.1466,1340.2806,5187.5199,5310.3859,PENDING_AG03,FALSE,NOT_FOR_ENFORCEMENT,6384.6399,1800081.0682,6650.6665,6384.6399,266.0267,0.00321897,0.00309021,266.0267,6384.6399,0.00309021,266.0267,266.0267,266.0267,332.5333,332.5333,6384.6399,0.00309021,1463.1466,1340.2806,5187.5199,5310.3859,0.00251080,0.00257027,0.00012876,371.7316,502.2996,1.7816,195.6078,18.0235,60767.1779,109.7941,191.9923,404.8606,67.659,338.295,676.59,676.59,676.59,679.3478,270.636,-67.659,2.0,2.008152,1.098839,13,83,54,7,0.08038074,0.00321897,0.08024012,0E-8,0.000000,0.907555,0.005578,-0.08375330,2026-05-19,2026-07-26,34,369,121,69,0.492754,0.474218,0.516481,0.267936,,,,,,,,GLOBAL_BASELINE_NO_ENTITY_RANKING,,,NOT_APPLICABLE_GLOBAL_BASELINE,HF9g-P5,,,,X 全窗基线 · 不参与实体赏罚,14197458,1420,A168_HF9F_20260827_0900,2026-08-27 09:00:00
2026-07-24,145604771,1323,0,271.7391304348,-271.7391304348,-271.7391304348,0E-7,1,1,0.50665070000000000,0.506650700000,-1.013391052207602,-1.013391052207602,-1.013391052207602,0E-17,ELIGIBLE,R03b_20260811_FULL_v1,L1_ELIGIBILITY,v2026-08-11,2026-03-21..2026-08-06,baccarat_bet02_101_all_pairs_incl_sentinel,round_win = game_pnl > 0 (decisive only),COMPATIBILITY_ONLY_NOT_PRODUCTION,2066084.0486,1875084.4460,6650.6665,5558,3733,-0.00321897,-0.08024012,0.00351318,-0.00321897,-6650.6665,2066084.0486,OK,0.0000,266.0267,4.0000,96.0000,AG03-UNRESOLVED,ALL5_LEVELS_bet23_to_bet27,266.0267,266.0267,266.0267,332.5333,332.5333,4.000000,4.000000,4.000000,5.000000,5.000000,96.000000,96.000000,96.000000,95.000000,95.000000,5.0,1463.1466,1340.2806,5187.5199,5310.3859,PENDING_AG03,FALSE,NOT_FOR_ENFORCEMENT,6384.6399,1800081.0682,6650.6665,6384.6399,266.0267,0.00321897,0.00309021,266.0267,6384.6399,0.00309021,266.0267,266.0267,266.0267,332.5333,332.5333,6384.6399,0.00309021,1463.1466,1340.2806,5187.5199,5310.3859,0.00251080,0.00257027,0.00012876,371.7316,502.2996,1.7816,195.6078,18.0235,60767.1779,109.7941,191.9923,404.8606,67.659,338.295,676.59,676.59,676.59,679.3478,270.636,-67.659,2.0,2.008152,1.098839,13,83,54,7,0.08038074,0.00321897,0.08024012,0E-8,0.000000,0.907555,0.005578,-0.08375330,2026-05-19,2026-07-26,34,369,121,69,0.492754,0.474218,0.516481,0.267936,,,,,,,,GLOBAL_BASELINE_NO_ENTITY_RANKING,,,NOT_APPLICABLE_GLOBAL_BASELINE,HF9g-P5,,,,X 全窗基线 · 不参与实体赏罚,14197459,1420,A168_HF9F_20260827_0900,2026-08-27 09:00:00
2026-07-24,145604771,1383,0,1358.6956521740,-1019.0217391305,-1019.0217391305,0E-7,3,3,0.50218230000000000,0.502182300000,-1.4203995680682369,-1.4203995680682369,-1.4203995680682369,0E-17,ELIGIBLE,R03b_20260811_FULL_v1,L1_ELIGIBILITY,v2026-08-11,2026-03-21..2026-08-06,baccarat_bet02_101_all_pairs_incl_sentinel,round_win = game_pnl > 0 (decisive only),COMPATIBILITY_ONLY_NOT_PRODUCTION,2066084.0486,1875084.4460,6650.6665,5558,3733,-0.00321897,-0.08024012,0.00351318,-0.00321897,-6650.6665,2066084.0486,OK,0.0000,266.0267,4.0000,96.0000,AG03-UNRESOLVED,ALL5_LEVELS_bet23_to_bet27,266.0267,266.0267,266.0267,332.5333,332.5333,4.000000,4.000000,4.000000,5.000000,5.000000,96.000000,96.000000,96.000000,95.000000,95.000000,5.0,1463.1466,1340.2806,5187.5199,5310.3859,PENDING_AG03,FALSE,NOT_FOR_ENFORCEMENT,6384.6399,1800081.0682,6650.6665,6384.6399,266.0267,0.00321897,0.00309021,266.0267,6384.6399,0.00309021,266.0267,266.0267,266.0267,332.5333,332.5333,6384.6399,0.00309021,1463.1466,1340.2806,5187.5199,5310.3859,0.00251080,0.00257027,0.00012876,371.7316,502.2996,1.7816,195.6078,18.0235,60767.1779,109.7941,191.9923,404.8606,67.659,338.295,676.59,676.59,676.59,679.3478,270.636,-67.659,2.0,2.008152,1.098839,13,83,54,7,0.08038074,0.00321897,0.08024012,0E-8,0.000000,0.907555,0.005578,-0.08375330,2026-05-19,2026-07-26,34,369,121,69,0.492754,0.474218,0.516481,0.267936,,,,,,,,GLOBAL_BASELINE_NO_ENTITY_RANKING,,,NOT_APPLICABLE_GLOBAL_BASELINE,HF9g-P5,,,,X 全窗基线 · 不参与实体赏罚,14197460,1420,A168_HF9F_20260827_0900,2026-08-27 09:00:00
2026-07-24,145604771,1951,0,1086.9565217392,862.7717391303,862.7717391303,0.5000000,9,6,0.41536755000000000,0.391346791667,0.4206828403178851,0.545321139188496,0.4206828403178851,0.02402075833300000,ELIGIBLE,R03b_20260811_FULL_v1,L1_ELIGIBILITY,v2026-08-11,2026-03-21..2026-08-06,baccarat_bet02_101_all_pairs_incl_sentinel,round_win = game_pnl > 0 (decisive only),COMPATIBILITY_ONLY_NOT_PRODUCTION,2066084.0486,1875084.4460,6650.6665,5558,3733,-0.00321897,-0.08024012,0.00351318,-0.00321897,-6650.6665,2066084.0486,OK,0.0000,266.0267,4.0000,96.0000,AG03-UNRESOLVED,ALL5_LEVELS_bet23_to_bet27,266.0267,266.0267,266.0267,332.5333,332.5333,4.000000,4.000000,4.000000,5.000000,5.000000,96.000000,96.000000,96.000000,95.000000,95.000000,5.0,1463.1466,1340.2806,5187.5199,5310.3859,PENDING_AG03,FALSE,NOT_FOR_ENFORCEMENT,6384.6399,1800081.0682,6650.6665,6384.6399,266.0267,0.00321897,0.00309021,266.0267,6384.6399,0.00309021,266.0267,266.0267,266.0267,332.5333,332.5333,6384.6399,0.00309021,1463.1466,1340.2806,5187.5199,5310.3859,0.00251080,0.00257027,0.00012876,371.7316,502.2996,1.7816,195.6078,18.0235,60767.1779,109.7941,191.9923,404.8606,67.659,338.295,676.59,676.59,676.59,679.3478,270.636,-67.659,2.0,2.008152,1.098839,13,83,54,7,0.08038074,0.00321897,0.08024012,0E-8,0.000000,0.907555,0.005578,-0.08375330,2026-05-19,2026-07-26,34,369,121,69,0.492754,0.474218,0.516481,0.267936,,,,,,,,GLOBAL_BASELINE_NO_ENTITY_RANKING,,,NOT_APPLICABLE_GLOBAL_BASELINE,HF9g-P5,,,,X 全窗基线 · 不参与实体赏罚,14197461,1420,A168_HF9F_20260827_0900,2026-08-27 09:00:00
2026-07-24,145604771,1990,0,135.8695652174,129.0760869565,129.0760869565,1.0000000,1,1,0.50665070000000000,0.506650700000,0.9867858985152569,0.9867858985152569,0.9867858985152569,0E-17,ELIGIBLE,R03b_20260811_FULL_v1,L1_ELIGIBILITY,v2026-08-11,2026-03-21..2026-08-06,baccarat_bet02_101_all_pairs_incl_sentinel,round_win = game_pnl > 0 (decisive only),COMPATIBILITY_ONLY_NOT_PRODUCTION,2066084.0486,1875084.4460,6650.6665,5558,3733,-0.00321897,-0.08024012,0.00351318,-0.00321897,-6650.6665,2066084.0486,OK,0.0000,266.0267,4.0000,96.0000,AG03-UNRESOLVED,ALL5_LEVELS_bet23_to_bet27,266.0267,266.0267,266.0267,332.5333,332.5333,4.000000,4.000000,4.000000,5.000000,5.000000,96.000000,96.000000,96.000000,95.000000,95.000000,5.0,1463.1466,1340.2806,5187.5199,5310.3859,PENDING_AG03,FALSE,NOT_FOR_ENFORCEMENT,6384.6399,1800081.0682,6650.6665,6384.6399,266.0267,0.00321897,0.00309021,266.0267,6384.6399,0.00309021,266.0267,266.0267,266.0267,332.5333,332.5333,6384.6399,0.00309021,1463.1466,1340.2806,5187.5199,5310.3859,0.00251080,0.00257027,0.00012876,371.7316,502.2996,1.7816,195.6078,18.0235,60767.1779,109.7941,191.9923,404.8606,67.659,338.295,676.59,676.59,676.59,679.3478,270.636,-67.659,2.0,2.008152,1.098839,13,83,54,7,0.08038074,0.00321897,0.08024012,0E-8,0.000000,0.907555,0.005578,-0.08375330,2026-05-19,2026-07-26,34,369,121,69,0.492754,0.474218,0.516481,0.267936,,,,,,,,GLOBAL_BASELINE_NO_ENTITY_RANKING,,,NOT_APPLICABLE_GLOBAL_BASELINE,HF9g-P5,,,,X 全窗基线 · 不参与实体赏罚,14197462,1420,A168_HF9F_20260827_0900,2026-08-27 09:00:00
2026-07-24,145604771,2127,0,3607.3369565221,-1419.8369565220,-1419.8369565220,0.4545455,24,13,0.42526905046256174,0.320952716667,0.1964038036458156,0.9490927523744374,0.1964038036458156,0.10431633379556174,ELIGIBLE,R03b_20260811_FULL_v1,L1_ELIGIBILITY,v2026-08-11,2026-03-21..2026-08-06,baccarat_bet02_101_all_pairs_incl_sentinel,round_win = game_pnl > 0 (decisive only),COMPATIBILITY_ONLY_NOT_PRODUCTION,2066084.0486,1875084.4460,6650.6665,5558,3733,-0.00321897,-0.08024012,0.00351318,-0.00321897,-6650.6665,2066084.0486,OK,0.0000,266.0267,4.0000,96.0000,AG03-UNRESOLVED,ALL5_LEVELS_bet23_to_bet27,266.0267,266.0267,266.0267,332.5333,332.5333,4.000000,4.000000,4.000000,5.000000,5.000000,96.000000,96.000000,96.000000,95.000000,95.000000,5.0,1463.1466,1340.2806,5187.5199,5310.3859,PENDING_AG03,FALSE,NOT_FOR_ENFORCEMENT,6384.6399,1800081.0682,6650.6665,6384.6399,266.0267,0.00321897,0.00309021,266.0267,6384.6399,0.00309021,266.0267,266.0267,266.0267,332.5333,332.5333,6384.6399,0.00309021,1463.1466,1340.2806,5187.5199,5310.3859,0.00251080,0.00257027,0.00012876,371.7316,502.2996,1.7816,195.6078,18.0235,60767.1779,109.7941,191.9923,404.8606,67.659,338.295,676.59,676.59,676.59,679.3478,270.636,-67.659,2.0,2.008152,1.098839,13,83,54,7,0.08038074,0.00321897,0.08024012,0E-8,0.000000,0.907555,0.005578,-0.08375330,2026-05-19,2026-07-26,34,369,121,69,0.492754,0.474218,0.516481,0.267936,,,,,,,,GLOBAL_BASELINE_NO_ENTITY_RANKING,,,NOT_APPLICABLE_GLOBAL_BASELINE,HF9g-P5,,,,X 全窗基线 · 不参与实体赏罚,14197463,1420,A168_HF9F_20260827_0900,2026-08-27 09:00:00
2026-07-24,145604771,2129,0,2228.2608695654,-210.5978260872,-210.5978260872,0.3333333,12,7,0.43790895095238095,0.346921792857,-0.5163103338589464,-0.0699274132725616,-0.5163103338589464,0.09098715809538095,ELIGIBLE,R03b_20260811_FULL_v1,L1_ELIGIBILITY,v2026-08-11,2026-03-21..2026-08-06,baccarat_bet02_101_all_pairs_incl_sentinel,round_win = game_pnl > 0 (decisive only),COMPATIBILITY_ONLY_NOT_PRODUCTION,2066084.0486,1875084.4460,6650.6665,5558,3733,-0.00321897,-0.08024012,0.00351318,-0.00321897,-6650.6665,2066084.0486,OK,0.0000,266.0267,4.0000,96.0000,AG03-UNRESOLVED,ALL5_LEVELS_bet23_to_bet27,266.0267,266.0267,266.0267,332.5333,332.5333,4.000000,4.000000,4.000000,5.000000,5.000000,96.000000,96.000000,96.000000,95.000000,95.000000,5.0,1463.1466,1340.2806,5187.5199,5310.3859,PENDING_AG03,FALSE,NOT_FOR_ENFORCEMENT,6384.6399,1800081.0682,6650.6665,6384.6399,266.0267,0.00321897,0.00309021,266.0267,6384.6399,0.00309021,266.0267,266.0267,266.0267,332.5333,332.5333,6384.6399,0.00309021,1463.1466,1340.2806,5187.5199,5310.3859,0.00251080,0.00257027,0.00012876,371.7316,502.2996,1.7816,195.6078,18.0235,60767.1779,109.7941,191.9923,404.8606,67.659,338.295,676.59,676.59,676.59,679.3478,270.636,-67.659,2.0,2.008152,1.098839,13,83,54,7,0.08038074,0.00321897,0.08024012,0E-8,0.000000,0.907555,0.005578,-0.08375330,2026-05-19,2026-07-26,34,369,121,69,0.492754,0.474218,0.516481,0.267936,,,,,,,,GLOBAL_BASELINE_NO_ENTITY_RANKING,,,NOT_APPLICABLE_GLOBAL_BASELINE,HF9g-P5,,,,X 全窗基线 · 不参与实体赏罚,14197464,1420,A168_HF9F_20260827_0900,2026-08-27 09:00:00
2026-07-24,145604771,583,0,1773.0978260871,-523.0978260870,-523.0978260870,0.3333333,10,6,0.43600323888888889,0.354807758333,-0.5071490601671398,-0.10994007960872504,-0.5071490601671398,0.08119548055588889,ELIGIBLE,R03b_20260811_FULL_v1,L1_ELIGIBILITY,v2026-08-11,2026-03-21..2026-08-06,baccarat_bet02_101_all_pairs_incl_sentinel,round_win = game_pnl > 0 (decisive only),COMPATIBILITY_ONLY_NOT_PRODUCTION,2066084.0486,1875084.4460,6650.6665,5558,3733,-0.00321897,-0.08024012,0.00351318,-0.00321897,-6650.6665,2066084.0486,OK,0.0000,266.0267,4.0000,96.0000,AG03-UNRESOLVED,ALL5_LEVELS_bet23_to_bet27,266.0267,266.0267,266.0267,332.5333,332.5333,4.000000,4.000000,4.000000,5.000000,5.000000,96.000000,96.000000,96.000000,95.000000,95.000000,5.0,1463.1466,1340.2806,5187.5199,5310.3859,PENDING_AG03,FALSE,NOT_FOR_ENFORCEMENT,6384.6399,1800081.0682,6650.6665,6384.6399,266.0267,0.00321897,0.00309021,266.0267,6384.6399,0.00309021,266.0267,266.0267,266.0267,332.5333,332.5333,6384.6399,0.00309021,1463.1466,1340.2806,5187.5199,5310.3859,0.00251080,0.00257027,0.00012876,371.7316,502.2996,1.7816,195.6078,18.0235,60767.1779,109.7941,191.9923,404.8606,67.659,338.295,676.59,676.59,676.59,679.3478,270.636,-67.659,2.0,2.008152,1.098839,13,83,54,7,0.08038074,0.00321897,0.08024012,0E-8,0.000000,0.907555,0.005578,-0.08375330,2026-05-19,2026-07-26,34,369,121,69,0.492754,0.474218,0.516481,0.267936,,,,,,,,GLOBAL_BASELINE_NO_ENTITY_RANKING,,,NOT_APPLICABLE_GLOBAL_BASELINE,HF9g-P5,,,,X 全窗基线 · 不参与实体赏罚,14197465,1420,A168_HF9F_20260827_0900,2026-08-27 09:00:00
2026-07-24,145604771,925,0,258.1521739130,-258.1521739130,-258.1521739130,0E-7,1,1,0.50665070000000000,0.506650700000,-1.013391052207602,-1.013391052207602,-1.013391052207602,0E-17,ELIGIBLE,R03b_20260811_FULL_v1,L1_ELIGIBILITY,v2026-08-11,2026-03-21..2026-08-06,baccarat_bet02_101_all_pairs_incl_sentinel,round_win = game_pnl > 0 (decisive only),COMPATIBILITY_ONLY_NOT_PRODUCTION,2066084.0486,1875084.4460,6650.6665,5558,3733,-0.00321897,-0.08024012,0.00351318,-0.00321897,-6650.6665,2066084.0486,OK,0.0000,266.0267,4.0000,96.0000,AG03-UNRESOLVED,ALL5_LEVELS_bet23_to_bet27,266.0267,266.0267,266.0267,332.5333,332.5333,4.000000,4.000000,4.000000,5.000000,5.000000,96.000000,96.000000,96.000000,95.000000,95.000000,5.0,1463.1466,1340.2806,5187.5199,5310.3859,PENDING_AG03,FALSE,NOT_FOR_ENFORCEMENT,6384.6399,1800081.0682,6650.6665,6384.6399,266.0267,0.00321897,0.00309021,266.0267,6384.6399,0.00309021,266.0267,266.0267,266.0267,332.5333,332.5333,6384.6399,0.00309021,1463.1466,1340.2806,5187.5199,5310.3859,0.00251080,0.00257027,0.00012876,371.7316,502.2996,1.7816,195.6078,18.0235,60767.1779,109.7941,191.9923,404.8606,67.659,338.295,676.59,676.59,676.59,679.3478,270.636,-67.659,2.0,2.008152,1.098839,13,83,54,7,0.08038074,0.00321897,0.08024012,0E-8,0.000000,0.907555,0.005578,-0.08375330,2026-05-19,2026-07-26,34,369,121,69,0.492754,0.474218,0.516481,0.267936,,,,,,,,GLOBAL_BASELINE_NO_ENTITY_RANKING,,,NOT_APPLICABLE_GLOBAL_BASELINE,HF9g-P5,,,,X 全窗基线 · 不参与实体赏罚,14197466,1420,A168_HF9F_20260827_0900,2026-08-27 09:00:00
2026-07-25,145604771,1353,0,2004.0760869566,-679.3478260871,-679.3478260871,0.2500000,7,5,0.49209252780406453,0.401044420000,-0.9684912346559089,-0.6163694923440014,-0.9684912346559089,0.09104810780406453,ELIGIBLE,R03b_20260811_FULL_v1,L1_ELIGIBILITY,v2026-08-11,2026-03-21..2026-08-06,baccarat_bet02_101_all_pairs_incl_sentinel,round_win = game_pnl > 0 (decisive only),COMPATIBILITY_ONLY_NOT_PRODUCTION,2066084.0486,1875084.4460,6650.6665,5558,3733,-0.00321897,-0.08024012,0.00351318,-0.00321897,-6650.6665,2066084.0486,OK,0.0000,266.0267,4.0000,96.0000,AG03-UNRESOLVED,ALL5_LEVELS_bet23_to_bet27,266.0267,266.0267,266.0267,332.5333,332.5333,4.000000,4.000000,4.000000,5.000000,5.000000,96.000000,96.000000,96.000000,95.000000,95.000000,5.0,1463.1466,1340.2806,5187.5199,5310.3859,PENDING_AG03,FALSE,NOT_FOR_ENFORCEMENT,6384.6399,1800081.0682,6650.6665,6384.6399,266.0267,0.00321897,0.00309021,266.0267,6384.6399,0.00309021,266.0267,266.0267,266.0267,332.5333,332.5333,6384.6399,0.00309021,1463.1466,1340.2806,5187.5199,5310.3859,0.00251080,0.00257027,0.00012876,371.7316,502.2996,1.7816,195.6078,18.0235,60767.1779,109.7941,191.9923,404.8606,67.659,338.295,676.59,676.59,676.59,679.3478,270.636,-67.659,2.0,2.008152,1.098839,13,83,54,7,0.08038074,0.00321897,0.08024012,0E-8,0.000000,0.907555,0.005578,-0.08375330,2026-05-19,2026-07-26,34,369,121,69,0.492754,0.474218,0.516481,0.267936,,,,,,,,GLOBAL_BASELINE_NO_ENTITY_RANKING,,,NOT_APPLICABLE_GLOBAL_BASELINE,HF9g-P5,,,,X 全窗基线 · 不参与实体赏罚,14197467,1420,A168_HF9F_20260827_0900,2026-08-27 09:00:00
2026-07-26,145604771,1157,0,1358.6956521740,-679.3478260870,-679.3478260870,0E-7,3,3,0.50218230000000000,0.502182300000,-1.4203995680682369,-1.4203995680682369,-1.4203995680682369,0E-17,ELIGIBLE,R03b_20260811_FULL_v1,L1_ELIGIBILITY,v2026-08-11,2026-03-21..2026-08-06,baccarat_bet02_101_all_pairs_incl_sentinel,round_win = game_pnl > 0 (decisive only),COMPATIBILITY_ONLY_NOT_PRODUCTION,2066084.0486,1875084.4460,6650.6665,5558,3733,-0.00321897,-0.08024012,0.00351318,-0.00321897,-6650.6665,2066084.0486,OK,0.0000,266.0267,4.0000,96.0000,AG03-UNRESOLVED,ALL5_LEVELS_bet23_to_bet27,266.0267,266.0267,266.0267,332.5333,332.5333,4.000000,4.000000,4.000000,5.000000,5.000000,96.000000,96.000000,96.000000,95.000000,95.000000,5.0,1463.1466,1340.2806,5187.5199,5310.3859,PENDING_AG03,FALSE,NOT_FOR_ENFORCEMENT,6384.6399,1800081.0682,6650.6665,6384.6399,266.0267,0.00321897,0.00309021,266.0267,6384.6399,0.00309021,266.0267,266.0267,266.0267,332.5333,332.5333,6384.6399,0.00309021,1463.1466,1340.2806,5187.5199,5310.3859,0.00251080,0.00257027,0.00012876,371.7316,502.2996,1.7816,195.6078,18.0235,60767.1779,109.7941,191.9923,404.8606,67.659,338.295,676.59,676.59,676.59,679.3478,270.636,-67.659,2.0,2.008152,1.098839,13,83,54,7,0.08038074,0.00321897,0.08024012,0E-8,0.000000,0.907555,0.005578,-0.08375330,2026-05-19,2026-07-26,34,369,121,69,0.492754,0.474218,0.516481,0.267936,,,,,,,,GLOBAL_BASELINE_NO_ENTITY_RANKING,,,NOT_APPLICABLE_GLOBAL_BASELINE,HF9g-P5,,,,X 全窗基线 · 不参与实体赏罚,14197468,1420,A168_HF9F_20260827_0900,2026-08-27 09:00:00
2026-07-26,145604771,2147,0,679.3478260870,-679.3478260870,-679.3478260870,0E-7,1,1,0.50665070000000000,0.506650700000,-1.013391052207602,-1.013391052207602,-1.013391052207602,0E-17,ELIGIBLE,R03b_20260811_FULL_v1,L1_ELIGIBILITY,v2026-08-11,2026-03-21..2026-08-06,baccarat_bet02_101_all_pairs_incl_sentinel,round_win = game_pnl > 0 (decisive only),COMPATIBILITY_ONLY_NOT_PRODUCTION,2066084.0486,1875084.4460,6650.6665,5558,3733,-0.00321897,-0.08024012,0.00351318,-0.00321897,-6650.6665,2066084.0486,OK,0.0000,266.0267,4.0000,96.0000,AG03-UNRESOLVED,ALL5_LEVELS_bet23_to_bet27,266.0267,266.0267,266.0267,332.5333,332.5333,4.000000,4.000000,4.000000,5.000000,5.000000,96.000000,96.000000,96.000000,95.000000,95.000000,5.0,1463.1466,1340.2806,5187.5199,5310.3859,PENDING_AG03,FALSE,NOT_FOR_ENFORCEMENT,6384.6399,1800081.0682,6650.6665,6384.6399,266.0267,0.00321897,0.00309021,266.0267,6384.6399,0.00309021,266.0267,266.0267,266.0267,332.5333,332.5333,6384.6399,0.00309021,1463.1466,1340.2806,5187.5199,5310.3859,0.00251080,0.00257027,0.00012876,371.7316,502.2996,1.7816,195.6078,18.0235,60767.1779,109.7941,191.9923,404.8606,67.659,338.295,676.59,676.59,676.59,679.3478,270.636,-67.659,2.0,2.008152,1.098839,13,83,54,7,0.08038074,0.00321897,0.08024012,0E-8,0.000000,0.907555,0.005578,-0.08375330,2026-05-19,2026-07-26,34,369,121,69,0.492754,0.474218,0.516481,0.267936,,,,,,,,GLOBAL_BASELINE_NO_ENTITY_RANKING,,,NOT_APPLICABLE_GLOBAL_BASELINE,HF9g-P5,,,,X 全窗基线 · 不参与实体赏罚,14197469,1420,A168_HF9F_20260827_0900,2026-08-27 09:00:00
2026-03-28,139846499,-1,1,6680.6224820286,-368.4993548726,-368.4993548726,0.4827586,38,31,0.49041449205762041,0.450228777419,-0.08247141478106483,0.3521059329349584,-0.08247141478106483,0.04018571463862041,SENTINEL_DEALER,R03b_20260811_FULL_v1,L1_ELIGIBILITY,v2026-08-11,2026-03-21..2026-08-06,baccarat_bet02_101_all_pairs_incl_sentinel,round_win = game_pnl > 0 (decisive only),COMPATIBILITY_ONLY_NOT_PRODUCTION,125024.4794,114768.8074,6651.5718,709,634,-0.05320216,,-0.05320216,-0.05320216,-6651.5718,125024.4794,OK,0.0000,266.0629,4.0000,96.0000,AG03-UNRESOLVED,ALL5_LEVELS_bet23_to_bet27,266.0629,266.0629,266.0629,332.5786,332.5786,4.000000,4.000000,4.000000,5.000000,5.000000,96.000000,96.000000,96.000000,95.000000,95.000000,5.0,1463.3458,1340.4631,5188.2260,5311.1087,PENDING_AG03,FALSE,NOT_FOR_ENFORCEMENT,6385.5089,110178.0551,6651.5718,6385.5089,266.0629,0.05320216,0.05107407,266.0629,6385.5089,0.05107407,266.0629,266.0629,266.0629,332.5786,332.5786,6385.5089,0.05107407,1463.3458,1340.4631,5188.2260,5311.1087,0.04149768,0.04248055,0.00212809,176.3392,181.0234,10.4914,255.8297,53.2126,4808.6338,24.3846,,176.3392,60.3913,255.2156,261.7596,263.3173,263.3173,368.1208,175.1171,-2.5946,1.031745,1.442392,0.690942,27,76,35,7,0E-8,0.05320216,,0E-8,0.000000,0.917971,0.000000,,2026-03-28,2026-05-28,26,125,101,62,0.419355,,,0.000000,,,,,,,,GLOBAL_BASELINE_NO_ENTITY_RANKING,,,NOT_APPLICABLE_GLOBAL_BASELINE,HF9g-P5,,,,X 全窗基线 · 不参与实体赏罚,14197470,1420,A168_HF9F_20260827_0900,2026-08-27 09:00:00
2026-03-28,139846499,1017,0,131.9219527609,-131.9219527609,-131.9219527609,0E-7,1,1,0.49324550000000000,0.493245500000,-0.9865810262130424,-0.9865810262130424,-0.9865810262130424,0E-17,ELIGIBLE,R03b_20260811_FULL_v1,L1_ELIGIBILITY,v2026-08-11,2026-03-21..2026-08-06,baccarat_bet02_101_all_pairs_incl_sentinel,round_win = game_pnl > 0 (decisive only),COMPATIBILITY_ONLY_NOT_PRODUCTION,125024.4794,114768.8074,6651.5718,709,634,-0.05320216,,-0.05320216,-0.05320216,-6651.5718,125024.4794,OK,0.0000,266.0629,4.0000,96.0000,AG03-UNRESOLVED,ALL5_LEVELS_bet23_to_bet27,266.0629,266.0629,266.0629,332.5786,332.5786,4.000000,4.000000,4.000000,5.000000,5.000000,96.000000,96.000000,96.000000,95.000000,95.000000,5.0,1463.3458,1340.4631,5188.2260,5311.1087,PENDING_AG03,FALSE,NOT_FOR_ENFORCEMENT,6385.5089,110178.0551,6651.5718,6385.5089,266.0629,0.05320216,0.05107407,266.0629,6385.5089,0.05107407,266.0629,266.0629,266.0629,332.5786,332.5786,6385.5089,0.05107407,1463.3458,1340.4631,5188.2260,5311.1087,0.04149768,0.04248055,0.00212809,176.3392,181.0234,10.4914,255.8297,53.2126,4808.6338,24.3846,,176.3392,60.3913,255.2156,261.7596,263.3173,263.3173,368.1208,175.1171,-2.5946,1.031745,1.442392,0.690942,27,76,35,7,0E-8,0.05320216,,0E-8,0.000000,0.917971,0.000000,,2026-03-28,2026-05-28,26,125,101,62,0.419355,,,0.000000,,,,,,,,GLOBAL_BASELINE_NO_ENTITY_RANKING,,,NOT_APPLICABLE_GLOBAL_BASELINE,HF9g-P5,,,,X 全窗基线 · 不参与实体赏罚,14197471,1420,A168_HF9F_20260827_0900,2026-08-27 09:00:00
2026-03-28,139846499,1094,0,1053.2690839192,-276.4831345288,-276.4831345288,0.3333333,4,4,0.49994810000000000,0.499948100000,-0.5771704854251445,-0.5771704854251445,-0.5771704854251445,0E-17,ELIGIBLE,R03b_20260811_FULL_v1,L1_ELIGIBILITY,v2026-08-11,2026-03-21..2026-08-06,baccarat_bet02_101_all_pairs_incl_sentinel,round_win = game_pnl > 0 (decisive only),COMPATIBILITY_ONLY_NOT_PRODUCTION,125024.4794,114768.8074,6651.5718,709,634,-0.05320216,,-0.05320216,-0.05320216,-6651.5718,125024.4794,OK,0.0000,266.0629,4.0000,96.0000,AG03-UNRESOLVED,ALL5_LEVELS_bet23_to_bet27,266.0629,266.0629,266.0629,332.5786,332.5786,4.000000,4.000000,4.000000,5.000000,5.000000,96.000000,96.000000,96.000000,95.000000,95.000000,5.0,1463.3458,1340.4631,5188.2260,5311.1087,PENDING_AG03,FALSE,NOT_FOR_ENFORCEMENT,6385.5089,110178.0551,6651.5718,6385.5089,266.0629,0.05320216,0.05107407,266.0629,6385.5089,0.05107407,266.0629,266.0629,266.0629,332.5786,332.5786,6385.5089,0.05107407,1463.3458,1340.4631,5188.2260,5311.1087,0.04149768,0.04248055,0.00212809,176.3392,181.0234,10.4914,255.8297,53.2126,4808.6338,24.3846,,176.3392,60.3913,255.2156,261.7596,263.3173,263.3173,368.1208,175.1171,-2.5946,1.031745,1.442392,0.690942,27,76,35,7,0E-8,0.05320216,,0E-8,0.000000,0.917971,0.000000,,2026-03-28,2026-05-28,26,125,101,62,0.419355,,,0.000000,,,,,,,,GLOBAL_BASELINE_NO_ENTITY_RANKING,,,NOT_APPLICABLE_GLOBAL_BASELINE,HF9g-P5,,,,X 全窗基线 · 不参与实体赏罚,14197472,1420,A168_HF9F_20260827_0900,2026-08-27 09:00:00
2026-03-28,139846499,1115,0,3154.5409063381,1041.4198067250,1041.4198067250,0.7000000,20,12,0.47656032801794291,0.377943156944,1.4147119582985184,2.10041084633579,1.4147119582985184,0.09861717107394291,ELIGIBLE,R03b_20260811_FULL_v1,L1_ELIGIBILITY,v2026-08-11,2026-03-21..2026-08-06,baccarat_bet02_101_all_pairs_incl_sentinel,round_win = game_pnl > 0 (decisive only),COMPATIBILITY_ONLY_NOT_PRODUCTION,125024.4794,114768.8074,6651.5718,709,634,-0.05320216,,-0.05320216,-0.05320216,-6651.5718,125024.4794,OK,0.0000,266.0629,4.0000,96.0000,AG03-UNRESOLVED,ALL5_LEVELS_bet23_to_bet27,266.0629,266.0629,266.0629,332.5786,332.5786,4.000000,4.000000,4.000000,5.000000,5.000000,96.000000,96.000000,96.000000,95.000000,95.000000,5.0,1463.3458,1340.4631,5188.2260,5311.1087,PENDING_AG03,FALSE,NOT_FOR_ENFORCEMENT,6385.5089,110178.0551,6651.5718,6385.5089,266.0629,0.05320216,0.05107407,266.0629,6385.5089,0.05107407,266.0629,266.0629,266.0629,332.5786,332.5786,6385.5089,0.05107407,1463.3458,1340.4631,5188.2260,5311.1087,0.04149768,0.04248055,0.00212809,176.3392,181.0234,10.4914,255.8297,53.2126,4808.6338,24.3846,,176.3392,60.3913,255.2156,261.7596,263.3173,263.3173,368.1208,175.1171,-2.5946,1.031745,1.442392,0.690942,27,76,35,7,0E-8,0.05320216,,0E-8,0.000000,0.917971,0.000000,,2026-03-28,2026-05-28,26,125,101,62,0.419355,,,0.000000,,,,,,,,GLOBAL_BASELINE_NO_ENTITY_RANKING,,,NOT_APPLICABLE_GLOBAL_BASELINE,HF9g-P5,,,,X 全窗基线 · 不参与实体赏罚,14197473,1420,A168_HF9F_20260827_0900,2026-08-27 09:00:00
2026-03-28,139846499,1299,0,526.6345419596,-13.1658635490,-13.1658635490,0.5000000,2,2,0.49994810000000000,0.499948100000,0.00014679536856514622,0.00014679536856514622,0.00014679536856514622,0E-17,ELIGIBLE,R03b_20260811_FULL_v1,L1_ELIGIBILITY,v2026-08-11,2026-03-21..2026-08-06,baccarat_bet02_101_all_pairs_incl_sentinel,round_win = game_pnl > 0 (decisive only),COMPATIBILITY_ONLY_NOT_PRODUCTION,125024.4794,114768.8074,6651.5718,709,634,-0.05320216,,-0.05320216,-0.05320216,-6651.5718,125024.4794,OK,0.0000,266.0629,4.0000,96.0000,AG03-UNRESOLVED,ALL5_LEVELS_bet23_to_bet27,266.0629,266.0629,266.0629,332.5786,332.5786,4.000000,4.000000,4.000000,5.000000,5.000000,96.000000,96.000000,96.000000,95.000000,95.000000,5.0,1463.3458,1340.4631,5188.2260,5311.1087,PENDING_AG03,FALSE,NOT_FOR_ENFORCEMENT,6385.5089,110178.0551,6651.5718,6385.5089,266.0629,0.05320216,0.05107407,266.0629,6385.5089,0.05107407,266.0629,266.0629,266.0629,332.5786,332.5786,6385.5089,0.05107407,1463.3458,1340.4631,5188.2260,5311.1087,0.04149768,0.04248055,0.00212809,176.3392,181.0234,10.4914,255.8297,53.2126,4808.6338,24.3846,,176.3392,60.3913,255.2156,261.7596,263.3173,263.3173,368.1208,175.1171,-2.5946,1.031745,1.442392,0.690942,27,76,35,7,0E-8,0.05320216,,0E-8,0.000000,0.917971,0.000000,,2026-03-28,2026-05-28,26,125,101,62,0.419355,,,0.000000,,,,,,,,GLOBAL_BASELINE_NO_ENTITY_RANKING,,,NOT_APPLICABLE_GLOBAL_BASELINE,HF9g-P5,,,,X 全窗基线 · 不参与实体赏罚,14197474,1420,A168_HF9F_20260827_0900,2026-08-27 09:00:00
2026-03-28,139846499,1323,0,4634.9106037865,-777.3125839325,-777.3125839325,0.4117647,19,18,0.50068591231883861,0.492225991667,-0.7332637429558503,-0.663580972279081,-0.7332637429558503,0.00845992065183861,ELIGIBLE,R03b_20260811_FULL_v1,L1_ELIGIBILITY,v2026-08-11,2026-03-21..2026-08-06,baccarat_bet02_101_all_pairs_incl_sentinel,round_win = game_pnl > 0 (decisive only),COMPATIBILITY_ONLY_NOT_PRODUCTION,125024.4794,114768.8074,6651.5718,709,634,-0.05320216,,-0.05320216,-0.05320216,-6651.5718,125024.4794,OK,0.0000,266.0629,4.0000,96.0000,AG03-UNRESOLVED,ALL5_LEVELS_bet23_to_bet27,266.0629,266.0629,266.0629,332.5786,332.5786,4.000000,4.000000,4.000000,5.000000,5.000000,96.000000,96.000000,96.000000,95.000000,95.000000,5.0,1463.3458,1340.4631,5188.2260,5311.1087,PENDING_AG03,FALSE,NOT_FOR_ENFORCEMENT,6385.5089,110178.0551,6651.5718,6385.5089,266.0629,0.05320216,0.05107407,266.0629,6385.5089,0.05107407,266.0629,266.0629,266.0629,332.5786,332.5786,6385.5089,0.05107407,1463.3458,1340.4631,5188.2260,5311.1087,0.04149768,0.04248055,0.00212809,176.3392,181.0234,10.4914,255.8297,53.2126,4808.6338,24.3846,,176.3392,60.3913,255.2156,261.7596,263.3173,263.3173,368.1208,175.1171,-2.5946,1.031745,1.442392,0.690942,27,76,35,7,0E-8,0.05320216,,0E-8,0.000000,0.917971,0.000000,,2026-03-28,2026-05-28,26,125,101,62,0.419355,,,0.000000,,,,,,,,GLOBAL_BASELINE_NO_ENTITY_RANKING,,,NOT_APPLICABLE_GLOBAL_BASELINE,HF9g-P5,,,,X 全窗基线 · 不参与实体赏罚,14197475,1420,A168_HF9F_20260827_0900,2026-08-27 09:00:00
2026-03-28,139846499,1330,0,903.1782394607,-376.5436975011,-376.5436975011,0.2500000,4,4,0.49994810000000000,0.499948100000,-0.9997924053861017,-0.9997924053861017,-0.9997924053861017,0E-17,ELIGIBLE,R03b_20260811_FULL_v1,L1_ELIGIBILITY,v2026-08-11,2026-03-21..2026-08-06,baccarat_bet02_101_all_pairs_incl_sentinel,round_win = game_pnl > 0 (decisive only),COMPATIBILITY_ONLY_NOT_PRODUCTION,125024.4794,114768.8074,6651.5718,709,634,-0.05320216,,-0.05320216,-0.05320216,-6651.5718,125024.4794,OK,0.0000,266.0629,4.0000,96.0000,AG03-UNRESOLVED,ALL5_LEVELS_bet23_to_bet27,266.0629,266.0629,266.0629,332.5786,332.5786,4.000000,4.000000,4.000000,5.000000,5.000000,96.000000,96.000000,96.000000,95.000000,95.000000,5.0,1463.3458,1340.4631,5188.2260,5311.1087,PENDING_AG03,FALSE,NOT_FOR_ENFORCEMENT,6385.5089,110178.0551,6651.5718,6385.5089,266.0629,0.05320216,0.05107407,266.0629,6385.5089,0.05107407,266.0629,266.0629,266.0629,332.5786,332.5786,6385.5089,0.05107407,1463.3458,1340.4631,5188.2260,5311.1087,0.04149768,0.04248055,0.00212809,176.3392,181.0234,10.4914,255.8297,53.2126,4808.6338,24.3846,,176.3392,60.3913,255.2156,261.7596,263.3173,263.3173,368.1208,175.1171,-2.5946,1.031745,1.442392,0.690942,27,76,35,7,0E-8,0.05320216,,0E-8,0.000000,0.917971,0.000000,,2026-03-28,2026-05-28,26,125,101,62,0.419355,,,0.000000,,,,,,,,GLOBAL_BASELINE_NO_ENTITY_RANKING,,,NOT_APPLICABLE_GLOBAL_BASELINE,HF9g-P5,,,,X 全窗基线 · 不参与实体赏罚,14197476,1420,A168_HF9F_20260827_0900,2026-08-27 09:00:00
2026-03-28,139846499,1363,0,3114.5166811491,374.4371593333,374.4371593333,0.5454545,14,12,0.49016485434782036,0.465610775000,0.36682129253040374,0.530880804614967,0.36682129253040374,0.02455407934782036,ELIGIBLE,R03b_20260811_FULL_v1,L1_ELIGIBILITY,v2026-08-11,2026-03-21..2026-08-06,baccarat_bet02_101_all_pairs_incl_sentinel,round_win = game_pnl > 0 (decisive only),COMPATIBILITY_ONLY_NOT_PRODUCTION,125024.4794,114768.8074,6651.5718,709,634,-0.05320216,,-0.05320216,-0.05320216,-6651.5718,125024.4794,OK,0.0000,266.0629,4.0000,96.0000,AG03-UNRESOLVED,ALL5_LEVELS_bet23_to_bet27,266.0629,266.0629,266.0629,332.5786,332.5786,4.000000,4.000000,4.000000,5.000000,5.000000,96.000000,96.000000,96.000000,95.000000,95.000000,5.0,1463.3458,1340.4631,5188.2260,5311.1087,PENDING_AG03,FALSE,NOT_FOR_ENFORCEMENT,6385.5089,110178.0551,6651.5718,6385.5089,266.0629,0.05320216,0.05107407,266.0629,6385.5089,0.05107407,266.0629,266.0629,266.0629,332.5786,332.5786,6385.5089,0.05107407,1463.3458,1340.4631,5188.2260,5311.1087,0.04149768,0.04248055,0.00212809,176.3392,181.0234,10.4914,255.8297,53.2126,4808.6338,24.3846,,176.3392,60.3913,255.2156,261.7596,263.3173,263.3173,368.1208,175.1171,-2.5946,1.031745,1.442392,0.690942,27,76,35,7,0E-8,0.05320216,,0E-8,0.000000,0.917971,0.000000,,2026-03-28,2026-05-28,26,125,101,62,0.419355,,,0.000000,,,,,,,,GLOBAL_BASELINE_NO_ENTITY_RANKING,,,NOT_APPLICABLE_GLOBAL_BASELINE,HF9g-P5,,,,X 全窗基线 · 不参与实体赏罚,14197477,1420,A168_HF9F_20260827_0900,2026-08-27 09:00:00
2026-03-28,139846499,1374,0,2003.8444321564,563.4989598966,563.4989598966,0.7142857,13,7,0.47061502337514134,0.340211840476,1.2916165913159692,2.0889566431957256,1.2916165913159692,0.13040318289914134,ELIGIBLE,R03b_20260811_FULL_v1,L1_ELIGIBILITY,v2026-08-11,2026-03-21..2026-08-06,baccarat_bet02_101_all_pairs_incl_sentinel,round_win = game_pnl > 0 (decisive only),COMPATIBILITY_ONLY_NOT_PRODUCTION,125024.4794,114768.8074,6651.5718,709,634,-0.05320216,,-0.05320216,-0.05320216,-6651.5718,125024.4794,OK,0.0000,266.0629,4.0000,96.0000,AG03-UNRESOLVED,ALL5_LEVELS_bet23_to_bet27,266.0629,266.0629,266.0629,332.5786,332.5786,4.000000,4.000000,4.000000,5.000000,5.000000,96.000000,96.000000,96.000000,95.000000,95.000000,5.0,1463.3458,1340.4631,5188.2260,5311.1087,PENDING_AG03,FALSE,NOT_FOR_ENFORCEMENT,6385.5089,110178.0551,6651.5718,6385.5089,266.0629,0.05320216,0.05107407,266.0629,6385.5089,0.05107407,266.0629,266.0629,266.0629,332.5786,332.5786,6385.5089,0.05107407,1463.3458,1340.4631,5188.2260,5311.1087,0.04149768,0.04248055,0.00212809,176.3392,181.0234,10.4914,255.8297,53.2126,4808.6338,24.3846,,176.3392,60.3913,255.2156,261.7596,263.3173,263.3173,368.1208,175.1171,-2.5946,1.031745,1.442392,0.690942,27,76,35,7,0E-8,0.05320216,,0E-8,0.000000,0.917971,0.000000,,2026-03-28,2026-05-28,26,125,101,62,0.419355,,,0.000000,,,,,,,,GLOBAL_BASELINE_NO_ENTITY_RANKING,,,NOT_APPLICABLE_GLOBAL_BASELINE,HF9g-P5,,,,X 全窗基线 · 不参与实体赏罚,14197478,1420,A168_HF9F_20260827_0900,2026-08-27 09:00:00
2026-03-28,139846499,1399,0,399.9789346183,127.7747057430,127.7747057430,0.6666667,3,3,0.49771390000000000,0.497713900000,0.5852756695216578,0.5852756695216578,0.5852756695216578,0E-17,ELIGIBLE,R03b_20260811_FULL_v1,L1_ELIGIBILITY,v2026-08-11,2026-03-21..2026-08-06,baccarat_bet02_101_all_pairs_incl_sentinel,round_win = game_pnl > 0 (decisive only),COMPATIBILITY_ONLY_NOT_PRODUCTION,125024.4794,114768.8074,6651.5718,709,634,-0.05320216,,-0.05320216,-0.05320216,-6651.5718,125024.4794,OK,0.0000,266.0629,4.0000,96.0000,AG03-UNRESOLVED,ALL5_LEVELS_bet23_to_bet27,266.0629,266.0629,266.0629,332.5786,332.5786,4.000000,4.000000,4.000000,5.000000,5.000000,96.000000,96.000000,96.000000,95.000000,95.000000,5.0,1463.3458,1340.4631,5188.2260,5311.1087,PENDING_AG03,FALSE,NOT_FOR_ENFORCEMENT,6385.5089,110178.0551,6651.5718,6385.5089,266.0629,0.05320216,0.05107407,266.0629,6385.5089,0.05107407,266.0629,266.0629,266.0629,332.5786,332.5786,6385.5089,0.05107407,1463.3458,1340.4631,5188.2260,5311.1087,0.04149768,0.04248055,0.00212809,176.3392,181.0234,10.4914,255.8297,53.2126,4808.6338,24.3846,,176.3392,60.3913,255.2156,261.7596,263.3173,263.3173,368.1208,175.1171,-2.5946,1.031745,1.442392,0.690942,27,76,35,7,0E-8,0.05320216,,0E-8,0.000000,0.917971,0.000000,,2026-03-28,2026-05-28,26,125,101,62,0.419355,,,0.000000,,,,,,,,GLOBAL_BASELINE_NO_ENTITY_RANKING,,,NOT_APPLICABLE_GLOBAL_BASELINE,HF9g-P5,,,,X 全窗基线 · 不参与实体赏罚,14197479,1420,A168_HF9F_20260827_0900,2026-08-27 09:00:00
2026-03-28,139846499,1702,0,443.1629670590,-79.2584985650,-79.2584985650,0.4000000,5,5,0.50128862000000000,0.501288620000,-0.4529779837142727,-0.4529779837142727,-0.4529779837142727,0E-17,ELIGIBLE,R03b_20260811_FULL_v1,L1_ELIGIBILITY,v2026-08-11,2026-03-21..2026-08-06,baccarat_bet02_101_all_pairs_incl_sentinel,round_win = game_pnl > 0 (decisive only),COMPATIBILITY_ONLY_NOT_PRODUCTION,125024.4794,114768.8074,6651.5718,709,634,-0.05320216,,-0.05320216,-0.05320216,-6651.5718,125024.4794,OK,0.0000,266.0629,4.0000,96.0000,AG03-UNRESOLVED,ALL5_LEVELS_bet23_to_bet27,266.0629,266.0629,266.0629,332.5786,332.5786,4.000000,4.000000,4.000000,5.000000,5.000000,96.000000,96.000000,96.000000,95.000000,95.000000,5.0,1463.3458,1340.4631,5188.2260,5311.1087,PENDING_AG03,FALSE,NOT_FOR_ENFORCEMENT,6385.5089,110178.0551,6651.5718,6385.5089,266.0629,0.05320216,0.05107407,266.0629,6385.5089,0.05107407,266.0629,266.0629,266.0629,332.5786,332.5786,6385.5089,0.05107407,1463.3458,1340.4631,5188.2260,5311.1087,0.04149768,0.04248055,0.00212809,176.3392,181.0234,10.4914,255.8297,53.2126,4808.6338,24.3846,,176.3392,60.3913,255.2156,261.7596,263.3173,263.3173,368.1208,175.1171,-2.5946,1.031745,1.442392,0.690942,27,76,35,7,0E-8,0.05320216,,0E-8,0.000000,0.917971,0.000000,,2026-03-28,2026-05-28,26,125,101,62,0.419355,,,0.000000,,,,,,,,GLOBAL_BASELINE_NO_ENTITY_RANKING,,,NOT_APPLICABLE_GLOBAL_BASELINE,HF9g-P5,,,,X 全窗基线 · 不参与实体赏罚,14197480,1420,A168_HF9F_20260827_0900,2026-08-27 09:00:00
2026-03-28,139846499,1704,0,263.3172709798,-263.3172709798,-263.3172709798,0E-7,1,1,0.49324550000000000,0.493245500000,-0.9865810262130424,-0.9865810262130424,-0.9865810262130424,0E-17,ELIGIBLE,R03b_20260811_FULL_v1,L1_ELIGIBILITY,v2026-08-11,2026-03-21..2026-08-06,baccarat_bet02_101_all_pairs_incl_sentinel,round_win = game_pnl > 0 (decisive only),COMPATIBILITY_ONLY_NOT_PRODUCTION,125024.4794,114768.8074,6651.5718,709,634,-0.05320216,,-0.05320216,-0.05320216,-6651.5718,125024.4794,OK,0.0000,266.0629,4.0000,96.0000,AG03-UNRESOLVED,ALL5_LEVELS_bet23_to_bet27,266.0629,266.0629,266.0629,332.5786,332.5786,4.000000,4.000000,4.000000,5.000000,5.000000,96.000000,96.000000,96.000000,95.000000,95.000000,5.0,1463.3458,1340.4631,5188.2260,5311.1087,PENDING_AG03,FALSE,NOT_FOR_ENFORCEMENT,6385.5089,110178.0551,6651.5718,6385.5089,266.0629,0.05320216,0.05107407,266.0629,6385.5089,0.05107407,266.0629,266.0629,266.0629,332.5786,332.5786,6385.5089,0.05107407,1463.3458,1340.4631,5188.2260,5311.1087,0.04149768,0.04248055,0.00212809,176.3392,181.0234,10.4914,255.8297,53.2126,4808.6338,24.3846,,176.3392,60.3913,255.2156,261.7596,263.3173,263.3173,368.1208,175.1171,-2.5946,1.031745,1.442392,0.690942,27,76,35,7,0E-8,0.05320216,,0E-8,0.000000,0.917971,0.000000,,2026-03-28,2026-05-28,26,125,101,62,0.419355,,,0.000000,,,,,,,,GLOBAL_BASELINE_NO_ENTITY_RANKING,,,NOT_APPLICABLE_GLOBAL_BASELINE,HF9g-P5,,,,X 全窗基线 · 不参与实体赏罚,14197481,1420,A168_HF9F_20260827_0900,2026-08-27 09:00:00
2026-03-28,139846499,1949,0,2390.3941859546,-586.6708797430,-586.6708797430,0.3750000,10,9,0.49599844700062196,0.477056550000,-0.6844925002200345,-0.5779277937550202,-0.6844925002200345,0.01894189700062196,ELIGIBLE,R03b_20260811_FULL_v1,L1_ELIGIBILITY,v2026-08-11,2026-03-21..2026-08-06,baccarat_bet02_101_all_pairs_incl_sentinel,round_win = game_pnl > 0 (decisive only),COMPATIBILITY_ONLY_NOT_PRODUCTION,125024.4794,114768.8074,6651.5718,709,634,-0.05320216,,-0.05320216,-0.05320216,-6651.5718,125024.4794,OK,0.0000,266.0629,4.0000,96.0000,AG03-UNRESOLVED,ALL5_LEVELS_bet23_to_bet27,266.0629,266.0629,266.0629,332.5786,332.5786,4.000000,4.000000,4.000000,5.000000,5.000000,96.000000,96.000000,96.000000,95.000000,95.000000,5.0,1463.3458,1340.4631,5188.2260,5311.1087,PENDING_AG03,FALSE,NOT_FOR_ENFORCEMENT,6385.5089,110178.0551,6651.5718,6385.5089,266.0629,0.05320216,0.05107407,266.0629,6385.5089,0.05107407,266.0629,266.0629,266.0629,332.5786,332.5786,6385.5089,0.05107407,1463.3458,1340.4631,5188.2260,5311.1087,0.04149768,0.04248055,0.00212809,176.3392,181.0234,10.4914,255.8297,53.2126,4808.6338,24.3846,,176.3392,60.3913,255.2156,261.7596,263.3173,263.3173,368.1208,175.1171,-2.5946,1.031745,1.442392,0.690942,27,76,35,7,0E-8,0.05320216,,0E-8,0.000000,0.917971,0.000000,,2026-03-28,2026-05-28,26,125,101,62,0.419355,,,0.000000,,,,,,,,GLOBAL_BASELINE_NO_ENTITY_RANKING,,,NOT_APPLICABLE_GLOBAL_BASELINE,HF9g-P5,,,,X 全窗基线 · 不参与实体赏罚,14197482,1420,A168_HF9F_20260827_0900,2026-08-27 09:00:00
2026-03-28,139846499,1994,0,52.6634541959,51.8998341101,51.8998341101,1.0000000,3,3,0.49771390000000000,0.497713900000,1.739988277604938,1.739988277604938,1.739988277604938,0E-17,ELIGIBLE,R03b_20260811_FULL_v1,L1_ELIGIBILITY,v2026-08-11,2026-03-21..2026-08-06,baccarat_bet02_101_all_pairs_incl_sentinel,round_win = game_pnl > 0 (decisive only),COMPATIBILITY_ONLY_NOT_PRODUCTION,125024.4794,114768.8074,6651.5718,709,634,-0.05320216,,-0.05320216,-0.05320216,-6651.5718,125024.4794,OK,0.0000,266.0629,4.0000,96.0000,AG03-UNRESOLVED,ALL5_LEVELS_bet23_to_bet27,266.0629,266.0629,266.0629,332.5786,332.5786,4.000000,4.000000,4.000000,5.000000,5.000000,96.000000,96.000000,96.000000,95.000000,95.000000,5.0,1463.3458,1340.4631,5188.2260,5311.1087,PENDING_AG03,FALSE,NOT_FOR_ENFORCEMENT,6385.5089,110178.0551,6651.5718,6385.5089,266.0629,0.05320216,0.05107407,266.0629,6385.5089,0.05107407,266.0629,266.0629,266.0629,332.5786,332.5786,6385.5089,0.05107407,1463.3458,1340.4631,5188.2260,5311.1087,0.04149768,0.04248055,0.00212809,176.3392,181.0234,10.4914,255.8297,53.2126,4808.6338,24.3846,,176.3392,60.3913,255.2156,261.7596,263.3173,263.3173,368.1208,175.1171,-2.5946,1.031745,1.442392,0.690942,27,76,35,7,0E-8,0.05320216,,0E-8,0.000000,0.917971,0.000000,,2026-03-28,2026-05-28,26,125,101,62,0.419355,,,0.000000,,,,,,,,GLOBAL_BASELINE_NO_ENTITY_RANKING,,,NOT_APPLICABLE_GLOBAL_BASELINE,HF9g-P5,,,,X 全窗基线 · 不参与实体赏罚,14197483,1420,A168_HF9F_20260827_0900,2026-08-27 09:00:00
2026-03-28,139846499,2088,0,59.5097032414,-59.5097032414,-59.5097032414,0E-7,1,1,0.50665070000000000,0.506650700000,-1.013391052207602,-1.013391052207602,-1.013391052207602,0E-17,ELIGIBLE,R03b_20260811_FULL_v1,L1_ELIGIBILITY,v2026-08-11,2026-03-21..2026-08-06,baccarat_bet02_101_all_pairs_incl_sentinel,round_win = game_pnl > 0 (decisive only),COMPATIBILITY_ONLY_NOT_PRODUCTION,125024.4794,114768.8074,6651.5718,709,634,-0.05320216,,-0.05320216,-0.05320216,-6651.5718,125024.4794,OK,0.0000,266.0629,4.0000,96.0000,AG03-UNRESOLVED,ALL5_LEVELS_bet23_to_bet27,266.0629,266.0629,266.0629,332.5786,332.5786,4.000000,4.000000,4.000000,5.000000,5.000000,96.000000,96.000000,96.000000,95.000000,95.000000,5.0,1463.3458,1340.4631,5188.2260,5311.1087,PENDING_AG03,FALSE,NOT_FOR_ENFORCEMENT,6385.5089,110178.0551,6651.5718,6385.5089,266.0629,0.05320216,0.05107407,266.0629,6385.5089,0.05107407,266.0629,266.0629,266.0629,332.5786,332.5786,6385.5089,0.05107407,1463.3458,1340.4631,5188.2260,5311.1087,0.04149768,0.04248055,0.00212809,176.3392,181.0234,10.4914,255.8297,53.2126,4808.6338,24.3846,,176.3392,60.3913,255.2156,261.7596,263.3173,263.3173,368.1208,175.1171,-2.5946,1.031745,1.442392,0.690942,27,76,35,7,0E-8,0.05320216,,0E-8,0.000000,0.917971,0.000000,,2026-03-28,2026-05-28,26,125,101,62,0.419355,,,0.000000,,,,,,,,GLOBAL_BASELINE_NO_ENTITY_RANKING,,,NOT_APPLICABLE_GLOBAL_BASELINE,HF9g-P5,,,,X 全窗基线 · 不参与实体赏罚,14197484,1420,A168_HF9F_20260827_0900,2026-08-27 09:00:00
2026-03-28,139846499,2101,0,4494.8258156254,271.2167891090,271.2167891090,0.5625000,25,16,0.47790853176078246,0.391769739583,0.6773932493842582,1.3990107078637175,0.6773932493842582,0.08613879217778246,ELIGIBLE,R03b_20260811_FULL_v1,L1_ELIGIBILITY,v2026-08-11,2026-03-21..2026-08-06,baccarat_bet02_101_all_pairs_incl_sentinel,round_win = game_pnl > 0 (decisive only),COMPATIBILITY_ONLY_NOT_PRODUCTION,125024.4794,114768.8074,6651.5718,709,634,-0.05320216,,-0.05320216,-0.05320216,-6651.5718,125024.4794,OK,0.0000,266.0629,4.0000,96.0000,AG03-UNRESOLVED,ALL5_LEVELS_bet23_to_bet27,266.0629,266.0629,266.0629,332.5786,332.5786,4.000000,4.000000,4.000000,5.000000,5.000000,96.000000,96.000000,96.000000,95.000000,95.000000,5.0,1463.3458,1340.4631,5188.2260,5311.1087,PENDING_AG03,FALSE,NOT_FOR_ENFORCEMENT,6385.5089,110178.0551,6651.5718,6385.5089,266.0629,0.05320216,0.05107407,266.0629,6385.5089,0.05107407,266.0629,266.0629,266.0629,332.5786,332.5786,6385.5089,0.05107407,1463.3458,1340.4631,5188.2260,5311.1087,0.04149768,0.04248055,0.00212809,176.3392,181.0234,10.4914,255.8297,53.2126,4808.6338,24.3846,,176.3392,60.3913,255.2156,261.7596,263.3173,263.3173,368.1208,175.1171,-2.5946,1.031745,1.442392,0.690942,27,76,35,7,0E-8,0.05320216,,0E-8,0.000000,0.917971,0.000000,,2026-03-28,2026-05-28,26,125,101,62,0.419355,,,0.000000,,,,,,,,GLOBAL_BASELINE_NO_ENTITY_RANKING,,,NOT_APPLICABLE_GLOBAL_BASELINE,HF9g-P5,,,,X 全窗基线 · 不参与实体赏罚,14197485,1420,A168_HF9F_20260827_0900,2026-08-27 09:00:00
2026-03-28,139846499,2115,0,3017.6159254286,-1464.0440266478,-1464.0440266478,0.2500000,15,12,0.48762885543477374,0.449559212500,-1.6468451645550333,-1.3896762963454163,-1.6468451645550333,0.03806964293477374,ELIGIBLE,R03b_20260811_FULL_v1,L1_ELIGIBILITY,v2026-08-11,2026-03-21..2026-08-06,baccarat_bet02_101_all_pairs_incl_sentinel,round_win = game_pnl > 0 (decisive only),COMPATIBILITY_ONLY_NOT_PRODUCTION,125024.4794,114768.8074,6651.5718,709,634,-0.05320216,,-0.05320216,-0.05320216,-6651.5718,125024.4794,OK,0.0000,266.0629,4.0000,96.0000,AG03-UNRESOLVED,ALL5_LEVELS_bet23_to_bet27,266.0629,266.0629,266.0629,332.5786,332.5786,4.000000,4.000000,4.000000,5.000000,5.000000,96.000000,96.000000,96.000000,95.000000,95.000000,5.0,1463.3458,1340.4631,5188.2260,5311.1087,PENDING_AG03,FALSE,NOT_FOR_ENFORCEMENT,6385.5089,110178.0551,6651.5718,6385.5089,266.0629,0.05320216,0.05107407,266.0629,6385.5089,0.05107407,266.0629,266.0629,266.0629,332.5786,332.5786,6385.5089,0.05107407,1463.3458,1340.4631,5188.2260,5311.1087,0.04149768,0.04248055,0.00212809,176.3392,181.0234,10.4914,255.8297,53.2126,4808.6338,24.3846,,176.3392,60.3913,255.2156,261.7596,263.3173,263.3173,368.1208,175.1171,-2.5946,1.031745,1.442392,0.690942,27,76,35,7,0E-8,0.05320216,,0E-8,0.000000,0.917971,0.000000,,2026-03-28,2026-05-28,26,125,101,62,0.419355,,,0.000000,,,,,,,,GLOBAL_BASELINE_NO_ENTITY_RANKING,,,NOT_APPLICABLE_GLOBAL_BASELINE,HF9g-P5,,,,X 全窗基线 · 不参与实体赏罚,14197486,1420,A168_HF9F_20260827_0900,2026-08-27 09:00:00
2026-03-28,139846499,2123,0,3411.2752455434,1025.6207704662,1025.6207704662,0.6666667,16,13,0.48832990568561072,0.453950865385,1.2358900038063554,1.4800285370749156,1.2358900038063554,0.03437904030061072,ELIGIBLE,R03b_20260811_FULL_v1,L1_ELIGIBILITY,v2026-08-11,2026-03-21..2026-08-06,baccarat_bet02_101_all_pairs_incl_sentinel,round_win = game_pnl > 0 (decisive only),COMPATIBILITY_ONLY_NOT_PRODUCTION,125024.4794,114768.8074,6651.5718,709,634,-0.05320216,,-0.05320216,-0.05320216,-6651.5718,125024.4794,OK,0.0000,266.0629,4.0000,96.0000,AG03-UNRESOLVED,ALL5_LEVELS_bet23_to_bet27,266.0629,266.0629,266.0629,332.5786,332.5786,4.000000,4.000000,4.000000,5.000000,5.000000,96.000000,96.000000,96.000000,95.000000,95.000000,5.0,1463.3458,1340.4631,5188.2260,5311.1087,PENDING_AG03,FALSE,NOT_FOR_ENFORCEMENT,6385.5089,110178.0551,6651.5718,6385.5089,266.0629,0.05320216,0.05107407,266.0629,6385.5089,0.05107407,266.0629,266.0629,266.0629,332.5786,332.5786,6385.5089,0.05107407,1463.3458,1340.4631,5188.2260,5311.1087,0.04149768,0.04248055,0.00212809,176.3392,181.0234,10.4914,255.8297,53.2126,4808.6338,24.3846,,176.3392,60.3913,255.2156,261.7596,263.3173,263.3173,368.1208,175.1171,-2.5946,1.031745,1.442392,0.690942,27,76,35,7,0E-8,0.05320216,,0E-8,0.000000,0.917971,0.000000,,2026-03-28,2026-05-28,26,125,101,62,0.419355,,,0.000000,,,,,,,,GLOBAL_BASELINE_NO_ENTITY_RANKING,,,NOT_APPLICABLE_GLOBAL_BASELINE,HF9g-P5,,,,X 全窗基线 · 不参与实体赏罚,14197487,1420,A168_HF9F_20260827_0900,2026-08-27 09:00:00
2026-03-28,139846499,2142,0,2426.7319693499,-488.4535376676,-488.4535376676,0.4000000,13,10,0.49410199511131785,0.445561853333,-0.595194684710345,-0.28988171982342253,-0.595194684710345,0.04854014177831785,ELIGIBLE,R03b_20260811_FULL_v1,L1_ELIGIBILITY,v2026-08-11,2026-03-21..2026-08-06,baccarat_bet02_101_all_pairs_incl_sentinel,round_win = game_pnl > 0 (decisive only),COMPATIBILITY_ONLY_NOT_PRODUCTION,125024.4794,114768.8074,6651.5718,709,634,-0.05320216,,-0.05320216,-0.05320216,-6651.5718,125024.4794,OK,0.0000,266.0629,4.0000,96.0000,AG03-UNRESOLVED,ALL5_LEVELS_bet23_to_bet27,266.0629,266.0629,266.0629,332.5786,332.5786,4.000000,4.000000,4.000000,5.000000,5.000000,96.000000,96.000000,96.000000,95.000000,95.000000,5.0,1463.3458,1340.4631,5188.2260,5311.1087,PENDING_AG03,FALSE,NOT_FOR_ENFORCEMENT,6385.5089,110178.0551,6651.5718,6385.5089,266.0629,0.05320216,0.05107407,266.0629,6385.5089,0.05107407,266.0629,266.0629,266.0629,332.5786,332.5786,6385.5089,0.05107407,1463.3458,1340.4631,5188.2260,5311.1087,0.04149768,0.04248055,0.00212809,176.3392,181.0234,10.4914,255.8297,53.2126,4808.6338,24.3846,,176.3392,60.3913,255.2156,261.7596,263.3173,263.3173,368.1208,175.1171,-2.5946,1.031745,1.442392,0.690942,27,76,35,7,0E-8,0.05320216,,0E-8,0.000000,0.917971,0.000000,,2026-03-28,2026-05-28,26,125,101,62,0.419355,,,0.000000,,,,,,,,GLOBAL_BASELINE_NO_ENTITY_RANKING,,,NOT_APPLICABLE_GLOBAL_BASELINE,HF9g-P5,,,,X 全窗基线 · 不参与实体赏罚,14197488,1420,A168_HF9F_20260827_0900,2026-08-27 09:00:00
2026-03-28,139846499,2170,0,4544.8560971115,-1094.7415540986,-1094.7415540986,0.3888889,24,18,0.46648155477017613,0.416647345370,-0.6598800042808134,-0.23888103227060206,-0.6598800042808134,0.04983420940017613,ELIGIBLE,R03b_20260811_FULL_v1,L1_ELIGIBILITY,v2026-08-11,2026-03-21..2026-08-06,baccarat_bet02_101_all_pairs_incl_sentinel,round_win = game_pnl > 0 (decisive only),COMPATIBILITY_ONLY_NOT_PRODUCTION,125024.4794,114768.8074,6651.5718,709,634,-0.05320216,,-0.05320216,-0.05320216,-6651.5718,125024.4794,OK,0.0000,266.0629,4.0000,96.0000,AG03-UNRESOLVED,ALL5_LEVELS_bet23_to_bet27,266.0629,266.0629,266.0629,332.5786,332.5786,4.000000,4.000000,4.000000,5.000000,5.000000,96.000000,96.000000,96.000000,95.000000,95.000000,5.0,1463.3458,1340.4631,5188.2260,5311.1087,PENDING_AG03,FALSE,NOT_FOR_ENFORCEMENT,6385.5089,110178.0551,6651.5718,6385.5089,266.0629,0.05320216,0.05107407,266.0629,6385.5089,0.05107407,266.0629,266.0629,266.0629,332.5786,332.5786,6385.5089,0.05107407,1463.3458,1340.4631,5188.2260,5311.1087,0.04149768,0.04248055,0.00212809,176.3392,181.0234,10.4914,255.8297,53.2126,4808.6338,24.3846,,176.3392,60.3913,255.2156,261.7596,263.3173,263.3173,368.1208,175.1171,-2.5946,1.031745,1.442392,0.690942,27,76,35,7,0E-8,0.05320216,,0E-8,0.000000,0.917971,0.000000,,2026-03-28,2026-05-28,26,125,101,62,0.419355,,,0.000000,,,,,,,,GLOBAL_BASELINE_NO_ENTITY_RANKING,,,NOT_APPLICABLE_GLOBAL_BASELINE,HF9g-P5,,,,X 全窗基线 · 不参与实体赏罚,14197489,1420,A168_HF9F_20260827_0900,2026-08-27 09:00:00
2026-03-28,139846499,2209,0,915.0275166548,-263.3172709798,-263.3172709798,0.3333333,5,5,0.50665070000000000,0.506650700000,-0.6004420894325239,-0.6004420894325239,-0.6004420894325239,0E-17,ELIGIBLE,R03b_20260811_FULL_v1,L1_ELIGIBILITY,v2026-08-11,2026-03-21..2026-08-06,baccarat_bet02_101_all_pairs_incl_sentinel,round_win = game_pnl > 0 (decisive only),COMPATIBILITY_ONLY_NOT_PRODUCTION,125024.4794,114768.8074,6651.5718,709,634,-0.05320216,,-0.05320216,-0.05320216,-6651.5718,125024.4794,OK,0.0000,266.0629,4.0000,96.0000,AG03-UNRESOLVED,ALL5_LEVELS_bet23_to_bet27,266.0629,266.0629,266.0629,332.5786,332.5786,4.000000,4.000000,4.000000,5.000000,5.000000,96.000000,96.000000,96.000000,95.000000,95.000000,5.0,1463.3458,1340.4631,5188.2260,5311.1087,PENDING_AG03,FALSE,NOT_FOR_ENFORCEMENT,6385.5089,110178.0551,6651.5718,6385.5089,266.0629,0.05320216,0.05107407,266.0629,6385.5089,0.05107407,266.0629,266.0629,266.0629,332.5786,332.5786,6385.5089,0.05107407,1463.3458,1340.4631,5188.2260,5311.1087,0.04149768,0.04248055,0.00212809,176.3392,181.0234,10.4914,255.8297,53.2126,4808.6338,24.3846,,176.3392,60.3913,255.2156,261.7596,263.3173,263.3173,368.1208,175.1171,-2.5946,1.031745,1.442392,0.690942,27,76,35,7,0E-8,0.05320216,,0E-8,0.000000,0.917971,0.000000,,2026-03-28,2026-05-28,26,125,101,62,0.419355,,,0.000000,,,,,,,,GLOBAL_BASELINE_NO_ENTITY_RANKING,,,NOT_APPLICABLE_GLOBAL_BASELINE,HF9g-P5,,,,X 全窗基线 · 不参与实体赏罚,14197490,1420,A168_HF9F_20260827_0900,2026-08-27 09:00:00
2026-03-28,139846499,2216,0,263.3172709798,-263.3172709798,-263.3172709798,0E-7,1,1,0.49324550000000000,0.493245500000,-0.9865810262130424,-0.9865810262130424,-0.9865810262130424,0E-17,ELIGIBLE,R03b_20260811_FULL_v1,L1_ELIGIBILITY,v2026-08-11,2026-03-21..2026-08-06,baccarat_bet02_101_all_pairs_incl_sentinel,round_win = game_pnl > 0 (decisive only),COMPATIBILITY_ONLY_NOT_PRODUCTION,125024.4794,114768.8074,6651.5718,709,634,-0.05320216,,-0.05320216,-0.05320216,-6651.5718,125024.4794,OK,0.0000,266.0629,4.0000,96.0000,AG03-UNRESOLVED,ALL5_LEVELS_bet23_to_bet27,266.0629,266.0629,266.0629,332.5786,332.5786,4.000000,4.000000,4.000000,5.000000,5.000000,96.000000,96.000000,96.000000,95.000000,95.000000,5.0,1463.3458,1340.4631,5188.2260,5311.1087,PENDING_AG03,FALSE,NOT_FOR_ENFORCEMENT,6385.5089,110178.0551,6651.5718,6385.5089,266.0629,0.05320216,0.05107407,266.0629,6385.5089,0.05107407,266.0629,266.0629,266.0629,332.5786,332.5786,6385.5089,0.05107407,1463.3458,1340.4631,5188.2260,5311.1087,0.04149768,0.04248055,0.00212809,176.3392,181.0234,10.4914,255.8297,53.2126,4808.6338,24.3846,,176.3392,60.3913,255.2156,261.7596,263.3173,263.3173,368.1208,175.1171,-2.5946,1.031745,1.442392,0.690942,27,76,35,7,0E-8,0.05320216,,0E-8,0.000000,0.917971,0.000000,,2026-03-28,2026-05-28,26,125,101,62,0.419355,,,0.000000,,,,,,,,GLOBAL_BASELINE_NO_ENTITY_RANKING,,,NOT_APPLICABLE_GLOBAL_BASELINE,HF9g-P5,,,,X 全窗基线 · 不参与实体赏罚,14197491,1420,A168_HF9F_20260827_0900,2026-08-27 09:00:00
2026-03-28,139846499,2242,0,1568.5809832267,483.7138267899,483.7138267899,0.6666667,7,6,0.49916524422442185,0.460413883333,0.8205871759470629,1.013609924677443,0.8205871759470629,0.03875136089142185,ELIGIBLE,R03b_20260811_FULL_v1,L1_ELIGIBILITY,v2026-08-11,2026-03-21..2026-08-06,baccarat_bet02_101_all_pairs_incl_sentinel,round_win = game_pnl > 0 (decisive only),COMPATIBILITY_ONLY_NOT_PRODUCTION,125024.4794,114768.8074,6651.5718,709,634,-0.05320216,,-0.05320216,-0.05320216,-6651.5718,125024.4794,OK,0.0000,266.0629,4.0000,96.0000,AG03-UNRESOLVED,ALL5_LEVELS_bet23_to_bet27,266.0629,266.0629,266.0629,332.5786,332.5786,4.000000,4.000000,4.000000,5.000000,5.000000,96.000000,96.000000,96.000000,95.000000,95.000000,5.0,1463.3458,1340.4631,5188.2260,5311.1087,PENDING_AG03,FALSE,NOT_FOR_ENFORCEMENT,6385.5089,110178.0551,6651.5718,6385.5089,266.0629,0.05320216,0.05107407,266.0629,6385.5089,0.05107407,266.0629,266.0629,266.0629,332.5786,332.5786,6385.5089,0.05107407,1463.3458,1340.4631,5188.2260,5311.1087,0.04149768,0.04248055,0.00212809,176.3392,181.0234,10.4914,255.8297,53.2126,4808.6338,24.3846,,176.3392,60.3913,255.2156,261.7596,263.3173,263.3173,368.1208,175.1171,-2.5946,1.031745,1.442392,0.690942,27,76,35,7,0E-8,0.05320216,,0E-8,0.000000,0.917971,0.000000,,2026-03-28,2026-05-28,26,125,101,62,0.419355,,,0.000000,,,,,,,,GLOBAL_BASELINE_NO_ENTITY_RANKING,,,NOT_APPLICABLE_GLOBAL_BASELINE,HF9g-P5,,,,X 全窗基线 · 不参与实体赏罚,14197492,1420,A168_HF9F_20260827_0900,2026-08-27 09:00:00
2026-03-28,139846499,529,0,105.3269083919,-105.3269083919,-105.3269083919,0E-7,1,1,0.49324550000000000,0.493245500000,-0.9865810262130424,-0.9865810262130424,-0.9865810262130424,0E-17,ELIGIBLE,R03b_20260811_FULL_v1,L1_ELIGIBILITY,v2026-08-11,2026-03-21..2026-08-06,baccarat_bet02_101_all_pairs_incl_sentinel,round_win = game_pnl > 0 (decisive only),COMPATIBILITY_ONLY_NOT_PRODUCTION,125024.4794,114768.8074,6651.5718,709,634,-0.05320216,,-0.05320216,-0.05320216,-6651.5718,125024.4794,OK,0.0000,266.0629,4.0000,96.0000,AG03-UNRESOLVED,ALL5_LEVELS_bet23_to_bet27,266.0629,266.0629,266.0629,332.5786,332.5786,4.000000,4.000000,4.000000,5.000000,5.000000,96.000000,96.000000,96.000000,95.000000,95.000000,5.0,1463.3458,1340.4631,5188.2260,5311.1087,PENDING_AG03,FALSE,NOT_FOR_ENFORCEMENT,6385.5089,110178.0551,6651.5718,6385.5089,266.0629,0.05320216,0.05107407,266.0629,6385.5089,0.05107407,266.0629,266.0629,266.0629,332.5786,332.5786,6385.5089,0.05107407,1463.3458,1340.4631,5188.2260,5311.1087,0.04149768,0.04248055,0.00212809,176.3392,181.0234,10.4914,255.8297,53.2126,4808.6338,24.3846,,176.3392,60.3913,255.2156,261.7596,263.3173,263.3173,368.1208,175.1171,-2.5946,1.031745,1.442392,0.690942,27,76,35,7,0E-8,0.05320216,,0E-8,0.000000,0.917971,0.000000,,2026-03-28,2026-05-28,26,125,101,62,0.419355,,,0.000000,,,,,,,,GLOBAL_BASELINE_NO_ENTITY_RANKING,,,NOT_APPLICABLE_GLOBAL_BASELINE,HF9g-P5,,,,X 全窗基线 · 不参与实体赏罚,14197493,1420,A168_HF9F_20260827_0900,2026-08-27 09:00:00
2026-03-28,139846499,772,0,526.6345419596,0E-10,0E-10,0.5000000,2,2,0.49324550000000000,0.493245500000,0.01910635448239258,0.01910635448239258,0.01910635448239258,0E-17,ELIGIBLE,R03b_20260811_FULL_v1,L1_ELIGIBILITY,v2026-08-11,2026-03-21..2026-08-06,baccarat_bet02_101_all_pairs_incl_sentinel,round_win = game_pnl > 0 (decisive only),COMPATIBILITY_ONLY_NOT_PRODUCTION,125024.4794,114768.8074,6651.5718,709,634,-0.05320216,,-0.05320216,-0.05320216,-6651.5718,125024.4794,OK,0.0000,266.0629,4.0000,96.0000,AG03-UNRESOLVED,ALL5_LEVELS_bet23_to_bet27,266.0629,266.0629,266.0629,332.5786,332.5786,4.000000,4.000000,4.000000,5.000000,5.000000,96.000000,96.000000,96.000000,95.000000,95.000000,5.0,1463.3458,1340.4631,5188.2260,5311.1087,PENDING_AG03,FALSE,NOT_FOR_ENFORCEMENT,6385.5089,110178.0551,6651.5718,6385.5089,266.0629,0.05320216,0.05107407,266.0629,6385.5089,0.05107407,266.0629,266.0629,266.0629,332.5786,332.5786,6385.5089,0.05107407,1463.3458,1340.4631,5188.2260,5311.1087,0.04149768,0.04248055,0.00212809,176.3392,181.0234,10.4914,255.8297,53.2126,4808.6338,24.3846,,176.3392,60.3913,255.2156,261.7596,263.3173,263.3173,368.1208,175.1171,-2.5946,1.031745,1.442392,0.690942,27,76,35,7,0E-8,0.05320216,,0E-8,0.000000,0.917971,0.000000,,2026-03-28,2026-05-28,26,125,101,62,0.419355,,,0.000000,,,,,,,,GLOBAL_BASELINE_NO_ENTITY_RANKING,,,NOT_APPLICABLE_GLOBAL_BASELINE,HF9g-P5,,,,X 全窗基线 · 不参与实体赏罚,14197494,1420,A168_HF9F_20260827_0900,2026-08-27 09:00:00
2026-03-28,139846499,789,0,2132.8698949364,512.1520920557,512.1520920557,0.7142857,10,10,0.50262914000000000,0.502629140000,1.119996801611343,1.119996801611343,1.119996801611343,0E-17,ELIGIBLE,R03b_20260811_FULL_v1,L1_ELIGIBILITY,v2026-08-11,2026-03-21..2026-08-06,baccarat_bet02_101_all_pairs_incl_sentinel,round_win = game_pnl > 0 (decisive only),COMPATIBILITY_ONLY_NOT_PRODUCTION,125024.4794,114768.8074,6651.5718,709,634,-0.05320216,,-0.05320216,-0.05320216,-6651.5718,125024.4794,OK,0.0000,266.0629,4.0000,96.0000,AG03-UNRESOLVED,ALL5_LEVELS_bet23_to_bet27,266.0629,266.0629,266.0629,332.5786,332.5786,4.000000,4.000000,4.000000,5.000000,5.000000,96.000000,96.000000,96.000000,95.000000,95.000000,5.0,1463.3458,1340.4631,5188.2260,5311.1087,PENDING_AG03,FALSE,NOT_FOR_ENFORCEMENT,6385.5089,110178.0551,6651.5718,6385.5089,266.0629,0.05320216,0.05107407,266.0629,6385.5089,0.05107407,266.0629,266.0629,266.0629,332.5786,332.5786,6385.5089,0.05107407,1463.3458,1340.4631,5188.2260,5311.1087,0.04149768,0.04248055,0.00212809,176.3392,181.0234,10.4914,255.8297,53.2126,4808.6338,24.3846,,176.3392,60.3913,255.2156,261.7596,263.3173,263.3173,368.1208,175.1171,-2.5946,1.031745,1.442392,0.690942,27,76,35,7,0E-8,0.05320216,,0E-8,0.000000,0.917971,0.000000,,2026-03-28,2026-05-28,26,125,101,62,0.419355,,,0.000000,,,,,,,,GLOBAL_BASELINE_NO_ENTITY_RANKING,,,NOT_APPLICABLE_GLOBAL_BASELINE,HF9g-P5,,,,X 全窗基线 · 不参与实体赏罚,14197495,1420,A168_HF9F_20260827_0900,2026-08-27 09:00:00
2026-03-29,139846499,1645,0,362.0612475972,-122.7848434578,-122.7848434578,0.5000000,2,2,0.49994810000000000,0.499948100000,0.00014679536856514622,0.00014679536856514622,0.00014679536856514622,0E-17,ELIGIBLE,R03b_20260811_FULL_v1,L1_ELIGIBILITY,v2026-08-11,2026-03-21..2026-08-06,baccarat_bet02_101_all_pairs_incl_sentinel,round_win = game_pnl > 0 (decisive only),COMPATIBILITY_ONLY_NOT_PRODUCTION,125024.4794,114768.8074,6651.5718,709,634,-0.05320216,,-0.05320216,-0.05320216,-6651.5718,125024.4794,OK,0.0000,266.0629,4.0000,96.0000,AG03-UNRESOLVED,ALL5_LEVELS_bet23_to_bet27,266.0629,266.0629,266.0629,332.5786,332.5786,4.000000,4.000000,4.000000,5.000000,5.000000,96.000000,96.000000,96.000000,95.000000,95.000000,5.0,1463.3458,1340.4631,5188.2260,5311.1087,PENDING_AG03,FALSE,NOT_FOR_ENFORCEMENT,6385.5089,110178.0551,6651.5718,6385.5089,266.0629,0.05320216,0.05107407,266.0629,6385.5089,0.05107407,266.0629,266.0629,266.0629,332.5786,332.5786,6385.5089,0.05107407,1463.3458,1340.4631,5188.2260,5311.1087,0.04149768,0.04248055,0.00212809,176.3392,181.0234,10.4914,255.8297,53.2126,4808.6338,24.3846,,176.3392,60.3913,255.2156,261.7596,263.3173,263.3173,368.1208,175.1171,-2.5946,1.031745,1.442392,0.690942,27,76,35,7,0E-8,0.05320216,,0E-8,0.000000,0.917971,0.000000,,2026-03-28,2026-05-28,26,125,101,62,0.419355,,,0.000000,,,,,,,,GLOBAL_BASELINE_NO_ENTITY_RANKING,,,NOT_APPLICABLE_GLOBAL_BASELINE,HF9g-P5,,,,X 全窗基线 · 不参与实体赏罚,14197496,1420,A168_HF9F_20260827_0900,2026-08-27 09:00:00
2026-03-29,139846499,970,0,122.7058482766,61.3529241383,61.3529241383,1.0000000,2,2,0.49324550000000000,0.493245500000,1.01360149184955,1.01360149184955,1.01360149184955,0E-17,ELIGIBLE,R03b_20260811_FULL_v1,L1_ELIGIBILITY,v2026-08-11,2026-03-21..2026-08-06,baccarat_bet02_101_all_pairs_incl_sentinel,round_win = game_pnl > 0 (decisive only),COMPATIBILITY_ONLY_NOT_PRODUCTION,125024.4794,114768.8074,6651.5718,709,634,-0.05320216,,-0.05320216,-0.05320216,-6651.5718,125024.4794,OK,0.0000,266.0629,4.0000,96.0000,AG03-UNRESOLVED,ALL5_LEVELS_bet23_to_bet27,266.0629,266.0629,266.0629,332.5786,332.5786,4.000000,4.000000,4.000000,5.000000,5.000000,96.000000,96.000000,96.000000,95.000000,95.000000,5.0,1463.3458,1340.4631,5188.2260,5311.1087,PENDING_AG03,FALSE,NOT_FOR_ENFORCEMENT,6385.5089,110178.0551,6651.5718,6385.5089,266.0629,0.05320216,0.05107407,266.0629,6385.5089,0.05107407,266.0629,266.0629,266.0629,332.5786,332.5786,6385.5089,0.05107407,1463.3458,1340.4631,5188.2260,5311.1087,0.04149768,0.04248055,0.00212809,176.3392,181.0234,10.4914,255.8297,53.2126,4808.6338,24.3846,,176.3392,60.3913,255.2156,261.7596,263.3173,263.3173,368.1208,175.1171,-2.5946,1.031745,1.442392,0.690942,27,76,35,7,0E-8,0.05320216,,0E-8,0.000000,0.917971,0.000000,,2026-03-28,2026-05-28,26,125,101,62,0.419355,,,0.000000,,,,,,,,GLOBAL_BASELINE_NO_ENTITY_RANKING,,,NOT_APPLICABLE_GLOBAL_BASELINE,HF9g-P5,,,,X 全窗基线 · 不参与实体赏罚,14197497,1420,A168_HF9F_20260827_0900,2026-08-27 09:00:00
2026-03-30,139846499,1318,0,131.9219527609,-131.9219527609,-131.9219527609,0E-7,1,1,0.50665070000000000,0.506650700000,-1.013391052207602,-1.013391052207602,-1.013391052207602,0E-17,ELIGIBLE,R03b_20260811_FULL_v1,L1_ELIGIBILITY,v2026-08-11,2026-03-21..2026-08-06,baccarat_bet02_101_all_pairs_incl_sentinel,round_win = game_pnl > 0 (decisive only),COMPATIBILITY_ONLY_NOT_PRODUCTION,125024.4794,114768.8074,6651.5718,709,634,-0.05320216,,-0.05320216,-0.05320216,-6651.5718,125024.4794,OK,0.0000,266.0629,4.0000,96.0000,AG03-UNRESOLVED,ALL5_LEVELS_bet23_to_bet27,266.0629,266.0629,266.0629,332.5786,332.5786,4.000000,4.000000,4.000000,5.000000,5.000000,96.000000,96.000000,96.000000,95.000000,95.000000,5.0,1463.3458,1340.4631,5188.2260,5311.1087,PENDING_AG03,FALSE,NOT_FOR_ENFORCEMENT,6385.5089,110178.0551,6651.5718,6385.5089,266.0629,0.05320216,0.05107407,266.0629,6385.5089,0.05107407,266.0629,266.0629,266.0629,332.5786,332.5786,6385.5089,0.05107407,1463.3458,1340.4631,5188.2260,5311.1087,0.04149768,0.04248055,0.00212809,176.3392,181.0234,10.4914,255.8297,53.2126,4808.6338,24.3846,,176.3392,60.3913,255.2156,261.7596,263.3173,263.3173,368.1208,175.1171,-2.5946,1.031745,1.442392,0.690942,27,76,35,7,0E-8,0.05320216,,0E-8,0.000000,0.917971,0.000000,,2026-03-28,2026-05-28,26,125,101,62,0.419355,,,0.000000,,,,,,,,GLOBAL_BASELINE_NO_ENTITY_RANKING,,,NOT_APPLICABLE_GLOBAL_BASELINE,HF9g-P5,,,,X 全窗基线 · 不参与实体赏罚,14197498,1420,A168_HF9F_20260827_0900,2026-08-27 09:00:00
2026-03-30,139846499,1711,0,131.9219527609,-131.9219527609,-131.9219527609,0E-7,1,1,0.49324550000000000,0.493245500000,-0.9865810262130424,-0.9865810262130424,-0.9865810262130424,0E-17,ELIGIBLE,R03b_20260811_FULL_v1,L1_ELIGIBILITY,v2026-08-11,2026-03-21..2026-08-06,baccarat_bet02_101_all_pairs_incl_sentinel,round_win = game_pnl > 0 (decisive only),COMPATIBILITY_ONLY_NOT_PRODUCTION,125024.4794,114768.8074,6651.5718,709,634,-0.05320216,,-0.05320216,-0.05320216,-6651.5718,125024.4794,OK,0.0000,266.0629,4.0000,96.0000,AG03-UNRESOLVED,ALL5_LEVELS_bet23_to_bet27,266.0629,266.0629,266.0629,332.5786,332.5786,4.000000,4.000000,4.000000,5.000000,5.000000,96.000000,96.000000,96.000000,95.000000,95.000000,5.0,1463.3458,1340.4631,5188.2260,5311.1087,PENDING_AG03,FALSE,NOT_FOR_ENFORCEMENT,6385.5089,110178.0551,6651.5718,6385.5089,266.0629,0.05320216,0.05107407,266.0629,6385.5089,0.05107407,266.0629,266.0629,266.0629,332.5786,332.5786,6385.5089,0.05107407,1463.3458,1340.4631,5188.2260,5311.1087,0.04149768,0.04248055,0.00212809,176.3392,181.0234,10.4914,255.8297,53.2126,4808.6338,24.3846,,176.3392,60.3913,255.2156,261.7596,263.3173,263.3173,368.1208,175.1171,-2.5946,1.031745,1.442392,0.690942,27,76,35,7,0E-8,0.05320216,,0E-8,0.000000,0.917971,0.000000,,2026-03-28,2026-05-28,26,125,101,62,0.419355,,,0.000000,,,,,,,,GLOBAL_BASELINE_NO_ENTITY_RANKING,,,NOT_APPLICABLE_GLOBAL_BASELINE,HF9g-P5,,,,X 全窗基线 · 不参与实体赏罚,14197499,1420,A168_HF9F_20260827_0900,2026-08-27 09:00:00
2026-03-30,139846499,1714,0,1.5799036259,-1.5799036259,-1.5799036259,0E-7,1,1,0.01883490000000000,0.018834900000,-0.1385513026636974,-0.1385513026636974,-0.1385513026636974,0E-17,ELIGIBLE,R03b_20260811_FULL_v1,L1_ELIGIBILITY,v2026-08-11,2026-03-21..2026-08-06,baccarat_bet02_101_all_pairs_incl_sentinel,round_win = game_pnl > 0 (decisive only),COMPATIBILITY_ONLY_NOT_PRODUCTION,125024.4794,114768.8074,6651.5718,709,634,-0.05320216,,-0.05320216,-0.05320216,-6651.5718,125024.4794,OK,0.0000,266.0629,4.0000,96.0000,AG03-UNRESOLVED,ALL5_LEVELS_bet23_to_bet27,266.0629,266.0629,266.0629,332.5786,332.5786,4.000000,4.000000,4.000000,5.000000,5.000000,96.000000,96.000000,96.000000,95.000000,95.000000,5.0,1463.3458,1340.4631,5188.2260,5311.1087,PENDING_AG03,FALSE,NOT_FOR_ENFORCEMENT,6385.5089,110178.0551,6651.5718,6385.5089,266.0629,0.05320216,0.05107407,266.0629,6385.5089,0.05107407,266.0629,266.0629,266.0629,332.5786,332.5786,6385.5089,0.05107407,1463.3458,1340.4631,5188.2260,5311.1087,0.04149768,0.04248055,0.00212809,176.3392,181.0234,10.4914,255.8297,53.2126,4808.6338,24.3846,,176.3392,60.3913,255.2156,261.7596,263.3173,263.3173,368.1208,175.1171,-2.5946,1.031745,1.442392,0.690942,27,76,35,7,0E-8,0.05320216,,0E-8,0.000000,0.917971,0.000000,,2026-03-28,2026-05-28,26,125,101,62,0.419355,,,0.000000,,,,,,,,GLOBAL_BASELINE_NO_ENTITY_RANKING,,,NOT_APPLICABLE_GLOBAL_BASELINE,HF9g-P5,,,,X 全窗基线 · 不参与实体赏罚,14197500,1420,A168_HF9F_20260827_0900,2026-08-27 09:00:00
2026-03-31,139846499,1318,0,3.9497590647,-3.9497590647,-3.9497590647,0E-7,1,1,0.49324550000000000,0.493245500000,-0.9865810262130424,-0.9865810262130424,-0.9865810262130424,0E-17,ELIGIBLE,R03b_20260811_FULL_v1,L1_ELIGIBILITY,v2026-08-11,2026-03-21..2026-08-06,baccarat_bet02_101_all_pairs_incl_sentinel,round_win = game_pnl > 0 (decisive only),COMPATIBILITY_ONLY_NOT_PRODUCTION,125024.4794,114768.8074,6651.5718,709,634,-0.05320216,,-0.05320216,-0.05320216,-6651.5718,125024.4794,OK,0.0000,266.0629,4.0000,96.0000,AG03-UNRESOLVED,ALL5_LEVELS_bet23_to_bet27,266.0629,266.0629,266.0629,332.5786,332.5786,4.000000,4.000000,4.000000,5.000000,5.000000,96.000000,96.000000,96.000000,95.000000,95.000000,5.0,1463.3458,1340.4631,5188.2260,5311.1087,PENDING_AG03,FALSE,NOT_FOR_ENFORCEMENT,6385.5089,110178.0551,6651.5718,6385.5089,266.0629,0.05320216,0.05107407,266.0629,6385.5089,0.05107407,266.0629,266.0629,266.0629,332.5786,332.5786,6385.5089,0.05107407,1463.3458,1340.4631,5188.2260,5311.1087,0.04149768,0.04248055,0.00212809,176.3392,181.0234,10.4914,255.8297,53.2126,4808.6338,24.3846,,176.3392,60.3913,255.2156,261.7596,263.3173,263.3173,368.1208,175.1171,-2.5946,1.031745,1.442392,0.690942,27,76,35,7,0E-8,0.05320216,,0E-8,0.000000,0.917971,0.000000,,2026-03-28,2026-05-28,26,125,101,62,0.419355,,,0.000000,,,,,,,,GLOBAL_BASELINE_NO_ENTITY_RANKING,,,NOT_APPLICABLE_GLOBAL_BASELINE,HF9g-P5,,,,X 全窗基线 · 不参与实体赏罚,14197501,1420,A168_HF9F_20260827_0900,2026-08-27 09:00:00
2026-04-01,139846499,471,0,37.9551344135,-5.5231264560,-5.5231264560,0.6666667,3,3,0.49771390000000000,0.497713900000,0.5852756695216578,0.5852756695216578,0.5852756695216578,0E-17,ELIGIBLE,R03b_20260811_FULL_v1,L1_ELIGIBILITY,v2026-08-11,2026-03-21..2026-08-06,baccarat_bet02_101_all_pairs_incl_sentinel,round_win = game_pnl > 0 (decisive only),COMPATIBILITY_ONLY_NOT_PRODUCTION,125024.4794,114768.8074,6651.5718,709,634,-0.05320216,,-0.05320216,-0.05320216,-6651.5718,125024.4794,OK,0.0000,266.0629,4.0000,96.0000,AG03-UNRESOLVED,ALL5_LEVELS_bet23_to_bet27,266.0629,266.0629,266.0629,332.5786,332.5786,4.000000,4.000000,4.000000,5.000000,5.000000,96.000000,96.000000,96.000000,95.000000,95.000000,5.0,1463.3458,1340.4631,5188.2260,5311.1087,PENDING_AG03,FALSE,NOT_FOR_ENFORCEMENT,6385.5089,110178.0551,6651.5718,6385.5089,266.0629,0.05320216,0.05107407,266.0629,6385.5089,0.05107407,266.0629,266.0629,266.0629,332.5786,332.5786,6385.5089,0.05107407,1463.3458,1340.4631,5188.2260,5311.1087,0.04149768,0.04248055,0.00212809,176.3392,181.0234,10.4914,255.8297,53.2126,4808.6338,24.3846,,176.3392,60.3913,255.2156,261.7596,263.3173,263.3173,368.1208,175.1171,-2.5946,1.031745,1.442392,0.690942,27,76,35,7,0E-8,0.05320216,,0E-8,0.000000,0.917971,0.000000,,2026-03-28,2026-05-28,26,125,101,62,0.419355,,,0.000000,,,,,,,,GLOBAL_BASELINE_NO_ENTITY_RANKING,,,NOT_APPLICABLE_GLOBAL_BASELINE,HF9g-P5,,,,X 全窗基线 · 不参与实体赏罚,14197502,1420,A168_HF9F_20260827_0900,2026-08-27 09:00:00
2026-04-03,139846499,-1,1,133.4973693165,133.4973693165,133.4973693165,1.0000000,1,1,0.49324550000000000,0.493245500000,1.01360149184955,1.01360149184955,1.01360149184955,0E-17,SENTINEL_DEALER,R03b_20260811_FULL_v1,L1_ELIGIBILITY,v2026-08-11,2026-03-21..2026-08-06,baccarat_bet02_101_all_pairs_incl_sentinel,round_win = game_pnl > 0 (decisive only),COMPATIBILITY_ONLY_NOT_PRODUCTION,125024.4794,114768.8074,6651.5718,709,634,-0.05320216,,-0.05320216,-0.05320216,-6651.5718,125024.4794,OK,0.0000,266.0629,4.0000,96.0000,AG03-UNRESOLVED,ALL5_LEVELS_bet23_to_bet27,266.0629,266.0629,266.0629,332.5786,332.5786,4.000000,4.000000,4.000000,5.000000,5.000000,96.000000,96.000000,96.000000,95.000000,95.000000,5.0,1463.3458,1340.4631,5188.2260,5311.1087,PENDING_AG03,FALSE,NOT_FOR_ENFORCEMENT,6385.5089,110178.0551,6651.5718,6385.5089,266.0629,0.05320216,0.05107407,266.0629,6385.5089,0.05107407,266.0629,266.0629,266.0629,332.5786,332.5786,6385.5089,0.05107407,1463.3458,1340.4631,5188.2260,5311.1087,0.04149768,0.04248055,0.00212809,176.3392,181.0234,10.4914,255.8297,53.2126,4808.6338,24.3846,,176.3392,60.3913,255.2156,261.7596,263.3173,263.3173,368.1208,175.1171,-2.5946,1.031745,1.442392,0.690942,27,76,35,7,0E-8,0.05320216,,0E-8,0.000000,0.917971,0.000000,,2026-03-28,2026-05-28,26,125,101,62,0.419355,,,0.000000,,,,,,,,GLOBAL_BASELINE_NO_ENTITY_RANKING,,,NOT_APPLICABLE_GLOBAL_BASELINE,HF9g-P5,,,,X 全窗基线 · 不参与实体赏罚,14197503,1420,A168_HF9F_20260827_0900,2026-08-27 09:00:00
2026-04-03,139846499,1935,0,129.0474570060,-26.4508022930,-26.4508022930,0.6666667,3,3,0.50218230000000000,0.502182300000,0.5697959874915163,0.5697959874915164,0.5697959874915163,0E-17,ELIGIBLE,R03b_20260811_FULL_v1,L1_ELIGIBILITY,v2026-08-11,2026-03-21..2026-08-06,baccarat_bet02_101_all_pairs_incl_sentinel,round_win = game_pnl > 0 (decisive only),COMPATIBILITY_ONLY_NOT_PRODUCTION,125024.4794,114768.8074,6651.5718,709,634,-0.05320216,,-0.05320216,-0.05320216,-6651.5718,125024.4794,OK,0.0000,266.0629,4.0000,96.0000,AG03-UNRESOLVED,ALL5_LEVELS_bet23_to_bet27,266.0629,266.0629,266.0629,332.5786,332.5786,4.000000,4.000000,4.000000,5.000000,5.000000,96.000000,96.000000,96.000000,95.000000,95.000000,5.0,1463.3458,1340.4631,5188.2260,5311.1087,PENDING_AG03,FALSE,NOT_FOR_ENFORCEMENT,6385.5089,110178.0551,6651.5718,6385.5089,266.0629,0.05320216,0.05107407,266.0629,6385.5089,0.05107407,266.0629,266.0629,266.0629,332.5786,332.5786,6385.5089,0.05107407,1463.3458,1340.4631,5188.2260,5311.1087,0.04149768,0.04248055,0.00212809,176.3392,181.0234,10.4914,255.8297,53.2126,4808.6338,24.3846,,176.3392,60.3913,255.2156,261.7596,263.3173,263.3173,368.1208,175.1171,-2.5946,1.031745,1.442392,0.690942,27,76,35,7,0E-8,0.05320216,,0E-8,0.000000,0.917971,0.000000,,2026-03-28,2026-05-28,26,125,101,62,0.419355,,,0.000000,,,,,,,,GLOBAL_BASELINE_NO_ENTITY_RANKING,,,NOT_APPLICABLE_GLOBAL_BASELINE,HF9g-P5,,,,X 全窗基线 · 不参与实体赏罚,14197504,1420,A168_HF9F_20260827_0900,2026-08-27 09:00:00
2026-04-03,139846499,2130,0,1831.0080360183,217.5876240085,217.5876240085,0.5000000,10,10,0.49994810000000000,0.499948100000,0.0003282444228938027,0.0003282444228938027,0.0003282444228938027,0E-17,ELIGIBLE,R03b_20260811_FULL_v1,L1_ELIGIBILITY,v2026-08-11,2026-03-21..2026-08-06,baccarat_bet02_101_all_pairs_incl_sentinel,round_win = game_pnl > 0 (decisive only),COMPATIBILITY_ONLY_NOT_PRODUCTION,125024.4794,114768.8074,6651.5718,709,634,-0.05320216,,-0.05320216,-0.05320216,-6651.5718,125024.4794,OK,0.0000,266.0629,4.0000,96.0000,AG03-UNRESOLVED,ALL5_LEVELS_bet23_to_bet27,266.0629,266.0629,266.0629,332.5786,332.5786,4.000000,4.000000,4.000000,5.000000,5.000000,96.000000,96.000000,96.000000,95.000000,95.000000,5.0,1463.3458,1340.4631,5188.2260,5311.1087,PENDING_AG03,FALSE,NOT_FOR_ENFORCEMENT,6385.5089,110178.0551,6651.5718,6385.5089,266.0629,0.05320216,0.05107407,266.0629,6385.5089,0.05107407,266.0629,266.0629,266.0629,332.5786,332.5786,6385.5089,0.05107407,1463.3458,1340.4631,5188.2260,5311.1087,0.04149768,0.04248055,0.00212809,176.3392,181.0234,10.4914,255.8297,53.2126,4808.6338,24.3846,,176.3392,60.3913,255.2156,261.7596,263.3173,263.3173,368.1208,175.1171,-2.5946,1.031745,1.442392,0.690942,27,76,35,7,0E-8,0.05320216,,0E-8,0.000000,0.917971,0.000000,,2026-03-28,2026-05-28,26,125,101,62,0.419355,,,0.000000,,,,,,,,GLOBAL_BASELINE_NO_ENTITY_RANKING,,,NOT_APPLICABLE_GLOBAL_BASELINE,HF9g-P5,,,,X 全窗基线 · 不参与实体赏罚,14197505,1420,A168_HF9F_20260827_0900,2026-08-27 09:00:00
2026-04-03,139846499,2153,0,15.4438133131,-15.4438133131,-15.4438133131,0E-7,1,1,0.50665070000000000,0.506650700000,-1.013391052207602,-1.013391052207602,-1.013391052207602,0E-17,ELIGIBLE,R03b_20260811_FULL_v1,L1_ELIGIBILITY,v2026-08-11,2026-03-21..2026-08-06,baccarat_bet02_101_all_pairs_incl_sentinel,round_win = game_pnl > 0 (decisive only),COMPATIBILITY_ONLY_NOT_PRODUCTION,125024.4794,114768.8074,6651.5718,709,634,-0.05320216,,-0.05320216,-0.05320216,-6651.5718,125024.4794,OK,0.0000,266.0629,4.0000,96.0000,AG03-UNRESOLVED,ALL5_LEVELS_bet23_to_bet27,266.0629,266.0629,266.0629,332.5786,332.5786,4.000000,4.000000,4.000000,5.000000,5.000000,96.000000,96.000000,96.000000,95.000000,95.000000,5.0,1463.3458,1340.4631,5188.2260,5311.1087,PENDING_AG03,FALSE,NOT_FOR_ENFORCEMENT,6385.5089,110178.0551,6651.5718,6385.5089,266.0629,0.05320216,0.05107407,266.0629,6385.5089,0.05107407,266.0629,266.0629,266.0629,332.5786,332.5786,6385.5089,0.05107407,1463.3458,1340.4631,5188.2260,5311.1087,0.04149768,0.04248055,0.00212809,176.3392,181.0234,10.4914,255.8297,53.2126,4808.6338,24.3846,,176.3392,60.3913,255.2156,261.7596,263.3173,263.3173,368.1208,175.1171,-2.5946,1.031745,1.442392,0.690942,27,76,35,7,0E-8,0.05320216,,0E-8,0.000000,0.917971,0.000000,,2026-03-28,2026-05-28,26,125,101,62,0.419355,,,0.000000,,,,,,,,GLOBAL_BASELINE_NO_ENTITY_RANKING,,,NOT_APPLICABLE_GLOBAL_BASELINE,HF9g-P5,,,,X 全窗基线 · 不参与实体赏罚,14197506,1420,A168_HF9F_20260827_0900,2026-08-27 09:00:00
2026-04-03,139846499,2171,0,114.1271627883,39.0021726043,39.0021726043,0.5000000,2,2,0.50665070000000000,0.506650700000,-0.018812684590367487,-0.018812684590367487,-0.018812684590367487,0E-17,ELIGIBLE,R03b_20260811_FULL_v1,L1_ELIGIBILITY,v2026-08-11,2026-03-21..2026-08-06,baccarat_bet02_101_all_pairs_incl_sentinel,round_win = game_pnl > 0 (decisive only),COMPATIBILITY_ONLY_NOT_PRODUCTION,125024.4794,114768.8074,6651.5718,709,634,-0.05320216,,-0.05320216,-0.05320216,-6651.5718,125024.4794,OK,0.0000,266.0629,4.0000,96.0000,AG03-UNRESOLVED,ALL5_LEVELS_bet23_to_bet27,266.0629,266.0629,266.0629,332.5786,332.5786,4.000000,4.000000,4.000000,5.000000,5.000000,96.000000,96.000000,96.000000,95.000000,95.000000,5.0,1463.3458,1340.4631,5188.2260,5311.1087,PENDING_AG03,FALSE,NOT_FOR_ENFORCEMENT,6385.5089,110178.0551,6651.5718,6385.5089,266.0629,0.05320216,0.05107407,266.0629,6385.5089,0.05107407,266.0629,266.0629,266.0629,332.5786,332.5786,6385.5089,0.05107407,1463.3458,1340.4631,5188.2260,5311.1087,0.04149768,0.04248055,0.00212809,176.3392,181.0234,10.4914,255.8297,53.2126,4808.6338,24.3846,,176.3392,60.3913,255.2156,261.7596,263.3173,263.3173,368.1208,175.1171,-2.5946,1.031745,1.442392,0.690942,27,76,35,7,0E-8,0.05320216,,0E-8,0.000000,0.917971,0.000000,,2026-03-28,2026-05-28,26,125,101,62,0.419355,,,0.000000,,,,,,,,GLOBAL_BASELINE_NO_ENTITY_RANKING,,,NOT_APPLICABLE_GLOBAL_BASELINE,HF9g-P5,,,,X 全窗基线 · 不参与实体赏罚,14197507,1420,A168_HF9F_20260827_0900,2026-08-27 09:00:00
2026-04-03,139846499,462,0,1533.9109494021,369.0809622279,369.0809622279,0.6111111,18,18,0.49622443333333333,0.496224433333,0.9748735809500736,0.9748735809529071,0.9748735809500736,3.3333E-13,ELIGIBLE,R03b_20260811_FULL_v1,L1_ELIGIBILITY,v2026-08-11,2026-03-21..2026-08-06,baccarat_bet02_101_all_pairs_incl_sentinel,round_win = game_pnl > 0 (decisive only),COMPATIBILITY_ONLY_NOT_PRODUCTION,125024.4794,114768.8074,6651.5718,709,634,-0.05320216,,-0.05320216,-0.05320216,-6651.5718,125024.4794,OK,0.0000,266.0629,4.0000,96.0000,AG03-UNRESOLVED,ALL5_LEVELS_bet23_to_bet27,266.0629,266.0629,266.0629,332.5786,332.5786,4.000000,4.000000,4.000000,5.000000,5.000000,96.000000,96.000000,96.000000,95.000000,95.000000,5.0,1463.3458,1340.4631,5188.2260,5311.1087,PENDING_AG03,FALSE,NOT_FOR_ENFORCEMENT,6385.5089,110178.0551,6651.5718,6385.5089,266.0629,0.05320216,0.05107407,266.0629,6385.5089,0.05107407,266.0629,266.0629,266.0629,332.5786,332.5786,6385.5089,0.05107407,1463.3458,1340.4631,5188.2260,5311.1087,0.04149768,0.04248055,0.00212809,176.3392,181.0234,10.4914,255.8297,53.2126,4808.6338,24.3846,,176.3392,60.3913,255.2156,261.7596,263.3173,263.3173,368.1208,175.1171,-2.5946,1.031745,1.442392,0.690942,27,76,35,7,0E-8,0.05320216,,0E-8,0.000000,0.917971,0.000000,,2026-03-28,2026-05-28,26,125,101,62,0.419355,,,0.000000,,,,,,,,GLOBAL_BASELINE_NO_ENTITY_RANKING,,,NOT_APPLICABLE_GLOBAL_BASELINE,HF9g-P5,,,,X 全窗基线 · 不参与实体赏罚,14197508,1420,A168_HF9F_20260827_0900,2026-08-27 09:00:00
2026-04-04,139846499,1330,0,842.8657435280,272.8843284558,272.8843284558,0.7500000,5,5,0.50396966000000000,0.503969660000,0.9841523774297893,0.9841523774297894,0.9841523774297893,0E-17,ELIGIBLE,R03b_20260811_FULL_v1,L1_ELIGIBILITY,v2026-08-11,2026-03-21..2026-08-06,baccarat_bet02_101_all_pairs_incl_sentinel,round_win = game_pnl > 0 (decisive only),COMPATIBILITY_ONLY_NOT_PRODUCTION,125024.4794,114768.8074,6651.5718,709,634,-0.05320216,,-0.05320216,-0.05320216,-6651.5718,125024.4794,OK,0.0000,266.0629,4.0000,96.0000,AG03-UNRESOLVED,ALL5_LEVELS_bet23_to_bet27,266.0629,266.0629,266.0629,332.5786,332.5786,4.000000,4.000000,4.000000,5.000000,5.000000,96.000000,96.000000,96.000000,95.000000,95.000000,5.0,1463.3458,1340.4631,5188.2260,5311.1087,PENDING_AG03,FALSE,NOT_FOR_ENFORCEMENT,6385.5089,110178.0551,6651.5718,6385.5089,266.0629,0.05320216,0.05107407,266.0629,6385.5089,0.05107407,266.0629,266.0629,266.0629,332.5786,332.5786,6385.5089,0.05107407,1463.3458,1340.4631,5188.2260,5311.1087,0.04149768,0.04248055,0.00212809,176.3392,181.0234,10.4914,255.8297,53.2126,4808.6338,24.3846,,176.3392,60.3913,255.2156,261.7596,263.3173,263.3173,368.1208,175.1171,-2.5946,1.031745,1.442392,0.690942,27,76,35,7,0E-8,0.05320216,,0E-8,0.000000,0.917971,0.000000,,2026-03-28,2026-05-28,26,125,101,62,0.419355,,,0.000000,,,,,,,,GLOBAL_BASELINE_NO_ENTITY_RANKING,,,NOT_APPLICABLE_GLOBAL_BASELINE,HF9g-P5,,,,X 全窗基线 · 不参与实体赏罚,14197509,1420,A168_HF9F_20260827_0900,2026-08-27 09:00:00
2026-04-04,139846499,1963,0,259.1419522027,-52.3519095359,-52.3519095359,0.5000000,4,4,0.49659680000000000,0.496596800000,0.013613115331600182,0.013613115331600183,0.013613115331600182,0E-17,ELIGIBLE,R03b_20260811_FULL_v1,L1_ELIGIBILITY,v2026-08-11,2026-03-21..2026-08-06,baccarat_bet02_101_all_pairs_incl_sentinel,round_win = game_pnl > 0 (decisive only),COMPATIBILITY_ONLY_NOT_PRODUCTION,125024.4794,114768.8074,6651.5718,709,634,-0.05320216,,-0.05320216,-0.05320216,-6651.5718,125024.4794,OK,0.0000,266.0629,4.0000,96.0000,AG03-UNRESOLVED,ALL5_LEVELS_bet23_to_bet27,266.0629,266.0629,266.0629,332.5786,332.5786,4.000000,4.000000,4.000000,5.000000,5.000000,96.000000,96.000000,96.000000,95.000000,95.000000,5.0,1463.3458,1340.4631,5188.2260,5311.1087,PENDING_AG03,FALSE,NOT_FOR_ENFORCEMENT,6385.5089,110178.0551,6651.5718,6385.5089,266.0629,0.05320216,0.05107407,266.0629,6385.5089,0.05107407,266.0629,266.0629,266.0629,332.5786,332.5786,6385.5089,0.05107407,1463.3458,1340.4631,5188.2260,5311.1087,0.04149768,0.04248055,0.00212809,176.3392,181.0234,10.4914,255.8297,53.2126,4808.6338,24.3846,,176.3392,60.3913,255.2156,261.7596,263.3173,263.3173,368.1208,175.1171,-2.5946,1.031745,1.442392,0.690942,27,76,35,7,0E-8,0.05320216,,0E-8,0.000000,0.917971,0.000000,,2026-03-28,2026-05-28,26,125,101,62,0.419355,,,0.000000,,,,,,,,GLOBAL_BASELINE_NO_ENTITY_RANKING,,,NOT_APPLICABLE_GLOBAL_BASELINE,HF9g-P5,,,,X 全窗基线 · 不参与实体赏罚,14197510,1420,A168_HF9F_20260827_0900,2026-08-27 09:00:00
2026-04-04,139846499,2142,0,15.1820537654,-15.1820537654,-15.1820537654,0E-7,1,1,0.50665070000000000,0.506650700000,-1.013391052207602,-1.013391052207602,-1.013391052207602,0E-17,ELIGIBLE,R03b_20260811_FULL_v1,L1_ELIGIBILITY,v2026-08-11,2026-03-21..2026-08-06,baccarat_bet02_101_all_pairs_incl_sentinel,round_win = game_pnl > 0 (decisive only),COMPATIBILITY_ONLY_NOT_PRODUCTION,125024.4794,114768.8074,6651.5718,709,634,-0.05320216,,-0.05320216,-0.05320216,-6651.5718,125024.4794,OK,0.0000,266.0629,4.0000,96.0000,AG03-UNRESOLVED,ALL5_LEVELS_bet23_to_bet27,266.0629,266.0629,266.0629,332.5786,332.5786,4.000000,4.000000,4.000000,5.000000,5.000000,96.000000,96.000000,96.000000,95.000000,95.000000,5.0,1463.3458,1340.4631,5188.2260,5311.1087,PENDING_AG03,FALSE,NOT_FOR_ENFORCEMENT,6385.5089,110178.0551,6651.5718,6385.5089,266.0629,0.05320216,0.05107407,266.0629,6385.5089,0.05107407,266.0629,266.0629,266.0629,332.5786,332.5786,6385.5089,0.05107407,1463.3458,1340.4631,5188.2260,5311.1087,0.04149768,0.04248055,0.00212809,176.3392,181.0234,10.4914,255.8297,53.2126,4808.6338,24.3846,,176.3392,60.3913,255.2156,261.7596,263.3173,263.3173,368.1208,175.1171,-2.5946,1.031745,1.442392,0.690942,27,76,35,7,0E-8,0.05320216,,0E-8,0.000000,0.917971,0.000000,,2026-03-28,2026-05-28,26,125,101,62,0.419355,,,0.000000,,,,,,,,GLOBAL_BASELINE_NO_ENTITY_RANKING,,,NOT_APPLICABLE_GLOBAL_BASELINE,HF9g-P5,,,,X 全窗基线 · 不参与实体赏罚,14197511,1420,A168_HF9F_20260827_0900,2026-08-27 09:00:00
2026-04-04,139846499,2174,0,651.7812737220,41.8815276286,41.8815276286,0.5000000,5,4,0.39632542596153119,0.348781437500,0.4239111556745682,0.6345926441175672,0.4239111556745682,0.04754398846153119,ELIGIBLE,R03b_20260811_FULL_v1,L1_ELIGIBILITY,v2026-08-11,2026-03-21..2026-08-06,baccarat_bet02_101_all_pairs_incl_sentinel,round_win = game_pnl > 0 (decisive only),COMPATIBILITY_ONLY_NOT_PRODUCTION,125024.4794,114768.8074,6651.5718,709,634,-0.05320216,,-0.05320216,-0.05320216,-6651.5718,125024.4794,OK,0.0000,266.0629,4.0000,96.0000,AG03-UNRESOLVED,ALL5_LEVELS_bet23_to_bet27,266.0629,266.0629,266.0629,332.5786,332.5786,4.000000,4.000000,4.000000,5.000000,5.000000,96.000000,96.000000,96.000000,95.000000,95.000000,5.0,1463.3458,1340.4631,5188.2260,5311.1087,PENDING_AG03,FALSE,NOT_FOR_ENFORCEMENT,6385.5089,110178.0551,6651.5718,6385.5089,266.0629,0.05320216,0.05107407,266.0629,6385.5089,0.05107407,266.0629,266.0629,266.0629,332.5786,332.5786,6385.5089,0.05107407,1463.3458,1340.4631,5188.2260,5311.1087,0.04149768,0.04248055,0.00212809,176.3392,181.0234,10.4914,255.8297,53.2126,4808.6338,24.3846,,176.3392,60.3913,255.2156,261.7596,263.3173,263.3173,368.1208,175.1171,-2.5946,1.031745,1.442392,0.690942,27,76,35,7,0E-8,0.05320216,,0E-8,0.000000,0.917971,0.000000,,2026-03-28,2026-05-28,26,125,101,62,0.419355,,,0.000000,,,,,,,,GLOBAL_BASELINE_NO_ENTITY_RANKING,,,NOT_APPLICABLE_GLOBAL_BASELINE,HF9g-P5,,,,X 全窗基线 · 不参与实体赏罚,14197512,1420,A168_HF9F_20260827_0900,2026-08-27 09:00:00
2026-04-05,139846499,-1,1,2740.6224642043,361.2281757977,361.2281757977,0.4615385,13,13,0.43913403846153846,0.439134038462,0.16277111875774042,0.16277111875436873,0.16277111875774042,-4.6154E-13,SENTINEL_DEALER,R03b_20260811_FULL_v1,L1_ELIGIBILITY,v2026-08-11,2026-03-21..2026-08-06,baccarat_bet02_101_all_pairs_incl_sentinel,round_win = game_pnl > 0 (decisive only),COMPATIBILITY_ONLY_NOT_PRODUCTION,125024.4794,114768.8074,6651.5718,709,634,-0.05320216,,-0.05320216,-0.05320216,-6651.5718,125024.4794,OK,0.0000,266.0629,4.0000,96.0000,AG03-UNRESOLVED,ALL5_LEVELS_bet23_to_bet27,266.0629,266.0629,266.0629,332.5786,332.5786,4.000000,4.000000,4.000000,5.000000,5.000000,96.000000,96.000000,96.000000,95.000000,95.000000,5.0,1463.3458,1340.4631,5188.2260,5311.1087,PENDING_AG03,FALSE,NOT_FOR_ENFORCEMENT,6385.5089,110178.0551,6651.5718,6385.5089,266.0629,0.05320216,0.05107407,266.0629,6385.5089,0.05107407,266.0629,266.0629,266.0629,332.5786,332.5786,6385.5089,0.05107407,1463.3458,1340.4631,5188.2260,5311.1087,0.04149768,0.04248055,0.00212809,176.3392,181.0234,10.4914,255.8297,53.2126,4808.6338,24.3846,,176.3392,60.3913,255.2156,261.7596,263.3173,263.3173,368.1208,175.1171,-2.5946,1.031745,1.442392,0.690942,27,76,35,7,0E-8,0.05320216,,0E-8,0.000000,0.917971,0.000000,,2026-03-28,2026-05-28,26,125,101,62,0.419355,,,0.000000,,,,,,,,GLOBAL_BASELINE_NO_ENTITY_RANKING,,,NOT_APPLICABLE_GLOBAL_BASELINE,HF9g-P5,,,,X 全窗基线 · 不参与实体赏罚,14197513,1420,A168_HF9F_20260827_0900,2026-08-27 09:00:00
2026-04-05,139846499,1306,0,272.7534486820,-272.7534486820,-272.7534486820,0E-7,2,2,0.30062675000000000,0.300626750000,-0.9272018728036208,-0.9272018728036208,-0.9272018728036208,0E-17,ELIGIBLE,R03b_20260811_FULL_v1,L1_ELIGIBILITY,v2026-08-11,2026-03-21..2026-08-06,baccarat_bet02_101_all_pairs_incl_sentinel,round_win = game_pnl > 0 (decisive only),COMPATIBILITY_ONLY_NOT_PRODUCTION,125024.4794,114768.8074,6651.5718,709,634,-0.05320216,,-0.05320216,-0.05320216,-6651.5718,125024.4794,OK,0.0000,266.0629,4.0000,96.0000,AG03-UNRESOLVED,ALL5_LEVELS_bet23_to_bet27,266.0629,266.0629,266.0629,332.5786,332.5786,4.000000,4.000000,4.000000,5.000000,5.000000,96.000000,96.000000,96.000000,95.000000,95.000000,5.0,1463.3458,1340.4631,5188.2260,5311.1087,PENDING_AG03,FALSE,NOT_FOR_ENFORCEMENT,6385.5089,110178.0551,6651.5718,6385.5089,266.0629,0.05320216,0.05107407,266.0629,6385.5089,0.05107407,266.0629,266.0629,266.0629,332.5786,332.5786,6385.5089,0.05107407,1463.3458,1340.4631,5188.2260,5311.1087,0.04149768,0.04248055,0.00212809,176.3392,181.0234,10.4914,255.8297,53.2126,4808.6338,24.3846,,176.3392,60.3913,255.2156,261.7596,263.3173,263.3173,368.1208,175.1171,-2.5946,1.031745,1.442392,0.690942,27,76,35,7,0E-8,0.05320216,,0E-8,0.000000,0.917971,0.000000,,2026-03-28,2026-05-28,26,125,101,62,0.419355,,,0.000000,,,,,,,,GLOBAL_BASELINE_NO_ENTITY_RANKING,,,NOT_APPLICABLE_GLOBAL_BASELINE,HF9g-P5,,,,X 全窗基线 · 不参与实体赏罚,14197514,1420,A168_HF9F_20260827_0900,2026-08-27 09:00:00
2026-04-05,139846499,1330,0,523.5190953590,-523.5190953590,-523.5190953590,0E-7,2,2,0.49994810000000000,0.499948100000,-1.4140667746232096,-1.4140667746232096,-1.4140667746232096,0E-17,ELIGIBLE,R03b_20260811_FULL_v1,L1_ELIGIBILITY,v2026-08-11,2026-03-21..2026-08-06,baccarat_bet02_101_all_pairs_incl_sentinel,round_win = game_pnl > 0 (decisive only),COMPATIBILITY_ONLY_NOT_PRODUCTION,125024.4794,114768.8074,6651.5718,709,634,-0.05320216,,-0.05320216,-0.05320216,-6651.5718,125024.4794,OK,0.0000,266.0629,4.0000,96.0000,AG03-UNRESOLVED,ALL5_LEVELS_bet23_to_bet27,266.0629,266.0629,266.0629,332.5786,332.5786,4.000000,4.000000,4.000000,5.000000,5.000000,96.000000,96.000000,96.000000,95.000000,95.000000,5.0,1463.3458,1340.4631,5188.2260,5311.1087,PENDING_AG03,FALSE,NOT_FOR_ENFORCEMENT,6385.5089,110178.0551,6651.5718,6385.5089,266.0629,0.05320216,0.05107407,266.0629,6385.5089,0.05107407,266.0629,266.0629,266.0629,332.5786,332.5786,6385.5089,0.05107407,1463.3458,1340.4631,5188.2260,5311.1087,0.04149768,0.04248055,0.00212809,176.3392,181.0234,10.4914,255.8297,53.2126,4808.6338,24.3846,,176.3392,60.3913,255.2156,261.7596,263.3173,263.3173,368.1208,175.1171,-2.5946,1.031745,1.442392,0.690942,27,76,35,7,0E-8,0.05320216,,0E-8,0.000000,0.917971,0.000000,,2026-03-28,2026-05-28,26,125,101,62,0.419355,,,0.000000,,,,,,,,GLOBAL_BASELINE_NO_ENTITY_RANKING,,,NOT_APPLICABLE_GLOBAL_BASELINE,HF9g-P5,,,,X 全窗基线 · 不参与实体赏罚,14197515,1420,A168_HF9F_20260827_0900,2026-08-27 09:00:00
2026-04-05,139846499,1963,0,261.7595476795,261.7595476795,261.7595476795,1.0000000,1,1,0.49324550000000000,0.493245500000,1.01360149184955,1.01360149184955,1.01360149184955,0E-17,ELIGIBLE,R03b_20260811_FULL_v1,L1_ELIGIBILITY,v2026-08-11,2026-03-21..2026-08-06,baccarat_bet02_101_all_pairs_incl_sentinel,round_win = game_pnl > 0 (decisive only),COMPATIBILITY_ONLY_NOT_PRODUCTION,125024.4794,114768.8074,6651.5718,709,634,-0.05320216,,-0.05320216,-0.05320216,-6651.5718,125024.4794,OK,0.0000,266.0629,4.0000,96.0000,AG03-UNRESOLVED,ALL5_LEVELS_bet23_to_bet27,266.0629,266.0629,266.0629,332.5786,332.5786,4.000000,4.000000,4.000000,5.000000,5.000000,96.000000,96.000000,96.000000,95.000000,95.000000,5.0,1463.3458,1340.4631,5188.2260,5311.1087,PENDING_AG03,FALSE,NOT_FOR_ENFORCEMENT,6385.5089,110178.0551,6651.5718,6385.5089,266.0629,0.05320216,0.05107407,266.0629,6385.5089,0.05107407,266.0629,266.0629,266.0629,332.5786,332.5786,6385.5089,0.05107407,1463.3458,1340.4631,5188.2260,5311.1087,0.04149768,0.04248055,0.00212809,176.3392,181.0234,10.4914,255.8297,53.2126,4808.6338,24.3846,,176.3392,60.3913,255.2156,261.7596,263.3173,263.3173,368.1208,175.1171,-2.5946,1.031745,1.442392,0.690942,27,76,35,7,0E-8,0.05320216,,0E-8,0.000000,0.917971,0.000000,,2026-03-28,2026-05-28,26,125,101,62,0.419355,,,0.000000,,,,,,,,GLOBAL_BASELINE_NO_ENTITY_RANKING,,,NOT_APPLICABLE_GLOBAL_BASELINE,HF9g-P5,,,,X 全窗基线 · 不参与实体赏罚,14197516,1420,A168_HF9F_20260827_0900,2026-08-27 09:00:00
2026-04-05,139846499,2142,0,393.1628406146,0.2617595476,0.2617595476,0.5000000,3,3,0.49771390000000000,0.497713900000,0.006466134837551399,0.0064661348375514,0.006466134837551399,0E-17,ELIGIBLE,R03b_20260811_FULL_v1,L1_ELIGIBILITY,v2026-08-11,2026-03-21..2026-08-06,baccarat_bet02_101_all_pairs_incl_sentinel,round_win = game_pnl > 0 (decisive only),COMPATIBILITY_ONLY_NOT_PRODUCTION,125024.4794,114768.8074,6651.5718,709,634,-0.05320216,,-0.05320216,-0.05320216,-6651.5718,125024.4794,OK,0.0000,266.0629,4.0000,96.0000,AG03-UNRESOLVED,ALL5_LEVELS_bet23_to_bet27,266.0629,266.0629,266.0629,332.5786,332.5786,4.000000,4.000000,4.000000,5.000000,5.000000,96.000000,96.000000,96.000000,95.000000,95.000000,5.0,1463.3458,1340.4631,5188.2260,5311.1087,PENDING_AG03,FALSE,NOT_FOR_ENFORCEMENT,6385.5089,110178.0551,6651.5718,6385.5089,266.0629,0.05320216,0.05107407,266.0629,6385.5089,0.05107407,266.0629,266.0629,266.0629,332.5786,332.5786,6385.5089,0.05107407,1463.3458,1340.4631,5188.2260,5311.1087,0.04149768,0.04248055,0.00212809,176.3392,181.0234,10.4914,255.8297,53.2126,4808.6338,24.3846,,176.3392,60.3913,255.2156,261.7596,263.3173,263.3173,368.1208,175.1171,-2.5946,1.031745,1.442392,0.690942,27,76,35,7,0E-8,0.05320216,,0E-8,0.000000,0.917971,0.000000,,2026-03-28,2026-05-28,26,125,101,62,0.419355,,,0.000000,,,,,,,,GLOBAL_BASELINE_NO_ENTITY_RANKING,,,NOT_APPLICABLE_GLOBAL_BASELINE,HF9g-P5,,,,X 全窗基线 · 不参与实体赏罚,14197517,1420,A168_HF9F_20260827_0900,2026-08-27 09:00:00
2026-04-05,139846499,2160,0,523.5190953590,-261.7595476795,-261.7595476795,0E-7,2,2,0.49994810000000000,0.499948100000,-0.9998962053866608,-0.9998962053866608,-0.9998962053866608,0E-17,ELIGIBLE,R03b_20260811_FULL_v1,L1_ELIGIBILITY,v2026-08-11,2026-03-21..2026-08-06,baccarat_bet02_101_all_pairs_incl_sentinel,round_win = game_pnl > 0 (decisive only),COMPATIBILITY_ONLY_NOT_PRODUCTION,125024.4794,114768.8074,6651.5718,709,634,-0.05320216,,-0.05320216,-0.05320216,-6651.5718,125024.4794,OK,0.0000,266.0629,4.0000,96.0000,AG03-UNRESOLVED,ALL5_LEVELS_bet23_to_bet27,266.0629,266.0629,266.0629,332.5786,332.5786,4.000000,4.000000,4.000000,5.000000,5.000000,96.000000,96.000000,96.000000,95.000000,95.000000,5.0,1463.3458,1340.4631,5188.2260,5311.1087,PENDING_AG03,FALSE,NOT_FOR_ENFORCEMENT,6385.5089,110178.0551,6651.5718,6385.5089,266.0629,0.05320216,0.05107407,266.0629,6385.5089,0.05107407,266.0629,266.0629,266.0629,332.5786,332.5786,6385.5089,0.05107407,1463.3458,1340.4631,5188.2260,5311.1087,0.04149768,0.04248055,0.00212809,176.3392,181.0234,10.4914,255.8297,53.2126,4808.6338,24.3846,,176.3392,60.3913,255.2156,261.7596,263.3173,263.3173,368.1208,175.1171,-2.5946,1.031745,1.442392,0.690942,27,76,35,7,0E-8,0.05320216,,0E-8,0.000000,0.917971,0.000000,,2026-03-28,2026-05-28,26,125,101,62,0.419355,,,0.000000,,,,,,,,GLOBAL_BASELINE_NO_ENTITY_RANKING,,,NOT_APPLICABLE_GLOBAL_BASELINE,HF9g-P5,,,,X 全窗基线 · 不参与实体赏罚,14197518,1420,A168_HF9F_20260827_0900,2026-08-27 09:00:00
2026-04-05,139846499,2222,0,1499.3586891082,313.6926419390,313.6926419390,0.6666667,9,6,0.49359556392208031,0.420086747222,0.847941344427001,1.2237207501965395,0.847941344427001,0.07350881670008031,ELIGIBLE,R03b_20260811_FULL_v1,L1_ELIGIBILITY,v2026-08-11,2026-03-21..2026-08-06,baccarat_bet02_101_all_pairs_incl_sentinel,round_win = game_pnl > 0 (decisive only),COMPATIBILITY_ONLY_NOT_PRODUCTION,125024.4794,114768.8074,6651.5718,709,634,-0.05320216,,-0.05320216,-0.05320216,-6651.5718,125024.4794,OK,0.0000,266.0629,4.0000,96.0000,AG03-UNRESOLVED,ALL5_LEVELS_bet23_to_bet27,266.0629,266.0629,266.0629,332.5786,332.5786,4.000000,4.000000,4.000000,5.000000,5.000000,96.000000,96.000000,96.000000,95.000000,95.000000,5.0,1463.3458,1340.4631,5188.2260,5311.1087,PENDING_AG03,FALSE,NOT_FOR_ENFORCEMENT,6385.5089,110178.0551,6651.5718,6385.5089,266.0629,0.05320216,0.05107407,266.0629,6385.5089,0.05107407,266.0629,266.0629,266.0629,332.5786,332.5786,6385.5089,0.05107407,1463.3458,1340.4631,5188.2260,5311.1087,0.04149768,0.04248055,0.00212809,176.3392,181.0234,10.4914,255.8297,53.2126,4808.6338,24.3846,,176.3392,60.3913,255.2156,261.7596,263.3173,263.3173,368.1208,175.1171,-2.5946,1.031745,1.442392,0.690942,27,76,35,7,0E-8,0.05320216,,0E-8,0.000000,0.917971,0.000000,,2026-03-28,2026-05-28,26,125,101,62,0.419355,,,0.000000,,,,,,,,GLOBAL_BASELINE_NO_ENTITY_RANKING,,,NOT_APPLICABLE_GLOBAL_BASELINE,HF9g-P5,,,,X 全窗基线 · 不参与实体赏罚,14197519,1420,A168_HF9F_20260827_0900,2026-08-27 09:00:00
2026-04-05,139846499,2244,0,562.7830275109,-562.7830275109,-562.7830275109,0E-7,3,3,0.36036460000000000,0.360364600000,-1.300066126134627,-1.300066126134627,-1.300066126134627,0E-17,ELIGIBLE,R03b_20260811_FULL_v1,L1_ELIGIBILITY,v2026-08-11,2026-03-21..2026-08-06,baccarat_bet02_101_all_pairs_incl_sentinel,round_win = game_pnl > 0 (decisive only),COMPATIBILITY_ONLY_NOT_PRODUCTION,125024.4794,114768.8074,6651.5718,709,634,-0.05320216,,-0.05320216,-0.05320216,-6651.5718,125024.4794,OK,0.0000,266.0629,4.0000,96.0000,AG03-UNRESOLVED,ALL5_LEVELS_bet23_to_bet27,266.0629,266.0629,266.0629,332.5786,332.5786,4.000000,4.000000,4.000000,5.000000,5.000000,96.000000,96.000000,96.000000,95.000000,95.000000,5.0,1463.3458,1340.4631,5188.2260,5311.1087,PENDING_AG03,FALSE,NOT_FOR_ENFORCEMENT,6385.5089,110178.0551,6651.5718,6385.5089,266.0629,0.05320216,0.05107407,266.0629,6385.5089,0.05107407,266.0629,266.0629,266.0629,332.5786,332.5786,6385.5089,0.05107407,1463.3458,1340.4631,5188.2260,5311.1087,0.04149768,0.04248055,0.00212809,176.3392,181.0234,10.4914,255.8297,53.2126,4808.6338,24.3846,,176.3392,60.3913,255.2156,261.7596,263.3173,263.3173,368.1208,175.1171,-2.5946,1.031745,1.442392,0.690942,27,76,35,7,0E-8,0.05320216,,0E-8,0.000000,0.917971,0.000000,,2026-03-28,2026-05-28,26,125,101,62,0.419355,,,0.000000,,,,,,,,GLOBAL_BASELINE_NO_ENTITY_RANKING,,,NOT_APPLICABLE_GLOBAL_BASELINE,HF9g-P5,,,,X 全窗基线 · 不参与实体赏罚,14197520,1420,A168_HF9F_20260827_0900,2026-08-27 09:00:00
2026-04-05,139846499,2252,0,131.4032929351,-131.4032929351,-131.4032929351,0E-7,1,1,0.50665070000000000,0.506650700000,-1.013391052207602,-1.013391052207602,-1.013391052207602,0E-17,ELIGIBLE,R03b_20260811_FULL_v1,L1_ELIGIBILITY,v2026-08-11,2026-03-21..2026-08-06,baccarat_bet02_101_all_pairs_incl_sentinel,round_win = game_pnl > 0 (decisive only),COMPATIBILITY_ONLY_NOT_PRODUCTION,125024.4794,114768.8074,6651.5718,709,634,-0.05320216,,-0.05320216,-0.05320216,-6651.5718,125024.4794,OK,0.0000,266.0629,4.0000,96.0000,AG03-UNRESOLVED,ALL5_LEVELS_bet23_to_bet27,266.0629,266.0629,266.0629,332.5786,332.5786,4.000000,4.000000,4.000000,5.000000,5.000000,96.000000,96.000000,96.000000,95.000000,95.000000,5.0,1463.3458,1340.4631,5188.2260,5311.1087,PENDING_AG03,FALSE,NOT_FOR_ENFORCEMENT,6385.5089,110178.0551,6651.5718,6385.5089,266.0629,0.05320216,0.05107407,266.0629,6385.5089,0.05107407,266.0629,266.0629,266.0629,332.5786,332.5786,6385.5089,0.05107407,1463.3458,1340.4631,5188.2260,5311.1087,0.04149768,0.04248055,0.00212809,176.3392,181.0234,10.4914,255.8297,53.2126,4808.6338,24.3846,,176.3392,60.3913,255.2156,261.7596,263.3173,263.3173,368.1208,175.1171,-2.5946,1.031745,1.442392,0.690942,27,76,35,7,0E-8,0.05320216,,0E-8,0.000000,0.917971,0.000000,,2026-03-28,2026-05-28,26,125,101,62,0.419355,,,0.000000,,,,,,,,GLOBAL_BASELINE_NO_ENTITY_RANKING,,,NOT_APPLICABLE_GLOBAL_BASELINE,HF9g-P5,,,,X 全窗基线 · 不参与实体赏罚,14197521,1420,A168_HF9F_20260827_0900,2026-08-27 09:00:00
2026-04-05,139846499,462,0,2605.0310185064,-262.2830667749,-262.2830667749,0.4444444,10,10,0.49726706000000000,0.497267060000,-0.3169404278001119,-0.3169404278001119,-0.3169404278001119,0E-17,ELIGIBLE,R03b_20260811_FULL_v1,L1_ELIGIBILITY,v2026-08-11,2026-03-21..2026-08-06,baccarat_bet02_101_all_pairs_incl_sentinel,round_win = game_pnl > 0 (decisive only),COMPATIBILITY_ONLY_NOT_PRODUCTION,125024.4794,114768.8074,6651.5718,709,634,-0.05320216,,-0.05320216,-0.05320216,-6651.5718,125024.4794,OK,0.0000,266.0629,4.0000,96.0000,AG03-UNRESOLVED,ALL5_LEVELS_bet23_to_bet27,266.0629,266.0629,266.0629,332.5786,332.5786,4.000000,4.000000,4.000000,5.000000,5.000000,96.000000,96.000000,96.000000,95.000000,95.000000,5.0,1463.3458,1340.4631,5188.2260,5311.1087,PENDING_AG03,FALSE,NOT_FOR_ENFORCEMENT,6385.5089,110178.0551,6651.5718,6385.5089,266.0629,0.05320216,0.05107407,266.0629,6385.5089,0.05107407,266.0629,266.0629,266.0629,332.5786,332.5786,6385.5089,0.05107407,1463.3458,1340.4631,5188.2260,5311.1087,0.04149768,0.04248055,0.00212809,176.3392,181.0234,10.4914,255.8297,53.2126,4808.6338,24.3846,,176.3392,60.3913,255.2156,261.7596,263.3173,263.3173,368.1208,175.1171,-2.5946,1.031745,1.442392,0.690942,27,76,35,7,0E-8,0.05320216,,0E-8,0.000000,0.917971,0.000000,,2026-03-28,2026-05-28,26,125,101,62,0.419355,,,0.000000,,,,,,,,GLOBAL_BASELINE_NO_ENTITY_RANKING,,,NOT_APPLICABLE_GLOBAL_BASELINE,HF9g-P5,,,,X 全窗基线 · 不参与实体赏罚,14197522,1420,A168_HF9F_20260827_0900,2026-08-27 09:00:00
2026-04-06,139846499,-1,1,861.4506714133,-27.7072481218,-27.7072481218,0.7142857,8,8,0.49994810000000000,0.499948100000,1.134168054123783,1.134168054123783,1.134168054123783,0E-17,SENTINEL_DEALER,R03b_20260811_FULL_v1,L1_ELIGIBILITY,v2026-08-11,2026-03-21..2026-08-06,baccarat_bet02_101_all_pairs_incl_sentinel,round_win = game_pnl > 0 (decisive only),COMPATIBILITY_ONLY_NOT_PRODUCTION,125024.4794,114768.8074,6651.5718,709,634,-0.05320216,,-0.05320216,-0.05320216,-6651.5718,125024.4794,OK,0.0000,266.0629,4.0000,96.0000,AG03-UNRESOLVED,ALL5_LEVELS_bet23_to_bet27,266.0629,266.0629,266.0629,332.5786,332.5786,4.000000,4.000000,4.000000,5.000000,5.000000,96.000000,96.000000,96.000000,95.000000,95.000000,5.0,1463.3458,1340.4631,5188.2260,5311.1087,PENDING_AG03,FALSE,NOT_FOR_ENFORCEMENT,6385.5089,110178.0551,6651.5718,6385.5089,266.0629,0.05320216,0.05107407,266.0629,6385.5089,0.05107407,266.0629,266.0629,266.0629,332.5786,332.5786,6385.5089,0.05107407,1463.3458,1340.4631,5188.2260,5311.1087,0.04149768,0.04248055,0.00212809,176.3392,181.0234,10.4914,255.8297,53.2126,4808.6338,24.3846,,176.3392,60.3913,255.2156,261.7596,263.3173,263.3173,368.1208,175.1171,-2.5946,1.031745,1.442392,0.690942,27,76,35,7,0E-8,0.05320216,,0E-8,0.000000,0.917971,0.000000,,2026-03-28,2026-05-28,26,125,101,62,0.419355,,,0.000000,,,,,,,,GLOBAL_BASELINE_NO_ENTITY_RANKING,,,NOT_APPLICABLE_GLOBAL_BASELINE,HF9g-P5,,,,X 全窗基线 · 不参与实体赏罚,14197523,1420,A168_HF9F_20260827_0900,2026-08-27 09:00:00
2026-04-07,139846499,-1,1,240.5570243175,-79.9413658613,-79.9413658613,0.5000000,4,4,0.49994810000000000,0.499948100000,0.00020760000111838688,0.00020760000111838688,0.00020760000111838688,0E-17,SENTINEL_DEALER,R03b_20260811_FULL_v1,L1_ELIGIBILITY,v2026-08-11,2026-03-21..2026-08-06,baccarat_bet02_101_all_pairs_incl_sentinel,round_win = game_pnl > 0 (decisive only),COMPATIBILITY_ONLY_NOT_PRODUCTION,125024.4794,114768.8074,6651.5718,709,634,-0.05320216,,-0.05320216,-0.05320216,-6651.5718,125024.4794,OK,0.0000,266.0629,4.0000,96.0000,AG03-UNRESOLVED,ALL5_LEVELS_bet23_to_bet27,266.0629,266.0629,266.0629,332.5786,332.5786,4.000000,4.000000,4.000000,5.000000,5.000000,96.000000,96.000000,96.000000,95.000000,95.000000,5.0,1463.3458,1340.4631,5188.2260,5311.1087,PENDING_AG03,FALSE,NOT_FOR_ENFORCEMENT,6385.5089,110178.0551,6651.5718,6385.5089,266.0629,0.05320216,0.05107407,266.0629,6385.5089,0.05107407,266.0629,266.0629,266.0629,332.5786,332.5786,6385.5089,0.05107407,1463.3458,1340.4631,5188.2260,5311.1087,0.04149768,0.04248055,0.00212809,176.3392,181.0234,10.4914,255.8297,53.2126,4808.6338,24.3846,,176.3392,60.3913,255.2156,261.7596,263.3173,263.3173,368.1208,175.1171,-2.5946,1.031745,1.442392,0.690942,27,76,35,7,0E-8,0.05320216,,0E-8,0.000000,0.917971,0.000000,,2026-03-28,2026-05-28,26,125,101,62,0.419355,,,0.000000,,,,,,,,GLOBAL_BASELINE_NO_ENTITY_RANKING,,,NOT_APPLICABLE_GLOBAL_BASELINE,HF9g-P5,,,,X 全窗基线 · 不参与实体赏罚,14197524,1420,A168_HF9F_20260827_0900,2026-08-27 09:00:00
2026-04-07,139846499,1325,0,98.4215899275,-98.4215899275,-98.4215899275,0E-7,1,1,0.49324550000000000,0.493245500000,-0.9865810262130424,-0.9865810262130424,-0.9865810262130424,0E-17,ELIGIBLE,R03b_20260811_FULL_v1,L1_ELIGIBILITY,v2026-08-11,2026-03-21..2026-08-06,baccarat_bet02_101_all_pairs_incl_sentinel,round_win = game_pnl > 0 (decisive only),COMPATIBILITY_ONLY_NOT_PRODUCTION,125024.4794,114768.8074,6651.5718,709,634,-0.05320216,,-0.05320216,-0.05320216,-6651.5718,125024.4794,OK,0.0000,266.0629,4.0000,96.0000,AG03-UNRESOLVED,ALL5_LEVELS_bet23_to_bet27,266.0629,266.0629,266.0629,332.5786,332.5786,4.000000,4.000000,4.000000,5.000000,5.000000,96.000000,96.000000,96.000000,95.000000,95.000000,5.0,1463.3458,1340.4631,5188.2260,5311.1087,PENDING_AG03,FALSE,NOT_FOR_ENFORCEMENT,6385.5089,110178.0551,6651.5718,6385.5089,266.0629,0.05320216,0.05107407,266.0629,6385.5089,0.05107407,266.0629,266.0629,266.0629,332.5786,332.5786,6385.5089,0.05107407,1463.3458,1340.4631,5188.2260,5311.1087,0.04149768,0.04248055,0.00212809,176.3392,181.0234,10.4914,255.8297,53.2126,4808.6338,24.3846,,176.3392,60.3913,255.2156,261.7596,263.3173,263.3173,368.1208,175.1171,-2.5946,1.031745,1.442392,0.690942,27,76,35,7,0E-8,0.05320216,,0E-8,0.000000,0.917971,0.000000,,2026-03-28,2026-05-28,26,125,101,62,0.419355,,,0.000000,,,,,,,,GLOBAL_BASELINE_NO_ENTITY_RANKING,,,NOT_APPLICABLE_GLOBAL_BASELINE,HF9g-P5,,,,X 全窗基线 · 不参与实体赏罚,14197525,1420,A168_HF9F_20260827_0900,2026-08-27 09:00:00
2026-04-07,139846499,1966,0,131.1415333874,-131.1415333874,-131.1415333874,0E-7,1,1,0.50665070000000000,0.506650700000,-1.013391052207602,-1.013391052207602,-1.013391052207602,0E-17,ELIGIBLE,R03b_20260811_FULL_v1,L1_ELIGIBILITY,v2026-08-11,2026-03-21..2026-08-06,baccarat_bet02_101_all_pairs_incl_sentinel,round_win = game_pnl > 0 (decisive only),COMPATIBILITY_ONLY_NOT_PRODUCTION,125024.4794,114768.8074,6651.5718,709,634,-0.05320216,,-0.05320216,-0.05320216,-6651.5718,125024.4794,OK,0.0000,266.0629,4.0000,96.0000,AG03-UNRESOLVED,ALL5_LEVELS_bet23_to_bet27,266.0629,266.0629,266.0629,332.5786,332.5786,4.000000,4.000000,4.000000,5.000000,5.000000,96.000000,96.000000,96.000000,95.000000,95.000000,5.0,1463.3458,1340.4631,5188.2260,5311.1087,PENDING_AG03,FALSE,NOT_FOR_ENFORCEMENT,6385.5089,110178.0551,6651.5718,6385.5089,266.0629,0.05320216,0.05107407,266.0629,6385.5089,0.05107407,266.0629,266.0629,266.0629,332.5786,332.5786,6385.5089,0.05107407,1463.3458,1340.4631,5188.2260,5311.1087,0.04149768,0.04248055,0.00212809,176.3392,181.0234,10.4914,255.8297,53.2126,4808.6338,24.3846,,176.3392,60.3913,255.2156,261.7596,263.3173,263.3173,368.1208,175.1171,-2.5946,1.031745,1.442392,0.690942,27,76,35,7,0E-8,0.05320216,,0E-8,0.000000,0.917971,0.000000,,2026-03-28,2026-05-28,26,125,101,62,0.419355,,,0.000000,,,,,,,,GLOBAL_BASELINE_NO_ENTITY_RANKING,,,NOT_APPLICABLE_GLOBAL_BASELINE,HF9g-P5,,,,X 全窗基线 · 不参与实体赏罚,14197526,1420,A168_HF9F_20260827_0900,2026-08-27 09:00:00
2026-04-07,139846499,2152,0,131.1415333874,0E-10,0E-10,,1,1,0.49324550000000000,0.493245500000,,,,0E-17,NO_DECISIVE_ROUND,R03b_20260811_FULL_v1,L1_ELIGIBILITY,v2026-08-11,2026-03-21..2026-08-06,baccarat_bet02_101_all_pairs_incl_sentinel,round_win = game_pnl > 0 (decisive only),COMPATIBILITY_ONLY_NOT_PRODUCTION,125024.4794,114768.8074,6651.5718,709,634,-0.05320216,,-0.05320216,-0.05320216,-6651.5718,125024.4794,OK,0.0000,266.0629,4.0000,96.0000,AG03-UNRESOLVED,ALL5_LEVELS_bet23_to_bet27,266.0629,266.0629,266.0629,332.5786,332.5786,4.000000,4.000000,4.000000,5.000000,5.000000,96.000000,96.000000,96.000000,95.000000,95.000000,5.0,1463.3458,1340.4631,5188.2260,5311.1087,PENDING_AG03,FALSE,NOT_FOR_ENFORCEMENT,6385.5089,110178.0551,6651.5718,6385.5089,266.0629,0.05320216,0.05107407,266.0629,6385.5089,0.05107407,266.0629,266.0629,266.0629,332.5786,332.5786,6385.5089,0.05107407,1463.3458,1340.4631,5188.2260,5311.1087,0.04149768,0.04248055,0.00212809,176.3392,181.0234,10.4914,255.8297,53.2126,4808.6338,24.3846,,176.3392,60.3913,255.2156,261.7596,263.3173,263.3173,368.1208,175.1171,-2.5946,1.031745,1.442392,0.690942,27,76,35,7,0E-8,0.05320216,,0E-8,0.000000,0.917971,0.000000,,2026-03-28,2026-05-28,26,125,101,62,0.419355,,,0.000000,,,,,,,,GLOBAL_BASELINE_NO_ENTITY_RANKING,,,NOT_APPLICABLE_GLOBAL_BASELINE,HF9g-P5,,,,X 全窗基线 · 不参与实体赏罚,14197527,1420,A168_HF9F_20260827_0900,2026-08-27 09:00:00
2026-04-07,139846499,2177,0,131.1415333874,-131.1415333874,-131.1415333874,0E-7,1,1,0.49324550000000000,0.493245500000,-0.9865810262130424,-0.9865810262130424,-0.9865810262130424,0E-17,ELIGIBLE,R03b_20260811_FULL_v1,L1_ELIGIBILITY,v2026-08-11,2026-03-21..2026-08-06,baccarat_bet02_101_all_pairs_incl_sentinel,round_win = game_pnl > 0 (decisive only),COMPATIBILITY_ONLY_NOT_PRODUCTION,125024.4794,114768.8074,6651.5718,709,634,-0.05320216,,-0.05320216,-0.05320216,-6651.5718,125024.4794,OK,0.0000,266.0629,4.0000,96.0000,AG03-UNRESOLVED,ALL5_LEVELS_bet23_to_bet27,266.0629,266.0629,266.0629,332.5786,332.5786,4.000000,4.000000,4.000000,5.000000,5.000000,96.000000,96.000000,96.000000,95.000000,95.000000,5.0,1463.3458,1340.4631,5188.2260,5311.1087,PENDING_AG03,FALSE,NOT_FOR_ENFORCEMENT,6385.5089,110178.0551,6651.5718,6385.5089,266.0629,0.05320216,0.05107407,266.0629,6385.5089,0.05107407,266.0629,266.0629,266.0629,332.5786,332.5786,6385.5089,0.05107407,1463.3458,1340.4631,5188.2260,5311.1087,0.04149768,0.04248055,0.00212809,176.3392,181.0234,10.4914,255.8297,53.2126,4808.6338,24.3846,,176.3392,60.3913,255.2156,261.7596,263.3173,263.3173,368.1208,175.1171,-2.5946,1.031745,1.442392,0.690942,27,76,35,7,0E-8,0.05320216,,0E-8,0.000000,0.917971,0.000000,,2026-03-28,2026-05-28,26,125,101,62,0.419355,,,0.000000,,,,,,,,GLOBAL_BASELINE_NO_ENTITY_RANKING,,,NOT_APPLICABLE_GLOBAL_BASELINE,HF9g-P5,,,,X 全窗基线 · 不参与实体赏罚,14197528,1420,A168_HF9F_20260827_0900,2026-08-27 09:00:00
2026-04-07,139846499,763,0,26.1759547680,-26.1759547680,-26.1759547680,0E-7,1,1,0.49324550000000000,0.493245500000,-0.9865810262130424,-0.9865810262130424,-0.9865810262130424,0E-17,ELIGIBLE,R03b_20260811_FULL_v1,L1_ELIGIBILITY,v2026-08-11,2026-03-21..2026-08-06,baccarat_bet02_101_all_pairs_incl_sentinel,round_win = game_pnl > 0 (decisive only),COMPATIBILITY_ONLY_NOT_PRODUCTION,125024.4794,114768.8074,6651.5718,709,634,-0.05320216,,-0.05320216,-0.05320216,-6651.5718,125024.4794,OK,0.0000,266.0629,4.0000,96.0000,AG03-UNRESOLVED,ALL5_LEVELS_bet23_to_bet27,266.0629,266.0629,266.0629,332.5786,332.5786,4.000000,4.000000,4.000000,5.000000,5.000000,96.000000,96.000000,96.000000,95.000000,95.000000,5.0,1463.3458,1340.4631,5188.2260,5311.1087,PENDING_AG03,FALSE,NOT_FOR_ENFORCEMENT,6385.5089,110178.0551,6651.5718,6385.5089,266.0629,0.05320216,0.05107407,266.0629,6385.5089,0.05107407,266.0629,266.0629,266.0629,332.5786,332.5786,6385.5089,0.05107407,1463.3458,1340.4631,5188.2260,5311.1087,0.04149768,0.04248055,0.00212809,176.3392,181.0234,10.4914,255.8297,53.2126,4808.6338,24.3846,,176.3392,60.3913,255.2156,261.7596,263.3173,263.3173,368.1208,175.1171,-2.5946,1.031745,1.442392,0.690942,27,76,35,7,0E-8,0.05320216,,0E-8,0.000000,0.917971,0.000000,,2026-03-28,2026-05-28,26,125,101,62,0.419355,,,0.000000,,,,,,,,GLOBAL_BASELINE_NO_ENTITY_RANKING,,,NOT_APPLICABLE_GLOBAL_BASELINE,HF9g-P5,,,,X 全窗基线 · 不参与实体赏罚,14197529,1420,A168_HF9F_20260827_0900,2026-08-27 09:00:00
2026-04-07,139846499,986,0,131.1415333874,-131.1415333874,-131.1415333874,0E-7,1,1,0.50665070000000000,0.506650700000,-1.013391052207602,-1.013391052207602,-1.013391052207602,0E-17,ELIGIBLE,R03b_20260811_FULL_v1,L1_ELIGIBILITY,v2026-08-11,2026-03-21..2026-08-06,baccarat_bet02_101_all_pairs_incl_sentinel,round_win = game_pnl > 0 (decisive only),COMPATIBILITY_ONLY_NOT_PRODUCTION,125024.4794,114768.8074,6651.5718,709,634,-0.05320216,,-0.05320216,-0.05320216,-6651.5718,125024.4794,OK,0.0000,266.0629,4.0000,96.0000,AG03-UNRESOLVED,ALL5_LEVELS_bet23_to_bet27,266.0629,266.0629,266.0629,332.5786,332.5786,4.000000,4.000000,4.000000,5.000000,5.000000,96.000000,96.000000,96.000000,95.000000,95.000000,5.0,1463.3458,1340.4631,5188.2260,5311.1087,PENDING_AG03,FALSE,NOT_FOR_ENFORCEMENT,6385.5089,110178.0551,6651.5718,6385.5089,266.0629,0.05320216,0.05107407,266.0629,6385.5089,0.05107407,266.0629,266.0629,266.0629,332.5786,332.5786,6385.5089,0.05107407,1463.3458,1340.4631,5188.2260,5311.1087,0.04149768,0.04248055,0.00212809,176.3392,181.0234,10.4914,255.8297,53.2126,4808.6338,24.3846,,176.3392,60.3913,255.2156,261.7596,263.3173,263.3173,368.1208,175.1171,-2.5946,1.031745,1.442392,0.690942,27,76,35,7,0E-8,0.05320216,,0E-8,0.000000,0.917971,0.000000,,2026-03-28,2026-05-28,26,125,101,62,0.419355,,,0.000000,,,,,,,,GLOBAL_BASELINE_NO_ENTITY_RANKING,,,NOT_APPLICABLE_GLOBAL_BASELINE,HF9g-P5,,,,X 全窗基线 · 不参与实体赏罚,14197530,1420,A168_HF9F_20260827_0900,2026-08-27 09:00:00
2026-04-08,139846499,-1,1,5.7587100489,-5.7587100489,-5.7587100489,0E-7,1,1,0.50665070000000000,0.506650700000,-1.013391052207602,-1.013391052207602,-1.013391052207602,0E-17,SENTINEL_DEALER,R03b_20260811_FULL_v1,L1_ELIGIBILITY,v2026-08-11,2026-03-21..2026-08-06,baccarat_bet02_101_all_pairs_incl_sentinel,round_win = game_pnl > 0 (decisive only),COMPATIBILITY_ONLY_NOT_PRODUCTION,125024.4794,114768.8074,6651.5718,709,634,-0.05320216,,-0.05320216,-0.05320216,-6651.5718,125024.4794,OK,0.0000,266.0629,4.0000,96.0000,AG03-UNRESOLVED,ALL5_LEVELS_bet23_to_bet27,266.0629,266.0629,266.0629,332.5786,332.5786,4.000000,4.000000,4.000000,5.000000,5.000000,96.000000,96.000000,96.000000,95.000000,95.000000,5.0,1463.3458,1340.4631,5188.2260,5311.1087,PENDING_AG03,FALSE,NOT_FOR_ENFORCEMENT,6385.5089,110178.0551,6651.5718,6385.5089,266.0629,0.05320216,0.05107407,266.0629,6385.5089,0.05107407,266.0629,266.0629,266.0629,332.5786,332.5786,6385.5089,0.05107407,1463.3458,1340.4631,5188.2260,5311.1087,0.04149768,0.04248055,0.00212809,176.3392,181.0234,10.4914,255.8297,53.2126,4808.6338,24.3846,,176.3392,60.3913,255.2156,261.7596,263.3173,263.3173,368.1208,175.1171,-2.5946,1.031745,1.442392,0.690942,27,76,35,7,0E-8,0.05320216,,0E-8,0.000000,0.917971,0.000000,,2026-03-28,2026-05-28,26,125,101,62,0.419355,,,0.000000,,,,,,,,GLOBAL_BASELINE_NO_ENTITY_RANKING,,,NOT_APPLICABLE_GLOBAL_BASELINE,HF9g-P5,,,,X 全窗基线 · 不参与实体赏罚,14197531,1420,A168_HF9F_20260827_0900,2026-08-27 09:00:00
2026-04-09,139846499,-1,1,2945.0566709421,1708.2428081563,1708.2428081563,0.7692308,14,13,0.49543275585284502,0.484100103846,1.97446792811963,2.057146852591501,1.97446792811963,0.01133265200684502,SENTINEL_DEALER,R03b_20260811_FULL_v1,L1_ELIGIBILITY,v2026-08-11,2026-03-21..2026-08-06,baccarat_bet02_101_all_pairs_incl_sentinel,round_win = game_pnl > 0 (decisive only),COMPATIBILITY_ONLY_NOT_PRODUCTION,125024.4794,114768.8074,6651.5718,709,634,-0.05320216,,-0.05320216,-0.05320216,-6651.5718,125024.4794,OK,0.0000,266.0629,4.0000,96.0000,AG03-UNRESOLVED,ALL5_LEVELS_bet23_to_bet27,266.0629,266.0629,266.0629,332.5786,332.5786,4.000000,4.000000,4.000000,5.000000,5.000000,96.000000,96.000000,96.000000,95.000000,95.000000,5.0,1463.3458,1340.4631,5188.2260,5311.1087,PENDING_AG03,FALSE,NOT_FOR_ENFORCEMENT,6385.5089,110178.0551,6651.5718,6385.5089,266.0629,0.05320216,0.05107407,266.0629,6385.5089,0.05107407,266.0629,266.0629,266.0629,332.5786,332.5786,6385.5089,0.05107407,1463.3458,1340.4631,5188.2260,5311.1087,0.04149768,0.04248055,0.00212809,176.3392,181.0234,10.4914,255.8297,53.2126,4808.6338,24.3846,,176.3392,60.3913,255.2156,261.7596,263.3173,263.3173,368.1208,175.1171,-2.5946,1.031745,1.442392,0.690942,27,76,35,7,0E-8,0.05320216,,0E-8,0.000000,0.917971,0.000000,,2026-03-28,2026-05-28,26,125,101,62,0.419355,,,0.000000,,,,,,,,GLOBAL_BASELINE_NO_ENTITY_RANKING,,,NOT_APPLICABLE_GLOBAL_BASELINE,HF9g-P5,,,,X 全窗基线 · 不参与实体赏罚,14197532,1420,A168_HF9F_20260827_0900,2026-08-27 09:00:00
2026-04-09,139846499,2177,0,14.9202942177,-14.9202942177,-14.9202942177,0E-7,1,1,0.50665070000000000,0.506650700000,-1.013391052207602,-1.013391052207602,-1.013391052207602,0E-17,ELIGIBLE,R03b_20260811_FULL_v1,L1_ELIGIBILITY,v2026-08-11,2026-03-21..2026-08-06,baccarat_bet02_101_all_pairs_incl_sentinel,round_win = game_pnl > 0 (decisive only),COMPATIBILITY_ONLY_NOT_PRODUCTION,125024.4794,114768.8074,6651.5718,709,634,-0.05320216,,-0.05320216,-0.05320216,-6651.5718,125024.4794,OK,0.0000,266.0629,4.0000,96.0000,AG03-UNRESOLVED,ALL5_LEVELS_bet23_to_bet27,266.0629,266.0629,266.0629,332.5786,332.5786,4.000000,4.000000,4.000000,5.000000,5.000000,96.000000,96.000000,96.000000,95.000000,95.000000,5.0,1463.3458,1340.4631,5188.2260,5311.1087,PENDING_AG03,FALSE,NOT_FOR_ENFORCEMENT,6385.5089,110178.0551,6651.5718,6385.5089,266.0629,0.05320216,0.05107407,266.0629,6385.5089,0.05107407,266.0629,266.0629,266.0629,332.5786,332.5786,6385.5089,0.05107407,1463.3458,1340.4631,5188.2260,5311.1087,0.04149768,0.04248055,0.00212809,176.3392,181.0234,10.4914,255.8297,53.2126,4808.6338,24.3846,,176.3392,60.3913,255.2156,261.7596,263.3173,263.3173,368.1208,175.1171,-2.5946,1.031745,1.442392,0.690942,27,76,35,7,0E-8,0.05320216,,0E-8,0.000000,0.917971,0.000000,,2026-03-28,2026-05-28,26,125,101,62,0.419355,,,0.000000,,,,,,,,GLOBAL_BASELINE_NO_ENTITY_RANKING,,,NOT_APPLICABLE_GLOBAL_BASELINE,HF9g-P5,,,,X 全窗基线 · 不参与实体赏罚,14197533,1420,A168_HF9F_20260827_0900,2026-08-27 09:00:00
2026-04-09,139846499,2220,0,4.9734314059,-4.9734314059,-4.9734314059,0E-7,1,1,0.50665070000000000,0.506650700000,-1.013391052207602,-1.013391052207602,-1.013391052207602,0E-17,ELIGIBLE,R03b_20260811_FULL_v1,L1_ELIGIBILITY,v2026-08-11,2026-03-21..2026-08-06,baccarat_bet02_101_all_pairs_incl_sentinel,round_win = game_pnl > 0 (decisive only),COMPATIBILITY_ONLY_NOT_PRODUCTION,125024.4794,114768.8074,6651.5718,709,634,-0.05320216,,-0.05320216,-0.05320216,-6651.5718,125024.4794,OK,0.0000,266.0629,4.0000,96.0000,AG03-UNRESOLVED,ALL5_LEVELS_bet23_to_bet27,266.0629,266.0629,266.0629,332.5786,332.5786,4.000000,4.000000,4.000000,5.000000,5.000000,96.000000,96.000000,96.000000,95.000000,95.000000,5.0,1463.3458,1340.4631,5188.2260,5311.1087,PENDING_AG03,FALSE,NOT_FOR_ENFORCEMENT,6385.5089,110178.0551,6651.5718,6385.5089,266.0629,0.05320216,0.05107407,266.0629,6385.5089,0.05107407,266.0629,266.0629,266.0629,332.5786,332.5786,6385.5089,0.05107407,1463.3458,1340.4631,5188.2260,5311.1087,0.04149768,0.04248055,0.00212809,176.3392,181.0234,10.4914,255.8297,53.2126,4808.6338,24.3846,,176.3392,60.3913,255.2156,261.7596,263.3173,263.3173,368.1208,175.1171,-2.5946,1.031745,1.442392,0.690942,27,76,35,7,0E-8,0.05320216,,0E-8,0.000000,0.917971,0.000000,,2026-03-28,2026-05-28,26,125,101,62,0.419355,,,0.000000,,,,,,,,GLOBAL_BASELINE_NO_ENTITY_RANKING,,,NOT_APPLICABLE_GLOBAL_BASELINE,HF9g-P5,,,,X 全窗基线 · 不参与实体赏罚,14197534,1420,A168_HF9F_20260827_0900,2026-08-27 09:00:00
2026-04-09,139846499,471,0,262.2830667748,-131.1415333874,-131.1415333874,0E-7,2,2,0.50665070000000000,0.506650700000,-1.013391052207602,-1.013391052207602,-1.013391052207602,0E-17,ELIGIBLE,R03b_20260811_FULL_v1,L1_ELIGIBILITY,v2026-08-11,2026-03-21..2026-08-06,baccarat_bet02_101_all_pairs_incl_sentinel,round_win = game_pnl > 0 (decisive only),COMPATIBILITY_ONLY_NOT_PRODUCTION,125024.4794,114768.8074,6651.5718,709,634,-0.05320216,,-0.05320216,-0.05320216,-6651.5718,125024.4794,OK,0.0000,266.0629,4.0000,96.0000,AG03-UNRESOLVED,ALL5_LEVELS_bet23_to_bet27,266.0629,266.0629,266.0629,332.5786,332.5786,4.000000,4.000000,4.000000,5.000000,5.000000,96.000000,96.000000,96.000000,95.000000,95.000000,5.0,1463.3458,1340.4631,5188.2260,5311.1087,PENDING_AG03,FALSE,NOT_FOR_ENFORCEMENT,6385.5089,110178.0551,6651.5718,6385.5089,266.0629,0.05320216,0.05107407,266.0629,6385.5089,0.05107407,266.0629,266.0629,266.0629,332.5786,332.5786,6385.5089,0.05107407,1463.3458,1340.4631,5188.2260,5311.1087,0.04149768,0.04248055,0.00212809,176.3392,181.0234,10.4914,255.8297,53.2126,4808.6338,24.3846,,176.3392,60.3913,255.2156,261.7596,263.3173,263.3173,368.1208,175.1171,-2.5946,1.031745,1.442392,0.690942,27,76,35,7,0E-8,0.05320216,,0E-8,0.000000,0.917971,0.000000,,2026-03-28,2026-05-28,26,125,101,62,0.419355,,,0.000000,,,,,,,,GLOBAL_BASELINE_NO_ENTITY_RANKING,,,NOT_APPLICABLE_GLOBAL_BASELINE,HF9g-P5,,,,X 全窗基线 · 不参与实体赏罚,14197535,1420,A168_HF9F_20260827_0900,2026-08-27 09:00:00
2026-04-10,139846499,-1,1,523.5190953590,510.4311179750,510.4311179750,1.0000000,2,2,0.49994810000000000,0.499948100000,1.4143603653603398,1.4143603653603398,1.4143603653603398,0E-17,SENTINEL_DEALER,R03b_20260811_FULL_v1,L1_ELIGIBILITY,v2026-08-11,2026-03-21..2026-08-06,baccarat_bet02_101_all_pairs_incl_sentinel,round_win = game_pnl > 0 (decisive only),COMPATIBILITY_ONLY_NOT_PRODUCTION,125024.4794,114768.8074,6651.5718,709,634,-0.05320216,,-0.05320216,-0.05320216,-6651.5718,125024.4794,OK,0.0000,266.0629,4.0000,96.0000,AG03-UNRESOLVED,ALL5_LEVELS_bet23_to_bet27,266.0629,266.0629,266.0629,332.5786,332.5786,4.000000,4.000000,4.000000,5.000000,5.000000,96.000000,96.000000,96.000000,95.000000,95.000000,5.0,1463.3458,1340.4631,5188.2260,5311.1087,PENDING_AG03,FALSE,NOT_FOR_ENFORCEMENT,6385.5089,110178.0551,6651.5718,6385.5089,266.0629,0.05320216,0.05107407,266.0629,6385.5089,0.05107407,266.0629,266.0629,266.0629,332.5786,332.5786,6385.5089,0.05107407,1463.3458,1340.4631,5188.2260,5311.1087,0.04149768,0.04248055,0.00212809,176.3392,181.0234,10.4914,255.8297,53.2126,4808.6338,24.3846,,176.3392,60.3913,255.2156,261.7596,263.3173,263.3173,368.1208,175.1171,-2.5946,1.031745,1.442392,0.690942,27,76,35,7,0E-8,0.05320216,,0E-8,0.000000,0.917971,0.000000,,2026-03-28,2026-05-28,26,125,101,62,0.419355,,,0.000000,,,,,,,,GLOBAL_BASELINE_NO_ENTITY_RANKING,,,NOT_APPLICABLE_GLOBAL_BASELINE,HF9g-P5,,,,X 全窗基线 · 不参与实体赏罚,14197536,1420,A168_HF9F_20260827_0900,2026-08-27 09:00:00
2026-04-10,139846499,1004,0,1058.5556108159,253.0691306966,253.0691306966,0.7500000,5,5,0.49860758000000000,0.498607580000,1.005573579286957,1.005573579286957,1.005573579286957,0E-17,ELIGIBLE,R03b_20260811_FULL_v1,L1_ELIGIBILITY,v2026-08-11,2026-03-21..2026-08-06,baccarat_bet02_101_all_pairs_incl_sentinel,round_win = game_pnl > 0 (decisive only),COMPATIBILITY_ONLY_NOT_PRODUCTION,125024.4794,114768.8074,6651.5718,709,634,-0.05320216,,-0.05320216,-0.05320216,-6651.5718,125024.4794,OK,0.0000,266.0629,4.0000,96.0000,AG03-UNRESOLVED,ALL5_LEVELS_bet23_to_bet27,266.0629,266.0629,266.0629,332.5786,332.5786,4.000000,4.000000,4.000000,5.000000,5.000000,96.000000,96.000000,96.000000,95.000000,95.000000,5.0,1463.3458,1340.4631,5188.2260,5311.1087,PENDING_AG03,FALSE,NOT_FOR_ENFORCEMENT,6385.5089,110178.0551,6651.5718,6385.5089,266.0629,0.05320216,0.05107407,266.0629,6385.5089,0.05107407,266.0629,266.0629,266.0629,332.5786,332.5786,6385.5089,0.05107407,1463.3458,1340.4631,5188.2260,5311.1087,0.04149768,0.04248055,0.00212809,176.3392,181.0234,10.4914,255.8297,53.2126,4808.6338,24.3846,,176.3392,60.3913,255.2156,261.7596,263.3173,263.3173,368.1208,175.1171,-2.5946,1.031745,1.442392,0.690942,27,76,35,7,0E-8,0.05320216,,0E-8,0.000000,0.917971,0.000000,,2026-03-28,2026-05-28,26,125,101,62,0.419355,,,0.000000,,,,,,,,GLOBAL_BASELINE_NO_ENTITY_RANKING,,,NOT_APPLICABLE_GLOBAL_BASELINE,HF9g-P5,,,,X 全窗基线 · 不参与实体赏罚,14197537,1420,A168_HF9F_20260827_0900,2026-08-27 09:00:00
2026-04-10,139846499,2127,0,4881.8155642227,340.2874119834,340.2874119834,0.5625000,20,19,0.49544758032036765,0.487693660526,0.5364415928922286,0.5986320641133236,0.5364415928922286,0.00775391979436765,ELIGIBLE,R03b_20260811_FULL_v1,L1_ELIGIBILITY,v2026-08-11,2026-03-21..2026-08-06,baccarat_bet02_101_all_pairs_incl_sentinel,round_win = game_pnl > 0 (decisive only),COMPATIBILITY_ONLY_NOT_PRODUCTION,125024.4794,114768.8074,6651.5718,709,634,-0.05320216,,-0.05320216,-0.05320216,-6651.5718,125024.4794,OK,0.0000,266.0629,4.0000,96.0000,AG03-UNRESOLVED,ALL5_LEVELS_bet23_to_bet27,266.0629,266.0629,266.0629,332.5786,332.5786,4.000000,4.000000,4.000000,5.000000,5.000000,96.000000,96.000000,96.000000,95.000000,95.000000,5.0,1463.3458,1340.4631,5188.2260,5311.1087,PENDING_AG03,FALSE,NOT_FOR_ENFORCEMENT,6385.5089,110178.0551,6651.5718,6385.5089,266.0629,0.05320216,0.05107407,266.0629,6385.5089,0.05107407,266.0629,266.0629,266.0629,332.5786,332.5786,6385.5089,0.05107407,1463.3458,1340.4631,5188.2260,5311.1087,0.04149768,0.04248055,0.00212809,176.3392,181.0234,10.4914,255.8297,53.2126,4808.6338,24.3846,,176.3392,60.3913,255.2156,261.7596,263.3173,263.3173,368.1208,175.1171,-2.5946,1.031745,1.442392,0.690942,27,76,35,7,0E-8,0.05320216,,0E-8,0.000000,0.917971,0.000000,,2026-03-28,2026-05-28,26,125,101,62,0.419355,,,0.000000,,,,,,,,GLOBAL_BASELINE_NO_ENTITY_RANKING,,,NOT_APPLICABLE_GLOBAL_BASELINE,HF9g-P5,,,,X 全窗基线 · 不参与实体赏罚,14197538,1420,A168_HF9F_20260827_0900,2026-08-27 09:00:00
2026-04-10,139846499,2169,0,261.7595476795,-261.7595476795,-261.7595476795,0E-7,1,1,0.50665070000000000,0.506650700000,-1.013391052207602,-1.013391052207602,-1.013391052207602,0E-17,ELIGIBLE,R03b_20260811_FULL_v1,L1_ELIGIBILITY,v2026-08-11,2026-03-21..2026-08-06,baccarat_bet02_101_all_pairs_incl_sentinel,round_win = game_pnl > 0 (decisive only),COMPATIBILITY_ONLY_NOT_PRODUCTION,125024.4794,114768.8074,6651.5718,709,634,-0.05320216,,-0.05320216,-0.05320216,-6651.5718,125024.4794,OK,0.0000,266.0629,4.0000,96.0000,AG03-UNRESOLVED,ALL5_LEVELS_bet23_to_bet27,266.0629,266.0629,266.0629,332.5786,332.5786,4.000000,4.000000,4.000000,5.000000,5.000000,96.000000,96.000000,96.000000,95.000000,95.000000,5.0,1463.3458,1340.4631,5188.2260,5311.1087,PENDING_AG03,FALSE,NOT_FOR_ENFORCEMENT,6385.5089,110178.0551,6651.5718,6385.5089,266.0629,0.05320216,0.05107407,266.0629,6385.5089,0.05107407,266.0629,266.0629,266.0629,332.5786,332.5786,6385.5089,0.05107407,1463.3458,1340.4631,5188.2260,5311.1087,0.04149768,0.04248055,0.00212809,176.3392,181.0234,10.4914,255.8297,53.2126,4808.6338,24.3846,,176.3392,60.3913,255.2156,261.7596,263.3173,263.3173,368.1208,175.1171,-2.5946,1.031745,1.442392,0.690942,27,76,35,7,0E-8,0.05320216,,0E-8,0.000000,0.917971,0.000000,,2026-03-28,2026-05-28,26,125,101,62,0.419355,,,0.000000,,,,,,,,GLOBAL_BASELINE_NO_ENTITY_RANKING,,,NOT_APPLICABLE_GLOBAL_BASELINE,HF9g-P5,,,,X 全窗基线 · 不参与实体赏罚,14197539,1420,A168_HF9F_20260827_0900,2026-08-27 09:00:00
2026-04-10,139846499,2218,0,1779.9649242206,-520.3779807868,-520.3779807868,0.3750000,12,10,0.49765488059405760,0.450496260000,-0.6938484143081494,-0.42918003412424394,-0.6938484143081494,0.04715862059405760,ELIGIBLE,R03b_20260811_FULL_v1,L1_ELIGIBILITY,v2026-08-11,2026-03-21..2026-08-06,baccarat_bet02_101_all_pairs_incl_sentinel,round_win = game_pnl > 0 (decisive only),COMPATIBILITY_ONLY_NOT_PRODUCTION,125024.4794,114768.8074,6651.5718,709,634,-0.05320216,,-0.05320216,-0.05320216,-6651.5718,125024.4794,OK,0.0000,266.0629,4.0000,96.0000,AG03-UNRESOLVED,ALL5_LEVELS_bet23_to_bet27,266.0629,266.0629,266.0629,332.5786,332.5786,4.000000,4.000000,4.000000,5.000000,5.000000,96.000000,96.000000,96.000000,95.000000,95.000000,5.0,1463.3458,1340.4631,5188.2260,5311.1087,PENDING_AG03,FALSE,NOT_FOR_ENFORCEMENT,6385.5089,110178.0551,6651.5718,6385.5089,266.0629,0.05320216,0.05107407,266.0629,6385.5089,0.05107407,266.0629,266.0629,266.0629,332.5786,332.5786,6385.5089,0.05107407,1463.3458,1340.4631,5188.2260,5311.1087,0.04149768,0.04248055,0.00212809,176.3392,181.0234,10.4914,255.8297,53.2126,4808.6338,24.3846,,176.3392,60.3913,255.2156,261.7596,263.3173,263.3173,368.1208,175.1171,-2.5946,1.031745,1.442392,0.690942,27,76,35,7,0E-8,0.05320216,,0E-8,0.000000,0.917971,0.000000,,2026-03-28,2026-05-28,26,125,101,62,0.419355,,,0.000000,,,,,,,,GLOBAL_BASELINE_NO_ENTITY_RANKING,,,NOT_APPLICABLE_GLOBAL_BASELINE,HF9g-P5,,,,X 全窗基线 · 不参与实体赏罚,14197540,1420,A168_HF9F_20260827_0900,2026-08-27 09:00:00
2026-04-10,139846499,2251,0,1485.4854330813,703.2955527052,703.2955527052,0.7272727,13,12,0.49843957211221048,0.479063891667,1.5179148225876697,1.6478763848999316,1.5179148225876697,0.01937568044521048,ELIGIBLE,R03b_20260811_FULL_v1,L1_ELIGIBILITY,v2026-08-11,2026-03-21..2026-08-06,baccarat_bet02_101_all_pairs_incl_sentinel,round_win = game_pnl > 0 (decisive only),COMPATIBILITY_ONLY_NOT_PRODUCTION,125024.4794,114768.8074,6651.5718,709,634,-0.05320216,,-0.05320216,-0.05320216,-6651.5718,125024.4794,OK,0.0000,266.0629,4.0000,96.0000,AG03-UNRESOLVED,ALL5_LEVELS_bet23_to_bet27,266.0629,266.0629,266.0629,332.5786,332.5786,4.000000,4.000000,4.000000,5.000000,5.000000,96.000000,96.000000,96.000000,95.000000,95.000000,5.0,1463.3458,1340.4631,5188.2260,5311.1087,PENDING_AG03,FALSE,NOT_FOR_ENFORCEMENT,6385.5089,110178.0551,6651.5718,6385.5089,266.0629,0.05320216,0.05107407,266.0629,6385.5089,0.05107407,266.0629,266.0629,266.0629,332.5786,332.5786,6385.5089,0.05107407,1463.3458,1340.4631,5188.2260,5311.1087,0.04149768,0.04248055,0.00212809,176.3392,181.0234,10.4914,255.8297,53.2126,4808.6338,24.3846,,176.3392,60.3913,255.2156,261.7596,263.3173,263.3173,368.1208,175.1171,-2.5946,1.031745,1.442392,0.690942,27,76,35,7,0E-8,0.05320216,,0E-8,0.000000,0.917971,0.000000,,2026-03-28,2026-05-28,26,125,101,62,0.419355,,,0.000000,,,,,,,,GLOBAL_BASELINE_NO_ENTITY_RANKING,,,NOT_APPLICABLE_GLOBAL_BASELINE,HF9g-P5,,,,X 全窗基线 · 不参与实体赏罚,14197541,1420,A168_HF9F_20260827_0900,2026-08-27 09:00:00
2026-04-11,139846499,-1,1,539.4864277675,-539.4864277675,-539.4864277675,0E-7,4,2,0.48774612031099141,0.349970816667,-1.3799688444547842,-1.0376824837926908,-1.3799688444547842,0.13777530364399141,SENTINEL_DEALER,R03b_20260811_FULL_v1,L1_ELIGIBILITY,v2026-08-11,2026-03-21..2026-08-06,baccarat_bet02_101_all_pairs_incl_sentinel,round_win = game_pnl > 0 (decisive only),COMPATIBILITY_ONLY_NOT_PRODUCTION,125024.4794,114768.8074,6651.5718,709,634,-0.05320216,,-0.05320216,-0.05320216,-6651.5718,125024.4794,OK,0.0000,266.0629,4.0000,96.0000,AG03-UNRESOLVED,ALL5_LEVELS_bet23_to_bet27,266.0629,266.0629,266.0629,332.5786,332.5786,4.000000,4.000000,4.000000,5.000000,5.000000,96.000000,96.000000,96.000000,95.000000,95.000000,5.0,1463.3458,1340.4631,5188.2260,5311.1087,PENDING_AG03,FALSE,NOT_FOR_ENFORCEMENT,6385.5089,110178.0551,6651.5718,6385.5089,266.0629,0.05320216,0.05107407,266.0629,6385.5089,0.05107407,266.0629,266.0629,266.0629,332.5786,332.5786,6385.5089,0.05107407,1463.3458,1340.4631,5188.2260,5311.1087,0.04149768,0.04248055,0.00212809,176.3392,181.0234,10.4914,255.8297,53.2126,4808.6338,24.3846,,176.3392,60.3913,255.2156,261.7596,263.3173,263.3173,368.1208,175.1171,-2.5946,1.031745,1.442392,0.690942,27,76,35,7,0E-8,0.05320216,,0E-8,0.000000,0.917971,0.000000,,2026-03-28,2026-05-28,26,125,101,62,0.419355,,,0.000000,,,,,,,,GLOBAL_BASELINE_NO_ENTITY_RANKING,,,NOT_APPLICABLE_GLOBAL_BASELINE,HF9g-P5,,,,X 全窗基线 · 不参与实体赏罚,14197542,1420,A168_HF9F_20260827_0900,2026-08-27 09:00:00
2026-04-11,139846499,1094,0,2803.1829960998,-262.4401225036,-262.4401225036,0.4545455,11,11,0.50421339090909091,0.504213390909,-0.3294715162601009,-0.3294715162594974,-0.3294715162601009,9.091E-14,ELIGIBLE,R03b_20260811_FULL_v1,L1_ELIGIBILITY,v2026-08-11,2026-03-21..2026-08-06,baccarat_bet02_101_all_pairs_incl_sentinel,round_win = game_pnl > 0 (decisive only),COMPATIBILITY_ONLY_NOT_PRODUCTION,125024.4794,114768.8074,6651.5718,709,634,-0.05320216,,-0.05320216,-0.05320216,-6651.5718,125024.4794,OK,0.0000,266.0629,4.0000,96.0000,AG03-UNRESOLVED,ALL5_LEVELS_bet23_to_bet27,266.0629,266.0629,266.0629,332.5786,332.5786,4.000000,4.000000,4.000000,5.000000,5.000000,96.000000,96.000000,96.000000,95.000000,95.000000,5.0,1463.3458,1340.4631,5188.2260,5311.1087,PENDING_AG03,FALSE,NOT_FOR_ENFORCEMENT,6385.5089,110178.0551,6651.5718,6385.5089,266.0629,0.05320216,0.05107407,266.0629,6385.5089,0.05107407,266.0629,266.0629,266.0629,332.5786,332.5786,6385.5089,0.05107407,1463.3458,1340.4631,5188.2260,5311.1087,0.04149768,0.04248055,0.00212809,176.3392,181.0234,10.4914,255.8297,53.2126,4808.6338,24.3846,,176.3392,60.3913,255.2156,261.7596,263.3173,263.3173,368.1208,175.1171,-2.5946,1.031745,1.442392,0.690942,27,76,35,7,0E-8,0.05320216,,0E-8,0.000000,0.917971,0.000000,,2026-03-28,2026-05-28,26,125,101,62,0.419355,,,0.000000,,,,,,,,GLOBAL_BASELINE_NO_ENTITY_RANKING,,,NOT_APPLICABLE_GLOBAL_BASELINE,HF9g-P5,,,,X 全窗基线 · 不参与实体赏罚,14197543,1420,A168_HF9F_20260827_0900,2026-08-27 09:00:00
2026-04-11,139846499,1151,0,873.4916106066,6.3345810538,6.3345810538,0.5714286,8,8,0.50329940000000000,0.503299400000,0.36051353847308226,0.3605135384730823,0.36051353847308226,0E-17,ELIGIBLE,R03b_20260811_FULL_v1,L1_ELIGIBILITY,v2026-08-11,2026-03-21..2026-08-06,baccarat_bet02_101_all_pairs_incl_sentinel,round_win = game_pnl > 0 (decisive only),COMPATIBILITY_ONLY_NOT_PRODUCTION,125024.4794,114768.8074,6651.5718,709,634,-0.05320216,,-0.05320216,-0.05320216,-6651.5718,125024.4794,OK,0.0000,266.0629,4.0000,96.0000,AG03-UNRESOLVED,ALL5_LEVELS_bet23_to_bet27,266.0629,266.0629,266.0629,332.5786,332.5786,4.000000,4.000000,4.000000,5.000000,5.000000,96.000000,96.000000,96.000000,95.000000,95.000000,5.0,1463.3458,1340.4631,5188.2260,5311.1087,PENDING_AG03,FALSE,NOT_FOR_ENFORCEMENT,6385.5089,110178.0551,6651.5718,6385.5089,266.0629,0.05320216,0.05107407,266.0629,6385.5089,0.05107407,266.0629,266.0629,266.0629,332.5786,332.5786,6385.5089,0.05107407,1463.3458,1340.4631,5188.2260,5311.1087,0.04149768,0.04248055,0.00212809,176.3392,181.0234,10.4914,255.8297,53.2126,4808.6338,24.3846,,176.3392,60.3913,255.2156,261.7596,263.3173,263.3173,368.1208,175.1171,-2.5946,1.031745,1.442392,0.690942,27,76,35,7,0E-8,0.05320216,,0E-8,0.000000,0.917971,0.000000,,2026-03-28,2026-05-28,26,125,101,62,0.419355,,,0.000000,,,,,,,,GLOBAL_BASELINE_NO_ENTITY_RANKING,,,NOT_APPLICABLE_GLOBAL_BASELINE,HF9g-P5,,,,X 全窗基线 · 不参与实体赏罚,14197544,1420,A168_HF9F_20260827_0900,2026-08-27 09:00:00
2026-04-11,139846499,1205,0,705.4419809963,-705.4419809963,-705.4419809963,0E-7,4,3,0.50504074686468342,0.425348066667,-1.7496013808778201,-1.4901514950430297,-1.7496013808778201,0.07969268019768342,ELIGIBLE,R03b_20260811_FULL_v1,L1_ELIGIBILITY,v2026-08-11,2026-03-21..2026-08-06,baccarat_bet02_101_all_pairs_incl_sentinel,round_win = game_pnl > 0 (decisive only),COMPATIBILITY_ONLY_NOT_PRODUCTION,125024.4794,114768.8074,6651.5718,709,634,-0.05320216,,-0.05320216,-0.05320216,-6651.5718,125024.4794,OK,0.0000,266.0629,4.0000,96.0000,AG03-UNRESOLVED,ALL5_LEVELS_bet23_to_bet27,266.0629,266.0629,266.0629,332.5786,332.5786,4.000000,4.000000,4.000000,5.000000,5.000000,96.000000,96.000000,96.000000,95.000000,95.000000,5.0,1463.3458,1340.4631,5188.2260,5311.1087,PENDING_AG03,FALSE,NOT_FOR_ENFORCEMENT,6385.5089,110178.0551,6651.5718,6385.5089,266.0629,0.05320216,0.05107407,266.0629,6385.5089,0.05107407,266.0629,266.0629,266.0629,332.5786,332.5786,6385.5089,0.05107407,1463.3458,1340.4631,5188.2260,5311.1087,0.04149768,0.04248055,0.00212809,176.3392,181.0234,10.4914,255.8297,53.2126,4808.6338,24.3846,,176.3392,60.3913,255.2156,261.7596,263.3173,263.3173,368.1208,175.1171,-2.5946,1.031745,1.442392,0.690942,27,76,35,7,0E-8,0.05320216,,0E-8,0.000000,0.917971,0.000000,,2026-03-28,2026-05-28,26,125,101,62,0.419355,,,0.000000,,,,,,,,GLOBAL_BASELINE_NO_ENTITY_RANKING,,,NOT_APPLICABLE_GLOBAL_BASELINE,HF9g-P5,,,,X 全窗基线 · 不参与实体赏罚,14197545,1420,A168_HF9F_20260827_0900,2026-08-27 09:00:00
2026-04-11,139846499,1382,0,435.8296468863,-145.2765489621,-145.2765489621,0.5000000,3,2,0.47953131216219091,0.396936125000,0.057942764480757664,0.29790616794075786,0.057942764480757664,0.08259518716219091,ELIGIBLE,R03b_20260811_FULL_v1,L1_ELIGIBILITY,v2026-08-11,2026-03-21..2026-08-06,baccarat_bet02_101_all_pairs_incl_sentinel,round_win = game_pnl > 0 (decisive only),COMPATIBILITY_ONLY_NOT_PRODUCTION,125024.4794,114768.8074,6651.5718,709,634,-0.05320216,,-0.05320216,-0.05320216,-6651.5718,125024.4794,OK,0.0000,266.0629,4.0000,96.0000,AG03-UNRESOLVED,ALL5_LEVELS_bet23_to_bet27,266.0629,266.0629,266.0629,332.5786,332.5786,4.000000,4.000000,4.000000,5.000000,5.000000,96.000000,96.000000,96.000000,95.000000,95.000000,5.0,1463.3458,1340.4631,5188.2260,5311.1087,PENDING_AG03,FALSE,NOT_FOR_ENFORCEMENT,6385.5089,110178.0551,6651.5718,6385.5089,266.0629,0.05320216,0.05107407,266.0629,6385.5089,0.05107407,266.0629,266.0629,266.0629,332.5786,332.5786,6385.5089,0.05107407,1463.3458,1340.4631,5188.2260,5311.1087,0.04149768,0.04248055,0.00212809,176.3392,181.0234,10.4914,255.8297,53.2126,4808.6338,24.3846,,176.3392,60.3913,255.2156,261.7596,263.3173,263.3173,368.1208,175.1171,-2.5946,1.031745,1.442392,0.690942,27,76,35,7,0E-8,0.05320216,,0E-8,0.000000,0.917971,0.000000,,2026-03-28,2026-05-28,26,125,101,62,0.419355,,,0.000000,,,,,,,,GLOBAL_BASELINE_NO_ENTITY_RANKING,,,NOT_APPLICABLE_GLOBAL_BASELINE,HF9g-P5,,,,X 全窗基线 · 不参与实体赏罚,14197546,1420,A168_HF9F_20260827_0900,2026-08-27 09:00:00
2026-04-11,139846499,1985,0,1758.5006413110,574.1172159256,574.1172159256,0.7777778,11,11,0.50177608181818182,0.501776081818,1.6560206235141068,1.6560206235151957,1.6560206235141068,1.8182E-13,ELIGIBLE,R03b_20260811_FULL_v1,L1_ELIGIBILITY,v2026-08-11,2026-03-21..2026-08-06,baccarat_bet02_101_all_pairs_incl_sentinel,round_win = game_pnl > 0 (decisive only),COMPATIBILITY_ONLY_NOT_PRODUCTION,125024.4794,114768.8074,6651.5718,709,634,-0.05320216,,-0.05320216,-0.05320216,-6651.5718,125024.4794,OK,0.0000,266.0629,4.0000,96.0000,AG03-UNRESOLVED,ALL5_LEVELS_bet23_to_bet27,266.0629,266.0629,266.0629,332.5786,332.5786,4.000000,4.000000,4.000000,5.000000,5.000000,96.000000,96.000000,96.000000,95.000000,95.000000,5.0,1463.3458,1340.4631,5188.2260,5311.1087,PENDING_AG03,FALSE,NOT_FOR_ENFORCEMENT,6385.5089,110178.0551,6651.5718,6385.5089,266.0629,0.05320216,0.05107407,266.0629,6385.5089,0.05107407,266.0629,266.0629,266.0629,332.5786,332.5786,6385.5089,0.05107407,1463.3458,1340.4631,5188.2260,5311.1087,0.04149768,0.04248055,0.00212809,176.3392,181.0234,10.4914,255.8297,53.2126,4808.6338,24.3846,,176.3392,60.3913,255.2156,261.7596,263.3173,263.3173,368.1208,175.1171,-2.5946,1.031745,1.442392,0.690942,27,76,35,7,0E-8,0.05320216,,0E-8,0.000000,0.917971,0.000000,,2026-03-28,2026-05-28,26,125,101,62,0.419355,,,0.000000,,,,,,,,GLOBAL_BASELINE_NO_ENTITY_RANKING,,,NOT_APPLICABLE_GLOBAL_BASELINE,HF9g-P5,,,,X 全窗基线 · 不参与实体赏罚,14197547,1420,A168_HF9F_20260827_0900,2026-08-27 09:00:00
2026-04-11,139846499,2169,0,5407.9522550585,-238.2011883884,-238.2011883884,0.5000000,23,21,0.49556926605169933,0.477246088095,0.039631245258933225,0.20372824115429472,0.039631245258933225,0.01832317795669933,ELIGIBLE,R03b_20260811_FULL_v1,L1_ELIGIBILITY,v2026-08-11,2026-03-21..2026-08-06,baccarat_bet02_101_all_pairs_incl_sentinel,round_win = game_pnl > 0 (decisive only),COMPATIBILITY_ONLY_NOT_PRODUCTION,125024.4794,114768.8074,6651.5718,709,634,-0.05320216,,-0.05320216,-0.05320216,-6651.5718,125024.4794,OK,0.0000,266.0629,4.0000,96.0000,AG03-UNRESOLVED,ALL5_LEVELS_bet23_to_bet27,266.0629,266.0629,266.0629,332.5786,332.5786,4.000000,4.000000,4.000000,5.000000,5.000000,96.000000,96.000000,96.000000,95.000000,95.000000,5.0,1463.3458,1340.4631,5188.2260,5311.1087,PENDING_AG03,FALSE,NOT_FOR_ENFORCEMENT,6385.5089,110178.0551,6651.5718,6385.5089,266.0629,0.05320216,0.05107407,266.0629,6385.5089,0.05107407,266.0629,266.0629,266.0629,332.5786,332.5786,6385.5089,0.05107407,1463.3458,1340.4631,5188.2260,5311.1087,0.04149768,0.04248055,0.00212809,176.3392,181.0234,10.4914,255.8297,53.2126,4808.6338,24.3846,,176.3392,60.3913,255.2156,261.7596,263.3173,263.3173,368.1208,175.1171,-2.5946,1.031745,1.442392,0.690942,27,76,35,7,0E-8,0.05320216,,0E-8,0.000000,0.917971,0.000000,,2026-03-28,2026-05-28,26,125,101,62,0.419355,,,0.000000,,,,,,,,GLOBAL_BASELINE_NO_ENTITY_RANKING,,,NOT_APPLICABLE_GLOBAL_BASELINE,HF9g-P5,,,,X 全窗基线 · 不参与实体赏罚,14197548,1420,A168_HF9F_20260827_0900,2026-08-27 09:00:00
2026-04-11,139846499,2177,0,785.2786430385,261.7595476795,261.7595476795,0.6666667,3,3,0.49771390000000000,0.497713900000,0.5852756695216578,0.5852756695216578,0.5852756695216578,0E-17,ELIGIBLE,R03b_20260811_FULL_v1,L1_ELIGIBILITY,v2026-08-11,2026-03-21..2026-08-06,baccarat_bet02_101_all_pairs_incl_sentinel,round_win = game_pnl > 0 (decisive only),COMPATIBILITY_ONLY_NOT_PRODUCTION,125024.4794,114768.8074,6651.5718,709,634,-0.05320216,,-0.05320216,-0.05320216,-6651.5718,125024.4794,OK,0.0000,266.0629,4.0000,96.0000,AG03-UNRESOLVED,ALL5_LEVELS_bet23_to_bet27,266.0629,266.0629,266.0629,332.5786,332.5786,4.000000,4.000000,4.000000,5.000000,5.000000,96.000000,96.000000,96.000000,95.000000,95.000000,5.0,1463.3458,1340.4631,5188.2260,5311.1087,PENDING_AG03,FALSE,NOT_FOR_ENFORCEMENT,6385.5089,110178.0551,6651.5718,6385.5089,266.0629,0.05320216,0.05107407,266.0629,6385.5089,0.05107407,266.0629,266.0629,266.0629,332.5786,332.5786,6385.5089,0.05107407,1463.3458,1340.4631,5188.2260,5311.1087,0.04149768,0.04248055,0.00212809,176.3392,181.0234,10.4914,255.8297,53.2126,4808.6338,24.3846,,176.3392,60.3913,255.2156,261.7596,263.3173,263.3173,368.1208,175.1171,-2.5946,1.031745,1.442392,0.690942,27,76,35,7,0E-8,0.05320216,,0E-8,0.000000,0.917971,0.000000,,2026-03-28,2026-05-28,26,125,101,62,0.419355,,,0.000000,,,,,,,,GLOBAL_BASELINE_NO_ENTITY_RANKING,,,NOT_APPLICABLE_GLOBAL_BASELINE,HF9g-P5,,,,X 全窗基线 · 不参与实体赏罚,14197549,1420,A168_HF9F_20260827_0900,2026-08-27 09:00:00
2026-04-11,139846499,2196,0,131.1415333874,-131.1415333874,-131.1415333874,0E-7,1,1,0.50665070000000000,0.506650700000,-1.013391052207602,-1.013391052207602,-1.013391052207602,0E-17,ELIGIBLE,R03b_20260811_FULL_v1,L1_ELIGIBILITY,v2026-08-11,2026-03-21..2026-08-06,baccarat_bet02_101_all_pairs_incl_sentinel,round_win = game_pnl > 0 (decisive only),COMPATIBILITY_ONLY_NOT_PRODUCTION,125024.4794,114768.8074,6651.5718,709,634,-0.05320216,,-0.05320216,-0.05320216,-6651.5718,125024.4794,OK,0.0000,266.0629,4.0000,96.0000,AG03-UNRESOLVED,ALL5_LEVELS_bet23_to_bet27,266.0629,266.0629,266.0629,332.5786,332.5786,4.000000,4.000000,4.000000,5.000000,5.000000,96.000000,96.000000,96.000000,95.000000,95.000000,5.0,1463.3458,1340.4631,5188.2260,5311.1087,PENDING_AG03,FALSE,NOT_FOR_ENFORCEMENT,6385.5089,110178.0551,6651.5718,6385.5089,266.0629,0.05320216,0.05107407,266.0629,6385.5089,0.05107407,266.0629,266.0629,266.0629,332.5786,332.5786,6385.5089,0.05107407,1463.3458,1340.4631,5188.2260,5311.1087,0.04149768,0.04248055,0.00212809,176.3392,181.0234,10.4914,255.8297,53.2126,4808.6338,24.3846,,176.3392,60.3913,255.2156,261.7596,263.3173,263.3173,368.1208,175.1171,-2.5946,1.031745,1.442392,0.690942,27,76,35,7,0E-8,0.05320216,,0E-8,0.000000,0.917971,0.000000,,2026-03-28,2026-05-28,26,125,101,62,0.419355,,,0.000000,,,,,,,,GLOBAL_BASELINE_NO_ENTITY_RANKING,,,NOT_APPLICABLE_GLOBAL_BASELINE,HF9g-P5,,,,X 全窗基线 · 不参与实体赏罚,14197550,1420,A168_HF9F_20260827_0900,2026-08-27 09:00:00
2026-04-11,139846499,2220,0,2770.2012930921,-131.1153574327,-131.1153574327,0.5454545,14,12,0.49691998382838134,0.457621133333,0.3219479689332515,0.5847250250668244,0.3219479689332515,0.03929885049538134,ELIGIBLE,R03b_20260811_FULL_v1,L1_ELIGIBILITY,v2026-08-11,2026-03-21..2026-08-06,baccarat_bet02_101_all_pairs_incl_sentinel,round_win = game_pnl > 0 (decisive only),COMPATIBILITY_ONLY_NOT_PRODUCTION,125024.4794,114768.8074,6651.5718,709,634,-0.05320216,,-0.05320216,-0.05320216,-6651.5718,125024.4794,OK,0.0000,266.0629,4.0000,96.0000,AG03-UNRESOLVED,ALL5_LEVELS_bet23_to_bet27,266.0629,266.0629,266.0629,332.5786,332.5786,4.000000,4.000000,4.000000,5.000000,5.000000,96.000000,96.000000,96.000000,95.000000,95.000000,5.0,1463.3458,1340.4631,5188.2260,5311.1087,PENDING_AG03,FALSE,NOT_FOR_ENFORCEMENT,6385.5089,110178.0551,6651.5718,6385.5089,266.0629,0.05320216,0.05107407,266.0629,6385.5089,0.05107407,266.0629,266.0629,266.0629,332.5786,332.5786,6385.5089,0.05107407,1463.3458,1340.4631,5188.2260,5311.1087,0.04149768,0.04248055,0.00212809,176.3392,181.0234,10.4914,255.8297,53.2126,4808.6338,24.3846,,176.3392,60.3913,255.2156,261.7596,263.3173,263.3173,368.1208,175.1171,-2.5946,1.031745,1.442392,0.690942,27,76,35,7,0E-8,0.05320216,,0E-8,0.000000,0.917971,0.000000,,2026-03-28,2026-05-28,26,125,101,62,0.419355,,,0.000000,,,,,,,,GLOBAL_BASELINE_NO_ENTITY_RANKING,,,NOT_APPLICABLE_GLOBAL_BASELINE,HF9g-P5,,,,X 全窗基线 · 不参与实体赏罚,14197551,1420,A168_HF9F_20260827_0900,2026-08-27 09:00:00
2026-04-13,139846499,-1,1,1204.0939193258,340.2874119832,340.2874119832,0.5000000,6,6,0.49994810000000000,0.499948100000,0.00025425703667063243,0.00025425703667063243,0.00025425703667063243,0E-17,SENTINEL_DEALER,R03b_20260811_FULL_v1,L1_ELIGIBILITY,v2026-08-11,2026-03-21..2026-08-06,baccarat_bet02_101_all_pairs_incl_sentinel,round_win = game_pnl > 0 (decisive only),COMPATIBILITY_ONLY_NOT_PRODUCTION,125024.4794,114768.8074,6651.5718,709,634,-0.05320216,,-0.05320216,-0.05320216,-6651.5718,125024.4794,OK,0.0000,266.0629,4.0000,96.0000,AG03-UNRESOLVED,ALL5_LEVELS_bet23_to_bet27,266.0629,266.0629,266.0629,332.5786,332.5786,4.000000,4.000000,4.000000,5.000000,5.000000,96.000000,96.000000,96.000000,95.000000,95.000000,5.0,1463.3458,1340.4631,5188.2260,5311.1087,PENDING_AG03,FALSE,NOT_FOR_ENFORCEMENT,6385.5089,110178.0551,6651.5718,6385.5089,266.0629,0.05320216,0.05107407,266.0629,6385.5089,0.05107407,266.0629,266.0629,266.0629,332.5786,332.5786,6385.5089,0.05107407,1463.3458,1340.4631,5188.2260,5311.1087,0.04149768,0.04248055,0.00212809,176.3392,181.0234,10.4914,255.8297,53.2126,4808.6338,24.3846,,176.3392,60.3913,255.2156,261.7596,263.3173,263.3173,368.1208,175.1171,-2.5946,1.031745,1.442392,0.690942,27,76,35,7,0E-8,0.05320216,,0E-8,0.000000,0.917971,0.000000,,2026-03-28,2026-05-28,26,125,101,62,0.419355,,,0.000000,,,,,,,,GLOBAL_BASELINE_NO_ENTITY_RANKING,,,NOT_APPLICABLE_GLOBAL_BASELINE,HF9g-P5,,,,X 全窗基线 · 不参与实体赏罚,14197552,1420,A168_HF9F_20260827_0900,2026-08-27 09:00:00
2026-04-13,139846499,1331,0,2871.7639975920,901.2381226606,901.2381226606,0.7272727,14,14,0.49707555714285714,0.497075557143,1.5269814010758633,1.5269814010749128,1.5269814010758633,-1.4286E-13,ELIGIBLE,R03b_20260811_FULL_v1,L1_ELIGIBILITY,v2026-08-11,2026-03-21..2026-08-06,baccarat_bet02_101_all_pairs_incl_sentinel,round_win = game_pnl > 0 (decisive only),COMPATIBILITY_ONLY_NOT_PRODUCTION,125024.4794,114768.8074,6651.5718,709,634,-0.05320216,,-0.05320216,-0.05320216,-6651.5718,125024.4794,OK,0.0000,266.0629,4.0000,96.0000,AG03-UNRESOLVED,ALL5_LEVELS_bet23_to_bet27,266.0629,266.0629,266.0629,332.5786,332.5786,4.000000,4.000000,4.000000,5.000000,5.000000,96.000000,96.000000,96.000000,95.000000,95.000000,5.0,1463.3458,1340.4631,5188.2260,5311.1087,PENDING_AG03,FALSE,NOT_FOR_ENFORCEMENT,6385.5089,110178.0551,6651.5718,6385.5089,266.0629,0.05320216,0.05107407,266.0629,6385.5089,0.05107407,266.0629,266.0629,266.0629,332.5786,332.5786,6385.5089,0.05107407,1463.3458,1340.4631,5188.2260,5311.1087,0.04149768,0.04248055,0.00212809,176.3392,181.0234,10.4914,255.8297,53.2126,4808.6338,24.3846,,176.3392,60.3913,255.2156,261.7596,263.3173,263.3173,368.1208,175.1171,-2.5946,1.031745,1.442392,0.690942,27,76,35,7,0E-8,0.05320216,,0E-8,0.000000,0.917971,0.000000,,2026-03-28,2026-05-28,26,125,101,62,0.419355,,,0.000000,,,,,,,,GLOBAL_BASELINE_NO_ENTITY_RANKING,,,NOT_APPLICABLE_GLOBAL_BASELINE,HF9g-P5,,,,X 全窗基线 · 不参与实体赏罚,14197553,1420,A168_HF9F_20260827_0900,2026-08-27 09:00:00
2026-04-13,139846499,1401,0,119.1005941942,-23.6499751328,-23.6499751328,0.6666667,3,3,0.50665070000000000,0.506650700000,0.5543606114942035,0.5543606114942035,0.5543606114942035,0E-17,ELIGIBLE,R03b_20260811_FULL_v1,L1_ELIGIBILITY,v2026-08-11,2026-03-21..2026-08-06,baccarat_bet02_101_all_pairs_incl_sentinel,round_win = game_pnl > 0 (decisive only),COMPATIBILITY_ONLY_NOT_PRODUCTION,125024.4794,114768.8074,6651.5718,709,634,-0.05320216,,-0.05320216,-0.05320216,-6651.5718,125024.4794,OK,0.0000,266.0629,4.0000,96.0000,AG03-UNRESOLVED,ALL5_LEVELS_bet23_to_bet27,266.0629,266.0629,266.0629,332.5786,332.5786,4.000000,4.000000,4.000000,5.000000,5.000000,96.000000,96.000000,96.000000,95.000000,95.000000,5.0,1463.3458,1340.4631,5188.2260,5311.1087,PENDING_AG03,FALSE,NOT_FOR_ENFORCEMENT,6385.5089,110178.0551,6651.5718,6385.5089,266.0629,0.05320216,0.05107407,266.0629,6385.5089,0.05107407,266.0629,266.0629,266.0629,332.5786,332.5786,6385.5089,0.05107407,1463.3458,1340.4631,5188.2260,5311.1087,0.04149768,0.04248055,0.00212809,176.3392,181.0234,10.4914,255.8297,53.2126,4808.6338,24.3846,,176.3392,60.3913,255.2156,261.7596,263.3173,263.3173,368.1208,175.1171,-2.5946,1.031745,1.442392,0.690942,27,76,35,7,0E-8,0.05320216,,0E-8,0.000000,0.917971,0.000000,,2026-03-28,2026-05-28,26,125,101,62,0.419355,,,0.000000,,,,,,,,GLOBAL_BASELINE_NO_ENTITY_RANKING,,,NOT_APPLICABLE_GLOBAL_BASELINE,HF9g-P5,,,,X 全窗基线 · 不参与实体赏罚,14197554,1420,A168_HF9F_20260827_0900,2026-08-27 09:00:00
2026-04-13,139846499,462,0,419.8623144779,-131.1415333875,-131.1415333875,0.3333333,4,4,0.49994810000000000,0.499948100000,-0.5771704854251445,-0.5771704854251445,-0.5771704854251445,0E-17,ELIGIBLE,R03b_20260811_FULL_v1,L1_ELIGIBILITY,v2026-08-11,2026-03-21..2026-08-06,baccarat_bet02_101_all_pairs_incl_sentinel,round_win = game_pnl > 0 (decisive only),COMPATIBILITY_ONLY_NOT_PRODUCTION,125024.4794,114768.8074,6651.5718,709,634,-0.05320216,,-0.05320216,-0.05320216,-6651.5718,125024.4794,OK,0.0000,266.0629,4.0000,96.0000,AG03-UNRESOLVED,ALL5_LEVELS_bet23_to_bet27,266.0629,266.0629,266.0629,332.5786,332.5786,4.000000,4.000000,4.000000,5.000000,5.000000,96.000000,96.000000,96.000000,95.000000,95.000000,5.0,1463.3458,1340.4631,5188.2260,5311.1087,PENDING_AG03,FALSE,NOT_FOR_ENFORCEMENT,6385.5089,110178.0551,6651.5718,6385.5089,266.0629,0.05320216,0.05107407,266.0629,6385.5089,0.05107407,266.0629,266.0629,266.0629,332.5786,332.5786,6385.5089,0.05107407,1463.3458,1340.4631,5188.2260,5311.1087,0.04149768,0.04248055,0.00212809,176.3392,181.0234,10.4914,255.8297,53.2126,4808.6338,24.3846,,176.3392,60.3913,255.2156,261.7596,263.3173,263.3173,368.1208,175.1171,-2.5946,1.031745,1.442392,0.690942,27,76,35,7,0E-8,0.05320216,,0E-8,0.000000,0.917971,0.000000,,2026-03-28,2026-05-28,26,125,101,62,0.419355,,,0.000000,,,,,,,,GLOBAL_BASELINE_NO_ENTITY_RANKING,,,NOT_APPLICABLE_GLOBAL_BASELINE,HF9g-P5,,,,X 全窗基线 · 不参与实体赏罚,14197555,1420,A168_HF9F_20260827_0900,2026-08-27 09:00:00
2026-04-17,139846499,1654,0,70.4133183258,-23.9640865901,-23.9640865901,0.5000000,2,2,0.50665070000000000,0.506650700000,-0.018812684590367487,-0.018812684590367487,-0.018812684590367487,0E-17,ELIGIBLE,R03b_20260811_FULL_v1,L1_ELIGIBILITY,v2026-08-11,2026-03-21..2026-08-06,baccarat_bet02_101_all_pairs_incl_sentinel,round_win = game_pnl > 0 (decisive only),COMPATIBILITY_ONLY_NOT_PRODUCTION,125024.4794,114768.8074,6651.5718,709,634,-0.05320216,,-0.05320216,-0.05320216,-6651.5718,125024.4794,OK,0.0000,266.0629,4.0000,96.0000,AG03-UNRESOLVED,ALL5_LEVELS_bet23_to_bet27,266.0629,266.0629,266.0629,332.5786,332.5786,4.000000,4.000000,4.000000,5.000000,5.000000,96.000000,96.000000,96.000000,95.000000,95.000000,5.0,1463.3458,1340.4631,5188.2260,5311.1087,PENDING_AG03,FALSE,NOT_FOR_ENFORCEMENT,6385.5089,110178.0551,6651.5718,6385.5089,266.0629,0.05320216,0.05107407,266.0629,6385.5089,0.05107407,266.0629,266.0629,266.0629,332.5786,332.5786,6385.5089,0.05107407,1463.3458,1340.4631,5188.2260,5311.1087,0.04149768,0.04248055,0.00212809,176.3392,181.0234,10.4914,255.8297,53.2126,4808.6338,24.3846,,176.3392,60.3913,255.2156,261.7596,263.3173,263.3173,368.1208,175.1171,-2.5946,1.031745,1.442392,0.690942,27,76,35,7,0E-8,0.05320216,,0E-8,0.000000,0.917971,0.000000,,2026-03-28,2026-05-28,26,125,101,62,0.419355,,,0.000000,,,,,,,,GLOBAL_BASELINE_NO_ENTITY_RANKING,,,NOT_APPLICABLE_GLOBAL_BASELINE,HF9g-P5,,,,X 全窗基线 · 不参与实体赏罚,14197556,1420,A168_HF9F_20260827_0900,2026-08-27 09:00:00
2026-04-21,139846499,2174,0,472.7377431094,-131.4032929351,-131.4032929351,0.4000000,6,6,0.49547970000000000,0.495479700000,-0.42701565021644644,-0.42701565021644644,-0.42701565021644644,0E-17,ELIGIBLE,R03b_20260811_FULL_v1,L1_ELIGIBILITY,v2026-08-11,2026-03-21..2026-08-06,baccarat_bet02_101_all_pairs_incl_sentinel,round_win = game_pnl > 0 (decisive only),COMPATIBILITY_ONLY_NOT_PRODUCTION,125024.4794,114768.8074,6651.5718,709,634,-0.05320216,,-0.05320216,-0.05320216,-6651.5718,125024.4794,OK,0.0000,266.0629,4.0000,96.0000,AG03-UNRESOLVED,ALL5_LEVELS_bet23_to_bet27,266.0629,266.0629,266.0629,332.5786,332.5786,4.000000,4.000000,4.000000,5.000000,5.000000,96.000000,96.000000,96.000000,95.000000,95.000000,5.0,1463.3458,1340.4631,5188.2260,5311.1087,PENDING_AG03,FALSE,NOT_FOR_ENFORCEMENT,6385.5089,110178.0551,6651.5718,6385.5089,266.0629,0.05320216,0.05107407,266.0629,6385.5089,0.05107407,266.0629,266.0629,266.0629,332.5786,332.5786,6385.5089,0.05107407,1463.3458,1340.4631,5188.2260,5311.1087,0.04149768,0.04248055,0.00212809,176.3392,181.0234,10.4914,255.8297,53.2126,4808.6338,24.3846,,176.3392,60.3913,255.2156,261.7596,263.3173,263.3173,368.1208,175.1171,-2.5946,1.031745,1.442392,0.690942,27,76,35,7,0E-8,0.05320216,,0E-8,0.000000,0.917971,0.000000,,2026-03-28,2026-05-28,26,125,101,62,0.419355,,,0.000000,,,,,,,,GLOBAL_BASELINE_NO_ENTITY_RANKING,,,NOT_APPLICABLE_GLOBAL_BASELINE,HF9g-P5,,,,X 全窗基线 · 不参与实体赏罚,14197557,1420,A168_HF9F_20260827_0900,2026-08-27 09:00:00
2026-04-22,139846499,1990,0,591.3148182080,-130.8928618171,-130.8928618171,0.4000000,5,5,0.49592654000000000,0.495926540000,-0.42901076602576227,-0.42901076602576227,-0.42901076602576227,0E-17,ELIGIBLE,R03b_20260811_FULL_v1,L1_ELIGIBILITY,v2026-08-11,2026-03-21..2026-08-06,baccarat_bet02_101_all_pairs_incl_sentinel,round_win = game_pnl > 0 (decisive only),COMPATIBILITY_ONLY_NOT_PRODUCTION,125024.4794,114768.8074,6651.5718,709,634,-0.05320216,,-0.05320216,-0.05320216,-6651.5718,125024.4794,OK,0.0000,266.0629,4.0000,96.0000,AG03-UNRESOLVED,ALL5_LEVELS_bet23_to_bet27,266.0629,266.0629,266.0629,332.5786,332.5786,4.000000,4.000000,4.000000,5.000000,5.000000,96.000000,96.000000,96.000000,95.000000,95.000000,5.0,1463.3458,1340.4631,5188.2260,5311.1087,PENDING_AG03,FALSE,NOT_FOR_ENFORCEMENT,6385.5089,110178.0551,6651.5718,6385.5089,266.0629,0.05320216,0.05107407,266.0629,6385.5089,0.05107407,266.0629,266.0629,266.0629,332.5786,332.5786,6385.5089,0.05107407,1463.3458,1340.4631,5188.2260,5311.1087,0.04149768,0.04248055,0.00212809,176.3392,181.0234,10.4914,255.8297,53.2126,4808.6338,24.3846,,176.3392,60.3913,255.2156,261.7596,263.3173,263.3173,368.1208,175.1171,-2.5946,1.031745,1.442392,0.690942,27,76,35,7,0E-8,0.05320216,,0E-8,0.000000,0.917971,0.000000,,2026-03-28,2026-05-28,26,125,101,62,0.419355,,,0.000000,,,,,,,,GLOBAL_BASELINE_NO_ENTITY_RANKING,,,NOT_APPLICABLE_GLOBAL_BASELINE,HF9g-P5,,,,X 全窗基线 · 不参与实体赏罚,14197558,1420,A168_HF9F_20260827_0900,2026-08-27 09:00:00
2026-04-22,139846499,2174,0,339.2403737927,-84.8100934481,-84.8100934481,0.5000000,3,3,0.49771390000000000,0.497713900000,0.006466134837551399,0.0064661348375514,0.006466134837551399,0E-17,ELIGIBLE,R03b_20260811_FULL_v1,L1_ELIGIBILITY,v2026-08-11,2026-03-21..2026-08-06,baccarat_bet02_101_all_pairs_incl_sentinel,round_win = game_pnl > 0 (decisive only),COMPATIBILITY_ONLY_NOT_PRODUCTION,125024.4794,114768.8074,6651.5718,709,634,-0.05320216,,-0.05320216,-0.05320216,-6651.5718,125024.4794,OK,0.0000,266.0629,4.0000,96.0000,AG03-UNRESOLVED,ALL5_LEVELS_bet23_to_bet27,266.0629,266.0629,266.0629,332.5786,332.5786,4.000000,4.000000,4.000000,5.000000,5.000000,96.000000,96.000000,96.000000,95.000000,95.000000,5.0,1463.3458,1340.4631,5188.2260,5311.1087,PENDING_AG03,FALSE,NOT_FOR_ENFORCEMENT,6385.5089,110178.0551,6651.5718,6385.5089,266.0629,0.05320216,0.05107407,266.0629,6385.5089,0.05107407,266.0629,266.0629,266.0629,332.5786,332.5786,6385.5089,0.05107407,1463.3458,1340.4631,5188.2260,5311.1087,0.04149768,0.04248055,0.00212809,176.3392,181.0234,10.4914,255.8297,53.2126,4808.6338,24.3846,,176.3392,60.3913,255.2156,261.7596,263.3173,263.3173,368.1208,175.1171,-2.5946,1.031745,1.442392,0.690942,27,76,35,7,0E-8,0.05320216,,0E-8,0.000000,0.917971,0.000000,,2026-03-28,2026-05-28,26,125,101,62,0.419355,,,0.000000,,,,,,,,GLOBAL_BASELINE_NO_ENTITY_RANKING,,,NOT_APPLICABLE_GLOBAL_BASELINE,HF9g-P5,,,,X 全窗基线 · 不参与实体赏罚,14197559,1420,A168_HF9F_20260827_0900,2026-08-27 09:00:00
2026-04-22,139846499,2220,0,59.6811768709,-8.7165929378,-8.7165929378,0.6666667,3,3,0.36483300000000000,0.364833000000,1.0860186579666644,1.0860186579666644,1.0860186579666644,0E-17,ELIGIBLE,R03b_20260811_FULL_v1,L1_ELIGIBILITY,v2026-08-11,2026-03-21..2026-08-06,baccarat_bet02_101_all_pairs_incl_sentinel,round_win = game_pnl > 0 (decisive only),COMPATIBILITY_ONLY_NOT_PRODUCTION,125024.4794,114768.8074,6651.5718,709,634,-0.05320216,,-0.05320216,-0.05320216,-6651.5718,125024.4794,OK,0.0000,266.0629,4.0000,96.0000,AG03-UNRESOLVED,ALL5_LEVELS_bet23_to_bet27,266.0629,266.0629,266.0629,332.5786,332.5786,4.000000,4.000000,4.000000,5.000000,5.000000,96.000000,96.000000,96.000000,95.000000,95.000000,5.0,1463.3458,1340.4631,5188.2260,5311.1087,PENDING_AG03,FALSE,NOT_FOR_ENFORCEMENT,6385.5089,110178.0551,6651.5718,6385.5089,266.0629,0.05320216,0.05107407,266.0629,6385.5089,0.05107407,266.0629,266.0629,266.0629,332.5786,332.5786,6385.5089,0.05107407,1463.3458,1340.4631,5188.2260,5311.1087,0.04149768,0.04248055,0.00212809,176.3392,181.0234,10.4914,255.8297,53.2126,4808.6338,24.3846,,176.3392,60.3913,255.2156,261.7596,263.3173,263.3173,368.1208,175.1171,-2.5946,1.031745,1.442392,0.690942,27,76,35,7,0E-8,0.05320216,,0E-8,0.000000,0.917971,0.000000,,2026-03-28,2026-05-28,26,125,101,62,0.419355,,,0.000000,,,,,,,,GLOBAL_BASELINE_NO_ENTITY_RANKING,,,NOT_APPLICABLE_GLOBAL_BASELINE,HF9g-P5,,,,X 全窗基线 · 不参与实体赏罚,14197560,1420,A168_HF9F_20260827_0900,2026-08-27 09:00:00
2026-04-23,139846499,1323,0,261.7595476795,-261.7595476795,-261.7595476795,0E-7,1,1,0.49324550000000000,0.493245500000,-0.9865810262130424,-0.9865810262130424,-0.9865810262130424,0E-17,ELIGIBLE,R03b_20260811_FULL_v1,L1_ELIGIBILITY,v2026-08-11,2026-03-21..2026-08-06,baccarat_bet02_101_all_pairs_incl_sentinel,round_win = game_pnl > 0 (decisive only),COMPATIBILITY_ONLY_NOT_PRODUCTION,125024.4794,114768.8074,6651.5718,709,634,-0.05320216,,-0.05320216,-0.05320216,-6651.5718,125024.4794,OK,0.0000,266.0629,4.0000,96.0000,AG03-UNRESOLVED,ALL5_LEVELS_bet23_to_bet27,266.0629,266.0629,266.0629,332.5786,332.5786,4.000000,4.000000,4.000000,5.000000,5.000000,96.000000,96.000000,96.000000,95.000000,95.000000,5.0,1463.3458,1340.4631,5188.2260,5311.1087,PENDING_AG03,FALSE,NOT_FOR_ENFORCEMENT,6385.5089,110178.0551,6651.5718,6385.5089,266.0629,0.05320216,0.05107407,266.0629,6385.5089,0.05107407,266.0629,266.0629,266.0629,332.5786,332.5786,6385.5089,0.05107407,1463.3458,1340.4631,5188.2260,5311.1087,0.04149768,0.04248055,0.00212809,176.3392,181.0234,10.4914,255.8297,53.2126,4808.6338,24.3846,,176.3392,60.3913,255.2156,261.7596,263.3173,263.3173,368.1208,175.1171,-2.5946,1.031745,1.442392,0.690942,27,76,35,7,0E-8,0.05320216,,0E-8,0.000000,0.917971,0.000000,,2026-03-28,2026-05-28,26,125,101,62,0.419355,,,0.000000,,,,,,,,GLOBAL_BASELINE_NO_ENTITY_RANKING,,,NOT_APPLICABLE_GLOBAL_BASELINE,HF9g-P5,,,,X 全窗基线 · 不参与实体赏罚,14197561,1420,A168_HF9F_20260827_0900,2026-08-27 09:00:00
2026-04-23,139846499,1384,0,753.8674973171,270.9211318483,270.9211318483,0.6666667,10,10,0.49994810000000000,0.499948100000,1.0003114053888977,1.0003114053888977,1.0003114053888977,0E-17,ELIGIBLE,R03b_20260811_FULL_v1,L1_ELIGIBILITY,v2026-08-11,2026-03-21..2026-08-06,baccarat_bet02_101_all_pairs_incl_sentinel,round_win = game_pnl > 0 (decisive only),COMPATIBILITY_ONLY_NOT_PRODUCTION,125024.4794,114768.8074,6651.5718,709,634,-0.05320216,,-0.05320216,-0.05320216,-6651.5718,125024.4794,OK,0.0000,266.0629,4.0000,96.0000,AG03-UNRESOLVED,ALL5_LEVELS_bet23_to_bet27,266.0629,266.0629,266.0629,332.5786,332.5786,4.000000,4.000000,4.000000,5.000000,5.000000,96.000000,96.000000,96.000000,95.000000,95.000000,5.0,1463.3458,1340.4631,5188.2260,5311.1087,PENDING_AG03,FALSE,NOT_FOR_ENFORCEMENT,6385.5089,110178.0551,6651.5718,6385.5089,266.0629,0.05320216,0.05107407,266.0629,6385.5089,0.05107407,266.0629,266.0629,266.0629,332.5786,332.5786,6385.5089,0.05107407,1463.3458,1340.4631,5188.2260,5311.1087,0.04149768,0.04248055,0.00212809,176.3392,181.0234,10.4914,255.8297,53.2126,4808.6338,24.3846,,176.3392,60.3913,255.2156,261.7596,263.3173,263.3173,368.1208,175.1171,-2.5946,1.031745,1.442392,0.690942,27,76,35,7,0E-8,0.05320216,,0E-8,0.000000,0.917971,0.000000,,2026-03-28,2026-05-28,26,125,101,62,0.419355,,,0.000000,,,,,,,,GLOBAL_BASELINE_NO_ENTITY_RANKING,,,NOT_APPLICABLE_GLOBAL_BASELINE,HF9g-P5,,,,X 全窗基线 · 不参与实体赏罚,14197562,1420,A168_HF9F_20260827_0900,2026-08-27 09:00:00
2026-04-23,139846499,2170,0,466.4555139651,111.4703033794,111.4703033794,0.6923077,16,16,0.50078592500000000,0.500785925000,1.381084810923488,1.381084810923488,1.381084810923488,0E-17,ELIGIBLE,R03b_20260811_FULL_v1,L1_ELIGIBILITY,v2026-08-11,2026-03-21..2026-08-06,baccarat_bet02_101_all_pairs_incl_sentinel,round_win = game_pnl > 0 (decisive only),COMPATIBILITY_ONLY_NOT_PRODUCTION,125024.4794,114768.8074,6651.5718,709,634,-0.05320216,,-0.05320216,-0.05320216,-6651.5718,125024.4794,OK,0.0000,266.0629,4.0000,96.0000,AG03-UNRESOLVED,ALL5_LEVELS_bet23_to_bet27,266.0629,266.0629,266.0629,332.5786,332.5786,4.000000,4.000000,4.000000,5.000000,5.000000,96.000000,96.000000,96.000000,95.000000,95.000000,5.0,1463.3458,1340.4631,5188.2260,5311.1087,PENDING_AG03,FALSE,NOT_FOR_ENFORCEMENT,6385.5089,110178.0551,6651.5718,6385.5089,266.0629,0.05320216,0.05107407,266.0629,6385.5089,0.05107407,266.0629,266.0629,266.0629,332.5786,332.5786,6385.5089,0.05107407,1463.3458,1340.4631,5188.2260,5311.1087,0.04149768,0.04248055,0.00212809,176.3392,181.0234,10.4914,255.8297,53.2126,4808.6338,24.3846,,176.3392,60.3913,255.2156,261.7596,263.3173,263.3173,368.1208,175.1171,-2.5946,1.031745,1.442392,0.690942,27,76,35,7,0E-8,0.05320216,,0E-8,0.000000,0.917971,0.000000,,2026-03-28,2026-05-28,26,125,101,62,0.419355,,,0.000000,,,,,,,,GLOBAL_BASELINE_NO_ENTITY_RANKING,,,NOT_APPLICABLE_GLOBAL_BASELINE,HF9g-P5,,,,X 全窗基线 · 不参与实体赏罚,14197563,1420,A168_HF9F_20260827_0900,2026-08-27 09:00:00
2026-04-23,139846499,2174,0,7.3292673350,-7.3292673350,-7.3292673350,0E-7,1,1,0.09460280000000000,0.094602800000,-0.32324545095860213,-0.32324545095860213,-0.32324545095860213,0E-17,ELIGIBLE,R03b_20260811_FULL_v1,L1_ELIGIBILITY,v2026-08-11,2026-03-21..2026-08-06,baccarat_bet02_101_all_pairs_incl_sentinel,round_win = game_pnl > 0 (decisive only),COMPATIBILITY_ONLY_NOT_PRODUCTION,125024.4794,114768.8074,6651.5718,709,634,-0.05320216,,-0.05320216,-0.05320216,-6651.5718,125024.4794,OK,0.0000,266.0629,4.0000,96.0000,AG03-UNRESOLVED,ALL5_LEVELS_bet23_to_bet27,266.0629,266.0629,266.0629,332.5786,332.5786,4.000000,4.000000,4.000000,5.000000,5.000000,96.000000,96.000000,96.000000,95.000000,95.000000,5.0,1463.3458,1340.4631,5188.2260,5311.1087,PENDING_AG03,FALSE,NOT_FOR_ENFORCEMENT,6385.5089,110178.0551,6651.5718,6385.5089,266.0629,0.05320216,0.05107407,266.0629,6385.5089,0.05107407,266.0629,266.0629,266.0629,332.5786,332.5786,6385.5089,0.05107407,1463.3458,1340.4631,5188.2260,5311.1087,0.04149768,0.04248055,0.00212809,176.3392,181.0234,10.4914,255.8297,53.2126,4808.6338,24.3846,,176.3392,60.3913,255.2156,261.7596,263.3173,263.3173,368.1208,175.1171,-2.5946,1.031745,1.442392,0.690942,27,76,35,7,0E-8,0.05320216,,0E-8,0.000000,0.917971,0.000000,,2026-03-28,2026-05-28,26,125,101,62,0.419355,,,0.000000,,,,,,,,GLOBAL_BASELINE_NO_ENTITY_RANKING,,,NOT_APPLICABLE_GLOBAL_BASELINE,HF9g-P5,,,,X 全窗基线 · 不参与实体赏罚,14197564,1420,A168_HF9F_20260827_0900,2026-08-27 09:00:00
2026-04-23,139846499,2177,0,221.7103368845,-207.0518022145,-207.0518022145,0.5000000,3,3,0.49324550000000000,0.493245500000,0.01910635448239258,0.01910635448239258,0.01910635448239258,0E-17,ELIGIBLE,R03b_20260811_FULL_v1,L1_ELIGIBILITY,v2026-08-11,2026-03-21..2026-08-06,baccarat_bet02_101_all_pairs_incl_sentinel,round_win = game_pnl > 0 (decisive only),COMPATIBILITY_ONLY_NOT_PRODUCTION,125024.4794,114768.8074,6651.5718,709,634,-0.05320216,,-0.05320216,-0.05320216,-6651.5718,125024.4794,OK,0.0000,266.0629,4.0000,96.0000,AG03-UNRESOLVED,ALL5_LEVELS_bet23_to_bet27,266.0629,266.0629,266.0629,332.5786,332.5786,4.000000,4.000000,4.000000,5.000000,5.000000,96.000000,96.000000,96.000000,95.000000,95.000000,5.0,1463.3458,1340.4631,5188.2260,5311.1087,PENDING_AG03,FALSE,NOT_FOR_ENFORCEMENT,6385.5089,110178.0551,6651.5718,6385.5089,266.0629,0.05320216,0.05107407,266.0629,6385.5089,0.05107407,266.0629,266.0629,266.0629,332.5786,332.5786,6385.5089,0.05107407,1463.3458,1340.4631,5188.2260,5311.1087,0.04149768,0.04248055,0.00212809,176.3392,181.0234,10.4914,255.8297,53.2126,4808.6338,24.3846,,176.3392,60.3913,255.2156,261.7596,263.3173,263.3173,368.1208,175.1171,-2.5946,1.031745,1.442392,0.690942,27,76,35,7,0E-8,0.05320216,,0E-8,0.000000,0.917971,0.000000,,2026-03-28,2026-05-28,26,125,101,62,0.419355,,,0.000000,,,,,,,,GLOBAL_BASELINE_NO_ENTITY_RANKING,,,NOT_APPLICABLE_GLOBAL_BASELINE,HF9g-P5,,,,X 全窗基线 · 不参与实体赏罚,14197565,1420,A168_HF9F_20260827_0900,2026-08-27 09:00:00
2026-04-23,139846499,2220,0,52.3519095359,49.7343140591,49.7343140591,1.0000000,1,1,0.50665070000000000,0.506650700000,0.9867858985152569,0.9867858985152569,0.9867858985152569,0E-17,ELIGIBLE,R03b_20260811_FULL_v1,L1_ELIGIBILITY,v2026-08-11,2026-03-21..2026-08-06,baccarat_bet02_101_all_pairs_incl_sentinel,round_win = game_pnl > 0 (decisive only),COMPATIBILITY_ONLY_NOT_PRODUCTION,125024.4794,114768.8074,6651.5718,709,634,-0.05320216,,-0.05320216,-0.05320216,-6651.5718,125024.4794,OK,0.0000,266.0629,4.0000,96.0000,AG03-UNRESOLVED,ALL5_LEVELS_bet23_to_bet27,266.0629,266.0629,266.0629,332.5786,332.5786,4.000000,4.000000,4.000000,5.000000,5.000000,96.000000,96.000000,96.000000,95.000000,95.000000,5.0,1463.3458,1340.4631,5188.2260,5311.1087,PENDING_AG03,FALSE,NOT_FOR_ENFORCEMENT,6385.5089,110178.0551,6651.5718,6385.5089,266.0629,0.05320216,0.05107407,266.0629,6385.5089,0.05107407,266.0629,266.0629,266.0629,332.5786,332.5786,6385.5089,0.05107407,1463.3458,1340.4631,5188.2260,5311.1087,0.04149768,0.04248055,0.00212809,176.3392,181.0234,10.4914,255.8297,53.2126,4808.6338,24.3846,,176.3392,60.3913,255.2156,261.7596,263.3173,263.3173,368.1208,175.1171,-2.5946,1.031745,1.442392,0.690942,27,76,35,7,0E-8,0.05320216,,0E-8,0.000000,0.917971,0.000000,,2026-03-28,2026-05-28,26,125,101,62,0.419355,,,0.000000,,,,,,,,GLOBAL_BASELINE_NO_ENTITY_RANKING,,,NOT_APPLICABLE_GLOBAL_BASELINE,HF9g-P5,,,,X 全窗基线 · 不参与实体赏罚,14197566,1420,A168_HF9F_20260827_0900,2026-08-27 09:00:00
2026-04-26,139846499,-1,1,8.6380650734,-8.6380650734,-8.6380650734,0E-7,1,1,0.49324550000000000,0.493245500000,-0.9865810262130424,-0.9865810262130424,-0.9865810262130424,0E-17,SENTINEL_DEALER,R03b_20260811_FULL_v1,L1_ELIGIBILITY,v2026-08-11,2026-03-21..2026-08-06,baccarat_bet02_101_all_pairs_incl_sentinel,round_win = game_pnl > 0 (decisive only),COMPATIBILITY_ONLY_NOT_PRODUCTION,125024.4794,114768.8074,6651.5718,709,634,-0.05320216,,-0.05320216,-0.05320216,-6651.5718,125024.4794,OK,0.0000,266.0629,4.0000,96.0000,AG03-UNRESOLVED,ALL5_LEVELS_bet23_to_bet27,266.0629,266.0629,266.0629,332.5786,332.5786,4.000000,4.000000,4.000000,5.000000,5.000000,96.000000,96.000000,96.000000,95.000000,95.000000,5.0,1463.3458,1340.4631,5188.2260,5311.1087,PENDING_AG03,FALSE,NOT_FOR_ENFORCEMENT,6385.5089,110178.0551,6651.5718,6385.5089,266.0629,0.05320216,0.05107407,266.0629,6385.5089,0.05107407,266.0629,266.0629,266.0629,332.5786,332.5786,6385.5089,0.05107407,1463.3458,1340.4631,5188.2260,5311.1087,0.04149768,0.04248055,0.00212809,176.3392,181.0234,10.4914,255.8297,53.2126,4808.6338,24.3846,,176.3392,60.3913,255.2156,261.7596,263.3173,263.3173,368.1208,175.1171,-2.5946,1.031745,1.442392,0.690942,27,76,35,7,0E-8,0.05320216,,0E-8,0.000000,0.917971,0.000000,,2026-03-28,2026-05-28,26,125,101,62,0.419355,,,0.000000,,,,,,,,GLOBAL_BASELINE_NO_ENTITY_RANKING,,,NOT_APPLICABLE_GLOBAL_BASELINE,HF9g-P5,,,,X 全窗基线 · 不参与实体赏罚,14197567,1420,A168_HF9F_20260827_0900,2026-08-27 09:00:00
2026-05-04,139846499,2088,0,21.5349488869,-21.5349488869,-21.5349488869,0E-7,1,1,0.49324550000000000,0.493245500000,-0.9865810262130424,-0.9865810262130424,-0.9865810262130424,0E-17,ELIGIBLE,R03b_20260811_FULL_v1,L1_ELIGIBILITY,v2026-08-11,2026-03-21..2026-08-06,baccarat_bet02_101_all_pairs_incl_sentinel,round_win = game_pnl > 0 (decisive only),COMPATIBILITY_ONLY_NOT_PRODUCTION,125024.4794,114768.8074,6651.5718,709,634,-0.05320216,,-0.05320216,-0.05320216,-6651.5718,125024.4794,OK,0.0000,266.0629,4.0000,96.0000,AG03-UNRESOLVED,ALL5_LEVELS_bet23_to_bet27,266.0629,266.0629,266.0629,332.5786,332.5786,4.000000,4.000000,4.000000,5.000000,5.000000,96.000000,96.000000,96.000000,95.000000,95.000000,5.0,1463.3458,1340.4631,5188.2260,5311.1087,PENDING_AG03,FALSE,NOT_FOR_ENFORCEMENT,6385.5089,110178.0551,6651.5718,6385.5089,266.0629,0.05320216,0.05107407,266.0629,6385.5089,0.05107407,266.0629,266.0629,266.0629,332.5786,332.5786,6385.5089,0.05107407,1463.3458,1340.4631,5188.2260,5311.1087,0.04149768,0.04248055,0.00212809,176.3392,181.0234,10.4914,255.8297,53.2126,4808.6338,24.3846,,176.3392,60.3913,255.2156,261.7596,263.3173,263.3173,368.1208,175.1171,-2.5946,1.031745,1.442392,0.690942,27,76,35,7,0E-8,0.05320216,,0E-8,0.000000,0.917971,0.000000,,2026-03-28,2026-05-28,26,125,101,62,0.419355,,,0.000000,,,,,,,,GLOBAL_BASELINE_NO_ENTITY_RANKING,,,NOT_APPLICABLE_GLOBAL_BASELINE,HF9g-P5,,,,X 全窗基线 · 不参与实体赏罚,14197568,1420,A168_HF9F_20260827_0900,2026-08-27 09:00:00
2026-05-10,139846499,1396,0,64.3453894452,-21.8462975455,-21.8462975455,0.5000000,2,2,0.50665070000000000,0.506650700000,-0.018812684590367487,-0.018812684590367487,-0.018812684590367487,0E-17,ELIGIBLE,R03b_20260811_FULL_v1,L1_ELIGIBILITY,v2026-08-11,2026-03-21..2026-08-06,baccarat_bet02_101_all_pairs_incl_sentinel,round_win = game_pnl > 0 (decisive only),COMPATIBILITY_ONLY_NOT_PRODUCTION,125024.4794,114768.8074,6651.5718,709,634,-0.05320216,,-0.05320216,-0.05320216,-6651.5718,125024.4794,OK,0.0000,266.0629,4.0000,96.0000,AG03-UNRESOLVED,ALL5_LEVELS_bet23_to_bet27,266.0629,266.0629,266.0629,332.5786,332.5786,4.000000,4.000000,4.000000,5.000000,5.000000,96.000000,96.000000,96.000000,95.000000,95.000000,5.0,1463.3458,1340.4631,5188.2260,5311.1087,PENDING_AG03,FALSE,NOT_FOR_ENFORCEMENT,6385.5089,110178.0551,6651.5718,6385.5089,266.0629,0.05320216,0.05107407,266.0629,6385.5089,0.05107407,266.0629,266.0629,266.0629,332.5786,332.5786,6385.5089,0.05107407,1463.3458,1340.4631,5188.2260,5311.1087,0.04149768,0.04248055,0.00212809,176.3392,181.0234,10.4914,255.8297,53.2126,4808.6338,24.3846,,176.3392,60.3913,255.2156,261.7596,263.3173,263.3173,368.1208,175.1171,-2.5946,1.031745,1.442392,0.690942,27,76,35,7,0E-8,0.05320216,,0E-8,0.000000,0.917971,0.000000,,2026-03-28,2026-05-28,26,125,101,62,0.419355,,,0.000000,,,,,,,,GLOBAL_BASELINE_NO_ENTITY_RANKING,,,NOT_APPLICABLE_GLOBAL_BASELINE,HF9g-P5,,,,X 全窗基线 · 不参与实体赏罚,14197569,1420,A168_HF9F_20260827_0900,2026-08-27 09:00:00
2026-05-10,139846499,2103,0,58.3778734887,-58.3778734887,-58.3778734887,0E-7,2,2,0.49994810000000000,0.499948100000,-1.4140667746232096,-1.4140667746232096,-1.4140667746232096,0E-17,ELIGIBLE,R03b_20260811_FULL_v1,L1_ELIGIBILITY,v2026-08-11,2026-03-21..2026-08-06,baccarat_bet02_101_all_pairs_incl_sentinel,round_win = game_pnl > 0 (decisive only),COMPATIBILITY_ONLY_NOT_PRODUCTION,125024.4794,114768.8074,6651.5718,709,634,-0.05320216,,-0.05320216,-0.05320216,-6651.5718,125024.4794,OK,0.0000,266.0629,4.0000,96.0000,AG03-UNRESOLVED,ALL5_LEVELS_bet23_to_bet27,266.0629,266.0629,266.0629,332.5786,332.5786,4.000000,4.000000,4.000000,5.000000,5.000000,96.000000,96.000000,96.000000,95.000000,95.000000,5.0,1463.3458,1340.4631,5188.2260,5311.1087,PENDING_AG03,FALSE,NOT_FOR_ENFORCEMENT,6385.5089,110178.0551,6651.5718,6385.5089,266.0629,0.05320216,0.05107407,266.0629,6385.5089,0.05107407,266.0629,266.0629,266.0629,332.5786,332.5786,6385.5089,0.05107407,1463.3458,1340.4631,5188.2260,5311.1087,0.04149768,0.04248055,0.00212809,176.3392,181.0234,10.4914,255.8297,53.2126,4808.6338,24.3846,,176.3392,60.3913,255.2156,261.7596,263.3173,263.3173,368.1208,175.1171,-2.5946,1.031745,1.442392,0.690942,27,76,35,7,0E-8,0.05320216,,0E-8,0.000000,0.917971,0.000000,,2026-03-28,2026-05-28,26,125,101,62,0.419355,,,0.000000,,,,,,,,GLOBAL_BASELINE_NO_ENTITY_RANKING,,,NOT_APPLICABLE_GLOBAL_BASELINE,HF9g-P5,,,,X 全窗基线 · 不参与实体赏罚,14197570,1420,A168_HF9F_20260827_0900,2026-08-27 09:00:00
2026-05-20,139846499,1078,0,385.2939650251,-79.1344507290,-79.1344507290,0.4000000,5,5,0.50128862000000000,0.501288620000,-0.4529779837142727,-0.4529779837142727,-0.4529779837142727,0E-17,ELIGIBLE,R03b_20260811_FULL_v1,L1_ELIGIBILITY,v2026-08-11,2026-03-21..2026-08-06,baccarat_bet02_101_all_pairs_incl_sentinel,round_win = game_pnl > 0 (decisive only),COMPATIBILITY_ONLY_NOT_PRODUCTION,125024.4794,114768.8074,6651.5718,709,634,-0.05320216,,-0.05320216,-0.05320216,-6651.5718,125024.4794,OK,0.0000,266.0629,4.0000,96.0000,AG03-UNRESOLVED,ALL5_LEVELS_bet23_to_bet27,266.0629,266.0629,266.0629,332.5786,332.5786,4.000000,4.000000,4.000000,5.000000,5.000000,96.000000,96.000000,96.000000,95.000000,95.000000,5.0,1463.3458,1340.4631,5188.2260,5311.1087,PENDING_AG03,FALSE,NOT_FOR_ENFORCEMENT,6385.5089,110178.0551,6651.5718,6385.5089,266.0629,0.05320216,0.05107407,266.0629,6385.5089,0.05107407,266.0629,266.0629,266.0629,332.5786,332.5786,6385.5089,0.05107407,1463.3458,1340.4631,5188.2260,5311.1087,0.04149768,0.04248055,0.00212809,176.3392,181.0234,10.4914,255.8297,53.2126,4808.6338,24.3846,,176.3392,60.3913,255.2156,261.7596,263.3173,263.3173,368.1208,175.1171,-2.5946,1.031745,1.442392,0.690942,27,76,35,7,0E-8,0.05320216,,0E-8,0.000000,0.917971,0.000000,,2026-03-28,2026-05-28,26,125,101,62,0.419355,,,0.000000,,,,,,,,GLOBAL_BASELINE_NO_ENTITY_RANKING,,,NOT_APPLICABLE_GLOBAL_BASELINE,HF9g-P5,,,,X 全窗基线 · 不参与实体赏罚,14197571,1420,A168_HF9F_20260827_0900,2026-08-27 09:00:00
2026-05-20,139846499,2101,0,451.4555549790,-77.0587930051,-77.0587930051,0.6666667,3,3,0.50218230000000000,0.502182300000,0.5697959874915163,0.5697959874915164,0.5697959874915163,0E-17,ELIGIBLE,R03b_20260811_FULL_v1,L1_ELIGIBILITY,v2026-08-11,2026-03-21..2026-08-06,baccarat_bet02_101_all_pairs_incl_sentinel,round_win = game_pnl > 0 (decisive only),COMPATIBILITY_ONLY_NOT_PRODUCTION,125024.4794,114768.8074,6651.5718,709,634,-0.05320216,,-0.05320216,-0.05320216,-6651.5718,125024.4794,OK,0.0000,266.0629,4.0000,96.0000,AG03-UNRESOLVED,ALL5_LEVELS_bet23_to_bet27,266.0629,266.0629,266.0629,332.5786,332.5786,4.000000,4.000000,4.000000,5.000000,5.000000,96.000000,96.000000,96.000000,95.000000,95.000000,5.0,1463.3458,1340.4631,5188.2260,5311.1087,PENDING_AG03,FALSE,NOT_FOR_ENFORCEMENT,6385.5089,110178.0551,6651.5718,6385.5089,266.0629,0.05320216,0.05107407,266.0629,6385.5089,0.05107407,266.0629,266.0629,266.0629,332.5786,332.5786,6385.5089,0.05107407,1463.3458,1340.4631,5188.2260,5311.1087,0.04149768,0.04248055,0.00212809,176.3392,181.0234,10.4914,255.8297,53.2126,4808.6338,24.3846,,176.3392,60.3913,255.2156,261.7596,263.3173,263.3173,368.1208,175.1171,-2.5946,1.031745,1.442392,0.690942,27,76,35,7,0E-8,0.05320216,,0E-8,0.000000,0.917971,0.000000,,2026-03-28,2026-05-28,26,125,101,62,0.419355,,,0.000000,,,,,,,,GLOBAL_BASELINE_NO_ENTITY_RANKING,,,NOT_APPLICABLE_GLOBAL_BASELINE,HF9g-P5,,,,X 全窗基线 · 不参与实体赏罚,14197572,1420,A168_HF9F_20260827_0900,2026-08-27 09:00:00
2026-05-20,139846499,2174,0,1823.9842250017,-1318.0426547666,-1318.0426547666,0.1428571,10,7,0.50266573168313040,0.400203714286,-1.903955150917746,-1.3897124975715802,-1.903955150917746,0.10246201739713040,ELIGIBLE,R03b_20260811_FULL_v1,L1_ELIGIBILITY,v2026-08-11,2026-03-21..2026-08-06,baccarat_bet02_101_all_pairs_incl_sentinel,round_win = game_pnl > 0 (decisive only),COMPATIBILITY_ONLY_NOT_PRODUCTION,125024.4794,114768.8074,6651.5718,709,634,-0.05320216,,-0.05320216,-0.05320216,-6651.5718,125024.4794,OK,0.0000,266.0629,4.0000,96.0000,AG03-UNRESOLVED,ALL5_LEVELS_bet23_to_bet27,266.0629,266.0629,266.0629,332.5786,332.5786,4.000000,4.000000,4.000000,5.000000,5.000000,96.000000,96.000000,96.000000,95.000000,95.000000,5.0,1463.3458,1340.4631,5188.2260,5311.1087,PENDING_AG03,FALSE,NOT_FOR_ENFORCEMENT,6385.5089,110178.0551,6651.5718,6385.5089,266.0629,0.05320216,0.05107407,266.0629,6385.5089,0.05107407,266.0629,266.0629,266.0629,332.5786,332.5786,6385.5089,0.05107407,1463.3458,1340.4631,5188.2260,5311.1087,0.04149768,0.04248055,0.00212809,176.3392,181.0234,10.4914,255.8297,53.2126,4808.6338,24.3846,,176.3392,60.3913,255.2156,261.7596,263.3173,263.3173,368.1208,175.1171,-2.5946,1.031745,1.442392,0.690942,27,76,35,7,0E-8,0.05320216,,0E-8,0.000000,0.917971,0.000000,,2026-03-28,2026-05-28,26,125,101,62,0.419355,,,0.000000,,,,,,,,GLOBAL_BASELINE_NO_ENTITY_RANKING,,,NOT_APPLICABLE_GLOBAL_BASELINE,HF9g-P5,,,,X 全窗基线 · 不参与实体赏罚,14197573,1420,A168_HF9F_20260827_0900,2026-08-27 09:00:00
2026-05-20,139846499,2251,0,3586.7365471438,1463.0792382335,1463.0792382335,0.6250000,18,16,0.50210052582804253,0.472392000000,0.9832044696206776,1.2227293555613097,0.9832044696206776,0.02970852582804253,ELIGIBLE,R03b_20260811_FULL_v1,L1_ELIGIBILITY,v2026-08-11,2026-03-21..2026-08-06,baccarat_bet02_101_all_pairs_incl_sentinel,round_win = game_pnl > 0 (decisive only),COMPATIBILITY_ONLY_NOT_PRODUCTION,125024.4794,114768.8074,6651.5718,709,634,-0.05320216,,-0.05320216,-0.05320216,-6651.5718,125024.4794,OK,0.0000,266.0629,4.0000,96.0000,AG03-UNRESOLVED,ALL5_LEVELS_bet23_to_bet27,266.0629,266.0629,266.0629,332.5786,332.5786,4.000000,4.000000,4.000000,5.000000,5.000000,96.000000,96.000000,96.000000,95.000000,95.000000,5.0,1463.3458,1340.4631,5188.2260,5311.1087,PENDING_AG03,FALSE,NOT_FOR_ENFORCEMENT,6385.5089,110178.0551,6651.5718,6385.5089,266.0629,0.05320216,0.05107407,266.0629,6385.5089,0.05107407,266.0629,266.0629,266.0629,332.5786,332.5786,6385.5089,0.05107407,1463.3458,1340.4631,5188.2260,5311.1087,0.04149768,0.04248055,0.00212809,176.3392,181.0234,10.4914,255.8297,53.2126,4808.6338,24.3846,,176.3392,60.3913,255.2156,261.7596,263.3173,263.3173,368.1208,175.1171,-2.5946,1.031745,1.442392,0.690942,27,76,35,7,0E-8,0.05320216,,0E-8,0.000000,0.917971,0.000000,,2026-03-28,2026-05-28,26,125,101,62,0.419355,,,0.000000,,,,,,,,GLOBAL_BASELINE_NO_ENTITY_RANKING,,,NOT_APPLICABLE_GLOBAL_BASELINE,HF9g-P5,,,,X 全窗基线 · 不参与实体赏罚,14197574,1420,A168_HF9F_20260827_0900,2026-08-27 09:00:00
2026-05-26,139846499,2177,0,24.3889782575,-8.1988480099,-8.1988480099,0.5000000,2,2,0.49994810000000000,0.499948100000,0.00014679536856514622,0.00014679536856514622,0.00014679536856514622,0E-17,ELIGIBLE,R03b_20260811_FULL_v1,L1_ELIGIBILITY,v2026-08-11,2026-03-21..2026-08-06,baccarat_bet02_101_all_pairs_incl_sentinel,round_win = game_pnl > 0 (decisive only),COMPATIBILITY_ONLY_NOT_PRODUCTION,125024.4794,114768.8074,6651.5718,709,634,-0.05320216,,-0.05320216,-0.05320216,-6651.5718,125024.4794,OK,0.0000,266.0629,4.0000,96.0000,AG03-UNRESOLVED,ALL5_LEVELS_bet23_to_bet27,266.0629,266.0629,266.0629,332.5786,332.5786,4.000000,4.000000,4.000000,5.000000,5.000000,96.000000,96.000000,96.000000,95.000000,95.000000,5.0,1463.3458,1340.4631,5188.2260,5311.1087,PENDING_AG03,FALSE,NOT_FOR_ENFORCEMENT,6385.5089,110178.0551,6651.5718,6385.5089,266.0629,0.05320216,0.05107407,266.0629,6385.5089,0.05107407,266.0629,266.0629,266.0629,332.5786,332.5786,6385.5089,0.05107407,1463.3458,1340.4631,5188.2260,5311.1087,0.04149768,0.04248055,0.00212809,176.3392,181.0234,10.4914,255.8297,53.2126,4808.6338,24.3846,,176.3392,60.3913,255.2156,261.7596,263.3173,263.3173,368.1208,175.1171,-2.5946,1.031745,1.442392,0.690942,27,76,35,7,0E-8,0.05320216,,0E-8,0.000000,0.917971,0.000000,,2026-03-28,2026-05-28,26,125,101,62,0.419355,,,0.000000,,,,,,,,GLOBAL_BASELINE_NO_ENTITY_RANKING,,,NOT_APPLICABLE_GLOBAL_BASELINE,HF9g-P5,,,,X 全窗基线 · 不参与实体赏罚,14197575,1420,A168_HF9F_20260827_0900,2026-08-27 09:00:00
2026-05-27,139846499,1302,0,1037.8288620208,505.9415702351,505.9415702351,1.0000000,4,4,0.49994810000000000,0.499948100000,1.4143603653603398,1.4143603653603398,1.4143603653603398,0E-17,ELIGIBLE,R03b_20260811_FULL_v1,L1_ELIGIBILITY,v2026-08-11,2026-03-21..2026-08-06,baccarat_bet02_101_all_pairs_incl_sentinel,round_win = game_pnl > 0 (decisive only),COMPATIBILITY_ONLY_NOT_PRODUCTION,125024.4794,114768.8074,6651.5718,709,634,-0.05320216,,-0.05320216,-0.05320216,-6651.5718,125024.4794,OK,0.0000,266.0629,4.0000,96.0000,AG03-UNRESOLVED,ALL5_LEVELS_bet23_to_bet27,266.0629,266.0629,266.0629,332.5786,332.5786,4.000000,4.000000,4.000000,5.000000,5.000000,96.000000,96.000000,96.000000,95.000000,95.000000,5.0,1463.3458,1340.4631,5188.2260,5311.1087,PENDING_AG03,FALSE,NOT_FOR_ENFORCEMENT,6385.5089,110178.0551,6651.5718,6385.5089,266.0629,0.05320216,0.05107407,266.0629,6385.5089,0.05107407,266.0629,266.0629,266.0629,332.5786,332.5786,6385.5089,0.05107407,1463.3458,1340.4631,5188.2260,5311.1087,0.04149768,0.04248055,0.00212809,176.3392,181.0234,10.4914,255.8297,53.2126,4808.6338,24.3846,,176.3392,60.3913,255.2156,261.7596,263.3173,263.3173,368.1208,175.1171,-2.5946,1.031745,1.442392,0.690942,27,76,35,7,0E-8,0.05320216,,0E-8,0.000000,0.917971,0.000000,,2026-03-28,2026-05-28,26,125,101,62,0.419355,,,0.000000,,,,,,,,GLOBAL_BASELINE_NO_ENTITY_RANKING,,,NOT_APPLICABLE_GLOBAL_BASELINE,HF9g-P5,,,,X 全窗基线 · 不参与实体赏罚,14197576,1420,A168_HF9F_20260827_0900,2026-08-27 09:00:00
2026-05-27,139846499,1490,0,60.4535312127,-60.4535312127,-60.4535312127,0E-7,1,1,0.49324550000000000,0.493245500000,-0.9865810262130424,-0.9865810262130424,-0.9865810262130424,0E-17,ELIGIBLE,R03b_20260811_FULL_v1,L1_ELIGIBILITY,v2026-08-11,2026-03-21..2026-08-06,baccarat_bet02_101_all_pairs_incl_sentinel,round_win = game_pnl > 0 (decisive only),COMPATIBILITY_ONLY_NOT_PRODUCTION,125024.4794,114768.8074,6651.5718,709,634,-0.05320216,,-0.05320216,-0.05320216,-6651.5718,125024.4794,OK,0.0000,266.0629,4.0000,96.0000,AG03-UNRESOLVED,ALL5_LEVELS_bet23_to_bet27,266.0629,266.0629,266.0629,332.5786,332.5786,4.000000,4.000000,4.000000,5.000000,5.000000,96.000000,96.000000,96.000000,95.000000,95.000000,5.0,1463.3458,1340.4631,5188.2260,5311.1087,PENDING_AG03,FALSE,NOT_FOR_ENFORCEMENT,6385.5089,110178.0551,6651.5718,6385.5089,266.0629,0.05320216,0.05107407,266.0629,6385.5089,0.05107407,266.0629,266.0629,266.0629,332.5786,332.5786,6385.5089,0.05107407,1463.3458,1340.4631,5188.2260,5311.1087,0.04149768,0.04248055,0.00212809,176.3392,181.0234,10.4914,255.8297,53.2126,4808.6338,24.3846,,176.3392,60.3913,255.2156,261.7596,263.3173,263.3173,368.1208,175.1171,-2.5946,1.031745,1.442392,0.690942,27,76,35,7,0E-8,0.05320216,,0E-8,0.000000,0.917971,0.000000,,2026-03-28,2026-05-28,26,125,101,62,0.419355,,,0.000000,,,,,,,,GLOBAL_BASELINE_NO_ENTITY_RANKING,,,NOT_APPLICABLE_GLOBAL_BASELINE,HF9g-P5,,,,X 全窗基线 · 不参与实体赏罚,14197577,1420,A168_HF9F_20260827_0900,2026-08-27 09:00:00
2026-05-27,139846499,1935,0,383.4777645166,-130.0010378288,-130.0010378288,0.5000000,2,2,0.50665070000000000,0.506650700000,-0.018812684590367487,-0.018812684590367487,-0.018812684590367487,0E-17,ELIGIBLE,R03b_20260811_FULL_v1,L1_ELIGIBILITY,v2026-08-11,2026-03-21..2026-08-06,baccarat_bet02_101_all_pairs_incl_sentinel,round_win = game_pnl > 0 (decisive only),COMPATIBILITY_ONLY_NOT_PRODUCTION,125024.4794,114768.8074,6651.5718,709,634,-0.05320216,,-0.05320216,-0.05320216,-6651.5718,125024.4794,OK,0.0000,266.0629,4.0000,96.0000,AG03-UNRESOLVED,ALL5_LEVELS_bet23_to_bet27,266.0629,266.0629,266.0629,332.5786,332.5786,4.000000,4.000000,4.000000,5.000000,5.000000,96.000000,96.000000,96.000000,95.000000,95.000000,5.0,1463.3458,1340.4631,5188.2260,5311.1087,PENDING_AG03,FALSE,NOT_FOR_ENFORCEMENT,6385.5089,110178.0551,6651.5718,6385.5089,266.0629,0.05320216,0.05107407,266.0629,6385.5089,0.05107407,266.0629,266.0629,266.0629,332.5786,332.5786,6385.5089,0.05107407,1463.3458,1340.4631,5188.2260,5311.1087,0.04149768,0.04248055,0.00212809,176.3392,181.0234,10.4914,255.8297,53.2126,4808.6338,24.3846,,176.3392,60.3913,255.2156,261.7596,263.3173,263.3173,368.1208,175.1171,-2.5946,1.031745,1.442392,0.690942,27,76,35,7,0E-8,0.05320216,,0E-8,0.000000,0.917971,0.000000,,2026-03-28,2026-05-28,26,125,101,62,0.419355,,,0.000000,,,,,,,,GLOBAL_BASELINE_NO_ENTITY_RANKING,,,NOT_APPLICABLE_GLOBAL_BASELINE,HF9g-P5,,,,X 全窗基线 · 不参与实体赏罚,14197578,1420,A168_HF9F_20260827_0900,2026-08-27 09:00:00
2026-05-27,139846499,1951,0,780.9662186707,-262.0517876603,-262.0517876603,0.3333333,4,3,0.49614818844881621,0.418645466667,-0.5640239390507292,-0.29952129269995326,-0.5640239390507292,0.07750272178181621,ELIGIBLE,R03b_20260811_FULL_v1,L1_ELIGIBILITY,v2026-08-11,2026-03-21..2026-08-06,baccarat_bet02_101_all_pairs_incl_sentinel,round_win = game_pnl > 0 (decisive only),COMPATIBILITY_ONLY_NOT_PRODUCTION,125024.4794,114768.8074,6651.5718,709,634,-0.05320216,,-0.05320216,-0.05320216,-6651.5718,125024.4794,OK,0.0000,266.0629,4.0000,96.0000,AG03-UNRESOLVED,ALL5_LEVELS_bet23_to_bet27,266.0629,266.0629,266.0629,332.5786,332.5786,4.000000,4.000000,4.000000,5.000000,5.000000,96.000000,96.000000,96.000000,95.000000,95.000000,5.0,1463.3458,1340.4631,5188.2260,5311.1087,PENDING_AG03,FALSE,NOT_FOR_ENFORCEMENT,6385.5089,110178.0551,6651.5718,6385.5089,266.0629,0.05320216,0.05107407,266.0629,6385.5089,0.05107407,266.0629,266.0629,266.0629,332.5786,332.5786,6385.5089,0.05107407,1463.3458,1340.4631,5188.2260,5311.1087,0.04149768,0.04248055,0.00212809,176.3392,181.0234,10.4914,255.8297,53.2126,4808.6338,24.3846,,176.3392,60.3913,255.2156,261.7596,263.3173,263.3173,368.1208,175.1171,-2.5946,1.031745,1.442392,0.690942,27,76,35,7,0E-8,0.05320216,,0E-8,0.000000,0.917971,0.000000,,2026-03-28,2026-05-28,26,125,101,62,0.419355,,,0.000000,,,,,,,,GLOBAL_BASELINE_NO_ENTITY_RANKING,,,NOT_APPLICABLE_GLOBAL_BASELINE,HF9g-P5,,,,X 全窗基线 · 不参与实体赏罚,14197579,1420,A168_HF9F_20260827_0900,2026-08-27 09:00:00
2026-05-27,139846499,2121,0,129.7286077526,-129.7286077526,-129.7286077526,0E-7,1,1,0.50665070000000000,0.506650700000,-1.013391052207602,-1.013391052207602,-1.013391052207602,0E-17,ELIGIBLE,R03b_20260811_FULL_v1,L1_ELIGIBILITY,v2026-08-11,2026-03-21..2026-08-06,baccarat_bet02_101_all_pairs_incl_sentinel,round_win = game_pnl > 0 (decisive only),COMPATIBILITY_ONLY_NOT_PRODUCTION,125024.4794,114768.8074,6651.5718,709,634,-0.05320216,,-0.05320216,-0.05320216,-6651.5718,125024.4794,OK,0.0000,266.0629,4.0000,96.0000,AG03-UNRESOLVED,ALL5_LEVELS_bet23_to_bet27,266.0629,266.0629,266.0629,332.5786,332.5786,4.000000,4.000000,4.000000,5.000000,5.000000,96.000000,96.000000,96.000000,95.000000,95.000000,5.0,1463.3458,1340.4631,5188.2260,5311.1087,PENDING_AG03,FALSE,NOT_FOR_ENFORCEMENT,6385.5089,110178.0551,6651.5718,6385.5089,266.0629,0.05320216,0.05107407,266.0629,6385.5089,0.05107407,266.0629,266.0629,266.0629,332.5786,332.5786,6385.5089,0.05107407,1463.3458,1340.4631,5188.2260,5311.1087,0.04149768,0.04248055,0.00212809,176.3392,181.0234,10.4914,255.8297,53.2126,4808.6338,24.3846,,176.3392,60.3913,255.2156,261.7596,263.3173,263.3173,368.1208,175.1171,-2.5946,1.031745,1.442392,0.690942,27,76,35,7,0E-8,0.05320216,,0E-8,0.000000,0.917971,0.000000,,2026-03-28,2026-05-28,26,125,101,62,0.419355,,,0.000000,,,,,,,,GLOBAL_BASELINE_NO_ENTITY_RANKING,,,NOT_APPLICABLE_GLOBAL_BASELINE,HF9g-P5,,,,X 全窗基线 · 不参与实体赏罚,14197580,1420,A168_HF9F_20260827_0900,2026-08-27 09:00:00
2026-05-27,139846499,2127,0,129.9880649681,-129.9880649681,-129.9880649681,0E-7,1,1,0.49324550000000000,0.493245500000,-0.9865810262130424,-0.9865810262130424,-0.9865810262130424,0E-17,ELIGIBLE,R03b_20260811_FULL_v1,L1_ELIGIBILITY,v2026-08-11,2026-03-21..2026-08-06,baccarat_bet02_101_all_pairs_incl_sentinel,round_win = game_pnl > 0 (decisive only),COMPATIBILITY_ONLY_NOT_PRODUCTION,125024.4794,114768.8074,6651.5718,709,634,-0.05320216,,-0.05320216,-0.05320216,-6651.5718,125024.4794,OK,0.0000,266.0629,4.0000,96.0000,AG03-UNRESOLVED,ALL5_LEVELS_bet23_to_bet27,266.0629,266.0629,266.0629,332.5786,332.5786,4.000000,4.000000,4.000000,5.000000,5.000000,96.000000,96.000000,96.000000,95.000000,95.000000,5.0,1463.3458,1340.4631,5188.2260,5311.1087,PENDING_AG03,FALSE,NOT_FOR_ENFORCEMENT,6385.5089,110178.0551,6651.5718,6385.5089,266.0629,0.05320216,0.05107407,266.0629,6385.5089,0.05107407,266.0629,266.0629,266.0629,332.5786,332.5786,6385.5089,0.05107407,1463.3458,1340.4631,5188.2260,5311.1087,0.04149768,0.04248055,0.00212809,176.3392,181.0234,10.4914,255.8297,53.2126,4808.6338,24.3846,,176.3392,60.3913,255.2156,261.7596,263.3173,263.3173,368.1208,175.1171,-2.5946,1.031745,1.442392,0.690942,27,76,35,7,0E-8,0.05320216,,0E-8,0.000000,0.917971,0.000000,,2026-03-28,2026-05-28,26,125,101,62,0.419355,,,0.000000,,,,,,,,GLOBAL_BASELINE_NO_ENTITY_RANKING,,,NOT_APPLICABLE_GLOBAL_BASELINE,HF9g-P5,,,,X 全窗基线 · 不参与实体赏罚,14197581,1420,A168_HF9F_20260827_0900,2026-08-27 09:00:00
2026-05-27,139846499,2196,0,752.4259249650,208.8630584816,208.8630584816,0.6666667,3,3,0.50218230000000000,0.502182300000,0.5697959874915163,0.5697959874915164,0.5697959874915163,0E-17,ELIGIBLE,R03b_20260811_FULL_v1,L1_ELIGIBILITY,v2026-08-11,2026-03-21..2026-08-06,baccarat_bet02_101_all_pairs_incl_sentinel,round_win = game_pnl > 0 (decisive only),COMPATIBILITY_ONLY_NOT_PRODUCTION,125024.4794,114768.8074,6651.5718,709,634,-0.05320216,,-0.05320216,-0.05320216,-6651.5718,125024.4794,OK,0.0000,266.0629,4.0000,96.0000,AG03-UNRESOLVED,ALL5_LEVELS_bet23_to_bet27,266.0629,266.0629,266.0629,332.5786,332.5786,4.000000,4.000000,4.000000,5.000000,5.000000,96.000000,96.000000,96.000000,95.000000,95.000000,5.0,1463.3458,1340.4631,5188.2260,5311.1087,PENDING_AG03,FALSE,NOT_FOR_ENFORCEMENT,6385.5089,110178.0551,6651.5718,6385.5089,266.0629,0.05320216,0.05107407,266.0629,6385.5089,0.05107407,266.0629,266.0629,266.0629,332.5786,332.5786,6385.5089,0.05107407,1463.3458,1340.4631,5188.2260,5311.1087,0.04149768,0.04248055,0.00212809,176.3392,181.0234,10.4914,255.8297,53.2126,4808.6338,24.3846,,176.3392,60.3913,255.2156,261.7596,263.3173,263.3173,368.1208,175.1171,-2.5946,1.031745,1.442392,0.690942,27,76,35,7,0E-8,0.05320216,,0E-8,0.000000,0.917971,0.000000,,2026-03-28,2026-05-28,26,125,101,62,0.419355,,,0.000000,,,,,,,,GLOBAL_BASELINE_NO_ENTITY_RANKING,,,NOT_APPLICABLE_GLOBAL_BASELINE,HF9g-P5,,,,X 全窗基线 · 不参与实体赏罚,14197582,1420,A168_HF9F_20260827_0900,2026-08-27 09:00:00
2026-05-27,139846499,2205,0,259.4572155052,-259.4572155052,-259.4572155052,0E-7,1,1,0.49324550000000000,0.493245500000,-0.9865810262130424,-0.9865810262130424,-0.9865810262130424,0E-17,ELIGIBLE,R03b_20260811_FULL_v1,L1_ELIGIBILITY,v2026-08-11,2026-03-21..2026-08-06,baccarat_bet02_101_all_pairs_incl_sentinel,round_win = game_pnl > 0 (decisive only),COMPATIBILITY_ONLY_NOT_PRODUCTION,125024.4794,114768.8074,6651.5718,709,634,-0.05320216,,-0.05320216,-0.05320216,-6651.5718,125024.4794,OK,0.0000,266.0629,4.0000,96.0000,AG03-UNRESOLVED,ALL5_LEVELS_bet23_to_bet27,266.0629,266.0629,266.0629,332.5786,332.5786,4.000000,4.000000,4.000000,5.000000,5.000000,96.000000,96.000000,96.000000,95.000000,95.000000,5.0,1463.3458,1340.4631,5188.2260,5311.1087,PENDING_AG03,FALSE,NOT_FOR_ENFORCEMENT,6385.5089,110178.0551,6651.5718,6385.5089,266.0629,0.05320216,0.05107407,266.0629,6385.5089,0.05107407,266.0629,266.0629,266.0629,332.5786,332.5786,6385.5089,0.05107407,1463.3458,1340.4631,5188.2260,5311.1087,0.04149768,0.04248055,0.00212809,176.3392,181.0234,10.4914,255.8297,53.2126,4808.6338,24.3846,,176.3392,60.3913,255.2156,261.7596,263.3173,263.3173,368.1208,175.1171,-2.5946,1.031745,1.442392,0.690942,27,76,35,7,0E-8,0.05320216,,0E-8,0.000000,0.917971,0.000000,,2026-03-28,2026-05-28,26,125,101,62,0.419355,,,0.000000,,,,,,,,GLOBAL_BASELINE_NO_ENTITY_RANKING,,,NOT_APPLICABLE_GLOBAL_BASELINE,HF9g-P5,,,,X 全窗基线 · 不参与实体赏罚,14197583,1420,A168_HF9F_20260827_0900,2026-08-27 09:00:00
2026-05-27,139846499,2218,0,2063.7226921284,-792.3823361530,-792.3823361530,0.2857143,10,8,0.49922265704530669,0.438971125000,-1.1297814721136337,-0.8170681857081741,-1.1297814721136337,0.06025153204530669,ELIGIBLE,R03b_20260811_FULL_v1,L1_ELIGIBILITY,v2026-08-11,2026-03-21..2026-08-06,baccarat_bet02_101_all_pairs_incl_sentinel,round_win = game_pnl > 0 (decisive only),COMPATIBILITY_ONLY_NOT_PRODUCTION,125024.4794,114768.8074,6651.5718,709,634,-0.05320216,,-0.05320216,-0.05320216,-6651.5718,125024.4794,OK,0.0000,266.0629,4.0000,96.0000,AG03-UNRESOLVED,ALL5_LEVELS_bet23_to_bet27,266.0629,266.0629,266.0629,332.5786,332.5786,4.000000,4.000000,4.000000,5.000000,5.000000,96.000000,96.000000,96.000000,95.000000,95.000000,5.0,1463.3458,1340.4631,5188.2260,5311.1087,PENDING_AG03,FALSE,NOT_FOR_ENFORCEMENT,6385.5089,110178.0551,6651.5718,6385.5089,266.0629,0.05320216,0.05107407,266.0629,6385.5089,0.05107407,266.0629,266.0629,266.0629,332.5786,332.5786,6385.5089,0.05107407,1463.3458,1340.4631,5188.2260,5311.1087,0.04149768,0.04248055,0.00212809,176.3392,181.0234,10.4914,255.8297,53.2126,4808.6338,24.3846,,176.3392,60.3913,255.2156,261.7596,263.3173,263.3173,368.1208,175.1171,-2.5946,1.031745,1.442392,0.690942,27,76,35,7,0E-8,0.05320216,,0E-8,0.000000,0.917971,0.000000,,2026-03-28,2026-05-28,26,125,101,62,0.419355,,,0.000000,,,,,,,,GLOBAL_BASELINE_NO_ENTITY_RANKING,,,NOT_APPLICABLE_GLOBAL_BASELINE,HF9g-P5,,,,X 全窗基线 · 不参与实体赏罚,14197584,1420,A168_HF9F_20260827_0900,2026-08-27 09:00:00
2026-05-27,139846499,2252,0,1770.7954958229,-777.5413834260,-777.5413834260,0.2857143,7,7,0.50473567142857143,0.504735671429,-1.159004222986255,-1.1590042229885325,-1.159004222986255,-4.2857E-13,ELIGIBLE,R03b_20260811_FULL_v1,L1_ELIGIBILITY,v2026-08-11,2026-03-21..2026-08-06,baccarat_bet02_101_all_pairs_incl_sentinel,round_win = game_pnl > 0 (decisive only),COMPATIBILITY_ONLY_NOT_PRODUCTION,125024.4794,114768.8074,6651.5718,709,634,-0.05320216,,-0.05320216,-0.05320216,-6651.5718,125024.4794,OK,0.0000,266.0629,4.0000,96.0000,AG03-UNRESOLVED,ALL5_LEVELS_bet23_to_bet27,266.0629,266.0629,266.0629,332.5786,332.5786,4.000000,4.000000,4.000000,5.000000,5.000000,96.000000,96.000000,96.000000,95.000000,95.000000,5.0,1463.3458,1340.4631,5188.2260,5311.1087,PENDING_AG03,FALSE,NOT_FOR_ENFORCEMENT,6385.5089,110178.0551,6651.5718,6385.5089,266.0629,0.05320216,0.05107407,266.0629,6385.5089,0.05107407,266.0629,266.0629,266.0629,332.5786,332.5786,6385.5089,0.05107407,1463.3458,1340.4631,5188.2260,5311.1087,0.04149768,0.04248055,0.00212809,176.3392,181.0234,10.4914,255.8297,53.2126,4808.6338,24.3846,,176.3392,60.3913,255.2156,261.7596,263.3173,263.3173,368.1208,175.1171,-2.5946,1.031745,1.442392,0.690942,27,76,35,7,0E-8,0.05320216,,0E-8,0.000000,0.917971,0.000000,,2026-03-28,2026-05-28,26,125,101,62,0.419355,,,0.000000,,,,,,,,GLOBAL_BASELINE_NO_ENTITY_RANKING,,,NOT_APPLICABLE_GLOBAL_BASELINE,HF9g-P5,,,,X 全窗基线 · 不参与实体赏罚,14197585,1420,A168_HF9F_20260827_0900,2026-08-27 09:00:00
2026-05-28,139846499,-1,1,3862.5395672253,-1306.8859944995,-1306.8859944995,0.4000000,5,5,0.50396966000000000,0.503969660000,-0.4649811094771361,-0.4649811094771361,-0.4649811094771361,0E-17,SENTINEL_DEALER,R03b_20260811_FULL_v1,L1_ELIGIBILITY,v2026-08-11,2026-03-21..2026-08-06,baccarat_bet02_101_all_pairs_incl_sentinel,round_win = game_pnl > 0 (decisive only),COMPATIBILITY_ONLY_NOT_PRODUCTION,125024.4794,114768.8074,6651.5718,709,634,-0.05320216,,-0.05320216,-0.05320216,-6651.5718,125024.4794,OK,0.0000,266.0629,4.0000,96.0000,AG03-UNRESOLVED,ALL5_LEVELS_bet23_to_bet27,266.0629,266.0629,266.0629,332.5786,332.5786,4.000000,4.000000,4.000000,5.000000,5.000000,96.000000,96.000000,96.000000,95.000000,95.000000,5.0,1463.3458,1340.4631,5188.2260,5311.1087,PENDING_AG03,FALSE,NOT_FOR_ENFORCEMENT,6385.5089,110178.0551,6651.5718,6385.5089,266.0629,0.05320216,0.05107407,266.0629,6385.5089,0.05107407,266.0629,266.0629,266.0629,332.5786,332.5786,6385.5089,0.05107407,1463.3458,1340.4631,5188.2260,5311.1087,0.04149768,0.04248055,0.00212809,176.3392,181.0234,10.4914,255.8297,53.2126,4808.6338,24.3846,,176.3392,60.3913,255.2156,261.7596,263.3173,263.3173,368.1208,175.1171,-2.5946,1.031745,1.442392,0.690942,27,76,35,7,0E-8,0.05320216,,0E-8,0.000000,0.917971,0.000000,,2026-03-28,2026-05-28,26,125,101,62,0.419355,,,0.000000,,,,,,,,GLOBAL_BASELINE_NO_ENTITY_RANKING,,,NOT_APPLICABLE_GLOBAL_BASELINE,HF9g-P5,,,,X 全窗基线 · 不参与实体赏罚,14197586,1420,A168_HF9F_20260827_0900,2026-08-27 09:00:00
2026-05-28,139846499,1399,0,1.5567432930,-1.5567432930,-1.5567432930,0E-7,1,1,0.01883490000000000,0.018834900000,-0.1385513026636974,-0.1385513026636974,-0.1385513026636974,0E-17,ELIGIBLE,R03b_20260811_FULL_v1,L1_ELIGIBILITY,v2026-08-11,2026-03-21..2026-08-06,baccarat_bet02_101_all_pairs_incl_sentinel,round_win = game_pnl > 0 (decisive only),COMPATIBILITY_ONLY_NOT_PRODUCTION,125024.4794,114768.8074,6651.5718,709,634,-0.05320216,,-0.05320216,-0.05320216,-6651.5718,125024.4794,OK,0.0000,266.0629,4.0000,96.0000,AG03-UNRESOLVED,ALL5_LEVELS_bet23_to_bet27,266.0629,266.0629,266.0629,332.5786,332.5786,4.000000,4.000000,4.000000,5.000000,5.000000,96.000000,96.000000,96.000000,95.000000,95.000000,5.0,1463.3458,1340.4631,5188.2260,5311.1087,PENDING_AG03,FALSE,NOT_FOR_ENFORCEMENT,6385.5089,110178.0551,6651.5718,6385.5089,266.0629,0.05320216,0.05107407,266.0629,6385.5089,0.05107407,266.0629,266.0629,266.0629,332.5786,332.5786,6385.5089,0.05107407,1463.3458,1340.4631,5188.2260,5311.1087,0.04149768,0.04248055,0.00212809,176.3392,181.0234,10.4914,255.8297,53.2126,4808.6338,24.3846,,176.3392,60.3913,255.2156,261.7596,263.3173,263.3173,368.1208,175.1171,-2.5946,1.031745,1.442392,0.690942,27,76,35,7,0E-8,0.05320216,,0E-8,0.000000,0.917971,0.000000,,2026-03-28,2026-05-28,26,125,101,62,0.419355,,,0.000000,,,,,,,,GLOBAL_BASELINE_NO_ENTITY_RANKING,,,NOT_APPLICABLE_GLOBAL_BASELINE,HF9g-P5,,,,X 全窗基线 · 不参与实体赏罚,14197587,1420,A168_HF9F_20260827_0900,2026-08-27 09:00:00
2026-05-28,139846499,2147,0,1397.9554771419,-259.9761299363,-259.9761299363,0.5000000,7,7,0.49899058571428571,0.498990585714,0.004945109955477372,0.0049451099568770685,0.004945109955477372,2.8571E-13,ELIGIBLE,R03b_20260811_FULL_v1,L1_ELIGIBILITY,v2026-08-11,2026-03-21..2026-08-06,baccarat_bet02_101_all_pairs_incl_sentinel,round_win = game_pnl > 0 (decisive only),COMPATIBILITY_ONLY_NOT_PRODUCTION,125024.4794,114768.8074,6651.5718,709,634,-0.05320216,,-0.05320216,-0.05320216,-6651.5718,125024.4794,OK,0.0000,266.0629,4.0000,96.0000,AG03-UNRESOLVED,ALL5_LEVELS_bet23_to_bet27,266.0629,266.0629,266.0629,332.5786,332.5786,4.000000,4.000000,4.000000,5.000000,5.000000,96.000000,96.000000,96.000000,95.000000,95.000000,5.0,1463.3458,1340.4631,5188.2260,5311.1087,PENDING_AG03,FALSE,NOT_FOR_ENFORCEMENT,6385.5089,110178.0551,6651.5718,6385.5089,266.0629,0.05320216,0.05107407,266.0629,6385.5089,0.05107407,266.0629,266.0629,266.0629,332.5786,332.5786,6385.5089,0.05107407,1463.3458,1340.4631,5188.2260,5311.1087,0.04149768,0.04248055,0.00212809,176.3392,181.0234,10.4914,255.8297,53.2126,4808.6338,24.3846,,176.3392,60.3913,255.2156,261.7596,263.3173,263.3173,368.1208,175.1171,-2.5946,1.031745,1.442392,0.690942,27,76,35,7,0E-8,0.05320216,,0E-8,0.000000,0.917971,0.000000,,2026-03-28,2026-05-28,26,125,101,62,0.419355,,,0.000000,,,,,,,,GLOBAL_BASELINE_NO_ENTITY_RANKING,,,NOT_APPLICABLE_GLOBAL_BASELINE,HF9g-P5,,,,X 全窗基线 · 不参与实体赏罚,14197588,1420,A168_HF9F_20260827_0900,2026-08-27 09:00:00
2026-05-28,139846499,2223,0,519.9522598723,-519.9522598723,-519.9522598723,0E-7,1,1,0.50665070000000000,0.506650700000,-1.013391052207602,-1.013391052207602,-1.013391052207602,0E-17,ELIGIBLE,R03b_20260811_FULL_v1,L1_ELIGIBILITY,v2026-08-11,2026-03-21..2026-08-06,baccarat_bet02_101_all_pairs_incl_sentinel,round_win = game_pnl > 0 (decisive only),COMPATIBILITY_ONLY_NOT_PRODUCTION,125024.4794,114768.8074,6651.5718,709,634,-0.05320216,,-0.05320216,-0.05320216,-6651.5718,125024.4794,OK,0.0000,266.0629,4.0000,96.0000,AG03-UNRESOLVED,ALL5_LEVELS_bet23_to_bet27,266.0629,266.0629,266.0629,332.5786,332.5786,4.000000,4.000000,4.000000,5.000000,5.000000,96.000000,96.000000,96.000000,95.000000,95.000000,5.0,1463.3458,1340.4631,5188.2260,5311.1087,PENDING_AG03,FALSE,NOT_FOR_ENFORCEMENT,6385.5089,110178.0551,6651.5718,6385.5089,266.0629,0.05320216,0.05107407,266.0629,6385.5089,0.05107407,266.0629,266.0629,266.0629,332.5786,332.5786,6385.5089,0.05107407,1463.3458,1340.4631,5188.2260,5311.1087,0.04149768,0.04248055,0.00212809,176.3392,181.0234,10.4914,255.8297,53.2126,4808.6338,24.3846,,176.3392,60.3913,255.2156,261.7596,263.3173,263.3173,368.1208,175.1171,-2.5946,1.031745,1.442392,0.690942,27,76,35,7,0E-8,0.05320216,,0E-8,0.000000,0.917971,0.000000,,2026-03-28,2026-05-28,26,125,101,62,0.419355,,,0.000000,,,,,,,,GLOBAL_BASELINE_NO_ENTITY_RANKING,,,NOT_APPLICABLE_GLOBAL_BASELINE,HF9g-P5,,,,X 全窗基线 · 不参与实体赏罚,14197589,1420,A168_HF9F_20260827_0900,2026-08-27 09:00:00
2026-05-28,139846499,2252,0,1299.8806496809,-1299.8806496809,-1299.8806496809,0E-7,3,3,0.50218230000000000,0.502182300000,-1.7396270863184011,-1.7396270863184016,-1.7396270863184011,0E-17,ELIGIBLE,R03b_20260811_FULL_v1,L1_ELIGIBILITY,v2026-08-11,2026-03-21..2026-08-06,baccarat_bet02_101_all_pairs_incl_sentinel,round_win = game_pnl > 0 (decisive only),COMPATIBILITY_ONLY_NOT_PRODUCTION,125024.4794,114768.8074,6651.5718,709,634,-0.05320216,,-0.05320216,-0.05320216,-6651.5718,125024.4794,OK,0.0000,266.0629,4.0000,96.0000,AG03-UNRESOLVED,ALL5_LEVELS_bet23_to_bet27,266.0629,266.0629,266.0629,332.5786,332.5786,4.000000,4.000000,4.000000,5.000000,5.000000,96.000000,96.000000,96.000000,95.000000,95.000000,5.0,1463.3458,1340.4631,5188.2260,5311.1087,PENDING_AG03,FALSE,NOT_FOR_ENFORCEMENT,6385.5089,110178.0551,6651.5718,6385.5089,266.0629,0.05320216,0.05107407,266.0629,6385.5089,0.05107407,266.0629,266.0629,266.0629,332.5786,332.5786,6385.5089,0.05107407,1463.3458,1340.4631,5188.2260,5311.1087,0.04149768,0.04248055,0.00212809,176.3392,181.0234,10.4914,255.8297,53.2126,4808.6338,24.3846,,176.3392,60.3913,255.2156,261.7596,263.3173,263.3173,368.1208,175.1171,-2.5946,1.031745,1.442392,0.690942,27,76,35,7,0E-8,0.05320216,,0E-8,0.000000,0.917971,0.000000,,2026-03-28,2026-05-28,26,125,101,62,0.419355,,,0.000000,,,,,,,,GLOBAL_BASELINE_NO_ENTITY_RANKING,,,NOT_APPLICABLE_GLOBAL_BASELINE,HF9g-P5,,,,X 全窗基线 · 不参与实体赏罚,14197590,1420,A168_HF9F_20260827_0900,2026-08-27 09:00:00
2026-07-27,153527777,-1,1,14789.5524871068,2403.9261354184,2403.9261354184,0.5588235,39,39,0.49668273076923077,0.496682730769,0.7246959648668778,0.7246959648695714,0.7246959648668778,2.3077E-13,SENTINEL_DEALER,R03b_20260811_FULL_v1,L1_ELIGIBILITY,v2026-08-11,2026-03-21..2026-08-06,baccarat_bet02_101_all_pairs_incl_sentinel,round_win = game_pnl > 0 (decisive only),COMPATIBILITY_ONLY_NOT_PRODUCTION,184649.8087,169444.3520,6653.3855,407,347,-0.03603245,-0.03603245,,-0.03603245,-6653.3855,184649.8087,OK,0.0000,266.1354,4.0000,96.0000,AG03-UNRESOLVED,ALL5_LEVELS_bet23_to_bet27,266.1354,266.1354,266.1354,0.0000,0.0000,4.000000,4.000000,4.000000,0.000000,0.000000,96.000000,96.000000,96.000000,100.000000,100.000000,5.0,798.4063,766.8958,5854.9792,5886.4896,PENDING_AG03,FALSE,NOT_FOR_ENFORCEMENT,6387.2500,162666.5779,6653.3855,6387.2500,266.1354,0.03603245,0.03459115,266.1354,6387.2500,0.03459115,266.1354,266.1354,266.1354,0.0000,0.0000,6387.2500,0.03459115,798.4063,766.8958,5854.9792,5886.4896,0.03170856,0.03187921,0.00144130,453.6850,488.3123,19.1740,3326.6927,118.8105,92324.9043,173.5000,453.6850,,187.1569,449.1765,499.085,831.8083,998.17,1449.8413,332.7233,-83.1808,2.222222,3.227776,1.010037,23,48,3,6,1.00000000,0.03603245,0.03603245,0E-8,0.000000,0.917652,0.000000,,2026-07-27,2026-07-28,2,56,36,2,1.000000,,1.000000,3.333333,,,,,,,,GLOBAL_BASELINE_NO_ENTITY_RANKING,,,NOT_APPLICABLE_GLOBAL_BASELINE,HF9g-P5,,,,X 全窗基线 · 不参与实体赏罚,14197591,1420,A168_HF9F_20260827_0900,2026-08-27 09:00:00
2026-07-27,153527777,1087,0,3493.5950756946,2495.4250540676,2495.4250540676,0.8750000,8,8,0.49324550000000000,0.493245500000,2.15972664216405,2.15972664216405,2.15972664216405,0E-17,ELIGIBLE,R03b_20260811_FULL_v1,L1_ELIGIBILITY,v2026-08-11,2026-03-21..2026-08-06,baccarat_bet02_101_all_pairs_incl_sentinel,round_win = game_pnl > 0 (decisive only),COMPATIBILITY_ONLY_NOT_PRODUCTION,184649.8087,169444.3520,6653.3855,407,347,-0.03603245,-0.03603245,,-0.03603245,-6653.3855,184649.8087,OK,0.0000,266.1354,4.0000,96.0000,AG03-UNRESOLVED,ALL5_LEVELS_bet23_to_bet27,266.1354,266.1354,266.1354,0.0000,0.0000,4.000000,4.000000,4.000000,0.000000,0.000000,96.000000,96.000000,96.000000,100.000000,100.000000,5.0,798.4063,766.8958,5854.9792,5886.4896,PENDING_AG03,FALSE,NOT_FOR_ENFORCEMENT,6387.2500,162666.5779,6653.3855,6387.2500,266.1354,0.03603245,0.03459115,266.1354,6387.2500,0.03459115,266.1354,266.1354,266.1354,0.0000,0.0000,6387.2500,0.03459115,798.4063,766.8958,5854.9792,5886.4896,0.03170856,0.03187921,0.00144130,453.6850,488.3123,19.1740,3326.6927,118.8105,92324.9043,173.5000,453.6850,,187.1569,449.1765,499.085,831.8083,998.17,1449.8413,332.7233,-83.1808,2.222222,3.227776,1.010037,23,48,3,6,1.00000000,0.03603245,0.03603245,0E-8,0.000000,0.917652,0.000000,,2026-07-27,2026-07-28,2,56,36,2,1.000000,,1.000000,3.333333,,,,,,,,GLOBAL_BASELINE_NO_ENTITY_RANKING,,,NOT_APPLICABLE_GLOBAL_BASELINE,HF9g-P5,,,,X 全窗基线 · 不参与实体赏罚,14197592,1420,A168_HF9F_20260827_0900,2026-08-27 09:00:00
2026-07-27,153527777,1157,0,7153.5518216600,1671.9347862252,1671.9347862252,0.6666667,14,14,0.50377815714285714,0.503778157143,1.1285569174244174,1.12855691742343,1.1285569174244174,-1.4286E-13,ELIGIBLE,R03b_20260811_FULL_v1,L1_ELIGIBILITY,v2026-08-11,2026-03-21..2026-08-06,baccarat_bet02_101_all_pairs_incl_sentinel,round_win = game_pnl > 0 (decisive only),COMPATIBILITY_ONLY_NOT_PRODUCTION,184649.8087,169444.3520,6653.3855,407,347,-0.03603245,-0.03603245,,-0.03603245,-6653.3855,184649.8087,OK,0.0000,266.1354,4.0000,96.0000,AG03-UNRESOLVED,ALL5_LEVELS_bet23_to_bet27,266.1354,266.1354,266.1354,0.0000,0.0000,4.000000,4.000000,4.000000,0.000000,0.000000,96.000000,96.000000,96.000000,100.000000,100.000000,5.0,798.4063,766.8958,5854.9792,5886.4896,PENDING_AG03,FALSE,NOT_FOR_ENFORCEMENT,6387.2500,162666.5779,6653.3855,6387.2500,266.1354,0.03603245,0.03459115,266.1354,6387.2500,0.03459115,266.1354,266.1354,266.1354,0.0000,0.0000,6387.2500,0.03459115,798.4063,766.8958,5854.9792,5886.4896,0.03170856,0.03187921,0.00144130,453.6850,488.3123,19.1740,3326.6927,118.8105,92324.9043,173.5000,453.6850,,187.1569,449.1765,499.085,831.8083,998.17,1449.8413,332.7233,-83.1808,2.222222,3.227776,1.010037,23,48,3,6,1.00000000,0.03603245,0.03603245,0E-8,0.000000,0.917652,0.000000,,2026-07-27,2026-07-28,2,56,36,2,1.000000,,1.000000,3.333333,,,,,,,,GLOBAL_BASELINE_NO_ENTITY_RANKING,,,NOT_APPLICABLE_GLOBAL_BASELINE,HF9g-P5,,,,X 全窗基线 · 不参与实体赏罚,14197593,1420,A168_HF9F_20260827_0900,2026-08-27 09:00:00
2026-07-27,153527777,1306,0,1330.8933621693,-499.0850108135,-499.0850108135,0E-7,2,2,0.50665070000000000,0.506650700000,-1.013391052207602,-1.013391052207602,-1.013391052207602,0E-17,ELIGIBLE,R03b_20260811_FULL_v1,L1_ELIGIBILITY,v2026-08-11,2026-03-21..2026-08-06,baccarat_bet02_101_all_pairs_incl_sentinel,round_win = game_pnl > 0 (decisive only),COMPATIBILITY_ONLY_NOT_PRODUCTION,184649.8087,169444.3520,6653.3855,407,347,-0.03603245,-0.03603245,,-0.03603245,-6653.3855,184649.8087,OK,0.0000,266.1354,4.0000,96.0000,AG03-UNRESOLVED,ALL5_LEVELS_bet23_to_bet27,266.1354,266.1354,266.1354,0.0000,0.0000,4.000000,4.000000,4.000000,0.000000,0.000000,96.000000,96.000000,96.000000,100.000000,100.000000,5.0,798.4063,766.8958,5854.9792,5886.4896,PENDING_AG03,FALSE,NOT_FOR_ENFORCEMENT,6387.2500,162666.5779,6653.3855,6387.2500,266.1354,0.03603245,0.03459115,266.1354,6387.2500,0.03459115,266.1354,266.1354,266.1354,0.0000,0.0000,6387.2500,0.03459115,798.4063,766.8958,5854.9792,5886.4896,0.03170856,0.03187921,0.00144130,453.6850,488.3123,19.1740,3326.6927,118.8105,92324.9043,173.5000,453.6850,,187.1569,449.1765,499.085,831.8083,998.17,1449.8413,332.7233,-83.1808,2.222222,3.227776,1.010037,23,48,3,6,1.00000000,0.03603245,0.03603245,0E-8,0.000000,0.917652,0.000000,,2026-07-27,2026-07-28,2,56,36,2,1.000000,,1.000000,3.333333,,,,,,,,GLOBAL_BASELINE_NO_ENTITY_RANKING,,,NOT_APPLICABLE_GLOBAL_BASELINE,HF9g-P5,,,,X 全窗基线 · 不参与实体赏罚,14197594,1420,A168_HF9F_20260827_0900,2026-08-27 09:00:00
2026-07-27,153527777,1330,0,1497.2550324405,-1497.2550324405,-1497.2550324405,0E-7,3,3,0.50218230000000000,0.502182300000,-1.7396270863184011,-1.7396270863184016,-1.7396270863184011,0E-17,ELIGIBLE,R03b_20260811_FULL_v1,L1_ELIGIBILITY,v2026-08-11,2026-03-21..2026-08-06,baccarat_bet02_101_all_pairs_incl_sentinel,round_win = game_pnl > 0 (decisive only),COMPATIBILITY_ONLY_NOT_PRODUCTION,184649.8087,169444.3520,6653.3855,407,347,-0.03603245,-0.03603245,,-0.03603245,-6653.3855,184649.8087,OK,0.0000,266.1354,4.0000,96.0000,AG03-UNRESOLVED,ALL5_LEVELS_bet23_to_bet27,266.1354,266.1354,266.1354,0.0000,0.0000,4.000000,4.000000,4.000000,0.000000,0.000000,96.000000,96.000000,96.000000,100.000000,100.000000,5.0,798.4063,766.8958,5854.9792,5886.4896,PENDING_AG03,FALSE,NOT_FOR_ENFORCEMENT,6387.2500,162666.5779,6653.3855,6387.2500,266.1354,0.03603245,0.03459115,266.1354,6387.2500,0.03459115,266.1354,266.1354,266.1354,0.0000,0.0000,6387.2500,0.03459115,798.4063,766.8958,5854.9792,5886.4896,0.03170856,0.03187921,0.00144130,453.6850,488.3123,19.1740,3326.6927,118.8105,92324.9043,173.5000,453.6850,,187.1569,449.1765,499.085,831.8083,998.17,1449.8413,332.7233,-83.1808,2.222222,3.227776,1.010037,23,48,3,6,1.00000000,0.03603245,0.03603245,0E-8,0.000000,0.917652,0.000000,,2026-07-27,2026-07-28,2,56,36,2,1.000000,,1.000000,3.333333,,,,,,,,GLOBAL_BASELINE_NO_ENTITY_RANKING,,,NOT_APPLICABLE_GLOBAL_BASELINE,HF9g-P5,,,,X 全窗基线 · 不参与实体赏罚,14197595,1420,A168_HF9F_20260827_0900,2026-08-27 09:00:00
2026-07-27,153527777,1505,0,3826.3184162369,-1189.4859424389,-1189.4859424389,0.3333333,7,7,0.50090561428571429,0.500905614286,-0.8209345132943034,-0.820934513295704,-0.8209345132943034,-2.8571E-13,ELIGIBLE,R03b_20260811_FULL_v1,L1_ELIGIBILITY,v2026-08-11,2026-03-21..2026-08-06,baccarat_bet02_101_all_pairs_incl_sentinel,round_win = game_pnl > 0 (decisive only),COMPATIBILITY_ONLY_NOT_PRODUCTION,184649.8087,169444.3520,6653.3855,407,347,-0.03603245,-0.03603245,,-0.03603245,-6653.3855,184649.8087,OK,0.0000,266.1354,4.0000,96.0000,AG03-UNRESOLVED,ALL5_LEVELS_bet23_to_bet27,266.1354,266.1354,266.1354,0.0000,0.0000,4.000000,4.000000,4.000000,0.000000,0.000000,96.000000,96.000000,96.000000,100.000000,100.000000,5.0,798.4063,766.8958,5854.9792,5886.4896,PENDING_AG03,FALSE,NOT_FOR_ENFORCEMENT,6387.2500,162666.5779,6653.3855,6387.2500,266.1354,0.03603245,0.03459115,266.1354,6387.2500,0.03459115,266.1354,266.1354,266.1354,0.0000,0.0000,6387.2500,0.03459115,798.4063,766.8958,5854.9792,5886.4896,0.03170856,0.03187921,0.00144130,453.6850,488.3123,19.1740,3326.6927,118.8105,92324.9043,173.5000,453.6850,,187.1569,449.1765,499.085,831.8083,998.17,1449.8413,332.7233,-83.1808,2.222222,3.227776,1.010037,23,48,3,6,1.00000000,0.03603245,0.03603245,0E-8,0.000000,0.917652,0.000000,,2026-07-27,2026-07-28,2,56,36,2,1.000000,,1.000000,3.333333,,,,,,,,GLOBAL_BASELINE_NO_ENTITY_RANKING,,,NOT_APPLICABLE_GLOBAL_BASELINE,HF9g-P5,,,,X 全窗基线 · 不参与实体赏罚,14197596,1420,A168_HF9F_20260827_0900,2026-08-27 09:00:00
2026-07-27,153527777,1966,0,166.3616702712,-166.3616702712,-166.3616702712,0E-7,1,1,0.50665070000000000,0.506650700000,-1.013391052207602,-1.013391052207602,-1.013391052207602,0E-17,ELIGIBLE,R03b_20260811_FULL_v1,L1_ELIGIBILITY,v2026-08-11,2026-03-21..2026-08-06,baccarat_bet02_101_all_pairs_incl_sentinel,round_win = game_pnl > 0 (decisive only),COMPATIBILITY_ONLY_NOT_PRODUCTION,184649.8087,169444.3520,6653.3855,407,347,-0.03603245,-0.03603245,,-0.03603245,-6653.3855,184649.8087,OK,0.0000,266.1354,4.0000,96.0000,AG03-UNRESOLVED,ALL5_LEVELS_bet23_to_bet27,266.1354,266.1354,266.1354,0.0000,0.0000,4.000000,4.000000,4.000000,0.000000,0.000000,96.000000,96.000000,96.000000,100.000000,100.000000,5.0,798.4063,766.8958,5854.9792,5886.4896,PENDING_AG03,FALSE,NOT_FOR_ENFORCEMENT,6387.2500,162666.5779,6653.3855,6387.2500,266.1354,0.03603245,0.03459115,266.1354,6387.2500,0.03459115,266.1354,266.1354,266.1354,0.0000,0.0000,6387.2500,0.03459115,798.4063,766.8958,5854.9792,5886.4896,0.03170856,0.03187921,0.00144130,453.6850,488.3123,19.1740,3326.6927,118.8105,92324.9043,173.5000,453.6850,,187.1569,449.1765,499.085,831.8083,998.17,1449.8413,332.7233,-83.1808,2.222222,3.227776,1.010037,23,48,3,6,1.00000000,0.03603245,0.03603245,0E-8,0.000000,0.917652,0.000000,,2026-07-27,2026-07-28,2,56,36,2,1.000000,,1.000000,3.333333,,,,,,,,GLOBAL_BASELINE_NO_ENTITY_RANKING,,,NOT_APPLICABLE_GLOBAL_BASELINE,HF9g-P5,,,,X 全窗基线 · 不参与实体赏罚,14197597,1420,A168_HF9F_20260827_0900,2026-08-27 09:00:00
2026-07-27,153527777,1990,0,4325.4034270503,-341.0414240559,-341.0414240559,0.5555556,9,9,0.49622443333333333,0.496224433333,0.35599688288054965,0.35599688288255155,0.35599688288054965,3.3333E-13,ELIGIBLE,R03b_20260811_FULL_v1,L1_ELIGIBILITY,v2026-08-11,2026-03-21..2026-08-06,baccarat_bet02_101_all_pairs_incl_sentinel,round_win = game_pnl > 0 (decisive only),COMPATIBILITY_ONLY_NOT_PRODUCTION,184649.8087,169444.3520,6653.3855,407,347,-0.03603245,-0.03603245,,-0.03603245,-6653.3855,184649.8087,OK,0.0000,266.1354,4.0000,96.0000,AG03-UNRESOLVED,ALL5_LEVELS_bet23_to_bet27,266.1354,266.1354,266.1354,0.0000,0.0000,4.000000,4.000000,4.000000,0.000000,0.000000,96.000000,96.000000,96.000000,100.000000,100.000000,5.0,798.4063,766.8958,5854.9792,5886.4896,PENDING_AG03,FALSE,NOT_FOR_ENFORCEMENT,6387.2500,162666.5779,6653.3855,6387.2500,266.1354,0.03603245,0.03459115,266.1354,6387.2500,0.03459115,266.1354,266.1354,266.1354,0.0000,0.0000,6387.2500,0.03459115,798.4063,766.8958,5854.9792,5886.4896,0.03170856,0.03187921,0.00144130,453.6850,488.3123,19.1740,3326.6927,118.8105,92324.9043,173.5000,453.6850,,187.1569,449.1765,499.085,831.8083,998.17,1449.8413,332.7233,-83.1808,2.222222,3.227776,1.010037,23,48,3,6,1.00000000,0.03603245,0.03603245,0E-8,0.000000,0.917652,0.000000,,2026-07-27,2026-07-28,2,56,36,2,1.000000,,1.000000,3.333333,,,,,,,,GLOBAL_BASELINE_NO_ENTITY_RANKING,,,NOT_APPLICABLE_GLOBAL_BASELINE,HF9g-P5,,,,X 全窗基线 · 不参与实体赏罚,14197598,1420,A168_HF9F_20260827_0900,2026-08-27 09:00:00
2026-07-27,153527777,2088,0,1829.9783729828,-507.4030943270,-507.4030943270,0.4285714,7,7,0.49707555714285714,0.497075557143,-0.3624959764119633,-0.36249597641271863,-0.3624959764119633,-1.4286E-13,ELIGIBLE,R03b_20260811_FULL_v1,L1_ELIGIBILITY,v2026-08-11,2026-03-21..2026-08-06,baccarat_bet02_101_all_pairs_incl_sentinel,round_win = game_pnl > 0 (decisive only),COMPATIBILITY_ONLY_NOT_PRODUCTION,184649.8087,169444.3520,6653.3855,407,347,-0.03603245,-0.03603245,,-0.03603245,-6653.3855,184649.8087,OK,0.0000,266.1354,4.0000,96.0000,AG03-UNRESOLVED,ALL5_LEVELS_bet23_to_bet27,266.1354,266.1354,266.1354,0.0000,0.0000,4.000000,4.000000,4.000000,0.000000,0.000000,96.000000,96.000000,96.000000,100.000000,100.000000,5.0,798.4063,766.8958,5854.9792,5886.4896,PENDING_AG03,FALSE,NOT_FOR_ENFORCEMENT,6387.2500,162666.5779,6653.3855,6387.2500,266.1354,0.03603245,0.03459115,266.1354,6387.2500,0.03459115,266.1354,266.1354,266.1354,0.0000,0.0000,6387.2500,0.03459115,798.4063,766.8958,5854.9792,5886.4896,0.03170856,0.03187921,0.00144130,453.6850,488.3123,19.1740,3326.6927,118.8105,92324.9043,173.5000,453.6850,,187.1569,449.1765,499.085,831.8083,998.17,1449.8413,332.7233,-83.1808,2.222222,3.227776,1.010037,23,48,3,6,1.00000000,0.03603245,0.03603245,0E-8,0.000000,0.917652,0.000000,,2026-07-27,2026-07-28,2,56,36,2,1.000000,,1.000000,3.333333,,,,,,,,GLOBAL_BASELINE_NO_ENTITY_RANKING,,,NOT_APPLICABLE_GLOBAL_BASELINE,HF9g-P5,,,,X 全窗基线 · 不参与实体赏罚,14197599,1420,A168_HF9F_20260827_0900,2026-08-27 09:00:00
2026-07-27,153527777,2103,0,499.0850108135,-499.0850108135,-499.0850108135,0E-7,1,1,0.49324550000000000,0.493245500000,-0.9865810262130424,-0.9865810262130424,-0.9865810262130424,0E-17,ELIGIBLE,R03b_20260811_FULL_v1,L1_ELIGIBILITY,v2026-08-11,2026-03-21..2026-08-06,baccarat_bet02_101_all_pairs_incl_sentinel,round_win = game_pnl > 0 (decisive only),COMPATIBILITY_ONLY_NOT_PRODUCTION,184649.8087,169444.3520,6653.3855,407,347,-0.03603245,-0.03603245,,-0.03603245,-6653.3855,184649.8087,OK,0.0000,266.1354,4.0000,96.0000,AG03-UNRESOLVED,ALL5_LEVELS_bet23_to_bet27,266.1354,266.1354,266.1354,0.0000,0.0000,4.000000,4.000000,4.000000,0.000000,0.000000,96.000000,96.000000,96.000000,100.000000,100.000000,5.0,798.4063,766.8958,5854.9792,5886.4896,PENDING_AG03,FALSE,NOT_FOR_ENFORCEMENT,6387.2500,162666.5779,6653.3855,6387.2500,266.1354,0.03603245,0.03459115,266.1354,6387.2500,0.03459115,266.1354,266.1354,266.1354,0.0000,0.0000,6387.2500,0.03459115,798.4063,766.8958,5854.9792,5886.4896,0.03170856,0.03187921,0.00144130,453.6850,488.3123,19.1740,3326.6927,118.8105,92324.9043,173.5000,453.6850,,187.1569,449.1765,499.085,831.8083,998.17,1449.8413,332.7233,-83.1808,2.222222,3.227776,1.010037,23,48,3,6,1.00000000,0.03603245,0.03603245,0E-8,0.000000,0.917652,0.000000,,2026-07-27,2026-07-28,2,56,36,2,1.000000,,1.000000,3.333333,,,,,,,,GLOBAL_BASELINE_NO_ENTITY_RANKING,,,NOT_APPLICABLE_GLOBAL_BASELINE,HF9g-P5,,,,X 全窗基线 · 不参与实体赏罚,14197600,1420,A168_HF9F_20260827_0900,2026-08-27 09:00:00
2026-07-27,153527777,2115,0,2329.0633837964,-374.3137581101,-374.3137581101,0.5000000,8,8,0.50162375000000000,0.501623750000,-0.009185365523350236,-0.009185365523350236,-0.009185365523350236,0E-17,ELIGIBLE,R03b_20260811_FULL_v1,L1_ELIGIBILITY,v2026-08-11,2026-03-21..2026-08-06,baccarat_bet02_101_all_pairs_incl_sentinel,round_win = game_pnl > 0 (decisive only),COMPATIBILITY_ONLY_NOT_PRODUCTION,184649.8087,169444.3520,6653.3855,407,347,-0.03603245,-0.03603245,,-0.03603245,-6653.3855,184649.8087,OK,0.0000,266.1354,4.0000,96.0000,AG03-UNRESOLVED,ALL5_LEVELS_bet23_to_bet27,266.1354,266.1354,266.1354,0.0000,0.0000,4.000000,4.000000,4.000000,0.000000,0.000000,96.000000,96.000000,96.000000,100.000000,100.000000,5.0,798.4063,766.8958,5854.9792,5886.4896,PENDING_AG03,FALSE,NOT_FOR_ENFORCEMENT,6387.2500,162666.5779,6653.3855,6387.2500,266.1354,0.03603245,0.03459115,266.1354,6387.2500,0.03459115,266.1354,266.1354,266.1354,0.0000,0.0000,6387.2500,0.03459115,798.4063,766.8958,5854.9792,5886.4896,0.03170856,0.03187921,0.00144130,453.6850,488.3123,19.1740,3326.6927,118.8105,92324.9043,173.5000,453.6850,,187.1569,449.1765,499.085,831.8083,998.17,1449.8413,332.7233,-83.1808,2.222222,3.227776,1.010037,23,48,3,6,1.00000000,0.03603245,0.03603245,0E-8,0.000000,0.917652,0.000000,,2026-07-27,2026-07-28,2,56,36,2,1.000000,,1.000000,3.333333,,,,,,,,GLOBAL_BASELINE_NO_ENTITY_RANKING,,,NOT_APPLICABLE_GLOBAL_BASELINE,HF9g-P5,,,,X 全窗基线 · 不参与实体赏罚,14197601,1420,A168_HF9F_20260827_0900,2026-08-27 09:00:00
2026-07-27,153527777,2129,0,332.7233405424,-332.7233405424,-332.7233405424,0E-7,2,2,0.49324550000000000,0.493245500000,-1.3952362676504506,-1.3952362676504506,-1.3952362676504506,0E-17,ELIGIBLE,R03b_20260811_FULL_v1,L1_ELIGIBILITY,v2026-08-11,2026-03-21..2026-08-06,baccarat_bet02_101_all_pairs_incl_sentinel,round_win = game_pnl > 0 (decisive only),COMPATIBILITY_ONLY_NOT_PRODUCTION,184649.8087,169444.3520,6653.3855,407,347,-0.03603245,-0.03603245,,-0.03603245,-6653.3855,184649.8087,OK,0.0000,266.1354,4.0000,96.0000,AG03-UNRESOLVED,ALL5_LEVELS_bet23_to_bet27,266.1354,266.1354,266.1354,0.0000,0.0000,4.000000,4.000000,4.000000,0.000000,0.000000,96.000000,96.000000,96.000000,100.000000,100.000000,5.0,798.4063,766.8958,5854.9792,5886.4896,PENDING_AG03,FALSE,NOT_FOR_ENFORCEMENT,6387.2500,162666.5779,6653.3855,6387.2500,266.1354,0.03603245,0.03459115,266.1354,6387.2500,0.03459115,266.1354,266.1354,266.1354,0.0000,0.0000,6387.2500,0.03459115,798.4063,766.8958,5854.9792,5886.4896,0.03170856,0.03187921,0.00144130,453.6850,488.3123,19.1740,3326.6927,118.8105,92324.9043,173.5000,453.6850,,187.1569,449.1765,499.085,831.8083,998.17,1449.8413,332.7233,-83.1808,2.222222,3.227776,1.010037,23,48,3,6,1.00000000,0.03603245,0.03603245,0E-8,0.000000,0.917652,0.000000,,2026-07-27,2026-07-28,2,56,36,2,1.000000,,1.000000,3.333333,,,,,,,,GLOBAL_BASELINE_NO_ENTITY_RANKING,,,NOT_APPLICABLE_GLOBAL_BASELINE,HF9g-P5,,,,X 全窗基线 · 不参与实体赏罚,14197602,1420,A168_HF9F_20260827_0900,2026-08-27 09:00:00
2026-07-27,153527777,2130,0,4990.8501081348,-449.1765097322,-449.1765097322,0.5454545,11,11,0.50665070000000000,0.506650700000,0.25741836475932667,0.25741836475932667,0.25741836475932667,0E-17,ELIGIBLE,R03b_20260811_FULL_v1,L1_ELIGIBILITY,v2026-08-11,2026-03-21..2026-08-06,baccarat_bet02_101_all_pairs_incl_sentinel,round_win = game_pnl > 0 (decisive only),COMPATIBILITY_ONLY_NOT_PRODUCTION,184649.8087,169444.3520,6653.3855,407,347,-0.03603245,-0.03603245,,-0.03603245,-6653.3855,184649.8087,OK,0.0000,266.1354,4.0000,96.0000,AG03-UNRESOLVED,ALL5_LEVELS_bet23_to_bet27,266.1354,266.1354,266.1354,0.0000,0.0000,4.000000,4.000000,4.000000,0.000000,0.000000,96.000000,96.000000,96.000000,100.000000,100.000000,5.0,798.4063,766.8958,5854.9792,5886.4896,PENDING_AG03,FALSE,NOT_FOR_ENFORCEMENT,6387.2500,162666.5779,6653.3855,6387.2500,266.1354,0.03603245,0.03459115,266.1354,6387.2500,0.03459115,266.1354,266.1354,266.1354,0.0000,0.0000,6387.2500,0.03459115,798.4063,766.8958,5854.9792,5886.4896,0.03170856,0.03187921,0.00144130,453.6850,488.3123,19.1740,3326.6927,118.8105,92324.9043,173.5000,453.6850,,187.1569,449.1765,499.085,831.8083,998.17,1449.8413,332.7233,-83.1808,2.222222,3.227776,1.010037,23,48,3,6,1.00000000,0.03603245,0.03603245,0E-8,0.000000,0.917652,0.000000,,2026-07-27,2026-07-28,2,56,36,2,1.000000,,1.000000,3.333333,,,,,,,,GLOBAL_BASELINE_NO_ENTITY_RANKING,,,NOT_APPLICABLE_GLOBAL_BASELINE,HF9g-P5,,,,X 全窗基线 · 不参与实体赏罚,14197603,1420,A168_HF9F_20260827_0900,2026-08-27 09:00:00
2026-07-27,153527777,2147,0,4658.1267675925,-1688.5709532522,-1688.5709532522,0.4000000,10,10,0.50128862000000000,0.501288620000,-0.6406076080251435,-0.6406076080251435,-0.6406076080251435,0E-17,ELIGIBLE,R03b_20260811_FULL_v1,L1_ELIGIBILITY,v2026-08-11,2026-03-21..2026-08-06,baccarat_bet02_101_all_pairs_incl_sentinel,round_win = game_pnl > 0 (decisive only),COMPATIBILITY_ONLY_NOT_PRODUCTION,184649.8087,169444.3520,6653.3855,407,347,-0.03603245,-0.03603245,,-0.03603245,-6653.3855,184649.8087,OK,0.0000,266.1354,4.0000,96.0000,AG03-UNRESOLVED,ALL5_LEVELS_bet23_to_bet27,266.1354,266.1354,266.1354,0.0000,0.0000,4.000000,4.000000,4.000000,0.000000,0.000000,96.000000,96.000000,96.000000,100.000000,100.000000,5.0,798.4063,766.8958,5854.9792,5886.4896,PENDING_AG03,FALSE,NOT_FOR_ENFORCEMENT,6387.2500,162666.5779,6653.3855,6387.2500,266.1354,0.03603245,0.03459115,266.1354,6387.2500,0.03459115,266.1354,266.1354,266.1354,0.0000,0.0000,6387.2500,0.03459115,798.4063,766.8958,5854.9792,5886.4896,0.03170856,0.03187921,0.00144130,453.6850,488.3123,19.1740,3326.6927,118.8105,92324.9043,173.5000,453.6850,,187.1569,449.1765,499.085,831.8083,998.17,1449.8413,332.7233,-83.1808,2.222222,3.227776,1.010037,23,48,3,6,1.00000000,0.03603245,0.03603245,0E-8,0.000000,0.917652,0.000000,,2026-07-27,2026-07-28,2,56,36,2,1.000000,,1.000000,3.333333,,,,,,,,GLOBAL_BASELINE_NO_ENTITY_RANKING,,,NOT_APPLICABLE_GLOBAL_BASELINE,HF9g-P5,,,,X 全窗基线 · 不参与实体赏罚,14197604,1420,A168_HF9F_20260827_0900,2026-08-27 09:00:00
2026-07-27,153527777,2153,0,1663.6167027117,-665.4466810847,-665.4466810847,0.4000000,5,5,0.49592654000000000,0.495926540000,-0.42901076602576227,-0.42901076602576227,-0.42901076602576227,0E-17,ELIGIBLE,R03b_20260811_FULL_v1,L1_ELIGIBILITY,v2026-08-11,2026-03-21..2026-08-06,baccarat_bet02_101_all_pairs_incl_sentinel,round_win = game_pnl > 0 (decisive only),COMPATIBILITY_ONLY_NOT_PRODUCTION,184649.8087,169444.3520,6653.3855,407,347,-0.03603245,-0.03603245,,-0.03603245,-6653.3855,184649.8087,OK,0.0000,266.1354,4.0000,96.0000,AG03-UNRESOLVED,ALL5_LEVELS_bet23_to_bet27,266.1354,266.1354,266.1354,0.0000,0.0000,4.000000,4.000000,4.000000,0.000000,0.000000,96.000000,96.000000,96.000000,100.000000,100.000000,5.0,798.4063,766.8958,5854.9792,5886.4896,PENDING_AG03,FALSE,NOT_FOR_ENFORCEMENT,6387.2500,162666.5779,6653.3855,6387.2500,266.1354,0.03603245,0.03459115,266.1354,6387.2500,0.03459115,266.1354,266.1354,266.1354,0.0000,0.0000,6387.2500,0.03459115,798.4063,766.8958,5854.9792,5886.4896,0.03170856,0.03187921,0.00144130,453.6850,488.3123,19.1740,3326.6927,118.8105,92324.9043,173.5000,453.6850,,187.1569,449.1765,499.085,831.8083,998.17,1449.8413,332.7233,-83.1808,2.222222,3.227776,1.010037,23,48,3,6,1.00000000,0.03603245,0.03603245,0E-8,0.000000,0.917652,0.000000,,2026-07-27,2026-07-28,2,56,36,2,1.000000,,1.000000,3.333333,,,,,,,,GLOBAL_BASELINE_NO_ENTITY_RANKING,,,NOT_APPLICABLE_GLOBAL_BASELINE,HF9g-P5,,,,X 全窗基线 · 不参与实体赏罚,14197605,1420,A168_HF9F_20260827_0900,2026-08-27 09:00:00
2026-07-27,153527777,2160,0,1330.8933621693,-1330.8933621693,-1330.8933621693,0E-7,2,2,0.50665070000000000,0.506650700000,-1.4331513700195317,-1.4331513700195317,-1.4331513700195317,0E-17,ELIGIBLE,R03b_20260811_FULL_v1,L1_ELIGIBILITY,v2026-08-11,2026-03-21..2026-08-06,baccarat_bet02_101_all_pairs_incl_sentinel,round_win = game_pnl > 0 (decisive only),COMPATIBILITY_ONLY_NOT_PRODUCTION,184649.8087,169444.3520,6653.3855,407,347,-0.03603245,-0.03603245,,-0.03603245,-6653.3855,184649.8087,OK,0.0000,266.1354,4.0000,96.0000,AG03-UNRESOLVED,ALL5_LEVELS_bet23_to_bet27,266.1354,266.1354,266.1354,0.0000,0.0000,4.000000,4.000000,4.000000,0.000000,0.000000,96.000000,96.000000,96.000000,100.000000,100.000000,5.0,798.4063,766.8958,5854.9792,5886.4896,PENDING_AG03,FALSE,NOT_FOR_ENFORCEMENT,6387.2500,162666.5779,6653.3855,6387.2500,266.1354,0.03603245,0.03459115,266.1354,6387.2500,0.03459115,266.1354,266.1354,266.1354,0.0000,0.0000,6387.2500,0.03459115,798.4063,766.8958,5854.9792,5886.4896,0.03170856,0.03187921,0.00144130,453.6850,488.3123,19.1740,3326.6927,118.8105,92324.9043,173.5000,453.6850,,187.1569,449.1765,499.085,831.8083,998.17,1449.8413,332.7233,-83.1808,2.222222,3.227776,1.010037,23,48,3,6,1.00000000,0.03603245,0.03603245,0E-8,0.000000,0.917652,0.000000,,2026-07-27,2026-07-28,2,56,36,2,1.000000,,1.000000,3.333333,,,,,,,,GLOBAL_BASELINE_NO_ENTITY_RANKING,,,NOT_APPLICABLE_GLOBAL_BASELINE,HF9g-P5,,,,X 全窗基线 · 不参与实体赏罚,14197606,1420,A168_HF9F_20260827_0900,2026-08-27 09:00:00
2026-07-27,153527777,2220,0,4658.1267675926,-1663.6167027117,-1663.6167027117,0.4000000,12,12,0.49436260000000000,0.494362600000,-0.5968394205228034,-0.5968394205228035,-0.5968394205228034,0E-17,ELIGIBLE,R03b_20260811_FULL_v1,L1_ELIGIBILITY,v2026-08-11,2026-03-21..2026-08-06,baccarat_bet02_101_all_pairs_incl_sentinel,round_win = game_pnl > 0 (decisive only),COMPATIBILITY_ONLY_NOT_PRODUCTION,184649.8087,169444.3520,6653.3855,407,347,-0.03603245,-0.03603245,,-0.03603245,-6653.3855,184649.8087,OK,0.0000,266.1354,4.0000,96.0000,AG03-UNRESOLVED,ALL5_LEVELS_bet23_to_bet27,266.1354,266.1354,266.1354,0.0000,0.0000,4.000000,4.000000,4.000000,0.000000,0.000000,96.000000,96.000000,96.000000,100.000000,100.000000,5.0,798.4063,766.8958,5854.9792,5886.4896,PENDING_AG03,FALSE,NOT_FOR_ENFORCEMENT,6387.2500,162666.5779,6653.3855,6387.2500,266.1354,0.03603245,0.03459115,266.1354,6387.2500,0.03459115,266.1354,266.1354,266.1354,0.0000,0.0000,6387.2500,0.03459115,798.4063,766.8958,5854.9792,5886.4896,0.03170856,0.03187921,0.00144130,453.6850,488.3123,19.1740,3326.6927,118.8105,92324.9043,173.5000,453.6850,,187.1569,449.1765,499.085,831.8083,998.17,1449.8413,332.7233,-83.1808,2.222222,3.227776,1.010037,23,48,3,6,1.00000000,0.03603245,0.03603245,0E-8,0.000000,0.917652,0.000000,,2026-07-27,2026-07-28,2,56,36,2,1.000000,,1.000000,3.333333,,,,,,,,GLOBAL_BASELINE_NO_ENTITY_RANKING,,,NOT_APPLICABLE_GLOBAL_BASELINE,HF9g-P5,,,,X 全窗基线 · 不参与实体赏罚,14197607,1420,A168_HF9F_20260827_0900,2026-08-27 09:00:00
2026-07-27,153527777,2224,0,3992.6800865080,2620.1963067708,2620.1963067708,0.8750000,8,8,0.49659680000000000,0.496596800000,2.1406213348847456,2.140621334884746,2.1406213348847456,0E-17,ELIGIBLE,R03b_20260811_FULL_v1,L1_ELIGIBILITY,v2026-08-11,2026-03-21..2026-08-06,baccarat_bet02_101_all_pairs_incl_sentinel,round_win = game_pnl > 0 (decisive only),COMPATIBILITY_ONLY_NOT_PRODUCTION,184649.8087,169444.3520,6653.3855,407,347,-0.03603245,-0.03603245,,-0.03603245,-6653.3855,184649.8087,OK,0.0000,266.1354,4.0000,96.0000,AG03-UNRESOLVED,ALL5_LEVELS_bet23_to_bet27,266.1354,266.1354,266.1354,0.0000,0.0000,4.000000,4.000000,4.000000,0.000000,0.000000,96.000000,96.000000,96.000000,100.000000,100.000000,5.0,798.4063,766.8958,5854.9792,5886.4896,PENDING_AG03,FALSE,NOT_FOR_ENFORCEMENT,6387.2500,162666.5779,6653.3855,6387.2500,266.1354,0.03603245,0.03459115,266.1354,6387.2500,0.03459115,266.1354,266.1354,266.1354,0.0000,0.0000,6387.2500,0.03459115,798.4063,766.8958,5854.9792,5886.4896,0.03170856,0.03187921,0.00144130,453.6850,488.3123,19.1740,3326.6927,118.8105,92324.9043,173.5000,453.6850,,187.1569,449.1765,499.085,831.8083,998.17,1449.8413,332.7233,-83.1808,2.222222,3.227776,1.010037,23,48,3,6,1.00000000,0.03603245,0.03603245,0E-8,0.000000,0.917652,0.000000,,2026-07-27,2026-07-28,2,56,36,2,1.000000,,1.000000,3.333333,,,,,,,,GLOBAL_BASELINE_NO_ENTITY_RANKING,,,NOT_APPLICABLE_GLOBAL_BASELINE,HF9g-P5,,,,X 全窗基线 · 不参与实体赏罚,14197608,1420,A168_HF9F_20260827_0900,2026-08-27 09:00:00
2026-07-27,153527777,2267,0,332.7233405423,-332.7233405423,-332.7233405423,0E-7,1,1,0.50665070000000000,0.506650700000,-1.013391052207602,-1.013391052207602,-1.013391052207602,0E-17,ELIGIBLE,R03b_20260811_FULL_v1,L1_ELIGIBILITY,v2026-08-11,2026-03-21..2026-08-06,baccarat_bet02_101_all_pairs_incl_sentinel,round_win = game_pnl > 0 (decisive only),COMPATIBILITY_ONLY_NOT_PRODUCTION,184649.8087,169444.3520,6653.3855,407,347,-0.03603245,-0.03603245,,-0.03603245,-6653.3855,184649.8087,OK,0.0000,266.1354,4.0000,96.0000,AG03-UNRESOLVED,ALL5_LEVELS_bet23_to_bet27,266.1354,266.1354,266.1354,0.0000,0.0000,4.000000,4.000000,4.000000,0.000000,0.000000,96.000000,96.000000,96.000000,100.000000,100.000000,5.0,798.4063,766.8958,5854.9792,5886.4896,PENDING_AG03,FALSE,NOT_FOR_ENFORCEMENT,6387.2500,162666.5779,6653.3855,6387.2500,266.1354,0.03603245,0.03459115,266.1354,6387.2500,0.03459115,266.1354,266.1354,266.1354,0.0000,0.0000,6387.2500,0.03459115,798.4063,766.8958,5854.9792,5886.4896,0.03170856,0.03187921,0.00144130,453.6850,488.3123,19.1740,3326.6927,118.8105,92324.9043,173.5000,453.6850,,187.1569,449.1765,499.085,831.8083,998.17,1449.8413,332.7233,-83.1808,2.222222,3.227776,1.010037,23,48,3,6,1.00000000,0.03603245,0.03603245,0E-8,0.000000,0.917652,0.000000,,2026-07-27,2026-07-28,2,56,36,2,1.000000,,1.000000,3.333333,,,,,,,,GLOBAL_BASELINE_NO_ENTITY_RANKING,,,NOT_APPLICABLE_GLOBAL_BASELINE,HF9g-P5,,,,X 全窗基线 · 不参与实体赏罚,14197609,1420,A168_HF9F_20260827_0900,2026-08-27 09:00:00
2026-07-27,153527777,2281,0,2828.1483946099,665.4466810847,665.4466810847,0.6666667,7,7,0.49516052857142857,0.495160528571,0.8402444109601804,0.840244410962287,0.8402444109601804,4.2857E-13,ELIGIBLE,R03b_20260811_FULL_v1,L1_ELIGIBILITY,v2026-08-11,2026-03-21..2026-08-06,baccarat_bet02_101_all_pairs_incl_sentinel,round_win = game_pnl > 0 (decisive only),COMPATIBILITY_ONLY_NOT_PRODUCTION,184649.8087,169444.3520,6653.3855,407,347,-0.03603245,-0.03603245,,-0.03603245,-6653.3855,184649.8087,OK,0.0000,266.1354,4.0000,96.0000,AG03-UNRESOLVED,ALL5_LEVELS_bet23_to_bet27,266.1354,266.1354,266.1354,0.0000,0.0000,4.000000,4.000000,4.000000,0.000000,0.000000,96.000000,96.000000,96.000000,100.000000,100.000000,5.0,798.4063,766.8958,5854.9792,5886.4896,PENDING_AG03,FALSE,NOT_FOR_ENFORCEMENT,6387.2500,162666.5779,6653.3855,6387.2500,266.1354,0.03603245,0.03459115,266.1354,6387.2500,0.03459115,266.1354,266.1354,266.1354,0.0000,0.0000,6387.2500,0.03459115,798.4063,766.8958,5854.9792,5886.4896,0.03170856,0.03187921,0.00144130,453.6850,488.3123,19.1740,3326.6927,118.8105,92324.9043,173.5000,453.6850,,187.1569,449.1765,499.085,831.8083,998.17,1449.8413,332.7233,-83.1808,2.222222,3.227776,1.010037,23,48,3,6,1.00000000,0.03603245,0.03603245,0E-8,0.000000,0.917652,0.000000,,2026-07-27,2026-07-28,2,56,36,2,1.000000,,1.000000,3.333333,,,,,,,,GLOBAL_BASELINE_NO_ENTITY_RANKING,,,NOT_APPLICABLE_GLOBAL_BASELINE,HF9g-P5,,,,X 全窗基线 · 不参与实体赏罚,14197610,1420,A168_HF9F_20260827_0900,2026-08-27 09:00:00
2026-07-27,153527777,526,0,4990.8501081346,3485.2769921808,3485.2769921808,0.8461538,13,13,0.50561953076923077,0.505619530769,2.4557829782073592,2.45578297820901,2.4557829782073592,2.3077E-13,ELIGIBLE,R03b_20260811_FULL_v1,L1_ELIGIBILITY,v2026-08-11,2026-03-21..2026-08-06,baccarat_bet02_101_all_pairs_incl_sentinel,round_win = game_pnl > 0 (decisive only),COMPATIBILITY_ONLY_NOT_PRODUCTION,184649.8087,169444.3520,6653.3855,407,347,-0.03603245,-0.03603245,,-0.03603245,-6653.3855,184649.8087,OK,0.0000,266.1354,4.0000,96.0000,AG03-UNRESOLVED,ALL5_LEVELS_bet23_to_bet27,266.1354,266.1354,266.1354,0.0000,0.0000,4.000000,4.000000,4.000000,0.000000,0.000000,96.000000,96.000000,96.000000,100.000000,100.000000,5.0,798.4063,766.8958,5854.9792,5886.4896,PENDING_AG03,FALSE,NOT_FOR_ENFORCEMENT,6387.2500,162666.5779,6653.3855,6387.2500,266.1354,0.03603245,0.03459115,266.1354,6387.2500,0.03459115,266.1354,266.1354,266.1354,0.0000,0.0000,6387.2500,0.03459115,798.4063,766.8958,5854.9792,5886.4896,0.03170856,0.03187921,0.00144130,453.6850,488.3123,19.1740,3326.6927,118.8105,92324.9043,173.5000,453.6850,,187.1569,449.1765,499.085,831.8083,998.17,1449.8413,332.7233,-83.1808,2.222222,3.227776,1.010037,23,48,3,6,1.00000000,0.03603245,0.03603245,0E-8,0.000000,0.917652,0.000000,,2026-07-27,2026-07-28,2,56,36,2,1.000000,,1.000000,3.333333,,,,,,,,GLOBAL_BASELINE_NO_ENTITY_RANKING,,,NOT_APPLICABLE_GLOBAL_BASELINE,HF9g-P5,,,,X 全窗基线 · 不参与实体赏罚,14197611,1420,A168_HF9F_20260827_0900,2026-08-27 09:00:00
2026-07-27,153527777,919,0,6321.7434703042,1688.5709532523,1688.5709532523,0.6363636,13,13,0.50149485384615385,0.501494853846,0.8946222933185218,0.8946222933195417,0.8946222933185218,1.5385E-13,ELIGIBLE,R03b_20260811_FULL_v1,L1_ELIGIBILITY,v2026-08-11,2026-03-21..2026-08-06,baccarat_bet02_101_all_pairs_incl_sentinel,round_win = game_pnl > 0 (decisive only),COMPATIBILITY_ONLY_NOT_PRODUCTION,184649.8087,169444.3520,6653.3855,407,347,-0.03603245,-0.03603245,,-0.03603245,-6653.3855,184649.8087,OK,0.0000,266.1354,4.0000,96.0000,AG03-UNRESOLVED,ALL5_LEVELS_bet23_to_bet27,266.1354,266.1354,266.1354,0.0000,0.0000,4.000000,4.000000,4.000000,0.000000,0.000000,96.000000,96.000000,96.000000,100.000000,100.000000,5.0,798.4063,766.8958,5854.9792,5886.4896,PENDING_AG03,FALSE,NOT_FOR_ENFORCEMENT,6387.2500,162666.5779,6653.3855,6387.2500,266.1354,0.03603245,0.03459115,266.1354,6387.2500,0.03459115,266.1354,266.1354,266.1354,0.0000,0.0000,6387.2500,0.03459115,798.4063,766.8958,5854.9792,5886.4896,0.03170856,0.03187921,0.00144130,453.6850,488.3123,19.1740,3326.6927,118.8105,92324.9043,173.5000,453.6850,,187.1569,449.1765,499.085,831.8083,998.17,1449.8413,332.7233,-83.1808,2.222222,3.227776,1.010037,23,48,3,6,1.00000000,0.03603245,0.03603245,0E-8,0.000000,0.917652,0.000000,,2026-07-27,2026-07-28,2,56,36,2,1.000000,,1.000000,3.333333,,,,,,,,GLOBAL_BASELINE_NO_ENTITY_RANKING,,,NOT_APPLICABLE_GLOBAL_BASELINE,HF9g-P5,,,,X 全窗基线 · 不参与实体赏罚,14197612,1420,A168_HF9F_20260827_0900,2026-08-27 09:00:00
2026-07-27,153527777,948,0,3160.8717351520,-831.8083513558,-831.8083513558,0.4285714,7,7,0.49707555714285714,0.497075557143,-0.3624959764119633,-0.36249597641271863,-0.3624959764119633,-1.4286E-13,ELIGIBLE,R03b_20260811_FULL_v1,L1_ELIGIBILITY,v2026-08-11,2026-03-21..2026-08-06,baccarat_bet02_101_all_pairs_incl_sentinel,round_win = game_pnl > 0 (decisive only),COMPATIBILITY_ONLY_NOT_PRODUCTION,184649.8087,169444.3520,6653.3855,407,347,-0.03603245,-0.03603245,,-0.03603245,-6653.3855,184649.8087,OK,0.0000,266.1354,4.0000,96.0000,AG03-UNRESOLVED,ALL5_LEVELS_bet23_to_bet27,266.1354,266.1354,266.1354,0.0000,0.0000,4.000000,4.000000,4.000000,0.000000,0.000000,96.000000,96.000000,96.000000,100.000000,100.000000,5.0,798.4063,766.8958,5854.9792,5886.4896,PENDING_AG03,FALSE,NOT_FOR_ENFORCEMENT,6387.2500,162666.5779,6653.3855,6387.2500,266.1354,0.03603245,0.03459115,266.1354,6387.2500,0.03459115,266.1354,266.1354,266.1354,0.0000,0.0000,6387.2500,0.03459115,798.4063,766.8958,5854.9792,5886.4896,0.03170856,0.03187921,0.00144130,453.6850,488.3123,19.1740,3326.6927,118.8105,92324.9043,173.5000,453.6850,,187.1569,449.1765,499.085,831.8083,998.17,1449.8413,332.7233,-83.1808,2.222222,3.227776,1.010037,23,48,3,6,1.00000000,0.03603245,0.03603245,0E-8,0.000000,0.917652,0.000000,,2026-07-27,2026-07-28,2,56,36,2,1.000000,,1.000000,3.333333,,,,,,,,GLOBAL_BASELINE_NO_ENTITY_RANKING,,,NOT_APPLICABLE_GLOBAL_BASELINE,HF9g-P5,,,,X 全窗基线 · 不参与实体赏罚,14197613,1420,A168_HF9F_20260827_0900,2026-08-27 09:00:00
2026-07-28,153527777,-1,1,18981.8665779405,440.8584262185,440.8584262185,0.5555556,36,22,0.47654338110363818,0.380935603409,0.6711795223978,1.5255850389038248,0.6711795223978,0.09560777769463818,SENTINEL_DEALER,R03b_20260811_FULL_v1,L1_ELIGIBILITY,v2026-08-11,2026-03-21..2026-08-06,baccarat_bet02_101_all_pairs_incl_sentinel,round_win = game_pnl > 0 (decisive only),COMPATIBILITY_ONLY_NOT_PRODUCTION,184649.8087,169444.3520,6653.3855,407,347,-0.03603245,-0.03603245,,-0.03603245,-6653.3855,184649.8087,OK,0.0000,266.1354,4.0000,96.0000,AG03-UNRESOLVED,ALL5_LEVELS_bet23_to_bet27,266.1354,266.1354,266.1354,0.0000,0.0000,4.000000,4.000000,4.000000,0.000000,0.000000,96.000000,96.000000,96.000000,100.000000,100.000000,5.0,798.4063,766.8958,5854.9792,5886.4896,PENDING_AG03,FALSE,NOT_FOR_ENFORCEMENT,6387.2500,162666.5779,6653.3855,6387.2500,266.1354,0.03603245,0.03459115,266.1354,6387.2500,0.03459115,266.1354,266.1354,266.1354,0.0000,0.0000,6387.2500,0.03459115,798.4063,766.8958,5854.9792,5886.4896,0.03170856,0.03187921,0.00144130,453.6850,488.3123,19.1740,3326.6927,118.8105,92324.9043,173.5000,453.6850,,187.1569,449.1765,499.085,831.8083,998.17,1449.8413,332.7233,-83.1808,2.222222,3.227776,1.010037,23,48,3,6,1.00000000,0.03603245,0.03603245,0E-8,0.000000,0.917652,0.000000,,2026-07-27,2026-07-28,2,56,36,2,1.000000,,1.000000,3.333333,,,,,,,,GLOBAL_BASELINE_NO_ENTITY_RANKING,,,NOT_APPLICABLE_GLOBAL_BASELINE,HF9g-P5,,,,X 全窗基线 · 不参与实体赏罚,14197614,1420,A168_HF9F_20260827_0900,2026-08-27 09:00:00
2026-07-28,153527777,1004,0,998.1700216270,-998.1700216270,-998.1700216270,0E-7,1,1,0.50665070000000000,0.506650700000,-1.013391052207602,-1.013391052207602,-1.013391052207602,0E-17,ELIGIBLE,R03b_20260811_FULL_v1,L1_ELIGIBILITY,v2026-08-11,2026-03-21..2026-08-06,baccarat_bet02_101_all_pairs_incl_sentinel,round_win = game_pnl > 0 (decisive only),COMPATIBILITY_ONLY_NOT_PRODUCTION,184649.8087,169444.3520,6653.3855,407,347,-0.03603245,-0.03603245,,-0.03603245,-6653.3855,184649.8087,OK,0.0000,266.1354,4.0000,96.0000,AG03-UNRESOLVED,ALL5_LEVELS_bet23_to_bet27,266.1354,266.1354,266.1354,0.0000,0.0000,4.000000,4.000000,4.000000,0.000000,0.000000,96.000000,96.000000,96.000000,100.000000,100.000000,5.0,798.4063,766.8958,5854.9792,5886.4896,PENDING_AG03,FALSE,NOT_FOR_ENFORCEMENT,6387.2500,162666.5779,6653.3855,6387.2500,266.1354,0.03603245,0.03459115,266.1354,6387.2500,0.03459115,266.1354,266.1354,266.1354,0.0000,0.0000,6387.2500,0.03459115,798.4063,766.8958,5854.9792,5886.4896,0.03170856,0.03187921,0.00144130,453.6850,488.3123,19.1740,3326.6927,118.8105,92324.9043,173.5000,453.6850,,187.1569,449.1765,499.085,831.8083,998.17,1449.8413,332.7233,-83.1808,2.222222,3.227776,1.010037,23,48,3,6,1.00000000,0.03603245,0.03603245,0E-8,0.000000,0.917652,0.000000,,2026-07-27,2026-07-28,2,56,36,2,1.000000,,1.000000,3.333333,,,,,,,,GLOBAL_BASELINE_NO_ENTITY_RANKING,,,NOT_APPLICABLE_GLOBAL_BASELINE,HF9g-P5,,,,X 全窗基线 · 不参与实体赏罚,14197615,1420,A168_HF9F_20260827_0900,2026-08-27 09:00:00
2026-07-28,153527777,1017,0,2495.4250540674,-1663.6167027116,-1663.6167027116,0E-7,3,3,0.49771390000000000,0.497713900000,-1.4077622098436522,-1.4077622098436524,-1.4077622098436522,0E-17,ELIGIBLE,R03b_20260811_FULL_v1,L1_ELIGIBILITY,v2026-08-11,2026-03-21..2026-08-06,baccarat_bet02_101_all_pairs_incl_sentinel,round_win = game_pnl > 0 (decisive only),COMPATIBILITY_ONLY_NOT_PRODUCTION,184649.8087,169444.3520,6653.3855,407,347,-0.03603245,-0.03603245,,-0.03603245,-6653.3855,184649.8087,OK,0.0000,266.1354,4.0000,96.0000,AG03-UNRESOLVED,ALL5_LEVELS_bet23_to_bet27,266.1354,266.1354,266.1354,0.0000,0.0000,4.000000,4.000000,4.000000,0.000000,0.000000,96.000000,96.000000,96.000000,100.000000,100.000000,5.0,798.4063,766.8958,5854.9792,5886.4896,PENDING_AG03,FALSE,NOT_FOR_ENFORCEMENT,6387.2500,162666.5779,6653.3855,6387.2500,266.1354,0.03603245,0.03459115,266.1354,6387.2500,0.03459115,266.1354,266.1354,266.1354,0.0000,0.0000,6387.2500,0.03459115,798.4063,766.8958,5854.9792,5886.4896,0.03170856,0.03187921,0.00144130,453.6850,488.3123,19.1740,3326.6927,118.8105,92324.9043,173.5000,453.6850,,187.1569,449.1765,499.085,831.8083,998.17,1449.8413,332.7233,-83.1808,2.222222,3.227776,1.010037,23,48,3,6,1.00000000,0.03603245,0.03603245,0E-8,0.000000,0.917652,0.000000,,2026-07-27,2026-07-28,2,56,36,2,1.000000,,1.000000,3.333333,,,,,,,,GLOBAL_BASELINE_NO_ENTITY_RANKING,,,NOT_APPLICABLE_GLOBAL_BASELINE,HF9g-P5,,,,X 全窗基线 · 不参与实体赏罚,14197616,1420,A168_HF9F_20260827_0900,2026-08-27 09:00:00
2026-07-28,153527777,1094,0,1829.9783729829,449.1765097321,449.1765097321,0.5000000,6,6,0.49994810000000000,0.499948100000,0.00025425703667063243,0.00025425703667063243,0.00025425703667063243,0E-17,ELIGIBLE,R03b_20260811_FULL_v1,L1_ELIGIBILITY,v2026-08-11,2026-03-21..2026-08-06,baccarat_bet02_101_all_pairs_incl_sentinel,round_win = game_pnl > 0 (decisive only),COMPATIBILITY_ONLY_NOT_PRODUCTION,184649.8087,169444.3520,6653.3855,407,347,-0.03603245,-0.03603245,,-0.03603245,-6653.3855,184649.8087,OK,0.0000,266.1354,4.0000,96.0000,AG03-UNRESOLVED,ALL5_LEVELS_bet23_to_bet27,266.1354,266.1354,266.1354,0.0000,0.0000,4.000000,4.000000,4.000000,0.000000,0.000000,96.000000,96.000000,96.000000,100.000000,100.000000,5.0,798.4063,766.8958,5854.9792,5886.4896,PENDING_AG03,FALSE,NOT_FOR_ENFORCEMENT,6387.2500,162666.5779,6653.3855,6387.2500,266.1354,0.03603245,0.03459115,266.1354,6387.2500,0.03459115,266.1354,266.1354,266.1354,0.0000,0.0000,6387.2500,0.03459115,798.4063,766.8958,5854.9792,5886.4896,0.03170856,0.03187921,0.00144130,453.6850,488.3123,19.1740,3326.6927,118.8105,92324.9043,173.5000,453.6850,,187.1569,449.1765,499.085,831.8083,998.17,1449.8413,332.7233,-83.1808,2.222222,3.227776,1.010037,23,48,3,6,1.00000000,0.03603245,0.03603245,0E-8,0.000000,0.917652,0.000000,,2026-07-27,2026-07-28,2,56,36,2,1.000000,,1.000000,3.333333,,,,,,,,GLOBAL_BASELINE_NO_ENTITY_RANKING,,,NOT_APPLICABLE_GLOBAL_BASELINE,HF9g-P5,,,,X 全窗基线 · 不参与实体赏罚,14197617,1420,A168_HF9F_20260827_0900,2026-08-27 09:00:00
2026-07-28,153527777,1151,0,6404.9243054399,2412.2442189318,2412.2442189318,0.7000000,12,11,0.48857987792207691,0.473869186364,1.3374871714075718,1.4321339555009114,1.3374871714075718,0.01471069155807691,ELIGIBLE,R03b_20260811_FULL_v1,L1_ELIGIBILITY,v2026-08-11,2026-03-21..2026-08-06,baccarat_bet02_101_all_pairs_incl_sentinel,round_win = game_pnl > 0 (decisive only),COMPATIBILITY_ONLY_NOT_PRODUCTION,184649.8087,169444.3520,6653.3855,407,347,-0.03603245,-0.03603245,,-0.03603245,-6653.3855,184649.8087,OK,0.0000,266.1354,4.0000,96.0000,AG03-UNRESOLVED,ALL5_LEVELS_bet23_to_bet27,266.1354,266.1354,266.1354,0.0000,0.0000,4.000000,4.000000,4.000000,0.000000,0.000000,96.000000,96.000000,96.000000,100.000000,100.000000,5.0,798.4063,766.8958,5854.9792,5886.4896,PENDING_AG03,FALSE,NOT_FOR_ENFORCEMENT,6387.2500,162666.5779,6653.3855,6387.2500,266.1354,0.03603245,0.03459115,266.1354,6387.2500,0.03459115,266.1354,266.1354,266.1354,0.0000,0.0000,6387.2500,0.03459115,798.4063,766.8958,5854.9792,5886.4896,0.03170856,0.03187921,0.00144130,453.6850,488.3123,19.1740,3326.6927,118.8105,92324.9043,173.5000,453.6850,,187.1569,449.1765,499.085,831.8083,998.17,1449.8413,332.7233,-83.1808,2.222222,3.227776,1.010037,23,48,3,6,1.00000000,0.03603245,0.03603245,0E-8,0.000000,0.917652,0.000000,,2026-07-27,2026-07-28,2,56,36,2,1.000000,,1.000000,3.333333,,,,,,,,GLOBAL_BASELINE_NO_ENTITY_RANKING,,,NOT_APPLICABLE_GLOBAL_BASELINE,HF9g-P5,,,,X 全窗基线 · 不参与实体赏罚,14197618,1420,A168_HF9F_20260827_0900,2026-08-27 09:00:00
2026-07-28,153527777,1353,0,1414.0741973049,-1414.0741973049,-1414.0741973049,0E-7,3,2,0.48922418846153524,0.393378375000,-1.3840564301043687,-1.138836281904872,-1.3840564301043687,0.09584581346153524,ELIGIBLE,R03b_20260811_FULL_v1,L1_ELIGIBILITY,v2026-08-11,2026-03-21..2026-08-06,baccarat_bet02_101_all_pairs_incl_sentinel,round_win = game_pnl > 0 (decisive only),COMPATIBILITY_ONLY_NOT_PRODUCTION,184649.8087,169444.3520,6653.3855,407,347,-0.03603245,-0.03603245,,-0.03603245,-6653.3855,184649.8087,OK,0.0000,266.1354,4.0000,96.0000,AG03-UNRESOLVED,ALL5_LEVELS_bet23_to_bet27,266.1354,266.1354,266.1354,0.0000,0.0000,4.000000,4.000000,4.000000,0.000000,0.000000,96.000000,96.000000,96.000000,100.000000,100.000000,5.0,798.4063,766.8958,5854.9792,5886.4896,PENDING_AG03,FALSE,NOT_FOR_ENFORCEMENT,6387.2500,162666.5779,6653.3855,6387.2500,266.1354,0.03603245,0.03459115,266.1354,6387.2500,0.03459115,266.1354,266.1354,266.1354,0.0000,0.0000,6387.2500,0.03459115,798.4063,766.8958,5854.9792,5886.4896,0.03170856,0.03187921,0.00144130,453.6850,488.3123,19.1740,3326.6927,118.8105,92324.9043,173.5000,453.6850,,187.1569,449.1765,499.085,831.8083,998.17,1449.8413,332.7233,-83.1808,2.222222,3.227776,1.010037,23,48,3,6,1.00000000,0.03603245,0.03603245,0E-8,0.000000,0.917652,0.000000,,2026-07-27,2026-07-28,2,56,36,2,1.000000,,1.000000,3.333333,,,,,,,,GLOBAL_BASELINE_NO_ENTITY_RANKING,,,NOT_APPLICABLE_GLOBAL_BASELINE,HF9g-P5,,,,X 全窗基线 · 不参与实体赏罚,14197619,1420,A168_HF9F_20260827_0900,2026-08-27 09:00:00
2026-07-28,153527777,1382,0,1663.6167027117,-1663.6167027117,-1663.6167027117,0E-7,2,2,0.49324550000000000,0.493245500000,-1.3952362676504506,-1.3952362676504506,-1.3952362676504506,0E-17,ELIGIBLE,R03b_20260811_FULL_v1,L1_ELIGIBILITY,v2026-08-11,2026-03-21..2026-08-06,baccarat_bet02_101_all_pairs_incl_sentinel,round_win = game_pnl > 0 (decisive only),COMPATIBILITY_ONLY_NOT_PRODUCTION,184649.8087,169444.3520,6653.3855,407,347,-0.03603245,-0.03603245,,-0.03603245,-6653.3855,184649.8087,OK,0.0000,266.1354,4.0000,96.0000,AG03-UNRESOLVED,ALL5_LEVELS_bet23_to_bet27,266.1354,266.1354,266.1354,0.0000,0.0000,4.000000,4.000000,4.000000,0.000000,0.000000,96.000000,96.000000,96.000000,100.000000,100.000000,5.0,798.4063,766.8958,5854.9792,5886.4896,PENDING_AG03,FALSE,NOT_FOR_ENFORCEMENT,6387.2500,162666.5779,6653.3855,6387.2500,266.1354,0.03603245,0.03459115,266.1354,6387.2500,0.03459115,266.1354,266.1354,266.1354,0.0000,0.0000,6387.2500,0.03459115,798.4063,766.8958,5854.9792,5886.4896,0.03170856,0.03187921,0.00144130,453.6850,488.3123,19.1740,3326.6927,118.8105,92324.9043,173.5000,453.6850,,187.1569,449.1765,499.085,831.8083,998.17,1449.8413,332.7233,-83.1808,2.222222,3.227776,1.010037,23,48,3,6,1.00000000,0.03603245,0.03603245,0E-8,0.000000,0.917652,0.000000,,2026-07-27,2026-07-28,2,56,36,2,1.000000,,1.000000,3.333333,,,,,,,,GLOBAL_BASELINE_NO_ENTITY_RANKING,,,NOT_APPLICABLE_GLOBAL_BASELINE,HF9g-P5,,,,X 全窗基线 · 不参与实体赏罚,14197620,1420,A168_HF9F_20260827_0900,2026-08-27 09:00:00
2026-07-28,153527777,1654,0,9149.8918649139,-515.7211778406,-515.7211778406,0.4117647,17,17,0.49718820588235294,0.497188205882,-0.7044313656389941,-0.7044313656360865,-0.7044313656389941,3.5294E-13,ELIGIBLE,R03b_20260811_FULL_v1,L1_ELIGIBILITY,v2026-08-11,2026-03-21..2026-08-06,baccarat_bet02_101_all_pairs_incl_sentinel,round_win = game_pnl > 0 (decisive only),COMPATIBILITY_ONLY_NOT_PRODUCTION,184649.8087,169444.3520,6653.3855,407,347,-0.03603245,-0.03603245,,-0.03603245,-6653.3855,184649.8087,OK,0.0000,266.1354,4.0000,96.0000,AG03-UNRESOLVED,ALL5_LEVELS_bet23_to_bet27,266.1354,266.1354,266.1354,0.0000,0.0000,4.000000,4.000000,4.000000,0.000000,0.000000,96.000000,96.000000,96.000000,100.000000,100.000000,5.0,798.4063,766.8958,5854.9792,5886.4896,PENDING_AG03,FALSE,NOT_FOR_ENFORCEMENT,6387.2500,162666.5779,6653.3855,6387.2500,266.1354,0.03603245,0.03459115,266.1354,6387.2500,0.03459115,266.1354,266.1354,266.1354,0.0000,0.0000,6387.2500,0.03459115,798.4063,766.8958,5854.9792,5886.4896,0.03170856,0.03187921,0.00144130,453.6850,488.3123,19.1740,3326.6927,118.8105,92324.9043,173.5000,453.6850,,187.1569,449.1765,499.085,831.8083,998.17,1449.8413,332.7233,-83.1808,2.222222,3.227776,1.010037,23,48,3,6,1.00000000,0.03603245,0.03603245,0E-8,0.000000,0.917652,0.000000,,2026-07-27,2026-07-28,2,56,36,2,1.000000,,1.000000,3.333333,,,,,,,,GLOBAL_BASELINE_NO_ENTITY_RANKING,,,NOT_APPLICABLE_GLOBAL_BASELINE,HF9g-P5,,,,X 全窗基线 · 不参与实体赏罚,14197621,1420,A168_HF9F_20260827_0900,2026-08-27 09:00:00
2026-07-28,153527777,1942,0,1580.4358675760,-914.9891864914,-914.9891864914,0.3333333,4,3,0.48398392121211821,0.422199016667,-0.5221368851968646,-0.3116355290860713,-0.5221368851968646,0.06178490454511821,ELIGIBLE,R03b_20260811_FULL_v1,L1_ELIGIBILITY,v2026-08-11,2026-03-21..2026-08-06,baccarat_bet02_101_all_pairs_incl_sentinel,round_win = game_pnl > 0 (decisive only),COMPATIBILITY_ONLY_NOT_PRODUCTION,184649.8087,169444.3520,6653.3855,407,347,-0.03603245,-0.03603245,,-0.03603245,-6653.3855,184649.8087,OK,0.0000,266.1354,4.0000,96.0000,AG03-UNRESOLVED,ALL5_LEVELS_bet23_to_bet27,266.1354,266.1354,266.1354,0.0000,0.0000,4.000000,4.000000,4.000000,0.000000,0.000000,96.000000,96.000000,96.000000,100.000000,100.000000,5.0,798.4063,766.8958,5854.9792,5886.4896,PENDING_AG03,FALSE,NOT_FOR_ENFORCEMENT,6387.2500,162666.5779,6653.3855,6387.2500,266.1354,0.03603245,0.03459115,266.1354,6387.2500,0.03459115,266.1354,266.1354,266.1354,0.0000,0.0000,6387.2500,0.03459115,798.4063,766.8958,5854.9792,5886.4896,0.03170856,0.03187921,0.00144130,453.6850,488.3123,19.1740,3326.6927,118.8105,92324.9043,173.5000,453.6850,,187.1569,449.1765,499.085,831.8083,998.17,1449.8413,332.7233,-83.1808,2.222222,3.227776,1.010037,23,48,3,6,1.00000000,0.03603245,0.03603245,0E-8,0.000000,0.917652,0.000000,,2026-07-27,2026-07-28,2,56,36,2,1.000000,,1.000000,3.333333,,,,,,,,GLOBAL_BASELINE_NO_ENTITY_RANKING,,,NOT_APPLICABLE_GLOBAL_BASELINE,HF9g-P5,,,,X 全窗基线 · 不参与实体赏罚,14197622,1420,A168_HF9F_20260827_0900,2026-08-27 09:00:00
2026-07-28,153527777,2071,0,249.5425054068,-249.5425054068,-249.5425054068,0E-7,1,1,0.49324550000000000,0.493245500000,-0.9865810262130424,-0.9865810262130424,-0.9865810262130424,0E-17,ELIGIBLE,R03b_20260811_FULL_v1,L1_ELIGIBILITY,v2026-08-11,2026-03-21..2026-08-06,baccarat_bet02_101_all_pairs_incl_sentinel,round_win = game_pnl > 0 (decisive only),COMPATIBILITY_ONLY_NOT_PRODUCTION,184649.8087,169444.3520,6653.3855,407,347,-0.03603245,-0.03603245,,-0.03603245,-6653.3855,184649.8087,OK,0.0000,266.1354,4.0000,96.0000,AG03-UNRESOLVED,ALL5_LEVELS_bet23_to_bet27,266.1354,266.1354,266.1354,0.0000,0.0000,4.000000,4.000000,4.000000,0.000000,0.000000,96.000000,96.000000,96.000000,100.000000,100.000000,5.0,798.4063,766.8958,5854.9792,5886.4896,PENDING_AG03,FALSE,NOT_FOR_ENFORCEMENT,6387.2500,162666.5779,6653.3855,6387.2500,266.1354,0.03603245,0.03459115,266.1354,6387.2500,0.03459115,266.1354,266.1354,266.1354,0.0000,0.0000,6387.2500,0.03459115,798.4063,766.8958,5854.9792,5886.4896,0.03170856,0.03187921,0.00144130,453.6850,488.3123,19.1740,3326.6927,118.8105,92324.9043,173.5000,453.6850,,187.1569,449.1765,499.085,831.8083,998.17,1449.8413,332.7233,-83.1808,2.222222,3.227776,1.010037,23,48,3,6,1.00000000,0.03603245,0.03603245,0E-8,0.000000,0.917652,0.000000,,2026-07-27,2026-07-28,2,56,36,2,1.000000,,1.000000,3.333333,,,,,,,,GLOBAL_BASELINE_NO_ENTITY_RANKING,,,NOT_APPLICABLE_GLOBAL_BASELINE,HF9g-P5,,,,X 全窗基线 · 不参与实体赏罚,14197623,1420,A168_HF9F_20260827_0900,2026-08-27 09:00:00
2026-07-28,153527777,2093,0,6587.9221427383,-1314.2571951424,-1314.2571951424,0.4545455,14,11,0.48712125910600945,0.448237277273,-0.2161551576787703,0.042069763269774456,-0.2161551576787703,0.03888398183300945,ELIGIBLE,R03b_20260811_FULL_v1,L1_ELIGIBILITY,v2026-08-11,2026-03-21..2026-08-06,baccarat_bet02_101_all_pairs_incl_sentinel,round_win = game_pnl > 0 (decisive only),COMPATIBILITY_ONLY_NOT_PRODUCTION,184649.8087,169444.3520,6653.3855,407,347,-0.03603245,-0.03603245,,-0.03603245,-6653.3855,184649.8087,OK,0.0000,266.1354,4.0000,96.0000,AG03-UNRESOLVED,ALL5_LEVELS_bet23_to_bet27,266.1354,266.1354,266.1354,0.0000,0.0000,4.000000,4.000000,4.000000,0.000000,0.000000,96.000000,96.000000,96.000000,100.000000,100.000000,5.0,798.4063,766.8958,5854.9792,5886.4896,PENDING_AG03,FALSE,NOT_FOR_ENFORCEMENT,6387.2500,162666.5779,6653.3855,6387.2500,266.1354,0.03603245,0.03459115,266.1354,6387.2500,0.03459115,266.1354,266.1354,266.1354,0.0000,0.0000,6387.2500,0.03459115,798.4063,766.8958,5854.9792,5886.4896,0.03170856,0.03187921,0.00144130,453.6850,488.3123,19.1740,3326.6927,118.8105,92324.9043,173.5000,453.6850,,187.1569,449.1765,499.085,831.8083,998.17,1449.8413,332.7233,-83.1808,2.222222,3.227776,1.010037,23,48,3,6,1.00000000,0.03603245,0.03603245,0E-8,0.000000,0.917652,0.000000,,2026-07-27,2026-07-28,2,56,36,2,1.000000,,1.000000,3.333333,,,,,,,,GLOBAL_BASELINE_NO_ENTITY_RANKING,,,NOT_APPLICABLE_GLOBAL_BASELINE,HF9g-P5,,,,X 全窗基线 · 不参与实体赏罚,14197624,1420,A168_HF9F_20260827_0900,2026-08-27 09:00:00
2026-07-28,153527777,2121,0,5157.2117784062,-2495.4250540675,-2495.4250540675,0.2000000,6,6,0.49547970000000000,0.495479700000,-1.3214793953192199,-1.3214793953192199,-1.3214793953192199,0E-17,ELIGIBLE,R03b_20260811_FULL_v1,L1_ELIGIBILITY,v2026-08-11,2026-03-21..2026-08-06,baccarat_bet02_101_all_pairs_incl_sentinel,round_win = game_pnl > 0 (decisive only),COMPATIBILITY_ONLY_NOT_PRODUCTION,184649.8087,169444.3520,6653.3855,407,347,-0.03603245,-0.03603245,,-0.03603245,-6653.3855,184649.8087,OK,0.0000,266.1354,4.0000,96.0000,AG03-UNRESOLVED,ALL5_LEVELS_bet23_to_bet27,266.1354,266.1354,266.1354,0.0000,0.0000,4.000000,4.000000,4.000000,0.000000,0.000000,96.000000,96.000000,96.000000,100.000000,100.000000,5.0,798.4063,766.8958,5854.9792,5886.4896,PENDING_AG03,FALSE,NOT_FOR_ENFORCEMENT,6387.2500,162666.5779,6653.3855,6387.2500,266.1354,0.03603245,0.03459115,266.1354,6387.2500,0.03459115,266.1354,266.1354,266.1354,0.0000,0.0000,6387.2500,0.03459115,798.4063,766.8958,5854.9792,5886.4896,0.03170856,0.03187921,0.00144130,453.6850,488.3123,19.1740,3326.6927,118.8105,92324.9043,173.5000,453.6850,,187.1569,449.1765,499.085,831.8083,998.17,1449.8413,332.7233,-83.1808,2.222222,3.227776,1.010037,23,48,3,6,1.00000000,0.03603245,0.03603245,0E-8,0.000000,0.917652,0.000000,,2026-07-27,2026-07-28,2,56,36,2,1.000000,,1.000000,3.333333,,,,,,,,GLOBAL_BASELINE_NO_ENTITY_RANKING,,,NOT_APPLICABLE_GLOBAL_BASELINE,HF9g-P5,,,,X 全窗基线 · 不参与实体赏罚,14197625,1420,A168_HF9F_20260827_0900,2026-08-27 09:00:00
2026-07-28,153527777,2134,0,3743.1375811012,2582.7649309599,2582.7649309599,0.8333333,6,6,0.50665070000000000,0.506650700000,1.6005531159783741,1.6005531159783741,1.6005531159783741,0E-17,ELIGIBLE,R03b_20260811_FULL_v1,L1_ELIGIBILITY,v2026-08-11,2026-03-21..2026-08-06,baccarat_bet02_101_all_pairs_incl_sentinel,round_win = game_pnl > 0 (decisive only),COMPATIBILITY_ONLY_NOT_PRODUCTION,184649.8087,169444.3520,6653.3855,407,347,-0.03603245,-0.03603245,,-0.03603245,-6653.3855,184649.8087,OK,0.0000,266.1354,4.0000,96.0000,AG03-UNRESOLVED,ALL5_LEVELS_bet23_to_bet27,266.1354,266.1354,266.1354,0.0000,0.0000,4.000000,4.000000,4.000000,0.000000,0.000000,96.000000,96.000000,96.000000,100.000000,100.000000,5.0,798.4063,766.8958,5854.9792,5886.4896,PENDING_AG03,FALSE,NOT_FOR_ENFORCEMENT,6387.2500,162666.5779,6653.3855,6387.2500,266.1354,0.03603245,0.03459115,266.1354,6387.2500,0.03459115,266.1354,266.1354,266.1354,0.0000,0.0000,6387.2500,0.03459115,798.4063,766.8958,5854.9792,5886.4896,0.03170856,0.03187921,0.00144130,453.6850,488.3123,19.1740,3326.6927,118.8105,92324.9043,173.5000,453.6850,,187.1569,449.1765,499.085,831.8083,998.17,1449.8413,332.7233,-83.1808,2.222222,3.227776,1.010037,23,48,3,6,1.00000000,0.03603245,0.03603245,0E-8,0.000000,0.917652,0.000000,,2026-07-27,2026-07-28,2,56,36,2,1.000000,,1.000000,3.333333,,,,,,,,GLOBAL_BASELINE_NO_ENTITY_RANKING,,,NOT_APPLICABLE_GLOBAL_BASELINE,HF9g-P5,,,,X 全窗基线 · 不参与实体赏罚,14197626,1420,A168_HF9F_20260827_0900,2026-08-27 09:00:00
2026-07-28,153527777,2145,0,3160.8717351520,1131.2593578440,1131.2593578440,0.5714286,7,7,0.49899058571428571,0.498990585714,0.38330657246501415,0.3833065724665265,0.38330657246501415,2.8571E-13,ELIGIBLE,R03b_20260811_FULL_v1,L1_ELIGIBILITY,v2026-08-11,2026-03-21..2026-08-06,baccarat_bet02_101_all_pairs_incl_sentinel,round_win = game_pnl > 0 (decisive only),COMPATIBILITY_ONLY_NOT_PRODUCTION,184649.8087,169444.3520,6653.3855,407,347,-0.03603245,-0.03603245,,-0.03603245,-6653.3855,184649.8087,OK,0.0000,266.1354,4.0000,96.0000,AG03-UNRESOLVED,ALL5_LEVELS_bet23_to_bet27,266.1354,266.1354,266.1354,0.0000,0.0000,4.000000,4.000000,4.000000,0.000000,0.000000,96.000000,96.000000,96.000000,100.000000,100.000000,5.0,798.4063,766.8958,5854.9792,5886.4896,PENDING_AG03,FALSE,NOT_FOR_ENFORCEMENT,6387.2500,162666.5779,6653.3855,6387.2500,266.1354,0.03603245,0.03459115,266.1354,6387.2500,0.03459115,266.1354,266.1354,266.1354,0.0000,0.0000,6387.2500,0.03459115,798.4063,766.8958,5854.9792,5886.4896,0.03170856,0.03187921,0.00144130,453.6850,488.3123,19.1740,3326.6927,118.8105,92324.9043,173.5000,453.6850,,187.1569,449.1765,499.085,831.8083,998.17,1449.8413,332.7233,-83.1808,2.222222,3.227776,1.010037,23,48,3,6,1.00000000,0.03603245,0.03603245,0E-8,0.000000,0.917652,0.000000,,2026-07-27,2026-07-28,2,56,36,2,1.000000,,1.000000,3.333333,,,,,,,,GLOBAL_BASELINE_NO_ENTITY_RANKING,,,NOT_APPLICABLE_GLOBAL_BASELINE,HF9g-P5,,,,X 全窗基线 · 不参与实体赏罚,14197627,1420,A168_HF9F_20260827_0900,2026-08-27 09:00:00
2026-07-28,153527777,2152,0,4924.3054400267,-432.5403427051,-432.5403427051,0.4000000,11,5,0.47021427437562101,0.328467515000,-0.31456643711301524,0.34057172500512833,-0.31456643711301524,0.14174675937562101,ELIGIBLE,R03b_20260811_FULL_v1,L1_ELIGIBILITY,v2026-08-11,2026-03-21..2026-08-06,baccarat_bet02_101_all_pairs_incl_sentinel,round_win = game_pnl > 0 (decisive only),COMPATIBILITY_ONLY_NOT_PRODUCTION,184649.8087,169444.3520,6653.3855,407,347,-0.03603245,-0.03603245,,-0.03603245,-6653.3855,184649.8087,OK,0.0000,266.1354,4.0000,96.0000,AG03-UNRESOLVED,ALL5_LEVELS_bet23_to_bet27,266.1354,266.1354,266.1354,0.0000,0.0000,4.000000,4.000000,4.000000,0.000000,0.000000,96.000000,96.000000,96.000000,100.000000,100.000000,5.0,798.4063,766.8958,5854.9792,5886.4896,PENDING_AG03,FALSE,NOT_FOR_ENFORCEMENT,6387.2500,162666.5779,6653.3855,6387.2500,266.1354,0.03603245,0.03459115,266.1354,6387.2500,0.03459115,266.1354,266.1354,266.1354,0.0000,0.0000,6387.2500,0.03459115,798.4063,766.8958,5854.9792,5886.4896,0.03170856,0.03187921,0.00144130,453.6850,488.3123,19.1740,3326.6927,118.8105,92324.9043,173.5000,453.6850,,187.1569,449.1765,499.085,831.8083,998.17,1449.8413,332.7233,-83.1808,2.222222,3.227776,1.010037,23,48,3,6,1.00000000,0.03603245,0.03603245,0E-8,0.000000,0.917652,0.000000,,2026-07-27,2026-07-28,2,56,36,2,1.000000,,1.000000,3.333333,,,,,,,,GLOBAL_BASELINE_NO_ENTITY_RANKING,,,NOT_APPLICABLE_GLOBAL_BASELINE,HF9g-P5,,,,X 全窗基线 · 不参与实体赏罚,14197628,1420,A168_HF9F_20260827_0900,2026-08-27 09:00:00
2026-07-28,153527777,2156,0,2495.4250540675,-1330.8933621694,-1330.8933621694,0.3333333,5,4,0.48243775937499787,0.439960637500,-0.5168317967039069,-0.37205990335676903,-0.5168317967039069,0.04247712187499787,ELIGIBLE,R03b_20260811_FULL_v1,L1_ELIGIBILITY,v2026-08-11,2026-03-21..2026-08-06,baccarat_bet02_101_all_pairs_incl_sentinel,round_win = game_pnl > 0 (decisive only),COMPATIBILITY_ONLY_NOT_PRODUCTION,184649.8087,169444.3520,6653.3855,407,347,-0.03603245,-0.03603245,,-0.03603245,-6653.3855,184649.8087,OK,0.0000,266.1354,4.0000,96.0000,AG03-UNRESOLVED,ALL5_LEVELS_bet23_to_bet27,266.1354,266.1354,266.1354,0.0000,0.0000,4.000000,4.000000,4.000000,0.000000,0.000000,96.000000,96.000000,96.000000,100.000000,100.000000,5.0,798.4063,766.8958,5854.9792,5886.4896,PENDING_AG03,FALSE,NOT_FOR_ENFORCEMENT,6387.2500,162666.5779,6653.3855,6387.2500,266.1354,0.03603245,0.03459115,266.1354,6387.2500,0.03459115,266.1354,266.1354,266.1354,0.0000,0.0000,6387.2500,0.03459115,798.4063,766.8958,5854.9792,5886.4896,0.03170856,0.03187921,0.00144130,453.6850,488.3123,19.1740,3326.6927,118.8105,92324.9043,173.5000,453.6850,,187.1569,449.1765,499.085,831.8083,998.17,1449.8413,332.7233,-83.1808,2.222222,3.227776,1.010037,23,48,3,6,1.00000000,0.03603245,0.03603245,0E-8,0.000000,0.917652,0.000000,,2026-07-27,2026-07-28,2,56,36,2,1.000000,,1.000000,3.333333,,,,,,,,GLOBAL_BASELINE_NO_ENTITY_RANKING,,,NOT_APPLICABLE_GLOBAL_BASELINE,HF9g-P5,,,,X 全窗基线 · 不参与实体赏罚,14197629,1420,A168_HF9F_20260827_0900,2026-08-27 09:00:00
2026-07-28,153527777,2169,0,18349.6922309100,2819.8303110960,2819.8303110960,0.5454545,54,22,0.43199270274572751,0.280743135985,1.074350548815274,2.763041576183865,1.074350548815274,0.15124956676072751,ELIGIBLE,R03b_20260811_FULL_v1,L1_ELIGIBILITY,v2026-08-11,2026-03-21..2026-08-06,baccarat_bet02_101_all_pairs_incl_sentinel,round_win = game_pnl > 0 (decisive only),COMPATIBILITY_ONLY_NOT_PRODUCTION,184649.8087,169444.3520,6653.3855,407,347,-0.03603245,-0.03603245,,-0.03603245,-6653.3855,184649.8087,OK,0.0000,266.1354,4.0000,96.0000,AG03-UNRESOLVED,ALL5_LEVELS_bet23_to_bet27,266.1354,266.1354,266.1354,0.0000,0.0000,4.000000,4.000000,4.000000,0.000000,0.000000,96.000000,96.000000,96.000000,100.000000,100.000000,5.0,798.4063,766.8958,5854.9792,5886.4896,PENDING_AG03,FALSE,NOT_FOR_ENFORCEMENT,6387.2500,162666.5779,6653.3855,6387.2500,266.1354,0.03603245,0.03459115,266.1354,6387.2500,0.03459115,266.1354,266.1354,266.1354,0.0000,0.0000,6387.2500,0.03459115,798.4063,766.8958,5854.9792,5886.4896,0.03170856,0.03187921,0.00144130,453.6850,488.3123,19.1740,3326.6927,118.8105,92324.9043,173.5000,453.6850,,187.1569,449.1765,499.085,831.8083,998.17,1449.8413,332.7233,-83.1808,2.222222,3.227776,1.010037,23,48,3,6,1.00000000,0.03603245,0.03603245,0E-8,0.000000,0.917652,0.000000,,2026-07-27,2026-07-28,2,56,36,2,1.000000,,1.000000,3.333333,,,,,,,,GLOBAL_BASELINE_NO_ENTITY_RANKING,,,NOT_APPLICABLE_GLOBAL_BASELINE,HF9g-P5,,,,X 全窗基线 · 不参与实体赏罚,14197630,1420,A168_HF9F_20260827_0900,2026-08-27 09:00:00
2026-07-28,153527777,2170,0,499.0850108135,-499.0850108135,-499.0850108135,0E-7,1,1,0.50665070000000000,0.506650700000,-1.013391052207602,-1.013391052207602,-1.013391052207602,0E-17,ELIGIBLE,R03b_20260811_FULL_v1,L1_ELIGIBILITY,v2026-08-11,2026-03-21..2026-08-06,baccarat_bet02_101_all_pairs_incl_sentinel,round_win = game_pnl > 0 (decisive only),COMPATIBILITY_ONLY_NOT_PRODUCTION,184649.8087,169444.3520,6653.3855,407,347,-0.03603245,-0.03603245,,-0.03603245,-6653.3855,184649.8087,OK,0.0000,266.1354,4.0000,96.0000,AG03-UNRESOLVED,ALL5_LEVELS_bet23_to_bet27,266.1354,266.1354,266.1354,0.0000,0.0000,4.000000,4.000000,4.000000,0.000000,0.000000,96.000000,96.000000,96.000000,100.000000,100.000000,5.0,798.4063,766.8958,5854.9792,5886.4896,PENDING_AG03,FALSE,NOT_FOR_ENFORCEMENT,6387.2500,162666.5779,6653.3855,6387.2500,266.1354,0.03603245,0.03459115,266.1354,6387.2500,0.03459115,266.1354,266.1354,266.1354,0.0000,0.0000,6387.2500,0.03459115,798.4063,766.8958,5854.9792,5886.4896,0.03170856,0.03187921,0.00144130,453.6850,488.3123,19.1740,3326.6927,118.8105,92324.9043,173.5000,453.6850,,187.1569,449.1765,499.085,831.8083,998.17,1449.8413,332.7233,-83.1808,2.222222,3.227776,1.010037,23,48,3,6,1.00000000,0.03603245,0.03603245,0E-8,0.000000,0.917652,0.000000,,2026-07-27,2026-07-28,2,56,36,2,1.000000,,1.000000,3.333333,,,,,,,,GLOBAL_BASELINE_NO_ENTITY_RANKING,,,NOT_APPLICABLE_GLOBAL_BASELINE,HF9g-P5,,,,X 全窗基线 · 不参与实体赏罚,14197631,1420,A168_HF9F_20260827_0900,2026-08-27 09:00:00
2026-07-28,153527777,2196,0,1081.3508567626,-1081.3508567626,-1081.3508567626,0E-7,2,2,0.50665070000000000,0.506650700000,-1.4331513700195317,-1.4331513700195317,-1.4331513700195317,0E-17,ELIGIBLE,R03b_20260811_FULL_v1,L1_ELIGIBILITY,v2026-08-11,2026-03-21..2026-08-06,baccarat_bet02_101_all_pairs_incl_sentinel,round_win = game_pnl > 0 (decisive only),COMPATIBILITY_ONLY_NOT_PRODUCTION,184649.8087,169444.3520,6653.3855,407,347,-0.03603245,-0.03603245,,-0.03603245,-6653.3855,184649.8087,OK,0.0000,266.1354,4.0000,96.0000,AG03-UNRESOLVED,ALL5_LEVELS_bet23_to_bet27,266.1354,266.1354,266.1354,0.0000,0.0000,4.000000,4.000000,4.000000,0.000000,0.000000,96.000000,96.000000,96.000000,100.000000,100.000000,5.0,798.4063,766.8958,5854.9792,5886.4896,PENDING_AG03,FALSE,NOT_FOR_ENFORCEMENT,6387.2500,162666.5779,6653.3855,6387.2500,266.1354,0.03603245,0.03459115,266.1354,6387.2500,0.03459115,266.1354,266.1354,266.1354,0.0000,0.0000,6387.2500,0.03459115,798.4063,766.8958,5854.9792,5886.4896,0.03170856,0.03187921,0.00144130,453.6850,488.3123,19.1740,3326.6927,118.8105,92324.9043,173.5000,453.6850,,187.1569,449.1765,499.085,831.8083,998.17,1449.8413,332.7233,-83.1808,2.222222,3.227776,1.010037,23,48,3,6,1.00000000,0.03603245,0.03603245,0E-8,0.000000,0.917652,0.000000,,2026-07-27,2026-07-28,2,56,36,2,1.000000,,1.000000,3.333333,,,,,,,,GLOBAL_BASELINE_NO_ENTITY_RANKING,,,NOT_APPLICABLE_GLOBAL_BASELINE,HF9g-P5,,,,X 全窗基线 · 不参与实体赏罚,14197632,1420,A168_HF9F_20260827_0900,2026-08-27 09:00:00
2026-07-28,153527777,2216,0,3327.2334054233,274.4967559475,274.4967559475,0.5000000,8,8,0.49827245000000000,0.498272450000,0.009772556889889069,0.009772556889889069,0.009772556889889069,0E-17,ELIGIBLE,R03b_20260811_FULL_v1,L1_ELIGIBILITY,v2026-08-11,2026-03-21..2026-08-06,baccarat_bet02_101_all_pairs_incl_sentinel,round_win = game_pnl > 0 (decisive only),COMPATIBILITY_ONLY_NOT_PRODUCTION,184649.8087,169444.3520,6653.3855,407,347,-0.03603245,-0.03603245,,-0.03603245,-6653.3855,184649.8087,OK,0.0000,266.1354,4.0000,96.0000,AG03-UNRESOLVED,ALL5_LEVELS_bet23_to_bet27,266.1354,266.1354,266.1354,0.0000,0.0000,4.000000,4.000000,4.000000,0.000000,0.000000,96.000000,96.000000,96.000000,100.000000,100.000000,5.0,798.4063,766.8958,5854.9792,5886.4896,PENDING_AG03,FALSE,NOT_FOR_ENFORCEMENT,6387.2500,162666.5779,6653.3855,6387.2500,266.1354,0.03603245,0.03459115,266.1354,6387.2500,0.03459115,266.1354,266.1354,266.1354,0.0000,0.0000,6387.2500,0.03459115,798.4063,766.8958,5854.9792,5886.4896,0.03170856,0.03187921,0.00144130,453.6850,488.3123,19.1740,3326.6927,118.8105,92324.9043,173.5000,453.6850,,187.1569,449.1765,499.085,831.8083,998.17,1449.8413,332.7233,-83.1808,2.222222,3.227776,1.010037,23,48,3,6,1.00000000,0.03603245,0.03603245,0E-8,0.000000,0.917652,0.000000,,2026-07-27,2026-07-28,2,56,36,2,1.000000,,1.000000,3.333333,,,,,,,,GLOBAL_BASELINE_NO_ENTITY_RANKING,,,NOT_APPLICABLE_GLOBAL_BASELINE,HF9g-P5,,,,X 全窗基线 · 不参与实体赏罚,14197633,1420,A168_HF9F_20260827_0900,2026-08-27 09:00:00
2026-07-28,153527777,2250,0,1996.3400432540,0E-10,0E-10,0.5000000,4,4,0.49324550000000000,0.493245500000,0.01910635448239258,0.01910635448239258,0.01910635448239258,0E-17,ELIGIBLE,R03b_20260811_FULL_v1,L1_ELIGIBILITY,v2026-08-11,2026-03-21..2026-08-06,baccarat_bet02_101_all_pairs_incl_sentinel,round_win = game_pnl > 0 (decisive only),COMPATIBILITY_ONLY_NOT_PRODUCTION,184649.8087,169444.3520,6653.3855,407,347,-0.03603245,-0.03603245,,-0.03603245,-6653.3855,184649.8087,OK,0.0000,266.1354,4.0000,96.0000,AG03-UNRESOLVED,ALL5_LEVELS_bet23_to_bet27,266.1354,266.1354,266.1354,0.0000,0.0000,4.000000,4.000000,4.000000,0.000000,0.000000,96.000000,96.000000,96.000000,100.000000,100.000000,5.0,798.4063,766.8958,5854.9792,5886.4896,PENDING_AG03,FALSE,NOT_FOR_ENFORCEMENT,6387.2500,162666.5779,6653.3855,6387.2500,266.1354,0.03603245,0.03459115,266.1354,6387.2500,0.03459115,266.1354,266.1354,266.1354,0.0000,0.0000,6387.2500,0.03459115,798.4063,766.8958,5854.9792,5886.4896,0.03170856,0.03187921,0.00144130,453.6850,488.3123,19.1740,3326.6927,118.8105,92324.9043,173.5000,453.6850,,187.1569,449.1765,499.085,831.8083,998.17,1449.8413,332.7233,-83.1808,2.222222,3.227776,1.010037,23,48,3,6,1.00000000,0.03603245,0.03603245,0E-8,0.000000,0.917652,0.000000,,2026-07-27,2026-07-28,2,56,36,2,1.000000,,1.000000,3.333333,,,,,,,,GLOBAL_BASELINE_NO_ENTITY_RANKING,,,NOT_APPLICABLE_GLOBAL_BASELINE,HF9g-P5,,,,X 全窗基线 · 不参与实体赏罚,14197634,1420,A168_HF9F_20260827_0900,2026-08-27 09:00:00
2026-07-28,153527777,2287,0,499.0850108135,-499.0850108135,-499.0850108135,0E-7,1,1,0.49324550000000000,0.493245500000,-0.9865810262130424,-0.9865810262130424,-0.9865810262130424,0E-17,ELIGIBLE,R03b_20260811_FULL_v1,L1_ELIGIBILITY,v2026-08-11,2026-03-21..2026-08-06,baccarat_bet02_101_all_pairs_incl_sentinel,round_win = game_pnl > 0 (decisive only),COMPATIBILITY_ONLY_NOT_PRODUCTION,184649.8087,169444.3520,6653.3855,407,347,-0.03603245,-0.03603245,,-0.03603245,-6653.3855,184649.8087,OK,0.0000,266.1354,4.0000,96.0000,AG03-UNRESOLVED,ALL5_LEVELS_bet23_to_bet27,266.1354,266.1354,266.1354,0.0000,0.0000,4.000000,4.000000,4.000000,0.000000,0.000000,96.000000,96.000000,96.000000,100.000000,100.000000,5.0,798.4063,766.8958,5854.9792,5886.4896,PENDING_AG03,FALSE,NOT_FOR_ENFORCEMENT,6387.2500,162666.5779,6653.3855,6387.2500,266.1354,0.03603245,0.03459115,266.1354,6387.2500,0.03459115,266.1354,266.1354,266.1354,0.0000,0.0000,6387.2500,0.03459115,798.4063,766.8958,5854.9792,5886.4896,0.03170856,0.03187921,0.00144130,453.6850,488.3123,19.1740,3326.6927,118.8105,92324.9043,173.5000,453.6850,,187.1569,449.1765,499.085,831.8083,998.17,1449.8413,332.7233,-83.1808,2.222222,3.227776,1.010037,23,48,3,6,1.00000000,0.03603245,0.03603245,0E-8,0.000000,0.917652,0.000000,,2026-07-27,2026-07-28,2,56,36,2,1.000000,,1.000000,3.333333,,,,,,,,GLOBAL_BASELINE_NO_ENTITY_RANKING,,,NOT_APPLICABLE_GLOBAL_BASELINE,HF9g-P5,,,,X 全窗基线 · 不参与实体赏罚,14197635,1420,A168_HF9F_20260827_0900,2026-08-27 09:00:00
2026-07-28,153527777,2289,0,332.7233405423,-332.7233405423,-332.7233405423,0E-7,1,1,0.50665070000000000,0.506650700000,-1.013391052207602,-1.013391052207602,-1.013391052207602,0E-17,ELIGIBLE,R03b_20260811_FULL_v1,L1_ELIGIBILITY,v2026-08-11,2026-03-21..2026-08-06,baccarat_bet02_101_all_pairs_incl_sentinel,round_win = game_pnl > 0 (decisive only),COMPATIBILITY_ONLY_NOT_PRODUCTION,184649.8087,169444.3520,6653.3855,407,347,-0.03603245,-0.03603245,,-0.03603245,-6653.3855,184649.8087,OK,0.0000,266.1354,4.0000,96.0000,AG03-UNRESOLVED,ALL5_LEVELS_bet23_to_bet27,266.1354,266.1354,266.1354,0.0000,0.0000,4.000000,4.000000,4.000000,0.000000,0.000000,96.000000,96.000000,96.000000,100.000000,100.000000,5.0,798.4063,766.8958,5854.9792,5886.4896,PENDING_AG03,FALSE,NOT_FOR_ENFORCEMENT,6387.2500,162666.5779,6653.3855,6387.2500,266.1354,0.03603245,0.03459115,266.1354,6387.2500,0.03459115,266.1354,266.1354,266.1354,0.0000,0.0000,6387.2500,0.03459115,798.4063,766.8958,5854.9792,5886.4896,0.03170856,0.03187921,0.00144130,453.6850,488.3123,19.1740,3326.6927,118.8105,92324.9043,173.5000,453.6850,,187.1569,449.1765,499.085,831.8083,998.17,1449.8413,332.7233,-83.1808,2.222222,3.227776,1.010037,23,48,3,6,1.00000000,0.03603245,0.03603245,0E-8,0.000000,0.917652,0.000000,,2026-07-27,2026-07-28,2,56,36,2,1.000000,,1.000000,3.333333,,,,,,,,GLOBAL_BASELINE_NO_ENTITY_RANKING,,,NOT_APPLICABLE_GLOBAL_BASELINE,HF9g-P5,,,,X 全窗基线 · 不参与实体赏罚,14197636,1420,A168_HF9F_20260827_0900,2026-08-27 09:00:00
2026-07-28,153527777,763,0,1164.5316918981,-1164.5316918981,-1164.5316918981,0E-7,2,2,0.49994810000000000,0.499948100000,-1.4140667746232096,-1.4140667746232096,-1.4140667746232096,0E-17,ELIGIBLE,R03b_20260811_FULL_v1,L1_ELIGIBILITY,v2026-08-11,2026-03-21..2026-08-06,baccarat_bet02_101_all_pairs_incl_sentinel,round_win = game_pnl > 0 (decisive only),COMPATIBILITY_ONLY_NOT_PRODUCTION,184649.8087,169444.3520,6653.3855,407,347,-0.03603245,-0.03603245,,-0.03603245,-6653.3855,184649.8087,OK,0.0000,266.1354,4.0000,96.0000,AG03-UNRESOLVED,ALL5_LEVELS_bet23_to_bet27,266.1354,266.1354,266.1354,0.0000,0.0000,4.000000,4.000000,4.000000,0.000000,0.000000,96.000000,96.000000,96.000000,100.000000,100.000000,5.0,798.4063,766.8958,5854.9792,5886.4896,PENDING_AG03,FALSE,NOT_FOR_ENFORCEMENT,6387.2500,162666.5779,6653.3855,6387.2500,266.1354,0.03603245,0.03459115,266.1354,6387.2500,0.03459115,266.1354,266.1354,266.1354,0.0000,0.0000,6387.2500,0.03459115,798.4063,766.8958,5854.9792,5886.4896,0.03170856,0.03187921,0.00144130,453.6850,488.3123,19.1740,3326.6927,118.8105,92324.9043,173.5000,453.6850,,187.1569,449.1765,499.085,831.8083,998.17,1449.8413,332.7233,-83.1808,2.222222,3.227776,1.010037,23,48,3,6,1.00000000,0.03603245,0.03603245,0E-8,0.000000,0.917652,0.000000,,2026-07-27,2026-07-28,2,56,36,2,1.000000,,1.000000,3.333333,,,,,,,,GLOBAL_BASELINE_NO_ENTITY_RANKING,,,NOT_APPLICABLE_GLOBAL_BASELINE,HF9g-P5,,,,X 全窗基线 · 不参与实体赏罚,14197637,1420,A168_HF9F_20260827_0900,2026-08-27 09:00:00
2026-07-28,153527777,925,0,665.4466810846,-665.4466810846,-665.4466810846,0E-7,2,2,0.49324550000000000,0.493245500000,-1.3952362676504506,-1.3952362676504506,-1.3952362676504506,0E-17,ELIGIBLE,R03b_20260811_FULL_v1,L1_ELIGIBILITY,v2026-08-11,2026-03-21..2026-08-06,baccarat_bet02_101_all_pairs_incl_sentinel,round_win = game_pnl > 0 (decisive only),COMPATIBILITY_ONLY_NOT_PRODUCTION,184649.8087,169444.3520,6653.3855,407,347,-0.03603245,-0.03603245,,-0.03603245,-6653.3855,184649.8087,OK,0.0000,266.1354,4.0000,96.0000,AG03-UNRESOLVED,ALL5_LEVELS_bet23_to_bet27,266.1354,266.1354,266.1354,0.0000,0.0000,4.000000,4.000000,4.000000,0.000000,0.000000,96.000000,96.000000,96.000000,100.000000,100.000000,5.0,798.4063,766.8958,5854.9792,5886.4896,PENDING_AG03,FALSE,NOT_FOR_ENFORCEMENT,6387.2500,162666.5779,6653.3855,6387.2500,266.1354,0.03603245,0.03459115,266.1354,6387.2500,0.03459115,266.1354,266.1354,266.1354,0.0000,0.0000,6387.2500,0.03459115,798.4063,766.8958,5854.9792,5886.4896,0.03170856,0.03187921,0.00144130,453.6850,488.3123,19.1740,3326.6927,118.8105,92324.9043,173.5000,453.6850,,187.1569,449.1765,499.085,831.8083,998.17,1449.8413,332.7233,-83.1808,2.222222,3.227776,1.010037,23,48,3,6,1.00000000,0.03603245,0.03603245,0E-8,0.000000,0.917652,0.000000,,2026-07-27,2026-07-28,2,56,36,2,1.000000,,1.000000,3.333333,,,,,,,,GLOBAL_BASELINE_NO_ENTITY_RANKING,,,NOT_APPLICABLE_GLOBAL_BASELINE,HF9g-P5,,,,X 全窗基线 · 不参与实体赏罚,14197638,1420,A168_HF9F_20260827_0900,2026-08-27 09:00:00
2026-07-28,153527777,994,0,5395.1089668939,-2190.7336549659,-2190.7336549659,0.4285714,8,7,0.49156775969855697,0.466627064286,-0.33339266493679703,-0.20182155664914966,-0.33339266493679703,0.02494069541255697,ELIGIBLE,R03b_20260811_FULL_v1,L1_ELIGIBILITY,v2026-08-11,2026-03-21..2026-08-06,baccarat_bet02_101_all_pairs_incl_sentinel,round_win = game_pnl > 0 (decisive only),COMPATIBILITY_ONLY_NOT_PRODUCTION,184649.8087,169444.3520,6653.3855,407,347,-0.03603245,-0.03603245,,-0.03603245,-6653.3855,184649.8087,OK,0.0000,266.1354,4.0000,96.0000,AG03-UNRESOLVED,ALL5_LEVELS_bet23_to_bet27,266.1354,266.1354,266.1354,0.0000,0.0000,4.000000,4.000000,4.000000,0.000000,0.000000,96.000000,96.000000,96.000000,100.000000,100.000000,5.0,798.4063,766.8958,5854.9792,5886.4896,PENDING_AG03,FALSE,NOT_FOR_ENFORCEMENT,6387.2500,162666.5779,6653.3855,6387.2500,266.1354,0.03603245,0.03459115,266.1354,6387.2500,0.03459115,266.1354,266.1354,266.1354,0.0000,0.0000,6387.2500,0.03459115,798.4063,766.8958,5854.9792,5886.4896,0.03170856,0.03187921,0.00144130,453.6850,488.3123,19.1740,3326.6927,118.8105,92324.9043,173.5000,453.6850,,187.1569,449.1765,499.085,831.8083,998.17,1449.8413,332.7233,-83.1808,2.222222,3.227776,1.010037,23,48,3,6,1.00000000,0.03603245,0.03603245,0E-8,0.000000,0.917652,0.000000,,2026-07-27,2026-07-28,2,56,36,2,1.000000,,1.000000,3.333333,,,,,,,,GLOBAL_BASELINE_NO_ENTITY_RANKING,,,NOT_APPLICABLE_GLOBAL_BASELINE,HF9g-P5,,,,X 全窗基线 · 不参与实体赏罚,14197639,1420,A168_HF9F_20260827_0900,2026-08-27 09:00:00
2026-07-25,153434078,1680,0,5623.0244551654,1147.8955248711,1147.8955248711,0.5000000,24,4,0.37197488011136911,0.133329550000,0.5297608656749094,2.1573256442699185,0.5297608656749094,0.23864533011136911,ELIGIBLE,R03b_20260811_FULL_v1,L1_ELIGIBILITY,v2026-08-11,2026-03-21..2026-08-06,baccarat_bet02_101_all_pairs_incl_sentinel,round_win = game_pnl > 0 (decisive only),COMPATIBILITY_ONLY_NOT_PRODUCTION,52656.7959,48897.0221,6653.6350,256,46,-0.12635852,-0.12635852,,-0.12635852,-6653.6350,52656.7959,OK,0.0000,266.1454,4.0000,96.0000,AG03-UNRESOLVED,ALL5_LEVELS_bet23_to_bet27,266.1454,266.1454,266.1454,0.0000,0.0000,4.000000,4.000000,4.000000,0.000000,0.000000,96.000000,96.000000,96.000000,100.000000,100.000000,5.0,798.4362,766.9246,5855.1988,5886.7104,PENDING_AG03,FALSE,NOT_FOR_ENFORCEMENT,6387.4896,46941.1412,6653.6350,6387.4896,266.1454,0.12635852,0.12130418,266.1454,6387.4896,0.12130418,266.1454,266.1454,266.1454,0.0000,0.0000,6387.4896,0.12130418,798.4362,766.9246,5855.1988,5886.7104,0.11119550,0.11179394,0.00505434,205.6906,1062.9787,144.6442,6653.6350,1663.4088,52656.7959,46.0000,205.6906,,83.1808,83.1808,166.3617,665.4467,921.6436,1164.5317,83.1808,-83.1808,11.079999,14.000001,2.472813,4,5,1,7,1.00000000,0.12635852,0.12635852,0E-8,0.000000,0.928599,0.000000,,2026-07-25,2026-07-25,1,4,4,1,1.000000,,1.000000,3.333333,,,,,,,,GLOBAL_BASELINE_NO_ENTITY_RANKING,,,NOT_APPLICABLE_GLOBAL_BASELINE,HF9g-P5,,,,X 全窗基线 · 不参与实体赏罚,14197640,1420,A168_HF9F_20260827_0900,2026-08-27 09:00:00
2026-07-25,153434078,1941,0,24238.8953585094,2158.5426717682,2158.5426717682,0.6363636,123,23,0.34704381745563612,0.158673840145,2.850725167289513,6.132286576648064,2.850725167289513,0.18836997731063612,ELIGIBLE,R03b_20260811_FULL_v1,L1_ELIGIBILITY,v2026-08-11,2026-03-21..2026-08-06,baccarat_bet02_101_all_pairs_incl_sentinel,round_win = game_pnl > 0 (decisive only),COMPATIBILITY_ONLY_NOT_PRODUCTION,52656.7959,48897.0221,6653.6350,256,46,-0.12635852,-0.12635852,,-0.12635852,-6653.6350,52656.7959,OK,0.0000,266.1454,4.0000,96.0000,AG03-UNRESOLVED,ALL5_LEVELS_bet23_to_bet27,266.1454,266.1454,266.1454,0.0000,0.0000,4.000000,4.000000,4.000000,0.000000,0.000000,96.000000,96.000000,96.000000,100.000000,100.000000,5.0,798.4362,766.9246,5855.1988,5886.7104,PENDING_AG03,FALSE,NOT_FOR_ENFORCEMENT,6387.4896,46941.1412,6653.6350,6387.4896,266.1454,0.12635852,0.12130418,266.1454,6387.4896,0.12130418,266.1454,266.1454,266.1454,0.0000,0.0000,6387.4896,0.12130418,798.4362,766.9246,5855.1988,5886.7104,0.11119550,0.11179394,0.00505434,205.6906,1062.9787,144.6442,6653.6350,1663.4088,52656.7959,46.0000,205.6906,,83.1808,83.1808,166.3617,665.4467,921.6436,1164.5317,83.1808,-83.1808,11.079999,14.000001,2.472813,4,5,1,7,1.00000000,0.12635852,0.12635852,0E-8,0.000000,0.928599,0.000000,,2026-07-25,2026-07-25,1,4,4,1,1.000000,,1.000000,3.333333,,,,,,,,GLOBAL_BASELINE_NO_ENTITY_RANKING,,,NOT_APPLICABLE_GLOBAL_BASELINE,HF9g-P5,,,,X 全窗基线 · 不参与实体赏罚,14197641,1420,A168_HF9F_20260827_0900,2026-08-27 09:00:00
2026-07-25,153434078,2152,0,984.8610880054,-984.8610880054,-984.8610880054,0E-7,6,1,0.35127735878377728,0.135005200000,-0.7358606022324089,-0.3950649490713871,-0.7358606022324089,0.21627215878377728,ELIGIBLE,R03b_20260811_FULL_v1,L1_ELIGIBILITY,v2026-08-11,2026-03-21..2026-08-06,baccarat_bet02_101_all_pairs_incl_sentinel,round_win = game_pnl > 0 (decisive only),COMPATIBILITY_ONLY_NOT_PRODUCTION,52656.7959,48897.0221,6653.6350,256,46,-0.12635852,-0.12635852,,-0.12635852,-6653.6350,52656.7959,OK,0.0000,266.1454,4.0000,96.0000,AG03-UNRESOLVED,ALL5_LEVELS_bet23_to_bet27,266.1454,266.1454,266.1454,0.0000,0.0000,4.000000,4.000000,4.000000,0.000000,0.000000,96.000000,96.000000,96.000000,100.000000,100.000000,5.0,798.4362,766.9246,5855.1988,5886.7104,PENDING_AG03,FALSE,NOT_FOR_ENFORCEMENT,6387.4896,46941.1412,6653.6350,6387.4896,266.1454,0.12635852,0.12130418,266.1454,6387.4896,0.12130418,266.1454,266.1454,266.1454,0.0000,0.0000,6387.4896,0.12130418,798.4362,766.9246,5855.1988,5886.7104,0.11119550,0.11179394,0.00505434,205.6906,1062.9787,144.6442,6653.6350,1663.4088,52656.7959,46.0000,205.6906,,83.1808,83.1808,166.3617,665.4467,921.6436,1164.5317,83.1808,-83.1808,11.079999,14.000001,2.472813,4,5,1,7,1.00000000,0.12635852,0.12635852,0E-8,0.000000,0.928599,0.000000,,2026-07-25,2026-07-25,1,4,4,1,1.000000,,1.000000,3.333333,,,,,,,,GLOBAL_BASELINE_NO_ENTITY_RANKING,,,NOT_APPLICABLE_GLOBAL_BASELINE,HF9g-P5,,,,X 全窗基线 · 不参与实体赏罚,14197642,1420,A168_HF9F_20260827_0900,2026-08-27 09:00:00
2026-07-25,153434078,2201,0,20179.6706038928,-7344.8677424722,-7344.8677424722,0.3750000,94,16,0.33626494896700966,0.130527095000,0.3279638282591291,2.90276823410491,0.3279638282591291,0.20573785396700966,ELIGIBLE,R03b_20260811_FULL_v1,L1_ELIGIBILITY,v2026-08-11,2026-03-21..2026-08-06,baccarat_bet02_101_all_pairs_incl_sentinel,round_win = game_pnl > 0 (decisive only),COMPATIBILITY_ONLY_NOT_PRODUCTION,52656.7959,48897.0221,6653.6350,256,46,-0.12635852,-0.12635852,,-0.12635852,-6653.6350,52656.7959,OK,0.0000,266.1454,4.0000,96.0000,AG03-UNRESOLVED,ALL5_LEVELS_bet23_to_bet27,266.1454,266.1454,266.1454,0.0000,0.0000,4.000000,4.000000,4.000000,0.000000,0.000000,96.000000,96.000000,96.000000,100.000000,100.000000,5.0,798.4362,766.9246,5855.1988,5886.7104,PENDING_AG03,FALSE,NOT_FOR_ENFORCEMENT,6387.4896,46941.1412,6653.6350,6387.4896,266.1454,0.12635852,0.12130418,266.1454,6387.4896,0.12130418,266.1454,266.1454,266.1454,0.0000,0.0000,6387.4896,0.12130418,798.4362,766.9246,5855.1988,5886.7104,0.11119550,0.11179394,0.00505434,205.6906,1062.9787,144.6442,6653.6350,1663.4088,52656.7959,46.0000,205.6906,,83.1808,83.1808,166.3617,665.4467,921.6436,1164.5317,83.1808,-83.1808,11.079999,14.000001,2.472813,4,5,1,7,1.00000000,0.12635852,0.12635852,0E-8,0.000000,0.928599,0.000000,,2026-07-25,2026-07-25,1,4,4,1,1.000000,,1.000000,3.333333,,,,,,,,GLOBAL_BASELINE_NO_ENTITY_RANKING,,,NOT_APPLICABLE_GLOBAL_BASELINE,HF9g-P5,,,,X 全窗基线 · 不参与实体赏罚,14197643,1420,A168_HF9F_20260827_0900,2026-08-27 09:00:00
2026-07-25,153434078,2271,0,1630.3443686574,-1630.3443686574,-1630.3443686574,0E-7,9,2,0.20639207951808088,0.100211850000,-0.7212046438009286,-0.4719591420872112,-0.7212046438009286,0.10618022951808088,ELIGIBLE,R03b_20260811_FULL_v1,L1_ELIGIBILITY,v2026-08-11,2026-03-21..2026-08-06,baccarat_bet02_101_all_pairs_incl_sentinel,round_win = game_pnl > 0 (decisive only),COMPATIBILITY_ONLY_NOT_PRODUCTION,52656.7959,48897.0221,6653.6350,256,46,-0.12635852,-0.12635852,,-0.12635852,-6653.6350,52656.7959,OK,0.0000,266.1454,4.0000,96.0000,AG03-UNRESOLVED,ALL5_LEVELS_bet23_to_bet27,266.1454,266.1454,266.1454,0.0000,0.0000,4.000000,4.000000,4.000000,0.000000,0.000000,96.000000,96.000000,96.000000,100.000000,100.000000,5.0,798.4362,766.9246,5855.1988,5886.7104,PENDING_AG03,FALSE,NOT_FOR_ENFORCEMENT,6387.4896,46941.1412,6653.6350,6387.4896,266.1454,0.12635852,0.12130418,266.1454,6387.4896,0.12130418,266.1454,266.1454,266.1454,0.0000,0.0000,6387.4896,0.12130418,798.4362,766.9246,5855.1988,5886.7104,0.11119550,0.11179394,0.00505434,205.6906,1062.9787,144.6442,6653.6350,1663.4088,52656.7959,46.0000,205.6906,,83.1808,83.1808,166.3617,665.4467,921.6436,1164.5317,83.1808,-83.1808,11.079999,14.000001,2.472813,4,5,1,7,1.00000000,0.12635852,0.12635852,0E-8,0.000000,0.928599,0.000000,,2026-07-25,2026-07-25,1,4,4,1,1.000000,,1.000000,3.333333,,,,,,,,GLOBAL_BASELINE_NO_ENTITY_RANKING,,,NOT_APPLICABLE_GLOBAL_BASELINE,HF9g-P5,,,,X 全窗基线 · 不参与实体赏罚,14197644,1420,A168_HF9F_20260827_0900,2026-08-27 09:00:00
2026-03-22,57024343,-1,1,655.4368486596,-10.9239474776,-10.9239474776,0.5000000,3,3,0.50665070000000000,0.506650700000,-0.018812684590367487,-0.018812684590367487,-0.018812684590367487,0E-17,SENTINEL_DEALER,R03b_20260811_FULL_v1,L1_ELIGIBILITY,v2026-08-11,2026-03-21..2026-08-06,baccarat_bet02_101_all_pairs_incl_sentinel,round_win = game_pnl > 0 (decisive only),COMPATIBILITY_ONLY_NOT_PRODUCTION,4059548.3812,3680416.6879,6656.9809,9707,9692,-0.00163983,0.01249836,-0.00525961,-0.00163983,-6656.9809,4059548.3812,OK,0.0000,266.2792,4.0000,96.0000,AG03-UNRESOLVED,ALL5_LEVELS_bet23_to_bet27,266.2792,266.2792,266.2792,0.0000,0.0000,4.000000,4.000000,4.000000,0.000000,0.000000,96.000000,96.000000,96.000000,100.000000,100.000000,5.0,798.8377,767.3102,5858.1432,5889.6706,PENDING_AG03,FALSE,NOT_FOR_ENFORCEMENT,6390.7016,3533200.0204,6656.9809,6390.7016,266.2792,0.00163983,0.00157424,266.2792,6390.7016,0.00157424,266.2792,266.2792,266.2792,0.0000,0.0000,6390.7016,0.00157424,798.8377,767.3102,5858.1432,5889.6706,0.00144305,0.00145082,0.00006559,418.2083,379.7376,0.6869,61.6387,1.8384,37588.4109,89.7407,538.3845,395.5999,218.4789,430.6076,432.5446,432.5446,1046.441,1081.3617,427.0584,0.0,2.43015,2.511246,0.971205,30,216,96,2,0.20383968,0.00163983,-0.01249836,0E-8,0.000000,0.906607,0.000000,0.01775797,2026-03-22,2026-08-06,108,3621,2443,138,0.782609,1.360932,1.287360,0.679466,,,,,,,,GLOBAL_BASELINE_NO_ENTITY_RANKING,,,NOT_APPLICABLE_GLOBAL_BASELINE,HF9g-P5,,,,X 全窗基线 · 不参与实体赏罚,14197645,1420,A168_HF9F_20260827_0900,2026-08-27 09:00:00
2026-03-22,57024343,1017,0,3058.7052937448,1452.8850145292,1452.8850145292,0.7692308,14,14,0.50377815714285714,0.503778157143,1.9142606590758073,1.914260659074781,1.9142606590758073,-1.4286E-13,ELIGIBLE,R03b_20260811_FULL_v1,L1_ELIGIBILITY,v2026-08-11,2026-03-21..2026-08-06,baccarat_bet02_101_all_pairs_incl_sentinel,round_win = game_pnl > 0 (decisive only),COMPATIBILITY_ONLY_NOT_PRODUCTION,4059548.3812,3680416.6879,6656.9809,9707,9692,-0.00163983,0.01249836,-0.00525961,-0.00163983,-6656.9809,4059548.3812,OK,0.0000,266.2792,4.0000,96.0000,AG03-UNRESOLVED,ALL5_LEVELS_bet23_to_bet27,266.2792,266.2792,266.2792,0.0000,0.0000,4.000000,4.000000,4.000000,0.000000,0.000000,96.000000,96.000000,96.000000,100.000000,100.000000,5.0,798.8377,767.3102,5858.1432,5889.6706,PENDING_AG03,FALSE,NOT_FOR_ENFORCEMENT,6390.7016,3533200.0204,6656.9809,6390.7016,266.2792,0.00163983,0.00157424,266.2792,6390.7016,0.00157424,266.2792,266.2792,266.2792,0.0000,0.0000,6390.7016,0.00157424,798.8377,767.3102,5858.1432,5889.6706,0.00144305,0.00145082,0.00006559,418.2083,379.7376,0.6869,61.6387,1.8384,37588.4109,89.7407,538.3845,395.5999,218.4789,430.6076,432.5446,432.5446,1046.441,1081.3617,427.0584,0.0,2.43015,2.511246,0.971205,30,216,96,2,0.20383968,0.00163983,-0.01249836,0E-8,0.000000,0.906607,0.000000,0.01775797,2026-03-22,2026-08-06,108,3621,2443,138,0.782609,1.360932,1.287360,0.679466,,,,,,,,GLOBAL_BASELINE_NO_ENTITY_RANKING,,,NOT_APPLICABLE_GLOBAL_BASELINE,HF9g-P5,,,,X 全窗基线 · 不参与实体赏罚,14197646,1420,A168_HF9F_20260827_0900,2026-08-27 09:00:00
2026-03-22,57024343,1078,0,3495.6631928512,-43.6957899105,-43.6957899105,0.4666667,15,15,0.50128862000000000,0.501288620000,-0.26818138800047064,-0.26818138800047064,-0.26818138800047064,0E-17,ELIGIBLE,R03b_20260811_FULL_v1,L1_ELIGIBILITY,v2026-08-11,2026-03-21..2026-08-06,baccarat_bet02_101_all_pairs_incl_sentinel,round_win = game_pnl > 0 (decisive only),COMPATIBILITY_ONLY_NOT_PRODUCTION,4059548.3812,3680416.6879,6656.9809,9707,9692,-0.00163983,0.01249836,-0.00525961,-0.00163983,-6656.9809,4059548.3812,OK,0.0000,266.2792,4.0000,96.0000,AG03-UNRESOLVED,ALL5_LEVELS_bet23_to_bet27,266.2792,266.2792,266.2792,0.0000,0.0000,4.000000,4.000000,4.000000,0.000000,0.000000,96.000000,96.000000,96.000000,100.000000,100.000000,5.0,798.8377,767.3102,5858.1432,5889.6706,PENDING_AG03,FALSE,NOT_FOR_ENFORCEMENT,6390.7016,3533200.0204,6656.9809,6390.7016,266.2792,0.00163983,0.00157424,266.2792,6390.7016,0.00157424,266.2792,266.2792,266.2792,0.0000,0.0000,6390.7016,0.00157424,798.8377,767.3102,5858.1432,5889.6706,0.00144305,0.00145082,0.00006559,418.2083,379.7376,0.6869,61.6387,1.8384,37588.4109,89.7407,538.3845,395.5999,218.4789,430.6076,432.5446,432.5446,1046.441,1081.3617,427.0584,0.0,2.43015,2.511246,0.971205,30,216,96,2,0.20383968,0.00163983,-0.01249836,0E-8,0.000000,0.906607,0.000000,0.01775797,2026-03-22,2026-08-06,108,3621,2443,138,0.782609,1.360932,1.287360,0.679466,,,,,,,,GLOBAL_BASELINE_NO_ENTITY_RANKING,,,NOT_APPLICABLE_GLOBAL_BASELINE,HF9g-P5,,,,X 全窗基线 · 不参与实体赏罚,14197647,1420,A168_HF9F_20260827_0900,2026-08-27 09:00:00
2026-03-22,57024343,1304,0,4369.5789910640,-294.9465818964,-294.9465818964,0.4705882,20,20,0.50396966000000000,0.503969660000,-0.27527895593060164,-0.27527895593060164,-0.27527895593060164,0E-17,ELIGIBLE,R03b_20260811_FULL_v1,L1_ELIGIBILITY,v2026-08-11,2026-03-21..2026-08-06,baccarat_bet02_101_all_pairs_incl_sentinel,round_win = game_pnl > 0 (decisive only),COMPATIBILITY_ONLY_NOT_PRODUCTION,4059548.3812,3680416.6879,6656.9809,9707,9692,-0.00163983,0.01249836,-0.00525961,-0.00163983,-6656.9809,4059548.3812,OK,0.0000,266.2792,4.0000,96.0000,AG03-UNRESOLVED,ALL5_LEVELS_bet23_to_bet27,266.2792,266.2792,266.2792,0.0000,0.0000,4.000000,4.000000,4.000000,0.000000,0.000000,96.000000,96.000000,96.000000,100.000000,100.000000,5.0,798.8377,767.3102,5858.1432,5889.6706,PENDING_AG03,FALSE,NOT_FOR_ENFORCEMENT,6390.7016,3533200.0204,6656.9809,6390.7016,266.2792,0.00163983,0.00157424,266.2792,6390.7016,0.00157424,266.2792,266.2792,266.2792,0.0000,0.0000,6390.7016,0.00157424,798.8377,767.3102,5858.1432,5889.6706,0.00144305,0.00145082,0.00006559,418.2083,379.7376,0.6869,61.6387,1.8384,37588.4109,89.7407,538.3845,395.5999,218.4789,430.6076,432.5446,432.5446,1046.441,1081.3617,427.0584,0.0,2.43015,2.511246,0.971205,30,216,96,2,0.20383968,0.00163983,-0.01249836,0E-8,0.000000,0.906607,0.000000,0.01775797,2026-03-22,2026-08-06,108,3621,2443,138,0.782609,1.360932,1.287360,0.679466,,,,,,,,GLOBAL_BASELINE_NO_ENTITY_RANKING,,,NOT_APPLICABLE_GLOBAL_BASELINE,HF9g-P5,,,,X 全窗基线 · 不参与实体赏罚,14197648,1420,A168_HF9F_20260827_0900,2026-08-27 09:00:00
2026-03-22,57024343,1323,0,2621.7473946384,-469.7297415392,-469.7297415392,0.4545455,11,11,0.50177608181818182,0.501776081818,-0.3132945151139446,-0.31329451511273815,-0.3132945151139446,1.8182E-13,ELIGIBLE,R03b_20260811_FULL_v1,L1_ELIGIBILITY,v2026-08-11,2026-03-21..2026-08-06,baccarat_bet02_101_all_pairs_incl_sentinel,round_win = game_pnl > 0 (decisive only),COMPATIBILITY_ONLY_NOT_PRODUCTION,4059548.3812,3680416.6879,6656.9809,9707,9692,-0.00163983,0.01249836,-0.00525961,-0.00163983,-6656.9809,4059548.3812,OK,0.0000,266.2792,4.0000,96.0000,AG03-UNRESOLVED,ALL5_LEVELS_bet23_to_bet27,266.2792,266.2792,266.2792,0.0000,0.0000,4.000000,4.000000,4.000000,0.000000,0.000000,96.000000,96.000000,96.000000,100.000000,100.000000,5.0,798.8377,767.3102,5858.1432,5889.6706,PENDING_AG03,FALSE,NOT_FOR_ENFORCEMENT,6390.7016,3533200.0204,6656.9809,6390.7016,266.2792,0.00163983,0.00157424,266.2792,6390.7016,0.00157424,266.2792,266.2792,266.2792,0.0000,0.0000,6390.7016,0.00157424,798.8377,767.3102,5858.1432,5889.6706,0.00144305,0.00145082,0.00006559,418.2083,379.7376,0.6869,61.6387,1.8384,37588.4109,89.7407,538.3845,395.5999,218.4789,430.6076,432.5446,432.5446,1046.441,1081.3617,427.0584,0.0,2.43015,2.511246,0.971205,30,216,96,2,0.20383968,0.00163983,-0.01249836,0E-8,0.000000,0.906607,0.000000,0.01775797,2026-03-22,2026-08-06,108,3621,2443,138,0.782609,1.360932,1.287360,0.679466,,,,,,,,GLOBAL_BASELINE_NO_ENTITY_RANKING,,,NOT_APPLICABLE_GLOBAL_BASELINE,HF9g-P5,,,,X 全窗基线 · 不参与实体赏罚,14197649,1420,A168_HF9F_20260827_0900,2026-08-27 09:00:00
2026-03-22,57024343,1331,0,3058.7052937448,-284.0226344188,-284.0226344188,0.4615385,14,14,0.50569318571428571,0.505693185714,-0.31842488661529417,-0.31842488661323165,-0.31842488661529417,2.8571E-13,ELIGIBLE,R03b_20260811_FULL_v1,L1_ELIGIBILITY,v2026-08-11,2026-03-21..2026-08-06,baccarat_bet02_101_all_pairs_incl_sentinel,round_win = game_pnl > 0 (decisive only),COMPATIBILITY_ONLY_NOT_PRODUCTION,4059548.3812,3680416.6879,6656.9809,9707,9692,-0.00163983,0.01249836,-0.00525961,-0.00163983,-6656.9809,4059548.3812,OK,0.0000,266.2792,4.0000,96.0000,AG03-UNRESOLVED,ALL5_LEVELS_bet23_to_bet27,266.2792,266.2792,266.2792,0.0000,0.0000,4.000000,4.000000,4.000000,0.000000,0.000000,96.000000,96.000000,96.000000,100.000000,100.000000,5.0,798.8377,767.3102,5858.1432,5889.6706,PENDING_AG03,FALSE,NOT_FOR_ENFORCEMENT,6390.7016,3533200.0204,6656.9809,6390.7016,266.2792,0.00163983,0.00157424,266.2792,6390.7016,0.00157424,266.2792,266.2792,266.2792,0.0000,0.0000,6390.7016,0.00157424,798.8377,767.3102,5858.1432,5889.6706,0.00144305,0.00145082,0.00006559,418.2083,379.7376,0.6869,61.6387,1.8384,37588.4109,89.7407,538.3845,395.5999,218.4789,430.6076,432.5446,432.5446,1046.441,1081.3617,427.0584,0.0,2.43015,2.511246,0.971205,30,216,96,2,0.20383968,0.00163983,-0.01249836,0E-8,0.000000,0.906607,0.000000,0.01775797,2026-03-22,2026-08-06,108,3621,2443,138,0.782609,1.360932,1.287360,0.679466,,,,,,,,GLOBAL_BASELINE_NO_ENTITY_RANKING,,,NOT_APPLICABLE_GLOBAL_BASELINE,HF9g-P5,,,,X 全窗基线 · 不参与实体赏罚,14197650,1420,A168_HF9F_20260827_0900,2026-08-27 09:00:00
2026-03-22,57024343,1385,0,436.9578991064,426.0339516288,426.0339516288,1.0000000,2,2,0.49994810000000000,0.499948100000,1.4143603653603398,1.4143603653603398,1.4143603653603398,0E-17,ELIGIBLE,R03b_20260811_FULL_v1,L1_ELIGIBILITY,v2026-08-11,2026-03-21..2026-08-06,baccarat_bet02_101_all_pairs_incl_sentinel,round_win = game_pnl > 0 (decisive only),COMPATIBILITY_ONLY_NOT_PRODUCTION,4059548.3812,3680416.6879,6656.9809,9707,9692,-0.00163983,0.01249836,-0.00525961,-0.00163983,-6656.9809,4059548.3812,OK,0.0000,266.2792,4.0000,96.0000,AG03-UNRESOLVED,ALL5_LEVELS_bet23_to_bet27,266.2792,266.2792,266.2792,0.0000,0.0000,4.000000,4.000000,4.000000,0.000000,0.000000,96.000000,96.000000,96.000000,100.000000,100.000000,5.0,798.8377,767.3102,5858.1432,5889.6706,PENDING_AG03,FALSE,NOT_FOR_ENFORCEMENT,6390.7016,3533200.0204,6656.9809,6390.7016,266.2792,0.00163983,0.00157424,266.2792,6390.7016,0.00157424,266.2792,266.2792,266.2792,0.0000,0.0000,6390.7016,0.00157424,798.8377,767.3102,5858.1432,5889.6706,0.00144305,0.00145082,0.00006559,418.2083,379.7376,0.6869,61.6387,1.8384,37588.4109,89.7407,538.3845,395.5999,218.4789,430.6076,432.5446,432.5446,1046.441,1081.3617,427.0584,0.0,2.43015,2.511246,0.971205,30,216,96,2,0.20383968,0.00163983,-0.01249836,0E-8,0.000000,0.906607,0.000000,0.01775797,2026-03-22,2026-08-06,108,3621,2443,138,0.782609,1.360932,1.287360,0.679466,,,,,,,,GLOBAL_BASELINE_NO_ENTITY_RANKING,,,NOT_APPLICABLE_GLOBAL_BASELINE,HF9g-P5,,,,X 全窗基线 · 不参与实体赏罚,14197651,1420,A168_HF9F_20260827_0900,2026-08-27 09:00:00
2026-03-22,57024343,1400,0,8083.7211334684,65.5436848667,65.5436848667,0.5333333,34,34,0.50349653529411765,0.503496535294,0.32685373876391627,0.32685373876520457,0.32685373876391627,1.1765E-13,ELIGIBLE,R03b_20260811_FULL_v1,L1_ELIGIBILITY,v2026-08-11,2026-03-21..2026-08-06,baccarat_bet02_101_all_pairs_incl_sentinel,round_win = game_pnl > 0 (decisive only),COMPATIBILITY_ONLY_NOT_PRODUCTION,4059548.3812,3680416.6879,6656.9809,9707,9692,-0.00163983,0.01249836,-0.00525961,-0.00163983,-6656.9809,4059548.3812,OK,0.0000,266.2792,4.0000,96.0000,AG03-UNRESOLVED,ALL5_LEVELS_bet23_to_bet27,266.2792,266.2792,266.2792,0.0000,0.0000,4.000000,4.000000,4.000000,0.000000,0.000000,96.000000,96.000000,96.000000,100.000000,100.000000,5.0,798.8377,767.3102,5858.1432,5889.6706,PENDING_AG03,FALSE,NOT_FOR_ENFORCEMENT,6390.7016,3533200.0204,6656.9809,6390.7016,266.2792,0.00163983,0.00157424,266.2792,6390.7016,0.00157424,266.2792,266.2792,266.2792,0.0000,0.0000,6390.7016,0.00157424,798.8377,767.3102,5858.1432,5889.6706,0.00144305,0.00145082,0.00006559,418.2083,379.7376,0.6869,61.6387,1.8384,37588.4109,89.7407,538.3845,395.5999,218.4789,430.6076,432.5446,432.5446,1046.441,1081.3617,427.0584,0.0,2.43015,2.511246,0.971205,30,216,96,2,0.20383968,0.00163983,-0.01249836,0E-8,0.000000,0.906607,0.000000,0.01775797,2026-03-22,2026-08-06,108,3621,2443,138,0.782609,1.360932,1.287360,0.679466,,,,,,,,GLOBAL_BASELINE_NO_ENTITY_RANKING,,,NOT_APPLICABLE_GLOBAL_BASELINE,HF9g-P5,,,,X 全窗基线 · 不参与实体赏罚,14197652,1420,A168_HF9F_20260827_0900,2026-08-27 09:00:00
2026-03-22,57024343,1405,0,3714.1421424044,-491.5776364945,-491.5776364945,0.3846154,16,16,0.50246157500000000,0.502461575000,-0.8498112627723146,-0.8498112627723146,-0.8498112627723146,0E-17,ELIGIBLE,R03b_20260811_FULL_v1,L1_ELIGIBILITY,v2026-08-11,2026-03-21..2026-08-06,baccarat_bet02_101_all_pairs_incl_sentinel,round_win = game_pnl > 0 (decisive only),COMPATIBILITY_ONLY_NOT_PRODUCTION,4059548.3812,3680416.6879,6656.9809,9707,9692,-0.00163983,0.01249836,-0.00525961,-0.00163983,-6656.9809,4059548.3812,OK,0.0000,266.2792,4.0000,96.0000,AG03-UNRESOLVED,ALL5_LEVELS_bet23_to_bet27,266.2792,266.2792,266.2792,0.0000,0.0000,4.000000,4.000000,4.000000,0.000000,0.000000,96.000000,96.000000,96.000000,100.000000,100.000000,5.0,798.8377,767.3102,5858.1432,5889.6706,PENDING_AG03,FALSE,NOT_FOR_ENFORCEMENT,6390.7016,3533200.0204,6656.9809,6390.7016,266.2792,0.00163983,0.00157424,266.2792,6390.7016,0.00157424,266.2792,266.2792,266.2792,0.0000,0.0000,6390.7016,0.00157424,798.8377,767.3102,5858.1432,5889.6706,0.00144305,0.00145082,0.00006559,418.2083,379.7376,0.6869,61.6387,1.8384,37588.4109,89.7407,538.3845,395.5999,218.4789,430.6076,432.5446,432.5446,1046.441,1081.3617,427.0584,0.0,2.43015,2.511246,0.971205,30,216,96,2,0.20383968,0.00163983,-0.01249836,0E-8,0.000000,0.906607,0.000000,0.01775797,2026-03-22,2026-08-06,108,3621,2443,138,0.782609,1.360932,1.287360,0.679466,,,,,,,,GLOBAL_BASELINE_NO_ENTITY_RANKING,,,NOT_APPLICABLE_GLOBAL_BASELINE,HF9g-P5,,,,X 全窗基线 · 不参与实体赏罚,14197653,1420,A168_HF9F_20260827_0900,2026-08-27 09:00:00
2026-03-22,57024343,1485,0,873.9157982128,404.1860566736,404.1860566736,0.7500000,4,4,0.50665070000000000,0.506650700000,0.9734833216690844,0.9734833216690844,0.9734833216690844,0E-17,ELIGIBLE,R03b_20260811_FULL_v1,L1_ELIGIBILITY,v2026-08-11,2026-03-21..2026-08-06,baccarat_bet02_101_all_pairs_incl_sentinel,round_win = game_pnl > 0 (decisive only),COMPATIBILITY_ONLY_NOT_PRODUCTION,4059548.3812,3680416.6879,6656.9809,9707,9692,-0.00163983,0.01249836,-0.00525961,-0.00163983,-6656.9809,4059548.3812,OK,0.0000,266.2792,4.0000,96.0000,AG03-UNRESOLVED,ALL5_LEVELS_bet23_to_bet27,266.2792,266.2792,266.2792,0.0000,0.0000,4.000000,4.000000,4.000000,0.000000,0.000000,96.000000,96.000000,96.000000,100.000000,100.000000,5.0,798.8377,767.3102,5858.1432,5889.6706,PENDING_AG03,FALSE,NOT_FOR_ENFORCEMENT,6390.7016,3533200.0204,6656.9809,6390.7016,266.2792,0.00163983,0.00157424,266.2792,6390.7016,0.00157424,266.2792,266.2792,266.2792,0.0000,0.0000,6390.7016,0.00157424,798.8377,767.3102,5858.1432,5889.6706,0.00144305,0.00145082,0.00006559,418.2083,379.7376,0.6869,61.6387,1.8384,37588.4109,89.7407,538.3845,395.5999,218.4789,430.6076,432.5446,432.5446,1046.441,1081.3617,427.0584,0.0,2.43015,2.511246,0.971205,30,216,96,2,0.20383968,0.00163983,-0.01249836,0E-8,0.000000,0.906607,0.000000,0.01775797,2026-03-22,2026-08-06,108,3621,2443,138,0.782609,1.360932,1.287360,0.679466,,,,,,,,GLOBAL_BASELINE_NO_ENTITY_RANKING,,,NOT_APPLICABLE_GLOBAL_BASELINE,HF9g-P5,,,,X 全窗基线 · 不参与实体赏罚,14197654,1420,A168_HF9F_20260827_0900,2026-08-27 09:00:00
2026-03-22,57024343,1645,0,1310.8736973192,185.7071071204,185.7071071204,0.6000000,6,6,0.50665070000000000,0.506650700000,0.4175076967804994,0.4175076967804994,0.4175076967804994,0E-17,ELIGIBLE,R03b_20260811_FULL_v1,L1_ELIGIBILITY,v2026-08-11,2026-03-21..2026-08-06,baccarat_bet02_101_all_pairs_incl_sentinel,round_win = game_pnl > 0 (decisive only),COMPATIBILITY_ONLY_NOT_PRODUCTION,4059548.3812,3680416.6879,6656.9809,9707,9692,-0.00163983,0.01249836,-0.00525961,-0.00163983,-6656.9809,4059548.3812,OK,0.0000,266.2792,4.0000,96.0000,AG03-UNRESOLVED,ALL5_LEVELS_bet23_to_bet27,266.2792,266.2792,266.2792,0.0000,0.0000,4.000000,4.000000,4.000000,0.000000,0.000000,96.000000,96.000000,96.000000,100.000000,100.000000,5.0,798.8377,767.3102,5858.1432,5889.6706,PENDING_AG03,FALSE,NOT_FOR_ENFORCEMENT,6390.7016,3533200.0204,6656.9809,6390.7016,266.2792,0.00163983,0.00157424,266.2792,6390.7016,0.00157424,266.2792,266.2792,266.2792,0.0000,0.0000,6390.7016,0.00157424,798.8377,767.3102,5858.1432,5889.6706,0.00144305,0.00145082,0.00006559,418.2083,379.7376,0.6869,61.6387,1.8384,37588.4109,89.7407,538.3845,395.5999,218.4789,430.6076,432.5446,432.5446,1046.441,1081.3617,427.0584,0.0,2.43015,2.511246,0.971205,30,216,96,2,0.20383968,0.00163983,-0.01249836,0E-8,0.000000,0.906607,0.000000,0.01775797,2026-03-22,2026-08-06,108,3621,2443,138,0.782609,1.360932,1.287360,0.679466,,,,,,,,GLOBAL_BASELINE_NO_ENTITY_RANKING,,,NOT_APPLICABLE_GLOBAL_BASELINE,HF9g-P5,,,,X 全窗基线 · 不参与实体赏罚,14197655,1420,A168_HF9F_20260827_0900,2026-08-27 09:00:00
2026-03-22,57024343,1646,0,6117.4105874896,1168.8623801103,1168.8623801103,0.6153846,26,26,0.50355719230769231,0.503557192308,1.1404492868304934,1.1404492868273606,1.1404492868304934,-3.0769E-13,ELIGIBLE,R03b_20260811_FULL_v1,L1_ELIGIBILITY,v2026-08-11,2026-03-21..2026-08-06,baccarat_bet02_101_all_pairs_incl_sentinel,round_win = game_pnl > 0 (decisive only),COMPATIBILITY_ONLY_NOT_PRODUCTION,4059548.3812,3680416.6879,6656.9809,9707,9692,-0.00163983,0.01249836,-0.00525961,-0.00163983,-6656.9809,4059548.3812,OK,0.0000,266.2792,4.0000,96.0000,AG03-UNRESOLVED,ALL5_LEVELS_bet23_to_bet27,266.2792,266.2792,266.2792,0.0000,0.0000,4.000000,4.000000,4.000000,0.000000,0.000000,96.000000,96.000000,96.000000,100.000000,100.000000,5.0,798.8377,767.3102,5858.1432,5889.6706,PENDING_AG03,FALSE,NOT_FOR_ENFORCEMENT,6390.7016,3533200.0204,6656.9809,6390.7016,266.2792,0.00163983,0.00157424,266.2792,6390.7016,0.00157424,266.2792,266.2792,266.2792,0.0000,0.0000,6390.7016,0.00157424,798.8377,767.3102,5858.1432,5889.6706,0.00144305,0.00145082,0.00006559,418.2083,379.7376,0.6869,61.6387,1.8384,37588.4109,89.7407,538.3845,395.5999,218.4789,430.6076,432.5446,432.5446,1046.441,1081.3617,427.0584,0.0,2.43015,2.511246,0.971205,30,216,96,2,0.20383968,0.00163983,-0.01249836,0E-8,0.000000,0.906607,0.000000,0.01775797,2026-03-22,2026-08-06,108,3621,2443,138,0.782609,1.360932,1.287360,0.679466,,,,,,,,GLOBAL_BASELINE_NO_ENTITY_RANKING,,,NOT_APPLICABLE_GLOBAL_BASELINE,HF9g-P5,,,,X 全窗基线 · 不参与实体赏罚,14197656,1420,A168_HF9F_20260827_0900,2026-08-27 09:00:00
2026-03-22,57024343,1654,0,436.9578991064,-10.9239474776,-10.9239474776,0.5000000,2,2,0.50665070000000000,0.506650700000,-0.018812684590367487,-0.018812684590367487,-0.018812684590367487,0E-17,ELIGIBLE,R03b_20260811_FULL_v1,L1_ELIGIBILITY,v2026-08-11,2026-03-21..2026-08-06,baccarat_bet02_101_all_pairs_incl_sentinel,round_win = game_pnl > 0 (decisive only),COMPATIBILITY_ONLY_NOT_PRODUCTION,4059548.3812,3680416.6879,6656.9809,9707,9692,-0.00163983,0.01249836,-0.00525961,-0.00163983,-6656.9809,4059548.3812,OK,0.0000,266.2792,4.0000,96.0000,AG03-UNRESOLVED,ALL5_LEVELS_bet23_to_bet27,266.2792,266.2792,266.2792,0.0000,0.0000,4.000000,4.000000,4.000000,0.000000,0.000000,96.000000,96.000000,96.000000,100.000000,100.000000,5.0,798.8377,767.3102,5858.1432,5889.6706,PENDING_AG03,FALSE,NOT_FOR_ENFORCEMENT,6390.7016,3533200.0204,6656.9809,6390.7016,266.2792,0.00163983,0.00157424,266.2792,6390.7016,0.00157424,266.2792,266.2792,266.2792,0.0000,0.0000,6390.7016,0.00157424,798.8377,767.3102,5858.1432,5889.6706,0.00144305,0.00145082,0.00006559,418.2083,379.7376,0.6869,61.6387,1.8384,37588.4109,89.7407,538.3845,395.5999,218.4789,430.6076,432.5446,432.5446,1046.441,1081.3617,427.0584,0.0,2.43015,2.511246,0.971205,30,216,96,2,0.20383968,0.00163983,-0.01249836,0E-8,0.000000,0.906607,0.000000,0.01775797,2026-03-22,2026-08-06,108,3621,2443,138,0.782609,1.360932,1.287360,0.679466,,,,,,,,GLOBAL_BASELINE_NO_ENTITY_RANKING,,,NOT_APPLICABLE_GLOBAL_BASELINE,HF9g-P5,,,,X 全窗基线 · 不参与实体赏罚,14197657,1420,A168_HF9F_20260827_0900,2026-08-27 09:00:00
2026-03-22,57024343,1711,0,1747.8315964256,-458.8057940616,-458.8057940616,0.3750000,8,8,0.50329940000000000,0.503299400000,-0.7257868081583192,-0.7257868081583192,-0.7257868081583192,0E-17,ELIGIBLE,R03b_20260811_FULL_v1,L1_ELIGIBILITY,v2026-08-11,2026-03-21..2026-08-06,baccarat_bet02_101_all_pairs_incl_sentinel,round_win = game_pnl > 0 (decisive only),COMPATIBILITY_ONLY_NOT_PRODUCTION,4059548.3812,3680416.6879,6656.9809,9707,9692,-0.00163983,0.01249836,-0.00525961,-0.00163983,-6656.9809,4059548.3812,OK,0.0000,266.2792,4.0000,96.0000,AG03-UNRESOLVED,ALL5_LEVELS_bet23_to_bet27,266.2792,266.2792,266.2792,0.0000,0.0000,4.000000,4.000000,4.000000,0.000000,0.000000,96.000000,96.000000,96.000000,100.000000,100.000000,5.0,798.8377,767.3102,5858.1432,5889.6706,PENDING_AG03,FALSE,NOT_FOR_ENFORCEMENT,6390.7016,3533200.0204,6656.9809,6390.7016,266.2792,0.00163983,0.00157424,266.2792,6390.7016,0.00157424,266.2792,266.2792,266.2792,0.0000,0.0000,6390.7016,0.00157424,798.8377,767.3102,5858.1432,5889.6706,0.00144305,0.00145082,0.00006559,418.2083,379.7376,0.6869,61.6387,1.8384,37588.4109,89.7407,538.3845,395.5999,218.4789,430.6076,432.5446,432.5446,1046.441,1081.3617,427.0584,0.0,2.43015,2.511246,0.971205,30,216,96,2,0.20383968,0.00163983,-0.01249836,0E-8,0.000000,0.906607,0.000000,0.01775797,2026-03-22,2026-08-06,108,3621,2443,138,0.782609,1.360932,1.287360,0.679466,,,,,,,,GLOBAL_BASELINE_NO_ENTITY_RANKING,,,NOT_APPLICABLE_GLOBAL_BASELINE,HF9g-P5,,,,X 全窗基线 · 不参与实体赏罚,14197658,1420,A168_HF9F_20260827_0900,2026-08-27 09:00:00
2026-03-22,57024343,1750,0,2184.7894955320,-469.7297415392,-469.7297415392,0.4444444,9,9,0.50367176666666667,0.503671766667,-0.35537351566192493,-0.3553735156639268,-0.35537351566192493,-3.3333E-13,ELIGIBLE,R03b_20260811_FULL_v1,L1_ELIGIBILITY,v2026-08-11,2026-03-21..2026-08-06,baccarat_bet02_101_all_pairs_incl_sentinel,round_win = game_pnl > 0 (decisive only),COMPATIBILITY_ONLY_NOT_PRODUCTION,4059548.3812,3680416.6879,6656.9809,9707,9692,-0.00163983,0.01249836,-0.00525961,-0.00163983,-6656.9809,4059548.3812,OK,0.0000,266.2792,4.0000,96.0000,AG03-UNRESOLVED,ALL5_LEVELS_bet23_to_bet27,266.2792,266.2792,266.2792,0.0000,0.0000,4.000000,4.000000,4.000000,0.000000,0.000000,96.000000,96.000000,96.000000,100.000000,100.000000,5.0,798.8377,767.3102,5858.1432,5889.6706,PENDING_AG03,FALSE,NOT_FOR_ENFORCEMENT,6390.7016,3533200.0204,6656.9809,6390.7016,266.2792,0.00163983,0.00157424,266.2792,6390.7016,0.00157424,266.2792,266.2792,266.2792,0.0000,0.0000,6390.7016,0.00157424,798.8377,767.3102,5858.1432,5889.6706,0.00144305,0.00145082,0.00006559,418.2083,379.7376,0.6869,61.6387,1.8384,37588.4109,89.7407,538.3845,395.5999,218.4789,430.6076,432.5446,432.5446,1046.441,1081.3617,427.0584,0.0,2.43015,2.511246,0.971205,30,216,96,2,0.20383968,0.00163983,-0.01249836,0E-8,0.000000,0.906607,0.000000,0.01775797,2026-03-22,2026-08-06,108,3621,2443,138,0.782609,1.360932,1.287360,0.679466,,,,,,,,GLOBAL_BASELINE_NO_ENTITY_RANKING,,,NOT_APPLICABLE_GLOBAL_BASELINE,HF9g-P5,,,,X 全窗基线 · 不参与实体赏罚,14197659,1420,A168_HF9F_20260827_0900,2026-08-27 09:00:00
2026-03-22,57024343,1935,0,2840.2263441916,1015.9271154228,1015.9271154228,0.6923077,13,13,0.50458836153846154,0.504588361538,1.3537203460842575,1.3537203460875744,1.3537203460842575,4.6154E-13,ELIGIBLE,R03b_20260811_FULL_v1,L1_ELIGIBILITY,v2026-08-11,2026-03-21..2026-08-06,baccarat_bet02_101_all_pairs_incl_sentinel,round_win = game_pnl > 0 (decisive only),COMPATIBILITY_ONLY_NOT_PRODUCTION,4059548.3812,3680416.6879,6656.9809,9707,9692,-0.00163983,0.01249836,-0.00525961,-0.00163983,-6656.9809,4059548.3812,OK,0.0000,266.2792,4.0000,96.0000,AG03-UNRESOLVED,ALL5_LEVELS_bet23_to_bet27,266.2792,266.2792,266.2792,0.0000,0.0000,4.000000,4.000000,4.000000,0.000000,0.000000,96.000000,96.000000,96.000000,100.000000,100.000000,5.0,798.8377,767.3102,5858.1432,5889.6706,PENDING_AG03,FALSE,NOT_FOR_ENFORCEMENT,6390.7016,3533200.0204,6656.9809,6390.7016,266.2792,0.00163983,0.00157424,266.2792,6390.7016,0.00157424,266.2792,266.2792,266.2792,0.0000,0.0000,6390.7016,0.00157424,798.8377,767.3102,5858.1432,5889.6706,0.00144305,0.00145082,0.00006559,418.2083,379.7376,0.6869,61.6387,1.8384,37588.4109,89.7407,538.3845,395.5999,218.4789,430.6076,432.5446,432.5446,1046.441,1081.3617,427.0584,0.0,2.43015,2.511246,0.971205,30,216,96,2,0.20383968,0.00163983,-0.01249836,0E-8,0.000000,0.906607,0.000000,0.01775797,2026-03-22,2026-08-06,108,3621,2443,138,0.782609,1.360932,1.287360,0.679466,,,,,,,,GLOBAL_BASELINE_NO_ENTITY_RANKING,,,NOT_APPLICABLE_GLOBAL_BASELINE,HF9g-P5,,,,X 全窗基线 · 不参与实体赏罚,14197660,1420,A168_HF9F_20260827_0900,2026-08-27 09:00:00
2026-03-22,57024343,1942,0,873.9157982128,-447.8818465840,-447.8818465840,0.2500000,4,4,0.50329940000000000,0.503299400000,-1.013219660140378,-1.013219660140378,-1.013219660140378,0E-17,ELIGIBLE,R03b_20260811_FULL_v1,L1_ELIGIBILITY,v2026-08-11,2026-03-21..2026-08-06,baccarat_bet02_101_all_pairs_incl_sentinel,round_win = game_pnl > 0 (decisive only),COMPATIBILITY_ONLY_NOT_PRODUCTION,4059548.3812,3680416.6879,6656.9809,9707,9692,-0.00163983,0.01249836,-0.00525961,-0.00163983,-6656.9809,4059548.3812,OK,0.0000,266.2792,4.0000,96.0000,AG03-UNRESOLVED,ALL5_LEVELS_bet23_to_bet27,266.2792,266.2792,266.2792,0.0000,0.0000,4.000000,4.000000,4.000000,0.000000,0.000000,96.000000,96.000000,96.000000,100.000000,100.000000,5.0,798.8377,767.3102,5858.1432,5889.6706,PENDING_AG03,FALSE,NOT_FOR_ENFORCEMENT,6390.7016,3533200.0204,6656.9809,6390.7016,266.2792,0.00163983,0.00157424,266.2792,6390.7016,0.00157424,266.2792,266.2792,266.2792,0.0000,0.0000,6390.7016,0.00157424,798.8377,767.3102,5858.1432,5889.6706,0.00144305,0.00145082,0.00006559,418.2083,379.7376,0.6869,61.6387,1.8384,37588.4109,89.7407,538.3845,395.5999,218.4789,430.6076,432.5446,432.5446,1046.441,1081.3617,427.0584,0.0,2.43015,2.511246,0.971205,30,216,96,2,0.20383968,0.00163983,-0.01249836,0E-8,0.000000,0.906607,0.000000,0.01775797,2026-03-22,2026-08-06,108,3621,2443,138,0.782609,1.360932,1.287360,0.679466,,,,,,,,GLOBAL_BASELINE_NO_ENTITY_RANKING,,,NOT_APPLICABLE_GLOBAL_BASELINE,HF9g-P5,,,,X 全窗基线 · 不参与实体赏罚,14197661,1420,A168_HF9F_20260827_0900,2026-08-27 09:00:00
2026-03-22,57024343,1957,0,1310.8736973192,-447.8818465840,-447.8818465840,0.2500000,6,6,0.50665070000000000,0.506650700000,-1.0266936290537745,-1.0266936290537745,-1.0266936290537745,0E-17,ELIGIBLE,R03b_20260811_FULL_v1,L1_ELIGIBILITY,v2026-08-11,2026-03-21..2026-08-06,baccarat_bet02_101_all_pairs_incl_sentinel,round_win = game_pnl > 0 (decisive only),COMPATIBILITY_ONLY_NOT_PRODUCTION,4059548.3812,3680416.6879,6656.9809,9707,9692,-0.00163983,0.01249836,-0.00525961,-0.00163983,-6656.9809,4059548.3812,OK,0.0000,266.2792,4.0000,96.0000,AG03-UNRESOLVED,ALL5_LEVELS_bet23_to_bet27,266.2792,266.2792,266.2792,0.0000,0.0000,4.000000,4.000000,4.000000,0.000000,0.000000,96.000000,96.000000,96.000000,100.000000,100.000000,5.0,798.8377,767.3102,5858.1432,5889.6706,PENDING_AG03,FALSE,NOT_FOR_ENFORCEMENT,6390.7016,3533200.0204,6656.9809,6390.7016,266.2792,0.00163983,0.00157424,266.2792,6390.7016,0.00157424,266.2792,266.2792,266.2792,0.0000,0.0000,6390.7016,0.00157424,798.8377,767.3102,5858.1432,5889.6706,0.00144305,0.00145082,0.00006559,418.2083,379.7376,0.6869,61.6387,1.8384,37588.4109,89.7407,538.3845,395.5999,218.4789,430.6076,432.5446,432.5446,1046.441,1081.3617,427.0584,0.0,2.43015,2.511246,0.971205,30,216,96,2,0.20383968,0.00163983,-0.01249836,0E-8,0.000000,0.906607,0.000000,0.01775797,2026-03-22,2026-08-06,108,3621,2443,138,0.782609,1.360932,1.287360,0.679466,,,,,,,,GLOBAL_BASELINE_NO_ENTITY_RANKING,,,NOT_APPLICABLE_GLOBAL_BASELINE,HF9g-P5,,,,X 全窗基线 · 不参与实体赏罚,14197662,1420,A168_HF9F_20260827_0900,2026-08-27 09:00:00
2026-03-22,57024343,1963,0,3714.1421424044,-273.0986869412,-273.0986869412,0.5000000,16,16,0.50329940000000000,0.503299400000,-0.0246909863438438,-0.0246909863438438,-0.0246909863438438,0E-17,ELIGIBLE,R03b_20260811_FULL_v1,L1_ELIGIBILITY,v2026-08-11,2026-03-21..2026-08-06,baccarat_bet02_101_all_pairs_incl_sentinel,round_win = game_pnl > 0 (decisive only),COMPATIBILITY_ONLY_NOT_PRODUCTION,4059548.3812,3680416.6879,6656.9809,9707,9692,-0.00163983,0.01249836,-0.00525961,-0.00163983,-6656.9809,4059548.3812,OK,0.0000,266.2792,4.0000,96.0000,AG03-UNRESOLVED,ALL5_LEVELS_bet23_to_bet27,266.2792,266.2792,266.2792,0.0000,0.0000,4.000000,4.000000,4.000000,0.000000,0.000000,96.000000,96.000000,96.000000,100.000000,100.000000,5.0,798.8377,767.3102,5858.1432,5889.6706,PENDING_AG03,FALSE,NOT_FOR_ENFORCEMENT,6390.7016,3533200.0204,6656.9809,6390.7016,266.2792,0.00163983,0.00157424,266.2792,6390.7016,0.00157424,266.2792,266.2792,266.2792,0.0000,0.0000,6390.7016,0.00157424,798.8377,767.3102,5858.1432,5889.6706,0.00144305,0.00145082,0.00006559,418.2083,379.7376,0.6869,61.6387,1.8384,37588.4109,89.7407,538.3845,395.5999,218.4789,430.6076,432.5446,432.5446,1046.441,1081.3617,427.0584,0.0,2.43015,2.511246,0.971205,30,216,96,2,0.20383968,0.00163983,-0.01249836,0E-8,0.000000,0.906607,0.000000,0.01775797,2026-03-22,2026-08-06,108,3621,2443,138,0.782609,1.360932,1.287360,0.679466,,,,,,,,GLOBAL_BASELINE_NO_ENTITY_RANKING,,,NOT_APPLICABLE_GLOBAL_BASELINE,HF9g-P5,,,,X 全窗基线 · 不参与实体赏罚,14197663,1420,A168_HF9F_20260827_0900,2026-08-27 09:00:00
2026-03-22,57024343,1966,0,218.4789495532,207.5550020756,207.5550020756,1.0000000,1,1,0.50665070000000000,0.506650700000,0.9867858985152569,0.9867858985152569,0.9867858985152569,0E-17,ELIGIBLE,R03b_20260811_FULL_v1,L1_ELIGIBILITY,v2026-08-11,2026-03-21..2026-08-06,baccarat_bet02_101_all_pairs_incl_sentinel,round_win = game_pnl > 0 (decisive only),COMPATIBILITY_ONLY_NOT_PRODUCTION,4059548.3812,3680416.6879,6656.9809,9707,9692,-0.00163983,0.01249836,-0.00525961,-0.00163983,-6656.9809,4059548.3812,OK,0.0000,266.2792,4.0000,96.0000,AG03-UNRESOLVED,ALL5_LEVELS_bet23_to_bet27,266.2792,266.2792,266.2792,0.0000,0.0000,4.000000,4.000000,4.000000,0.000000,0.000000,96.000000,96.000000,96.000000,100.000000,100.000000,5.0,798.8377,767.3102,5858.1432,5889.6706,PENDING_AG03,FALSE,NOT_FOR_ENFORCEMENT,6390.7016,3533200.0204,6656.9809,6390.7016,266.2792,0.00163983,0.00157424,266.2792,6390.7016,0.00157424,266.2792,266.2792,266.2792,0.0000,0.0000,6390.7016,0.00157424,798.8377,767.3102,5858.1432,5889.6706,0.00144305,0.00145082,0.00006559,418.2083,379.7376,0.6869,61.6387,1.8384,37588.4109,89.7407,538.3845,395.5999,218.4789,430.6076,432.5446,432.5446,1046.441,1081.3617,427.0584,0.0,2.43015,2.511246,0.971205,30,216,96,2,0.20383968,0.00163983,-0.01249836,0E-8,0.000000,0.906607,0.000000,0.01775797,2026-03-22,2026-08-06,108,3621,2443,138,0.782609,1.360932,1.287360,0.679466,,,,,,,,GLOBAL_BASELINE_NO_ENTITY_RANKING,,,NOT_APPLICABLE_GLOBAL_BASELINE,HF9g-P5,,,,X 全窗基线 · 不参与实体赏罚,14197664,1420,A168_HF9F_20260827_0900,2026-08-27 09:00:00
2026-03-22,57024343,1991,0,655.4368486596,-655.4368486596,-655.4368486596,0E-7,3,3,0.50665070000000000,0.506650700000,-1.7552447903592512,-1.7552447903592512,-1.7552447903592512,0E-17,ELIGIBLE,R03b_20260811_FULL_v1,L1_ELIGIBILITY,v2026-08-11,2026-03-21..2026-08-06,baccarat_bet02_101_all_pairs_incl_sentinel,round_win = game_pnl > 0 (decisive only),COMPATIBILITY_ONLY_NOT_PRODUCTION,4059548.3812,3680416.6879,6656.9809,9707,9692,-0.00163983,0.01249836,-0.00525961,-0.00163983,-6656.9809,4059548.3812,OK,0.0000,266.2792,4.0000,96.0000,AG03-UNRESOLVED,ALL5_LEVELS_bet23_to_bet27,266.2792,266.2792,266.2792,0.0000,0.0000,4.000000,4.000000,4.000000,0.000000,0.000000,96.000000,96.000000,96.000000,100.000000,100.000000,5.0,798.8377,767.3102,5858.1432,5889.6706,PENDING_AG03,FALSE,NOT_FOR_ENFORCEMENT,6390.7016,3533200.0204,6656.9809,6390.7016,266.2792,0.00163983,0.00157424,266.2792,6390.7016,0.00157424,266.2792,266.2792,266.2792,0.0000,0.0000,6390.7016,0.00157424,798.8377,767.3102,5858.1432,5889.6706,0.00144305,0.00145082,0.00006559,418.2083,379.7376,0.6869,61.6387,1.8384,37588.4109,89.7407,538.3845,395.5999,218.4789,430.6076,432.5446,432.5446,1046.441,1081.3617,427.0584,0.0,2.43015,2.511246,0.971205,30,216,96,2,0.20383968,0.00163983,-0.01249836,0E-8,0.000000,0.906607,0.000000,0.01775797,2026-03-22,2026-08-06,108,3621,2443,138,0.782609,1.360932,1.287360,0.679466,,,,,,,,GLOBAL_BASELINE_NO_ENTITY_RANKING,,,NOT_APPLICABLE_GLOBAL_BASELINE,HF9g-P5,,,,X 全窗基线 · 不参与实体赏罚,14197665,1420,A168_HF9F_20260827_0900,2026-08-27 09:00:00
2026-03-22,57024343,2088,0,7537.5237595854,600.8171112720,600.8171112720,0.5357143,31,29,0.50394654758620690,0.503877210345,0.33620861242902156,0.3369420660857577,0.33620861242902156,0.00006933724120690,ELIGIBLE,R03b_20260811_FULL_v1,L1_ELIGIBILITY,v2026-08-11,2026-03-21..2026-08-06,baccarat_bet02_101_all_pairs_incl_sentinel,round_win = game_pnl > 0 (decisive only),COMPATIBILITY_ONLY_NOT_PRODUCTION,4059548.3812,3680416.6879,6656.9809,9707,9692,-0.00163983,0.01249836,-0.00525961,-0.00163983,-6656.9809,4059548.3812,OK,0.0000,266.2792,4.0000,96.0000,AG03-UNRESOLVED,ALL5_LEVELS_bet23_to_bet27,266.2792,266.2792,266.2792,0.0000,0.0000,4.000000,4.000000,4.000000,0.000000,0.000000,96.000000,96.000000,96.000000,100.000000,100.000000,5.0,798.8377,767.3102,5858.1432,5889.6706,PENDING_AG03,FALSE,NOT_FOR_ENFORCEMENT,6390.7016,3533200.0204,6656.9809,6390.7016,266.2792,0.00163983,0.00157424,266.2792,6390.7016,0.00157424,266.2792,266.2792,266.2792,0.0000,0.0000,6390.7016,0.00157424,798.8377,767.3102,5858.1432,5889.6706,0.00144305,0.00145082,0.00006559,418.2083,379.7376,0.6869,61.6387,1.8384,37588.4109,89.7407,538.3845,395.5999,218.4789,430.6076,432.5446,432.5446,1046.441,1081.3617,427.0584,0.0,2.43015,2.511246,0.971205,30,216,96,2,0.20383968,0.00163983,-0.01249836,0E-8,0.000000,0.906607,0.000000,0.01775797,2026-03-22,2026-08-06,108,3621,2443,138,0.782609,1.360932,1.287360,0.679466,,,,,,,,GLOBAL_BASELINE_NO_ENTITY_RANKING,,,NOT_APPLICABLE_GLOBAL_BASELINE,HF9g-P5,,,,X 全窗基线 · 不参与实体赏罚,14197666,1420,A168_HF9F_20260827_0900,2026-08-27 09:00:00
2026-03-22,57024343,2093,0,3167.9447685214,1125.1665901993,1125.1665901993,0.6923077,13,13,0.50252602307692308,0.502526023077,1.3685525441206632,1.3685525441201094,1.3685525441206632,-7.692E-14,ELIGIBLE,R03b_20260811_FULL_v1,L1_ELIGIBILITY,v2026-08-11,2026-03-21..2026-08-06,baccarat_bet02_101_all_pairs_incl_sentinel,round_win = game_pnl > 0 (decisive only),COMPATIBILITY_ONLY_NOT_PRODUCTION,4059548.3812,3680416.6879,6656.9809,9707,9692,-0.00163983,0.01249836,-0.00525961,-0.00163983,-6656.9809,4059548.3812,OK,0.0000,266.2792,4.0000,96.0000,AG03-UNRESOLVED,ALL5_LEVELS_bet23_to_bet27,266.2792,266.2792,266.2792,0.0000,0.0000,4.000000,4.000000,4.000000,0.000000,0.000000,96.000000,96.000000,96.000000,100.000000,100.000000,5.0,798.8377,767.3102,5858.1432,5889.6706,PENDING_AG03,FALSE,NOT_FOR_ENFORCEMENT,6390.7016,3533200.0204,6656.9809,6390.7016,266.2792,0.00163983,0.00157424,266.2792,6390.7016,0.00157424,266.2792,266.2792,266.2792,0.0000,0.0000,6390.7016,0.00157424,798.8377,767.3102,5858.1432,5889.6706,0.00144305,0.00145082,0.00006559,418.2083,379.7376,0.6869,61.6387,1.8384,37588.4109,89.7407,538.3845,395.5999,218.4789,430.6076,432.5446,432.5446,1046.441,1081.3617,427.0584,0.0,2.43015,2.511246,0.971205,30,216,96,2,0.20383968,0.00163983,-0.01249836,0E-8,0.000000,0.906607,0.000000,0.01775797,2026-03-22,2026-08-06,108,3621,2443,138,0.782609,1.360932,1.287360,0.679466,,,,,,,,GLOBAL_BASELINE_NO_ENTITY_RANKING,,,NOT_APPLICABLE_GLOBAL_BASELINE,HF9g-P5,,,,X 全窗基线 · 不参与实体赏罚,14197667,1420,A168_HF9F_20260827_0900,2026-08-27 09:00:00
2026-03-22,57024343,2115,0,2403.2684450852,819.2960608248,819.2960608248,0.7000000,11,11,0.50177608181818182,0.501776081818,1.2536860458013457,1.253686045802494,1.2536860458013457,1.8182E-13,ELIGIBLE,R03b_20260811_FULL_v1,L1_ELIGIBILITY,v2026-08-11,2026-03-21..2026-08-06,baccarat_bet02_101_all_pairs_incl_sentinel,round_win = game_pnl > 0 (decisive only),COMPATIBILITY_ONLY_NOT_PRODUCTION,4059548.3812,3680416.6879,6656.9809,9707,9692,-0.00163983,0.01249836,-0.00525961,-0.00163983,-6656.9809,4059548.3812,OK,0.0000,266.2792,4.0000,96.0000,AG03-UNRESOLVED,ALL5_LEVELS_bet23_to_bet27,266.2792,266.2792,266.2792,0.0000,0.0000,4.000000,4.000000,4.000000,0.000000,0.000000,96.000000,96.000000,96.000000,100.000000,100.000000,5.0,798.8377,767.3102,5858.1432,5889.6706,PENDING_AG03,FALSE,NOT_FOR_ENFORCEMENT,6390.7016,3533200.0204,6656.9809,6390.7016,266.2792,0.00163983,0.00157424,266.2792,6390.7016,0.00157424,266.2792,266.2792,266.2792,0.0000,0.0000,6390.7016,0.00157424,798.8377,767.3102,5858.1432,5889.6706,0.00144305,0.00145082,0.00006559,418.2083,379.7376,0.6869,61.6387,1.8384,37588.4109,89.7407,538.3845,395.5999,218.4789,430.6076,432.5446,432.5446,1046.441,1081.3617,427.0584,0.0,2.43015,2.511246,0.971205,30,216,96,2,0.20383968,0.00163983,-0.01249836,0E-8,0.000000,0.906607,0.000000,0.01775797,2026-03-22,2026-08-06,108,3621,2443,138,0.782609,1.360932,1.287360,0.679466,,,,,,,,GLOBAL_BASELINE_NO_ENTITY_RANKING,,,NOT_APPLICABLE_GLOBAL_BASELINE,HF9g-P5,,,,X 全窗基线 · 不参与实体赏罚,14197668,1420,A168_HF9F_20260827_0900,2026-08-27 09:00:00
2026-03-22,57024343,2121,0,2621.7473946384,163.8592121652,163.8592121652,0.5454545,12,12,0.50441650000000000,0.504416500000,0.27222621781358125,0.27222621781358125,0.27222621781358125,0E-17,ELIGIBLE,R03b_20260811_FULL_v1,L1_ELIGIBILITY,v2026-08-11,2026-03-21..2026-08-06,baccarat_bet02_101_all_pairs_incl_sentinel,round_win = game_pnl > 0 (decisive only),COMPATIBILITY_ONLY_NOT_PRODUCTION,4059548.3812,3680416.6879,6656.9809,9707,9692,-0.00163983,0.01249836,-0.00525961,-0.00163983,-6656.9809,4059548.3812,OK,0.0000,266.2792,4.0000,96.0000,AG03-UNRESOLVED,ALL5_LEVELS_bet23_to_bet27,266.2792,266.2792,266.2792,0.0000,0.0000,4.000000,4.000000,4.000000,0.000000,0.000000,96.000000,96.000000,96.000000,100.000000,100.000000,5.0,798.8377,767.3102,5858.1432,5889.6706,PENDING_AG03,FALSE,NOT_FOR_ENFORCEMENT,6390.7016,3533200.0204,6656.9809,6390.7016,266.2792,0.00163983,0.00157424,266.2792,6390.7016,0.00157424,266.2792,266.2792,266.2792,0.0000,0.0000,6390.7016,0.00157424,798.8377,767.3102,5858.1432,5889.6706,0.00144305,0.00145082,0.00006559,418.2083,379.7376,0.6869,61.6387,1.8384,37588.4109,89.7407,538.3845,395.5999,218.4789,430.6076,432.5446,432.5446,1046.441,1081.3617,427.0584,0.0,2.43015,2.511246,0.971205,30,216,96,2,0.20383968,0.00163983,-0.01249836,0E-8,0.000000,0.906607,0.000000,0.01775797,2026-03-22,2026-08-06,108,3621,2443,138,0.782609,1.360932,1.287360,0.679466,,,,,,,,GLOBAL_BASELINE_NO_ENTITY_RANKING,,,NOT_APPLICABLE_GLOBAL_BASELINE,HF9g-P5,,,,X 全窗基线 · 不参与实体赏罚,14197669,1420,A168_HF9F_20260827_0900,2026-08-27 09:00:00
2026-03-22,57024343,2141,0,4806.5368901704,109.2394747772,109.2394747772,0.5238095,22,22,0.50360406363636364,0.503604063636,0.18519091244360236,0.18519091244693434,0.18519091244360236,3.6364E-13,ELIGIBLE,R03b_20260811_FULL_v1,L1_ELIGIBILITY,v2026-08-11,2026-03-21..2026-08-06,baccarat_bet02_101_all_pairs_incl_sentinel,round_win = game_pnl > 0 (decisive only),COMPATIBILITY_ONLY_NOT_PRODUCTION,4059548.3812,3680416.6879,6656.9809,9707,9692,-0.00163983,0.01249836,-0.00525961,-0.00163983,-6656.9809,4059548.3812,OK,0.0000,266.2792,4.0000,96.0000,AG03-UNRESOLVED,ALL5_LEVELS_bet23_to_bet27,266.2792,266.2792,266.2792,0.0000,0.0000,4.000000,4.000000,4.000000,0.000000,0.000000,96.000000,96.000000,96.000000,100.000000,100.000000,5.0,798.8377,767.3102,5858.1432,5889.6706,PENDING_AG03,FALSE,NOT_FOR_ENFORCEMENT,6390.7016,3533200.0204,6656.9809,6390.7016,266.2792,0.00163983,0.00157424,266.2792,6390.7016,0.00157424,266.2792,266.2792,266.2792,0.0000,0.0000,6390.7016,0.00157424,798.8377,767.3102,5858.1432,5889.6706,0.00144305,0.00145082,0.00006559,418.2083,379.7376,0.6869,61.6387,1.8384,37588.4109,89.7407,538.3845,395.5999,218.4789,430.6076,432.5446,432.5446,1046.441,1081.3617,427.0584,0.0,2.43015,2.511246,0.971205,30,216,96,2,0.20383968,0.00163983,-0.01249836,0E-8,0.000000,0.906607,0.000000,0.01775797,2026-03-22,2026-08-06,108,3621,2443,138,0.782609,1.360932,1.287360,0.679466,,,,,,,,GLOBAL_BASELINE_NO_ENTITY_RANKING,,,NOT_APPLICABLE_GLOBAL_BASELINE,HF9g-P5,,,,X 全窗基线 · 不参与实体赏罚,14197670,1420,A168_HF9F_20260827_0900,2026-08-27 09:00:00
2026-03-22,57024343,2147,0,1966.3105459788,-32.7718424328,-32.7718424328,0.5000000,9,9,0.50218230000000000,0.502182300000,-0.01234507061437774,-0.01234507061437774,-0.01234507061437774,0E-17,ELIGIBLE,R03b_20260811_FULL_v1,L1_ELIGIBILITY,v2026-08-11,2026-03-21..2026-08-06,baccarat_bet02_101_all_pairs_incl_sentinel,round_win = game_pnl > 0 (decisive only),COMPATIBILITY_ONLY_NOT_PRODUCTION,4059548.3812,3680416.6879,6656.9809,9707,9692,-0.00163983,0.01249836,-0.00525961,-0.00163983,-6656.9809,4059548.3812,OK,0.0000,266.2792,4.0000,96.0000,AG03-UNRESOLVED,ALL5_LEVELS_bet23_to_bet27,266.2792,266.2792,266.2792,0.0000,0.0000,4.000000,4.000000,4.000000,0.000000,0.000000,96.000000,96.000000,96.000000,100.000000,100.000000,5.0,798.8377,767.3102,5858.1432,5889.6706,PENDING_AG03,FALSE,NOT_FOR_ENFORCEMENT,6390.7016,3533200.0204,6656.9809,6390.7016,266.2792,0.00163983,0.00157424,266.2792,6390.7016,0.00157424,266.2792,266.2792,266.2792,0.0000,0.0000,6390.7016,0.00157424,798.8377,767.3102,5858.1432,5889.6706,0.00144305,0.00145082,0.00006559,418.2083,379.7376,0.6869,61.6387,1.8384,37588.4109,89.7407,538.3845,395.5999,218.4789,430.6076,432.5446,432.5446,1046.441,1081.3617,427.0584,0.0,2.43015,2.511246,0.971205,30,216,96,2,0.20383968,0.00163983,-0.01249836,0E-8,0.000000,0.906607,0.000000,0.01775797,2026-03-22,2026-08-06,108,3621,2443,138,0.782609,1.360932,1.287360,0.679466,,,,,,,,GLOBAL_BASELINE_NO_ENTITY_RANKING,,,NOT_APPLICABLE_GLOBAL_BASELINE,HF9g-P5,,,,X 全窗基线 · 不参与实体赏罚,14197671,1420,A168_HF9F_20260827_0900,2026-08-27 09:00:00
2026-03-22,57024343,2155,0,1966.3105459788,-10.9239474776,-10.9239474776,0.5000000,9,9,0.49920336666666667,0.499203366667,0.004506444376759088,0.004506444374873482,0.004506444376759088,-3.3333E-13,ELIGIBLE,R03b_20260811_FULL_v1,L1_ELIGIBILITY,v2026-08-11,2026-03-21..2026-08-06,baccarat_bet02_101_all_pairs_incl_sentinel,round_win = game_pnl > 0 (decisive only),COMPATIBILITY_ONLY_NOT_PRODUCTION,4059548.3812,3680416.6879,6656.9809,9707,9692,-0.00163983,0.01249836,-0.00525961,-0.00163983,-6656.9809,4059548.3812,OK,0.0000,266.2792,4.0000,96.0000,AG03-UNRESOLVED,ALL5_LEVELS_bet23_to_bet27,266.2792,266.2792,266.2792,0.0000,0.0000,4.000000,4.000000,4.000000,0.000000,0.000000,96.000000,96.000000,96.000000,100.000000,100.000000,5.0,798.8377,767.3102,5858.1432,5889.6706,PENDING_AG03,FALSE,NOT_FOR_ENFORCEMENT,6390.7016,3533200.0204,6656.9809,6390.7016,266.2792,0.00163983,0.00157424,266.2792,6390.7016,0.00157424,266.2792,266.2792,266.2792,0.0000,0.0000,6390.7016,0.00157424,798.8377,767.3102,5858.1432,5889.6706,0.00144305,0.00145082,0.00006559,418.2083,379.7376,0.6869,61.6387,1.8384,37588.4109,89.7407,538.3845,395.5999,218.4789,430.6076,432.5446,432.5446,1046.441,1081.3617,427.0584,0.0,2.43015,2.511246,0.971205,30,216,96,2,0.20383968,0.00163983,-0.01249836,0E-8,0.000000,0.906607,0.000000,0.01775797,2026-03-22,2026-08-06,108,3621,2443,138,0.782609,1.360932,1.287360,0.679466,,,,,,,,GLOBAL_BASELINE_NO_ENTITY_RANKING,,,NOT_APPLICABLE_GLOBAL_BASELINE,HF9g-P5,,,,X 全窗基线 · 不参与实体赏罚,14197672,1420,A168_HF9F_20260827_0900,2026-08-27 09:00:00
2026-03-22,57024343,2175,0,1092.3947477660,404.1860566736,404.1860566736,0.7500000,5,5,0.50665070000000000,0.506650700000,0.9734833216690844,0.9734833216690844,0.9734833216690844,0E-17,ELIGIBLE,R03b_20260811_FULL_v1,L1_ELIGIBILITY,v2026-08-11,2026-03-21..2026-08-06,baccarat_bet02_101_all_pairs_incl_sentinel,round_win = game_pnl > 0 (decisive only),COMPATIBILITY_ONLY_NOT_PRODUCTION,4059548.3812,3680416.6879,6656.9809,9707,9692,-0.00163983,0.01249836,-0.00525961,-0.00163983,-6656.9809,4059548.3812,OK,0.0000,266.2792,4.0000,96.0000,AG03-UNRESOLVED,ALL5_LEVELS_bet23_to_bet27,266.2792,266.2792,266.2792,0.0000,0.0000,4.000000,4.000000,4.000000,0.000000,0.000000,96.000000,96.000000,96.000000,100.000000,100.000000,5.0,798.8377,767.3102,5858.1432,5889.6706,PENDING_AG03,FALSE,NOT_FOR_ENFORCEMENT,6390.7016,3533200.0204,6656.9809,6390.7016,266.2792,0.00163983,0.00157424,266.2792,6390.7016,0.00157424,266.2792,266.2792,266.2792,0.0000,0.0000,6390.7016,0.00157424,798.8377,767.3102,5858.1432,5889.6706,0.00144305,0.00145082,0.00006559,418.2083,379.7376,0.6869,61.6387,1.8384,37588.4109,89.7407,538.3845,395.5999,218.4789,430.6076,432.5446,432.5446,1046.441,1081.3617,427.0584,0.0,2.43015,2.511246,0.971205,30,216,96,2,0.20383968,0.00163983,-0.01249836,0E-8,0.000000,0.906607,0.000000,0.01775797,2026-03-22,2026-08-06,108,3621,2443,138,0.782609,1.360932,1.287360,0.679466,,,,,,,,GLOBAL_BASELINE_NO_ENTITY_RANKING,,,NOT_APPLICABLE_GLOBAL_BASELINE,HF9g-P5,,,,X 全窗基线 · 不参与实体赏罚,14197673,1420,A168_HF9F_20260827_0900,2026-08-27 09:00:00
2026-03-22,57024343,2177,0,3604.9026676278,-808.3721133466,-808.3721133466,0.4285714,15,15,0.50396966000000000,0.503969660000,-0.5642464824474693,-0.5642464824474693,-0.5642464824474693,0E-17,ELIGIBLE,R03b_20260811_FULL_v1,L1_ELIGIBILITY,v2026-08-11,2026-03-21..2026-08-06,baccarat_bet02_101_all_pairs_incl_sentinel,round_win = game_pnl > 0 (decisive only),COMPATIBILITY_ONLY_NOT_PRODUCTION,4059548.3812,3680416.6879,6656.9809,9707,9692,-0.00163983,0.01249836,-0.00525961,-0.00163983,-6656.9809,4059548.3812,OK,0.0000,266.2792,4.0000,96.0000,AG03-UNRESOLVED,ALL5_LEVELS_bet23_to_bet27,266.2792,266.2792,266.2792,0.0000,0.0000,4.000000,4.000000,4.000000,0.000000,0.000000,96.000000,96.000000,96.000000,100.000000,100.000000,5.0,798.8377,767.3102,5858.1432,5889.6706,PENDING_AG03,FALSE,NOT_FOR_ENFORCEMENT,6390.7016,3533200.0204,6656.9809,6390.7016,266.2792,0.00163983,0.00157424,266.2792,6390.7016,0.00157424,266.2792,266.2792,266.2792,0.0000,0.0000,6390.7016,0.00157424,798.8377,767.3102,5858.1432,5889.6706,0.00144305,0.00145082,0.00006559,418.2083,379.7376,0.6869,61.6387,1.8384,37588.4109,89.7407,538.3845,395.5999,218.4789,430.6076,432.5446,432.5446,1046.441,1081.3617,427.0584,0.0,2.43015,2.511246,0.971205,30,216,96,2,0.20383968,0.00163983,-0.01249836,0E-8,0.000000,0.906607,0.000000,0.01775797,2026-03-22,2026-08-06,108,3621,2443,138,0.782609,1.360932,1.287360,0.679466,,,,,,,,GLOBAL_BASELINE_NO_ENTITY_RANKING,,,NOT_APPLICABLE_GLOBAL_BASELINE,HF9g-P5,,,,X 全窗基线 · 不参与实体赏罚,14197674,1420,A168_HF9F_20260827_0900,2026-08-27 09:00:00
2026-03-22,57024343,2216,0,1966.3105459788,633.5889537044,633.5889537044,0.7142857,9,9,0.49771390000000000,0.497713900000,1.1460023018311523,1.1460023018311523,1.1460023018311523,0E-17,ELIGIBLE,R03b_20260811_FULL_v1,L1_ELIGIBILITY,v2026-08-11,2026-03-21..2026-08-06,baccarat_bet02_101_all_pairs_incl_sentinel,round_win = game_pnl > 0 (decisive only),COMPATIBILITY_ONLY_NOT_PRODUCTION,4059548.3812,3680416.6879,6656.9809,9707,9692,-0.00163983,0.01249836,-0.00525961,-0.00163983,-6656.9809,4059548.3812,OK,0.0000,266.2792,4.0000,96.0000,AG03-UNRESOLVED,ALL5_LEVELS_bet23_to_bet27,266.2792,266.2792,266.2792,0.0000,0.0000,4.000000,4.000000,4.000000,0.000000,0.000000,96.000000,96.000000,96.000000,100.000000,100.000000,5.0,798.8377,767.3102,5858.1432,5889.6706,PENDING_AG03,FALSE,NOT_FOR_ENFORCEMENT,6390.7016,3533200.0204,6656.9809,6390.7016,266.2792,0.00163983,0.00157424,266.2792,6390.7016,0.00157424,266.2792,266.2792,266.2792,0.0000,0.0000,6390.7016,0.00157424,798.8377,767.3102,5858.1432,5889.6706,0.00144305,0.00145082,0.00006559,418.2083,379.7376,0.6869,61.6387,1.8384,37588.4109,89.7407,538.3845,395.5999,218.4789,430.6076,432.5446,432.5446,1046.441,1081.3617,427.0584,0.0,2.43015,2.511246,0.971205,30,216,96,2,0.20383968,0.00163983,-0.01249836,0E-8,0.000000,0.906607,0.000000,0.01775797,2026-03-22,2026-08-06,108,3621,2443,138,0.782609,1.360932,1.287360,0.679466,,,,,,,,GLOBAL_BASELINE_NO_ENTITY_RANKING,,,NOT_APPLICABLE_GLOBAL_BASELINE,HF9g-P5,,,,X 全窗基线 · 不参与实体赏罚,14197675,1420,A168_HF9F_20260827_0900,2026-08-27 09:00:00
2026-03-22,57024343,2218,0,1747.8315964256,633.5889537044,633.5889537044,0.7142857,8,8,0.50162375000000000,0.501623750000,1.1253072755500886,1.1253072755500886,1.1253072755500886,0E-17,ELIGIBLE,R03b_20260811_FULL_v1,L1_ELIGIBILITY,v2026-08-11,2026-03-21..2026-08-06,baccarat_bet02_101_all_pairs_incl_sentinel,round_win = game_pnl > 0 (decisive only),COMPATIBILITY_ONLY_NOT_PRODUCTION,4059548.3812,3680416.6879,6656.9809,9707,9692,-0.00163983,0.01249836,-0.00525961,-0.00163983,-6656.9809,4059548.3812,OK,0.0000,266.2792,4.0000,96.0000,AG03-UNRESOLVED,ALL5_LEVELS_bet23_to_bet27,266.2792,266.2792,266.2792,0.0000,0.0000,4.000000,4.000000,4.000000,0.000000,0.000000,96.000000,96.000000,96.000000,100.000000,100.000000,5.0,798.8377,767.3102,5858.1432,5889.6706,PENDING_AG03,FALSE,NOT_FOR_ENFORCEMENT,6390.7016,3533200.0204,6656.9809,6390.7016,266.2792,0.00163983,0.00157424,266.2792,6390.7016,0.00157424,266.2792,266.2792,266.2792,0.0000,0.0000,6390.7016,0.00157424,798.8377,767.3102,5858.1432,5889.6706,0.00144305,0.00145082,0.00006559,418.2083,379.7376,0.6869,61.6387,1.8384,37588.4109,89.7407,538.3845,395.5999,218.4789,430.6076,432.5446,432.5446,1046.441,1081.3617,427.0584,0.0,2.43015,2.511246,0.971205,30,216,96,2,0.20383968,0.00163983,-0.01249836,0E-8,0.000000,0.906607,0.000000,0.01775797,2026-03-22,2026-08-06,108,3621,2443,138,0.782609,1.360932,1.287360,0.679466,,,,,,,,GLOBAL_BASELINE_NO_ENTITY_RANKING,,,NOT_APPLICABLE_GLOBAL_BASELINE,HF9g-P5,,,,X 全窗基线 · 不参与实体赏罚,14197676,1420,A168_HF9F_20260827_0900,2026-08-27 09:00:00
2026-03-22,57024343,2222,0,1529.3526468724,-251.2507919860,-251.2507919860,0.4285714,7,7,0.50282064285714286,0.502820642857,-0.39289616391791987,-0.3928961639171632,-0.39289616391791987,1.4286E-13,ELIGIBLE,R03b_20260811_FULL_v1,L1_ELIGIBILITY,v2026-08-11,2026-03-21..2026-08-06,baccarat_bet02_101_all_pairs_incl_sentinel,round_win = game_pnl > 0 (decisive only),COMPATIBILITY_ONLY_NOT_PRODUCTION,4059548.3812,3680416.6879,6656.9809,9707,9692,-0.00163983,0.01249836,-0.00525961,-0.00163983,-6656.9809,4059548.3812,OK,0.0000,266.2792,4.0000,96.0000,AG03-UNRESOLVED,ALL5_LEVELS_bet23_to_bet27,266.2792,266.2792,266.2792,0.0000,0.0000,4.000000,4.000000,4.000000,0.000000,0.000000,96.000000,96.000000,96.000000,100.000000,100.000000,5.0,798.8377,767.3102,5858.1432,5889.6706,PENDING_AG03,FALSE,NOT_FOR_ENFORCEMENT,6390.7016,3533200.0204,6656.9809,6390.7016,266.2792,0.00163983,0.00157424,266.2792,6390.7016,0.00157424,266.2792,266.2792,266.2792,0.0000,0.0000,6390.7016,0.00157424,798.8377,767.3102,5858.1432,5889.6706,0.00144305,0.00145082,0.00006559,418.2083,379.7376,0.6869,61.6387,1.8384,37588.4109,89.7407,538.3845,395.5999,218.4789,430.6076,432.5446,432.5446,1046.441,1081.3617,427.0584,0.0,2.43015,2.511246,0.971205,30,216,96,2,0.20383968,0.00163983,-0.01249836,0E-8,0.000000,0.906607,0.000000,0.01775797,2026-03-22,2026-08-06,108,3621,2443,138,0.782609,1.360932,1.287360,0.679466,,,,,,,,GLOBAL_BASELINE_NO_ENTITY_RANKING,,,NOT_APPLICABLE_GLOBAL_BASELINE,HF9g-P5,,,,X 全窗基线 · 不参与实体赏罚,14197677,1420,A168_HF9F_20260827_0900,2026-08-27 09:00:00
2026-03-22,57024343,2229,0,1092.3947477660,-240.3268445084,-240.3268445084,0.4000000,5,5,0.50396966000000000,0.503969660000,-0.4649811094771361,-0.4649811094771361,-0.4649811094771361,0E-17,ELIGIBLE,R03b_20260811_FULL_v1,L1_ELIGIBILITY,v2026-08-11,2026-03-21..2026-08-06,baccarat_bet02_101_all_pairs_incl_sentinel,round_win = game_pnl > 0 (decisive only),COMPATIBILITY_ONLY_NOT_PRODUCTION,4059548.3812,3680416.6879,6656.9809,9707,9692,-0.00163983,0.01249836,-0.00525961,-0.00163983,-6656.9809,4059548.3812,OK,0.0000,266.2792,4.0000,96.0000,AG03-UNRESOLVED,ALL5_LEVELS_bet23_to_bet27,266.2792,266.2792,266.2792,0.0000,0.0000,4.000000,4.000000,4.000000,0.000000,0.000000,96.000000,96.000000,96.000000,100.000000,100.000000,5.0,798.8377,767.3102,5858.1432,5889.6706,PENDING_AG03,FALSE,NOT_FOR_ENFORCEMENT,6390.7016,3533200.0204,6656.9809,6390.7016,266.2792,0.00163983,0.00157424,266.2792,6390.7016,0.00157424,266.2792,266.2792,266.2792,0.0000,0.0000,6390.7016,0.00157424,798.8377,767.3102,5858.1432,5889.6706,0.00144305,0.00145082,0.00006559,418.2083,379.7376,0.6869,61.6387,1.8384,37588.4109,89.7407,538.3845,395.5999,218.4789,430.6076,432.5446,432.5446,1046.441,1081.3617,427.0584,0.0,2.43015,2.511246,0.971205,30,216,96,2,0.20383968,0.00163983,-0.01249836,0E-8,0.000000,0.906607,0.000000,0.01775797,2026-03-22,2026-08-06,108,3621,2443,138,0.782609,1.360932,1.287360,0.679466,,,,,,,,GLOBAL_BASELINE_NO_ENTITY_RANKING,,,NOT_APPLICABLE_GLOBAL_BASELINE,HF9g-P5,,,,X 全窗基线 · 不参与实体赏罚,14197678,1420,A168_HF9F_20260827_0900,2026-08-27 09:00:00
2026-03-22,57024343,2233,0,1310.8736973192,393.2621091960,393.2621091960,0.6666667,6,6,0.50665070000000000,0.506650700000,0.7839842952205449,0.7839842952205449,0.7839842952205449,0E-17,ELIGIBLE,R03b_20260811_FULL_v1,L1_ELIGIBILITY,v2026-08-11,2026-03-21..2026-08-06,baccarat_bet02_101_all_pairs_incl_sentinel,round_win = game_pnl > 0 (decisive only),COMPATIBILITY_ONLY_NOT_PRODUCTION,4059548.3812,3680416.6879,6656.9809,9707,9692,-0.00163983,0.01249836,-0.00525961,-0.00163983,-6656.9809,4059548.3812,OK,0.0000,266.2792,4.0000,96.0000,AG03-UNRESOLVED,ALL5_LEVELS_bet23_to_bet27,266.2792,266.2792,266.2792,0.0000,0.0000,4.000000,4.000000,4.000000,0.000000,0.000000,96.000000,96.000000,96.000000,100.000000,100.000000,5.0,798.8377,767.3102,5858.1432,5889.6706,PENDING_AG03,FALSE,NOT_FOR_ENFORCEMENT,6390.7016,3533200.0204,6656.9809,6390.7016,266.2792,0.00163983,0.00157424,266.2792,6390.7016,0.00157424,266.2792,266.2792,266.2792,0.0000,0.0000,6390.7016,0.00157424,798.8377,767.3102,5858.1432,5889.6706,0.00144305,0.00145082,0.00006559,418.2083,379.7376,0.6869,61.6387,1.8384,37588.4109,89.7407,538.3845,395.5999,218.4789,430.6076,432.5446,432.5446,1046.441,1081.3617,427.0584,0.0,2.43015,2.511246,0.971205,30,216,96,2,0.20383968,0.00163983,-0.01249836,0E-8,0.000000,0.906607,0.000000,0.01775797,2026-03-22,2026-08-06,108,3621,2443,138,0.782609,1.360932,1.287360,0.679466,,,,,,,,GLOBAL_BASELINE_NO_ENTITY_RANKING,,,NOT_APPLICABLE_GLOBAL_BASELINE,HF9g-P5,,,,X 全窗基线 · 不参与实体赏罚,14197679,1420,A168_HF9F_20260827_0900,2026-08-27 09:00:00
2026-03-22,57024343,2248,0,2621.7473946384,-32.7718424328,-32.7718424328,0.5000000,12,12,0.50329940000000000,0.503299400000,-0.018664631283057894,-0.018664631283057894,-0.018664631283057894,0E-17,ELIGIBLE,R03b_20260811_FULL_v1,L1_ELIGIBILITY,v2026-08-11,2026-03-21..2026-08-06,baccarat_bet02_101_all_pairs_incl_sentinel,round_win = game_pnl > 0 (decisive only),COMPATIBILITY_ONLY_NOT_PRODUCTION,4059548.3812,3680416.6879,6656.9809,9707,9692,-0.00163983,0.01249836,-0.00525961,-0.00163983,-6656.9809,4059548.3812,OK,0.0000,266.2792,4.0000,96.0000,AG03-UNRESOLVED,ALL5_LEVELS_bet23_to_bet27,266.2792,266.2792,266.2792,0.0000,0.0000,4.000000,4.000000,4.000000,0.000000,0.000000,96.000000,96.000000,96.000000,100.000000,100.000000,5.0,798.8377,767.3102,5858.1432,5889.6706,PENDING_AG03,FALSE,NOT_FOR_ENFORCEMENT,6390.7016,3533200.0204,6656.9809,6390.7016,266.2792,0.00163983,0.00157424,266.2792,6390.7016,0.00157424,266.2792,266.2792,266.2792,0.0000,0.0000,6390.7016,0.00157424,798.8377,767.3102,5858.1432,5889.6706,0.00144305,0.00145082,0.00006559,418.2083,379.7376,0.6869,61.6387,1.8384,37588.4109,89.7407,538.3845,395.5999,218.4789,430.6076,432.5446,432.5446,1046.441,1081.3617,427.0584,0.0,2.43015,2.511246,0.971205,30,216,96,2,0.20383968,0.00163983,-0.01249836,0E-8,0.000000,0.906607,0.000000,0.01775797,2026-03-22,2026-08-06,108,3621,2443,138,0.782609,1.360932,1.287360,0.679466,,,,,,,,GLOBAL_BASELINE_NO_ENTITY_RANKING,,,NOT_APPLICABLE_GLOBAL_BASELINE,HF9g-P5,,,,X 全窗基线 · 不参与实体赏罚,14197680,1420,A168_HF9F_20260827_0900,2026-08-27 09:00:00
2026-03-22,57024343,772,0,873.9157982128,-21.8478949552,-21.8478949552,0.5000000,4,4,0.50329940000000000,0.503299400000,-0.01319788734859681,-0.01319788734859681,-0.01319788734859681,0E-17,ELIGIBLE,R03b_20260811_FULL_v1,L1_ELIGIBILITY,v2026-08-11,2026-03-21..2026-08-06,baccarat_bet02_101_all_pairs_incl_sentinel,round_win = game_pnl > 0 (decisive only),COMPATIBILITY_ONLY_NOT_PRODUCTION,4059548.3812,3680416.6879,6656.9809,9707,9692,-0.00163983,0.01249836,-0.00525961,-0.00163983,-6656.9809,4059548.3812,OK,0.0000,266.2792,4.0000,96.0000,AG03-UNRESOLVED,ALL5_LEVELS_bet23_to_bet27,266.2792,266.2792,266.2792,0.0000,0.0000,4.000000,4.000000,4.000000,0.000000,0.000000,96.000000,96.000000,96.000000,100.000000,100.000000,5.0,798.8377,767.3102,5858.1432,5889.6706,PENDING_AG03,FALSE,NOT_FOR_ENFORCEMENT,6390.7016,3533200.0204,6656.9809,6390.7016,266.2792,0.00163983,0.00157424,266.2792,6390.7016,0.00157424,266.2792,266.2792,266.2792,0.0000,0.0000,6390.7016,0.00157424,798.8377,767.3102,5858.1432,5889.6706,0.00144305,0.00145082,0.00006559,418.2083,379.7376,0.6869,61.6387,1.8384,37588.4109,89.7407,538.3845,395.5999,218.4789,430.6076,432.5446,432.5446,1046.441,1081.3617,427.0584,0.0,2.43015,2.511246,0.971205,30,216,96,2,0.20383968,0.00163983,-0.01249836,0E-8,0.000000,0.906607,0.000000,0.01775797,2026-03-22,2026-08-06,108,3621,2443,138,0.782609,1.360932,1.287360,0.679466,,,,,,,,GLOBAL_BASELINE_NO_ENTITY_RANKING,,,NOT_APPLICABLE_GLOBAL_BASELINE,HF9g-P5,,,,X 全窗基线 · 不参与实体赏罚,14197681,1420,A168_HF9F_20260827_0900,2026-08-27 09:00:00
2026-03-22,57024343,948,0,2949.4658189682,-174.7831596423,-174.7831596423,0.4166667,13,13,0.50458836153846154,0.504588361538,-0.609165020539505,-0.6091650205363021,-0.609165020539505,4.6154E-13,ELIGIBLE,R03b_20260811_FULL_v1,L1_ELIGIBILITY,v2026-08-11,2026-03-21..2026-08-06,baccarat_bet02_101_all_pairs_incl_sentinel,round_win = game_pnl > 0 (decisive only),COMPATIBILITY_ONLY_NOT_PRODUCTION,4059548.3812,3680416.6879,6656.9809,9707,9692,-0.00163983,0.01249836,-0.00525961,-0.00163983,-6656.9809,4059548.3812,OK,0.0000,266.2792,4.0000,96.0000,AG03-UNRESOLVED,ALL5_LEVELS_bet23_to_bet27,266.2792,266.2792,266.2792,0.0000,0.0000,4.000000,4.000000,4.000000,0.000000,0.000000,96.000000,96.000000,96.000000,100.000000,100.000000,5.0,798.8377,767.3102,5858.1432,5889.6706,PENDING_AG03,FALSE,NOT_FOR_ENFORCEMENT,6390.7016,3533200.0204,6656.9809,6390.7016,266.2792,0.00163983,0.00157424,266.2792,6390.7016,0.00157424,266.2792,266.2792,266.2792,0.0000,0.0000,6390.7016,0.00157424,798.8377,767.3102,5858.1432,5889.6706,0.00144305,0.00145082,0.00006559,418.2083,379.7376,0.6869,61.6387,1.8384,37588.4109,89.7407,538.3845,395.5999,218.4789,430.6076,432.5446,432.5446,1046.441,1081.3617,427.0584,0.0,2.43015,2.511246,0.971205,30,216,96,2,0.20383968,0.00163983,-0.01249836,0E-8,0.000000,0.906607,0.000000,0.01775797,2026-03-22,2026-08-06,108,3621,2443,138,0.782609,1.360932,1.287360,0.679466,,,,,,,,GLOBAL_BASELINE_NO_ENTITY_RANKING,,,NOT_APPLICABLE_GLOBAL_BASELINE,HF9g-P5,,,,X 全窗基线 · 不参与实体赏罚,14197682,1420,A168_HF9F_20260827_0900,2026-08-27 09:00:00
2026-03-23,57024343,-1,1,5461.9737388300,-1387.3413296627,-1387.3413296627,0.3333333,18,18,0.50292703333333333,0.502927033333,-1.3136896617720177,-1.313689661769431,-1.3136896617720177,3.3333E-13,SENTINEL_DEALER,R03b_20260811_FULL_v1,L1_ELIGIBILITY,v2026-08-11,2026-03-21..2026-08-06,baccarat_bet02_101_all_pairs_incl_sentinel,round_win = game_pnl > 0 (decisive only),COMPATIBILITY_ONLY_NOT_PRODUCTION,4059548.3812,3680416.6879,6656.9809,9707,9692,-0.00163983,0.01249836,-0.00525961,-0.00163983,-6656.9809,4059548.3812,OK,0.0000,266.2792,4.0000,96.0000,AG03-UNRESOLVED,ALL5_LEVELS_bet23_to_bet27,266.2792,266.2792,266.2792,0.0000,0.0000,4.000000,4.000000,4.000000,0.000000,0.000000,96.000000,96.000000,96.000000,100.000000,100.000000,5.0,798.8377,767.3102,5858.1432,5889.6706,PENDING_AG03,FALSE,NOT_FOR_ENFORCEMENT,6390.7016,3533200.0204,6656.9809,6390.7016,266.2792,0.00163983,0.00157424,266.2792,6390.7016,0.00157424,266.2792,266.2792,266.2792,0.0000,0.0000,6390.7016,0.00157424,798.8377,767.3102,5858.1432,5889.6706,0.00144305,0.00145082,0.00006559,418.2083,379.7376,0.6869,61.6387,1.8384,37588.4109,89.7407,538.3845,395.5999,218.4789,430.6076,432.5446,432.5446,1046.441,1081.3617,427.0584,0.0,2.43015,2.511246,0.971205,30,216,96,2,0.20383968,0.00163983,-0.01249836,0E-8,0.000000,0.906607,0.000000,0.01775797,2026-03-22,2026-08-06,108,3621,2443,138,0.782609,1.360932,1.287360,0.679466,,,,,,,,GLOBAL_BASELINE_NO_ENTITY_RANKING,,,NOT_APPLICABLE_GLOBAL_BASELINE,HF9g-P5,,,,X 全窗基线 · 不参与实体赏罚,14197683,1420,A168_HF9F_20260827_0900,2026-08-27 09:00:00
2026-03-23,57024343,1004,0,1310.8736973192,-1092.3947477660,-1092.3947477660,0E-7,5,5,0.50396966000000000,0.503969660000,-2.0159421762433145,-2.015942176243315,-2.0159421762433145,0E-17,ELIGIBLE,R03b_20260811_FULL_v1,L1_ELIGIBILITY,v2026-08-11,2026-03-21..2026-08-06,baccarat_bet02_101_all_pairs_incl_sentinel,round_win = game_pnl > 0 (decisive only),COMPATIBILITY_ONLY_NOT_PRODUCTION,4059548.3812,3680416.6879,6656.9809,9707,9692,-0.00163983,0.01249836,-0.00525961,-0.00163983,-6656.9809,4059548.3812,OK,0.0000,266.2792,4.0000,96.0000,AG03-UNRESOLVED,ALL5_LEVELS_bet23_to_bet27,266.2792,266.2792,266.2792,0.0000,0.0000,4.000000,4.000000,4.000000,0.000000,0.000000,96.000000,96.000000,96.000000,100.000000,100.000000,5.0,798.8377,767.3102,5858.1432,5889.6706,PENDING_AG03,FALSE,NOT_FOR_ENFORCEMENT,6390.7016,3533200.0204,6656.9809,6390.7016,266.2792,0.00163983,0.00157424,266.2792,6390.7016,0.00157424,266.2792,266.2792,266.2792,0.0000,0.0000,6390.7016,0.00157424,798.8377,767.3102,5858.1432,5889.6706,0.00144305,0.00145082,0.00006559,418.2083,379.7376,0.6869,61.6387,1.8384,37588.4109,89.7407,538.3845,395.5999,218.4789,430.6076,432.5446,432.5446,1046.441,1081.3617,427.0584,0.0,2.43015,2.511246,0.971205,30,216,96,2,0.20383968,0.00163983,-0.01249836,0E-8,0.000000,0.906607,0.000000,0.01775797,2026-03-22,2026-08-06,108,3621,2443,138,0.782609,1.360932,1.287360,0.679466,,,,,,,,GLOBAL_BASELINE_NO_ENTITY_RANKING,,,NOT_APPLICABLE_GLOBAL_BASELINE,HF9g-P5,,,,X 全窗基线 · 不参与实体赏罚,14197684,1420,A168_HF9F_20260827_0900,2026-08-27 09:00:00
2026-03-23,57024343,1094,0,218.4789495532,-218.4789495532,-218.4789495532,0E-7,1,1,0.50665070000000000,0.506650700000,-1.013391052207602,-1.013391052207602,-1.013391052207602,0E-17,ELIGIBLE,R03b_20260811_FULL_v1,L1_ELIGIBILITY,v2026-08-11,2026-03-21..2026-08-06,baccarat_bet02_101_all_pairs_incl_sentinel,round_win = game_pnl > 0 (decisive only),COMPATIBILITY_ONLY_NOT_PRODUCTION,4059548.3812,3680416.6879,6656.9809,9707,9692,-0.00163983,0.01249836,-0.00525961,-0.00163983,-6656.9809,4059548.3812,OK,0.0000,266.2792,4.0000,96.0000,AG03-UNRESOLVED,ALL5_LEVELS_bet23_to_bet27,266.2792,266.2792,266.2792,0.0000,0.0000,4.000000,4.000000,4.000000,0.000000,0.000000,96.000000,96.000000,96.000000,100.000000,100.000000,5.0,798.8377,767.3102,5858.1432,5889.6706,PENDING_AG03,FALSE,NOT_FOR_ENFORCEMENT,6390.7016,3533200.0204,6656.9809,6390.7016,266.2792,0.00163983,0.00157424,266.2792,6390.7016,0.00157424,266.2792,266.2792,266.2792,0.0000,0.0000,6390.7016,0.00157424,798.8377,767.3102,5858.1432,5889.6706,0.00144305,0.00145082,0.00006559,418.2083,379.7376,0.6869,61.6387,1.8384,37588.4109,89.7407,538.3845,395.5999,218.4789,430.6076,432.5446,432.5446,1046.441,1081.3617,427.0584,0.0,2.43015,2.511246,0.971205,30,216,96,2,0.20383968,0.00163983,-0.01249836,0E-8,0.000000,0.906607,0.000000,0.01775797,2026-03-22,2026-08-06,108,3621,2443,138,0.782609,1.360932,1.287360,0.679466,,,,,,,,GLOBAL_BASELINE_NO_ENTITY_RANKING,,,NOT_APPLICABLE_GLOBAL_BASELINE,HF9g-P5,,,,X 全窗基线 · 不参与实体赏罚,14197685,1420,A168_HF9F_20260827_0900,2026-08-27 09:00:00
2026-03-23,57024343,1109,0,1747.8315964256,-873.9157982128,-873.9157982128,0.2500000,4,4,0.49659680000000000,0.496596800000,-0.9864100490137353,-0.9864100490137354,-0.9864100490137353,0E-17,ELIGIBLE,R03b_20260811_FULL_v1,L1_ELIGIBILITY,v2026-08-11,2026-03-21..2026-08-06,baccarat_bet02_101_all_pairs_incl_sentinel,round_win = game_pnl > 0 (decisive only),COMPATIBILITY_ONLY_NOT_PRODUCTION,4059548.3812,3680416.6879,6656.9809,9707,9692,-0.00163983,0.01249836,-0.00525961,-0.00163983,-6656.9809,4059548.3812,OK,0.0000,266.2792,4.0000,96.0000,AG03-UNRESOLVED,ALL5_LEVELS_bet23_to_bet27,266.2792,266.2792,266.2792,0.0000,0.0000,4.000000,4.000000,4.000000,0.000000,0.000000,96.000000,96.000000,96.000000,100.000000,100.000000,5.0,798.8377,767.3102,5858.1432,5889.6706,PENDING_AG03,FALSE,NOT_FOR_ENFORCEMENT,6390.7016,3533200.0204,6656.9809,6390.7016,266.2792,0.00163983,0.00157424,266.2792,6390.7016,0.00157424,266.2792,266.2792,266.2792,0.0000,0.0000,6390.7016,0.00157424,798.8377,767.3102,5858.1432,5889.6706,0.00144305,0.00145082,0.00006559,418.2083,379.7376,0.6869,61.6387,1.8384,37588.4109,89.7407,538.3845,395.5999,218.4789,430.6076,432.5446,432.5446,1046.441,1081.3617,427.0584,0.0,2.43015,2.511246,0.971205,30,216,96,2,0.20383968,0.00163983,-0.01249836,0E-8,0.000000,0.906607,0.000000,0.01775797,2026-03-22,2026-08-06,108,3621,2443,138,0.782609,1.360932,1.287360,0.679466,,,,,,,,GLOBAL_BASELINE_NO_ENTITY_RANKING,,,NOT_APPLICABLE_GLOBAL_BASELINE,HF9g-P5,,,,X 全窗基线 · 不参与实体赏罚,14197686,1420,A168_HF9F_20260827_0900,2026-08-27 09:00:00
2026-03-23,57024343,1115,0,436.9578991064,-436.9578991064,-436.9578991064,0E-7,2,2,0.50665070000000000,0.506650700000,-1.4331513700195317,-1.4331513700195317,-1.4331513700195317,0E-17,ELIGIBLE,R03b_20260811_FULL_v1,L1_ELIGIBILITY,v2026-08-11,2026-03-21..2026-08-06,baccarat_bet02_101_all_pairs_incl_sentinel,round_win = game_pnl > 0 (decisive only),COMPATIBILITY_ONLY_NOT_PRODUCTION,4059548.3812,3680416.6879,6656.9809,9707,9692,-0.00163983,0.01249836,-0.00525961,-0.00163983,-6656.9809,4059548.3812,OK,0.0000,266.2792,4.0000,96.0000,AG03-UNRESOLVED,ALL5_LEVELS_bet23_to_bet27,266.2792,266.2792,266.2792,0.0000,0.0000,4.000000,4.000000,4.000000,0.000000,0.000000,96.000000,96.000000,96.000000,100.000000,100.000000,5.0,798.8377,767.3102,5858.1432,5889.6706,PENDING_AG03,FALSE,NOT_FOR_ENFORCEMENT,6390.7016,3533200.0204,6656.9809,6390.7016,266.2792,0.00163983,0.00157424,266.2792,6390.7016,0.00157424,266.2792,266.2792,266.2792,0.0000,0.0000,6390.7016,0.00157424,798.8377,767.3102,5858.1432,5889.6706,0.00144305,0.00145082,0.00006559,418.2083,379.7376,0.6869,61.6387,1.8384,37588.4109,89.7407,538.3845,395.5999,218.4789,430.6076,432.5446,432.5446,1046.441,1081.3617,427.0584,0.0,2.43015,2.511246,0.971205,30,216,96,2,0.20383968,0.00163983,-0.01249836,0E-8,0.000000,0.906607,0.000000,0.01775797,2026-03-22,2026-08-06,108,3621,2443,138,0.782609,1.360932,1.287360,0.679466,,,,,,,,GLOBAL_BASELINE_NO_ENTITY_RANKING,,,NOT_APPLICABLE_GLOBAL_BASELINE,HF9g-P5,,,,X 全窗基线 · 不参与实体赏罚,14197687,1420,A168_HF9F_20260827_0900,2026-08-27 09:00:00
2026-03-23,57024343,1283,0,655.4368486596,415.1100041511,415.1100041511,1.0000000,2,2,0.50665070000000000,0.506650700000,0.9867858985152569,0.9867858985152569,0.9867858985152569,0E-17,ELIGIBLE,R03b_20260811_FULL_v1,L1_ELIGIBILITY,v2026-08-11,2026-03-21..2026-08-06,baccarat_bet02_101_all_pairs_incl_sentinel,round_win = game_pnl > 0 (decisive only),COMPATIBILITY_ONLY_NOT_PRODUCTION,4059548.3812,3680416.6879,6656.9809,9707,9692,-0.00163983,0.01249836,-0.00525961,-0.00163983,-6656.9809,4059548.3812,OK,0.0000,266.2792,4.0000,96.0000,AG03-UNRESOLVED,ALL5_LEVELS_bet23_to_bet27,266.2792,266.2792,266.2792,0.0000,0.0000,4.000000,4.000000,4.000000,0.000000,0.000000,96.000000,96.000000,96.000000,100.000000,100.000000,5.0,798.8377,767.3102,5858.1432,5889.6706,PENDING_AG03,FALSE,NOT_FOR_ENFORCEMENT,6390.7016,3533200.0204,6656.9809,6390.7016,266.2792,0.00163983,0.00157424,266.2792,6390.7016,0.00157424,266.2792,266.2792,266.2792,0.0000,0.0000,6390.7016,0.00157424,798.8377,767.3102,5858.1432,5889.6706,0.00144305,0.00145082,0.00006559,418.2083,379.7376,0.6869,61.6387,1.8384,37588.4109,89.7407,538.3845,395.5999,218.4789,430.6076,432.5446,432.5446,1046.441,1081.3617,427.0584,0.0,2.43015,2.511246,0.971205,30,216,96,2,0.20383968,0.00163983,-0.01249836,0E-8,0.000000,0.906607,0.000000,0.01775797,2026-03-22,2026-08-06,108,3621,2443,138,0.782609,1.360932,1.287360,0.679466,,,,,,,,GLOBAL_BASELINE_NO_ENTITY_RANKING,,,NOT_APPLICABLE_GLOBAL_BASELINE,HF9g-P5,,,,X 全窗基线 · 不参与实体赏罚,14197688,1420,A168_HF9F_20260827_0900,2026-08-27 09:00:00
2026-03-23,57024343,1291,0,218.4789495532,218.4789495532,218.4789495532,1.0000000,1,1,0.49324550000000000,0.493245500000,1.01360149184955,1.01360149184955,1.01360149184955,0E-17,ELIGIBLE,R03b_20260811_FULL_v1,L1_ELIGIBILITY,v2026-08-11,2026-03-21..2026-08-06,baccarat_bet02_101_all_pairs_incl_sentinel,round_win = game_pnl > 0 (decisive only),COMPATIBILITY_ONLY_NOT_PRODUCTION,4059548.3812,3680416.6879,6656.9809,9707,9692,-0.00163983,0.01249836,-0.00525961,-0.00163983,-6656.9809,4059548.3812,OK,0.0000,266.2792,4.0000,96.0000,AG03-UNRESOLVED,ALL5_LEVELS_bet23_to_bet27,266.2792,266.2792,266.2792,0.0000,0.0000,4.000000,4.000000,4.000000,0.000000,0.000000,96.000000,96.000000,96.000000,100.000000,100.000000,5.0,798.8377,767.3102,5858.1432,5889.6706,PENDING_AG03,FALSE,NOT_FOR_ENFORCEMENT,6390.7016,3533200.0204,6656.9809,6390.7016,266.2792,0.00163983,0.00157424,266.2792,6390.7016,0.00157424,266.2792,266.2792,266.2792,0.0000,0.0000,6390.7016,0.00157424,798.8377,767.3102,5858.1432,5889.6706,0.00144305,0.00145082,0.00006559,418.2083,379.7376,0.6869,61.6387,1.8384,37588.4109,89.7407,538.3845,395.5999,218.4789,430.6076,432.5446,432.5446,1046.441,1081.3617,427.0584,0.0,2.43015,2.511246,0.971205,30,216,96,2,0.20383968,0.00163983,-0.01249836,0E-8,0.000000,0.906607,0.000000,0.01775797,2026-03-22,2026-08-06,108,3621,2443,138,0.782609,1.360932,1.287360,0.679466,,,,,,,,GLOBAL_BASELINE_NO_ENTITY_RANKING,,,NOT_APPLICABLE_GLOBAL_BASELINE,HF9g-P5,,,,X 全窗基线 · 不参与实体赏罚,14197689,1420,A168_HF9F_20260827_0900,2026-08-27 09:00:00
2026-03-23,57024343,1299,0,218.4789495532,0E-10,0E-10,,1,1,0.50665070000000000,0.506650700000,,,,0E-17,NO_DECISIVE_ROUND,R03b_20260811_FULL_v1,L1_ELIGIBILITY,v2026-08-11,2026-03-21..2026-08-06,baccarat_bet02_101_all_pairs_incl_sentinel,round_win = game_pnl > 0 (decisive only),COMPATIBILITY_ONLY_NOT_PRODUCTION,4059548.3812,3680416.6879,6656.9809,9707,9692,-0.00163983,0.01249836,-0.00525961,-0.00163983,-6656.9809,4059548.3812,OK,0.0000,266.2792,4.0000,96.0000,AG03-UNRESOLVED,ALL5_LEVELS_bet23_to_bet27,266.2792,266.2792,266.2792,0.0000,0.0000,4.000000,4.000000,4.000000,0.000000,0.000000,96.000000,96.000000,96.000000,100.000000,100.000000,5.0,798.8377,767.3102,5858.1432,5889.6706,PENDING_AG03,FALSE,NOT_FOR_ENFORCEMENT,6390.7016,3533200.0204,6656.9809,6390.7016,266.2792,0.00163983,0.00157424,266.2792,6390.7016,0.00157424,266.2792,266.2792,266.2792,0.0000,0.0000,6390.7016,0.00157424,798.8377,767.3102,5858.1432,5889.6706,0.00144305,0.00145082,0.00006559,418.2083,379.7376,0.6869,61.6387,1.8384,37588.4109,89.7407,538.3845,395.5999,218.4789,430.6076,432.5446,432.5446,1046.441,1081.3617,427.0584,0.0,2.43015,2.511246,0.971205,30,216,96,2,0.20383968,0.00163983,-0.01249836,0E-8,0.000000,0.906607,0.000000,0.01775797,2026-03-22,2026-08-06,108,3621,2443,138,0.782609,1.360932,1.287360,0.679466,,,,,,,,GLOBAL_BASELINE_NO_ENTITY_RANKING,,,NOT_APPLICABLE_GLOBAL_BASELINE,HF9g-P5,,,,X 全窗基线 · 不参与实体赏罚,14197690,1420,A168_HF9F_20260827_0900,2026-08-27 09:00:00
2026-03-23,57024343,1354,0,1529.3526468724,1452.8850145289,1452.8850145289,1.0000000,4,4,0.50665070000000000,0.506650700000,1.9735717970305138,1.9735717970305138,1.9735717970305138,0E-17,ELIGIBLE,R03b_20260811_FULL_v1,L1_ELIGIBILITY,v2026-08-11,2026-03-21..2026-08-06,baccarat_bet02_101_all_pairs_incl_sentinel,round_win = game_pnl > 0 (decisive only),COMPATIBILITY_ONLY_NOT_PRODUCTION,4059548.3812,3680416.6879,6656.9809,9707,9692,-0.00163983,0.01249836,-0.00525961,-0.00163983,-6656.9809,4059548.3812,OK,0.0000,266.2792,4.0000,96.0000,AG03-UNRESOLVED,ALL5_LEVELS_bet23_to_bet27,266.2792,266.2792,266.2792,0.0000,0.0000,4.000000,4.000000,4.000000,0.000000,0.000000,96.000000,96.000000,96.000000,100.000000,100.000000,5.0,798.8377,767.3102,5858.1432,5889.6706,PENDING_AG03,FALSE,NOT_FOR_ENFORCEMENT,6390.7016,3533200.0204,6656.9809,6390.7016,266.2792,0.00163983,0.00157424,266.2792,6390.7016,0.00157424,266.2792,266.2792,266.2792,0.0000,0.0000,6390.7016,0.00157424,798.8377,767.3102,5858.1432,5889.6706,0.00144305,0.00145082,0.00006559,418.2083,379.7376,0.6869,61.6387,1.8384,37588.4109,89.7407,538.3845,395.5999,218.4789,430.6076,432.5446,432.5446,1046.441,1081.3617,427.0584,0.0,2.43015,2.511246,0.971205,30,216,96,2,0.20383968,0.00163983,-0.01249836,0E-8,0.000000,0.906607,0.000000,0.01775797,2026-03-22,2026-08-06,108,3621,2443,138,0.782609,1.360932,1.287360,0.679466,,,,,,,,GLOBAL_BASELINE_NO_ENTITY_RANKING,,,NOT_APPLICABLE_GLOBAL_BASELINE,HF9g-P5,,,,X 全窗基线 · 不参与实体赏罚,14197691,1420,A168_HF9F_20260827_0900,2026-08-27 09:00:00
2026-03-23,57024343,1383,0,1092.3947477660,-655.4368486596,-655.4368486596,0E-7,3,3,0.50665070000000000,0.506650700000,-1.4331513700195317,-1.4331513700195317,-1.4331513700195317,0E-17,ELIGIBLE,R03b_20260811_FULL_v1,L1_ELIGIBILITY,v2026-08-11,2026-03-21..2026-08-06,baccarat_bet02_101_all_pairs_incl_sentinel,round_win = game_pnl > 0 (decisive only),COMPATIBILITY_ONLY_NOT_PRODUCTION,4059548.3812,3680416.6879,6656.9809,9707,9692,-0.00163983,0.01249836,-0.00525961,-0.00163983,-6656.9809,4059548.3812,OK,0.0000,266.2792,4.0000,96.0000,AG03-UNRESOLVED,ALL5_LEVELS_bet23_to_bet27,266.2792,266.2792,266.2792,0.0000,0.0000,4.000000,4.000000,4.000000,0.000000,0.000000,96.000000,96.000000,96.000000,100.000000,100.000000,5.0,798.8377,767.3102,5858.1432,5889.6706,PENDING_AG03,FALSE,NOT_FOR_ENFORCEMENT,6390.7016,3533200.0204,6656.9809,6390.7016,266.2792,0.00163983,0.00157424,266.2792,6390.7016,0.00157424,266.2792,266.2792,266.2792,0.0000,0.0000,6390.7016,0.00157424,798.8377,767.3102,5858.1432,5889.6706,0.00144305,0.00145082,0.00006559,418.2083,379.7376,0.6869,61.6387,1.8384,37588.4109,89.7407,538.3845,395.5999,218.4789,430.6076,432.5446,432.5446,1046.441,1081.3617,427.0584,0.0,2.43015,2.511246,0.971205,30,216,96,2,0.20383968,0.00163983,-0.01249836,0E-8,0.000000,0.906607,0.000000,0.01775797,2026-03-22,2026-08-06,108,3621,2443,138,0.782609,1.360932,1.287360,0.679466,,,,,,,,GLOBAL_BASELINE_NO_ENTITY_RANKING,,,NOT_APPLICABLE_GLOBAL_BASELINE,HF9g-P5,,,,X 全窗基线 · 不参与实体赏罚,14197692,1420,A168_HF9F_20260827_0900,2026-08-27 09:00:00
2026-03-23,57024343,1396,0,1310.8736973192,-21.8478949553,-21.8478949553,0.5000000,4,4,0.49994810000000000,0.499948100000,0.00020760000111838688,0.00020760000111838688,0.00020760000111838688,0E-17,ELIGIBLE,R03b_20260811_FULL_v1,L1_ELIGIBILITY,v2026-08-11,2026-03-21..2026-08-06,baccarat_bet02_101_all_pairs_incl_sentinel,round_win = game_pnl > 0 (decisive only),COMPATIBILITY_ONLY_NOT_PRODUCTION,4059548.3812,3680416.6879,6656.9809,9707,9692,-0.00163983,0.01249836,-0.00525961,-0.00163983,-6656.9809,4059548.3812,OK,0.0000,266.2792,4.0000,96.0000,AG03-UNRESOLVED,ALL5_LEVELS_bet23_to_bet27,266.2792,266.2792,266.2792,0.0000,0.0000,4.000000,4.000000,4.000000,0.000000,0.000000,96.000000,96.000000,96.000000,100.000000,100.000000,5.0,798.8377,767.3102,5858.1432,5889.6706,PENDING_AG03,FALSE,NOT_FOR_ENFORCEMENT,6390.7016,3533200.0204,6656.9809,6390.7016,266.2792,0.00163983,0.00157424,266.2792,6390.7016,0.00157424,266.2792,266.2792,266.2792,0.0000,0.0000,6390.7016,0.00157424,798.8377,767.3102,5858.1432,5889.6706,0.00144305,0.00145082,0.00006559,418.2083,379.7376,0.6869,61.6387,1.8384,37588.4109,89.7407,538.3845,395.5999,218.4789,430.6076,432.5446,432.5446,1046.441,1081.3617,427.0584,0.0,2.43015,2.511246,0.971205,30,216,96,2,0.20383968,0.00163983,-0.01249836,0E-8,0.000000,0.906607,0.000000,0.01775797,2026-03-22,2026-08-06,108,3621,2443,138,0.782609,1.360932,1.287360,0.679466,,,,,,,,GLOBAL_BASELINE_NO_ENTITY_RANKING,,,NOT_APPLICABLE_GLOBAL_BASELINE,HF9g-P5,,,,X 全窗基线 · 不参与实体赏罚,14197693,1420,A168_HF9F_20260827_0900,2026-08-27 09:00:00
2026-03-23,57024343,1400,0,655.4368486596,-229.4028970308,-229.4028970308,0.3333333,3,3,0.50218230000000000,0.502182300000,-0.5849155494134425,-0.5849155494134426,-0.5849155494134425,0E-17,ELIGIBLE,R03b_20260811_FULL_v1,L1_ELIGIBILITY,v2026-08-11,2026-03-21..2026-08-06,baccarat_bet02_101_all_pairs_incl_sentinel,round_win = game_pnl > 0 (decisive only),COMPATIBILITY_ONLY_NOT_PRODUCTION,4059548.3812,3680416.6879,6656.9809,9707,9692,-0.00163983,0.01249836,-0.00525961,-0.00163983,-6656.9809,4059548.3812,OK,0.0000,266.2792,4.0000,96.0000,AG03-UNRESOLVED,ALL5_LEVELS_bet23_to_bet27,266.2792,266.2792,266.2792,0.0000,0.0000,4.000000,4.000000,4.000000,0.000000,0.000000,96.000000,96.000000,96.000000,100.000000,100.000000,5.0,798.8377,767.3102,5858.1432,5889.6706,PENDING_AG03,FALSE,NOT_FOR_ENFORCEMENT,6390.7016,3533200.0204,6656.9809,6390.7016,266.2792,0.00163983,0.00157424,266.2792,6390.7016,0.00157424,266.2792,266.2792,266.2792,0.0000,0.0000,6390.7016,0.00157424,798.8377,767.3102,5858.1432,5889.6706,0.00144305,0.00145082,0.00006559,418.2083,379.7376,0.6869,61.6387,1.8384,37588.4109,89.7407,538.3845,395.5999,218.4789,430.6076,432.5446,432.5446,1046.441,1081.3617,427.0584,0.0,2.43015,2.511246,0.971205,30,216,96,2,0.20383968,0.00163983,-0.01249836,0E-8,0.000000,0.906607,0.000000,0.01775797,2026-03-22,2026-08-06,108,3621,2443,138,0.782609,1.360932,1.287360,0.679466,,,,,,,,GLOBAL_BASELINE_NO_ENTITY_RANKING,,,NOT_APPLICABLE_GLOBAL_BASELINE,HF9g-P5,,,,X 全窗基线 · 不参与实体赏罚,14197694,1420,A168_HF9F_20260827_0900,2026-08-27 09:00:00
2026-03-23,57024343,1405,0,436.9578991064,436.9578991064,436.9578991064,1.0000000,2,2,0.49324550000000000,0.493245500000,1.4334489766152358,1.4334489766152358,1.4334489766152358,0E-17,ELIGIBLE,R03b_20260811_FULL_v1,L1_ELIGIBILITY,v2026-08-11,2026-03-21..2026-08-06,baccarat_bet02_101_all_pairs_incl_sentinel,round_win = game_pnl > 0 (decisive only),COMPATIBILITY_ONLY_NOT_PRODUCTION,4059548.3812,3680416.6879,6656.9809,9707,9692,-0.00163983,0.01249836,-0.00525961,-0.00163983,-6656.9809,4059548.3812,OK,0.0000,266.2792,4.0000,96.0000,AG03-UNRESOLVED,ALL5_LEVELS_bet23_to_bet27,266.2792,266.2792,266.2792,0.0000,0.0000,4.000000,4.000000,4.000000,0.000000,0.000000,96.000000,96.000000,96.000000,100.000000,100.000000,5.0,798.8377,767.3102,5858.1432,5889.6706,PENDING_AG03,FALSE,NOT_FOR_ENFORCEMENT,6390.7016,3533200.0204,6656.9809,6390.7016,266.2792,0.00163983,0.00157424,266.2792,6390.7016,0.00157424,266.2792,266.2792,266.2792,0.0000,0.0000,6390.7016,0.00157424,798.8377,767.3102,5858.1432,5889.6706,0.00144305,0.00145082,0.00006559,418.2083,379.7376,0.6869,61.6387,1.8384,37588.4109,89.7407,538.3845,395.5999,218.4789,430.6076,432.5446,432.5446,1046.441,1081.3617,427.0584,0.0,2.43015,2.511246,0.971205,30,216,96,2,0.20383968,0.00163983,-0.01249836,0E-8,0.000000,0.906607,0.000000,0.01775797,2026-03-22,2026-08-06,108,3621,2443,138,0.782609,1.360932,1.287360,0.679466,,,,,,,,GLOBAL_BASELINE_NO_ENTITY_RANKING,,,NOT_APPLICABLE_GLOBAL_BASELINE,HF9g-P5,,,,X 全窗基线 · 不参与实体赏罚,14197695,1420,A168_HF9F_20260827_0900,2026-08-27 09:00:00
2026-03-23,57024343,1509,0,436.9578991064,-10.9239474776,-10.9239474776,0.5000000,2,2,0.50665070000000000,0.506650700000,-0.018812684590367487,-0.018812684590367487,-0.018812684590367487,0E-17,ELIGIBLE,R03b_20260811_FULL_v1,L1_ELIGIBILITY,v2026-08-11,2026-03-21..2026-08-06,baccarat_bet02_101_all_pairs_incl_sentinel,round_win = game_pnl > 0 (decisive only),COMPATIBILITY_ONLY_NOT_PRODUCTION,4059548.3812,3680416.6879,6656.9809,9707,9692,-0.00163983,0.01249836,-0.00525961,-0.00163983,-6656.9809,4059548.3812,OK,0.0000,266.2792,4.0000,96.0000,AG03-UNRESOLVED,ALL5_LEVELS_bet23_to_bet27,266.2792,266.2792,266.2792,0.0000,0.0000,4.000000,4.000000,4.000000,0.000000,0.000000,96.000000,96.000000,96.000000,100.000000,100.000000,5.0,798.8377,767.3102,5858.1432,5889.6706,PENDING_AG03,FALSE,NOT_FOR_ENFORCEMENT,6390.7016,3533200.0204,6656.9809,6390.7016,266.2792,0.00163983,0.00157424,266.2792,6390.7016,0.00157424,266.2792,266.2792,266.2792,0.0000,0.0000,6390.7016,0.00157424,798.8377,767.3102,5858.1432,5889.6706,0.00144305,0.00145082,0.00006559,418.2083,379.7376,0.6869,61.6387,1.8384,37588.4109,89.7407,538.3845,395.5999,218.4789,430.6076,432.5446,432.5446,1046.441,1081.3617,427.0584,0.0,2.43015,2.511246,0.971205,30,216,96,2,0.20383968,0.00163983,-0.01249836,0E-8,0.000000,0.906607,0.000000,0.01775797,2026-03-22,2026-08-06,108,3621,2443,138,0.782609,1.360932,1.287360,0.679466,,,,,,,,GLOBAL_BASELINE_NO_ENTITY_RANKING,,,NOT_APPLICABLE_GLOBAL_BASELINE,HF9g-P5,,,,X 全窗基线 · 不参与实体赏罚,14197696,1420,A168_HF9F_20260827_0900,2026-08-27 09:00:00
2026-03-23,57024343,1623,0,655.4368486596,207.5550020756,207.5550020756,1.0000000,2,2,0.50665070000000000,0.506650700000,0.9867858985152569,0.9867858985152569,0.9867858985152569,0E-17,ELIGIBLE,R03b_20260811_FULL_v1,L1_ELIGIBILITY,v2026-08-11,2026-03-21..2026-08-06,baccarat_bet02_101_all_pairs_incl_sentinel,round_win = game_pnl > 0 (decisive only),COMPATIBILITY_ONLY_NOT_PRODUCTION,4059548.3812,3680416.6879,6656.9809,9707,9692,-0.00163983,0.01249836,-0.00525961,-0.00163983,-6656.9809,4059548.3812,OK,0.0000,266.2792,4.0000,96.0000,AG03-UNRESOLVED,ALL5_LEVELS_bet23_to_bet27,266.2792,266.2792,266.2792,0.0000,0.0000,4.000000,4.000000,4.000000,0.000000,0.000000,96.000000,96.000000,96.000000,100.000000,100.000000,5.0,798.8377,767.3102,5858.1432,5889.6706,PENDING_AG03,FALSE,NOT_FOR_ENFORCEMENT,6390.7016,3533200.0204,6656.9809,6390.7016,266.2792,0.00163983,0.00157424,266.2792,6390.7016,0.00157424,266.2792,266.2792,266.2792,0.0000,0.0000,6390.7016,0.00157424,798.8377,767.3102,5858.1432,5889.6706,0.00144305,0.00145082,0.00006559,418.2083,379.7376,0.6869,61.6387,1.8384,37588.4109,89.7407,538.3845,395.5999,218.4789,430.6076,432.5446,432.5446,1046.441,1081.3617,427.0584,0.0,2.43015,2.511246,0.971205,30,216,96,2,0.20383968,0.00163983,-0.01249836,0E-8,0.000000,0.906607,0.000000,0.01775797,2026-03-22,2026-08-06,108,3621,2443,138,0.782609,1.360932,1.287360,0.679466,,,,,,,,GLOBAL_BASELINE_NO_ENTITY_RANKING,,,NOT_APPLICABLE_GLOBAL_BASELINE,HF9g-P5,,,,X 全窗基线 · 不参与实体赏罚,14197697,1420,A168_HF9F_20260827_0900,2026-08-27 09:00:00
2026-03-23,57024343,1940,0,218.4789495532,0E-10,0E-10,,1,1,0.49324550000000000,0.493245500000,,,,0E-17,NO_DECISIVE_ROUND,R03b_20260811_FULL_v1,L1_ELIGIBILITY,v2026-08-11,2026-03-21..2026-08-06,baccarat_bet02_101_all_pairs_incl_sentinel,round_win = game_pnl > 0 (decisive only),COMPATIBILITY_ONLY_NOT_PRODUCTION,4059548.3812,3680416.6879,6656.9809,9707,9692,-0.00163983,0.01249836,-0.00525961,-0.00163983,-6656.9809,4059548.3812,OK,0.0000,266.2792,4.0000,96.0000,AG03-UNRESOLVED,ALL5_LEVELS_bet23_to_bet27,266.2792,266.2792,266.2792,0.0000,0.0000,4.000000,4.000000,4.000000,0.000000,0.000000,96.000000,96.000000,96.000000,100.000000,100.000000,5.0,798.8377,767.3102,5858.1432,5889.6706,PENDING_AG03,FALSE,NOT_FOR_ENFORCEMENT,6390.7016,3533200.0204,6656.9809,6390.7016,266.2792,0.00163983,0.00157424,266.2792,6390.7016,0.00157424,266.2792,266.2792,266.2792,0.0000,0.0000,6390.7016,0.00157424,798.8377,767.3102,5858.1432,5889.6706,0.00144305,0.00145082,0.00006559,418.2083,379.7376,0.6869,61.6387,1.8384,37588.4109,89.7407,538.3845,395.5999,218.4789,430.6076,432.5446,432.5446,1046.441,1081.3617,427.0584,0.0,2.43015,2.511246,0.971205,30,216,96,2,0.20383968,0.00163983,-0.01249836,0E-8,0.000000,0.906607,0.000000,0.01775797,2026-03-22,2026-08-06,108,3621,2443,138,0.782609,1.360932,1.287360,0.679466,,,,,,,,GLOBAL_BASELINE_NO_ENTITY_RANKING,,,NOT_APPLICABLE_GLOBAL_BASELINE,HF9g-P5,,,,X 全窗基线 · 不参与实体赏罚,14197698,1420,A168_HF9F_20260827_0900,2026-08-27 09:00:00
2026-03-23,57024343,1949,0,436.9578991064,-436.9578991064,-436.9578991064,0E-7,2,2,0.49994810000000000,0.499948100000,-1.4140667746232096,-1.4140667746232096,-1.4140667746232096,0E-17,ELIGIBLE,R03b_20260811_FULL_v1,L1_ELIGIBILITY,v2026-08-11,2026-03-21..2026-08-06,baccarat_bet02_101_all_pairs_incl_sentinel,round_win = game_pnl > 0 (decisive only),COMPATIBILITY_ONLY_NOT_PRODUCTION,4059548.3812,3680416.6879,6656.9809,9707,9692,-0.00163983,0.01249836,-0.00525961,-0.00163983,-6656.9809,4059548.3812,OK,0.0000,266.2792,4.0000,96.0000,AG03-UNRESOLVED,ALL5_LEVELS_bet23_to_bet27,266.2792,266.2792,266.2792,0.0000,0.0000,4.000000,4.000000,4.000000,0.000000,0.000000,96.000000,96.000000,96.000000,100.000000,100.000000,5.0,798.8377,767.3102,5858.1432,5889.6706,PENDING_AG03,FALSE,NOT_FOR_ENFORCEMENT,6390.7016,3533200.0204,6656.9809,6390.7016,266.2792,0.00163983,0.00157424,266.2792,6390.7016,0.00157424,266.2792,266.2792,266.2792,0.0000,0.0000,6390.7016,0.00157424,798.8377,767.3102,5858.1432,5889.6706,0.00144305,0.00145082,0.00006559,418.2083,379.7376,0.6869,61.6387,1.8384,37588.4109,89.7407,538.3845,395.5999,218.4789,430.6076,432.5446,432.5446,1046.441,1081.3617,427.0584,0.0,2.43015,2.511246,0.971205,30,216,96,2,0.20383968,0.00163983,-0.01249836,0E-8,0.000000,0.906607,0.000000,0.01775797,2026-03-22,2026-08-06,108,3621,2443,138,0.782609,1.360932,1.287360,0.679466,,,,,,,,GLOBAL_BASELINE_NO_ENTITY_RANKING,,,NOT_APPLICABLE_GLOBAL_BASELINE,HF9g-P5,,,,X 全窗基线 · 不参与实体赏罚,14197699,1420,A168_HF9F_20260827_0900,2026-08-27 09:00:00
2026-03-23,57024343,1951,0,1092.3947477660,-10.9239474776,-10.9239474776,0.5000000,4,4,0.50665070000000000,0.506650700000,-0.018812684590367487,-0.018812684590367487,-0.018812684590367487,0E-17,ELIGIBLE,R03b_20260811_FULL_v1,L1_ELIGIBILITY,v2026-08-11,2026-03-21..2026-08-06,baccarat_bet02_101_all_pairs_incl_sentinel,round_win = game_pnl > 0 (decisive only),COMPATIBILITY_ONLY_NOT_PRODUCTION,4059548.3812,3680416.6879,6656.9809,9707,9692,-0.00163983,0.01249836,-0.00525961,-0.00163983,-6656.9809,4059548.3812,OK,0.0000,266.2792,4.0000,96.0000,AG03-UNRESOLVED,ALL5_LEVELS_bet23_to_bet27,266.2792,266.2792,266.2792,0.0000,0.0000,4.000000,4.000000,4.000000,0.000000,0.000000,96.000000,96.000000,96.000000,100.000000,100.000000,5.0,798.8377,767.3102,5858.1432,5889.6706,PENDING_AG03,FALSE,NOT_FOR_ENFORCEMENT,6390.7016,3533200.0204,6656.9809,6390.7016,266.2792,0.00163983,0.00157424,266.2792,6390.7016,0.00157424,266.2792,266.2792,266.2792,0.0000,0.0000,6390.7016,0.00157424,798.8377,767.3102,5858.1432,5889.6706,0.00144305,0.00145082,0.00006559,418.2083,379.7376,0.6869,61.6387,1.8384,37588.4109,89.7407,538.3845,395.5999,218.4789,430.6076,432.5446,432.5446,1046.441,1081.3617,427.0584,0.0,2.43015,2.511246,0.971205,30,216,96,2,0.20383968,0.00163983,-0.01249836,0E-8,0.000000,0.906607,0.000000,0.01775797,2026-03-22,2026-08-06,108,3621,2443,138,0.782609,1.360932,1.287360,0.679466,,,,,,,,GLOBAL_BASELINE_NO_ENTITY_RANKING,,,NOT_APPLICABLE_GLOBAL_BASELINE,HF9g-P5,,,,X 全窗基线 · 不参与实体赏罚,14197700,1420,A168_HF9F_20260827_0900,2026-08-27 09:00:00
2026-03-23,57024343,1984,0,655.4368486596,-229.4028970308,-229.4028970308,0.5000000,2,2,0.50665070000000000,0.506650700000,-0.018812684590367487,-0.018812684590367487,-0.018812684590367487,0E-17,ELIGIBLE,R03b_20260811_FULL_v1,L1_ELIGIBILITY,v2026-08-11,2026-03-21..2026-08-06,baccarat_bet02_101_all_pairs_incl_sentinel,round_win = game_pnl > 0 (decisive only),COMPATIBILITY_ONLY_NOT_PRODUCTION,4059548.3812,3680416.6879,6656.9809,9707,9692,-0.00163983,0.01249836,-0.00525961,-0.00163983,-6656.9809,4059548.3812,OK,0.0000,266.2792,4.0000,96.0000,AG03-UNRESOLVED,ALL5_LEVELS_bet23_to_bet27,266.2792,266.2792,266.2792,0.0000,0.0000,4.000000,4.000000,4.000000,0.000000,0.000000,96.000000,96.000000,96.000000,100.000000,100.000000,5.0,798.8377,767.3102,5858.1432,5889.6706,PENDING_AG03,FALSE,NOT_FOR_ENFORCEMENT,6390.7016,3533200.0204,6656.9809,6390.7016,266.2792,0.00163983,0.00157424,266.2792,6390.7016,0.00157424,266.2792,266.2792,266.2792,0.0000,0.0000,6390.7016,0.00157424,798.8377,767.3102,5858.1432,5889.6706,0.00144305,0.00145082,0.00006559,418.2083,379.7376,0.6869,61.6387,1.8384,37588.4109,89.7407,538.3845,395.5999,218.4789,430.6076,432.5446,432.5446,1046.441,1081.3617,427.0584,0.0,2.43015,2.511246,0.971205,30,216,96,2,0.20383968,0.00163983,-0.01249836,0E-8,0.000000,0.906607,0.000000,0.01775797,2026-03-22,2026-08-06,108,3621,2443,138,0.782609,1.360932,1.287360,0.679466,,,,,,,,GLOBAL_BASELINE_NO_ENTITY_RANKING,,,NOT_APPLICABLE_GLOBAL_BASELINE,HF9g-P5,,,,X 全窗基线 · 不参与实体赏罚,14197701,1420,A168_HF9F_20260827_0900,2026-08-27 09:00:00
2026-03-23,57024343,2134,0,873.9157982128,-21.8478949553,-21.8478949553,0.3333333,3,3,0.50665070000000000,0.506650700000,-0.6004420894325239,-0.6004420894325239,-0.6004420894325239,0E-17,ELIGIBLE,R03b_20260811_FULL_v1,L1_ELIGIBILITY,v2026-08-11,2026-03-21..2026-08-06,baccarat_bet02_101_all_pairs_incl_sentinel,round_win = game_pnl > 0 (decisive only),COMPATIBILITY_ONLY_NOT_PRODUCTION,4059548.3812,3680416.6879,6656.9809,9707,9692,-0.00163983,0.01249836,-0.00525961,-0.00163983,-6656.9809,4059548.3812,OK,0.0000,266.2792,4.0000,96.0000,AG03-UNRESOLVED,ALL5_LEVELS_bet23_to_bet27,266.2792,266.2792,266.2792,0.0000,0.0000,4.000000,4.000000,4.000000,0.000000,0.000000,96.000000,96.000000,96.000000,100.000000,100.000000,5.0,798.8377,767.3102,5858.1432,5889.6706,PENDING_AG03,FALSE,NOT_FOR_ENFORCEMENT,6390.7016,3533200.0204,6656.9809,6390.7016,266.2792,0.00163983,0.00157424,266.2792,6390.7016,0.00157424,266.2792,266.2792,266.2792,0.0000,0.0000,6390.7016,0.00157424,798.8377,767.3102,5858.1432,5889.6706,0.00144305,0.00145082,0.00006559,418.2083,379.7376,0.6869,61.6387,1.8384,37588.4109,89.7407,538.3845,395.5999,218.4789,430.6076,432.5446,432.5446,1046.441,1081.3617,427.0584,0.0,2.43015,2.511246,0.971205,30,216,96,2,0.20383968,0.00163983,-0.01249836,0E-8,0.000000,0.906607,0.000000,0.01775797,2026-03-22,2026-08-06,108,3621,2443,138,0.782609,1.360932,1.287360,0.679466,,,,,,,,GLOBAL_BASELINE_NO_ENTITY_RANKING,,,NOT_APPLICABLE_GLOBAL_BASELINE,HF9g-P5,,,,X 全窗基线 · 不参与实体赏罚,14197702,1420,A168_HF9F_20260827_0900,2026-08-27 09:00:00
2026-03-23,57024343,2141,0,873.9157982128,-447.8818465840,-447.8818465840,0.3333333,3,3,0.50665070000000000,0.506650700000,-0.6004420894325239,-0.6004420894325239,-0.6004420894325239,0E-17,ELIGIBLE,R03b_20260811_FULL_v1,L1_ELIGIBILITY,v2026-08-11,2026-03-21..2026-08-06,baccarat_bet02_101_all_pairs_incl_sentinel,round_win = game_pnl > 0 (decisive only),COMPATIBILITY_ONLY_NOT_PRODUCTION,4059548.3812,3680416.6879,6656.9809,9707,9692,-0.00163983,0.01249836,-0.00525961,-0.00163983,-6656.9809,4059548.3812,OK,0.0000,266.2792,4.0000,96.0000,AG03-UNRESOLVED,ALL5_LEVELS_bet23_to_bet27,266.2792,266.2792,266.2792,0.0000,0.0000,4.000000,4.000000,4.000000,0.000000,0.000000,96.000000,96.000000,96.000000,100.000000,100.000000,5.0,798.8377,767.3102,5858.1432,5889.6706,PENDING_AG03,FALSE,NOT_FOR_ENFORCEMENT,6390.7016,3533200.0204,6656.9809,6390.7016,266.2792,0.00163983,0.00157424,266.2792,6390.7016,0.00157424,266.2792,266.2792,266.2792,0.0000,0.0000,6390.7016,0.00157424,798.8377,767.3102,5858.1432,5889.6706,0.00144305,0.00145082,0.00006559,418.2083,379.7376,0.6869,61.6387,1.8384,37588.4109,89.7407,538.3845,395.5999,218.4789,430.6076,432.5446,432.5446,1046.441,1081.3617,427.0584,0.0,2.43015,2.511246,0.971205,30,216,96,2,0.20383968,0.00163983,-0.01249836,0E-8,0.000000,0.906607,0.000000,0.01775797,2026-03-22,2026-08-06,108,3621,2443,138,0.782609,1.360932,1.287360,0.679466,,,,,,,,GLOBAL_BASELINE_NO_ENTITY_RANKING,,,NOT_APPLICABLE_GLOBAL_BASELINE,HF9g-P5,,,,X 全窗基线 · 不参与实体赏罚,14197703,1420,A168_HF9F_20260827_0900,2026-08-27 09:00:00
2026-03-23,57024343,2160,0,2403.2684450852,-32.7718424329,-32.7718424329,0.6000000,7,7,0.50282064285714286,0.502820642857,0.434606212694104,0.4346062126947422,0.434606212694104,1.4286E-13,ELIGIBLE,R03b_20260811_FULL_v1,L1_ELIGIBILITY,v2026-08-11,2026-03-21..2026-08-06,baccarat_bet02_101_all_pairs_incl_sentinel,round_win = game_pnl > 0 (decisive only),COMPATIBILITY_ONLY_NOT_PRODUCTION,4059548.3812,3680416.6879,6656.9809,9707,9692,-0.00163983,0.01249836,-0.00525961,-0.00163983,-6656.9809,4059548.3812,OK,0.0000,266.2792,4.0000,96.0000,AG03-UNRESOLVED,ALL5_LEVELS_bet23_to_bet27,266.2792,266.2792,266.2792,0.0000,0.0000,4.000000,4.000000,4.000000,0.000000,0.000000,96.000000,96.000000,96.000000,100.000000,100.000000,5.0,798.8377,767.3102,5858.1432,5889.6706,PENDING_AG03,FALSE,NOT_FOR_ENFORCEMENT,6390.7016,3533200.0204,6656.9809,6390.7016,266.2792,0.00163983,0.00157424,266.2792,6390.7016,0.00157424,266.2792,266.2792,266.2792,0.0000,0.0000,6390.7016,0.00157424,798.8377,767.3102,5858.1432,5889.6706,0.00144305,0.00145082,0.00006559,418.2083,379.7376,0.6869,61.6387,1.8384,37588.4109,89.7407,538.3845,395.5999,218.4789,430.6076,432.5446,432.5446,1046.441,1081.3617,427.0584,0.0,2.43015,2.511246,0.971205,30,216,96,2,0.20383968,0.00163983,-0.01249836,0E-8,0.000000,0.906607,0.000000,0.01775797,2026-03-22,2026-08-06,108,3621,2443,138,0.782609,1.360932,1.287360,0.679466,,,,,,,,GLOBAL_BASELINE_NO_ENTITY_RANKING,,,NOT_APPLICABLE_GLOBAL_BASELINE,HF9g-P5,,,,X 全窗基线 · 不参与实体赏罚,14197704,1420,A168_HF9F_20260827_0900,2026-08-27 09:00:00
2026-03-23,57024343,2177,0,873.9157982128,-10.9239474776,-10.9239474776,0.5000000,4,4,0.50665070000000000,0.506650700000,-0.018812684590367487,-0.018812684590367487,-0.018812684590367487,0E-17,ELIGIBLE,R03b_20260811_FULL_v1,L1_ELIGIBILITY,v2026-08-11,2026-03-21..2026-08-06,baccarat_bet02_101_all_pairs_incl_sentinel,round_win = game_pnl > 0 (decisive only),COMPATIBILITY_ONLY_NOT_PRODUCTION,4059548.3812,3680416.6879,6656.9809,9707,9692,-0.00163983,0.01249836,-0.00525961,-0.00163983,-6656.9809,4059548.3812,OK,0.0000,266.2792,4.0000,96.0000,AG03-UNRESOLVED,ALL5_LEVELS_bet23_to_bet27,266.2792,266.2792,266.2792,0.0000,0.0000,4.000000,4.000000,4.000000,0.000000,0.000000,96.000000,96.000000,96.000000,100.000000,100.000000,5.0,798.8377,767.3102,5858.1432,5889.6706,PENDING_AG03,FALSE,NOT_FOR_ENFORCEMENT,6390.7016,3533200.0204,6656.9809,6390.7016,266.2792,0.00163983,0.00157424,266.2792,6390.7016,0.00157424,266.2792,266.2792,266.2792,0.0000,0.0000,6390.7016,0.00157424,798.8377,767.3102,5858.1432,5889.6706,0.00144305,0.00145082,0.00006559,418.2083,379.7376,0.6869,61.6387,1.8384,37588.4109,89.7407,538.3845,395.5999,218.4789,430.6076,432.5446,432.5446,1046.441,1081.3617,427.0584,0.0,2.43015,2.511246,0.971205,30,216,96,2,0.20383968,0.00163983,-0.01249836,0E-8,0.000000,0.906607,0.000000,0.01775797,2026-03-22,2026-08-06,108,3621,2443,138,0.782609,1.360932,1.287360,0.679466,,,,,,,,GLOBAL_BASELINE_NO_ENTITY_RANKING,,,NOT_APPLICABLE_GLOBAL_BASELINE,HF9g-P5,,,,X 全窗基线 · 不参与实体赏罚,14197705,1420,A168_HF9F_20260827_0900,2026-08-27 09:00:00
2026-03-23,57024343,2188,0,1966.3105459788,1048.6989578555,1048.6989578555,0.8000000,6,6,0.50218230000000000,0.502182300000,1.3318939303776811,1.3318939303776811,1.3318939303776811,0E-17,ELIGIBLE,R03b_20260811_FULL_v1,L1_ELIGIBILITY,v2026-08-11,2026-03-21..2026-08-06,baccarat_bet02_101_all_pairs_incl_sentinel,round_win = game_pnl > 0 (decisive only),COMPATIBILITY_ONLY_NOT_PRODUCTION,4059548.3812,3680416.6879,6656.9809,9707,9692,-0.00163983,0.01249836,-0.00525961,-0.00163983,-6656.9809,4059548.3812,OK,0.0000,266.2792,4.0000,96.0000,AG03-UNRESOLVED,ALL5_LEVELS_bet23_to_bet27,266.2792,266.2792,266.2792,0.0000,0.0000,4.000000,4.000000,4.000000,0.000000,0.000000,96.000000,96.000000,96.000000,100.000000,100.000000,5.0,798.8377,767.3102,5858.1432,5889.6706,PENDING_AG03,FALSE,NOT_FOR_ENFORCEMENT,6390.7016,3533200.0204,6656.9809,6390.7016,266.2792,0.00163983,0.00157424,266.2792,6390.7016,0.00157424,266.2792,266.2792,266.2792,0.0000,0.0000,6390.7016,0.00157424,798.8377,767.3102,5858.1432,5889.6706,0.00144305,0.00145082,0.00006559,418.2083,379.7376,0.6869,61.6387,1.8384,37588.4109,89.7407,538.3845,395.5999,218.4789,430.6076,432.5446,432.5446,1046.441,1081.3617,427.0584,0.0,2.43015,2.511246,0.971205,30,216,96,2,0.20383968,0.00163983,-0.01249836,0E-8,0.000000,0.906607,0.000000,0.01775797,2026-03-22,2026-08-06,108,3621,2443,138,0.782609,1.360932,1.287360,0.679466,,,,,,,,GLOBAL_BASELINE_NO_ENTITY_RANKING,,,NOT_APPLICABLE_GLOBAL_BASELINE,HF9g-P5,,,,X 全窗基线 · 不参与实体赏罚,14197706,1420,A168_HF9F_20260827_0900,2026-08-27 09:00:00
2026-03-23,57024343,2212,0,1310.8736973192,-884.8397456904,-884.8397456904,0.2500000,4,4,0.50665070000000000,0.506650700000,-1.0266936290537745,-1.0266936290537745,-1.0266936290537745,0E-17,ELIGIBLE,R03b_20260811_FULL_v1,L1_ELIGIBILITY,v2026-08-11,2026-03-21..2026-08-06,baccarat_bet02_101_all_pairs_incl_sentinel,round_win = game_pnl > 0 (decisive only),COMPATIBILITY_ONLY_NOT_PRODUCTION,4059548.3812,3680416.6879,6656.9809,9707,9692,-0.00163983,0.01249836,-0.00525961,-0.00163983,-6656.9809,4059548.3812,OK,0.0000,266.2792,4.0000,96.0000,AG03-UNRESOLVED,ALL5_LEVELS_bet23_to_bet27,266.2792,266.2792,266.2792,0.0000,0.0000,4.000000,4.000000,4.000000,0.000000,0.000000,96.000000,96.000000,96.000000,100.000000,100.000000,5.0,798.8377,767.3102,5858.1432,5889.6706,PENDING_AG03,FALSE,NOT_FOR_ENFORCEMENT,6390.7016,3533200.0204,6656.9809,6390.7016,266.2792,0.00163983,0.00157424,266.2792,6390.7016,0.00157424,266.2792,266.2792,266.2792,0.0000,0.0000,6390.7016,0.00157424,798.8377,767.3102,5858.1432,5889.6706,0.00144305,0.00145082,0.00006559,418.2083,379.7376,0.6869,61.6387,1.8384,37588.4109,89.7407,538.3845,395.5999,218.4789,430.6076,432.5446,432.5446,1046.441,1081.3617,427.0584,0.0,2.43015,2.511246,0.971205,30,216,96,2,0.20383968,0.00163983,-0.01249836,0E-8,0.000000,0.906607,0.000000,0.01775797,2026-03-22,2026-08-06,108,3621,2443,138,0.782609,1.360932,1.287360,0.679466,,,,,,,,GLOBAL_BASELINE_NO_ENTITY_RANKING,,,NOT_APPLICABLE_GLOBAL_BASELINE,HF9g-P5,,,,X 全窗基线 · 不参与实体赏罚,14197707,1420,A168_HF9F_20260827_0900,2026-08-27 09:00:00
2026-03-23,57024343,2218,0,1529.3526468724,-677.2847436149,-677.2847436149,0.2500000,4,4,0.50665070000000000,0.506650700000,-1.0266936290537745,-1.0266936290537745,-1.0266936290537745,0E-17,ELIGIBLE,R03b_20260811_FULL_v1,L1_ELIGIBILITY,v2026-08-11,2026-03-21..2026-08-06,baccarat_bet02_101_all_pairs_incl_sentinel,round_win = game_pnl > 0 (decisive only),COMPATIBILITY_ONLY_NOT_PRODUCTION,4059548.3812,3680416.6879,6656.9809,9707,9692,-0.00163983,0.01249836,-0.00525961,-0.00163983,-6656.9809,4059548.3812,OK,0.0000,266.2792,4.0000,96.0000,AG03-UNRESOLVED,ALL5_LEVELS_bet23_to_bet27,266.2792,266.2792,266.2792,0.0000,0.0000,4.000000,4.000000,4.000000,0.000000,0.000000,96.000000,96.000000,96.000000,100.000000,100.000000,5.0,798.8377,767.3102,5858.1432,5889.6706,PENDING_AG03,FALSE,NOT_FOR_ENFORCEMENT,6390.7016,3533200.0204,6656.9809,6390.7016,266.2792,0.00163983,0.00157424,266.2792,6390.7016,0.00157424,266.2792,266.2792,266.2792,0.0000,0.0000,6390.7016,0.00157424,798.8377,767.3102,5858.1432,5889.6706,0.00144305,0.00145082,0.00006559,418.2083,379.7376,0.6869,61.6387,1.8384,37588.4109,89.7407,538.3845,395.5999,218.4789,430.6076,432.5446,432.5446,1046.441,1081.3617,427.0584,0.0,2.43015,2.511246,0.971205,30,216,96,2,0.20383968,0.00163983,-0.01249836,0E-8,0.000000,0.906607,0.000000,0.01775797,2026-03-22,2026-08-06,108,3621,2443,138,0.782609,1.360932,1.287360,0.679466,,,,,,,,GLOBAL_BASELINE_NO_ENTITY_RANKING,,,NOT_APPLICABLE_GLOBAL_BASELINE,HF9g-P5,,,,X 全窗基线 · 不参与实体赏罚,14197708,1420,A168_HF9F_20260827_0900,2026-08-27 09:00:00
2026-03-23,57024343,2233,0,3714.1421424044,131.0873697320,131.0873697320,0.4444444,10,10,0.50531018000000000,0.505310180000,-0.3652150105883852,-0.3652150105883852,-0.3652150105883852,0E-17,ELIGIBLE,R03b_20260811_FULL_v1,L1_ELIGIBILITY,v2026-08-11,2026-03-21..2026-08-06,baccarat_bet02_101_all_pairs_incl_sentinel,round_win = game_pnl > 0 (decisive only),COMPATIBILITY_ONLY_NOT_PRODUCTION,4059548.3812,3680416.6879,6656.9809,9707,9692,-0.00163983,0.01249836,-0.00525961,-0.00163983,-6656.9809,4059548.3812,OK,0.0000,266.2792,4.0000,96.0000,AG03-UNRESOLVED,ALL5_LEVELS_bet23_to_bet27,266.2792,266.2792,266.2792,0.0000,0.0000,4.000000,4.000000,4.000000,0.000000,0.000000,96.000000,96.000000,96.000000,100.000000,100.000000,5.0,798.8377,767.3102,5858.1432,5889.6706,PENDING_AG03,FALSE,NOT_FOR_ENFORCEMENT,6390.7016,3533200.0204,6656.9809,6390.7016,266.2792,0.00163983,0.00157424,266.2792,6390.7016,0.00157424,266.2792,266.2792,266.2792,0.0000,0.0000,6390.7016,0.00157424,798.8377,767.3102,5858.1432,5889.6706,0.00144305,0.00145082,0.00006559,418.2083,379.7376,0.6869,61.6387,1.8384,37588.4109,89.7407,538.3845,395.5999,218.4789,430.6076,432.5446,432.5446,1046.441,1081.3617,427.0584,0.0,2.43015,2.511246,0.971205,30,216,96,2,0.20383968,0.00163983,-0.01249836,0E-8,0.000000,0.906607,0.000000,0.01775797,2026-03-22,2026-08-06,108,3621,2443,138,0.782609,1.360932,1.287360,0.679466,,,,,,,,GLOBAL_BASELINE_NO_ENTITY_RANKING,,,NOT_APPLICABLE_GLOBAL_BASELINE,HF9g-P5,,,,X 全窗基线 · 不参与实体赏罚,14197709,1420,A168_HF9F_20260827_0900,2026-08-27 09:00:00
2026-03-23,57024343,2235,0,1966.3105459788,174.7831596427,174.7831596427,0.6000000,7,7,0.50473567142857143,0.504735671429,0.4260541393395541,0.4260541393376408,0.4260541393395541,-4.2857E-13,ELIGIBLE,R03b_20260811_FULL_v1,L1_ELIGIBILITY,v2026-08-11,2026-03-21..2026-08-06,baccarat_bet02_101_all_pairs_incl_sentinel,round_win = game_pnl > 0 (decisive only),COMPATIBILITY_ONLY_NOT_PRODUCTION,4059548.3812,3680416.6879,6656.9809,9707,9692,-0.00163983,0.01249836,-0.00525961,-0.00163983,-6656.9809,4059548.3812,OK,0.0000,266.2792,4.0000,96.0000,AG03-UNRESOLVED,ALL5_LEVELS_bet23_to_bet27,266.2792,266.2792,266.2792,0.0000,0.0000,4.000000,4.000000,4.000000,0.000000,0.000000,96.000000,96.000000,96.000000,100.000000,100.000000,5.0,798.8377,767.3102,5858.1432,5889.6706,PENDING_AG03,FALSE,NOT_FOR_ENFORCEMENT,6390.7016,3533200.0204,6656.9809,6390.7016,266.2792,0.00163983,0.00157424,266.2792,6390.7016,0.00157424,266.2792,266.2792,266.2792,0.0000,0.0000,6390.7016,0.00157424,798.8377,767.3102,5858.1432,5889.6706,0.00144305,0.00145082,0.00006559,418.2083,379.7376,0.6869,61.6387,1.8384,37588.4109,89.7407,538.3845,395.5999,218.4789,430.6076,432.5446,432.5446,1046.441,1081.3617,427.0584,0.0,2.43015,2.511246,0.971205,30,216,96,2,0.20383968,0.00163983,-0.01249836,0E-8,0.000000,0.906607,0.000000,0.01775797,2026-03-22,2026-08-06,108,3621,2443,138,0.782609,1.360932,1.287360,0.679466,,,,,,,,GLOBAL_BASELINE_NO_ENTITY_RANKING,,,NOT_APPLICABLE_GLOBAL_BASELINE,HF9g-P5,,,,X 全窗基线 · 不参与实体赏罚,14197710,1420,A168_HF9F_20260827_0900,2026-08-27 09:00:00
2026-03-23,57024343,2248,0,1092.3947477660,-873.9157982128,-873.9157982128,0E-7,4,4,0.50665070000000000,0.506650700000,-1.7552447903592512,-1.7552447903592512,-1.7552447903592512,0E-17,ELIGIBLE,R03b_20260811_FULL_v1,L1_ELIGIBILITY,v2026-08-11,2026-03-21..2026-08-06,baccarat_bet02_101_all_pairs_incl_sentinel,round_win = game_pnl > 0 (decisive only),COMPATIBILITY_ONLY_NOT_PRODUCTION,4059548.3812,3680416.6879,6656.9809,9707,9692,-0.00163983,0.01249836,-0.00525961,-0.00163983,-6656.9809,4059548.3812,OK,0.0000,266.2792,4.0000,96.0000,AG03-UNRESOLVED,ALL5_LEVELS_bet23_to_bet27,266.2792,266.2792,266.2792,0.0000,0.0000,4.000000,4.000000,4.000000,0.000000,0.000000,96.000000,96.000000,96.000000,100.000000,100.000000,5.0,798.8377,767.3102,5858.1432,5889.6706,PENDING_AG03,FALSE,NOT_FOR_ENFORCEMENT,6390.7016,3533200.0204,6656.9809,6390.7016,266.2792,0.00163983,0.00157424,266.2792,6390.7016,0.00157424,266.2792,266.2792,266.2792,0.0000,0.0000,6390.7016,0.00157424,798.8377,767.3102,5858.1432,5889.6706,0.00144305,0.00145082,0.00006559,418.2083,379.7376,0.6869,61.6387,1.8384,37588.4109,89.7407,538.3845,395.5999,218.4789,430.6076,432.5446,432.5446,1046.441,1081.3617,427.0584,0.0,2.43015,2.511246,0.971205,30,216,96,2,0.20383968,0.00163983,-0.01249836,0E-8,0.000000,0.906607,0.000000,0.01775797,2026-03-22,2026-08-06,108,3621,2443,138,0.782609,1.360932,1.287360,0.679466,,,,,,,,GLOBAL_BASELINE_NO_ENTITY_RANKING,,,NOT_APPLICABLE_GLOBAL_BASELINE,HF9g-P5,,,,X 全窗基线 · 不参与实体赏罚,14197711,1420,A168_HF9F_20260827_0900,2026-08-27 09:00:00
2026-03-23,57024343,526,0,436.9578991064,-10.9239474776,-10.9239474776,0.5000000,2,2,0.50665070000000000,0.506650700000,-0.018812684590367487,-0.018812684590367487,-0.018812684590367487,0E-17,ELIGIBLE,R03b_20260811_FULL_v1,L1_ELIGIBILITY,v2026-08-11,2026-03-21..2026-08-06,baccarat_bet02_101_all_pairs_incl_sentinel,round_win = game_pnl > 0 (decisive only),COMPATIBILITY_ONLY_NOT_PRODUCTION,4059548.3812,3680416.6879,6656.9809,9707,9692,-0.00163983,0.01249836,-0.00525961,-0.00163983,-6656.9809,4059548.3812,OK,0.0000,266.2792,4.0000,96.0000,AG03-UNRESOLVED,ALL5_LEVELS_bet23_to_bet27,266.2792,266.2792,266.2792,0.0000,0.0000,4.000000,4.000000,4.000000,0.000000,0.000000,96.000000,96.000000,96.000000,100.000000,100.000000,5.0,798.8377,767.3102,5858.1432,5889.6706,PENDING_AG03,FALSE,NOT_FOR_ENFORCEMENT,6390.7016,3533200.0204,6656.9809,6390.7016,266.2792,0.00163983,0.00157424,266.2792,6390.7016,0.00157424,266.2792,266.2792,266.2792,0.0000,0.0000,6390.7016,0.00157424,798.8377,767.3102,5858.1432,5889.6706,0.00144305,0.00145082,0.00006559,418.2083,379.7376,0.6869,61.6387,1.8384,37588.4109,89.7407,538.3845,395.5999,218.4789,430.6076,432.5446,432.5446,1046.441,1081.3617,427.0584,0.0,2.43015,2.511246,0.971205,30,216,96,2,0.20383968,0.00163983,-0.01249836,0E-8,0.000000,0.906607,0.000000,0.01775797,2026-03-22,2026-08-06,108,3621,2443,138,0.782609,1.360932,1.287360,0.679466,,,,,,,,GLOBAL_BASELINE_NO_ENTITY_RANKING,,,NOT_APPLICABLE_GLOBAL_BASELINE,HF9g-P5,,,,X 全窗基线 · 不参与实体赏罚,14197712,1420,A168_HF9F_20260827_0900,2026-08-27 09:00:00
2026-03-23,57024343,550,0,1529.3526468724,207.5550020756,207.5550020756,0.6666667,6,6,0.49771390000000000,0.497713900000,0.8277047895645219,0.8277047895645219,0.8277047895645219,0E-17,ELIGIBLE,R03b_20260811_FULL_v1,L1_ELIGIBILITY,v2026-08-11,2026-03-21..2026-08-06,baccarat_bet02_101_all_pairs_incl_sentinel,round_win = game_pnl > 0 (decisive only),COMPATIBILITY_ONLY_NOT_PRODUCTION,4059548.3812,3680416.6879,6656.9809,9707,9692,-0.00163983,0.01249836,-0.00525961,-0.00163983,-6656.9809,4059548.3812,OK,0.0000,266.2792,4.0000,96.0000,AG03-UNRESOLVED,ALL5_LEVELS_bet23_to_bet27,266.2792,266.2792,266.2792,0.0000,0.0000,4.000000,4.000000,4.000000,0.000000,0.000000,96.000000,96.000000,96.000000,100.000000,100.000000,5.0,798.8377,767.3102,5858.1432,5889.6706,PENDING_AG03,FALSE,NOT_FOR_ENFORCEMENT,6390.7016,3533200.0204,6656.9809,6390.7016,266.2792,0.00163983,0.00157424,266.2792,6390.7016,0.00157424,266.2792,266.2792,266.2792,0.0000,0.0000,6390.7016,0.00157424,798.8377,767.3102,5858.1432,5889.6706,0.00144305,0.00145082,0.00006559,418.2083,379.7376,0.6869,61.6387,1.8384,37588.4109,89.7407,538.3845,395.5999,218.4789,430.6076,432.5446,432.5446,1046.441,1081.3617,427.0584,0.0,2.43015,2.511246,0.971205,30,216,96,2,0.20383968,0.00163983,-0.01249836,0E-8,0.000000,0.906607,0.000000,0.01775797,2026-03-22,2026-08-06,108,3621,2443,138,0.782609,1.360932,1.287360,0.679466,,,,,,,,GLOBAL_BASELINE_NO_ENTITY_RANKING,,,NOT_APPLICABLE_GLOBAL_BASELINE,HF9g-P5,,,,X 全窗基线 · 不参与实体赏罚,14197713,1420,A168_HF9F_20260827_0900,2026-08-27 09:00:00
2026-03-23,57024343,752,0,436.9578991064,0E-10,0E-10,0.5000000,2,2,0.49994810000000000,0.499948100000,0.00014679536856514622,0.00014679536856514622,0.00014679536856514622,0E-17,ELIGIBLE,R03b_20260811_FULL_v1,L1_ELIGIBILITY,v2026-08-11,2026-03-21..2026-08-06,baccarat_bet02_101_all_pairs_incl_sentinel,round_win = game_pnl > 0 (decisive only),COMPATIBILITY_ONLY_NOT_PRODUCTION,4059548.3812,3680416.6879,6656.9809,9707,9692,-0.00163983,0.01249836,-0.00525961,-0.00163983,-6656.9809,4059548.3812,OK,0.0000,266.2792,4.0000,96.0000,AG03-UNRESOLVED,ALL5_LEVELS_bet23_to_bet27,266.2792,266.2792,266.2792,0.0000,0.0000,4.000000,4.000000,4.000000,0.000000,0.000000,96.000000,96.000000,96.000000,100.000000,100.000000,5.0,798.8377,767.3102,5858.1432,5889.6706,PENDING_AG03,FALSE,NOT_FOR_ENFORCEMENT,6390.7016,3533200.0204,6656.9809,6390.7016,266.2792,0.00163983,0.00157424,266.2792,6390.7016,0.00157424,266.2792,266.2792,266.2792,0.0000,0.0000,6390.7016,0.00157424,798.8377,767.3102,5858.1432,5889.6706,0.00144305,0.00145082,0.00006559,418.2083,379.7376,0.6869,61.6387,1.8384,37588.4109,89.7407,538.3845,395.5999,218.4789,430.6076,432.5446,432.5446,1046.441,1081.3617,427.0584,0.0,2.43015,2.511246,0.971205,30,216,96,2,0.20383968,0.00163983,-0.01249836,0E-8,0.000000,0.906607,0.000000,0.01775797,2026-03-22,2026-08-06,108,3621,2443,138,0.782609,1.360932,1.287360,0.679466,,,,,,,,GLOBAL_BASELINE_NO_ENTITY_RANKING,,,NOT_APPLICABLE_GLOBAL_BASELINE,HF9g-P5,,,,X 全窗基线 · 不参与实体赏罚,14197714,1420,A168_HF9F_20260827_0900,2026-08-27 09:00:00
2026-03-23,57024343,763,0,436.9578991064,-436.9578991064,-436.9578991064,0E-7,1,1,0.49324550000000000,0.493245500000,-0.9865810262130424,-0.9865810262130424,-0.9865810262130424,0E-17,ELIGIBLE,R03b_20260811_FULL_v1,L1_ELIGIBILITY,v2026-08-11,2026-03-21..2026-08-06,baccarat_bet02_101_all_pairs_incl_sentinel,round_win = game_pnl > 0 (decisive only),COMPATIBILITY_ONLY_NOT_PRODUCTION,4059548.3812,3680416.6879,6656.9809,9707,9692,-0.00163983,0.01249836,-0.00525961,-0.00163983,-6656.9809,4059548.3812,OK,0.0000,266.2792,4.0000,96.0000,AG03-UNRESOLVED,ALL5_LEVELS_bet23_to_bet27,266.2792,266.2792,266.2792,0.0000,0.0000,4.000000,4.000000,4.000000,0.000000,0.000000,96.000000,96.000000,96.000000,100.000000,100.000000,5.0,798.8377,767.3102,5858.1432,5889.6706,PENDING_AG03,FALSE,NOT_FOR_ENFORCEMENT,6390.7016,3533200.0204,6656.9809,6390.7016,266.2792,0.00163983,0.00157424,266.2792,6390.7016,0.00157424,266.2792,266.2792,266.2792,0.0000,0.0000,6390.7016,0.00157424,798.8377,767.3102,5858.1432,5889.6706,0.00144305,0.00145082,0.00006559,418.2083,379.7376,0.6869,61.6387,1.8384,37588.4109,89.7407,538.3845,395.5999,218.4789,430.6076,432.5446,432.5446,1046.441,1081.3617,427.0584,0.0,2.43015,2.511246,0.971205,30,216,96,2,0.20383968,0.00163983,-0.01249836,0E-8,0.000000,0.906607,0.000000,0.01775797,2026-03-22,2026-08-06,108,3621,2443,138,0.782609,1.360932,1.287360,0.679466,,,,,,,,GLOBAL_BASELINE_NO_ENTITY_RANKING,,,NOT_APPLICABLE_GLOBAL_BASELINE,HF9g-P5,,,,X 全窗基线 · 不参与实体赏罚,14197715,1420,A168_HF9F_20260827_0900,2026-08-27 09:00:00
2026-03-23,57024343,919,0,1529.3526468724,-884.8397456904,-884.8397456904,0.2500000,5,5,0.50128862000000000,0.501288620000,-1.0051578182180947,-1.0051578182180947,-1.0051578182180947,0E-17,ELIGIBLE,R03b_20260811_FULL_v1,L1_ELIGIBILITY,v2026-08-11,2026-03-21..2026-08-06,baccarat_bet02_101_all_pairs_incl_sentinel,round_win = game_pnl > 0 (decisive only),COMPATIBILITY_ONLY_NOT_PRODUCTION,4059548.3812,3680416.6879,6656.9809,9707,9692,-0.00163983,0.01249836,-0.00525961,-0.00163983,-6656.9809,4059548.3812,OK,0.0000,266.2792,4.0000,96.0000,AG03-UNRESOLVED,ALL5_LEVELS_bet23_to_bet27,266.2792,266.2792,266.2792,0.0000,0.0000,4.000000,4.000000,4.000000,0.000000,0.000000,96.000000,96.000000,96.000000,100.000000,100.000000,5.0,798.8377,767.3102,5858.1432,5889.6706,PENDING_AG03,FALSE,NOT_FOR_ENFORCEMENT,6390.7016,3533200.0204,6656.9809,6390.7016,266.2792,0.00163983,0.00157424,266.2792,6390.7016,0.00157424,266.2792,266.2792,266.2792,0.0000,0.0000,6390.7016,0.00157424,798.8377,767.3102,5858.1432,5889.6706,0.00144305,0.00145082,0.00006559,418.2083,379.7376,0.6869,61.6387,1.8384,37588.4109,89.7407,538.3845,395.5999,218.4789,430.6076,432.5446,432.5446,1046.441,1081.3617,427.0584,0.0,2.43015,2.511246,0.971205,30,216,96,2,0.20383968,0.00163983,-0.01249836,0E-8,0.000000,0.906607,0.000000,0.01775797,2026-03-22,2026-08-06,108,3621,2443,138,0.782609,1.360932,1.287360,0.679466,,,,,,,,GLOBAL_BASELINE_NO_ENTITY_RANKING,,,NOT_APPLICABLE_GLOBAL_BASELINE,HF9g-P5,,,,X 全窗基线 · 不参与实体赏罚,14197716,1420,A168_HF9F_20260827_0900,2026-08-27 09:00:00
2026-03-24,57024343,-1,1,8739.1579821280,76.4676323443,76.4676323443,0.5454545,34,34,0.50270799411764706,0.502707994118,0.4911276873160404,0.49112768731198725,0.4911276873160404,-3.5294E-13,SENTINEL_DEALER,R03b_20260811_FULL_v1,L1_ELIGIBILITY,v2026-08-11,2026-03-21..2026-08-06,baccarat_bet02_101_all_pairs_incl_sentinel,round_win = game_pnl > 0 (decisive only),COMPATIBILITY_ONLY_NOT_PRODUCTION,4059548.3812,3680416.6879,6656.9809,9707,9692,-0.00163983,0.01249836,-0.00525961,-0.00163983,-6656.9809,4059548.3812,OK,0.0000,266.2792,4.0000,96.0000,AG03-UNRESOLVED,ALL5_LEVELS_bet23_to_bet27,266.2792,266.2792,266.2792,0.0000,0.0000,4.000000,4.000000,4.000000,0.000000,0.000000,96.000000,96.000000,96.000000,100.000000,100.000000,5.0,798.8377,767.3102,5858.1432,5889.6706,PENDING_AG03,FALSE,NOT_FOR_ENFORCEMENT,6390.7016,3533200.0204,6656.9809,6390.7016,266.2792,0.00163983,0.00157424,266.2792,6390.7016,0.00157424,266.2792,266.2792,266.2792,0.0000,0.0000,6390.7016,0.00157424,798.8377,767.3102,5858.1432,5889.6706,0.00144305,0.00145082,0.00006559,418.2083,379.7376,0.6869,61.6387,1.8384,37588.4109,89.7407,538.3845,395.5999,218.4789,430.6076,432.5446,432.5446,1046.441,1081.3617,427.0584,0.0,2.43015,2.511246,0.971205,30,216,96,2,0.20383968,0.00163983,-0.01249836,0E-8,0.000000,0.906607,0.000000,0.01775797,2026-03-22,2026-08-06,108,3621,2443,138,0.782609,1.360932,1.287360,0.679466,,,,,,,,GLOBAL_BASELINE_NO_ENTITY_RANKING,,,NOT_APPLICABLE_GLOBAL_BASELINE,HF9g-P5,,,,X 全窗基线 · 不参与实体赏罚,14197717,1420,A168_HF9F_20260827_0900,2026-08-27 09:00:00
2026-03-24,57024343,1017,0,1529.3526468724,-436.9578991064,-436.9578991064,0.2000000,6,6,0.50218230000000000,0.502182300000,-1.351413200886205,-1.351413200886205,-1.351413200886205,0E-17,ELIGIBLE,R03b_20260811_FULL_v1,L1_ELIGIBILITY,v2026-08-11,2026-03-21..2026-08-06,baccarat_bet02_101_all_pairs_incl_sentinel,round_win = game_pnl > 0 (decisive only),COMPATIBILITY_ONLY_NOT_PRODUCTION,4059548.3812,3680416.6879,6656.9809,9707,9692,-0.00163983,0.01249836,-0.00525961,-0.00163983,-6656.9809,4059548.3812,OK,0.0000,266.2792,4.0000,96.0000,AG03-UNRESOLVED,ALL5_LEVELS_bet23_to_bet27,266.2792,266.2792,266.2792,0.0000,0.0000,4.000000,4.000000,4.000000,0.000000,0.000000,96.000000,96.000000,96.000000,100.000000,100.000000,5.0,798.8377,767.3102,5858.1432,5889.6706,PENDING_AG03,FALSE,NOT_FOR_ENFORCEMENT,6390.7016,3533200.0204,6656.9809,6390.7016,266.2792,0.00163983,0.00157424,266.2792,6390.7016,0.00157424,266.2792,266.2792,266.2792,0.0000,0.0000,6390.7016,0.00157424,798.8377,767.3102,5858.1432,5889.6706,0.00144305,0.00145082,0.00006559,418.2083,379.7376,0.6869,61.6387,1.8384,37588.4109,89.7407,538.3845,395.5999,218.4789,430.6076,432.5446,432.5446,1046.441,1081.3617,427.0584,0.0,2.43015,2.511246,0.971205,30,216,96,2,0.20383968,0.00163983,-0.01249836,0E-8,0.000000,0.906607,0.000000,0.01775797,2026-03-22,2026-08-06,108,3621,2443,138,0.782609,1.360932,1.287360,0.679466,,,,,,,,GLOBAL_BASELINE_NO_ENTITY_RANKING,,,NOT_APPLICABLE_GLOBAL_BASELINE,HF9g-P5,,,,X 全窗基线 · 不参与实体赏罚,14197718,1420,A168_HF9F_20260827_0900,2026-08-27 09:00:00
2026-03-24,57024343,1151,0,873.9157982128,196.6310545980,196.6310545980,0.6666667,4,4,0.50665070000000000,0.506650700000,0.5543606114942035,0.5543606114942035,0.5543606114942035,0E-17,ELIGIBLE,R03b_20260811_FULL_v1,L1_ELIGIBILITY,v2026-08-11,2026-03-21..2026-08-06,baccarat_bet02_101_all_pairs_incl_sentinel,round_win = game_pnl > 0 (decisive only),COMPATIBILITY_ONLY_NOT_PRODUCTION,4059548.3812,3680416.6879,6656.9809,9707,9692,-0.00163983,0.01249836,-0.00525961,-0.00163983,-6656.9809,4059548.3812,OK,0.0000,266.2792,4.0000,96.0000,AG03-UNRESOLVED,ALL5_LEVELS_bet23_to_bet27,266.2792,266.2792,266.2792,0.0000,0.0000,4.000000,4.000000,4.000000,0.000000,0.000000,96.000000,96.000000,96.000000,100.000000,100.000000,5.0,798.8377,767.3102,5858.1432,5889.6706,PENDING_AG03,FALSE,NOT_FOR_ENFORCEMENT,6390.7016,3533200.0204,6656.9809,6390.7016,266.2792,0.00163983,0.00157424,266.2792,6390.7016,0.00157424,266.2792,266.2792,266.2792,0.0000,0.0000,6390.7016,0.00157424,798.8377,767.3102,5858.1432,5889.6706,0.00144305,0.00145082,0.00006559,418.2083,379.7376,0.6869,61.6387,1.8384,37588.4109,89.7407,538.3845,395.5999,218.4789,430.6076,432.5446,432.5446,1046.441,1081.3617,427.0584,0.0,2.43015,2.511246,0.971205,30,216,96,2,0.20383968,0.00163983,-0.01249836,0E-8,0.000000,0.906607,0.000000,0.01775797,2026-03-22,2026-08-06,108,3621,2443,138,0.782609,1.360932,1.287360,0.679466,,,,,,,,GLOBAL_BASELINE_NO_ENTITY_RANKING,,,NOT_APPLICABLE_GLOBAL_BASELINE,HF9g-P5,,,,X 全窗基线 · 不参与实体赏罚,14197719,1420,A168_HF9F_20260827_0900,2026-08-27 09:00:00
2026-03-24,57024343,1302,0,873.9157982128,-218.4789495532,-218.4789495532,0.3333333,4,4,0.49994810000000000,0.499948100000,-0.5771704854251445,-0.5771704854251445,-0.5771704854251445,0E-17,ELIGIBLE,R03b_20260811_FULL_v1,L1_ELIGIBILITY,v2026-08-11,2026-03-21..2026-08-06,baccarat_bet02_101_all_pairs_incl_sentinel,round_win = game_pnl > 0 (decisive only),COMPATIBILITY_ONLY_NOT_PRODUCTION,4059548.3812,3680416.6879,6656.9809,9707,9692,-0.00163983,0.01249836,-0.00525961,-0.00163983,-6656.9809,4059548.3812,OK,0.0000,266.2792,4.0000,96.0000,AG03-UNRESOLVED,ALL5_LEVELS_bet23_to_bet27,266.2792,266.2792,266.2792,0.0000,0.0000,4.000000,4.000000,4.000000,0.000000,0.000000,96.000000,96.000000,96.000000,100.000000,100.000000,5.0,798.8377,767.3102,5858.1432,5889.6706,PENDING_AG03,FALSE,NOT_FOR_ENFORCEMENT,6390.7016,3533200.0204,6656.9809,6390.7016,266.2792,0.00163983,0.00157424,266.2792,6390.7016,0.00157424,266.2792,266.2792,266.2792,0.0000,0.0000,6390.7016,0.00157424,798.8377,767.3102,5858.1432,5889.6706,0.00144305,0.00145082,0.00006559,418.2083,379.7376,0.6869,61.6387,1.8384,37588.4109,89.7407,538.3845,395.5999,218.4789,430.6076,432.5446,432.5446,1046.441,1081.3617,427.0584,0.0,2.43015,2.511246,0.971205,30,216,96,2,0.20383968,0.00163983,-0.01249836,0E-8,0.000000,0.906607,0.000000,0.01775797,2026-03-22,2026-08-06,108,3621,2443,138,0.782609,1.360932,1.287360,0.679466,,,,,,,,GLOBAL_BASELINE_NO_ENTITY_RANKING,,,NOT_APPLICABLE_GLOBAL_BASELINE,HF9g-P5,,,,X 全窗基线 · 不参与实体赏罚,14197720,1420,A168_HF9F_20260827_0900,2026-08-27 09:00:00
2026-03-24,57024343,1304,0,1529.3526468724,-21.8478949552,-21.8478949552,0.6000000,6,6,0.50218230000000000,0.502182300000,0.4374582199563857,0.4374582199563857,0.4374582199563857,0E-17,ELIGIBLE,R03b_20260811_FULL_v1,L1_ELIGIBILITY,v2026-08-11,2026-03-21..2026-08-06,baccarat_bet02_101_all_pairs_incl_sentinel,round_win = game_pnl > 0 (decisive only),COMPATIBILITY_ONLY_NOT_PRODUCTION,4059548.3812,3680416.6879,6656.9809,9707,9692,-0.00163983,0.01249836,-0.00525961,-0.00163983,-6656.9809,4059548.3812,OK,0.0000,266.2792,4.0000,96.0000,AG03-UNRESOLVED,ALL5_LEVELS_bet23_to_bet27,266.2792,266.2792,266.2792,0.0000,0.0000,4.000000,4.000000,4.000000,0.000000,0.000000,96.000000,96.000000,96.000000,100.000000,100.000000,5.0,798.8377,767.3102,5858.1432,5889.6706,PENDING_AG03,FALSE,NOT_FOR_ENFORCEMENT,6390.7016,3533200.0204,6656.9809,6390.7016,266.2792,0.00163983,0.00157424,266.2792,6390.7016,0.00157424,266.2792,266.2792,266.2792,0.0000,0.0000,6390.7016,0.00157424,798.8377,767.3102,5858.1432,5889.6706,0.00144305,0.00145082,0.00006559,418.2083,379.7376,0.6869,61.6387,1.8384,37588.4109,89.7407,538.3845,395.5999,218.4789,430.6076,432.5446,432.5446,1046.441,1081.3617,427.0584,0.0,2.43015,2.511246,0.971205,30,216,96,2,0.20383968,0.00163983,-0.01249836,0E-8,0.000000,0.906607,0.000000,0.01775797,2026-03-22,2026-08-06,108,3621,2443,138,0.782609,1.360932,1.287360,0.679466,,,,,,,,GLOBAL_BASELINE_NO_ENTITY_RANKING,,,NOT_APPLICABLE_GLOBAL_BASELINE,HF9g-P5,,,,X 全窗基线 · 不参与实体赏罚,14197721,1420,A168_HF9F_20260827_0900,2026-08-27 09:00:00
2026-03-24,57024343,1318,0,436.9578991064,207.5550020756,207.5550020756,1.0000000,2,2,0.50665070000000000,0.506650700000,0.9867858985152569,0.9867858985152569,0.9867858985152569,0E-17,ELIGIBLE,R03b_20260811_FULL_v1,L1_ELIGIBILITY,v2026-08-11,2026-03-21..2026-08-06,baccarat_bet02_101_all_pairs_incl_sentinel,round_win = game_pnl > 0 (decisive only),COMPATIBILITY_ONLY_NOT_PRODUCTION,4059548.3812,3680416.6879,6656.9809,9707,9692,-0.00163983,0.01249836,-0.00525961,-0.00163983,-6656.9809,4059548.3812,OK,0.0000,266.2792,4.0000,96.0000,AG03-UNRESOLVED,ALL5_LEVELS_bet23_to_bet27,266.2792,266.2792,266.2792,0.0000,0.0000,4.000000,4.000000,4.000000,0.000000,0.000000,96.000000,96.000000,96.000000,100.000000,100.000000,5.0,798.8377,767.3102,5858.1432,5889.6706,PENDING_AG03,FALSE,NOT_FOR_ENFORCEMENT,6390.7016,3533200.0204,6656.9809,6390.7016,266.2792,0.00163983,0.00157424,266.2792,6390.7016,0.00157424,266.2792,266.2792,266.2792,0.0000,0.0000,6390.7016,0.00157424,798.8377,767.3102,5858.1432,5889.6706,0.00144305,0.00145082,0.00006559,418.2083,379.7376,0.6869,61.6387,1.8384,37588.4109,89.7407,538.3845,395.5999,218.4789,430.6076,432.5446,432.5446,1046.441,1081.3617,427.0584,0.0,2.43015,2.511246,0.971205,30,216,96,2,0.20383968,0.00163983,-0.01249836,0E-8,0.000000,0.906607,0.000000,0.01775797,2026-03-22,2026-08-06,108,3621,2443,138,0.782609,1.360932,1.287360,0.679466,,,,,,,,GLOBAL_BASELINE_NO_ENTITY_RANKING,,,NOT_APPLICABLE_GLOBAL_BASELINE,HF9g-P5,,,,X 全窗基线 · 不参与实体赏罚,14197722,1420,A168_HF9F_20260827_0900,2026-08-27 09:00:00
2026-03-24,57024343,1323,0,436.9578991064,415.1100041512,415.1100041512,1.0000000,2,2,0.50665070000000000,0.506650700000,1.3955260008387969,1.3955260008387969,1.3955260008387969,0E-17,ELIGIBLE,R03b_20260811_FULL_v1,L1_ELIGIBILITY,v2026-08-11,2026-03-21..2026-08-06,baccarat_bet02_101_all_pairs_incl_sentinel,round_win = game_pnl > 0 (decisive only),COMPATIBILITY_ONLY_NOT_PRODUCTION,4059548.3812,3680416.6879,6656.9809,9707,9692,-0.00163983,0.01249836,-0.00525961,-0.00163983,-6656.9809,4059548.3812,OK,0.0000,266.2792,4.0000,96.0000,AG03-UNRESOLVED,ALL5_LEVELS_bet23_to_bet27,266.2792,266.2792,266.2792,0.0000,0.0000,4.000000,4.000000,4.000000,0.000000,0.000000,96.000000,96.000000,96.000000,100.000000,100.000000,5.0,798.8377,767.3102,5858.1432,5889.6706,PENDING_AG03,FALSE,NOT_FOR_ENFORCEMENT,6390.7016,3533200.0204,6656.9809,6390.7016,266.2792,0.00163983,0.00157424,266.2792,6390.7016,0.00157424,266.2792,266.2792,266.2792,0.0000,0.0000,6390.7016,0.00157424,798.8377,767.3102,5858.1432,5889.6706,0.00144305,0.00145082,0.00006559,418.2083,379.7376,0.6869,61.6387,1.8384,37588.4109,89.7407,538.3845,395.5999,218.4789,430.6076,432.5446,432.5446,1046.441,1081.3617,427.0584,0.0,2.43015,2.511246,0.971205,30,216,96,2,0.20383968,0.00163983,-0.01249836,0E-8,0.000000,0.906607,0.000000,0.01775797,2026-03-22,2026-08-06,108,3621,2443,138,0.782609,1.360932,1.287360,0.679466,,,,,,,,GLOBAL_BASELINE_NO_ENTITY_RANKING,,,NOT_APPLICABLE_GLOBAL_BASELINE,HF9g-P5,,,,X 全窗基线 · 不参与实体赏罚,14197723,1420,A168_HF9F_20260827_0900,2026-08-27 09:00:00
2026-03-24,57024343,1325,0,655.4368486596,-436.9578991064,-436.9578991064,0E-7,3,3,0.50218230000000000,0.502182300000,-1.4203995680682369,-1.4203995680682369,-1.4203995680682369,0E-17,ELIGIBLE,R03b_20260811_FULL_v1,L1_ELIGIBILITY,v2026-08-11,2026-03-21..2026-08-06,baccarat_bet02_101_all_pairs_incl_sentinel,round_win = game_pnl > 0 (decisive only),COMPATIBILITY_ONLY_NOT_PRODUCTION,4059548.3812,3680416.6879,6656.9809,9707,9692,-0.00163983,0.01249836,-0.00525961,-0.00163983,-6656.9809,4059548.3812,OK,0.0000,266.2792,4.0000,96.0000,AG03-UNRESOLVED,ALL5_LEVELS_bet23_to_bet27,266.2792,266.2792,266.2792,0.0000,0.0000,4.000000,4.000000,4.000000,0.000000,0.000000,96.000000,96.000000,96.000000,100.000000,100.000000,5.0,798.8377,767.3102,5858.1432,5889.6706,PENDING_AG03,FALSE,NOT_FOR_ENFORCEMENT,6390.7016,3533200.0204,6656.9809,6390.7016,266.2792,0.00163983,0.00157424,266.2792,6390.7016,0.00157424,266.2792,266.2792,266.2792,0.0000,0.0000,6390.7016,0.00157424,798.8377,767.3102,5858.1432,5889.6706,0.00144305,0.00145082,0.00006559,418.2083,379.7376,0.6869,61.6387,1.8384,37588.4109,89.7407,538.3845,395.5999,218.4789,430.6076,432.5446,432.5446,1046.441,1081.3617,427.0584,0.0,2.43015,2.511246,0.971205,30,216,96,2,0.20383968,0.00163983,-0.01249836,0E-8,0.000000,0.906607,0.000000,0.01775797,2026-03-22,2026-08-06,108,3621,2443,138,0.782609,1.360932,1.287360,0.679466,,,,,,,,GLOBAL_BASELINE_NO_ENTITY_RANKING,,,NOT_APPLICABLE_GLOBAL_BASELINE,HF9g-P5,,,,X 全窗基线 · 不参与实体赏罚,14197724,1420,A168_HF9F_20260827_0900,2026-08-27 09:00:00
2026-03-24,57024343,1363,0,218.4789495532,207.5550020756,207.5550020756,1.0000000,1,1,0.50665070000000000,0.506650700000,0.9867858985152569,0.9867858985152569,0.9867858985152569,0E-17,ELIGIBLE,R03b_20260811_FULL_v1,L1_ELIGIBILITY,v2026-08-11,2026-03-21..2026-08-06,baccarat_bet02_101_all_pairs_incl_sentinel,round_win = game_pnl > 0 (decisive only),COMPATIBILITY_ONLY_NOT_PRODUCTION,4059548.3812,3680416.6879,6656.9809,9707,9692,-0.00163983,0.01249836,-0.00525961,-0.00163983,-6656.9809,4059548.3812,OK,0.0000,266.2792,4.0000,96.0000,AG03-UNRESOLVED,ALL5_LEVELS_bet23_to_bet27,266.2792,266.2792,266.2792,0.0000,0.0000,4.000000,4.000000,4.000000,0.000000,0.000000,96.000000,96.000000,96.000000,100.000000,100.000000,5.0,798.8377,767.3102,5858.1432,5889.6706,PENDING_AG03,FALSE,NOT_FOR_ENFORCEMENT,6390.7016,3533200.0204,6656.9809,6390.7016,266.2792,0.00163983,0.00157424,266.2792,6390.7016,0.00157424,266.2792,266.2792,266.2792,0.0000,0.0000,6390.7016,0.00157424,798.8377,767.3102,5858.1432,5889.6706,0.00144305,0.00145082,0.00006559,418.2083,379.7376,0.6869,61.6387,1.8384,37588.4109,89.7407,538.3845,395.5999,218.4789,430.6076,432.5446,432.5446,1046.441,1081.3617,427.0584,0.0,2.43015,2.511246,0.971205,30,216,96,2,0.20383968,0.00163983,-0.01249836,0E-8,0.000000,0.906607,0.000000,0.01775797,2026-03-22,2026-08-06,108,3621,2443,138,0.782609,1.360932,1.287360,0.679466,,,,,,,,GLOBAL_BASELINE_NO_ENTITY_RANKING,,,NOT_APPLICABLE_GLOBAL_BASELINE,HF9g-P5,,,,X 全窗基线 · 不参与实体赏罚,14197725,1420,A168_HF9F_20260827_0900,2026-08-27 09:00:00
2026-03-24,57024343,1385,0,218.4789495532,-218.4789495532,-218.4789495532,0E-7,1,1,0.50665070000000000,0.506650700000,-1.013391052207602,-1.013391052207602,-1.013391052207602,0E-17,ELIGIBLE,R03b_20260811_FULL_v1,L1_ELIGIBILITY,v2026-08-11,2026-03-21..2026-08-06,baccarat_bet02_101_all_pairs_incl_sentinel,round_win = game_pnl > 0 (decisive only),COMPATIBILITY_ONLY_NOT_PRODUCTION,4059548.3812,3680416.6879,6656.9809,9707,9692,-0.00163983,0.01249836,-0.00525961,-0.00163983,-6656.9809,4059548.3812,OK,0.0000,266.2792,4.0000,96.0000,AG03-UNRESOLVED,ALL5_LEVELS_bet23_to_bet27,266.2792,266.2792,266.2792,0.0000,0.0000,4.000000,4.000000,4.000000,0.000000,0.000000,96.000000,96.000000,96.000000,100.000000,100.000000,5.0,798.8377,767.3102,5858.1432,5889.6706,PENDING_AG03,FALSE,NOT_FOR_ENFORCEMENT,6390.7016,3533200.0204,6656.9809,6390.7016,266.2792,0.00163983,0.00157424,266.2792,6390.7016,0.00157424,266.2792,266.2792,266.2792,0.0000,0.0000,6390.7016,0.00157424,798.8377,767.3102,5858.1432,5889.6706,0.00144305,0.00145082,0.00006559,418.2083,379.7376,0.6869,61.6387,1.8384,37588.4109,89.7407,538.3845,395.5999,218.4789,430.6076,432.5446,432.5446,1046.441,1081.3617,427.0584,0.0,2.43015,2.511246,0.971205,30,216,96,2,0.20383968,0.00163983,-0.01249836,0E-8,0.000000,0.906607,0.000000,0.01775797,2026-03-22,2026-08-06,108,3621,2443,138,0.782609,1.360932,1.287360,0.679466,,,,,,,,GLOBAL_BASELINE_NO_ENTITY_RANKING,,,NOT_APPLICABLE_GLOBAL_BASELINE,HF9g-P5,,,,X 全窗基线 · 不参与实体赏罚,14197726,1420,A168_HF9F_20260827_0900,2026-08-27 09:00:00
2026-03-24,57024343,1654,0,1092.3947477660,185.7071071204,185.7071071204,0.7500000,4,4,0.50665070000000000,0.506650700000,0.9734833216690844,0.9734833216690844,0.9734833216690844,0E-17,ELIGIBLE,R03b_20260811_FULL_v1,L1_ELIGIBILITY,v2026-08-11,2026-03-21..2026-08-06,baccarat_bet02_101_all_pairs_incl_sentinel,round_win = game_pnl > 0 (decisive only),COMPATIBILITY_ONLY_NOT_PRODUCTION,4059548.3812,3680416.6879,6656.9809,9707,9692,-0.00163983,0.01249836,-0.00525961,-0.00163983,-6656.9809,4059548.3812,OK,0.0000,266.2792,4.0000,96.0000,AG03-UNRESOLVED,ALL5_LEVELS_bet23_to_bet27,266.2792,266.2792,266.2792,0.0000,0.0000,4.000000,4.000000,4.000000,0.000000,0.000000,96.000000,96.000000,96.000000,100.000000,100.000000,5.0,798.8377,767.3102,5858.1432,5889.6706,PENDING_AG03,FALSE,NOT_FOR_ENFORCEMENT,6390.7016,3533200.0204,6656.9809,6390.7016,266.2792,0.00163983,0.00157424,266.2792,6390.7016,0.00157424,266.2792,266.2792,266.2792,0.0000,0.0000,6390.7016,0.00157424,798.8377,767.3102,5858.1432,5889.6706,0.00144305,0.00145082,0.00006559,418.2083,379.7376,0.6869,61.6387,1.8384,37588.4109,89.7407,538.3845,395.5999,218.4789,430.6076,432.5446,432.5446,1046.441,1081.3617,427.0584,0.0,2.43015,2.511246,0.971205,30,216,96,2,0.20383968,0.00163983,-0.01249836,0E-8,0.000000,0.906607,0.000000,0.01775797,2026-03-22,2026-08-06,108,3621,2443,138,0.782609,1.360932,1.287360,0.679466,,,,,,,,GLOBAL_BASELINE_NO_ENTITY_RANKING,,,NOT_APPLICABLE_GLOBAL_BASELINE,HF9g-P5,,,,X 全窗基线 · 不参与实体赏罚,14197727,1420,A168_HF9F_20260827_0900,2026-08-27 09:00:00
2026-03-24,57024343,1711,0,655.4368486596,-436.9578991064,-436.9578991064,0E-7,3,3,0.50665070000000000,0.506650700000,-1.4331513700195317,-1.4331513700195317,-1.4331513700195317,0E-17,ELIGIBLE,R03b_20260811_FULL_v1,L1_ELIGIBILITY,v2026-08-11,2026-03-21..2026-08-06,baccarat_bet02_101_all_pairs_incl_sentinel,round_win = game_pnl > 0 (decisive only),COMPATIBILITY_ONLY_NOT_PRODUCTION,4059548.3812,3680416.6879,6656.9809,9707,9692,-0.00163983,0.01249836,-0.00525961,-0.00163983,-6656.9809,4059548.3812,OK,0.0000,266.2792,4.0000,96.0000,AG03-UNRESOLVED,ALL5_LEVELS_bet23_to_bet27,266.2792,266.2792,266.2792,0.0000,0.0000,4.000000,4.000000,4.000000,0.000000,0.000000,96.000000,96.000000,96.000000,100.000000,100.000000,5.0,798.8377,767.3102,5858.1432,5889.6706,PENDING_AG03,FALSE,NOT_FOR_ENFORCEMENT,6390.7016,3533200.0204,6656.9809,6390.7016,266.2792,0.00163983,0.00157424,266.2792,6390.7016,0.00157424,266.2792,266.2792,266.2792,0.0000,0.0000,6390.7016,0.00157424,798.8377,767.3102,5858.1432,5889.6706,0.00144305,0.00145082,0.00006559,418.2083,379.7376,0.6869,61.6387,1.8384,37588.4109,89.7407,538.3845,395.5999,218.4789,430.6076,432.5446,432.5446,1046.441,1081.3617,427.0584,0.0,2.43015,2.511246,0.971205,30,216,96,2,0.20383968,0.00163983,-0.01249836,0E-8,0.000000,0.906607,0.000000,0.01775797,2026-03-22,2026-08-06,108,3621,2443,138,0.782609,1.360932,1.287360,0.679466,,,,,,,,GLOBAL_BASELINE_NO_ENTITY_RANKING,,,NOT_APPLICABLE_GLOBAL_BASELINE,HF9g-P5,,,,X 全窗基线 · 不参与实体赏罚,14197728,1420,A168_HF9F_20260827_0900,2026-08-27 09:00:00
2026-03-24,57024343,1991,0,1310.8736973192,426.0339516288,426.0339516288,0.6000000,5,5,0.49860758000000000,0.498607580000,0.4534424453485946,0.4534424453485946,0.4534424453485946,0E-17,ELIGIBLE,R03b_20260811_FULL_v1,L1_ELIGIBILITY,v2026-08-11,2026-03-21..2026-08-06,baccarat_bet02_101_all_pairs_incl_sentinel,round_win = game_pnl > 0 (decisive only),COMPATIBILITY_ONLY_NOT_PRODUCTION,4059548.3812,3680416.6879,6656.9809,9707,9692,-0.00163983,0.01249836,-0.00525961,-0.00163983,-6656.9809,4059548.3812,OK,0.0000,266.2792,4.0000,96.0000,AG03-UNRESOLVED,ALL5_LEVELS_bet23_to_bet27,266.2792,266.2792,266.2792,0.0000,0.0000,4.000000,4.000000,4.000000,0.000000,0.000000,96.000000,96.000000,96.000000,100.000000,100.000000,5.0,798.8377,767.3102,5858.1432,5889.6706,PENDING_AG03,FALSE,NOT_FOR_ENFORCEMENT,6390.7016,3533200.0204,6656.9809,6390.7016,266.2792,0.00163983,0.00157424,266.2792,6390.7016,0.00157424,266.2792,266.2792,266.2792,0.0000,0.0000,6390.7016,0.00157424,798.8377,767.3102,5858.1432,5889.6706,0.00144305,0.00145082,0.00006559,418.2083,379.7376,0.6869,61.6387,1.8384,37588.4109,89.7407,538.3845,395.5999,218.4789,430.6076,432.5446,432.5446,1046.441,1081.3617,427.0584,0.0,2.43015,2.511246,0.971205,30,216,96,2,0.20383968,0.00163983,-0.01249836,0E-8,0.000000,0.906607,0.000000,0.01775797,2026-03-22,2026-08-06,108,3621,2443,138,0.782609,1.360932,1.287360,0.679466,,,,,,,,GLOBAL_BASELINE_NO_ENTITY_RANKING,,,NOT_APPLICABLE_GLOBAL_BASELINE,HF9g-P5,,,,X 全窗基线 · 不参与实体赏罚,14197729,1420,A168_HF9F_20260827_0900,2026-08-27 09:00:00
2026-03-24,57024343,2118,0,1310.8736973192,404.1860566736,404.1860566736,0.7500000,5,5,0.50396966000000000,0.503969660000,0.9841523774297893,0.9841523774297894,0.9841523774297893,0E-17,ELIGIBLE,R03b_20260811_FULL_v1,L1_ELIGIBILITY,v2026-08-11,2026-03-21..2026-08-06,baccarat_bet02_101_all_pairs_incl_sentinel,round_win = game_pnl > 0 (decisive only),COMPATIBILITY_ONLY_NOT_PRODUCTION,4059548.3812,3680416.6879,6656.9809,9707,9692,-0.00163983,0.01249836,-0.00525961,-0.00163983,-6656.9809,4059548.3812,OK,0.0000,266.2792,4.0000,96.0000,AG03-UNRESOLVED,ALL5_LEVELS_bet23_to_bet27,266.2792,266.2792,266.2792,0.0000,0.0000,4.000000,4.000000,4.000000,0.000000,0.000000,96.000000,96.000000,96.000000,100.000000,100.000000,5.0,798.8377,767.3102,5858.1432,5889.6706,PENDING_AG03,FALSE,NOT_FOR_ENFORCEMENT,6390.7016,3533200.0204,6656.9809,6390.7016,266.2792,0.00163983,0.00157424,266.2792,6390.7016,0.00157424,266.2792,266.2792,266.2792,0.0000,0.0000,6390.7016,0.00157424,798.8377,767.3102,5858.1432,5889.6706,0.00144305,0.00145082,0.00006559,418.2083,379.7376,0.6869,61.6387,1.8384,37588.4109,89.7407,538.3845,395.5999,218.4789,430.6076,432.5446,432.5446,1046.441,1081.3617,427.0584,0.0,2.43015,2.511246,0.971205,30,216,96,2,0.20383968,0.00163983,-0.01249836,0E-8,0.000000,0.906607,0.000000,0.01775797,2026-03-22,2026-08-06,108,3621,2443,138,0.782609,1.360932,1.287360,0.679466,,,,,,,,GLOBAL_BASELINE_NO_ENTITY_RANKING,,,NOT_APPLICABLE_GLOBAL_BASELINE,HF9g-P5,,,,X 全窗基线 · 不参与实体赏罚,14197730,1420,A168_HF9F_20260827_0900,2026-08-27 09:00:00
2026-03-24,57024343,2141,0,873.9157982128,-447.8818465840,-447.8818465840,0.2500000,4,4,0.50665070000000000,0.506650700000,-1.0266936290537745,-1.0266936290537745,-1.0266936290537745,0E-17,ELIGIBLE,R03b_20260811_FULL_v1,L1_ELIGIBILITY,v2026-08-11,2026-03-21..2026-08-06,baccarat_bet02_101_all_pairs_incl_sentinel,round_win = game_pnl > 0 (decisive only),COMPATIBILITY_ONLY_NOT_PRODUCTION,4059548.3812,3680416.6879,6656.9809,9707,9692,-0.00163983,0.01249836,-0.00525961,-0.00163983,-6656.9809,4059548.3812,OK,0.0000,266.2792,4.0000,96.0000,AG03-UNRESOLVED,ALL5_LEVELS_bet23_to_bet27,266.2792,266.2792,266.2792,0.0000,0.0000,4.000000,4.000000,4.000000,0.000000,0.000000,96.000000,96.000000,96.000000,100.000000,100.000000,5.0,798.8377,767.3102,5858.1432,5889.6706,PENDING_AG03,FALSE,NOT_FOR_ENFORCEMENT,6390.7016,3533200.0204,6656.9809,6390.7016,266.2792,0.00163983,0.00157424,266.2792,6390.7016,0.00157424,266.2792,266.2792,266.2792,0.0000,0.0000,6390.7016,0.00157424,798.8377,767.3102,5858.1432,5889.6706,0.00144305,0.00145082,0.00006559,418.2083,379.7376,0.6869,61.6387,1.8384,37588.4109,89.7407,538.3845,395.5999,218.4789,430.6076,432.5446,432.5446,1046.441,1081.3617,427.0584,0.0,2.43015,2.511246,0.971205,30,216,96,2,0.20383968,0.00163983,-0.01249836,0E-8,0.000000,0.906607,0.000000,0.01775797,2026-03-22,2026-08-06,108,3621,2443,138,0.782609,1.360932,1.287360,0.679466,,,,,,,,GLOBAL_BASELINE_NO_ENTITY_RANKING,,,NOT_APPLICABLE_GLOBAL_BASELINE,HF9g-P5,,,,X 全窗基线 · 不参与实体赏罚,14197731,1420,A168_HF9F_20260827_0900,2026-08-27 09:00:00
2026-03-24,57024343,2153,0,1529.3526468724,-458.8057940616,-458.8057940616,0.3333333,7,7,0.50282064285714286,0.502820642857,-0.8303280647496518,-0.8303280647489506,-0.8303280647496518,1.4286E-13,ELIGIBLE,R03b_20260811_FULL_v1,L1_ELIGIBILITY,v2026-08-11,2026-03-21..2026-08-06,baccarat_bet02_101_all_pairs_incl_sentinel,round_win = game_pnl > 0 (decisive only),COMPATIBILITY_ONLY_NOT_PRODUCTION,4059548.3812,3680416.6879,6656.9809,9707,9692,-0.00163983,0.01249836,-0.00525961,-0.00163983,-6656.9809,4059548.3812,OK,0.0000,266.2792,4.0000,96.0000,AG03-UNRESOLVED,ALL5_LEVELS_bet23_to_bet27,266.2792,266.2792,266.2792,0.0000,0.0000,4.000000,4.000000,4.000000,0.000000,0.000000,96.000000,96.000000,96.000000,100.000000,100.000000,5.0,798.8377,767.3102,5858.1432,5889.6706,PENDING_AG03,FALSE,NOT_FOR_ENFORCEMENT,6390.7016,3533200.0204,6656.9809,6390.7016,266.2792,0.00163983,0.00157424,266.2792,6390.7016,0.00157424,266.2792,266.2792,266.2792,0.0000,0.0000,6390.7016,0.00157424,798.8377,767.3102,5858.1432,5889.6706,0.00144305,0.00145082,0.00006559,418.2083,379.7376,0.6869,61.6387,1.8384,37588.4109,89.7407,538.3845,395.5999,218.4789,430.6076,432.5446,432.5446,1046.441,1081.3617,427.0584,0.0,2.43015,2.511246,0.971205,30,216,96,2,0.20383968,0.00163983,-0.01249836,0E-8,0.000000,0.906607,0.000000,0.01775797,2026-03-22,2026-08-06,108,3621,2443,138,0.782609,1.360932,1.287360,0.679466,,,,,,,,GLOBAL_BASELINE_NO_ENTITY_RANKING,,,NOT_APPLICABLE_GLOBAL_BASELINE,HF9g-P5,,,,X 全窗基线 · 不参与实体赏罚,14197732,1420,A168_HF9F_20260827_0900,2026-08-27 09:00:00
2026-03-24,57024343,2155,0,655.4368486596,207.5550020756,207.5550020756,0.6666667,3,3,0.50218230000000000,0.502182300000,0.5697959874915163,0.5697959874915164,0.5697959874915163,0E-17,ELIGIBLE,R03b_20260811_FULL_v1,L1_ELIGIBILITY,v2026-08-11,2026-03-21..2026-08-06,baccarat_bet02_101_all_pairs_incl_sentinel,round_win = game_pnl > 0 (decisive only),COMPATIBILITY_ONLY_NOT_PRODUCTION,4059548.3812,3680416.6879,6656.9809,9707,9692,-0.00163983,0.01249836,-0.00525961,-0.00163983,-6656.9809,4059548.3812,OK,0.0000,266.2792,4.0000,96.0000,AG03-UNRESOLVED,ALL5_LEVELS_bet23_to_bet27,266.2792,266.2792,266.2792,0.0000,0.0000,4.000000,4.000000,4.000000,0.000000,0.000000,96.000000,96.000000,96.000000,100.000000,100.000000,5.0,798.8377,767.3102,5858.1432,5889.6706,PENDING_AG03,FALSE,NOT_FOR_ENFORCEMENT,6390.7016,3533200.0204,6656.9809,6390.7016,266.2792,0.00163983,0.00157424,266.2792,6390.7016,0.00157424,266.2792,266.2792,266.2792,0.0000,0.0000,6390.7016,0.00157424,798.8377,767.3102,5858.1432,5889.6706,0.00144305,0.00145082,0.00006559,418.2083,379.7376,0.6869,61.6387,1.8384,37588.4109,89.7407,538.3845,395.5999,218.4789,430.6076,432.5446,432.5446,1046.441,1081.3617,427.0584,0.0,2.43015,2.511246,0.971205,30,216,96,2,0.20383968,0.00163983,-0.01249836,0E-8,0.000000,0.906607,0.000000,0.01775797,2026-03-22,2026-08-06,108,3621,2443,138,0.782609,1.360932,1.287360,0.679466,,,,,,,,GLOBAL_BASELINE_NO_ENTITY_RANKING,,,NOT_APPLICABLE_GLOBAL_BASELINE,HF9g-P5,,,,X 全窗基线 · 不参与实体赏罚,14197733,1420,A168_HF9F_20260827_0900,2026-08-27 09:00:00
2026-03-24,57024343,2167,0,218.4789495532,-218.4789495532,-218.4789495532,0E-7,1,1,0.49324550000000000,0.493245500000,-0.9865810262130424,-0.9865810262130424,-0.9865810262130424,0E-17,ELIGIBLE,R03b_20260811_FULL_v1,L1_ELIGIBILITY,v2026-08-11,2026-03-21..2026-08-06,baccarat_bet02_101_all_pairs_incl_sentinel,round_win = game_pnl > 0 (decisive only),COMPATIBILITY_ONLY_NOT_PRODUCTION,4059548.3812,3680416.6879,6656.9809,9707,9692,-0.00163983,0.01249836,-0.00525961,-0.00163983,-6656.9809,4059548.3812,OK,0.0000,266.2792,4.0000,96.0000,AG03-UNRESOLVED,ALL5_LEVELS_bet23_to_bet27,266.2792,266.2792,266.2792,0.0000,0.0000,4.000000,4.000000,4.000000,0.000000,0.000000,96.000000,96.000000,96.000000,100.000000,100.000000,5.0,798.8377,767.3102,5858.1432,5889.6706,PENDING_AG03,FALSE,NOT_FOR_ENFORCEMENT,6390.7016,3533200.0204,6656.9809,6390.7016,266.2792,0.00163983,0.00157424,266.2792,6390.7016,0.00157424,266.2792,266.2792,266.2792,0.0000,0.0000,6390.7016,0.00157424,798.8377,767.3102,5858.1432,5889.6706,0.00144305,0.00145082,0.00006559,418.2083,379.7376,0.6869,61.6387,1.8384,37588.4109,89.7407,538.3845,395.5999,218.4789,430.6076,432.5446,432.5446,1046.441,1081.3617,427.0584,0.0,2.43015,2.511246,0.971205,30,216,96,2,0.20383968,0.00163983,-0.01249836,0E-8,0.000000,0.906607,0.000000,0.01775797,2026-03-22,2026-08-06,108,3621,2443,138,0.782609,1.360932,1.287360,0.679466,,,,,,,,GLOBAL_BASELINE_NO_ENTITY_RANKING,,,NOT_APPLICABLE_GLOBAL_BASELINE,HF9g-P5,,,,X 全窗基线 · 不参与实体赏罚,14197734,1420,A168_HF9F_20260827_0900,2026-08-27 09:00:00
2026-03-24,57024343,2175,0,655.4368486596,-10.9239474776,-10.9239474776,0.5000000,3,3,0.50665070000000000,0.506650700000,-0.018812684590367487,-0.018812684590367487,-0.018812684590367487,0E-17,ELIGIBLE,R03b_20260811_FULL_v1,L1_ELIGIBILITY,v2026-08-11,2026-03-21..2026-08-06,baccarat_bet02_101_all_pairs_incl_sentinel,round_win = game_pnl > 0 (decisive only),COMPATIBILITY_ONLY_NOT_PRODUCTION,4059548.3812,3680416.6879,6656.9809,9707,9692,-0.00163983,0.01249836,-0.00525961,-0.00163983,-6656.9809,4059548.3812,OK,0.0000,266.2792,4.0000,96.0000,AG03-UNRESOLVED,ALL5_LEVELS_bet23_to_bet27,266.2792,266.2792,266.2792,0.0000,0.0000,4.000000,4.000000,4.000000,0.000000,0.000000,96.000000,96.000000,96.000000,100.000000,100.000000,5.0,798.8377,767.3102,5858.1432,5889.6706,PENDING_AG03,FALSE,NOT_FOR_ENFORCEMENT,6390.7016,3533200.0204,6656.9809,6390.7016,266.2792,0.00163983,0.00157424,266.2792,6390.7016,0.00157424,266.2792,266.2792,266.2792,0.0000,0.0000,6390.7016,0.00157424,798.8377,767.3102,5858.1432,5889.6706,0.00144305,0.00145082,0.00006559,418.2083,379.7376,0.6869,61.6387,1.8384,37588.4109,89.7407,538.3845,395.5999,218.4789,430.6076,432.5446,432.5446,1046.441,1081.3617,427.0584,0.0,2.43015,2.511246,0.971205,30,216,96,2,0.20383968,0.00163983,-0.01249836,0E-8,0.000000,0.906607,0.000000,0.01775797,2026-03-22,2026-08-06,108,3621,2443,138,0.782609,1.360932,1.287360,0.679466,,,,,,,,GLOBAL_BASELINE_NO_ENTITY_RANKING,,,NOT_APPLICABLE_GLOBAL_BASELINE,HF9g-P5,,,,X 全窗基线 · 不参与实体赏罚,14197735,1420,A168_HF9F_20260827_0900,2026-08-27 09:00:00
2026-03-24,57024343,2177,0,2840.2263441916,-1136.0905376765,-1136.0905376765,0.2727273,11,11,0.50543204545454545,0.505432045455,-1.543679937902423,-1.5436799379054535,-1.543679937902423,-4.5455E-13,ELIGIBLE,R03b_20260811_FULL_v1,L1_ELIGIBILITY,v2026-08-11,2026-03-21..2026-08-06,baccarat_bet02_101_all_pairs_incl_sentinel,round_win = game_pnl > 0 (decisive only),COMPATIBILITY_ONLY_NOT_PRODUCTION,4059548.3812,3680416.6879,6656.9809,9707,9692,-0.00163983,0.01249836,-0.00525961,-0.00163983,-6656.9809,4059548.3812,OK,0.0000,266.2792,4.0000,96.0000,AG03-UNRESOLVED,ALL5_LEVELS_bet23_to_bet27,266.2792,266.2792,266.2792,0.0000,0.0000,4.000000,4.000000,4.000000,0.000000,0.000000,96.000000,96.000000,96.000000,100.000000,100.000000,5.0,798.8377,767.3102,5858.1432,5889.6706,PENDING_AG03,FALSE,NOT_FOR_ENFORCEMENT,6390.7016,3533200.0204,6656.9809,6390.7016,266.2792,0.00163983,0.00157424,266.2792,6390.7016,0.00157424,266.2792,266.2792,266.2792,0.0000,0.0000,6390.7016,0.00157424,798.8377,767.3102,5858.1432,5889.6706,0.00144305,0.00145082,0.00006559,418.2083,379.7376,0.6869,61.6387,1.8384,37588.4109,89.7407,538.3845,395.5999,218.4789,430.6076,432.5446,432.5446,1046.441,1081.3617,427.0584,0.0,2.43015,2.511246,0.971205,30,216,96,2,0.20383968,0.00163983,-0.01249836,0E-8,0.000000,0.906607,0.000000,0.01775797,2026-03-22,2026-08-06,108,3621,2443,138,0.782609,1.360932,1.287360,0.679466,,,,,,,,GLOBAL_BASELINE_NO_ENTITY_RANKING,,,NOT_APPLICABLE_GLOBAL_BASELINE,HF9g-P5,,,,X 全窗基线 · 不参与实体赏罚,14197736,1420,A168_HF9F_20260827_0900,2026-08-27 09:00:00
2026-03-24,57024343,2189,0,1747.8315964256,404.1860566736,404.1860566736,0.7142857,7,7,0.50282064285714286,0.502820642857,1.1189857854549734,1.1189857854557275,1.1189857854549734,1.4286E-13,ELIGIBLE,R03b_20260811_FULL_v1,L1_ELIGIBILITY,v2026-08-11,2026-03-21..2026-08-06,baccarat_bet02_101_all_pairs_incl_sentinel,round_win = game_pnl > 0 (decisive only),COMPATIBILITY_ONLY_NOT_PRODUCTION,4059548.3812,3680416.6879,6656.9809,9707,9692,-0.00163983,0.01249836,-0.00525961,-0.00163983,-6656.9809,4059548.3812,OK,0.0000,266.2792,4.0000,96.0000,AG03-UNRESOLVED,ALL5_LEVELS_bet23_to_bet27,266.2792,266.2792,266.2792,0.0000,0.0000,4.000000,4.000000,4.000000,0.000000,0.000000,96.000000,96.000000,96.000000,100.000000,100.000000,5.0,798.8377,767.3102,5858.1432,5889.6706,PENDING_AG03,FALSE,NOT_FOR_ENFORCEMENT,6390.7016,3533200.0204,6656.9809,6390.7016,266.2792,0.00163983,0.00157424,266.2792,6390.7016,0.00157424,266.2792,266.2792,266.2792,0.0000,0.0000,6390.7016,0.00157424,798.8377,767.3102,5858.1432,5889.6706,0.00144305,0.00145082,0.00006559,418.2083,379.7376,0.6869,61.6387,1.8384,37588.4109,89.7407,538.3845,395.5999,218.4789,430.6076,432.5446,432.5446,1046.441,1081.3617,427.0584,0.0,2.43015,2.511246,0.971205,30,216,96,2,0.20383968,0.00163983,-0.01249836,0E-8,0.000000,0.906607,0.000000,0.01775797,2026-03-22,2026-08-06,108,3621,2443,138,0.782609,1.360932,1.287360,0.679466,,,,,,,,GLOBAL_BASELINE_NO_ENTITY_RANKING,,,NOT_APPLICABLE_GLOBAL_BASELINE,HF9g-P5,,,,X 全窗基线 · 不参与实体赏罚,14197737,1420,A168_HF9F_20260827_0900,2026-08-27 09:00:00
2026-03-24,57024343,2201,0,436.9578991064,436.9578991064,436.9578991064,1.0000000,2,2,0.49324550000000000,0.493245500000,1.4334489766152358,1.4334489766152358,1.4334489766152358,0E-17,ELIGIBLE,R03b_20260811_FULL_v1,L1_ELIGIBILITY,v2026-08-11,2026-03-21..2026-08-06,baccarat_bet02_101_all_pairs_incl_sentinel,round_win = game_pnl > 0 (decisive only),COMPATIBILITY_ONLY_NOT_PRODUCTION,4059548.3812,3680416.6879,6656.9809,9707,9692,-0.00163983,0.01249836,-0.00525961,-0.00163983,-6656.9809,4059548.3812,OK,0.0000,266.2792,4.0000,96.0000,AG03-UNRESOLVED,ALL5_LEVELS_bet23_to_bet27,266.2792,266.2792,266.2792,0.0000,0.0000,4.000000,4.000000,4.000000,0.000000,0.000000,96.000000,96.000000,96.000000,100.000000,100.000000,5.0,798.8377,767.3102,5858.1432,5889.6706,PENDING_AG03,FALSE,NOT_FOR_ENFORCEMENT,6390.7016,3533200.0204,6656.9809,6390.7016,266.2792,0.00163983,0.00157424,266.2792,6390.7016,0.00157424,266.2792,266.2792,266.2792,0.0000,0.0000,6390.7016,0.00157424,798.8377,767.3102,5858.1432,5889.6706,0.00144305,0.00145082,0.00006559,418.2083,379.7376,0.6869,61.6387,1.8384,37588.4109,89.7407,538.3845,395.5999,218.4789,430.6076,432.5446,432.5446,1046.441,1081.3617,427.0584,0.0,2.43015,2.511246,0.971205,30,216,96,2,0.20383968,0.00163983,-0.01249836,0E-8,0.000000,0.906607,0.000000,0.01775797,2026-03-22,2026-08-06,108,3621,2443,138,0.782609,1.360932,1.287360,0.679466,,,,,,,,GLOBAL_BASELINE_NO_ENTITY_RANKING,,,NOT_APPLICABLE_GLOBAL_BASELINE,HF9g-P5,,,,X 全窗基线 · 不参与实体赏罚,14197738,1420,A168_HF9F_20260827_0900,2026-08-27 09:00:00
2026-03-24,57024343,2218,0,1966.3105459788,-21.8478949552,-21.8478949552,0.5000000,9,9,0.50218230000000000,0.502182300000,-0.01234507061437774,-0.01234507061437774,-0.01234507061437774,0E-17,ELIGIBLE,R03b_20260811_FULL_v1,L1_ELIGIBILITY,v2026-08-11,2026-03-21..2026-08-06,baccarat_bet02_101_all_pairs_incl_sentinel,round_win = game_pnl > 0 (decisive only),COMPATIBILITY_ONLY_NOT_PRODUCTION,4059548.3812,3680416.6879,6656.9809,9707,9692,-0.00163983,0.01249836,-0.00525961,-0.00163983,-6656.9809,4059548.3812,OK,0.0000,266.2792,4.0000,96.0000,AG03-UNRESOLVED,ALL5_LEVELS_bet23_to_bet27,266.2792,266.2792,266.2792,0.0000,0.0000,4.000000,4.000000,4.000000,0.000000,0.000000,96.000000,96.000000,96.000000,100.000000,100.000000,5.0,798.8377,767.3102,5858.1432,5889.6706,PENDING_AG03,FALSE,NOT_FOR_ENFORCEMENT,6390.7016,3533200.0204,6656.9809,6390.7016,266.2792,0.00163983,0.00157424,266.2792,6390.7016,0.00157424,266.2792,266.2792,266.2792,0.0000,0.0000,6390.7016,0.00157424,798.8377,767.3102,5858.1432,5889.6706,0.00144305,0.00145082,0.00006559,418.2083,379.7376,0.6869,61.6387,1.8384,37588.4109,89.7407,538.3845,395.5999,218.4789,430.6076,432.5446,432.5446,1046.441,1081.3617,427.0584,0.0,2.43015,2.511246,0.971205,30,216,96,2,0.20383968,0.00163983,-0.01249836,0E-8,0.000000,0.906607,0.000000,0.01775797,2026-03-22,2026-08-06,108,3621,2443,138,0.782609,1.360932,1.287360,0.679466,,,,,,,,GLOBAL_BASELINE_NO_ENTITY_RANKING,,,NOT_APPLICABLE_GLOBAL_BASELINE,HF9g-P5,,,,X 全窗基线 · 不参与实体赏罚,14197739,1420,A168_HF9F_20260827_0900,2026-08-27 09:00:00
2026-03-24,57024343,2222,0,436.9578991064,-10.9239474776,-10.9239474776,0.5000000,2,2,0.49994810000000000,0.499948100000,0.00014679536856514622,0.00014679536856514622,0.00014679536856514622,0E-17,ELIGIBLE,R03b_20260811_FULL_v1,L1_ELIGIBILITY,v2026-08-11,2026-03-21..2026-08-06,baccarat_bet02_101_all_pairs_incl_sentinel,round_win = game_pnl > 0 (decisive only),COMPATIBILITY_ONLY_NOT_PRODUCTION,4059548.3812,3680416.6879,6656.9809,9707,9692,-0.00163983,0.01249836,-0.00525961,-0.00163983,-6656.9809,4059548.3812,OK,0.0000,266.2792,4.0000,96.0000,AG03-UNRESOLVED,ALL5_LEVELS_bet23_to_bet27,266.2792,266.2792,266.2792,0.0000,0.0000,4.000000,4.000000,4.000000,0.000000,0.000000,96.000000,96.000000,96.000000,100.000000,100.000000,5.0,798.8377,767.3102,5858.1432,5889.6706,PENDING_AG03,FALSE,NOT_FOR_ENFORCEMENT,6390.7016,3533200.0204,6656.9809,6390.7016,266.2792,0.00163983,0.00157424,266.2792,6390.7016,0.00157424,266.2792,266.2792,266.2792,0.0000,0.0000,6390.7016,0.00157424,798.8377,767.3102,5858.1432,5889.6706,0.00144305,0.00145082,0.00006559,418.2083,379.7376,0.6869,61.6387,1.8384,37588.4109,89.7407,538.3845,395.5999,218.4789,430.6076,432.5446,432.5446,1046.441,1081.3617,427.0584,0.0,2.43015,2.511246,0.971205,30,216,96,2,0.20383968,0.00163983,-0.01249836,0E-8,0.000000,0.906607,0.000000,0.01775797,2026-03-22,2026-08-06,108,3621,2443,138,0.782609,1.360932,1.287360,0.679466,,,,,,,,GLOBAL_BASELINE_NO_ENTITY_RANKING,,,NOT_APPLICABLE_GLOBAL_BASELINE,HF9g-P5,,,,X 全窗基线 · 不参与实体赏罚,14197740,1420,A168_HF9F_20260827_0900,2026-08-27 09:00:00
2026-03-24,57024343,2233,0,655.4368486596,-218.4789495532,-218.4789495532,0.3333333,3,3,0.49771390000000000,0.497713900000,-0.5694369385616226,-0.5694369385616226,-0.5694369385616226,0E-17,ELIGIBLE,R03b_20260811_FULL_v1,L1_ELIGIBILITY,v2026-08-11,2026-03-21..2026-08-06,baccarat_bet02_101_all_pairs_incl_sentinel,round_win = game_pnl > 0 (decisive only),COMPATIBILITY_ONLY_NOT_PRODUCTION,4059548.3812,3680416.6879,6656.9809,9707,9692,-0.00163983,0.01249836,-0.00525961,-0.00163983,-6656.9809,4059548.3812,OK,0.0000,266.2792,4.0000,96.0000,AG03-UNRESOLVED,ALL5_LEVELS_bet23_to_bet27,266.2792,266.2792,266.2792,0.0000,0.0000,4.000000,4.000000,4.000000,0.000000,0.000000,96.000000,96.000000,96.000000,100.000000,100.000000,5.0,798.8377,767.3102,5858.1432,5889.6706,PENDING_AG03,FALSE,NOT_FOR_ENFORCEMENT,6390.7016,3533200.0204,6656.9809,6390.7016,266.2792,0.00163983,0.00157424,266.2792,6390.7016,0.00157424,266.2792,266.2792,266.2792,0.0000,0.0000,6390.7016,0.00157424,798.8377,767.3102,5858.1432,5889.6706,0.00144305,0.00145082,0.00006559,418.2083,379.7376,0.6869,61.6387,1.8384,37588.4109,89.7407,538.3845,395.5999,218.4789,430.6076,432.5446,432.5446,1046.441,1081.3617,427.0584,0.0,2.43015,2.511246,0.971205,30,216,96,2,0.20383968,0.00163983,-0.01249836,0E-8,0.000000,0.906607,0.000000,0.01775797,2026-03-22,2026-08-06,108,3621,2443,138,0.782609,1.360932,1.287360,0.679466,,,,,,,,GLOBAL_BASELINE_NO_ENTITY_RANKING,,,NOT_APPLICABLE_GLOBAL_BASELINE,HF9g-P5,,,,X 全窗基线 · 不参与实体赏罚,14197741,1420,A168_HF9F_20260827_0900,2026-08-27 09:00:00
2026-03-24,57024343,2244,0,218.4789495532,207.5550020756,207.5550020756,1.0000000,1,1,0.50665070000000000,0.506650700000,0.9867858985152569,0.9867858985152569,0.9867858985152569,0E-17,ELIGIBLE,R03b_20260811_FULL_v1,L1_ELIGIBILITY,v2026-08-11,2026-03-21..2026-08-06,baccarat_bet02_101_all_pairs_incl_sentinel,round_win = game_pnl > 0 (decisive only),COMPATIBILITY_ONLY_NOT_PRODUCTION,4059548.3812,3680416.6879,6656.9809,9707,9692,-0.00163983,0.01249836,-0.00525961,-0.00163983,-6656.9809,4059548.3812,OK,0.0000,266.2792,4.0000,96.0000,AG03-UNRESOLVED,ALL5_LEVELS_bet23_to_bet27,266.2792,266.2792,266.2792,0.0000,0.0000,4.000000,4.000000,4.000000,0.000000,0.000000,96.000000,96.000000,96.000000,100.000000,100.000000,5.0,798.8377,767.3102,5858.1432,5889.6706,PENDING_AG03,FALSE,NOT_FOR_ENFORCEMENT,6390.7016,3533200.0204,6656.9809,6390.7016,266.2792,0.00163983,0.00157424,266.2792,6390.7016,0.00157424,266.2792,266.2792,266.2792,0.0000,0.0000,6390.7016,0.00157424,798.8377,767.3102,5858.1432,5889.6706,0.00144305,0.00145082,0.00006559,418.2083,379.7376,0.6869,61.6387,1.8384,37588.4109,89.7407,538.3845,395.5999,218.4789,430.6076,432.5446,432.5446,1046.441,1081.3617,427.0584,0.0,2.43015,2.511246,0.971205,30,216,96,2,0.20383968,0.00163983,-0.01249836,0E-8,0.000000,0.906607,0.000000,0.01775797,2026-03-22,2026-08-06,108,3621,2443,138,0.782609,1.360932,1.287360,0.679466,,,,,,,,GLOBAL_BASELINE_NO_ENTITY_RANKING,,,NOT_APPLICABLE_GLOBAL_BASELINE,HF9g-P5,,,,X 全窗基线 · 不参与实体赏罚,14197742,1420,A168_HF9F_20260827_0900,2026-08-27 09:00:00
2026-03-24,57024343,2248,0,873.9157982128,830.2200083024,830.2200083024,1.0000000,4,4,0.50665070000000000,0.506650700000,1.9735717970305138,1.9735717970305138,1.9735717970305138,0E-17,ELIGIBLE,R03b_20260811_FULL_v1,L1_ELIGIBILITY,v2026-08-11,2026-03-21..2026-08-06,baccarat_bet02_101_all_pairs_incl_sentinel,round_win = game_pnl > 0 (decisive only),COMPATIBILITY_ONLY_NOT_PRODUCTION,4059548.3812,3680416.6879,6656.9809,9707,9692,-0.00163983,0.01249836,-0.00525961,-0.00163983,-6656.9809,4059548.3812,OK,0.0000,266.2792,4.0000,96.0000,AG03-UNRESOLVED,ALL5_LEVELS_bet23_to_bet27,266.2792,266.2792,266.2792,0.0000,0.0000,4.000000,4.000000,4.000000,0.000000,0.000000,96.000000,96.000000,96.000000,100.000000,100.000000,5.0,798.8377,767.3102,5858.1432,5889.6706,PENDING_AG03,FALSE,NOT_FOR_ENFORCEMENT,6390.7016,3533200.0204,6656.9809,6390.7016,266.2792,0.00163983,0.00157424,266.2792,6390.7016,0.00157424,266.2792,266.2792,266.2792,0.0000,0.0000,6390.7016,0.00157424,798.8377,767.3102,5858.1432,5889.6706,0.00144305,0.00145082,0.00006559,418.2083,379.7376,0.6869,61.6387,1.8384,37588.4109,89.7407,538.3845,395.5999,218.4789,430.6076,432.5446,432.5446,1046.441,1081.3617,427.0584,0.0,2.43015,2.511246,0.971205,30,216,96,2,0.20383968,0.00163983,-0.01249836,0E-8,0.000000,0.906607,0.000000,0.01775797,2026-03-22,2026-08-06,108,3621,2443,138,0.782609,1.360932,1.287360,0.679466,,,,,,,,GLOBAL_BASELINE_NO_ENTITY_RANKING,,,NOT_APPLICABLE_GLOBAL_BASELINE,HF9g-P5,,,,X 全窗基线 · 不参与实体赏罚,14197743,1420,A168_HF9F_20260827_0900,2026-08-27 09:00:00
2026-03-24,57024343,2252,0,2840.2263441916,-273.0986869412,-273.0986869412,0.4615385,13,13,0.50355719230769231,0.503557192308,-0.30300904505466675,-0.3030090450568869,-0.30300904505466675,-3.0769E-13,ELIGIBLE,R03b_20260811_FULL_v1,L1_ELIGIBILITY,v2026-08-11,2026-03-21..2026-08-06,baccarat_bet02_101_all_pairs_incl_sentinel,round_win = game_pnl > 0 (decisive only),COMPATIBILITY_ONLY_NOT_PRODUCTION,4059548.3812,3680416.6879,6656.9809,9707,9692,-0.00163983,0.01249836,-0.00525961,-0.00163983,-6656.9809,4059548.3812,OK,0.0000,266.2792,4.0000,96.0000,AG03-UNRESOLVED,ALL5_LEVELS_bet23_to_bet27,266.2792,266.2792,266.2792,0.0000,0.0000,4.000000,4.000000,4.000000,0.000000,0.000000,96.000000,96.000000,96.000000,100.000000,100.000000,5.0,798.8377,767.3102,5858.1432,5889.6706,PENDING_AG03,FALSE,NOT_FOR_ENFORCEMENT,6390.7016,3533200.0204,6656.9809,6390.7016,266.2792,0.00163983,0.00157424,266.2792,6390.7016,0.00157424,266.2792,266.2792,266.2792,0.0000,0.0000,6390.7016,0.00157424,798.8377,767.3102,5858.1432,5889.6706,0.00144305,0.00145082,0.00006559,418.2083,379.7376,0.6869,61.6387,1.8384,37588.4109,89.7407,538.3845,395.5999,218.4789,430.6076,432.5446,432.5446,1046.441,1081.3617,427.0584,0.0,2.43015,2.511246,0.971205,30,216,96,2,0.20383968,0.00163983,-0.01249836,0E-8,0.000000,0.906607,0.000000,0.01775797,2026-03-22,2026-08-06,108,3621,2443,138,0.782609,1.360932,1.287360,0.679466,,,,,,,,GLOBAL_BASELINE_NO_ENTITY_RANKING,,,NOT_APPLICABLE_GLOBAL_BASELINE,HF9g-P5,,,,X 全窗基线 · 不参与实体赏罚,14197744,1420,A168_HF9F_20260827_0900,2026-08-27 09:00:00
2026-03-24,57024343,595,0,218.4789495532,218.4789495532,218.4789495532,1.0000000,1,1,0.49324550000000000,0.493245500000,1.01360149184955,1.01360149184955,1.01360149184955,0E-17,ELIGIBLE,R03b_20260811_FULL_v1,L1_ELIGIBILITY,v2026-08-11,2026-03-21..2026-08-06,baccarat_bet02_101_all_pairs_incl_sentinel,round_win = game_pnl > 0 (decisive only),COMPATIBILITY_ONLY_NOT_PRODUCTION,4059548.3812,3680416.6879,6656.9809,9707,9692,-0.00163983,0.01249836,-0.00525961,-0.00163983,-6656.9809,4059548.3812,OK,0.0000,266.2792,4.0000,96.0000,AG03-UNRESOLVED,ALL5_LEVELS_bet23_to_bet27,266.2792,266.2792,266.2792,0.0000,0.0000,4.000000,4.000000,4.000000,0.000000,0.000000,96.000000,96.000000,96.000000,100.000000,100.000000,5.0,798.8377,767.3102,5858.1432,5889.6706,PENDING_AG03,FALSE,NOT_FOR_ENFORCEMENT,6390.7016,3533200.0204,6656.9809,6390.7016,266.2792,0.00163983,0.00157424,266.2792,6390.7016,0.00157424,266.2792,266.2792,266.2792,0.0000,0.0000,6390.7016,0.00157424,798.8377,767.3102,5858.1432,5889.6706,0.00144305,0.00145082,0.00006559,418.2083,379.7376,0.6869,61.6387,1.8384,37588.4109,89.7407,538.3845,395.5999,218.4789,430.6076,432.5446,432.5446,1046.441,1081.3617,427.0584,0.0,2.43015,2.511246,0.971205,30,216,96,2,0.20383968,0.00163983,-0.01249836,0E-8,0.000000,0.906607,0.000000,0.01775797,2026-03-22,2026-08-06,108,3621,2443,138,0.782609,1.360932,1.287360,0.679466,,,,,,,,GLOBAL_BASELINE_NO_ENTITY_RANKING,,,NOT_APPLICABLE_GLOBAL_BASELINE,HF9g-P5,,,,X 全窗基线 · 不参与实体赏罚,14197745,1420,A168_HF9F_20260827_0900,2026-08-27 09:00:00
2026-03-26,57024343,-1,1,8520.6790325748,447.8818465850,447.8818465850,0.5294118,36,36,0.50516123333333333,0.505161233333,0.2828224319512201,0.2828224319551057,0.2828224319512201,3.3333E-13,SENTINEL_DEALER,R03b_20260811_FULL_v1,L1_ELIGIBILITY,v2026-08-11,2026-03-21..2026-08-06,baccarat_bet02_101_all_pairs_incl_sentinel,round_win = game_pnl > 0 (decisive only),COMPATIBILITY_ONLY_NOT_PRODUCTION,4059548.3812,3680416.6879,6656.9809,9707,9692,-0.00163983,0.01249836,-0.00525961,-0.00163983,-6656.9809,4059548.3812,OK,0.0000,266.2792,4.0000,96.0000,AG03-UNRESOLVED,ALL5_LEVELS_bet23_to_bet27,266.2792,266.2792,266.2792,0.0000,0.0000,4.000000,4.000000,4.000000,0.000000,0.000000,96.000000,96.000000,96.000000,100.000000,100.000000,5.0,798.8377,767.3102,5858.1432,5889.6706,PENDING_AG03,FALSE,NOT_FOR_ENFORCEMENT,6390.7016,3533200.0204,6656.9809,6390.7016,266.2792,0.00163983,0.00157424,266.2792,6390.7016,0.00157424,266.2792,266.2792,266.2792,0.0000,0.0000,6390.7016,0.00157424,798.8377,767.3102,5858.1432,5889.6706,0.00144305,0.00145082,0.00006559,418.2083,379.7376,0.6869,61.6387,1.8384,37588.4109,89.7407,538.3845,395.5999,218.4789,430.6076,432.5446,432.5446,1046.441,1081.3617,427.0584,0.0,2.43015,2.511246,0.971205,30,216,96,2,0.20383968,0.00163983,-0.01249836,0E-8,0.000000,0.906607,0.000000,0.01775797,2026-03-22,2026-08-06,108,3621,2443,138,0.782609,1.360932,1.287360,0.679466,,,,,,,,GLOBAL_BASELINE_NO_ENTITY_RANKING,,,NOT_APPLICABLE_GLOBAL_BASELINE,HF9g-P5,,,,X 全窗基线 · 不参与实体赏罚,14197746,1420,A168_HF9F_20260827_0900,2026-08-27 09:00:00
2026-03-26,57024343,1007,0,873.9157982128,-436.9578991064,-436.9578991064,0.2500000,4,4,0.49659680000000000,0.496596800000,-0.9864100490137353,-0.9864100490137354,-0.9864100490137353,0E-17,ELIGIBLE,R03b_20260811_FULL_v1,L1_ELIGIBILITY,v2026-08-11,2026-03-21..2026-08-06,baccarat_bet02_101_all_pairs_incl_sentinel,round_win = game_pnl > 0 (decisive only),COMPATIBILITY_ONLY_NOT_PRODUCTION,4059548.3812,3680416.6879,6656.9809,9707,9692,-0.00163983,0.01249836,-0.00525961,-0.00163983,-6656.9809,4059548.3812,OK,0.0000,266.2792,4.0000,96.0000,AG03-UNRESOLVED,ALL5_LEVELS_bet23_to_bet27,266.2792,266.2792,266.2792,0.0000,0.0000,4.000000,4.000000,4.000000,0.000000,0.000000,96.000000,96.000000,96.000000,100.000000,100.000000,5.0,798.8377,767.3102,5858.1432,5889.6706,PENDING_AG03,FALSE,NOT_FOR_ENFORCEMENT,6390.7016,3533200.0204,6656.9809,6390.7016,266.2792,0.00163983,0.00157424,266.2792,6390.7016,0.00157424,266.2792,266.2792,266.2792,0.0000,0.0000,6390.7016,0.00157424,798.8377,767.3102,5858.1432,5889.6706,0.00144305,0.00145082,0.00006559,418.2083,379.7376,0.6869,61.6387,1.8384,37588.4109,89.7407,538.3845,395.5999,218.4789,430.6076,432.5446,432.5446,1046.441,1081.3617,427.0584,0.0,2.43015,2.511246,0.971205,30,216,96,2,0.20383968,0.00163983,-0.01249836,0E-8,0.000000,0.906607,0.000000,0.01775797,2026-03-22,2026-08-06,108,3621,2443,138,0.782609,1.360932,1.287360,0.679466,,,,,,,,GLOBAL_BASELINE_NO_ENTITY_RANKING,,,NOT_APPLICABLE_GLOBAL_BASELINE,HF9g-P5,,,,X 全窗基线 · 不参与实体赏罚,14197747,1420,A168_HF9F_20260827_0900,2026-08-27 09:00:00
2026-03-26,57024343,1017,0,873.9157982128,-436.9578991064,-436.9578991064,0.3333333,3,3,0.50218230000000000,0.502182300000,-0.5849155494134425,-0.5849155494134426,-0.5849155494134425,0E-17,ELIGIBLE,R03b_20260811_FULL_v1,L1_ELIGIBILITY,v2026-08-11,2026-03-21..2026-08-06,baccarat_bet02_101_all_pairs_incl_sentinel,round_win = game_pnl > 0 (decisive only),COMPATIBILITY_ONLY_NOT_PRODUCTION,4059548.3812,3680416.6879,6656.9809,9707,9692,-0.00163983,0.01249836,-0.00525961,-0.00163983,-6656.9809,4059548.3812,OK,0.0000,266.2792,4.0000,96.0000,AG03-UNRESOLVED,ALL5_LEVELS_bet23_to_bet27,266.2792,266.2792,266.2792,0.0000,0.0000,4.000000,4.000000,4.000000,0.000000,0.000000,96.000000,96.000000,96.000000,100.000000,100.000000,5.0,798.8377,767.3102,5858.1432,5889.6706,PENDING_AG03,FALSE,NOT_FOR_ENFORCEMENT,6390.7016,3533200.0204,6656.9809,6390.7016,266.2792,0.00163983,0.00157424,266.2792,6390.7016,0.00157424,266.2792,266.2792,266.2792,0.0000,0.0000,6390.7016,0.00157424,798.8377,767.3102,5858.1432,5889.6706,0.00144305,0.00145082,0.00006559,418.2083,379.7376,0.6869,61.6387,1.8384,37588.4109,89.7407,538.3845,395.5999,218.4789,430.6076,432.5446,432.5446,1046.441,1081.3617,427.0584,0.0,2.43015,2.511246,0.971205,30,216,96,2,0.20383968,0.00163983,-0.01249836,0E-8,0.000000,0.906607,0.000000,0.01775797,2026-03-22,2026-08-06,108,3621,2443,138,0.782609,1.360932,1.287360,0.679466,,,,,,,,GLOBAL_BASELINE_NO_ENTITY_RANKING,,,NOT_APPLICABLE_GLOBAL_BASELINE,HF9g-P5,,,,X 全窗基线 · 不参与实体赏罚,14197748,1420,A168_HF9F_20260827_0900,2026-08-27 09:00:00
2026-03-26,57024343,1094,0,873.9157982128,-218.4789495532,-218.4789495532,0.3333333,4,4,0.49659680000000000,0.496596800000,-0.5655743394288276,-0.5655743394288276,-0.5655743394288276,0E-17,ELIGIBLE,R03b_20260811_FULL_v1,L1_ELIGIBILITY,v2026-08-11,2026-03-21..2026-08-06,baccarat_bet02_101_all_pairs_incl_sentinel,round_win = game_pnl > 0 (decisive only),COMPATIBILITY_ONLY_NOT_PRODUCTION,4059548.3812,3680416.6879,6656.9809,9707,9692,-0.00163983,0.01249836,-0.00525961,-0.00163983,-6656.9809,4059548.3812,OK,0.0000,266.2792,4.0000,96.0000,AG03-UNRESOLVED,ALL5_LEVELS_bet23_to_bet27,266.2792,266.2792,266.2792,0.0000,0.0000,4.000000,4.000000,4.000000,0.000000,0.000000,96.000000,96.000000,96.000000,100.000000,100.000000,5.0,798.8377,767.3102,5858.1432,5889.6706,PENDING_AG03,FALSE,NOT_FOR_ENFORCEMENT,6390.7016,3533200.0204,6656.9809,6390.7016,266.2792,0.00163983,0.00157424,266.2792,6390.7016,0.00157424,266.2792,266.2792,266.2792,0.0000,0.0000,6390.7016,0.00157424,798.8377,767.3102,5858.1432,5889.6706,0.00144305,0.00145082,0.00006559,418.2083,379.7376,0.6869,61.6387,1.8384,37588.4109,89.7407,538.3845,395.5999,218.4789,430.6076,432.5446,432.5446,1046.441,1081.3617,427.0584,0.0,2.43015,2.511246,0.971205,30,216,96,2,0.20383968,0.00163983,-0.01249836,0E-8,0.000000,0.906607,0.000000,0.01775797,2026-03-22,2026-08-06,108,3621,2443,138,0.782609,1.360932,1.287360,0.679466,,,,,,,,GLOBAL_BASELINE_NO_ENTITY_RANKING,,,NOT_APPLICABLE_GLOBAL_BASELINE,HF9g-P5,,,,X 全窗基线 · 不参与实体赏罚,14197749,1420,A168_HF9F_20260827_0900,2026-08-27 09:00:00
2026-03-26,57024343,1382,0,873.9157982128,-10.9239474776,-10.9239474776,0.5000000,4,4,0.50329940000000000,0.503299400000,-0.01319788734859681,-0.01319788734859681,-0.01319788734859681,0E-17,ELIGIBLE,R03b_20260811_FULL_v1,L1_ELIGIBILITY,v2026-08-11,2026-03-21..2026-08-06,baccarat_bet02_101_all_pairs_incl_sentinel,round_win = game_pnl > 0 (decisive only),COMPATIBILITY_ONLY_NOT_PRODUCTION,4059548.3812,3680416.6879,6656.9809,9707,9692,-0.00163983,0.01249836,-0.00525961,-0.00163983,-6656.9809,4059548.3812,OK,0.0000,266.2792,4.0000,96.0000,AG03-UNRESOLVED,ALL5_LEVELS_bet23_to_bet27,266.2792,266.2792,266.2792,0.0000,0.0000,4.000000,4.000000,4.000000,0.000000,0.000000,96.000000,96.000000,96.000000,100.000000,100.000000,5.0,798.8377,767.3102,5858.1432,5889.6706,PENDING_AG03,FALSE,NOT_FOR_ENFORCEMENT,6390.7016,3533200.0204,6656.9809,6390.7016,266.2792,0.00163983,0.00157424,266.2792,6390.7016,0.00157424,266.2792,266.2792,266.2792,0.0000,0.0000,6390.7016,0.00157424,798.8377,767.3102,5858.1432,5889.6706,0.00144305,0.00145082,0.00006559,418.2083,379.7376,0.6869,61.6387,1.8384,37588.4109,89.7407,538.3845,395.5999,218.4789,430.6076,432.5446,432.5446,1046.441,1081.3617,427.0584,0.0,2.43015,2.511246,0.971205,30,216,96,2,0.20383968,0.00163983,-0.01249836,0E-8,0.000000,0.906607,0.000000,0.01775797,2026-03-22,2026-08-06,108,3621,2443,138,0.782609,1.360932,1.287360,0.679466,,,,,,,,GLOBAL_BASELINE_NO_ENTITY_RANKING,,,NOT_APPLICABLE_GLOBAL_BASELINE,HF9g-P5,,,,X 全窗基线 · 不参与实体赏罚,14197750,1420,A168_HF9F_20260827_0900,2026-08-27 09:00:00
2026-03-26,57024343,1384,0,1310.8736973192,611.7410587492,611.7410587492,0.8000000,6,6,0.50665070000000000,0.506650700000,1.3120140225494112,1.3120140225494112,1.3120140225494112,0E-17,ELIGIBLE,R03b_20260811_FULL_v1,L1_ELIGIBILITY,v2026-08-11,2026-03-21..2026-08-06,baccarat_bet02_101_all_pairs_incl_sentinel,round_win = game_pnl > 0 (decisive only),COMPATIBILITY_ONLY_NOT_PRODUCTION,4059548.3812,3680416.6879,6656.9809,9707,9692,-0.00163983,0.01249836,-0.00525961,-0.00163983,-6656.9809,4059548.3812,OK,0.0000,266.2792,4.0000,96.0000,AG03-UNRESOLVED,ALL5_LEVELS_bet23_to_bet27,266.2792,266.2792,266.2792,0.0000,0.0000,4.000000,4.000000,4.000000,0.000000,0.000000,96.000000,96.000000,96.000000,100.000000,100.000000,5.0,798.8377,767.3102,5858.1432,5889.6706,PENDING_AG03,FALSE,NOT_FOR_ENFORCEMENT,6390.7016,3533200.0204,6656.9809,6390.7016,266.2792,0.00163983,0.00157424,266.2792,6390.7016,0.00157424,266.2792,266.2792,266.2792,0.0000,0.0000,6390.7016,0.00157424,798.8377,767.3102,5858.1432,5889.6706,0.00144305,0.00145082,0.00006559,418.2083,379.7376,0.6869,61.6387,1.8384,37588.4109,89.7407,538.3845,395.5999,218.4789,430.6076,432.5446,432.5446,1046.441,1081.3617,427.0584,0.0,2.43015,2.511246,0.971205,30,216,96,2,0.20383968,0.00163983,-0.01249836,0E-8,0.000000,0.906607,0.000000,0.01775797,2026-03-22,2026-08-06,108,3621,2443,138,0.782609,1.360932,1.287360,0.679466,,,,,,,,GLOBAL_BASELINE_NO_ENTITY_RANKING,,,NOT_APPLICABLE_GLOBAL_BASELINE,HF9g-P5,,,,X 全窗基线 · 不参与实体赏罚,14197751,1420,A168_HF9F_20260827_0900,2026-08-27 09:00:00
2026-03-26,57024343,1485,0,1310.8736973192,-21.8478949552,-21.8478949552,0.5000000,6,6,0.50441650000000000,0.504416500000,-0.02163718700157003,-0.02163718700157003,-0.02163718700157003,0E-17,ELIGIBLE,R03b_20260811_FULL_v1,L1_ELIGIBILITY,v2026-08-11,2026-03-21..2026-08-06,baccarat_bet02_101_all_pairs_incl_sentinel,round_win = game_pnl > 0 (decisive only),COMPATIBILITY_ONLY_NOT_PRODUCTION,4059548.3812,3680416.6879,6656.9809,9707,9692,-0.00163983,0.01249836,-0.00525961,-0.00163983,-6656.9809,4059548.3812,OK,0.0000,266.2792,4.0000,96.0000,AG03-UNRESOLVED,ALL5_LEVELS_bet23_to_bet27,266.2792,266.2792,266.2792,0.0000,0.0000,4.000000,4.000000,4.000000,0.000000,0.000000,96.000000,96.000000,96.000000,100.000000,100.000000,5.0,798.8377,767.3102,5858.1432,5889.6706,PENDING_AG03,FALSE,NOT_FOR_ENFORCEMENT,6390.7016,3533200.0204,6656.9809,6390.7016,266.2792,0.00163983,0.00157424,266.2792,6390.7016,0.00157424,266.2792,266.2792,266.2792,0.0000,0.0000,6390.7016,0.00157424,798.8377,767.3102,5858.1432,5889.6706,0.00144305,0.00145082,0.00006559,418.2083,379.7376,0.6869,61.6387,1.8384,37588.4109,89.7407,538.3845,395.5999,218.4789,430.6076,432.5446,432.5446,1046.441,1081.3617,427.0584,0.0,2.43015,2.511246,0.971205,30,216,96,2,0.20383968,0.00163983,-0.01249836,0E-8,0.000000,0.906607,0.000000,0.01775797,2026-03-22,2026-08-06,108,3621,2443,138,0.782609,1.360932,1.287360,0.679466,,,,,,,,GLOBAL_BASELINE_NO_ENTITY_RANKING,,,NOT_APPLICABLE_GLOBAL_BASELINE,HF9g-P5,,,,X 全窗基线 · 不参与实体赏罚,14197752,1420,A168_HF9F_20260827_0900,2026-08-27 09:00:00
2026-03-26,57024343,1509,0,655.4368486596,644.5129011820,644.5129011820,1.0000000,3,3,0.49771390000000000,0.497713900000,1.739988277604938,1.739988277604938,1.739988277604938,0E-17,ELIGIBLE,R03b_20260811_FULL_v1,L1_ELIGIBILITY,v2026-08-11,2026-03-21..2026-08-06,baccarat_bet02_101_all_pairs_incl_sentinel,round_win = game_pnl > 0 (decisive only),COMPATIBILITY_ONLY_NOT_PRODUCTION,4059548.3812,3680416.6879,6656.9809,9707,9692,-0.00163983,0.01249836,-0.00525961,-0.00163983,-6656.9809,4059548.3812,OK,0.0000,266.2792,4.0000,96.0000,AG03-UNRESOLVED,ALL5_LEVELS_bet23_to_bet27,266.2792,266.2792,266.2792,0.0000,0.0000,4.000000,4.000000,4.000000,0.000000,0.000000,96.000000,96.000000,96.000000,100.000000,100.000000,5.0,798.8377,767.3102,5858.1432,5889.6706,PENDING_AG03,FALSE,NOT_FOR_ENFORCEMENT,6390.7016,3533200.0204,6656.9809,6390.7016,266.2792,0.00163983,0.00157424,266.2792,6390.7016,0.00157424,266.2792,266.2792,266.2792,0.0000,0.0000,6390.7016,0.00157424,798.8377,767.3102,5858.1432,5889.6706,0.00144305,0.00145082,0.00006559,418.2083,379.7376,0.6869,61.6387,1.8384,37588.4109,89.7407,538.3845,395.5999,218.4789,430.6076,432.5446,432.5446,1046.441,1081.3617,427.0584,0.0,2.43015,2.511246,0.971205,30,216,96,2,0.20383968,0.00163983,-0.01249836,0E-8,0.000000,0.906607,0.000000,0.01775797,2026-03-22,2026-08-06,108,3621,2443,138,0.782609,1.360932,1.287360,0.679466,,,,,,,,GLOBAL_BASELINE_NO_ENTITY_RANKING,,,NOT_APPLICABLE_GLOBAL_BASELINE,HF9g-P5,,,,X 全窗基线 · 不参与实体赏罚,14197753,1420,A168_HF9F_20260827_0900,2026-08-27 09:00:00
2026-03-26,57024343,1646,0,2184.7894955320,-262.1747394637,-262.1747394637,0.3750000,9,9,0.50367176666666667,0.503671766667,-0.7278970571502962,-0.7278970571521853,-0.7278970571502962,-3.3333E-13,ELIGIBLE,R03b_20260811_FULL_v1,L1_ELIGIBILITY,v2026-08-11,2026-03-21..2026-08-06,baccarat_bet02_101_all_pairs_incl_sentinel,round_win = game_pnl > 0 (decisive only),COMPATIBILITY_ONLY_NOT_PRODUCTION,4059548.3812,3680416.6879,6656.9809,9707,9692,-0.00163983,0.01249836,-0.00525961,-0.00163983,-6656.9809,4059548.3812,OK,0.0000,266.2792,4.0000,96.0000,AG03-UNRESOLVED,ALL5_LEVELS_bet23_to_bet27,266.2792,266.2792,266.2792,0.0000,0.0000,4.000000,4.000000,4.000000,0.000000,0.000000,96.000000,96.000000,96.000000,100.000000,100.000000,5.0,798.8377,767.3102,5858.1432,5889.6706,PENDING_AG03,FALSE,NOT_FOR_ENFORCEMENT,6390.7016,3533200.0204,6656.9809,6390.7016,266.2792,0.00163983,0.00157424,266.2792,6390.7016,0.00157424,266.2792,266.2792,266.2792,0.0000,0.0000,6390.7016,0.00157424,798.8377,767.3102,5858.1432,5889.6706,0.00144305,0.00145082,0.00006559,418.2083,379.7376,0.6869,61.6387,1.8384,37588.4109,89.7407,538.3845,395.5999,218.4789,430.6076,432.5446,432.5446,1046.441,1081.3617,427.0584,0.0,2.43015,2.511246,0.971205,30,216,96,2,0.20383968,0.00163983,-0.01249836,0E-8,0.000000,0.906607,0.000000,0.01775797,2026-03-22,2026-08-06,108,3621,2443,138,0.782609,1.360932,1.287360,0.679466,,,,,,,,GLOBAL_BASELINE_NO_ENTITY_RANKING,,,NOT_APPLICABLE_GLOBAL_BASELINE,HF9g-P5,,,,X 全窗基线 · 不参与实体赏罚,14197754,1420,A168_HF9F_20260827_0900,2026-08-27 09:00:00
2026-03-26,57024343,1941,0,1310.8736973192,-666.3607961372,-666.3607961372,0.2000000,6,6,0.49771390000000000,0.497713900000,-1.3314309533564708,-1.3314309533564703,-1.3314309533564708,0E-17,ELIGIBLE,R03b_20260811_FULL_v1,L1_ELIGIBILITY,v2026-08-11,2026-03-21..2026-08-06,baccarat_bet02_101_all_pairs_incl_sentinel,round_win = game_pnl > 0 (decisive only),COMPATIBILITY_ONLY_NOT_PRODUCTION,4059548.3812,3680416.6879,6656.9809,9707,9692,-0.00163983,0.01249836,-0.00525961,-0.00163983,-6656.9809,4059548.3812,OK,0.0000,266.2792,4.0000,96.0000,AG03-UNRESOLVED,ALL5_LEVELS_bet23_to_bet27,266.2792,266.2792,266.2792,0.0000,0.0000,4.000000,4.000000,4.000000,0.000000,0.000000,96.000000,96.000000,96.000000,100.000000,100.000000,5.0,798.8377,767.3102,5858.1432,5889.6706,PENDING_AG03,FALSE,NOT_FOR_ENFORCEMENT,6390.7016,3533200.0204,6656.9809,6390.7016,266.2792,0.00163983,0.00157424,266.2792,6390.7016,0.00157424,266.2792,266.2792,266.2792,0.0000,0.0000,6390.7016,0.00157424,798.8377,767.3102,5858.1432,5889.6706,0.00144305,0.00145082,0.00006559,418.2083,379.7376,0.6869,61.6387,1.8384,37588.4109,89.7407,538.3845,395.5999,218.4789,430.6076,432.5446,432.5446,1046.441,1081.3617,427.0584,0.0,2.43015,2.511246,0.971205,30,216,96,2,0.20383968,0.00163983,-0.01249836,0E-8,0.000000,0.906607,0.000000,0.01775797,2026-03-22,2026-08-06,108,3621,2443,138,0.782609,1.360932,1.287360,0.679466,,,,,,,,GLOBAL_BASELINE_NO_ENTITY_RANKING,,,NOT_APPLICABLE_GLOBAL_BASELINE,HF9g-P5,,,,X 全窗基线 · 不参与实体赏罚,14197755,1420,A168_HF9F_20260827_0900,2026-08-27 09:00:00
2026-03-26,57024343,1942,0,873.9157982128,415.1100041512,415.1100041512,1.0000000,4,4,0.50665070000000000,0.506650700000,1.3955260008387969,1.3955260008387969,1.3955260008387969,0E-17,ELIGIBLE,R03b_20260811_FULL_v1,L1_ELIGIBILITY,v2026-08-11,2026-03-21..2026-08-06,baccarat_bet02_101_all_pairs_incl_sentinel,round_win = game_pnl > 0 (decisive only),COMPATIBILITY_ONLY_NOT_PRODUCTION,4059548.3812,3680416.6879,6656.9809,9707,9692,-0.00163983,0.01249836,-0.00525961,-0.00163983,-6656.9809,4059548.3812,OK,0.0000,266.2792,4.0000,96.0000,AG03-UNRESOLVED,ALL5_LEVELS_bet23_to_bet27,266.2792,266.2792,266.2792,0.0000,0.0000,4.000000,4.000000,4.000000,0.000000,0.000000,96.000000,96.000000,96.000000,100.000000,100.000000,5.0,798.8377,767.3102,5858.1432,5889.6706,PENDING_AG03,FALSE,NOT_FOR_ENFORCEMENT,6390.7016,3533200.0204,6656.9809,6390.7016,266.2792,0.00163983,0.00157424,266.2792,6390.7016,0.00157424,266.2792,266.2792,266.2792,0.0000,0.0000,6390.7016,0.00157424,798.8377,767.3102,5858.1432,5889.6706,0.00144305,0.00145082,0.00006559,418.2083,379.7376,0.6869,61.6387,1.8384,37588.4109,89.7407,538.3845,395.5999,218.4789,430.6076,432.5446,432.5446,1046.441,1081.3617,427.0584,0.0,2.43015,2.511246,0.971205,30,216,96,2,0.20383968,0.00163983,-0.01249836,0E-8,0.000000,0.906607,0.000000,0.01775797,2026-03-22,2026-08-06,108,3621,2443,138,0.782609,1.360932,1.287360,0.679466,,,,,,,,GLOBAL_BASELINE_NO_ENTITY_RANKING,,,NOT_APPLICABLE_GLOBAL_BASELINE,HF9g-P5,,,,X 全窗基线 · 不参与实体赏罚,14197756,1420,A168_HF9F_20260827_0900,2026-08-27 09:00:00
2026-03-26,57024343,2093,0,873.9157982128,404.1860566736,404.1860566736,0.7500000,4,4,0.50329940000000000,0.503299400000,0.9868238854431842,0.9868238854431842,0.9868238854431842,0E-17,ELIGIBLE,R03b_20260811_FULL_v1,L1_ELIGIBILITY,v2026-08-11,2026-03-21..2026-08-06,baccarat_bet02_101_all_pairs_incl_sentinel,round_win = game_pnl > 0 (decisive only),COMPATIBILITY_ONLY_NOT_PRODUCTION,4059548.3812,3680416.6879,6656.9809,9707,9692,-0.00163983,0.01249836,-0.00525961,-0.00163983,-6656.9809,4059548.3812,OK,0.0000,266.2792,4.0000,96.0000,AG03-UNRESOLVED,ALL5_LEVELS_bet23_to_bet27,266.2792,266.2792,266.2792,0.0000,0.0000,4.000000,4.000000,4.000000,0.000000,0.000000,96.000000,96.000000,96.000000,100.000000,100.000000,5.0,798.8377,767.3102,5858.1432,5889.6706,PENDING_AG03,FALSE,NOT_FOR_ENFORCEMENT,6390.7016,3533200.0204,6656.9809,6390.7016,266.2792,0.00163983,0.00157424,266.2792,6390.7016,0.00157424,266.2792,266.2792,266.2792,0.0000,0.0000,6390.7016,0.00157424,798.8377,767.3102,5858.1432,5889.6706,0.00144305,0.00145082,0.00006559,418.2083,379.7376,0.6869,61.6387,1.8384,37588.4109,89.7407,538.3845,395.5999,218.4789,430.6076,432.5446,432.5446,1046.441,1081.3617,427.0584,0.0,2.43015,2.511246,0.971205,30,216,96,2,0.20383968,0.00163983,-0.01249836,0E-8,0.000000,0.906607,0.000000,0.01775797,2026-03-22,2026-08-06,108,3621,2443,138,0.782609,1.360932,1.287360,0.679466,,,,,,,,GLOBAL_BASELINE_NO_ENTITY_RANKING,,,NOT_APPLICABLE_GLOBAL_BASELINE,HF9g-P5,,,,X 全窗基线 · 不参与实体赏罚,14197757,1420,A168_HF9F_20260827_0900,2026-08-27 09:00:00
2026-03-26,57024343,2106,0,873.9157982128,436.9578991064,436.9578991064,0.7500000,4,4,0.49324550000000000,0.493245500000,1.0271117246678039,1.0271117246678039,1.0271117246678039,0E-17,ELIGIBLE,R03b_20260811_FULL_v1,L1_ELIGIBILITY,v2026-08-11,2026-03-21..2026-08-06,baccarat_bet02_101_all_pairs_incl_sentinel,round_win = game_pnl > 0 (decisive only),COMPATIBILITY_ONLY_NOT_PRODUCTION,4059548.3812,3680416.6879,6656.9809,9707,9692,-0.00163983,0.01249836,-0.00525961,-0.00163983,-6656.9809,4059548.3812,OK,0.0000,266.2792,4.0000,96.0000,AG03-UNRESOLVED,ALL5_LEVELS_bet23_to_bet27,266.2792,266.2792,266.2792,0.0000,0.0000,4.000000,4.000000,4.000000,0.000000,0.000000,96.000000,96.000000,96.000000,100.000000,100.000000,5.0,798.8377,767.3102,5858.1432,5889.6706,PENDING_AG03,FALSE,NOT_FOR_ENFORCEMENT,6390.7016,3533200.0204,6656.9809,6390.7016,266.2792,0.00163983,0.00157424,266.2792,6390.7016,0.00157424,266.2792,266.2792,266.2792,0.0000,0.0000,6390.7016,0.00157424,798.8377,767.3102,5858.1432,5889.6706,0.00144305,0.00145082,0.00006559,418.2083,379.7376,0.6869,61.6387,1.8384,37588.4109,89.7407,538.3845,395.5999,218.4789,430.6076,432.5446,432.5446,1046.441,1081.3617,427.0584,0.0,2.43015,2.511246,0.971205,30,216,96,2,0.20383968,0.00163983,-0.01249836,0E-8,0.000000,0.906607,0.000000,0.01775797,2026-03-22,2026-08-06,108,3621,2443,138,0.782609,1.360932,1.287360,0.679466,,,,,,,,GLOBAL_BASELINE_NO_ENTITY_RANKING,,,NOT_APPLICABLE_GLOBAL_BASELINE,HF9g-P5,,,,X 全窗基线 · 不参与实体赏罚,14197758,1420,A168_HF9F_20260827_0900,2026-08-27 09:00:00
2026-03-26,57024343,2117,0,1092.3947477660,-240.3268445084,-240.3268445084,0.4000000,5,5,0.50128862000000000,0.501288620000,-0.4529779837142727,-0.4529779837142727,-0.4529779837142727,0E-17,ELIGIBLE,R03b_20260811_FULL_v1,L1_ELIGIBILITY,v2026-08-11,2026-03-21..2026-08-06,baccarat_bet02_101_all_pairs_incl_sentinel,round_win = game_pnl > 0 (decisive only),COMPATIBILITY_ONLY_NOT_PRODUCTION,4059548.3812,3680416.6879,6656.9809,9707,9692,-0.00163983,0.01249836,-0.00525961,-0.00163983,-6656.9809,4059548.3812,OK,0.0000,266.2792,4.0000,96.0000,AG03-UNRESOLVED,ALL5_LEVELS_bet23_to_bet27,266.2792,266.2792,266.2792,0.0000,0.0000,4.000000,4.000000,4.000000,0.000000,0.000000,96.000000,96.000000,96.000000,100.000000,100.000000,5.0,798.8377,767.3102,5858.1432,5889.6706,PENDING_AG03,FALSE,NOT_FOR_ENFORCEMENT,6390.7016,3533200.0204,6656.9809,6390.7016,266.2792,0.00163983,0.00157424,266.2792,6390.7016,0.00157424,266.2792,266.2792,266.2792,0.0000,0.0000,6390.7016,0.00157424,798.8377,767.3102,5858.1432,5889.6706,0.00144305,0.00145082,0.00006559,418.2083,379.7376,0.6869,61.6387,1.8384,37588.4109,89.7407,538.3845,395.5999,218.4789,430.6076,432.5446,432.5446,1046.441,1081.3617,427.0584,0.0,2.43015,2.511246,0.971205,30,216,96,2,0.20383968,0.00163983,-0.01249836,0E-8,0.000000,0.906607,0.000000,0.01775797,2026-03-22,2026-08-06,108,3621,2443,138,0.782609,1.360932,1.287360,0.679466,,,,,,,,GLOBAL_BASELINE_NO_ENTITY_RANKING,,,NOT_APPLICABLE_GLOBAL_BASELINE,HF9g-P5,,,,X 全窗基线 · 不参与实体赏罚,14197759,1420,A168_HF9F_20260827_0900,2026-08-27 09:00:00
2026-03-26,57024343,2121,0,1529.3526468724,-884.8397456904,-884.8397456904,0.1666667,7,7,0.50282064285714286,0.502820642857,-1.6468376381237455,-1.6468376381230425,-1.6468376381237455,1.4286E-13,ELIGIBLE,R03b_20260811_FULL_v1,L1_ELIGIBILITY,v2026-08-11,2026-03-21..2026-08-06,baccarat_bet02_101_all_pairs_incl_sentinel,round_win = game_pnl > 0 (decisive only),COMPATIBILITY_ONLY_NOT_PRODUCTION,4059548.3812,3680416.6879,6656.9809,9707,9692,-0.00163983,0.01249836,-0.00525961,-0.00163983,-6656.9809,4059548.3812,OK,0.0000,266.2792,4.0000,96.0000,AG03-UNRESOLVED,ALL5_LEVELS_bet23_to_bet27,266.2792,266.2792,266.2792,0.0000,0.0000,4.000000,4.000000,4.000000,0.000000,0.000000,96.000000,96.000000,96.000000,100.000000,100.000000,5.0,798.8377,767.3102,5858.1432,5889.6706,PENDING_AG03,FALSE,NOT_FOR_ENFORCEMENT,6390.7016,3533200.0204,6656.9809,6390.7016,266.2792,0.00163983,0.00157424,266.2792,6390.7016,0.00157424,266.2792,266.2792,266.2792,0.0000,0.0000,6390.7016,0.00157424,798.8377,767.3102,5858.1432,5889.6706,0.00144305,0.00145082,0.00006559,418.2083,379.7376,0.6869,61.6387,1.8384,37588.4109,89.7407,538.3845,395.5999,218.4789,430.6076,432.5446,432.5446,1046.441,1081.3617,427.0584,0.0,2.43015,2.511246,0.971205,30,216,96,2,0.20383968,0.00163983,-0.01249836,0E-8,0.000000,0.906607,0.000000,0.01775797,2026-03-22,2026-08-06,108,3621,2443,138,0.782609,1.360932,1.287360,0.679466,,,,,,,,GLOBAL_BASELINE_NO_ENTITY_RANKING,,,NOT_APPLICABLE_GLOBAL_BASELINE,HF9g-P5,,,,X 全窗基线 · 不参与实体赏罚,14197760,1420,A168_HF9F_20260827_0900,2026-08-27 09:00:00
2026-03-26,57024343,2141,0,1747.8315964256,185.7071071204,185.7071071204,0.5714286,8,8,0.50497505000000000,0.504975050000,0.3516563911007167,0.3516563911007167,0.3516563911007167,0E-17,ELIGIBLE,R03b_20260811_FULL_v1,L1_ELIGIBILITY,v2026-08-11,2026-03-21..2026-08-06,baccarat_bet02_101_all_pairs_incl_sentinel,round_win = game_pnl > 0 (decisive only),COMPATIBILITY_ONLY_NOT_PRODUCTION,4059548.3812,3680416.6879,6656.9809,9707,9692,-0.00163983,0.01249836,-0.00525961,-0.00163983,-6656.9809,4059548.3812,OK,0.0000,266.2792,4.0000,96.0000,AG03-UNRESOLVED,ALL5_LEVELS_bet23_to_bet27,266.2792,266.2792,266.2792,0.0000,0.0000,4.000000,4.000000,4.000000,0.000000,0.000000,96.000000,96.000000,96.000000,100.000000,100.000000,5.0,798.8377,767.3102,5858.1432,5889.6706,PENDING_AG03,FALSE,NOT_FOR_ENFORCEMENT,6390.7016,3533200.0204,6656.9809,6390.7016,266.2792,0.00163983,0.00157424,266.2792,6390.7016,0.00157424,266.2792,266.2792,266.2792,0.0000,0.0000,6390.7016,0.00157424,798.8377,767.3102,5858.1432,5889.6706,0.00144305,0.00145082,0.00006559,418.2083,379.7376,0.6869,61.6387,1.8384,37588.4109,89.7407,538.3845,395.5999,218.4789,430.6076,432.5446,432.5446,1046.441,1081.3617,427.0584,0.0,2.43015,2.511246,0.971205,30,216,96,2,0.20383968,0.00163983,-0.01249836,0E-8,0.000000,0.906607,0.000000,0.01775797,2026-03-22,2026-08-06,108,3621,2443,138,0.782609,1.360932,1.287360,0.679466,,,,,,,,GLOBAL_BASELINE_NO_ENTITY_RANKING,,,NOT_APPLICABLE_GLOBAL_BASELINE,HF9g-P5,,,,X 全窗基线 · 不参与实体赏罚,14197761,1420,A168_HF9F_20260827_0900,2026-08-27 09:00:00
2026-03-26,57024343,2156,0,655.4368486596,-229.4028970308,-229.4028970308,0.3333333,3,3,0.50218230000000000,0.502182300000,-0.5849155494134425,-0.5849155494134426,-0.5849155494134425,0E-17,ELIGIBLE,R03b_20260811_FULL_v1,L1_ELIGIBILITY,v2026-08-11,2026-03-21..2026-08-06,baccarat_bet02_101_all_pairs_incl_sentinel,round_win = game_pnl > 0 (decisive only),COMPATIBILITY_ONLY_NOT_PRODUCTION,4059548.3812,3680416.6879,6656.9809,9707,9692,-0.00163983,0.01249836,-0.00525961,-0.00163983,-6656.9809,4059548.3812,OK,0.0000,266.2792,4.0000,96.0000,AG03-UNRESOLVED,ALL5_LEVELS_bet23_to_bet27,266.2792,266.2792,266.2792,0.0000,0.0000,4.000000,4.000000,4.000000,0.000000,0.000000,96.000000,96.000000,96.000000,100.000000,100.000000,5.0,798.8377,767.3102,5858.1432,5889.6706,PENDING_AG03,FALSE,NOT_FOR_ENFORCEMENT,6390.7016,3533200.0204,6656.9809,6390.7016,266.2792,0.00163983,0.00157424,266.2792,6390.7016,0.00157424,266.2792,266.2792,266.2792,0.0000,0.0000,6390.7016,0.00157424,798.8377,767.3102,5858.1432,5889.6706,0.00144305,0.00145082,0.00006559,418.2083,379.7376,0.6869,61.6387,1.8384,37588.4109,89.7407,538.3845,395.5999,218.4789,430.6076,432.5446,432.5446,1046.441,1081.3617,427.0584,0.0,2.43015,2.511246,0.971205,30,216,96,2,0.20383968,0.00163983,-0.01249836,0E-8,0.000000,0.906607,0.000000,0.01775797,2026-03-22,2026-08-06,108,3621,2443,138,0.782609,1.360932,1.287360,0.679466,,,,,,,,GLOBAL_BASELINE_NO_ENTITY_RANKING,,,NOT_APPLICABLE_GLOBAL_BASELINE,HF9g-P5,,,,X 全窗基线 · 不参与实体赏罚,14197762,1420,A168_HF9F_20260827_0900,2026-08-27 09:00:00
2026-03-26,57024343,2167,0,436.9578991064,-10.9239474776,-10.9239474776,0.5000000,2,2,0.50665070000000000,0.506650700000,-0.018812684590367487,-0.018812684590367487,-0.018812684590367487,0E-17,ELIGIBLE,R03b_20260811_FULL_v1,L1_ELIGIBILITY,v2026-08-11,2026-03-21..2026-08-06,baccarat_bet02_101_all_pairs_incl_sentinel,round_win = game_pnl > 0 (decisive only),COMPATIBILITY_ONLY_NOT_PRODUCTION,4059548.3812,3680416.6879,6656.9809,9707,9692,-0.00163983,0.01249836,-0.00525961,-0.00163983,-6656.9809,4059548.3812,OK,0.0000,266.2792,4.0000,96.0000,AG03-UNRESOLVED,ALL5_LEVELS_bet23_to_bet27,266.2792,266.2792,266.2792,0.0000,0.0000,4.000000,4.000000,4.000000,0.000000,0.000000,96.000000,96.000000,96.000000,100.000000,100.000000,5.0,798.8377,767.3102,5858.1432,5889.6706,PENDING_AG03,FALSE,NOT_FOR_ENFORCEMENT,6390.7016,3533200.0204,6656.9809,6390.7016,266.2792,0.00163983,0.00157424,266.2792,6390.7016,0.00157424,266.2792,266.2792,266.2792,0.0000,0.0000,6390.7016,0.00157424,798.8377,767.3102,5858.1432,5889.6706,0.00144305,0.00145082,0.00006559,418.2083,379.7376,0.6869,61.6387,1.8384,37588.4109,89.7407,538.3845,395.5999,218.4789,430.6076,432.5446,432.5446,1046.441,1081.3617,427.0584,0.0,2.43015,2.511246,0.971205,30,216,96,2,0.20383968,0.00163983,-0.01249836,0E-8,0.000000,0.906607,0.000000,0.01775797,2026-03-22,2026-08-06,108,3621,2443,138,0.782609,1.360932,1.287360,0.679466,,,,,,,,GLOBAL_BASELINE_NO_ENTITY_RANKING,,,NOT_APPLICABLE_GLOBAL_BASELINE,HF9g-P5,,,,X 全窗基线 · 不参与实体赏罚,14197763,1420,A168_HF9F_20260827_0900,2026-08-27 09:00:00
2026-03-26,57024343,2171,0,1092.3947477660,-447.8818465840,-447.8818465840,0.2500000,5,5,0.50396966000000000,0.503969660000,-1.01591065835228,-1.0159106583522801,-1.01591065835228,0E-17,ELIGIBLE,R03b_20260811_FULL_v1,L1_ELIGIBILITY,v2026-08-11,2026-03-21..2026-08-06,baccarat_bet02_101_all_pairs_incl_sentinel,round_win = game_pnl > 0 (decisive only),COMPATIBILITY_ONLY_NOT_PRODUCTION,4059548.3812,3680416.6879,6656.9809,9707,9692,-0.00163983,0.01249836,-0.00525961,-0.00163983,-6656.9809,4059548.3812,OK,0.0000,266.2792,4.0000,96.0000,AG03-UNRESOLVED,ALL5_LEVELS_bet23_to_bet27,266.2792,266.2792,266.2792,0.0000,0.0000,4.000000,4.000000,4.000000,0.000000,0.000000,96.000000,96.000000,96.000000,100.000000,100.000000,5.0,798.8377,767.3102,5858.1432,5889.6706,PENDING_AG03,FALSE,NOT_FOR_ENFORCEMENT,6390.7016,3533200.0204,6656.9809,6390.7016,266.2792,0.00163983,0.00157424,266.2792,6390.7016,0.00157424,266.2792,266.2792,266.2792,0.0000,0.0000,6390.7016,0.00157424,798.8377,767.3102,5858.1432,5889.6706,0.00144305,0.00145082,0.00006559,418.2083,379.7376,0.6869,61.6387,1.8384,37588.4109,89.7407,538.3845,395.5999,218.4789,430.6076,432.5446,432.5446,1046.441,1081.3617,427.0584,0.0,2.43015,2.511246,0.971205,30,216,96,2,0.20383968,0.00163983,-0.01249836,0E-8,0.000000,0.906607,0.000000,0.01775797,2026-03-22,2026-08-06,108,3621,2443,138,0.782609,1.360932,1.287360,0.679466,,,,,,,,GLOBAL_BASELINE_NO_ENTITY_RANKING,,,NOT_APPLICABLE_GLOBAL_BASELINE,HF9g-P5,,,,X 全窗基线 · 不参与实体赏罚,14197764,1420,A168_HF9F_20260827_0900,2026-08-27 09:00:00
2026-03-26,57024343,2176,0,1092.3947477660,-447.8818465840,-447.8818465840,0.2500000,5,5,0.50396966000000000,0.503969660000,-1.01591065835228,-1.0159106583522801,-1.01591065835228,0E-17,ELIGIBLE,R03b_20260811_FULL_v1,L1_ELIGIBILITY,v2026-08-11,2026-03-21..2026-08-06,baccarat_bet02_101_all_pairs_incl_sentinel,round_win = game_pnl > 0 (decisive only),COMPATIBILITY_ONLY_NOT_PRODUCTION,4059548.3812,3680416.6879,6656.9809,9707,9692,-0.00163983,0.01249836,-0.00525961,-0.00163983,-6656.9809,4059548.3812,OK,0.0000,266.2792,4.0000,96.0000,AG03-UNRESOLVED,ALL5_LEVELS_bet23_to_bet27,266.2792,266.2792,266.2792,0.0000,0.0000,4.000000,4.000000,4.000000,0.000000,0.000000,96.000000,96.000000,96.000000,100.000000,100.000000,5.0,798.8377,767.3102,5858.1432,5889.6706,PENDING_AG03,FALSE,NOT_FOR_ENFORCEMENT,6390.7016,3533200.0204,6656.9809,6390.7016,266.2792,0.00163983,0.00157424,266.2792,6390.7016,0.00157424,266.2792,266.2792,266.2792,0.0000,0.0000,6390.7016,0.00157424,798.8377,767.3102,5858.1432,5889.6706,0.00144305,0.00145082,0.00006559,418.2083,379.7376,0.6869,61.6387,1.8384,37588.4109,89.7407,538.3845,395.5999,218.4789,430.6076,432.5446,432.5446,1046.441,1081.3617,427.0584,0.0,2.43015,2.511246,0.971205,30,216,96,2,0.20383968,0.00163983,-0.01249836,0E-8,0.000000,0.906607,0.000000,0.01775797,2026-03-22,2026-08-06,108,3621,2443,138,0.782609,1.360932,1.287360,0.679466,,,,,,,,GLOBAL_BASELINE_NO_ENTITY_RANKING,,,NOT_APPLICABLE_GLOBAL_BASELINE,HF9g-P5,,,,X 全窗基线 · 不参与实体赏罚,14197765,1420,A168_HF9F_20260827_0900,2026-08-27 09:00:00
2026-03-26,57024343,2177,0,873.9157982128,852.0679032576,852.0679032576,1.0000000,4,4,0.49994810000000000,0.499948100000,2.0002076107755586,2.0002076107755586,2.0002076107755586,0E-17,ELIGIBLE,R03b_20260811_FULL_v1,L1_ELIGIBILITY,v2026-08-11,2026-03-21..2026-08-06,baccarat_bet02_101_all_pairs_incl_sentinel,round_win = game_pnl > 0 (decisive only),COMPATIBILITY_ONLY_NOT_PRODUCTION,4059548.3812,3680416.6879,6656.9809,9707,9692,-0.00163983,0.01249836,-0.00525961,-0.00163983,-6656.9809,4059548.3812,OK,0.0000,266.2792,4.0000,96.0000,AG03-UNRESOLVED,ALL5_LEVELS_bet23_to_bet27,266.2792,266.2792,266.2792,0.0000,0.0000,4.000000,4.000000,4.000000,0.000000,0.000000,96.000000,96.000000,96.000000,100.000000,100.000000,5.0,798.8377,767.3102,5858.1432,5889.6706,PENDING_AG03,FALSE,NOT_FOR_ENFORCEMENT,6390.7016,3533200.0204,6656.9809,6390.7016,266.2792,0.00163983,0.00157424,266.2792,6390.7016,0.00157424,266.2792,266.2792,266.2792,0.0000,0.0000,6390.7016,0.00157424,798.8377,767.3102,5858.1432,5889.6706,0.00144305,0.00145082,0.00006559,418.2083,379.7376,0.6869,61.6387,1.8384,37588.4109,89.7407,538.3845,395.5999,218.4789,430.6076,432.5446,432.5446,1046.441,1081.3617,427.0584,0.0,2.43015,2.511246,0.971205,30,216,96,2,0.20383968,0.00163983,-0.01249836,0E-8,0.000000,0.906607,0.000000,0.01775797,2026-03-22,2026-08-06,108,3621,2443,138,0.782609,1.360932,1.287360,0.679466,,,,,,,,GLOBAL_BASELINE_NO_ENTITY_RANKING,,,NOT_APPLICABLE_GLOBAL_BASELINE,HF9g-P5,,,,X 全窗基线 · 不参与实体赏罚,14197766,1420,A168_HF9F_20260827_0900,2026-08-27 09:00:00
2026-03-26,57024343,2216,0,436.9578991064,-10.9239474776,-10.9239474776,0.5000000,2,2,0.49994810000000000,0.499948100000,0.00014679536856514622,0.00014679536856514622,0.00014679536856514622,0E-17,ELIGIBLE,R03b_20260811_FULL_v1,L1_ELIGIBILITY,v2026-08-11,2026-03-21..2026-08-06,baccarat_bet02_101_all_pairs_incl_sentinel,round_win = game_pnl > 0 (decisive only),COMPATIBILITY_ONLY_NOT_PRODUCTION,4059548.3812,3680416.6879,6656.9809,9707,9692,-0.00163983,0.01249836,-0.00525961,-0.00163983,-6656.9809,4059548.3812,OK,0.0000,266.2792,4.0000,96.0000,AG03-UNRESOLVED,ALL5_LEVELS_bet23_to_bet27,266.2792,266.2792,266.2792,0.0000,0.0000,4.000000,4.000000,4.000000,0.000000,0.000000,96.000000,96.000000,96.000000,100.000000,100.000000,5.0,798.8377,767.3102,5858.1432,5889.6706,PENDING_AG03,FALSE,NOT_FOR_ENFORCEMENT,6390.7016,3533200.0204,6656.9809,6390.7016,266.2792,0.00163983,0.00157424,266.2792,6390.7016,0.00157424,266.2792,266.2792,266.2792,0.0000,0.0000,6390.7016,0.00157424,798.8377,767.3102,5858.1432,5889.6706,0.00144305,0.00145082,0.00006559,418.2083,379.7376,0.6869,61.6387,1.8384,37588.4109,89.7407,538.3845,395.5999,218.4789,430.6076,432.5446,432.5446,1046.441,1081.3617,427.0584,0.0,2.43015,2.511246,0.971205,30,216,96,2,0.20383968,0.00163983,-0.01249836,0E-8,0.000000,0.906607,0.000000,0.01775797,2026-03-22,2026-08-06,108,3621,2443,138,0.782609,1.360932,1.287360,0.679466,,,,,,,,GLOBAL_BASELINE_NO_ENTITY_RANKING,,,NOT_APPLICABLE_GLOBAL_BASELINE,HF9g-P5,,,,X 全窗基线 · 不参与实体赏罚,14197767,1420,A168_HF9F_20260827_0900,2026-08-27 09:00:00
2026-03-26,57024343,2222,0,873.9157982128,830.2200083024,830.2200083024,1.0000000,4,4,0.50665070000000000,0.506650700000,1.9735717970305138,1.9735717970305138,1.9735717970305138,0E-17,ELIGIBLE,R03b_20260811_FULL_v1,L1_ELIGIBILITY,v2026-08-11,2026-03-21..2026-08-06,baccarat_bet02_101_all_pairs_incl_sentinel,round_win = game_pnl > 0 (decisive only),COMPATIBILITY_ONLY_NOT_PRODUCTION,4059548.3812,3680416.6879,6656.9809,9707,9692,-0.00163983,0.01249836,-0.00525961,-0.00163983,-6656.9809,4059548.3812,OK,0.0000,266.2792,4.0000,96.0000,AG03-UNRESOLVED,ALL5_LEVELS_bet23_to_bet27,266.2792,266.2792,266.2792,0.0000,0.0000,4.000000,4.000000,4.000000,0.000000,0.000000,96.000000,96.000000,96.000000,100.000000,100.000000,5.0,798.8377,767.3102,5858.1432,5889.6706,PENDING_AG03,FALSE,NOT_FOR_ENFORCEMENT,6390.7016,3533200.0204,6656.9809,6390.7016,266.2792,0.00163983,0.00157424,266.2792,6390.7016,0.00157424,266.2792,266.2792,266.2792,0.0000,0.0000,6390.7016,0.00157424,798.8377,767.3102,5858.1432,5889.6706,0.00144305,0.00145082,0.00006559,418.2083,379.7376,0.6869,61.6387,1.8384,37588.4109,89.7407,538.3845,395.5999,218.4789,430.6076,432.5446,432.5446,1046.441,1081.3617,427.0584,0.0,2.43015,2.511246,0.971205,30,216,96,2,0.20383968,0.00163983,-0.01249836,0E-8,0.000000,0.906607,0.000000,0.01775797,2026-03-22,2026-08-06,108,3621,2443,138,0.782609,1.360932,1.287360,0.679466,,,,,,,,GLOBAL_BASELINE_NO_ENTITY_RANKING,,,NOT_APPLICABLE_GLOBAL_BASELINE,HF9g-P5,,,,X 全窗基线 · 不参与实体赏罚,14197768,1420,A168_HF9F_20260827_0900,2026-08-27 09:00:00
2026-03-26,57024343,2229,0,1310.8736973192,185.7071071204,185.7071071204,0.6000000,6,6,0.50218230000000000,0.502182300000,0.4374582199563857,0.4374582199563857,0.4374582199563857,0E-17,ELIGIBLE,R03b_20260811_FULL_v1,L1_ELIGIBILITY,v2026-08-11,2026-03-21..2026-08-06,baccarat_bet02_101_all_pairs_incl_sentinel,round_win = game_pnl > 0 (decisive only),COMPATIBILITY_ONLY_NOT_PRODUCTION,4059548.3812,3680416.6879,6656.9809,9707,9692,-0.00163983,0.01249836,-0.00525961,-0.00163983,-6656.9809,4059548.3812,OK,0.0000,266.2792,4.0000,96.0000,AG03-UNRESOLVED,ALL5_LEVELS_bet23_to_bet27,266.2792,266.2792,266.2792,0.0000,0.0000,4.000000,4.000000,4.000000,0.000000,0.000000,96.000000,96.000000,96.000000,100.000000,100.000000,5.0,798.8377,767.3102,5858.1432,5889.6706,PENDING_AG03,FALSE,NOT_FOR_ENFORCEMENT,6390.7016,3533200.0204,6656.9809,6390.7016,266.2792,0.00163983,0.00157424,266.2792,6390.7016,0.00157424,266.2792,266.2792,266.2792,0.0000,0.0000,6390.7016,0.00157424,798.8377,767.3102,5858.1432,5889.6706,0.00144305,0.00145082,0.00006559,418.2083,379.7376,0.6869,61.6387,1.8384,37588.4109,89.7407,538.3845,395.5999,218.4789,430.6076,432.5446,432.5446,1046.441,1081.3617,427.0584,0.0,2.43015,2.511246,0.971205,30,216,96,2,0.20383968,0.00163983,-0.01249836,0E-8,0.000000,0.906607,0.000000,0.01775797,2026-03-22,2026-08-06,108,3621,2443,138,0.782609,1.360932,1.287360,0.679466,,,,,,,,GLOBAL_BASELINE_NO_ENTITY_RANKING,,,NOT_APPLICABLE_GLOBAL_BASELINE,HF9g-P5,,,,X 全窗基线 · 不参与实体赏罚,14197769,1420,A168_HF9F_20260827_0900,2026-08-27 09:00:00
2026-03-26,57024343,2248,0,873.9157982128,-10.9239474776,-10.9239474776,0.5000000,4,4,0.49994810000000000,0.499948100000,0.00020760000111838688,0.00020760000111838688,0.00020760000111838688,0E-17,ELIGIBLE,R03b_20260811_FULL_v1,L1_ELIGIBILITY,v2026-08-11,2026-03-21..2026-08-06,baccarat_bet02_101_all_pairs_incl_sentinel,round_win = game_pnl > 0 (decisive only),COMPATIBILITY_ONLY_NOT_PRODUCTION,4059548.3812,3680416.6879,6656.9809,9707,9692,-0.00163983,0.01249836,-0.00525961,-0.00163983,-6656.9809,4059548.3812,OK,0.0000,266.2792,4.0000,96.0000,AG03-UNRESOLVED,ALL5_LEVELS_bet23_to_bet27,266.2792,266.2792,266.2792,0.0000,0.0000,4.000000,4.000000,4.000000,0.000000,0.000000,96.000000,96.000000,96.000000,100.000000,100.000000,5.0,798.8377,767.3102,5858.1432,5889.6706,PENDING_AG03,FALSE,NOT_FOR_ENFORCEMENT,6390.7016,3533200.0204,6656.9809,6390.7016,266.2792,0.00163983,0.00157424,266.2792,6390.7016,0.00157424,266.2792,266.2792,266.2792,0.0000,0.0000,6390.7016,0.00157424,798.8377,767.3102,5858.1432,5889.6706,0.00144305,0.00145082,0.00006559,418.2083,379.7376,0.6869,61.6387,1.8384,37588.4109,89.7407,538.3845,395.5999,218.4789,430.6076,432.5446,432.5446,1046.441,1081.3617,427.0584,0.0,2.43015,2.511246,0.971205,30,216,96,2,0.20383968,0.00163983,-0.01249836,0E-8,0.000000,0.906607,0.000000,0.01775797,2026-03-22,2026-08-06,108,3621,2443,138,0.782609,1.360932,1.287360,0.679466,,,,,,,,GLOBAL_BASELINE_NO_ENTITY_RANKING,,,NOT_APPLICABLE_GLOBAL_BASELINE,HF9g-P5,,,,X 全窗基线 · 不参与实体赏罚,14197770,1420,A168_HF9F_20260827_0900,2026-08-27 09:00:00
2026-03-26,57024343,583,0,873.9157982128,622.6650062268,622.6650062268,1.0000000,4,4,0.50665070000000000,0.506650700000,1.7091633124209307,1.7091633124209307,1.7091633124209307,0E-17,ELIGIBLE,R03b_20260811_FULL_v1,L1_ELIGIBILITY,v2026-08-11,2026-03-21..2026-08-06,baccarat_bet02_101_all_pairs_incl_sentinel,round_win = game_pnl > 0 (decisive only),COMPATIBILITY_ONLY_NOT_PRODUCTION,4059548.3812,3680416.6879,6656.9809,9707,9692,-0.00163983,0.01249836,-0.00525961,-0.00163983,-6656.9809,4059548.3812,OK,0.0000,266.2792,4.0000,96.0000,AG03-UNRESOLVED,ALL5_LEVELS_bet23_to_bet27,266.2792,266.2792,266.2792,0.0000,0.0000,4.000000,4.000000,4.000000,0.000000,0.000000,96.000000,96.000000,96.000000,100.000000,100.000000,5.0,798.8377,767.3102,5858.1432,5889.6706,PENDING_AG03,FALSE,NOT_FOR_ENFORCEMENT,6390.7016,3533200.0204,6656.9809,6390.7016,266.2792,0.00163983,0.00157424,266.2792,6390.7016,0.00157424,266.2792,266.2792,266.2792,0.0000,0.0000,6390.7016,0.00157424,798.8377,767.3102,5858.1432,5889.6706,0.00144305,0.00145082,0.00006559,418.2083,379.7376,0.6869,61.6387,1.8384,37588.4109,89.7407,538.3845,395.5999,218.4789,430.6076,432.5446,432.5446,1046.441,1081.3617,427.0584,0.0,2.43015,2.511246,0.971205,30,216,96,2,0.20383968,0.00163983,-0.01249836,0E-8,0.000000,0.906607,0.000000,0.01775797,2026-03-22,2026-08-06,108,3621,2443,138,0.782609,1.360932,1.287360,0.679466,,,,,,,,GLOBAL_BASELINE_NO_ENTITY_RANKING,,,NOT_APPLICABLE_GLOBAL_BASELINE,HF9g-P5,,,,X 全窗基线 · 不参与实体赏罚,14197771,1420,A168_HF9F_20260827_0900,2026-08-27 09:00:00
2026-03-26,57024343,595,0,436.9578991064,0E-10,0E-10,0.5000000,2,2,0.49994810000000000,0.499948100000,0.00014679536856514622,0.00014679536856514622,0.00014679536856514622,0E-17,ELIGIBLE,R03b_20260811_FULL_v1,L1_ELIGIBILITY,v2026-08-11,2026-03-21..2026-08-06,baccarat_bet02_101_all_pairs_incl_sentinel,round_win = game_pnl > 0 (decisive only),COMPATIBILITY_ONLY_NOT_PRODUCTION,4059548.3812,3680416.6879,6656.9809,9707,9692,-0.00163983,0.01249836,-0.00525961,-0.00163983,-6656.9809,4059548.3812,OK,0.0000,266.2792,4.0000,96.0000,AG03-UNRESOLVED,ALL5_LEVELS_bet23_to_bet27,266.2792,266.2792,266.2792,0.0000,0.0000,4.000000,4.000000,4.000000,0.000000,0.000000,96.000000,96.000000,96.000000,100.000000,100.000000,5.0,798.8377,767.3102,5858.1432,5889.6706,PENDING_AG03,FALSE,NOT_FOR_ENFORCEMENT,6390.7016,3533200.0204,6656.9809,6390.7016,266.2792,0.00163983,0.00157424,266.2792,6390.7016,0.00157424,266.2792,266.2792,266.2792,0.0000,0.0000,6390.7016,0.00157424,798.8377,767.3102,5858.1432,5889.6706,0.00144305,0.00145082,0.00006559,418.2083,379.7376,0.6869,61.6387,1.8384,37588.4109,89.7407,538.3845,395.5999,218.4789,430.6076,432.5446,432.5446,1046.441,1081.3617,427.0584,0.0,2.43015,2.511246,0.971205,30,216,96,2,0.20383968,0.00163983,-0.01249836,0E-8,0.000000,0.906607,0.000000,0.01775797,2026-03-22,2026-08-06,108,3621,2443,138,0.782609,1.360932,1.287360,0.679466,,,,,,,,GLOBAL_BASELINE_NO_ENTITY_RANKING,,,NOT_APPLICABLE_GLOBAL_BASELINE,HF9g-P5,,,,X 全窗基线 · 不参与实体赏罚,14197772,1420,A168_HF9F_20260827_0900,2026-08-27 09:00:00
2026-03-26,57024343,986,0,1310.8736973192,-458.8057940616,-458.8057940616,0.3333333,6,6,0.50665070000000000,0.506650700000,-0.8491533462951141,-0.8491533462951141,-0.8491533462951141,0E-17,ELIGIBLE,R03b_20260811_FULL_v1,L1_ELIGIBILITY,v2026-08-11,2026-03-21..2026-08-06,baccarat_bet02_101_all_pairs_incl_sentinel,round_win = game_pnl > 0 (decisive only),COMPATIBILITY_ONLY_NOT_PRODUCTION,4059548.3812,3680416.6879,6656.9809,9707,9692,-0.00163983,0.01249836,-0.00525961,-0.00163983,-6656.9809,4059548.3812,OK,0.0000,266.2792,4.0000,96.0000,AG03-UNRESOLVED,ALL5_LEVELS_bet23_to_bet27,266.2792,266.2792,266.2792,0.0000,0.0000,4.000000,4.000000,4.000000,0.000000,0.000000,96.000000,96.000000,96.000000,100.000000,100.000000,5.0,798.8377,767.3102,5858.1432,5889.6706,PENDING_AG03,FALSE,NOT_FOR_ENFORCEMENT,6390.7016,3533200.0204,6656.9809,6390.7016,266.2792,0.00163983,0.00157424,266.2792,6390.7016,0.00157424,266.2792,266.2792,266.2792,0.0000,0.0000,6390.7016,0.00157424,798.8377,767.3102,5858.1432,5889.6706,0.00144305,0.00145082,0.00006559,418.2083,379.7376,0.6869,61.6387,1.8384,37588.4109,89.7407,538.3845,395.5999,218.4789,430.6076,432.5446,432.5446,1046.441,1081.3617,427.0584,0.0,2.43015,2.511246,0.971205,30,216,96,2,0.20383968,0.00163983,-0.01249836,0E-8,0.000000,0.906607,0.000000,0.01775797,2026-03-22,2026-08-06,108,3621,2443,138,0.782609,1.360932,1.287360,0.679466,,,,,,,,GLOBAL_BASELINE_NO_ENTITY_RANKING,,,NOT_APPLICABLE_GLOBAL_BASELINE,HF9g-P5,,,,X 全窗基线 · 不参与实体赏罚,14197773,1420,A168_HF9F_20260827_0900,2026-08-27 09:00:00
2026-03-27,57024343,-1,1,10705.4685281068,-185.7071071197,-185.7071071197,0.4473684,42,42,0.50154395714285714,0.501543957143,-0.6679240509930595,-0.6679240509948213,-0.6679240509930595,-1.4286E-13,SENTINEL_DEALER,R03b_20260811_FULL_v1,L1_ELIGIBILITY,v2026-08-11,2026-03-21..2026-08-06,baccarat_bet02_101_all_pairs_incl_sentinel,round_win = game_pnl > 0 (decisive only),COMPATIBILITY_ONLY_NOT_PRODUCTION,4059548.3812,3680416.6879,6656.9809,9707,9692,-0.00163983,0.01249836,-0.00525961,-0.00163983,-6656.9809,4059548.3812,OK,0.0000,266.2792,4.0000,96.0000,AG03-UNRESOLVED,ALL5_LEVELS_bet23_to_bet27,266.2792,266.2792,266.2792,0.0000,0.0000,4.000000,4.000000,4.000000,0.000000,0.000000,96.000000,96.000000,96.000000,100.000000,100.000000,5.0,798.8377,767.3102,5858.1432,5889.6706,PENDING_AG03,FALSE,NOT_FOR_ENFORCEMENT,6390.7016,3533200.0204,6656.9809,6390.7016,266.2792,0.00163983,0.00157424,266.2792,6390.7016,0.00157424,266.2792,266.2792,266.2792,0.0000,0.0000,6390.7016,0.00157424,798.8377,767.3102,5858.1432,5889.6706,0.00144305,0.00145082,0.00006559,418.2083,379.7376,0.6869,61.6387,1.8384,37588.4109,89.7407,538.3845,395.5999,218.4789,430.6076,432.5446,432.5446,1046.441,1081.3617,427.0584,0.0,2.43015,2.511246,0.971205,30,216,96,2,0.20383968,0.00163983,-0.01249836,0E-8,0.000000,0.906607,0.000000,0.01775797,2026-03-22,2026-08-06,108,3621,2443,138,0.782609,1.360932,1.287360,0.679466,,,,,,,,GLOBAL_BASELINE_NO_ENTITY_RANKING,,,NOT_APPLICABLE_GLOBAL_BASELINE,HF9g-P5,,,,X 全窗基线 · 不参与实体赏罚,14197774,1420,A168_HF9F_20260827_0900,2026-08-27 09:00:00
2026-03-27,57024343,1094,0,1529.3526468724,-884.8397456904,-884.8397456904,0.2000000,6,6,0.50665070000000000,0.506650700000,-1.3715049547573244,-1.3715049547573244,-1.3715049547573244,0E-17,ELIGIBLE,R03b_20260811_FULL_v1,L1_ELIGIBILITY,v2026-08-11,2026-03-21..2026-08-06,baccarat_bet02_101_all_pairs_incl_sentinel,round_win = game_pnl > 0 (decisive only),COMPATIBILITY_ONLY_NOT_PRODUCTION,4059548.3812,3680416.6879,6656.9809,9707,9692,-0.00163983,0.01249836,-0.00525961,-0.00163983,-6656.9809,4059548.3812,OK,0.0000,266.2792,4.0000,96.0000,AG03-UNRESOLVED,ALL5_LEVELS_bet23_to_bet27,266.2792,266.2792,266.2792,0.0000,0.0000,4.000000,4.000000,4.000000,0.000000,0.000000,96.000000,96.000000,96.000000,100.000000,100.000000,5.0,798.8377,767.3102,5858.1432,5889.6706,PENDING_AG03,FALSE,NOT_FOR_ENFORCEMENT,6390.7016,3533200.0204,6656.9809,6390.7016,266.2792,0.00163983,0.00157424,266.2792,6390.7016,0.00157424,266.2792,266.2792,266.2792,0.0000,0.0000,6390.7016,0.00157424,798.8377,767.3102,5858.1432,5889.6706,0.00144305,0.00145082,0.00006559,418.2083,379.7376,0.6869,61.6387,1.8384,37588.4109,89.7407,538.3845,395.5999,218.4789,430.6076,432.5446,432.5446,1046.441,1081.3617,427.0584,0.0,2.43015,2.511246,0.971205,30,216,96,2,0.20383968,0.00163983,-0.01249836,0E-8,0.000000,0.906607,0.000000,0.01775797,2026-03-22,2026-08-06,108,3621,2443,138,0.782609,1.360932,1.287360,0.679466,,,,,,,,GLOBAL_BASELINE_NO_ENTITY_RANKING,,,NOT_APPLICABLE_GLOBAL_BASELINE,HF9g-P5,,,,X 全窗基线 · 不参与实体赏罚,14197775,1420,A168_HF9F_20260827_0900,2026-08-27 09:00:00
2026-03-27,57024343,1115,0,1747.8315964256,-436.9578991064,-436.9578991064,0.3333333,8,8,0.50162375000000000,0.501623750000,-0.8244556463391333,-0.8244556463391335,-0.8244556463391333,0E-17,ELIGIBLE,R03b_20260811_FULL_v1,L1_ELIGIBILITY,v2026-08-11,2026-03-21..2026-08-06,baccarat_bet02_101_all_pairs_incl_sentinel,round_win = game_pnl > 0 (decisive only),COMPATIBILITY_ONLY_NOT_PRODUCTION,4059548.3812,3680416.6879,6656.9809,9707,9692,-0.00163983,0.01249836,-0.00525961,-0.00163983,-6656.9809,4059548.3812,OK,0.0000,266.2792,4.0000,96.0000,AG03-UNRESOLVED,ALL5_LEVELS_bet23_to_bet27,266.2792,266.2792,266.2792,0.0000,0.0000,4.000000,4.000000,4.000000,0.000000,0.000000,96.000000,96.000000,96.000000,100.000000,100.000000,5.0,798.8377,767.3102,5858.1432,5889.6706,PENDING_AG03,FALSE,NOT_FOR_ENFORCEMENT,6390.7016,3533200.0204,6656.9809,6390.7016,266.2792,0.00163983,0.00157424,266.2792,6390.7016,0.00157424,266.2792,266.2792,266.2792,0.0000,0.0000,6390.7016,0.00157424,798.8377,767.3102,5858.1432,5889.6706,0.00144305,0.00145082,0.00006559,418.2083,379.7376,0.6869,61.6387,1.8384,37588.4109,89.7407,538.3845,395.5999,218.4789,430.6076,432.5446,432.5446,1046.441,1081.3617,427.0584,0.0,2.43015,2.511246,0.971205,30,216,96,2,0.20383968,0.00163983,-0.01249836,0E-8,0.000000,0.906607,0.000000,0.01775797,2026-03-22,2026-08-06,108,3621,2443,138,0.782609,1.360932,1.287360,0.679466,,,,,,,,GLOBAL_BASELINE_NO_ENTITY_RANKING,,,NOT_APPLICABLE_GLOBAL_BASELINE,HF9g-P5,,,,X 全窗基线 · 不参与实体赏罚,14197776,1420,A168_HF9F_20260827_0900,2026-08-27 09:00:00
2026-03-27,57024343,1257,0,1310.8736973192,-32.7718424328,-32.7718424328,0.5000000,6,6,0.50665070000000000,0.506650700000,-0.032584525537284574,-0.032584525537284574,-0.032584525537284574,0E-17,ELIGIBLE,R03b_20260811_FULL_v1,L1_ELIGIBILITY,v2026-08-11,2026-03-21..2026-08-06,baccarat_bet02_101_all_pairs_incl_sentinel,round_win = game_pnl > 0 (decisive only),COMPATIBILITY_ONLY_NOT_PRODUCTION,4059548.3812,3680416.6879,6656.9809,9707,9692,-0.00163983,0.01249836,-0.00525961,-0.00163983,-6656.9809,4059548.3812,OK,0.0000,266.2792,4.0000,96.0000,AG03-UNRESOLVED,ALL5_LEVELS_bet23_to_bet27,266.2792,266.2792,266.2792,0.0000,0.0000,4.000000,4.000000,4.000000,0.000000,0.000000,96.000000,96.000000,96.000000,100.000000,100.000000,5.0,798.8377,767.3102,5858.1432,5889.6706,PENDING_AG03,FALSE,NOT_FOR_ENFORCEMENT,6390.7016,3533200.0204,6656.9809,6390.7016,266.2792,0.00163983,0.00157424,266.2792,6390.7016,0.00157424,266.2792,266.2792,266.2792,0.0000,0.0000,6390.7016,0.00157424,798.8377,767.3102,5858.1432,5889.6706,0.00144305,0.00145082,0.00006559,418.2083,379.7376,0.6869,61.6387,1.8384,37588.4109,89.7407,538.3845,395.5999,218.4789,430.6076,432.5446,432.5446,1046.441,1081.3617,427.0584,0.0,2.43015,2.511246,0.971205,30,216,96,2,0.20383968,0.00163983,-0.01249836,0E-8,0.000000,0.906607,0.000000,0.01775797,2026-03-22,2026-08-06,108,3621,2443,138,0.782609,1.360932,1.287360,0.679466,,,,,,,,GLOBAL_BASELINE_NO_ENTITY_RANKING,,,NOT_APPLICABLE_GLOBAL_BASELINE,HF9g-P5,,,,X 全窗基线 · 不参与实体赏罚,14197777,1420,A168_HF9F_20260827_0900,2026-08-27 09:00:00
2026-03-27,57024343,1354,0,1747.8315964256,-436.9578991064,-436.9578991064,0.3750000,8,8,0.49659680000000000,0.496596800000,-0.6878713085241178,-0.6878713085241179,-0.6878713085241178,0E-17,ELIGIBLE,R03b_20260811_FULL_v1,L1_ELIGIBILITY,v2026-08-11,2026-03-21..2026-08-06,baccarat_bet02_101_all_pairs_incl_sentinel,round_win = game_pnl > 0 (decisive only),COMPATIBILITY_ONLY_NOT_PRODUCTION,4059548.3812,3680416.6879,6656.9809,9707,9692,-0.00163983,0.01249836,-0.00525961,-0.00163983,-6656.9809,4059548.3812,OK,0.0000,266.2792,4.0000,96.0000,AG03-UNRESOLVED,ALL5_LEVELS_bet23_to_bet27,266.2792,266.2792,266.2792,0.0000,0.0000,4.000000,4.000000,4.000000,0.000000,0.000000,96.000000,96.000000,96.000000,100.000000,100.000000,5.0,798.8377,767.3102,5858.1432,5889.6706,PENDING_AG03,FALSE,NOT_FOR_ENFORCEMENT,6390.7016,3533200.0204,6656.9809,6390.7016,266.2792,0.00163983,0.00157424,266.2792,6390.7016,0.00157424,266.2792,266.2792,266.2792,0.0000,0.0000,6390.7016,0.00157424,798.8377,767.3102,5858.1432,5889.6706,0.00144305,0.00145082,0.00006559,418.2083,379.7376,0.6869,61.6387,1.8384,37588.4109,89.7407,538.3845,395.5999,218.4789,430.6076,432.5446,432.5446,1046.441,1081.3617,427.0584,0.0,2.43015,2.511246,0.971205,30,216,96,2,0.20383968,0.00163983,-0.01249836,0E-8,0.000000,0.906607,0.000000,0.01775797,2026-03-22,2026-08-06,108,3621,2443,138,0.782609,1.360932,1.287360,0.679466,,,,,,,,GLOBAL_BASELINE_NO_ENTITY_RANKING,,,NOT_APPLICABLE_GLOBAL_BASELINE,HF9g-P5,,,,X 全窗基线 · 不参与实体赏罚,14197778,1420,A168_HF9F_20260827_0900,2026-08-27 09:00:00
2026-03-27,57024343,1363,0,873.9157982128,426.0339516288,426.0339516288,0.7500000,4,4,0.49994810000000000,0.499948100000,1.0002076053883384,1.0002076053883384,1.0002076053883384,0E-17,ELIGIBLE,R03b_20260811_FULL_v1,L1_ELIGIBILITY,v2026-08-11,2026-03-21..2026-08-06,baccarat_bet02_101_all_pairs_incl_sentinel,round_win = game_pnl > 0 (decisive only),COMPATIBILITY_ONLY_NOT_PRODUCTION,4059548.3812,3680416.6879,6656.9809,9707,9692,-0.00163983,0.01249836,-0.00525961,-0.00163983,-6656.9809,4059548.3812,OK,0.0000,266.2792,4.0000,96.0000,AG03-UNRESOLVED,ALL5_LEVELS_bet23_to_bet27,266.2792,266.2792,266.2792,0.0000,0.0000,4.000000,4.000000,4.000000,0.000000,0.000000,96.000000,96.000000,96.000000,100.000000,100.000000,5.0,798.8377,767.3102,5858.1432,5889.6706,PENDING_AG03,FALSE,NOT_FOR_ENFORCEMENT,6390.7016,3533200.0204,6656.9809,6390.7016,266.2792,0.00163983,0.00157424,266.2792,6390.7016,0.00157424,266.2792,266.2792,266.2792,0.0000,0.0000,6390.7016,0.00157424,798.8377,767.3102,5858.1432,5889.6706,0.00144305,0.00145082,0.00006559,418.2083,379.7376,0.6869,61.6387,1.8384,37588.4109,89.7407,538.3845,395.5999,218.4789,430.6076,432.5446,432.5446,1046.441,1081.3617,427.0584,0.0,2.43015,2.511246,0.971205,30,216,96,2,0.20383968,0.00163983,-0.01249836,0E-8,0.000000,0.906607,0.000000,0.01775797,2026-03-22,2026-08-06,108,3621,2443,138,0.782609,1.360932,1.287360,0.679466,,,,,,,,GLOBAL_BASELINE_NO_ENTITY_RANKING,,,NOT_APPLICABLE_GLOBAL_BASELINE,HF9g-P5,,,,X 全窗基线 · 不参与实体赏罚,14197779,1420,A168_HF9F_20260827_0900,2026-08-27 09:00:00
2026-03-27,57024343,1384,0,1529.3526468724,-884.8397456904,-884.8397456904,0.2000000,6,6,0.50441650000000000,0.504416500000,-1.3614450872398682,-1.3614450872398682,-1.3614450872398682,0E-17,ELIGIBLE,R03b_20260811_FULL_v1,L1_ELIGIBILITY,v2026-08-11,2026-03-21..2026-08-06,baccarat_bet02_101_all_pairs_incl_sentinel,round_win = game_pnl > 0 (decisive only),COMPATIBILITY_ONLY_NOT_PRODUCTION,4059548.3812,3680416.6879,6656.9809,9707,9692,-0.00163983,0.01249836,-0.00525961,-0.00163983,-6656.9809,4059548.3812,OK,0.0000,266.2792,4.0000,96.0000,AG03-UNRESOLVED,ALL5_LEVELS_bet23_to_bet27,266.2792,266.2792,266.2792,0.0000,0.0000,4.000000,4.000000,4.000000,0.000000,0.000000,96.000000,96.000000,96.000000,100.000000,100.000000,5.0,798.8377,767.3102,5858.1432,5889.6706,PENDING_AG03,FALSE,NOT_FOR_ENFORCEMENT,6390.7016,3533200.0204,6656.9809,6390.7016,266.2792,0.00163983,0.00157424,266.2792,6390.7016,0.00157424,266.2792,266.2792,266.2792,0.0000,0.0000,6390.7016,0.00157424,798.8377,767.3102,5858.1432,5889.6706,0.00144305,0.00145082,0.00006559,418.2083,379.7376,0.6869,61.6387,1.8384,37588.4109,89.7407,538.3845,395.5999,218.4789,430.6076,432.5446,432.5446,1046.441,1081.3617,427.0584,0.0,2.43015,2.511246,0.971205,30,216,96,2,0.20383968,0.00163983,-0.01249836,0E-8,0.000000,0.906607,0.000000,0.01775797,2026-03-22,2026-08-06,108,3621,2443,138,0.782609,1.360932,1.287360,0.679466,,,,,,,,GLOBAL_BASELINE_NO_ENTITY_RANKING,,,NOT_APPLICABLE_GLOBAL_BASELINE,HF9g-P5,,,,X 全窗基线 · 不参与实体赏罚,14197780,1420,A168_HF9F_20260827_0900,2026-08-27 09:00:00
2026-03-27,57024343,1711,0,873.9157982128,426.0339516288,426.0339516288,0.7500000,4,4,0.49659680000000000,0.496596800000,1.0136362796769356,1.0136362796769358,1.0136362796769356,0E-17,ELIGIBLE,R03b_20260811_FULL_v1,L1_ELIGIBILITY,v2026-08-11,2026-03-21..2026-08-06,baccarat_bet02_101_all_pairs_incl_sentinel,round_win = game_pnl > 0 (decisive only),COMPATIBILITY_ONLY_NOT_PRODUCTION,4059548.3812,3680416.6879,6656.9809,9707,9692,-0.00163983,0.01249836,-0.00525961,-0.00163983,-6656.9809,4059548.3812,OK,0.0000,266.2792,4.0000,96.0000,AG03-UNRESOLVED,ALL5_LEVELS_bet23_to_bet27,266.2792,266.2792,266.2792,0.0000,0.0000,4.000000,4.000000,4.000000,0.000000,0.000000,96.000000,96.000000,96.000000,100.000000,100.000000,5.0,798.8377,767.3102,5858.1432,5889.6706,PENDING_AG03,FALSE,NOT_FOR_ENFORCEMENT,6390.7016,3533200.0204,6656.9809,6390.7016,266.2792,0.00163983,0.00157424,266.2792,6390.7016,0.00157424,266.2792,266.2792,266.2792,0.0000,0.0000,6390.7016,0.00157424,798.8377,767.3102,5858.1432,5889.6706,0.00144305,0.00145082,0.00006559,418.2083,379.7376,0.6869,61.6387,1.8384,37588.4109,89.7407,538.3845,395.5999,218.4789,430.6076,432.5446,432.5446,1046.441,1081.3617,427.0584,0.0,2.43015,2.511246,0.971205,30,216,96,2,0.20383968,0.00163983,-0.01249836,0E-8,0.000000,0.906607,0.000000,0.01775797,2026-03-22,2026-08-06,108,3621,2443,138,0.782609,1.360932,1.287360,0.679466,,,,,,,,GLOBAL_BASELINE_NO_ENTITY_RANKING,,,NOT_APPLICABLE_GLOBAL_BASELINE,HF9g-P5,,,,X 全窗基线 · 不参与实体赏罚,14197781,1420,A168_HF9F_20260827_0900,2026-08-27 09:00:00
2026-03-27,57024343,1957,0,1092.3947477660,-240.3268445084,-240.3268445084,0.4000000,5,5,0.50396966000000000,0.503969660000,-0.4649811094771361,-0.4649811094771361,-0.4649811094771361,0E-17,ELIGIBLE,R03b_20260811_FULL_v1,L1_ELIGIBILITY,v2026-08-11,2026-03-21..2026-08-06,baccarat_bet02_101_all_pairs_incl_sentinel,round_win = game_pnl > 0 (decisive only),COMPATIBILITY_ONLY_NOT_PRODUCTION,4059548.3812,3680416.6879,6656.9809,9707,9692,-0.00163983,0.01249836,-0.00525961,-0.00163983,-6656.9809,4059548.3812,OK,0.0000,266.2792,4.0000,96.0000,AG03-UNRESOLVED,ALL5_LEVELS_bet23_to_bet27,266.2792,266.2792,266.2792,0.0000,0.0000,4.000000,4.000000,4.000000,0.000000,0.000000,96.000000,96.000000,96.000000,100.000000,100.000000,5.0,798.8377,767.3102,5858.1432,5889.6706,PENDING_AG03,FALSE,NOT_FOR_ENFORCEMENT,6390.7016,3533200.0204,6656.9809,6390.7016,266.2792,0.00163983,0.00157424,266.2792,6390.7016,0.00157424,266.2792,266.2792,266.2792,0.0000,0.0000,6390.7016,0.00157424,798.8377,767.3102,5858.1432,5889.6706,0.00144305,0.00145082,0.00006559,418.2083,379.7376,0.6869,61.6387,1.8384,37588.4109,89.7407,538.3845,395.5999,218.4789,430.6076,432.5446,432.5446,1046.441,1081.3617,427.0584,0.0,2.43015,2.511246,0.971205,30,216,96,2,0.20383968,0.00163983,-0.01249836,0E-8,0.000000,0.906607,0.000000,0.01775797,2026-03-22,2026-08-06,108,3621,2443,138,0.782609,1.360932,1.287360,0.679466,,,,,,,,GLOBAL_BASELINE_NO_ENTITY_RANKING,,,NOT_APPLICABLE_GLOBAL_BASELINE,HF9g-P5,,,,X 全窗基线 · 不参与实体赏罚,14197782,1420,A168_HF9F_20260827_0900,2026-08-27 09:00:00
2026-03-27,57024343,2093,0,1529.3526468724,-21.8478949552,-21.8478949552,0.6000000,6,6,0.50441650000000000,0.504416500000,0.42747908374280613,0.42747908374280613,0.42747908374280613,0E-17,ELIGIBLE,R03b_20260811_FULL_v1,L1_ELIGIBILITY,v2026-08-11,2026-03-21..2026-08-06,baccarat_bet02_101_all_pairs_incl_sentinel,round_win = game_pnl > 0 (decisive only),COMPATIBILITY_ONLY_NOT_PRODUCTION,4059548.3812,3680416.6879,6656.9809,9707,9692,-0.00163983,0.01249836,-0.00525961,-0.00163983,-6656.9809,4059548.3812,OK,0.0000,266.2792,4.0000,96.0000,AG03-UNRESOLVED,ALL5_LEVELS_bet23_to_bet27,266.2792,266.2792,266.2792,0.0000,0.0000,4.000000,4.000000,4.000000,0.000000,0.000000,96.000000,96.000000,96.000000,100.000000,100.000000,5.0,798.8377,767.3102,5858.1432,5889.6706,PENDING_AG03,FALSE,NOT_FOR_ENFORCEMENT,6390.7016,3533200.0204,6656.9809,6390.7016,266.2792,0.00163983,0.00157424,266.2792,6390.7016,0.00157424,266.2792,266.2792,266.2792,0.0000,0.0000,6390.7016,0.00157424,798.8377,767.3102,5858.1432,5889.6706,0.00144305,0.00145082,0.00006559,418.2083,379.7376,0.6869,61.6387,1.8384,37588.4109,89.7407,538.3845,395.5999,218.4789,430.6076,432.5446,432.5446,1046.441,1081.3617,427.0584,0.0,2.43015,2.511246,0.971205,30,216,96,2,0.20383968,0.00163983,-0.01249836,0E-8,0.000000,0.906607,0.000000,0.01775797,2026-03-22,2026-08-06,108,3621,2443,138,0.782609,1.360932,1.287360,0.679466,,,,,,,,GLOBAL_BASELINE_NO_ENTITY_RANKING,,,NOT_APPLICABLE_GLOBAL_BASELINE,HF9g-P5,,,,X 全窗基线 · 不参与实体赏罚,14197783,1420,A168_HF9F_20260827_0900,2026-08-27 09:00:00
2026-03-27,57024343,2115,0,1747.8315964256,-43.6957899104,-43.6957899104,0.5000000,8,8,0.50497505000000000,0.504975050000,-0.028144525985643355,-0.028144525985643355,-0.028144525985643355,0E-17,ELIGIBLE,R03b_20260811_FULL_v1,L1_ELIGIBILITY,v2026-08-11,2026-03-21..2026-08-06,baccarat_bet02_101_all_pairs_incl_sentinel,round_win = game_pnl > 0 (decisive only),COMPATIBILITY_ONLY_NOT_PRODUCTION,4059548.3812,3680416.6879,6656.9809,9707,9692,-0.00163983,0.01249836,-0.00525961,-0.00163983,-6656.9809,4059548.3812,OK,0.0000,266.2792,4.0000,96.0000,AG03-UNRESOLVED,ALL5_LEVELS_bet23_to_bet27,266.2792,266.2792,266.2792,0.0000,0.0000,4.000000,4.000000,4.000000,0.000000,0.000000,96.000000,96.000000,96.000000,100.000000,100.000000,5.0,798.8377,767.3102,5858.1432,5889.6706,PENDING_AG03,FALSE,NOT_FOR_ENFORCEMENT,6390.7016,3533200.0204,6656.9809,6390.7016,266.2792,0.00163983,0.00157424,266.2792,6390.7016,0.00157424,266.2792,266.2792,266.2792,0.0000,0.0000,6390.7016,0.00157424,798.8377,767.3102,5858.1432,5889.6706,0.00144305,0.00145082,0.00006559,418.2083,379.7376,0.6869,61.6387,1.8384,37588.4109,89.7407,538.3845,395.5999,218.4789,430.6076,432.5446,432.5446,1046.441,1081.3617,427.0584,0.0,2.43015,2.511246,0.971205,30,216,96,2,0.20383968,0.00163983,-0.01249836,0E-8,0.000000,0.906607,0.000000,0.01775797,2026-03-22,2026-08-06,108,3621,2443,138,0.782609,1.360932,1.287360,0.679466,,,,,,,,GLOBAL_BASELINE_NO_ENTITY_RANKING,,,NOT_APPLICABLE_GLOBAL_BASELINE,HF9g-P5,,,,X 全窗基线 · 不参与实体赏罚,14197784,1420,A168_HF9F_20260827_0900,2026-08-27 09:00:00
2026-03-27,57024343,2130,0,1310.8736973192,1059.6229053332,1059.6229053332,1.0000000,6,6,0.50218230000000000,0.502182300000,2.2263296407989763,2.2263296407989763,2.2263296407989763,0E-17,ELIGIBLE,R03b_20260811_FULL_v1,L1_ELIGIBILITY,v2026-08-11,2026-03-21..2026-08-06,baccarat_bet02_101_all_pairs_incl_sentinel,round_win = game_pnl > 0 (decisive only),COMPATIBILITY_ONLY_NOT_PRODUCTION,4059548.3812,3680416.6879,6656.9809,9707,9692,-0.00163983,0.01249836,-0.00525961,-0.00163983,-6656.9809,4059548.3812,OK,0.0000,266.2792,4.0000,96.0000,AG03-UNRESOLVED,ALL5_LEVELS_bet23_to_bet27,266.2792,266.2792,266.2792,0.0000,0.0000,4.000000,4.000000,4.000000,0.000000,0.000000,96.000000,96.000000,96.000000,100.000000,100.000000,5.0,798.8377,767.3102,5858.1432,5889.6706,PENDING_AG03,FALSE,NOT_FOR_ENFORCEMENT,6390.7016,3533200.0204,6656.9809,6390.7016,266.2792,0.00163983,0.00157424,266.2792,6390.7016,0.00157424,266.2792,266.2792,266.2792,0.0000,0.0000,6390.7016,0.00157424,798.8377,767.3102,5858.1432,5889.6706,0.00144305,0.00145082,0.00006559,418.2083,379.7376,0.6869,61.6387,1.8384,37588.4109,89.7407,538.3845,395.5999,218.4789,430.6076,432.5446,432.5446,1046.441,1081.3617,427.0584,0.0,2.43015,2.511246,0.971205,30,216,96,2,0.20383968,0.00163983,-0.01249836,0E-8,0.000000,0.906607,0.000000,0.01775797,2026-03-22,2026-08-06,108,3621,2443,138,0.782609,1.360932,1.287360,0.679466,,,,,,,,GLOBAL_BASELINE_NO_ENTITY_RANKING,,,NOT_APPLICABLE_GLOBAL_BASELINE,HF9g-P5,,,,X 全窗基线 · 不参与实体赏罚,14197785,1420,A168_HF9F_20260827_0900,2026-08-27 09:00:00
2026-03-27,57024343,2134,0,1310.8736973192,-884.8397456904,-884.8397456904,0.2000000,5,5,0.50128862000000000,0.501288620000,-1.347408145195933,-1.347408145195933,-1.347408145195933,0E-17,ELIGIBLE,R03b_20260811_FULL_v1,L1_ELIGIBILITY,v2026-08-11,2026-03-21..2026-08-06,baccarat_bet02_101_all_pairs_incl_sentinel,round_win = game_pnl > 0 (decisive only),COMPATIBILITY_ONLY_NOT_PRODUCTION,4059548.3812,3680416.6879,6656.9809,9707,9692,-0.00163983,0.01249836,-0.00525961,-0.00163983,-6656.9809,4059548.3812,OK,0.0000,266.2792,4.0000,96.0000,AG03-UNRESOLVED,ALL5_LEVELS_bet23_to_bet27,266.2792,266.2792,266.2792,0.0000,0.0000,4.000000,4.000000,4.000000,0.000000,0.000000,96.000000,96.000000,96.000000,100.000000,100.000000,5.0,798.8377,767.3102,5858.1432,5889.6706,PENDING_AG03,FALSE,NOT_FOR_ENFORCEMENT,6390.7016,3533200.0204,6656.9809,6390.7016,266.2792,0.00163983,0.00157424,266.2792,6390.7016,0.00157424,266.2792,266.2792,266.2792,0.0000,0.0000,6390.7016,0.00157424,798.8377,767.3102,5858.1432,5889.6706,0.00144305,0.00145082,0.00006559,418.2083,379.7376,0.6869,61.6387,1.8384,37588.4109,89.7407,538.3845,395.5999,218.4789,430.6076,432.5446,432.5446,1046.441,1081.3617,427.0584,0.0,2.43015,2.511246,0.971205,30,216,96,2,0.20383968,0.00163983,-0.01249836,0E-8,0.000000,0.906607,0.000000,0.01775797,2026-03-22,2026-08-06,108,3621,2443,138,0.782609,1.360932,1.287360,0.679466,,,,,,,,GLOBAL_BASELINE_NO_ENTITY_RANKING,,,NOT_APPLICABLE_GLOBAL_BASELINE,HF9g-P5,,,,X 全窗基线 · 不参与实体赏罚,14197786,1420,A168_HF9F_20260827_0900,2026-08-27 09:00:00
2026-03-27,57024343,2177,0,218.4789495532,-218.4789495532,-218.4789495532,0E-7,1,1,0.49324550000000000,0.493245500000,-0.9865810262130424,-0.9865810262130424,-0.9865810262130424,0E-17,ELIGIBLE,R03b_20260811_FULL_v1,L1_ELIGIBILITY,v2026-08-11,2026-03-21..2026-08-06,baccarat_bet02_101_all_pairs_incl_sentinel,round_win = game_pnl > 0 (decisive only),COMPATIBILITY_ONLY_NOT_PRODUCTION,4059548.3812,3680416.6879,6656.9809,9707,9692,-0.00163983,0.01249836,-0.00525961,-0.00163983,-6656.9809,4059548.3812,OK,0.0000,266.2792,4.0000,96.0000,AG03-UNRESOLVED,ALL5_LEVELS_bet23_to_bet27,266.2792,266.2792,266.2792,0.0000,0.0000,4.000000,4.000000,4.000000,0.000000,0.000000,96.000000,96.000000,96.000000,100.000000,100.000000,5.0,798.8377,767.3102,5858.1432,5889.6706,PENDING_AG03,FALSE,NOT_FOR_ENFORCEMENT,6390.7016,3533200.0204,6656.9809,6390.7016,266.2792,0.00163983,0.00157424,266.2792,6390.7016,0.00157424,266.2792,266.2792,266.2792,0.0000,0.0000,6390.7016,0.00157424,798.8377,767.3102,5858.1432,5889.6706,0.00144305,0.00145082,0.00006559,418.2083,379.7376,0.6869,61.6387,1.8384,37588.4109,89.7407,538.3845,395.5999,218.4789,430.6076,432.5446,432.5446,1046.441,1081.3617,427.0584,0.0,2.43015,2.511246,0.971205,30,216,96,2,0.20383968,0.00163983,-0.01249836,0E-8,0.000000,0.906607,0.000000,0.01775797,2026-03-22,2026-08-06,108,3621,2443,138,0.782609,1.360932,1.287360,0.679466,,,,,,,,GLOBAL_BASELINE_NO_ENTITY_RANKING,,,NOT_APPLICABLE_GLOBAL_BASELINE,HF9g-P5,,,,X 全窗基线 · 不参与实体赏罚,14197787,1420,A168_HF9F_20260827_0900,2026-08-27 09:00:00
2026-03-27,57024343,2202,0,1529.3526468724,-240.3268445084,-240.3268445084,0.5000000,6,6,0.50218230000000000,0.502182300000,-0.01069114476356389,-0.01069114476356389,-0.01069114476356389,0E-17,ELIGIBLE,R03b_20260811_FULL_v1,L1_ELIGIBILITY,v2026-08-11,2026-03-21..2026-08-06,baccarat_bet02_101_all_pairs_incl_sentinel,round_win = game_pnl > 0 (decisive only),COMPATIBILITY_ONLY_NOT_PRODUCTION,4059548.3812,3680416.6879,6656.9809,9707,9692,-0.00163983,0.01249836,-0.00525961,-0.00163983,-6656.9809,4059548.3812,OK,0.0000,266.2792,4.0000,96.0000,AG03-UNRESOLVED,ALL5_LEVELS_bet23_to_bet27,266.2792,266.2792,266.2792,0.0000,0.0000,4.000000,4.000000,4.000000,0.000000,0.000000,96.000000,96.000000,96.000000,100.000000,100.000000,5.0,798.8377,767.3102,5858.1432,5889.6706,PENDING_AG03,FALSE,NOT_FOR_ENFORCEMENT,6390.7016,3533200.0204,6656.9809,6390.7016,266.2792,0.00163983,0.00157424,266.2792,6390.7016,0.00157424,266.2792,266.2792,266.2792,0.0000,0.0000,6390.7016,0.00157424,798.8377,767.3102,5858.1432,5889.6706,0.00144305,0.00145082,0.00006559,418.2083,379.7376,0.6869,61.6387,1.8384,37588.4109,89.7407,538.3845,395.5999,218.4789,430.6076,432.5446,432.5446,1046.441,1081.3617,427.0584,0.0,2.43015,2.511246,0.971205,30,216,96,2,0.20383968,0.00163983,-0.01249836,0E-8,0.000000,0.906607,0.000000,0.01775797,2026-03-22,2026-08-06,108,3621,2443,138,0.782609,1.360932,1.287360,0.679466,,,,,,,,GLOBAL_BASELINE_NO_ENTITY_RANKING,,,NOT_APPLICABLE_GLOBAL_BASELINE,HF9g-P5,,,,X 全窗基线 · 不参与实体赏罚,14197788,1420,A168_HF9F_20260827_0900,2026-08-27 09:00:00
2026-03-27,57024343,2223,0,1092.3947477660,-240.3268445084,-240.3268445084,0.5000000,4,4,0.50329940000000000,0.503299400000,-0.01319788734859681,-0.01319788734859681,-0.01319788734859681,0E-17,ELIGIBLE,R03b_20260811_FULL_v1,L1_ELIGIBILITY,v2026-08-11,2026-03-21..2026-08-06,baccarat_bet02_101_all_pairs_incl_sentinel,round_win = game_pnl > 0 (decisive only),COMPATIBILITY_ONLY_NOT_PRODUCTION,4059548.3812,3680416.6879,6656.9809,9707,9692,-0.00163983,0.01249836,-0.00525961,-0.00163983,-6656.9809,4059548.3812,OK,0.0000,266.2792,4.0000,96.0000,AG03-UNRESOLVED,ALL5_LEVELS_bet23_to_bet27,266.2792,266.2792,266.2792,0.0000,0.0000,4.000000,4.000000,4.000000,0.000000,0.000000,96.000000,96.000000,96.000000,100.000000,100.000000,5.0,798.8377,767.3102,5858.1432,5889.6706,PENDING_AG03,FALSE,NOT_FOR_ENFORCEMENT,6390.7016,3533200.0204,6656.9809,6390.7016,266.2792,0.00163983,0.00157424,266.2792,6390.7016,0.00157424,266.2792,266.2792,266.2792,0.0000,0.0000,6390.7016,0.00157424,798.8377,767.3102,5858.1432,5889.6706,0.00144305,0.00145082,0.00006559,418.2083,379.7376,0.6869,61.6387,1.8384,37588.4109,89.7407,538.3845,395.5999,218.4789,430.6076,432.5446,432.5446,1046.441,1081.3617,427.0584,0.0,2.43015,2.511246,0.971205,30,216,96,2,0.20383968,0.00163983,-0.01249836,0E-8,0.000000,0.906607,0.000000,0.01775797,2026-03-22,2026-08-06,108,3621,2443,138,0.782609,1.360932,1.287360,0.679466,,,,,,,,GLOBAL_BASELINE_NO_ENTITY_RANKING,,,NOT_APPLICABLE_GLOBAL_BASELINE,HF9g-P5,,,,X 全窗基线 · 不参与实体赏罚,14197789,1420,A168_HF9F_20260827_0900,2026-08-27 09:00:00
2026-03-27,57024343,2248,0,1310.8736973192,-655.4368486596,-655.4368486596,0.2000000,6,6,0.49771390000000000,0.497713900000,-1.3314309533564708,-1.3314309533564703,-1.3314309533564708,0E-17,ELIGIBLE,R03b_20260811_FULL_v1,L1_ELIGIBILITY,v2026-08-11,2026-03-21..2026-08-06,baccarat_bet02_101_all_pairs_incl_sentinel,round_win = game_pnl > 0 (decisive only),COMPATIBILITY_ONLY_NOT_PRODUCTION,4059548.3812,3680416.6879,6656.9809,9707,9692,-0.00163983,0.01249836,-0.00525961,-0.00163983,-6656.9809,4059548.3812,OK,0.0000,266.2792,4.0000,96.0000,AG03-UNRESOLVED,ALL5_LEVELS_bet23_to_bet27,266.2792,266.2792,266.2792,0.0000,0.0000,4.000000,4.000000,4.000000,0.000000,0.000000,96.000000,96.000000,96.000000,100.000000,100.000000,5.0,798.8377,767.3102,5858.1432,5889.6706,PENDING_AG03,FALSE,NOT_FOR_ENFORCEMENT,6390.7016,3533200.0204,6656.9809,6390.7016,266.2792,0.00163983,0.00157424,266.2792,6390.7016,0.00157424,266.2792,266.2792,266.2792,0.0000,0.0000,6390.7016,0.00157424,798.8377,767.3102,5858.1432,5889.6706,0.00144305,0.00145082,0.00006559,418.2083,379.7376,0.6869,61.6387,1.8384,37588.4109,89.7407,538.3845,395.5999,218.4789,430.6076,432.5446,432.5446,1046.441,1081.3617,427.0584,0.0,2.43015,2.511246,0.971205,30,216,96,2,0.20383968,0.00163983,-0.01249836,0E-8,0.000000,0.906607,0.000000,0.01775797,2026-03-22,2026-08-06,108,3621,2443,138,0.782609,1.360932,1.287360,0.679466,,,,,,,,GLOBAL_BASELINE_NO_ENTITY_RANKING,,,NOT_APPLICABLE_GLOBAL_BASELINE,HF9g-P5,,,,X 全窗基线 · 不参与实体赏罚,14197790,1420,A168_HF9F_20260827_0900,2026-08-27 09:00:00
2026-03-27,57024343,2252,0,655.4368486596,415.1100041512,415.1100041512,1.0000000,3,3,0.50665070000000000,0.506650700000,1.3955260008387969,1.3955260008387969,1.3955260008387969,0E-17,ELIGIBLE,R03b_20260811_FULL_v1,L1_ELIGIBILITY,v2026-08-11,2026-03-21..2026-08-06,baccarat_bet02_101_all_pairs_incl_sentinel,round_win = game_pnl > 0 (decisive only),COMPATIBILITY_ONLY_NOT_PRODUCTION,4059548.3812,3680416.6879,6656.9809,9707,9692,-0.00163983,0.01249836,-0.00525961,-0.00163983,-6656.9809,4059548.3812,OK,0.0000,266.2792,4.0000,96.0000,AG03-UNRESOLVED,ALL5_LEVELS_bet23_to_bet27,266.2792,266.2792,266.2792,0.0000,0.0000,4.000000,4.000000,4.000000,0.000000,0.000000,96.000000,96.000000,96.000000,100.000000,100.000000,5.0,798.8377,767.3102,5858.1432,5889.6706,PENDING_AG03,FALSE,NOT_FOR_ENFORCEMENT,6390.7016,3533200.0204,6656.9809,6390.7016,266.2792,0.00163983,0.00157424,266.2792,6390.7016,0.00157424,266.2792,266.2792,266.2792,0.0000,0.0000,6390.7016,0.00157424,798.8377,767.3102,5858.1432,5889.6706,0.00144305,0.00145082,0.00006559,418.2083,379.7376,0.6869,61.6387,1.8384,37588.4109,89.7407,538.3845,395.5999,218.4789,430.6076,432.5446,432.5446,1046.441,1081.3617,427.0584,0.0,2.43015,2.511246,0.971205,30,216,96,2,0.20383968,0.00163983,-0.01249836,0E-8,0.000000,0.906607,0.000000,0.01775797,2026-03-22,2026-08-06,108,3621,2443,138,0.782609,1.360932,1.287360,0.679466,,,,,,,,GLOBAL_BASELINE_NO_ENTITY_RANKING,,,NOT_APPLICABLE_GLOBAL_BASELINE,HF9g-P5,,,,X 全窗基线 · 不参与实体赏罚,14197791,1420,A168_HF9F_20260827_0900,2026-08-27 09:00:00
2026-03-27,57024343,471,0,1310.8736973192,-884.8397456904,-884.8397456904,0.1666667,6,6,0.50218230000000000,0.502182300000,-1.6436998608832374,-1.6436998608832374,-1.6436998608832374,0E-17,ELIGIBLE,R03b_20260811_FULL_v1,L1_ELIGIBILITY,v2026-08-11,2026-03-21..2026-08-06,baccarat_bet02_101_all_pairs_incl_sentinel,round_win = game_pnl > 0 (decisive only),COMPATIBILITY_ONLY_NOT_PRODUCTION,4059548.3812,3680416.6879,6656.9809,9707,9692,-0.00163983,0.01249836,-0.00525961,-0.00163983,-6656.9809,4059548.3812,OK,0.0000,266.2792,4.0000,96.0000,AG03-UNRESOLVED,ALL5_LEVELS_bet23_to_bet27,266.2792,266.2792,266.2792,0.0000,0.0000,4.000000,4.000000,4.000000,0.000000,0.000000,96.000000,96.000000,96.000000,100.000000,100.000000,5.0,798.8377,767.3102,5858.1432,5889.6706,PENDING_AG03,FALSE,NOT_FOR_ENFORCEMENT,6390.7016,3533200.0204,6656.9809,6390.7016,266.2792,0.00163983,0.00157424,266.2792,6390.7016,0.00157424,266.2792,266.2792,266.2792,0.0000,0.0000,6390.7016,0.00157424,798.8377,767.3102,5858.1432,5889.6706,0.00144305,0.00145082,0.00006559,418.2083,379.7376,0.6869,61.6387,1.8384,37588.4109,89.7407,538.3845,395.5999,218.4789,430.6076,432.5446,432.5446,1046.441,1081.3617,427.0584,0.0,2.43015,2.511246,0.971205,30,216,96,2,0.20383968,0.00163983,-0.01249836,0E-8,0.000000,0.906607,0.000000,0.01775797,2026-03-22,2026-08-06,108,3621,2443,138,0.782609,1.360932,1.287360,0.679466,,,,,,,,GLOBAL_BASELINE_NO_ENTITY_RANKING,,,NOT_APPLICABLE_GLOBAL_BASELINE,HF9g-P5,,,,X 全窗基线 · 不参与实体赏罚,14197792,1420,A168_HF9F_20260827_0900,2026-08-27 09:00:00
2026-03-27,57024343,529,0,436.9578991064,-10.9239474776,-10.9239474776,0.5000000,2,2,0.49994810000000000,0.499948100000,0.00014679536856514622,0.00014679536856514622,0.00014679536856514622,0E-17,ELIGIBLE,R03b_20260811_FULL_v1,L1_ELIGIBILITY,v2026-08-11,2026-03-21..2026-08-06,baccarat_bet02_101_all_pairs_incl_sentinel,round_win = game_pnl > 0 (decisive only),COMPATIBILITY_ONLY_NOT_PRODUCTION,4059548.3812,3680416.6879,6656.9809,9707,9692,-0.00163983,0.01249836,-0.00525961,-0.00163983,-6656.9809,4059548.3812,OK,0.0000,266.2792,4.0000,96.0000,AG03-UNRESOLVED,ALL5_LEVELS_bet23_to_bet27,266.2792,266.2792,266.2792,0.0000,0.0000,4.000000,4.000000,4.000000,0.000000,0.000000,96.000000,96.000000,96.000000,100.000000,100.000000,5.0,798.8377,767.3102,5858.1432,5889.6706,PENDING_AG03,FALSE,NOT_FOR_ENFORCEMENT,6390.7016,3533200.0204,6656.9809,6390.7016,266.2792,0.00163983,0.00157424,266.2792,6390.7016,0.00157424,266.2792,266.2792,266.2792,0.0000,0.0000,6390.7016,0.00157424,798.8377,767.3102,5858.1432,5889.6706,0.00144305,0.00145082,0.00006559,418.2083,379.7376,0.6869,61.6387,1.8384,37588.4109,89.7407,538.3845,395.5999,218.4789,430.6076,432.5446,432.5446,1046.441,1081.3617,427.0584,0.0,2.43015,2.511246,0.971205,30,216,96,2,0.20383968,0.00163983,-0.01249836,0E-8,0.000000,0.906607,0.000000,0.01775797,2026-03-22,2026-08-06,108,3621,2443,138,0.782609,1.360932,1.287360,0.679466,,,,,,,,GLOBAL_BASELINE_NO_ENTITY_RANKING,,,NOT_APPLICABLE_GLOBAL_BASELINE,HF9g-P5,,,,X 全窗基线 · 不参与实体赏罚,14197793,1420,A168_HF9F_20260827_0900,2026-08-27 09:00:00
2026-03-27,57024343,763,0,1529.3526468724,-666.3607961372,-666.3607961372,0.2857143,7,7,0.50090561428571429,0.500905614286,-1.138687347156492,-1.138687347158005,-1.138687347156492,-2.8571E-13,ELIGIBLE,R03b_20260811_FULL_v1,L1_ELIGIBILITY,v2026-08-11,2026-03-21..2026-08-06,baccarat_bet02_101_all_pairs_incl_sentinel,round_win = game_pnl > 0 (decisive only),COMPATIBILITY_ONLY_NOT_PRODUCTION,4059548.3812,3680416.6879,6656.9809,9707,9692,-0.00163983,0.01249836,-0.00525961,-0.00163983,-6656.9809,4059548.3812,OK,0.0000,266.2792,4.0000,96.0000,AG03-UNRESOLVED,ALL5_LEVELS_bet23_to_bet27,266.2792,266.2792,266.2792,0.0000,0.0000,4.000000,4.000000,4.000000,0.000000,0.000000,96.000000,96.000000,96.000000,100.000000,100.000000,5.0,798.8377,767.3102,5858.1432,5889.6706,PENDING_AG03,FALSE,NOT_FOR_ENFORCEMENT,6390.7016,3533200.0204,6656.9809,6390.7016,266.2792,0.00163983,0.00157424,266.2792,6390.7016,0.00157424,266.2792,266.2792,266.2792,0.0000,0.0000,6390.7016,0.00157424,798.8377,767.3102,5858.1432,5889.6706,0.00144305,0.00145082,0.00006559,418.2083,379.7376,0.6869,61.6387,1.8384,37588.4109,89.7407,538.3845,395.5999,218.4789,430.6076,432.5446,432.5446,1046.441,1081.3617,427.0584,0.0,2.43015,2.511246,0.971205,30,216,96,2,0.20383968,0.00163983,-0.01249836,0E-8,0.000000,0.906607,0.000000,0.01775797,2026-03-22,2026-08-06,108,3621,2443,138,0.782609,1.360932,1.287360,0.679466,,,,,,,,GLOBAL_BASELINE_NO_ENTITY_RANKING,,,NOT_APPLICABLE_GLOBAL_BASELINE,HF9g-P5,,,,X 全窗基线 · 不参与实体赏罚,14197794,1420,A168_HF9F_20260827_0900,2026-08-27 09:00:00
2026-03-28,57024343,-1,1,9176.1158812344,1354.5694872308,1354.5694872308,0.6000000,42,42,0.50282064285714286,0.502820642857,1.1498599570322419,1.1498599570339303,1.1498599570322419,1.4286E-13,SENTINEL_DEALER,R03b_20260811_FULL_v1,L1_ELIGIBILITY,v2026-08-11,2026-03-21..2026-08-06,baccarat_bet02_101_all_pairs_incl_sentinel,round_win = game_pnl > 0 (decisive only),COMPATIBILITY_ONLY_NOT_PRODUCTION,4059548.3812,3680416.6879,6656.9809,9707,9692,-0.00163983,0.01249836,-0.00525961,-0.00163983,-6656.9809,4059548.3812,OK,0.0000,266.2792,4.0000,96.0000,AG03-UNRESOLVED,ALL5_LEVELS_bet23_to_bet27,266.2792,266.2792,266.2792,0.0000,0.0000,4.000000,4.000000,4.000000,0.000000,0.000000,96.000000,96.000000,96.000000,100.000000,100.000000,5.0,798.8377,767.3102,5858.1432,5889.6706,PENDING_AG03,FALSE,NOT_FOR_ENFORCEMENT,6390.7016,3533200.0204,6656.9809,6390.7016,266.2792,0.00163983,0.00157424,266.2792,6390.7016,0.00157424,266.2792,266.2792,266.2792,0.0000,0.0000,6390.7016,0.00157424,798.8377,767.3102,5858.1432,5889.6706,0.00144305,0.00145082,0.00006559,418.2083,379.7376,0.6869,61.6387,1.8384,37588.4109,89.7407,538.3845,395.5999,218.4789,430.6076,432.5446,432.5446,1046.441,1081.3617,427.0584,0.0,2.43015,2.511246,0.971205,30,216,96,2,0.20383968,0.00163983,-0.01249836,0E-8,0.000000,0.906607,0.000000,0.01775797,2026-03-22,2026-08-06,108,3621,2443,138,0.782609,1.360932,1.287360,0.679466,,,,,,,,GLOBAL_BASELINE_NO_ENTITY_RANKING,,,NOT_APPLICABLE_GLOBAL_BASELINE,HF9g-P5,,,,X 全窗基线 · 不参与实体赏罚,14197795,1420,A168_HF9F_20260827_0900,2026-08-27 09:00:00
2026-03-28,57024343,1017,0,436.9578991064,207.5550020756,207.5550020756,1.0000000,2,2,0.50665070000000000,0.506650700000,0.9867858985152569,0.9867858985152569,0.9867858985152569,0E-17,ELIGIBLE,R03b_20260811_FULL_v1,L1_ELIGIBILITY,v2026-08-11,2026-03-21..2026-08-06,baccarat_bet02_101_all_pairs_incl_sentinel,round_win = game_pnl > 0 (decisive only),COMPATIBILITY_ONLY_NOT_PRODUCTION,4059548.3812,3680416.6879,6656.9809,9707,9692,-0.00163983,0.01249836,-0.00525961,-0.00163983,-6656.9809,4059548.3812,OK,0.0000,266.2792,4.0000,96.0000,AG03-UNRESOLVED,ALL5_LEVELS_bet23_to_bet27,266.2792,266.2792,266.2792,0.0000,0.0000,4.000000,4.000000,4.000000,0.000000,0.000000,96.000000,96.000000,96.000000,100.000000,100.000000,5.0,798.8377,767.3102,5858.1432,5889.6706,PENDING_AG03,FALSE,NOT_FOR_ENFORCEMENT,6390.7016,3533200.0204,6656.9809,6390.7016,266.2792,0.00163983,0.00157424,266.2792,6390.7016,0.00157424,266.2792,266.2792,266.2792,0.0000,0.0000,6390.7016,0.00157424,798.8377,767.3102,5858.1432,5889.6706,0.00144305,0.00145082,0.00006559,418.2083,379.7376,0.6869,61.6387,1.8384,37588.4109,89.7407,538.3845,395.5999,218.4789,430.6076,432.5446,432.5446,1046.441,1081.3617,427.0584,0.0,2.43015,2.511246,0.971205,30,216,96,2,0.20383968,0.00163983,-0.01249836,0E-8,0.000000,0.906607,0.000000,0.01775797,2026-03-22,2026-08-06,108,3621,2443,138,0.782609,1.360932,1.287360,0.679466,,,,,,,,GLOBAL_BASELINE_NO_ENTITY_RANKING,,,NOT_APPLICABLE_GLOBAL_BASELINE,HF9g-P5,,,,X 全窗基线 · 不参与实体赏罚,14197796,1420,A168_HF9F_20260827_0900,2026-08-27 09:00:00
2026-03-28,57024343,1094,0,1092.3947477660,185.7071071203,185.7071071203,0.5000000,4,4,0.50665070000000000,0.506650700000,-0.02660515369234503,-0.02660515369234503,-0.02660515369234503,0E-17,ELIGIBLE,R03b_20260811_FULL_v1,L1_ELIGIBILITY,v2026-08-11,2026-03-21..2026-08-06,baccarat_bet02_101_all_pairs_incl_sentinel,round_win = game_pnl > 0 (decisive only),COMPATIBILITY_ONLY_NOT_PRODUCTION,4059548.3812,3680416.6879,6656.9809,9707,9692,-0.00163983,0.01249836,-0.00525961,-0.00163983,-6656.9809,4059548.3812,OK,0.0000,266.2792,4.0000,96.0000,AG03-UNRESOLVED,ALL5_LEVELS_bet23_to_bet27,266.2792,266.2792,266.2792,0.0000,0.0000,4.000000,4.000000,4.000000,0.000000,0.000000,96.000000,96.000000,96.000000,100.000000,100.000000,5.0,798.8377,767.3102,5858.1432,5889.6706,PENDING_AG03,FALSE,NOT_FOR_ENFORCEMENT,6390.7016,3533200.0204,6656.9809,6390.7016,266.2792,0.00163983,0.00157424,266.2792,6390.7016,0.00157424,266.2792,266.2792,266.2792,0.0000,0.0000,6390.7016,0.00157424,798.8377,767.3102,5858.1432,5889.6706,0.00144305,0.00145082,0.00006559,418.2083,379.7376,0.6869,61.6387,1.8384,37588.4109,89.7407,538.3845,395.5999,218.4789,430.6076,432.5446,432.5446,1046.441,1081.3617,427.0584,0.0,2.43015,2.511246,0.971205,30,216,96,2,0.20383968,0.00163983,-0.01249836,0E-8,0.000000,0.906607,0.000000,0.01775797,2026-03-22,2026-08-06,108,3621,2443,138,0.782609,1.360932,1.287360,0.679466,,,,,,,,GLOBAL_BASELINE_NO_ENTITY_RANKING,,,NOT_APPLICABLE_GLOBAL_BASELINE,HF9g-P5,,,,X 全窗基线 · 不参与实体赏罚,14197797,1420,A168_HF9F_20260827_0900,2026-08-27 09:00:00
2026-03-28,57024343,1150,0,1310.8736973192,-666.3607961372,-666.3607961372,0.2500000,5,5,0.50396966000000000,0.503969660000,-1.01591065835228,-1.0159106583522801,-1.01591065835228,0E-17,ELIGIBLE,R03b_20260811_FULL_v1,L1_ELIGIBILITY,v2026-08-11,2026-03-21..2026-08-06,baccarat_bet02_101_all_pairs_incl_sentinel,round_win = game_pnl > 0 (decisive only),COMPATIBILITY_ONLY_NOT_PRODUCTION,4059548.3812,3680416.6879,6656.9809,9707,9692,-0.00163983,0.01249836,-0.00525961,-0.00163983,-6656.9809,4059548.3812,OK,0.0000,266.2792,4.0000,96.0000,AG03-UNRESOLVED,ALL5_LEVELS_bet23_to_bet27,266.2792,266.2792,266.2792,0.0000,0.0000,4.000000,4.000000,4.000000,0.000000,0.000000,96.000000,96.000000,96.000000,100.000000,100.000000,5.0,798.8377,767.3102,5858.1432,5889.6706,PENDING_AG03,FALSE,NOT_FOR_ENFORCEMENT,6390.7016,3533200.0204,6656.9809,6390.7016,266.2792,0.00163983,0.00157424,266.2792,6390.7016,0.00157424,266.2792,266.2792,266.2792,0.0000,0.0000,6390.7016,0.00157424,798.8377,767.3102,5858.1432,5889.6706,0.00144305,0.00145082,0.00006559,418.2083,379.7376,0.6869,61.6387,1.8384,37588.4109,89.7407,538.3845,395.5999,218.4789,430.6076,432.5446,432.5446,1046.441,1081.3617,427.0584,0.0,2.43015,2.511246,0.971205,30,216,96,2,0.20383968,0.00163983,-0.01249836,0E-8,0.000000,0.906607,0.000000,0.01775797,2026-03-22,2026-08-06,108,3621,2443,138,0.782609,1.360932,1.287360,0.679466,,,,,,,,GLOBAL_BASELINE_NO_ENTITY_RANKING,,,NOT_APPLICABLE_GLOBAL_BASELINE,HF9g-P5,,,,X 全窗基线 · 不参与实体赏罚,14197798,1420,A168_HF9F_20260827_0900,2026-08-27 09:00:00
2026-03-28,57024343,1151,0,218.4789495532,218.4789495532,218.4789495532,1.0000000,1,1,0.49324550000000000,0.493245500000,1.01360149184955,1.01360149184955,1.01360149184955,0E-17,ELIGIBLE,R03b_20260811_FULL_v1,L1_ELIGIBILITY,v2026-08-11,2026-03-21..2026-08-06,baccarat_bet02_101_all_pairs_incl_sentinel,round_win = game_pnl > 0 (decisive only),COMPATIBILITY_ONLY_NOT_PRODUCTION,4059548.3812,3680416.6879,6656.9809,9707,9692,-0.00163983,0.01249836,-0.00525961,-0.00163983,-6656.9809,4059548.3812,OK,0.0000,266.2792,4.0000,96.0000,AG03-UNRESOLVED,ALL5_LEVELS_bet23_to_bet27,266.2792,266.2792,266.2792,0.0000,0.0000,4.000000,4.000000,4.000000,0.000000,0.000000,96.000000,96.000000,96.000000,100.000000,100.000000,5.0,798.8377,767.3102,5858.1432,5889.6706,PENDING_AG03,FALSE,NOT_FOR_ENFORCEMENT,6390.7016,3533200.0204,6656.9809,6390.7016,266.2792,0.00163983,0.00157424,266.2792,6390.7016,0.00157424,266.2792,266.2792,266.2792,0.0000,0.0000,6390.7016,0.00157424,798.8377,767.3102,5858.1432,5889.6706,0.00144305,0.00145082,0.00006559,418.2083,379.7376,0.6869,61.6387,1.8384,37588.4109,89.7407,538.3845,395.5999,218.4789,430.6076,432.5446,432.5446,1046.441,1081.3617,427.0584,0.0,2.43015,2.511246,0.971205,30,216,96,2,0.20383968,0.00163983,-0.01249836,0E-8,0.000000,0.906607,0.000000,0.01775797,2026-03-22,2026-08-06,108,3621,2443,138,0.782609,1.360932,1.287360,0.679466,,,,,,,,GLOBAL_BASELINE_NO_ENTITY_RANKING,,,NOT_APPLICABLE_GLOBAL_BASELINE,HF9g-P5,,,,X 全窗基线 · 不参与实体赏罚,14197799,1420,A168_HF9F_20260827_0900,2026-08-27 09:00:00
2026-03-28,57024343,1302,0,655.4368486596,-229.4028970308,-229.4028970308,0.3333333,3,3,0.50218230000000000,0.502182300000,-0.5849155494134425,-0.5849155494134426,-0.5849155494134425,0E-17,ELIGIBLE,R03b_20260811_FULL_v1,L1_ELIGIBILITY,v2026-08-11,2026-03-21..2026-08-06,baccarat_bet02_101_all_pairs_incl_sentinel,round_win = game_pnl > 0 (decisive only),COMPATIBILITY_ONLY_NOT_PRODUCTION,4059548.3812,3680416.6879,6656.9809,9707,9692,-0.00163983,0.01249836,-0.00525961,-0.00163983,-6656.9809,4059548.3812,OK,0.0000,266.2792,4.0000,96.0000,AG03-UNRESOLVED,ALL5_LEVELS_bet23_to_bet27,266.2792,266.2792,266.2792,0.0000,0.0000,4.000000,4.000000,4.000000,0.000000,0.000000,96.000000,96.000000,96.000000,100.000000,100.000000,5.0,798.8377,767.3102,5858.1432,5889.6706,PENDING_AG03,FALSE,NOT_FOR_ENFORCEMENT,6390.7016,3533200.0204,6656.9809,6390.7016,266.2792,0.00163983,0.00157424,266.2792,6390.7016,0.00157424,266.2792,266.2792,266.2792,0.0000,0.0000,6390.7016,0.00157424,798.8377,767.3102,5858.1432,5889.6706,0.00144305,0.00145082,0.00006559,418.2083,379.7376,0.6869,61.6387,1.8384,37588.4109,89.7407,538.3845,395.5999,218.4789,430.6076,432.5446,432.5446,1046.441,1081.3617,427.0584,0.0,2.43015,2.511246,0.971205,30,216,96,2,0.20383968,0.00163983,-0.01249836,0E-8,0.000000,0.906607,0.000000,0.01775797,2026-03-22,2026-08-06,108,3621,2443,138,0.782609,1.360932,1.287360,0.679466,,,,,,,,GLOBAL_BASELINE_NO_ENTITY_RANKING,,,NOT_APPLICABLE_GLOBAL_BASELINE,HF9g-P5,,,,X 全窗基线 · 不参与实体赏罚,14197800,1420,A168_HF9F_20260827_0900,2026-08-27 09:00:00
2026-03-28,57024343,1325,0,1747.8315964256,-21.8478949552,-21.8478949552,0.5000000,8,8,0.50329940000000000,0.503299400000,-0.016164044843397878,-0.016164044843397878,-0.016164044843397878,0E-17,ELIGIBLE,R03b_20260811_FULL_v1,L1_ELIGIBILITY,v2026-08-11,2026-03-21..2026-08-06,baccarat_bet02_101_all_pairs_incl_sentinel,round_win = game_pnl > 0 (decisive only),COMPATIBILITY_ONLY_NOT_PRODUCTION,4059548.3812,3680416.6879,6656.9809,9707,9692,-0.00163983,0.01249836,-0.00525961,-0.00163983,-6656.9809,4059548.3812,OK,0.0000,266.2792,4.0000,96.0000,AG03-UNRESOLVED,ALL5_LEVELS_bet23_to_bet27,266.2792,266.2792,266.2792,0.0000,0.0000,4.000000,4.000000,4.000000,0.000000,0.000000,96.000000,96.000000,96.000000,100.000000,100.000000,5.0,798.8377,767.3102,5858.1432,5889.6706,PENDING_AG03,FALSE,NOT_FOR_ENFORCEMENT,6390.7016,3533200.0204,6656.9809,6390.7016,266.2792,0.00163983,0.00157424,266.2792,6390.7016,0.00157424,266.2792,266.2792,266.2792,0.0000,0.0000,6390.7016,0.00157424,798.8377,767.3102,5858.1432,5889.6706,0.00144305,0.00145082,0.00006559,418.2083,379.7376,0.6869,61.6387,1.8384,37588.4109,89.7407,538.3845,395.5999,218.4789,430.6076,432.5446,432.5446,1046.441,1081.3617,427.0584,0.0,2.43015,2.511246,0.971205,30,216,96,2,0.20383968,0.00163983,-0.01249836,0E-8,0.000000,0.906607,0.000000,0.01775797,2026-03-22,2026-08-06,108,3621,2443,138,0.782609,1.360932,1.287360,0.679466,,,,,,,,GLOBAL_BASELINE_NO_ENTITY_RANKING,,,NOT_APPLICABLE_GLOBAL_BASELINE,HF9g-P5,,,,X 全窗基线 · 不参与实体赏罚,14197801,1420,A168_HF9F_20260827_0900,2026-08-27 09:00:00
2026-03-28,57024343,1331,0,436.9578991064,-10.9239474776,-10.9239474776,0.5000000,2,2,0.50665070000000000,0.506650700000,-0.018812684590367487,-0.018812684590367487,-0.018812684590367487,0E-17,ELIGIBLE,R03b_20260811_FULL_v1,L1_ELIGIBILITY,v2026-08-11,2026-03-21..2026-08-06,baccarat_bet02_101_all_pairs_incl_sentinel,round_win = game_pnl > 0 (decisive only),COMPATIBILITY_ONLY_NOT_PRODUCTION,4059548.3812,3680416.6879,6656.9809,9707,9692,-0.00163983,0.01249836,-0.00525961,-0.00163983,-6656.9809,4059548.3812,OK,0.0000,266.2792,4.0000,96.0000,AG03-UNRESOLVED,ALL5_LEVELS_bet23_to_bet27,266.2792,266.2792,266.2792,0.0000,0.0000,4.000000,4.000000,4.000000,0.000000,0.000000,96.000000,96.000000,96.000000,100.000000,100.000000,5.0,798.8377,767.3102,5858.1432,5889.6706,PENDING_AG03,FALSE,NOT_FOR_ENFORCEMENT,6390.7016,3533200.0204,6656.9809,6390.7016,266.2792,0.00163983,0.00157424,266.2792,6390.7016,0.00157424,266.2792,266.2792,266.2792,0.0000,0.0000,6390.7016,0.00157424,798.8377,767.3102,5858.1432,5889.6706,0.00144305,0.00145082,0.00006559,418.2083,379.7376,0.6869,61.6387,1.8384,37588.4109,89.7407,538.3845,395.5999,218.4789,430.6076,432.5446,432.5446,1046.441,1081.3617,427.0584,0.0,2.43015,2.511246,0.971205,30,216,96,2,0.20383968,0.00163983,-0.01249836,0E-8,0.000000,0.906607,0.000000,0.01775797,2026-03-22,2026-08-06,108,3621,2443,138,0.782609,1.360932,1.287360,0.679466,,,,,,,,GLOBAL_BASELINE_NO_ENTITY_RANKING,,,NOT_APPLICABLE_GLOBAL_BASELINE,HF9g-P5,,,,X 全窗基线 · 不参与实体赏罚,14197802,1420,A168_HF9F_20260827_0900,2026-08-27 09:00:00
2026-03-28,57024343,1382,0,1310.8736973192,393.2621091960,393.2621091960,0.6666667,6,6,0.50665070000000000,0.506650700000,0.7839842952205449,0.7839842952205449,0.7839842952205449,0E-17,ELIGIBLE,R03b_20260811_FULL_v1,L1_ELIGIBILITY,v2026-08-11,2026-03-21..2026-08-06,baccarat_bet02_101_all_pairs_incl_sentinel,round_win = game_pnl > 0 (decisive only),COMPATIBILITY_ONLY_NOT_PRODUCTION,4059548.3812,3680416.6879,6656.9809,9707,9692,-0.00163983,0.01249836,-0.00525961,-0.00163983,-6656.9809,4059548.3812,OK,0.0000,266.2792,4.0000,96.0000,AG03-UNRESOLVED,ALL5_LEVELS_bet23_to_bet27,266.2792,266.2792,266.2792,0.0000,0.0000,4.000000,4.000000,4.000000,0.000000,0.000000,96.000000,96.000000,96.000000,100.000000,100.000000,5.0,798.8377,767.3102,5858.1432,5889.6706,PENDING_AG03,FALSE,NOT_FOR_ENFORCEMENT,6390.7016,3533200.0204,6656.9809,6390.7016,266.2792,0.00163983,0.00157424,266.2792,6390.7016,0.00157424,266.2792,266.2792,266.2792,0.0000,0.0000,6390.7016,0.00157424,798.8377,767.3102,5858.1432,5889.6706,0.00144305,0.00145082,0.00006559,418.2083,379.7376,0.6869,61.6387,1.8384,37588.4109,89.7407,538.3845,395.5999,218.4789,430.6076,432.5446,432.5446,1046.441,1081.3617,427.0584,0.0,2.43015,2.511246,0.971205,30,216,96,2,0.20383968,0.00163983,-0.01249836,0E-8,0.000000,0.906607,0.000000,0.01775797,2026-03-22,2026-08-06,108,3621,2443,138,0.782609,1.360932,1.287360,0.679466,,,,,,,,GLOBAL_BASELINE_NO_ENTITY_RANKING,,,NOT_APPLICABLE_GLOBAL_BASELINE,HF9g-P5,,,,X 全窗基线 · 不参与实体赏罚,14197803,1420,A168_HF9F_20260827_0900,2026-08-27 09:00:00
2026-03-28,57024343,1384,0,2621.7473946384,1649.5160691270,1649.5160691270,0.8750000,9,9,0.50665070000000000,0.506650700000,2.0838826589630113,2.0838826589630113,2.0838826589630113,0E-17,ELIGIBLE,R03b_20260811_FULL_v1,L1_ELIGIBILITY,v2026-08-11,2026-03-21..2026-08-06,baccarat_bet02_101_all_pairs_incl_sentinel,round_win = game_pnl > 0 (decisive only),COMPATIBILITY_ONLY_NOT_PRODUCTION,4059548.3812,3680416.6879,6656.9809,9707,9692,-0.00163983,0.01249836,-0.00525961,-0.00163983,-6656.9809,4059548.3812,OK,0.0000,266.2792,4.0000,96.0000,AG03-UNRESOLVED,ALL5_LEVELS_bet23_to_bet27,266.2792,266.2792,266.2792,0.0000,0.0000,4.000000,4.000000,4.000000,0.000000,0.000000,96.000000,96.000000,96.000000,100.000000,100.000000,5.0,798.8377,767.3102,5858.1432,5889.6706,PENDING_AG03,FALSE,NOT_FOR_ENFORCEMENT,6390.7016,3533200.0204,6656.9809,6390.7016,266.2792,0.00163983,0.00157424,266.2792,6390.7016,0.00157424,266.2792,266.2792,266.2792,0.0000,0.0000,6390.7016,0.00157424,798.8377,767.3102,5858.1432,5889.6706,0.00144305,0.00145082,0.00006559,418.2083,379.7376,0.6869,61.6387,1.8384,37588.4109,89.7407,538.3845,395.5999,218.4789,430.6076,432.5446,432.5446,1046.441,1081.3617,427.0584,0.0,2.43015,2.511246,0.971205,30,216,96,2,0.20383968,0.00163983,-0.01249836,0E-8,0.000000,0.906607,0.000000,0.01775797,2026-03-22,2026-08-06,108,3621,2443,138,0.782609,1.360932,1.287360,0.679466,,,,,,,,GLOBAL_BASELINE_NO_ENTITY_RANKING,,,NOT_APPLICABLE_GLOBAL_BASELINE,HF9g-P5,,,,X 全窗基线 · 不参与实体赏罚,14197804,1420,A168_HF9F_20260827_0900,2026-08-27 09:00:00
2026-03-28,57024343,1623,0,218.4789495532,-218.4789495532,-218.4789495532,0E-7,1,1,0.50665070000000000,0.506650700000,-1.013391052207602,-1.013391052207602,-1.013391052207602,0E-17,ELIGIBLE,R03b_20260811_FULL_v1,L1_ELIGIBILITY,v2026-08-11,2026-03-21..2026-08-06,baccarat_bet02_101_all_pairs_incl_sentinel,round_win = game_pnl > 0 (decisive only),COMPATIBILITY_ONLY_NOT_PRODUCTION,4059548.3812,3680416.6879,6656.9809,9707,9692,-0.00163983,0.01249836,-0.00525961,-0.00163983,-6656.9809,4059548.3812,OK,0.0000,266.2792,4.0000,96.0000,AG03-UNRESOLVED,ALL5_LEVELS_bet23_to_bet27,266.2792,266.2792,266.2792,0.0000,0.0000,4.000000,4.000000,4.000000,0.000000,0.000000,96.000000,96.000000,96.000000,100.000000,100.000000,5.0,798.8377,767.3102,5858.1432,5889.6706,PENDING_AG03,FALSE,NOT_FOR_ENFORCEMENT,6390.7016,3533200.0204,6656.9809,6390.7016,266.2792,0.00163983,0.00157424,266.2792,6390.7016,0.00157424,266.2792,266.2792,266.2792,0.0000,0.0000,6390.7016,0.00157424,798.8377,767.3102,5858.1432,5889.6706,0.00144305,0.00145082,0.00006559,418.2083,379.7376,0.6869,61.6387,1.8384,37588.4109,89.7407,538.3845,395.5999,218.4789,430.6076,432.5446,432.5446,1046.441,1081.3617,427.0584,0.0,2.43015,2.511246,0.971205,30,216,96,2,0.20383968,0.00163983,-0.01249836,0E-8,0.000000,0.906607,0.000000,0.01775797,2026-03-22,2026-08-06,108,3621,2443,138,0.782609,1.360932,1.287360,0.679466,,,,,,,,GLOBAL_BASELINE_NO_ENTITY_RANKING,,,NOT_APPLICABLE_GLOBAL_BASELINE,HF9g-P5,,,,X 全窗基线 · 不参与实体赏罚,14197805,1420,A168_HF9F_20260827_0900,2026-08-27 09:00:00
2026-03-28,57024343,1645,0,436.9578991064,-10.9239474776,-10.9239474776,0.5000000,2,2,0.50665070000000000,0.506650700000,-0.018812684590367487,-0.018812684590367487,-0.018812684590367487,0E-17,ELIGIBLE,R03b_20260811_FULL_v1,L1_ELIGIBILITY,v2026-08-11,2026-03-21..2026-08-06,baccarat_bet02_101_all_pairs_incl_sentinel,round_win = game_pnl > 0 (decisive only),COMPATIBILITY_ONLY_NOT_PRODUCTION,4059548.3812,3680416.6879,6656.9809,9707,9692,-0.00163983,0.01249836,-0.00525961,-0.00163983,-6656.9809,4059548.3812,OK,0.0000,266.2792,4.0000,96.0000,AG03-UNRESOLVED,ALL5_LEVELS_bet23_to_bet27,266.2792,266.2792,266.2792,0.0000,0.0000,4.000000,4.000000,4.000000,0.000000,0.000000,96.000000,96.000000,96.000000,100.000000,100.000000,5.0,798.8377,767.3102,5858.1432,5889.6706,PENDING_AG03,FALSE,NOT_FOR_ENFORCEMENT,6390.7016,3533200.0204,6656.9809,6390.7016,266.2792,0.00163983,0.00157424,266.2792,6390.7016,0.00157424,266.2792,266.2792,266.2792,0.0000,0.0000,6390.7016,0.00157424,798.8377,767.3102,5858.1432,5889.6706,0.00144305,0.00145082,0.00006559,418.2083,379.7376,0.6869,61.6387,1.8384,37588.4109,89.7407,538.3845,395.5999,218.4789,430.6076,432.5446,432.5446,1046.441,1081.3617,427.0584,0.0,2.43015,2.511246,0.971205,30,216,96,2,0.20383968,0.00163983,-0.01249836,0E-8,0.000000,0.906607,0.000000,0.01775797,2026-03-22,2026-08-06,108,3621,2443,138,0.782609,1.360932,1.287360,0.679466,,,,,,,,GLOBAL_BASELINE_NO_ENTITY_RANKING,,,NOT_APPLICABLE_GLOBAL_BASELINE,HF9g-P5,,,,X 全窗基线 · 不参与实体赏罚,14197806,1420,A168_HF9F_20260827_0900,2026-08-27 09:00:00
2026-03-28,57024343,1654,0,873.9157982128,-229.4028970308,-229.4028970308,0.3333333,4,4,0.50665070000000000,0.506650700000,-0.6004420894325239,-0.6004420894325239,-0.6004420894325239,0E-17,ELIGIBLE,R03b_20260811_FULL_v1,L1_ELIGIBILITY,v2026-08-11,2026-03-21..2026-08-06,baccarat_bet02_101_all_pairs_incl_sentinel,round_win = game_pnl > 0 (decisive only),COMPATIBILITY_ONLY_NOT_PRODUCTION,4059548.3812,3680416.6879,6656.9809,9707,9692,-0.00163983,0.01249836,-0.00525961,-0.00163983,-6656.9809,4059548.3812,OK,0.0000,266.2792,4.0000,96.0000,AG03-UNRESOLVED,ALL5_LEVELS_bet23_to_bet27,266.2792,266.2792,266.2792,0.0000,0.0000,4.000000,4.000000,4.000000,0.000000,0.000000,96.000000,96.000000,96.000000,100.000000,100.000000,5.0,798.8377,767.3102,5858.1432,5889.6706,PENDING_AG03,FALSE,NOT_FOR_ENFORCEMENT,6390.7016,3533200.0204,6656.9809,6390.7016,266.2792,0.00163983,0.00157424,266.2792,6390.7016,0.00157424,266.2792,266.2792,266.2792,0.0000,0.0000,6390.7016,0.00157424,798.8377,767.3102,5858.1432,5889.6706,0.00144305,0.00145082,0.00006559,418.2083,379.7376,0.6869,61.6387,1.8384,37588.4109,89.7407,538.3845,395.5999,218.4789,430.6076,432.5446,432.5446,1046.441,1081.3617,427.0584,0.0,2.43015,2.511246,0.971205,30,216,96,2,0.20383968,0.00163983,-0.01249836,0E-8,0.000000,0.906607,0.000000,0.01775797,2026-03-22,2026-08-06,108,3621,2443,138,0.782609,1.360932,1.287360,0.679466,,,,,,,,GLOBAL_BASELINE_NO_ENTITY_RANKING,,,NOT_APPLICABLE_GLOBAL_BASELINE,HF9g-P5,,,,X 全窗基线 · 不参与实体赏罚,14197807,1420,A168_HF9F_20260827_0900,2026-08-27 09:00:00
2026-03-28,57024343,1941,0,873.9157982128,404.1860566735,404.1860566735,0.6666667,3,3,0.50665070000000000,0.506650700000,0.5543606114942035,0.5543606114942035,0.5543606114942035,0E-17,ELIGIBLE,R03b_20260811_FULL_v1,L1_ELIGIBILITY,v2026-08-11,2026-03-21..2026-08-06,baccarat_bet02_101_all_pairs_incl_sentinel,round_win = game_pnl > 0 (decisive only),COMPATIBILITY_ONLY_NOT_PRODUCTION,4059548.3812,3680416.6879,6656.9809,9707,9692,-0.00163983,0.01249836,-0.00525961,-0.00163983,-6656.9809,4059548.3812,OK,0.0000,266.2792,4.0000,96.0000,AG03-UNRESOLVED,ALL5_LEVELS_bet23_to_bet27,266.2792,266.2792,266.2792,0.0000,0.0000,4.000000,4.000000,4.000000,0.000000,0.000000,96.000000,96.000000,96.000000,100.000000,100.000000,5.0,798.8377,767.3102,5858.1432,5889.6706,PENDING_AG03,FALSE,NOT_FOR_ENFORCEMENT,6390.7016,3533200.0204,6656.9809,6390.7016,266.2792,0.00163983,0.00157424,266.2792,6390.7016,0.00157424,266.2792,266.2792,266.2792,0.0000,0.0000,6390.7016,0.00157424,798.8377,767.3102,5858.1432,5889.6706,0.00144305,0.00145082,0.00006559,418.2083,379.7376,0.6869,61.6387,1.8384,37588.4109,89.7407,538.3845,395.5999,218.4789,430.6076,432.5446,432.5446,1046.441,1081.3617,427.0584,0.0,2.43015,2.511246,0.971205,30,216,96,2,0.20383968,0.00163983,-0.01249836,0E-8,0.000000,0.906607,0.000000,0.01775797,2026-03-22,2026-08-06,108,3621,2443,138,0.782609,1.360932,1.287360,0.679466,,,,,,,,GLOBAL_BASELINE_NO_ENTITY_RANKING,,,NOT_APPLICABLE_GLOBAL_BASELINE,HF9g-P5,,,,X 全窗基线 · 不参与实体赏罚,14197808,1420,A168_HF9F_20260827_0900,2026-08-27 09:00:00
2026-03-28,57024343,1963,0,1310.8736973192,-884.8397456904,-884.8397456904,0.1666667,6,6,0.50441650000000000,0.504416500000,-1.6546940571906357,-1.6546940571906357,-1.6546940571906357,0E-17,ELIGIBLE,R03b_20260811_FULL_v1,L1_ELIGIBILITY,v2026-08-11,2026-03-21..2026-08-06,baccarat_bet02_101_all_pairs_incl_sentinel,round_win = game_pnl > 0 (decisive only),COMPATIBILITY_ONLY_NOT_PRODUCTION,4059548.3812,3680416.6879,6656.9809,9707,9692,-0.00163983,0.01249836,-0.00525961,-0.00163983,-6656.9809,4059548.3812,OK,0.0000,266.2792,4.0000,96.0000,AG03-UNRESOLVED,ALL5_LEVELS_bet23_to_bet27,266.2792,266.2792,266.2792,0.0000,0.0000,4.000000,4.000000,4.000000,0.000000,0.000000,96.000000,96.000000,96.000000,100.000000,100.000000,5.0,798.8377,767.3102,5858.1432,5889.6706,PENDING_AG03,FALSE,NOT_FOR_ENFORCEMENT,6390.7016,3533200.0204,6656.9809,6390.7016,266.2792,0.00163983,0.00157424,266.2792,6390.7016,0.00157424,266.2792,266.2792,266.2792,0.0000,0.0000,6390.7016,0.00157424,798.8377,767.3102,5858.1432,5889.6706,0.00144305,0.00145082,0.00006559,418.2083,379.7376,0.6869,61.6387,1.8384,37588.4109,89.7407,538.3845,395.5999,218.4789,430.6076,432.5446,432.5446,1046.441,1081.3617,427.0584,0.0,2.43015,2.511246,0.971205,30,216,96,2,0.20383968,0.00163983,-0.01249836,0E-8,0.000000,0.906607,0.000000,0.01775797,2026-03-22,2026-08-06,108,3621,2443,138,0.782609,1.360932,1.287360,0.679466,,,,,,,,GLOBAL_BASELINE_NO_ENTITY_RANKING,,,NOT_APPLICABLE_GLOBAL_BASELINE,HF9g-P5,,,,X 全窗基线 · 不参与实体赏罚,14197809,1420,A168_HF9F_20260827_0900,2026-08-27 09:00:00
2026-03-28,57024343,1984,0,655.4368486596,-436.9578991064,-436.9578991064,0E-7,3,3,0.50665070000000000,0.506650700000,-1.4331513700195317,-1.4331513700195317,-1.4331513700195317,0E-17,ELIGIBLE,R03b_20260811_FULL_v1,L1_ELIGIBILITY,v2026-08-11,2026-03-21..2026-08-06,baccarat_bet02_101_all_pairs_incl_sentinel,round_win = game_pnl > 0 (decisive only),COMPATIBILITY_ONLY_NOT_PRODUCTION,4059548.3812,3680416.6879,6656.9809,9707,9692,-0.00163983,0.01249836,-0.00525961,-0.00163983,-6656.9809,4059548.3812,OK,0.0000,266.2792,4.0000,96.0000,AG03-UNRESOLVED,ALL5_LEVELS_bet23_to_bet27,266.2792,266.2792,266.2792,0.0000,0.0000,4.000000,4.000000,4.000000,0.000000,0.000000,96.000000,96.000000,96.000000,100.000000,100.000000,5.0,798.8377,767.3102,5858.1432,5889.6706,PENDING_AG03,FALSE,NOT_FOR_ENFORCEMENT,6390.7016,3533200.0204,6656.9809,6390.7016,266.2792,0.00163983,0.00157424,266.2792,6390.7016,0.00157424,266.2792,266.2792,266.2792,0.0000,0.0000,6390.7016,0.00157424,798.8377,767.3102,5858.1432,5889.6706,0.00144305,0.00145082,0.00006559,418.2083,379.7376,0.6869,61.6387,1.8384,37588.4109,89.7407,538.3845,395.5999,218.4789,430.6076,432.5446,432.5446,1046.441,1081.3617,427.0584,0.0,2.43015,2.511246,0.971205,30,216,96,2,0.20383968,0.00163983,-0.01249836,0E-8,0.000000,0.906607,0.000000,0.01775797,2026-03-22,2026-08-06,108,3621,2443,138,0.782609,1.360932,1.287360,0.679466,,,,,,,,GLOBAL_BASELINE_NO_ENTITY_RANKING,,,NOT_APPLICABLE_GLOBAL_BASELINE,HF9g-P5,,,,X 全窗基线 · 不参与实体赏罚,14197810,1420,A168_HF9F_20260827_0900,2026-08-27 09:00:00
2026-03-28,57024343,2105,0,873.9157982128,-447.8818465840,-447.8818465840,0.2500000,4,4,0.50329940000000000,0.503299400000,-1.013219660140378,-1.013219660140378,-1.013219660140378,0E-17,ELIGIBLE,R03b_20260811_FULL_v1,L1_ELIGIBILITY,v2026-08-11,2026-03-21..2026-08-06,baccarat_bet02_101_all_pairs_incl_sentinel,round_win = game_pnl > 0 (decisive only),COMPATIBILITY_ONLY_NOT_PRODUCTION,4059548.3812,3680416.6879,6656.9809,9707,9692,-0.00163983,0.01249836,-0.00525961,-0.00163983,-6656.9809,4059548.3812,OK,0.0000,266.2792,4.0000,96.0000,AG03-UNRESOLVED,ALL5_LEVELS_bet23_to_bet27,266.2792,266.2792,266.2792,0.0000,0.0000,4.000000,4.000000,4.000000,0.000000,0.000000,96.000000,96.000000,96.000000,100.000000,100.000000,5.0,798.8377,767.3102,5858.1432,5889.6706,PENDING_AG03,FALSE,NOT_FOR_ENFORCEMENT,6390.7016,3533200.0204,6656.9809,6390.7016,266.2792,0.00163983,0.00157424,266.2792,6390.7016,0.00157424,266.2792,266.2792,266.2792,0.0000,0.0000,6390.7016,0.00157424,798.8377,767.3102,5858.1432,5889.6706,0.00144305,0.00145082,0.00006559,418.2083,379.7376,0.6869,61.6387,1.8384,37588.4109,89.7407,538.3845,395.5999,218.4789,430.6076,432.5446,432.5446,1046.441,1081.3617,427.0584,0.0,2.43015,2.511246,0.971205,30,216,96,2,0.20383968,0.00163983,-0.01249836,0E-8,0.000000,0.906607,0.000000,0.01775797,2026-03-22,2026-08-06,108,3621,2443,138,0.782609,1.360932,1.287360,0.679466,,,,,,,,GLOBAL_BASELINE_NO_ENTITY_RANKING,,,NOT_APPLICABLE_GLOBAL_BASELINE,HF9g-P5,,,,X 全窗基线 · 不参与实体赏罚,14197811,1420,A168_HF9F_20260827_0900,2026-08-27 09:00:00
2026-03-28,57024343,2106,0,218.4789495532,-218.4789495532,-218.4789495532,0E-7,1,1,0.50665070000000000,0.506650700000,-1.013391052207602,-1.013391052207602,-1.013391052207602,0E-17,ELIGIBLE,R03b_20260811_FULL_v1,L1_ELIGIBILITY,v2026-08-11,2026-03-21..2026-08-06,baccarat_bet02_101_all_pairs_incl_sentinel,round_win = game_pnl > 0 (decisive only),COMPATIBILITY_ONLY_NOT_PRODUCTION,4059548.3812,3680416.6879,6656.9809,9707,9692,-0.00163983,0.01249836,-0.00525961,-0.00163983,-6656.9809,4059548.3812,OK,0.0000,266.2792,4.0000,96.0000,AG03-UNRESOLVED,ALL5_LEVELS_bet23_to_bet27,266.2792,266.2792,266.2792,0.0000,0.0000,4.000000,4.000000,4.000000,0.000000,0.000000,96.000000,96.000000,96.000000,100.000000,100.000000,5.0,798.8377,767.3102,5858.1432,5889.6706,PENDING_AG03,FALSE,NOT_FOR_ENFORCEMENT,6390.7016,3533200.0204,6656.9809,6390.7016,266.2792,0.00163983,0.00157424,266.2792,6390.7016,0.00157424,266.2792,266.2792,266.2792,0.0000,0.0000,6390.7016,0.00157424,798.8377,767.3102,5858.1432,5889.6706,0.00144305,0.00145082,0.00006559,418.2083,379.7376,0.6869,61.6387,1.8384,37588.4109,89.7407,538.3845,395.5999,218.4789,430.6076,432.5446,432.5446,1046.441,1081.3617,427.0584,0.0,2.43015,2.511246,0.971205,30,216,96,2,0.20383968,0.00163983,-0.01249836,0E-8,0.000000,0.906607,0.000000,0.01775797,2026-03-22,2026-08-06,108,3621,2443,138,0.782609,1.360932,1.287360,0.679466,,,,,,,,GLOBAL_BASELINE_NO_ENTITY_RANKING,,,NOT_APPLICABLE_GLOBAL_BASELINE,HF9g-P5,,,,X 全窗基线 · 不参与实体赏罚,14197812,1420,A168_HF9F_20260827_0900,2026-08-27 09:00:00
2026-03-28,57024343,2108,0,1092.3947477660,-229.4028970308,-229.4028970308,0.4000000,5,5,0.49860758000000000,0.498607580000,-0.440988213962219,-0.440988213962219,-0.440988213962219,0E-17,ELIGIBLE,R03b_20260811_FULL_v1,L1_ELIGIBILITY,v2026-08-11,2026-03-21..2026-08-06,baccarat_bet02_101_all_pairs_incl_sentinel,round_win = game_pnl > 0 (decisive only),COMPATIBILITY_ONLY_NOT_PRODUCTION,4059548.3812,3680416.6879,6656.9809,9707,9692,-0.00163983,0.01249836,-0.00525961,-0.00163983,-6656.9809,4059548.3812,OK,0.0000,266.2792,4.0000,96.0000,AG03-UNRESOLVED,ALL5_LEVELS_bet23_to_bet27,266.2792,266.2792,266.2792,0.0000,0.0000,4.000000,4.000000,4.000000,0.000000,0.000000,96.000000,96.000000,96.000000,100.000000,100.000000,5.0,798.8377,767.3102,5858.1432,5889.6706,PENDING_AG03,FALSE,NOT_FOR_ENFORCEMENT,6390.7016,3533200.0204,6656.9809,6390.7016,266.2792,0.00163983,0.00157424,266.2792,6390.7016,0.00157424,266.2792,266.2792,266.2792,0.0000,0.0000,6390.7016,0.00157424,798.8377,767.3102,5858.1432,5889.6706,0.00144305,0.00145082,0.00006559,418.2083,379.7376,0.6869,61.6387,1.8384,37588.4109,89.7407,538.3845,395.5999,218.4789,430.6076,432.5446,432.5446,1046.441,1081.3617,427.0584,0.0,2.43015,2.511246,0.971205,30,216,96,2,0.20383968,0.00163983,-0.01249836,0E-8,0.000000,0.906607,0.000000,0.01775797,2026-03-22,2026-08-06,108,3621,2443,138,0.782609,1.360932,1.287360,0.679466,,,,,,,,GLOBAL_BASELINE_NO_ENTITY_RANKING,,,NOT_APPLICABLE_GLOBAL_BASELINE,HF9g-P5,,,,X 全窗基线 · 不参与实体赏罚,14197813,1420,A168_HF9F_20260827_0900,2026-08-27 09:00:00
2026-03-28,57024343,2121,0,436.9578991064,415.1100041512,415.1100041512,1.0000000,2,2,0.50665070000000000,0.506650700000,1.3955260008387969,1.3955260008387969,1.3955260008387969,0E-17,ELIGIBLE,R03b_20260811_FULL_v1,L1_ELIGIBILITY,v2026-08-11,2026-03-21..2026-08-06,baccarat_bet02_101_all_pairs_incl_sentinel,round_win = game_pnl > 0 (decisive only),COMPATIBILITY_ONLY_NOT_PRODUCTION,4059548.3812,3680416.6879,6656.9809,9707,9692,-0.00163983,0.01249836,-0.00525961,-0.00163983,-6656.9809,4059548.3812,OK,0.0000,266.2792,4.0000,96.0000,AG03-UNRESOLVED,ALL5_LEVELS_bet23_to_bet27,266.2792,266.2792,266.2792,0.0000,0.0000,4.000000,4.000000,4.000000,0.000000,0.000000,96.000000,96.000000,96.000000,100.000000,100.000000,5.0,798.8377,767.3102,5858.1432,5889.6706,PENDING_AG03,FALSE,NOT_FOR_ENFORCEMENT,6390.7016,3533200.0204,6656.9809,6390.7016,266.2792,0.00163983,0.00157424,266.2792,6390.7016,0.00157424,266.2792,266.2792,266.2792,0.0000,0.0000,6390.7016,0.00157424,798.8377,767.3102,5858.1432,5889.6706,0.00144305,0.00145082,0.00006559,418.2083,379.7376,0.6869,61.6387,1.8384,37588.4109,89.7407,538.3845,395.5999,218.4789,430.6076,432.5446,432.5446,1046.441,1081.3617,427.0584,0.0,2.43015,2.511246,0.971205,30,216,96,2,0.20383968,0.00163983,-0.01249836,0E-8,0.000000,0.906607,0.000000,0.01775797,2026-03-22,2026-08-06,108,3621,2443,138,0.782609,1.360932,1.287360,0.679466,,,,,,,,GLOBAL_BASELINE_NO_ENTITY_RANKING,,,NOT_APPLICABLE_GLOBAL_BASELINE,HF9g-P5,,,,X 全窗基线 · 不参与实体赏罚,14197814,1420,A168_HF9F_20260827_0900,2026-08-27 09:00:00
2026-03-28,57024343,2127,0,1529.3526468724,-677.2847436148,-677.2847436148,0.4000000,5,5,0.50665070000000000,0.506650700000,-0.4769986289884125,-0.4769986289884125,-0.4769986289884125,0E-17,ELIGIBLE,R03b_20260811_FULL_v1,L1_ELIGIBILITY,v2026-08-11,2026-03-21..2026-08-06,baccarat_bet02_101_all_pairs_incl_sentinel,round_win = game_pnl > 0 (decisive only),COMPATIBILITY_ONLY_NOT_PRODUCTION,4059548.3812,3680416.6879,6656.9809,9707,9692,-0.00163983,0.01249836,-0.00525961,-0.00163983,-6656.9809,4059548.3812,OK,0.0000,266.2792,4.0000,96.0000,AG03-UNRESOLVED,ALL5_LEVELS_bet23_to_bet27,266.2792,266.2792,266.2792,0.0000,0.0000,4.000000,4.000000,4.000000,0.000000,0.000000,96.000000,96.000000,96.000000,100.000000,100.000000,5.0,798.8377,767.3102,5858.1432,5889.6706,PENDING_AG03,FALSE,NOT_FOR_ENFORCEMENT,6390.7016,3533200.0204,6656.9809,6390.7016,266.2792,0.00163983,0.00157424,266.2792,6390.7016,0.00157424,266.2792,266.2792,266.2792,0.0000,0.0000,6390.7016,0.00157424,798.8377,767.3102,5858.1432,5889.6706,0.00144305,0.00145082,0.00006559,418.2083,379.7376,0.6869,61.6387,1.8384,37588.4109,89.7407,538.3845,395.5999,218.4789,430.6076,432.5446,432.5446,1046.441,1081.3617,427.0584,0.0,2.43015,2.511246,0.971205,30,216,96,2,0.20383968,0.00163983,-0.01249836,0E-8,0.000000,0.906607,0.000000,0.01775797,2026-03-22,2026-08-06,108,3621,2443,138,0.782609,1.360932,1.287360,0.679466,,,,,,,,GLOBAL_BASELINE_NO_ENTITY_RANKING,,,NOT_APPLICABLE_GLOBAL_BASELINE,HF9g-P5,,,,X 全窗基线 · 不参与实体赏罚,14197815,1420,A168_HF9F_20260827_0900,2026-08-27 09:00:00
2026-03-28,57024343,2141,0,1529.3526468724,185.7071071204,185.7071071204,0.5714286,7,7,0.50473567142857143,0.504735671429,0.35292148522900274,0.3529214852267378,0.35292148522900274,-4.2857E-13,ELIGIBLE,R03b_20260811_FULL_v1,L1_ELIGIBILITY,v2026-08-11,2026-03-21..2026-08-06,baccarat_bet02_101_all_pairs_incl_sentinel,round_win = game_pnl > 0 (decisive only),COMPATIBILITY_ONLY_NOT_PRODUCTION,4059548.3812,3680416.6879,6656.9809,9707,9692,-0.00163983,0.01249836,-0.00525961,-0.00163983,-6656.9809,4059548.3812,OK,0.0000,266.2792,4.0000,96.0000,AG03-UNRESOLVED,ALL5_LEVELS_bet23_to_bet27,266.2792,266.2792,266.2792,0.0000,0.0000,4.000000,4.000000,4.000000,0.000000,0.000000,96.000000,96.000000,96.000000,100.000000,100.000000,5.0,798.8377,767.3102,5858.1432,5889.6706,PENDING_AG03,FALSE,NOT_FOR_ENFORCEMENT,6390.7016,3533200.0204,6656.9809,6390.7016,266.2792,0.00163983,0.00157424,266.2792,6390.7016,0.00157424,266.2792,266.2792,266.2792,0.0000,0.0000,6390.7016,0.00157424,798.8377,767.3102,5858.1432,5889.6706,0.00144305,0.00145082,0.00006559,418.2083,379.7376,0.6869,61.6387,1.8384,37588.4109,89.7407,538.3845,395.5999,218.4789,430.6076,432.5446,432.5446,1046.441,1081.3617,427.0584,0.0,2.43015,2.511246,0.971205,30,216,96,2,0.20383968,0.00163983,-0.01249836,0E-8,0.000000,0.906607,0.000000,0.01775797,2026-03-22,2026-08-06,108,3621,2443,138,0.782609,1.360932,1.287360,0.679466,,,,,,,,GLOBAL_BASELINE_NO_ENTITY_RANKING,,,NOT_APPLICABLE_GLOBAL_BASELINE,HF9g-P5,,,,X 全窗基线 · 不参与实体赏罚,14197816,1420,A168_HF9F_20260827_0900,2026-08-27 09:00:00
2026-03-28,57024343,2156,0,655.4368486596,207.5550020756,207.5550020756,0.6666667,3,3,0.49771390000000000,0.497713900000,0.5852756695216578,0.5852756695216578,0.5852756695216578,0E-17,ELIGIBLE,R03b_20260811_FULL_v1,L1_ELIGIBILITY,v2026-08-11,2026-03-21..2026-08-06,baccarat_bet02_101_all_pairs_incl_sentinel,round_win = game_pnl > 0 (decisive only),COMPATIBILITY_ONLY_NOT_PRODUCTION,4059548.3812,3680416.6879,6656.9809,9707,9692,-0.00163983,0.01249836,-0.00525961,-0.00163983,-6656.9809,4059548.3812,OK,0.0000,266.2792,4.0000,96.0000,AG03-UNRESOLVED,ALL5_LEVELS_bet23_to_bet27,266.2792,266.2792,266.2792,0.0000,0.0000,4.000000,4.000000,4.000000,0.000000,0.000000,96.000000,96.000000,96.000000,100.000000,100.000000,5.0,798.8377,767.3102,5858.1432,5889.6706,PENDING_AG03,FALSE,NOT_FOR_ENFORCEMENT,6390.7016,3533200.0204,6656.9809,6390.7016,266.2792,0.00163983,0.00157424,266.2792,6390.7016,0.00157424,266.2792,266.2792,266.2792,0.0000,0.0000,6390.7016,0.00157424,798.8377,767.3102,5858.1432,5889.6706,0.00144305,0.00145082,0.00006559,418.2083,379.7376,0.6869,61.6387,1.8384,37588.4109,89.7407,538.3845,395.5999,218.4789,430.6076,432.5446,432.5446,1046.441,1081.3617,427.0584,0.0,2.43015,2.511246,0.971205,30,216,96,2,0.20383968,0.00163983,-0.01249836,0E-8,0.000000,0.906607,0.000000,0.01775797,2026-03-22,2026-08-06,108,3621,2443,138,0.782609,1.360932,1.287360,0.679466,,,,,,,,GLOBAL_BASELINE_NO_ENTITY_RANKING,,,NOT_APPLICABLE_GLOBAL_BASELINE,HF9g-P5,,,,X 全窗基线 · 不参与实体赏罚,14197817,1420,A168_HF9F_20260827_0900,2026-08-27 09:00:00
2026-03-28,57024343,2205,0,873.9157982128,-21.8478949552,-21.8478949552,0.5000000,4,4,0.50329940000000000,0.503299400000,-0.01319788734859681,-0.01319788734859681,-0.01319788734859681,0E-17,ELIGIBLE,R03b_20260811_FULL_v1,L1_ELIGIBILITY,v2026-08-11,2026-03-21..2026-08-06,baccarat_bet02_101_all_pairs_incl_sentinel,round_win = game_pnl > 0 (decisive only),COMPATIBILITY_ONLY_NOT_PRODUCTION,4059548.3812,3680416.6879,6656.9809,9707,9692,-0.00163983,0.01249836,-0.00525961,-0.00163983,-6656.9809,4059548.3812,OK,0.0000,266.2792,4.0000,96.0000,AG03-UNRESOLVED,ALL5_LEVELS_bet23_to_bet27,266.2792,266.2792,266.2792,0.0000,0.0000,4.000000,4.000000,4.000000,0.000000,0.000000,96.000000,96.000000,96.000000,100.000000,100.000000,5.0,798.8377,767.3102,5858.1432,5889.6706,PENDING_AG03,FALSE,NOT_FOR_ENFORCEMENT,6390.7016,3533200.0204,6656.9809,6390.7016,266.2792,0.00163983,0.00157424,266.2792,6390.7016,0.00157424,266.2792,266.2792,266.2792,0.0000,0.0000,6390.7016,0.00157424,798.8377,767.3102,5858.1432,5889.6706,0.00144305,0.00145082,0.00006559,418.2083,379.7376,0.6869,61.6387,1.8384,37588.4109,89.7407,538.3845,395.5999,218.4789,430.6076,432.5446,432.5446,1046.441,1081.3617,427.0584,0.0,2.43015,2.511246,0.971205,30,216,96,2,0.20383968,0.00163983,-0.01249836,0E-8,0.000000,0.906607,0.000000,0.01775797,2026-03-22,2026-08-06,108,3621,2443,138,0.782609,1.360932,1.287360,0.679466,,,,,,,,GLOBAL_BASELINE_NO_ENTITY_RANKING,,,NOT_APPLICABLE_GLOBAL_BASELINE,HF9g-P5,,,,X 全窗基线 · 不参与实体赏罚,14197818,1420,A168_HF9F_20260827_0900,2026-08-27 09:00:00
2026-03-28,57024343,2218,0,655.4368486596,655.4368486596,655.4368486596,1.0000000,3,3,0.49324550000000000,0.493245500000,1.755609282511032,1.7556092825110319,1.755609282511032,0E-17,ELIGIBLE,R03b_20260811_FULL_v1,L1_ELIGIBILITY,v2026-08-11,2026-03-21..2026-08-06,baccarat_bet02_101_all_pairs_incl_sentinel,round_win = game_pnl > 0 (decisive only),COMPATIBILITY_ONLY_NOT_PRODUCTION,4059548.3812,3680416.6879,6656.9809,9707,9692,-0.00163983,0.01249836,-0.00525961,-0.00163983,-6656.9809,4059548.3812,OK,0.0000,266.2792,4.0000,96.0000,AG03-UNRESOLVED,ALL5_LEVELS_bet23_to_bet27,266.2792,266.2792,266.2792,0.0000,0.0000,4.000000,4.000000,4.000000,0.000000,0.000000,96.000000,96.000000,96.000000,100.000000,100.000000,5.0,798.8377,767.3102,5858.1432,5889.6706,PENDING_AG03,FALSE,NOT_FOR_ENFORCEMENT,6390.7016,3533200.0204,6656.9809,6390.7016,266.2792,0.00163983,0.00157424,266.2792,6390.7016,0.00157424,266.2792,266.2792,266.2792,0.0000,0.0000,6390.7016,0.00157424,798.8377,767.3102,5858.1432,5889.6706,0.00144305,0.00145082,0.00006559,418.2083,379.7376,0.6869,61.6387,1.8384,37588.4109,89.7407,538.3845,395.5999,218.4789,430.6076,432.5446,432.5446,1046.441,1081.3617,427.0584,0.0,2.43015,2.511246,0.971205,30,216,96,2,0.20383968,0.00163983,-0.01249836,0E-8,0.000000,0.906607,0.000000,0.01775797,2026-03-22,2026-08-06,108,3621,2443,138,0.782609,1.360932,1.287360,0.679466,,,,,,,,GLOBAL_BASELINE_NO_ENTITY_RANKING,,,NOT_APPLICABLE_GLOBAL_BASELINE,HF9g-P5,,,,X 全窗基线 · 不参与实体赏罚,14197819,1420,A168_HF9F_20260827_0900,2026-08-27 09:00:00
2026-03-28,57024343,2223,0,436.9578991064,-218.4789495532,-218.4789495532,0E-7,2,2,0.49324550000000000,0.493245500000,-0.9865810262130424,-0.9865810262130424,-0.9865810262130424,0E-17,ELIGIBLE,R03b_20260811_FULL_v1,L1_ELIGIBILITY,v2026-08-11,2026-03-21..2026-08-06,baccarat_bet02_101_all_pairs_incl_sentinel,round_win = game_pnl > 0 (decisive only),COMPATIBILITY_ONLY_NOT_PRODUCTION,4059548.3812,3680416.6879,6656.9809,9707,9692,-0.00163983,0.01249836,-0.00525961,-0.00163983,-6656.9809,4059548.3812,OK,0.0000,266.2792,4.0000,96.0000,AG03-UNRESOLVED,ALL5_LEVELS_bet23_to_bet27,266.2792,266.2792,266.2792,0.0000,0.0000,4.000000,4.000000,4.000000,0.000000,0.000000,96.000000,96.000000,96.000000,100.000000,100.000000,5.0,798.8377,767.3102,5858.1432,5889.6706,PENDING_AG03,FALSE,NOT_FOR_ENFORCEMENT,6390.7016,3533200.0204,6656.9809,6390.7016,266.2792,0.00163983,0.00157424,266.2792,6390.7016,0.00157424,266.2792,266.2792,266.2792,0.0000,0.0000,6390.7016,0.00157424,798.8377,767.3102,5858.1432,5889.6706,0.00144305,0.00145082,0.00006559,418.2083,379.7376,0.6869,61.6387,1.8384,37588.4109,89.7407,538.3845,395.5999,218.4789,430.6076,432.5446,432.5446,1046.441,1081.3617,427.0584,0.0,2.43015,2.511246,0.971205,30,216,96,2,0.20383968,0.00163983,-0.01249836,0E-8,0.000000,0.906607,0.000000,0.01775797,2026-03-22,2026-08-06,108,3621,2443,138,0.782609,1.360932,1.287360,0.679466,,,,,,,,GLOBAL_BASELINE_NO_ENTITY_RANKING,,,NOT_APPLICABLE_GLOBAL_BASELINE,HF9g-P5,,,,X 全窗基线 · 不参与实体赏罚,14197820,1420,A168_HF9F_20260827_0900,2026-08-27 09:00:00
2026-03-28,57024343,2224,0,655.4368486596,196.6310545980,196.6310545980,0.6666667,3,3,0.50665070000000000,0.506650700000,0.5543606114942035,0.5543606114942035,0.5543606114942035,0E-17,ELIGIBLE,R03b_20260811_FULL_v1,L1_ELIGIBILITY,v2026-08-11,2026-03-21..2026-08-06,baccarat_bet02_101_all_pairs_incl_sentinel,round_win = game_pnl > 0 (decisive only),COMPATIBILITY_ONLY_NOT_PRODUCTION,4059548.3812,3680416.6879,6656.9809,9707,9692,-0.00163983,0.01249836,-0.00525961,-0.00163983,-6656.9809,4059548.3812,OK,0.0000,266.2792,4.0000,96.0000,AG03-UNRESOLVED,ALL5_LEVELS_bet23_to_bet27,266.2792,266.2792,266.2792,0.0000,0.0000,4.000000,4.000000,4.000000,0.000000,0.000000,96.000000,96.000000,96.000000,100.000000,100.000000,5.0,798.8377,767.3102,5858.1432,5889.6706,PENDING_AG03,FALSE,NOT_FOR_ENFORCEMENT,6390.7016,3533200.0204,6656.9809,6390.7016,266.2792,0.00163983,0.00157424,266.2792,6390.7016,0.00157424,266.2792,266.2792,266.2792,0.0000,0.0000,6390.7016,0.00157424,798.8377,767.3102,5858.1432,5889.6706,0.00144305,0.00145082,0.00006559,418.2083,379.7376,0.6869,61.6387,1.8384,37588.4109,89.7407,538.3845,395.5999,218.4789,430.6076,432.5446,432.5446,1046.441,1081.3617,427.0584,0.0,2.43015,2.511246,0.971205,30,216,96,2,0.20383968,0.00163983,-0.01249836,0E-8,0.000000,0.906607,0.000000,0.01775797,2026-03-22,2026-08-06,108,3621,2443,138,0.782609,1.360932,1.287360,0.679466,,,,,,,,GLOBAL_BASELINE_NO_ENTITY_RANKING,,,NOT_APPLICABLE_GLOBAL_BASELINE,HF9g-P5,,,,X 全窗基线 · 不参与实体赏罚,14197821,1420,A168_HF9F_20260827_0900,2026-08-27 09:00:00
2026-03-28,57024343,2244,0,436.9578991064,-436.9578991064,-436.9578991064,0E-7,2,2,0.50665070000000000,0.506650700000,-1.4331513700195317,-1.4331513700195317,-1.4331513700195317,0E-17,ELIGIBLE,R03b_20260811_FULL_v1,L1_ELIGIBILITY,v2026-08-11,2026-03-21..2026-08-06,baccarat_bet02_101_all_pairs_incl_sentinel,round_win = game_pnl > 0 (decisive only),COMPATIBILITY_ONLY_NOT_PRODUCTION,4059548.3812,3680416.6879,6656.9809,9707,9692,-0.00163983,0.01249836,-0.00525961,-0.00163983,-6656.9809,4059548.3812,OK,0.0000,266.2792,4.0000,96.0000,AG03-UNRESOLVED,ALL5_LEVELS_bet23_to_bet27,266.2792,266.2792,266.2792,0.0000,0.0000,4.000000,4.000000,4.000000,0.000000,0.000000,96.000000,96.000000,96.000000,100.000000,100.000000,5.0,798.8377,767.3102,5858.1432,5889.6706,PENDING_AG03,FALSE,NOT_FOR_ENFORCEMENT,6390.7016,3533200.0204,6656.9809,6390.7016,266.2792,0.00163983,0.00157424,266.2792,6390.7016,0.00157424,266.2792,266.2792,266.2792,0.0000,0.0000,6390.7016,0.00157424,798.8377,767.3102,5858.1432,5889.6706,0.00144305,0.00145082,0.00006559,418.2083,379.7376,0.6869,61.6387,1.8384,37588.4109,89.7407,538.3845,395.5999,218.4789,430.6076,432.5446,432.5446,1046.441,1081.3617,427.0584,0.0,2.43015,2.511246,0.971205,30,216,96,2,0.20383968,0.00163983,-0.01249836,0E-8,0.000000,0.906607,0.000000,0.01775797,2026-03-22,2026-08-06,108,3621,2443,138,0.782609,1.360932,1.287360,0.679466,,,,,,,,GLOBAL_BASELINE_NO_ENTITY_RANKING,,,NOT_APPLICABLE_GLOBAL_BASELINE,HF9g-P5,,,,X 全窗基线 · 不参与实体赏罚,14197822,1420,A168_HF9F_20260827_0900,2026-08-27 09:00:00
2026-03-28,57024343,2252,0,1747.8315964256,819.2960608248,819.2960608248,0.7500000,8,8,0.50329940000000000,0.503299400000,1.3955797224674644,1.3955797224674644,1.3955797224674644,0E-17,ELIGIBLE,R03b_20260811_FULL_v1,L1_ELIGIBILITY,v2026-08-11,2026-03-21..2026-08-06,baccarat_bet02_101_all_pairs_incl_sentinel,round_win = game_pnl > 0 (decisive only),COMPATIBILITY_ONLY_NOT_PRODUCTION,4059548.3812,3680416.6879,6656.9809,9707,9692,-0.00163983,0.01249836,-0.00525961,-0.00163983,-6656.9809,4059548.3812,OK,0.0000,266.2792,4.0000,96.0000,AG03-UNRESOLVED,ALL5_LEVELS_bet23_to_bet27,266.2792,266.2792,266.2792,0.0000,0.0000,4.000000,4.000000,4.000000,0.000000,0.000000,96.000000,96.000000,96.000000,100.000000,100.000000,5.0,798.8377,767.3102,5858.1432,5889.6706,PENDING_AG03,FALSE,NOT_FOR_ENFORCEMENT,6390.7016,3533200.0204,6656.9809,6390.7016,266.2792,0.00163983,0.00157424,266.2792,6390.7016,0.00157424,266.2792,266.2792,266.2792,0.0000,0.0000,6390.7016,0.00157424,798.8377,767.3102,5858.1432,5889.6706,0.00144305,0.00145082,0.00006559,418.2083,379.7376,0.6869,61.6387,1.8384,37588.4109,89.7407,538.3845,395.5999,218.4789,430.6076,432.5446,432.5446,1046.441,1081.3617,427.0584,0.0,2.43015,2.511246,0.971205,30,216,96,2,0.20383968,0.00163983,-0.01249836,0E-8,0.000000,0.906607,0.000000,0.01775797,2026-03-22,2026-08-06,108,3621,2443,138,0.782609,1.360932,1.287360,0.679466,,,,,,,,GLOBAL_BASELINE_NO_ENTITY_RANKING,,,NOT_APPLICABLE_GLOBAL_BASELINE,HF9g-P5,,,,X 全窗基线 · 不参与实体赏罚,14197823,1420,A168_HF9F_20260827_0900,2026-08-27 09:00:00
2026-03-28,57024343,526,0,873.9157982128,830.2200083023,830.2200083023,1.0000000,3,3,0.50665070000000000,0.506650700000,1.7091633124209307,1.7091633124209307,1.7091633124209307,0E-17,ELIGIBLE,R03b_20260811_FULL_v1,L1_ELIGIBILITY,v2026-08-11,2026-03-21..2026-08-06,baccarat_bet02_101_all_pairs_incl_sentinel,round_win = game_pnl > 0 (decisive only),COMPATIBILITY_ONLY_NOT_PRODUCTION,4059548.3812,3680416.6879,6656.9809,9707,9692,-0.00163983,0.01249836,-0.00525961,-0.00163983,-6656.9809,4059548.3812,OK,0.0000,266.2792,4.0000,96.0000,AG03-UNRESOLVED,ALL5_LEVELS_bet23_to_bet27,266.2792,266.2792,266.2792,0.0000,0.0000,4.000000,4.000000,4.000000,0.000000,0.000000,96.000000,96.000000,96.000000,100.000000,100.000000,5.0,798.8377,767.3102,5858.1432,5889.6706,PENDING_AG03,FALSE,NOT_FOR_ENFORCEMENT,6390.7016,3533200.0204,6656.9809,6390.7016,266.2792,0.00163983,0.00157424,266.2792,6390.7016,0.00157424,266.2792,266.2792,266.2792,0.0000,0.0000,6390.7016,0.00157424,798.8377,767.3102,5858.1432,5889.6706,0.00144305,0.00145082,0.00006559,418.2083,379.7376,0.6869,61.6387,1.8384,37588.4109,89.7407,538.3845,395.5999,218.4789,430.6076,432.5446,432.5446,1046.441,1081.3617,427.0584,0.0,2.43015,2.511246,0.971205,30,216,96,2,0.20383968,0.00163983,-0.01249836,0E-8,0.000000,0.906607,0.000000,0.01775797,2026-03-22,2026-08-06,108,3621,2443,138,0.782609,1.360932,1.287360,0.679466,,,,,,,,GLOBAL_BASELINE_NO_ENTITY_RANKING,,,NOT_APPLICABLE_GLOBAL_BASELINE,HF9g-P5,,,,X 全窗基线 · 不参与实体赏罚,14197824,1420,A168_HF9F_20260827_0900,2026-08-27 09:00:00
2026-03-29,57024343,-1,1,8520.6790325748,-349.5663192846,-349.5663192846,0.4666667,36,36,0.50143756666666667,0.501437566667,-0.3808976998231704,-0.38089769982682253,-0.3808976998231704,-3.3333E-13,SENTINEL_DEALER,R03b_20260811_FULL_v1,L1_ELIGIBILITY,v2026-08-11,2026-03-21..2026-08-06,baccarat_bet02_101_all_pairs_incl_sentinel,round_win = game_pnl > 0 (decisive only),COMPATIBILITY_ONLY_NOT_PRODUCTION,4059548.3812,3680416.6879,6656.9809,9707,9692,-0.00163983,0.01249836,-0.00525961,-0.00163983,-6656.9809,4059548.3812,OK,0.0000,266.2792,4.0000,96.0000,AG03-UNRESOLVED,ALL5_LEVELS_bet23_to_bet27,266.2792,266.2792,266.2792,0.0000,0.0000,4.000000,4.000000,4.000000,0.000000,0.000000,96.000000,96.000000,96.000000,100.000000,100.000000,5.0,798.8377,767.3102,5858.1432,5889.6706,PENDING_AG03,FALSE,NOT_FOR_ENFORCEMENT,6390.7016,3533200.0204,6656.9809,6390.7016,266.2792,0.00163983,0.00157424,266.2792,6390.7016,0.00157424,266.2792,266.2792,266.2792,0.0000,0.0000,6390.7016,0.00157424,798.8377,767.3102,5858.1432,5889.6706,0.00144305,0.00145082,0.00006559,418.2083,379.7376,0.6869,61.6387,1.8384,37588.4109,89.7407,538.3845,395.5999,218.4789,430.6076,432.5446,432.5446,1046.441,1081.3617,427.0584,0.0,2.43015,2.511246,0.971205,30,216,96,2,0.20383968,0.00163983,-0.01249836,0E-8,0.000000,0.906607,0.000000,0.01775797,2026-03-22,2026-08-06,108,3621,2443,138,0.782609,1.360932,1.287360,0.679466,,,,,,,,GLOBAL_BASELINE_NO_ENTITY_RANKING,,,NOT_APPLICABLE_GLOBAL_BASELINE,HF9g-P5,,,,X 全窗基线 · 不参与实体赏罚,14197825,1420,A168_HF9F_20260827_0900,2026-08-27 09:00:00
2026-03-29,57024343,1157,0,1747.8315964256,382.3381617184,382.3381617184,0.6250000,8,8,0.50497505000000000,0.504975050000,0.678997261173364,0.678997261173364,0.678997261173364,0E-17,ELIGIBLE,R03b_20260811_FULL_v1,L1_ELIGIBILITY,v2026-08-11,2026-03-21..2026-08-06,baccarat_bet02_101_all_pairs_incl_sentinel,round_win = game_pnl > 0 (decisive only),COMPATIBILITY_ONLY_NOT_PRODUCTION,4059548.3812,3680416.6879,6656.9809,9707,9692,-0.00163983,0.01249836,-0.00525961,-0.00163983,-6656.9809,4059548.3812,OK,0.0000,266.2792,4.0000,96.0000,AG03-UNRESOLVED,ALL5_LEVELS_bet23_to_bet27,266.2792,266.2792,266.2792,0.0000,0.0000,4.000000,4.000000,4.000000,0.000000,0.000000,96.000000,96.000000,96.000000,100.000000,100.000000,5.0,798.8377,767.3102,5858.1432,5889.6706,PENDING_AG03,FALSE,NOT_FOR_ENFORCEMENT,6390.7016,3533200.0204,6656.9809,6390.7016,266.2792,0.00163983,0.00157424,266.2792,6390.7016,0.00157424,266.2792,266.2792,266.2792,0.0000,0.0000,6390.7016,0.00157424,798.8377,767.3102,5858.1432,5889.6706,0.00144305,0.00145082,0.00006559,418.2083,379.7376,0.6869,61.6387,1.8384,37588.4109,89.7407,538.3845,395.5999,218.4789,430.6076,432.5446,432.5446,1046.441,1081.3617,427.0584,0.0,2.43015,2.511246,0.971205,30,216,96,2,0.20383968,0.00163983,-0.01249836,0E-8,0.000000,0.906607,0.000000,0.01775797,2026-03-22,2026-08-06,108,3621,2443,138,0.782609,1.360932,1.287360,0.679466,,,,,,,,GLOBAL_BASELINE_NO_ENTITY_RANKING,,,NOT_APPLICABLE_GLOBAL_BASELINE,HF9g-P5,,,,X 全窗基线 · 不参与实体赏罚,14197826,1420,A168_HF9F_20260827_0900,2026-08-27 09:00:00
2026-03-29,57024343,1291,0,2184.7894955320,797.4481658695,797.4481658695,0.6666667,9,9,0.50665070000000000,0.506650700000,0.9601807448229117,0.9601807448229117,0.9601807448229117,0E-17,ELIGIBLE,R03b_20260811_FULL_v1,L1_ELIGIBILITY,v2026-08-11,2026-03-21..2026-08-06,baccarat_bet02_101_all_pairs_incl_sentinel,round_win = game_pnl > 0 (decisive only),COMPATIBILITY_ONLY_NOT_PRODUCTION,4059548.3812,3680416.6879,6656.9809,9707,9692,-0.00163983,0.01249836,-0.00525961,-0.00163983,-6656.9809,4059548.3812,OK,0.0000,266.2792,4.0000,96.0000,AG03-UNRESOLVED,ALL5_LEVELS_bet23_to_bet27,266.2792,266.2792,266.2792,0.0000,0.0000,4.000000,4.000000,4.000000,0.000000,0.000000,96.000000,96.000000,96.000000,100.000000,100.000000,5.0,798.8377,767.3102,5858.1432,5889.6706,PENDING_AG03,FALSE,NOT_FOR_ENFORCEMENT,6390.7016,3533200.0204,6656.9809,6390.7016,266.2792,0.00163983,0.00157424,266.2792,6390.7016,0.00157424,266.2792,266.2792,266.2792,0.0000,0.0000,6390.7016,0.00157424,798.8377,767.3102,5858.1432,5889.6706,0.00144305,0.00145082,0.00006559,418.2083,379.7376,0.6869,61.6387,1.8384,37588.4109,89.7407,538.3845,395.5999,218.4789,430.6076,432.5446,432.5446,1046.441,1081.3617,427.0584,0.0,2.43015,2.511246,0.971205,30,216,96,2,0.20383968,0.00163983,-0.01249836,0E-8,0.000000,0.906607,0.000000,0.01775797,2026-03-22,2026-08-06,108,3621,2443,138,0.782609,1.360932,1.287360,0.679466,,,,,,,,GLOBAL_BASELINE_NO_ENTITY_RANKING,,,NOT_APPLICABLE_GLOBAL_BASELINE,HF9g-P5,,,,X 全窗基线 · 不参与实体赏罚,14197827,1420,A168_HF9F_20260827_0900,2026-08-27 09:00:00
2026-03-29,57024343,1306,0,2184.7894955320,1059.6229053332,1059.6229053332,0.8571429,10,10,0.49860758000000000,0.498607580000,1.8971977158423143,1.8971977158423146,1.8971977158423143,0E-17,ELIGIBLE,R03b_20260811_FULL_v1,L1_ELIGIBILITY,v2026-08-11,2026-03-21..2026-08-06,baccarat_bet02_101_all_pairs_incl_sentinel,round_win = game_pnl > 0 (decisive only),COMPATIBILITY_ONLY_NOT_PRODUCTION,4059548.3812,3680416.6879,6656.9809,9707,9692,-0.00163983,0.01249836,-0.00525961,-0.00163983,-6656.9809,4059548.3812,OK,0.0000,266.2792,4.0000,96.0000,AG03-UNRESOLVED,ALL5_LEVELS_bet23_to_bet27,266.2792,266.2792,266.2792,0.0000,0.0000,4.000000,4.000000,4.000000,0.000000,0.000000,96.000000,96.000000,96.000000,100.000000,100.000000,5.0,798.8377,767.3102,5858.1432,5889.6706,PENDING_AG03,FALSE,NOT_FOR_ENFORCEMENT,6390.7016,3533200.0204,6656.9809,6390.7016,266.2792,0.00163983,0.00157424,266.2792,6390.7016,0.00157424,266.2792,266.2792,266.2792,0.0000,0.0000,6390.7016,0.00157424,798.8377,767.3102,5858.1432,5889.6706,0.00144305,0.00145082,0.00006559,418.2083,379.7376,0.6869,61.6387,1.8384,37588.4109,89.7407,538.3845,395.5999,218.4789,430.6076,432.5446,432.5446,1046.441,1081.3617,427.0584,0.0,2.43015,2.511246,0.971205,30,216,96,2,0.20383968,0.00163983,-0.01249836,0E-8,0.000000,0.906607,0.000000,0.01775797,2026-03-22,2026-08-06,108,3621,2443,138,0.782609,1.360932,1.287360,0.679466,,,,,,,,GLOBAL_BASELINE_NO_ENTITY_RANKING,,,NOT_APPLICABLE_GLOBAL_BASELINE,HF9g-P5,,,,X 全窗基线 · 不参与实体赏罚,14197828,1420,A168_HF9F_20260827_0900,2026-08-27 09:00:00
2026-03-29,57024343,1331,0,436.9578991064,-218.4789495532,-218.4789495532,0E-7,2,2,0.49324550000000000,0.493245500000,-0.9865810262130424,-0.9865810262130424,-0.9865810262130424,0E-17,ELIGIBLE,R03b_20260811_FULL_v1,L1_ELIGIBILITY,v2026-08-11,2026-03-21..2026-08-06,baccarat_bet02_101_all_pairs_incl_sentinel,round_win = game_pnl > 0 (decisive only),COMPATIBILITY_ONLY_NOT_PRODUCTION,4059548.3812,3680416.6879,6656.9809,9707,9692,-0.00163983,0.01249836,-0.00525961,-0.00163983,-6656.9809,4059548.3812,OK,0.0000,266.2792,4.0000,96.0000,AG03-UNRESOLVED,ALL5_LEVELS_bet23_to_bet27,266.2792,266.2792,266.2792,0.0000,0.0000,4.000000,4.000000,4.000000,0.000000,0.000000,96.000000,96.000000,96.000000,100.000000,100.000000,5.0,798.8377,767.3102,5858.1432,5889.6706,PENDING_AG03,FALSE,NOT_FOR_ENFORCEMENT,6390.7016,3533200.0204,6656.9809,6390.7016,266.2792,0.00163983,0.00157424,266.2792,6390.7016,0.00157424,266.2792,266.2792,266.2792,0.0000,0.0000,6390.7016,0.00157424,798.8377,767.3102,5858.1432,5889.6706,0.00144305,0.00145082,0.00006559,418.2083,379.7376,0.6869,61.6387,1.8384,37588.4109,89.7407,538.3845,395.5999,218.4789,430.6076,432.5446,432.5446,1046.441,1081.3617,427.0584,0.0,2.43015,2.511246,0.971205,30,216,96,2,0.20383968,0.00163983,-0.01249836,0E-8,0.000000,0.906607,0.000000,0.01775797,2026-03-22,2026-08-06,108,3621,2443,138,0.782609,1.360932,1.287360,0.679466,,,,,,,,GLOBAL_BASELINE_NO_ENTITY_RANKING,,,NOT_APPLICABLE_GLOBAL_BASELINE,HF9g-P5,,,,X 全窗基线 · 不参与实体赏罚,14197829,1420,A168_HF9F_20260827_0900,2026-08-27 09:00:00
2026-03-29,57024343,1354,0,1747.8315964256,218.4789495532,218.4789495532,0.5714286,8,8,0.49492115000000000,0.494921150000,0.40486010814450674,0.40486010814450674,0.40486010814450674,0E-17,ELIGIBLE,R03b_20260811_FULL_v1,L1_ELIGIBILITY,v2026-08-11,2026-03-21..2026-08-06,baccarat_bet02_101_all_pairs_incl_sentinel,round_win = game_pnl > 0 (decisive only),COMPATIBILITY_ONLY_NOT_PRODUCTION,4059548.3812,3680416.6879,6656.9809,9707,9692,-0.00163983,0.01249836,-0.00525961,-0.00163983,-6656.9809,4059548.3812,OK,0.0000,266.2792,4.0000,96.0000,AG03-UNRESOLVED,ALL5_LEVELS_bet23_to_bet27,266.2792,266.2792,266.2792,0.0000,0.0000,4.000000,4.000000,4.000000,0.000000,0.000000,96.000000,96.000000,96.000000,100.000000,100.000000,5.0,798.8377,767.3102,5858.1432,5889.6706,PENDING_AG03,FALSE,NOT_FOR_ENFORCEMENT,6390.7016,3533200.0204,6656.9809,6390.7016,266.2792,0.00163983,0.00157424,266.2792,6390.7016,0.00157424,266.2792,266.2792,266.2792,0.0000,0.0000,6390.7016,0.00157424,798.8377,767.3102,5858.1432,5889.6706,0.00144305,0.00145082,0.00006559,418.2083,379.7376,0.6869,61.6387,1.8384,37588.4109,89.7407,538.3845,395.5999,218.4789,430.6076,432.5446,432.5446,1046.441,1081.3617,427.0584,0.0,2.43015,2.511246,0.971205,30,216,96,2,0.20383968,0.00163983,-0.01249836,0E-8,0.000000,0.906607,0.000000,0.01775797,2026-03-22,2026-08-06,108,3621,2443,138,0.782609,1.360932,1.287360,0.679466,,,,,,,,GLOBAL_BASELINE_NO_ENTITY_RANKING,,,NOT_APPLICABLE_GLOBAL_BASELINE,HF9g-P5,,,,X 全窗基线 · 不参与实体赏罚,14197830,1420,A168_HF9F_20260827_0900,2026-08-27 09:00:00
2026-03-29,57024343,1363,0,1529.3526468724,-666.3607961372,-666.3607961372,0.2857143,7,7,0.50090561428571429,0.500905614286,-1.138687347156492,-1.138687347158005,-1.138687347156492,-2.8571E-13,ELIGIBLE,R03b_20260811_FULL_v1,L1_ELIGIBILITY,v2026-08-11,2026-03-21..2026-08-06,baccarat_bet02_101_all_pairs_incl_sentinel,round_win = game_pnl > 0 (decisive only),COMPATIBILITY_ONLY_NOT_PRODUCTION,4059548.3812,3680416.6879,6656.9809,9707,9692,-0.00163983,0.01249836,-0.00525961,-0.00163983,-6656.9809,4059548.3812,OK,0.0000,266.2792,4.0000,96.0000,AG03-UNRESOLVED,ALL5_LEVELS_bet23_to_bet27,266.2792,266.2792,266.2792,0.0000,0.0000,4.000000,4.000000,4.000000,0.000000,0.000000,96.000000,96.000000,96.000000,100.000000,100.000000,5.0,798.8377,767.3102,5858.1432,5889.6706,PENDING_AG03,FALSE,NOT_FOR_ENFORCEMENT,6390.7016,3533200.0204,6656.9809,6390.7016,266.2792,0.00163983,0.00157424,266.2792,6390.7016,0.00157424,266.2792,266.2792,266.2792,0.0000,0.0000,6390.7016,0.00157424,798.8377,767.3102,5858.1432,5889.6706,0.00144305,0.00145082,0.00006559,418.2083,379.7376,0.6869,61.6387,1.8384,37588.4109,89.7407,538.3845,395.5999,218.4789,430.6076,432.5446,432.5446,1046.441,1081.3617,427.0584,0.0,2.43015,2.511246,0.971205,30,216,96,2,0.20383968,0.00163983,-0.01249836,0E-8,0.000000,0.906607,0.000000,0.01775797,2026-03-22,2026-08-06,108,3621,2443,138,0.782609,1.360932,1.287360,0.679466,,,,,,,,GLOBAL_BASELINE_NO_ENTITY_RANKING,,,NOT_APPLICABLE_GLOBAL_BASELINE,HF9g-P5,,,,X 全窗基线 · 不参与实体赏罚,14197831,1420,A168_HF9F_20260827_0900,2026-08-27 09:00:00
2026-03-29,57024343,1399,0,436.9578991064,-10.9239474776,-10.9239474776,0.5000000,2,2,0.50665070000000000,0.506650700000,-0.018812684590367487,-0.018812684590367487,-0.018812684590367487,0E-17,ELIGIBLE,R03b_20260811_FULL_v1,L1_ELIGIBILITY,v2026-08-11,2026-03-21..2026-08-06,baccarat_bet02_101_all_pairs_incl_sentinel,round_win = game_pnl > 0 (decisive only),COMPATIBILITY_ONLY_NOT_PRODUCTION,4059548.3812,3680416.6879,6656.9809,9707,9692,-0.00163983,0.01249836,-0.00525961,-0.00163983,-6656.9809,4059548.3812,OK,0.0000,266.2792,4.0000,96.0000,AG03-UNRESOLVED,ALL5_LEVELS_bet23_to_bet27,266.2792,266.2792,266.2792,0.0000,0.0000,4.000000,4.000000,4.000000,0.000000,0.000000,96.000000,96.000000,96.000000,100.000000,100.000000,5.0,798.8377,767.3102,5858.1432,5889.6706,PENDING_AG03,FALSE,NOT_FOR_ENFORCEMENT,6390.7016,3533200.0204,6656.9809,6390.7016,266.2792,0.00163983,0.00157424,266.2792,6390.7016,0.00157424,266.2792,266.2792,266.2792,0.0000,0.0000,6390.7016,0.00157424,798.8377,767.3102,5858.1432,5889.6706,0.00144305,0.00145082,0.00006559,418.2083,379.7376,0.6869,61.6387,1.8384,37588.4109,89.7407,538.3845,395.5999,218.4789,430.6076,432.5446,432.5446,1046.441,1081.3617,427.0584,0.0,2.43015,2.511246,0.971205,30,216,96,2,0.20383968,0.00163983,-0.01249836,0E-8,0.000000,0.906607,0.000000,0.01775797,2026-03-22,2026-08-06,108,3621,2443,138,0.782609,1.360932,1.287360,0.679466,,,,,,,,GLOBAL_BASELINE_NO_ENTITY_RANKING,,,NOT_APPLICABLE_GLOBAL_BASELINE,HF9g-P5,,,,X 全窗基线 · 不参与实体赏罚,14197832,1420,A168_HF9F_20260827_0900,2026-08-27 09:00:00
2026-03-29,57024343,1491,0,1092.3947477660,185.7071071204,185.7071071204,0.6000000,5,5,0.50396966000000000,0.503969660000,0.4294742719815242,0.4294742719815242,0.4294742719815242,0E-17,ELIGIBLE,R03b_20260811_FULL_v1,L1_ELIGIBILITY,v2026-08-11,2026-03-21..2026-08-06,baccarat_bet02_101_all_pairs_incl_sentinel,round_win = game_pnl > 0 (decisive only),COMPATIBILITY_ONLY_NOT_PRODUCTION,4059548.3812,3680416.6879,6656.9809,9707,9692,-0.00163983,0.01249836,-0.00525961,-0.00163983,-6656.9809,4059548.3812,OK,0.0000,266.2792,4.0000,96.0000,AG03-UNRESOLVED,ALL5_LEVELS_bet23_to_bet27,266.2792,266.2792,266.2792,0.0000,0.0000,4.000000,4.000000,4.000000,0.000000,0.000000,96.000000,96.000000,96.000000,100.000000,100.000000,5.0,798.8377,767.3102,5858.1432,5889.6706,PENDING_AG03,FALSE,NOT_FOR_ENFORCEMENT,6390.7016,3533200.0204,6656.9809,6390.7016,266.2792,0.00163983,0.00157424,266.2792,6390.7016,0.00157424,266.2792,266.2792,266.2792,0.0000,0.0000,6390.7016,0.00157424,798.8377,767.3102,5858.1432,5889.6706,0.00144305,0.00145082,0.00006559,418.2083,379.7376,0.6869,61.6387,1.8384,37588.4109,89.7407,538.3845,395.5999,218.4789,430.6076,432.5446,432.5446,1046.441,1081.3617,427.0584,0.0,2.43015,2.511246,0.971205,30,216,96,2,0.20383968,0.00163983,-0.01249836,0E-8,0.000000,0.906607,0.000000,0.01775797,2026-03-22,2026-08-06,108,3621,2443,138,0.782609,1.360932,1.287360,0.679466,,,,,,,,GLOBAL_BASELINE_NO_ENTITY_RANKING,,,NOT_APPLICABLE_GLOBAL_BASELINE,HF9g-P5,,,,X 全窗基线 · 不参与实体赏罚,14197833,1420,A168_HF9F_20260827_0900,2026-08-27 09:00:00
2026-03-29,57024343,1646,0,1529.3526468724,-251.2507919860,-251.2507919860,0.4285714,7,7,0.50665070000000000,0.506650700000,-0.4131932236838825,-0.4131932236838825,-0.4131932236838825,0E-17,ELIGIBLE,R03b_20260811_FULL_v1,L1_ELIGIBILITY,v2026-08-11,2026-03-21..2026-08-06,baccarat_bet02_101_all_pairs_incl_sentinel,round_win = game_pnl > 0 (decisive only),COMPATIBILITY_ONLY_NOT_PRODUCTION,4059548.3812,3680416.6879,6656.9809,9707,9692,-0.00163983,0.01249836,-0.00525961,-0.00163983,-6656.9809,4059548.3812,OK,0.0000,266.2792,4.0000,96.0000,AG03-UNRESOLVED,ALL5_LEVELS_bet23_to_bet27,266.2792,266.2792,266.2792,0.0000,0.0000,4.000000,4.000000,4.000000,0.000000,0.000000,96.000000,96.000000,96.000000,100.000000,100.000000,5.0,798.8377,767.3102,5858.1432,5889.6706,PENDING_AG03,FALSE,NOT_FOR_ENFORCEMENT,6390.7016,3533200.0204,6656.9809,6390.7016,266.2792,0.00163983,0.00157424,266.2792,6390.7016,0.00157424,266.2792,266.2792,266.2792,0.0000,0.0000,6390.7016,0.00157424,798.8377,767.3102,5858.1432,5889.6706,0.00144305,0.00145082,0.00006559,418.2083,379.7376,0.6869,61.6387,1.8384,37588.4109,89.7407,538.3845,395.5999,218.4789,430.6076,432.5446,432.5446,1046.441,1081.3617,427.0584,0.0,2.43015,2.511246,0.971205,30,216,96,2,0.20383968,0.00163983,-0.01249836,0E-8,0.000000,0.906607,0.000000,0.01775797,2026-03-22,2026-08-06,108,3621,2443,138,0.782609,1.360932,1.287360,0.679466,,,,,,,,GLOBAL_BASELINE_NO_ENTITY_RANKING,,,NOT_APPLICABLE_GLOBAL_BASELINE,HF9g-P5,,,,X 全窗基线 · 不参与实体赏罚,14197834,1420,A168_HF9F_20260827_0900,2026-08-27 09:00:00
2026-03-29,57024343,1704,0,1529.3526468724,-447.8818465840,-447.8818465840,0.3333333,7,7,0.50090561428571429,0.500905614286,-0.8209345132943034,-0.820934513295704,-0.8209345132943034,-2.8571E-13,ELIGIBLE,R03b_20260811_FULL_v1,L1_ELIGIBILITY,v2026-08-11,2026-03-21..2026-08-06,baccarat_bet02_101_all_pairs_incl_sentinel,round_win = game_pnl > 0 (decisive only),COMPATIBILITY_ONLY_NOT_PRODUCTION,4059548.3812,3680416.6879,6656.9809,9707,9692,-0.00163983,0.01249836,-0.00525961,-0.00163983,-6656.9809,4059548.3812,OK,0.0000,266.2792,4.0000,96.0000,AG03-UNRESOLVED,ALL5_LEVELS_bet23_to_bet27,266.2792,266.2792,266.2792,0.0000,0.0000,4.000000,4.000000,4.000000,0.000000,0.000000,96.000000,96.000000,96.000000,100.000000,100.000000,5.0,798.8377,767.3102,5858.1432,5889.6706,PENDING_AG03,FALSE,NOT_FOR_ENFORCEMENT,6390.7016,3533200.0204,6656.9809,6390.7016,266.2792,0.00163983,0.00157424,266.2792,6390.7016,0.00157424,266.2792,266.2792,266.2792,0.0000,0.0000,6390.7016,0.00157424,798.8377,767.3102,5858.1432,5889.6706,0.00144305,0.00145082,0.00006559,418.2083,379.7376,0.6869,61.6387,1.8384,37588.4109,89.7407,538.3845,395.5999,218.4789,430.6076,432.5446,432.5446,1046.441,1081.3617,427.0584,0.0,2.43015,2.511246,0.971205,30,216,96,2,0.20383968,0.00163983,-0.01249836,0E-8,0.000000,0.906607,0.000000,0.01775797,2026-03-22,2026-08-06,108,3621,2443,138,0.782609,1.360932,1.287360,0.679466,,,,,,,,GLOBAL_BASELINE_NO_ENTITY_RANKING,,,NOT_APPLICABLE_GLOBAL_BASELINE,HF9g-P5,,,,X 全窗基线 · 不参与实体赏罚,14197835,1420,A168_HF9F_20260827_0900,2026-08-27 09:00:00
2026-03-29,57024343,1949,0,873.9157982128,404.1860566736,404.1860566736,0.7500000,4,4,0.50665070000000000,0.506650700000,0.9734833216690844,0.9734833216690844,0.9734833216690844,0E-17,ELIGIBLE,R03b_20260811_FULL_v1,L1_ELIGIBILITY,v2026-08-11,2026-03-21..2026-08-06,baccarat_bet02_101_all_pairs_incl_sentinel,round_win = game_pnl > 0 (decisive only),COMPATIBILITY_ONLY_NOT_PRODUCTION,4059548.3812,3680416.6879,6656.9809,9707,9692,-0.00163983,0.01249836,-0.00525961,-0.00163983,-6656.9809,4059548.3812,OK,0.0000,266.2792,4.0000,96.0000,AG03-UNRESOLVED,ALL5_LEVELS_bet23_to_bet27,266.2792,266.2792,266.2792,0.0000,0.0000,4.000000,4.000000,4.000000,0.000000,0.000000,96.000000,96.000000,96.000000,100.000000,100.000000,5.0,798.8377,767.3102,5858.1432,5889.6706,PENDING_AG03,FALSE,NOT_FOR_ENFORCEMENT,6390.7016,3533200.0204,6656.9809,6390.7016,266.2792,0.00163983,0.00157424,266.2792,6390.7016,0.00157424,266.2792,266.2792,266.2792,0.0000,0.0000,6390.7016,0.00157424,798.8377,767.3102,5858.1432,5889.6706,0.00144305,0.00145082,0.00006559,418.2083,379.7376,0.6869,61.6387,1.8384,37588.4109,89.7407,538.3845,395.5999,218.4789,430.6076,432.5446,432.5446,1046.441,1081.3617,427.0584,0.0,2.43015,2.511246,0.971205,30,216,96,2,0.20383968,0.00163983,-0.01249836,0E-8,0.000000,0.906607,0.000000,0.01775797,2026-03-22,2026-08-06,108,3621,2443,138,0.782609,1.360932,1.287360,0.679466,,,,,,,,GLOBAL_BASELINE_NO_ENTITY_RANKING,,,NOT_APPLICABLE_GLOBAL_BASELINE,HF9g-P5,,,,X 全窗基线 · 不参与实体赏罚,14197836,1420,A168_HF9F_20260827_0900,2026-08-27 09:00:00
2026-03-29,57024343,2134,0,218.4789495532,218.4789495532,218.4789495532,1.0000000,1,1,0.49324550000000000,0.493245500000,1.01360149184955,1.01360149184955,1.01360149184955,0E-17,ELIGIBLE,R03b_20260811_FULL_v1,L1_ELIGIBILITY,v2026-08-11,2026-03-21..2026-08-06,baccarat_bet02_101_all_pairs_incl_sentinel,round_win = game_pnl > 0 (decisive only),COMPATIBILITY_ONLY_NOT_PRODUCTION,4059548.3812,3680416.6879,6656.9809,9707,9692,-0.00163983,0.01249836,-0.00525961,-0.00163983,-6656.9809,4059548.3812,OK,0.0000,266.2792,4.0000,96.0000,AG03-UNRESOLVED,ALL5_LEVELS_bet23_to_bet27,266.2792,266.2792,266.2792,0.0000,0.0000,4.000000,4.000000,4.000000,0.000000,0.000000,96.000000,96.000000,96.000000,100.000000,100.000000,5.0,798.8377,767.3102,5858.1432,5889.6706,PENDING_AG03,FALSE,NOT_FOR_ENFORCEMENT,6390.7016,3533200.0204,6656.9809,6390.7016,266.2792,0.00163983,0.00157424,266.2792,6390.7016,0.00157424,266.2792,266.2792,266.2792,0.0000,0.0000,6390.7016,0.00157424,798.8377,767.3102,5858.1432,5889.6706,0.00144305,0.00145082,0.00006559,418.2083,379.7376,0.6869,61.6387,1.8384,37588.4109,89.7407,538.3845,395.5999,218.4789,430.6076,432.5446,432.5446,1046.441,1081.3617,427.0584,0.0,2.43015,2.511246,0.971205,30,216,96,2,0.20383968,0.00163983,-0.01249836,0E-8,0.000000,0.906607,0.000000,0.01775797,2026-03-22,2026-08-06,108,3621,2443,138,0.782609,1.360932,1.287360,0.679466,,,,,,,,GLOBAL_BASELINE_NO_ENTITY_RANKING,,,NOT_APPLICABLE_GLOBAL_BASELINE,HF9g-P5,,,,X 全窗基线 · 不参与实体赏罚,14197837,1420,A168_HF9F_20260827_0900,2026-08-27 09:00:00
2026-03-29,57024343,2171,0,1966.3105459788,-43.6957899104,-43.6957899104,0.5000000,9,9,0.50665070000000000,0.506650700000,-0.037625369180734974,-0.037625369180734974,-0.037625369180734974,0E-17,ELIGIBLE,R03b_20260811_FULL_v1,L1_ELIGIBILITY,v2026-08-11,2026-03-21..2026-08-06,baccarat_bet02_101_all_pairs_incl_sentinel,round_win = game_pnl > 0 (decisive only),COMPATIBILITY_ONLY_NOT_PRODUCTION,4059548.3812,3680416.6879,6656.9809,9707,9692,-0.00163983,0.01249836,-0.00525961,-0.00163983,-6656.9809,4059548.3812,OK,0.0000,266.2792,4.0000,96.0000,AG03-UNRESOLVED,ALL5_LEVELS_bet23_to_bet27,266.2792,266.2792,266.2792,0.0000,0.0000,4.000000,4.000000,4.000000,0.000000,0.000000,96.000000,96.000000,96.000000,100.000000,100.000000,5.0,798.8377,767.3102,5858.1432,5889.6706,PENDING_AG03,FALSE,NOT_FOR_ENFORCEMENT,6390.7016,3533200.0204,6656.9809,6390.7016,266.2792,0.00163983,0.00157424,266.2792,6390.7016,0.00157424,266.2792,266.2792,266.2792,0.0000,0.0000,6390.7016,0.00157424,798.8377,767.3102,5858.1432,5889.6706,0.00144305,0.00145082,0.00006559,418.2083,379.7376,0.6869,61.6387,1.8384,37588.4109,89.7407,538.3845,395.5999,218.4789,430.6076,432.5446,432.5446,1046.441,1081.3617,427.0584,0.0,2.43015,2.511246,0.971205,30,216,96,2,0.20383968,0.00163983,-0.01249836,0E-8,0.000000,0.906607,0.000000,0.01775797,2026-03-22,2026-08-06,108,3621,2443,138,0.782609,1.360932,1.287360,0.679466,,,,,,,,GLOBAL_BASELINE_NO_ENTITY_RANKING,,,NOT_APPLICABLE_GLOBAL_BASELINE,HF9g-P5,,,,X 全窗基线 · 不参与实体赏罚,14197838,1420,A168_HF9F_20260827_0900,2026-08-27 09:00:00
2026-03-29,57024343,2202,0,218.4789495532,-218.4789495532,-218.4789495532,0E-7,1,1,0.50665070000000000,0.506650700000,-1.013391052207602,-1.013391052207602,-1.013391052207602,0E-17,ELIGIBLE,R03b_20260811_FULL_v1,L1_ELIGIBILITY,v2026-08-11,2026-03-21..2026-08-06,baccarat_bet02_101_all_pairs_incl_sentinel,round_win = game_pnl > 0 (decisive only),COMPATIBILITY_ONLY_NOT_PRODUCTION,4059548.3812,3680416.6879,6656.9809,9707,9692,-0.00163983,0.01249836,-0.00525961,-0.00163983,-6656.9809,4059548.3812,OK,0.0000,266.2792,4.0000,96.0000,AG03-UNRESOLVED,ALL5_LEVELS_bet23_to_bet27,266.2792,266.2792,266.2792,0.0000,0.0000,4.000000,4.000000,4.000000,0.000000,0.000000,96.000000,96.000000,96.000000,100.000000,100.000000,5.0,798.8377,767.3102,5858.1432,5889.6706,PENDING_AG03,FALSE,NOT_FOR_ENFORCEMENT,6390.7016,3533200.0204,6656.9809,6390.7016,266.2792,0.00163983,0.00157424,266.2792,6390.7016,0.00157424,266.2792,266.2792,266.2792,0.0000,0.0000,6390.7016,0.00157424,798.8377,767.3102,5858.1432,5889.6706,0.00144305,0.00145082,0.00006559,418.2083,379.7376,0.6869,61.6387,1.8384,37588.4109,89.7407,538.3845,395.5999,218.4789,430.6076,432.5446,432.5446,1046.441,1081.3617,427.0584,0.0,2.43015,2.511246,0.971205,30,216,96,2,0.20383968,0.00163983,-0.01249836,0E-8,0.000000,0.906607,0.000000,0.01775797,2026-03-22,2026-08-06,108,3621,2443,138,0.782609,1.360932,1.287360,0.679466,,,,,,,,GLOBAL_BASELINE_NO_ENTITY_RANKING,,,NOT_APPLICABLE_GLOBAL_BASELINE,HF9g-P5,,,,X 全窗基线 · 不参与实体赏罚,14197839,1420,A168_HF9F_20260827_0900,2026-08-27 09:00:00
2026-03-29,57024343,2216,0,1529.3526468724,-32.7718424328,-32.7718424328,0.6000000,6,6,0.50665070000000000,0.506650700000,0.4175076967804994,0.4175076967804994,0.4175076967804994,0E-17,ELIGIBLE,R03b_20260811_FULL_v1,L1_ELIGIBILITY,v2026-08-11,2026-03-21..2026-08-06,baccarat_bet02_101_all_pairs_incl_sentinel,round_win = game_pnl > 0 (decisive only),COMPATIBILITY_ONLY_NOT_PRODUCTION,4059548.3812,3680416.6879,6656.9809,9707,9692,-0.00163983,0.01249836,-0.00525961,-0.00163983,-6656.9809,4059548.3812,OK,0.0000,266.2792,4.0000,96.0000,AG03-UNRESOLVED,ALL5_LEVELS_bet23_to_bet27,266.2792,266.2792,266.2792,0.0000,0.0000,4.000000,4.000000,4.000000,0.000000,0.000000,96.000000,96.000000,96.000000,100.000000,100.000000,5.0,798.8377,767.3102,5858.1432,5889.6706,PENDING_AG03,FALSE,NOT_FOR_ENFORCEMENT,6390.7016,3533200.0204,6656.9809,6390.7016,266.2792,0.00163983,0.00157424,266.2792,6390.7016,0.00157424,266.2792,266.2792,266.2792,0.0000,0.0000,6390.7016,0.00157424,798.8377,767.3102,5858.1432,5889.6706,0.00144305,0.00145082,0.00006559,418.2083,379.7376,0.6869,61.6387,1.8384,37588.4109,89.7407,538.3845,395.5999,218.4789,430.6076,432.5446,432.5446,1046.441,1081.3617,427.0584,0.0,2.43015,2.511246,0.971205,30,216,96,2,0.20383968,0.00163983,-0.01249836,0E-8,0.000000,0.906607,0.000000,0.01775797,2026-03-22,2026-08-06,108,3621,2443,138,0.782609,1.360932,1.287360,0.679466,,,,,,,,GLOBAL_BASELINE_NO_ENTITY_RANKING,,,NOT_APPLICABLE_GLOBAL_BASELINE,HF9g-P5,,,,X 全窗基线 · 不参与实体赏罚,14197840,1420,A168_HF9F_20260827_0900,2026-08-27 09:00:00
2026-03-29,57024343,2218,0,1966.3105459788,196.6310545980,196.6310545980,0.5714286,9,9,0.50218230000000000,0.502182300000,0.3664203169582075,0.3664203169582075,0.3664203169582075,0E-17,ELIGIBLE,R03b_20260811_FULL_v1,L1_ELIGIBILITY,v2026-08-11,2026-03-21..2026-08-06,baccarat_bet02_101_all_pairs_incl_sentinel,round_win = game_pnl > 0 (decisive only),COMPATIBILITY_ONLY_NOT_PRODUCTION,4059548.3812,3680416.6879,6656.9809,9707,9692,-0.00163983,0.01249836,-0.00525961,-0.00163983,-6656.9809,4059548.3812,OK,0.0000,266.2792,4.0000,96.0000,AG03-UNRESOLVED,ALL5_LEVELS_bet23_to_bet27,266.2792,266.2792,266.2792,0.0000,0.0000,4.000000,4.000000,4.000000,0.000000,0.000000,96.000000,96.000000,96.000000,100.000000,100.000000,5.0,798.8377,767.3102,5858.1432,5889.6706,PENDING_AG03,FALSE,NOT_FOR_ENFORCEMENT,6390.7016,3533200.0204,6656.9809,6390.7016,266.2792,0.00163983,0.00157424,266.2792,6390.7016,0.00157424,266.2792,266.2792,266.2792,0.0000,0.0000,6390.7016,0.00157424,798.8377,767.3102,5858.1432,5889.6706,0.00144305,0.00145082,0.00006559,418.2083,379.7376,0.6869,61.6387,1.8384,37588.4109,89.7407,538.3845,395.5999,218.4789,430.6076,432.5446,432.5446,1046.441,1081.3617,427.0584,0.0,2.43015,2.511246,0.971205,30,216,96,2,0.20383968,0.00163983,-0.01249836,0E-8,0.000000,0.906607,0.000000,0.01775797,2026-03-22,2026-08-06,108,3621,2443,138,0.782609,1.360932,1.287360,0.679466,,,,,,,,GLOBAL_BASELINE_NO_ENTITY_RANKING,,,NOT_APPLICABLE_GLOBAL_BASELINE,HF9g-P5,,,,X 全窗基线 · 不参与实体赏罚,14197841,1420,A168_HF9F_20260827_0900,2026-08-27 09:00:00
2026-03-29,57024343,2244,0,2184.7894955320,393.2621091960,393.2621091960,0.6000000,10,10,0.50128862000000000,0.501288620000,0.6243076569377782,0.6243076569377782,0.6243076569377782,0E-17,ELIGIBLE,R03b_20260811_FULL_v1,L1_ELIGIBILITY,v2026-08-11,2026-03-21..2026-08-06,baccarat_bet02_101_all_pairs_incl_sentinel,round_win = game_pnl > 0 (decisive only),COMPATIBILITY_ONLY_NOT_PRODUCTION,4059548.3812,3680416.6879,6656.9809,9707,9692,-0.00163983,0.01249836,-0.00525961,-0.00163983,-6656.9809,4059548.3812,OK,0.0000,266.2792,4.0000,96.0000,AG03-UNRESOLVED,ALL5_LEVELS_bet23_to_bet27,266.2792,266.2792,266.2792,0.0000,0.0000,4.000000,4.000000,4.000000,0.000000,0.000000,96.000000,96.000000,96.000000,100.000000,100.000000,5.0,798.8377,767.3102,5858.1432,5889.6706,PENDING_AG03,FALSE,NOT_FOR_ENFORCEMENT,6390.7016,3533200.0204,6656.9809,6390.7016,266.2792,0.00163983,0.00157424,266.2792,6390.7016,0.00157424,266.2792,266.2792,266.2792,0.0000,0.0000,6390.7016,0.00157424,798.8377,767.3102,5858.1432,5889.6706,0.00144305,0.00145082,0.00006559,418.2083,379.7376,0.6869,61.6387,1.8384,37588.4109,89.7407,538.3845,395.5999,218.4789,430.6076,432.5446,432.5446,1046.441,1081.3617,427.0584,0.0,2.43015,2.511246,0.971205,30,216,96,2,0.20383968,0.00163983,-0.01249836,0E-8,0.000000,0.906607,0.000000,0.01775797,2026-03-22,2026-08-06,108,3621,2443,138,0.782609,1.360932,1.287360,0.679466,,,,,,,,GLOBAL_BASELINE_NO_ENTITY_RANKING,,,NOT_APPLICABLE_GLOBAL_BASELINE,HF9g-P5,,,,X 全窗基线 · 不参与实体赏罚,14197842,1420,A168_HF9F_20260827_0900,2026-08-27 09:00:00
2026-03-29,57024343,2250,0,436.9578991064,0E-10,0E-10,0.5000000,2,2,0.49994810000000000,0.499948100000,0.00014679536856514622,0.00014679536856514622,0.00014679536856514622,0E-17,ELIGIBLE,R03b_20260811_FULL_v1,L1_ELIGIBILITY,v2026-08-11,2026-03-21..2026-08-06,baccarat_bet02_101_all_pairs_incl_sentinel,round_win = game_pnl > 0 (decisive only),COMPATIBILITY_ONLY_NOT_PRODUCTION,4059548.3812,3680416.6879,6656.9809,9707,9692,-0.00163983,0.01249836,-0.00525961,-0.00163983,-6656.9809,4059548.3812,OK,0.0000,266.2792,4.0000,96.0000,AG03-UNRESOLVED,ALL5_LEVELS_bet23_to_bet27,266.2792,266.2792,266.2792,0.0000,0.0000,4.000000,4.000000,4.000000,0.000000,0.000000,96.000000,96.000000,96.000000,100.000000,100.000000,5.0,798.8377,767.3102,5858.1432,5889.6706,PENDING_AG03,FALSE,NOT_FOR_ENFORCEMENT,6390.7016,3533200.0204,6656.9809,6390.7016,266.2792,0.00163983,0.00157424,266.2792,6390.7016,0.00157424,266.2792,266.2792,266.2792,0.0000,0.0000,6390.7016,0.00157424,798.8377,767.3102,5858.1432,5889.6706,0.00144305,0.00145082,0.00006559,418.2083,379.7376,0.6869,61.6387,1.8384,37588.4109,89.7407,538.3845,395.5999,218.4789,430.6076,432.5446,432.5446,1046.441,1081.3617,427.0584,0.0,2.43015,2.511246,0.971205,30,216,96,2,0.20383968,0.00163983,-0.01249836,0E-8,0.000000,0.906607,0.000000,0.01775797,2026-03-22,2026-08-06,108,3621,2443,138,0.782609,1.360932,1.287360,0.679466,,,,,,,,GLOBAL_BASELINE_NO_ENTITY_RANKING,,,NOT_APPLICABLE_GLOBAL_BASELINE,HF9g-P5,,,,X 全窗基线 · 不参与实体赏罚,14197843,1420,A168_HF9F_20260827_0900,2026-08-27 09:00:00
2026-03-29,57024343,2252,0,2403.2684450852,-251.2507919860,-251.2507919860,0.4545455,11,11,0.50299473636363636,0.502994736364,-0.32138194295102357,-0.3213819429534371,-0.32138194295102357,-3.6364E-13,ELIGIBLE,R03b_20260811_FULL_v1,L1_ELIGIBILITY,v2026-08-11,2026-03-21..2026-08-06,baccarat_bet02_101_all_pairs_incl_sentinel,round_win = game_pnl > 0 (decisive only),COMPATIBILITY_ONLY_NOT_PRODUCTION,4059548.3812,3680416.6879,6656.9809,9707,9692,-0.00163983,0.01249836,-0.00525961,-0.00163983,-6656.9809,4059548.3812,OK,0.0000,266.2792,4.0000,96.0000,AG03-UNRESOLVED,ALL5_LEVELS_bet23_to_bet27,266.2792,266.2792,266.2792,0.0000,0.0000,4.000000,4.000000,4.000000,0.000000,0.000000,96.000000,96.000000,96.000000,100.000000,100.000000,5.0,798.8377,767.3102,5858.1432,5889.6706,PENDING_AG03,FALSE,NOT_FOR_ENFORCEMENT,6390.7016,3533200.0204,6656.9809,6390.7016,266.2792,0.00163983,0.00157424,266.2792,6390.7016,0.00157424,266.2792,266.2792,266.2792,0.0000,0.0000,6390.7016,0.00157424,798.8377,767.3102,5858.1432,5889.6706,0.00144305,0.00145082,0.00006559,418.2083,379.7376,0.6869,61.6387,1.8384,37588.4109,89.7407,538.3845,395.5999,218.4789,430.6076,432.5446,432.5446,1046.441,1081.3617,427.0584,0.0,2.43015,2.511246,0.971205,30,216,96,2,0.20383968,0.00163983,-0.01249836,0E-8,0.000000,0.906607,0.000000,0.01775797,2026-03-22,2026-08-06,108,3621,2443,138,0.782609,1.360932,1.287360,0.679466,,,,,,,,GLOBAL_BASELINE_NO_ENTITY_RANKING,,,NOT_APPLICABLE_GLOBAL_BASELINE,HF9g-P5,,,,X 全窗基线 · 不参与实体赏罚,14197844,1420,A168_HF9F_20260827_0900,2026-08-27 09:00:00
2026-03-29,57024343,529,0,1529.3526468724,218.4789495532,218.4789495532,0.6000000,7,7,0.49899058571428571,0.498990585714,0.4517287539699235,0.45172875397120177,0.4517287539699235,2.8571E-13,ELIGIBLE,R03b_20260811_FULL_v1,L1_ELIGIBILITY,v2026-08-11,2026-03-21..2026-08-06,baccarat_bet02_101_all_pairs_incl_sentinel,round_win = game_pnl > 0 (decisive only),COMPATIBILITY_ONLY_NOT_PRODUCTION,4059548.3812,3680416.6879,6656.9809,9707,9692,-0.00163983,0.01249836,-0.00525961,-0.00163983,-6656.9809,4059548.3812,OK,0.0000,266.2792,4.0000,96.0000,AG03-UNRESOLVED,ALL5_LEVELS_bet23_to_bet27,266.2792,266.2792,266.2792,0.0000,0.0000,4.000000,4.000000,4.000000,0.000000,0.000000,96.000000,96.000000,96.000000,100.000000,100.000000,5.0,798.8377,767.3102,5858.1432,5889.6706,PENDING_AG03,FALSE,NOT_FOR_ENFORCEMENT,6390.7016,3533200.0204,6656.9809,6390.7016,266.2792,0.00163983,0.00157424,266.2792,6390.7016,0.00157424,266.2792,266.2792,266.2792,0.0000,0.0000,6390.7016,0.00157424,798.8377,767.3102,5858.1432,5889.6706,0.00144305,0.00145082,0.00006559,418.2083,379.7376,0.6869,61.6387,1.8384,37588.4109,89.7407,538.3845,395.5999,218.4789,430.6076,432.5446,432.5446,1046.441,1081.3617,427.0584,0.0,2.43015,2.511246,0.971205,30,216,96,2,0.20383968,0.00163983,-0.01249836,0E-8,0.000000,0.906607,0.000000,0.01775797,2026-03-22,2026-08-06,108,3621,2443,138,0.782609,1.360932,1.287360,0.679466,,,,,,,,GLOBAL_BASELINE_NO_ENTITY_RANKING,,,NOT_APPLICABLE_GLOBAL_BASELINE,HF9g-P5,,,,X 全窗基线 · 不参与实体赏罚,14197845,1420,A168_HF9F_20260827_0900,2026-08-27 09:00:00
2026-03-29,57024343,772,0,218.4789495532,-218.4789495532,-218.4789495532,0E-7,1,1,0.50665070000000000,0.506650700000,-1.013391052207602,-1.013391052207602,-1.013391052207602,0E-17,ELIGIBLE,R03b_20260811_FULL_v1,L1_ELIGIBILITY,v2026-08-11,2026-03-21..2026-08-06,baccarat_bet02_101_all_pairs_incl_sentinel,round_win = game_pnl > 0 (decisive only),COMPATIBILITY_ONLY_NOT_PRODUCTION,4059548.3812,3680416.6879,6656.9809,9707,9692,-0.00163983,0.01249836,-0.00525961,-0.00163983,-6656.9809,4059548.3812,OK,0.0000,266.2792,4.0000,96.0000,AG03-UNRESOLVED,ALL5_LEVELS_bet23_to_bet27,266.2792,266.2792,266.2792,0.0000,0.0000,4.000000,4.000000,4.000000,0.000000,0.000000,96.000000,96.000000,96.000000,100.000000,100.000000,5.0,798.8377,767.3102,5858.1432,5889.6706,PENDING_AG03,FALSE,NOT_FOR_ENFORCEMENT,6390.7016,3533200.0204,6656.9809,6390.7016,266.2792,0.00163983,0.00157424,266.2792,6390.7016,0.00157424,266.2792,266.2792,266.2792,0.0000,0.0000,6390.7016,0.00157424,798.8377,767.3102,5858.1432,5889.6706,0.00144305,0.00145082,0.00006559,418.2083,379.7376,0.6869,61.6387,1.8384,37588.4109,89.7407,538.3845,395.5999,218.4789,430.6076,432.5446,432.5446,1046.441,1081.3617,427.0584,0.0,2.43015,2.511246,0.971205,30,216,96,2,0.20383968,0.00163983,-0.01249836,0E-8,0.000000,0.906607,0.000000,0.01775797,2026-03-22,2026-08-06,108,3621,2443,138,0.782609,1.360932,1.287360,0.679466,,,,,,,,GLOBAL_BASELINE_NO_ENTITY_RANKING,,,NOT_APPLICABLE_GLOBAL_BASELINE,HF9g-P5,,,,X 全窗基线 · 不参与实体赏罚,14197846,1420,A168_HF9F_20260827_0900,2026-08-27 09:00:00
2026-03-29,57024343,915,0,1966.3105459788,-32.7718424329,-32.7718424329,0.4285714,8,8,0.50329940000000000,0.503299400000,-0.395431866228915,-0.39543186622891513,-0.395431866228915,0E-17,ELIGIBLE,R03b_20260811_FULL_v1,L1_ELIGIBILITY,v2026-08-11,2026-03-21..2026-08-06,baccarat_bet02_101_all_pairs_incl_sentinel,round_win = game_pnl > 0 (decisive only),COMPATIBILITY_ONLY_NOT_PRODUCTION,4059548.3812,3680416.6879,6656.9809,9707,9692,-0.00163983,0.01249836,-0.00525961,-0.00163983,-6656.9809,4059548.3812,OK,0.0000,266.2792,4.0000,96.0000,AG03-UNRESOLVED,ALL5_LEVELS_bet23_to_bet27,266.2792,266.2792,266.2792,0.0000,0.0000,4.000000,4.000000,4.000000,0.000000,0.000000,96.000000,96.000000,96.000000,100.000000,100.000000,5.0,798.8377,767.3102,5858.1432,5889.6706,PENDING_AG03,FALSE,NOT_FOR_ENFORCEMENT,6390.7016,3533200.0204,6656.9809,6390.7016,266.2792,0.00163983,0.00157424,266.2792,6390.7016,0.00157424,266.2792,266.2792,266.2792,0.0000,0.0000,6390.7016,0.00157424,798.8377,767.3102,5858.1432,5889.6706,0.00144305,0.00145082,0.00006559,418.2083,379.7376,0.6869,61.6387,1.8384,37588.4109,89.7407,538.3845,395.5999,218.4789,430.6076,432.5446,432.5446,1046.441,1081.3617,427.0584,0.0,2.43015,2.511246,0.971205,30,216,96,2,0.20383968,0.00163983,-0.01249836,0E-8,0.000000,0.906607,0.000000,0.01775797,2026-03-22,2026-08-06,108,3621,2443,138,0.782609,1.360932,1.287360,0.679466,,,,,,,,GLOBAL_BASELINE_NO_ENTITY_RANKING,,,NOT_APPLICABLE_GLOBAL_BASELINE,HF9g-P5,,,,X 全窗基线 · 不参与实体赏罚,14197847,1420,A168_HF9F_20260827_0900,2026-08-27 09:00:00
2026-03-29,57024343,970,0,2184.7894955320,-32.7718424328,-32.7718424328,0.5000000,10,10,0.50128862000000000,0.501288620000,-0.008149975543682601,-0.008149975543682601,-0.008149975543682601,0E-17,ELIGIBLE,R03b_20260811_FULL_v1,L1_ELIGIBILITY,v2026-08-11,2026-03-21..2026-08-06,baccarat_bet02_101_all_pairs_incl_sentinel,round_win = game_pnl > 0 (decisive only),COMPATIBILITY_ONLY_NOT_PRODUCTION,4059548.3812,3680416.6879,6656.9809,9707,9692,-0.00163983,0.01249836,-0.00525961,-0.00163983,-6656.9809,4059548.3812,OK,0.0000,266.2792,4.0000,96.0000,AG03-UNRESOLVED,ALL5_LEVELS_bet23_to_bet27,266.2792,266.2792,266.2792,0.0000,0.0000,4.000000,4.000000,4.000000,0.000000,0.000000,96.000000,96.000000,96.000000,100.000000,100.000000,5.0,798.8377,767.3102,5858.1432,5889.6706,PENDING_AG03,FALSE,NOT_FOR_ENFORCEMENT,6390.7016,3533200.0204,6656.9809,6390.7016,266.2792,0.00163983,0.00157424,266.2792,6390.7016,0.00157424,266.2792,266.2792,266.2792,0.0000,0.0000,6390.7016,0.00157424,798.8377,767.3102,5858.1432,5889.6706,0.00144305,0.00145082,0.00006559,418.2083,379.7376,0.6869,61.6387,1.8384,37588.4109,89.7407,538.3845,395.5999,218.4789,430.6076,432.5446,432.5446,1046.441,1081.3617,427.0584,0.0,2.43015,2.511246,0.971205,30,216,96,2,0.20383968,0.00163983,-0.01249836,0E-8,0.000000,0.906607,0.000000,0.01775797,2026-03-22,2026-08-06,108,3621,2443,138,0.782609,1.360932,1.287360,0.679466,,,,,,,,GLOBAL_BASELINE_NO_ENTITY_RANKING,,,NOT_APPLICABLE_GLOBAL_BASELINE,HF9g-P5,,,,X 全窗基线 · 不参与实体赏罚,14197848,1420,A168_HF9F_20260827_0900,2026-08-27 09:00:00
2026-03-30,57024343,-1,1,8083.7211334684,-2261.2571278753,-2261.2571278753,0.3333333,36,36,0.50143756666666667,0.501437566667,-1.9313785818455806,-1.931378581849414,-1.9313785818455806,-3.3333E-13,SENTINEL_DEALER,R03b_20260811_FULL_v1,L1_ELIGIBILITY,v2026-08-11,2026-03-21..2026-08-06,baccarat_bet02_101_all_pairs_incl_sentinel,round_win = game_pnl > 0 (decisive only),COMPATIBILITY_ONLY_NOT_PRODUCTION,4059548.3812,3680416.6879,6656.9809,9707,9692,-0.00163983,0.01249836,-0.00525961,-0.00163983,-6656.9809,4059548.3812,OK,0.0000,266.2792,4.0000,96.0000,AG03-UNRESOLVED,ALL5_LEVELS_bet23_to_bet27,266.2792,266.2792,266.2792,0.0000,0.0000,4.000000,4.000000,4.000000,0.000000,0.000000,96.000000,96.000000,96.000000,100.000000,100.000000,5.0,798.8377,767.3102,5858.1432,5889.6706,PENDING_AG03,FALSE,NOT_FOR_ENFORCEMENT,6390.7016,3533200.0204,6656.9809,6390.7016,266.2792,0.00163983,0.00157424,266.2792,6390.7016,0.00157424,266.2792,266.2792,266.2792,0.0000,0.0000,6390.7016,0.00157424,798.8377,767.3102,5858.1432,5889.6706,0.00144305,0.00145082,0.00006559,418.2083,379.7376,0.6869,61.6387,1.8384,37588.4109,89.7407,538.3845,395.5999,218.4789,430.6076,432.5446,432.5446,1046.441,1081.3617,427.0584,0.0,2.43015,2.511246,0.971205,30,216,96,2,0.20383968,0.00163983,-0.01249836,0E-8,0.000000,0.906607,0.000000,0.01775797,2026-03-22,2026-08-06,108,3621,2443,138,0.782609,1.360932,1.287360,0.679466,,,,,,,,GLOBAL_BASELINE_NO_ENTITY_RANKING,,,NOT_APPLICABLE_GLOBAL_BASELINE,HF9g-P5,,,,X 全窗基线 · 不参与实体赏罚,14197849,1420,A168_HF9F_20260827_0900,2026-08-27 09:00:00
2026-03-30,57024343,1115,0,1529.3526468724,-32.7718424329,-32.7718424329,0.5000000,5,5,0.50396966000000000,0.503969660000,-0.0158791404612453,-0.0158791404612453,-0.0158791404612453,0E-17,ELIGIBLE,R03b_20260811_FULL_v1,L1_ELIGIBILITY,v2026-08-11,2026-03-21..2026-08-06,baccarat_bet02_101_all_pairs_incl_sentinel,round_win = game_pnl > 0 (decisive only),COMPATIBILITY_ONLY_NOT_PRODUCTION,4059548.3812,3680416.6879,6656.9809,9707,9692,-0.00163983,0.01249836,-0.00525961,-0.00163983,-6656.9809,4059548.3812,OK,0.0000,266.2792,4.0000,96.0000,AG03-UNRESOLVED,ALL5_LEVELS_bet23_to_bet27,266.2792,266.2792,266.2792,0.0000,0.0000,4.000000,4.000000,4.000000,0.000000,0.000000,96.000000,96.000000,96.000000,100.000000,100.000000,5.0,798.8377,767.3102,5858.1432,5889.6706,PENDING_AG03,FALSE,NOT_FOR_ENFORCEMENT,6390.7016,3533200.0204,6656.9809,6390.7016,266.2792,0.00163983,0.00157424,266.2792,6390.7016,0.00157424,266.2792,266.2792,266.2792,0.0000,0.0000,6390.7016,0.00157424,798.8377,767.3102,5858.1432,5889.6706,0.00144305,0.00145082,0.00006559,418.2083,379.7376,0.6869,61.6387,1.8384,37588.4109,89.7407,538.3845,395.5999,218.4789,430.6076,432.5446,432.5446,1046.441,1081.3617,427.0584,0.0,2.43015,2.511246,0.971205,30,216,96,2,0.20383968,0.00163983,-0.01249836,0E-8,0.000000,0.906607,0.000000,0.01775797,2026-03-22,2026-08-06,108,3621,2443,138,0.782609,1.360932,1.287360,0.679466,,,,,,,,GLOBAL_BASELINE_NO_ENTITY_RANKING,,,NOT_APPLICABLE_GLOBAL_BASELINE,HF9g-P5,,,,X 全窗基线 · 不参与实体赏罚,14197850,1420,A168_HF9F_20260827_0900,2026-08-27 09:00:00
2026-03-30,57024343,1205,0,218.4789495532,207.5550020756,207.5550020756,1.0000000,1,1,0.50665070000000000,0.506650700000,0.9867858985152569,0.9867858985152569,0.9867858985152569,0E-17,ELIGIBLE,R03b_20260811_FULL_v1,L1_ELIGIBILITY,v2026-08-11,2026-03-21..2026-08-06,baccarat_bet02_101_all_pairs_incl_sentinel,round_win = game_pnl > 0 (decisive only),COMPATIBILITY_ONLY_NOT_PRODUCTION,4059548.3812,3680416.6879,6656.9809,9707,9692,-0.00163983,0.01249836,-0.00525961,-0.00163983,-6656.9809,4059548.3812,OK,0.0000,266.2792,4.0000,96.0000,AG03-UNRESOLVED,ALL5_LEVELS_bet23_to_bet27,266.2792,266.2792,266.2792,0.0000,0.0000,4.000000,4.000000,4.000000,0.000000,0.000000,96.000000,96.000000,96.000000,100.000000,100.000000,5.0,798.8377,767.3102,5858.1432,5889.6706,PENDING_AG03,FALSE,NOT_FOR_ENFORCEMENT,6390.7016,3533200.0204,6656.9809,6390.7016,266.2792,0.00163983,0.00157424,266.2792,6390.7016,0.00157424,266.2792,266.2792,266.2792,0.0000,0.0000,6390.7016,0.00157424,798.8377,767.3102,5858.1432,5889.6706,0.00144305,0.00145082,0.00006559,418.2083,379.7376,0.6869,61.6387,1.8384,37588.4109,89.7407,538.3845,395.5999,218.4789,430.6076,432.5446,432.5446,1046.441,1081.3617,427.0584,0.0,2.43015,2.511246,0.971205,30,216,96,2,0.20383968,0.00163983,-0.01249836,0E-8,0.000000,0.906607,0.000000,0.01775797,2026-03-22,2026-08-06,108,3621,2443,138,0.782609,1.360932,1.287360,0.679466,,,,,,,,GLOBAL_BASELINE_NO_ENTITY_RANKING,,,NOT_APPLICABLE_GLOBAL_BASELINE,HF9g-P5,,,,X 全窗基线 · 不参与实体赏罚,14197851,1420,A168_HF9F_20260827_0900,2026-08-27 09:00:00
2026-03-30,57024343,1221,0,436.9578991064,-10.9239474776,-10.9239474776,0.5000000,2,2,0.50665070000000000,0.506650700000,-0.018812684590367487,-0.018812684590367487,-0.018812684590367487,0E-17,ELIGIBLE,R03b_20260811_FULL_v1,L1_ELIGIBILITY,v2026-08-11,2026-03-21..2026-08-06,baccarat_bet02_101_all_pairs_incl_sentinel,round_win = game_pnl > 0 (decisive only),COMPATIBILITY_ONLY_NOT_PRODUCTION,4059548.3812,3680416.6879,6656.9809,9707,9692,-0.00163983,0.01249836,-0.00525961,-0.00163983,-6656.9809,4059548.3812,OK,0.0000,266.2792,4.0000,96.0000,AG03-UNRESOLVED,ALL5_LEVELS_bet23_to_bet27,266.2792,266.2792,266.2792,0.0000,0.0000,4.000000,4.000000,4.000000,0.000000,0.000000,96.000000,96.000000,96.000000,100.000000,100.000000,5.0,798.8377,767.3102,5858.1432,5889.6706,PENDING_AG03,FALSE,NOT_FOR_ENFORCEMENT,6390.7016,3533200.0204,6656.9809,6390.7016,266.2792,0.00163983,0.00157424,266.2792,6390.7016,0.00157424,266.2792,266.2792,266.2792,0.0000,0.0000,6390.7016,0.00157424,798.8377,767.3102,5858.1432,5889.6706,0.00144305,0.00145082,0.00006559,418.2083,379.7376,0.6869,61.6387,1.8384,37588.4109,89.7407,538.3845,395.5999,218.4789,430.6076,432.5446,432.5446,1046.441,1081.3617,427.0584,0.0,2.43015,2.511246,0.971205,30,216,96,2,0.20383968,0.00163983,-0.01249836,0E-8,0.000000,0.906607,0.000000,0.01775797,2026-03-22,2026-08-06,108,3621,2443,138,0.782609,1.360932,1.287360,0.679466,,,,,,,,GLOBAL_BASELINE_NO_ENTITY_RANKING,,,NOT_APPLICABLE_GLOBAL_BASELINE,HF9g-P5,,,,X 全窗基线 · 不参与实体赏罚,14197852,1420,A168_HF9F_20260827_0900,2026-08-27 09:00:00
2026-03-30,57024343,1291,0,1529.3526468724,404.1860566736,404.1860566736,0.6666667,7,7,0.50282064285714286,0.502820642857,0.802691081998535,0.8026910819992337,0.802691081998535,1.4286E-13,ELIGIBLE,R03b_20260811_FULL_v1,L1_ELIGIBILITY,v2026-08-11,2026-03-21..2026-08-06,baccarat_bet02_101_all_pairs_incl_sentinel,round_win = game_pnl > 0 (decisive only),COMPATIBILITY_ONLY_NOT_PRODUCTION,4059548.3812,3680416.6879,6656.9809,9707,9692,-0.00163983,0.01249836,-0.00525961,-0.00163983,-6656.9809,4059548.3812,OK,0.0000,266.2792,4.0000,96.0000,AG03-UNRESOLVED,ALL5_LEVELS_bet23_to_bet27,266.2792,266.2792,266.2792,0.0000,0.0000,4.000000,4.000000,4.000000,0.000000,0.000000,96.000000,96.000000,96.000000,100.000000,100.000000,5.0,798.8377,767.3102,5858.1432,5889.6706,PENDING_AG03,FALSE,NOT_FOR_ENFORCEMENT,6390.7016,3533200.0204,6656.9809,6390.7016,266.2792,0.00163983,0.00157424,266.2792,6390.7016,0.00157424,266.2792,266.2792,266.2792,0.0000,0.0000,6390.7016,0.00157424,798.8377,767.3102,5858.1432,5889.6706,0.00144305,0.00145082,0.00006559,418.2083,379.7376,0.6869,61.6387,1.8384,37588.4109,89.7407,538.3845,395.5999,218.4789,430.6076,432.5446,432.5446,1046.441,1081.3617,427.0584,0.0,2.43015,2.511246,0.971205,30,216,96,2,0.20383968,0.00163983,-0.01249836,0E-8,0.000000,0.906607,0.000000,0.01775797,2026-03-22,2026-08-06,108,3621,2443,138,0.782609,1.360932,1.287360,0.679466,,,,,,,,GLOBAL_BASELINE_NO_ENTITY_RANKING,,,NOT_APPLICABLE_GLOBAL_BASELINE,HF9g-P5,,,,X 全窗基线 · 不参与实体赏罚,14197853,1420,A168_HF9F_20260827_0900,2026-08-27 09:00:00
2026-03-30,57024343,1318,0,873.9157982128,218.4789495532,218.4789495532,0.6666667,4,4,0.49994810000000000,0.499948100000,0.5775300591747329,0.5775300591747329,0.5775300591747329,0E-17,ELIGIBLE,R03b_20260811_FULL_v1,L1_ELIGIBILITY,v2026-08-11,2026-03-21..2026-08-06,baccarat_bet02_101_all_pairs_incl_sentinel,round_win = game_pnl > 0 (decisive only),COMPATIBILITY_ONLY_NOT_PRODUCTION,4059548.3812,3680416.6879,6656.9809,9707,9692,-0.00163983,0.01249836,-0.00525961,-0.00163983,-6656.9809,4059548.3812,OK,0.0000,266.2792,4.0000,96.0000,AG03-UNRESOLVED,ALL5_LEVELS_bet23_to_bet27,266.2792,266.2792,266.2792,0.0000,0.0000,4.000000,4.000000,4.000000,0.000000,0.000000,96.000000,96.000000,96.000000,100.000000,100.000000,5.0,798.8377,767.3102,5858.1432,5889.6706,PENDING_AG03,FALSE,NOT_FOR_ENFORCEMENT,6390.7016,3533200.0204,6656.9809,6390.7016,266.2792,0.00163983,0.00157424,266.2792,6390.7016,0.00157424,266.2792,266.2792,266.2792,0.0000,0.0000,6390.7016,0.00157424,798.8377,767.3102,5858.1432,5889.6706,0.00144305,0.00145082,0.00006559,418.2083,379.7376,0.6869,61.6387,1.8384,37588.4109,89.7407,538.3845,395.5999,218.4789,430.6076,432.5446,432.5446,1046.441,1081.3617,427.0584,0.0,2.43015,2.511246,0.971205,30,216,96,2,0.20383968,0.00163983,-0.01249836,0E-8,0.000000,0.906607,0.000000,0.01775797,2026-03-22,2026-08-06,108,3621,2443,138,0.782609,1.360932,1.287360,0.679466,,,,,,,,GLOBAL_BASELINE_NO_ENTITY_RANKING,,,NOT_APPLICABLE_GLOBAL_BASELINE,HF9g-P5,,,,X 全窗基线 · 不参与实体赏罚,14197854,1420,A168_HF9F_20260827_0900,2026-08-27 09:00:00
2026-03-30,57024343,1323,0,655.4368486596,196.6310545980,196.6310545980,0.6666667,3,3,0.50665070000000000,0.506650700000,0.5543606114942035,0.5543606114942035,0.5543606114942035,0E-17,ELIGIBLE,R03b_20260811_FULL_v1,L1_ELIGIBILITY,v2026-08-11,2026-03-21..2026-08-06,baccarat_bet02_101_all_pairs_incl_sentinel,round_win = game_pnl > 0 (decisive only),COMPATIBILITY_ONLY_NOT_PRODUCTION,4059548.3812,3680416.6879,6656.9809,9707,9692,-0.00163983,0.01249836,-0.00525961,-0.00163983,-6656.9809,4059548.3812,OK,0.0000,266.2792,4.0000,96.0000,AG03-UNRESOLVED,ALL5_LEVELS_bet23_to_bet27,266.2792,266.2792,266.2792,0.0000,0.0000,4.000000,4.000000,4.000000,0.000000,0.000000,96.000000,96.000000,96.000000,100.000000,100.000000,5.0,798.8377,767.3102,5858.1432,5889.6706,PENDING_AG03,FALSE,NOT_FOR_ENFORCEMENT,6390.7016,3533200.0204,6656.9809,6390.7016,266.2792,0.00163983,0.00157424,266.2792,6390.7016,0.00157424,266.2792,266.2792,266.2792,0.0000,0.0000,6390.7016,0.00157424,798.8377,767.3102,5858.1432,5889.6706,0.00144305,0.00145082,0.00006559,418.2083,379.7376,0.6869,61.6387,1.8384,37588.4109,89.7407,538.3845,395.5999,218.4789,430.6076,432.5446,432.5446,1046.441,1081.3617,427.0584,0.0,2.43015,2.511246,0.971205,30,216,96,2,0.20383968,0.00163983,-0.01249836,0E-8,0.000000,0.906607,0.000000,0.01775797,2026-03-22,2026-08-06,108,3621,2443,138,0.782609,1.360932,1.287360,0.679466,,,,,,,,GLOBAL_BASELINE_NO_ENTITY_RANKING,,,NOT_APPLICABLE_GLOBAL_BASELINE,HF9g-P5,,,,X 全窗基线 · 不参与实体赏罚,14197855,1420,A168_HF9F_20260827_0900,2026-08-27 09:00:00
2026-03-30,57024343,1331,0,655.4368486596,-229.4028970308,-229.4028970308,0.3333333,3,3,0.50218230000000000,0.502182300000,-0.5849155494134425,-0.5849155494134426,-0.5849155494134425,0E-17,ELIGIBLE,R03b_20260811_FULL_v1,L1_ELIGIBILITY,v2026-08-11,2026-03-21..2026-08-06,baccarat_bet02_101_all_pairs_incl_sentinel,round_win = game_pnl > 0 (decisive only),COMPATIBILITY_ONLY_NOT_PRODUCTION,4059548.3812,3680416.6879,6656.9809,9707,9692,-0.00163983,0.01249836,-0.00525961,-0.00163983,-6656.9809,4059548.3812,OK,0.0000,266.2792,4.0000,96.0000,AG03-UNRESOLVED,ALL5_LEVELS_bet23_to_bet27,266.2792,266.2792,266.2792,0.0000,0.0000,4.000000,4.000000,4.000000,0.000000,0.000000,96.000000,96.000000,96.000000,100.000000,100.000000,5.0,798.8377,767.3102,5858.1432,5889.6706,PENDING_AG03,FALSE,NOT_FOR_ENFORCEMENT,6390.7016,3533200.0204,6656.9809,6390.7016,266.2792,0.00163983,0.00157424,266.2792,6390.7016,0.00157424,266.2792,266.2792,266.2792,0.0000,0.0000,6390.7016,0.00157424,798.8377,767.3102,5858.1432,5889.6706,0.00144305,0.00145082,0.00006559,418.2083,379.7376,0.6869,61.6387,1.8384,37588.4109,89.7407,538.3845,395.5999,218.4789,430.6076,432.5446,432.5446,1046.441,1081.3617,427.0584,0.0,2.43015,2.511246,0.971205,30,216,96,2,0.20383968,0.00163983,-0.01249836,0E-8,0.000000,0.906607,0.000000,0.01775797,2026-03-22,2026-08-06,108,3621,2443,138,0.782609,1.360932,1.287360,0.679466,,,,,,,,GLOBAL_BASELINE_NO_ENTITY_RANKING,,,NOT_APPLICABLE_GLOBAL_BASELINE,HF9g-P5,,,,X 全窗基线 · 不参与实体赏罚,14197856,1420,A168_HF9F_20260827_0900,2026-08-27 09:00:00
2026-03-30,57024343,1363,0,873.9157982128,-436.9578991064,-436.9578991064,0.2500000,4,4,0.49994810000000000,0.499948100000,-0.9997924053861017,-0.9997924053861017,-0.9997924053861017,0E-17,ELIGIBLE,R03b_20260811_FULL_v1,L1_ELIGIBILITY,v2026-08-11,2026-03-21..2026-08-06,baccarat_bet02_101_all_pairs_incl_sentinel,round_win = game_pnl > 0 (decisive only),COMPATIBILITY_ONLY_NOT_PRODUCTION,4059548.3812,3680416.6879,6656.9809,9707,9692,-0.00163983,0.01249836,-0.00525961,-0.00163983,-6656.9809,4059548.3812,OK,0.0000,266.2792,4.0000,96.0000,AG03-UNRESOLVED,ALL5_LEVELS_bet23_to_bet27,266.2792,266.2792,266.2792,0.0000,0.0000,4.000000,4.000000,4.000000,0.000000,0.000000,96.000000,96.000000,96.000000,100.000000,100.000000,5.0,798.8377,767.3102,5858.1432,5889.6706,PENDING_AG03,FALSE,NOT_FOR_ENFORCEMENT,6390.7016,3533200.0204,6656.9809,6390.7016,266.2792,0.00163983,0.00157424,266.2792,6390.7016,0.00157424,266.2792,266.2792,266.2792,0.0000,0.0000,6390.7016,0.00157424,798.8377,767.3102,5858.1432,5889.6706,0.00144305,0.00145082,0.00006559,418.2083,379.7376,0.6869,61.6387,1.8384,37588.4109,89.7407,538.3845,395.5999,218.4789,430.6076,432.5446,432.5446,1046.441,1081.3617,427.0584,0.0,2.43015,2.511246,0.971205,30,216,96,2,0.20383968,0.00163983,-0.01249836,0E-8,0.000000,0.906607,0.000000,0.01775797,2026-03-22,2026-08-06,108,3621,2443,138,0.782609,1.360932,1.287360,0.679466,,,,,,,,GLOBAL_BASELINE_NO_ENTITY_RANKING,,,NOT_APPLICABLE_GLOBAL_BASELINE,HF9g-P5,,,,X 全窗基线 · 不参与实体赏罚,14197857,1420,A168_HF9F_20260827_0900,2026-08-27 09:00:00
2026-03-30,57024343,1396,0,655.4368486596,-229.4028970308,-229.4028970308,0.3333333,3,3,0.50665070000000000,0.506650700000,-0.6004420894325239,-0.6004420894325239,-0.6004420894325239,0E-17,ELIGIBLE,R03b_20260811_FULL_v1,L1_ELIGIBILITY,v2026-08-11,2026-03-21..2026-08-06,baccarat_bet02_101_all_pairs_incl_sentinel,round_win = game_pnl > 0 (decisive only),COMPATIBILITY_ONLY_NOT_PRODUCTION,4059548.3812,3680416.6879,6656.9809,9707,9692,-0.00163983,0.01249836,-0.00525961,-0.00163983,-6656.9809,4059548.3812,OK,0.0000,266.2792,4.0000,96.0000,AG03-UNRESOLVED,ALL5_LEVELS_bet23_to_bet27,266.2792,266.2792,266.2792,0.0000,0.0000,4.000000,4.000000,4.000000,0.000000,0.000000,96.000000,96.000000,96.000000,100.000000,100.000000,5.0,798.8377,767.3102,5858.1432,5889.6706,PENDING_AG03,FALSE,NOT_FOR_ENFORCEMENT,6390.7016,3533200.0204,6656.9809,6390.7016,266.2792,0.00163983,0.00157424,266.2792,6390.7016,0.00157424,266.2792,266.2792,266.2792,0.0000,0.0000,6390.7016,0.00157424,798.8377,767.3102,5858.1432,5889.6706,0.00144305,0.00145082,0.00006559,418.2083,379.7376,0.6869,61.6387,1.8384,37588.4109,89.7407,538.3845,395.5999,218.4789,430.6076,432.5446,432.5446,1046.441,1081.3617,427.0584,0.0,2.43015,2.511246,0.971205,30,216,96,2,0.20383968,0.00163983,-0.01249836,0E-8,0.000000,0.906607,0.000000,0.01775797,2026-03-22,2026-08-06,108,3621,2443,138,0.782609,1.360932,1.287360,0.679466,,,,,,,,GLOBAL_BASELINE_NO_ENTITY_RANKING,,,NOT_APPLICABLE_GLOBAL_BASELINE,HF9g-P5,,,,X 全窗基线 · 不参与实体赏罚,14197858,1420,A168_HF9F_20260827_0900,2026-08-27 09:00:00
2026-03-30,57024343,1405,0,1747.8315964257,808.3721133470,808.3721133470,0.5000000,4,4,0.50329940000000000,0.503299400000,-0.01319788734859681,-0.01319788734859681,-0.01319788734859681,0E-17,ELIGIBLE,R03b_20260811_FULL_v1,L1_ELIGIBILITY,v2026-08-11,2026-03-21..2026-08-06,baccarat_bet02_101_all_pairs_incl_sentinel,round_win = game_pnl > 0 (decisive only),COMPATIBILITY_ONLY_NOT_PRODUCTION,4059548.3812,3680416.6879,6656.9809,9707,9692,-0.00163983,0.01249836,-0.00525961,-0.00163983,-6656.9809,4059548.3812,OK,0.0000,266.2792,4.0000,96.0000,AG03-UNRESOLVED,ALL5_LEVELS_bet23_to_bet27,266.2792,266.2792,266.2792,0.0000,0.0000,4.000000,4.000000,4.000000,0.000000,0.000000,96.000000,96.000000,96.000000,100.000000,100.000000,5.0,798.8377,767.3102,5858.1432,5889.6706,PENDING_AG03,FALSE,NOT_FOR_ENFORCEMENT,6390.7016,3533200.0204,6656.9809,6390.7016,266.2792,0.00163983,0.00157424,266.2792,6390.7016,0.00157424,266.2792,266.2792,266.2792,0.0000,0.0000,6390.7016,0.00157424,798.8377,767.3102,5858.1432,5889.6706,0.00144305,0.00145082,0.00006559,418.2083,379.7376,0.6869,61.6387,1.8384,37588.4109,89.7407,538.3845,395.5999,218.4789,430.6076,432.5446,432.5446,1046.441,1081.3617,427.0584,0.0,2.43015,2.511246,0.971205,30,216,96,2,0.20383968,0.00163983,-0.01249836,0E-8,0.000000,0.906607,0.000000,0.01775797,2026-03-22,2026-08-06,108,3621,2443,138,0.782609,1.360932,1.287360,0.679466,,,,,,,,GLOBAL_BASELINE_NO_ENTITY_RANKING,,,NOT_APPLICABLE_GLOBAL_BASELINE,HF9g-P5,,,,X 全窗基线 · 不参与实体赏罚,14197859,1420,A168_HF9F_20260827_0900,2026-08-27 09:00:00
2026-03-30,57024343,1507,0,1092.3947477660,-21.8478949552,-21.8478949552,0.5000000,5,5,0.50396966000000000,0.503969660000,-0.0158791404612453,-0.0158791404612453,-0.0158791404612453,0E-17,ELIGIBLE,R03b_20260811_FULL_v1,L1_ELIGIBILITY,v2026-08-11,2026-03-21..2026-08-06,baccarat_bet02_101_all_pairs_incl_sentinel,round_win = game_pnl > 0 (decisive only),COMPATIBILITY_ONLY_NOT_PRODUCTION,4059548.3812,3680416.6879,6656.9809,9707,9692,-0.00163983,0.01249836,-0.00525961,-0.00163983,-6656.9809,4059548.3812,OK,0.0000,266.2792,4.0000,96.0000,AG03-UNRESOLVED,ALL5_LEVELS_bet23_to_bet27,266.2792,266.2792,266.2792,0.0000,0.0000,4.000000,4.000000,4.000000,0.000000,0.000000,96.000000,96.000000,96.000000,100.000000,100.000000,5.0,798.8377,767.3102,5858.1432,5889.6706,PENDING_AG03,FALSE,NOT_FOR_ENFORCEMENT,6390.7016,3533200.0204,6656.9809,6390.7016,266.2792,0.00163983,0.00157424,266.2792,6390.7016,0.00157424,266.2792,266.2792,266.2792,0.0000,0.0000,6390.7016,0.00157424,798.8377,767.3102,5858.1432,5889.6706,0.00144305,0.00145082,0.00006559,418.2083,379.7376,0.6869,61.6387,1.8384,37588.4109,89.7407,538.3845,395.5999,218.4789,430.6076,432.5446,432.5446,1046.441,1081.3617,427.0584,0.0,2.43015,2.511246,0.971205,30,216,96,2,0.20383968,0.00163983,-0.01249836,0E-8,0.000000,0.906607,0.000000,0.01775797,2026-03-22,2026-08-06,108,3621,2443,138,0.782609,1.360932,1.287360,0.679466,,,,,,,,GLOBAL_BASELINE_NO_ENTITY_RANKING,,,NOT_APPLICABLE_GLOBAL_BASELINE,HF9g-P5,,,,X 全窗基线 · 不参与实体赏罚,14197860,1420,A168_HF9F_20260827_0900,2026-08-27 09:00:00
2026-03-30,57024343,1646,0,655.4368486596,415.1100041512,415.1100041512,1.0000000,3,3,0.50665070000000000,0.506650700000,1.3955260008387969,1.3955260008387969,1.3955260008387969,0E-17,ELIGIBLE,R03b_20260811_FULL_v1,L1_ELIGIBILITY,v2026-08-11,2026-03-21..2026-08-06,baccarat_bet02_101_all_pairs_incl_sentinel,round_win = game_pnl > 0 (decisive only),COMPATIBILITY_ONLY_NOT_PRODUCTION,4059548.3812,3680416.6879,6656.9809,9707,9692,-0.00163983,0.01249836,-0.00525961,-0.00163983,-6656.9809,4059548.3812,OK,0.0000,266.2792,4.0000,96.0000,AG03-UNRESOLVED,ALL5_LEVELS_bet23_to_bet27,266.2792,266.2792,266.2792,0.0000,0.0000,4.000000,4.000000,4.000000,0.000000,0.000000,96.000000,96.000000,96.000000,100.000000,100.000000,5.0,798.8377,767.3102,5858.1432,5889.6706,PENDING_AG03,FALSE,NOT_FOR_ENFORCEMENT,6390.7016,3533200.0204,6656.9809,6390.7016,266.2792,0.00163983,0.00157424,266.2792,6390.7016,0.00157424,266.2792,266.2792,266.2792,0.0000,0.0000,6390.7016,0.00157424,798.8377,767.3102,5858.1432,5889.6706,0.00144305,0.00145082,0.00006559,418.2083,379.7376,0.6869,61.6387,1.8384,37588.4109,89.7407,538.3845,395.5999,218.4789,430.6076,432.5446,432.5446,1046.441,1081.3617,427.0584,0.0,2.43015,2.511246,0.971205,30,216,96,2,0.20383968,0.00163983,-0.01249836,0E-8,0.000000,0.906607,0.000000,0.01775797,2026-03-22,2026-08-06,108,3621,2443,138,0.782609,1.360932,1.287360,0.679466,,,,,,,,GLOBAL_BASELINE_NO_ENTITY_RANKING,,,NOT_APPLICABLE_GLOBAL_BASELINE,HF9g-P5,,,,X 全窗基线 · 不参与实体赏罚,14197861,1420,A168_HF9F_20260827_0900,2026-08-27 09:00:00
2026-03-30,57024343,1711,0,436.9578991064,-436.9578991064,-436.9578991064,0E-7,2,2,0.50665070000000000,0.506650700000,-1.4331513700195317,-1.4331513700195317,-1.4331513700195317,0E-17,ELIGIBLE,R03b_20260811_FULL_v1,L1_ELIGIBILITY,v2026-08-11,2026-03-21..2026-08-06,baccarat_bet02_101_all_pairs_incl_sentinel,round_win = game_pnl > 0 (decisive only),COMPATIBILITY_ONLY_NOT_PRODUCTION,4059548.3812,3680416.6879,6656.9809,9707,9692,-0.00163983,0.01249836,-0.00525961,-0.00163983,-6656.9809,4059548.3812,OK,0.0000,266.2792,4.0000,96.0000,AG03-UNRESOLVED,ALL5_LEVELS_bet23_to_bet27,266.2792,266.2792,266.2792,0.0000,0.0000,4.000000,4.000000,4.000000,0.000000,0.000000,96.000000,96.000000,96.000000,100.000000,100.000000,5.0,798.8377,767.3102,5858.1432,5889.6706,PENDING_AG03,FALSE,NOT_FOR_ENFORCEMENT,6390.7016,3533200.0204,6656.9809,6390.7016,266.2792,0.00163983,0.00157424,266.2792,6390.7016,0.00157424,266.2792,266.2792,266.2792,0.0000,0.0000,6390.7016,0.00157424,798.8377,767.3102,5858.1432,5889.6706,0.00144305,0.00145082,0.00006559,418.2083,379.7376,0.6869,61.6387,1.8384,37588.4109,89.7407,538.3845,395.5999,218.4789,430.6076,432.5446,432.5446,1046.441,1081.3617,427.0584,0.0,2.43015,2.511246,0.971205,30,216,96,2,0.20383968,0.00163983,-0.01249836,0E-8,0.000000,0.906607,0.000000,0.01775797,2026-03-22,2026-08-06,108,3621,2443,138,0.782609,1.360932,1.287360,0.679466,,,,,,,,GLOBAL_BASELINE_NO_ENTITY_RANKING,,,NOT_APPLICABLE_GLOBAL_BASELINE,HF9g-P5,,,,X 全窗基线 · 不参与实体赏罚,14197862,1420,A168_HF9F_20260827_0900,2026-08-27 09:00:00
2026-03-30,57024343,1714,0,1966.3105459789,-1540.2765943501,-1540.2765943501,0.2000000,5,5,0.50128862000000000,0.501288620000,-1.347408145195933,-1.347408145195933,-1.347408145195933,0E-17,ELIGIBLE,R03b_20260811_FULL_v1,L1_ELIGIBILITY,v2026-08-11,2026-03-21..2026-08-06,baccarat_bet02_101_all_pairs_incl_sentinel,round_win = game_pnl > 0 (decisive only),COMPATIBILITY_ONLY_NOT_PRODUCTION,4059548.3812,3680416.6879,6656.9809,9707,9692,-0.00163983,0.01249836,-0.00525961,-0.00163983,-6656.9809,4059548.3812,OK,0.0000,266.2792,4.0000,96.0000,AG03-UNRESOLVED,ALL5_LEVELS_bet23_to_bet27,266.2792,266.2792,266.2792,0.0000,0.0000,4.000000,4.000000,4.000000,0.000000,0.000000,96.000000,96.000000,96.000000,100.000000,100.000000,5.0,798.8377,767.3102,5858.1432,5889.6706,PENDING_AG03,FALSE,NOT_FOR_ENFORCEMENT,6390.7016,3533200.0204,6656.9809,6390.7016,266.2792,0.00163983,0.00157424,266.2792,6390.7016,0.00157424,266.2792,266.2792,266.2792,0.0000,0.0000,6390.7016,0.00157424,798.8377,767.3102,5858.1432,5889.6706,0.00144305,0.00145082,0.00006559,418.2083,379.7376,0.6869,61.6387,1.8384,37588.4109,89.7407,538.3845,395.5999,218.4789,430.6076,432.5446,432.5446,1046.441,1081.3617,427.0584,0.0,2.43015,2.511246,0.971205,30,216,96,2,0.20383968,0.00163983,-0.01249836,0E-8,0.000000,0.906607,0.000000,0.01775797,2026-03-22,2026-08-06,108,3621,2443,138,0.782609,1.360932,1.287360,0.679466,,,,,,,,GLOBAL_BASELINE_NO_ENTITY_RANKING,,,NOT_APPLICABLE_GLOBAL_BASELINE,HF9g-P5,,,,X 全窗基线 · 不参与实体赏罚,14197863,1420,A168_HF9F_20260827_0900,2026-08-27 09:00:00
2026-03-30,57024343,2093,0,1747.8315964257,-1321.7976447969,-1321.7976447969,0.2500000,4,4,0.50665070000000000,0.506650700000,-1.0266936290537745,-1.0266936290537745,-1.0266936290537745,0E-17,ELIGIBLE,R03b_20260811_FULL_v1,L1_ELIGIBILITY,v2026-08-11,2026-03-21..2026-08-06,baccarat_bet02_101_all_pairs_incl_sentinel,round_win = game_pnl > 0 (decisive only),COMPATIBILITY_ONLY_NOT_PRODUCTION,4059548.3812,3680416.6879,6656.9809,9707,9692,-0.00163983,0.01249836,-0.00525961,-0.00163983,-6656.9809,4059548.3812,OK,0.0000,266.2792,4.0000,96.0000,AG03-UNRESOLVED,ALL5_LEVELS_bet23_to_bet27,266.2792,266.2792,266.2792,0.0000,0.0000,4.000000,4.000000,4.000000,0.000000,0.000000,96.000000,96.000000,96.000000,100.000000,100.000000,5.0,798.8377,767.3102,5858.1432,5889.6706,PENDING_AG03,FALSE,NOT_FOR_ENFORCEMENT,6390.7016,3533200.0204,6656.9809,6390.7016,266.2792,0.00163983,0.00157424,266.2792,6390.7016,0.00157424,266.2792,266.2792,266.2792,0.0000,0.0000,6390.7016,0.00157424,798.8377,767.3102,5858.1432,5889.6706,0.00144305,0.00145082,0.00006559,418.2083,379.7376,0.6869,61.6387,1.8384,37588.4109,89.7407,538.3845,395.5999,218.4789,430.6076,432.5446,432.5446,1046.441,1081.3617,427.0584,0.0,2.43015,2.511246,0.971205,30,216,96,2,0.20383968,0.00163983,-0.01249836,0E-8,0.000000,0.906607,0.000000,0.01775797,2026-03-22,2026-08-06,108,3621,2443,138,0.782609,1.360932,1.287360,0.679466,,,,,,,,GLOBAL_BASELINE_NO_ENTITY_RANKING,,,NOT_APPLICABLE_GLOBAL_BASELINE,HF9g-P5,,,,X 全窗基线 · 不参与实体赏罚,14197864,1420,A168_HF9F_20260827_0900,2026-08-27 09:00:00
2026-03-30,57024343,2115,0,873.9157982128,-229.4028970308,-229.4028970308,0.3333333,4,4,0.50665070000000000,0.506650700000,-0.6004420894325239,-0.6004420894325239,-0.6004420894325239,0E-17,ELIGIBLE,R03b_20260811_FULL_v1,L1_ELIGIBILITY,v2026-08-11,2026-03-21..2026-08-06,baccarat_bet02_101_all_pairs_incl_sentinel,round_win = game_pnl > 0 (decisive only),COMPATIBILITY_ONLY_NOT_PRODUCTION,4059548.3812,3680416.6879,6656.9809,9707,9692,-0.00163983,0.01249836,-0.00525961,-0.00163983,-6656.9809,4059548.3812,OK,0.0000,266.2792,4.0000,96.0000,AG03-UNRESOLVED,ALL5_LEVELS_bet23_to_bet27,266.2792,266.2792,266.2792,0.0000,0.0000,4.000000,4.000000,4.000000,0.000000,0.000000,96.000000,96.000000,96.000000,100.000000,100.000000,5.0,798.8377,767.3102,5858.1432,5889.6706,PENDING_AG03,FALSE,NOT_FOR_ENFORCEMENT,6390.7016,3533200.0204,6656.9809,6390.7016,266.2792,0.00163983,0.00157424,266.2792,6390.7016,0.00157424,266.2792,266.2792,266.2792,0.0000,0.0000,6390.7016,0.00157424,798.8377,767.3102,5858.1432,5889.6706,0.00144305,0.00145082,0.00006559,418.2083,379.7376,0.6869,61.6387,1.8384,37588.4109,89.7407,538.3845,395.5999,218.4789,430.6076,432.5446,432.5446,1046.441,1081.3617,427.0584,0.0,2.43015,2.511246,0.971205,30,216,96,2,0.20383968,0.00163983,-0.01249836,0E-8,0.000000,0.906607,0.000000,0.01775797,2026-03-22,2026-08-06,108,3621,2443,138,0.782609,1.360932,1.287360,0.679466,,,,,,,,GLOBAL_BASELINE_NO_ENTITY_RANKING,,,NOT_APPLICABLE_GLOBAL_BASELINE,HF9g-P5,,,,X 全窗基线 · 不参与实体赏罚,14197865,1420,A168_HF9F_20260827_0900,2026-08-27 09:00:00
2026-03-30,57024343,2130,0,436.9578991064,-218.4789495532,-218.4789495532,0E-7,2,2,0.49994810000000000,0.499948100000,-0.9998962053866608,-0.9998962053866608,-0.9998962053866608,0E-17,ELIGIBLE,R03b_20260811_FULL_v1,L1_ELIGIBILITY,v2026-08-11,2026-03-21..2026-08-06,baccarat_bet02_101_all_pairs_incl_sentinel,round_win = game_pnl > 0 (decisive only),COMPATIBILITY_ONLY_NOT_PRODUCTION,4059548.3812,3680416.6879,6656.9809,9707,9692,-0.00163983,0.01249836,-0.00525961,-0.00163983,-6656.9809,4059548.3812,OK,0.0000,266.2792,4.0000,96.0000,AG03-UNRESOLVED,ALL5_LEVELS_bet23_to_bet27,266.2792,266.2792,266.2792,0.0000,0.0000,4.000000,4.000000,4.000000,0.000000,0.000000,96.000000,96.000000,96.000000,100.000000,100.000000,5.0,798.8377,767.3102,5858.1432,5889.6706,PENDING_AG03,FALSE,NOT_FOR_ENFORCEMENT,6390.7016,3533200.0204,6656.9809,6390.7016,266.2792,0.00163983,0.00157424,266.2792,6390.7016,0.00157424,266.2792,266.2792,266.2792,0.0000,0.0000,6390.7016,0.00157424,798.8377,767.3102,5858.1432,5889.6706,0.00144305,0.00145082,0.00006559,418.2083,379.7376,0.6869,61.6387,1.8384,37588.4109,89.7407,538.3845,395.5999,218.4789,430.6076,432.5446,432.5446,1046.441,1081.3617,427.0584,0.0,2.43015,2.511246,0.971205,30,216,96,2,0.20383968,0.00163983,-0.01249836,0E-8,0.000000,0.906607,0.000000,0.01775797,2026-03-22,2026-08-06,108,3621,2443,138,0.782609,1.360932,1.287360,0.679466,,,,,,,,GLOBAL_BASELINE_NO_ENTITY_RANKING,,,NOT_APPLICABLE_GLOBAL_BASELINE,HF9g-P5,,,,X 全窗基线 · 不参与实体赏罚,14197866,1420,A168_HF9F_20260827_0900,2026-08-27 09:00:00
2026-03-30,57024343,2147,0,1310.8736973193,-1310.8736973193,-1310.8736973193,0E-7,2,2,0.50665070000000000,0.506650700000,-1.4331513700195317,-1.4331513700195317,-1.4331513700195317,0E-17,ELIGIBLE,R03b_20260811_FULL_v1,L1_ELIGIBILITY,v2026-08-11,2026-03-21..2026-08-06,baccarat_bet02_101_all_pairs_incl_sentinel,round_win = game_pnl > 0 (decisive only),COMPATIBILITY_ONLY_NOT_PRODUCTION,4059548.3812,3680416.6879,6656.9809,9707,9692,-0.00163983,0.01249836,-0.00525961,-0.00163983,-6656.9809,4059548.3812,OK,0.0000,266.2792,4.0000,96.0000,AG03-UNRESOLVED,ALL5_LEVELS_bet23_to_bet27,266.2792,266.2792,266.2792,0.0000,0.0000,4.000000,4.000000,4.000000,0.000000,0.000000,96.000000,96.000000,96.000000,100.000000,100.000000,5.0,798.8377,767.3102,5858.1432,5889.6706,PENDING_AG03,FALSE,NOT_FOR_ENFORCEMENT,6390.7016,3533200.0204,6656.9809,6390.7016,266.2792,0.00163983,0.00157424,266.2792,6390.7016,0.00157424,266.2792,266.2792,266.2792,0.0000,0.0000,6390.7016,0.00157424,798.8377,767.3102,5858.1432,5889.6706,0.00144305,0.00145082,0.00006559,418.2083,379.7376,0.6869,61.6387,1.8384,37588.4109,89.7407,538.3845,395.5999,218.4789,430.6076,432.5446,432.5446,1046.441,1081.3617,427.0584,0.0,2.43015,2.511246,0.971205,30,216,96,2,0.20383968,0.00163983,-0.01249836,0E-8,0.000000,0.906607,0.000000,0.01775797,2026-03-22,2026-08-06,108,3621,2443,138,0.782609,1.360932,1.287360,0.679466,,,,,,,,GLOBAL_BASELINE_NO_ENTITY_RANKING,,,NOT_APPLICABLE_GLOBAL_BASELINE,HF9g-P5,,,,X 全窗基线 · 不参与实体赏罚,14197867,1420,A168_HF9F_20260827_0900,2026-08-27 09:00:00
2026-03-30,57024343,2175,0,873.9157982128,196.6310545980,196.6310545980,0.6666667,4,4,0.50665070000000000,0.506650700000,0.5543606114942035,0.5543606114942035,0.5543606114942035,0E-17,ELIGIBLE,R03b_20260811_FULL_v1,L1_ELIGIBILITY,v2026-08-11,2026-03-21..2026-08-06,baccarat_bet02_101_all_pairs_incl_sentinel,round_win = game_pnl > 0 (decisive only),COMPATIBILITY_ONLY_NOT_PRODUCTION,4059548.3812,3680416.6879,6656.9809,9707,9692,-0.00163983,0.01249836,-0.00525961,-0.00163983,-6656.9809,4059548.3812,OK,0.0000,266.2792,4.0000,96.0000,AG03-UNRESOLVED,ALL5_LEVELS_bet23_to_bet27,266.2792,266.2792,266.2792,0.0000,0.0000,4.000000,4.000000,4.000000,0.000000,0.000000,96.000000,96.000000,96.000000,100.000000,100.000000,5.0,798.8377,767.3102,5858.1432,5889.6706,PENDING_AG03,FALSE,NOT_FOR_ENFORCEMENT,6390.7016,3533200.0204,6656.9809,6390.7016,266.2792,0.00163983,0.00157424,266.2792,6390.7016,0.00157424,266.2792,266.2792,266.2792,0.0000,0.0000,6390.7016,0.00157424,798.8377,767.3102,5858.1432,5889.6706,0.00144305,0.00145082,0.00006559,418.2083,379.7376,0.6869,61.6387,1.8384,37588.4109,89.7407,538.3845,395.5999,218.4789,430.6076,432.5446,432.5446,1046.441,1081.3617,427.0584,0.0,2.43015,2.511246,0.971205,30,216,96,2,0.20383968,0.00163983,-0.01249836,0E-8,0.000000,0.906607,0.000000,0.01775797,2026-03-22,2026-08-06,108,3621,2443,138,0.782609,1.360932,1.287360,0.679466,,,,,,,,GLOBAL_BASELINE_NO_ENTITY_RANKING,,,NOT_APPLICABLE_GLOBAL_BASELINE,HF9g-P5,,,,X 全窗基线 · 不参与实体赏罚,14197868,1420,A168_HF9F_20260827_0900,2026-08-27 09:00:00
2026-03-30,57024343,2209,0,655.4368486596,0E-10,0E-10,0.5000000,3,3,0.50218230000000000,0.502182300000,-0.00617253530718887,-0.00617253530718887,-0.00617253530718887,0E-17,ELIGIBLE,R03b_20260811_FULL_v1,L1_ELIGIBILITY,v2026-08-11,2026-03-21..2026-08-06,baccarat_bet02_101_all_pairs_incl_sentinel,round_win = game_pnl > 0 (decisive only),COMPATIBILITY_ONLY_NOT_PRODUCTION,4059548.3812,3680416.6879,6656.9809,9707,9692,-0.00163983,0.01249836,-0.00525961,-0.00163983,-6656.9809,4059548.3812,OK,0.0000,266.2792,4.0000,96.0000,AG03-UNRESOLVED,ALL5_LEVELS_bet23_to_bet27,266.2792,266.2792,266.2792,0.0000,0.0000,4.000000,4.000000,4.000000,0.000000,0.000000,96.000000,96.000000,96.000000,100.000000,100.000000,5.0,798.8377,767.3102,5858.1432,5889.6706,PENDING_AG03,FALSE,NOT_FOR_ENFORCEMENT,6390.7016,3533200.0204,6656.9809,6390.7016,266.2792,0.00163983,0.00157424,266.2792,6390.7016,0.00157424,266.2792,266.2792,266.2792,0.0000,0.0000,6390.7016,0.00157424,798.8377,767.3102,5858.1432,5889.6706,0.00144305,0.00145082,0.00006559,418.2083,379.7376,0.6869,61.6387,1.8384,37588.4109,89.7407,538.3845,395.5999,218.4789,430.6076,432.5446,432.5446,1046.441,1081.3617,427.0584,0.0,2.43015,2.511246,0.971205,30,216,96,2,0.20383968,0.00163983,-0.01249836,0E-8,0.000000,0.906607,0.000000,0.01775797,2026-03-22,2026-08-06,108,3621,2443,138,0.782609,1.360932,1.287360,0.679466,,,,,,,,GLOBAL_BASELINE_NO_ENTITY_RANKING,,,NOT_APPLICABLE_GLOBAL_BASELINE,HF9g-P5,,,,X 全窗基线 · 不参与实体赏罚,14197869,1420,A168_HF9F_20260827_0900,2026-08-27 09:00:00
2026-03-30,57024343,2216,0,655.4368486596,-655.4368486596,-655.4368486596,0E-7,3,3,0.50665070000000000,0.506650700000,-1.7552447903592512,-1.7552447903592512,-1.7552447903592512,0E-17,ELIGIBLE,R03b_20260811_FULL_v1,L1_ELIGIBILITY,v2026-08-11,2026-03-21..2026-08-06,baccarat_bet02_101_all_pairs_incl_sentinel,round_win = game_pnl > 0 (decisive only),COMPATIBILITY_ONLY_NOT_PRODUCTION,4059548.3812,3680416.6879,6656.9809,9707,9692,-0.00163983,0.01249836,-0.00525961,-0.00163983,-6656.9809,4059548.3812,OK,0.0000,266.2792,4.0000,96.0000,AG03-UNRESOLVED,ALL5_LEVELS_bet23_to_bet27,266.2792,266.2792,266.2792,0.0000,0.0000,4.000000,4.000000,4.000000,0.000000,0.000000,96.000000,96.000000,96.000000,100.000000,100.000000,5.0,798.8377,767.3102,5858.1432,5889.6706,PENDING_AG03,FALSE,NOT_FOR_ENFORCEMENT,6390.7016,3533200.0204,6656.9809,6390.7016,266.2792,0.00163983,0.00157424,266.2792,6390.7016,0.00157424,266.2792,266.2792,266.2792,0.0000,0.0000,6390.7016,0.00157424,798.8377,767.3102,5858.1432,5889.6706,0.00144305,0.00145082,0.00006559,418.2083,379.7376,0.6869,61.6387,1.8384,37588.4109,89.7407,538.3845,395.5999,218.4789,430.6076,432.5446,432.5446,1046.441,1081.3617,427.0584,0.0,2.43015,2.511246,0.971205,30,216,96,2,0.20383968,0.00163983,-0.01249836,0E-8,0.000000,0.906607,0.000000,0.01775797,2026-03-22,2026-08-06,108,3621,2443,138,0.782609,1.360932,1.287360,0.679466,,,,,,,,GLOBAL_BASELINE_NO_ENTITY_RANKING,,,NOT_APPLICABLE_GLOBAL_BASELINE,HF9g-P5,,,,X 全窗基线 · 不参与实体赏罚,14197870,1420,A168_HF9F_20260827_0900,2026-08-27 09:00:00
2026-03-30,57024343,2218,0,655.4368486596,196.6310545980,196.6310545980,0.6666667,3,3,0.50665070000000000,0.506650700000,0.5543606114942035,0.5543606114942035,0.5543606114942035,0E-17,ELIGIBLE,R03b_20260811_FULL_v1,L1_ELIGIBILITY,v2026-08-11,2026-03-21..2026-08-06,baccarat_bet02_101_all_pairs_incl_sentinel,round_win = game_pnl > 0 (decisive only),COMPATIBILITY_ONLY_NOT_PRODUCTION,4059548.3812,3680416.6879,6656.9809,9707,9692,-0.00163983,0.01249836,-0.00525961,-0.00163983,-6656.9809,4059548.3812,OK,0.0000,266.2792,4.0000,96.0000,AG03-UNRESOLVED,ALL5_LEVELS_bet23_to_bet27,266.2792,266.2792,266.2792,0.0000,0.0000,4.000000,4.000000,4.000000,0.000000,0.000000,96.000000,96.000000,96.000000,100.000000,100.000000,5.0,798.8377,767.3102,5858.1432,5889.6706,PENDING_AG03,FALSE,NOT_FOR_ENFORCEMENT,6390.7016,3533200.0204,6656.9809,6390.7016,266.2792,0.00163983,0.00157424,266.2792,6390.7016,0.00157424,266.2792,266.2792,266.2792,0.0000,0.0000,6390.7016,0.00157424,798.8377,767.3102,5858.1432,5889.6706,0.00144305,0.00145082,0.00006559,418.2083,379.7376,0.6869,61.6387,1.8384,37588.4109,89.7407,538.3845,395.5999,218.4789,430.6076,432.5446,432.5446,1046.441,1081.3617,427.0584,0.0,2.43015,2.511246,0.971205,30,216,96,2,0.20383968,0.00163983,-0.01249836,0E-8,0.000000,0.906607,0.000000,0.01775797,2026-03-22,2026-08-06,108,3621,2443,138,0.782609,1.360932,1.287360,0.679466,,,,,,,,GLOBAL_BASELINE_NO_ENTITY_RANKING,,,NOT_APPLICABLE_GLOBAL_BASELINE,HF9g-P5,,,,X 全窗基线 · 不参与实体赏罚,14197871,1420,A168_HF9F_20260827_0900,2026-08-27 09:00:00
2026-03-30,57024343,2223,0,1310.8736973192,-436.9578991064,-436.9578991064,0.2500000,6,6,0.50218230000000000,0.502182300000,-1.0087388081483202,-1.0087388081483202,-1.0087388081483202,0E-17,ELIGIBLE,R03b_20260811_FULL_v1,L1_ELIGIBILITY,v2026-08-11,2026-03-21..2026-08-06,baccarat_bet02_101_all_pairs_incl_sentinel,round_win = game_pnl > 0 (decisive only),COMPATIBILITY_ONLY_NOT_PRODUCTION,4059548.3812,3680416.6879,6656.9809,9707,9692,-0.00163983,0.01249836,-0.00525961,-0.00163983,-6656.9809,4059548.3812,OK,0.0000,266.2792,4.0000,96.0000,AG03-UNRESOLVED,ALL5_LEVELS_bet23_to_bet27,266.2792,266.2792,266.2792,0.0000,0.0000,4.000000,4.000000,4.000000,0.000000,0.000000,96.000000,96.000000,96.000000,100.000000,100.000000,5.0,798.8377,767.3102,5858.1432,5889.6706,PENDING_AG03,FALSE,NOT_FOR_ENFORCEMENT,6390.7016,3533200.0204,6656.9809,6390.7016,266.2792,0.00163983,0.00157424,266.2792,6390.7016,0.00157424,266.2792,266.2792,266.2792,0.0000,0.0000,6390.7016,0.00157424,798.8377,767.3102,5858.1432,5889.6706,0.00144305,0.00145082,0.00006559,418.2083,379.7376,0.6869,61.6387,1.8384,37588.4109,89.7407,538.3845,395.5999,218.4789,430.6076,432.5446,432.5446,1046.441,1081.3617,427.0584,0.0,2.43015,2.511246,0.971205,30,216,96,2,0.20383968,0.00163983,-0.01249836,0E-8,0.000000,0.906607,0.000000,0.01775797,2026-03-22,2026-08-06,108,3621,2443,138,0.782609,1.360932,1.287360,0.679466,,,,,,,,GLOBAL_BASELINE_NO_ENTITY_RANKING,,,NOT_APPLICABLE_GLOBAL_BASELINE,HF9g-P5,,,,X 全窗基线 · 不参与实体赏罚,14197872,1420,A168_HF9F_20260827_0900,2026-08-27 09:00:00
2026-03-30,57024343,2235,0,1529.3526468724,-229.4028970308,-229.4028970308,0.4000000,7,7,0.50282064285714286,0.502820642857,-0.45983521081771717,-0.4598352108170775,-0.45983521081771717,1.4286E-13,ELIGIBLE,R03b_20260811_FULL_v1,L1_ELIGIBILITY,v2026-08-11,2026-03-21..2026-08-06,baccarat_bet02_101_all_pairs_incl_sentinel,round_win = game_pnl > 0 (decisive only),COMPATIBILITY_ONLY_NOT_PRODUCTION,4059548.3812,3680416.6879,6656.9809,9707,9692,-0.00163983,0.01249836,-0.00525961,-0.00163983,-6656.9809,4059548.3812,OK,0.0000,266.2792,4.0000,96.0000,AG03-UNRESOLVED,ALL5_LEVELS_bet23_to_bet27,266.2792,266.2792,266.2792,0.0000,0.0000,4.000000,4.000000,4.000000,0.000000,0.000000,96.000000,96.000000,96.000000,100.000000,100.000000,5.0,798.8377,767.3102,5858.1432,5889.6706,PENDING_AG03,FALSE,NOT_FOR_ENFORCEMENT,6390.7016,3533200.0204,6656.9809,6390.7016,266.2792,0.00163983,0.00157424,266.2792,6390.7016,0.00157424,266.2792,266.2792,266.2792,0.0000,0.0000,6390.7016,0.00157424,798.8377,767.3102,5858.1432,5889.6706,0.00144305,0.00145082,0.00006559,418.2083,379.7376,0.6869,61.6387,1.8384,37588.4109,89.7407,538.3845,395.5999,218.4789,430.6076,432.5446,432.5446,1046.441,1081.3617,427.0584,0.0,2.43015,2.511246,0.971205,30,216,96,2,0.20383968,0.00163983,-0.01249836,0E-8,0.000000,0.906607,0.000000,0.01775797,2026-03-22,2026-08-06,108,3621,2443,138,0.782609,1.360932,1.287360,0.679466,,,,,,,,GLOBAL_BASELINE_NO_ENTITY_RANKING,,,NOT_APPLICABLE_GLOBAL_BASELINE,HF9g-P5,,,,X 全窗基线 · 不参与实体赏罚,14197873,1420,A168_HF9F_20260827_0900,2026-08-27 09:00:00
2026-03-30,57024343,2250,0,218.4789495532,207.5550020756,207.5550020756,1.0000000,1,1,0.50665070000000000,0.506650700000,0.9867858985152569,0.9867858985152569,0.9867858985152569,0E-17,ELIGIBLE,R03b_20260811_FULL_v1,L1_ELIGIBILITY,v2026-08-11,2026-03-21..2026-08-06,baccarat_bet02_101_all_pairs_incl_sentinel,round_win = game_pnl > 0 (decisive only),COMPATIBILITY_ONLY_NOT_PRODUCTION,4059548.3812,3680416.6879,6656.9809,9707,9692,-0.00163983,0.01249836,-0.00525961,-0.00163983,-6656.9809,4059548.3812,OK,0.0000,266.2792,4.0000,96.0000,AG03-UNRESOLVED,ALL5_LEVELS_bet23_to_bet27,266.2792,266.2792,266.2792,0.0000,0.0000,4.000000,4.000000,4.000000,0.000000,0.000000,96.000000,96.000000,96.000000,100.000000,100.000000,5.0,798.8377,767.3102,5858.1432,5889.6706,PENDING_AG03,FALSE,NOT_FOR_ENFORCEMENT,6390.7016,3533200.0204,6656.9809,6390.7016,266.2792,0.00163983,0.00157424,266.2792,6390.7016,0.00157424,266.2792,266.2792,266.2792,0.0000,0.0000,6390.7016,0.00157424,798.8377,767.3102,5858.1432,5889.6706,0.00144305,0.00145082,0.00006559,418.2083,379.7376,0.6869,61.6387,1.8384,37588.4109,89.7407,538.3845,395.5999,218.4789,430.6076,432.5446,432.5446,1046.441,1081.3617,427.0584,0.0,2.43015,2.511246,0.971205,30,216,96,2,0.20383968,0.00163983,-0.01249836,0E-8,0.000000,0.906607,0.000000,0.01775797,2026-03-22,2026-08-06,108,3621,2443,138,0.782609,1.360932,1.287360,0.679466,,,,,,,,GLOBAL_BASELINE_NO_ENTITY_RANKING,,,NOT_APPLICABLE_GLOBAL_BASELINE,HF9g-P5,,,,X 全窗基线 · 不参与实体赏罚,14197874,1420,A168_HF9F_20260827_0900,2026-08-27 09:00:00
2026-03-30,57024343,550,0,436.9578991064,0E-10,0E-10,0.5000000,2,2,0.49994810000000000,0.499948100000,0.00014679536856514622,0.00014679536856514622,0.00014679536856514622,0E-17,ELIGIBLE,R03b_20260811_FULL_v1,L1_ELIGIBILITY,v2026-08-11,2026-03-21..2026-08-06,baccarat_bet02_101_all_pairs_incl_sentinel,round_win = game_pnl > 0 (decisive only),COMPATIBILITY_ONLY_NOT_PRODUCTION,4059548.3812,3680416.6879,6656.9809,9707,9692,-0.00163983,0.01249836,-0.00525961,-0.00163983,-6656.9809,4059548.3812,OK,0.0000,266.2792,4.0000,96.0000,AG03-UNRESOLVED,ALL5_LEVELS_bet23_to_bet27,266.2792,266.2792,266.2792,0.0000,0.0000,4.000000,4.000000,4.000000,0.000000,0.000000,96.000000,96.000000,96.000000,100.000000,100.000000,5.0,798.8377,767.3102,5858.1432,5889.6706,PENDING_AG03,FALSE,NOT_FOR_ENFORCEMENT,6390.7016,3533200.0204,6656.9809,6390.7016,266.2792,0.00163983,0.00157424,266.2792,6390.7016,0.00157424,266.2792,266.2792,266.2792,0.0000,0.0000,6390.7016,0.00157424,798.8377,767.3102,5858.1432,5889.6706,0.00144305,0.00145082,0.00006559,418.2083,379.7376,0.6869,61.6387,1.8384,37588.4109,89.7407,538.3845,395.5999,218.4789,430.6076,432.5446,432.5446,1046.441,1081.3617,427.0584,0.0,2.43015,2.511246,0.971205,30,216,96,2,0.20383968,0.00163983,-0.01249836,0E-8,0.000000,0.906607,0.000000,0.01775797,2026-03-22,2026-08-06,108,3621,2443,138,0.782609,1.360932,1.287360,0.679466,,,,,,,,GLOBAL_BASELINE_NO_ENTITY_RANKING,,,NOT_APPLICABLE_GLOBAL_BASELINE,HF9g-P5,,,,X 全窗基线 · 不参与实体赏罚,14197875,1420,A168_HF9F_20260827_0900,2026-08-27 09:00:00
2026-04-01,57024343,-1,1,10772.3796186597,-161.5856942804,-161.5856942804,0.5000000,47,47,0.50408374680851064,0.504083746809,-0.05034949140566079,-0.05034949141169463,-0.05034949140566079,-4.8936E-13,SENTINEL_DEALER,R03b_20260811_FULL_v1,L1_ELIGIBILITY,v2026-08-11,2026-03-21..2026-08-06,baccarat_bet02_101_all_pairs_incl_sentinel,round_win = game_pnl > 0 (decisive only),COMPATIBILITY_ONLY_NOT_PRODUCTION,4059548.3812,3680416.6879,6656.9809,9707,9692,-0.00163983,0.01249836,-0.00525961,-0.00163983,-6656.9809,4059548.3812,OK,0.0000,266.2792,4.0000,96.0000,AG03-UNRESOLVED,ALL5_LEVELS_bet23_to_bet27,266.2792,266.2792,266.2792,0.0000,0.0000,4.000000,4.000000,4.000000,0.000000,0.000000,96.000000,96.000000,96.000000,100.000000,100.000000,5.0,798.8377,767.3102,5858.1432,5889.6706,PENDING_AG03,FALSE,NOT_FOR_ENFORCEMENT,6390.7016,3533200.0204,6656.9809,6390.7016,266.2792,0.00163983,0.00157424,266.2792,6390.7016,0.00157424,266.2792,266.2792,266.2792,0.0000,0.0000,6390.7016,0.00157424,798.8377,767.3102,5858.1432,5889.6706,0.00144305,0.00145082,0.00006559,418.2083,379.7376,0.6869,61.6387,1.8384,37588.4109,89.7407,538.3845,395.5999,218.4789,430.6076,432.5446,432.5446,1046.441,1081.3617,427.0584,0.0,2.43015,2.511246,0.971205,30,216,96,2,0.20383968,0.00163983,-0.01249836,0E-8,0.000000,0.906607,0.000000,0.01775797,2026-03-22,2026-08-06,108,3621,2443,138,0.782609,1.360932,1.287360,0.679466,,,,,,,,GLOBAL_BASELINE_NO_ENTITY_RANKING,,,NOT_APPLICABLE_GLOBAL_BASELINE,HF9g-P5,,,,X 全窗基线 · 不参与实体赏罚,14197876,1420,A168_HF9F_20260827_0900,2026-08-27 09:00:00
2026-04-01,57024343,1017,0,215.4475923732,0E-10,0E-10,,1,1,0.49324550000000000,0.493245500000,,,,0E-17,NO_DECISIVE_ROUND,R03b_20260811_FULL_v1,L1_ELIGIBILITY,v2026-08-11,2026-03-21..2026-08-06,baccarat_bet02_101_all_pairs_incl_sentinel,round_win = game_pnl > 0 (decisive only),COMPATIBILITY_ONLY_NOT_PRODUCTION,4059548.3812,3680416.6879,6656.9809,9707,9692,-0.00163983,0.01249836,-0.00525961,-0.00163983,-6656.9809,4059548.3812,OK,0.0000,266.2792,4.0000,96.0000,AG03-UNRESOLVED,ALL5_LEVELS_bet23_to_bet27,266.2792,266.2792,266.2792,0.0000,0.0000,4.000000,4.000000,4.000000,0.000000,0.000000,96.000000,96.000000,96.000000,100.000000,100.000000,5.0,798.8377,767.3102,5858.1432,5889.6706,PENDING_AG03,FALSE,NOT_FOR_ENFORCEMENT,6390.7016,3533200.0204,6656.9809,6390.7016,266.2792,0.00163983,0.00157424,266.2792,6390.7016,0.00157424,266.2792,266.2792,266.2792,0.0000,0.0000,6390.7016,0.00157424,798.8377,767.3102,5858.1432,5889.6706,0.00144305,0.00145082,0.00006559,418.2083,379.7376,0.6869,61.6387,1.8384,37588.4109,89.7407,538.3845,395.5999,218.4789,430.6076,432.5446,432.5446,1046.441,1081.3617,427.0584,0.0,2.43015,2.511246,0.971205,30,216,96,2,0.20383968,0.00163983,-0.01249836,0E-8,0.000000,0.906607,0.000000,0.01775797,2026-03-22,2026-08-06,108,3621,2443,138,0.782609,1.360932,1.287360,0.679466,,,,,,,,GLOBAL_BASELINE_NO_ENTITY_RANKING,,,NOT_APPLICABLE_GLOBAL_BASELINE,HF9g-P5,,,,X 全窗基线 · 不参与实体赏罚,14197877,1420,A168_HF9F_20260827_0900,2026-08-27 09:00:00
2026-04-01,57024343,1109,0,1077.2379618660,183.1304535171,183.1304535171,0.6000000,5,5,0.50396966000000000,0.503969660000,0.4294742719815242,0.4294742719815242,0.4294742719815242,0E-17,ELIGIBLE,R03b_20260811_FULL_v1,L1_ELIGIBILITY,v2026-08-11,2026-03-21..2026-08-06,baccarat_bet02_101_all_pairs_incl_sentinel,round_win = game_pnl > 0 (decisive only),COMPATIBILITY_ONLY_NOT_PRODUCTION,4059548.3812,3680416.6879,6656.9809,9707,9692,-0.00163983,0.01249836,-0.00525961,-0.00163983,-6656.9809,4059548.3812,OK,0.0000,266.2792,4.0000,96.0000,AG03-UNRESOLVED,ALL5_LEVELS_bet23_to_bet27,266.2792,266.2792,266.2792,0.0000,0.0000,4.000000,4.000000,4.000000,0.000000,0.000000,96.000000,96.000000,96.000000,100.000000,100.000000,5.0,798.8377,767.3102,5858.1432,5889.6706,PENDING_AG03,FALSE,NOT_FOR_ENFORCEMENT,6390.7016,3533200.0204,6656.9809,6390.7016,266.2792,0.00163983,0.00157424,266.2792,6390.7016,0.00157424,266.2792,266.2792,266.2792,0.0000,0.0000,6390.7016,0.00157424,798.8377,767.3102,5858.1432,5889.6706,0.00144305,0.00145082,0.00006559,418.2083,379.7376,0.6869,61.6387,1.8384,37588.4109,89.7407,538.3845,395.5999,218.4789,430.6076,432.5446,432.5446,1046.441,1081.3617,427.0584,0.0,2.43015,2.511246,0.971205,30,216,96,2,0.20383968,0.00163983,-0.01249836,0E-8,0.000000,0.906607,0.000000,0.01775797,2026-03-22,2026-08-06,108,3621,2443,138,0.782609,1.360932,1.287360,0.679466,,,,,,,,GLOBAL_BASELINE_NO_ENTITY_RANKING,,,NOT_APPLICABLE_GLOBAL_BASELINE,HF9g-P5,,,,X 全窗基线 · 不参与实体赏罚,14197878,1420,A168_HF9F_20260827_0900,2026-08-27 09:00:00
2026-04-01,57024343,1221,0,646.3427771196,-215.4475923732,-215.4475923732,0.3333333,3,3,0.49771390000000000,0.497713900000,-0.5694369385616226,-0.5694369385616226,-0.5694369385616226,0E-17,ELIGIBLE,R03b_20260811_FULL_v1,L1_ELIGIBILITY,v2026-08-11,2026-03-21..2026-08-06,baccarat_bet02_101_all_pairs_incl_sentinel,round_win = game_pnl > 0 (decisive only),COMPATIBILITY_ONLY_NOT_PRODUCTION,4059548.3812,3680416.6879,6656.9809,9707,9692,-0.00163983,0.01249836,-0.00525961,-0.00163983,-6656.9809,4059548.3812,OK,0.0000,266.2792,4.0000,96.0000,AG03-UNRESOLVED,ALL5_LEVELS_bet23_to_bet27,266.2792,266.2792,266.2792,0.0000,0.0000,4.000000,4.000000,4.000000,0.000000,0.000000,96.000000,96.000000,96.000000,100.000000,100.000000,5.0,798.8377,767.3102,5858.1432,5889.6706,PENDING_AG03,FALSE,NOT_FOR_ENFORCEMENT,6390.7016,3533200.0204,6656.9809,6390.7016,266.2792,0.00163983,0.00157424,266.2792,6390.7016,0.00157424,266.2792,266.2792,266.2792,0.0000,0.0000,6390.7016,0.00157424,798.8377,767.3102,5858.1432,5889.6706,0.00144305,0.00145082,0.00006559,418.2083,379.7376,0.6869,61.6387,1.8384,37588.4109,89.7407,538.3845,395.5999,218.4789,430.6076,432.5446,432.5446,1046.441,1081.3617,427.0584,0.0,2.43015,2.511246,0.971205,30,216,96,2,0.20383968,0.00163983,-0.01249836,0E-8,0.000000,0.906607,0.000000,0.01775797,2026-03-22,2026-08-06,108,3621,2443,138,0.782609,1.360932,1.287360,0.679466,,,,,,,,GLOBAL_BASELINE_NO_ENTITY_RANKING,,,NOT_APPLICABLE_GLOBAL_BASELINE,HF9g-P5,,,,X 全窗基线 · 不参与实体赏罚,14197879,1420,A168_HF9F_20260827_0900,2026-08-27 09:00:00
2026-04-01,57024343,1382,0,1077.2379618660,-215.4475923732,-215.4475923732,0.4000000,5,5,0.49592654000000000,0.495926540000,-0.42901076602576227,-0.42901076602576227,-0.42901076602576227,0E-17,ELIGIBLE,R03b_20260811_FULL_v1,L1_ELIGIBILITY,v2026-08-11,2026-03-21..2026-08-06,baccarat_bet02_101_all_pairs_incl_sentinel,round_win = game_pnl > 0 (decisive only),COMPATIBILITY_ONLY_NOT_PRODUCTION,4059548.3812,3680416.6879,6656.9809,9707,9692,-0.00163983,0.01249836,-0.00525961,-0.00163983,-6656.9809,4059548.3812,OK,0.0000,266.2792,4.0000,96.0000,AG03-UNRESOLVED,ALL5_LEVELS_bet23_to_bet27,266.2792,266.2792,266.2792,0.0000,0.0000,4.000000,4.000000,4.000000,0.000000,0.000000,96.000000,96.000000,96.000000,100.000000,100.000000,5.0,798.8377,767.3102,5858.1432,5889.6706,PENDING_AG03,FALSE,NOT_FOR_ENFORCEMENT,6390.7016,3533200.0204,6656.9809,6390.7016,266.2792,0.00163983,0.00157424,266.2792,6390.7016,0.00157424,266.2792,266.2792,266.2792,0.0000,0.0000,6390.7016,0.00157424,798.8377,767.3102,5858.1432,5889.6706,0.00144305,0.00145082,0.00006559,418.2083,379.7376,0.6869,61.6387,1.8384,37588.4109,89.7407,538.3845,395.5999,218.4789,430.6076,432.5446,432.5446,1046.441,1081.3617,427.0584,0.0,2.43015,2.511246,0.971205,30,216,96,2,0.20383968,0.00163983,-0.01249836,0E-8,0.000000,0.906607,0.000000,0.01775797,2026-03-22,2026-08-06,108,3621,2443,138,0.782609,1.360932,1.287360,0.679466,,,,,,,,GLOBAL_BASELINE_NO_ENTITY_RANKING,,,NOT_APPLICABLE_GLOBAL_BASELINE,HF9g-P5,,,,X 全窗基线 · 不参与实体赏罚,14197880,1420,A168_HF9F_20260827_0900,2026-08-27 09:00:00
2026-04-01,57024343,1385,0,215.4475923732,215.4475923732,215.4475923732,1.0000000,1,1,0.49324550000000000,0.493245500000,1.01360149184955,1.01360149184955,1.01360149184955,0E-17,ELIGIBLE,R03b_20260811_FULL_v1,L1_ELIGIBILITY,v2026-08-11,2026-03-21..2026-08-06,baccarat_bet02_101_all_pairs_incl_sentinel,round_win = game_pnl > 0 (decisive only),COMPATIBILITY_ONLY_NOT_PRODUCTION,4059548.3812,3680416.6879,6656.9809,9707,9692,-0.00163983,0.01249836,-0.00525961,-0.00163983,-6656.9809,4059548.3812,OK,0.0000,266.2792,4.0000,96.0000,AG03-UNRESOLVED,ALL5_LEVELS_bet23_to_bet27,266.2792,266.2792,266.2792,0.0000,0.0000,4.000000,4.000000,4.000000,0.000000,0.000000,96.000000,96.000000,96.000000,100.000000,100.000000,5.0,798.8377,767.3102,5858.1432,5889.6706,PENDING_AG03,FALSE,NOT_FOR_ENFORCEMENT,6390.7016,3533200.0204,6656.9809,6390.7016,266.2792,0.00163983,0.00157424,266.2792,6390.7016,0.00157424,266.2792,266.2792,266.2792,0.0000,0.0000,6390.7016,0.00157424,798.8377,767.3102,5858.1432,5889.6706,0.00144305,0.00145082,0.00006559,418.2083,379.7376,0.6869,61.6387,1.8384,37588.4109,89.7407,538.3845,395.5999,218.4789,430.6076,432.5446,432.5446,1046.441,1081.3617,427.0584,0.0,2.43015,2.511246,0.971205,30,216,96,2,0.20383968,0.00163983,-0.01249836,0E-8,0.000000,0.906607,0.000000,0.01775797,2026-03-22,2026-08-06,108,3621,2443,138,0.782609,1.360932,1.287360,0.679466,,,,,,,,GLOBAL_BASELINE_NO_ENTITY_RANKING,,,NOT_APPLICABLE_GLOBAL_BASELINE,HF9g-P5,,,,X 全窗基线 · 不参与实体赏罚,14197881,1420,A168_HF9F_20260827_0900,2026-08-27 09:00:00
2026-04-01,57024343,1396,0,2800.8187008515,-463.2123236025,-463.2123236025,0.4000000,12,12,0.50218230000000000,0.502182300000,-0.6462637647146969,-0.6462637647146969,-0.6462637647146969,0E-17,ELIGIBLE,R03b_20260811_FULL_v1,L1_ELIGIBILITY,v2026-08-11,2026-03-21..2026-08-06,baccarat_bet02_101_all_pairs_incl_sentinel,round_win = game_pnl > 0 (decisive only),COMPATIBILITY_ONLY_NOT_PRODUCTION,4059548.3812,3680416.6879,6656.9809,9707,9692,-0.00163983,0.01249836,-0.00525961,-0.00163983,-6656.9809,4059548.3812,OK,0.0000,266.2792,4.0000,96.0000,AG03-UNRESOLVED,ALL5_LEVELS_bet23_to_bet27,266.2792,266.2792,266.2792,0.0000,0.0000,4.000000,4.000000,4.000000,0.000000,0.000000,96.000000,96.000000,96.000000,100.000000,100.000000,5.0,798.8377,767.3102,5858.1432,5889.6706,PENDING_AG03,FALSE,NOT_FOR_ENFORCEMENT,6390.7016,3533200.0204,6656.9809,6390.7016,266.2792,0.00163983,0.00157424,266.2792,6390.7016,0.00157424,266.2792,266.2792,266.2792,0.0000,0.0000,6390.7016,0.00157424,798.8377,767.3102,5858.1432,5889.6706,0.00144305,0.00145082,0.00006559,418.2083,379.7376,0.6869,61.6387,1.8384,37588.4109,89.7407,538.3845,395.5999,218.4789,430.6076,432.5446,432.5446,1046.441,1081.3617,427.0584,0.0,2.43015,2.511246,0.971205,30,216,96,2,0.20383968,0.00163983,-0.01249836,0E-8,0.000000,0.906607,0.000000,0.01775797,2026-03-22,2026-08-06,108,3621,2443,138,0.782609,1.360932,1.287360,0.679466,,,,,,,,GLOBAL_BASELINE_NO_ENTITY_RANKING,,,NOT_APPLICABLE_GLOBAL_BASELINE,HF9g-P5,,,,X 全窗基线 · 不参与实体赏罚,14197882,1420,A168_HF9F_20260827_0900,2026-08-27 09:00:00
2026-04-01,57024343,1401,0,1723.5807389856,-667.8875363570,-667.8875363570,0.2857143,8,8,0.50665070000000000,0.506650700000,-1.169189050789051,-1.169189050789051,-1.169189050789051,0E-17,ELIGIBLE,R03b_20260811_FULL_v1,L1_ELIGIBILITY,v2026-08-11,2026-03-21..2026-08-06,baccarat_bet02_101_all_pairs_incl_sentinel,round_win = game_pnl > 0 (decisive only),COMPATIBILITY_ONLY_NOT_PRODUCTION,4059548.3812,3680416.6879,6656.9809,9707,9692,-0.00163983,0.01249836,-0.00525961,-0.00163983,-6656.9809,4059548.3812,OK,0.0000,266.2792,4.0000,96.0000,AG03-UNRESOLVED,ALL5_LEVELS_bet23_to_bet27,266.2792,266.2792,266.2792,0.0000,0.0000,4.000000,4.000000,4.000000,0.000000,0.000000,96.000000,96.000000,96.000000,100.000000,100.000000,5.0,798.8377,767.3102,5858.1432,5889.6706,PENDING_AG03,FALSE,NOT_FOR_ENFORCEMENT,6390.7016,3533200.0204,6656.9809,6390.7016,266.2792,0.00163983,0.00157424,266.2792,6390.7016,0.00157424,266.2792,266.2792,266.2792,0.0000,0.0000,6390.7016,0.00157424,798.8377,767.3102,5858.1432,5889.6706,0.00144305,0.00145082,0.00006559,418.2083,379.7376,0.6869,61.6387,1.8384,37588.4109,89.7407,538.3845,395.5999,218.4789,430.6076,432.5446,432.5446,1046.441,1081.3617,427.0584,0.0,2.43015,2.511246,0.971205,30,216,96,2,0.20383968,0.00163983,-0.01249836,0E-8,0.000000,0.906607,0.000000,0.01775797,2026-03-22,2026-08-06,108,3621,2443,138,0.782609,1.360932,1.287360,0.679466,,,,,,,,GLOBAL_BASELINE_NO_ENTITY_RANKING,,,NOT_APPLICABLE_GLOBAL_BASELINE,HF9g-P5,,,,X 全窗基线 · 不参与实体赏罚,14197883,1420,A168_HF9F_20260827_0900,2026-08-27 09:00:00
2026-04-01,57024343,1505,0,861.7903694928,398.5780458903,398.5780458903,0.7500000,4,4,0.50665070000000000,0.506650700000,0.9734833216690844,0.9734833216690844,0.9734833216690844,0E-17,ELIGIBLE,R03b_20260811_FULL_v1,L1_ELIGIBILITY,v2026-08-11,2026-03-21..2026-08-06,baccarat_bet02_101_all_pairs_incl_sentinel,round_win = game_pnl > 0 (decisive only),COMPATIBILITY_ONLY_NOT_PRODUCTION,4059548.3812,3680416.6879,6656.9809,9707,9692,-0.00163983,0.01249836,-0.00525961,-0.00163983,-6656.9809,4059548.3812,OK,0.0000,266.2792,4.0000,96.0000,AG03-UNRESOLVED,ALL5_LEVELS_bet23_to_bet27,266.2792,266.2792,266.2792,0.0000,0.0000,4.000000,4.000000,4.000000,0.000000,0.000000,96.000000,96.000000,96.000000,100.000000,100.000000,5.0,798.8377,767.3102,5858.1432,5889.6706,PENDING_AG03,FALSE,NOT_FOR_ENFORCEMENT,6390.7016,3533200.0204,6656.9809,6390.7016,266.2792,0.00163983,0.00157424,266.2792,6390.7016,0.00157424,266.2792,266.2792,266.2792,0.0000,0.0000,6390.7016,0.00157424,798.8377,767.3102,5858.1432,5889.6706,0.00144305,0.00145082,0.00006559,418.2083,379.7376,0.6869,61.6387,1.8384,37588.4109,89.7407,538.3845,395.5999,218.4789,430.6076,432.5446,432.5446,1046.441,1081.3617,427.0584,0.0,2.43015,2.511246,0.971205,30,216,96,2,0.20383968,0.00163983,-0.01249836,0E-8,0.000000,0.906607,0.000000,0.01775797,2026-03-22,2026-08-06,108,3621,2443,138,0.782609,1.360932,1.287360,0.679466,,,,,,,,GLOBAL_BASELINE_NO_ENTITY_RANKING,,,NOT_APPLICABLE_GLOBAL_BASELINE,HF9g-P5,,,,X 全窗基线 · 不参与实体赏罚,14197884,1420,A168_HF9F_20260827_0900,2026-08-27 09:00:00
2026-04-01,57024343,1623,0,2585.3711084782,1195.7341376709,1195.7341376709,0.7000000,10,10,0.50531018000000000,0.505310180000,1.2313959846913516,1.2313959846913516,1.2313959846913516,0E-17,ELIGIBLE,R03b_20260811_FULL_v1,L1_ELIGIBILITY,v2026-08-11,2026-03-21..2026-08-06,baccarat_bet02_101_all_pairs_incl_sentinel,round_win = game_pnl > 0 (decisive only),COMPATIBILITY_ONLY_NOT_PRODUCTION,4059548.3812,3680416.6879,6656.9809,9707,9692,-0.00163983,0.01249836,-0.00525961,-0.00163983,-6656.9809,4059548.3812,OK,0.0000,266.2792,4.0000,96.0000,AG03-UNRESOLVED,ALL5_LEVELS_bet23_to_bet27,266.2792,266.2792,266.2792,0.0000,0.0000,4.000000,4.000000,4.000000,0.000000,0.000000,96.000000,96.000000,96.000000,100.000000,100.000000,5.0,798.8377,767.3102,5858.1432,5889.6706,PENDING_AG03,FALSE,NOT_FOR_ENFORCEMENT,6390.7016,3533200.0204,6656.9809,6390.7016,266.2792,0.00163983,0.00157424,266.2792,6390.7016,0.00157424,266.2792,266.2792,266.2792,0.0000,0.0000,6390.7016,0.00157424,798.8377,767.3102,5858.1432,5889.6706,0.00144305,0.00145082,0.00006559,418.2083,379.7376,0.6869,61.6387,1.8384,37588.4109,89.7407,538.3845,395.5999,218.4789,430.6076,432.5446,432.5446,1046.441,1081.3617,427.0584,0.0,2.43015,2.511246,0.971205,30,216,96,2,0.20383968,0.00163983,-0.01249836,0E-8,0.000000,0.906607,0.000000,0.01775797,2026-03-22,2026-08-06,108,3621,2443,138,0.782609,1.360932,1.287360,0.679466,,,,,,,,GLOBAL_BASELINE_NO_ENTITY_RANKING,,,NOT_APPLICABLE_GLOBAL_BASELINE,HF9g-P5,,,,X 全窗基线 · 不参与实体赏罚,14197885,1420,A168_HF9F_20260827_0900,2026-08-27 09:00:00
2026-04-01,57024343,1645,0,861.7903694927,-21.5447592374,-21.5447592374,0.3333333,3,3,0.50218230000000000,0.502182300000,-0.5849155494134425,-0.5849155494134426,-0.5849155494134425,0E-17,ELIGIBLE,R03b_20260811_FULL_v1,L1_ELIGIBILITY,v2026-08-11,2026-03-21..2026-08-06,baccarat_bet02_101_all_pairs_incl_sentinel,round_win = game_pnl > 0 (decisive only),COMPATIBILITY_ONLY_NOT_PRODUCTION,4059548.3812,3680416.6879,6656.9809,9707,9692,-0.00163983,0.01249836,-0.00525961,-0.00163983,-6656.9809,4059548.3812,OK,0.0000,266.2792,4.0000,96.0000,AG03-UNRESOLVED,ALL5_LEVELS_bet23_to_bet27,266.2792,266.2792,266.2792,0.0000,0.0000,4.000000,4.000000,4.000000,0.000000,0.000000,96.000000,96.000000,96.000000,100.000000,100.000000,5.0,798.8377,767.3102,5858.1432,5889.6706,PENDING_AG03,FALSE,NOT_FOR_ENFORCEMENT,6390.7016,3533200.0204,6656.9809,6390.7016,266.2792,0.00163983,0.00157424,266.2792,6390.7016,0.00157424,266.2792,266.2792,266.2792,0.0000,0.0000,6390.7016,0.00157424,798.8377,767.3102,5858.1432,5889.6706,0.00144305,0.00145082,0.00006559,418.2083,379.7376,0.6869,61.6387,1.8384,37588.4109,89.7407,538.3845,395.5999,218.4789,430.6076,432.5446,432.5446,1046.441,1081.3617,427.0584,0.0,2.43015,2.511246,0.971205,30,216,96,2,0.20383968,0.00163983,-0.01249836,0E-8,0.000000,0.906607,0.000000,0.01775797,2026-03-22,2026-08-06,108,3621,2443,138,0.782609,1.360932,1.287360,0.679466,,,,,,,,GLOBAL_BASELINE_NO_ENTITY_RANKING,,,NOT_APPLICABLE_GLOBAL_BASELINE,HF9g-P5,,,,X 全窗基线 · 不参与实体赏罚,14197886,1420,A168_HF9F_20260827_0900,2026-08-27 09:00:00
2026-04-01,57024343,1963,0,646.3427771196,0E-10,0E-10,0.5000000,3,3,0.50218230000000000,0.502182300000,-0.00617253530718887,-0.00617253530718887,-0.00617253530718887,0E-17,ELIGIBLE,R03b_20260811_FULL_v1,L1_ELIGIBILITY,v2026-08-11,2026-03-21..2026-08-06,baccarat_bet02_101_all_pairs_incl_sentinel,round_win = game_pnl > 0 (decisive only),COMPATIBILITY_ONLY_NOT_PRODUCTION,4059548.3812,3680416.6879,6656.9809,9707,9692,-0.00163983,0.01249836,-0.00525961,-0.00163983,-6656.9809,4059548.3812,OK,0.0000,266.2792,4.0000,96.0000,AG03-UNRESOLVED,ALL5_LEVELS_bet23_to_bet27,266.2792,266.2792,266.2792,0.0000,0.0000,4.000000,4.000000,4.000000,0.000000,0.000000,96.000000,96.000000,96.000000,100.000000,100.000000,5.0,798.8377,767.3102,5858.1432,5889.6706,PENDING_AG03,FALSE,NOT_FOR_ENFORCEMENT,6390.7016,3533200.0204,6656.9809,6390.7016,266.2792,0.00163983,0.00157424,266.2792,6390.7016,0.00157424,266.2792,266.2792,266.2792,0.0000,0.0000,6390.7016,0.00157424,798.8377,767.3102,5858.1432,5889.6706,0.00144305,0.00145082,0.00006559,418.2083,379.7376,0.6869,61.6387,1.8384,37588.4109,89.7407,538.3845,395.5999,218.4789,430.6076,432.5446,432.5446,1046.441,1081.3617,427.0584,0.0,2.43015,2.511246,0.971205,30,216,96,2,0.20383968,0.00163983,-0.01249836,0E-8,0.000000,0.906607,0.000000,0.01775797,2026-03-22,2026-08-06,108,3621,2443,138,0.782609,1.360932,1.287360,0.679466,,,,,,,,GLOBAL_BASELINE_NO_ENTITY_RANKING,,,NOT_APPLICABLE_GLOBAL_BASELINE,HF9g-P5,,,,X 全窗基线 · 不参与实体赏罚,14197887,1420,A168_HF9F_20260827_0900,2026-08-27 09:00:00
2026-04-01,57024343,2072,0,1508.1331466124,-21.5447592374,-21.5447592374,0.5000000,7,7,0.50473567142857143,0.504735671429,-0.023200997840541474,-0.023200997842641315,-0.023200997840541474,-4.2857E-13,ELIGIBLE,R03b_20260811_FULL_v1,L1_ELIGIBILITY,v2026-08-11,2026-03-21..2026-08-06,baccarat_bet02_101_all_pairs_incl_sentinel,round_win = game_pnl > 0 (decisive only),COMPATIBILITY_ONLY_NOT_PRODUCTION,4059548.3812,3680416.6879,6656.9809,9707,9692,-0.00163983,0.01249836,-0.00525961,-0.00163983,-6656.9809,4059548.3812,OK,0.0000,266.2792,4.0000,96.0000,AG03-UNRESOLVED,ALL5_LEVELS_bet23_to_bet27,266.2792,266.2792,266.2792,0.0000,0.0000,4.000000,4.000000,4.000000,0.000000,0.000000,96.000000,96.000000,96.000000,100.000000,100.000000,5.0,798.8377,767.3102,5858.1432,5889.6706,PENDING_AG03,FALSE,NOT_FOR_ENFORCEMENT,6390.7016,3533200.0204,6656.9809,6390.7016,266.2792,0.00163983,0.00157424,266.2792,6390.7016,0.00157424,266.2792,266.2792,266.2792,0.0000,0.0000,6390.7016,0.00157424,798.8377,767.3102,5858.1432,5889.6706,0.00144305,0.00145082,0.00006559,418.2083,379.7376,0.6869,61.6387,1.8384,37588.4109,89.7407,538.3845,395.5999,218.4789,430.6076,432.5446,432.5446,1046.441,1081.3617,427.0584,0.0,2.43015,2.511246,0.971205,30,216,96,2,0.20383968,0.00163983,-0.01249836,0E-8,0.000000,0.906607,0.000000,0.01775797,2026-03-22,2026-08-06,108,3621,2443,138,0.782609,1.360932,1.287360,0.679466,,,,,,,,GLOBAL_BASELINE_NO_ENTITY_RANKING,,,NOT_APPLICABLE_GLOBAL_BASELINE,HF9g-P5,,,,X 全窗基线 · 不参与实体赏罚,14197888,1420,A168_HF9F_20260827_0900,2026-08-27 09:00:00
2026-04-01,57024343,2106,0,861.7903694928,398.5780458903,398.5780458903,0.7500000,4,4,0.50665070000000000,0.506650700000,0.9734833216690844,0.9734833216690844,0.9734833216690844,0E-17,ELIGIBLE,R03b_20260811_FULL_v1,L1_ELIGIBILITY,v2026-08-11,2026-03-21..2026-08-06,baccarat_bet02_101_all_pairs_incl_sentinel,round_win = game_pnl > 0 (decisive only),COMPATIBILITY_ONLY_NOT_PRODUCTION,4059548.3812,3680416.6879,6656.9809,9707,9692,-0.00163983,0.01249836,-0.00525961,-0.00163983,-6656.9809,4059548.3812,OK,0.0000,266.2792,4.0000,96.0000,AG03-UNRESOLVED,ALL5_LEVELS_bet23_to_bet27,266.2792,266.2792,266.2792,0.0000,0.0000,4.000000,4.000000,4.000000,0.000000,0.000000,96.000000,96.000000,96.000000,100.000000,100.000000,5.0,798.8377,767.3102,5858.1432,5889.6706,PENDING_AG03,FALSE,NOT_FOR_ENFORCEMENT,6390.7016,3533200.0204,6656.9809,6390.7016,266.2792,0.00163983,0.00157424,266.2792,6390.7016,0.00157424,266.2792,266.2792,266.2792,0.0000,0.0000,6390.7016,0.00157424,798.8377,767.3102,5858.1432,5889.6706,0.00144305,0.00145082,0.00006559,418.2083,379.7376,0.6869,61.6387,1.8384,37588.4109,89.7407,538.3845,395.5999,218.4789,430.6076,432.5446,432.5446,1046.441,1081.3617,427.0584,0.0,2.43015,2.511246,0.971205,30,216,96,2,0.20383968,0.00163983,-0.01249836,0E-8,0.000000,0.906607,0.000000,0.01775797,2026-03-22,2026-08-06,108,3621,2443,138,0.782609,1.360932,1.287360,0.679466,,,,,,,,GLOBAL_BASELINE_NO_ENTITY_RANKING,,,NOT_APPLICABLE_GLOBAL_BASELINE,HF9g-P5,,,,X 全窗基线 · 不参与实体赏罚,14197889,1420,A168_HF9F_20260827_0900,2026-08-27 09:00:00
2026-04-01,57024343,2108,0,861.7903694928,-21.5447592374,-21.5447592374,0.5000000,4,4,0.50329940000000000,0.503299400000,-0.01319788734859681,-0.01319788734859681,-0.01319788734859681,0E-17,ELIGIBLE,R03b_20260811_FULL_v1,L1_ELIGIBILITY,v2026-08-11,2026-03-21..2026-08-06,baccarat_bet02_101_all_pairs_incl_sentinel,round_win = game_pnl > 0 (decisive only),COMPATIBILITY_ONLY_NOT_PRODUCTION,4059548.3812,3680416.6879,6656.9809,9707,9692,-0.00163983,0.01249836,-0.00525961,-0.00163983,-6656.9809,4059548.3812,OK,0.0000,266.2792,4.0000,96.0000,AG03-UNRESOLVED,ALL5_LEVELS_bet23_to_bet27,266.2792,266.2792,266.2792,0.0000,0.0000,4.000000,4.000000,4.000000,0.000000,0.000000,96.000000,96.000000,96.000000,100.000000,100.000000,5.0,798.8377,767.3102,5858.1432,5889.6706,PENDING_AG03,FALSE,NOT_FOR_ENFORCEMENT,6390.7016,3533200.0204,6656.9809,6390.7016,266.2792,0.00163983,0.00157424,266.2792,6390.7016,0.00157424,266.2792,266.2792,266.2792,0.0000,0.0000,6390.7016,0.00157424,798.8377,767.3102,5858.1432,5889.6706,0.00144305,0.00145082,0.00006559,418.2083,379.7376,0.6869,61.6387,1.8384,37588.4109,89.7407,538.3845,395.5999,218.4789,430.6076,432.5446,432.5446,1046.441,1081.3617,427.0584,0.0,2.43015,2.511246,0.971205,30,216,96,2,0.20383968,0.00163983,-0.01249836,0E-8,0.000000,0.906607,0.000000,0.01775797,2026-03-22,2026-08-06,108,3621,2443,138,0.782609,1.360932,1.287360,0.679466,,,,,,,,GLOBAL_BASELINE_NO_ENTITY_RANKING,,,NOT_APPLICABLE_GLOBAL_BASELINE,HF9g-P5,,,,X 全窗基线 · 不参与实体赏罚,14197890,1420,A168_HF9F_20260827_0900,2026-08-27 09:00:00
2026-04-01,57024343,2123,0,2154.4759237320,-883.3351287302,-883.3351287302,0.2500000,10,10,0.50396966000000000,0.503969660000,-1.4367146312011743,-1.4367146312011743,-1.4367146312011743,0E-17,ELIGIBLE,R03b_20260811_FULL_v1,L1_ELIGIBILITY,v2026-08-11,2026-03-21..2026-08-06,baccarat_bet02_101_all_pairs_incl_sentinel,round_win = game_pnl > 0 (decisive only),COMPATIBILITY_ONLY_NOT_PRODUCTION,4059548.3812,3680416.6879,6656.9809,9707,9692,-0.00163983,0.01249836,-0.00525961,-0.00163983,-6656.9809,4059548.3812,OK,0.0000,266.2792,4.0000,96.0000,AG03-UNRESOLVED,ALL5_LEVELS_bet23_to_bet27,266.2792,266.2792,266.2792,0.0000,0.0000,4.000000,4.000000,4.000000,0.000000,0.000000,96.000000,96.000000,96.000000,100.000000,100.000000,5.0,798.8377,767.3102,5858.1432,5889.6706,PENDING_AG03,FALSE,NOT_FOR_ENFORCEMENT,6390.7016,3533200.0204,6656.9809,6390.7016,266.2792,0.00163983,0.00157424,266.2792,6390.7016,0.00157424,266.2792,266.2792,266.2792,0.0000,0.0000,6390.7016,0.00157424,798.8377,767.3102,5858.1432,5889.6706,0.00144305,0.00145082,0.00006559,418.2083,379.7376,0.6869,61.6387,1.8384,37588.4109,89.7407,538.3845,395.5999,218.4789,430.6076,432.5446,432.5446,1046.441,1081.3617,427.0584,0.0,2.43015,2.511246,0.971205,30,216,96,2,0.20383968,0.00163983,-0.01249836,0E-8,0.000000,0.906607,0.000000,0.01775797,2026-03-22,2026-08-06,108,3621,2443,138,0.782609,1.360932,1.287360,0.679466,,,,,,,,GLOBAL_BASELINE_NO_ENTITY_RANKING,,,NOT_APPLICABLE_GLOBAL_BASELINE,HF9g-P5,,,,X 全窗基线 · 不参与实体赏罚,14197891,1420,A168_HF9F_20260827_0900,2026-08-27 09:00:00
2026-04-01,57024343,2152,0,1077.2379618660,-646.3427771196,-646.3427771196,0.2000000,5,5,0.50128862000000000,0.501288620000,-1.347408145195933,-1.347408145195933,-1.347408145195933,0E-17,ELIGIBLE,R03b_20260811_FULL_v1,L1_ELIGIBILITY,v2026-08-11,2026-03-21..2026-08-06,baccarat_bet02_101_all_pairs_incl_sentinel,round_win = game_pnl > 0 (decisive only),COMPATIBILITY_ONLY_NOT_PRODUCTION,4059548.3812,3680416.6879,6656.9809,9707,9692,-0.00163983,0.01249836,-0.00525961,-0.00163983,-6656.9809,4059548.3812,OK,0.0000,266.2792,4.0000,96.0000,AG03-UNRESOLVED,ALL5_LEVELS_bet23_to_bet27,266.2792,266.2792,266.2792,0.0000,0.0000,4.000000,4.000000,4.000000,0.000000,0.000000,96.000000,96.000000,96.000000,100.000000,100.000000,5.0,798.8377,767.3102,5858.1432,5889.6706,PENDING_AG03,FALSE,NOT_FOR_ENFORCEMENT,6390.7016,3533200.0204,6656.9809,6390.7016,266.2792,0.00163983,0.00157424,266.2792,6390.7016,0.00157424,266.2792,266.2792,266.2792,0.0000,0.0000,6390.7016,0.00157424,798.8377,767.3102,5858.1432,5889.6706,0.00144305,0.00145082,0.00006559,418.2083,379.7376,0.6869,61.6387,1.8384,37588.4109,89.7407,538.3845,395.5999,218.4789,430.6076,432.5446,432.5446,1046.441,1081.3617,427.0584,0.0,2.43015,2.511246,0.971205,30,216,96,2,0.20383968,0.00163983,-0.01249836,0E-8,0.000000,0.906607,0.000000,0.01775797,2026-03-22,2026-08-06,108,3621,2443,138,0.782609,1.360932,1.287360,0.679466,,,,,,,,GLOBAL_BASELINE_NO_ENTITY_RANKING,,,NOT_APPLICABLE_GLOBAL_BASELINE,HF9g-P5,,,,X 全窗基线 · 不参与实体赏罚,14197892,1420,A168_HF9F_20260827_0900,2026-08-27 09:00:00
2026-04-01,57024343,2160,0,1723.5807389856,-236.9923516106,-236.9923516106,0.4285714,8,8,0.50329940000000000,0.503299400000,-0.395431866228915,-0.39543186622891513,-0.395431866228915,0E-17,ELIGIBLE,R03b_20260811_FULL_v1,L1_ELIGIBILITY,v2026-08-11,2026-03-21..2026-08-06,baccarat_bet02_101_all_pairs_incl_sentinel,round_win = game_pnl > 0 (decisive only),COMPATIBILITY_ONLY_NOT_PRODUCTION,4059548.3812,3680416.6879,6656.9809,9707,9692,-0.00163983,0.01249836,-0.00525961,-0.00163983,-6656.9809,4059548.3812,OK,0.0000,266.2792,4.0000,96.0000,AG03-UNRESOLVED,ALL5_LEVELS_bet23_to_bet27,266.2792,266.2792,266.2792,0.0000,0.0000,4.000000,4.000000,4.000000,0.000000,0.000000,96.000000,96.000000,96.000000,100.000000,100.000000,5.0,798.8377,767.3102,5858.1432,5889.6706,PENDING_AG03,FALSE,NOT_FOR_ENFORCEMENT,6390.7016,3533200.0204,6656.9809,6390.7016,266.2792,0.00163983,0.00157424,266.2792,6390.7016,0.00157424,266.2792,266.2792,266.2792,0.0000,0.0000,6390.7016,0.00157424,798.8377,767.3102,5858.1432,5889.6706,0.00144305,0.00145082,0.00006559,418.2083,379.7376,0.6869,61.6387,1.8384,37588.4109,89.7407,538.3845,395.5999,218.4789,430.6076,432.5446,432.5446,1046.441,1081.3617,427.0584,0.0,2.43015,2.511246,0.971205,30,216,96,2,0.20383968,0.00163983,-0.01249836,0E-8,0.000000,0.906607,0.000000,0.01775797,2026-03-22,2026-08-06,108,3621,2443,138,0.782609,1.360932,1.287360,0.679466,,,,,,,,GLOBAL_BASELINE_NO_ENTITY_RANKING,,,NOT_APPLICABLE_GLOBAL_BASELINE,HF9g-P5,,,,X 全窗基线 · 不参与实体赏罚,14197893,1420,A168_HF9F_20260827_0900,2026-08-27 09:00:00
2026-04-01,57024343,2171,0,3231.7138855977,1389.6369708067,1389.6369708067,0.6666667,12,12,0.50441650000000000,0.504416500000,1.1241459836647447,1.1241459836647447,1.1241459836647447,0E-17,ELIGIBLE,R03b_20260811_FULL_v1,L1_ELIGIBILITY,v2026-08-11,2026-03-21..2026-08-06,baccarat_bet02_101_all_pairs_incl_sentinel,round_win = game_pnl > 0 (decisive only),COMPATIBILITY_ONLY_NOT_PRODUCTION,4059548.3812,3680416.6879,6656.9809,9707,9692,-0.00163983,0.01249836,-0.00525961,-0.00163983,-6656.9809,4059548.3812,OK,0.0000,266.2792,4.0000,96.0000,AG03-UNRESOLVED,ALL5_LEVELS_bet23_to_bet27,266.2792,266.2792,266.2792,0.0000,0.0000,4.000000,4.000000,4.000000,0.000000,0.000000,96.000000,96.000000,96.000000,100.000000,100.000000,5.0,798.8377,767.3102,5858.1432,5889.6706,PENDING_AG03,FALSE,NOT_FOR_ENFORCEMENT,6390.7016,3533200.0204,6656.9809,6390.7016,266.2792,0.00163983,0.00157424,266.2792,6390.7016,0.00157424,266.2792,266.2792,266.2792,0.0000,0.0000,6390.7016,0.00157424,798.8377,767.3102,5858.1432,5889.6706,0.00144305,0.00145082,0.00006559,418.2083,379.7376,0.6869,61.6387,1.8384,37588.4109,89.7407,538.3845,395.5999,218.4789,430.6076,432.5446,432.5446,1046.441,1081.3617,427.0584,0.0,2.43015,2.511246,0.971205,30,216,96,2,0.20383968,0.00163983,-0.01249836,0E-8,0.000000,0.906607,0.000000,0.01775797,2026-03-22,2026-08-06,108,3621,2443,138,0.782609,1.360932,1.287360,0.679466,,,,,,,,GLOBAL_BASELINE_NO_ENTITY_RANKING,,,NOT_APPLICABLE_GLOBAL_BASELINE,HF9g-P5,,,,X 全窗基线 · 不参与实体赏罚,14197894,1420,A168_HF9F_20260827_0900,2026-08-27 09:00:00
2026-04-01,57024343,2201,0,1508.1331466124,-215.4475923732,-215.4475923732,0.4000000,7,7,0.49899058571428571,0.498990585714,-0.4427002597300625,-0.4427002597287852,-0.4427002597300625,2.8571E-13,ELIGIBLE,R03b_20260811_FULL_v1,L1_ELIGIBILITY,v2026-08-11,2026-03-21..2026-08-06,baccarat_bet02_101_all_pairs_incl_sentinel,round_win = game_pnl > 0 (decisive only),COMPATIBILITY_ONLY_NOT_PRODUCTION,4059548.3812,3680416.6879,6656.9809,9707,9692,-0.00163983,0.01249836,-0.00525961,-0.00163983,-6656.9809,4059548.3812,OK,0.0000,266.2792,4.0000,96.0000,AG03-UNRESOLVED,ALL5_LEVELS_bet23_to_bet27,266.2792,266.2792,266.2792,0.0000,0.0000,4.000000,4.000000,4.000000,0.000000,0.000000,96.000000,96.000000,96.000000,100.000000,100.000000,5.0,798.8377,767.3102,5858.1432,5889.6706,PENDING_AG03,FALSE,NOT_FOR_ENFORCEMENT,6390.7016,3533200.0204,6656.9809,6390.7016,266.2792,0.00163983,0.00157424,266.2792,6390.7016,0.00157424,266.2792,266.2792,266.2792,0.0000,0.0000,6390.7016,0.00157424,798.8377,767.3102,5858.1432,5889.6706,0.00144305,0.00145082,0.00006559,418.2083,379.7376,0.6869,61.6387,1.8384,37588.4109,89.7407,538.3845,395.5999,218.4789,430.6076,432.5446,432.5446,1046.441,1081.3617,427.0584,0.0,2.43015,2.511246,0.971205,30,216,96,2,0.20383968,0.00163983,-0.01249836,0E-8,0.000000,0.906607,0.000000,0.01775797,2026-03-22,2026-08-06,108,3621,2443,138,0.782609,1.360932,1.287360,0.679466,,,,,,,,GLOBAL_BASELINE_NO_ENTITY_RANKING,,,NOT_APPLICABLE_GLOBAL_BASELINE,HF9g-P5,,,,X 全窗基线 · 不参与实体赏罚,14197895,1420,A168_HF9F_20260827_0900,2026-08-27 09:00:00
2026-04-01,57024343,2205,0,1077.2379618659,624.7980178822,624.7980178822,0.7500000,4,4,0.49994810000000000,0.499948100000,1.0002076053883384,1.0002076053883384,1.0002076053883384,0E-17,ELIGIBLE,R03b_20260811_FULL_v1,L1_ELIGIBILITY,v2026-08-11,2026-03-21..2026-08-06,baccarat_bet02_101_all_pairs_incl_sentinel,round_win = game_pnl > 0 (decisive only),COMPATIBILITY_ONLY_NOT_PRODUCTION,4059548.3812,3680416.6879,6656.9809,9707,9692,-0.00163983,0.01249836,-0.00525961,-0.00163983,-6656.9809,4059548.3812,OK,0.0000,266.2792,4.0000,96.0000,AG03-UNRESOLVED,ALL5_LEVELS_bet23_to_bet27,266.2792,266.2792,266.2792,0.0000,0.0000,4.000000,4.000000,4.000000,0.000000,0.000000,96.000000,96.000000,96.000000,100.000000,100.000000,5.0,798.8377,767.3102,5858.1432,5889.6706,PENDING_AG03,FALSE,NOT_FOR_ENFORCEMENT,6390.7016,3533200.0204,6656.9809,6390.7016,266.2792,0.00163983,0.00157424,266.2792,6390.7016,0.00157424,266.2792,266.2792,266.2792,0.0000,0.0000,6390.7016,0.00157424,798.8377,767.3102,5858.1432,5889.6706,0.00144305,0.00145082,0.00006559,418.2083,379.7376,0.6869,61.6387,1.8384,37588.4109,89.7407,538.3845,395.5999,218.4789,430.6076,432.5446,432.5446,1046.441,1081.3617,427.0584,0.0,2.43015,2.511246,0.971205,30,216,96,2,0.20383968,0.00163983,-0.01249836,0E-8,0.000000,0.906607,0.000000,0.01775797,2026-03-22,2026-08-06,108,3621,2443,138,0.782609,1.360932,1.287360,0.679466,,,,,,,,GLOBAL_BASELINE_NO_ENTITY_RANKING,,,NOT_APPLICABLE_GLOBAL_BASELINE,HF9g-P5,,,,X 全窗基线 · 不参与实体赏罚,14197896,1420,A168_HF9F_20260827_0900,2026-08-27 09:00:00
2026-04-01,57024343,2218,0,1077.2379618659,1023.3760637725,1023.3760637725,1.0000000,4,4,0.50665070000000000,0.506650700000,1.9735717970305138,1.9735717970305138,1.9735717970305138,0E-17,ELIGIBLE,R03b_20260811_FULL_v1,L1_ELIGIBILITY,v2026-08-11,2026-03-21..2026-08-06,baccarat_bet02_101_all_pairs_incl_sentinel,round_win = game_pnl > 0 (decisive only),COMPATIBILITY_ONLY_NOT_PRODUCTION,4059548.3812,3680416.6879,6656.9809,9707,9692,-0.00163983,0.01249836,-0.00525961,-0.00163983,-6656.9809,4059548.3812,OK,0.0000,266.2792,4.0000,96.0000,AG03-UNRESOLVED,ALL5_LEVELS_bet23_to_bet27,266.2792,266.2792,266.2792,0.0000,0.0000,4.000000,4.000000,4.000000,0.000000,0.000000,96.000000,96.000000,96.000000,100.000000,100.000000,5.0,798.8377,767.3102,5858.1432,5889.6706,PENDING_AG03,FALSE,NOT_FOR_ENFORCEMENT,6390.7016,3533200.0204,6656.9809,6390.7016,266.2792,0.00163983,0.00157424,266.2792,6390.7016,0.00157424,266.2792,266.2792,266.2792,0.0000,0.0000,6390.7016,0.00157424,798.8377,767.3102,5858.1432,5889.6706,0.00144305,0.00145082,0.00006559,418.2083,379.7376,0.6869,61.6387,1.8384,37588.4109,89.7407,538.3845,395.5999,218.4789,430.6076,432.5446,432.5446,1046.441,1081.3617,427.0584,0.0,2.43015,2.511246,0.971205,30,216,96,2,0.20383968,0.00163983,-0.01249836,0E-8,0.000000,0.906607,0.000000,0.01775797,2026-03-22,2026-08-06,108,3621,2443,138,0.782609,1.360932,1.287360,0.679466,,,,,,,,GLOBAL_BASELINE_NO_ENTITY_RANKING,,,NOT_APPLICABLE_GLOBAL_BASELINE,HF9g-P5,,,,X 全窗基线 · 不参与实体赏罚,14197897,1420,A168_HF9F_20260827_0900,2026-08-27 09:00:00
2026-04-01,57024343,2220,0,1077.2379618660,-646.3427771196,-646.3427771196,0E-7,5,5,0.49860758000000000,0.498607580000,-1.727234020849126,-1.727234020849126,-1.727234020849126,0E-17,ELIGIBLE,R03b_20260811_FULL_v1,L1_ELIGIBILITY,v2026-08-11,2026-03-21..2026-08-06,baccarat_bet02_101_all_pairs_incl_sentinel,round_win = game_pnl > 0 (decisive only),COMPATIBILITY_ONLY_NOT_PRODUCTION,4059548.3812,3680416.6879,6656.9809,9707,9692,-0.00163983,0.01249836,-0.00525961,-0.00163983,-6656.9809,4059548.3812,OK,0.0000,266.2792,4.0000,96.0000,AG03-UNRESOLVED,ALL5_LEVELS_bet23_to_bet27,266.2792,266.2792,266.2792,0.0000,0.0000,4.000000,4.000000,4.000000,0.000000,0.000000,96.000000,96.000000,96.000000,100.000000,100.000000,5.0,798.8377,767.3102,5858.1432,5889.6706,PENDING_AG03,FALSE,NOT_FOR_ENFORCEMENT,6390.7016,3533200.0204,6656.9809,6390.7016,266.2792,0.00163983,0.00157424,266.2792,6390.7016,0.00157424,266.2792,266.2792,266.2792,0.0000,0.0000,6390.7016,0.00157424,798.8377,767.3102,5858.1432,5889.6706,0.00144305,0.00145082,0.00006559,418.2083,379.7376,0.6869,61.6387,1.8384,37588.4109,89.7407,538.3845,395.5999,218.4789,430.6076,432.5446,432.5446,1046.441,1081.3617,427.0584,0.0,2.43015,2.511246,0.971205,30,216,96,2,0.20383968,0.00163983,-0.01249836,0E-8,0.000000,0.906607,0.000000,0.01775797,2026-03-22,2026-08-06,108,3621,2443,138,0.782609,1.360932,1.287360,0.679466,,,,,,,,GLOBAL_BASELINE_NO_ENTITY_RANKING,,,NOT_APPLICABLE_GLOBAL_BASELINE,HF9g-P5,,,,X 全窗基线 · 不参与实体赏罚,14197898,1420,A168_HF9F_20260827_0900,2026-08-27 09:00:00
2026-04-01,57024343,2232,0,1077.2379618660,-226.2199719919,-226.2199719919,0.4000000,5,5,0.50128862000000000,0.501288620000,-0.4529779837142727,-0.4529779837142727,-0.4529779837142727,0E-17,ELIGIBLE,R03b_20260811_FULL_v1,L1_ELIGIBILITY,v2026-08-11,2026-03-21..2026-08-06,baccarat_bet02_101_all_pairs_incl_sentinel,round_win = game_pnl > 0 (decisive only),COMPATIBILITY_ONLY_NOT_PRODUCTION,4059548.3812,3680416.6879,6656.9809,9707,9692,-0.00163983,0.01249836,-0.00525961,-0.00163983,-6656.9809,4059548.3812,OK,0.0000,266.2792,4.0000,96.0000,AG03-UNRESOLVED,ALL5_LEVELS_bet23_to_bet27,266.2792,266.2792,266.2792,0.0000,0.0000,4.000000,4.000000,4.000000,0.000000,0.000000,96.000000,96.000000,96.000000,100.000000,100.000000,5.0,798.8377,767.3102,5858.1432,5889.6706,PENDING_AG03,FALSE,NOT_FOR_ENFORCEMENT,6390.7016,3533200.0204,6656.9809,6390.7016,266.2792,0.00163983,0.00157424,266.2792,6390.7016,0.00157424,266.2792,266.2792,266.2792,0.0000,0.0000,6390.7016,0.00157424,798.8377,767.3102,5858.1432,5889.6706,0.00144305,0.00145082,0.00006559,418.2083,379.7376,0.6869,61.6387,1.8384,37588.4109,89.7407,538.3845,395.5999,218.4789,430.6076,432.5446,432.5446,1046.441,1081.3617,427.0584,0.0,2.43015,2.511246,0.971205,30,216,96,2,0.20383968,0.00163983,-0.01249836,0E-8,0.000000,0.906607,0.000000,0.01775797,2026-03-22,2026-08-06,108,3621,2443,138,0.782609,1.360932,1.287360,0.679466,,,,,,,,GLOBAL_BASELINE_NO_ENTITY_RANKING,,,NOT_APPLICABLE_GLOBAL_BASELINE,HF9g-P5,,,,X 全窗基线 · 不参与实体赏罚,14197899,1420,A168_HF9F_20260827_0900,2026-08-27 09:00:00
2026-04-01,57024343,2233,0,3231.7138855979,-473.9847032211,-473.9847032211,0.4545455,14,14,0.50377815714285714,0.503778157143,-0.3265821275690501,-0.3265821275699985,-0.3265821275690501,-1.4286E-13,ELIGIBLE,R03b_20260811_FULL_v1,L1_ELIGIBILITY,v2026-08-11,2026-03-21..2026-08-06,baccarat_bet02_101_all_pairs_incl_sentinel,round_win = game_pnl > 0 (decisive only),COMPATIBILITY_ONLY_NOT_PRODUCTION,4059548.3812,3680416.6879,6656.9809,9707,9692,-0.00163983,0.01249836,-0.00525961,-0.00163983,-6656.9809,4059548.3812,OK,0.0000,266.2792,4.0000,96.0000,AG03-UNRESOLVED,ALL5_LEVELS_bet23_to_bet27,266.2792,266.2792,266.2792,0.0000,0.0000,4.000000,4.000000,4.000000,0.000000,0.000000,96.000000,96.000000,96.000000,100.000000,100.000000,5.0,798.8377,767.3102,5858.1432,5889.6706,PENDING_AG03,FALSE,NOT_FOR_ENFORCEMENT,6390.7016,3533200.0204,6656.9809,6390.7016,266.2792,0.00163983,0.00157424,266.2792,6390.7016,0.00157424,266.2792,266.2792,266.2792,0.0000,0.0000,6390.7016,0.00157424,798.8377,767.3102,5858.1432,5889.6706,0.00144305,0.00145082,0.00006559,418.2083,379.7376,0.6869,61.6387,1.8384,37588.4109,89.7407,538.3845,395.5999,218.4789,430.6076,432.5446,432.5446,1046.441,1081.3617,427.0584,0.0,2.43015,2.511246,0.971205,30,216,96,2,0.20383968,0.00163983,-0.01249836,0E-8,0.000000,0.906607,0.000000,0.01775797,2026-03-22,2026-08-06,108,3621,2443,138,0.782609,1.360932,1.287360,0.679466,,,,,,,,GLOBAL_BASELINE_NO_ENTITY_RANKING,,,NOT_APPLICABLE_GLOBAL_BASELINE,HF9g-P5,,,,X 全窗基线 · 不参与实体赏罚,14197900,1420,A168_HF9F_20260827_0900,2026-08-27 09:00:00
2026-04-01,57024343,2250,0,215.4475923732,-215.4475923732,-215.4475923732,0E-7,1,1,0.50665070000000000,0.506650700000,-1.013391052207602,-1.013391052207602,-1.013391052207602,0E-17,ELIGIBLE,R03b_20260811_FULL_v1,L1_ELIGIBILITY,v2026-08-11,2026-03-21..2026-08-06,baccarat_bet02_101_all_pairs_incl_sentinel,round_win = game_pnl > 0 (decisive only),COMPATIBILITY_ONLY_NOT_PRODUCTION,4059548.3812,3680416.6879,6656.9809,9707,9692,-0.00163983,0.01249836,-0.00525961,-0.00163983,-6656.9809,4059548.3812,OK,0.0000,266.2792,4.0000,96.0000,AG03-UNRESOLVED,ALL5_LEVELS_bet23_to_bet27,266.2792,266.2792,266.2792,0.0000,0.0000,4.000000,4.000000,4.000000,0.000000,0.000000,96.000000,96.000000,96.000000,100.000000,100.000000,5.0,798.8377,767.3102,5858.1432,5889.6706,PENDING_AG03,FALSE,NOT_FOR_ENFORCEMENT,6390.7016,3533200.0204,6656.9809,6390.7016,266.2792,0.00163983,0.00157424,266.2792,6390.7016,0.00157424,266.2792,266.2792,266.2792,0.0000,0.0000,6390.7016,0.00157424,798.8377,767.3102,5858.1432,5889.6706,0.00144305,0.00145082,0.00006559,418.2083,379.7376,0.6869,61.6387,1.8384,37588.4109,89.7407,538.3845,395.5999,218.4789,430.6076,432.5446,432.5446,1046.441,1081.3617,427.0584,0.0,2.43015,2.511246,0.971205,30,216,96,2,0.20383968,0.00163983,-0.01249836,0E-8,0.000000,0.906607,0.000000,0.01775797,2026-03-22,2026-08-06,108,3621,2443,138,0.782609,1.360932,1.287360,0.679466,,,,,,,,GLOBAL_BASELINE_NO_ENTITY_RANKING,,,NOT_APPLICABLE_GLOBAL_BASELINE,HF9g-P5,,,,X 全窗基线 · 不参与实体赏罚,14197901,1420,A168_HF9F_20260827_0900,2026-08-27 09:00:00
2026-04-01,57024343,2258,0,646.3427771196,-215.4475923732,-215.4475923732,0.3333333,3,3,0.49771390000000000,0.497713900000,-0.5694369385616226,-0.5694369385616226,-0.5694369385616226,0E-17,ELIGIBLE,R03b_20260811_FULL_v1,L1_ELIGIBILITY,v2026-08-11,2026-03-21..2026-08-06,baccarat_bet02_101_all_pairs_incl_sentinel,round_win = game_pnl > 0 (decisive only),COMPATIBILITY_ONLY_NOT_PRODUCTION,4059548.3812,3680416.6879,6656.9809,9707,9692,-0.00163983,0.01249836,-0.00525961,-0.00163983,-6656.9809,4059548.3812,OK,0.0000,266.2792,4.0000,96.0000,AG03-UNRESOLVED,ALL5_LEVELS_bet23_to_bet27,266.2792,266.2792,266.2792,0.0000,0.0000,4.000000,4.000000,4.000000,0.000000,0.000000,96.000000,96.000000,96.000000,100.000000,100.000000,5.0,798.8377,767.3102,5858.1432,5889.6706,PENDING_AG03,FALSE,NOT_FOR_ENFORCEMENT,6390.7016,3533200.0204,6656.9809,6390.7016,266.2792,0.00163983,0.00157424,266.2792,6390.7016,0.00157424,266.2792,266.2792,266.2792,0.0000,0.0000,6390.7016,0.00157424,798.8377,767.3102,5858.1432,5889.6706,0.00144305,0.00145082,0.00006559,418.2083,379.7376,0.6869,61.6387,1.8384,37588.4109,89.7407,538.3845,395.5999,218.4789,430.6076,432.5446,432.5446,1046.441,1081.3617,427.0584,0.0,2.43015,2.511246,0.971205,30,216,96,2,0.20383968,0.00163983,-0.01249836,0E-8,0.000000,0.906607,0.000000,0.01775797,2026-03-22,2026-08-06,108,3621,2443,138,0.782609,1.360932,1.287360,0.679466,,,,,,,,GLOBAL_BASELINE_NO_ENTITY_RANKING,,,NOT_APPLICABLE_GLOBAL_BASELINE,HF9g-P5,,,,X 全窗基线 · 不参与实体赏罚,14197902,1420,A168_HF9F_20260827_0900,2026-08-27 09:00:00
2026-04-01,57024343,2266,0,430.8951847464,215.4475923732,215.4475923732,1.0000000,2,2,0.49324550000000000,0.493245500000,1.01360149184955,1.01360149184955,1.01360149184955,0E-17,ELIGIBLE,R03b_20260811_FULL_v1,L1_ELIGIBILITY,v2026-08-11,2026-03-21..2026-08-06,baccarat_bet02_101_all_pairs_incl_sentinel,round_win = game_pnl > 0 (decisive only),COMPATIBILITY_ONLY_NOT_PRODUCTION,4059548.3812,3680416.6879,6656.9809,9707,9692,-0.00163983,0.01249836,-0.00525961,-0.00163983,-6656.9809,4059548.3812,OK,0.0000,266.2792,4.0000,96.0000,AG03-UNRESOLVED,ALL5_LEVELS_bet23_to_bet27,266.2792,266.2792,266.2792,0.0000,0.0000,4.000000,4.000000,4.000000,0.000000,0.000000,96.000000,96.000000,96.000000,100.000000,100.000000,5.0,798.8377,767.3102,5858.1432,5889.6706,PENDING_AG03,FALSE,NOT_FOR_ENFORCEMENT,6390.7016,3533200.0204,6656.9809,6390.7016,266.2792,0.00163983,0.00157424,266.2792,6390.7016,0.00157424,266.2792,266.2792,266.2792,0.0000,0.0000,6390.7016,0.00157424,798.8377,767.3102,5858.1432,5889.6706,0.00144305,0.00145082,0.00006559,418.2083,379.7376,0.6869,61.6387,1.8384,37588.4109,89.7407,538.3845,395.5999,218.4789,430.6076,432.5446,432.5446,1046.441,1081.3617,427.0584,0.0,2.43015,2.511246,0.971205,30,216,96,2,0.20383968,0.00163983,-0.01249836,0E-8,0.000000,0.906607,0.000000,0.01775797,2026-03-22,2026-08-06,108,3621,2443,138,0.782609,1.360932,1.287360,0.679466,,,,,,,,GLOBAL_BASELINE_NO_ENTITY_RANKING,,,NOT_APPLICABLE_GLOBAL_BASELINE,HF9g-P5,,,,X 全窗基线 · 不参与实体赏罚,14197903,1420,A168_HF9F_20260827_0900,2026-08-27 09:00:00
2026-04-01,57024343,462,0,1508.1331466124,-32.3171388561,-32.3171388561,0.5000000,7,7,0.50473567142857143,0.504735671429,-0.023200997840541474,-0.023200997842641315,-0.023200997840541474,-4.2857E-13,ELIGIBLE,R03b_20260811_FULL_v1,L1_ELIGIBILITY,v2026-08-11,2026-03-21..2026-08-06,baccarat_bet02_101_all_pairs_incl_sentinel,round_win = game_pnl > 0 (decisive only),COMPATIBILITY_ONLY_NOT_PRODUCTION,4059548.3812,3680416.6879,6656.9809,9707,9692,-0.00163983,0.01249836,-0.00525961,-0.00163983,-6656.9809,4059548.3812,OK,0.0000,266.2792,4.0000,96.0000,AG03-UNRESOLVED,ALL5_LEVELS_bet23_to_bet27,266.2792,266.2792,266.2792,0.0000,0.0000,4.000000,4.000000,4.000000,0.000000,0.000000,96.000000,96.000000,96.000000,100.000000,100.000000,5.0,798.8377,767.3102,5858.1432,5889.6706,PENDING_AG03,FALSE,NOT_FOR_ENFORCEMENT,6390.7016,3533200.0204,6656.9809,6390.7016,266.2792,0.00163983,0.00157424,266.2792,6390.7016,0.00157424,266.2792,266.2792,266.2792,0.0000,0.0000,6390.7016,0.00157424,798.8377,767.3102,5858.1432,5889.6706,0.00144305,0.00145082,0.00006559,418.2083,379.7376,0.6869,61.6387,1.8384,37588.4109,89.7407,538.3845,395.5999,218.4789,430.6076,432.5446,432.5446,1046.441,1081.3617,427.0584,0.0,2.43015,2.511246,0.971205,30,216,96,2,0.20383968,0.00163983,-0.01249836,0E-8,0.000000,0.906607,0.000000,0.01775797,2026-03-22,2026-08-06,108,3621,2443,138,0.782609,1.360932,1.287360,0.679466,,,,,,,,GLOBAL_BASELINE_NO_ENTITY_RANKING,,,NOT_APPLICABLE_GLOBAL_BASELINE,HF9g-P5,,,,X 全窗基线 · 不参与实体赏罚,14197904,1420,A168_HF9F_20260827_0900,2026-08-27 09:00:00
2026-04-01,57024343,526,0,1508.1331466124,-657.1151567383,-657.1151567383,0.2000000,7,7,0.50665070000000000,0.506650700000,-1.3715049547573244,-1.3715049547573244,-1.3715049547573244,0E-17,ELIGIBLE,R03b_20260811_FULL_v1,L1_ELIGIBILITY,v2026-08-11,2026-03-21..2026-08-06,baccarat_bet02_101_all_pairs_incl_sentinel,round_win = game_pnl > 0 (decisive only),COMPATIBILITY_ONLY_NOT_PRODUCTION,4059548.3812,3680416.6879,6656.9809,9707,9692,-0.00163983,0.01249836,-0.00525961,-0.00163983,-6656.9809,4059548.3812,OK,0.0000,266.2792,4.0000,96.0000,AG03-UNRESOLVED,ALL5_LEVELS_bet23_to_bet27,266.2792,266.2792,266.2792,0.0000,0.0000,4.000000,4.000000,4.000000,0.000000,0.000000,96.000000,96.000000,96.000000,100.000000,100.000000,5.0,798.8377,767.3102,5858.1432,5889.6706,PENDING_AG03,FALSE,NOT_FOR_ENFORCEMENT,6390.7016,3533200.0204,6656.9809,6390.7016,266.2792,0.00163983,0.00157424,266.2792,6390.7016,0.00157424,266.2792,266.2792,266.2792,0.0000,0.0000,6390.7016,0.00157424,798.8377,767.3102,5858.1432,5889.6706,0.00144305,0.00145082,0.00006559,418.2083,379.7376,0.6869,61.6387,1.8384,37588.4109,89.7407,538.3845,395.5999,218.4789,430.6076,432.5446,432.5446,1046.441,1081.3617,427.0584,0.0,2.43015,2.511246,0.971205,30,216,96,2,0.20383968,0.00163983,-0.01249836,0E-8,0.000000,0.906607,0.000000,0.01775797,2026-03-22,2026-08-06,108,3621,2443,138,0.782609,1.360932,1.287360,0.679466,,,,,,,,GLOBAL_BASELINE_NO_ENTITY_RANKING,,,NOT_APPLICABLE_GLOBAL_BASELINE,HF9g-P5,,,,X 全窗基线 · 不参与实体赏罚,14197905,1420,A168_HF9F_20260827_0900,2026-08-27 09:00:00
2026-04-01,57024343,595,0,1077.2379618659,-646.3427771195,-646.3427771195,0E-7,4,4,0.50665070000000000,0.506650700000,-1.4331513700195317,-1.4331513700195317,-1.4331513700195317,0E-17,ELIGIBLE,R03b_20260811_FULL_v1,L1_ELIGIBILITY,v2026-08-11,2026-03-21..2026-08-06,baccarat_bet02_101_all_pairs_incl_sentinel,round_win = game_pnl > 0 (decisive only),COMPATIBILITY_ONLY_NOT_PRODUCTION,4059548.3812,3680416.6879,6656.9809,9707,9692,-0.00163983,0.01249836,-0.00525961,-0.00163983,-6656.9809,4059548.3812,OK,0.0000,266.2792,4.0000,96.0000,AG03-UNRESOLVED,ALL5_LEVELS_bet23_to_bet27,266.2792,266.2792,266.2792,0.0000,0.0000,4.000000,4.000000,4.000000,0.000000,0.000000,96.000000,96.000000,96.000000,100.000000,100.000000,5.0,798.8377,767.3102,5858.1432,5889.6706,PENDING_AG03,FALSE,NOT_FOR_ENFORCEMENT,6390.7016,3533200.0204,6656.9809,6390.7016,266.2792,0.00163983,0.00157424,266.2792,6390.7016,0.00157424,266.2792,266.2792,266.2792,0.0000,0.0000,6390.7016,0.00157424,798.8377,767.3102,5858.1432,5889.6706,0.00144305,0.00145082,0.00006559,418.2083,379.7376,0.6869,61.6387,1.8384,37588.4109,89.7407,538.3845,395.5999,218.4789,430.6076,432.5446,432.5446,1046.441,1081.3617,427.0584,0.0,2.43015,2.511246,0.971205,30,216,96,2,0.20383968,0.00163983,-0.01249836,0E-8,0.000000,0.906607,0.000000,0.01775797,2026-03-22,2026-08-06,108,3621,2443,138,0.782609,1.360932,1.287360,0.679466,,,,,,,,GLOBAL_BASELINE_NO_ENTITY_RANKING,,,NOT_APPLICABLE_GLOBAL_BASELINE,HF9g-P5,,,,X 全窗基线 · 不参与实体赏罚,14197906,1420,A168_HF9F_20260827_0900,2026-08-27 09:00:00
2026-04-01,57024343,752,0,215.4475923732,204.6752127545,204.6752127545,1.0000000,1,1,0.50665070000000000,0.506650700000,0.9867858985152569,0.9867858985152569,0.9867858985152569,0E-17,ELIGIBLE,R03b_20260811_FULL_v1,L1_ELIGIBILITY,v2026-08-11,2026-03-21..2026-08-06,baccarat_bet02_101_all_pairs_incl_sentinel,round_win = game_pnl > 0 (decisive only),COMPATIBILITY_ONLY_NOT_PRODUCTION,4059548.3812,3680416.6879,6656.9809,9707,9692,-0.00163983,0.01249836,-0.00525961,-0.00163983,-6656.9809,4059548.3812,OK,0.0000,266.2792,4.0000,96.0000,AG03-UNRESOLVED,ALL5_LEVELS_bet23_to_bet27,266.2792,266.2792,266.2792,0.0000,0.0000,4.000000,4.000000,4.000000,0.000000,0.000000,96.000000,96.000000,96.000000,100.000000,100.000000,5.0,798.8377,767.3102,5858.1432,5889.6706,PENDING_AG03,FALSE,NOT_FOR_ENFORCEMENT,6390.7016,3533200.0204,6656.9809,6390.7016,266.2792,0.00163983,0.00157424,266.2792,6390.7016,0.00157424,266.2792,266.2792,266.2792,0.0000,0.0000,6390.7016,0.00157424,798.8377,767.3102,5858.1432,5889.6706,0.00144305,0.00145082,0.00006559,418.2083,379.7376,0.6869,61.6387,1.8384,37588.4109,89.7407,538.3845,395.5999,218.4789,430.6076,432.5446,432.5446,1046.441,1081.3617,427.0584,0.0,2.43015,2.511246,0.971205,30,216,96,2,0.20383968,0.00163983,-0.01249836,0E-8,0.000000,0.906607,0.000000,0.01775797,2026-03-22,2026-08-06,108,3621,2443,138,0.782609,1.360932,1.287360,0.679466,,,,,,,,GLOBAL_BASELINE_NO_ENTITY_RANKING,,,NOT_APPLICABLE_GLOBAL_BASELINE,HF9g-P5,,,,X 全窗基线 · 不参与实体赏罚,14197907,1420,A168_HF9F_20260827_0900,2026-08-27 09:00:00
2026-04-01,57024343,789,0,861.7903694928,409.3504255090,409.3504255090,0.7500000,4,4,0.50329940000000000,0.503299400000,0.9868238854431842,0.9868238854431842,0.9868238854431842,0E-17,ELIGIBLE,R03b_20260811_FULL_v1,L1_ELIGIBILITY,v2026-08-11,2026-03-21..2026-08-06,baccarat_bet02_101_all_pairs_incl_sentinel,round_win = game_pnl > 0 (decisive only),COMPATIBILITY_ONLY_NOT_PRODUCTION,4059548.3812,3680416.6879,6656.9809,9707,9692,-0.00163983,0.01249836,-0.00525961,-0.00163983,-6656.9809,4059548.3812,OK,0.0000,266.2792,4.0000,96.0000,AG03-UNRESOLVED,ALL5_LEVELS_bet23_to_bet27,266.2792,266.2792,266.2792,0.0000,0.0000,4.000000,4.000000,4.000000,0.000000,0.000000,96.000000,96.000000,96.000000,100.000000,100.000000,5.0,798.8377,767.3102,5858.1432,5889.6706,PENDING_AG03,FALSE,NOT_FOR_ENFORCEMENT,6390.7016,3533200.0204,6656.9809,6390.7016,266.2792,0.00163983,0.00157424,266.2792,6390.7016,0.00157424,266.2792,266.2792,266.2792,0.0000,0.0000,6390.7016,0.00157424,798.8377,767.3102,5858.1432,5889.6706,0.00144305,0.00145082,0.00006559,418.2083,379.7376,0.6869,61.6387,1.8384,37588.4109,89.7407,538.3845,395.5999,218.4789,430.6076,432.5446,432.5446,1046.441,1081.3617,427.0584,0.0,2.43015,2.511246,0.971205,30,216,96,2,0.20383968,0.00163983,-0.01249836,0E-8,0.000000,0.906607,0.000000,0.01775797,2026-03-22,2026-08-06,108,3621,2443,138,0.782609,1.360932,1.287360,0.679466,,,,,,,,GLOBAL_BASELINE_NO_ENTITY_RANKING,,,NOT_APPLICABLE_GLOBAL_BASELINE,HF9g-P5,,,,X 全窗基线 · 不参与实体赏罚,14197908,1420,A168_HF9F_20260827_0900,2026-08-27 09:00:00
2026-04-02,57024343,-1,1,10126.0368415403,495.5294624579,495.5294624579,0.5476190,46,46,0.50257085652173913,0.502570856522,0.5838990092502223,0.5838990092468425,0.5838990092502223,-2.6087E-13,SENTINEL_DEALER,R03b_20260811_FULL_v1,L1_ELIGIBILITY,v2026-08-11,2026-03-21..2026-08-06,baccarat_bet02_101_all_pairs_incl_sentinel,round_win = game_pnl > 0 (decisive only),COMPATIBILITY_ONLY_NOT_PRODUCTION,4059548.3812,3680416.6879,6656.9809,9707,9692,-0.00163983,0.01249836,-0.00525961,-0.00163983,-6656.9809,4059548.3812,OK,0.0000,266.2792,4.0000,96.0000,AG03-UNRESOLVED,ALL5_LEVELS_bet23_to_bet27,266.2792,266.2792,266.2792,0.0000,0.0000,4.000000,4.000000,4.000000,0.000000,0.000000,96.000000,96.000000,96.000000,100.000000,100.000000,5.0,798.8377,767.3102,5858.1432,5889.6706,PENDING_AG03,FALSE,NOT_FOR_ENFORCEMENT,6390.7016,3533200.0204,6656.9809,6390.7016,266.2792,0.00163983,0.00157424,266.2792,6390.7016,0.00157424,266.2792,266.2792,266.2792,0.0000,0.0000,6390.7016,0.00157424,798.8377,767.3102,5858.1432,5889.6706,0.00144305,0.00145082,0.00006559,418.2083,379.7376,0.6869,61.6387,1.8384,37588.4109,89.7407,538.3845,395.5999,218.4789,430.6076,432.5446,432.5446,1046.441,1081.3617,427.0584,0.0,2.43015,2.511246,0.971205,30,216,96,2,0.20383968,0.00163983,-0.01249836,0E-8,0.000000,0.906607,0.000000,0.01775797,2026-03-22,2026-08-06,108,3621,2443,138,0.782609,1.360932,1.287360,0.679466,,,,,,,,GLOBAL_BASELINE_NO_ENTITY_RANKING,,,NOT_APPLICABLE_GLOBAL_BASELINE,HF9g-P5,,,,X 全窗基线 · 不参与实体赏罚,14197909,1420,A168_HF9F_20260827_0900,2026-08-27 09:00:00
2026-04-02,57024343,1094,0,861.7903694928,193.9028331358,193.9028331358,0.6666667,4,4,0.50665070000000000,0.506650700000,0.5543606114942035,0.5543606114942035,0.5543606114942035,0E-17,ELIGIBLE,R03b_20260811_FULL_v1,L1_ELIGIBILITY,v2026-08-11,2026-03-21..2026-08-06,baccarat_bet02_101_all_pairs_incl_sentinel,round_win = game_pnl > 0 (decisive only),COMPATIBILITY_ONLY_NOT_PRODUCTION,4059548.3812,3680416.6879,6656.9809,9707,9692,-0.00163983,0.01249836,-0.00525961,-0.00163983,-6656.9809,4059548.3812,OK,0.0000,266.2792,4.0000,96.0000,AG03-UNRESOLVED,ALL5_LEVELS_bet23_to_bet27,266.2792,266.2792,266.2792,0.0000,0.0000,4.000000,4.000000,4.000000,0.000000,0.000000,96.000000,96.000000,96.000000,100.000000,100.000000,5.0,798.8377,767.3102,5858.1432,5889.6706,PENDING_AG03,FALSE,NOT_FOR_ENFORCEMENT,6390.7016,3533200.0204,6656.9809,6390.7016,266.2792,0.00163983,0.00157424,266.2792,6390.7016,0.00157424,266.2792,266.2792,266.2792,0.0000,0.0000,6390.7016,0.00157424,798.8377,767.3102,5858.1432,5889.6706,0.00144305,0.00145082,0.00006559,418.2083,379.7376,0.6869,61.6387,1.8384,37588.4109,89.7407,538.3845,395.5999,218.4789,430.6076,432.5446,432.5446,1046.441,1081.3617,427.0584,0.0,2.43015,2.511246,0.971205,30,216,96,2,0.20383968,0.00163983,-0.01249836,0E-8,0.000000,0.906607,0.000000,0.01775797,2026-03-22,2026-08-06,108,3621,2443,138,0.782609,1.360932,1.287360,0.679466,,,,,,,,GLOBAL_BASELINE_NO_ENTITY_RANKING,,,NOT_APPLICABLE_GLOBAL_BASELINE,HF9g-P5,,,,X 全窗基线 · 不参与实体赏罚,14197910,1420,A168_HF9F_20260827_0900,2026-08-27 09:00:00
2026-04-02,57024343,1302,0,2154.4759237318,1432.7264892815,1432.7264892815,1.0000000,8,8,0.50497505000000000,0.504975050000,2.4252371325478768,2.4252371325478768,2.4252371325478768,0E-17,ELIGIBLE,R03b_20260811_FULL_v1,L1_ELIGIBILITY,v2026-08-11,2026-03-21..2026-08-06,baccarat_bet02_101_all_pairs_incl_sentinel,round_win = game_pnl > 0 (decisive only),COMPATIBILITY_ONLY_NOT_PRODUCTION,4059548.3812,3680416.6879,6656.9809,9707,9692,-0.00163983,0.01249836,-0.00525961,-0.00163983,-6656.9809,4059548.3812,OK,0.0000,266.2792,4.0000,96.0000,AG03-UNRESOLVED,ALL5_LEVELS_bet23_to_bet27,266.2792,266.2792,266.2792,0.0000,0.0000,4.000000,4.000000,4.000000,0.000000,0.000000,96.000000,96.000000,96.000000,100.000000,100.000000,5.0,798.8377,767.3102,5858.1432,5889.6706,PENDING_AG03,FALSE,NOT_FOR_ENFORCEMENT,6390.7016,3533200.0204,6656.9809,6390.7016,266.2792,0.00163983,0.00157424,266.2792,6390.7016,0.00157424,266.2792,266.2792,266.2792,0.0000,0.0000,6390.7016,0.00157424,798.8377,767.3102,5858.1432,5889.6706,0.00144305,0.00145082,0.00006559,418.2083,379.7376,0.6869,61.6387,1.8384,37588.4109,89.7407,538.3845,395.5999,218.4789,430.6076,432.5446,432.5446,1046.441,1081.3617,427.0584,0.0,2.43015,2.511246,0.971205,30,216,96,2,0.20383968,0.00163983,-0.01249836,0E-8,0.000000,0.906607,0.000000,0.01775797,2026-03-22,2026-08-06,108,3621,2443,138,0.782609,1.360932,1.287360,0.679466,,,,,,,,GLOBAL_BASELINE_NO_ENTITY_RANKING,,,NOT_APPLICABLE_GLOBAL_BASELINE,HF9g-P5,,,,X 全窗基线 · 不参与实体赏罚,14197911,1420,A168_HF9F_20260827_0900,2026-08-27 09:00:00
2026-04-02,57024343,1306,0,1723.5807389854,-43.0895184746,-43.0895184746,0.6666667,6,6,0.50665070000000000,0.506650700000,0.7839842952205449,0.7839842952205449,0.7839842952205449,0E-17,ELIGIBLE,R03b_20260811_FULL_v1,L1_ELIGIBILITY,v2026-08-11,2026-03-21..2026-08-06,baccarat_bet02_101_all_pairs_incl_sentinel,round_win = game_pnl > 0 (decisive only),COMPATIBILITY_ONLY_NOT_PRODUCTION,4059548.3812,3680416.6879,6656.9809,9707,9692,-0.00163983,0.01249836,-0.00525961,-0.00163983,-6656.9809,4059548.3812,OK,0.0000,266.2792,4.0000,96.0000,AG03-UNRESOLVED,ALL5_LEVELS_bet23_to_bet27,266.2792,266.2792,266.2792,0.0000,0.0000,4.000000,4.000000,4.000000,0.000000,0.000000,96.000000,96.000000,96.000000,100.000000,100.000000,5.0,798.8377,767.3102,5858.1432,5889.6706,PENDING_AG03,FALSE,NOT_FOR_ENFORCEMENT,6390.7016,3533200.0204,6656.9809,6390.7016,266.2792,0.00163983,0.00157424,266.2792,6390.7016,0.00157424,266.2792,266.2792,266.2792,0.0000,0.0000,6390.7016,0.00157424,798.8377,767.3102,5858.1432,5889.6706,0.00144305,0.00145082,0.00006559,418.2083,379.7376,0.6869,61.6387,1.8384,37588.4109,89.7407,538.3845,395.5999,218.4789,430.6076,432.5446,432.5446,1046.441,1081.3617,427.0584,0.0,2.43015,2.511246,0.971205,30,216,96,2,0.20383968,0.00163983,-0.01249836,0E-8,0.000000,0.906607,0.000000,0.01775797,2026-03-22,2026-08-06,108,3621,2443,138,0.782609,1.360932,1.287360,0.679466,,,,,,,,GLOBAL_BASELINE_NO_ENTITY_RANKING,,,NOT_APPLICABLE_GLOBAL_BASELINE,HF9g-P5,,,,X 全窗基线 · 不参与实体赏罚,14197912,1420,A168_HF9F_20260827_0900,2026-08-27 09:00:00
2026-04-02,57024343,1353,0,1723.5807389855,420.1228051278,420.1228051278,0.7142857,7,7,0.49516052857142857,0.495160528571,1.1595558107697723,1.1595558107720498,1.1595558107697723,4.2857E-13,ELIGIBLE,R03b_20260811_FULL_v1,L1_ELIGIBILITY,v2026-08-11,2026-03-21..2026-08-06,baccarat_bet02_101_all_pairs_incl_sentinel,round_win = game_pnl > 0 (decisive only),COMPATIBILITY_ONLY_NOT_PRODUCTION,4059548.3812,3680416.6879,6656.9809,9707,9692,-0.00163983,0.01249836,-0.00525961,-0.00163983,-6656.9809,4059548.3812,OK,0.0000,266.2792,4.0000,96.0000,AG03-UNRESOLVED,ALL5_LEVELS_bet23_to_bet27,266.2792,266.2792,266.2792,0.0000,0.0000,4.000000,4.000000,4.000000,0.000000,0.000000,96.000000,96.000000,96.000000,100.000000,100.000000,5.0,798.8377,767.3102,5858.1432,5889.6706,PENDING_AG03,FALSE,NOT_FOR_ENFORCEMENT,6390.7016,3533200.0204,6656.9809,6390.7016,266.2792,0.00163983,0.00157424,266.2792,6390.7016,0.00157424,266.2792,266.2792,266.2792,0.0000,0.0000,6390.7016,0.00157424,798.8377,767.3102,5858.1432,5889.6706,0.00144305,0.00145082,0.00006559,418.2083,379.7376,0.6869,61.6387,1.8384,37588.4109,89.7407,538.3845,395.5999,218.4789,430.6076,432.5446,432.5446,1046.441,1081.3617,427.0584,0.0,2.43015,2.511246,0.971205,30,216,96,2,0.20383968,0.00163983,-0.01249836,0E-8,0.000000,0.906607,0.000000,0.01775797,2026-03-22,2026-08-06,108,3621,2443,138,0.782609,1.360932,1.287360,0.679466,,,,,,,,GLOBAL_BASELINE_NO_ENTITY_RANKING,,,NOT_APPLICABLE_GLOBAL_BASELINE,HF9g-P5,,,,X 全窗基线 · 不参与实体赏罚,14197913,1420,A168_HF9F_20260827_0900,2026-08-27 09:00:00
2026-04-02,57024343,1363,0,430.8951847464,-430.8951847464,-430.8951847464,0E-7,2,2,0.50665070000000000,0.506650700000,-1.4331513700195317,-1.4331513700195317,-1.4331513700195317,0E-17,ELIGIBLE,R03b_20260811_FULL_v1,L1_ELIGIBILITY,v2026-08-11,2026-03-21..2026-08-06,baccarat_bet02_101_all_pairs_incl_sentinel,round_win = game_pnl > 0 (decisive only),COMPATIBILITY_ONLY_NOT_PRODUCTION,4059548.3812,3680416.6879,6656.9809,9707,9692,-0.00163983,0.01249836,-0.00525961,-0.00163983,-6656.9809,4059548.3812,OK,0.0000,266.2792,4.0000,96.0000,AG03-UNRESOLVED,ALL5_LEVELS_bet23_to_bet27,266.2792,266.2792,266.2792,0.0000,0.0000,4.000000,4.000000,4.000000,0.000000,0.000000,96.000000,96.000000,96.000000,100.000000,100.000000,5.0,798.8377,767.3102,5858.1432,5889.6706,PENDING_AG03,FALSE,NOT_FOR_ENFORCEMENT,6390.7016,3533200.0204,6656.9809,6390.7016,266.2792,0.00163983,0.00157424,266.2792,6390.7016,0.00157424,266.2792,266.2792,266.2792,0.0000,0.0000,6390.7016,0.00157424,798.8377,767.3102,5858.1432,5889.6706,0.00144305,0.00145082,0.00006559,418.2083,379.7376,0.6869,61.6387,1.8384,37588.4109,89.7407,538.3845,395.5999,218.4789,430.6076,432.5446,432.5446,1046.441,1081.3617,427.0584,0.0,2.43015,2.511246,0.971205,30,216,96,2,0.20383968,0.00163983,-0.01249836,0E-8,0.000000,0.906607,0.000000,0.01775797,2026-03-22,2026-08-06,108,3621,2443,138,0.782609,1.360932,1.287360,0.679466,,,,,,,,GLOBAL_BASELINE_NO_ENTITY_RANKING,,,NOT_APPLICABLE_GLOBAL_BASELINE,HF9g-P5,,,,X 全窗基线 · 不参与实体赏罚,14197914,1420,A168_HF9F_20260827_0900,2026-08-27 09:00:00
2026-04-02,57024343,1401,0,2585.3711084783,387.8056662717,387.8056662717,0.6363636,11,11,0.50055742727272727,0.500557427273,0.900837039335844,0.9008370393340356,0.900837039335844,-2.7273E-13,ELIGIBLE,R03b_20260811_FULL_v1,L1_ELIGIBILITY,v2026-08-11,2026-03-21..2026-08-06,baccarat_bet02_101_all_pairs_incl_sentinel,round_win = game_pnl > 0 (decisive only),COMPATIBILITY_ONLY_NOT_PRODUCTION,4059548.3812,3680416.6879,6656.9809,9707,9692,-0.00163983,0.01249836,-0.00525961,-0.00163983,-6656.9809,4059548.3812,OK,0.0000,266.2792,4.0000,96.0000,AG03-UNRESOLVED,ALL5_LEVELS_bet23_to_bet27,266.2792,266.2792,266.2792,0.0000,0.0000,4.000000,4.000000,4.000000,0.000000,0.000000,96.000000,96.000000,96.000000,100.000000,100.000000,5.0,798.8377,767.3102,5858.1432,5889.6706,PENDING_AG03,FALSE,NOT_FOR_ENFORCEMENT,6390.7016,3533200.0204,6656.9809,6390.7016,266.2792,0.00163983,0.00157424,266.2792,6390.7016,0.00157424,266.2792,266.2792,266.2792,0.0000,0.0000,6390.7016,0.00157424,798.8377,767.3102,5858.1432,5889.6706,0.00144305,0.00145082,0.00006559,418.2083,379.7376,0.6869,61.6387,1.8384,37588.4109,89.7407,538.3845,395.5999,218.4789,430.6076,432.5446,432.5446,1046.441,1081.3617,427.0584,0.0,2.43015,2.511246,0.971205,30,216,96,2,0.20383968,0.00163983,-0.01249836,0E-8,0.000000,0.906607,0.000000,0.01775797,2026-03-22,2026-08-06,108,3621,2443,138,0.782609,1.360932,1.287360,0.679466,,,,,,,,GLOBAL_BASELINE_NO_ENTITY_RANKING,,,NOT_APPLICABLE_GLOBAL_BASELINE,HF9g-P5,,,,X 全窗基线 · 不参与实体赏罚,14197915,1420,A168_HF9F_20260827_0900,2026-08-27 09:00:00
2026-04-02,57024343,1646,0,861.7903694927,-226.2199719918,-226.2199719918,0.5000000,3,3,0.50665070000000000,0.506650700000,-0.018812684590367487,-0.018812684590367487,-0.018812684590367487,0E-17,ELIGIBLE,R03b_20260811_FULL_v1,L1_ELIGIBILITY,v2026-08-11,2026-03-21..2026-08-06,baccarat_bet02_101_all_pairs_incl_sentinel,round_win = game_pnl > 0 (decisive only),COMPATIBILITY_ONLY_NOT_PRODUCTION,4059548.3812,3680416.6879,6656.9809,9707,9692,-0.00163983,0.01249836,-0.00525961,-0.00163983,-6656.9809,4059548.3812,OK,0.0000,266.2792,4.0000,96.0000,AG03-UNRESOLVED,ALL5_LEVELS_bet23_to_bet27,266.2792,266.2792,266.2792,0.0000,0.0000,4.000000,4.000000,4.000000,0.000000,0.000000,96.000000,96.000000,96.000000,100.000000,100.000000,5.0,798.8377,767.3102,5858.1432,5889.6706,PENDING_AG03,FALSE,NOT_FOR_ENFORCEMENT,6390.7016,3533200.0204,6656.9809,6390.7016,266.2792,0.00163983,0.00157424,266.2792,6390.7016,0.00157424,266.2792,266.2792,266.2792,0.0000,0.0000,6390.7016,0.00157424,798.8377,767.3102,5858.1432,5889.6706,0.00144305,0.00145082,0.00006559,418.2083,379.7376,0.6869,61.6387,1.8384,37588.4109,89.7407,538.3845,395.5999,218.4789,430.6076,432.5446,432.5446,1046.441,1081.3617,427.0584,0.0,2.43015,2.511246,0.971205,30,216,96,2,0.20383968,0.00163983,-0.01249836,0E-8,0.000000,0.906607,0.000000,0.01775797,2026-03-22,2026-08-06,108,3621,2443,138,0.782609,1.360932,1.287360,0.679466,,,,,,,,GLOBAL_BASELINE_NO_ENTITY_RANKING,,,NOT_APPLICABLE_GLOBAL_BASELINE,HF9g-P5,,,,X 全窗基线 · 不参与实体赏罚,14197916,1420,A168_HF9F_20260827_0900,2026-08-27 09:00:00
2026-04-02,57024343,1704,0,861.7903694928,624.7980178822,624.7980178822,1.0000000,4,4,0.50329940000000000,0.503299400000,1.7206588134302945,1.7206588134302945,1.7206588134302945,0E-17,ELIGIBLE,R03b_20260811_FULL_v1,L1_ELIGIBILITY,v2026-08-11,2026-03-21..2026-08-06,baccarat_bet02_101_all_pairs_incl_sentinel,round_win = game_pnl > 0 (decisive only),COMPATIBILITY_ONLY_NOT_PRODUCTION,4059548.3812,3680416.6879,6656.9809,9707,9692,-0.00163983,0.01249836,-0.00525961,-0.00163983,-6656.9809,4059548.3812,OK,0.0000,266.2792,4.0000,96.0000,AG03-UNRESOLVED,ALL5_LEVELS_bet23_to_bet27,266.2792,266.2792,266.2792,0.0000,0.0000,4.000000,4.000000,4.000000,0.000000,0.000000,96.000000,96.000000,96.000000,100.000000,100.000000,5.0,798.8377,767.3102,5858.1432,5889.6706,PENDING_AG03,FALSE,NOT_FOR_ENFORCEMENT,6390.7016,3533200.0204,6656.9809,6390.7016,266.2792,0.00163983,0.00157424,266.2792,6390.7016,0.00157424,266.2792,266.2792,266.2792,0.0000,0.0000,6390.7016,0.00157424,798.8377,767.3102,5858.1432,5889.6706,0.00144305,0.00145082,0.00006559,418.2083,379.7376,0.6869,61.6387,1.8384,37588.4109,89.7407,538.3845,395.5999,218.4789,430.6076,432.5446,432.5446,1046.441,1081.3617,427.0584,0.0,2.43015,2.511246,0.971205,30,216,96,2,0.20383968,0.00163983,-0.01249836,0E-8,0.000000,0.906607,0.000000,0.01775797,2026-03-22,2026-08-06,108,3621,2443,138,0.782609,1.360932,1.287360,0.679466,,,,,,,,GLOBAL_BASELINE_NO_ENTITY_RANKING,,,NOT_APPLICABLE_GLOBAL_BASELINE,HF9g-P5,,,,X 全窗基线 · 不参与实体赏罚,14197917,1420,A168_HF9F_20260827_0900,2026-08-27 09:00:00
2026-04-02,57024343,1935,0,2369.9235161052,-894.1075083489,-894.1075083489,0.3000000,11,11,0.50421339090909091,0.504213390909,-1.2916047476197523,-1.2916047476191752,-1.2916047476197523,9.091E-14,ELIGIBLE,R03b_20260811_FULL_v1,L1_ELIGIBILITY,v2026-08-11,2026-03-21..2026-08-06,baccarat_bet02_101_all_pairs_incl_sentinel,round_win = game_pnl > 0 (decisive only),COMPATIBILITY_ONLY_NOT_PRODUCTION,4059548.3812,3680416.6879,6656.9809,9707,9692,-0.00163983,0.01249836,-0.00525961,-0.00163983,-6656.9809,4059548.3812,OK,0.0000,266.2792,4.0000,96.0000,AG03-UNRESOLVED,ALL5_LEVELS_bet23_to_bet27,266.2792,266.2792,266.2792,0.0000,0.0000,4.000000,4.000000,4.000000,0.000000,0.000000,96.000000,96.000000,96.000000,100.000000,100.000000,5.0,798.8377,767.3102,5858.1432,5889.6706,PENDING_AG03,FALSE,NOT_FOR_ENFORCEMENT,6390.7016,3533200.0204,6656.9809,6390.7016,266.2792,0.00163983,0.00157424,266.2792,6390.7016,0.00157424,266.2792,266.2792,266.2792,0.0000,0.0000,6390.7016,0.00157424,798.8377,767.3102,5858.1432,5889.6706,0.00144305,0.00145082,0.00006559,418.2083,379.7376,0.6869,61.6387,1.8384,37588.4109,89.7407,538.3845,395.5999,218.4789,430.6076,432.5446,432.5446,1046.441,1081.3617,427.0584,0.0,2.43015,2.511246,0.971205,30,216,96,2,0.20383968,0.00163983,-0.01249836,0E-8,0.000000,0.906607,0.000000,0.01775797,2026-03-22,2026-08-06,108,3621,2443,138,0.782609,1.360932,1.287360,0.679466,,,,,,,,GLOBAL_BASELINE_NO_ENTITY_RANKING,,,NOT_APPLICABLE_GLOBAL_BASELINE,HF9g-P5,,,,X 全窗基线 · 不参与实体赏罚,14197918,1420,A168_HF9F_20260827_0900,2026-08-27 09:00:00
2026-04-02,57024343,1947,0,1939.0283313587,624.7980178821,624.7980178821,0.6250000,8,8,0.49994810000000000,0.499948100000,0.7074003757330176,0.7074003757330176,0.7074003757330176,0E-17,ELIGIBLE,R03b_20260811_FULL_v1,L1_ELIGIBILITY,v2026-08-11,2026-03-21..2026-08-06,baccarat_bet02_101_all_pairs_incl_sentinel,round_win = game_pnl > 0 (decisive only),COMPATIBILITY_ONLY_NOT_PRODUCTION,4059548.3812,3680416.6879,6656.9809,9707,9692,-0.00163983,0.01249836,-0.00525961,-0.00163983,-6656.9809,4059548.3812,OK,0.0000,266.2792,4.0000,96.0000,AG03-UNRESOLVED,ALL5_LEVELS_bet23_to_bet27,266.2792,266.2792,266.2792,0.0000,0.0000,4.000000,4.000000,4.000000,0.000000,0.000000,96.000000,96.000000,96.000000,100.000000,100.000000,5.0,798.8377,767.3102,5858.1432,5889.6706,PENDING_AG03,FALSE,NOT_FOR_ENFORCEMENT,6390.7016,3533200.0204,6656.9809,6390.7016,266.2792,0.00163983,0.00157424,266.2792,6390.7016,0.00157424,266.2792,266.2792,266.2792,0.0000,0.0000,6390.7016,0.00157424,798.8377,767.3102,5858.1432,5889.6706,0.00144305,0.00145082,0.00006559,418.2083,379.7376,0.6869,61.6387,1.8384,37588.4109,89.7407,538.3845,395.5999,218.4789,430.6076,432.5446,432.5446,1046.441,1081.3617,427.0584,0.0,2.43015,2.511246,0.971205,30,216,96,2,0.20383968,0.00163983,-0.01249836,0E-8,0.000000,0.906607,0.000000,0.01775797,2026-03-22,2026-08-06,108,3621,2443,138,0.782609,1.360932,1.287360,0.679466,,,,,,,,GLOBAL_BASELINE_NO_ENTITY_RANKING,,,NOT_APPLICABLE_GLOBAL_BASELINE,HF9g-P5,,,,X 全窗基线 · 不参与实体赏罚,14197919,1420,A168_HF9F_20260827_0900,2026-08-27 09:00:00
2026-04-02,57024343,2115,0,1292.6855542391,-21.5447592374,-21.5447592374,0.5000000,5,5,0.50665070000000000,0.506650700000,-0.02660515369234503,-0.02660515369234503,-0.02660515369234503,0E-17,ELIGIBLE,R03b_20260811_FULL_v1,L1_ELIGIBILITY,v2026-08-11,2026-03-21..2026-08-06,baccarat_bet02_101_all_pairs_incl_sentinel,round_win = game_pnl > 0 (decisive only),COMPATIBILITY_ONLY_NOT_PRODUCTION,4059548.3812,3680416.6879,6656.9809,9707,9692,-0.00163983,0.01249836,-0.00525961,-0.00163983,-6656.9809,4059548.3812,OK,0.0000,266.2792,4.0000,96.0000,AG03-UNRESOLVED,ALL5_LEVELS_bet23_to_bet27,266.2792,266.2792,266.2792,0.0000,0.0000,4.000000,4.000000,4.000000,0.000000,0.000000,96.000000,96.000000,96.000000,100.000000,100.000000,5.0,798.8377,767.3102,5858.1432,5889.6706,PENDING_AG03,FALSE,NOT_FOR_ENFORCEMENT,6390.7016,3533200.0204,6656.9809,6390.7016,266.2792,0.00163983,0.00157424,266.2792,6390.7016,0.00157424,266.2792,266.2792,266.2792,0.0000,0.0000,6390.7016,0.00157424,798.8377,767.3102,5858.1432,5889.6706,0.00144305,0.00145082,0.00006559,418.2083,379.7376,0.6869,61.6387,1.8384,37588.4109,89.7407,538.3845,395.5999,218.4789,430.6076,432.5446,432.5446,1046.441,1081.3617,427.0584,0.0,2.43015,2.511246,0.971205,30,216,96,2,0.20383968,0.00163983,-0.01249836,0E-8,0.000000,0.906607,0.000000,0.01775797,2026-03-22,2026-08-06,108,3621,2443,138,0.782609,1.360932,1.287360,0.679466,,,,,,,,GLOBAL_BASELINE_NO_ENTITY_RANKING,,,NOT_APPLICABLE_GLOBAL_BASELINE,HF9g-P5,,,,X 全窗基线 · 不参与实体赏罚,14197920,1420,A168_HF9F_20260827_0900,2026-08-27 09:00:00
2026-04-02,57024343,2117,0,861.7903694928,-646.3427771196,-646.3427771196,0E-7,4,4,0.50329940000000000,0.503299400000,-1.743518224870635,-1.743518224870635,-1.743518224870635,0E-17,ELIGIBLE,R03b_20260811_FULL_v1,L1_ELIGIBILITY,v2026-08-11,2026-03-21..2026-08-06,baccarat_bet02_101_all_pairs_incl_sentinel,round_win = game_pnl > 0 (decisive only),COMPATIBILITY_ONLY_NOT_PRODUCTION,4059548.3812,3680416.6879,6656.9809,9707,9692,-0.00163983,0.01249836,-0.00525961,-0.00163983,-6656.9809,4059548.3812,OK,0.0000,266.2792,4.0000,96.0000,AG03-UNRESOLVED,ALL5_LEVELS_bet23_to_bet27,266.2792,266.2792,266.2792,0.0000,0.0000,4.000000,4.000000,4.000000,0.000000,0.000000,96.000000,96.000000,96.000000,100.000000,100.000000,5.0,798.8377,767.3102,5858.1432,5889.6706,PENDING_AG03,FALSE,NOT_FOR_ENFORCEMENT,6390.7016,3533200.0204,6656.9809,6390.7016,266.2792,0.00163983,0.00157424,266.2792,6390.7016,0.00157424,266.2792,266.2792,266.2792,0.0000,0.0000,6390.7016,0.00157424,798.8377,767.3102,5858.1432,5889.6706,0.00144305,0.00145082,0.00006559,418.2083,379.7376,0.6869,61.6387,1.8384,37588.4109,89.7407,538.3845,395.5999,218.4789,430.6076,432.5446,432.5446,1046.441,1081.3617,427.0584,0.0,2.43015,2.511246,0.971205,30,216,96,2,0.20383968,0.00163983,-0.01249836,0E-8,0.000000,0.906607,0.000000,0.01775797,2026-03-22,2026-08-06,108,3621,2443,138,0.782609,1.360932,1.287360,0.679466,,,,,,,,GLOBAL_BASELINE_NO_ENTITY_RANKING,,,NOT_APPLICABLE_GLOBAL_BASELINE,HF9g-P5,,,,X 全窗基线 · 不参与实体赏罚,14197921,1420,A168_HF9F_20260827_0900,2026-08-27 09:00:00
2026-04-02,57024343,2121,0,430.8951847464,-10.7723796187,-10.7723796187,0.5000000,2,2,0.50665070000000000,0.506650700000,-0.018812684590367487,-0.018812684590367487,-0.018812684590367487,0E-17,ELIGIBLE,R03b_20260811_FULL_v1,L1_ELIGIBILITY,v2026-08-11,2026-03-21..2026-08-06,baccarat_bet02_101_all_pairs_incl_sentinel,round_win = game_pnl > 0 (decisive only),COMPATIBILITY_ONLY_NOT_PRODUCTION,4059548.3812,3680416.6879,6656.9809,9707,9692,-0.00163983,0.01249836,-0.00525961,-0.00163983,-6656.9809,4059548.3812,OK,0.0000,266.2792,4.0000,96.0000,AG03-UNRESOLVED,ALL5_LEVELS_bet23_to_bet27,266.2792,266.2792,266.2792,0.0000,0.0000,4.000000,4.000000,4.000000,0.000000,0.000000,96.000000,96.000000,96.000000,100.000000,100.000000,5.0,798.8377,767.3102,5858.1432,5889.6706,PENDING_AG03,FALSE,NOT_FOR_ENFORCEMENT,6390.7016,3533200.0204,6656.9809,6390.7016,266.2792,0.00163983,0.00157424,266.2792,6390.7016,0.00157424,266.2792,266.2792,266.2792,0.0000,0.0000,6390.7016,0.00157424,798.8377,767.3102,5858.1432,5889.6706,0.00144305,0.00145082,0.00006559,418.2083,379.7376,0.6869,61.6387,1.8384,37588.4109,89.7407,538.3845,395.5999,218.4789,430.6076,432.5446,432.5446,1046.441,1081.3617,427.0584,0.0,2.43015,2.511246,0.971205,30,216,96,2,0.20383968,0.00163983,-0.01249836,0E-8,0.000000,0.906607,0.000000,0.01775797,2026-03-22,2026-08-06,108,3621,2443,138,0.782609,1.360932,1.287360,0.679466,,,,,,,,GLOBAL_BASELINE_NO_ENTITY_RANKING,,,NOT_APPLICABLE_GLOBAL_BASELINE,HF9g-P5,,,,X 全窗基线 · 不参与实体赏罚,14197922,1420,A168_HF9F_20260827_0900,2026-08-27 09:00:00
2026-04-02,57024343,2167,0,646.3427771196,-646.3427771196,-646.3427771196,0E-7,3,3,0.49771390000000000,0.497713900000,-1.724149546644903,-1.724149546644903,-1.724149546644903,0E-17,ELIGIBLE,R03b_20260811_FULL_v1,L1_ELIGIBILITY,v2026-08-11,2026-03-21..2026-08-06,baccarat_bet02_101_all_pairs_incl_sentinel,round_win = game_pnl > 0 (decisive only),COMPATIBILITY_ONLY_NOT_PRODUCTION,4059548.3812,3680416.6879,6656.9809,9707,9692,-0.00163983,0.01249836,-0.00525961,-0.00163983,-6656.9809,4059548.3812,OK,0.0000,266.2792,4.0000,96.0000,AG03-UNRESOLVED,ALL5_LEVELS_bet23_to_bet27,266.2792,266.2792,266.2792,0.0000,0.0000,4.000000,4.000000,4.000000,0.000000,0.000000,96.000000,96.000000,96.000000,100.000000,100.000000,5.0,798.8377,767.3102,5858.1432,5889.6706,PENDING_AG03,FALSE,NOT_FOR_ENFORCEMENT,6390.7016,3533200.0204,6656.9809,6390.7016,266.2792,0.00163983,0.00157424,266.2792,6390.7016,0.00157424,266.2792,266.2792,266.2792,0.0000,0.0000,6390.7016,0.00157424,798.8377,767.3102,5858.1432,5889.6706,0.00144305,0.00145082,0.00006559,418.2083,379.7376,0.6869,61.6387,1.8384,37588.4109,89.7407,538.3845,395.5999,218.4789,430.6076,432.5446,432.5446,1046.441,1081.3617,427.0584,0.0,2.43015,2.511246,0.971205,30,216,96,2,0.20383968,0.00163983,-0.01249836,0E-8,0.000000,0.906607,0.000000,0.01775797,2026-03-22,2026-08-06,108,3621,2443,138,0.782609,1.360932,1.287360,0.679466,,,,,,,,GLOBAL_BASELINE_NO_ENTITY_RANKING,,,NOT_APPLICABLE_GLOBAL_BASELINE,HF9g-P5,,,,X 全窗基线 · 不参与实体赏罚,14197923,1420,A168_HF9F_20260827_0900,2026-08-27 09:00:00
2026-04-02,57024343,2171,0,1508.1331466124,-10.7723796187,-10.7723796187,0.5000000,7,7,0.49899058571428571,0.498990585714,0.004945109955477372,0.0049451099568770685,0.004945109955477372,2.8571E-13,ELIGIBLE,R03b_20260811_FULL_v1,L1_ELIGIBILITY,v2026-08-11,2026-03-21..2026-08-06,baccarat_bet02_101_all_pairs_incl_sentinel,round_win = game_pnl > 0 (decisive only),COMPATIBILITY_ONLY_NOT_PRODUCTION,4059548.3812,3680416.6879,6656.9809,9707,9692,-0.00163983,0.01249836,-0.00525961,-0.00163983,-6656.9809,4059548.3812,OK,0.0000,266.2792,4.0000,96.0000,AG03-UNRESOLVED,ALL5_LEVELS_bet23_to_bet27,266.2792,266.2792,266.2792,0.0000,0.0000,4.000000,4.000000,4.000000,0.000000,0.000000,96.000000,96.000000,96.000000,100.000000,100.000000,5.0,798.8377,767.3102,5858.1432,5889.6706,PENDING_AG03,FALSE,NOT_FOR_ENFORCEMENT,6390.7016,3533200.0204,6656.9809,6390.7016,266.2792,0.00163983,0.00157424,266.2792,6390.7016,0.00157424,266.2792,266.2792,266.2792,0.0000,0.0000,6390.7016,0.00157424,798.8377,767.3102,5858.1432,5889.6706,0.00144305,0.00145082,0.00006559,418.2083,379.7376,0.6869,61.6387,1.8384,37588.4109,89.7407,538.3845,395.5999,218.4789,430.6076,432.5446,432.5446,1046.441,1081.3617,427.0584,0.0,2.43015,2.511246,0.971205,30,216,96,2,0.20383968,0.00163983,-0.01249836,0E-8,0.000000,0.906607,0.000000,0.01775797,2026-03-22,2026-08-06,108,3621,2443,138,0.782609,1.360932,1.287360,0.679466,,,,,,,,GLOBAL_BASELINE_NO_ENTITY_RANKING,,,NOT_APPLICABLE_GLOBAL_BASELINE,HF9g-P5,,,,X 全窗基线 · 不参与实体赏罚,14197924,1420,A168_HF9F_20260827_0900,2026-08-27 09:00:00
2026-04-02,57024343,2175,0,2154.4759237320,161.5856942797,161.5856942797,0.5555556,10,10,0.50396966000000000,0.503969660000,0.3095251286051437,0.30952512860514364,0.3095251286051437,0E-17,ELIGIBLE,R03b_20260811_FULL_v1,L1_ELIGIBILITY,v2026-08-11,2026-03-21..2026-08-06,baccarat_bet02_101_all_pairs_incl_sentinel,round_win = game_pnl > 0 (decisive only),COMPATIBILITY_ONLY_NOT_PRODUCTION,4059548.3812,3680416.6879,6656.9809,9707,9692,-0.00163983,0.01249836,-0.00525961,-0.00163983,-6656.9809,4059548.3812,OK,0.0000,266.2792,4.0000,96.0000,AG03-UNRESOLVED,ALL5_LEVELS_bet23_to_bet27,266.2792,266.2792,266.2792,0.0000,0.0000,4.000000,4.000000,4.000000,0.000000,0.000000,96.000000,96.000000,96.000000,100.000000,100.000000,5.0,798.8377,767.3102,5858.1432,5889.6706,PENDING_AG03,FALSE,NOT_FOR_ENFORCEMENT,6390.7016,3533200.0204,6656.9809,6390.7016,266.2792,0.00163983,0.00157424,266.2792,6390.7016,0.00157424,266.2792,266.2792,266.2792,0.0000,0.0000,6390.7016,0.00157424,798.8377,767.3102,5858.1432,5889.6706,0.00144305,0.00145082,0.00006559,418.2083,379.7376,0.6869,61.6387,1.8384,37588.4109,89.7407,538.3845,395.5999,218.4789,430.6076,432.5446,432.5446,1046.441,1081.3617,427.0584,0.0,2.43015,2.511246,0.971205,30,216,96,2,0.20383968,0.00163983,-0.01249836,0E-8,0.000000,0.906607,0.000000,0.01775797,2026-03-22,2026-08-06,108,3621,2443,138,0.782609,1.360932,1.287360,0.679466,,,,,,,,GLOBAL_BASELINE_NO_ENTITY_RANKING,,,NOT_APPLICABLE_GLOBAL_BASELINE,HF9g-P5,,,,X 全窗基线 · 不参与实体赏罚,14197925,1420,A168_HF9F_20260827_0900,2026-08-27 09:00:00
2026-04-02,57024343,2188,0,861.7903694928,409.3504255090,409.3504255090,0.7500000,4,4,0.50329940000000000,0.503299400000,0.9868238854431842,0.9868238854431842,0.9868238854431842,0E-17,ELIGIBLE,R03b_20260811_FULL_v1,L1_ELIGIBILITY,v2026-08-11,2026-03-21..2026-08-06,baccarat_bet02_101_all_pairs_incl_sentinel,round_win = game_pnl > 0 (decisive only),COMPATIBILITY_ONLY_NOT_PRODUCTION,4059548.3812,3680416.6879,6656.9809,9707,9692,-0.00163983,0.01249836,-0.00525961,-0.00163983,-6656.9809,4059548.3812,OK,0.0000,266.2792,4.0000,96.0000,AG03-UNRESOLVED,ALL5_LEVELS_bet23_to_bet27,266.2792,266.2792,266.2792,0.0000,0.0000,4.000000,4.000000,4.000000,0.000000,0.000000,96.000000,96.000000,96.000000,100.000000,100.000000,5.0,798.8377,767.3102,5858.1432,5889.6706,PENDING_AG03,FALSE,NOT_FOR_ENFORCEMENT,6390.7016,3533200.0204,6656.9809,6390.7016,266.2792,0.00163983,0.00157424,266.2792,6390.7016,0.00157424,266.2792,266.2792,266.2792,0.0000,0.0000,6390.7016,0.00157424,798.8377,767.3102,5858.1432,5889.6706,0.00144305,0.00145082,0.00006559,418.2083,379.7376,0.6869,61.6387,1.8384,37588.4109,89.7407,538.3845,395.5999,218.4789,430.6076,432.5446,432.5446,1046.441,1081.3617,427.0584,0.0,2.43015,2.511246,0.971205,30,216,96,2,0.20383968,0.00163983,-0.01249836,0E-8,0.000000,0.906607,0.000000,0.01775797,2026-03-22,2026-08-06,108,3621,2443,138,0.782609,1.360932,1.287360,0.679466,,,,,,,,GLOBAL_BASELINE_NO_ENTITY_RANKING,,,NOT_APPLICABLE_GLOBAL_BASELINE,HF9g-P5,,,,X 全窗基线 · 不参与实体赏罚,14197926,1420,A168_HF9F_20260827_0900,2026-08-27 09:00:00
2026-04-02,57024343,2216,0,861.7903694928,-21.5447592374,-21.5447592374,0.5000000,4,4,0.49994810000000000,0.499948100000,0.00020760000111838688,0.00020760000111838688,0.00020760000111838688,0E-17,ELIGIBLE,R03b_20260811_FULL_v1,L1_ELIGIBILITY,v2026-08-11,2026-03-21..2026-08-06,baccarat_bet02_101_all_pairs_incl_sentinel,round_win = game_pnl > 0 (decisive only),COMPATIBILITY_ONLY_NOT_PRODUCTION,4059548.3812,3680416.6879,6656.9809,9707,9692,-0.00163983,0.01249836,-0.00525961,-0.00163983,-6656.9809,4059548.3812,OK,0.0000,266.2792,4.0000,96.0000,AG03-UNRESOLVED,ALL5_LEVELS_bet23_to_bet27,266.2792,266.2792,266.2792,0.0000,0.0000,4.000000,4.000000,4.000000,0.000000,0.000000,96.000000,96.000000,96.000000,100.000000,100.000000,5.0,798.8377,767.3102,5858.1432,5889.6706,PENDING_AG03,FALSE,NOT_FOR_ENFORCEMENT,6390.7016,3533200.0204,6656.9809,6390.7016,266.2792,0.00163983,0.00157424,266.2792,6390.7016,0.00157424,266.2792,266.2792,266.2792,0.0000,0.0000,6390.7016,0.00157424,798.8377,767.3102,5858.1432,5889.6706,0.00144305,0.00145082,0.00006559,418.2083,379.7376,0.6869,61.6387,1.8384,37588.4109,89.7407,538.3845,395.5999,218.4789,430.6076,432.5446,432.5446,1046.441,1081.3617,427.0584,0.0,2.43015,2.511246,0.971205,30,216,96,2,0.20383968,0.00163983,-0.01249836,0E-8,0.000000,0.906607,0.000000,0.01775797,2026-03-22,2026-08-06,108,3621,2443,138,0.782609,1.360932,1.287360,0.679466,,,,,,,,GLOBAL_BASELINE_NO_ENTITY_RANKING,,,NOT_APPLICABLE_GLOBAL_BASELINE,HF9g-P5,,,,X 全窗基线 · 不参与实体赏罚,14197927,1420,A168_HF9F_20260827_0900,2026-08-27 09:00:00
2026-04-02,57024343,2223,0,2154.4759237320,398.5780458903,398.5780458903,0.6250000,10,10,0.50262914000000000,0.502629140000,0.6922436895700999,0.6922436895700999,0.6922436895700999,0E-17,ELIGIBLE,R03b_20260811_FULL_v1,L1_ELIGIBILITY,v2026-08-11,2026-03-21..2026-08-06,baccarat_bet02_101_all_pairs_incl_sentinel,round_win = game_pnl > 0 (decisive only),COMPATIBILITY_ONLY_NOT_PRODUCTION,4059548.3812,3680416.6879,6656.9809,9707,9692,-0.00163983,0.01249836,-0.00525961,-0.00163983,-6656.9809,4059548.3812,OK,0.0000,266.2792,4.0000,96.0000,AG03-UNRESOLVED,ALL5_LEVELS_bet23_to_bet27,266.2792,266.2792,266.2792,0.0000,0.0000,4.000000,4.000000,4.000000,0.000000,0.000000,96.000000,96.000000,96.000000,100.000000,100.000000,5.0,798.8377,767.3102,5858.1432,5889.6706,PENDING_AG03,FALSE,NOT_FOR_ENFORCEMENT,6390.7016,3533200.0204,6656.9809,6390.7016,266.2792,0.00163983,0.00157424,266.2792,6390.7016,0.00157424,266.2792,266.2792,266.2792,0.0000,0.0000,6390.7016,0.00157424,798.8377,767.3102,5858.1432,5889.6706,0.00144305,0.00145082,0.00006559,418.2083,379.7376,0.6869,61.6387,1.8384,37588.4109,89.7407,538.3845,395.5999,218.4789,430.6076,432.5446,432.5446,1046.441,1081.3617,427.0584,0.0,2.43015,2.511246,0.971205,30,216,96,2,0.20383968,0.00163983,-0.01249836,0E-8,0.000000,0.906607,0.000000,0.01775797,2026-03-22,2026-08-06,108,3621,2443,138,0.782609,1.360932,1.287360,0.679466,,,,,,,,GLOBAL_BASELINE_NO_ENTITY_RANKING,,,NOT_APPLICABLE_GLOBAL_BASELINE,HF9g-P5,,,,X 全窗基线 · 不参与实体赏罚,14197928,1420,A168_HF9F_20260827_0900,2026-08-27 09:00:00
2026-04-02,57024343,2233,0,861.7903694928,-226.2199719919,-226.2199719919,0.3333333,4,4,0.50665070000000000,0.506650700000,-0.6004420894325239,-0.6004420894325239,-0.6004420894325239,0E-17,ELIGIBLE,R03b_20260811_FULL_v1,L1_ELIGIBILITY,v2026-08-11,2026-03-21..2026-08-06,baccarat_bet02_101_all_pairs_incl_sentinel,round_win = game_pnl > 0 (decisive only),COMPATIBILITY_ONLY_NOT_PRODUCTION,4059548.3812,3680416.6879,6656.9809,9707,9692,-0.00163983,0.01249836,-0.00525961,-0.00163983,-6656.9809,4059548.3812,OK,0.0000,266.2792,4.0000,96.0000,AG03-UNRESOLVED,ALL5_LEVELS_bet23_to_bet27,266.2792,266.2792,266.2792,0.0000,0.0000,4.000000,4.000000,4.000000,0.000000,0.000000,96.000000,96.000000,96.000000,100.000000,100.000000,5.0,798.8377,767.3102,5858.1432,5889.6706,PENDING_AG03,FALSE,NOT_FOR_ENFORCEMENT,6390.7016,3533200.0204,6656.9809,6390.7016,266.2792,0.00163983,0.00157424,266.2792,6390.7016,0.00157424,266.2792,266.2792,266.2792,0.0000,0.0000,6390.7016,0.00157424,798.8377,767.3102,5858.1432,5889.6706,0.00144305,0.00145082,0.00006559,418.2083,379.7376,0.6869,61.6387,1.8384,37588.4109,89.7407,538.3845,395.5999,218.4789,430.6076,432.5446,432.5446,1046.441,1081.3617,427.0584,0.0,2.43015,2.511246,0.971205,30,216,96,2,0.20383968,0.00163983,-0.01249836,0E-8,0.000000,0.906607,0.000000,0.01775797,2026-03-22,2026-08-06,108,3621,2443,138,0.782609,1.360932,1.287360,0.679466,,,,,,,,GLOBAL_BASELINE_NO_ENTITY_RANKING,,,NOT_APPLICABLE_GLOBAL_BASELINE,HF9g-P5,,,,X 全窗基线 · 不参与实体赏罚,14197929,1420,A168_HF9F_20260827_0900,2026-08-27 09:00:00
2026-04-02,57024343,2250,0,430.8951847464,-10.7723796187,-10.7723796187,0.5000000,2,2,0.50665070000000000,0.506650700000,-0.018812684590367487,-0.018812684590367487,-0.018812684590367487,0E-17,ELIGIBLE,R03b_20260811_FULL_v1,L1_ELIGIBILITY,v2026-08-11,2026-03-21..2026-08-06,baccarat_bet02_101_all_pairs_incl_sentinel,round_win = game_pnl > 0 (decisive only),COMPATIBILITY_ONLY_NOT_PRODUCTION,4059548.3812,3680416.6879,6656.9809,9707,9692,-0.00163983,0.01249836,-0.00525961,-0.00163983,-6656.9809,4059548.3812,OK,0.0000,266.2792,4.0000,96.0000,AG03-UNRESOLVED,ALL5_LEVELS_bet23_to_bet27,266.2792,266.2792,266.2792,0.0000,0.0000,4.000000,4.000000,4.000000,0.000000,0.000000,96.000000,96.000000,96.000000,100.000000,100.000000,5.0,798.8377,767.3102,5858.1432,5889.6706,PENDING_AG03,FALSE,NOT_FOR_ENFORCEMENT,6390.7016,3533200.0204,6656.9809,6390.7016,266.2792,0.00163983,0.00157424,266.2792,6390.7016,0.00157424,266.2792,266.2792,266.2792,0.0000,0.0000,6390.7016,0.00157424,798.8377,767.3102,5858.1432,5889.6706,0.00144305,0.00145082,0.00006559,418.2083,379.7376,0.6869,61.6387,1.8384,37588.4109,89.7407,538.3845,395.5999,218.4789,430.6076,432.5446,432.5446,1046.441,1081.3617,427.0584,0.0,2.43015,2.511246,0.971205,30,216,96,2,0.20383968,0.00163983,-0.01249836,0E-8,0.000000,0.906607,0.000000,0.01775797,2026-03-22,2026-08-06,108,3621,2443,138,0.782609,1.360932,1.287360,0.679466,,,,,,,,GLOBAL_BASELINE_NO_ENTITY_RANKING,,,NOT_APPLICABLE_GLOBAL_BASELINE,HF9g-P5,,,,X 全窗基线 · 不参与实体赏罚,14197930,1420,A168_HF9F_20260827_0900,2026-08-27 09:00:00
2026-04-02,57024343,2258,0,1077.2379618660,-226.2199719919,-226.2199719919,0.4000000,5,5,0.49860758000000000,0.498607580000,-0.440988213962219,-0.440988213962219,-0.440988213962219,0E-17,ELIGIBLE,R03b_20260811_FULL_v1,L1_ELIGIBILITY,v2026-08-11,2026-03-21..2026-08-06,baccarat_bet02_101_all_pairs_incl_sentinel,round_win = game_pnl > 0 (decisive only),COMPATIBILITY_ONLY_NOT_PRODUCTION,4059548.3812,3680416.6879,6656.9809,9707,9692,-0.00163983,0.01249836,-0.00525961,-0.00163983,-6656.9809,4059548.3812,OK,0.0000,266.2792,4.0000,96.0000,AG03-UNRESOLVED,ALL5_LEVELS_bet23_to_bet27,266.2792,266.2792,266.2792,0.0000,0.0000,4.000000,4.000000,4.000000,0.000000,0.000000,96.000000,96.000000,96.000000,100.000000,100.000000,5.0,798.8377,767.3102,5858.1432,5889.6706,PENDING_AG03,FALSE,NOT_FOR_ENFORCEMENT,6390.7016,3533200.0204,6656.9809,6390.7016,266.2792,0.00163983,0.00157424,266.2792,6390.7016,0.00157424,266.2792,266.2792,266.2792,0.0000,0.0000,6390.7016,0.00157424,798.8377,767.3102,5858.1432,5889.6706,0.00144305,0.00145082,0.00006559,418.2083,379.7376,0.6869,61.6387,1.8384,37588.4109,89.7407,538.3845,395.5999,218.4789,430.6076,432.5446,432.5446,1046.441,1081.3617,427.0584,0.0,2.43015,2.511246,0.971205,30,216,96,2,0.20383968,0.00163983,-0.01249836,0E-8,0.000000,0.906607,0.000000,0.01775797,2026-03-22,2026-08-06,108,3621,2443,138,0.782609,1.360932,1.287360,0.679466,,,,,,,,GLOBAL_BASELINE_NO_ENTITY_RANKING,,,NOT_APPLICABLE_GLOBAL_BASELINE,HF9g-P5,,,,X 全窗基线 · 不参与实体赏罚,14197931,1420,A168_HF9F_20260827_0900,2026-08-27 09:00:00
2026-04-02,57024343,2266,0,861.7903694928,-21.5447592374,-21.5447592374,0.5000000,4,4,0.50329940000000000,0.503299400000,-0.01319788734859681,-0.01319788734859681,-0.01319788734859681,0E-17,ELIGIBLE,R03b_20260811_FULL_v1,L1_ELIGIBILITY,v2026-08-11,2026-03-21..2026-08-06,baccarat_bet02_101_all_pairs_incl_sentinel,round_win = game_pnl > 0 (decisive only),COMPATIBILITY_ONLY_NOT_PRODUCTION,4059548.3812,3680416.6879,6656.9809,9707,9692,-0.00163983,0.01249836,-0.00525961,-0.00163983,-6656.9809,4059548.3812,OK,0.0000,266.2792,4.0000,96.0000,AG03-UNRESOLVED,ALL5_LEVELS_bet23_to_bet27,266.2792,266.2792,266.2792,0.0000,0.0000,4.000000,4.000000,4.000000,0.000000,0.000000,96.000000,96.000000,96.000000,100.000000,100.000000,5.0,798.8377,767.3102,5858.1432,5889.6706,PENDING_AG03,FALSE,NOT_FOR_ENFORCEMENT,6390.7016,3533200.0204,6656.9809,6390.7016,266.2792,0.00163983,0.00157424,266.2792,6390.7016,0.00157424,266.2792,266.2792,266.2792,0.0000,0.0000,6390.7016,0.00157424,798.8377,767.3102,5858.1432,5889.6706,0.00144305,0.00145082,0.00006559,418.2083,379.7376,0.6869,61.6387,1.8384,37588.4109,89.7407,538.3845,395.5999,218.4789,430.6076,432.5446,432.5446,1046.441,1081.3617,427.0584,0.0,2.43015,2.511246,0.971205,30,216,96,2,0.20383968,0.00163983,-0.01249836,0E-8,0.000000,0.906607,0.000000,0.01775797,2026-03-22,2026-08-06,108,3621,2443,138,0.782609,1.360932,1.287360,0.679466,,,,,,,,GLOBAL_BASELINE_NO_ENTITY_RANKING,,,NOT_APPLICABLE_GLOBAL_BASELINE,HF9g-P5,,,,X 全窗基线 · 不参与实体赏罚,14197932,1420,A168_HF9F_20260827_0900,2026-08-27 09:00:00
2026-04-02,57024343,471,0,646.3427771196,-646.3427771196,-646.3427771196,0E-7,3,3,0.50218230000000000,0.502182300000,-1.7396270863184011,-1.7396270863184016,-1.7396270863184011,0E-17,ELIGIBLE,R03b_20260811_FULL_v1,L1_ELIGIBILITY,v2026-08-11,2026-03-21..2026-08-06,baccarat_bet02_101_all_pairs_incl_sentinel,round_win = game_pnl > 0 (decisive only),COMPATIBILITY_ONLY_NOT_PRODUCTION,4059548.3812,3680416.6879,6656.9809,9707,9692,-0.00163983,0.01249836,-0.00525961,-0.00163983,-6656.9809,4059548.3812,OK,0.0000,266.2792,4.0000,96.0000,AG03-UNRESOLVED,ALL5_LEVELS_bet23_to_bet27,266.2792,266.2792,266.2792,0.0000,0.0000,4.000000,4.000000,4.000000,0.000000,0.000000,96.000000,96.000000,96.000000,100.000000,100.000000,5.0,798.8377,767.3102,5858.1432,5889.6706,PENDING_AG03,FALSE,NOT_FOR_ENFORCEMENT,6390.7016,3533200.0204,6656.9809,6390.7016,266.2792,0.00163983,0.00157424,266.2792,6390.7016,0.00157424,266.2792,266.2792,266.2792,0.0000,0.0000,6390.7016,0.00157424,798.8377,767.3102,5858.1432,5889.6706,0.00144305,0.00145082,0.00006559,418.2083,379.7376,0.6869,61.6387,1.8384,37588.4109,89.7407,538.3845,395.5999,218.4789,430.6076,432.5446,432.5446,1046.441,1081.3617,427.0584,0.0,2.43015,2.511246,0.971205,30,216,96,2,0.20383968,0.00163983,-0.01249836,0E-8,0.000000,0.906607,0.000000,0.01775797,2026-03-22,2026-08-06,108,3621,2443,138,0.782609,1.360932,1.287360,0.679466,,,,,,,,GLOBAL_BASELINE_NO_ENTITY_RANKING,,,NOT_APPLICABLE_GLOBAL_BASELINE,HF9g-P5,,,,X 全窗基线 · 不参与实体赏罚,14197933,1420,A168_HF9F_20260827_0900,2026-08-27 09:00:00
2026-04-02,57024343,626,0,430.8951847463,409.3504255090,409.3504255090,1.0000000,1,1,0.50665070000000000,0.506650700000,0.9867858985152569,0.9867858985152569,0.9867858985152569,0E-17,ELIGIBLE,R03b_20260811_FULL_v1,L1_ELIGIBILITY,v2026-08-11,2026-03-21..2026-08-06,baccarat_bet02_101_all_pairs_incl_sentinel,round_win = game_pnl > 0 (decisive only),COMPATIBILITY_ONLY_NOT_PRODUCTION,4059548.3812,3680416.6879,6656.9809,9707,9692,-0.00163983,0.01249836,-0.00525961,-0.00163983,-6656.9809,4059548.3812,OK,0.0000,266.2792,4.0000,96.0000,AG03-UNRESOLVED,ALL5_LEVELS_bet23_to_bet27,266.2792,266.2792,266.2792,0.0000,0.0000,4.000000,4.000000,4.000000,0.000000,0.000000,96.000000,96.000000,96.000000,100.000000,100.000000,5.0,798.8377,767.3102,5858.1432,5889.6706,PENDING_AG03,FALSE,NOT_FOR_ENFORCEMENT,6390.7016,3533200.0204,6656.9809,6390.7016,266.2792,0.00163983,0.00157424,266.2792,6390.7016,0.00157424,266.2792,266.2792,266.2792,0.0000,0.0000,6390.7016,0.00157424,798.8377,767.3102,5858.1432,5889.6706,0.00144305,0.00145082,0.00006559,418.2083,379.7376,0.6869,61.6387,1.8384,37588.4109,89.7407,538.3845,395.5999,218.4789,430.6076,432.5446,432.5446,1046.441,1081.3617,427.0584,0.0,2.43015,2.511246,0.971205,30,216,96,2,0.20383968,0.00163983,-0.01249836,0E-8,0.000000,0.906607,0.000000,0.01775797,2026-03-22,2026-08-06,108,3621,2443,138,0.782609,1.360932,1.287360,0.679466,,,,,,,,GLOBAL_BASELINE_NO_ENTITY_RANKING,,,NOT_APPLICABLE_GLOBAL_BASELINE,HF9g-P5,,,,X 全窗基线 · 不参与实体赏罚,14197934,1420,A168_HF9F_20260827_0900,2026-08-27 09:00:00
2026-04-02,57024343,925,0,1508.1331466124,-657.1151567383,-657.1151567383,0.2857143,7,7,0.50282064285714286,0.502820642857,-1.1488371386043665,-1.1488371386036085,-1.1488371386043665,1.4286E-13,ELIGIBLE,R03b_20260811_FULL_v1,L1_ELIGIBILITY,v2026-08-11,2026-03-21..2026-08-06,baccarat_bet02_101_all_pairs_incl_sentinel,round_win = game_pnl > 0 (decisive only),COMPATIBILITY_ONLY_NOT_PRODUCTION,4059548.3812,3680416.6879,6656.9809,9707,9692,-0.00163983,0.01249836,-0.00525961,-0.00163983,-6656.9809,4059548.3812,OK,0.0000,266.2792,4.0000,96.0000,AG03-UNRESOLVED,ALL5_LEVELS_bet23_to_bet27,266.2792,266.2792,266.2792,0.0000,0.0000,4.000000,4.000000,4.000000,0.000000,0.000000,96.000000,96.000000,96.000000,100.000000,100.000000,5.0,798.8377,767.3102,5858.1432,5889.6706,PENDING_AG03,FALSE,NOT_FOR_ENFORCEMENT,6390.7016,3533200.0204,6656.9809,6390.7016,266.2792,0.00163983,0.00157424,266.2792,6390.7016,0.00157424,266.2792,266.2792,266.2792,0.0000,0.0000,6390.7016,0.00157424,798.8377,767.3102,5858.1432,5889.6706,0.00144305,0.00145082,0.00006559,418.2083,379.7376,0.6869,61.6387,1.8384,37588.4109,89.7407,538.3845,395.5999,218.4789,430.6076,432.5446,432.5446,1046.441,1081.3617,427.0584,0.0,2.43015,2.511246,0.971205,30,216,96,2,0.20383968,0.00163983,-0.01249836,0E-8,0.000000,0.906607,0.000000,0.01775797,2026-03-22,2026-08-06,108,3621,2443,138,0.782609,1.360932,1.287360,0.679466,,,,,,,,GLOBAL_BASELINE_NO_ENTITY_RANKING,,,NOT_APPLICABLE_GLOBAL_BASELINE,HF9g-P5,,,,X 全窗基线 · 不参与实体赏罚,14197935,1420,A168_HF9F_20260827_0900,2026-08-27 09:00:00
2026-04-02,57024343,948,0,430.8951847464,-10.7723796187,-10.7723796187,0.5000000,2,2,0.50665070000000000,0.506650700000,-0.018812684590367487,-0.018812684590367487,-0.018812684590367487,0E-17,ELIGIBLE,R03b_20260811_FULL_v1,L1_ELIGIBILITY,v2026-08-11,2026-03-21..2026-08-06,baccarat_bet02_101_all_pairs_incl_sentinel,round_win = game_pnl > 0 (decisive only),COMPATIBILITY_ONLY_NOT_PRODUCTION,4059548.3812,3680416.6879,6656.9809,9707,9692,-0.00163983,0.01249836,-0.00525961,-0.00163983,-6656.9809,4059548.3812,OK,0.0000,266.2792,4.0000,96.0000,AG03-UNRESOLVED,ALL5_LEVELS_bet23_to_bet27,266.2792,266.2792,266.2792,0.0000,0.0000,4.000000,4.000000,4.000000,0.000000,0.000000,96.000000,96.000000,96.000000,100.000000,100.000000,5.0,798.8377,767.3102,5858.1432,5889.6706,PENDING_AG03,FALSE,NOT_FOR_ENFORCEMENT,6390.7016,3533200.0204,6656.9809,6390.7016,266.2792,0.00163983,0.00157424,266.2792,6390.7016,0.00157424,266.2792,266.2792,266.2792,0.0000,0.0000,6390.7016,0.00157424,798.8377,767.3102,5858.1432,5889.6706,0.00144305,0.00145082,0.00006559,418.2083,379.7376,0.6869,61.6387,1.8384,37588.4109,89.7407,538.3845,395.5999,218.4789,430.6076,432.5446,432.5446,1046.441,1081.3617,427.0584,0.0,2.43015,2.511246,0.971205,30,216,96,2,0.20383968,0.00163983,-0.01249836,0E-8,0.000000,0.906607,0.000000,0.01775797,2026-03-22,2026-08-06,108,3621,2443,138,0.782609,1.360932,1.287360,0.679466,,,,,,,,GLOBAL_BASELINE_NO_ENTITY_RANKING,,,NOT_APPLICABLE_GLOBAL_BASELINE,HF9g-P5,,,,X 全窗基线 · 不参与实体赏罚,14197936,1420,A168_HF9F_20260827_0900,2026-08-27 09:00:00
2026-04-02,57024343,970,0,646.3427771196,-215.4475923732,-215.4475923732,0.3333333,3,3,0.50218230000000000,0.502182300000,-0.5849155494134425,-0.5849155494134426,-0.5849155494134425,0E-17,ELIGIBLE,R03b_20260811_FULL_v1,L1_ELIGIBILITY,v2026-08-11,2026-03-21..2026-08-06,baccarat_bet02_101_all_pairs_incl_sentinel,round_win = game_pnl > 0 (decisive only),COMPATIBILITY_ONLY_NOT_PRODUCTION,4059548.3812,3680416.6879,6656.9809,9707,9692,-0.00163983,0.01249836,-0.00525961,-0.00163983,-6656.9809,4059548.3812,OK,0.0000,266.2792,4.0000,96.0000,AG03-UNRESOLVED,ALL5_LEVELS_bet23_to_bet27,266.2792,266.2792,266.2792,0.0000,0.0000,4.000000,4.000000,4.000000,0.000000,0.000000,96.000000,96.000000,96.000000,100.000000,100.000000,5.0,798.8377,767.3102,5858.1432,5889.6706,PENDING_AG03,FALSE,NOT_FOR_ENFORCEMENT,6390.7016,3533200.0204,6656.9809,6390.7016,266.2792,0.00163983,0.00157424,266.2792,6390.7016,0.00157424,266.2792,266.2792,266.2792,0.0000,0.0000,6390.7016,0.00157424,798.8377,767.3102,5858.1432,5889.6706,0.00144305,0.00145082,0.00006559,418.2083,379.7376,0.6869,61.6387,1.8384,37588.4109,89.7407,538.3845,395.5999,218.4789,430.6076,432.5446,432.5446,1046.441,1081.3617,427.0584,0.0,2.43015,2.511246,0.971205,30,216,96,2,0.20383968,0.00163983,-0.01249836,0E-8,0.000000,0.906607,0.000000,0.01775797,2026-03-22,2026-08-06,108,3621,2443,138,0.782609,1.360932,1.287360,0.679466,,,,,,,,GLOBAL_BASELINE_NO_ENTITY_RANKING,,,NOT_APPLICABLE_GLOBAL_BASELINE,HF9g-P5,,,,X 全窗基线 · 不参与实体赏罚,14197937,1420,A168_HF9F_20260827_0900,2026-08-27 09:00:00
2026-04-02,57024343,987,0,430.8951847464,-430.8951847464,-430.8951847464,0E-7,2,2,0.49994810000000000,0.499948100000,-1.4140667746232096,-1.4140667746232096,-1.4140667746232096,0E-17,ELIGIBLE,R03b_20260811_FULL_v1,L1_ELIGIBILITY,v2026-08-11,2026-03-21..2026-08-06,baccarat_bet02_101_all_pairs_incl_sentinel,round_win = game_pnl > 0 (decisive only),COMPATIBILITY_ONLY_NOT_PRODUCTION,4059548.3812,3680416.6879,6656.9809,9707,9692,-0.00163983,0.01249836,-0.00525961,-0.00163983,-6656.9809,4059548.3812,OK,0.0000,266.2792,4.0000,96.0000,AG03-UNRESOLVED,ALL5_LEVELS_bet23_to_bet27,266.2792,266.2792,266.2792,0.0000,0.0000,4.000000,4.000000,4.000000,0.000000,0.000000,96.000000,96.000000,96.000000,100.000000,100.000000,5.0,798.8377,767.3102,5858.1432,5889.6706,PENDING_AG03,FALSE,NOT_FOR_ENFORCEMENT,6390.7016,3533200.0204,6656.9809,6390.7016,266.2792,0.00163983,0.00157424,266.2792,6390.7016,0.00157424,266.2792,266.2792,266.2792,0.0000,0.0000,6390.7016,0.00157424,798.8377,767.3102,5858.1432,5889.6706,0.00144305,0.00145082,0.00006559,418.2083,379.7376,0.6869,61.6387,1.8384,37588.4109,89.7407,538.3845,395.5999,218.4789,430.6076,432.5446,432.5446,1046.441,1081.3617,427.0584,0.0,2.43015,2.511246,0.971205,30,216,96,2,0.20383968,0.00163983,-0.01249836,0E-8,0.000000,0.906607,0.000000,0.01775797,2026-03-22,2026-08-06,108,3621,2443,138,0.782609,1.360932,1.287360,0.679466,,,,,,,,GLOBAL_BASELINE_NO_ENTITY_RANKING,,,NOT_APPLICABLE_GLOBAL_BASELINE,HF9g-P5,,,,X 全窗基线 · 不参与实体赏罚,14197938,1420,A168_HF9F_20260827_0900,2026-08-27 09:00:00
2026-04-03,57024343,-1,1,9479.6940644198,926.4246472046,926.4246472046,0.5666667,34,34,0.50113091176470588,0.501130911765,0.7179100620195664,0.7179100620163456,0.7179100620195664,-2.9412E-13,SENTINEL_DEALER,R03b_20260811_FULL_v1,L1_ELIGIBILITY,v2026-08-11,2026-03-21..2026-08-06,baccarat_bet02_101_all_pairs_incl_sentinel,round_win = game_pnl > 0 (decisive only),COMPATIBILITY_ONLY_NOT_PRODUCTION,4059548.3812,3680416.6879,6656.9809,9707,9692,-0.00163983,0.01249836,-0.00525961,-0.00163983,-6656.9809,4059548.3812,OK,0.0000,266.2792,4.0000,96.0000,AG03-UNRESOLVED,ALL5_LEVELS_bet23_to_bet27,266.2792,266.2792,266.2792,0.0000,0.0000,4.000000,4.000000,4.000000,0.000000,0.000000,96.000000,96.000000,96.000000,100.000000,100.000000,5.0,798.8377,767.3102,5858.1432,5889.6706,PENDING_AG03,FALSE,NOT_FOR_ENFORCEMENT,6390.7016,3533200.0204,6656.9809,6390.7016,266.2792,0.00163983,0.00157424,266.2792,6390.7016,0.00157424,266.2792,266.2792,266.2792,0.0000,0.0000,6390.7016,0.00157424,798.8377,767.3102,5858.1432,5889.6706,0.00144305,0.00145082,0.00006559,418.2083,379.7376,0.6869,61.6387,1.8384,37588.4109,89.7407,538.3845,395.5999,218.4789,430.6076,432.5446,432.5446,1046.441,1081.3617,427.0584,0.0,2.43015,2.511246,0.971205,30,216,96,2,0.20383968,0.00163983,-0.01249836,0E-8,0.000000,0.906607,0.000000,0.01775797,2026-03-22,2026-08-06,108,3621,2443,138,0.782609,1.360932,1.287360,0.679466,,,,,,,,GLOBAL_BASELINE_NO_ENTITY_RANKING,,,NOT_APPLICABLE_GLOBAL_BASELINE,HF9g-P5,,,,X 全窗基线 · 不参与实体赏罚,14197939,1420,A168_HF9F_20260827_0900,2026-08-27 09:00:00
2026-04-03,57024343,1017,0,861.7903694928,-226.2199719919,-226.2199719919,0.3333333,4,4,0.49994810000000000,0.499948100000,-0.5771704854251445,-0.5771704854251445,-0.5771704854251445,0E-17,ELIGIBLE,R03b_20260811_FULL_v1,L1_ELIGIBILITY,v2026-08-11,2026-03-21..2026-08-06,baccarat_bet02_101_all_pairs_incl_sentinel,round_win = game_pnl > 0 (decisive only),COMPATIBILITY_ONLY_NOT_PRODUCTION,4059548.3812,3680416.6879,6656.9809,9707,9692,-0.00163983,0.01249836,-0.00525961,-0.00163983,-6656.9809,4059548.3812,OK,0.0000,266.2792,4.0000,96.0000,AG03-UNRESOLVED,ALL5_LEVELS_bet23_to_bet27,266.2792,266.2792,266.2792,0.0000,0.0000,4.000000,4.000000,4.000000,0.000000,0.000000,96.000000,96.000000,96.000000,100.000000,100.000000,5.0,798.8377,767.3102,5858.1432,5889.6706,PENDING_AG03,FALSE,NOT_FOR_ENFORCEMENT,6390.7016,3533200.0204,6656.9809,6390.7016,266.2792,0.00163983,0.00157424,266.2792,6390.7016,0.00157424,266.2792,266.2792,266.2792,0.0000,0.0000,6390.7016,0.00157424,798.8377,767.3102,5858.1432,5889.6706,0.00144305,0.00145082,0.00006559,418.2083,379.7376,0.6869,61.6387,1.8384,37588.4109,89.7407,538.3845,395.5999,218.4789,430.6076,432.5446,432.5446,1046.441,1081.3617,427.0584,0.0,2.43015,2.511246,0.971205,30,216,96,2,0.20383968,0.00163983,-0.01249836,0E-8,0.000000,0.906607,0.000000,0.01775797,2026-03-22,2026-08-06,108,3621,2443,138,0.782609,1.360932,1.287360,0.679466,,,,,,,,GLOBAL_BASELINE_NO_ENTITY_RANKING,,,NOT_APPLICABLE_GLOBAL_BASELINE,HF9g-P5,,,,X 全窗基线 · 不参与实体赏罚,14197940,1420,A168_HF9F_20260827_0900,2026-08-27 09:00:00
2026-04-03,57024343,1221,0,1508.1331466121,-667.8875363568,-667.8875363568,0.2500000,4,4,0.50665070000000000,0.506650700000,-1.0266936290537745,-1.0266936290537745,-1.0266936290537745,0E-17,ELIGIBLE,R03b_20260811_FULL_v1,L1_ELIGIBILITY,v2026-08-11,2026-03-21..2026-08-06,baccarat_bet02_101_all_pairs_incl_sentinel,round_win = game_pnl > 0 (decisive only),COMPATIBILITY_ONLY_NOT_PRODUCTION,4059548.3812,3680416.6879,6656.9809,9707,9692,-0.00163983,0.01249836,-0.00525961,-0.00163983,-6656.9809,4059548.3812,OK,0.0000,266.2792,4.0000,96.0000,AG03-UNRESOLVED,ALL5_LEVELS_bet23_to_bet27,266.2792,266.2792,266.2792,0.0000,0.0000,4.000000,4.000000,4.000000,0.000000,0.000000,96.000000,96.000000,96.000000,100.000000,100.000000,5.0,798.8377,767.3102,5858.1432,5889.6706,PENDING_AG03,FALSE,NOT_FOR_ENFORCEMENT,6390.7016,3533200.0204,6656.9809,6390.7016,266.2792,0.00163983,0.00157424,266.2792,6390.7016,0.00157424,266.2792,266.2792,266.2792,0.0000,0.0000,6390.7016,0.00157424,798.8377,767.3102,5858.1432,5889.6706,0.00144305,0.00145082,0.00006559,418.2083,379.7376,0.6869,61.6387,1.8384,37588.4109,89.7407,538.3845,395.5999,218.4789,430.6076,432.5446,432.5446,1046.441,1081.3617,427.0584,0.0,2.43015,2.511246,0.971205,30,216,96,2,0.20383968,0.00163983,-0.01249836,0E-8,0.000000,0.906607,0.000000,0.01775797,2026-03-22,2026-08-06,108,3621,2443,138,0.782609,1.360932,1.287360,0.679466,,,,,,,,GLOBAL_BASELINE_NO_ENTITY_RANKING,,,NOT_APPLICABLE_GLOBAL_BASELINE,HF9g-P5,,,,X 全窗基线 · 不参与实体赏罚,14197941,1420,A168_HF9F_20260827_0900,2026-08-27 09:00:00
2026-04-03,57024343,1300,0,1077.2379618658,1044.9208230098,1044.9208230098,1.0000000,3,3,0.50218230000000000,0.502182300000,1.724507524396475,1.7245075243964754,1.724507524396475,0E-17,ELIGIBLE,R03b_20260811_FULL_v1,L1_ELIGIBILITY,v2026-08-11,2026-03-21..2026-08-06,baccarat_bet02_101_all_pairs_incl_sentinel,round_win = game_pnl > 0 (decisive only),COMPATIBILITY_ONLY_NOT_PRODUCTION,4059548.3812,3680416.6879,6656.9809,9707,9692,-0.00163983,0.01249836,-0.00525961,-0.00163983,-6656.9809,4059548.3812,OK,0.0000,266.2792,4.0000,96.0000,AG03-UNRESOLVED,ALL5_LEVELS_bet23_to_bet27,266.2792,266.2792,266.2792,0.0000,0.0000,4.000000,4.000000,4.000000,0.000000,0.000000,96.000000,96.000000,96.000000,100.000000,100.000000,5.0,798.8377,767.3102,5858.1432,5889.6706,PENDING_AG03,FALSE,NOT_FOR_ENFORCEMENT,6390.7016,3533200.0204,6656.9809,6390.7016,266.2792,0.00163983,0.00157424,266.2792,6390.7016,0.00157424,266.2792,266.2792,266.2792,0.0000,0.0000,6390.7016,0.00157424,798.8377,767.3102,5858.1432,5889.6706,0.00144305,0.00145082,0.00006559,418.2083,379.7376,0.6869,61.6387,1.8384,37588.4109,89.7407,538.3845,395.5999,218.4789,430.6076,432.5446,432.5446,1046.441,1081.3617,427.0584,0.0,2.43015,2.511246,0.971205,30,216,96,2,0.20383968,0.00163983,-0.01249836,0E-8,0.000000,0.906607,0.000000,0.01775797,2026-03-22,2026-08-06,108,3621,2443,138,0.782609,1.360932,1.287360,0.679466,,,,,,,,GLOBAL_BASELINE_NO_ENTITY_RANKING,,,NOT_APPLICABLE_GLOBAL_BASELINE,HF9g-P5,,,,X 全窗基线 · 不参与实体赏罚,14197942,1420,A168_HF9F_20260827_0900,2026-08-27 09:00:00
2026-04-03,57024343,1302,0,861.7903694926,818.7008510180,818.7008510180,1.0000000,2,2,0.50665070000000000,0.506650700000,1.3955260008387969,1.3955260008387969,1.3955260008387969,0E-17,ELIGIBLE,R03b_20260811_FULL_v1,L1_ELIGIBILITY,v2026-08-11,2026-03-21..2026-08-06,baccarat_bet02_101_all_pairs_incl_sentinel,round_win = game_pnl > 0 (decisive only),COMPATIBILITY_ONLY_NOT_PRODUCTION,4059548.3812,3680416.6879,6656.9809,9707,9692,-0.00163983,0.01249836,-0.00525961,-0.00163983,-6656.9809,4059548.3812,OK,0.0000,266.2792,4.0000,96.0000,AG03-UNRESOLVED,ALL5_LEVELS_bet23_to_bet27,266.2792,266.2792,266.2792,0.0000,0.0000,4.000000,4.000000,4.000000,0.000000,0.000000,96.000000,96.000000,96.000000,100.000000,100.000000,5.0,798.8377,767.3102,5858.1432,5889.6706,PENDING_AG03,FALSE,NOT_FOR_ENFORCEMENT,6390.7016,3533200.0204,6656.9809,6390.7016,266.2792,0.00163983,0.00157424,266.2792,6390.7016,0.00157424,266.2792,266.2792,266.2792,0.0000,0.0000,6390.7016,0.00157424,798.8377,767.3102,5858.1432,5889.6706,0.00144305,0.00145082,0.00006559,418.2083,379.7376,0.6869,61.6387,1.8384,37588.4109,89.7407,538.3845,395.5999,218.4789,430.6076,432.5446,432.5446,1046.441,1081.3617,427.0584,0.0,2.43015,2.511246,0.971205,30,216,96,2,0.20383968,0.00163983,-0.01249836,0E-8,0.000000,0.906607,0.000000,0.01775797,2026-03-22,2026-08-06,108,3621,2443,138,0.782609,1.360932,1.287360,0.679466,,,,,,,,GLOBAL_BASELINE_NO_ENTITY_RANKING,,,NOT_APPLICABLE_GLOBAL_BASELINE,HF9g-P5,,,,X 全窗基线 · 不参与实体赏罚,14197943,1420,A168_HF9F_20260827_0900,2026-08-27 09:00:00
2026-04-03,57024343,1304,0,1939.0283313587,-883.3351287301,-883.3351287301,0.2857143,8,8,0.50497505000000000,0.504975050000,-1.1602763468535837,-1.1602763468535837,-1.1602763468535837,0E-17,ELIGIBLE,R03b_20260811_FULL_v1,L1_ELIGIBILITY,v2026-08-11,2026-03-21..2026-08-06,baccarat_bet02_101_all_pairs_incl_sentinel,round_win = game_pnl > 0 (decisive only),COMPATIBILITY_ONLY_NOT_PRODUCTION,4059548.3812,3680416.6879,6656.9809,9707,9692,-0.00163983,0.01249836,-0.00525961,-0.00163983,-6656.9809,4059548.3812,OK,0.0000,266.2792,4.0000,96.0000,AG03-UNRESOLVED,ALL5_LEVELS_bet23_to_bet27,266.2792,266.2792,266.2792,0.0000,0.0000,4.000000,4.000000,4.000000,0.000000,0.000000,96.000000,96.000000,96.000000,100.000000,100.000000,5.0,798.8377,767.3102,5858.1432,5889.6706,PENDING_AG03,FALSE,NOT_FOR_ENFORCEMENT,6390.7016,3533200.0204,6656.9809,6390.7016,266.2792,0.00163983,0.00157424,266.2792,6390.7016,0.00157424,266.2792,266.2792,266.2792,0.0000,0.0000,6390.7016,0.00157424,798.8377,767.3102,5858.1432,5889.6706,0.00144305,0.00145082,0.00006559,418.2083,379.7376,0.6869,61.6387,1.8384,37588.4109,89.7407,538.3845,395.5999,218.4789,430.6076,432.5446,432.5446,1046.441,1081.3617,427.0584,0.0,2.43015,2.511246,0.971205,30,216,96,2,0.20383968,0.00163983,-0.01249836,0E-8,0.000000,0.906607,0.000000,0.01775797,2026-03-22,2026-08-06,108,3621,2443,138,0.782609,1.360932,1.287360,0.679466,,,,,,,,GLOBAL_BASELINE_NO_ENTITY_RANKING,,,NOT_APPLICABLE_GLOBAL_BASELINE,HF9g-P5,,,,X 全窗基线 · 不参与实体赏罚,14197944,1420,A168_HF9F_20260827_0900,2026-08-27 09:00:00
2026-04-03,57024343,1323,0,430.8951847464,-10.7723796187,-10.7723796187,0.5000000,2,2,0.50665070000000000,0.506650700000,-0.018812684590367487,-0.018812684590367487,-0.018812684590367487,0E-17,ELIGIBLE,R03b_20260811_FULL_v1,L1_ELIGIBILITY,v2026-08-11,2026-03-21..2026-08-06,baccarat_bet02_101_all_pairs_incl_sentinel,round_win = game_pnl > 0 (decisive only),COMPATIBILITY_ONLY_NOT_PRODUCTION,4059548.3812,3680416.6879,6656.9809,9707,9692,-0.00163983,0.01249836,-0.00525961,-0.00163983,-6656.9809,4059548.3812,OK,0.0000,266.2792,4.0000,96.0000,AG03-UNRESOLVED,ALL5_LEVELS_bet23_to_bet27,266.2792,266.2792,266.2792,0.0000,0.0000,4.000000,4.000000,4.000000,0.000000,0.000000,96.000000,96.000000,96.000000,100.000000,100.000000,5.0,798.8377,767.3102,5858.1432,5889.6706,PENDING_AG03,FALSE,NOT_FOR_ENFORCEMENT,6390.7016,3533200.0204,6656.9809,6390.7016,266.2792,0.00163983,0.00157424,266.2792,6390.7016,0.00157424,266.2792,266.2792,266.2792,0.0000,0.0000,6390.7016,0.00157424,798.8377,767.3102,5858.1432,5889.6706,0.00144305,0.00145082,0.00006559,418.2083,379.7376,0.6869,61.6387,1.8384,37588.4109,89.7407,538.3845,395.5999,218.4789,430.6076,432.5446,432.5446,1046.441,1081.3617,427.0584,0.0,2.43015,2.511246,0.971205,30,216,96,2,0.20383968,0.00163983,-0.01249836,0E-8,0.000000,0.906607,0.000000,0.01775797,2026-03-22,2026-08-06,108,3621,2443,138,0.782609,1.360932,1.287360,0.679466,,,,,,,,GLOBAL_BASELINE_NO_ENTITY_RANKING,,,NOT_APPLICABLE_GLOBAL_BASELINE,HF9g-P5,,,,X 全窗基线 · 不参与实体赏罚,14197945,1420,A168_HF9F_20260827_0900,2026-08-27 09:00:00
2026-04-03,57024343,1363,0,1292.6855542392,-861.7903694928,-861.7903694928,0.1666667,6,6,0.50218230000000000,0.502182300000,-1.6436998608832374,-1.6436998608832374,-1.6436998608832374,0E-17,ELIGIBLE,R03b_20260811_FULL_v1,L1_ELIGIBILITY,v2026-08-11,2026-03-21..2026-08-06,baccarat_bet02_101_all_pairs_incl_sentinel,round_win = game_pnl > 0 (decisive only),COMPATIBILITY_ONLY_NOT_PRODUCTION,4059548.3812,3680416.6879,6656.9809,9707,9692,-0.00163983,0.01249836,-0.00525961,-0.00163983,-6656.9809,4059548.3812,OK,0.0000,266.2792,4.0000,96.0000,AG03-UNRESOLVED,ALL5_LEVELS_bet23_to_bet27,266.2792,266.2792,266.2792,0.0000,0.0000,4.000000,4.000000,4.000000,0.000000,0.000000,96.000000,96.000000,96.000000,100.000000,100.000000,5.0,798.8377,767.3102,5858.1432,5889.6706,PENDING_AG03,FALSE,NOT_FOR_ENFORCEMENT,6390.7016,3533200.0204,6656.9809,6390.7016,266.2792,0.00163983,0.00157424,266.2792,6390.7016,0.00157424,266.2792,266.2792,266.2792,0.0000,0.0000,6390.7016,0.00157424,798.8377,767.3102,5858.1432,5889.6706,0.00144305,0.00145082,0.00006559,418.2083,379.7376,0.6869,61.6387,1.8384,37588.4109,89.7407,538.3845,395.5999,218.4789,430.6076,432.5446,432.5446,1046.441,1081.3617,427.0584,0.0,2.43015,2.511246,0.971205,30,216,96,2,0.20383968,0.00163983,-0.01249836,0E-8,0.000000,0.906607,0.000000,0.01775797,2026-03-22,2026-08-06,108,3621,2443,138,0.782609,1.360932,1.287360,0.679466,,,,,,,,GLOBAL_BASELINE_NO_ENTITY_RANKING,,,NOT_APPLICABLE_GLOBAL_BASELINE,HF9g-P5,,,,X 全窗基线 · 不参与实体赏罚,14197946,1420,A168_HF9F_20260827_0900,2026-08-27 09:00:00
2026-04-03,57024343,1401,0,1723.5807389853,-452.4399439837,-452.4399439837,0.2500000,5,5,0.50396966000000000,0.503969660000,-1.01591065835228,-1.0159106583522801,-1.01591065835228,0E-17,ELIGIBLE,R03b_20260811_FULL_v1,L1_ELIGIBILITY,v2026-08-11,2026-03-21..2026-08-06,baccarat_bet02_101_all_pairs_incl_sentinel,round_win = game_pnl > 0 (decisive only),COMPATIBILITY_ONLY_NOT_PRODUCTION,4059548.3812,3680416.6879,6656.9809,9707,9692,-0.00163983,0.01249836,-0.00525961,-0.00163983,-6656.9809,4059548.3812,OK,0.0000,266.2792,4.0000,96.0000,AG03-UNRESOLVED,ALL5_LEVELS_bet23_to_bet27,266.2792,266.2792,266.2792,0.0000,0.0000,4.000000,4.000000,4.000000,0.000000,0.000000,96.000000,96.000000,96.000000,100.000000,100.000000,5.0,798.8377,767.3102,5858.1432,5889.6706,PENDING_AG03,FALSE,NOT_FOR_ENFORCEMENT,6390.7016,3533200.0204,6656.9809,6390.7016,266.2792,0.00163983,0.00157424,266.2792,6390.7016,0.00157424,266.2792,266.2792,266.2792,0.0000,0.0000,6390.7016,0.00157424,798.8377,767.3102,5858.1432,5889.6706,0.00144305,0.00145082,0.00006559,418.2083,379.7376,0.6869,61.6387,1.8384,37588.4109,89.7407,538.3845,395.5999,218.4789,430.6076,432.5446,432.5446,1046.441,1081.3617,427.0584,0.0,2.43015,2.511246,0.971205,30,216,96,2,0.20383968,0.00163983,-0.01249836,0E-8,0.000000,0.906607,0.000000,0.01775797,2026-03-22,2026-08-06,108,3621,2443,138,0.782609,1.360932,1.287360,0.679466,,,,,,,,GLOBAL_BASELINE_NO_ENTITY_RANKING,,,NOT_APPLICABLE_GLOBAL_BASELINE,HF9g-P5,,,,X 全窗基线 · 不参与实体赏罚,14197947,1420,A168_HF9F_20260827_0900,2026-08-27 09:00:00
2026-04-03,57024343,1507,0,861.7903694926,-861.7903694926,-861.7903694926,0E-7,2,2,0.49994810000000000,0.499948100000,-1.4140667746232096,-1.4140667746232096,-1.4140667746232096,0E-17,ELIGIBLE,R03b_20260811_FULL_v1,L1_ELIGIBILITY,v2026-08-11,2026-03-21..2026-08-06,baccarat_bet02_101_all_pairs_incl_sentinel,round_win = game_pnl > 0 (decisive only),COMPATIBILITY_ONLY_NOT_PRODUCTION,4059548.3812,3680416.6879,6656.9809,9707,9692,-0.00163983,0.01249836,-0.00525961,-0.00163983,-6656.9809,4059548.3812,OK,0.0000,266.2792,4.0000,96.0000,AG03-UNRESOLVED,ALL5_LEVELS_bet23_to_bet27,266.2792,266.2792,266.2792,0.0000,0.0000,4.000000,4.000000,4.000000,0.000000,0.000000,96.000000,96.000000,96.000000,100.000000,100.000000,5.0,798.8377,767.3102,5858.1432,5889.6706,PENDING_AG03,FALSE,NOT_FOR_ENFORCEMENT,6390.7016,3533200.0204,6656.9809,6390.7016,266.2792,0.00163983,0.00157424,266.2792,6390.7016,0.00157424,266.2792,266.2792,266.2792,0.0000,0.0000,6390.7016,0.00157424,798.8377,767.3102,5858.1432,5889.6706,0.00144305,0.00145082,0.00006559,418.2083,379.7376,0.6869,61.6387,1.8384,37588.4109,89.7407,538.3845,395.5999,218.4789,430.6076,432.5446,432.5446,1046.441,1081.3617,427.0584,0.0,2.43015,2.511246,0.971205,30,216,96,2,0.20383968,0.00163983,-0.01249836,0E-8,0.000000,0.906607,0.000000,0.01775797,2026-03-22,2026-08-06,108,3621,2443,138,0.782609,1.360932,1.287360,0.679466,,,,,,,,GLOBAL_BASELINE_NO_ENTITY_RANKING,,,NOT_APPLICABLE_GLOBAL_BASELINE,HF9g-P5,,,,X 全窗基线 · 不参与实体赏罚,14197948,1420,A168_HF9F_20260827_0900,2026-08-27 09:00:00
2026-04-03,57024343,1710,0,861.7903694926,409.3504255090,409.3504255090,1.0000000,2,2,0.50665070000000000,0.506650700000,0.9867858985152569,0.9867858985152569,0.9867858985152569,0E-17,ELIGIBLE,R03b_20260811_FULL_v1,L1_ELIGIBILITY,v2026-08-11,2026-03-21..2026-08-06,baccarat_bet02_101_all_pairs_incl_sentinel,round_win = game_pnl > 0 (decisive only),COMPATIBILITY_ONLY_NOT_PRODUCTION,4059548.3812,3680416.6879,6656.9809,9707,9692,-0.00163983,0.01249836,-0.00525961,-0.00163983,-6656.9809,4059548.3812,OK,0.0000,266.2792,4.0000,96.0000,AG03-UNRESOLVED,ALL5_LEVELS_bet23_to_bet27,266.2792,266.2792,266.2792,0.0000,0.0000,4.000000,4.000000,4.000000,0.000000,0.000000,96.000000,96.000000,96.000000,100.000000,100.000000,5.0,798.8377,767.3102,5858.1432,5889.6706,PENDING_AG03,FALSE,NOT_FOR_ENFORCEMENT,6390.7016,3533200.0204,6656.9809,6390.7016,266.2792,0.00163983,0.00157424,266.2792,6390.7016,0.00157424,266.2792,266.2792,266.2792,0.0000,0.0000,6390.7016,0.00157424,798.8377,767.3102,5858.1432,5889.6706,0.00144305,0.00145082,0.00006559,418.2083,379.7376,0.6869,61.6387,1.8384,37588.4109,89.7407,538.3845,395.5999,218.4789,430.6076,432.5446,432.5446,1046.441,1081.3617,427.0584,0.0,2.43015,2.511246,0.971205,30,216,96,2,0.20383968,0.00163983,-0.01249836,0E-8,0.000000,0.906607,0.000000,0.01775797,2026-03-22,2026-08-06,108,3621,2443,138,0.782609,1.360932,1.287360,0.679466,,,,,,,,GLOBAL_BASELINE_NO_ENTITY_RANKING,,,NOT_APPLICABLE_GLOBAL_BASELINE,HF9g-P5,,,,X 全窗基线 · 不参与实体赏罚,14197949,1420,A168_HF9F_20260827_0900,2026-08-27 09:00:00
2026-04-03,57024343,1714,0,1077.2379618659,-646.3427771196,-646.3427771196,0E-7,4,4,0.49994810000000000,0.499948100000,-1.7318710300250217,-1.7318710300250217,-1.7318710300250217,0E-17,ELIGIBLE,R03b_20260811_FULL_v1,L1_ELIGIBILITY,v2026-08-11,2026-03-21..2026-08-06,baccarat_bet02_101_all_pairs_incl_sentinel,round_win = game_pnl > 0 (decisive only),COMPATIBILITY_ONLY_NOT_PRODUCTION,4059548.3812,3680416.6879,6656.9809,9707,9692,-0.00163983,0.01249836,-0.00525961,-0.00163983,-6656.9809,4059548.3812,OK,0.0000,266.2792,4.0000,96.0000,AG03-UNRESOLVED,ALL5_LEVELS_bet23_to_bet27,266.2792,266.2792,266.2792,0.0000,0.0000,4.000000,4.000000,4.000000,0.000000,0.000000,96.000000,96.000000,96.000000,100.000000,100.000000,5.0,798.8377,767.3102,5858.1432,5889.6706,PENDING_AG03,FALSE,NOT_FOR_ENFORCEMENT,6390.7016,3533200.0204,6656.9809,6390.7016,266.2792,0.00163983,0.00157424,266.2792,6390.7016,0.00157424,266.2792,266.2792,266.2792,0.0000,0.0000,6390.7016,0.00157424,798.8377,767.3102,5858.1432,5889.6706,0.00144305,0.00145082,0.00006559,418.2083,379.7376,0.6869,61.6387,1.8384,37588.4109,89.7407,538.3845,395.5999,218.4789,430.6076,432.5446,432.5446,1046.441,1081.3617,427.0584,0.0,2.43015,2.511246,0.971205,30,216,96,2,0.20383968,0.00163983,-0.01249836,0E-8,0.000000,0.906607,0.000000,0.01775797,2026-03-22,2026-08-06,108,3621,2443,138,0.782609,1.360932,1.287360,0.679466,,,,,,,,GLOBAL_BASELINE_NO_ENTITY_RANKING,,,NOT_APPLICABLE_GLOBAL_BASELINE,HF9g-P5,,,,X 全窗基线 · 不参与实体赏罚,14197950,1420,A168_HF9F_20260827_0900,2026-08-27 09:00:00
2026-04-03,57024343,1935,0,1508.1331466123,592.4808790261,592.4808790261,0.6666667,6,6,0.50665070000000000,0.506650700000,0.7839842952205449,0.7839842952205449,0.7839842952205449,0E-17,ELIGIBLE,R03b_20260811_FULL_v1,L1_ELIGIBILITY,v2026-08-11,2026-03-21..2026-08-06,baccarat_bet02_101_all_pairs_incl_sentinel,round_win = game_pnl > 0 (decisive only),COMPATIBILITY_ONLY_NOT_PRODUCTION,4059548.3812,3680416.6879,6656.9809,9707,9692,-0.00163983,0.01249836,-0.00525961,-0.00163983,-6656.9809,4059548.3812,OK,0.0000,266.2792,4.0000,96.0000,AG03-UNRESOLVED,ALL5_LEVELS_bet23_to_bet27,266.2792,266.2792,266.2792,0.0000,0.0000,4.000000,4.000000,4.000000,0.000000,0.000000,96.000000,96.000000,96.000000,100.000000,100.000000,5.0,798.8377,767.3102,5858.1432,5889.6706,PENDING_AG03,FALSE,NOT_FOR_ENFORCEMENT,6390.7016,3533200.0204,6656.9809,6390.7016,266.2792,0.00163983,0.00157424,266.2792,6390.7016,0.00157424,266.2792,266.2792,266.2792,0.0000,0.0000,6390.7016,0.00157424,798.8377,767.3102,5858.1432,5889.6706,0.00144305,0.00145082,0.00006559,418.2083,379.7376,0.6869,61.6387,1.8384,37588.4109,89.7407,538.3845,395.5999,218.4789,430.6076,432.5446,432.5446,1046.441,1081.3617,427.0584,0.0,2.43015,2.511246,0.971205,30,216,96,2,0.20383968,0.00163983,-0.01249836,0E-8,0.000000,0.906607,0.000000,0.01775797,2026-03-22,2026-08-06,108,3621,2443,138,0.782609,1.360932,1.287360,0.679466,,,,,,,,GLOBAL_BASELINE_NO_ENTITY_RANKING,,,NOT_APPLICABLE_GLOBAL_BASELINE,HF9g-P5,,,,X 全窗基线 · 不参与实体赏罚,14197951,1420,A168_HF9F_20260827_0900,2026-08-27 09:00:00
2026-04-03,57024343,2115,0,430.8951847463,-430.8951847463,-430.8951847463,0E-7,1,1,0.50665070000000000,0.506650700000,-1.013391052207602,-1.013391052207602,-1.013391052207602,0E-17,ELIGIBLE,R03b_20260811_FULL_v1,L1_ELIGIBILITY,v2026-08-11,2026-03-21..2026-08-06,baccarat_bet02_101_all_pairs_incl_sentinel,round_win = game_pnl > 0 (decisive only),COMPATIBILITY_ONLY_NOT_PRODUCTION,4059548.3812,3680416.6879,6656.9809,9707,9692,-0.00163983,0.01249836,-0.00525961,-0.00163983,-6656.9809,4059548.3812,OK,0.0000,266.2792,4.0000,96.0000,AG03-UNRESOLVED,ALL5_LEVELS_bet23_to_bet27,266.2792,266.2792,266.2792,0.0000,0.0000,4.000000,4.000000,4.000000,0.000000,0.000000,96.000000,96.000000,96.000000,100.000000,100.000000,5.0,798.8377,767.3102,5858.1432,5889.6706,PENDING_AG03,FALSE,NOT_FOR_ENFORCEMENT,6390.7016,3533200.0204,6656.9809,6390.7016,266.2792,0.00163983,0.00157424,266.2792,6390.7016,0.00157424,266.2792,266.2792,266.2792,0.0000,0.0000,6390.7016,0.00157424,798.8377,767.3102,5858.1432,5889.6706,0.00144305,0.00145082,0.00006559,418.2083,379.7376,0.6869,61.6387,1.8384,37588.4109,89.7407,538.3845,395.5999,218.4789,430.6076,432.5446,432.5446,1046.441,1081.3617,427.0584,0.0,2.43015,2.511246,0.971205,30,216,96,2,0.20383968,0.00163983,-0.01249836,0E-8,0.000000,0.906607,0.000000,0.01775797,2026-03-22,2026-08-06,108,3621,2443,138,0.782609,1.360932,1.287360,0.679466,,,,,,,,GLOBAL_BASELINE_NO_ENTITY_RANKING,,,NOT_APPLICABLE_GLOBAL_BASELINE,HF9g-P5,,,,X 全窗基线 · 不参与实体赏罚,14197952,1420,A168_HF9F_20260827_0900,2026-08-27 09:00:00
2026-04-03,57024343,2123,0,2585.3711084780,-473.9847032209,-473.9847032209,0.5714286,8,8,0.50665070000000000,0.506650700000,0.34280260342128577,0.34280260342128577,0.34280260342128577,0E-17,ELIGIBLE,R03b_20260811_FULL_v1,L1_ELIGIBILITY,v2026-08-11,2026-03-21..2026-08-06,baccarat_bet02_101_all_pairs_incl_sentinel,round_win = game_pnl > 0 (decisive only),COMPATIBILITY_ONLY_NOT_PRODUCTION,4059548.3812,3680416.6879,6656.9809,9707,9692,-0.00163983,0.01249836,-0.00525961,-0.00163983,-6656.9809,4059548.3812,OK,0.0000,266.2792,4.0000,96.0000,AG03-UNRESOLVED,ALL5_LEVELS_bet23_to_bet27,266.2792,266.2792,266.2792,0.0000,0.0000,4.000000,4.000000,4.000000,0.000000,0.000000,96.000000,96.000000,96.000000,100.000000,100.000000,5.0,798.8377,767.3102,5858.1432,5889.6706,PENDING_AG03,FALSE,NOT_FOR_ENFORCEMENT,6390.7016,3533200.0204,6656.9809,6390.7016,266.2792,0.00163983,0.00157424,266.2792,6390.7016,0.00157424,266.2792,266.2792,266.2792,0.0000,0.0000,6390.7016,0.00157424,798.8377,767.3102,5858.1432,5889.6706,0.00144305,0.00145082,0.00006559,418.2083,379.7376,0.6869,61.6387,1.8384,37588.4109,89.7407,538.3845,395.5999,218.4789,430.6076,432.5446,432.5446,1046.441,1081.3617,427.0584,0.0,2.43015,2.511246,0.971205,30,216,96,2,0.20383968,0.00163983,-0.01249836,0E-8,0.000000,0.906607,0.000000,0.01775797,2026-03-22,2026-08-06,108,3621,2443,138,0.782609,1.360932,1.287360,0.679466,,,,,,,,GLOBAL_BASELINE_NO_ENTITY_RANKING,,,NOT_APPLICABLE_GLOBAL_BASELINE,HF9g-P5,,,,X 全窗基线 · 不参与实体赏罚,14197953,1420,A168_HF9F_20260827_0900,2026-08-27 09:00:00
2026-04-03,57024343,2130,0,1077.2379618659,-430.8951847463,-430.8951847463,0.3333333,4,4,0.50329940000000000,0.503299400000,-0.5887925454369916,-0.5887925454369916,-0.5887925454369916,0E-17,ELIGIBLE,R03b_20260811_FULL_v1,L1_ELIGIBILITY,v2026-08-11,2026-03-21..2026-08-06,baccarat_bet02_101_all_pairs_incl_sentinel,round_win = game_pnl > 0 (decisive only),COMPATIBILITY_ONLY_NOT_PRODUCTION,4059548.3812,3680416.6879,6656.9809,9707,9692,-0.00163983,0.01249836,-0.00525961,-0.00163983,-6656.9809,4059548.3812,OK,0.0000,266.2792,4.0000,96.0000,AG03-UNRESOLVED,ALL5_LEVELS_bet23_to_bet27,266.2792,266.2792,266.2792,0.0000,0.0000,4.000000,4.000000,4.000000,0.000000,0.000000,96.000000,96.000000,96.000000,100.000000,100.000000,5.0,798.8377,767.3102,5858.1432,5889.6706,PENDING_AG03,FALSE,NOT_FOR_ENFORCEMENT,6390.7016,3533200.0204,6656.9809,6390.7016,266.2792,0.00163983,0.00157424,266.2792,6390.7016,0.00157424,266.2792,266.2792,266.2792,0.0000,0.0000,6390.7016,0.00157424,798.8377,767.3102,5858.1432,5889.6706,0.00144305,0.00145082,0.00006559,418.2083,379.7376,0.6869,61.6387,1.8384,37588.4109,89.7407,538.3845,395.5999,218.4789,430.6076,432.5446,432.5446,1046.441,1081.3617,427.0584,0.0,2.43015,2.511246,0.971205,30,216,96,2,0.20383968,0.00163983,-0.01249836,0E-8,0.000000,0.906607,0.000000,0.01775797,2026-03-22,2026-08-06,108,3621,2443,138,0.782609,1.360932,1.287360,0.679466,,,,,,,,GLOBAL_BASELINE_NO_ENTITY_RANKING,,,NOT_APPLICABLE_GLOBAL_BASELINE,HF9g-P5,,,,X 全窗基线 · 不参与实体赏罚,14197954,1420,A168_HF9F_20260827_0900,2026-08-27 09:00:00
2026-04-03,57024343,2170,0,2369.9235161048,-1508.1331466122,-1508.1331466122,0E-7,7,7,0.50473567142857143,0.504735671429,-2.2573477954367025,-2.2573477954386374,-2.2573477954367025,-4.2857E-13,ELIGIBLE,R03b_20260811_FULL_v1,L1_ELIGIBILITY,v2026-08-11,2026-03-21..2026-08-06,baccarat_bet02_101_all_pairs_incl_sentinel,round_win = game_pnl > 0 (decisive only),COMPATIBILITY_ONLY_NOT_PRODUCTION,4059548.3812,3680416.6879,6656.9809,9707,9692,-0.00163983,0.01249836,-0.00525961,-0.00163983,-6656.9809,4059548.3812,OK,0.0000,266.2792,4.0000,96.0000,AG03-UNRESOLVED,ALL5_LEVELS_bet23_to_bet27,266.2792,266.2792,266.2792,0.0000,0.0000,4.000000,4.000000,4.000000,0.000000,0.000000,96.000000,96.000000,96.000000,100.000000,100.000000,5.0,798.8377,767.3102,5858.1432,5889.6706,PENDING_AG03,FALSE,NOT_FOR_ENFORCEMENT,6390.7016,3533200.0204,6656.9809,6390.7016,266.2792,0.00163983,0.00157424,266.2792,6390.7016,0.00157424,266.2792,266.2792,266.2792,0.0000,0.0000,6390.7016,0.00157424,798.8377,767.3102,5858.1432,5889.6706,0.00144305,0.00145082,0.00006559,418.2083,379.7376,0.6869,61.6387,1.8384,37588.4109,89.7407,538.3845,395.5999,218.4789,430.6076,432.5446,432.5446,1046.441,1081.3617,427.0584,0.0,2.43015,2.511246,0.971205,30,216,96,2,0.20383968,0.00163983,-0.01249836,0E-8,0.000000,0.906607,0.000000,0.01775797,2026-03-22,2026-08-06,108,3621,2443,138,0.782609,1.360932,1.287360,0.679466,,,,,,,,GLOBAL_BASELINE_NO_ENTITY_RANKING,,,NOT_APPLICABLE_GLOBAL_BASELINE,HF9g-P5,,,,X 全窗基线 · 不参与实体赏罚,14197955,1420,A168_HF9F_20260827_0900,2026-08-27 09:00:00
2026-04-03,57024343,2171,0,1508.1331466124,-1088.0103414847,-1088.0103414847,0.1428571,7,7,0.50282064285714286,0.502820642857,-1.904778113290813,-1.904778113290054,-1.904778113290813,1.4286E-13,ELIGIBLE,R03b_20260811_FULL_v1,L1_ELIGIBILITY,v2026-08-11,2026-03-21..2026-08-06,baccarat_bet02_101_all_pairs_incl_sentinel,round_win = game_pnl > 0 (decisive only),COMPATIBILITY_ONLY_NOT_PRODUCTION,4059548.3812,3680416.6879,6656.9809,9707,9692,-0.00163983,0.01249836,-0.00525961,-0.00163983,-6656.9809,4059548.3812,OK,0.0000,266.2792,4.0000,96.0000,AG03-UNRESOLVED,ALL5_LEVELS_bet23_to_bet27,266.2792,266.2792,266.2792,0.0000,0.0000,4.000000,4.000000,4.000000,0.000000,0.000000,96.000000,96.000000,96.000000,100.000000,100.000000,5.0,798.8377,767.3102,5858.1432,5889.6706,PENDING_AG03,FALSE,NOT_FOR_ENFORCEMENT,6390.7016,3533200.0204,6656.9809,6390.7016,266.2792,0.00163983,0.00157424,266.2792,6390.7016,0.00157424,266.2792,266.2792,266.2792,0.0000,0.0000,6390.7016,0.00157424,798.8377,767.3102,5858.1432,5889.6706,0.00144305,0.00145082,0.00006559,418.2083,379.7376,0.6869,61.6387,1.8384,37588.4109,89.7407,538.3845,395.5999,218.4789,430.6076,432.5446,432.5446,1046.441,1081.3617,427.0584,0.0,2.43015,2.511246,0.971205,30,216,96,2,0.20383968,0.00163983,-0.01249836,0E-8,0.000000,0.906607,0.000000,0.01775797,2026-03-22,2026-08-06,108,3621,2443,138,0.782609,1.360932,1.287360,0.679466,,,,,,,,GLOBAL_BASELINE_NO_ENTITY_RANKING,,,NOT_APPLICABLE_GLOBAL_BASELINE,HF9g-P5,,,,X 全窗基线 · 不参与实体赏罚,14197956,1420,A168_HF9F_20260827_0900,2026-08-27 09:00:00
2026-04-03,57024343,2175,0,1292.6855542391,-430.8951847463,-430.8951847463,0.4000000,5,5,0.49860758000000000,0.498607580000,-0.440988213962219,-0.440988213962219,-0.440988213962219,0E-17,ELIGIBLE,R03b_20260811_FULL_v1,L1_ELIGIBILITY,v2026-08-11,2026-03-21..2026-08-06,baccarat_bet02_101_all_pairs_incl_sentinel,round_win = game_pnl > 0 (decisive only),COMPATIBILITY_ONLY_NOT_PRODUCTION,4059548.3812,3680416.6879,6656.9809,9707,9692,-0.00163983,0.01249836,-0.00525961,-0.00163983,-6656.9809,4059548.3812,OK,0.0000,266.2792,4.0000,96.0000,AG03-UNRESOLVED,ALL5_LEVELS_bet23_to_bet27,266.2792,266.2792,266.2792,0.0000,0.0000,4.000000,4.000000,4.000000,0.000000,0.000000,96.000000,96.000000,96.000000,100.000000,100.000000,5.0,798.8377,767.3102,5858.1432,5889.6706,PENDING_AG03,FALSE,NOT_FOR_ENFORCEMENT,6390.7016,3533200.0204,6656.9809,6390.7016,266.2792,0.00163983,0.00157424,266.2792,6390.7016,0.00157424,266.2792,266.2792,266.2792,0.0000,0.0000,6390.7016,0.00157424,798.8377,767.3102,5858.1432,5889.6706,0.00144305,0.00145082,0.00006559,418.2083,379.7376,0.6869,61.6387,1.8384,37588.4109,89.7407,538.3845,395.5999,218.4789,430.6076,432.5446,432.5446,1046.441,1081.3617,427.0584,0.0,2.43015,2.511246,0.971205,30,216,96,2,0.20383968,0.00163983,-0.01249836,0E-8,0.000000,0.906607,0.000000,0.01775797,2026-03-22,2026-08-06,108,3621,2443,138,0.782609,1.360932,1.287360,0.679466,,,,,,,,GLOBAL_BASELINE_NO_ENTITY_RANKING,,,NOT_APPLICABLE_GLOBAL_BASELINE,HF9g-P5,,,,X 全窗基线 · 不参与实体赏罚,14197957,1420,A168_HF9F_20260827_0900,2026-08-27 09:00:00
2026-04-03,57024343,2188,0,2585.3711084779,-1745.1254982226,-1745.1254982226,0.2500000,4,4,0.50329940000000000,0.503299400000,-1.013219660140378,-1.013219660140378,-1.013219660140378,0E-17,ELIGIBLE,R03b_20260811_FULL_v1,L1_ELIGIBILITY,v2026-08-11,2026-03-21..2026-08-06,baccarat_bet02_101_all_pairs_incl_sentinel,round_win = game_pnl > 0 (decisive only),COMPATIBILITY_ONLY_NOT_PRODUCTION,4059548.3812,3680416.6879,6656.9809,9707,9692,-0.00163983,0.01249836,-0.00525961,-0.00163983,-6656.9809,4059548.3812,OK,0.0000,266.2792,4.0000,96.0000,AG03-UNRESOLVED,ALL5_LEVELS_bet23_to_bet27,266.2792,266.2792,266.2792,0.0000,0.0000,4.000000,4.000000,4.000000,0.000000,0.000000,96.000000,96.000000,96.000000,100.000000,100.000000,5.0,798.8377,767.3102,5858.1432,5889.6706,PENDING_AG03,FALSE,NOT_FOR_ENFORCEMENT,6390.7016,3533200.0204,6656.9809,6390.7016,266.2792,0.00163983,0.00157424,266.2792,6390.7016,0.00157424,266.2792,266.2792,266.2792,0.0000,0.0000,6390.7016,0.00157424,798.8377,767.3102,5858.1432,5889.6706,0.00144305,0.00145082,0.00006559,418.2083,379.7376,0.6869,61.6387,1.8384,37588.4109,89.7407,538.3845,395.5999,218.4789,430.6076,432.5446,432.5446,1046.441,1081.3617,427.0584,0.0,2.43015,2.511246,0.971205,30,216,96,2,0.20383968,0.00163983,-0.01249836,0E-8,0.000000,0.906607,0.000000,0.01775797,2026-03-22,2026-08-06,108,3621,2443,138,0.782609,1.360932,1.287360,0.679466,,,,,,,,GLOBAL_BASELINE_NO_ENTITY_RANKING,,,NOT_APPLICABLE_GLOBAL_BASELINE,HF9g-P5,,,,X 全窗基线 · 不参与实体赏罚,14197958,1420,A168_HF9F_20260827_0900,2026-08-27 09:00:00
2026-04-03,57024343,2222,0,1077.2379618659,829.4732306367,829.4732306367,1.0000000,4,4,0.50329940000000000,0.503299400000,1.7206588134302945,1.7206588134302945,1.7206588134302945,0E-17,ELIGIBLE,R03b_20260811_FULL_v1,L1_ELIGIBILITY,v2026-08-11,2026-03-21..2026-08-06,baccarat_bet02_101_all_pairs_incl_sentinel,round_win = game_pnl > 0 (decisive only),COMPATIBILITY_ONLY_NOT_PRODUCTION,4059548.3812,3680416.6879,6656.9809,9707,9692,-0.00163983,0.01249836,-0.00525961,-0.00163983,-6656.9809,4059548.3812,OK,0.0000,266.2792,4.0000,96.0000,AG03-UNRESOLVED,ALL5_LEVELS_bet23_to_bet27,266.2792,266.2792,266.2792,0.0000,0.0000,4.000000,4.000000,4.000000,0.000000,0.000000,96.000000,96.000000,96.000000,100.000000,100.000000,5.0,798.8377,767.3102,5858.1432,5889.6706,PENDING_AG03,FALSE,NOT_FOR_ENFORCEMENT,6390.7016,3533200.0204,6656.9809,6390.7016,266.2792,0.00163983,0.00157424,266.2792,6390.7016,0.00157424,266.2792,266.2792,266.2792,0.0000,0.0000,6390.7016,0.00157424,798.8377,767.3102,5858.1432,5889.6706,0.00144305,0.00145082,0.00006559,418.2083,379.7376,0.6869,61.6387,1.8384,37588.4109,89.7407,538.3845,395.5999,218.4789,430.6076,432.5446,432.5446,1046.441,1081.3617,427.0584,0.0,2.43015,2.511246,0.971205,30,216,96,2,0.20383968,0.00163983,-0.01249836,0E-8,0.000000,0.906607,0.000000,0.01775797,2026-03-22,2026-08-06,108,3621,2443,138,0.782609,1.360932,1.287360,0.679466,,,,,,,,GLOBAL_BASELINE_NO_ENTITY_RANKING,,,NOT_APPLICABLE_GLOBAL_BASELINE,HF9g-P5,,,,X 全窗基线 · 不参与实体赏罚,14197959,1420,A168_HF9F_20260827_0900,2026-08-27 09:00:00
2026-04-03,57024343,2223,0,1077.2379618660,-236.9923516106,-236.9923516106,0.4000000,5,5,0.50665070000000000,0.506650700000,-0.4769986289884125,-0.4769986289884125,-0.4769986289884125,0E-17,ELIGIBLE,R03b_20260811_FULL_v1,L1_ELIGIBILITY,v2026-08-11,2026-03-21..2026-08-06,baccarat_bet02_101_all_pairs_incl_sentinel,round_win = game_pnl > 0 (decisive only),COMPATIBILITY_ONLY_NOT_PRODUCTION,4059548.3812,3680416.6879,6656.9809,9707,9692,-0.00163983,0.01249836,-0.00525961,-0.00163983,-6656.9809,4059548.3812,OK,0.0000,266.2792,4.0000,96.0000,AG03-UNRESOLVED,ALL5_LEVELS_bet23_to_bet27,266.2792,266.2792,266.2792,0.0000,0.0000,4.000000,4.000000,4.000000,0.000000,0.000000,96.000000,96.000000,96.000000,100.000000,100.000000,5.0,798.8377,767.3102,5858.1432,5889.6706,PENDING_AG03,FALSE,NOT_FOR_ENFORCEMENT,6390.7016,3533200.0204,6656.9809,6390.7016,266.2792,0.00163983,0.00157424,266.2792,6390.7016,0.00157424,266.2792,266.2792,266.2792,0.0000,0.0000,6390.7016,0.00157424,798.8377,767.3102,5858.1432,5889.6706,0.00144305,0.00145082,0.00006559,418.2083,379.7376,0.6869,61.6387,1.8384,37588.4109,89.7407,538.3845,395.5999,218.4789,430.6076,432.5446,432.5446,1046.441,1081.3617,427.0584,0.0,2.43015,2.511246,0.971205,30,216,96,2,0.20383968,0.00163983,-0.01249836,0E-8,0.000000,0.906607,0.000000,0.01775797,2026-03-22,2026-08-06,108,3621,2443,138,0.782609,1.360932,1.287360,0.679466,,,,,,,,GLOBAL_BASELINE_NO_ENTITY_RANKING,,,NOT_APPLICABLE_GLOBAL_BASELINE,HF9g-P5,,,,X 全窗基线 · 不参与实体赏罚,14197960,1420,A168_HF9F_20260827_0900,2026-08-27 09:00:00
2026-04-03,57024343,2250,0,215.4475923732,-215.4475923732,-215.4475923732,0E-7,1,1,0.49324550000000000,0.493245500000,-0.9865810262130424,-0.9865810262130424,-0.9865810262130424,0E-17,ELIGIBLE,R03b_20260811_FULL_v1,L1_ELIGIBILITY,v2026-08-11,2026-03-21..2026-08-06,baccarat_bet02_101_all_pairs_incl_sentinel,round_win = game_pnl > 0 (decisive only),COMPATIBILITY_ONLY_NOT_PRODUCTION,4059548.3812,3680416.6879,6656.9809,9707,9692,-0.00163983,0.01249836,-0.00525961,-0.00163983,-6656.9809,4059548.3812,OK,0.0000,266.2792,4.0000,96.0000,AG03-UNRESOLVED,ALL5_LEVELS_bet23_to_bet27,266.2792,266.2792,266.2792,0.0000,0.0000,4.000000,4.000000,4.000000,0.000000,0.000000,96.000000,96.000000,96.000000,100.000000,100.000000,5.0,798.8377,767.3102,5858.1432,5889.6706,PENDING_AG03,FALSE,NOT_FOR_ENFORCEMENT,6390.7016,3533200.0204,6656.9809,6390.7016,266.2792,0.00163983,0.00157424,266.2792,6390.7016,0.00157424,266.2792,266.2792,266.2792,0.0000,0.0000,6390.7016,0.00157424,798.8377,767.3102,5858.1432,5889.6706,0.00144305,0.00145082,0.00006559,418.2083,379.7376,0.6869,61.6387,1.8384,37588.4109,89.7407,538.3845,395.5999,218.4789,430.6076,432.5446,432.5446,1046.441,1081.3617,427.0584,0.0,2.43015,2.511246,0.971205,30,216,96,2,0.20383968,0.00163983,-0.01249836,0E-8,0.000000,0.906607,0.000000,0.01775797,2026-03-22,2026-08-06,108,3621,2443,138,0.782609,1.360932,1.287360,0.679466,,,,,,,,GLOBAL_BASELINE_NO_ENTITY_RANKING,,,NOT_APPLICABLE_GLOBAL_BASELINE,HF9g-P5,,,,X 全窗基线 · 不参与实体赏罚,14197961,1420,A168_HF9F_20260827_0900,2026-08-27 09:00:00
2026-04-03,57024343,2258,0,1508.1331466121,-646.3427771195,-646.3427771195,0.2500000,4,4,0.50329940000000000,0.503299400000,-1.013219660140378,-1.013219660140378,-1.013219660140378,0E-17,ELIGIBLE,R03b_20260811_FULL_v1,L1_ELIGIBILITY,v2026-08-11,2026-03-21..2026-08-06,baccarat_bet02_101_all_pairs_incl_sentinel,round_win = game_pnl > 0 (decisive only),COMPATIBILITY_ONLY_NOT_PRODUCTION,4059548.3812,3680416.6879,6656.9809,9707,9692,-0.00163983,0.01249836,-0.00525961,-0.00163983,-6656.9809,4059548.3812,OK,0.0000,266.2792,4.0000,96.0000,AG03-UNRESOLVED,ALL5_LEVELS_bet23_to_bet27,266.2792,266.2792,266.2792,0.0000,0.0000,4.000000,4.000000,4.000000,0.000000,0.000000,96.000000,96.000000,96.000000,100.000000,100.000000,5.0,798.8377,767.3102,5858.1432,5889.6706,PENDING_AG03,FALSE,NOT_FOR_ENFORCEMENT,6390.7016,3533200.0204,6656.9809,6390.7016,266.2792,0.00163983,0.00157424,266.2792,6390.7016,0.00157424,266.2792,266.2792,266.2792,0.0000,0.0000,6390.7016,0.00157424,798.8377,767.3102,5858.1432,5889.6706,0.00144305,0.00145082,0.00006559,418.2083,379.7376,0.6869,61.6387,1.8384,37588.4109,89.7407,538.3845,395.5999,218.4789,430.6076,432.5446,432.5446,1046.441,1081.3617,427.0584,0.0,2.43015,2.511246,0.971205,30,216,96,2,0.20383968,0.00163983,-0.01249836,0E-8,0.000000,0.906607,0.000000,0.01775797,2026-03-22,2026-08-06,108,3621,2443,138,0.782609,1.360932,1.287360,0.679466,,,,,,,,GLOBAL_BASELINE_NO_ENTITY_RANKING,,,NOT_APPLICABLE_GLOBAL_BASELINE,HF9g-P5,,,,X 全窗基线 · 不参与实体赏罚,14197962,1420,A168_HF9F_20260827_0900,2026-08-27 09:00:00
2026-04-03,57024343,2266,0,1292.6855542392,-872.5627491115,-872.5627491115,0.1666667,6,6,0.50441650000000000,0.504416500000,-1.6546940571906357,-1.6546940571906357,-1.6546940571906357,0E-17,ELIGIBLE,R03b_20260811_FULL_v1,L1_ELIGIBILITY,v2026-08-11,2026-03-21..2026-08-06,baccarat_bet02_101_all_pairs_incl_sentinel,round_win = game_pnl > 0 (decisive only),COMPATIBILITY_ONLY_NOT_PRODUCTION,4059548.3812,3680416.6879,6656.9809,9707,9692,-0.00163983,0.01249836,-0.00525961,-0.00163983,-6656.9809,4059548.3812,OK,0.0000,266.2792,4.0000,96.0000,AG03-UNRESOLVED,ALL5_LEVELS_bet23_to_bet27,266.2792,266.2792,266.2792,0.0000,0.0000,4.000000,4.000000,4.000000,0.000000,0.000000,96.000000,96.000000,96.000000,100.000000,100.000000,5.0,798.8377,767.3102,5858.1432,5889.6706,PENDING_AG03,FALSE,NOT_FOR_ENFORCEMENT,6390.7016,3533200.0204,6656.9809,6390.7016,266.2792,0.00163983,0.00157424,266.2792,6390.7016,0.00157424,266.2792,266.2792,266.2792,0.0000,0.0000,6390.7016,0.00157424,798.8377,767.3102,5858.1432,5889.6706,0.00144305,0.00145082,0.00006559,418.2083,379.7376,0.6869,61.6387,1.8384,37588.4109,89.7407,538.3845,395.5999,218.4789,430.6076,432.5446,432.5446,1046.441,1081.3617,427.0584,0.0,2.43015,2.511246,0.971205,30,216,96,2,0.20383968,0.00163983,-0.01249836,0E-8,0.000000,0.906607,0.000000,0.01775797,2026-03-22,2026-08-06,108,3621,2443,138,0.782609,1.360932,1.287360,0.679466,,,,,,,,GLOBAL_BASELINE_NO_ENTITY_RANKING,,,NOT_APPLICABLE_GLOBAL_BASELINE,HF9g-P5,,,,X 全窗基线 · 不参与实体赏罚,14197963,1420,A168_HF9F_20260827_0900,2026-08-27 09:00:00
2026-04-03,57024343,462,0,430.8951847463,-430.8951847463,-430.8951847463,0E-7,1,1,0.50665070000000000,0.506650700000,-1.013391052207602,-1.013391052207602,-1.013391052207602,0E-17,ELIGIBLE,R03b_20260811_FULL_v1,L1_ELIGIBILITY,v2026-08-11,2026-03-21..2026-08-06,baccarat_bet02_101_all_pairs_incl_sentinel,round_win = game_pnl > 0 (decisive only),COMPATIBILITY_ONLY_NOT_PRODUCTION,4059548.3812,3680416.6879,6656.9809,9707,9692,-0.00163983,0.01249836,-0.00525961,-0.00163983,-6656.9809,4059548.3812,OK,0.0000,266.2792,4.0000,96.0000,AG03-UNRESOLVED,ALL5_LEVELS_bet23_to_bet27,266.2792,266.2792,266.2792,0.0000,0.0000,4.000000,4.000000,4.000000,0.000000,0.000000,96.000000,96.000000,96.000000,100.000000,100.000000,5.0,798.8377,767.3102,5858.1432,5889.6706,PENDING_AG03,FALSE,NOT_FOR_ENFORCEMENT,6390.7016,3533200.0204,6656.9809,6390.7016,266.2792,0.00163983,0.00157424,266.2792,6390.7016,0.00157424,266.2792,266.2792,266.2792,0.0000,0.0000,6390.7016,0.00157424,798.8377,767.3102,5858.1432,5889.6706,0.00144305,0.00145082,0.00006559,418.2083,379.7376,0.6869,61.6387,1.8384,37588.4109,89.7407,538.3845,395.5999,218.4789,430.6076,432.5446,432.5446,1046.441,1081.3617,427.0584,0.0,2.43015,2.511246,0.971205,30,216,96,2,0.20383968,0.00163983,-0.01249836,0E-8,0.000000,0.906607,0.000000,0.01775797,2026-03-22,2026-08-06,108,3621,2443,138,0.782609,1.360932,1.287360,0.679466,,,,,,,,GLOBAL_BASELINE_NO_ENTITY_RANKING,,,NOT_APPLICABLE_GLOBAL_BASELINE,HF9g-P5,,,,X 全窗基线 · 不参与实体赏罚,14197964,1420,A168_HF9F_20260827_0900,2026-08-27 09:00:00
2026-04-03,57024343,471,0,1292.6855542389,430.8951847463,430.8951847463,0.6666667,3,3,0.49771390000000000,0.497713900000,0.5852756695216578,0.5852756695216578,0.5852756695216578,0E-17,ELIGIBLE,R03b_20260811_FULL_v1,L1_ELIGIBILITY,v2026-08-11,2026-03-21..2026-08-06,baccarat_bet02_101_all_pairs_incl_sentinel,round_win = game_pnl > 0 (decisive only),COMPATIBILITY_ONLY_NOT_PRODUCTION,4059548.3812,3680416.6879,6656.9809,9707,9692,-0.00163983,0.01249836,-0.00525961,-0.00163983,-6656.9809,4059548.3812,OK,0.0000,266.2792,4.0000,96.0000,AG03-UNRESOLVED,ALL5_LEVELS_bet23_to_bet27,266.2792,266.2792,266.2792,0.0000,0.0000,4.000000,4.000000,4.000000,0.000000,0.000000,96.000000,96.000000,96.000000,100.000000,100.000000,5.0,798.8377,767.3102,5858.1432,5889.6706,PENDING_AG03,FALSE,NOT_FOR_ENFORCEMENT,6390.7016,3533200.0204,6656.9809,6390.7016,266.2792,0.00163983,0.00157424,266.2792,6390.7016,0.00157424,266.2792,266.2792,266.2792,0.0000,0.0000,6390.7016,0.00157424,798.8377,767.3102,5858.1432,5889.6706,0.00144305,0.00145082,0.00006559,418.2083,379.7376,0.6869,61.6387,1.8384,37588.4109,89.7407,538.3845,395.5999,218.4789,430.6076,432.5446,432.5446,1046.441,1081.3617,427.0584,0.0,2.43015,2.511246,0.971205,30,216,96,2,0.20383968,0.00163983,-0.01249836,0E-8,0.000000,0.906607,0.000000,0.01775797,2026-03-22,2026-08-06,108,3621,2443,138,0.782609,1.360932,1.287360,0.679466,,,,,,,,GLOBAL_BASELINE_NO_ENTITY_RANKING,,,NOT_APPLICABLE_GLOBAL_BASELINE,HF9g-P5,,,,X 全窗基线 · 不参与实体赏罚,14197965,1420,A168_HF9F_20260827_0900,2026-08-27 09:00:00
2026-04-03,57024343,925,0,1292.6855542391,398.5780458903,398.5780458903,0.7500000,5,5,0.50665070000000000,0.506650700000,0.9734833216690844,0.9734833216690844,0.9734833216690844,0E-17,ELIGIBLE,R03b_20260811_FULL_v1,L1_ELIGIBILITY,v2026-08-11,2026-03-21..2026-08-06,baccarat_bet02_101_all_pairs_incl_sentinel,round_win = game_pnl > 0 (decisive only),COMPATIBILITY_ONLY_NOT_PRODUCTION,4059548.3812,3680416.6879,6656.9809,9707,9692,-0.00163983,0.01249836,-0.00525961,-0.00163983,-6656.9809,4059548.3812,OK,0.0000,266.2792,4.0000,96.0000,AG03-UNRESOLVED,ALL5_LEVELS_bet23_to_bet27,266.2792,266.2792,266.2792,0.0000,0.0000,4.000000,4.000000,4.000000,0.000000,0.000000,96.000000,96.000000,96.000000,100.000000,100.000000,5.0,798.8377,767.3102,5858.1432,5889.6706,PENDING_AG03,FALSE,NOT_FOR_ENFORCEMENT,6390.7016,3533200.0204,6656.9809,6390.7016,266.2792,0.00163983,0.00157424,266.2792,6390.7016,0.00157424,266.2792,266.2792,266.2792,0.0000,0.0000,6390.7016,0.00157424,798.8377,767.3102,5858.1432,5889.6706,0.00144305,0.00145082,0.00006559,418.2083,379.7376,0.6869,61.6387,1.8384,37588.4109,89.7407,538.3845,395.5999,218.4789,430.6076,432.5446,432.5446,1046.441,1081.3617,427.0584,0.0,2.43015,2.511246,0.971205,30,216,96,2,0.20383968,0.00163983,-0.01249836,0E-8,0.000000,0.906607,0.000000,0.01775797,2026-03-22,2026-08-06,108,3621,2443,138,0.782609,1.360932,1.287360,0.679466,,,,,,,,GLOBAL_BASELINE_NO_ENTITY_RANKING,,,NOT_APPLICABLE_GLOBAL_BASELINE,HF9g-P5,,,,X 全窗基线 · 不参与实体赏罚,14197966,1420,A168_HF9F_20260827_0900,2026-08-27 09:00:00
2026-04-03,57024343,986,0,3231.7138855977,-1960.5730905959,-1960.5730905959,0.2000000,12,12,0.50441650000000000,0.504416500000,-1.925374106800843,-1.925374106800843,-1.925374106800843,0E-17,ELIGIBLE,R03b_20260811_FULL_v1,L1_ELIGIBILITY,v2026-08-11,2026-03-21..2026-08-06,baccarat_bet02_101_all_pairs_incl_sentinel,round_win = game_pnl > 0 (decisive only),COMPATIBILITY_ONLY_NOT_PRODUCTION,4059548.3812,3680416.6879,6656.9809,9707,9692,-0.00163983,0.01249836,-0.00525961,-0.00163983,-6656.9809,4059548.3812,OK,0.0000,266.2792,4.0000,96.0000,AG03-UNRESOLVED,ALL5_LEVELS_bet23_to_bet27,266.2792,266.2792,266.2792,0.0000,0.0000,4.000000,4.000000,4.000000,0.000000,0.000000,96.000000,96.000000,96.000000,100.000000,100.000000,5.0,798.8377,767.3102,5858.1432,5889.6706,PENDING_AG03,FALSE,NOT_FOR_ENFORCEMENT,6390.7016,3533200.0204,6656.9809,6390.7016,266.2792,0.00163983,0.00157424,266.2792,6390.7016,0.00157424,266.2792,266.2792,266.2792,0.0000,0.0000,6390.7016,0.00157424,798.8377,767.3102,5858.1432,5889.6706,0.00144305,0.00145082,0.00006559,418.2083,379.7376,0.6869,61.6387,1.8384,37588.4109,89.7407,538.3845,395.5999,218.4789,430.6076,432.5446,432.5446,1046.441,1081.3617,427.0584,0.0,2.43015,2.511246,0.971205,30,216,96,2,0.20383968,0.00163983,-0.01249836,0E-8,0.000000,0.906607,0.000000,0.01775797,2026-03-22,2026-08-06,108,3621,2443,138,0.782609,1.360932,1.287360,0.679466,,,,,,,,GLOBAL_BASELINE_NO_ENTITY_RANKING,,,NOT_APPLICABLE_GLOBAL_BASELINE,HF9g-P5,,,,X 全窗基线 · 不参与实体赏罚,14197967,1420,A168_HF9F_20260827_0900,2026-08-27 09:00:00
2026-04-03,57024343,987,0,861.7903694926,-861.7903694926,-861.7903694926,0E-7,2,2,0.49994810000000000,0.499948100000,-1.4140667746232096,-1.4140667746232096,-1.4140667746232096,0E-17,ELIGIBLE,R03b_20260811_FULL_v1,L1_ELIGIBILITY,v2026-08-11,2026-03-21..2026-08-06,baccarat_bet02_101_all_pairs_incl_sentinel,round_win = game_pnl > 0 (decisive only),COMPATIBILITY_ONLY_NOT_PRODUCTION,4059548.3812,3680416.6879,6656.9809,9707,9692,-0.00163983,0.01249836,-0.00525961,-0.00163983,-6656.9809,4059548.3812,OK,0.0000,266.2792,4.0000,96.0000,AG03-UNRESOLVED,ALL5_LEVELS_bet23_to_bet27,266.2792,266.2792,266.2792,0.0000,0.0000,4.000000,4.000000,4.000000,0.000000,0.000000,96.000000,96.000000,96.000000,100.000000,100.000000,5.0,798.8377,767.3102,5858.1432,5889.6706,PENDING_AG03,FALSE,NOT_FOR_ENFORCEMENT,6390.7016,3533200.0204,6656.9809,6390.7016,266.2792,0.00163983,0.00157424,266.2792,6390.7016,0.00157424,266.2792,266.2792,266.2792,0.0000,0.0000,6390.7016,0.00157424,798.8377,767.3102,5858.1432,5889.6706,0.00144305,0.00145082,0.00006559,418.2083,379.7376,0.6869,61.6387,1.8384,37588.4109,89.7407,538.3845,395.5999,218.4789,430.6076,432.5446,432.5446,1046.441,1081.3617,427.0584,0.0,2.43015,2.511246,0.971205,30,216,96,2,0.20383968,0.00163983,-0.01249836,0E-8,0.000000,0.906607,0.000000,0.01775797,2026-03-22,2026-08-06,108,3621,2443,138,0.782609,1.360932,1.287360,0.679466,,,,,,,,GLOBAL_BASELINE_NO_ENTITY_RANKING,,,NOT_APPLICABLE_GLOBAL_BASELINE,HF9g-P5,,,,X 全窗基线 · 不参与实体赏罚,14197968,1420,A168_HF9F_20260827_0900,2026-08-27 09:00:00
2026-04-05,57024343,-1,1,7756.1133254334,-150.8133146611,-150.8133146611,0.5294118,17,17,0.50428507647058824,0.504285076471,0.20720758881380377,0.20720758881040963,0.20720758881380377,-4.1176E-13,SENTINEL_DEALER,R03b_20260811_FULL_v1,L1_ELIGIBILITY,v2026-08-11,2026-03-21..2026-08-06,baccarat_bet02_101_all_pairs_incl_sentinel,round_win = game_pnl > 0 (decisive only),COMPATIBILITY_ONLY_NOT_PRODUCTION,4059548.3812,3680416.6879,6656.9809,9707,9692,-0.00163983,0.01249836,-0.00525961,-0.00163983,-6656.9809,4059548.3812,OK,0.0000,266.2792,4.0000,96.0000,AG03-UNRESOLVED,ALL5_LEVELS_bet23_to_bet27,266.2792,266.2792,266.2792,0.0000,0.0000,4.000000,4.000000,4.000000,0.000000,0.000000,96.000000,96.000000,96.000000,100.000000,100.000000,5.0,798.8377,767.3102,5858.1432,5889.6706,PENDING_AG03,FALSE,NOT_FOR_ENFORCEMENT,6390.7016,3533200.0204,6656.9809,6390.7016,266.2792,0.00163983,0.00157424,266.2792,6390.7016,0.00157424,266.2792,266.2792,266.2792,0.0000,0.0000,6390.7016,0.00157424,798.8377,767.3102,5858.1432,5889.6706,0.00144305,0.00145082,0.00006559,418.2083,379.7376,0.6869,61.6387,1.8384,37588.4109,89.7407,538.3845,395.5999,218.4789,430.6076,432.5446,432.5446,1046.441,1081.3617,427.0584,0.0,2.43015,2.511246,0.971205,30,216,96,2,0.20383968,0.00163983,-0.01249836,0E-8,0.000000,0.906607,0.000000,0.01775797,2026-03-22,2026-08-06,108,3621,2443,138,0.782609,1.360932,1.287360,0.679466,,,,,,,,GLOBAL_BASELINE_NO_ENTITY_RANKING,,,NOT_APPLICABLE_GLOBAL_BASELINE,HF9g-P5,,,,X 全窗基线 · 不参与实体赏罚,14197969,1420,A168_HF9F_20260827_0900,2026-08-27 09:00:00
2026-04-05,57024343,1017,0,2585.3711084778,366.2609070344,366.2609070344,0.6000000,6,6,0.50665070000000000,0.506650700000,0.4175076967804994,0.4175076967804994,0.4175076967804994,0E-17,ELIGIBLE,R03b_20260811_FULL_v1,L1_ELIGIBILITY,v2026-08-11,2026-03-21..2026-08-06,baccarat_bet02_101_all_pairs_incl_sentinel,round_win = game_pnl > 0 (decisive only),COMPATIBILITY_ONLY_NOT_PRODUCTION,4059548.3812,3680416.6879,6656.9809,9707,9692,-0.00163983,0.01249836,-0.00525961,-0.00163983,-6656.9809,4059548.3812,OK,0.0000,266.2792,4.0000,96.0000,AG03-UNRESOLVED,ALL5_LEVELS_bet23_to_bet27,266.2792,266.2792,266.2792,0.0000,0.0000,4.000000,4.000000,4.000000,0.000000,0.000000,96.000000,96.000000,96.000000,100.000000,100.000000,5.0,798.8377,767.3102,5858.1432,5889.6706,PENDING_AG03,FALSE,NOT_FOR_ENFORCEMENT,6390.7016,3533200.0204,6656.9809,6390.7016,266.2792,0.00163983,0.00157424,266.2792,6390.7016,0.00157424,266.2792,266.2792,266.2792,0.0000,0.0000,6390.7016,0.00157424,798.8377,767.3102,5858.1432,5889.6706,0.00144305,0.00145082,0.00006559,418.2083,379.7376,0.6869,61.6387,1.8384,37588.4109,89.7407,538.3845,395.5999,218.4789,430.6076,432.5446,432.5446,1046.441,1081.3617,427.0584,0.0,2.43015,2.511246,0.971205,30,216,96,2,0.20383968,0.00163983,-0.01249836,0E-8,0.000000,0.906607,0.000000,0.01775797,2026-03-22,2026-08-06,108,3621,2443,138,0.782609,1.360932,1.287360,0.679466,,,,,,,,GLOBAL_BASELINE_NO_ENTITY_RANKING,,,NOT_APPLICABLE_GLOBAL_BASELINE,HF9g-P5,,,,X 全窗基线 · 不参与实体赏罚,14197970,1420,A168_HF9F_20260827_0900,2026-08-27 09:00:00
2026-04-05,57024343,1094,0,861.7903694926,-861.7903694926,-861.7903694926,0E-7,1,1,0.49324550000000000,0.493245500000,-0.9865810262130424,-0.9865810262130424,-0.9865810262130424,0E-17,ELIGIBLE,R03b_20260811_FULL_v1,L1_ELIGIBILITY,v2026-08-11,2026-03-21..2026-08-06,baccarat_bet02_101_all_pairs_incl_sentinel,round_win = game_pnl > 0 (decisive only),COMPATIBILITY_ONLY_NOT_PRODUCTION,4059548.3812,3680416.6879,6656.9809,9707,9692,-0.00163983,0.01249836,-0.00525961,-0.00163983,-6656.9809,4059548.3812,OK,0.0000,266.2792,4.0000,96.0000,AG03-UNRESOLVED,ALL5_LEVELS_bet23_to_bet27,266.2792,266.2792,266.2792,0.0000,0.0000,4.000000,4.000000,4.000000,0.000000,0.000000,96.000000,96.000000,96.000000,100.000000,100.000000,5.0,798.8377,767.3102,5858.1432,5889.6706,PENDING_AG03,FALSE,NOT_FOR_ENFORCEMENT,6390.7016,3533200.0204,6656.9809,6390.7016,266.2792,0.00163983,0.00157424,266.2792,6390.7016,0.00157424,266.2792,266.2792,266.2792,0.0000,0.0000,6390.7016,0.00157424,798.8377,767.3102,5858.1432,5889.6706,0.00144305,0.00145082,0.00006559,418.2083,379.7376,0.6869,61.6387,1.8384,37588.4109,89.7407,538.3845,395.5999,218.4789,430.6076,432.5446,432.5446,1046.441,1081.3617,427.0584,0.0,2.43015,2.511246,0.971205,30,216,96,2,0.20383968,0.00163983,-0.01249836,0E-8,0.000000,0.906607,0.000000,0.01775797,2026-03-22,2026-08-06,108,3621,2443,138,0.782609,1.360932,1.287360,0.679466,,,,,,,,GLOBAL_BASELINE_NO_ENTITY_RANKING,,,NOT_APPLICABLE_GLOBAL_BASELINE,HF9g-P5,,,,X 全窗基线 · 不参与实体赏罚,14197971,1420,A168_HF9F_20260827_0900,2026-08-27 09:00:00
2026-04-05,57024343,1157,0,430.8951847463,430.8951847463,430.8951847463,1.0000000,1,1,0.49324550000000000,0.493245500000,1.01360149184955,1.01360149184955,1.01360149184955,0E-17,ELIGIBLE,R03b_20260811_FULL_v1,L1_ELIGIBILITY,v2026-08-11,2026-03-21..2026-08-06,baccarat_bet02_101_all_pairs_incl_sentinel,round_win = game_pnl > 0 (decisive only),COMPATIBILITY_ONLY_NOT_PRODUCTION,4059548.3812,3680416.6879,6656.9809,9707,9692,-0.00163983,0.01249836,-0.00525961,-0.00163983,-6656.9809,4059548.3812,OK,0.0000,266.2792,4.0000,96.0000,AG03-UNRESOLVED,ALL5_LEVELS_bet23_to_bet27,266.2792,266.2792,266.2792,0.0000,0.0000,4.000000,4.000000,4.000000,0.000000,0.000000,96.000000,96.000000,96.000000,100.000000,100.000000,5.0,798.8377,767.3102,5858.1432,5889.6706,PENDING_AG03,FALSE,NOT_FOR_ENFORCEMENT,6390.7016,3533200.0204,6656.9809,6390.7016,266.2792,0.00163983,0.00157424,266.2792,6390.7016,0.00157424,266.2792,266.2792,266.2792,0.0000,0.0000,6390.7016,0.00157424,798.8377,767.3102,5858.1432,5889.6706,0.00144305,0.00145082,0.00006559,418.2083,379.7376,0.6869,61.6387,1.8384,37588.4109,89.7407,538.3845,395.5999,218.4789,430.6076,432.5446,432.5446,1046.441,1081.3617,427.0584,0.0,2.43015,2.511246,0.971205,30,216,96,2,0.20383968,0.00163983,-0.01249836,0E-8,0.000000,0.906607,0.000000,0.01775797,2026-03-22,2026-08-06,108,3621,2443,138,0.782609,1.360932,1.287360,0.679466,,,,,,,,GLOBAL_BASELINE_NO_ENTITY_RANKING,,,NOT_APPLICABLE_GLOBAL_BASELINE,HF9g-P5,,,,X 全窗基线 · 不参与实体赏罚,14197972,1420,A168_HF9F_20260827_0900,2026-08-27 09:00:00
2026-04-05,57024343,1221,0,1292.6855542389,387.8056662717,387.8056662717,0.5000000,2,2,0.50665070000000000,0.506650700000,-0.018812684590367487,-0.018812684590367487,-0.018812684590367487,0E-17,ELIGIBLE,R03b_20260811_FULL_v1,L1_ELIGIBILITY,v2026-08-11,2026-03-21..2026-08-06,baccarat_bet02_101_all_pairs_incl_sentinel,round_win = game_pnl > 0 (decisive only),COMPATIBILITY_ONLY_NOT_PRODUCTION,4059548.3812,3680416.6879,6656.9809,9707,9692,-0.00163983,0.01249836,-0.00525961,-0.00163983,-6656.9809,4059548.3812,OK,0.0000,266.2792,4.0000,96.0000,AG03-UNRESOLVED,ALL5_LEVELS_bet23_to_bet27,266.2792,266.2792,266.2792,0.0000,0.0000,4.000000,4.000000,4.000000,0.000000,0.000000,96.000000,96.000000,96.000000,100.000000,100.000000,5.0,798.8377,767.3102,5858.1432,5889.6706,PENDING_AG03,FALSE,NOT_FOR_ENFORCEMENT,6390.7016,3533200.0204,6656.9809,6390.7016,266.2792,0.00163983,0.00157424,266.2792,6390.7016,0.00157424,266.2792,266.2792,266.2792,0.0000,0.0000,6390.7016,0.00157424,798.8377,767.3102,5858.1432,5889.6706,0.00144305,0.00145082,0.00006559,418.2083,379.7376,0.6869,61.6387,1.8384,37588.4109,89.7407,538.3845,395.5999,218.4789,430.6076,432.5446,432.5446,1046.441,1081.3617,427.0584,0.0,2.43015,2.511246,0.971205,30,216,96,2,0.20383968,0.00163983,-0.01249836,0E-8,0.000000,0.906607,0.000000,0.01775797,2026-03-22,2026-08-06,108,3621,2443,138,0.782609,1.360932,1.287360,0.679466,,,,,,,,GLOBAL_BASELINE_NO_ENTITY_RANKING,,,NOT_APPLICABLE_GLOBAL_BASELINE,HF9g-P5,,,,X 全窗基线 · 不参与实体赏罚,14197973,1420,A168_HF9F_20260827_0900,2026-08-27 09:00:00
2026-04-05,57024343,1401,0,3016.2662932241,1206.5065172897,1206.5065172897,0.7142857,7,7,0.50473567142857143,0.504735671429,1.1088843393366314,1.1088843393343726,1.1088843393366314,-4.2857E-13,ELIGIBLE,R03b_20260811_FULL_v1,L1_ELIGIBILITY,v2026-08-11,2026-03-21..2026-08-06,baccarat_bet02_101_all_pairs_incl_sentinel,round_win = game_pnl > 0 (decisive only),COMPATIBILITY_ONLY_NOT_PRODUCTION,4059548.3812,3680416.6879,6656.9809,9707,9692,-0.00163983,0.01249836,-0.00525961,-0.00163983,-6656.9809,4059548.3812,OK,0.0000,266.2792,4.0000,96.0000,AG03-UNRESOLVED,ALL5_LEVELS_bet23_to_bet27,266.2792,266.2792,266.2792,0.0000,0.0000,4.000000,4.000000,4.000000,0.000000,0.000000,96.000000,96.000000,96.000000,100.000000,100.000000,5.0,798.8377,767.3102,5858.1432,5889.6706,PENDING_AG03,FALSE,NOT_FOR_ENFORCEMENT,6390.7016,3533200.0204,6656.9809,6390.7016,266.2792,0.00163983,0.00157424,266.2792,6390.7016,0.00157424,266.2792,266.2792,266.2792,0.0000,0.0000,6390.7016,0.00157424,798.8377,767.3102,5858.1432,5889.6706,0.00144305,0.00145082,0.00006559,418.2083,379.7376,0.6869,61.6387,1.8384,37588.4109,89.7407,538.3845,395.5999,218.4789,430.6076,432.5446,432.5446,1046.441,1081.3617,427.0584,0.0,2.43015,2.511246,0.971205,30,216,96,2,0.20383968,0.00163983,-0.01249836,0E-8,0.000000,0.906607,0.000000,0.01775797,2026-03-22,2026-08-06,108,3621,2443,138,0.782609,1.360932,1.287360,0.679466,,,,,,,,GLOBAL_BASELINE_NO_ENTITY_RANKING,,,NOT_APPLICABLE_GLOBAL_BASELINE,HF9g-P5,,,,X 全窗基线 · 不参与实体赏罚,14197974,1420,A168_HF9F_20260827_0900,2026-08-27 09:00:00
2026-04-05,57024343,1505,0,2585.3711084778,1292.6855542389,1292.6855542389,0.8000000,6,6,0.49324550000000000,0.493245500000,1.3719730223118614,1.3719730223118614,1.3719730223118614,0E-17,ELIGIBLE,R03b_20260811_FULL_v1,L1_ELIGIBILITY,v2026-08-11,2026-03-21..2026-08-06,baccarat_bet02_101_all_pairs_incl_sentinel,round_win = game_pnl > 0 (decisive only),COMPATIBILITY_ONLY_NOT_PRODUCTION,4059548.3812,3680416.6879,6656.9809,9707,9692,-0.00163983,0.01249836,-0.00525961,-0.00163983,-6656.9809,4059548.3812,OK,0.0000,266.2792,4.0000,96.0000,AG03-UNRESOLVED,ALL5_LEVELS_bet23_to_bet27,266.2792,266.2792,266.2792,0.0000,0.0000,4.000000,4.000000,4.000000,0.000000,0.000000,96.000000,96.000000,96.000000,100.000000,100.000000,5.0,798.8377,767.3102,5858.1432,5889.6706,PENDING_AG03,FALSE,NOT_FOR_ENFORCEMENT,6390.7016,3533200.0204,6656.9809,6390.7016,266.2792,0.00163983,0.00157424,266.2792,6390.7016,0.00157424,266.2792,266.2792,266.2792,0.0000,0.0000,6390.7016,0.00157424,798.8377,767.3102,5858.1432,5889.6706,0.00144305,0.00145082,0.00006559,418.2083,379.7376,0.6869,61.6387,1.8384,37588.4109,89.7407,538.3845,395.5999,218.4789,430.6076,432.5446,432.5446,1046.441,1081.3617,427.0584,0.0,2.43015,2.511246,0.971205,30,216,96,2,0.20383968,0.00163983,-0.01249836,0E-8,0.000000,0.906607,0.000000,0.01775797,2026-03-22,2026-08-06,108,3621,2443,138,0.782609,1.360932,1.287360,0.679466,,,,,,,,GLOBAL_BASELINE_NO_ENTITY_RANKING,,,NOT_APPLICABLE_GLOBAL_BASELINE,HF9g-P5,,,,X 全窗基线 · 不参与实体赏罚,14197975,1420,A168_HF9F_20260827_0900,2026-08-27 09:00:00
2026-04-05,57024343,1702,0,430.8951847463,-430.8951847463,-430.8951847463,0E-7,1,1,0.50665070000000000,0.506650700000,-1.013391052207602,-1.013391052207602,-1.013391052207602,0E-17,ELIGIBLE,R03b_20260811_FULL_v1,L1_ELIGIBILITY,v2026-08-11,2026-03-21..2026-08-06,baccarat_bet02_101_all_pairs_incl_sentinel,round_win = game_pnl > 0 (decisive only),COMPATIBILITY_ONLY_NOT_PRODUCTION,4059548.3812,3680416.6879,6656.9809,9707,9692,-0.00163983,0.01249836,-0.00525961,-0.00163983,-6656.9809,4059548.3812,OK,0.0000,266.2792,4.0000,96.0000,AG03-UNRESOLVED,ALL5_LEVELS_bet23_to_bet27,266.2792,266.2792,266.2792,0.0000,0.0000,4.000000,4.000000,4.000000,0.000000,0.000000,96.000000,96.000000,96.000000,100.000000,100.000000,5.0,798.8377,767.3102,5858.1432,5889.6706,PENDING_AG03,FALSE,NOT_FOR_ENFORCEMENT,6390.7016,3533200.0204,6656.9809,6390.7016,266.2792,0.00163983,0.00157424,266.2792,6390.7016,0.00157424,266.2792,266.2792,266.2792,0.0000,0.0000,6390.7016,0.00157424,798.8377,767.3102,5858.1432,5889.6706,0.00144305,0.00145082,0.00006559,418.2083,379.7376,0.6869,61.6387,1.8384,37588.4109,89.7407,538.3845,395.5999,218.4789,430.6076,432.5446,432.5446,1046.441,1081.3617,427.0584,0.0,2.43015,2.511246,0.971205,30,216,96,2,0.20383968,0.00163983,-0.01249836,0E-8,0.000000,0.906607,0.000000,0.01775797,2026-03-22,2026-08-06,108,3621,2443,138,0.782609,1.360932,1.287360,0.679466,,,,,,,,GLOBAL_BASELINE_NO_ENTITY_RANKING,,,NOT_APPLICABLE_GLOBAL_BASELINE,HF9g-P5,,,,X 全窗基线 · 不参与实体赏罚,14197976,1420,A168_HF9F_20260827_0900,2026-08-27 09:00:00
2026-04-05,57024343,1935,0,430.8951847463,-430.8951847463,-430.8951847463,0E-7,1,1,0.49324550000000000,0.493245500000,-0.9865810262130424,-0.9865810262130424,-0.9865810262130424,0E-17,ELIGIBLE,R03b_20260811_FULL_v1,L1_ELIGIBILITY,v2026-08-11,2026-03-21..2026-08-06,baccarat_bet02_101_all_pairs_incl_sentinel,round_win = game_pnl > 0 (decisive only),COMPATIBILITY_ONLY_NOT_PRODUCTION,4059548.3812,3680416.6879,6656.9809,9707,9692,-0.00163983,0.01249836,-0.00525961,-0.00163983,-6656.9809,4059548.3812,OK,0.0000,266.2792,4.0000,96.0000,AG03-UNRESOLVED,ALL5_LEVELS_bet23_to_bet27,266.2792,266.2792,266.2792,0.0000,0.0000,4.000000,4.000000,4.000000,0.000000,0.000000,96.000000,96.000000,96.000000,100.000000,100.000000,5.0,798.8377,767.3102,5858.1432,5889.6706,PENDING_AG03,FALSE,NOT_FOR_ENFORCEMENT,6390.7016,3533200.0204,6656.9809,6390.7016,266.2792,0.00163983,0.00157424,266.2792,6390.7016,0.00157424,266.2792,266.2792,266.2792,0.0000,0.0000,6390.7016,0.00157424,798.8377,767.3102,5858.1432,5889.6706,0.00144305,0.00145082,0.00006559,418.2083,379.7376,0.6869,61.6387,1.8384,37588.4109,89.7407,538.3845,395.5999,218.4789,430.6076,432.5446,432.5446,1046.441,1081.3617,427.0584,0.0,2.43015,2.511246,0.971205,30,216,96,2,0.20383968,0.00163983,-0.01249836,0E-8,0.000000,0.906607,0.000000,0.01775797,2026-03-22,2026-08-06,108,3621,2443,138,0.782609,1.360932,1.287360,0.679466,,,,,,,,GLOBAL_BASELINE_NO_ENTITY_RANKING,,,NOT_APPLICABLE_GLOBAL_BASELINE,HF9g-P5,,,,X 全窗基线 · 不参与实体赏罚,14197977,1420,A168_HF9F_20260827_0900,2026-08-27 09:00:00
2026-04-05,57024343,1940,0,1723.5807389852,-43.0895184746,-43.0895184746,0.5000000,4,4,0.50665070000000000,0.506650700000,-0.02660515369234503,-0.02660515369234503,-0.02660515369234503,0E-17,ELIGIBLE,R03b_20260811_FULL_v1,L1_ELIGIBILITY,v2026-08-11,2026-03-21..2026-08-06,baccarat_bet02_101_all_pairs_incl_sentinel,round_win = game_pnl > 0 (decisive only),COMPATIBILITY_ONLY_NOT_PRODUCTION,4059548.3812,3680416.6879,6656.9809,9707,9692,-0.00163983,0.01249836,-0.00525961,-0.00163983,-6656.9809,4059548.3812,OK,0.0000,266.2792,4.0000,96.0000,AG03-UNRESOLVED,ALL5_LEVELS_bet23_to_bet27,266.2792,266.2792,266.2792,0.0000,0.0000,4.000000,4.000000,4.000000,0.000000,0.000000,96.000000,96.000000,96.000000,100.000000,100.000000,5.0,798.8377,767.3102,5858.1432,5889.6706,PENDING_AG03,FALSE,NOT_FOR_ENFORCEMENT,6390.7016,3533200.0204,6656.9809,6390.7016,266.2792,0.00163983,0.00157424,266.2792,6390.7016,0.00157424,266.2792,266.2792,266.2792,0.0000,0.0000,6390.7016,0.00157424,798.8377,767.3102,5858.1432,5889.6706,0.00144305,0.00145082,0.00006559,418.2083,379.7376,0.6869,61.6387,1.8384,37588.4109,89.7407,538.3845,395.5999,218.4789,430.6076,432.5446,432.5446,1046.441,1081.3617,427.0584,0.0,2.43015,2.511246,0.971205,30,216,96,2,0.20383968,0.00163983,-0.01249836,0E-8,0.000000,0.906607,0.000000,0.01775797,2026-03-22,2026-08-06,108,3621,2443,138,0.782609,1.360932,1.287360,0.679466,,,,,,,,GLOBAL_BASELINE_NO_ENTITY_RANKING,,,NOT_APPLICABLE_GLOBAL_BASELINE,HF9g-P5,,,,X 全窗基线 · 不参与实体赏罚,14197978,1420,A168_HF9F_20260827_0900,2026-08-27 09:00:00
2026-04-05,57024343,1963,0,430.8951847463,-430.8951847463,-430.8951847463,0E-7,1,1,0.50665070000000000,0.506650700000,-1.013391052207602,-1.013391052207602,-1.013391052207602,0E-17,ELIGIBLE,R03b_20260811_FULL_v1,L1_ELIGIBILITY,v2026-08-11,2026-03-21..2026-08-06,baccarat_bet02_101_all_pairs_incl_sentinel,round_win = game_pnl > 0 (decisive only),COMPATIBILITY_ONLY_NOT_PRODUCTION,4059548.3812,3680416.6879,6656.9809,9707,9692,-0.00163983,0.01249836,-0.00525961,-0.00163983,-6656.9809,4059548.3812,OK,0.0000,266.2792,4.0000,96.0000,AG03-UNRESOLVED,ALL5_LEVELS_bet23_to_bet27,266.2792,266.2792,266.2792,0.0000,0.0000,4.000000,4.000000,4.000000,0.000000,0.000000,96.000000,96.000000,96.000000,100.000000,100.000000,5.0,798.8377,767.3102,5858.1432,5889.6706,PENDING_AG03,FALSE,NOT_FOR_ENFORCEMENT,6390.7016,3533200.0204,6656.9809,6390.7016,266.2792,0.00163983,0.00157424,266.2792,6390.7016,0.00157424,266.2792,266.2792,266.2792,0.0000,0.0000,6390.7016,0.00157424,798.8377,767.3102,5858.1432,5889.6706,0.00144305,0.00145082,0.00006559,418.2083,379.7376,0.6869,61.6387,1.8384,37588.4109,89.7407,538.3845,395.5999,218.4789,430.6076,432.5446,432.5446,1046.441,1081.3617,427.0584,0.0,2.43015,2.511246,0.971205,30,216,96,2,0.20383968,0.00163983,-0.01249836,0E-8,0.000000,0.906607,0.000000,0.01775797,2026-03-22,2026-08-06,108,3621,2443,138,0.782609,1.360932,1.287360,0.679466,,,,,,,,GLOBAL_BASELINE_NO_ENTITY_RANKING,,,NOT_APPLICABLE_GLOBAL_BASELINE,HF9g-P5,,,,X 全窗基线 · 不参与实体赏罚,14197979,1420,A168_HF9F_20260827_0900,2026-08-27 09:00:00
2026-04-05,57024343,1966,0,1723.5807389852,861.7903694926,861.7903694926,0.7500000,4,4,0.49659680000000000,0.496596800000,1.0136362796769356,1.0136362796769358,1.0136362796769356,0E-17,ELIGIBLE,R03b_20260811_FULL_v1,L1_ELIGIBILITY,v2026-08-11,2026-03-21..2026-08-06,baccarat_bet02_101_all_pairs_incl_sentinel,round_win = game_pnl > 0 (decisive only),COMPATIBILITY_ONLY_NOT_PRODUCTION,4059548.3812,3680416.6879,6656.9809,9707,9692,-0.00163983,0.01249836,-0.00525961,-0.00163983,-6656.9809,4059548.3812,OK,0.0000,266.2792,4.0000,96.0000,AG03-UNRESOLVED,ALL5_LEVELS_bet23_to_bet27,266.2792,266.2792,266.2792,0.0000,0.0000,4.000000,4.000000,4.000000,0.000000,0.000000,96.000000,96.000000,96.000000,100.000000,100.000000,5.0,798.8377,767.3102,5858.1432,5889.6706,PENDING_AG03,FALSE,NOT_FOR_ENFORCEMENT,6390.7016,3533200.0204,6656.9809,6390.7016,266.2792,0.00163983,0.00157424,266.2792,6390.7016,0.00157424,266.2792,266.2792,266.2792,0.0000,0.0000,6390.7016,0.00157424,798.8377,767.3102,5858.1432,5889.6706,0.00144305,0.00145082,0.00006559,418.2083,379.7376,0.6869,61.6387,1.8384,37588.4109,89.7407,538.3845,395.5999,218.4789,430.6076,432.5446,432.5446,1046.441,1081.3617,427.0584,0.0,2.43015,2.511246,0.971205,30,216,96,2,0.20383968,0.00163983,-0.01249836,0E-8,0.000000,0.906607,0.000000,0.01775797,2026-03-22,2026-08-06,108,3621,2443,138,0.782609,1.360932,1.287360,0.679466,,,,,,,,GLOBAL_BASELINE_NO_ENTITY_RANKING,,,NOT_APPLICABLE_GLOBAL_BASELINE,HF9g-P5,,,,X 全窗基线 · 不参与实体赏罚,14197980,1420,A168_HF9F_20260827_0900,2026-08-27 09:00:00
2026-04-05,57024343,2089,0,430.8951847463,-430.8951847463,-430.8951847463,0E-7,1,1,0.50665070000000000,0.506650700000,-1.013391052207602,-1.013391052207602,-1.013391052207602,0E-17,ELIGIBLE,R03b_20260811_FULL_v1,L1_ELIGIBILITY,v2026-08-11,2026-03-21..2026-08-06,baccarat_bet02_101_all_pairs_incl_sentinel,round_win = game_pnl > 0 (decisive only),COMPATIBILITY_ONLY_NOT_PRODUCTION,4059548.3812,3680416.6879,6656.9809,9707,9692,-0.00163983,0.01249836,-0.00525961,-0.00163983,-6656.9809,4059548.3812,OK,0.0000,266.2792,4.0000,96.0000,AG03-UNRESOLVED,ALL5_LEVELS_bet23_to_bet27,266.2792,266.2792,266.2792,0.0000,0.0000,4.000000,4.000000,4.000000,0.000000,0.000000,96.000000,96.000000,96.000000,100.000000,100.000000,5.0,798.8377,767.3102,5858.1432,5889.6706,PENDING_AG03,FALSE,NOT_FOR_ENFORCEMENT,6390.7016,3533200.0204,6656.9809,6390.7016,266.2792,0.00163983,0.00157424,266.2792,6390.7016,0.00157424,266.2792,266.2792,266.2792,0.0000,0.0000,6390.7016,0.00157424,798.8377,767.3102,5858.1432,5889.6706,0.00144305,0.00145082,0.00006559,418.2083,379.7376,0.6869,61.6387,1.8384,37588.4109,89.7407,538.3845,395.5999,218.4789,430.6076,432.5446,432.5446,1046.441,1081.3617,427.0584,0.0,2.43015,2.511246,0.971205,30,216,96,2,0.20383968,0.00163983,-0.01249836,0E-8,0.000000,0.906607,0.000000,0.01775797,2026-03-22,2026-08-06,108,3621,2443,138,0.782609,1.360932,1.287360,0.679466,,,,,,,,GLOBAL_BASELINE_NO_ENTITY_RANKING,,,NOT_APPLICABLE_GLOBAL_BASELINE,HF9g-P5,,,,X 全窗基线 · 不参与实体赏罚,14197981,1420,A168_HF9F_20260827_0900,2026-08-27 09:00:00
2026-04-05,57024343,2115,0,1292.6855542389,387.8056662717,387.8056662717,0.6666667,3,3,0.50665070000000000,0.506650700000,0.5543606114942035,0.5543606114942035,0.5543606114942035,0E-17,ELIGIBLE,R03b_20260811_FULL_v1,L1_ELIGIBILITY,v2026-08-11,2026-03-21..2026-08-06,baccarat_bet02_101_all_pairs_incl_sentinel,round_win = game_pnl > 0 (decisive only),COMPATIBILITY_ONLY_NOT_PRODUCTION,4059548.3812,3680416.6879,6656.9809,9707,9692,-0.00163983,0.01249836,-0.00525961,-0.00163983,-6656.9809,4059548.3812,OK,0.0000,266.2792,4.0000,96.0000,AG03-UNRESOLVED,ALL5_LEVELS_bet23_to_bet27,266.2792,266.2792,266.2792,0.0000,0.0000,4.000000,4.000000,4.000000,0.000000,0.000000,96.000000,96.000000,96.000000,100.000000,100.000000,5.0,798.8377,767.3102,5858.1432,5889.6706,PENDING_AG03,FALSE,NOT_FOR_ENFORCEMENT,6390.7016,3533200.0204,6656.9809,6390.7016,266.2792,0.00163983,0.00157424,266.2792,6390.7016,0.00157424,266.2792,266.2792,266.2792,0.0000,0.0000,6390.7016,0.00157424,798.8377,767.3102,5858.1432,5889.6706,0.00144305,0.00145082,0.00006559,418.2083,379.7376,0.6869,61.6387,1.8384,37588.4109,89.7407,538.3845,395.5999,218.4789,430.6076,432.5446,432.5446,1046.441,1081.3617,427.0584,0.0,2.43015,2.511246,0.971205,30,216,96,2,0.20383968,0.00163983,-0.01249836,0E-8,0.000000,0.906607,0.000000,0.01775797,2026-03-22,2026-08-06,108,3621,2443,138,0.782609,1.360932,1.287360,0.679466,,,,,,,,GLOBAL_BASELINE_NO_ENTITY_RANKING,,,NOT_APPLICABLE_GLOBAL_BASELINE,HF9g-P5,,,,X 全窗基线 · 不参与实体赏罚,14197982,1420,A168_HF9F_20260827_0900,2026-08-27 09:00:00
2026-04-05,57024343,2121,0,1292.6855542389,-452.4399439836,-452.4399439836,0.3333333,3,3,0.50665070000000000,0.506650700000,-0.6004420894325239,-0.6004420894325239,-0.6004420894325239,0E-17,ELIGIBLE,R03b_20260811_FULL_v1,L1_ELIGIBILITY,v2026-08-11,2026-03-21..2026-08-06,baccarat_bet02_101_all_pairs_incl_sentinel,round_win = game_pnl > 0 (decisive only),COMPATIBILITY_ONLY_NOT_PRODUCTION,4059548.3812,3680416.6879,6656.9809,9707,9692,-0.00163983,0.01249836,-0.00525961,-0.00163983,-6656.9809,4059548.3812,OK,0.0000,266.2792,4.0000,96.0000,AG03-UNRESOLVED,ALL5_LEVELS_bet23_to_bet27,266.2792,266.2792,266.2792,0.0000,0.0000,4.000000,4.000000,4.000000,0.000000,0.000000,96.000000,96.000000,96.000000,100.000000,100.000000,5.0,798.8377,767.3102,5858.1432,5889.6706,PENDING_AG03,FALSE,NOT_FOR_ENFORCEMENT,6390.7016,3533200.0204,6656.9809,6390.7016,266.2792,0.00163983,0.00157424,266.2792,6390.7016,0.00157424,266.2792,266.2792,266.2792,0.0000,0.0000,6390.7016,0.00157424,798.8377,767.3102,5858.1432,5889.6706,0.00144305,0.00145082,0.00006559,418.2083,379.7376,0.6869,61.6387,1.8384,37588.4109,89.7407,538.3845,395.5999,218.4789,430.6076,432.5446,432.5446,1046.441,1081.3617,427.0584,0.0,2.43015,2.511246,0.971205,30,216,96,2,0.20383968,0.00163983,-0.01249836,0E-8,0.000000,0.906607,0.000000,0.01775797,2026-03-22,2026-08-06,108,3621,2443,138,0.782609,1.360932,1.287360,0.679466,,,,,,,,GLOBAL_BASELINE_NO_ENTITY_RANKING,,,NOT_APPLICABLE_GLOBAL_BASELINE,HF9g-P5,,,,X 全窗基线 · 不参与实体赏罚,14197983,1420,A168_HF9F_20260827_0900,2026-08-27 09:00:00
2026-04-05,57024343,2123,0,2585.3711084778,-1292.6855542389,-1292.6855542389,0.2500000,5,5,0.50128862000000000,0.501288620000,-1.0051578182180947,-1.0051578182180947,-1.0051578182180947,0E-17,ELIGIBLE,R03b_20260811_FULL_v1,L1_ELIGIBILITY,v2026-08-11,2026-03-21..2026-08-06,baccarat_bet02_101_all_pairs_incl_sentinel,round_win = game_pnl > 0 (decisive only),COMPATIBILITY_ONLY_NOT_PRODUCTION,4059548.3812,3680416.6879,6656.9809,9707,9692,-0.00163983,0.01249836,-0.00525961,-0.00163983,-6656.9809,4059548.3812,OK,0.0000,266.2792,4.0000,96.0000,AG03-UNRESOLVED,ALL5_LEVELS_bet23_to_bet27,266.2792,266.2792,266.2792,0.0000,0.0000,4.000000,4.000000,4.000000,0.000000,0.000000,96.000000,96.000000,96.000000,100.000000,100.000000,5.0,798.8377,767.3102,5858.1432,5889.6706,PENDING_AG03,FALSE,NOT_FOR_ENFORCEMENT,6390.7016,3533200.0204,6656.9809,6390.7016,266.2792,0.00163983,0.00157424,266.2792,6390.7016,0.00157424,266.2792,266.2792,266.2792,0.0000,0.0000,6390.7016,0.00157424,798.8377,767.3102,5858.1432,5889.6706,0.00144305,0.00145082,0.00006559,418.2083,379.7376,0.6869,61.6387,1.8384,37588.4109,89.7407,538.3845,395.5999,218.4789,430.6076,432.5446,432.5446,1046.441,1081.3617,427.0584,0.0,2.43015,2.511246,0.971205,30,216,96,2,0.20383968,0.00163983,-0.01249836,0E-8,0.000000,0.906607,0.000000,0.01775797,2026-03-22,2026-08-06,108,3621,2443,138,0.782609,1.360932,1.287360,0.679466,,,,,,,,GLOBAL_BASELINE_NO_ENTITY_RANKING,,,NOT_APPLICABLE_GLOBAL_BASELINE,HF9g-P5,,,,X 全窗基线 · 不参与实体赏罚,14197984,1420,A168_HF9F_20260827_0900,2026-08-27 09:00:00
2026-04-05,57024343,2129,0,1292.6855542389,1228.0512765270,1228.0512765270,1.0000000,3,3,0.50665070000000000,0.506650700000,1.7091633124209307,1.7091633124209307,1.7091633124209307,0E-17,ELIGIBLE,R03b_20260811_FULL_v1,L1_ELIGIBILITY,v2026-08-11,2026-03-21..2026-08-06,baccarat_bet02_101_all_pairs_incl_sentinel,round_win = game_pnl > 0 (decisive only),COMPATIBILITY_ONLY_NOT_PRODUCTION,4059548.3812,3680416.6879,6656.9809,9707,9692,-0.00163983,0.01249836,-0.00525961,-0.00163983,-6656.9809,4059548.3812,OK,0.0000,266.2792,4.0000,96.0000,AG03-UNRESOLVED,ALL5_LEVELS_bet23_to_bet27,266.2792,266.2792,266.2792,0.0000,0.0000,4.000000,4.000000,4.000000,0.000000,0.000000,96.000000,96.000000,96.000000,100.000000,100.000000,5.0,798.8377,767.3102,5858.1432,5889.6706,PENDING_AG03,FALSE,NOT_FOR_ENFORCEMENT,6390.7016,3533200.0204,6656.9809,6390.7016,266.2792,0.00163983,0.00157424,266.2792,6390.7016,0.00157424,266.2792,266.2792,266.2792,0.0000,0.0000,6390.7016,0.00157424,798.8377,767.3102,5858.1432,5889.6706,0.00144305,0.00145082,0.00006559,418.2083,379.7376,0.6869,61.6387,1.8384,37588.4109,89.7407,538.3845,395.5999,218.4789,430.6076,432.5446,432.5446,1046.441,1081.3617,427.0584,0.0,2.43015,2.511246,0.971205,30,216,96,2,0.20383968,0.00163983,-0.01249836,0E-8,0.000000,0.906607,0.000000,0.01775797,2026-03-22,2026-08-06,108,3621,2443,138,0.782609,1.360932,1.287360,0.679466,,,,,,,,GLOBAL_BASELINE_NO_ENTITY_RANKING,,,NOT_APPLICABLE_GLOBAL_BASELINE,HF9g-P5,,,,X 全窗基线 · 不参与实体赏罚,14197985,1420,A168_HF9F_20260827_0900,2026-08-27 09:00:00
2026-04-05,57024343,2153,0,430.8951847463,-430.8951847463,-430.8951847463,0E-7,1,1,0.49324550000000000,0.493245500000,-0.9865810262130424,-0.9865810262130424,-0.9865810262130424,0E-17,ELIGIBLE,R03b_20260811_FULL_v1,L1_ELIGIBILITY,v2026-08-11,2026-03-21..2026-08-06,baccarat_bet02_101_all_pairs_incl_sentinel,round_win = game_pnl > 0 (decisive only),COMPATIBILITY_ONLY_NOT_PRODUCTION,4059548.3812,3680416.6879,6656.9809,9707,9692,-0.00163983,0.01249836,-0.00525961,-0.00163983,-6656.9809,4059548.3812,OK,0.0000,266.2792,4.0000,96.0000,AG03-UNRESOLVED,ALL5_LEVELS_bet23_to_bet27,266.2792,266.2792,266.2792,0.0000,0.0000,4.000000,4.000000,4.000000,0.000000,0.000000,96.000000,96.000000,96.000000,100.000000,100.000000,5.0,798.8377,767.3102,5858.1432,5889.6706,PENDING_AG03,FALSE,NOT_FOR_ENFORCEMENT,6390.7016,3533200.0204,6656.9809,6390.7016,266.2792,0.00163983,0.00157424,266.2792,6390.7016,0.00157424,266.2792,266.2792,266.2792,0.0000,0.0000,6390.7016,0.00157424,798.8377,767.3102,5858.1432,5889.6706,0.00144305,0.00145082,0.00006559,418.2083,379.7376,0.6869,61.6387,1.8384,37588.4109,89.7407,538.3845,395.5999,218.4789,430.6076,432.5446,432.5446,1046.441,1081.3617,427.0584,0.0,2.43015,2.511246,0.971205,30,216,96,2,0.20383968,0.00163983,-0.01249836,0E-8,0.000000,0.906607,0.000000,0.01775797,2026-03-22,2026-08-06,108,3621,2443,138,0.782609,1.360932,1.287360,0.679466,,,,,,,,GLOBAL_BASELINE_NO_ENTITY_RANKING,,,NOT_APPLICABLE_GLOBAL_BASELINE,HF9g-P5,,,,X 全窗基线 · 不参与实体赏罚,14197986,1420,A168_HF9F_20260827_0900,2026-08-27 09:00:00
2026-04-05,57024343,2155,0,430.8951847464,409.3504255090,409.3504255090,1.0000000,2,2,0.50665070000000000,0.506650700000,1.3955260008387969,1.3955260008387969,1.3955260008387969,0E-17,ELIGIBLE,R03b_20260811_FULL_v1,L1_ELIGIBILITY,v2026-08-11,2026-03-21..2026-08-06,baccarat_bet02_101_all_pairs_incl_sentinel,round_win = game_pnl > 0 (decisive only),COMPATIBILITY_ONLY_NOT_PRODUCTION,4059548.3812,3680416.6879,6656.9809,9707,9692,-0.00163983,0.01249836,-0.00525961,-0.00163983,-6656.9809,4059548.3812,OK,0.0000,266.2792,4.0000,96.0000,AG03-UNRESOLVED,ALL5_LEVELS_bet23_to_bet27,266.2792,266.2792,266.2792,0.0000,0.0000,4.000000,4.000000,4.000000,0.000000,0.000000,96.000000,96.000000,96.000000,100.000000,100.000000,5.0,798.8377,767.3102,5858.1432,5889.6706,PENDING_AG03,FALSE,NOT_FOR_ENFORCEMENT,6390.7016,3533200.0204,6656.9809,6390.7016,266.2792,0.00163983,0.00157424,266.2792,6390.7016,0.00157424,266.2792,266.2792,266.2792,0.0000,0.0000,6390.7016,0.00157424,798.8377,767.3102,5858.1432,5889.6706,0.00144305,0.00145082,0.00006559,418.2083,379.7376,0.6869,61.6387,1.8384,37588.4109,89.7407,538.3845,395.5999,218.4789,430.6076,432.5446,432.5446,1046.441,1081.3617,427.0584,0.0,2.43015,2.511246,0.971205,30,216,96,2,0.20383968,0.00163983,-0.01249836,0E-8,0.000000,0.906607,0.000000,0.01775797,2026-03-22,2026-08-06,108,3621,2443,138,0.782609,1.360932,1.287360,0.679466,,,,,,,,GLOBAL_BASELINE_NO_ENTITY_RANKING,,,NOT_APPLICABLE_GLOBAL_BASELINE,HF9g-P5,,,,X 全窗基线 · 不参与实体赏罚,14197987,1420,A168_HF9F_20260827_0900,2026-08-27 09:00:00
2026-04-05,57024343,2160,0,861.7903694926,-861.7903694926,-861.7903694926,0E-7,1,1,0.50665070000000000,0.506650700000,-1.013391052207602,-1.013391052207602,-1.013391052207602,0E-17,ELIGIBLE,R03b_20260811_FULL_v1,L1_ELIGIBILITY,v2026-08-11,2026-03-21..2026-08-06,baccarat_bet02_101_all_pairs_incl_sentinel,round_win = game_pnl > 0 (decisive only),COMPATIBILITY_ONLY_NOT_PRODUCTION,4059548.3812,3680416.6879,6656.9809,9707,9692,-0.00163983,0.01249836,-0.00525961,-0.00163983,-6656.9809,4059548.3812,OK,0.0000,266.2792,4.0000,96.0000,AG03-UNRESOLVED,ALL5_LEVELS_bet23_to_bet27,266.2792,266.2792,266.2792,0.0000,0.0000,4.000000,4.000000,4.000000,0.000000,0.000000,96.000000,96.000000,96.000000,100.000000,100.000000,5.0,798.8377,767.3102,5858.1432,5889.6706,PENDING_AG03,FALSE,NOT_FOR_ENFORCEMENT,6390.7016,3533200.0204,6656.9809,6390.7016,266.2792,0.00163983,0.00157424,266.2792,6390.7016,0.00157424,266.2792,266.2792,266.2792,0.0000,0.0000,6390.7016,0.00157424,798.8377,767.3102,5858.1432,5889.6706,0.00144305,0.00145082,0.00006559,418.2083,379.7376,0.6869,61.6387,1.8384,37588.4109,89.7407,538.3845,395.5999,218.4789,430.6076,432.5446,432.5446,1046.441,1081.3617,427.0584,0.0,2.43015,2.511246,0.971205,30,216,96,2,0.20383968,0.00163983,-0.01249836,0E-8,0.000000,0.906607,0.000000,0.01775797,2026-03-22,2026-08-06,108,3621,2443,138,0.782609,1.360932,1.287360,0.679466,,,,,,,,GLOBAL_BASELINE_NO_ENTITY_RANKING,,,NOT_APPLICABLE_GLOBAL_BASELINE,HF9g-P5,,,,X 全窗基线 · 不参与实体赏罚,14197988,1420,A168_HF9F_20260827_0900,2026-08-27 09:00:00
2026-04-05,57024343,2162,0,861.7903694926,0E-10,0E-10,0.5000000,2,2,0.49994810000000000,0.499948100000,0.00014679536856514622,0.00014679536856514622,0.00014679536856514622,0E-17,ELIGIBLE,R03b_20260811_FULL_v1,L1_ELIGIBILITY,v2026-08-11,2026-03-21..2026-08-06,baccarat_bet02_101_all_pairs_incl_sentinel,round_win = game_pnl > 0 (decisive only),COMPATIBILITY_ONLY_NOT_PRODUCTION,4059548.3812,3680416.6879,6656.9809,9707,9692,-0.00163983,0.01249836,-0.00525961,-0.00163983,-6656.9809,4059548.3812,OK,0.0000,266.2792,4.0000,96.0000,AG03-UNRESOLVED,ALL5_LEVELS_bet23_to_bet27,266.2792,266.2792,266.2792,0.0000,0.0000,4.000000,4.000000,4.000000,0.000000,0.000000,96.000000,96.000000,96.000000,100.000000,100.000000,5.0,798.8377,767.3102,5858.1432,5889.6706,PENDING_AG03,FALSE,NOT_FOR_ENFORCEMENT,6390.7016,3533200.0204,6656.9809,6390.7016,266.2792,0.00163983,0.00157424,266.2792,6390.7016,0.00157424,266.2792,266.2792,266.2792,0.0000,0.0000,6390.7016,0.00157424,798.8377,767.3102,5858.1432,5889.6706,0.00144305,0.00145082,0.00006559,418.2083,379.7376,0.6869,61.6387,1.8384,37588.4109,89.7407,538.3845,395.5999,218.4789,430.6076,432.5446,432.5446,1046.441,1081.3617,427.0584,0.0,2.43015,2.511246,0.971205,30,216,96,2,0.20383968,0.00163983,-0.01249836,0E-8,0.000000,0.906607,0.000000,0.01775797,2026-03-22,2026-08-06,108,3621,2443,138,0.782609,1.360932,1.287360,0.679466,,,,,,,,GLOBAL_BASELINE_NO_ENTITY_RANKING,,,NOT_APPLICABLE_GLOBAL_BASELINE,HF9g-P5,,,,X 全窗基线 · 不参与实体赏罚,14197989,1420,A168_HF9F_20260827_0900,2026-08-27 09:00:00
2026-04-05,57024343,2169,0,2154.4759237315,387.8056662717,387.8056662717,0.6666667,4,4,0.50329940000000000,0.503299400000,0.5659331339966515,0.5659331339966515,0.5659331339966515,0E-17,ELIGIBLE,R03b_20260811_FULL_v1,L1_ELIGIBILITY,v2026-08-11,2026-03-21..2026-08-06,baccarat_bet02_101_all_pairs_incl_sentinel,round_win = game_pnl > 0 (decisive only),COMPATIBILITY_ONLY_NOT_PRODUCTION,4059548.3812,3680416.6879,6656.9809,9707,9692,-0.00163983,0.01249836,-0.00525961,-0.00163983,-6656.9809,4059548.3812,OK,0.0000,266.2792,4.0000,96.0000,AG03-UNRESOLVED,ALL5_LEVELS_bet23_to_bet27,266.2792,266.2792,266.2792,0.0000,0.0000,4.000000,4.000000,4.000000,0.000000,0.000000,96.000000,96.000000,96.000000,100.000000,100.000000,5.0,798.8377,767.3102,5858.1432,5889.6706,PENDING_AG03,FALSE,NOT_FOR_ENFORCEMENT,6390.7016,3533200.0204,6656.9809,6390.7016,266.2792,0.00163983,0.00157424,266.2792,6390.7016,0.00157424,266.2792,266.2792,266.2792,0.0000,0.0000,6390.7016,0.00157424,798.8377,767.3102,5858.1432,5889.6706,0.00144305,0.00145082,0.00006559,418.2083,379.7376,0.6869,61.6387,1.8384,37588.4109,89.7407,538.3845,395.5999,218.4789,430.6076,432.5446,432.5446,1046.441,1081.3617,427.0584,0.0,2.43015,2.511246,0.971205,30,216,96,2,0.20383968,0.00163983,-0.01249836,0E-8,0.000000,0.906607,0.000000,0.01775797,2026-03-22,2026-08-06,108,3621,2443,138,0.782609,1.360932,1.287360,0.679466,,,,,,,,GLOBAL_BASELINE_NO_ENTITY_RANKING,,,NOT_APPLICABLE_GLOBAL_BASELINE,HF9g-P5,,,,X 全窗基线 · 不参与实体赏罚,14197990,1420,A168_HF9F_20260827_0900,2026-08-27 09:00:00
2026-04-05,57024343,2188,0,1723.5807389852,-861.7903694926,-861.7903694926,0.2500000,4,4,0.49994810000000000,0.499948100000,-0.9997924053861017,-0.9997924053861017,-0.9997924053861017,0E-17,ELIGIBLE,R03b_20260811_FULL_v1,L1_ELIGIBILITY,v2026-08-11,2026-03-21..2026-08-06,baccarat_bet02_101_all_pairs_incl_sentinel,round_win = game_pnl > 0 (decisive only),COMPATIBILITY_ONLY_NOT_PRODUCTION,4059548.3812,3680416.6879,6656.9809,9707,9692,-0.00163983,0.01249836,-0.00525961,-0.00163983,-6656.9809,4059548.3812,OK,0.0000,266.2792,4.0000,96.0000,AG03-UNRESOLVED,ALL5_LEVELS_bet23_to_bet27,266.2792,266.2792,266.2792,0.0000,0.0000,4.000000,4.000000,4.000000,0.000000,0.000000,96.000000,96.000000,96.000000,100.000000,100.000000,5.0,798.8377,767.3102,5858.1432,5889.6706,PENDING_AG03,FALSE,NOT_FOR_ENFORCEMENT,6390.7016,3533200.0204,6656.9809,6390.7016,266.2792,0.00163983,0.00157424,266.2792,6390.7016,0.00157424,266.2792,266.2792,266.2792,0.0000,0.0000,6390.7016,0.00157424,798.8377,767.3102,5858.1432,5889.6706,0.00144305,0.00145082,0.00006559,418.2083,379.7376,0.6869,61.6387,1.8384,37588.4109,89.7407,538.3845,395.5999,218.4789,430.6076,432.5446,432.5446,1046.441,1081.3617,427.0584,0.0,2.43015,2.511246,0.971205,30,216,96,2,0.20383968,0.00163983,-0.01249836,0E-8,0.000000,0.906607,0.000000,0.01775797,2026-03-22,2026-08-06,108,3621,2443,138,0.782609,1.360932,1.287360,0.679466,,,,,,,,GLOBAL_BASELINE_NO_ENTITY_RANKING,,,NOT_APPLICABLE_GLOBAL_BASELINE,HF9g-P5,,,,X 全窗基线 · 不参与实体赏罚,14197991,1420,A168_HF9F_20260827_0900,2026-08-27 09:00:00
2026-04-05,57024343,2222,0,861.7903694926,0E-10,0E-10,0.5000000,2,2,0.49994810000000000,0.499948100000,0.00014679536856514622,0.00014679536856514622,0.00014679536856514622,0E-17,ELIGIBLE,R03b_20260811_FULL_v1,L1_ELIGIBILITY,v2026-08-11,2026-03-21..2026-08-06,baccarat_bet02_101_all_pairs_incl_sentinel,round_win = game_pnl > 0 (decisive only),COMPATIBILITY_ONLY_NOT_PRODUCTION,4059548.3812,3680416.6879,6656.9809,9707,9692,-0.00163983,0.01249836,-0.00525961,-0.00163983,-6656.9809,4059548.3812,OK,0.0000,266.2792,4.0000,96.0000,AG03-UNRESOLVED,ALL5_LEVELS_bet23_to_bet27,266.2792,266.2792,266.2792,0.0000,0.0000,4.000000,4.000000,4.000000,0.000000,0.000000,96.000000,96.000000,96.000000,100.000000,100.000000,5.0,798.8377,767.3102,5858.1432,5889.6706,PENDING_AG03,FALSE,NOT_FOR_ENFORCEMENT,6390.7016,3533200.0204,6656.9809,6390.7016,266.2792,0.00163983,0.00157424,266.2792,6390.7016,0.00157424,266.2792,266.2792,266.2792,0.0000,0.0000,6390.7016,0.00157424,798.8377,767.3102,5858.1432,5889.6706,0.00144305,0.00145082,0.00006559,418.2083,379.7376,0.6869,61.6387,1.8384,37588.4109,89.7407,538.3845,395.5999,218.4789,430.6076,432.5446,432.5446,1046.441,1081.3617,427.0584,0.0,2.43015,2.511246,0.971205,30,216,96,2,0.20383968,0.00163983,-0.01249836,0E-8,0.000000,0.906607,0.000000,0.01775797,2026-03-22,2026-08-06,108,3621,2443,138,0.782609,1.360932,1.287360,0.679466,,,,,,,,GLOBAL_BASELINE_NO_ENTITY_RANKING,,,NOT_APPLICABLE_GLOBAL_BASELINE,HF9g-P5,,,,X 全窗基线 · 不参与实体赏罚,14197992,1420,A168_HF9F_20260827_0900,2026-08-27 09:00:00
2026-04-05,57024343,2233,0,3878.0566627167,-64.6342777119,-64.6342777119,0.4000000,7,7,0.50282064285714286,0.502820642857,-0.45983521081771717,-0.4598352108170775,-0.45983521081771717,1.4286E-13,ELIGIBLE,R03b_20260811_FULL_v1,L1_ELIGIBILITY,v2026-08-11,2026-03-21..2026-08-06,baccarat_bet02_101_all_pairs_incl_sentinel,round_win = game_pnl > 0 (decisive only),COMPATIBILITY_ONLY_NOT_PRODUCTION,4059548.3812,3680416.6879,6656.9809,9707,9692,-0.00163983,0.01249836,-0.00525961,-0.00163983,-6656.9809,4059548.3812,OK,0.0000,266.2792,4.0000,96.0000,AG03-UNRESOLVED,ALL5_LEVELS_bet23_to_bet27,266.2792,266.2792,266.2792,0.0000,0.0000,4.000000,4.000000,4.000000,0.000000,0.000000,96.000000,96.000000,96.000000,100.000000,100.000000,5.0,798.8377,767.3102,5858.1432,5889.6706,PENDING_AG03,FALSE,NOT_FOR_ENFORCEMENT,6390.7016,3533200.0204,6656.9809,6390.7016,266.2792,0.00163983,0.00157424,266.2792,6390.7016,0.00157424,266.2792,266.2792,266.2792,0.0000,0.0000,6390.7016,0.00157424,798.8377,767.3102,5858.1432,5889.6706,0.00144305,0.00145082,0.00006559,418.2083,379.7376,0.6869,61.6387,1.8384,37588.4109,89.7407,538.3845,395.5999,218.4789,430.6076,432.5446,432.5446,1046.441,1081.3617,427.0584,0.0,2.43015,2.511246,0.971205,30,216,96,2,0.20383968,0.00163983,-0.01249836,0E-8,0.000000,0.906607,0.000000,0.01775797,2026-03-22,2026-08-06,108,3621,2443,138,0.782609,1.360932,1.287360,0.679466,,,,,,,,GLOBAL_BASELINE_NO_ENTITY_RANKING,,,NOT_APPLICABLE_GLOBAL_BASELINE,HF9g-P5,,,,X 全窗基线 · 不参与实体赏罚,14197993,1420,A168_HF9F_20260827_0900,2026-08-27 09:00:00
2026-04-05,57024343,2256,0,1508.1331466121,-430.8951847463,-430.8951847463,0E-7,3,3,0.50665070000000000,0.506650700000,-1.013391052207602,-1.013391052207602,-1.013391052207602,0E-17,ELIGIBLE,R03b_20260811_FULL_v1,L1_ELIGIBILITY,v2026-08-11,2026-03-21..2026-08-06,baccarat_bet02_101_all_pairs_incl_sentinel,round_win = game_pnl > 0 (decisive only),COMPATIBILITY_ONLY_NOT_PRODUCTION,4059548.3812,3680416.6879,6656.9809,9707,9692,-0.00163983,0.01249836,-0.00525961,-0.00163983,-6656.9809,4059548.3812,OK,0.0000,266.2792,4.0000,96.0000,AG03-UNRESOLVED,ALL5_LEVELS_bet23_to_bet27,266.2792,266.2792,266.2792,0.0000,0.0000,4.000000,4.000000,4.000000,0.000000,0.000000,96.000000,96.000000,96.000000,100.000000,100.000000,5.0,798.8377,767.3102,5858.1432,5889.6706,PENDING_AG03,FALSE,NOT_FOR_ENFORCEMENT,6390.7016,3533200.0204,6656.9809,6390.7016,266.2792,0.00163983,0.00157424,266.2792,6390.7016,0.00157424,266.2792,266.2792,266.2792,0.0000,0.0000,6390.7016,0.00157424,798.8377,767.3102,5858.1432,5889.6706,0.00144305,0.00145082,0.00006559,418.2083,379.7376,0.6869,61.6387,1.8384,37588.4109,89.7407,538.3845,395.5999,218.4789,430.6076,432.5446,432.5446,1046.441,1081.3617,427.0584,0.0,2.43015,2.511246,0.971205,30,216,96,2,0.20383968,0.00163983,-0.01249836,0E-8,0.000000,0.906607,0.000000,0.01775797,2026-03-22,2026-08-06,108,3621,2443,138,0.782609,1.360932,1.287360,0.679466,,,,,,,,GLOBAL_BASELINE_NO_ENTITY_RANKING,,,NOT_APPLICABLE_GLOBAL_BASELINE,HF9g-P5,,,,X 全窗基线 · 不参与实体赏罚,14197994,1420,A168_HF9F_20260827_0900,2026-08-27 09:00:00
2026-04-05,57024343,2258,0,2585.3711084778,-64.6342777119,-64.6342777119,0.5000000,6,6,0.50665070000000000,0.506650700000,-0.032584525537284574,-0.032584525537284574,-0.032584525537284574,0E-17,ELIGIBLE,R03b_20260811_FULL_v1,L1_ELIGIBILITY,v2026-08-11,2026-03-21..2026-08-06,baccarat_bet02_101_all_pairs_incl_sentinel,round_win = game_pnl > 0 (decisive only),COMPATIBILITY_ONLY_NOT_PRODUCTION,4059548.3812,3680416.6879,6656.9809,9707,9692,-0.00163983,0.01249836,-0.00525961,-0.00163983,-6656.9809,4059548.3812,OK,0.0000,266.2792,4.0000,96.0000,AG03-UNRESOLVED,ALL5_LEVELS_bet23_to_bet27,266.2792,266.2792,266.2792,0.0000,0.0000,4.000000,4.000000,4.000000,0.000000,0.000000,96.000000,96.000000,96.000000,100.000000,100.000000,5.0,798.8377,767.3102,5858.1432,5889.6706,PENDING_AG03,FALSE,NOT_FOR_ENFORCEMENT,6390.7016,3533200.0204,6656.9809,6390.7016,266.2792,0.00163983,0.00157424,266.2792,6390.7016,0.00157424,266.2792,266.2792,266.2792,0.0000,0.0000,6390.7016,0.00157424,798.8377,767.3102,5858.1432,5889.6706,0.00144305,0.00145082,0.00006559,418.2083,379.7376,0.6869,61.6387,1.8384,37588.4109,89.7407,538.3845,395.5999,218.4789,430.6076,432.5446,432.5446,1046.441,1081.3617,427.0584,0.0,2.43015,2.511246,0.971205,30,216,96,2,0.20383968,0.00163983,-0.01249836,0E-8,0.000000,0.906607,0.000000,0.01775797,2026-03-22,2026-08-06,108,3621,2443,138,0.782609,1.360932,1.287360,0.679466,,,,,,,,GLOBAL_BASELINE_NO_ENTITY_RANKING,,,NOT_APPLICABLE_GLOBAL_BASELINE,HF9g-P5,,,,X 全窗基线 · 不参与实体赏罚,14197995,1420,A168_HF9F_20260827_0900,2026-08-27 09:00:00
2026-04-05,57024343,2266,0,430.8951847463,409.3504255090,409.3504255090,1.0000000,1,1,0.50665070000000000,0.506650700000,0.9867858985152569,0.9867858985152569,0.9867858985152569,0E-17,ELIGIBLE,R03b_20260811_FULL_v1,L1_ELIGIBILITY,v2026-08-11,2026-03-21..2026-08-06,baccarat_bet02_101_all_pairs_incl_sentinel,round_win = game_pnl > 0 (decisive only),COMPATIBILITY_ONLY_NOT_PRODUCTION,4059548.3812,3680416.6879,6656.9809,9707,9692,-0.00163983,0.01249836,-0.00525961,-0.00163983,-6656.9809,4059548.3812,OK,0.0000,266.2792,4.0000,96.0000,AG03-UNRESOLVED,ALL5_LEVELS_bet23_to_bet27,266.2792,266.2792,266.2792,0.0000,0.0000,4.000000,4.000000,4.000000,0.000000,0.000000,96.000000,96.000000,96.000000,100.000000,100.000000,5.0,798.8377,767.3102,5858.1432,5889.6706,PENDING_AG03,FALSE,NOT_FOR_ENFORCEMENT,6390.7016,3533200.0204,6656.9809,6390.7016,266.2792,0.00163983,0.00157424,266.2792,6390.7016,0.00157424,266.2792,266.2792,266.2792,0.0000,0.0000,6390.7016,0.00157424,798.8377,767.3102,5858.1432,5889.6706,0.00144305,0.00145082,0.00006559,418.2083,379.7376,0.6869,61.6387,1.8384,37588.4109,89.7407,538.3845,395.5999,218.4789,430.6076,432.5446,432.5446,1046.441,1081.3617,427.0584,0.0,2.43015,2.511246,0.971205,30,216,96,2,0.20383968,0.00163983,-0.01249836,0E-8,0.000000,0.906607,0.000000,0.01775797,2026-03-22,2026-08-06,108,3621,2443,138,0.782609,1.360932,1.287360,0.679466,,,,,,,,GLOBAL_BASELINE_NO_ENTITY_RANKING,,,NOT_APPLICABLE_GLOBAL_BASELINE,HF9g-P5,,,,X 全窗基线 · 不参与实体赏罚,14197996,1420,A168_HF9F_20260827_0900,2026-08-27 09:00:00
2026-04-05,57024343,462,0,1723.5807389852,-43.0895184746,-43.0895184746,0.5000000,4,4,0.50329940000000000,0.503299400000,-0.01319788734859681,-0.01319788734859681,-0.01319788734859681,0E-17,ELIGIBLE,R03b_20260811_FULL_v1,L1_ELIGIBILITY,v2026-08-11,2026-03-21..2026-08-06,baccarat_bet02_101_all_pairs_incl_sentinel,round_win = game_pnl > 0 (decisive only),COMPATIBILITY_ONLY_NOT_PRODUCTION,4059548.3812,3680416.6879,6656.9809,9707,9692,-0.00163983,0.01249836,-0.00525961,-0.00163983,-6656.9809,4059548.3812,OK,0.0000,266.2792,4.0000,96.0000,AG03-UNRESOLVED,ALL5_LEVELS_bet23_to_bet27,266.2792,266.2792,266.2792,0.0000,0.0000,4.000000,4.000000,4.000000,0.000000,0.000000,96.000000,96.000000,96.000000,100.000000,100.000000,5.0,798.8377,767.3102,5858.1432,5889.6706,PENDING_AG03,FALSE,NOT_FOR_ENFORCEMENT,6390.7016,3533200.0204,6656.9809,6390.7016,266.2792,0.00163983,0.00157424,266.2792,6390.7016,0.00157424,266.2792,266.2792,266.2792,0.0000,0.0000,6390.7016,0.00157424,798.8377,767.3102,5858.1432,5889.6706,0.00144305,0.00145082,0.00006559,418.2083,379.7376,0.6869,61.6387,1.8384,37588.4109,89.7407,538.3845,395.5999,218.4789,430.6076,432.5446,432.5446,1046.441,1081.3617,427.0584,0.0,2.43015,2.511246,0.971205,30,216,96,2,0.20383968,0.00163983,-0.01249836,0E-8,0.000000,0.906607,0.000000,0.01775797,2026-03-22,2026-08-06,108,3621,2443,138,0.782609,1.360932,1.287360,0.679466,,,,,,,,GLOBAL_BASELINE_NO_ENTITY_RANKING,,,NOT_APPLICABLE_GLOBAL_BASELINE,HF9g-P5,,,,X 全窗基线 · 不参与实体赏罚,14197997,1420,A168_HF9F_20260827_0900,2026-08-27 09:00:00
2026-04-05,57024343,526,0,1723.5807389852,1228.0512765270,1228.0512765270,1.0000000,4,4,0.50665070000000000,0.506650700000,1.7091633124209307,1.7091633124209307,1.7091633124209307,0E-17,ELIGIBLE,R03b_20260811_FULL_v1,L1_ELIGIBILITY,v2026-08-11,2026-03-21..2026-08-06,baccarat_bet02_101_all_pairs_incl_sentinel,round_win = game_pnl > 0 (decisive only),COMPATIBILITY_ONLY_NOT_PRODUCTION,4059548.3812,3680416.6879,6656.9809,9707,9692,-0.00163983,0.01249836,-0.00525961,-0.00163983,-6656.9809,4059548.3812,OK,0.0000,266.2792,4.0000,96.0000,AG03-UNRESOLVED,ALL5_LEVELS_bet23_to_bet27,266.2792,266.2792,266.2792,0.0000,0.0000,4.000000,4.000000,4.000000,0.000000,0.000000,96.000000,96.000000,96.000000,100.000000,100.000000,5.0,798.8377,767.3102,5858.1432,5889.6706,PENDING_AG03,FALSE,NOT_FOR_ENFORCEMENT,6390.7016,3533200.0204,6656.9809,6390.7016,266.2792,0.00163983,0.00157424,266.2792,6390.7016,0.00157424,266.2792,266.2792,266.2792,0.0000,0.0000,6390.7016,0.00157424,798.8377,767.3102,5858.1432,5889.6706,0.00144305,0.00145082,0.00006559,418.2083,379.7376,0.6869,61.6387,1.8384,37588.4109,89.7407,538.3845,395.5999,218.4789,430.6076,432.5446,432.5446,1046.441,1081.3617,427.0584,0.0,2.43015,2.511246,0.971205,30,216,96,2,0.20383968,0.00163983,-0.01249836,0E-8,0.000000,0.906607,0.000000,0.01775797,2026-03-22,2026-08-06,108,3621,2443,138,0.782609,1.360932,1.287360,0.679466,,,,,,,,GLOBAL_BASELINE_NO_ENTITY_RANKING,,,NOT_APPLICABLE_GLOBAL_BASELINE,HF9g-P5,,,,X 全窗基线 · 不参与实体赏罚,14197998,1420,A168_HF9F_20260827_0900,2026-08-27 09:00:00
2026-04-05,57024343,925,0,1723.5807389852,-883.3351287299,-883.3351287299,0.3333333,3,3,0.50665070000000000,0.506650700000,-0.6004420894325239,-0.6004420894325239,-0.6004420894325239,0E-17,ELIGIBLE,R03b_20260811_FULL_v1,L1_ELIGIBILITY,v2026-08-11,2026-03-21..2026-08-06,baccarat_bet02_101_all_pairs_incl_sentinel,round_win = game_pnl > 0 (decisive only),COMPATIBILITY_ONLY_NOT_PRODUCTION,4059548.3812,3680416.6879,6656.9809,9707,9692,-0.00163983,0.01249836,-0.00525961,-0.00163983,-6656.9809,4059548.3812,OK,0.0000,266.2792,4.0000,96.0000,AG03-UNRESOLVED,ALL5_LEVELS_bet23_to_bet27,266.2792,266.2792,266.2792,0.0000,0.0000,4.000000,4.000000,4.000000,0.000000,0.000000,96.000000,96.000000,96.000000,100.000000,100.000000,5.0,798.8377,767.3102,5858.1432,5889.6706,PENDING_AG03,FALSE,NOT_FOR_ENFORCEMENT,6390.7016,3533200.0204,6656.9809,6390.7016,266.2792,0.00163983,0.00157424,266.2792,6390.7016,0.00157424,266.2792,266.2792,266.2792,0.0000,0.0000,6390.7016,0.00157424,798.8377,767.3102,5858.1432,5889.6706,0.00144305,0.00145082,0.00006559,418.2083,379.7376,0.6869,61.6387,1.8384,37588.4109,89.7407,538.3845,395.5999,218.4789,430.6076,432.5446,432.5446,1046.441,1081.3617,427.0584,0.0,2.43015,2.511246,0.971205,30,216,96,2,0.20383968,0.00163983,-0.01249836,0E-8,0.000000,0.906607,0.000000,0.01775797,2026-03-22,2026-08-06,108,3621,2443,138,0.782609,1.360932,1.287360,0.679466,,,,,,,,GLOBAL_BASELINE_NO_ENTITY_RANKING,,,NOT_APPLICABLE_GLOBAL_BASELINE,HF9g-P5,,,,X 全窗基线 · 不参与实体赏罚,14197999,1420,A168_HF9F_20260827_0900,2026-08-27 09:00:00
2026-04-05,57024343,970,0,5170.7422169557,-473.9847032209,-473.9847032209,0.5000000,9,8,0.50469577499999996,0.504137225000,-0.023005519973572745,-0.02026887428372105,-0.023005519973572745,0.00055854999999996,ELIGIBLE,R03b_20260811_FULL_v1,L1_ELIGIBILITY,v2026-08-11,2026-03-21..2026-08-06,baccarat_bet02_101_all_pairs_incl_sentinel,round_win = game_pnl > 0 (decisive only),COMPATIBILITY_ONLY_NOT_PRODUCTION,4059548.3812,3680416.6879,6656.9809,9707,9692,-0.00163983,0.01249836,-0.00525961,-0.00163983,-6656.9809,4059548.3812,OK,0.0000,266.2792,4.0000,96.0000,AG03-UNRESOLVED,ALL5_LEVELS_bet23_to_bet27,266.2792,266.2792,266.2792,0.0000,0.0000,4.000000,4.000000,4.000000,0.000000,0.000000,96.000000,96.000000,96.000000,100.000000,100.000000,5.0,798.8377,767.3102,5858.1432,5889.6706,PENDING_AG03,FALSE,NOT_FOR_ENFORCEMENT,6390.7016,3533200.0204,6656.9809,6390.7016,266.2792,0.00163983,0.00157424,266.2792,6390.7016,0.00157424,266.2792,266.2792,266.2792,0.0000,0.0000,6390.7016,0.00157424,798.8377,767.3102,5858.1432,5889.6706,0.00144305,0.00145082,0.00006559,418.2083,379.7376,0.6869,61.6387,1.8384,37588.4109,89.7407,538.3845,395.5999,218.4789,430.6076,432.5446,432.5446,1046.441,1081.3617,427.0584,0.0,2.43015,2.511246,0.971205,30,216,96,2,0.20383968,0.00163983,-0.01249836,0E-8,0.000000,0.906607,0.000000,0.01775797,2026-03-22,2026-08-06,108,3621,2443,138,0.782609,1.360932,1.287360,0.679466,,,,,,,,GLOBAL_BASELINE_NO_ENTITY_RANKING,,,NOT_APPLICABLE_GLOBAL_BASELINE,HF9g-P5,,,,X 全窗基线 · 不参与实体赏罚,14198000,1420,A168_HF9F_20260827_0900,2026-08-27 09:00:00
2026-04-05,57024343,987,0,430.8951847463,-430.8951847463,-430.8951847463,0E-7,1,1,0.50665070000000000,0.506650700000,-1.013391052207602,-1.013391052207602,-1.013391052207602,0E-17,ELIGIBLE,R03b_20260811_FULL_v1,L1_ELIGIBILITY,v2026-08-11,2026-03-21..2026-08-06,baccarat_bet02_101_all_pairs_incl_sentinel,round_win = game_pnl > 0 (decisive only),COMPATIBILITY_ONLY_NOT_PRODUCTION,4059548.3812,3680416.6879,6656.9809,9707,9692,-0.00163983,0.01249836,-0.00525961,-0.00163983,-6656.9809,4059548.3812,OK,0.0000,266.2792,4.0000,96.0000,AG03-UNRESOLVED,ALL5_LEVELS_bet23_to_bet27,266.2792,266.2792,266.2792,0.0000,0.0000,4.000000,4.000000,4.000000,0.000000,0.000000,96.000000,96.000000,96.000000,100.000000,100.000000,5.0,798.8377,767.3102,5858.1432,5889.6706,PENDING_AG03,FALSE,NOT_FOR_ENFORCEMENT,6390.7016,3533200.0204,6656.9809,6390.7016,266.2792,0.00163983,0.00157424,266.2792,6390.7016,0.00157424,266.2792,266.2792,266.2792,0.0000,0.0000,6390.7016,0.00157424,798.8377,767.3102,5858.1432,5889.6706,0.00144305,0.00145082,0.00006559,418.2083,379.7376,0.6869,61.6387,1.8384,37588.4109,89.7407,538.3845,395.5999,218.4789,430.6076,432.5446,432.5446,1046.441,1081.3617,427.0584,0.0,2.43015,2.511246,0.971205,30,216,96,2,0.20383968,0.00163983,-0.01249836,0E-8,0.000000,0.906607,0.000000,0.01775797,2026-03-22,2026-08-06,108,3621,2443,138,0.782609,1.360932,1.287360,0.679466,,,,,,,,GLOBAL_BASELINE_NO_ENTITY_RANKING,,,NOT_APPLICABLE_GLOBAL_BASELINE,HF9g-P5,,,,X 全窗基线 · 不参与实体赏罚,14198001,1420,A168_HF9F_20260827_0900,2026-08-27 09:00:00
2026-04-10,57024343,-1,1,14434.9886890014,2811.5910804698,2811.5910804698,0.5925926,29,29,0.50618845172413793,0.506188451724,0.898006956272951,0.8980069562743814,0.898006956272951,1.3793E-13,SENTINEL_DEALER,R03b_20260811_FULL_v1,L1_ELIGIBILITY,v2026-08-11,2026-03-21..2026-08-06,baccarat_bet02_101_all_pairs_incl_sentinel,round_win = game_pnl > 0 (decisive only),COMPATIBILITY_ONLY_NOT_PRODUCTION,4059548.3812,3680416.6879,6656.9809,9707,9692,-0.00163983,0.01249836,-0.00525961,-0.00163983,-6656.9809,4059548.3812,OK,0.0000,266.2792,4.0000,96.0000,AG03-UNRESOLVED,ALL5_LEVELS_bet23_to_bet27,266.2792,266.2792,266.2792,0.0000,0.0000,4.000000,4.000000,4.000000,0.000000,0.000000,96.000000,96.000000,96.000000,100.000000,100.000000,5.0,798.8377,767.3102,5858.1432,5889.6706,PENDING_AG03,FALSE,NOT_FOR_ENFORCEMENT,6390.7016,3533200.0204,6656.9809,6390.7016,266.2792,0.00163983,0.00157424,266.2792,6390.7016,0.00157424,266.2792,266.2792,266.2792,0.0000,0.0000,6390.7016,0.00157424,798.8377,767.3102,5858.1432,5889.6706,0.00144305,0.00145082,0.00006559,418.2083,379.7376,0.6869,61.6387,1.8384,37588.4109,89.7407,538.3845,395.5999,218.4789,430.6076,432.5446,432.5446,1046.441,1081.3617,427.0584,0.0,2.43015,2.511246,0.971205,30,216,96,2,0.20383968,0.00163983,-0.01249836,0E-8,0.000000,0.906607,0.000000,0.01775797,2026-03-22,2026-08-06,108,3621,2443,138,0.782609,1.360932,1.287360,0.679466,,,,,,,,GLOBAL_BASELINE_NO_ENTITY_RANKING,,,NOT_APPLICABLE_GLOBAL_BASELINE,HF9g-P5,,,,X 全窗基线 · 不参与实体赏罚,14198002,1420,A168_HF9F_20260827_0900,2026-08-27 09:00:00
2026-04-10,57024343,1017,0,1723.5807389853,818.7008510180,818.7008510180,0.8000000,5,5,0.50396966000000000,0.503969660000,1.3239296534401845,1.3239296534401845,1.3239296534401845,0E-17,ELIGIBLE,R03b_20260811_FULL_v1,L1_ELIGIBILITY,v2026-08-11,2026-03-21..2026-08-06,baccarat_bet02_101_all_pairs_incl_sentinel,round_win = game_pnl > 0 (decisive only),COMPATIBILITY_ONLY_NOT_PRODUCTION,4059548.3812,3680416.6879,6656.9809,9707,9692,-0.00163983,0.01249836,-0.00525961,-0.00163983,-6656.9809,4059548.3812,OK,0.0000,266.2792,4.0000,96.0000,AG03-UNRESOLVED,ALL5_LEVELS_bet23_to_bet27,266.2792,266.2792,266.2792,0.0000,0.0000,4.000000,4.000000,4.000000,0.000000,0.000000,96.000000,96.000000,96.000000,100.000000,100.000000,5.0,798.8377,767.3102,5858.1432,5889.6706,PENDING_AG03,FALSE,NOT_FOR_ENFORCEMENT,6390.7016,3533200.0204,6656.9809,6390.7016,266.2792,0.00163983,0.00157424,266.2792,6390.7016,0.00157424,266.2792,266.2792,266.2792,0.0000,0.0000,6390.7016,0.00157424,798.8377,767.3102,5858.1432,5889.6706,0.00144305,0.00145082,0.00006559,418.2083,379.7376,0.6869,61.6387,1.8384,37588.4109,89.7407,538.3845,395.5999,218.4789,430.6076,432.5446,432.5446,1046.441,1081.3617,427.0584,0.0,2.43015,2.511246,0.971205,30,216,96,2,0.20383968,0.00163983,-0.01249836,0E-8,0.000000,0.906607,0.000000,0.01775797,2026-03-22,2026-08-06,108,3621,2443,138,0.782609,1.360932,1.287360,0.679466,,,,,,,,GLOBAL_BASELINE_NO_ENTITY_RANKING,,,NOT_APPLICABLE_GLOBAL_BASELINE,HF9g-P5,,,,X 全窗基线 · 不参与实体赏罚,14198003,1420,A168_HF9F_20260827_0900,2026-08-27 09:00:00
2026-04-10,57024343,1115,0,1723.5807389852,1637.4017020360,1637.4017020360,1.0000000,4,4,0.50665070000000000,0.506650700000,1.9735717970305138,1.9735717970305138,1.9735717970305138,0E-17,ELIGIBLE,R03b_20260811_FULL_v1,L1_ELIGIBILITY,v2026-08-11,2026-03-21..2026-08-06,baccarat_bet02_101_all_pairs_incl_sentinel,round_win = game_pnl > 0 (decisive only),COMPATIBILITY_ONLY_NOT_PRODUCTION,4059548.3812,3680416.6879,6656.9809,9707,9692,-0.00163983,0.01249836,-0.00525961,-0.00163983,-6656.9809,4059548.3812,OK,0.0000,266.2792,4.0000,96.0000,AG03-UNRESOLVED,ALL5_LEVELS_bet23_to_bet27,266.2792,266.2792,266.2792,0.0000,0.0000,4.000000,4.000000,4.000000,0.000000,0.000000,96.000000,96.000000,96.000000,100.000000,100.000000,5.0,798.8377,767.3102,5858.1432,5889.6706,PENDING_AG03,FALSE,NOT_FOR_ENFORCEMENT,6390.7016,3533200.0204,6656.9809,6390.7016,266.2792,0.00163983,0.00157424,266.2792,6390.7016,0.00157424,266.2792,266.2792,266.2792,0.0000,0.0000,6390.7016,0.00157424,798.8377,767.3102,5858.1432,5889.6706,0.00144305,0.00145082,0.00006559,418.2083,379.7376,0.6869,61.6387,1.8384,37588.4109,89.7407,538.3845,395.5999,218.4789,430.6076,432.5446,432.5446,1046.441,1081.3617,427.0584,0.0,2.43015,2.511246,0.971205,30,216,96,2,0.20383968,0.00163983,-0.01249836,0E-8,0.000000,0.906607,0.000000,0.01775797,2026-03-22,2026-08-06,108,3621,2443,138,0.782609,1.360932,1.287360,0.679466,,,,,,,,GLOBAL_BASELINE_NO_ENTITY_RANKING,,,NOT_APPLICABLE_GLOBAL_BASELINE,HF9g-P5,,,,X 全窗基线 · 不参与实体赏罚,14198004,1420,A168_HF9F_20260827_0900,2026-08-27 09:00:00
2026-04-10,57024343,1353,0,4739.8470322094,743.2941936874,743.2941936874,0.6000000,10,10,0.50531018000000000,0.505310180000,0.5989047816631956,0.5989047816631956,0.5989047816631956,0E-17,ELIGIBLE,R03b_20260811_FULL_v1,L1_ELIGIBILITY,v2026-08-11,2026-03-21..2026-08-06,baccarat_bet02_101_all_pairs_incl_sentinel,round_win = game_pnl > 0 (decisive only),COMPATIBILITY_ONLY_NOT_PRODUCTION,4059548.3812,3680416.6879,6656.9809,9707,9692,-0.00163983,0.01249836,-0.00525961,-0.00163983,-6656.9809,4059548.3812,OK,0.0000,266.2792,4.0000,96.0000,AG03-UNRESOLVED,ALL5_LEVELS_bet23_to_bet27,266.2792,266.2792,266.2792,0.0000,0.0000,4.000000,4.000000,4.000000,0.000000,0.000000,96.000000,96.000000,96.000000,100.000000,100.000000,5.0,798.8377,767.3102,5858.1432,5889.6706,PENDING_AG03,FALSE,NOT_FOR_ENFORCEMENT,6390.7016,3533200.0204,6656.9809,6390.7016,266.2792,0.00163983,0.00157424,266.2792,6390.7016,0.00157424,266.2792,266.2792,266.2792,0.0000,0.0000,6390.7016,0.00157424,798.8377,767.3102,5858.1432,5889.6706,0.00144305,0.00145082,0.00006559,418.2083,379.7376,0.6869,61.6387,1.8384,37588.4109,89.7407,538.3845,395.5999,218.4789,430.6076,432.5446,432.5446,1046.441,1081.3617,427.0584,0.0,2.43015,2.511246,0.971205,30,216,96,2,0.20383968,0.00163983,-0.01249836,0E-8,0.000000,0.906607,0.000000,0.01775797,2026-03-22,2026-08-06,108,3621,2443,138,0.782609,1.360932,1.287360,0.679466,,,,,,,,GLOBAL_BASELINE_NO_ENTITY_RANKING,,,NOT_APPLICABLE_GLOBAL_BASELINE,HF9g-P5,,,,X 全窗基线 · 不参与实体赏罚,14198005,1420,A168_HF9F_20260827_0900,2026-08-27 09:00:00
2026-04-10,57024343,1382,0,861.7903694926,818.7008510180,818.7008510180,1.0000000,2,2,0.50665070000000000,0.506650700000,1.3955260008387969,1.3955260008387969,1.3955260008387969,0E-17,ELIGIBLE,R03b_20260811_FULL_v1,L1_ELIGIBILITY,v2026-08-11,2026-03-21..2026-08-06,baccarat_bet02_101_all_pairs_incl_sentinel,round_win = game_pnl > 0 (decisive only),COMPATIBILITY_ONLY_NOT_PRODUCTION,4059548.3812,3680416.6879,6656.9809,9707,9692,-0.00163983,0.01249836,-0.00525961,-0.00163983,-6656.9809,4059548.3812,OK,0.0000,266.2792,4.0000,96.0000,AG03-UNRESOLVED,ALL5_LEVELS_bet23_to_bet27,266.2792,266.2792,266.2792,0.0000,0.0000,4.000000,4.000000,4.000000,0.000000,0.000000,96.000000,96.000000,96.000000,100.000000,100.000000,5.0,798.8377,767.3102,5858.1432,5889.6706,PENDING_AG03,FALSE,NOT_FOR_ENFORCEMENT,6390.7016,3533200.0204,6656.9809,6390.7016,266.2792,0.00163983,0.00157424,266.2792,6390.7016,0.00157424,266.2792,266.2792,266.2792,0.0000,0.0000,6390.7016,0.00157424,798.8377,767.3102,5858.1432,5889.6706,0.00144305,0.00145082,0.00006559,418.2083,379.7376,0.6869,61.6387,1.8384,37588.4109,89.7407,538.3845,395.5999,218.4789,430.6076,432.5446,432.5446,1046.441,1081.3617,427.0584,0.0,2.43015,2.511246,0.971205,30,216,96,2,0.20383968,0.00163983,-0.01249836,0E-8,0.000000,0.906607,0.000000,0.01775797,2026-03-22,2026-08-06,108,3621,2443,138,0.782609,1.360932,1.287360,0.679466,,,,,,,,GLOBAL_BASELINE_NO_ENTITY_RANKING,,,NOT_APPLICABLE_GLOBAL_BASELINE,HF9g-P5,,,,X 全窗基线 · 不参与实体赏罚,14198006,1420,A168_HF9F_20260827_0900,2026-08-27 09:00:00
2026-04-10,57024343,1396,0,3016.2662932241,1206.5065172897,1206.5065172897,0.7142857,7,7,0.50282064285714286,0.502820642857,1.1189857854549734,1.1189857854557275,1.1189857854549734,1.4286E-13,ELIGIBLE,R03b_20260811_FULL_v1,L1_ELIGIBILITY,v2026-08-11,2026-03-21..2026-08-06,baccarat_bet02_101_all_pairs_incl_sentinel,round_win = game_pnl > 0 (decisive only),COMPATIBILITY_ONLY_NOT_PRODUCTION,4059548.3812,3680416.6879,6656.9809,9707,9692,-0.00163983,0.01249836,-0.00525961,-0.00163983,-6656.9809,4059548.3812,OK,0.0000,266.2792,4.0000,96.0000,AG03-UNRESOLVED,ALL5_LEVELS_bet23_to_bet27,266.2792,266.2792,266.2792,0.0000,0.0000,4.000000,4.000000,4.000000,0.000000,0.000000,96.000000,96.000000,96.000000,100.000000,100.000000,5.0,798.8377,767.3102,5858.1432,5889.6706,PENDING_AG03,FALSE,NOT_FOR_ENFORCEMENT,6390.7016,3533200.0204,6656.9809,6390.7016,266.2792,0.00163983,0.00157424,266.2792,6390.7016,0.00157424,266.2792,266.2792,266.2792,0.0000,0.0000,6390.7016,0.00157424,798.8377,767.3102,5858.1432,5889.6706,0.00144305,0.00145082,0.00006559,418.2083,379.7376,0.6869,61.6387,1.8384,37588.4109,89.7407,538.3845,395.5999,218.4789,430.6076,432.5446,432.5446,1046.441,1081.3617,427.0584,0.0,2.43015,2.511246,0.971205,30,216,96,2,0.20383968,0.00163983,-0.01249836,0E-8,0.000000,0.906607,0.000000,0.01775797,2026-03-22,2026-08-06,108,3621,2443,138,0.782609,1.360932,1.287360,0.679466,,,,,,,,GLOBAL_BASELINE_NO_ENTITY_RANKING,,,NOT_APPLICABLE_GLOBAL_BASELINE,HF9g-P5,,,,X 全窗基线 · 不参与实体赏罚,14198007,1420,A168_HF9F_20260827_0900,2026-08-27 09:00:00
2026-04-10,57024343,1399,0,1292.6855542389,387.8056662717,387.8056662717,0.6666667,3,3,0.50665070000000000,0.506650700000,0.5543606114942035,0.5543606114942035,0.5543606114942035,0E-17,ELIGIBLE,R03b_20260811_FULL_v1,L1_ELIGIBILITY,v2026-08-11,2026-03-21..2026-08-06,baccarat_bet02_101_all_pairs_incl_sentinel,round_win = game_pnl > 0 (decisive only),COMPATIBILITY_ONLY_NOT_PRODUCTION,4059548.3812,3680416.6879,6656.9809,9707,9692,-0.00163983,0.01249836,-0.00525961,-0.00163983,-6656.9809,4059548.3812,OK,0.0000,266.2792,4.0000,96.0000,AG03-UNRESOLVED,ALL5_LEVELS_bet23_to_bet27,266.2792,266.2792,266.2792,0.0000,0.0000,4.000000,4.000000,4.000000,0.000000,0.000000,96.000000,96.000000,96.000000,100.000000,100.000000,5.0,798.8377,767.3102,5858.1432,5889.6706,PENDING_AG03,FALSE,NOT_FOR_ENFORCEMENT,6390.7016,3533200.0204,6656.9809,6390.7016,266.2792,0.00163983,0.00157424,266.2792,6390.7016,0.00157424,266.2792,266.2792,266.2792,0.0000,0.0000,6390.7016,0.00157424,798.8377,767.3102,5858.1432,5889.6706,0.00144305,0.00145082,0.00006559,418.2083,379.7376,0.6869,61.6387,1.8384,37588.4109,89.7407,538.3845,395.5999,218.4789,430.6076,432.5446,432.5446,1046.441,1081.3617,427.0584,0.0,2.43015,2.511246,0.971205,30,216,96,2,0.20383968,0.00163983,-0.01249836,0E-8,0.000000,0.906607,0.000000,0.01775797,2026-03-22,2026-08-06,108,3621,2443,138,0.782609,1.360932,1.287360,0.679466,,,,,,,,GLOBAL_BASELINE_NO_ENTITY_RANKING,,,NOT_APPLICABLE_GLOBAL_BASELINE,HF9g-P5,,,,X 全窗基线 · 不参与实体赏罚,14198008,1420,A168_HF9F_20260827_0900,2026-08-27 09:00:00
2026-04-10,57024343,1507,0,861.7903694926,0E-10,0E-10,0.5000000,2,2,0.49994810000000000,0.499948100000,0.00014679536856514622,0.00014679536856514622,0.00014679536856514622,0E-17,ELIGIBLE,R03b_20260811_FULL_v1,L1_ELIGIBILITY,v2026-08-11,2026-03-21..2026-08-06,baccarat_bet02_101_all_pairs_incl_sentinel,round_win = game_pnl > 0 (decisive only),COMPATIBILITY_ONLY_NOT_PRODUCTION,4059548.3812,3680416.6879,6656.9809,9707,9692,-0.00163983,0.01249836,-0.00525961,-0.00163983,-6656.9809,4059548.3812,OK,0.0000,266.2792,4.0000,96.0000,AG03-UNRESOLVED,ALL5_LEVELS_bet23_to_bet27,266.2792,266.2792,266.2792,0.0000,0.0000,4.000000,4.000000,4.000000,0.000000,0.000000,96.000000,96.000000,96.000000,100.000000,100.000000,5.0,798.8377,767.3102,5858.1432,5889.6706,PENDING_AG03,FALSE,NOT_FOR_ENFORCEMENT,6390.7016,3533200.0204,6656.9809,6390.7016,266.2792,0.00163983,0.00157424,266.2792,6390.7016,0.00157424,266.2792,266.2792,266.2792,0.0000,0.0000,6390.7016,0.00157424,798.8377,767.3102,5858.1432,5889.6706,0.00144305,0.00145082,0.00006559,418.2083,379.7376,0.6869,61.6387,1.8384,37588.4109,89.7407,538.3845,395.5999,218.4789,430.6076,432.5446,432.5446,1046.441,1081.3617,427.0584,0.0,2.43015,2.511246,0.971205,30,216,96,2,0.20383968,0.00163983,-0.01249836,0E-8,0.000000,0.906607,0.000000,0.01775797,2026-03-22,2026-08-06,108,3621,2443,138,0.782609,1.360932,1.287360,0.679466,,,,,,,,GLOBAL_BASELINE_NO_ENTITY_RANKING,,,NOT_APPLICABLE_GLOBAL_BASELINE,HF9g-P5,,,,X 全窗基线 · 不参与实体赏罚,14198009,1420,A168_HF9F_20260827_0900,2026-08-27 09:00:00
2026-04-10,57024343,1509,0,430.8951847463,-430.8951847463,-430.8951847463,0E-7,1,1,0.50665070000000000,0.506650700000,-1.013391052207602,-1.013391052207602,-1.013391052207602,0E-17,ELIGIBLE,R03b_20260811_FULL_v1,L1_ELIGIBILITY,v2026-08-11,2026-03-21..2026-08-06,baccarat_bet02_101_all_pairs_incl_sentinel,round_win = game_pnl > 0 (decisive only),COMPATIBILITY_ONLY_NOT_PRODUCTION,4059548.3812,3680416.6879,6656.9809,9707,9692,-0.00163983,0.01249836,-0.00525961,-0.00163983,-6656.9809,4059548.3812,OK,0.0000,266.2792,4.0000,96.0000,AG03-UNRESOLVED,ALL5_LEVELS_bet23_to_bet27,266.2792,266.2792,266.2792,0.0000,0.0000,4.000000,4.000000,4.000000,0.000000,0.000000,96.000000,96.000000,96.000000,100.000000,100.000000,5.0,798.8377,767.3102,5858.1432,5889.6706,PENDING_AG03,FALSE,NOT_FOR_ENFORCEMENT,6390.7016,3533200.0204,6656.9809,6390.7016,266.2792,0.00163983,0.00157424,266.2792,6390.7016,0.00157424,266.2792,266.2792,266.2792,0.0000,0.0000,6390.7016,0.00157424,798.8377,767.3102,5858.1432,5889.6706,0.00144305,0.00145082,0.00006559,418.2083,379.7376,0.6869,61.6387,1.8384,37588.4109,89.7407,538.3845,395.5999,218.4789,430.6076,432.5446,432.5446,1046.441,1081.3617,427.0584,0.0,2.43015,2.511246,0.971205,30,216,96,2,0.20383968,0.00163983,-0.01249836,0E-8,0.000000,0.906607,0.000000,0.01775797,2026-03-22,2026-08-06,108,3621,2443,138,0.782609,1.360932,1.287360,0.679466,,,,,,,,GLOBAL_BASELINE_NO_ENTITY_RANKING,,,NOT_APPLICABLE_GLOBAL_BASELINE,HF9g-P5,,,,X 全窗基线 · 不参与实体赏罚,14198010,1420,A168_HF9F_20260827_0900,2026-08-27 09:00:00
2026-04-10,57024343,1646,0,430.8951847463,409.3504255090,409.3504255090,1.0000000,1,1,0.50665070000000000,0.506650700000,0.9867858985152569,0.9867858985152569,0.9867858985152569,0E-17,ELIGIBLE,R03b_20260811_FULL_v1,L1_ELIGIBILITY,v2026-08-11,2026-03-21..2026-08-06,baccarat_bet02_101_all_pairs_incl_sentinel,round_win = game_pnl > 0 (decisive only),COMPATIBILITY_ONLY_NOT_PRODUCTION,4059548.3812,3680416.6879,6656.9809,9707,9692,-0.00163983,0.01249836,-0.00525961,-0.00163983,-6656.9809,4059548.3812,OK,0.0000,266.2792,4.0000,96.0000,AG03-UNRESOLVED,ALL5_LEVELS_bet23_to_bet27,266.2792,266.2792,266.2792,0.0000,0.0000,4.000000,4.000000,4.000000,0.000000,0.000000,96.000000,96.000000,96.000000,100.000000,100.000000,5.0,798.8377,767.3102,5858.1432,5889.6706,PENDING_AG03,FALSE,NOT_FOR_ENFORCEMENT,6390.7016,3533200.0204,6656.9809,6390.7016,266.2792,0.00163983,0.00157424,266.2792,6390.7016,0.00157424,266.2792,266.2792,266.2792,0.0000,0.0000,6390.7016,0.00157424,798.8377,767.3102,5858.1432,5889.6706,0.00144305,0.00145082,0.00006559,418.2083,379.7376,0.6869,61.6387,1.8384,37588.4109,89.7407,538.3845,395.5999,218.4789,430.6076,432.5446,432.5446,1046.441,1081.3617,427.0584,0.0,2.43015,2.511246,0.971205,30,216,96,2,0.20383968,0.00163983,-0.01249836,0E-8,0.000000,0.906607,0.000000,0.01775797,2026-03-22,2026-08-06,108,3621,2443,138,0.782609,1.360932,1.287360,0.679466,,,,,,,,GLOBAL_BASELINE_NO_ENTITY_RANKING,,,NOT_APPLICABLE_GLOBAL_BASELINE,HF9g-P5,,,,X 全窗基线 · 不参与实体赏罚,14198011,1420,A168_HF9F_20260827_0900,2026-08-27 09:00:00
2026-04-10,57024343,1935,0,430.8951847463,-430.8951847463,-430.8951847463,0E-7,1,1,0.50665070000000000,0.506650700000,-1.013391052207602,-1.013391052207602,-1.013391052207602,0E-17,ELIGIBLE,R03b_20260811_FULL_v1,L1_ELIGIBILITY,v2026-08-11,2026-03-21..2026-08-06,baccarat_bet02_101_all_pairs_incl_sentinel,round_win = game_pnl > 0 (decisive only),COMPATIBILITY_ONLY_NOT_PRODUCTION,4059548.3812,3680416.6879,6656.9809,9707,9692,-0.00163983,0.01249836,-0.00525961,-0.00163983,-6656.9809,4059548.3812,OK,0.0000,266.2792,4.0000,96.0000,AG03-UNRESOLVED,ALL5_LEVELS_bet23_to_bet27,266.2792,266.2792,266.2792,0.0000,0.0000,4.000000,4.000000,4.000000,0.000000,0.000000,96.000000,96.000000,96.000000,100.000000,100.000000,5.0,798.8377,767.3102,5858.1432,5889.6706,PENDING_AG03,FALSE,NOT_FOR_ENFORCEMENT,6390.7016,3533200.0204,6656.9809,6390.7016,266.2792,0.00163983,0.00157424,266.2792,6390.7016,0.00157424,266.2792,266.2792,266.2792,0.0000,0.0000,6390.7016,0.00157424,798.8377,767.3102,5858.1432,5889.6706,0.00144305,0.00145082,0.00006559,418.2083,379.7376,0.6869,61.6387,1.8384,37588.4109,89.7407,538.3845,395.5999,218.4789,430.6076,432.5446,432.5446,1046.441,1081.3617,427.0584,0.0,2.43015,2.511246,0.971205,30,216,96,2,0.20383968,0.00163983,-0.01249836,0E-8,0.000000,0.906607,0.000000,0.01775797,2026-03-22,2026-08-06,108,3621,2443,138,0.782609,1.360932,1.287360,0.679466,,,,,,,,GLOBAL_BASELINE_NO_ENTITY_RANKING,,,NOT_APPLICABLE_GLOBAL_BASELINE,HF9g-P5,,,,X 全窗基线 · 不参与实体赏罚,14198012,1420,A168_HF9F_20260827_0900,2026-08-27 09:00:00
2026-04-10,57024343,1947,0,2369.9235161047,161.5856942799,161.5856942799,0.6000000,6,6,0.50665070000000000,0.506650700000,0.4175076967804994,0.4175076967804994,0.4175076967804994,0E-17,ELIGIBLE,R03b_20260811_FULL_v1,L1_ELIGIBILITY,v2026-08-11,2026-03-21..2026-08-06,baccarat_bet02_101_all_pairs_incl_sentinel,round_win = game_pnl > 0 (decisive only),COMPATIBILITY_ONLY_NOT_PRODUCTION,4059548.3812,3680416.6879,6656.9809,9707,9692,-0.00163983,0.01249836,-0.00525961,-0.00163983,-6656.9809,4059548.3812,OK,0.0000,266.2792,4.0000,96.0000,AG03-UNRESOLVED,ALL5_LEVELS_bet23_to_bet27,266.2792,266.2792,266.2792,0.0000,0.0000,4.000000,4.000000,4.000000,0.000000,0.000000,96.000000,96.000000,96.000000,100.000000,100.000000,5.0,798.8377,767.3102,5858.1432,5889.6706,PENDING_AG03,FALSE,NOT_FOR_ENFORCEMENT,6390.7016,3533200.0204,6656.9809,6390.7016,266.2792,0.00163983,0.00157424,266.2792,6390.7016,0.00157424,266.2792,266.2792,266.2792,0.0000,0.0000,6390.7016,0.00157424,798.8377,767.3102,5858.1432,5889.6706,0.00144305,0.00145082,0.00006559,418.2083,379.7376,0.6869,61.6387,1.8384,37588.4109,89.7407,538.3845,395.5999,218.4789,430.6076,432.5446,432.5446,1046.441,1081.3617,427.0584,0.0,2.43015,2.511246,0.971205,30,216,96,2,0.20383968,0.00163983,-0.01249836,0E-8,0.000000,0.906607,0.000000,0.01775797,2026-03-22,2026-08-06,108,3621,2443,138,0.782609,1.360932,1.287360,0.679466,,,,,,,,GLOBAL_BASELINE_NO_ENTITY_RANKING,,,NOT_APPLICABLE_GLOBAL_BASELINE,HF9g-P5,,,,X 全窗基线 · 不参与实体赏罚,14198013,1420,A168_HF9F_20260827_0900,2026-08-27 09:00:00
2026-04-10,57024343,1951,0,215.4475923732,-215.4475923732,-215.4475923732,0E-7,1,1,0.50665070000000000,0.506650700000,-1.013391052207602,-1.013391052207602,-1.013391052207602,0E-17,ELIGIBLE,R03b_20260811_FULL_v1,L1_ELIGIBILITY,v2026-08-11,2026-03-21..2026-08-06,baccarat_bet02_101_all_pairs_incl_sentinel,round_win = game_pnl > 0 (decisive only),COMPATIBILITY_ONLY_NOT_PRODUCTION,4059548.3812,3680416.6879,6656.9809,9707,9692,-0.00163983,0.01249836,-0.00525961,-0.00163983,-6656.9809,4059548.3812,OK,0.0000,266.2792,4.0000,96.0000,AG03-UNRESOLVED,ALL5_LEVELS_bet23_to_bet27,266.2792,266.2792,266.2792,0.0000,0.0000,4.000000,4.000000,4.000000,0.000000,0.000000,96.000000,96.000000,96.000000,100.000000,100.000000,5.0,798.8377,767.3102,5858.1432,5889.6706,PENDING_AG03,FALSE,NOT_FOR_ENFORCEMENT,6390.7016,3533200.0204,6656.9809,6390.7016,266.2792,0.00163983,0.00157424,266.2792,6390.7016,0.00157424,266.2792,266.2792,266.2792,0.0000,0.0000,6390.7016,0.00157424,798.8377,767.3102,5858.1432,5889.6706,0.00144305,0.00145082,0.00006559,418.2083,379.7376,0.6869,61.6387,1.8384,37588.4109,89.7407,538.3845,395.5999,218.4789,430.6076,432.5446,432.5446,1046.441,1081.3617,427.0584,0.0,2.43015,2.511246,0.971205,30,216,96,2,0.20383968,0.00163983,-0.01249836,0E-8,0.000000,0.906607,0.000000,0.01775797,2026-03-22,2026-08-06,108,3621,2443,138,0.782609,1.360932,1.287360,0.679466,,,,,,,,GLOBAL_BASELINE_NO_ENTITY_RANKING,,,NOT_APPLICABLE_GLOBAL_BASELINE,HF9g-P5,,,,X 全窗基线 · 不参与实体赏罚,14198014,1420,A168_HF9F_20260827_0900,2026-08-27 09:00:00
2026-04-10,57024343,1957,0,646.3427771195,-226.2199719918,-226.2199719918,0.5000000,2,2,0.50665070000000000,0.506650700000,-0.018812684590367487,-0.018812684590367487,-0.018812684590367487,0E-17,ELIGIBLE,R03b_20260811_FULL_v1,L1_ELIGIBILITY,v2026-08-11,2026-03-21..2026-08-06,baccarat_bet02_101_all_pairs_incl_sentinel,round_win = game_pnl > 0 (decisive only),COMPATIBILITY_ONLY_NOT_PRODUCTION,4059548.3812,3680416.6879,6656.9809,9707,9692,-0.00163983,0.01249836,-0.00525961,-0.00163983,-6656.9809,4059548.3812,OK,0.0000,266.2792,4.0000,96.0000,AG03-UNRESOLVED,ALL5_LEVELS_bet23_to_bet27,266.2792,266.2792,266.2792,0.0000,0.0000,4.000000,4.000000,4.000000,0.000000,0.000000,96.000000,96.000000,96.000000,100.000000,100.000000,5.0,798.8377,767.3102,5858.1432,5889.6706,PENDING_AG03,FALSE,NOT_FOR_ENFORCEMENT,6390.7016,3533200.0204,6656.9809,6390.7016,266.2792,0.00163983,0.00157424,266.2792,6390.7016,0.00157424,266.2792,266.2792,266.2792,0.0000,0.0000,6390.7016,0.00157424,798.8377,767.3102,5858.1432,5889.6706,0.00144305,0.00145082,0.00006559,418.2083,379.7376,0.6869,61.6387,1.8384,37588.4109,89.7407,538.3845,395.5999,218.4789,430.6076,432.5446,432.5446,1046.441,1081.3617,427.0584,0.0,2.43015,2.511246,0.971205,30,216,96,2,0.20383968,0.00163983,-0.01249836,0E-8,0.000000,0.906607,0.000000,0.01775797,2026-03-22,2026-08-06,108,3621,2443,138,0.782609,1.360932,1.287360,0.679466,,,,,,,,GLOBAL_BASELINE_NO_ENTITY_RANKING,,,NOT_APPLICABLE_GLOBAL_BASELINE,HF9g-P5,,,,X 全窗基线 · 不参与实体赏罚,14198015,1420,A168_HF9F_20260827_0900,2026-08-27 09:00:00
2026-04-10,57024343,2115,0,1508.1331466121,592.4808790262,592.4808790262,0.6666667,3,3,0.50218230000000000,0.502182300000,0.5697959874915163,0.5697959874915164,0.5697959874915163,0E-17,ELIGIBLE,R03b_20260811_FULL_v1,L1_ELIGIBILITY,v2026-08-11,2026-03-21..2026-08-06,baccarat_bet02_101_all_pairs_incl_sentinel,round_win = game_pnl > 0 (decisive only),COMPATIBILITY_ONLY_NOT_PRODUCTION,4059548.3812,3680416.6879,6656.9809,9707,9692,-0.00163983,0.01249836,-0.00525961,-0.00163983,-6656.9809,4059548.3812,OK,0.0000,266.2792,4.0000,96.0000,AG03-UNRESOLVED,ALL5_LEVELS_bet23_to_bet27,266.2792,266.2792,266.2792,0.0000,0.0000,4.000000,4.000000,4.000000,0.000000,0.000000,96.000000,96.000000,96.000000,100.000000,100.000000,5.0,798.8377,767.3102,5858.1432,5889.6706,PENDING_AG03,FALSE,NOT_FOR_ENFORCEMENT,6390.7016,3533200.0204,6656.9809,6390.7016,266.2792,0.00163983,0.00157424,266.2792,6390.7016,0.00157424,266.2792,266.2792,266.2792,0.0000,0.0000,6390.7016,0.00157424,798.8377,767.3102,5858.1432,5889.6706,0.00144305,0.00145082,0.00006559,418.2083,379.7376,0.6869,61.6387,1.8384,37588.4109,89.7407,538.3845,395.5999,218.4789,430.6076,432.5446,432.5446,1046.441,1081.3617,427.0584,0.0,2.43015,2.511246,0.971205,30,216,96,2,0.20383968,0.00163983,-0.01249836,0E-8,0.000000,0.906607,0.000000,0.01775797,2026-03-22,2026-08-06,108,3621,2443,138,0.782609,1.360932,1.287360,0.679466,,,,,,,,GLOBAL_BASELINE_NO_ENTITY_RANKING,,,NOT_APPLICABLE_GLOBAL_BASELINE,HF9g-P5,,,,X 全窗基线 · 不参与实体赏罚,14198016,1420,A168_HF9F_20260827_0900,2026-08-27 09:00:00
2026-04-10,57024343,2121,0,3447.1614779704,775.6113325434,775.6113325434,0.6250000,8,8,0.50329940000000000,0.503299400000,0.6884575455922034,0.6884575455922034,0.6884575455922034,0E-17,ELIGIBLE,R03b_20260811_FULL_v1,L1_ELIGIBILITY,v2026-08-11,2026-03-21..2026-08-06,baccarat_bet02_101_all_pairs_incl_sentinel,round_win = game_pnl > 0 (decisive only),COMPATIBILITY_ONLY_NOT_PRODUCTION,4059548.3812,3680416.6879,6656.9809,9707,9692,-0.00163983,0.01249836,-0.00525961,-0.00163983,-6656.9809,4059548.3812,OK,0.0000,266.2792,4.0000,96.0000,AG03-UNRESOLVED,ALL5_LEVELS_bet23_to_bet27,266.2792,266.2792,266.2792,0.0000,0.0000,4.000000,4.000000,4.000000,0.000000,0.000000,96.000000,96.000000,96.000000,100.000000,100.000000,5.0,798.8377,767.3102,5858.1432,5889.6706,PENDING_AG03,FALSE,NOT_FOR_ENFORCEMENT,6390.7016,3533200.0204,6656.9809,6390.7016,266.2792,0.00163983,0.00157424,266.2792,6390.7016,0.00157424,266.2792,266.2792,266.2792,0.0000,0.0000,6390.7016,0.00157424,798.8377,767.3102,5858.1432,5889.6706,0.00144305,0.00145082,0.00006559,418.2083,379.7376,0.6869,61.6387,1.8384,37588.4109,89.7407,538.3845,395.5999,218.4789,430.6076,432.5446,432.5446,1046.441,1081.3617,427.0584,0.0,2.43015,2.511246,0.971205,30,216,96,2,0.20383968,0.00163983,-0.01249836,0E-8,0.000000,0.906607,0.000000,0.01775797,2026-03-22,2026-08-06,108,3621,2443,138,0.782609,1.360932,1.287360,0.679466,,,,,,,,GLOBAL_BASELINE_NO_ENTITY_RANKING,,,NOT_APPLICABLE_GLOBAL_BASELINE,HF9g-P5,,,,X 全窗基线 · 不参与实体赏罚,14198017,1420,A168_HF9F_20260827_0900,2026-08-27 09:00:00
2026-04-10,57024343,2169,0,3447.1614779705,1184.9617580523,1184.9617580523,0.6250000,9,9,0.50665070000000000,0.506650700000,0.6695439735338472,0.6695439735338472,0.6695439735338472,0E-17,ELIGIBLE,R03b_20260811_FULL_v1,L1_ELIGIBILITY,v2026-08-11,2026-03-21..2026-08-06,baccarat_bet02_101_all_pairs_incl_sentinel,round_win = game_pnl > 0 (decisive only),COMPATIBILITY_ONLY_NOT_PRODUCTION,4059548.3812,3680416.6879,6656.9809,9707,9692,-0.00163983,0.01249836,-0.00525961,-0.00163983,-6656.9809,4059548.3812,OK,0.0000,266.2792,4.0000,96.0000,AG03-UNRESOLVED,ALL5_LEVELS_bet23_to_bet27,266.2792,266.2792,266.2792,0.0000,0.0000,4.000000,4.000000,4.000000,0.000000,0.000000,96.000000,96.000000,96.000000,100.000000,100.000000,5.0,798.8377,767.3102,5858.1432,5889.6706,PENDING_AG03,FALSE,NOT_FOR_ENFORCEMENT,6390.7016,3533200.0204,6656.9809,6390.7016,266.2792,0.00163983,0.00157424,266.2792,6390.7016,0.00157424,266.2792,266.2792,266.2792,0.0000,0.0000,6390.7016,0.00157424,798.8377,767.3102,5858.1432,5889.6706,0.00144305,0.00145082,0.00006559,418.2083,379.7376,0.6869,61.6387,1.8384,37588.4109,89.7407,538.3845,395.5999,218.4789,430.6076,432.5446,432.5446,1046.441,1081.3617,427.0584,0.0,2.43015,2.511246,0.971205,30,216,96,2,0.20383968,0.00163983,-0.01249836,0E-8,0.000000,0.906607,0.000000,0.01775797,2026-03-22,2026-08-06,108,3621,2443,138,0.782609,1.360932,1.287360,0.679466,,,,,,,,GLOBAL_BASELINE_NO_ENTITY_RANKING,,,NOT_APPLICABLE_GLOBAL_BASELINE,HF9g-P5,,,,X 全窗基线 · 不参与实体赏罚,14198018,1420,A168_HF9F_20260827_0900,2026-08-27 09:00:00
2026-04-10,57024343,2177,0,4308.9518474631,-280.0818700851,-280.0818700851,0.4285714,11,11,0.50543204545454545,0.505432045455,-0.40673215947128183,-0.4067321594736911,-0.40673215947128183,-4.5455E-13,ELIGIBLE,R03b_20260811_FULL_v1,L1_ELIGIBILITY,v2026-08-11,2026-03-21..2026-08-06,baccarat_bet02_101_all_pairs_incl_sentinel,round_win = game_pnl > 0 (decisive only),COMPATIBILITY_ONLY_NOT_PRODUCTION,4059548.3812,3680416.6879,6656.9809,9707,9692,-0.00163983,0.01249836,-0.00525961,-0.00163983,-6656.9809,4059548.3812,OK,0.0000,266.2792,4.0000,96.0000,AG03-UNRESOLVED,ALL5_LEVELS_bet23_to_bet27,266.2792,266.2792,266.2792,0.0000,0.0000,4.000000,4.000000,4.000000,0.000000,0.000000,96.000000,96.000000,96.000000,100.000000,100.000000,5.0,798.8377,767.3102,5858.1432,5889.6706,PENDING_AG03,FALSE,NOT_FOR_ENFORCEMENT,6390.7016,3533200.0204,6656.9809,6390.7016,266.2792,0.00163983,0.00157424,266.2792,6390.7016,0.00157424,266.2792,266.2792,266.2792,0.0000,0.0000,6390.7016,0.00157424,798.8377,767.3102,5858.1432,5889.6706,0.00144305,0.00145082,0.00006559,418.2083,379.7376,0.6869,61.6387,1.8384,37588.4109,89.7407,538.3845,395.5999,218.4789,430.6076,432.5446,432.5446,1046.441,1081.3617,427.0584,0.0,2.43015,2.511246,0.971205,30,216,96,2,0.20383968,0.00163983,-0.01249836,0E-8,0.000000,0.906607,0.000000,0.01775797,2026-03-22,2026-08-06,108,3621,2443,138,0.782609,1.360932,1.287360,0.679466,,,,,,,,GLOBAL_BASELINE_NO_ENTITY_RANKING,,,NOT_APPLICABLE_GLOBAL_BASELINE,HF9g-P5,,,,X 全窗基线 · 不参与实体赏罚,14198019,1420,A168_HF9F_20260827_0900,2026-08-27 09:00:00
2026-04-10,57024343,2212,0,430.8951847463,-430.8951847463,-430.8951847463,0E-7,1,1,0.50665070000000000,0.506650700000,-1.013391052207602,-1.013391052207602,-1.013391052207602,0E-17,ELIGIBLE,R03b_20260811_FULL_v1,L1_ELIGIBILITY,v2026-08-11,2026-03-21..2026-08-06,baccarat_bet02_101_all_pairs_incl_sentinel,round_win = game_pnl > 0 (decisive only),COMPATIBILITY_ONLY_NOT_PRODUCTION,4059548.3812,3680416.6879,6656.9809,9707,9692,-0.00163983,0.01249836,-0.00525961,-0.00163983,-6656.9809,4059548.3812,OK,0.0000,266.2792,4.0000,96.0000,AG03-UNRESOLVED,ALL5_LEVELS_bet23_to_bet27,266.2792,266.2792,266.2792,0.0000,0.0000,4.000000,4.000000,4.000000,0.000000,0.000000,96.000000,96.000000,96.000000,100.000000,100.000000,5.0,798.8377,767.3102,5858.1432,5889.6706,PENDING_AG03,FALSE,NOT_FOR_ENFORCEMENT,6390.7016,3533200.0204,6656.9809,6390.7016,266.2792,0.00163983,0.00157424,266.2792,6390.7016,0.00157424,266.2792,266.2792,266.2792,0.0000,0.0000,6390.7016,0.00157424,798.8377,767.3102,5858.1432,5889.6706,0.00144305,0.00145082,0.00006559,418.2083,379.7376,0.6869,61.6387,1.8384,37588.4109,89.7407,538.3845,395.5999,218.4789,430.6076,432.5446,432.5446,1046.441,1081.3617,427.0584,0.0,2.43015,2.511246,0.971205,30,216,96,2,0.20383968,0.00163983,-0.01249836,0E-8,0.000000,0.906607,0.000000,0.01775797,2026-03-22,2026-08-06,108,3621,2443,138,0.782609,1.360932,1.287360,0.679466,,,,,,,,GLOBAL_BASELINE_NO_ENTITY_RANKING,,,NOT_APPLICABLE_GLOBAL_BASELINE,HF9g-P5,,,,X 全窗基线 · 不参与实体赏罚,14198020,1420,A168_HF9F_20260827_0900,2026-08-27 09:00:00
2026-04-10,57024343,2216,0,430.8951847463,-430.8951847463,-430.8951847463,0E-7,1,1,0.50665070000000000,0.506650700000,-1.013391052207602,-1.013391052207602,-1.013391052207602,0E-17,ELIGIBLE,R03b_20260811_FULL_v1,L1_ELIGIBILITY,v2026-08-11,2026-03-21..2026-08-06,baccarat_bet02_101_all_pairs_incl_sentinel,round_win = game_pnl > 0 (decisive only),COMPATIBILITY_ONLY_NOT_PRODUCTION,4059548.3812,3680416.6879,6656.9809,9707,9692,-0.00163983,0.01249836,-0.00525961,-0.00163983,-6656.9809,4059548.3812,OK,0.0000,266.2792,4.0000,96.0000,AG03-UNRESOLVED,ALL5_LEVELS_bet23_to_bet27,266.2792,266.2792,266.2792,0.0000,0.0000,4.000000,4.000000,4.000000,0.000000,0.000000,96.000000,96.000000,96.000000,100.000000,100.000000,5.0,798.8377,767.3102,5858.1432,5889.6706,PENDING_AG03,FALSE,NOT_FOR_ENFORCEMENT,6390.7016,3533200.0204,6656.9809,6390.7016,266.2792,0.00163983,0.00157424,266.2792,6390.7016,0.00157424,266.2792,266.2792,266.2792,0.0000,0.0000,6390.7016,0.00157424,798.8377,767.3102,5858.1432,5889.6706,0.00144305,0.00145082,0.00006559,418.2083,379.7376,0.6869,61.6387,1.8384,37588.4109,89.7407,538.3845,395.5999,218.4789,430.6076,432.5446,432.5446,1046.441,1081.3617,427.0584,0.0,2.43015,2.511246,0.971205,30,216,96,2,0.20383968,0.00163983,-0.01249836,0E-8,0.000000,0.906607,0.000000,0.01775797,2026-03-22,2026-08-06,108,3621,2443,138,0.782609,1.360932,1.287360,0.679466,,,,,,,,GLOBAL_BASELINE_NO_ENTITY_RANKING,,,NOT_APPLICABLE_GLOBAL_BASELINE,HF9g-P5,,,,X 全窗基线 · 不参与实体赏罚,14198021,1420,A168_HF9F_20260827_0900,2026-08-27 09:00:00
2026-04-10,57024343,2218,0,861.7903694926,0E-10,0E-10,,2,2,0.50665070000000000,0.506650700000,,,,0E-17,NO_DECISIVE_ROUND,R03b_20260811_FULL_v1,L1_ELIGIBILITY,v2026-08-11,2026-03-21..2026-08-06,baccarat_bet02_101_all_pairs_incl_sentinel,round_win = game_pnl > 0 (decisive only),COMPATIBILITY_ONLY_NOT_PRODUCTION,4059548.3812,3680416.6879,6656.9809,9707,9692,-0.00163983,0.01249836,-0.00525961,-0.00163983,-6656.9809,4059548.3812,OK,0.0000,266.2792,4.0000,96.0000,AG03-UNRESOLVED,ALL5_LEVELS_bet23_to_bet27,266.2792,266.2792,266.2792,0.0000,0.0000,4.000000,4.000000,4.000000,0.000000,0.000000,96.000000,96.000000,96.000000,100.000000,100.000000,5.0,798.8377,767.3102,5858.1432,5889.6706,PENDING_AG03,FALSE,NOT_FOR_ENFORCEMENT,6390.7016,3533200.0204,6656.9809,6390.7016,266.2792,0.00163983,0.00157424,266.2792,6390.7016,0.00157424,266.2792,266.2792,266.2792,0.0000,0.0000,6390.7016,0.00157424,798.8377,767.3102,5858.1432,5889.6706,0.00144305,0.00145082,0.00006559,418.2083,379.7376,0.6869,61.6387,1.8384,37588.4109,89.7407,538.3845,395.5999,218.4789,430.6076,432.5446,432.5446,1046.441,1081.3617,427.0584,0.0,2.43015,2.511246,0.971205,30,216,96,2,0.20383968,0.00163983,-0.01249836,0E-8,0.000000,0.906607,0.000000,0.01775797,2026-03-22,2026-08-06,108,3621,2443,138,0.782609,1.360932,1.287360,0.679466,,,,,,,,GLOBAL_BASELINE_NO_ENTITY_RANKING,,,NOT_APPLICABLE_GLOBAL_BASELINE,HF9g-P5,,,,X 全窗基线 · 不参与实体赏罚,14198022,1420,A168_HF9F_20260827_0900,2026-08-27 09:00:00
2026-04-10,57024343,2241,0,2369.9235161047,-689.4322955941,-689.4322955941,0.4000000,5,5,0.50396966000000000,0.503969660000,-0.4649811094771361,-0.4649811094771361,-0.4649811094771361,0E-17,ELIGIBLE,R03b_20260811_FULL_v1,L1_ELIGIBILITY,v2026-08-11,2026-03-21..2026-08-06,baccarat_bet02_101_all_pairs_incl_sentinel,round_win = game_pnl > 0 (decisive only),COMPATIBILITY_ONLY_NOT_PRODUCTION,4059548.3812,3680416.6879,6656.9809,9707,9692,-0.00163983,0.01249836,-0.00525961,-0.00163983,-6656.9809,4059548.3812,OK,0.0000,266.2792,4.0000,96.0000,AG03-UNRESOLVED,ALL5_LEVELS_bet23_to_bet27,266.2792,266.2792,266.2792,0.0000,0.0000,4.000000,4.000000,4.000000,0.000000,0.000000,96.000000,96.000000,96.000000,100.000000,100.000000,5.0,798.8377,767.3102,5858.1432,5889.6706,PENDING_AG03,FALSE,NOT_FOR_ENFORCEMENT,6390.7016,3533200.0204,6656.9809,6390.7016,266.2792,0.00163983,0.00157424,266.2792,6390.7016,0.00157424,266.2792,266.2792,266.2792,0.0000,0.0000,6390.7016,0.00157424,798.8377,767.3102,5858.1432,5889.6706,0.00144305,0.00145082,0.00006559,418.2083,379.7376,0.6869,61.6387,1.8384,37588.4109,89.7407,538.3845,395.5999,218.4789,430.6076,432.5446,432.5446,1046.441,1081.3617,427.0584,0.0,2.43015,2.511246,0.971205,30,216,96,2,0.20383968,0.00163983,-0.01249836,0E-8,0.000000,0.906607,0.000000,0.01775797,2026-03-22,2026-08-06,108,3621,2443,138,0.782609,1.360932,1.287360,0.679466,,,,,,,,GLOBAL_BASELINE_NO_ENTITY_RANKING,,,NOT_APPLICABLE_GLOBAL_BASELINE,HF9g-P5,,,,X 全窗基线 · 不参与实体赏罚,14198023,1420,A168_HF9F_20260827_0900,2026-08-27 09:00:00
2026-04-10,57024343,2250,0,861.7903694926,840.2456102553,840.2456102553,1.0000000,2,2,0.49994810000000000,0.499948100000,1.4143603653603398,1.4143603653603398,1.4143603653603398,0E-17,ELIGIBLE,R03b_20260811_FULL_v1,L1_ELIGIBILITY,v2026-08-11,2026-03-21..2026-08-06,baccarat_bet02_101_all_pairs_incl_sentinel,round_win = game_pnl > 0 (decisive only),COMPATIBILITY_ONLY_NOT_PRODUCTION,4059548.3812,3680416.6879,6656.9809,9707,9692,-0.00163983,0.01249836,-0.00525961,-0.00163983,-6656.9809,4059548.3812,OK,0.0000,266.2792,4.0000,96.0000,AG03-UNRESOLVED,ALL5_LEVELS_bet23_to_bet27,266.2792,266.2792,266.2792,0.0000,0.0000,4.000000,4.000000,4.000000,0.000000,0.000000,96.000000,96.000000,96.000000,100.000000,100.000000,5.0,798.8377,767.3102,5858.1432,5889.6706,PENDING_AG03,FALSE,NOT_FOR_ENFORCEMENT,6390.7016,3533200.0204,6656.9809,6390.7016,266.2792,0.00163983,0.00157424,266.2792,6390.7016,0.00157424,266.2792,266.2792,266.2792,0.0000,0.0000,6390.7016,0.00157424,798.8377,767.3102,5858.1432,5889.6706,0.00144305,0.00145082,0.00006559,418.2083,379.7376,0.6869,61.6387,1.8384,37588.4109,89.7407,538.3845,395.5999,218.4789,430.6076,432.5446,432.5446,1046.441,1081.3617,427.0584,0.0,2.43015,2.511246,0.971205,30,216,96,2,0.20383968,0.00163983,-0.01249836,0E-8,0.000000,0.906607,0.000000,0.01775797,2026-03-22,2026-08-06,108,3621,2443,138,0.782609,1.360932,1.287360,0.679466,,,,,,,,GLOBAL_BASELINE_NO_ENTITY_RANKING,,,NOT_APPLICABLE_GLOBAL_BASELINE,HF9g-P5,,,,X 全窗基线 · 不参与实体赏罚,14198024,1420,A168_HF9F_20260827_0900,2026-08-27 09:00:00
2026-04-10,57024343,2251,0,1292.6855542390,-861.7903694927,-861.7903694927,0E-7,4,4,0.50329940000000000,0.503299400000,-1.743518224870635,-1.743518224870635,-1.743518224870635,0E-17,ELIGIBLE,R03b_20260811_FULL_v1,L1_ELIGIBILITY,v2026-08-11,2026-03-21..2026-08-06,baccarat_bet02_101_all_pairs_incl_sentinel,round_win = game_pnl > 0 (decisive only),COMPATIBILITY_ONLY_NOT_PRODUCTION,4059548.3812,3680416.6879,6656.9809,9707,9692,-0.00163983,0.01249836,-0.00525961,-0.00163983,-6656.9809,4059548.3812,OK,0.0000,266.2792,4.0000,96.0000,AG03-UNRESOLVED,ALL5_LEVELS_bet23_to_bet27,266.2792,266.2792,266.2792,0.0000,0.0000,4.000000,4.000000,4.000000,0.000000,0.000000,96.000000,96.000000,96.000000,100.000000,100.000000,5.0,798.8377,767.3102,5858.1432,5889.6706,PENDING_AG03,FALSE,NOT_FOR_ENFORCEMENT,6390.7016,3533200.0204,6656.9809,6390.7016,266.2792,0.00163983,0.00157424,266.2792,6390.7016,0.00157424,266.2792,266.2792,266.2792,0.0000,0.0000,6390.7016,0.00157424,798.8377,767.3102,5858.1432,5889.6706,0.00144305,0.00145082,0.00006559,418.2083,379.7376,0.6869,61.6387,1.8384,37588.4109,89.7407,538.3845,395.5999,218.4789,430.6076,432.5446,432.5446,1046.441,1081.3617,427.0584,0.0,2.43015,2.511246,0.971205,30,216,96,2,0.20383968,0.00163983,-0.01249836,0E-8,0.000000,0.906607,0.000000,0.01775797,2026-03-22,2026-08-06,108,3621,2443,138,0.782609,1.360932,1.287360,0.679466,,,,,,,,GLOBAL_BASELINE_NO_ENTITY_RANKING,,,NOT_APPLICABLE_GLOBAL_BASELINE,HF9g-P5,,,,X 全窗基线 · 不参与实体赏罚,14198025,1420,A168_HF9F_20260827_0900,2026-08-27 09:00:00
2026-04-10,57024343,2256,0,861.7903694926,-430.8951847463,-430.8951847463,0E-7,2,2,0.49994810000000000,0.499948100000,-0.9998962053866608,-0.9998962053866608,-0.9998962053866608,0E-17,ELIGIBLE,R03b_20260811_FULL_v1,L1_ELIGIBILITY,v2026-08-11,2026-03-21..2026-08-06,baccarat_bet02_101_all_pairs_incl_sentinel,round_win = game_pnl > 0 (decisive only),COMPATIBILITY_ONLY_NOT_PRODUCTION,4059548.3812,3680416.6879,6656.9809,9707,9692,-0.00163983,0.01249836,-0.00525961,-0.00163983,-6656.9809,4059548.3812,OK,0.0000,266.2792,4.0000,96.0000,AG03-UNRESOLVED,ALL5_LEVELS_bet23_to_bet27,266.2792,266.2792,266.2792,0.0000,0.0000,4.000000,4.000000,4.000000,0.000000,0.000000,96.000000,96.000000,96.000000,100.000000,100.000000,5.0,798.8377,767.3102,5858.1432,5889.6706,PENDING_AG03,FALSE,NOT_FOR_ENFORCEMENT,6390.7016,3533200.0204,6656.9809,6390.7016,266.2792,0.00163983,0.00157424,266.2792,6390.7016,0.00157424,266.2792,266.2792,266.2792,0.0000,0.0000,6390.7016,0.00157424,798.8377,767.3102,5858.1432,5889.6706,0.00144305,0.00145082,0.00006559,418.2083,379.7376,0.6869,61.6387,1.8384,37588.4109,89.7407,538.3845,395.5999,218.4789,430.6076,432.5446,432.5446,1046.441,1081.3617,427.0584,0.0,2.43015,2.511246,0.971205,30,216,96,2,0.20383968,0.00163983,-0.01249836,0E-8,0.000000,0.906607,0.000000,0.01775797,2026-03-22,2026-08-06,108,3621,2443,138,0.782609,1.360932,1.287360,0.679466,,,,,,,,GLOBAL_BASELINE_NO_ENTITY_RANKING,,,NOT_APPLICABLE_GLOBAL_BASELINE,HF9g-P5,,,,X 全窗基线 · 不参与实体赏罚,14198026,1420,A168_HF9F_20260827_0900,2026-08-27 09:00:00
2026-04-10,57024343,471,0,861.7903694926,-861.7903694926,-861.7903694926,0E-7,2,2,0.49994810000000000,0.499948100000,-1.4140667746232096,-1.4140667746232096,-1.4140667746232096,0E-17,ELIGIBLE,R03b_20260811_FULL_v1,L1_ELIGIBILITY,v2026-08-11,2026-03-21..2026-08-06,baccarat_bet02_101_all_pairs_incl_sentinel,round_win = game_pnl > 0 (decisive only),COMPATIBILITY_ONLY_NOT_PRODUCTION,4059548.3812,3680416.6879,6656.9809,9707,9692,-0.00163983,0.01249836,-0.00525961,-0.00163983,-6656.9809,4059548.3812,OK,0.0000,266.2792,4.0000,96.0000,AG03-UNRESOLVED,ALL5_LEVELS_bet23_to_bet27,266.2792,266.2792,266.2792,0.0000,0.0000,4.000000,4.000000,4.000000,0.000000,0.000000,96.000000,96.000000,96.000000,100.000000,100.000000,5.0,798.8377,767.3102,5858.1432,5889.6706,PENDING_AG03,FALSE,NOT_FOR_ENFORCEMENT,6390.7016,3533200.0204,6656.9809,6390.7016,266.2792,0.00163983,0.00157424,266.2792,6390.7016,0.00157424,266.2792,266.2792,266.2792,0.0000,0.0000,6390.7016,0.00157424,798.8377,767.3102,5858.1432,5889.6706,0.00144305,0.00145082,0.00006559,418.2083,379.7376,0.6869,61.6387,1.8384,37588.4109,89.7407,538.3845,395.5999,218.4789,430.6076,432.5446,432.5446,1046.441,1081.3617,427.0584,0.0,2.43015,2.511246,0.971205,30,216,96,2,0.20383968,0.00163983,-0.01249836,0E-8,0.000000,0.906607,0.000000,0.01775797,2026-03-22,2026-08-06,108,3621,2443,138,0.782609,1.360932,1.287360,0.679466,,,,,,,,GLOBAL_BASELINE_NO_ENTITY_RANKING,,,NOT_APPLICABLE_GLOBAL_BASELINE,HF9g-P5,,,,X 全窗基线 · 不参与实体赏罚,14198027,1420,A168_HF9F_20260827_0900,2026-08-27 09:00:00
2026-04-10,57024343,529,0,1723.5807389853,-883.3351287300,-883.3351287300,0.2500000,4,4,0.50665070000000000,0.506650700000,-1.0266936290537745,-1.0266936290537745,-1.0266936290537745,0E-17,ELIGIBLE,R03b_20260811_FULL_v1,L1_ELIGIBILITY,v2026-08-11,2026-03-21..2026-08-06,baccarat_bet02_101_all_pairs_incl_sentinel,round_win = game_pnl > 0 (decisive only),COMPATIBILITY_ONLY_NOT_PRODUCTION,4059548.3812,3680416.6879,6656.9809,9707,9692,-0.00163983,0.01249836,-0.00525961,-0.00163983,-6656.9809,4059548.3812,OK,0.0000,266.2792,4.0000,96.0000,AG03-UNRESOLVED,ALL5_LEVELS_bet23_to_bet27,266.2792,266.2792,266.2792,0.0000,0.0000,4.000000,4.000000,4.000000,0.000000,0.000000,96.000000,96.000000,96.000000,100.000000,100.000000,5.0,798.8377,767.3102,5858.1432,5889.6706,PENDING_AG03,FALSE,NOT_FOR_ENFORCEMENT,6390.7016,3533200.0204,6656.9809,6390.7016,266.2792,0.00163983,0.00157424,266.2792,6390.7016,0.00157424,266.2792,266.2792,266.2792,0.0000,0.0000,6390.7016,0.00157424,798.8377,767.3102,5858.1432,5889.6706,0.00144305,0.00145082,0.00006559,418.2083,379.7376,0.6869,61.6387,1.8384,37588.4109,89.7407,538.3845,395.5999,218.4789,430.6076,432.5446,432.5446,1046.441,1081.3617,427.0584,0.0,2.43015,2.511246,0.971205,30,216,96,2,0.20383968,0.00163983,-0.01249836,0E-8,0.000000,0.906607,0.000000,0.01775797,2026-03-22,2026-08-06,108,3621,2443,138,0.782609,1.360932,1.287360,0.679466,,,,,,,,GLOBAL_BASELINE_NO_ENTITY_RANKING,,,NOT_APPLICABLE_GLOBAL_BASELINE,HF9g-P5,,,,X 全窗基线 · 不参与实体赏罚,14198028,1420,A168_HF9F_20260827_0900,2026-08-27 09:00:00
2026-04-10,57024343,772,0,430.8951847463,409.3504255090,409.3504255090,1.0000000,1,1,0.50665070000000000,0.506650700000,0.9867858985152569,0.9867858985152569,0.9867858985152569,0E-17,ELIGIBLE,R03b_20260811_FULL_v1,L1_ELIGIBILITY,v2026-08-11,2026-03-21..2026-08-06,baccarat_bet02_101_all_pairs_incl_sentinel,round_win = game_pnl > 0 (decisive only),COMPATIBILITY_ONLY_NOT_PRODUCTION,4059548.3812,3680416.6879,6656.9809,9707,9692,-0.00163983,0.01249836,-0.00525961,-0.00163983,-6656.9809,4059548.3812,OK,0.0000,266.2792,4.0000,96.0000,AG03-UNRESOLVED,ALL5_LEVELS_bet23_to_bet27,266.2792,266.2792,266.2792,0.0000,0.0000,4.000000,4.000000,4.000000,0.000000,0.000000,96.000000,96.000000,96.000000,100.000000,100.000000,5.0,798.8377,767.3102,5858.1432,5889.6706,PENDING_AG03,FALSE,NOT_FOR_ENFORCEMENT,6390.7016,3533200.0204,6656.9809,6390.7016,266.2792,0.00163983,0.00157424,266.2792,6390.7016,0.00157424,266.2792,266.2792,266.2792,0.0000,0.0000,6390.7016,0.00157424,798.8377,767.3102,5858.1432,5889.6706,0.00144305,0.00145082,0.00006559,418.2083,379.7376,0.6869,61.6387,1.8384,37588.4109,89.7407,538.3845,395.5999,218.4789,430.6076,432.5446,432.5446,1046.441,1081.3617,427.0584,0.0,2.43015,2.511246,0.971205,30,216,96,2,0.20383968,0.00163983,-0.01249836,0E-8,0.000000,0.906607,0.000000,0.01775797,2026-03-22,2026-08-06,108,3621,2443,138,0.782609,1.360932,1.287360,0.679466,,,,,,,,GLOBAL_BASELINE_NO_ENTITY_RANKING,,,NOT_APPLICABLE_GLOBAL_BASELINE,HF9g-P5,,,,X 全窗基线 · 不参与实体赏罚,14198029,1420,A168_HF9F_20260827_0900,2026-08-27 09:00:00
2026-04-10,57024343,919,0,861.7903694926,-21.5447592373,-21.5447592373,0.5000000,2,2,0.50665070000000000,0.506650700000,-0.018812684590367487,-0.018812684590367487,-0.018812684590367487,0E-17,ELIGIBLE,R03b_20260811_FULL_v1,L1_ELIGIBILITY,v2026-08-11,2026-03-21..2026-08-06,baccarat_bet02_101_all_pairs_incl_sentinel,round_win = game_pnl > 0 (decisive only),COMPATIBILITY_ONLY_NOT_PRODUCTION,4059548.3812,3680416.6879,6656.9809,9707,9692,-0.00163983,0.01249836,-0.00525961,-0.00163983,-6656.9809,4059548.3812,OK,0.0000,266.2792,4.0000,96.0000,AG03-UNRESOLVED,ALL5_LEVELS_bet23_to_bet27,266.2792,266.2792,266.2792,0.0000,0.0000,4.000000,4.000000,4.000000,0.000000,0.000000,96.000000,96.000000,96.000000,100.000000,100.000000,5.0,798.8377,767.3102,5858.1432,5889.6706,PENDING_AG03,FALSE,NOT_FOR_ENFORCEMENT,6390.7016,3533200.0204,6656.9809,6390.7016,266.2792,0.00163983,0.00157424,266.2792,6390.7016,0.00157424,266.2792,266.2792,266.2792,0.0000,0.0000,6390.7016,0.00157424,798.8377,767.3102,5858.1432,5889.6706,0.00144305,0.00145082,0.00006559,418.2083,379.7376,0.6869,61.6387,1.8384,37588.4109,89.7407,538.3845,395.5999,218.4789,430.6076,432.5446,432.5446,1046.441,1081.3617,427.0584,0.0,2.43015,2.511246,0.971205,30,216,96,2,0.20383968,0.00163983,-0.01249836,0E-8,0.000000,0.906607,0.000000,0.01775797,2026-03-22,2026-08-06,108,3621,2443,138,0.782609,1.360932,1.287360,0.679466,,,,,,,,GLOBAL_BASELINE_NO_ENTITY_RANKING,,,NOT_APPLICABLE_GLOBAL_BASELINE,HF9g-P5,,,,X 全窗基线 · 不参与实体赏罚,14198030,1420,A168_HF9F_20260827_0900,2026-08-27 09:00:00
2026-04-10,57024343,970,0,3447.1614779704,366.2609070344,366.2609070344,0.5714286,8,8,0.50497505000000000,0.504975050000,0.3516563911007167,0.3516563911007167,0.3516563911007167,0E-17,ELIGIBLE,R03b_20260811_FULL_v1,L1_ELIGIBILITY,v2026-08-11,2026-03-21..2026-08-06,baccarat_bet02_101_all_pairs_incl_sentinel,round_win = game_pnl > 0 (decisive only),COMPATIBILITY_ONLY_NOT_PRODUCTION,4059548.3812,3680416.6879,6656.9809,9707,9692,-0.00163983,0.01249836,-0.00525961,-0.00163983,-6656.9809,4059548.3812,OK,0.0000,266.2792,4.0000,96.0000,AG03-UNRESOLVED,ALL5_LEVELS_bet23_to_bet27,266.2792,266.2792,266.2792,0.0000,0.0000,4.000000,4.000000,4.000000,0.000000,0.000000,96.000000,96.000000,96.000000,100.000000,100.000000,5.0,798.8377,767.3102,5858.1432,5889.6706,PENDING_AG03,FALSE,NOT_FOR_ENFORCEMENT,6390.7016,3533200.0204,6656.9809,6390.7016,266.2792,0.00163983,0.00157424,266.2792,6390.7016,0.00157424,266.2792,266.2792,266.2792,0.0000,0.0000,6390.7016,0.00157424,798.8377,767.3102,5858.1432,5889.6706,0.00144305,0.00145082,0.00006559,418.2083,379.7376,0.6869,61.6387,1.8384,37588.4109,89.7407,538.3845,395.5999,218.4789,430.6076,432.5446,432.5446,1046.441,1081.3617,427.0584,0.0,2.43015,2.511246,0.971205,30,216,96,2,0.20383968,0.00163983,-0.01249836,0E-8,0.000000,0.906607,0.000000,0.01775797,2026-03-22,2026-08-06,108,3621,2443,138,0.782609,1.360932,1.287360,0.679466,,,,,,,,GLOBAL_BASELINE_NO_ENTITY_RANKING,,,NOT_APPLICABLE_GLOBAL_BASELINE,HF9g-P5,,,,X 全窗基线 · 不参与实体赏罚,14198031,1420,A168_HF9F_20260827_0900,2026-08-27 09:00:00
2026-04-10,57024343,986,0,861.7903694926,-861.7903694926,-861.7903694926,0E-7,2,2,0.49994810000000000,0.499948100000,-1.4140667746232096,-1.4140667746232096,-1.4140667746232096,0E-17,ELIGIBLE,R03b_20260811_FULL_v1,L1_ELIGIBILITY,v2026-08-11,2026-03-21..2026-08-06,baccarat_bet02_101_all_pairs_incl_sentinel,round_win = game_pnl > 0 (decisive only),COMPATIBILITY_ONLY_NOT_PRODUCTION,4059548.3812,3680416.6879,6656.9809,9707,9692,-0.00163983,0.01249836,-0.00525961,-0.00163983,-6656.9809,4059548.3812,OK,0.0000,266.2792,4.0000,96.0000,AG03-UNRESOLVED,ALL5_LEVELS_bet23_to_bet27,266.2792,266.2792,266.2792,0.0000,0.0000,4.000000,4.000000,4.000000,0.000000,0.000000,96.000000,96.000000,96.000000,100.000000,100.000000,5.0,798.8377,767.3102,5858.1432,5889.6706,PENDING_AG03,FALSE,NOT_FOR_ENFORCEMENT,6390.7016,3533200.0204,6656.9809,6390.7016,266.2792,0.00163983,0.00157424,266.2792,6390.7016,0.00157424,266.2792,266.2792,266.2792,0.0000,0.0000,6390.7016,0.00157424,798.8377,767.3102,5858.1432,5889.6706,0.00144305,0.00145082,0.00006559,418.2083,379.7376,0.6869,61.6387,1.8384,37588.4109,89.7407,538.3845,395.5999,218.4789,430.6076,432.5446,432.5446,1046.441,1081.3617,427.0584,0.0,2.43015,2.511246,0.971205,30,216,96,2,0.20383968,0.00163983,-0.01249836,0E-8,0.000000,0.906607,0.000000,0.01775797,2026-03-22,2026-08-06,108,3621,2443,138,0.782609,1.360932,1.287360,0.679466,,,,,,,,GLOBAL_BASELINE_NO_ENTITY_RANKING,,,NOT_APPLICABLE_GLOBAL_BASELINE,HF9g-P5,,,,X 全窗基线 · 不参与实体赏罚,14198032,1420,A168_HF9F_20260827_0900,2026-08-27 09:00:00
2026-04-17,57024343,-1,1,3016.2662932241,366.2609070344,366.2609070344,0.5714286,7,7,0.50473567142857143,0.504735671429,0.35292148522900274,0.3529214852267378,0.35292148522900274,-4.2857E-13,SENTINEL_DEALER,R03b_20260811_FULL_v1,L1_ELIGIBILITY,v2026-08-11,2026-03-21..2026-08-06,baccarat_bet02_101_all_pairs_incl_sentinel,round_win = game_pnl > 0 (decisive only),COMPATIBILITY_ONLY_NOT_PRODUCTION,4059548.3812,3680416.6879,6656.9809,9707,9692,-0.00163983,0.01249836,-0.00525961,-0.00163983,-6656.9809,4059548.3812,OK,0.0000,266.2792,4.0000,96.0000,AG03-UNRESOLVED,ALL5_LEVELS_bet23_to_bet27,266.2792,266.2792,266.2792,0.0000,0.0000,4.000000,4.000000,4.000000,0.000000,0.000000,96.000000,96.000000,96.000000,100.000000,100.000000,5.0,798.8377,767.3102,5858.1432,5889.6706,PENDING_AG03,FALSE,NOT_FOR_ENFORCEMENT,6390.7016,3533200.0204,6656.9809,6390.7016,266.2792,0.00163983,0.00157424,266.2792,6390.7016,0.00157424,266.2792,266.2792,266.2792,0.0000,0.0000,6390.7016,0.00157424,798.8377,767.3102,5858.1432,5889.6706,0.00144305,0.00145082,0.00006559,418.2083,379.7376,0.6869,61.6387,1.8384,37588.4109,89.7407,538.3845,395.5999,218.4789,430.6076,432.5446,432.5446,1046.441,1081.3617,427.0584,0.0,2.43015,2.511246,0.971205,30,216,96,2,0.20383968,0.00163983,-0.01249836,0E-8,0.000000,0.906607,0.000000,0.01775797,2026-03-22,2026-08-06,108,3621,2443,138,0.782609,1.360932,1.287360,0.679466,,,,,,,,GLOBAL_BASELINE_NO_ENTITY_RANKING,,,NOT_APPLICABLE_GLOBAL_BASELINE,HF9g-P5,,,,X 全窗基线 · 不参与实体赏罚,14198033,1420,A168_HF9F_20260827_0900,2026-08-27 09:00:00
2026-04-17,57024343,1115,0,430.8951847463,-430.8951847463,-430.8951847463,0E-7,1,1,0.50665070000000000,0.506650700000,-1.013391052207602,-1.013391052207602,-1.013391052207602,0E-17,ELIGIBLE,R03b_20260811_FULL_v1,L1_ELIGIBILITY,v2026-08-11,2026-03-21..2026-08-06,baccarat_bet02_101_all_pairs_incl_sentinel,round_win = game_pnl > 0 (decisive only),COMPATIBILITY_ONLY_NOT_PRODUCTION,4059548.3812,3680416.6879,6656.9809,9707,9692,-0.00163983,0.01249836,-0.00525961,-0.00163983,-6656.9809,4059548.3812,OK,0.0000,266.2792,4.0000,96.0000,AG03-UNRESOLVED,ALL5_LEVELS_bet23_to_bet27,266.2792,266.2792,266.2792,0.0000,0.0000,4.000000,4.000000,4.000000,0.000000,0.000000,96.000000,96.000000,96.000000,100.000000,100.000000,5.0,798.8377,767.3102,5858.1432,5889.6706,PENDING_AG03,FALSE,NOT_FOR_ENFORCEMENT,6390.7016,3533200.0204,6656.9809,6390.7016,266.2792,0.00163983,0.00157424,266.2792,6390.7016,0.00157424,266.2792,266.2792,266.2792,0.0000,0.0000,6390.7016,0.00157424,798.8377,767.3102,5858.1432,5889.6706,0.00144305,0.00145082,0.00006559,418.2083,379.7376,0.6869,61.6387,1.8384,37588.4109,89.7407,538.3845,395.5999,218.4789,430.6076,432.5446,432.5446,1046.441,1081.3617,427.0584,0.0,2.43015,2.511246,0.971205,30,216,96,2,0.20383968,0.00163983,-0.01249836,0E-8,0.000000,0.906607,0.000000,0.01775797,2026-03-22,2026-08-06,108,3621,2443,138,0.782609,1.360932,1.287360,0.679466,,,,,,,,GLOBAL_BASELINE_NO_ENTITY_RANKING,,,NOT_APPLICABLE_GLOBAL_BASELINE,HF9g-P5,,,,X 全窗基线 · 不参与实体赏罚,14198034,1420,A168_HF9F_20260827_0900,2026-08-27 09:00:00
2026-04-17,57024343,1157,0,1292.6855542389,-452.4399439836,-452.4399439836,0.3333333,3,3,0.50665070000000000,0.506650700000,-0.6004420894325239,-0.6004420894325239,-0.6004420894325239,0E-17,ELIGIBLE,R03b_20260811_FULL_v1,L1_ELIGIBILITY,v2026-08-11,2026-03-21..2026-08-06,baccarat_bet02_101_all_pairs_incl_sentinel,round_win = game_pnl > 0 (decisive only),COMPATIBILITY_ONLY_NOT_PRODUCTION,4059548.3812,3680416.6879,6656.9809,9707,9692,-0.00163983,0.01249836,-0.00525961,-0.00163983,-6656.9809,4059548.3812,OK,0.0000,266.2792,4.0000,96.0000,AG03-UNRESOLVED,ALL5_LEVELS_bet23_to_bet27,266.2792,266.2792,266.2792,0.0000,0.0000,4.000000,4.000000,4.000000,0.000000,0.000000,96.000000,96.000000,96.000000,100.000000,100.000000,5.0,798.8377,767.3102,5858.1432,5889.6706,PENDING_AG03,FALSE,NOT_FOR_ENFORCEMENT,6390.7016,3533200.0204,6656.9809,6390.7016,266.2792,0.00163983,0.00157424,266.2792,6390.7016,0.00157424,266.2792,266.2792,266.2792,0.0000,0.0000,6390.7016,0.00157424,798.8377,767.3102,5858.1432,5889.6706,0.00144305,0.00145082,0.00006559,418.2083,379.7376,0.6869,61.6387,1.8384,37588.4109,89.7407,538.3845,395.5999,218.4789,430.6076,432.5446,432.5446,1046.441,1081.3617,427.0584,0.0,2.43015,2.511246,0.971205,30,216,96,2,0.20383968,0.00163983,-0.01249836,0E-8,0.000000,0.906607,0.000000,0.01775797,2026-03-22,2026-08-06,108,3621,2443,138,0.782609,1.360932,1.287360,0.679466,,,,,,,,GLOBAL_BASELINE_NO_ENTITY_RANKING,,,NOT_APPLICABLE_GLOBAL_BASELINE,HF9g-P5,,,,X 全窗基线 · 不参与实体赏罚,14198035,1420,A168_HF9F_20260827_0900,2026-08-27 09:00:00
2026-04-17,57024343,1325,0,430.8951847463,-430.8951847463,-430.8951847463,0E-7,1,1,0.49324550000000000,0.493245500000,-0.9865810262130424,-0.9865810262130424,-0.9865810262130424,0E-17,ELIGIBLE,R03b_20260811_FULL_v1,L1_ELIGIBILITY,v2026-08-11,2026-03-21..2026-08-06,baccarat_bet02_101_all_pairs_incl_sentinel,round_win = game_pnl > 0 (decisive only),COMPATIBILITY_ONLY_NOT_PRODUCTION,4059548.3812,3680416.6879,6656.9809,9707,9692,-0.00163983,0.01249836,-0.00525961,-0.00163983,-6656.9809,4059548.3812,OK,0.0000,266.2792,4.0000,96.0000,AG03-UNRESOLVED,ALL5_LEVELS_bet23_to_bet27,266.2792,266.2792,266.2792,0.0000,0.0000,4.000000,4.000000,4.000000,0.000000,0.000000,96.000000,96.000000,96.000000,100.000000,100.000000,5.0,798.8377,767.3102,5858.1432,5889.6706,PENDING_AG03,FALSE,NOT_FOR_ENFORCEMENT,6390.7016,3533200.0204,6656.9809,6390.7016,266.2792,0.00163983,0.00157424,266.2792,6390.7016,0.00157424,266.2792,266.2792,266.2792,0.0000,0.0000,6390.7016,0.00157424,798.8377,767.3102,5858.1432,5889.6706,0.00144305,0.00145082,0.00006559,418.2083,379.7376,0.6869,61.6387,1.8384,37588.4109,89.7407,538.3845,395.5999,218.4789,430.6076,432.5446,432.5446,1046.441,1081.3617,427.0584,0.0,2.43015,2.511246,0.971205,30,216,96,2,0.20383968,0.00163983,-0.01249836,0E-8,0.000000,0.906607,0.000000,0.01775797,2026-03-22,2026-08-06,108,3621,2443,138,0.782609,1.360932,1.287360,0.679466,,,,,,,,GLOBAL_BASELINE_NO_ENTITY_RANKING,,,NOT_APPLICABLE_GLOBAL_BASELINE,HF9g-P5,,,,X 全窗基线 · 不参与实体赏罚,14198036,1420,A168_HF9F_20260827_0900,2026-08-27 09:00:00
2026-04-17,57024343,1384,0,646.3427771195,614.0256382635,614.0256382635,1.0000000,1,1,0.50665070000000000,0.506650700000,0.9867858985152569,0.9867858985152569,0.9867858985152569,0E-17,ELIGIBLE,R03b_20260811_FULL_v1,L1_ELIGIBILITY,v2026-08-11,2026-03-21..2026-08-06,baccarat_bet02_101_all_pairs_incl_sentinel,round_win = game_pnl > 0 (decisive only),COMPATIBILITY_ONLY_NOT_PRODUCTION,4059548.3812,3680416.6879,6656.9809,9707,9692,-0.00163983,0.01249836,-0.00525961,-0.00163983,-6656.9809,4059548.3812,OK,0.0000,266.2792,4.0000,96.0000,AG03-UNRESOLVED,ALL5_LEVELS_bet23_to_bet27,266.2792,266.2792,266.2792,0.0000,0.0000,4.000000,4.000000,4.000000,0.000000,0.000000,96.000000,96.000000,96.000000,100.000000,100.000000,5.0,798.8377,767.3102,5858.1432,5889.6706,PENDING_AG03,FALSE,NOT_FOR_ENFORCEMENT,6390.7016,3533200.0204,6656.9809,6390.7016,266.2792,0.00163983,0.00157424,266.2792,6390.7016,0.00157424,266.2792,266.2792,266.2792,0.0000,0.0000,6390.7016,0.00157424,798.8377,767.3102,5858.1432,5889.6706,0.00144305,0.00145082,0.00006559,418.2083,379.7376,0.6869,61.6387,1.8384,37588.4109,89.7407,538.3845,395.5999,218.4789,430.6076,432.5446,432.5446,1046.441,1081.3617,427.0584,0.0,2.43015,2.511246,0.971205,30,216,96,2,0.20383968,0.00163983,-0.01249836,0E-8,0.000000,0.906607,0.000000,0.01775797,2026-03-22,2026-08-06,108,3621,2443,138,0.782609,1.360932,1.287360,0.679466,,,,,,,,GLOBAL_BASELINE_NO_ENTITY_RANKING,,,NOT_APPLICABLE_GLOBAL_BASELINE,HF9g-P5,,,,X 全窗基线 · 不参与实体赏罚,14198037,1420,A168_HF9F_20260827_0900,2026-08-27 09:00:00
2026-04-17,57024343,1385,0,1292.6855542389,0E-10,0E-10,,3,3,0.50665070000000000,0.506650700000,,,,0E-17,NO_DECISIVE_ROUND,R03b_20260811_FULL_v1,L1_ELIGIBILITY,v2026-08-11,2026-03-21..2026-08-06,baccarat_bet02_101_all_pairs_incl_sentinel,round_win = game_pnl > 0 (decisive only),COMPATIBILITY_ONLY_NOT_PRODUCTION,4059548.3812,3680416.6879,6656.9809,9707,9692,-0.00163983,0.01249836,-0.00525961,-0.00163983,-6656.9809,4059548.3812,OK,0.0000,266.2792,4.0000,96.0000,AG03-UNRESOLVED,ALL5_LEVELS_bet23_to_bet27,266.2792,266.2792,266.2792,0.0000,0.0000,4.000000,4.000000,4.000000,0.000000,0.000000,96.000000,96.000000,96.000000,100.000000,100.000000,5.0,798.8377,767.3102,5858.1432,5889.6706,PENDING_AG03,FALSE,NOT_FOR_ENFORCEMENT,6390.7016,3533200.0204,6656.9809,6390.7016,266.2792,0.00163983,0.00157424,266.2792,6390.7016,0.00157424,266.2792,266.2792,266.2792,0.0000,0.0000,6390.7016,0.00157424,798.8377,767.3102,5858.1432,5889.6706,0.00144305,0.00145082,0.00006559,418.2083,379.7376,0.6869,61.6387,1.8384,37588.4109,89.7407,538.3845,395.5999,218.4789,430.6076,432.5446,432.5446,1046.441,1081.3617,427.0584,0.0,2.43015,2.511246,0.971205,30,216,96,2,0.20383968,0.00163983,-0.01249836,0E-8,0.000000,0.906607,0.000000,0.01775797,2026-03-22,2026-08-06,108,3621,2443,138,0.782609,1.360932,1.287360,0.679466,,,,,,,,GLOBAL_BASELINE_NO_ENTITY_RANKING,,,NOT_APPLICABLE_GLOBAL_BASELINE,HF9g-P5,,,,X 全窗基线 · 不参与实体赏罚,14198038,1420,A168_HF9F_20260827_0900,2026-08-27 09:00:00
2026-04-17,57024343,1405,0,215.4475923732,204.6752127545,204.6752127545,1.0000000,1,1,0.50665070000000000,0.506650700000,0.9867858985152569,0.9867858985152569,0.9867858985152569,0E-17,ELIGIBLE,R03b_20260811_FULL_v1,L1_ELIGIBILITY,v2026-08-11,2026-03-21..2026-08-06,baccarat_bet02_101_all_pairs_incl_sentinel,round_win = game_pnl > 0 (decisive only),COMPATIBILITY_ONLY_NOT_PRODUCTION,4059548.3812,3680416.6879,6656.9809,9707,9692,-0.00163983,0.01249836,-0.00525961,-0.00163983,-6656.9809,4059548.3812,OK,0.0000,266.2792,4.0000,96.0000,AG03-UNRESOLVED,ALL5_LEVELS_bet23_to_bet27,266.2792,266.2792,266.2792,0.0000,0.0000,4.000000,4.000000,4.000000,0.000000,0.000000,96.000000,96.000000,96.000000,100.000000,100.000000,5.0,798.8377,767.3102,5858.1432,5889.6706,PENDING_AG03,FALSE,NOT_FOR_ENFORCEMENT,6390.7016,3533200.0204,6656.9809,6390.7016,266.2792,0.00163983,0.00157424,266.2792,6390.7016,0.00157424,266.2792,266.2792,266.2792,0.0000,0.0000,6390.7016,0.00157424,798.8377,767.3102,5858.1432,5889.6706,0.00144305,0.00145082,0.00006559,418.2083,379.7376,0.6869,61.6387,1.8384,37588.4109,89.7407,538.3845,395.5999,218.4789,430.6076,432.5446,432.5446,1046.441,1081.3617,427.0584,0.0,2.43015,2.511246,0.971205,30,216,96,2,0.20383968,0.00163983,-0.01249836,0E-8,0.000000,0.906607,0.000000,0.01775797,2026-03-22,2026-08-06,108,3621,2443,138,0.782609,1.360932,1.287360,0.679466,,,,,,,,GLOBAL_BASELINE_NO_ENTITY_RANKING,,,NOT_APPLICABLE_GLOBAL_BASELINE,HF9g-P5,,,,X 全窗基线 · 不参与实体赏罚,14198039,1420,A168_HF9F_20260827_0900,2026-08-27 09:00:00
2026-04-17,57024343,1704,0,861.7903694926,-21.5447592373,-21.5447592373,0.5000000,2,2,0.50665070000000000,0.506650700000,-0.018812684590367487,-0.018812684590367487,-0.018812684590367487,0E-17,ELIGIBLE,R03b_20260811_FULL_v1,L1_ELIGIBILITY,v2026-08-11,2026-03-21..2026-08-06,baccarat_bet02_101_all_pairs_incl_sentinel,round_win = game_pnl > 0 (decisive only),COMPATIBILITY_ONLY_NOT_PRODUCTION,4059548.3812,3680416.6879,6656.9809,9707,9692,-0.00163983,0.01249836,-0.00525961,-0.00163983,-6656.9809,4059548.3812,OK,0.0000,266.2792,4.0000,96.0000,AG03-UNRESOLVED,ALL5_LEVELS_bet23_to_bet27,266.2792,266.2792,266.2792,0.0000,0.0000,4.000000,4.000000,4.000000,0.000000,0.000000,96.000000,96.000000,96.000000,100.000000,100.000000,5.0,798.8377,767.3102,5858.1432,5889.6706,PENDING_AG03,FALSE,NOT_FOR_ENFORCEMENT,6390.7016,3533200.0204,6656.9809,6390.7016,266.2792,0.00163983,0.00157424,266.2792,6390.7016,0.00157424,266.2792,266.2792,266.2792,0.0000,0.0000,6390.7016,0.00157424,798.8377,767.3102,5858.1432,5889.6706,0.00144305,0.00145082,0.00006559,418.2083,379.7376,0.6869,61.6387,1.8384,37588.4109,89.7407,538.3845,395.5999,218.4789,430.6076,432.5446,432.5446,1046.441,1081.3617,427.0584,0.0,2.43015,2.511246,0.971205,30,216,96,2,0.20383968,0.00163983,-0.01249836,0E-8,0.000000,0.906607,0.000000,0.01775797,2026-03-22,2026-08-06,108,3621,2443,138,0.782609,1.360932,1.287360,0.679466,,,,,,,,GLOBAL_BASELINE_NO_ENTITY_RANKING,,,NOT_APPLICABLE_GLOBAL_BASELINE,HF9g-P5,,,,X 全窗基线 · 不参与实体赏罚,14198040,1420,A168_HF9F_20260827_0900,2026-08-27 09:00:00
2026-04-17,57024343,1710,0,861.7903694926,-861.7903694926,-861.7903694926,0E-7,2,2,0.50665070000000000,0.506650700000,-1.4331513700195317,-1.4331513700195317,-1.4331513700195317,0E-17,ELIGIBLE,R03b_20260811_FULL_v1,L1_ELIGIBILITY,v2026-08-11,2026-03-21..2026-08-06,baccarat_bet02_101_all_pairs_incl_sentinel,round_win = game_pnl > 0 (decisive only),COMPATIBILITY_ONLY_NOT_PRODUCTION,4059548.3812,3680416.6879,6656.9809,9707,9692,-0.00163983,0.01249836,-0.00525961,-0.00163983,-6656.9809,4059548.3812,OK,0.0000,266.2792,4.0000,96.0000,AG03-UNRESOLVED,ALL5_LEVELS_bet23_to_bet27,266.2792,266.2792,266.2792,0.0000,0.0000,4.000000,4.000000,4.000000,0.000000,0.000000,96.000000,96.000000,96.000000,100.000000,100.000000,5.0,798.8377,767.3102,5858.1432,5889.6706,PENDING_AG03,FALSE,NOT_FOR_ENFORCEMENT,6390.7016,3533200.0204,6656.9809,6390.7016,266.2792,0.00163983,0.00157424,266.2792,6390.7016,0.00157424,266.2792,266.2792,266.2792,0.0000,0.0000,6390.7016,0.00157424,798.8377,767.3102,5858.1432,5889.6706,0.00144305,0.00145082,0.00006559,418.2083,379.7376,0.6869,61.6387,1.8384,37588.4109,89.7407,538.3845,395.5999,218.4789,430.6076,432.5446,432.5446,1046.441,1081.3617,427.0584,0.0,2.43015,2.511246,0.971205,30,216,96,2,0.20383968,0.00163983,-0.01249836,0E-8,0.000000,0.906607,0.000000,0.01775797,2026-03-22,2026-08-06,108,3621,2443,138,0.782609,1.360932,1.287360,0.679466,,,,,,,,GLOBAL_BASELINE_NO_ENTITY_RANKING,,,NOT_APPLICABLE_GLOBAL_BASELINE,HF9g-P5,,,,X 全窗基线 · 不参与实体赏罚,14198041,1420,A168_HF9F_20260827_0900,2026-08-27 09:00:00
2026-04-17,57024343,1947,0,430.8951847463,-430.8951847463,-430.8951847463,0E-7,1,1,0.50665070000000000,0.506650700000,-1.013391052207602,-1.013391052207602,-1.013391052207602,0E-17,ELIGIBLE,R03b_20260811_FULL_v1,L1_ELIGIBILITY,v2026-08-11,2026-03-21..2026-08-06,baccarat_bet02_101_all_pairs_incl_sentinel,round_win = game_pnl > 0 (decisive only),COMPATIBILITY_ONLY_NOT_PRODUCTION,4059548.3812,3680416.6879,6656.9809,9707,9692,-0.00163983,0.01249836,-0.00525961,-0.00163983,-6656.9809,4059548.3812,OK,0.0000,266.2792,4.0000,96.0000,AG03-UNRESOLVED,ALL5_LEVELS_bet23_to_bet27,266.2792,266.2792,266.2792,0.0000,0.0000,4.000000,4.000000,4.000000,0.000000,0.000000,96.000000,96.000000,96.000000,100.000000,100.000000,5.0,798.8377,767.3102,5858.1432,5889.6706,PENDING_AG03,FALSE,NOT_FOR_ENFORCEMENT,6390.7016,3533200.0204,6656.9809,6390.7016,266.2792,0.00163983,0.00157424,266.2792,6390.7016,0.00157424,266.2792,266.2792,266.2792,0.0000,0.0000,6390.7016,0.00157424,798.8377,767.3102,5858.1432,5889.6706,0.00144305,0.00145082,0.00006559,418.2083,379.7376,0.6869,61.6387,1.8384,37588.4109,89.7407,538.3845,395.5999,218.4789,430.6076,432.5446,432.5446,1046.441,1081.3617,427.0584,0.0,2.43015,2.511246,0.971205,30,216,96,2,0.20383968,0.00163983,-0.01249836,0E-8,0.000000,0.906607,0.000000,0.01775797,2026-03-22,2026-08-06,108,3621,2443,138,0.782609,1.360932,1.287360,0.679466,,,,,,,,GLOBAL_BASELINE_NO_ENTITY_RANKING,,,NOT_APPLICABLE_GLOBAL_BASELINE,HF9g-P5,,,,X 全窗基线 · 不参与实体赏罚,14198042,1420,A168_HF9F_20260827_0900,2026-08-27 09:00:00
2026-04-17,57024343,1966,0,430.8951847463,-430.8951847463,-430.8951847463,0E-7,1,1,0.50665070000000000,0.506650700000,-1.013391052207602,-1.013391052207602,-1.013391052207602,0E-17,ELIGIBLE,R03b_20260811_FULL_v1,L1_ELIGIBILITY,v2026-08-11,2026-03-21..2026-08-06,baccarat_bet02_101_all_pairs_incl_sentinel,round_win = game_pnl > 0 (decisive only),COMPATIBILITY_ONLY_NOT_PRODUCTION,4059548.3812,3680416.6879,6656.9809,9707,9692,-0.00163983,0.01249836,-0.00525961,-0.00163983,-6656.9809,4059548.3812,OK,0.0000,266.2792,4.0000,96.0000,AG03-UNRESOLVED,ALL5_LEVELS_bet23_to_bet27,266.2792,266.2792,266.2792,0.0000,0.0000,4.000000,4.000000,4.000000,0.000000,0.000000,96.000000,96.000000,96.000000,100.000000,100.000000,5.0,798.8377,767.3102,5858.1432,5889.6706,PENDING_AG03,FALSE,NOT_FOR_ENFORCEMENT,6390.7016,3533200.0204,6656.9809,6390.7016,266.2792,0.00163983,0.00157424,266.2792,6390.7016,0.00157424,266.2792,266.2792,266.2792,0.0000,0.0000,6390.7016,0.00157424,798.8377,767.3102,5858.1432,5889.6706,0.00144305,0.00145082,0.00006559,418.2083,379.7376,0.6869,61.6387,1.8384,37588.4109,89.7407,538.3845,395.5999,218.4789,430.6076,432.5446,432.5446,1046.441,1081.3617,427.0584,0.0,2.43015,2.511246,0.971205,30,216,96,2,0.20383968,0.00163983,-0.01249836,0E-8,0.000000,0.906607,0.000000,0.01775797,2026-03-22,2026-08-06,108,3621,2443,138,0.782609,1.360932,1.287360,0.679466,,,,,,,,GLOBAL_BASELINE_NO_ENTITY_RANKING,,,NOT_APPLICABLE_GLOBAL_BASELINE,HF9g-P5,,,,X 全窗基线 · 不参与实体赏罚,14198043,1420,A168_HF9F_20260827_0900,2026-08-27 09:00:00
2026-04-17,57024343,2117,0,430.8951847463,-430.8951847463,-430.8951847463,0E-7,1,1,0.50665070000000000,0.506650700000,-1.013391052207602,-1.013391052207602,-1.013391052207602,0E-17,ELIGIBLE,R03b_20260811_FULL_v1,L1_ELIGIBILITY,v2026-08-11,2026-03-21..2026-08-06,baccarat_bet02_101_all_pairs_incl_sentinel,round_win = game_pnl > 0 (decisive only),COMPATIBILITY_ONLY_NOT_PRODUCTION,4059548.3812,3680416.6879,6656.9809,9707,9692,-0.00163983,0.01249836,-0.00525961,-0.00163983,-6656.9809,4059548.3812,OK,0.0000,266.2792,4.0000,96.0000,AG03-UNRESOLVED,ALL5_LEVELS_bet23_to_bet27,266.2792,266.2792,266.2792,0.0000,0.0000,4.000000,4.000000,4.000000,0.000000,0.000000,96.000000,96.000000,96.000000,100.000000,100.000000,5.0,798.8377,767.3102,5858.1432,5889.6706,PENDING_AG03,FALSE,NOT_FOR_ENFORCEMENT,6390.7016,3533200.0204,6656.9809,6390.7016,266.2792,0.00163983,0.00157424,266.2792,6390.7016,0.00157424,266.2792,266.2792,266.2792,0.0000,0.0000,6390.7016,0.00157424,798.8377,767.3102,5858.1432,5889.6706,0.00144305,0.00145082,0.00006559,418.2083,379.7376,0.6869,61.6387,1.8384,37588.4109,89.7407,538.3845,395.5999,218.4789,430.6076,432.5446,432.5446,1046.441,1081.3617,427.0584,0.0,2.43015,2.511246,0.971205,30,216,96,2,0.20383968,0.00163983,-0.01249836,0E-8,0.000000,0.906607,0.000000,0.01775797,2026-03-22,2026-08-06,108,3621,2443,138,0.782609,1.360932,1.287360,0.679466,,,,,,,,GLOBAL_BASELINE_NO_ENTITY_RANKING,,,NOT_APPLICABLE_GLOBAL_BASELINE,HF9g-P5,,,,X 全窗基线 · 不参与实体赏罚,14198044,1420,A168_HF9F_20260827_0900,2026-08-27 09:00:00
2026-04-17,57024343,2169,0,861.7903694926,-21.5447592373,-21.5447592373,0.5000000,2,2,0.50665070000000000,0.506650700000,-0.018812684590367487,-0.018812684590367487,-0.018812684590367487,0E-17,ELIGIBLE,R03b_20260811_FULL_v1,L1_ELIGIBILITY,v2026-08-11,2026-03-21..2026-08-06,baccarat_bet02_101_all_pairs_incl_sentinel,round_win = game_pnl > 0 (decisive only),COMPATIBILITY_ONLY_NOT_PRODUCTION,4059548.3812,3680416.6879,6656.9809,9707,9692,-0.00163983,0.01249836,-0.00525961,-0.00163983,-6656.9809,4059548.3812,OK,0.0000,266.2792,4.0000,96.0000,AG03-UNRESOLVED,ALL5_LEVELS_bet23_to_bet27,266.2792,266.2792,266.2792,0.0000,0.0000,4.000000,4.000000,4.000000,0.000000,0.000000,96.000000,96.000000,96.000000,100.000000,100.000000,5.0,798.8377,767.3102,5858.1432,5889.6706,PENDING_AG03,FALSE,NOT_FOR_ENFORCEMENT,6390.7016,3533200.0204,6656.9809,6390.7016,266.2792,0.00163983,0.00157424,266.2792,6390.7016,0.00157424,266.2792,266.2792,266.2792,0.0000,0.0000,6390.7016,0.00157424,798.8377,767.3102,5858.1432,5889.6706,0.00144305,0.00145082,0.00006559,418.2083,379.7376,0.6869,61.6387,1.8384,37588.4109,89.7407,538.3845,395.5999,218.4789,430.6076,432.5446,432.5446,1046.441,1081.3617,427.0584,0.0,2.43015,2.511246,0.971205,30,216,96,2,0.20383968,0.00163983,-0.01249836,0E-8,0.000000,0.906607,0.000000,0.01775797,2026-03-22,2026-08-06,108,3621,2443,138,0.782609,1.360932,1.287360,0.679466,,,,,,,,GLOBAL_BASELINE_NO_ENTITY_RANKING,,,NOT_APPLICABLE_GLOBAL_BASELINE,HF9g-P5,,,,X 全窗基线 · 不参与实体赏罚,14198045,1420,A168_HF9F_20260827_0900,2026-08-27 09:00:00
2026-04-17,57024343,2171,0,1292.6855542389,387.8056662717,387.8056662717,0.6666667,3,3,0.50665070000000000,0.506650700000,0.5543606114942035,0.5543606114942035,0.5543606114942035,0E-17,ELIGIBLE,R03b_20260811_FULL_v1,L1_ELIGIBILITY,v2026-08-11,2026-03-21..2026-08-06,baccarat_bet02_101_all_pairs_incl_sentinel,round_win = game_pnl > 0 (decisive only),COMPATIBILITY_ONLY_NOT_PRODUCTION,4059548.3812,3680416.6879,6656.9809,9707,9692,-0.00163983,0.01249836,-0.00525961,-0.00163983,-6656.9809,4059548.3812,OK,0.0000,266.2792,4.0000,96.0000,AG03-UNRESOLVED,ALL5_LEVELS_bet23_to_bet27,266.2792,266.2792,266.2792,0.0000,0.0000,4.000000,4.000000,4.000000,0.000000,0.000000,96.000000,96.000000,96.000000,100.000000,100.000000,5.0,798.8377,767.3102,5858.1432,5889.6706,PENDING_AG03,FALSE,NOT_FOR_ENFORCEMENT,6390.7016,3533200.0204,6656.9809,6390.7016,266.2792,0.00163983,0.00157424,266.2792,6390.7016,0.00157424,266.2792,266.2792,266.2792,0.0000,0.0000,6390.7016,0.00157424,798.8377,767.3102,5858.1432,5889.6706,0.00144305,0.00145082,0.00006559,418.2083,379.7376,0.6869,61.6387,1.8384,37588.4109,89.7407,538.3845,395.5999,218.4789,430.6076,432.5446,432.5446,1046.441,1081.3617,427.0584,0.0,2.43015,2.511246,0.971205,30,216,96,2,0.20383968,0.00163983,-0.01249836,0E-8,0.000000,0.906607,0.000000,0.01775797,2026-03-22,2026-08-06,108,3621,2443,138,0.782609,1.360932,1.287360,0.679466,,,,,,,,GLOBAL_BASELINE_NO_ENTITY_RANKING,,,NOT_APPLICABLE_GLOBAL_BASELINE,HF9g-P5,,,,X 全窗基线 · 不参与实体赏罚,14198046,1420,A168_HF9F_20260827_0900,2026-08-27 09:00:00
2026-04-17,57024343,2177,0,430.8951847463,430.8951847463,430.8951847463,1.0000000,1,1,0.49324550000000000,0.493245500000,1.01360149184955,1.01360149184955,1.01360149184955,0E-17,ELIGIBLE,R03b_20260811_FULL_v1,L1_ELIGIBILITY,v2026-08-11,2026-03-21..2026-08-06,baccarat_bet02_101_all_pairs_incl_sentinel,round_win = game_pnl > 0 (decisive only),COMPATIBILITY_ONLY_NOT_PRODUCTION,4059548.3812,3680416.6879,6656.9809,9707,9692,-0.00163983,0.01249836,-0.00525961,-0.00163983,-6656.9809,4059548.3812,OK,0.0000,266.2792,4.0000,96.0000,AG03-UNRESOLVED,ALL5_LEVELS_bet23_to_bet27,266.2792,266.2792,266.2792,0.0000,0.0000,4.000000,4.000000,4.000000,0.000000,0.000000,96.000000,96.000000,96.000000,100.000000,100.000000,5.0,798.8377,767.3102,5858.1432,5889.6706,PENDING_AG03,FALSE,NOT_FOR_ENFORCEMENT,6390.7016,3533200.0204,6656.9809,6390.7016,266.2792,0.00163983,0.00157424,266.2792,6390.7016,0.00157424,266.2792,266.2792,266.2792,0.0000,0.0000,6390.7016,0.00157424,798.8377,767.3102,5858.1432,5889.6706,0.00144305,0.00145082,0.00006559,418.2083,379.7376,0.6869,61.6387,1.8384,37588.4109,89.7407,538.3845,395.5999,218.4789,430.6076,432.5446,432.5446,1046.441,1081.3617,427.0584,0.0,2.43015,2.511246,0.971205,30,216,96,2,0.20383968,0.00163983,-0.01249836,0E-8,0.000000,0.906607,0.000000,0.01775797,2026-03-22,2026-08-06,108,3621,2443,138,0.782609,1.360932,1.287360,0.679466,,,,,,,,GLOBAL_BASELINE_NO_ENTITY_RANKING,,,NOT_APPLICABLE_GLOBAL_BASELINE,HF9g-P5,,,,X 全窗基线 · 不参与实体赏罚,14198047,1420,A168_HF9F_20260827_0900,2026-08-27 09:00:00
2026-04-17,57024343,2205,0,646.3427771195,215.4475923731,215.4475923731,0.5000000,2,2,0.49994810000000000,0.499948100000,0.00014679536856514622,0.00014679536856514622,0.00014679536856514622,0E-17,ELIGIBLE,R03b_20260811_FULL_v1,L1_ELIGIBILITY,v2026-08-11,2026-03-21..2026-08-06,baccarat_bet02_101_all_pairs_incl_sentinel,round_win = game_pnl > 0 (decisive only),COMPATIBILITY_ONLY_NOT_PRODUCTION,4059548.3812,3680416.6879,6656.9809,9707,9692,-0.00163983,0.01249836,-0.00525961,-0.00163983,-6656.9809,4059548.3812,OK,0.0000,266.2792,4.0000,96.0000,AG03-UNRESOLVED,ALL5_LEVELS_bet23_to_bet27,266.2792,266.2792,266.2792,0.0000,0.0000,4.000000,4.000000,4.000000,0.000000,0.000000,96.000000,96.000000,96.000000,100.000000,100.000000,5.0,798.8377,767.3102,5858.1432,5889.6706,PENDING_AG03,FALSE,NOT_FOR_ENFORCEMENT,6390.7016,3533200.0204,6656.9809,6390.7016,266.2792,0.00163983,0.00157424,266.2792,6390.7016,0.00157424,266.2792,266.2792,266.2792,0.0000,0.0000,6390.7016,0.00157424,798.8377,767.3102,5858.1432,5889.6706,0.00144305,0.00145082,0.00006559,418.2083,379.7376,0.6869,61.6387,1.8384,37588.4109,89.7407,538.3845,395.5999,218.4789,430.6076,432.5446,432.5446,1046.441,1081.3617,427.0584,0.0,2.43015,2.511246,0.971205,30,216,96,2,0.20383968,0.00163983,-0.01249836,0E-8,0.000000,0.906607,0.000000,0.01775797,2026-03-22,2026-08-06,108,3621,2443,138,0.782609,1.360932,1.287360,0.679466,,,,,,,,GLOBAL_BASELINE_NO_ENTITY_RANKING,,,NOT_APPLICABLE_GLOBAL_BASELINE,HF9g-P5,,,,X 全窗基线 · 不参与实体赏罚,14198048,1420,A168_HF9F_20260827_0900,2026-08-27 09:00:00
2026-04-17,57024343,2222,0,430.8951847463,409.3504255090,409.3504255090,1.0000000,1,1,0.50665070000000000,0.506650700000,0.9867858985152569,0.9867858985152569,0.9867858985152569,0E-17,ELIGIBLE,R03b_20260811_FULL_v1,L1_ELIGIBILITY,v2026-08-11,2026-03-21..2026-08-06,baccarat_bet02_101_all_pairs_incl_sentinel,round_win = game_pnl > 0 (decisive only),COMPATIBILITY_ONLY_NOT_PRODUCTION,4059548.3812,3680416.6879,6656.9809,9707,9692,-0.00163983,0.01249836,-0.00525961,-0.00163983,-6656.9809,4059548.3812,OK,0.0000,266.2792,4.0000,96.0000,AG03-UNRESOLVED,ALL5_LEVELS_bet23_to_bet27,266.2792,266.2792,266.2792,0.0000,0.0000,4.000000,4.000000,4.000000,0.000000,0.000000,96.000000,96.000000,96.000000,100.000000,100.000000,5.0,798.8377,767.3102,5858.1432,5889.6706,PENDING_AG03,FALSE,NOT_FOR_ENFORCEMENT,6390.7016,3533200.0204,6656.9809,6390.7016,266.2792,0.00163983,0.00157424,266.2792,6390.7016,0.00157424,266.2792,266.2792,266.2792,0.0000,0.0000,6390.7016,0.00157424,798.8377,767.3102,5858.1432,5889.6706,0.00144305,0.00145082,0.00006559,418.2083,379.7376,0.6869,61.6387,1.8384,37588.4109,89.7407,538.3845,395.5999,218.4789,430.6076,432.5446,432.5446,1046.441,1081.3617,427.0584,0.0,2.43015,2.511246,0.971205,30,216,96,2,0.20383968,0.00163983,-0.01249836,0E-8,0.000000,0.906607,0.000000,0.01775797,2026-03-22,2026-08-06,108,3621,2443,138,0.782609,1.360932,1.287360,0.679466,,,,,,,,GLOBAL_BASELINE_NO_ENTITY_RANKING,,,NOT_APPLICABLE_GLOBAL_BASELINE,HF9g-P5,,,,X 全窗基线 · 不参与实体赏罚,14198049,1420,A168_HF9F_20260827_0900,2026-08-27 09:00:00
2026-04-17,57024343,2233,0,2800.8187008510,-473.9847032209,-473.9847032209,0.4000000,6,6,0.50441650000000000,0.504416500000,-0.466983001748531,-0.466983001748531,-0.466983001748531,0E-17,ELIGIBLE,R03b_20260811_FULL_v1,L1_ELIGIBILITY,v2026-08-11,2026-03-21..2026-08-06,baccarat_bet02_101_all_pairs_incl_sentinel,round_win = game_pnl > 0 (decisive only),COMPATIBILITY_ONLY_NOT_PRODUCTION,4059548.3812,3680416.6879,6656.9809,9707,9692,-0.00163983,0.01249836,-0.00525961,-0.00163983,-6656.9809,4059548.3812,OK,0.0000,266.2792,4.0000,96.0000,AG03-UNRESOLVED,ALL5_LEVELS_bet23_to_bet27,266.2792,266.2792,266.2792,0.0000,0.0000,4.000000,4.000000,4.000000,0.000000,0.000000,96.000000,96.000000,96.000000,100.000000,100.000000,5.0,798.8377,767.3102,5858.1432,5889.6706,PENDING_AG03,FALSE,NOT_FOR_ENFORCEMENT,6390.7016,3533200.0204,6656.9809,6390.7016,266.2792,0.00163983,0.00157424,266.2792,6390.7016,0.00157424,266.2792,266.2792,266.2792,0.0000,0.0000,6390.7016,0.00157424,798.8377,767.3102,5858.1432,5889.6706,0.00144305,0.00145082,0.00006559,418.2083,379.7376,0.6869,61.6387,1.8384,37588.4109,89.7407,538.3845,395.5999,218.4789,430.6076,432.5446,432.5446,1046.441,1081.3617,427.0584,0.0,2.43015,2.511246,0.971205,30,216,96,2,0.20383968,0.00163983,-0.01249836,0E-8,0.000000,0.906607,0.000000,0.01775797,2026-03-22,2026-08-06,108,3621,2443,138,0.782609,1.360932,1.287360,0.679466,,,,,,,,GLOBAL_BASELINE_NO_ENTITY_RANKING,,,NOT_APPLICABLE_GLOBAL_BASELINE,HF9g-P5,,,,X 全窗基线 · 不参与实体赏罚,14198050,1420,A168_HF9F_20260827_0900,2026-08-27 09:00:00
2026-04-17,57024343,2242,0,1077.2379618658,1023.3760637725,1023.3760637725,1.0000000,2,2,0.50665070000000000,0.506650700000,1.3955260008387969,1.3955260008387969,1.3955260008387969,0E-17,ELIGIBLE,R03b_20260811_FULL_v1,L1_ELIGIBILITY,v2026-08-11,2026-03-21..2026-08-06,baccarat_bet02_101_all_pairs_incl_sentinel,round_win = game_pnl > 0 (decisive only),COMPATIBILITY_ONLY_NOT_PRODUCTION,4059548.3812,3680416.6879,6656.9809,9707,9692,-0.00163983,0.01249836,-0.00525961,-0.00163983,-6656.9809,4059548.3812,OK,0.0000,266.2792,4.0000,96.0000,AG03-UNRESOLVED,ALL5_LEVELS_bet23_to_bet27,266.2792,266.2792,266.2792,0.0000,0.0000,4.000000,4.000000,4.000000,0.000000,0.000000,96.000000,96.000000,96.000000,100.000000,100.000000,5.0,798.8377,767.3102,5858.1432,5889.6706,PENDING_AG03,FALSE,NOT_FOR_ENFORCEMENT,6390.7016,3533200.0204,6656.9809,6390.7016,266.2792,0.00163983,0.00157424,266.2792,6390.7016,0.00157424,266.2792,266.2792,266.2792,0.0000,0.0000,6390.7016,0.00157424,798.8377,767.3102,5858.1432,5889.6706,0.00144305,0.00145082,0.00006559,418.2083,379.7376,0.6869,61.6387,1.8384,37588.4109,89.7407,538.3845,395.5999,218.4789,430.6076,432.5446,432.5446,1046.441,1081.3617,427.0584,0.0,2.43015,2.511246,0.971205,30,216,96,2,0.20383968,0.00163983,-0.01249836,0E-8,0.000000,0.906607,0.000000,0.01775797,2026-03-22,2026-08-06,108,3621,2443,138,0.782609,1.360932,1.287360,0.679466,,,,,,,,GLOBAL_BASELINE_NO_ENTITY_RANKING,,,NOT_APPLICABLE_GLOBAL_BASELINE,HF9g-P5,,,,X 全窗基线 · 不参与实体赏罚,14198051,1420,A168_HF9F_20260827_0900,2026-08-27 09:00:00
2026-04-17,57024343,2256,0,1508.1331466121,-667.8875363568,-667.8875363568,0.3333333,3,3,0.50665070000000000,0.506650700000,-0.6004420894325239,-0.6004420894325239,-0.6004420894325239,0E-17,ELIGIBLE,R03b_20260811_FULL_v1,L1_ELIGIBILITY,v2026-08-11,2026-03-21..2026-08-06,baccarat_bet02_101_all_pairs_incl_sentinel,round_win = game_pnl > 0 (decisive only),COMPATIBILITY_ONLY_NOT_PRODUCTION,4059548.3812,3680416.6879,6656.9809,9707,9692,-0.00163983,0.01249836,-0.00525961,-0.00163983,-6656.9809,4059548.3812,OK,0.0000,266.2792,4.0000,96.0000,AG03-UNRESOLVED,ALL5_LEVELS_bet23_to_bet27,266.2792,266.2792,266.2792,0.0000,0.0000,4.000000,4.000000,4.000000,0.000000,0.000000,96.000000,96.000000,96.000000,100.000000,100.000000,5.0,798.8377,767.3102,5858.1432,5889.6706,PENDING_AG03,FALSE,NOT_FOR_ENFORCEMENT,6390.7016,3533200.0204,6656.9809,6390.7016,266.2792,0.00163983,0.00157424,266.2792,6390.7016,0.00157424,266.2792,266.2792,266.2792,0.0000,0.0000,6390.7016,0.00157424,798.8377,767.3102,5858.1432,5889.6706,0.00144305,0.00145082,0.00006559,418.2083,379.7376,0.6869,61.6387,1.8384,37588.4109,89.7407,538.3845,395.5999,218.4789,430.6076,432.5446,432.5446,1046.441,1081.3617,427.0584,0.0,2.43015,2.511246,0.971205,30,216,96,2,0.20383968,0.00163983,-0.01249836,0E-8,0.000000,0.906607,0.000000,0.01775797,2026-03-22,2026-08-06,108,3621,2443,138,0.782609,1.360932,1.287360,0.679466,,,,,,,,GLOBAL_BASELINE_NO_ENTITY_RANKING,,,NOT_APPLICABLE_GLOBAL_BASELINE,HF9g-P5,,,,X 全窗基线 · 不参与实体赏罚,14198052,1420,A168_HF9F_20260827_0900,2026-08-27 09:00:00
2026-04-17,57024343,529,0,430.8951847463,409.3504255090,409.3504255090,1.0000000,1,1,0.50665070000000000,0.506650700000,0.9867858985152569,0.9867858985152569,0.9867858985152569,0E-17,ELIGIBLE,R03b_20260811_FULL_v1,L1_ELIGIBILITY,v2026-08-11,2026-03-21..2026-08-06,baccarat_bet02_101_all_pairs_incl_sentinel,round_win = game_pnl > 0 (decisive only),COMPATIBILITY_ONLY_NOT_PRODUCTION,4059548.3812,3680416.6879,6656.9809,9707,9692,-0.00163983,0.01249836,-0.00525961,-0.00163983,-6656.9809,4059548.3812,OK,0.0000,266.2792,4.0000,96.0000,AG03-UNRESOLVED,ALL5_LEVELS_bet23_to_bet27,266.2792,266.2792,266.2792,0.0000,0.0000,4.000000,4.000000,4.000000,0.000000,0.000000,96.000000,96.000000,96.000000,100.000000,100.000000,5.0,798.8377,767.3102,5858.1432,5889.6706,PENDING_AG03,FALSE,NOT_FOR_ENFORCEMENT,6390.7016,3533200.0204,6656.9809,6390.7016,266.2792,0.00163983,0.00157424,266.2792,6390.7016,0.00157424,266.2792,266.2792,266.2792,0.0000,0.0000,6390.7016,0.00157424,798.8377,767.3102,5858.1432,5889.6706,0.00144305,0.00145082,0.00006559,418.2083,379.7376,0.6869,61.6387,1.8384,37588.4109,89.7407,538.3845,395.5999,218.4789,430.6076,432.5446,432.5446,1046.441,1081.3617,427.0584,0.0,2.43015,2.511246,0.971205,30,216,96,2,0.20383968,0.00163983,-0.01249836,0E-8,0.000000,0.906607,0.000000,0.01775797,2026-03-22,2026-08-06,108,3621,2443,138,0.782609,1.360932,1.287360,0.679466,,,,,,,,GLOBAL_BASELINE_NO_ENTITY_RANKING,,,NOT_APPLICABLE_GLOBAL_BASELINE,HF9g-P5,,,,X 全窗基线 · 不参与实体赏罚,14198053,1420,A168_HF9F_20260827_0900,2026-08-27 09:00:00
2026-04-17,57024343,550,0,430.8951847463,-430.8951847463,-430.8951847463,0E-7,1,1,0.50665070000000000,0.506650700000,-1.013391052207602,-1.013391052207602,-1.013391052207602,0E-17,ELIGIBLE,R03b_20260811_FULL_v1,L1_ELIGIBILITY,v2026-08-11,2026-03-21..2026-08-06,baccarat_bet02_101_all_pairs_incl_sentinel,round_win = game_pnl > 0 (decisive only),COMPATIBILITY_ONLY_NOT_PRODUCTION,4059548.3812,3680416.6879,6656.9809,9707,9692,-0.00163983,0.01249836,-0.00525961,-0.00163983,-6656.9809,4059548.3812,OK,0.0000,266.2792,4.0000,96.0000,AG03-UNRESOLVED,ALL5_LEVELS_bet23_to_bet27,266.2792,266.2792,266.2792,0.0000,0.0000,4.000000,4.000000,4.000000,0.000000,0.000000,96.000000,96.000000,96.000000,100.000000,100.000000,5.0,798.8377,767.3102,5858.1432,5889.6706,PENDING_AG03,FALSE,NOT_FOR_ENFORCEMENT,6390.7016,3533200.0204,6656.9809,6390.7016,266.2792,0.00163983,0.00157424,266.2792,6390.7016,0.00157424,266.2792,266.2792,266.2792,0.0000,0.0000,6390.7016,0.00157424,798.8377,767.3102,5858.1432,5889.6706,0.00144305,0.00145082,0.00006559,418.2083,379.7376,0.6869,61.6387,1.8384,37588.4109,89.7407,538.3845,395.5999,218.4789,430.6076,432.5446,432.5446,1046.441,1081.3617,427.0584,0.0,2.43015,2.511246,0.971205,30,216,96,2,0.20383968,0.00163983,-0.01249836,0E-8,0.000000,0.906607,0.000000,0.01775797,2026-03-22,2026-08-06,108,3621,2443,138,0.782609,1.360932,1.287360,0.679466,,,,,,,,GLOBAL_BASELINE_NO_ENTITY_RANKING,,,NOT_APPLICABLE_GLOBAL_BASELINE,HF9g-P5,,,,X 全窗基线 · 不参与实体赏罚,14198054,1420,A168_HF9F_20260827_0900,2026-08-27 09:00:00
2026-04-17,57024343,948,0,861.7903694926,-21.5447592373,-21.5447592373,0.5000000,2,2,0.50665070000000000,0.506650700000,-0.018812684590367487,-0.018812684590367487,-0.018812684590367487,0E-17,ELIGIBLE,R03b_20260811_FULL_v1,L1_ELIGIBILITY,v2026-08-11,2026-03-21..2026-08-06,baccarat_bet02_101_all_pairs_incl_sentinel,round_win = game_pnl > 0 (decisive only),COMPATIBILITY_ONLY_NOT_PRODUCTION,4059548.3812,3680416.6879,6656.9809,9707,9692,-0.00163983,0.01249836,-0.00525961,-0.00163983,-6656.9809,4059548.3812,OK,0.0000,266.2792,4.0000,96.0000,AG03-UNRESOLVED,ALL5_LEVELS_bet23_to_bet27,266.2792,266.2792,266.2792,0.0000,0.0000,4.000000,4.000000,4.000000,0.000000,0.000000,96.000000,96.000000,96.000000,100.000000,100.000000,5.0,798.8377,767.3102,5858.1432,5889.6706,PENDING_AG03,FALSE,NOT_FOR_ENFORCEMENT,6390.7016,3533200.0204,6656.9809,6390.7016,266.2792,0.00163983,0.00157424,266.2792,6390.7016,0.00157424,266.2792,266.2792,266.2792,0.0000,0.0000,6390.7016,0.00157424,798.8377,767.3102,5858.1432,5889.6706,0.00144305,0.00145082,0.00006559,418.2083,379.7376,0.6869,61.6387,1.8384,37588.4109,89.7407,538.3845,395.5999,218.4789,430.6076,432.5446,432.5446,1046.441,1081.3617,427.0584,0.0,2.43015,2.511246,0.971205,30,216,96,2,0.20383968,0.00163983,-0.01249836,0E-8,0.000000,0.906607,0.000000,0.01775797,2026-03-22,2026-08-06,108,3621,2443,138,0.782609,1.360932,1.287360,0.679466,,,,,,,,GLOBAL_BASELINE_NO_ENTITY_RANKING,,,NOT_APPLICABLE_GLOBAL_BASELINE,HF9g-P5,,,,X 全窗基线 · 不参与实体赏罚,14198055,1420,A168_HF9F_20260827_0900,2026-08-27 09:00:00
2026-04-18,57024343,-1,1,7109.7705483140,64.6342777120,64.6342777120,0.5000000,17,17,0.50586215882352941,0.505862158824,-0.04387139510537251,-0.04387139510889481,-0.04387139510537251,-4.7059E-13,SENTINEL_DEALER,R03b_20260811_FULL_v1,L1_ELIGIBILITY,v2026-08-11,2026-03-21..2026-08-06,baccarat_bet02_101_all_pairs_incl_sentinel,round_win = game_pnl > 0 (decisive only),COMPATIBILITY_ONLY_NOT_PRODUCTION,4059548.3812,3680416.6879,6656.9809,9707,9692,-0.00163983,0.01249836,-0.00525961,-0.00163983,-6656.9809,4059548.3812,OK,0.0000,266.2792,4.0000,96.0000,AG03-UNRESOLVED,ALL5_LEVELS_bet23_to_bet27,266.2792,266.2792,266.2792,0.0000,0.0000,4.000000,4.000000,4.000000,0.000000,0.000000,96.000000,96.000000,96.000000,100.000000,100.000000,5.0,798.8377,767.3102,5858.1432,5889.6706,PENDING_AG03,FALSE,NOT_FOR_ENFORCEMENT,6390.7016,3533200.0204,6656.9809,6390.7016,266.2792,0.00163983,0.00157424,266.2792,6390.7016,0.00157424,266.2792,266.2792,266.2792,0.0000,0.0000,6390.7016,0.00157424,798.8377,767.3102,5858.1432,5889.6706,0.00144305,0.00145082,0.00006559,418.2083,379.7376,0.6869,61.6387,1.8384,37588.4109,89.7407,538.3845,395.5999,218.4789,430.6076,432.5446,432.5446,1046.441,1081.3617,427.0584,0.0,2.43015,2.511246,0.971205,30,216,96,2,0.20383968,0.00163983,-0.01249836,0E-8,0.000000,0.906607,0.000000,0.01775797,2026-03-22,2026-08-06,108,3621,2443,138,0.782609,1.360932,1.287360,0.679466,,,,,,,,GLOBAL_BASELINE_NO_ENTITY_RANKING,,,NOT_APPLICABLE_GLOBAL_BASELINE,HF9g-P5,,,,X 全窗基线 · 不参与实体赏罚,14198056,1420,A168_HF9F_20260827_0900,2026-08-27 09:00:00
2026-04-18,57024343,1094,0,430.8951847463,409.3504255090,409.3504255090,1.0000000,1,1,0.50665070000000000,0.506650700000,0.9867858985152569,0.9867858985152569,0.9867858985152569,0E-17,ELIGIBLE,R03b_20260811_FULL_v1,L1_ELIGIBILITY,v2026-08-11,2026-03-21..2026-08-06,baccarat_bet02_101_all_pairs_incl_sentinel,round_win = game_pnl > 0 (decisive only),COMPATIBILITY_ONLY_NOT_PRODUCTION,4059548.3812,3680416.6879,6656.9809,9707,9692,-0.00163983,0.01249836,-0.00525961,-0.00163983,-6656.9809,4059548.3812,OK,0.0000,266.2792,4.0000,96.0000,AG03-UNRESOLVED,ALL5_LEVELS_bet23_to_bet27,266.2792,266.2792,266.2792,0.0000,0.0000,4.000000,4.000000,4.000000,0.000000,0.000000,96.000000,96.000000,96.000000,100.000000,100.000000,5.0,798.8377,767.3102,5858.1432,5889.6706,PENDING_AG03,FALSE,NOT_FOR_ENFORCEMENT,6390.7016,3533200.0204,6656.9809,6390.7016,266.2792,0.00163983,0.00157424,266.2792,6390.7016,0.00157424,266.2792,266.2792,266.2792,0.0000,0.0000,6390.7016,0.00157424,798.8377,767.3102,5858.1432,5889.6706,0.00144305,0.00145082,0.00006559,418.2083,379.7376,0.6869,61.6387,1.8384,37588.4109,89.7407,538.3845,395.5999,218.4789,430.6076,432.5446,432.5446,1046.441,1081.3617,427.0584,0.0,2.43015,2.511246,0.971205,30,216,96,2,0.20383968,0.00163983,-0.01249836,0E-8,0.000000,0.906607,0.000000,0.01775797,2026-03-22,2026-08-06,108,3621,2443,138,0.782609,1.360932,1.287360,0.679466,,,,,,,,GLOBAL_BASELINE_NO_ENTITY_RANKING,,,NOT_APPLICABLE_GLOBAL_BASELINE,HF9g-P5,,,,X 全窗基线 · 不参与实体赏罚,14198057,1420,A168_HF9F_20260827_0900,2026-08-27 09:00:00
2026-04-18,57024343,1109,0,1292.6855542389,387.8056662717,387.8056662717,0.6666667,3,3,0.50665070000000000,0.506650700000,0.5543606114942035,0.5543606114942035,0.5543606114942035,0E-17,ELIGIBLE,R03b_20260811_FULL_v1,L1_ELIGIBILITY,v2026-08-11,2026-03-21..2026-08-06,baccarat_bet02_101_all_pairs_incl_sentinel,round_win = game_pnl > 0 (decisive only),COMPATIBILITY_ONLY_NOT_PRODUCTION,4059548.3812,3680416.6879,6656.9809,9707,9692,-0.00163983,0.01249836,-0.00525961,-0.00163983,-6656.9809,4059548.3812,OK,0.0000,266.2792,4.0000,96.0000,AG03-UNRESOLVED,ALL5_LEVELS_bet23_to_bet27,266.2792,266.2792,266.2792,0.0000,0.0000,4.000000,4.000000,4.000000,0.000000,0.000000,96.000000,96.000000,96.000000,100.000000,100.000000,5.0,798.8377,767.3102,5858.1432,5889.6706,PENDING_AG03,FALSE,NOT_FOR_ENFORCEMENT,6390.7016,3533200.0204,6656.9809,6390.7016,266.2792,0.00163983,0.00157424,266.2792,6390.7016,0.00157424,266.2792,266.2792,266.2792,0.0000,0.0000,6390.7016,0.00157424,798.8377,767.3102,5858.1432,5889.6706,0.00144305,0.00145082,0.00006559,418.2083,379.7376,0.6869,61.6387,1.8384,37588.4109,89.7407,538.3845,395.5999,218.4789,430.6076,432.5446,432.5446,1046.441,1081.3617,427.0584,0.0,2.43015,2.511246,0.971205,30,216,96,2,0.20383968,0.00163983,-0.01249836,0E-8,0.000000,0.906607,0.000000,0.01775797,2026-03-22,2026-08-06,108,3621,2443,138,0.782609,1.360932,1.287360,0.679466,,,,,,,,GLOBAL_BASELINE_NO_ENTITY_RANKING,,,NOT_APPLICABLE_GLOBAL_BASELINE,HF9g-P5,,,,X 全窗基线 · 不参与实体赏罚,14198058,1420,A168_HF9F_20260827_0900,2026-08-27 09:00:00
2026-04-18,57024343,1151,0,861.7903694926,-21.5447592373,-21.5447592373,0.5000000,2,2,0.50665070000000000,0.506650700000,-0.018812684590367487,-0.018812684590367487,-0.018812684590367487,0E-17,ELIGIBLE,R03b_20260811_FULL_v1,L1_ELIGIBILITY,v2026-08-11,2026-03-21..2026-08-06,baccarat_bet02_101_all_pairs_incl_sentinel,round_win = game_pnl > 0 (decisive only),COMPATIBILITY_ONLY_NOT_PRODUCTION,4059548.3812,3680416.6879,6656.9809,9707,9692,-0.00163983,0.01249836,-0.00525961,-0.00163983,-6656.9809,4059548.3812,OK,0.0000,266.2792,4.0000,96.0000,AG03-UNRESOLVED,ALL5_LEVELS_bet23_to_bet27,266.2792,266.2792,266.2792,0.0000,0.0000,4.000000,4.000000,4.000000,0.000000,0.000000,96.000000,96.000000,96.000000,100.000000,100.000000,5.0,798.8377,767.3102,5858.1432,5889.6706,PENDING_AG03,FALSE,NOT_FOR_ENFORCEMENT,6390.7016,3533200.0204,6656.9809,6390.7016,266.2792,0.00163983,0.00157424,266.2792,6390.7016,0.00157424,266.2792,266.2792,266.2792,0.0000,0.0000,6390.7016,0.00157424,798.8377,767.3102,5858.1432,5889.6706,0.00144305,0.00145082,0.00006559,418.2083,379.7376,0.6869,61.6387,1.8384,37588.4109,89.7407,538.3845,395.5999,218.4789,430.6076,432.5446,432.5446,1046.441,1081.3617,427.0584,0.0,2.43015,2.511246,0.971205,30,216,96,2,0.20383968,0.00163983,-0.01249836,0E-8,0.000000,0.906607,0.000000,0.01775797,2026-03-22,2026-08-06,108,3621,2443,138,0.782609,1.360932,1.287360,0.679466,,,,,,,,GLOBAL_BASELINE_NO_ENTITY_RANKING,,,NOT_APPLICABLE_GLOBAL_BASELINE,HF9g-P5,,,,X 全窗基线 · 不参与实体赏罚,14198059,1420,A168_HF9F_20260827_0900,2026-08-27 09:00:00
2026-04-18,57024343,1302,0,3662.6090703436,2219.1102014435,2219.1102014435,0.8750000,8,8,0.50665070000000000,0.506650700000,2.0838826589630113,2.0838826589630113,2.0838826589630113,0E-17,ELIGIBLE,R03b_20260811_FULL_v1,L1_ELIGIBILITY,v2026-08-11,2026-03-21..2026-08-06,baccarat_bet02_101_all_pairs_incl_sentinel,round_win = game_pnl > 0 (decisive only),COMPATIBILITY_ONLY_NOT_PRODUCTION,4059548.3812,3680416.6879,6656.9809,9707,9692,-0.00163983,0.01249836,-0.00525961,-0.00163983,-6656.9809,4059548.3812,OK,0.0000,266.2792,4.0000,96.0000,AG03-UNRESOLVED,ALL5_LEVELS_bet23_to_bet27,266.2792,266.2792,266.2792,0.0000,0.0000,4.000000,4.000000,4.000000,0.000000,0.000000,96.000000,96.000000,96.000000,100.000000,100.000000,5.0,798.8377,767.3102,5858.1432,5889.6706,PENDING_AG03,FALSE,NOT_FOR_ENFORCEMENT,6390.7016,3533200.0204,6656.9809,6390.7016,266.2792,0.00163983,0.00157424,266.2792,6390.7016,0.00157424,266.2792,266.2792,266.2792,0.0000,0.0000,6390.7016,0.00157424,798.8377,767.3102,5858.1432,5889.6706,0.00144305,0.00145082,0.00006559,418.2083,379.7376,0.6869,61.6387,1.8384,37588.4109,89.7407,538.3845,395.5999,218.4789,430.6076,432.5446,432.5446,1046.441,1081.3617,427.0584,0.0,2.43015,2.511246,0.971205,30,216,96,2,0.20383968,0.00163983,-0.01249836,0E-8,0.000000,0.906607,0.000000,0.01775797,2026-03-22,2026-08-06,108,3621,2443,138,0.782609,1.360932,1.287360,0.679466,,,,,,,,GLOBAL_BASELINE_NO_ENTITY_RANKING,,,NOT_APPLICABLE_GLOBAL_BASELINE,HF9g-P5,,,,X 全窗基线 · 不参与实体赏罚,14198060,1420,A168_HF9F_20260827_0900,2026-08-27 09:00:00
2026-04-18,57024343,1307,0,2154.4759237315,1228.0512765270,1228.0512765270,0.8000000,5,5,0.50396966000000000,0.503969660000,1.3239296534401845,1.3239296534401845,1.3239296534401845,0E-17,ELIGIBLE,R03b_20260811_FULL_v1,L1_ELIGIBILITY,v2026-08-11,2026-03-21..2026-08-06,baccarat_bet02_101_all_pairs_incl_sentinel,round_win = game_pnl > 0 (decisive only),COMPATIBILITY_ONLY_NOT_PRODUCTION,4059548.3812,3680416.6879,6656.9809,9707,9692,-0.00163983,0.01249836,-0.00525961,-0.00163983,-6656.9809,4059548.3812,OK,0.0000,266.2792,4.0000,96.0000,AG03-UNRESOLVED,ALL5_LEVELS_bet23_to_bet27,266.2792,266.2792,266.2792,0.0000,0.0000,4.000000,4.000000,4.000000,0.000000,0.000000,96.000000,96.000000,96.000000,100.000000,100.000000,5.0,798.8377,767.3102,5858.1432,5889.6706,PENDING_AG03,FALSE,NOT_FOR_ENFORCEMENT,6390.7016,3533200.0204,6656.9809,6390.7016,266.2792,0.00163983,0.00157424,266.2792,6390.7016,0.00157424,266.2792,266.2792,266.2792,0.0000,0.0000,6390.7016,0.00157424,798.8377,767.3102,5858.1432,5889.6706,0.00144305,0.00145082,0.00006559,418.2083,379.7376,0.6869,61.6387,1.8384,37588.4109,89.7407,538.3845,395.5999,218.4789,430.6076,432.5446,432.5446,1046.441,1081.3617,427.0584,0.0,2.43015,2.511246,0.971205,30,216,96,2,0.20383968,0.00163983,-0.01249836,0E-8,0.000000,0.906607,0.000000,0.01775797,2026-03-22,2026-08-06,108,3621,2443,138,0.782609,1.360932,1.287360,0.679466,,,,,,,,GLOBAL_BASELINE_NO_ENTITY_RANKING,,,NOT_APPLICABLE_GLOBAL_BASELINE,HF9g-P5,,,,X 全窗基线 · 不参与实体赏罚,14198061,1420,A168_HF9F_20260827_0900,2026-08-27 09:00:00
2026-04-18,57024343,1374,0,2154.4759237315,-883.3351287299,-883.3351287299,0.2500000,5,5,0.50665070000000000,0.506650700000,-1.0266936290537745,-1.0266936290537745,-1.0266936290537745,0E-17,ELIGIBLE,R03b_20260811_FULL_v1,L1_ELIGIBILITY,v2026-08-11,2026-03-21..2026-08-06,baccarat_bet02_101_all_pairs_incl_sentinel,round_win = game_pnl > 0 (decisive only),COMPATIBILITY_ONLY_NOT_PRODUCTION,4059548.3812,3680416.6879,6656.9809,9707,9692,-0.00163983,0.01249836,-0.00525961,-0.00163983,-6656.9809,4059548.3812,OK,0.0000,266.2792,4.0000,96.0000,AG03-UNRESOLVED,ALL5_LEVELS_bet23_to_bet27,266.2792,266.2792,266.2792,0.0000,0.0000,4.000000,4.000000,4.000000,0.000000,0.000000,96.000000,96.000000,96.000000,100.000000,100.000000,5.0,798.8377,767.3102,5858.1432,5889.6706,PENDING_AG03,FALSE,NOT_FOR_ENFORCEMENT,6390.7016,3533200.0204,6656.9809,6390.7016,266.2792,0.00163983,0.00157424,266.2792,6390.7016,0.00157424,266.2792,266.2792,266.2792,0.0000,0.0000,6390.7016,0.00157424,798.8377,767.3102,5858.1432,5889.6706,0.00144305,0.00145082,0.00006559,418.2083,379.7376,0.6869,61.6387,1.8384,37588.4109,89.7407,538.3845,395.5999,218.4789,430.6076,432.5446,432.5446,1046.441,1081.3617,427.0584,0.0,2.43015,2.511246,0.971205,30,216,96,2,0.20383968,0.00163983,-0.01249836,0E-8,0.000000,0.906607,0.000000,0.01775797,2026-03-22,2026-08-06,108,3621,2443,138,0.782609,1.360932,1.287360,0.679466,,,,,,,,GLOBAL_BASELINE_NO_ENTITY_RANKING,,,NOT_APPLICABLE_GLOBAL_BASELINE,HF9g-P5,,,,X 全窗基线 · 不参与实体赏罚,14198062,1420,A168_HF9F_20260827_0900,2026-08-27 09:00:00
2026-04-18,57024343,1400,0,430.8951847463,430.8951847463,430.8951847463,1.0000000,1,1,0.49324550000000000,0.493245500000,1.01360149184955,1.01360149184955,1.01360149184955,0E-17,ELIGIBLE,R03b_20260811_FULL_v1,L1_ELIGIBILITY,v2026-08-11,2026-03-21..2026-08-06,baccarat_bet02_101_all_pairs_incl_sentinel,round_win = game_pnl > 0 (decisive only),COMPATIBILITY_ONLY_NOT_PRODUCTION,4059548.3812,3680416.6879,6656.9809,9707,9692,-0.00163983,0.01249836,-0.00525961,-0.00163983,-6656.9809,4059548.3812,OK,0.0000,266.2792,4.0000,96.0000,AG03-UNRESOLVED,ALL5_LEVELS_bet23_to_bet27,266.2792,266.2792,266.2792,0.0000,0.0000,4.000000,4.000000,4.000000,0.000000,0.000000,96.000000,96.000000,96.000000,100.000000,100.000000,5.0,798.8377,767.3102,5858.1432,5889.6706,PENDING_AG03,FALSE,NOT_FOR_ENFORCEMENT,6390.7016,3533200.0204,6656.9809,6390.7016,266.2792,0.00163983,0.00157424,266.2792,6390.7016,0.00157424,266.2792,266.2792,266.2792,0.0000,0.0000,6390.7016,0.00157424,798.8377,767.3102,5858.1432,5889.6706,0.00144305,0.00145082,0.00006559,418.2083,379.7376,0.6869,61.6387,1.8384,37588.4109,89.7407,538.3845,395.5999,218.4789,430.6076,432.5446,432.5446,1046.441,1081.3617,427.0584,0.0,2.43015,2.511246,0.971205,30,216,96,2,0.20383968,0.00163983,-0.01249836,0E-8,0.000000,0.906607,0.000000,0.01775797,2026-03-22,2026-08-06,108,3621,2443,138,0.782609,1.360932,1.287360,0.679466,,,,,,,,GLOBAL_BASELINE_NO_ENTITY_RANKING,,,NOT_APPLICABLE_GLOBAL_BASELINE,HF9g-P5,,,,X 全窗基线 · 不参与实体赏罚,14198063,1420,A168_HF9F_20260827_0900,2026-08-27 09:00:00
2026-04-18,57024343,1490,0,1723.5807389852,-452.4399439836,-452.4399439836,0.3333333,4,4,0.50665070000000000,0.506650700000,-0.6004420894325239,-0.6004420894325239,-0.6004420894325239,0E-17,ELIGIBLE,R03b_20260811_FULL_v1,L1_ELIGIBILITY,v2026-08-11,2026-03-21..2026-08-06,baccarat_bet02_101_all_pairs_incl_sentinel,round_win = game_pnl > 0 (decisive only),COMPATIBILITY_ONLY_NOT_PRODUCTION,4059548.3812,3680416.6879,6656.9809,9707,9692,-0.00163983,0.01249836,-0.00525961,-0.00163983,-6656.9809,4059548.3812,OK,0.0000,266.2792,4.0000,96.0000,AG03-UNRESOLVED,ALL5_LEVELS_bet23_to_bet27,266.2792,266.2792,266.2792,0.0000,0.0000,4.000000,4.000000,4.000000,0.000000,0.000000,96.000000,96.000000,96.000000,100.000000,100.000000,5.0,798.8377,767.3102,5858.1432,5889.6706,PENDING_AG03,FALSE,NOT_FOR_ENFORCEMENT,6390.7016,3533200.0204,6656.9809,6390.7016,266.2792,0.00163983,0.00157424,266.2792,6390.7016,0.00157424,266.2792,266.2792,266.2792,0.0000,0.0000,6390.7016,0.00157424,798.8377,767.3102,5858.1432,5889.6706,0.00144305,0.00145082,0.00006559,418.2083,379.7376,0.6869,61.6387,1.8384,37588.4109,89.7407,538.3845,395.5999,218.4789,430.6076,432.5446,432.5446,1046.441,1081.3617,427.0584,0.0,2.43015,2.511246,0.971205,30,216,96,2,0.20383968,0.00163983,-0.01249836,0E-8,0.000000,0.906607,0.000000,0.01775797,2026-03-22,2026-08-06,108,3621,2443,138,0.782609,1.360932,1.287360,0.679466,,,,,,,,GLOBAL_BASELINE_NO_ENTITY_RANKING,,,NOT_APPLICABLE_GLOBAL_BASELINE,HF9g-P5,,,,X 全窗基线 · 不参与实体赏罚,14198064,1420,A168_HF9F_20260827_0900,2026-08-27 09:00:00
2026-04-18,57024343,1957,0,430.8951847463,409.3504255090,409.3504255090,1.0000000,1,1,0.50665070000000000,0.506650700000,0.9867858985152569,0.9867858985152569,0.9867858985152569,0E-17,ELIGIBLE,R03b_20260811_FULL_v1,L1_ELIGIBILITY,v2026-08-11,2026-03-21..2026-08-06,baccarat_bet02_101_all_pairs_incl_sentinel,round_win = game_pnl > 0 (decisive only),COMPATIBILITY_ONLY_NOT_PRODUCTION,4059548.3812,3680416.6879,6656.9809,9707,9692,-0.00163983,0.01249836,-0.00525961,-0.00163983,-6656.9809,4059548.3812,OK,0.0000,266.2792,4.0000,96.0000,AG03-UNRESOLVED,ALL5_LEVELS_bet23_to_bet27,266.2792,266.2792,266.2792,0.0000,0.0000,4.000000,4.000000,4.000000,0.000000,0.000000,96.000000,96.000000,96.000000,100.000000,100.000000,5.0,798.8377,767.3102,5858.1432,5889.6706,PENDING_AG03,FALSE,NOT_FOR_ENFORCEMENT,6390.7016,3533200.0204,6656.9809,6390.7016,266.2792,0.00163983,0.00157424,266.2792,6390.7016,0.00157424,266.2792,266.2792,266.2792,0.0000,0.0000,6390.7016,0.00157424,798.8377,767.3102,5858.1432,5889.6706,0.00144305,0.00145082,0.00006559,418.2083,379.7376,0.6869,61.6387,1.8384,37588.4109,89.7407,538.3845,395.5999,218.4789,430.6076,432.5446,432.5446,1046.441,1081.3617,427.0584,0.0,2.43015,2.511246,0.971205,30,216,96,2,0.20383968,0.00163983,-0.01249836,0E-8,0.000000,0.906607,0.000000,0.01775797,2026-03-22,2026-08-06,108,3621,2443,138,0.782609,1.360932,1.287360,0.679466,,,,,,,,GLOBAL_BASELINE_NO_ENTITY_RANKING,,,NOT_APPLICABLE_GLOBAL_BASELINE,HF9g-P5,,,,X 全窗基线 · 不参与实体赏罚,14198065,1420,A168_HF9F_20260827_0900,2026-08-27 09:00:00
2026-04-18,57024343,1985,0,1723.5807389852,818.7008510180,818.7008510180,0.7500000,4,4,0.49994810000000000,0.499948100000,1.0002076053883384,1.0002076053883384,1.0002076053883384,0E-17,ELIGIBLE,R03b_20260811_FULL_v1,L1_ELIGIBILITY,v2026-08-11,2026-03-21..2026-08-06,baccarat_bet02_101_all_pairs_incl_sentinel,round_win = game_pnl > 0 (decisive only),COMPATIBILITY_ONLY_NOT_PRODUCTION,4059548.3812,3680416.6879,6656.9809,9707,9692,-0.00163983,0.01249836,-0.00525961,-0.00163983,-6656.9809,4059548.3812,OK,0.0000,266.2792,4.0000,96.0000,AG03-UNRESOLVED,ALL5_LEVELS_bet23_to_bet27,266.2792,266.2792,266.2792,0.0000,0.0000,4.000000,4.000000,4.000000,0.000000,0.000000,96.000000,96.000000,96.000000,100.000000,100.000000,5.0,798.8377,767.3102,5858.1432,5889.6706,PENDING_AG03,FALSE,NOT_FOR_ENFORCEMENT,6390.7016,3533200.0204,6656.9809,6390.7016,266.2792,0.00163983,0.00157424,266.2792,6390.7016,0.00157424,266.2792,266.2792,266.2792,0.0000,0.0000,6390.7016,0.00157424,798.8377,767.3102,5858.1432,5889.6706,0.00144305,0.00145082,0.00006559,418.2083,379.7376,0.6869,61.6387,1.8384,37588.4109,89.7407,538.3845,395.5999,218.4789,430.6076,432.5446,432.5446,1046.441,1081.3617,427.0584,0.0,2.43015,2.511246,0.971205,30,216,96,2,0.20383968,0.00163983,-0.01249836,0E-8,0.000000,0.906607,0.000000,0.01775797,2026-03-22,2026-08-06,108,3621,2443,138,0.782609,1.360932,1.287360,0.679466,,,,,,,,GLOBAL_BASELINE_NO_ENTITY_RANKING,,,NOT_APPLICABLE_GLOBAL_BASELINE,HF9g-P5,,,,X 全窗基线 · 不参与实体赏罚,14198066,1420,A168_HF9F_20260827_0900,2026-08-27 09:00:00
2026-04-18,57024343,2108,0,1723.5807389852,-1723.5807389852,-1723.5807389852,0E-7,4,4,0.50665070000000000,0.506650700000,-2.026782104415204,-2.026782104415204,-2.026782104415204,0E-17,ELIGIBLE,R03b_20260811_FULL_v1,L1_ELIGIBILITY,v2026-08-11,2026-03-21..2026-08-06,baccarat_bet02_101_all_pairs_incl_sentinel,round_win = game_pnl > 0 (decisive only),COMPATIBILITY_ONLY_NOT_PRODUCTION,4059548.3812,3680416.6879,6656.9809,9707,9692,-0.00163983,0.01249836,-0.00525961,-0.00163983,-6656.9809,4059548.3812,OK,0.0000,266.2792,4.0000,96.0000,AG03-UNRESOLVED,ALL5_LEVELS_bet23_to_bet27,266.2792,266.2792,266.2792,0.0000,0.0000,4.000000,4.000000,4.000000,0.000000,0.000000,96.000000,96.000000,96.000000,100.000000,100.000000,5.0,798.8377,767.3102,5858.1432,5889.6706,PENDING_AG03,FALSE,NOT_FOR_ENFORCEMENT,6390.7016,3533200.0204,6656.9809,6390.7016,266.2792,0.00163983,0.00157424,266.2792,6390.7016,0.00157424,266.2792,266.2792,266.2792,0.0000,0.0000,6390.7016,0.00157424,798.8377,767.3102,5858.1432,5889.6706,0.00144305,0.00145082,0.00006559,418.2083,379.7376,0.6869,61.6387,1.8384,37588.4109,89.7407,538.3845,395.5999,218.4789,430.6076,432.5446,432.5446,1046.441,1081.3617,427.0584,0.0,2.43015,2.511246,0.971205,30,216,96,2,0.20383968,0.00163983,-0.01249836,0E-8,0.000000,0.906607,0.000000,0.01775797,2026-03-22,2026-08-06,108,3621,2443,138,0.782609,1.360932,1.287360,0.679466,,,,,,,,GLOBAL_BASELINE_NO_ENTITY_RANKING,,,NOT_APPLICABLE_GLOBAL_BASELINE,HF9g-P5,,,,X 全窗基线 · 不参与实体赏罚,14198067,1420,A168_HF9F_20260827_0900,2026-08-27 09:00:00
2026-04-18,57024343,2129,0,1723.5807389852,-43.0895184746,-43.0895184746,0.5000000,4,4,0.49994810000000000,0.499948100000,0.00020760000111838688,0.00020760000111838688,0.00020760000111838688,0E-17,ELIGIBLE,R03b_20260811_FULL_v1,L1_ELIGIBILITY,v2026-08-11,2026-03-21..2026-08-06,baccarat_bet02_101_all_pairs_incl_sentinel,round_win = game_pnl > 0 (decisive only),COMPATIBILITY_ONLY_NOT_PRODUCTION,4059548.3812,3680416.6879,6656.9809,9707,9692,-0.00163983,0.01249836,-0.00525961,-0.00163983,-6656.9809,4059548.3812,OK,0.0000,266.2792,4.0000,96.0000,AG03-UNRESOLVED,ALL5_LEVELS_bet23_to_bet27,266.2792,266.2792,266.2792,0.0000,0.0000,4.000000,4.000000,4.000000,0.000000,0.000000,96.000000,96.000000,96.000000,100.000000,100.000000,5.0,798.8377,767.3102,5858.1432,5889.6706,PENDING_AG03,FALSE,NOT_FOR_ENFORCEMENT,6390.7016,3533200.0204,6656.9809,6390.7016,266.2792,0.00163983,0.00157424,266.2792,6390.7016,0.00157424,266.2792,266.2792,266.2792,0.0000,0.0000,6390.7016,0.00157424,798.8377,767.3102,5858.1432,5889.6706,0.00144305,0.00145082,0.00006559,418.2083,379.7376,0.6869,61.6387,1.8384,37588.4109,89.7407,538.3845,395.5999,218.4789,430.6076,432.5446,432.5446,1046.441,1081.3617,427.0584,0.0,2.43015,2.511246,0.971205,30,216,96,2,0.20383968,0.00163983,-0.01249836,0E-8,0.000000,0.906607,0.000000,0.01775797,2026-03-22,2026-08-06,108,3621,2443,138,0.782609,1.360932,1.287360,0.679466,,,,,,,,GLOBAL_BASELINE_NO_ENTITY_RANKING,,,NOT_APPLICABLE_GLOBAL_BASELINE,HF9g-P5,,,,X 全窗基线 · 不参与实体赏罚,14198068,1420,A168_HF9F_20260827_0900,2026-08-27 09:00:00
2026-04-18,57024343,2145,0,861.7903694926,861.7903694926,861.7903694926,1.0000000,2,2,0.49324550000000000,0.493245500000,1.4334489766152358,1.4334489766152358,1.4334489766152358,0E-17,ELIGIBLE,R03b_20260811_FULL_v1,L1_ELIGIBILITY,v2026-08-11,2026-03-21..2026-08-06,baccarat_bet02_101_all_pairs_incl_sentinel,round_win = game_pnl > 0 (decisive only),COMPATIBILITY_ONLY_NOT_PRODUCTION,4059548.3812,3680416.6879,6656.9809,9707,9692,-0.00163983,0.01249836,-0.00525961,-0.00163983,-6656.9809,4059548.3812,OK,0.0000,266.2792,4.0000,96.0000,AG03-UNRESOLVED,ALL5_LEVELS_bet23_to_bet27,266.2792,266.2792,266.2792,0.0000,0.0000,4.000000,4.000000,4.000000,0.000000,0.000000,96.000000,96.000000,96.000000,100.000000,100.000000,5.0,798.8377,767.3102,5858.1432,5889.6706,PENDING_AG03,FALSE,NOT_FOR_ENFORCEMENT,6390.7016,3533200.0204,6656.9809,6390.7016,266.2792,0.00163983,0.00157424,266.2792,6390.7016,0.00157424,266.2792,266.2792,266.2792,0.0000,0.0000,6390.7016,0.00157424,798.8377,767.3102,5858.1432,5889.6706,0.00144305,0.00145082,0.00006559,418.2083,379.7376,0.6869,61.6387,1.8384,37588.4109,89.7407,538.3845,395.5999,218.4789,430.6076,432.5446,432.5446,1046.441,1081.3617,427.0584,0.0,2.43015,2.511246,0.971205,30,216,96,2,0.20383968,0.00163983,-0.01249836,0E-8,0.000000,0.906607,0.000000,0.01775797,2026-03-22,2026-08-06,108,3621,2443,138,0.782609,1.360932,1.287360,0.679466,,,,,,,,GLOBAL_BASELINE_NO_ENTITY_RANKING,,,NOT_APPLICABLE_GLOBAL_BASELINE,HF9g-P5,,,,X 全窗基线 · 不参与实体赏罚,14198069,1420,A168_HF9F_20260827_0900,2026-08-27 09:00:00
2026-04-18,57024343,2153,0,2154.4759237315,-43.0895184746,-43.0895184746,0.5000000,5,5,0.50665070000000000,0.506650700000,-0.02660515369234503,-0.02660515369234503,-0.02660515369234503,0E-17,ELIGIBLE,R03b_20260811_FULL_v1,L1_ELIGIBILITY,v2026-08-11,2026-03-21..2026-08-06,baccarat_bet02_101_all_pairs_incl_sentinel,round_win = game_pnl > 0 (decisive only),COMPATIBILITY_ONLY_NOT_PRODUCTION,4059548.3812,3680416.6879,6656.9809,9707,9692,-0.00163983,0.01249836,-0.00525961,-0.00163983,-6656.9809,4059548.3812,OK,0.0000,266.2792,4.0000,96.0000,AG03-UNRESOLVED,ALL5_LEVELS_bet23_to_bet27,266.2792,266.2792,266.2792,0.0000,0.0000,4.000000,4.000000,4.000000,0.000000,0.000000,96.000000,96.000000,96.000000,100.000000,100.000000,5.0,798.8377,767.3102,5858.1432,5889.6706,PENDING_AG03,FALSE,NOT_FOR_ENFORCEMENT,6390.7016,3533200.0204,6656.9809,6390.7016,266.2792,0.00163983,0.00157424,266.2792,6390.7016,0.00157424,266.2792,266.2792,266.2792,0.0000,0.0000,6390.7016,0.00157424,798.8377,767.3102,5858.1432,5889.6706,0.00144305,0.00145082,0.00006559,418.2083,379.7376,0.6869,61.6387,1.8384,37588.4109,89.7407,538.3845,395.5999,218.4789,430.6076,432.5446,432.5446,1046.441,1081.3617,427.0584,0.0,2.43015,2.511246,0.971205,30,216,96,2,0.20383968,0.00163983,-0.01249836,0E-8,0.000000,0.906607,0.000000,0.01775797,2026-03-22,2026-08-06,108,3621,2443,138,0.782609,1.360932,1.287360,0.679466,,,,,,,,GLOBAL_BASELINE_NO_ENTITY_RANKING,,,NOT_APPLICABLE_GLOBAL_BASELINE,HF9g-P5,,,,X 全窗基线 · 不参与实体赏罚,14198070,1420,A168_HF9F_20260827_0900,2026-08-27 09:00:00
2026-04-18,57024343,2201,0,1292.6855542389,387.8056662717,387.8056662717,0.6666667,3,3,0.50665070000000000,0.506650700000,0.5543606114942035,0.5543606114942035,0.5543606114942035,0E-17,ELIGIBLE,R03b_20260811_FULL_v1,L1_ELIGIBILITY,v2026-08-11,2026-03-21..2026-08-06,baccarat_bet02_101_all_pairs_incl_sentinel,round_win = game_pnl > 0 (decisive only),COMPATIBILITY_ONLY_NOT_PRODUCTION,4059548.3812,3680416.6879,6656.9809,9707,9692,-0.00163983,0.01249836,-0.00525961,-0.00163983,-6656.9809,4059548.3812,OK,0.0000,266.2792,4.0000,96.0000,AG03-UNRESOLVED,ALL5_LEVELS_bet23_to_bet27,266.2792,266.2792,266.2792,0.0000,0.0000,4.000000,4.000000,4.000000,0.000000,0.000000,96.000000,96.000000,96.000000,100.000000,100.000000,5.0,798.8377,767.3102,5858.1432,5889.6706,PENDING_AG03,FALSE,NOT_FOR_ENFORCEMENT,6390.7016,3533200.0204,6656.9809,6390.7016,266.2792,0.00163983,0.00157424,266.2792,6390.7016,0.00157424,266.2792,266.2792,266.2792,0.0000,0.0000,6390.7016,0.00157424,798.8377,767.3102,5858.1432,5889.6706,0.00144305,0.00145082,0.00006559,418.2083,379.7376,0.6869,61.6387,1.8384,37588.4109,89.7407,538.3845,395.5999,218.4789,430.6076,432.5446,432.5446,1046.441,1081.3617,427.0584,0.0,2.43015,2.511246,0.971205,30,216,96,2,0.20383968,0.00163983,-0.01249836,0E-8,0.000000,0.906607,0.000000,0.01775797,2026-03-22,2026-08-06,108,3621,2443,138,0.782609,1.360932,1.287360,0.679466,,,,,,,,GLOBAL_BASELINE_NO_ENTITY_RANKING,,,NOT_APPLICABLE_GLOBAL_BASELINE,HF9g-P5,,,,X 全窗基线 · 不参与实体赏罚,14198071,1420,A168_HF9F_20260827_0900,2026-08-27 09:00:00
2026-04-18,57024343,2220,0,430.8951847463,409.3504255090,409.3504255090,1.0000000,1,1,0.50665070000000000,0.506650700000,0.9867858985152569,0.9867858985152569,0.9867858985152569,0E-17,ELIGIBLE,R03b_20260811_FULL_v1,L1_ELIGIBILITY,v2026-08-11,2026-03-21..2026-08-06,baccarat_bet02_101_all_pairs_incl_sentinel,round_win = game_pnl > 0 (decisive only),COMPATIBILITY_ONLY_NOT_PRODUCTION,4059548.3812,3680416.6879,6656.9809,9707,9692,-0.00163983,0.01249836,-0.00525961,-0.00163983,-6656.9809,4059548.3812,OK,0.0000,266.2792,4.0000,96.0000,AG03-UNRESOLVED,ALL5_LEVELS_bet23_to_bet27,266.2792,266.2792,266.2792,0.0000,0.0000,4.000000,4.000000,4.000000,0.000000,0.000000,96.000000,96.000000,96.000000,100.000000,100.000000,5.0,798.8377,767.3102,5858.1432,5889.6706,PENDING_AG03,FALSE,NOT_FOR_ENFORCEMENT,6390.7016,3533200.0204,6656.9809,6390.7016,266.2792,0.00163983,0.00157424,266.2792,6390.7016,0.00157424,266.2792,266.2792,266.2792,0.0000,0.0000,6390.7016,0.00157424,798.8377,767.3102,5858.1432,5889.6706,0.00144305,0.00145082,0.00006559,418.2083,379.7376,0.6869,61.6387,1.8384,37588.4109,89.7407,538.3845,395.5999,218.4789,430.6076,432.5446,432.5446,1046.441,1081.3617,427.0584,0.0,2.43015,2.511246,0.971205,30,216,96,2,0.20383968,0.00163983,-0.01249836,0E-8,0.000000,0.906607,0.000000,0.01775797,2026-03-22,2026-08-06,108,3621,2443,138,0.782609,1.360932,1.287360,0.679466,,,,,,,,GLOBAL_BASELINE_NO_ENTITY_RANKING,,,NOT_APPLICABLE_GLOBAL_BASELINE,HF9g-P5,,,,X 全窗基线 · 不参与实体赏罚,14198072,1420,A168_HF9F_20260827_0900,2026-08-27 09:00:00
2026-04-18,57024343,2234,0,1292.6855542389,-452.4399439836,-452.4399439836,0.3333333,3,3,0.50665070000000000,0.506650700000,-0.6004420894325239,-0.6004420894325239,-0.6004420894325239,0E-17,ELIGIBLE,R03b_20260811_FULL_v1,L1_ELIGIBILITY,v2026-08-11,2026-03-21..2026-08-06,baccarat_bet02_101_all_pairs_incl_sentinel,round_win = game_pnl > 0 (decisive only),COMPATIBILITY_ONLY_NOT_PRODUCTION,4059548.3812,3680416.6879,6656.9809,9707,9692,-0.00163983,0.01249836,-0.00525961,-0.00163983,-6656.9809,4059548.3812,OK,0.0000,266.2792,4.0000,96.0000,AG03-UNRESOLVED,ALL5_LEVELS_bet23_to_bet27,266.2792,266.2792,266.2792,0.0000,0.0000,4.000000,4.000000,4.000000,0.000000,0.000000,96.000000,96.000000,96.000000,100.000000,100.000000,5.0,798.8377,767.3102,5858.1432,5889.6706,PENDING_AG03,FALSE,NOT_FOR_ENFORCEMENT,6390.7016,3533200.0204,6656.9809,6390.7016,266.2792,0.00163983,0.00157424,266.2792,6390.7016,0.00157424,266.2792,266.2792,266.2792,0.0000,0.0000,6390.7016,0.00157424,798.8377,767.3102,5858.1432,5889.6706,0.00144305,0.00145082,0.00006559,418.2083,379.7376,0.6869,61.6387,1.8384,37588.4109,89.7407,538.3845,395.5999,218.4789,430.6076,432.5446,432.5446,1046.441,1081.3617,427.0584,0.0,2.43015,2.511246,0.971205,30,216,96,2,0.20383968,0.00163983,-0.01249836,0E-8,0.000000,0.906607,0.000000,0.01775797,2026-03-22,2026-08-06,108,3621,2443,138,0.782609,1.360932,1.287360,0.679466,,,,,,,,GLOBAL_BASELINE_NO_ENTITY_RANKING,,,NOT_APPLICABLE_GLOBAL_BASELINE,HF9g-P5,,,,X 全窗基线 · 不参与实体赏罚,14198073,1420,A168_HF9F_20260827_0900,2026-08-27 09:00:00
2026-04-18,57024343,2239,0,430.8951847463,409.3504255090,409.3504255090,1.0000000,1,1,0.50665070000000000,0.506650700000,0.9867858985152569,0.9867858985152569,0.9867858985152569,0E-17,ELIGIBLE,R03b_20260811_FULL_v1,L1_ELIGIBILITY,v2026-08-11,2026-03-21..2026-08-06,baccarat_bet02_101_all_pairs_incl_sentinel,round_win = game_pnl > 0 (decisive only),COMPATIBILITY_ONLY_NOT_PRODUCTION,4059548.3812,3680416.6879,6656.9809,9707,9692,-0.00163983,0.01249836,-0.00525961,-0.00163983,-6656.9809,4059548.3812,OK,0.0000,266.2792,4.0000,96.0000,AG03-UNRESOLVED,ALL5_LEVELS_bet23_to_bet27,266.2792,266.2792,266.2792,0.0000,0.0000,4.000000,4.000000,4.000000,0.000000,0.000000,96.000000,96.000000,96.000000,100.000000,100.000000,5.0,798.8377,767.3102,5858.1432,5889.6706,PENDING_AG03,FALSE,NOT_FOR_ENFORCEMENT,6390.7016,3533200.0204,6656.9809,6390.7016,266.2792,0.00163983,0.00157424,266.2792,6390.7016,0.00157424,266.2792,266.2792,266.2792,0.0000,0.0000,6390.7016,0.00157424,798.8377,767.3102,5858.1432,5889.6706,0.00144305,0.00145082,0.00006559,418.2083,379.7376,0.6869,61.6387,1.8384,37588.4109,89.7407,538.3845,395.5999,218.4789,430.6076,432.5446,432.5446,1046.441,1081.3617,427.0584,0.0,2.43015,2.511246,0.971205,30,216,96,2,0.20383968,0.00163983,-0.01249836,0E-8,0.000000,0.906607,0.000000,0.01775797,2026-03-22,2026-08-06,108,3621,2443,138,0.782609,1.360932,1.287360,0.679466,,,,,,,,GLOBAL_BASELINE_NO_ENTITY_RANKING,,,NOT_APPLICABLE_GLOBAL_BASELINE,HF9g-P5,,,,X 全窗基线 · 不参与实体赏罚,14198074,1420,A168_HF9F_20260827_0900,2026-08-27 09:00:00
2026-04-18,57024343,2248,0,2154.4759237315,-1314.2303134762,-1314.2303134762,0.2000000,5,5,0.50396966000000000,0.503969660000,-1.3594364909357963,-1.3594364909357963,-1.3594364909357963,0E-17,ELIGIBLE,R03b_20260811_FULL_v1,L1_ELIGIBILITY,v2026-08-11,2026-03-21..2026-08-06,baccarat_bet02_101_all_pairs_incl_sentinel,round_win = game_pnl > 0 (decisive only),COMPATIBILITY_ONLY_NOT_PRODUCTION,4059548.3812,3680416.6879,6656.9809,9707,9692,-0.00163983,0.01249836,-0.00525961,-0.00163983,-6656.9809,4059548.3812,OK,0.0000,266.2792,4.0000,96.0000,AG03-UNRESOLVED,ALL5_LEVELS_bet23_to_bet27,266.2792,266.2792,266.2792,0.0000,0.0000,4.000000,4.000000,4.000000,0.000000,0.000000,96.000000,96.000000,96.000000,100.000000,100.000000,5.0,798.8377,767.3102,5858.1432,5889.6706,PENDING_AG03,FALSE,NOT_FOR_ENFORCEMENT,6390.7016,3533200.0204,6656.9809,6390.7016,266.2792,0.00163983,0.00157424,266.2792,6390.7016,0.00157424,266.2792,266.2792,266.2792,0.0000,0.0000,6390.7016,0.00157424,798.8377,767.3102,5858.1432,5889.6706,0.00144305,0.00145082,0.00006559,418.2083,379.7376,0.6869,61.6387,1.8384,37588.4109,89.7407,538.3845,395.5999,218.4789,430.6076,432.5446,432.5446,1046.441,1081.3617,427.0584,0.0,2.43015,2.511246,0.971205,30,216,96,2,0.20383968,0.00163983,-0.01249836,0E-8,0.000000,0.906607,0.000000,0.01775797,2026-03-22,2026-08-06,108,3621,2443,138,0.782609,1.360932,1.287360,0.679466,,,,,,,,GLOBAL_BASELINE_NO_ENTITY_RANKING,,,NOT_APPLICABLE_GLOBAL_BASELINE,HF9g-P5,,,,X 全窗基线 · 不参与实体赏罚,14198075,1420,A168_HF9F_20260827_0900,2026-08-27 09:00:00
2026-04-18,57024343,2252,0,3662.6090703436,-43.0895184746,-43.0895184746,0.5000000,8,8,0.49827245000000000,0.498272450000,0.008463282526572578,0.008463282526572578,0.008463282526572578,0E-17,ELIGIBLE,R03b_20260811_FULL_v1,L1_ELIGIBILITY,v2026-08-11,2026-03-21..2026-08-06,baccarat_bet02_101_all_pairs_incl_sentinel,round_win = game_pnl > 0 (decisive only),COMPATIBILITY_ONLY_NOT_PRODUCTION,4059548.3812,3680416.6879,6656.9809,9707,9692,-0.00163983,0.01249836,-0.00525961,-0.00163983,-6656.9809,4059548.3812,OK,0.0000,266.2792,4.0000,96.0000,AG03-UNRESOLVED,ALL5_LEVELS_bet23_to_bet27,266.2792,266.2792,266.2792,0.0000,0.0000,4.000000,4.000000,4.000000,0.000000,0.000000,96.000000,96.000000,96.000000,100.000000,100.000000,5.0,798.8377,767.3102,5858.1432,5889.6706,PENDING_AG03,FALSE,NOT_FOR_ENFORCEMENT,6390.7016,3533200.0204,6656.9809,6390.7016,266.2792,0.00163983,0.00157424,266.2792,6390.7016,0.00157424,266.2792,266.2792,266.2792,0.0000,0.0000,6390.7016,0.00157424,798.8377,767.3102,5858.1432,5889.6706,0.00144305,0.00145082,0.00006559,418.2083,379.7376,0.6869,61.6387,1.8384,37588.4109,89.7407,538.3845,395.5999,218.4789,430.6076,432.5446,432.5446,1046.441,1081.3617,427.0584,0.0,2.43015,2.511246,0.971205,30,216,96,2,0.20383968,0.00163983,-0.01249836,0E-8,0.000000,0.906607,0.000000,0.01775797,2026-03-22,2026-08-06,108,3621,2443,138,0.782609,1.360932,1.287360,0.679466,,,,,,,,GLOBAL_BASELINE_NO_ENTITY_RANKING,,,NOT_APPLICABLE_GLOBAL_BASELINE,HF9g-P5,,,,X 全窗基线 · 不参与实体赏罚,14198076,1420,A168_HF9F_20260827_0900,2026-08-27 09:00:00
2026-04-18,57024343,919,0,1292.6855542389,-861.7903694926,-861.7903694926,0E-7,3,3,0.50665070000000000,0.506650700000,-1.4331513700195317,-1.4331513700195317,-1.4331513700195317,0E-17,ELIGIBLE,R03b_20260811_FULL_v1,L1_ELIGIBILITY,v2026-08-11,2026-03-21..2026-08-06,baccarat_bet02_101_all_pairs_incl_sentinel,round_win = game_pnl > 0 (decisive only),COMPATIBILITY_ONLY_NOT_PRODUCTION,4059548.3812,3680416.6879,6656.9809,9707,9692,-0.00163983,0.01249836,-0.00525961,-0.00163983,-6656.9809,4059548.3812,OK,0.0000,266.2792,4.0000,96.0000,AG03-UNRESOLVED,ALL5_LEVELS_bet23_to_bet27,266.2792,266.2792,266.2792,0.0000,0.0000,4.000000,4.000000,4.000000,0.000000,0.000000,96.000000,96.000000,96.000000,100.000000,100.000000,5.0,798.8377,767.3102,5858.1432,5889.6706,PENDING_AG03,FALSE,NOT_FOR_ENFORCEMENT,6390.7016,3533200.0204,6656.9809,6390.7016,266.2792,0.00163983,0.00157424,266.2792,6390.7016,0.00157424,266.2792,266.2792,266.2792,0.0000,0.0000,6390.7016,0.00157424,798.8377,767.3102,5858.1432,5889.6706,0.00144305,0.00145082,0.00006559,418.2083,379.7376,0.6869,61.6387,1.8384,37588.4109,89.7407,538.3845,395.5999,218.4789,430.6076,432.5446,432.5446,1046.441,1081.3617,427.0584,0.0,2.43015,2.511246,0.971205,30,216,96,2,0.20383968,0.00163983,-0.01249836,0E-8,0.000000,0.906607,0.000000,0.01775797,2026-03-22,2026-08-06,108,3621,2443,138,0.782609,1.360932,1.287360,0.679466,,,,,,,,GLOBAL_BASELINE_NO_ENTITY_RANKING,,,NOT_APPLICABLE_GLOBAL_BASELINE,HF9g-P5,,,,X 全窗基线 · 不参与实体赏罚,14198077,1420,A168_HF9F_20260827_0900,2026-08-27 09:00:00
2026-04-18,57024343,994,0,3016.2662932241,-495.5294624582,-495.5294624582,0.4285714,7,7,0.50665070000000000,0.506650700000,-0.4131932236838825,-0.4131932236838825,-0.4131932236838825,0E-17,ELIGIBLE,R03b_20260811_FULL_v1,L1_ELIGIBILITY,v2026-08-11,2026-03-21..2026-08-06,baccarat_bet02_101_all_pairs_incl_sentinel,round_win = game_pnl > 0 (decisive only),COMPATIBILITY_ONLY_NOT_PRODUCTION,4059548.3812,3680416.6879,6656.9809,9707,9692,-0.00163983,0.01249836,-0.00525961,-0.00163983,-6656.9809,4059548.3812,OK,0.0000,266.2792,4.0000,96.0000,AG03-UNRESOLVED,ALL5_LEVELS_bet23_to_bet27,266.2792,266.2792,266.2792,0.0000,0.0000,4.000000,4.000000,4.000000,0.000000,0.000000,96.000000,96.000000,96.000000,100.000000,100.000000,5.0,798.8377,767.3102,5858.1432,5889.6706,PENDING_AG03,FALSE,NOT_FOR_ENFORCEMENT,6390.7016,3533200.0204,6656.9809,6390.7016,266.2792,0.00163983,0.00157424,266.2792,6390.7016,0.00157424,266.2792,266.2792,266.2792,0.0000,0.0000,6390.7016,0.00157424,798.8377,767.3102,5858.1432,5889.6706,0.00144305,0.00145082,0.00006559,418.2083,379.7376,0.6869,61.6387,1.8384,37588.4109,89.7407,538.3845,395.5999,218.4789,430.6076,432.5446,432.5446,1046.441,1081.3617,427.0584,0.0,2.43015,2.511246,0.971205,30,216,96,2,0.20383968,0.00163983,-0.01249836,0E-8,0.000000,0.906607,0.000000,0.01775797,2026-03-22,2026-08-06,108,3621,2443,138,0.782609,1.360932,1.287360,0.679466,,,,,,,,GLOBAL_BASELINE_NO_ENTITY_RANKING,,,NOT_APPLICABLE_GLOBAL_BASELINE,HF9g-P5,,,,X 全窗基线 · 不参与实体赏罚,14198078,1420,A168_HF9F_20260827_0900,2026-08-27 09:00:00
2026-04-19,57024343,-1,1,24776.4731229123,-1594.3121835610,-1594.3121835610,0.4716981,58,58,0.50572620344827586,0.505726203448,-0.4954889671929919,-0.49548896718897195,-0.4954889671929919,2.7586E-13,SENTINEL_DEALER,R03b_20260811_FULL_v1,L1_ELIGIBILITY,v2026-08-11,2026-03-21..2026-08-06,baccarat_bet02_101_all_pairs_incl_sentinel,round_win = game_pnl > 0 (decisive only),COMPATIBILITY_ONLY_NOT_PRODUCTION,4059548.3812,3680416.6879,6656.9809,9707,9692,-0.00163983,0.01249836,-0.00525961,-0.00163983,-6656.9809,4059548.3812,OK,0.0000,266.2792,4.0000,96.0000,AG03-UNRESOLVED,ALL5_LEVELS_bet23_to_bet27,266.2792,266.2792,266.2792,0.0000,0.0000,4.000000,4.000000,4.000000,0.000000,0.000000,96.000000,96.000000,96.000000,100.000000,100.000000,5.0,798.8377,767.3102,5858.1432,5889.6706,PENDING_AG03,FALSE,NOT_FOR_ENFORCEMENT,6390.7016,3533200.0204,6656.9809,6390.7016,266.2792,0.00163983,0.00157424,266.2792,6390.7016,0.00157424,266.2792,266.2792,266.2792,0.0000,0.0000,6390.7016,0.00157424,798.8377,767.3102,5858.1432,5889.6706,0.00144305,0.00145082,0.00006559,418.2083,379.7376,0.6869,61.6387,1.8384,37588.4109,89.7407,538.3845,395.5999,218.4789,430.6076,432.5446,432.5446,1046.441,1081.3617,427.0584,0.0,2.43015,2.511246,0.971205,30,216,96,2,0.20383968,0.00163983,-0.01249836,0E-8,0.000000,0.906607,0.000000,0.01775797,2026-03-22,2026-08-06,108,3621,2443,138,0.782609,1.360932,1.287360,0.679466,,,,,,,,GLOBAL_BASELINE_NO_ENTITY_RANKING,,,NOT_APPLICABLE_GLOBAL_BASELINE,HF9g-P5,,,,X 全窗基线 · 不参与实体赏罚,14198079,1420,A168_HF9F_20260827_0900,2026-08-27 09:00:00
2026-04-19,57024343,1157,0,3878.0566627167,-2176.0206829688,-2176.0206829688,0.2222222,9,9,0.50218230000000000,0.502182300000,-1.6797764663895913,-1.6797764663895913,-1.6797764663895913,0E-17,ELIGIBLE,R03b_20260811_FULL_v1,L1_ELIGIBILITY,v2026-08-11,2026-03-21..2026-08-06,baccarat_bet02_101_all_pairs_incl_sentinel,round_win = game_pnl > 0 (decisive only),COMPATIBILITY_ONLY_NOT_PRODUCTION,4059548.3812,3680416.6879,6656.9809,9707,9692,-0.00163983,0.01249836,-0.00525961,-0.00163983,-6656.9809,4059548.3812,OK,0.0000,266.2792,4.0000,96.0000,AG03-UNRESOLVED,ALL5_LEVELS_bet23_to_bet27,266.2792,266.2792,266.2792,0.0000,0.0000,4.000000,4.000000,4.000000,0.000000,0.000000,96.000000,96.000000,96.000000,100.000000,100.000000,5.0,798.8377,767.3102,5858.1432,5889.6706,PENDING_AG03,FALSE,NOT_FOR_ENFORCEMENT,6390.7016,3533200.0204,6656.9809,6390.7016,266.2792,0.00163983,0.00157424,266.2792,6390.7016,0.00157424,266.2792,266.2792,266.2792,0.0000,0.0000,6390.7016,0.00157424,798.8377,767.3102,5858.1432,5889.6706,0.00144305,0.00145082,0.00006559,418.2083,379.7376,0.6869,61.6387,1.8384,37588.4109,89.7407,538.3845,395.5999,218.4789,430.6076,432.5446,432.5446,1046.441,1081.3617,427.0584,0.0,2.43015,2.511246,0.971205,30,216,96,2,0.20383968,0.00163983,-0.01249836,0E-8,0.000000,0.906607,0.000000,0.01775797,2026-03-22,2026-08-06,108,3621,2443,138,0.782609,1.360932,1.287360,0.679466,,,,,,,,GLOBAL_BASELINE_NO_ENTITY_RANKING,,,NOT_APPLICABLE_GLOBAL_BASELINE,HF9g-P5,,,,X 全窗基线 · 不参与实体赏罚,14198080,1420,A168_HF9F_20260827_0900,2026-08-27 09:00:00
2026-04-19,57024343,1302,0,861.7903694926,818.7008510180,818.7008510180,1.0000000,2,2,0.50665070000000000,0.506650700000,1.3955260008387969,1.3955260008387969,1.3955260008387969,0E-17,ELIGIBLE,R03b_20260811_FULL_v1,L1_ELIGIBILITY,v2026-08-11,2026-03-21..2026-08-06,baccarat_bet02_101_all_pairs_incl_sentinel,round_win = game_pnl > 0 (decisive only),COMPATIBILITY_ONLY_NOT_PRODUCTION,4059548.3812,3680416.6879,6656.9809,9707,9692,-0.00163983,0.01249836,-0.00525961,-0.00163983,-6656.9809,4059548.3812,OK,0.0000,266.2792,4.0000,96.0000,AG03-UNRESOLVED,ALL5_LEVELS_bet23_to_bet27,266.2792,266.2792,266.2792,0.0000,0.0000,4.000000,4.000000,4.000000,0.000000,0.000000,96.000000,96.000000,96.000000,100.000000,100.000000,5.0,798.8377,767.3102,5858.1432,5889.6706,PENDING_AG03,FALSE,NOT_FOR_ENFORCEMENT,6390.7016,3533200.0204,6656.9809,6390.7016,266.2792,0.00163983,0.00157424,266.2792,6390.7016,0.00157424,266.2792,266.2792,266.2792,0.0000,0.0000,6390.7016,0.00157424,798.8377,767.3102,5858.1432,5889.6706,0.00144305,0.00145082,0.00006559,418.2083,379.7376,0.6869,61.6387,1.8384,37588.4109,89.7407,538.3845,395.5999,218.4789,430.6076,432.5446,432.5446,1046.441,1081.3617,427.0584,0.0,2.43015,2.511246,0.971205,30,216,96,2,0.20383968,0.00163983,-0.01249836,0E-8,0.000000,0.906607,0.000000,0.01775797,2026-03-22,2026-08-06,108,3621,2443,138,0.782609,1.360932,1.287360,0.679466,,,,,,,,GLOBAL_BASELINE_NO_ENTITY_RANKING,,,NOT_APPLICABLE_GLOBAL_BASELINE,HF9g-P5,,,,X 全窗基线 · 不参与实体赏罚,14198081,1420,A168_HF9F_20260827_0900,2026-08-27 09:00:00
2026-04-19,57024343,1304,0,1077.2379618658,-236.9923516105,-236.9923516105,0.3333333,3,3,0.50218230000000000,0.502182300000,-0.5849155494134425,-0.5849155494134426,-0.5849155494134425,0E-17,ELIGIBLE,R03b_20260811_FULL_v1,L1_ELIGIBILITY,v2026-08-11,2026-03-21..2026-08-06,baccarat_bet02_101_all_pairs_incl_sentinel,round_win = game_pnl > 0 (decisive only),COMPATIBILITY_ONLY_NOT_PRODUCTION,4059548.3812,3680416.6879,6656.9809,9707,9692,-0.00163983,0.01249836,-0.00525961,-0.00163983,-6656.9809,4059548.3812,OK,0.0000,266.2792,4.0000,96.0000,AG03-UNRESOLVED,ALL5_LEVELS_bet23_to_bet27,266.2792,266.2792,266.2792,0.0000,0.0000,4.000000,4.000000,4.000000,0.000000,0.000000,96.000000,96.000000,96.000000,100.000000,100.000000,5.0,798.8377,767.3102,5858.1432,5889.6706,PENDING_AG03,FALSE,NOT_FOR_ENFORCEMENT,6390.7016,3533200.0204,6656.9809,6390.7016,266.2792,0.00163983,0.00157424,266.2792,6390.7016,0.00157424,266.2792,266.2792,266.2792,0.0000,0.0000,6390.7016,0.00157424,798.8377,767.3102,5858.1432,5889.6706,0.00144305,0.00145082,0.00006559,418.2083,379.7376,0.6869,61.6387,1.8384,37588.4109,89.7407,538.3845,395.5999,218.4789,430.6076,432.5446,432.5446,1046.441,1081.3617,427.0584,0.0,2.43015,2.511246,0.971205,30,216,96,2,0.20383968,0.00163983,-0.01249836,0E-8,0.000000,0.906607,0.000000,0.01775797,2026-03-22,2026-08-06,108,3621,2443,138,0.782609,1.360932,1.287360,0.679466,,,,,,,,GLOBAL_BASELINE_NO_ENTITY_RANKING,,,NOT_APPLICABLE_GLOBAL_BASELINE,HF9g-P5,,,,X 全窗基线 · 不参与实体赏罚,14198082,1420,A168_HF9F_20260827_0900,2026-08-27 09:00:00
2026-04-19,57024343,1307,0,2585.3711084778,-473.9847032209,-473.9847032209,0.4000000,6,6,0.50665070000000000,0.506650700000,-0.4769986289884125,-0.4769986289884125,-0.4769986289884125,0E-17,ELIGIBLE,R03b_20260811_FULL_v1,L1_ELIGIBILITY,v2026-08-11,2026-03-21..2026-08-06,baccarat_bet02_101_all_pairs_incl_sentinel,round_win = game_pnl > 0 (decisive only),COMPATIBILITY_ONLY_NOT_PRODUCTION,4059548.3812,3680416.6879,6656.9809,9707,9692,-0.00163983,0.01249836,-0.00525961,-0.00163983,-6656.9809,4059548.3812,OK,0.0000,266.2792,4.0000,96.0000,AG03-UNRESOLVED,ALL5_LEVELS_bet23_to_bet27,266.2792,266.2792,266.2792,0.0000,0.0000,4.000000,4.000000,4.000000,0.000000,0.000000,96.000000,96.000000,96.000000,100.000000,100.000000,5.0,798.8377,767.3102,5858.1432,5889.6706,PENDING_AG03,FALSE,NOT_FOR_ENFORCEMENT,6390.7016,3533200.0204,6656.9809,6390.7016,266.2792,0.00163983,0.00157424,266.2792,6390.7016,0.00157424,266.2792,266.2792,266.2792,0.0000,0.0000,6390.7016,0.00157424,798.8377,767.3102,5858.1432,5889.6706,0.00144305,0.00145082,0.00006559,418.2083,379.7376,0.6869,61.6387,1.8384,37588.4109,89.7407,538.3845,395.5999,218.4789,430.6076,432.5446,432.5446,1046.441,1081.3617,427.0584,0.0,2.43015,2.511246,0.971205,30,216,96,2,0.20383968,0.00163983,-0.01249836,0E-8,0.000000,0.906607,0.000000,0.01775797,2026-03-22,2026-08-06,108,3621,2443,138,0.782609,1.360932,1.287360,0.679466,,,,,,,,GLOBAL_BASELINE_NO_ENTITY_RANKING,,,NOT_APPLICABLE_GLOBAL_BASELINE,HF9g-P5,,,,X 全窗基线 · 不参与实体赏罚,14198083,1420,A168_HF9F_20260827_0900,2026-08-27 09:00:00
2026-04-19,57024343,1325,0,861.7903694926,-21.5447592373,-21.5447592373,0.5000000,2,2,0.50665070000000000,0.506650700000,-0.018812684590367487,-0.018812684590367487,-0.018812684590367487,0E-17,ELIGIBLE,R03b_20260811_FULL_v1,L1_ELIGIBILITY,v2026-08-11,2026-03-21..2026-08-06,baccarat_bet02_101_all_pairs_incl_sentinel,round_win = game_pnl > 0 (decisive only),COMPATIBILITY_ONLY_NOT_PRODUCTION,4059548.3812,3680416.6879,6656.9809,9707,9692,-0.00163983,0.01249836,-0.00525961,-0.00163983,-6656.9809,4059548.3812,OK,0.0000,266.2792,4.0000,96.0000,AG03-UNRESOLVED,ALL5_LEVELS_bet23_to_bet27,266.2792,266.2792,266.2792,0.0000,0.0000,4.000000,4.000000,4.000000,0.000000,0.000000,96.000000,96.000000,96.000000,100.000000,100.000000,5.0,798.8377,767.3102,5858.1432,5889.6706,PENDING_AG03,FALSE,NOT_FOR_ENFORCEMENT,6390.7016,3533200.0204,6656.9809,6390.7016,266.2792,0.00163983,0.00157424,266.2792,6390.7016,0.00157424,266.2792,266.2792,266.2792,0.0000,0.0000,6390.7016,0.00157424,798.8377,767.3102,5858.1432,5889.6706,0.00144305,0.00145082,0.00006559,418.2083,379.7376,0.6869,61.6387,1.8384,37588.4109,89.7407,538.3845,395.5999,218.4789,430.6076,432.5446,432.5446,1046.441,1081.3617,427.0584,0.0,2.43015,2.511246,0.971205,30,216,96,2,0.20383968,0.00163983,-0.01249836,0E-8,0.000000,0.906607,0.000000,0.01775797,2026-03-22,2026-08-06,108,3621,2443,138,0.782609,1.360932,1.287360,0.679466,,,,,,,,GLOBAL_BASELINE_NO_ENTITY_RANKING,,,NOT_APPLICABLE_GLOBAL_BASELINE,HF9g-P5,,,,X 全窗基线 · 不参与实体赏罚,14198084,1420,A168_HF9F_20260827_0900,2026-08-27 09:00:00
2026-04-19,57024343,1385,0,1077.2379618658,624.7980178821,624.7980178821,0.6666667,3,3,0.50218230000000000,0.502182300000,0.5697959874915163,0.5697959874915164,0.5697959874915163,0E-17,ELIGIBLE,R03b_20260811_FULL_v1,L1_ELIGIBILITY,v2026-08-11,2026-03-21..2026-08-06,baccarat_bet02_101_all_pairs_incl_sentinel,round_win = game_pnl > 0 (decisive only),COMPATIBILITY_ONLY_NOT_PRODUCTION,4059548.3812,3680416.6879,6656.9809,9707,9692,-0.00163983,0.01249836,-0.00525961,-0.00163983,-6656.9809,4059548.3812,OK,0.0000,266.2792,4.0000,96.0000,AG03-UNRESOLVED,ALL5_LEVELS_bet23_to_bet27,266.2792,266.2792,266.2792,0.0000,0.0000,4.000000,4.000000,4.000000,0.000000,0.000000,96.000000,96.000000,96.000000,100.000000,100.000000,5.0,798.8377,767.3102,5858.1432,5889.6706,PENDING_AG03,FALSE,NOT_FOR_ENFORCEMENT,6390.7016,3533200.0204,6656.9809,6390.7016,266.2792,0.00163983,0.00157424,266.2792,6390.7016,0.00157424,266.2792,266.2792,266.2792,0.0000,0.0000,6390.7016,0.00157424,798.8377,767.3102,5858.1432,5889.6706,0.00144305,0.00145082,0.00006559,418.2083,379.7376,0.6869,61.6387,1.8384,37588.4109,89.7407,538.3845,395.5999,218.4789,430.6076,432.5446,432.5446,1046.441,1081.3617,427.0584,0.0,2.43015,2.511246,0.971205,30,216,96,2,0.20383968,0.00163983,-0.01249836,0E-8,0.000000,0.906607,0.000000,0.01775797,2026-03-22,2026-08-06,108,3621,2443,138,0.782609,1.360932,1.287360,0.679466,,,,,,,,GLOBAL_BASELINE_NO_ENTITY_RANKING,,,NOT_APPLICABLE_GLOBAL_BASELINE,HF9g-P5,,,,X 全窗基线 · 不参与实体赏罚,14198085,1420,A168_HF9F_20260827_0900,2026-08-27 09:00:00
2026-04-19,57024343,1399,0,3231.7138855974,140.0409350426,140.0409350426,0.5000000,7,7,0.50665070000000000,0.506650700000,-0.032584525537284574,-0.032584525537284574,-0.032584525537284574,0E-17,ELIGIBLE,R03b_20260811_FULL_v1,L1_ELIGIBILITY,v2026-08-11,2026-03-21..2026-08-06,baccarat_bet02_101_all_pairs_incl_sentinel,round_win = game_pnl > 0 (decisive only),COMPATIBILITY_ONLY_NOT_PRODUCTION,4059548.3812,3680416.6879,6656.9809,9707,9692,-0.00163983,0.01249836,-0.00525961,-0.00163983,-6656.9809,4059548.3812,OK,0.0000,266.2792,4.0000,96.0000,AG03-UNRESOLVED,ALL5_LEVELS_bet23_to_bet27,266.2792,266.2792,266.2792,0.0000,0.0000,4.000000,4.000000,4.000000,0.000000,0.000000,96.000000,96.000000,96.000000,100.000000,100.000000,5.0,798.8377,767.3102,5858.1432,5889.6706,PENDING_AG03,FALSE,NOT_FOR_ENFORCEMENT,6390.7016,3533200.0204,6656.9809,6390.7016,266.2792,0.00163983,0.00157424,266.2792,6390.7016,0.00157424,266.2792,266.2792,266.2792,0.0000,0.0000,6390.7016,0.00157424,798.8377,767.3102,5858.1432,5889.6706,0.00144305,0.00145082,0.00006559,418.2083,379.7376,0.6869,61.6387,1.8384,37588.4109,89.7407,538.3845,395.5999,218.4789,430.6076,432.5446,432.5446,1046.441,1081.3617,427.0584,0.0,2.43015,2.511246,0.971205,30,216,96,2,0.20383968,0.00163983,-0.01249836,0E-8,0.000000,0.906607,0.000000,0.01775797,2026-03-22,2026-08-06,108,3621,2443,138,0.782609,1.360932,1.287360,0.679466,,,,,,,,GLOBAL_BASELINE_NO_ENTITY_RANKING,,,NOT_APPLICABLE_GLOBAL_BASELINE,HF9g-P5,,,,X 全窗基线 · 不参与实体赏罚,14198086,1420,A168_HF9F_20260827_0900,2026-08-27 09:00:00
2026-04-19,57024343,1507,0,1723.5807389852,-1723.5807389852,-1723.5807389852,0E-7,4,4,0.50665070000000000,0.506650700000,-2.026782104415204,-2.026782104415204,-2.026782104415204,0E-17,ELIGIBLE,R03b_20260811_FULL_v1,L1_ELIGIBILITY,v2026-08-11,2026-03-21..2026-08-06,baccarat_bet02_101_all_pairs_incl_sentinel,round_win = game_pnl > 0 (decisive only),COMPATIBILITY_ONLY_NOT_PRODUCTION,4059548.3812,3680416.6879,6656.9809,9707,9692,-0.00163983,0.01249836,-0.00525961,-0.00163983,-6656.9809,4059548.3812,OK,0.0000,266.2792,4.0000,96.0000,AG03-UNRESOLVED,ALL5_LEVELS_bet23_to_bet27,266.2792,266.2792,266.2792,0.0000,0.0000,4.000000,4.000000,4.000000,0.000000,0.000000,96.000000,96.000000,96.000000,100.000000,100.000000,5.0,798.8377,767.3102,5858.1432,5889.6706,PENDING_AG03,FALSE,NOT_FOR_ENFORCEMENT,6390.7016,3533200.0204,6656.9809,6390.7016,266.2792,0.00163983,0.00157424,266.2792,6390.7016,0.00157424,266.2792,266.2792,266.2792,0.0000,0.0000,6390.7016,0.00157424,798.8377,767.3102,5858.1432,5889.6706,0.00144305,0.00145082,0.00006559,418.2083,379.7376,0.6869,61.6387,1.8384,37588.4109,89.7407,538.3845,395.5999,218.4789,430.6076,432.5446,432.5446,1046.441,1081.3617,427.0584,0.0,2.43015,2.511246,0.971205,30,216,96,2,0.20383968,0.00163983,-0.01249836,0E-8,0.000000,0.906607,0.000000,0.01775797,2026-03-22,2026-08-06,108,3621,2443,138,0.782609,1.360932,1.287360,0.679466,,,,,,,,GLOBAL_BASELINE_NO_ENTITY_RANKING,,,NOT_APPLICABLE_GLOBAL_BASELINE,HF9g-P5,,,,X 全窗基线 · 不参与实体赏罚,14198087,1420,A168_HF9F_20260827_0900,2026-08-27 09:00:00
2026-04-19,57024343,1702,0,3016.2662932241,387.8056662717,387.8056662717,0.6666667,7,7,0.50665070000000000,0.506650700000,0.5543606114942035,0.5543606114942035,0.5543606114942035,0E-17,ELIGIBLE,R03b_20260811_FULL_v1,L1_ELIGIBILITY,v2026-08-11,2026-03-21..2026-08-06,baccarat_bet02_101_all_pairs_incl_sentinel,round_win = game_pnl > 0 (decisive only),COMPATIBILITY_ONLY_NOT_PRODUCTION,4059548.3812,3680416.6879,6656.9809,9707,9692,-0.00163983,0.01249836,-0.00525961,-0.00163983,-6656.9809,4059548.3812,OK,0.0000,266.2792,4.0000,96.0000,AG03-UNRESOLVED,ALL5_LEVELS_bet23_to_bet27,266.2792,266.2792,266.2792,0.0000,0.0000,4.000000,4.000000,4.000000,0.000000,0.000000,96.000000,96.000000,96.000000,100.000000,100.000000,5.0,798.8377,767.3102,5858.1432,5889.6706,PENDING_AG03,FALSE,NOT_FOR_ENFORCEMENT,6390.7016,3533200.0204,6656.9809,6390.7016,266.2792,0.00163983,0.00157424,266.2792,6390.7016,0.00157424,266.2792,266.2792,266.2792,0.0000,0.0000,6390.7016,0.00157424,798.8377,767.3102,5858.1432,5889.6706,0.00144305,0.00145082,0.00006559,418.2083,379.7376,0.6869,61.6387,1.8384,37588.4109,89.7407,538.3845,395.5999,218.4789,430.6076,432.5446,432.5446,1046.441,1081.3617,427.0584,0.0,2.43015,2.511246,0.971205,30,216,96,2,0.20383968,0.00163983,-0.01249836,0E-8,0.000000,0.906607,0.000000,0.01775797,2026-03-22,2026-08-06,108,3621,2443,138,0.782609,1.360932,1.287360,0.679466,,,,,,,,GLOBAL_BASELINE_NO_ENTITY_RANKING,,,NOT_APPLICABLE_GLOBAL_BASELINE,HF9g-P5,,,,X 全窗基线 · 不参与实体赏罚,14198088,1420,A168_HF9F_20260827_0900,2026-08-27 09:00:00
2026-04-19,57024343,1710,0,430.8951847463,0E-10,0E-10,,1,1,0.49324550000000000,0.493245500000,,,,0E-17,NO_DECISIVE_ROUND,R03b_20260811_FULL_v1,L1_ELIGIBILITY,v2026-08-11,2026-03-21..2026-08-06,baccarat_bet02_101_all_pairs_incl_sentinel,round_win = game_pnl > 0 (decisive only),COMPATIBILITY_ONLY_NOT_PRODUCTION,4059548.3812,3680416.6879,6656.9809,9707,9692,-0.00163983,0.01249836,-0.00525961,-0.00163983,-6656.9809,4059548.3812,OK,0.0000,266.2792,4.0000,96.0000,AG03-UNRESOLVED,ALL5_LEVELS_bet23_to_bet27,266.2792,266.2792,266.2792,0.0000,0.0000,4.000000,4.000000,4.000000,0.000000,0.000000,96.000000,96.000000,96.000000,100.000000,100.000000,5.0,798.8377,767.3102,5858.1432,5889.6706,PENDING_AG03,FALSE,NOT_FOR_ENFORCEMENT,6390.7016,3533200.0204,6656.9809,6390.7016,266.2792,0.00163983,0.00157424,266.2792,6390.7016,0.00157424,266.2792,266.2792,266.2792,0.0000,0.0000,6390.7016,0.00157424,798.8377,767.3102,5858.1432,5889.6706,0.00144305,0.00145082,0.00006559,418.2083,379.7376,0.6869,61.6387,1.8384,37588.4109,89.7407,538.3845,395.5999,218.4789,430.6076,432.5446,432.5446,1046.441,1081.3617,427.0584,0.0,2.43015,2.511246,0.971205,30,216,96,2,0.20383968,0.00163983,-0.01249836,0E-8,0.000000,0.906607,0.000000,0.01775797,2026-03-22,2026-08-06,108,3621,2443,138,0.782609,1.360932,1.287360,0.679466,,,,,,,,GLOBAL_BASELINE_NO_ENTITY_RANKING,,,NOT_APPLICABLE_GLOBAL_BASELINE,HF9g-P5,,,,X 全窗基线 · 不参与实体赏罚,14198089,1420,A168_HF9F_20260827_0900,2026-08-27 09:00:00
2026-04-19,57024343,1714,0,3016.2662932241,-495.5294624582,-495.5294624582,0.4285714,7,7,0.50665070000000000,0.506650700000,-0.4131932236838825,-0.4131932236838825,-0.4131932236838825,0E-17,ELIGIBLE,R03b_20260811_FULL_v1,L1_ELIGIBILITY,v2026-08-11,2026-03-21..2026-08-06,baccarat_bet02_101_all_pairs_incl_sentinel,round_win = game_pnl > 0 (decisive only),COMPATIBILITY_ONLY_NOT_PRODUCTION,4059548.3812,3680416.6879,6656.9809,9707,9692,-0.00163983,0.01249836,-0.00525961,-0.00163983,-6656.9809,4059548.3812,OK,0.0000,266.2792,4.0000,96.0000,AG03-UNRESOLVED,ALL5_LEVELS_bet23_to_bet27,266.2792,266.2792,266.2792,0.0000,0.0000,4.000000,4.000000,4.000000,0.000000,0.000000,96.000000,96.000000,96.000000,100.000000,100.000000,5.0,798.8377,767.3102,5858.1432,5889.6706,PENDING_AG03,FALSE,NOT_FOR_ENFORCEMENT,6390.7016,3533200.0204,6656.9809,6390.7016,266.2792,0.00163983,0.00157424,266.2792,6390.7016,0.00157424,266.2792,266.2792,266.2792,0.0000,0.0000,6390.7016,0.00157424,798.8377,767.3102,5858.1432,5889.6706,0.00144305,0.00145082,0.00006559,418.2083,379.7376,0.6869,61.6387,1.8384,37588.4109,89.7407,538.3845,395.5999,218.4789,430.6076,432.5446,432.5446,1046.441,1081.3617,427.0584,0.0,2.43015,2.511246,0.971205,30,216,96,2,0.20383968,0.00163983,-0.01249836,0E-8,0.000000,0.906607,0.000000,0.01775797,2026-03-22,2026-08-06,108,3621,2443,138,0.782609,1.360932,1.287360,0.679466,,,,,,,,GLOBAL_BASELINE_NO_ENTITY_RANKING,,,NOT_APPLICABLE_GLOBAL_BASELINE,HF9g-P5,,,,X 全窗基线 · 不参与实体赏罚,14198090,1420,A168_HF9F_20260827_0900,2026-08-27 09:00:00
2026-04-19,57024343,1941,0,861.7903694926,-430.8951847463,-430.8951847463,0E-7,2,2,0.49994810000000000,0.499948100000,-0.9998962053866608,-0.9998962053866608,-0.9998962053866608,0E-17,ELIGIBLE,R03b_20260811_FULL_v1,L1_ELIGIBILITY,v2026-08-11,2026-03-21..2026-08-06,baccarat_bet02_101_all_pairs_incl_sentinel,round_win = game_pnl > 0 (decisive only),COMPATIBILITY_ONLY_NOT_PRODUCTION,4059548.3812,3680416.6879,6656.9809,9707,9692,-0.00163983,0.01249836,-0.00525961,-0.00163983,-6656.9809,4059548.3812,OK,0.0000,266.2792,4.0000,96.0000,AG03-UNRESOLVED,ALL5_LEVELS_bet23_to_bet27,266.2792,266.2792,266.2792,0.0000,0.0000,4.000000,4.000000,4.000000,0.000000,0.000000,96.000000,96.000000,96.000000,100.000000,100.000000,5.0,798.8377,767.3102,5858.1432,5889.6706,PENDING_AG03,FALSE,NOT_FOR_ENFORCEMENT,6390.7016,3533200.0204,6656.9809,6390.7016,266.2792,0.00163983,0.00157424,266.2792,6390.7016,0.00157424,266.2792,266.2792,266.2792,0.0000,0.0000,6390.7016,0.00157424,798.8377,767.3102,5858.1432,5889.6706,0.00144305,0.00145082,0.00006559,418.2083,379.7376,0.6869,61.6387,1.8384,37588.4109,89.7407,538.3845,395.5999,218.4789,430.6076,432.5446,432.5446,1046.441,1081.3617,427.0584,0.0,2.43015,2.511246,0.971205,30,216,96,2,0.20383968,0.00163983,-0.01249836,0E-8,0.000000,0.906607,0.000000,0.01775797,2026-03-22,2026-08-06,108,3621,2443,138,0.782609,1.360932,1.287360,0.679466,,,,,,,,GLOBAL_BASELINE_NO_ENTITY_RANKING,,,NOT_APPLICABLE_GLOBAL_BASELINE,HF9g-P5,,,,X 全窗基线 · 不参与实体赏罚,14198091,1420,A168_HF9F_20260827_0900,2026-08-27 09:00:00
2026-04-19,57024343,1942,0,2585.3711084778,366.2609070344,366.2609070344,0.6000000,6,6,0.50665070000000000,0.506650700000,0.4175076967804994,0.4175076967804994,0.4175076967804994,0E-17,ELIGIBLE,R03b_20260811_FULL_v1,L1_ELIGIBILITY,v2026-08-11,2026-03-21..2026-08-06,baccarat_bet02_101_all_pairs_incl_sentinel,round_win = game_pnl > 0 (decisive only),COMPATIBILITY_ONLY_NOT_PRODUCTION,4059548.3812,3680416.6879,6656.9809,9707,9692,-0.00163983,0.01249836,-0.00525961,-0.00163983,-6656.9809,4059548.3812,OK,0.0000,266.2792,4.0000,96.0000,AG03-UNRESOLVED,ALL5_LEVELS_bet23_to_bet27,266.2792,266.2792,266.2792,0.0000,0.0000,4.000000,4.000000,4.000000,0.000000,0.000000,96.000000,96.000000,96.000000,100.000000,100.000000,5.0,798.8377,767.3102,5858.1432,5889.6706,PENDING_AG03,FALSE,NOT_FOR_ENFORCEMENT,6390.7016,3533200.0204,6656.9809,6390.7016,266.2792,0.00163983,0.00157424,266.2792,6390.7016,0.00157424,266.2792,266.2792,266.2792,0.0000,0.0000,6390.7016,0.00157424,798.8377,767.3102,5858.1432,5889.6706,0.00144305,0.00145082,0.00006559,418.2083,379.7376,0.6869,61.6387,1.8384,37588.4109,89.7407,538.3845,395.5999,218.4789,430.6076,432.5446,432.5446,1046.441,1081.3617,427.0584,0.0,2.43015,2.511246,0.971205,30,216,96,2,0.20383968,0.00163983,-0.01249836,0E-8,0.000000,0.906607,0.000000,0.01775797,2026-03-22,2026-08-06,108,3621,2443,138,0.782609,1.360932,1.287360,0.679466,,,,,,,,GLOBAL_BASELINE_NO_ENTITY_RANKING,,,NOT_APPLICABLE_GLOBAL_BASELINE,HF9g-P5,,,,X 全窗基线 · 不参与实体赏罚,14198092,1420,A168_HF9F_20260827_0900,2026-08-27 09:00:00
2026-04-19,57024343,1957,0,430.8951847463,-430.8951847463,-430.8951847463,0E-7,1,1,0.49324550000000000,0.493245500000,-0.9865810262130424,-0.9865810262130424,-0.9865810262130424,0E-17,ELIGIBLE,R03b_20260811_FULL_v1,L1_ELIGIBILITY,v2026-08-11,2026-03-21..2026-08-06,baccarat_bet02_101_all_pairs_incl_sentinel,round_win = game_pnl > 0 (decisive only),COMPATIBILITY_ONLY_NOT_PRODUCTION,4059548.3812,3680416.6879,6656.9809,9707,9692,-0.00163983,0.01249836,-0.00525961,-0.00163983,-6656.9809,4059548.3812,OK,0.0000,266.2792,4.0000,96.0000,AG03-UNRESOLVED,ALL5_LEVELS_bet23_to_bet27,266.2792,266.2792,266.2792,0.0000,0.0000,4.000000,4.000000,4.000000,0.000000,0.000000,96.000000,96.000000,96.000000,100.000000,100.000000,5.0,798.8377,767.3102,5858.1432,5889.6706,PENDING_AG03,FALSE,NOT_FOR_ENFORCEMENT,6390.7016,3533200.0204,6656.9809,6390.7016,266.2792,0.00163983,0.00157424,266.2792,6390.7016,0.00157424,266.2792,266.2792,266.2792,0.0000,0.0000,6390.7016,0.00157424,798.8377,767.3102,5858.1432,5889.6706,0.00144305,0.00145082,0.00006559,418.2083,379.7376,0.6869,61.6387,1.8384,37588.4109,89.7407,538.3845,395.5999,218.4789,430.6076,432.5446,432.5446,1046.441,1081.3617,427.0584,0.0,2.43015,2.511246,0.971205,30,216,96,2,0.20383968,0.00163983,-0.01249836,0E-8,0.000000,0.906607,0.000000,0.01775797,2026-03-22,2026-08-06,108,3621,2443,138,0.782609,1.360932,1.287360,0.679466,,,,,,,,GLOBAL_BASELINE_NO_ENTITY_RANKING,,,NOT_APPLICABLE_GLOBAL_BASELINE,HF9g-P5,,,,X 全窗基线 · 不参与实体赏罚,14198093,1420,A168_HF9F_20260827_0900,2026-08-27 09:00:00
2026-04-19,57024343,1963,0,430.8951847463,409.3504255090,409.3504255090,1.0000000,1,1,0.50665070000000000,0.506650700000,0.9867858985152569,0.9867858985152569,0.9867858985152569,0E-17,ELIGIBLE,R03b_20260811_FULL_v1,L1_ELIGIBILITY,v2026-08-11,2026-03-21..2026-08-06,baccarat_bet02_101_all_pairs_incl_sentinel,round_win = game_pnl > 0 (decisive only),COMPATIBILITY_ONLY_NOT_PRODUCTION,4059548.3812,3680416.6879,6656.9809,9707,9692,-0.00163983,0.01249836,-0.00525961,-0.00163983,-6656.9809,4059548.3812,OK,0.0000,266.2792,4.0000,96.0000,AG03-UNRESOLVED,ALL5_LEVELS_bet23_to_bet27,266.2792,266.2792,266.2792,0.0000,0.0000,4.000000,4.000000,4.000000,0.000000,0.000000,96.000000,96.000000,96.000000,100.000000,100.000000,5.0,798.8377,767.3102,5858.1432,5889.6706,PENDING_AG03,FALSE,NOT_FOR_ENFORCEMENT,6390.7016,3533200.0204,6656.9809,6390.7016,266.2792,0.00163983,0.00157424,266.2792,6390.7016,0.00157424,266.2792,266.2792,266.2792,0.0000,0.0000,6390.7016,0.00157424,798.8377,767.3102,5858.1432,5889.6706,0.00144305,0.00145082,0.00006559,418.2083,379.7376,0.6869,61.6387,1.8384,37588.4109,89.7407,538.3845,395.5999,218.4789,430.6076,432.5446,432.5446,1046.441,1081.3617,427.0584,0.0,2.43015,2.511246,0.971205,30,216,96,2,0.20383968,0.00163983,-0.01249836,0E-8,0.000000,0.906607,0.000000,0.01775797,2026-03-22,2026-08-06,108,3621,2443,138,0.782609,1.360932,1.287360,0.679466,,,,,,,,GLOBAL_BASELINE_NO_ENTITY_RANKING,,,NOT_APPLICABLE_GLOBAL_BASELINE,HF9g-P5,,,,X 全窗基线 · 不参与实体赏罚,14198094,1420,A168_HF9F_20260827_0900,2026-08-27 09:00:00
2026-04-19,57024343,1985,0,1292.6855542389,387.8056662717,387.8056662717,0.6666667,3,3,0.50665070000000000,0.506650700000,0.5543606114942035,0.5543606114942035,0.5543606114942035,0E-17,ELIGIBLE,R03b_20260811_FULL_v1,L1_ELIGIBILITY,v2026-08-11,2026-03-21..2026-08-06,baccarat_bet02_101_all_pairs_incl_sentinel,round_win = game_pnl > 0 (decisive only),COMPATIBILITY_ONLY_NOT_PRODUCTION,4059548.3812,3680416.6879,6656.9809,9707,9692,-0.00163983,0.01249836,-0.00525961,-0.00163983,-6656.9809,4059548.3812,OK,0.0000,266.2792,4.0000,96.0000,AG03-UNRESOLVED,ALL5_LEVELS_bet23_to_bet27,266.2792,266.2792,266.2792,0.0000,0.0000,4.000000,4.000000,4.000000,0.000000,0.000000,96.000000,96.000000,96.000000,100.000000,100.000000,5.0,798.8377,767.3102,5858.1432,5889.6706,PENDING_AG03,FALSE,NOT_FOR_ENFORCEMENT,6390.7016,3533200.0204,6656.9809,6390.7016,266.2792,0.00163983,0.00157424,266.2792,6390.7016,0.00157424,266.2792,266.2792,266.2792,0.0000,0.0000,6390.7016,0.00157424,798.8377,767.3102,5858.1432,5889.6706,0.00144305,0.00145082,0.00006559,418.2083,379.7376,0.6869,61.6387,1.8384,37588.4109,89.7407,538.3845,395.5999,218.4789,430.6076,432.5446,432.5446,1046.441,1081.3617,427.0584,0.0,2.43015,2.511246,0.971205,30,216,96,2,0.20383968,0.00163983,-0.01249836,0E-8,0.000000,0.906607,0.000000,0.01775797,2026-03-22,2026-08-06,108,3621,2443,138,0.782609,1.360932,1.287360,0.679466,,,,,,,,GLOBAL_BASELINE_NO_ENTITY_RANKING,,,NOT_APPLICABLE_GLOBAL_BASELINE,HF9g-P5,,,,X 全窗基线 · 不参与实体赏罚,14198095,1420,A168_HF9F_20260827_0900,2026-08-27 09:00:00
2026-04-19,57024343,2108,0,430.8951847463,0E-10,0E-10,,1,1,0.50665070000000000,0.506650700000,,,,0E-17,NO_DECISIVE_ROUND,R03b_20260811_FULL_v1,L1_ELIGIBILITY,v2026-08-11,2026-03-21..2026-08-06,baccarat_bet02_101_all_pairs_incl_sentinel,round_win = game_pnl > 0 (decisive only),COMPATIBILITY_ONLY_NOT_PRODUCTION,4059548.3812,3680416.6879,6656.9809,9707,9692,-0.00163983,0.01249836,-0.00525961,-0.00163983,-6656.9809,4059548.3812,OK,0.0000,266.2792,4.0000,96.0000,AG03-UNRESOLVED,ALL5_LEVELS_bet23_to_bet27,266.2792,266.2792,266.2792,0.0000,0.0000,4.000000,4.000000,4.000000,0.000000,0.000000,96.000000,96.000000,96.000000,100.000000,100.000000,5.0,798.8377,767.3102,5858.1432,5889.6706,PENDING_AG03,FALSE,NOT_FOR_ENFORCEMENT,6390.7016,3533200.0204,6656.9809,6390.7016,266.2792,0.00163983,0.00157424,266.2792,6390.7016,0.00157424,266.2792,266.2792,266.2792,0.0000,0.0000,6390.7016,0.00157424,798.8377,767.3102,5858.1432,5889.6706,0.00144305,0.00145082,0.00006559,418.2083,379.7376,0.6869,61.6387,1.8384,37588.4109,89.7407,538.3845,395.5999,218.4789,430.6076,432.5446,432.5446,1046.441,1081.3617,427.0584,0.0,2.43015,2.511246,0.971205,30,216,96,2,0.20383968,0.00163983,-0.01249836,0E-8,0.000000,0.906607,0.000000,0.01775797,2026-03-22,2026-08-06,108,3621,2443,138,0.782609,1.360932,1.287360,0.679466,,,,,,,,GLOBAL_BASELINE_NO_ENTITY_RANKING,,,NOT_APPLICABLE_GLOBAL_BASELINE,HF9g-P5,,,,X 全窗基线 · 不参与实体赏罚,14198096,1420,A168_HF9F_20260827_0900,2026-08-27 09:00:00
2026-04-19,57024343,2115,0,5601.6374017019,280.0818700852,280.0818700852,0.5384615,13,13,0.50665070000000000,0.506650700000,0.22941151384811248,0.22941151384811248,0.22941151384811248,0E-17,ELIGIBLE,R03b_20260811_FULL_v1,L1_ELIGIBILITY,v2026-08-11,2026-03-21..2026-08-06,baccarat_bet02_101_all_pairs_incl_sentinel,round_win = game_pnl > 0 (decisive only),COMPATIBILITY_ONLY_NOT_PRODUCTION,4059548.3812,3680416.6879,6656.9809,9707,9692,-0.00163983,0.01249836,-0.00525961,-0.00163983,-6656.9809,4059548.3812,OK,0.0000,266.2792,4.0000,96.0000,AG03-UNRESOLVED,ALL5_LEVELS_bet23_to_bet27,266.2792,266.2792,266.2792,0.0000,0.0000,4.000000,4.000000,4.000000,0.000000,0.000000,96.000000,96.000000,96.000000,100.000000,100.000000,5.0,798.8377,767.3102,5858.1432,5889.6706,PENDING_AG03,FALSE,NOT_FOR_ENFORCEMENT,6390.7016,3533200.0204,6656.9809,6390.7016,266.2792,0.00163983,0.00157424,266.2792,6390.7016,0.00157424,266.2792,266.2792,266.2792,0.0000,0.0000,6390.7016,0.00157424,798.8377,767.3102,5858.1432,5889.6706,0.00144305,0.00145082,0.00006559,418.2083,379.7376,0.6869,61.6387,1.8384,37588.4109,89.7407,538.3845,395.5999,218.4789,430.6076,432.5446,432.5446,1046.441,1081.3617,427.0584,0.0,2.43015,2.511246,0.971205,30,216,96,2,0.20383968,0.00163983,-0.01249836,0E-8,0.000000,0.906607,0.000000,0.01775797,2026-03-22,2026-08-06,108,3621,2443,138,0.782609,1.360932,1.287360,0.679466,,,,,,,,GLOBAL_BASELINE_NO_ENTITY_RANKING,,,NOT_APPLICABLE_GLOBAL_BASELINE,HF9g-P5,,,,X 全窗基线 · 不参与实体赏罚,14198097,1420,A168_HF9F_20260827_0900,2026-08-27 09:00:00
2026-04-19,57024343,2117,0,3016.2662932241,-1292.6855542389,-1292.6855542389,0.2000000,7,7,0.50090561428571429,0.500905614286,-1.3456930240160987,-1.3456930240173777,-1.3456930240160987,-2.8571E-13,ELIGIBLE,R03b_20260811_FULL_v1,L1_ELIGIBILITY,v2026-08-11,2026-03-21..2026-08-06,baccarat_bet02_101_all_pairs_incl_sentinel,round_win = game_pnl > 0 (decisive only),COMPATIBILITY_ONLY_NOT_PRODUCTION,4059548.3812,3680416.6879,6656.9809,9707,9692,-0.00163983,0.01249836,-0.00525961,-0.00163983,-6656.9809,4059548.3812,OK,0.0000,266.2792,4.0000,96.0000,AG03-UNRESOLVED,ALL5_LEVELS_bet23_to_bet27,266.2792,266.2792,266.2792,0.0000,0.0000,4.000000,4.000000,4.000000,0.000000,0.000000,96.000000,96.000000,96.000000,100.000000,100.000000,5.0,798.8377,767.3102,5858.1432,5889.6706,PENDING_AG03,FALSE,NOT_FOR_ENFORCEMENT,6390.7016,3533200.0204,6656.9809,6390.7016,266.2792,0.00163983,0.00157424,266.2792,6390.7016,0.00157424,266.2792,266.2792,266.2792,0.0000,0.0000,6390.7016,0.00157424,798.8377,767.3102,5858.1432,5889.6706,0.00144305,0.00145082,0.00006559,418.2083,379.7376,0.6869,61.6387,1.8384,37588.4109,89.7407,538.3845,395.5999,218.4789,430.6076,432.5446,432.5446,1046.441,1081.3617,427.0584,0.0,2.43015,2.511246,0.971205,30,216,96,2,0.20383968,0.00163983,-0.01249836,0E-8,0.000000,0.906607,0.000000,0.01775797,2026-03-22,2026-08-06,108,3621,2443,138,0.782609,1.360932,1.287360,0.679466,,,,,,,,GLOBAL_BASELINE_NO_ENTITY_RANKING,,,NOT_APPLICABLE_GLOBAL_BASELINE,HF9g-P5,,,,X 全窗基线 · 不参与实体赏罚,14198098,1420,A168_HF9F_20260827_0900,2026-08-27 09:00:00
2026-04-19,57024343,2122,0,3878.0566627167,-1335.7750727135,-1335.7750727135,0.2857143,9,9,0.50665070000000000,0.506650700000,-1.169189050789051,-1.169189050789051,-1.169189050789051,0E-17,ELIGIBLE,R03b_20260811_FULL_v1,L1_ELIGIBILITY,v2026-08-11,2026-03-21..2026-08-06,baccarat_bet02_101_all_pairs_incl_sentinel,round_win = game_pnl > 0 (decisive only),COMPATIBILITY_ONLY_NOT_PRODUCTION,4059548.3812,3680416.6879,6656.9809,9707,9692,-0.00163983,0.01249836,-0.00525961,-0.00163983,-6656.9809,4059548.3812,OK,0.0000,266.2792,4.0000,96.0000,AG03-UNRESOLVED,ALL5_LEVELS_bet23_to_bet27,266.2792,266.2792,266.2792,0.0000,0.0000,4.000000,4.000000,4.000000,0.000000,0.000000,96.000000,96.000000,96.000000,100.000000,100.000000,5.0,798.8377,767.3102,5858.1432,5889.6706,PENDING_AG03,FALSE,NOT_FOR_ENFORCEMENT,6390.7016,3533200.0204,6656.9809,6390.7016,266.2792,0.00163983,0.00157424,266.2792,6390.7016,0.00157424,266.2792,266.2792,266.2792,0.0000,0.0000,6390.7016,0.00157424,798.8377,767.3102,5858.1432,5889.6706,0.00144305,0.00145082,0.00006559,418.2083,379.7376,0.6869,61.6387,1.8384,37588.4109,89.7407,538.3845,395.5999,218.4789,430.6076,432.5446,432.5446,1046.441,1081.3617,427.0584,0.0,2.43015,2.511246,0.971205,30,216,96,2,0.20383968,0.00163983,-0.01249836,0E-8,0.000000,0.906607,0.000000,0.01775797,2026-03-22,2026-08-06,108,3621,2443,138,0.782609,1.360932,1.287360,0.679466,,,,,,,,GLOBAL_BASELINE_NO_ENTITY_RANKING,,,NOT_APPLICABLE_GLOBAL_BASELINE,HF9g-P5,,,,X 全窗基线 · 不参与实体赏罚,14198099,1420,A168_HF9F_20260827_0900,2026-08-27 09:00:00
2026-04-19,57024343,2127,0,1723.5807389852,-452.4399439836,-452.4399439836,0.3333333,4,4,0.50665070000000000,0.506650700000,-0.6004420894325239,-0.6004420894325239,-0.6004420894325239,0E-17,ELIGIBLE,R03b_20260811_FULL_v1,L1_ELIGIBILITY,v2026-08-11,2026-03-21..2026-08-06,baccarat_bet02_101_all_pairs_incl_sentinel,round_win = game_pnl > 0 (decisive only),COMPATIBILITY_ONLY_NOT_PRODUCTION,4059548.3812,3680416.6879,6656.9809,9707,9692,-0.00163983,0.01249836,-0.00525961,-0.00163983,-6656.9809,4059548.3812,OK,0.0000,266.2792,4.0000,96.0000,AG03-UNRESOLVED,ALL5_LEVELS_bet23_to_bet27,266.2792,266.2792,266.2792,0.0000,0.0000,4.000000,4.000000,4.000000,0.000000,0.000000,96.000000,96.000000,96.000000,100.000000,100.000000,5.0,798.8377,767.3102,5858.1432,5889.6706,PENDING_AG03,FALSE,NOT_FOR_ENFORCEMENT,6390.7016,3533200.0204,6656.9809,6390.7016,266.2792,0.00163983,0.00157424,266.2792,6390.7016,0.00157424,266.2792,266.2792,266.2792,0.0000,0.0000,6390.7016,0.00157424,798.8377,767.3102,5858.1432,5889.6706,0.00144305,0.00145082,0.00006559,418.2083,379.7376,0.6869,61.6387,1.8384,37588.4109,89.7407,538.3845,395.5999,218.4789,430.6076,432.5446,432.5446,1046.441,1081.3617,427.0584,0.0,2.43015,2.511246,0.971205,30,216,96,2,0.20383968,0.00163983,-0.01249836,0E-8,0.000000,0.906607,0.000000,0.01775797,2026-03-22,2026-08-06,108,3621,2443,138,0.782609,1.360932,1.287360,0.679466,,,,,,,,GLOBAL_BASELINE_NO_ENTITY_RANKING,,,NOT_APPLICABLE_GLOBAL_BASELINE,HF9g-P5,,,,X 全窗基线 · 不参与实体赏罚,14198100,1420,A168_HF9F_20260827_0900,2026-08-27 09:00:00
2026-04-19,57024343,2141,0,430.8951847463,430.8951847463,430.8951847463,1.0000000,1,1,0.49324550000000000,0.493245500000,1.01360149184955,1.01360149184955,1.01360149184955,0E-17,ELIGIBLE,R03b_20260811_FULL_v1,L1_ELIGIBILITY,v2026-08-11,2026-03-21..2026-08-06,baccarat_bet02_101_all_pairs_incl_sentinel,round_win = game_pnl > 0 (decisive only),COMPATIBILITY_ONLY_NOT_PRODUCTION,4059548.3812,3680416.6879,6656.9809,9707,9692,-0.00163983,0.01249836,-0.00525961,-0.00163983,-6656.9809,4059548.3812,OK,0.0000,266.2792,4.0000,96.0000,AG03-UNRESOLVED,ALL5_LEVELS_bet23_to_bet27,266.2792,266.2792,266.2792,0.0000,0.0000,4.000000,4.000000,4.000000,0.000000,0.000000,96.000000,96.000000,96.000000,100.000000,100.000000,5.0,798.8377,767.3102,5858.1432,5889.6706,PENDING_AG03,FALSE,NOT_FOR_ENFORCEMENT,6390.7016,3533200.0204,6656.9809,6390.7016,266.2792,0.00163983,0.00157424,266.2792,6390.7016,0.00157424,266.2792,266.2792,266.2792,0.0000,0.0000,6390.7016,0.00157424,798.8377,767.3102,5858.1432,5889.6706,0.00144305,0.00145082,0.00006559,418.2083,379.7376,0.6869,61.6387,1.8384,37588.4109,89.7407,538.3845,395.5999,218.4789,430.6076,432.5446,432.5446,1046.441,1081.3617,427.0584,0.0,2.43015,2.511246,0.971205,30,216,96,2,0.20383968,0.00163983,-0.01249836,0E-8,0.000000,0.906607,0.000000,0.01775797,2026-03-22,2026-08-06,108,3621,2443,138,0.782609,1.360932,1.287360,0.679466,,,,,,,,GLOBAL_BASELINE_NO_ENTITY_RANKING,,,NOT_APPLICABLE_GLOBAL_BASELINE,HF9g-P5,,,,X 全窗基线 · 不参与实体赏罚,14198101,1420,A168_HF9F_20260827_0900,2026-08-27 09:00:00
2026-04-19,57024343,2153,0,430.8951847463,409.3504255090,409.3504255090,1.0000000,1,1,0.50665070000000000,0.506650700000,0.9867858985152569,0.9867858985152569,0.9867858985152569,0E-17,ELIGIBLE,R03b_20260811_FULL_v1,L1_ELIGIBILITY,v2026-08-11,2026-03-21..2026-08-06,baccarat_bet02_101_all_pairs_incl_sentinel,round_win = game_pnl > 0 (decisive only),COMPATIBILITY_ONLY_NOT_PRODUCTION,4059548.3812,3680416.6879,6656.9809,9707,9692,-0.00163983,0.01249836,-0.00525961,-0.00163983,-6656.9809,4059548.3812,OK,0.0000,266.2792,4.0000,96.0000,AG03-UNRESOLVED,ALL5_LEVELS_bet23_to_bet27,266.2792,266.2792,266.2792,0.0000,0.0000,4.000000,4.000000,4.000000,0.000000,0.000000,96.000000,96.000000,96.000000,100.000000,100.000000,5.0,798.8377,767.3102,5858.1432,5889.6706,PENDING_AG03,FALSE,NOT_FOR_ENFORCEMENT,6390.7016,3533200.0204,6656.9809,6390.7016,266.2792,0.00163983,0.00157424,266.2792,6390.7016,0.00157424,266.2792,266.2792,266.2792,0.0000,0.0000,6390.7016,0.00157424,798.8377,767.3102,5858.1432,5889.6706,0.00144305,0.00145082,0.00006559,418.2083,379.7376,0.6869,61.6387,1.8384,37588.4109,89.7407,538.3845,395.5999,218.4789,430.6076,432.5446,432.5446,1046.441,1081.3617,427.0584,0.0,2.43015,2.511246,0.971205,30,216,96,2,0.20383968,0.00163983,-0.01249836,0E-8,0.000000,0.906607,0.000000,0.01775797,2026-03-22,2026-08-06,108,3621,2443,138,0.782609,1.360932,1.287360,0.679466,,,,,,,,GLOBAL_BASELINE_NO_ENTITY_RANKING,,,NOT_APPLICABLE_GLOBAL_BASELINE,HF9g-P5,,,,X 全窗基线 · 不参与实体赏罚,14198102,1420,A168_HF9F_20260827_0900,2026-08-27 09:00:00
2026-04-19,57024343,2177,0,430.8951847463,409.3504255090,409.3504255090,1.0000000,1,1,0.50665070000000000,0.506650700000,0.9867858985152569,0.9867858985152569,0.9867858985152569,0E-17,ELIGIBLE,R03b_20260811_FULL_v1,L1_ELIGIBILITY,v2026-08-11,2026-03-21..2026-08-06,baccarat_bet02_101_all_pairs_incl_sentinel,round_win = game_pnl > 0 (decisive only),COMPATIBILITY_ONLY_NOT_PRODUCTION,4059548.3812,3680416.6879,6656.9809,9707,9692,-0.00163983,0.01249836,-0.00525961,-0.00163983,-6656.9809,4059548.3812,OK,0.0000,266.2792,4.0000,96.0000,AG03-UNRESOLVED,ALL5_LEVELS_bet23_to_bet27,266.2792,266.2792,266.2792,0.0000,0.0000,4.000000,4.000000,4.000000,0.000000,0.000000,96.000000,96.000000,96.000000,100.000000,100.000000,5.0,798.8377,767.3102,5858.1432,5889.6706,PENDING_AG03,FALSE,NOT_FOR_ENFORCEMENT,6390.7016,3533200.0204,6656.9809,6390.7016,266.2792,0.00163983,0.00157424,266.2792,6390.7016,0.00157424,266.2792,266.2792,266.2792,0.0000,0.0000,6390.7016,0.00157424,798.8377,767.3102,5858.1432,5889.6706,0.00144305,0.00145082,0.00006559,418.2083,379.7376,0.6869,61.6387,1.8384,37588.4109,89.7407,538.3845,395.5999,218.4789,430.6076,432.5446,432.5446,1046.441,1081.3617,427.0584,0.0,2.43015,2.511246,0.971205,30,216,96,2,0.20383968,0.00163983,-0.01249836,0E-8,0.000000,0.906607,0.000000,0.01775797,2026-03-22,2026-08-06,108,3621,2443,138,0.782609,1.360932,1.287360,0.679466,,,,,,,,GLOBAL_BASELINE_NO_ENTITY_RANKING,,,NOT_APPLICABLE_GLOBAL_BASELINE,HF9g-P5,,,,X 全窗基线 · 不参与实体赏罚,14198103,1420,A168_HF9F_20260827_0900,2026-08-27 09:00:00
2026-04-19,57024343,2188,0,861.7903694926,818.7008510180,818.7008510180,1.0000000,2,2,0.50665070000000000,0.506650700000,1.3955260008387969,1.3955260008387969,1.3955260008387969,0E-17,ELIGIBLE,R03b_20260811_FULL_v1,L1_ELIGIBILITY,v2026-08-11,2026-03-21..2026-08-06,baccarat_bet02_101_all_pairs_incl_sentinel,round_win = game_pnl > 0 (decisive only),COMPATIBILITY_ONLY_NOT_PRODUCTION,4059548.3812,3680416.6879,6656.9809,9707,9692,-0.00163983,0.01249836,-0.00525961,-0.00163983,-6656.9809,4059548.3812,OK,0.0000,266.2792,4.0000,96.0000,AG03-UNRESOLVED,ALL5_LEVELS_bet23_to_bet27,266.2792,266.2792,266.2792,0.0000,0.0000,4.000000,4.000000,4.000000,0.000000,0.000000,96.000000,96.000000,96.000000,100.000000,100.000000,5.0,798.8377,767.3102,5858.1432,5889.6706,PENDING_AG03,FALSE,NOT_FOR_ENFORCEMENT,6390.7016,3533200.0204,6656.9809,6390.7016,266.2792,0.00163983,0.00157424,266.2792,6390.7016,0.00157424,266.2792,266.2792,266.2792,0.0000,0.0000,6390.7016,0.00157424,798.8377,767.3102,5858.1432,5889.6706,0.00144305,0.00145082,0.00006559,418.2083,379.7376,0.6869,61.6387,1.8384,37588.4109,89.7407,538.3845,395.5999,218.4789,430.6076,432.5446,432.5446,1046.441,1081.3617,427.0584,0.0,2.43015,2.511246,0.971205,30,216,96,2,0.20383968,0.00163983,-0.01249836,0E-8,0.000000,0.906607,0.000000,0.01775797,2026-03-22,2026-08-06,108,3621,2443,138,0.782609,1.360932,1.287360,0.679466,,,,,,,,GLOBAL_BASELINE_NO_ENTITY_RANKING,,,NOT_APPLICABLE_GLOBAL_BASELINE,HF9g-P5,,,,X 全窗基线 · 不参与实体赏罚,14198104,1420,A168_HF9F_20260827_0900,2026-08-27 09:00:00
2026-04-19,57024343,2202,0,5386.1898093288,-1163.4169988150,-1163.4169988150,0.4166667,12,12,0.50441650000000000,0.504416500000,-0.6079723967962072,-0.6079723967962072,-0.6079723967962072,0E-17,ELIGIBLE,R03b_20260811_FULL_v1,L1_ELIGIBILITY,v2026-08-11,2026-03-21..2026-08-06,baccarat_bet02_101_all_pairs_incl_sentinel,round_win = game_pnl > 0 (decisive only),COMPATIBILITY_ONLY_NOT_PRODUCTION,4059548.3812,3680416.6879,6656.9809,9707,9692,-0.00163983,0.01249836,-0.00525961,-0.00163983,-6656.9809,4059548.3812,OK,0.0000,266.2792,4.0000,96.0000,AG03-UNRESOLVED,ALL5_LEVELS_bet23_to_bet27,266.2792,266.2792,266.2792,0.0000,0.0000,4.000000,4.000000,4.000000,0.000000,0.000000,96.000000,96.000000,96.000000,100.000000,100.000000,5.0,798.8377,767.3102,5858.1432,5889.6706,PENDING_AG03,FALSE,NOT_FOR_ENFORCEMENT,6390.7016,3533200.0204,6656.9809,6390.7016,266.2792,0.00163983,0.00157424,266.2792,6390.7016,0.00157424,266.2792,266.2792,266.2792,0.0000,0.0000,6390.7016,0.00157424,798.8377,767.3102,5858.1432,5889.6706,0.00144305,0.00145082,0.00006559,418.2083,379.7376,0.6869,61.6387,1.8384,37588.4109,89.7407,538.3845,395.5999,218.4789,430.6076,432.5446,432.5446,1046.441,1081.3617,427.0584,0.0,2.43015,2.511246,0.971205,30,216,96,2,0.20383968,0.00163983,-0.01249836,0E-8,0.000000,0.906607,0.000000,0.01775797,2026-03-22,2026-08-06,108,3621,2443,138,0.782609,1.360932,1.287360,0.679466,,,,,,,,GLOBAL_BASELINE_NO_ENTITY_RANKING,,,NOT_APPLICABLE_GLOBAL_BASELINE,HF9g-P5,,,,X 全窗基线 · 不参与实体赏罚,14198105,1420,A168_HF9F_20260827_0900,2026-08-27 09:00:00
2026-04-19,57024343,2222,0,6032.5325864483,-527.8466013142,-527.8466013142,0.5000000,14,14,0.50377815714285714,0.503778157143,-0.028273946366728184,-0.028273946367797342,-0.028273946366728184,-1.4286E-13,ELIGIBLE,R03b_20260811_FULL_v1,L1_ELIGIBILITY,v2026-08-11,2026-03-21..2026-08-06,baccarat_bet02_101_all_pairs_incl_sentinel,round_win = game_pnl > 0 (decisive only),COMPATIBILITY_ONLY_NOT_PRODUCTION,4059548.3812,3680416.6879,6656.9809,9707,9692,-0.00163983,0.01249836,-0.00525961,-0.00163983,-6656.9809,4059548.3812,OK,0.0000,266.2792,4.0000,96.0000,AG03-UNRESOLVED,ALL5_LEVELS_bet23_to_bet27,266.2792,266.2792,266.2792,0.0000,0.0000,4.000000,4.000000,4.000000,0.000000,0.000000,96.000000,96.000000,96.000000,100.000000,100.000000,5.0,798.8377,767.3102,5858.1432,5889.6706,PENDING_AG03,FALSE,NOT_FOR_ENFORCEMENT,6390.7016,3533200.0204,6656.9809,6390.7016,266.2792,0.00163983,0.00157424,266.2792,6390.7016,0.00157424,266.2792,266.2792,266.2792,0.0000,0.0000,6390.7016,0.00157424,798.8377,767.3102,5858.1432,5889.6706,0.00144305,0.00145082,0.00006559,418.2083,379.7376,0.6869,61.6387,1.8384,37588.4109,89.7407,538.3845,395.5999,218.4789,430.6076,432.5446,432.5446,1046.441,1081.3617,427.0584,0.0,2.43015,2.511246,0.971205,30,216,96,2,0.20383968,0.00163983,-0.01249836,0E-8,0.000000,0.906607,0.000000,0.01775797,2026-03-22,2026-08-06,108,3621,2443,138,0.782609,1.360932,1.287360,0.679466,,,,,,,,GLOBAL_BASELINE_NO_ENTITY_RANKING,,,NOT_APPLICABLE_GLOBAL_BASELINE,HF9g-P5,,,,X 全窗基线 · 不参与实体赏罚,14198106,1420,A168_HF9F_20260827_0900,2026-08-27 09:00:00
2026-04-19,57024343,2223,0,215.4475923732,215.4475923732,215.4475923732,1.0000000,1,1,0.49324550000000000,0.493245500000,1.01360149184955,1.01360149184955,1.01360149184955,0E-17,ELIGIBLE,R03b_20260811_FULL_v1,L1_ELIGIBILITY,v2026-08-11,2026-03-21..2026-08-06,baccarat_bet02_101_all_pairs_incl_sentinel,round_win = game_pnl > 0 (decisive only),COMPATIBILITY_ONLY_NOT_PRODUCTION,4059548.3812,3680416.6879,6656.9809,9707,9692,-0.00163983,0.01249836,-0.00525961,-0.00163983,-6656.9809,4059548.3812,OK,0.0000,266.2792,4.0000,96.0000,AG03-UNRESOLVED,ALL5_LEVELS_bet23_to_bet27,266.2792,266.2792,266.2792,0.0000,0.0000,4.000000,4.000000,4.000000,0.000000,0.000000,96.000000,96.000000,96.000000,100.000000,100.000000,5.0,798.8377,767.3102,5858.1432,5889.6706,PENDING_AG03,FALSE,NOT_FOR_ENFORCEMENT,6390.7016,3533200.0204,6656.9809,6390.7016,266.2792,0.00163983,0.00157424,266.2792,6390.7016,0.00157424,266.2792,266.2792,266.2792,0.0000,0.0000,6390.7016,0.00157424,798.8377,767.3102,5858.1432,5889.6706,0.00144305,0.00145082,0.00006559,418.2083,379.7376,0.6869,61.6387,1.8384,37588.4109,89.7407,538.3845,395.5999,218.4789,430.6076,432.5446,432.5446,1046.441,1081.3617,427.0584,0.0,2.43015,2.511246,0.971205,30,216,96,2,0.20383968,0.00163983,-0.01249836,0E-8,0.000000,0.906607,0.000000,0.01775797,2026-03-22,2026-08-06,108,3621,2443,138,0.782609,1.360932,1.287360,0.679466,,,,,,,,GLOBAL_BASELINE_NO_ENTITY_RANKING,,,NOT_APPLICABLE_GLOBAL_BASELINE,HF9g-P5,,,,X 全窗基线 · 不参与实体赏罚,14198107,1420,A168_HF9F_20260827_0900,2026-08-27 09:00:00
2026-04-19,57024343,2229,0,861.7903694926,-430.8951847463,-430.8951847463,0E-7,2,2,0.50665070000000000,0.506650700000,-1.013391052207602,-1.013391052207602,-1.013391052207602,0E-17,ELIGIBLE,R03b_20260811_FULL_v1,L1_ELIGIBILITY,v2026-08-11,2026-03-21..2026-08-06,baccarat_bet02_101_all_pairs_incl_sentinel,round_win = game_pnl > 0 (decisive only),COMPATIBILITY_ONLY_NOT_PRODUCTION,4059548.3812,3680416.6879,6656.9809,9707,9692,-0.00163983,0.01249836,-0.00525961,-0.00163983,-6656.9809,4059548.3812,OK,0.0000,266.2792,4.0000,96.0000,AG03-UNRESOLVED,ALL5_LEVELS_bet23_to_bet27,266.2792,266.2792,266.2792,0.0000,0.0000,4.000000,4.000000,4.000000,0.000000,0.000000,96.000000,96.000000,96.000000,100.000000,100.000000,5.0,798.8377,767.3102,5858.1432,5889.6706,PENDING_AG03,FALSE,NOT_FOR_ENFORCEMENT,6390.7016,3533200.0204,6656.9809,6390.7016,266.2792,0.00163983,0.00157424,266.2792,6390.7016,0.00157424,266.2792,266.2792,266.2792,0.0000,0.0000,6390.7016,0.00157424,798.8377,767.3102,5858.1432,5889.6706,0.00144305,0.00145082,0.00006559,418.2083,379.7376,0.6869,61.6387,1.8384,37588.4109,89.7407,538.3845,395.5999,218.4789,430.6076,432.5446,432.5446,1046.441,1081.3617,427.0584,0.0,2.43015,2.511246,0.971205,30,216,96,2,0.20383968,0.00163983,-0.01249836,0E-8,0.000000,0.906607,0.000000,0.01775797,2026-03-22,2026-08-06,108,3621,2443,138,0.782609,1.360932,1.287360,0.679466,,,,,,,,GLOBAL_BASELINE_NO_ENTITY_RANKING,,,NOT_APPLICABLE_GLOBAL_BASELINE,HF9g-P5,,,,X 全窗基线 · 不参与实体赏罚,14198108,1420,A168_HF9F_20260827_0900,2026-08-27 09:00:00
2026-04-19,57024343,2235,0,4955.2946245825,538.6189809329,538.6189809329,0.6000000,11,11,0.50543204545454545,0.505432045455,0.5981355596082979,0.5981355596054287,0.5981355596082979,-4.5455E-13,ELIGIBLE,R03b_20260811_FULL_v1,L1_ELIGIBILITY,v2026-08-11,2026-03-21..2026-08-06,baccarat_bet02_101_all_pairs_incl_sentinel,round_win = game_pnl > 0 (decisive only),COMPATIBILITY_ONLY_NOT_PRODUCTION,4059548.3812,3680416.6879,6656.9809,9707,9692,-0.00163983,0.01249836,-0.00525961,-0.00163983,-6656.9809,4059548.3812,OK,0.0000,266.2792,4.0000,96.0000,AG03-UNRESOLVED,ALL5_LEVELS_bet23_to_bet27,266.2792,266.2792,266.2792,0.0000,0.0000,4.000000,4.000000,4.000000,0.000000,0.000000,96.000000,96.000000,96.000000,100.000000,100.000000,5.0,798.8377,767.3102,5858.1432,5889.6706,PENDING_AG03,FALSE,NOT_FOR_ENFORCEMENT,6390.7016,3533200.0204,6656.9809,6390.7016,266.2792,0.00163983,0.00157424,266.2792,6390.7016,0.00157424,266.2792,266.2792,266.2792,0.0000,0.0000,6390.7016,0.00157424,798.8377,767.3102,5858.1432,5889.6706,0.00144305,0.00145082,0.00006559,418.2083,379.7376,0.6869,61.6387,1.8384,37588.4109,89.7407,538.3845,395.5999,218.4789,430.6076,432.5446,432.5446,1046.441,1081.3617,427.0584,0.0,2.43015,2.511246,0.971205,30,216,96,2,0.20383968,0.00163983,-0.01249836,0E-8,0.000000,0.906607,0.000000,0.01775797,2026-03-22,2026-08-06,108,3621,2443,138,0.782609,1.360932,1.287360,0.679466,,,,,,,,GLOBAL_BASELINE_NO_ENTITY_RANKING,,,NOT_APPLICABLE_GLOBAL_BASELINE,HF9g-P5,,,,X 全窗基线 · 不参与实体赏罚,14198109,1420,A168_HF9F_20260827_0900,2026-08-27 09:00:00
2026-04-19,57024343,2239,0,1077.2379618658,193.9028331358,193.9028331358,0.5000000,3,3,0.50665070000000000,0.506650700000,-0.018812684590367487,-0.018812684590367487,-0.018812684590367487,0E-17,ELIGIBLE,R03b_20260811_FULL_v1,L1_ELIGIBILITY,v2026-08-11,2026-03-21..2026-08-06,baccarat_bet02_101_all_pairs_incl_sentinel,round_win = game_pnl > 0 (decisive only),COMPATIBILITY_ONLY_NOT_PRODUCTION,4059548.3812,3680416.6879,6656.9809,9707,9692,-0.00163983,0.01249836,-0.00525961,-0.00163983,-6656.9809,4059548.3812,OK,0.0000,266.2792,4.0000,96.0000,AG03-UNRESOLVED,ALL5_LEVELS_bet23_to_bet27,266.2792,266.2792,266.2792,0.0000,0.0000,4.000000,4.000000,4.000000,0.000000,0.000000,96.000000,96.000000,96.000000,100.000000,100.000000,5.0,798.8377,767.3102,5858.1432,5889.6706,PENDING_AG03,FALSE,NOT_FOR_ENFORCEMENT,6390.7016,3533200.0204,6656.9809,6390.7016,266.2792,0.00163983,0.00157424,266.2792,6390.7016,0.00157424,266.2792,266.2792,266.2792,0.0000,0.0000,6390.7016,0.00157424,798.8377,767.3102,5858.1432,5889.6706,0.00144305,0.00145082,0.00006559,418.2083,379.7376,0.6869,61.6387,1.8384,37588.4109,89.7407,538.3845,395.5999,218.4789,430.6076,432.5446,432.5446,1046.441,1081.3617,427.0584,0.0,2.43015,2.511246,0.971205,30,216,96,2,0.20383968,0.00163983,-0.01249836,0E-8,0.000000,0.906607,0.000000,0.01775797,2026-03-22,2026-08-06,108,3621,2443,138,0.782609,1.360932,1.287360,0.679466,,,,,,,,GLOBAL_BASELINE_NO_ENTITY_RANKING,,,NOT_APPLICABLE_GLOBAL_BASELINE,HF9g-P5,,,,X 全窗基线 · 不参与实体赏罚,14198110,1420,A168_HF9F_20260827_0900,2026-08-27 09:00:00
2026-04-19,57024343,2241,0,430.8951847463,-430.8951847463,-430.8951847463,0E-7,1,1,0.50665070000000000,0.506650700000,-1.013391052207602,-1.013391052207602,-1.013391052207602,0E-17,ELIGIBLE,R03b_20260811_FULL_v1,L1_ELIGIBILITY,v2026-08-11,2026-03-21..2026-08-06,baccarat_bet02_101_all_pairs_incl_sentinel,round_win = game_pnl > 0 (decisive only),COMPATIBILITY_ONLY_NOT_PRODUCTION,4059548.3812,3680416.6879,6656.9809,9707,9692,-0.00163983,0.01249836,-0.00525961,-0.00163983,-6656.9809,4059548.3812,OK,0.0000,266.2792,4.0000,96.0000,AG03-UNRESOLVED,ALL5_LEVELS_bet23_to_bet27,266.2792,266.2792,266.2792,0.0000,0.0000,4.000000,4.000000,4.000000,0.000000,0.000000,96.000000,96.000000,96.000000,100.000000,100.000000,5.0,798.8377,767.3102,5858.1432,5889.6706,PENDING_AG03,FALSE,NOT_FOR_ENFORCEMENT,6390.7016,3533200.0204,6656.9809,6390.7016,266.2792,0.00163983,0.00157424,266.2792,6390.7016,0.00157424,266.2792,266.2792,266.2792,0.0000,0.0000,6390.7016,0.00157424,798.8377,767.3102,5858.1432,5889.6706,0.00144305,0.00145082,0.00006559,418.2083,379.7376,0.6869,61.6387,1.8384,37588.4109,89.7407,538.3845,395.5999,218.4789,430.6076,432.5446,432.5446,1046.441,1081.3617,427.0584,0.0,2.43015,2.511246,0.971205,30,216,96,2,0.20383968,0.00163983,-0.01249836,0E-8,0.000000,0.906607,0.000000,0.01775797,2026-03-22,2026-08-06,108,3621,2443,138,0.782609,1.360932,1.287360,0.679466,,,,,,,,GLOBAL_BASELINE_NO_ENTITY_RANKING,,,NOT_APPLICABLE_GLOBAL_BASELINE,HF9g-P5,,,,X 全窗基线 · 不参与实体赏罚,14198111,1420,A168_HF9F_20260827_0900,2026-08-27 09:00:00
2026-04-19,57024343,2242,0,430.8951847463,-430.8951847463,-430.8951847463,0E-7,1,1,0.50665070000000000,0.506650700000,-1.013391052207602,-1.013391052207602,-1.013391052207602,0E-17,ELIGIBLE,R03b_20260811_FULL_v1,L1_ELIGIBILITY,v2026-08-11,2026-03-21..2026-08-06,baccarat_bet02_101_all_pairs_incl_sentinel,round_win = game_pnl > 0 (decisive only),COMPATIBILITY_ONLY_NOT_PRODUCTION,4059548.3812,3680416.6879,6656.9809,9707,9692,-0.00163983,0.01249836,-0.00525961,-0.00163983,-6656.9809,4059548.3812,OK,0.0000,266.2792,4.0000,96.0000,AG03-UNRESOLVED,ALL5_LEVELS_bet23_to_bet27,266.2792,266.2792,266.2792,0.0000,0.0000,4.000000,4.000000,4.000000,0.000000,0.000000,96.000000,96.000000,96.000000,100.000000,100.000000,5.0,798.8377,767.3102,5858.1432,5889.6706,PENDING_AG03,FALSE,NOT_FOR_ENFORCEMENT,6390.7016,3533200.0204,6656.9809,6390.7016,266.2792,0.00163983,0.00157424,266.2792,6390.7016,0.00157424,266.2792,266.2792,266.2792,0.0000,0.0000,6390.7016,0.00157424,798.8377,767.3102,5858.1432,5889.6706,0.00144305,0.00145082,0.00006559,418.2083,379.7376,0.6869,61.6387,1.8384,37588.4109,89.7407,538.3845,395.5999,218.4789,430.6076,432.5446,432.5446,1046.441,1081.3617,427.0584,0.0,2.43015,2.511246,0.971205,30,216,96,2,0.20383968,0.00163983,-0.01249836,0E-8,0.000000,0.906607,0.000000,0.01775797,2026-03-22,2026-08-06,108,3621,2443,138,0.782609,1.360932,1.287360,0.679466,,,,,,,,GLOBAL_BASELINE_NO_ENTITY_RANKING,,,NOT_APPLICABLE_GLOBAL_BASELINE,HF9g-P5,,,,X 全窗基线 · 不参与实体赏罚,14198112,1420,A168_HF9F_20260827_0900,2026-08-27 09:00:00
2026-04-19,57024343,2246,0,4739.8470322093,-1357.3198319508,-1357.3198319508,0.3333333,11,11,0.50421339090909091,0.504213390909,-1.0253167503062162,-1.025316750305669,-1.0253167503062162,9.091E-14,ELIGIBLE,R03b_20260811_FULL_v1,L1_ELIGIBILITY,v2026-08-11,2026-03-21..2026-08-06,baccarat_bet02_101_all_pairs_incl_sentinel,round_win = game_pnl > 0 (decisive only),COMPATIBILITY_ONLY_NOT_PRODUCTION,4059548.3812,3680416.6879,6656.9809,9707,9692,-0.00163983,0.01249836,-0.00525961,-0.00163983,-6656.9809,4059548.3812,OK,0.0000,266.2792,4.0000,96.0000,AG03-UNRESOLVED,ALL5_LEVELS_bet23_to_bet27,266.2792,266.2792,266.2792,0.0000,0.0000,4.000000,4.000000,4.000000,0.000000,0.000000,96.000000,96.000000,96.000000,100.000000,100.000000,5.0,798.8377,767.3102,5858.1432,5889.6706,PENDING_AG03,FALSE,NOT_FOR_ENFORCEMENT,6390.7016,3533200.0204,6656.9809,6390.7016,266.2792,0.00163983,0.00157424,266.2792,6390.7016,0.00157424,266.2792,266.2792,266.2792,0.0000,0.0000,6390.7016,0.00157424,798.8377,767.3102,5858.1432,5889.6706,0.00144305,0.00145082,0.00006559,418.2083,379.7376,0.6869,61.6387,1.8384,37588.4109,89.7407,538.3845,395.5999,218.4789,430.6076,432.5446,432.5446,1046.441,1081.3617,427.0584,0.0,2.43015,2.511246,0.971205,30,216,96,2,0.20383968,0.00163983,-0.01249836,0E-8,0.000000,0.906607,0.000000,0.01775797,2026-03-22,2026-08-06,108,3621,2443,138,0.782609,1.360932,1.287360,0.679466,,,,,,,,GLOBAL_BASELINE_NO_ENTITY_RANKING,,,NOT_APPLICABLE_GLOBAL_BASELINE,HF9g-P5,,,,X 全窗基线 · 不参与实体赏罚,14198113,1420,A168_HF9F_20260827_0900,2026-08-27 09:00:00
2026-04-19,57024343,2252,0,6032.5325864482,797.1560917807,797.1560917807,0.5833333,14,14,0.50186312857142857,0.501863128571,0.5644460544807971,0.5644460544837646,0.5644460544807971,4.2857E-13,ELIGIBLE,R03b_20260811_FULL_v1,L1_ELIGIBILITY,v2026-08-11,2026-03-21..2026-08-06,baccarat_bet02_101_all_pairs_incl_sentinel,round_win = game_pnl > 0 (decisive only),COMPATIBILITY_ONLY_NOT_PRODUCTION,4059548.3812,3680416.6879,6656.9809,9707,9692,-0.00163983,0.01249836,-0.00525961,-0.00163983,-6656.9809,4059548.3812,OK,0.0000,266.2792,4.0000,96.0000,AG03-UNRESOLVED,ALL5_LEVELS_bet23_to_bet27,266.2792,266.2792,266.2792,0.0000,0.0000,4.000000,4.000000,4.000000,0.000000,0.000000,96.000000,96.000000,96.000000,100.000000,100.000000,5.0,798.8377,767.3102,5858.1432,5889.6706,PENDING_AG03,FALSE,NOT_FOR_ENFORCEMENT,6390.7016,3533200.0204,6656.9809,6390.7016,266.2792,0.00163983,0.00157424,266.2792,6390.7016,0.00157424,266.2792,266.2792,266.2792,0.0000,0.0000,6390.7016,0.00157424,798.8377,767.3102,5858.1432,5889.6706,0.00144305,0.00145082,0.00006559,418.2083,379.7376,0.6869,61.6387,1.8384,37588.4109,89.7407,538.3845,395.5999,218.4789,430.6076,432.5446,432.5446,1046.441,1081.3617,427.0584,0.0,2.43015,2.511246,0.971205,30,216,96,2,0.20383968,0.00163983,-0.01249836,0E-8,0.000000,0.906607,0.000000,0.01775797,2026-03-22,2026-08-06,108,3621,2443,138,0.782609,1.360932,1.287360,0.679466,,,,,,,,GLOBAL_BASELINE_NO_ENTITY_RANKING,,,NOT_APPLICABLE_GLOBAL_BASELINE,HF9g-P5,,,,X 全窗基线 · 不参与实体赏罚,14198114,1420,A168_HF9F_20260827_0900,2026-08-27 09:00:00
2026-04-19,57024343,2256,0,3447.1614779704,-64.6342777119,-64.6342777119,0.5000000,8,8,0.50497505000000000,0.504975050000,-0.028144525985643355,-0.028144525985643355,-0.028144525985643355,0E-17,ELIGIBLE,R03b_20260811_FULL_v1,L1_ELIGIBILITY,v2026-08-11,2026-03-21..2026-08-06,baccarat_bet02_101_all_pairs_incl_sentinel,round_win = game_pnl > 0 (decisive only),COMPATIBILITY_ONLY_NOT_PRODUCTION,4059548.3812,3680416.6879,6656.9809,9707,9692,-0.00163983,0.01249836,-0.00525961,-0.00163983,-6656.9809,4059548.3812,OK,0.0000,266.2792,4.0000,96.0000,AG03-UNRESOLVED,ALL5_LEVELS_bet23_to_bet27,266.2792,266.2792,266.2792,0.0000,0.0000,4.000000,4.000000,4.000000,0.000000,0.000000,96.000000,96.000000,96.000000,100.000000,100.000000,5.0,798.8377,767.3102,5858.1432,5889.6706,PENDING_AG03,FALSE,NOT_FOR_ENFORCEMENT,6390.7016,3533200.0204,6656.9809,6390.7016,266.2792,0.00163983,0.00157424,266.2792,6390.7016,0.00157424,266.2792,266.2792,266.2792,0.0000,0.0000,6390.7016,0.00157424,798.8377,767.3102,5858.1432,5889.6706,0.00144305,0.00145082,0.00006559,418.2083,379.7376,0.6869,61.6387,1.8384,37588.4109,89.7407,538.3845,395.5999,218.4789,430.6076,432.5446,432.5446,1046.441,1081.3617,427.0584,0.0,2.43015,2.511246,0.971205,30,216,96,2,0.20383968,0.00163983,-0.01249836,0E-8,0.000000,0.906607,0.000000,0.01775797,2026-03-22,2026-08-06,108,3621,2443,138,0.782609,1.360932,1.287360,0.679466,,,,,,,,GLOBAL_BASELINE_NO_ENTITY_RANKING,,,NOT_APPLICABLE_GLOBAL_BASELINE,HF9g-P5,,,,X 全窗基线 · 不参与实体赏罚,14198115,1420,A168_HF9F_20260827_0900,2026-08-27 09:00:00
2026-04-19,57024343,2261,0,430.8951847463,409.3504255090,409.3504255090,1.0000000,1,1,0.50665070000000000,0.506650700000,0.9867858985152569,0.9867858985152569,0.9867858985152569,0E-17,ELIGIBLE,R03b_20260811_FULL_v1,L1_ELIGIBILITY,v2026-08-11,2026-03-21..2026-08-06,baccarat_bet02_101_all_pairs_incl_sentinel,round_win = game_pnl > 0 (decisive only),COMPATIBILITY_ONLY_NOT_PRODUCTION,4059548.3812,3680416.6879,6656.9809,9707,9692,-0.00163983,0.01249836,-0.00525961,-0.00163983,-6656.9809,4059548.3812,OK,0.0000,266.2792,4.0000,96.0000,AG03-UNRESOLVED,ALL5_LEVELS_bet23_to_bet27,266.2792,266.2792,266.2792,0.0000,0.0000,4.000000,4.000000,4.000000,0.000000,0.000000,96.000000,96.000000,96.000000,100.000000,100.000000,5.0,798.8377,767.3102,5858.1432,5889.6706,PENDING_AG03,FALSE,NOT_FOR_ENFORCEMENT,6390.7016,3533200.0204,6656.9809,6390.7016,266.2792,0.00163983,0.00157424,266.2792,6390.7016,0.00157424,266.2792,266.2792,266.2792,0.0000,0.0000,6390.7016,0.00157424,798.8377,767.3102,5858.1432,5889.6706,0.00144305,0.00145082,0.00006559,418.2083,379.7376,0.6869,61.6387,1.8384,37588.4109,89.7407,538.3845,395.5999,218.4789,430.6076,432.5446,432.5446,1046.441,1081.3617,427.0584,0.0,2.43015,2.511246,0.971205,30,216,96,2,0.20383968,0.00163983,-0.01249836,0E-8,0.000000,0.906607,0.000000,0.01775797,2026-03-22,2026-08-06,108,3621,2443,138,0.782609,1.360932,1.287360,0.679466,,,,,,,,GLOBAL_BASELINE_NO_ENTITY_RANKING,,,NOT_APPLICABLE_GLOBAL_BASELINE,HF9g-P5,,,,X 全窗基线 · 不参与实体赏罚,14198116,1420,A168_HF9F_20260827_0900,2026-08-27 09:00:00
2026-04-19,57024343,2267,0,3016.2662932241,366.2609070344,366.2609070344,0.6000000,7,7,0.50473567142857143,0.504735671429,0.4260541393395541,0.4260541393376408,0.4260541393395541,-4.2857E-13,ELIGIBLE,R03b_20260811_FULL_v1,L1_ELIGIBILITY,v2026-08-11,2026-03-21..2026-08-06,baccarat_bet02_101_all_pairs_incl_sentinel,round_win = game_pnl > 0 (decisive only),COMPATIBILITY_ONLY_NOT_PRODUCTION,4059548.3812,3680416.6879,6656.9809,9707,9692,-0.00163983,0.01249836,-0.00525961,-0.00163983,-6656.9809,4059548.3812,OK,0.0000,266.2792,4.0000,96.0000,AG03-UNRESOLVED,ALL5_LEVELS_bet23_to_bet27,266.2792,266.2792,266.2792,0.0000,0.0000,4.000000,4.000000,4.000000,0.000000,0.000000,96.000000,96.000000,96.000000,100.000000,100.000000,5.0,798.8377,767.3102,5858.1432,5889.6706,PENDING_AG03,FALSE,NOT_FOR_ENFORCEMENT,6390.7016,3533200.0204,6656.9809,6390.7016,266.2792,0.00163983,0.00157424,266.2792,6390.7016,0.00157424,266.2792,266.2792,266.2792,0.0000,0.0000,6390.7016,0.00157424,798.8377,767.3102,5858.1432,5889.6706,0.00144305,0.00145082,0.00006559,418.2083,379.7376,0.6869,61.6387,1.8384,37588.4109,89.7407,538.3845,395.5999,218.4789,430.6076,432.5446,432.5446,1046.441,1081.3617,427.0584,0.0,2.43015,2.511246,0.971205,30,216,96,2,0.20383968,0.00163983,-0.01249836,0E-8,0.000000,0.906607,0.000000,0.01775797,2026-03-22,2026-08-06,108,3621,2443,138,0.782609,1.360932,1.287360,0.679466,,,,,,,,GLOBAL_BASELINE_NO_ENTITY_RANKING,,,NOT_APPLICABLE_GLOBAL_BASELINE,HF9g-P5,,,,X 全窗基线 · 不参与实体赏罚,14198117,1420,A168_HF9F_20260827_0900,2026-08-27 09:00:00
2026-04-19,57024343,550,0,3016.2662932242,-75.4066573306,-75.4066573306,0.5000000,8,8,0.50665070000000000,0.506650700000,-0.037625369180734974,-0.037625369180734974,-0.037625369180734974,0E-17,ELIGIBLE,R03b_20260811_FULL_v1,L1_ELIGIBILITY,v2026-08-11,2026-03-21..2026-08-06,baccarat_bet02_101_all_pairs_incl_sentinel,round_win = game_pnl > 0 (decisive only),COMPATIBILITY_ONLY_NOT_PRODUCTION,4059548.3812,3680416.6879,6656.9809,9707,9692,-0.00163983,0.01249836,-0.00525961,-0.00163983,-6656.9809,4059548.3812,OK,0.0000,266.2792,4.0000,96.0000,AG03-UNRESOLVED,ALL5_LEVELS_bet23_to_bet27,266.2792,266.2792,266.2792,0.0000,0.0000,4.000000,4.000000,4.000000,0.000000,0.000000,96.000000,96.000000,96.000000,100.000000,100.000000,5.0,798.8377,767.3102,5858.1432,5889.6706,PENDING_AG03,FALSE,NOT_FOR_ENFORCEMENT,6390.7016,3533200.0204,6656.9809,6390.7016,266.2792,0.00163983,0.00157424,266.2792,6390.7016,0.00157424,266.2792,266.2792,266.2792,0.0000,0.0000,6390.7016,0.00157424,798.8377,767.3102,5858.1432,5889.6706,0.00144305,0.00145082,0.00006559,418.2083,379.7376,0.6869,61.6387,1.8384,37588.4109,89.7407,538.3845,395.5999,218.4789,430.6076,432.5446,432.5446,1046.441,1081.3617,427.0584,0.0,2.43015,2.511246,0.971205,30,216,96,2,0.20383968,0.00163983,-0.01249836,0E-8,0.000000,0.906607,0.000000,0.01775797,2026-03-22,2026-08-06,108,3621,2443,138,0.782609,1.360932,1.287360,0.679466,,,,,,,,GLOBAL_BASELINE_NO_ENTITY_RANKING,,,NOT_APPLICABLE_GLOBAL_BASELINE,HF9g-P5,,,,X 全窗基线 · 不参与实体赏罚,14198118,1420,A168_HF9F_20260827_0900,2026-08-27 09:00:00
2026-04-19,57024343,752,0,861.7903694926,-21.5447592373,-21.5447592373,0.5000000,2,2,0.49994810000000000,0.499948100000,0.00014679536856514622,0.00014679536856514622,0.00014679536856514622,0E-17,ELIGIBLE,R03b_20260811_FULL_v1,L1_ELIGIBILITY,v2026-08-11,2026-03-21..2026-08-06,baccarat_bet02_101_all_pairs_incl_sentinel,round_win = game_pnl > 0 (decisive only),COMPATIBILITY_ONLY_NOT_PRODUCTION,4059548.3812,3680416.6879,6656.9809,9707,9692,-0.00163983,0.01249836,-0.00525961,-0.00163983,-6656.9809,4059548.3812,OK,0.0000,266.2792,4.0000,96.0000,AG03-UNRESOLVED,ALL5_LEVELS_bet23_to_bet27,266.2792,266.2792,266.2792,0.0000,0.0000,4.000000,4.000000,4.000000,0.000000,0.000000,96.000000,96.000000,96.000000,100.000000,100.000000,5.0,798.8377,767.3102,5858.1432,5889.6706,PENDING_AG03,FALSE,NOT_FOR_ENFORCEMENT,6390.7016,3533200.0204,6656.9809,6390.7016,266.2792,0.00163983,0.00157424,266.2792,6390.7016,0.00157424,266.2792,266.2792,266.2792,0.0000,0.0000,6390.7016,0.00157424,798.8377,767.3102,5858.1432,5889.6706,0.00144305,0.00145082,0.00006559,418.2083,379.7376,0.6869,61.6387,1.8384,37588.4109,89.7407,538.3845,395.5999,218.4789,430.6076,432.5446,432.5446,1046.441,1081.3617,427.0584,0.0,2.43015,2.511246,0.971205,30,216,96,2,0.20383968,0.00163983,-0.01249836,0E-8,0.000000,0.906607,0.000000,0.01775797,2026-03-22,2026-08-06,108,3621,2443,138,0.782609,1.360932,1.287360,0.679466,,,,,,,,GLOBAL_BASELINE_NO_ENTITY_RANKING,,,NOT_APPLICABLE_GLOBAL_BASELINE,HF9g-P5,,,,X 全窗基线 · 不参与实体赏罚,14198119,1420,A168_HF9F_20260827_0900,2026-08-27 09:00:00
2026-04-19,57024343,763,0,4955.2946245825,96.9514165680,96.9514165680,0.5000000,11,11,0.50421339090909091,0.504213390909,-0.02664877008081384,-0.02664877008023881,-0.02664877008081384,9.091E-14,ELIGIBLE,R03b_20260811_FULL_v1,L1_ELIGIBILITY,v2026-08-11,2026-03-21..2026-08-06,baccarat_bet02_101_all_pairs_incl_sentinel,round_win = game_pnl > 0 (decisive only),COMPATIBILITY_ONLY_NOT_PRODUCTION,4059548.3812,3680416.6879,6656.9809,9707,9692,-0.00163983,0.01249836,-0.00525961,-0.00163983,-6656.9809,4059548.3812,OK,0.0000,266.2792,4.0000,96.0000,AG03-UNRESOLVED,ALL5_LEVELS_bet23_to_bet27,266.2792,266.2792,266.2792,0.0000,0.0000,4.000000,4.000000,4.000000,0.000000,0.000000,96.000000,96.000000,96.000000,100.000000,100.000000,5.0,798.8377,767.3102,5858.1432,5889.6706,PENDING_AG03,FALSE,NOT_FOR_ENFORCEMENT,6390.7016,3533200.0204,6656.9809,6390.7016,266.2792,0.00163983,0.00157424,266.2792,6390.7016,0.00157424,266.2792,266.2792,266.2792,0.0000,0.0000,6390.7016,0.00157424,798.8377,767.3102,5858.1432,5889.6706,0.00144305,0.00145082,0.00006559,418.2083,379.7376,0.6869,61.6387,1.8384,37588.4109,89.7407,538.3845,395.5999,218.4789,430.6076,432.5446,432.5446,1046.441,1081.3617,427.0584,0.0,2.43015,2.511246,0.971205,30,216,96,2,0.20383968,0.00163983,-0.01249836,0E-8,0.000000,0.906607,0.000000,0.01775797,2026-03-22,2026-08-06,108,3621,2443,138,0.782609,1.360932,1.287360,0.679466,,,,,,,,GLOBAL_BASELINE_NO_ENTITY_RANKING,,,NOT_APPLICABLE_GLOBAL_BASELINE,HF9g-P5,,,,X 全窗基线 · 不参与实体赏罚,14198120,1420,A168_HF9F_20260827_0900,2026-08-27 09:00:00
2026-04-19,57024343,925,0,3662.6090703436,1798.9873963159,1798.9873963159,0.7777778,9,9,0.50665070000000000,0.506650700000,1.6269063950638647,1.6269063950638647,1.6269063950638647,0E-17,ELIGIBLE,R03b_20260811_FULL_v1,L1_ELIGIBILITY,v2026-08-11,2026-03-21..2026-08-06,baccarat_bet02_101_all_pairs_incl_sentinel,round_win = game_pnl > 0 (decisive only),COMPATIBILITY_ONLY_NOT_PRODUCTION,4059548.3812,3680416.6879,6656.9809,9707,9692,-0.00163983,0.01249836,-0.00525961,-0.00163983,-6656.9809,4059548.3812,OK,0.0000,266.2792,4.0000,96.0000,AG03-UNRESOLVED,ALL5_LEVELS_bet23_to_bet27,266.2792,266.2792,266.2792,0.0000,0.0000,4.000000,4.000000,4.000000,0.000000,0.000000,96.000000,96.000000,96.000000,100.000000,100.000000,5.0,798.8377,767.3102,5858.1432,5889.6706,PENDING_AG03,FALSE,NOT_FOR_ENFORCEMENT,6390.7016,3533200.0204,6656.9809,6390.7016,266.2792,0.00163983,0.00157424,266.2792,6390.7016,0.00157424,266.2792,266.2792,266.2792,0.0000,0.0000,6390.7016,0.00157424,798.8377,767.3102,5858.1432,5889.6706,0.00144305,0.00145082,0.00006559,418.2083,379.7376,0.6869,61.6387,1.8384,37588.4109,89.7407,538.3845,395.5999,218.4789,430.6076,432.5446,432.5446,1046.441,1081.3617,427.0584,0.0,2.43015,2.511246,0.971205,30,216,96,2,0.20383968,0.00163983,-0.01249836,0E-8,0.000000,0.906607,0.000000,0.01775797,2026-03-22,2026-08-06,108,3621,2443,138,0.782609,1.360932,1.287360,0.679466,,,,,,,,GLOBAL_BASELINE_NO_ENTITY_RANKING,,,NOT_APPLICABLE_GLOBAL_BASELINE,HF9g-P5,,,,X 全窗基线 · 不参与实体赏罚,14198121,1420,A168_HF9F_20260827_0900,2026-08-27 09:00:00
2026-04-19,57024343,948,0,1292.6855542389,-861.7903694926,-861.7903694926,0E-7,3,3,0.50665070000000000,0.506650700000,-1.4331513700195317,-1.4331513700195317,-1.4331513700195317,0E-17,ELIGIBLE,R03b_20260811_FULL_v1,L1_ELIGIBILITY,v2026-08-11,2026-03-21..2026-08-06,baccarat_bet02_101_all_pairs_incl_sentinel,round_win = game_pnl > 0 (decisive only),COMPATIBILITY_ONLY_NOT_PRODUCTION,4059548.3812,3680416.6879,6656.9809,9707,9692,-0.00163983,0.01249836,-0.00525961,-0.00163983,-6656.9809,4059548.3812,OK,0.0000,266.2792,4.0000,96.0000,AG03-UNRESOLVED,ALL5_LEVELS_bet23_to_bet27,266.2792,266.2792,266.2792,0.0000,0.0000,4.000000,4.000000,4.000000,0.000000,0.000000,96.000000,96.000000,96.000000,100.000000,100.000000,5.0,798.8377,767.3102,5858.1432,5889.6706,PENDING_AG03,FALSE,NOT_FOR_ENFORCEMENT,6390.7016,3533200.0204,6656.9809,6390.7016,266.2792,0.00163983,0.00157424,266.2792,6390.7016,0.00157424,266.2792,266.2792,266.2792,0.0000,0.0000,6390.7016,0.00157424,798.8377,767.3102,5858.1432,5889.6706,0.00144305,0.00145082,0.00006559,418.2083,379.7376,0.6869,61.6387,1.8384,37588.4109,89.7407,538.3845,395.5999,218.4789,430.6076,432.5446,432.5446,1046.441,1081.3617,427.0584,0.0,2.43015,2.511246,0.971205,30,216,96,2,0.20383968,0.00163983,-0.01249836,0E-8,0.000000,0.906607,0.000000,0.01775797,2026-03-22,2026-08-06,108,3621,2443,138,0.782609,1.360932,1.287360,0.679466,,,,,,,,GLOBAL_BASELINE_NO_ENTITY_RANKING,,,NOT_APPLICABLE_GLOBAL_BASELINE,HF9g-P5,,,,X 全窗基线 · 不参与实体赏罚,14198122,1420,A168_HF9F_20260827_0900,2026-08-27 09:00:00
2026-04-19,57024343,994,0,1292.6855542389,387.8056662717,387.8056662717,0.6666667,3,3,0.50665070000000000,0.506650700000,0.5543606114942035,0.5543606114942035,0.5543606114942035,0E-17,ELIGIBLE,R03b_20260811_FULL_v1,L1_ELIGIBILITY,v2026-08-11,2026-03-21..2026-08-06,baccarat_bet02_101_all_pairs_incl_sentinel,round_win = game_pnl > 0 (decisive only),COMPATIBILITY_ONLY_NOT_PRODUCTION,4059548.3812,3680416.6879,6656.9809,9707,9692,-0.00163983,0.01249836,-0.00525961,-0.00163983,-6656.9809,4059548.3812,OK,0.0000,266.2792,4.0000,96.0000,AG03-UNRESOLVED,ALL5_LEVELS_bet23_to_bet27,266.2792,266.2792,266.2792,0.0000,0.0000,4.000000,4.000000,4.000000,0.000000,0.000000,96.000000,96.000000,96.000000,100.000000,100.000000,5.0,798.8377,767.3102,5858.1432,5889.6706,PENDING_AG03,FALSE,NOT_FOR_ENFORCEMENT,6390.7016,3533200.0204,6656.9809,6390.7016,266.2792,0.00163983,0.00157424,266.2792,6390.7016,0.00157424,266.2792,266.2792,266.2792,0.0000,0.0000,6390.7016,0.00157424,798.8377,767.3102,5858.1432,5889.6706,0.00144305,0.00145082,0.00006559,418.2083,379.7376,0.6869,61.6387,1.8384,37588.4109,89.7407,538.3845,395.5999,218.4789,430.6076,432.5446,432.5446,1046.441,1081.3617,427.0584,0.0,2.43015,2.511246,0.971205,30,216,96,2,0.20383968,0.00163983,-0.01249836,0E-8,0.000000,0.906607,0.000000,0.01775797,2026-03-22,2026-08-06,108,3621,2443,138,0.782609,1.360932,1.287360,0.679466,,,,,,,,GLOBAL_BASELINE_NO_ENTITY_RANKING,,,NOT_APPLICABLE_GLOBAL_BASELINE,HF9g-P5,,,,X 全窗基线 · 不参与实体赏罚,14198123,1420,A168_HF9F_20260827_0900,2026-08-27 09:00:00
2026-04-20,57024343,-1,1,9479.6940644186,-193.9028331357,-193.9028331357,0.5000000,22,22,0.50543204545454545,0.505432045455,-0.048588559074218315,-0.048588559078284646,-0.048588559074218315,-4.5455E-13,SENTINEL_DEALER,R03b_20260811_FULL_v1,L1_ELIGIBILITY,v2026-08-11,2026-03-21..2026-08-06,baccarat_bet02_101_all_pairs_incl_sentinel,round_win = game_pnl > 0 (decisive only),COMPATIBILITY_ONLY_NOT_PRODUCTION,4059548.3812,3680416.6879,6656.9809,9707,9692,-0.00163983,0.01249836,-0.00525961,-0.00163983,-6656.9809,4059548.3812,OK,0.0000,266.2792,4.0000,96.0000,AG03-UNRESOLVED,ALL5_LEVELS_bet23_to_bet27,266.2792,266.2792,266.2792,0.0000,0.0000,4.000000,4.000000,4.000000,0.000000,0.000000,96.000000,96.000000,96.000000,100.000000,100.000000,5.0,798.8377,767.3102,5858.1432,5889.6706,PENDING_AG03,FALSE,NOT_FOR_ENFORCEMENT,6390.7016,3533200.0204,6656.9809,6390.7016,266.2792,0.00163983,0.00157424,266.2792,6390.7016,0.00157424,266.2792,266.2792,266.2792,0.0000,0.0000,6390.7016,0.00157424,798.8377,767.3102,5858.1432,5889.6706,0.00144305,0.00145082,0.00006559,418.2083,379.7376,0.6869,61.6387,1.8384,37588.4109,89.7407,538.3845,395.5999,218.4789,430.6076,432.5446,432.5446,1046.441,1081.3617,427.0584,0.0,2.43015,2.511246,0.971205,30,216,96,2,0.20383968,0.00163983,-0.01249836,0E-8,0.000000,0.906607,0.000000,0.01775797,2026-03-22,2026-08-06,108,3621,2443,138,0.782609,1.360932,1.287360,0.679466,,,,,,,,GLOBAL_BASELINE_NO_ENTITY_RANKING,,,NOT_APPLICABLE_GLOBAL_BASELINE,HF9g-P5,,,,X 全窗基线 · 不参与实体赏罚,14198124,1420,A168_HF9F_20260827_0900,2026-08-27 09:00:00
2026-04-20,57024343,1094,0,1939.0283313584,-678.6599159754,-678.6599159754,0.4000000,5,5,0.50396966000000000,0.503969660000,-0.4649811094771361,-0.4649811094771361,-0.4649811094771361,0E-17,ELIGIBLE,R03b_20260811_FULL_v1,L1_ELIGIBILITY,v2026-08-11,2026-03-21..2026-08-06,baccarat_bet02_101_all_pairs_incl_sentinel,round_win = game_pnl > 0 (decisive only),COMPATIBILITY_ONLY_NOT_PRODUCTION,4059548.3812,3680416.6879,6656.9809,9707,9692,-0.00163983,0.01249836,-0.00525961,-0.00163983,-6656.9809,4059548.3812,OK,0.0000,266.2792,4.0000,96.0000,AG03-UNRESOLVED,ALL5_LEVELS_bet23_to_bet27,266.2792,266.2792,266.2792,0.0000,0.0000,4.000000,4.000000,4.000000,0.000000,0.000000,96.000000,96.000000,96.000000,100.000000,100.000000,5.0,798.8377,767.3102,5858.1432,5889.6706,PENDING_AG03,FALSE,NOT_FOR_ENFORCEMENT,6390.7016,3533200.0204,6656.9809,6390.7016,266.2792,0.00163983,0.00157424,266.2792,6390.7016,0.00157424,266.2792,266.2792,266.2792,0.0000,0.0000,6390.7016,0.00157424,798.8377,767.3102,5858.1432,5889.6706,0.00144305,0.00145082,0.00006559,418.2083,379.7376,0.6869,61.6387,1.8384,37588.4109,89.7407,538.3845,395.5999,218.4789,430.6076,432.5446,432.5446,1046.441,1081.3617,427.0584,0.0,2.43015,2.511246,0.971205,30,216,96,2,0.20383968,0.00163983,-0.01249836,0E-8,0.000000,0.906607,0.000000,0.01775797,2026-03-22,2026-08-06,108,3621,2443,138,0.782609,1.360932,1.287360,0.679466,,,,,,,,GLOBAL_BASELINE_NO_ENTITY_RANKING,,,NOT_APPLICABLE_GLOBAL_BASELINE,HF9g-P5,,,,X 全窗基线 · 不参与实体赏罚,14198125,1420,A168_HF9F_20260827_0900,2026-08-27 09:00:00
2026-04-20,57024343,1323,0,1508.1331466121,1012.6036841538,1012.6036841538,0.7500000,4,4,0.50665070000000000,0.506650700000,0.9734833216690844,0.9734833216690844,0.9734833216690844,0E-17,ELIGIBLE,R03b_20260811_FULL_v1,L1_ELIGIBILITY,v2026-08-11,2026-03-21..2026-08-06,baccarat_bet02_101_all_pairs_incl_sentinel,round_win = game_pnl > 0 (decisive only),COMPATIBILITY_ONLY_NOT_PRODUCTION,4059548.3812,3680416.6879,6656.9809,9707,9692,-0.00163983,0.01249836,-0.00525961,-0.00163983,-6656.9809,4059548.3812,OK,0.0000,266.2792,4.0000,96.0000,AG03-UNRESOLVED,ALL5_LEVELS_bet23_to_bet27,266.2792,266.2792,266.2792,0.0000,0.0000,4.000000,4.000000,4.000000,0.000000,0.000000,96.000000,96.000000,96.000000,100.000000,100.000000,5.0,798.8377,767.3102,5858.1432,5889.6706,PENDING_AG03,FALSE,NOT_FOR_ENFORCEMENT,6390.7016,3533200.0204,6656.9809,6390.7016,266.2792,0.00163983,0.00157424,266.2792,6390.7016,0.00157424,266.2792,266.2792,266.2792,0.0000,0.0000,6390.7016,0.00157424,798.8377,767.3102,5858.1432,5889.6706,0.00144305,0.00145082,0.00006559,418.2083,379.7376,0.6869,61.6387,1.8384,37588.4109,89.7407,538.3845,395.5999,218.4789,430.6076,432.5446,432.5446,1046.441,1081.3617,427.0584,0.0,2.43015,2.511246,0.971205,30,216,96,2,0.20383968,0.00163983,-0.01249836,0E-8,0.000000,0.906607,0.000000,0.01775797,2026-03-22,2026-08-06,108,3621,2443,138,0.782609,1.360932,1.287360,0.679466,,,,,,,,GLOBAL_BASELINE_NO_ENTITY_RANKING,,,NOT_APPLICABLE_GLOBAL_BASELINE,HF9g-P5,,,,X 全窗基线 · 不参与实体赏罚,14198126,1420,A168_HF9F_20260827_0900,2026-08-27 09:00:00
2026-04-20,57024343,1331,0,2154.4759237315,1228.0512765270,1228.0512765270,0.8000000,5,5,0.50128862000000000,0.501288620000,1.335882339249048,1.335882339249048,1.335882339249048,0E-17,ELIGIBLE,R03b_20260811_FULL_v1,L1_ELIGIBILITY,v2026-08-11,2026-03-21..2026-08-06,baccarat_bet02_101_all_pairs_incl_sentinel,round_win = game_pnl > 0 (decisive only),COMPATIBILITY_ONLY_NOT_PRODUCTION,4059548.3812,3680416.6879,6656.9809,9707,9692,-0.00163983,0.01249836,-0.00525961,-0.00163983,-6656.9809,4059548.3812,OK,0.0000,266.2792,4.0000,96.0000,AG03-UNRESOLVED,ALL5_LEVELS_bet23_to_bet27,266.2792,266.2792,266.2792,0.0000,0.0000,4.000000,4.000000,4.000000,0.000000,0.000000,96.000000,96.000000,96.000000,100.000000,100.000000,5.0,798.8377,767.3102,5858.1432,5889.6706,PENDING_AG03,FALSE,NOT_FOR_ENFORCEMENT,6390.7016,3533200.0204,6656.9809,6390.7016,266.2792,0.00163983,0.00157424,266.2792,6390.7016,0.00157424,266.2792,266.2792,266.2792,0.0000,0.0000,6390.7016,0.00157424,798.8377,767.3102,5858.1432,5889.6706,0.00144305,0.00145082,0.00006559,418.2083,379.7376,0.6869,61.6387,1.8384,37588.4109,89.7407,538.3845,395.5999,218.4789,430.6076,432.5446,432.5446,1046.441,1081.3617,427.0584,0.0,2.43015,2.511246,0.971205,30,216,96,2,0.20383968,0.00163983,-0.01249836,0E-8,0.000000,0.906607,0.000000,0.01775797,2026-03-22,2026-08-06,108,3621,2443,138,0.782609,1.360932,1.287360,0.679466,,,,,,,,GLOBAL_BASELINE_NO_ENTITY_RANKING,,,NOT_APPLICABLE_GLOBAL_BASELINE,HF9g-P5,,,,X 全窗基线 · 不参与实体赏罚,14198127,1420,A168_HF9F_20260827_0900,2026-08-27 09:00:00
2026-04-20,57024343,1400,0,430.8951847463,409.3504255090,409.3504255090,1.0000000,1,1,0.50665070000000000,0.506650700000,0.9867858985152569,0.9867858985152569,0.9867858985152569,0E-17,ELIGIBLE,R03b_20260811_FULL_v1,L1_ELIGIBILITY,v2026-08-11,2026-03-21..2026-08-06,baccarat_bet02_101_all_pairs_incl_sentinel,round_win = game_pnl > 0 (decisive only),COMPATIBILITY_ONLY_NOT_PRODUCTION,4059548.3812,3680416.6879,6656.9809,9707,9692,-0.00163983,0.01249836,-0.00525961,-0.00163983,-6656.9809,4059548.3812,OK,0.0000,266.2792,4.0000,96.0000,AG03-UNRESOLVED,ALL5_LEVELS_bet23_to_bet27,266.2792,266.2792,266.2792,0.0000,0.0000,4.000000,4.000000,4.000000,0.000000,0.000000,96.000000,96.000000,96.000000,100.000000,100.000000,5.0,798.8377,767.3102,5858.1432,5889.6706,PENDING_AG03,FALSE,NOT_FOR_ENFORCEMENT,6390.7016,3533200.0204,6656.9809,6390.7016,266.2792,0.00163983,0.00157424,266.2792,6390.7016,0.00157424,266.2792,266.2792,266.2792,0.0000,0.0000,6390.7016,0.00157424,798.8377,767.3102,5858.1432,5889.6706,0.00144305,0.00145082,0.00006559,418.2083,379.7376,0.6869,61.6387,1.8384,37588.4109,89.7407,538.3845,395.5999,218.4789,430.6076,432.5446,432.5446,1046.441,1081.3617,427.0584,0.0,2.43015,2.511246,0.971205,30,216,96,2,0.20383968,0.00163983,-0.01249836,0E-8,0.000000,0.906607,0.000000,0.01775797,2026-03-22,2026-08-06,108,3621,2443,138,0.782609,1.360932,1.287360,0.679466,,,,,,,,GLOBAL_BASELINE_NO_ENTITY_RANKING,,,NOT_APPLICABLE_GLOBAL_BASELINE,HF9g-P5,,,,X 全窗基线 · 不参与实体赏罚,14198128,1420,A168_HF9F_20260827_0900,2026-08-27 09:00:00
2026-04-20,57024343,1485,0,215.4475923732,215.4475923732,215.4475923732,1.0000000,1,1,0.49324550000000000,0.493245500000,1.01360149184955,1.01360149184955,1.01360149184955,0E-17,ELIGIBLE,R03b_20260811_FULL_v1,L1_ELIGIBILITY,v2026-08-11,2026-03-21..2026-08-06,baccarat_bet02_101_all_pairs_incl_sentinel,round_win = game_pnl > 0 (decisive only),COMPATIBILITY_ONLY_NOT_PRODUCTION,4059548.3812,3680416.6879,6656.9809,9707,9692,-0.00163983,0.01249836,-0.00525961,-0.00163983,-6656.9809,4059548.3812,OK,0.0000,266.2792,4.0000,96.0000,AG03-UNRESOLVED,ALL5_LEVELS_bet23_to_bet27,266.2792,266.2792,266.2792,0.0000,0.0000,4.000000,4.000000,4.000000,0.000000,0.000000,96.000000,96.000000,96.000000,100.000000,100.000000,5.0,798.8377,767.3102,5858.1432,5889.6706,PENDING_AG03,FALSE,NOT_FOR_ENFORCEMENT,6390.7016,3533200.0204,6656.9809,6390.7016,266.2792,0.00163983,0.00157424,266.2792,6390.7016,0.00157424,266.2792,266.2792,266.2792,0.0000,0.0000,6390.7016,0.00157424,798.8377,767.3102,5858.1432,5889.6706,0.00144305,0.00145082,0.00006559,418.2083,379.7376,0.6869,61.6387,1.8384,37588.4109,89.7407,538.3845,395.5999,218.4789,430.6076,432.5446,432.5446,1046.441,1081.3617,427.0584,0.0,2.43015,2.511246,0.971205,30,216,96,2,0.20383968,0.00163983,-0.01249836,0E-8,0.000000,0.906607,0.000000,0.01775797,2026-03-22,2026-08-06,108,3621,2443,138,0.782609,1.360932,1.287360,0.679466,,,,,,,,GLOBAL_BASELINE_NO_ENTITY_RANKING,,,NOT_APPLICABLE_GLOBAL_BASELINE,HF9g-P5,,,,X 全窗基线 · 不参与实体赏罚,14198129,1420,A168_HF9F_20260827_0900,2026-08-27 09:00:00
2026-04-20,57024343,1941,0,1508.1331466121,592.4808790262,592.4808790262,0.6666667,3,3,0.50665070000000000,0.506650700000,0.5543606114942035,0.5543606114942035,0.5543606114942035,0E-17,ELIGIBLE,R03b_20260811_FULL_v1,L1_ELIGIBILITY,v2026-08-11,2026-03-21..2026-08-06,baccarat_bet02_101_all_pairs_incl_sentinel,round_win = game_pnl > 0 (decisive only),COMPATIBILITY_ONLY_NOT_PRODUCTION,4059548.3812,3680416.6879,6656.9809,9707,9692,-0.00163983,0.01249836,-0.00525961,-0.00163983,-6656.9809,4059548.3812,OK,0.0000,266.2792,4.0000,96.0000,AG03-UNRESOLVED,ALL5_LEVELS_bet23_to_bet27,266.2792,266.2792,266.2792,0.0000,0.0000,4.000000,4.000000,4.000000,0.000000,0.000000,96.000000,96.000000,96.000000,100.000000,100.000000,5.0,798.8377,767.3102,5858.1432,5889.6706,PENDING_AG03,FALSE,NOT_FOR_ENFORCEMENT,6390.7016,3533200.0204,6656.9809,6390.7016,266.2792,0.00163983,0.00157424,266.2792,6390.7016,0.00157424,266.2792,266.2792,266.2792,0.0000,0.0000,6390.7016,0.00157424,798.8377,767.3102,5858.1432,5889.6706,0.00144305,0.00145082,0.00006559,418.2083,379.7376,0.6869,61.6387,1.8384,37588.4109,89.7407,538.3845,395.5999,218.4789,430.6076,432.5446,432.5446,1046.441,1081.3617,427.0584,0.0,2.43015,2.511246,0.971205,30,216,96,2,0.20383968,0.00163983,-0.01249836,0E-8,0.000000,0.906607,0.000000,0.01775797,2026-03-22,2026-08-06,108,3621,2443,138,0.782609,1.360932,1.287360,0.679466,,,,,,,,GLOBAL_BASELINE_NO_ENTITY_RANKING,,,NOT_APPLICABLE_GLOBAL_BASELINE,HF9g-P5,,,,X 全窗基线 · 不参与实体赏罚,14198130,1420,A168_HF9F_20260827_0900,2026-08-27 09:00:00
2026-04-20,57024343,1963,0,1723.5807389852,387.8056662717,387.8056662717,0.6666667,4,4,0.50665070000000000,0.506650700000,0.5543606114942035,0.5543606114942035,0.5543606114942035,0E-17,ELIGIBLE,R03b_20260811_FULL_v1,L1_ELIGIBILITY,v2026-08-11,2026-03-21..2026-08-06,baccarat_bet02_101_all_pairs_incl_sentinel,round_win = game_pnl > 0 (decisive only),COMPATIBILITY_ONLY_NOT_PRODUCTION,4059548.3812,3680416.6879,6656.9809,9707,9692,-0.00163983,0.01249836,-0.00525961,-0.00163983,-6656.9809,4059548.3812,OK,0.0000,266.2792,4.0000,96.0000,AG03-UNRESOLVED,ALL5_LEVELS_bet23_to_bet27,266.2792,266.2792,266.2792,0.0000,0.0000,4.000000,4.000000,4.000000,0.000000,0.000000,96.000000,96.000000,96.000000,100.000000,100.000000,5.0,798.8377,767.3102,5858.1432,5889.6706,PENDING_AG03,FALSE,NOT_FOR_ENFORCEMENT,6390.7016,3533200.0204,6656.9809,6390.7016,266.2792,0.00163983,0.00157424,266.2792,6390.7016,0.00157424,266.2792,266.2792,266.2792,0.0000,0.0000,6390.7016,0.00157424,798.8377,767.3102,5858.1432,5889.6706,0.00144305,0.00145082,0.00006559,418.2083,379.7376,0.6869,61.6387,1.8384,37588.4109,89.7407,538.3845,395.5999,218.4789,430.6076,432.5446,432.5446,1046.441,1081.3617,427.0584,0.0,2.43015,2.511246,0.971205,30,216,96,2,0.20383968,0.00163983,-0.01249836,0E-8,0.000000,0.906607,0.000000,0.01775797,2026-03-22,2026-08-06,108,3621,2443,138,0.782609,1.360932,1.287360,0.679466,,,,,,,,GLOBAL_BASELINE_NO_ENTITY_RANKING,,,NOT_APPLICABLE_GLOBAL_BASELINE,HF9g-P5,,,,X 全窗基线 · 不参与实体赏罚,14198131,1420,A168_HF9F_20260827_0900,2026-08-27 09:00:00
2026-04-20,57024343,2117,0,1077.2379618658,1023.3760637725,1023.3760637725,1.0000000,3,3,0.50665070000000000,0.506650700000,1.7091633124209307,1.7091633124209307,1.7091633124209307,0E-17,ELIGIBLE,R03b_20260811_FULL_v1,L1_ELIGIBILITY,v2026-08-11,2026-03-21..2026-08-06,baccarat_bet02_101_all_pairs_incl_sentinel,round_win = game_pnl > 0 (decisive only),COMPATIBILITY_ONLY_NOT_PRODUCTION,4059548.3812,3680416.6879,6656.9809,9707,9692,-0.00163983,0.01249836,-0.00525961,-0.00163983,-6656.9809,4059548.3812,OK,0.0000,266.2792,4.0000,96.0000,AG03-UNRESOLVED,ALL5_LEVELS_bet23_to_bet27,266.2792,266.2792,266.2792,0.0000,0.0000,4.000000,4.000000,4.000000,0.000000,0.000000,96.000000,96.000000,96.000000,100.000000,100.000000,5.0,798.8377,767.3102,5858.1432,5889.6706,PENDING_AG03,FALSE,NOT_FOR_ENFORCEMENT,6390.7016,3533200.0204,6656.9809,6390.7016,266.2792,0.00163983,0.00157424,266.2792,6390.7016,0.00157424,266.2792,266.2792,266.2792,0.0000,0.0000,6390.7016,0.00157424,798.8377,767.3102,5858.1432,5889.6706,0.00144305,0.00145082,0.00006559,418.2083,379.7376,0.6869,61.6387,1.8384,37588.4109,89.7407,538.3845,395.5999,218.4789,430.6076,432.5446,432.5446,1046.441,1081.3617,427.0584,0.0,2.43015,2.511246,0.971205,30,216,96,2,0.20383968,0.00163983,-0.01249836,0E-8,0.000000,0.906607,0.000000,0.01775797,2026-03-22,2026-08-06,108,3621,2443,138,0.782609,1.360932,1.287360,0.679466,,,,,,,,GLOBAL_BASELINE_NO_ENTITY_RANKING,,,NOT_APPLICABLE_GLOBAL_BASELINE,HF9g-P5,,,,X 全窗基线 · 不参与实体赏罚,14198132,1420,A168_HF9F_20260827_0900,2026-08-27 09:00:00
2026-04-20,57024343,2121,0,646.3427771195,-646.3427771195,-646.3427771195,0E-7,2,2,0.49994810000000000,0.499948100000,-1.4140667746232096,-1.4140667746232096,-1.4140667746232096,0E-17,ELIGIBLE,R03b_20260811_FULL_v1,L1_ELIGIBILITY,v2026-08-11,2026-03-21..2026-08-06,baccarat_bet02_101_all_pairs_incl_sentinel,round_win = game_pnl > 0 (decisive only),COMPATIBILITY_ONLY_NOT_PRODUCTION,4059548.3812,3680416.6879,6656.9809,9707,9692,-0.00163983,0.01249836,-0.00525961,-0.00163983,-6656.9809,4059548.3812,OK,0.0000,266.2792,4.0000,96.0000,AG03-UNRESOLVED,ALL5_LEVELS_bet23_to_bet27,266.2792,266.2792,266.2792,0.0000,0.0000,4.000000,4.000000,4.000000,0.000000,0.000000,96.000000,96.000000,96.000000,100.000000,100.000000,5.0,798.8377,767.3102,5858.1432,5889.6706,PENDING_AG03,FALSE,NOT_FOR_ENFORCEMENT,6390.7016,3533200.0204,6656.9809,6390.7016,266.2792,0.00163983,0.00157424,266.2792,6390.7016,0.00157424,266.2792,266.2792,266.2792,0.0000,0.0000,6390.7016,0.00157424,798.8377,767.3102,5858.1432,5889.6706,0.00144305,0.00145082,0.00006559,418.2083,379.7376,0.6869,61.6387,1.8384,37588.4109,89.7407,538.3845,395.5999,218.4789,430.6076,432.5446,432.5446,1046.441,1081.3617,427.0584,0.0,2.43015,2.511246,0.971205,30,216,96,2,0.20383968,0.00163983,-0.01249836,0E-8,0.000000,0.906607,0.000000,0.01775797,2026-03-22,2026-08-06,108,3621,2443,138,0.782609,1.360932,1.287360,0.679466,,,,,,,,GLOBAL_BASELINE_NO_ENTITY_RANKING,,,NOT_APPLICABLE_GLOBAL_BASELINE,HF9g-P5,,,,X 全窗基线 · 不参与实体赏罚,14198133,1420,A168_HF9F_20260827_0900,2026-08-27 09:00:00
2026-04-20,57024343,2127,0,1723.5807389852,387.8056662717,387.8056662717,0.6666667,4,4,0.50665070000000000,0.506650700000,0.5543606114942035,0.5543606114942035,0.5543606114942035,0E-17,ELIGIBLE,R03b_20260811_FULL_v1,L1_ELIGIBILITY,v2026-08-11,2026-03-21..2026-08-06,baccarat_bet02_101_all_pairs_incl_sentinel,round_win = game_pnl > 0 (decisive only),COMPATIBILITY_ONLY_NOT_PRODUCTION,4059548.3812,3680416.6879,6656.9809,9707,9692,-0.00163983,0.01249836,-0.00525961,-0.00163983,-6656.9809,4059548.3812,OK,0.0000,266.2792,4.0000,96.0000,AG03-UNRESOLVED,ALL5_LEVELS_bet23_to_bet27,266.2792,266.2792,266.2792,0.0000,0.0000,4.000000,4.000000,4.000000,0.000000,0.000000,96.000000,96.000000,96.000000,100.000000,100.000000,5.0,798.8377,767.3102,5858.1432,5889.6706,PENDING_AG03,FALSE,NOT_FOR_ENFORCEMENT,6390.7016,3533200.0204,6656.9809,6390.7016,266.2792,0.00163983,0.00157424,266.2792,6390.7016,0.00157424,266.2792,266.2792,266.2792,0.0000,0.0000,6390.7016,0.00157424,798.8377,767.3102,5858.1432,5889.6706,0.00144305,0.00145082,0.00006559,418.2083,379.7376,0.6869,61.6387,1.8384,37588.4109,89.7407,538.3845,395.5999,218.4789,430.6076,432.5446,432.5446,1046.441,1081.3617,427.0584,0.0,2.43015,2.511246,0.971205,30,216,96,2,0.20383968,0.00163983,-0.01249836,0E-8,0.000000,0.906607,0.000000,0.01775797,2026-03-22,2026-08-06,108,3621,2443,138,0.782609,1.360932,1.287360,0.679466,,,,,,,,GLOBAL_BASELINE_NO_ENTITY_RANKING,,,NOT_APPLICABLE_GLOBAL_BASELINE,HF9g-P5,,,,X 全窗基线 · 不参与实体赏罚,14198134,1420,A168_HF9F_20260827_0900,2026-08-27 09:00:00
2026-04-20,57024343,2134,0,861.7903694926,-861.7903694926,-861.7903694926,0E-7,2,2,0.50665070000000000,0.506650700000,-1.4331513700195317,-1.4331513700195317,-1.4331513700195317,0E-17,ELIGIBLE,R03b_20260811_FULL_v1,L1_ELIGIBILITY,v2026-08-11,2026-03-21..2026-08-06,baccarat_bet02_101_all_pairs_incl_sentinel,round_win = game_pnl > 0 (decisive only),COMPATIBILITY_ONLY_NOT_PRODUCTION,4059548.3812,3680416.6879,6656.9809,9707,9692,-0.00163983,0.01249836,-0.00525961,-0.00163983,-6656.9809,4059548.3812,OK,0.0000,266.2792,4.0000,96.0000,AG03-UNRESOLVED,ALL5_LEVELS_bet23_to_bet27,266.2792,266.2792,266.2792,0.0000,0.0000,4.000000,4.000000,4.000000,0.000000,0.000000,96.000000,96.000000,96.000000,100.000000,100.000000,5.0,798.8377,767.3102,5858.1432,5889.6706,PENDING_AG03,FALSE,NOT_FOR_ENFORCEMENT,6390.7016,3533200.0204,6656.9809,6390.7016,266.2792,0.00163983,0.00157424,266.2792,6390.7016,0.00157424,266.2792,266.2792,266.2792,0.0000,0.0000,6390.7016,0.00157424,798.8377,767.3102,5858.1432,5889.6706,0.00144305,0.00145082,0.00006559,418.2083,379.7376,0.6869,61.6387,1.8384,37588.4109,89.7407,538.3845,395.5999,218.4789,430.6076,432.5446,432.5446,1046.441,1081.3617,427.0584,0.0,2.43015,2.511246,0.971205,30,216,96,2,0.20383968,0.00163983,-0.01249836,0E-8,0.000000,0.906607,0.000000,0.01775797,2026-03-22,2026-08-06,108,3621,2443,138,0.782609,1.360932,1.287360,0.679466,,,,,,,,GLOBAL_BASELINE_NO_ENTITY_RANKING,,,NOT_APPLICABLE_GLOBAL_BASELINE,HF9g-P5,,,,X 全窗基线 · 不参与实体赏罚,14198135,1420,A168_HF9F_20260827_0900,2026-08-27 09:00:00
2026-04-20,57024343,2141,0,2154.4759237315,-43.0895184746,-43.0895184746,0.5000000,5,5,0.50128862000000000,0.501288620000,-0.0051544971185412255,-0.0051544971185412255,-0.0051544971185412255,0E-17,ELIGIBLE,R03b_20260811_FULL_v1,L1_ELIGIBILITY,v2026-08-11,2026-03-21..2026-08-06,baccarat_bet02_101_all_pairs_incl_sentinel,round_win = game_pnl > 0 (decisive only),COMPATIBILITY_ONLY_NOT_PRODUCTION,4059548.3812,3680416.6879,6656.9809,9707,9692,-0.00163983,0.01249836,-0.00525961,-0.00163983,-6656.9809,4059548.3812,OK,0.0000,266.2792,4.0000,96.0000,AG03-UNRESOLVED,ALL5_LEVELS_bet23_to_bet27,266.2792,266.2792,266.2792,0.0000,0.0000,4.000000,4.000000,4.000000,0.000000,0.000000,96.000000,96.000000,96.000000,100.000000,100.000000,5.0,798.8377,767.3102,5858.1432,5889.6706,PENDING_AG03,FALSE,NOT_FOR_ENFORCEMENT,6390.7016,3533200.0204,6656.9809,6390.7016,266.2792,0.00163983,0.00157424,266.2792,6390.7016,0.00157424,266.2792,266.2792,266.2792,0.0000,0.0000,6390.7016,0.00157424,798.8377,767.3102,5858.1432,5889.6706,0.00144305,0.00145082,0.00006559,418.2083,379.7376,0.6869,61.6387,1.8384,37588.4109,89.7407,538.3845,395.5999,218.4789,430.6076,432.5446,432.5446,1046.441,1081.3617,427.0584,0.0,2.43015,2.511246,0.971205,30,216,96,2,0.20383968,0.00163983,-0.01249836,0E-8,0.000000,0.906607,0.000000,0.01775797,2026-03-22,2026-08-06,108,3621,2443,138,0.782609,1.360932,1.287360,0.679466,,,,,,,,GLOBAL_BASELINE_NO_ENTITY_RANKING,,,NOT_APPLICABLE_GLOBAL_BASELINE,HF9g-P5,,,,X 全窗基线 · 不参与实体赏罚,14198136,1420,A168_HF9F_20260827_0900,2026-08-27 09:00:00
2026-04-20,57024343,2145,0,1508.1331466121,1023.3760637725,1023.3760637725,1.0000000,4,4,0.50665070000000000,0.506650700000,1.7091633124209307,1.7091633124209307,1.7091633124209307,0E-17,ELIGIBLE,R03b_20260811_FULL_v1,L1_ELIGIBILITY,v2026-08-11,2026-03-21..2026-08-06,baccarat_bet02_101_all_pairs_incl_sentinel,round_win = game_pnl > 0 (decisive only),COMPATIBILITY_ONLY_NOT_PRODUCTION,4059548.3812,3680416.6879,6656.9809,9707,9692,-0.00163983,0.01249836,-0.00525961,-0.00163983,-6656.9809,4059548.3812,OK,0.0000,266.2792,4.0000,96.0000,AG03-UNRESOLVED,ALL5_LEVELS_bet23_to_bet27,266.2792,266.2792,266.2792,0.0000,0.0000,4.000000,4.000000,4.000000,0.000000,0.000000,96.000000,96.000000,96.000000,100.000000,100.000000,5.0,798.8377,767.3102,5858.1432,5889.6706,PENDING_AG03,FALSE,NOT_FOR_ENFORCEMENT,6390.7016,3533200.0204,6656.9809,6390.7016,266.2792,0.00163983,0.00157424,266.2792,6390.7016,0.00157424,266.2792,266.2792,266.2792,0.0000,0.0000,6390.7016,0.00157424,798.8377,767.3102,5858.1432,5889.6706,0.00144305,0.00145082,0.00006559,418.2083,379.7376,0.6869,61.6387,1.8384,37588.4109,89.7407,538.3845,395.5999,218.4789,430.6076,432.5446,432.5446,1046.441,1081.3617,427.0584,0.0,2.43015,2.511246,0.971205,30,216,96,2,0.20383968,0.00163983,-0.01249836,0E-8,0.000000,0.906607,0.000000,0.01775797,2026-03-22,2026-08-06,108,3621,2443,138,0.782609,1.360932,1.287360,0.679466,,,,,,,,GLOBAL_BASELINE_NO_ENTITY_RANKING,,,NOT_APPLICABLE_GLOBAL_BASELINE,HF9g-P5,,,,X 全窗基线 · 不参与实体赏罚,14198137,1420,A168_HF9F_20260827_0900,2026-08-27 09:00:00
2026-04-20,57024343,2153,0,1292.6855542389,-452.4399439836,-452.4399439836,0.3333333,3,3,0.50665070000000000,0.506650700000,-0.6004420894325239,-0.6004420894325239,-0.6004420894325239,0E-17,ELIGIBLE,R03b_20260811_FULL_v1,L1_ELIGIBILITY,v2026-08-11,2026-03-21..2026-08-06,baccarat_bet02_101_all_pairs_incl_sentinel,round_win = game_pnl > 0 (decisive only),COMPATIBILITY_ONLY_NOT_PRODUCTION,4059548.3812,3680416.6879,6656.9809,9707,9692,-0.00163983,0.01249836,-0.00525961,-0.00163983,-6656.9809,4059548.3812,OK,0.0000,266.2792,4.0000,96.0000,AG03-UNRESOLVED,ALL5_LEVELS_bet23_to_bet27,266.2792,266.2792,266.2792,0.0000,0.0000,4.000000,4.000000,4.000000,0.000000,0.000000,96.000000,96.000000,96.000000,100.000000,100.000000,5.0,798.8377,767.3102,5858.1432,5889.6706,PENDING_AG03,FALSE,NOT_FOR_ENFORCEMENT,6390.7016,3533200.0204,6656.9809,6390.7016,266.2792,0.00163983,0.00157424,266.2792,6390.7016,0.00157424,266.2792,266.2792,266.2792,0.0000,0.0000,6390.7016,0.00157424,798.8377,767.3102,5858.1432,5889.6706,0.00144305,0.00145082,0.00006559,418.2083,379.7376,0.6869,61.6387,1.8384,37588.4109,89.7407,538.3845,395.5999,218.4789,430.6076,432.5446,432.5446,1046.441,1081.3617,427.0584,0.0,2.43015,2.511246,0.971205,30,216,96,2,0.20383968,0.00163983,-0.01249836,0E-8,0.000000,0.906607,0.000000,0.01775797,2026-03-22,2026-08-06,108,3621,2443,138,0.782609,1.360932,1.287360,0.679466,,,,,,,,GLOBAL_BASELINE_NO_ENTITY_RANKING,,,NOT_APPLICABLE_GLOBAL_BASELINE,HF9g-P5,,,,X 全窗基线 · 不参与实体赏罚,14198138,1420,A168_HF9F_20260827_0900,2026-08-27 09:00:00
2026-04-20,57024343,2188,0,1723.5807389852,-883.3351287299,-883.3351287299,0.2500000,4,4,0.50329940000000000,0.503299400000,-1.013219660140378,-1.013219660140378,-1.013219660140378,0E-17,ELIGIBLE,R03b_20260811_FULL_v1,L1_ELIGIBILITY,v2026-08-11,2026-03-21..2026-08-06,baccarat_bet02_101_all_pairs_incl_sentinel,round_win = game_pnl > 0 (decisive only),COMPATIBILITY_ONLY_NOT_PRODUCTION,4059548.3812,3680416.6879,6656.9809,9707,9692,-0.00163983,0.01249836,-0.00525961,-0.00163983,-6656.9809,4059548.3812,OK,0.0000,266.2792,4.0000,96.0000,AG03-UNRESOLVED,ALL5_LEVELS_bet23_to_bet27,266.2792,266.2792,266.2792,0.0000,0.0000,4.000000,4.000000,4.000000,0.000000,0.000000,96.000000,96.000000,96.000000,100.000000,100.000000,5.0,798.8377,767.3102,5858.1432,5889.6706,PENDING_AG03,FALSE,NOT_FOR_ENFORCEMENT,6390.7016,3533200.0204,6656.9809,6390.7016,266.2792,0.00163983,0.00157424,266.2792,6390.7016,0.00157424,266.2792,266.2792,266.2792,0.0000,0.0000,6390.7016,0.00157424,798.8377,767.3102,5858.1432,5889.6706,0.00144305,0.00145082,0.00006559,418.2083,379.7376,0.6869,61.6387,1.8384,37588.4109,89.7407,538.3845,395.5999,218.4789,430.6076,432.5446,432.5446,1046.441,1081.3617,427.0584,0.0,2.43015,2.511246,0.971205,30,216,96,2,0.20383968,0.00163983,-0.01249836,0E-8,0.000000,0.906607,0.000000,0.01775797,2026-03-22,2026-08-06,108,3621,2443,138,0.782609,1.360932,1.287360,0.679466,,,,,,,,GLOBAL_BASELINE_NO_ENTITY_RANKING,,,NOT_APPLICABLE_GLOBAL_BASELINE,HF9g-P5,,,,X 全窗基线 · 不参与实体赏罚,14198139,1420,A168_HF9F_20260827_0900,2026-08-27 09:00:00
2026-04-20,57024343,2222,0,1939.0283313584,1001.8313045352,1001.8313045352,0.8000000,5,5,0.50665070000000000,0.506650700000,1.3120140225494112,1.3120140225494112,1.3120140225494112,0E-17,ELIGIBLE,R03b_20260811_FULL_v1,L1_ELIGIBILITY,v2026-08-11,2026-03-21..2026-08-06,baccarat_bet02_101_all_pairs_incl_sentinel,round_win = game_pnl > 0 (decisive only),COMPATIBILITY_ONLY_NOT_PRODUCTION,4059548.3812,3680416.6879,6656.9809,9707,9692,-0.00163983,0.01249836,-0.00525961,-0.00163983,-6656.9809,4059548.3812,OK,0.0000,266.2792,4.0000,96.0000,AG03-UNRESOLVED,ALL5_LEVELS_bet23_to_bet27,266.2792,266.2792,266.2792,0.0000,0.0000,4.000000,4.000000,4.000000,0.000000,0.000000,96.000000,96.000000,96.000000,100.000000,100.000000,5.0,798.8377,767.3102,5858.1432,5889.6706,PENDING_AG03,FALSE,NOT_FOR_ENFORCEMENT,6390.7016,3533200.0204,6656.9809,6390.7016,266.2792,0.00163983,0.00157424,266.2792,6390.7016,0.00157424,266.2792,266.2792,266.2792,0.0000,0.0000,6390.7016,0.00157424,798.8377,767.3102,5858.1432,5889.6706,0.00144305,0.00145082,0.00006559,418.2083,379.7376,0.6869,61.6387,1.8384,37588.4109,89.7407,538.3845,395.5999,218.4789,430.6076,432.5446,432.5446,1046.441,1081.3617,427.0584,0.0,2.43015,2.511246,0.971205,30,216,96,2,0.20383968,0.00163983,-0.01249836,0E-8,0.000000,0.906607,0.000000,0.01775797,2026-03-22,2026-08-06,108,3621,2443,138,0.782609,1.360932,1.287360,0.679466,,,,,,,,GLOBAL_BASELINE_NO_ENTITY_RANKING,,,NOT_APPLICABLE_GLOBAL_BASELINE,HF9g-P5,,,,X 全窗基线 · 不参与实体赏罚,14198140,1420,A168_HF9F_20260827_0900,2026-08-27 09:00:00
2026-04-20,57024343,2242,0,861.7903694926,818.7008510180,818.7008510180,1.0000000,2,2,0.50665070000000000,0.506650700000,1.3955260008387969,1.3955260008387969,1.3955260008387969,0E-17,ELIGIBLE,R03b_20260811_FULL_v1,L1_ELIGIBILITY,v2026-08-11,2026-03-21..2026-08-06,baccarat_bet02_101_all_pairs_incl_sentinel,round_win = game_pnl > 0 (decisive only),COMPATIBILITY_ONLY_NOT_PRODUCTION,4059548.3812,3680416.6879,6656.9809,9707,9692,-0.00163983,0.01249836,-0.00525961,-0.00163983,-6656.9809,4059548.3812,OK,0.0000,266.2792,4.0000,96.0000,AG03-UNRESOLVED,ALL5_LEVELS_bet23_to_bet27,266.2792,266.2792,266.2792,0.0000,0.0000,4.000000,4.000000,4.000000,0.000000,0.000000,96.000000,96.000000,96.000000,100.000000,100.000000,5.0,798.8377,767.3102,5858.1432,5889.6706,PENDING_AG03,FALSE,NOT_FOR_ENFORCEMENT,6390.7016,3533200.0204,6656.9809,6390.7016,266.2792,0.00163983,0.00157424,266.2792,6390.7016,0.00157424,266.2792,266.2792,266.2792,0.0000,0.0000,6390.7016,0.00157424,798.8377,767.3102,5858.1432,5889.6706,0.00144305,0.00145082,0.00006559,418.2083,379.7376,0.6869,61.6387,1.8384,37588.4109,89.7407,538.3845,395.5999,218.4789,430.6076,432.5446,432.5446,1046.441,1081.3617,427.0584,0.0,2.43015,2.511246,0.971205,30,216,96,2,0.20383968,0.00163983,-0.01249836,0E-8,0.000000,0.906607,0.000000,0.01775797,2026-03-22,2026-08-06,108,3621,2443,138,0.782609,1.360932,1.287360,0.679466,,,,,,,,GLOBAL_BASELINE_NO_ENTITY_RANKING,,,NOT_APPLICABLE_GLOBAL_BASELINE,HF9g-P5,,,,X 全窗基线 · 不参与实体赏罚,14198141,1420,A168_HF9F_20260827_0900,2026-08-27 09:00:00
2026-04-20,57024343,2246,0,430.8951847463,-430.8951847463,-430.8951847463,0E-7,1,1,0.50665070000000000,0.506650700000,-1.013391052207602,-1.013391052207602,-1.013391052207602,0E-17,ELIGIBLE,R03b_20260811_FULL_v1,L1_ELIGIBILITY,v2026-08-11,2026-03-21..2026-08-06,baccarat_bet02_101_all_pairs_incl_sentinel,round_win = game_pnl > 0 (decisive only),COMPATIBILITY_ONLY_NOT_PRODUCTION,4059548.3812,3680416.6879,6656.9809,9707,9692,-0.00163983,0.01249836,-0.00525961,-0.00163983,-6656.9809,4059548.3812,OK,0.0000,266.2792,4.0000,96.0000,AG03-UNRESOLVED,ALL5_LEVELS_bet23_to_bet27,266.2792,266.2792,266.2792,0.0000,0.0000,4.000000,4.000000,4.000000,0.000000,0.000000,96.000000,96.000000,96.000000,100.000000,100.000000,5.0,798.8377,767.3102,5858.1432,5889.6706,PENDING_AG03,FALSE,NOT_FOR_ENFORCEMENT,6390.7016,3533200.0204,6656.9809,6390.7016,266.2792,0.00163983,0.00157424,266.2792,6390.7016,0.00157424,266.2792,266.2792,266.2792,0.0000,0.0000,6390.7016,0.00157424,798.8377,767.3102,5858.1432,5889.6706,0.00144305,0.00145082,0.00006559,418.2083,379.7376,0.6869,61.6387,1.8384,37588.4109,89.7407,538.3845,395.5999,218.4789,430.6076,432.5446,432.5446,1046.441,1081.3617,427.0584,0.0,2.43015,2.511246,0.971205,30,216,96,2,0.20383968,0.00163983,-0.01249836,0E-8,0.000000,0.906607,0.000000,0.01775797,2026-03-22,2026-08-06,108,3621,2443,138,0.782609,1.360932,1.287360,0.679466,,,,,,,,GLOBAL_BASELINE_NO_ENTITY_RANKING,,,NOT_APPLICABLE_GLOBAL_BASELINE,HF9g-P5,,,,X 全窗基线 · 不参与实体赏罚,14198142,1420,A168_HF9F_20260827_0900,2026-08-27 09:00:00
2026-04-20,57024343,2256,0,1723.5807389852,-43.0895184746,-43.0895184746,0.5000000,4,4,0.50665070000000000,0.506650700000,-0.02660515369234503,-0.02660515369234503,-0.02660515369234503,0E-17,ELIGIBLE,R03b_20260811_FULL_v1,L1_ELIGIBILITY,v2026-08-11,2026-03-21..2026-08-06,baccarat_bet02_101_all_pairs_incl_sentinel,round_win = game_pnl > 0 (decisive only),COMPATIBILITY_ONLY_NOT_PRODUCTION,4059548.3812,3680416.6879,6656.9809,9707,9692,-0.00163983,0.01249836,-0.00525961,-0.00163983,-6656.9809,4059548.3812,OK,0.0000,266.2792,4.0000,96.0000,AG03-UNRESOLVED,ALL5_LEVELS_bet23_to_bet27,266.2792,266.2792,266.2792,0.0000,0.0000,4.000000,4.000000,4.000000,0.000000,0.000000,96.000000,96.000000,96.000000,100.000000,100.000000,5.0,798.8377,767.3102,5858.1432,5889.6706,PENDING_AG03,FALSE,NOT_FOR_ENFORCEMENT,6390.7016,3533200.0204,6656.9809,6390.7016,266.2792,0.00163983,0.00157424,266.2792,6390.7016,0.00157424,266.2792,266.2792,266.2792,0.0000,0.0000,6390.7016,0.00157424,798.8377,767.3102,5858.1432,5889.6706,0.00144305,0.00145082,0.00006559,418.2083,379.7376,0.6869,61.6387,1.8384,37588.4109,89.7407,538.3845,395.5999,218.4789,430.6076,432.5446,432.5446,1046.441,1081.3617,427.0584,0.0,2.43015,2.511246,0.971205,30,216,96,2,0.20383968,0.00163983,-0.01249836,0E-8,0.000000,0.906607,0.000000,0.01775797,2026-03-22,2026-08-06,108,3621,2443,138,0.782609,1.360932,1.287360,0.679466,,,,,,,,GLOBAL_BASELINE_NO_ENTITY_RANKING,,,NOT_APPLICABLE_GLOBAL_BASELINE,HF9g-P5,,,,X 全窗基线 · 不参与实体赏罚,14198143,1420,A168_HF9F_20260827_0900,2026-08-27 09:00:00
2026-04-20,57024343,2267,0,2154.4759237315,366.2609070344,366.2609070344,0.6000000,5,5,0.50665070000000000,0.506650700000,0.4175076967804994,0.4175076967804994,0.4175076967804994,0E-17,ELIGIBLE,R03b_20260811_FULL_v1,L1_ELIGIBILITY,v2026-08-11,2026-03-21..2026-08-06,baccarat_bet02_101_all_pairs_incl_sentinel,round_win = game_pnl > 0 (decisive only),COMPATIBILITY_ONLY_NOT_PRODUCTION,4059548.3812,3680416.6879,6656.9809,9707,9692,-0.00163983,0.01249836,-0.00525961,-0.00163983,-6656.9809,4059548.3812,OK,0.0000,266.2792,4.0000,96.0000,AG03-UNRESOLVED,ALL5_LEVELS_bet23_to_bet27,266.2792,266.2792,266.2792,0.0000,0.0000,4.000000,4.000000,4.000000,0.000000,0.000000,96.000000,96.000000,96.000000,100.000000,100.000000,5.0,798.8377,767.3102,5858.1432,5889.6706,PENDING_AG03,FALSE,NOT_FOR_ENFORCEMENT,6390.7016,3533200.0204,6656.9809,6390.7016,266.2792,0.00163983,0.00157424,266.2792,6390.7016,0.00157424,266.2792,266.2792,266.2792,0.0000,0.0000,6390.7016,0.00157424,798.8377,767.3102,5858.1432,5889.6706,0.00144305,0.00145082,0.00006559,418.2083,379.7376,0.6869,61.6387,1.8384,37588.4109,89.7407,538.3845,395.5999,218.4789,430.6076,432.5446,432.5446,1046.441,1081.3617,427.0584,0.0,2.43015,2.511246,0.971205,30,216,96,2,0.20383968,0.00163983,-0.01249836,0E-8,0.000000,0.906607,0.000000,0.01775797,2026-03-22,2026-08-06,108,3621,2443,138,0.782609,1.360932,1.287360,0.679466,,,,,,,,GLOBAL_BASELINE_NO_ENTITY_RANKING,,,NOT_APPLICABLE_GLOBAL_BASELINE,HF9g-P5,,,,X 全窗基线 · 不参与实体赏罚,14198144,1420,A168_HF9F_20260827_0900,2026-08-27 09:00:00
2026-04-20,57024343,583,0,430.8951847463,409.3504255090,409.3504255090,1.0000000,1,1,0.50665070000000000,0.506650700000,0.9867858985152569,0.9867858985152569,0.9867858985152569,0E-17,ELIGIBLE,R03b_20260811_FULL_v1,L1_ELIGIBILITY,v2026-08-11,2026-03-21..2026-08-06,baccarat_bet02_101_all_pairs_incl_sentinel,round_win = game_pnl > 0 (decisive only),COMPATIBILITY_ONLY_NOT_PRODUCTION,4059548.3812,3680416.6879,6656.9809,9707,9692,-0.00163983,0.01249836,-0.00525961,-0.00163983,-6656.9809,4059548.3812,OK,0.0000,266.2792,4.0000,96.0000,AG03-UNRESOLVED,ALL5_LEVELS_bet23_to_bet27,266.2792,266.2792,266.2792,0.0000,0.0000,4.000000,4.000000,4.000000,0.000000,0.000000,96.000000,96.000000,96.000000,100.000000,100.000000,5.0,798.8377,767.3102,5858.1432,5889.6706,PENDING_AG03,FALSE,NOT_FOR_ENFORCEMENT,6390.7016,3533200.0204,6656.9809,6390.7016,266.2792,0.00163983,0.00157424,266.2792,6390.7016,0.00157424,266.2792,266.2792,266.2792,0.0000,0.0000,6390.7016,0.00157424,798.8377,767.3102,5858.1432,5889.6706,0.00144305,0.00145082,0.00006559,418.2083,379.7376,0.6869,61.6387,1.8384,37588.4109,89.7407,538.3845,395.5999,218.4789,430.6076,432.5446,432.5446,1046.441,1081.3617,427.0584,0.0,2.43015,2.511246,0.971205,30,216,96,2,0.20383968,0.00163983,-0.01249836,0E-8,0.000000,0.906607,0.000000,0.01775797,2026-03-22,2026-08-06,108,3621,2443,138,0.782609,1.360932,1.287360,0.679466,,,,,,,,GLOBAL_BASELINE_NO_ENTITY_RANKING,,,NOT_APPLICABLE_GLOBAL_BASELINE,HF9g-P5,,,,X 全窗基线 · 不参与实体赏罚,14198145,1420,A168_HF9F_20260827_0900,2026-08-27 09:00:00
2026-04-20,57024343,595,0,430.8951847463,409.3504255090,409.3504255090,1.0000000,1,1,0.50665070000000000,0.506650700000,0.9867858985152569,0.9867858985152569,0.9867858985152569,0E-17,ELIGIBLE,R03b_20260811_FULL_v1,L1_ELIGIBILITY,v2026-08-11,2026-03-21..2026-08-06,baccarat_bet02_101_all_pairs_incl_sentinel,round_win = game_pnl > 0 (decisive only),COMPATIBILITY_ONLY_NOT_PRODUCTION,4059548.3812,3680416.6879,6656.9809,9707,9692,-0.00163983,0.01249836,-0.00525961,-0.00163983,-6656.9809,4059548.3812,OK,0.0000,266.2792,4.0000,96.0000,AG03-UNRESOLVED,ALL5_LEVELS_bet23_to_bet27,266.2792,266.2792,266.2792,0.0000,0.0000,4.000000,4.000000,4.000000,0.000000,0.000000,96.000000,96.000000,96.000000,100.000000,100.000000,5.0,798.8377,767.3102,5858.1432,5889.6706,PENDING_AG03,FALSE,NOT_FOR_ENFORCEMENT,6390.7016,3533200.0204,6656.9809,6390.7016,266.2792,0.00163983,0.00157424,266.2792,6390.7016,0.00157424,266.2792,266.2792,266.2792,0.0000,0.0000,6390.7016,0.00157424,798.8377,767.3102,5858.1432,5889.6706,0.00144305,0.00145082,0.00006559,418.2083,379.7376,0.6869,61.6387,1.8384,37588.4109,89.7407,538.3845,395.5999,218.4789,430.6076,432.5446,432.5446,1046.441,1081.3617,427.0584,0.0,2.43015,2.511246,0.971205,30,216,96,2,0.20383968,0.00163983,-0.01249836,0E-8,0.000000,0.906607,0.000000,0.01775797,2026-03-22,2026-08-06,108,3621,2443,138,0.782609,1.360932,1.287360,0.679466,,,,,,,,GLOBAL_BASELINE_NO_ENTITY_RANKING,,,NOT_APPLICABLE_GLOBAL_BASELINE,HF9g-P5,,,,X 全窗基线 · 不参与实体赏罚,14198146,1420,A168_HF9F_20260827_0900,2026-08-27 09:00:00
2026-04-21,57024343,-1,1,6463.4277711945,-129.2685554238,-129.2685554238,0.5000000,15,15,0.50486334000000000,0.504863340000,-0.036395625775719816,-0.036395625775719816,-0.036395625775719816,0E-17,SENTINEL_DEALER,R03b_20260811_FULL_v1,L1_ELIGIBILITY,v2026-08-11,2026-03-21..2026-08-06,baccarat_bet02_101_all_pairs_incl_sentinel,round_win = game_pnl > 0 (decisive only),COMPATIBILITY_ONLY_NOT_PRODUCTION,4059548.3812,3680416.6879,6656.9809,9707,9692,-0.00163983,0.01249836,-0.00525961,-0.00163983,-6656.9809,4059548.3812,OK,0.0000,266.2792,4.0000,96.0000,AG03-UNRESOLVED,ALL5_LEVELS_bet23_to_bet27,266.2792,266.2792,266.2792,0.0000,0.0000,4.000000,4.000000,4.000000,0.000000,0.000000,96.000000,96.000000,96.000000,100.000000,100.000000,5.0,798.8377,767.3102,5858.1432,5889.6706,PENDING_AG03,FALSE,NOT_FOR_ENFORCEMENT,6390.7016,3533200.0204,6656.9809,6390.7016,266.2792,0.00163983,0.00157424,266.2792,6390.7016,0.00157424,266.2792,266.2792,266.2792,0.0000,0.0000,6390.7016,0.00157424,798.8377,767.3102,5858.1432,5889.6706,0.00144305,0.00145082,0.00006559,418.2083,379.7376,0.6869,61.6387,1.8384,37588.4109,89.7407,538.3845,395.5999,218.4789,430.6076,432.5446,432.5446,1046.441,1081.3617,427.0584,0.0,2.43015,2.511246,0.971205,30,216,96,2,0.20383968,0.00163983,-0.01249836,0E-8,0.000000,0.906607,0.000000,0.01775797,2026-03-22,2026-08-06,108,3621,2443,138,0.782609,1.360932,1.287360,0.679466,,,,,,,,GLOBAL_BASELINE_NO_ENTITY_RANKING,,,NOT_APPLICABLE_GLOBAL_BASELINE,HF9g-P5,,,,X 全窗基线 · 不参与实体赏罚,14198147,1420,A168_HF9F_20260827_0900,2026-08-27 09:00:00
2026-04-21,57024343,1304,0,861.7903694926,840.2456102553,840.2456102553,1.0000000,2,2,0.49994810000000000,0.499948100000,1.4143603653603398,1.4143603653603398,1.4143603653603398,0E-17,ELIGIBLE,R03b_20260811_FULL_v1,L1_ELIGIBILITY,v2026-08-11,2026-03-21..2026-08-06,baccarat_bet02_101_all_pairs_incl_sentinel,round_win = game_pnl > 0 (decisive only),COMPATIBILITY_ONLY_NOT_PRODUCTION,4059548.3812,3680416.6879,6656.9809,9707,9692,-0.00163983,0.01249836,-0.00525961,-0.00163983,-6656.9809,4059548.3812,OK,0.0000,266.2792,4.0000,96.0000,AG03-UNRESOLVED,ALL5_LEVELS_bet23_to_bet27,266.2792,266.2792,266.2792,0.0000,0.0000,4.000000,4.000000,4.000000,0.000000,0.000000,96.000000,96.000000,96.000000,100.000000,100.000000,5.0,798.8377,767.3102,5858.1432,5889.6706,PENDING_AG03,FALSE,NOT_FOR_ENFORCEMENT,6390.7016,3533200.0204,6656.9809,6390.7016,266.2792,0.00163983,0.00157424,266.2792,6390.7016,0.00157424,266.2792,266.2792,266.2792,0.0000,0.0000,6390.7016,0.00157424,798.8377,767.3102,5858.1432,5889.6706,0.00144305,0.00145082,0.00006559,418.2083,379.7376,0.6869,61.6387,1.8384,37588.4109,89.7407,538.3845,395.5999,218.4789,430.6076,432.5446,432.5446,1046.441,1081.3617,427.0584,0.0,2.43015,2.511246,0.971205,30,216,96,2,0.20383968,0.00163983,-0.01249836,0E-8,0.000000,0.906607,0.000000,0.01775797,2026-03-22,2026-08-06,108,3621,2443,138,0.782609,1.360932,1.287360,0.679466,,,,,,,,GLOBAL_BASELINE_NO_ENTITY_RANKING,,,NOT_APPLICABLE_GLOBAL_BASELINE,HF9g-P5,,,,X 全窗基线 · 不参与实体赏罚,14198148,1420,A168_HF9F_20260827_0900,2026-08-27 09:00:00
2026-04-21,57024343,1306,0,430.8951847463,409.3504255090,409.3504255090,1.0000000,1,1,0.50665070000000000,0.506650700000,0.9867858985152569,0.9867858985152569,0.9867858985152569,0E-17,ELIGIBLE,R03b_20260811_FULL_v1,L1_ELIGIBILITY,v2026-08-11,2026-03-21..2026-08-06,baccarat_bet02_101_all_pairs_incl_sentinel,round_win = game_pnl > 0 (decisive only),COMPATIBILITY_ONLY_NOT_PRODUCTION,4059548.3812,3680416.6879,6656.9809,9707,9692,-0.00163983,0.01249836,-0.00525961,-0.00163983,-6656.9809,4059548.3812,OK,0.0000,266.2792,4.0000,96.0000,AG03-UNRESOLVED,ALL5_LEVELS_bet23_to_bet27,266.2792,266.2792,266.2792,0.0000,0.0000,4.000000,4.000000,4.000000,0.000000,0.000000,96.000000,96.000000,96.000000,100.000000,100.000000,5.0,798.8377,767.3102,5858.1432,5889.6706,PENDING_AG03,FALSE,NOT_FOR_ENFORCEMENT,6390.7016,3533200.0204,6656.9809,6390.7016,266.2792,0.00163983,0.00157424,266.2792,6390.7016,0.00157424,266.2792,266.2792,266.2792,0.0000,0.0000,6390.7016,0.00157424,798.8377,767.3102,5858.1432,5889.6706,0.00144305,0.00145082,0.00006559,418.2083,379.7376,0.6869,61.6387,1.8384,37588.4109,89.7407,538.3845,395.5999,218.4789,430.6076,432.5446,432.5446,1046.441,1081.3617,427.0584,0.0,2.43015,2.511246,0.971205,30,216,96,2,0.20383968,0.00163983,-0.01249836,0E-8,0.000000,0.906607,0.000000,0.01775797,2026-03-22,2026-08-06,108,3621,2443,138,0.782609,1.360932,1.287360,0.679466,,,,,,,,GLOBAL_BASELINE_NO_ENTITY_RANKING,,,NOT_APPLICABLE_GLOBAL_BASELINE,HF9g-P5,,,,X 全窗基线 · 不参与实体赏罚,14198149,1420,A168_HF9F_20260827_0900,2026-08-27 09:00:00
2026-04-21,57024343,1331,0,861.7903694926,818.7008510180,818.7008510180,1.0000000,2,2,0.50665070000000000,0.506650700000,1.3955260008387969,1.3955260008387969,1.3955260008387969,0E-17,ELIGIBLE,R03b_20260811_FULL_v1,L1_ELIGIBILITY,v2026-08-11,2026-03-21..2026-08-06,baccarat_bet02_101_all_pairs_incl_sentinel,round_win = game_pnl > 0 (decisive only),COMPATIBILITY_ONLY_NOT_PRODUCTION,4059548.3812,3680416.6879,6656.9809,9707,9692,-0.00163983,0.01249836,-0.00525961,-0.00163983,-6656.9809,4059548.3812,OK,0.0000,266.2792,4.0000,96.0000,AG03-UNRESOLVED,ALL5_LEVELS_bet23_to_bet27,266.2792,266.2792,266.2792,0.0000,0.0000,4.000000,4.000000,4.000000,0.000000,0.000000,96.000000,96.000000,96.000000,100.000000,100.000000,5.0,798.8377,767.3102,5858.1432,5889.6706,PENDING_AG03,FALSE,NOT_FOR_ENFORCEMENT,6390.7016,3533200.0204,6656.9809,6390.7016,266.2792,0.00163983,0.00157424,266.2792,6390.7016,0.00157424,266.2792,266.2792,266.2792,0.0000,0.0000,6390.7016,0.00157424,798.8377,767.3102,5858.1432,5889.6706,0.00144305,0.00145082,0.00006559,418.2083,379.7376,0.6869,61.6387,1.8384,37588.4109,89.7407,538.3845,395.5999,218.4789,430.6076,432.5446,432.5446,1046.441,1081.3617,427.0584,0.0,2.43015,2.511246,0.971205,30,216,96,2,0.20383968,0.00163983,-0.01249836,0E-8,0.000000,0.906607,0.000000,0.01775797,2026-03-22,2026-08-06,108,3621,2443,138,0.782609,1.360932,1.287360,0.679466,,,,,,,,GLOBAL_BASELINE_NO_ENTITY_RANKING,,,NOT_APPLICABLE_GLOBAL_BASELINE,HF9g-P5,,,,X 全窗基线 · 不参与实体赏罚,14198150,1420,A168_HF9F_20260827_0900,2026-08-27 09:00:00
2026-04-21,57024343,1396,0,2154.4759237315,-883.3351287299,-883.3351287299,0.2500000,5,5,0.50665070000000000,0.506650700000,-1.0266936290537745,-1.0266936290537745,-1.0266936290537745,0E-17,ELIGIBLE,R03b_20260811_FULL_v1,L1_ELIGIBILITY,v2026-08-11,2026-03-21..2026-08-06,baccarat_bet02_101_all_pairs_incl_sentinel,round_win = game_pnl > 0 (decisive only),COMPATIBILITY_ONLY_NOT_PRODUCTION,4059548.3812,3680416.6879,6656.9809,9707,9692,-0.00163983,0.01249836,-0.00525961,-0.00163983,-6656.9809,4059548.3812,OK,0.0000,266.2792,4.0000,96.0000,AG03-UNRESOLVED,ALL5_LEVELS_bet23_to_bet27,266.2792,266.2792,266.2792,0.0000,0.0000,4.000000,4.000000,4.000000,0.000000,0.000000,96.000000,96.000000,96.000000,100.000000,100.000000,5.0,798.8377,767.3102,5858.1432,5889.6706,PENDING_AG03,FALSE,NOT_FOR_ENFORCEMENT,6390.7016,3533200.0204,6656.9809,6390.7016,266.2792,0.00163983,0.00157424,266.2792,6390.7016,0.00157424,266.2792,266.2792,266.2792,0.0000,0.0000,6390.7016,0.00157424,798.8377,767.3102,5858.1432,5889.6706,0.00144305,0.00145082,0.00006559,418.2083,379.7376,0.6869,61.6387,1.8384,37588.4109,89.7407,538.3845,395.5999,218.4789,430.6076,432.5446,432.5446,1046.441,1081.3617,427.0584,0.0,2.43015,2.511246,0.971205,30,216,96,2,0.20383968,0.00163983,-0.01249836,0E-8,0.000000,0.906607,0.000000,0.01775797,2026-03-22,2026-08-06,108,3621,2443,138,0.782609,1.360932,1.287360,0.679466,,,,,,,,GLOBAL_BASELINE_NO_ENTITY_RANKING,,,NOT_APPLICABLE_GLOBAL_BASELINE,HF9g-P5,,,,X 全窗基线 · 不参与实体赏罚,14198151,1420,A168_HF9F_20260827_0900,2026-08-27 09:00:00
2026-04-21,57024343,1942,0,1292.6855542389,-861.7903694926,-861.7903694926,0E-7,3,3,0.50218230000000000,0.502182300000,-1.4203995680682369,-1.4203995680682369,-1.4203995680682369,0E-17,ELIGIBLE,R03b_20260811_FULL_v1,L1_ELIGIBILITY,v2026-08-11,2026-03-21..2026-08-06,baccarat_bet02_101_all_pairs_incl_sentinel,round_win = game_pnl > 0 (decisive only),COMPATIBILITY_ONLY_NOT_PRODUCTION,4059548.3812,3680416.6879,6656.9809,9707,9692,-0.00163983,0.01249836,-0.00525961,-0.00163983,-6656.9809,4059548.3812,OK,0.0000,266.2792,4.0000,96.0000,AG03-UNRESOLVED,ALL5_LEVELS_bet23_to_bet27,266.2792,266.2792,266.2792,0.0000,0.0000,4.000000,4.000000,4.000000,0.000000,0.000000,96.000000,96.000000,96.000000,100.000000,100.000000,5.0,798.8377,767.3102,5858.1432,5889.6706,PENDING_AG03,FALSE,NOT_FOR_ENFORCEMENT,6390.7016,3533200.0204,6656.9809,6390.7016,266.2792,0.00163983,0.00157424,266.2792,6390.7016,0.00157424,266.2792,266.2792,266.2792,0.0000,0.0000,6390.7016,0.00157424,798.8377,767.3102,5858.1432,5889.6706,0.00144305,0.00145082,0.00006559,418.2083,379.7376,0.6869,61.6387,1.8384,37588.4109,89.7407,538.3845,395.5999,218.4789,430.6076,432.5446,432.5446,1046.441,1081.3617,427.0584,0.0,2.43015,2.511246,0.971205,30,216,96,2,0.20383968,0.00163983,-0.01249836,0E-8,0.000000,0.906607,0.000000,0.01775797,2026-03-22,2026-08-06,108,3621,2443,138,0.782609,1.360932,1.287360,0.679466,,,,,,,,GLOBAL_BASELINE_NO_ENTITY_RANKING,,,NOT_APPLICABLE_GLOBAL_BASELINE,HF9g-P5,,,,X 全窗基线 · 不参与实体赏罚,14198152,1420,A168_HF9F_20260827_0900,2026-08-27 09:00:00
2026-04-21,57024343,1963,0,1292.6855542389,-452.4399439836,-452.4399439836,0.3333333,3,3,0.49771390000000000,0.497713900000,-0.5694369385616226,-0.5694369385616226,-0.5694369385616226,0E-17,ELIGIBLE,R03b_20260811_FULL_v1,L1_ELIGIBILITY,v2026-08-11,2026-03-21..2026-08-06,baccarat_bet02_101_all_pairs_incl_sentinel,round_win = game_pnl > 0 (decisive only),COMPATIBILITY_ONLY_NOT_PRODUCTION,4059548.3812,3680416.6879,6656.9809,9707,9692,-0.00163983,0.01249836,-0.00525961,-0.00163983,-6656.9809,4059548.3812,OK,0.0000,266.2792,4.0000,96.0000,AG03-UNRESOLVED,ALL5_LEVELS_bet23_to_bet27,266.2792,266.2792,266.2792,0.0000,0.0000,4.000000,4.000000,4.000000,0.000000,0.000000,96.000000,96.000000,96.000000,100.000000,100.000000,5.0,798.8377,767.3102,5858.1432,5889.6706,PENDING_AG03,FALSE,NOT_FOR_ENFORCEMENT,6390.7016,3533200.0204,6656.9809,6390.7016,266.2792,0.00163983,0.00157424,266.2792,6390.7016,0.00157424,266.2792,266.2792,266.2792,0.0000,0.0000,6390.7016,0.00157424,798.8377,767.3102,5858.1432,5889.6706,0.00144305,0.00145082,0.00006559,418.2083,379.7376,0.6869,61.6387,1.8384,37588.4109,89.7407,538.3845,395.5999,218.4789,430.6076,432.5446,432.5446,1046.441,1081.3617,427.0584,0.0,2.43015,2.511246,0.971205,30,216,96,2,0.20383968,0.00163983,-0.01249836,0E-8,0.000000,0.906607,0.000000,0.01775797,2026-03-22,2026-08-06,108,3621,2443,138,0.782609,1.360932,1.287360,0.679466,,,,,,,,GLOBAL_BASELINE_NO_ENTITY_RANKING,,,NOT_APPLICABLE_GLOBAL_BASELINE,HF9g-P5,,,,X 全窗基线 · 不参与实体赏罚,14198153,1420,A168_HF9F_20260827_0900,2026-08-27 09:00:00
2026-04-21,57024343,2121,0,1292.6855542389,861.7903694926,861.7903694926,1.0000000,3,3,0.49324550000000000,0.493245500000,1.4334489766152358,1.4334489766152358,1.4334489766152358,0E-17,ELIGIBLE,R03b_20260811_FULL_v1,L1_ELIGIBILITY,v2026-08-11,2026-03-21..2026-08-06,baccarat_bet02_101_all_pairs_incl_sentinel,round_win = game_pnl > 0 (decisive only),COMPATIBILITY_ONLY_NOT_PRODUCTION,4059548.3812,3680416.6879,6656.9809,9707,9692,-0.00163983,0.01249836,-0.00525961,-0.00163983,-6656.9809,4059548.3812,OK,0.0000,266.2792,4.0000,96.0000,AG03-UNRESOLVED,ALL5_LEVELS_bet23_to_bet27,266.2792,266.2792,266.2792,0.0000,0.0000,4.000000,4.000000,4.000000,0.000000,0.000000,96.000000,96.000000,96.000000,100.000000,100.000000,5.0,798.8377,767.3102,5858.1432,5889.6706,PENDING_AG03,FALSE,NOT_FOR_ENFORCEMENT,6390.7016,3533200.0204,6656.9809,6390.7016,266.2792,0.00163983,0.00157424,266.2792,6390.7016,0.00157424,266.2792,266.2792,266.2792,0.0000,0.0000,6390.7016,0.00157424,798.8377,767.3102,5858.1432,5889.6706,0.00144305,0.00145082,0.00006559,418.2083,379.7376,0.6869,61.6387,1.8384,37588.4109,89.7407,538.3845,395.5999,218.4789,430.6076,432.5446,432.5446,1046.441,1081.3617,427.0584,0.0,2.43015,2.511246,0.971205,30,216,96,2,0.20383968,0.00163983,-0.01249836,0E-8,0.000000,0.906607,0.000000,0.01775797,2026-03-22,2026-08-06,108,3621,2443,138,0.782609,1.360932,1.287360,0.679466,,,,,,,,GLOBAL_BASELINE_NO_ENTITY_RANKING,,,NOT_APPLICABLE_GLOBAL_BASELINE,HF9g-P5,,,,X 全窗基线 · 不参与实体赏罚,14198154,1420,A168_HF9F_20260827_0900,2026-08-27 09:00:00
2026-04-21,57024343,2127,0,2154.4759237315,2046.7521275450,2046.7521275450,1.0000000,5,5,0.50665070000000000,0.506650700000,2.2065203483183233,2.2065203483183233,2.2065203483183233,0E-17,ELIGIBLE,R03b_20260811_FULL_v1,L1_ELIGIBILITY,v2026-08-11,2026-03-21..2026-08-06,baccarat_bet02_101_all_pairs_incl_sentinel,round_win = game_pnl > 0 (decisive only),COMPATIBILITY_ONLY_NOT_PRODUCTION,4059548.3812,3680416.6879,6656.9809,9707,9692,-0.00163983,0.01249836,-0.00525961,-0.00163983,-6656.9809,4059548.3812,OK,0.0000,266.2792,4.0000,96.0000,AG03-UNRESOLVED,ALL5_LEVELS_bet23_to_bet27,266.2792,266.2792,266.2792,0.0000,0.0000,4.000000,4.000000,4.000000,0.000000,0.000000,96.000000,96.000000,96.000000,100.000000,100.000000,5.0,798.8377,767.3102,5858.1432,5889.6706,PENDING_AG03,FALSE,NOT_FOR_ENFORCEMENT,6390.7016,3533200.0204,6656.9809,6390.7016,266.2792,0.00163983,0.00157424,266.2792,6390.7016,0.00157424,266.2792,266.2792,266.2792,0.0000,0.0000,6390.7016,0.00157424,798.8377,767.3102,5858.1432,5889.6706,0.00144305,0.00145082,0.00006559,418.2083,379.7376,0.6869,61.6387,1.8384,37588.4109,89.7407,538.3845,395.5999,218.4789,430.6076,432.5446,432.5446,1046.441,1081.3617,427.0584,0.0,2.43015,2.511246,0.971205,30,216,96,2,0.20383968,0.00163983,-0.01249836,0E-8,0.000000,0.906607,0.000000,0.01775797,2026-03-22,2026-08-06,108,3621,2443,138,0.782609,1.360932,1.287360,0.679466,,,,,,,,GLOBAL_BASELINE_NO_ENTITY_RANKING,,,NOT_APPLICABLE_GLOBAL_BASELINE,HF9g-P5,,,,X 全窗基线 · 不参与实体赏罚,14198155,1420,A168_HF9F_20260827_0900,2026-08-27 09:00:00
2026-04-21,57024343,2129,0,430.8951847463,-430.8951847463,-430.8951847463,0E-7,1,1,0.50665070000000000,0.506650700000,-1.013391052207602,-1.013391052207602,-1.013391052207602,0E-17,ELIGIBLE,R03b_20260811_FULL_v1,L1_ELIGIBILITY,v2026-08-11,2026-03-21..2026-08-06,baccarat_bet02_101_all_pairs_incl_sentinel,round_win = game_pnl > 0 (decisive only),COMPATIBILITY_ONLY_NOT_PRODUCTION,4059548.3812,3680416.6879,6656.9809,9707,9692,-0.00163983,0.01249836,-0.00525961,-0.00163983,-6656.9809,4059548.3812,OK,0.0000,266.2792,4.0000,96.0000,AG03-UNRESOLVED,ALL5_LEVELS_bet23_to_bet27,266.2792,266.2792,266.2792,0.0000,0.0000,4.000000,4.000000,4.000000,0.000000,0.000000,96.000000,96.000000,96.000000,100.000000,100.000000,5.0,798.8377,767.3102,5858.1432,5889.6706,PENDING_AG03,FALSE,NOT_FOR_ENFORCEMENT,6390.7016,3533200.0204,6656.9809,6390.7016,266.2792,0.00163983,0.00157424,266.2792,6390.7016,0.00157424,266.2792,266.2792,266.2792,0.0000,0.0000,6390.7016,0.00157424,798.8377,767.3102,5858.1432,5889.6706,0.00144305,0.00145082,0.00006559,418.2083,379.7376,0.6869,61.6387,1.8384,37588.4109,89.7407,538.3845,395.5999,218.4789,430.6076,432.5446,432.5446,1046.441,1081.3617,427.0584,0.0,2.43015,2.511246,0.971205,30,216,96,2,0.20383968,0.00163983,-0.01249836,0E-8,0.000000,0.906607,0.000000,0.01775797,2026-03-22,2026-08-06,108,3621,2443,138,0.782609,1.360932,1.287360,0.679466,,,,,,,,GLOBAL_BASELINE_NO_ENTITY_RANKING,,,NOT_APPLICABLE_GLOBAL_BASELINE,HF9g-P5,,,,X 全窗基线 · 不参与实体赏罚,14198156,1420,A168_HF9F_20260827_0900,2026-08-27 09:00:00
2026-04-21,57024343,2134,0,1723.5807389852,387.8056662717,387.8056662717,0.6666667,4,4,0.50665070000000000,0.506650700000,0.5543606114942035,0.5543606114942035,0.5543606114942035,0E-17,ELIGIBLE,R03b_20260811_FULL_v1,L1_ELIGIBILITY,v2026-08-11,2026-03-21..2026-08-06,baccarat_bet02_101_all_pairs_incl_sentinel,round_win = game_pnl > 0 (decisive only),COMPATIBILITY_ONLY_NOT_PRODUCTION,4059548.3812,3680416.6879,6656.9809,9707,9692,-0.00163983,0.01249836,-0.00525961,-0.00163983,-6656.9809,4059548.3812,OK,0.0000,266.2792,4.0000,96.0000,AG03-UNRESOLVED,ALL5_LEVELS_bet23_to_bet27,266.2792,266.2792,266.2792,0.0000,0.0000,4.000000,4.000000,4.000000,0.000000,0.000000,96.000000,96.000000,96.000000,100.000000,100.000000,5.0,798.8377,767.3102,5858.1432,5889.6706,PENDING_AG03,FALSE,NOT_FOR_ENFORCEMENT,6390.7016,3533200.0204,6656.9809,6390.7016,266.2792,0.00163983,0.00157424,266.2792,6390.7016,0.00157424,266.2792,266.2792,266.2792,0.0000,0.0000,6390.7016,0.00157424,798.8377,767.3102,5858.1432,5889.6706,0.00144305,0.00145082,0.00006559,418.2083,379.7376,0.6869,61.6387,1.8384,37588.4109,89.7407,538.3845,395.5999,218.4789,430.6076,432.5446,432.5446,1046.441,1081.3617,427.0584,0.0,2.43015,2.511246,0.971205,30,216,96,2,0.20383968,0.00163983,-0.01249836,0E-8,0.000000,0.906607,0.000000,0.01775797,2026-03-22,2026-08-06,108,3621,2443,138,0.782609,1.360932,1.287360,0.679466,,,,,,,,GLOBAL_BASELINE_NO_ENTITY_RANKING,,,NOT_APPLICABLE_GLOBAL_BASELINE,HF9g-P5,,,,X 全窗基线 · 不参与实体赏罚,14198157,1420,A168_HF9F_20260827_0900,2026-08-27 09:00:00
2026-04-21,57024343,2153,0,861.7903694926,0E-10,0E-10,0.5000000,2,2,0.49994810000000000,0.499948100000,0.00014679536856514622,0.00014679536856514622,0.00014679536856514622,0E-17,ELIGIBLE,R03b_20260811_FULL_v1,L1_ELIGIBILITY,v2026-08-11,2026-03-21..2026-08-06,baccarat_bet02_101_all_pairs_incl_sentinel,round_win = game_pnl > 0 (decisive only),COMPATIBILITY_ONLY_NOT_PRODUCTION,4059548.3812,3680416.6879,6656.9809,9707,9692,-0.00163983,0.01249836,-0.00525961,-0.00163983,-6656.9809,4059548.3812,OK,0.0000,266.2792,4.0000,96.0000,AG03-UNRESOLVED,ALL5_LEVELS_bet23_to_bet27,266.2792,266.2792,266.2792,0.0000,0.0000,4.000000,4.000000,4.000000,0.000000,0.000000,96.000000,96.000000,96.000000,100.000000,100.000000,5.0,798.8377,767.3102,5858.1432,5889.6706,PENDING_AG03,FALSE,NOT_FOR_ENFORCEMENT,6390.7016,3533200.0204,6656.9809,6390.7016,266.2792,0.00163983,0.00157424,266.2792,6390.7016,0.00157424,266.2792,266.2792,266.2792,0.0000,0.0000,6390.7016,0.00157424,798.8377,767.3102,5858.1432,5889.6706,0.00144305,0.00145082,0.00006559,418.2083,379.7376,0.6869,61.6387,1.8384,37588.4109,89.7407,538.3845,395.5999,218.4789,430.6076,432.5446,432.5446,1046.441,1081.3617,427.0584,0.0,2.43015,2.511246,0.971205,30,216,96,2,0.20383968,0.00163983,-0.01249836,0E-8,0.000000,0.906607,0.000000,0.01775797,2026-03-22,2026-08-06,108,3621,2443,138,0.782609,1.360932,1.287360,0.679466,,,,,,,,GLOBAL_BASELINE_NO_ENTITY_RANKING,,,NOT_APPLICABLE_GLOBAL_BASELINE,HF9g-P5,,,,X 全窗基线 · 不参与实体赏罚,14198158,1420,A168_HF9F_20260827_0900,2026-08-27 09:00:00
2026-04-21,57024343,2156,0,1292.6855542389,387.8056662717,387.8056662717,0.6666667,3,3,0.50665070000000000,0.506650700000,0.5543606114942035,0.5543606114942035,0.5543606114942035,0E-17,ELIGIBLE,R03b_20260811_FULL_v1,L1_ELIGIBILITY,v2026-08-11,2026-03-21..2026-08-06,baccarat_bet02_101_all_pairs_incl_sentinel,round_win = game_pnl > 0 (decisive only),COMPATIBILITY_ONLY_NOT_PRODUCTION,4059548.3812,3680416.6879,6656.9809,9707,9692,-0.00163983,0.01249836,-0.00525961,-0.00163983,-6656.9809,4059548.3812,OK,0.0000,266.2792,4.0000,96.0000,AG03-UNRESOLVED,ALL5_LEVELS_bet23_to_bet27,266.2792,266.2792,266.2792,0.0000,0.0000,4.000000,4.000000,4.000000,0.000000,0.000000,96.000000,96.000000,96.000000,100.000000,100.000000,5.0,798.8377,767.3102,5858.1432,5889.6706,PENDING_AG03,FALSE,NOT_FOR_ENFORCEMENT,6390.7016,3533200.0204,6656.9809,6390.7016,266.2792,0.00163983,0.00157424,266.2792,6390.7016,0.00157424,266.2792,266.2792,266.2792,0.0000,0.0000,6390.7016,0.00157424,798.8377,767.3102,5858.1432,5889.6706,0.00144305,0.00145082,0.00006559,418.2083,379.7376,0.6869,61.6387,1.8384,37588.4109,89.7407,538.3845,395.5999,218.4789,430.6076,432.5446,432.5446,1046.441,1081.3617,427.0584,0.0,2.43015,2.511246,0.971205,30,216,96,2,0.20383968,0.00163983,-0.01249836,0E-8,0.000000,0.906607,0.000000,0.01775797,2026-03-22,2026-08-06,108,3621,2443,138,0.782609,1.360932,1.287360,0.679466,,,,,,,,GLOBAL_BASELINE_NO_ENTITY_RANKING,,,NOT_APPLICABLE_GLOBAL_BASELINE,HF9g-P5,,,,X 全窗基线 · 不参与实体赏罚,14198159,1420,A168_HF9F_20260827_0900,2026-08-27 09:00:00
2026-04-21,57024343,2188,0,1292.6855542389,818.7008510180,818.7008510180,1.0000000,3,3,0.50665070000000000,0.506650700000,1.3955260008387969,1.3955260008387969,1.3955260008387969,0E-17,ELIGIBLE,R03b_20260811_FULL_v1,L1_ELIGIBILITY,v2026-08-11,2026-03-21..2026-08-06,baccarat_bet02_101_all_pairs_incl_sentinel,round_win = game_pnl > 0 (decisive only),COMPATIBILITY_ONLY_NOT_PRODUCTION,4059548.3812,3680416.6879,6656.9809,9707,9692,-0.00163983,0.01249836,-0.00525961,-0.00163983,-6656.9809,4059548.3812,OK,0.0000,266.2792,4.0000,96.0000,AG03-UNRESOLVED,ALL5_LEVELS_bet23_to_bet27,266.2792,266.2792,266.2792,0.0000,0.0000,4.000000,4.000000,4.000000,0.000000,0.000000,96.000000,96.000000,96.000000,100.000000,100.000000,5.0,798.8377,767.3102,5858.1432,5889.6706,PENDING_AG03,FALSE,NOT_FOR_ENFORCEMENT,6390.7016,3533200.0204,6656.9809,6390.7016,266.2792,0.00163983,0.00157424,266.2792,6390.7016,0.00157424,266.2792,266.2792,266.2792,0.0000,0.0000,6390.7016,0.00157424,798.8377,767.3102,5858.1432,5889.6706,0.00144305,0.00145082,0.00006559,418.2083,379.7376,0.6869,61.6387,1.8384,37588.4109,89.7407,538.3845,395.5999,218.4789,430.6076,432.5446,432.5446,1046.441,1081.3617,427.0584,0.0,2.43015,2.511246,0.971205,30,216,96,2,0.20383968,0.00163983,-0.01249836,0E-8,0.000000,0.906607,0.000000,0.01775797,2026-03-22,2026-08-06,108,3621,2443,138,0.782609,1.360932,1.287360,0.679466,,,,,,,,GLOBAL_BASELINE_NO_ENTITY_RANKING,,,NOT_APPLICABLE_GLOBAL_BASELINE,HF9g-P5,,,,X 全窗基线 · 不参与实体赏罚,14198160,1420,A168_HF9F_20260827_0900,2026-08-27 09:00:00
2026-04-21,57024343,2208,0,430.8951847463,409.3504255090,409.3504255090,1.0000000,1,1,0.50665070000000000,0.506650700000,0.9867858985152569,0.9867858985152569,0.9867858985152569,0E-17,ELIGIBLE,R03b_20260811_FULL_v1,L1_ELIGIBILITY,v2026-08-11,2026-03-21..2026-08-06,baccarat_bet02_101_all_pairs_incl_sentinel,round_win = game_pnl > 0 (decisive only),COMPATIBILITY_ONLY_NOT_PRODUCTION,4059548.3812,3680416.6879,6656.9809,9707,9692,-0.00163983,0.01249836,-0.00525961,-0.00163983,-6656.9809,4059548.3812,OK,0.0000,266.2792,4.0000,96.0000,AG03-UNRESOLVED,ALL5_LEVELS_bet23_to_bet27,266.2792,266.2792,266.2792,0.0000,0.0000,4.000000,4.000000,4.000000,0.000000,0.000000,96.000000,96.000000,96.000000,100.000000,100.000000,5.0,798.8377,767.3102,5858.1432,5889.6706,PENDING_AG03,FALSE,NOT_FOR_ENFORCEMENT,6390.7016,3533200.0204,6656.9809,6390.7016,266.2792,0.00163983,0.00157424,266.2792,6390.7016,0.00157424,266.2792,266.2792,266.2792,0.0000,0.0000,6390.7016,0.00157424,798.8377,767.3102,5858.1432,5889.6706,0.00144305,0.00145082,0.00006559,418.2083,379.7376,0.6869,61.6387,1.8384,37588.4109,89.7407,538.3845,395.5999,218.4789,430.6076,432.5446,432.5446,1046.441,1081.3617,427.0584,0.0,2.43015,2.511246,0.971205,30,216,96,2,0.20383968,0.00163983,-0.01249836,0E-8,0.000000,0.906607,0.000000,0.01775797,2026-03-22,2026-08-06,108,3621,2443,138,0.782609,1.360932,1.287360,0.679466,,,,,,,,GLOBAL_BASELINE_NO_ENTITY_RANKING,,,NOT_APPLICABLE_GLOBAL_BASELINE,HF9g-P5,,,,X 全窗基线 · 不参与实体赏罚,14198161,1420,A168_HF9F_20260827_0900,2026-08-27 09:00:00
2026-04-21,57024343,2229,0,430.8951847463,-430.8951847463,-430.8951847463,0E-7,1,1,0.50665070000000000,0.506650700000,-1.013391052207602,-1.013391052207602,-1.013391052207602,0E-17,ELIGIBLE,R03b_20260811_FULL_v1,L1_ELIGIBILITY,v2026-08-11,2026-03-21..2026-08-06,baccarat_bet02_101_all_pairs_incl_sentinel,round_win = game_pnl > 0 (decisive only),COMPATIBILITY_ONLY_NOT_PRODUCTION,4059548.3812,3680416.6879,6656.9809,9707,9692,-0.00163983,0.01249836,-0.00525961,-0.00163983,-6656.9809,4059548.3812,OK,0.0000,266.2792,4.0000,96.0000,AG03-UNRESOLVED,ALL5_LEVELS_bet23_to_bet27,266.2792,266.2792,266.2792,0.0000,0.0000,4.000000,4.000000,4.000000,0.000000,0.000000,96.000000,96.000000,96.000000,100.000000,100.000000,5.0,798.8377,767.3102,5858.1432,5889.6706,PENDING_AG03,FALSE,NOT_FOR_ENFORCEMENT,6390.7016,3533200.0204,6656.9809,6390.7016,266.2792,0.00163983,0.00157424,266.2792,6390.7016,0.00157424,266.2792,266.2792,266.2792,0.0000,0.0000,6390.7016,0.00157424,798.8377,767.3102,5858.1432,5889.6706,0.00144305,0.00145082,0.00006559,418.2083,379.7376,0.6869,61.6387,1.8384,37588.4109,89.7407,538.3845,395.5999,218.4789,430.6076,432.5446,432.5446,1046.441,1081.3617,427.0584,0.0,2.43015,2.511246,0.971205,30,216,96,2,0.20383968,0.00163983,-0.01249836,0E-8,0.000000,0.906607,0.000000,0.01775797,2026-03-22,2026-08-06,108,3621,2443,138,0.782609,1.360932,1.287360,0.679466,,,,,,,,GLOBAL_BASELINE_NO_ENTITY_RANKING,,,NOT_APPLICABLE_GLOBAL_BASELINE,HF9g-P5,,,,X 全窗基线 · 不参与实体赏罚,14198162,1420,A168_HF9F_20260827_0900,2026-08-27 09:00:00
2026-04-21,57024343,2235,0,1723.5807389852,-43.0895184746,-43.0895184746,0.5000000,4,4,0.50665070000000000,0.506650700000,-0.02660515369234503,-0.02660515369234503,-0.02660515369234503,0E-17,ELIGIBLE,R03b_20260811_FULL_v1,L1_ELIGIBILITY,v2026-08-11,2026-03-21..2026-08-06,baccarat_bet02_101_all_pairs_incl_sentinel,round_win = game_pnl > 0 (decisive only),COMPATIBILITY_ONLY_NOT_PRODUCTION,4059548.3812,3680416.6879,6656.9809,9707,9692,-0.00163983,0.01249836,-0.00525961,-0.00163983,-6656.9809,4059548.3812,OK,0.0000,266.2792,4.0000,96.0000,AG03-UNRESOLVED,ALL5_LEVELS_bet23_to_bet27,266.2792,266.2792,266.2792,0.0000,0.0000,4.000000,4.000000,4.000000,0.000000,0.000000,96.000000,96.000000,96.000000,100.000000,100.000000,5.0,798.8377,767.3102,5858.1432,5889.6706,PENDING_AG03,FALSE,NOT_FOR_ENFORCEMENT,6390.7016,3533200.0204,6656.9809,6390.7016,266.2792,0.00163983,0.00157424,266.2792,6390.7016,0.00157424,266.2792,266.2792,266.2792,0.0000,0.0000,6390.7016,0.00157424,798.8377,767.3102,5858.1432,5889.6706,0.00144305,0.00145082,0.00006559,418.2083,379.7376,0.6869,61.6387,1.8384,37588.4109,89.7407,538.3845,395.5999,218.4789,430.6076,432.5446,432.5446,1046.441,1081.3617,427.0584,0.0,2.43015,2.511246,0.971205,30,216,96,2,0.20383968,0.00163983,-0.01249836,0E-8,0.000000,0.906607,0.000000,0.01775797,2026-03-22,2026-08-06,108,3621,2443,138,0.782609,1.360932,1.287360,0.679466,,,,,,,,GLOBAL_BASELINE_NO_ENTITY_RANKING,,,NOT_APPLICABLE_GLOBAL_BASELINE,HF9g-P5,,,,X 全窗基线 · 不参与实体赏罚,14198163,1420,A168_HF9F_20260827_0900,2026-08-27 09:00:00
2026-04-21,57024343,2239,0,1292.6855542389,387.8056662717,387.8056662717,0.6666667,3,3,0.50665070000000000,0.506650700000,0.5543606114942035,0.5543606114942035,0.5543606114942035,0E-17,ELIGIBLE,R03b_20260811_FULL_v1,L1_ELIGIBILITY,v2026-08-11,2026-03-21..2026-08-06,baccarat_bet02_101_all_pairs_incl_sentinel,round_win = game_pnl > 0 (decisive only),COMPATIBILITY_ONLY_NOT_PRODUCTION,4059548.3812,3680416.6879,6656.9809,9707,9692,-0.00163983,0.01249836,-0.00525961,-0.00163983,-6656.9809,4059548.3812,OK,0.0000,266.2792,4.0000,96.0000,AG03-UNRESOLVED,ALL5_LEVELS_bet23_to_bet27,266.2792,266.2792,266.2792,0.0000,0.0000,4.000000,4.000000,4.000000,0.000000,0.000000,96.000000,96.000000,96.000000,100.000000,100.000000,5.0,798.8377,767.3102,5858.1432,5889.6706,PENDING_AG03,FALSE,NOT_FOR_ENFORCEMENT,6390.7016,3533200.0204,6656.9809,6390.7016,266.2792,0.00163983,0.00157424,266.2792,6390.7016,0.00157424,266.2792,266.2792,266.2792,0.0000,0.0000,6390.7016,0.00157424,798.8377,767.3102,5858.1432,5889.6706,0.00144305,0.00145082,0.00006559,418.2083,379.7376,0.6869,61.6387,1.8384,37588.4109,89.7407,538.3845,395.5999,218.4789,430.6076,432.5446,432.5446,1046.441,1081.3617,427.0584,0.0,2.43015,2.511246,0.971205,30,216,96,2,0.20383968,0.00163983,-0.01249836,0E-8,0.000000,0.906607,0.000000,0.01775797,2026-03-22,2026-08-06,108,3621,2443,138,0.782609,1.360932,1.287360,0.679466,,,,,,,,GLOBAL_BASELINE_NO_ENTITY_RANKING,,,NOT_APPLICABLE_GLOBAL_BASELINE,HF9g-P5,,,,X 全窗基线 · 不参与实体赏罚,14198164,1420,A168_HF9F_20260827_0900,2026-08-27 09:00:00
2026-04-21,57024343,2241,0,1723.5807389852,-430.8951847463,-430.8951847463,0.3333333,4,4,0.50329940000000000,0.503299400000,-0.5887925454369916,-0.5887925454369916,-0.5887925454369916,0E-17,ELIGIBLE,R03b_20260811_FULL_v1,L1_ELIGIBILITY,v2026-08-11,2026-03-21..2026-08-06,baccarat_bet02_101_all_pairs_incl_sentinel,round_win = game_pnl > 0 (decisive only),COMPATIBILITY_ONLY_NOT_PRODUCTION,4059548.3812,3680416.6879,6656.9809,9707,9692,-0.00163983,0.01249836,-0.00525961,-0.00163983,-6656.9809,4059548.3812,OK,0.0000,266.2792,4.0000,96.0000,AG03-UNRESOLVED,ALL5_LEVELS_bet23_to_bet27,266.2792,266.2792,266.2792,0.0000,0.0000,4.000000,4.000000,4.000000,0.000000,0.000000,96.000000,96.000000,96.000000,100.000000,100.000000,5.0,798.8377,767.3102,5858.1432,5889.6706,PENDING_AG03,FALSE,NOT_FOR_ENFORCEMENT,6390.7016,3533200.0204,6656.9809,6390.7016,266.2792,0.00163983,0.00157424,266.2792,6390.7016,0.00157424,266.2792,266.2792,266.2792,0.0000,0.0000,6390.7016,0.00157424,798.8377,767.3102,5858.1432,5889.6706,0.00144305,0.00145082,0.00006559,418.2083,379.7376,0.6869,61.6387,1.8384,37588.4109,89.7407,538.3845,395.5999,218.4789,430.6076,432.5446,432.5446,1046.441,1081.3617,427.0584,0.0,2.43015,2.511246,0.971205,30,216,96,2,0.20383968,0.00163983,-0.01249836,0E-8,0.000000,0.906607,0.000000,0.01775797,2026-03-22,2026-08-06,108,3621,2443,138,0.782609,1.360932,1.287360,0.679466,,,,,,,,GLOBAL_BASELINE_NO_ENTITY_RANKING,,,NOT_APPLICABLE_GLOBAL_BASELINE,HF9g-P5,,,,X 全窗基线 · 不参与实体赏罚,14198165,1420,A168_HF9F_20260827_0900,2026-08-27 09:00:00
2026-04-21,57024343,2242,0,1077.2379618658,193.9028331358,193.9028331358,0.5000000,3,3,0.50665070000000000,0.506650700000,-0.018812684590367487,-0.018812684590367487,-0.018812684590367487,0E-17,ELIGIBLE,R03b_20260811_FULL_v1,L1_ELIGIBILITY,v2026-08-11,2026-03-21..2026-08-06,baccarat_bet02_101_all_pairs_incl_sentinel,round_win = game_pnl > 0 (decisive only),COMPATIBILITY_ONLY_NOT_PRODUCTION,4059548.3812,3680416.6879,6656.9809,9707,9692,-0.00163983,0.01249836,-0.00525961,-0.00163983,-6656.9809,4059548.3812,OK,0.0000,266.2792,4.0000,96.0000,AG03-UNRESOLVED,ALL5_LEVELS_bet23_to_bet27,266.2792,266.2792,266.2792,0.0000,0.0000,4.000000,4.000000,4.000000,0.000000,0.000000,96.000000,96.000000,96.000000,100.000000,100.000000,5.0,798.8377,767.3102,5858.1432,5889.6706,PENDING_AG03,FALSE,NOT_FOR_ENFORCEMENT,6390.7016,3533200.0204,6656.9809,6390.7016,266.2792,0.00163983,0.00157424,266.2792,6390.7016,0.00157424,266.2792,266.2792,266.2792,0.0000,0.0000,6390.7016,0.00157424,798.8377,767.3102,5858.1432,5889.6706,0.00144305,0.00145082,0.00006559,418.2083,379.7376,0.6869,61.6387,1.8384,37588.4109,89.7407,538.3845,395.5999,218.4789,430.6076,432.5446,432.5446,1046.441,1081.3617,427.0584,0.0,2.43015,2.511246,0.971205,30,216,96,2,0.20383968,0.00163983,-0.01249836,0E-8,0.000000,0.906607,0.000000,0.01775797,2026-03-22,2026-08-06,108,3621,2443,138,0.782609,1.360932,1.287360,0.679466,,,,,,,,GLOBAL_BASELINE_NO_ENTITY_RANKING,,,NOT_APPLICABLE_GLOBAL_BASELINE,HF9g-P5,,,,X 全窗基线 · 不参与实体赏罚,14198166,1420,A168_HF9F_20260827_0900,2026-08-27 09:00:00
2026-04-21,57024343,2246,0,2154.4759237315,-473.9847032209,-473.9847032209,0.4000000,5,5,0.50665070000000000,0.506650700000,-0.4769986289884125,-0.4769986289884125,-0.4769986289884125,0E-17,ELIGIBLE,R03b_20260811_FULL_v1,L1_ELIGIBILITY,v2026-08-11,2026-03-21..2026-08-06,baccarat_bet02_101_all_pairs_incl_sentinel,round_win = game_pnl > 0 (decisive only),COMPATIBILITY_ONLY_NOT_PRODUCTION,4059548.3812,3680416.6879,6656.9809,9707,9692,-0.00163983,0.01249836,-0.00525961,-0.00163983,-6656.9809,4059548.3812,OK,0.0000,266.2792,4.0000,96.0000,AG03-UNRESOLVED,ALL5_LEVELS_bet23_to_bet27,266.2792,266.2792,266.2792,0.0000,0.0000,4.000000,4.000000,4.000000,0.000000,0.000000,96.000000,96.000000,96.000000,100.000000,100.000000,5.0,798.8377,767.3102,5858.1432,5889.6706,PENDING_AG03,FALSE,NOT_FOR_ENFORCEMENT,6390.7016,3533200.0204,6656.9809,6390.7016,266.2792,0.00163983,0.00157424,266.2792,6390.7016,0.00157424,266.2792,266.2792,266.2792,0.0000,0.0000,6390.7016,0.00157424,798.8377,767.3102,5858.1432,5889.6706,0.00144305,0.00145082,0.00006559,418.2083,379.7376,0.6869,61.6387,1.8384,37588.4109,89.7407,538.3845,395.5999,218.4789,430.6076,432.5446,432.5446,1046.441,1081.3617,427.0584,0.0,2.43015,2.511246,0.971205,30,216,96,2,0.20383968,0.00163983,-0.01249836,0E-8,0.000000,0.906607,0.000000,0.01775797,2026-03-22,2026-08-06,108,3621,2443,138,0.782609,1.360932,1.287360,0.679466,,,,,,,,GLOBAL_BASELINE_NO_ENTITY_RANKING,,,NOT_APPLICABLE_GLOBAL_BASELINE,HF9g-P5,,,,X 全窗基线 · 不参与实体赏罚,14198167,1420,A168_HF9F_20260827_0900,2026-08-27 09:00:00
2026-04-21,57024343,2252,0,2154.4759237315,-473.9847032209,-473.9847032209,0.4000000,5,5,0.50665070000000000,0.506650700000,-0.4769986289884125,-0.4769986289884125,-0.4769986289884125,0E-17,ELIGIBLE,R03b_20260811_FULL_v1,L1_ELIGIBILITY,v2026-08-11,2026-03-21..2026-08-06,baccarat_bet02_101_all_pairs_incl_sentinel,round_win = game_pnl > 0 (decisive only),COMPATIBILITY_ONLY_NOT_PRODUCTION,4059548.3812,3680416.6879,6656.9809,9707,9692,-0.00163983,0.01249836,-0.00525961,-0.00163983,-6656.9809,4059548.3812,OK,0.0000,266.2792,4.0000,96.0000,AG03-UNRESOLVED,ALL5_LEVELS_bet23_to_bet27,266.2792,266.2792,266.2792,0.0000,0.0000,4.000000,4.000000,4.000000,0.000000,0.000000,96.000000,96.000000,96.000000,100.000000,100.000000,5.0,798.8377,767.3102,5858.1432,5889.6706,PENDING_AG03,FALSE,NOT_FOR_ENFORCEMENT,6390.7016,3533200.0204,6656.9809,6390.7016,266.2792,0.00163983,0.00157424,266.2792,6390.7016,0.00157424,266.2792,266.2792,266.2792,0.0000,0.0000,6390.7016,0.00157424,798.8377,767.3102,5858.1432,5889.6706,0.00144305,0.00145082,0.00006559,418.2083,379.7376,0.6869,61.6387,1.8384,37588.4109,89.7407,538.3845,395.5999,218.4789,430.6076,432.5446,432.5446,1046.441,1081.3617,427.0584,0.0,2.43015,2.511246,0.971205,30,216,96,2,0.20383968,0.00163983,-0.01249836,0E-8,0.000000,0.906607,0.000000,0.01775797,2026-03-22,2026-08-06,108,3621,2443,138,0.782609,1.360932,1.287360,0.679466,,,,,,,,GLOBAL_BASELINE_NO_ENTITY_RANKING,,,NOT_APPLICABLE_GLOBAL_BASELINE,HF9g-P5,,,,X 全窗基线 · 不参与实体赏罚,14198168,1420,A168_HF9F_20260827_0900,2026-08-27 09:00:00
2026-04-21,57024343,2267,0,861.7903694926,-21.5447592373,-21.5447592373,0.5000000,2,2,0.50665070000000000,0.506650700000,-0.018812684590367487,-0.018812684590367487,-0.018812684590367487,0E-17,ELIGIBLE,R03b_20260811_FULL_v1,L1_ELIGIBILITY,v2026-08-11,2026-03-21..2026-08-06,baccarat_bet02_101_all_pairs_incl_sentinel,round_win = game_pnl > 0 (decisive only),COMPATIBILITY_ONLY_NOT_PRODUCTION,4059548.3812,3680416.6879,6656.9809,9707,9692,-0.00163983,0.01249836,-0.00525961,-0.00163983,-6656.9809,4059548.3812,OK,0.0000,266.2792,4.0000,96.0000,AG03-UNRESOLVED,ALL5_LEVELS_bet23_to_bet27,266.2792,266.2792,266.2792,0.0000,0.0000,4.000000,4.000000,4.000000,0.000000,0.000000,96.000000,96.000000,96.000000,100.000000,100.000000,5.0,798.8377,767.3102,5858.1432,5889.6706,PENDING_AG03,FALSE,NOT_FOR_ENFORCEMENT,6390.7016,3533200.0204,6656.9809,6390.7016,266.2792,0.00163983,0.00157424,266.2792,6390.7016,0.00157424,266.2792,266.2792,266.2792,0.0000,0.0000,6390.7016,0.00157424,798.8377,767.3102,5858.1432,5889.6706,0.00144305,0.00145082,0.00006559,418.2083,379.7376,0.6869,61.6387,1.8384,37588.4109,89.7407,538.3845,395.5999,218.4789,430.6076,432.5446,432.5446,1046.441,1081.3617,427.0584,0.0,2.43015,2.511246,0.971205,30,216,96,2,0.20383968,0.00163983,-0.01249836,0E-8,0.000000,0.906607,0.000000,0.01775797,2026-03-22,2026-08-06,108,3621,2443,138,0.782609,1.360932,1.287360,0.679466,,,,,,,,GLOBAL_BASELINE_NO_ENTITY_RANKING,,,NOT_APPLICABLE_GLOBAL_BASELINE,HF9g-P5,,,,X 全窗基线 · 不参与实体赏罚,14198169,1420,A168_HF9F_20260827_0900,2026-08-27 09:00:00
2026-04-21,57024343,462,0,861.7903694926,-430.8951847463,-430.8951847463,0E-7,2,2,0.50665070000000000,0.506650700000,-1.013391052207602,-1.013391052207602,-1.013391052207602,0E-17,ELIGIBLE,R03b_20260811_FULL_v1,L1_ELIGIBILITY,v2026-08-11,2026-03-21..2026-08-06,baccarat_bet02_101_all_pairs_incl_sentinel,round_win = game_pnl > 0 (decisive only),COMPATIBILITY_ONLY_NOT_PRODUCTION,4059548.3812,3680416.6879,6656.9809,9707,9692,-0.00163983,0.01249836,-0.00525961,-0.00163983,-6656.9809,4059548.3812,OK,0.0000,266.2792,4.0000,96.0000,AG03-UNRESOLVED,ALL5_LEVELS_bet23_to_bet27,266.2792,266.2792,266.2792,0.0000,0.0000,4.000000,4.000000,4.000000,0.000000,0.000000,96.000000,96.000000,96.000000,100.000000,100.000000,5.0,798.8377,767.3102,5858.1432,5889.6706,PENDING_AG03,FALSE,NOT_FOR_ENFORCEMENT,6390.7016,3533200.0204,6656.9809,6390.7016,266.2792,0.00163983,0.00157424,266.2792,6390.7016,0.00157424,266.2792,266.2792,266.2792,0.0000,0.0000,6390.7016,0.00157424,798.8377,767.3102,5858.1432,5889.6706,0.00144305,0.00145082,0.00006559,418.2083,379.7376,0.6869,61.6387,1.8384,37588.4109,89.7407,538.3845,395.5999,218.4789,430.6076,432.5446,432.5446,1046.441,1081.3617,427.0584,0.0,2.43015,2.511246,0.971205,30,216,96,2,0.20383968,0.00163983,-0.01249836,0E-8,0.000000,0.906607,0.000000,0.01775797,2026-03-22,2026-08-06,108,3621,2443,138,0.782609,1.360932,1.287360,0.679466,,,,,,,,GLOBAL_BASELINE_NO_ENTITY_RANKING,,,NOT_APPLICABLE_GLOBAL_BASELINE,HF9g-P5,,,,X 全窗基线 · 不参与实体赏罚,14198170,1420,A168_HF9F_20260827_0900,2026-08-27 09:00:00
2026-04-21,57024343,526,0,1077.2379618658,-215.4475923732,-215.4475923732,0.3333333,3,3,0.50218230000000000,0.502182300000,-0.5849155494134425,-0.5849155494134426,-0.5849155494134425,0E-17,ELIGIBLE,R03b_20260811_FULL_v1,L1_ELIGIBILITY,v2026-08-11,2026-03-21..2026-08-06,baccarat_bet02_101_all_pairs_incl_sentinel,round_win = game_pnl > 0 (decisive only),COMPATIBILITY_ONLY_NOT_PRODUCTION,4059548.3812,3680416.6879,6656.9809,9707,9692,-0.00163983,0.01249836,-0.00525961,-0.00163983,-6656.9809,4059548.3812,OK,0.0000,266.2792,4.0000,96.0000,AG03-UNRESOLVED,ALL5_LEVELS_bet23_to_bet27,266.2792,266.2792,266.2792,0.0000,0.0000,4.000000,4.000000,4.000000,0.000000,0.000000,96.000000,96.000000,96.000000,100.000000,100.000000,5.0,798.8377,767.3102,5858.1432,5889.6706,PENDING_AG03,FALSE,NOT_FOR_ENFORCEMENT,6390.7016,3533200.0204,6656.9809,6390.7016,266.2792,0.00163983,0.00157424,266.2792,6390.7016,0.00157424,266.2792,266.2792,266.2792,0.0000,0.0000,6390.7016,0.00157424,798.8377,767.3102,5858.1432,5889.6706,0.00144305,0.00145082,0.00006559,418.2083,379.7376,0.6869,61.6387,1.8384,37588.4109,89.7407,538.3845,395.5999,218.4789,430.6076,432.5446,432.5446,1046.441,1081.3617,427.0584,0.0,2.43015,2.511246,0.971205,30,216,96,2,0.20383968,0.00163983,-0.01249836,0E-8,0.000000,0.906607,0.000000,0.01775797,2026-03-22,2026-08-06,108,3621,2443,138,0.782609,1.360932,1.287360,0.679466,,,,,,,,GLOBAL_BASELINE_NO_ENTITY_RANKING,,,NOT_APPLICABLE_GLOBAL_BASELINE,HF9g-P5,,,,X 全窗基线 · 不参与实体赏罚,14198171,1420,A168_HF9F_20260827_0900,2026-08-27 09:00:00
2026-04-22,57024343,-1,1,1077.2379618658,1077.2379618658,1077.2379618658,1.0000000,1,1,0.49324550000000000,0.493245500000,1.01360149184955,1.01360149184955,1.01360149184955,0E-17,SENTINEL_DEALER,R03b_20260811_FULL_v1,L1_ELIGIBILITY,v2026-08-11,2026-03-21..2026-08-06,baccarat_bet02_101_all_pairs_incl_sentinel,round_win = game_pnl > 0 (decisive only),COMPATIBILITY_ONLY_NOT_PRODUCTION,4059548.3812,3680416.6879,6656.9809,9707,9692,-0.00163983,0.01249836,-0.00525961,-0.00163983,-6656.9809,4059548.3812,OK,0.0000,266.2792,4.0000,96.0000,AG03-UNRESOLVED,ALL5_LEVELS_bet23_to_bet27,266.2792,266.2792,266.2792,0.0000,0.0000,4.000000,4.000000,4.000000,0.000000,0.000000,96.000000,96.000000,96.000000,100.000000,100.000000,5.0,798.8377,767.3102,5858.1432,5889.6706,PENDING_AG03,FALSE,NOT_FOR_ENFORCEMENT,6390.7016,3533200.0204,6656.9809,6390.7016,266.2792,0.00163983,0.00157424,266.2792,6390.7016,0.00157424,266.2792,266.2792,266.2792,0.0000,0.0000,6390.7016,0.00157424,798.8377,767.3102,5858.1432,5889.6706,0.00144305,0.00145082,0.00006559,418.2083,379.7376,0.6869,61.6387,1.8384,37588.4109,89.7407,538.3845,395.5999,218.4789,430.6076,432.5446,432.5446,1046.441,1081.3617,427.0584,0.0,2.43015,2.511246,0.971205,30,216,96,2,0.20383968,0.00163983,-0.01249836,0E-8,0.000000,0.906607,0.000000,0.01775797,2026-03-22,2026-08-06,108,3621,2443,138,0.782609,1.360932,1.287360,0.679466,,,,,,,,GLOBAL_BASELINE_NO_ENTITY_RANKING,,,NOT_APPLICABLE_GLOBAL_BASELINE,HF9g-P5,,,,X 全窗基线 · 不参与实体赏罚,14198172,1420,A168_HF9F_20260827_0900,2026-08-27 09:00:00
2026-04-22,57024343,1302,0,1077.2379618658,1023.3760637725,1023.3760637725,1.0000000,1,1,0.50665070000000000,0.506650700000,0.9867858985152569,0.9867858985152569,0.9867858985152569,0E-17,ELIGIBLE,R03b_20260811_FULL_v1,L1_ELIGIBILITY,v2026-08-11,2026-03-21..2026-08-06,baccarat_bet02_101_all_pairs_incl_sentinel,round_win = game_pnl > 0 (decisive only),COMPATIBILITY_ONLY_NOT_PRODUCTION,4059548.3812,3680416.6879,6656.9809,9707,9692,-0.00163983,0.01249836,-0.00525961,-0.00163983,-6656.9809,4059548.3812,OK,0.0000,266.2792,4.0000,96.0000,AG03-UNRESOLVED,ALL5_LEVELS_bet23_to_bet27,266.2792,266.2792,266.2792,0.0000,0.0000,4.000000,4.000000,4.000000,0.000000,0.000000,96.000000,96.000000,96.000000,100.000000,100.000000,5.0,798.8377,767.3102,5858.1432,5889.6706,PENDING_AG03,FALSE,NOT_FOR_ENFORCEMENT,6390.7016,3533200.0204,6656.9809,6390.7016,266.2792,0.00163983,0.00157424,266.2792,6390.7016,0.00157424,266.2792,266.2792,266.2792,0.0000,0.0000,6390.7016,0.00157424,798.8377,767.3102,5858.1432,5889.6706,0.00144305,0.00145082,0.00006559,418.2083,379.7376,0.6869,61.6387,1.8384,37588.4109,89.7407,538.3845,395.5999,218.4789,430.6076,432.5446,432.5446,1046.441,1081.3617,427.0584,0.0,2.43015,2.511246,0.971205,30,216,96,2,0.20383968,0.00163983,-0.01249836,0E-8,0.000000,0.906607,0.000000,0.01775797,2026-03-22,2026-08-06,108,3621,2443,138,0.782609,1.360932,1.287360,0.679466,,,,,,,,GLOBAL_BASELINE_NO_ENTITY_RANKING,,,NOT_APPLICABLE_GLOBAL_BASELINE,HF9g-P5,,,,X 全窗基线 · 不参与实体赏罚,14198173,1420,A168_HF9F_20260827_0900,2026-08-27 09:00:00
2026-04-22,57024343,1331,0,2154.4759237316,-53.8618980933,-53.8618980933,0.5000000,2,2,0.50665070000000000,0.506650700000,-0.018812684590367487,-0.018812684590367487,-0.018812684590367487,0E-17,ELIGIBLE,R03b_20260811_FULL_v1,L1_ELIGIBILITY,v2026-08-11,2026-03-21..2026-08-06,baccarat_bet02_101_all_pairs_incl_sentinel,round_win = game_pnl > 0 (decisive only),COMPATIBILITY_ONLY_NOT_PRODUCTION,4059548.3812,3680416.6879,6656.9809,9707,9692,-0.00163983,0.01249836,-0.00525961,-0.00163983,-6656.9809,4059548.3812,OK,0.0000,266.2792,4.0000,96.0000,AG03-UNRESOLVED,ALL5_LEVELS_bet23_to_bet27,266.2792,266.2792,266.2792,0.0000,0.0000,4.000000,4.000000,4.000000,0.000000,0.000000,96.000000,96.000000,96.000000,100.000000,100.000000,5.0,798.8377,767.3102,5858.1432,5889.6706,PENDING_AG03,FALSE,NOT_FOR_ENFORCEMENT,6390.7016,3533200.0204,6656.9809,6390.7016,266.2792,0.00163983,0.00157424,266.2792,6390.7016,0.00157424,266.2792,266.2792,266.2792,0.0000,0.0000,6390.7016,0.00157424,798.8377,767.3102,5858.1432,5889.6706,0.00144305,0.00145082,0.00006559,418.2083,379.7376,0.6869,61.6387,1.8384,37588.4109,89.7407,538.3845,395.5999,218.4789,430.6076,432.5446,432.5446,1046.441,1081.3617,427.0584,0.0,2.43015,2.511246,0.971205,30,216,96,2,0.20383968,0.00163983,-0.01249836,0E-8,0.000000,0.906607,0.000000,0.01775797,2026-03-22,2026-08-06,108,3621,2443,138,0.782609,1.360932,1.287360,0.679466,,,,,,,,GLOBAL_BASELINE_NO_ENTITY_RANKING,,,NOT_APPLICABLE_GLOBAL_BASELINE,HF9g-P5,,,,X 全窗基线 · 不参与实体赏罚,14198174,1420,A168_HF9F_20260827_0900,2026-08-27 09:00:00
2026-04-22,57024343,1363,0,1077.2379618658,-1077.2379618658,-1077.2379618658,0E-7,1,1,0.49324550000000000,0.493245500000,-0.9865810262130424,-0.9865810262130424,-0.9865810262130424,0E-17,ELIGIBLE,R03b_20260811_FULL_v1,L1_ELIGIBILITY,v2026-08-11,2026-03-21..2026-08-06,baccarat_bet02_101_all_pairs_incl_sentinel,round_win = game_pnl > 0 (decisive only),COMPATIBILITY_ONLY_NOT_PRODUCTION,4059548.3812,3680416.6879,6656.9809,9707,9692,-0.00163983,0.01249836,-0.00525961,-0.00163983,-6656.9809,4059548.3812,OK,0.0000,266.2792,4.0000,96.0000,AG03-UNRESOLVED,ALL5_LEVELS_bet23_to_bet27,266.2792,266.2792,266.2792,0.0000,0.0000,4.000000,4.000000,4.000000,0.000000,0.000000,96.000000,96.000000,96.000000,100.000000,100.000000,5.0,798.8377,767.3102,5858.1432,5889.6706,PENDING_AG03,FALSE,NOT_FOR_ENFORCEMENT,6390.7016,3533200.0204,6656.9809,6390.7016,266.2792,0.00163983,0.00157424,266.2792,6390.7016,0.00157424,266.2792,266.2792,266.2792,0.0000,0.0000,6390.7016,0.00157424,798.8377,767.3102,5858.1432,5889.6706,0.00144305,0.00145082,0.00006559,418.2083,379.7376,0.6869,61.6387,1.8384,37588.4109,89.7407,538.3845,395.5999,218.4789,430.6076,432.5446,432.5446,1046.441,1081.3617,427.0584,0.0,2.43015,2.511246,0.971205,30,216,96,2,0.20383968,0.00163983,-0.01249836,0E-8,0.000000,0.906607,0.000000,0.01775797,2026-03-22,2026-08-06,108,3621,2443,138,0.782609,1.360932,1.287360,0.679466,,,,,,,,GLOBAL_BASELINE_NO_ENTITY_RANKING,,,NOT_APPLICABLE_GLOBAL_BASELINE,HF9g-P5,,,,X 全窗基线 · 不参与实体赏罚,14198175,1420,A168_HF9F_20260827_0900,2026-08-27 09:00:00
2026-04-22,57024343,1399,0,1077.2379618658,-1077.2379618658,-1077.2379618658,0E-7,1,1,0.50665070000000000,0.506650700000,-1.013391052207602,-1.013391052207602,-1.013391052207602,0E-17,ELIGIBLE,R03b_20260811_FULL_v1,L1_ELIGIBILITY,v2026-08-11,2026-03-21..2026-08-06,baccarat_bet02_101_all_pairs_incl_sentinel,round_win = game_pnl > 0 (decisive only),COMPATIBILITY_ONLY_NOT_PRODUCTION,4059548.3812,3680416.6879,6656.9809,9707,9692,-0.00163983,0.01249836,-0.00525961,-0.00163983,-6656.9809,4059548.3812,OK,0.0000,266.2792,4.0000,96.0000,AG03-UNRESOLVED,ALL5_LEVELS_bet23_to_bet27,266.2792,266.2792,266.2792,0.0000,0.0000,4.000000,4.000000,4.000000,0.000000,0.000000,96.000000,96.000000,96.000000,100.000000,100.000000,5.0,798.8377,767.3102,5858.1432,5889.6706,PENDING_AG03,FALSE,NOT_FOR_ENFORCEMENT,6390.7016,3533200.0204,6656.9809,6390.7016,266.2792,0.00163983,0.00157424,266.2792,6390.7016,0.00157424,266.2792,266.2792,266.2792,0.0000,0.0000,6390.7016,0.00157424,798.8377,767.3102,5858.1432,5889.6706,0.00144305,0.00145082,0.00006559,418.2083,379.7376,0.6869,61.6387,1.8384,37588.4109,89.7407,538.3845,395.5999,218.4789,430.6076,432.5446,432.5446,1046.441,1081.3617,427.0584,0.0,2.43015,2.511246,0.971205,30,216,96,2,0.20383968,0.00163983,-0.01249836,0E-8,0.000000,0.906607,0.000000,0.01775797,2026-03-22,2026-08-06,108,3621,2443,138,0.782609,1.360932,1.287360,0.679466,,,,,,,,GLOBAL_BASELINE_NO_ENTITY_RANKING,,,NOT_APPLICABLE_GLOBAL_BASELINE,HF9g-P5,,,,X 全窗基线 · 不参与实体赏罚,14198176,1420,A168_HF9F_20260827_0900,2026-08-27 09:00:00
2026-04-22,57024343,1400,0,1077.2379618658,-1077.2379618658,-1077.2379618658,0E-7,1,1,0.50665070000000000,0.506650700000,-1.013391052207602,-1.013391052207602,-1.013391052207602,0E-17,ELIGIBLE,R03b_20260811_FULL_v1,L1_ELIGIBILITY,v2026-08-11,2026-03-21..2026-08-06,baccarat_bet02_101_all_pairs_incl_sentinel,round_win = game_pnl > 0 (decisive only),COMPATIBILITY_ONLY_NOT_PRODUCTION,4059548.3812,3680416.6879,6656.9809,9707,9692,-0.00163983,0.01249836,-0.00525961,-0.00163983,-6656.9809,4059548.3812,OK,0.0000,266.2792,4.0000,96.0000,AG03-UNRESOLVED,ALL5_LEVELS_bet23_to_bet27,266.2792,266.2792,266.2792,0.0000,0.0000,4.000000,4.000000,4.000000,0.000000,0.000000,96.000000,96.000000,96.000000,100.000000,100.000000,5.0,798.8377,767.3102,5858.1432,5889.6706,PENDING_AG03,FALSE,NOT_FOR_ENFORCEMENT,6390.7016,3533200.0204,6656.9809,6390.7016,266.2792,0.00163983,0.00157424,266.2792,6390.7016,0.00157424,266.2792,266.2792,266.2792,0.0000,0.0000,6390.7016,0.00157424,798.8377,767.3102,5858.1432,5889.6706,0.00144305,0.00145082,0.00006559,418.2083,379.7376,0.6869,61.6387,1.8384,37588.4109,89.7407,538.3845,395.5999,218.4789,430.6076,432.5446,432.5446,1046.441,1081.3617,427.0584,0.0,2.43015,2.511246,0.971205,30,216,96,2,0.20383968,0.00163983,-0.01249836,0E-8,0.000000,0.906607,0.000000,0.01775797,2026-03-22,2026-08-06,108,3621,2443,138,0.782609,1.360932,1.287360,0.679466,,,,,,,,GLOBAL_BASELINE_NO_ENTITY_RANKING,,,NOT_APPLICABLE_GLOBAL_BASELINE,HF9g-P5,,,,X 全窗基线 · 不参与实体赏罚,14198177,1420,A168_HF9F_20260827_0900,2026-08-27 09:00:00
2026-04-22,57024343,1507,0,1077.2379618658,1023.3760637725,1023.3760637725,1.0000000,1,1,0.50665070000000000,0.506650700000,0.9867858985152569,0.9867858985152569,0.9867858985152569,0E-17,ELIGIBLE,R03b_20260811_FULL_v1,L1_ELIGIBILITY,v2026-08-11,2026-03-21..2026-08-06,baccarat_bet02_101_all_pairs_incl_sentinel,round_win = game_pnl > 0 (decisive only),COMPATIBILITY_ONLY_NOT_PRODUCTION,4059548.3812,3680416.6879,6656.9809,9707,9692,-0.00163983,0.01249836,-0.00525961,-0.00163983,-6656.9809,4059548.3812,OK,0.0000,266.2792,4.0000,96.0000,AG03-UNRESOLVED,ALL5_LEVELS_bet23_to_bet27,266.2792,266.2792,266.2792,0.0000,0.0000,4.000000,4.000000,4.000000,0.000000,0.000000,96.000000,96.000000,96.000000,100.000000,100.000000,5.0,798.8377,767.3102,5858.1432,5889.6706,PENDING_AG03,FALSE,NOT_FOR_ENFORCEMENT,6390.7016,3533200.0204,6656.9809,6390.7016,266.2792,0.00163983,0.00157424,266.2792,6390.7016,0.00157424,266.2792,266.2792,266.2792,0.0000,0.0000,6390.7016,0.00157424,798.8377,767.3102,5858.1432,5889.6706,0.00144305,0.00145082,0.00006559,418.2083,379.7376,0.6869,61.6387,1.8384,37588.4109,89.7407,538.3845,395.5999,218.4789,430.6076,432.5446,432.5446,1046.441,1081.3617,427.0584,0.0,2.43015,2.511246,0.971205,30,216,96,2,0.20383968,0.00163983,-0.01249836,0E-8,0.000000,0.906607,0.000000,0.01775797,2026-03-22,2026-08-06,108,3621,2443,138,0.782609,1.360932,1.287360,0.679466,,,,,,,,GLOBAL_BASELINE_NO_ENTITY_RANKING,,,NOT_APPLICABLE_GLOBAL_BASELINE,HF9g-P5,,,,X 全窗基线 · 不参与实体赏罚,14198178,1420,A168_HF9F_20260827_0900,2026-08-27 09:00:00
2026-04-22,57024343,1951,0,2154.4759237316,-2154.4759237316,-2154.4759237316,0E-7,2,2,0.50665070000000000,0.506650700000,-1.4331513700195317,-1.4331513700195317,-1.4331513700195317,0E-17,ELIGIBLE,R03b_20260811_FULL_v1,L1_ELIGIBILITY,v2026-08-11,2026-03-21..2026-08-06,baccarat_bet02_101_all_pairs_incl_sentinel,round_win = game_pnl > 0 (decisive only),COMPATIBILITY_ONLY_NOT_PRODUCTION,4059548.3812,3680416.6879,6656.9809,9707,9692,-0.00163983,0.01249836,-0.00525961,-0.00163983,-6656.9809,4059548.3812,OK,0.0000,266.2792,4.0000,96.0000,AG03-UNRESOLVED,ALL5_LEVELS_bet23_to_bet27,266.2792,266.2792,266.2792,0.0000,0.0000,4.000000,4.000000,4.000000,0.000000,0.000000,96.000000,96.000000,96.000000,100.000000,100.000000,5.0,798.8377,767.3102,5858.1432,5889.6706,PENDING_AG03,FALSE,NOT_FOR_ENFORCEMENT,6390.7016,3533200.0204,6656.9809,6390.7016,266.2792,0.00163983,0.00157424,266.2792,6390.7016,0.00157424,266.2792,266.2792,266.2792,0.0000,0.0000,6390.7016,0.00157424,798.8377,767.3102,5858.1432,5889.6706,0.00144305,0.00145082,0.00006559,418.2083,379.7376,0.6869,61.6387,1.8384,37588.4109,89.7407,538.3845,395.5999,218.4789,430.6076,432.5446,432.5446,1046.441,1081.3617,427.0584,0.0,2.43015,2.511246,0.971205,30,216,96,2,0.20383968,0.00163983,-0.01249836,0E-8,0.000000,0.906607,0.000000,0.01775797,2026-03-22,2026-08-06,108,3621,2443,138,0.782609,1.360932,1.287360,0.679466,,,,,,,,GLOBAL_BASELINE_NO_ENTITY_RANKING,,,NOT_APPLICABLE_GLOBAL_BASELINE,HF9g-P5,,,,X 全窗基线 · 不参与实体赏罚,14198179,1420,A168_HF9F_20260827_0900,2026-08-27 09:00:00
2026-04-22,57024343,2106,0,1077.2379618658,0E-10,0E-10,,1,1,0.50665070000000000,0.506650700000,,,,0E-17,NO_DECISIVE_ROUND,R03b_20260811_FULL_v1,L1_ELIGIBILITY,v2026-08-11,2026-03-21..2026-08-06,baccarat_bet02_101_all_pairs_incl_sentinel,round_win = game_pnl > 0 (decisive only),COMPATIBILITY_ONLY_NOT_PRODUCTION,4059548.3812,3680416.6879,6656.9809,9707,9692,-0.00163983,0.01249836,-0.00525961,-0.00163983,-6656.9809,4059548.3812,OK,0.0000,266.2792,4.0000,96.0000,AG03-UNRESOLVED,ALL5_LEVELS_bet23_to_bet27,266.2792,266.2792,266.2792,0.0000,0.0000,4.000000,4.000000,4.000000,0.000000,0.000000,96.000000,96.000000,96.000000,100.000000,100.000000,5.0,798.8377,767.3102,5858.1432,5889.6706,PENDING_AG03,FALSE,NOT_FOR_ENFORCEMENT,6390.7016,3533200.0204,6656.9809,6390.7016,266.2792,0.00163983,0.00157424,266.2792,6390.7016,0.00157424,266.2792,266.2792,266.2792,0.0000,0.0000,6390.7016,0.00157424,798.8377,767.3102,5858.1432,5889.6706,0.00144305,0.00145082,0.00006559,418.2083,379.7376,0.6869,61.6387,1.8384,37588.4109,89.7407,538.3845,395.5999,218.4789,430.6076,432.5446,432.5446,1046.441,1081.3617,427.0584,0.0,2.43015,2.511246,0.971205,30,216,96,2,0.20383968,0.00163983,-0.01249836,0E-8,0.000000,0.906607,0.000000,0.01775797,2026-03-22,2026-08-06,108,3621,2443,138,0.782609,1.360932,1.287360,0.679466,,,,,,,,GLOBAL_BASELINE_NO_ENTITY_RANKING,,,NOT_APPLICABLE_GLOBAL_BASELINE,HF9g-P5,,,,X 全窗基线 · 不参与实体赏罚,14198180,1420,A168_HF9F_20260827_0900,2026-08-27 09:00:00
2026-04-22,57024343,2141,0,2154.4759237316,-53.8618980933,-53.8618980933,0.5000000,2,2,0.50665070000000000,0.506650700000,-0.018812684590367487,-0.018812684590367487,-0.018812684590367487,0E-17,ELIGIBLE,R03b_20260811_FULL_v1,L1_ELIGIBILITY,v2026-08-11,2026-03-21..2026-08-06,baccarat_bet02_101_all_pairs_incl_sentinel,round_win = game_pnl > 0 (decisive only),COMPATIBILITY_ONLY_NOT_PRODUCTION,4059548.3812,3680416.6879,6656.9809,9707,9692,-0.00163983,0.01249836,-0.00525961,-0.00163983,-6656.9809,4059548.3812,OK,0.0000,266.2792,4.0000,96.0000,AG03-UNRESOLVED,ALL5_LEVELS_bet23_to_bet27,266.2792,266.2792,266.2792,0.0000,0.0000,4.000000,4.000000,4.000000,0.000000,0.000000,96.000000,96.000000,96.000000,100.000000,100.000000,5.0,798.8377,767.3102,5858.1432,5889.6706,PENDING_AG03,FALSE,NOT_FOR_ENFORCEMENT,6390.7016,3533200.0204,6656.9809,6390.7016,266.2792,0.00163983,0.00157424,266.2792,6390.7016,0.00157424,266.2792,266.2792,266.2792,0.0000,0.0000,6390.7016,0.00157424,798.8377,767.3102,5858.1432,5889.6706,0.00144305,0.00145082,0.00006559,418.2083,379.7376,0.6869,61.6387,1.8384,37588.4109,89.7407,538.3845,395.5999,218.4789,430.6076,432.5446,432.5446,1046.441,1081.3617,427.0584,0.0,2.43015,2.511246,0.971205,30,216,96,2,0.20383968,0.00163983,-0.01249836,0E-8,0.000000,0.906607,0.000000,0.01775797,2026-03-22,2026-08-06,108,3621,2443,138,0.782609,1.360932,1.287360,0.679466,,,,,,,,GLOBAL_BASELINE_NO_ENTITY_RANKING,,,NOT_APPLICABLE_GLOBAL_BASELINE,HF9g-P5,,,,X 全窗基线 · 不参与实体赏罚,14198181,1420,A168_HF9F_20260827_0900,2026-08-27 09:00:00
2026-04-22,57024343,2153,0,9992.4593342670,-3690.6172573521,-3690.6172573521,0.6000000,5,5,0.50665070000000000,0.506650700000,0.4175076967804994,0.4175076967804994,0.4175076967804994,0E-17,ELIGIBLE,R03b_20260811_FULL_v1,L1_ELIGIBILITY,v2026-08-11,2026-03-21..2026-08-06,baccarat_bet02_101_all_pairs_incl_sentinel,round_win = game_pnl > 0 (decisive only),COMPATIBILITY_ONLY_NOT_PRODUCTION,4059548.3812,3680416.6879,6656.9809,9707,9692,-0.00163983,0.01249836,-0.00525961,-0.00163983,-6656.9809,4059548.3812,OK,0.0000,266.2792,4.0000,96.0000,AG03-UNRESOLVED,ALL5_LEVELS_bet23_to_bet27,266.2792,266.2792,266.2792,0.0000,0.0000,4.000000,4.000000,4.000000,0.000000,0.000000,96.000000,96.000000,96.000000,100.000000,100.000000,5.0,798.8377,767.3102,5858.1432,5889.6706,PENDING_AG03,FALSE,NOT_FOR_ENFORCEMENT,6390.7016,3533200.0204,6656.9809,6390.7016,266.2792,0.00163983,0.00157424,266.2792,6390.7016,0.00157424,266.2792,266.2792,266.2792,0.0000,0.0000,6390.7016,0.00157424,798.8377,767.3102,5858.1432,5889.6706,0.00144305,0.00145082,0.00006559,418.2083,379.7376,0.6869,61.6387,1.8384,37588.4109,89.7407,538.3845,395.5999,218.4789,430.6076,432.5446,432.5446,1046.441,1081.3617,427.0584,0.0,2.43015,2.511246,0.971205,30,216,96,2,0.20383968,0.00163983,-0.01249836,0E-8,0.000000,0.906607,0.000000,0.01775797,2026-03-22,2026-08-06,108,3621,2443,138,0.782609,1.360932,1.287360,0.679466,,,,,,,,GLOBAL_BASELINE_NO_ENTITY_RANKING,,,NOT_APPLICABLE_GLOBAL_BASELINE,HF9g-P5,,,,X 全窗基线 · 不参与实体赏罚,14198182,1420,A168_HF9F_20260827_0900,2026-08-27 09:00:00
2026-04-22,57024343,2224,0,2154.4759237316,-53.8618980933,-53.8618980933,0.5000000,2,2,0.50665070000000000,0.506650700000,-0.018812684590367487,-0.018812684590367487,-0.018812684590367487,0E-17,ELIGIBLE,R03b_20260811_FULL_v1,L1_ELIGIBILITY,v2026-08-11,2026-03-21..2026-08-06,baccarat_bet02_101_all_pairs_incl_sentinel,round_win = game_pnl > 0 (decisive only),COMPATIBILITY_ONLY_NOT_PRODUCTION,4059548.3812,3680416.6879,6656.9809,9707,9692,-0.00163983,0.01249836,-0.00525961,-0.00163983,-6656.9809,4059548.3812,OK,0.0000,266.2792,4.0000,96.0000,AG03-UNRESOLVED,ALL5_LEVELS_bet23_to_bet27,266.2792,266.2792,266.2792,0.0000,0.0000,4.000000,4.000000,4.000000,0.000000,0.000000,96.000000,96.000000,96.000000,100.000000,100.000000,5.0,798.8377,767.3102,5858.1432,5889.6706,PENDING_AG03,FALSE,NOT_FOR_ENFORCEMENT,6390.7016,3533200.0204,6656.9809,6390.7016,266.2792,0.00163983,0.00157424,266.2792,6390.7016,0.00157424,266.2792,266.2792,266.2792,0.0000,0.0000,6390.7016,0.00157424,798.8377,767.3102,5858.1432,5889.6706,0.00144305,0.00145082,0.00006559,418.2083,379.7376,0.6869,61.6387,1.8384,37588.4109,89.7407,538.3845,395.5999,218.4789,430.6076,432.5446,432.5446,1046.441,1081.3617,427.0584,0.0,2.43015,2.511246,0.971205,30,216,96,2,0.20383968,0.00163983,-0.01249836,0E-8,0.000000,0.906607,0.000000,0.01775797,2026-03-22,2026-08-06,108,3621,2443,138,0.782609,1.360932,1.287360,0.679466,,,,,,,,GLOBAL_BASELINE_NO_ENTITY_RANKING,,,NOT_APPLICABLE_GLOBAL_BASELINE,HF9g-P5,,,,X 全窗基线 · 不参与实体赏罚,14198183,1420,A168_HF9F_20260827_0900,2026-08-27 09:00:00
2026-04-22,57024343,2235,0,2154.4759237316,-53.8618980933,-53.8618980933,0.5000000,2,2,0.50665070000000000,0.506650700000,-0.018812684590367487,-0.018812684590367487,-0.018812684590367487,0E-17,ELIGIBLE,R03b_20260811_FULL_v1,L1_ELIGIBILITY,v2026-08-11,2026-03-21..2026-08-06,baccarat_bet02_101_all_pairs_incl_sentinel,round_win = game_pnl > 0 (decisive only),COMPATIBILITY_ONLY_NOT_PRODUCTION,4059548.3812,3680416.6879,6656.9809,9707,9692,-0.00163983,0.01249836,-0.00525961,-0.00163983,-6656.9809,4059548.3812,OK,0.0000,266.2792,4.0000,96.0000,AG03-UNRESOLVED,ALL5_LEVELS_bet23_to_bet27,266.2792,266.2792,266.2792,0.0000,0.0000,4.000000,4.000000,4.000000,0.000000,0.000000,96.000000,96.000000,96.000000,100.000000,100.000000,5.0,798.8377,767.3102,5858.1432,5889.6706,PENDING_AG03,FALSE,NOT_FOR_ENFORCEMENT,6390.7016,3533200.0204,6656.9809,6390.7016,266.2792,0.00163983,0.00157424,266.2792,6390.7016,0.00157424,266.2792,266.2792,266.2792,0.0000,0.0000,6390.7016,0.00157424,798.8377,767.3102,5858.1432,5889.6706,0.00144305,0.00145082,0.00006559,418.2083,379.7376,0.6869,61.6387,1.8384,37588.4109,89.7407,538.3845,395.5999,218.4789,430.6076,432.5446,432.5446,1046.441,1081.3617,427.0584,0.0,2.43015,2.511246,0.971205,30,216,96,2,0.20383968,0.00163983,-0.01249836,0E-8,0.000000,0.906607,0.000000,0.01775797,2026-03-22,2026-08-06,108,3621,2443,138,0.782609,1.360932,1.287360,0.679466,,,,,,,,GLOBAL_BASELINE_NO_ENTITY_RANKING,,,NOT_APPLICABLE_GLOBAL_BASELINE,HF9g-P5,,,,X 全窗基线 · 不参与实体赏罚,14198184,1420,A168_HF9F_20260827_0900,2026-08-27 09:00:00
2026-04-22,57024343,2242,0,1077.2379618658,-1077.2379618658,-1077.2379618658,0E-7,1,1,0.50665070000000000,0.506650700000,-1.013391052207602,-1.013391052207602,-1.013391052207602,0E-17,ELIGIBLE,R03b_20260811_FULL_v1,L1_ELIGIBILITY,v2026-08-11,2026-03-21..2026-08-06,baccarat_bet02_101_all_pairs_incl_sentinel,round_win = game_pnl > 0 (decisive only),COMPATIBILITY_ONLY_NOT_PRODUCTION,4059548.3812,3680416.6879,6656.9809,9707,9692,-0.00163983,0.01249836,-0.00525961,-0.00163983,-6656.9809,4059548.3812,OK,0.0000,266.2792,4.0000,96.0000,AG03-UNRESOLVED,ALL5_LEVELS_bet23_to_bet27,266.2792,266.2792,266.2792,0.0000,0.0000,4.000000,4.000000,4.000000,0.000000,0.000000,96.000000,96.000000,96.000000,100.000000,100.000000,5.0,798.8377,767.3102,5858.1432,5889.6706,PENDING_AG03,FALSE,NOT_FOR_ENFORCEMENT,6390.7016,3533200.0204,6656.9809,6390.7016,266.2792,0.00163983,0.00157424,266.2792,6390.7016,0.00157424,266.2792,266.2792,266.2792,0.0000,0.0000,6390.7016,0.00157424,798.8377,767.3102,5858.1432,5889.6706,0.00144305,0.00145082,0.00006559,418.2083,379.7376,0.6869,61.6387,1.8384,37588.4109,89.7407,538.3845,395.5999,218.4789,430.6076,432.5446,432.5446,1046.441,1081.3617,427.0584,0.0,2.43015,2.511246,0.971205,30,216,96,2,0.20383968,0.00163983,-0.01249836,0E-8,0.000000,0.906607,0.000000,0.01775797,2026-03-22,2026-08-06,108,3621,2443,138,0.782609,1.360932,1.287360,0.679466,,,,,,,,GLOBAL_BASELINE_NO_ENTITY_RANKING,,,NOT_APPLICABLE_GLOBAL_BASELINE,HF9g-P5,,,,X 全窗基线 · 不参与实体赏罚,14198185,1420,A168_HF9F_20260827_0900,2026-08-27 09:00:00
2026-04-22,57024343,2254,0,1077.2379618658,-1077.2379618658,-1077.2379618658,0E-7,1,1,0.50665070000000000,0.506650700000,-1.013391052207602,-1.013391052207602,-1.013391052207602,0E-17,ELIGIBLE,R03b_20260811_FULL_v1,L1_ELIGIBILITY,v2026-08-11,2026-03-21..2026-08-06,baccarat_bet02_101_all_pairs_incl_sentinel,round_win = game_pnl > 0 (decisive only),COMPATIBILITY_ONLY_NOT_PRODUCTION,4059548.3812,3680416.6879,6656.9809,9707,9692,-0.00163983,0.01249836,-0.00525961,-0.00163983,-6656.9809,4059548.3812,OK,0.0000,266.2792,4.0000,96.0000,AG03-UNRESOLVED,ALL5_LEVELS_bet23_to_bet27,266.2792,266.2792,266.2792,0.0000,0.0000,4.000000,4.000000,4.000000,0.000000,0.000000,96.000000,96.000000,96.000000,100.000000,100.000000,5.0,798.8377,767.3102,5858.1432,5889.6706,PENDING_AG03,FALSE,NOT_FOR_ENFORCEMENT,6390.7016,3533200.0204,6656.9809,6390.7016,266.2792,0.00163983,0.00157424,266.2792,6390.7016,0.00157424,266.2792,266.2792,266.2792,0.0000,0.0000,6390.7016,0.00157424,798.8377,767.3102,5858.1432,5889.6706,0.00144305,0.00145082,0.00006559,418.2083,379.7376,0.6869,61.6387,1.8384,37588.4109,89.7407,538.3845,395.5999,218.4789,430.6076,432.5446,432.5446,1046.441,1081.3617,427.0584,0.0,2.43015,2.511246,0.971205,30,216,96,2,0.20383968,0.00163983,-0.01249836,0E-8,0.000000,0.906607,0.000000,0.01775797,2026-03-22,2026-08-06,108,3621,2443,138,0.782609,1.360932,1.287360,0.679466,,,,,,,,GLOBAL_BASELINE_NO_ENTITY_RANKING,,,NOT_APPLICABLE_GLOBAL_BASELINE,HF9g-P5,,,,X 全窗基线 · 不参与实体赏罚,14198186,1420,A168_HF9F_20260827_0900,2026-08-27 09:00:00
2026-04-22,57024343,752,0,2154.4759237316,-2154.4759237316,-2154.4759237316,0E-7,2,2,0.50665070000000000,0.506650700000,-1.4331513700195317,-1.4331513700195317,-1.4331513700195317,0E-17,ELIGIBLE,R03b_20260811_FULL_v1,L1_ELIGIBILITY,v2026-08-11,2026-03-21..2026-08-06,baccarat_bet02_101_all_pairs_incl_sentinel,round_win = game_pnl > 0 (decisive only),COMPATIBILITY_ONLY_NOT_PRODUCTION,4059548.3812,3680416.6879,6656.9809,9707,9692,-0.00163983,0.01249836,-0.00525961,-0.00163983,-6656.9809,4059548.3812,OK,0.0000,266.2792,4.0000,96.0000,AG03-UNRESOLVED,ALL5_LEVELS_bet23_to_bet27,266.2792,266.2792,266.2792,0.0000,0.0000,4.000000,4.000000,4.000000,0.000000,0.000000,96.000000,96.000000,96.000000,100.000000,100.000000,5.0,798.8377,767.3102,5858.1432,5889.6706,PENDING_AG03,FALSE,NOT_FOR_ENFORCEMENT,6390.7016,3533200.0204,6656.9809,6390.7016,266.2792,0.00163983,0.00157424,266.2792,6390.7016,0.00157424,266.2792,266.2792,266.2792,0.0000,0.0000,6390.7016,0.00157424,798.8377,767.3102,5858.1432,5889.6706,0.00144305,0.00145082,0.00006559,418.2083,379.7376,0.6869,61.6387,1.8384,37588.4109,89.7407,538.3845,395.5999,218.4789,430.6076,432.5446,432.5446,1046.441,1081.3617,427.0584,0.0,2.43015,2.511246,0.971205,30,216,96,2,0.20383968,0.00163983,-0.01249836,0E-8,0.000000,0.906607,0.000000,0.01775797,2026-03-22,2026-08-06,108,3621,2443,138,0.782609,1.360932,1.287360,0.679466,,,,,,,,GLOBAL_BASELINE_NO_ENTITY_RANKING,,,NOT_APPLICABLE_GLOBAL_BASELINE,HF9g-P5,,,,X 全窗基线 · 不参与实体赏罚,14198187,1420,A168_HF9F_20260827_0900,2026-08-27 09:00:00
2026-04-22,57024343,948,0,3231.7138855974,-53.8618980933,-53.8618980933,0.5000000,3,3,0.50665070000000000,0.506650700000,-0.018812684590367487,-0.018812684590367487,-0.018812684590367487,0E-17,ELIGIBLE,R03b_20260811_FULL_v1,L1_ELIGIBILITY,v2026-08-11,2026-03-21..2026-08-06,baccarat_bet02_101_all_pairs_incl_sentinel,round_win = game_pnl > 0 (decisive only),COMPATIBILITY_ONLY_NOT_PRODUCTION,4059548.3812,3680416.6879,6656.9809,9707,9692,-0.00163983,0.01249836,-0.00525961,-0.00163983,-6656.9809,4059548.3812,OK,0.0000,266.2792,4.0000,96.0000,AG03-UNRESOLVED,ALL5_LEVELS_bet23_to_bet27,266.2792,266.2792,266.2792,0.0000,0.0000,4.000000,4.000000,4.000000,0.000000,0.000000,96.000000,96.000000,96.000000,100.000000,100.000000,5.0,798.8377,767.3102,5858.1432,5889.6706,PENDING_AG03,FALSE,NOT_FOR_ENFORCEMENT,6390.7016,3533200.0204,6656.9809,6390.7016,266.2792,0.00163983,0.00157424,266.2792,6390.7016,0.00157424,266.2792,266.2792,266.2792,0.0000,0.0000,6390.7016,0.00157424,798.8377,767.3102,5858.1432,5889.6706,0.00144305,0.00145082,0.00006559,418.2083,379.7376,0.6869,61.6387,1.8384,37588.4109,89.7407,538.3845,395.5999,218.4789,430.6076,432.5446,432.5446,1046.441,1081.3617,427.0584,0.0,2.43015,2.511246,0.971205,30,216,96,2,0.20383968,0.00163983,-0.01249836,0E-8,0.000000,0.906607,0.000000,0.01775797,2026-03-22,2026-08-06,108,3621,2443,138,0.782609,1.360932,1.287360,0.679466,,,,,,,,GLOBAL_BASELINE_NO_ENTITY_RANKING,,,NOT_APPLICABLE_GLOBAL_BASELINE,HF9g-P5,,,,X 全窗基线 · 不参与实体赏罚,14198188,1420,A168_HF9F_20260827_0900,2026-08-27 09:00:00
2026-04-23,57024343,-1,1,7167.5105030701,6809.1349779166,6809.1349779166,1.0000000,1,1,0.50665070000000000,0.506650700000,0.9867858985152569,0.9867858985152569,0.9867858985152569,0E-17,SENTINEL_DEALER,R03b_20260811_FULL_v1,L1_ELIGIBILITY,v2026-08-11,2026-03-21..2026-08-06,baccarat_bet02_101_all_pairs_incl_sentinel,round_win = game_pnl > 0 (decisive only),COMPATIBILITY_ONLY_NOT_PRODUCTION,4059548.3812,3680416.6879,6656.9809,9707,9692,-0.00163983,0.01249836,-0.00525961,-0.00163983,-6656.9809,4059548.3812,OK,0.0000,266.2792,4.0000,96.0000,AG03-UNRESOLVED,ALL5_LEVELS_bet23_to_bet27,266.2792,266.2792,266.2792,0.0000,0.0000,4.000000,4.000000,4.000000,0.000000,0.000000,96.000000,96.000000,96.000000,100.000000,100.000000,5.0,798.8377,767.3102,5858.1432,5889.6706,PENDING_AG03,FALSE,NOT_FOR_ENFORCEMENT,6390.7016,3533200.0204,6656.9809,6390.7016,266.2792,0.00163983,0.00157424,266.2792,6390.7016,0.00157424,266.2792,266.2792,266.2792,0.0000,0.0000,6390.7016,0.00157424,798.8377,767.3102,5858.1432,5889.6706,0.00144305,0.00145082,0.00006559,418.2083,379.7376,0.6869,61.6387,1.8384,37588.4109,89.7407,538.3845,395.5999,218.4789,430.6076,432.5446,432.5446,1046.441,1081.3617,427.0584,0.0,2.43015,2.511246,0.971205,30,216,96,2,0.20383968,0.00163983,-0.01249836,0E-8,0.000000,0.906607,0.000000,0.01775797,2026-03-22,2026-08-06,108,3621,2443,138,0.782609,1.360932,1.287360,0.679466,,,,,,,,GLOBAL_BASELINE_NO_ENTITY_RANKING,,,NOT_APPLICABLE_GLOBAL_BASELINE,HF9g-P5,,,,X 全窗基线 · 不参与实体赏罚,14198189,1420,A168_HF9F_20260827_0900,2026-08-27 09:00:00
2026-04-23,57024343,1078,0,4308.9518474632,-107.7237961866,-107.7237961866,0.5000000,2,2,0.50665070000000000,0.506650700000,-0.018812684590367487,-0.018812684590367487,-0.018812684590367487,0E-17,ELIGIBLE,R03b_20260811_FULL_v1,L1_ELIGIBILITY,v2026-08-11,2026-03-21..2026-08-06,baccarat_bet02_101_all_pairs_incl_sentinel,round_win = game_pnl > 0 (decisive only),COMPATIBILITY_ONLY_NOT_PRODUCTION,4059548.3812,3680416.6879,6656.9809,9707,9692,-0.00163983,0.01249836,-0.00525961,-0.00163983,-6656.9809,4059548.3812,OK,0.0000,266.2792,4.0000,96.0000,AG03-UNRESOLVED,ALL5_LEVELS_bet23_to_bet27,266.2792,266.2792,266.2792,0.0000,0.0000,4.000000,4.000000,4.000000,0.000000,0.000000,96.000000,96.000000,96.000000,100.000000,100.000000,5.0,798.8377,767.3102,5858.1432,5889.6706,PENDING_AG03,FALSE,NOT_FOR_ENFORCEMENT,6390.7016,3533200.0204,6656.9809,6390.7016,266.2792,0.00163983,0.00157424,266.2792,6390.7016,0.00157424,266.2792,266.2792,266.2792,0.0000,0.0000,6390.7016,0.00157424,798.8377,767.3102,5858.1432,5889.6706,0.00144305,0.00145082,0.00006559,418.2083,379.7376,0.6869,61.6387,1.8384,37588.4109,89.7407,538.3845,395.5999,218.4789,430.6076,432.5446,432.5446,1046.441,1081.3617,427.0584,0.0,2.43015,2.511246,0.971205,30,216,96,2,0.20383968,0.00163983,-0.01249836,0E-8,0.000000,0.906607,0.000000,0.01775797,2026-03-22,2026-08-06,108,3621,2443,138,0.782609,1.360932,1.287360,0.679466,,,,,,,,GLOBAL_BASELINE_NO_ENTITY_RANKING,,,NOT_APPLICABLE_GLOBAL_BASELINE,HF9g-P5,,,,X 全窗基线 · 不参与实体赏罚,14198190,1420,A168_HF9F_20260827_0900,2026-08-27 09:00:00
2026-04-23,57024343,1205,0,4308.9518474632,-107.7237961866,-107.7237961866,0.5000000,2,2,0.50665070000000000,0.506650700000,-0.018812684590367487,-0.018812684590367487,-0.018812684590367487,0E-17,ELIGIBLE,R03b_20260811_FULL_v1,L1_ELIGIBILITY,v2026-08-11,2026-03-21..2026-08-06,baccarat_bet02_101_all_pairs_incl_sentinel,round_win = game_pnl > 0 (decisive only),COMPATIBILITY_ONLY_NOT_PRODUCTION,4059548.3812,3680416.6879,6656.9809,9707,9692,-0.00163983,0.01249836,-0.00525961,-0.00163983,-6656.9809,4059548.3812,OK,0.0000,266.2792,4.0000,96.0000,AG03-UNRESOLVED,ALL5_LEVELS_bet23_to_bet27,266.2792,266.2792,266.2792,0.0000,0.0000,4.000000,4.000000,4.000000,0.000000,0.000000,96.000000,96.000000,96.000000,100.000000,100.000000,5.0,798.8377,767.3102,5858.1432,5889.6706,PENDING_AG03,FALSE,NOT_FOR_ENFORCEMENT,6390.7016,3533200.0204,6656.9809,6390.7016,266.2792,0.00163983,0.00157424,266.2792,6390.7016,0.00157424,266.2792,266.2792,266.2792,0.0000,0.0000,6390.7016,0.00157424,798.8377,767.3102,5858.1432,5889.6706,0.00144305,0.00145082,0.00006559,418.2083,379.7376,0.6869,61.6387,1.8384,37588.4109,89.7407,538.3845,395.5999,218.4789,430.6076,432.5446,432.5446,1046.441,1081.3617,427.0584,0.0,2.43015,2.511246,0.971205,30,216,96,2,0.20383968,0.00163983,-0.01249836,0E-8,0.000000,0.906607,0.000000,0.01775797,2026-03-22,2026-08-06,108,3621,2443,138,0.782609,1.360932,1.287360,0.679466,,,,,,,,GLOBAL_BASELINE_NO_ENTITY_RANKING,,,NOT_APPLICABLE_GLOBAL_BASELINE,HF9g-P5,,,,X 全窗基线 · 不参与实体赏罚,14198191,1420,A168_HF9F_20260827_0900,2026-08-27 09:00:00
2026-04-23,57024343,1318,0,6463.4277711948,1939.0283313584,1939.0283313584,0.6666667,3,3,0.50665070000000000,0.506650700000,0.5543606114942035,0.5543606114942035,0.5543606114942035,0E-17,ELIGIBLE,R03b_20260811_FULL_v1,L1_ELIGIBILITY,v2026-08-11,2026-03-21..2026-08-06,baccarat_bet02_101_all_pairs_incl_sentinel,round_win = game_pnl > 0 (decisive only),COMPATIBILITY_ONLY_NOT_PRODUCTION,4059548.3812,3680416.6879,6656.9809,9707,9692,-0.00163983,0.01249836,-0.00525961,-0.00163983,-6656.9809,4059548.3812,OK,0.0000,266.2792,4.0000,96.0000,AG03-UNRESOLVED,ALL5_LEVELS_bet23_to_bet27,266.2792,266.2792,266.2792,0.0000,0.0000,4.000000,4.000000,4.000000,0.000000,0.000000,96.000000,96.000000,96.000000,100.000000,100.000000,5.0,798.8377,767.3102,5858.1432,5889.6706,PENDING_AG03,FALSE,NOT_FOR_ENFORCEMENT,6390.7016,3533200.0204,6656.9809,6390.7016,266.2792,0.00163983,0.00157424,266.2792,6390.7016,0.00157424,266.2792,266.2792,266.2792,0.0000,0.0000,6390.7016,0.00157424,798.8377,767.3102,5858.1432,5889.6706,0.00144305,0.00145082,0.00006559,418.2083,379.7376,0.6869,61.6387,1.8384,37588.4109,89.7407,538.3845,395.5999,218.4789,430.6076,432.5446,432.5446,1046.441,1081.3617,427.0584,0.0,2.43015,2.511246,0.971205,30,216,96,2,0.20383968,0.00163983,-0.01249836,0E-8,0.000000,0.906607,0.000000,0.01775797,2026-03-22,2026-08-06,108,3621,2443,138,0.782609,1.360932,1.287360,0.679466,,,,,,,,GLOBAL_BASELINE_NO_ENTITY_RANKING,,,NOT_APPLICABLE_GLOBAL_BASELINE,HF9g-P5,,,,X 全窗基线 · 不参与实体赏罚,14198192,1420,A168_HF9F_20260827_0900,2026-08-27 09:00:00
2026-04-23,57024343,1363,0,2154.4759237316,-2154.4759237316,-2154.4759237316,0E-7,1,1,0.50665070000000000,0.506650700000,-1.013391052207602,-1.013391052207602,-1.013391052207602,0E-17,ELIGIBLE,R03b_20260811_FULL_v1,L1_ELIGIBILITY,v2026-08-11,2026-03-21..2026-08-06,baccarat_bet02_101_all_pairs_incl_sentinel,round_win = game_pnl > 0 (decisive only),COMPATIBILITY_ONLY_NOT_PRODUCTION,4059548.3812,3680416.6879,6656.9809,9707,9692,-0.00163983,0.01249836,-0.00525961,-0.00163983,-6656.9809,4059548.3812,OK,0.0000,266.2792,4.0000,96.0000,AG03-UNRESOLVED,ALL5_LEVELS_bet23_to_bet27,266.2792,266.2792,266.2792,0.0000,0.0000,4.000000,4.000000,4.000000,0.000000,0.000000,96.000000,96.000000,96.000000,100.000000,100.000000,5.0,798.8377,767.3102,5858.1432,5889.6706,PENDING_AG03,FALSE,NOT_FOR_ENFORCEMENT,6390.7016,3533200.0204,6656.9809,6390.7016,266.2792,0.00163983,0.00157424,266.2792,6390.7016,0.00157424,266.2792,266.2792,266.2792,0.0000,0.0000,6390.7016,0.00157424,798.8377,767.3102,5858.1432,5889.6706,0.00144305,0.00145082,0.00006559,418.2083,379.7376,0.6869,61.6387,1.8384,37588.4109,89.7407,538.3845,395.5999,218.4789,430.6076,432.5446,432.5446,1046.441,1081.3617,427.0584,0.0,2.43015,2.511246,0.971205,30,216,96,2,0.20383968,0.00163983,-0.01249836,0E-8,0.000000,0.906607,0.000000,0.01775797,2026-03-22,2026-08-06,108,3621,2443,138,0.782609,1.360932,1.287360,0.679466,,,,,,,,GLOBAL_BASELINE_NO_ENTITY_RANKING,,,NOT_APPLICABLE_GLOBAL_BASELINE,HF9g-P5,,,,X 全窗基线 · 不参与实体赏罚,14198193,1420,A168_HF9F_20260827_0900,2026-08-27 09:00:00
2026-04-23,57024343,1710,0,2154.4759237316,-2154.4759237316,-2154.4759237316,0E-7,1,1,0.50665070000000000,0.506650700000,-1.013391052207602,-1.013391052207602,-1.013391052207602,0E-17,ELIGIBLE,R03b_20260811_FULL_v1,L1_ELIGIBILITY,v2026-08-11,2026-03-21..2026-08-06,baccarat_bet02_101_all_pairs_incl_sentinel,round_win = game_pnl > 0 (decisive only),COMPATIBILITY_ONLY_NOT_PRODUCTION,4059548.3812,3680416.6879,6656.9809,9707,9692,-0.00163983,0.01249836,-0.00525961,-0.00163983,-6656.9809,4059548.3812,OK,0.0000,266.2792,4.0000,96.0000,AG03-UNRESOLVED,ALL5_LEVELS_bet23_to_bet27,266.2792,266.2792,266.2792,0.0000,0.0000,4.000000,4.000000,4.000000,0.000000,0.000000,96.000000,96.000000,96.000000,100.000000,100.000000,5.0,798.8377,767.3102,5858.1432,5889.6706,PENDING_AG03,FALSE,NOT_FOR_ENFORCEMENT,6390.7016,3533200.0204,6656.9809,6390.7016,266.2792,0.00163983,0.00157424,266.2792,6390.7016,0.00157424,266.2792,266.2792,266.2792,0.0000,0.0000,6390.7016,0.00157424,798.8377,767.3102,5858.1432,5889.6706,0.00144305,0.00145082,0.00006559,418.2083,379.7376,0.6869,61.6387,1.8384,37588.4109,89.7407,538.3845,395.5999,218.4789,430.6076,432.5446,432.5446,1046.441,1081.3617,427.0584,0.0,2.43015,2.511246,0.971205,30,216,96,2,0.20383968,0.00163983,-0.01249836,0E-8,0.000000,0.906607,0.000000,0.01775797,2026-03-22,2026-08-06,108,3621,2443,138,0.782609,1.360932,1.287360,0.679466,,,,,,,,GLOBAL_BASELINE_NO_ENTITY_RANKING,,,NOT_APPLICABLE_GLOBAL_BASELINE,HF9g-P5,,,,X 全窗基线 · 不参与实体赏罚,14198194,1420,A168_HF9F_20260827_0900,2026-08-27 09:00:00
2026-04-23,57024343,2224,0,2154.4759237316,0E-10,0E-10,,1,1,0.50665070000000000,0.506650700000,,,,0E-17,NO_DECISIVE_ROUND,R03b_20260811_FULL_v1,L1_ELIGIBILITY,v2026-08-11,2026-03-21..2026-08-06,baccarat_bet02_101_all_pairs_incl_sentinel,round_win = game_pnl > 0 (decisive only),COMPATIBILITY_ONLY_NOT_PRODUCTION,4059548.3812,3680416.6879,6656.9809,9707,9692,-0.00163983,0.01249836,-0.00525961,-0.00163983,-6656.9809,4059548.3812,OK,0.0000,266.2792,4.0000,96.0000,AG03-UNRESOLVED,ALL5_LEVELS_bet23_to_bet27,266.2792,266.2792,266.2792,0.0000,0.0000,4.000000,4.000000,4.000000,0.000000,0.000000,96.000000,96.000000,96.000000,100.000000,100.000000,5.0,798.8377,767.3102,5858.1432,5889.6706,PENDING_AG03,FALSE,NOT_FOR_ENFORCEMENT,6390.7016,3533200.0204,6656.9809,6390.7016,266.2792,0.00163983,0.00157424,266.2792,6390.7016,0.00157424,266.2792,266.2792,266.2792,0.0000,0.0000,6390.7016,0.00157424,798.8377,767.3102,5858.1432,5889.6706,0.00144305,0.00145082,0.00006559,418.2083,379.7376,0.6869,61.6387,1.8384,37588.4109,89.7407,538.3845,395.5999,218.4789,430.6076,432.5446,432.5446,1046.441,1081.3617,427.0584,0.0,2.43015,2.511246,0.971205,30,216,96,2,0.20383968,0.00163983,-0.01249836,0E-8,0.000000,0.906607,0.000000,0.01775797,2026-03-22,2026-08-06,108,3621,2443,138,0.782609,1.360932,1.287360,0.679466,,,,,,,,GLOBAL_BASELINE_NO_ENTITY_RANKING,,,NOT_APPLICABLE_GLOBAL_BASELINE,HF9g-P5,,,,X 全窗基线 · 不参与实体赏罚,14198195,1420,A168_HF9F_20260827_0900,2026-08-27 09:00:00
2026-04-23,57024343,2256,0,2154.4759237316,0E-10,0E-10,,1,1,0.50665070000000000,0.506650700000,,,,0E-17,NO_DECISIVE_ROUND,R03b_20260811_FULL_v1,L1_ELIGIBILITY,v2026-08-11,2026-03-21..2026-08-06,baccarat_bet02_101_all_pairs_incl_sentinel,round_win = game_pnl > 0 (decisive only),COMPATIBILITY_ONLY_NOT_PRODUCTION,4059548.3812,3680416.6879,6656.9809,9707,9692,-0.00163983,0.01249836,-0.00525961,-0.00163983,-6656.9809,4059548.3812,OK,0.0000,266.2792,4.0000,96.0000,AG03-UNRESOLVED,ALL5_LEVELS_bet23_to_bet27,266.2792,266.2792,266.2792,0.0000,0.0000,4.000000,4.000000,4.000000,0.000000,0.000000,96.000000,96.000000,96.000000,100.000000,100.000000,5.0,798.8377,767.3102,5858.1432,5889.6706,PENDING_AG03,FALSE,NOT_FOR_ENFORCEMENT,6390.7016,3533200.0204,6656.9809,6390.7016,266.2792,0.00163983,0.00157424,266.2792,6390.7016,0.00157424,266.2792,266.2792,266.2792,0.0000,0.0000,6390.7016,0.00157424,798.8377,767.3102,5858.1432,5889.6706,0.00144305,0.00145082,0.00006559,418.2083,379.7376,0.6869,61.6387,1.8384,37588.4109,89.7407,538.3845,395.5999,218.4789,430.6076,432.5446,432.5446,1046.441,1081.3617,427.0584,0.0,2.43015,2.511246,0.971205,30,216,96,2,0.20383968,0.00163983,-0.01249836,0E-8,0.000000,0.906607,0.000000,0.01775797,2026-03-22,2026-08-06,108,3621,2443,138,0.782609,1.360932,1.287360,0.679466,,,,,,,,GLOBAL_BASELINE_NO_ENTITY_RANKING,,,NOT_APPLICABLE_GLOBAL_BASELINE,HF9g-P5,,,,X 全窗基线 · 不参与实体赏罚,14198196,1420,A168_HF9F_20260827_0900,2026-08-27 09:00:00
2026-04-23,57024343,550,0,6463.4277711948,-107.7237961866,-107.7237961866,0.5000000,3,3,0.50665070000000000,0.506650700000,-0.018812684590367487,-0.018812684590367487,-0.018812684590367487,0E-17,ELIGIBLE,R03b_20260811_FULL_v1,L1_ELIGIBILITY,v2026-08-11,2026-03-21..2026-08-06,baccarat_bet02_101_all_pairs_incl_sentinel,round_win = game_pnl > 0 (decisive only),COMPATIBILITY_ONLY_NOT_PRODUCTION,4059548.3812,3680416.6879,6656.9809,9707,9692,-0.00163983,0.01249836,-0.00525961,-0.00163983,-6656.9809,4059548.3812,OK,0.0000,266.2792,4.0000,96.0000,AG03-UNRESOLVED,ALL5_LEVELS_bet23_to_bet27,266.2792,266.2792,266.2792,0.0000,0.0000,4.000000,4.000000,4.000000,0.000000,0.000000,96.000000,96.000000,96.000000,100.000000,100.000000,5.0,798.8377,767.3102,5858.1432,5889.6706,PENDING_AG03,FALSE,NOT_FOR_ENFORCEMENT,6390.7016,3533200.0204,6656.9809,6390.7016,266.2792,0.00163983,0.00157424,266.2792,6390.7016,0.00157424,266.2792,266.2792,266.2792,0.0000,0.0000,6390.7016,0.00157424,798.8377,767.3102,5858.1432,5889.6706,0.00144305,0.00145082,0.00006559,418.2083,379.7376,0.6869,61.6387,1.8384,37588.4109,89.7407,538.3845,395.5999,218.4789,430.6076,432.5446,432.5446,1046.441,1081.3617,427.0584,0.0,2.43015,2.511246,0.971205,30,216,96,2,0.20383968,0.00163983,-0.01249836,0E-8,0.000000,0.906607,0.000000,0.01775797,2026-03-22,2026-08-06,108,3621,2443,138,0.782609,1.360932,1.287360,0.679466,,,,,,,,GLOBAL_BASELINE_NO_ENTITY_RANKING,,,NOT_APPLICABLE_GLOBAL_BASELINE,HF9g-P5,,,,X 全窗基线 · 不参与实体赏罚,14198197,1420,A168_HF9F_20260827_0900,2026-08-27 09:00:00
2026-04-23,57024343,752,0,2154.4759237316,-2154.4759237316,-2154.4759237316,0E-7,1,1,0.50665070000000000,0.506650700000,-1.013391052207602,-1.013391052207602,-1.013391052207602,0E-17,ELIGIBLE,R03b_20260811_FULL_v1,L1_ELIGIBILITY,v2026-08-11,2026-03-21..2026-08-06,baccarat_bet02_101_all_pairs_incl_sentinel,round_win = game_pnl > 0 (decisive only),COMPATIBILITY_ONLY_NOT_PRODUCTION,4059548.3812,3680416.6879,6656.9809,9707,9692,-0.00163983,0.01249836,-0.00525961,-0.00163983,-6656.9809,4059548.3812,OK,0.0000,266.2792,4.0000,96.0000,AG03-UNRESOLVED,ALL5_LEVELS_bet23_to_bet27,266.2792,266.2792,266.2792,0.0000,0.0000,4.000000,4.000000,4.000000,0.000000,0.000000,96.000000,96.000000,96.000000,100.000000,100.000000,5.0,798.8377,767.3102,5858.1432,5889.6706,PENDING_AG03,FALSE,NOT_FOR_ENFORCEMENT,6390.7016,3533200.0204,6656.9809,6390.7016,266.2792,0.00163983,0.00157424,266.2792,6390.7016,0.00157424,266.2792,266.2792,266.2792,0.0000,0.0000,6390.7016,0.00157424,798.8377,767.3102,5858.1432,5889.6706,0.00144305,0.00145082,0.00006559,418.2083,379.7376,0.6869,61.6387,1.8384,37588.4109,89.7407,538.3845,395.5999,218.4789,430.6076,432.5446,432.5446,1046.441,1081.3617,427.0584,0.0,2.43015,2.511246,0.971205,30,216,96,2,0.20383968,0.00163983,-0.01249836,0E-8,0.000000,0.906607,0.000000,0.01775797,2026-03-22,2026-08-06,108,3621,2443,138,0.782609,1.360932,1.287360,0.679466,,,,,,,,GLOBAL_BASELINE_NO_ENTITY_RANKING,,,NOT_APPLICABLE_GLOBAL_BASELINE,HF9g-P5,,,,X 全窗基线 · 不参与实体赏罚,14198198,1420,A168_HF9F_20260827_0900,2026-08-27 09:00:00
2026-04-23,57024343,772,0,4308.9518474632,-107.7237961866,-107.7237961866,0.5000000,2,2,0.50665070000000000,0.506650700000,-0.018812684590367487,-0.018812684590367487,-0.018812684590367487,0E-17,ELIGIBLE,R03b_20260811_FULL_v1,L1_ELIGIBILITY,v2026-08-11,2026-03-21..2026-08-06,baccarat_bet02_101_all_pairs_incl_sentinel,round_win = game_pnl > 0 (decisive only),COMPATIBILITY_ONLY_NOT_PRODUCTION,4059548.3812,3680416.6879,6656.9809,9707,9692,-0.00163983,0.01249836,-0.00525961,-0.00163983,-6656.9809,4059548.3812,OK,0.0000,266.2792,4.0000,96.0000,AG03-UNRESOLVED,ALL5_LEVELS_bet23_to_bet27,266.2792,266.2792,266.2792,0.0000,0.0000,4.000000,4.000000,4.000000,0.000000,0.000000,96.000000,96.000000,96.000000,100.000000,100.000000,5.0,798.8377,767.3102,5858.1432,5889.6706,PENDING_AG03,FALSE,NOT_FOR_ENFORCEMENT,6390.7016,3533200.0204,6656.9809,6390.7016,266.2792,0.00163983,0.00157424,266.2792,6390.7016,0.00157424,266.2792,266.2792,266.2792,0.0000,0.0000,6390.7016,0.00157424,798.8377,767.3102,5858.1432,5889.6706,0.00144305,0.00145082,0.00006559,418.2083,379.7376,0.6869,61.6387,1.8384,37588.4109,89.7407,538.3845,395.5999,218.4789,430.6076,432.5446,432.5446,1046.441,1081.3617,427.0584,0.0,2.43015,2.511246,0.971205,30,216,96,2,0.20383968,0.00163983,-0.01249836,0E-8,0.000000,0.906607,0.000000,0.01775797,2026-03-22,2026-08-06,108,3621,2443,138,0.782609,1.360932,1.287360,0.679466,,,,,,,,GLOBAL_BASELINE_NO_ENTITY_RANKING,,,NOT_APPLICABLE_GLOBAL_BASELINE,HF9g-P5,,,,X 全窗基线 · 不参与实体赏罚,14198199,1420,A168_HF9F_20260827_0900,2026-08-27 09:00:00
2026-04-24,57024343,-1,1,7756.1133254352,1508.1331466116,1508.1331466116,0.6176471,36,36,0.50590596666666667,0.505905966667,1.3032047819779031,1.303204781974026,1.3032047819779031,-3.3333E-13,SENTINEL_DEALER,R03b_20260811_FULL_v1,L1_ELIGIBILITY,v2026-08-11,2026-03-21..2026-08-06,baccarat_bet02_101_all_pairs_incl_sentinel,round_win = game_pnl > 0 (decisive only),COMPATIBILITY_ONLY_NOT_PRODUCTION,4059548.3812,3680416.6879,6656.9809,9707,9692,-0.00163983,0.01249836,-0.00525961,-0.00163983,-6656.9809,4059548.3812,OK,0.0000,266.2792,4.0000,96.0000,AG03-UNRESOLVED,ALL5_LEVELS_bet23_to_bet27,266.2792,266.2792,266.2792,0.0000,0.0000,4.000000,4.000000,4.000000,0.000000,0.000000,96.000000,96.000000,96.000000,100.000000,100.000000,5.0,798.8377,767.3102,5858.1432,5889.6706,PENDING_AG03,FALSE,NOT_FOR_ENFORCEMENT,6390.7016,3533200.0204,6656.9809,6390.7016,266.2792,0.00163983,0.00157424,266.2792,6390.7016,0.00157424,266.2792,266.2792,266.2792,0.0000,0.0000,6390.7016,0.00157424,798.8377,767.3102,5858.1432,5889.6706,0.00144305,0.00145082,0.00006559,418.2083,379.7376,0.6869,61.6387,1.8384,37588.4109,89.7407,538.3845,395.5999,218.4789,430.6076,432.5446,432.5446,1046.441,1081.3617,427.0584,0.0,2.43015,2.511246,0.971205,30,216,96,2,0.20383968,0.00163983,-0.01249836,0E-8,0.000000,0.906607,0.000000,0.01775797,2026-03-22,2026-08-06,108,3621,2443,138,0.782609,1.360932,1.287360,0.679466,,,,,,,,GLOBAL_BASELINE_NO_ENTITY_RANKING,,,NOT_APPLICABLE_GLOBAL_BASELINE,HF9g-P5,,,,X 全窗基线 · 不参与实体赏罚,14198200,1420,A168_HF9F_20260827_0900,2026-08-27 09:00:00
2026-04-24,57024343,1004,0,430.8951847464,-10.7723796187,-10.7723796187,0.5000000,2,2,0.50665070000000000,0.506650700000,-0.018812684590367487,-0.018812684590367487,-0.018812684590367487,0E-17,ELIGIBLE,R03b_20260811_FULL_v1,L1_ELIGIBILITY,v2026-08-11,2026-03-21..2026-08-06,baccarat_bet02_101_all_pairs_incl_sentinel,round_win = game_pnl > 0 (decisive only),COMPATIBILITY_ONLY_NOT_PRODUCTION,4059548.3812,3680416.6879,6656.9809,9707,9692,-0.00163983,0.01249836,-0.00525961,-0.00163983,-6656.9809,4059548.3812,OK,0.0000,266.2792,4.0000,96.0000,AG03-UNRESOLVED,ALL5_LEVELS_bet23_to_bet27,266.2792,266.2792,266.2792,0.0000,0.0000,4.000000,4.000000,4.000000,0.000000,0.000000,96.000000,96.000000,96.000000,100.000000,100.000000,5.0,798.8377,767.3102,5858.1432,5889.6706,PENDING_AG03,FALSE,NOT_FOR_ENFORCEMENT,6390.7016,3533200.0204,6656.9809,6390.7016,266.2792,0.00163983,0.00157424,266.2792,6390.7016,0.00157424,266.2792,266.2792,266.2792,0.0000,0.0000,6390.7016,0.00157424,798.8377,767.3102,5858.1432,5889.6706,0.00144305,0.00145082,0.00006559,418.2083,379.7376,0.6869,61.6387,1.8384,37588.4109,89.7407,538.3845,395.5999,218.4789,430.6076,432.5446,432.5446,1046.441,1081.3617,427.0584,0.0,2.43015,2.511246,0.971205,30,216,96,2,0.20383968,0.00163983,-0.01249836,0E-8,0.000000,0.906607,0.000000,0.01775797,2026-03-22,2026-08-06,108,3621,2443,138,0.782609,1.360932,1.287360,0.679466,,,,,,,,GLOBAL_BASELINE_NO_ENTITY_RANKING,,,NOT_APPLICABLE_GLOBAL_BASELINE,HF9g-P5,,,,X 全窗基线 · 不参与实体赏罚,14198201,1420,A168_HF9F_20260827_0900,2026-08-27 09:00:00
2026-04-24,57024343,1017,0,1077.2379618660,183.1304535171,183.1304535171,0.6000000,5,5,0.50665070000000000,0.506650700000,0.4175076967804994,0.4175076967804994,0.4175076967804994,0E-17,ELIGIBLE,R03b_20260811_FULL_v1,L1_ELIGIBILITY,v2026-08-11,2026-03-21..2026-08-06,baccarat_bet02_101_all_pairs_incl_sentinel,round_win = game_pnl > 0 (decisive only),COMPATIBILITY_ONLY_NOT_PRODUCTION,4059548.3812,3680416.6879,6656.9809,9707,9692,-0.00163983,0.01249836,-0.00525961,-0.00163983,-6656.9809,4059548.3812,OK,0.0000,266.2792,4.0000,96.0000,AG03-UNRESOLVED,ALL5_LEVELS_bet23_to_bet27,266.2792,266.2792,266.2792,0.0000,0.0000,4.000000,4.000000,4.000000,0.000000,0.000000,96.000000,96.000000,96.000000,100.000000,100.000000,5.0,798.8377,767.3102,5858.1432,5889.6706,PENDING_AG03,FALSE,NOT_FOR_ENFORCEMENT,6390.7016,3533200.0204,6656.9809,6390.7016,266.2792,0.00163983,0.00157424,266.2792,6390.7016,0.00157424,266.2792,266.2792,266.2792,0.0000,0.0000,6390.7016,0.00157424,798.8377,767.3102,5858.1432,5889.6706,0.00144305,0.00145082,0.00006559,418.2083,379.7376,0.6869,61.6387,1.8384,37588.4109,89.7407,538.3845,395.5999,218.4789,430.6076,432.5446,432.5446,1046.441,1081.3617,427.0584,0.0,2.43015,2.511246,0.971205,30,216,96,2,0.20383968,0.00163983,-0.01249836,0E-8,0.000000,0.906607,0.000000,0.01775797,2026-03-22,2026-08-06,108,3621,2443,138,0.782609,1.360932,1.287360,0.679466,,,,,,,,GLOBAL_BASELINE_NO_ENTITY_RANKING,,,NOT_APPLICABLE_GLOBAL_BASELINE,HF9g-P5,,,,X 全窗基线 · 不参与实体赏罚,14198202,1420,A168_HF9F_20260827_0900,2026-08-27 09:00:00
2026-04-24,57024343,1094,0,215.4475923732,-215.4475923732,-215.4475923732,0E-7,1,1,0.50665070000000000,0.506650700000,-1.013391052207602,-1.013391052207602,-1.013391052207602,0E-17,ELIGIBLE,R03b_20260811_FULL_v1,L1_ELIGIBILITY,v2026-08-11,2026-03-21..2026-08-06,baccarat_bet02_101_all_pairs_incl_sentinel,round_win = game_pnl > 0 (decisive only),COMPATIBILITY_ONLY_NOT_PRODUCTION,4059548.3812,3680416.6879,6656.9809,9707,9692,-0.00163983,0.01249836,-0.00525961,-0.00163983,-6656.9809,4059548.3812,OK,0.0000,266.2792,4.0000,96.0000,AG03-UNRESOLVED,ALL5_LEVELS_bet23_to_bet27,266.2792,266.2792,266.2792,0.0000,0.0000,4.000000,4.000000,4.000000,0.000000,0.000000,96.000000,96.000000,96.000000,100.000000,100.000000,5.0,798.8377,767.3102,5858.1432,5889.6706,PENDING_AG03,FALSE,NOT_FOR_ENFORCEMENT,6390.7016,3533200.0204,6656.9809,6390.7016,266.2792,0.00163983,0.00157424,266.2792,6390.7016,0.00157424,266.2792,266.2792,266.2792,0.0000,0.0000,6390.7016,0.00157424,798.8377,767.3102,5858.1432,5889.6706,0.00144305,0.00145082,0.00006559,418.2083,379.7376,0.6869,61.6387,1.8384,37588.4109,89.7407,538.3845,395.5999,218.4789,430.6076,432.5446,432.5446,1046.441,1081.3617,427.0584,0.0,2.43015,2.511246,0.971205,30,216,96,2,0.20383968,0.00163983,-0.01249836,0E-8,0.000000,0.906607,0.000000,0.01775797,2026-03-22,2026-08-06,108,3621,2443,138,0.782609,1.360932,1.287360,0.679466,,,,,,,,GLOBAL_BASELINE_NO_ENTITY_RANKING,,,NOT_APPLICABLE_GLOBAL_BASELINE,HF9g-P5,,,,X 全窗基线 · 不参与实体赏罚,14198203,1420,A168_HF9F_20260827_0900,2026-08-27 09:00:00
2026-04-24,57024343,1109,0,215.4475923732,-215.4475923732,-215.4475923732,0E-7,1,1,0.50665070000000000,0.506650700000,-1.013391052207602,-1.013391052207602,-1.013391052207602,0E-17,ELIGIBLE,R03b_20260811_FULL_v1,L1_ELIGIBILITY,v2026-08-11,2026-03-21..2026-08-06,baccarat_bet02_101_all_pairs_incl_sentinel,round_win = game_pnl > 0 (decisive only),COMPATIBILITY_ONLY_NOT_PRODUCTION,4059548.3812,3680416.6879,6656.9809,9707,9692,-0.00163983,0.01249836,-0.00525961,-0.00163983,-6656.9809,4059548.3812,OK,0.0000,266.2792,4.0000,96.0000,AG03-UNRESOLVED,ALL5_LEVELS_bet23_to_bet27,266.2792,266.2792,266.2792,0.0000,0.0000,4.000000,4.000000,4.000000,0.000000,0.000000,96.000000,96.000000,96.000000,100.000000,100.000000,5.0,798.8377,767.3102,5858.1432,5889.6706,PENDING_AG03,FALSE,NOT_FOR_ENFORCEMENT,6390.7016,3533200.0204,6656.9809,6390.7016,266.2792,0.00163983,0.00157424,266.2792,6390.7016,0.00157424,266.2792,266.2792,266.2792,0.0000,0.0000,6390.7016,0.00157424,798.8377,767.3102,5858.1432,5889.6706,0.00144305,0.00145082,0.00006559,418.2083,379.7376,0.6869,61.6387,1.8384,37588.4109,89.7407,538.3845,395.5999,218.4789,430.6076,432.5446,432.5446,1046.441,1081.3617,427.0584,0.0,2.43015,2.511246,0.971205,30,216,96,2,0.20383968,0.00163983,-0.01249836,0E-8,0.000000,0.906607,0.000000,0.01775797,2026-03-22,2026-08-06,108,3621,2443,138,0.782609,1.360932,1.287360,0.679466,,,,,,,,GLOBAL_BASELINE_NO_ENTITY_RANKING,,,NOT_APPLICABLE_GLOBAL_BASELINE,HF9g-P5,,,,X 全窗基线 · 不参与实体赏罚,14198204,1420,A168_HF9F_20260827_0900,2026-08-27 09:00:00
2026-04-24,57024343,1151,0,215.4475923732,-215.4475923732,-215.4475923732,0E-7,1,1,0.50665070000000000,0.506650700000,-1.013391052207602,-1.013391052207602,-1.013391052207602,0E-17,ELIGIBLE,R03b_20260811_FULL_v1,L1_ELIGIBILITY,v2026-08-11,2026-03-21..2026-08-06,baccarat_bet02_101_all_pairs_incl_sentinel,round_win = game_pnl > 0 (decisive only),COMPATIBILITY_ONLY_NOT_PRODUCTION,4059548.3812,3680416.6879,6656.9809,9707,9692,-0.00163983,0.01249836,-0.00525961,-0.00163983,-6656.9809,4059548.3812,OK,0.0000,266.2792,4.0000,96.0000,AG03-UNRESOLVED,ALL5_LEVELS_bet23_to_bet27,266.2792,266.2792,266.2792,0.0000,0.0000,4.000000,4.000000,4.000000,0.000000,0.000000,96.000000,96.000000,96.000000,100.000000,100.000000,5.0,798.8377,767.3102,5858.1432,5889.6706,PENDING_AG03,FALSE,NOT_FOR_ENFORCEMENT,6390.7016,3533200.0204,6656.9809,6390.7016,266.2792,0.00163983,0.00157424,266.2792,6390.7016,0.00157424,266.2792,266.2792,266.2792,0.0000,0.0000,6390.7016,0.00157424,798.8377,767.3102,5858.1432,5889.6706,0.00144305,0.00145082,0.00006559,418.2083,379.7376,0.6869,61.6387,1.8384,37588.4109,89.7407,538.3845,395.5999,218.4789,430.6076,432.5446,432.5446,1046.441,1081.3617,427.0584,0.0,2.43015,2.511246,0.971205,30,216,96,2,0.20383968,0.00163983,-0.01249836,0E-8,0.000000,0.906607,0.000000,0.01775797,2026-03-22,2026-08-06,108,3621,2443,138,0.782609,1.360932,1.287360,0.679466,,,,,,,,GLOBAL_BASELINE_NO_ENTITY_RANKING,,,NOT_APPLICABLE_GLOBAL_BASELINE,HF9g-P5,,,,X 全窗基线 · 不参与实体赏罚,14198205,1420,A168_HF9F_20260827_0900,2026-08-27 09:00:00
2026-04-24,57024343,1299,0,430.8951847464,430.8951847464,430.8951847464,1.0000000,2,2,0.49324550000000000,0.493245500000,1.4334489766152358,1.4334489766152358,1.4334489766152358,0E-17,ELIGIBLE,R03b_20260811_FULL_v1,L1_ELIGIBILITY,v2026-08-11,2026-03-21..2026-08-06,baccarat_bet02_101_all_pairs_incl_sentinel,round_win = game_pnl > 0 (decisive only),COMPATIBILITY_ONLY_NOT_PRODUCTION,4059548.3812,3680416.6879,6656.9809,9707,9692,-0.00163983,0.01249836,-0.00525961,-0.00163983,-6656.9809,4059548.3812,OK,0.0000,266.2792,4.0000,96.0000,AG03-UNRESOLVED,ALL5_LEVELS_bet23_to_bet27,266.2792,266.2792,266.2792,0.0000,0.0000,4.000000,4.000000,4.000000,0.000000,0.000000,96.000000,96.000000,96.000000,100.000000,100.000000,5.0,798.8377,767.3102,5858.1432,5889.6706,PENDING_AG03,FALSE,NOT_FOR_ENFORCEMENT,6390.7016,3533200.0204,6656.9809,6390.7016,266.2792,0.00163983,0.00157424,266.2792,6390.7016,0.00157424,266.2792,266.2792,266.2792,0.0000,0.0000,6390.7016,0.00157424,798.8377,767.3102,5858.1432,5889.6706,0.00144305,0.00145082,0.00006559,418.2083,379.7376,0.6869,61.6387,1.8384,37588.4109,89.7407,538.3845,395.5999,218.4789,430.6076,432.5446,432.5446,1046.441,1081.3617,427.0584,0.0,2.43015,2.511246,0.971205,30,216,96,2,0.20383968,0.00163983,-0.01249836,0E-8,0.000000,0.906607,0.000000,0.01775797,2026-03-22,2026-08-06,108,3621,2443,138,0.782609,1.360932,1.287360,0.679466,,,,,,,,GLOBAL_BASELINE_NO_ENTITY_RANKING,,,NOT_APPLICABLE_GLOBAL_BASELINE,HF9g-P5,,,,X 全窗基线 · 不参与实体赏罚,14198206,1420,A168_HF9F_20260827_0900,2026-08-27 09:00:00
2026-04-24,57024343,1318,0,861.7903694928,193.9028331358,193.9028331358,0.6666667,4,4,0.50665070000000000,0.506650700000,0.5543606114942035,0.5543606114942035,0.5543606114942035,0E-17,ELIGIBLE,R03b_20260811_FULL_v1,L1_ELIGIBILITY,v2026-08-11,2026-03-21..2026-08-06,baccarat_bet02_101_all_pairs_incl_sentinel,round_win = game_pnl > 0 (decisive only),COMPATIBILITY_ONLY_NOT_PRODUCTION,4059548.3812,3680416.6879,6656.9809,9707,9692,-0.00163983,0.01249836,-0.00525961,-0.00163983,-6656.9809,4059548.3812,OK,0.0000,266.2792,4.0000,96.0000,AG03-UNRESOLVED,ALL5_LEVELS_bet23_to_bet27,266.2792,266.2792,266.2792,0.0000,0.0000,4.000000,4.000000,4.000000,0.000000,0.000000,96.000000,96.000000,96.000000,100.000000,100.000000,5.0,798.8377,767.3102,5858.1432,5889.6706,PENDING_AG03,FALSE,NOT_FOR_ENFORCEMENT,6390.7016,3533200.0204,6656.9809,6390.7016,266.2792,0.00163983,0.00157424,266.2792,6390.7016,0.00157424,266.2792,266.2792,266.2792,0.0000,0.0000,6390.7016,0.00157424,798.8377,767.3102,5858.1432,5889.6706,0.00144305,0.00145082,0.00006559,418.2083,379.7376,0.6869,61.6387,1.8384,37588.4109,89.7407,538.3845,395.5999,218.4789,430.6076,432.5446,432.5446,1046.441,1081.3617,427.0584,0.0,2.43015,2.511246,0.971205,30,216,96,2,0.20383968,0.00163983,-0.01249836,0E-8,0.000000,0.906607,0.000000,0.01775797,2026-03-22,2026-08-06,108,3621,2443,138,0.782609,1.360932,1.287360,0.679466,,,,,,,,GLOBAL_BASELINE_NO_ENTITY_RANKING,,,NOT_APPLICABLE_GLOBAL_BASELINE,HF9g-P5,,,,X 全窗基线 · 不参与实体赏罚,14198207,1420,A168_HF9F_20260827_0900,2026-08-27 09:00:00
2026-04-24,57024343,1400,0,861.7903694927,409.3504255090,409.3504255090,1.0000000,3,3,0.50665070000000000,0.506650700000,1.3955260008387969,1.3955260008387969,1.3955260008387969,0E-17,ELIGIBLE,R03b_20260811_FULL_v1,L1_ELIGIBILITY,v2026-08-11,2026-03-21..2026-08-06,baccarat_bet02_101_all_pairs_incl_sentinel,round_win = game_pnl > 0 (decisive only),COMPATIBILITY_ONLY_NOT_PRODUCTION,4059548.3812,3680416.6879,6656.9809,9707,9692,-0.00163983,0.01249836,-0.00525961,-0.00163983,-6656.9809,4059548.3812,OK,0.0000,266.2792,4.0000,96.0000,AG03-UNRESOLVED,ALL5_LEVELS_bet23_to_bet27,266.2792,266.2792,266.2792,0.0000,0.0000,4.000000,4.000000,4.000000,0.000000,0.000000,96.000000,96.000000,96.000000,100.000000,100.000000,5.0,798.8377,767.3102,5858.1432,5889.6706,PENDING_AG03,FALSE,NOT_FOR_ENFORCEMENT,6390.7016,3533200.0204,6656.9809,6390.7016,266.2792,0.00163983,0.00157424,266.2792,6390.7016,0.00157424,266.2792,266.2792,266.2792,0.0000,0.0000,6390.7016,0.00157424,798.8377,767.3102,5858.1432,5889.6706,0.00144305,0.00145082,0.00006559,418.2083,379.7376,0.6869,61.6387,1.8384,37588.4109,89.7407,538.3845,395.5999,218.4789,430.6076,432.5446,432.5446,1046.441,1081.3617,427.0584,0.0,2.43015,2.511246,0.971205,30,216,96,2,0.20383968,0.00163983,-0.01249836,0E-8,0.000000,0.906607,0.000000,0.01775797,2026-03-22,2026-08-06,108,3621,2443,138,0.782609,1.360932,1.287360,0.679466,,,,,,,,GLOBAL_BASELINE_NO_ENTITY_RANKING,,,NOT_APPLICABLE_GLOBAL_BASELINE,HF9g-P5,,,,X 全窗基线 · 不参与实体赏罚,14198208,1420,A168_HF9F_20260827_0900,2026-08-27 09:00:00
2026-04-24,57024343,1485,0,646.3427771196,-226.2199719919,-226.2199719919,0.3333333,3,3,0.50665070000000000,0.506650700000,-0.6004420894325239,-0.6004420894325239,-0.6004420894325239,0E-17,ELIGIBLE,R03b_20260811_FULL_v1,L1_ELIGIBILITY,v2026-08-11,2026-03-21..2026-08-06,baccarat_bet02_101_all_pairs_incl_sentinel,round_win = game_pnl > 0 (decisive only),COMPATIBILITY_ONLY_NOT_PRODUCTION,4059548.3812,3680416.6879,6656.9809,9707,9692,-0.00163983,0.01249836,-0.00525961,-0.00163983,-6656.9809,4059548.3812,OK,0.0000,266.2792,4.0000,96.0000,AG03-UNRESOLVED,ALL5_LEVELS_bet23_to_bet27,266.2792,266.2792,266.2792,0.0000,0.0000,4.000000,4.000000,4.000000,0.000000,0.000000,96.000000,96.000000,96.000000,100.000000,100.000000,5.0,798.8377,767.3102,5858.1432,5889.6706,PENDING_AG03,FALSE,NOT_FOR_ENFORCEMENT,6390.7016,3533200.0204,6656.9809,6390.7016,266.2792,0.00163983,0.00157424,266.2792,6390.7016,0.00157424,266.2792,266.2792,266.2792,0.0000,0.0000,6390.7016,0.00157424,798.8377,767.3102,5858.1432,5889.6706,0.00144305,0.00145082,0.00006559,418.2083,379.7376,0.6869,61.6387,1.8384,37588.4109,89.7407,538.3845,395.5999,218.4789,430.6076,432.5446,432.5446,1046.441,1081.3617,427.0584,0.0,2.43015,2.511246,0.971205,30,216,96,2,0.20383968,0.00163983,-0.01249836,0E-8,0.000000,0.906607,0.000000,0.01775797,2026-03-22,2026-08-06,108,3621,2443,138,0.782609,1.360932,1.287360,0.679466,,,,,,,,GLOBAL_BASELINE_NO_ENTITY_RANKING,,,NOT_APPLICABLE_GLOBAL_BASELINE,HF9g-P5,,,,X 全窗基线 · 不参与实体赏罚,14198209,1420,A168_HF9F_20260827_0900,2026-08-27 09:00:00
2026-04-24,57024343,1505,0,1939.0283313588,1001.8313045351,1001.8313045351,0.7777778,9,9,0.50665070000000000,0.506650700000,1.6269063950638647,1.6269063950638647,1.6269063950638647,0E-17,ELIGIBLE,R03b_20260811_FULL_v1,L1_ELIGIBILITY,v2026-08-11,2026-03-21..2026-08-06,baccarat_bet02_101_all_pairs_incl_sentinel,round_win = game_pnl > 0 (decisive only),COMPATIBILITY_ONLY_NOT_PRODUCTION,4059548.3812,3680416.6879,6656.9809,9707,9692,-0.00163983,0.01249836,-0.00525961,-0.00163983,-6656.9809,4059548.3812,OK,0.0000,266.2792,4.0000,96.0000,AG03-UNRESOLVED,ALL5_LEVELS_bet23_to_bet27,266.2792,266.2792,266.2792,0.0000,0.0000,4.000000,4.000000,4.000000,0.000000,0.000000,96.000000,96.000000,96.000000,100.000000,100.000000,5.0,798.8377,767.3102,5858.1432,5889.6706,PENDING_AG03,FALSE,NOT_FOR_ENFORCEMENT,6390.7016,3533200.0204,6656.9809,6390.7016,266.2792,0.00163983,0.00157424,266.2792,6390.7016,0.00157424,266.2792,266.2792,266.2792,0.0000,0.0000,6390.7016,0.00157424,798.8377,767.3102,5858.1432,5889.6706,0.00144305,0.00145082,0.00006559,418.2083,379.7376,0.6869,61.6387,1.8384,37588.4109,89.7407,538.3845,395.5999,218.4789,430.6076,432.5446,432.5446,1046.441,1081.3617,427.0584,0.0,2.43015,2.511246,0.971205,30,216,96,2,0.20383968,0.00163983,-0.01249836,0E-8,0.000000,0.906607,0.000000,0.01775797,2026-03-22,2026-08-06,108,3621,2443,138,0.782609,1.360932,1.287360,0.679466,,,,,,,,GLOBAL_BASELINE_NO_ENTITY_RANKING,,,NOT_APPLICABLE_GLOBAL_BASELINE,HF9g-P5,,,,X 全窗基线 · 不参与实体赏罚,14198210,1420,A168_HF9F_20260827_0900,2026-08-27 09:00:00
2026-04-24,57024343,1654,0,430.8951847464,420.1228051277,420.1228051277,1.0000000,2,2,0.49994810000000000,0.499948100000,1.4143603653603398,1.4143603653603398,1.4143603653603398,0E-17,ELIGIBLE,R03b_20260811_FULL_v1,L1_ELIGIBILITY,v2026-08-11,2026-03-21..2026-08-06,baccarat_bet02_101_all_pairs_incl_sentinel,round_win = game_pnl > 0 (decisive only),COMPATIBILITY_ONLY_NOT_PRODUCTION,4059548.3812,3680416.6879,6656.9809,9707,9692,-0.00163983,0.01249836,-0.00525961,-0.00163983,-6656.9809,4059548.3812,OK,0.0000,266.2792,4.0000,96.0000,AG03-UNRESOLVED,ALL5_LEVELS_bet23_to_bet27,266.2792,266.2792,266.2792,0.0000,0.0000,4.000000,4.000000,4.000000,0.000000,0.000000,96.000000,96.000000,96.000000,100.000000,100.000000,5.0,798.8377,767.3102,5858.1432,5889.6706,PENDING_AG03,FALSE,NOT_FOR_ENFORCEMENT,6390.7016,3533200.0204,6656.9809,6390.7016,266.2792,0.00163983,0.00157424,266.2792,6390.7016,0.00157424,266.2792,266.2792,266.2792,0.0000,0.0000,6390.7016,0.00157424,798.8377,767.3102,5858.1432,5889.6706,0.00144305,0.00145082,0.00006559,418.2083,379.7376,0.6869,61.6387,1.8384,37588.4109,89.7407,538.3845,395.5999,218.4789,430.6076,432.5446,432.5446,1046.441,1081.3617,427.0584,0.0,2.43015,2.511246,0.971205,30,216,96,2,0.20383968,0.00163983,-0.01249836,0E-8,0.000000,0.906607,0.000000,0.01775797,2026-03-22,2026-08-06,108,3621,2443,138,0.782609,1.360932,1.287360,0.679466,,,,,,,,GLOBAL_BASELINE_NO_ENTITY_RANKING,,,NOT_APPLICABLE_GLOBAL_BASELINE,HF9g-P5,,,,X 全窗基线 · 不参与实体赏罚,14198211,1420,A168_HF9F_20260827_0900,2026-08-27 09:00:00
2026-04-24,57024343,1702,0,215.4475923732,204.6752127545,204.6752127545,1.0000000,1,1,0.50665070000000000,0.506650700000,0.9867858985152569,0.9867858985152569,0.9867858985152569,0E-17,ELIGIBLE,R03b_20260811_FULL_v1,L1_ELIGIBILITY,v2026-08-11,2026-03-21..2026-08-06,baccarat_bet02_101_all_pairs_incl_sentinel,round_win = game_pnl > 0 (decisive only),COMPATIBILITY_ONLY_NOT_PRODUCTION,4059548.3812,3680416.6879,6656.9809,9707,9692,-0.00163983,0.01249836,-0.00525961,-0.00163983,-6656.9809,4059548.3812,OK,0.0000,266.2792,4.0000,96.0000,AG03-UNRESOLVED,ALL5_LEVELS_bet23_to_bet27,266.2792,266.2792,266.2792,0.0000,0.0000,4.000000,4.000000,4.000000,0.000000,0.000000,96.000000,96.000000,96.000000,100.000000,100.000000,5.0,798.8377,767.3102,5858.1432,5889.6706,PENDING_AG03,FALSE,NOT_FOR_ENFORCEMENT,6390.7016,3533200.0204,6656.9809,6390.7016,266.2792,0.00163983,0.00157424,266.2792,6390.7016,0.00157424,266.2792,266.2792,266.2792,0.0000,0.0000,6390.7016,0.00157424,798.8377,767.3102,5858.1432,5889.6706,0.00144305,0.00145082,0.00006559,418.2083,379.7376,0.6869,61.6387,1.8384,37588.4109,89.7407,538.3845,395.5999,218.4789,430.6076,432.5446,432.5446,1046.441,1081.3617,427.0584,0.0,2.43015,2.511246,0.971205,30,216,96,2,0.20383968,0.00163983,-0.01249836,0E-8,0.000000,0.906607,0.000000,0.01775797,2026-03-22,2026-08-06,108,3621,2443,138,0.782609,1.360932,1.287360,0.679466,,,,,,,,GLOBAL_BASELINE_NO_ENTITY_RANKING,,,NOT_APPLICABLE_GLOBAL_BASELINE,HF9g-P5,,,,X 全窗基线 · 不参与实体赏罚,14198212,1420,A168_HF9F_20260827_0900,2026-08-27 09:00:00
2026-04-24,57024343,1941,0,430.8951847464,-430.8951847464,-430.8951847464,0E-7,2,2,0.50665070000000000,0.506650700000,-1.4331513700195317,-1.4331513700195317,-1.4331513700195317,0E-17,ELIGIBLE,R03b_20260811_FULL_v1,L1_ELIGIBILITY,v2026-08-11,2026-03-21..2026-08-06,baccarat_bet02_101_all_pairs_incl_sentinel,round_win = game_pnl > 0 (decisive only),COMPATIBILITY_ONLY_NOT_PRODUCTION,4059548.3812,3680416.6879,6656.9809,9707,9692,-0.00163983,0.01249836,-0.00525961,-0.00163983,-6656.9809,4059548.3812,OK,0.0000,266.2792,4.0000,96.0000,AG03-UNRESOLVED,ALL5_LEVELS_bet23_to_bet27,266.2792,266.2792,266.2792,0.0000,0.0000,4.000000,4.000000,4.000000,0.000000,0.000000,96.000000,96.000000,96.000000,100.000000,100.000000,5.0,798.8377,767.3102,5858.1432,5889.6706,PENDING_AG03,FALSE,NOT_FOR_ENFORCEMENT,6390.7016,3533200.0204,6656.9809,6390.7016,266.2792,0.00163983,0.00157424,266.2792,6390.7016,0.00157424,266.2792,266.2792,266.2792,0.0000,0.0000,6390.7016,0.00157424,798.8377,767.3102,5858.1432,5889.6706,0.00144305,0.00145082,0.00006559,418.2083,379.7376,0.6869,61.6387,1.8384,37588.4109,89.7407,538.3845,395.5999,218.4789,430.6076,432.5446,432.5446,1046.441,1081.3617,427.0584,0.0,2.43015,2.511246,0.971205,30,216,96,2,0.20383968,0.00163983,-0.01249836,0E-8,0.000000,0.906607,0.000000,0.01775797,2026-03-22,2026-08-06,108,3621,2443,138,0.782609,1.360932,1.287360,0.679466,,,,,,,,GLOBAL_BASELINE_NO_ENTITY_RANKING,,,NOT_APPLICABLE_GLOBAL_BASELINE,HF9g-P5,,,,X 全窗基线 · 不参与实体赏罚,14198213,1420,A168_HF9F_20260827_0900,2026-08-27 09:00:00
2026-04-24,57024343,1994,0,430.8951847464,-10.7723796187,-10.7723796187,0.5000000,2,2,0.50665070000000000,0.506650700000,-0.018812684590367487,-0.018812684590367487,-0.018812684590367487,0E-17,ELIGIBLE,R03b_20260811_FULL_v1,L1_ELIGIBILITY,v2026-08-11,2026-03-21..2026-08-06,baccarat_bet02_101_all_pairs_incl_sentinel,round_win = game_pnl > 0 (decisive only),COMPATIBILITY_ONLY_NOT_PRODUCTION,4059548.3812,3680416.6879,6656.9809,9707,9692,-0.00163983,0.01249836,-0.00525961,-0.00163983,-6656.9809,4059548.3812,OK,0.0000,266.2792,4.0000,96.0000,AG03-UNRESOLVED,ALL5_LEVELS_bet23_to_bet27,266.2792,266.2792,266.2792,0.0000,0.0000,4.000000,4.000000,4.000000,0.000000,0.000000,96.000000,96.000000,96.000000,100.000000,100.000000,5.0,798.8377,767.3102,5858.1432,5889.6706,PENDING_AG03,FALSE,NOT_FOR_ENFORCEMENT,6390.7016,3533200.0204,6656.9809,6390.7016,266.2792,0.00163983,0.00157424,266.2792,6390.7016,0.00157424,266.2792,266.2792,266.2792,0.0000,0.0000,6390.7016,0.00157424,798.8377,767.3102,5858.1432,5889.6706,0.00144305,0.00145082,0.00006559,418.2083,379.7376,0.6869,61.6387,1.8384,37588.4109,89.7407,538.3845,395.5999,218.4789,430.6076,432.5446,432.5446,1046.441,1081.3617,427.0584,0.0,2.43015,2.511246,0.971205,30,216,96,2,0.20383968,0.00163983,-0.01249836,0E-8,0.000000,0.906607,0.000000,0.01775797,2026-03-22,2026-08-06,108,3621,2443,138,0.782609,1.360932,1.287360,0.679466,,,,,,,,GLOBAL_BASELINE_NO_ENTITY_RANKING,,,NOT_APPLICABLE_GLOBAL_BASELINE,HF9g-P5,,,,X 全窗基线 · 不参与实体赏罚,14198214,1420,A168_HF9F_20260827_0900,2026-08-27 09:00:00
2026-04-24,57024343,2093,0,1292.6855542391,-32.3171388560,-32.3171388560,0.6000000,5,5,0.50665070000000000,0.506650700000,0.4175076967804994,0.4175076967804994,0.4175076967804994,0E-17,ELIGIBLE,R03b_20260811_FULL_v1,L1_ELIGIBILITY,v2026-08-11,2026-03-21..2026-08-06,baccarat_bet02_101_all_pairs_incl_sentinel,round_win = game_pnl > 0 (decisive only),COMPATIBILITY_ONLY_NOT_PRODUCTION,4059548.3812,3680416.6879,6656.9809,9707,9692,-0.00163983,0.01249836,-0.00525961,-0.00163983,-6656.9809,4059548.3812,OK,0.0000,266.2792,4.0000,96.0000,AG03-UNRESOLVED,ALL5_LEVELS_bet23_to_bet27,266.2792,266.2792,266.2792,0.0000,0.0000,4.000000,4.000000,4.000000,0.000000,0.000000,96.000000,96.000000,96.000000,100.000000,100.000000,5.0,798.8377,767.3102,5858.1432,5889.6706,PENDING_AG03,FALSE,NOT_FOR_ENFORCEMENT,6390.7016,3533200.0204,6656.9809,6390.7016,266.2792,0.00163983,0.00157424,266.2792,6390.7016,0.00157424,266.2792,266.2792,266.2792,0.0000,0.0000,6390.7016,0.00157424,798.8377,767.3102,5858.1432,5889.6706,0.00144305,0.00145082,0.00006559,418.2083,379.7376,0.6869,61.6387,1.8384,37588.4109,89.7407,538.3845,395.5999,218.4789,430.6076,432.5446,432.5446,1046.441,1081.3617,427.0584,0.0,2.43015,2.511246,0.971205,30,216,96,2,0.20383968,0.00163983,-0.01249836,0E-8,0.000000,0.906607,0.000000,0.01775797,2026-03-22,2026-08-06,108,3621,2443,138,0.782609,1.360932,1.287360,0.679466,,,,,,,,GLOBAL_BASELINE_NO_ENTITY_RANKING,,,NOT_APPLICABLE_GLOBAL_BASELINE,HF9g-P5,,,,X 全窗基线 · 不参与实体赏罚,14198215,1420,A168_HF9F_20260827_0900,2026-08-27 09:00:00
2026-04-24,57024343,2117,0,646.3427771196,-226.2199719919,-226.2199719919,0.3333333,3,3,0.50665070000000000,0.506650700000,-0.6004420894325239,-0.6004420894325239,-0.6004420894325239,0E-17,ELIGIBLE,R03b_20260811_FULL_v1,L1_ELIGIBILITY,v2026-08-11,2026-03-21..2026-08-06,baccarat_bet02_101_all_pairs_incl_sentinel,round_win = game_pnl > 0 (decisive only),COMPATIBILITY_ONLY_NOT_PRODUCTION,4059548.3812,3680416.6879,6656.9809,9707,9692,-0.00163983,0.01249836,-0.00525961,-0.00163983,-6656.9809,4059548.3812,OK,0.0000,266.2792,4.0000,96.0000,AG03-UNRESOLVED,ALL5_LEVELS_bet23_to_bet27,266.2792,266.2792,266.2792,0.0000,0.0000,4.000000,4.000000,4.000000,0.000000,0.000000,96.000000,96.000000,96.000000,100.000000,100.000000,5.0,798.8377,767.3102,5858.1432,5889.6706,PENDING_AG03,FALSE,NOT_FOR_ENFORCEMENT,6390.7016,3533200.0204,6656.9809,6390.7016,266.2792,0.00163983,0.00157424,266.2792,6390.7016,0.00157424,266.2792,266.2792,266.2792,0.0000,0.0000,6390.7016,0.00157424,798.8377,767.3102,5858.1432,5889.6706,0.00144305,0.00145082,0.00006559,418.2083,379.7376,0.6869,61.6387,1.8384,37588.4109,89.7407,538.3845,395.5999,218.4789,430.6076,432.5446,432.5446,1046.441,1081.3617,427.0584,0.0,2.43015,2.511246,0.971205,30,216,96,2,0.20383968,0.00163983,-0.01249836,0E-8,0.000000,0.906607,0.000000,0.01775797,2026-03-22,2026-08-06,108,3621,2443,138,0.782609,1.360932,1.287360,0.679466,,,,,,,,GLOBAL_BASELINE_NO_ENTITY_RANKING,,,NOT_APPLICABLE_GLOBAL_BASELINE,HF9g-P5,,,,X 全窗基线 · 不参与实体赏罚,14198216,1420,A168_HF9F_20260827_0900,2026-08-27 09:00:00
2026-04-24,57024343,2121,0,861.7903694928,-226.2199719919,-226.2199719919,0.3333333,4,4,0.50329940000000000,0.503299400000,-0.5887925454369916,-0.5887925454369916,-0.5887925454369916,0E-17,ELIGIBLE,R03b_20260811_FULL_v1,L1_ELIGIBILITY,v2026-08-11,2026-03-21..2026-08-06,baccarat_bet02_101_all_pairs_incl_sentinel,round_win = game_pnl > 0 (decisive only),COMPATIBILITY_ONLY_NOT_PRODUCTION,4059548.3812,3680416.6879,6656.9809,9707,9692,-0.00163983,0.01249836,-0.00525961,-0.00163983,-6656.9809,4059548.3812,OK,0.0000,266.2792,4.0000,96.0000,AG03-UNRESOLVED,ALL5_LEVELS_bet23_to_bet27,266.2792,266.2792,266.2792,0.0000,0.0000,4.000000,4.000000,4.000000,0.000000,0.000000,96.000000,96.000000,96.000000,100.000000,100.000000,5.0,798.8377,767.3102,5858.1432,5889.6706,PENDING_AG03,FALSE,NOT_FOR_ENFORCEMENT,6390.7016,3533200.0204,6656.9809,6390.7016,266.2792,0.00163983,0.00157424,266.2792,6390.7016,0.00157424,266.2792,266.2792,266.2792,0.0000,0.0000,6390.7016,0.00157424,798.8377,767.3102,5858.1432,5889.6706,0.00144305,0.00145082,0.00006559,418.2083,379.7376,0.6869,61.6387,1.8384,37588.4109,89.7407,538.3845,395.5999,218.4789,430.6076,432.5446,432.5446,1046.441,1081.3617,427.0584,0.0,2.43015,2.511246,0.971205,30,216,96,2,0.20383968,0.00163983,-0.01249836,0E-8,0.000000,0.906607,0.000000,0.01775797,2026-03-22,2026-08-06,108,3621,2443,138,0.782609,1.360932,1.287360,0.679466,,,,,,,,GLOBAL_BASELINE_NO_ENTITY_RANKING,,,NOT_APPLICABLE_GLOBAL_BASELINE,HF9g-P5,,,,X 全窗基线 · 不参与实体赏罚,14198217,1420,A168_HF9F_20260827_0900,2026-08-27 09:00:00
2026-04-24,57024343,2127,0,430.8951847464,-10.7723796187,-10.7723796187,0.5000000,2,2,0.49994810000000000,0.499948100000,0.00014679536856514622,0.00014679536856514622,0.00014679536856514622,0E-17,ELIGIBLE,R03b_20260811_FULL_v1,L1_ELIGIBILITY,v2026-08-11,2026-03-21..2026-08-06,baccarat_bet02_101_all_pairs_incl_sentinel,round_win = game_pnl > 0 (decisive only),COMPATIBILITY_ONLY_NOT_PRODUCTION,4059548.3812,3680416.6879,6656.9809,9707,9692,-0.00163983,0.01249836,-0.00525961,-0.00163983,-6656.9809,4059548.3812,OK,0.0000,266.2792,4.0000,96.0000,AG03-UNRESOLVED,ALL5_LEVELS_bet23_to_bet27,266.2792,266.2792,266.2792,0.0000,0.0000,4.000000,4.000000,4.000000,0.000000,0.000000,96.000000,96.000000,96.000000,100.000000,100.000000,5.0,798.8377,767.3102,5858.1432,5889.6706,PENDING_AG03,FALSE,NOT_FOR_ENFORCEMENT,6390.7016,3533200.0204,6656.9809,6390.7016,266.2792,0.00163983,0.00157424,266.2792,6390.7016,0.00157424,266.2792,266.2792,266.2792,0.0000,0.0000,6390.7016,0.00157424,798.8377,767.3102,5858.1432,5889.6706,0.00144305,0.00145082,0.00006559,418.2083,379.7376,0.6869,61.6387,1.8384,37588.4109,89.7407,538.3845,395.5999,218.4789,430.6076,432.5446,432.5446,1046.441,1081.3617,427.0584,0.0,2.43015,2.511246,0.971205,30,216,96,2,0.20383968,0.00163983,-0.01249836,0E-8,0.000000,0.906607,0.000000,0.01775797,2026-03-22,2026-08-06,108,3621,2443,138,0.782609,1.360932,1.287360,0.679466,,,,,,,,GLOBAL_BASELINE_NO_ENTITY_RANKING,,,NOT_APPLICABLE_GLOBAL_BASELINE,HF9g-P5,,,,X 全窗基线 · 不参与实体赏罚,14198218,1420,A168_HF9F_20260827_0900,2026-08-27 09:00:00
2026-04-24,57024343,2141,0,1723.5807389856,603.2532586448,603.2532586448,0.7142857,8,8,0.50497505000000000,0.504975050000,1.107622760077867,1.107622760077867,1.107622760077867,0E-17,ELIGIBLE,R03b_20260811_FULL_v1,L1_ELIGIBILITY,v2026-08-11,2026-03-21..2026-08-06,baccarat_bet02_101_all_pairs_incl_sentinel,round_win = game_pnl > 0 (decisive only),COMPATIBILITY_ONLY_NOT_PRODUCTION,4059548.3812,3680416.6879,6656.9809,9707,9692,-0.00163983,0.01249836,-0.00525961,-0.00163983,-6656.9809,4059548.3812,OK,0.0000,266.2792,4.0000,96.0000,AG03-UNRESOLVED,ALL5_LEVELS_bet23_to_bet27,266.2792,266.2792,266.2792,0.0000,0.0000,4.000000,4.000000,4.000000,0.000000,0.000000,96.000000,96.000000,96.000000,100.000000,100.000000,5.0,798.8377,767.3102,5858.1432,5889.6706,PENDING_AG03,FALSE,NOT_FOR_ENFORCEMENT,6390.7016,3533200.0204,6656.9809,6390.7016,266.2792,0.00163983,0.00157424,266.2792,6390.7016,0.00157424,266.2792,266.2792,266.2792,0.0000,0.0000,6390.7016,0.00157424,798.8377,767.3102,5858.1432,5889.6706,0.00144305,0.00145082,0.00006559,418.2083,379.7376,0.6869,61.6387,1.8384,37588.4109,89.7407,538.3845,395.5999,218.4789,430.6076,432.5446,432.5446,1046.441,1081.3617,427.0584,0.0,2.43015,2.511246,0.971205,30,216,96,2,0.20383968,0.00163983,-0.01249836,0E-8,0.000000,0.906607,0.000000,0.01775797,2026-03-22,2026-08-06,108,3621,2443,138,0.782609,1.360932,1.287360,0.679466,,,,,,,,GLOBAL_BASELINE_NO_ENTITY_RANKING,,,NOT_APPLICABLE_GLOBAL_BASELINE,HF9g-P5,,,,X 全窗基线 · 不参与实体赏罚,14198219,1420,A168_HF9F_20260827_0900,2026-08-27 09:00:00
2026-04-24,57024343,2145,0,1292.6855542392,-452.4399439838,-452.4399439838,0.3333333,6,6,0.50665070000000000,0.506650700000,-0.8491533462951141,-0.8491533462951141,-0.8491533462951141,0E-17,ELIGIBLE,R03b_20260811_FULL_v1,L1_ELIGIBILITY,v2026-08-11,2026-03-21..2026-08-06,baccarat_bet02_101_all_pairs_incl_sentinel,round_win = game_pnl > 0 (decisive only),COMPATIBILITY_ONLY_NOT_PRODUCTION,4059548.3812,3680416.6879,6656.9809,9707,9692,-0.00163983,0.01249836,-0.00525961,-0.00163983,-6656.9809,4059548.3812,OK,0.0000,266.2792,4.0000,96.0000,AG03-UNRESOLVED,ALL5_LEVELS_bet23_to_bet27,266.2792,266.2792,266.2792,0.0000,0.0000,4.000000,4.000000,4.000000,0.000000,0.000000,96.000000,96.000000,96.000000,100.000000,100.000000,5.0,798.8377,767.3102,5858.1432,5889.6706,PENDING_AG03,FALSE,NOT_FOR_ENFORCEMENT,6390.7016,3533200.0204,6656.9809,6390.7016,266.2792,0.00163983,0.00157424,266.2792,6390.7016,0.00157424,266.2792,266.2792,266.2792,0.0000,0.0000,6390.7016,0.00157424,798.8377,767.3102,5858.1432,5889.6706,0.00144305,0.00145082,0.00006559,418.2083,379.7376,0.6869,61.6387,1.8384,37588.4109,89.7407,538.3845,395.5999,218.4789,430.6076,432.5446,432.5446,1046.441,1081.3617,427.0584,0.0,2.43015,2.511246,0.971205,30,216,96,2,0.20383968,0.00163983,-0.01249836,0E-8,0.000000,0.906607,0.000000,0.01775797,2026-03-22,2026-08-06,108,3621,2443,138,0.782609,1.360932,1.287360,0.679466,,,,,,,,GLOBAL_BASELINE_NO_ENTITY_RANKING,,,NOT_APPLICABLE_GLOBAL_BASELINE,HF9g-P5,,,,X 全窗基线 · 不参与实体赏罚,14198220,1420,A168_HF9F_20260827_0900,2026-08-27 09:00:00
2026-04-24,57024343,2153,0,430.8951847464,-10.7723796187,-10.7723796187,0.5000000,2,2,0.50665070000000000,0.506650700000,-0.018812684590367487,-0.018812684590367487,-0.018812684590367487,0E-17,ELIGIBLE,R03b_20260811_FULL_v1,L1_ELIGIBILITY,v2026-08-11,2026-03-21..2026-08-06,baccarat_bet02_101_all_pairs_incl_sentinel,round_win = game_pnl > 0 (decisive only),COMPATIBILITY_ONLY_NOT_PRODUCTION,4059548.3812,3680416.6879,6656.9809,9707,9692,-0.00163983,0.01249836,-0.00525961,-0.00163983,-6656.9809,4059548.3812,OK,0.0000,266.2792,4.0000,96.0000,AG03-UNRESOLVED,ALL5_LEVELS_bet23_to_bet27,266.2792,266.2792,266.2792,0.0000,0.0000,4.000000,4.000000,4.000000,0.000000,0.000000,96.000000,96.000000,96.000000,100.000000,100.000000,5.0,798.8377,767.3102,5858.1432,5889.6706,PENDING_AG03,FALSE,NOT_FOR_ENFORCEMENT,6390.7016,3533200.0204,6656.9809,6390.7016,266.2792,0.00163983,0.00157424,266.2792,6390.7016,0.00157424,266.2792,266.2792,266.2792,0.0000,0.0000,6390.7016,0.00157424,798.8377,767.3102,5858.1432,5889.6706,0.00144305,0.00145082,0.00006559,418.2083,379.7376,0.6869,61.6387,1.8384,37588.4109,89.7407,538.3845,395.5999,218.4789,430.6076,432.5446,432.5446,1046.441,1081.3617,427.0584,0.0,2.43015,2.511246,0.971205,30,216,96,2,0.20383968,0.00163983,-0.01249836,0E-8,0.000000,0.906607,0.000000,0.01775797,2026-03-22,2026-08-06,108,3621,2443,138,0.782609,1.360932,1.287360,0.679466,,,,,,,,GLOBAL_BASELINE_NO_ENTITY_RANKING,,,NOT_APPLICABLE_GLOBAL_BASELINE,HF9g-P5,,,,X 全窗基线 · 不参与实体赏罚,14198221,1420,A168_HF9F_20260827_0900,2026-08-27 09:00:00
2026-04-24,57024343,2155,0,646.3427771196,409.3504255090,409.3504255090,1.0000000,3,3,0.50665070000000000,0.506650700000,1.3955260008387969,1.3955260008387969,1.3955260008387969,0E-17,ELIGIBLE,R03b_20260811_FULL_v1,L1_ELIGIBILITY,v2026-08-11,2026-03-21..2026-08-06,baccarat_bet02_101_all_pairs_incl_sentinel,round_win = game_pnl > 0 (decisive only),COMPATIBILITY_ONLY_NOT_PRODUCTION,4059548.3812,3680416.6879,6656.9809,9707,9692,-0.00163983,0.01249836,-0.00525961,-0.00163983,-6656.9809,4059548.3812,OK,0.0000,266.2792,4.0000,96.0000,AG03-UNRESOLVED,ALL5_LEVELS_bet23_to_bet27,266.2792,266.2792,266.2792,0.0000,0.0000,4.000000,4.000000,4.000000,0.000000,0.000000,96.000000,96.000000,96.000000,100.000000,100.000000,5.0,798.8377,767.3102,5858.1432,5889.6706,PENDING_AG03,FALSE,NOT_FOR_ENFORCEMENT,6390.7016,3533200.0204,6656.9809,6390.7016,266.2792,0.00163983,0.00157424,266.2792,6390.7016,0.00157424,266.2792,266.2792,266.2792,0.0000,0.0000,6390.7016,0.00157424,798.8377,767.3102,5858.1432,5889.6706,0.00144305,0.00145082,0.00006559,418.2083,379.7376,0.6869,61.6387,1.8384,37588.4109,89.7407,538.3845,395.5999,218.4789,430.6076,432.5446,432.5446,1046.441,1081.3617,427.0584,0.0,2.43015,2.511246,0.971205,30,216,96,2,0.20383968,0.00163983,-0.01249836,0E-8,0.000000,0.906607,0.000000,0.01775797,2026-03-22,2026-08-06,108,3621,2443,138,0.782609,1.360932,1.287360,0.679466,,,,,,,,GLOBAL_BASELINE_NO_ENTITY_RANKING,,,NOT_APPLICABLE_GLOBAL_BASELINE,HF9g-P5,,,,X 全窗基线 · 不参与实体赏罚,14198222,1420,A168_HF9F_20260827_0900,2026-08-27 09:00:00
2026-04-24,57024343,2156,0,430.8951847464,-10.7723796187,-10.7723796187,0.5000000,2,2,0.50665070000000000,0.506650700000,-0.018812684590367487,-0.018812684590367487,-0.018812684590367487,0E-17,ELIGIBLE,R03b_20260811_FULL_v1,L1_ELIGIBILITY,v2026-08-11,2026-03-21..2026-08-06,baccarat_bet02_101_all_pairs_incl_sentinel,round_win = game_pnl > 0 (decisive only),COMPATIBILITY_ONLY_NOT_PRODUCTION,4059548.3812,3680416.6879,6656.9809,9707,9692,-0.00163983,0.01249836,-0.00525961,-0.00163983,-6656.9809,4059548.3812,OK,0.0000,266.2792,4.0000,96.0000,AG03-UNRESOLVED,ALL5_LEVELS_bet23_to_bet27,266.2792,266.2792,266.2792,0.0000,0.0000,4.000000,4.000000,4.000000,0.000000,0.000000,96.000000,96.000000,96.000000,100.000000,100.000000,5.0,798.8377,767.3102,5858.1432,5889.6706,PENDING_AG03,FALSE,NOT_FOR_ENFORCEMENT,6390.7016,3533200.0204,6656.9809,6390.7016,266.2792,0.00163983,0.00157424,266.2792,6390.7016,0.00157424,266.2792,266.2792,266.2792,0.0000,0.0000,6390.7016,0.00157424,798.8377,767.3102,5858.1432,5889.6706,0.00144305,0.00145082,0.00006559,418.2083,379.7376,0.6869,61.6387,1.8384,37588.4109,89.7407,538.3845,395.5999,218.4789,430.6076,432.5446,432.5446,1046.441,1081.3617,427.0584,0.0,2.43015,2.511246,0.971205,30,216,96,2,0.20383968,0.00163983,-0.01249836,0E-8,0.000000,0.906607,0.000000,0.01775797,2026-03-22,2026-08-06,108,3621,2443,138,0.782609,1.360932,1.287360,0.679466,,,,,,,,GLOBAL_BASELINE_NO_ENTITY_RANKING,,,NOT_APPLICABLE_GLOBAL_BASELINE,HF9g-P5,,,,X 全窗基线 · 不参与实体赏罚,14198223,1420,A168_HF9F_20260827_0900,2026-08-27 09:00:00
2026-04-24,57024343,2169,0,430.8951847464,-430.8951847464,-430.8951847464,0E-7,2,2,0.50665070000000000,0.506650700000,-1.4331513700195317,-1.4331513700195317,-1.4331513700195317,0E-17,ELIGIBLE,R03b_20260811_FULL_v1,L1_ELIGIBILITY,v2026-08-11,2026-03-21..2026-08-06,baccarat_bet02_101_all_pairs_incl_sentinel,round_win = game_pnl > 0 (decisive only),COMPATIBILITY_ONLY_NOT_PRODUCTION,4059548.3812,3680416.6879,6656.9809,9707,9692,-0.00163983,0.01249836,-0.00525961,-0.00163983,-6656.9809,4059548.3812,OK,0.0000,266.2792,4.0000,96.0000,AG03-UNRESOLVED,ALL5_LEVELS_bet23_to_bet27,266.2792,266.2792,266.2792,0.0000,0.0000,4.000000,4.000000,4.000000,0.000000,0.000000,96.000000,96.000000,96.000000,100.000000,100.000000,5.0,798.8377,767.3102,5858.1432,5889.6706,PENDING_AG03,FALSE,NOT_FOR_ENFORCEMENT,6390.7016,3533200.0204,6656.9809,6390.7016,266.2792,0.00163983,0.00157424,266.2792,6390.7016,0.00157424,266.2792,266.2792,266.2792,0.0000,0.0000,6390.7016,0.00157424,798.8377,767.3102,5858.1432,5889.6706,0.00144305,0.00145082,0.00006559,418.2083,379.7376,0.6869,61.6387,1.8384,37588.4109,89.7407,538.3845,395.5999,218.4789,430.6076,432.5446,432.5446,1046.441,1081.3617,427.0584,0.0,2.43015,2.511246,0.971205,30,216,96,2,0.20383968,0.00163983,-0.01249836,0E-8,0.000000,0.906607,0.000000,0.01775797,2026-03-22,2026-08-06,108,3621,2443,138,0.782609,1.360932,1.287360,0.679466,,,,,,,,GLOBAL_BASELINE_NO_ENTITY_RANKING,,,NOT_APPLICABLE_GLOBAL_BASELINE,HF9g-P5,,,,X 全窗基线 · 不参与实体赏罚,14198224,1420,A168_HF9F_20260827_0900,2026-08-27 09:00:00
2026-04-24,57024343,2170,0,430.8951847464,409.3504255090,409.3504255090,1.0000000,2,2,0.50665070000000000,0.506650700000,1.3955260008387969,1.3955260008387969,1.3955260008387969,0E-17,ELIGIBLE,R03b_20260811_FULL_v1,L1_ELIGIBILITY,v2026-08-11,2026-03-21..2026-08-06,baccarat_bet02_101_all_pairs_incl_sentinel,round_win = game_pnl > 0 (decisive only),COMPATIBILITY_ONLY_NOT_PRODUCTION,4059548.3812,3680416.6879,6656.9809,9707,9692,-0.00163983,0.01249836,-0.00525961,-0.00163983,-6656.9809,4059548.3812,OK,0.0000,266.2792,4.0000,96.0000,AG03-UNRESOLVED,ALL5_LEVELS_bet23_to_bet27,266.2792,266.2792,266.2792,0.0000,0.0000,4.000000,4.000000,4.000000,0.000000,0.000000,96.000000,96.000000,96.000000,100.000000,100.000000,5.0,798.8377,767.3102,5858.1432,5889.6706,PENDING_AG03,FALSE,NOT_FOR_ENFORCEMENT,6390.7016,3533200.0204,6656.9809,6390.7016,266.2792,0.00163983,0.00157424,266.2792,6390.7016,0.00157424,266.2792,266.2792,266.2792,0.0000,0.0000,6390.7016,0.00157424,798.8377,767.3102,5858.1432,5889.6706,0.00144305,0.00145082,0.00006559,418.2083,379.7376,0.6869,61.6387,1.8384,37588.4109,89.7407,538.3845,395.5999,218.4789,430.6076,432.5446,432.5446,1046.441,1081.3617,427.0584,0.0,2.43015,2.511246,0.971205,30,216,96,2,0.20383968,0.00163983,-0.01249836,0E-8,0.000000,0.906607,0.000000,0.01775797,2026-03-22,2026-08-06,108,3621,2443,138,0.782609,1.360932,1.287360,0.679466,,,,,,,,GLOBAL_BASELINE_NO_ENTITY_RANKING,,,NOT_APPLICABLE_GLOBAL_BASELINE,HF9g-P5,,,,X 全窗基线 · 不参与实体赏罚,14198225,1420,A168_HF9F_20260827_0900,2026-08-27 09:00:00
2026-04-24,57024343,2175,0,215.4475923732,-215.4475923732,-215.4475923732,0E-7,1,1,0.50665070000000000,0.506650700000,-1.013391052207602,-1.013391052207602,-1.013391052207602,0E-17,ELIGIBLE,R03b_20260811_FULL_v1,L1_ELIGIBILITY,v2026-08-11,2026-03-21..2026-08-06,baccarat_bet02_101_all_pairs_incl_sentinel,round_win = game_pnl > 0 (decisive only),COMPATIBILITY_ONLY_NOT_PRODUCTION,4059548.3812,3680416.6879,6656.9809,9707,9692,-0.00163983,0.01249836,-0.00525961,-0.00163983,-6656.9809,4059548.3812,OK,0.0000,266.2792,4.0000,96.0000,AG03-UNRESOLVED,ALL5_LEVELS_bet23_to_bet27,266.2792,266.2792,266.2792,0.0000,0.0000,4.000000,4.000000,4.000000,0.000000,0.000000,96.000000,96.000000,96.000000,100.000000,100.000000,5.0,798.8377,767.3102,5858.1432,5889.6706,PENDING_AG03,FALSE,NOT_FOR_ENFORCEMENT,6390.7016,3533200.0204,6656.9809,6390.7016,266.2792,0.00163983,0.00157424,266.2792,6390.7016,0.00157424,266.2792,266.2792,266.2792,0.0000,0.0000,6390.7016,0.00157424,798.8377,767.3102,5858.1432,5889.6706,0.00144305,0.00145082,0.00006559,418.2083,379.7376,0.6869,61.6387,1.8384,37588.4109,89.7407,538.3845,395.5999,218.4789,430.6076,432.5446,432.5446,1046.441,1081.3617,427.0584,0.0,2.43015,2.511246,0.971205,30,216,96,2,0.20383968,0.00163983,-0.01249836,0E-8,0.000000,0.906607,0.000000,0.01775797,2026-03-22,2026-08-06,108,3621,2443,138,0.782609,1.360932,1.287360,0.679466,,,,,,,,GLOBAL_BASELINE_NO_ENTITY_RANKING,,,NOT_APPLICABLE_GLOBAL_BASELINE,HF9g-P5,,,,X 全窗基线 · 不参与实体赏罚,14198226,1420,A168_HF9F_20260827_0900,2026-08-27 09:00:00
2026-04-24,57024343,2188,0,861.7903694928,204.6752127545,204.6752127545,0.6666667,4,4,0.49994810000000000,0.499948100000,0.5775300591747329,0.5775300591747329,0.5775300591747329,0E-17,ELIGIBLE,R03b_20260811_FULL_v1,L1_ELIGIBILITY,v2026-08-11,2026-03-21..2026-08-06,baccarat_bet02_101_all_pairs_incl_sentinel,round_win = game_pnl > 0 (decisive only),COMPATIBILITY_ONLY_NOT_PRODUCTION,4059548.3812,3680416.6879,6656.9809,9707,9692,-0.00163983,0.01249836,-0.00525961,-0.00163983,-6656.9809,4059548.3812,OK,0.0000,266.2792,4.0000,96.0000,AG03-UNRESOLVED,ALL5_LEVELS_bet23_to_bet27,266.2792,266.2792,266.2792,0.0000,0.0000,4.000000,4.000000,4.000000,0.000000,0.000000,96.000000,96.000000,96.000000,100.000000,100.000000,5.0,798.8377,767.3102,5858.1432,5889.6706,PENDING_AG03,FALSE,NOT_FOR_ENFORCEMENT,6390.7016,3533200.0204,6656.9809,6390.7016,266.2792,0.00163983,0.00157424,266.2792,6390.7016,0.00157424,266.2792,266.2792,266.2792,0.0000,0.0000,6390.7016,0.00157424,798.8377,767.3102,5858.1432,5889.6706,0.00144305,0.00145082,0.00006559,418.2083,379.7376,0.6869,61.6387,1.8384,37588.4109,89.7407,538.3845,395.5999,218.4789,430.6076,432.5446,432.5446,1046.441,1081.3617,427.0584,0.0,2.43015,2.511246,0.971205,30,216,96,2,0.20383968,0.00163983,-0.01249836,0E-8,0.000000,0.906607,0.000000,0.01775797,2026-03-22,2026-08-06,108,3621,2443,138,0.782609,1.360932,1.287360,0.679466,,,,,,,,GLOBAL_BASELINE_NO_ENTITY_RANKING,,,NOT_APPLICABLE_GLOBAL_BASELINE,HF9g-P5,,,,X 全窗基线 · 不参与实体赏罚,14198227,1420,A168_HF9F_20260827_0900,2026-08-27 09:00:00
2026-04-24,57024343,2202,0,215.4475923732,-215.4475923732,-215.4475923732,0E-7,1,1,0.49324550000000000,0.493245500000,-0.9865810262130424,-0.9865810262130424,-0.9865810262130424,0E-17,ELIGIBLE,R03b_20260811_FULL_v1,L1_ELIGIBILITY,v2026-08-11,2026-03-21..2026-08-06,baccarat_bet02_101_all_pairs_incl_sentinel,round_win = game_pnl > 0 (decisive only),COMPATIBILITY_ONLY_NOT_PRODUCTION,4059548.3812,3680416.6879,6656.9809,9707,9692,-0.00163983,0.01249836,-0.00525961,-0.00163983,-6656.9809,4059548.3812,OK,0.0000,266.2792,4.0000,96.0000,AG03-UNRESOLVED,ALL5_LEVELS_bet23_to_bet27,266.2792,266.2792,266.2792,0.0000,0.0000,4.000000,4.000000,4.000000,0.000000,0.000000,96.000000,96.000000,96.000000,100.000000,100.000000,5.0,798.8377,767.3102,5858.1432,5889.6706,PENDING_AG03,FALSE,NOT_FOR_ENFORCEMENT,6390.7016,3533200.0204,6656.9809,6390.7016,266.2792,0.00163983,0.00157424,266.2792,6390.7016,0.00157424,266.2792,266.2792,266.2792,0.0000,0.0000,6390.7016,0.00157424,798.8377,767.3102,5858.1432,5889.6706,0.00144305,0.00145082,0.00006559,418.2083,379.7376,0.6869,61.6387,1.8384,37588.4109,89.7407,538.3845,395.5999,218.4789,430.6076,432.5446,432.5446,1046.441,1081.3617,427.0584,0.0,2.43015,2.511246,0.971205,30,216,96,2,0.20383968,0.00163983,-0.01249836,0E-8,0.000000,0.906607,0.000000,0.01775797,2026-03-22,2026-08-06,108,3621,2443,138,0.782609,1.360932,1.287360,0.679466,,,,,,,,GLOBAL_BASELINE_NO_ENTITY_RANKING,,,NOT_APPLICABLE_GLOBAL_BASELINE,HF9g-P5,,,,X 全窗基线 · 不参与实体赏罚,14198228,1420,A168_HF9F_20260827_0900,2026-08-27 09:00:00
2026-04-24,57024343,2220,0,646.3427771196,-226.2199719919,-226.2199719919,0.3333333,3,3,0.50218230000000000,0.502182300000,-0.5849155494134425,-0.5849155494134426,-0.5849155494134425,0E-17,ELIGIBLE,R03b_20260811_FULL_v1,L1_ELIGIBILITY,v2026-08-11,2026-03-21..2026-08-06,baccarat_bet02_101_all_pairs_incl_sentinel,round_win = game_pnl > 0 (decisive only),COMPATIBILITY_ONLY_NOT_PRODUCTION,4059548.3812,3680416.6879,6656.9809,9707,9692,-0.00163983,0.01249836,-0.00525961,-0.00163983,-6656.9809,4059548.3812,OK,0.0000,266.2792,4.0000,96.0000,AG03-UNRESOLVED,ALL5_LEVELS_bet23_to_bet27,266.2792,266.2792,266.2792,0.0000,0.0000,4.000000,4.000000,4.000000,0.000000,0.000000,96.000000,96.000000,96.000000,100.000000,100.000000,5.0,798.8377,767.3102,5858.1432,5889.6706,PENDING_AG03,FALSE,NOT_FOR_ENFORCEMENT,6390.7016,3533200.0204,6656.9809,6390.7016,266.2792,0.00163983,0.00157424,266.2792,6390.7016,0.00157424,266.2792,266.2792,266.2792,0.0000,0.0000,6390.7016,0.00157424,798.8377,767.3102,5858.1432,5889.6706,0.00144305,0.00145082,0.00006559,418.2083,379.7376,0.6869,61.6387,1.8384,37588.4109,89.7407,538.3845,395.5999,218.4789,430.6076,432.5446,432.5446,1046.441,1081.3617,427.0584,0.0,2.43015,2.511246,0.971205,30,216,96,2,0.20383968,0.00163983,-0.01249836,0E-8,0.000000,0.906607,0.000000,0.01775797,2026-03-22,2026-08-06,108,3621,2443,138,0.782609,1.360932,1.287360,0.679466,,,,,,,,GLOBAL_BASELINE_NO_ENTITY_RANKING,,,NOT_APPLICABLE_GLOBAL_BASELINE,HF9g-P5,,,,X 全窗基线 · 不参与实体赏罚,14198229,1420,A168_HF9F_20260827_0900,2026-08-27 09:00:00
2026-04-24,57024343,2222,0,215.4475923732,-215.4475923732,-215.4475923732,0E-7,1,1,0.50665070000000000,0.506650700000,-1.013391052207602,-1.013391052207602,-1.013391052207602,0E-17,ELIGIBLE,R03b_20260811_FULL_v1,L1_ELIGIBILITY,v2026-08-11,2026-03-21..2026-08-06,baccarat_bet02_101_all_pairs_incl_sentinel,round_win = game_pnl > 0 (decisive only),COMPATIBILITY_ONLY_NOT_PRODUCTION,4059548.3812,3680416.6879,6656.9809,9707,9692,-0.00163983,0.01249836,-0.00525961,-0.00163983,-6656.9809,4059548.3812,OK,0.0000,266.2792,4.0000,96.0000,AG03-UNRESOLVED,ALL5_LEVELS_bet23_to_bet27,266.2792,266.2792,266.2792,0.0000,0.0000,4.000000,4.000000,4.000000,0.000000,0.000000,96.000000,96.000000,96.000000,100.000000,100.000000,5.0,798.8377,767.3102,5858.1432,5889.6706,PENDING_AG03,FALSE,NOT_FOR_ENFORCEMENT,6390.7016,3533200.0204,6656.9809,6390.7016,266.2792,0.00163983,0.00157424,266.2792,6390.7016,0.00157424,266.2792,266.2792,266.2792,0.0000,0.0000,6390.7016,0.00157424,798.8377,767.3102,5858.1432,5889.6706,0.00144305,0.00145082,0.00006559,418.2083,379.7376,0.6869,61.6387,1.8384,37588.4109,89.7407,538.3845,395.5999,218.4789,430.6076,432.5446,432.5446,1046.441,1081.3617,427.0584,0.0,2.43015,2.511246,0.971205,30,216,96,2,0.20383968,0.00163983,-0.01249836,0E-8,0.000000,0.906607,0.000000,0.01775797,2026-03-22,2026-08-06,108,3621,2443,138,0.782609,1.360932,1.287360,0.679466,,,,,,,,GLOBAL_BASELINE_NO_ENTITY_RANKING,,,NOT_APPLICABLE_GLOBAL_BASELINE,HF9g-P5,,,,X 全窗基线 · 不参与实体赏罚,14198230,1420,A168_HF9F_20260827_0900,2026-08-27 09:00:00
2026-04-24,57024343,2229,0,1939.0283313588,377.0332866529,377.0332866529,0.6250000,9,9,0.50516123333333333,0.505161233333,0.6779465561619745,0.6779465561638555,0.6779465561619745,3.3333E-13,ELIGIBLE,R03b_20260811_FULL_v1,L1_ELIGIBILITY,v2026-08-11,2026-03-21..2026-08-06,baccarat_bet02_101_all_pairs_incl_sentinel,round_win = game_pnl > 0 (decisive only),COMPATIBILITY_ONLY_NOT_PRODUCTION,4059548.3812,3680416.6879,6656.9809,9707,9692,-0.00163983,0.01249836,-0.00525961,-0.00163983,-6656.9809,4059548.3812,OK,0.0000,266.2792,4.0000,96.0000,AG03-UNRESOLVED,ALL5_LEVELS_bet23_to_bet27,266.2792,266.2792,266.2792,0.0000,0.0000,4.000000,4.000000,4.000000,0.000000,0.000000,96.000000,96.000000,96.000000,100.000000,100.000000,5.0,798.8377,767.3102,5858.1432,5889.6706,PENDING_AG03,FALSE,NOT_FOR_ENFORCEMENT,6390.7016,3533200.0204,6656.9809,6390.7016,266.2792,0.00163983,0.00157424,266.2792,6390.7016,0.00157424,266.2792,266.2792,266.2792,0.0000,0.0000,6390.7016,0.00157424,798.8377,767.3102,5858.1432,5889.6706,0.00144305,0.00145082,0.00006559,418.2083,379.7376,0.6869,61.6387,1.8384,37588.4109,89.7407,538.3845,395.5999,218.4789,430.6076,432.5446,432.5446,1046.441,1081.3617,427.0584,0.0,2.43015,2.511246,0.971205,30,216,96,2,0.20383968,0.00163983,-0.01249836,0E-8,0.000000,0.906607,0.000000,0.01775797,2026-03-22,2026-08-06,108,3621,2443,138,0.782609,1.360932,1.287360,0.679466,,,,,,,,GLOBAL_BASELINE_NO_ENTITY_RANKING,,,NOT_APPLICABLE_GLOBAL_BASELINE,HF9g-P5,,,,X 全窗基线 · 不参与实体赏罚,14198231,1420,A168_HF9F_20260827_0900,2026-08-27 09:00:00
2026-04-24,57024343,2234,0,215.4475923732,204.6752127545,204.6752127545,1.0000000,1,1,0.50665070000000000,0.506650700000,0.9867858985152569,0.9867858985152569,0.9867858985152569,0E-17,ELIGIBLE,R03b_20260811_FULL_v1,L1_ELIGIBILITY,v2026-08-11,2026-03-21..2026-08-06,baccarat_bet02_101_all_pairs_incl_sentinel,round_win = game_pnl > 0 (decisive only),COMPATIBILITY_ONLY_NOT_PRODUCTION,4059548.3812,3680416.6879,6656.9809,9707,9692,-0.00163983,0.01249836,-0.00525961,-0.00163983,-6656.9809,4059548.3812,OK,0.0000,266.2792,4.0000,96.0000,AG03-UNRESOLVED,ALL5_LEVELS_bet23_to_bet27,266.2792,266.2792,266.2792,0.0000,0.0000,4.000000,4.000000,4.000000,0.000000,0.000000,96.000000,96.000000,96.000000,100.000000,100.000000,5.0,798.8377,767.3102,5858.1432,5889.6706,PENDING_AG03,FALSE,NOT_FOR_ENFORCEMENT,6390.7016,3533200.0204,6656.9809,6390.7016,266.2792,0.00163983,0.00157424,266.2792,6390.7016,0.00157424,266.2792,266.2792,266.2792,0.0000,0.0000,6390.7016,0.00157424,798.8377,767.3102,5858.1432,5889.6706,0.00144305,0.00145082,0.00006559,418.2083,379.7376,0.6869,61.6387,1.8384,37588.4109,89.7407,538.3845,395.5999,218.4789,430.6076,432.5446,432.5446,1046.441,1081.3617,427.0584,0.0,2.43015,2.511246,0.971205,30,216,96,2,0.20383968,0.00163983,-0.01249836,0E-8,0.000000,0.906607,0.000000,0.01775797,2026-03-22,2026-08-06,108,3621,2443,138,0.782609,1.360932,1.287360,0.679466,,,,,,,,GLOBAL_BASELINE_NO_ENTITY_RANKING,,,NOT_APPLICABLE_GLOBAL_BASELINE,HF9g-P5,,,,X 全窗基线 · 不参与实体赏罚,14198232,1420,A168_HF9F_20260827_0900,2026-08-27 09:00:00
2026-04-24,57024343,2242,0,861.7903694928,-430.8951847464,-430.8951847464,0.2500000,4,4,0.50329940000000000,0.503299400000,-1.013219660140378,-1.013219660140378,-1.013219660140378,0E-17,ELIGIBLE,R03b_20260811_FULL_v1,L1_ELIGIBILITY,v2026-08-11,2026-03-21..2026-08-06,baccarat_bet02_101_all_pairs_incl_sentinel,round_win = game_pnl > 0 (decisive only),COMPATIBILITY_ONLY_NOT_PRODUCTION,4059548.3812,3680416.6879,6656.9809,9707,9692,-0.00163983,0.01249836,-0.00525961,-0.00163983,-6656.9809,4059548.3812,OK,0.0000,266.2792,4.0000,96.0000,AG03-UNRESOLVED,ALL5_LEVELS_bet23_to_bet27,266.2792,266.2792,266.2792,0.0000,0.0000,4.000000,4.000000,4.000000,0.000000,0.000000,96.000000,96.000000,96.000000,100.000000,100.000000,5.0,798.8377,767.3102,5858.1432,5889.6706,PENDING_AG03,FALSE,NOT_FOR_ENFORCEMENT,6390.7016,3533200.0204,6656.9809,6390.7016,266.2792,0.00163983,0.00157424,266.2792,6390.7016,0.00157424,266.2792,266.2792,266.2792,0.0000,0.0000,6390.7016,0.00157424,798.8377,767.3102,5858.1432,5889.6706,0.00144305,0.00145082,0.00006559,418.2083,379.7376,0.6869,61.6387,1.8384,37588.4109,89.7407,538.3845,395.5999,218.4789,430.6076,432.5446,432.5446,1046.441,1081.3617,427.0584,0.0,2.43015,2.511246,0.971205,30,216,96,2,0.20383968,0.00163983,-0.01249836,0E-8,0.000000,0.906607,0.000000,0.01775797,2026-03-22,2026-08-06,108,3621,2443,138,0.782609,1.360932,1.287360,0.679466,,,,,,,,GLOBAL_BASELINE_NO_ENTITY_RANKING,,,NOT_APPLICABLE_GLOBAL_BASELINE,HF9g-P5,,,,X 全窗基线 · 不参与实体赏罚,14198233,1420,A168_HF9F_20260827_0900,2026-08-27 09:00:00
2026-04-24,57024343,2244,0,215.4475923732,0E-10,0E-10,,1,1,0.50665070000000000,0.506650700000,,,,0E-17,NO_DECISIVE_ROUND,R03b_20260811_FULL_v1,L1_ELIGIBILITY,v2026-08-11,2026-03-21..2026-08-06,baccarat_bet02_101_all_pairs_incl_sentinel,round_win = game_pnl > 0 (decisive only),COMPATIBILITY_ONLY_NOT_PRODUCTION,4059548.3812,3680416.6879,6656.9809,9707,9692,-0.00163983,0.01249836,-0.00525961,-0.00163983,-6656.9809,4059548.3812,OK,0.0000,266.2792,4.0000,96.0000,AG03-UNRESOLVED,ALL5_LEVELS_bet23_to_bet27,266.2792,266.2792,266.2792,0.0000,0.0000,4.000000,4.000000,4.000000,0.000000,0.000000,96.000000,96.000000,96.000000,100.000000,100.000000,5.0,798.8377,767.3102,5858.1432,5889.6706,PENDING_AG03,FALSE,NOT_FOR_ENFORCEMENT,6390.7016,3533200.0204,6656.9809,6390.7016,266.2792,0.00163983,0.00157424,266.2792,6390.7016,0.00157424,266.2792,266.2792,266.2792,0.0000,0.0000,6390.7016,0.00157424,798.8377,767.3102,5858.1432,5889.6706,0.00144305,0.00145082,0.00006559,418.2083,379.7376,0.6869,61.6387,1.8384,37588.4109,89.7407,538.3845,395.5999,218.4789,430.6076,432.5446,432.5446,1046.441,1081.3617,427.0584,0.0,2.43015,2.511246,0.971205,30,216,96,2,0.20383968,0.00163983,-0.01249836,0E-8,0.000000,0.906607,0.000000,0.01775797,2026-03-22,2026-08-06,108,3621,2443,138,0.782609,1.360932,1.287360,0.679466,,,,,,,,GLOBAL_BASELINE_NO_ENTITY_RANKING,,,NOT_APPLICABLE_GLOBAL_BASELINE,HF9g-P5,,,,X 全窗基线 · 不参与实体赏罚,14198234,1420,A168_HF9F_20260827_0900,2026-08-27 09:00:00
2026-04-24,57024343,2254,0,215.4475923732,-215.4475923732,-215.4475923732,0E-7,1,1,0.49324550000000000,0.493245500000,-0.9865810262130424,-0.9865810262130424,-0.9865810262130424,0E-17,ELIGIBLE,R03b_20260811_FULL_v1,L1_ELIGIBILITY,v2026-08-11,2026-03-21..2026-08-06,baccarat_bet02_101_all_pairs_incl_sentinel,round_win = game_pnl > 0 (decisive only),COMPATIBILITY_ONLY_NOT_PRODUCTION,4059548.3812,3680416.6879,6656.9809,9707,9692,-0.00163983,0.01249836,-0.00525961,-0.00163983,-6656.9809,4059548.3812,OK,0.0000,266.2792,4.0000,96.0000,AG03-UNRESOLVED,ALL5_LEVELS_bet23_to_bet27,266.2792,266.2792,266.2792,0.0000,0.0000,4.000000,4.000000,4.000000,0.000000,0.000000,96.000000,96.000000,96.000000,100.000000,100.000000,5.0,798.8377,767.3102,5858.1432,5889.6706,PENDING_AG03,FALSE,NOT_FOR_ENFORCEMENT,6390.7016,3533200.0204,6656.9809,6390.7016,266.2792,0.00163983,0.00157424,266.2792,6390.7016,0.00157424,266.2792,266.2792,266.2792,0.0000,0.0000,6390.7016,0.00157424,798.8377,767.3102,5858.1432,5889.6706,0.00144305,0.00145082,0.00006559,418.2083,379.7376,0.6869,61.6387,1.8384,37588.4109,89.7407,538.3845,395.5999,218.4789,430.6076,432.5446,432.5446,1046.441,1081.3617,427.0584,0.0,2.43015,2.511246,0.971205,30,216,96,2,0.20383968,0.00163983,-0.01249836,0E-8,0.000000,0.906607,0.000000,0.01775797,2026-03-22,2026-08-06,108,3621,2443,138,0.782609,1.360932,1.287360,0.679466,,,,,,,,GLOBAL_BASELINE_NO_ENTITY_RANKING,,,NOT_APPLICABLE_GLOBAL_BASELINE,HF9g-P5,,,,X 全窗基线 · 不参与实体赏罚,14198235,1420,A168_HF9F_20260827_0900,2026-08-27 09:00:00
2026-04-24,57024343,2258,0,646.3427771196,-430.8951847464,-430.8951847464,0E-7,3,3,0.50665070000000000,0.506650700000,-1.4331513700195317,-1.4331513700195317,-1.4331513700195317,0E-17,ELIGIBLE,R03b_20260811_FULL_v1,L1_ELIGIBILITY,v2026-08-11,2026-03-21..2026-08-06,baccarat_bet02_101_all_pairs_incl_sentinel,round_win = game_pnl > 0 (decisive only),COMPATIBILITY_ONLY_NOT_PRODUCTION,4059548.3812,3680416.6879,6656.9809,9707,9692,-0.00163983,0.01249836,-0.00525961,-0.00163983,-6656.9809,4059548.3812,OK,0.0000,266.2792,4.0000,96.0000,AG03-UNRESOLVED,ALL5_LEVELS_bet23_to_bet27,266.2792,266.2792,266.2792,0.0000,0.0000,4.000000,4.000000,4.000000,0.000000,0.000000,96.000000,96.000000,96.000000,100.000000,100.000000,5.0,798.8377,767.3102,5858.1432,5889.6706,PENDING_AG03,FALSE,NOT_FOR_ENFORCEMENT,6390.7016,3533200.0204,6656.9809,6390.7016,266.2792,0.00163983,0.00157424,266.2792,6390.7016,0.00157424,266.2792,266.2792,266.2792,0.0000,0.0000,6390.7016,0.00157424,798.8377,767.3102,5858.1432,5889.6706,0.00144305,0.00145082,0.00006559,418.2083,379.7376,0.6869,61.6387,1.8384,37588.4109,89.7407,538.3845,395.5999,218.4789,430.6076,432.5446,432.5446,1046.441,1081.3617,427.0584,0.0,2.43015,2.511246,0.971205,30,216,96,2,0.20383968,0.00163983,-0.01249836,0E-8,0.000000,0.906607,0.000000,0.01775797,2026-03-22,2026-08-06,108,3621,2443,138,0.782609,1.360932,1.287360,0.679466,,,,,,,,GLOBAL_BASELINE_NO_ENTITY_RANKING,,,NOT_APPLICABLE_GLOBAL_BASELINE,HF9g-P5,,,,X 全窗基线 · 不参与实体赏罚,14198236,1420,A168_HF9F_20260827_0900,2026-08-27 09:00:00
2026-04-24,57024343,2266,0,861.7903694928,409.3504255090,409.3504255090,0.7500000,4,4,0.50329940000000000,0.503299400000,0.9868238854431842,0.9868238854431842,0.9868238854431842,0E-17,ELIGIBLE,R03b_20260811_FULL_v1,L1_ELIGIBILITY,v2026-08-11,2026-03-21..2026-08-06,baccarat_bet02_101_all_pairs_incl_sentinel,round_win = game_pnl > 0 (decisive only),COMPATIBILITY_ONLY_NOT_PRODUCTION,4059548.3812,3680416.6879,6656.9809,9707,9692,-0.00163983,0.01249836,-0.00525961,-0.00163983,-6656.9809,4059548.3812,OK,0.0000,266.2792,4.0000,96.0000,AG03-UNRESOLVED,ALL5_LEVELS_bet23_to_bet27,266.2792,266.2792,266.2792,0.0000,0.0000,4.000000,4.000000,4.000000,0.000000,0.000000,96.000000,96.000000,96.000000,100.000000,100.000000,5.0,798.8377,767.3102,5858.1432,5889.6706,PENDING_AG03,FALSE,NOT_FOR_ENFORCEMENT,6390.7016,3533200.0204,6656.9809,6390.7016,266.2792,0.00163983,0.00157424,266.2792,6390.7016,0.00157424,266.2792,266.2792,266.2792,0.0000,0.0000,6390.7016,0.00157424,798.8377,767.3102,5858.1432,5889.6706,0.00144305,0.00145082,0.00006559,418.2083,379.7376,0.6869,61.6387,1.8384,37588.4109,89.7407,538.3845,395.5999,218.4789,430.6076,432.5446,432.5446,1046.441,1081.3617,427.0584,0.0,2.43015,2.511246,0.971205,30,216,96,2,0.20383968,0.00163983,-0.01249836,0E-8,0.000000,0.906607,0.000000,0.01775797,2026-03-22,2026-08-06,108,3621,2443,138,0.782609,1.360932,1.287360,0.679466,,,,,,,,GLOBAL_BASELINE_NO_ENTITY_RANKING,,,NOT_APPLICABLE_GLOBAL_BASELINE,HF9g-P5,,,,X 全窗基线 · 不参与实体赏罚,14198237,1420,A168_HF9F_20260827_0900,2026-08-27 09:00:00
2026-04-24,57024343,2271,0,215.4475923732,204.6752127545,204.6752127545,1.0000000,1,1,0.50665070000000000,0.506650700000,0.9867858985152569,0.9867858985152569,0.9867858985152569,0E-17,ELIGIBLE,R03b_20260811_FULL_v1,L1_ELIGIBILITY,v2026-08-11,2026-03-21..2026-08-06,baccarat_bet02_101_all_pairs_incl_sentinel,round_win = game_pnl > 0 (decisive only),COMPATIBILITY_ONLY_NOT_PRODUCTION,4059548.3812,3680416.6879,6656.9809,9707,9692,-0.00163983,0.01249836,-0.00525961,-0.00163983,-6656.9809,4059548.3812,OK,0.0000,266.2792,4.0000,96.0000,AG03-UNRESOLVED,ALL5_LEVELS_bet23_to_bet27,266.2792,266.2792,266.2792,0.0000,0.0000,4.000000,4.000000,4.000000,0.000000,0.000000,96.000000,96.000000,96.000000,100.000000,100.000000,5.0,798.8377,767.3102,5858.1432,5889.6706,PENDING_AG03,FALSE,NOT_FOR_ENFORCEMENT,6390.7016,3533200.0204,6656.9809,6390.7016,266.2792,0.00163983,0.00157424,266.2792,6390.7016,0.00157424,266.2792,266.2792,266.2792,0.0000,0.0000,6390.7016,0.00157424,798.8377,767.3102,5858.1432,5889.6706,0.00144305,0.00145082,0.00006559,418.2083,379.7376,0.6869,61.6387,1.8384,37588.4109,89.7407,538.3845,395.5999,218.4789,430.6076,432.5446,432.5446,1046.441,1081.3617,427.0584,0.0,2.43015,2.511246,0.971205,30,216,96,2,0.20383968,0.00163983,-0.01249836,0E-8,0.000000,0.906607,0.000000,0.01775797,2026-03-22,2026-08-06,108,3621,2443,138,0.782609,1.360932,1.287360,0.679466,,,,,,,,GLOBAL_BASELINE_NO_ENTITY_RANKING,,,NOT_APPLICABLE_GLOBAL_BASELINE,HF9g-P5,,,,X 全窗基线 · 不参与实体赏罚,14198238,1420,A168_HF9F_20260827_0900,2026-08-27 09:00:00
2026-04-24,57024343,526,0,430.8951847464,0E-10,0E-10,0.5000000,2,2,0.49994810000000000,0.499948100000,0.00014679536856514622,0.00014679536856514622,0.00014679536856514622,0E-17,ELIGIBLE,R03b_20260811_FULL_v1,L1_ELIGIBILITY,v2026-08-11,2026-03-21..2026-08-06,baccarat_bet02_101_all_pairs_incl_sentinel,round_win = game_pnl > 0 (decisive only),COMPATIBILITY_ONLY_NOT_PRODUCTION,4059548.3812,3680416.6879,6656.9809,9707,9692,-0.00163983,0.01249836,-0.00525961,-0.00163983,-6656.9809,4059548.3812,OK,0.0000,266.2792,4.0000,96.0000,AG03-UNRESOLVED,ALL5_LEVELS_bet23_to_bet27,266.2792,266.2792,266.2792,0.0000,0.0000,4.000000,4.000000,4.000000,0.000000,0.000000,96.000000,96.000000,96.000000,100.000000,100.000000,5.0,798.8377,767.3102,5858.1432,5889.6706,PENDING_AG03,FALSE,NOT_FOR_ENFORCEMENT,6390.7016,3533200.0204,6656.9809,6390.7016,266.2792,0.00163983,0.00157424,266.2792,6390.7016,0.00157424,266.2792,266.2792,266.2792,0.0000,0.0000,6390.7016,0.00157424,798.8377,767.3102,5858.1432,5889.6706,0.00144305,0.00145082,0.00006559,418.2083,379.7376,0.6869,61.6387,1.8384,37588.4109,89.7407,538.3845,395.5999,218.4789,430.6076,432.5446,432.5446,1046.441,1081.3617,427.0584,0.0,2.43015,2.511246,0.971205,30,216,96,2,0.20383968,0.00163983,-0.01249836,0E-8,0.000000,0.906607,0.000000,0.01775797,2026-03-22,2026-08-06,108,3621,2443,138,0.782609,1.360932,1.287360,0.679466,,,,,,,,GLOBAL_BASELINE_NO_ENTITY_RANKING,,,NOT_APPLICABLE_GLOBAL_BASELINE,HF9g-P5,,,,X 全窗基线 · 不参与实体赏罚,14198239,1420,A168_HF9F_20260827_0900,2026-08-27 09:00:00
2026-04-24,57024343,595,0,861.7903694928,-226.2199719919,-226.2199719919,0.3333333,4,4,0.50665070000000000,0.506650700000,-0.6004420894325239,-0.6004420894325239,-0.6004420894325239,0E-17,ELIGIBLE,R03b_20260811_FULL_v1,L1_ELIGIBILITY,v2026-08-11,2026-03-21..2026-08-06,baccarat_bet02_101_all_pairs_incl_sentinel,round_win = game_pnl > 0 (decisive only),COMPATIBILITY_ONLY_NOT_PRODUCTION,4059548.3812,3680416.6879,6656.9809,9707,9692,-0.00163983,0.01249836,-0.00525961,-0.00163983,-6656.9809,4059548.3812,OK,0.0000,266.2792,4.0000,96.0000,AG03-UNRESOLVED,ALL5_LEVELS_bet23_to_bet27,266.2792,266.2792,266.2792,0.0000,0.0000,4.000000,4.000000,4.000000,0.000000,0.000000,96.000000,96.000000,96.000000,100.000000,100.000000,5.0,798.8377,767.3102,5858.1432,5889.6706,PENDING_AG03,FALSE,NOT_FOR_ENFORCEMENT,6390.7016,3533200.0204,6656.9809,6390.7016,266.2792,0.00163983,0.00157424,266.2792,6390.7016,0.00157424,266.2792,266.2792,266.2792,0.0000,0.0000,6390.7016,0.00157424,798.8377,767.3102,5858.1432,5889.6706,0.00144305,0.00145082,0.00006559,418.2083,379.7376,0.6869,61.6387,1.8384,37588.4109,89.7407,538.3845,395.5999,218.4789,430.6076,432.5446,432.5446,1046.441,1081.3617,427.0584,0.0,2.43015,2.511246,0.971205,30,216,96,2,0.20383968,0.00163983,-0.01249836,0E-8,0.000000,0.906607,0.000000,0.01775797,2026-03-22,2026-08-06,108,3621,2443,138,0.782609,1.360932,1.287360,0.679466,,,,,,,,GLOBAL_BASELINE_NO_ENTITY_RANKING,,,NOT_APPLICABLE_GLOBAL_BASELINE,HF9g-P5,,,,X 全窗基线 · 不参与实体赏罚,14198240,1420,A168_HF9F_20260827_0900,2026-08-27 09:00:00
2026-04-24,57024343,925,0,1077.2379618660,-861.7903694928,-861.7903694928,0E-7,5,5,0.49860758000000000,0.498607580000,-1.9944380537814452,-1.9944380537814452,-1.9944380537814452,0E-17,ELIGIBLE,R03b_20260811_FULL_v1,L1_ELIGIBILITY,v2026-08-11,2026-03-21..2026-08-06,baccarat_bet02_101_all_pairs_incl_sentinel,round_win = game_pnl > 0 (decisive only),COMPATIBILITY_ONLY_NOT_PRODUCTION,4059548.3812,3680416.6879,6656.9809,9707,9692,-0.00163983,0.01249836,-0.00525961,-0.00163983,-6656.9809,4059548.3812,OK,0.0000,266.2792,4.0000,96.0000,AG03-UNRESOLVED,ALL5_LEVELS_bet23_to_bet27,266.2792,266.2792,266.2792,0.0000,0.0000,4.000000,4.000000,4.000000,0.000000,0.000000,96.000000,96.000000,96.000000,100.000000,100.000000,5.0,798.8377,767.3102,5858.1432,5889.6706,PENDING_AG03,FALSE,NOT_FOR_ENFORCEMENT,6390.7016,3533200.0204,6656.9809,6390.7016,266.2792,0.00163983,0.00157424,266.2792,6390.7016,0.00157424,266.2792,266.2792,266.2792,0.0000,0.0000,6390.7016,0.00157424,798.8377,767.3102,5858.1432,5889.6706,0.00144305,0.00145082,0.00006559,418.2083,379.7376,0.6869,61.6387,1.8384,37588.4109,89.7407,538.3845,395.5999,218.4789,430.6076,432.5446,432.5446,1046.441,1081.3617,427.0584,0.0,2.43015,2.511246,0.971205,30,216,96,2,0.20383968,0.00163983,-0.01249836,0E-8,0.000000,0.906607,0.000000,0.01775797,2026-03-22,2026-08-06,108,3621,2443,138,0.782609,1.360932,1.287360,0.679466,,,,,,,,GLOBAL_BASELINE_NO_ENTITY_RANKING,,,NOT_APPLICABLE_GLOBAL_BASELINE,HF9g-P5,,,,X 全窗基线 · 不参与实体赏罚,14198241,1420,A168_HF9F_20260827_0900,2026-08-27 09:00:00
2026-04-24,57024343,986,0,215.4475923732,-215.4475923732,-215.4475923732,0E-7,1,1,0.50665070000000000,0.506650700000,-1.013391052207602,-1.013391052207602,-1.013391052207602,0E-17,ELIGIBLE,R03b_20260811_FULL_v1,L1_ELIGIBILITY,v2026-08-11,2026-03-21..2026-08-06,baccarat_bet02_101_all_pairs_incl_sentinel,round_win = game_pnl > 0 (decisive only),COMPATIBILITY_ONLY_NOT_PRODUCTION,4059548.3812,3680416.6879,6656.9809,9707,9692,-0.00163983,0.01249836,-0.00525961,-0.00163983,-6656.9809,4059548.3812,OK,0.0000,266.2792,4.0000,96.0000,AG03-UNRESOLVED,ALL5_LEVELS_bet23_to_bet27,266.2792,266.2792,266.2792,0.0000,0.0000,4.000000,4.000000,4.000000,0.000000,0.000000,96.000000,96.000000,96.000000,100.000000,100.000000,5.0,798.8377,767.3102,5858.1432,5889.6706,PENDING_AG03,FALSE,NOT_FOR_ENFORCEMENT,6390.7016,3533200.0204,6656.9809,6390.7016,266.2792,0.00163983,0.00157424,266.2792,6390.7016,0.00157424,266.2792,266.2792,266.2792,0.0000,0.0000,6390.7016,0.00157424,798.8377,767.3102,5858.1432,5889.6706,0.00144305,0.00145082,0.00006559,418.2083,379.7376,0.6869,61.6387,1.8384,37588.4109,89.7407,538.3845,395.5999,218.4789,430.6076,432.5446,432.5446,1046.441,1081.3617,427.0584,0.0,2.43015,2.511246,0.971205,30,216,96,2,0.20383968,0.00163983,-0.01249836,0E-8,0.000000,0.906607,0.000000,0.01775797,2026-03-22,2026-08-06,108,3621,2443,138,0.782609,1.360932,1.287360,0.679466,,,,,,,,GLOBAL_BASELINE_NO_ENTITY_RANKING,,,NOT_APPLICABLE_GLOBAL_BASELINE,HF9g-P5,,,,X 全窗基线 · 不参与实体赏罚,14198242,1420,A168_HF9F_20260827_0900,2026-08-27 09:00:00
2026-04-24,57024343,994,0,430.8951847464,409.3504255090,409.3504255090,1.0000000,2,2,0.50665070000000000,0.506650700000,1.3955260008387969,1.3955260008387969,1.3955260008387969,0E-17,ELIGIBLE,R03b_20260811_FULL_v1,L1_ELIGIBILITY,v2026-08-11,2026-03-21..2026-08-06,baccarat_bet02_101_all_pairs_incl_sentinel,round_win = game_pnl > 0 (decisive only),COMPATIBILITY_ONLY_NOT_PRODUCTION,4059548.3812,3680416.6879,6656.9809,9707,9692,-0.00163983,0.01249836,-0.00525961,-0.00163983,-6656.9809,4059548.3812,OK,0.0000,266.2792,4.0000,96.0000,AG03-UNRESOLVED,ALL5_LEVELS_bet23_to_bet27,266.2792,266.2792,266.2792,0.0000,0.0000,4.000000,4.000000,4.000000,0.000000,0.000000,96.000000,96.000000,96.000000,100.000000,100.000000,5.0,798.8377,767.3102,5858.1432,5889.6706,PENDING_AG03,FALSE,NOT_FOR_ENFORCEMENT,6390.7016,3533200.0204,6656.9809,6390.7016,266.2792,0.00163983,0.00157424,266.2792,6390.7016,0.00157424,266.2792,266.2792,266.2792,0.0000,0.0000,6390.7016,0.00157424,798.8377,767.3102,5858.1432,5889.6706,0.00144305,0.00145082,0.00006559,418.2083,379.7376,0.6869,61.6387,1.8384,37588.4109,89.7407,538.3845,395.5999,218.4789,430.6076,432.5446,432.5446,1046.441,1081.3617,427.0584,0.0,2.43015,2.511246,0.971205,30,216,96,2,0.20383968,0.00163983,-0.01249836,0E-8,0.000000,0.906607,0.000000,0.01775797,2026-03-22,2026-08-06,108,3621,2443,138,0.782609,1.360932,1.287360,0.679466,,,,,,,,GLOBAL_BASELINE_NO_ENTITY_RANKING,,,NOT_APPLICABLE_GLOBAL_BASELINE,HF9g-P5,,,,X 全窗基线 · 不参与实体赏罚,14198243,1420,A168_HF9F_20260827_0900,2026-08-27 09:00:00
2026-04-25,57024343,-1,1,10341.4844339112,1917.4835721212,1917.4835721212,0.6315789,24,24,0.50609215000000000,0.506092150000,1.0940497497322148,1.094049749732215,1.0940497497322148,0E-17,SENTINEL_DEALER,R03b_20260811_FULL_v1,L1_ELIGIBILITY,v2026-08-11,2026-03-21..2026-08-06,baccarat_bet02_101_all_pairs_incl_sentinel,round_win = game_pnl > 0 (decisive only),COMPATIBILITY_ONLY_NOT_PRODUCTION,4059548.3812,3680416.6879,6656.9809,9707,9692,-0.00163983,0.01249836,-0.00525961,-0.00163983,-6656.9809,4059548.3812,OK,0.0000,266.2792,4.0000,96.0000,AG03-UNRESOLVED,ALL5_LEVELS_bet23_to_bet27,266.2792,266.2792,266.2792,0.0000,0.0000,4.000000,4.000000,4.000000,0.000000,0.000000,96.000000,96.000000,96.000000,100.000000,100.000000,5.0,798.8377,767.3102,5858.1432,5889.6706,PENDING_AG03,FALSE,NOT_FOR_ENFORCEMENT,6390.7016,3533200.0204,6656.9809,6390.7016,266.2792,0.00163983,0.00157424,266.2792,6390.7016,0.00157424,266.2792,266.2792,266.2792,0.0000,0.0000,6390.7016,0.00157424,798.8377,767.3102,5858.1432,5889.6706,0.00144305,0.00145082,0.00006559,418.2083,379.7376,0.6869,61.6387,1.8384,37588.4109,89.7407,538.3845,395.5999,218.4789,430.6076,432.5446,432.5446,1046.441,1081.3617,427.0584,0.0,2.43015,2.511246,0.971205,30,216,96,2,0.20383968,0.00163983,-0.01249836,0E-8,0.000000,0.906607,0.000000,0.01775797,2026-03-22,2026-08-06,108,3621,2443,138,0.782609,1.360932,1.287360,0.679466,,,,,,,,GLOBAL_BASELINE_NO_ENTITY_RANKING,,,NOT_APPLICABLE_GLOBAL_BASELINE,HF9g-P5,,,,X 全窗基线 · 不参与实体赏罚,14198244,1420,A168_HF9F_20260827_0900,2026-08-27 09:00:00
2026-04-25,57024343,1304,0,1077.2379618658,603.2532586448,603.2532586448,1.0000000,3,2,0.50441649999999966,0.503299400000,1.4017764996685753,1.4049120381089935,1.4017764996685753,0.00111709999999966,ELIGIBLE,R03b_20260811_FULL_v1,L1_ELIGIBILITY,v2026-08-11,2026-03-21..2026-08-06,baccarat_bet02_101_all_pairs_incl_sentinel,round_win = game_pnl > 0 (decisive only),COMPATIBILITY_ONLY_NOT_PRODUCTION,4059548.3812,3680416.6879,6656.9809,9707,9692,-0.00163983,0.01249836,-0.00525961,-0.00163983,-6656.9809,4059548.3812,OK,0.0000,266.2792,4.0000,96.0000,AG03-UNRESOLVED,ALL5_LEVELS_bet23_to_bet27,266.2792,266.2792,266.2792,0.0000,0.0000,4.000000,4.000000,4.000000,0.000000,0.000000,96.000000,96.000000,96.000000,100.000000,100.000000,5.0,798.8377,767.3102,5858.1432,5889.6706,PENDING_AG03,FALSE,NOT_FOR_ENFORCEMENT,6390.7016,3533200.0204,6656.9809,6390.7016,266.2792,0.00163983,0.00157424,266.2792,6390.7016,0.00157424,266.2792,266.2792,266.2792,0.0000,0.0000,6390.7016,0.00157424,798.8377,767.3102,5858.1432,5889.6706,0.00144305,0.00145082,0.00006559,418.2083,379.7376,0.6869,61.6387,1.8384,37588.4109,89.7407,538.3845,395.5999,218.4789,430.6076,432.5446,432.5446,1046.441,1081.3617,427.0584,0.0,2.43015,2.511246,0.971205,30,216,96,2,0.20383968,0.00163983,-0.01249836,0E-8,0.000000,0.906607,0.000000,0.01775797,2026-03-22,2026-08-06,108,3621,2443,138,0.782609,1.360932,1.287360,0.679466,,,,,,,,GLOBAL_BASELINE_NO_ENTITY_RANKING,,,NOT_APPLICABLE_GLOBAL_BASELINE,HF9g-P5,,,,X 全窗基线 · 不参与实体赏罚,14198245,1420,A168_HF9F_20260827_0900,2026-08-27 09:00:00
2026-04-25,57024343,1318,0,1939.0283313584,-861.7903694926,-861.7903694926,0.2500000,5,5,0.50128862000000000,0.501288620000,-1.0051578182180947,-1.0051578182180947,-1.0051578182180947,0E-17,ELIGIBLE,R03b_20260811_FULL_v1,L1_ELIGIBILITY,v2026-08-11,2026-03-21..2026-08-06,baccarat_bet02_101_all_pairs_incl_sentinel,round_win = game_pnl > 0 (decisive only),COMPATIBILITY_ONLY_NOT_PRODUCTION,4059548.3812,3680416.6879,6656.9809,9707,9692,-0.00163983,0.01249836,-0.00525961,-0.00163983,-6656.9809,4059548.3812,OK,0.0000,266.2792,4.0000,96.0000,AG03-UNRESOLVED,ALL5_LEVELS_bet23_to_bet27,266.2792,266.2792,266.2792,0.0000,0.0000,4.000000,4.000000,4.000000,0.000000,0.000000,96.000000,96.000000,96.000000,100.000000,100.000000,5.0,798.8377,767.3102,5858.1432,5889.6706,PENDING_AG03,FALSE,NOT_FOR_ENFORCEMENT,6390.7016,3533200.0204,6656.9809,6390.7016,266.2792,0.00163983,0.00157424,266.2792,6390.7016,0.00157424,266.2792,266.2792,266.2792,0.0000,0.0000,6390.7016,0.00157424,798.8377,767.3102,5858.1432,5889.6706,0.00144305,0.00145082,0.00006559,418.2083,379.7376,0.6869,61.6387,1.8384,37588.4109,89.7407,538.3845,395.5999,218.4789,430.6076,432.5446,432.5446,1046.441,1081.3617,427.0584,0.0,2.43015,2.511246,0.971205,30,216,96,2,0.20383968,0.00163983,-0.01249836,0E-8,0.000000,0.906607,0.000000,0.01775797,2026-03-22,2026-08-06,108,3621,2443,138,0.782609,1.360932,1.287360,0.679466,,,,,,,,GLOBAL_BASELINE_NO_ENTITY_RANKING,,,NOT_APPLICABLE_GLOBAL_BASELINE,HF9g-P5,,,,X 全窗基线 · 不参与实体赏罚,14198246,1420,A168_HF9F_20260827_0900,2026-08-27 09:00:00
2026-04-25,57024343,1382,0,1508.1331466121,-646.3427771195,-646.3427771195,0.2500000,4,4,0.50329940000000000,0.503299400000,-1.013219660140378,-1.013219660140378,-1.013219660140378,0E-17,ELIGIBLE,R03b_20260811_FULL_v1,L1_ELIGIBILITY,v2026-08-11,2026-03-21..2026-08-06,baccarat_bet02_101_all_pairs_incl_sentinel,round_win = game_pnl > 0 (decisive only),COMPATIBILITY_ONLY_NOT_PRODUCTION,4059548.3812,3680416.6879,6656.9809,9707,9692,-0.00163983,0.01249836,-0.00525961,-0.00163983,-6656.9809,4059548.3812,OK,0.0000,266.2792,4.0000,96.0000,AG03-UNRESOLVED,ALL5_LEVELS_bet23_to_bet27,266.2792,266.2792,266.2792,0.0000,0.0000,4.000000,4.000000,4.000000,0.000000,0.000000,96.000000,96.000000,96.000000,100.000000,100.000000,5.0,798.8377,767.3102,5858.1432,5889.6706,PENDING_AG03,FALSE,NOT_FOR_ENFORCEMENT,6390.7016,3533200.0204,6656.9809,6390.7016,266.2792,0.00163983,0.00157424,266.2792,6390.7016,0.00157424,266.2792,266.2792,266.2792,0.0000,0.0000,6390.7016,0.00157424,798.8377,767.3102,5858.1432,5889.6706,0.00144305,0.00145082,0.00006559,418.2083,379.7376,0.6869,61.6387,1.8384,37588.4109,89.7407,538.3845,395.5999,218.4789,430.6076,432.5446,432.5446,1046.441,1081.3617,427.0584,0.0,2.43015,2.511246,0.971205,30,216,96,2,0.20383968,0.00163983,-0.01249836,0E-8,0.000000,0.906607,0.000000,0.01775797,2026-03-22,2026-08-06,108,3621,2443,138,0.782609,1.360932,1.287360,0.679466,,,,,,,,GLOBAL_BASELINE_NO_ENTITY_RANKING,,,NOT_APPLICABLE_GLOBAL_BASELINE,HF9g-P5,,,,X 全窗基线 · 不参与实体赏罚,14198247,1420,A168_HF9F_20260827_0900,2026-08-27 09:00:00
2026-04-25,57024343,1405,0,1939.0283313584,-1088.0103414844,-1088.0103414844,0.2500000,5,5,0.50396966000000000,0.503969660000,-1.01591065835228,-1.0159106583522801,-1.01591065835228,0E-17,ELIGIBLE,R03b_20260811_FULL_v1,L1_ELIGIBILITY,v2026-08-11,2026-03-21..2026-08-06,baccarat_bet02_101_all_pairs_incl_sentinel,round_win = game_pnl > 0 (decisive only),COMPATIBILITY_ONLY_NOT_PRODUCTION,4059548.3812,3680416.6879,6656.9809,9707,9692,-0.00163983,0.01249836,-0.00525961,-0.00163983,-6656.9809,4059548.3812,OK,0.0000,266.2792,4.0000,96.0000,AG03-UNRESOLVED,ALL5_LEVELS_bet23_to_bet27,266.2792,266.2792,266.2792,0.0000,0.0000,4.000000,4.000000,4.000000,0.000000,0.000000,96.000000,96.000000,96.000000,100.000000,100.000000,5.0,798.8377,767.3102,5858.1432,5889.6706,PENDING_AG03,FALSE,NOT_FOR_ENFORCEMENT,6390.7016,3533200.0204,6656.9809,6390.7016,266.2792,0.00163983,0.00157424,266.2792,6390.7016,0.00157424,266.2792,266.2792,266.2792,0.0000,0.0000,6390.7016,0.00157424,798.8377,767.3102,5858.1432,5889.6706,0.00144305,0.00145082,0.00006559,418.2083,379.7376,0.6869,61.6387,1.8384,37588.4109,89.7407,538.3845,395.5999,218.4789,430.6076,432.5446,432.5446,1046.441,1081.3617,427.0584,0.0,2.43015,2.511246,0.971205,30,216,96,2,0.20383968,0.00163983,-0.01249836,0E-8,0.000000,0.906607,0.000000,0.01775797,2026-03-22,2026-08-06,108,3621,2443,138,0.782609,1.360932,1.287360,0.679466,,,,,,,,GLOBAL_BASELINE_NO_ENTITY_RANKING,,,NOT_APPLICABLE_GLOBAL_BASELINE,HF9g-P5,,,,X 全窗基线 · 不参与实体赏罚,14198248,1420,A168_HF9F_20260827_0900,2026-08-27 09:00:00
2026-04-25,57024343,1509,0,1292.6855542389,-452.4399439836,-452.4399439836,0.3333333,3,3,0.50665070000000000,0.506650700000,-0.6004420894325239,-0.6004420894325239,-0.6004420894325239,0E-17,ELIGIBLE,R03b_20260811_FULL_v1,L1_ELIGIBILITY,v2026-08-11,2026-03-21..2026-08-06,baccarat_bet02_101_all_pairs_incl_sentinel,round_win = game_pnl > 0 (decisive only),COMPATIBILITY_ONLY_NOT_PRODUCTION,4059548.3812,3680416.6879,6656.9809,9707,9692,-0.00163983,0.01249836,-0.00525961,-0.00163983,-6656.9809,4059548.3812,OK,0.0000,266.2792,4.0000,96.0000,AG03-UNRESOLVED,ALL5_LEVELS_bet23_to_bet27,266.2792,266.2792,266.2792,0.0000,0.0000,4.000000,4.000000,4.000000,0.000000,0.000000,96.000000,96.000000,96.000000,100.000000,100.000000,5.0,798.8377,767.3102,5858.1432,5889.6706,PENDING_AG03,FALSE,NOT_FOR_ENFORCEMENT,6390.7016,3533200.0204,6656.9809,6390.7016,266.2792,0.00163983,0.00157424,266.2792,6390.7016,0.00157424,266.2792,266.2792,266.2792,0.0000,0.0000,6390.7016,0.00157424,798.8377,767.3102,5858.1432,5889.6706,0.00144305,0.00145082,0.00006559,418.2083,379.7376,0.6869,61.6387,1.8384,37588.4109,89.7407,538.3845,395.5999,218.4789,430.6076,432.5446,432.5446,1046.441,1081.3617,427.0584,0.0,2.43015,2.511246,0.971205,30,216,96,2,0.20383968,0.00163983,-0.01249836,0E-8,0.000000,0.906607,0.000000,0.01775797,2026-03-22,2026-08-06,108,3621,2443,138,0.782609,1.360932,1.287360,0.679466,,,,,,,,GLOBAL_BASELINE_NO_ENTITY_RANKING,,,NOT_APPLICABLE_GLOBAL_BASELINE,HF9g-P5,,,,X 全窗基线 · 不参与实体赏罚,14198249,1420,A168_HF9F_20260827_0900,2026-08-27 09:00:00
2026-04-25,57024343,1646,0,1939.0283313584,-258.5371108478,-258.5371108478,0.4000000,5,5,0.50396966000000000,0.503969660000,-0.4649811094771361,-0.4649811094771361,-0.4649811094771361,0E-17,ELIGIBLE,R03b_20260811_FULL_v1,L1_ELIGIBILITY,v2026-08-11,2026-03-21..2026-08-06,baccarat_bet02_101_all_pairs_incl_sentinel,round_win = game_pnl > 0 (decisive only),COMPATIBILITY_ONLY_NOT_PRODUCTION,4059548.3812,3680416.6879,6656.9809,9707,9692,-0.00163983,0.01249836,-0.00525961,-0.00163983,-6656.9809,4059548.3812,OK,0.0000,266.2792,4.0000,96.0000,AG03-UNRESOLVED,ALL5_LEVELS_bet23_to_bet27,266.2792,266.2792,266.2792,0.0000,0.0000,4.000000,4.000000,4.000000,0.000000,0.000000,96.000000,96.000000,96.000000,100.000000,100.000000,5.0,798.8377,767.3102,5858.1432,5889.6706,PENDING_AG03,FALSE,NOT_FOR_ENFORCEMENT,6390.7016,3533200.0204,6656.9809,6390.7016,266.2792,0.00163983,0.00157424,266.2792,6390.7016,0.00157424,266.2792,266.2792,266.2792,0.0000,0.0000,6390.7016,0.00157424,798.8377,767.3102,5858.1432,5889.6706,0.00144305,0.00145082,0.00006559,418.2083,379.7376,0.6869,61.6387,1.8384,37588.4109,89.7407,538.3845,395.5999,218.4789,430.6076,432.5446,432.5446,1046.441,1081.3617,427.0584,0.0,2.43015,2.511246,0.971205,30,216,96,2,0.20383968,0.00163983,-0.01249836,0E-8,0.000000,0.906607,0.000000,0.01775797,2026-03-22,2026-08-06,108,3621,2443,138,0.782609,1.360932,1.287360,0.679466,,,,,,,,GLOBAL_BASELINE_NO_ENTITY_RANKING,,,NOT_APPLICABLE_GLOBAL_BASELINE,HF9g-P5,,,,X 全窗基线 · 不参与实体赏罚,14198250,1420,A168_HF9F_20260827_0900,2026-08-27 09:00:00
2026-04-25,57024343,1940,0,1508.1331466121,172.3580738985,172.3580738985,0.5000000,4,4,0.50665070000000000,0.506650700000,-0.02660515369234503,-0.02660515369234503,-0.02660515369234503,0E-17,ELIGIBLE,R03b_20260811_FULL_v1,L1_ELIGIBILITY,v2026-08-11,2026-03-21..2026-08-06,baccarat_bet02_101_all_pairs_incl_sentinel,round_win = game_pnl > 0 (decisive only),COMPATIBILITY_ONLY_NOT_PRODUCTION,4059548.3812,3680416.6879,6656.9809,9707,9692,-0.00163983,0.01249836,-0.00525961,-0.00163983,-6656.9809,4059548.3812,OK,0.0000,266.2792,4.0000,96.0000,AG03-UNRESOLVED,ALL5_LEVELS_bet23_to_bet27,266.2792,266.2792,266.2792,0.0000,0.0000,4.000000,4.000000,4.000000,0.000000,0.000000,96.000000,96.000000,96.000000,100.000000,100.000000,5.0,798.8377,767.3102,5858.1432,5889.6706,PENDING_AG03,FALSE,NOT_FOR_ENFORCEMENT,6390.7016,3533200.0204,6656.9809,6390.7016,266.2792,0.00163983,0.00157424,266.2792,6390.7016,0.00157424,266.2792,266.2792,266.2792,0.0000,0.0000,6390.7016,0.00157424,798.8377,767.3102,5858.1432,5889.6706,0.00144305,0.00145082,0.00006559,418.2083,379.7376,0.6869,61.6387,1.8384,37588.4109,89.7407,538.3845,395.5999,218.4789,430.6076,432.5446,432.5446,1046.441,1081.3617,427.0584,0.0,2.43015,2.511246,0.971205,30,216,96,2,0.20383968,0.00163983,-0.01249836,0E-8,0.000000,0.906607,0.000000,0.01775797,2026-03-22,2026-08-06,108,3621,2443,138,0.782609,1.360932,1.287360,0.679466,,,,,,,,GLOBAL_BASELINE_NO_ENTITY_RANKING,,,NOT_APPLICABLE_GLOBAL_BASELINE,HF9g-P5,,,,X 全窗基线 · 不参与实体赏罚,14198251,1420,A168_HF9F_20260827_0900,2026-08-27 09:00:00
2026-04-25,57024343,1947,0,861.7903694926,-21.5447592373,-21.5447592373,0.5000000,2,2,0.50665070000000000,0.506650700000,-0.018812684590367487,-0.018812684590367487,-0.018812684590367487,0E-17,ELIGIBLE,R03b_20260811_FULL_v1,L1_ELIGIBILITY,v2026-08-11,2026-03-21..2026-08-06,baccarat_bet02_101_all_pairs_incl_sentinel,round_win = game_pnl > 0 (decisive only),COMPATIBILITY_ONLY_NOT_PRODUCTION,4059548.3812,3680416.6879,6656.9809,9707,9692,-0.00163983,0.01249836,-0.00525961,-0.00163983,-6656.9809,4059548.3812,OK,0.0000,266.2792,4.0000,96.0000,AG03-UNRESOLVED,ALL5_LEVELS_bet23_to_bet27,266.2792,266.2792,266.2792,0.0000,0.0000,4.000000,4.000000,4.000000,0.000000,0.000000,96.000000,96.000000,96.000000,100.000000,100.000000,5.0,798.8377,767.3102,5858.1432,5889.6706,PENDING_AG03,FALSE,NOT_FOR_ENFORCEMENT,6390.7016,3533200.0204,6656.9809,6390.7016,266.2792,0.00163983,0.00157424,266.2792,6390.7016,0.00157424,266.2792,266.2792,266.2792,0.0000,0.0000,6390.7016,0.00157424,798.8377,767.3102,5858.1432,5889.6706,0.00144305,0.00145082,0.00006559,418.2083,379.7376,0.6869,61.6387,1.8384,37588.4109,89.7407,538.3845,395.5999,218.4789,430.6076,432.5446,432.5446,1046.441,1081.3617,427.0584,0.0,2.43015,2.511246,0.971205,30,216,96,2,0.20383968,0.00163983,-0.01249836,0E-8,0.000000,0.906607,0.000000,0.01775797,2026-03-22,2026-08-06,108,3621,2443,138,0.782609,1.360932,1.287360,0.679466,,,,,,,,GLOBAL_BASELINE_NO_ENTITY_RANKING,,,NOT_APPLICABLE_GLOBAL_BASELINE,HF9g-P5,,,,X 全窗基线 · 不参与实体赏罚,14198252,1420,A168_HF9F_20260827_0900,2026-08-27 09:00:00
2026-04-25,57024343,2123,0,2585.3711084778,409.3504255090,409.3504255090,0.6000000,6,6,0.49994810000000000,0.499948100000,0.44744570176651083,0.44744570176651083,0.44744570176651083,0E-17,ELIGIBLE,R03b_20260811_FULL_v1,L1_ELIGIBILITY,v2026-08-11,2026-03-21..2026-08-06,baccarat_bet02_101_all_pairs_incl_sentinel,round_win = game_pnl > 0 (decisive only),COMPATIBILITY_ONLY_NOT_PRODUCTION,4059548.3812,3680416.6879,6656.9809,9707,9692,-0.00163983,0.01249836,-0.00525961,-0.00163983,-6656.9809,4059548.3812,OK,0.0000,266.2792,4.0000,96.0000,AG03-UNRESOLVED,ALL5_LEVELS_bet23_to_bet27,266.2792,266.2792,266.2792,0.0000,0.0000,4.000000,4.000000,4.000000,0.000000,0.000000,96.000000,96.000000,96.000000,100.000000,100.000000,5.0,798.8377,767.3102,5858.1432,5889.6706,PENDING_AG03,FALSE,NOT_FOR_ENFORCEMENT,6390.7016,3533200.0204,6656.9809,6390.7016,266.2792,0.00163983,0.00157424,266.2792,6390.7016,0.00157424,266.2792,266.2792,266.2792,0.0000,0.0000,6390.7016,0.00157424,798.8377,767.3102,5858.1432,5889.6706,0.00144305,0.00145082,0.00006559,418.2083,379.7376,0.6869,61.6387,1.8384,37588.4109,89.7407,538.3845,395.5999,218.4789,430.6076,432.5446,432.5446,1046.441,1081.3617,427.0584,0.0,2.43015,2.511246,0.971205,30,216,96,2,0.20383968,0.00163983,-0.01249836,0E-8,0.000000,0.906607,0.000000,0.01775797,2026-03-22,2026-08-06,108,3621,2443,138,0.782609,1.360932,1.287360,0.679466,,,,,,,,GLOBAL_BASELINE_NO_ENTITY_RANKING,,,NOT_APPLICABLE_GLOBAL_BASELINE,HF9g-P5,,,,X 全窗基线 · 不参与实体赏罚,14198253,1420,A168_HF9F_20260827_0900,2026-08-27 09:00:00
2026-04-25,57024343,2141,0,2154.4759237315,-43.0895184746,-43.0895184746,0.5000000,5,5,0.50665070000000000,0.506650700000,-0.02660515369234503,-0.02660515369234503,-0.02660515369234503,0E-17,ELIGIBLE,R03b_20260811_FULL_v1,L1_ELIGIBILITY,v2026-08-11,2026-03-21..2026-08-06,baccarat_bet02_101_all_pairs_incl_sentinel,round_win = game_pnl > 0 (decisive only),COMPATIBILITY_ONLY_NOT_PRODUCTION,4059548.3812,3680416.6879,6656.9809,9707,9692,-0.00163983,0.01249836,-0.00525961,-0.00163983,-6656.9809,4059548.3812,OK,0.0000,266.2792,4.0000,96.0000,AG03-UNRESOLVED,ALL5_LEVELS_bet23_to_bet27,266.2792,266.2792,266.2792,0.0000,0.0000,4.000000,4.000000,4.000000,0.000000,0.000000,96.000000,96.000000,96.000000,100.000000,100.000000,5.0,798.8377,767.3102,5858.1432,5889.6706,PENDING_AG03,FALSE,NOT_FOR_ENFORCEMENT,6390.7016,3533200.0204,6656.9809,6390.7016,266.2792,0.00163983,0.00157424,266.2792,6390.7016,0.00157424,266.2792,266.2792,266.2792,0.0000,0.0000,6390.7016,0.00157424,798.8377,767.3102,5858.1432,5889.6706,0.00144305,0.00145082,0.00006559,418.2083,379.7376,0.6869,61.6387,1.8384,37588.4109,89.7407,538.3845,395.5999,218.4789,430.6076,432.5446,432.5446,1046.441,1081.3617,427.0584,0.0,2.43015,2.511246,0.971205,30,216,96,2,0.20383968,0.00163983,-0.01249836,0E-8,0.000000,0.906607,0.000000,0.01775797,2026-03-22,2026-08-06,108,3621,2443,138,0.782609,1.360932,1.287360,0.679466,,,,,,,,GLOBAL_BASELINE_NO_ENTITY_RANKING,,,NOT_APPLICABLE_GLOBAL_BASELINE,HF9g-P5,,,,X 全窗基线 · 不参与实体赏罚,14198254,1420,A168_HF9F_20260827_0900,2026-08-27 09:00:00
2026-04-25,57024343,2201,0,1292.6855542389,1228.0512765270,1228.0512765270,1.0000000,3,3,0.50665070000000000,0.506650700000,1.7091633124209307,1.7091633124209307,1.7091633124209307,0E-17,ELIGIBLE,R03b_20260811_FULL_v1,L1_ELIGIBILITY,v2026-08-11,2026-03-21..2026-08-06,baccarat_bet02_101_all_pairs_incl_sentinel,round_win = game_pnl > 0 (decisive only),COMPATIBILITY_ONLY_NOT_PRODUCTION,4059548.3812,3680416.6879,6656.9809,9707,9692,-0.00163983,0.01249836,-0.00525961,-0.00163983,-6656.9809,4059548.3812,OK,0.0000,266.2792,4.0000,96.0000,AG03-UNRESOLVED,ALL5_LEVELS_bet23_to_bet27,266.2792,266.2792,266.2792,0.0000,0.0000,4.000000,4.000000,4.000000,0.000000,0.000000,96.000000,96.000000,96.000000,100.000000,100.000000,5.0,798.8377,767.3102,5858.1432,5889.6706,PENDING_AG03,FALSE,NOT_FOR_ENFORCEMENT,6390.7016,3533200.0204,6656.9809,6390.7016,266.2792,0.00163983,0.00157424,266.2792,6390.7016,0.00157424,266.2792,266.2792,266.2792,0.0000,0.0000,6390.7016,0.00157424,798.8377,767.3102,5858.1432,5889.6706,0.00144305,0.00145082,0.00006559,418.2083,379.7376,0.6869,61.6387,1.8384,37588.4109,89.7407,538.3845,395.5999,218.4789,430.6076,432.5446,432.5446,1046.441,1081.3617,427.0584,0.0,2.43015,2.511246,0.971205,30,216,96,2,0.20383968,0.00163983,-0.01249836,0E-8,0.000000,0.906607,0.000000,0.01775797,2026-03-22,2026-08-06,108,3621,2443,138,0.782609,1.360932,1.287360,0.679466,,,,,,,,GLOBAL_BASELINE_NO_ENTITY_RANKING,,,NOT_APPLICABLE_GLOBAL_BASELINE,HF9g-P5,,,,X 全窗基线 · 不参与实体赏罚,14198255,1420,A168_HF9F_20260827_0900,2026-08-27 09:00:00
2026-04-25,57024343,2205,0,2154.4759237315,-883.3351287299,-883.3351287299,0.2500000,5,5,0.50396966000000000,0.503969660000,-1.01591065835228,-1.0159106583522801,-1.01591065835228,0E-17,ELIGIBLE,R03b_20260811_FULL_v1,L1_ELIGIBILITY,v2026-08-11,2026-03-21..2026-08-06,baccarat_bet02_101_all_pairs_incl_sentinel,round_win = game_pnl > 0 (decisive only),COMPATIBILITY_ONLY_NOT_PRODUCTION,4059548.3812,3680416.6879,6656.9809,9707,9692,-0.00163983,0.01249836,-0.00525961,-0.00163983,-6656.9809,4059548.3812,OK,0.0000,266.2792,4.0000,96.0000,AG03-UNRESOLVED,ALL5_LEVELS_bet23_to_bet27,266.2792,266.2792,266.2792,0.0000,0.0000,4.000000,4.000000,4.000000,0.000000,0.000000,96.000000,96.000000,96.000000,100.000000,100.000000,5.0,798.8377,767.3102,5858.1432,5889.6706,PENDING_AG03,FALSE,NOT_FOR_ENFORCEMENT,6390.7016,3533200.0204,6656.9809,6390.7016,266.2792,0.00163983,0.00157424,266.2792,6390.7016,0.00157424,266.2792,266.2792,266.2792,0.0000,0.0000,6390.7016,0.00157424,798.8377,767.3102,5858.1432,5889.6706,0.00144305,0.00145082,0.00006559,418.2083,379.7376,0.6869,61.6387,1.8384,37588.4109,89.7407,538.3845,395.5999,218.4789,430.6076,432.5446,432.5446,1046.441,1081.3617,427.0584,0.0,2.43015,2.511246,0.971205,30,216,96,2,0.20383968,0.00163983,-0.01249836,0E-8,0.000000,0.906607,0.000000,0.01775797,2026-03-22,2026-08-06,108,3621,2443,138,0.782609,1.360932,1.287360,0.679466,,,,,,,,GLOBAL_BASELINE_NO_ENTITY_RANKING,,,NOT_APPLICABLE_GLOBAL_BASELINE,HF9g-P5,,,,X 全窗基线 · 不参与实体赏罚,14198256,1420,A168_HF9F_20260827_0900,2026-08-27 09:00:00
2026-04-25,57024343,2209,0,1508.1331466121,-215.4475923731,-215.4475923731,0.5000000,4,4,0.49659680000000000,0.496596800000,0.013613115331600182,0.013613115331600183,0.013613115331600182,0E-17,ELIGIBLE,R03b_20260811_FULL_v1,L1_ELIGIBILITY,v2026-08-11,2026-03-21..2026-08-06,baccarat_bet02_101_all_pairs_incl_sentinel,round_win = game_pnl > 0 (decisive only),COMPATIBILITY_ONLY_NOT_PRODUCTION,4059548.3812,3680416.6879,6656.9809,9707,9692,-0.00163983,0.01249836,-0.00525961,-0.00163983,-6656.9809,4059548.3812,OK,0.0000,266.2792,4.0000,96.0000,AG03-UNRESOLVED,ALL5_LEVELS_bet23_to_bet27,266.2792,266.2792,266.2792,0.0000,0.0000,4.000000,4.000000,4.000000,0.000000,0.000000,96.000000,96.000000,96.000000,100.000000,100.000000,5.0,798.8377,767.3102,5858.1432,5889.6706,PENDING_AG03,FALSE,NOT_FOR_ENFORCEMENT,6390.7016,3533200.0204,6656.9809,6390.7016,266.2792,0.00163983,0.00157424,266.2792,6390.7016,0.00157424,266.2792,266.2792,266.2792,0.0000,0.0000,6390.7016,0.00157424,798.8377,767.3102,5858.1432,5889.6706,0.00144305,0.00145082,0.00006559,418.2083,379.7376,0.6869,61.6387,1.8384,37588.4109,89.7407,538.3845,395.5999,218.4789,430.6076,432.5446,432.5446,1046.441,1081.3617,427.0584,0.0,2.43015,2.511246,0.971205,30,216,96,2,0.20383968,0.00163983,-0.01249836,0E-8,0.000000,0.906607,0.000000,0.01775797,2026-03-22,2026-08-06,108,3621,2443,138,0.782609,1.360932,1.287360,0.679466,,,,,,,,GLOBAL_BASELINE_NO_ENTITY_RANKING,,,NOT_APPLICABLE_GLOBAL_BASELINE,HF9g-P5,,,,X 全窗基线 · 不参与实体赏罚,14198257,1420,A168_HF9F_20260827_0900,2026-08-27 09:00:00
2026-04-25,57024343,2242,0,646.3427771195,215.4475923732,215.4475923732,1.0000000,2,2,0.49324550000000000,0.493245500000,1.01360149184955,1.01360149184955,1.01360149184955,0E-17,ELIGIBLE,R03b_20260811_FULL_v1,L1_ELIGIBILITY,v2026-08-11,2026-03-21..2026-08-06,baccarat_bet02_101_all_pairs_incl_sentinel,round_win = game_pnl > 0 (decisive only),COMPATIBILITY_ONLY_NOT_PRODUCTION,4059548.3812,3680416.6879,6656.9809,9707,9692,-0.00163983,0.01249836,-0.00525961,-0.00163983,-6656.9809,4059548.3812,OK,0.0000,266.2792,4.0000,96.0000,AG03-UNRESOLVED,ALL5_LEVELS_bet23_to_bet27,266.2792,266.2792,266.2792,0.0000,0.0000,4.000000,4.000000,4.000000,0.000000,0.000000,96.000000,96.000000,96.000000,100.000000,100.000000,5.0,798.8377,767.3102,5858.1432,5889.6706,PENDING_AG03,FALSE,NOT_FOR_ENFORCEMENT,6390.7016,3533200.0204,6656.9809,6390.7016,266.2792,0.00163983,0.00157424,266.2792,6390.7016,0.00157424,266.2792,266.2792,266.2792,0.0000,0.0000,6390.7016,0.00157424,798.8377,767.3102,5858.1432,5889.6706,0.00144305,0.00145082,0.00006559,418.2083,379.7376,0.6869,61.6387,1.8384,37588.4109,89.7407,538.3845,395.5999,218.4789,430.6076,432.5446,432.5446,1046.441,1081.3617,427.0584,0.0,2.43015,2.511246,0.971205,30,216,96,2,0.20383968,0.00163983,-0.01249836,0E-8,0.000000,0.906607,0.000000,0.01775797,2026-03-22,2026-08-06,108,3621,2443,138,0.782609,1.360932,1.287360,0.679466,,,,,,,,GLOBAL_BASELINE_NO_ENTITY_RANKING,,,NOT_APPLICABLE_GLOBAL_BASELINE,HF9g-P5,,,,X 全窗基线 · 不参与实体赏罚,14198258,1420,A168_HF9F_20260827_0900,2026-08-27 09:00:00
2026-04-25,57024343,2251,0,861.7903694926,-21.5447592373,-21.5447592373,0.5000000,2,2,0.50665070000000000,0.506650700000,-0.018812684590367487,-0.018812684590367487,-0.018812684590367487,0E-17,ELIGIBLE,R03b_20260811_FULL_v1,L1_ELIGIBILITY,v2026-08-11,2026-03-21..2026-08-06,baccarat_bet02_101_all_pairs_incl_sentinel,round_win = game_pnl > 0 (decisive only),COMPATIBILITY_ONLY_NOT_PRODUCTION,4059548.3812,3680416.6879,6656.9809,9707,9692,-0.00163983,0.01249836,-0.00525961,-0.00163983,-6656.9809,4059548.3812,OK,0.0000,266.2792,4.0000,96.0000,AG03-UNRESOLVED,ALL5_LEVELS_bet23_to_bet27,266.2792,266.2792,266.2792,0.0000,0.0000,4.000000,4.000000,4.000000,0.000000,0.000000,96.000000,96.000000,96.000000,100.000000,100.000000,5.0,798.8377,767.3102,5858.1432,5889.6706,PENDING_AG03,FALSE,NOT_FOR_ENFORCEMENT,6390.7016,3533200.0204,6656.9809,6390.7016,266.2792,0.00163983,0.00157424,266.2792,6390.7016,0.00157424,266.2792,266.2792,266.2792,0.0000,0.0000,6390.7016,0.00157424,798.8377,767.3102,5858.1432,5889.6706,0.00144305,0.00145082,0.00006559,418.2083,379.7376,0.6869,61.6387,1.8384,37588.4109,89.7407,538.3845,395.5999,218.4789,430.6076,432.5446,432.5446,1046.441,1081.3617,427.0584,0.0,2.43015,2.511246,0.971205,30,216,96,2,0.20383968,0.00163983,-0.01249836,0E-8,0.000000,0.906607,0.000000,0.01775797,2026-03-22,2026-08-06,108,3621,2443,138,0.782609,1.360932,1.287360,0.679466,,,,,,,,GLOBAL_BASELINE_NO_ENTITY_RANKING,,,NOT_APPLICABLE_GLOBAL_BASELINE,HF9g-P5,,,,X 全窗基线 · 不参与实体赏罚,14198259,1420,A168_HF9F_20260827_0900,2026-08-27 09:00:00
2026-04-25,57024343,2254,0,1508.1331466121,-667.8875363568,-667.8875363568,0.2500000,4,4,0.50329940000000000,0.503299400000,-1.013219660140378,-1.013219660140378,-1.013219660140378,0E-17,ELIGIBLE,R03b_20260811_FULL_v1,L1_ELIGIBILITY,v2026-08-11,2026-03-21..2026-08-06,baccarat_bet02_101_all_pairs_incl_sentinel,round_win = game_pnl > 0 (decisive only),COMPATIBILITY_ONLY_NOT_PRODUCTION,4059548.3812,3680416.6879,6656.9809,9707,9692,-0.00163983,0.01249836,-0.00525961,-0.00163983,-6656.9809,4059548.3812,OK,0.0000,266.2792,4.0000,96.0000,AG03-UNRESOLVED,ALL5_LEVELS_bet23_to_bet27,266.2792,266.2792,266.2792,0.0000,0.0000,4.000000,4.000000,4.000000,0.000000,0.000000,96.000000,96.000000,96.000000,100.000000,100.000000,5.0,798.8377,767.3102,5858.1432,5889.6706,PENDING_AG03,FALSE,NOT_FOR_ENFORCEMENT,6390.7016,3533200.0204,6656.9809,6390.7016,266.2792,0.00163983,0.00157424,266.2792,6390.7016,0.00157424,266.2792,266.2792,266.2792,0.0000,0.0000,6390.7016,0.00157424,798.8377,767.3102,5858.1432,5889.6706,0.00144305,0.00145082,0.00006559,418.2083,379.7376,0.6869,61.6387,1.8384,37588.4109,89.7407,538.3845,395.5999,218.4789,430.6076,432.5446,432.5446,1046.441,1081.3617,427.0584,0.0,2.43015,2.511246,0.971205,30,216,96,2,0.20383968,0.00163983,-0.01249836,0E-8,0.000000,0.906607,0.000000,0.01775797,2026-03-22,2026-08-06,108,3621,2443,138,0.782609,1.360932,1.287360,0.679466,,,,,,,,GLOBAL_BASELINE_NO_ENTITY_RANKING,,,NOT_APPLICABLE_GLOBAL_BASELINE,HF9g-P5,,,,X 全窗基线 · 不参与实体赏罚,14198260,1420,A168_HF9F_20260827_0900,2026-08-27 09:00:00
2026-04-25,57024343,763,0,861.7903694926,840.2456102553,840.2456102553,1.0000000,2,2,0.49994810000000000,0.499948100000,1.4143603653603398,1.4143603653603398,1.4143603653603398,0E-17,ELIGIBLE,R03b_20260811_FULL_v1,L1_ELIGIBILITY,v2026-08-11,2026-03-21..2026-08-06,baccarat_bet02_101_all_pairs_incl_sentinel,round_win = game_pnl > 0 (decisive only),COMPATIBILITY_ONLY_NOT_PRODUCTION,4059548.3812,3680416.6879,6656.9809,9707,9692,-0.00163983,0.01249836,-0.00525961,-0.00163983,-6656.9809,4059548.3812,OK,0.0000,266.2792,4.0000,96.0000,AG03-UNRESOLVED,ALL5_LEVELS_bet23_to_bet27,266.2792,266.2792,266.2792,0.0000,0.0000,4.000000,4.000000,4.000000,0.000000,0.000000,96.000000,96.000000,96.000000,100.000000,100.000000,5.0,798.8377,767.3102,5858.1432,5889.6706,PENDING_AG03,FALSE,NOT_FOR_ENFORCEMENT,6390.7016,3533200.0204,6656.9809,6390.7016,266.2792,0.00163983,0.00157424,266.2792,6390.7016,0.00157424,266.2792,266.2792,266.2792,0.0000,0.0000,6390.7016,0.00157424,798.8377,767.3102,5858.1432,5889.6706,0.00144305,0.00145082,0.00006559,418.2083,379.7376,0.6869,61.6387,1.8384,37588.4109,89.7407,538.3845,395.5999,218.4789,430.6076,432.5446,432.5446,1046.441,1081.3617,427.0584,0.0,2.43015,2.511246,0.971205,30,216,96,2,0.20383968,0.00163983,-0.01249836,0E-8,0.000000,0.906607,0.000000,0.01775797,2026-03-22,2026-08-06,108,3621,2443,138,0.782609,1.360932,1.287360,0.679466,,,,,,,,GLOBAL_BASELINE_NO_ENTITY_RANKING,,,NOT_APPLICABLE_GLOBAL_BASELINE,HF9g-P5,,,,X 全窗基线 · 不参与实体赏罚,14198261,1420,A168_HF9F_20260827_0900,2026-08-27 09:00:00
2026-04-26,57024343,-1,1,12065.0651728964,-4438.2204028868,-4438.2204028868,0.2916667,28,28,0.50521442857142857,0.505214428571,-2.0924460009380708,-2.0924460009338532,-2.0924460009380708,4.2857E-13,SENTINEL_DEALER,R03b_20260811_FULL_v1,L1_ELIGIBILITY,v2026-08-11,2026-03-21..2026-08-06,baccarat_bet02_101_all_pairs_incl_sentinel,round_win = game_pnl > 0 (decisive only),COMPATIBILITY_ONLY_NOT_PRODUCTION,4059548.3812,3680416.6879,6656.9809,9707,9692,-0.00163983,0.01249836,-0.00525961,-0.00163983,-6656.9809,4059548.3812,OK,0.0000,266.2792,4.0000,96.0000,AG03-UNRESOLVED,ALL5_LEVELS_bet23_to_bet27,266.2792,266.2792,266.2792,0.0000,0.0000,4.000000,4.000000,4.000000,0.000000,0.000000,96.000000,96.000000,96.000000,100.000000,100.000000,5.0,798.8377,767.3102,5858.1432,5889.6706,PENDING_AG03,FALSE,NOT_FOR_ENFORCEMENT,6390.7016,3533200.0204,6656.9809,6390.7016,266.2792,0.00163983,0.00157424,266.2792,6390.7016,0.00157424,266.2792,266.2792,266.2792,0.0000,0.0000,6390.7016,0.00157424,798.8377,767.3102,5858.1432,5889.6706,0.00144305,0.00145082,0.00006559,418.2083,379.7376,0.6869,61.6387,1.8384,37588.4109,89.7407,538.3845,395.5999,218.4789,430.6076,432.5446,432.5446,1046.441,1081.3617,427.0584,0.0,2.43015,2.511246,0.971205,30,216,96,2,0.20383968,0.00163983,-0.01249836,0E-8,0.000000,0.906607,0.000000,0.01775797,2026-03-22,2026-08-06,108,3621,2443,138,0.782609,1.360932,1.287360,0.679466,,,,,,,,GLOBAL_BASELINE_NO_ENTITY_RANKING,,,NOT_APPLICABLE_GLOBAL_BASELINE,HF9g-P5,,,,X 全窗基线 · 不参与实体赏罚,14198262,1420,A168_HF9F_20260827_0900,2026-08-27 09:00:00
2026-04-26,57024343,1004,0,861.7903694926,-861.7903694926,-861.7903694926,0E-7,2,2,0.49994810000000000,0.499948100000,-1.4140667746232096,-1.4140667746232096,-1.4140667746232096,0E-17,ELIGIBLE,R03b_20260811_FULL_v1,L1_ELIGIBILITY,v2026-08-11,2026-03-21..2026-08-06,baccarat_bet02_101_all_pairs_incl_sentinel,round_win = game_pnl > 0 (decisive only),COMPATIBILITY_ONLY_NOT_PRODUCTION,4059548.3812,3680416.6879,6656.9809,9707,9692,-0.00163983,0.01249836,-0.00525961,-0.00163983,-6656.9809,4059548.3812,OK,0.0000,266.2792,4.0000,96.0000,AG03-UNRESOLVED,ALL5_LEVELS_bet23_to_bet27,266.2792,266.2792,266.2792,0.0000,0.0000,4.000000,4.000000,4.000000,0.000000,0.000000,96.000000,96.000000,96.000000,100.000000,100.000000,5.0,798.8377,767.3102,5858.1432,5889.6706,PENDING_AG03,FALSE,NOT_FOR_ENFORCEMENT,6390.7016,3533200.0204,6656.9809,6390.7016,266.2792,0.00163983,0.00157424,266.2792,6390.7016,0.00157424,266.2792,266.2792,266.2792,0.0000,0.0000,6390.7016,0.00157424,798.8377,767.3102,5858.1432,5889.6706,0.00144305,0.00145082,0.00006559,418.2083,379.7376,0.6869,61.6387,1.8384,37588.4109,89.7407,538.3845,395.5999,218.4789,430.6076,432.5446,432.5446,1046.441,1081.3617,427.0584,0.0,2.43015,2.511246,0.971205,30,216,96,2,0.20383968,0.00163983,-0.01249836,0E-8,0.000000,0.906607,0.000000,0.01775797,2026-03-22,2026-08-06,108,3621,2443,138,0.782609,1.360932,1.287360,0.679466,,,,,,,,GLOBAL_BASELINE_NO_ENTITY_RANKING,,,NOT_APPLICABLE_GLOBAL_BASELINE,HF9g-P5,,,,X 全窗基线 · 不参与实体赏罚,14198263,1420,A168_HF9F_20260827_0900,2026-08-27 09:00:00
2026-04-26,57024343,1078,0,1292.6855542389,-1292.6855542389,-1292.6855542389,0E-7,3,3,0.50218230000000000,0.502182300000,-1.7396270863184011,-1.7396270863184016,-1.7396270863184011,0E-17,ELIGIBLE,R03b_20260811_FULL_v1,L1_ELIGIBILITY,v2026-08-11,2026-03-21..2026-08-06,baccarat_bet02_101_all_pairs_incl_sentinel,round_win = game_pnl > 0 (decisive only),COMPATIBILITY_ONLY_NOT_PRODUCTION,4059548.3812,3680416.6879,6656.9809,9707,9692,-0.00163983,0.01249836,-0.00525961,-0.00163983,-6656.9809,4059548.3812,OK,0.0000,266.2792,4.0000,96.0000,AG03-UNRESOLVED,ALL5_LEVELS_bet23_to_bet27,266.2792,266.2792,266.2792,0.0000,0.0000,4.000000,4.000000,4.000000,0.000000,0.000000,96.000000,96.000000,96.000000,100.000000,100.000000,5.0,798.8377,767.3102,5858.1432,5889.6706,PENDING_AG03,FALSE,NOT_FOR_ENFORCEMENT,6390.7016,3533200.0204,6656.9809,6390.7016,266.2792,0.00163983,0.00157424,266.2792,6390.7016,0.00157424,266.2792,266.2792,266.2792,0.0000,0.0000,6390.7016,0.00157424,798.8377,767.3102,5858.1432,5889.6706,0.00144305,0.00145082,0.00006559,418.2083,379.7376,0.6869,61.6387,1.8384,37588.4109,89.7407,538.3845,395.5999,218.4789,430.6076,432.5446,432.5446,1046.441,1081.3617,427.0584,0.0,2.43015,2.511246,0.971205,30,216,96,2,0.20383968,0.00163983,-0.01249836,0E-8,0.000000,0.906607,0.000000,0.01775797,2026-03-22,2026-08-06,108,3621,2443,138,0.782609,1.360932,1.287360,0.679466,,,,,,,,GLOBAL_BASELINE_NO_ENTITY_RANKING,,,NOT_APPLICABLE_GLOBAL_BASELINE,HF9g-P5,,,,X 全窗基线 · 不参与实体赏罚,14198264,1420,A168_HF9F_20260827_0900,2026-08-27 09:00:00
2026-04-26,57024343,1094,0,215.4475923732,-215.4475923732,-215.4475923732,0E-7,1,1,0.50665070000000000,0.506650700000,-1.013391052207602,-1.013391052207602,-1.013391052207602,0E-17,ELIGIBLE,R03b_20260811_FULL_v1,L1_ELIGIBILITY,v2026-08-11,2026-03-21..2026-08-06,baccarat_bet02_101_all_pairs_incl_sentinel,round_win = game_pnl > 0 (decisive only),COMPATIBILITY_ONLY_NOT_PRODUCTION,4059548.3812,3680416.6879,6656.9809,9707,9692,-0.00163983,0.01249836,-0.00525961,-0.00163983,-6656.9809,4059548.3812,OK,0.0000,266.2792,4.0000,96.0000,AG03-UNRESOLVED,ALL5_LEVELS_bet23_to_bet27,266.2792,266.2792,266.2792,0.0000,0.0000,4.000000,4.000000,4.000000,0.000000,0.000000,96.000000,96.000000,96.000000,100.000000,100.000000,5.0,798.8377,767.3102,5858.1432,5889.6706,PENDING_AG03,FALSE,NOT_FOR_ENFORCEMENT,6390.7016,3533200.0204,6656.9809,6390.7016,266.2792,0.00163983,0.00157424,266.2792,6390.7016,0.00157424,266.2792,266.2792,266.2792,0.0000,0.0000,6390.7016,0.00157424,798.8377,767.3102,5858.1432,5889.6706,0.00144305,0.00145082,0.00006559,418.2083,379.7376,0.6869,61.6387,1.8384,37588.4109,89.7407,538.3845,395.5999,218.4789,430.6076,432.5446,432.5446,1046.441,1081.3617,427.0584,0.0,2.43015,2.511246,0.971205,30,216,96,2,0.20383968,0.00163983,-0.01249836,0E-8,0.000000,0.906607,0.000000,0.01775797,2026-03-22,2026-08-06,108,3621,2443,138,0.782609,1.360932,1.287360,0.679466,,,,,,,,GLOBAL_BASELINE_NO_ENTITY_RANKING,,,NOT_APPLICABLE_GLOBAL_BASELINE,HF9g-P5,,,,X 全窗基线 · 不参与实体赏罚,14198265,1420,A168_HF9F_20260827_0900,2026-08-27 09:00:00
2026-04-26,57024343,1302,0,430.8951847463,-430.8951847463,-430.8951847463,0E-7,1,1,0.50665070000000000,0.506650700000,-1.013391052207602,-1.013391052207602,-1.013391052207602,0E-17,ELIGIBLE,R03b_20260811_FULL_v1,L1_ELIGIBILITY,v2026-08-11,2026-03-21..2026-08-06,baccarat_bet02_101_all_pairs_incl_sentinel,round_win = game_pnl > 0 (decisive only),COMPATIBILITY_ONLY_NOT_PRODUCTION,4059548.3812,3680416.6879,6656.9809,9707,9692,-0.00163983,0.01249836,-0.00525961,-0.00163983,-6656.9809,4059548.3812,OK,0.0000,266.2792,4.0000,96.0000,AG03-UNRESOLVED,ALL5_LEVELS_bet23_to_bet27,266.2792,266.2792,266.2792,0.0000,0.0000,4.000000,4.000000,4.000000,0.000000,0.000000,96.000000,96.000000,96.000000,100.000000,100.000000,5.0,798.8377,767.3102,5858.1432,5889.6706,PENDING_AG03,FALSE,NOT_FOR_ENFORCEMENT,6390.7016,3533200.0204,6656.9809,6390.7016,266.2792,0.00163983,0.00157424,266.2792,6390.7016,0.00157424,266.2792,266.2792,266.2792,0.0000,0.0000,6390.7016,0.00157424,798.8377,767.3102,5858.1432,5889.6706,0.00144305,0.00145082,0.00006559,418.2083,379.7376,0.6869,61.6387,1.8384,37588.4109,89.7407,538.3845,395.5999,218.4789,430.6076,432.5446,432.5446,1046.441,1081.3617,427.0584,0.0,2.43015,2.511246,0.971205,30,216,96,2,0.20383968,0.00163983,-0.01249836,0E-8,0.000000,0.906607,0.000000,0.01775797,2026-03-22,2026-08-06,108,3621,2443,138,0.782609,1.360932,1.287360,0.679466,,,,,,,,GLOBAL_BASELINE_NO_ENTITY_RANKING,,,NOT_APPLICABLE_GLOBAL_BASELINE,HF9g-P5,,,,X 全窗基线 · 不参与实体赏罚,14198266,1420,A168_HF9F_20260827_0900,2026-08-27 09:00:00
2026-04-26,57024343,1306,0,1292.6855542389,-452.4399439836,-452.4399439836,0.3333333,3,3,0.50665070000000000,0.506650700000,-0.6004420894325239,-0.6004420894325239,-0.6004420894325239,0E-17,ELIGIBLE,R03b_20260811_FULL_v1,L1_ELIGIBILITY,v2026-08-11,2026-03-21..2026-08-06,baccarat_bet02_101_all_pairs_incl_sentinel,round_win = game_pnl > 0 (decisive only),COMPATIBILITY_ONLY_NOT_PRODUCTION,4059548.3812,3680416.6879,6656.9809,9707,9692,-0.00163983,0.01249836,-0.00525961,-0.00163983,-6656.9809,4059548.3812,OK,0.0000,266.2792,4.0000,96.0000,AG03-UNRESOLVED,ALL5_LEVELS_bet23_to_bet27,266.2792,266.2792,266.2792,0.0000,0.0000,4.000000,4.000000,4.000000,0.000000,0.000000,96.000000,96.000000,96.000000,100.000000,100.000000,5.0,798.8377,767.3102,5858.1432,5889.6706,PENDING_AG03,FALSE,NOT_FOR_ENFORCEMENT,6390.7016,3533200.0204,6656.9809,6390.7016,266.2792,0.00163983,0.00157424,266.2792,6390.7016,0.00157424,266.2792,266.2792,266.2792,0.0000,0.0000,6390.7016,0.00157424,798.8377,767.3102,5858.1432,5889.6706,0.00144305,0.00145082,0.00006559,418.2083,379.7376,0.6869,61.6387,1.8384,37588.4109,89.7407,538.3845,395.5999,218.4789,430.6076,432.5446,432.5446,1046.441,1081.3617,427.0584,0.0,2.43015,2.511246,0.971205,30,216,96,2,0.20383968,0.00163983,-0.01249836,0E-8,0.000000,0.906607,0.000000,0.01775797,2026-03-22,2026-08-06,108,3621,2443,138,0.782609,1.360932,1.287360,0.679466,,,,,,,,GLOBAL_BASELINE_NO_ENTITY_RANKING,,,NOT_APPLICABLE_GLOBAL_BASELINE,HF9g-P5,,,,X 全窗基线 · 不参与实体赏罚,14198267,1420,A168_HF9F_20260827_0900,2026-08-27 09:00:00
2026-04-26,57024343,1331,0,430.8951847463,430.8951847463,430.8951847463,1.0000000,1,1,0.49324550000000000,0.493245500000,1.01360149184955,1.01360149184955,1.01360149184955,0E-17,ELIGIBLE,R03b_20260811_FULL_v1,L1_ELIGIBILITY,v2026-08-11,2026-03-21..2026-08-06,baccarat_bet02_101_all_pairs_incl_sentinel,round_win = game_pnl > 0 (decisive only),COMPATIBILITY_ONLY_NOT_PRODUCTION,4059548.3812,3680416.6879,6656.9809,9707,9692,-0.00163983,0.01249836,-0.00525961,-0.00163983,-6656.9809,4059548.3812,OK,0.0000,266.2792,4.0000,96.0000,AG03-UNRESOLVED,ALL5_LEVELS_bet23_to_bet27,266.2792,266.2792,266.2792,0.0000,0.0000,4.000000,4.000000,4.000000,0.000000,0.000000,96.000000,96.000000,96.000000,100.000000,100.000000,5.0,798.8377,767.3102,5858.1432,5889.6706,PENDING_AG03,FALSE,NOT_FOR_ENFORCEMENT,6390.7016,3533200.0204,6656.9809,6390.7016,266.2792,0.00163983,0.00157424,266.2792,6390.7016,0.00157424,266.2792,266.2792,266.2792,0.0000,0.0000,6390.7016,0.00157424,798.8377,767.3102,5858.1432,5889.6706,0.00144305,0.00145082,0.00006559,418.2083,379.7376,0.6869,61.6387,1.8384,37588.4109,89.7407,538.3845,395.5999,218.4789,430.6076,432.5446,432.5446,1046.441,1081.3617,427.0584,0.0,2.43015,2.511246,0.971205,30,216,96,2,0.20383968,0.00163983,-0.01249836,0E-8,0.000000,0.906607,0.000000,0.01775797,2026-03-22,2026-08-06,108,3621,2443,138,0.782609,1.360932,1.287360,0.679466,,,,,,,,GLOBAL_BASELINE_NO_ENTITY_RANKING,,,NOT_APPLICABLE_GLOBAL_BASELINE,HF9g-P5,,,,X 全窗基线 · 不参与实体赏罚,14198268,1420,A168_HF9F_20260827_0900,2026-08-27 09:00:00
2026-04-26,57024343,1353,0,430.8951847463,409.3504255090,409.3504255090,1.0000000,1,1,0.50665070000000000,0.506650700000,0.9867858985152569,0.9867858985152569,0.9867858985152569,0E-17,ELIGIBLE,R03b_20260811_FULL_v1,L1_ELIGIBILITY,v2026-08-11,2026-03-21..2026-08-06,baccarat_bet02_101_all_pairs_incl_sentinel,round_win = game_pnl > 0 (decisive only),COMPATIBILITY_ONLY_NOT_PRODUCTION,4059548.3812,3680416.6879,6656.9809,9707,9692,-0.00163983,0.01249836,-0.00525961,-0.00163983,-6656.9809,4059548.3812,OK,0.0000,266.2792,4.0000,96.0000,AG03-UNRESOLVED,ALL5_LEVELS_bet23_to_bet27,266.2792,266.2792,266.2792,0.0000,0.0000,4.000000,4.000000,4.000000,0.000000,0.000000,96.000000,96.000000,96.000000,100.000000,100.000000,5.0,798.8377,767.3102,5858.1432,5889.6706,PENDING_AG03,FALSE,NOT_FOR_ENFORCEMENT,6390.7016,3533200.0204,6656.9809,6390.7016,266.2792,0.00163983,0.00157424,266.2792,6390.7016,0.00157424,266.2792,266.2792,266.2792,0.0000,0.0000,6390.7016,0.00157424,798.8377,767.3102,5858.1432,5889.6706,0.00144305,0.00145082,0.00006559,418.2083,379.7376,0.6869,61.6387,1.8384,37588.4109,89.7407,538.3845,395.5999,218.4789,430.6076,432.5446,432.5446,1046.441,1081.3617,427.0584,0.0,2.43015,2.511246,0.971205,30,216,96,2,0.20383968,0.00163983,-0.01249836,0E-8,0.000000,0.906607,0.000000,0.01775797,2026-03-22,2026-08-06,108,3621,2443,138,0.782609,1.360932,1.287360,0.679466,,,,,,,,GLOBAL_BASELINE_NO_ENTITY_RANKING,,,NOT_APPLICABLE_GLOBAL_BASELINE,HF9g-P5,,,,X 全窗基线 · 不参与实体赏罚,14198269,1420,A168_HF9F_20260827_0900,2026-08-27 09:00:00
2026-04-26,57024343,1383,0,430.8951847463,-430.8951847463,-430.8951847463,0E-7,1,1,0.50665070000000000,0.506650700000,-1.013391052207602,-1.013391052207602,-1.013391052207602,0E-17,ELIGIBLE,R03b_20260811_FULL_v1,L1_ELIGIBILITY,v2026-08-11,2026-03-21..2026-08-06,baccarat_bet02_101_all_pairs_incl_sentinel,round_win = game_pnl > 0 (decisive only),COMPATIBILITY_ONLY_NOT_PRODUCTION,4059548.3812,3680416.6879,6656.9809,9707,9692,-0.00163983,0.01249836,-0.00525961,-0.00163983,-6656.9809,4059548.3812,OK,0.0000,266.2792,4.0000,96.0000,AG03-UNRESOLVED,ALL5_LEVELS_bet23_to_bet27,266.2792,266.2792,266.2792,0.0000,0.0000,4.000000,4.000000,4.000000,0.000000,0.000000,96.000000,96.000000,96.000000,100.000000,100.000000,5.0,798.8377,767.3102,5858.1432,5889.6706,PENDING_AG03,FALSE,NOT_FOR_ENFORCEMENT,6390.7016,3533200.0204,6656.9809,6390.7016,266.2792,0.00163983,0.00157424,266.2792,6390.7016,0.00157424,266.2792,266.2792,266.2792,0.0000,0.0000,6390.7016,0.00157424,798.8377,767.3102,5858.1432,5889.6706,0.00144305,0.00145082,0.00006559,418.2083,379.7376,0.6869,61.6387,1.8384,37588.4109,89.7407,538.3845,395.5999,218.4789,430.6076,432.5446,432.5446,1046.441,1081.3617,427.0584,0.0,2.43015,2.511246,0.971205,30,216,96,2,0.20383968,0.00163983,-0.01249836,0E-8,0.000000,0.906607,0.000000,0.01775797,2026-03-22,2026-08-06,108,3621,2443,138,0.782609,1.360932,1.287360,0.679466,,,,,,,,GLOBAL_BASELINE_NO_ENTITY_RANKING,,,NOT_APPLICABLE_GLOBAL_BASELINE,HF9g-P5,,,,X 全窗基线 · 不参与实体赏罚,14198270,1420,A168_HF9F_20260827_0900,2026-08-27 09:00:00
2026-04-26,57024343,1490,0,646.3427771195,-226.2199719918,-226.2199719918,0.5000000,2,2,0.49994810000000000,0.499948100000,0.00014679536856514622,0.00014679536856514622,0.00014679536856514622,0E-17,ELIGIBLE,R03b_20260811_FULL_v1,L1_ELIGIBILITY,v2026-08-11,2026-03-21..2026-08-06,baccarat_bet02_101_all_pairs_incl_sentinel,round_win = game_pnl > 0 (decisive only),COMPATIBILITY_ONLY_NOT_PRODUCTION,4059548.3812,3680416.6879,6656.9809,9707,9692,-0.00163983,0.01249836,-0.00525961,-0.00163983,-6656.9809,4059548.3812,OK,0.0000,266.2792,4.0000,96.0000,AG03-UNRESOLVED,ALL5_LEVELS_bet23_to_bet27,266.2792,266.2792,266.2792,0.0000,0.0000,4.000000,4.000000,4.000000,0.000000,0.000000,96.000000,96.000000,96.000000,100.000000,100.000000,5.0,798.8377,767.3102,5858.1432,5889.6706,PENDING_AG03,FALSE,NOT_FOR_ENFORCEMENT,6390.7016,3533200.0204,6656.9809,6390.7016,266.2792,0.00163983,0.00157424,266.2792,6390.7016,0.00157424,266.2792,266.2792,266.2792,0.0000,0.0000,6390.7016,0.00157424,798.8377,767.3102,5858.1432,5889.6706,0.00144305,0.00145082,0.00006559,418.2083,379.7376,0.6869,61.6387,1.8384,37588.4109,89.7407,538.3845,395.5999,218.4789,430.6076,432.5446,432.5446,1046.441,1081.3617,427.0584,0.0,2.43015,2.511246,0.971205,30,216,96,2,0.20383968,0.00163983,-0.01249836,0E-8,0.000000,0.906607,0.000000,0.01775797,2026-03-22,2026-08-06,108,3621,2443,138,0.782609,1.360932,1.287360,0.679466,,,,,,,,GLOBAL_BASELINE_NO_ENTITY_RANKING,,,NOT_APPLICABLE_GLOBAL_BASELINE,HF9g-P5,,,,X 全窗基线 · 不参与实体赏罚,14198271,1420,A168_HF9F_20260827_0900,2026-08-27 09:00:00
2026-04-26,57024343,1505,0,2585.3711084778,-64.6342777119,-64.6342777119,0.5000000,6,6,0.50665070000000000,0.506650700000,-0.032584525537284574,-0.032584525537284574,-0.032584525537284574,0E-17,ELIGIBLE,R03b_20260811_FULL_v1,L1_ELIGIBILITY,v2026-08-11,2026-03-21..2026-08-06,baccarat_bet02_101_all_pairs_incl_sentinel,round_win = game_pnl > 0 (decisive only),COMPATIBILITY_ONLY_NOT_PRODUCTION,4059548.3812,3680416.6879,6656.9809,9707,9692,-0.00163983,0.01249836,-0.00525961,-0.00163983,-6656.9809,4059548.3812,OK,0.0000,266.2792,4.0000,96.0000,AG03-UNRESOLVED,ALL5_LEVELS_bet23_to_bet27,266.2792,266.2792,266.2792,0.0000,0.0000,4.000000,4.000000,4.000000,0.000000,0.000000,96.000000,96.000000,96.000000,100.000000,100.000000,5.0,798.8377,767.3102,5858.1432,5889.6706,PENDING_AG03,FALSE,NOT_FOR_ENFORCEMENT,6390.7016,3533200.0204,6656.9809,6390.7016,266.2792,0.00163983,0.00157424,266.2792,6390.7016,0.00157424,266.2792,266.2792,266.2792,0.0000,0.0000,6390.7016,0.00157424,798.8377,767.3102,5858.1432,5889.6706,0.00144305,0.00145082,0.00006559,418.2083,379.7376,0.6869,61.6387,1.8384,37588.4109,89.7407,538.3845,395.5999,218.4789,430.6076,432.5446,432.5446,1046.441,1081.3617,427.0584,0.0,2.43015,2.511246,0.971205,30,216,96,2,0.20383968,0.00163983,-0.01249836,0E-8,0.000000,0.906607,0.000000,0.01775797,2026-03-22,2026-08-06,108,3621,2443,138,0.782609,1.360932,1.287360,0.679466,,,,,,,,GLOBAL_BASELINE_NO_ENTITY_RANKING,,,NOT_APPLICABLE_GLOBAL_BASELINE,HF9g-P5,,,,X 全窗基线 · 不参与实体赏罚,14198272,1420,A168_HF9F_20260827_0900,2026-08-27 09:00:00
2026-04-26,57024343,1935,0,430.8951847463,409.3504255090,409.3504255090,1.0000000,1,1,0.50665070000000000,0.506650700000,0.9867858985152569,0.9867858985152569,0.9867858985152569,0E-17,ELIGIBLE,R03b_20260811_FULL_v1,L1_ELIGIBILITY,v2026-08-11,2026-03-21..2026-08-06,baccarat_bet02_101_all_pairs_incl_sentinel,round_win = game_pnl > 0 (decisive only),COMPATIBILITY_ONLY_NOT_PRODUCTION,4059548.3812,3680416.6879,6656.9809,9707,9692,-0.00163983,0.01249836,-0.00525961,-0.00163983,-6656.9809,4059548.3812,OK,0.0000,266.2792,4.0000,96.0000,AG03-UNRESOLVED,ALL5_LEVELS_bet23_to_bet27,266.2792,266.2792,266.2792,0.0000,0.0000,4.000000,4.000000,4.000000,0.000000,0.000000,96.000000,96.000000,96.000000,100.000000,100.000000,5.0,798.8377,767.3102,5858.1432,5889.6706,PENDING_AG03,FALSE,NOT_FOR_ENFORCEMENT,6390.7016,3533200.0204,6656.9809,6390.7016,266.2792,0.00163983,0.00157424,266.2792,6390.7016,0.00157424,266.2792,266.2792,266.2792,0.0000,0.0000,6390.7016,0.00157424,798.8377,767.3102,5858.1432,5889.6706,0.00144305,0.00145082,0.00006559,418.2083,379.7376,0.6869,61.6387,1.8384,37588.4109,89.7407,538.3845,395.5999,218.4789,430.6076,432.5446,432.5446,1046.441,1081.3617,427.0584,0.0,2.43015,2.511246,0.971205,30,216,96,2,0.20383968,0.00163983,-0.01249836,0E-8,0.000000,0.906607,0.000000,0.01775797,2026-03-22,2026-08-06,108,3621,2443,138,0.782609,1.360932,1.287360,0.679466,,,,,,,,GLOBAL_BASELINE_NO_ENTITY_RANKING,,,NOT_APPLICABLE_GLOBAL_BASELINE,HF9g-P5,,,,X 全窗基线 · 不参与实体赏罚,14198273,1420,A168_HF9F_20260827_0900,2026-08-27 09:00:00
2026-04-26,57024343,1985,0,430.8951847463,-430.8951847463,-430.8951847463,0E-7,1,1,0.50665070000000000,0.506650700000,-1.013391052207602,-1.013391052207602,-1.013391052207602,0E-17,ELIGIBLE,R03b_20260811_FULL_v1,L1_ELIGIBILITY,v2026-08-11,2026-03-21..2026-08-06,baccarat_bet02_101_all_pairs_incl_sentinel,round_win = game_pnl > 0 (decisive only),COMPATIBILITY_ONLY_NOT_PRODUCTION,4059548.3812,3680416.6879,6656.9809,9707,9692,-0.00163983,0.01249836,-0.00525961,-0.00163983,-6656.9809,4059548.3812,OK,0.0000,266.2792,4.0000,96.0000,AG03-UNRESOLVED,ALL5_LEVELS_bet23_to_bet27,266.2792,266.2792,266.2792,0.0000,0.0000,4.000000,4.000000,4.000000,0.000000,0.000000,96.000000,96.000000,96.000000,100.000000,100.000000,5.0,798.8377,767.3102,5858.1432,5889.6706,PENDING_AG03,FALSE,NOT_FOR_ENFORCEMENT,6390.7016,3533200.0204,6656.9809,6390.7016,266.2792,0.00163983,0.00157424,266.2792,6390.7016,0.00157424,266.2792,266.2792,266.2792,0.0000,0.0000,6390.7016,0.00157424,798.8377,767.3102,5858.1432,5889.6706,0.00144305,0.00145082,0.00006559,418.2083,379.7376,0.6869,61.6387,1.8384,37588.4109,89.7407,538.3845,395.5999,218.4789,430.6076,432.5446,432.5446,1046.441,1081.3617,427.0584,0.0,2.43015,2.511246,0.971205,30,216,96,2,0.20383968,0.00163983,-0.01249836,0E-8,0.000000,0.906607,0.000000,0.01775797,2026-03-22,2026-08-06,108,3621,2443,138,0.782609,1.360932,1.287360,0.679466,,,,,,,,GLOBAL_BASELINE_NO_ENTITY_RANKING,,,NOT_APPLICABLE_GLOBAL_BASELINE,HF9g-P5,,,,X 全窗基线 · 不参与实体赏罚,14198274,1420,A168_HF9F_20260827_0900,2026-08-27 09:00:00
2026-04-26,57024343,1991,0,1292.6855542389,-861.7903694926,-861.7903694926,0E-7,3,3,0.50665070000000000,0.506650700000,-1.4331513700195317,-1.4331513700195317,-1.4331513700195317,0E-17,ELIGIBLE,R03b_20260811_FULL_v1,L1_ELIGIBILITY,v2026-08-11,2026-03-21..2026-08-06,baccarat_bet02_101_all_pairs_incl_sentinel,round_win = game_pnl > 0 (decisive only),COMPATIBILITY_ONLY_NOT_PRODUCTION,4059548.3812,3680416.6879,6656.9809,9707,9692,-0.00163983,0.01249836,-0.00525961,-0.00163983,-6656.9809,4059548.3812,OK,0.0000,266.2792,4.0000,96.0000,AG03-UNRESOLVED,ALL5_LEVELS_bet23_to_bet27,266.2792,266.2792,266.2792,0.0000,0.0000,4.000000,4.000000,4.000000,0.000000,0.000000,96.000000,96.000000,96.000000,100.000000,100.000000,5.0,798.8377,767.3102,5858.1432,5889.6706,PENDING_AG03,FALSE,NOT_FOR_ENFORCEMENT,6390.7016,3533200.0204,6656.9809,6390.7016,266.2792,0.00163983,0.00157424,266.2792,6390.7016,0.00157424,266.2792,266.2792,266.2792,0.0000,0.0000,6390.7016,0.00157424,798.8377,767.3102,5858.1432,5889.6706,0.00144305,0.00145082,0.00006559,418.2083,379.7376,0.6869,61.6387,1.8384,37588.4109,89.7407,538.3845,395.5999,218.4789,430.6076,432.5446,432.5446,1046.441,1081.3617,427.0584,0.0,2.43015,2.511246,0.971205,30,216,96,2,0.20383968,0.00163983,-0.01249836,0E-8,0.000000,0.906607,0.000000,0.01775797,2026-03-22,2026-08-06,108,3621,2443,138,0.782609,1.360932,1.287360,0.679466,,,,,,,,GLOBAL_BASELINE_NO_ENTITY_RANKING,,,NOT_APPLICABLE_GLOBAL_BASELINE,HF9g-P5,,,,X 全窗基线 · 不参与实体赏罚,14198275,1420,A168_HF9F_20260827_0900,2026-08-27 09:00:00
2026-04-26,57024343,2100,0,430.8951847463,-430.8951847463,-430.8951847463,0E-7,1,1,0.50665070000000000,0.506650700000,-1.013391052207602,-1.013391052207602,-1.013391052207602,0E-17,ELIGIBLE,R03b_20260811_FULL_v1,L1_ELIGIBILITY,v2026-08-11,2026-03-21..2026-08-06,baccarat_bet02_101_all_pairs_incl_sentinel,round_win = game_pnl > 0 (decisive only),COMPATIBILITY_ONLY_NOT_PRODUCTION,4059548.3812,3680416.6879,6656.9809,9707,9692,-0.00163983,0.01249836,-0.00525961,-0.00163983,-6656.9809,4059548.3812,OK,0.0000,266.2792,4.0000,96.0000,AG03-UNRESOLVED,ALL5_LEVELS_bet23_to_bet27,266.2792,266.2792,266.2792,0.0000,0.0000,4.000000,4.000000,4.000000,0.000000,0.000000,96.000000,96.000000,96.000000,100.000000,100.000000,5.0,798.8377,767.3102,5858.1432,5889.6706,PENDING_AG03,FALSE,NOT_FOR_ENFORCEMENT,6390.7016,3533200.0204,6656.9809,6390.7016,266.2792,0.00163983,0.00157424,266.2792,6390.7016,0.00157424,266.2792,266.2792,266.2792,0.0000,0.0000,6390.7016,0.00157424,798.8377,767.3102,5858.1432,5889.6706,0.00144305,0.00145082,0.00006559,418.2083,379.7376,0.6869,61.6387,1.8384,37588.4109,89.7407,538.3845,395.5999,218.4789,430.6076,432.5446,432.5446,1046.441,1081.3617,427.0584,0.0,2.43015,2.511246,0.971205,30,216,96,2,0.20383968,0.00163983,-0.01249836,0E-8,0.000000,0.906607,0.000000,0.01775797,2026-03-22,2026-08-06,108,3621,2443,138,0.782609,1.360932,1.287360,0.679466,,,,,,,,GLOBAL_BASELINE_NO_ENTITY_RANKING,,,NOT_APPLICABLE_GLOBAL_BASELINE,HF9g-P5,,,,X 全窗基线 · 不参与实体赏罚,14198276,1420,A168_HF9F_20260827_0900,2026-08-27 09:00:00
2026-04-26,57024343,2106,0,1723.5807389852,-43.0895184746,-43.0895184746,0.5000000,4,4,0.50329940000000000,0.503299400000,-0.01319788734859681,-0.01319788734859681,-0.01319788734859681,0E-17,ELIGIBLE,R03b_20260811_FULL_v1,L1_ELIGIBILITY,v2026-08-11,2026-03-21..2026-08-06,baccarat_bet02_101_all_pairs_incl_sentinel,round_win = game_pnl > 0 (decisive only),COMPATIBILITY_ONLY_NOT_PRODUCTION,4059548.3812,3680416.6879,6656.9809,9707,9692,-0.00163983,0.01249836,-0.00525961,-0.00163983,-6656.9809,4059548.3812,OK,0.0000,266.2792,4.0000,96.0000,AG03-UNRESOLVED,ALL5_LEVELS_bet23_to_bet27,266.2792,266.2792,266.2792,0.0000,0.0000,4.000000,4.000000,4.000000,0.000000,0.000000,96.000000,96.000000,96.000000,100.000000,100.000000,5.0,798.8377,767.3102,5858.1432,5889.6706,PENDING_AG03,FALSE,NOT_FOR_ENFORCEMENT,6390.7016,3533200.0204,6656.9809,6390.7016,266.2792,0.00163983,0.00157424,266.2792,6390.7016,0.00157424,266.2792,266.2792,266.2792,0.0000,0.0000,6390.7016,0.00157424,798.8377,767.3102,5858.1432,5889.6706,0.00144305,0.00145082,0.00006559,418.2083,379.7376,0.6869,61.6387,1.8384,37588.4109,89.7407,538.3845,395.5999,218.4789,430.6076,432.5446,432.5446,1046.441,1081.3617,427.0584,0.0,2.43015,2.511246,0.971205,30,216,96,2,0.20383968,0.00163983,-0.01249836,0E-8,0.000000,0.906607,0.000000,0.01775797,2026-03-22,2026-08-06,108,3621,2443,138,0.782609,1.360932,1.287360,0.679466,,,,,,,,GLOBAL_BASELINE_NO_ENTITY_RANKING,,,NOT_APPLICABLE_GLOBAL_BASELINE,HF9g-P5,,,,X 全窗基线 · 不参与实体赏罚,14198277,1420,A168_HF9F_20260827_0900,2026-08-27 09:00:00
2026-04-26,57024343,2123,0,2369.9235161047,1637.4017020360,1637.4017020360,1.0000000,5,5,0.50665070000000000,0.506650700000,1.9735717970305138,1.9735717970305138,1.9735717970305138,0E-17,ELIGIBLE,R03b_20260811_FULL_v1,L1_ELIGIBILITY,v2026-08-11,2026-03-21..2026-08-06,baccarat_bet02_101_all_pairs_incl_sentinel,round_win = game_pnl > 0 (decisive only),COMPATIBILITY_ONLY_NOT_PRODUCTION,4059548.3812,3680416.6879,6656.9809,9707,9692,-0.00163983,0.01249836,-0.00525961,-0.00163983,-6656.9809,4059548.3812,OK,0.0000,266.2792,4.0000,96.0000,AG03-UNRESOLVED,ALL5_LEVELS_bet23_to_bet27,266.2792,266.2792,266.2792,0.0000,0.0000,4.000000,4.000000,4.000000,0.000000,0.000000,96.000000,96.000000,96.000000,100.000000,100.000000,5.0,798.8377,767.3102,5858.1432,5889.6706,PENDING_AG03,FALSE,NOT_FOR_ENFORCEMENT,6390.7016,3533200.0204,6656.9809,6390.7016,266.2792,0.00163983,0.00157424,266.2792,6390.7016,0.00157424,266.2792,266.2792,266.2792,0.0000,0.0000,6390.7016,0.00157424,798.8377,767.3102,5858.1432,5889.6706,0.00144305,0.00145082,0.00006559,418.2083,379.7376,0.6869,61.6387,1.8384,37588.4109,89.7407,538.3845,395.5999,218.4789,430.6076,432.5446,432.5446,1046.441,1081.3617,427.0584,0.0,2.43015,2.511246,0.971205,30,216,96,2,0.20383968,0.00163983,-0.01249836,0E-8,0.000000,0.906607,0.000000,0.01775797,2026-03-22,2026-08-06,108,3621,2443,138,0.782609,1.360932,1.287360,0.679466,,,,,,,,GLOBAL_BASELINE_NO_ENTITY_RANKING,,,NOT_APPLICABLE_GLOBAL_BASELINE,HF9g-P5,,,,X 全窗基线 · 不参与实体赏罚,14198278,1420,A168_HF9F_20260827_0900,2026-08-27 09:00:00
2026-04-26,57024343,2145,0,1939.0283313584,-236.9923516105,-236.9923516105,0.3333333,5,5,0.50665070000000000,0.506650700000,-0.6004420894325239,-0.6004420894325239,-0.6004420894325239,0E-17,ELIGIBLE,R03b_20260811_FULL_v1,L1_ELIGIBILITY,v2026-08-11,2026-03-21..2026-08-06,baccarat_bet02_101_all_pairs_incl_sentinel,round_win = game_pnl > 0 (decisive only),COMPATIBILITY_ONLY_NOT_PRODUCTION,4059548.3812,3680416.6879,6656.9809,9707,9692,-0.00163983,0.01249836,-0.00525961,-0.00163983,-6656.9809,4059548.3812,OK,0.0000,266.2792,4.0000,96.0000,AG03-UNRESOLVED,ALL5_LEVELS_bet23_to_bet27,266.2792,266.2792,266.2792,0.0000,0.0000,4.000000,4.000000,4.000000,0.000000,0.000000,96.000000,96.000000,96.000000,100.000000,100.000000,5.0,798.8377,767.3102,5858.1432,5889.6706,PENDING_AG03,FALSE,NOT_FOR_ENFORCEMENT,6390.7016,3533200.0204,6656.9809,6390.7016,266.2792,0.00163983,0.00157424,266.2792,6390.7016,0.00157424,266.2792,266.2792,266.2792,0.0000,0.0000,6390.7016,0.00157424,798.8377,767.3102,5858.1432,5889.6706,0.00144305,0.00145082,0.00006559,418.2083,379.7376,0.6869,61.6387,1.8384,37588.4109,89.7407,538.3845,395.5999,218.4789,430.6076,432.5446,432.5446,1046.441,1081.3617,427.0584,0.0,2.43015,2.511246,0.971205,30,216,96,2,0.20383968,0.00163983,-0.01249836,0E-8,0.000000,0.906607,0.000000,0.01775797,2026-03-22,2026-08-06,108,3621,2443,138,0.782609,1.360932,1.287360,0.679466,,,,,,,,GLOBAL_BASELINE_NO_ENTITY_RANKING,,,NOT_APPLICABLE_GLOBAL_BASELINE,HF9g-P5,,,,X 全窗基线 · 不参与实体赏罚,14198279,1420,A168_HF9F_20260827_0900,2026-08-27 09:00:00
2026-04-26,57024343,2147,0,430.8951847463,0E-10,0E-10,,1,1,0.50665070000000000,0.506650700000,,,,0E-17,NO_DECISIVE_ROUND,R03b_20260811_FULL_v1,L1_ELIGIBILITY,v2026-08-11,2026-03-21..2026-08-06,baccarat_bet02_101_all_pairs_incl_sentinel,round_win = game_pnl > 0 (decisive only),COMPATIBILITY_ONLY_NOT_PRODUCTION,4059548.3812,3680416.6879,6656.9809,9707,9692,-0.00163983,0.01249836,-0.00525961,-0.00163983,-6656.9809,4059548.3812,OK,0.0000,266.2792,4.0000,96.0000,AG03-UNRESOLVED,ALL5_LEVELS_bet23_to_bet27,266.2792,266.2792,266.2792,0.0000,0.0000,4.000000,4.000000,4.000000,0.000000,0.000000,96.000000,96.000000,96.000000,100.000000,100.000000,5.0,798.8377,767.3102,5858.1432,5889.6706,PENDING_AG03,FALSE,NOT_FOR_ENFORCEMENT,6390.7016,3533200.0204,6656.9809,6390.7016,266.2792,0.00163983,0.00157424,266.2792,6390.7016,0.00157424,266.2792,266.2792,266.2792,0.0000,0.0000,6390.7016,0.00157424,798.8377,767.3102,5858.1432,5889.6706,0.00144305,0.00145082,0.00006559,418.2083,379.7376,0.6869,61.6387,1.8384,37588.4109,89.7407,538.3845,395.5999,218.4789,430.6076,432.5446,432.5446,1046.441,1081.3617,427.0584,0.0,2.43015,2.511246,0.971205,30,216,96,2,0.20383968,0.00163983,-0.01249836,0E-8,0.000000,0.906607,0.000000,0.01775797,2026-03-22,2026-08-06,108,3621,2443,138,0.782609,1.360932,1.287360,0.679466,,,,,,,,GLOBAL_BASELINE_NO_ENTITY_RANKING,,,NOT_APPLICABLE_GLOBAL_BASELINE,HF9g-P5,,,,X 全窗基线 · 不参与实体赏罚,14198280,1420,A168_HF9F_20260827_0900,2026-08-27 09:00:00
2026-04-26,57024343,2156,0,430.8951847463,409.3504255090,409.3504255090,1.0000000,1,1,0.50665070000000000,0.506650700000,0.9867858985152569,0.9867858985152569,0.9867858985152569,0E-17,ELIGIBLE,R03b_20260811_FULL_v1,L1_ELIGIBILITY,v2026-08-11,2026-03-21..2026-08-06,baccarat_bet02_101_all_pairs_incl_sentinel,round_win = game_pnl > 0 (decisive only),COMPATIBILITY_ONLY_NOT_PRODUCTION,4059548.3812,3680416.6879,6656.9809,9707,9692,-0.00163983,0.01249836,-0.00525961,-0.00163983,-6656.9809,4059548.3812,OK,0.0000,266.2792,4.0000,96.0000,AG03-UNRESOLVED,ALL5_LEVELS_bet23_to_bet27,266.2792,266.2792,266.2792,0.0000,0.0000,4.000000,4.000000,4.000000,0.000000,0.000000,96.000000,96.000000,96.000000,100.000000,100.000000,5.0,798.8377,767.3102,5858.1432,5889.6706,PENDING_AG03,FALSE,NOT_FOR_ENFORCEMENT,6390.7016,3533200.0204,6656.9809,6390.7016,266.2792,0.00163983,0.00157424,266.2792,6390.7016,0.00157424,266.2792,266.2792,266.2792,0.0000,0.0000,6390.7016,0.00157424,798.8377,767.3102,5858.1432,5889.6706,0.00144305,0.00145082,0.00006559,418.2083,379.7376,0.6869,61.6387,1.8384,37588.4109,89.7407,538.3845,395.5999,218.4789,430.6076,432.5446,432.5446,1046.441,1081.3617,427.0584,0.0,2.43015,2.511246,0.971205,30,216,96,2,0.20383968,0.00163983,-0.01249836,0E-8,0.000000,0.906607,0.000000,0.01775797,2026-03-22,2026-08-06,108,3621,2443,138,0.782609,1.360932,1.287360,0.679466,,,,,,,,GLOBAL_BASELINE_NO_ENTITY_RANKING,,,NOT_APPLICABLE_GLOBAL_BASELINE,HF9g-P5,,,,X 全窗基线 · 不参与实体赏罚,14198281,1420,A168_HF9F_20260827_0900,2026-08-27 09:00:00
2026-04-26,57024343,2160,0,430.8951847463,-430.8951847463,-430.8951847463,0E-7,1,1,0.49324550000000000,0.493245500000,-0.9865810262130424,-0.9865810262130424,-0.9865810262130424,0E-17,ELIGIBLE,R03b_20260811_FULL_v1,L1_ELIGIBILITY,v2026-08-11,2026-03-21..2026-08-06,baccarat_bet02_101_all_pairs_incl_sentinel,round_win = game_pnl > 0 (decisive only),COMPATIBILITY_ONLY_NOT_PRODUCTION,4059548.3812,3680416.6879,6656.9809,9707,9692,-0.00163983,0.01249836,-0.00525961,-0.00163983,-6656.9809,4059548.3812,OK,0.0000,266.2792,4.0000,96.0000,AG03-UNRESOLVED,ALL5_LEVELS_bet23_to_bet27,266.2792,266.2792,266.2792,0.0000,0.0000,4.000000,4.000000,4.000000,0.000000,0.000000,96.000000,96.000000,96.000000,100.000000,100.000000,5.0,798.8377,767.3102,5858.1432,5889.6706,PENDING_AG03,FALSE,NOT_FOR_ENFORCEMENT,6390.7016,3533200.0204,6656.9809,6390.7016,266.2792,0.00163983,0.00157424,266.2792,6390.7016,0.00157424,266.2792,266.2792,266.2792,0.0000,0.0000,6390.7016,0.00157424,798.8377,767.3102,5858.1432,5889.6706,0.00144305,0.00145082,0.00006559,418.2083,379.7376,0.6869,61.6387,1.8384,37588.4109,89.7407,538.3845,395.5999,218.4789,430.6076,432.5446,432.5446,1046.441,1081.3617,427.0584,0.0,2.43015,2.511246,0.971205,30,216,96,2,0.20383968,0.00163983,-0.01249836,0E-8,0.000000,0.906607,0.000000,0.01775797,2026-03-22,2026-08-06,108,3621,2443,138,0.782609,1.360932,1.287360,0.679466,,,,,,,,GLOBAL_BASELINE_NO_ENTITY_RANKING,,,NOT_APPLICABLE_GLOBAL_BASELINE,HF9g-P5,,,,X 全窗基线 · 不参与实体赏罚,14198282,1420,A168_HF9F_20260827_0900,2026-08-27 09:00:00
2026-04-26,57024343,2167,0,430.8951847463,-430.8951847463,-430.8951847463,0E-7,1,1,0.50665070000000000,0.506650700000,-1.013391052207602,-1.013391052207602,-1.013391052207602,0E-17,ELIGIBLE,R03b_20260811_FULL_v1,L1_ELIGIBILITY,v2026-08-11,2026-03-21..2026-08-06,baccarat_bet02_101_all_pairs_incl_sentinel,round_win = game_pnl > 0 (decisive only),COMPATIBILITY_ONLY_NOT_PRODUCTION,4059548.3812,3680416.6879,6656.9809,9707,9692,-0.00163983,0.01249836,-0.00525961,-0.00163983,-6656.9809,4059548.3812,OK,0.0000,266.2792,4.0000,96.0000,AG03-UNRESOLVED,ALL5_LEVELS_bet23_to_bet27,266.2792,266.2792,266.2792,0.0000,0.0000,4.000000,4.000000,4.000000,0.000000,0.000000,96.000000,96.000000,96.000000,100.000000,100.000000,5.0,798.8377,767.3102,5858.1432,5889.6706,PENDING_AG03,FALSE,NOT_FOR_ENFORCEMENT,6390.7016,3533200.0204,6656.9809,6390.7016,266.2792,0.00163983,0.00157424,266.2792,6390.7016,0.00157424,266.2792,266.2792,266.2792,0.0000,0.0000,6390.7016,0.00157424,798.8377,767.3102,5858.1432,5889.6706,0.00144305,0.00145082,0.00006559,418.2083,379.7376,0.6869,61.6387,1.8384,37588.4109,89.7407,538.3845,395.5999,218.4789,430.6076,432.5446,432.5446,1046.441,1081.3617,427.0584,0.0,2.43015,2.511246,0.971205,30,216,96,2,0.20383968,0.00163983,-0.01249836,0E-8,0.000000,0.906607,0.000000,0.01775797,2026-03-22,2026-08-06,108,3621,2443,138,0.782609,1.360932,1.287360,0.679466,,,,,,,,GLOBAL_BASELINE_NO_ENTITY_RANKING,,,NOT_APPLICABLE_GLOBAL_BASELINE,HF9g-P5,,,,X 全窗基线 · 不参与实体赏罚,14198283,1420,A168_HF9F_20260827_0900,2026-08-27 09:00:00
2026-04-26,57024343,2188,0,430.8951847463,-430.8951847463,-430.8951847463,0E-7,1,1,0.50665070000000000,0.506650700000,-1.013391052207602,-1.013391052207602,-1.013391052207602,0E-17,ELIGIBLE,R03b_20260811_FULL_v1,L1_ELIGIBILITY,v2026-08-11,2026-03-21..2026-08-06,baccarat_bet02_101_all_pairs_incl_sentinel,round_win = game_pnl > 0 (decisive only),COMPATIBILITY_ONLY_NOT_PRODUCTION,4059548.3812,3680416.6879,6656.9809,9707,9692,-0.00163983,0.01249836,-0.00525961,-0.00163983,-6656.9809,4059548.3812,OK,0.0000,266.2792,4.0000,96.0000,AG03-UNRESOLVED,ALL5_LEVELS_bet23_to_bet27,266.2792,266.2792,266.2792,0.0000,0.0000,4.000000,4.000000,4.000000,0.000000,0.000000,96.000000,96.000000,96.000000,100.000000,100.000000,5.0,798.8377,767.3102,5858.1432,5889.6706,PENDING_AG03,FALSE,NOT_FOR_ENFORCEMENT,6390.7016,3533200.0204,6656.9809,6390.7016,266.2792,0.00163983,0.00157424,266.2792,6390.7016,0.00157424,266.2792,266.2792,266.2792,0.0000,0.0000,6390.7016,0.00157424,798.8377,767.3102,5858.1432,5889.6706,0.00144305,0.00145082,0.00006559,418.2083,379.7376,0.6869,61.6387,1.8384,37588.4109,89.7407,538.3845,395.5999,218.4789,430.6076,432.5446,432.5446,1046.441,1081.3617,427.0584,0.0,2.43015,2.511246,0.971205,30,216,96,2,0.20383968,0.00163983,-0.01249836,0E-8,0.000000,0.906607,0.000000,0.01775797,2026-03-22,2026-08-06,108,3621,2443,138,0.782609,1.360932,1.287360,0.679466,,,,,,,,GLOBAL_BASELINE_NO_ENTITY_RANKING,,,NOT_APPLICABLE_GLOBAL_BASELINE,HF9g-P5,,,,X 全窗基线 · 不参与实体赏罚,14198284,1420,A168_HF9F_20260827_0900,2026-08-27 09:00:00
2026-04-26,57024343,2239,0,215.4475923732,215.4475923732,215.4475923732,1.0000000,1,1,0.49324550000000000,0.493245500000,1.01360149184955,1.01360149184955,1.01360149184955,0E-17,ELIGIBLE,R03b_20260811_FULL_v1,L1_ELIGIBILITY,v2026-08-11,2026-03-21..2026-08-06,baccarat_bet02_101_all_pairs_incl_sentinel,round_win = game_pnl > 0 (decisive only),COMPATIBILITY_ONLY_NOT_PRODUCTION,4059548.3812,3680416.6879,6656.9809,9707,9692,-0.00163983,0.01249836,-0.00525961,-0.00163983,-6656.9809,4059548.3812,OK,0.0000,266.2792,4.0000,96.0000,AG03-UNRESOLVED,ALL5_LEVELS_bet23_to_bet27,266.2792,266.2792,266.2792,0.0000,0.0000,4.000000,4.000000,4.000000,0.000000,0.000000,96.000000,96.000000,96.000000,100.000000,100.000000,5.0,798.8377,767.3102,5858.1432,5889.6706,PENDING_AG03,FALSE,NOT_FOR_ENFORCEMENT,6390.7016,3533200.0204,6656.9809,6390.7016,266.2792,0.00163983,0.00157424,266.2792,6390.7016,0.00157424,266.2792,266.2792,266.2792,0.0000,0.0000,6390.7016,0.00157424,798.8377,767.3102,5858.1432,5889.6706,0.00144305,0.00145082,0.00006559,418.2083,379.7376,0.6869,61.6387,1.8384,37588.4109,89.7407,538.3845,395.5999,218.4789,430.6076,432.5446,432.5446,1046.441,1081.3617,427.0584,0.0,2.43015,2.511246,0.971205,30,216,96,2,0.20383968,0.00163983,-0.01249836,0E-8,0.000000,0.906607,0.000000,0.01775797,2026-03-22,2026-08-06,108,3621,2443,138,0.782609,1.360932,1.287360,0.679466,,,,,,,,GLOBAL_BASELINE_NO_ENTITY_RANKING,,,NOT_APPLICABLE_GLOBAL_BASELINE,HF9g-P5,,,,X 全窗基线 · 不参与实体赏罚,14198285,1420,A168_HF9F_20260827_0900,2026-08-27 09:00:00
2026-04-26,57024343,2242,0,430.8951847463,409.3504255090,409.3504255090,1.0000000,1,1,0.50665070000000000,0.506650700000,0.9867858985152569,0.9867858985152569,0.9867858985152569,0E-17,ELIGIBLE,R03b_20260811_FULL_v1,L1_ELIGIBILITY,v2026-08-11,2026-03-21..2026-08-06,baccarat_bet02_101_all_pairs_incl_sentinel,round_win = game_pnl > 0 (decisive only),COMPATIBILITY_ONLY_NOT_PRODUCTION,4059548.3812,3680416.6879,6656.9809,9707,9692,-0.00163983,0.01249836,-0.00525961,-0.00163983,-6656.9809,4059548.3812,OK,0.0000,266.2792,4.0000,96.0000,AG03-UNRESOLVED,ALL5_LEVELS_bet23_to_bet27,266.2792,266.2792,266.2792,0.0000,0.0000,4.000000,4.000000,4.000000,0.000000,0.000000,96.000000,96.000000,96.000000,100.000000,100.000000,5.0,798.8377,767.3102,5858.1432,5889.6706,PENDING_AG03,FALSE,NOT_FOR_ENFORCEMENT,6390.7016,3533200.0204,6656.9809,6390.7016,266.2792,0.00163983,0.00157424,266.2792,6390.7016,0.00157424,266.2792,266.2792,266.2792,0.0000,0.0000,6390.7016,0.00157424,798.8377,767.3102,5858.1432,5889.6706,0.00144305,0.00145082,0.00006559,418.2083,379.7376,0.6869,61.6387,1.8384,37588.4109,89.7407,538.3845,395.5999,218.4789,430.6076,432.5446,432.5446,1046.441,1081.3617,427.0584,0.0,2.43015,2.511246,0.971205,30,216,96,2,0.20383968,0.00163983,-0.01249836,0E-8,0.000000,0.906607,0.000000,0.01775797,2026-03-22,2026-08-06,108,3621,2443,138,0.782609,1.360932,1.287360,0.679466,,,,,,,,GLOBAL_BASELINE_NO_ENTITY_RANKING,,,NOT_APPLICABLE_GLOBAL_BASELINE,HF9g-P5,,,,X 全窗基线 · 不参与实体赏罚,14198286,1420,A168_HF9F_20260827_0900,2026-08-27 09:00:00
2026-04-26,57024343,2251,0,861.7903694926,818.7008510180,818.7008510180,1.0000000,2,2,0.50665070000000000,0.506650700000,1.3955260008387969,1.3955260008387969,1.3955260008387969,0E-17,ELIGIBLE,R03b_20260811_FULL_v1,L1_ELIGIBILITY,v2026-08-11,2026-03-21..2026-08-06,baccarat_bet02_101_all_pairs_incl_sentinel,round_win = game_pnl > 0 (decisive only),COMPATIBILITY_ONLY_NOT_PRODUCTION,4059548.3812,3680416.6879,6656.9809,9707,9692,-0.00163983,0.01249836,-0.00525961,-0.00163983,-6656.9809,4059548.3812,OK,0.0000,266.2792,4.0000,96.0000,AG03-UNRESOLVED,ALL5_LEVELS_bet23_to_bet27,266.2792,266.2792,266.2792,0.0000,0.0000,4.000000,4.000000,4.000000,0.000000,0.000000,96.000000,96.000000,96.000000,100.000000,100.000000,5.0,798.8377,767.3102,5858.1432,5889.6706,PENDING_AG03,FALSE,NOT_FOR_ENFORCEMENT,6390.7016,3533200.0204,6656.9809,6390.7016,266.2792,0.00163983,0.00157424,266.2792,6390.7016,0.00157424,266.2792,266.2792,266.2792,0.0000,0.0000,6390.7016,0.00157424,798.8377,767.3102,5858.1432,5889.6706,0.00144305,0.00145082,0.00006559,418.2083,379.7376,0.6869,61.6387,1.8384,37588.4109,89.7407,538.3845,395.5999,218.4789,430.6076,432.5446,432.5446,1046.441,1081.3617,427.0584,0.0,2.43015,2.511246,0.971205,30,216,96,2,0.20383968,0.00163983,-0.01249836,0E-8,0.000000,0.906607,0.000000,0.01775797,2026-03-22,2026-08-06,108,3621,2443,138,0.782609,1.360932,1.287360,0.679466,,,,,,,,GLOBAL_BASELINE_NO_ENTITY_RANKING,,,NOT_APPLICABLE_GLOBAL_BASELINE,HF9g-P5,,,,X 全窗基线 · 不参与实体赏罚,14198287,1420,A168_HF9F_20260827_0900,2026-08-27 09:00:00
2026-04-26,57024343,2256,0,1723.5807389852,1658.9464612733,1658.9464612733,1.0000000,4,4,0.50329940000000000,0.503299400000,1.9868456582349654,1.9868456582349654,1.9868456582349654,0E-17,ELIGIBLE,R03b_20260811_FULL_v1,L1_ELIGIBILITY,v2026-08-11,2026-03-21..2026-08-06,baccarat_bet02_101_all_pairs_incl_sentinel,round_win = game_pnl > 0 (decisive only),COMPATIBILITY_ONLY_NOT_PRODUCTION,4059548.3812,3680416.6879,6656.9809,9707,9692,-0.00163983,0.01249836,-0.00525961,-0.00163983,-6656.9809,4059548.3812,OK,0.0000,266.2792,4.0000,96.0000,AG03-UNRESOLVED,ALL5_LEVELS_bet23_to_bet27,266.2792,266.2792,266.2792,0.0000,0.0000,4.000000,4.000000,4.000000,0.000000,0.000000,96.000000,96.000000,96.000000,100.000000,100.000000,5.0,798.8377,767.3102,5858.1432,5889.6706,PENDING_AG03,FALSE,NOT_FOR_ENFORCEMENT,6390.7016,3533200.0204,6656.9809,6390.7016,266.2792,0.00163983,0.00157424,266.2792,6390.7016,0.00157424,266.2792,266.2792,266.2792,0.0000,0.0000,6390.7016,0.00157424,798.8377,767.3102,5858.1432,5889.6706,0.00144305,0.00145082,0.00006559,418.2083,379.7376,0.6869,61.6387,1.8384,37588.4109,89.7407,538.3845,395.5999,218.4789,430.6076,432.5446,432.5446,1046.441,1081.3617,427.0584,0.0,2.43015,2.511246,0.971205,30,216,96,2,0.20383968,0.00163983,-0.01249836,0E-8,0.000000,0.906607,0.000000,0.01775797,2026-03-22,2026-08-06,108,3621,2443,138,0.782609,1.360932,1.287360,0.679466,,,,,,,,GLOBAL_BASELINE_NO_ENTITY_RANKING,,,NOT_APPLICABLE_GLOBAL_BASELINE,HF9g-P5,,,,X 全窗基线 · 不参与实体赏罚,14198288,1420,A168_HF9F_20260827_0900,2026-08-27 09:00:00
2026-04-26,57024343,2267,0,430.8951847463,409.3504255090,409.3504255090,1.0000000,1,1,0.50665070000000000,0.506650700000,0.9867858985152569,0.9867858985152569,0.9867858985152569,0E-17,ELIGIBLE,R03b_20260811_FULL_v1,L1_ELIGIBILITY,v2026-08-11,2026-03-21..2026-08-06,baccarat_bet02_101_all_pairs_incl_sentinel,round_win = game_pnl > 0 (decisive only),COMPATIBILITY_ONLY_NOT_PRODUCTION,4059548.3812,3680416.6879,6656.9809,9707,9692,-0.00163983,0.01249836,-0.00525961,-0.00163983,-6656.9809,4059548.3812,OK,0.0000,266.2792,4.0000,96.0000,AG03-UNRESOLVED,ALL5_LEVELS_bet23_to_bet27,266.2792,266.2792,266.2792,0.0000,0.0000,4.000000,4.000000,4.000000,0.000000,0.000000,96.000000,96.000000,96.000000,100.000000,100.000000,5.0,798.8377,767.3102,5858.1432,5889.6706,PENDING_AG03,FALSE,NOT_FOR_ENFORCEMENT,6390.7016,3533200.0204,6656.9809,6390.7016,266.2792,0.00163983,0.00157424,266.2792,6390.7016,0.00157424,266.2792,266.2792,266.2792,0.0000,0.0000,6390.7016,0.00157424,798.8377,767.3102,5858.1432,5889.6706,0.00144305,0.00145082,0.00006559,418.2083,379.7376,0.6869,61.6387,1.8384,37588.4109,89.7407,538.3845,395.5999,218.4789,430.6076,432.5446,432.5446,1046.441,1081.3617,427.0584,0.0,2.43015,2.511246,0.971205,30,216,96,2,0.20383968,0.00163983,-0.01249836,0E-8,0.000000,0.906607,0.000000,0.01775797,2026-03-22,2026-08-06,108,3621,2443,138,0.782609,1.360932,1.287360,0.679466,,,,,,,,GLOBAL_BASELINE_NO_ENTITY_RANKING,,,NOT_APPLICABLE_GLOBAL_BASELINE,HF9g-P5,,,,X 全窗基线 · 不参与实体赏罚,14198289,1420,A168_HF9F_20260827_0900,2026-08-27 09:00:00
2026-04-26,57024343,526,0,1077.2379618658,193.9028331359,193.9028331359,0.6666667,3,3,0.49771390000000000,0.497713900000,0.5852756695216578,0.5852756695216578,0.5852756695216578,0E-17,ELIGIBLE,R03b_20260811_FULL_v1,L1_ELIGIBILITY,v2026-08-11,2026-03-21..2026-08-06,baccarat_bet02_101_all_pairs_incl_sentinel,round_win = game_pnl > 0 (decisive only),COMPATIBILITY_ONLY_NOT_PRODUCTION,4059548.3812,3680416.6879,6656.9809,9707,9692,-0.00163983,0.01249836,-0.00525961,-0.00163983,-6656.9809,4059548.3812,OK,0.0000,266.2792,4.0000,96.0000,AG03-UNRESOLVED,ALL5_LEVELS_bet23_to_bet27,266.2792,266.2792,266.2792,0.0000,0.0000,4.000000,4.000000,4.000000,0.000000,0.000000,96.000000,96.000000,96.000000,100.000000,100.000000,5.0,798.8377,767.3102,5858.1432,5889.6706,PENDING_AG03,FALSE,NOT_FOR_ENFORCEMENT,6390.7016,3533200.0204,6656.9809,6390.7016,266.2792,0.00163983,0.00157424,266.2792,6390.7016,0.00157424,266.2792,266.2792,266.2792,0.0000,0.0000,6390.7016,0.00157424,798.8377,767.3102,5858.1432,5889.6706,0.00144305,0.00145082,0.00006559,418.2083,379.7376,0.6869,61.6387,1.8384,37588.4109,89.7407,538.3845,395.5999,218.4789,430.6076,432.5446,432.5446,1046.441,1081.3617,427.0584,0.0,2.43015,2.511246,0.971205,30,216,96,2,0.20383968,0.00163983,-0.01249836,0E-8,0.000000,0.906607,0.000000,0.01775797,2026-03-22,2026-08-06,108,3621,2443,138,0.782609,1.360932,1.287360,0.679466,,,,,,,,GLOBAL_BASELINE_NO_ENTITY_RANKING,,,NOT_APPLICABLE_GLOBAL_BASELINE,HF9g-P5,,,,X 全窗基线 · 不参与实体赏罚,14198290,1420,A168_HF9F_20260827_0900,2026-08-27 09:00:00
2026-04-26,57024343,763,0,430.8951847463,-430.8951847463,-430.8951847463,0E-7,1,1,0.50665070000000000,0.506650700000,-1.013391052207602,-1.013391052207602,-1.013391052207602,0E-17,ELIGIBLE,R03b_20260811_FULL_v1,L1_ELIGIBILITY,v2026-08-11,2026-03-21..2026-08-06,baccarat_bet02_101_all_pairs_incl_sentinel,round_win = game_pnl > 0 (decisive only),COMPATIBILITY_ONLY_NOT_PRODUCTION,4059548.3812,3680416.6879,6656.9809,9707,9692,-0.00163983,0.01249836,-0.00525961,-0.00163983,-6656.9809,4059548.3812,OK,0.0000,266.2792,4.0000,96.0000,AG03-UNRESOLVED,ALL5_LEVELS_bet23_to_bet27,266.2792,266.2792,266.2792,0.0000,0.0000,4.000000,4.000000,4.000000,0.000000,0.000000,96.000000,96.000000,96.000000,100.000000,100.000000,5.0,798.8377,767.3102,5858.1432,5889.6706,PENDING_AG03,FALSE,NOT_FOR_ENFORCEMENT,6390.7016,3533200.0204,6656.9809,6390.7016,266.2792,0.00163983,0.00157424,266.2792,6390.7016,0.00157424,266.2792,266.2792,266.2792,0.0000,0.0000,6390.7016,0.00157424,798.8377,767.3102,5858.1432,5889.6706,0.00144305,0.00145082,0.00006559,418.2083,379.7376,0.6869,61.6387,1.8384,37588.4109,89.7407,538.3845,395.5999,218.4789,430.6076,432.5446,432.5446,1046.441,1081.3617,427.0584,0.0,2.43015,2.511246,0.971205,30,216,96,2,0.20383968,0.00163983,-0.01249836,0E-8,0.000000,0.906607,0.000000,0.01775797,2026-03-22,2026-08-06,108,3621,2443,138,0.782609,1.360932,1.287360,0.679466,,,,,,,,GLOBAL_BASELINE_NO_ENTITY_RANKING,,,NOT_APPLICABLE_GLOBAL_BASELINE,HF9g-P5,,,,X 全窗基线 · 不参与实体赏罚,14198291,1420,A168_HF9F_20260827_0900,2026-08-27 09:00:00
2026-04-26,57024343,919,0,430.8951847463,-430.8951847463,-430.8951847463,0E-7,1,1,0.50665070000000000,0.506650700000,-1.013391052207602,-1.013391052207602,-1.013391052207602,0E-17,ELIGIBLE,R03b_20260811_FULL_v1,L1_ELIGIBILITY,v2026-08-11,2026-03-21..2026-08-06,baccarat_bet02_101_all_pairs_incl_sentinel,round_win = game_pnl > 0 (decisive only),COMPATIBILITY_ONLY_NOT_PRODUCTION,4059548.3812,3680416.6879,6656.9809,9707,9692,-0.00163983,0.01249836,-0.00525961,-0.00163983,-6656.9809,4059548.3812,OK,0.0000,266.2792,4.0000,96.0000,AG03-UNRESOLVED,ALL5_LEVELS_bet23_to_bet27,266.2792,266.2792,266.2792,0.0000,0.0000,4.000000,4.000000,4.000000,0.000000,0.000000,96.000000,96.000000,96.000000,100.000000,100.000000,5.0,798.8377,767.3102,5858.1432,5889.6706,PENDING_AG03,FALSE,NOT_FOR_ENFORCEMENT,6390.7016,3533200.0204,6656.9809,6390.7016,266.2792,0.00163983,0.00157424,266.2792,6390.7016,0.00157424,266.2792,266.2792,266.2792,0.0000,0.0000,6390.7016,0.00157424,798.8377,767.3102,5858.1432,5889.6706,0.00144305,0.00145082,0.00006559,418.2083,379.7376,0.6869,61.6387,1.8384,37588.4109,89.7407,538.3845,395.5999,218.4789,430.6076,432.5446,432.5446,1046.441,1081.3617,427.0584,0.0,2.43015,2.511246,0.971205,30,216,96,2,0.20383968,0.00163983,-0.01249836,0E-8,0.000000,0.906607,0.000000,0.01775797,2026-03-22,2026-08-06,108,3621,2443,138,0.782609,1.360932,1.287360,0.679466,,,,,,,,GLOBAL_BASELINE_NO_ENTITY_RANKING,,,NOT_APPLICABLE_GLOBAL_BASELINE,HF9g-P5,,,,X 全窗基线 · 不参与实体赏罚,14198292,1420,A168_HF9F_20260827_0900,2026-08-27 09:00:00
2026-04-26,57024343,925,0,1292.6855542389,-452.4399439836,-452.4399439836,0.3333333,3,3,0.50218230000000000,0.502182300000,-0.5849155494134425,-0.5849155494134426,-0.5849155494134425,0E-17,ELIGIBLE,R03b_20260811_FULL_v1,L1_ELIGIBILITY,v2026-08-11,2026-03-21..2026-08-06,baccarat_bet02_101_all_pairs_incl_sentinel,round_win = game_pnl > 0 (decisive only),COMPATIBILITY_ONLY_NOT_PRODUCTION,4059548.3812,3680416.6879,6656.9809,9707,9692,-0.00163983,0.01249836,-0.00525961,-0.00163983,-6656.9809,4059548.3812,OK,0.0000,266.2792,4.0000,96.0000,AG03-UNRESOLVED,ALL5_LEVELS_bet23_to_bet27,266.2792,266.2792,266.2792,0.0000,0.0000,4.000000,4.000000,4.000000,0.000000,0.000000,96.000000,96.000000,96.000000,100.000000,100.000000,5.0,798.8377,767.3102,5858.1432,5889.6706,PENDING_AG03,FALSE,NOT_FOR_ENFORCEMENT,6390.7016,3533200.0204,6656.9809,6390.7016,266.2792,0.00163983,0.00157424,266.2792,6390.7016,0.00157424,266.2792,266.2792,266.2792,0.0000,0.0000,6390.7016,0.00157424,798.8377,767.3102,5858.1432,5889.6706,0.00144305,0.00145082,0.00006559,418.2083,379.7376,0.6869,61.6387,1.8384,37588.4109,89.7407,538.3845,395.5999,218.4789,430.6076,432.5446,432.5446,1046.441,1081.3617,427.0584,0.0,2.43015,2.511246,0.971205,30,216,96,2,0.20383968,0.00163983,-0.01249836,0E-8,0.000000,0.906607,0.000000,0.01775797,2026-03-22,2026-08-06,108,3621,2443,138,0.782609,1.360932,1.287360,0.679466,,,,,,,,GLOBAL_BASELINE_NO_ENTITY_RANKING,,,NOT_APPLICABLE_GLOBAL_BASELINE,HF9g-P5,,,,X 全窗基线 · 不参与实体赏罚,14198293,1420,A168_HF9F_20260827_0900,2026-08-27 09:00:00
2026-04-27,57024343,-1,1,1723.5807389852,818.7008510180,818.7008510180,0.7500000,4,4,0.50329940000000000,0.503299400000,0.9868238854431842,0.9868238854431842,0.9868238854431842,0E-17,SENTINEL_DEALER,R03b_20260811_FULL_v1,L1_ELIGIBILITY,v2026-08-11,2026-03-21..2026-08-06,baccarat_bet02_101_all_pairs_incl_sentinel,round_win = game_pnl > 0 (decisive only),COMPATIBILITY_ONLY_NOT_PRODUCTION,4059548.3812,3680416.6879,6656.9809,9707,9692,-0.00163983,0.01249836,-0.00525961,-0.00163983,-6656.9809,4059548.3812,OK,0.0000,266.2792,4.0000,96.0000,AG03-UNRESOLVED,ALL5_LEVELS_bet23_to_bet27,266.2792,266.2792,266.2792,0.0000,0.0000,4.000000,4.000000,4.000000,0.000000,0.000000,96.000000,96.000000,96.000000,100.000000,100.000000,5.0,798.8377,767.3102,5858.1432,5889.6706,PENDING_AG03,FALSE,NOT_FOR_ENFORCEMENT,6390.7016,3533200.0204,6656.9809,6390.7016,266.2792,0.00163983,0.00157424,266.2792,6390.7016,0.00157424,266.2792,266.2792,266.2792,0.0000,0.0000,6390.7016,0.00157424,798.8377,767.3102,5858.1432,5889.6706,0.00144305,0.00145082,0.00006559,418.2083,379.7376,0.6869,61.6387,1.8384,37588.4109,89.7407,538.3845,395.5999,218.4789,430.6076,432.5446,432.5446,1046.441,1081.3617,427.0584,0.0,2.43015,2.511246,0.971205,30,216,96,2,0.20383968,0.00163983,-0.01249836,0E-8,0.000000,0.906607,0.000000,0.01775797,2026-03-22,2026-08-06,108,3621,2443,138,0.782609,1.360932,1.287360,0.679466,,,,,,,,GLOBAL_BASELINE_NO_ENTITY_RANKING,,,NOT_APPLICABLE_GLOBAL_BASELINE,HF9g-P5,,,,X 全窗基线 · 不参与实体赏罚,14198294,1420,A168_HF9F_20260827_0900,2026-08-27 09:00:00
2026-04-27,57024343,1205,0,430.8951847463,-430.8951847463,-430.8951847463,0E-7,1,1,0.50665070000000000,0.506650700000,-1.013391052207602,-1.013391052207602,-1.013391052207602,0E-17,ELIGIBLE,R03b_20260811_FULL_v1,L1_ELIGIBILITY,v2026-08-11,2026-03-21..2026-08-06,baccarat_bet02_101_all_pairs_incl_sentinel,round_win = game_pnl > 0 (decisive only),COMPATIBILITY_ONLY_NOT_PRODUCTION,4059548.3812,3680416.6879,6656.9809,9707,9692,-0.00163983,0.01249836,-0.00525961,-0.00163983,-6656.9809,4059548.3812,OK,0.0000,266.2792,4.0000,96.0000,AG03-UNRESOLVED,ALL5_LEVELS_bet23_to_bet27,266.2792,266.2792,266.2792,0.0000,0.0000,4.000000,4.000000,4.000000,0.000000,0.000000,96.000000,96.000000,96.000000,100.000000,100.000000,5.0,798.8377,767.3102,5858.1432,5889.6706,PENDING_AG03,FALSE,NOT_FOR_ENFORCEMENT,6390.7016,3533200.0204,6656.9809,6390.7016,266.2792,0.00163983,0.00157424,266.2792,6390.7016,0.00157424,266.2792,266.2792,266.2792,0.0000,0.0000,6390.7016,0.00157424,798.8377,767.3102,5858.1432,5889.6706,0.00144305,0.00145082,0.00006559,418.2083,379.7376,0.6869,61.6387,1.8384,37588.4109,89.7407,538.3845,395.5999,218.4789,430.6076,432.5446,432.5446,1046.441,1081.3617,427.0584,0.0,2.43015,2.511246,0.971205,30,216,96,2,0.20383968,0.00163983,-0.01249836,0E-8,0.000000,0.906607,0.000000,0.01775797,2026-03-22,2026-08-06,108,3621,2443,138,0.782609,1.360932,1.287360,0.679466,,,,,,,,GLOBAL_BASELINE_NO_ENTITY_RANKING,,,NOT_APPLICABLE_GLOBAL_BASELINE,HF9g-P5,,,,X 全窗基线 · 不参与实体赏罚,14198295,1420,A168_HF9F_20260827_0900,2026-08-27 09:00:00
2026-04-27,57024343,1258,0,861.7903694926,-861.7903694926,-861.7903694926,0E-7,2,2,0.50665070000000000,0.506650700000,-1.4331513700195317,-1.4331513700195317,-1.4331513700195317,0E-17,ELIGIBLE,R03b_20260811_FULL_v1,L1_ELIGIBILITY,v2026-08-11,2026-03-21..2026-08-06,baccarat_bet02_101_all_pairs_incl_sentinel,round_win = game_pnl > 0 (decisive only),COMPATIBILITY_ONLY_NOT_PRODUCTION,4059548.3812,3680416.6879,6656.9809,9707,9692,-0.00163983,0.01249836,-0.00525961,-0.00163983,-6656.9809,4059548.3812,OK,0.0000,266.2792,4.0000,96.0000,AG03-UNRESOLVED,ALL5_LEVELS_bet23_to_bet27,266.2792,266.2792,266.2792,0.0000,0.0000,4.000000,4.000000,4.000000,0.000000,0.000000,96.000000,96.000000,96.000000,100.000000,100.000000,5.0,798.8377,767.3102,5858.1432,5889.6706,PENDING_AG03,FALSE,NOT_FOR_ENFORCEMENT,6390.7016,3533200.0204,6656.9809,6390.7016,266.2792,0.00163983,0.00157424,266.2792,6390.7016,0.00157424,266.2792,266.2792,266.2792,0.0000,0.0000,6390.7016,0.00157424,798.8377,767.3102,5858.1432,5889.6706,0.00144305,0.00145082,0.00006559,418.2083,379.7376,0.6869,61.6387,1.8384,37588.4109,89.7407,538.3845,395.5999,218.4789,430.6076,432.5446,432.5446,1046.441,1081.3617,427.0584,0.0,2.43015,2.511246,0.971205,30,216,96,2,0.20383968,0.00163983,-0.01249836,0E-8,0.000000,0.906607,0.000000,0.01775797,2026-03-22,2026-08-06,108,3621,2443,138,0.782609,1.360932,1.287360,0.679466,,,,,,,,GLOBAL_BASELINE_NO_ENTITY_RANKING,,,NOT_APPLICABLE_GLOBAL_BASELINE,HF9g-P5,,,,X 全窗基线 · 不参与实体赏罚,14198296,1420,A168_HF9F_20260827_0900,2026-08-27 09:00:00
2026-04-27,57024343,1306,0,1723.5807389852,409.3504255090,409.3504255090,0.6666667,4,4,0.50329940000000000,0.503299400000,0.5659331339966515,0.5659331339966515,0.5659331339966515,0E-17,ELIGIBLE,R03b_20260811_FULL_v1,L1_ELIGIBILITY,v2026-08-11,2026-03-21..2026-08-06,baccarat_bet02_101_all_pairs_incl_sentinel,round_win = game_pnl > 0 (decisive only),COMPATIBILITY_ONLY_NOT_PRODUCTION,4059548.3812,3680416.6879,6656.9809,9707,9692,-0.00163983,0.01249836,-0.00525961,-0.00163983,-6656.9809,4059548.3812,OK,0.0000,266.2792,4.0000,96.0000,AG03-UNRESOLVED,ALL5_LEVELS_bet23_to_bet27,266.2792,266.2792,266.2792,0.0000,0.0000,4.000000,4.000000,4.000000,0.000000,0.000000,96.000000,96.000000,96.000000,100.000000,100.000000,5.0,798.8377,767.3102,5858.1432,5889.6706,PENDING_AG03,FALSE,NOT_FOR_ENFORCEMENT,6390.7016,3533200.0204,6656.9809,6390.7016,266.2792,0.00163983,0.00157424,266.2792,6390.7016,0.00157424,266.2792,266.2792,266.2792,0.0000,0.0000,6390.7016,0.00157424,798.8377,767.3102,5858.1432,5889.6706,0.00144305,0.00145082,0.00006559,418.2083,379.7376,0.6869,61.6387,1.8384,37588.4109,89.7407,538.3845,395.5999,218.4789,430.6076,432.5446,432.5446,1046.441,1081.3617,427.0584,0.0,2.43015,2.511246,0.971205,30,216,96,2,0.20383968,0.00163983,-0.01249836,0E-8,0.000000,0.906607,0.000000,0.01775797,2026-03-22,2026-08-06,108,3621,2443,138,0.782609,1.360932,1.287360,0.679466,,,,,,,,GLOBAL_BASELINE_NO_ENTITY_RANKING,,,NOT_APPLICABLE_GLOBAL_BASELINE,HF9g-P5,,,,X 全窗基线 · 不参与实体赏罚,14198297,1420,A168_HF9F_20260827_0900,2026-08-27 09:00:00
2026-04-27,57024343,1382,0,430.8951847463,430.8951847463,430.8951847463,1.0000000,1,1,0.49324550000000000,0.493245500000,1.01360149184955,1.01360149184955,1.01360149184955,0E-17,ELIGIBLE,R03b_20260811_FULL_v1,L1_ELIGIBILITY,v2026-08-11,2026-03-21..2026-08-06,baccarat_bet02_101_all_pairs_incl_sentinel,round_win = game_pnl > 0 (decisive only),COMPATIBILITY_ONLY_NOT_PRODUCTION,4059548.3812,3680416.6879,6656.9809,9707,9692,-0.00163983,0.01249836,-0.00525961,-0.00163983,-6656.9809,4059548.3812,OK,0.0000,266.2792,4.0000,96.0000,AG03-UNRESOLVED,ALL5_LEVELS_bet23_to_bet27,266.2792,266.2792,266.2792,0.0000,0.0000,4.000000,4.000000,4.000000,0.000000,0.000000,96.000000,96.000000,96.000000,100.000000,100.000000,5.0,798.8377,767.3102,5858.1432,5889.6706,PENDING_AG03,FALSE,NOT_FOR_ENFORCEMENT,6390.7016,3533200.0204,6656.9809,6390.7016,266.2792,0.00163983,0.00157424,266.2792,6390.7016,0.00157424,266.2792,266.2792,266.2792,0.0000,0.0000,6390.7016,0.00157424,798.8377,767.3102,5858.1432,5889.6706,0.00144305,0.00145082,0.00006559,418.2083,379.7376,0.6869,61.6387,1.8384,37588.4109,89.7407,538.3845,395.5999,218.4789,430.6076,432.5446,432.5446,1046.441,1081.3617,427.0584,0.0,2.43015,2.511246,0.971205,30,216,96,2,0.20383968,0.00163983,-0.01249836,0E-8,0.000000,0.906607,0.000000,0.01775797,2026-03-22,2026-08-06,108,3621,2443,138,0.782609,1.360932,1.287360,0.679466,,,,,,,,GLOBAL_BASELINE_NO_ENTITY_RANKING,,,NOT_APPLICABLE_GLOBAL_BASELINE,HF9g-P5,,,,X 全窗基线 · 不参与实体赏罚,14198298,1420,A168_HF9F_20260827_0900,2026-08-27 09:00:00
2026-04-27,57024343,1505,0,430.8951847463,-430.8951847463,-430.8951847463,0E-7,1,1,0.50665070000000000,0.506650700000,-1.013391052207602,-1.013391052207602,-1.013391052207602,0E-17,ELIGIBLE,R03b_20260811_FULL_v1,L1_ELIGIBILITY,v2026-08-11,2026-03-21..2026-08-06,baccarat_bet02_101_all_pairs_incl_sentinel,round_win = game_pnl > 0 (decisive only),COMPATIBILITY_ONLY_NOT_PRODUCTION,4059548.3812,3680416.6879,6656.9809,9707,9692,-0.00163983,0.01249836,-0.00525961,-0.00163983,-6656.9809,4059548.3812,OK,0.0000,266.2792,4.0000,96.0000,AG03-UNRESOLVED,ALL5_LEVELS_bet23_to_bet27,266.2792,266.2792,266.2792,0.0000,0.0000,4.000000,4.000000,4.000000,0.000000,0.000000,96.000000,96.000000,96.000000,100.000000,100.000000,5.0,798.8377,767.3102,5858.1432,5889.6706,PENDING_AG03,FALSE,NOT_FOR_ENFORCEMENT,6390.7016,3533200.0204,6656.9809,6390.7016,266.2792,0.00163983,0.00157424,266.2792,6390.7016,0.00157424,266.2792,266.2792,266.2792,0.0000,0.0000,6390.7016,0.00157424,798.8377,767.3102,5858.1432,5889.6706,0.00144305,0.00145082,0.00006559,418.2083,379.7376,0.6869,61.6387,1.8384,37588.4109,89.7407,538.3845,395.5999,218.4789,430.6076,432.5446,432.5446,1046.441,1081.3617,427.0584,0.0,2.43015,2.511246,0.971205,30,216,96,2,0.20383968,0.00163983,-0.01249836,0E-8,0.000000,0.906607,0.000000,0.01775797,2026-03-22,2026-08-06,108,3621,2443,138,0.782609,1.360932,1.287360,0.679466,,,,,,,,GLOBAL_BASELINE_NO_ENTITY_RANKING,,,NOT_APPLICABLE_GLOBAL_BASELINE,HF9g-P5,,,,X 全窗基线 · 不参与实体赏罚,14198299,1420,A168_HF9F_20260827_0900,2026-08-27 09:00:00
2026-04-27,57024343,1966,0,861.7903694926,840.2456102553,840.2456102553,1.0000000,2,2,0.49994810000000000,0.499948100000,1.4143603653603398,1.4143603653603398,1.4143603653603398,0E-17,ELIGIBLE,R03b_20260811_FULL_v1,L1_ELIGIBILITY,v2026-08-11,2026-03-21..2026-08-06,baccarat_bet02_101_all_pairs_incl_sentinel,round_win = game_pnl > 0 (decisive only),COMPATIBILITY_ONLY_NOT_PRODUCTION,4059548.3812,3680416.6879,6656.9809,9707,9692,-0.00163983,0.01249836,-0.00525961,-0.00163983,-6656.9809,4059548.3812,OK,0.0000,266.2792,4.0000,96.0000,AG03-UNRESOLVED,ALL5_LEVELS_bet23_to_bet27,266.2792,266.2792,266.2792,0.0000,0.0000,4.000000,4.000000,4.000000,0.000000,0.000000,96.000000,96.000000,96.000000,100.000000,100.000000,5.0,798.8377,767.3102,5858.1432,5889.6706,PENDING_AG03,FALSE,NOT_FOR_ENFORCEMENT,6390.7016,3533200.0204,6656.9809,6390.7016,266.2792,0.00163983,0.00157424,266.2792,6390.7016,0.00157424,266.2792,266.2792,266.2792,0.0000,0.0000,6390.7016,0.00157424,798.8377,767.3102,5858.1432,5889.6706,0.00144305,0.00145082,0.00006559,418.2083,379.7376,0.6869,61.6387,1.8384,37588.4109,89.7407,538.3845,395.5999,218.4789,430.6076,432.5446,432.5446,1046.441,1081.3617,427.0584,0.0,2.43015,2.511246,0.971205,30,216,96,2,0.20383968,0.00163983,-0.01249836,0E-8,0.000000,0.906607,0.000000,0.01775797,2026-03-22,2026-08-06,108,3621,2443,138,0.782609,1.360932,1.287360,0.679466,,,,,,,,GLOBAL_BASELINE_NO_ENTITY_RANKING,,,NOT_APPLICABLE_GLOBAL_BASELINE,HF9g-P5,,,,X 全窗基线 · 不参与实体赏罚,14198300,1420,A168_HF9F_20260827_0900,2026-08-27 09:00:00
2026-04-27,57024343,1990,0,2585.3711084778,-64.6342777119,-64.6342777119,0.5000000,6,6,0.50665070000000000,0.506650700000,-0.032584525537284574,-0.032584525537284574,-0.032584525537284574,0E-17,ELIGIBLE,R03b_20260811_FULL_v1,L1_ELIGIBILITY,v2026-08-11,2026-03-21..2026-08-06,baccarat_bet02_101_all_pairs_incl_sentinel,round_win = game_pnl > 0 (decisive only),COMPATIBILITY_ONLY_NOT_PRODUCTION,4059548.3812,3680416.6879,6656.9809,9707,9692,-0.00163983,0.01249836,-0.00525961,-0.00163983,-6656.9809,4059548.3812,OK,0.0000,266.2792,4.0000,96.0000,AG03-UNRESOLVED,ALL5_LEVELS_bet23_to_bet27,266.2792,266.2792,266.2792,0.0000,0.0000,4.000000,4.000000,4.000000,0.000000,0.000000,96.000000,96.000000,96.000000,100.000000,100.000000,5.0,798.8377,767.3102,5858.1432,5889.6706,PENDING_AG03,FALSE,NOT_FOR_ENFORCEMENT,6390.7016,3533200.0204,6656.9809,6390.7016,266.2792,0.00163983,0.00157424,266.2792,6390.7016,0.00157424,266.2792,266.2792,266.2792,0.0000,0.0000,6390.7016,0.00157424,798.8377,767.3102,5858.1432,5889.6706,0.00144305,0.00145082,0.00006559,418.2083,379.7376,0.6869,61.6387,1.8384,37588.4109,89.7407,538.3845,395.5999,218.4789,430.6076,432.5446,432.5446,1046.441,1081.3617,427.0584,0.0,2.43015,2.511246,0.971205,30,216,96,2,0.20383968,0.00163983,-0.01249836,0E-8,0.000000,0.906607,0.000000,0.01775797,2026-03-22,2026-08-06,108,3621,2443,138,0.782609,1.360932,1.287360,0.679466,,,,,,,,GLOBAL_BASELINE_NO_ENTITY_RANKING,,,NOT_APPLICABLE_GLOBAL_BASELINE,HF9g-P5,,,,X 全窗基线 · 不参与实体赏罚,14198301,1420,A168_HF9F_20260827_0900,2026-08-27 09:00:00
2026-04-27,57024343,2103,0,1723.5807389852,797.1560917807,797.1560917807,0.7500000,4,4,0.50665070000000000,0.506650700000,0.9734833216690844,0.9734833216690844,0.9734833216690844,0E-17,ELIGIBLE,R03b_20260811_FULL_v1,L1_ELIGIBILITY,v2026-08-11,2026-03-21..2026-08-06,baccarat_bet02_101_all_pairs_incl_sentinel,round_win = game_pnl > 0 (decisive only),COMPATIBILITY_ONLY_NOT_PRODUCTION,4059548.3812,3680416.6879,6656.9809,9707,9692,-0.00163983,0.01249836,-0.00525961,-0.00163983,-6656.9809,4059548.3812,OK,0.0000,266.2792,4.0000,96.0000,AG03-UNRESOLVED,ALL5_LEVELS_bet23_to_bet27,266.2792,266.2792,266.2792,0.0000,0.0000,4.000000,4.000000,4.000000,0.000000,0.000000,96.000000,96.000000,96.000000,100.000000,100.000000,5.0,798.8377,767.3102,5858.1432,5889.6706,PENDING_AG03,FALSE,NOT_FOR_ENFORCEMENT,6390.7016,3533200.0204,6656.9809,6390.7016,266.2792,0.00163983,0.00157424,266.2792,6390.7016,0.00157424,266.2792,266.2792,266.2792,0.0000,0.0000,6390.7016,0.00157424,798.8377,767.3102,5858.1432,5889.6706,0.00144305,0.00145082,0.00006559,418.2083,379.7376,0.6869,61.6387,1.8384,37588.4109,89.7407,538.3845,395.5999,218.4789,430.6076,432.5446,432.5446,1046.441,1081.3617,427.0584,0.0,2.43015,2.511246,0.971205,30,216,96,2,0.20383968,0.00163983,-0.01249836,0E-8,0.000000,0.906607,0.000000,0.01775797,2026-03-22,2026-08-06,108,3621,2443,138,0.782609,1.360932,1.287360,0.679466,,,,,,,,GLOBAL_BASELINE_NO_ENTITY_RANKING,,,NOT_APPLICABLE_GLOBAL_BASELINE,HF9g-P5,,,,X 全窗基线 · 不参与实体赏罚,14198302,1420,A168_HF9F_20260827_0900,2026-08-27 09:00:00
2026-04-27,57024343,2123,0,2585.3711084778,366.2609070344,366.2609070344,0.6000000,6,6,0.50665070000000000,0.506650700000,0.4175076967804994,0.4175076967804994,0.4175076967804994,0E-17,ELIGIBLE,R03b_20260811_FULL_v1,L1_ELIGIBILITY,v2026-08-11,2026-03-21..2026-08-06,baccarat_bet02_101_all_pairs_incl_sentinel,round_win = game_pnl > 0 (decisive only),COMPATIBILITY_ONLY_NOT_PRODUCTION,4059548.3812,3680416.6879,6656.9809,9707,9692,-0.00163983,0.01249836,-0.00525961,-0.00163983,-6656.9809,4059548.3812,OK,0.0000,266.2792,4.0000,96.0000,AG03-UNRESOLVED,ALL5_LEVELS_bet23_to_bet27,266.2792,266.2792,266.2792,0.0000,0.0000,4.000000,4.000000,4.000000,0.000000,0.000000,96.000000,96.000000,96.000000,100.000000,100.000000,5.0,798.8377,767.3102,5858.1432,5889.6706,PENDING_AG03,FALSE,NOT_FOR_ENFORCEMENT,6390.7016,3533200.0204,6656.9809,6390.7016,266.2792,0.00163983,0.00157424,266.2792,6390.7016,0.00157424,266.2792,266.2792,266.2792,0.0000,0.0000,6390.7016,0.00157424,798.8377,767.3102,5858.1432,5889.6706,0.00144305,0.00145082,0.00006559,418.2083,379.7376,0.6869,61.6387,1.8384,37588.4109,89.7407,538.3845,395.5999,218.4789,430.6076,432.5446,432.5446,1046.441,1081.3617,427.0584,0.0,2.43015,2.511246,0.971205,30,216,96,2,0.20383968,0.00163983,-0.01249836,0E-8,0.000000,0.906607,0.000000,0.01775797,2026-03-22,2026-08-06,108,3621,2443,138,0.782609,1.360932,1.287360,0.679466,,,,,,,,GLOBAL_BASELINE_NO_ENTITY_RANKING,,,NOT_APPLICABLE_GLOBAL_BASELINE,HF9g-P5,,,,X 全窗基线 · 不参与实体赏罚,14198303,1420,A168_HF9F_20260827_0900,2026-08-27 09:00:00
2026-04-27,57024343,2141,0,1292.6855542389,387.8056662717,387.8056662717,0.6666667,3,3,0.50218230000000000,0.502182300000,0.5697959874915163,0.5697959874915164,0.5697959874915163,0E-17,ELIGIBLE,R03b_20260811_FULL_v1,L1_ELIGIBILITY,v2026-08-11,2026-03-21..2026-08-06,baccarat_bet02_101_all_pairs_incl_sentinel,round_win = game_pnl > 0 (decisive only),COMPATIBILITY_ONLY_NOT_PRODUCTION,4059548.3812,3680416.6879,6656.9809,9707,9692,-0.00163983,0.01249836,-0.00525961,-0.00163983,-6656.9809,4059548.3812,OK,0.0000,266.2792,4.0000,96.0000,AG03-UNRESOLVED,ALL5_LEVELS_bet23_to_bet27,266.2792,266.2792,266.2792,0.0000,0.0000,4.000000,4.000000,4.000000,0.000000,0.000000,96.000000,96.000000,96.000000,100.000000,100.000000,5.0,798.8377,767.3102,5858.1432,5889.6706,PENDING_AG03,FALSE,NOT_FOR_ENFORCEMENT,6390.7016,3533200.0204,6656.9809,6390.7016,266.2792,0.00163983,0.00157424,266.2792,6390.7016,0.00157424,266.2792,266.2792,266.2792,0.0000,0.0000,6390.7016,0.00157424,798.8377,767.3102,5858.1432,5889.6706,0.00144305,0.00145082,0.00006559,418.2083,379.7376,0.6869,61.6387,1.8384,37588.4109,89.7407,538.3845,395.5999,218.4789,430.6076,432.5446,432.5446,1046.441,1081.3617,427.0584,0.0,2.43015,2.511246,0.971205,30,216,96,2,0.20383968,0.00163983,-0.01249836,0E-8,0.000000,0.906607,0.000000,0.01775797,2026-03-22,2026-08-06,108,3621,2443,138,0.782609,1.360932,1.287360,0.679466,,,,,,,,GLOBAL_BASELINE_NO_ENTITY_RANKING,,,NOT_APPLICABLE_GLOBAL_BASELINE,HF9g-P5,,,,X 全窗基线 · 不参与实体赏罚,14198304,1420,A168_HF9F_20260827_0900,2026-08-27 09:00:00
2026-04-27,57024343,2142,0,861.7903694926,-861.7903694926,-861.7903694926,0E-7,2,2,0.50665070000000000,0.506650700000,-1.4331513700195317,-1.4331513700195317,-1.4331513700195317,0E-17,ELIGIBLE,R03b_20260811_FULL_v1,L1_ELIGIBILITY,v2026-08-11,2026-03-21..2026-08-06,baccarat_bet02_101_all_pairs_incl_sentinel,round_win = game_pnl > 0 (decisive only),COMPATIBILITY_ONLY_NOT_PRODUCTION,4059548.3812,3680416.6879,6656.9809,9707,9692,-0.00163983,0.01249836,-0.00525961,-0.00163983,-6656.9809,4059548.3812,OK,0.0000,266.2792,4.0000,96.0000,AG03-UNRESOLVED,ALL5_LEVELS_bet23_to_bet27,266.2792,266.2792,266.2792,0.0000,0.0000,4.000000,4.000000,4.000000,0.000000,0.000000,96.000000,96.000000,96.000000,100.000000,100.000000,5.0,798.8377,767.3102,5858.1432,5889.6706,PENDING_AG03,FALSE,NOT_FOR_ENFORCEMENT,6390.7016,3533200.0204,6656.9809,6390.7016,266.2792,0.00163983,0.00157424,266.2792,6390.7016,0.00157424,266.2792,266.2792,266.2792,0.0000,0.0000,6390.7016,0.00157424,798.8377,767.3102,5858.1432,5889.6706,0.00144305,0.00145082,0.00006559,418.2083,379.7376,0.6869,61.6387,1.8384,37588.4109,89.7407,538.3845,395.5999,218.4789,430.6076,432.5446,432.5446,1046.441,1081.3617,427.0584,0.0,2.43015,2.511246,0.971205,30,216,96,2,0.20383968,0.00163983,-0.01249836,0E-8,0.000000,0.906607,0.000000,0.01775797,2026-03-22,2026-08-06,108,3621,2443,138,0.782609,1.360932,1.287360,0.679466,,,,,,,,GLOBAL_BASELINE_NO_ENTITY_RANKING,,,NOT_APPLICABLE_GLOBAL_BASELINE,HF9g-P5,,,,X 全窗基线 · 不参与实体赏罚,14198305,1420,A168_HF9F_20260827_0900,2026-08-27 09:00:00
2026-04-27,57024343,2153,0,1292.6855542389,409.3504255090,409.3504255090,0.6666667,3,3,0.50218230000000000,0.502182300000,0.5697959874915163,0.5697959874915164,0.5697959874915163,0E-17,ELIGIBLE,R03b_20260811_FULL_v1,L1_ELIGIBILITY,v2026-08-11,2026-03-21..2026-08-06,baccarat_bet02_101_all_pairs_incl_sentinel,round_win = game_pnl > 0 (decisive only),COMPATIBILITY_ONLY_NOT_PRODUCTION,4059548.3812,3680416.6879,6656.9809,9707,9692,-0.00163983,0.01249836,-0.00525961,-0.00163983,-6656.9809,4059548.3812,OK,0.0000,266.2792,4.0000,96.0000,AG03-UNRESOLVED,ALL5_LEVELS_bet23_to_bet27,266.2792,266.2792,266.2792,0.0000,0.0000,4.000000,4.000000,4.000000,0.000000,0.000000,96.000000,96.000000,96.000000,100.000000,100.000000,5.0,798.8377,767.3102,5858.1432,5889.6706,PENDING_AG03,FALSE,NOT_FOR_ENFORCEMENT,6390.7016,3533200.0204,6656.9809,6390.7016,266.2792,0.00163983,0.00157424,266.2792,6390.7016,0.00157424,266.2792,266.2792,266.2792,0.0000,0.0000,6390.7016,0.00157424,798.8377,767.3102,5858.1432,5889.6706,0.00144305,0.00145082,0.00006559,418.2083,379.7376,0.6869,61.6387,1.8384,37588.4109,89.7407,538.3845,395.5999,218.4789,430.6076,432.5446,432.5446,1046.441,1081.3617,427.0584,0.0,2.43015,2.511246,0.971205,30,216,96,2,0.20383968,0.00163983,-0.01249836,0E-8,0.000000,0.906607,0.000000,0.01775797,2026-03-22,2026-08-06,108,3621,2443,138,0.782609,1.360932,1.287360,0.679466,,,,,,,,GLOBAL_BASELINE_NO_ENTITY_RANKING,,,NOT_APPLICABLE_GLOBAL_BASELINE,HF9g-P5,,,,X 全窗基线 · 不参与实体赏罚,14198306,1420,A168_HF9F_20260827_0900,2026-08-27 09:00:00
2026-04-27,57024343,2155,0,861.7903694926,-861.7903694926,-861.7903694926,0E-7,2,2,0.49994810000000000,0.499948100000,-1.4140667746232096,-1.4140667746232096,-1.4140667746232096,0E-17,ELIGIBLE,R03b_20260811_FULL_v1,L1_ELIGIBILITY,v2026-08-11,2026-03-21..2026-08-06,baccarat_bet02_101_all_pairs_incl_sentinel,round_win = game_pnl > 0 (decisive only),COMPATIBILITY_ONLY_NOT_PRODUCTION,4059548.3812,3680416.6879,6656.9809,9707,9692,-0.00163983,0.01249836,-0.00525961,-0.00163983,-6656.9809,4059548.3812,OK,0.0000,266.2792,4.0000,96.0000,AG03-UNRESOLVED,ALL5_LEVELS_bet23_to_bet27,266.2792,266.2792,266.2792,0.0000,0.0000,4.000000,4.000000,4.000000,0.000000,0.000000,96.000000,96.000000,96.000000,100.000000,100.000000,5.0,798.8377,767.3102,5858.1432,5889.6706,PENDING_AG03,FALSE,NOT_FOR_ENFORCEMENT,6390.7016,3533200.0204,6656.9809,6390.7016,266.2792,0.00163983,0.00157424,266.2792,6390.7016,0.00157424,266.2792,266.2792,266.2792,0.0000,0.0000,6390.7016,0.00157424,798.8377,767.3102,5858.1432,5889.6706,0.00144305,0.00145082,0.00006559,418.2083,379.7376,0.6869,61.6387,1.8384,37588.4109,89.7407,538.3845,395.5999,218.4789,430.6076,432.5446,432.5446,1046.441,1081.3617,427.0584,0.0,2.43015,2.511246,0.971205,30,216,96,2,0.20383968,0.00163983,-0.01249836,0E-8,0.000000,0.906607,0.000000,0.01775797,2026-03-22,2026-08-06,108,3621,2443,138,0.782609,1.360932,1.287360,0.679466,,,,,,,,GLOBAL_BASELINE_NO_ENTITY_RANKING,,,NOT_APPLICABLE_GLOBAL_BASELINE,HF9g-P5,,,,X 全窗基线 · 不参与实体赏罚,14198307,1420,A168_HF9F_20260827_0900,2026-08-27 09:00:00
2026-04-27,57024343,2160,0,861.7903694926,861.7903694926,861.7903694926,1.0000000,2,2,0.49324550000000000,0.493245500000,1.4334489766152358,1.4334489766152358,1.4334489766152358,0E-17,ELIGIBLE,R03b_20260811_FULL_v1,L1_ELIGIBILITY,v2026-08-11,2026-03-21..2026-08-06,baccarat_bet02_101_all_pairs_incl_sentinel,round_win = game_pnl > 0 (decisive only),COMPATIBILITY_ONLY_NOT_PRODUCTION,4059548.3812,3680416.6879,6656.9809,9707,9692,-0.00163983,0.01249836,-0.00525961,-0.00163983,-6656.9809,4059548.3812,OK,0.0000,266.2792,4.0000,96.0000,AG03-UNRESOLVED,ALL5_LEVELS_bet23_to_bet27,266.2792,266.2792,266.2792,0.0000,0.0000,4.000000,4.000000,4.000000,0.000000,0.000000,96.000000,96.000000,96.000000,100.000000,100.000000,5.0,798.8377,767.3102,5858.1432,5889.6706,PENDING_AG03,FALSE,NOT_FOR_ENFORCEMENT,6390.7016,3533200.0204,6656.9809,6390.7016,266.2792,0.00163983,0.00157424,266.2792,6390.7016,0.00157424,266.2792,266.2792,266.2792,0.0000,0.0000,6390.7016,0.00157424,798.8377,767.3102,5858.1432,5889.6706,0.00144305,0.00145082,0.00006559,418.2083,379.7376,0.6869,61.6387,1.8384,37588.4109,89.7407,538.3845,395.5999,218.4789,430.6076,432.5446,432.5446,1046.441,1081.3617,427.0584,0.0,2.43015,2.511246,0.971205,30,216,96,2,0.20383968,0.00163983,-0.01249836,0E-8,0.000000,0.906607,0.000000,0.01775797,2026-03-22,2026-08-06,108,3621,2443,138,0.782609,1.360932,1.287360,0.679466,,,,,,,,GLOBAL_BASELINE_NO_ENTITY_RANKING,,,NOT_APPLICABLE_GLOBAL_BASELINE,HF9g-P5,,,,X 全窗基线 · 不参与实体赏罚,14198308,1420,A168_HF9F_20260827_0900,2026-08-27 09:00:00
2026-04-27,57024343,2188,0,1723.5807389852,-43.0895184746,-43.0895184746,0.5000000,4,4,0.50329940000000000,0.503299400000,-0.01319788734859681,-0.01319788734859681,-0.01319788734859681,0E-17,ELIGIBLE,R03b_20260811_FULL_v1,L1_ELIGIBILITY,v2026-08-11,2026-03-21..2026-08-06,baccarat_bet02_101_all_pairs_incl_sentinel,round_win = game_pnl > 0 (decisive only),COMPATIBILITY_ONLY_NOT_PRODUCTION,4059548.3812,3680416.6879,6656.9809,9707,9692,-0.00163983,0.01249836,-0.00525961,-0.00163983,-6656.9809,4059548.3812,OK,0.0000,266.2792,4.0000,96.0000,AG03-UNRESOLVED,ALL5_LEVELS_bet23_to_bet27,266.2792,266.2792,266.2792,0.0000,0.0000,4.000000,4.000000,4.000000,0.000000,0.000000,96.000000,96.000000,96.000000,100.000000,100.000000,5.0,798.8377,767.3102,5858.1432,5889.6706,PENDING_AG03,FALSE,NOT_FOR_ENFORCEMENT,6390.7016,3533200.0204,6656.9809,6390.7016,266.2792,0.00163983,0.00157424,266.2792,6390.7016,0.00157424,266.2792,266.2792,266.2792,0.0000,0.0000,6390.7016,0.00157424,798.8377,767.3102,5858.1432,5889.6706,0.00144305,0.00145082,0.00006559,418.2083,379.7376,0.6869,61.6387,1.8384,37588.4109,89.7407,538.3845,395.5999,218.4789,430.6076,432.5446,432.5446,1046.441,1081.3617,427.0584,0.0,2.43015,2.511246,0.971205,30,216,96,2,0.20383968,0.00163983,-0.01249836,0E-8,0.000000,0.906607,0.000000,0.01775797,2026-03-22,2026-08-06,108,3621,2443,138,0.782609,1.360932,1.287360,0.679466,,,,,,,,GLOBAL_BASELINE_NO_ENTITY_RANKING,,,NOT_APPLICABLE_GLOBAL_BASELINE,HF9g-P5,,,,X 全窗基线 · 不参与实体赏罚,14198309,1420,A168_HF9F_20260827_0900,2026-08-27 09:00:00
2026-04-27,57024343,2212,0,1292.6855542389,-430.8951847463,-430.8951847463,0.3333333,3,3,0.49771390000000000,0.497713900000,-0.5694369385616226,-0.5694369385616226,-0.5694369385616226,0E-17,ELIGIBLE,R03b_20260811_FULL_v1,L1_ELIGIBILITY,v2026-08-11,2026-03-21..2026-08-06,baccarat_bet02_101_all_pairs_incl_sentinel,round_win = game_pnl > 0 (decisive only),COMPATIBILITY_ONLY_NOT_PRODUCTION,4059548.3812,3680416.6879,6656.9809,9707,9692,-0.00163983,0.01249836,-0.00525961,-0.00163983,-6656.9809,4059548.3812,OK,0.0000,266.2792,4.0000,96.0000,AG03-UNRESOLVED,ALL5_LEVELS_bet23_to_bet27,266.2792,266.2792,266.2792,0.0000,0.0000,4.000000,4.000000,4.000000,0.000000,0.000000,96.000000,96.000000,96.000000,100.000000,100.000000,5.0,798.8377,767.3102,5858.1432,5889.6706,PENDING_AG03,FALSE,NOT_FOR_ENFORCEMENT,6390.7016,3533200.0204,6656.9809,6390.7016,266.2792,0.00163983,0.00157424,266.2792,6390.7016,0.00157424,266.2792,266.2792,266.2792,0.0000,0.0000,6390.7016,0.00157424,798.8377,767.3102,5858.1432,5889.6706,0.00144305,0.00145082,0.00006559,418.2083,379.7376,0.6869,61.6387,1.8384,37588.4109,89.7407,538.3845,395.5999,218.4789,430.6076,432.5446,432.5446,1046.441,1081.3617,427.0584,0.0,2.43015,2.511246,0.971205,30,216,96,2,0.20383968,0.00163983,-0.01249836,0E-8,0.000000,0.906607,0.000000,0.01775797,2026-03-22,2026-08-06,108,3621,2443,138,0.782609,1.360932,1.287360,0.679466,,,,,,,,GLOBAL_BASELINE_NO_ENTITY_RANKING,,,NOT_APPLICABLE_GLOBAL_BASELINE,HF9g-P5,,,,X 全窗基线 · 不参与实体赏罚,14198310,1420,A168_HF9F_20260827_0900,2026-08-27 09:00:00
2026-04-27,57024343,2224,0,861.7903694926,818.7008510180,818.7008510180,1.0000000,2,2,0.50665070000000000,0.506650700000,1.3955260008387969,1.3955260008387969,1.3955260008387969,0E-17,ELIGIBLE,R03b_20260811_FULL_v1,L1_ELIGIBILITY,v2026-08-11,2026-03-21..2026-08-06,baccarat_bet02_101_all_pairs_incl_sentinel,round_win = game_pnl > 0 (decisive only),COMPATIBILITY_ONLY_NOT_PRODUCTION,4059548.3812,3680416.6879,6656.9809,9707,9692,-0.00163983,0.01249836,-0.00525961,-0.00163983,-6656.9809,4059548.3812,OK,0.0000,266.2792,4.0000,96.0000,AG03-UNRESOLVED,ALL5_LEVELS_bet23_to_bet27,266.2792,266.2792,266.2792,0.0000,0.0000,4.000000,4.000000,4.000000,0.000000,0.000000,96.000000,96.000000,96.000000,100.000000,100.000000,5.0,798.8377,767.3102,5858.1432,5889.6706,PENDING_AG03,FALSE,NOT_FOR_ENFORCEMENT,6390.7016,3533200.0204,6656.9809,6390.7016,266.2792,0.00163983,0.00157424,266.2792,6390.7016,0.00157424,266.2792,266.2792,266.2792,0.0000,0.0000,6390.7016,0.00157424,798.8377,767.3102,5858.1432,5889.6706,0.00144305,0.00145082,0.00006559,418.2083,379.7376,0.6869,61.6387,1.8384,37588.4109,89.7407,538.3845,395.5999,218.4789,430.6076,432.5446,432.5446,1046.441,1081.3617,427.0584,0.0,2.43015,2.511246,0.971205,30,216,96,2,0.20383968,0.00163983,-0.01249836,0E-8,0.000000,0.906607,0.000000,0.01775797,2026-03-22,2026-08-06,108,3621,2443,138,0.782609,1.360932,1.287360,0.679466,,,,,,,,GLOBAL_BASELINE_NO_ENTITY_RANKING,,,NOT_APPLICABLE_GLOBAL_BASELINE,HF9g-P5,,,,X 全窗基线 · 不参与实体赏罚,14198311,1420,A168_HF9F_20260827_0900,2026-08-27 09:00:00
2026-04-27,57024343,2229,0,861.7903694926,-21.5447592373,-21.5447592373,0.5000000,2,2,0.49994810000000000,0.499948100000,0.00014679536856514622,0.00014679536856514622,0.00014679536856514622,0E-17,ELIGIBLE,R03b_20260811_FULL_v1,L1_ELIGIBILITY,v2026-08-11,2026-03-21..2026-08-06,baccarat_bet02_101_all_pairs_incl_sentinel,round_win = game_pnl > 0 (decisive only),COMPATIBILITY_ONLY_NOT_PRODUCTION,4059548.3812,3680416.6879,6656.9809,9707,9692,-0.00163983,0.01249836,-0.00525961,-0.00163983,-6656.9809,4059548.3812,OK,0.0000,266.2792,4.0000,96.0000,AG03-UNRESOLVED,ALL5_LEVELS_bet23_to_bet27,266.2792,266.2792,266.2792,0.0000,0.0000,4.000000,4.000000,4.000000,0.000000,0.000000,96.000000,96.000000,96.000000,100.000000,100.000000,5.0,798.8377,767.3102,5858.1432,5889.6706,PENDING_AG03,FALSE,NOT_FOR_ENFORCEMENT,6390.7016,3533200.0204,6656.9809,6390.7016,266.2792,0.00163983,0.00157424,266.2792,6390.7016,0.00157424,266.2792,266.2792,266.2792,0.0000,0.0000,6390.7016,0.00157424,798.8377,767.3102,5858.1432,5889.6706,0.00144305,0.00145082,0.00006559,418.2083,379.7376,0.6869,61.6387,1.8384,37588.4109,89.7407,538.3845,395.5999,218.4789,430.6076,432.5446,432.5446,1046.441,1081.3617,427.0584,0.0,2.43015,2.511246,0.971205,30,216,96,2,0.20383968,0.00163983,-0.01249836,0E-8,0.000000,0.906607,0.000000,0.01775797,2026-03-22,2026-08-06,108,3621,2443,138,0.782609,1.360932,1.287360,0.679466,,,,,,,,GLOBAL_BASELINE_NO_ENTITY_RANKING,,,NOT_APPLICABLE_GLOBAL_BASELINE,HF9g-P5,,,,X 全窗基线 · 不参与实体赏罚,14198312,1420,A168_HF9F_20260827_0900,2026-08-27 09:00:00
2026-04-27,57024343,2234,0,430.8951847463,409.3504255090,409.3504255090,1.0000000,1,1,0.50665070000000000,0.506650700000,0.9867858985152569,0.9867858985152569,0.9867858985152569,0E-17,ELIGIBLE,R03b_20260811_FULL_v1,L1_ELIGIBILITY,v2026-08-11,2026-03-21..2026-08-06,baccarat_bet02_101_all_pairs_incl_sentinel,round_win = game_pnl > 0 (decisive only),COMPATIBILITY_ONLY_NOT_PRODUCTION,4059548.3812,3680416.6879,6656.9809,9707,9692,-0.00163983,0.01249836,-0.00525961,-0.00163983,-6656.9809,4059548.3812,OK,0.0000,266.2792,4.0000,96.0000,AG03-UNRESOLVED,ALL5_LEVELS_bet23_to_bet27,266.2792,266.2792,266.2792,0.0000,0.0000,4.000000,4.000000,4.000000,0.000000,0.000000,96.000000,96.000000,96.000000,100.000000,100.000000,5.0,798.8377,767.3102,5858.1432,5889.6706,PENDING_AG03,FALSE,NOT_FOR_ENFORCEMENT,6390.7016,3533200.0204,6656.9809,6390.7016,266.2792,0.00163983,0.00157424,266.2792,6390.7016,0.00157424,266.2792,266.2792,266.2792,0.0000,0.0000,6390.7016,0.00157424,798.8377,767.3102,5858.1432,5889.6706,0.00144305,0.00145082,0.00006559,418.2083,379.7376,0.6869,61.6387,1.8384,37588.4109,89.7407,538.3845,395.5999,218.4789,430.6076,432.5446,432.5446,1046.441,1081.3617,427.0584,0.0,2.43015,2.511246,0.971205,30,216,96,2,0.20383968,0.00163983,-0.01249836,0E-8,0.000000,0.906607,0.000000,0.01775797,2026-03-22,2026-08-06,108,3621,2443,138,0.782609,1.360932,1.287360,0.679466,,,,,,,,GLOBAL_BASELINE_NO_ENTITY_RANKING,,,NOT_APPLICABLE_GLOBAL_BASELINE,HF9g-P5,,,,X 全窗基线 · 不参与实体赏罚,14198313,1420,A168_HF9F_20260827_0900,2026-08-27 09:00:00
2026-04-27,57024343,2256,0,2154.4759237315,1206.5065172897,1206.5065172897,0.8000000,5,5,0.50665070000000000,0.506650700000,1.3120140225494112,1.3120140225494112,1.3120140225494112,0E-17,ELIGIBLE,R03b_20260811_FULL_v1,L1_ELIGIBILITY,v2026-08-11,2026-03-21..2026-08-06,baccarat_bet02_101_all_pairs_incl_sentinel,round_win = game_pnl > 0 (decisive only),COMPATIBILITY_ONLY_NOT_PRODUCTION,4059548.3812,3680416.6879,6656.9809,9707,9692,-0.00163983,0.01249836,-0.00525961,-0.00163983,-6656.9809,4059548.3812,OK,0.0000,266.2792,4.0000,96.0000,AG03-UNRESOLVED,ALL5_LEVELS_bet23_to_bet27,266.2792,266.2792,266.2792,0.0000,0.0000,4.000000,4.000000,4.000000,0.000000,0.000000,96.000000,96.000000,96.000000,100.000000,100.000000,5.0,798.8377,767.3102,5858.1432,5889.6706,PENDING_AG03,FALSE,NOT_FOR_ENFORCEMENT,6390.7016,3533200.0204,6656.9809,6390.7016,266.2792,0.00163983,0.00157424,266.2792,6390.7016,0.00157424,266.2792,266.2792,266.2792,0.0000,0.0000,6390.7016,0.00157424,798.8377,767.3102,5858.1432,5889.6706,0.00144305,0.00145082,0.00006559,418.2083,379.7376,0.6869,61.6387,1.8384,37588.4109,89.7407,538.3845,395.5999,218.4789,430.6076,432.5446,432.5446,1046.441,1081.3617,427.0584,0.0,2.43015,2.511246,0.971205,30,216,96,2,0.20383968,0.00163983,-0.01249836,0E-8,0.000000,0.906607,0.000000,0.01775797,2026-03-22,2026-08-06,108,3621,2443,138,0.782609,1.360932,1.287360,0.679466,,,,,,,,GLOBAL_BASELINE_NO_ENTITY_RANKING,,,NOT_APPLICABLE_GLOBAL_BASELINE,HF9g-P5,,,,X 全窗基线 · 不参与实体赏罚,14198314,1420,A168_HF9F_20260827_0900,2026-08-27 09:00:00
2026-04-27,57024343,526,0,1292.6855542389,-1292.6855542389,-1292.6855542389,0E-7,3,3,0.50218230000000000,0.502182300000,-1.7396270863184011,-1.7396270863184016,-1.7396270863184011,0E-17,ELIGIBLE,R03b_20260811_FULL_v1,L1_ELIGIBILITY,v2026-08-11,2026-03-21..2026-08-06,baccarat_bet02_101_all_pairs_incl_sentinel,round_win = game_pnl > 0 (decisive only),COMPATIBILITY_ONLY_NOT_PRODUCTION,4059548.3812,3680416.6879,6656.9809,9707,9692,-0.00163983,0.01249836,-0.00525961,-0.00163983,-6656.9809,4059548.3812,OK,0.0000,266.2792,4.0000,96.0000,AG03-UNRESOLVED,ALL5_LEVELS_bet23_to_bet27,266.2792,266.2792,266.2792,0.0000,0.0000,4.000000,4.000000,4.000000,0.000000,0.000000,96.000000,96.000000,96.000000,100.000000,100.000000,5.0,798.8377,767.3102,5858.1432,5889.6706,PENDING_AG03,FALSE,NOT_FOR_ENFORCEMENT,6390.7016,3533200.0204,6656.9809,6390.7016,266.2792,0.00163983,0.00157424,266.2792,6390.7016,0.00157424,266.2792,266.2792,266.2792,0.0000,0.0000,6390.7016,0.00157424,798.8377,767.3102,5858.1432,5889.6706,0.00144305,0.00145082,0.00006559,418.2083,379.7376,0.6869,61.6387,1.8384,37588.4109,89.7407,538.3845,395.5999,218.4789,430.6076,432.5446,432.5446,1046.441,1081.3617,427.0584,0.0,2.43015,2.511246,0.971205,30,216,96,2,0.20383968,0.00163983,-0.01249836,0E-8,0.000000,0.906607,0.000000,0.01775797,2026-03-22,2026-08-06,108,3621,2443,138,0.782609,1.360932,1.287360,0.679466,,,,,,,,GLOBAL_BASELINE_NO_ENTITY_RANKING,,,NOT_APPLICABLE_GLOBAL_BASELINE,HF9g-P5,,,,X 全窗基线 · 不参与实体赏罚,14198315,1420,A168_HF9F_20260827_0900,2026-08-27 09:00:00
2026-04-27,57024343,752,0,1723.5807389852,-430.8951847463,-430.8951847463,0.3333333,4,4,0.50329940000000000,0.503299400000,-0.5887925454369916,-0.5887925454369916,-0.5887925454369916,0E-17,ELIGIBLE,R03b_20260811_FULL_v1,L1_ELIGIBILITY,v2026-08-11,2026-03-21..2026-08-06,baccarat_bet02_101_all_pairs_incl_sentinel,round_win = game_pnl > 0 (decisive only),COMPATIBILITY_ONLY_NOT_PRODUCTION,4059548.3812,3680416.6879,6656.9809,9707,9692,-0.00163983,0.01249836,-0.00525961,-0.00163983,-6656.9809,4059548.3812,OK,0.0000,266.2792,4.0000,96.0000,AG03-UNRESOLVED,ALL5_LEVELS_bet23_to_bet27,266.2792,266.2792,266.2792,0.0000,0.0000,4.000000,4.000000,4.000000,0.000000,0.000000,96.000000,96.000000,96.000000,100.000000,100.000000,5.0,798.8377,767.3102,5858.1432,5889.6706,PENDING_AG03,FALSE,NOT_FOR_ENFORCEMENT,6390.7016,3533200.0204,6656.9809,6390.7016,266.2792,0.00163983,0.00157424,266.2792,6390.7016,0.00157424,266.2792,266.2792,266.2792,0.0000,0.0000,6390.7016,0.00157424,798.8377,767.3102,5858.1432,5889.6706,0.00144305,0.00145082,0.00006559,418.2083,379.7376,0.6869,61.6387,1.8384,37588.4109,89.7407,538.3845,395.5999,218.4789,430.6076,432.5446,432.5446,1046.441,1081.3617,427.0584,0.0,2.43015,2.511246,0.971205,30,216,96,2,0.20383968,0.00163983,-0.01249836,0E-8,0.000000,0.906607,0.000000,0.01775797,2026-03-22,2026-08-06,108,3621,2443,138,0.782609,1.360932,1.287360,0.679466,,,,,,,,GLOBAL_BASELINE_NO_ENTITY_RANKING,,,NOT_APPLICABLE_GLOBAL_BASELINE,HF9g-P5,,,,X 全窗基线 · 不参与实体赏罚,14198316,1420,A168_HF9F_20260827_0900,2026-08-27 09:00:00
2026-04-28,57024343,-1,1,8187.0085101800,-161.5856942798,-161.5856942798,0.5000000,19,19,0.50453408947368421,0.504534089474,-0.036274207268073795,-0.03627420727060043,-0.036274207268073795,-3.1579E-13,SENTINEL_DEALER,R03b_20260811_FULL_v1,L1_ELIGIBILITY,v2026-08-11,2026-03-21..2026-08-06,baccarat_bet02_101_all_pairs_incl_sentinel,round_win = game_pnl > 0 (decisive only),COMPATIBILITY_ONLY_NOT_PRODUCTION,4059548.3812,3680416.6879,6656.9809,9707,9692,-0.00163983,0.01249836,-0.00525961,-0.00163983,-6656.9809,4059548.3812,OK,0.0000,266.2792,4.0000,96.0000,AG03-UNRESOLVED,ALL5_LEVELS_bet23_to_bet27,266.2792,266.2792,266.2792,0.0000,0.0000,4.000000,4.000000,4.000000,0.000000,0.000000,96.000000,96.000000,96.000000,100.000000,100.000000,5.0,798.8377,767.3102,5858.1432,5889.6706,PENDING_AG03,FALSE,NOT_FOR_ENFORCEMENT,6390.7016,3533200.0204,6656.9809,6390.7016,266.2792,0.00163983,0.00157424,266.2792,6390.7016,0.00157424,266.2792,266.2792,266.2792,0.0000,0.0000,6390.7016,0.00157424,798.8377,767.3102,5858.1432,5889.6706,0.00144305,0.00145082,0.00006559,418.2083,379.7376,0.6869,61.6387,1.8384,37588.4109,89.7407,538.3845,395.5999,218.4789,430.6076,432.5446,432.5446,1046.441,1081.3617,427.0584,0.0,2.43015,2.511246,0.971205,30,216,96,2,0.20383968,0.00163983,-0.01249836,0E-8,0.000000,0.906607,0.000000,0.01775797,2026-03-22,2026-08-06,108,3621,2443,138,0.782609,1.360932,1.287360,0.679466,,,,,,,,GLOBAL_BASELINE_NO_ENTITY_RANKING,,,NOT_APPLICABLE_GLOBAL_BASELINE,HF9g-P5,,,,X 全窗基线 · 不参与实体赏罚,14198317,1420,A168_HF9F_20260827_0900,2026-08-27 09:00:00
2026-04-28,57024343,1004,0,430.8951847463,409.3504255090,409.3504255090,1.0000000,1,1,0.50665070000000000,0.506650700000,0.9867858985152569,0.9867858985152569,0.9867858985152569,0E-17,ELIGIBLE,R03b_20260811_FULL_v1,L1_ELIGIBILITY,v2026-08-11,2026-03-21..2026-08-06,baccarat_bet02_101_all_pairs_incl_sentinel,round_win = game_pnl > 0 (decisive only),COMPATIBILITY_ONLY_NOT_PRODUCTION,4059548.3812,3680416.6879,6656.9809,9707,9692,-0.00163983,0.01249836,-0.00525961,-0.00163983,-6656.9809,4059548.3812,OK,0.0000,266.2792,4.0000,96.0000,AG03-UNRESOLVED,ALL5_LEVELS_bet23_to_bet27,266.2792,266.2792,266.2792,0.0000,0.0000,4.000000,4.000000,4.000000,0.000000,0.000000,96.000000,96.000000,96.000000,100.000000,100.000000,5.0,798.8377,767.3102,5858.1432,5889.6706,PENDING_AG03,FALSE,NOT_FOR_ENFORCEMENT,6390.7016,3533200.0204,6656.9809,6390.7016,266.2792,0.00163983,0.00157424,266.2792,6390.7016,0.00157424,266.2792,266.2792,266.2792,0.0000,0.0000,6390.7016,0.00157424,798.8377,767.3102,5858.1432,5889.6706,0.00144305,0.00145082,0.00006559,418.2083,379.7376,0.6869,61.6387,1.8384,37588.4109,89.7407,538.3845,395.5999,218.4789,430.6076,432.5446,432.5446,1046.441,1081.3617,427.0584,0.0,2.43015,2.511246,0.971205,30,216,96,2,0.20383968,0.00163983,-0.01249836,0E-8,0.000000,0.906607,0.000000,0.01775797,2026-03-22,2026-08-06,108,3621,2443,138,0.782609,1.360932,1.287360,0.679466,,,,,,,,GLOBAL_BASELINE_NO_ENTITY_RANKING,,,NOT_APPLICABLE_GLOBAL_BASELINE,HF9g-P5,,,,X 全窗基线 · 不参与实体赏罚,14198318,1420,A168_HF9F_20260827_0900,2026-08-27 09:00:00
2026-04-28,57024343,1078,0,430.8951847463,-430.8951847463,-430.8951847463,0E-7,1,1,0.50665070000000000,0.506650700000,-1.013391052207602,-1.013391052207602,-1.013391052207602,0E-17,ELIGIBLE,R03b_20260811_FULL_v1,L1_ELIGIBILITY,v2026-08-11,2026-03-21..2026-08-06,baccarat_bet02_101_all_pairs_incl_sentinel,round_win = game_pnl > 0 (decisive only),COMPATIBILITY_ONLY_NOT_PRODUCTION,4059548.3812,3680416.6879,6656.9809,9707,9692,-0.00163983,0.01249836,-0.00525961,-0.00163983,-6656.9809,4059548.3812,OK,0.0000,266.2792,4.0000,96.0000,AG03-UNRESOLVED,ALL5_LEVELS_bet23_to_bet27,266.2792,266.2792,266.2792,0.0000,0.0000,4.000000,4.000000,4.000000,0.000000,0.000000,96.000000,96.000000,96.000000,100.000000,100.000000,5.0,798.8377,767.3102,5858.1432,5889.6706,PENDING_AG03,FALSE,NOT_FOR_ENFORCEMENT,6390.7016,3533200.0204,6656.9809,6390.7016,266.2792,0.00163983,0.00157424,266.2792,6390.7016,0.00157424,266.2792,266.2792,266.2792,0.0000,0.0000,6390.7016,0.00157424,798.8377,767.3102,5858.1432,5889.6706,0.00144305,0.00145082,0.00006559,418.2083,379.7376,0.6869,61.6387,1.8384,37588.4109,89.7407,538.3845,395.5999,218.4789,430.6076,432.5446,432.5446,1046.441,1081.3617,427.0584,0.0,2.43015,2.511246,0.971205,30,216,96,2,0.20383968,0.00163983,-0.01249836,0E-8,0.000000,0.906607,0.000000,0.01775797,2026-03-22,2026-08-06,108,3621,2443,138,0.782609,1.360932,1.287360,0.679466,,,,,,,,GLOBAL_BASELINE_NO_ENTITY_RANKING,,,NOT_APPLICABLE_GLOBAL_BASELINE,HF9g-P5,,,,X 全窗基线 · 不参与实体赏罚,14198319,1420,A168_HF9F_20260827_0900,2026-08-27 09:00:00
2026-04-28,57024343,1150,0,430.8951847464,0E-10,0E-10,0.5000000,2,2,0.49994810000000000,0.499948100000,0.00014679536856514622,0.00014679536856514622,0.00014679536856514622,0E-17,ELIGIBLE,R03b_20260811_FULL_v1,L1_ELIGIBILITY,v2026-08-11,2026-03-21..2026-08-06,baccarat_bet02_101_all_pairs_incl_sentinel,round_win = game_pnl > 0 (decisive only),COMPATIBILITY_ONLY_NOT_PRODUCTION,4059548.3812,3680416.6879,6656.9809,9707,9692,-0.00163983,0.01249836,-0.00525961,-0.00163983,-6656.9809,4059548.3812,OK,0.0000,266.2792,4.0000,96.0000,AG03-UNRESOLVED,ALL5_LEVELS_bet23_to_bet27,266.2792,266.2792,266.2792,0.0000,0.0000,4.000000,4.000000,4.000000,0.000000,0.000000,96.000000,96.000000,96.000000,100.000000,100.000000,5.0,798.8377,767.3102,5858.1432,5889.6706,PENDING_AG03,FALSE,NOT_FOR_ENFORCEMENT,6390.7016,3533200.0204,6656.9809,6390.7016,266.2792,0.00163983,0.00157424,266.2792,6390.7016,0.00157424,266.2792,266.2792,266.2792,0.0000,0.0000,6390.7016,0.00157424,798.8377,767.3102,5858.1432,5889.6706,0.00144305,0.00145082,0.00006559,418.2083,379.7376,0.6869,61.6387,1.8384,37588.4109,89.7407,538.3845,395.5999,218.4789,430.6076,432.5446,432.5446,1046.441,1081.3617,427.0584,0.0,2.43015,2.511246,0.971205,30,216,96,2,0.20383968,0.00163983,-0.01249836,0E-8,0.000000,0.906607,0.000000,0.01775797,2026-03-22,2026-08-06,108,3621,2443,138,0.782609,1.360932,1.287360,0.679466,,,,,,,,GLOBAL_BASELINE_NO_ENTITY_RANKING,,,NOT_APPLICABLE_GLOBAL_BASELINE,HF9g-P5,,,,X 全窗基线 · 不参与实体赏罚,14198320,1420,A168_HF9F_20260827_0900,2026-08-27 09:00:00
2026-04-28,57024343,1205,0,215.4475923732,-215.4475923732,-215.4475923732,0E-7,1,1,0.50665070000000000,0.506650700000,-1.013391052207602,-1.013391052207602,-1.013391052207602,0E-17,ELIGIBLE,R03b_20260811_FULL_v1,L1_ELIGIBILITY,v2026-08-11,2026-03-21..2026-08-06,baccarat_bet02_101_all_pairs_incl_sentinel,round_win = game_pnl > 0 (decisive only),COMPATIBILITY_ONLY_NOT_PRODUCTION,4059548.3812,3680416.6879,6656.9809,9707,9692,-0.00163983,0.01249836,-0.00525961,-0.00163983,-6656.9809,4059548.3812,OK,0.0000,266.2792,4.0000,96.0000,AG03-UNRESOLVED,ALL5_LEVELS_bet23_to_bet27,266.2792,266.2792,266.2792,0.0000,0.0000,4.000000,4.000000,4.000000,0.000000,0.000000,96.000000,96.000000,96.000000,100.000000,100.000000,5.0,798.8377,767.3102,5858.1432,5889.6706,PENDING_AG03,FALSE,NOT_FOR_ENFORCEMENT,6390.7016,3533200.0204,6656.9809,6390.7016,266.2792,0.00163983,0.00157424,266.2792,6390.7016,0.00157424,266.2792,266.2792,266.2792,0.0000,0.0000,6390.7016,0.00157424,798.8377,767.3102,5858.1432,5889.6706,0.00144305,0.00145082,0.00006559,418.2083,379.7376,0.6869,61.6387,1.8384,37588.4109,89.7407,538.3845,395.5999,218.4789,430.6076,432.5446,432.5446,1046.441,1081.3617,427.0584,0.0,2.43015,2.511246,0.971205,30,216,96,2,0.20383968,0.00163983,-0.01249836,0E-8,0.000000,0.906607,0.000000,0.01775797,2026-03-22,2026-08-06,108,3621,2443,138,0.782609,1.360932,1.287360,0.679466,,,,,,,,GLOBAL_BASELINE_NO_ENTITY_RANKING,,,NOT_APPLICABLE_GLOBAL_BASELINE,HF9g-P5,,,,X 全窗基线 · 不参与实体赏罚,14198321,1420,A168_HF9F_20260827_0900,2026-08-27 09:00:00
2026-04-28,57024343,1221,0,430.8951847463,-430.8951847463,-430.8951847463,0E-7,1,1,0.50665070000000000,0.506650700000,-1.013391052207602,-1.013391052207602,-1.013391052207602,0E-17,ELIGIBLE,R03b_20260811_FULL_v1,L1_ELIGIBILITY,v2026-08-11,2026-03-21..2026-08-06,baccarat_bet02_101_all_pairs_incl_sentinel,round_win = game_pnl > 0 (decisive only),COMPATIBILITY_ONLY_NOT_PRODUCTION,4059548.3812,3680416.6879,6656.9809,9707,9692,-0.00163983,0.01249836,-0.00525961,-0.00163983,-6656.9809,4059548.3812,OK,0.0000,266.2792,4.0000,96.0000,AG03-UNRESOLVED,ALL5_LEVELS_bet23_to_bet27,266.2792,266.2792,266.2792,0.0000,0.0000,4.000000,4.000000,4.000000,0.000000,0.000000,96.000000,96.000000,96.000000,100.000000,100.000000,5.0,798.8377,767.3102,5858.1432,5889.6706,PENDING_AG03,FALSE,NOT_FOR_ENFORCEMENT,6390.7016,3533200.0204,6656.9809,6390.7016,266.2792,0.00163983,0.00157424,266.2792,6390.7016,0.00157424,266.2792,266.2792,266.2792,0.0000,0.0000,6390.7016,0.00157424,798.8377,767.3102,5858.1432,5889.6706,0.00144305,0.00145082,0.00006559,418.2083,379.7376,0.6869,61.6387,1.8384,37588.4109,89.7407,538.3845,395.5999,218.4789,430.6076,432.5446,432.5446,1046.441,1081.3617,427.0584,0.0,2.43015,2.511246,0.971205,30,216,96,2,0.20383968,0.00163983,-0.01249836,0E-8,0.000000,0.906607,0.000000,0.01775797,2026-03-22,2026-08-06,108,3621,2443,138,0.782609,1.360932,1.287360,0.679466,,,,,,,,GLOBAL_BASELINE_NO_ENTITY_RANKING,,,NOT_APPLICABLE_GLOBAL_BASELINE,HF9g-P5,,,,X 全窗基线 · 不参与实体赏罚,14198322,1420,A168_HF9F_20260827_0900,2026-08-27 09:00:00
2026-04-28,57024343,1302,0,215.4475923732,0E-10,0E-10,,1,1,0.50665070000000000,0.506650700000,,,,0E-17,NO_DECISIVE_ROUND,R03b_20260811_FULL_v1,L1_ELIGIBILITY,v2026-08-11,2026-03-21..2026-08-06,baccarat_bet02_101_all_pairs_incl_sentinel,round_win = game_pnl > 0 (decisive only),COMPATIBILITY_ONLY_NOT_PRODUCTION,4059548.3812,3680416.6879,6656.9809,9707,9692,-0.00163983,0.01249836,-0.00525961,-0.00163983,-6656.9809,4059548.3812,OK,0.0000,266.2792,4.0000,96.0000,AG03-UNRESOLVED,ALL5_LEVELS_bet23_to_bet27,266.2792,266.2792,266.2792,0.0000,0.0000,4.000000,4.000000,4.000000,0.000000,0.000000,96.000000,96.000000,96.000000,100.000000,100.000000,5.0,798.8377,767.3102,5858.1432,5889.6706,PENDING_AG03,FALSE,NOT_FOR_ENFORCEMENT,6390.7016,3533200.0204,6656.9809,6390.7016,266.2792,0.00163983,0.00157424,266.2792,6390.7016,0.00157424,266.2792,266.2792,266.2792,0.0000,0.0000,6390.7016,0.00157424,798.8377,767.3102,5858.1432,5889.6706,0.00144305,0.00145082,0.00006559,418.2083,379.7376,0.6869,61.6387,1.8384,37588.4109,89.7407,538.3845,395.5999,218.4789,430.6076,432.5446,432.5446,1046.441,1081.3617,427.0584,0.0,2.43015,2.511246,0.971205,30,216,96,2,0.20383968,0.00163983,-0.01249836,0E-8,0.000000,0.906607,0.000000,0.01775797,2026-03-22,2026-08-06,108,3621,2443,138,0.782609,1.360932,1.287360,0.679466,,,,,,,,GLOBAL_BASELINE_NO_ENTITY_RANKING,,,NOT_APPLICABLE_GLOBAL_BASELINE,HF9g-P5,,,,X 全窗基线 · 不参与实体赏罚,14198323,1420,A168_HF9F_20260827_0900,2026-08-27 09:00:00
2026-04-28,57024343,1318,0,430.8951847463,430.8951847463,430.8951847463,1.0000000,1,1,0.49324550000000000,0.493245500000,1.01360149184955,1.01360149184955,1.01360149184955,0E-17,ELIGIBLE,R03b_20260811_FULL_v1,L1_ELIGIBILITY,v2026-08-11,2026-03-21..2026-08-06,baccarat_bet02_101_all_pairs_incl_sentinel,round_win = game_pnl > 0 (decisive only),COMPATIBILITY_ONLY_NOT_PRODUCTION,4059548.3812,3680416.6879,6656.9809,9707,9692,-0.00163983,0.01249836,-0.00525961,-0.00163983,-6656.9809,4059548.3812,OK,0.0000,266.2792,4.0000,96.0000,AG03-UNRESOLVED,ALL5_LEVELS_bet23_to_bet27,266.2792,266.2792,266.2792,0.0000,0.0000,4.000000,4.000000,4.000000,0.000000,0.000000,96.000000,96.000000,96.000000,100.000000,100.000000,5.0,798.8377,767.3102,5858.1432,5889.6706,PENDING_AG03,FALSE,NOT_FOR_ENFORCEMENT,6390.7016,3533200.0204,6656.9809,6390.7016,266.2792,0.00163983,0.00157424,266.2792,6390.7016,0.00157424,266.2792,266.2792,266.2792,0.0000,0.0000,6390.7016,0.00157424,798.8377,767.3102,5858.1432,5889.6706,0.00144305,0.00145082,0.00006559,418.2083,379.7376,0.6869,61.6387,1.8384,37588.4109,89.7407,538.3845,395.5999,218.4789,430.6076,432.5446,432.5446,1046.441,1081.3617,427.0584,0.0,2.43015,2.511246,0.971205,30,216,96,2,0.20383968,0.00163983,-0.01249836,0E-8,0.000000,0.906607,0.000000,0.01775797,2026-03-22,2026-08-06,108,3621,2443,138,0.782609,1.360932,1.287360,0.679466,,,,,,,,GLOBAL_BASELINE_NO_ENTITY_RANKING,,,NOT_APPLICABLE_GLOBAL_BASELINE,HF9g-P5,,,,X 全窗基线 · 不参与实体赏罚,14198324,1420,A168_HF9F_20260827_0900,2026-08-27 09:00:00
2026-04-28,57024343,1330,0,430.8951847463,-430.8951847463,-430.8951847463,0E-7,1,1,0.50665070000000000,0.506650700000,-1.013391052207602,-1.013391052207602,-1.013391052207602,0E-17,ELIGIBLE,R03b_20260811_FULL_v1,L1_ELIGIBILITY,v2026-08-11,2026-03-21..2026-08-06,baccarat_bet02_101_all_pairs_incl_sentinel,round_win = game_pnl > 0 (decisive only),COMPATIBILITY_ONLY_NOT_PRODUCTION,4059548.3812,3680416.6879,6656.9809,9707,9692,-0.00163983,0.01249836,-0.00525961,-0.00163983,-6656.9809,4059548.3812,OK,0.0000,266.2792,4.0000,96.0000,AG03-UNRESOLVED,ALL5_LEVELS_bet23_to_bet27,266.2792,266.2792,266.2792,0.0000,0.0000,4.000000,4.000000,4.000000,0.000000,0.000000,96.000000,96.000000,96.000000,100.000000,100.000000,5.0,798.8377,767.3102,5858.1432,5889.6706,PENDING_AG03,FALSE,NOT_FOR_ENFORCEMENT,6390.7016,3533200.0204,6656.9809,6390.7016,266.2792,0.00163983,0.00157424,266.2792,6390.7016,0.00157424,266.2792,266.2792,266.2792,0.0000,0.0000,6390.7016,0.00157424,798.8377,767.3102,5858.1432,5889.6706,0.00144305,0.00145082,0.00006559,418.2083,379.7376,0.6869,61.6387,1.8384,37588.4109,89.7407,538.3845,395.5999,218.4789,430.6076,432.5446,432.5446,1046.441,1081.3617,427.0584,0.0,2.43015,2.511246,0.971205,30,216,96,2,0.20383968,0.00163983,-0.01249836,0E-8,0.000000,0.906607,0.000000,0.01775797,2026-03-22,2026-08-06,108,3621,2443,138,0.782609,1.360932,1.287360,0.679466,,,,,,,,GLOBAL_BASELINE_NO_ENTITY_RANKING,,,NOT_APPLICABLE_GLOBAL_BASELINE,HF9g-P5,,,,X 全窗基线 · 不参与实体赏罚,14198325,1420,A168_HF9F_20260827_0900,2026-08-27 09:00:00
2026-04-28,57024343,1383,0,646.3427771195,-646.3427771195,-646.3427771195,0E-7,2,2,0.50665070000000000,0.506650700000,-1.4331513700195317,-1.4331513700195317,-1.4331513700195317,0E-17,ELIGIBLE,R03b_20260811_FULL_v1,L1_ELIGIBILITY,v2026-08-11,2026-03-21..2026-08-06,baccarat_bet02_101_all_pairs_incl_sentinel,round_win = game_pnl > 0 (decisive only),COMPATIBILITY_ONLY_NOT_PRODUCTION,4059548.3812,3680416.6879,6656.9809,9707,9692,-0.00163983,0.01249836,-0.00525961,-0.00163983,-6656.9809,4059548.3812,OK,0.0000,266.2792,4.0000,96.0000,AG03-UNRESOLVED,ALL5_LEVELS_bet23_to_bet27,266.2792,266.2792,266.2792,0.0000,0.0000,4.000000,4.000000,4.000000,0.000000,0.000000,96.000000,96.000000,96.000000,100.000000,100.000000,5.0,798.8377,767.3102,5858.1432,5889.6706,PENDING_AG03,FALSE,NOT_FOR_ENFORCEMENT,6390.7016,3533200.0204,6656.9809,6390.7016,266.2792,0.00163983,0.00157424,266.2792,6390.7016,0.00157424,266.2792,266.2792,266.2792,0.0000,0.0000,6390.7016,0.00157424,798.8377,767.3102,5858.1432,5889.6706,0.00144305,0.00145082,0.00006559,418.2083,379.7376,0.6869,61.6387,1.8384,37588.4109,89.7407,538.3845,395.5999,218.4789,430.6076,432.5446,432.5446,1046.441,1081.3617,427.0584,0.0,2.43015,2.511246,0.971205,30,216,96,2,0.20383968,0.00163983,-0.01249836,0E-8,0.000000,0.906607,0.000000,0.01775797,2026-03-22,2026-08-06,108,3621,2443,138,0.782609,1.360932,1.287360,0.679466,,,,,,,,GLOBAL_BASELINE_NO_ENTITY_RANKING,,,NOT_APPLICABLE_GLOBAL_BASELINE,HF9g-P5,,,,X 全窗基线 · 不参与实体赏罚,14198326,1420,A168_HF9F_20260827_0900,2026-08-27 09:00:00
2026-04-28,57024343,1485,0,1723.5807389853,-883.3351287300,-883.3351287300,0.2000000,5,5,0.50665070000000000,0.506650700000,-1.3715049547573244,-1.3715049547573244,-1.3715049547573244,0E-17,ELIGIBLE,R03b_20260811_FULL_v1,L1_ELIGIBILITY,v2026-08-11,2026-03-21..2026-08-06,baccarat_bet02_101_all_pairs_incl_sentinel,round_win = game_pnl > 0 (decisive only),COMPATIBILITY_ONLY_NOT_PRODUCTION,4059548.3812,3680416.6879,6656.9809,9707,9692,-0.00163983,0.01249836,-0.00525961,-0.00163983,-6656.9809,4059548.3812,OK,0.0000,266.2792,4.0000,96.0000,AG03-UNRESOLVED,ALL5_LEVELS_bet23_to_bet27,266.2792,266.2792,266.2792,0.0000,0.0000,4.000000,4.000000,4.000000,0.000000,0.000000,96.000000,96.000000,96.000000,100.000000,100.000000,5.0,798.8377,767.3102,5858.1432,5889.6706,PENDING_AG03,FALSE,NOT_FOR_ENFORCEMENT,6390.7016,3533200.0204,6656.9809,6390.7016,266.2792,0.00163983,0.00157424,266.2792,6390.7016,0.00157424,266.2792,266.2792,266.2792,0.0000,0.0000,6390.7016,0.00157424,798.8377,767.3102,5858.1432,5889.6706,0.00144305,0.00145082,0.00006559,418.2083,379.7376,0.6869,61.6387,1.8384,37588.4109,89.7407,538.3845,395.5999,218.4789,430.6076,432.5446,432.5446,1046.441,1081.3617,427.0584,0.0,2.43015,2.511246,0.971205,30,216,96,2,0.20383968,0.00163983,-0.01249836,0E-8,0.000000,0.906607,0.000000,0.01775797,2026-03-22,2026-08-06,108,3621,2443,138,0.782609,1.360932,1.287360,0.679466,,,,,,,,GLOBAL_BASELINE_NO_ENTITY_RANKING,,,NOT_APPLICABLE_GLOBAL_BASELINE,HF9g-P5,,,,X 全窗基线 · 不参与实体赏罚,14198327,1420,A168_HF9F_20260827_0900,2026-08-27 09:00:00
2026-04-28,57024343,1490,0,430.8951847463,0E-10,0E-10,,1,1,0.50665070000000000,0.506650700000,,,,0E-17,NO_DECISIVE_ROUND,R03b_20260811_FULL_v1,L1_ELIGIBILITY,v2026-08-11,2026-03-21..2026-08-06,baccarat_bet02_101_all_pairs_incl_sentinel,round_win = game_pnl > 0 (decisive only),COMPATIBILITY_ONLY_NOT_PRODUCTION,4059548.3812,3680416.6879,6656.9809,9707,9692,-0.00163983,0.01249836,-0.00525961,-0.00163983,-6656.9809,4059548.3812,OK,0.0000,266.2792,4.0000,96.0000,AG03-UNRESOLVED,ALL5_LEVELS_bet23_to_bet27,266.2792,266.2792,266.2792,0.0000,0.0000,4.000000,4.000000,4.000000,0.000000,0.000000,96.000000,96.000000,96.000000,100.000000,100.000000,5.0,798.8377,767.3102,5858.1432,5889.6706,PENDING_AG03,FALSE,NOT_FOR_ENFORCEMENT,6390.7016,3533200.0204,6656.9809,6390.7016,266.2792,0.00163983,0.00157424,266.2792,6390.7016,0.00157424,266.2792,266.2792,266.2792,0.0000,0.0000,6390.7016,0.00157424,798.8377,767.3102,5858.1432,5889.6706,0.00144305,0.00145082,0.00006559,418.2083,379.7376,0.6869,61.6387,1.8384,37588.4109,89.7407,538.3845,395.5999,218.4789,430.6076,432.5446,432.5446,1046.441,1081.3617,427.0584,0.0,2.43015,2.511246,0.971205,30,216,96,2,0.20383968,0.00163983,-0.01249836,0E-8,0.000000,0.906607,0.000000,0.01775797,2026-03-22,2026-08-06,108,3621,2443,138,0.782609,1.360932,1.287360,0.679466,,,,,,,,GLOBAL_BASELINE_NO_ENTITY_RANKING,,,NOT_APPLICABLE_GLOBAL_BASELINE,HF9g-P5,,,,X 全窗基线 · 不参与实体赏罚,14198328,1420,A168_HF9F_20260827_0900,2026-08-27 09:00:00
2026-04-28,57024343,1623,0,1508.1331466121,-667.8875363568,-667.8875363568,0.2500000,4,4,0.50665070000000000,0.506650700000,-1.0266936290537745,-1.0266936290537745,-1.0266936290537745,0E-17,ELIGIBLE,R03b_20260811_FULL_v1,L1_ELIGIBILITY,v2026-08-11,2026-03-21..2026-08-06,baccarat_bet02_101_all_pairs_incl_sentinel,round_win = game_pnl > 0 (decisive only),COMPATIBILITY_ONLY_NOT_PRODUCTION,4059548.3812,3680416.6879,6656.9809,9707,9692,-0.00163983,0.01249836,-0.00525961,-0.00163983,-6656.9809,4059548.3812,OK,0.0000,266.2792,4.0000,96.0000,AG03-UNRESOLVED,ALL5_LEVELS_bet23_to_bet27,266.2792,266.2792,266.2792,0.0000,0.0000,4.000000,4.000000,4.000000,0.000000,0.000000,96.000000,96.000000,96.000000,100.000000,100.000000,5.0,798.8377,767.3102,5858.1432,5889.6706,PENDING_AG03,FALSE,NOT_FOR_ENFORCEMENT,6390.7016,3533200.0204,6656.9809,6390.7016,266.2792,0.00163983,0.00157424,266.2792,6390.7016,0.00157424,266.2792,266.2792,266.2792,0.0000,0.0000,6390.7016,0.00157424,798.8377,767.3102,5858.1432,5889.6706,0.00144305,0.00145082,0.00006559,418.2083,379.7376,0.6869,61.6387,1.8384,37588.4109,89.7407,538.3845,395.5999,218.4789,430.6076,432.5446,432.5446,1046.441,1081.3617,427.0584,0.0,2.43015,2.511246,0.971205,30,216,96,2,0.20383968,0.00163983,-0.01249836,0E-8,0.000000,0.906607,0.000000,0.01775797,2026-03-22,2026-08-06,108,3621,2443,138,0.782609,1.360932,1.287360,0.679466,,,,,,,,GLOBAL_BASELINE_NO_ENTITY_RANKING,,,NOT_APPLICABLE_GLOBAL_BASELINE,HF9g-P5,,,,X 全窗基线 · 不参与实体赏罚,14198329,1420,A168_HF9F_20260827_0900,2026-08-27 09:00:00
2026-04-28,57024343,1654,0,430.8951847463,409.3504255090,409.3504255090,1.0000000,1,1,0.50665070000000000,0.506650700000,0.9867858985152569,0.9867858985152569,0.9867858985152569,0E-17,ELIGIBLE,R03b_20260811_FULL_v1,L1_ELIGIBILITY,v2026-08-11,2026-03-21..2026-08-06,baccarat_bet02_101_all_pairs_incl_sentinel,round_win = game_pnl > 0 (decisive only),COMPATIBILITY_ONLY_NOT_PRODUCTION,4059548.3812,3680416.6879,6656.9809,9707,9692,-0.00163983,0.01249836,-0.00525961,-0.00163983,-6656.9809,4059548.3812,OK,0.0000,266.2792,4.0000,96.0000,AG03-UNRESOLVED,ALL5_LEVELS_bet23_to_bet27,266.2792,266.2792,266.2792,0.0000,0.0000,4.000000,4.000000,4.000000,0.000000,0.000000,96.000000,96.000000,96.000000,100.000000,100.000000,5.0,798.8377,767.3102,5858.1432,5889.6706,PENDING_AG03,FALSE,NOT_FOR_ENFORCEMENT,6390.7016,3533200.0204,6656.9809,6390.7016,266.2792,0.00163983,0.00157424,266.2792,6390.7016,0.00157424,266.2792,266.2792,266.2792,0.0000,0.0000,6390.7016,0.00157424,798.8377,767.3102,5858.1432,5889.6706,0.00144305,0.00145082,0.00006559,418.2083,379.7376,0.6869,61.6387,1.8384,37588.4109,89.7407,538.3845,395.5999,218.4789,430.6076,432.5446,432.5446,1046.441,1081.3617,427.0584,0.0,2.43015,2.511246,0.971205,30,216,96,2,0.20383968,0.00163983,-0.01249836,0E-8,0.000000,0.906607,0.000000,0.01775797,2026-03-22,2026-08-06,108,3621,2443,138,0.782609,1.360932,1.287360,0.679466,,,,,,,,GLOBAL_BASELINE_NO_ENTITY_RANKING,,,NOT_APPLICABLE_GLOBAL_BASELINE,HF9g-P5,,,,X 全窗基线 · 不参与实体赏罚,14198330,1420,A168_HF9F_20260827_0900,2026-08-27 09:00:00
2026-04-28,57024343,1985,0,1077.2379618658,-236.9923516105,-236.9923516105,0.3333333,3,3,0.50665070000000000,0.506650700000,-0.6004420894325239,-0.6004420894325239,-0.6004420894325239,0E-17,ELIGIBLE,R03b_20260811_FULL_v1,L1_ELIGIBILITY,v2026-08-11,2026-03-21..2026-08-06,baccarat_bet02_101_all_pairs_incl_sentinel,round_win = game_pnl > 0 (decisive only),COMPATIBILITY_ONLY_NOT_PRODUCTION,4059548.3812,3680416.6879,6656.9809,9707,9692,-0.00163983,0.01249836,-0.00525961,-0.00163983,-6656.9809,4059548.3812,OK,0.0000,266.2792,4.0000,96.0000,AG03-UNRESOLVED,ALL5_LEVELS_bet23_to_bet27,266.2792,266.2792,266.2792,0.0000,0.0000,4.000000,4.000000,4.000000,0.000000,0.000000,96.000000,96.000000,96.000000,100.000000,100.000000,5.0,798.8377,767.3102,5858.1432,5889.6706,PENDING_AG03,FALSE,NOT_FOR_ENFORCEMENT,6390.7016,3533200.0204,6656.9809,6390.7016,266.2792,0.00163983,0.00157424,266.2792,6390.7016,0.00157424,266.2792,266.2792,266.2792,0.0000,0.0000,6390.7016,0.00157424,798.8377,767.3102,5858.1432,5889.6706,0.00144305,0.00145082,0.00006559,418.2083,379.7376,0.6869,61.6387,1.8384,37588.4109,89.7407,538.3845,395.5999,218.4789,430.6076,432.5446,432.5446,1046.441,1081.3617,427.0584,0.0,2.43015,2.511246,0.971205,30,216,96,2,0.20383968,0.00163983,-0.01249836,0E-8,0.000000,0.906607,0.000000,0.01775797,2026-03-22,2026-08-06,108,3621,2443,138,0.782609,1.360932,1.287360,0.679466,,,,,,,,GLOBAL_BASELINE_NO_ENTITY_RANKING,,,NOT_APPLICABLE_GLOBAL_BASELINE,HF9g-P5,,,,X 全窗基线 · 不参与实体赏罚,14198331,1420,A168_HF9F_20260827_0900,2026-08-27 09:00:00
2026-04-28,57024343,1991,0,646.3427771195,193.9028331358,193.9028331358,0.5000000,2,2,0.50665070000000000,0.506650700000,-0.018812684590367487,-0.018812684590367487,-0.018812684590367487,0E-17,ELIGIBLE,R03b_20260811_FULL_v1,L1_ELIGIBILITY,v2026-08-11,2026-03-21..2026-08-06,baccarat_bet02_101_all_pairs_incl_sentinel,round_win = game_pnl > 0 (decisive only),COMPATIBILITY_ONLY_NOT_PRODUCTION,4059548.3812,3680416.6879,6656.9809,9707,9692,-0.00163983,0.01249836,-0.00525961,-0.00163983,-6656.9809,4059548.3812,OK,0.0000,266.2792,4.0000,96.0000,AG03-UNRESOLVED,ALL5_LEVELS_bet23_to_bet27,266.2792,266.2792,266.2792,0.0000,0.0000,4.000000,4.000000,4.000000,0.000000,0.000000,96.000000,96.000000,96.000000,100.000000,100.000000,5.0,798.8377,767.3102,5858.1432,5889.6706,PENDING_AG03,FALSE,NOT_FOR_ENFORCEMENT,6390.7016,3533200.0204,6656.9809,6390.7016,266.2792,0.00163983,0.00157424,266.2792,6390.7016,0.00157424,266.2792,266.2792,266.2792,0.0000,0.0000,6390.7016,0.00157424,798.8377,767.3102,5858.1432,5889.6706,0.00144305,0.00145082,0.00006559,418.2083,379.7376,0.6869,61.6387,1.8384,37588.4109,89.7407,538.3845,395.5999,218.4789,430.6076,432.5446,432.5446,1046.441,1081.3617,427.0584,0.0,2.43015,2.511246,0.971205,30,216,96,2,0.20383968,0.00163983,-0.01249836,0E-8,0.000000,0.906607,0.000000,0.01775797,2026-03-22,2026-08-06,108,3621,2443,138,0.782609,1.360932,1.287360,0.679466,,,,,,,,GLOBAL_BASELINE_NO_ENTITY_RANKING,,,NOT_APPLICABLE_GLOBAL_BASELINE,HF9g-P5,,,,X 全窗基线 · 不参与实体赏罚,14198332,1420,A168_HF9F_20260827_0900,2026-08-27 09:00:00
2026-04-28,57024343,2088,0,430.8951847463,409.3504255090,409.3504255090,1.0000000,1,1,0.50665070000000000,0.506650700000,0.9867858985152569,0.9867858985152569,0.9867858985152569,0E-17,ELIGIBLE,R03b_20260811_FULL_v1,L1_ELIGIBILITY,v2026-08-11,2026-03-21..2026-08-06,baccarat_bet02_101_all_pairs_incl_sentinel,round_win = game_pnl > 0 (decisive only),COMPATIBILITY_ONLY_NOT_PRODUCTION,4059548.3812,3680416.6879,6656.9809,9707,9692,-0.00163983,0.01249836,-0.00525961,-0.00163983,-6656.9809,4059548.3812,OK,0.0000,266.2792,4.0000,96.0000,AG03-UNRESOLVED,ALL5_LEVELS_bet23_to_bet27,266.2792,266.2792,266.2792,0.0000,0.0000,4.000000,4.000000,4.000000,0.000000,0.000000,96.000000,96.000000,96.000000,100.000000,100.000000,5.0,798.8377,767.3102,5858.1432,5889.6706,PENDING_AG03,FALSE,NOT_FOR_ENFORCEMENT,6390.7016,3533200.0204,6656.9809,6390.7016,266.2792,0.00163983,0.00157424,266.2792,6390.7016,0.00157424,266.2792,266.2792,266.2792,0.0000,0.0000,6390.7016,0.00157424,798.8377,767.3102,5858.1432,5889.6706,0.00144305,0.00145082,0.00006559,418.2083,379.7376,0.6869,61.6387,1.8384,37588.4109,89.7407,538.3845,395.5999,218.4789,430.6076,432.5446,432.5446,1046.441,1081.3617,427.0584,0.0,2.43015,2.511246,0.971205,30,216,96,2,0.20383968,0.00163983,-0.01249836,0E-8,0.000000,0.906607,0.000000,0.01775797,2026-03-22,2026-08-06,108,3621,2443,138,0.782609,1.360932,1.287360,0.679466,,,,,,,,GLOBAL_BASELINE_NO_ENTITY_RANKING,,,NOT_APPLICABLE_GLOBAL_BASELINE,HF9g-P5,,,,X 全窗基线 · 不参与实体赏罚,14198333,1420,A168_HF9F_20260827_0900,2026-08-27 09:00:00
2026-04-28,57024343,2093,0,430.8951847464,215.4475923732,215.4475923732,1.0000000,2,2,0.49994810000000000,0.499948100000,1.0001038053877793,1.0001038053877793,1.0001038053877793,0E-17,ELIGIBLE,R03b_20260811_FULL_v1,L1_ELIGIBILITY,v2026-08-11,2026-03-21..2026-08-06,baccarat_bet02_101_all_pairs_incl_sentinel,round_win = game_pnl > 0 (decisive only),COMPATIBILITY_ONLY_NOT_PRODUCTION,4059548.3812,3680416.6879,6656.9809,9707,9692,-0.00163983,0.01249836,-0.00525961,-0.00163983,-6656.9809,4059548.3812,OK,0.0000,266.2792,4.0000,96.0000,AG03-UNRESOLVED,ALL5_LEVELS_bet23_to_bet27,266.2792,266.2792,266.2792,0.0000,0.0000,4.000000,4.000000,4.000000,0.000000,0.000000,96.000000,96.000000,96.000000,100.000000,100.000000,5.0,798.8377,767.3102,5858.1432,5889.6706,PENDING_AG03,FALSE,NOT_FOR_ENFORCEMENT,6390.7016,3533200.0204,6656.9809,6390.7016,266.2792,0.00163983,0.00157424,266.2792,6390.7016,0.00157424,266.2792,266.2792,266.2792,0.0000,0.0000,6390.7016,0.00157424,798.8377,767.3102,5858.1432,5889.6706,0.00144305,0.00145082,0.00006559,418.2083,379.7376,0.6869,61.6387,1.8384,37588.4109,89.7407,538.3845,395.5999,218.4789,430.6076,432.5446,432.5446,1046.441,1081.3617,427.0584,0.0,2.43015,2.511246,0.971205,30,216,96,2,0.20383968,0.00163983,-0.01249836,0E-8,0.000000,0.906607,0.000000,0.01775797,2026-03-22,2026-08-06,108,3621,2443,138,0.782609,1.360932,1.287360,0.679466,,,,,,,,GLOBAL_BASELINE_NO_ENTITY_RANKING,,,NOT_APPLICABLE_GLOBAL_BASELINE,HF9g-P5,,,,X 全窗基线 · 不参与实体赏罚,14198334,1420,A168_HF9F_20260827_0900,2026-08-27 09:00:00
2026-04-28,57024343,2106,0,1723.5807389853,840.2456102552,840.2456102552,0.6000000,5,5,0.49860758000000000,0.498607580000,0.4534424453485946,0.4534424453485946,0.4534424453485946,0E-17,ELIGIBLE,R03b_20260811_FULL_v1,L1_ELIGIBILITY,v2026-08-11,2026-03-21..2026-08-06,baccarat_bet02_101_all_pairs_incl_sentinel,round_win = game_pnl > 0 (decisive only),COMPATIBILITY_ONLY_NOT_PRODUCTION,4059548.3812,3680416.6879,6656.9809,9707,9692,-0.00163983,0.01249836,-0.00525961,-0.00163983,-6656.9809,4059548.3812,OK,0.0000,266.2792,4.0000,96.0000,AG03-UNRESOLVED,ALL5_LEVELS_bet23_to_bet27,266.2792,266.2792,266.2792,0.0000,0.0000,4.000000,4.000000,4.000000,0.000000,0.000000,96.000000,96.000000,96.000000,100.000000,100.000000,5.0,798.8377,767.3102,5858.1432,5889.6706,PENDING_AG03,FALSE,NOT_FOR_ENFORCEMENT,6390.7016,3533200.0204,6656.9809,6390.7016,266.2792,0.00163983,0.00157424,266.2792,6390.7016,0.00157424,266.2792,266.2792,266.2792,0.0000,0.0000,6390.7016,0.00157424,798.8377,767.3102,5858.1432,5889.6706,0.00144305,0.00145082,0.00006559,418.2083,379.7376,0.6869,61.6387,1.8384,37588.4109,89.7407,538.3845,395.5999,218.4789,430.6076,432.5446,432.5446,1046.441,1081.3617,427.0584,0.0,2.43015,2.511246,0.971205,30,216,96,2,0.20383968,0.00163983,-0.01249836,0E-8,0.000000,0.906607,0.000000,0.01775797,2026-03-22,2026-08-06,108,3621,2443,138,0.782609,1.360932,1.287360,0.679466,,,,,,,,GLOBAL_BASELINE_NO_ENTITY_RANKING,,,NOT_APPLICABLE_GLOBAL_BASELINE,HF9g-P5,,,,X 全窗基线 · 不参与实体赏罚,14198335,1420,A168_HF9F_20260827_0900,2026-08-27 09:00:00
2026-04-28,57024343,2129,0,2800.8187008511,991.0589249165,991.0589249165,0.6000000,6,6,0.50665070000000000,0.506650700000,0.4175076967804994,0.4175076967804994,0.4175076967804994,0E-17,ELIGIBLE,R03b_20260811_FULL_v1,L1_ELIGIBILITY,v2026-08-11,2026-03-21..2026-08-06,baccarat_bet02_101_all_pairs_incl_sentinel,round_win = game_pnl > 0 (decisive only),COMPATIBILITY_ONLY_NOT_PRODUCTION,4059548.3812,3680416.6879,6656.9809,9707,9692,-0.00163983,0.01249836,-0.00525961,-0.00163983,-6656.9809,4059548.3812,OK,0.0000,266.2792,4.0000,96.0000,AG03-UNRESOLVED,ALL5_LEVELS_bet23_to_bet27,266.2792,266.2792,266.2792,0.0000,0.0000,4.000000,4.000000,4.000000,0.000000,0.000000,96.000000,96.000000,96.000000,100.000000,100.000000,5.0,798.8377,767.3102,5858.1432,5889.6706,PENDING_AG03,FALSE,NOT_FOR_ENFORCEMENT,6390.7016,3533200.0204,6656.9809,6390.7016,266.2792,0.00163983,0.00157424,266.2792,6390.7016,0.00157424,266.2792,266.2792,266.2792,0.0000,0.0000,6390.7016,0.00157424,798.8377,767.3102,5858.1432,5889.6706,0.00144305,0.00145082,0.00006559,418.2083,379.7376,0.6869,61.6387,1.8384,37588.4109,89.7407,538.3845,395.5999,218.4789,430.6076,432.5446,432.5446,1046.441,1081.3617,427.0584,0.0,2.43015,2.511246,0.971205,30,216,96,2,0.20383968,0.00163983,-0.01249836,0E-8,0.000000,0.906607,0.000000,0.01775797,2026-03-22,2026-08-06,108,3621,2443,138,0.782609,1.360932,1.287360,0.679466,,,,,,,,GLOBAL_BASELINE_NO_ENTITY_RANKING,,,NOT_APPLICABLE_GLOBAL_BASELINE,HF9g-P5,,,,X 全窗基线 · 不参与实体赏罚,14198336,1420,A168_HF9F_20260827_0900,2026-08-27 09:00:00
2026-04-28,57024343,2141,0,430.8951847463,409.3504255090,409.3504255090,1.0000000,1,1,0.50665070000000000,0.506650700000,0.9867858985152569,0.9867858985152569,0.9867858985152569,0E-17,ELIGIBLE,R03b_20260811_FULL_v1,L1_ELIGIBILITY,v2026-08-11,2026-03-21..2026-08-06,baccarat_bet02_101_all_pairs_incl_sentinel,round_win = game_pnl > 0 (decisive only),COMPATIBILITY_ONLY_NOT_PRODUCTION,4059548.3812,3680416.6879,6656.9809,9707,9692,-0.00163983,0.01249836,-0.00525961,-0.00163983,-6656.9809,4059548.3812,OK,0.0000,266.2792,4.0000,96.0000,AG03-UNRESOLVED,ALL5_LEVELS_bet23_to_bet27,266.2792,266.2792,266.2792,0.0000,0.0000,4.000000,4.000000,4.000000,0.000000,0.000000,96.000000,96.000000,96.000000,100.000000,100.000000,5.0,798.8377,767.3102,5858.1432,5889.6706,PENDING_AG03,FALSE,NOT_FOR_ENFORCEMENT,6390.7016,3533200.0204,6656.9809,6390.7016,266.2792,0.00163983,0.00157424,266.2792,6390.7016,0.00157424,266.2792,266.2792,266.2792,0.0000,0.0000,6390.7016,0.00157424,798.8377,767.3102,5858.1432,5889.6706,0.00144305,0.00145082,0.00006559,418.2083,379.7376,0.6869,61.6387,1.8384,37588.4109,89.7407,538.3845,395.5999,218.4789,430.6076,432.5446,432.5446,1046.441,1081.3617,427.0584,0.0,2.43015,2.511246,0.971205,30,216,96,2,0.20383968,0.00163983,-0.01249836,0E-8,0.000000,0.906607,0.000000,0.01775797,2026-03-22,2026-08-06,108,3621,2443,138,0.782609,1.360932,1.287360,0.679466,,,,,,,,GLOBAL_BASELINE_NO_ENTITY_RANKING,,,NOT_APPLICABLE_GLOBAL_BASELINE,HF9g-P5,,,,X 全窗基线 · 不参与实体赏罚,14198337,1420,A168_HF9F_20260827_0900,2026-08-27 09:00:00
2026-04-28,57024343,2153,0,430.8951847463,-430.8951847463,-430.8951847463,0E-7,1,1,0.49324550000000000,0.493245500000,-0.9865810262130424,-0.9865810262130424,-0.9865810262130424,0E-17,ELIGIBLE,R03b_20260811_FULL_v1,L1_ELIGIBILITY,v2026-08-11,2026-03-21..2026-08-06,baccarat_bet02_101_all_pairs_incl_sentinel,round_win = game_pnl > 0 (decisive only),COMPATIBILITY_ONLY_NOT_PRODUCTION,4059548.3812,3680416.6879,6656.9809,9707,9692,-0.00163983,0.01249836,-0.00525961,-0.00163983,-6656.9809,4059548.3812,OK,0.0000,266.2792,4.0000,96.0000,AG03-UNRESOLVED,ALL5_LEVELS_bet23_to_bet27,266.2792,266.2792,266.2792,0.0000,0.0000,4.000000,4.000000,4.000000,0.000000,0.000000,96.000000,96.000000,96.000000,100.000000,100.000000,5.0,798.8377,767.3102,5858.1432,5889.6706,PENDING_AG03,FALSE,NOT_FOR_ENFORCEMENT,6390.7016,3533200.0204,6656.9809,6390.7016,266.2792,0.00163983,0.00157424,266.2792,6390.7016,0.00157424,266.2792,266.2792,266.2792,0.0000,0.0000,6390.7016,0.00157424,798.8377,767.3102,5858.1432,5889.6706,0.00144305,0.00145082,0.00006559,418.2083,379.7376,0.6869,61.6387,1.8384,37588.4109,89.7407,538.3845,395.5999,218.4789,430.6076,432.5446,432.5446,1046.441,1081.3617,427.0584,0.0,2.43015,2.511246,0.971205,30,216,96,2,0.20383968,0.00163983,-0.01249836,0E-8,0.000000,0.906607,0.000000,0.01775797,2026-03-22,2026-08-06,108,3621,2443,138,0.782609,1.360932,1.287360,0.679466,,,,,,,,GLOBAL_BASELINE_NO_ENTITY_RANKING,,,NOT_APPLICABLE_GLOBAL_BASELINE,HF9g-P5,,,,X 全窗基线 · 不参与实体赏罚,14198338,1420,A168_HF9F_20260827_0900,2026-08-27 09:00:00
2026-04-28,57024343,2156,0,1077.2379618658,-236.9923516105,-236.9923516105,0.3333333,3,3,0.50665070000000000,0.506650700000,-0.6004420894325239,-0.6004420894325239,-0.6004420894325239,0E-17,ELIGIBLE,R03b_20260811_FULL_v1,L1_ELIGIBILITY,v2026-08-11,2026-03-21..2026-08-06,baccarat_bet02_101_all_pairs_incl_sentinel,round_win = game_pnl > 0 (decisive only),COMPATIBILITY_ONLY_NOT_PRODUCTION,4059548.3812,3680416.6879,6656.9809,9707,9692,-0.00163983,0.01249836,-0.00525961,-0.00163983,-6656.9809,4059548.3812,OK,0.0000,266.2792,4.0000,96.0000,AG03-UNRESOLVED,ALL5_LEVELS_bet23_to_bet27,266.2792,266.2792,266.2792,0.0000,0.0000,4.000000,4.000000,4.000000,0.000000,0.000000,96.000000,96.000000,96.000000,100.000000,100.000000,5.0,798.8377,767.3102,5858.1432,5889.6706,PENDING_AG03,FALSE,NOT_FOR_ENFORCEMENT,6390.7016,3533200.0204,6656.9809,6390.7016,266.2792,0.00163983,0.00157424,266.2792,6390.7016,0.00157424,266.2792,266.2792,266.2792,0.0000,0.0000,6390.7016,0.00157424,798.8377,767.3102,5858.1432,5889.6706,0.00144305,0.00145082,0.00006559,418.2083,379.7376,0.6869,61.6387,1.8384,37588.4109,89.7407,538.3845,395.5999,218.4789,430.6076,432.5446,432.5446,1046.441,1081.3617,427.0584,0.0,2.43015,2.511246,0.971205,30,216,96,2,0.20383968,0.00163983,-0.01249836,0E-8,0.000000,0.906607,0.000000,0.01775797,2026-03-22,2026-08-06,108,3621,2443,138,0.782609,1.360932,1.287360,0.679466,,,,,,,,GLOBAL_BASELINE_NO_ENTITY_RANKING,,,NOT_APPLICABLE_GLOBAL_BASELINE,HF9g-P5,,,,X 全窗基线 · 不参与实体赏罚,14198339,1420,A168_HF9F_20260827_0900,2026-08-27 09:00:00
2026-04-28,57024343,2178,0,430.8951847463,-430.8951847463,-430.8951847463,0E-7,1,1,0.50665070000000000,0.506650700000,-1.013391052207602,-1.013391052207602,-1.013391052207602,0E-17,ELIGIBLE,R03b_20260811_FULL_v1,L1_ELIGIBILITY,v2026-08-11,2026-03-21..2026-08-06,baccarat_bet02_101_all_pairs_incl_sentinel,round_win = game_pnl > 0 (decisive only),COMPATIBILITY_ONLY_NOT_PRODUCTION,4059548.3812,3680416.6879,6656.9809,9707,9692,-0.00163983,0.01249836,-0.00525961,-0.00163983,-6656.9809,4059548.3812,OK,0.0000,266.2792,4.0000,96.0000,AG03-UNRESOLVED,ALL5_LEVELS_bet23_to_bet27,266.2792,266.2792,266.2792,0.0000,0.0000,4.000000,4.000000,4.000000,0.000000,0.000000,96.000000,96.000000,96.000000,100.000000,100.000000,5.0,798.8377,767.3102,5858.1432,5889.6706,PENDING_AG03,FALSE,NOT_FOR_ENFORCEMENT,6390.7016,3533200.0204,6656.9809,6390.7016,266.2792,0.00163983,0.00157424,266.2792,6390.7016,0.00157424,266.2792,266.2792,266.2792,0.0000,0.0000,6390.7016,0.00157424,798.8377,767.3102,5858.1432,5889.6706,0.00144305,0.00145082,0.00006559,418.2083,379.7376,0.6869,61.6387,1.8384,37588.4109,89.7407,538.3845,395.5999,218.4789,430.6076,432.5446,432.5446,1046.441,1081.3617,427.0584,0.0,2.43015,2.511246,0.971205,30,216,96,2,0.20383968,0.00163983,-0.01249836,0E-8,0.000000,0.906607,0.000000,0.01775797,2026-03-22,2026-08-06,108,3621,2443,138,0.782609,1.360932,1.287360,0.679466,,,,,,,,GLOBAL_BASELINE_NO_ENTITY_RANKING,,,NOT_APPLICABLE_GLOBAL_BASELINE,HF9g-P5,,,,X 全窗基线 · 不参与实体赏罚,14198340,1420,A168_HF9F_20260827_0900,2026-08-27 09:00:00
2026-04-28,57024343,2188,0,1292.6855542390,-21.5447592374,-21.5447592374,0.3333333,4,4,0.50665070000000000,0.506650700000,-0.6004420894325239,-0.6004420894325239,-0.6004420894325239,0E-17,ELIGIBLE,R03b_20260811_FULL_v1,L1_ELIGIBILITY,v2026-08-11,2026-03-21..2026-08-06,baccarat_bet02_101_all_pairs_incl_sentinel,round_win = game_pnl > 0 (decisive only),COMPATIBILITY_ONLY_NOT_PRODUCTION,4059548.3812,3680416.6879,6656.9809,9707,9692,-0.00163983,0.01249836,-0.00525961,-0.00163983,-6656.9809,4059548.3812,OK,0.0000,266.2792,4.0000,96.0000,AG03-UNRESOLVED,ALL5_LEVELS_bet23_to_bet27,266.2792,266.2792,266.2792,0.0000,0.0000,4.000000,4.000000,4.000000,0.000000,0.000000,96.000000,96.000000,96.000000,100.000000,100.000000,5.0,798.8377,767.3102,5858.1432,5889.6706,PENDING_AG03,FALSE,NOT_FOR_ENFORCEMENT,6390.7016,3533200.0204,6656.9809,6390.7016,266.2792,0.00163983,0.00157424,266.2792,6390.7016,0.00157424,266.2792,266.2792,266.2792,0.0000,0.0000,6390.7016,0.00157424,798.8377,767.3102,5858.1432,5889.6706,0.00144305,0.00145082,0.00006559,418.2083,379.7376,0.6869,61.6387,1.8384,37588.4109,89.7407,538.3845,395.5999,218.4789,430.6076,432.5446,432.5446,1046.441,1081.3617,427.0584,0.0,2.43015,2.511246,0.971205,30,216,96,2,0.20383968,0.00163983,-0.01249836,0E-8,0.000000,0.906607,0.000000,0.01775797,2026-03-22,2026-08-06,108,3621,2443,138,0.782609,1.360932,1.287360,0.679466,,,,,,,,GLOBAL_BASELINE_NO_ENTITY_RANKING,,,NOT_APPLICABLE_GLOBAL_BASELINE,HF9g-P5,,,,X 全窗基线 · 不参与实体赏罚,14198341,1420,A168_HF9F_20260827_0900,2026-08-27 09:00:00
2026-04-28,57024343,2202,0,1723.5807389853,-43.0895184747,-43.0895184747,0.4000000,5,5,0.50665070000000000,0.506650700000,-0.4769986289884125,-0.4769986289884125,-0.4769986289884125,0E-17,ELIGIBLE,R03b_20260811_FULL_v1,L1_ELIGIBILITY,v2026-08-11,2026-03-21..2026-08-06,baccarat_bet02_101_all_pairs_incl_sentinel,round_win = game_pnl > 0 (decisive only),COMPATIBILITY_ONLY_NOT_PRODUCTION,4059548.3812,3680416.6879,6656.9809,9707,9692,-0.00163983,0.01249836,-0.00525961,-0.00163983,-6656.9809,4059548.3812,OK,0.0000,266.2792,4.0000,96.0000,AG03-UNRESOLVED,ALL5_LEVELS_bet23_to_bet27,266.2792,266.2792,266.2792,0.0000,0.0000,4.000000,4.000000,4.000000,0.000000,0.000000,96.000000,96.000000,96.000000,100.000000,100.000000,5.0,798.8377,767.3102,5858.1432,5889.6706,PENDING_AG03,FALSE,NOT_FOR_ENFORCEMENT,6390.7016,3533200.0204,6656.9809,6390.7016,266.2792,0.00163983,0.00157424,266.2792,6390.7016,0.00157424,266.2792,266.2792,266.2792,0.0000,0.0000,6390.7016,0.00157424,798.8377,767.3102,5858.1432,5889.6706,0.00144305,0.00145082,0.00006559,418.2083,379.7376,0.6869,61.6387,1.8384,37588.4109,89.7407,538.3845,395.5999,218.4789,430.6076,432.5446,432.5446,1046.441,1081.3617,427.0584,0.0,2.43015,2.511246,0.971205,30,216,96,2,0.20383968,0.00163983,-0.01249836,0E-8,0.000000,0.906607,0.000000,0.01775797,2026-03-22,2026-08-06,108,3621,2443,138,0.782609,1.360932,1.287360,0.679466,,,,,,,,GLOBAL_BASELINE_NO_ENTITY_RANKING,,,NOT_APPLICABLE_GLOBAL_BASELINE,HF9g-P5,,,,X 全窗基线 · 不参与实体赏罚,14198342,1420,A168_HF9F_20260827_0900,2026-08-27 09:00:00
2026-04-28,57024343,2212,0,861.7903694926,-861.7903694926,-861.7903694926,0E-7,2,2,0.49994810000000000,0.499948100000,-1.4140667746232096,-1.4140667746232096,-1.4140667746232096,0E-17,ELIGIBLE,R03b_20260811_FULL_v1,L1_ELIGIBILITY,v2026-08-11,2026-03-21..2026-08-06,baccarat_bet02_101_all_pairs_incl_sentinel,round_win = game_pnl > 0 (decisive only),COMPATIBILITY_ONLY_NOT_PRODUCTION,4059548.3812,3680416.6879,6656.9809,9707,9692,-0.00163983,0.01249836,-0.00525961,-0.00163983,-6656.9809,4059548.3812,OK,0.0000,266.2792,4.0000,96.0000,AG03-UNRESOLVED,ALL5_LEVELS_bet23_to_bet27,266.2792,266.2792,266.2792,0.0000,0.0000,4.000000,4.000000,4.000000,0.000000,0.000000,96.000000,96.000000,96.000000,100.000000,100.000000,5.0,798.8377,767.3102,5858.1432,5889.6706,PENDING_AG03,FALSE,NOT_FOR_ENFORCEMENT,6390.7016,3533200.0204,6656.9809,6390.7016,266.2792,0.00163983,0.00157424,266.2792,6390.7016,0.00157424,266.2792,266.2792,266.2792,0.0000,0.0000,6390.7016,0.00157424,798.8377,767.3102,5858.1432,5889.6706,0.00144305,0.00145082,0.00006559,418.2083,379.7376,0.6869,61.6387,1.8384,37588.4109,89.7407,538.3845,395.5999,218.4789,430.6076,432.5446,432.5446,1046.441,1081.3617,427.0584,0.0,2.43015,2.511246,0.971205,30,216,96,2,0.20383968,0.00163983,-0.01249836,0E-8,0.000000,0.906607,0.000000,0.01775797,2026-03-22,2026-08-06,108,3621,2443,138,0.782609,1.360932,1.287360,0.679466,,,,,,,,GLOBAL_BASELINE_NO_ENTITY_RANKING,,,NOT_APPLICABLE_GLOBAL_BASELINE,HF9g-P5,,,,X 全窗基线 · 不参与实体赏罚,14198343,1420,A168_HF9F_20260827_0900,2026-08-27 09:00:00
2026-04-28,57024343,2229,0,646.3427771195,635.5703975008,635.5703975008,1.0000000,2,2,0.49994810000000000,0.499948100000,1.4143603653603398,1.4143603653603398,1.4143603653603398,0E-17,ELIGIBLE,R03b_20260811_FULL_v1,L1_ELIGIBILITY,v2026-08-11,2026-03-21..2026-08-06,baccarat_bet02_101_all_pairs_incl_sentinel,round_win = game_pnl > 0 (decisive only),COMPATIBILITY_ONLY_NOT_PRODUCTION,4059548.3812,3680416.6879,6656.9809,9707,9692,-0.00163983,0.01249836,-0.00525961,-0.00163983,-6656.9809,4059548.3812,OK,0.0000,266.2792,4.0000,96.0000,AG03-UNRESOLVED,ALL5_LEVELS_bet23_to_bet27,266.2792,266.2792,266.2792,0.0000,0.0000,4.000000,4.000000,4.000000,0.000000,0.000000,96.000000,96.000000,96.000000,100.000000,100.000000,5.0,798.8377,767.3102,5858.1432,5889.6706,PENDING_AG03,FALSE,NOT_FOR_ENFORCEMENT,6390.7016,3533200.0204,6656.9809,6390.7016,266.2792,0.00163983,0.00157424,266.2792,6390.7016,0.00157424,266.2792,266.2792,266.2792,0.0000,0.0000,6390.7016,0.00157424,798.8377,767.3102,5858.1432,5889.6706,0.00144305,0.00145082,0.00006559,418.2083,379.7376,0.6869,61.6387,1.8384,37588.4109,89.7407,538.3845,395.5999,218.4789,430.6076,432.5446,432.5446,1046.441,1081.3617,427.0584,0.0,2.43015,2.511246,0.971205,30,216,96,2,0.20383968,0.00163983,-0.01249836,0E-8,0.000000,0.906607,0.000000,0.01775797,2026-03-22,2026-08-06,108,3621,2443,138,0.782609,1.360932,1.287360,0.679466,,,,,,,,GLOBAL_BASELINE_NO_ENTITY_RANKING,,,NOT_APPLICABLE_GLOBAL_BASELINE,HF9g-P5,,,,X 全窗基线 · 不参与实体赏罚,14198344,1420,A168_HF9F_20260827_0900,2026-08-27 09:00:00
2026-04-28,57024343,2246,0,430.8951847463,409.3504255090,409.3504255090,1.0000000,1,1,0.50665070000000000,0.506650700000,0.9867858985152569,0.9867858985152569,0.9867858985152569,0E-17,ELIGIBLE,R03b_20260811_FULL_v1,L1_ELIGIBILITY,v2026-08-11,2026-03-21..2026-08-06,baccarat_bet02_101_all_pairs_incl_sentinel,round_win = game_pnl > 0 (decisive only),COMPATIBILITY_ONLY_NOT_PRODUCTION,4059548.3812,3680416.6879,6656.9809,9707,9692,-0.00163983,0.01249836,-0.00525961,-0.00163983,-6656.9809,4059548.3812,OK,0.0000,266.2792,4.0000,96.0000,AG03-UNRESOLVED,ALL5_LEVELS_bet23_to_bet27,266.2792,266.2792,266.2792,0.0000,0.0000,4.000000,4.000000,4.000000,0.000000,0.000000,96.000000,96.000000,96.000000,100.000000,100.000000,5.0,798.8377,767.3102,5858.1432,5889.6706,PENDING_AG03,FALSE,NOT_FOR_ENFORCEMENT,6390.7016,3533200.0204,6656.9809,6390.7016,266.2792,0.00163983,0.00157424,266.2792,6390.7016,0.00157424,266.2792,266.2792,266.2792,0.0000,0.0000,6390.7016,0.00157424,798.8377,767.3102,5858.1432,5889.6706,0.00144305,0.00145082,0.00006559,418.2083,379.7376,0.6869,61.6387,1.8384,37588.4109,89.7407,538.3845,395.5999,218.4789,430.6076,432.5446,432.5446,1046.441,1081.3617,427.0584,0.0,2.43015,2.511246,0.971205,30,216,96,2,0.20383968,0.00163983,-0.01249836,0E-8,0.000000,0.906607,0.000000,0.01775797,2026-03-22,2026-08-06,108,3621,2443,138,0.782609,1.360932,1.287360,0.679466,,,,,,,,GLOBAL_BASELINE_NO_ENTITY_RANKING,,,NOT_APPLICABLE_GLOBAL_BASELINE,HF9g-P5,,,,X 全窗基线 · 不参与实体赏罚,14198345,1420,A168_HF9F_20260827_0900,2026-08-27 09:00:00
2026-04-28,57024343,2251,0,430.8951847463,-430.8951847463,-430.8951847463,0E-7,1,1,0.50665070000000000,0.506650700000,-1.013391052207602,-1.013391052207602,-1.013391052207602,0E-17,ELIGIBLE,R03b_20260811_FULL_v1,L1_ELIGIBILITY,v2026-08-11,2026-03-21..2026-08-06,baccarat_bet02_101_all_pairs_incl_sentinel,round_win = game_pnl > 0 (decisive only),COMPATIBILITY_ONLY_NOT_PRODUCTION,4059548.3812,3680416.6879,6656.9809,9707,9692,-0.00163983,0.01249836,-0.00525961,-0.00163983,-6656.9809,4059548.3812,OK,0.0000,266.2792,4.0000,96.0000,AG03-UNRESOLVED,ALL5_LEVELS_bet23_to_bet27,266.2792,266.2792,266.2792,0.0000,0.0000,4.000000,4.000000,4.000000,0.000000,0.000000,96.000000,96.000000,96.000000,100.000000,100.000000,5.0,798.8377,767.3102,5858.1432,5889.6706,PENDING_AG03,FALSE,NOT_FOR_ENFORCEMENT,6390.7016,3533200.0204,6656.9809,6390.7016,266.2792,0.00163983,0.00157424,266.2792,6390.7016,0.00157424,266.2792,266.2792,266.2792,0.0000,0.0000,6390.7016,0.00157424,798.8377,767.3102,5858.1432,5889.6706,0.00144305,0.00145082,0.00006559,418.2083,379.7376,0.6869,61.6387,1.8384,37588.4109,89.7407,538.3845,395.5999,218.4789,430.6076,432.5446,432.5446,1046.441,1081.3617,427.0584,0.0,2.43015,2.511246,0.971205,30,216,96,2,0.20383968,0.00163983,-0.01249836,0E-8,0.000000,0.906607,0.000000,0.01775797,2026-03-22,2026-08-06,108,3621,2443,138,0.782609,1.360932,1.287360,0.679466,,,,,,,,GLOBAL_BASELINE_NO_ENTITY_RANKING,,,NOT_APPLICABLE_GLOBAL_BASELINE,HF9g-P5,,,,X 全窗基线 · 不参与实体赏罚,14198346,1420,A168_HF9F_20260827_0900,2026-08-27 09:00:00
2026-04-28,57024343,2252,0,1077.2379618658,603.2532586448,603.2532586448,0.6666667,3,3,0.50218230000000000,0.502182300000,0.5697959874915163,0.5697959874915164,0.5697959874915163,0E-17,ELIGIBLE,R03b_20260811_FULL_v1,L1_ELIGIBILITY,v2026-08-11,2026-03-21..2026-08-06,baccarat_bet02_101_all_pairs_incl_sentinel,round_win = game_pnl > 0 (decisive only),COMPATIBILITY_ONLY_NOT_PRODUCTION,4059548.3812,3680416.6879,6656.9809,9707,9692,-0.00163983,0.01249836,-0.00525961,-0.00163983,-6656.9809,4059548.3812,OK,0.0000,266.2792,4.0000,96.0000,AG03-UNRESOLVED,ALL5_LEVELS_bet23_to_bet27,266.2792,266.2792,266.2792,0.0000,0.0000,4.000000,4.000000,4.000000,0.000000,0.000000,96.000000,96.000000,96.000000,100.000000,100.000000,5.0,798.8377,767.3102,5858.1432,5889.6706,PENDING_AG03,FALSE,NOT_FOR_ENFORCEMENT,6390.7016,3533200.0204,6656.9809,6390.7016,266.2792,0.00163983,0.00157424,266.2792,6390.7016,0.00157424,266.2792,266.2792,266.2792,0.0000,0.0000,6390.7016,0.00157424,798.8377,767.3102,5858.1432,5889.6706,0.00144305,0.00145082,0.00006559,418.2083,379.7376,0.6869,61.6387,1.8384,37588.4109,89.7407,538.3845,395.5999,218.4789,430.6076,432.5446,432.5446,1046.441,1081.3617,427.0584,0.0,2.43015,2.511246,0.971205,30,216,96,2,0.20383968,0.00163983,-0.01249836,0E-8,0.000000,0.906607,0.000000,0.01775797,2026-03-22,2026-08-06,108,3621,2443,138,0.782609,1.360932,1.287360,0.679466,,,,,,,,GLOBAL_BASELINE_NO_ENTITY_RANKING,,,NOT_APPLICABLE_GLOBAL_BASELINE,HF9g-P5,,,,X 全窗基线 · 不参与实体赏罚,14198347,1420,A168_HF9F_20260827_0900,2026-08-27 09:00:00
2026-04-28,57024343,2266,0,861.7903694926,-21.5447592373,-21.5447592373,0.5000000,2,2,0.50665070000000000,0.506650700000,-0.018812684590367487,-0.018812684590367487,-0.018812684590367487,0E-17,ELIGIBLE,R03b_20260811_FULL_v1,L1_ELIGIBILITY,v2026-08-11,2026-03-21..2026-08-06,baccarat_bet02_101_all_pairs_incl_sentinel,round_win = game_pnl > 0 (decisive only),COMPATIBILITY_ONLY_NOT_PRODUCTION,4059548.3812,3680416.6879,6656.9809,9707,9692,-0.00163983,0.01249836,-0.00525961,-0.00163983,-6656.9809,4059548.3812,OK,0.0000,266.2792,4.0000,96.0000,AG03-UNRESOLVED,ALL5_LEVELS_bet23_to_bet27,266.2792,266.2792,266.2792,0.0000,0.0000,4.000000,4.000000,4.000000,0.000000,0.000000,96.000000,96.000000,96.000000,100.000000,100.000000,5.0,798.8377,767.3102,5858.1432,5889.6706,PENDING_AG03,FALSE,NOT_FOR_ENFORCEMENT,6390.7016,3533200.0204,6656.9809,6390.7016,266.2792,0.00163983,0.00157424,266.2792,6390.7016,0.00157424,266.2792,266.2792,266.2792,0.0000,0.0000,6390.7016,0.00157424,798.8377,767.3102,5858.1432,5889.6706,0.00144305,0.00145082,0.00006559,418.2083,379.7376,0.6869,61.6387,1.8384,37588.4109,89.7407,538.3845,395.5999,218.4789,430.6076,432.5446,432.5446,1046.441,1081.3617,427.0584,0.0,2.43015,2.511246,0.971205,30,216,96,2,0.20383968,0.00163983,-0.01249836,0E-8,0.000000,0.906607,0.000000,0.01775797,2026-03-22,2026-08-06,108,3621,2443,138,0.782609,1.360932,1.287360,0.679466,,,,,,,,GLOBAL_BASELINE_NO_ENTITY_RANKING,,,NOT_APPLICABLE_GLOBAL_BASELINE,HF9g-P5,,,,X 全窗基线 · 不参与实体赏罚,14198348,1420,A168_HF9F_20260827_0900,2026-08-27 09:00:00
2026-04-28,57024343,2271,0,1292.6855542389,1249.5960357643,1249.5960357643,1.0000000,3,3,0.50218230000000000,0.502182300000,1.724507524396475,1.7245075243964754,1.724507524396475,0E-17,ELIGIBLE,R03b_20260811_FULL_v1,L1_ELIGIBILITY,v2026-08-11,2026-03-21..2026-08-06,baccarat_bet02_101_all_pairs_incl_sentinel,round_win = game_pnl > 0 (decisive only),COMPATIBILITY_ONLY_NOT_PRODUCTION,4059548.3812,3680416.6879,6656.9809,9707,9692,-0.00163983,0.01249836,-0.00525961,-0.00163983,-6656.9809,4059548.3812,OK,0.0000,266.2792,4.0000,96.0000,AG03-UNRESOLVED,ALL5_LEVELS_bet23_to_bet27,266.2792,266.2792,266.2792,0.0000,0.0000,4.000000,4.000000,4.000000,0.000000,0.000000,96.000000,96.000000,96.000000,100.000000,100.000000,5.0,798.8377,767.3102,5858.1432,5889.6706,PENDING_AG03,FALSE,NOT_FOR_ENFORCEMENT,6390.7016,3533200.0204,6656.9809,6390.7016,266.2792,0.00163983,0.00157424,266.2792,6390.7016,0.00157424,266.2792,266.2792,266.2792,0.0000,0.0000,6390.7016,0.00157424,798.8377,767.3102,5858.1432,5889.6706,0.00144305,0.00145082,0.00006559,418.2083,379.7376,0.6869,61.6387,1.8384,37588.4109,89.7407,538.3845,395.5999,218.4789,430.6076,432.5446,432.5446,1046.441,1081.3617,427.0584,0.0,2.43015,2.511246,0.971205,30,216,96,2,0.20383968,0.00163983,-0.01249836,0E-8,0.000000,0.906607,0.000000,0.01775797,2026-03-22,2026-08-06,108,3621,2443,138,0.782609,1.360932,1.287360,0.679466,,,,,,,,GLOBAL_BASELINE_NO_ENTITY_RANKING,,,NOT_APPLICABLE_GLOBAL_BASELINE,HF9g-P5,,,,X 全窗基线 · 不参与实体赏罚,14198349,1420,A168_HF9F_20260827_0900,2026-08-27 09:00:00
2026-04-28,57024343,526,0,430.8951847463,-430.8951847463,-430.8951847463,0E-7,1,1,0.50665070000000000,0.506650700000,-1.013391052207602,-1.013391052207602,-1.013391052207602,0E-17,ELIGIBLE,R03b_20260811_FULL_v1,L1_ELIGIBILITY,v2026-08-11,2026-03-21..2026-08-06,baccarat_bet02_101_all_pairs_incl_sentinel,round_win = game_pnl > 0 (decisive only),COMPATIBILITY_ONLY_NOT_PRODUCTION,4059548.3812,3680416.6879,6656.9809,9707,9692,-0.00163983,0.01249836,-0.00525961,-0.00163983,-6656.9809,4059548.3812,OK,0.0000,266.2792,4.0000,96.0000,AG03-UNRESOLVED,ALL5_LEVELS_bet23_to_bet27,266.2792,266.2792,266.2792,0.0000,0.0000,4.000000,4.000000,4.000000,0.000000,0.000000,96.000000,96.000000,96.000000,100.000000,100.000000,5.0,798.8377,767.3102,5858.1432,5889.6706,PENDING_AG03,FALSE,NOT_FOR_ENFORCEMENT,6390.7016,3533200.0204,6656.9809,6390.7016,266.2792,0.00163983,0.00157424,266.2792,6390.7016,0.00157424,266.2792,266.2792,266.2792,0.0000,0.0000,6390.7016,0.00157424,798.8377,767.3102,5858.1432,5889.6706,0.00144305,0.00145082,0.00006559,418.2083,379.7376,0.6869,61.6387,1.8384,37588.4109,89.7407,538.3845,395.5999,218.4789,430.6076,432.5446,432.5446,1046.441,1081.3617,427.0584,0.0,2.43015,2.511246,0.971205,30,216,96,2,0.20383968,0.00163983,-0.01249836,0E-8,0.000000,0.906607,0.000000,0.01775797,2026-03-22,2026-08-06,108,3621,2443,138,0.782609,1.360932,1.287360,0.679466,,,,,,,,GLOBAL_BASELINE_NO_ENTITY_RANKING,,,NOT_APPLICABLE_GLOBAL_BASELINE,HF9g-P5,,,,X 全窗基线 · 不参与实体赏罚,14198350,1420,A168_HF9F_20260827_0900,2026-08-27 09:00:00
2026-04-28,57024343,595,0,430.8951847463,-430.8951847463,-430.8951847463,0E-7,1,1,0.50665070000000000,0.506650700000,-1.013391052207602,-1.013391052207602,-1.013391052207602,0E-17,ELIGIBLE,R03b_20260811_FULL_v1,L1_ELIGIBILITY,v2026-08-11,2026-03-21..2026-08-06,baccarat_bet02_101_all_pairs_incl_sentinel,round_win = game_pnl > 0 (decisive only),COMPATIBILITY_ONLY_NOT_PRODUCTION,4059548.3812,3680416.6879,6656.9809,9707,9692,-0.00163983,0.01249836,-0.00525961,-0.00163983,-6656.9809,4059548.3812,OK,0.0000,266.2792,4.0000,96.0000,AG03-UNRESOLVED,ALL5_LEVELS_bet23_to_bet27,266.2792,266.2792,266.2792,0.0000,0.0000,4.000000,4.000000,4.000000,0.000000,0.000000,96.000000,96.000000,96.000000,100.000000,100.000000,5.0,798.8377,767.3102,5858.1432,5889.6706,PENDING_AG03,FALSE,NOT_FOR_ENFORCEMENT,6390.7016,3533200.0204,6656.9809,6390.7016,266.2792,0.00163983,0.00157424,266.2792,6390.7016,0.00157424,266.2792,266.2792,266.2792,0.0000,0.0000,6390.7016,0.00157424,798.8377,767.3102,5858.1432,5889.6706,0.00144305,0.00145082,0.00006559,418.2083,379.7376,0.6869,61.6387,1.8384,37588.4109,89.7407,538.3845,395.5999,218.4789,430.6076,432.5446,432.5446,1046.441,1081.3617,427.0584,0.0,2.43015,2.511246,0.971205,30,216,96,2,0.20383968,0.00163983,-0.01249836,0E-8,0.000000,0.906607,0.000000,0.01775797,2026-03-22,2026-08-06,108,3621,2443,138,0.782609,1.360932,1.287360,0.679466,,,,,,,,GLOBAL_BASELINE_NO_ENTITY_RANKING,,,NOT_APPLICABLE_GLOBAL_BASELINE,HF9g-P5,,,,X 全窗基线 · 不参与实体赏罚,14198351,1420,A168_HF9F_20260827_0900,2026-08-27 09:00:00
2026-04-28,57024343,986,0,2154.4759237316,398.5780458903,398.5780458903,0.6666667,6,6,0.50441650000000000,0.504416500000,0.5620729918323724,0.5620729918323724,0.5620729918323724,0E-17,ELIGIBLE,R03b_20260811_FULL_v1,L1_ELIGIBILITY,v2026-08-11,2026-03-21..2026-08-06,baccarat_bet02_101_all_pairs_incl_sentinel,round_win = game_pnl > 0 (decisive only),COMPATIBILITY_ONLY_NOT_PRODUCTION,4059548.3812,3680416.6879,6656.9809,9707,9692,-0.00163983,0.01249836,-0.00525961,-0.00163983,-6656.9809,4059548.3812,OK,0.0000,266.2792,4.0000,96.0000,AG03-UNRESOLVED,ALL5_LEVELS_bet23_to_bet27,266.2792,266.2792,266.2792,0.0000,0.0000,4.000000,4.000000,4.000000,0.000000,0.000000,96.000000,96.000000,96.000000,100.000000,100.000000,5.0,798.8377,767.3102,5858.1432,5889.6706,PENDING_AG03,FALSE,NOT_FOR_ENFORCEMENT,6390.7016,3533200.0204,6656.9809,6390.7016,266.2792,0.00163983,0.00157424,266.2792,6390.7016,0.00157424,266.2792,266.2792,266.2792,0.0000,0.0000,6390.7016,0.00157424,798.8377,767.3102,5858.1432,5889.6706,0.00144305,0.00145082,0.00006559,418.2083,379.7376,0.6869,61.6387,1.8384,37588.4109,89.7407,538.3845,395.5999,218.4789,430.6076,432.5446,432.5446,1046.441,1081.3617,427.0584,0.0,2.43015,2.511246,0.971205,30,216,96,2,0.20383968,0.00163983,-0.01249836,0E-8,0.000000,0.906607,0.000000,0.01775797,2026-03-22,2026-08-06,108,3621,2443,138,0.782609,1.360932,1.287360,0.679466,,,,,,,,GLOBAL_BASELINE_NO_ENTITY_RANKING,,,NOT_APPLICABLE_GLOBAL_BASELINE,HF9g-P5,,,,X 全窗基线 · 不参与实体赏罚,14198352,1420,A168_HF9F_20260827_0900,2026-08-27 09:00:00
2026-04-29,57024343,-1,1,9264.2464720456,-2682.3225250457,-2682.3225250457,0.3571429,17,17,0.50586215882352941,0.505862158824,-1.1129898455906497,-1.1129898455941838,-1.1129898455906497,-4.7059E-13,SENTINEL_DEALER,R03b_20260811_FULL_v1,L1_ELIGIBILITY,v2026-08-11,2026-03-21..2026-08-06,baccarat_bet02_101_all_pairs_incl_sentinel,round_win = game_pnl > 0 (decisive only),COMPATIBILITY_ONLY_NOT_PRODUCTION,4059548.3812,3680416.6879,6656.9809,9707,9692,-0.00163983,0.01249836,-0.00525961,-0.00163983,-6656.9809,4059548.3812,OK,0.0000,266.2792,4.0000,96.0000,AG03-UNRESOLVED,ALL5_LEVELS_bet23_to_bet27,266.2792,266.2792,266.2792,0.0000,0.0000,4.000000,4.000000,4.000000,0.000000,0.000000,96.000000,96.000000,96.000000,100.000000,100.000000,5.0,798.8377,767.3102,5858.1432,5889.6706,PENDING_AG03,FALSE,NOT_FOR_ENFORCEMENT,6390.7016,3533200.0204,6656.9809,6390.7016,266.2792,0.00163983,0.00157424,266.2792,6390.7016,0.00157424,266.2792,266.2792,266.2792,0.0000,0.0000,6390.7016,0.00157424,798.8377,767.3102,5858.1432,5889.6706,0.00144305,0.00145082,0.00006559,418.2083,379.7376,0.6869,61.6387,1.8384,37588.4109,89.7407,538.3845,395.5999,218.4789,430.6076,432.5446,432.5446,1046.441,1081.3617,427.0584,0.0,2.43015,2.511246,0.971205,30,216,96,2,0.20383968,0.00163983,-0.01249836,0E-8,0.000000,0.906607,0.000000,0.01775797,2026-03-22,2026-08-06,108,3621,2443,138,0.782609,1.360932,1.287360,0.679466,,,,,,,,GLOBAL_BASELINE_NO_ENTITY_RANKING,,,NOT_APPLICABLE_GLOBAL_BASELINE,HF9g-P5,,,,X 全窗基线 · 不参与实体赏罚,14198353,1420,A168_HF9F_20260827_0900,2026-08-27 09:00:00
2026-04-29,57024343,1078,0,1723.5807389852,797.1560917807,797.1560917807,0.7500000,4,4,0.50665070000000000,0.506650700000,0.9734833216690844,0.9734833216690844,0.9734833216690844,0E-17,ELIGIBLE,R03b_20260811_FULL_v1,L1_ELIGIBILITY,v2026-08-11,2026-03-21..2026-08-06,baccarat_bet02_101_all_pairs_incl_sentinel,round_win = game_pnl > 0 (decisive only),COMPATIBILITY_ONLY_NOT_PRODUCTION,4059548.3812,3680416.6879,6656.9809,9707,9692,-0.00163983,0.01249836,-0.00525961,-0.00163983,-6656.9809,4059548.3812,OK,0.0000,266.2792,4.0000,96.0000,AG03-UNRESOLVED,ALL5_LEVELS_bet23_to_bet27,266.2792,266.2792,266.2792,0.0000,0.0000,4.000000,4.000000,4.000000,0.000000,0.000000,96.000000,96.000000,96.000000,100.000000,100.000000,5.0,798.8377,767.3102,5858.1432,5889.6706,PENDING_AG03,FALSE,NOT_FOR_ENFORCEMENT,6390.7016,3533200.0204,6656.9809,6390.7016,266.2792,0.00163983,0.00157424,266.2792,6390.7016,0.00157424,266.2792,266.2792,266.2792,0.0000,0.0000,6390.7016,0.00157424,798.8377,767.3102,5858.1432,5889.6706,0.00144305,0.00145082,0.00006559,418.2083,379.7376,0.6869,61.6387,1.8384,37588.4109,89.7407,538.3845,395.5999,218.4789,430.6076,432.5446,432.5446,1046.441,1081.3617,427.0584,0.0,2.43015,2.511246,0.971205,30,216,96,2,0.20383968,0.00163983,-0.01249836,0E-8,0.000000,0.906607,0.000000,0.01775797,2026-03-22,2026-08-06,108,3621,2443,138,0.782609,1.360932,1.287360,0.679466,,,,,,,,GLOBAL_BASELINE_NO_ENTITY_RANKING,,,NOT_APPLICABLE_GLOBAL_BASELINE,HF9g-P5,,,,X 全窗基线 · 不参与实体赏罚,14198354,1420,A168_HF9F_20260827_0900,2026-08-27 09:00:00
2026-04-29,57024343,1094,0,430.8951847463,-430.8951847463,-430.8951847463,0E-7,1,1,0.50665070000000000,0.506650700000,-1.013391052207602,-1.013391052207602,-1.013391052207602,0E-17,ELIGIBLE,R03b_20260811_FULL_v1,L1_ELIGIBILITY,v2026-08-11,2026-03-21..2026-08-06,baccarat_bet02_101_all_pairs_incl_sentinel,round_win = game_pnl > 0 (decisive only),COMPATIBILITY_ONLY_NOT_PRODUCTION,4059548.3812,3680416.6879,6656.9809,9707,9692,-0.00163983,0.01249836,-0.00525961,-0.00163983,-6656.9809,4059548.3812,OK,0.0000,266.2792,4.0000,96.0000,AG03-UNRESOLVED,ALL5_LEVELS_bet23_to_bet27,266.2792,266.2792,266.2792,0.0000,0.0000,4.000000,4.000000,4.000000,0.000000,0.000000,96.000000,96.000000,96.000000,100.000000,100.000000,5.0,798.8377,767.3102,5858.1432,5889.6706,PENDING_AG03,FALSE,NOT_FOR_ENFORCEMENT,6390.7016,3533200.0204,6656.9809,6390.7016,266.2792,0.00163983,0.00157424,266.2792,6390.7016,0.00157424,266.2792,266.2792,266.2792,0.0000,0.0000,6390.7016,0.00157424,798.8377,767.3102,5858.1432,5889.6706,0.00144305,0.00145082,0.00006559,418.2083,379.7376,0.6869,61.6387,1.8384,37588.4109,89.7407,538.3845,395.5999,218.4789,430.6076,432.5446,432.5446,1046.441,1081.3617,427.0584,0.0,2.43015,2.511246,0.971205,30,216,96,2,0.20383968,0.00163983,-0.01249836,0E-8,0.000000,0.906607,0.000000,0.01775797,2026-03-22,2026-08-06,108,3621,2443,138,0.782609,1.360932,1.287360,0.679466,,,,,,,,GLOBAL_BASELINE_NO_ENTITY_RANKING,,,NOT_APPLICABLE_GLOBAL_BASELINE,HF9g-P5,,,,X 全窗基线 · 不参与实体赏罚,14198355,1420,A168_HF9F_20260827_0900,2026-08-27 09:00:00
2026-04-29,57024343,1304,0,861.7903694926,818.7008510180,818.7008510180,1.0000000,2,2,0.50665070000000000,0.506650700000,1.3955260008387969,1.3955260008387969,1.3955260008387969,0E-17,ELIGIBLE,R03b_20260811_FULL_v1,L1_ELIGIBILITY,v2026-08-11,2026-03-21..2026-08-06,baccarat_bet02_101_all_pairs_incl_sentinel,round_win = game_pnl > 0 (decisive only),COMPATIBILITY_ONLY_NOT_PRODUCTION,4059548.3812,3680416.6879,6656.9809,9707,9692,-0.00163983,0.01249836,-0.00525961,-0.00163983,-6656.9809,4059548.3812,OK,0.0000,266.2792,4.0000,96.0000,AG03-UNRESOLVED,ALL5_LEVELS_bet23_to_bet27,266.2792,266.2792,266.2792,0.0000,0.0000,4.000000,4.000000,4.000000,0.000000,0.000000,96.000000,96.000000,96.000000,100.000000,100.000000,5.0,798.8377,767.3102,5858.1432,5889.6706,PENDING_AG03,FALSE,NOT_FOR_ENFORCEMENT,6390.7016,3533200.0204,6656.9809,6390.7016,266.2792,0.00163983,0.00157424,266.2792,6390.7016,0.00157424,266.2792,266.2792,266.2792,0.0000,0.0000,6390.7016,0.00157424,798.8377,767.3102,5858.1432,5889.6706,0.00144305,0.00145082,0.00006559,418.2083,379.7376,0.6869,61.6387,1.8384,37588.4109,89.7407,538.3845,395.5999,218.4789,430.6076,432.5446,432.5446,1046.441,1081.3617,427.0584,0.0,2.43015,2.511246,0.971205,30,216,96,2,0.20383968,0.00163983,-0.01249836,0E-8,0.000000,0.906607,0.000000,0.01775797,2026-03-22,2026-08-06,108,3621,2443,138,0.782609,1.360932,1.287360,0.679466,,,,,,,,GLOBAL_BASELINE_NO_ENTITY_RANKING,,,NOT_APPLICABLE_GLOBAL_BASELINE,HF9g-P5,,,,X 全窗基线 · 不参与实体赏罚,14198356,1420,A168_HF9F_20260827_0900,2026-08-27 09:00:00
2026-04-29,57024343,1306,0,1723.5807389852,-21.5447592373,-21.5447592373,0.5000000,4,4,0.50329940000000000,0.503299400000,-0.01319788734859681,-0.01319788734859681,-0.01319788734859681,0E-17,ELIGIBLE,R03b_20260811_FULL_v1,L1_ELIGIBILITY,v2026-08-11,2026-03-21..2026-08-06,baccarat_bet02_101_all_pairs_incl_sentinel,round_win = game_pnl > 0 (decisive only),COMPATIBILITY_ONLY_NOT_PRODUCTION,4059548.3812,3680416.6879,6656.9809,9707,9692,-0.00163983,0.01249836,-0.00525961,-0.00163983,-6656.9809,4059548.3812,OK,0.0000,266.2792,4.0000,96.0000,AG03-UNRESOLVED,ALL5_LEVELS_bet23_to_bet27,266.2792,266.2792,266.2792,0.0000,0.0000,4.000000,4.000000,4.000000,0.000000,0.000000,96.000000,96.000000,96.000000,100.000000,100.000000,5.0,798.8377,767.3102,5858.1432,5889.6706,PENDING_AG03,FALSE,NOT_FOR_ENFORCEMENT,6390.7016,3533200.0204,6656.9809,6390.7016,266.2792,0.00163983,0.00157424,266.2792,6390.7016,0.00157424,266.2792,266.2792,266.2792,0.0000,0.0000,6390.7016,0.00157424,798.8377,767.3102,5858.1432,5889.6706,0.00144305,0.00145082,0.00006559,418.2083,379.7376,0.6869,61.6387,1.8384,37588.4109,89.7407,538.3845,395.5999,218.4789,430.6076,432.5446,432.5446,1046.441,1081.3617,427.0584,0.0,2.43015,2.511246,0.971205,30,216,96,2,0.20383968,0.00163983,-0.01249836,0E-8,0.000000,0.906607,0.000000,0.01775797,2026-03-22,2026-08-06,108,3621,2443,138,0.782609,1.360932,1.287360,0.679466,,,,,,,,GLOBAL_BASELINE_NO_ENTITY_RANKING,,,NOT_APPLICABLE_GLOBAL_BASELINE,HF9g-P5,,,,X 全窗基线 · 不参与实体赏罚,14198357,1420,A168_HF9F_20260827_0900,2026-08-27 09:00:00
2026-04-29,57024343,1318,0,1292.6855542389,-21.5447592373,-21.5447592373,0.5000000,3,3,0.50665070000000000,0.506650700000,-0.018812684590367487,-0.018812684590367487,-0.018812684590367487,0E-17,ELIGIBLE,R03b_20260811_FULL_v1,L1_ELIGIBILITY,v2026-08-11,2026-03-21..2026-08-06,baccarat_bet02_101_all_pairs_incl_sentinel,round_win = game_pnl > 0 (decisive only),COMPATIBILITY_ONLY_NOT_PRODUCTION,4059548.3812,3680416.6879,6656.9809,9707,9692,-0.00163983,0.01249836,-0.00525961,-0.00163983,-6656.9809,4059548.3812,OK,0.0000,266.2792,4.0000,96.0000,AG03-UNRESOLVED,ALL5_LEVELS_bet23_to_bet27,266.2792,266.2792,266.2792,0.0000,0.0000,4.000000,4.000000,4.000000,0.000000,0.000000,96.000000,96.000000,96.000000,100.000000,100.000000,5.0,798.8377,767.3102,5858.1432,5889.6706,PENDING_AG03,FALSE,NOT_FOR_ENFORCEMENT,6390.7016,3533200.0204,6656.9809,6390.7016,266.2792,0.00163983,0.00157424,266.2792,6390.7016,0.00157424,266.2792,266.2792,266.2792,0.0000,0.0000,6390.7016,0.00157424,798.8377,767.3102,5858.1432,5889.6706,0.00144305,0.00145082,0.00006559,418.2083,379.7376,0.6869,61.6387,1.8384,37588.4109,89.7407,538.3845,395.5999,218.4789,430.6076,432.5446,432.5446,1046.441,1081.3617,427.0584,0.0,2.43015,2.511246,0.971205,30,216,96,2,0.20383968,0.00163983,-0.01249836,0E-8,0.000000,0.906607,0.000000,0.01775797,2026-03-22,2026-08-06,108,3621,2443,138,0.782609,1.360932,1.287360,0.679466,,,,,,,,GLOBAL_BASELINE_NO_ENTITY_RANKING,,,NOT_APPLICABLE_GLOBAL_BASELINE,HF9g-P5,,,,X 全窗基线 · 不参与实体赏罚,14198358,1420,A168_HF9F_20260827_0900,2026-08-27 09:00:00
2026-04-29,57024343,1507,0,1077.2379618658,-1077.2379618658,-1077.2379618658,0E-7,1,1,0.50665070000000000,0.506650700000,-1.013391052207602,-1.013391052207602,-1.013391052207602,0E-17,ELIGIBLE,R03b_20260811_FULL_v1,L1_ELIGIBILITY,v2026-08-11,2026-03-21..2026-08-06,baccarat_bet02_101_all_pairs_incl_sentinel,round_win = game_pnl > 0 (decisive only),COMPATIBILITY_ONLY_NOT_PRODUCTION,4059548.3812,3680416.6879,6656.9809,9707,9692,-0.00163983,0.01249836,-0.00525961,-0.00163983,-6656.9809,4059548.3812,OK,0.0000,266.2792,4.0000,96.0000,AG03-UNRESOLVED,ALL5_LEVELS_bet23_to_bet27,266.2792,266.2792,266.2792,0.0000,0.0000,4.000000,4.000000,4.000000,0.000000,0.000000,96.000000,96.000000,96.000000,100.000000,100.000000,5.0,798.8377,767.3102,5858.1432,5889.6706,PENDING_AG03,FALSE,NOT_FOR_ENFORCEMENT,6390.7016,3533200.0204,6656.9809,6390.7016,266.2792,0.00163983,0.00157424,266.2792,6390.7016,0.00157424,266.2792,266.2792,266.2792,0.0000,0.0000,6390.7016,0.00157424,798.8377,767.3102,5858.1432,5889.6706,0.00144305,0.00145082,0.00006559,418.2083,379.7376,0.6869,61.6387,1.8384,37588.4109,89.7407,538.3845,395.5999,218.4789,430.6076,432.5446,432.5446,1046.441,1081.3617,427.0584,0.0,2.43015,2.511246,0.971205,30,216,96,2,0.20383968,0.00163983,-0.01249836,0E-8,0.000000,0.906607,0.000000,0.01775797,2026-03-22,2026-08-06,108,3621,2443,138,0.782609,1.360932,1.287360,0.679466,,,,,,,,GLOBAL_BASELINE_NO_ENTITY_RANKING,,,NOT_APPLICABLE_GLOBAL_BASELINE,HF9g-P5,,,,X 全窗基线 · 不参与实体赏罚,14198359,1420,A168_HF9F_20260827_0900,2026-08-27 09:00:00
2026-04-29,57024343,1509,0,430.8951847463,-430.8951847463,-430.8951847463,0E-7,1,1,0.50665070000000000,0.506650700000,-1.013391052207602,-1.013391052207602,-1.013391052207602,0E-17,ELIGIBLE,R03b_20260811_FULL_v1,L1_ELIGIBILITY,v2026-08-11,2026-03-21..2026-08-06,baccarat_bet02_101_all_pairs_incl_sentinel,round_win = game_pnl > 0 (decisive only),COMPATIBILITY_ONLY_NOT_PRODUCTION,4059548.3812,3680416.6879,6656.9809,9707,9692,-0.00163983,0.01249836,-0.00525961,-0.00163983,-6656.9809,4059548.3812,OK,0.0000,266.2792,4.0000,96.0000,AG03-UNRESOLVED,ALL5_LEVELS_bet23_to_bet27,266.2792,266.2792,266.2792,0.0000,0.0000,4.000000,4.000000,4.000000,0.000000,0.000000,96.000000,96.000000,96.000000,100.000000,100.000000,5.0,798.8377,767.3102,5858.1432,5889.6706,PENDING_AG03,FALSE,NOT_FOR_ENFORCEMENT,6390.7016,3533200.0204,6656.9809,6390.7016,266.2792,0.00163983,0.00157424,266.2792,6390.7016,0.00157424,266.2792,266.2792,266.2792,0.0000,0.0000,6390.7016,0.00157424,798.8377,767.3102,5858.1432,5889.6706,0.00144305,0.00145082,0.00006559,418.2083,379.7376,0.6869,61.6387,1.8384,37588.4109,89.7407,538.3845,395.5999,218.4789,430.6076,432.5446,432.5446,1046.441,1081.3617,427.0584,0.0,2.43015,2.511246,0.971205,30,216,96,2,0.20383968,0.00163983,-0.01249836,0E-8,0.000000,0.906607,0.000000,0.01775797,2026-03-22,2026-08-06,108,3621,2443,138,0.782609,1.360932,1.287360,0.679466,,,,,,,,GLOBAL_BASELINE_NO_ENTITY_RANKING,,,NOT_APPLICABLE_GLOBAL_BASELINE,HF9g-P5,,,,X 全窗基线 · 不参与实体赏罚,14198360,1420,A168_HF9F_20260827_0900,2026-08-27 09:00:00
2026-04-29,57024343,1645,0,861.7903694926,-430.8951847463,-430.8951847463,0E-7,2,2,0.50665070000000000,0.506650700000,-1.013391052207602,-1.013391052207602,-1.013391052207602,0E-17,ELIGIBLE,R03b_20260811_FULL_v1,L1_ELIGIBILITY,v2026-08-11,2026-03-21..2026-08-06,baccarat_bet02_101_all_pairs_incl_sentinel,round_win = game_pnl > 0 (decisive only),COMPATIBILITY_ONLY_NOT_PRODUCTION,4059548.3812,3680416.6879,6656.9809,9707,9692,-0.00163983,0.01249836,-0.00525961,-0.00163983,-6656.9809,4059548.3812,OK,0.0000,266.2792,4.0000,96.0000,AG03-UNRESOLVED,ALL5_LEVELS_bet23_to_bet27,266.2792,266.2792,266.2792,0.0000,0.0000,4.000000,4.000000,4.000000,0.000000,0.000000,96.000000,96.000000,96.000000,100.000000,100.000000,5.0,798.8377,767.3102,5858.1432,5889.6706,PENDING_AG03,FALSE,NOT_FOR_ENFORCEMENT,6390.7016,3533200.0204,6656.9809,6390.7016,266.2792,0.00163983,0.00157424,266.2792,6390.7016,0.00157424,266.2792,266.2792,266.2792,0.0000,0.0000,6390.7016,0.00157424,798.8377,767.3102,5858.1432,5889.6706,0.00144305,0.00145082,0.00006559,418.2083,379.7376,0.6869,61.6387,1.8384,37588.4109,89.7407,538.3845,395.5999,218.4789,430.6076,432.5446,432.5446,1046.441,1081.3617,427.0584,0.0,2.43015,2.511246,0.971205,30,216,96,2,0.20383968,0.00163983,-0.01249836,0E-8,0.000000,0.906607,0.000000,0.01775797,2026-03-22,2026-08-06,108,3621,2443,138,0.782609,1.360932,1.287360,0.679466,,,,,,,,GLOBAL_BASELINE_NO_ENTITY_RANKING,,,NOT_APPLICABLE_GLOBAL_BASELINE,HF9g-P5,,,,X 全窗基线 · 不参与实体赏罚,14198361,1420,A168_HF9F_20260827_0900,2026-08-27 09:00:00
2026-04-29,57024343,1702,0,430.8951847463,-430.8951847463,-430.8951847463,0E-7,1,1,0.50665070000000000,0.506650700000,-1.013391052207602,-1.013391052207602,-1.013391052207602,0E-17,ELIGIBLE,R03b_20260811_FULL_v1,L1_ELIGIBILITY,v2026-08-11,2026-03-21..2026-08-06,baccarat_bet02_101_all_pairs_incl_sentinel,round_win = game_pnl > 0 (decisive only),COMPATIBILITY_ONLY_NOT_PRODUCTION,4059548.3812,3680416.6879,6656.9809,9707,9692,-0.00163983,0.01249836,-0.00525961,-0.00163983,-6656.9809,4059548.3812,OK,0.0000,266.2792,4.0000,96.0000,AG03-UNRESOLVED,ALL5_LEVELS_bet23_to_bet27,266.2792,266.2792,266.2792,0.0000,0.0000,4.000000,4.000000,4.000000,0.000000,0.000000,96.000000,96.000000,96.000000,100.000000,100.000000,5.0,798.8377,767.3102,5858.1432,5889.6706,PENDING_AG03,FALSE,NOT_FOR_ENFORCEMENT,6390.7016,3533200.0204,6656.9809,6390.7016,266.2792,0.00163983,0.00157424,266.2792,6390.7016,0.00157424,266.2792,266.2792,266.2792,0.0000,0.0000,6390.7016,0.00157424,798.8377,767.3102,5858.1432,5889.6706,0.00144305,0.00145082,0.00006559,418.2083,379.7376,0.6869,61.6387,1.8384,37588.4109,89.7407,538.3845,395.5999,218.4789,430.6076,432.5446,432.5446,1046.441,1081.3617,427.0584,0.0,2.43015,2.511246,0.971205,30,216,96,2,0.20383968,0.00163983,-0.01249836,0E-8,0.000000,0.906607,0.000000,0.01775797,2026-03-22,2026-08-06,108,3621,2443,138,0.782609,1.360932,1.287360,0.679466,,,,,,,,GLOBAL_BASELINE_NO_ENTITY_RANKING,,,NOT_APPLICABLE_GLOBAL_BASELINE,HF9g-P5,,,,X 全窗基线 · 不参与实体赏罚,14198362,1420,A168_HF9F_20260827_0900,2026-08-27 09:00:00
2026-04-29,57024343,1704,0,1939.0283313584,1023.3760637725,1023.3760637725,0.6666667,3,3,0.49771390000000000,0.497713900000,0.5852756695216578,0.5852756695216578,0.5852756695216578,0E-17,ELIGIBLE,R03b_20260811_FULL_v1,L1_ELIGIBILITY,v2026-08-11,2026-03-21..2026-08-06,baccarat_bet02_101_all_pairs_incl_sentinel,round_win = game_pnl > 0 (decisive only),COMPATIBILITY_ONLY_NOT_PRODUCTION,4059548.3812,3680416.6879,6656.9809,9707,9692,-0.00163983,0.01249836,-0.00525961,-0.00163983,-6656.9809,4059548.3812,OK,0.0000,266.2792,4.0000,96.0000,AG03-UNRESOLVED,ALL5_LEVELS_bet23_to_bet27,266.2792,266.2792,266.2792,0.0000,0.0000,4.000000,4.000000,4.000000,0.000000,0.000000,96.000000,96.000000,96.000000,100.000000,100.000000,5.0,798.8377,767.3102,5858.1432,5889.6706,PENDING_AG03,FALSE,NOT_FOR_ENFORCEMENT,6390.7016,3533200.0204,6656.9809,6390.7016,266.2792,0.00163983,0.00157424,266.2792,6390.7016,0.00157424,266.2792,266.2792,266.2792,0.0000,0.0000,6390.7016,0.00157424,798.8377,767.3102,5858.1432,5889.6706,0.00144305,0.00145082,0.00006559,418.2083,379.7376,0.6869,61.6387,1.8384,37588.4109,89.7407,538.3845,395.5999,218.4789,430.6076,432.5446,432.5446,1046.441,1081.3617,427.0584,0.0,2.43015,2.511246,0.971205,30,216,96,2,0.20383968,0.00163983,-0.01249836,0E-8,0.000000,0.906607,0.000000,0.01775797,2026-03-22,2026-08-06,108,3621,2443,138,0.782609,1.360932,1.287360,0.679466,,,,,,,,GLOBAL_BASELINE_NO_ENTITY_RANKING,,,NOT_APPLICABLE_GLOBAL_BASELINE,HF9g-P5,,,,X 全窗基线 · 不参与实体赏罚,14198363,1420,A168_HF9F_20260827_0900,2026-08-27 09:00:00
2026-04-29,57024343,1714,0,1077.2379618658,1023.3760637725,1023.3760637725,1.0000000,1,1,0.50665070000000000,0.506650700000,0.9867858985152569,0.9867858985152569,0.9867858985152569,0E-17,ELIGIBLE,R03b_20260811_FULL_v1,L1_ELIGIBILITY,v2026-08-11,2026-03-21..2026-08-06,baccarat_bet02_101_all_pairs_incl_sentinel,round_win = game_pnl > 0 (decisive only),COMPATIBILITY_ONLY_NOT_PRODUCTION,4059548.3812,3680416.6879,6656.9809,9707,9692,-0.00163983,0.01249836,-0.00525961,-0.00163983,-6656.9809,4059548.3812,OK,0.0000,266.2792,4.0000,96.0000,AG03-UNRESOLVED,ALL5_LEVELS_bet23_to_bet27,266.2792,266.2792,266.2792,0.0000,0.0000,4.000000,4.000000,4.000000,0.000000,0.000000,96.000000,96.000000,96.000000,100.000000,100.000000,5.0,798.8377,767.3102,5858.1432,5889.6706,PENDING_AG03,FALSE,NOT_FOR_ENFORCEMENT,6390.7016,3533200.0204,6656.9809,6390.7016,266.2792,0.00163983,0.00157424,266.2792,6390.7016,0.00157424,266.2792,266.2792,266.2792,0.0000,0.0000,6390.7016,0.00157424,798.8377,767.3102,5858.1432,5889.6706,0.00144305,0.00145082,0.00006559,418.2083,379.7376,0.6869,61.6387,1.8384,37588.4109,89.7407,538.3845,395.5999,218.4789,430.6076,432.5446,432.5446,1046.441,1081.3617,427.0584,0.0,2.43015,2.511246,0.971205,30,216,96,2,0.20383968,0.00163983,-0.01249836,0E-8,0.000000,0.906607,0.000000,0.01775797,2026-03-22,2026-08-06,108,3621,2443,138,0.782609,1.360932,1.287360,0.679466,,,,,,,,GLOBAL_BASELINE_NO_ENTITY_RANKING,,,NOT_APPLICABLE_GLOBAL_BASELINE,HF9g-P5,,,,X 全窗基线 · 不参与实体赏罚,14198364,1420,A168_HF9F_20260827_0900,2026-08-27 09:00:00
2026-04-29,57024343,1941,0,861.7903694926,-861.7903694926,-861.7903694926,0E-7,2,2,0.50665070000000000,0.506650700000,-1.4331513700195317,-1.4331513700195317,-1.4331513700195317,0E-17,ELIGIBLE,R03b_20260811_FULL_v1,L1_ELIGIBILITY,v2026-08-11,2026-03-21..2026-08-06,baccarat_bet02_101_all_pairs_incl_sentinel,round_win = game_pnl > 0 (decisive only),COMPATIBILITY_ONLY_NOT_PRODUCTION,4059548.3812,3680416.6879,6656.9809,9707,9692,-0.00163983,0.01249836,-0.00525961,-0.00163983,-6656.9809,4059548.3812,OK,0.0000,266.2792,4.0000,96.0000,AG03-UNRESOLVED,ALL5_LEVELS_bet23_to_bet27,266.2792,266.2792,266.2792,0.0000,0.0000,4.000000,4.000000,4.000000,0.000000,0.000000,96.000000,96.000000,96.000000,100.000000,100.000000,5.0,798.8377,767.3102,5858.1432,5889.6706,PENDING_AG03,FALSE,NOT_FOR_ENFORCEMENT,6390.7016,3533200.0204,6656.9809,6390.7016,266.2792,0.00163983,0.00157424,266.2792,6390.7016,0.00157424,266.2792,266.2792,266.2792,0.0000,0.0000,6390.7016,0.00157424,798.8377,767.3102,5858.1432,5889.6706,0.00144305,0.00145082,0.00006559,418.2083,379.7376,0.6869,61.6387,1.8384,37588.4109,89.7407,538.3845,395.5999,218.4789,430.6076,432.5446,432.5446,1046.441,1081.3617,427.0584,0.0,2.43015,2.511246,0.971205,30,216,96,2,0.20383968,0.00163983,-0.01249836,0E-8,0.000000,0.906607,0.000000,0.01775797,2026-03-22,2026-08-06,108,3621,2443,138,0.782609,1.360932,1.287360,0.679466,,,,,,,,GLOBAL_BASELINE_NO_ENTITY_RANKING,,,NOT_APPLICABLE_GLOBAL_BASELINE,HF9g-P5,,,,X 全窗基线 · 不参与实体赏罚,14198365,1420,A168_HF9F_20260827_0900,2026-08-27 09:00:00
2026-04-29,57024343,1951,0,1077.2379618658,-236.9923516105,-236.9923516105,0.5000000,2,2,0.50665070000000000,0.506650700000,-0.018812684590367487,-0.018812684590367487,-0.018812684590367487,0E-17,ELIGIBLE,R03b_20260811_FULL_v1,L1_ELIGIBILITY,v2026-08-11,2026-03-21..2026-08-06,baccarat_bet02_101_all_pairs_incl_sentinel,round_win = game_pnl > 0 (decisive only),COMPATIBILITY_ONLY_NOT_PRODUCTION,4059548.3812,3680416.6879,6656.9809,9707,9692,-0.00163983,0.01249836,-0.00525961,-0.00163983,-6656.9809,4059548.3812,OK,0.0000,266.2792,4.0000,96.0000,AG03-UNRESOLVED,ALL5_LEVELS_bet23_to_bet27,266.2792,266.2792,266.2792,0.0000,0.0000,4.000000,4.000000,4.000000,0.000000,0.000000,96.000000,96.000000,96.000000,100.000000,100.000000,5.0,798.8377,767.3102,5858.1432,5889.6706,PENDING_AG03,FALSE,NOT_FOR_ENFORCEMENT,6390.7016,3533200.0204,6656.9809,6390.7016,266.2792,0.00163983,0.00157424,266.2792,6390.7016,0.00157424,266.2792,266.2792,266.2792,0.0000,0.0000,6390.7016,0.00157424,798.8377,767.3102,5858.1432,5889.6706,0.00144305,0.00145082,0.00006559,418.2083,379.7376,0.6869,61.6387,1.8384,37588.4109,89.7407,538.3845,395.5999,218.4789,430.6076,432.5446,432.5446,1046.441,1081.3617,427.0584,0.0,2.43015,2.511246,0.971205,30,216,96,2,0.20383968,0.00163983,-0.01249836,0E-8,0.000000,0.906607,0.000000,0.01775797,2026-03-22,2026-08-06,108,3621,2443,138,0.782609,1.360932,1.287360,0.679466,,,,,,,,GLOBAL_BASELINE_NO_ENTITY_RANKING,,,NOT_APPLICABLE_GLOBAL_BASELINE,HF9g-P5,,,,X 全窗基线 · 不参与实体赏罚,14198366,1420,A168_HF9F_20260827_0900,2026-08-27 09:00:00
2026-04-29,57024343,1963,0,430.8951847463,-430.8951847463,-430.8951847463,0E-7,1,1,0.50665070000000000,0.506650700000,-1.013391052207602,-1.013391052207602,-1.013391052207602,0E-17,ELIGIBLE,R03b_20260811_FULL_v1,L1_ELIGIBILITY,v2026-08-11,2026-03-21..2026-08-06,baccarat_bet02_101_all_pairs_incl_sentinel,round_win = game_pnl > 0 (decisive only),COMPATIBILITY_ONLY_NOT_PRODUCTION,4059548.3812,3680416.6879,6656.9809,9707,9692,-0.00163983,0.01249836,-0.00525961,-0.00163983,-6656.9809,4059548.3812,OK,0.0000,266.2792,4.0000,96.0000,AG03-UNRESOLVED,ALL5_LEVELS_bet23_to_bet27,266.2792,266.2792,266.2792,0.0000,0.0000,4.000000,4.000000,4.000000,0.000000,0.000000,96.000000,96.000000,96.000000,100.000000,100.000000,5.0,798.8377,767.3102,5858.1432,5889.6706,PENDING_AG03,FALSE,NOT_FOR_ENFORCEMENT,6390.7016,3533200.0204,6656.9809,6390.7016,266.2792,0.00163983,0.00157424,266.2792,6390.7016,0.00157424,266.2792,266.2792,266.2792,0.0000,0.0000,6390.7016,0.00157424,798.8377,767.3102,5858.1432,5889.6706,0.00144305,0.00145082,0.00006559,418.2083,379.7376,0.6869,61.6387,1.8384,37588.4109,89.7407,538.3845,395.5999,218.4789,430.6076,432.5446,432.5446,1046.441,1081.3617,427.0584,0.0,2.43015,2.511246,0.971205,30,216,96,2,0.20383968,0.00163983,-0.01249836,0E-8,0.000000,0.906607,0.000000,0.01775797,2026-03-22,2026-08-06,108,3621,2443,138,0.782609,1.360932,1.287360,0.679466,,,,,,,,GLOBAL_BASELINE_NO_ENTITY_RANKING,,,NOT_APPLICABLE_GLOBAL_BASELINE,HF9g-P5,,,,X 全窗基线 · 不参与实体赏罚,14198367,1420,A168_HF9F_20260827_0900,2026-08-27 09:00:00
2026-04-29,57024343,1966,0,430.8951847463,409.3504255090,409.3504255090,1.0000000,1,1,0.50665070000000000,0.506650700000,0.9867858985152569,0.9867858985152569,0.9867858985152569,0E-17,ELIGIBLE,R03b_20260811_FULL_v1,L1_ELIGIBILITY,v2026-08-11,2026-03-21..2026-08-06,baccarat_bet02_101_all_pairs_incl_sentinel,round_win = game_pnl > 0 (decisive only),COMPATIBILITY_ONLY_NOT_PRODUCTION,4059548.3812,3680416.6879,6656.9809,9707,9692,-0.00163983,0.01249836,-0.00525961,-0.00163983,-6656.9809,4059548.3812,OK,0.0000,266.2792,4.0000,96.0000,AG03-UNRESOLVED,ALL5_LEVELS_bet23_to_bet27,266.2792,266.2792,266.2792,0.0000,0.0000,4.000000,4.000000,4.000000,0.000000,0.000000,96.000000,96.000000,96.000000,100.000000,100.000000,5.0,798.8377,767.3102,5858.1432,5889.6706,PENDING_AG03,FALSE,NOT_FOR_ENFORCEMENT,6390.7016,3533200.0204,6656.9809,6390.7016,266.2792,0.00163983,0.00157424,266.2792,6390.7016,0.00157424,266.2792,266.2792,266.2792,0.0000,0.0000,6390.7016,0.00157424,798.8377,767.3102,5858.1432,5889.6706,0.00144305,0.00145082,0.00006559,418.2083,379.7376,0.6869,61.6387,1.8384,37588.4109,89.7407,538.3845,395.5999,218.4789,430.6076,432.5446,432.5446,1046.441,1081.3617,427.0584,0.0,2.43015,2.511246,0.971205,30,216,96,2,0.20383968,0.00163983,-0.01249836,0E-8,0.000000,0.906607,0.000000,0.01775797,2026-03-22,2026-08-06,108,3621,2443,138,0.782609,1.360932,1.287360,0.679466,,,,,,,,GLOBAL_BASELINE_NO_ENTITY_RANKING,,,NOT_APPLICABLE_GLOBAL_BASELINE,HF9g-P5,,,,X 全窗基线 · 不参与实体赏罚,14198368,1420,A168_HF9F_20260827_0900,2026-08-27 09:00:00
2026-04-29,57024343,1985,0,430.8951847463,409.3504255090,409.3504255090,1.0000000,1,1,0.50665070000000000,0.506650700000,0.9867858985152569,0.9867858985152569,0.9867858985152569,0E-17,ELIGIBLE,R03b_20260811_FULL_v1,L1_ELIGIBILITY,v2026-08-11,2026-03-21..2026-08-06,baccarat_bet02_101_all_pairs_incl_sentinel,round_win = game_pnl > 0 (decisive only),COMPATIBILITY_ONLY_NOT_PRODUCTION,4059548.3812,3680416.6879,6656.9809,9707,9692,-0.00163983,0.01249836,-0.00525961,-0.00163983,-6656.9809,4059548.3812,OK,0.0000,266.2792,4.0000,96.0000,AG03-UNRESOLVED,ALL5_LEVELS_bet23_to_bet27,266.2792,266.2792,266.2792,0.0000,0.0000,4.000000,4.000000,4.000000,0.000000,0.000000,96.000000,96.000000,96.000000,100.000000,100.000000,5.0,798.8377,767.3102,5858.1432,5889.6706,PENDING_AG03,FALSE,NOT_FOR_ENFORCEMENT,6390.7016,3533200.0204,6656.9809,6390.7016,266.2792,0.00163983,0.00157424,266.2792,6390.7016,0.00157424,266.2792,266.2792,266.2792,0.0000,0.0000,6390.7016,0.00157424,798.8377,767.3102,5858.1432,5889.6706,0.00144305,0.00145082,0.00006559,418.2083,379.7376,0.6869,61.6387,1.8384,37588.4109,89.7407,538.3845,395.5999,218.4789,430.6076,432.5446,432.5446,1046.441,1081.3617,427.0584,0.0,2.43015,2.511246,0.971205,30,216,96,2,0.20383968,0.00163983,-0.01249836,0E-8,0.000000,0.906607,0.000000,0.01775797,2026-03-22,2026-08-06,108,3621,2443,138,0.782609,1.360932,1.287360,0.679466,,,,,,,,GLOBAL_BASELINE_NO_ENTITY_RANKING,,,NOT_APPLICABLE_GLOBAL_BASELINE,HF9g-P5,,,,X 全窗基线 · 不参与实体赏罚,14198369,1420,A168_HF9F_20260827_0900,2026-08-27 09:00:00
2026-04-29,57024343,2106,0,430.8951847463,0E-10,0E-10,,1,1,0.50665070000000000,0.506650700000,,,,0E-17,NO_DECISIVE_ROUND,R03b_20260811_FULL_v1,L1_ELIGIBILITY,v2026-08-11,2026-03-21..2026-08-06,baccarat_bet02_101_all_pairs_incl_sentinel,round_win = game_pnl > 0 (decisive only),COMPATIBILITY_ONLY_NOT_PRODUCTION,4059548.3812,3680416.6879,6656.9809,9707,9692,-0.00163983,0.01249836,-0.00525961,-0.00163983,-6656.9809,4059548.3812,OK,0.0000,266.2792,4.0000,96.0000,AG03-UNRESOLVED,ALL5_LEVELS_bet23_to_bet27,266.2792,266.2792,266.2792,0.0000,0.0000,4.000000,4.000000,4.000000,0.000000,0.000000,96.000000,96.000000,96.000000,100.000000,100.000000,5.0,798.8377,767.3102,5858.1432,5889.6706,PENDING_AG03,FALSE,NOT_FOR_ENFORCEMENT,6390.7016,3533200.0204,6656.9809,6390.7016,266.2792,0.00163983,0.00157424,266.2792,6390.7016,0.00157424,266.2792,266.2792,266.2792,0.0000,0.0000,6390.7016,0.00157424,798.8377,767.3102,5858.1432,5889.6706,0.00144305,0.00145082,0.00006559,418.2083,379.7376,0.6869,61.6387,1.8384,37588.4109,89.7407,538.3845,395.5999,218.4789,430.6076,432.5446,432.5446,1046.441,1081.3617,427.0584,0.0,2.43015,2.511246,0.971205,30,216,96,2,0.20383968,0.00163983,-0.01249836,0E-8,0.000000,0.906607,0.000000,0.01775797,2026-03-22,2026-08-06,108,3621,2443,138,0.782609,1.360932,1.287360,0.679466,,,,,,,,GLOBAL_BASELINE_NO_ENTITY_RANKING,,,NOT_APPLICABLE_GLOBAL_BASELINE,HF9g-P5,,,,X 全窗基线 · 不参与实体赏罚,14198370,1420,A168_HF9F_20260827_0900,2026-08-27 09:00:00
2026-04-29,57024343,2121,0,430.8951847463,409.3504255090,409.3504255090,1.0000000,1,1,0.50665070000000000,0.506650700000,0.9867858985152569,0.9867858985152569,0.9867858985152569,0E-17,ELIGIBLE,R03b_20260811_FULL_v1,L1_ELIGIBILITY,v2026-08-11,2026-03-21..2026-08-06,baccarat_bet02_101_all_pairs_incl_sentinel,round_win = game_pnl > 0 (decisive only),COMPATIBILITY_ONLY_NOT_PRODUCTION,4059548.3812,3680416.6879,6656.9809,9707,9692,-0.00163983,0.01249836,-0.00525961,-0.00163983,-6656.9809,4059548.3812,OK,0.0000,266.2792,4.0000,96.0000,AG03-UNRESOLVED,ALL5_LEVELS_bet23_to_bet27,266.2792,266.2792,266.2792,0.0000,0.0000,4.000000,4.000000,4.000000,0.000000,0.000000,96.000000,96.000000,96.000000,100.000000,100.000000,5.0,798.8377,767.3102,5858.1432,5889.6706,PENDING_AG03,FALSE,NOT_FOR_ENFORCEMENT,6390.7016,3533200.0204,6656.9809,6390.7016,266.2792,0.00163983,0.00157424,266.2792,6390.7016,0.00157424,266.2792,266.2792,266.2792,0.0000,0.0000,6390.7016,0.00157424,798.8377,767.3102,5858.1432,5889.6706,0.00144305,0.00145082,0.00006559,418.2083,379.7376,0.6869,61.6387,1.8384,37588.4109,89.7407,538.3845,395.5999,218.4789,430.6076,432.5446,432.5446,1046.441,1081.3617,427.0584,0.0,2.43015,2.511246,0.971205,30,216,96,2,0.20383968,0.00163983,-0.01249836,0E-8,0.000000,0.906607,0.000000,0.01775797,2026-03-22,2026-08-06,108,3621,2443,138,0.782609,1.360932,1.287360,0.679466,,,,,,,,GLOBAL_BASELINE_NO_ENTITY_RANKING,,,NOT_APPLICABLE_GLOBAL_BASELINE,HF9g-P5,,,,X 全窗基线 · 不参与实体赏罚,14198371,1420,A168_HF9F_20260827_0900,2026-08-27 09:00:00
2026-04-29,57024343,2123,0,430.8951847463,409.3504255090,409.3504255090,1.0000000,1,1,0.50665070000000000,0.506650700000,0.9867858985152569,0.9867858985152569,0.9867858985152569,0E-17,ELIGIBLE,R03b_20260811_FULL_v1,L1_ELIGIBILITY,v2026-08-11,2026-03-21..2026-08-06,baccarat_bet02_101_all_pairs_incl_sentinel,round_win = game_pnl > 0 (decisive only),COMPATIBILITY_ONLY_NOT_PRODUCTION,4059548.3812,3680416.6879,6656.9809,9707,9692,-0.00163983,0.01249836,-0.00525961,-0.00163983,-6656.9809,4059548.3812,OK,0.0000,266.2792,4.0000,96.0000,AG03-UNRESOLVED,ALL5_LEVELS_bet23_to_bet27,266.2792,266.2792,266.2792,0.0000,0.0000,4.000000,4.000000,4.000000,0.000000,0.000000,96.000000,96.000000,96.000000,100.000000,100.000000,5.0,798.8377,767.3102,5858.1432,5889.6706,PENDING_AG03,FALSE,NOT_FOR_ENFORCEMENT,6390.7016,3533200.0204,6656.9809,6390.7016,266.2792,0.00163983,0.00157424,266.2792,6390.7016,0.00157424,266.2792,266.2792,266.2792,0.0000,0.0000,6390.7016,0.00157424,798.8377,767.3102,5858.1432,5889.6706,0.00144305,0.00145082,0.00006559,418.2083,379.7376,0.6869,61.6387,1.8384,37588.4109,89.7407,538.3845,395.5999,218.4789,430.6076,432.5446,432.5446,1046.441,1081.3617,427.0584,0.0,2.43015,2.511246,0.971205,30,216,96,2,0.20383968,0.00163983,-0.01249836,0E-8,0.000000,0.906607,0.000000,0.01775797,2026-03-22,2026-08-06,108,3621,2443,138,0.782609,1.360932,1.287360,0.679466,,,,,,,,GLOBAL_BASELINE_NO_ENTITY_RANKING,,,NOT_APPLICABLE_GLOBAL_BASELINE,HF9g-P5,,,,X 全窗基线 · 不参与实体赏罚,14198372,1420,A168_HF9F_20260827_0900,2026-08-27 09:00:00
2026-04-29,57024343,2127,0,1077.2379618658,-236.9923516105,-236.9923516105,0.5000000,2,2,0.50665070000000000,0.506650700000,-0.018812684590367487,-0.018812684590367487,-0.018812684590367487,0E-17,ELIGIBLE,R03b_20260811_FULL_v1,L1_ELIGIBILITY,v2026-08-11,2026-03-21..2026-08-06,baccarat_bet02_101_all_pairs_incl_sentinel,round_win = game_pnl > 0 (decisive only),COMPATIBILITY_ONLY_NOT_PRODUCTION,4059548.3812,3680416.6879,6656.9809,9707,9692,-0.00163983,0.01249836,-0.00525961,-0.00163983,-6656.9809,4059548.3812,OK,0.0000,266.2792,4.0000,96.0000,AG03-UNRESOLVED,ALL5_LEVELS_bet23_to_bet27,266.2792,266.2792,266.2792,0.0000,0.0000,4.000000,4.000000,4.000000,0.000000,0.000000,96.000000,96.000000,96.000000,100.000000,100.000000,5.0,798.8377,767.3102,5858.1432,5889.6706,PENDING_AG03,FALSE,NOT_FOR_ENFORCEMENT,6390.7016,3533200.0204,6656.9809,6390.7016,266.2792,0.00163983,0.00157424,266.2792,6390.7016,0.00157424,266.2792,266.2792,266.2792,0.0000,0.0000,6390.7016,0.00157424,798.8377,767.3102,5858.1432,5889.6706,0.00144305,0.00145082,0.00006559,418.2083,379.7376,0.6869,61.6387,1.8384,37588.4109,89.7407,538.3845,395.5999,218.4789,430.6076,432.5446,432.5446,1046.441,1081.3617,427.0584,0.0,2.43015,2.511246,0.971205,30,216,96,2,0.20383968,0.00163983,-0.01249836,0E-8,0.000000,0.906607,0.000000,0.01775797,2026-03-22,2026-08-06,108,3621,2443,138,0.782609,1.360932,1.287360,0.679466,,,,,,,,GLOBAL_BASELINE_NO_ENTITY_RANKING,,,NOT_APPLICABLE_GLOBAL_BASELINE,HF9g-P5,,,,X 全窗基线 · 不参与实体赏罚,14198373,1420,A168_HF9F_20260827_0900,2026-08-27 09:00:00
2026-04-29,57024343,2145,0,861.7903694926,-21.5447592373,-21.5447592373,0.5000000,2,2,0.50665070000000000,0.506650700000,-0.018812684590367487,-0.018812684590367487,-0.018812684590367487,0E-17,ELIGIBLE,R03b_20260811_FULL_v1,L1_ELIGIBILITY,v2026-08-11,2026-03-21..2026-08-06,baccarat_bet02_101_all_pairs_incl_sentinel,round_win = game_pnl > 0 (decisive only),COMPATIBILITY_ONLY_NOT_PRODUCTION,4059548.3812,3680416.6879,6656.9809,9707,9692,-0.00163983,0.01249836,-0.00525961,-0.00163983,-6656.9809,4059548.3812,OK,0.0000,266.2792,4.0000,96.0000,AG03-UNRESOLVED,ALL5_LEVELS_bet23_to_bet27,266.2792,266.2792,266.2792,0.0000,0.0000,4.000000,4.000000,4.000000,0.000000,0.000000,96.000000,96.000000,96.000000,100.000000,100.000000,5.0,798.8377,767.3102,5858.1432,5889.6706,PENDING_AG03,FALSE,NOT_FOR_ENFORCEMENT,6390.7016,3533200.0204,6656.9809,6390.7016,266.2792,0.00163983,0.00157424,266.2792,6390.7016,0.00157424,266.2792,266.2792,266.2792,0.0000,0.0000,6390.7016,0.00157424,798.8377,767.3102,5858.1432,5889.6706,0.00144305,0.00145082,0.00006559,418.2083,379.7376,0.6869,61.6387,1.8384,37588.4109,89.7407,538.3845,395.5999,218.4789,430.6076,432.5446,432.5446,1046.441,1081.3617,427.0584,0.0,2.43015,2.511246,0.971205,30,216,96,2,0.20383968,0.00163983,-0.01249836,0E-8,0.000000,0.906607,0.000000,0.01775797,2026-03-22,2026-08-06,108,3621,2443,138,0.782609,1.360932,1.287360,0.679466,,,,,,,,GLOBAL_BASELINE_NO_ENTITY_RANKING,,,NOT_APPLICABLE_GLOBAL_BASELINE,HF9g-P5,,,,X 全窗基线 · 不参与实体赏罚,14198374,1420,A168_HF9F_20260827_0900,2026-08-27 09:00:00
2026-04-29,57024343,2147,0,430.8951847463,-430.8951847463,-430.8951847463,0E-7,1,1,0.50665070000000000,0.506650700000,-1.013391052207602,-1.013391052207602,-1.013391052207602,0E-17,ELIGIBLE,R03b_20260811_FULL_v1,L1_ELIGIBILITY,v2026-08-11,2026-03-21..2026-08-06,baccarat_bet02_101_all_pairs_incl_sentinel,round_win = game_pnl > 0 (decisive only),COMPATIBILITY_ONLY_NOT_PRODUCTION,4059548.3812,3680416.6879,6656.9809,9707,9692,-0.00163983,0.01249836,-0.00525961,-0.00163983,-6656.9809,4059548.3812,OK,0.0000,266.2792,4.0000,96.0000,AG03-UNRESOLVED,ALL5_LEVELS_bet23_to_bet27,266.2792,266.2792,266.2792,0.0000,0.0000,4.000000,4.000000,4.000000,0.000000,0.000000,96.000000,96.000000,96.000000,100.000000,100.000000,5.0,798.8377,767.3102,5858.1432,5889.6706,PENDING_AG03,FALSE,NOT_FOR_ENFORCEMENT,6390.7016,3533200.0204,6656.9809,6390.7016,266.2792,0.00163983,0.00157424,266.2792,6390.7016,0.00157424,266.2792,266.2792,266.2792,0.0000,0.0000,6390.7016,0.00157424,798.8377,767.3102,5858.1432,5889.6706,0.00144305,0.00145082,0.00006559,418.2083,379.7376,0.6869,61.6387,1.8384,37588.4109,89.7407,538.3845,395.5999,218.4789,430.6076,432.5446,432.5446,1046.441,1081.3617,427.0584,0.0,2.43015,2.511246,0.971205,30,216,96,2,0.20383968,0.00163983,-0.01249836,0E-8,0.000000,0.906607,0.000000,0.01775797,2026-03-22,2026-08-06,108,3621,2443,138,0.782609,1.360932,1.287360,0.679466,,,,,,,,GLOBAL_BASELINE_NO_ENTITY_RANKING,,,NOT_APPLICABLE_GLOBAL_BASELINE,HF9g-P5,,,,X 全窗基线 · 不参与实体赏罚,14198375,1420,A168_HF9F_20260827_0900,2026-08-27 09:00:00
2026-04-29,57024343,2155,0,430.8951847463,-430.8951847463,-430.8951847463,0E-7,1,1,0.49324550000000000,0.493245500000,-0.9865810262130424,-0.9865810262130424,-0.9865810262130424,0E-17,ELIGIBLE,R03b_20260811_FULL_v1,L1_ELIGIBILITY,v2026-08-11,2026-03-21..2026-08-06,baccarat_bet02_101_all_pairs_incl_sentinel,round_win = game_pnl > 0 (decisive only),COMPATIBILITY_ONLY_NOT_PRODUCTION,4059548.3812,3680416.6879,6656.9809,9707,9692,-0.00163983,0.01249836,-0.00525961,-0.00163983,-6656.9809,4059548.3812,OK,0.0000,266.2792,4.0000,96.0000,AG03-UNRESOLVED,ALL5_LEVELS_bet23_to_bet27,266.2792,266.2792,266.2792,0.0000,0.0000,4.000000,4.000000,4.000000,0.000000,0.000000,96.000000,96.000000,96.000000,100.000000,100.000000,5.0,798.8377,767.3102,5858.1432,5889.6706,PENDING_AG03,FALSE,NOT_FOR_ENFORCEMENT,6390.7016,3533200.0204,6656.9809,6390.7016,266.2792,0.00163983,0.00157424,266.2792,6390.7016,0.00157424,266.2792,266.2792,266.2792,0.0000,0.0000,6390.7016,0.00157424,798.8377,767.3102,5858.1432,5889.6706,0.00144305,0.00145082,0.00006559,418.2083,379.7376,0.6869,61.6387,1.8384,37588.4109,89.7407,538.3845,395.5999,218.4789,430.6076,432.5446,432.5446,1046.441,1081.3617,427.0584,0.0,2.43015,2.511246,0.971205,30,216,96,2,0.20383968,0.00163983,-0.01249836,0E-8,0.000000,0.906607,0.000000,0.01775797,2026-03-22,2026-08-06,108,3621,2443,138,0.782609,1.360932,1.287360,0.679466,,,,,,,,GLOBAL_BASELINE_NO_ENTITY_RANKING,,,NOT_APPLICABLE_GLOBAL_BASELINE,HF9g-P5,,,,X 全窗基线 · 不参与实体赏罚,14198376,1420,A168_HF9F_20260827_0900,2026-08-27 09:00:00
2026-04-29,57024343,2156,0,430.8951847463,0E-10,0E-10,,1,1,0.50665070000000000,0.506650700000,,,,0E-17,NO_DECISIVE_ROUND,R03b_20260811_FULL_v1,L1_ELIGIBILITY,v2026-08-11,2026-03-21..2026-08-06,baccarat_bet02_101_all_pairs_incl_sentinel,round_win = game_pnl > 0 (decisive only),COMPATIBILITY_ONLY_NOT_PRODUCTION,4059548.3812,3680416.6879,6656.9809,9707,9692,-0.00163983,0.01249836,-0.00525961,-0.00163983,-6656.9809,4059548.3812,OK,0.0000,266.2792,4.0000,96.0000,AG03-UNRESOLVED,ALL5_LEVELS_bet23_to_bet27,266.2792,266.2792,266.2792,0.0000,0.0000,4.000000,4.000000,4.000000,0.000000,0.000000,96.000000,96.000000,96.000000,100.000000,100.000000,5.0,798.8377,767.3102,5858.1432,5889.6706,PENDING_AG03,FALSE,NOT_FOR_ENFORCEMENT,6390.7016,3533200.0204,6656.9809,6390.7016,266.2792,0.00163983,0.00157424,266.2792,6390.7016,0.00157424,266.2792,266.2792,266.2792,0.0000,0.0000,6390.7016,0.00157424,798.8377,767.3102,5858.1432,5889.6706,0.00144305,0.00145082,0.00006559,418.2083,379.7376,0.6869,61.6387,1.8384,37588.4109,89.7407,538.3845,395.5999,218.4789,430.6076,432.5446,432.5446,1046.441,1081.3617,427.0584,0.0,2.43015,2.511246,0.971205,30,216,96,2,0.20383968,0.00163983,-0.01249836,0E-8,0.000000,0.906607,0.000000,0.01775797,2026-03-22,2026-08-06,108,3621,2443,138,0.782609,1.360932,1.287360,0.679466,,,,,,,,GLOBAL_BASELINE_NO_ENTITY_RANKING,,,NOT_APPLICABLE_GLOBAL_BASELINE,HF9g-P5,,,,X 全窗基线 · 不参与实体赏罚,14198377,1420,A168_HF9F_20260827_0900,2026-08-27 09:00:00
2026-04-29,57024343,2175,0,861.7903694926,-21.5447592373,-21.5447592373,0.5000000,2,2,0.50665070000000000,0.506650700000,-0.018812684590367487,-0.018812684590367487,-0.018812684590367487,0E-17,ELIGIBLE,R03b_20260811_FULL_v1,L1_ELIGIBILITY,v2026-08-11,2026-03-21..2026-08-06,baccarat_bet02_101_all_pairs_incl_sentinel,round_win = game_pnl > 0 (decisive only),COMPATIBILITY_ONLY_NOT_PRODUCTION,4059548.3812,3680416.6879,6656.9809,9707,9692,-0.00163983,0.01249836,-0.00525961,-0.00163983,-6656.9809,4059548.3812,OK,0.0000,266.2792,4.0000,96.0000,AG03-UNRESOLVED,ALL5_LEVELS_bet23_to_bet27,266.2792,266.2792,266.2792,0.0000,0.0000,4.000000,4.000000,4.000000,0.000000,0.000000,96.000000,96.000000,96.000000,100.000000,100.000000,5.0,798.8377,767.3102,5858.1432,5889.6706,PENDING_AG03,FALSE,NOT_FOR_ENFORCEMENT,6390.7016,3533200.0204,6656.9809,6390.7016,266.2792,0.00163983,0.00157424,266.2792,6390.7016,0.00157424,266.2792,266.2792,266.2792,0.0000,0.0000,6390.7016,0.00157424,798.8377,767.3102,5858.1432,5889.6706,0.00144305,0.00145082,0.00006559,418.2083,379.7376,0.6869,61.6387,1.8384,37588.4109,89.7407,538.3845,395.5999,218.4789,430.6076,432.5446,432.5446,1046.441,1081.3617,427.0584,0.0,2.43015,2.511246,0.971205,30,216,96,2,0.20383968,0.00163983,-0.01249836,0E-8,0.000000,0.906607,0.000000,0.01775797,2026-03-22,2026-08-06,108,3621,2443,138,0.782609,1.360932,1.287360,0.679466,,,,,,,,GLOBAL_BASELINE_NO_ENTITY_RANKING,,,NOT_APPLICABLE_GLOBAL_BASELINE,HF9g-P5,,,,X 全窗基线 · 不参与实体赏罚,14198378,1420,A168_HF9F_20260827_0900,2026-08-27 09:00:00
2026-04-29,57024343,2222,0,430.8951847463,409.3504255090,409.3504255090,1.0000000,1,1,0.50665070000000000,0.506650700000,0.9867858985152569,0.9867858985152569,0.9867858985152569,0E-17,ELIGIBLE,R03b_20260811_FULL_v1,L1_ELIGIBILITY,v2026-08-11,2026-03-21..2026-08-06,baccarat_bet02_101_all_pairs_incl_sentinel,round_win = game_pnl > 0 (decisive only),COMPATIBILITY_ONLY_NOT_PRODUCTION,4059548.3812,3680416.6879,6656.9809,9707,9692,-0.00163983,0.01249836,-0.00525961,-0.00163983,-6656.9809,4059548.3812,OK,0.0000,266.2792,4.0000,96.0000,AG03-UNRESOLVED,ALL5_LEVELS_bet23_to_bet27,266.2792,266.2792,266.2792,0.0000,0.0000,4.000000,4.000000,4.000000,0.000000,0.000000,96.000000,96.000000,96.000000,100.000000,100.000000,5.0,798.8377,767.3102,5858.1432,5889.6706,PENDING_AG03,FALSE,NOT_FOR_ENFORCEMENT,6390.7016,3533200.0204,6656.9809,6390.7016,266.2792,0.00163983,0.00157424,266.2792,6390.7016,0.00157424,266.2792,266.2792,266.2792,0.0000,0.0000,6390.7016,0.00157424,798.8377,767.3102,5858.1432,5889.6706,0.00144305,0.00145082,0.00006559,418.2083,379.7376,0.6869,61.6387,1.8384,37588.4109,89.7407,538.3845,395.5999,218.4789,430.6076,432.5446,432.5446,1046.441,1081.3617,427.0584,0.0,2.43015,2.511246,0.971205,30,216,96,2,0.20383968,0.00163983,-0.01249836,0E-8,0.000000,0.906607,0.000000,0.01775797,2026-03-22,2026-08-06,108,3621,2443,138,0.782609,1.360932,1.287360,0.679466,,,,,,,,GLOBAL_BASELINE_NO_ENTITY_RANKING,,,NOT_APPLICABLE_GLOBAL_BASELINE,HF9g-P5,,,,X 全窗基线 · 不参与实体赏罚,14198379,1420,A168_HF9F_20260827_0900,2026-08-27 09:00:00
2026-04-29,57024343,2246,0,861.7903694926,-430.8951847463,-430.8951847463,0E-7,2,2,0.50665070000000000,0.506650700000,-1.013391052207602,-1.013391052207602,-1.013391052207602,0E-17,ELIGIBLE,R03b_20260811_FULL_v1,L1_ELIGIBILITY,v2026-08-11,2026-03-21..2026-08-06,baccarat_bet02_101_all_pairs_incl_sentinel,round_win = game_pnl > 0 (decisive only),COMPATIBILITY_ONLY_NOT_PRODUCTION,4059548.3812,3680416.6879,6656.9809,9707,9692,-0.00163983,0.01249836,-0.00525961,-0.00163983,-6656.9809,4059548.3812,OK,0.0000,266.2792,4.0000,96.0000,AG03-UNRESOLVED,ALL5_LEVELS_bet23_to_bet27,266.2792,266.2792,266.2792,0.0000,0.0000,4.000000,4.000000,4.000000,0.000000,0.000000,96.000000,96.000000,96.000000,100.000000,100.000000,5.0,798.8377,767.3102,5858.1432,5889.6706,PENDING_AG03,FALSE,NOT_FOR_ENFORCEMENT,6390.7016,3533200.0204,6656.9809,6390.7016,266.2792,0.00163983,0.00157424,266.2792,6390.7016,0.00157424,266.2792,266.2792,266.2792,0.0000,0.0000,6390.7016,0.00157424,798.8377,767.3102,5858.1432,5889.6706,0.00144305,0.00145082,0.00006559,418.2083,379.7376,0.6869,61.6387,1.8384,37588.4109,89.7407,538.3845,395.5999,218.4789,430.6076,432.5446,432.5446,1046.441,1081.3617,427.0584,0.0,2.43015,2.511246,0.971205,30,216,96,2,0.20383968,0.00163983,-0.01249836,0E-8,0.000000,0.906607,0.000000,0.01775797,2026-03-22,2026-08-06,108,3621,2443,138,0.782609,1.360932,1.287360,0.679466,,,,,,,,GLOBAL_BASELINE_NO_ENTITY_RANKING,,,NOT_APPLICABLE_GLOBAL_BASELINE,HF9g-P5,,,,X 全窗基线 · 不参与实体赏罚,14198380,1420,A168_HF9F_20260827_0900,2026-08-27 09:00:00
2026-04-29,57024343,2251,0,1292.6855542389,-452.4399439836,-452.4399439836,0.3333333,3,3,0.50665070000000000,0.506650700000,-0.6004420894325239,-0.6004420894325239,-0.6004420894325239,0E-17,ELIGIBLE,R03b_20260811_FULL_v1,L1_ELIGIBILITY,v2026-08-11,2026-03-21..2026-08-06,baccarat_bet02_101_all_pairs_incl_sentinel,round_win = game_pnl > 0 (decisive only),COMPATIBILITY_ONLY_NOT_PRODUCTION,4059548.3812,3680416.6879,6656.9809,9707,9692,-0.00163983,0.01249836,-0.00525961,-0.00163983,-6656.9809,4059548.3812,OK,0.0000,266.2792,4.0000,96.0000,AG03-UNRESOLVED,ALL5_LEVELS_bet23_to_bet27,266.2792,266.2792,266.2792,0.0000,0.0000,4.000000,4.000000,4.000000,0.000000,0.000000,96.000000,96.000000,96.000000,100.000000,100.000000,5.0,798.8377,767.3102,5858.1432,5889.6706,PENDING_AG03,FALSE,NOT_FOR_ENFORCEMENT,6390.7016,3533200.0204,6656.9809,6390.7016,266.2792,0.00163983,0.00157424,266.2792,6390.7016,0.00157424,266.2792,266.2792,266.2792,0.0000,0.0000,6390.7016,0.00157424,798.8377,767.3102,5858.1432,5889.6706,0.00144305,0.00145082,0.00006559,418.2083,379.7376,0.6869,61.6387,1.8384,37588.4109,89.7407,538.3845,395.5999,218.4789,430.6076,432.5446,432.5446,1046.441,1081.3617,427.0584,0.0,2.43015,2.511246,0.971205,30,216,96,2,0.20383968,0.00163983,-0.01249836,0E-8,0.000000,0.906607,0.000000,0.01775797,2026-03-22,2026-08-06,108,3621,2443,138,0.782609,1.360932,1.287360,0.679466,,,,,,,,GLOBAL_BASELINE_NO_ENTITY_RANKING,,,NOT_APPLICABLE_GLOBAL_BASELINE,HF9g-P5,,,,X 全窗基线 · 不参与实体赏罚,14198381,1420,A168_HF9F_20260827_0900,2026-08-27 09:00:00
2026-04-29,57024343,462,0,430.8951847463,409.3504255090,409.3504255090,1.0000000,1,1,0.50665070000000000,0.506650700000,0.9867858985152569,0.9867858985152569,0.9867858985152569,0E-17,ELIGIBLE,R03b_20260811_FULL_v1,L1_ELIGIBILITY,v2026-08-11,2026-03-21..2026-08-06,baccarat_bet02_101_all_pairs_incl_sentinel,round_win = game_pnl > 0 (decisive only),COMPATIBILITY_ONLY_NOT_PRODUCTION,4059548.3812,3680416.6879,6656.9809,9707,9692,-0.00163983,0.01249836,-0.00525961,-0.00163983,-6656.9809,4059548.3812,OK,0.0000,266.2792,4.0000,96.0000,AG03-UNRESOLVED,ALL5_LEVELS_bet23_to_bet27,266.2792,266.2792,266.2792,0.0000,0.0000,4.000000,4.000000,4.000000,0.000000,0.000000,96.000000,96.000000,96.000000,100.000000,100.000000,5.0,798.8377,767.3102,5858.1432,5889.6706,PENDING_AG03,FALSE,NOT_FOR_ENFORCEMENT,6390.7016,3533200.0204,6656.9809,6390.7016,266.2792,0.00163983,0.00157424,266.2792,6390.7016,0.00157424,266.2792,266.2792,266.2792,0.0000,0.0000,6390.7016,0.00157424,798.8377,767.3102,5858.1432,5889.6706,0.00144305,0.00145082,0.00006559,418.2083,379.7376,0.6869,61.6387,1.8384,37588.4109,89.7407,538.3845,395.5999,218.4789,430.6076,432.5446,432.5446,1046.441,1081.3617,427.0584,0.0,2.43015,2.511246,0.971205,30,216,96,2,0.20383968,0.00163983,-0.01249836,0E-8,0.000000,0.906607,0.000000,0.01775797,2026-03-22,2026-08-06,108,3621,2443,138,0.782609,1.360932,1.287360,0.679466,,,,,,,,GLOBAL_BASELINE_NO_ENTITY_RANKING,,,NOT_APPLICABLE_GLOBAL_BASELINE,HF9g-P5,,,,X 全窗基线 · 不参与实体赏罚,14198382,1420,A168_HF9F_20260827_0900,2026-08-27 09:00:00
2026-04-29,57024343,595,0,430.8951847463,-430.8951847463,-430.8951847463,0E-7,1,1,0.50665070000000000,0.506650700000,-1.013391052207602,-1.013391052207602,-1.013391052207602,0E-17,ELIGIBLE,R03b_20260811_FULL_v1,L1_ELIGIBILITY,v2026-08-11,2026-03-21..2026-08-06,baccarat_bet02_101_all_pairs_incl_sentinel,round_win = game_pnl > 0 (decisive only),COMPATIBILITY_ONLY_NOT_PRODUCTION,4059548.3812,3680416.6879,6656.9809,9707,9692,-0.00163983,0.01249836,-0.00525961,-0.00163983,-6656.9809,4059548.3812,OK,0.0000,266.2792,4.0000,96.0000,AG03-UNRESOLVED,ALL5_LEVELS_bet23_to_bet27,266.2792,266.2792,266.2792,0.0000,0.0000,4.000000,4.000000,4.000000,0.000000,0.000000,96.000000,96.000000,96.000000,100.000000,100.000000,5.0,798.8377,767.3102,5858.1432,5889.6706,PENDING_AG03,FALSE,NOT_FOR_ENFORCEMENT,6390.7016,3533200.0204,6656.9809,6390.7016,266.2792,0.00163983,0.00157424,266.2792,6390.7016,0.00157424,266.2792,266.2792,266.2792,0.0000,0.0000,6390.7016,0.00157424,798.8377,767.3102,5858.1432,5889.6706,0.00144305,0.00145082,0.00006559,418.2083,379.7376,0.6869,61.6387,1.8384,37588.4109,89.7407,538.3845,395.5999,218.4789,430.6076,432.5446,432.5446,1046.441,1081.3617,427.0584,0.0,2.43015,2.511246,0.971205,30,216,96,2,0.20383968,0.00163983,-0.01249836,0E-8,0.000000,0.906607,0.000000,0.01775797,2026-03-22,2026-08-06,108,3621,2443,138,0.782609,1.360932,1.287360,0.679466,,,,,,,,GLOBAL_BASELINE_NO_ENTITY_RANKING,,,NOT_APPLICABLE_GLOBAL_BASELINE,HF9g-P5,,,,X 全窗基线 · 不参与实体赏罚,14198383,1420,A168_HF9F_20260827_0900,2026-08-27 09:00:00
2026-04-29,57024343,772,0,430.8951847463,0E-10,0E-10,,1,1,0.49324550000000000,0.493245500000,,,,0E-17,NO_DECISIVE_ROUND,R03b_20260811_FULL_v1,L1_ELIGIBILITY,v2026-08-11,2026-03-21..2026-08-06,baccarat_bet02_101_all_pairs_incl_sentinel,round_win = game_pnl > 0 (decisive only),COMPATIBILITY_ONLY_NOT_PRODUCTION,4059548.3812,3680416.6879,6656.9809,9707,9692,-0.00163983,0.01249836,-0.00525961,-0.00163983,-6656.9809,4059548.3812,OK,0.0000,266.2792,4.0000,96.0000,AG03-UNRESOLVED,ALL5_LEVELS_bet23_to_bet27,266.2792,266.2792,266.2792,0.0000,0.0000,4.000000,4.000000,4.000000,0.000000,0.000000,96.000000,96.000000,96.000000,100.000000,100.000000,5.0,798.8377,767.3102,5858.1432,5889.6706,PENDING_AG03,FALSE,NOT_FOR_ENFORCEMENT,6390.7016,3533200.0204,6656.9809,6390.7016,266.2792,0.00163983,0.00157424,266.2792,6390.7016,0.00157424,266.2792,266.2792,266.2792,0.0000,0.0000,6390.7016,0.00157424,798.8377,767.3102,5858.1432,5889.6706,0.00144305,0.00145082,0.00006559,418.2083,379.7376,0.6869,61.6387,1.8384,37588.4109,89.7407,538.3845,395.5999,218.4789,430.6076,432.5446,432.5446,1046.441,1081.3617,427.0584,0.0,2.43015,2.511246,0.971205,30,216,96,2,0.20383968,0.00163983,-0.01249836,0E-8,0.000000,0.906607,0.000000,0.01775797,2026-03-22,2026-08-06,108,3621,2443,138,0.782609,1.360932,1.287360,0.679466,,,,,,,,GLOBAL_BASELINE_NO_ENTITY_RANKING,,,NOT_APPLICABLE_GLOBAL_BASELINE,HF9g-P5,,,,X 全窗基线 · 不参与实体赏罚,14198384,1420,A168_HF9F_20260827_0900,2026-08-27 09:00:00
2026-04-29,57024343,789,0,430.8951847463,409.3504255090,409.3504255090,1.0000000,1,1,0.50665070000000000,0.506650700000,0.9867858985152569,0.9867858985152569,0.9867858985152569,0E-17,ELIGIBLE,R03b_20260811_FULL_v1,L1_ELIGIBILITY,v2026-08-11,2026-03-21..2026-08-06,baccarat_bet02_101_all_pairs_incl_sentinel,round_win = game_pnl > 0 (decisive only),COMPATIBILITY_ONLY_NOT_PRODUCTION,4059548.3812,3680416.6879,6656.9809,9707,9692,-0.00163983,0.01249836,-0.00525961,-0.00163983,-6656.9809,4059548.3812,OK,0.0000,266.2792,4.0000,96.0000,AG03-UNRESOLVED,ALL5_LEVELS_bet23_to_bet27,266.2792,266.2792,266.2792,0.0000,0.0000,4.000000,4.000000,4.000000,0.000000,0.000000,96.000000,96.000000,96.000000,100.000000,100.000000,5.0,798.8377,767.3102,5858.1432,5889.6706,PENDING_AG03,FALSE,NOT_FOR_ENFORCEMENT,6390.7016,3533200.0204,6656.9809,6390.7016,266.2792,0.00163983,0.00157424,266.2792,6390.7016,0.00157424,266.2792,266.2792,266.2792,0.0000,0.0000,6390.7016,0.00157424,798.8377,767.3102,5858.1432,5889.6706,0.00144305,0.00145082,0.00006559,418.2083,379.7376,0.6869,61.6387,1.8384,37588.4109,89.7407,538.3845,395.5999,218.4789,430.6076,432.5446,432.5446,1046.441,1081.3617,427.0584,0.0,2.43015,2.511246,0.971205,30,216,96,2,0.20383968,0.00163983,-0.01249836,0E-8,0.000000,0.906607,0.000000,0.01775797,2026-03-22,2026-08-06,108,3621,2443,138,0.782609,1.360932,1.287360,0.679466,,,,,,,,GLOBAL_BASELINE_NO_ENTITY_RANKING,,,NOT_APPLICABLE_GLOBAL_BASELINE,HF9g-P5,,,,X 全窗基线 · 不参与实体赏罚,14198385,1420,A168_HF9F_20260827_0900,2026-08-27 09:00:00
2026-04-29,57024343,796,0,430.8951847463,409.3504255090,409.3504255090,1.0000000,1,1,0.50665070000000000,0.506650700000,0.9867858985152569,0.9867858985152569,0.9867858985152569,0E-17,ELIGIBLE,R03b_20260811_FULL_v1,L1_ELIGIBILITY,v2026-08-11,2026-03-21..2026-08-06,baccarat_bet02_101_all_pairs_incl_sentinel,round_win = game_pnl > 0 (decisive only),COMPATIBILITY_ONLY_NOT_PRODUCTION,4059548.3812,3680416.6879,6656.9809,9707,9692,-0.00163983,0.01249836,-0.00525961,-0.00163983,-6656.9809,4059548.3812,OK,0.0000,266.2792,4.0000,96.0000,AG03-UNRESOLVED,ALL5_LEVELS_bet23_to_bet27,266.2792,266.2792,266.2792,0.0000,0.0000,4.000000,4.000000,4.000000,0.000000,0.000000,96.000000,96.000000,96.000000,100.000000,100.000000,5.0,798.8377,767.3102,5858.1432,5889.6706,PENDING_AG03,FALSE,NOT_FOR_ENFORCEMENT,6390.7016,3533200.0204,6656.9809,6390.7016,266.2792,0.00163983,0.00157424,266.2792,6390.7016,0.00157424,266.2792,266.2792,266.2792,0.0000,0.0000,6390.7016,0.00157424,798.8377,767.3102,5858.1432,5889.6706,0.00144305,0.00145082,0.00006559,418.2083,379.7376,0.6869,61.6387,1.8384,37588.4109,89.7407,538.3845,395.5999,218.4789,430.6076,432.5446,432.5446,1046.441,1081.3617,427.0584,0.0,2.43015,2.511246,0.971205,30,216,96,2,0.20383968,0.00163983,-0.01249836,0E-8,0.000000,0.906607,0.000000,0.01775797,2026-03-22,2026-08-06,108,3621,2443,138,0.782609,1.360932,1.287360,0.679466,,,,,,,,GLOBAL_BASELINE_NO_ENTITY_RANKING,,,NOT_APPLICABLE_GLOBAL_BASELINE,HF9g-P5,,,,X 全窗基线 · 不参与实体赏罚,14198386,1420,A168_HF9F_20260827_0900,2026-08-27 09:00:00
2026-04-29,57024343,919,0,861.7903694926,-21.5447592373,-21.5447592373,0.5000000,2,2,0.50665070000000000,0.506650700000,-0.018812684590367487,-0.018812684590367487,-0.018812684590367487,0E-17,ELIGIBLE,R03b_20260811_FULL_v1,L1_ELIGIBILITY,v2026-08-11,2026-03-21..2026-08-06,baccarat_bet02_101_all_pairs_incl_sentinel,round_win = game_pnl > 0 (decisive only),COMPATIBILITY_ONLY_NOT_PRODUCTION,4059548.3812,3680416.6879,6656.9809,9707,9692,-0.00163983,0.01249836,-0.00525961,-0.00163983,-6656.9809,4059548.3812,OK,0.0000,266.2792,4.0000,96.0000,AG03-UNRESOLVED,ALL5_LEVELS_bet23_to_bet27,266.2792,266.2792,266.2792,0.0000,0.0000,4.000000,4.000000,4.000000,0.000000,0.000000,96.000000,96.000000,96.000000,100.000000,100.000000,5.0,798.8377,767.3102,5858.1432,5889.6706,PENDING_AG03,FALSE,NOT_FOR_ENFORCEMENT,6390.7016,3533200.0204,6656.9809,6390.7016,266.2792,0.00163983,0.00157424,266.2792,6390.7016,0.00157424,266.2792,266.2792,266.2792,0.0000,0.0000,6390.7016,0.00157424,798.8377,767.3102,5858.1432,5889.6706,0.00144305,0.00145082,0.00006559,418.2083,379.7376,0.6869,61.6387,1.8384,37588.4109,89.7407,538.3845,395.5999,218.4789,430.6076,432.5446,432.5446,1046.441,1081.3617,427.0584,0.0,2.43015,2.511246,0.971205,30,216,96,2,0.20383968,0.00163983,-0.01249836,0E-8,0.000000,0.906607,0.000000,0.01775797,2026-03-22,2026-08-06,108,3621,2443,138,0.782609,1.360932,1.287360,0.679466,,,,,,,,GLOBAL_BASELINE_NO_ENTITY_RANKING,,,NOT_APPLICABLE_GLOBAL_BASELINE,HF9g-P5,,,,X 全窗基线 · 不参与实体赏罚,14198387,1420,A168_HF9F_20260827_0900,2026-08-27 09:00:00
2026-04-30,57024343,-1,1,6894.3229559408,1120.3274803405,1120.3274803405,0.6000000,16,16,0.50581287500000000,0.505812875000,0.7296196417592606,0.7296196417592606,0.7296196417592606,0E-17,SENTINEL_DEALER,R03b_20260811_FULL_v1,L1_ELIGIBILITY,v2026-08-11,2026-03-21..2026-08-06,baccarat_bet02_101_all_pairs_incl_sentinel,round_win = game_pnl > 0 (decisive only),COMPATIBILITY_ONLY_NOT_PRODUCTION,4059548.3812,3680416.6879,6656.9809,9707,9692,-0.00163983,0.01249836,-0.00525961,-0.00163983,-6656.9809,4059548.3812,OK,0.0000,266.2792,4.0000,96.0000,AG03-UNRESOLVED,ALL5_LEVELS_bet23_to_bet27,266.2792,266.2792,266.2792,0.0000,0.0000,4.000000,4.000000,4.000000,0.000000,0.000000,96.000000,96.000000,96.000000,100.000000,100.000000,5.0,798.8377,767.3102,5858.1432,5889.6706,PENDING_AG03,FALSE,NOT_FOR_ENFORCEMENT,6390.7016,3533200.0204,6656.9809,6390.7016,266.2792,0.00163983,0.00157424,266.2792,6390.7016,0.00157424,266.2792,266.2792,266.2792,0.0000,0.0000,6390.7016,0.00157424,798.8377,767.3102,5858.1432,5889.6706,0.00144305,0.00145082,0.00006559,418.2083,379.7376,0.6869,61.6387,1.8384,37588.4109,89.7407,538.3845,395.5999,218.4789,430.6076,432.5446,432.5446,1046.441,1081.3617,427.0584,0.0,2.43015,2.511246,0.971205,30,216,96,2,0.20383968,0.00163983,-0.01249836,0E-8,0.000000,0.906607,0.000000,0.01775797,2026-03-22,2026-08-06,108,3621,2443,138,0.782609,1.360932,1.287360,0.679466,,,,,,,,GLOBAL_BASELINE_NO_ENTITY_RANKING,,,NOT_APPLICABLE_GLOBAL_BASELINE,HF9g-P5,,,,X 全窗基线 · 不参与实体赏罚,14198388,1420,A168_HF9F_20260827_0900,2026-08-27 09:00:00
2026-04-30,57024343,1078,0,430.8951847463,409.3504255090,409.3504255090,1.0000000,1,1,0.50665070000000000,0.506650700000,0.9867858985152569,0.9867858985152569,0.9867858985152569,0E-17,ELIGIBLE,R03b_20260811_FULL_v1,L1_ELIGIBILITY,v2026-08-11,2026-03-21..2026-08-06,baccarat_bet02_101_all_pairs_incl_sentinel,round_win = game_pnl > 0 (decisive only),COMPATIBILITY_ONLY_NOT_PRODUCTION,4059548.3812,3680416.6879,6656.9809,9707,9692,-0.00163983,0.01249836,-0.00525961,-0.00163983,-6656.9809,4059548.3812,OK,0.0000,266.2792,4.0000,96.0000,AG03-UNRESOLVED,ALL5_LEVELS_bet23_to_bet27,266.2792,266.2792,266.2792,0.0000,0.0000,4.000000,4.000000,4.000000,0.000000,0.000000,96.000000,96.000000,96.000000,100.000000,100.000000,5.0,798.8377,767.3102,5858.1432,5889.6706,PENDING_AG03,FALSE,NOT_FOR_ENFORCEMENT,6390.7016,3533200.0204,6656.9809,6390.7016,266.2792,0.00163983,0.00157424,266.2792,6390.7016,0.00157424,266.2792,266.2792,266.2792,0.0000,0.0000,6390.7016,0.00157424,798.8377,767.3102,5858.1432,5889.6706,0.00144305,0.00145082,0.00006559,418.2083,379.7376,0.6869,61.6387,1.8384,37588.4109,89.7407,538.3845,395.5999,218.4789,430.6076,432.5446,432.5446,1046.441,1081.3617,427.0584,0.0,2.43015,2.511246,0.971205,30,216,96,2,0.20383968,0.00163983,-0.01249836,0E-8,0.000000,0.906607,0.000000,0.01775797,2026-03-22,2026-08-06,108,3621,2443,138,0.782609,1.360932,1.287360,0.679466,,,,,,,,GLOBAL_BASELINE_NO_ENTITY_RANKING,,,NOT_APPLICABLE_GLOBAL_BASELINE,HF9g-P5,,,,X 全窗基线 · 不参与实体赏罚,14198389,1420,A168_HF9F_20260827_0900,2026-08-27 09:00:00
2026-04-30,57024343,1115,0,861.7903694926,818.7008510180,818.7008510180,1.0000000,2,2,0.50665070000000000,0.506650700000,1.3955260008387969,1.3955260008387969,1.3955260008387969,0E-17,ELIGIBLE,R03b_20260811_FULL_v1,L1_ELIGIBILITY,v2026-08-11,2026-03-21..2026-08-06,baccarat_bet02_101_all_pairs_incl_sentinel,round_win = game_pnl > 0 (decisive only),COMPATIBILITY_ONLY_NOT_PRODUCTION,4059548.3812,3680416.6879,6656.9809,9707,9692,-0.00163983,0.01249836,-0.00525961,-0.00163983,-6656.9809,4059548.3812,OK,0.0000,266.2792,4.0000,96.0000,AG03-UNRESOLVED,ALL5_LEVELS_bet23_to_bet27,266.2792,266.2792,266.2792,0.0000,0.0000,4.000000,4.000000,4.000000,0.000000,0.000000,96.000000,96.000000,96.000000,100.000000,100.000000,5.0,798.8377,767.3102,5858.1432,5889.6706,PENDING_AG03,FALSE,NOT_FOR_ENFORCEMENT,6390.7016,3533200.0204,6656.9809,6390.7016,266.2792,0.00163983,0.00157424,266.2792,6390.7016,0.00157424,266.2792,266.2792,266.2792,0.0000,0.0000,6390.7016,0.00157424,798.8377,767.3102,5858.1432,5889.6706,0.00144305,0.00145082,0.00006559,418.2083,379.7376,0.6869,61.6387,1.8384,37588.4109,89.7407,538.3845,395.5999,218.4789,430.6076,432.5446,432.5446,1046.441,1081.3617,427.0584,0.0,2.43015,2.511246,0.971205,30,216,96,2,0.20383968,0.00163983,-0.01249836,0E-8,0.000000,0.906607,0.000000,0.01775797,2026-03-22,2026-08-06,108,3621,2443,138,0.782609,1.360932,1.287360,0.679466,,,,,,,,GLOBAL_BASELINE_NO_ENTITY_RANKING,,,NOT_APPLICABLE_GLOBAL_BASELINE,HF9g-P5,,,,X 全窗基线 · 不参与实体赏罚,14198390,1420,A168_HF9F_20260827_0900,2026-08-27 09:00:00
2026-04-30,57024343,1157,0,861.7903694926,-21.5447592373,-21.5447592373,0.5000000,2,2,0.50665070000000000,0.506650700000,-0.018812684590367487,-0.018812684590367487,-0.018812684590367487,0E-17,ELIGIBLE,R03b_20260811_FULL_v1,L1_ELIGIBILITY,v2026-08-11,2026-03-21..2026-08-06,baccarat_bet02_101_all_pairs_incl_sentinel,round_win = game_pnl > 0 (decisive only),COMPATIBILITY_ONLY_NOT_PRODUCTION,4059548.3812,3680416.6879,6656.9809,9707,9692,-0.00163983,0.01249836,-0.00525961,-0.00163983,-6656.9809,4059548.3812,OK,0.0000,266.2792,4.0000,96.0000,AG03-UNRESOLVED,ALL5_LEVELS_bet23_to_bet27,266.2792,266.2792,266.2792,0.0000,0.0000,4.000000,4.000000,4.000000,0.000000,0.000000,96.000000,96.000000,96.000000,100.000000,100.000000,5.0,798.8377,767.3102,5858.1432,5889.6706,PENDING_AG03,FALSE,NOT_FOR_ENFORCEMENT,6390.7016,3533200.0204,6656.9809,6390.7016,266.2792,0.00163983,0.00157424,266.2792,6390.7016,0.00157424,266.2792,266.2792,266.2792,0.0000,0.0000,6390.7016,0.00157424,798.8377,767.3102,5858.1432,5889.6706,0.00144305,0.00145082,0.00006559,418.2083,379.7376,0.6869,61.6387,1.8384,37588.4109,89.7407,538.3845,395.5999,218.4789,430.6076,432.5446,432.5446,1046.441,1081.3617,427.0584,0.0,2.43015,2.511246,0.971205,30,216,96,2,0.20383968,0.00163983,-0.01249836,0E-8,0.000000,0.906607,0.000000,0.01775797,2026-03-22,2026-08-06,108,3621,2443,138,0.782609,1.360932,1.287360,0.679466,,,,,,,,GLOBAL_BASELINE_NO_ENTITY_RANKING,,,NOT_APPLICABLE_GLOBAL_BASELINE,HF9g-P5,,,,X 全窗基线 · 不参与实体赏罚,14198391,1420,A168_HF9F_20260827_0900,2026-08-27 09:00:00
2026-04-30,57024343,1299,0,861.7903694926,-21.5447592373,-21.5447592373,0.5000000,2,2,0.50665070000000000,0.506650700000,-0.018812684590367487,-0.018812684590367487,-0.018812684590367487,0E-17,ELIGIBLE,R03b_20260811_FULL_v1,L1_ELIGIBILITY,v2026-08-11,2026-03-21..2026-08-06,baccarat_bet02_101_all_pairs_incl_sentinel,round_win = game_pnl > 0 (decisive only),COMPATIBILITY_ONLY_NOT_PRODUCTION,4059548.3812,3680416.6879,6656.9809,9707,9692,-0.00163983,0.01249836,-0.00525961,-0.00163983,-6656.9809,4059548.3812,OK,0.0000,266.2792,4.0000,96.0000,AG03-UNRESOLVED,ALL5_LEVELS_bet23_to_bet27,266.2792,266.2792,266.2792,0.0000,0.0000,4.000000,4.000000,4.000000,0.000000,0.000000,96.000000,96.000000,96.000000,100.000000,100.000000,5.0,798.8377,767.3102,5858.1432,5889.6706,PENDING_AG03,FALSE,NOT_FOR_ENFORCEMENT,6390.7016,3533200.0204,6656.9809,6390.7016,266.2792,0.00163983,0.00157424,266.2792,6390.7016,0.00157424,266.2792,266.2792,266.2792,0.0000,0.0000,6390.7016,0.00157424,798.8377,767.3102,5858.1432,5889.6706,0.00144305,0.00145082,0.00006559,418.2083,379.7376,0.6869,61.6387,1.8384,37588.4109,89.7407,538.3845,395.5999,218.4789,430.6076,432.5446,432.5446,1046.441,1081.3617,427.0584,0.0,2.43015,2.511246,0.971205,30,216,96,2,0.20383968,0.00163983,-0.01249836,0E-8,0.000000,0.906607,0.000000,0.01775797,2026-03-22,2026-08-06,108,3621,2443,138,0.782609,1.360932,1.287360,0.679466,,,,,,,,GLOBAL_BASELINE_NO_ENTITY_RANKING,,,NOT_APPLICABLE_GLOBAL_BASELINE,HF9g-P5,,,,X 全窗基线 · 不参与实体赏罚,14198392,1420,A168_HF9F_20260827_0900,2026-08-27 09:00:00
2026-04-30,57024343,1304,0,1292.6855542389,-1292.6855542389,-1292.6855542389,0E-7,3,3,0.50665070000000000,0.506650700000,-1.7552447903592512,-1.7552447903592512,-1.7552447903592512,0E-17,ELIGIBLE,R03b_20260811_FULL_v1,L1_ELIGIBILITY,v2026-08-11,2026-03-21..2026-08-06,baccarat_bet02_101_all_pairs_incl_sentinel,round_win = game_pnl > 0 (decisive only),COMPATIBILITY_ONLY_NOT_PRODUCTION,4059548.3812,3680416.6879,6656.9809,9707,9692,-0.00163983,0.01249836,-0.00525961,-0.00163983,-6656.9809,4059548.3812,OK,0.0000,266.2792,4.0000,96.0000,AG03-UNRESOLVED,ALL5_LEVELS_bet23_to_bet27,266.2792,266.2792,266.2792,0.0000,0.0000,4.000000,4.000000,4.000000,0.000000,0.000000,96.000000,96.000000,96.000000,100.000000,100.000000,5.0,798.8377,767.3102,5858.1432,5889.6706,PENDING_AG03,FALSE,NOT_FOR_ENFORCEMENT,6390.7016,3533200.0204,6656.9809,6390.7016,266.2792,0.00163983,0.00157424,266.2792,6390.7016,0.00157424,266.2792,266.2792,266.2792,0.0000,0.0000,6390.7016,0.00157424,798.8377,767.3102,5858.1432,5889.6706,0.00144305,0.00145082,0.00006559,418.2083,379.7376,0.6869,61.6387,1.8384,37588.4109,89.7407,538.3845,395.5999,218.4789,430.6076,432.5446,432.5446,1046.441,1081.3617,427.0584,0.0,2.43015,2.511246,0.971205,30,216,96,2,0.20383968,0.00163983,-0.01249836,0E-8,0.000000,0.906607,0.000000,0.01775797,2026-03-22,2026-08-06,108,3621,2443,138,0.782609,1.360932,1.287360,0.679466,,,,,,,,GLOBAL_BASELINE_NO_ENTITY_RANKING,,,NOT_APPLICABLE_GLOBAL_BASELINE,HF9g-P5,,,,X 全窗基线 · 不参与实体赏罚,14198393,1420,A168_HF9F_20260827_0900,2026-08-27 09:00:00
2026-04-30,57024343,1318,0,861.7903694926,409.3504255090,409.3504255090,1.0000000,2,2,0.50665070000000000,0.506650700000,0.9867858985152569,0.9867858985152569,0.9867858985152569,0E-17,ELIGIBLE,R03b_20260811_FULL_v1,L1_ELIGIBILITY,v2026-08-11,2026-03-21..2026-08-06,baccarat_bet02_101_all_pairs_incl_sentinel,round_win = game_pnl > 0 (decisive only),COMPATIBILITY_ONLY_NOT_PRODUCTION,4059548.3812,3680416.6879,6656.9809,9707,9692,-0.00163983,0.01249836,-0.00525961,-0.00163983,-6656.9809,4059548.3812,OK,0.0000,266.2792,4.0000,96.0000,AG03-UNRESOLVED,ALL5_LEVELS_bet23_to_bet27,266.2792,266.2792,266.2792,0.0000,0.0000,4.000000,4.000000,4.000000,0.000000,0.000000,96.000000,96.000000,96.000000,100.000000,100.000000,5.0,798.8377,767.3102,5858.1432,5889.6706,PENDING_AG03,FALSE,NOT_FOR_ENFORCEMENT,6390.7016,3533200.0204,6656.9809,6390.7016,266.2792,0.00163983,0.00157424,266.2792,6390.7016,0.00157424,266.2792,266.2792,266.2792,0.0000,0.0000,6390.7016,0.00157424,798.8377,767.3102,5858.1432,5889.6706,0.00144305,0.00145082,0.00006559,418.2083,379.7376,0.6869,61.6387,1.8384,37588.4109,89.7407,538.3845,395.5999,218.4789,430.6076,432.5446,432.5446,1046.441,1081.3617,427.0584,0.0,2.43015,2.511246,0.971205,30,216,96,2,0.20383968,0.00163983,-0.01249836,0E-8,0.000000,0.906607,0.000000,0.01775797,2026-03-22,2026-08-06,108,3621,2443,138,0.782609,1.360932,1.287360,0.679466,,,,,,,,GLOBAL_BASELINE_NO_ENTITY_RANKING,,,NOT_APPLICABLE_GLOBAL_BASELINE,HF9g-P5,,,,X 全窗基线 · 不参与实体赏罚,14198394,1420,A168_HF9F_20260827_0900,2026-08-27 09:00:00
2026-04-30,57024343,1363,0,1292.6855542389,-452.4399439836,-452.4399439836,0.3333333,3,3,0.50218230000000000,0.502182300000,-0.5849155494134425,-0.5849155494134426,-0.5849155494134425,0E-17,ELIGIBLE,R03b_20260811_FULL_v1,L1_ELIGIBILITY,v2026-08-11,2026-03-21..2026-08-06,baccarat_bet02_101_all_pairs_incl_sentinel,round_win = game_pnl > 0 (decisive only),COMPATIBILITY_ONLY_NOT_PRODUCTION,4059548.3812,3680416.6879,6656.9809,9707,9692,-0.00163983,0.01249836,-0.00525961,-0.00163983,-6656.9809,4059548.3812,OK,0.0000,266.2792,4.0000,96.0000,AG03-UNRESOLVED,ALL5_LEVELS_bet23_to_bet27,266.2792,266.2792,266.2792,0.0000,0.0000,4.000000,4.000000,4.000000,0.000000,0.000000,96.000000,96.000000,96.000000,100.000000,100.000000,5.0,798.8377,767.3102,5858.1432,5889.6706,PENDING_AG03,FALSE,NOT_FOR_ENFORCEMENT,6390.7016,3533200.0204,6656.9809,6390.7016,266.2792,0.00163983,0.00157424,266.2792,6390.7016,0.00157424,266.2792,266.2792,266.2792,0.0000,0.0000,6390.7016,0.00157424,798.8377,767.3102,5858.1432,5889.6706,0.00144305,0.00145082,0.00006559,418.2083,379.7376,0.6869,61.6387,1.8384,37588.4109,89.7407,538.3845,395.5999,218.4789,430.6076,432.5446,432.5446,1046.441,1081.3617,427.0584,0.0,2.43015,2.511246,0.971205,30,216,96,2,0.20383968,0.00163983,-0.01249836,0E-8,0.000000,0.906607,0.000000,0.01775797,2026-03-22,2026-08-06,108,3621,2443,138,0.782609,1.360932,1.287360,0.679466,,,,,,,,GLOBAL_BASELINE_NO_ENTITY_RANKING,,,NOT_APPLICABLE_GLOBAL_BASELINE,HF9g-P5,,,,X 全窗基线 · 不参与实体赏罚,14198395,1420,A168_HF9F_20260827_0900,2026-08-27 09:00:00
2026-04-30,57024343,1402,0,430.8951847463,409.3504255090,409.3504255090,1.0000000,1,1,0.50665070000000000,0.506650700000,0.9867858985152569,0.9867858985152569,0.9867858985152569,0E-17,ELIGIBLE,R03b_20260811_FULL_v1,L1_ELIGIBILITY,v2026-08-11,2026-03-21..2026-08-06,baccarat_bet02_101_all_pairs_incl_sentinel,round_win = game_pnl > 0 (decisive only),COMPATIBILITY_ONLY_NOT_PRODUCTION,4059548.3812,3680416.6879,6656.9809,9707,9692,-0.00163983,0.01249836,-0.00525961,-0.00163983,-6656.9809,4059548.3812,OK,0.0000,266.2792,4.0000,96.0000,AG03-UNRESOLVED,ALL5_LEVELS_bet23_to_bet27,266.2792,266.2792,266.2792,0.0000,0.0000,4.000000,4.000000,4.000000,0.000000,0.000000,96.000000,96.000000,96.000000,100.000000,100.000000,5.0,798.8377,767.3102,5858.1432,5889.6706,PENDING_AG03,FALSE,NOT_FOR_ENFORCEMENT,6390.7016,3533200.0204,6656.9809,6390.7016,266.2792,0.00163983,0.00157424,266.2792,6390.7016,0.00157424,266.2792,266.2792,266.2792,0.0000,0.0000,6390.7016,0.00157424,798.8377,767.3102,5858.1432,5889.6706,0.00144305,0.00145082,0.00006559,418.2083,379.7376,0.6869,61.6387,1.8384,37588.4109,89.7407,538.3845,395.5999,218.4789,430.6076,432.5446,432.5446,1046.441,1081.3617,427.0584,0.0,2.43015,2.511246,0.971205,30,216,96,2,0.20383968,0.00163983,-0.01249836,0E-8,0.000000,0.906607,0.000000,0.01775797,2026-03-22,2026-08-06,108,3621,2443,138,0.782609,1.360932,1.287360,0.679466,,,,,,,,GLOBAL_BASELINE_NO_ENTITY_RANKING,,,NOT_APPLICABLE_GLOBAL_BASELINE,HF9g-P5,,,,X 全窗基线 · 不参与实体赏罚,14198396,1420,A168_HF9F_20260827_0900,2026-08-27 09:00:00
2026-04-30,57024343,1505,0,2154.4759237315,-452.4399439836,-452.4399439836,0.4000000,5,5,0.50128862000000000,0.501288620000,-0.4529779837142727,-0.4529779837142727,-0.4529779837142727,0E-17,ELIGIBLE,R03b_20260811_FULL_v1,L1_ELIGIBILITY,v2026-08-11,2026-03-21..2026-08-06,baccarat_bet02_101_all_pairs_incl_sentinel,round_win = game_pnl > 0 (decisive only),COMPATIBILITY_ONLY_NOT_PRODUCTION,4059548.3812,3680416.6879,6656.9809,9707,9692,-0.00163983,0.01249836,-0.00525961,-0.00163983,-6656.9809,4059548.3812,OK,0.0000,266.2792,4.0000,96.0000,AG03-UNRESOLVED,ALL5_LEVELS_bet23_to_bet27,266.2792,266.2792,266.2792,0.0000,0.0000,4.000000,4.000000,4.000000,0.000000,0.000000,96.000000,96.000000,96.000000,100.000000,100.000000,5.0,798.8377,767.3102,5858.1432,5889.6706,PENDING_AG03,FALSE,NOT_FOR_ENFORCEMENT,6390.7016,3533200.0204,6656.9809,6390.7016,266.2792,0.00163983,0.00157424,266.2792,6390.7016,0.00157424,266.2792,266.2792,266.2792,0.0000,0.0000,6390.7016,0.00157424,798.8377,767.3102,5858.1432,5889.6706,0.00144305,0.00145082,0.00006559,418.2083,379.7376,0.6869,61.6387,1.8384,37588.4109,89.7407,538.3845,395.5999,218.4789,430.6076,432.5446,432.5446,1046.441,1081.3617,427.0584,0.0,2.43015,2.511246,0.971205,30,216,96,2,0.20383968,0.00163983,-0.01249836,0E-8,0.000000,0.906607,0.000000,0.01775797,2026-03-22,2026-08-06,108,3621,2443,138,0.782609,1.360932,1.287360,0.679466,,,,,,,,GLOBAL_BASELINE_NO_ENTITY_RANKING,,,NOT_APPLICABLE_GLOBAL_BASELINE,HF9g-P5,,,,X 全窗基线 · 不参与实体赏罚,14198397,1420,A168_HF9F_20260827_0900,2026-08-27 09:00:00
2026-04-30,57024343,1509,0,430.8951847463,-430.8951847463,-430.8951847463,0E-7,1,1,0.50665070000000000,0.506650700000,-1.013391052207602,-1.013391052207602,-1.013391052207602,0E-17,ELIGIBLE,R03b_20260811_FULL_v1,L1_ELIGIBILITY,v2026-08-11,2026-03-21..2026-08-06,baccarat_bet02_101_all_pairs_incl_sentinel,round_win = game_pnl > 0 (decisive only),COMPATIBILITY_ONLY_NOT_PRODUCTION,4059548.3812,3680416.6879,6656.9809,9707,9692,-0.00163983,0.01249836,-0.00525961,-0.00163983,-6656.9809,4059548.3812,OK,0.0000,266.2792,4.0000,96.0000,AG03-UNRESOLVED,ALL5_LEVELS_bet23_to_bet27,266.2792,266.2792,266.2792,0.0000,0.0000,4.000000,4.000000,4.000000,0.000000,0.000000,96.000000,96.000000,96.000000,100.000000,100.000000,5.0,798.8377,767.3102,5858.1432,5889.6706,PENDING_AG03,FALSE,NOT_FOR_ENFORCEMENT,6390.7016,3533200.0204,6656.9809,6390.7016,266.2792,0.00163983,0.00157424,266.2792,6390.7016,0.00157424,266.2792,266.2792,266.2792,0.0000,0.0000,6390.7016,0.00157424,798.8377,767.3102,5858.1432,5889.6706,0.00144305,0.00145082,0.00006559,418.2083,379.7376,0.6869,61.6387,1.8384,37588.4109,89.7407,538.3845,395.5999,218.4789,430.6076,432.5446,432.5446,1046.441,1081.3617,427.0584,0.0,2.43015,2.511246,0.971205,30,216,96,2,0.20383968,0.00163983,-0.01249836,0E-8,0.000000,0.906607,0.000000,0.01775797,2026-03-22,2026-08-06,108,3621,2443,138,0.782609,1.360932,1.287360,0.679466,,,,,,,,GLOBAL_BASELINE_NO_ENTITY_RANKING,,,NOT_APPLICABLE_GLOBAL_BASELINE,HF9g-P5,,,,X 全窗基线 · 不参与实体赏罚,14198398,1420,A168_HF9F_20260827_0900,2026-08-27 09:00:00
2026-04-30,57024343,1702,0,1723.5807389852,-883.3351287299,-883.3351287299,0.2500000,4,4,0.50329940000000000,0.503299400000,-1.013219660140378,-1.013219660140378,-1.013219660140378,0E-17,ELIGIBLE,R03b_20260811_FULL_v1,L1_ELIGIBILITY,v2026-08-11,2026-03-21..2026-08-06,baccarat_bet02_101_all_pairs_incl_sentinel,round_win = game_pnl > 0 (decisive only),COMPATIBILITY_ONLY_NOT_PRODUCTION,4059548.3812,3680416.6879,6656.9809,9707,9692,-0.00163983,0.01249836,-0.00525961,-0.00163983,-6656.9809,4059548.3812,OK,0.0000,266.2792,4.0000,96.0000,AG03-UNRESOLVED,ALL5_LEVELS_bet23_to_bet27,266.2792,266.2792,266.2792,0.0000,0.0000,4.000000,4.000000,4.000000,0.000000,0.000000,96.000000,96.000000,96.000000,100.000000,100.000000,5.0,798.8377,767.3102,5858.1432,5889.6706,PENDING_AG03,FALSE,NOT_FOR_ENFORCEMENT,6390.7016,3533200.0204,6656.9809,6390.7016,266.2792,0.00163983,0.00157424,266.2792,6390.7016,0.00157424,266.2792,266.2792,266.2792,0.0000,0.0000,6390.7016,0.00157424,798.8377,767.3102,5858.1432,5889.6706,0.00144305,0.00145082,0.00006559,418.2083,379.7376,0.6869,61.6387,1.8384,37588.4109,89.7407,538.3845,395.5999,218.4789,430.6076,432.5446,432.5446,1046.441,1081.3617,427.0584,0.0,2.43015,2.511246,0.971205,30,216,96,2,0.20383968,0.00163983,-0.01249836,0E-8,0.000000,0.906607,0.000000,0.01775797,2026-03-22,2026-08-06,108,3621,2443,138,0.782609,1.360932,1.287360,0.679466,,,,,,,,GLOBAL_BASELINE_NO_ENTITY_RANKING,,,NOT_APPLICABLE_GLOBAL_BASELINE,HF9g-P5,,,,X 全窗基线 · 不参与实体赏罚,14198399,1420,A168_HF9F_20260827_0900,2026-08-27 09:00:00
2026-04-30,57024343,1704,0,1292.6855542389,387.8056662717,387.8056662717,0.6666667,3,3,0.50665070000000000,0.506650700000,0.5543606114942035,0.5543606114942035,0.5543606114942035,0E-17,ELIGIBLE,R03b_20260811_FULL_v1,L1_ELIGIBILITY,v2026-08-11,2026-03-21..2026-08-06,baccarat_bet02_101_all_pairs_incl_sentinel,round_win = game_pnl > 0 (decisive only),COMPATIBILITY_ONLY_NOT_PRODUCTION,4059548.3812,3680416.6879,6656.9809,9707,9692,-0.00163983,0.01249836,-0.00525961,-0.00163983,-6656.9809,4059548.3812,OK,0.0000,266.2792,4.0000,96.0000,AG03-UNRESOLVED,ALL5_LEVELS_bet23_to_bet27,266.2792,266.2792,266.2792,0.0000,0.0000,4.000000,4.000000,4.000000,0.000000,0.000000,96.000000,96.000000,96.000000,100.000000,100.000000,5.0,798.8377,767.3102,5858.1432,5889.6706,PENDING_AG03,FALSE,NOT_FOR_ENFORCEMENT,6390.7016,3533200.0204,6656.9809,6390.7016,266.2792,0.00163983,0.00157424,266.2792,6390.7016,0.00157424,266.2792,266.2792,266.2792,0.0000,0.0000,6390.7016,0.00157424,798.8377,767.3102,5858.1432,5889.6706,0.00144305,0.00145082,0.00006559,418.2083,379.7376,0.6869,61.6387,1.8384,37588.4109,89.7407,538.3845,395.5999,218.4789,430.6076,432.5446,432.5446,1046.441,1081.3617,427.0584,0.0,2.43015,2.511246,0.971205,30,216,96,2,0.20383968,0.00163983,-0.01249836,0E-8,0.000000,0.906607,0.000000,0.01775797,2026-03-22,2026-08-06,108,3621,2443,138,0.782609,1.360932,1.287360,0.679466,,,,,,,,GLOBAL_BASELINE_NO_ENTITY_RANKING,,,NOT_APPLICABLE_GLOBAL_BASELINE,HF9g-P5,,,,X 全窗基线 · 不参与实体赏罚,14198400,1420,A168_HF9F_20260827_0900,2026-08-27 09:00:00
2026-04-30,57024343,1710,0,861.7903694926,-21.5447592373,-21.5447592373,0.5000000,2,2,0.50665070000000000,0.506650700000,-0.018812684590367487,-0.018812684590367487,-0.018812684590367487,0E-17,ELIGIBLE,R03b_20260811_FULL_v1,L1_ELIGIBILITY,v2026-08-11,2026-03-21..2026-08-06,baccarat_bet02_101_all_pairs_incl_sentinel,round_win = game_pnl > 0 (decisive only),COMPATIBILITY_ONLY_NOT_PRODUCTION,4059548.3812,3680416.6879,6656.9809,9707,9692,-0.00163983,0.01249836,-0.00525961,-0.00163983,-6656.9809,4059548.3812,OK,0.0000,266.2792,4.0000,96.0000,AG03-UNRESOLVED,ALL5_LEVELS_bet23_to_bet27,266.2792,266.2792,266.2792,0.0000,0.0000,4.000000,4.000000,4.000000,0.000000,0.000000,96.000000,96.000000,96.000000,100.000000,100.000000,5.0,798.8377,767.3102,5858.1432,5889.6706,PENDING_AG03,FALSE,NOT_FOR_ENFORCEMENT,6390.7016,3533200.0204,6656.9809,6390.7016,266.2792,0.00163983,0.00157424,266.2792,6390.7016,0.00157424,266.2792,266.2792,266.2792,0.0000,0.0000,6390.7016,0.00157424,798.8377,767.3102,5858.1432,5889.6706,0.00144305,0.00145082,0.00006559,418.2083,379.7376,0.6869,61.6387,1.8384,37588.4109,89.7407,538.3845,395.5999,218.4789,430.6076,432.5446,432.5446,1046.441,1081.3617,427.0584,0.0,2.43015,2.511246,0.971205,30,216,96,2,0.20383968,0.00163983,-0.01249836,0E-8,0.000000,0.906607,0.000000,0.01775797,2026-03-22,2026-08-06,108,3621,2443,138,0.782609,1.360932,1.287360,0.679466,,,,,,,,GLOBAL_BASELINE_NO_ENTITY_RANKING,,,NOT_APPLICABLE_GLOBAL_BASELINE,HF9g-P5,,,,X 全窗基线 · 不参与实体赏罚,14198401,1420,A168_HF9F_20260827_0900,2026-08-27 09:00:00
2026-04-30,57024343,1935,0,861.7903694926,-21.5447592373,-21.5447592373,0.5000000,2,2,0.50665070000000000,0.506650700000,-0.018812684590367487,-0.018812684590367487,-0.018812684590367487,0E-17,ELIGIBLE,R03b_20260811_FULL_v1,L1_ELIGIBILITY,v2026-08-11,2026-03-21..2026-08-06,baccarat_bet02_101_all_pairs_incl_sentinel,round_win = game_pnl > 0 (decisive only),COMPATIBILITY_ONLY_NOT_PRODUCTION,4059548.3812,3680416.6879,6656.9809,9707,9692,-0.00163983,0.01249836,-0.00525961,-0.00163983,-6656.9809,4059548.3812,OK,0.0000,266.2792,4.0000,96.0000,AG03-UNRESOLVED,ALL5_LEVELS_bet23_to_bet27,266.2792,266.2792,266.2792,0.0000,0.0000,4.000000,4.000000,4.000000,0.000000,0.000000,96.000000,96.000000,96.000000,100.000000,100.000000,5.0,798.8377,767.3102,5858.1432,5889.6706,PENDING_AG03,FALSE,NOT_FOR_ENFORCEMENT,6390.7016,3533200.0204,6656.9809,6390.7016,266.2792,0.00163983,0.00157424,266.2792,6390.7016,0.00157424,266.2792,266.2792,266.2792,0.0000,0.0000,6390.7016,0.00157424,798.8377,767.3102,5858.1432,5889.6706,0.00144305,0.00145082,0.00006559,418.2083,379.7376,0.6869,61.6387,1.8384,37588.4109,89.7407,538.3845,395.5999,218.4789,430.6076,432.5446,432.5446,1046.441,1081.3617,427.0584,0.0,2.43015,2.511246,0.971205,30,216,96,2,0.20383968,0.00163983,-0.01249836,0E-8,0.000000,0.906607,0.000000,0.01775797,2026-03-22,2026-08-06,108,3621,2443,138,0.782609,1.360932,1.287360,0.679466,,,,,,,,GLOBAL_BASELINE_NO_ENTITY_RANKING,,,NOT_APPLICABLE_GLOBAL_BASELINE,HF9g-P5,,,,X 全窗基线 · 不参与实体赏罚,14198402,1420,A168_HF9F_20260827_0900,2026-08-27 09:00:00
2026-04-30,57024343,1940,0,430.8951847463,-430.8951847463,-430.8951847463,0E-7,1,1,0.50665070000000000,0.506650700000,-1.013391052207602,-1.013391052207602,-1.013391052207602,0E-17,ELIGIBLE,R03b_20260811_FULL_v1,L1_ELIGIBILITY,v2026-08-11,2026-03-21..2026-08-06,baccarat_bet02_101_all_pairs_incl_sentinel,round_win = game_pnl > 0 (decisive only),COMPATIBILITY_ONLY_NOT_PRODUCTION,4059548.3812,3680416.6879,6656.9809,9707,9692,-0.00163983,0.01249836,-0.00525961,-0.00163983,-6656.9809,4059548.3812,OK,0.0000,266.2792,4.0000,96.0000,AG03-UNRESOLVED,ALL5_LEVELS_bet23_to_bet27,266.2792,266.2792,266.2792,0.0000,0.0000,4.000000,4.000000,4.000000,0.000000,0.000000,96.000000,96.000000,96.000000,100.000000,100.000000,5.0,798.8377,767.3102,5858.1432,5889.6706,PENDING_AG03,FALSE,NOT_FOR_ENFORCEMENT,6390.7016,3533200.0204,6656.9809,6390.7016,266.2792,0.00163983,0.00157424,266.2792,6390.7016,0.00157424,266.2792,266.2792,266.2792,0.0000,0.0000,6390.7016,0.00157424,798.8377,767.3102,5858.1432,5889.6706,0.00144305,0.00145082,0.00006559,418.2083,379.7376,0.6869,61.6387,1.8384,37588.4109,89.7407,538.3845,395.5999,218.4789,430.6076,432.5446,432.5446,1046.441,1081.3617,427.0584,0.0,2.43015,2.511246,0.971205,30,216,96,2,0.20383968,0.00163983,-0.01249836,0E-8,0.000000,0.906607,0.000000,0.01775797,2026-03-22,2026-08-06,108,3621,2443,138,0.782609,1.360932,1.287360,0.679466,,,,,,,,GLOBAL_BASELINE_NO_ENTITY_RANKING,,,NOT_APPLICABLE_GLOBAL_BASELINE,HF9g-P5,,,,X 全窗基线 · 不参与实体赏罚,14198403,1420,A168_HF9F_20260827_0900,2026-08-27 09:00:00
2026-04-30,57024343,1966,0,861.7903694926,-861.7903694926,-861.7903694926,0E-7,2,2,0.50665070000000000,0.506650700000,-1.4331513700195317,-1.4331513700195317,-1.4331513700195317,0E-17,ELIGIBLE,R03b_20260811_FULL_v1,L1_ELIGIBILITY,v2026-08-11,2026-03-21..2026-08-06,baccarat_bet02_101_all_pairs_incl_sentinel,round_win = game_pnl > 0 (decisive only),COMPATIBILITY_ONLY_NOT_PRODUCTION,4059548.3812,3680416.6879,6656.9809,9707,9692,-0.00163983,0.01249836,-0.00525961,-0.00163983,-6656.9809,4059548.3812,OK,0.0000,266.2792,4.0000,96.0000,AG03-UNRESOLVED,ALL5_LEVELS_bet23_to_bet27,266.2792,266.2792,266.2792,0.0000,0.0000,4.000000,4.000000,4.000000,0.000000,0.000000,96.000000,96.000000,96.000000,100.000000,100.000000,5.0,798.8377,767.3102,5858.1432,5889.6706,PENDING_AG03,FALSE,NOT_FOR_ENFORCEMENT,6390.7016,3533200.0204,6656.9809,6390.7016,266.2792,0.00163983,0.00157424,266.2792,6390.7016,0.00157424,266.2792,266.2792,266.2792,0.0000,0.0000,6390.7016,0.00157424,798.8377,767.3102,5858.1432,5889.6706,0.00144305,0.00145082,0.00006559,418.2083,379.7376,0.6869,61.6387,1.8384,37588.4109,89.7407,538.3845,395.5999,218.4789,430.6076,432.5446,432.5446,1046.441,1081.3617,427.0584,0.0,2.43015,2.511246,0.971205,30,216,96,2,0.20383968,0.00163983,-0.01249836,0E-8,0.000000,0.906607,0.000000,0.01775797,2026-03-22,2026-08-06,108,3621,2443,138,0.782609,1.360932,1.287360,0.679466,,,,,,,,GLOBAL_BASELINE_NO_ENTITY_RANKING,,,NOT_APPLICABLE_GLOBAL_BASELINE,HF9g-P5,,,,X 全窗基线 · 不参与实体赏罚,14198404,1420,A168_HF9F_20260827_0900,2026-08-27 09:00:00
2026-04-30,57024343,2117,0,430.8951847463,409.3504255090,409.3504255090,1.0000000,1,1,0.50665070000000000,0.506650700000,0.9867858985152569,0.9867858985152569,0.9867858985152569,0E-17,ELIGIBLE,R03b_20260811_FULL_v1,L1_ELIGIBILITY,v2026-08-11,2026-03-21..2026-08-06,baccarat_bet02_101_all_pairs_incl_sentinel,round_win = game_pnl > 0 (decisive only),COMPATIBILITY_ONLY_NOT_PRODUCTION,4059548.3812,3680416.6879,6656.9809,9707,9692,-0.00163983,0.01249836,-0.00525961,-0.00163983,-6656.9809,4059548.3812,OK,0.0000,266.2792,4.0000,96.0000,AG03-UNRESOLVED,ALL5_LEVELS_bet23_to_bet27,266.2792,266.2792,266.2792,0.0000,0.0000,4.000000,4.000000,4.000000,0.000000,0.000000,96.000000,96.000000,96.000000,100.000000,100.000000,5.0,798.8377,767.3102,5858.1432,5889.6706,PENDING_AG03,FALSE,NOT_FOR_ENFORCEMENT,6390.7016,3533200.0204,6656.9809,6390.7016,266.2792,0.00163983,0.00157424,266.2792,6390.7016,0.00157424,266.2792,266.2792,266.2792,0.0000,0.0000,6390.7016,0.00157424,798.8377,767.3102,5858.1432,5889.6706,0.00144305,0.00145082,0.00006559,418.2083,379.7376,0.6869,61.6387,1.8384,37588.4109,89.7407,538.3845,395.5999,218.4789,430.6076,432.5446,432.5446,1046.441,1081.3617,427.0584,0.0,2.43015,2.511246,0.971205,30,216,96,2,0.20383968,0.00163983,-0.01249836,0E-8,0.000000,0.906607,0.000000,0.01775797,2026-03-22,2026-08-06,108,3621,2443,138,0.782609,1.360932,1.287360,0.679466,,,,,,,,GLOBAL_BASELINE_NO_ENTITY_RANKING,,,NOT_APPLICABLE_GLOBAL_BASELINE,HF9g-P5,,,,X 全窗基线 · 不参与实体赏罚,14198405,1420,A168_HF9F_20260827_0900,2026-08-27 09:00:00
2026-04-30,57024343,2123,0,2154.4759237315,-452.4399439836,-452.4399439836,0.3333333,5,5,0.50665070000000000,0.506650700000,-0.6004420894325239,-0.6004420894325239,-0.6004420894325239,0E-17,ELIGIBLE,R03b_20260811_FULL_v1,L1_ELIGIBILITY,v2026-08-11,2026-03-21..2026-08-06,baccarat_bet02_101_all_pairs_incl_sentinel,round_win = game_pnl > 0 (decisive only),COMPATIBILITY_ONLY_NOT_PRODUCTION,4059548.3812,3680416.6879,6656.9809,9707,9692,-0.00163983,0.01249836,-0.00525961,-0.00163983,-6656.9809,4059548.3812,OK,0.0000,266.2792,4.0000,96.0000,AG03-UNRESOLVED,ALL5_LEVELS_bet23_to_bet27,266.2792,266.2792,266.2792,0.0000,0.0000,4.000000,4.000000,4.000000,0.000000,0.000000,96.000000,96.000000,96.000000,100.000000,100.000000,5.0,798.8377,767.3102,5858.1432,5889.6706,PENDING_AG03,FALSE,NOT_FOR_ENFORCEMENT,6390.7016,3533200.0204,6656.9809,6390.7016,266.2792,0.00163983,0.00157424,266.2792,6390.7016,0.00157424,266.2792,266.2792,266.2792,0.0000,0.0000,6390.7016,0.00157424,798.8377,767.3102,5858.1432,5889.6706,0.00144305,0.00145082,0.00006559,418.2083,379.7376,0.6869,61.6387,1.8384,37588.4109,89.7407,538.3845,395.5999,218.4789,430.6076,432.5446,432.5446,1046.441,1081.3617,427.0584,0.0,2.43015,2.511246,0.971205,30,216,96,2,0.20383968,0.00163983,-0.01249836,0E-8,0.000000,0.906607,0.000000,0.01775797,2026-03-22,2026-08-06,108,3621,2443,138,0.782609,1.360932,1.287360,0.679466,,,,,,,,GLOBAL_BASELINE_NO_ENTITY_RANKING,,,NOT_APPLICABLE_GLOBAL_BASELINE,HF9g-P5,,,,X 全窗基线 · 不参与实体赏罚,14198406,1420,A168_HF9F_20260827_0900,2026-08-27 09:00:00
2026-04-30,57024343,2127,0,430.8951847463,-430.8951847463,-430.8951847463,0E-7,1,1,0.50665070000000000,0.506650700000,-1.013391052207602,-1.013391052207602,-1.013391052207602,0E-17,ELIGIBLE,R03b_20260811_FULL_v1,L1_ELIGIBILITY,v2026-08-11,2026-03-21..2026-08-06,baccarat_bet02_101_all_pairs_incl_sentinel,round_win = game_pnl > 0 (decisive only),COMPATIBILITY_ONLY_NOT_PRODUCTION,4059548.3812,3680416.6879,6656.9809,9707,9692,-0.00163983,0.01249836,-0.00525961,-0.00163983,-6656.9809,4059548.3812,OK,0.0000,266.2792,4.0000,96.0000,AG03-UNRESOLVED,ALL5_LEVELS_bet23_to_bet27,266.2792,266.2792,266.2792,0.0000,0.0000,4.000000,4.000000,4.000000,0.000000,0.000000,96.000000,96.000000,96.000000,100.000000,100.000000,5.0,798.8377,767.3102,5858.1432,5889.6706,PENDING_AG03,FALSE,NOT_FOR_ENFORCEMENT,6390.7016,3533200.0204,6656.9809,6390.7016,266.2792,0.00163983,0.00157424,266.2792,6390.7016,0.00157424,266.2792,266.2792,266.2792,0.0000,0.0000,6390.7016,0.00157424,798.8377,767.3102,5858.1432,5889.6706,0.00144305,0.00145082,0.00006559,418.2083,379.7376,0.6869,61.6387,1.8384,37588.4109,89.7407,538.3845,395.5999,218.4789,430.6076,432.5446,432.5446,1046.441,1081.3617,427.0584,0.0,2.43015,2.511246,0.971205,30,216,96,2,0.20383968,0.00163983,-0.01249836,0E-8,0.000000,0.906607,0.000000,0.01775797,2026-03-22,2026-08-06,108,3621,2443,138,0.782609,1.360932,1.287360,0.679466,,,,,,,,GLOBAL_BASELINE_NO_ENTITY_RANKING,,,NOT_APPLICABLE_GLOBAL_BASELINE,HF9g-P5,,,,X 全窗基线 · 不参与实体赏罚,14198407,1420,A168_HF9F_20260827_0900,2026-08-27 09:00:00
2026-04-30,57024343,2134,0,1292.6855542389,-452.4399439836,-452.4399439836,0.3333333,3,3,0.50665070000000000,0.506650700000,-0.6004420894325239,-0.6004420894325239,-0.6004420894325239,0E-17,ELIGIBLE,R03b_20260811_FULL_v1,L1_ELIGIBILITY,v2026-08-11,2026-03-21..2026-08-06,baccarat_bet02_101_all_pairs_incl_sentinel,round_win = game_pnl > 0 (decisive only),COMPATIBILITY_ONLY_NOT_PRODUCTION,4059548.3812,3680416.6879,6656.9809,9707,9692,-0.00163983,0.01249836,-0.00525961,-0.00163983,-6656.9809,4059548.3812,OK,0.0000,266.2792,4.0000,96.0000,AG03-UNRESOLVED,ALL5_LEVELS_bet23_to_bet27,266.2792,266.2792,266.2792,0.0000,0.0000,4.000000,4.000000,4.000000,0.000000,0.000000,96.000000,96.000000,96.000000,100.000000,100.000000,5.0,798.8377,767.3102,5858.1432,5889.6706,PENDING_AG03,FALSE,NOT_FOR_ENFORCEMENT,6390.7016,3533200.0204,6656.9809,6390.7016,266.2792,0.00163983,0.00157424,266.2792,6390.7016,0.00157424,266.2792,266.2792,266.2792,0.0000,0.0000,6390.7016,0.00157424,798.8377,767.3102,5858.1432,5889.6706,0.00144305,0.00145082,0.00006559,418.2083,379.7376,0.6869,61.6387,1.8384,37588.4109,89.7407,538.3845,395.5999,218.4789,430.6076,432.5446,432.5446,1046.441,1081.3617,427.0584,0.0,2.43015,2.511246,0.971205,30,216,96,2,0.20383968,0.00163983,-0.01249836,0E-8,0.000000,0.906607,0.000000,0.01775797,2026-03-22,2026-08-06,108,3621,2443,138,0.782609,1.360932,1.287360,0.679466,,,,,,,,GLOBAL_BASELINE_NO_ENTITY_RANKING,,,NOT_APPLICABLE_GLOBAL_BASELINE,HF9g-P5,,,,X 全窗基线 · 不参与实体赏罚,14198408,1420,A168_HF9F_20260827_0900,2026-08-27 09:00:00
2026-04-30,57024343,2142,0,861.7903694926,-21.5447592373,-21.5447592373,0.5000000,2,2,0.50665070000000000,0.506650700000,-0.018812684590367487,-0.018812684590367487,-0.018812684590367487,0E-17,ELIGIBLE,R03b_20260811_FULL_v1,L1_ELIGIBILITY,v2026-08-11,2026-03-21..2026-08-06,baccarat_bet02_101_all_pairs_incl_sentinel,round_win = game_pnl > 0 (decisive only),COMPATIBILITY_ONLY_NOT_PRODUCTION,4059548.3812,3680416.6879,6656.9809,9707,9692,-0.00163983,0.01249836,-0.00525961,-0.00163983,-6656.9809,4059548.3812,OK,0.0000,266.2792,4.0000,96.0000,AG03-UNRESOLVED,ALL5_LEVELS_bet23_to_bet27,266.2792,266.2792,266.2792,0.0000,0.0000,4.000000,4.000000,4.000000,0.000000,0.000000,96.000000,96.000000,96.000000,100.000000,100.000000,5.0,798.8377,767.3102,5858.1432,5889.6706,PENDING_AG03,FALSE,NOT_FOR_ENFORCEMENT,6390.7016,3533200.0204,6656.9809,6390.7016,266.2792,0.00163983,0.00157424,266.2792,6390.7016,0.00157424,266.2792,266.2792,266.2792,0.0000,0.0000,6390.7016,0.00157424,798.8377,767.3102,5858.1432,5889.6706,0.00144305,0.00145082,0.00006559,418.2083,379.7376,0.6869,61.6387,1.8384,37588.4109,89.7407,538.3845,395.5999,218.4789,430.6076,432.5446,432.5446,1046.441,1081.3617,427.0584,0.0,2.43015,2.511246,0.971205,30,216,96,2,0.20383968,0.00163983,-0.01249836,0E-8,0.000000,0.906607,0.000000,0.01775797,2026-03-22,2026-08-06,108,3621,2443,138,0.782609,1.360932,1.287360,0.679466,,,,,,,,GLOBAL_BASELINE_NO_ENTITY_RANKING,,,NOT_APPLICABLE_GLOBAL_BASELINE,HF9g-P5,,,,X 全窗基线 · 不参与实体赏罚,14198409,1420,A168_HF9F_20260827_0900,2026-08-27 09:00:00
2026-04-30,57024343,2145,0,1723.5807389852,1228.0512765270,1228.0512765270,1.0000000,4,4,0.50665070000000000,0.506650700000,1.7091633124209307,1.7091633124209307,1.7091633124209307,0E-17,ELIGIBLE,R03b_20260811_FULL_v1,L1_ELIGIBILITY,v2026-08-11,2026-03-21..2026-08-06,baccarat_bet02_101_all_pairs_incl_sentinel,round_win = game_pnl > 0 (decisive only),COMPATIBILITY_ONLY_NOT_PRODUCTION,4059548.3812,3680416.6879,6656.9809,9707,9692,-0.00163983,0.01249836,-0.00525961,-0.00163983,-6656.9809,4059548.3812,OK,0.0000,266.2792,4.0000,96.0000,AG03-UNRESOLVED,ALL5_LEVELS_bet23_to_bet27,266.2792,266.2792,266.2792,0.0000,0.0000,4.000000,4.000000,4.000000,0.000000,0.000000,96.000000,96.000000,96.000000,100.000000,100.000000,5.0,798.8377,767.3102,5858.1432,5889.6706,PENDING_AG03,FALSE,NOT_FOR_ENFORCEMENT,6390.7016,3533200.0204,6656.9809,6390.7016,266.2792,0.00163983,0.00157424,266.2792,6390.7016,0.00157424,266.2792,266.2792,266.2792,0.0000,0.0000,6390.7016,0.00157424,798.8377,767.3102,5858.1432,5889.6706,0.00144305,0.00145082,0.00006559,418.2083,379.7376,0.6869,61.6387,1.8384,37588.4109,89.7407,538.3845,395.5999,218.4789,430.6076,432.5446,432.5446,1046.441,1081.3617,427.0584,0.0,2.43015,2.511246,0.971205,30,216,96,2,0.20383968,0.00163983,-0.01249836,0E-8,0.000000,0.906607,0.000000,0.01775797,2026-03-22,2026-08-06,108,3621,2443,138,0.782609,1.360932,1.287360,0.679466,,,,,,,,GLOBAL_BASELINE_NO_ENTITY_RANKING,,,NOT_APPLICABLE_GLOBAL_BASELINE,HF9g-P5,,,,X 全窗基线 · 不参与实体赏罚,14198410,1420,A168_HF9F_20260827_0900,2026-08-27 09:00:00
2026-04-30,57024343,2205,0,861.7903694926,818.7008510180,818.7008510180,1.0000000,2,2,0.50665070000000000,0.506650700000,1.3955260008387969,1.3955260008387969,1.3955260008387969,0E-17,ELIGIBLE,R03b_20260811_FULL_v1,L1_ELIGIBILITY,v2026-08-11,2026-03-21..2026-08-06,baccarat_bet02_101_all_pairs_incl_sentinel,round_win = game_pnl > 0 (decisive only),COMPATIBILITY_ONLY_NOT_PRODUCTION,4059548.3812,3680416.6879,6656.9809,9707,9692,-0.00163983,0.01249836,-0.00525961,-0.00163983,-6656.9809,4059548.3812,OK,0.0000,266.2792,4.0000,96.0000,AG03-UNRESOLVED,ALL5_LEVELS_bet23_to_bet27,266.2792,266.2792,266.2792,0.0000,0.0000,4.000000,4.000000,4.000000,0.000000,0.000000,96.000000,96.000000,96.000000,100.000000,100.000000,5.0,798.8377,767.3102,5858.1432,5889.6706,PENDING_AG03,FALSE,NOT_FOR_ENFORCEMENT,6390.7016,3533200.0204,6656.9809,6390.7016,266.2792,0.00163983,0.00157424,266.2792,6390.7016,0.00157424,266.2792,266.2792,266.2792,0.0000,0.0000,6390.7016,0.00157424,798.8377,767.3102,5858.1432,5889.6706,0.00144305,0.00145082,0.00006559,418.2083,379.7376,0.6869,61.6387,1.8384,37588.4109,89.7407,538.3845,395.5999,218.4789,430.6076,432.5446,432.5446,1046.441,1081.3617,427.0584,0.0,2.43015,2.511246,0.971205,30,216,96,2,0.20383968,0.00163983,-0.01249836,0E-8,0.000000,0.906607,0.000000,0.01775797,2026-03-22,2026-08-06,108,3621,2443,138,0.782609,1.360932,1.287360,0.679466,,,,,,,,GLOBAL_BASELINE_NO_ENTITY_RANKING,,,NOT_APPLICABLE_GLOBAL_BASELINE,HF9g-P5,,,,X 全窗基线 · 不参与实体赏罚,14198411,1420,A168_HF9F_20260827_0900,2026-08-27 09:00:00
2026-04-30,57024343,2209,0,1723.5807389852,-43.0895184746,-43.0895184746,0.5000000,4,4,0.50665070000000000,0.506650700000,-0.02660515369234503,-0.02660515369234503,-0.02660515369234503,0E-17,ELIGIBLE,R03b_20260811_FULL_v1,L1_ELIGIBILITY,v2026-08-11,2026-03-21..2026-08-06,baccarat_bet02_101_all_pairs_incl_sentinel,round_win = game_pnl > 0 (decisive only),COMPATIBILITY_ONLY_NOT_PRODUCTION,4059548.3812,3680416.6879,6656.9809,9707,9692,-0.00163983,0.01249836,-0.00525961,-0.00163983,-6656.9809,4059548.3812,OK,0.0000,266.2792,4.0000,96.0000,AG03-UNRESOLVED,ALL5_LEVELS_bet23_to_bet27,266.2792,266.2792,266.2792,0.0000,0.0000,4.000000,4.000000,4.000000,0.000000,0.000000,96.000000,96.000000,96.000000,100.000000,100.000000,5.0,798.8377,767.3102,5858.1432,5889.6706,PENDING_AG03,FALSE,NOT_FOR_ENFORCEMENT,6390.7016,3533200.0204,6656.9809,6390.7016,266.2792,0.00163983,0.00157424,266.2792,6390.7016,0.00157424,266.2792,266.2792,266.2792,0.0000,0.0000,6390.7016,0.00157424,798.8377,767.3102,5858.1432,5889.6706,0.00144305,0.00145082,0.00006559,418.2083,379.7376,0.6869,61.6387,1.8384,37588.4109,89.7407,538.3845,395.5999,218.4789,430.6076,432.5446,432.5446,1046.441,1081.3617,427.0584,0.0,2.43015,2.511246,0.971205,30,216,96,2,0.20383968,0.00163983,-0.01249836,0E-8,0.000000,0.906607,0.000000,0.01775797,2026-03-22,2026-08-06,108,3621,2443,138,0.782609,1.360932,1.287360,0.679466,,,,,,,,GLOBAL_BASELINE_NO_ENTITY_RANKING,,,NOT_APPLICABLE_GLOBAL_BASELINE,HF9g-P5,,,,X 全窗基线 · 不参与实体赏罚,14198412,1420,A168_HF9F_20260827_0900,2026-08-27 09:00:00
2026-04-30,57024343,2242,0,861.7903694926,-861.7903694926,-861.7903694926,0E-7,2,2,0.50665070000000000,0.506650700000,-1.4331513700195317,-1.4331513700195317,-1.4331513700195317,0E-17,ELIGIBLE,R03b_20260811_FULL_v1,L1_ELIGIBILITY,v2026-08-11,2026-03-21..2026-08-06,baccarat_bet02_101_all_pairs_incl_sentinel,round_win = game_pnl > 0 (decisive only),COMPATIBILITY_ONLY_NOT_PRODUCTION,4059548.3812,3680416.6879,6656.9809,9707,9692,-0.00163983,0.01249836,-0.00525961,-0.00163983,-6656.9809,4059548.3812,OK,0.0000,266.2792,4.0000,96.0000,AG03-UNRESOLVED,ALL5_LEVELS_bet23_to_bet27,266.2792,266.2792,266.2792,0.0000,0.0000,4.000000,4.000000,4.000000,0.000000,0.000000,96.000000,96.000000,96.000000,100.000000,100.000000,5.0,798.8377,767.3102,5858.1432,5889.6706,PENDING_AG03,FALSE,NOT_FOR_ENFORCEMENT,6390.7016,3533200.0204,6656.9809,6390.7016,266.2792,0.00163983,0.00157424,266.2792,6390.7016,0.00157424,266.2792,266.2792,266.2792,0.0000,0.0000,6390.7016,0.00157424,798.8377,767.3102,5858.1432,5889.6706,0.00144305,0.00145082,0.00006559,418.2083,379.7376,0.6869,61.6387,1.8384,37588.4109,89.7407,538.3845,395.5999,218.4789,430.6076,432.5446,432.5446,1046.441,1081.3617,427.0584,0.0,2.43015,2.511246,0.971205,30,216,96,2,0.20383968,0.00163983,-0.01249836,0E-8,0.000000,0.906607,0.000000,0.01775797,2026-03-22,2026-08-06,108,3621,2443,138,0.782609,1.360932,1.287360,0.679466,,,,,,,,GLOBAL_BASELINE_NO_ENTITY_RANKING,,,NOT_APPLICABLE_GLOBAL_BASELINE,HF9g-P5,,,,X 全窗基线 · 不参与实体赏罚,14198413,1420,A168_HF9F_20260827_0900,2026-08-27 09:00:00
2026-04-30,57024343,2256,0,430.8951847463,409.3504255090,409.3504255090,1.0000000,1,1,0.50665070000000000,0.506650700000,0.9867858985152569,0.9867858985152569,0.9867858985152569,0E-17,ELIGIBLE,R03b_20260811_FULL_v1,L1_ELIGIBILITY,v2026-08-11,2026-03-21..2026-08-06,baccarat_bet02_101_all_pairs_incl_sentinel,round_win = game_pnl > 0 (decisive only),COMPATIBILITY_ONLY_NOT_PRODUCTION,4059548.3812,3680416.6879,6656.9809,9707,9692,-0.00163983,0.01249836,-0.00525961,-0.00163983,-6656.9809,4059548.3812,OK,0.0000,266.2792,4.0000,96.0000,AG03-UNRESOLVED,ALL5_LEVELS_bet23_to_bet27,266.2792,266.2792,266.2792,0.0000,0.0000,4.000000,4.000000,4.000000,0.000000,0.000000,96.000000,96.000000,96.000000,100.000000,100.000000,5.0,798.8377,767.3102,5858.1432,5889.6706,PENDING_AG03,FALSE,NOT_FOR_ENFORCEMENT,6390.7016,3533200.0204,6656.9809,6390.7016,266.2792,0.00163983,0.00157424,266.2792,6390.7016,0.00157424,266.2792,266.2792,266.2792,0.0000,0.0000,6390.7016,0.00157424,798.8377,767.3102,5858.1432,5889.6706,0.00144305,0.00145082,0.00006559,418.2083,379.7376,0.6869,61.6387,1.8384,37588.4109,89.7407,538.3845,395.5999,218.4789,430.6076,432.5446,432.5446,1046.441,1081.3617,427.0584,0.0,2.43015,2.511246,0.971205,30,216,96,2,0.20383968,0.00163983,-0.01249836,0E-8,0.000000,0.906607,0.000000,0.01775797,2026-03-22,2026-08-06,108,3621,2443,138,0.782609,1.360932,1.287360,0.679466,,,,,,,,GLOBAL_BASELINE_NO_ENTITY_RANKING,,,NOT_APPLICABLE_GLOBAL_BASELINE,HF9g-P5,,,,X 全窗基线 · 不参与实体赏罚,14198414,1420,A168_HF9F_20260827_0900,2026-08-27 09:00:00
2026-04-30,57024343,2267,0,861.7903694926,818.7008510180,818.7008510180,1.0000000,2,2,0.50665070000000000,0.506650700000,1.3955260008387969,1.3955260008387969,1.3955260008387969,0E-17,ELIGIBLE,R03b_20260811_FULL_v1,L1_ELIGIBILITY,v2026-08-11,2026-03-21..2026-08-06,baccarat_bet02_101_all_pairs_incl_sentinel,round_win = game_pnl > 0 (decisive only),COMPATIBILITY_ONLY_NOT_PRODUCTION,4059548.3812,3680416.6879,6656.9809,9707,9692,-0.00163983,0.01249836,-0.00525961,-0.00163983,-6656.9809,4059548.3812,OK,0.0000,266.2792,4.0000,96.0000,AG03-UNRESOLVED,ALL5_LEVELS_bet23_to_bet27,266.2792,266.2792,266.2792,0.0000,0.0000,4.000000,4.000000,4.000000,0.000000,0.000000,96.000000,96.000000,96.000000,100.000000,100.000000,5.0,798.8377,767.3102,5858.1432,5889.6706,PENDING_AG03,FALSE,NOT_FOR_ENFORCEMENT,6390.7016,3533200.0204,6656.9809,6390.7016,266.2792,0.00163983,0.00157424,266.2792,6390.7016,0.00157424,266.2792,266.2792,266.2792,0.0000,0.0000,6390.7016,0.00157424,798.8377,767.3102,5858.1432,5889.6706,0.00144305,0.00145082,0.00006559,418.2083,379.7376,0.6869,61.6387,1.8384,37588.4109,89.7407,538.3845,395.5999,218.4789,430.6076,432.5446,432.5446,1046.441,1081.3617,427.0584,0.0,2.43015,2.511246,0.971205,30,216,96,2,0.20383968,0.00163983,-0.01249836,0E-8,0.000000,0.906607,0.000000,0.01775797,2026-03-22,2026-08-06,108,3621,2443,138,0.782609,1.360932,1.287360,0.679466,,,,,,,,GLOBAL_BASELINE_NO_ENTITY_RANKING,,,NOT_APPLICABLE_GLOBAL_BASELINE,HF9g-P5,,,,X 全窗基线 · 不参与实体赏罚,14198415,1420,A168_HF9F_20260827_0900,2026-08-27 09:00:00
2026-04-30,57024343,462,0,861.7903694926,-21.5447592373,-21.5447592373,0.5000000,2,2,0.50665070000000000,0.506650700000,-0.018812684590367487,-0.018812684590367487,-0.018812684590367487,0E-17,ELIGIBLE,R03b_20260811_FULL_v1,L1_ELIGIBILITY,v2026-08-11,2026-03-21..2026-08-06,baccarat_bet02_101_all_pairs_incl_sentinel,round_win = game_pnl > 0 (decisive only),COMPATIBILITY_ONLY_NOT_PRODUCTION,4059548.3812,3680416.6879,6656.9809,9707,9692,-0.00163983,0.01249836,-0.00525961,-0.00163983,-6656.9809,4059548.3812,OK,0.0000,266.2792,4.0000,96.0000,AG03-UNRESOLVED,ALL5_LEVELS_bet23_to_bet27,266.2792,266.2792,266.2792,0.0000,0.0000,4.000000,4.000000,4.000000,0.000000,0.000000,96.000000,96.000000,96.000000,100.000000,100.000000,5.0,798.8377,767.3102,5858.1432,5889.6706,PENDING_AG03,FALSE,NOT_FOR_ENFORCEMENT,6390.7016,3533200.0204,6656.9809,6390.7016,266.2792,0.00163983,0.00157424,266.2792,6390.7016,0.00157424,266.2792,266.2792,266.2792,0.0000,0.0000,6390.7016,0.00157424,798.8377,767.3102,5858.1432,5889.6706,0.00144305,0.00145082,0.00006559,418.2083,379.7376,0.6869,61.6387,1.8384,37588.4109,89.7407,538.3845,395.5999,218.4789,430.6076,432.5446,432.5446,1046.441,1081.3617,427.0584,0.0,2.43015,2.511246,0.971205,30,216,96,2,0.20383968,0.00163983,-0.01249836,0E-8,0.000000,0.906607,0.000000,0.01775797,2026-03-22,2026-08-06,108,3621,2443,138,0.782609,1.360932,1.287360,0.679466,,,,,,,,GLOBAL_BASELINE_NO_ENTITY_RANKING,,,NOT_APPLICABLE_GLOBAL_BASELINE,HF9g-P5,,,,X 全窗基线 · 不参与实体赏罚,14198416,1420,A168_HF9F_20260827_0900,2026-08-27 09:00:00
2026-05-01,57024343,1115,0,1081.3616505904,-1081.3616505904,-1081.3616505904,0E-7,1,1,0.50665070000000000,0.506650700000,-1.013391052207602,-1.013391052207602,-1.013391052207602,0E-17,ELIGIBLE,R03b_20260811_FULL_v1,L1_ELIGIBILITY,v2026-08-11,2026-03-21..2026-08-06,baccarat_bet02_101_all_pairs_incl_sentinel,round_win = game_pnl > 0 (decisive only),COMPATIBILITY_ONLY_NOT_PRODUCTION,4059548.3812,3680416.6879,6656.9809,9707,9692,-0.00163983,0.01249836,-0.00525961,-0.00163983,-6656.9809,4059548.3812,OK,0.0000,266.2792,4.0000,96.0000,AG03-UNRESOLVED,ALL5_LEVELS_bet23_to_bet27,266.2792,266.2792,266.2792,0.0000,0.0000,4.000000,4.000000,4.000000,0.000000,0.000000,96.000000,96.000000,96.000000,100.000000,100.000000,5.0,798.8377,767.3102,5858.1432,5889.6706,PENDING_AG03,FALSE,NOT_FOR_ENFORCEMENT,6390.7016,3533200.0204,6656.9809,6390.7016,266.2792,0.00163983,0.00157424,266.2792,6390.7016,0.00157424,266.2792,266.2792,266.2792,0.0000,0.0000,6390.7016,0.00157424,798.8377,767.3102,5858.1432,5889.6706,0.00144305,0.00145082,0.00006559,418.2083,379.7376,0.6869,61.6387,1.8384,37588.4109,89.7407,538.3845,395.5999,218.4789,430.6076,432.5446,432.5446,1046.441,1081.3617,427.0584,0.0,2.43015,2.511246,0.971205,30,216,96,2,0.20383968,0.00163983,-0.01249836,0E-8,0.000000,0.906607,0.000000,0.01775797,2026-03-22,2026-08-06,108,3621,2443,138,0.782609,1.360932,1.287360,0.679466,,,,,,,,GLOBAL_BASELINE_NO_ENTITY_RANKING,,,NOT_APPLICABLE_GLOBAL_BASELINE,HF9g-P5,,,,X 全窗基线 · 不参与实体赏罚,14198417,1420,A168_HF9F_20260827_0900,2026-08-27 09:00:00
2026-05-01,57024343,1157,0,216.2723301181,-216.2723301181,-216.2723301181,0E-7,1,1,0.50665070000000000,0.506650700000,-1.013391052207602,-1.013391052207602,-1.013391052207602,0E-17,ELIGIBLE,R03b_20260811_FULL_v1,L1_ELIGIBILITY,v2026-08-11,2026-03-21..2026-08-06,baccarat_bet02_101_all_pairs_incl_sentinel,round_win = game_pnl > 0 (decisive only),COMPATIBILITY_ONLY_NOT_PRODUCTION,4059548.3812,3680416.6879,6656.9809,9707,9692,-0.00163983,0.01249836,-0.00525961,-0.00163983,-6656.9809,4059548.3812,OK,0.0000,266.2792,4.0000,96.0000,AG03-UNRESOLVED,ALL5_LEVELS_bet23_to_bet27,266.2792,266.2792,266.2792,0.0000,0.0000,4.000000,4.000000,4.000000,0.000000,0.000000,96.000000,96.000000,96.000000,100.000000,100.000000,5.0,798.8377,767.3102,5858.1432,5889.6706,PENDING_AG03,FALSE,NOT_FOR_ENFORCEMENT,6390.7016,3533200.0204,6656.9809,6390.7016,266.2792,0.00163983,0.00157424,266.2792,6390.7016,0.00157424,266.2792,266.2792,266.2792,0.0000,0.0000,6390.7016,0.00157424,798.8377,767.3102,5858.1432,5889.6706,0.00144305,0.00145082,0.00006559,418.2083,379.7376,0.6869,61.6387,1.8384,37588.4109,89.7407,538.3845,395.5999,218.4789,430.6076,432.5446,432.5446,1046.441,1081.3617,427.0584,0.0,2.43015,2.511246,0.971205,30,216,96,2,0.20383968,0.00163983,-0.01249836,0E-8,0.000000,0.906607,0.000000,0.01775797,2026-03-22,2026-08-06,108,3621,2443,138,0.782609,1.360932,1.287360,0.679466,,,,,,,,GLOBAL_BASELINE_NO_ENTITY_RANKING,,,NOT_APPLICABLE_GLOBAL_BASELINE,HF9g-P5,,,,X 全窗基线 · 不参与实体赏罚,14198418,1420,A168_HF9F_20260827_0900,2026-08-27 09:00:00
2026-05-01,57024343,1331,0,1081.3616505904,0E-10,0E-10,,1,1,0.50665070000000000,0.506650700000,,,,0E-17,NO_DECISIVE_ROUND,R03b_20260811_FULL_v1,L1_ELIGIBILITY,v2026-08-11,2026-03-21..2026-08-06,baccarat_bet02_101_all_pairs_incl_sentinel,round_win = game_pnl > 0 (decisive only),COMPATIBILITY_ONLY_NOT_PRODUCTION,4059548.3812,3680416.6879,6656.9809,9707,9692,-0.00163983,0.01249836,-0.00525961,-0.00163983,-6656.9809,4059548.3812,OK,0.0000,266.2792,4.0000,96.0000,AG03-UNRESOLVED,ALL5_LEVELS_bet23_to_bet27,266.2792,266.2792,266.2792,0.0000,0.0000,4.000000,4.000000,4.000000,0.000000,0.000000,96.000000,96.000000,96.000000,100.000000,100.000000,5.0,798.8377,767.3102,5858.1432,5889.6706,PENDING_AG03,FALSE,NOT_FOR_ENFORCEMENT,6390.7016,3533200.0204,6656.9809,6390.7016,266.2792,0.00163983,0.00157424,266.2792,6390.7016,0.00157424,266.2792,266.2792,266.2792,0.0000,0.0000,6390.7016,0.00157424,798.8377,767.3102,5858.1432,5889.6706,0.00144305,0.00145082,0.00006559,418.2083,379.7376,0.6869,61.6387,1.8384,37588.4109,89.7407,538.3845,395.5999,218.4789,430.6076,432.5446,432.5446,1046.441,1081.3617,427.0584,0.0,2.43015,2.511246,0.971205,30,216,96,2,0.20383968,0.00163983,-0.01249836,0E-8,0.000000,0.906607,0.000000,0.01775797,2026-03-22,2026-08-06,108,3621,2443,138,0.782609,1.360932,1.287360,0.679466,,,,,,,,GLOBAL_BASELINE_NO_ENTITY_RANKING,,,NOT_APPLICABLE_GLOBAL_BASELINE,HF9g-P5,,,,X 全窗基线 · 不参与实体赏罚,14198419,1420,A168_HF9F_20260827_0900,2026-08-27 09:00:00
2026-05-01,57024343,1646,0,2162.7233011808,-2162.7233011808,-2162.7233011808,0E-7,1,1,0.50665070000000000,0.506650700000,-1.013391052207602,-1.013391052207602,-1.013391052207602,0E-17,ELIGIBLE,R03b_20260811_FULL_v1,L1_ELIGIBILITY,v2026-08-11,2026-03-21..2026-08-06,baccarat_bet02_101_all_pairs_incl_sentinel,round_win = game_pnl > 0 (decisive only),COMPATIBILITY_ONLY_NOT_PRODUCTION,4059548.3812,3680416.6879,6656.9809,9707,9692,-0.00163983,0.01249836,-0.00525961,-0.00163983,-6656.9809,4059548.3812,OK,0.0000,266.2792,4.0000,96.0000,AG03-UNRESOLVED,ALL5_LEVELS_bet23_to_bet27,266.2792,266.2792,266.2792,0.0000,0.0000,4.000000,4.000000,4.000000,0.000000,0.000000,96.000000,96.000000,96.000000,100.000000,100.000000,5.0,798.8377,767.3102,5858.1432,5889.6706,PENDING_AG03,FALSE,NOT_FOR_ENFORCEMENT,6390.7016,3533200.0204,6656.9809,6390.7016,266.2792,0.00163983,0.00157424,266.2792,6390.7016,0.00157424,266.2792,266.2792,266.2792,0.0000,0.0000,6390.7016,0.00157424,798.8377,767.3102,5858.1432,5889.6706,0.00144305,0.00145082,0.00006559,418.2083,379.7376,0.6869,61.6387,1.8384,37588.4109,89.7407,538.3845,395.5999,218.4789,430.6076,432.5446,432.5446,1046.441,1081.3617,427.0584,0.0,2.43015,2.511246,0.971205,30,216,96,2,0.20383968,0.00163983,-0.01249836,0E-8,0.000000,0.906607,0.000000,0.01775797,2026-03-22,2026-08-06,108,3621,2443,138,0.782609,1.360932,1.287360,0.679466,,,,,,,,GLOBAL_BASELINE_NO_ENTITY_RANKING,,,NOT_APPLICABLE_GLOBAL_BASELINE,HF9g-P5,,,,X 全窗基线 · 不参与实体赏罚,14198420,1420,A168_HF9F_20260827_0900,2026-08-27 09:00:00
2026-05-01,57024343,1704,0,1081.3616505904,-1081.3616505904,-1081.3616505904,0E-7,1,1,0.50665070000000000,0.506650700000,-1.013391052207602,-1.013391052207602,-1.013391052207602,0E-17,ELIGIBLE,R03b_20260811_FULL_v1,L1_ELIGIBILITY,v2026-08-11,2026-03-21..2026-08-06,baccarat_bet02_101_all_pairs_incl_sentinel,round_win = game_pnl > 0 (decisive only),COMPATIBILITY_ONLY_NOT_PRODUCTION,4059548.3812,3680416.6879,6656.9809,9707,9692,-0.00163983,0.01249836,-0.00525961,-0.00163983,-6656.9809,4059548.3812,OK,0.0000,266.2792,4.0000,96.0000,AG03-UNRESOLVED,ALL5_LEVELS_bet23_to_bet27,266.2792,266.2792,266.2792,0.0000,0.0000,4.000000,4.000000,4.000000,0.000000,0.000000,96.000000,96.000000,96.000000,100.000000,100.000000,5.0,798.8377,767.3102,5858.1432,5889.6706,PENDING_AG03,FALSE,NOT_FOR_ENFORCEMENT,6390.7016,3533200.0204,6656.9809,6390.7016,266.2792,0.00163983,0.00157424,266.2792,6390.7016,0.00157424,266.2792,266.2792,266.2792,0.0000,0.0000,6390.7016,0.00157424,798.8377,767.3102,5858.1432,5889.6706,0.00144305,0.00145082,0.00006559,418.2083,379.7376,0.6869,61.6387,1.8384,37588.4109,89.7407,538.3845,395.5999,218.4789,430.6076,432.5446,432.5446,1046.441,1081.3617,427.0584,0.0,2.43015,2.511246,0.971205,30,216,96,2,0.20383968,0.00163983,-0.01249836,0E-8,0.000000,0.906607,0.000000,0.01775797,2026-03-22,2026-08-06,108,3621,2443,138,0.782609,1.360932,1.287360,0.679466,,,,,,,,GLOBAL_BASELINE_NO_ENTITY_RANKING,,,NOT_APPLICABLE_GLOBAL_BASELINE,HF9g-P5,,,,X 全窗基线 · 不参与实体赏罚,14198421,1420,A168_HF9F_20260827_0900,2026-08-27 09:00:00
2026-05-01,57024343,1966,0,1081.3616505904,0E-10,0E-10,,1,1,0.50665070000000000,0.506650700000,,,,0E-17,NO_DECISIVE_ROUND,R03b_20260811_FULL_v1,L1_ELIGIBILITY,v2026-08-11,2026-03-21..2026-08-06,baccarat_bet02_101_all_pairs_incl_sentinel,round_win = game_pnl > 0 (decisive only),COMPATIBILITY_ONLY_NOT_PRODUCTION,4059548.3812,3680416.6879,6656.9809,9707,9692,-0.00163983,0.01249836,-0.00525961,-0.00163983,-6656.9809,4059548.3812,OK,0.0000,266.2792,4.0000,96.0000,AG03-UNRESOLVED,ALL5_LEVELS_bet23_to_bet27,266.2792,266.2792,266.2792,0.0000,0.0000,4.000000,4.000000,4.000000,0.000000,0.000000,96.000000,96.000000,96.000000,100.000000,100.000000,5.0,798.8377,767.3102,5858.1432,5889.6706,PENDING_AG03,FALSE,NOT_FOR_ENFORCEMENT,6390.7016,3533200.0204,6656.9809,6390.7016,266.2792,0.00163983,0.00157424,266.2792,6390.7016,0.00157424,266.2792,266.2792,266.2792,0.0000,0.0000,6390.7016,0.00157424,798.8377,767.3102,5858.1432,5889.6706,0.00144305,0.00145082,0.00006559,418.2083,379.7376,0.6869,61.6387,1.8384,37588.4109,89.7407,538.3845,395.5999,218.4789,430.6076,432.5446,432.5446,1046.441,1081.3617,427.0584,0.0,2.43015,2.511246,0.971205,30,216,96,2,0.20383968,0.00163983,-0.01249836,0E-8,0.000000,0.906607,0.000000,0.01775797,2026-03-22,2026-08-06,108,3621,2443,138,0.782609,1.360932,1.287360,0.679466,,,,,,,,GLOBAL_BASELINE_NO_ENTITY_RANKING,,,NOT_APPLICABLE_GLOBAL_BASELINE,HF9g-P5,,,,X 全窗基线 · 不参与实体赏罚,14198422,1420,A168_HF9F_20260827_0900,2026-08-27 09:00:00
2026-05-01,57024343,2121,0,3190.0168692417,-3190.0168692417,-3190.0168692417,0E-7,2,2,0.50665070000000000,0.506650700000,-1.4331513700195317,-1.4331513700195317,-1.4331513700195317,0E-17,ELIGIBLE,R03b_20260811_FULL_v1,L1_ELIGIBILITY,v2026-08-11,2026-03-21..2026-08-06,baccarat_bet02_101_all_pairs_incl_sentinel,round_win = game_pnl > 0 (decisive only),COMPATIBILITY_ONLY_NOT_PRODUCTION,4059548.3812,3680416.6879,6656.9809,9707,9692,-0.00163983,0.01249836,-0.00525961,-0.00163983,-6656.9809,4059548.3812,OK,0.0000,266.2792,4.0000,96.0000,AG03-UNRESOLVED,ALL5_LEVELS_bet23_to_bet27,266.2792,266.2792,266.2792,0.0000,0.0000,4.000000,4.000000,4.000000,0.000000,0.000000,96.000000,96.000000,96.000000,100.000000,100.000000,5.0,798.8377,767.3102,5858.1432,5889.6706,PENDING_AG03,FALSE,NOT_FOR_ENFORCEMENT,6390.7016,3533200.0204,6656.9809,6390.7016,266.2792,0.00163983,0.00157424,266.2792,6390.7016,0.00157424,266.2792,266.2792,266.2792,0.0000,0.0000,6390.7016,0.00157424,798.8377,767.3102,5858.1432,5889.6706,0.00144305,0.00145082,0.00006559,418.2083,379.7376,0.6869,61.6387,1.8384,37588.4109,89.7407,538.3845,395.5999,218.4789,430.6076,432.5446,432.5446,1046.441,1081.3617,427.0584,0.0,2.43015,2.511246,0.971205,30,216,96,2,0.20383968,0.00163983,-0.01249836,0E-8,0.000000,0.906607,0.000000,0.01775797,2026-03-22,2026-08-06,108,3621,2443,138,0.782609,1.360932,1.287360,0.679466,,,,,,,,GLOBAL_BASELINE_NO_ENTITY_RANKING,,,NOT_APPLICABLE_GLOBAL_BASELINE,HF9g-P5,,,,X 全窗基线 · 不参与实体赏罚,14198423,1420,A168_HF9F_20260827_0900,2026-08-27 09:00:00
2026-05-01,57024343,2167,0,1081.3616505904,-1081.3616505904,-1081.3616505904,0E-7,1,1,0.50665070000000000,0.506650700000,-1.013391052207602,-1.013391052207602,-1.013391052207602,0E-17,ELIGIBLE,R03b_20260811_FULL_v1,L1_ELIGIBILITY,v2026-08-11,2026-03-21..2026-08-06,baccarat_bet02_101_all_pairs_incl_sentinel,round_win = game_pnl > 0 (decisive only),COMPATIBILITY_ONLY_NOT_PRODUCTION,4059548.3812,3680416.6879,6656.9809,9707,9692,-0.00163983,0.01249836,-0.00525961,-0.00163983,-6656.9809,4059548.3812,OK,0.0000,266.2792,4.0000,96.0000,AG03-UNRESOLVED,ALL5_LEVELS_bet23_to_bet27,266.2792,266.2792,266.2792,0.0000,0.0000,4.000000,4.000000,4.000000,0.000000,0.000000,96.000000,96.000000,96.000000,100.000000,100.000000,5.0,798.8377,767.3102,5858.1432,5889.6706,PENDING_AG03,FALSE,NOT_FOR_ENFORCEMENT,6390.7016,3533200.0204,6656.9809,6390.7016,266.2792,0.00163983,0.00157424,266.2792,6390.7016,0.00157424,266.2792,266.2792,266.2792,0.0000,0.0000,6390.7016,0.00157424,798.8377,767.3102,5858.1432,5889.6706,0.00144305,0.00145082,0.00006559,418.2083,379.7376,0.6869,61.6387,1.8384,37588.4109,89.7407,538.3845,395.5999,218.4789,430.6076,432.5446,432.5446,1046.441,1081.3617,427.0584,0.0,2.43015,2.511246,0.971205,30,216,96,2,0.20383968,0.00163983,-0.01249836,0E-8,0.000000,0.906607,0.000000,0.01775797,2026-03-22,2026-08-06,108,3621,2443,138,0.782609,1.360932,1.287360,0.679466,,,,,,,,GLOBAL_BASELINE_NO_ENTITY_RANKING,,,NOT_APPLICABLE_GLOBAL_BASELINE,HF9g-P5,,,,X 全窗基线 · 不参与实体赏罚,14198424,1420,A168_HF9F_20260827_0900,2026-08-27 09:00:00
2026-05-01,57024343,2174,0,1081.3616505904,1027.2935680609,1027.2935680609,1.0000000,1,1,0.50665070000000000,0.506650700000,0.9867858985152569,0.9867858985152569,0.9867858985152569,0E-17,ELIGIBLE,R03b_20260811_FULL_v1,L1_ELIGIBILITY,v2026-08-11,2026-03-21..2026-08-06,baccarat_bet02_101_all_pairs_incl_sentinel,round_win = game_pnl > 0 (decisive only),COMPATIBILITY_ONLY_NOT_PRODUCTION,4059548.3812,3680416.6879,6656.9809,9707,9692,-0.00163983,0.01249836,-0.00525961,-0.00163983,-6656.9809,4059548.3812,OK,0.0000,266.2792,4.0000,96.0000,AG03-UNRESOLVED,ALL5_LEVELS_bet23_to_bet27,266.2792,266.2792,266.2792,0.0000,0.0000,4.000000,4.000000,4.000000,0.000000,0.000000,96.000000,96.000000,96.000000,100.000000,100.000000,5.0,798.8377,767.3102,5858.1432,5889.6706,PENDING_AG03,FALSE,NOT_FOR_ENFORCEMENT,6390.7016,3533200.0204,6656.9809,6390.7016,266.2792,0.00163983,0.00157424,266.2792,6390.7016,0.00157424,266.2792,266.2792,266.2792,0.0000,0.0000,6390.7016,0.00157424,798.8377,767.3102,5858.1432,5889.6706,0.00144305,0.00145082,0.00006559,418.2083,379.7376,0.6869,61.6387,1.8384,37588.4109,89.7407,538.3845,395.5999,218.4789,430.6076,432.5446,432.5446,1046.441,1081.3617,427.0584,0.0,2.43015,2.511246,0.971205,30,216,96,2,0.20383968,0.00163983,-0.01249836,0E-8,0.000000,0.906607,0.000000,0.01775797,2026-03-22,2026-08-06,108,3621,2443,138,0.782609,1.360932,1.287360,0.679466,,,,,,,,GLOBAL_BASELINE_NO_ENTITY_RANKING,,,NOT_APPLICABLE_GLOBAL_BASELINE,HF9g-P5,,,,X 全窗基线 · 不参与实体赏罚,14198425,1420,A168_HF9F_20260827_0900,2026-08-27 09:00:00
2026-05-01,57024343,2196,0,8441.3253168390,-6.7044422337,-6.7044422337,0.5000000,2,2,0.50665070000000000,0.506650700000,-0.018812684590367487,-0.018812684590367487,-0.018812684590367487,0E-17,ELIGIBLE,R03b_20260811_FULL_v1,L1_ELIGIBILITY,v2026-08-11,2026-03-21..2026-08-06,baccarat_bet02_101_all_pairs_incl_sentinel,round_win = game_pnl > 0 (decisive only),COMPATIBILITY_ONLY_NOT_PRODUCTION,4059548.3812,3680416.6879,6656.9809,9707,9692,-0.00163983,0.01249836,-0.00525961,-0.00163983,-6656.9809,4059548.3812,OK,0.0000,266.2792,4.0000,96.0000,AG03-UNRESOLVED,ALL5_LEVELS_bet23_to_bet27,266.2792,266.2792,266.2792,0.0000,0.0000,4.000000,4.000000,4.000000,0.000000,0.000000,96.000000,96.000000,96.000000,100.000000,100.000000,5.0,798.8377,767.3102,5858.1432,5889.6706,PENDING_AG03,FALSE,NOT_FOR_ENFORCEMENT,6390.7016,3533200.0204,6656.9809,6390.7016,266.2792,0.00163983,0.00157424,266.2792,6390.7016,0.00157424,266.2792,266.2792,266.2792,0.0000,0.0000,6390.7016,0.00157424,798.8377,767.3102,5858.1432,5889.6706,0.00144305,0.00145082,0.00006559,418.2083,379.7376,0.6869,61.6387,1.8384,37588.4109,89.7407,538.3845,395.5999,218.4789,430.6076,432.5446,432.5446,1046.441,1081.3617,427.0584,0.0,2.43015,2.511246,0.971205,30,216,96,2,0.20383968,0.00163983,-0.01249836,0E-8,0.000000,0.906607,0.000000,0.01775797,2026-03-22,2026-08-06,108,3621,2443,138,0.782609,1.360932,1.287360,0.679466,,,,,,,,GLOBAL_BASELINE_NO_ENTITY_RANKING,,,NOT_APPLICABLE_GLOBAL_BASELINE,HF9g-P5,,,,X 全窗基线 · 不参与实体赏罚,14198426,1420,A168_HF9F_20260827_0900,2026-08-27 09:00:00
2026-05-01,57024343,2205,0,1081.3616505904,-1081.3616505904,-1081.3616505904,0E-7,1,1,0.50665070000000000,0.506650700000,-1.013391052207602,-1.013391052207602,-1.013391052207602,0E-17,ELIGIBLE,R03b_20260811_FULL_v1,L1_ELIGIBILITY,v2026-08-11,2026-03-21..2026-08-06,baccarat_bet02_101_all_pairs_incl_sentinel,round_win = game_pnl > 0 (decisive only),COMPATIBILITY_ONLY_NOT_PRODUCTION,4059548.3812,3680416.6879,6656.9809,9707,9692,-0.00163983,0.01249836,-0.00525961,-0.00163983,-6656.9809,4059548.3812,OK,0.0000,266.2792,4.0000,96.0000,AG03-UNRESOLVED,ALL5_LEVELS_bet23_to_bet27,266.2792,266.2792,266.2792,0.0000,0.0000,4.000000,4.000000,4.000000,0.000000,0.000000,96.000000,96.000000,96.000000,100.000000,100.000000,5.0,798.8377,767.3102,5858.1432,5889.6706,PENDING_AG03,FALSE,NOT_FOR_ENFORCEMENT,6390.7016,3533200.0204,6656.9809,6390.7016,266.2792,0.00163983,0.00157424,266.2792,6390.7016,0.00157424,266.2792,266.2792,266.2792,0.0000,0.0000,6390.7016,0.00157424,798.8377,767.3102,5858.1432,5889.6706,0.00144305,0.00145082,0.00006559,418.2083,379.7376,0.6869,61.6387,1.8384,37588.4109,89.7407,538.3845,395.5999,218.4789,430.6076,432.5446,432.5446,1046.441,1081.3617,427.0584,0.0,2.43015,2.511246,0.971205,30,216,96,2,0.20383968,0.00163983,-0.01249836,0E-8,0.000000,0.906607,0.000000,0.01775797,2026-03-22,2026-08-06,108,3621,2443,138,0.782609,1.360932,1.287360,0.679466,,,,,,,,GLOBAL_BASELINE_NO_ENTITY_RANKING,,,NOT_APPLICABLE_GLOBAL_BASELINE,HF9g-P5,,,,X 全窗基线 · 不参与实体赏罚,14198427,1420,A168_HF9F_20260827_0900,2026-08-27 09:00:00
2026-05-01,57024343,2220,0,1081.3616505904,-1081.3616505904,-1081.3616505904,0E-7,1,1,0.49324550000000000,0.493245500000,-0.9865810262130424,-0.9865810262130424,-0.9865810262130424,0E-17,ELIGIBLE,R03b_20260811_FULL_v1,L1_ELIGIBILITY,v2026-08-11,2026-03-21..2026-08-06,baccarat_bet02_101_all_pairs_incl_sentinel,round_win = game_pnl > 0 (decisive only),COMPATIBILITY_ONLY_NOT_PRODUCTION,4059548.3812,3680416.6879,6656.9809,9707,9692,-0.00163983,0.01249836,-0.00525961,-0.00163983,-6656.9809,4059548.3812,OK,0.0000,266.2792,4.0000,96.0000,AG03-UNRESOLVED,ALL5_LEVELS_bet23_to_bet27,266.2792,266.2792,266.2792,0.0000,0.0000,4.000000,4.000000,4.000000,0.000000,0.000000,96.000000,96.000000,96.000000,100.000000,100.000000,5.0,798.8377,767.3102,5858.1432,5889.6706,PENDING_AG03,FALSE,NOT_FOR_ENFORCEMENT,6390.7016,3533200.0204,6656.9809,6390.7016,266.2792,0.00163983,0.00157424,266.2792,6390.7016,0.00157424,266.2792,266.2792,266.2792,0.0000,0.0000,6390.7016,0.00157424,798.8377,767.3102,5858.1432,5889.6706,0.00144305,0.00145082,0.00006559,418.2083,379.7376,0.6869,61.6387,1.8384,37588.4109,89.7407,538.3845,395.5999,218.4789,430.6076,432.5446,432.5446,1046.441,1081.3617,427.0584,0.0,2.43015,2.511246,0.971205,30,216,96,2,0.20383968,0.00163983,-0.01249836,0E-8,0.000000,0.906607,0.000000,0.01775797,2026-03-22,2026-08-06,108,3621,2443,138,0.782609,1.360932,1.287360,0.679466,,,,,,,,GLOBAL_BASELINE_NO_ENTITY_RANKING,,,NOT_APPLICABLE_GLOBAL_BASELINE,HF9g-P5,,,,X 全窗基线 · 不参与实体赏罚,14198428,1420,A168_HF9F_20260827_0900,2026-08-27 09:00:00
2026-05-01,57024343,2223,0,5616.3761408365,-4325.4466023617,-4325.4466023617,0E-7,2,2,0.50665070000000000,0.506650700000,-1.013391052207602,-1.013391052207602,-1.013391052207602,0E-17,ELIGIBLE,R03b_20260811_FULL_v1,L1_ELIGIBILITY,v2026-08-11,2026-03-21..2026-08-06,baccarat_bet02_101_all_pairs_incl_sentinel,round_win = game_pnl > 0 (decisive only),COMPATIBILITY_ONLY_NOT_PRODUCTION,4059548.3812,3680416.6879,6656.9809,9707,9692,-0.00163983,0.01249836,-0.00525961,-0.00163983,-6656.9809,4059548.3812,OK,0.0000,266.2792,4.0000,96.0000,AG03-UNRESOLVED,ALL5_LEVELS_bet23_to_bet27,266.2792,266.2792,266.2792,0.0000,0.0000,4.000000,4.000000,4.000000,0.000000,0.000000,96.000000,96.000000,96.000000,100.000000,100.000000,5.0,798.8377,767.3102,5858.1432,5889.6706,PENDING_AG03,FALSE,NOT_FOR_ENFORCEMENT,6390.7016,3533200.0204,6656.9809,6390.7016,266.2792,0.00163983,0.00157424,266.2792,6390.7016,0.00157424,266.2792,266.2792,266.2792,0.0000,0.0000,6390.7016,0.00157424,798.8377,767.3102,5858.1432,5889.6706,0.00144305,0.00145082,0.00006559,418.2083,379.7376,0.6869,61.6387,1.8384,37588.4109,89.7407,538.3845,395.5999,218.4789,430.6076,432.5446,432.5446,1046.441,1081.3617,427.0584,0.0,2.43015,2.511246,0.971205,30,216,96,2,0.20383968,0.00163983,-0.01249836,0E-8,0.000000,0.906607,0.000000,0.01775797,2026-03-22,2026-08-06,108,3621,2443,138,0.782609,1.360932,1.287360,0.679466,,,,,,,,GLOBAL_BASELINE_NO_ENTITY_RANKING,,,NOT_APPLICABLE_GLOBAL_BASELINE,HF9g-P5,,,,X 全窗基线 · 不参与实体赏罚,14198429,1420,A168_HF9F_20260827_0900,2026-08-27 09:00:00
2026-05-01,57024343,462,0,1081.3616505904,1027.2935680609,1027.2935680609,1.0000000,1,1,0.50665070000000000,0.506650700000,0.9867858985152569,0.9867858985152569,0.9867858985152569,0E-17,ELIGIBLE,R03b_20260811_FULL_v1,L1_ELIGIBILITY,v2026-08-11,2026-03-21..2026-08-06,baccarat_bet02_101_all_pairs_incl_sentinel,round_win = game_pnl > 0 (decisive only),COMPATIBILITY_ONLY_NOT_PRODUCTION,4059548.3812,3680416.6879,6656.9809,9707,9692,-0.00163983,0.01249836,-0.00525961,-0.00163983,-6656.9809,4059548.3812,OK,0.0000,266.2792,4.0000,96.0000,AG03-UNRESOLVED,ALL5_LEVELS_bet23_to_bet27,266.2792,266.2792,266.2792,0.0000,0.0000,4.000000,4.000000,4.000000,0.000000,0.000000,96.000000,96.000000,96.000000,100.000000,100.000000,5.0,798.8377,767.3102,5858.1432,5889.6706,PENDING_AG03,FALSE,NOT_FOR_ENFORCEMENT,6390.7016,3533200.0204,6656.9809,6390.7016,266.2792,0.00163983,0.00157424,266.2792,6390.7016,0.00157424,266.2792,266.2792,266.2792,0.0000,0.0000,6390.7016,0.00157424,798.8377,767.3102,5858.1432,5889.6706,0.00144305,0.00145082,0.00006559,418.2083,379.7376,0.6869,61.6387,1.8384,37588.4109,89.7407,538.3845,395.5999,218.4789,430.6076,432.5446,432.5446,1046.441,1081.3617,427.0584,0.0,2.43015,2.511246,0.971205,30,216,96,2,0.20383968,0.00163983,-0.01249836,0E-8,0.000000,0.906607,0.000000,0.01775797,2026-03-22,2026-08-06,108,3621,2443,138,0.782609,1.360932,1.287360,0.679466,,,,,,,,GLOBAL_BASELINE_NO_ENTITY_RANKING,,,NOT_APPLICABLE_GLOBAL_BASELINE,HF9g-P5,,,,X 全窗基线 · 不参与实体赏罚,14198430,1420,A168_HF9F_20260827_0900,2026-08-27 09:00:00
2026-05-01,57024343,529,0,1081.3616505904,-1081.3616505904,-1081.3616505904,0E-7,1,1,0.50665070000000000,0.506650700000,-1.013391052207602,-1.013391052207602,-1.013391052207602,0E-17,ELIGIBLE,R03b_20260811_FULL_v1,L1_ELIGIBILITY,v2026-08-11,2026-03-21..2026-08-06,baccarat_bet02_101_all_pairs_incl_sentinel,round_win = game_pnl > 0 (decisive only),COMPATIBILITY_ONLY_NOT_PRODUCTION,4059548.3812,3680416.6879,6656.9809,9707,9692,-0.00163983,0.01249836,-0.00525961,-0.00163983,-6656.9809,4059548.3812,OK,0.0000,266.2792,4.0000,96.0000,AG03-UNRESOLVED,ALL5_LEVELS_bet23_to_bet27,266.2792,266.2792,266.2792,0.0000,0.0000,4.000000,4.000000,4.000000,0.000000,0.000000,96.000000,96.000000,96.000000,100.000000,100.000000,5.0,798.8377,767.3102,5858.1432,5889.6706,PENDING_AG03,FALSE,NOT_FOR_ENFORCEMENT,6390.7016,3533200.0204,6656.9809,6390.7016,266.2792,0.00163983,0.00157424,266.2792,6390.7016,0.00157424,266.2792,266.2792,266.2792,0.0000,0.0000,6390.7016,0.00157424,798.8377,767.3102,5858.1432,5889.6706,0.00144305,0.00145082,0.00006559,418.2083,379.7376,0.6869,61.6387,1.8384,37588.4109,89.7407,538.3845,395.5999,218.4789,430.6076,432.5446,432.5446,1046.441,1081.3617,427.0584,0.0,2.43015,2.511246,0.971205,30,216,96,2,0.20383968,0.00163983,-0.01249836,0E-8,0.000000,0.906607,0.000000,0.01775797,2026-03-22,2026-08-06,108,3621,2443,138,0.782609,1.360932,1.287360,0.679466,,,,,,,,GLOBAL_BASELINE_NO_ENTITY_RANKING,,,NOT_APPLICABLE_GLOBAL_BASELINE,HF9g-P5,,,,X 全窗基线 · 不参与实体赏罚,14198431,1420,A168_HF9F_20260827_0900,2026-08-27 09:00:00
2026-05-01,57024343,919,0,1290.9295384748,-1290.9295384748,-1290.9295384748,0E-7,1,1,0.49324550000000000,0.493245500000,-0.9865810262130424,-0.9865810262130424,-0.9865810262130424,0E-17,ELIGIBLE,R03b_20260811_FULL_v1,L1_ELIGIBILITY,v2026-08-11,2026-03-21..2026-08-06,baccarat_bet02_101_all_pairs_incl_sentinel,round_win = game_pnl > 0 (decisive only),COMPATIBILITY_ONLY_NOT_PRODUCTION,4059548.3812,3680416.6879,6656.9809,9707,9692,-0.00163983,0.01249836,-0.00525961,-0.00163983,-6656.9809,4059548.3812,OK,0.0000,266.2792,4.0000,96.0000,AG03-UNRESOLVED,ALL5_LEVELS_bet23_to_bet27,266.2792,266.2792,266.2792,0.0000,0.0000,4.000000,4.000000,4.000000,0.000000,0.000000,96.000000,96.000000,96.000000,100.000000,100.000000,5.0,798.8377,767.3102,5858.1432,5889.6706,PENDING_AG03,FALSE,NOT_FOR_ENFORCEMENT,6390.7016,3533200.0204,6656.9809,6390.7016,266.2792,0.00163983,0.00157424,266.2792,6390.7016,0.00157424,266.2792,266.2792,266.2792,0.0000,0.0000,6390.7016,0.00157424,798.8377,767.3102,5858.1432,5889.6706,0.00144305,0.00145082,0.00006559,418.2083,379.7376,0.6869,61.6387,1.8384,37588.4109,89.7407,538.3845,395.5999,218.4789,430.6076,432.5446,432.5446,1046.441,1081.3617,427.0584,0.0,2.43015,2.511246,0.971205,30,216,96,2,0.20383968,0.00163983,-0.01249836,0E-8,0.000000,0.906607,0.000000,0.01775797,2026-03-22,2026-08-06,108,3621,2443,138,0.782609,1.360932,1.287360,0.679466,,,,,,,,GLOBAL_BASELINE_NO_ENTITY_RANKING,,,NOT_APPLICABLE_GLOBAL_BASELINE,HF9g-P5,,,,X 全窗基线 · 不参与实体赏罚,14198432,1420,A168_HF9F_20260827_0900,2026-08-27 09:00:00
2026-05-01,57024343,948,0,4325.4466023617,-4325.4466023617,-4325.4466023617,0E-7,1,1,0.50665070000000000,0.506650700000,-1.013391052207602,-1.013391052207602,-1.013391052207602,0E-17,ELIGIBLE,R03b_20260811_FULL_v1,L1_ELIGIBILITY,v2026-08-11,2026-03-21..2026-08-06,baccarat_bet02_101_all_pairs_incl_sentinel,round_win = game_pnl > 0 (decisive only),COMPATIBILITY_ONLY_NOT_PRODUCTION,4059548.3812,3680416.6879,6656.9809,9707,9692,-0.00163983,0.01249836,-0.00525961,-0.00163983,-6656.9809,4059548.3812,OK,0.0000,266.2792,4.0000,96.0000,AG03-UNRESOLVED,ALL5_LEVELS_bet23_to_bet27,266.2792,266.2792,266.2792,0.0000,0.0000,4.000000,4.000000,4.000000,0.000000,0.000000,96.000000,96.000000,96.000000,100.000000,100.000000,5.0,798.8377,767.3102,5858.1432,5889.6706,PENDING_AG03,FALSE,NOT_FOR_ENFORCEMENT,6390.7016,3533200.0204,6656.9809,6390.7016,266.2792,0.00163983,0.00157424,266.2792,6390.7016,0.00157424,266.2792,266.2792,266.2792,0.0000,0.0000,6390.7016,0.00157424,798.8377,767.3102,5858.1432,5889.6706,0.00144305,0.00145082,0.00006559,418.2083,379.7376,0.6869,61.6387,1.8384,37588.4109,89.7407,538.3845,395.5999,218.4789,430.6076,432.5446,432.5446,1046.441,1081.3617,427.0584,0.0,2.43015,2.511246,0.971205,30,216,96,2,0.20383968,0.00163983,-0.01249836,0E-8,0.000000,0.906607,0.000000,0.01775797,2026-03-22,2026-08-06,108,3621,2443,138,0.782609,1.360932,1.287360,0.679466,,,,,,,,GLOBAL_BASELINE_NO_ENTITY_RANKING,,,NOT_APPLICABLE_GLOBAL_BASELINE,HF9g-P5,,,,X 全窗基线 · 不参与实体赏罚,14198433,1420,A168_HF9F_20260827_0900,2026-08-27 09:00:00
2026-05-02,57024343,-1,1,12976.3398070851,-4541.7189324798,-4541.7189324798,0.3333333,3,3,0.50665070000000000,0.506650700000,-0.6004420894325239,-0.6004420894325239,-0.6004420894325239,0E-17,SENTINEL_DEALER,R03b_20260811_FULL_v1,L1_ELIGIBILITY,v2026-08-11,2026-03-21..2026-08-06,baccarat_bet02_101_all_pairs_incl_sentinel,round_win = game_pnl > 0 (decisive only),COMPATIBILITY_ONLY_NOT_PRODUCTION,4059548.3812,3680416.6879,6656.9809,9707,9692,-0.00163983,0.01249836,-0.00525961,-0.00163983,-6656.9809,4059548.3812,OK,0.0000,266.2792,4.0000,96.0000,AG03-UNRESOLVED,ALL5_LEVELS_bet23_to_bet27,266.2792,266.2792,266.2792,0.0000,0.0000,4.000000,4.000000,4.000000,0.000000,0.000000,96.000000,96.000000,96.000000,100.000000,100.000000,5.0,798.8377,767.3102,5858.1432,5889.6706,PENDING_AG03,FALSE,NOT_FOR_ENFORCEMENT,6390.7016,3533200.0204,6656.9809,6390.7016,266.2792,0.00163983,0.00157424,266.2792,6390.7016,0.00157424,266.2792,266.2792,266.2792,0.0000,0.0000,6390.7016,0.00157424,798.8377,767.3102,5858.1432,5889.6706,0.00144305,0.00145082,0.00006559,418.2083,379.7376,0.6869,61.6387,1.8384,37588.4109,89.7407,538.3845,395.5999,218.4789,430.6076,432.5446,432.5446,1046.441,1081.3617,427.0584,0.0,2.43015,2.511246,0.971205,30,216,96,2,0.20383968,0.00163983,-0.01249836,0E-8,0.000000,0.906607,0.000000,0.01775797,2026-03-22,2026-08-06,108,3621,2443,138,0.782609,1.360932,1.287360,0.679466,,,,,,,,GLOBAL_BASELINE_NO_ENTITY_RANKING,,,NOT_APPLICABLE_GLOBAL_BASELINE,HF9g-P5,,,,X 全窗基线 · 不参与实体赏罚,14198434,1420,A168_HF9F_20260827_0900,2026-08-27 09:00:00
2026-05-02,57024343,1299,0,3892.9019421255,-3892.9019421255,-3892.9019421255,0E-7,1,1,0.50665070000000000,0.506650700000,-1.013391052207602,-1.013391052207602,-1.013391052207602,0E-17,ELIGIBLE,R03b_20260811_FULL_v1,L1_ELIGIBILITY,v2026-08-11,2026-03-21..2026-08-06,baccarat_bet02_101_all_pairs_incl_sentinel,round_win = game_pnl > 0 (decisive only),COMPATIBILITY_ONLY_NOT_PRODUCTION,4059548.3812,3680416.6879,6656.9809,9707,9692,-0.00163983,0.01249836,-0.00525961,-0.00163983,-6656.9809,4059548.3812,OK,0.0000,266.2792,4.0000,96.0000,AG03-UNRESOLVED,ALL5_LEVELS_bet23_to_bet27,266.2792,266.2792,266.2792,0.0000,0.0000,4.000000,4.000000,4.000000,0.000000,0.000000,96.000000,96.000000,96.000000,100.000000,100.000000,5.0,798.8377,767.3102,5858.1432,5889.6706,PENDING_AG03,FALSE,NOT_FOR_ENFORCEMENT,6390.7016,3533200.0204,6656.9809,6390.7016,266.2792,0.00163983,0.00157424,266.2792,6390.7016,0.00157424,266.2792,266.2792,266.2792,0.0000,0.0000,6390.7016,0.00157424,798.8377,767.3102,5858.1432,5889.6706,0.00144305,0.00145082,0.00006559,418.2083,379.7376,0.6869,61.6387,1.8384,37588.4109,89.7407,538.3845,395.5999,218.4789,430.6076,432.5446,432.5446,1046.441,1081.3617,427.0584,0.0,2.43015,2.511246,0.971205,30,216,96,2,0.20383968,0.00163983,-0.01249836,0E-8,0.000000,0.906607,0.000000,0.01775797,2026-03-22,2026-08-06,108,3621,2443,138,0.782609,1.360932,1.287360,0.679466,,,,,,,,GLOBAL_BASELINE_NO_ENTITY_RANKING,,,NOT_APPLICABLE_GLOBAL_BASELINE,HF9g-P5,,,,X 全窗基线 · 不参与实体赏罚,14198435,1420,A168_HF9F_20260827_0900,2026-08-27 09:00:00
2026-05-02,57024343,1306,0,2162.7233011808,-2162.7233011808,-2162.7233011808,0E-7,1,1,0.50665070000000000,0.506650700000,-1.013391052207602,-1.013391052207602,-1.013391052207602,0E-17,ELIGIBLE,R03b_20260811_FULL_v1,L1_ELIGIBILITY,v2026-08-11,2026-03-21..2026-08-06,baccarat_bet02_101_all_pairs_incl_sentinel,round_win = game_pnl > 0 (decisive only),COMPATIBILITY_ONLY_NOT_PRODUCTION,4059548.3812,3680416.6879,6656.9809,9707,9692,-0.00163983,0.01249836,-0.00525961,-0.00163983,-6656.9809,4059548.3812,OK,0.0000,266.2792,4.0000,96.0000,AG03-UNRESOLVED,ALL5_LEVELS_bet23_to_bet27,266.2792,266.2792,266.2792,0.0000,0.0000,4.000000,4.000000,4.000000,0.000000,0.000000,96.000000,96.000000,96.000000,100.000000,100.000000,5.0,798.8377,767.3102,5858.1432,5889.6706,PENDING_AG03,FALSE,NOT_FOR_ENFORCEMENT,6390.7016,3533200.0204,6656.9809,6390.7016,266.2792,0.00163983,0.00157424,266.2792,6390.7016,0.00157424,266.2792,266.2792,266.2792,0.0000,0.0000,6390.7016,0.00157424,798.8377,767.3102,5858.1432,5889.6706,0.00144305,0.00145082,0.00006559,418.2083,379.7376,0.6869,61.6387,1.8384,37588.4109,89.7407,538.3845,395.5999,218.4789,430.6076,432.5446,432.5446,1046.441,1081.3617,427.0584,0.0,2.43015,2.511246,0.971205,30,216,96,2,0.20383968,0.00163983,-0.01249836,0E-8,0.000000,0.906607,0.000000,0.01775797,2026-03-22,2026-08-06,108,3621,2443,138,0.782609,1.360932,1.287360,0.679466,,,,,,,,GLOBAL_BASELINE_NO_ENTITY_RANKING,,,NOT_APPLICABLE_GLOBAL_BASELINE,HF9g-P5,,,,X 全窗基线 · 不参与实体赏罚,14198436,1420,A168_HF9F_20260827_0900,2026-08-27 09:00:00
2026-05-02,57024343,1318,0,17301.7864094468,12327.5228167308,12327.5228167308,1.0000000,4,4,0.50665070000000000,0.506650700000,1.7091633124209307,1.7091633124209307,1.7091633124209307,0E-17,ELIGIBLE,R03b_20260811_FULL_v1,L1_ELIGIBILITY,v2026-08-11,2026-03-21..2026-08-06,baccarat_bet02_101_all_pairs_incl_sentinel,round_win = game_pnl > 0 (decisive only),COMPATIBILITY_ONLY_NOT_PRODUCTION,4059548.3812,3680416.6879,6656.9809,9707,9692,-0.00163983,0.01249836,-0.00525961,-0.00163983,-6656.9809,4059548.3812,OK,0.0000,266.2792,4.0000,96.0000,AG03-UNRESOLVED,ALL5_LEVELS_bet23_to_bet27,266.2792,266.2792,266.2792,0.0000,0.0000,4.000000,4.000000,4.000000,0.000000,0.000000,96.000000,96.000000,96.000000,100.000000,100.000000,5.0,798.8377,767.3102,5858.1432,5889.6706,PENDING_AG03,FALSE,NOT_FOR_ENFORCEMENT,6390.7016,3533200.0204,6656.9809,6390.7016,266.2792,0.00163983,0.00157424,266.2792,6390.7016,0.00157424,266.2792,266.2792,266.2792,0.0000,0.0000,6390.7016,0.00157424,798.8377,767.3102,5858.1432,5889.6706,0.00144305,0.00145082,0.00006559,418.2083,379.7376,0.6869,61.6387,1.8384,37588.4109,89.7407,538.3845,395.5999,218.4789,430.6076,432.5446,432.5446,1046.441,1081.3617,427.0584,0.0,2.43015,2.511246,0.971205,30,216,96,2,0.20383968,0.00163983,-0.01249836,0E-8,0.000000,0.906607,0.000000,0.01775797,2026-03-22,2026-08-06,108,3621,2443,138,0.782609,1.360932,1.287360,0.679466,,,,,,,,GLOBAL_BASELINE_NO_ENTITY_RANKING,,,NOT_APPLICABLE_GLOBAL_BASELINE,HF9g-P5,,,,X 全窗基线 · 不参与实体赏罚,14198437,1420,A168_HF9F_20260827_0900,2026-08-27 09:00:00
2026-05-02,57024343,1704,0,8650.8932047234,4109.1742722436,4109.1742722436,1.0000000,2,2,0.50665070000000000,0.506650700000,0.9867858985152569,0.9867858985152569,0.9867858985152569,0E-17,ELIGIBLE,R03b_20260811_FULL_v1,L1_ELIGIBILITY,v2026-08-11,2026-03-21..2026-08-06,baccarat_bet02_101_all_pairs_incl_sentinel,round_win = game_pnl > 0 (decisive only),COMPATIBILITY_ONLY_NOT_PRODUCTION,4059548.3812,3680416.6879,6656.9809,9707,9692,-0.00163983,0.01249836,-0.00525961,-0.00163983,-6656.9809,4059548.3812,OK,0.0000,266.2792,4.0000,96.0000,AG03-UNRESOLVED,ALL5_LEVELS_bet23_to_bet27,266.2792,266.2792,266.2792,0.0000,0.0000,4.000000,4.000000,4.000000,0.000000,0.000000,96.000000,96.000000,96.000000,100.000000,100.000000,5.0,798.8377,767.3102,5858.1432,5889.6706,PENDING_AG03,FALSE,NOT_FOR_ENFORCEMENT,6390.7016,3533200.0204,6656.9809,6390.7016,266.2792,0.00163983,0.00157424,266.2792,6390.7016,0.00157424,266.2792,266.2792,266.2792,0.0000,0.0000,6390.7016,0.00157424,798.8377,767.3102,5858.1432,5889.6706,0.00144305,0.00145082,0.00006559,418.2083,379.7376,0.6869,61.6387,1.8384,37588.4109,89.7407,538.3845,395.5999,218.4789,430.6076,432.5446,432.5446,1046.441,1081.3617,427.0584,0.0,2.43015,2.511246,0.971205,30,216,96,2,0.20383968,0.00163983,-0.01249836,0E-8,0.000000,0.906607,0.000000,0.01775797,2026-03-22,2026-08-06,108,3621,2443,138,0.782609,1.360932,1.287360,0.679466,,,,,,,,GLOBAL_BASELINE_NO_ENTITY_RANKING,,,NOT_APPLICABLE_GLOBAL_BASELINE,HF9g-P5,,,,X 全窗基线 · 不参与实体赏罚,14198438,1420,A168_HF9F_20260827_0900,2026-08-27 09:00:00
2026-05-02,57024343,2115,0,3244.0849517713,-3244.0849517713,-3244.0849517713,0E-7,1,1,0.50665070000000000,0.506650700000,-1.013391052207602,-1.013391052207602,-1.013391052207602,0E-17,ELIGIBLE,R03b_20260811_FULL_v1,L1_ELIGIBILITY,v2026-08-11,2026-03-21..2026-08-06,baccarat_bet02_101_all_pairs_incl_sentinel,round_win = game_pnl > 0 (decisive only),COMPATIBILITY_ONLY_NOT_PRODUCTION,4059548.3812,3680416.6879,6656.9809,9707,9692,-0.00163983,0.01249836,-0.00525961,-0.00163983,-6656.9809,4059548.3812,OK,0.0000,266.2792,4.0000,96.0000,AG03-UNRESOLVED,ALL5_LEVELS_bet23_to_bet27,266.2792,266.2792,266.2792,0.0000,0.0000,4.000000,4.000000,4.000000,0.000000,0.000000,96.000000,96.000000,96.000000,100.000000,100.000000,5.0,798.8377,767.3102,5858.1432,5889.6706,PENDING_AG03,FALSE,NOT_FOR_ENFORCEMENT,6390.7016,3533200.0204,6656.9809,6390.7016,266.2792,0.00163983,0.00157424,266.2792,6390.7016,0.00157424,266.2792,266.2792,266.2792,0.0000,0.0000,6390.7016,0.00157424,798.8377,767.3102,5858.1432,5889.6706,0.00144305,0.00145082,0.00006559,418.2083,379.7376,0.6869,61.6387,1.8384,37588.4109,89.7407,538.3845,395.5999,218.4789,430.6076,432.5446,432.5446,1046.441,1081.3617,427.0584,0.0,2.43015,2.511246,0.971205,30,216,96,2,0.20383968,0.00163983,-0.01249836,0E-8,0.000000,0.906607,0.000000,0.01775797,2026-03-22,2026-08-06,108,3621,2443,138,0.782609,1.360932,1.287360,0.679466,,,,,,,,GLOBAL_BASELINE_NO_ENTITY_RANKING,,,NOT_APPLICABLE_GLOBAL_BASELINE,HF9g-P5,,,,X 全窗基线 · 不参与实体赏罚,14198439,1420,A168_HF9F_20260827_0900,2026-08-27 09:00:00
2026-05-02,57024343,2130,0,14057.7014576755,-3514.4253644189,-3514.4253644189,0.5000000,4,4,0.50665070000000000,0.506650700000,-0.02660515369234503,-0.02660515369234503,-0.02660515369234503,0E-17,ELIGIBLE,R03b_20260811_FULL_v1,L1_ELIGIBILITY,v2026-08-11,2026-03-21..2026-08-06,baccarat_bet02_101_all_pairs_incl_sentinel,round_win = game_pnl > 0 (decisive only),COMPATIBILITY_ONLY_NOT_PRODUCTION,4059548.3812,3680416.6879,6656.9809,9707,9692,-0.00163983,0.01249836,-0.00525961,-0.00163983,-6656.9809,4059548.3812,OK,0.0000,266.2792,4.0000,96.0000,AG03-UNRESOLVED,ALL5_LEVELS_bet23_to_bet27,266.2792,266.2792,266.2792,0.0000,0.0000,4.000000,4.000000,4.000000,0.000000,0.000000,96.000000,96.000000,96.000000,100.000000,100.000000,5.0,798.8377,767.3102,5858.1432,5889.6706,PENDING_AG03,FALSE,NOT_FOR_ENFORCEMENT,6390.7016,3533200.0204,6656.9809,6390.7016,266.2792,0.00163983,0.00157424,266.2792,6390.7016,0.00157424,266.2792,266.2792,266.2792,0.0000,0.0000,6390.7016,0.00157424,798.8377,767.3102,5858.1432,5889.6706,0.00144305,0.00145082,0.00006559,418.2083,379.7376,0.6869,61.6387,1.8384,37588.4109,89.7407,538.3845,395.5999,218.4789,430.6076,432.5446,432.5446,1046.441,1081.3617,427.0584,0.0,2.43015,2.511246,0.971205,30,216,96,2,0.20383968,0.00163983,-0.01249836,0E-8,0.000000,0.906607,0.000000,0.01775797,2026-03-22,2026-08-06,108,3621,2443,138,0.782609,1.360932,1.287360,0.679466,,,,,,,,GLOBAL_BASELINE_NO_ENTITY_RANKING,,,NOT_APPLICABLE_GLOBAL_BASELINE,HF9g-P5,,,,X 全窗基线 · 不参与实体赏罚,14198440,1420,A168_HF9F_20260827_0900,2026-08-27 09:00:00
2026-05-04,57024343,-1,1,10813.6165059050,-1513.9063108266,-1513.9063108266,0.4444444,30,30,0.50531018000000000,0.505310180000,-0.6325709540258885,-0.6325709540258885,-0.6325709540258885,0E-17,SENTINEL_DEALER,R03b_20260811_FULL_v1,L1_ELIGIBILITY,v2026-08-11,2026-03-21..2026-08-06,baccarat_bet02_101_all_pairs_incl_sentinel,round_win = game_pnl > 0 (decisive only),COMPATIBILITY_ONLY_NOT_PRODUCTION,4059548.3812,3680416.6879,6656.9809,9707,9692,-0.00163983,0.01249836,-0.00525961,-0.00163983,-6656.9809,4059548.3812,OK,0.0000,266.2792,4.0000,96.0000,AG03-UNRESOLVED,ALL5_LEVELS_bet23_to_bet27,266.2792,266.2792,266.2792,0.0000,0.0000,4.000000,4.000000,4.000000,0.000000,0.000000,96.000000,96.000000,96.000000,100.000000,100.000000,5.0,798.8377,767.3102,5858.1432,5889.6706,PENDING_AG03,FALSE,NOT_FOR_ENFORCEMENT,6390.7016,3533200.0204,6656.9809,6390.7016,266.2792,0.00163983,0.00157424,266.2792,6390.7016,0.00157424,266.2792,266.2792,266.2792,0.0000,0.0000,6390.7016,0.00157424,798.8377,767.3102,5858.1432,5889.6706,0.00144305,0.00145082,0.00006559,418.2083,379.7376,0.6869,61.6387,1.8384,37588.4109,89.7407,538.3845,395.5999,218.4789,430.6076,432.5446,432.5446,1046.441,1081.3617,427.0584,0.0,2.43015,2.511246,0.971205,30,216,96,2,0.20383968,0.00163983,-0.01249836,0E-8,0.000000,0.906607,0.000000,0.01775797,2026-03-22,2026-08-06,108,3621,2443,138,0.782609,1.360932,1.287360,0.679466,,,,,,,,GLOBAL_BASELINE_NO_ENTITY_RANKING,,,NOT_APPLICABLE_GLOBAL_BASELINE,HF9g-P5,,,,X 全窗基线 · 不参与实体赏罚,14198441,1420,A168_HF9F_20260827_0900,2026-08-27 09:00:00
2026-05-04,57024343,1017,0,3460.3572818896,1600.4152428740,1600.4152428740,0.6666667,9,9,0.50665070000000000,0.506650700000,0.9601807448229117,0.9601807448229117,0.9601807448229117,0E-17,ELIGIBLE,R03b_20260811_FULL_v1,L1_ELIGIBILITY,v2026-08-11,2026-03-21..2026-08-06,baccarat_bet02_101_all_pairs_incl_sentinel,round_win = game_pnl > 0 (decisive only),COMPATIBILITY_ONLY_NOT_PRODUCTION,4059548.3812,3680416.6879,6656.9809,9707,9692,-0.00163983,0.01249836,-0.00525961,-0.00163983,-6656.9809,4059548.3812,OK,0.0000,266.2792,4.0000,96.0000,AG03-UNRESOLVED,ALL5_LEVELS_bet23_to_bet27,266.2792,266.2792,266.2792,0.0000,0.0000,4.000000,4.000000,4.000000,0.000000,0.000000,96.000000,96.000000,96.000000,100.000000,100.000000,5.0,798.8377,767.3102,5858.1432,5889.6706,PENDING_AG03,FALSE,NOT_FOR_ENFORCEMENT,6390.7016,3533200.0204,6656.9809,6390.7016,266.2792,0.00163983,0.00157424,266.2792,6390.7016,0.00157424,266.2792,266.2792,266.2792,0.0000,0.0000,6390.7016,0.00157424,798.8377,767.3102,5858.1432,5889.6706,0.00144305,0.00145082,0.00006559,418.2083,379.7376,0.6869,61.6387,1.8384,37588.4109,89.7407,538.3845,395.5999,218.4789,430.6076,432.5446,432.5446,1046.441,1081.3617,427.0584,0.0,2.43015,2.511246,0.971205,30,216,96,2,0.20383968,0.00163983,-0.01249836,0E-8,0.000000,0.906607,0.000000,0.01775797,2026-03-22,2026-08-06,108,3621,2443,138,0.782609,1.360932,1.287360,0.679466,,,,,,,,GLOBAL_BASELINE_NO_ENTITY_RANKING,,,NOT_APPLICABLE_GLOBAL_BASELINE,HF9g-P5,,,,X 全窗基线 · 不参与实体赏罚,14198442,1420,A168_HF9F_20260827_0900,2026-08-27 09:00:00
2026-05-04,57024343,1205,0,2378.9956312991,1016.4799515551,1016.4799515551,0.7142857,7,7,0.50473567142857143,0.504735671429,1.1088843393366314,1.1088843393343726,1.1088843393366314,-4.2857E-13,ELIGIBLE,R03b_20260811_FULL_v1,L1_ELIGIBILITY,v2026-08-11,2026-03-21..2026-08-06,baccarat_bet02_101_all_pairs_incl_sentinel,round_win = game_pnl > 0 (decisive only),COMPATIBILITY_ONLY_NOT_PRODUCTION,4059548.3812,3680416.6879,6656.9809,9707,9692,-0.00163983,0.01249836,-0.00525961,-0.00163983,-6656.9809,4059548.3812,OK,0.0000,266.2792,4.0000,96.0000,AG03-UNRESOLVED,ALL5_LEVELS_bet23_to_bet27,266.2792,266.2792,266.2792,0.0000,0.0000,4.000000,4.000000,4.000000,0.000000,0.000000,96.000000,96.000000,96.000000,100.000000,100.000000,5.0,798.8377,767.3102,5858.1432,5889.6706,PENDING_AG03,FALSE,NOT_FOR_ENFORCEMENT,6390.7016,3533200.0204,6656.9809,6390.7016,266.2792,0.00163983,0.00157424,266.2792,6390.7016,0.00157424,266.2792,266.2792,266.2792,0.0000,0.0000,6390.7016,0.00157424,798.8377,767.3102,5858.1432,5889.6706,0.00144305,0.00145082,0.00006559,418.2083,379.7376,0.6869,61.6387,1.8384,37588.4109,89.7407,538.3845,395.5999,218.4789,430.6076,432.5446,432.5446,1046.441,1081.3617,427.0584,0.0,2.43015,2.511246,0.971205,30,216,96,2,0.20383968,0.00163983,-0.01249836,0E-8,0.000000,0.906607,0.000000,0.01775797,2026-03-22,2026-08-06,108,3621,2443,138,0.782609,1.360932,1.287360,0.679466,,,,,,,,GLOBAL_BASELINE_NO_ENTITY_RANKING,,,NOT_APPLICABLE_GLOBAL_BASELINE,HF9g-P5,,,,X 全窗基线 · 不参与实体赏罚,14198443,1420,A168_HF9F_20260827_0900,2026-08-27 09:00:00
2026-05-04,57024343,1210,0,5406.8082529525,929.9710195079,929.9710195079,0.6153846,14,14,0.50665070000000000,0.506650700000,0.7841607873736876,0.7841607873736876,0.7841607873736876,0E-17,ELIGIBLE,R03b_20260811_FULL_v1,L1_ELIGIBILITY,v2026-08-11,2026-03-21..2026-08-06,baccarat_bet02_101_all_pairs_incl_sentinel,round_win = game_pnl > 0 (decisive only),COMPATIBILITY_ONLY_NOT_PRODUCTION,4059548.3812,3680416.6879,6656.9809,9707,9692,-0.00163983,0.01249836,-0.00525961,-0.00163983,-6656.9809,4059548.3812,OK,0.0000,266.2792,4.0000,96.0000,AG03-UNRESOLVED,ALL5_LEVELS_bet23_to_bet27,266.2792,266.2792,266.2792,0.0000,0.0000,4.000000,4.000000,4.000000,0.000000,0.000000,96.000000,96.000000,96.000000,100.000000,100.000000,5.0,798.8377,767.3102,5858.1432,5889.6706,PENDING_AG03,FALSE,NOT_FOR_ENFORCEMENT,6390.7016,3533200.0204,6656.9809,6390.7016,266.2792,0.00163983,0.00157424,266.2792,6390.7016,0.00157424,266.2792,266.2792,266.2792,0.0000,0.0000,6390.7016,0.00157424,798.8377,767.3102,5858.1432,5889.6706,0.00144305,0.00145082,0.00006559,418.2083,379.7376,0.6869,61.6387,1.8384,37588.4109,89.7407,538.3845,395.5999,218.4789,430.6076,432.5446,432.5446,1046.441,1081.3617,427.0584,0.0,2.43015,2.511246,0.971205,30,216,96,2,0.20383968,0.00163983,-0.01249836,0E-8,0.000000,0.906607,0.000000,0.01775797,2026-03-22,2026-08-06,108,3621,2443,138,0.782609,1.360932,1.287360,0.679466,,,,,,,,GLOBAL_BASELINE_NO_ENTITY_RANKING,,,NOT_APPLICABLE_GLOBAL_BASELINE,HF9g-P5,,,,X 全窗基线 · 不参与实体赏罚,14198444,1420,A168_HF9F_20260827_0900,2026-08-27 09:00:00
2026-05-04,57024343,1221,0,1946.4509710629,-259.5267961417,-259.5267961417,0.3333333,6,6,0.50665070000000000,0.506650700000,-0.8491533462951141,-0.8491533462951141,-0.8491533462951141,0E-17,ELIGIBLE,R03b_20260811_FULL_v1,L1_ELIGIBILITY,v2026-08-11,2026-03-21..2026-08-06,baccarat_bet02_101_all_pairs_incl_sentinel,round_win = game_pnl > 0 (decisive only),COMPATIBILITY_ONLY_NOT_PRODUCTION,4059548.3812,3680416.6879,6656.9809,9707,9692,-0.00163983,0.01249836,-0.00525961,-0.00163983,-6656.9809,4059548.3812,OK,0.0000,266.2792,4.0000,96.0000,AG03-UNRESOLVED,ALL5_LEVELS_bet23_to_bet27,266.2792,266.2792,266.2792,0.0000,0.0000,4.000000,4.000000,4.000000,0.000000,0.000000,96.000000,96.000000,96.000000,100.000000,100.000000,5.0,798.8377,767.3102,5858.1432,5889.6706,PENDING_AG03,FALSE,NOT_FOR_ENFORCEMENT,6390.7016,3533200.0204,6656.9809,6390.7016,266.2792,0.00163983,0.00157424,266.2792,6390.7016,0.00157424,266.2792,266.2792,266.2792,0.0000,0.0000,6390.7016,0.00157424,798.8377,767.3102,5858.1432,5889.6706,0.00144305,0.00145082,0.00006559,418.2083,379.7376,0.6869,61.6387,1.8384,37588.4109,89.7407,538.3845,395.5999,218.4789,430.6076,432.5446,432.5446,1046.441,1081.3617,427.0584,0.0,2.43015,2.511246,0.971205,30,216,96,2,0.20383968,0.00163983,-0.01249836,0E-8,0.000000,0.906607,0.000000,0.01775797,2026-03-22,2026-08-06,108,3621,2443,138,0.782609,1.360932,1.287360,0.679466,,,,,,,,GLOBAL_BASELINE_NO_ENTITY_RANKING,,,NOT_APPLICABLE_GLOBAL_BASELINE,HF9g-P5,,,,X 全窗基线 · 不参与实体赏罚,14198445,1420,A168_HF9F_20260827_0900,2026-08-27 09:00:00
2026-05-04,57024343,1330,0,5190.5359228344,-962.4118690255,-962.4118690255,0.4166667,13,13,0.50665070000000000,0.506650700000,-0.6234828284016839,-0.6234828284016839,-0.6234828284016839,0E-17,ELIGIBLE,R03b_20260811_FULL_v1,L1_ELIGIBILITY,v2026-08-11,2026-03-21..2026-08-06,baccarat_bet02_101_all_pairs_incl_sentinel,round_win = game_pnl > 0 (decisive only),COMPATIBILITY_ONLY_NOT_PRODUCTION,4059548.3812,3680416.6879,6656.9809,9707,9692,-0.00163983,0.01249836,-0.00525961,-0.00163983,-6656.9809,4059548.3812,OK,0.0000,266.2792,4.0000,96.0000,AG03-UNRESOLVED,ALL5_LEVELS_bet23_to_bet27,266.2792,266.2792,266.2792,0.0000,0.0000,4.000000,4.000000,4.000000,0.000000,0.000000,96.000000,96.000000,96.000000,100.000000,100.000000,5.0,798.8377,767.3102,5858.1432,5889.6706,PENDING_AG03,FALSE,NOT_FOR_ENFORCEMENT,6390.7016,3533200.0204,6656.9809,6390.7016,266.2792,0.00163983,0.00157424,266.2792,6390.7016,0.00157424,266.2792,266.2792,266.2792,0.0000,0.0000,6390.7016,0.00157424,798.8377,767.3102,5858.1432,5889.6706,0.00144305,0.00145082,0.00006559,418.2083,379.7376,0.6869,61.6387,1.8384,37588.4109,89.7407,538.3845,395.5999,218.4789,430.6076,432.5446,432.5446,1046.441,1081.3617,427.0584,0.0,2.43015,2.511246,0.971205,30,216,96,2,0.20383968,0.00163983,-0.01249836,0E-8,0.000000,0.906607,0.000000,0.01775797,2026-03-22,2026-08-06,108,3621,2443,138,0.782609,1.360932,1.287360,0.679466,,,,,,,,GLOBAL_BASELINE_NO_ENTITY_RANKING,,,NOT_APPLICABLE_GLOBAL_BASELINE,HF9g-P5,,,,X 全窗基线 · 不参与实体赏罚,14198446,1420,A168_HF9F_20260827_0900,2026-08-27 09:00:00
2026-05-04,57024343,1654,0,3676.6296120077,-886.7165534842,-886.7165534842,0.3333333,9,9,0.50218230000000000,0.502182300000,-0.8271955028234007,-0.8271955028234007,-0.8271955028234007,0E-17,ELIGIBLE,R03b_20260811_FULL_v1,L1_ELIGIBILITY,v2026-08-11,2026-03-21..2026-08-06,baccarat_bet02_101_all_pairs_incl_sentinel,round_win = game_pnl > 0 (decisive only),COMPATIBILITY_ONLY_NOT_PRODUCTION,4059548.3812,3680416.6879,6656.9809,9707,9692,-0.00163983,0.01249836,-0.00525961,-0.00163983,-6656.9809,4059548.3812,OK,0.0000,266.2792,4.0000,96.0000,AG03-UNRESOLVED,ALL5_LEVELS_bet23_to_bet27,266.2792,266.2792,266.2792,0.0000,0.0000,4.000000,4.000000,4.000000,0.000000,0.000000,96.000000,96.000000,96.000000,100.000000,100.000000,5.0,798.8377,767.3102,5858.1432,5889.6706,PENDING_AG03,FALSE,NOT_FOR_ENFORCEMENT,6390.7016,3533200.0204,6656.9809,6390.7016,266.2792,0.00163983,0.00157424,266.2792,6390.7016,0.00157424,266.2792,266.2792,266.2792,0.0000,0.0000,6390.7016,0.00157424,798.8377,767.3102,5858.1432,5889.6706,0.00144305,0.00145082,0.00006559,418.2083,379.7376,0.6869,61.6387,1.8384,37588.4109,89.7407,538.3845,395.5999,218.4789,430.6076,432.5446,432.5446,1046.441,1081.3617,427.0584,0.0,2.43015,2.511246,0.971205,30,216,96,2,0.20383968,0.00163983,-0.01249836,0E-8,0.000000,0.906607,0.000000,0.01775797,2026-03-22,2026-08-06,108,3621,2443,138,0.782609,1.360932,1.287360,0.679466,,,,,,,,GLOBAL_BASELINE_NO_ENTITY_RANKING,,,NOT_APPLICABLE_GLOBAL_BASELINE,HF9g-P5,,,,X 全窗基线 · 不参与实体赏罚,14198447,1420,A168_HF9F_20260827_0900,2026-08-27 09:00:00
2026-05-04,57024343,2212,0,1081.3616505905,-659.6306068602,-659.6306068602,0.3333333,3,3,0.50665070000000000,0.506650700000,-0.6004420894325239,-0.6004420894325239,-0.6004420894325239,0E-17,ELIGIBLE,R03b_20260811_FULL_v1,L1_ELIGIBILITY,v2026-08-11,2026-03-21..2026-08-06,baccarat_bet02_101_all_pairs_incl_sentinel,round_win = game_pnl > 0 (decisive only),COMPATIBILITY_ONLY_NOT_PRODUCTION,4059548.3812,3680416.6879,6656.9809,9707,9692,-0.00163983,0.01249836,-0.00525961,-0.00163983,-6656.9809,4059548.3812,OK,0.0000,266.2792,4.0000,96.0000,AG03-UNRESOLVED,ALL5_LEVELS_bet23_to_bet27,266.2792,266.2792,266.2792,0.0000,0.0000,4.000000,4.000000,4.000000,0.000000,0.000000,96.000000,96.000000,96.000000,100.000000,100.000000,5.0,798.8377,767.3102,5858.1432,5889.6706,PENDING_AG03,FALSE,NOT_FOR_ENFORCEMENT,6390.7016,3533200.0204,6656.9809,6390.7016,266.2792,0.00163983,0.00157424,266.2792,6390.7016,0.00157424,266.2792,266.2792,266.2792,0.0000,0.0000,6390.7016,0.00157424,798.8377,767.3102,5858.1432,5889.6706,0.00144305,0.00145082,0.00006559,418.2083,379.7376,0.6869,61.6387,1.8384,37588.4109,89.7407,538.3845,395.5999,218.4789,430.6076,432.5446,432.5446,1046.441,1081.3617,427.0584,0.0,2.43015,2.511246,0.971205,30,216,96,2,0.20383968,0.00163983,-0.01249836,0E-8,0.000000,0.906607,0.000000,0.01775797,2026-03-22,2026-08-06,108,3621,2443,138,0.782609,1.360932,1.287360,0.679466,,,,,,,,GLOBAL_BASELINE_NO_ENTITY_RANKING,,,NOT_APPLICABLE_GLOBAL_BASELINE,HF9g-P5,,,,X 全窗基线 · 不参与实体赏罚,14198448,1420,A168_HF9F_20260827_0900,2026-08-27 09:00:00
2026-05-04,57024343,2216,0,1297.6339807086,-454.1718932480,-454.1718932480,0.2500000,4,4,0.50665070000000000,0.506650700000,-1.0266936290537745,-1.0266936290537745,-1.0266936290537745,0E-17,ELIGIBLE,R03b_20260811_FULL_v1,L1_ELIGIBILITY,v2026-08-11,2026-03-21..2026-08-06,baccarat_bet02_101_all_pairs_incl_sentinel,round_win = game_pnl > 0 (decisive only),COMPATIBILITY_ONLY_NOT_PRODUCTION,4059548.3812,3680416.6879,6656.9809,9707,9692,-0.00163983,0.01249836,-0.00525961,-0.00163983,-6656.9809,4059548.3812,OK,0.0000,266.2792,4.0000,96.0000,AG03-UNRESOLVED,ALL5_LEVELS_bet23_to_bet27,266.2792,266.2792,266.2792,0.0000,0.0000,4.000000,4.000000,4.000000,0.000000,0.000000,96.000000,96.000000,96.000000,100.000000,100.000000,5.0,798.8377,767.3102,5858.1432,5889.6706,PENDING_AG03,FALSE,NOT_FOR_ENFORCEMENT,6390.7016,3533200.0204,6656.9809,6390.7016,266.2792,0.00163983,0.00157424,266.2792,6390.7016,0.00157424,266.2792,266.2792,266.2792,0.0000,0.0000,6390.7016,0.00157424,798.8377,767.3102,5858.1432,5889.6706,0.00144305,0.00145082,0.00006559,418.2083,379.7376,0.6869,61.6387,1.8384,37588.4109,89.7407,538.3845,395.5999,218.4789,430.6076,432.5446,432.5446,1046.441,1081.3617,427.0584,0.0,2.43015,2.511246,0.971205,30,216,96,2,0.20383968,0.00163983,-0.01249836,0E-8,0.000000,0.906607,0.000000,0.01775797,2026-03-22,2026-08-06,108,3621,2443,138,0.782609,1.360932,1.287360,0.679466,,,,,,,,GLOBAL_BASELINE_NO_ENTITY_RANKING,,,NOT_APPLICABLE_GLOBAL_BASELINE,HF9g-P5,,,,X 全窗基线 · 不参与实体赏罚,14198449,1420,A168_HF9F_20260827_0900,2026-08-27 09:00:00
2026-05-04,57024343,2224,0,2811.5402915353,-1124.6161166141,-1124.6161166141,0.2857143,7,7,0.50665070000000000,0.506650700000,-1.169189050789051,-1.169189050789051,-1.169189050789051,0E-17,ELIGIBLE,R03b_20260811_FULL_v1,L1_ELIGIBILITY,v2026-08-11,2026-03-21..2026-08-06,baccarat_bet02_101_all_pairs_incl_sentinel,round_win = game_pnl > 0 (decisive only),COMPATIBILITY_ONLY_NOT_PRODUCTION,4059548.3812,3680416.6879,6656.9809,9707,9692,-0.00163983,0.01249836,-0.00525961,-0.00163983,-6656.9809,4059548.3812,OK,0.0000,266.2792,4.0000,96.0000,AG03-UNRESOLVED,ALL5_LEVELS_bet23_to_bet27,266.2792,266.2792,266.2792,0.0000,0.0000,4.000000,4.000000,4.000000,0.000000,0.000000,96.000000,96.000000,96.000000,100.000000,100.000000,5.0,798.8377,767.3102,5858.1432,5889.6706,PENDING_AG03,FALSE,NOT_FOR_ENFORCEMENT,6390.7016,3533200.0204,6656.9809,6390.7016,266.2792,0.00163983,0.00157424,266.2792,6390.7016,0.00157424,266.2792,266.2792,266.2792,0.0000,0.0000,6390.7016,0.00157424,798.8377,767.3102,5858.1432,5889.6706,0.00144305,0.00145082,0.00006559,418.2083,379.7376,0.6869,61.6387,1.8384,37588.4109,89.7407,538.3845,395.5999,218.4789,430.6076,432.5446,432.5446,1046.441,1081.3617,427.0584,0.0,2.43015,2.511246,0.971205,30,216,96,2,0.20383968,0.00163983,-0.01249836,0E-8,0.000000,0.906607,0.000000,0.01775797,2026-03-22,2026-08-06,108,3621,2443,138,0.782609,1.360932,1.287360,0.679466,,,,,,,,GLOBAL_BASELINE_NO_ENTITY_RANKING,,,NOT_APPLICABLE_GLOBAL_BASELINE,HF9g-P5,,,,X 全窗基线 · 不参与实体赏罚,14198450,1420,A168_HF9F_20260827_0900,2026-08-27 09:00:00
2026-05-04,57024343,2229,0,3460.3572818896,-919.1574030019,-919.1574030019,0.3750000,9,9,0.50665070000000000,0.506650700000,-0.7447947118953172,-0.7447947118953172,-0.7447947118953172,0E-17,ELIGIBLE,R03b_20260811_FULL_v1,L1_ELIGIBILITY,v2026-08-11,2026-03-21..2026-08-06,baccarat_bet02_101_all_pairs_incl_sentinel,round_win = game_pnl > 0 (decisive only),COMPATIBILITY_ONLY_NOT_PRODUCTION,4059548.3812,3680416.6879,6656.9809,9707,9692,-0.00163983,0.01249836,-0.00525961,-0.00163983,-6656.9809,4059548.3812,OK,0.0000,266.2792,4.0000,96.0000,AG03-UNRESOLVED,ALL5_LEVELS_bet23_to_bet27,266.2792,266.2792,266.2792,0.0000,0.0000,4.000000,4.000000,4.000000,0.000000,0.000000,96.000000,96.000000,96.000000,100.000000,100.000000,5.0,798.8377,767.3102,5858.1432,5889.6706,PENDING_AG03,FALSE,NOT_FOR_ENFORCEMENT,6390.7016,3533200.0204,6656.9809,6390.7016,266.2792,0.00163983,0.00157424,266.2792,6390.7016,0.00157424,266.2792,266.2792,266.2792,0.0000,0.0000,6390.7016,0.00157424,798.8377,767.3102,5858.1432,5889.6706,0.00144305,0.00145082,0.00006559,418.2083,379.7376,0.6869,61.6387,1.8384,37588.4109,89.7407,538.3845,395.5999,218.4789,430.6076,432.5446,432.5446,1046.441,1081.3617,427.0584,0.0,2.43015,2.511246,0.971205,30,216,96,2,0.20383968,0.00163983,-0.01249836,0E-8,0.000000,0.906607,0.000000,0.01775797,2026-03-22,2026-08-06,108,3621,2443,138,0.782609,1.360932,1.287360,0.679466,,,,,,,,GLOBAL_BASELINE_NO_ENTITY_RANKING,,,NOT_APPLICABLE_GLOBAL_BASELINE,HF9g-P5,,,,X 全窗基线 · 不参与实体赏罚,14198451,1420,A168_HF9F_20260827_0900,2026-08-27 09:00:00
2026-05-04,57024343,2252,0,6920.7145637792,1124.6161166142,1124.6161166142,0.5625000,17,17,0.50507361764705882,0.505073617647,0.45943471259797736,0.4594347125984475,0.45943471259797736,5.882E-14,ELIGIBLE,R03b_20260811_FULL_v1,L1_ELIGIBILITY,v2026-08-11,2026-03-21..2026-08-06,baccarat_bet02_101_all_pairs_incl_sentinel,round_win = game_pnl > 0 (decisive only),COMPATIBILITY_ONLY_NOT_PRODUCTION,4059548.3812,3680416.6879,6656.9809,9707,9692,-0.00163983,0.01249836,-0.00525961,-0.00163983,-6656.9809,4059548.3812,OK,0.0000,266.2792,4.0000,96.0000,AG03-UNRESOLVED,ALL5_LEVELS_bet23_to_bet27,266.2792,266.2792,266.2792,0.0000,0.0000,4.000000,4.000000,4.000000,0.000000,0.000000,96.000000,96.000000,96.000000,100.000000,100.000000,5.0,798.8377,767.3102,5858.1432,5889.6706,PENDING_AG03,FALSE,NOT_FOR_ENFORCEMENT,6390.7016,3533200.0204,6656.9809,6390.7016,266.2792,0.00163983,0.00157424,266.2792,6390.7016,0.00157424,266.2792,266.2792,266.2792,0.0000,0.0000,6390.7016,0.00157424,798.8377,767.3102,5858.1432,5889.6706,0.00144305,0.00145082,0.00006559,418.2083,379.7376,0.6869,61.6387,1.8384,37588.4109,89.7407,538.3845,395.5999,218.4789,430.6076,432.5446,432.5446,1046.441,1081.3617,427.0584,0.0,2.43015,2.511246,0.971205,30,216,96,2,0.20383968,0.00163983,-0.01249836,0E-8,0.000000,0.906607,0.000000,0.01775797,2026-03-22,2026-08-06,108,3621,2443,138,0.782609,1.360932,1.287360,0.679466,,,,,,,,GLOBAL_BASELINE_NO_ENTITY_RANKING,,,NOT_APPLICABLE_GLOBAL_BASELINE,HF9g-P5,,,,X 全窗基线 · 不参与实体赏罚,14198452,1420,A168_HF9F_20260827_0900,2026-08-27 09:00:00
2026-05-04,57024343,2254,0,2595.2679614172,994.8527185433,994.8527185433,0.6666667,7,7,0.50473567142857143,0.504735671429,0.7933322080094374,0.7933322080073443,0.7933322080094374,-4.2857E-13,ELIGIBLE,R03b_20260811_FULL_v1,L1_ELIGIBILITY,v2026-08-11,2026-03-21..2026-08-06,baccarat_bet02_101_all_pairs_incl_sentinel,round_win = game_pnl > 0 (decisive only),COMPATIBILITY_ONLY_NOT_PRODUCTION,4059548.3812,3680416.6879,6656.9809,9707,9692,-0.00163983,0.01249836,-0.00525961,-0.00163983,-6656.9809,4059548.3812,OK,0.0000,266.2792,4.0000,96.0000,AG03-UNRESOLVED,ALL5_LEVELS_bet23_to_bet27,266.2792,266.2792,266.2792,0.0000,0.0000,4.000000,4.000000,4.000000,0.000000,0.000000,96.000000,96.000000,96.000000,100.000000,100.000000,5.0,798.8377,767.3102,5858.1432,5889.6706,PENDING_AG03,FALSE,NOT_FOR_ENFORCEMENT,6390.7016,3533200.0204,6656.9809,6390.7016,266.2792,0.00163983,0.00157424,266.2792,6390.7016,0.00157424,266.2792,266.2792,266.2792,0.0000,0.0000,6390.7016,0.00157424,798.8377,767.3102,5858.1432,5889.6706,0.00144305,0.00145082,0.00006559,418.2083,379.7376,0.6869,61.6387,1.8384,37588.4109,89.7407,538.3845,395.5999,218.4789,430.6076,432.5446,432.5446,1046.441,1081.3617,427.0584,0.0,2.43015,2.511246,0.971205,30,216,96,2,0.20383968,0.00163983,-0.01249836,0E-8,0.000000,0.906607,0.000000,0.01775797,2026-03-22,2026-08-06,108,3621,2443,138,0.782609,1.360932,1.287360,0.679466,,,,,,,,GLOBAL_BASELINE_NO_ENTITY_RANKING,,,NOT_APPLICABLE_GLOBAL_BASELINE,HF9g-P5,,,,X 全窗基线 · 不参与实体赏罚,14198453,1420,A168_HF9F_20260827_0900,2026-08-27 09:00:00
2026-05-04,57024343,2258,0,3027.8126216534,1189.4978156496,1189.4978156496,0.7142857,7,7,0.50665070000000000,0.506650700000,1.098798430526454,1.098798430526454,1.098798430526454,0E-17,ELIGIBLE,R03b_20260811_FULL_v1,L1_ELIGIBILITY,v2026-08-11,2026-03-21..2026-08-06,baccarat_bet02_101_all_pairs_incl_sentinel,round_win = game_pnl > 0 (decisive only),COMPATIBILITY_ONLY_NOT_PRODUCTION,4059548.3812,3680416.6879,6656.9809,9707,9692,-0.00163983,0.01249836,-0.00525961,-0.00163983,-6656.9809,4059548.3812,OK,0.0000,266.2792,4.0000,96.0000,AG03-UNRESOLVED,ALL5_LEVELS_bet23_to_bet27,266.2792,266.2792,266.2792,0.0000,0.0000,4.000000,4.000000,4.000000,0.000000,0.000000,96.000000,96.000000,96.000000,100.000000,100.000000,5.0,798.8377,767.3102,5858.1432,5889.6706,PENDING_AG03,FALSE,NOT_FOR_ENFORCEMENT,6390.7016,3533200.0204,6656.9809,6390.7016,266.2792,0.00163983,0.00157424,266.2792,6390.7016,0.00157424,266.2792,266.2792,266.2792,0.0000,0.0000,6390.7016,0.00157424,798.8377,767.3102,5858.1432,5889.6706,0.00144305,0.00145082,0.00006559,418.2083,379.7376,0.6869,61.6387,1.8384,37588.4109,89.7407,538.3845,395.5999,218.4789,430.6076,432.5446,432.5446,1046.441,1081.3617,427.0584,0.0,2.43015,2.511246,0.971205,30,216,96,2,0.20383968,0.00163983,-0.01249836,0E-8,0.000000,0.906607,0.000000,0.01775797,2026-03-22,2026-08-06,108,3621,2443,138,0.782609,1.360932,1.287360,0.679466,,,,,,,,GLOBAL_BASELINE_NO_ENTITY_RANKING,,,NOT_APPLICABLE_GLOBAL_BASELINE,HF9g-P5,,,,X 全窗基线 · 不参与实体赏罚,14198454,1420,A168_HF9F_20260827_0900,2026-08-27 09:00:00
2026-05-04,57024343,583,0,3244.0849517715,-713.6986893897,-713.6986893897,0.3750000,8,8,0.50665070000000000,0.506650700000,-0.7447947118953172,-0.7447947118953172,-0.7447947118953172,0E-17,ELIGIBLE,R03b_20260811_FULL_v1,L1_ELIGIBILITY,v2026-08-11,2026-03-21..2026-08-06,baccarat_bet02_101_all_pairs_incl_sentinel,round_win = game_pnl > 0 (decisive only),COMPATIBILITY_ONLY_NOT_PRODUCTION,4059548.3812,3680416.6879,6656.9809,9707,9692,-0.00163983,0.01249836,-0.00525961,-0.00163983,-6656.9809,4059548.3812,OK,0.0000,266.2792,4.0000,96.0000,AG03-UNRESOLVED,ALL5_LEVELS_bet23_to_bet27,266.2792,266.2792,266.2792,0.0000,0.0000,4.000000,4.000000,4.000000,0.000000,0.000000,96.000000,96.000000,96.000000,100.000000,100.000000,5.0,798.8377,767.3102,5858.1432,5889.6706,PENDING_AG03,FALSE,NOT_FOR_ENFORCEMENT,6390.7016,3533200.0204,6656.9809,6390.7016,266.2792,0.00163983,0.00157424,266.2792,6390.7016,0.00157424,266.2792,266.2792,266.2792,0.0000,0.0000,6390.7016,0.00157424,798.8377,767.3102,5858.1432,5889.6706,0.00144305,0.00145082,0.00006559,418.2083,379.7376,0.6869,61.6387,1.8384,37588.4109,89.7407,538.3845,395.5999,218.4789,430.6076,432.5446,432.5446,1046.441,1081.3617,427.0584,0.0,2.43015,2.511246,0.971205,30,216,96,2,0.20383968,0.00163983,-0.01249836,0E-8,0.000000,0.906607,0.000000,0.01775797,2026-03-22,2026-08-06,108,3621,2443,138,0.782609,1.360932,1.287360,0.679466,,,,,,,,GLOBAL_BASELINE_NO_ENTITY_RANKING,,,NOT_APPLICABLE_GLOBAL_BASELINE,HF9g-P5,,,,X 全窗基线 · 不参与实体赏罚,14198455,1420,A168_HF9F_20260827_0900,2026-08-27 09:00:00
2026-05-04,57024343,752,0,3460.3572818896,-64.8816990354,-64.8816990354,0.5714286,9,9,0.50665070000000000,0.506650700000,0.34280260342128577,0.34280260342128577,0.34280260342128577,0E-17,ELIGIBLE,R03b_20260811_FULL_v1,L1_ELIGIBILITY,v2026-08-11,2026-03-21..2026-08-06,baccarat_bet02_101_all_pairs_incl_sentinel,round_win = game_pnl > 0 (decisive only),COMPATIBILITY_ONLY_NOT_PRODUCTION,4059548.3812,3680416.6879,6656.9809,9707,9692,-0.00163983,0.01249836,-0.00525961,-0.00163983,-6656.9809,4059548.3812,OK,0.0000,266.2792,4.0000,96.0000,AG03-UNRESOLVED,ALL5_LEVELS_bet23_to_bet27,266.2792,266.2792,266.2792,0.0000,0.0000,4.000000,4.000000,4.000000,0.000000,0.000000,96.000000,96.000000,96.000000,100.000000,100.000000,5.0,798.8377,767.3102,5858.1432,5889.6706,PENDING_AG03,FALSE,NOT_FOR_ENFORCEMENT,6390.7016,3533200.0204,6656.9809,6390.7016,266.2792,0.00163983,0.00157424,266.2792,6390.7016,0.00157424,266.2792,266.2792,266.2792,0.0000,0.0000,6390.7016,0.00157424,798.8377,767.3102,5858.1432,5889.6706,0.00144305,0.00145082,0.00006559,418.2083,379.7376,0.6869,61.6387,1.8384,37588.4109,89.7407,538.3845,395.5999,218.4789,430.6076,432.5446,432.5446,1046.441,1081.3617,427.0584,0.0,2.43015,2.511246,0.971205,30,216,96,2,0.20383968,0.00163983,-0.01249836,0E-8,0.000000,0.906607,0.000000,0.01775797,2026-03-22,2026-08-06,108,3621,2443,138,0.782609,1.360932,1.287360,0.679466,,,,,,,,GLOBAL_BASELINE_NO_ENTITY_RANKING,,,NOT_APPLICABLE_GLOBAL_BASELINE,HF9g-P5,,,,X 全窗基线 · 不参与实体赏罚,14198456,1420,A168_HF9F_20260827_0900,2026-08-27 09:00:00
2026-05-04,57024343,789,0,6055.6252433068,2400.6228643110,2400.6228643110,0.7692308,15,15,0.50665070000000000,0.506650700000,1.8936593344248376,1.8936593344248376,1.8936593344248376,0E-17,ELIGIBLE,R03b_20260811_FULL_v1,L1_ELIGIBILITY,v2026-08-11,2026-03-21..2026-08-06,baccarat_bet02_101_all_pairs_incl_sentinel,round_win = game_pnl > 0 (decisive only),COMPATIBILITY_ONLY_NOT_PRODUCTION,4059548.3812,3680416.6879,6656.9809,9707,9692,-0.00163983,0.01249836,-0.00525961,-0.00163983,-6656.9809,4059548.3812,OK,0.0000,266.2792,4.0000,96.0000,AG03-UNRESOLVED,ALL5_LEVELS_bet23_to_bet27,266.2792,266.2792,266.2792,0.0000,0.0000,4.000000,4.000000,4.000000,0.000000,0.000000,96.000000,96.000000,96.000000,100.000000,100.000000,5.0,798.8377,767.3102,5858.1432,5889.6706,PENDING_AG03,FALSE,NOT_FOR_ENFORCEMENT,6390.7016,3533200.0204,6656.9809,6390.7016,266.2792,0.00163983,0.00157424,266.2792,6390.7016,0.00157424,266.2792,266.2792,266.2792,0.0000,0.0000,6390.7016,0.00157424,798.8377,767.3102,5858.1432,5889.6706,0.00144305,0.00145082,0.00006559,418.2083,379.7376,0.6869,61.6387,1.8384,37588.4109,89.7407,538.3845,395.5999,218.4789,430.6076,432.5446,432.5446,1046.441,1081.3617,427.0584,0.0,2.43015,2.511246,0.971205,30,216,96,2,0.20383968,0.00163983,-0.01249836,0E-8,0.000000,0.906607,0.000000,0.01775797,2026-03-22,2026-08-06,108,3621,2443,138,0.782609,1.360932,1.287360,0.679466,,,,,,,,GLOBAL_BASELINE_NO_ENTITY_RANKING,,,NOT_APPLICABLE_GLOBAL_BASELINE,HF9g-P5,,,,X 全窗基线 · 不参与实体赏罚,14198457,1420,A168_HF9F_20260827_0900,2026-08-27 09:00:00
2026-05-04,57024343,986,0,4325.4466023620,-951.5982525196,-951.5982525196,0.4545455,11,11,0.50665070000000000,0.506650700000,-0.34565767704657374,-0.34565767704657374,-0.34565767704657374,0E-17,ELIGIBLE,R03b_20260811_FULL_v1,L1_ELIGIBILITY,v2026-08-11,2026-03-21..2026-08-06,baccarat_bet02_101_all_pairs_incl_sentinel,round_win = game_pnl > 0 (decisive only),COMPATIBILITY_ONLY_NOT_PRODUCTION,4059548.3812,3680416.6879,6656.9809,9707,9692,-0.00163983,0.01249836,-0.00525961,-0.00163983,-6656.9809,4059548.3812,OK,0.0000,266.2792,4.0000,96.0000,AG03-UNRESOLVED,ALL5_LEVELS_bet23_to_bet27,266.2792,266.2792,266.2792,0.0000,0.0000,4.000000,4.000000,4.000000,0.000000,0.000000,96.000000,96.000000,96.000000,100.000000,100.000000,5.0,798.8377,767.3102,5858.1432,5889.6706,PENDING_AG03,FALSE,NOT_FOR_ENFORCEMENT,6390.7016,3533200.0204,6656.9809,6390.7016,266.2792,0.00163983,0.00157424,266.2792,6390.7016,0.00157424,266.2792,266.2792,266.2792,0.0000,0.0000,6390.7016,0.00157424,798.8377,767.3102,5858.1432,5889.6706,0.00144305,0.00145082,0.00006559,418.2083,379.7376,0.6869,61.6387,1.8384,37588.4109,89.7407,538.3845,395.5999,218.4789,430.6076,432.5446,432.5446,1046.441,1081.3617,427.0584,0.0,2.43015,2.511246,0.971205,30,216,96,2,0.20383968,0.00163983,-0.01249836,0E-8,0.000000,0.906607,0.000000,0.01775797,2026-03-22,2026-08-06,108,3621,2443,138,0.782609,1.360932,1.287360,0.679466,,,,,,,,GLOBAL_BASELINE_NO_ENTITY_RANKING,,,NOT_APPLICABLE_GLOBAL_BASELINE,HF9g-P5,,,,X 全窗基线 · 不参与实体赏罚,14198458,1420,A168_HF9F_20260827_0900,2026-08-27 09:00:00
2026-05-05,57024343,-1,1,8434.6208746058,1092.1752670964,1092.1752670964,0.5333333,19,19,0.50594516315789474,0.505945163158,0.2121628522524333,0.2121628522516185,0.2121628522524333,-1.0526E-13,SENTINEL_DEALER,R03b_20260811_FULL_v1,L1_ELIGIBILITY,v2026-08-11,2026-03-21..2026-08-06,baccarat_bet02_101_all_pairs_incl_sentinel,round_win = game_pnl > 0 (decisive only),COMPATIBILITY_ONLY_NOT_PRODUCTION,4059548.3812,3680416.6879,6656.9809,9707,9692,-0.00163983,0.01249836,-0.00525961,-0.00163983,-6656.9809,4059548.3812,OK,0.0000,266.2792,4.0000,96.0000,AG03-UNRESOLVED,ALL5_LEVELS_bet23_to_bet27,266.2792,266.2792,266.2792,0.0000,0.0000,4.000000,4.000000,4.000000,0.000000,0.000000,96.000000,96.000000,96.000000,100.000000,100.000000,5.0,798.8377,767.3102,5858.1432,5889.6706,PENDING_AG03,FALSE,NOT_FOR_ENFORCEMENT,6390.7016,3533200.0204,6656.9809,6390.7016,266.2792,0.00163983,0.00157424,266.2792,6390.7016,0.00157424,266.2792,266.2792,266.2792,0.0000,0.0000,6390.7016,0.00157424,798.8377,767.3102,5858.1432,5889.6706,0.00144305,0.00145082,0.00006559,418.2083,379.7376,0.6869,61.6387,1.8384,37588.4109,89.7407,538.3845,395.5999,218.4789,430.6076,432.5446,432.5446,1046.441,1081.3617,427.0584,0.0,2.43015,2.511246,0.971205,30,216,96,2,0.20383968,0.00163983,-0.01249836,0E-8,0.000000,0.906607,0.000000,0.01775797,2026-03-22,2026-08-06,108,3621,2443,138,0.782609,1.360932,1.287360,0.679466,,,,,,,,GLOBAL_BASELINE_NO_ENTITY_RANKING,,,NOT_APPLICABLE_GLOBAL_BASELINE,HF9g-P5,,,,X 全窗基线 · 不参与实体赏罚,14198459,1420,A168_HF9F_20260827_0900,2026-08-27 09:00:00
2026-05-05,57024343,1017,0,865.0893204724,-865.0893204724,-865.0893204724,0E-7,2,2,0.50665070000000000,0.506650700000,-1.4331513700195317,-1.4331513700195317,-1.4331513700195317,0E-17,ELIGIBLE,R03b_20260811_FULL_v1,L1_ELIGIBILITY,v2026-08-11,2026-03-21..2026-08-06,baccarat_bet02_101_all_pairs_incl_sentinel,round_win = game_pnl > 0 (decisive only),COMPATIBILITY_ONLY_NOT_PRODUCTION,4059548.3812,3680416.6879,6656.9809,9707,9692,-0.00163983,0.01249836,-0.00525961,-0.00163983,-6656.9809,4059548.3812,OK,0.0000,266.2792,4.0000,96.0000,AG03-UNRESOLVED,ALL5_LEVELS_bet23_to_bet27,266.2792,266.2792,266.2792,0.0000,0.0000,4.000000,4.000000,4.000000,0.000000,0.000000,96.000000,96.000000,96.000000,100.000000,100.000000,5.0,798.8377,767.3102,5858.1432,5889.6706,PENDING_AG03,FALSE,NOT_FOR_ENFORCEMENT,6390.7016,3533200.0204,6656.9809,6390.7016,266.2792,0.00163983,0.00157424,266.2792,6390.7016,0.00157424,266.2792,266.2792,266.2792,0.0000,0.0000,6390.7016,0.00157424,798.8377,767.3102,5858.1432,5889.6706,0.00144305,0.00145082,0.00006559,418.2083,379.7376,0.6869,61.6387,1.8384,37588.4109,89.7407,538.3845,395.5999,218.4789,430.6076,432.5446,432.5446,1046.441,1081.3617,427.0584,0.0,2.43015,2.511246,0.971205,30,216,96,2,0.20383968,0.00163983,-0.01249836,0E-8,0.000000,0.906607,0.000000,0.01775797,2026-03-22,2026-08-06,108,3621,2443,138,0.782609,1.360932,1.287360,0.679466,,,,,,,,GLOBAL_BASELINE_NO_ENTITY_RANKING,,,NOT_APPLICABLE_GLOBAL_BASELINE,HF9g-P5,,,,X 全窗基线 · 不参与实体赏罚,14198460,1420,A168_HF9F_20260827_0900,2026-08-27 09:00:00
2026-05-05,57024343,1078,0,1730.1786409448,-886.7165534842,-886.7165534842,0.2500000,4,4,0.50665070000000000,0.506650700000,-1.0266936290537745,-1.0266936290537745,-1.0266936290537745,0E-17,ELIGIBLE,R03b_20260811_FULL_v1,L1_ELIGIBILITY,v2026-08-11,2026-03-21..2026-08-06,baccarat_bet02_101_all_pairs_incl_sentinel,round_win = game_pnl > 0 (decisive only),COMPATIBILITY_ONLY_NOT_PRODUCTION,4059548.3812,3680416.6879,6656.9809,9707,9692,-0.00163983,0.01249836,-0.00525961,-0.00163983,-6656.9809,4059548.3812,OK,0.0000,266.2792,4.0000,96.0000,AG03-UNRESOLVED,ALL5_LEVELS_bet23_to_bet27,266.2792,266.2792,266.2792,0.0000,0.0000,4.000000,4.000000,4.000000,0.000000,0.000000,96.000000,96.000000,96.000000,100.000000,100.000000,5.0,798.8377,767.3102,5858.1432,5889.6706,PENDING_AG03,FALSE,NOT_FOR_ENFORCEMENT,6390.7016,3533200.0204,6656.9809,6390.7016,266.2792,0.00163983,0.00157424,266.2792,6390.7016,0.00157424,266.2792,266.2792,266.2792,0.0000,0.0000,6390.7016,0.00157424,798.8377,767.3102,5858.1432,5889.6706,0.00144305,0.00145082,0.00006559,418.2083,379.7376,0.6869,61.6387,1.8384,37588.4109,89.7407,538.3845,395.5999,218.4789,430.6076,432.5446,432.5446,1046.441,1081.3617,427.0584,0.0,2.43015,2.511246,0.971205,30,216,96,2,0.20383968,0.00163983,-0.01249836,0E-8,0.000000,0.906607,0.000000,0.01775797,2026-03-22,2026-08-06,108,3621,2443,138,0.782609,1.360932,1.287360,0.679466,,,,,,,,GLOBAL_BASELINE_NO_ENTITY_RANKING,,,NOT_APPLICABLE_GLOBAL_BASELINE,HF9g-P5,,,,X 全窗基线 · 不参与实体赏罚,14198461,1420,A168_HF9F_20260827_0900,2026-08-27 09:00:00
2026-05-05,57024343,1094,0,432.5446602362,0E-10,0E-10,,1,1,0.50665070000000000,0.506650700000,,,,0E-17,NO_DECISIVE_ROUND,R03b_20260811_FULL_v1,L1_ELIGIBILITY,v2026-08-11,2026-03-21..2026-08-06,baccarat_bet02_101_all_pairs_incl_sentinel,round_win = game_pnl > 0 (decisive only),COMPATIBILITY_ONLY_NOT_PRODUCTION,4059548.3812,3680416.6879,6656.9809,9707,9692,-0.00163983,0.01249836,-0.00525961,-0.00163983,-6656.9809,4059548.3812,OK,0.0000,266.2792,4.0000,96.0000,AG03-UNRESOLVED,ALL5_LEVELS_bet23_to_bet27,266.2792,266.2792,266.2792,0.0000,0.0000,4.000000,4.000000,4.000000,0.000000,0.000000,96.000000,96.000000,96.000000,100.000000,100.000000,5.0,798.8377,767.3102,5858.1432,5889.6706,PENDING_AG03,FALSE,NOT_FOR_ENFORCEMENT,6390.7016,3533200.0204,6656.9809,6390.7016,266.2792,0.00163983,0.00157424,266.2792,6390.7016,0.00157424,266.2792,266.2792,266.2792,0.0000,0.0000,6390.7016,0.00157424,798.8377,767.3102,5858.1432,5889.6706,0.00144305,0.00145082,0.00006559,418.2083,379.7376,0.6869,61.6387,1.8384,37588.4109,89.7407,538.3845,395.5999,218.4789,430.6076,432.5446,432.5446,1046.441,1081.3617,427.0584,0.0,2.43015,2.511246,0.971205,30,216,96,2,0.20383968,0.00163983,-0.01249836,0E-8,0.000000,0.906607,0.000000,0.01775797,2026-03-22,2026-08-06,108,3621,2443,138,0.782609,1.360932,1.287360,0.679466,,,,,,,,GLOBAL_BASELINE_NO_ENTITY_RANKING,,,NOT_APPLICABLE_GLOBAL_BASELINE,HF9g-P5,,,,X 全窗基线 · 不参与实体赏罚,14198462,1420,A168_HF9F_20260827_0900,2026-08-27 09:00:00
2026-05-05,57024343,1151,0,865.0893204724,-21.6272330118,-21.6272330118,0.5000000,2,2,0.50665070000000000,0.506650700000,-0.018812684590367487,-0.018812684590367487,-0.018812684590367487,0E-17,ELIGIBLE,R03b_20260811_FULL_v1,L1_ELIGIBILITY,v2026-08-11,2026-03-21..2026-08-06,baccarat_bet02_101_all_pairs_incl_sentinel,round_win = game_pnl > 0 (decisive only),COMPATIBILITY_ONLY_NOT_PRODUCTION,4059548.3812,3680416.6879,6656.9809,9707,9692,-0.00163983,0.01249836,-0.00525961,-0.00163983,-6656.9809,4059548.3812,OK,0.0000,266.2792,4.0000,96.0000,AG03-UNRESOLVED,ALL5_LEVELS_bet23_to_bet27,266.2792,266.2792,266.2792,0.0000,0.0000,4.000000,4.000000,4.000000,0.000000,0.000000,96.000000,96.000000,96.000000,100.000000,100.000000,5.0,798.8377,767.3102,5858.1432,5889.6706,PENDING_AG03,FALSE,NOT_FOR_ENFORCEMENT,6390.7016,3533200.0204,6656.9809,6390.7016,266.2792,0.00163983,0.00157424,266.2792,6390.7016,0.00157424,266.2792,266.2792,266.2792,0.0000,0.0000,6390.7016,0.00157424,798.8377,767.3102,5858.1432,5889.6706,0.00144305,0.00145082,0.00006559,418.2083,379.7376,0.6869,61.6387,1.8384,37588.4109,89.7407,538.3845,395.5999,218.4789,430.6076,432.5446,432.5446,1046.441,1081.3617,427.0584,0.0,2.43015,2.511246,0.971205,30,216,96,2,0.20383968,0.00163983,-0.01249836,0E-8,0.000000,0.906607,0.000000,0.01775797,2026-03-22,2026-08-06,108,3621,2443,138,0.782609,1.360932,1.287360,0.679466,,,,,,,,GLOBAL_BASELINE_NO_ENTITY_RANKING,,,NOT_APPLICABLE_GLOBAL_BASELINE,HF9g-P5,,,,X 全窗基线 · 不参与实体赏罚,14198463,1420,A168_HF9F_20260827_0900,2026-08-27 09:00:00
2026-05-05,57024343,1205,0,432.5446602362,-432.5446602362,-432.5446602362,0E-7,1,1,0.50665070000000000,0.506650700000,-1.013391052207602,-1.013391052207602,-1.013391052207602,0E-17,ELIGIBLE,R03b_20260811_FULL_v1,L1_ELIGIBILITY,v2026-08-11,2026-03-21..2026-08-06,baccarat_bet02_101_all_pairs_incl_sentinel,round_win = game_pnl > 0 (decisive only),COMPATIBILITY_ONLY_NOT_PRODUCTION,4059548.3812,3680416.6879,6656.9809,9707,9692,-0.00163983,0.01249836,-0.00525961,-0.00163983,-6656.9809,4059548.3812,OK,0.0000,266.2792,4.0000,96.0000,AG03-UNRESOLVED,ALL5_LEVELS_bet23_to_bet27,266.2792,266.2792,266.2792,0.0000,0.0000,4.000000,4.000000,4.000000,0.000000,0.000000,96.000000,96.000000,96.000000,100.000000,100.000000,5.0,798.8377,767.3102,5858.1432,5889.6706,PENDING_AG03,FALSE,NOT_FOR_ENFORCEMENT,6390.7016,3533200.0204,6656.9809,6390.7016,266.2792,0.00163983,0.00157424,266.2792,6390.7016,0.00157424,266.2792,266.2792,266.2792,0.0000,0.0000,6390.7016,0.00157424,798.8377,767.3102,5858.1432,5889.6706,0.00144305,0.00145082,0.00006559,418.2083,379.7376,0.6869,61.6387,1.8384,37588.4109,89.7407,538.3845,395.5999,218.4789,430.6076,432.5446,432.5446,1046.441,1081.3617,427.0584,0.0,2.43015,2.511246,0.971205,30,216,96,2,0.20383968,0.00163983,-0.01249836,0E-8,0.000000,0.906607,0.000000,0.01775797,2026-03-22,2026-08-06,108,3621,2443,138,0.782609,1.360932,1.287360,0.679466,,,,,,,,GLOBAL_BASELINE_NO_ENTITY_RANKING,,,NOT_APPLICABLE_GLOBAL_BASELINE,HF9g-P5,,,,X 全窗基线 · 不参与实体赏罚,14198464,1420,A168_HF9F_20260827_0900,2026-08-27 09:00:00
2026-05-05,57024343,1385,0,1730.1786409448,821.8348544488,821.8348544488,0.7500000,4,4,0.50329940000000000,0.503299400000,0.9868238854431842,0.9868238854431842,0.9868238854431842,0E-17,ELIGIBLE,R03b_20260811_FULL_v1,L1_ELIGIBILITY,v2026-08-11,2026-03-21..2026-08-06,baccarat_bet02_101_all_pairs_incl_sentinel,round_win = game_pnl > 0 (decisive only),COMPATIBILITY_ONLY_NOT_PRODUCTION,4059548.3812,3680416.6879,6656.9809,9707,9692,-0.00163983,0.01249836,-0.00525961,-0.00163983,-6656.9809,4059548.3812,OK,0.0000,266.2792,4.0000,96.0000,AG03-UNRESOLVED,ALL5_LEVELS_bet23_to_bet27,266.2792,266.2792,266.2792,0.0000,0.0000,4.000000,4.000000,4.000000,0.000000,0.000000,96.000000,96.000000,96.000000,100.000000,100.000000,5.0,798.8377,767.3102,5858.1432,5889.6706,PENDING_AG03,FALSE,NOT_FOR_ENFORCEMENT,6390.7016,3533200.0204,6656.9809,6390.7016,266.2792,0.00163983,0.00157424,266.2792,6390.7016,0.00157424,266.2792,266.2792,266.2792,0.0000,0.0000,6390.7016,0.00157424,798.8377,767.3102,5858.1432,5889.6706,0.00144305,0.00145082,0.00006559,418.2083,379.7376,0.6869,61.6387,1.8384,37588.4109,89.7407,538.3845,395.5999,218.4789,430.6076,432.5446,432.5446,1046.441,1081.3617,427.0584,0.0,2.43015,2.511246,0.971205,30,216,96,2,0.20383968,0.00163983,-0.01249836,0E-8,0.000000,0.906607,0.000000,0.01775797,2026-03-22,2026-08-06,108,3621,2443,138,0.782609,1.360932,1.287360,0.679466,,,,,,,,GLOBAL_BASELINE_NO_ENTITY_RANKING,,,NOT_APPLICABLE_GLOBAL_BASELINE,HF9g-P5,,,,X 全窗基线 · 不参与实体赏罚,14198465,1420,A168_HF9F_20260827_0900,2026-08-27 09:00:00
2026-05-05,57024343,1485,0,1297.6339807086,-21.6272330118,-21.6272330118,0.5000000,3,3,0.50218230000000000,0.502182300000,-0.00617253530718887,-0.00617253530718887,-0.00617253530718887,0E-17,ELIGIBLE,R03b_20260811_FULL_v1,L1_ELIGIBILITY,v2026-08-11,2026-03-21..2026-08-06,baccarat_bet02_101_all_pairs_incl_sentinel,round_win = game_pnl > 0 (decisive only),COMPATIBILITY_ONLY_NOT_PRODUCTION,4059548.3812,3680416.6879,6656.9809,9707,9692,-0.00163983,0.01249836,-0.00525961,-0.00163983,-6656.9809,4059548.3812,OK,0.0000,266.2792,4.0000,96.0000,AG03-UNRESOLVED,ALL5_LEVELS_bet23_to_bet27,266.2792,266.2792,266.2792,0.0000,0.0000,4.000000,4.000000,4.000000,0.000000,0.000000,96.000000,96.000000,96.000000,100.000000,100.000000,5.0,798.8377,767.3102,5858.1432,5889.6706,PENDING_AG03,FALSE,NOT_FOR_ENFORCEMENT,6390.7016,3533200.0204,6656.9809,6390.7016,266.2792,0.00163983,0.00157424,266.2792,6390.7016,0.00157424,266.2792,266.2792,266.2792,0.0000,0.0000,6390.7016,0.00157424,798.8377,767.3102,5858.1432,5889.6706,0.00144305,0.00145082,0.00006559,418.2083,379.7376,0.6869,61.6387,1.8384,37588.4109,89.7407,538.3845,395.5999,218.4789,430.6076,432.5446,432.5446,1046.441,1081.3617,427.0584,0.0,2.43015,2.511246,0.971205,30,216,96,2,0.20383968,0.00163983,-0.01249836,0E-8,0.000000,0.906607,0.000000,0.01775797,2026-03-22,2026-08-06,108,3621,2443,138,0.782609,1.360932,1.287360,0.679466,,,,,,,,GLOBAL_BASELINE_NO_ENTITY_RANKING,,,NOT_APPLICABLE_GLOBAL_BASELINE,HF9g-P5,,,,X 全窗基线 · 不参与实体赏罚,14198466,1420,A168_HF9F_20260827_0900,2026-08-27 09:00:00
2026-05-05,57024343,1490,0,1297.6339807086,-21.6272330118,-21.6272330118,0.5000000,3,3,0.50665070000000000,0.506650700000,-0.018812684590367487,-0.018812684590367487,-0.018812684590367487,0E-17,ELIGIBLE,R03b_20260811_FULL_v1,L1_ELIGIBILITY,v2026-08-11,2026-03-21..2026-08-06,baccarat_bet02_101_all_pairs_incl_sentinel,round_win = game_pnl > 0 (decisive only),COMPATIBILITY_ONLY_NOT_PRODUCTION,4059548.3812,3680416.6879,6656.9809,9707,9692,-0.00163983,0.01249836,-0.00525961,-0.00163983,-6656.9809,4059548.3812,OK,0.0000,266.2792,4.0000,96.0000,AG03-UNRESOLVED,ALL5_LEVELS_bet23_to_bet27,266.2792,266.2792,266.2792,0.0000,0.0000,4.000000,4.000000,4.000000,0.000000,0.000000,96.000000,96.000000,96.000000,100.000000,100.000000,5.0,798.8377,767.3102,5858.1432,5889.6706,PENDING_AG03,FALSE,NOT_FOR_ENFORCEMENT,6390.7016,3533200.0204,6656.9809,6390.7016,266.2792,0.00163983,0.00157424,266.2792,6390.7016,0.00157424,266.2792,266.2792,266.2792,0.0000,0.0000,6390.7016,0.00157424,798.8377,767.3102,5858.1432,5889.6706,0.00144305,0.00145082,0.00006559,418.2083,379.7376,0.6869,61.6387,1.8384,37588.4109,89.7407,538.3845,395.5999,218.4789,430.6076,432.5446,432.5446,1046.441,1081.3617,427.0584,0.0,2.43015,2.511246,0.971205,30,216,96,2,0.20383968,0.00163983,-0.01249836,0E-8,0.000000,0.906607,0.000000,0.01775797,2026-03-22,2026-08-06,108,3621,2443,138,0.782609,1.360932,1.287360,0.679466,,,,,,,,GLOBAL_BASELINE_NO_ENTITY_RANKING,,,NOT_APPLICABLE_GLOBAL_BASELINE,HF9g-P5,,,,X 全窗基线 · 不参与实体赏罚,14198467,1420,A168_HF9F_20260827_0900,2026-08-27 09:00:00
2026-05-05,57024343,1507,0,1297.6339807086,-865.0893204724,-865.0893204724,0E-7,3,3,0.50665070000000000,0.506650700000,-1.4331513700195317,-1.4331513700195317,-1.4331513700195317,0E-17,ELIGIBLE,R03b_20260811_FULL_v1,L1_ELIGIBILITY,v2026-08-11,2026-03-21..2026-08-06,baccarat_bet02_101_all_pairs_incl_sentinel,round_win = game_pnl > 0 (decisive only),COMPATIBILITY_ONLY_NOT_PRODUCTION,4059548.3812,3680416.6879,6656.9809,9707,9692,-0.00163983,0.01249836,-0.00525961,-0.00163983,-6656.9809,4059548.3812,OK,0.0000,266.2792,4.0000,96.0000,AG03-UNRESOLVED,ALL5_LEVELS_bet23_to_bet27,266.2792,266.2792,266.2792,0.0000,0.0000,4.000000,4.000000,4.000000,0.000000,0.000000,96.000000,96.000000,96.000000,100.000000,100.000000,5.0,798.8377,767.3102,5858.1432,5889.6706,PENDING_AG03,FALSE,NOT_FOR_ENFORCEMENT,6390.7016,3533200.0204,6656.9809,6390.7016,266.2792,0.00163983,0.00157424,266.2792,6390.7016,0.00157424,266.2792,266.2792,266.2792,0.0000,0.0000,6390.7016,0.00157424,798.8377,767.3102,5858.1432,5889.6706,0.00144305,0.00145082,0.00006559,418.2083,379.7376,0.6869,61.6387,1.8384,37588.4109,89.7407,538.3845,395.5999,218.4789,430.6076,432.5446,432.5446,1046.441,1081.3617,427.0584,0.0,2.43015,2.511246,0.971205,30,216,96,2,0.20383968,0.00163983,-0.01249836,0E-8,0.000000,0.906607,0.000000,0.01775797,2026-03-22,2026-08-06,108,3621,2443,138,0.782609,1.360932,1.287360,0.679466,,,,,,,,GLOBAL_BASELINE_NO_ENTITY_RANKING,,,NOT_APPLICABLE_GLOBAL_BASELINE,HF9g-P5,,,,X 全窗基线 · 不参与实体赏罚,14198468,1420,A168_HF9F_20260827_0900,2026-08-27 09:00:00
2026-05-05,57024343,1654,0,1730.1786409448,1232.7522816732,1232.7522816732,1.0000000,4,4,0.50665070000000000,0.506650700000,1.7091633124209307,1.7091633124209307,1.7091633124209307,0E-17,ELIGIBLE,R03b_20260811_FULL_v1,L1_ELIGIBILITY,v2026-08-11,2026-03-21..2026-08-06,baccarat_bet02_101_all_pairs_incl_sentinel,round_win = game_pnl > 0 (decisive only),COMPATIBILITY_ONLY_NOT_PRODUCTION,4059548.3812,3680416.6879,6656.9809,9707,9692,-0.00163983,0.01249836,-0.00525961,-0.00163983,-6656.9809,4059548.3812,OK,0.0000,266.2792,4.0000,96.0000,AG03-UNRESOLVED,ALL5_LEVELS_bet23_to_bet27,266.2792,266.2792,266.2792,0.0000,0.0000,4.000000,4.000000,4.000000,0.000000,0.000000,96.000000,96.000000,96.000000,100.000000,100.000000,5.0,798.8377,767.3102,5858.1432,5889.6706,PENDING_AG03,FALSE,NOT_FOR_ENFORCEMENT,6390.7016,3533200.0204,6656.9809,6390.7016,266.2792,0.00163983,0.00157424,266.2792,6390.7016,0.00157424,266.2792,266.2792,266.2792,0.0000,0.0000,6390.7016,0.00157424,798.8377,767.3102,5858.1432,5889.6706,0.00144305,0.00145082,0.00006559,418.2083,379.7376,0.6869,61.6387,1.8384,37588.4109,89.7407,538.3845,395.5999,218.4789,430.6076,432.5446,432.5446,1046.441,1081.3617,427.0584,0.0,2.43015,2.511246,0.971205,30,216,96,2,0.20383968,0.00163983,-0.01249836,0E-8,0.000000,0.906607,0.000000,0.01775797,2026-03-22,2026-08-06,108,3621,2443,138,0.782609,1.360932,1.287360,0.679466,,,,,,,,GLOBAL_BASELINE_NO_ENTITY_RANKING,,,NOT_APPLICABLE_GLOBAL_BASELINE,HF9g-P5,,,,X 全窗基线 · 不参与实体赏罚,14198469,1420,A168_HF9F_20260827_0900,2026-08-27 09:00:00
2026-05-05,57024343,1952,0,3027.8126216534,2487.1317963582,2487.1317963582,1.0000000,7,7,0.50473567142857143,0.504735671429,2.426398619709395,2.426398619707315,2.426398619709395,-4.2857E-13,ELIGIBLE,R03b_20260811_FULL_v1,L1_ELIGIBILITY,v2026-08-11,2026-03-21..2026-08-06,baccarat_bet02_101_all_pairs_incl_sentinel,round_win = game_pnl > 0 (decisive only),COMPATIBILITY_ONLY_NOT_PRODUCTION,4059548.3812,3680416.6879,6656.9809,9707,9692,-0.00163983,0.01249836,-0.00525961,-0.00163983,-6656.9809,4059548.3812,OK,0.0000,266.2792,4.0000,96.0000,AG03-UNRESOLVED,ALL5_LEVELS_bet23_to_bet27,266.2792,266.2792,266.2792,0.0000,0.0000,4.000000,4.000000,4.000000,0.000000,0.000000,96.000000,96.000000,96.000000,100.000000,100.000000,5.0,798.8377,767.3102,5858.1432,5889.6706,PENDING_AG03,FALSE,NOT_FOR_ENFORCEMENT,6390.7016,3533200.0204,6656.9809,6390.7016,266.2792,0.00163983,0.00157424,266.2792,6390.7016,0.00157424,266.2792,266.2792,266.2792,0.0000,0.0000,6390.7016,0.00157424,798.8377,767.3102,5858.1432,5889.6706,0.00144305,0.00145082,0.00006559,418.2083,379.7376,0.6869,61.6387,1.8384,37588.4109,89.7407,538.3845,395.5999,218.4789,430.6076,432.5446,432.5446,1046.441,1081.3617,427.0584,0.0,2.43015,2.511246,0.971205,30,216,96,2,0.20383968,0.00163983,-0.01249836,0E-8,0.000000,0.906607,0.000000,0.01775797,2026-03-22,2026-08-06,108,3621,2443,138,0.782609,1.360932,1.287360,0.679466,,,,,,,,GLOBAL_BASELINE_NO_ENTITY_RANKING,,,NOT_APPLICABLE_GLOBAL_BASELINE,HF9g-P5,,,,X 全窗基线 · 不参与实体赏罚,14198470,1420,A168_HF9F_20260827_0900,2026-08-27 09:00:00
2026-05-05,57024343,1963,0,2595.2679614172,-1297.6339807086,-1297.6339807086,0.2000000,6,6,0.50218230000000000,0.502182300000,-1.351413200886205,-1.351413200886205,-1.351413200886205,0E-17,ELIGIBLE,R03b_20260811_FULL_v1,L1_ELIGIBILITY,v2026-08-11,2026-03-21..2026-08-06,baccarat_bet02_101_all_pairs_incl_sentinel,round_win = game_pnl > 0 (decisive only),COMPATIBILITY_ONLY_NOT_PRODUCTION,4059548.3812,3680416.6879,6656.9809,9707,9692,-0.00163983,0.01249836,-0.00525961,-0.00163983,-6656.9809,4059548.3812,OK,0.0000,266.2792,4.0000,96.0000,AG03-UNRESOLVED,ALL5_LEVELS_bet23_to_bet27,266.2792,266.2792,266.2792,0.0000,0.0000,4.000000,4.000000,4.000000,0.000000,0.000000,96.000000,96.000000,96.000000,100.000000,100.000000,5.0,798.8377,767.3102,5858.1432,5889.6706,PENDING_AG03,FALSE,NOT_FOR_ENFORCEMENT,6390.7016,3533200.0204,6656.9809,6390.7016,266.2792,0.00163983,0.00157424,266.2792,6390.7016,0.00157424,266.2792,266.2792,266.2792,0.0000,0.0000,6390.7016,0.00157424,798.8377,767.3102,5858.1432,5889.6706,0.00144305,0.00145082,0.00006559,418.2083,379.7376,0.6869,61.6387,1.8384,37588.4109,89.7407,538.3845,395.5999,218.4789,430.6076,432.5446,432.5446,1046.441,1081.3617,427.0584,0.0,2.43015,2.511246,0.971205,30,216,96,2,0.20383968,0.00163983,-0.01249836,0E-8,0.000000,0.906607,0.000000,0.01775797,2026-03-22,2026-08-06,108,3621,2443,138,0.782609,1.360932,1.287360,0.679466,,,,,,,,GLOBAL_BASELINE_NO_ENTITY_RANKING,,,NOT_APPLICABLE_GLOBAL_BASELINE,HF9g-P5,,,,X 全窗基线 · 不参与实体赏罚,14198471,1420,A168_HF9F_20260827_0900,2026-08-27 09:00:00
2026-05-05,57024343,1984,0,1730.1786409448,432.5446602362,432.5446602362,0.6666667,4,4,0.49659680000000000,0.496596800000,0.5891529468324541,0.589152946832454,0.5891529468324541,0E-17,ELIGIBLE,R03b_20260811_FULL_v1,L1_ELIGIBILITY,v2026-08-11,2026-03-21..2026-08-06,baccarat_bet02_101_all_pairs_incl_sentinel,round_win = game_pnl > 0 (decisive only),COMPATIBILITY_ONLY_NOT_PRODUCTION,4059548.3812,3680416.6879,6656.9809,9707,9692,-0.00163983,0.01249836,-0.00525961,-0.00163983,-6656.9809,4059548.3812,OK,0.0000,266.2792,4.0000,96.0000,AG03-UNRESOLVED,ALL5_LEVELS_bet23_to_bet27,266.2792,266.2792,266.2792,0.0000,0.0000,4.000000,4.000000,4.000000,0.000000,0.000000,96.000000,96.000000,96.000000,100.000000,100.000000,5.0,798.8377,767.3102,5858.1432,5889.6706,PENDING_AG03,FALSE,NOT_FOR_ENFORCEMENT,6390.7016,3533200.0204,6656.9809,6390.7016,266.2792,0.00163983,0.00157424,266.2792,6390.7016,0.00157424,266.2792,266.2792,266.2792,0.0000,0.0000,6390.7016,0.00157424,798.8377,767.3102,5858.1432,5889.6706,0.00144305,0.00145082,0.00006559,418.2083,379.7376,0.6869,61.6387,1.8384,37588.4109,89.7407,538.3845,395.5999,218.4789,430.6076,432.5446,432.5446,1046.441,1081.3617,427.0584,0.0,2.43015,2.511246,0.971205,30,216,96,2,0.20383968,0.00163983,-0.01249836,0E-8,0.000000,0.906607,0.000000,0.01775797,2026-03-22,2026-08-06,108,3621,2443,138,0.782609,1.360932,1.287360,0.679466,,,,,,,,GLOBAL_BASELINE_NO_ENTITY_RANKING,,,NOT_APPLICABLE_GLOBAL_BASELINE,HF9g-P5,,,,X 全窗基线 · 不参与实体赏罚,14198472,1420,A168_HF9F_20260827_0900,2026-08-27 09:00:00
2026-05-05,57024343,2103,0,1297.6339807086,-454.1718932480,-454.1718932480,0.3333333,3,3,0.50665070000000000,0.506650700000,-0.6004420894325239,-0.6004420894325239,-0.6004420894325239,0E-17,ELIGIBLE,R03b_20260811_FULL_v1,L1_ELIGIBILITY,v2026-08-11,2026-03-21..2026-08-06,baccarat_bet02_101_all_pairs_incl_sentinel,round_win = game_pnl > 0 (decisive only),COMPATIBILITY_ONLY_NOT_PRODUCTION,4059548.3812,3680416.6879,6656.9809,9707,9692,-0.00163983,0.01249836,-0.00525961,-0.00163983,-6656.9809,4059548.3812,OK,0.0000,266.2792,4.0000,96.0000,AG03-UNRESOLVED,ALL5_LEVELS_bet23_to_bet27,266.2792,266.2792,266.2792,0.0000,0.0000,4.000000,4.000000,4.000000,0.000000,0.000000,96.000000,96.000000,96.000000,100.000000,100.000000,5.0,798.8377,767.3102,5858.1432,5889.6706,PENDING_AG03,FALSE,NOT_FOR_ENFORCEMENT,6390.7016,3533200.0204,6656.9809,6390.7016,266.2792,0.00163983,0.00157424,266.2792,6390.7016,0.00157424,266.2792,266.2792,266.2792,0.0000,0.0000,6390.7016,0.00157424,798.8377,767.3102,5858.1432,5889.6706,0.00144305,0.00145082,0.00006559,418.2083,379.7376,0.6869,61.6387,1.8384,37588.4109,89.7407,538.3845,395.5999,218.4789,430.6076,432.5446,432.5446,1046.441,1081.3617,427.0584,0.0,2.43015,2.511246,0.971205,30,216,96,2,0.20383968,0.00163983,-0.01249836,0E-8,0.000000,0.906607,0.000000,0.01775797,2026-03-22,2026-08-06,108,3621,2443,138,0.782609,1.360932,1.287360,0.679466,,,,,,,,GLOBAL_BASELINE_NO_ENTITY_RANKING,,,NOT_APPLICABLE_GLOBAL_BASELINE,HF9g-P5,,,,X 全窗基线 · 不参与实体赏罚,14198473,1420,A168_HF9F_20260827_0900,2026-08-27 09:00:00
2026-05-05,57024343,2108,0,865.0893204724,-865.0893204724,-865.0893204724,0E-7,2,2,0.50665070000000000,0.506650700000,-1.4331513700195317,-1.4331513700195317,-1.4331513700195317,0E-17,ELIGIBLE,R03b_20260811_FULL_v1,L1_ELIGIBILITY,v2026-08-11,2026-03-21..2026-08-06,baccarat_bet02_101_all_pairs_incl_sentinel,round_win = game_pnl > 0 (decisive only),COMPATIBILITY_ONLY_NOT_PRODUCTION,4059548.3812,3680416.6879,6656.9809,9707,9692,-0.00163983,0.01249836,-0.00525961,-0.00163983,-6656.9809,4059548.3812,OK,0.0000,266.2792,4.0000,96.0000,AG03-UNRESOLVED,ALL5_LEVELS_bet23_to_bet27,266.2792,266.2792,266.2792,0.0000,0.0000,4.000000,4.000000,4.000000,0.000000,0.000000,96.000000,96.000000,96.000000,100.000000,100.000000,5.0,798.8377,767.3102,5858.1432,5889.6706,PENDING_AG03,FALSE,NOT_FOR_ENFORCEMENT,6390.7016,3533200.0204,6656.9809,6390.7016,266.2792,0.00163983,0.00157424,266.2792,6390.7016,0.00157424,266.2792,266.2792,266.2792,0.0000,0.0000,6390.7016,0.00157424,798.8377,767.3102,5858.1432,5889.6706,0.00144305,0.00145082,0.00006559,418.2083,379.7376,0.6869,61.6387,1.8384,37588.4109,89.7407,538.3845,395.5999,218.4789,430.6076,432.5446,432.5446,1046.441,1081.3617,427.0584,0.0,2.43015,2.511246,0.971205,30,216,96,2,0.20383968,0.00163983,-0.01249836,0E-8,0.000000,0.906607,0.000000,0.01775797,2026-03-22,2026-08-06,108,3621,2443,138,0.782609,1.360932,1.287360,0.679466,,,,,,,,GLOBAL_BASELINE_NO_ENTITY_RANKING,,,NOT_APPLICABLE_GLOBAL_BASELINE,HF9g-P5,,,,X 全窗基线 · 不参与实体赏罚,14198474,1420,A168_HF9F_20260827_0900,2026-08-27 09:00:00
2026-05-05,57024343,2123,0,2162.7233011810,1232.7522816732,1232.7522816732,0.8000000,5,5,0.50396966000000000,0.503969660000,1.3239296534401845,1.3239296534401845,1.3239296534401845,0E-17,ELIGIBLE,R03b_20260811_FULL_v1,L1_ELIGIBILITY,v2026-08-11,2026-03-21..2026-08-06,baccarat_bet02_101_all_pairs_incl_sentinel,round_win = game_pnl > 0 (decisive only),COMPATIBILITY_ONLY_NOT_PRODUCTION,4059548.3812,3680416.6879,6656.9809,9707,9692,-0.00163983,0.01249836,-0.00525961,-0.00163983,-6656.9809,4059548.3812,OK,0.0000,266.2792,4.0000,96.0000,AG03-UNRESOLVED,ALL5_LEVELS_bet23_to_bet27,266.2792,266.2792,266.2792,0.0000,0.0000,4.000000,4.000000,4.000000,0.000000,0.000000,96.000000,96.000000,96.000000,100.000000,100.000000,5.0,798.8377,767.3102,5858.1432,5889.6706,PENDING_AG03,FALSE,NOT_FOR_ENFORCEMENT,6390.7016,3533200.0204,6656.9809,6390.7016,266.2792,0.00163983,0.00157424,266.2792,6390.7016,0.00157424,266.2792,266.2792,266.2792,0.0000,0.0000,6390.7016,0.00157424,798.8377,767.3102,5858.1432,5889.6706,0.00144305,0.00145082,0.00006559,418.2083,379.7376,0.6869,61.6387,1.8384,37588.4109,89.7407,538.3845,395.5999,218.4789,430.6076,432.5446,432.5446,1046.441,1081.3617,427.0584,0.0,2.43015,2.511246,0.971205,30,216,96,2,0.20383968,0.00163983,-0.01249836,0E-8,0.000000,0.906607,0.000000,0.01775797,2026-03-22,2026-08-06,108,3621,2443,138,0.782609,1.360932,1.287360,0.679466,,,,,,,,GLOBAL_BASELINE_NO_ENTITY_RANKING,,,NOT_APPLICABLE_GLOBAL_BASELINE,HF9g-P5,,,,X 全窗基线 · 不参与实体赏罚,14198475,1420,A168_HF9F_20260827_0900,2026-08-27 09:00:00
2026-05-05,57024343,2142,0,3460.3572818896,-3460.3572818896,-3460.3572818896,0E-7,8,8,0.50497505000000000,0.504975050000,-2.8567116746216725,-2.8567116746216725,-2.8567116746216725,0E-17,ELIGIBLE,R03b_20260811_FULL_v1,L1_ELIGIBILITY,v2026-08-11,2026-03-21..2026-08-06,baccarat_bet02_101_all_pairs_incl_sentinel,round_win = game_pnl > 0 (decisive only),COMPATIBILITY_ONLY_NOT_PRODUCTION,4059548.3812,3680416.6879,6656.9809,9707,9692,-0.00163983,0.01249836,-0.00525961,-0.00163983,-6656.9809,4059548.3812,OK,0.0000,266.2792,4.0000,96.0000,AG03-UNRESOLVED,ALL5_LEVELS_bet23_to_bet27,266.2792,266.2792,266.2792,0.0000,0.0000,4.000000,4.000000,4.000000,0.000000,0.000000,96.000000,96.000000,96.000000,100.000000,100.000000,5.0,798.8377,767.3102,5858.1432,5889.6706,PENDING_AG03,FALSE,NOT_FOR_ENFORCEMENT,6390.7016,3533200.0204,6656.9809,6390.7016,266.2792,0.00163983,0.00157424,266.2792,6390.7016,0.00157424,266.2792,266.2792,266.2792,0.0000,0.0000,6390.7016,0.00157424,798.8377,767.3102,5858.1432,5889.6706,0.00144305,0.00145082,0.00006559,418.2083,379.7376,0.6869,61.6387,1.8384,37588.4109,89.7407,538.3845,395.5999,218.4789,430.6076,432.5446,432.5446,1046.441,1081.3617,427.0584,0.0,2.43015,2.511246,0.971205,30,216,96,2,0.20383968,0.00163983,-0.01249836,0E-8,0.000000,0.906607,0.000000,0.01775797,2026-03-22,2026-08-06,108,3621,2443,138,0.782609,1.360932,1.287360,0.679466,,,,,,,,GLOBAL_BASELINE_NO_ENTITY_RANKING,,,NOT_APPLICABLE_GLOBAL_BASELINE,HF9g-P5,,,,X 全窗基线 · 不参与实体赏罚,14198476,1420,A168_HF9F_20260827_0900,2026-08-27 09:00:00
2026-05-05,57024343,2147,0,432.5446602362,410.9174272244,410.9174272244,1.0000000,1,1,0.50665070000000000,0.506650700000,0.9867858985152569,0.9867858985152569,0.9867858985152569,0E-17,ELIGIBLE,R03b_20260811_FULL_v1,L1_ELIGIBILITY,v2026-08-11,2026-03-21..2026-08-06,baccarat_bet02_101_all_pairs_incl_sentinel,round_win = game_pnl > 0 (decisive only),COMPATIBILITY_ONLY_NOT_PRODUCTION,4059548.3812,3680416.6879,6656.9809,9707,9692,-0.00163983,0.01249836,-0.00525961,-0.00163983,-6656.9809,4059548.3812,OK,0.0000,266.2792,4.0000,96.0000,AG03-UNRESOLVED,ALL5_LEVELS_bet23_to_bet27,266.2792,266.2792,266.2792,0.0000,0.0000,4.000000,4.000000,4.000000,0.000000,0.000000,96.000000,96.000000,96.000000,100.000000,100.000000,5.0,798.8377,767.3102,5858.1432,5889.6706,PENDING_AG03,FALSE,NOT_FOR_ENFORCEMENT,6390.7016,3533200.0204,6656.9809,6390.7016,266.2792,0.00163983,0.00157424,266.2792,6390.7016,0.00157424,266.2792,266.2792,266.2792,0.0000,0.0000,6390.7016,0.00157424,798.8377,767.3102,5858.1432,5889.6706,0.00144305,0.00145082,0.00006559,418.2083,379.7376,0.6869,61.6387,1.8384,37588.4109,89.7407,538.3845,395.5999,218.4789,430.6076,432.5446,432.5446,1046.441,1081.3617,427.0584,0.0,2.43015,2.511246,0.971205,30,216,96,2,0.20383968,0.00163983,-0.01249836,0E-8,0.000000,0.906607,0.000000,0.01775797,2026-03-22,2026-08-06,108,3621,2443,138,0.782609,1.360932,1.287360,0.679466,,,,,,,,GLOBAL_BASELINE_NO_ENTITY_RANKING,,,NOT_APPLICABLE_GLOBAL_BASELINE,HF9g-P5,,,,X 全窗基线 · 不参与实体赏罚,14198477,1420,A168_HF9F_20260827_0900,2026-08-27 09:00:00
2026-05-05,57024343,2152,0,865.0893204724,432.5446602362,432.5446602362,1.0000000,2,2,0.49994810000000000,0.499948100000,1.0001038053877793,1.0001038053877793,1.0001038053877793,0E-17,ELIGIBLE,R03b_20260811_FULL_v1,L1_ELIGIBILITY,v2026-08-11,2026-03-21..2026-08-06,baccarat_bet02_101_all_pairs_incl_sentinel,round_win = game_pnl > 0 (decisive only),COMPATIBILITY_ONLY_NOT_PRODUCTION,4059548.3812,3680416.6879,6656.9809,9707,9692,-0.00163983,0.01249836,-0.00525961,-0.00163983,-6656.9809,4059548.3812,OK,0.0000,266.2792,4.0000,96.0000,AG03-UNRESOLVED,ALL5_LEVELS_bet23_to_bet27,266.2792,266.2792,266.2792,0.0000,0.0000,4.000000,4.000000,4.000000,0.000000,0.000000,96.000000,96.000000,96.000000,100.000000,100.000000,5.0,798.8377,767.3102,5858.1432,5889.6706,PENDING_AG03,FALSE,NOT_FOR_ENFORCEMENT,6390.7016,3533200.0204,6656.9809,6390.7016,266.2792,0.00163983,0.00157424,266.2792,6390.7016,0.00157424,266.2792,266.2792,266.2792,0.0000,0.0000,6390.7016,0.00157424,798.8377,767.3102,5858.1432,5889.6706,0.00144305,0.00145082,0.00006559,418.2083,379.7376,0.6869,61.6387,1.8384,37588.4109,89.7407,538.3845,395.5999,218.4789,430.6076,432.5446,432.5446,1046.441,1081.3617,427.0584,0.0,2.43015,2.511246,0.971205,30,216,96,2,0.20383968,0.00163983,-0.01249836,0E-8,0.000000,0.906607,0.000000,0.01775797,2026-03-22,2026-08-06,108,3621,2443,138,0.782609,1.360932,1.287360,0.679466,,,,,,,,GLOBAL_BASELINE_NO_ENTITY_RANKING,,,NOT_APPLICABLE_GLOBAL_BASELINE,HF9g-P5,,,,X 全窗基线 · 不参与实体赏罚,14198478,1420,A168_HF9F_20260827_0900,2026-08-27 09:00:00
2026-05-05,57024343,2153,0,1730.1786409448,800.2076214370,800.2076214370,0.7500000,4,4,0.50665070000000000,0.506650700000,0.9734833216690844,0.9734833216690844,0.9734833216690844,0E-17,ELIGIBLE,R03b_20260811_FULL_v1,L1_ELIGIBILITY,v2026-08-11,2026-03-21..2026-08-06,baccarat_bet02_101_all_pairs_incl_sentinel,round_win = game_pnl > 0 (decisive only),COMPATIBILITY_ONLY_NOT_PRODUCTION,4059548.3812,3680416.6879,6656.9809,9707,9692,-0.00163983,0.01249836,-0.00525961,-0.00163983,-6656.9809,4059548.3812,OK,0.0000,266.2792,4.0000,96.0000,AG03-UNRESOLVED,ALL5_LEVELS_bet23_to_bet27,266.2792,266.2792,266.2792,0.0000,0.0000,4.000000,4.000000,4.000000,0.000000,0.000000,96.000000,96.000000,96.000000,100.000000,100.000000,5.0,798.8377,767.3102,5858.1432,5889.6706,PENDING_AG03,FALSE,NOT_FOR_ENFORCEMENT,6390.7016,3533200.0204,6656.9809,6390.7016,266.2792,0.00163983,0.00157424,266.2792,6390.7016,0.00157424,266.2792,266.2792,266.2792,0.0000,0.0000,6390.7016,0.00157424,798.8377,767.3102,5858.1432,5889.6706,0.00144305,0.00145082,0.00006559,418.2083,379.7376,0.6869,61.6387,1.8384,37588.4109,89.7407,538.3845,395.5999,218.4789,430.6076,432.5446,432.5446,1046.441,1081.3617,427.0584,0.0,2.43015,2.511246,0.971205,30,216,96,2,0.20383968,0.00163983,-0.01249836,0E-8,0.000000,0.906607,0.000000,0.01775797,2026-03-22,2026-08-06,108,3621,2443,138,0.782609,1.360932,1.287360,0.679466,,,,,,,,GLOBAL_BASELINE_NO_ENTITY_RANKING,,,NOT_APPLICABLE_GLOBAL_BASELINE,HF9g-P5,,,,X 全窗基线 · 不参与实体赏罚,14198479,1420,A168_HF9F_20260827_0900,2026-08-27 09:00:00
2026-05-05,57024343,2155,0,865.0893204724,-865.0893204724,-865.0893204724,0E-7,2,2,0.49994810000000000,0.499948100000,-1.4140667746232096,-1.4140667746232096,-1.4140667746232096,0E-17,ELIGIBLE,R03b_20260811_FULL_v1,L1_ELIGIBILITY,v2026-08-11,2026-03-21..2026-08-06,baccarat_bet02_101_all_pairs_incl_sentinel,round_win = game_pnl > 0 (decisive only),COMPATIBILITY_ONLY_NOT_PRODUCTION,4059548.3812,3680416.6879,6656.9809,9707,9692,-0.00163983,0.01249836,-0.00525961,-0.00163983,-6656.9809,4059548.3812,OK,0.0000,266.2792,4.0000,96.0000,AG03-UNRESOLVED,ALL5_LEVELS_bet23_to_bet27,266.2792,266.2792,266.2792,0.0000,0.0000,4.000000,4.000000,4.000000,0.000000,0.000000,96.000000,96.000000,96.000000,100.000000,100.000000,5.0,798.8377,767.3102,5858.1432,5889.6706,PENDING_AG03,FALSE,NOT_FOR_ENFORCEMENT,6390.7016,3533200.0204,6656.9809,6390.7016,266.2792,0.00163983,0.00157424,266.2792,6390.7016,0.00157424,266.2792,266.2792,266.2792,0.0000,0.0000,6390.7016,0.00157424,798.8377,767.3102,5858.1432,5889.6706,0.00144305,0.00145082,0.00006559,418.2083,379.7376,0.6869,61.6387,1.8384,37588.4109,89.7407,538.3845,395.5999,218.4789,430.6076,432.5446,432.5446,1046.441,1081.3617,427.0584,0.0,2.43015,2.511246,0.971205,30,216,96,2,0.20383968,0.00163983,-0.01249836,0E-8,0.000000,0.906607,0.000000,0.01775797,2026-03-22,2026-08-06,108,3621,2443,138,0.782609,1.360932,1.287360,0.679466,,,,,,,,GLOBAL_BASELINE_NO_ENTITY_RANKING,,,NOT_APPLICABLE_GLOBAL_BASELINE,HF9g-P5,,,,X 全窗基线 · 不参与实体赏罚,14198480,1420,A168_HF9F_20260827_0900,2026-08-27 09:00:00
2026-05-05,57024343,2212,0,865.0893204724,-21.6272330118,-21.6272330118,0.5000000,2,2,0.50665070000000000,0.506650700000,-0.018812684590367487,-0.018812684590367487,-0.018812684590367487,0E-17,ELIGIBLE,R03b_20260811_FULL_v1,L1_ELIGIBILITY,v2026-08-11,2026-03-21..2026-08-06,baccarat_bet02_101_all_pairs_incl_sentinel,round_win = game_pnl > 0 (decisive only),COMPATIBILITY_ONLY_NOT_PRODUCTION,4059548.3812,3680416.6879,6656.9809,9707,9692,-0.00163983,0.01249836,-0.00525961,-0.00163983,-6656.9809,4059548.3812,OK,0.0000,266.2792,4.0000,96.0000,AG03-UNRESOLVED,ALL5_LEVELS_bet23_to_bet27,266.2792,266.2792,266.2792,0.0000,0.0000,4.000000,4.000000,4.000000,0.000000,0.000000,96.000000,96.000000,96.000000,100.000000,100.000000,5.0,798.8377,767.3102,5858.1432,5889.6706,PENDING_AG03,FALSE,NOT_FOR_ENFORCEMENT,6390.7016,3533200.0204,6656.9809,6390.7016,266.2792,0.00163983,0.00157424,266.2792,6390.7016,0.00157424,266.2792,266.2792,266.2792,0.0000,0.0000,6390.7016,0.00157424,798.8377,767.3102,5858.1432,5889.6706,0.00144305,0.00145082,0.00006559,418.2083,379.7376,0.6869,61.6387,1.8384,37588.4109,89.7407,538.3845,395.5999,218.4789,430.6076,432.5446,432.5446,1046.441,1081.3617,427.0584,0.0,2.43015,2.511246,0.971205,30,216,96,2,0.20383968,0.00163983,-0.01249836,0E-8,0.000000,0.906607,0.000000,0.01775797,2026-03-22,2026-08-06,108,3621,2443,138,0.782609,1.360932,1.287360,0.679466,,,,,,,,GLOBAL_BASELINE_NO_ENTITY_RANKING,,,NOT_APPLICABLE_GLOBAL_BASELINE,HF9g-P5,,,,X 全窗基线 · 不参与实体赏罚,14198481,1420,A168_HF9F_20260827_0900,2026-08-27 09:00:00
2026-05-05,57024343,2216,0,865.0893204724,-21.6272330118,-21.6272330118,0.5000000,2,2,0.50665070000000000,0.506650700000,-0.018812684590367487,-0.018812684590367487,-0.018812684590367487,0E-17,ELIGIBLE,R03b_20260811_FULL_v1,L1_ELIGIBILITY,v2026-08-11,2026-03-21..2026-08-06,baccarat_bet02_101_all_pairs_incl_sentinel,round_win = game_pnl > 0 (decisive only),COMPATIBILITY_ONLY_NOT_PRODUCTION,4059548.3812,3680416.6879,6656.9809,9707,9692,-0.00163983,0.01249836,-0.00525961,-0.00163983,-6656.9809,4059548.3812,OK,0.0000,266.2792,4.0000,96.0000,AG03-UNRESOLVED,ALL5_LEVELS_bet23_to_bet27,266.2792,266.2792,266.2792,0.0000,0.0000,4.000000,4.000000,4.000000,0.000000,0.000000,96.000000,96.000000,96.000000,100.000000,100.000000,5.0,798.8377,767.3102,5858.1432,5889.6706,PENDING_AG03,FALSE,NOT_FOR_ENFORCEMENT,6390.7016,3533200.0204,6656.9809,6390.7016,266.2792,0.00163983,0.00157424,266.2792,6390.7016,0.00157424,266.2792,266.2792,266.2792,0.0000,0.0000,6390.7016,0.00157424,798.8377,767.3102,5858.1432,5889.6706,0.00144305,0.00145082,0.00006559,418.2083,379.7376,0.6869,61.6387,1.8384,37588.4109,89.7407,538.3845,395.5999,218.4789,430.6076,432.5446,432.5446,1046.441,1081.3617,427.0584,0.0,2.43015,2.511246,0.971205,30,216,96,2,0.20383968,0.00163983,-0.01249836,0E-8,0.000000,0.906607,0.000000,0.01775797,2026-03-22,2026-08-06,108,3621,2443,138,0.782609,1.360932,1.287360,0.679466,,,,,,,,GLOBAL_BASELINE_NO_ENTITY_RANKING,,,NOT_APPLICABLE_GLOBAL_BASELINE,HF9g-P5,,,,X 全窗基线 · 不参与实体赏罚,14198482,1420,A168_HF9F_20260827_0900,2026-08-27 09:00:00
2026-05-05,57024343,2222,0,432.5446602362,-432.5446602362,-432.5446602362,0E-7,1,1,0.50665070000000000,0.506650700000,-1.013391052207602,-1.013391052207602,-1.013391052207602,0E-17,ELIGIBLE,R03b_20260811_FULL_v1,L1_ELIGIBILITY,v2026-08-11,2026-03-21..2026-08-06,baccarat_bet02_101_all_pairs_incl_sentinel,round_win = game_pnl > 0 (decisive only),COMPATIBILITY_ONLY_NOT_PRODUCTION,4059548.3812,3680416.6879,6656.9809,9707,9692,-0.00163983,0.01249836,-0.00525961,-0.00163983,-6656.9809,4059548.3812,OK,0.0000,266.2792,4.0000,96.0000,AG03-UNRESOLVED,ALL5_LEVELS_bet23_to_bet27,266.2792,266.2792,266.2792,0.0000,0.0000,4.000000,4.000000,4.000000,0.000000,0.000000,96.000000,96.000000,96.000000,100.000000,100.000000,5.0,798.8377,767.3102,5858.1432,5889.6706,PENDING_AG03,FALSE,NOT_FOR_ENFORCEMENT,6390.7016,3533200.0204,6656.9809,6390.7016,266.2792,0.00163983,0.00157424,266.2792,6390.7016,0.00157424,266.2792,266.2792,266.2792,0.0000,0.0000,6390.7016,0.00157424,798.8377,767.3102,5858.1432,5889.6706,0.00144305,0.00145082,0.00006559,418.2083,379.7376,0.6869,61.6387,1.8384,37588.4109,89.7407,538.3845,395.5999,218.4789,430.6076,432.5446,432.5446,1046.441,1081.3617,427.0584,0.0,2.43015,2.511246,0.971205,30,216,96,2,0.20383968,0.00163983,-0.01249836,0E-8,0.000000,0.906607,0.000000,0.01775797,2026-03-22,2026-08-06,108,3621,2443,138,0.782609,1.360932,1.287360,0.679466,,,,,,,,GLOBAL_BASELINE_NO_ENTITY_RANKING,,,NOT_APPLICABLE_GLOBAL_BASELINE,HF9g-P5,,,,X 全窗基线 · 不参与实体赏罚,14198483,1420,A168_HF9F_20260827_0900,2026-08-27 09:00:00
2026-05-05,57024343,2229,0,432.5446602362,-432.5446602362,-432.5446602362,0E-7,1,1,0.49324550000000000,0.493245500000,-0.9865810262130424,-0.9865810262130424,-0.9865810262130424,0E-17,ELIGIBLE,R03b_20260811_FULL_v1,L1_ELIGIBILITY,v2026-08-11,2026-03-21..2026-08-06,baccarat_bet02_101_all_pairs_incl_sentinel,round_win = game_pnl > 0 (decisive only),COMPATIBILITY_ONLY_NOT_PRODUCTION,4059548.3812,3680416.6879,6656.9809,9707,9692,-0.00163983,0.01249836,-0.00525961,-0.00163983,-6656.9809,4059548.3812,OK,0.0000,266.2792,4.0000,96.0000,AG03-UNRESOLVED,ALL5_LEVELS_bet23_to_bet27,266.2792,266.2792,266.2792,0.0000,0.0000,4.000000,4.000000,4.000000,0.000000,0.000000,96.000000,96.000000,96.000000,100.000000,100.000000,5.0,798.8377,767.3102,5858.1432,5889.6706,PENDING_AG03,FALSE,NOT_FOR_ENFORCEMENT,6390.7016,3533200.0204,6656.9809,6390.7016,266.2792,0.00163983,0.00157424,266.2792,6390.7016,0.00157424,266.2792,266.2792,266.2792,0.0000,0.0000,6390.7016,0.00157424,798.8377,767.3102,5858.1432,5889.6706,0.00144305,0.00145082,0.00006559,418.2083,379.7376,0.6869,61.6387,1.8384,37588.4109,89.7407,538.3845,395.5999,218.4789,430.6076,432.5446,432.5446,1046.441,1081.3617,427.0584,0.0,2.43015,2.511246,0.971205,30,216,96,2,0.20383968,0.00163983,-0.01249836,0E-8,0.000000,0.906607,0.000000,0.01775797,2026-03-22,2026-08-06,108,3621,2443,138,0.782609,1.360932,1.287360,0.679466,,,,,,,,GLOBAL_BASELINE_NO_ENTITY_RANKING,,,NOT_APPLICABLE_GLOBAL_BASELINE,HF9g-P5,,,,X 全窗基线 · 不参与实体赏罚,14198484,1420,A168_HF9F_20260827_0900,2026-08-27 09:00:00
2026-05-05,57024343,2234,0,865.0893204724,-21.6272330118,-21.6272330118,0.5000000,2,2,0.49994810000000000,0.499948100000,0.00014679536856514622,0.00014679536856514622,0.00014679536856514622,0E-17,ELIGIBLE,R03b_20260811_FULL_v1,L1_ELIGIBILITY,v2026-08-11,2026-03-21..2026-08-06,baccarat_bet02_101_all_pairs_incl_sentinel,round_win = game_pnl > 0 (decisive only),COMPATIBILITY_ONLY_NOT_PRODUCTION,4059548.3812,3680416.6879,6656.9809,9707,9692,-0.00163983,0.01249836,-0.00525961,-0.00163983,-6656.9809,4059548.3812,OK,0.0000,266.2792,4.0000,96.0000,AG03-UNRESOLVED,ALL5_LEVELS_bet23_to_bet27,266.2792,266.2792,266.2792,0.0000,0.0000,4.000000,4.000000,4.000000,0.000000,0.000000,96.000000,96.000000,96.000000,100.000000,100.000000,5.0,798.8377,767.3102,5858.1432,5889.6706,PENDING_AG03,FALSE,NOT_FOR_ENFORCEMENT,6390.7016,3533200.0204,6656.9809,6390.7016,266.2792,0.00163983,0.00157424,266.2792,6390.7016,0.00157424,266.2792,266.2792,266.2792,0.0000,0.0000,6390.7016,0.00157424,798.8377,767.3102,5858.1432,5889.6706,0.00144305,0.00145082,0.00006559,418.2083,379.7376,0.6869,61.6387,1.8384,37588.4109,89.7407,538.3845,395.5999,218.4789,430.6076,432.5446,432.5446,1046.441,1081.3617,427.0584,0.0,2.43015,2.511246,0.971205,30,216,96,2,0.20383968,0.00163983,-0.01249836,0E-8,0.000000,0.906607,0.000000,0.01775797,2026-03-22,2026-08-06,108,3621,2443,138,0.782609,1.360932,1.287360,0.679466,,,,,,,,GLOBAL_BASELINE_NO_ENTITY_RANKING,,,NOT_APPLICABLE_GLOBAL_BASELINE,HF9g-P5,,,,X 全窗基线 · 不参与实体赏罚,14198485,1420,A168_HF9F_20260827_0900,2026-08-27 09:00:00
2026-05-05,57024343,2251,0,1297.6339807086,389.2901942126,389.2901942126,0.6666667,3,3,0.50665070000000000,0.506650700000,0.5543606114942035,0.5543606114942035,0.5543606114942035,0E-17,ELIGIBLE,R03b_20260811_FULL_v1,L1_ELIGIBILITY,v2026-08-11,2026-03-21..2026-08-06,baccarat_bet02_101_all_pairs_incl_sentinel,round_win = game_pnl > 0 (decisive only),COMPATIBILITY_ONLY_NOT_PRODUCTION,4059548.3812,3680416.6879,6656.9809,9707,9692,-0.00163983,0.01249836,-0.00525961,-0.00163983,-6656.9809,4059548.3812,OK,0.0000,266.2792,4.0000,96.0000,AG03-UNRESOLVED,ALL5_LEVELS_bet23_to_bet27,266.2792,266.2792,266.2792,0.0000,0.0000,4.000000,4.000000,4.000000,0.000000,0.000000,96.000000,96.000000,96.000000,100.000000,100.000000,5.0,798.8377,767.3102,5858.1432,5889.6706,PENDING_AG03,FALSE,NOT_FOR_ENFORCEMENT,6390.7016,3533200.0204,6656.9809,6390.7016,266.2792,0.00163983,0.00157424,266.2792,6390.7016,0.00157424,266.2792,266.2792,266.2792,0.0000,0.0000,6390.7016,0.00157424,798.8377,767.3102,5858.1432,5889.6706,0.00144305,0.00145082,0.00006559,418.2083,379.7376,0.6869,61.6387,1.8384,37588.4109,89.7407,538.3845,395.5999,218.4789,430.6076,432.5446,432.5446,1046.441,1081.3617,427.0584,0.0,2.43015,2.511246,0.971205,30,216,96,2,0.20383968,0.00163983,-0.01249836,0E-8,0.000000,0.906607,0.000000,0.01775797,2026-03-22,2026-08-06,108,3621,2443,138,0.782609,1.360932,1.287360,0.679466,,,,,,,,GLOBAL_BASELINE_NO_ENTITY_RANKING,,,NOT_APPLICABLE_GLOBAL_BASELINE,HF9g-P5,,,,X 全窗基线 · 不参与实体赏罚,14198486,1420,A168_HF9F_20260827_0900,2026-08-27 09:00:00
2026-05-05,57024343,626,0,1297.6339807086,389.2901942126,389.2901942126,0.6666667,3,3,0.50665070000000000,0.506650700000,0.5543606114942035,0.5543606114942035,0.5543606114942035,0E-17,ELIGIBLE,R03b_20260811_FULL_v1,L1_ELIGIBILITY,v2026-08-11,2026-03-21..2026-08-06,baccarat_bet02_101_all_pairs_incl_sentinel,round_win = game_pnl > 0 (decisive only),COMPATIBILITY_ONLY_NOT_PRODUCTION,4059548.3812,3680416.6879,6656.9809,9707,9692,-0.00163983,0.01249836,-0.00525961,-0.00163983,-6656.9809,4059548.3812,OK,0.0000,266.2792,4.0000,96.0000,AG03-UNRESOLVED,ALL5_LEVELS_bet23_to_bet27,266.2792,266.2792,266.2792,0.0000,0.0000,4.000000,4.000000,4.000000,0.000000,0.000000,96.000000,96.000000,96.000000,100.000000,100.000000,5.0,798.8377,767.3102,5858.1432,5889.6706,PENDING_AG03,FALSE,NOT_FOR_ENFORCEMENT,6390.7016,3533200.0204,6656.9809,6390.7016,266.2792,0.00163983,0.00157424,266.2792,6390.7016,0.00157424,266.2792,266.2792,266.2792,0.0000,0.0000,6390.7016,0.00157424,798.8377,767.3102,5858.1432,5889.6706,0.00144305,0.00145082,0.00006559,418.2083,379.7376,0.6869,61.6387,1.8384,37588.4109,89.7407,538.3845,395.5999,218.4789,430.6076,432.5446,432.5446,1046.441,1081.3617,427.0584,0.0,2.43015,2.511246,0.971205,30,216,96,2,0.20383968,0.00163983,-0.01249836,0E-8,0.000000,0.906607,0.000000,0.01775797,2026-03-22,2026-08-06,108,3621,2443,138,0.782609,1.360932,1.287360,0.679466,,,,,,,,GLOBAL_BASELINE_NO_ENTITY_RANKING,,,NOT_APPLICABLE_GLOBAL_BASELINE,HF9g-P5,,,,X 全窗基线 · 不参与实体赏罚,14198487,1420,A168_HF9F_20260827_0900,2026-08-27 09:00:00
2026-05-05,57024343,970,0,1730.1786409448,-454.1718932480,-454.1718932480,0.3333333,4,4,0.50329940000000000,0.503299400000,-0.5887925454369916,-0.5887925454369916,-0.5887925454369916,0E-17,ELIGIBLE,R03b_20260811_FULL_v1,L1_ELIGIBILITY,v2026-08-11,2026-03-21..2026-08-06,baccarat_bet02_101_all_pairs_incl_sentinel,round_win = game_pnl > 0 (decisive only),COMPATIBILITY_ONLY_NOT_PRODUCTION,4059548.3812,3680416.6879,6656.9809,9707,9692,-0.00163983,0.01249836,-0.00525961,-0.00163983,-6656.9809,4059548.3812,OK,0.0000,266.2792,4.0000,96.0000,AG03-UNRESOLVED,ALL5_LEVELS_bet23_to_bet27,266.2792,266.2792,266.2792,0.0000,0.0000,4.000000,4.000000,4.000000,0.000000,0.000000,96.000000,96.000000,96.000000,100.000000,100.000000,5.0,798.8377,767.3102,5858.1432,5889.6706,PENDING_AG03,FALSE,NOT_FOR_ENFORCEMENT,6390.7016,3533200.0204,6656.9809,6390.7016,266.2792,0.00163983,0.00157424,266.2792,6390.7016,0.00157424,266.2792,266.2792,266.2792,0.0000,0.0000,6390.7016,0.00157424,798.8377,767.3102,5858.1432,5889.6706,0.00144305,0.00145082,0.00006559,418.2083,379.7376,0.6869,61.6387,1.8384,37588.4109,89.7407,538.3845,395.5999,218.4789,430.6076,432.5446,432.5446,1046.441,1081.3617,427.0584,0.0,2.43015,2.511246,0.971205,30,216,96,2,0.20383968,0.00163983,-0.01249836,0E-8,0.000000,0.906607,0.000000,0.01775797,2026-03-22,2026-08-06,108,3621,2443,138,0.782609,1.360932,1.287360,0.679466,,,,,,,,GLOBAL_BASELINE_NO_ENTITY_RANKING,,,NOT_APPLICABLE_GLOBAL_BASELINE,HF9g-P5,,,,X 全窗基线 · 不参与实体赏罚,14198488,1420,A168_HF9F_20260827_0900,2026-08-27 09:00:00
2026-05-05,57024343,994,0,2595.2679614172,1211.1250486614,1211.1250486614,0.8000000,6,6,0.50665070000000000,0.506650700000,1.3120140225494112,1.3120140225494112,1.3120140225494112,0E-17,ELIGIBLE,R03b_20260811_FULL_v1,L1_ELIGIBILITY,v2026-08-11,2026-03-21..2026-08-06,baccarat_bet02_101_all_pairs_incl_sentinel,round_win = game_pnl > 0 (decisive only),COMPATIBILITY_ONLY_NOT_PRODUCTION,4059548.3812,3680416.6879,6656.9809,9707,9692,-0.00163983,0.01249836,-0.00525961,-0.00163983,-6656.9809,4059548.3812,OK,0.0000,266.2792,4.0000,96.0000,AG03-UNRESOLVED,ALL5_LEVELS_bet23_to_bet27,266.2792,266.2792,266.2792,0.0000,0.0000,4.000000,4.000000,4.000000,0.000000,0.000000,96.000000,96.000000,96.000000,100.000000,100.000000,5.0,798.8377,767.3102,5858.1432,5889.6706,PENDING_AG03,FALSE,NOT_FOR_ENFORCEMENT,6390.7016,3533200.0204,6656.9809,6390.7016,266.2792,0.00163983,0.00157424,266.2792,6390.7016,0.00157424,266.2792,266.2792,266.2792,0.0000,0.0000,6390.7016,0.00157424,798.8377,767.3102,5858.1432,5889.6706,0.00144305,0.00145082,0.00006559,418.2083,379.7376,0.6869,61.6387,1.8384,37588.4109,89.7407,538.3845,395.5999,218.4789,430.6076,432.5446,432.5446,1046.441,1081.3617,427.0584,0.0,2.43015,2.511246,0.971205,30,216,96,2,0.20383968,0.00163983,-0.01249836,0E-8,0.000000,0.906607,0.000000,0.01775797,2026-03-22,2026-08-06,108,3621,2443,138,0.782609,1.360932,1.287360,0.679466,,,,,,,,GLOBAL_BASELINE_NO_ENTITY_RANKING,,,NOT_APPLICABLE_GLOBAL_BASELINE,HF9g-P5,,,,X 全窗基线 · 不参与实体赏罚,14198489,1420,A168_HF9F_20260827_0900,2026-08-27 09:00:00
2026-05-06,57024343,-1,1,3027.8126216534,-2184.3505341928,-2184.3505341928,0.1428571,7,7,0.50665070000000000,0.506650700000,-1.925184877894219,-1.925184877894219,-1.925184877894219,0E-17,SENTINEL_DEALER,R03b_20260811_FULL_v1,L1_ELIGIBILITY,v2026-08-11,2026-03-21..2026-08-06,baccarat_bet02_101_all_pairs_incl_sentinel,round_win = game_pnl > 0 (decisive only),COMPATIBILITY_ONLY_NOT_PRODUCTION,4059548.3812,3680416.6879,6656.9809,9707,9692,-0.00163983,0.01249836,-0.00525961,-0.00163983,-6656.9809,4059548.3812,OK,0.0000,266.2792,4.0000,96.0000,AG03-UNRESOLVED,ALL5_LEVELS_bet23_to_bet27,266.2792,266.2792,266.2792,0.0000,0.0000,4.000000,4.000000,4.000000,0.000000,0.000000,96.000000,96.000000,96.000000,100.000000,100.000000,5.0,798.8377,767.3102,5858.1432,5889.6706,PENDING_AG03,FALSE,NOT_FOR_ENFORCEMENT,6390.7016,3533200.0204,6656.9809,6390.7016,266.2792,0.00163983,0.00157424,266.2792,6390.7016,0.00157424,266.2792,266.2792,266.2792,0.0000,0.0000,6390.7016,0.00157424,798.8377,767.3102,5858.1432,5889.6706,0.00144305,0.00145082,0.00006559,418.2083,379.7376,0.6869,61.6387,1.8384,37588.4109,89.7407,538.3845,395.5999,218.4789,430.6076,432.5446,432.5446,1046.441,1081.3617,427.0584,0.0,2.43015,2.511246,0.971205,30,216,96,2,0.20383968,0.00163983,-0.01249836,0E-8,0.000000,0.906607,0.000000,0.01775797,2026-03-22,2026-08-06,108,3621,2443,138,0.782609,1.360932,1.287360,0.679466,,,,,,,,GLOBAL_BASELINE_NO_ENTITY_RANKING,,,NOT_APPLICABLE_GLOBAL_BASELINE,HF9g-P5,,,,X 全窗基线 · 不参与实体赏罚,14198490,1420,A168_HF9F_20260827_0900,2026-08-27 09:00:00
2026-05-06,57024343,1004,0,432.5446602362,0E-10,0E-10,,1,1,0.50665070000000000,0.506650700000,,,,0E-17,NO_DECISIVE_ROUND,R03b_20260811_FULL_v1,L1_ELIGIBILITY,v2026-08-11,2026-03-21..2026-08-06,baccarat_bet02_101_all_pairs_incl_sentinel,round_win = game_pnl > 0 (decisive only),COMPATIBILITY_ONLY_NOT_PRODUCTION,4059548.3812,3680416.6879,6656.9809,9707,9692,-0.00163983,0.01249836,-0.00525961,-0.00163983,-6656.9809,4059548.3812,OK,0.0000,266.2792,4.0000,96.0000,AG03-UNRESOLVED,ALL5_LEVELS_bet23_to_bet27,266.2792,266.2792,266.2792,0.0000,0.0000,4.000000,4.000000,4.000000,0.000000,0.000000,96.000000,96.000000,96.000000,100.000000,100.000000,5.0,798.8377,767.3102,5858.1432,5889.6706,PENDING_AG03,FALSE,NOT_FOR_ENFORCEMENT,6390.7016,3533200.0204,6656.9809,6390.7016,266.2792,0.00163983,0.00157424,266.2792,6390.7016,0.00157424,266.2792,266.2792,266.2792,0.0000,0.0000,6390.7016,0.00157424,798.8377,767.3102,5858.1432,5889.6706,0.00144305,0.00145082,0.00006559,418.2083,379.7376,0.6869,61.6387,1.8384,37588.4109,89.7407,538.3845,395.5999,218.4789,430.6076,432.5446,432.5446,1046.441,1081.3617,427.0584,0.0,2.43015,2.511246,0.971205,30,216,96,2,0.20383968,0.00163983,-0.01249836,0E-8,0.000000,0.906607,0.000000,0.01775797,2026-03-22,2026-08-06,108,3621,2443,138,0.782609,1.360932,1.287360,0.679466,,,,,,,,GLOBAL_BASELINE_NO_ENTITY_RANKING,,,NOT_APPLICABLE_GLOBAL_BASELINE,HF9g-P5,,,,X 全窗基线 · 不参与实体赏罚,14198491,1420,A168_HF9F_20260827_0900,2026-08-27 09:00:00
2026-05-06,57024343,1109,0,432.5446602362,410.9174272244,410.9174272244,1.0000000,1,1,0.50665070000000000,0.506650700000,0.9867858985152569,0.9867858985152569,0.9867858985152569,0E-17,ELIGIBLE,R03b_20260811_FULL_v1,L1_ELIGIBILITY,v2026-08-11,2026-03-21..2026-08-06,baccarat_bet02_101_all_pairs_incl_sentinel,round_win = game_pnl > 0 (decisive only),COMPATIBILITY_ONLY_NOT_PRODUCTION,4059548.3812,3680416.6879,6656.9809,9707,9692,-0.00163983,0.01249836,-0.00525961,-0.00163983,-6656.9809,4059548.3812,OK,0.0000,266.2792,4.0000,96.0000,AG03-UNRESOLVED,ALL5_LEVELS_bet23_to_bet27,266.2792,266.2792,266.2792,0.0000,0.0000,4.000000,4.000000,4.000000,0.000000,0.000000,96.000000,96.000000,96.000000,100.000000,100.000000,5.0,798.8377,767.3102,5858.1432,5889.6706,PENDING_AG03,FALSE,NOT_FOR_ENFORCEMENT,6390.7016,3533200.0204,6656.9809,6390.7016,266.2792,0.00163983,0.00157424,266.2792,6390.7016,0.00157424,266.2792,266.2792,266.2792,0.0000,0.0000,6390.7016,0.00157424,798.8377,767.3102,5858.1432,5889.6706,0.00144305,0.00145082,0.00006559,418.2083,379.7376,0.6869,61.6387,1.8384,37588.4109,89.7407,538.3845,395.5999,218.4789,430.6076,432.5446,432.5446,1046.441,1081.3617,427.0584,0.0,2.43015,2.511246,0.971205,30,216,96,2,0.20383968,0.00163983,-0.01249836,0E-8,0.000000,0.906607,0.000000,0.01775797,2026-03-22,2026-08-06,108,3621,2443,138,0.782609,1.360932,1.287360,0.679466,,,,,,,,GLOBAL_BASELINE_NO_ENTITY_RANKING,,,NOT_APPLICABLE_GLOBAL_BASELINE,HF9g-P5,,,,X 全窗基线 · 不参与实体赏罚,14198492,1420,A168_HF9F_20260827_0900,2026-08-27 09:00:00
2026-05-06,57024343,1205,0,1513.9063108267,173.0178640945,173.0178640945,0.5000000,4,4,0.50665070000000000,0.506650700000,-0.02660515369234503,-0.02660515369234503,-0.02660515369234503,0E-17,ELIGIBLE,R03b_20260811_FULL_v1,L1_ELIGIBILITY,v2026-08-11,2026-03-21..2026-08-06,baccarat_bet02_101_all_pairs_incl_sentinel,round_win = game_pnl > 0 (decisive only),COMPATIBILITY_ONLY_NOT_PRODUCTION,4059548.3812,3680416.6879,6656.9809,9707,9692,-0.00163983,0.01249836,-0.00525961,-0.00163983,-6656.9809,4059548.3812,OK,0.0000,266.2792,4.0000,96.0000,AG03-UNRESOLVED,ALL5_LEVELS_bet23_to_bet27,266.2792,266.2792,266.2792,0.0000,0.0000,4.000000,4.000000,4.000000,0.000000,0.000000,96.000000,96.000000,96.000000,100.000000,100.000000,5.0,798.8377,767.3102,5858.1432,5889.6706,PENDING_AG03,FALSE,NOT_FOR_ENFORCEMENT,6390.7016,3533200.0204,6656.9809,6390.7016,266.2792,0.00163983,0.00157424,266.2792,6390.7016,0.00157424,266.2792,266.2792,266.2792,0.0000,0.0000,6390.7016,0.00157424,798.8377,767.3102,5858.1432,5889.6706,0.00144305,0.00145082,0.00006559,418.2083,379.7376,0.6869,61.6387,1.8384,37588.4109,89.7407,538.3845,395.5999,218.4789,430.6076,432.5446,432.5446,1046.441,1081.3617,427.0584,0.0,2.43015,2.511246,0.971205,30,216,96,2,0.20383968,0.00163983,-0.01249836,0E-8,0.000000,0.906607,0.000000,0.01775797,2026-03-22,2026-08-06,108,3621,2443,138,0.782609,1.360932,1.287360,0.679466,,,,,,,,GLOBAL_BASELINE_NO_ENTITY_RANKING,,,NOT_APPLICABLE_GLOBAL_BASELINE,HF9g-P5,,,,X 全窗基线 · 不参与实体赏罚,14198493,1420,A168_HF9F_20260827_0900,2026-08-27 09:00:00
2026-05-06,57024343,1302,0,432.5446602362,410.9174272244,410.9174272244,1.0000000,1,1,0.50665070000000000,0.506650700000,0.9867858985152569,0.9867858985152569,0.9867858985152569,0E-17,ELIGIBLE,R03b_20260811_FULL_v1,L1_ELIGIBILITY,v2026-08-11,2026-03-21..2026-08-06,baccarat_bet02_101_all_pairs_incl_sentinel,round_win = game_pnl > 0 (decisive only),COMPATIBILITY_ONLY_NOT_PRODUCTION,4059548.3812,3680416.6879,6656.9809,9707,9692,-0.00163983,0.01249836,-0.00525961,-0.00163983,-6656.9809,4059548.3812,OK,0.0000,266.2792,4.0000,96.0000,AG03-UNRESOLVED,ALL5_LEVELS_bet23_to_bet27,266.2792,266.2792,266.2792,0.0000,0.0000,4.000000,4.000000,4.000000,0.000000,0.000000,96.000000,96.000000,96.000000,100.000000,100.000000,5.0,798.8377,767.3102,5858.1432,5889.6706,PENDING_AG03,FALSE,NOT_FOR_ENFORCEMENT,6390.7016,3533200.0204,6656.9809,6390.7016,266.2792,0.00163983,0.00157424,266.2792,6390.7016,0.00157424,266.2792,266.2792,266.2792,0.0000,0.0000,6390.7016,0.00157424,798.8377,767.3102,5858.1432,5889.6706,0.00144305,0.00145082,0.00006559,418.2083,379.7376,0.6869,61.6387,1.8384,37588.4109,89.7407,538.3845,395.5999,218.4789,430.6076,432.5446,432.5446,1046.441,1081.3617,427.0584,0.0,2.43015,2.511246,0.971205,30,216,96,2,0.20383968,0.00163983,-0.01249836,0E-8,0.000000,0.906607,0.000000,0.01775797,2026-03-22,2026-08-06,108,3621,2443,138,0.782609,1.360932,1.287360,0.679466,,,,,,,,GLOBAL_BASELINE_NO_ENTITY_RANKING,,,NOT_APPLICABLE_GLOBAL_BASELINE,HF9g-P5,,,,X 全窗基线 · 不参与实体赏罚,14198494,1420,A168_HF9F_20260827_0900,2026-08-27 09:00:00
2026-05-06,57024343,1323,0,865.0893204724,-865.0893204724,-865.0893204724,0E-7,2,2,0.50665070000000000,0.506650700000,-1.4331513700195317,-1.4331513700195317,-1.4331513700195317,0E-17,ELIGIBLE,R03b_20260811_FULL_v1,L1_ELIGIBILITY,v2026-08-11,2026-03-21..2026-08-06,baccarat_bet02_101_all_pairs_incl_sentinel,round_win = game_pnl > 0 (decisive only),COMPATIBILITY_ONLY_NOT_PRODUCTION,4059548.3812,3680416.6879,6656.9809,9707,9692,-0.00163983,0.01249836,-0.00525961,-0.00163983,-6656.9809,4059548.3812,OK,0.0000,266.2792,4.0000,96.0000,AG03-UNRESOLVED,ALL5_LEVELS_bet23_to_bet27,266.2792,266.2792,266.2792,0.0000,0.0000,4.000000,4.000000,4.000000,0.000000,0.000000,96.000000,96.000000,96.000000,100.000000,100.000000,5.0,798.8377,767.3102,5858.1432,5889.6706,PENDING_AG03,FALSE,NOT_FOR_ENFORCEMENT,6390.7016,3533200.0204,6656.9809,6390.7016,266.2792,0.00163983,0.00157424,266.2792,6390.7016,0.00157424,266.2792,266.2792,266.2792,0.0000,0.0000,6390.7016,0.00157424,798.8377,767.3102,5858.1432,5889.6706,0.00144305,0.00145082,0.00006559,418.2083,379.7376,0.6869,61.6387,1.8384,37588.4109,89.7407,538.3845,395.5999,218.4789,430.6076,432.5446,432.5446,1046.441,1081.3617,427.0584,0.0,2.43015,2.511246,0.971205,30,216,96,2,0.20383968,0.00163983,-0.01249836,0E-8,0.000000,0.906607,0.000000,0.01775797,2026-03-22,2026-08-06,108,3621,2443,138,0.782609,1.360932,1.287360,0.679466,,,,,,,,GLOBAL_BASELINE_NO_ENTITY_RANKING,,,NOT_APPLICABLE_GLOBAL_BASELINE,HF9g-P5,,,,X 全窗基线 · 不参与实体赏罚,14198495,1420,A168_HF9F_20260827_0900,2026-08-27 09:00:00
2026-05-06,57024343,1330,0,3460.3572818896,1600.4152428738,1600.4152428738,0.7142857,7,7,0.50473567142857143,0.504735671429,1.1088843393366314,1.1088843393343726,1.1088843393366314,-4.2857E-13,ELIGIBLE,R03b_20260811_FULL_v1,L1_ELIGIBILITY,v2026-08-11,2026-03-21..2026-08-06,baccarat_bet02_101_all_pairs_incl_sentinel,round_win = game_pnl > 0 (decisive only),COMPATIBILITY_ONLY_NOT_PRODUCTION,4059548.3812,3680416.6879,6656.9809,9707,9692,-0.00163983,0.01249836,-0.00525961,-0.00163983,-6656.9809,4059548.3812,OK,0.0000,266.2792,4.0000,96.0000,AG03-UNRESOLVED,ALL5_LEVELS_bet23_to_bet27,266.2792,266.2792,266.2792,0.0000,0.0000,4.000000,4.000000,4.000000,0.000000,0.000000,96.000000,96.000000,96.000000,100.000000,100.000000,5.0,798.8377,767.3102,5858.1432,5889.6706,PENDING_AG03,FALSE,NOT_FOR_ENFORCEMENT,6390.7016,3533200.0204,6656.9809,6390.7016,266.2792,0.00163983,0.00157424,266.2792,6390.7016,0.00157424,266.2792,266.2792,266.2792,0.0000,0.0000,6390.7016,0.00157424,798.8377,767.3102,5858.1432,5889.6706,0.00144305,0.00145082,0.00006559,418.2083,379.7376,0.6869,61.6387,1.8384,37588.4109,89.7407,538.3845,395.5999,218.4789,430.6076,432.5446,432.5446,1046.441,1081.3617,427.0584,0.0,2.43015,2.511246,0.971205,30,216,96,2,0.20383968,0.00163983,-0.01249836,0E-8,0.000000,0.906607,0.000000,0.01775797,2026-03-22,2026-08-06,108,3621,2443,138,0.782609,1.360932,1.287360,0.679466,,,,,,,,GLOBAL_BASELINE_NO_ENTITY_RANKING,,,NOT_APPLICABLE_GLOBAL_BASELINE,HF9g-P5,,,,X 全窗基线 · 不参与实体赏罚,14198496,1420,A168_HF9F_20260827_0900,2026-08-27 09:00:00
2026-05-06,57024343,1385,0,2162.7233011810,-43.2544660236,-43.2544660236,0.5000000,5,5,0.50665070000000000,0.506650700000,-0.02660515369234503,-0.02660515369234503,-0.02660515369234503,0E-17,ELIGIBLE,R03b_20260811_FULL_v1,L1_ELIGIBILITY,v2026-08-11,2026-03-21..2026-08-06,baccarat_bet02_101_all_pairs_incl_sentinel,round_win = game_pnl > 0 (decisive only),COMPATIBILITY_ONLY_NOT_PRODUCTION,4059548.3812,3680416.6879,6656.9809,9707,9692,-0.00163983,0.01249836,-0.00525961,-0.00163983,-6656.9809,4059548.3812,OK,0.0000,266.2792,4.0000,96.0000,AG03-UNRESOLVED,ALL5_LEVELS_bet23_to_bet27,266.2792,266.2792,266.2792,0.0000,0.0000,4.000000,4.000000,4.000000,0.000000,0.000000,96.000000,96.000000,96.000000,100.000000,100.000000,5.0,798.8377,767.3102,5858.1432,5889.6706,PENDING_AG03,FALSE,NOT_FOR_ENFORCEMENT,6390.7016,3533200.0204,6656.9809,6390.7016,266.2792,0.00163983,0.00157424,266.2792,6390.7016,0.00157424,266.2792,266.2792,266.2792,0.0000,0.0000,6390.7016,0.00157424,798.8377,767.3102,5858.1432,5889.6706,0.00144305,0.00145082,0.00006559,418.2083,379.7376,0.6869,61.6387,1.8384,37588.4109,89.7407,538.3845,395.5999,218.4789,430.6076,432.5446,432.5446,1046.441,1081.3617,427.0584,0.0,2.43015,2.511246,0.971205,30,216,96,2,0.20383968,0.00163983,-0.01249836,0E-8,0.000000,0.906607,0.000000,0.01775797,2026-03-22,2026-08-06,108,3621,2443,138,0.782609,1.360932,1.287360,0.679466,,,,,,,,GLOBAL_BASELINE_NO_ENTITY_RANKING,,,NOT_APPLICABLE_GLOBAL_BASELINE,HF9g-P5,,,,X 全窗基线 · 不参与实体赏罚,14198497,1420,A168_HF9F_20260827_0900,2026-08-27 09:00:00
2026-05-06,57024343,1401,0,2378.9956312991,-1102.9888836023,-1102.9888836023,0.2500000,5,5,0.50396966000000000,0.503969660000,-1.01591065835228,-1.0159106583522801,-1.01591065835228,0E-17,ELIGIBLE,R03b_20260811_FULL_v1,L1_ELIGIBILITY,v2026-08-11,2026-03-21..2026-08-06,baccarat_bet02_101_all_pairs_incl_sentinel,round_win = game_pnl > 0 (decisive only),COMPATIBILITY_ONLY_NOT_PRODUCTION,4059548.3812,3680416.6879,6656.9809,9707,9692,-0.00163983,0.01249836,-0.00525961,-0.00163983,-6656.9809,4059548.3812,OK,0.0000,266.2792,4.0000,96.0000,AG03-UNRESOLVED,ALL5_LEVELS_bet23_to_bet27,266.2792,266.2792,266.2792,0.0000,0.0000,4.000000,4.000000,4.000000,0.000000,0.000000,96.000000,96.000000,96.000000,100.000000,100.000000,5.0,798.8377,767.3102,5858.1432,5889.6706,PENDING_AG03,FALSE,NOT_FOR_ENFORCEMENT,6390.7016,3533200.0204,6656.9809,6390.7016,266.2792,0.00163983,0.00157424,266.2792,6390.7016,0.00157424,266.2792,266.2792,266.2792,0.0000,0.0000,6390.7016,0.00157424,798.8377,767.3102,5858.1432,5889.6706,0.00144305,0.00145082,0.00006559,418.2083,379.7376,0.6869,61.6387,1.8384,37588.4109,89.7407,538.3845,395.5999,218.4789,430.6076,432.5446,432.5446,1046.441,1081.3617,427.0584,0.0,2.43015,2.511246,0.971205,30,216,96,2,0.20383968,0.00163983,-0.01249836,0E-8,0.000000,0.906607,0.000000,0.01775797,2026-03-22,2026-08-06,108,3621,2443,138,0.782609,1.360932,1.287360,0.679466,,,,,,,,GLOBAL_BASELINE_NO_ENTITY_RANKING,,,NOT_APPLICABLE_GLOBAL_BASELINE,HF9g-P5,,,,X 全窗基线 · 不参与实体赏罚,14198498,1420,A168_HF9F_20260827_0900,2026-08-27 09:00:00
2026-05-06,57024343,1490,0,432.5446602362,-432.5446602362,-432.5446602362,0E-7,1,1,0.50665070000000000,0.506650700000,-1.013391052207602,-1.013391052207602,-1.013391052207602,0E-17,ELIGIBLE,R03b_20260811_FULL_v1,L1_ELIGIBILITY,v2026-08-11,2026-03-21..2026-08-06,baccarat_bet02_101_all_pairs_incl_sentinel,round_win = game_pnl > 0 (decisive only),COMPATIBILITY_ONLY_NOT_PRODUCTION,4059548.3812,3680416.6879,6656.9809,9707,9692,-0.00163983,0.01249836,-0.00525961,-0.00163983,-6656.9809,4059548.3812,OK,0.0000,266.2792,4.0000,96.0000,AG03-UNRESOLVED,ALL5_LEVELS_bet23_to_bet27,266.2792,266.2792,266.2792,0.0000,0.0000,4.000000,4.000000,4.000000,0.000000,0.000000,96.000000,96.000000,96.000000,100.000000,100.000000,5.0,798.8377,767.3102,5858.1432,5889.6706,PENDING_AG03,FALSE,NOT_FOR_ENFORCEMENT,6390.7016,3533200.0204,6656.9809,6390.7016,266.2792,0.00163983,0.00157424,266.2792,6390.7016,0.00157424,266.2792,266.2792,266.2792,0.0000,0.0000,6390.7016,0.00157424,798.8377,767.3102,5858.1432,5889.6706,0.00144305,0.00145082,0.00006559,418.2083,379.7376,0.6869,61.6387,1.8384,37588.4109,89.7407,538.3845,395.5999,218.4789,430.6076,432.5446,432.5446,1046.441,1081.3617,427.0584,0.0,2.43015,2.511246,0.971205,30,216,96,2,0.20383968,0.00163983,-0.01249836,0E-8,0.000000,0.906607,0.000000,0.01775797,2026-03-22,2026-08-06,108,3621,2443,138,0.782609,1.360932,1.287360,0.679466,,,,,,,,GLOBAL_BASELINE_NO_ENTITY_RANKING,,,NOT_APPLICABLE_GLOBAL_BASELINE,HF9g-P5,,,,X 全窗基线 · 不参与实体赏罚,14198499,1420,A168_HF9F_20260827_0900,2026-08-27 09:00:00
2026-05-06,57024343,1507,0,1297.6339807086,389.2901942126,389.2901942126,0.6666667,3,3,0.50665070000000000,0.506650700000,0.5543606114942035,0.5543606114942035,0.5543606114942035,0E-17,ELIGIBLE,R03b_20260811_FULL_v1,L1_ELIGIBILITY,v2026-08-11,2026-03-21..2026-08-06,baccarat_bet02_101_all_pairs_incl_sentinel,round_win = game_pnl > 0 (decisive only),COMPATIBILITY_ONLY_NOT_PRODUCTION,4059548.3812,3680416.6879,6656.9809,9707,9692,-0.00163983,0.01249836,-0.00525961,-0.00163983,-6656.9809,4059548.3812,OK,0.0000,266.2792,4.0000,96.0000,AG03-UNRESOLVED,ALL5_LEVELS_bet23_to_bet27,266.2792,266.2792,266.2792,0.0000,0.0000,4.000000,4.000000,4.000000,0.000000,0.000000,96.000000,96.000000,96.000000,100.000000,100.000000,5.0,798.8377,767.3102,5858.1432,5889.6706,PENDING_AG03,FALSE,NOT_FOR_ENFORCEMENT,6390.7016,3533200.0204,6656.9809,6390.7016,266.2792,0.00163983,0.00157424,266.2792,6390.7016,0.00157424,266.2792,266.2792,266.2792,0.0000,0.0000,6390.7016,0.00157424,798.8377,767.3102,5858.1432,5889.6706,0.00144305,0.00145082,0.00006559,418.2083,379.7376,0.6869,61.6387,1.8384,37588.4109,89.7407,538.3845,395.5999,218.4789,430.6076,432.5446,432.5446,1046.441,1081.3617,427.0584,0.0,2.43015,2.511246,0.971205,30,216,96,2,0.20383968,0.00163983,-0.01249836,0E-8,0.000000,0.906607,0.000000,0.01775797,2026-03-22,2026-08-06,108,3621,2443,138,0.782609,1.360932,1.287360,0.679466,,,,,,,,GLOBAL_BASELINE_NO_ENTITY_RANKING,,,NOT_APPLICABLE_GLOBAL_BASELINE,HF9g-P5,,,,X 全窗基线 · 不参与实体赏罚,14198500,1420,A168_HF9F_20260827_0900,2026-08-27 09:00:00
2026-05-06,57024343,1623,0,865.0893204724,-865.0893204724,-865.0893204724,0E-7,2,2,0.50665070000000000,0.506650700000,-1.4331513700195317,-1.4331513700195317,-1.4331513700195317,0E-17,ELIGIBLE,R03b_20260811_FULL_v1,L1_ELIGIBILITY,v2026-08-11,2026-03-21..2026-08-06,baccarat_bet02_101_all_pairs_incl_sentinel,round_win = game_pnl > 0 (decisive only),COMPATIBILITY_ONLY_NOT_PRODUCTION,4059548.3812,3680416.6879,6656.9809,9707,9692,-0.00163983,0.01249836,-0.00525961,-0.00163983,-6656.9809,4059548.3812,OK,0.0000,266.2792,4.0000,96.0000,AG03-UNRESOLVED,ALL5_LEVELS_bet23_to_bet27,266.2792,266.2792,266.2792,0.0000,0.0000,4.000000,4.000000,4.000000,0.000000,0.000000,96.000000,96.000000,96.000000,100.000000,100.000000,5.0,798.8377,767.3102,5858.1432,5889.6706,PENDING_AG03,FALSE,NOT_FOR_ENFORCEMENT,6390.7016,3533200.0204,6656.9809,6390.7016,266.2792,0.00163983,0.00157424,266.2792,6390.7016,0.00157424,266.2792,266.2792,266.2792,0.0000,0.0000,6390.7016,0.00157424,798.8377,767.3102,5858.1432,5889.6706,0.00144305,0.00145082,0.00006559,418.2083,379.7376,0.6869,61.6387,1.8384,37588.4109,89.7407,538.3845,395.5999,218.4789,430.6076,432.5446,432.5446,1046.441,1081.3617,427.0584,0.0,2.43015,2.511246,0.971205,30,216,96,2,0.20383968,0.00163983,-0.01249836,0E-8,0.000000,0.906607,0.000000,0.01775797,2026-03-22,2026-08-06,108,3621,2443,138,0.782609,1.360932,1.287360,0.679466,,,,,,,,GLOBAL_BASELINE_NO_ENTITY_RANKING,,,NOT_APPLICABLE_GLOBAL_BASELINE,HF9g-P5,,,,X 全窗基线 · 不参与实体赏罚,14198501,1420,A168_HF9F_20260827_0900,2026-08-27 09:00:00
2026-05-06,57024343,1654,0,432.5446602362,-432.5446602362,-432.5446602362,0E-7,1,1,0.50665070000000000,0.506650700000,-1.013391052207602,-1.013391052207602,-1.013391052207602,0E-17,ELIGIBLE,R03b_20260811_FULL_v1,L1_ELIGIBILITY,v2026-08-11,2026-03-21..2026-08-06,baccarat_bet02_101_all_pairs_incl_sentinel,round_win = game_pnl > 0 (decisive only),COMPATIBILITY_ONLY_NOT_PRODUCTION,4059548.3812,3680416.6879,6656.9809,9707,9692,-0.00163983,0.01249836,-0.00525961,-0.00163983,-6656.9809,4059548.3812,OK,0.0000,266.2792,4.0000,96.0000,AG03-UNRESOLVED,ALL5_LEVELS_bet23_to_bet27,266.2792,266.2792,266.2792,0.0000,0.0000,4.000000,4.000000,4.000000,0.000000,0.000000,96.000000,96.000000,96.000000,100.000000,100.000000,5.0,798.8377,767.3102,5858.1432,5889.6706,PENDING_AG03,FALSE,NOT_FOR_ENFORCEMENT,6390.7016,3533200.0204,6656.9809,6390.7016,266.2792,0.00163983,0.00157424,266.2792,6390.7016,0.00157424,266.2792,266.2792,266.2792,0.0000,0.0000,6390.7016,0.00157424,798.8377,767.3102,5858.1432,5889.6706,0.00144305,0.00145082,0.00006559,418.2083,379.7376,0.6869,61.6387,1.8384,37588.4109,89.7407,538.3845,395.5999,218.4789,430.6076,432.5446,432.5446,1046.441,1081.3617,427.0584,0.0,2.43015,2.511246,0.971205,30,216,96,2,0.20383968,0.00163983,-0.01249836,0E-8,0.000000,0.906607,0.000000,0.01775797,2026-03-22,2026-08-06,108,3621,2443,138,0.782609,1.360932,1.287360,0.679466,,,,,,,,GLOBAL_BASELINE_NO_ENTITY_RANKING,,,NOT_APPLICABLE_GLOBAL_BASELINE,HF9g-P5,,,,X 全窗基线 · 不参与实体赏罚,14198502,1420,A168_HF9F_20260827_0900,2026-08-27 09:00:00
2026-05-06,57024343,1942,0,1513.9063108267,594.7489078247,594.7489078247,0.6666667,3,3,0.50665070000000000,0.506650700000,0.5543606114942035,0.5543606114942035,0.5543606114942035,0E-17,ELIGIBLE,R03b_20260811_FULL_v1,L1_ELIGIBILITY,v2026-08-11,2026-03-21..2026-08-06,baccarat_bet02_101_all_pairs_incl_sentinel,round_win = game_pnl > 0 (decisive only),COMPATIBILITY_ONLY_NOT_PRODUCTION,4059548.3812,3680416.6879,6656.9809,9707,9692,-0.00163983,0.01249836,-0.00525961,-0.00163983,-6656.9809,4059548.3812,OK,0.0000,266.2792,4.0000,96.0000,AG03-UNRESOLVED,ALL5_LEVELS_bet23_to_bet27,266.2792,266.2792,266.2792,0.0000,0.0000,4.000000,4.000000,4.000000,0.000000,0.000000,96.000000,96.000000,96.000000,100.000000,100.000000,5.0,798.8377,767.3102,5858.1432,5889.6706,PENDING_AG03,FALSE,NOT_FOR_ENFORCEMENT,6390.7016,3533200.0204,6656.9809,6390.7016,266.2792,0.00163983,0.00157424,266.2792,6390.7016,0.00157424,266.2792,266.2792,266.2792,0.0000,0.0000,6390.7016,0.00157424,798.8377,767.3102,5858.1432,5889.6706,0.00144305,0.00145082,0.00006559,418.2083,379.7376,0.6869,61.6387,1.8384,37588.4109,89.7407,538.3845,395.5999,218.4789,430.6076,432.5446,432.5446,1046.441,1081.3617,427.0584,0.0,2.43015,2.511246,0.971205,30,216,96,2,0.20383968,0.00163983,-0.01249836,0E-8,0.000000,0.906607,0.000000,0.01775797,2026-03-22,2026-08-06,108,3621,2443,138,0.782609,1.360932,1.287360,0.679466,,,,,,,,GLOBAL_BASELINE_NO_ENTITY_RANKING,,,NOT_APPLICABLE_GLOBAL_BASELINE,HF9g-P5,,,,X 全窗基线 · 不参与实体赏罚,14198503,1420,A168_HF9F_20260827_0900,2026-08-27 09:00:00
2026-05-06,57024343,1963,0,432.5446602362,432.5446602362,432.5446602362,1.0000000,1,1,0.49324550000000000,0.493245500000,1.01360149184955,1.01360149184955,1.01360149184955,0E-17,ELIGIBLE,R03b_20260811_FULL_v1,L1_ELIGIBILITY,v2026-08-11,2026-03-21..2026-08-06,baccarat_bet02_101_all_pairs_incl_sentinel,round_win = game_pnl > 0 (decisive only),COMPATIBILITY_ONLY_NOT_PRODUCTION,4059548.3812,3680416.6879,6656.9809,9707,9692,-0.00163983,0.01249836,-0.00525961,-0.00163983,-6656.9809,4059548.3812,OK,0.0000,266.2792,4.0000,96.0000,AG03-UNRESOLVED,ALL5_LEVELS_bet23_to_bet27,266.2792,266.2792,266.2792,0.0000,0.0000,4.000000,4.000000,4.000000,0.000000,0.000000,96.000000,96.000000,96.000000,100.000000,100.000000,5.0,798.8377,767.3102,5858.1432,5889.6706,PENDING_AG03,FALSE,NOT_FOR_ENFORCEMENT,6390.7016,3533200.0204,6656.9809,6390.7016,266.2792,0.00163983,0.00157424,266.2792,6390.7016,0.00157424,266.2792,266.2792,266.2792,0.0000,0.0000,6390.7016,0.00157424,798.8377,767.3102,5858.1432,5889.6706,0.00144305,0.00145082,0.00006559,418.2083,379.7376,0.6869,61.6387,1.8384,37588.4109,89.7407,538.3845,395.5999,218.4789,430.6076,432.5446,432.5446,1046.441,1081.3617,427.0584,0.0,2.43015,2.511246,0.971205,30,216,96,2,0.20383968,0.00163983,-0.01249836,0E-8,0.000000,0.906607,0.000000,0.01775797,2026-03-22,2026-08-06,108,3621,2443,138,0.782609,1.360932,1.287360,0.679466,,,,,,,,GLOBAL_BASELINE_NO_ENTITY_RANKING,,,NOT_APPLICABLE_GLOBAL_BASELINE,HF9g-P5,,,,X 全窗基线 · 不参与实体赏罚,14198504,1420,A168_HF9F_20260827_0900,2026-08-27 09:00:00
2026-05-06,57024343,1990,0,2595.2679614172,1622.0424758858,1622.0424758858,0.8333333,6,6,0.50665070000000000,0.506650700000,1.6005531159783741,1.6005531159783741,1.6005531159783741,0E-17,ELIGIBLE,R03b_20260811_FULL_v1,L1_ELIGIBILITY,v2026-08-11,2026-03-21..2026-08-06,baccarat_bet02_101_all_pairs_incl_sentinel,round_win = game_pnl > 0 (decisive only),COMPATIBILITY_ONLY_NOT_PRODUCTION,4059548.3812,3680416.6879,6656.9809,9707,9692,-0.00163983,0.01249836,-0.00525961,-0.00163983,-6656.9809,4059548.3812,OK,0.0000,266.2792,4.0000,96.0000,AG03-UNRESOLVED,ALL5_LEVELS_bet23_to_bet27,266.2792,266.2792,266.2792,0.0000,0.0000,4.000000,4.000000,4.000000,0.000000,0.000000,96.000000,96.000000,96.000000,100.000000,100.000000,5.0,798.8377,767.3102,5858.1432,5889.6706,PENDING_AG03,FALSE,NOT_FOR_ENFORCEMENT,6390.7016,3533200.0204,6656.9809,6390.7016,266.2792,0.00163983,0.00157424,266.2792,6390.7016,0.00157424,266.2792,266.2792,266.2792,0.0000,0.0000,6390.7016,0.00157424,798.8377,767.3102,5858.1432,5889.6706,0.00144305,0.00145082,0.00006559,418.2083,379.7376,0.6869,61.6387,1.8384,37588.4109,89.7407,538.3845,395.5999,218.4789,430.6076,432.5446,432.5446,1046.441,1081.3617,427.0584,0.0,2.43015,2.511246,0.971205,30,216,96,2,0.20383968,0.00163983,-0.01249836,0E-8,0.000000,0.906607,0.000000,0.01775797,2026-03-22,2026-08-06,108,3621,2443,138,0.782609,1.360932,1.287360,0.679466,,,,,,,,GLOBAL_BASELINE_NO_ENTITY_RANKING,,,NOT_APPLICABLE_GLOBAL_BASELINE,HF9g-P5,,,,X 全窗基线 · 不参与实体赏罚,14198505,1420,A168_HF9F_20260827_0900,2026-08-27 09:00:00
2026-05-06,57024343,1994,0,2162.7233011810,1211.1250486614,1211.1250486614,0.8000000,5,5,0.50665070000000000,0.506650700000,1.3120140225494112,1.3120140225494112,1.3120140225494112,0E-17,ELIGIBLE,R03b_20260811_FULL_v1,L1_ELIGIBILITY,v2026-08-11,2026-03-21..2026-08-06,baccarat_bet02_101_all_pairs_incl_sentinel,round_win = game_pnl > 0 (decisive only),COMPATIBILITY_ONLY_NOT_PRODUCTION,4059548.3812,3680416.6879,6656.9809,9707,9692,-0.00163983,0.01249836,-0.00525961,-0.00163983,-6656.9809,4059548.3812,OK,0.0000,266.2792,4.0000,96.0000,AG03-UNRESOLVED,ALL5_LEVELS_bet23_to_bet27,266.2792,266.2792,266.2792,0.0000,0.0000,4.000000,4.000000,4.000000,0.000000,0.000000,96.000000,96.000000,96.000000,100.000000,100.000000,5.0,798.8377,767.3102,5858.1432,5889.6706,PENDING_AG03,FALSE,NOT_FOR_ENFORCEMENT,6390.7016,3533200.0204,6656.9809,6390.7016,266.2792,0.00163983,0.00157424,266.2792,6390.7016,0.00157424,266.2792,266.2792,266.2792,0.0000,0.0000,6390.7016,0.00157424,798.8377,767.3102,5858.1432,5889.6706,0.00144305,0.00145082,0.00006559,418.2083,379.7376,0.6869,61.6387,1.8384,37588.4109,89.7407,538.3845,395.5999,218.4789,430.6076,432.5446,432.5446,1046.441,1081.3617,427.0584,0.0,2.43015,2.511246,0.971205,30,216,96,2,0.20383968,0.00163983,-0.01249836,0E-8,0.000000,0.906607,0.000000,0.01775797,2026-03-22,2026-08-06,108,3621,2443,138,0.782609,1.360932,1.287360,0.679466,,,,,,,,GLOBAL_BASELINE_NO_ENTITY_RANKING,,,NOT_APPLICABLE_GLOBAL_BASELINE,HF9g-P5,,,,X 全窗基线 · 不参与实体赏罚,14198506,1420,A168_HF9F_20260827_0900,2026-08-27 09:00:00
2026-05-06,57024343,2093,0,865.0893204724,821.8348544488,821.8348544488,1.0000000,2,2,0.50665070000000000,0.506650700000,1.3955260008387969,1.3955260008387969,1.3955260008387969,0E-17,ELIGIBLE,R03b_20260811_FULL_v1,L1_ELIGIBILITY,v2026-08-11,2026-03-21..2026-08-06,baccarat_bet02_101_all_pairs_incl_sentinel,round_win = game_pnl > 0 (decisive only),COMPATIBILITY_ONLY_NOT_PRODUCTION,4059548.3812,3680416.6879,6656.9809,9707,9692,-0.00163983,0.01249836,-0.00525961,-0.00163983,-6656.9809,4059548.3812,OK,0.0000,266.2792,4.0000,96.0000,AG03-UNRESOLVED,ALL5_LEVELS_bet23_to_bet27,266.2792,266.2792,266.2792,0.0000,0.0000,4.000000,4.000000,4.000000,0.000000,0.000000,96.000000,96.000000,96.000000,100.000000,100.000000,5.0,798.8377,767.3102,5858.1432,5889.6706,PENDING_AG03,FALSE,NOT_FOR_ENFORCEMENT,6390.7016,3533200.0204,6656.9809,6390.7016,266.2792,0.00163983,0.00157424,266.2792,6390.7016,0.00157424,266.2792,266.2792,266.2792,0.0000,0.0000,6390.7016,0.00157424,798.8377,767.3102,5858.1432,5889.6706,0.00144305,0.00145082,0.00006559,418.2083,379.7376,0.6869,61.6387,1.8384,37588.4109,89.7407,538.3845,395.5999,218.4789,430.6076,432.5446,432.5446,1046.441,1081.3617,427.0584,0.0,2.43015,2.511246,0.971205,30,216,96,2,0.20383968,0.00163983,-0.01249836,0E-8,0.000000,0.906607,0.000000,0.01775797,2026-03-22,2026-08-06,108,3621,2443,138,0.782609,1.360932,1.287360,0.679466,,,,,,,,GLOBAL_BASELINE_NO_ENTITY_RANKING,,,NOT_APPLICABLE_GLOBAL_BASELINE,HF9g-P5,,,,X 全窗基线 · 不参与实体赏罚,14198507,1420,A168_HF9F_20260827_0900,2026-08-27 09:00:00
2026-05-06,57024343,2147,0,432.5446602362,-432.5446602362,-432.5446602362,0E-7,1,1,0.50665070000000000,0.506650700000,-1.013391052207602,-1.013391052207602,-1.013391052207602,0E-17,ELIGIBLE,R03b_20260811_FULL_v1,L1_ELIGIBILITY,v2026-08-11,2026-03-21..2026-08-06,baccarat_bet02_101_all_pairs_incl_sentinel,round_win = game_pnl > 0 (decisive only),COMPATIBILITY_ONLY_NOT_PRODUCTION,4059548.3812,3680416.6879,6656.9809,9707,9692,-0.00163983,0.01249836,-0.00525961,-0.00163983,-6656.9809,4059548.3812,OK,0.0000,266.2792,4.0000,96.0000,AG03-UNRESOLVED,ALL5_LEVELS_bet23_to_bet27,266.2792,266.2792,266.2792,0.0000,0.0000,4.000000,4.000000,4.000000,0.000000,0.000000,96.000000,96.000000,96.000000,100.000000,100.000000,5.0,798.8377,767.3102,5858.1432,5889.6706,PENDING_AG03,FALSE,NOT_FOR_ENFORCEMENT,6390.7016,3533200.0204,6656.9809,6390.7016,266.2792,0.00163983,0.00157424,266.2792,6390.7016,0.00157424,266.2792,266.2792,266.2792,0.0000,0.0000,6390.7016,0.00157424,798.8377,767.3102,5858.1432,5889.6706,0.00144305,0.00145082,0.00006559,418.2083,379.7376,0.6869,61.6387,1.8384,37588.4109,89.7407,538.3845,395.5999,218.4789,430.6076,432.5446,432.5446,1046.441,1081.3617,427.0584,0.0,2.43015,2.511246,0.971205,30,216,96,2,0.20383968,0.00163983,-0.01249836,0E-8,0.000000,0.906607,0.000000,0.01775797,2026-03-22,2026-08-06,108,3621,2443,138,0.782609,1.360932,1.287360,0.679466,,,,,,,,GLOBAL_BASELINE_NO_ENTITY_RANKING,,,NOT_APPLICABLE_GLOBAL_BASELINE,HF9g-P5,,,,X 全窗基线 · 不参与实体赏罚,14198508,1420,A168_HF9F_20260827_0900,2026-08-27 09:00:00
2026-05-06,57024343,2154,0,1513.9063108267,-670.4442233661,-670.4442233661,0.3333333,3,3,0.50665070000000000,0.506650700000,-0.6004420894325239,-0.6004420894325239,-0.6004420894325239,0E-17,ELIGIBLE,R03b_20260811_FULL_v1,L1_ELIGIBILITY,v2026-08-11,2026-03-21..2026-08-06,baccarat_bet02_101_all_pairs_incl_sentinel,round_win = game_pnl > 0 (decisive only),COMPATIBILITY_ONLY_NOT_PRODUCTION,4059548.3812,3680416.6879,6656.9809,9707,9692,-0.00163983,0.01249836,-0.00525961,-0.00163983,-6656.9809,4059548.3812,OK,0.0000,266.2792,4.0000,96.0000,AG03-UNRESOLVED,ALL5_LEVELS_bet23_to_bet27,266.2792,266.2792,266.2792,0.0000,0.0000,4.000000,4.000000,4.000000,0.000000,0.000000,96.000000,96.000000,96.000000,100.000000,100.000000,5.0,798.8377,767.3102,5858.1432,5889.6706,PENDING_AG03,FALSE,NOT_FOR_ENFORCEMENT,6390.7016,3533200.0204,6656.9809,6390.7016,266.2792,0.00163983,0.00157424,266.2792,6390.7016,0.00157424,266.2792,266.2792,266.2792,0.0000,0.0000,6390.7016,0.00157424,798.8377,767.3102,5858.1432,5889.6706,0.00144305,0.00145082,0.00006559,418.2083,379.7376,0.6869,61.6387,1.8384,37588.4109,89.7407,538.3845,395.5999,218.4789,430.6076,432.5446,432.5446,1046.441,1081.3617,427.0584,0.0,2.43015,2.511246,0.971205,30,216,96,2,0.20383968,0.00163983,-0.01249836,0E-8,0.000000,0.906607,0.000000,0.01775797,2026-03-22,2026-08-06,108,3621,2443,138,0.782609,1.360932,1.287360,0.679466,,,,,,,,GLOBAL_BASELINE_NO_ENTITY_RANKING,,,NOT_APPLICABLE_GLOBAL_BASELINE,HF9g-P5,,,,X 全窗基线 · 不参与实体赏罚,14198509,1420,A168_HF9F_20260827_0900,2026-08-27 09:00:00
2026-05-06,57024343,2171,0,2811.5402915353,573.1216748129,573.1216748129,0.6000000,6,6,0.50665070000000000,0.506650700000,0.4175076967804994,0.4175076967804994,0.4175076967804994,0E-17,ELIGIBLE,R03b_20260811_FULL_v1,L1_ELIGIBILITY,v2026-08-11,2026-03-21..2026-08-06,baccarat_bet02_101_all_pairs_incl_sentinel,round_win = game_pnl > 0 (decisive only),COMPATIBILITY_ONLY_NOT_PRODUCTION,4059548.3812,3680416.6879,6656.9809,9707,9692,-0.00163983,0.01249836,-0.00525961,-0.00163983,-6656.9809,4059548.3812,OK,0.0000,266.2792,4.0000,96.0000,AG03-UNRESOLVED,ALL5_LEVELS_bet23_to_bet27,266.2792,266.2792,266.2792,0.0000,0.0000,4.000000,4.000000,4.000000,0.000000,0.000000,96.000000,96.000000,96.000000,100.000000,100.000000,5.0,798.8377,767.3102,5858.1432,5889.6706,PENDING_AG03,FALSE,NOT_FOR_ENFORCEMENT,6390.7016,3533200.0204,6656.9809,6390.7016,266.2792,0.00163983,0.00157424,266.2792,6390.7016,0.00157424,266.2792,266.2792,266.2792,0.0000,0.0000,6390.7016,0.00157424,798.8377,767.3102,5858.1432,5889.6706,0.00144305,0.00145082,0.00006559,418.2083,379.7376,0.6869,61.6387,1.8384,37588.4109,89.7407,538.3845,395.5999,218.4789,430.6076,432.5446,432.5446,1046.441,1081.3617,427.0584,0.0,2.43015,2.511246,0.971205,30,216,96,2,0.20383968,0.00163983,-0.01249836,0E-8,0.000000,0.906607,0.000000,0.01775797,2026-03-22,2026-08-06,108,3621,2443,138,0.782609,1.360932,1.287360,0.679466,,,,,,,,GLOBAL_BASELINE_NO_ENTITY_RANKING,,,NOT_APPLICABLE_GLOBAL_BASELINE,HF9g-P5,,,,X 全窗基线 · 不参与实体赏罚,14198510,1420,A168_HF9F_20260827_0900,2026-08-27 09:00:00
2026-05-06,57024343,2202,0,1730.1786409448,-454.1718932480,-454.1718932480,0.3333333,4,4,0.50665070000000000,0.506650700000,-0.6004420894325239,-0.6004420894325239,-0.6004420894325239,0E-17,ELIGIBLE,R03b_20260811_FULL_v1,L1_ELIGIBILITY,v2026-08-11,2026-03-21..2026-08-06,baccarat_bet02_101_all_pairs_incl_sentinel,round_win = game_pnl > 0 (decisive only),COMPATIBILITY_ONLY_NOT_PRODUCTION,4059548.3812,3680416.6879,6656.9809,9707,9692,-0.00163983,0.01249836,-0.00525961,-0.00163983,-6656.9809,4059548.3812,OK,0.0000,266.2792,4.0000,96.0000,AG03-UNRESOLVED,ALL5_LEVELS_bet23_to_bet27,266.2792,266.2792,266.2792,0.0000,0.0000,4.000000,4.000000,4.000000,0.000000,0.000000,96.000000,96.000000,96.000000,100.000000,100.000000,5.0,798.8377,767.3102,5858.1432,5889.6706,PENDING_AG03,FALSE,NOT_FOR_ENFORCEMENT,6390.7016,3533200.0204,6656.9809,6390.7016,266.2792,0.00163983,0.00157424,266.2792,6390.7016,0.00157424,266.2792,266.2792,266.2792,0.0000,0.0000,6390.7016,0.00157424,798.8377,767.3102,5858.1432,5889.6706,0.00144305,0.00145082,0.00006559,418.2083,379.7376,0.6869,61.6387,1.8384,37588.4109,89.7407,538.3845,395.5999,218.4789,430.6076,432.5446,432.5446,1046.441,1081.3617,427.0584,0.0,2.43015,2.511246,0.971205,30,216,96,2,0.20383968,0.00163983,-0.01249836,0E-8,0.000000,0.906607,0.000000,0.01775797,2026-03-22,2026-08-06,108,3621,2443,138,0.782609,1.360932,1.287360,0.679466,,,,,,,,GLOBAL_BASELINE_NO_ENTITY_RANKING,,,NOT_APPLICABLE_GLOBAL_BASELINE,HF9g-P5,,,,X 全窗基线 · 不参与实体赏罚,14198511,1420,A168_HF9F_20260827_0900,2026-08-27 09:00:00
2026-05-06,57024343,2212,0,432.5446602362,410.9174272244,410.9174272244,1.0000000,1,1,0.50665070000000000,0.506650700000,0.9867858985152569,0.9867858985152569,0.9867858985152569,0E-17,ELIGIBLE,R03b_20260811_FULL_v1,L1_ELIGIBILITY,v2026-08-11,2026-03-21..2026-08-06,baccarat_bet02_101_all_pairs_incl_sentinel,round_win = game_pnl > 0 (decisive only),COMPATIBILITY_ONLY_NOT_PRODUCTION,4059548.3812,3680416.6879,6656.9809,9707,9692,-0.00163983,0.01249836,-0.00525961,-0.00163983,-6656.9809,4059548.3812,OK,0.0000,266.2792,4.0000,96.0000,AG03-UNRESOLVED,ALL5_LEVELS_bet23_to_bet27,266.2792,266.2792,266.2792,0.0000,0.0000,4.000000,4.000000,4.000000,0.000000,0.000000,96.000000,96.000000,96.000000,100.000000,100.000000,5.0,798.8377,767.3102,5858.1432,5889.6706,PENDING_AG03,FALSE,NOT_FOR_ENFORCEMENT,6390.7016,3533200.0204,6656.9809,6390.7016,266.2792,0.00163983,0.00157424,266.2792,6390.7016,0.00157424,266.2792,266.2792,266.2792,0.0000,0.0000,6390.7016,0.00157424,798.8377,767.3102,5858.1432,5889.6706,0.00144305,0.00145082,0.00006559,418.2083,379.7376,0.6869,61.6387,1.8384,37588.4109,89.7407,538.3845,395.5999,218.4789,430.6076,432.5446,432.5446,1046.441,1081.3617,427.0584,0.0,2.43015,2.511246,0.971205,30,216,96,2,0.20383968,0.00163983,-0.01249836,0E-8,0.000000,0.906607,0.000000,0.01775797,2026-03-22,2026-08-06,108,3621,2443,138,0.782609,1.360932,1.287360,0.679466,,,,,,,,GLOBAL_BASELINE_NO_ENTITY_RANKING,,,NOT_APPLICABLE_GLOBAL_BASELINE,HF9g-P5,,,,X 全窗基线 · 不参与实体赏罚,14198512,1420,A168_HF9F_20260827_0900,2026-08-27 09:00:00
2026-05-06,57024343,2222,0,648.8169903543,616.3761408365,616.3761408365,1.0000000,1,1,0.50665070000000000,0.506650700000,0.9867858985152569,0.9867858985152569,0.9867858985152569,0E-17,ELIGIBLE,R03b_20260811_FULL_v1,L1_ELIGIBILITY,v2026-08-11,2026-03-21..2026-08-06,baccarat_bet02_101_all_pairs_incl_sentinel,round_win = game_pnl > 0 (decisive only),COMPATIBILITY_ONLY_NOT_PRODUCTION,4059548.3812,3680416.6879,6656.9809,9707,9692,-0.00163983,0.01249836,-0.00525961,-0.00163983,-6656.9809,4059548.3812,OK,0.0000,266.2792,4.0000,96.0000,AG03-UNRESOLVED,ALL5_LEVELS_bet23_to_bet27,266.2792,266.2792,266.2792,0.0000,0.0000,4.000000,4.000000,4.000000,0.000000,0.000000,96.000000,96.000000,96.000000,100.000000,100.000000,5.0,798.8377,767.3102,5858.1432,5889.6706,PENDING_AG03,FALSE,NOT_FOR_ENFORCEMENT,6390.7016,3533200.0204,6656.9809,6390.7016,266.2792,0.00163983,0.00157424,266.2792,6390.7016,0.00157424,266.2792,266.2792,266.2792,0.0000,0.0000,6390.7016,0.00157424,798.8377,767.3102,5858.1432,5889.6706,0.00144305,0.00145082,0.00006559,418.2083,379.7376,0.6869,61.6387,1.8384,37588.4109,89.7407,538.3845,395.5999,218.4789,430.6076,432.5446,432.5446,1046.441,1081.3617,427.0584,0.0,2.43015,2.511246,0.971205,30,216,96,2,0.20383968,0.00163983,-0.01249836,0E-8,0.000000,0.906607,0.000000,0.01775797,2026-03-22,2026-08-06,108,3621,2443,138,0.782609,1.360932,1.287360,0.679466,,,,,,,,GLOBAL_BASELINE_NO_ENTITY_RANKING,,,NOT_APPLICABLE_GLOBAL_BASELINE,HF9g-P5,,,,X 全窗基线 · 不参与实体赏罚,14198513,1420,A168_HF9F_20260827_0900,2026-08-27 09:00:00
2026-05-06,57024343,2229,0,1297.6339807086,-454.1718932480,-454.1718932480,0.3333333,3,3,0.50218230000000000,0.502182300000,-0.5849155494134425,-0.5849155494134426,-0.5849155494134425,0E-17,ELIGIBLE,R03b_20260811_FULL_v1,L1_ELIGIBILITY,v2026-08-11,2026-03-21..2026-08-06,baccarat_bet02_101_all_pairs_incl_sentinel,round_win = game_pnl > 0 (decisive only),COMPATIBILITY_ONLY_NOT_PRODUCTION,4059548.3812,3680416.6879,6656.9809,9707,9692,-0.00163983,0.01249836,-0.00525961,-0.00163983,-6656.9809,4059548.3812,OK,0.0000,266.2792,4.0000,96.0000,AG03-UNRESOLVED,ALL5_LEVELS_bet23_to_bet27,266.2792,266.2792,266.2792,0.0000,0.0000,4.000000,4.000000,4.000000,0.000000,0.000000,96.000000,96.000000,96.000000,100.000000,100.000000,5.0,798.8377,767.3102,5858.1432,5889.6706,PENDING_AG03,FALSE,NOT_FOR_ENFORCEMENT,6390.7016,3533200.0204,6656.9809,6390.7016,266.2792,0.00163983,0.00157424,266.2792,6390.7016,0.00157424,266.2792,266.2792,266.2792,0.0000,0.0000,6390.7016,0.00157424,798.8377,767.3102,5858.1432,5889.6706,0.00144305,0.00145082,0.00006559,418.2083,379.7376,0.6869,61.6387,1.8384,37588.4109,89.7407,538.3845,395.5999,218.4789,430.6076,432.5446,432.5446,1046.441,1081.3617,427.0584,0.0,2.43015,2.511246,0.971205,30,216,96,2,0.20383968,0.00163983,-0.01249836,0E-8,0.000000,0.906607,0.000000,0.01775797,2026-03-22,2026-08-06,108,3621,2443,138,0.782609,1.360932,1.287360,0.679466,,,,,,,,GLOBAL_BASELINE_NO_ENTITY_RANKING,,,NOT_APPLICABLE_GLOBAL_BASELINE,HF9g-P5,,,,X 全窗基线 · 不参与实体赏罚,14198514,1420,A168_HF9F_20260827_0900,2026-08-27 09:00:00
2026-05-06,57024343,2254,0,865.0893204724,-21.6272330118,-21.6272330118,0.5000000,2,2,0.50665070000000000,0.506650700000,-0.018812684590367487,-0.018812684590367487,-0.018812684590367487,0E-17,ELIGIBLE,R03b_20260811_FULL_v1,L1_ELIGIBILITY,v2026-08-11,2026-03-21..2026-08-06,baccarat_bet02_101_all_pairs_incl_sentinel,round_win = game_pnl > 0 (decisive only),COMPATIBILITY_ONLY_NOT_PRODUCTION,4059548.3812,3680416.6879,6656.9809,9707,9692,-0.00163983,0.01249836,-0.00525961,-0.00163983,-6656.9809,4059548.3812,OK,0.0000,266.2792,4.0000,96.0000,AG03-UNRESOLVED,ALL5_LEVELS_bet23_to_bet27,266.2792,266.2792,266.2792,0.0000,0.0000,4.000000,4.000000,4.000000,0.000000,0.000000,96.000000,96.000000,96.000000,100.000000,100.000000,5.0,798.8377,767.3102,5858.1432,5889.6706,PENDING_AG03,FALSE,NOT_FOR_ENFORCEMENT,6390.7016,3533200.0204,6656.9809,6390.7016,266.2792,0.00163983,0.00157424,266.2792,6390.7016,0.00157424,266.2792,266.2792,266.2792,0.0000,0.0000,6390.7016,0.00157424,798.8377,767.3102,5858.1432,5889.6706,0.00144305,0.00145082,0.00006559,418.2083,379.7376,0.6869,61.6387,1.8384,37588.4109,89.7407,538.3845,395.5999,218.4789,430.6076,432.5446,432.5446,1046.441,1081.3617,427.0584,0.0,2.43015,2.511246,0.971205,30,216,96,2,0.20383968,0.00163983,-0.01249836,0E-8,0.000000,0.906607,0.000000,0.01775797,2026-03-22,2026-08-06,108,3621,2443,138,0.782609,1.360932,1.287360,0.679466,,,,,,,,GLOBAL_BASELINE_NO_ENTITY_RANKING,,,NOT_APPLICABLE_GLOBAL_BASELINE,HF9g-P5,,,,X 全窗基线 · 不参与实体赏罚,14198515,1420,A168_HF9F_20260827_0900,2026-08-27 09:00:00
2026-05-06,57024343,2266,0,1297.6339807086,1232.7522816732,1232.7522816732,1.0000000,3,3,0.50665070000000000,0.506650700000,1.7091633124209307,1.7091633124209307,1.7091633124209307,0E-17,ELIGIBLE,R03b_20260811_FULL_v1,L1_ELIGIBILITY,v2026-08-11,2026-03-21..2026-08-06,baccarat_bet02_101_all_pairs_incl_sentinel,round_win = game_pnl > 0 (decisive only),COMPATIBILITY_ONLY_NOT_PRODUCTION,4059548.3812,3680416.6879,6656.9809,9707,9692,-0.00163983,0.01249836,-0.00525961,-0.00163983,-6656.9809,4059548.3812,OK,0.0000,266.2792,4.0000,96.0000,AG03-UNRESOLVED,ALL5_LEVELS_bet23_to_bet27,266.2792,266.2792,266.2792,0.0000,0.0000,4.000000,4.000000,4.000000,0.000000,0.000000,96.000000,96.000000,96.000000,100.000000,100.000000,5.0,798.8377,767.3102,5858.1432,5889.6706,PENDING_AG03,FALSE,NOT_FOR_ENFORCEMENT,6390.7016,3533200.0204,6656.9809,6390.7016,266.2792,0.00163983,0.00157424,266.2792,6390.7016,0.00157424,266.2792,266.2792,266.2792,0.0000,0.0000,6390.7016,0.00157424,798.8377,767.3102,5858.1432,5889.6706,0.00144305,0.00145082,0.00006559,418.2083,379.7376,0.6869,61.6387,1.8384,37588.4109,89.7407,538.3845,395.5999,218.4789,430.6076,432.5446,432.5446,1046.441,1081.3617,427.0584,0.0,2.43015,2.511246,0.971205,30,216,96,2,0.20383968,0.00163983,-0.01249836,0E-8,0.000000,0.906607,0.000000,0.01775797,2026-03-22,2026-08-06,108,3621,2443,138,0.782609,1.360932,1.287360,0.679466,,,,,,,,GLOBAL_BASELINE_NO_ENTITY_RANKING,,,NOT_APPLICABLE_GLOBAL_BASELINE,HF9g-P5,,,,X 全窗基线 · 不参与实体赏罚,14198516,1420,A168_HF9F_20260827_0900,2026-08-27 09:00:00
2026-05-06,57024343,550,0,216.2723301181,0E-10,0E-10,,1,1,0.50665070000000000,0.506650700000,,,,0E-17,NO_DECISIVE_ROUND,R03b_20260811_FULL_v1,L1_ELIGIBILITY,v2026-08-11,2026-03-21..2026-08-06,baccarat_bet02_101_all_pairs_incl_sentinel,round_win = game_pnl > 0 (decisive only),COMPATIBILITY_ONLY_NOT_PRODUCTION,4059548.3812,3680416.6879,6656.9809,9707,9692,-0.00163983,0.01249836,-0.00525961,-0.00163983,-6656.9809,4059548.3812,OK,0.0000,266.2792,4.0000,96.0000,AG03-UNRESOLVED,ALL5_LEVELS_bet23_to_bet27,266.2792,266.2792,266.2792,0.0000,0.0000,4.000000,4.000000,4.000000,0.000000,0.000000,96.000000,96.000000,96.000000,100.000000,100.000000,5.0,798.8377,767.3102,5858.1432,5889.6706,PENDING_AG03,FALSE,NOT_FOR_ENFORCEMENT,6390.7016,3533200.0204,6656.9809,6390.7016,266.2792,0.00163983,0.00157424,266.2792,6390.7016,0.00157424,266.2792,266.2792,266.2792,0.0000,0.0000,6390.7016,0.00157424,798.8377,767.3102,5858.1432,5889.6706,0.00144305,0.00145082,0.00006559,418.2083,379.7376,0.6869,61.6387,1.8384,37588.4109,89.7407,538.3845,395.5999,218.4789,430.6076,432.5446,432.5446,1046.441,1081.3617,427.0584,0.0,2.43015,2.511246,0.971205,30,216,96,2,0.20383968,0.00163983,-0.01249836,0E-8,0.000000,0.906607,0.000000,0.01775797,2026-03-22,2026-08-06,108,3621,2443,138,0.782609,1.360932,1.287360,0.679466,,,,,,,,GLOBAL_BASELINE_NO_ENTITY_RANKING,,,NOT_APPLICABLE_GLOBAL_BASELINE,HF9g-P5,,,,X 全窗基线 · 不参与实体赏罚,14198517,1420,A168_HF9F_20260827_0900,2026-08-27 09:00:00
2026-05-06,57024343,789,0,432.5446602362,-432.5446602362,-432.5446602362,0E-7,1,1,0.50665070000000000,0.506650700000,-1.013391052207602,-1.013391052207602,-1.013391052207602,0E-17,ELIGIBLE,R03b_20260811_FULL_v1,L1_ELIGIBILITY,v2026-08-11,2026-03-21..2026-08-06,baccarat_bet02_101_all_pairs_incl_sentinel,round_win = game_pnl > 0 (decisive only),COMPATIBILITY_ONLY_NOT_PRODUCTION,4059548.3812,3680416.6879,6656.9809,9707,9692,-0.00163983,0.01249836,-0.00525961,-0.00163983,-6656.9809,4059548.3812,OK,0.0000,266.2792,4.0000,96.0000,AG03-UNRESOLVED,ALL5_LEVELS_bet23_to_bet27,266.2792,266.2792,266.2792,0.0000,0.0000,4.000000,4.000000,4.000000,0.000000,0.000000,96.000000,96.000000,96.000000,100.000000,100.000000,5.0,798.8377,767.3102,5858.1432,5889.6706,PENDING_AG03,FALSE,NOT_FOR_ENFORCEMENT,6390.7016,3533200.0204,6656.9809,6390.7016,266.2792,0.00163983,0.00157424,266.2792,6390.7016,0.00157424,266.2792,266.2792,266.2792,0.0000,0.0000,6390.7016,0.00157424,798.8377,767.3102,5858.1432,5889.6706,0.00144305,0.00145082,0.00006559,418.2083,379.7376,0.6869,61.6387,1.8384,37588.4109,89.7407,538.3845,395.5999,218.4789,430.6076,432.5446,432.5446,1046.441,1081.3617,427.0584,0.0,2.43015,2.511246,0.971205,30,216,96,2,0.20383968,0.00163983,-0.01249836,0E-8,0.000000,0.906607,0.000000,0.01775797,2026-03-22,2026-08-06,108,3621,2443,138,0.782609,1.360932,1.287360,0.679466,,,,,,,,GLOBAL_BASELINE_NO_ENTITY_RANKING,,,NOT_APPLICABLE_GLOBAL_BASELINE,HF9g-P5,,,,X 全窗基线 · 不参与实体赏罚,14198518,1420,A168_HF9F_20260827_0900,2026-08-27 09:00:00
2026-05-07,57024343,-1,1,5839.3529131887,2195.1641506988,2195.1641506988,0.7500000,14,14,0.50665070000000000,0.506650700000,1.6861225734517706,1.6861225734517706,1.6861225734517706,0E-17,SENTINEL_DEALER,R03b_20260811_FULL_v1,L1_ELIGIBILITY,v2026-08-11,2026-03-21..2026-08-06,baccarat_bet02_101_all_pairs_incl_sentinel,round_win = game_pnl > 0 (decisive only),COMPATIBILITY_ONLY_NOT_PRODUCTION,4059548.3812,3680416.6879,6656.9809,9707,9692,-0.00163983,0.01249836,-0.00525961,-0.00163983,-6656.9809,4059548.3812,OK,0.0000,266.2792,4.0000,96.0000,AG03-UNRESOLVED,ALL5_LEVELS_bet23_to_bet27,266.2792,266.2792,266.2792,0.0000,0.0000,4.000000,4.000000,4.000000,0.000000,0.000000,96.000000,96.000000,96.000000,100.000000,100.000000,5.0,798.8377,767.3102,5858.1432,5889.6706,PENDING_AG03,FALSE,NOT_FOR_ENFORCEMENT,6390.7016,3533200.0204,6656.9809,6390.7016,266.2792,0.00163983,0.00157424,266.2792,6390.7016,0.00157424,266.2792,266.2792,266.2792,0.0000,0.0000,6390.7016,0.00157424,798.8377,767.3102,5858.1432,5889.6706,0.00144305,0.00145082,0.00006559,418.2083,379.7376,0.6869,61.6387,1.8384,37588.4109,89.7407,538.3845,395.5999,218.4789,430.6076,432.5446,432.5446,1046.441,1081.3617,427.0584,0.0,2.43015,2.511246,0.971205,30,216,96,2,0.20383968,0.00163983,-0.01249836,0E-8,0.000000,0.906607,0.000000,0.01775797,2026-03-22,2026-08-06,108,3621,2443,138,0.782609,1.360932,1.287360,0.679466,,,,,,,,GLOBAL_BASELINE_NO_ENTITY_RANKING,,,NOT_APPLICABLE_GLOBAL_BASELINE,HF9g-P5,,,,X 全窗基线 · 不参与实体赏罚,14198519,1420,A168_HF9F_20260827_0900,2026-08-27 09:00:00
2026-05-07,57024343,1004,0,2162.7233011810,-886.7165534842,-886.7165534842,0.2500000,5,5,0.50665070000000000,0.506650700000,-1.0266936290537745,-1.0266936290537745,-1.0266936290537745,0E-17,ELIGIBLE,R03b_20260811_FULL_v1,L1_ELIGIBILITY,v2026-08-11,2026-03-21..2026-08-06,baccarat_bet02_101_all_pairs_incl_sentinel,round_win = game_pnl > 0 (decisive only),COMPATIBILITY_ONLY_NOT_PRODUCTION,4059548.3812,3680416.6879,6656.9809,9707,9692,-0.00163983,0.01249836,-0.00525961,-0.00163983,-6656.9809,4059548.3812,OK,0.0000,266.2792,4.0000,96.0000,AG03-UNRESOLVED,ALL5_LEVELS_bet23_to_bet27,266.2792,266.2792,266.2792,0.0000,0.0000,4.000000,4.000000,4.000000,0.000000,0.000000,96.000000,96.000000,96.000000,100.000000,100.000000,5.0,798.8377,767.3102,5858.1432,5889.6706,PENDING_AG03,FALSE,NOT_FOR_ENFORCEMENT,6390.7016,3533200.0204,6656.9809,6390.7016,266.2792,0.00163983,0.00157424,266.2792,6390.7016,0.00157424,266.2792,266.2792,266.2792,0.0000,0.0000,6390.7016,0.00157424,798.8377,767.3102,5858.1432,5889.6706,0.00144305,0.00145082,0.00006559,418.2083,379.7376,0.6869,61.6387,1.8384,37588.4109,89.7407,538.3845,395.5999,218.4789,430.6076,432.5446,432.5446,1046.441,1081.3617,427.0584,0.0,2.43015,2.511246,0.971205,30,216,96,2,0.20383968,0.00163983,-0.01249836,0E-8,0.000000,0.906607,0.000000,0.01775797,2026-03-22,2026-08-06,108,3621,2443,138,0.782609,1.360932,1.287360,0.679466,,,,,,,,GLOBAL_BASELINE_NO_ENTITY_RANKING,,,NOT_APPLICABLE_GLOBAL_BASELINE,HF9g-P5,,,,X 全窗基线 · 不参与实体赏罚,14198520,1420,A168_HF9F_20260827_0900,2026-08-27 09:00:00
2026-05-07,57024343,1094,0,432.5446602362,-432.5446602362,-432.5446602362,0E-7,1,1,0.50665070000000000,0.506650700000,-1.013391052207602,-1.013391052207602,-1.013391052207602,0E-17,ELIGIBLE,R03b_20260811_FULL_v1,L1_ELIGIBILITY,v2026-08-11,2026-03-21..2026-08-06,baccarat_bet02_101_all_pairs_incl_sentinel,round_win = game_pnl > 0 (decisive only),COMPATIBILITY_ONLY_NOT_PRODUCTION,4059548.3812,3680416.6879,6656.9809,9707,9692,-0.00163983,0.01249836,-0.00525961,-0.00163983,-6656.9809,4059548.3812,OK,0.0000,266.2792,4.0000,96.0000,AG03-UNRESOLVED,ALL5_LEVELS_bet23_to_bet27,266.2792,266.2792,266.2792,0.0000,0.0000,4.000000,4.000000,4.000000,0.000000,0.000000,96.000000,96.000000,96.000000,100.000000,100.000000,5.0,798.8377,767.3102,5858.1432,5889.6706,PENDING_AG03,FALSE,NOT_FOR_ENFORCEMENT,6390.7016,3533200.0204,6656.9809,6390.7016,266.2792,0.00163983,0.00157424,266.2792,6390.7016,0.00157424,266.2792,266.2792,266.2792,0.0000,0.0000,6390.7016,0.00157424,798.8377,767.3102,5858.1432,5889.6706,0.00144305,0.00145082,0.00006559,418.2083,379.7376,0.6869,61.6387,1.8384,37588.4109,89.7407,538.3845,395.5999,218.4789,430.6076,432.5446,432.5446,1046.441,1081.3617,427.0584,0.0,2.43015,2.511246,0.971205,30,216,96,2,0.20383968,0.00163983,-0.01249836,0E-8,0.000000,0.906607,0.000000,0.01775797,2026-03-22,2026-08-06,108,3621,2443,138,0.782609,1.360932,1.287360,0.679466,,,,,,,,GLOBAL_BASELINE_NO_ENTITY_RANKING,,,NOT_APPLICABLE_GLOBAL_BASELINE,HF9g-P5,,,,X 全窗基线 · 不参与实体赏罚,14198521,1420,A168_HF9F_20260827_0900,2026-08-27 09:00:00
2026-05-07,57024343,1151,0,1297.6339807086,-454.1718932480,-454.1718932480,0.3333333,3,3,0.50218230000000000,0.502182300000,-0.5849155494134425,-0.5849155494134426,-0.5849155494134425,0E-17,ELIGIBLE,R03b_20260811_FULL_v1,L1_ELIGIBILITY,v2026-08-11,2026-03-21..2026-08-06,baccarat_bet02_101_all_pairs_incl_sentinel,round_win = game_pnl > 0 (decisive only),COMPATIBILITY_ONLY_NOT_PRODUCTION,4059548.3812,3680416.6879,6656.9809,9707,9692,-0.00163983,0.01249836,-0.00525961,-0.00163983,-6656.9809,4059548.3812,OK,0.0000,266.2792,4.0000,96.0000,AG03-UNRESOLVED,ALL5_LEVELS_bet23_to_bet27,266.2792,266.2792,266.2792,0.0000,0.0000,4.000000,4.000000,4.000000,0.000000,0.000000,96.000000,96.000000,96.000000,100.000000,100.000000,5.0,798.8377,767.3102,5858.1432,5889.6706,PENDING_AG03,FALSE,NOT_FOR_ENFORCEMENT,6390.7016,3533200.0204,6656.9809,6390.7016,266.2792,0.00163983,0.00157424,266.2792,6390.7016,0.00157424,266.2792,266.2792,266.2792,0.0000,0.0000,6390.7016,0.00157424,798.8377,767.3102,5858.1432,5889.6706,0.00144305,0.00145082,0.00006559,418.2083,379.7376,0.6869,61.6387,1.8384,37588.4109,89.7407,538.3845,395.5999,218.4789,430.6076,432.5446,432.5446,1046.441,1081.3617,427.0584,0.0,2.43015,2.511246,0.971205,30,216,96,2,0.20383968,0.00163983,-0.01249836,0E-8,0.000000,0.906607,0.000000,0.01775797,2026-03-22,2026-08-06,108,3621,2443,138,0.782609,1.360932,1.287360,0.679466,,,,,,,,GLOBAL_BASELINE_NO_ENTITY_RANKING,,,NOT_APPLICABLE_GLOBAL_BASELINE,HF9g-P5,,,,X 全窗基线 · 不参与实体赏罚,14198522,1420,A168_HF9F_20260827_0900,2026-08-27 09:00:00
2026-05-07,57024343,1302,0,865.0893204724,-865.0893204724,-865.0893204724,0E-7,2,2,0.50665070000000000,0.506650700000,-1.4331513700195317,-1.4331513700195317,-1.4331513700195317,0E-17,ELIGIBLE,R03b_20260811_FULL_v1,L1_ELIGIBILITY,v2026-08-11,2026-03-21..2026-08-06,baccarat_bet02_101_all_pairs_incl_sentinel,round_win = game_pnl > 0 (decisive only),COMPATIBILITY_ONLY_NOT_PRODUCTION,4059548.3812,3680416.6879,6656.9809,9707,9692,-0.00163983,0.01249836,-0.00525961,-0.00163983,-6656.9809,4059548.3812,OK,0.0000,266.2792,4.0000,96.0000,AG03-UNRESOLVED,ALL5_LEVELS_bet23_to_bet27,266.2792,266.2792,266.2792,0.0000,0.0000,4.000000,4.000000,4.000000,0.000000,0.000000,96.000000,96.000000,96.000000,100.000000,100.000000,5.0,798.8377,767.3102,5858.1432,5889.6706,PENDING_AG03,FALSE,NOT_FOR_ENFORCEMENT,6390.7016,3533200.0204,6656.9809,6390.7016,266.2792,0.00163983,0.00157424,266.2792,6390.7016,0.00157424,266.2792,266.2792,266.2792,0.0000,0.0000,6390.7016,0.00157424,798.8377,767.3102,5858.1432,5889.6706,0.00144305,0.00145082,0.00006559,418.2083,379.7376,0.6869,61.6387,1.8384,37588.4109,89.7407,538.3845,395.5999,218.4789,430.6076,432.5446,432.5446,1046.441,1081.3617,427.0584,0.0,2.43015,2.511246,0.971205,30,216,96,2,0.20383968,0.00163983,-0.01249836,0E-8,0.000000,0.906607,0.000000,0.01775797,2026-03-22,2026-08-06,108,3621,2443,138,0.782609,1.360932,1.287360,0.679466,,,,,,,,GLOBAL_BASELINE_NO_ENTITY_RANKING,,,NOT_APPLICABLE_GLOBAL_BASELINE,HF9g-P5,,,,X 全窗基线 · 不参与实体赏罚,14198523,1420,A168_HF9F_20260827_0900,2026-08-27 09:00:00
2026-05-07,57024343,1383,0,1297.6339807086,1254.3795146850,1254.3795146850,1.0000000,3,3,0.50218230000000000,0.502182300000,1.724507524396475,1.7245075243964754,1.724507524396475,0E-17,ELIGIBLE,R03b_20260811_FULL_v1,L1_ELIGIBILITY,v2026-08-11,2026-03-21..2026-08-06,baccarat_bet02_101_all_pairs_incl_sentinel,round_win = game_pnl > 0 (decisive only),COMPATIBILITY_ONLY_NOT_PRODUCTION,4059548.3812,3680416.6879,6656.9809,9707,9692,-0.00163983,0.01249836,-0.00525961,-0.00163983,-6656.9809,4059548.3812,OK,0.0000,266.2792,4.0000,96.0000,AG03-UNRESOLVED,ALL5_LEVELS_bet23_to_bet27,266.2792,266.2792,266.2792,0.0000,0.0000,4.000000,4.000000,4.000000,0.000000,0.000000,96.000000,96.000000,96.000000,100.000000,100.000000,5.0,798.8377,767.3102,5858.1432,5889.6706,PENDING_AG03,FALSE,NOT_FOR_ENFORCEMENT,6390.7016,3533200.0204,6656.9809,6390.7016,266.2792,0.00163983,0.00157424,266.2792,6390.7016,0.00157424,266.2792,266.2792,266.2792,0.0000,0.0000,6390.7016,0.00157424,798.8377,767.3102,5858.1432,5889.6706,0.00144305,0.00145082,0.00006559,418.2083,379.7376,0.6869,61.6387,1.8384,37588.4109,89.7407,538.3845,395.5999,218.4789,430.6076,432.5446,432.5446,1046.441,1081.3617,427.0584,0.0,2.43015,2.511246,0.971205,30,216,96,2,0.20383968,0.00163983,-0.01249836,0E-8,0.000000,0.906607,0.000000,0.01775797,2026-03-22,2026-08-06,108,3621,2443,138,0.782609,1.360932,1.287360,0.679466,,,,,,,,GLOBAL_BASELINE_NO_ENTITY_RANKING,,,NOT_APPLICABLE_GLOBAL_BASELINE,HF9g-P5,,,,X 全窗基线 · 不参与实体赏罚,14198524,1420,A168_HF9F_20260827_0900,2026-08-27 09:00:00
2026-05-07,57024343,1485,0,432.5446602362,-432.5446602362,-432.5446602362,0E-7,1,1,0.50665070000000000,0.506650700000,-1.013391052207602,-1.013391052207602,-1.013391052207602,0E-17,ELIGIBLE,R03b_20260811_FULL_v1,L1_ELIGIBILITY,v2026-08-11,2026-03-21..2026-08-06,baccarat_bet02_101_all_pairs_incl_sentinel,round_win = game_pnl > 0 (decisive only),COMPATIBILITY_ONLY_NOT_PRODUCTION,4059548.3812,3680416.6879,6656.9809,9707,9692,-0.00163983,0.01249836,-0.00525961,-0.00163983,-6656.9809,4059548.3812,OK,0.0000,266.2792,4.0000,96.0000,AG03-UNRESOLVED,ALL5_LEVELS_bet23_to_bet27,266.2792,266.2792,266.2792,0.0000,0.0000,4.000000,4.000000,4.000000,0.000000,0.000000,96.000000,96.000000,96.000000,100.000000,100.000000,5.0,798.8377,767.3102,5858.1432,5889.6706,PENDING_AG03,FALSE,NOT_FOR_ENFORCEMENT,6390.7016,3533200.0204,6656.9809,6390.7016,266.2792,0.00163983,0.00157424,266.2792,6390.7016,0.00157424,266.2792,266.2792,266.2792,0.0000,0.0000,6390.7016,0.00157424,798.8377,767.3102,5858.1432,5889.6706,0.00144305,0.00145082,0.00006559,418.2083,379.7376,0.6869,61.6387,1.8384,37588.4109,89.7407,538.3845,395.5999,218.4789,430.6076,432.5446,432.5446,1046.441,1081.3617,427.0584,0.0,2.43015,2.511246,0.971205,30,216,96,2,0.20383968,0.00163983,-0.01249836,0E-8,0.000000,0.906607,0.000000,0.01775797,2026-03-22,2026-08-06,108,3621,2443,138,0.782609,1.360932,1.287360,0.679466,,,,,,,,GLOBAL_BASELINE_NO_ENTITY_RANKING,,,NOT_APPLICABLE_GLOBAL_BASELINE,HF9g-P5,,,,X 全窗基线 · 不参与实体赏罚,14198525,1420,A168_HF9F_20260827_0900,2026-08-27 09:00:00
2026-05-07,57024343,1507,0,432.5446602362,0E-10,0E-10,,1,1,0.50665070000000000,0.506650700000,,,,0E-17,NO_DECISIVE_ROUND,R03b_20260811_FULL_v1,L1_ELIGIBILITY,v2026-08-11,2026-03-21..2026-08-06,baccarat_bet02_101_all_pairs_incl_sentinel,round_win = game_pnl > 0 (decisive only),COMPATIBILITY_ONLY_NOT_PRODUCTION,4059548.3812,3680416.6879,6656.9809,9707,9692,-0.00163983,0.01249836,-0.00525961,-0.00163983,-6656.9809,4059548.3812,OK,0.0000,266.2792,4.0000,96.0000,AG03-UNRESOLVED,ALL5_LEVELS_bet23_to_bet27,266.2792,266.2792,266.2792,0.0000,0.0000,4.000000,4.000000,4.000000,0.000000,0.000000,96.000000,96.000000,96.000000,100.000000,100.000000,5.0,798.8377,767.3102,5858.1432,5889.6706,PENDING_AG03,FALSE,NOT_FOR_ENFORCEMENT,6390.7016,3533200.0204,6656.9809,6390.7016,266.2792,0.00163983,0.00157424,266.2792,6390.7016,0.00157424,266.2792,266.2792,266.2792,0.0000,0.0000,6390.7016,0.00157424,798.8377,767.3102,5858.1432,5889.6706,0.00144305,0.00145082,0.00006559,418.2083,379.7376,0.6869,61.6387,1.8384,37588.4109,89.7407,538.3845,395.5999,218.4789,430.6076,432.5446,432.5446,1046.441,1081.3617,427.0584,0.0,2.43015,2.511246,0.971205,30,216,96,2,0.20383968,0.00163983,-0.01249836,0E-8,0.000000,0.906607,0.000000,0.01775797,2026-03-22,2026-08-06,108,3621,2443,138,0.782609,1.360932,1.287360,0.679466,,,,,,,,GLOBAL_BASELINE_NO_ENTITY_RANKING,,,NOT_APPLICABLE_GLOBAL_BASELINE,HF9g-P5,,,,X 全窗基线 · 不参与实体赏罚,14198526,1420,A168_HF9F_20260827_0900,2026-08-27 09:00:00
2026-05-07,57024343,1942,0,648.8169903543,-648.8169903543,-648.8169903543,0E-7,2,2,0.50665070000000000,0.506650700000,-1.4331513700195317,-1.4331513700195317,-1.4331513700195317,0E-17,ELIGIBLE,R03b_20260811_FULL_v1,L1_ELIGIBILITY,v2026-08-11,2026-03-21..2026-08-06,baccarat_bet02_101_all_pairs_incl_sentinel,round_win = game_pnl > 0 (decisive only),COMPATIBILITY_ONLY_NOT_PRODUCTION,4059548.3812,3680416.6879,6656.9809,9707,9692,-0.00163983,0.01249836,-0.00525961,-0.00163983,-6656.9809,4059548.3812,OK,0.0000,266.2792,4.0000,96.0000,AG03-UNRESOLVED,ALL5_LEVELS_bet23_to_bet27,266.2792,266.2792,266.2792,0.0000,0.0000,4.000000,4.000000,4.000000,0.000000,0.000000,96.000000,96.000000,96.000000,100.000000,100.000000,5.0,798.8377,767.3102,5858.1432,5889.6706,PENDING_AG03,FALSE,NOT_FOR_ENFORCEMENT,6390.7016,3533200.0204,6656.9809,6390.7016,266.2792,0.00163983,0.00157424,266.2792,6390.7016,0.00157424,266.2792,266.2792,266.2792,0.0000,0.0000,6390.7016,0.00157424,798.8377,767.3102,5858.1432,5889.6706,0.00144305,0.00145082,0.00006559,418.2083,379.7376,0.6869,61.6387,1.8384,37588.4109,89.7407,538.3845,395.5999,218.4789,430.6076,432.5446,432.5446,1046.441,1081.3617,427.0584,0.0,2.43015,2.511246,0.971205,30,216,96,2,0.20383968,0.00163983,-0.01249836,0E-8,0.000000,0.906607,0.000000,0.01775797,2026-03-22,2026-08-06,108,3621,2443,138,0.782609,1.360932,1.287360,0.679466,,,,,,,,GLOBAL_BASELINE_NO_ENTITY_RANKING,,,NOT_APPLICABLE_GLOBAL_BASELINE,HF9g-P5,,,,X 全窗基线 · 不参与实体赏罚,14198527,1420,A168_HF9F_20260827_0900,2026-08-27 09:00:00
2026-05-07,57024343,1951,0,432.5446602362,0E-10,0E-10,,1,1,0.49324550000000000,0.493245500000,,,,0E-17,NO_DECISIVE_ROUND,R03b_20260811_FULL_v1,L1_ELIGIBILITY,v2026-08-11,2026-03-21..2026-08-06,baccarat_bet02_101_all_pairs_incl_sentinel,round_win = game_pnl > 0 (decisive only),COMPATIBILITY_ONLY_NOT_PRODUCTION,4059548.3812,3680416.6879,6656.9809,9707,9692,-0.00163983,0.01249836,-0.00525961,-0.00163983,-6656.9809,4059548.3812,OK,0.0000,266.2792,4.0000,96.0000,AG03-UNRESOLVED,ALL5_LEVELS_bet23_to_bet27,266.2792,266.2792,266.2792,0.0000,0.0000,4.000000,4.000000,4.000000,0.000000,0.000000,96.000000,96.000000,96.000000,100.000000,100.000000,5.0,798.8377,767.3102,5858.1432,5889.6706,PENDING_AG03,FALSE,NOT_FOR_ENFORCEMENT,6390.7016,3533200.0204,6656.9809,6390.7016,266.2792,0.00163983,0.00157424,266.2792,6390.7016,0.00157424,266.2792,266.2792,266.2792,0.0000,0.0000,6390.7016,0.00157424,798.8377,767.3102,5858.1432,5889.6706,0.00144305,0.00145082,0.00006559,418.2083,379.7376,0.6869,61.6387,1.8384,37588.4109,89.7407,538.3845,395.5999,218.4789,430.6076,432.5446,432.5446,1046.441,1081.3617,427.0584,0.0,2.43015,2.511246,0.971205,30,216,96,2,0.20383968,0.00163983,-0.01249836,0E-8,0.000000,0.906607,0.000000,0.01775797,2026-03-22,2026-08-06,108,3621,2443,138,0.782609,1.360932,1.287360,0.679466,,,,,,,,GLOBAL_BASELINE_NO_ENTITY_RANKING,,,NOT_APPLICABLE_GLOBAL_BASELINE,HF9g-P5,,,,X 全窗基线 · 不参与实体赏罚,14198528,1420,A168_HF9F_20260827_0900,2026-08-27 09:00:00
2026-05-07,57024343,1963,0,1297.6339807086,-865.0893204724,-865.0893204724,0E-7,3,3,0.50665070000000000,0.506650700000,-1.4331513700195317,-1.4331513700195317,-1.4331513700195317,0E-17,ELIGIBLE,R03b_20260811_FULL_v1,L1_ELIGIBILITY,v2026-08-11,2026-03-21..2026-08-06,baccarat_bet02_101_all_pairs_incl_sentinel,round_win = game_pnl > 0 (decisive only),COMPATIBILITY_ONLY_NOT_PRODUCTION,4059548.3812,3680416.6879,6656.9809,9707,9692,-0.00163983,0.01249836,-0.00525961,-0.00163983,-6656.9809,4059548.3812,OK,0.0000,266.2792,4.0000,96.0000,AG03-UNRESOLVED,ALL5_LEVELS_bet23_to_bet27,266.2792,266.2792,266.2792,0.0000,0.0000,4.000000,4.000000,4.000000,0.000000,0.000000,96.000000,96.000000,96.000000,100.000000,100.000000,5.0,798.8377,767.3102,5858.1432,5889.6706,PENDING_AG03,FALSE,NOT_FOR_ENFORCEMENT,6390.7016,3533200.0204,6656.9809,6390.7016,266.2792,0.00163983,0.00157424,266.2792,6390.7016,0.00157424,266.2792,266.2792,266.2792,0.0000,0.0000,6390.7016,0.00157424,798.8377,767.3102,5858.1432,5889.6706,0.00144305,0.00145082,0.00006559,418.2083,379.7376,0.6869,61.6387,1.8384,37588.4109,89.7407,538.3845,395.5999,218.4789,430.6076,432.5446,432.5446,1046.441,1081.3617,427.0584,0.0,2.43015,2.511246,0.971205,30,216,96,2,0.20383968,0.00163983,-0.01249836,0E-8,0.000000,0.906607,0.000000,0.01775797,2026-03-22,2026-08-06,108,3621,2443,138,0.782609,1.360932,1.287360,0.679466,,,,,,,,GLOBAL_BASELINE_NO_ENTITY_RANKING,,,NOT_APPLICABLE_GLOBAL_BASELINE,HF9g-P5,,,,X 全窗基线 · 不参与实体赏罚,14198529,1420,A168_HF9F_20260827_0900,2026-08-27 09:00:00
2026-05-07,57024343,2106,0,1297.6339807086,-454.1718932480,-454.1718932480,0.3333333,3,3,0.50218230000000000,0.502182300000,-0.5849155494134425,-0.5849155494134426,-0.5849155494134425,0E-17,ELIGIBLE,R03b_20260811_FULL_v1,L1_ELIGIBILITY,v2026-08-11,2026-03-21..2026-08-06,baccarat_bet02_101_all_pairs_incl_sentinel,round_win = game_pnl > 0 (decisive only),COMPATIBILITY_ONLY_NOT_PRODUCTION,4059548.3812,3680416.6879,6656.9809,9707,9692,-0.00163983,0.01249836,-0.00525961,-0.00163983,-6656.9809,4059548.3812,OK,0.0000,266.2792,4.0000,96.0000,AG03-UNRESOLVED,ALL5_LEVELS_bet23_to_bet27,266.2792,266.2792,266.2792,0.0000,0.0000,4.000000,4.000000,4.000000,0.000000,0.000000,96.000000,96.000000,96.000000,100.000000,100.000000,5.0,798.8377,767.3102,5858.1432,5889.6706,PENDING_AG03,FALSE,NOT_FOR_ENFORCEMENT,6390.7016,3533200.0204,6656.9809,6390.7016,266.2792,0.00163983,0.00157424,266.2792,6390.7016,0.00157424,266.2792,266.2792,266.2792,0.0000,0.0000,6390.7016,0.00157424,798.8377,767.3102,5858.1432,5889.6706,0.00144305,0.00145082,0.00006559,418.2083,379.7376,0.6869,61.6387,1.8384,37588.4109,89.7407,538.3845,395.5999,218.4789,430.6076,432.5446,432.5446,1046.441,1081.3617,427.0584,0.0,2.43015,2.511246,0.971205,30,216,96,2,0.20383968,0.00163983,-0.01249836,0E-8,0.000000,0.906607,0.000000,0.01775797,2026-03-22,2026-08-06,108,3621,2443,138,0.782609,1.360932,1.287360,0.679466,,,,,,,,GLOBAL_BASELINE_NO_ENTITY_RANKING,,,NOT_APPLICABLE_GLOBAL_BASELINE,HF9g-P5,,,,X 全窗基线 · 不参与实体赏罚,14198530,1420,A168_HF9F_20260827_0900,2026-08-27 09:00:00
2026-05-07,57024343,2108,0,865.0893204724,-865.0893204724,-865.0893204724,0E-7,2,2,0.49994810000000000,0.499948100000,-1.4140667746232096,-1.4140667746232096,-1.4140667746232096,0E-17,ELIGIBLE,R03b_20260811_FULL_v1,L1_ELIGIBILITY,v2026-08-11,2026-03-21..2026-08-06,baccarat_bet02_101_all_pairs_incl_sentinel,round_win = game_pnl > 0 (decisive only),COMPATIBILITY_ONLY_NOT_PRODUCTION,4059548.3812,3680416.6879,6656.9809,9707,9692,-0.00163983,0.01249836,-0.00525961,-0.00163983,-6656.9809,4059548.3812,OK,0.0000,266.2792,4.0000,96.0000,AG03-UNRESOLVED,ALL5_LEVELS_bet23_to_bet27,266.2792,266.2792,266.2792,0.0000,0.0000,4.000000,4.000000,4.000000,0.000000,0.000000,96.000000,96.000000,96.000000,100.000000,100.000000,5.0,798.8377,767.3102,5858.1432,5889.6706,PENDING_AG03,FALSE,NOT_FOR_ENFORCEMENT,6390.7016,3533200.0204,6656.9809,6390.7016,266.2792,0.00163983,0.00157424,266.2792,6390.7016,0.00157424,266.2792,266.2792,266.2792,0.0000,0.0000,6390.7016,0.00157424,798.8377,767.3102,5858.1432,5889.6706,0.00144305,0.00145082,0.00006559,418.2083,379.7376,0.6869,61.6387,1.8384,37588.4109,89.7407,538.3845,395.5999,218.4789,430.6076,432.5446,432.5446,1046.441,1081.3617,427.0584,0.0,2.43015,2.511246,0.971205,30,216,96,2,0.20383968,0.00163983,-0.01249836,0E-8,0.000000,0.906607,0.000000,0.01775797,2026-03-22,2026-08-06,108,3621,2443,138,0.782609,1.360932,1.287360,0.679466,,,,,,,,GLOBAL_BASELINE_NO_ENTITY_RANKING,,,NOT_APPLICABLE_GLOBAL_BASELINE,HF9g-P5,,,,X 全窗基线 · 不参与实体赏罚,14198531,1420,A168_HF9F_20260827_0900,2026-08-27 09:00:00
2026-05-07,57024343,2152,0,865.0893204724,-21.6272330118,-21.6272330118,0.5000000,2,2,0.49994810000000000,0.499948100000,0.00014679536856514622,0.00014679536856514622,0.00014679536856514622,0E-17,ELIGIBLE,R03b_20260811_FULL_v1,L1_ELIGIBILITY,v2026-08-11,2026-03-21..2026-08-06,baccarat_bet02_101_all_pairs_incl_sentinel,round_win = game_pnl > 0 (decisive only),COMPATIBILITY_ONLY_NOT_PRODUCTION,4059548.3812,3680416.6879,6656.9809,9707,9692,-0.00163983,0.01249836,-0.00525961,-0.00163983,-6656.9809,4059548.3812,OK,0.0000,266.2792,4.0000,96.0000,AG03-UNRESOLVED,ALL5_LEVELS_bet23_to_bet27,266.2792,266.2792,266.2792,0.0000,0.0000,4.000000,4.000000,4.000000,0.000000,0.000000,96.000000,96.000000,96.000000,100.000000,100.000000,5.0,798.8377,767.3102,5858.1432,5889.6706,PENDING_AG03,FALSE,NOT_FOR_ENFORCEMENT,6390.7016,3533200.0204,6656.9809,6390.7016,266.2792,0.00163983,0.00157424,266.2792,6390.7016,0.00157424,266.2792,266.2792,266.2792,0.0000,0.0000,6390.7016,0.00157424,798.8377,767.3102,5858.1432,5889.6706,0.00144305,0.00145082,0.00006559,418.2083,379.7376,0.6869,61.6387,1.8384,37588.4109,89.7407,538.3845,395.5999,218.4789,430.6076,432.5446,432.5446,1046.441,1081.3617,427.0584,0.0,2.43015,2.511246,0.971205,30,216,96,2,0.20383968,0.00163983,-0.01249836,0E-8,0.000000,0.906607,0.000000,0.01775797,2026-03-22,2026-08-06,108,3621,2443,138,0.782609,1.360932,1.287360,0.679466,,,,,,,,GLOBAL_BASELINE_NO_ENTITY_RANKING,,,NOT_APPLICABLE_GLOBAL_BASELINE,HF9g-P5,,,,X 全窗基线 · 不参与实体赏罚,14198532,1420,A168_HF9F_20260827_0900,2026-08-27 09:00:00
2026-05-07,57024343,2224,0,2649.1197716165,829.7396081146,829.7396081146,0.6666667,6,6,0.50665070000000000,0.506650700000,0.7839842952205449,0.7839842952205449,0.7839842952205449,0E-17,ELIGIBLE,R03b_20260811_FULL_v1,L1_ELIGIBILITY,v2026-08-11,2026-03-21..2026-08-06,baccarat_bet02_101_all_pairs_incl_sentinel,round_win = game_pnl > 0 (decisive only),COMPATIBILITY_ONLY_NOT_PRODUCTION,4059548.3812,3680416.6879,6656.9809,9707,9692,-0.00163983,0.01249836,-0.00525961,-0.00163983,-6656.9809,4059548.3812,OK,0.0000,266.2792,4.0000,96.0000,AG03-UNRESOLVED,ALL5_LEVELS_bet23_to_bet27,266.2792,266.2792,266.2792,0.0000,0.0000,4.000000,4.000000,4.000000,0.000000,0.000000,96.000000,96.000000,96.000000,100.000000,100.000000,5.0,798.8377,767.3102,5858.1432,5889.6706,PENDING_AG03,FALSE,NOT_FOR_ENFORCEMENT,6390.7016,3533200.0204,6656.9809,6390.7016,266.2792,0.00163983,0.00157424,266.2792,6390.7016,0.00157424,266.2792,266.2792,266.2792,0.0000,0.0000,6390.7016,0.00157424,798.8377,767.3102,5858.1432,5889.6706,0.00144305,0.00145082,0.00006559,418.2083,379.7376,0.6869,61.6387,1.8384,37588.4109,89.7407,538.3845,395.5999,218.4789,430.6076,432.5446,432.5446,1046.441,1081.3617,427.0584,0.0,2.43015,2.511246,0.971205,30,216,96,2,0.20383968,0.00163983,-0.01249836,0E-8,0.000000,0.906607,0.000000,0.01775797,2026-03-22,2026-08-06,108,3621,2443,138,0.782609,1.360932,1.287360,0.679466,,,,,,,,GLOBAL_BASELINE_NO_ENTITY_RANKING,,,NOT_APPLICABLE_GLOBAL_BASELINE,HF9g-P5,,,,X 全窗基线 · 不参与实体赏罚,14198533,1420,A168_HF9F_20260827_0900,2026-08-27 09:00:00
2026-05-07,57024343,2229,0,1297.6339807086,-1297.6339807086,-1297.6339807086,0E-7,3,3,0.50218230000000000,0.502182300000,-1.7396270863184011,-1.7396270863184016,-1.7396270863184011,0E-17,ELIGIBLE,R03b_20260811_FULL_v1,L1_ELIGIBILITY,v2026-08-11,2026-03-21..2026-08-06,baccarat_bet02_101_all_pairs_incl_sentinel,round_win = game_pnl > 0 (decisive only),COMPATIBILITY_ONLY_NOT_PRODUCTION,4059548.3812,3680416.6879,6656.9809,9707,9692,-0.00163983,0.01249836,-0.00525961,-0.00163983,-6656.9809,4059548.3812,OK,0.0000,266.2792,4.0000,96.0000,AG03-UNRESOLVED,ALL5_LEVELS_bet23_to_bet27,266.2792,266.2792,266.2792,0.0000,0.0000,4.000000,4.000000,4.000000,0.000000,0.000000,96.000000,96.000000,96.000000,100.000000,100.000000,5.0,798.8377,767.3102,5858.1432,5889.6706,PENDING_AG03,FALSE,NOT_FOR_ENFORCEMENT,6390.7016,3533200.0204,6656.9809,6390.7016,266.2792,0.00163983,0.00157424,266.2792,6390.7016,0.00157424,266.2792,266.2792,266.2792,0.0000,0.0000,6390.7016,0.00157424,798.8377,767.3102,5858.1432,5889.6706,0.00144305,0.00145082,0.00006559,418.2083,379.7376,0.6869,61.6387,1.8384,37588.4109,89.7407,538.3845,395.5999,218.4789,430.6076,432.5446,432.5446,1046.441,1081.3617,427.0584,0.0,2.43015,2.511246,0.971205,30,216,96,2,0.20383968,0.00163983,-0.01249836,0E-8,0.000000,0.906607,0.000000,0.01775797,2026-03-22,2026-08-06,108,3621,2443,138,0.782609,1.360932,1.287360,0.679466,,,,,,,,GLOBAL_BASELINE_NO_ENTITY_RANKING,,,NOT_APPLICABLE_GLOBAL_BASELINE,HF9g-P5,,,,X 全窗基线 · 不参与实体赏罚,14198534,1420,A168_HF9F_20260827_0900,2026-08-27 09:00:00
2026-05-07,57024343,2256,0,432.5446602362,-432.5446602362,-432.5446602362,0E-7,1,1,0.49324550000000000,0.493245500000,-0.9865810262130424,-0.9865810262130424,-0.9865810262130424,0E-17,ELIGIBLE,R03b_20260811_FULL_v1,L1_ELIGIBILITY,v2026-08-11,2026-03-21..2026-08-06,baccarat_bet02_101_all_pairs_incl_sentinel,round_win = game_pnl > 0 (decisive only),COMPATIBILITY_ONLY_NOT_PRODUCTION,4059548.3812,3680416.6879,6656.9809,9707,9692,-0.00163983,0.01249836,-0.00525961,-0.00163983,-6656.9809,4059548.3812,OK,0.0000,266.2792,4.0000,96.0000,AG03-UNRESOLVED,ALL5_LEVELS_bet23_to_bet27,266.2792,266.2792,266.2792,0.0000,0.0000,4.000000,4.000000,4.000000,0.000000,0.000000,96.000000,96.000000,96.000000,100.000000,100.000000,5.0,798.8377,767.3102,5858.1432,5889.6706,PENDING_AG03,FALSE,NOT_FOR_ENFORCEMENT,6390.7016,3533200.0204,6656.9809,6390.7016,266.2792,0.00163983,0.00157424,266.2792,6390.7016,0.00157424,266.2792,266.2792,266.2792,0.0000,0.0000,6390.7016,0.00157424,798.8377,767.3102,5858.1432,5889.6706,0.00144305,0.00145082,0.00006559,418.2083,379.7376,0.6869,61.6387,1.8384,37588.4109,89.7407,538.3845,395.5999,218.4789,430.6076,432.5446,432.5446,1046.441,1081.3617,427.0584,0.0,2.43015,2.511246,0.971205,30,216,96,2,0.20383968,0.00163983,-0.01249836,0E-8,0.000000,0.906607,0.000000,0.01775797,2026-03-22,2026-08-06,108,3621,2443,138,0.782609,1.360932,1.287360,0.679466,,,,,,,,GLOBAL_BASELINE_NO_ENTITY_RANKING,,,NOT_APPLICABLE_GLOBAL_BASELINE,HF9g-P5,,,,X 全窗基线 · 不参与实体赏罚,14198535,1420,A168_HF9F_20260827_0900,2026-08-27 09:00:00
2026-05-07,57024343,550,0,865.0893204724,0E-10,0E-10,0.5000000,2,2,0.49994810000000000,0.499948100000,0.00014679536856514622,0.00014679536856514622,0.00014679536856514622,0E-17,ELIGIBLE,R03b_20260811_FULL_v1,L1_ELIGIBILITY,v2026-08-11,2026-03-21..2026-08-06,baccarat_bet02_101_all_pairs_incl_sentinel,round_win = game_pnl > 0 (decisive only),COMPATIBILITY_ONLY_NOT_PRODUCTION,4059548.3812,3680416.6879,6656.9809,9707,9692,-0.00163983,0.01249836,-0.00525961,-0.00163983,-6656.9809,4059548.3812,OK,0.0000,266.2792,4.0000,96.0000,AG03-UNRESOLVED,ALL5_LEVELS_bet23_to_bet27,266.2792,266.2792,266.2792,0.0000,0.0000,4.000000,4.000000,4.000000,0.000000,0.000000,96.000000,96.000000,96.000000,100.000000,100.000000,5.0,798.8377,767.3102,5858.1432,5889.6706,PENDING_AG03,FALSE,NOT_FOR_ENFORCEMENT,6390.7016,3533200.0204,6656.9809,6390.7016,266.2792,0.00163983,0.00157424,266.2792,6390.7016,0.00157424,266.2792,266.2792,266.2792,0.0000,0.0000,6390.7016,0.00157424,798.8377,767.3102,5858.1432,5889.6706,0.00144305,0.00145082,0.00006559,418.2083,379.7376,0.6869,61.6387,1.8384,37588.4109,89.7407,538.3845,395.5999,218.4789,430.6076,432.5446,432.5446,1046.441,1081.3617,427.0584,0.0,2.43015,2.511246,0.971205,30,216,96,2,0.20383968,0.00163983,-0.01249836,0E-8,0.000000,0.906607,0.000000,0.01775797,2026-03-22,2026-08-06,108,3621,2443,138,0.782609,1.360932,1.287360,0.679466,,,,,,,,GLOBAL_BASELINE_NO_ENTITY_RANKING,,,NOT_APPLICABLE_GLOBAL_BASELINE,HF9g-P5,,,,X 全窗基线 · 不参与实体赏罚,14198536,1420,A168_HF9F_20260827_0900,2026-08-27 09:00:00
2026-05-08,57024343,-1,1,5623.0805830706,-1816.6875729920,-1816.6875729920,0.3333333,13,13,0.50665070000000000,0.506650700000,-1.2008841788650477,-1.2008841788650477,-1.2008841788650477,0E-17,SENTINEL_DEALER,R03b_20260811_FULL_v1,L1_ELIGIBILITY,v2026-08-11,2026-03-21..2026-08-06,baccarat_bet02_101_all_pairs_incl_sentinel,round_win = game_pnl > 0 (decisive only),COMPATIBILITY_ONLY_NOT_PRODUCTION,4059548.3812,3680416.6879,6656.9809,9707,9692,-0.00163983,0.01249836,-0.00525961,-0.00163983,-6656.9809,4059548.3812,OK,0.0000,266.2792,4.0000,96.0000,AG03-UNRESOLVED,ALL5_LEVELS_bet23_to_bet27,266.2792,266.2792,266.2792,0.0000,0.0000,4.000000,4.000000,4.000000,0.000000,0.000000,96.000000,96.000000,96.000000,100.000000,100.000000,5.0,798.8377,767.3102,5858.1432,5889.6706,PENDING_AG03,FALSE,NOT_FOR_ENFORCEMENT,6390.7016,3533200.0204,6656.9809,6390.7016,266.2792,0.00163983,0.00157424,266.2792,6390.7016,0.00157424,266.2792,266.2792,266.2792,0.0000,0.0000,6390.7016,0.00157424,798.8377,767.3102,5858.1432,5889.6706,0.00144305,0.00145082,0.00006559,418.2083,379.7376,0.6869,61.6387,1.8384,37588.4109,89.7407,538.3845,395.5999,218.4789,430.6076,432.5446,432.5446,1046.441,1081.3617,427.0584,0.0,2.43015,2.511246,0.971205,30,216,96,2,0.20383968,0.00163983,-0.01249836,0E-8,0.000000,0.906607,0.000000,0.01775797,2026-03-22,2026-08-06,108,3621,2443,138,0.782609,1.360932,1.287360,0.679466,,,,,,,,GLOBAL_BASELINE_NO_ENTITY_RANKING,,,NOT_APPLICABLE_GLOBAL_BASELINE,HF9g-P5,,,,X 全窗基线 · 不参与实体赏罚,14198537,1420,A168_HF9F_20260827_0900,2026-08-27 09:00:00
2026-05-08,57024343,1094,0,432.5446602362,410.9174272244,410.9174272244,1.0000000,1,1,0.50665070000000000,0.506650700000,0.9867858985152569,0.9867858985152569,0.9867858985152569,0E-17,ELIGIBLE,R03b_20260811_FULL_v1,L1_ELIGIBILITY,v2026-08-11,2026-03-21..2026-08-06,baccarat_bet02_101_all_pairs_incl_sentinel,round_win = game_pnl > 0 (decisive only),COMPATIBILITY_ONLY_NOT_PRODUCTION,4059548.3812,3680416.6879,6656.9809,9707,9692,-0.00163983,0.01249836,-0.00525961,-0.00163983,-6656.9809,4059548.3812,OK,0.0000,266.2792,4.0000,96.0000,AG03-UNRESOLVED,ALL5_LEVELS_bet23_to_bet27,266.2792,266.2792,266.2792,0.0000,0.0000,4.000000,4.000000,4.000000,0.000000,0.000000,96.000000,96.000000,96.000000,100.000000,100.000000,5.0,798.8377,767.3102,5858.1432,5889.6706,PENDING_AG03,FALSE,NOT_FOR_ENFORCEMENT,6390.7016,3533200.0204,6656.9809,6390.7016,266.2792,0.00163983,0.00157424,266.2792,6390.7016,0.00157424,266.2792,266.2792,266.2792,0.0000,0.0000,6390.7016,0.00157424,798.8377,767.3102,5858.1432,5889.6706,0.00144305,0.00145082,0.00006559,418.2083,379.7376,0.6869,61.6387,1.8384,37588.4109,89.7407,538.3845,395.5999,218.4789,430.6076,432.5446,432.5446,1046.441,1081.3617,427.0584,0.0,2.43015,2.511246,0.971205,30,216,96,2,0.20383968,0.00163983,-0.01249836,0E-8,0.000000,0.906607,0.000000,0.01775797,2026-03-22,2026-08-06,108,3621,2443,138,0.782609,1.360932,1.287360,0.679466,,,,,,,,GLOBAL_BASELINE_NO_ENTITY_RANKING,,,NOT_APPLICABLE_GLOBAL_BASELINE,HF9g-P5,,,,X 全窗基线 · 不参与实体赏罚,14198538,1420,A168_HF9F_20260827_0900,2026-08-27 09:00:00
2026-05-08,57024343,1109,0,1297.6339807086,-454.1718932480,-454.1718932480,0.3333333,3,3,0.50665070000000000,0.506650700000,-0.6004420894325239,-0.6004420894325239,-0.6004420894325239,0E-17,ELIGIBLE,R03b_20260811_FULL_v1,L1_ELIGIBILITY,v2026-08-11,2026-03-21..2026-08-06,baccarat_bet02_101_all_pairs_incl_sentinel,round_win = game_pnl > 0 (decisive only),COMPATIBILITY_ONLY_NOT_PRODUCTION,4059548.3812,3680416.6879,6656.9809,9707,9692,-0.00163983,0.01249836,-0.00525961,-0.00163983,-6656.9809,4059548.3812,OK,0.0000,266.2792,4.0000,96.0000,AG03-UNRESOLVED,ALL5_LEVELS_bet23_to_bet27,266.2792,266.2792,266.2792,0.0000,0.0000,4.000000,4.000000,4.000000,0.000000,0.000000,96.000000,96.000000,96.000000,100.000000,100.000000,5.0,798.8377,767.3102,5858.1432,5889.6706,PENDING_AG03,FALSE,NOT_FOR_ENFORCEMENT,6390.7016,3533200.0204,6656.9809,6390.7016,266.2792,0.00163983,0.00157424,266.2792,6390.7016,0.00157424,266.2792,266.2792,266.2792,0.0000,0.0000,6390.7016,0.00157424,798.8377,767.3102,5858.1432,5889.6706,0.00144305,0.00145082,0.00006559,418.2083,379.7376,0.6869,61.6387,1.8384,37588.4109,89.7407,538.3845,395.5999,218.4789,430.6076,432.5446,432.5446,1046.441,1081.3617,427.0584,0.0,2.43015,2.511246,0.971205,30,216,96,2,0.20383968,0.00163983,-0.01249836,0E-8,0.000000,0.906607,0.000000,0.01775797,2026-03-22,2026-08-06,108,3621,2443,138,0.782609,1.360932,1.287360,0.679466,,,,,,,,GLOBAL_BASELINE_NO_ENTITY_RANKING,,,NOT_APPLICABLE_GLOBAL_BASELINE,HF9g-P5,,,,X 全窗基线 · 不参与实体赏罚,14198539,1420,A168_HF9F_20260827_0900,2026-08-27 09:00:00
2026-05-08,57024343,1151,0,1730.1786409448,-21.6272330118,-21.6272330118,0.5000000,4,4,0.49994810000000000,0.499948100000,0.00020760000111838688,0.00020760000111838688,0.00020760000111838688,0E-17,ELIGIBLE,R03b_20260811_FULL_v1,L1_ELIGIBILITY,v2026-08-11,2026-03-21..2026-08-06,baccarat_bet02_101_all_pairs_incl_sentinel,round_win = game_pnl > 0 (decisive only),COMPATIBILITY_ONLY_NOT_PRODUCTION,4059548.3812,3680416.6879,6656.9809,9707,9692,-0.00163983,0.01249836,-0.00525961,-0.00163983,-6656.9809,4059548.3812,OK,0.0000,266.2792,4.0000,96.0000,AG03-UNRESOLVED,ALL5_LEVELS_bet23_to_bet27,266.2792,266.2792,266.2792,0.0000,0.0000,4.000000,4.000000,4.000000,0.000000,0.000000,96.000000,96.000000,96.000000,100.000000,100.000000,5.0,798.8377,767.3102,5858.1432,5889.6706,PENDING_AG03,FALSE,NOT_FOR_ENFORCEMENT,6390.7016,3533200.0204,6656.9809,6390.7016,266.2792,0.00163983,0.00157424,266.2792,6390.7016,0.00157424,266.2792,266.2792,266.2792,0.0000,0.0000,6390.7016,0.00157424,798.8377,767.3102,5858.1432,5889.6706,0.00144305,0.00145082,0.00006559,418.2083,379.7376,0.6869,61.6387,1.8384,37588.4109,89.7407,538.3845,395.5999,218.4789,430.6076,432.5446,432.5446,1046.441,1081.3617,427.0584,0.0,2.43015,2.511246,0.971205,30,216,96,2,0.20383968,0.00163983,-0.01249836,0E-8,0.000000,0.906607,0.000000,0.01775797,2026-03-22,2026-08-06,108,3621,2443,138,0.782609,1.360932,1.287360,0.679466,,,,,,,,GLOBAL_BASELINE_NO_ENTITY_RANKING,,,NOT_APPLICABLE_GLOBAL_BASELINE,HF9g-P5,,,,X 全窗基线 · 不参与实体赏罚,14198540,1420,A168_HF9F_20260827_0900,2026-08-27 09:00:00
2026-05-08,57024343,1205,0,432.5446602362,432.5446602362,432.5446602362,1.0000000,1,1,0.49324550000000000,0.493245500000,1.01360149184955,1.01360149184955,1.01360149184955,0E-17,ELIGIBLE,R03b_20260811_FULL_v1,L1_ELIGIBILITY,v2026-08-11,2026-03-21..2026-08-06,baccarat_bet02_101_all_pairs_incl_sentinel,round_win = game_pnl > 0 (decisive only),COMPATIBILITY_ONLY_NOT_PRODUCTION,4059548.3812,3680416.6879,6656.9809,9707,9692,-0.00163983,0.01249836,-0.00525961,-0.00163983,-6656.9809,4059548.3812,OK,0.0000,266.2792,4.0000,96.0000,AG03-UNRESOLVED,ALL5_LEVELS_bet23_to_bet27,266.2792,266.2792,266.2792,0.0000,0.0000,4.000000,4.000000,4.000000,0.000000,0.000000,96.000000,96.000000,96.000000,100.000000,100.000000,5.0,798.8377,767.3102,5858.1432,5889.6706,PENDING_AG03,FALSE,NOT_FOR_ENFORCEMENT,6390.7016,3533200.0204,6656.9809,6390.7016,266.2792,0.00163983,0.00157424,266.2792,6390.7016,0.00157424,266.2792,266.2792,266.2792,0.0000,0.0000,6390.7016,0.00157424,798.8377,767.3102,5858.1432,5889.6706,0.00144305,0.00145082,0.00006559,418.2083,379.7376,0.6869,61.6387,1.8384,37588.4109,89.7407,538.3845,395.5999,218.4789,430.6076,432.5446,432.5446,1046.441,1081.3617,427.0584,0.0,2.43015,2.511246,0.971205,30,216,96,2,0.20383968,0.00163983,-0.01249836,0E-8,0.000000,0.906607,0.000000,0.01775797,2026-03-22,2026-08-06,108,3621,2443,138,0.782609,1.360932,1.287360,0.679466,,,,,,,,GLOBAL_BASELINE_NO_ENTITY_RANKING,,,NOT_APPLICABLE_GLOBAL_BASELINE,HF9g-P5,,,,X 全窗基线 · 不参与实体赏罚,14198541,1420,A168_HF9F_20260827_0900,2026-08-27 09:00:00
2026-05-08,57024343,1302,0,432.5446602362,410.9174272244,410.9174272244,1.0000000,1,1,0.50665070000000000,0.506650700000,0.9867858985152569,0.9867858985152569,0.9867858985152569,0E-17,ELIGIBLE,R03b_20260811_FULL_v1,L1_ELIGIBILITY,v2026-08-11,2026-03-21..2026-08-06,baccarat_bet02_101_all_pairs_incl_sentinel,round_win = game_pnl > 0 (decisive only),COMPATIBILITY_ONLY_NOT_PRODUCTION,4059548.3812,3680416.6879,6656.9809,9707,9692,-0.00163983,0.01249836,-0.00525961,-0.00163983,-6656.9809,4059548.3812,OK,0.0000,266.2792,4.0000,96.0000,AG03-UNRESOLVED,ALL5_LEVELS_bet23_to_bet27,266.2792,266.2792,266.2792,0.0000,0.0000,4.000000,4.000000,4.000000,0.000000,0.000000,96.000000,96.000000,96.000000,100.000000,100.000000,5.0,798.8377,767.3102,5858.1432,5889.6706,PENDING_AG03,FALSE,NOT_FOR_ENFORCEMENT,6390.7016,3533200.0204,6656.9809,6390.7016,266.2792,0.00163983,0.00157424,266.2792,6390.7016,0.00157424,266.2792,266.2792,266.2792,0.0000,0.0000,6390.7016,0.00157424,798.8377,767.3102,5858.1432,5889.6706,0.00144305,0.00145082,0.00006559,418.2083,379.7376,0.6869,61.6387,1.8384,37588.4109,89.7407,538.3845,395.5999,218.4789,430.6076,432.5446,432.5446,1046.441,1081.3617,427.0584,0.0,2.43015,2.511246,0.971205,30,216,96,2,0.20383968,0.00163983,-0.01249836,0E-8,0.000000,0.906607,0.000000,0.01775797,2026-03-22,2026-08-06,108,3621,2443,138,0.782609,1.360932,1.287360,0.679466,,,,,,,,GLOBAL_BASELINE_NO_ENTITY_RANKING,,,NOT_APPLICABLE_GLOBAL_BASELINE,HF9g-P5,,,,X 全窗基线 · 不参与实体赏罚,14198542,1420,A168_HF9F_20260827_0900,2026-08-27 09:00:00
2026-05-08,57024343,1306,0,3460.3572818896,-475.7991262598,-475.7991262598,0.4285714,8,8,0.50162375000000000,0.501623750000,-0.38655858877025023,-0.38655858877025023,-0.38655858877025023,0E-17,ELIGIBLE,R03b_20260811_FULL_v1,L1_ELIGIBILITY,v2026-08-11,2026-03-21..2026-08-06,baccarat_bet02_101_all_pairs_incl_sentinel,round_win = game_pnl > 0 (decisive only),COMPATIBILITY_ONLY_NOT_PRODUCTION,4059548.3812,3680416.6879,6656.9809,9707,9692,-0.00163983,0.01249836,-0.00525961,-0.00163983,-6656.9809,4059548.3812,OK,0.0000,266.2792,4.0000,96.0000,AG03-UNRESOLVED,ALL5_LEVELS_bet23_to_bet27,266.2792,266.2792,266.2792,0.0000,0.0000,4.000000,4.000000,4.000000,0.000000,0.000000,96.000000,96.000000,96.000000,100.000000,100.000000,5.0,798.8377,767.3102,5858.1432,5889.6706,PENDING_AG03,FALSE,NOT_FOR_ENFORCEMENT,6390.7016,3533200.0204,6656.9809,6390.7016,266.2792,0.00163983,0.00157424,266.2792,6390.7016,0.00157424,266.2792,266.2792,266.2792,0.0000,0.0000,6390.7016,0.00157424,798.8377,767.3102,5858.1432,5889.6706,0.00144305,0.00145082,0.00006559,418.2083,379.7376,0.6869,61.6387,1.8384,37588.4109,89.7407,538.3845,395.5999,218.4789,430.6076,432.5446,432.5446,1046.441,1081.3617,427.0584,0.0,2.43015,2.511246,0.971205,30,216,96,2,0.20383968,0.00163983,-0.01249836,0E-8,0.000000,0.906607,0.000000,0.01775797,2026-03-22,2026-08-06,108,3621,2443,138,0.782609,1.360932,1.287360,0.679466,,,,,,,,GLOBAL_BASELINE_NO_ENTITY_RANKING,,,NOT_APPLICABLE_GLOBAL_BASELINE,HF9g-P5,,,,X 全窗基线 · 不参与实体赏罚,14198543,1420,A168_HF9F_20260827_0900,2026-08-27 09:00:00
2026-05-08,57024343,1323,0,865.0893204724,-21.6272330118,-21.6272330118,0.5000000,2,2,0.50665070000000000,0.506650700000,-0.018812684590367487,-0.018812684590367487,-0.018812684590367487,0E-17,ELIGIBLE,R03b_20260811_FULL_v1,L1_ELIGIBILITY,v2026-08-11,2026-03-21..2026-08-06,baccarat_bet02_101_all_pairs_incl_sentinel,round_win = game_pnl > 0 (decisive only),COMPATIBILITY_ONLY_NOT_PRODUCTION,4059548.3812,3680416.6879,6656.9809,9707,9692,-0.00163983,0.01249836,-0.00525961,-0.00163983,-6656.9809,4059548.3812,OK,0.0000,266.2792,4.0000,96.0000,AG03-UNRESOLVED,ALL5_LEVELS_bet23_to_bet27,266.2792,266.2792,266.2792,0.0000,0.0000,4.000000,4.000000,4.000000,0.000000,0.000000,96.000000,96.000000,96.000000,100.000000,100.000000,5.0,798.8377,767.3102,5858.1432,5889.6706,PENDING_AG03,FALSE,NOT_FOR_ENFORCEMENT,6390.7016,3533200.0204,6656.9809,6390.7016,266.2792,0.00163983,0.00157424,266.2792,6390.7016,0.00157424,266.2792,266.2792,266.2792,0.0000,0.0000,6390.7016,0.00157424,798.8377,767.3102,5858.1432,5889.6706,0.00144305,0.00145082,0.00006559,418.2083,379.7376,0.6869,61.6387,1.8384,37588.4109,89.7407,538.3845,395.5999,218.4789,430.6076,432.5446,432.5446,1046.441,1081.3617,427.0584,0.0,2.43015,2.511246,0.971205,30,216,96,2,0.20383968,0.00163983,-0.01249836,0E-8,0.000000,0.906607,0.000000,0.01775797,2026-03-22,2026-08-06,108,3621,2443,138,0.782609,1.360932,1.287360,0.679466,,,,,,,,GLOBAL_BASELINE_NO_ENTITY_RANKING,,,NOT_APPLICABLE_GLOBAL_BASELINE,HF9g-P5,,,,X 全窗基线 · 不参与实体赏罚,14198544,1420,A168_HF9F_20260827_0900,2026-08-27 09:00:00
2026-05-08,57024343,1360,0,432.5446602362,410.9174272244,410.9174272244,1.0000000,1,1,0.50665070000000000,0.506650700000,0.9867858985152569,0.9867858985152569,0.9867858985152569,0E-17,ELIGIBLE,R03b_20260811_FULL_v1,L1_ELIGIBILITY,v2026-08-11,2026-03-21..2026-08-06,baccarat_bet02_101_all_pairs_incl_sentinel,round_win = game_pnl > 0 (decisive only),COMPATIBILITY_ONLY_NOT_PRODUCTION,4059548.3812,3680416.6879,6656.9809,9707,9692,-0.00163983,0.01249836,-0.00525961,-0.00163983,-6656.9809,4059548.3812,OK,0.0000,266.2792,4.0000,96.0000,AG03-UNRESOLVED,ALL5_LEVELS_bet23_to_bet27,266.2792,266.2792,266.2792,0.0000,0.0000,4.000000,4.000000,4.000000,0.000000,0.000000,96.000000,96.000000,96.000000,100.000000,100.000000,5.0,798.8377,767.3102,5858.1432,5889.6706,PENDING_AG03,FALSE,NOT_FOR_ENFORCEMENT,6390.7016,3533200.0204,6656.9809,6390.7016,266.2792,0.00163983,0.00157424,266.2792,6390.7016,0.00157424,266.2792,266.2792,266.2792,0.0000,0.0000,6390.7016,0.00157424,798.8377,767.3102,5858.1432,5889.6706,0.00144305,0.00145082,0.00006559,418.2083,379.7376,0.6869,61.6387,1.8384,37588.4109,89.7407,538.3845,395.5999,218.4789,430.6076,432.5446,432.5446,1046.441,1081.3617,427.0584,0.0,2.43015,2.511246,0.971205,30,216,96,2,0.20383968,0.00163983,-0.01249836,0E-8,0.000000,0.906607,0.000000,0.01775797,2026-03-22,2026-08-06,108,3621,2443,138,0.782609,1.360932,1.287360,0.679466,,,,,,,,GLOBAL_BASELINE_NO_ENTITY_RANKING,,,NOT_APPLICABLE_GLOBAL_BASELINE,HF9g-P5,,,,X 全窗基线 · 不参与实体赏罚,14198545,1420,A168_HF9F_20260827_0900,2026-08-27 09:00:00
2026-05-08,57024343,1402,0,865.0893204724,-865.0893204724,-865.0893204724,0E-7,2,2,0.50665070000000000,0.506650700000,-1.4331513700195317,-1.4331513700195317,-1.4331513700195317,0E-17,ELIGIBLE,R03b_20260811_FULL_v1,L1_ELIGIBILITY,v2026-08-11,2026-03-21..2026-08-06,baccarat_bet02_101_all_pairs_incl_sentinel,round_win = game_pnl > 0 (decisive only),COMPATIBILITY_ONLY_NOT_PRODUCTION,4059548.3812,3680416.6879,6656.9809,9707,9692,-0.00163983,0.01249836,-0.00525961,-0.00163983,-6656.9809,4059548.3812,OK,0.0000,266.2792,4.0000,96.0000,AG03-UNRESOLVED,ALL5_LEVELS_bet23_to_bet27,266.2792,266.2792,266.2792,0.0000,0.0000,4.000000,4.000000,4.000000,0.000000,0.000000,96.000000,96.000000,96.000000,100.000000,100.000000,5.0,798.8377,767.3102,5858.1432,5889.6706,PENDING_AG03,FALSE,NOT_FOR_ENFORCEMENT,6390.7016,3533200.0204,6656.9809,6390.7016,266.2792,0.00163983,0.00157424,266.2792,6390.7016,0.00157424,266.2792,266.2792,266.2792,0.0000,0.0000,6390.7016,0.00157424,798.8377,767.3102,5858.1432,5889.6706,0.00144305,0.00145082,0.00006559,418.2083,379.7376,0.6869,61.6387,1.8384,37588.4109,89.7407,538.3845,395.5999,218.4789,430.6076,432.5446,432.5446,1046.441,1081.3617,427.0584,0.0,2.43015,2.511246,0.971205,30,216,96,2,0.20383968,0.00163983,-0.01249836,0E-8,0.000000,0.906607,0.000000,0.01775797,2026-03-22,2026-08-06,108,3621,2443,138,0.782609,1.360932,1.287360,0.679466,,,,,,,,GLOBAL_BASELINE_NO_ENTITY_RANKING,,,NOT_APPLICABLE_GLOBAL_BASELINE,HF9g-P5,,,,X 全窗基线 · 不参与实体赏罚,14198546,1420,A168_HF9F_20260827_0900,2026-08-27 09:00:00
2026-05-08,57024343,1485,0,432.5446602362,410.9174272244,410.9174272244,1.0000000,1,1,0.50665070000000000,0.506650700000,0.9867858985152569,0.9867858985152569,0.9867858985152569,0E-17,ELIGIBLE,R03b_20260811_FULL_v1,L1_ELIGIBILITY,v2026-08-11,2026-03-21..2026-08-06,baccarat_bet02_101_all_pairs_incl_sentinel,round_win = game_pnl > 0 (decisive only),COMPATIBILITY_ONLY_NOT_PRODUCTION,4059548.3812,3680416.6879,6656.9809,9707,9692,-0.00163983,0.01249836,-0.00525961,-0.00163983,-6656.9809,4059548.3812,OK,0.0000,266.2792,4.0000,96.0000,AG03-UNRESOLVED,ALL5_LEVELS_bet23_to_bet27,266.2792,266.2792,266.2792,0.0000,0.0000,4.000000,4.000000,4.000000,0.000000,0.000000,96.000000,96.000000,96.000000,100.000000,100.000000,5.0,798.8377,767.3102,5858.1432,5889.6706,PENDING_AG03,FALSE,NOT_FOR_ENFORCEMENT,6390.7016,3533200.0204,6656.9809,6390.7016,266.2792,0.00163983,0.00157424,266.2792,6390.7016,0.00157424,266.2792,266.2792,266.2792,0.0000,0.0000,6390.7016,0.00157424,798.8377,767.3102,5858.1432,5889.6706,0.00144305,0.00145082,0.00006559,418.2083,379.7376,0.6869,61.6387,1.8384,37588.4109,89.7407,538.3845,395.5999,218.4789,430.6076,432.5446,432.5446,1046.441,1081.3617,427.0584,0.0,2.43015,2.511246,0.971205,30,216,96,2,0.20383968,0.00163983,-0.01249836,0E-8,0.000000,0.906607,0.000000,0.01775797,2026-03-22,2026-08-06,108,3621,2443,138,0.782609,1.360932,1.287360,0.679466,,,,,,,,GLOBAL_BASELINE_NO_ENTITY_RANKING,,,NOT_APPLICABLE_GLOBAL_BASELINE,HF9g-P5,,,,X 全窗基线 · 不参与实体赏罚,14198547,1420,A168_HF9F_20260827_0900,2026-08-27 09:00:00
2026-05-08,57024343,1507,0,432.5446602362,410.9174272244,410.9174272244,1.0000000,1,1,0.50665070000000000,0.506650700000,0.9867858985152569,0.9867858985152569,0.9867858985152569,0E-17,ELIGIBLE,R03b_20260811_FULL_v1,L1_ELIGIBILITY,v2026-08-11,2026-03-21..2026-08-06,baccarat_bet02_101_all_pairs_incl_sentinel,round_win = game_pnl > 0 (decisive only),COMPATIBILITY_ONLY_NOT_PRODUCTION,4059548.3812,3680416.6879,6656.9809,9707,9692,-0.00163983,0.01249836,-0.00525961,-0.00163983,-6656.9809,4059548.3812,OK,0.0000,266.2792,4.0000,96.0000,AG03-UNRESOLVED,ALL5_LEVELS_bet23_to_bet27,266.2792,266.2792,266.2792,0.0000,0.0000,4.000000,4.000000,4.000000,0.000000,0.000000,96.000000,96.000000,96.000000,100.000000,100.000000,5.0,798.8377,767.3102,5858.1432,5889.6706,PENDING_AG03,FALSE,NOT_FOR_ENFORCEMENT,6390.7016,3533200.0204,6656.9809,6390.7016,266.2792,0.00163983,0.00157424,266.2792,6390.7016,0.00157424,266.2792,266.2792,266.2792,0.0000,0.0000,6390.7016,0.00157424,798.8377,767.3102,5858.1432,5889.6706,0.00144305,0.00145082,0.00006559,418.2083,379.7376,0.6869,61.6387,1.8384,37588.4109,89.7407,538.3845,395.5999,218.4789,430.6076,432.5446,432.5446,1046.441,1081.3617,427.0584,0.0,2.43015,2.511246,0.971205,30,216,96,2,0.20383968,0.00163983,-0.01249836,0E-8,0.000000,0.906607,0.000000,0.01775797,2026-03-22,2026-08-06,108,3621,2443,138,0.782609,1.360932,1.287360,0.679466,,,,,,,,GLOBAL_BASELINE_NO_ENTITY_RANKING,,,NOT_APPLICABLE_GLOBAL_BASELINE,HF9g-P5,,,,X 全窗基线 · 不参与实体赏罚,14198548,1420,A168_HF9F_20260827_0900,2026-08-27 09:00:00
2026-05-08,57024343,1623,0,432.5446602362,410.9174272244,410.9174272244,1.0000000,1,1,0.50665070000000000,0.506650700000,0.9867858985152569,0.9867858985152569,0.9867858985152569,0E-17,ELIGIBLE,R03b_20260811_FULL_v1,L1_ELIGIBILITY,v2026-08-11,2026-03-21..2026-08-06,baccarat_bet02_101_all_pairs_incl_sentinel,round_win = game_pnl > 0 (decisive only),COMPATIBILITY_ONLY_NOT_PRODUCTION,4059548.3812,3680416.6879,6656.9809,9707,9692,-0.00163983,0.01249836,-0.00525961,-0.00163983,-6656.9809,4059548.3812,OK,0.0000,266.2792,4.0000,96.0000,AG03-UNRESOLVED,ALL5_LEVELS_bet23_to_bet27,266.2792,266.2792,266.2792,0.0000,0.0000,4.000000,4.000000,4.000000,0.000000,0.000000,96.000000,96.000000,96.000000,100.000000,100.000000,5.0,798.8377,767.3102,5858.1432,5889.6706,PENDING_AG03,FALSE,NOT_FOR_ENFORCEMENT,6390.7016,3533200.0204,6656.9809,6390.7016,266.2792,0.00163983,0.00157424,266.2792,6390.7016,0.00157424,266.2792,266.2792,266.2792,0.0000,0.0000,6390.7016,0.00157424,798.8377,767.3102,5858.1432,5889.6706,0.00144305,0.00145082,0.00006559,418.2083,379.7376,0.6869,61.6387,1.8384,37588.4109,89.7407,538.3845,395.5999,218.4789,430.6076,432.5446,432.5446,1046.441,1081.3617,427.0584,0.0,2.43015,2.511246,0.971205,30,216,96,2,0.20383968,0.00163983,-0.01249836,0E-8,0.000000,0.906607,0.000000,0.01775797,2026-03-22,2026-08-06,108,3621,2443,138,0.782609,1.360932,1.287360,0.679466,,,,,,,,GLOBAL_BASELINE_NO_ENTITY_RANKING,,,NOT_APPLICABLE_GLOBAL_BASELINE,HF9g-P5,,,,X 全窗基线 · 不参与实体赏罚,14198549,1420,A168_HF9F_20260827_0900,2026-08-27 09:00:00
2026-05-08,57024343,1710,0,432.5446602362,410.9174272244,410.9174272244,1.0000000,1,1,0.50665070000000000,0.506650700000,0.9867858985152569,0.9867858985152569,0.9867858985152569,0E-17,ELIGIBLE,R03b_20260811_FULL_v1,L1_ELIGIBILITY,v2026-08-11,2026-03-21..2026-08-06,baccarat_bet02_101_all_pairs_incl_sentinel,round_win = game_pnl > 0 (decisive only),COMPATIBILITY_ONLY_NOT_PRODUCTION,4059548.3812,3680416.6879,6656.9809,9707,9692,-0.00163983,0.01249836,-0.00525961,-0.00163983,-6656.9809,4059548.3812,OK,0.0000,266.2792,4.0000,96.0000,AG03-UNRESOLVED,ALL5_LEVELS_bet23_to_bet27,266.2792,266.2792,266.2792,0.0000,0.0000,4.000000,4.000000,4.000000,0.000000,0.000000,96.000000,96.000000,96.000000,100.000000,100.000000,5.0,798.8377,767.3102,5858.1432,5889.6706,PENDING_AG03,FALSE,NOT_FOR_ENFORCEMENT,6390.7016,3533200.0204,6656.9809,6390.7016,266.2792,0.00163983,0.00157424,266.2792,6390.7016,0.00157424,266.2792,266.2792,266.2792,0.0000,0.0000,6390.7016,0.00157424,798.8377,767.3102,5858.1432,5889.6706,0.00144305,0.00145082,0.00006559,418.2083,379.7376,0.6869,61.6387,1.8384,37588.4109,89.7407,538.3845,395.5999,218.4789,430.6076,432.5446,432.5446,1046.441,1081.3617,427.0584,0.0,2.43015,2.511246,0.971205,30,216,96,2,0.20383968,0.00163983,-0.01249836,0E-8,0.000000,0.906607,0.000000,0.01775797,2026-03-22,2026-08-06,108,3621,2443,138,0.782609,1.360932,1.287360,0.679466,,,,,,,,GLOBAL_BASELINE_NO_ENTITY_RANKING,,,NOT_APPLICABLE_GLOBAL_BASELINE,HF9g-P5,,,,X 全窗基线 · 不参与实体赏罚,14198550,1420,A168_HF9F_20260827_0900,2026-08-27 09:00:00
2026-05-08,57024343,1951,0,432.5446602362,-432.5446602362,-432.5446602362,0E-7,1,1,0.50665070000000000,0.506650700000,-1.013391052207602,-1.013391052207602,-1.013391052207602,0E-17,ELIGIBLE,R03b_20260811_FULL_v1,L1_ELIGIBILITY,v2026-08-11,2026-03-21..2026-08-06,baccarat_bet02_101_all_pairs_incl_sentinel,round_win = game_pnl > 0 (decisive only),COMPATIBILITY_ONLY_NOT_PRODUCTION,4059548.3812,3680416.6879,6656.9809,9707,9692,-0.00163983,0.01249836,-0.00525961,-0.00163983,-6656.9809,4059548.3812,OK,0.0000,266.2792,4.0000,96.0000,AG03-UNRESOLVED,ALL5_LEVELS_bet23_to_bet27,266.2792,266.2792,266.2792,0.0000,0.0000,4.000000,4.000000,4.000000,0.000000,0.000000,96.000000,96.000000,96.000000,100.000000,100.000000,5.0,798.8377,767.3102,5858.1432,5889.6706,PENDING_AG03,FALSE,NOT_FOR_ENFORCEMENT,6390.7016,3533200.0204,6656.9809,6390.7016,266.2792,0.00163983,0.00157424,266.2792,6390.7016,0.00157424,266.2792,266.2792,266.2792,0.0000,0.0000,6390.7016,0.00157424,798.8377,767.3102,5858.1432,5889.6706,0.00144305,0.00145082,0.00006559,418.2083,379.7376,0.6869,61.6387,1.8384,37588.4109,89.7407,538.3845,395.5999,218.4789,430.6076,432.5446,432.5446,1046.441,1081.3617,427.0584,0.0,2.43015,2.511246,0.971205,30,216,96,2,0.20383968,0.00163983,-0.01249836,0E-8,0.000000,0.906607,0.000000,0.01775797,2026-03-22,2026-08-06,108,3621,2443,138,0.782609,1.360932,1.287360,0.679466,,,,,,,,GLOBAL_BASELINE_NO_ENTITY_RANKING,,,NOT_APPLICABLE_GLOBAL_BASELINE,HF9g-P5,,,,X 全窗基线 · 不参与实体赏罚,14198551,1420,A168_HF9F_20260827_0900,2026-08-27 09:00:00
2026-05-08,57024343,2064,0,1946.4509710629,583.9352913189,583.9352913189,0.7500000,4,4,0.50665070000000000,0.506650700000,0.9734833216690844,0.9734833216690844,0.9734833216690844,0E-17,ELIGIBLE,R03b_20260811_FULL_v1,L1_ELIGIBILITY,v2026-08-11,2026-03-21..2026-08-06,baccarat_bet02_101_all_pairs_incl_sentinel,round_win = game_pnl > 0 (decisive only),COMPATIBILITY_ONLY_NOT_PRODUCTION,4059548.3812,3680416.6879,6656.9809,9707,9692,-0.00163983,0.01249836,-0.00525961,-0.00163983,-6656.9809,4059548.3812,OK,0.0000,266.2792,4.0000,96.0000,AG03-UNRESOLVED,ALL5_LEVELS_bet23_to_bet27,266.2792,266.2792,266.2792,0.0000,0.0000,4.000000,4.000000,4.000000,0.000000,0.000000,96.000000,96.000000,96.000000,100.000000,100.000000,5.0,798.8377,767.3102,5858.1432,5889.6706,PENDING_AG03,FALSE,NOT_FOR_ENFORCEMENT,6390.7016,3533200.0204,6656.9809,6390.7016,266.2792,0.00163983,0.00157424,266.2792,6390.7016,0.00157424,266.2792,266.2792,266.2792,0.0000,0.0000,6390.7016,0.00157424,798.8377,767.3102,5858.1432,5889.6706,0.00144305,0.00145082,0.00006559,418.2083,379.7376,0.6869,61.6387,1.8384,37588.4109,89.7407,538.3845,395.5999,218.4789,430.6076,432.5446,432.5446,1046.441,1081.3617,427.0584,0.0,2.43015,2.511246,0.971205,30,216,96,2,0.20383968,0.00163983,-0.01249836,0E-8,0.000000,0.906607,0.000000,0.01775797,2026-03-22,2026-08-06,108,3621,2443,138,0.782609,1.360932,1.287360,0.679466,,,,,,,,GLOBAL_BASELINE_NO_ENTITY_RANKING,,,NOT_APPLICABLE_GLOBAL_BASELINE,HF9g-P5,,,,X 全窗基线 · 不参与实体赏罚,14198552,1420,A168_HF9F_20260827_0900,2026-08-27 09:00:00
2026-05-08,57024343,2103,0,2162.7233011810,-865.0893204724,-865.0893204724,0.2500000,5,5,0.50128862000000000,0.501288620000,-1.0051578182180947,-1.0051578182180947,-1.0051578182180947,0E-17,ELIGIBLE,R03b_20260811_FULL_v1,L1_ELIGIBILITY,v2026-08-11,2026-03-21..2026-08-06,baccarat_bet02_101_all_pairs_incl_sentinel,round_win = game_pnl > 0 (decisive only),COMPATIBILITY_ONLY_NOT_PRODUCTION,4059548.3812,3680416.6879,6656.9809,9707,9692,-0.00163983,0.01249836,-0.00525961,-0.00163983,-6656.9809,4059548.3812,OK,0.0000,266.2792,4.0000,96.0000,AG03-UNRESOLVED,ALL5_LEVELS_bet23_to_bet27,266.2792,266.2792,266.2792,0.0000,0.0000,4.000000,4.000000,4.000000,0.000000,0.000000,96.000000,96.000000,96.000000,100.000000,100.000000,5.0,798.8377,767.3102,5858.1432,5889.6706,PENDING_AG03,FALSE,NOT_FOR_ENFORCEMENT,6390.7016,3533200.0204,6656.9809,6390.7016,266.2792,0.00163983,0.00157424,266.2792,6390.7016,0.00157424,266.2792,266.2792,266.2792,0.0000,0.0000,6390.7016,0.00157424,798.8377,767.3102,5858.1432,5889.6706,0.00144305,0.00145082,0.00006559,418.2083,379.7376,0.6869,61.6387,1.8384,37588.4109,89.7407,538.3845,395.5999,218.4789,430.6076,432.5446,432.5446,1046.441,1081.3617,427.0584,0.0,2.43015,2.511246,0.971205,30,216,96,2,0.20383968,0.00163983,-0.01249836,0E-8,0.000000,0.906607,0.000000,0.01775797,2026-03-22,2026-08-06,108,3621,2443,138,0.782609,1.360932,1.287360,0.679466,,,,,,,,GLOBAL_BASELINE_NO_ENTITY_RANKING,,,NOT_APPLICABLE_GLOBAL_BASELINE,HF9g-P5,,,,X 全窗基线 · 不参与实体赏罚,14198553,1420,A168_HF9F_20260827_0900,2026-08-27 09:00:00
2026-05-08,57024343,2106,0,865.0893204724,-21.6272330118,-21.6272330118,0.5000000,2,2,0.50665070000000000,0.506650700000,-0.018812684590367487,-0.018812684590367487,-0.018812684590367487,0E-17,ELIGIBLE,R03b_20260811_FULL_v1,L1_ELIGIBILITY,v2026-08-11,2026-03-21..2026-08-06,baccarat_bet02_101_all_pairs_incl_sentinel,round_win = game_pnl > 0 (decisive only),COMPATIBILITY_ONLY_NOT_PRODUCTION,4059548.3812,3680416.6879,6656.9809,9707,9692,-0.00163983,0.01249836,-0.00525961,-0.00163983,-6656.9809,4059548.3812,OK,0.0000,266.2792,4.0000,96.0000,AG03-UNRESOLVED,ALL5_LEVELS_bet23_to_bet27,266.2792,266.2792,266.2792,0.0000,0.0000,4.000000,4.000000,4.000000,0.000000,0.000000,96.000000,96.000000,96.000000,100.000000,100.000000,5.0,798.8377,767.3102,5858.1432,5889.6706,PENDING_AG03,FALSE,NOT_FOR_ENFORCEMENT,6390.7016,3533200.0204,6656.9809,6390.7016,266.2792,0.00163983,0.00157424,266.2792,6390.7016,0.00157424,266.2792,266.2792,266.2792,0.0000,0.0000,6390.7016,0.00157424,798.8377,767.3102,5858.1432,5889.6706,0.00144305,0.00145082,0.00006559,418.2083,379.7376,0.6869,61.6387,1.8384,37588.4109,89.7407,538.3845,395.5999,218.4789,430.6076,432.5446,432.5446,1046.441,1081.3617,427.0584,0.0,2.43015,2.511246,0.971205,30,216,96,2,0.20383968,0.00163983,-0.01249836,0E-8,0.000000,0.906607,0.000000,0.01775797,2026-03-22,2026-08-06,108,3621,2443,138,0.782609,1.360932,1.287360,0.679466,,,,,,,,GLOBAL_BASELINE_NO_ENTITY_RANKING,,,NOT_APPLICABLE_GLOBAL_BASELINE,HF9g-P5,,,,X 全窗基线 · 不参与实体赏罚,14198554,1420,A168_HF9F_20260827_0900,2026-08-27 09:00:00
2026-05-08,57024343,2108,0,1297.6339807086,-454.1718932480,-454.1718932480,0.3333333,3,3,0.50665070000000000,0.506650700000,-0.6004420894325239,-0.6004420894325239,-0.6004420894325239,0E-17,ELIGIBLE,R03b_20260811_FULL_v1,L1_ELIGIBILITY,v2026-08-11,2026-03-21..2026-08-06,baccarat_bet02_101_all_pairs_incl_sentinel,round_win = game_pnl > 0 (decisive only),COMPATIBILITY_ONLY_NOT_PRODUCTION,4059548.3812,3680416.6879,6656.9809,9707,9692,-0.00163983,0.01249836,-0.00525961,-0.00163983,-6656.9809,4059548.3812,OK,0.0000,266.2792,4.0000,96.0000,AG03-UNRESOLVED,ALL5_LEVELS_bet23_to_bet27,266.2792,266.2792,266.2792,0.0000,0.0000,4.000000,4.000000,4.000000,0.000000,0.000000,96.000000,96.000000,96.000000,100.000000,100.000000,5.0,798.8377,767.3102,5858.1432,5889.6706,PENDING_AG03,FALSE,NOT_FOR_ENFORCEMENT,6390.7016,3533200.0204,6656.9809,6390.7016,266.2792,0.00163983,0.00157424,266.2792,6390.7016,0.00157424,266.2792,266.2792,266.2792,0.0000,0.0000,6390.7016,0.00157424,798.8377,767.3102,5858.1432,5889.6706,0.00144305,0.00145082,0.00006559,418.2083,379.7376,0.6869,61.6387,1.8384,37588.4109,89.7407,538.3845,395.5999,218.4789,430.6076,432.5446,432.5446,1046.441,1081.3617,427.0584,0.0,2.43015,2.511246,0.971205,30,216,96,2,0.20383968,0.00163983,-0.01249836,0E-8,0.000000,0.906607,0.000000,0.01775797,2026-03-22,2026-08-06,108,3621,2443,138,0.782609,1.360932,1.287360,0.679466,,,,,,,,GLOBAL_BASELINE_NO_ENTITY_RANKING,,,NOT_APPLICABLE_GLOBAL_BASELINE,HF9g-P5,,,,X 全窗基线 · 不参与实体赏罚,14198555,1420,A168_HF9F_20260827_0900,2026-08-27 09:00:00
2026-05-08,57024343,2145,0,1297.6339807086,843.4620874606,843.4620874606,1.0000000,4,3,0.49994810000000000,0.499948100000,1.4143603653603398,1.4143603653603398,1.4143603653603398,0E-17,ELIGIBLE,R03b_20260811_FULL_v1,L1_ELIGIBILITY,v2026-08-11,2026-03-21..2026-08-06,baccarat_bet02_101_all_pairs_incl_sentinel,round_win = game_pnl > 0 (decisive only),COMPATIBILITY_ONLY_NOT_PRODUCTION,4059548.3812,3680416.6879,6656.9809,9707,9692,-0.00163983,0.01249836,-0.00525961,-0.00163983,-6656.9809,4059548.3812,OK,0.0000,266.2792,4.0000,96.0000,AG03-UNRESOLVED,ALL5_LEVELS_bet23_to_bet27,266.2792,266.2792,266.2792,0.0000,0.0000,4.000000,4.000000,4.000000,0.000000,0.000000,96.000000,96.000000,96.000000,100.000000,100.000000,5.0,798.8377,767.3102,5858.1432,5889.6706,PENDING_AG03,FALSE,NOT_FOR_ENFORCEMENT,6390.7016,3533200.0204,6656.9809,6390.7016,266.2792,0.00163983,0.00157424,266.2792,6390.7016,0.00157424,266.2792,266.2792,266.2792,0.0000,0.0000,6390.7016,0.00157424,798.8377,767.3102,5858.1432,5889.6706,0.00144305,0.00145082,0.00006559,418.2083,379.7376,0.6869,61.6387,1.8384,37588.4109,89.7407,538.3845,395.5999,218.4789,430.6076,432.5446,432.5446,1046.441,1081.3617,427.0584,0.0,2.43015,2.511246,0.971205,30,216,96,2,0.20383968,0.00163983,-0.01249836,0E-8,0.000000,0.906607,0.000000,0.01775797,2026-03-22,2026-08-06,108,3621,2443,138,0.782609,1.360932,1.287360,0.679466,,,,,,,,GLOBAL_BASELINE_NO_ENTITY_RANKING,,,NOT_APPLICABLE_GLOBAL_BASELINE,HF9g-P5,,,,X 全窗基线 · 不参与实体赏罚,14198556,1420,A168_HF9F_20260827_0900,2026-08-27 09:00:00
2026-05-08,57024343,2147,0,432.5446602362,-432.5446602362,-432.5446602362,0E-7,1,1,0.50665070000000000,0.506650700000,-1.013391052207602,-1.013391052207602,-1.013391052207602,0E-17,ELIGIBLE,R03b_20260811_FULL_v1,L1_ELIGIBILITY,v2026-08-11,2026-03-21..2026-08-06,baccarat_bet02_101_all_pairs_incl_sentinel,round_win = game_pnl > 0 (decisive only),COMPATIBILITY_ONLY_NOT_PRODUCTION,4059548.3812,3680416.6879,6656.9809,9707,9692,-0.00163983,0.01249836,-0.00525961,-0.00163983,-6656.9809,4059548.3812,OK,0.0000,266.2792,4.0000,96.0000,AG03-UNRESOLVED,ALL5_LEVELS_bet23_to_bet27,266.2792,266.2792,266.2792,0.0000,0.0000,4.000000,4.000000,4.000000,0.000000,0.000000,96.000000,96.000000,96.000000,100.000000,100.000000,5.0,798.8377,767.3102,5858.1432,5889.6706,PENDING_AG03,FALSE,NOT_FOR_ENFORCEMENT,6390.7016,3533200.0204,6656.9809,6390.7016,266.2792,0.00163983,0.00157424,266.2792,6390.7016,0.00157424,266.2792,266.2792,266.2792,0.0000,0.0000,6390.7016,0.00157424,798.8377,767.3102,5858.1432,5889.6706,0.00144305,0.00145082,0.00006559,418.2083,379.7376,0.6869,61.6387,1.8384,37588.4109,89.7407,538.3845,395.5999,218.4789,430.6076,432.5446,432.5446,1046.441,1081.3617,427.0584,0.0,2.43015,2.511246,0.971205,30,216,96,2,0.20383968,0.00163983,-0.01249836,0E-8,0.000000,0.906607,0.000000,0.01775797,2026-03-22,2026-08-06,108,3621,2443,138,0.782609,1.360932,1.287360,0.679466,,,,,,,,GLOBAL_BASELINE_NO_ENTITY_RANKING,,,NOT_APPLICABLE_GLOBAL_BASELINE,HF9g-P5,,,,X 全窗基线 · 不参与实体赏罚,14198557,1420,A168_HF9F_20260827_0900,2026-08-27 09:00:00
2026-05-08,57024343,2152,0,432.5446602362,410.9174272244,410.9174272244,1.0000000,1,1,0.50665070000000000,0.506650700000,0.9867858985152569,0.9867858985152569,0.9867858985152569,0E-17,ELIGIBLE,R03b_20260811_FULL_v1,L1_ELIGIBILITY,v2026-08-11,2026-03-21..2026-08-06,baccarat_bet02_101_all_pairs_incl_sentinel,round_win = game_pnl > 0 (decisive only),COMPATIBILITY_ONLY_NOT_PRODUCTION,4059548.3812,3680416.6879,6656.9809,9707,9692,-0.00163983,0.01249836,-0.00525961,-0.00163983,-6656.9809,4059548.3812,OK,0.0000,266.2792,4.0000,96.0000,AG03-UNRESOLVED,ALL5_LEVELS_bet23_to_bet27,266.2792,266.2792,266.2792,0.0000,0.0000,4.000000,4.000000,4.000000,0.000000,0.000000,96.000000,96.000000,96.000000,100.000000,100.000000,5.0,798.8377,767.3102,5858.1432,5889.6706,PENDING_AG03,FALSE,NOT_FOR_ENFORCEMENT,6390.7016,3533200.0204,6656.9809,6390.7016,266.2792,0.00163983,0.00157424,266.2792,6390.7016,0.00157424,266.2792,266.2792,266.2792,0.0000,0.0000,6390.7016,0.00157424,798.8377,767.3102,5858.1432,5889.6706,0.00144305,0.00145082,0.00006559,418.2083,379.7376,0.6869,61.6387,1.8384,37588.4109,89.7407,538.3845,395.5999,218.4789,430.6076,432.5446,432.5446,1046.441,1081.3617,427.0584,0.0,2.43015,2.511246,0.971205,30,216,96,2,0.20383968,0.00163983,-0.01249836,0E-8,0.000000,0.906607,0.000000,0.01775797,2026-03-22,2026-08-06,108,3621,2443,138,0.782609,1.360932,1.287360,0.679466,,,,,,,,GLOBAL_BASELINE_NO_ENTITY_RANKING,,,NOT_APPLICABLE_GLOBAL_BASELINE,HF9g-P5,,,,X 全窗基线 · 不参与实体赏罚,14198558,1420,A168_HF9F_20260827_0900,2026-08-27 09:00:00
2026-05-08,57024343,2201,0,432.5446602362,-432.5446602362,-432.5446602362,0E-7,1,1,0.50665070000000000,0.506650700000,-1.013391052207602,-1.013391052207602,-1.013391052207602,0E-17,ELIGIBLE,R03b_20260811_FULL_v1,L1_ELIGIBILITY,v2026-08-11,2026-03-21..2026-08-06,baccarat_bet02_101_all_pairs_incl_sentinel,round_win = game_pnl > 0 (decisive only),COMPATIBILITY_ONLY_NOT_PRODUCTION,4059548.3812,3680416.6879,6656.9809,9707,9692,-0.00163983,0.01249836,-0.00525961,-0.00163983,-6656.9809,4059548.3812,OK,0.0000,266.2792,4.0000,96.0000,AG03-UNRESOLVED,ALL5_LEVELS_bet23_to_bet27,266.2792,266.2792,266.2792,0.0000,0.0000,4.000000,4.000000,4.000000,0.000000,0.000000,96.000000,96.000000,96.000000,100.000000,100.000000,5.0,798.8377,767.3102,5858.1432,5889.6706,PENDING_AG03,FALSE,NOT_FOR_ENFORCEMENT,6390.7016,3533200.0204,6656.9809,6390.7016,266.2792,0.00163983,0.00157424,266.2792,6390.7016,0.00157424,266.2792,266.2792,266.2792,0.0000,0.0000,6390.7016,0.00157424,798.8377,767.3102,5858.1432,5889.6706,0.00144305,0.00145082,0.00006559,418.2083,379.7376,0.6869,61.6387,1.8384,37588.4109,89.7407,538.3845,395.5999,218.4789,430.6076,432.5446,432.5446,1046.441,1081.3617,427.0584,0.0,2.43015,2.511246,0.971205,30,216,96,2,0.20383968,0.00163983,-0.01249836,0E-8,0.000000,0.906607,0.000000,0.01775797,2026-03-22,2026-08-06,108,3621,2443,138,0.782609,1.360932,1.287360,0.679466,,,,,,,,GLOBAL_BASELINE_NO_ENTITY_RANKING,,,NOT_APPLICABLE_GLOBAL_BASELINE,HF9g-P5,,,,X 全窗基线 · 不参与实体赏罚,14198559,1420,A168_HF9F_20260827_0900,2026-08-27 09:00:00
2026-05-08,57024343,2224,0,865.0893204724,821.8348544488,821.8348544488,1.0000000,2,2,0.50665070000000000,0.506650700000,1.3955260008387969,1.3955260008387969,1.3955260008387969,0E-17,ELIGIBLE,R03b_20260811_FULL_v1,L1_ELIGIBILITY,v2026-08-11,2026-03-21..2026-08-06,baccarat_bet02_101_all_pairs_incl_sentinel,round_win = game_pnl > 0 (decisive only),COMPATIBILITY_ONLY_NOT_PRODUCTION,4059548.3812,3680416.6879,6656.9809,9707,9692,-0.00163983,0.01249836,-0.00525961,-0.00163983,-6656.9809,4059548.3812,OK,0.0000,266.2792,4.0000,96.0000,AG03-UNRESOLVED,ALL5_LEVELS_bet23_to_bet27,266.2792,266.2792,266.2792,0.0000,0.0000,4.000000,4.000000,4.000000,0.000000,0.000000,96.000000,96.000000,96.000000,100.000000,100.000000,5.0,798.8377,767.3102,5858.1432,5889.6706,PENDING_AG03,FALSE,NOT_FOR_ENFORCEMENT,6390.7016,3533200.0204,6656.9809,6390.7016,266.2792,0.00163983,0.00157424,266.2792,6390.7016,0.00157424,266.2792,266.2792,266.2792,0.0000,0.0000,6390.7016,0.00157424,798.8377,767.3102,5858.1432,5889.6706,0.00144305,0.00145082,0.00006559,418.2083,379.7376,0.6869,61.6387,1.8384,37588.4109,89.7407,538.3845,395.5999,218.4789,430.6076,432.5446,432.5446,1046.441,1081.3617,427.0584,0.0,2.43015,2.511246,0.971205,30,216,96,2,0.20383968,0.00163983,-0.01249836,0E-8,0.000000,0.906607,0.000000,0.01775797,2026-03-22,2026-08-06,108,3621,2443,138,0.782609,1.360932,1.287360,0.679466,,,,,,,,GLOBAL_BASELINE_NO_ENTITY_RANKING,,,NOT_APPLICABLE_GLOBAL_BASELINE,HF9g-P5,,,,X 全窗基线 · 不参与实体赏罚,14198560,1420,A168_HF9F_20260827_0900,2026-08-27 09:00:00
2026-05-08,57024343,2234,0,865.0893204724,-21.6272330118,-21.6272330118,0.5000000,2,2,0.50665070000000000,0.506650700000,-0.018812684590367487,-0.018812684590367487,-0.018812684590367487,0E-17,ELIGIBLE,R03b_20260811_FULL_v1,L1_ELIGIBILITY,v2026-08-11,2026-03-21..2026-08-06,baccarat_bet02_101_all_pairs_incl_sentinel,round_win = game_pnl > 0 (decisive only),COMPATIBILITY_ONLY_NOT_PRODUCTION,4059548.3812,3680416.6879,6656.9809,9707,9692,-0.00163983,0.01249836,-0.00525961,-0.00163983,-6656.9809,4059548.3812,OK,0.0000,266.2792,4.0000,96.0000,AG03-UNRESOLVED,ALL5_LEVELS_bet23_to_bet27,266.2792,266.2792,266.2792,0.0000,0.0000,4.000000,4.000000,4.000000,0.000000,0.000000,96.000000,96.000000,96.000000,100.000000,100.000000,5.0,798.8377,767.3102,5858.1432,5889.6706,PENDING_AG03,FALSE,NOT_FOR_ENFORCEMENT,6390.7016,3533200.0204,6656.9809,6390.7016,266.2792,0.00163983,0.00157424,266.2792,6390.7016,0.00157424,266.2792,266.2792,266.2792,0.0000,0.0000,6390.7016,0.00157424,798.8377,767.3102,5858.1432,5889.6706,0.00144305,0.00145082,0.00006559,418.2083,379.7376,0.6869,61.6387,1.8384,37588.4109,89.7407,538.3845,395.5999,218.4789,430.6076,432.5446,432.5446,1046.441,1081.3617,427.0584,0.0,2.43015,2.511246,0.971205,30,216,96,2,0.20383968,0.00163983,-0.01249836,0E-8,0.000000,0.906607,0.000000,0.01775797,2026-03-22,2026-08-06,108,3621,2443,138,0.782609,1.360932,1.287360,0.679466,,,,,,,,GLOBAL_BASELINE_NO_ENTITY_RANKING,,,NOT_APPLICABLE_GLOBAL_BASELINE,HF9g-P5,,,,X 全窗基线 · 不参与实体赏罚,14198561,1420,A168_HF9F_20260827_0900,2026-08-27 09:00:00
2026-05-08,57024343,2242,0,1297.6339807086,389.2901942126,389.2901942126,0.6666667,3,3,0.50665070000000000,0.506650700000,0.5543606114942035,0.5543606114942035,0.5543606114942035,0E-17,ELIGIBLE,R03b_20260811_FULL_v1,L1_ELIGIBILITY,v2026-08-11,2026-03-21..2026-08-06,baccarat_bet02_101_all_pairs_incl_sentinel,round_win = game_pnl > 0 (decisive only),COMPATIBILITY_ONLY_NOT_PRODUCTION,4059548.3812,3680416.6879,6656.9809,9707,9692,-0.00163983,0.01249836,-0.00525961,-0.00163983,-6656.9809,4059548.3812,OK,0.0000,266.2792,4.0000,96.0000,AG03-UNRESOLVED,ALL5_LEVELS_bet23_to_bet27,266.2792,266.2792,266.2792,0.0000,0.0000,4.000000,4.000000,4.000000,0.000000,0.000000,96.000000,96.000000,96.000000,100.000000,100.000000,5.0,798.8377,767.3102,5858.1432,5889.6706,PENDING_AG03,FALSE,NOT_FOR_ENFORCEMENT,6390.7016,3533200.0204,6656.9809,6390.7016,266.2792,0.00163983,0.00157424,266.2792,6390.7016,0.00157424,266.2792,266.2792,266.2792,0.0000,0.0000,6390.7016,0.00157424,798.8377,767.3102,5858.1432,5889.6706,0.00144305,0.00145082,0.00006559,418.2083,379.7376,0.6869,61.6387,1.8384,37588.4109,89.7407,538.3845,395.5999,218.4789,430.6076,432.5446,432.5446,1046.441,1081.3617,427.0584,0.0,2.43015,2.511246,0.971205,30,216,96,2,0.20383968,0.00163983,-0.01249836,0E-8,0.000000,0.906607,0.000000,0.01775797,2026-03-22,2026-08-06,108,3621,2443,138,0.782609,1.360932,1.287360,0.679466,,,,,,,,GLOBAL_BASELINE_NO_ENTITY_RANKING,,,NOT_APPLICABLE_GLOBAL_BASELINE,HF9g-P5,,,,X 全窗基线 · 不参与实体赏罚,14198562,1420,A168_HF9F_20260827_0900,2026-08-27 09:00:00
2026-05-08,57024343,2244,0,432.5446602362,432.5446602362,432.5446602362,1.0000000,1,1,0.49324550000000000,0.493245500000,1.01360149184955,1.01360149184955,1.01360149184955,0E-17,ELIGIBLE,R03b_20260811_FULL_v1,L1_ELIGIBILITY,v2026-08-11,2026-03-21..2026-08-06,baccarat_bet02_101_all_pairs_incl_sentinel,round_win = game_pnl > 0 (decisive only),COMPATIBILITY_ONLY_NOT_PRODUCTION,4059548.3812,3680416.6879,6656.9809,9707,9692,-0.00163983,0.01249836,-0.00525961,-0.00163983,-6656.9809,4059548.3812,OK,0.0000,266.2792,4.0000,96.0000,AG03-UNRESOLVED,ALL5_LEVELS_bet23_to_bet27,266.2792,266.2792,266.2792,0.0000,0.0000,4.000000,4.000000,4.000000,0.000000,0.000000,96.000000,96.000000,96.000000,100.000000,100.000000,5.0,798.8377,767.3102,5858.1432,5889.6706,PENDING_AG03,FALSE,NOT_FOR_ENFORCEMENT,6390.7016,3533200.0204,6656.9809,6390.7016,266.2792,0.00163983,0.00157424,266.2792,6390.7016,0.00157424,266.2792,266.2792,266.2792,0.0000,0.0000,6390.7016,0.00157424,798.8377,767.3102,5858.1432,5889.6706,0.00144305,0.00145082,0.00006559,418.2083,379.7376,0.6869,61.6387,1.8384,37588.4109,89.7407,538.3845,395.5999,218.4789,430.6076,432.5446,432.5446,1046.441,1081.3617,427.0584,0.0,2.43015,2.511246,0.971205,30,216,96,2,0.20383968,0.00163983,-0.01249836,0E-8,0.000000,0.906607,0.000000,0.01775797,2026-03-22,2026-08-06,108,3621,2443,138,0.782609,1.360932,1.287360,0.679466,,,,,,,,GLOBAL_BASELINE_NO_ENTITY_RANKING,,,NOT_APPLICABLE_GLOBAL_BASELINE,HF9g-P5,,,,X 全窗基线 · 不参与实体赏罚,14198563,1420,A168_HF9F_20260827_0900,2026-08-27 09:00:00
2026-05-08,57024343,583,0,432.5446602362,432.5446602362,432.5446602362,1.0000000,1,1,0.49324550000000000,0.493245500000,1.01360149184955,1.01360149184955,1.01360149184955,0E-17,ELIGIBLE,R03b_20260811_FULL_v1,L1_ELIGIBILITY,v2026-08-11,2026-03-21..2026-08-06,baccarat_bet02_101_all_pairs_incl_sentinel,round_win = game_pnl > 0 (decisive only),COMPATIBILITY_ONLY_NOT_PRODUCTION,4059548.3812,3680416.6879,6656.9809,9707,9692,-0.00163983,0.01249836,-0.00525961,-0.00163983,-6656.9809,4059548.3812,OK,0.0000,266.2792,4.0000,96.0000,AG03-UNRESOLVED,ALL5_LEVELS_bet23_to_bet27,266.2792,266.2792,266.2792,0.0000,0.0000,4.000000,4.000000,4.000000,0.000000,0.000000,96.000000,96.000000,96.000000,100.000000,100.000000,5.0,798.8377,767.3102,5858.1432,5889.6706,PENDING_AG03,FALSE,NOT_FOR_ENFORCEMENT,6390.7016,3533200.0204,6656.9809,6390.7016,266.2792,0.00163983,0.00157424,266.2792,6390.7016,0.00157424,266.2792,266.2792,266.2792,0.0000,0.0000,6390.7016,0.00157424,798.8377,767.3102,5858.1432,5889.6706,0.00144305,0.00145082,0.00006559,418.2083,379.7376,0.6869,61.6387,1.8384,37588.4109,89.7407,538.3845,395.5999,218.4789,430.6076,432.5446,432.5446,1046.441,1081.3617,427.0584,0.0,2.43015,2.511246,0.971205,30,216,96,2,0.20383968,0.00163983,-0.01249836,0E-8,0.000000,0.906607,0.000000,0.01775797,2026-03-22,2026-08-06,108,3621,2443,138,0.782609,1.360932,1.287360,0.679466,,,,,,,,GLOBAL_BASELINE_NO_ENTITY_RANKING,,,NOT_APPLICABLE_GLOBAL_BASELINE,HF9g-P5,,,,X 全窗基线 · 不参与实体赏罚,14198564,1420,A168_HF9F_20260827_0900,2026-08-27 09:00:00
2026-05-08,57024343,595,0,432.5446602362,410.9174272244,410.9174272244,1.0000000,1,1,0.50665070000000000,0.506650700000,0.9867858985152569,0.9867858985152569,0.9867858985152569,0E-17,ELIGIBLE,R03b_20260811_FULL_v1,L1_ELIGIBILITY,v2026-08-11,2026-03-21..2026-08-06,baccarat_bet02_101_all_pairs_incl_sentinel,round_win = game_pnl > 0 (decisive only),COMPATIBILITY_ONLY_NOT_PRODUCTION,4059548.3812,3680416.6879,6656.9809,9707,9692,-0.00163983,0.01249836,-0.00525961,-0.00163983,-6656.9809,4059548.3812,OK,0.0000,266.2792,4.0000,96.0000,AG03-UNRESOLVED,ALL5_LEVELS_bet23_to_bet27,266.2792,266.2792,266.2792,0.0000,0.0000,4.000000,4.000000,4.000000,0.000000,0.000000,96.000000,96.000000,96.000000,100.000000,100.000000,5.0,798.8377,767.3102,5858.1432,5889.6706,PENDING_AG03,FALSE,NOT_FOR_ENFORCEMENT,6390.7016,3533200.0204,6656.9809,6390.7016,266.2792,0.00163983,0.00157424,266.2792,6390.7016,0.00157424,266.2792,266.2792,266.2792,0.0000,0.0000,6390.7016,0.00157424,798.8377,767.3102,5858.1432,5889.6706,0.00144305,0.00145082,0.00006559,418.2083,379.7376,0.6869,61.6387,1.8384,37588.4109,89.7407,538.3845,395.5999,218.4789,430.6076,432.5446,432.5446,1046.441,1081.3617,427.0584,0.0,2.43015,2.511246,0.971205,30,216,96,2,0.20383968,0.00163983,-0.01249836,0E-8,0.000000,0.906607,0.000000,0.01775797,2026-03-22,2026-08-06,108,3621,2443,138,0.782609,1.360932,1.287360,0.679466,,,,,,,,GLOBAL_BASELINE_NO_ENTITY_RANKING,,,NOT_APPLICABLE_GLOBAL_BASELINE,HF9g-P5,,,,X 全窗基线 · 不参与实体赏罚,14198565,1420,A168_HF9F_20260827_0900,2026-08-27 09:00:00
2026-05-08,57024343,752,0,432.5446602362,-432.5446602362,-432.5446602362,0E-7,1,1,0.50665070000000000,0.506650700000,-1.013391052207602,-1.013391052207602,-1.013391052207602,0E-17,ELIGIBLE,R03b_20260811_FULL_v1,L1_ELIGIBILITY,v2026-08-11,2026-03-21..2026-08-06,baccarat_bet02_101_all_pairs_incl_sentinel,round_win = game_pnl > 0 (decisive only),COMPATIBILITY_ONLY_NOT_PRODUCTION,4059548.3812,3680416.6879,6656.9809,9707,9692,-0.00163983,0.01249836,-0.00525961,-0.00163983,-6656.9809,4059548.3812,OK,0.0000,266.2792,4.0000,96.0000,AG03-UNRESOLVED,ALL5_LEVELS_bet23_to_bet27,266.2792,266.2792,266.2792,0.0000,0.0000,4.000000,4.000000,4.000000,0.000000,0.000000,96.000000,96.000000,96.000000,100.000000,100.000000,5.0,798.8377,767.3102,5858.1432,5889.6706,PENDING_AG03,FALSE,NOT_FOR_ENFORCEMENT,6390.7016,3533200.0204,6656.9809,6390.7016,266.2792,0.00163983,0.00157424,266.2792,6390.7016,0.00157424,266.2792,266.2792,266.2792,0.0000,0.0000,6390.7016,0.00157424,798.8377,767.3102,5858.1432,5889.6706,0.00144305,0.00145082,0.00006559,418.2083,379.7376,0.6869,61.6387,1.8384,37588.4109,89.7407,538.3845,395.5999,218.4789,430.6076,432.5446,432.5446,1046.441,1081.3617,427.0584,0.0,2.43015,2.511246,0.971205,30,216,96,2,0.20383968,0.00163983,-0.01249836,0E-8,0.000000,0.906607,0.000000,0.01775797,2026-03-22,2026-08-06,108,3621,2443,138,0.782609,1.360932,1.287360,0.679466,,,,,,,,GLOBAL_BASELINE_NO_ENTITY_RANKING,,,NOT_APPLICABLE_GLOBAL_BASELINE,HF9g-P5,,,,X 全窗基线 · 不参与实体赏罚,14198566,1420,A168_HF9F_20260827_0900,2026-08-27 09:00:00
2026-05-08,57024343,772,0,1730.1786409448,-865.0893204724,-865.0893204724,0.2500000,4,4,0.50329940000000000,0.503299400000,-1.013219660140378,-1.013219660140378,-1.013219660140378,0E-17,ELIGIBLE,R03b_20260811_FULL_v1,L1_ELIGIBILITY,v2026-08-11,2026-03-21..2026-08-06,baccarat_bet02_101_all_pairs_incl_sentinel,round_win = game_pnl > 0 (decisive only),COMPATIBILITY_ONLY_NOT_PRODUCTION,4059548.3812,3680416.6879,6656.9809,9707,9692,-0.00163983,0.01249836,-0.00525961,-0.00163983,-6656.9809,4059548.3812,OK,0.0000,266.2792,4.0000,96.0000,AG03-UNRESOLVED,ALL5_LEVELS_bet23_to_bet27,266.2792,266.2792,266.2792,0.0000,0.0000,4.000000,4.000000,4.000000,0.000000,0.000000,96.000000,96.000000,96.000000,100.000000,100.000000,5.0,798.8377,767.3102,5858.1432,5889.6706,PENDING_AG03,FALSE,NOT_FOR_ENFORCEMENT,6390.7016,3533200.0204,6656.9809,6390.7016,266.2792,0.00163983,0.00157424,266.2792,6390.7016,0.00157424,266.2792,266.2792,266.2792,0.0000,0.0000,6390.7016,0.00157424,798.8377,767.3102,5858.1432,5889.6706,0.00144305,0.00145082,0.00006559,418.2083,379.7376,0.6869,61.6387,1.8384,37588.4109,89.7407,538.3845,395.5999,218.4789,430.6076,432.5446,432.5446,1046.441,1081.3617,427.0584,0.0,2.43015,2.511246,0.971205,30,216,96,2,0.20383968,0.00163983,-0.01249836,0E-8,0.000000,0.906607,0.000000,0.01775797,2026-03-22,2026-08-06,108,3621,2443,138,0.782609,1.360932,1.287360,0.679466,,,,,,,,GLOBAL_BASELINE_NO_ENTITY_RANKING,,,NOT_APPLICABLE_GLOBAL_BASELINE,HF9g-P5,,,,X 全窗基线 · 不参与实体赏罚,14198567,1420,A168_HF9F_20260827_0900,2026-08-27 09:00:00
2026-05-08,57024343,970,0,865.0893204724,-21.6272330118,-21.6272330118,0.5000000,2,2,0.50665070000000000,0.506650700000,-0.018812684590367487,-0.018812684590367487,-0.018812684590367487,0E-17,ELIGIBLE,R03b_20260811_FULL_v1,L1_ELIGIBILITY,v2026-08-11,2026-03-21..2026-08-06,baccarat_bet02_101_all_pairs_incl_sentinel,round_win = game_pnl > 0 (decisive only),COMPATIBILITY_ONLY_NOT_PRODUCTION,4059548.3812,3680416.6879,6656.9809,9707,9692,-0.00163983,0.01249836,-0.00525961,-0.00163983,-6656.9809,4059548.3812,OK,0.0000,266.2792,4.0000,96.0000,AG03-UNRESOLVED,ALL5_LEVELS_bet23_to_bet27,266.2792,266.2792,266.2792,0.0000,0.0000,4.000000,4.000000,4.000000,0.000000,0.000000,96.000000,96.000000,96.000000,100.000000,100.000000,5.0,798.8377,767.3102,5858.1432,5889.6706,PENDING_AG03,FALSE,NOT_FOR_ENFORCEMENT,6390.7016,3533200.0204,6656.9809,6390.7016,266.2792,0.00163983,0.00157424,266.2792,6390.7016,0.00157424,266.2792,266.2792,266.2792,0.0000,0.0000,6390.7016,0.00157424,798.8377,767.3102,5858.1432,5889.6706,0.00144305,0.00145082,0.00006559,418.2083,379.7376,0.6869,61.6387,1.8384,37588.4109,89.7407,538.3845,395.5999,218.4789,430.6076,432.5446,432.5446,1046.441,1081.3617,427.0584,0.0,2.43015,2.511246,0.971205,30,216,96,2,0.20383968,0.00163983,-0.01249836,0E-8,0.000000,0.906607,0.000000,0.01775797,2026-03-22,2026-08-06,108,3621,2443,138,0.782609,1.360932,1.287360,0.679466,,,,,,,,GLOBAL_BASELINE_NO_ENTITY_RANKING,,,NOT_APPLICABLE_GLOBAL_BASELINE,HF9g-P5,,,,X 全窗基线 · 不参与实体赏罚,14198568,1420,A168_HF9F_20260827_0900,2026-08-27 09:00:00
2026-05-08,57024343,994,0,2162.7233011809,389.2901942126,389.2901942126,0.6666667,4,4,0.50665070000000000,0.506650700000,0.5543606114942035,0.5543606114942035,0.5543606114942035,0E-17,ELIGIBLE,R03b_20260811_FULL_v1,L1_ELIGIBILITY,v2026-08-11,2026-03-21..2026-08-06,baccarat_bet02_101_all_pairs_incl_sentinel,round_win = game_pnl > 0 (decisive only),COMPATIBILITY_ONLY_NOT_PRODUCTION,4059548.3812,3680416.6879,6656.9809,9707,9692,-0.00163983,0.01249836,-0.00525961,-0.00163983,-6656.9809,4059548.3812,OK,0.0000,266.2792,4.0000,96.0000,AG03-UNRESOLVED,ALL5_LEVELS_bet23_to_bet27,266.2792,266.2792,266.2792,0.0000,0.0000,4.000000,4.000000,4.000000,0.000000,0.000000,96.000000,96.000000,96.000000,100.000000,100.000000,5.0,798.8377,767.3102,5858.1432,5889.6706,PENDING_AG03,FALSE,NOT_FOR_ENFORCEMENT,6390.7016,3533200.0204,6656.9809,6390.7016,266.2792,0.00163983,0.00157424,266.2792,6390.7016,0.00157424,266.2792,266.2792,266.2792,0.0000,0.0000,6390.7016,0.00157424,798.8377,767.3102,5858.1432,5889.6706,0.00144305,0.00145082,0.00006559,418.2083,379.7376,0.6869,61.6387,1.8384,37588.4109,89.7407,538.3845,395.5999,218.4789,430.6076,432.5446,432.5446,1046.441,1081.3617,427.0584,0.0,2.43015,2.511246,0.971205,30,216,96,2,0.20383968,0.00163983,-0.01249836,0E-8,0.000000,0.906607,0.000000,0.01775797,2026-03-22,2026-08-06,108,3621,2443,138,0.782609,1.360932,1.287360,0.679466,,,,,,,,GLOBAL_BASELINE_NO_ENTITY_RANKING,,,NOT_APPLICABLE_GLOBAL_BASELINE,HF9g-P5,,,,X 全窗基线 · 不参与实体赏罚,14198569,1420,A168_HF9F_20260827_0900,2026-08-27 09:00:00
2026-05-09,57024343,-1,1,2595.2679614172,-886.7165534842,-886.7165534842,0.2500000,6,6,0.50441650000000000,0.504416500000,-1.0177057024351048,-1.0177057024351048,-1.0177057024351048,0E-17,SENTINEL_DEALER,R03b_20260811_FULL_v1,L1_ELIGIBILITY,v2026-08-11,2026-03-21..2026-08-06,baccarat_bet02_101_all_pairs_incl_sentinel,round_win = game_pnl > 0 (decisive only),COMPATIBILITY_ONLY_NOT_PRODUCTION,4059548.3812,3680416.6879,6656.9809,9707,9692,-0.00163983,0.01249836,-0.00525961,-0.00163983,-6656.9809,4059548.3812,OK,0.0000,266.2792,4.0000,96.0000,AG03-UNRESOLVED,ALL5_LEVELS_bet23_to_bet27,266.2792,266.2792,266.2792,0.0000,0.0000,4.000000,4.000000,4.000000,0.000000,0.000000,96.000000,96.000000,96.000000,100.000000,100.000000,5.0,798.8377,767.3102,5858.1432,5889.6706,PENDING_AG03,FALSE,NOT_FOR_ENFORCEMENT,6390.7016,3533200.0204,6656.9809,6390.7016,266.2792,0.00163983,0.00157424,266.2792,6390.7016,0.00157424,266.2792,266.2792,266.2792,0.0000,0.0000,6390.7016,0.00157424,798.8377,767.3102,5858.1432,5889.6706,0.00144305,0.00145082,0.00006559,418.2083,379.7376,0.6869,61.6387,1.8384,37588.4109,89.7407,538.3845,395.5999,218.4789,430.6076,432.5446,432.5446,1046.441,1081.3617,427.0584,0.0,2.43015,2.511246,0.971205,30,216,96,2,0.20383968,0.00163983,-0.01249836,0E-8,0.000000,0.906607,0.000000,0.01775797,2026-03-22,2026-08-06,108,3621,2443,138,0.782609,1.360932,1.287360,0.679466,,,,,,,,GLOBAL_BASELINE_NO_ENTITY_RANKING,,,NOT_APPLICABLE_GLOBAL_BASELINE,HF9g-P5,,,,X 全窗基线 · 不参与实体赏罚,14198570,1420,A168_HF9F_20260827_0900,2026-08-27 09:00:00
2026-05-09,57024343,1017,0,1081.3616505904,-1081.3616505904,-1081.3616505904,0E-7,1,1,0.50665070000000000,0.506650700000,-1.013391052207602,-1.013391052207602,-1.013391052207602,0E-17,ELIGIBLE,R03b_20260811_FULL_v1,L1_ELIGIBILITY,v2026-08-11,2026-03-21..2026-08-06,baccarat_bet02_101_all_pairs_incl_sentinel,round_win = game_pnl > 0 (decisive only),COMPATIBILITY_ONLY_NOT_PRODUCTION,4059548.3812,3680416.6879,6656.9809,9707,9692,-0.00163983,0.01249836,-0.00525961,-0.00163983,-6656.9809,4059548.3812,OK,0.0000,266.2792,4.0000,96.0000,AG03-UNRESOLVED,ALL5_LEVELS_bet23_to_bet27,266.2792,266.2792,266.2792,0.0000,0.0000,4.000000,4.000000,4.000000,0.000000,0.000000,96.000000,96.000000,96.000000,100.000000,100.000000,5.0,798.8377,767.3102,5858.1432,5889.6706,PENDING_AG03,FALSE,NOT_FOR_ENFORCEMENT,6390.7016,3533200.0204,6656.9809,6390.7016,266.2792,0.00163983,0.00157424,266.2792,6390.7016,0.00157424,266.2792,266.2792,266.2792,0.0000,0.0000,6390.7016,0.00157424,798.8377,767.3102,5858.1432,5889.6706,0.00144305,0.00145082,0.00006559,418.2083,379.7376,0.6869,61.6387,1.8384,37588.4109,89.7407,538.3845,395.5999,218.4789,430.6076,432.5446,432.5446,1046.441,1081.3617,427.0584,0.0,2.43015,2.511246,0.971205,30,216,96,2,0.20383968,0.00163983,-0.01249836,0E-8,0.000000,0.906607,0.000000,0.01775797,2026-03-22,2026-08-06,108,3621,2443,138,0.782609,1.360932,1.287360,0.679466,,,,,,,,GLOBAL_BASELINE_NO_ENTITY_RANKING,,,NOT_APPLICABLE_GLOBAL_BASELINE,HF9g-P5,,,,X 全窗基线 · 不参与实体赏罚,14198571,1420,A168_HF9F_20260827_0900,2026-08-27 09:00:00
2026-05-09,57024343,1094,0,2162.7233011809,-897.5301699901,-897.5301699901,0.3333333,3,3,0.50665070000000000,0.506650700000,-0.6004420894325239,-0.6004420894325239,-0.6004420894325239,0E-17,ELIGIBLE,R03b_20260811_FULL_v1,L1_ELIGIBILITY,v2026-08-11,2026-03-21..2026-08-06,baccarat_bet02_101_all_pairs_incl_sentinel,round_win = game_pnl > 0 (decisive only),COMPATIBILITY_ONLY_NOT_PRODUCTION,4059548.3812,3680416.6879,6656.9809,9707,9692,-0.00163983,0.01249836,-0.00525961,-0.00163983,-6656.9809,4059548.3812,OK,0.0000,266.2792,4.0000,96.0000,AG03-UNRESOLVED,ALL5_LEVELS_bet23_to_bet27,266.2792,266.2792,266.2792,0.0000,0.0000,4.000000,4.000000,4.000000,0.000000,0.000000,96.000000,96.000000,96.000000,100.000000,100.000000,5.0,798.8377,767.3102,5858.1432,5889.6706,PENDING_AG03,FALSE,NOT_FOR_ENFORCEMENT,6390.7016,3533200.0204,6656.9809,6390.7016,266.2792,0.00163983,0.00157424,266.2792,6390.7016,0.00157424,266.2792,266.2792,266.2792,0.0000,0.0000,6390.7016,0.00157424,798.8377,767.3102,5858.1432,5889.6706,0.00144305,0.00145082,0.00006559,418.2083,379.7376,0.6869,61.6387,1.8384,37588.4109,89.7407,538.3845,395.5999,218.4789,430.6076,432.5446,432.5446,1046.441,1081.3617,427.0584,0.0,2.43015,2.511246,0.971205,30,216,96,2,0.20383968,0.00163983,-0.01249836,0E-8,0.000000,0.906607,0.000000,0.01775797,2026-03-22,2026-08-06,108,3621,2443,138,0.782609,1.360932,1.287360,0.679466,,,,,,,,GLOBAL_BASELINE_NO_ENTITY_RANKING,,,NOT_APPLICABLE_GLOBAL_BASELINE,HF9g-P5,,,,X 全窗基线 · 不参与实体赏罚,14198572,1420,A168_HF9F_20260827_0900,2026-08-27 09:00:00
2026-05-09,57024343,1318,0,3892.9019421256,-940.7846360137,-940.7846360137,0.3333333,6,6,0.50441650000000000,0.504416500000,-0.838165622096103,-0.838165622096103,-0.838165622096103,0E-17,ELIGIBLE,R03b_20260811_FULL_v1,L1_ELIGIBILITY,v2026-08-11,2026-03-21..2026-08-06,baccarat_bet02_101_all_pairs_incl_sentinel,round_win = game_pnl > 0 (decisive only),COMPATIBILITY_ONLY_NOT_PRODUCTION,4059548.3812,3680416.6879,6656.9809,9707,9692,-0.00163983,0.01249836,-0.00525961,-0.00163983,-6656.9809,4059548.3812,OK,0.0000,266.2792,4.0000,96.0000,AG03-UNRESOLVED,ALL5_LEVELS_bet23_to_bet27,266.2792,266.2792,266.2792,0.0000,0.0000,4.000000,4.000000,4.000000,0.000000,0.000000,96.000000,96.000000,96.000000,100.000000,100.000000,5.0,798.8377,767.3102,5858.1432,5889.6706,PENDING_AG03,FALSE,NOT_FOR_ENFORCEMENT,6390.7016,3533200.0204,6656.9809,6390.7016,266.2792,0.00163983,0.00157424,266.2792,6390.7016,0.00157424,266.2792,266.2792,266.2792,0.0000,0.0000,6390.7016,0.00157424,798.8377,767.3102,5858.1432,5889.6706,0.00144305,0.00145082,0.00006559,418.2083,379.7376,0.6869,61.6387,1.8384,37588.4109,89.7407,538.3845,395.5999,218.4789,430.6076,432.5446,432.5446,1046.441,1081.3617,427.0584,0.0,2.43015,2.511246,0.971205,30,216,96,2,0.20383968,0.00163983,-0.01249836,0E-8,0.000000,0.906607,0.000000,0.01775797,2026-03-22,2026-08-06,108,3621,2443,138,0.782609,1.360932,1.287360,0.679466,,,,,,,,GLOBAL_BASELINE_NO_ENTITY_RANKING,,,NOT_APPLICABLE_GLOBAL_BASELINE,HF9g-P5,,,,X 全窗基线 · 不参与实体赏罚,14198573,1420,A168_HF9F_20260827_0900,2026-08-27 09:00:00
2026-05-09,57024343,1325,0,4757.9912625980,1805.8739564859,1805.8739564859,0.6666667,7,7,0.50665070000000000,0.506650700000,0.7839842952205449,0.7839842952205449,0.7839842952205449,0E-17,ELIGIBLE,R03b_20260811_FULL_v1,L1_ELIGIBILITY,v2026-08-11,2026-03-21..2026-08-06,baccarat_bet02_101_all_pairs_incl_sentinel,round_win = game_pnl > 0 (decisive only),COMPATIBILITY_ONLY_NOT_PRODUCTION,4059548.3812,3680416.6879,6656.9809,9707,9692,-0.00163983,0.01249836,-0.00525961,-0.00163983,-6656.9809,4059548.3812,OK,0.0000,266.2792,4.0000,96.0000,AG03-UNRESOLVED,ALL5_LEVELS_bet23_to_bet27,266.2792,266.2792,266.2792,0.0000,0.0000,4.000000,4.000000,4.000000,0.000000,0.000000,96.000000,96.000000,96.000000,100.000000,100.000000,5.0,798.8377,767.3102,5858.1432,5889.6706,PENDING_AG03,FALSE,NOT_FOR_ENFORCEMENT,6390.7016,3533200.0204,6656.9809,6390.7016,266.2792,0.00163983,0.00157424,266.2792,6390.7016,0.00157424,266.2792,266.2792,266.2792,0.0000,0.0000,6390.7016,0.00157424,798.8377,767.3102,5858.1432,5889.6706,0.00144305,0.00145082,0.00006559,418.2083,379.7376,0.6869,61.6387,1.8384,37588.4109,89.7407,538.3845,395.5999,218.4789,430.6076,432.5446,432.5446,1046.441,1081.3617,427.0584,0.0,2.43015,2.511246,0.971205,30,216,96,2,0.20383968,0.00163983,-0.01249836,0E-8,0.000000,0.906607,0.000000,0.01775797,2026-03-22,2026-08-06,108,3621,2443,138,0.782609,1.360932,1.287360,0.679466,,,,,,,,GLOBAL_BASELINE_NO_ENTITY_RANKING,,,NOT_APPLICABLE_GLOBAL_BASELINE,HF9g-P5,,,,X 全窗基线 · 不参与实体赏罚,14198574,1420,A168_HF9F_20260827_0900,2026-08-27 09:00:00
2026-05-09,57024343,1485,0,2162.7233011808,-1081.3616505904,-1081.3616505904,0E-7,2,2,0.50665070000000000,0.506650700000,-1.013391052207602,-1.013391052207602,-1.013391052207602,0E-17,ELIGIBLE,R03b_20260811_FULL_v1,L1_ELIGIBILITY,v2026-08-11,2026-03-21..2026-08-06,baccarat_bet02_101_all_pairs_incl_sentinel,round_win = game_pnl > 0 (decisive only),COMPATIBILITY_ONLY_NOT_PRODUCTION,4059548.3812,3680416.6879,6656.9809,9707,9692,-0.00163983,0.01249836,-0.00525961,-0.00163983,-6656.9809,4059548.3812,OK,0.0000,266.2792,4.0000,96.0000,AG03-UNRESOLVED,ALL5_LEVELS_bet23_to_bet27,266.2792,266.2792,266.2792,0.0000,0.0000,4.000000,4.000000,4.000000,0.000000,0.000000,96.000000,96.000000,96.000000,100.000000,100.000000,5.0,798.8377,767.3102,5858.1432,5889.6706,PENDING_AG03,FALSE,NOT_FOR_ENFORCEMENT,6390.7016,3533200.0204,6656.9809,6390.7016,266.2792,0.00163983,0.00157424,266.2792,6390.7016,0.00157424,266.2792,266.2792,266.2792,0.0000,0.0000,6390.7016,0.00157424,798.8377,767.3102,5858.1432,5889.6706,0.00144305,0.00145082,0.00006559,418.2083,379.7376,0.6869,61.6387,1.8384,37588.4109,89.7407,538.3845,395.5999,218.4789,430.6076,432.5446,432.5446,1046.441,1081.3617,427.0584,0.0,2.43015,2.511246,0.971205,30,216,96,2,0.20383968,0.00163983,-0.01249836,0E-8,0.000000,0.906607,0.000000,0.01775797,2026-03-22,2026-08-06,108,3621,2443,138,0.782609,1.360932,1.287360,0.679466,,,,,,,,GLOBAL_BASELINE_NO_ENTITY_RANKING,,,NOT_APPLICABLE_GLOBAL_BASELINE,HF9g-P5,,,,X 全窗基线 · 不参与实体赏罚,14198575,1420,A168_HF9F_20260827_0900,2026-08-27 09:00:00
2026-05-09,57024343,1646,0,2595.2679614171,356.8493446948,356.8493446948,0.5000000,4,4,0.50665070000000000,0.506650700000,-0.02660515369234503,-0.02660515369234503,-0.02660515369234503,0E-17,ELIGIBLE,R03b_20260811_FULL_v1,L1_ELIGIBILITY,v2026-08-11,2026-03-21..2026-08-06,baccarat_bet02_101_all_pairs_incl_sentinel,round_win = game_pnl > 0 (decisive only),COMPATIBILITY_ONLY_NOT_PRODUCTION,4059548.3812,3680416.6879,6656.9809,9707,9692,-0.00163983,0.01249836,-0.00525961,-0.00163983,-6656.9809,4059548.3812,OK,0.0000,266.2792,4.0000,96.0000,AG03-UNRESOLVED,ALL5_LEVELS_bet23_to_bet27,266.2792,266.2792,266.2792,0.0000,0.0000,4.000000,4.000000,4.000000,0.000000,0.000000,96.000000,96.000000,96.000000,100.000000,100.000000,5.0,798.8377,767.3102,5858.1432,5889.6706,PENDING_AG03,FALSE,NOT_FOR_ENFORCEMENT,6390.7016,3533200.0204,6656.9809,6390.7016,266.2792,0.00163983,0.00157424,266.2792,6390.7016,0.00157424,266.2792,266.2792,266.2792,0.0000,0.0000,6390.7016,0.00157424,798.8377,767.3102,5858.1432,5889.6706,0.00144305,0.00145082,0.00006559,418.2083,379.7376,0.6869,61.6387,1.8384,37588.4109,89.7407,538.3845,395.5999,218.4789,430.6076,432.5446,432.5446,1046.441,1081.3617,427.0584,0.0,2.43015,2.511246,0.971205,30,216,96,2,0.20383968,0.00163983,-0.01249836,0E-8,0.000000,0.906607,0.000000,0.01775797,2026-03-22,2026-08-06,108,3621,2443,138,0.782609,1.360932,1.287360,0.679466,,,,,,,,GLOBAL_BASELINE_NO_ENTITY_RANKING,,,NOT_APPLICABLE_GLOBAL_BASELINE,HF9g-P5,,,,X 全窗基线 · 不参与实体赏罚,14198576,1420,A168_HF9F_20260827_0900,2026-08-27 09:00:00
2026-05-09,57024343,1704,0,2162.7233011808,-2162.7233011808,-2162.7233011808,0E-7,2,2,0.50665070000000000,0.506650700000,-1.4331513700195317,-1.4331513700195317,-1.4331513700195317,0E-17,ELIGIBLE,R03b_20260811_FULL_v1,L1_ELIGIBILITY,v2026-08-11,2026-03-21..2026-08-06,baccarat_bet02_101_all_pairs_incl_sentinel,round_win = game_pnl > 0 (decisive only),COMPATIBILITY_ONLY_NOT_PRODUCTION,4059548.3812,3680416.6879,6656.9809,9707,9692,-0.00163983,0.01249836,-0.00525961,-0.00163983,-6656.9809,4059548.3812,OK,0.0000,266.2792,4.0000,96.0000,AG03-UNRESOLVED,ALL5_LEVELS_bet23_to_bet27,266.2792,266.2792,266.2792,0.0000,0.0000,4.000000,4.000000,4.000000,0.000000,0.000000,96.000000,96.000000,96.000000,100.000000,100.000000,5.0,798.8377,767.3102,5858.1432,5889.6706,PENDING_AG03,FALSE,NOT_FOR_ENFORCEMENT,6390.7016,3533200.0204,6656.9809,6390.7016,266.2792,0.00163983,0.00157424,266.2792,6390.7016,0.00157424,266.2792,266.2792,266.2792,0.0000,0.0000,6390.7016,0.00157424,798.8377,767.3102,5858.1432,5889.6706,0.00144305,0.00145082,0.00006559,418.2083,379.7376,0.6869,61.6387,1.8384,37588.4109,89.7407,538.3845,395.5999,218.4789,430.6076,432.5446,432.5446,1046.441,1081.3617,427.0584,0.0,2.43015,2.511246,0.971205,30,216,96,2,0.20383968,0.00163983,-0.01249836,0E-8,0.000000,0.906607,0.000000,0.01775797,2026-03-22,2026-08-06,108,3621,2443,138,0.782609,1.360932,1.287360,0.679466,,,,,,,,GLOBAL_BASELINE_NO_ENTITY_RANKING,,,NOT_APPLICABLE_GLOBAL_BASELINE,HF9g-P5,,,,X 全窗基线 · 不参与实体赏罚,14198577,1420,A168_HF9F_20260827_0900,2026-08-27 09:00:00
2026-05-09,57024343,1714,0,1081.3616505904,1027.2935680609,1027.2935680609,1.0000000,1,1,0.50665070000000000,0.506650700000,0.9867858985152569,0.9867858985152569,0.9867858985152569,0E-17,ELIGIBLE,R03b_20260811_FULL_v1,L1_ELIGIBILITY,v2026-08-11,2026-03-21..2026-08-06,baccarat_bet02_101_all_pairs_incl_sentinel,round_win = game_pnl > 0 (decisive only),COMPATIBILITY_ONLY_NOT_PRODUCTION,4059548.3812,3680416.6879,6656.9809,9707,9692,-0.00163983,0.01249836,-0.00525961,-0.00163983,-6656.9809,4059548.3812,OK,0.0000,266.2792,4.0000,96.0000,AG03-UNRESOLVED,ALL5_LEVELS_bet23_to_bet27,266.2792,266.2792,266.2792,0.0000,0.0000,4.000000,4.000000,4.000000,0.000000,0.000000,96.000000,96.000000,96.000000,100.000000,100.000000,5.0,798.8377,767.3102,5858.1432,5889.6706,PENDING_AG03,FALSE,NOT_FOR_ENFORCEMENT,6390.7016,3533200.0204,6656.9809,6390.7016,266.2792,0.00163983,0.00157424,266.2792,6390.7016,0.00157424,266.2792,266.2792,266.2792,0.0000,0.0000,6390.7016,0.00157424,798.8377,767.3102,5858.1432,5889.6706,0.00144305,0.00145082,0.00006559,418.2083,379.7376,0.6869,61.6387,1.8384,37588.4109,89.7407,538.3845,395.5999,218.4789,430.6076,432.5446,432.5446,1046.441,1081.3617,427.0584,0.0,2.43015,2.511246,0.971205,30,216,96,2,0.20383968,0.00163983,-0.01249836,0E-8,0.000000,0.906607,0.000000,0.01775797,2026-03-22,2026-08-06,108,3621,2443,138,0.782609,1.360932,1.287360,0.679466,,,,,,,,GLOBAL_BASELINE_NO_ENTITY_RANKING,,,NOT_APPLICABLE_GLOBAL_BASELINE,HF9g-P5,,,,X 全窗基线 · 不参与实体赏罚,14198578,1420,A168_HF9F_20260827_0900,2026-08-27 09:00:00
2026-05-09,57024343,1951,0,648.8169903543,-648.8169903543,-648.8169903543,0E-7,1,1,0.50665070000000000,0.506650700000,-1.013391052207602,-1.013391052207602,-1.013391052207602,0E-17,ELIGIBLE,R03b_20260811_FULL_v1,L1_ELIGIBILITY,v2026-08-11,2026-03-21..2026-08-06,baccarat_bet02_101_all_pairs_incl_sentinel,round_win = game_pnl > 0 (decisive only),COMPATIBILITY_ONLY_NOT_PRODUCTION,4059548.3812,3680416.6879,6656.9809,9707,9692,-0.00163983,0.01249836,-0.00525961,-0.00163983,-6656.9809,4059548.3812,OK,0.0000,266.2792,4.0000,96.0000,AG03-UNRESOLVED,ALL5_LEVELS_bet23_to_bet27,266.2792,266.2792,266.2792,0.0000,0.0000,4.000000,4.000000,4.000000,0.000000,0.000000,96.000000,96.000000,96.000000,100.000000,100.000000,5.0,798.8377,767.3102,5858.1432,5889.6706,PENDING_AG03,FALSE,NOT_FOR_ENFORCEMENT,6390.7016,3533200.0204,6656.9809,6390.7016,266.2792,0.00163983,0.00157424,266.2792,6390.7016,0.00157424,266.2792,266.2792,266.2792,0.0000,0.0000,6390.7016,0.00157424,798.8377,767.3102,5858.1432,5889.6706,0.00144305,0.00145082,0.00006559,418.2083,379.7376,0.6869,61.6387,1.8384,37588.4109,89.7407,538.3845,395.5999,218.4789,430.6076,432.5446,432.5446,1046.441,1081.3617,427.0584,0.0,2.43015,2.511246,0.971205,30,216,96,2,0.20383968,0.00163983,-0.01249836,0E-8,0.000000,0.906607,0.000000,0.01775797,2026-03-22,2026-08-06,108,3621,2443,138,0.782609,1.360932,1.287360,0.679466,,,,,,,,GLOBAL_BASELINE_NO_ENTITY_RANKING,,,NOT_APPLICABLE_GLOBAL_BASELINE,HF9g-P5,,,,X 全窗基线 · 不参与实体赏罚,14198579,1420,A168_HF9F_20260827_0900,2026-08-27 09:00:00
2026-05-09,57024343,2103,0,1730.1786409448,-886.7165534842,-886.7165534842,0.3333333,3,3,0.50665070000000000,0.506650700000,-0.6004420894325239,-0.6004420894325239,-0.6004420894325239,0E-17,ELIGIBLE,R03b_20260811_FULL_v1,L1_ELIGIBILITY,v2026-08-11,2026-03-21..2026-08-06,baccarat_bet02_101_all_pairs_incl_sentinel,round_win = game_pnl > 0 (decisive only),COMPATIBILITY_ONLY_NOT_PRODUCTION,4059548.3812,3680416.6879,6656.9809,9707,9692,-0.00163983,0.01249836,-0.00525961,-0.00163983,-6656.9809,4059548.3812,OK,0.0000,266.2792,4.0000,96.0000,AG03-UNRESOLVED,ALL5_LEVELS_bet23_to_bet27,266.2792,266.2792,266.2792,0.0000,0.0000,4.000000,4.000000,4.000000,0.000000,0.000000,96.000000,96.000000,96.000000,100.000000,100.000000,5.0,798.8377,767.3102,5858.1432,5889.6706,PENDING_AG03,FALSE,NOT_FOR_ENFORCEMENT,6390.7016,3533200.0204,6656.9809,6390.7016,266.2792,0.00163983,0.00157424,266.2792,6390.7016,0.00157424,266.2792,266.2792,266.2792,0.0000,0.0000,6390.7016,0.00157424,798.8377,767.3102,5858.1432,5889.6706,0.00144305,0.00145082,0.00006559,418.2083,379.7376,0.6869,61.6387,1.8384,37588.4109,89.7407,538.3845,395.5999,218.4789,430.6076,432.5446,432.5446,1046.441,1081.3617,427.0584,0.0,2.43015,2.511246,0.971205,30,216,96,2,0.20383968,0.00163983,-0.01249836,0E-8,0.000000,0.906607,0.000000,0.01775797,2026-03-22,2026-08-06,108,3621,2443,138,0.782609,1.360932,1.287360,0.679466,,,,,,,,GLOBAL_BASELINE_NO_ENTITY_RANKING,,,NOT_APPLICABLE_GLOBAL_BASELINE,HF9g-P5,,,,X 全窗基线 · 不参与实体赏罚,14198580,1420,A168_HF9F_20260827_0900,2026-08-27 09:00:00
2026-05-09,57024343,2123,0,2811.5402915353,140.5770145767,140.5770145767,0.6000000,5,5,0.50665070000000000,0.506650700000,0.4175076967804994,0.4175076967804994,0.4175076967804994,0E-17,ELIGIBLE,R03b_20260811_FULL_v1,L1_ELIGIBILITY,v2026-08-11,2026-03-21..2026-08-06,baccarat_bet02_101_all_pairs_incl_sentinel,round_win = game_pnl > 0 (decisive only),COMPATIBILITY_ONLY_NOT_PRODUCTION,4059548.3812,3680416.6879,6656.9809,9707,9692,-0.00163983,0.01249836,-0.00525961,-0.00163983,-6656.9809,4059548.3812,OK,0.0000,266.2792,4.0000,96.0000,AG03-UNRESOLVED,ALL5_LEVELS_bet23_to_bet27,266.2792,266.2792,266.2792,0.0000,0.0000,4.000000,4.000000,4.000000,0.000000,0.000000,96.000000,96.000000,96.000000,100.000000,100.000000,5.0,798.8377,767.3102,5858.1432,5889.6706,PENDING_AG03,FALSE,NOT_FOR_ENFORCEMENT,6390.7016,3533200.0204,6656.9809,6390.7016,266.2792,0.00163983,0.00157424,266.2792,6390.7016,0.00157424,266.2792,266.2792,266.2792,0.0000,0.0000,6390.7016,0.00157424,798.8377,767.3102,5858.1432,5889.6706,0.00144305,0.00145082,0.00006559,418.2083,379.7376,0.6869,61.6387,1.8384,37588.4109,89.7407,538.3845,395.5999,218.4789,430.6076,432.5446,432.5446,1046.441,1081.3617,427.0584,0.0,2.43015,2.511246,0.971205,30,216,96,2,0.20383968,0.00163983,-0.01249836,0E-8,0.000000,0.906607,0.000000,0.01775797,2026-03-22,2026-08-06,108,3621,2443,138,0.782609,1.360932,1.287360,0.679466,,,,,,,,GLOBAL_BASELINE_NO_ENTITY_RANKING,,,NOT_APPLICABLE_GLOBAL_BASELINE,HF9g-P5,,,,X 全窗基线 · 不参与实体赏罚,14198581,1420,A168_HF9F_20260827_0900,2026-08-27 09:00:00
2026-05-09,57024343,2152,0,2162.7233011810,789.3940049310,789.3940049310,0.7500000,4,4,0.50665070000000000,0.506650700000,0.9734833216690844,0.9734833216690844,0.9734833216690844,0E-17,ELIGIBLE,R03b_20260811_FULL_v1,L1_ELIGIBILITY,v2026-08-11,2026-03-21..2026-08-06,baccarat_bet02_101_all_pairs_incl_sentinel,round_win = game_pnl > 0 (decisive only),COMPATIBILITY_ONLY_NOT_PRODUCTION,4059548.3812,3680416.6879,6656.9809,9707,9692,-0.00163983,0.01249836,-0.00525961,-0.00163983,-6656.9809,4059548.3812,OK,0.0000,266.2792,4.0000,96.0000,AG03-UNRESOLVED,ALL5_LEVELS_bet23_to_bet27,266.2792,266.2792,266.2792,0.0000,0.0000,4.000000,4.000000,4.000000,0.000000,0.000000,96.000000,96.000000,96.000000,100.000000,100.000000,5.0,798.8377,767.3102,5858.1432,5889.6706,PENDING_AG03,FALSE,NOT_FOR_ENFORCEMENT,6390.7016,3533200.0204,6656.9809,6390.7016,266.2792,0.00163983,0.00157424,266.2792,6390.7016,0.00157424,266.2792,266.2792,266.2792,0.0000,0.0000,6390.7016,0.00157424,798.8377,767.3102,5858.1432,5889.6706,0.00144305,0.00145082,0.00006559,418.2083,379.7376,0.6869,61.6387,1.8384,37588.4109,89.7407,538.3845,395.5999,218.4789,430.6076,432.5446,432.5446,1046.441,1081.3617,427.0584,0.0,2.43015,2.511246,0.971205,30,216,96,2,0.20383968,0.00163983,-0.01249836,0E-8,0.000000,0.906607,0.000000,0.01775797,2026-03-22,2026-08-06,108,3621,2443,138,0.782609,1.360932,1.287360,0.679466,,,,,,,,GLOBAL_BASELINE_NO_ENTITY_RANKING,,,NOT_APPLICABLE_GLOBAL_BASELINE,HF9g-P5,,,,X 全窗基线 · 不参与实体赏罚,14198582,1420,A168_HF9F_20260827_0900,2026-08-27 09:00:00
2026-05-09,57024343,2164,0,2595.2679614170,-2595.2679614170,-2595.2679614170,0E-7,3,3,0.50665070000000000,0.506650700000,-1.7552447903592512,-1.7552447903592512,-1.7552447903592512,0E-17,ELIGIBLE,R03b_20260811_FULL_v1,L1_ELIGIBILITY,v2026-08-11,2026-03-21..2026-08-06,baccarat_bet02_101_all_pairs_incl_sentinel,round_win = game_pnl > 0 (decisive only),COMPATIBILITY_ONLY_NOT_PRODUCTION,4059548.3812,3680416.6879,6656.9809,9707,9692,-0.00163983,0.01249836,-0.00525961,-0.00163983,-6656.9809,4059548.3812,OK,0.0000,266.2792,4.0000,96.0000,AG03-UNRESOLVED,ALL5_LEVELS_bet23_to_bet27,266.2792,266.2792,266.2792,0.0000,0.0000,4.000000,4.000000,4.000000,0.000000,0.000000,96.000000,96.000000,96.000000,100.000000,100.000000,5.0,798.8377,767.3102,5858.1432,5889.6706,PENDING_AG03,FALSE,NOT_FOR_ENFORCEMENT,6390.7016,3533200.0204,6656.9809,6390.7016,266.2792,0.00163983,0.00157424,266.2792,6390.7016,0.00157424,266.2792,266.2792,266.2792,0.0000,0.0000,6390.7016,0.00157424,798.8377,767.3102,5858.1432,5889.6706,0.00144305,0.00145082,0.00006559,418.2083,379.7376,0.6869,61.6387,1.8384,37588.4109,89.7407,538.3845,395.5999,218.4789,430.6076,432.5446,432.5446,1046.441,1081.3617,427.0584,0.0,2.43015,2.511246,0.971205,30,216,96,2,0.20383968,0.00163983,-0.01249836,0E-8,0.000000,0.906607,0.000000,0.01775797,2026-03-22,2026-08-06,108,3621,2443,138,0.782609,1.360932,1.287360,0.679466,,,,,,,,GLOBAL_BASELINE_NO_ENTITY_RANKING,,,NOT_APPLICABLE_GLOBAL_BASELINE,HF9g-P5,,,,X 全窗基线 · 不参与实体赏罚,14198583,1420,A168_HF9F_20260827_0900,2026-08-27 09:00:00
2026-05-09,57024343,2201,0,1081.3616505904,1027.2935680609,1027.2935680609,1.0000000,1,1,0.50665070000000000,0.506650700000,0.9867858985152569,0.9867858985152569,0.9867858985152569,0E-17,ELIGIBLE,R03b_20260811_FULL_v1,L1_ELIGIBILITY,v2026-08-11,2026-03-21..2026-08-06,baccarat_bet02_101_all_pairs_incl_sentinel,round_win = game_pnl > 0 (decisive only),COMPATIBILITY_ONLY_NOT_PRODUCTION,4059548.3812,3680416.6879,6656.9809,9707,9692,-0.00163983,0.01249836,-0.00525961,-0.00163983,-6656.9809,4059548.3812,OK,0.0000,266.2792,4.0000,96.0000,AG03-UNRESOLVED,ALL5_LEVELS_bet23_to_bet27,266.2792,266.2792,266.2792,0.0000,0.0000,4.000000,4.000000,4.000000,0.000000,0.000000,96.000000,96.000000,96.000000,100.000000,100.000000,5.0,798.8377,767.3102,5858.1432,5889.6706,PENDING_AG03,FALSE,NOT_FOR_ENFORCEMENT,6390.7016,3533200.0204,6656.9809,6390.7016,266.2792,0.00163983,0.00157424,266.2792,6390.7016,0.00157424,266.2792,266.2792,266.2792,0.0000,0.0000,6390.7016,0.00157424,798.8377,767.3102,5858.1432,5889.6706,0.00144305,0.00145082,0.00006559,418.2083,379.7376,0.6869,61.6387,1.8384,37588.4109,89.7407,538.3845,395.5999,218.4789,430.6076,432.5446,432.5446,1046.441,1081.3617,427.0584,0.0,2.43015,2.511246,0.971205,30,216,96,2,0.20383968,0.00163983,-0.01249836,0E-8,0.000000,0.906607,0.000000,0.01775797,2026-03-22,2026-08-06,108,3621,2443,138,0.782609,1.360932,1.287360,0.679466,,,,,,,,GLOBAL_BASELINE_NO_ENTITY_RANKING,,,NOT_APPLICABLE_GLOBAL_BASELINE,HF9g-P5,,,,X 全窗基线 · 不参与实体赏罚,14198584,1420,A168_HF9F_20260827_0900,2026-08-27 09:00:00
2026-05-09,57024343,2209,0,1730.1786409448,378.4765777066,378.4765777066,0.6666667,3,3,0.50665070000000000,0.506650700000,0.5543606114942035,0.5543606114942035,0.5543606114942035,0E-17,ELIGIBLE,R03b_20260811_FULL_v1,L1_ELIGIBILITY,v2026-08-11,2026-03-21..2026-08-06,baccarat_bet02_101_all_pairs_incl_sentinel,round_win = game_pnl > 0 (decisive only),COMPATIBILITY_ONLY_NOT_PRODUCTION,4059548.3812,3680416.6879,6656.9809,9707,9692,-0.00163983,0.01249836,-0.00525961,-0.00163983,-6656.9809,4059548.3812,OK,0.0000,266.2792,4.0000,96.0000,AG03-UNRESOLVED,ALL5_LEVELS_bet23_to_bet27,266.2792,266.2792,266.2792,0.0000,0.0000,4.000000,4.000000,4.000000,0.000000,0.000000,96.000000,96.000000,96.000000,100.000000,100.000000,5.0,798.8377,767.3102,5858.1432,5889.6706,PENDING_AG03,FALSE,NOT_FOR_ENFORCEMENT,6390.7016,3533200.0204,6656.9809,6390.7016,266.2792,0.00163983,0.00157424,266.2792,6390.7016,0.00157424,266.2792,266.2792,266.2792,0.0000,0.0000,6390.7016,0.00157424,798.8377,767.3102,5858.1432,5889.6706,0.00144305,0.00145082,0.00006559,418.2083,379.7376,0.6869,61.6387,1.8384,37588.4109,89.7407,538.3845,395.5999,218.4789,430.6076,432.5446,432.5446,1046.441,1081.3617,427.0584,0.0,2.43015,2.511246,0.971205,30,216,96,2,0.20383968,0.00163983,-0.01249836,0E-8,0.000000,0.906607,0.000000,0.01775797,2026-03-22,2026-08-06,108,3621,2443,138,0.782609,1.360932,1.287360,0.679466,,,,,,,,GLOBAL_BASELINE_NO_ENTITY_RANKING,,,NOT_APPLICABLE_GLOBAL_BASELINE,HF9g-P5,,,,X 全窗基线 · 不参与实体赏罚,14198585,1420,A168_HF9F_20260827_0900,2026-08-27 09:00:00
2026-05-09,57024343,2234,0,1081.3616505904,-1081.3616505904,-1081.3616505904,0E-7,1,1,0.50665070000000000,0.506650700000,-1.013391052207602,-1.013391052207602,-1.013391052207602,0E-17,ELIGIBLE,R03b_20260811_FULL_v1,L1_ELIGIBILITY,v2026-08-11,2026-03-21..2026-08-06,baccarat_bet02_101_all_pairs_incl_sentinel,round_win = game_pnl > 0 (decisive only),COMPATIBILITY_ONLY_NOT_PRODUCTION,4059548.3812,3680416.6879,6656.9809,9707,9692,-0.00163983,0.01249836,-0.00525961,-0.00163983,-6656.9809,4059548.3812,OK,0.0000,266.2792,4.0000,96.0000,AG03-UNRESOLVED,ALL5_LEVELS_bet23_to_bet27,266.2792,266.2792,266.2792,0.0000,0.0000,4.000000,4.000000,4.000000,0.000000,0.000000,96.000000,96.000000,96.000000,100.000000,100.000000,5.0,798.8377,767.3102,5858.1432,5889.6706,PENDING_AG03,FALSE,NOT_FOR_ENFORCEMENT,6390.7016,3533200.0204,6656.9809,6390.7016,266.2792,0.00163983,0.00157424,266.2792,6390.7016,0.00157424,266.2792,266.2792,266.2792,0.0000,0.0000,6390.7016,0.00157424,798.8377,767.3102,5858.1432,5889.6706,0.00144305,0.00145082,0.00006559,418.2083,379.7376,0.6869,61.6387,1.8384,37588.4109,89.7407,538.3845,395.5999,218.4789,430.6076,432.5446,432.5446,1046.441,1081.3617,427.0584,0.0,2.43015,2.511246,0.971205,30,216,96,2,0.20383968,0.00163983,-0.01249836,0E-8,0.000000,0.906607,0.000000,0.01775797,2026-03-22,2026-08-06,108,3621,2443,138,0.782609,1.360932,1.287360,0.679466,,,,,,,,GLOBAL_BASELINE_NO_ENTITY_RANKING,,,NOT_APPLICABLE_GLOBAL_BASELINE,HF9g-P5,,,,X 全窗基线 · 不参与实体赏罚,14198586,1420,A168_HF9F_20260827_0900,2026-08-27 09:00:00
2026-05-09,57024343,2242,0,1946.4509710628,1027.2935680609,1027.2935680609,0.6666667,3,3,0.49771390000000000,0.497713900000,0.5852756695216578,0.5852756695216578,0.5852756695216578,0E-17,ELIGIBLE,R03b_20260811_FULL_v1,L1_ELIGIBILITY,v2026-08-11,2026-03-21..2026-08-06,baccarat_bet02_101_all_pairs_incl_sentinel,round_win = game_pnl > 0 (decisive only),COMPATIBILITY_ONLY_NOT_PRODUCTION,4059548.3812,3680416.6879,6656.9809,9707,9692,-0.00163983,0.01249836,-0.00525961,-0.00163983,-6656.9809,4059548.3812,OK,0.0000,266.2792,4.0000,96.0000,AG03-UNRESOLVED,ALL5_LEVELS_bet23_to_bet27,266.2792,266.2792,266.2792,0.0000,0.0000,4.000000,4.000000,4.000000,0.000000,0.000000,96.000000,96.000000,96.000000,100.000000,100.000000,5.0,798.8377,767.3102,5858.1432,5889.6706,PENDING_AG03,FALSE,NOT_FOR_ENFORCEMENT,6390.7016,3533200.0204,6656.9809,6390.7016,266.2792,0.00163983,0.00157424,266.2792,6390.7016,0.00157424,266.2792,266.2792,266.2792,0.0000,0.0000,6390.7016,0.00157424,798.8377,767.3102,5858.1432,5889.6706,0.00144305,0.00145082,0.00006559,418.2083,379.7376,0.6869,61.6387,1.8384,37588.4109,89.7407,538.3845,395.5999,218.4789,430.6076,432.5446,432.5446,1046.441,1081.3617,427.0584,0.0,2.43015,2.511246,0.971205,30,216,96,2,0.20383968,0.00163983,-0.01249836,0E-8,0.000000,0.906607,0.000000,0.01775797,2026-03-22,2026-08-06,108,3621,2443,138,0.782609,1.360932,1.287360,0.679466,,,,,,,,GLOBAL_BASELINE_NO_ENTITY_RANKING,,,NOT_APPLICABLE_GLOBAL_BASELINE,HF9g-P5,,,,X 全窗基线 · 不参与实体赏罚,14198587,1420,A168_HF9F_20260827_0900,2026-08-27 09:00:00
2026-05-09,57024343,2244,0,865.0893204724,-865.0893204724,-865.0893204724,0E-7,2,2,0.50665070000000000,0.506650700000,-1.4331513700195317,-1.4331513700195317,-1.4331513700195317,0E-17,ELIGIBLE,R03b_20260811_FULL_v1,L1_ELIGIBILITY,v2026-08-11,2026-03-21..2026-08-06,baccarat_bet02_101_all_pairs_incl_sentinel,round_win = game_pnl > 0 (decisive only),COMPATIBILITY_ONLY_NOT_PRODUCTION,4059548.3812,3680416.6879,6656.9809,9707,9692,-0.00163983,0.01249836,-0.00525961,-0.00163983,-6656.9809,4059548.3812,OK,0.0000,266.2792,4.0000,96.0000,AG03-UNRESOLVED,ALL5_LEVELS_bet23_to_bet27,266.2792,266.2792,266.2792,0.0000,0.0000,4.000000,4.000000,4.000000,0.000000,0.000000,96.000000,96.000000,96.000000,100.000000,100.000000,5.0,798.8377,767.3102,5858.1432,5889.6706,PENDING_AG03,FALSE,NOT_FOR_ENFORCEMENT,6390.7016,3533200.0204,6656.9809,6390.7016,266.2792,0.00163983,0.00157424,266.2792,6390.7016,0.00157424,266.2792,266.2792,266.2792,0.0000,0.0000,6390.7016,0.00157424,798.8377,767.3102,5858.1432,5889.6706,0.00144305,0.00145082,0.00006559,418.2083,379.7376,0.6869,61.6387,1.8384,37588.4109,89.7407,538.3845,395.5999,218.4789,430.6076,432.5446,432.5446,1046.441,1081.3617,427.0584,0.0,2.43015,2.511246,0.971205,30,216,96,2,0.20383968,0.00163983,-0.01249836,0E-8,0.000000,0.906607,0.000000,0.01775797,2026-03-22,2026-08-06,108,3621,2443,138,0.782609,1.360932,1.287360,0.679466,,,,,,,,GLOBAL_BASELINE_NO_ENTITY_RANKING,,,NOT_APPLICABLE_GLOBAL_BASELINE,HF9g-P5,,,,X 全窗基线 · 不参与实体赏罚,14198588,1420,A168_HF9F_20260827_0900,2026-08-27 09:00:00
2026-05-09,57024343,2256,0,648.8169903543,616.3761408365,616.3761408365,1.0000000,1,1,0.50665070000000000,0.506650700000,0.9867858985152569,0.9867858985152569,0.9867858985152569,0E-17,ELIGIBLE,R03b_20260811_FULL_v1,L1_ELIGIBILITY,v2026-08-11,2026-03-21..2026-08-06,baccarat_bet02_101_all_pairs_incl_sentinel,round_win = game_pnl > 0 (decisive only),COMPATIBILITY_ONLY_NOT_PRODUCTION,4059548.3812,3680416.6879,6656.9809,9707,9692,-0.00163983,0.01249836,-0.00525961,-0.00163983,-6656.9809,4059548.3812,OK,0.0000,266.2792,4.0000,96.0000,AG03-UNRESOLVED,ALL5_LEVELS_bet23_to_bet27,266.2792,266.2792,266.2792,0.0000,0.0000,4.000000,4.000000,4.000000,0.000000,0.000000,96.000000,96.000000,96.000000,100.000000,100.000000,5.0,798.8377,767.3102,5858.1432,5889.6706,PENDING_AG03,FALSE,NOT_FOR_ENFORCEMENT,6390.7016,3533200.0204,6656.9809,6390.7016,266.2792,0.00163983,0.00157424,266.2792,6390.7016,0.00157424,266.2792,266.2792,266.2792,0.0000,0.0000,6390.7016,0.00157424,798.8377,767.3102,5858.1432,5889.6706,0.00144305,0.00145082,0.00006559,418.2083,379.7376,0.6869,61.6387,1.8384,37588.4109,89.7407,538.3845,395.5999,218.4789,430.6076,432.5446,432.5446,1046.441,1081.3617,427.0584,0.0,2.43015,2.511246,0.971205,30,216,96,2,0.20383968,0.00163983,-0.01249836,0E-8,0.000000,0.906607,0.000000,0.01775797,2026-03-22,2026-08-06,108,3621,2443,138,0.782609,1.360932,1.287360,0.679466,,,,,,,,GLOBAL_BASELINE_NO_ENTITY_RANKING,,,NOT_APPLICABLE_GLOBAL_BASELINE,HF9g-P5,,,,X 全窗基线 · 不参与实体赏罚,14198589,1420,A168_HF9F_20260827_0900,2026-08-27 09:00:00
2026-05-09,57024343,2271,0,648.8169903543,-648.8169903543,-648.8169903543,0E-7,1,1,0.50665070000000000,0.506650700000,-1.013391052207602,-1.013391052207602,-1.013391052207602,0E-17,ELIGIBLE,R03b_20260811_FULL_v1,L1_ELIGIBILITY,v2026-08-11,2026-03-21..2026-08-06,baccarat_bet02_101_all_pairs_incl_sentinel,round_win = game_pnl > 0 (decisive only),COMPATIBILITY_ONLY_NOT_PRODUCTION,4059548.3812,3680416.6879,6656.9809,9707,9692,-0.00163983,0.01249836,-0.00525961,-0.00163983,-6656.9809,4059548.3812,OK,0.0000,266.2792,4.0000,96.0000,AG03-UNRESOLVED,ALL5_LEVELS_bet23_to_bet27,266.2792,266.2792,266.2792,0.0000,0.0000,4.000000,4.000000,4.000000,0.000000,0.000000,96.000000,96.000000,96.000000,100.000000,100.000000,5.0,798.8377,767.3102,5858.1432,5889.6706,PENDING_AG03,FALSE,NOT_FOR_ENFORCEMENT,6390.7016,3533200.0204,6656.9809,6390.7016,266.2792,0.00163983,0.00157424,266.2792,6390.7016,0.00157424,266.2792,266.2792,266.2792,0.0000,0.0000,6390.7016,0.00157424,798.8377,767.3102,5858.1432,5889.6706,0.00144305,0.00145082,0.00006559,418.2083,379.7376,0.6869,61.6387,1.8384,37588.4109,89.7407,538.3845,395.5999,218.4789,430.6076,432.5446,432.5446,1046.441,1081.3617,427.0584,0.0,2.43015,2.511246,0.971205,30,216,96,2,0.20383968,0.00163983,-0.01249836,0E-8,0.000000,0.906607,0.000000,0.01775797,2026-03-22,2026-08-06,108,3621,2443,138,0.782609,1.360932,1.287360,0.679466,,,,,,,,GLOBAL_BASELINE_NO_ENTITY_RANKING,,,NOT_APPLICABLE_GLOBAL_BASELINE,HF9g-P5,,,,X 全窗基线 · 不参与实体赏罚,14198590,1420,A168_HF9F_20260827_0900,2026-08-27 09:00:00
2026-05-09,57024343,550,0,1081.3616505904,-1081.3616505904,-1081.3616505904,0E-7,1,1,0.50665070000000000,0.506650700000,-1.013391052207602,-1.013391052207602,-1.013391052207602,0E-17,ELIGIBLE,R03b_20260811_FULL_v1,L1_ELIGIBILITY,v2026-08-11,2026-03-21..2026-08-06,baccarat_bet02_101_all_pairs_incl_sentinel,round_win = game_pnl > 0 (decisive only),COMPATIBILITY_ONLY_NOT_PRODUCTION,4059548.3812,3680416.6879,6656.9809,9707,9692,-0.00163983,0.01249836,-0.00525961,-0.00163983,-6656.9809,4059548.3812,OK,0.0000,266.2792,4.0000,96.0000,AG03-UNRESOLVED,ALL5_LEVELS_bet23_to_bet27,266.2792,266.2792,266.2792,0.0000,0.0000,4.000000,4.000000,4.000000,0.000000,0.000000,96.000000,96.000000,96.000000,100.000000,100.000000,5.0,798.8377,767.3102,5858.1432,5889.6706,PENDING_AG03,FALSE,NOT_FOR_ENFORCEMENT,6390.7016,3533200.0204,6656.9809,6390.7016,266.2792,0.00163983,0.00157424,266.2792,6390.7016,0.00157424,266.2792,266.2792,266.2792,0.0000,0.0000,6390.7016,0.00157424,798.8377,767.3102,5858.1432,5889.6706,0.00144305,0.00145082,0.00006559,418.2083,379.7376,0.6869,61.6387,1.8384,37588.4109,89.7407,538.3845,395.5999,218.4789,430.6076,432.5446,432.5446,1046.441,1081.3617,427.0584,0.0,2.43015,2.511246,0.971205,30,216,96,2,0.20383968,0.00163983,-0.01249836,0E-8,0.000000,0.906607,0.000000,0.01775797,2026-03-22,2026-08-06,108,3621,2443,138,0.782609,1.360932,1.287360,0.679466,,,,,,,,GLOBAL_BASELINE_NO_ENTITY_RANKING,,,NOT_APPLICABLE_GLOBAL_BASELINE,HF9g-P5,,,,X 全窗基线 · 不参与实体赏罚,14198591,1420,A168_HF9F_20260827_0900,2026-08-27 09:00:00
2026-05-09,57024343,583,0,1946.4509710628,410.9174272244,410.9174272244,1.0000000,3,3,0.50665070000000000,0.506650700000,0.9867858985152569,0.9867858985152569,0.9867858985152569,0E-17,ELIGIBLE,R03b_20260811_FULL_v1,L1_ELIGIBILITY,v2026-08-11,2026-03-21..2026-08-06,baccarat_bet02_101_all_pairs_incl_sentinel,round_win = game_pnl > 0 (decisive only),COMPATIBILITY_ONLY_NOT_PRODUCTION,4059548.3812,3680416.6879,6656.9809,9707,9692,-0.00163983,0.01249836,-0.00525961,-0.00163983,-6656.9809,4059548.3812,OK,0.0000,266.2792,4.0000,96.0000,AG03-UNRESOLVED,ALL5_LEVELS_bet23_to_bet27,266.2792,266.2792,266.2792,0.0000,0.0000,4.000000,4.000000,4.000000,0.000000,0.000000,96.000000,96.000000,96.000000,100.000000,100.000000,5.0,798.8377,767.3102,5858.1432,5889.6706,PENDING_AG03,FALSE,NOT_FOR_ENFORCEMENT,6390.7016,3533200.0204,6656.9809,6390.7016,266.2792,0.00163983,0.00157424,266.2792,6390.7016,0.00157424,266.2792,266.2792,266.2792,0.0000,0.0000,6390.7016,0.00157424,798.8377,767.3102,5858.1432,5889.6706,0.00144305,0.00145082,0.00006559,418.2083,379.7376,0.6869,61.6387,1.8384,37588.4109,89.7407,538.3845,395.5999,218.4789,430.6076,432.5446,432.5446,1046.441,1081.3617,427.0584,0.0,2.43015,2.511246,0.971205,30,216,96,2,0.20383968,0.00163983,-0.01249836,0E-8,0.000000,0.906607,0.000000,0.01775797,2026-03-22,2026-08-06,108,3621,2443,138,0.782609,1.360932,1.287360,0.679466,,,,,,,,GLOBAL_BASELINE_NO_ENTITY_RANKING,,,NOT_APPLICABLE_GLOBAL_BASELINE,HF9g-P5,,,,X 全窗基线 · 不参与实体赏罚,14198592,1420,A168_HF9F_20260827_0900,2026-08-27 09:00:00
2026-05-09,57024343,595,0,3892.9019421256,-519.0535922835,-519.0535922835,0.4000000,5,5,0.50665070000000000,0.506650700000,-0.4769986289884125,-0.4769986289884125,-0.4769986289884125,0E-17,ELIGIBLE,R03b_20260811_FULL_v1,L1_ELIGIBILITY,v2026-08-11,2026-03-21..2026-08-06,baccarat_bet02_101_all_pairs_incl_sentinel,round_win = game_pnl > 0 (decisive only),COMPATIBILITY_ONLY_NOT_PRODUCTION,4059548.3812,3680416.6879,6656.9809,9707,9692,-0.00163983,0.01249836,-0.00525961,-0.00163983,-6656.9809,4059548.3812,OK,0.0000,266.2792,4.0000,96.0000,AG03-UNRESOLVED,ALL5_LEVELS_bet23_to_bet27,266.2792,266.2792,266.2792,0.0000,0.0000,4.000000,4.000000,4.000000,0.000000,0.000000,96.000000,96.000000,96.000000,100.000000,100.000000,5.0,798.8377,767.3102,5858.1432,5889.6706,PENDING_AG03,FALSE,NOT_FOR_ENFORCEMENT,6390.7016,3533200.0204,6656.9809,6390.7016,266.2792,0.00163983,0.00157424,266.2792,6390.7016,0.00157424,266.2792,266.2792,266.2792,0.0000,0.0000,6390.7016,0.00157424,798.8377,767.3102,5858.1432,5889.6706,0.00144305,0.00145082,0.00006559,418.2083,379.7376,0.6869,61.6387,1.8384,37588.4109,89.7407,538.3845,395.5999,218.4789,430.6076,432.5446,432.5446,1046.441,1081.3617,427.0584,0.0,2.43015,2.511246,0.971205,30,216,96,2,0.20383968,0.00163983,-0.01249836,0E-8,0.000000,0.906607,0.000000,0.01775797,2026-03-22,2026-08-06,108,3621,2443,138,0.782609,1.360932,1.287360,0.679466,,,,,,,,GLOBAL_BASELINE_NO_ENTITY_RANKING,,,NOT_APPLICABLE_GLOBAL_BASELINE,HF9g-P5,,,,X 全窗基线 · 不参与实体赏罚,14198593,1420,A168_HF9F_20260827_0900,2026-08-27 09:00:00
2026-05-11,57024343,-1,1,14922.7907781486,1351.7020632382,1351.7020632382,0.5555556,31,31,0.50621827419354839,0.506218274194,0.5127677240027613,0.5127677239980735,0.5127677240027613,-4.5161E-13,SENTINEL_DEALER,R03b_20260811_FULL_v1,L1_ELIGIBILITY,v2026-08-11,2026-03-21..2026-08-06,baccarat_bet02_101_all_pairs_incl_sentinel,round_win = game_pnl > 0 (decisive only),COMPATIBILITY_ONLY_NOT_PRODUCTION,4059548.3812,3680416.6879,6656.9809,9707,9692,-0.00163983,0.01249836,-0.00525961,-0.00163983,-6656.9809,4059548.3812,OK,0.0000,266.2792,4.0000,96.0000,AG03-UNRESOLVED,ALL5_LEVELS_bet23_to_bet27,266.2792,266.2792,266.2792,0.0000,0.0000,4.000000,4.000000,4.000000,0.000000,0.000000,96.000000,96.000000,96.000000,100.000000,100.000000,5.0,798.8377,767.3102,5858.1432,5889.6706,PENDING_AG03,FALSE,NOT_FOR_ENFORCEMENT,6390.7016,3533200.0204,6656.9809,6390.7016,266.2792,0.00163983,0.00157424,266.2792,6390.7016,0.00157424,266.2792,266.2792,266.2792,0.0000,0.0000,6390.7016,0.00157424,798.8377,767.3102,5858.1432,5889.6706,0.00144305,0.00145082,0.00006559,418.2083,379.7376,0.6869,61.6387,1.8384,37588.4109,89.7407,538.3845,395.5999,218.4789,430.6076,432.5446,432.5446,1046.441,1081.3617,427.0584,0.0,2.43015,2.511246,0.971205,30,216,96,2,0.20383968,0.00163983,-0.01249836,0E-8,0.000000,0.906607,0.000000,0.01775797,2026-03-22,2026-08-06,108,3621,2443,138,0.782609,1.360932,1.287360,0.679466,,,,,,,,GLOBAL_BASELINE_NO_ENTITY_RANKING,,,NOT_APPLICABLE_GLOBAL_BASELINE,HF9g-P5,,,,X 全窗基线 · 不参与实体赏罚,14198594,1420,A168_HF9F_20260827_0900,2026-08-27 09:00:00
2026-05-11,57024343,1114,0,2162.7233011809,-1319.2612137203,-1319.2612137203,0.2500000,4,4,0.50665070000000000,0.506650700000,-1.0266936290537745,-1.0266936290537745,-1.0266936290537745,0E-17,ELIGIBLE,R03b_20260811_FULL_v1,L1_ELIGIBILITY,v2026-08-11,2026-03-21..2026-08-06,baccarat_bet02_101_all_pairs_incl_sentinel,round_win = game_pnl > 0 (decisive only),COMPATIBILITY_ONLY_NOT_PRODUCTION,4059548.3812,3680416.6879,6656.9809,9707,9692,-0.00163983,0.01249836,-0.00525961,-0.00163983,-6656.9809,4059548.3812,OK,0.0000,266.2792,4.0000,96.0000,AG03-UNRESOLVED,ALL5_LEVELS_bet23_to_bet27,266.2792,266.2792,266.2792,0.0000,0.0000,4.000000,4.000000,4.000000,0.000000,0.000000,96.000000,96.000000,96.000000,100.000000,100.000000,5.0,798.8377,767.3102,5858.1432,5889.6706,PENDING_AG03,FALSE,NOT_FOR_ENFORCEMENT,6390.7016,3533200.0204,6656.9809,6390.7016,266.2792,0.00163983,0.00157424,266.2792,6390.7016,0.00157424,266.2792,266.2792,266.2792,0.0000,0.0000,6390.7016,0.00157424,798.8377,767.3102,5858.1432,5889.6706,0.00144305,0.00145082,0.00006559,418.2083,379.7376,0.6869,61.6387,1.8384,37588.4109,89.7407,538.3845,395.5999,218.4789,430.6076,432.5446,432.5446,1046.441,1081.3617,427.0584,0.0,2.43015,2.511246,0.971205,30,216,96,2,0.20383968,0.00163983,-0.01249836,0E-8,0.000000,0.906607,0.000000,0.01775797,2026-03-22,2026-08-06,108,3621,2443,138,0.782609,1.360932,1.287360,0.679466,,,,,,,,GLOBAL_BASELINE_NO_ENTITY_RANKING,,,NOT_APPLICABLE_GLOBAL_BASELINE,HF9g-P5,,,,X 全窗基线 · 不参与实体赏罚,14198595,1420,A168_HF9F_20260827_0900,2026-08-27 09:00:00
2026-05-11,57024343,1401,0,1730.1786409448,-1730.1786409448,-1730.1786409448,0E-7,4,4,0.50329940000000000,0.503299400000,-2.013241432932159,-2.013241432932159,-2.013241432932159,0E-17,ELIGIBLE,R03b_20260811_FULL_v1,L1_ELIGIBILITY,v2026-08-11,2026-03-21..2026-08-06,baccarat_bet02_101_all_pairs_incl_sentinel,round_win = game_pnl > 0 (decisive only),COMPATIBILITY_ONLY_NOT_PRODUCTION,4059548.3812,3680416.6879,6656.9809,9707,9692,-0.00163983,0.01249836,-0.00525961,-0.00163983,-6656.9809,4059548.3812,OK,0.0000,266.2792,4.0000,96.0000,AG03-UNRESOLVED,ALL5_LEVELS_bet23_to_bet27,266.2792,266.2792,266.2792,0.0000,0.0000,4.000000,4.000000,4.000000,0.000000,0.000000,96.000000,96.000000,96.000000,100.000000,100.000000,5.0,798.8377,767.3102,5858.1432,5889.6706,PENDING_AG03,FALSE,NOT_FOR_ENFORCEMENT,6390.7016,3533200.0204,6656.9809,6390.7016,266.2792,0.00163983,0.00157424,266.2792,6390.7016,0.00157424,266.2792,266.2792,266.2792,0.0000,0.0000,6390.7016,0.00157424,798.8377,767.3102,5858.1432,5889.6706,0.00144305,0.00145082,0.00006559,418.2083,379.7376,0.6869,61.6387,1.8384,37588.4109,89.7407,538.3845,395.5999,218.4789,430.6076,432.5446,432.5446,1046.441,1081.3617,427.0584,0.0,2.43015,2.511246,0.971205,30,216,96,2,0.20383968,0.00163983,-0.01249836,0E-8,0.000000,0.906607,0.000000,0.01775797,2026-03-22,2026-08-06,108,3621,2443,138,0.782609,1.360932,1.287360,0.679466,,,,,,,,GLOBAL_BASELINE_NO_ENTITY_RANKING,,,NOT_APPLICABLE_GLOBAL_BASELINE,HF9g-P5,,,,X 全窗基线 · 不参与实体赏罚,14198596,1420,A168_HF9F_20260827_0900,2026-08-27 09:00:00
2026-05-11,57024343,1490,0,1730.1786409448,-21.6272330118,-21.6272330118,0.5000000,4,4,0.50329940000000000,0.503299400000,-0.01319788734859681,-0.01319788734859681,-0.01319788734859681,0E-17,ELIGIBLE,R03b_20260811_FULL_v1,L1_ELIGIBILITY,v2026-08-11,2026-03-21..2026-08-06,baccarat_bet02_101_all_pairs_incl_sentinel,round_win = game_pnl > 0 (decisive only),COMPATIBILITY_ONLY_NOT_PRODUCTION,4059548.3812,3680416.6879,6656.9809,9707,9692,-0.00163983,0.01249836,-0.00525961,-0.00163983,-6656.9809,4059548.3812,OK,0.0000,266.2792,4.0000,96.0000,AG03-UNRESOLVED,ALL5_LEVELS_bet23_to_bet27,266.2792,266.2792,266.2792,0.0000,0.0000,4.000000,4.000000,4.000000,0.000000,0.000000,96.000000,96.000000,96.000000,100.000000,100.000000,5.0,798.8377,767.3102,5858.1432,5889.6706,PENDING_AG03,FALSE,NOT_FOR_ENFORCEMENT,6390.7016,3533200.0204,6656.9809,6390.7016,266.2792,0.00163983,0.00157424,266.2792,6390.7016,0.00157424,266.2792,266.2792,266.2792,0.0000,0.0000,6390.7016,0.00157424,798.8377,767.3102,5858.1432,5889.6706,0.00144305,0.00145082,0.00006559,418.2083,379.7376,0.6869,61.6387,1.8384,37588.4109,89.7407,538.3845,395.5999,218.4789,430.6076,432.5446,432.5446,1046.441,1081.3617,427.0584,0.0,2.43015,2.511246,0.971205,30,216,96,2,0.20383968,0.00163983,-0.01249836,0E-8,0.000000,0.906607,0.000000,0.01775797,2026-03-22,2026-08-06,108,3621,2443,138,0.782609,1.360932,1.287360,0.679466,,,,,,,,GLOBAL_BASELINE_NO_ENTITY_RANKING,,,NOT_APPLICABLE_GLOBAL_BASELINE,HF9g-P5,,,,X 全窗基线 · 不参与实体赏罚,14198597,1420,A168_HF9F_20260827_0900,2026-08-27 09:00:00
2026-05-11,57024343,1935,0,432.5446602362,-432.5446602362,-432.5446602362,0E-7,1,1,0.50665070000000000,0.506650700000,-1.013391052207602,-1.013391052207602,-1.013391052207602,0E-17,ELIGIBLE,R03b_20260811_FULL_v1,L1_ELIGIBILITY,v2026-08-11,2026-03-21..2026-08-06,baccarat_bet02_101_all_pairs_incl_sentinel,round_win = game_pnl > 0 (decisive only),COMPATIBILITY_ONLY_NOT_PRODUCTION,4059548.3812,3680416.6879,6656.9809,9707,9692,-0.00163983,0.01249836,-0.00525961,-0.00163983,-6656.9809,4059548.3812,OK,0.0000,266.2792,4.0000,96.0000,AG03-UNRESOLVED,ALL5_LEVELS_bet23_to_bet27,266.2792,266.2792,266.2792,0.0000,0.0000,4.000000,4.000000,4.000000,0.000000,0.000000,96.000000,96.000000,96.000000,100.000000,100.000000,5.0,798.8377,767.3102,5858.1432,5889.6706,PENDING_AG03,FALSE,NOT_FOR_ENFORCEMENT,6390.7016,3533200.0204,6656.9809,6390.7016,266.2792,0.00163983,0.00157424,266.2792,6390.7016,0.00157424,266.2792,266.2792,266.2792,0.0000,0.0000,6390.7016,0.00157424,798.8377,767.3102,5858.1432,5889.6706,0.00144305,0.00145082,0.00006559,418.2083,379.7376,0.6869,61.6387,1.8384,37588.4109,89.7407,538.3845,395.5999,218.4789,430.6076,432.5446,432.5446,1046.441,1081.3617,427.0584,0.0,2.43015,2.511246,0.971205,30,216,96,2,0.20383968,0.00163983,-0.01249836,0E-8,0.000000,0.906607,0.000000,0.01775797,2026-03-22,2026-08-06,108,3621,2443,138,0.782609,1.360932,1.287360,0.679466,,,,,,,,GLOBAL_BASELINE_NO_ENTITY_RANKING,,,NOT_APPLICABLE_GLOBAL_BASELINE,HF9g-P5,,,,X 全窗基线 · 不参与实体赏罚,14198598,1420,A168_HF9F_20260827_0900,2026-08-27 09:00:00
2026-05-11,57024343,1940,0,1730.1786409448,1643.6697088976,1643.6697088976,1.0000000,4,4,0.50665070000000000,0.506650700000,1.9735717970305138,1.9735717970305138,1.9735717970305138,0E-17,ELIGIBLE,R03b_20260811_FULL_v1,L1_ELIGIBILITY,v2026-08-11,2026-03-21..2026-08-06,baccarat_bet02_101_all_pairs_incl_sentinel,round_win = game_pnl > 0 (decisive only),COMPATIBILITY_ONLY_NOT_PRODUCTION,4059548.3812,3680416.6879,6656.9809,9707,9692,-0.00163983,0.01249836,-0.00525961,-0.00163983,-6656.9809,4059548.3812,OK,0.0000,266.2792,4.0000,96.0000,AG03-UNRESOLVED,ALL5_LEVELS_bet23_to_bet27,266.2792,266.2792,266.2792,0.0000,0.0000,4.000000,4.000000,4.000000,0.000000,0.000000,96.000000,96.000000,96.000000,100.000000,100.000000,5.0,798.8377,767.3102,5858.1432,5889.6706,PENDING_AG03,FALSE,NOT_FOR_ENFORCEMENT,6390.7016,3533200.0204,6656.9809,6390.7016,266.2792,0.00163983,0.00157424,266.2792,6390.7016,0.00157424,266.2792,266.2792,266.2792,0.0000,0.0000,6390.7016,0.00157424,798.8377,767.3102,5858.1432,5889.6706,0.00144305,0.00145082,0.00006559,418.2083,379.7376,0.6869,61.6387,1.8384,37588.4109,89.7407,538.3845,395.5999,218.4789,430.6076,432.5446,432.5446,1046.441,1081.3617,427.0584,0.0,2.43015,2.511246,0.971205,30,216,96,2,0.20383968,0.00163983,-0.01249836,0E-8,0.000000,0.906607,0.000000,0.01775797,2026-03-22,2026-08-06,108,3621,2443,138,0.782609,1.360932,1.287360,0.679466,,,,,,,,GLOBAL_BASELINE_NO_ENTITY_RANKING,,,NOT_APPLICABLE_GLOBAL_BASELINE,HF9g-P5,,,,X 全窗基线 · 不参与实体赏罚,14198599,1420,A168_HF9F_20260827_0900,2026-08-27 09:00:00
2026-05-11,57024343,1990,0,865.0893204724,821.8348544488,821.8348544488,1.0000000,2,2,0.50665070000000000,0.506650700000,1.3955260008387969,1.3955260008387969,1.3955260008387969,0E-17,ELIGIBLE,R03b_20260811_FULL_v1,L1_ELIGIBILITY,v2026-08-11,2026-03-21..2026-08-06,baccarat_bet02_101_all_pairs_incl_sentinel,round_win = game_pnl > 0 (decisive only),COMPATIBILITY_ONLY_NOT_PRODUCTION,4059548.3812,3680416.6879,6656.9809,9707,9692,-0.00163983,0.01249836,-0.00525961,-0.00163983,-6656.9809,4059548.3812,OK,0.0000,266.2792,4.0000,96.0000,AG03-UNRESOLVED,ALL5_LEVELS_bet23_to_bet27,266.2792,266.2792,266.2792,0.0000,0.0000,4.000000,4.000000,4.000000,0.000000,0.000000,96.000000,96.000000,96.000000,100.000000,100.000000,5.0,798.8377,767.3102,5858.1432,5889.6706,PENDING_AG03,FALSE,NOT_FOR_ENFORCEMENT,6390.7016,3533200.0204,6656.9809,6390.7016,266.2792,0.00163983,0.00157424,266.2792,6390.7016,0.00157424,266.2792,266.2792,266.2792,0.0000,0.0000,6390.7016,0.00157424,798.8377,767.3102,5858.1432,5889.6706,0.00144305,0.00145082,0.00006559,418.2083,379.7376,0.6869,61.6387,1.8384,37588.4109,89.7407,538.3845,395.5999,218.4789,430.6076,432.5446,432.5446,1046.441,1081.3617,427.0584,0.0,2.43015,2.511246,0.971205,30,216,96,2,0.20383968,0.00163983,-0.01249836,0E-8,0.000000,0.906607,0.000000,0.01775797,2026-03-22,2026-08-06,108,3621,2443,138,0.782609,1.360932,1.287360,0.679466,,,,,,,,GLOBAL_BASELINE_NO_ENTITY_RANKING,,,NOT_APPLICABLE_GLOBAL_BASELINE,HF9g-P5,,,,X 全窗基线 · 不参与实体赏罚,14198600,1420,A168_HF9F_20260827_0900,2026-08-27 09:00:00
2026-05-11,57024343,2093,0,1730.1786409448,-865.0893204724,-865.0893204724,0E-7,4,4,0.50329940000000000,0.503299400000,-1.4235766693920513,-1.4235766693920513,-1.4235766693920513,0E-17,ELIGIBLE,R03b_20260811_FULL_v1,L1_ELIGIBILITY,v2026-08-11,2026-03-21..2026-08-06,baccarat_bet02_101_all_pairs_incl_sentinel,round_win = game_pnl > 0 (decisive only),COMPATIBILITY_ONLY_NOT_PRODUCTION,4059548.3812,3680416.6879,6656.9809,9707,9692,-0.00163983,0.01249836,-0.00525961,-0.00163983,-6656.9809,4059548.3812,OK,0.0000,266.2792,4.0000,96.0000,AG03-UNRESOLVED,ALL5_LEVELS_bet23_to_bet27,266.2792,266.2792,266.2792,0.0000,0.0000,4.000000,4.000000,4.000000,0.000000,0.000000,96.000000,96.000000,96.000000,100.000000,100.000000,5.0,798.8377,767.3102,5858.1432,5889.6706,PENDING_AG03,FALSE,NOT_FOR_ENFORCEMENT,6390.7016,3533200.0204,6656.9809,6390.7016,266.2792,0.00163983,0.00157424,266.2792,6390.7016,0.00157424,266.2792,266.2792,266.2792,0.0000,0.0000,6390.7016,0.00157424,798.8377,767.3102,5858.1432,5889.6706,0.00144305,0.00145082,0.00006559,418.2083,379.7376,0.6869,61.6387,1.8384,37588.4109,89.7407,538.3845,395.5999,218.4789,430.6076,432.5446,432.5446,1046.441,1081.3617,427.0584,0.0,2.43015,2.511246,0.971205,30,216,96,2,0.20383968,0.00163983,-0.01249836,0E-8,0.000000,0.906607,0.000000,0.01775797,2026-03-22,2026-08-06,108,3621,2443,138,0.782609,1.360932,1.287360,0.679466,,,,,,,,GLOBAL_BASELINE_NO_ENTITY_RANKING,,,NOT_APPLICABLE_GLOBAL_BASELINE,HF9g-P5,,,,X 全窗基线 · 不参与实体赏罚,14198601,1420,A168_HF9F_20260827_0900,2026-08-27 09:00:00
2026-05-11,57024343,2121,0,3244.0849517712,2054.5871361218,2054.5871361218,1.0000000,3,3,0.50665070000000000,0.506650700000,1.3955260008387969,1.3955260008387969,1.3955260008387969,0E-17,ELIGIBLE,R03b_20260811_FULL_v1,L1_ELIGIBILITY,v2026-08-11,2026-03-21..2026-08-06,baccarat_bet02_101_all_pairs_incl_sentinel,round_win = game_pnl > 0 (decisive only),COMPATIBILITY_ONLY_NOT_PRODUCTION,4059548.3812,3680416.6879,6656.9809,9707,9692,-0.00163983,0.01249836,-0.00525961,-0.00163983,-6656.9809,4059548.3812,OK,0.0000,266.2792,4.0000,96.0000,AG03-UNRESOLVED,ALL5_LEVELS_bet23_to_bet27,266.2792,266.2792,266.2792,0.0000,0.0000,4.000000,4.000000,4.000000,0.000000,0.000000,96.000000,96.000000,96.000000,100.000000,100.000000,5.0,798.8377,767.3102,5858.1432,5889.6706,PENDING_AG03,FALSE,NOT_FOR_ENFORCEMENT,6390.7016,3533200.0204,6656.9809,6390.7016,266.2792,0.00163983,0.00157424,266.2792,6390.7016,0.00157424,266.2792,266.2792,266.2792,0.0000,0.0000,6390.7016,0.00157424,798.8377,767.3102,5858.1432,5889.6706,0.00144305,0.00145082,0.00006559,418.2083,379.7376,0.6869,61.6387,1.8384,37588.4109,89.7407,538.3845,395.5999,218.4789,430.6076,432.5446,432.5446,1046.441,1081.3617,427.0584,0.0,2.43015,2.511246,0.971205,30,216,96,2,0.20383968,0.00163983,-0.01249836,0E-8,0.000000,0.906607,0.000000,0.01775797,2026-03-22,2026-08-06,108,3621,2443,138,0.782609,1.360932,1.287360,0.679466,,,,,,,,GLOBAL_BASELINE_NO_ENTITY_RANKING,,,NOT_APPLICABLE_GLOBAL_BASELINE,HF9g-P5,,,,X 全窗基线 · 不参与实体赏罚,14198602,1420,A168_HF9F_20260827_0900,2026-08-27 09:00:00
2026-05-11,57024343,2141,0,432.5446602362,410.9174272244,410.9174272244,1.0000000,1,1,0.50665070000000000,0.506650700000,0.9867858985152569,0.9867858985152569,0.9867858985152569,0E-17,ELIGIBLE,R03b_20260811_FULL_v1,L1_ELIGIBILITY,v2026-08-11,2026-03-21..2026-08-06,baccarat_bet02_101_all_pairs_incl_sentinel,round_win = game_pnl > 0 (decisive only),COMPATIBILITY_ONLY_NOT_PRODUCTION,4059548.3812,3680416.6879,6656.9809,9707,9692,-0.00163983,0.01249836,-0.00525961,-0.00163983,-6656.9809,4059548.3812,OK,0.0000,266.2792,4.0000,96.0000,AG03-UNRESOLVED,ALL5_LEVELS_bet23_to_bet27,266.2792,266.2792,266.2792,0.0000,0.0000,4.000000,4.000000,4.000000,0.000000,0.000000,96.000000,96.000000,96.000000,100.000000,100.000000,5.0,798.8377,767.3102,5858.1432,5889.6706,PENDING_AG03,FALSE,NOT_FOR_ENFORCEMENT,6390.7016,3533200.0204,6656.9809,6390.7016,266.2792,0.00163983,0.00157424,266.2792,6390.7016,0.00157424,266.2792,266.2792,266.2792,0.0000,0.0000,6390.7016,0.00157424,798.8377,767.3102,5858.1432,5889.6706,0.00144305,0.00145082,0.00006559,418.2083,379.7376,0.6869,61.6387,1.8384,37588.4109,89.7407,538.3845,395.5999,218.4789,430.6076,432.5446,432.5446,1046.441,1081.3617,427.0584,0.0,2.43015,2.511246,0.971205,30,216,96,2,0.20383968,0.00163983,-0.01249836,0E-8,0.000000,0.906607,0.000000,0.01775797,2026-03-22,2026-08-06,108,3621,2443,138,0.782609,1.360932,1.287360,0.679466,,,,,,,,GLOBAL_BASELINE_NO_ENTITY_RANKING,,,NOT_APPLICABLE_GLOBAL_BASELINE,HF9g-P5,,,,X 全窗基线 · 不参与实体赏罚,14198603,1420,A168_HF9F_20260827_0900,2026-08-27 09:00:00
2026-05-11,57024343,2152,0,1730.1786409448,1232.7522816732,1232.7522816732,1.0000000,4,4,0.50665070000000000,0.506650700000,1.7091633124209307,1.7091633124209307,1.7091633124209307,0E-17,ELIGIBLE,R03b_20260811_FULL_v1,L1_ELIGIBILITY,v2026-08-11,2026-03-21..2026-08-06,baccarat_bet02_101_all_pairs_incl_sentinel,round_win = game_pnl > 0 (decisive only),COMPATIBILITY_ONLY_NOT_PRODUCTION,4059548.3812,3680416.6879,6656.9809,9707,9692,-0.00163983,0.01249836,-0.00525961,-0.00163983,-6656.9809,4059548.3812,OK,0.0000,266.2792,4.0000,96.0000,AG03-UNRESOLVED,ALL5_LEVELS_bet23_to_bet27,266.2792,266.2792,266.2792,0.0000,0.0000,4.000000,4.000000,4.000000,0.000000,0.000000,96.000000,96.000000,96.000000,100.000000,100.000000,5.0,798.8377,767.3102,5858.1432,5889.6706,PENDING_AG03,FALSE,NOT_FOR_ENFORCEMENT,6390.7016,3533200.0204,6656.9809,6390.7016,266.2792,0.00163983,0.00157424,266.2792,6390.7016,0.00157424,266.2792,266.2792,266.2792,0.0000,0.0000,6390.7016,0.00157424,798.8377,767.3102,5858.1432,5889.6706,0.00144305,0.00145082,0.00006559,418.2083,379.7376,0.6869,61.6387,1.8384,37588.4109,89.7407,538.3845,395.5999,218.4789,430.6076,432.5446,432.5446,1046.441,1081.3617,427.0584,0.0,2.43015,2.511246,0.971205,30,216,96,2,0.20383968,0.00163983,-0.01249836,0E-8,0.000000,0.906607,0.000000,0.01775797,2026-03-22,2026-08-06,108,3621,2443,138,0.782609,1.360932,1.287360,0.679466,,,,,,,,GLOBAL_BASELINE_NO_ENTITY_RANKING,,,NOT_APPLICABLE_GLOBAL_BASELINE,HF9g-P5,,,,X 全窗基线 · 不参与实体赏罚,14198604,1420,A168_HF9F_20260827_0900,2026-08-27 09:00:00
2026-05-11,57024343,2171,0,1297.6339807086,-1297.6339807086,-1297.6339807086,0E-7,3,3,0.49771390000000000,0.497713900000,-1.724149546644903,-1.724149546644903,-1.724149546644903,0E-17,ELIGIBLE,R03b_20260811_FULL_v1,L1_ELIGIBILITY,v2026-08-11,2026-03-21..2026-08-06,baccarat_bet02_101_all_pairs_incl_sentinel,round_win = game_pnl > 0 (decisive only),COMPATIBILITY_ONLY_NOT_PRODUCTION,4059548.3812,3680416.6879,6656.9809,9707,9692,-0.00163983,0.01249836,-0.00525961,-0.00163983,-6656.9809,4059548.3812,OK,0.0000,266.2792,4.0000,96.0000,AG03-UNRESOLVED,ALL5_LEVELS_bet23_to_bet27,266.2792,266.2792,266.2792,0.0000,0.0000,4.000000,4.000000,4.000000,0.000000,0.000000,96.000000,96.000000,96.000000,100.000000,100.000000,5.0,798.8377,767.3102,5858.1432,5889.6706,PENDING_AG03,FALSE,NOT_FOR_ENFORCEMENT,6390.7016,3533200.0204,6656.9809,6390.7016,266.2792,0.00163983,0.00157424,266.2792,6390.7016,0.00157424,266.2792,266.2792,266.2792,0.0000,0.0000,6390.7016,0.00157424,798.8377,767.3102,5858.1432,5889.6706,0.00144305,0.00145082,0.00006559,418.2083,379.7376,0.6869,61.6387,1.8384,37588.4109,89.7407,538.3845,395.5999,218.4789,430.6076,432.5446,432.5446,1046.441,1081.3617,427.0584,0.0,2.43015,2.511246,0.971205,30,216,96,2,0.20383968,0.00163983,-0.01249836,0E-8,0.000000,0.906607,0.000000,0.01775797,2026-03-22,2026-08-06,108,3621,2443,138,0.782609,1.360932,1.287360,0.679466,,,,,,,,GLOBAL_BASELINE_NO_ENTITY_RANKING,,,NOT_APPLICABLE_GLOBAL_BASELINE,HF9g-P5,,,,X 全窗基线 · 不参与实体赏罚,14198605,1420,A168_HF9F_20260827_0900,2026-08-27 09:00:00
2026-05-11,57024343,2205,0,432.5446602362,410.9174272244,410.9174272244,1.0000000,1,1,0.50665070000000000,0.506650700000,0.9867858985152569,0.9867858985152569,0.9867858985152569,0E-17,ELIGIBLE,R03b_20260811_FULL_v1,L1_ELIGIBILITY,v2026-08-11,2026-03-21..2026-08-06,baccarat_bet02_101_all_pairs_incl_sentinel,round_win = game_pnl > 0 (decisive only),COMPATIBILITY_ONLY_NOT_PRODUCTION,4059548.3812,3680416.6879,6656.9809,9707,9692,-0.00163983,0.01249836,-0.00525961,-0.00163983,-6656.9809,4059548.3812,OK,0.0000,266.2792,4.0000,96.0000,AG03-UNRESOLVED,ALL5_LEVELS_bet23_to_bet27,266.2792,266.2792,266.2792,0.0000,0.0000,4.000000,4.000000,4.000000,0.000000,0.000000,96.000000,96.000000,96.000000,100.000000,100.000000,5.0,798.8377,767.3102,5858.1432,5889.6706,PENDING_AG03,FALSE,NOT_FOR_ENFORCEMENT,6390.7016,3533200.0204,6656.9809,6390.7016,266.2792,0.00163983,0.00157424,266.2792,6390.7016,0.00157424,266.2792,266.2792,266.2792,0.0000,0.0000,6390.7016,0.00157424,798.8377,767.3102,5858.1432,5889.6706,0.00144305,0.00145082,0.00006559,418.2083,379.7376,0.6869,61.6387,1.8384,37588.4109,89.7407,538.3845,395.5999,218.4789,430.6076,432.5446,432.5446,1046.441,1081.3617,427.0584,0.0,2.43015,2.511246,0.971205,30,216,96,2,0.20383968,0.00163983,-0.01249836,0E-8,0.000000,0.906607,0.000000,0.01775797,2026-03-22,2026-08-06,108,3621,2443,138,0.782609,1.360932,1.287360,0.679466,,,,,,,,GLOBAL_BASELINE_NO_ENTITY_RANKING,,,NOT_APPLICABLE_GLOBAL_BASELINE,HF9g-P5,,,,X 全窗基线 · 不参与实体赏罚,14198606,1420,A168_HF9F_20260827_0900,2026-08-27 09:00:00
2026-05-11,57024343,2209,0,432.5446602362,410.9174272244,410.9174272244,1.0000000,1,1,0.50665070000000000,0.506650700000,0.9867858985152569,0.9867858985152569,0.9867858985152569,0E-17,ELIGIBLE,R03b_20260811_FULL_v1,L1_ELIGIBILITY,v2026-08-11,2026-03-21..2026-08-06,baccarat_bet02_101_all_pairs_incl_sentinel,round_win = game_pnl > 0 (decisive only),COMPATIBILITY_ONLY_NOT_PRODUCTION,4059548.3812,3680416.6879,6656.9809,9707,9692,-0.00163983,0.01249836,-0.00525961,-0.00163983,-6656.9809,4059548.3812,OK,0.0000,266.2792,4.0000,96.0000,AG03-UNRESOLVED,ALL5_LEVELS_bet23_to_bet27,266.2792,266.2792,266.2792,0.0000,0.0000,4.000000,4.000000,4.000000,0.000000,0.000000,96.000000,96.000000,96.000000,100.000000,100.000000,5.0,798.8377,767.3102,5858.1432,5889.6706,PENDING_AG03,FALSE,NOT_FOR_ENFORCEMENT,6390.7016,3533200.0204,6656.9809,6390.7016,266.2792,0.00163983,0.00157424,266.2792,6390.7016,0.00157424,266.2792,266.2792,266.2792,0.0000,0.0000,6390.7016,0.00157424,798.8377,767.3102,5858.1432,5889.6706,0.00144305,0.00145082,0.00006559,418.2083,379.7376,0.6869,61.6387,1.8384,37588.4109,89.7407,538.3845,395.5999,218.4789,430.6076,432.5446,432.5446,1046.441,1081.3617,427.0584,0.0,2.43015,2.511246,0.971205,30,216,96,2,0.20383968,0.00163983,-0.01249836,0E-8,0.000000,0.906607,0.000000,0.01775797,2026-03-22,2026-08-06,108,3621,2443,138,0.782609,1.360932,1.287360,0.679466,,,,,,,,GLOBAL_BASELINE_NO_ENTITY_RANKING,,,NOT_APPLICABLE_GLOBAL_BASELINE,HF9g-P5,,,,X 全窗基线 · 不参与实体赏罚,14198607,1420,A168_HF9F_20260827_0900,2026-08-27 09:00:00
2026-05-11,57024343,2218,0,1081.3616505904,0E-10,0E-10,,1,1,0.49324550000000000,0.493245500000,,,,0E-17,NO_DECISIVE_ROUND,R03b_20260811_FULL_v1,L1_ELIGIBILITY,v2026-08-11,2026-03-21..2026-08-06,baccarat_bet02_101_all_pairs_incl_sentinel,round_win = game_pnl > 0 (decisive only),COMPATIBILITY_ONLY_NOT_PRODUCTION,4059548.3812,3680416.6879,6656.9809,9707,9692,-0.00163983,0.01249836,-0.00525961,-0.00163983,-6656.9809,4059548.3812,OK,0.0000,266.2792,4.0000,96.0000,AG03-UNRESOLVED,ALL5_LEVELS_bet23_to_bet27,266.2792,266.2792,266.2792,0.0000,0.0000,4.000000,4.000000,4.000000,0.000000,0.000000,96.000000,96.000000,96.000000,100.000000,100.000000,5.0,798.8377,767.3102,5858.1432,5889.6706,PENDING_AG03,FALSE,NOT_FOR_ENFORCEMENT,6390.7016,3533200.0204,6656.9809,6390.7016,266.2792,0.00163983,0.00157424,266.2792,6390.7016,0.00157424,266.2792,266.2792,266.2792,0.0000,0.0000,6390.7016,0.00157424,798.8377,767.3102,5858.1432,5889.6706,0.00144305,0.00145082,0.00006559,418.2083,379.7376,0.6869,61.6387,1.8384,37588.4109,89.7407,538.3845,395.5999,218.4789,430.6076,432.5446,432.5446,1046.441,1081.3617,427.0584,0.0,2.43015,2.511246,0.971205,30,216,96,2,0.20383968,0.00163983,-0.01249836,0E-8,0.000000,0.906607,0.000000,0.01775797,2026-03-22,2026-08-06,108,3621,2443,138,0.782609,1.360932,1.287360,0.679466,,,,,,,,GLOBAL_BASELINE_NO_ENTITY_RANKING,,,NOT_APPLICABLE_GLOBAL_BASELINE,HF9g-P5,,,,X 全窗基线 · 不参与实体赏罚,14198608,1420,A168_HF9F_20260827_0900,2026-08-27 09:00:00
2026-05-11,57024343,2223,0,432.5446602362,410.9174272244,410.9174272244,1.0000000,1,1,0.50665070000000000,0.506650700000,0.9867858985152569,0.9867858985152569,0.9867858985152569,0E-17,ELIGIBLE,R03b_20260811_FULL_v1,L1_ELIGIBILITY,v2026-08-11,2026-03-21..2026-08-06,baccarat_bet02_101_all_pairs_incl_sentinel,round_win = game_pnl > 0 (decisive only),COMPATIBILITY_ONLY_NOT_PRODUCTION,4059548.3812,3680416.6879,6656.9809,9707,9692,-0.00163983,0.01249836,-0.00525961,-0.00163983,-6656.9809,4059548.3812,OK,0.0000,266.2792,4.0000,96.0000,AG03-UNRESOLVED,ALL5_LEVELS_bet23_to_bet27,266.2792,266.2792,266.2792,0.0000,0.0000,4.000000,4.000000,4.000000,0.000000,0.000000,96.000000,96.000000,96.000000,100.000000,100.000000,5.0,798.8377,767.3102,5858.1432,5889.6706,PENDING_AG03,FALSE,NOT_FOR_ENFORCEMENT,6390.7016,3533200.0204,6656.9809,6390.7016,266.2792,0.00163983,0.00157424,266.2792,6390.7016,0.00157424,266.2792,266.2792,266.2792,0.0000,0.0000,6390.7016,0.00157424,798.8377,767.3102,5858.1432,5889.6706,0.00144305,0.00145082,0.00006559,418.2083,379.7376,0.6869,61.6387,1.8384,37588.4109,89.7407,538.3845,395.5999,218.4789,430.6076,432.5446,432.5446,1046.441,1081.3617,427.0584,0.0,2.43015,2.511246,0.971205,30,216,96,2,0.20383968,0.00163983,-0.01249836,0E-8,0.000000,0.906607,0.000000,0.01775797,2026-03-22,2026-08-06,108,3621,2443,138,0.782609,1.360932,1.287360,0.679466,,,,,,,,GLOBAL_BASELINE_NO_ENTITY_RANKING,,,NOT_APPLICABLE_GLOBAL_BASELINE,HF9g-P5,,,,X 全窗基线 · 不参与实体赏罚,14198609,1420,A168_HF9F_20260827_0900,2026-08-27 09:00:00
2026-05-11,57024343,2233,0,432.5446602362,-432.5446602362,-432.5446602362,0E-7,1,1,0.50665070000000000,0.506650700000,-1.013391052207602,-1.013391052207602,-1.013391052207602,0E-17,ELIGIBLE,R03b_20260811_FULL_v1,L1_ELIGIBILITY,v2026-08-11,2026-03-21..2026-08-06,baccarat_bet02_101_all_pairs_incl_sentinel,round_win = game_pnl > 0 (decisive only),COMPATIBILITY_ONLY_NOT_PRODUCTION,4059548.3812,3680416.6879,6656.9809,9707,9692,-0.00163983,0.01249836,-0.00525961,-0.00163983,-6656.9809,4059548.3812,OK,0.0000,266.2792,4.0000,96.0000,AG03-UNRESOLVED,ALL5_LEVELS_bet23_to_bet27,266.2792,266.2792,266.2792,0.0000,0.0000,4.000000,4.000000,4.000000,0.000000,0.000000,96.000000,96.000000,96.000000,100.000000,100.000000,5.0,798.8377,767.3102,5858.1432,5889.6706,PENDING_AG03,FALSE,NOT_FOR_ENFORCEMENT,6390.7016,3533200.0204,6656.9809,6390.7016,266.2792,0.00163983,0.00157424,266.2792,6390.7016,0.00157424,266.2792,266.2792,266.2792,0.0000,0.0000,6390.7016,0.00157424,798.8377,767.3102,5858.1432,5889.6706,0.00144305,0.00145082,0.00006559,418.2083,379.7376,0.6869,61.6387,1.8384,37588.4109,89.7407,538.3845,395.5999,218.4789,430.6076,432.5446,432.5446,1046.441,1081.3617,427.0584,0.0,2.43015,2.511246,0.971205,30,216,96,2,0.20383968,0.00163983,-0.01249836,0E-8,0.000000,0.906607,0.000000,0.01775797,2026-03-22,2026-08-06,108,3621,2443,138,0.782609,1.360932,1.287360,0.679466,,,,,,,,GLOBAL_BASELINE_NO_ENTITY_RANKING,,,NOT_APPLICABLE_GLOBAL_BASELINE,HF9g-P5,,,,X 全窗基线 · 不参与实体赏罚,14198610,1420,A168_HF9F_20260827_0900,2026-08-27 09:00:00
2026-05-11,57024343,2234,0,865.0893204724,0E-10,0E-10,0.5000000,2,2,0.49994810000000000,0.499948100000,0.00014679536856514622,0.00014679536856514622,0.00014679536856514622,0E-17,ELIGIBLE,R03b_20260811_FULL_v1,L1_ELIGIBILITY,v2026-08-11,2026-03-21..2026-08-06,baccarat_bet02_101_all_pairs_incl_sentinel,round_win = game_pnl > 0 (decisive only),COMPATIBILITY_ONLY_NOT_PRODUCTION,4059548.3812,3680416.6879,6656.9809,9707,9692,-0.00163983,0.01249836,-0.00525961,-0.00163983,-6656.9809,4059548.3812,OK,0.0000,266.2792,4.0000,96.0000,AG03-UNRESOLVED,ALL5_LEVELS_bet23_to_bet27,266.2792,266.2792,266.2792,0.0000,0.0000,4.000000,4.000000,4.000000,0.000000,0.000000,96.000000,96.000000,96.000000,100.000000,100.000000,5.0,798.8377,767.3102,5858.1432,5889.6706,PENDING_AG03,FALSE,NOT_FOR_ENFORCEMENT,6390.7016,3533200.0204,6656.9809,6390.7016,266.2792,0.00163983,0.00157424,266.2792,6390.7016,0.00157424,266.2792,266.2792,266.2792,0.0000,0.0000,6390.7016,0.00157424,798.8377,767.3102,5858.1432,5889.6706,0.00144305,0.00145082,0.00006559,418.2083,379.7376,0.6869,61.6387,1.8384,37588.4109,89.7407,538.3845,395.5999,218.4789,430.6076,432.5446,432.5446,1046.441,1081.3617,427.0584,0.0,2.43015,2.511246,0.971205,30,216,96,2,0.20383968,0.00163983,-0.01249836,0E-8,0.000000,0.906607,0.000000,0.01775797,2026-03-22,2026-08-06,108,3621,2443,138,0.782609,1.360932,1.287360,0.679466,,,,,,,,GLOBAL_BASELINE_NO_ENTITY_RANKING,,,NOT_APPLICABLE_GLOBAL_BASELINE,HF9g-P5,,,,X 全窗基线 · 不参与实体赏罚,14198611,1420,A168_HF9F_20260827_0900,2026-08-27 09:00:00
2026-05-11,57024343,2239,0,432.5446602362,-432.5446602362,-432.5446602362,0E-7,1,1,0.50665070000000000,0.506650700000,-1.013391052207602,-1.013391052207602,-1.013391052207602,0E-17,ELIGIBLE,R03b_20260811_FULL_v1,L1_ELIGIBILITY,v2026-08-11,2026-03-21..2026-08-06,baccarat_bet02_101_all_pairs_incl_sentinel,round_win = game_pnl > 0 (decisive only),COMPATIBILITY_ONLY_NOT_PRODUCTION,4059548.3812,3680416.6879,6656.9809,9707,9692,-0.00163983,0.01249836,-0.00525961,-0.00163983,-6656.9809,4059548.3812,OK,0.0000,266.2792,4.0000,96.0000,AG03-UNRESOLVED,ALL5_LEVELS_bet23_to_bet27,266.2792,266.2792,266.2792,0.0000,0.0000,4.000000,4.000000,4.000000,0.000000,0.000000,96.000000,96.000000,96.000000,100.000000,100.000000,5.0,798.8377,767.3102,5858.1432,5889.6706,PENDING_AG03,FALSE,NOT_FOR_ENFORCEMENT,6390.7016,3533200.0204,6656.9809,6390.7016,266.2792,0.00163983,0.00157424,266.2792,6390.7016,0.00157424,266.2792,266.2792,266.2792,0.0000,0.0000,6390.7016,0.00157424,798.8377,767.3102,5858.1432,5889.6706,0.00144305,0.00145082,0.00006559,418.2083,379.7376,0.6869,61.6387,1.8384,37588.4109,89.7407,538.3845,395.5999,218.4789,430.6076,432.5446,432.5446,1046.441,1081.3617,427.0584,0.0,2.43015,2.511246,0.971205,30,216,96,2,0.20383968,0.00163983,-0.01249836,0E-8,0.000000,0.906607,0.000000,0.01775797,2026-03-22,2026-08-06,108,3621,2443,138,0.782609,1.360932,1.287360,0.679466,,,,,,,,GLOBAL_BASELINE_NO_ENTITY_RANKING,,,NOT_APPLICABLE_GLOBAL_BASELINE,HF9g-P5,,,,X 全窗基线 · 不参与实体赏罚,14198612,1420,A168_HF9F_20260827_0900,2026-08-27 09:00:00
2026-05-11,57024343,2242,0,3027.8126216532,1189.4978156494,1189.4978156494,0.5000000,4,4,0.50665070000000000,0.506650700000,-0.02660515369234503,-0.02660515369234503,-0.02660515369234503,0E-17,ELIGIBLE,R03b_20260811_FULL_v1,L1_ELIGIBILITY,v2026-08-11,2026-03-21..2026-08-06,baccarat_bet02_101_all_pairs_incl_sentinel,round_win = game_pnl > 0 (decisive only),COMPATIBILITY_ONLY_NOT_PRODUCTION,4059548.3812,3680416.6879,6656.9809,9707,9692,-0.00163983,0.01249836,-0.00525961,-0.00163983,-6656.9809,4059548.3812,OK,0.0000,266.2792,4.0000,96.0000,AG03-UNRESOLVED,ALL5_LEVELS_bet23_to_bet27,266.2792,266.2792,266.2792,0.0000,0.0000,4.000000,4.000000,4.000000,0.000000,0.000000,96.000000,96.000000,96.000000,100.000000,100.000000,5.0,798.8377,767.3102,5858.1432,5889.6706,PENDING_AG03,FALSE,NOT_FOR_ENFORCEMENT,6390.7016,3533200.0204,6656.9809,6390.7016,266.2792,0.00163983,0.00157424,266.2792,6390.7016,0.00157424,266.2792,266.2792,266.2792,0.0000,0.0000,6390.7016,0.00157424,798.8377,767.3102,5858.1432,5889.6706,0.00144305,0.00145082,0.00006559,418.2083,379.7376,0.6869,61.6387,1.8384,37588.4109,89.7407,538.3845,395.5999,218.4789,430.6076,432.5446,432.5446,1046.441,1081.3617,427.0584,0.0,2.43015,2.511246,0.971205,30,216,96,2,0.20383968,0.00163983,-0.01249836,0E-8,0.000000,0.906607,0.000000,0.01775797,2026-03-22,2026-08-06,108,3621,2443,138,0.782609,1.360932,1.287360,0.679466,,,,,,,,GLOBAL_BASELINE_NO_ENTITY_RANKING,,,NOT_APPLICABLE_GLOBAL_BASELINE,HF9g-P5,,,,X 全窗基线 · 不参与实体赏罚,14198613,1420,A168_HF9F_20260827_0900,2026-08-27 09:00:00
2026-05-11,57024343,2256,0,2162.7233011810,1232.7522816732,1232.7522816732,1.0000000,5,5,0.50665070000000000,0.506650700000,1.7091633124209307,1.7091633124209307,1.7091633124209307,0E-17,ELIGIBLE,R03b_20260811_FULL_v1,L1_ELIGIBILITY,v2026-08-11,2026-03-21..2026-08-06,baccarat_bet02_101_all_pairs_incl_sentinel,round_win = game_pnl > 0 (decisive only),COMPATIBILITY_ONLY_NOT_PRODUCTION,4059548.3812,3680416.6879,6656.9809,9707,9692,-0.00163983,0.01249836,-0.00525961,-0.00163983,-6656.9809,4059548.3812,OK,0.0000,266.2792,4.0000,96.0000,AG03-UNRESOLVED,ALL5_LEVELS_bet23_to_bet27,266.2792,266.2792,266.2792,0.0000,0.0000,4.000000,4.000000,4.000000,0.000000,0.000000,96.000000,96.000000,96.000000,100.000000,100.000000,5.0,798.8377,767.3102,5858.1432,5889.6706,PENDING_AG03,FALSE,NOT_FOR_ENFORCEMENT,6390.7016,3533200.0204,6656.9809,6390.7016,266.2792,0.00163983,0.00157424,266.2792,6390.7016,0.00157424,266.2792,266.2792,266.2792,0.0000,0.0000,6390.7016,0.00157424,798.8377,767.3102,5858.1432,5889.6706,0.00144305,0.00145082,0.00006559,418.2083,379.7376,0.6869,61.6387,1.8384,37588.4109,89.7407,538.3845,395.5999,218.4789,430.6076,432.5446,432.5446,1046.441,1081.3617,427.0584,0.0,2.43015,2.511246,0.971205,30,216,96,2,0.20383968,0.00163983,-0.01249836,0E-8,0.000000,0.906607,0.000000,0.01775797,2026-03-22,2026-08-06,108,3621,2443,138,0.782609,1.360932,1.287360,0.679466,,,,,,,,GLOBAL_BASELINE_NO_ENTITY_RANKING,,,NOT_APPLICABLE_GLOBAL_BASELINE,HF9g-P5,,,,X 全窗基线 · 不参与实体赏罚,14198614,1420,A168_HF9F_20260827_0900,2026-08-27 09:00:00
2026-05-11,57024343,2258,0,1730.1786409448,-21.6272330118,-21.6272330118,0.5000000,4,4,0.49994810000000000,0.499948100000,0.00020760000111838688,0.00020760000111838688,0.00020760000111838688,0E-17,ELIGIBLE,R03b_20260811_FULL_v1,L1_ELIGIBILITY,v2026-08-11,2026-03-21..2026-08-06,baccarat_bet02_101_all_pairs_incl_sentinel,round_win = game_pnl > 0 (decisive only),COMPATIBILITY_ONLY_NOT_PRODUCTION,4059548.3812,3680416.6879,6656.9809,9707,9692,-0.00163983,0.01249836,-0.00525961,-0.00163983,-6656.9809,4059548.3812,OK,0.0000,266.2792,4.0000,96.0000,AG03-UNRESOLVED,ALL5_LEVELS_bet23_to_bet27,266.2792,266.2792,266.2792,0.0000,0.0000,4.000000,4.000000,4.000000,0.000000,0.000000,96.000000,96.000000,96.000000,100.000000,100.000000,5.0,798.8377,767.3102,5858.1432,5889.6706,PENDING_AG03,FALSE,NOT_FOR_ENFORCEMENT,6390.7016,3533200.0204,6656.9809,6390.7016,266.2792,0.00163983,0.00157424,266.2792,6390.7016,0.00157424,266.2792,266.2792,266.2792,0.0000,0.0000,6390.7016,0.00157424,798.8377,767.3102,5858.1432,5889.6706,0.00144305,0.00145082,0.00006559,418.2083,379.7376,0.6869,61.6387,1.8384,37588.4109,89.7407,538.3845,395.5999,218.4789,430.6076,432.5446,432.5446,1046.441,1081.3617,427.0584,0.0,2.43015,2.511246,0.971205,30,216,96,2,0.20383968,0.00163983,-0.01249836,0E-8,0.000000,0.906607,0.000000,0.01775797,2026-03-22,2026-08-06,108,3621,2443,138,0.782609,1.360932,1.287360,0.679466,,,,,,,,GLOBAL_BASELINE_NO_ENTITY_RANKING,,,NOT_APPLICABLE_GLOBAL_BASELINE,HF9g-P5,,,,X 全窗基线 · 不参与实体赏罚,14198615,1420,A168_HF9F_20260827_0900,2026-08-27 09:00:00
2026-05-11,57024343,529,0,1081.3616505904,1027.2935680609,1027.2935680609,1.0000000,1,1,0.50665070000000000,0.506650700000,0.9867858985152569,0.9867858985152569,0.9867858985152569,0E-17,ELIGIBLE,R03b_20260811_FULL_v1,L1_ELIGIBILITY,v2026-08-11,2026-03-21..2026-08-06,baccarat_bet02_101_all_pairs_incl_sentinel,round_win = game_pnl > 0 (decisive only),COMPATIBILITY_ONLY_NOT_PRODUCTION,4059548.3812,3680416.6879,6656.9809,9707,9692,-0.00163983,0.01249836,-0.00525961,-0.00163983,-6656.9809,4059548.3812,OK,0.0000,266.2792,4.0000,96.0000,AG03-UNRESOLVED,ALL5_LEVELS_bet23_to_bet27,266.2792,266.2792,266.2792,0.0000,0.0000,4.000000,4.000000,4.000000,0.000000,0.000000,96.000000,96.000000,96.000000,100.000000,100.000000,5.0,798.8377,767.3102,5858.1432,5889.6706,PENDING_AG03,FALSE,NOT_FOR_ENFORCEMENT,6390.7016,3533200.0204,6656.9809,6390.7016,266.2792,0.00163983,0.00157424,266.2792,6390.7016,0.00157424,266.2792,266.2792,266.2792,0.0000,0.0000,6390.7016,0.00157424,798.8377,767.3102,5858.1432,5889.6706,0.00144305,0.00145082,0.00006559,418.2083,379.7376,0.6869,61.6387,1.8384,37588.4109,89.7407,538.3845,395.5999,218.4789,430.6076,432.5446,432.5446,1046.441,1081.3617,427.0584,0.0,2.43015,2.511246,0.971205,30,216,96,2,0.20383968,0.00163983,-0.01249836,0E-8,0.000000,0.906607,0.000000,0.01775797,2026-03-22,2026-08-06,108,3621,2443,138,0.782609,1.360932,1.287360,0.679466,,,,,,,,GLOBAL_BASELINE_NO_ENTITY_RANKING,,,NOT_APPLICABLE_GLOBAL_BASELINE,HF9g-P5,,,,X 全窗基线 · 不参与实体赏罚,14198616,1420,A168_HF9F_20260827_0900,2026-08-27 09:00:00
2026-05-11,57024343,583,0,1081.3616505905,648.8169903543,648.8169903543,1.0000000,3,3,0.49324550000000000,0.493245500000,1.4334489766152358,1.4334489766152358,1.4334489766152358,0E-17,ELIGIBLE,R03b_20260811_FULL_v1,L1_ELIGIBILITY,v2026-08-11,2026-03-21..2026-08-06,baccarat_bet02_101_all_pairs_incl_sentinel,round_win = game_pnl > 0 (decisive only),COMPATIBILITY_ONLY_NOT_PRODUCTION,4059548.3812,3680416.6879,6656.9809,9707,9692,-0.00163983,0.01249836,-0.00525961,-0.00163983,-6656.9809,4059548.3812,OK,0.0000,266.2792,4.0000,96.0000,AG03-UNRESOLVED,ALL5_LEVELS_bet23_to_bet27,266.2792,266.2792,266.2792,0.0000,0.0000,4.000000,4.000000,4.000000,0.000000,0.000000,96.000000,96.000000,96.000000,100.000000,100.000000,5.0,798.8377,767.3102,5858.1432,5889.6706,PENDING_AG03,FALSE,NOT_FOR_ENFORCEMENT,6390.7016,3533200.0204,6656.9809,6390.7016,266.2792,0.00163983,0.00157424,266.2792,6390.7016,0.00157424,266.2792,266.2792,266.2792,0.0000,0.0000,6390.7016,0.00157424,798.8377,767.3102,5858.1432,5889.6706,0.00144305,0.00145082,0.00006559,418.2083,379.7376,0.6869,61.6387,1.8384,37588.4109,89.7407,538.3845,395.5999,218.4789,430.6076,432.5446,432.5446,1046.441,1081.3617,427.0584,0.0,2.43015,2.511246,0.971205,30,216,96,2,0.20383968,0.00163983,-0.01249836,0E-8,0.000000,0.906607,0.000000,0.01775797,2026-03-22,2026-08-06,108,3621,2443,138,0.782609,1.360932,1.287360,0.679466,,,,,,,,GLOBAL_BASELINE_NO_ENTITY_RANKING,,,NOT_APPLICABLE_GLOBAL_BASELINE,HF9g-P5,,,,X 全窗基线 · 不参与实体赏罚,14198617,1420,A168_HF9F_20260827_0900,2026-08-27 09:00:00
2026-05-11,57024343,595,0,648.8169903543,-227.0859466240,-227.0859466240,0.5000000,2,2,0.50665070000000000,0.506650700000,-0.018812684590367487,-0.018812684590367487,-0.018812684590367487,0E-17,ELIGIBLE,R03b_20260811_FULL_v1,L1_ELIGIBILITY,v2026-08-11,2026-03-21..2026-08-06,baccarat_bet02_101_all_pairs_incl_sentinel,round_win = game_pnl > 0 (decisive only),COMPATIBILITY_ONLY_NOT_PRODUCTION,4059548.3812,3680416.6879,6656.9809,9707,9692,-0.00163983,0.01249836,-0.00525961,-0.00163983,-6656.9809,4059548.3812,OK,0.0000,266.2792,4.0000,96.0000,AG03-UNRESOLVED,ALL5_LEVELS_bet23_to_bet27,266.2792,266.2792,266.2792,0.0000,0.0000,4.000000,4.000000,4.000000,0.000000,0.000000,96.000000,96.000000,96.000000,100.000000,100.000000,5.0,798.8377,767.3102,5858.1432,5889.6706,PENDING_AG03,FALSE,NOT_FOR_ENFORCEMENT,6390.7016,3533200.0204,6656.9809,6390.7016,266.2792,0.00163983,0.00157424,266.2792,6390.7016,0.00157424,266.2792,266.2792,266.2792,0.0000,0.0000,6390.7016,0.00157424,798.8377,767.3102,5858.1432,5889.6706,0.00144305,0.00145082,0.00006559,418.2083,379.7376,0.6869,61.6387,1.8384,37588.4109,89.7407,538.3845,395.5999,218.4789,430.6076,432.5446,432.5446,1046.441,1081.3617,427.0584,0.0,2.43015,2.511246,0.971205,30,216,96,2,0.20383968,0.00163983,-0.01249836,0E-8,0.000000,0.906607,0.000000,0.01775797,2026-03-22,2026-08-06,108,3621,2443,138,0.782609,1.360932,1.287360,0.679466,,,,,,,,GLOBAL_BASELINE_NO_ENTITY_RANKING,,,NOT_APPLICABLE_GLOBAL_BASELINE,HF9g-P5,,,,X 全窗基线 · 不参与实体赏罚,14198618,1420,A168_HF9F_20260827_0900,2026-08-27 09:00:00
2026-05-11,57024343,752,0,1081.3616505904,-1081.3616505904,-1081.3616505904,0E-7,1,1,0.50665070000000000,0.506650700000,-1.013391052207602,-1.013391052207602,-1.013391052207602,0E-17,ELIGIBLE,R03b_20260811_FULL_v1,L1_ELIGIBILITY,v2026-08-11,2026-03-21..2026-08-06,baccarat_bet02_101_all_pairs_incl_sentinel,round_win = game_pnl > 0 (decisive only),COMPATIBILITY_ONLY_NOT_PRODUCTION,4059548.3812,3680416.6879,6656.9809,9707,9692,-0.00163983,0.01249836,-0.00525961,-0.00163983,-6656.9809,4059548.3812,OK,0.0000,266.2792,4.0000,96.0000,AG03-UNRESOLVED,ALL5_LEVELS_bet23_to_bet27,266.2792,266.2792,266.2792,0.0000,0.0000,4.000000,4.000000,4.000000,0.000000,0.000000,96.000000,96.000000,96.000000,100.000000,100.000000,5.0,798.8377,767.3102,5858.1432,5889.6706,PENDING_AG03,FALSE,NOT_FOR_ENFORCEMENT,6390.7016,3533200.0204,6656.9809,6390.7016,266.2792,0.00163983,0.00157424,266.2792,6390.7016,0.00157424,266.2792,266.2792,266.2792,0.0000,0.0000,6390.7016,0.00157424,798.8377,767.3102,5858.1432,5889.6706,0.00144305,0.00145082,0.00006559,418.2083,379.7376,0.6869,61.6387,1.8384,37588.4109,89.7407,538.3845,395.5999,218.4789,430.6076,432.5446,432.5446,1046.441,1081.3617,427.0584,0.0,2.43015,2.511246,0.971205,30,216,96,2,0.20383968,0.00163983,-0.01249836,0E-8,0.000000,0.906607,0.000000,0.01775797,2026-03-22,2026-08-06,108,3621,2443,138,0.782609,1.360932,1.287360,0.679466,,,,,,,,GLOBAL_BASELINE_NO_ENTITY_RANKING,,,NOT_APPLICABLE_GLOBAL_BASELINE,HF9g-P5,,,,X 全窗基线 · 不参与实体赏罚,14198619,1420,A168_HF9F_20260827_0900,2026-08-27 09:00:00
2026-05-11,57024343,772,0,432.5446602362,-432.5446602362,-432.5446602362,0E-7,1,1,0.50665070000000000,0.506650700000,-1.013391052207602,-1.013391052207602,-1.013391052207602,0E-17,ELIGIBLE,R03b_20260811_FULL_v1,L1_ELIGIBILITY,v2026-08-11,2026-03-21..2026-08-06,baccarat_bet02_101_all_pairs_incl_sentinel,round_win = game_pnl > 0 (decisive only),COMPATIBILITY_ONLY_NOT_PRODUCTION,4059548.3812,3680416.6879,6656.9809,9707,9692,-0.00163983,0.01249836,-0.00525961,-0.00163983,-6656.9809,4059548.3812,OK,0.0000,266.2792,4.0000,96.0000,AG03-UNRESOLVED,ALL5_LEVELS_bet23_to_bet27,266.2792,266.2792,266.2792,0.0000,0.0000,4.000000,4.000000,4.000000,0.000000,0.000000,96.000000,96.000000,96.000000,100.000000,100.000000,5.0,798.8377,767.3102,5858.1432,5889.6706,PENDING_AG03,FALSE,NOT_FOR_ENFORCEMENT,6390.7016,3533200.0204,6656.9809,6390.7016,266.2792,0.00163983,0.00157424,266.2792,6390.7016,0.00157424,266.2792,266.2792,266.2792,0.0000,0.0000,6390.7016,0.00157424,798.8377,767.3102,5858.1432,5889.6706,0.00144305,0.00145082,0.00006559,418.2083,379.7376,0.6869,61.6387,1.8384,37588.4109,89.7407,538.3845,395.5999,218.4789,430.6076,432.5446,432.5446,1046.441,1081.3617,427.0584,0.0,2.43015,2.511246,0.971205,30,216,96,2,0.20383968,0.00163983,-0.01249836,0E-8,0.000000,0.906607,0.000000,0.01775797,2026-03-22,2026-08-06,108,3621,2443,138,0.782609,1.360932,1.287360,0.679466,,,,,,,,GLOBAL_BASELINE_NO_ENTITY_RANKING,,,NOT_APPLICABLE_GLOBAL_BASELINE,HF9g-P5,,,,X 全窗基线 · 不参与实体赏罚,14198620,1420,A168_HF9F_20260827_0900,2026-08-27 09:00:00
2026-05-11,57024343,948,0,1730.1786409448,1232.7522816732,1232.7522816732,1.0000000,4,4,0.50665070000000000,0.506650700000,1.7091633124209307,1.7091633124209307,1.7091633124209307,0E-17,ELIGIBLE,R03b_20260811_FULL_v1,L1_ELIGIBILITY,v2026-08-11,2026-03-21..2026-08-06,baccarat_bet02_101_all_pairs_incl_sentinel,round_win = game_pnl > 0 (decisive only),COMPATIBILITY_ONLY_NOT_PRODUCTION,4059548.3812,3680416.6879,6656.9809,9707,9692,-0.00163983,0.01249836,-0.00525961,-0.00163983,-6656.9809,4059548.3812,OK,0.0000,266.2792,4.0000,96.0000,AG03-UNRESOLVED,ALL5_LEVELS_bet23_to_bet27,266.2792,266.2792,266.2792,0.0000,0.0000,4.000000,4.000000,4.000000,0.000000,0.000000,96.000000,96.000000,96.000000,100.000000,100.000000,5.0,798.8377,767.3102,5858.1432,5889.6706,PENDING_AG03,FALSE,NOT_FOR_ENFORCEMENT,6390.7016,3533200.0204,6656.9809,6390.7016,266.2792,0.00163983,0.00157424,266.2792,6390.7016,0.00157424,266.2792,266.2792,266.2792,0.0000,0.0000,6390.7016,0.00157424,798.8377,767.3102,5858.1432,5889.6706,0.00144305,0.00145082,0.00006559,418.2083,379.7376,0.6869,61.6387,1.8384,37588.4109,89.7407,538.3845,395.5999,218.4789,430.6076,432.5446,432.5446,1046.441,1081.3617,427.0584,0.0,2.43015,2.511246,0.971205,30,216,96,2,0.20383968,0.00163983,-0.01249836,0E-8,0.000000,0.906607,0.000000,0.01775797,2026-03-22,2026-08-06,108,3621,2443,138,0.782609,1.360932,1.287360,0.679466,,,,,,,,GLOBAL_BASELINE_NO_ENTITY_RANKING,,,NOT_APPLICABLE_GLOBAL_BASELINE,HF9g-P5,,,,X 全窗基线 · 不参与实体赏罚,14198621,1420,A168_HF9F_20260827_0900,2026-08-27 09:00:00
2026-05-11,57024343,987,0,432.5446602362,410.9174272244,410.9174272244,1.0000000,1,1,0.50665070000000000,0.506650700000,0.9867858985152569,0.9867858985152569,0.9867858985152569,0E-17,ELIGIBLE,R03b_20260811_FULL_v1,L1_ELIGIBILITY,v2026-08-11,2026-03-21..2026-08-06,baccarat_bet02_101_all_pairs_incl_sentinel,round_win = game_pnl > 0 (decisive only),COMPATIBILITY_ONLY_NOT_PRODUCTION,4059548.3812,3680416.6879,6656.9809,9707,9692,-0.00163983,0.01249836,-0.00525961,-0.00163983,-6656.9809,4059548.3812,OK,0.0000,266.2792,4.0000,96.0000,AG03-UNRESOLVED,ALL5_LEVELS_bet23_to_bet27,266.2792,266.2792,266.2792,0.0000,0.0000,4.000000,4.000000,4.000000,0.000000,0.000000,96.000000,96.000000,96.000000,100.000000,100.000000,5.0,798.8377,767.3102,5858.1432,5889.6706,PENDING_AG03,FALSE,NOT_FOR_ENFORCEMENT,6390.7016,3533200.0204,6656.9809,6390.7016,266.2792,0.00163983,0.00157424,266.2792,6390.7016,0.00157424,266.2792,266.2792,266.2792,0.0000,0.0000,6390.7016,0.00157424,798.8377,767.3102,5858.1432,5889.6706,0.00144305,0.00145082,0.00006559,418.2083,379.7376,0.6869,61.6387,1.8384,37588.4109,89.7407,538.3845,395.5999,218.4789,430.6076,432.5446,432.5446,1046.441,1081.3617,427.0584,0.0,2.43015,2.511246,0.971205,30,216,96,2,0.20383968,0.00163983,-0.01249836,0E-8,0.000000,0.906607,0.000000,0.01775797,2026-03-22,2026-08-06,108,3621,2443,138,0.782609,1.360932,1.287360,0.679466,,,,,,,,GLOBAL_BASELINE_NO_ENTITY_RANKING,,,NOT_APPLICABLE_GLOBAL_BASELINE,HF9g-P5,,,,X 全窗基线 · 不参与实体赏罚,14198622,1420,A168_HF9F_20260827_0900,2026-08-27 09:00:00
2026-05-12,57024343,-1,1,10164.7995155507,1265.1931311909,1265.1931311909,0.5714286,23,23,0.50606786521739130,0.506067865217,0.5990848844001051,0.599084884403686,0.5990848844001051,3.9130E-13,SENTINEL_DEALER,R03b_20260811_FULL_v1,L1_ELIGIBILITY,v2026-08-11,2026-03-21..2026-08-06,baccarat_bet02_101_all_pairs_incl_sentinel,round_win = game_pnl > 0 (decisive only),COMPATIBILITY_ONLY_NOT_PRODUCTION,4059548.3812,3680416.6879,6656.9809,9707,9692,-0.00163983,0.01249836,-0.00525961,-0.00163983,-6656.9809,4059548.3812,OK,0.0000,266.2792,4.0000,96.0000,AG03-UNRESOLVED,ALL5_LEVELS_bet23_to_bet27,266.2792,266.2792,266.2792,0.0000,0.0000,4.000000,4.000000,4.000000,0.000000,0.000000,96.000000,96.000000,96.000000,100.000000,100.000000,5.0,798.8377,767.3102,5858.1432,5889.6706,PENDING_AG03,FALSE,NOT_FOR_ENFORCEMENT,6390.7016,3533200.0204,6656.9809,6390.7016,266.2792,0.00163983,0.00157424,266.2792,6390.7016,0.00157424,266.2792,266.2792,266.2792,0.0000,0.0000,6390.7016,0.00157424,798.8377,767.3102,5858.1432,5889.6706,0.00144305,0.00145082,0.00006559,418.2083,379.7376,0.6869,61.6387,1.8384,37588.4109,89.7407,538.3845,395.5999,218.4789,430.6076,432.5446,432.5446,1046.441,1081.3617,427.0584,0.0,2.43015,2.511246,0.971205,30,216,96,2,0.20383968,0.00163983,-0.01249836,0E-8,0.000000,0.906607,0.000000,0.01775797,2026-03-22,2026-08-06,108,3621,2443,138,0.782609,1.360932,1.287360,0.679466,,,,,,,,GLOBAL_BASELINE_NO_ENTITY_RANKING,,,NOT_APPLICABLE_GLOBAL_BASELINE,HF9g-P5,,,,X 全窗基线 · 不参与实体赏罚,14198623,1420,A168_HF9F_20260827_0900,2026-08-27 09:00:00
2026-05-12,57024343,1017,0,432.5446602362,410.9174272244,410.9174272244,1.0000000,1,1,0.50665070000000000,0.506650700000,0.9867858985152569,0.9867858985152569,0.9867858985152569,0E-17,ELIGIBLE,R03b_20260811_FULL_v1,L1_ELIGIBILITY,v2026-08-11,2026-03-21..2026-08-06,baccarat_bet02_101_all_pairs_incl_sentinel,round_win = game_pnl > 0 (decisive only),COMPATIBILITY_ONLY_NOT_PRODUCTION,4059548.3812,3680416.6879,6656.9809,9707,9692,-0.00163983,0.01249836,-0.00525961,-0.00163983,-6656.9809,4059548.3812,OK,0.0000,266.2792,4.0000,96.0000,AG03-UNRESOLVED,ALL5_LEVELS_bet23_to_bet27,266.2792,266.2792,266.2792,0.0000,0.0000,4.000000,4.000000,4.000000,0.000000,0.000000,96.000000,96.000000,96.000000,100.000000,100.000000,5.0,798.8377,767.3102,5858.1432,5889.6706,PENDING_AG03,FALSE,NOT_FOR_ENFORCEMENT,6390.7016,3533200.0204,6656.9809,6390.7016,266.2792,0.00163983,0.00157424,266.2792,6390.7016,0.00157424,266.2792,266.2792,266.2792,0.0000,0.0000,6390.7016,0.00157424,798.8377,767.3102,5858.1432,5889.6706,0.00144305,0.00145082,0.00006559,418.2083,379.7376,0.6869,61.6387,1.8384,37588.4109,89.7407,538.3845,395.5999,218.4789,430.6076,432.5446,432.5446,1046.441,1081.3617,427.0584,0.0,2.43015,2.511246,0.971205,30,216,96,2,0.20383968,0.00163983,-0.01249836,0E-8,0.000000,0.906607,0.000000,0.01775797,2026-03-22,2026-08-06,108,3621,2443,138,0.782609,1.360932,1.287360,0.679466,,,,,,,,GLOBAL_BASELINE_NO_ENTITY_RANKING,,,NOT_APPLICABLE_GLOBAL_BASELINE,HF9g-P5,,,,X 全窗基线 · 不参与实体赏罚,14198624,1420,A168_HF9F_20260827_0900,2026-08-27 09:00:00
2026-05-12,57024343,1210,0,3460.3572818896,2022.1462866042,2022.1462866042,0.7500000,8,8,0.50665070000000000,0.506650700000,1.3767133162484293,1.3767133162484293,1.3767133162484293,0E-17,ELIGIBLE,R03b_20260811_FULL_v1,L1_ELIGIBILITY,v2026-08-11,2026-03-21..2026-08-06,baccarat_bet02_101_all_pairs_incl_sentinel,round_win = game_pnl > 0 (decisive only),COMPATIBILITY_ONLY_NOT_PRODUCTION,4059548.3812,3680416.6879,6656.9809,9707,9692,-0.00163983,0.01249836,-0.00525961,-0.00163983,-6656.9809,4059548.3812,OK,0.0000,266.2792,4.0000,96.0000,AG03-UNRESOLVED,ALL5_LEVELS_bet23_to_bet27,266.2792,266.2792,266.2792,0.0000,0.0000,4.000000,4.000000,4.000000,0.000000,0.000000,96.000000,96.000000,96.000000,100.000000,100.000000,5.0,798.8377,767.3102,5858.1432,5889.6706,PENDING_AG03,FALSE,NOT_FOR_ENFORCEMENT,6390.7016,3533200.0204,6656.9809,6390.7016,266.2792,0.00163983,0.00157424,266.2792,6390.7016,0.00157424,266.2792,266.2792,266.2792,0.0000,0.0000,6390.7016,0.00157424,798.8377,767.3102,5858.1432,5889.6706,0.00144305,0.00145082,0.00006559,418.2083,379.7376,0.6869,61.6387,1.8384,37588.4109,89.7407,538.3845,395.5999,218.4789,430.6076,432.5446,432.5446,1046.441,1081.3617,427.0584,0.0,2.43015,2.511246,0.971205,30,216,96,2,0.20383968,0.00163983,-0.01249836,0E-8,0.000000,0.906607,0.000000,0.01775797,2026-03-22,2026-08-06,108,3621,2443,138,0.782609,1.360932,1.287360,0.679466,,,,,,,,GLOBAL_BASELINE_NO_ENTITY_RANKING,,,NOT_APPLICABLE_GLOBAL_BASELINE,HF9g-P5,,,,X 全窗基线 · 不参与实体赏罚,14198625,1420,A168_HF9F_20260827_0900,2026-08-27 09:00:00
2026-05-12,57024343,1299,0,1297.6339807086,432.5446602362,432.5446602362,0.6666667,3,3,0.49771390000000000,0.497713900000,0.5852756695216578,0.5852756695216578,0.5852756695216578,0E-17,ELIGIBLE,R03b_20260811_FULL_v1,L1_ELIGIBILITY,v2026-08-11,2026-03-21..2026-08-06,baccarat_bet02_101_all_pairs_incl_sentinel,round_win = game_pnl > 0 (decisive only),COMPATIBILITY_ONLY_NOT_PRODUCTION,4059548.3812,3680416.6879,6656.9809,9707,9692,-0.00163983,0.01249836,-0.00525961,-0.00163983,-6656.9809,4059548.3812,OK,0.0000,266.2792,4.0000,96.0000,AG03-UNRESOLVED,ALL5_LEVELS_bet23_to_bet27,266.2792,266.2792,266.2792,0.0000,0.0000,4.000000,4.000000,4.000000,0.000000,0.000000,96.000000,96.000000,96.000000,100.000000,100.000000,5.0,798.8377,767.3102,5858.1432,5889.6706,PENDING_AG03,FALSE,NOT_FOR_ENFORCEMENT,6390.7016,3533200.0204,6656.9809,6390.7016,266.2792,0.00163983,0.00157424,266.2792,6390.7016,0.00157424,266.2792,266.2792,266.2792,0.0000,0.0000,6390.7016,0.00157424,798.8377,767.3102,5858.1432,5889.6706,0.00144305,0.00145082,0.00006559,418.2083,379.7376,0.6869,61.6387,1.8384,37588.4109,89.7407,538.3845,395.5999,218.4789,430.6076,432.5446,432.5446,1046.441,1081.3617,427.0584,0.0,2.43015,2.511246,0.971205,30,216,96,2,0.20383968,0.00163983,-0.01249836,0E-8,0.000000,0.906607,0.000000,0.01775797,2026-03-22,2026-08-06,108,3621,2443,138,0.782609,1.360932,1.287360,0.679466,,,,,,,,GLOBAL_BASELINE_NO_ENTITY_RANKING,,,NOT_APPLICABLE_GLOBAL_BASELINE,HF9g-P5,,,,X 全窗基线 · 不参与实体赏罚,14198626,1420,A168_HF9F_20260827_0900,2026-08-27 09:00:00
2026-05-12,57024343,1304,0,648.8169903543,-648.8169903543,-648.8169903543,0E-7,2,2,0.50665070000000000,0.506650700000,-1.4331513700195317,-1.4331513700195317,-1.4331513700195317,0E-17,ELIGIBLE,R03b_20260811_FULL_v1,L1_ELIGIBILITY,v2026-08-11,2026-03-21..2026-08-06,baccarat_bet02_101_all_pairs_incl_sentinel,round_win = game_pnl > 0 (decisive only),COMPATIBILITY_ONLY_NOT_PRODUCTION,4059548.3812,3680416.6879,6656.9809,9707,9692,-0.00163983,0.01249836,-0.00525961,-0.00163983,-6656.9809,4059548.3812,OK,0.0000,266.2792,4.0000,96.0000,AG03-UNRESOLVED,ALL5_LEVELS_bet23_to_bet27,266.2792,266.2792,266.2792,0.0000,0.0000,4.000000,4.000000,4.000000,0.000000,0.000000,96.000000,96.000000,96.000000,100.000000,100.000000,5.0,798.8377,767.3102,5858.1432,5889.6706,PENDING_AG03,FALSE,NOT_FOR_ENFORCEMENT,6390.7016,3533200.0204,6656.9809,6390.7016,266.2792,0.00163983,0.00157424,266.2792,6390.7016,0.00157424,266.2792,266.2792,266.2792,0.0000,0.0000,6390.7016,0.00157424,798.8377,767.3102,5858.1432,5889.6706,0.00144305,0.00145082,0.00006559,418.2083,379.7376,0.6869,61.6387,1.8384,37588.4109,89.7407,538.3845,395.5999,218.4789,430.6076,432.5446,432.5446,1046.441,1081.3617,427.0584,0.0,2.43015,2.511246,0.971205,30,216,96,2,0.20383968,0.00163983,-0.01249836,0E-8,0.000000,0.906607,0.000000,0.01775797,2026-03-22,2026-08-06,108,3621,2443,138,0.782609,1.360932,1.287360,0.679466,,,,,,,,GLOBAL_BASELINE_NO_ENTITY_RANKING,,,NOT_APPLICABLE_GLOBAL_BASELINE,HF9g-P5,,,,X 全窗基线 · 不参与实体赏罚,14198627,1420,A168_HF9F_20260827_0900,2026-08-27 09:00:00
2026-05-12,57024343,1306,0,3676.6296120077,1805.8739564862,1805.8739564862,0.7777778,9,9,0.50665070000000000,0.506650700000,1.6269063950638647,1.6269063950638647,1.6269063950638647,0E-17,ELIGIBLE,R03b_20260811_FULL_v1,L1_ELIGIBILITY,v2026-08-11,2026-03-21..2026-08-06,baccarat_bet02_101_all_pairs_incl_sentinel,round_win = game_pnl > 0 (decisive only),COMPATIBILITY_ONLY_NOT_PRODUCTION,4059548.3812,3680416.6879,6656.9809,9707,9692,-0.00163983,0.01249836,-0.00525961,-0.00163983,-6656.9809,4059548.3812,OK,0.0000,266.2792,4.0000,96.0000,AG03-UNRESOLVED,ALL5_LEVELS_bet23_to_bet27,266.2792,266.2792,266.2792,0.0000,0.0000,4.000000,4.000000,4.000000,0.000000,0.000000,96.000000,96.000000,96.000000,100.000000,100.000000,5.0,798.8377,767.3102,5858.1432,5889.6706,PENDING_AG03,FALSE,NOT_FOR_ENFORCEMENT,6390.7016,3533200.0204,6656.9809,6390.7016,266.2792,0.00163983,0.00157424,266.2792,6390.7016,0.00157424,266.2792,266.2792,266.2792,0.0000,0.0000,6390.7016,0.00157424,798.8377,767.3102,5858.1432,5889.6706,0.00144305,0.00145082,0.00006559,418.2083,379.7376,0.6869,61.6387,1.8384,37588.4109,89.7407,538.3845,395.5999,218.4789,430.6076,432.5446,432.5446,1046.441,1081.3617,427.0584,0.0,2.43015,2.511246,0.971205,30,216,96,2,0.20383968,0.00163983,-0.01249836,0E-8,0.000000,0.906607,0.000000,0.01775797,2026-03-22,2026-08-06,108,3621,2443,138,0.782609,1.360932,1.287360,0.679466,,,,,,,,GLOBAL_BASELINE_NO_ENTITY_RANKING,,,NOT_APPLICABLE_GLOBAL_BASELINE,HF9g-P5,,,,X 全窗基线 · 不参与实体赏罚,14198628,1420,A168_HF9F_20260827_0900,2026-08-27 09:00:00
2026-05-12,57024343,1507,0,2595.2679614172,1622.0424758858,1622.0424758858,0.8333333,6,6,0.50441650000000000,0.504416500000,1.6114196831874958,1.6114196831874958,1.6114196831874958,0E-17,ELIGIBLE,R03b_20260811_FULL_v1,L1_ELIGIBILITY,v2026-08-11,2026-03-21..2026-08-06,baccarat_bet02_101_all_pairs_incl_sentinel,round_win = game_pnl > 0 (decisive only),COMPATIBILITY_ONLY_NOT_PRODUCTION,4059548.3812,3680416.6879,6656.9809,9707,9692,-0.00163983,0.01249836,-0.00525961,-0.00163983,-6656.9809,4059548.3812,OK,0.0000,266.2792,4.0000,96.0000,AG03-UNRESOLVED,ALL5_LEVELS_bet23_to_bet27,266.2792,266.2792,266.2792,0.0000,0.0000,4.000000,4.000000,4.000000,0.000000,0.000000,96.000000,96.000000,96.000000,100.000000,100.000000,5.0,798.8377,767.3102,5858.1432,5889.6706,PENDING_AG03,FALSE,NOT_FOR_ENFORCEMENT,6390.7016,3533200.0204,6656.9809,6390.7016,266.2792,0.00163983,0.00157424,266.2792,6390.7016,0.00157424,266.2792,266.2792,266.2792,0.0000,0.0000,6390.7016,0.00157424,798.8377,767.3102,5858.1432,5889.6706,0.00144305,0.00145082,0.00006559,418.2083,379.7376,0.6869,61.6387,1.8384,37588.4109,89.7407,538.3845,395.5999,218.4789,430.6076,432.5446,432.5446,1046.441,1081.3617,427.0584,0.0,2.43015,2.511246,0.971205,30,216,96,2,0.20383968,0.00163983,-0.01249836,0E-8,0.000000,0.906607,0.000000,0.01775797,2026-03-22,2026-08-06,108,3621,2443,138,0.782609,1.360932,1.287360,0.679466,,,,,,,,GLOBAL_BASELINE_NO_ENTITY_RANKING,,,NOT_APPLICABLE_GLOBAL_BASELINE,HF9g-P5,,,,X 全窗基线 · 不参与实体赏罚,14198629,1420,A168_HF9F_20260827_0900,2026-08-27 09:00:00
2026-05-12,57024343,1710,0,1297.6339807086,389.2901942126,389.2901942126,0.6666667,3,3,0.50665070000000000,0.506650700000,0.5543606114942035,0.5543606114942035,0.5543606114942035,0E-17,ELIGIBLE,R03b_20260811_FULL_v1,L1_ELIGIBILITY,v2026-08-11,2026-03-21..2026-08-06,baccarat_bet02_101_all_pairs_incl_sentinel,round_win = game_pnl > 0 (decisive only),COMPATIBILITY_ONLY_NOT_PRODUCTION,4059548.3812,3680416.6879,6656.9809,9707,9692,-0.00163983,0.01249836,-0.00525961,-0.00163983,-6656.9809,4059548.3812,OK,0.0000,266.2792,4.0000,96.0000,AG03-UNRESOLVED,ALL5_LEVELS_bet23_to_bet27,266.2792,266.2792,266.2792,0.0000,0.0000,4.000000,4.000000,4.000000,0.000000,0.000000,96.000000,96.000000,96.000000,100.000000,100.000000,5.0,798.8377,767.3102,5858.1432,5889.6706,PENDING_AG03,FALSE,NOT_FOR_ENFORCEMENT,6390.7016,3533200.0204,6656.9809,6390.7016,266.2792,0.00163983,0.00157424,266.2792,6390.7016,0.00157424,266.2792,266.2792,266.2792,0.0000,0.0000,6390.7016,0.00157424,798.8377,767.3102,5858.1432,5889.6706,0.00144305,0.00145082,0.00006559,418.2083,379.7376,0.6869,61.6387,1.8384,37588.4109,89.7407,538.3845,395.5999,218.4789,430.6076,432.5446,432.5446,1046.441,1081.3617,427.0584,0.0,2.43015,2.511246,0.971205,30,216,96,2,0.20383968,0.00163983,-0.01249836,0E-8,0.000000,0.906607,0.000000,0.01775797,2026-03-22,2026-08-06,108,3621,2443,138,0.782609,1.360932,1.287360,0.679466,,,,,,,,GLOBAL_BASELINE_NO_ENTITY_RANKING,,,NOT_APPLICABLE_GLOBAL_BASELINE,HF9g-P5,,,,X 全窗基线 · 不参与实体赏罚,14198630,1420,A168_HF9F_20260827_0900,2026-08-27 09:00:00
2026-05-12,57024343,1935,0,1297.6339807086,-21.6272330118,-21.6272330118,0.5000000,3,3,0.50665070000000000,0.506650700000,-0.018812684590367487,-0.018812684590367487,-0.018812684590367487,0E-17,ELIGIBLE,R03b_20260811_FULL_v1,L1_ELIGIBILITY,v2026-08-11,2026-03-21..2026-08-06,baccarat_bet02_101_all_pairs_incl_sentinel,round_win = game_pnl > 0 (decisive only),COMPATIBILITY_ONLY_NOT_PRODUCTION,4059548.3812,3680416.6879,6656.9809,9707,9692,-0.00163983,0.01249836,-0.00525961,-0.00163983,-6656.9809,4059548.3812,OK,0.0000,266.2792,4.0000,96.0000,AG03-UNRESOLVED,ALL5_LEVELS_bet23_to_bet27,266.2792,266.2792,266.2792,0.0000,0.0000,4.000000,4.000000,4.000000,0.000000,0.000000,96.000000,96.000000,96.000000,100.000000,100.000000,5.0,798.8377,767.3102,5858.1432,5889.6706,PENDING_AG03,FALSE,NOT_FOR_ENFORCEMENT,6390.7016,3533200.0204,6656.9809,6390.7016,266.2792,0.00163983,0.00157424,266.2792,6390.7016,0.00157424,266.2792,266.2792,266.2792,0.0000,0.0000,6390.7016,0.00157424,798.8377,767.3102,5858.1432,5889.6706,0.00144305,0.00145082,0.00006559,418.2083,379.7376,0.6869,61.6387,1.8384,37588.4109,89.7407,538.3845,395.5999,218.4789,430.6076,432.5446,432.5446,1046.441,1081.3617,427.0584,0.0,2.43015,2.511246,0.971205,30,216,96,2,0.20383968,0.00163983,-0.01249836,0E-8,0.000000,0.906607,0.000000,0.01775797,2026-03-22,2026-08-06,108,3621,2443,138,0.782609,1.360932,1.287360,0.679466,,,,,,,,GLOBAL_BASELINE_NO_ENTITY_RANKING,,,NOT_APPLICABLE_GLOBAL_BASELINE,HF9g-P5,,,,X 全窗基线 · 不参与实体赏罚,14198631,1420,A168_HF9F_20260827_0900,2026-08-27 09:00:00
2026-05-12,57024343,1990,0,2595.2679614171,-908.3437864959,-908.3437864959,0.4000000,5,5,0.50665070000000000,0.506650700000,-0.4769986289884125,-0.4769986289884125,-0.4769986289884125,0E-17,ELIGIBLE,R03b_20260811_FULL_v1,L1_ELIGIBILITY,v2026-08-11,2026-03-21..2026-08-06,baccarat_bet02_101_all_pairs_incl_sentinel,round_win = game_pnl > 0 (decisive only),COMPATIBILITY_ONLY_NOT_PRODUCTION,4059548.3812,3680416.6879,6656.9809,9707,9692,-0.00163983,0.01249836,-0.00525961,-0.00163983,-6656.9809,4059548.3812,OK,0.0000,266.2792,4.0000,96.0000,AG03-UNRESOLVED,ALL5_LEVELS_bet23_to_bet27,266.2792,266.2792,266.2792,0.0000,0.0000,4.000000,4.000000,4.000000,0.000000,0.000000,96.000000,96.000000,96.000000,100.000000,100.000000,5.0,798.8377,767.3102,5858.1432,5889.6706,PENDING_AG03,FALSE,NOT_FOR_ENFORCEMENT,6390.7016,3533200.0204,6656.9809,6390.7016,266.2792,0.00163983,0.00157424,266.2792,6390.7016,0.00157424,266.2792,266.2792,266.2792,0.0000,0.0000,6390.7016,0.00157424,798.8377,767.3102,5858.1432,5889.6706,0.00144305,0.00145082,0.00006559,418.2083,379.7376,0.6869,61.6387,1.8384,37588.4109,89.7407,538.3845,395.5999,218.4789,430.6076,432.5446,432.5446,1046.441,1081.3617,427.0584,0.0,2.43015,2.511246,0.971205,30,216,96,2,0.20383968,0.00163983,-0.01249836,0E-8,0.000000,0.906607,0.000000,0.01775797,2026-03-22,2026-08-06,108,3621,2443,138,0.782609,1.360932,1.287360,0.679466,,,,,,,,GLOBAL_BASELINE_NO_ENTITY_RANKING,,,NOT_APPLICABLE_GLOBAL_BASELINE,HF9g-P5,,,,X 全窗基线 · 不参与实体赏罚,14198632,1420,A168_HF9F_20260827_0900,2026-08-27 09:00:00
2026-05-12,57024343,2115,0,865.0893204724,821.8348544488,821.8348544488,1.0000000,2,2,0.50665070000000000,0.506650700000,1.3955260008387969,1.3955260008387969,1.3955260008387969,0E-17,ELIGIBLE,R03b_20260811_FULL_v1,L1_ELIGIBILITY,v2026-08-11,2026-03-21..2026-08-06,baccarat_bet02_101_all_pairs_incl_sentinel,round_win = game_pnl > 0 (decisive only),COMPATIBILITY_ONLY_NOT_PRODUCTION,4059548.3812,3680416.6879,6656.9809,9707,9692,-0.00163983,0.01249836,-0.00525961,-0.00163983,-6656.9809,4059548.3812,OK,0.0000,266.2792,4.0000,96.0000,AG03-UNRESOLVED,ALL5_LEVELS_bet23_to_bet27,266.2792,266.2792,266.2792,0.0000,0.0000,4.000000,4.000000,4.000000,0.000000,0.000000,96.000000,96.000000,96.000000,100.000000,100.000000,5.0,798.8377,767.3102,5858.1432,5889.6706,PENDING_AG03,FALSE,NOT_FOR_ENFORCEMENT,6390.7016,3533200.0204,6656.9809,6390.7016,266.2792,0.00163983,0.00157424,266.2792,6390.7016,0.00157424,266.2792,266.2792,266.2792,0.0000,0.0000,6390.7016,0.00157424,798.8377,767.3102,5858.1432,5889.6706,0.00144305,0.00145082,0.00006559,418.2083,379.7376,0.6869,61.6387,1.8384,37588.4109,89.7407,538.3845,395.5999,218.4789,430.6076,432.5446,432.5446,1046.441,1081.3617,427.0584,0.0,2.43015,2.511246,0.971205,30,216,96,2,0.20383968,0.00163983,-0.01249836,0E-8,0.000000,0.906607,0.000000,0.01775797,2026-03-22,2026-08-06,108,3621,2443,138,0.782609,1.360932,1.287360,0.679466,,,,,,,,GLOBAL_BASELINE_NO_ENTITY_RANKING,,,NOT_APPLICABLE_GLOBAL_BASELINE,HF9g-P5,,,,X 全窗基线 · 不参与实体赏罚,14198633,1420,A168_HF9F_20260827_0900,2026-08-27 09:00:00
2026-05-12,57024343,2117,0,865.0893204724,-21.6272330118,-21.6272330118,0.5000000,2,2,0.50665070000000000,0.506650700000,-0.018812684590367487,-0.018812684590367487,-0.018812684590367487,0E-17,ELIGIBLE,R03b_20260811_FULL_v1,L1_ELIGIBILITY,v2026-08-11,2026-03-21..2026-08-06,baccarat_bet02_101_all_pairs_incl_sentinel,round_win = game_pnl > 0 (decisive only),COMPATIBILITY_ONLY_NOT_PRODUCTION,4059548.3812,3680416.6879,6656.9809,9707,9692,-0.00163983,0.01249836,-0.00525961,-0.00163983,-6656.9809,4059548.3812,OK,0.0000,266.2792,4.0000,96.0000,AG03-UNRESOLVED,ALL5_LEVELS_bet23_to_bet27,266.2792,266.2792,266.2792,0.0000,0.0000,4.000000,4.000000,4.000000,0.000000,0.000000,96.000000,96.000000,96.000000,100.000000,100.000000,5.0,798.8377,767.3102,5858.1432,5889.6706,PENDING_AG03,FALSE,NOT_FOR_ENFORCEMENT,6390.7016,3533200.0204,6656.9809,6390.7016,266.2792,0.00163983,0.00157424,266.2792,6390.7016,0.00157424,266.2792,266.2792,266.2792,0.0000,0.0000,6390.7016,0.00157424,798.8377,767.3102,5858.1432,5889.6706,0.00144305,0.00145082,0.00006559,418.2083,379.7376,0.6869,61.6387,1.8384,37588.4109,89.7407,538.3845,395.5999,218.4789,430.6076,432.5446,432.5446,1046.441,1081.3617,427.0584,0.0,2.43015,2.511246,0.971205,30,216,96,2,0.20383968,0.00163983,-0.01249836,0E-8,0.000000,0.906607,0.000000,0.01775797,2026-03-22,2026-08-06,108,3621,2443,138,0.782609,1.360932,1.287360,0.679466,,,,,,,,GLOBAL_BASELINE_NO_ENTITY_RANKING,,,NOT_APPLICABLE_GLOBAL_BASELINE,HF9g-P5,,,,X 全窗基线 · 不参与实体赏罚,14198634,1420,A168_HF9F_20260827_0900,2026-08-27 09:00:00
2026-05-12,57024343,2121,0,2595.2679614171,2465.5045633463,2465.5045633463,1.0000000,5,5,0.50665070000000000,0.506650700000,2.2065203483183233,2.2065203483183233,2.2065203483183233,0E-17,ELIGIBLE,R03b_20260811_FULL_v1,L1_ELIGIBILITY,v2026-08-11,2026-03-21..2026-08-06,baccarat_bet02_101_all_pairs_incl_sentinel,round_win = game_pnl > 0 (decisive only),COMPATIBILITY_ONLY_NOT_PRODUCTION,4059548.3812,3680416.6879,6656.9809,9707,9692,-0.00163983,0.01249836,-0.00525961,-0.00163983,-6656.9809,4059548.3812,OK,0.0000,266.2792,4.0000,96.0000,AG03-UNRESOLVED,ALL5_LEVELS_bet23_to_bet27,266.2792,266.2792,266.2792,0.0000,0.0000,4.000000,4.000000,4.000000,0.000000,0.000000,96.000000,96.000000,96.000000,100.000000,100.000000,5.0,798.8377,767.3102,5858.1432,5889.6706,PENDING_AG03,FALSE,NOT_FOR_ENFORCEMENT,6390.7016,3533200.0204,6656.9809,6390.7016,266.2792,0.00163983,0.00157424,266.2792,6390.7016,0.00157424,266.2792,266.2792,266.2792,0.0000,0.0000,6390.7016,0.00157424,798.8377,767.3102,5858.1432,5889.6706,0.00144305,0.00145082,0.00006559,418.2083,379.7376,0.6869,61.6387,1.8384,37588.4109,89.7407,538.3845,395.5999,218.4789,430.6076,432.5446,432.5446,1046.441,1081.3617,427.0584,0.0,2.43015,2.511246,0.971205,30,216,96,2,0.20383968,0.00163983,-0.01249836,0E-8,0.000000,0.906607,0.000000,0.01775797,2026-03-22,2026-08-06,108,3621,2443,138,0.782609,1.360932,1.287360,0.679466,,,,,,,,GLOBAL_BASELINE_NO_ENTITY_RANKING,,,NOT_APPLICABLE_GLOBAL_BASELINE,HF9g-P5,,,,X 全窗基线 · 不参与实体赏罚,14198635,1420,A168_HF9F_20260827_0900,2026-08-27 09:00:00
2026-05-12,57024343,2152,0,3460.3572818896,1189.4978156496,1189.4978156496,0.7142857,8,8,0.50665070000000000,0.506650700000,1.098798430526454,1.098798430526454,1.098798430526454,0E-17,ELIGIBLE,R03b_20260811_FULL_v1,L1_ELIGIBILITY,v2026-08-11,2026-03-21..2026-08-06,baccarat_bet02_101_all_pairs_incl_sentinel,round_win = game_pnl > 0 (decisive only),COMPATIBILITY_ONLY_NOT_PRODUCTION,4059548.3812,3680416.6879,6656.9809,9707,9692,-0.00163983,0.01249836,-0.00525961,-0.00163983,-6656.9809,4059548.3812,OK,0.0000,266.2792,4.0000,96.0000,AG03-UNRESOLVED,ALL5_LEVELS_bet23_to_bet27,266.2792,266.2792,266.2792,0.0000,0.0000,4.000000,4.000000,4.000000,0.000000,0.000000,96.000000,96.000000,96.000000,100.000000,100.000000,5.0,798.8377,767.3102,5858.1432,5889.6706,PENDING_AG03,FALSE,NOT_FOR_ENFORCEMENT,6390.7016,3533200.0204,6656.9809,6390.7016,266.2792,0.00163983,0.00157424,266.2792,6390.7016,0.00157424,266.2792,266.2792,266.2792,0.0000,0.0000,6390.7016,0.00157424,798.8377,767.3102,5858.1432,5889.6706,0.00144305,0.00145082,0.00006559,418.2083,379.7376,0.6869,61.6387,1.8384,37588.4109,89.7407,538.3845,395.5999,218.4789,430.6076,432.5446,432.5446,1046.441,1081.3617,427.0584,0.0,2.43015,2.511246,0.971205,30,216,96,2,0.20383968,0.00163983,-0.01249836,0E-8,0.000000,0.906607,0.000000,0.01775797,2026-03-22,2026-08-06,108,3621,2443,138,0.782609,1.360932,1.287360,0.679466,,,,,,,,GLOBAL_BASELINE_NO_ENTITY_RANKING,,,NOT_APPLICABLE_GLOBAL_BASELINE,HF9g-P5,,,,X 全窗基线 · 不参与实体赏罚,14198636,1420,A168_HF9F_20260827_0900,2026-08-27 09:00:00
2026-05-12,57024343,2155,0,1297.6339807086,-454.1718932480,-454.1718932480,0.3333333,3,3,0.50665070000000000,0.506650700000,-0.6004420894325239,-0.6004420894325239,-0.6004420894325239,0E-17,ELIGIBLE,R03b_20260811_FULL_v1,L1_ELIGIBILITY,v2026-08-11,2026-03-21..2026-08-06,baccarat_bet02_101_all_pairs_incl_sentinel,round_win = game_pnl > 0 (decisive only),COMPATIBILITY_ONLY_NOT_PRODUCTION,4059548.3812,3680416.6879,6656.9809,9707,9692,-0.00163983,0.01249836,-0.00525961,-0.00163983,-6656.9809,4059548.3812,OK,0.0000,266.2792,4.0000,96.0000,AG03-UNRESOLVED,ALL5_LEVELS_bet23_to_bet27,266.2792,266.2792,266.2792,0.0000,0.0000,4.000000,4.000000,4.000000,0.000000,0.000000,96.000000,96.000000,96.000000,100.000000,100.000000,5.0,798.8377,767.3102,5858.1432,5889.6706,PENDING_AG03,FALSE,NOT_FOR_ENFORCEMENT,6390.7016,3533200.0204,6656.9809,6390.7016,266.2792,0.00163983,0.00157424,266.2792,6390.7016,0.00157424,266.2792,266.2792,266.2792,0.0000,0.0000,6390.7016,0.00157424,798.8377,767.3102,5858.1432,5889.6706,0.00144305,0.00145082,0.00006559,418.2083,379.7376,0.6869,61.6387,1.8384,37588.4109,89.7407,538.3845,395.5999,218.4789,430.6076,432.5446,432.5446,1046.441,1081.3617,427.0584,0.0,2.43015,2.511246,0.971205,30,216,96,2,0.20383968,0.00163983,-0.01249836,0E-8,0.000000,0.906607,0.000000,0.01775797,2026-03-22,2026-08-06,108,3621,2443,138,0.782609,1.360932,1.287360,0.679466,,,,,,,,GLOBAL_BASELINE_NO_ENTITY_RANKING,,,NOT_APPLICABLE_GLOBAL_BASELINE,HF9g-P5,,,,X 全窗基线 · 不参与实体赏罚,14198637,1420,A168_HF9F_20260827_0900,2026-08-27 09:00:00
2026-05-12,57024343,2196,0,2595.2679614172,-64.8816990354,-64.8816990354,0.5000000,6,6,0.50665070000000000,0.506650700000,-0.032584525537284574,-0.032584525537284574,-0.032584525537284574,0E-17,ELIGIBLE,R03b_20260811_FULL_v1,L1_ELIGIBILITY,v2026-08-11,2026-03-21..2026-08-06,baccarat_bet02_101_all_pairs_incl_sentinel,round_win = game_pnl > 0 (decisive only),COMPATIBILITY_ONLY_NOT_PRODUCTION,4059548.3812,3680416.6879,6656.9809,9707,9692,-0.00163983,0.01249836,-0.00525961,-0.00163983,-6656.9809,4059548.3812,OK,0.0000,266.2792,4.0000,96.0000,AG03-UNRESOLVED,ALL5_LEVELS_bet23_to_bet27,266.2792,266.2792,266.2792,0.0000,0.0000,4.000000,4.000000,4.000000,0.000000,0.000000,96.000000,96.000000,96.000000,100.000000,100.000000,5.0,798.8377,767.3102,5858.1432,5889.6706,PENDING_AG03,FALSE,NOT_FOR_ENFORCEMENT,6390.7016,3533200.0204,6656.9809,6390.7016,266.2792,0.00163983,0.00157424,266.2792,6390.7016,0.00157424,266.2792,266.2792,266.2792,0.0000,0.0000,6390.7016,0.00157424,798.8377,767.3102,5858.1432,5889.6706,0.00144305,0.00145082,0.00006559,418.2083,379.7376,0.6869,61.6387,1.8384,37588.4109,89.7407,538.3845,395.5999,218.4789,430.6076,432.5446,432.5446,1046.441,1081.3617,427.0584,0.0,2.43015,2.511246,0.971205,30,216,96,2,0.20383968,0.00163983,-0.01249836,0E-8,0.000000,0.906607,0.000000,0.01775797,2026-03-22,2026-08-06,108,3621,2443,138,0.782609,1.360932,1.287360,0.679466,,,,,,,,GLOBAL_BASELINE_NO_ENTITY_RANKING,,,NOT_APPLICABLE_GLOBAL_BASELINE,HF9g-P5,,,,X 全窗基线 · 不参与实体赏罚,14198638,1420,A168_HF9F_20260827_0900,2026-08-27 09:00:00
2026-05-12,57024343,2205,0,865.0893204724,-21.6272330118,-21.6272330118,0.5000000,2,2,0.50665070000000000,0.506650700000,-0.018812684590367487,-0.018812684590367487,-0.018812684590367487,0E-17,ELIGIBLE,R03b_20260811_FULL_v1,L1_ELIGIBILITY,v2026-08-11,2026-03-21..2026-08-06,baccarat_bet02_101_all_pairs_incl_sentinel,round_win = game_pnl > 0 (decisive only),COMPATIBILITY_ONLY_NOT_PRODUCTION,4059548.3812,3680416.6879,6656.9809,9707,9692,-0.00163983,0.01249836,-0.00525961,-0.00163983,-6656.9809,4059548.3812,OK,0.0000,266.2792,4.0000,96.0000,AG03-UNRESOLVED,ALL5_LEVELS_bet23_to_bet27,266.2792,266.2792,266.2792,0.0000,0.0000,4.000000,4.000000,4.000000,0.000000,0.000000,96.000000,96.000000,96.000000,100.000000,100.000000,5.0,798.8377,767.3102,5858.1432,5889.6706,PENDING_AG03,FALSE,NOT_FOR_ENFORCEMENT,6390.7016,3533200.0204,6656.9809,6390.7016,266.2792,0.00163983,0.00157424,266.2792,6390.7016,0.00157424,266.2792,266.2792,266.2792,0.0000,0.0000,6390.7016,0.00157424,798.8377,767.3102,5858.1432,5889.6706,0.00144305,0.00145082,0.00006559,418.2083,379.7376,0.6869,61.6387,1.8384,37588.4109,89.7407,538.3845,395.5999,218.4789,430.6076,432.5446,432.5446,1046.441,1081.3617,427.0584,0.0,2.43015,2.511246,0.971205,30,216,96,2,0.20383968,0.00163983,-0.01249836,0E-8,0.000000,0.906607,0.000000,0.01775797,2026-03-22,2026-08-06,108,3621,2443,138,0.782609,1.360932,1.287360,0.679466,,,,,,,,GLOBAL_BASELINE_NO_ENTITY_RANKING,,,NOT_APPLICABLE_GLOBAL_BASELINE,HF9g-P5,,,,X 全窗基线 · 不参与实体赏罚,14198639,1420,A168_HF9F_20260827_0900,2026-08-27 09:00:00
2026-05-12,57024343,2209,0,432.5446602362,432.5446602362,432.5446602362,1.0000000,1,1,0.49324550000000000,0.493245500000,1.01360149184955,1.01360149184955,1.01360149184955,0E-17,ELIGIBLE,R03b_20260811_FULL_v1,L1_ELIGIBILITY,v2026-08-11,2026-03-21..2026-08-06,baccarat_bet02_101_all_pairs_incl_sentinel,round_win = game_pnl > 0 (decisive only),COMPATIBILITY_ONLY_NOT_PRODUCTION,4059548.3812,3680416.6879,6656.9809,9707,9692,-0.00163983,0.01249836,-0.00525961,-0.00163983,-6656.9809,4059548.3812,OK,0.0000,266.2792,4.0000,96.0000,AG03-UNRESOLVED,ALL5_LEVELS_bet23_to_bet27,266.2792,266.2792,266.2792,0.0000,0.0000,4.000000,4.000000,4.000000,0.000000,0.000000,96.000000,96.000000,96.000000,100.000000,100.000000,5.0,798.8377,767.3102,5858.1432,5889.6706,PENDING_AG03,FALSE,NOT_FOR_ENFORCEMENT,6390.7016,3533200.0204,6656.9809,6390.7016,266.2792,0.00163983,0.00157424,266.2792,6390.7016,0.00157424,266.2792,266.2792,266.2792,0.0000,0.0000,6390.7016,0.00157424,798.8377,767.3102,5858.1432,5889.6706,0.00144305,0.00145082,0.00006559,418.2083,379.7376,0.6869,61.6387,1.8384,37588.4109,89.7407,538.3845,395.5999,218.4789,430.6076,432.5446,432.5446,1046.441,1081.3617,427.0584,0.0,2.43015,2.511246,0.971205,30,216,96,2,0.20383968,0.00163983,-0.01249836,0E-8,0.000000,0.906607,0.000000,0.01775797,2026-03-22,2026-08-06,108,3621,2443,138,0.782609,1.360932,1.287360,0.679466,,,,,,,,GLOBAL_BASELINE_NO_ENTITY_RANKING,,,NOT_APPLICABLE_GLOBAL_BASELINE,HF9g-P5,,,,X 全窗基线 · 不参与实体赏罚,14198640,1420,A168_HF9F_20260827_0900,2026-08-27 09:00:00
2026-05-12,57024343,2218,0,1297.6339807086,-454.1718932480,-454.1718932480,0.3333333,3,3,0.50218230000000000,0.502182300000,-0.5849155494134425,-0.5849155494134426,-0.5849155494134425,0E-17,ELIGIBLE,R03b_20260811_FULL_v1,L1_ELIGIBILITY,v2026-08-11,2026-03-21..2026-08-06,baccarat_bet02_101_all_pairs_incl_sentinel,round_win = game_pnl > 0 (decisive only),COMPATIBILITY_ONLY_NOT_PRODUCTION,4059548.3812,3680416.6879,6656.9809,9707,9692,-0.00163983,0.01249836,-0.00525961,-0.00163983,-6656.9809,4059548.3812,OK,0.0000,266.2792,4.0000,96.0000,AG03-UNRESOLVED,ALL5_LEVELS_bet23_to_bet27,266.2792,266.2792,266.2792,0.0000,0.0000,4.000000,4.000000,4.000000,0.000000,0.000000,96.000000,96.000000,96.000000,100.000000,100.000000,5.0,798.8377,767.3102,5858.1432,5889.6706,PENDING_AG03,FALSE,NOT_FOR_ENFORCEMENT,6390.7016,3533200.0204,6656.9809,6390.7016,266.2792,0.00163983,0.00157424,266.2792,6390.7016,0.00157424,266.2792,266.2792,266.2792,0.0000,0.0000,6390.7016,0.00157424,798.8377,767.3102,5858.1432,5889.6706,0.00144305,0.00145082,0.00006559,418.2083,379.7376,0.6869,61.6387,1.8384,37588.4109,89.7407,538.3845,395.5999,218.4789,430.6076,432.5446,432.5446,1046.441,1081.3617,427.0584,0.0,2.43015,2.511246,0.971205,30,216,96,2,0.20383968,0.00163983,-0.01249836,0E-8,0.000000,0.906607,0.000000,0.01775797,2026-03-22,2026-08-06,108,3621,2443,138,0.782609,1.360932,1.287360,0.679466,,,,,,,,GLOBAL_BASELINE_NO_ENTITY_RANKING,,,NOT_APPLICABLE_GLOBAL_BASELINE,HF9g-P5,,,,X 全窗基线 · 不参与实体赏罚,14198641,1420,A168_HF9F_20260827_0900,2026-08-27 09:00:00
2026-05-12,57024343,2220,0,432.5446602362,-432.5446602362,-432.5446602362,0E-7,1,1,0.50665070000000000,0.506650700000,-1.013391052207602,-1.013391052207602,-1.013391052207602,0E-17,ELIGIBLE,R03b_20260811_FULL_v1,L1_ELIGIBILITY,v2026-08-11,2026-03-21..2026-08-06,baccarat_bet02_101_all_pairs_incl_sentinel,round_win = game_pnl > 0 (decisive only),COMPATIBILITY_ONLY_NOT_PRODUCTION,4059548.3812,3680416.6879,6656.9809,9707,9692,-0.00163983,0.01249836,-0.00525961,-0.00163983,-6656.9809,4059548.3812,OK,0.0000,266.2792,4.0000,96.0000,AG03-UNRESOLVED,ALL5_LEVELS_bet23_to_bet27,266.2792,266.2792,266.2792,0.0000,0.0000,4.000000,4.000000,4.000000,0.000000,0.000000,96.000000,96.000000,96.000000,100.000000,100.000000,5.0,798.8377,767.3102,5858.1432,5889.6706,PENDING_AG03,FALSE,NOT_FOR_ENFORCEMENT,6390.7016,3533200.0204,6656.9809,6390.7016,266.2792,0.00163983,0.00157424,266.2792,6390.7016,0.00157424,266.2792,266.2792,266.2792,0.0000,0.0000,6390.7016,0.00157424,798.8377,767.3102,5858.1432,5889.6706,0.00144305,0.00145082,0.00006559,418.2083,379.7376,0.6869,61.6387,1.8384,37588.4109,89.7407,538.3845,395.5999,218.4789,430.6076,432.5446,432.5446,1046.441,1081.3617,427.0584,0.0,2.43015,2.511246,0.971205,30,216,96,2,0.20383968,0.00163983,-0.01249836,0E-8,0.000000,0.906607,0.000000,0.01775797,2026-03-22,2026-08-06,108,3621,2443,138,0.782609,1.360932,1.287360,0.679466,,,,,,,,GLOBAL_BASELINE_NO_ENTITY_RANKING,,,NOT_APPLICABLE_GLOBAL_BASELINE,HF9g-P5,,,,X 全窗基线 · 不参与实体赏罚,14198642,1420,A168_HF9F_20260827_0900,2026-08-27 09:00:00
2026-05-12,57024343,2223,0,4325.4466023620,1167.8705826378,1167.8705826378,0.6666667,10,10,0.50531018000000000,0.505310180000,0.9681935238042554,0.9681935238042554,0.9681935238042554,0E-17,ELIGIBLE,R03b_20260811_FULL_v1,L1_ELIGIBILITY,v2026-08-11,2026-03-21..2026-08-06,baccarat_bet02_101_all_pairs_incl_sentinel,round_win = game_pnl > 0 (decisive only),COMPATIBILITY_ONLY_NOT_PRODUCTION,4059548.3812,3680416.6879,6656.9809,9707,9692,-0.00163983,0.01249836,-0.00525961,-0.00163983,-6656.9809,4059548.3812,OK,0.0000,266.2792,4.0000,96.0000,AG03-UNRESOLVED,ALL5_LEVELS_bet23_to_bet27,266.2792,266.2792,266.2792,0.0000,0.0000,4.000000,4.000000,4.000000,0.000000,0.000000,96.000000,96.000000,96.000000,100.000000,100.000000,5.0,798.8377,767.3102,5858.1432,5889.6706,PENDING_AG03,FALSE,NOT_FOR_ENFORCEMENT,6390.7016,3533200.0204,6656.9809,6390.7016,266.2792,0.00163983,0.00157424,266.2792,6390.7016,0.00157424,266.2792,266.2792,266.2792,0.0000,0.0000,6390.7016,0.00157424,798.8377,767.3102,5858.1432,5889.6706,0.00144305,0.00145082,0.00006559,418.2083,379.7376,0.6869,61.6387,1.8384,37588.4109,89.7407,538.3845,395.5999,218.4789,430.6076,432.5446,432.5446,1046.441,1081.3617,427.0584,0.0,2.43015,2.511246,0.971205,30,216,96,2,0.20383968,0.00163983,-0.01249836,0E-8,0.000000,0.906607,0.000000,0.01775797,2026-03-22,2026-08-06,108,3621,2443,138,0.782609,1.360932,1.287360,0.679466,,,,,,,,GLOBAL_BASELINE_NO_ENTITY_RANKING,,,NOT_APPLICABLE_GLOBAL_BASELINE,HF9g-P5,,,,X 全窗基线 · 不参与实体赏罚,14198643,1420,A168_HF9F_20260827_0900,2026-08-27 09:00:00
2026-05-12,57024343,2233,0,432.5446602362,-432.5446602362,-432.5446602362,0E-7,1,1,0.50665070000000000,0.506650700000,-1.013391052207602,-1.013391052207602,-1.013391052207602,0E-17,ELIGIBLE,R03b_20260811_FULL_v1,L1_ELIGIBILITY,v2026-08-11,2026-03-21..2026-08-06,baccarat_bet02_101_all_pairs_incl_sentinel,round_win = game_pnl > 0 (decisive only),COMPATIBILITY_ONLY_NOT_PRODUCTION,4059548.3812,3680416.6879,6656.9809,9707,9692,-0.00163983,0.01249836,-0.00525961,-0.00163983,-6656.9809,4059548.3812,OK,0.0000,266.2792,4.0000,96.0000,AG03-UNRESOLVED,ALL5_LEVELS_bet23_to_bet27,266.2792,266.2792,266.2792,0.0000,0.0000,4.000000,4.000000,4.000000,0.000000,0.000000,96.000000,96.000000,96.000000,100.000000,100.000000,5.0,798.8377,767.3102,5858.1432,5889.6706,PENDING_AG03,FALSE,NOT_FOR_ENFORCEMENT,6390.7016,3533200.0204,6656.9809,6390.7016,266.2792,0.00163983,0.00157424,266.2792,6390.7016,0.00157424,266.2792,266.2792,266.2792,0.0000,0.0000,6390.7016,0.00157424,798.8377,767.3102,5858.1432,5889.6706,0.00144305,0.00145082,0.00006559,418.2083,379.7376,0.6869,61.6387,1.8384,37588.4109,89.7407,538.3845,395.5999,218.4789,430.6076,432.5446,432.5446,1046.441,1081.3617,427.0584,0.0,2.43015,2.511246,0.971205,30,216,96,2,0.20383968,0.00163983,-0.01249836,0E-8,0.000000,0.906607,0.000000,0.01775797,2026-03-22,2026-08-06,108,3621,2443,138,0.782609,1.360932,1.287360,0.679466,,,,,,,,GLOBAL_BASELINE_NO_ENTITY_RANKING,,,NOT_APPLICABLE_GLOBAL_BASELINE,HF9g-P5,,,,X 全窗基线 · 不参与实体赏罚,14198644,1420,A168_HF9F_20260827_0900,2026-08-27 09:00:00
2026-05-12,57024343,2242,0,432.5446602362,-432.5446602362,-432.5446602362,0E-7,1,1,0.50665070000000000,0.506650700000,-1.013391052207602,-1.013391052207602,-1.013391052207602,0E-17,ELIGIBLE,R03b_20260811_FULL_v1,L1_ELIGIBILITY,v2026-08-11,2026-03-21..2026-08-06,baccarat_bet02_101_all_pairs_incl_sentinel,round_win = game_pnl > 0 (decisive only),COMPATIBILITY_ONLY_NOT_PRODUCTION,4059548.3812,3680416.6879,6656.9809,9707,9692,-0.00163983,0.01249836,-0.00525961,-0.00163983,-6656.9809,4059548.3812,OK,0.0000,266.2792,4.0000,96.0000,AG03-UNRESOLVED,ALL5_LEVELS_bet23_to_bet27,266.2792,266.2792,266.2792,0.0000,0.0000,4.000000,4.000000,4.000000,0.000000,0.000000,96.000000,96.000000,96.000000,100.000000,100.000000,5.0,798.8377,767.3102,5858.1432,5889.6706,PENDING_AG03,FALSE,NOT_FOR_ENFORCEMENT,6390.7016,3533200.0204,6656.9809,6390.7016,266.2792,0.00163983,0.00157424,266.2792,6390.7016,0.00157424,266.2792,266.2792,266.2792,0.0000,0.0000,6390.7016,0.00157424,798.8377,767.3102,5858.1432,5889.6706,0.00144305,0.00145082,0.00006559,418.2083,379.7376,0.6869,61.6387,1.8384,37588.4109,89.7407,538.3845,395.5999,218.4789,430.6076,432.5446,432.5446,1046.441,1081.3617,427.0584,0.0,2.43015,2.511246,0.971205,30,216,96,2,0.20383968,0.00163983,-0.01249836,0E-8,0.000000,0.906607,0.000000,0.01775797,2026-03-22,2026-08-06,108,3621,2443,138,0.782609,1.360932,1.287360,0.679466,,,,,,,,GLOBAL_BASELINE_NO_ENTITY_RANKING,,,NOT_APPLICABLE_GLOBAL_BASELINE,HF9g-P5,,,,X 全窗基线 · 不参与实体赏罚,14198645,1420,A168_HF9F_20260827_0900,2026-08-27 09:00:00
2026-05-12,57024343,2258,0,1297.6339807086,-21.6272330118,-21.6272330118,0.5000000,3,3,0.50665070000000000,0.506650700000,-0.018812684590367487,-0.018812684590367487,-0.018812684590367487,0E-17,ELIGIBLE,R03b_20260811_FULL_v1,L1_ELIGIBILITY,v2026-08-11,2026-03-21..2026-08-06,baccarat_bet02_101_all_pairs_incl_sentinel,round_win = game_pnl > 0 (decisive only),COMPATIBILITY_ONLY_NOT_PRODUCTION,4059548.3812,3680416.6879,6656.9809,9707,9692,-0.00163983,0.01249836,-0.00525961,-0.00163983,-6656.9809,4059548.3812,OK,0.0000,266.2792,4.0000,96.0000,AG03-UNRESOLVED,ALL5_LEVELS_bet23_to_bet27,266.2792,266.2792,266.2792,0.0000,0.0000,4.000000,4.000000,4.000000,0.000000,0.000000,96.000000,96.000000,96.000000,100.000000,100.000000,5.0,798.8377,767.3102,5858.1432,5889.6706,PENDING_AG03,FALSE,NOT_FOR_ENFORCEMENT,6390.7016,3533200.0204,6656.9809,6390.7016,266.2792,0.00163983,0.00157424,266.2792,6390.7016,0.00157424,266.2792,266.2792,266.2792,0.0000,0.0000,6390.7016,0.00157424,798.8377,767.3102,5858.1432,5889.6706,0.00144305,0.00145082,0.00006559,418.2083,379.7376,0.6869,61.6387,1.8384,37588.4109,89.7407,538.3845,395.5999,218.4789,430.6076,432.5446,432.5446,1046.441,1081.3617,427.0584,0.0,2.43015,2.511246,0.971205,30,216,96,2,0.20383968,0.00163983,-0.01249836,0E-8,0.000000,0.906607,0.000000,0.01775797,2026-03-22,2026-08-06,108,3621,2443,138,0.782609,1.360932,1.287360,0.679466,,,,,,,,GLOBAL_BASELINE_NO_ENTITY_RANKING,,,NOT_APPLICABLE_GLOBAL_BASELINE,HF9g-P5,,,,X 全窗基线 · 不参与实体赏罚,14198646,1420,A168_HF9F_20260827_0900,2026-08-27 09:00:00
2026-05-12,57024343,529,0,865.0893204724,-21.6272330118,-21.6272330118,0.5000000,2,2,0.50665070000000000,0.506650700000,-0.018812684590367487,-0.018812684590367487,-0.018812684590367487,0E-17,ELIGIBLE,R03b_20260811_FULL_v1,L1_ELIGIBILITY,v2026-08-11,2026-03-21..2026-08-06,baccarat_bet02_101_all_pairs_incl_sentinel,round_win = game_pnl > 0 (decisive only),COMPATIBILITY_ONLY_NOT_PRODUCTION,4059548.3812,3680416.6879,6656.9809,9707,9692,-0.00163983,0.01249836,-0.00525961,-0.00163983,-6656.9809,4059548.3812,OK,0.0000,266.2792,4.0000,96.0000,AG03-UNRESOLVED,ALL5_LEVELS_bet23_to_bet27,266.2792,266.2792,266.2792,0.0000,0.0000,4.000000,4.000000,4.000000,0.000000,0.000000,96.000000,96.000000,96.000000,100.000000,100.000000,5.0,798.8377,767.3102,5858.1432,5889.6706,PENDING_AG03,FALSE,NOT_FOR_ENFORCEMENT,6390.7016,3533200.0204,6656.9809,6390.7016,266.2792,0.00163983,0.00157424,266.2792,6390.7016,0.00157424,266.2792,266.2792,266.2792,0.0000,0.0000,6390.7016,0.00157424,798.8377,767.3102,5858.1432,5889.6706,0.00144305,0.00145082,0.00006559,418.2083,379.7376,0.6869,61.6387,1.8384,37588.4109,89.7407,538.3845,395.5999,218.4789,430.6076,432.5446,432.5446,1046.441,1081.3617,427.0584,0.0,2.43015,2.511246,0.971205,30,216,96,2,0.20383968,0.00163983,-0.01249836,0E-8,0.000000,0.906607,0.000000,0.01775797,2026-03-22,2026-08-06,108,3621,2443,138,0.782609,1.360932,1.287360,0.679466,,,,,,,,GLOBAL_BASELINE_NO_ENTITY_RANKING,,,NOT_APPLICABLE_GLOBAL_BASELINE,HF9g-P5,,,,X 全窗基线 · 不参与实体赏罚,14198647,1420,A168_HF9F_20260827_0900,2026-08-27 09:00:00
2026-05-12,57024343,583,0,648.8169903543,616.3761408365,616.3761408365,1.0000000,1,1,0.50665070000000000,0.506650700000,0.9867858985152569,0.9867858985152569,0.9867858985152569,0E-17,ELIGIBLE,R03b_20260811_FULL_v1,L1_ELIGIBILITY,v2026-08-11,2026-03-21..2026-08-06,baccarat_bet02_101_all_pairs_incl_sentinel,round_win = game_pnl > 0 (decisive only),COMPATIBILITY_ONLY_NOT_PRODUCTION,4059548.3812,3680416.6879,6656.9809,9707,9692,-0.00163983,0.01249836,-0.00525961,-0.00163983,-6656.9809,4059548.3812,OK,0.0000,266.2792,4.0000,96.0000,AG03-UNRESOLVED,ALL5_LEVELS_bet23_to_bet27,266.2792,266.2792,266.2792,0.0000,0.0000,4.000000,4.000000,4.000000,0.000000,0.000000,96.000000,96.000000,96.000000,100.000000,100.000000,5.0,798.8377,767.3102,5858.1432,5889.6706,PENDING_AG03,FALSE,NOT_FOR_ENFORCEMENT,6390.7016,3533200.0204,6656.9809,6390.7016,266.2792,0.00163983,0.00157424,266.2792,6390.7016,0.00157424,266.2792,266.2792,266.2792,0.0000,0.0000,6390.7016,0.00157424,798.8377,767.3102,5858.1432,5889.6706,0.00144305,0.00145082,0.00006559,418.2083,379.7376,0.6869,61.6387,1.8384,37588.4109,89.7407,538.3845,395.5999,218.4789,430.6076,432.5446,432.5446,1046.441,1081.3617,427.0584,0.0,2.43015,2.511246,0.971205,30,216,96,2,0.20383968,0.00163983,-0.01249836,0E-8,0.000000,0.906607,0.000000,0.01775797,2026-03-22,2026-08-06,108,3621,2443,138,0.782609,1.360932,1.287360,0.679466,,,,,,,,GLOBAL_BASELINE_NO_ENTITY_RANKING,,,NOT_APPLICABLE_GLOBAL_BASELINE,HF9g-P5,,,,X 全窗基线 · 不参与实体赏罚,14198648,1420,A168_HF9F_20260827_0900,2026-08-27 09:00:00
2026-05-12,57024343,772,0,2162.7233011810,1297.6339807086,1297.6339807086,0.8000000,5,5,0.49324550000000000,0.493245500000,1.3719730223118614,1.3719730223118614,1.3719730223118614,0E-17,ELIGIBLE,R03b_20260811_FULL_v1,L1_ELIGIBILITY,v2026-08-11,2026-03-21..2026-08-06,baccarat_bet02_101_all_pairs_incl_sentinel,round_win = game_pnl > 0 (decisive only),COMPATIBILITY_ONLY_NOT_PRODUCTION,4059548.3812,3680416.6879,6656.9809,9707,9692,-0.00163983,0.01249836,-0.00525961,-0.00163983,-6656.9809,4059548.3812,OK,0.0000,266.2792,4.0000,96.0000,AG03-UNRESOLVED,ALL5_LEVELS_bet23_to_bet27,266.2792,266.2792,266.2792,0.0000,0.0000,4.000000,4.000000,4.000000,0.000000,0.000000,96.000000,96.000000,96.000000,100.000000,100.000000,5.0,798.8377,767.3102,5858.1432,5889.6706,PENDING_AG03,FALSE,NOT_FOR_ENFORCEMENT,6390.7016,3533200.0204,6656.9809,6390.7016,266.2792,0.00163983,0.00157424,266.2792,6390.7016,0.00157424,266.2792,266.2792,266.2792,0.0000,0.0000,6390.7016,0.00157424,798.8377,767.3102,5858.1432,5889.6706,0.00144305,0.00145082,0.00006559,418.2083,379.7376,0.6869,61.6387,1.8384,37588.4109,89.7407,538.3845,395.5999,218.4789,430.6076,432.5446,432.5446,1046.441,1081.3617,427.0584,0.0,2.43015,2.511246,0.971205,30,216,96,2,0.20383968,0.00163983,-0.01249836,0E-8,0.000000,0.906607,0.000000,0.01775797,2026-03-22,2026-08-06,108,3621,2443,138,0.782609,1.360932,1.287360,0.679466,,,,,,,,GLOBAL_BASELINE_NO_ENTITY_RANKING,,,NOT_APPLICABLE_GLOBAL_BASELINE,HF9g-P5,,,,X 全窗基线 · 不参与实体赏罚,14198649,1420,A168_HF9F_20260827_0900,2026-08-27 09:00:00
2026-05-12,57024343,987,0,1297.6339807086,-454.1718932480,-454.1718932480,0.3333333,3,3,0.50665070000000000,0.506650700000,-0.6004420894325239,-0.6004420894325239,-0.6004420894325239,0E-17,ELIGIBLE,R03b_20260811_FULL_v1,L1_ELIGIBILITY,v2026-08-11,2026-03-21..2026-08-06,baccarat_bet02_101_all_pairs_incl_sentinel,round_win = game_pnl > 0 (decisive only),COMPATIBILITY_ONLY_NOT_PRODUCTION,4059548.3812,3680416.6879,6656.9809,9707,9692,-0.00163983,0.01249836,-0.00525961,-0.00163983,-6656.9809,4059548.3812,OK,0.0000,266.2792,4.0000,96.0000,AG03-UNRESOLVED,ALL5_LEVELS_bet23_to_bet27,266.2792,266.2792,266.2792,0.0000,0.0000,4.000000,4.000000,4.000000,0.000000,0.000000,96.000000,96.000000,96.000000,100.000000,100.000000,5.0,798.8377,767.3102,5858.1432,5889.6706,PENDING_AG03,FALSE,NOT_FOR_ENFORCEMENT,6390.7016,3533200.0204,6656.9809,6390.7016,266.2792,0.00163983,0.00157424,266.2792,6390.7016,0.00157424,266.2792,266.2792,266.2792,0.0000,0.0000,6390.7016,0.00157424,798.8377,767.3102,5858.1432,5889.6706,0.00144305,0.00145082,0.00006559,418.2083,379.7376,0.6869,61.6387,1.8384,37588.4109,89.7407,538.3845,395.5999,218.4789,430.6076,432.5446,432.5446,1046.441,1081.3617,427.0584,0.0,2.43015,2.511246,0.971205,30,216,96,2,0.20383968,0.00163983,-0.01249836,0E-8,0.000000,0.906607,0.000000,0.01775797,2026-03-22,2026-08-06,108,3621,2443,138,0.782609,1.360932,1.287360,0.679466,,,,,,,,GLOBAL_BASELINE_NO_ENTITY_RANKING,,,NOT_APPLICABLE_GLOBAL_BASELINE,HF9g-P5,,,,X 全窗基线 · 不参与实体赏罚,14198650,1420,A168_HF9F_20260827_0900,2026-08-27 09:00:00
2026-05-13,57024343,-1,1,8867.1655348421,1340.8884467321,1340.8884467321,0.6000000,19,19,0.50453408947368421,0.504534089474,0.7395061693103729,0.7395061693079311,0.7395061693103729,-3.1579E-13,SENTINEL_DEALER,R03b_20260811_FULL_v1,L1_ELIGIBILITY,v2026-08-11,2026-03-21..2026-08-06,baccarat_bet02_101_all_pairs_incl_sentinel,round_win = game_pnl > 0 (decisive only),COMPATIBILITY_ONLY_NOT_PRODUCTION,4059548.3812,3680416.6879,6656.9809,9707,9692,-0.00163983,0.01249836,-0.00525961,-0.00163983,-6656.9809,4059548.3812,OK,0.0000,266.2792,4.0000,96.0000,AG03-UNRESOLVED,ALL5_LEVELS_bet23_to_bet27,266.2792,266.2792,266.2792,0.0000,0.0000,4.000000,4.000000,4.000000,0.000000,0.000000,96.000000,96.000000,96.000000,100.000000,100.000000,5.0,798.8377,767.3102,5858.1432,5889.6706,PENDING_AG03,FALSE,NOT_FOR_ENFORCEMENT,6390.7016,3533200.0204,6656.9809,6390.7016,266.2792,0.00163983,0.00157424,266.2792,6390.7016,0.00157424,266.2792,266.2792,266.2792,0.0000,0.0000,6390.7016,0.00157424,798.8377,767.3102,5858.1432,5889.6706,0.00144305,0.00145082,0.00006559,418.2083,379.7376,0.6869,61.6387,1.8384,37588.4109,89.7407,538.3845,395.5999,218.4789,430.6076,432.5446,432.5446,1046.441,1081.3617,427.0584,0.0,2.43015,2.511246,0.971205,30,216,96,2,0.20383968,0.00163983,-0.01249836,0E-8,0.000000,0.906607,0.000000,0.01775797,2026-03-22,2026-08-06,108,3621,2443,138,0.782609,1.360932,1.287360,0.679466,,,,,,,,GLOBAL_BASELINE_NO_ENTITY_RANKING,,,NOT_APPLICABLE_GLOBAL_BASELINE,HF9g-P5,,,,X 全窗基线 · 不参与实体赏罚,14198651,1420,A168_HF9F_20260827_0900,2026-08-27 09:00:00
2026-05-13,57024343,1004,0,865.0893204724,821.8348544488,821.8348544488,1.0000000,2,2,0.50665070000000000,0.506650700000,1.3955260008387969,1.3955260008387969,1.3955260008387969,0E-17,ELIGIBLE,R03b_20260811_FULL_v1,L1_ELIGIBILITY,v2026-08-11,2026-03-21..2026-08-06,baccarat_bet02_101_all_pairs_incl_sentinel,round_win = game_pnl > 0 (decisive only),COMPATIBILITY_ONLY_NOT_PRODUCTION,4059548.3812,3680416.6879,6656.9809,9707,9692,-0.00163983,0.01249836,-0.00525961,-0.00163983,-6656.9809,4059548.3812,OK,0.0000,266.2792,4.0000,96.0000,AG03-UNRESOLVED,ALL5_LEVELS_bet23_to_bet27,266.2792,266.2792,266.2792,0.0000,0.0000,4.000000,4.000000,4.000000,0.000000,0.000000,96.000000,96.000000,96.000000,100.000000,100.000000,5.0,798.8377,767.3102,5858.1432,5889.6706,PENDING_AG03,FALSE,NOT_FOR_ENFORCEMENT,6390.7016,3533200.0204,6656.9809,6390.7016,266.2792,0.00163983,0.00157424,266.2792,6390.7016,0.00157424,266.2792,266.2792,266.2792,0.0000,0.0000,6390.7016,0.00157424,798.8377,767.3102,5858.1432,5889.6706,0.00144305,0.00145082,0.00006559,418.2083,379.7376,0.6869,61.6387,1.8384,37588.4109,89.7407,538.3845,395.5999,218.4789,430.6076,432.5446,432.5446,1046.441,1081.3617,427.0584,0.0,2.43015,2.511246,0.971205,30,216,96,2,0.20383968,0.00163983,-0.01249836,0E-8,0.000000,0.906607,0.000000,0.01775797,2026-03-22,2026-08-06,108,3621,2443,138,0.782609,1.360932,1.287360,0.679466,,,,,,,,GLOBAL_BASELINE_NO_ENTITY_RANKING,,,NOT_APPLICABLE_GLOBAL_BASELINE,HF9g-P5,,,,X 全窗基线 · 不参与实体赏罚,14198652,1420,A168_HF9F_20260827_0900,2026-08-27 09:00:00
2026-05-13,57024343,1299,0,1513.9063108267,594.7489078247,594.7489078247,0.6666667,3,3,0.50665070000000000,0.506650700000,0.5543606114942035,0.5543606114942035,0.5543606114942035,0E-17,ELIGIBLE,R03b_20260811_FULL_v1,L1_ELIGIBILITY,v2026-08-11,2026-03-21..2026-08-06,baccarat_bet02_101_all_pairs_incl_sentinel,round_win = game_pnl > 0 (decisive only),COMPATIBILITY_ONLY_NOT_PRODUCTION,4059548.3812,3680416.6879,6656.9809,9707,9692,-0.00163983,0.01249836,-0.00525961,-0.00163983,-6656.9809,4059548.3812,OK,0.0000,266.2792,4.0000,96.0000,AG03-UNRESOLVED,ALL5_LEVELS_bet23_to_bet27,266.2792,266.2792,266.2792,0.0000,0.0000,4.000000,4.000000,4.000000,0.000000,0.000000,96.000000,96.000000,96.000000,100.000000,100.000000,5.0,798.8377,767.3102,5858.1432,5889.6706,PENDING_AG03,FALSE,NOT_FOR_ENFORCEMENT,6390.7016,3533200.0204,6656.9809,6390.7016,266.2792,0.00163983,0.00157424,266.2792,6390.7016,0.00157424,266.2792,266.2792,266.2792,0.0000,0.0000,6390.7016,0.00157424,798.8377,767.3102,5858.1432,5889.6706,0.00144305,0.00145082,0.00006559,418.2083,379.7376,0.6869,61.6387,1.8384,37588.4109,89.7407,538.3845,395.5999,218.4789,430.6076,432.5446,432.5446,1046.441,1081.3617,427.0584,0.0,2.43015,2.511246,0.971205,30,216,96,2,0.20383968,0.00163983,-0.01249836,0E-8,0.000000,0.906607,0.000000,0.01775797,2026-03-22,2026-08-06,108,3621,2443,138,0.782609,1.360932,1.287360,0.679466,,,,,,,,GLOBAL_BASELINE_NO_ENTITY_RANKING,,,NOT_APPLICABLE_GLOBAL_BASELINE,HF9g-P5,,,,X 全窗基线 · 不参与实体赏罚,14198653,1420,A168_HF9F_20260827_0900,2026-08-27 09:00:00
2026-05-13,57024343,1318,0,1730.1786409448,-886.7165534842,-886.7165534842,0.2500000,4,4,0.50329940000000000,0.503299400000,-1.013219660140378,-1.013219660140378,-1.013219660140378,0E-17,ELIGIBLE,R03b_20260811_FULL_v1,L1_ELIGIBILITY,v2026-08-11,2026-03-21..2026-08-06,baccarat_bet02_101_all_pairs_incl_sentinel,round_win = game_pnl > 0 (decisive only),COMPATIBILITY_ONLY_NOT_PRODUCTION,4059548.3812,3680416.6879,6656.9809,9707,9692,-0.00163983,0.01249836,-0.00525961,-0.00163983,-6656.9809,4059548.3812,OK,0.0000,266.2792,4.0000,96.0000,AG03-UNRESOLVED,ALL5_LEVELS_bet23_to_bet27,266.2792,266.2792,266.2792,0.0000,0.0000,4.000000,4.000000,4.000000,0.000000,0.000000,96.000000,96.000000,96.000000,100.000000,100.000000,5.0,798.8377,767.3102,5858.1432,5889.6706,PENDING_AG03,FALSE,NOT_FOR_ENFORCEMENT,6390.7016,3533200.0204,6656.9809,6390.7016,266.2792,0.00163983,0.00157424,266.2792,6390.7016,0.00157424,266.2792,266.2792,266.2792,0.0000,0.0000,6390.7016,0.00157424,798.8377,767.3102,5858.1432,5889.6706,0.00144305,0.00145082,0.00006559,418.2083,379.7376,0.6869,61.6387,1.8384,37588.4109,89.7407,538.3845,395.5999,218.4789,430.6076,432.5446,432.5446,1046.441,1081.3617,427.0584,0.0,2.43015,2.511246,0.971205,30,216,96,2,0.20383968,0.00163983,-0.01249836,0E-8,0.000000,0.906607,0.000000,0.01775797,2026-03-22,2026-08-06,108,3621,2443,138,0.782609,1.360932,1.287360,0.679466,,,,,,,,GLOBAL_BASELINE_NO_ENTITY_RANKING,,,NOT_APPLICABLE_GLOBAL_BASELINE,HF9g-P5,,,,X 全窗基线 · 不参与实体赏罚,14198654,1420,A168_HF9F_20260827_0900,2026-08-27 09:00:00
2026-05-13,57024343,1400,0,2378.9956312991,-270.3404126476,-270.3404126476,0.5000000,6,6,0.50665070000000000,0.506650700000,-0.032584525537284574,-0.032584525537284574,-0.032584525537284574,0E-17,ELIGIBLE,R03b_20260811_FULL_v1,L1_ELIGIBILITY,v2026-08-11,2026-03-21..2026-08-06,baccarat_bet02_101_all_pairs_incl_sentinel,round_win = game_pnl > 0 (decisive only),COMPATIBILITY_ONLY_NOT_PRODUCTION,4059548.3812,3680416.6879,6656.9809,9707,9692,-0.00163983,0.01249836,-0.00525961,-0.00163983,-6656.9809,4059548.3812,OK,0.0000,266.2792,4.0000,96.0000,AG03-UNRESOLVED,ALL5_LEVELS_bet23_to_bet27,266.2792,266.2792,266.2792,0.0000,0.0000,4.000000,4.000000,4.000000,0.000000,0.000000,96.000000,96.000000,96.000000,100.000000,100.000000,5.0,798.8377,767.3102,5858.1432,5889.6706,PENDING_AG03,FALSE,NOT_FOR_ENFORCEMENT,6390.7016,3533200.0204,6656.9809,6390.7016,266.2792,0.00163983,0.00157424,266.2792,6390.7016,0.00157424,266.2792,266.2792,266.2792,0.0000,0.0000,6390.7016,0.00157424,798.8377,767.3102,5858.1432,5889.6706,0.00144305,0.00145082,0.00006559,418.2083,379.7376,0.6869,61.6387,1.8384,37588.4109,89.7407,538.3845,395.5999,218.4789,430.6076,432.5446,432.5446,1046.441,1081.3617,427.0584,0.0,2.43015,2.511246,0.971205,30,216,96,2,0.20383968,0.00163983,-0.01249836,0E-8,0.000000,0.906607,0.000000,0.01775797,2026-03-22,2026-08-06,108,3621,2443,138,0.782609,1.360932,1.287360,0.679466,,,,,,,,GLOBAL_BASELINE_NO_ENTITY_RANKING,,,NOT_APPLICABLE_GLOBAL_BASELINE,HF9g-P5,,,,X 全窗基线 · 不参与实体赏罚,14198655,1420,A168_HF9F_20260827_0900,2026-08-27 09:00:00
2026-05-13,57024343,1485,0,432.5446602362,-432.5446602362,-432.5446602362,0E-7,1,1,0.50665070000000000,0.506650700000,-1.013391052207602,-1.013391052207602,-1.013391052207602,0E-17,ELIGIBLE,R03b_20260811_FULL_v1,L1_ELIGIBILITY,v2026-08-11,2026-03-21..2026-08-06,baccarat_bet02_101_all_pairs_incl_sentinel,round_win = game_pnl > 0 (decisive only),COMPATIBILITY_ONLY_NOT_PRODUCTION,4059548.3812,3680416.6879,6656.9809,9707,9692,-0.00163983,0.01249836,-0.00525961,-0.00163983,-6656.9809,4059548.3812,OK,0.0000,266.2792,4.0000,96.0000,AG03-UNRESOLVED,ALL5_LEVELS_bet23_to_bet27,266.2792,266.2792,266.2792,0.0000,0.0000,4.000000,4.000000,4.000000,0.000000,0.000000,96.000000,96.000000,96.000000,100.000000,100.000000,5.0,798.8377,767.3102,5858.1432,5889.6706,PENDING_AG03,FALSE,NOT_FOR_ENFORCEMENT,6390.7016,3533200.0204,6656.9809,6390.7016,266.2792,0.00163983,0.00157424,266.2792,6390.7016,0.00157424,266.2792,266.2792,266.2792,0.0000,0.0000,6390.7016,0.00157424,798.8377,767.3102,5858.1432,5889.6706,0.00144305,0.00145082,0.00006559,418.2083,379.7376,0.6869,61.6387,1.8384,37588.4109,89.7407,538.3845,395.5999,218.4789,430.6076,432.5446,432.5446,1046.441,1081.3617,427.0584,0.0,2.43015,2.511246,0.971205,30,216,96,2,0.20383968,0.00163983,-0.01249836,0E-8,0.000000,0.906607,0.000000,0.01775797,2026-03-22,2026-08-06,108,3621,2443,138,0.782609,1.360932,1.287360,0.679466,,,,,,,,GLOBAL_BASELINE_NO_ENTITY_RANKING,,,NOT_APPLICABLE_GLOBAL_BASELINE,HF9g-P5,,,,X 全窗基线 · 不参与实体赏罚,14198656,1420,A168_HF9F_20260827_0900,2026-08-27 09:00:00
2026-05-13,57024343,1490,0,432.5446602362,-432.5446602362,-432.5446602362,0E-7,1,1,0.49324550000000000,0.493245500000,-0.9865810262130424,-0.9865810262130424,-0.9865810262130424,0E-17,ELIGIBLE,R03b_20260811_FULL_v1,L1_ELIGIBILITY,v2026-08-11,2026-03-21..2026-08-06,baccarat_bet02_101_all_pairs_incl_sentinel,round_win = game_pnl > 0 (decisive only),COMPATIBILITY_ONLY_NOT_PRODUCTION,4059548.3812,3680416.6879,6656.9809,9707,9692,-0.00163983,0.01249836,-0.00525961,-0.00163983,-6656.9809,4059548.3812,OK,0.0000,266.2792,4.0000,96.0000,AG03-UNRESOLVED,ALL5_LEVELS_bet23_to_bet27,266.2792,266.2792,266.2792,0.0000,0.0000,4.000000,4.000000,4.000000,0.000000,0.000000,96.000000,96.000000,96.000000,100.000000,100.000000,5.0,798.8377,767.3102,5858.1432,5889.6706,PENDING_AG03,FALSE,NOT_FOR_ENFORCEMENT,6390.7016,3533200.0204,6656.9809,6390.7016,266.2792,0.00163983,0.00157424,266.2792,6390.7016,0.00157424,266.2792,266.2792,266.2792,0.0000,0.0000,6390.7016,0.00157424,798.8377,767.3102,5858.1432,5889.6706,0.00144305,0.00145082,0.00006559,418.2083,379.7376,0.6869,61.6387,1.8384,37588.4109,89.7407,538.3845,395.5999,218.4789,430.6076,432.5446,432.5446,1046.441,1081.3617,427.0584,0.0,2.43015,2.511246,0.971205,30,216,96,2,0.20383968,0.00163983,-0.01249836,0E-8,0.000000,0.906607,0.000000,0.01775797,2026-03-22,2026-08-06,108,3621,2443,138,0.782609,1.360932,1.287360,0.679466,,,,,,,,GLOBAL_BASELINE_NO_ENTITY_RANKING,,,NOT_APPLICABLE_GLOBAL_BASELINE,HF9g-P5,,,,X 全窗基线 · 不参与实体赏罚,14198657,1420,A168_HF9F_20260827_0900,2026-08-27 09:00:00
2026-05-13,57024343,1710,0,432.5446602362,-432.5446602362,-432.5446602362,0E-7,1,1,0.50665070000000000,0.506650700000,-1.013391052207602,-1.013391052207602,-1.013391052207602,0E-17,ELIGIBLE,R03b_20260811_FULL_v1,L1_ELIGIBILITY,v2026-08-11,2026-03-21..2026-08-06,baccarat_bet02_101_all_pairs_incl_sentinel,round_win = game_pnl > 0 (decisive only),COMPATIBILITY_ONLY_NOT_PRODUCTION,4059548.3812,3680416.6879,6656.9809,9707,9692,-0.00163983,0.01249836,-0.00525961,-0.00163983,-6656.9809,4059548.3812,OK,0.0000,266.2792,4.0000,96.0000,AG03-UNRESOLVED,ALL5_LEVELS_bet23_to_bet27,266.2792,266.2792,266.2792,0.0000,0.0000,4.000000,4.000000,4.000000,0.000000,0.000000,96.000000,96.000000,96.000000,100.000000,100.000000,5.0,798.8377,767.3102,5858.1432,5889.6706,PENDING_AG03,FALSE,NOT_FOR_ENFORCEMENT,6390.7016,3533200.0204,6656.9809,6390.7016,266.2792,0.00163983,0.00157424,266.2792,6390.7016,0.00157424,266.2792,266.2792,266.2792,0.0000,0.0000,6390.7016,0.00157424,798.8377,767.3102,5858.1432,5889.6706,0.00144305,0.00145082,0.00006559,418.2083,379.7376,0.6869,61.6387,1.8384,37588.4109,89.7407,538.3845,395.5999,218.4789,430.6076,432.5446,432.5446,1046.441,1081.3617,427.0584,0.0,2.43015,2.511246,0.971205,30,216,96,2,0.20383968,0.00163983,-0.01249836,0E-8,0.000000,0.906607,0.000000,0.01775797,2026-03-22,2026-08-06,108,3621,2443,138,0.782609,1.360932,1.287360,0.679466,,,,,,,,GLOBAL_BASELINE_NO_ENTITY_RANKING,,,NOT_APPLICABLE_GLOBAL_BASELINE,HF9g-P5,,,,X 全窗基线 · 不参与实体赏罚,14198658,1420,A168_HF9F_20260827_0900,2026-08-27 09:00:00
2026-05-13,57024343,1935,0,432.5446602362,-432.5446602362,-432.5446602362,0E-7,1,1,0.50665070000000000,0.506650700000,-1.013391052207602,-1.013391052207602,-1.013391052207602,0E-17,ELIGIBLE,R03b_20260811_FULL_v1,L1_ELIGIBILITY,v2026-08-11,2026-03-21..2026-08-06,baccarat_bet02_101_all_pairs_incl_sentinel,round_win = game_pnl > 0 (decisive only),COMPATIBILITY_ONLY_NOT_PRODUCTION,4059548.3812,3680416.6879,6656.9809,9707,9692,-0.00163983,0.01249836,-0.00525961,-0.00163983,-6656.9809,4059548.3812,OK,0.0000,266.2792,4.0000,96.0000,AG03-UNRESOLVED,ALL5_LEVELS_bet23_to_bet27,266.2792,266.2792,266.2792,0.0000,0.0000,4.000000,4.000000,4.000000,0.000000,0.000000,96.000000,96.000000,96.000000,100.000000,100.000000,5.0,798.8377,767.3102,5858.1432,5889.6706,PENDING_AG03,FALSE,NOT_FOR_ENFORCEMENT,6390.7016,3533200.0204,6656.9809,6390.7016,266.2792,0.00163983,0.00157424,266.2792,6390.7016,0.00157424,266.2792,266.2792,266.2792,0.0000,0.0000,6390.7016,0.00157424,798.8377,767.3102,5858.1432,5889.6706,0.00144305,0.00145082,0.00006559,418.2083,379.7376,0.6869,61.6387,1.8384,37588.4109,89.7407,538.3845,395.5999,218.4789,430.6076,432.5446,432.5446,1046.441,1081.3617,427.0584,0.0,2.43015,2.511246,0.971205,30,216,96,2,0.20383968,0.00163983,-0.01249836,0E-8,0.000000,0.906607,0.000000,0.01775797,2026-03-22,2026-08-06,108,3621,2443,138,0.782609,1.360932,1.287360,0.679466,,,,,,,,GLOBAL_BASELINE_NO_ENTITY_RANKING,,,NOT_APPLICABLE_GLOBAL_BASELINE,HF9g-P5,,,,X 全窗基线 · 不参与实体赏罚,14198659,1420,A168_HF9F_20260827_0900,2026-08-27 09:00:00
2026-05-13,57024343,1951,0,865.0893204724,821.8348544488,821.8348544488,1.0000000,2,2,0.50665070000000000,0.506650700000,1.3955260008387969,1.3955260008387969,1.3955260008387969,0E-17,ELIGIBLE,R03b_20260811_FULL_v1,L1_ELIGIBILITY,v2026-08-11,2026-03-21..2026-08-06,baccarat_bet02_101_all_pairs_incl_sentinel,round_win = game_pnl > 0 (decisive only),COMPATIBILITY_ONLY_NOT_PRODUCTION,4059548.3812,3680416.6879,6656.9809,9707,9692,-0.00163983,0.01249836,-0.00525961,-0.00163983,-6656.9809,4059548.3812,OK,0.0000,266.2792,4.0000,96.0000,AG03-UNRESOLVED,ALL5_LEVELS_bet23_to_bet27,266.2792,266.2792,266.2792,0.0000,0.0000,4.000000,4.000000,4.000000,0.000000,0.000000,96.000000,96.000000,96.000000,100.000000,100.000000,5.0,798.8377,767.3102,5858.1432,5889.6706,PENDING_AG03,FALSE,NOT_FOR_ENFORCEMENT,6390.7016,3533200.0204,6656.9809,6390.7016,266.2792,0.00163983,0.00157424,266.2792,6390.7016,0.00157424,266.2792,266.2792,266.2792,0.0000,0.0000,6390.7016,0.00157424,798.8377,767.3102,5858.1432,5889.6706,0.00144305,0.00145082,0.00006559,418.2083,379.7376,0.6869,61.6387,1.8384,37588.4109,89.7407,538.3845,395.5999,218.4789,430.6076,432.5446,432.5446,1046.441,1081.3617,427.0584,0.0,2.43015,2.511246,0.971205,30,216,96,2,0.20383968,0.00163983,-0.01249836,0E-8,0.000000,0.906607,0.000000,0.01775797,2026-03-22,2026-08-06,108,3621,2443,138,0.782609,1.360932,1.287360,0.679466,,,,,,,,GLOBAL_BASELINE_NO_ENTITY_RANKING,,,NOT_APPLICABLE_GLOBAL_BASELINE,HF9g-P5,,,,X 全窗基线 · 不参与实体赏罚,14198660,1420,A168_HF9F_20260827_0900,2026-08-27 09:00:00
2026-05-13,57024343,2108,0,865.0893204724,-21.6272330118,-21.6272330118,0.5000000,2,2,0.50665070000000000,0.506650700000,-0.018812684590367487,-0.018812684590367487,-0.018812684590367487,0E-17,ELIGIBLE,R03b_20260811_FULL_v1,L1_ELIGIBILITY,v2026-08-11,2026-03-21..2026-08-06,baccarat_bet02_101_all_pairs_incl_sentinel,round_win = game_pnl > 0 (decisive only),COMPATIBILITY_ONLY_NOT_PRODUCTION,4059548.3812,3680416.6879,6656.9809,9707,9692,-0.00163983,0.01249836,-0.00525961,-0.00163983,-6656.9809,4059548.3812,OK,0.0000,266.2792,4.0000,96.0000,AG03-UNRESOLVED,ALL5_LEVELS_bet23_to_bet27,266.2792,266.2792,266.2792,0.0000,0.0000,4.000000,4.000000,4.000000,0.000000,0.000000,96.000000,96.000000,96.000000,100.000000,100.000000,5.0,798.8377,767.3102,5858.1432,5889.6706,PENDING_AG03,FALSE,NOT_FOR_ENFORCEMENT,6390.7016,3533200.0204,6656.9809,6390.7016,266.2792,0.00163983,0.00157424,266.2792,6390.7016,0.00157424,266.2792,266.2792,266.2792,0.0000,0.0000,6390.7016,0.00157424,798.8377,767.3102,5858.1432,5889.6706,0.00144305,0.00145082,0.00006559,418.2083,379.7376,0.6869,61.6387,1.8384,37588.4109,89.7407,538.3845,395.5999,218.4789,430.6076,432.5446,432.5446,1046.441,1081.3617,427.0584,0.0,2.43015,2.511246,0.971205,30,216,96,2,0.20383968,0.00163983,-0.01249836,0E-8,0.000000,0.906607,0.000000,0.01775797,2026-03-22,2026-08-06,108,3621,2443,138,0.782609,1.360932,1.287360,0.679466,,,,,,,,GLOBAL_BASELINE_NO_ENTITY_RANKING,,,NOT_APPLICABLE_GLOBAL_BASELINE,HF9g-P5,,,,X 全窗基线 · 不参与实体赏罚,14198661,1420,A168_HF9F_20260827_0900,2026-08-27 09:00:00
2026-05-13,57024343,2115,0,432.5446602362,432.5446602362,432.5446602362,1.0000000,1,1,0.49324550000000000,0.493245500000,1.01360149184955,1.01360149184955,1.01360149184955,0E-17,ELIGIBLE,R03b_20260811_FULL_v1,L1_ELIGIBILITY,v2026-08-11,2026-03-21..2026-08-06,baccarat_bet02_101_all_pairs_incl_sentinel,round_win = game_pnl > 0 (decisive only),COMPATIBILITY_ONLY_NOT_PRODUCTION,4059548.3812,3680416.6879,6656.9809,9707,9692,-0.00163983,0.01249836,-0.00525961,-0.00163983,-6656.9809,4059548.3812,OK,0.0000,266.2792,4.0000,96.0000,AG03-UNRESOLVED,ALL5_LEVELS_bet23_to_bet27,266.2792,266.2792,266.2792,0.0000,0.0000,4.000000,4.000000,4.000000,0.000000,0.000000,96.000000,96.000000,96.000000,100.000000,100.000000,5.0,798.8377,767.3102,5858.1432,5889.6706,PENDING_AG03,FALSE,NOT_FOR_ENFORCEMENT,6390.7016,3533200.0204,6656.9809,6390.7016,266.2792,0.00163983,0.00157424,266.2792,6390.7016,0.00157424,266.2792,266.2792,266.2792,0.0000,0.0000,6390.7016,0.00157424,798.8377,767.3102,5858.1432,5889.6706,0.00144305,0.00145082,0.00006559,418.2083,379.7376,0.6869,61.6387,1.8384,37588.4109,89.7407,538.3845,395.5999,218.4789,430.6076,432.5446,432.5446,1046.441,1081.3617,427.0584,0.0,2.43015,2.511246,0.971205,30,216,96,2,0.20383968,0.00163983,-0.01249836,0E-8,0.000000,0.906607,0.000000,0.01775797,2026-03-22,2026-08-06,108,3621,2443,138,0.782609,1.360932,1.287360,0.679466,,,,,,,,GLOBAL_BASELINE_NO_ENTITY_RANKING,,,NOT_APPLICABLE_GLOBAL_BASELINE,HF9g-P5,,,,X 全窗基线 · 不参与实体赏罚,14198662,1420,A168_HF9F_20260827_0900,2026-08-27 09:00:00
2026-05-13,57024343,2121,0,1513.9063108267,-216.2723301181,-216.2723301181,0.3333333,4,4,0.50329940000000000,0.503299400000,-0.5887925454369916,-0.5887925454369916,-0.5887925454369916,0E-17,ELIGIBLE,R03b_20260811_FULL_v1,L1_ELIGIBILITY,v2026-08-11,2026-03-21..2026-08-06,baccarat_bet02_101_all_pairs_incl_sentinel,round_win = game_pnl > 0 (decisive only),COMPATIBILITY_ONLY_NOT_PRODUCTION,4059548.3812,3680416.6879,6656.9809,9707,9692,-0.00163983,0.01249836,-0.00525961,-0.00163983,-6656.9809,4059548.3812,OK,0.0000,266.2792,4.0000,96.0000,AG03-UNRESOLVED,ALL5_LEVELS_bet23_to_bet27,266.2792,266.2792,266.2792,0.0000,0.0000,4.000000,4.000000,4.000000,0.000000,0.000000,96.000000,96.000000,96.000000,100.000000,100.000000,5.0,798.8377,767.3102,5858.1432,5889.6706,PENDING_AG03,FALSE,NOT_FOR_ENFORCEMENT,6390.7016,3533200.0204,6656.9809,6390.7016,266.2792,0.00163983,0.00157424,266.2792,6390.7016,0.00157424,266.2792,266.2792,266.2792,0.0000,0.0000,6390.7016,0.00157424,798.8377,767.3102,5858.1432,5889.6706,0.00144305,0.00145082,0.00006559,418.2083,379.7376,0.6869,61.6387,1.8384,37588.4109,89.7407,538.3845,395.5999,218.4789,430.6076,432.5446,432.5446,1046.441,1081.3617,427.0584,0.0,2.43015,2.511246,0.971205,30,216,96,2,0.20383968,0.00163983,-0.01249836,0E-8,0.000000,0.906607,0.000000,0.01775797,2026-03-22,2026-08-06,108,3621,2443,138,0.782609,1.360932,1.287360,0.679466,,,,,,,,GLOBAL_BASELINE_NO_ENTITY_RANKING,,,NOT_APPLICABLE_GLOBAL_BASELINE,HF9g-P5,,,,X 全窗基线 · 不参与实体赏罚,14198663,1420,A168_HF9F_20260827_0900,2026-08-27 09:00:00
2026-05-13,57024343,2123,0,865.0893204724,-21.6272330118,-21.6272330118,0.5000000,2,2,0.50665070000000000,0.506650700000,-0.018812684590367487,-0.018812684590367487,-0.018812684590367487,0E-17,ELIGIBLE,R03b_20260811_FULL_v1,L1_ELIGIBILITY,v2026-08-11,2026-03-21..2026-08-06,baccarat_bet02_101_all_pairs_incl_sentinel,round_win = game_pnl > 0 (decisive only),COMPATIBILITY_ONLY_NOT_PRODUCTION,4059548.3812,3680416.6879,6656.9809,9707,9692,-0.00163983,0.01249836,-0.00525961,-0.00163983,-6656.9809,4059548.3812,OK,0.0000,266.2792,4.0000,96.0000,AG03-UNRESOLVED,ALL5_LEVELS_bet23_to_bet27,266.2792,266.2792,266.2792,0.0000,0.0000,4.000000,4.000000,4.000000,0.000000,0.000000,96.000000,96.000000,96.000000,100.000000,100.000000,5.0,798.8377,767.3102,5858.1432,5889.6706,PENDING_AG03,FALSE,NOT_FOR_ENFORCEMENT,6390.7016,3533200.0204,6656.9809,6390.7016,266.2792,0.00163983,0.00157424,266.2792,6390.7016,0.00157424,266.2792,266.2792,266.2792,0.0000,0.0000,6390.7016,0.00157424,798.8377,767.3102,5858.1432,5889.6706,0.00144305,0.00145082,0.00006559,418.2083,379.7376,0.6869,61.6387,1.8384,37588.4109,89.7407,538.3845,395.5999,218.4789,430.6076,432.5446,432.5446,1046.441,1081.3617,427.0584,0.0,2.43015,2.511246,0.971205,30,216,96,2,0.20383968,0.00163983,-0.01249836,0E-8,0.000000,0.906607,0.000000,0.01775797,2026-03-22,2026-08-06,108,3621,2443,138,0.782609,1.360932,1.287360,0.679466,,,,,,,,GLOBAL_BASELINE_NO_ENTITY_RANKING,,,NOT_APPLICABLE_GLOBAL_BASELINE,HF9g-P5,,,,X 全窗基线 · 不参与实体赏罚,14198664,1420,A168_HF9F_20260827_0900,2026-08-27 09:00:00
2026-05-13,57024343,2152,0,3676.6296120075,2238.4186167221,2238.4186167221,1.0000000,7,5,0.50557828399999990,0.503969660000,1.97780995585353,1.9841838953208244,1.97780995585353,0.00160862399999990,ELIGIBLE,R03b_20260811_FULL_v1,L1_ELIGIBILITY,v2026-08-11,2026-03-21..2026-08-06,baccarat_bet02_101_all_pairs_incl_sentinel,round_win = game_pnl > 0 (decisive only),COMPATIBILITY_ONLY_NOT_PRODUCTION,4059548.3812,3680416.6879,6656.9809,9707,9692,-0.00163983,0.01249836,-0.00525961,-0.00163983,-6656.9809,4059548.3812,OK,0.0000,266.2792,4.0000,96.0000,AG03-UNRESOLVED,ALL5_LEVELS_bet23_to_bet27,266.2792,266.2792,266.2792,0.0000,0.0000,4.000000,4.000000,4.000000,0.000000,0.000000,96.000000,96.000000,96.000000,100.000000,100.000000,5.0,798.8377,767.3102,5858.1432,5889.6706,PENDING_AG03,FALSE,NOT_FOR_ENFORCEMENT,6390.7016,3533200.0204,6656.9809,6390.7016,266.2792,0.00163983,0.00157424,266.2792,6390.7016,0.00157424,266.2792,266.2792,266.2792,0.0000,0.0000,6390.7016,0.00157424,798.8377,767.3102,5858.1432,5889.6706,0.00144305,0.00145082,0.00006559,418.2083,379.7376,0.6869,61.6387,1.8384,37588.4109,89.7407,538.3845,395.5999,218.4789,430.6076,432.5446,432.5446,1046.441,1081.3617,427.0584,0.0,2.43015,2.511246,0.971205,30,216,96,2,0.20383968,0.00163983,-0.01249836,0E-8,0.000000,0.906607,0.000000,0.01775797,2026-03-22,2026-08-06,108,3621,2443,138,0.782609,1.360932,1.287360,0.679466,,,,,,,,GLOBAL_BASELINE_NO_ENTITY_RANKING,,,NOT_APPLICABLE_GLOBAL_BASELINE,HF9g-P5,,,,X 全窗基线 · 不参与实体赏罚,14198665,1420,A168_HF9F_20260827_0900,2026-08-27 09:00:00
2026-05-13,57024343,2169,0,1730.1786409448,410.9174272244,410.9174272244,0.6666667,4,4,0.49994810000000000,0.499948100000,0.5775300591747329,0.5775300591747329,0.5775300591747329,0E-17,ELIGIBLE,R03b_20260811_FULL_v1,L1_ELIGIBILITY,v2026-08-11,2026-03-21..2026-08-06,baccarat_bet02_101_all_pairs_incl_sentinel,round_win = game_pnl > 0 (decisive only),COMPATIBILITY_ONLY_NOT_PRODUCTION,4059548.3812,3680416.6879,6656.9809,9707,9692,-0.00163983,0.01249836,-0.00525961,-0.00163983,-6656.9809,4059548.3812,OK,0.0000,266.2792,4.0000,96.0000,AG03-UNRESOLVED,ALL5_LEVELS_bet23_to_bet27,266.2792,266.2792,266.2792,0.0000,0.0000,4.000000,4.000000,4.000000,0.000000,0.000000,96.000000,96.000000,96.000000,100.000000,100.000000,5.0,798.8377,767.3102,5858.1432,5889.6706,PENDING_AG03,FALSE,NOT_FOR_ENFORCEMENT,6390.7016,3533200.0204,6656.9809,6390.7016,266.2792,0.00163983,0.00157424,266.2792,6390.7016,0.00157424,266.2792,266.2792,266.2792,0.0000,0.0000,6390.7016,0.00157424,798.8377,767.3102,5858.1432,5889.6706,0.00144305,0.00145082,0.00006559,418.2083,379.7376,0.6869,61.6387,1.8384,37588.4109,89.7407,538.3845,395.5999,218.4789,430.6076,432.5446,432.5446,1046.441,1081.3617,427.0584,0.0,2.43015,2.511246,0.971205,30,216,96,2,0.20383968,0.00163983,-0.01249836,0E-8,0.000000,0.906607,0.000000,0.01775797,2026-03-22,2026-08-06,108,3621,2443,138,0.782609,1.360932,1.287360,0.679466,,,,,,,,GLOBAL_BASELINE_NO_ENTITY_RANKING,,,NOT_APPLICABLE_GLOBAL_BASELINE,HF9g-P5,,,,X 全窗基线 · 不参与实体赏罚,14198666,1420,A168_HF9F_20260827_0900,2026-08-27 09:00:00
2026-05-13,57024343,2175,0,1081.3616505905,-237.8995631299,-237.8995631299,0.5000000,2,2,0.50665070000000000,0.506650700000,-0.018812684590367487,-0.018812684590367487,-0.018812684590367487,0E-17,ELIGIBLE,R03b_20260811_FULL_v1,L1_ELIGIBILITY,v2026-08-11,2026-03-21..2026-08-06,baccarat_bet02_101_all_pairs_incl_sentinel,round_win = game_pnl > 0 (decisive only),COMPATIBILITY_ONLY_NOT_PRODUCTION,4059548.3812,3680416.6879,6656.9809,9707,9692,-0.00163983,0.01249836,-0.00525961,-0.00163983,-6656.9809,4059548.3812,OK,0.0000,266.2792,4.0000,96.0000,AG03-UNRESOLVED,ALL5_LEVELS_bet23_to_bet27,266.2792,266.2792,266.2792,0.0000,0.0000,4.000000,4.000000,4.000000,0.000000,0.000000,96.000000,96.000000,96.000000,100.000000,100.000000,5.0,798.8377,767.3102,5858.1432,5889.6706,PENDING_AG03,FALSE,NOT_FOR_ENFORCEMENT,6390.7016,3533200.0204,6656.9809,6390.7016,266.2792,0.00163983,0.00157424,266.2792,6390.7016,0.00157424,266.2792,266.2792,266.2792,0.0000,0.0000,6390.7016,0.00157424,798.8377,767.3102,5858.1432,5889.6706,0.00144305,0.00145082,0.00006559,418.2083,379.7376,0.6869,61.6387,1.8384,37588.4109,89.7407,538.3845,395.5999,218.4789,430.6076,432.5446,432.5446,1046.441,1081.3617,427.0584,0.0,2.43015,2.511246,0.971205,30,216,96,2,0.20383968,0.00163983,-0.01249836,0E-8,0.000000,0.906607,0.000000,0.01775797,2026-03-22,2026-08-06,108,3621,2443,138,0.782609,1.360932,1.287360,0.679466,,,,,,,,GLOBAL_BASELINE_NO_ENTITY_RANKING,,,NOT_APPLICABLE_GLOBAL_BASELINE,HF9g-P5,,,,X 全窗基线 · 不参与实体赏罚,14198667,1420,A168_HF9F_20260827_0900,2026-08-27 09:00:00
2026-05-13,57024343,2209,0,1730.1786409448,-432.5446602362,-432.5446602362,0.3333333,4,4,0.50329940000000000,0.503299400000,-0.5887925454369916,-0.5887925454369916,-0.5887925454369916,0E-17,ELIGIBLE,R03b_20260811_FULL_v1,L1_ELIGIBILITY,v2026-08-11,2026-03-21..2026-08-06,baccarat_bet02_101_all_pairs_incl_sentinel,round_win = game_pnl > 0 (decisive only),COMPATIBILITY_ONLY_NOT_PRODUCTION,4059548.3812,3680416.6879,6656.9809,9707,9692,-0.00163983,0.01249836,-0.00525961,-0.00163983,-6656.9809,4059548.3812,OK,0.0000,266.2792,4.0000,96.0000,AG03-UNRESOLVED,ALL5_LEVELS_bet23_to_bet27,266.2792,266.2792,266.2792,0.0000,0.0000,4.000000,4.000000,4.000000,0.000000,0.000000,96.000000,96.000000,96.000000,100.000000,100.000000,5.0,798.8377,767.3102,5858.1432,5889.6706,PENDING_AG03,FALSE,NOT_FOR_ENFORCEMENT,6390.7016,3533200.0204,6656.9809,6390.7016,266.2792,0.00163983,0.00157424,266.2792,6390.7016,0.00157424,266.2792,266.2792,266.2792,0.0000,0.0000,6390.7016,0.00157424,798.8377,767.3102,5858.1432,5889.6706,0.00144305,0.00145082,0.00006559,418.2083,379.7376,0.6869,61.6387,1.8384,37588.4109,89.7407,538.3845,395.5999,218.4789,430.6076,432.5446,432.5446,1046.441,1081.3617,427.0584,0.0,2.43015,2.511246,0.971205,30,216,96,2,0.20383968,0.00163983,-0.01249836,0E-8,0.000000,0.906607,0.000000,0.01775797,2026-03-22,2026-08-06,108,3621,2443,138,0.782609,1.360932,1.287360,0.679466,,,,,,,,GLOBAL_BASELINE_NO_ENTITY_RANKING,,,NOT_APPLICABLE_GLOBAL_BASELINE,HF9g-P5,,,,X 全窗基线 · 不参与实体赏罚,14198668,1420,A168_HF9F_20260827_0900,2026-08-27 09:00:00
2026-05-13,57024343,2216,0,432.5446602362,-432.5446602362,-432.5446602362,0E-7,1,1,0.50665070000000000,0.506650700000,-1.013391052207602,-1.013391052207602,-1.013391052207602,0E-17,ELIGIBLE,R03b_20260811_FULL_v1,L1_ELIGIBILITY,v2026-08-11,2026-03-21..2026-08-06,baccarat_bet02_101_all_pairs_incl_sentinel,round_win = game_pnl > 0 (decisive only),COMPATIBILITY_ONLY_NOT_PRODUCTION,4059548.3812,3680416.6879,6656.9809,9707,9692,-0.00163983,0.01249836,-0.00525961,-0.00163983,-6656.9809,4059548.3812,OK,0.0000,266.2792,4.0000,96.0000,AG03-UNRESOLVED,ALL5_LEVELS_bet23_to_bet27,266.2792,266.2792,266.2792,0.0000,0.0000,4.000000,4.000000,4.000000,0.000000,0.000000,96.000000,96.000000,96.000000,100.000000,100.000000,5.0,798.8377,767.3102,5858.1432,5889.6706,PENDING_AG03,FALSE,NOT_FOR_ENFORCEMENT,6390.7016,3533200.0204,6656.9809,6390.7016,266.2792,0.00163983,0.00157424,266.2792,6390.7016,0.00157424,266.2792,266.2792,266.2792,0.0000,0.0000,6390.7016,0.00157424,798.8377,767.3102,5858.1432,5889.6706,0.00144305,0.00145082,0.00006559,418.2083,379.7376,0.6869,61.6387,1.8384,37588.4109,89.7407,538.3845,395.5999,218.4789,430.6076,432.5446,432.5446,1046.441,1081.3617,427.0584,0.0,2.43015,2.511246,0.971205,30,216,96,2,0.20383968,0.00163983,-0.01249836,0E-8,0.000000,0.906607,0.000000,0.01775797,2026-03-22,2026-08-06,108,3621,2443,138,0.782609,1.360932,1.287360,0.679466,,,,,,,,GLOBAL_BASELINE_NO_ENTITY_RANKING,,,NOT_APPLICABLE_GLOBAL_BASELINE,HF9g-P5,,,,X 全窗基线 · 不参与实体赏罚,14198669,1420,A168_HF9F_20260827_0900,2026-08-27 09:00:00
2026-05-13,57024343,2224,0,432.5446602362,-432.5446602362,-432.5446602362,0E-7,1,1,0.50665070000000000,0.506650700000,-1.013391052207602,-1.013391052207602,-1.013391052207602,0E-17,ELIGIBLE,R03b_20260811_FULL_v1,L1_ELIGIBILITY,v2026-08-11,2026-03-21..2026-08-06,baccarat_bet02_101_all_pairs_incl_sentinel,round_win = game_pnl > 0 (decisive only),COMPATIBILITY_ONLY_NOT_PRODUCTION,4059548.3812,3680416.6879,6656.9809,9707,9692,-0.00163983,0.01249836,-0.00525961,-0.00163983,-6656.9809,4059548.3812,OK,0.0000,266.2792,4.0000,96.0000,AG03-UNRESOLVED,ALL5_LEVELS_bet23_to_bet27,266.2792,266.2792,266.2792,0.0000,0.0000,4.000000,4.000000,4.000000,0.000000,0.000000,96.000000,96.000000,96.000000,100.000000,100.000000,5.0,798.8377,767.3102,5858.1432,5889.6706,PENDING_AG03,FALSE,NOT_FOR_ENFORCEMENT,6390.7016,3533200.0204,6656.9809,6390.7016,266.2792,0.00163983,0.00157424,266.2792,6390.7016,0.00157424,266.2792,266.2792,266.2792,0.0000,0.0000,6390.7016,0.00157424,798.8377,767.3102,5858.1432,5889.6706,0.00144305,0.00145082,0.00006559,418.2083,379.7376,0.6869,61.6387,1.8384,37588.4109,89.7407,538.3845,395.5999,218.4789,430.6076,432.5446,432.5446,1046.441,1081.3617,427.0584,0.0,2.43015,2.511246,0.971205,30,216,96,2,0.20383968,0.00163983,-0.01249836,0E-8,0.000000,0.906607,0.000000,0.01775797,2026-03-22,2026-08-06,108,3621,2443,138,0.782609,1.360932,1.287360,0.679466,,,,,,,,GLOBAL_BASELINE_NO_ENTITY_RANKING,,,NOT_APPLICABLE_GLOBAL_BASELINE,HF9g-P5,,,,X 全窗基线 · 不参与实体赏罚,14198670,1420,A168_HF9F_20260827_0900,2026-08-27 09:00:00
2026-05-13,57024343,2235,0,865.0893204724,-21.6272330118,-21.6272330118,0.5000000,2,2,0.50665070000000000,0.506650700000,-0.018812684590367487,-0.018812684590367487,-0.018812684590367487,0E-17,ELIGIBLE,R03b_20260811_FULL_v1,L1_ELIGIBILITY,v2026-08-11,2026-03-21..2026-08-06,baccarat_bet02_101_all_pairs_incl_sentinel,round_win = game_pnl > 0 (decisive only),COMPATIBILITY_ONLY_NOT_PRODUCTION,4059548.3812,3680416.6879,6656.9809,9707,9692,-0.00163983,0.01249836,-0.00525961,-0.00163983,-6656.9809,4059548.3812,OK,0.0000,266.2792,4.0000,96.0000,AG03-UNRESOLVED,ALL5_LEVELS_bet23_to_bet27,266.2792,266.2792,266.2792,0.0000,0.0000,4.000000,4.000000,4.000000,0.000000,0.000000,96.000000,96.000000,96.000000,100.000000,100.000000,5.0,798.8377,767.3102,5858.1432,5889.6706,PENDING_AG03,FALSE,NOT_FOR_ENFORCEMENT,6390.7016,3533200.0204,6656.9809,6390.7016,266.2792,0.00163983,0.00157424,266.2792,6390.7016,0.00157424,266.2792,266.2792,266.2792,0.0000,0.0000,6390.7016,0.00157424,798.8377,767.3102,5858.1432,5889.6706,0.00144305,0.00145082,0.00006559,418.2083,379.7376,0.6869,61.6387,1.8384,37588.4109,89.7407,538.3845,395.5999,218.4789,430.6076,432.5446,432.5446,1046.441,1081.3617,427.0584,0.0,2.43015,2.511246,0.971205,30,216,96,2,0.20383968,0.00163983,-0.01249836,0E-8,0.000000,0.906607,0.000000,0.01775797,2026-03-22,2026-08-06,108,3621,2443,138,0.782609,1.360932,1.287360,0.679466,,,,,,,,GLOBAL_BASELINE_NO_ENTITY_RANKING,,,NOT_APPLICABLE_GLOBAL_BASELINE,HF9g-P5,,,,X 全窗基线 · 不参与实体赏罚,14198671,1420,A168_HF9F_20260827_0900,2026-08-27 09:00:00
2026-05-13,57024343,2242,0,432.5446602362,-432.5446602362,-432.5446602362,0E-7,1,1,0.50665070000000000,0.506650700000,-1.013391052207602,-1.013391052207602,-1.013391052207602,0E-17,ELIGIBLE,R03b_20260811_FULL_v1,L1_ELIGIBILITY,v2026-08-11,2026-03-21..2026-08-06,baccarat_bet02_101_all_pairs_incl_sentinel,round_win = game_pnl > 0 (decisive only),COMPATIBILITY_ONLY_NOT_PRODUCTION,4059548.3812,3680416.6879,6656.9809,9707,9692,-0.00163983,0.01249836,-0.00525961,-0.00163983,-6656.9809,4059548.3812,OK,0.0000,266.2792,4.0000,96.0000,AG03-UNRESOLVED,ALL5_LEVELS_bet23_to_bet27,266.2792,266.2792,266.2792,0.0000,0.0000,4.000000,4.000000,4.000000,0.000000,0.000000,96.000000,96.000000,96.000000,100.000000,100.000000,5.0,798.8377,767.3102,5858.1432,5889.6706,PENDING_AG03,FALSE,NOT_FOR_ENFORCEMENT,6390.7016,3533200.0204,6656.9809,6390.7016,266.2792,0.00163983,0.00157424,266.2792,6390.7016,0.00157424,266.2792,266.2792,266.2792,0.0000,0.0000,6390.7016,0.00157424,798.8377,767.3102,5858.1432,5889.6706,0.00144305,0.00145082,0.00006559,418.2083,379.7376,0.6869,61.6387,1.8384,37588.4109,89.7407,538.3845,395.5999,218.4789,430.6076,432.5446,432.5446,1046.441,1081.3617,427.0584,0.0,2.43015,2.511246,0.971205,30,216,96,2,0.20383968,0.00163983,-0.01249836,0E-8,0.000000,0.906607,0.000000,0.01775797,2026-03-22,2026-08-06,108,3621,2443,138,0.782609,1.360932,1.287360,0.679466,,,,,,,,GLOBAL_BASELINE_NO_ENTITY_RANKING,,,NOT_APPLICABLE_GLOBAL_BASELINE,HF9g-P5,,,,X 全窗基线 · 不参与实体赏罚,14198672,1420,A168_HF9F_20260827_0900,2026-08-27 09:00:00
2026-05-13,57024343,2244,0,432.5446602362,-432.5446602362,-432.5446602362,0E-7,1,1,0.50665070000000000,0.506650700000,-1.013391052207602,-1.013391052207602,-1.013391052207602,0E-17,ELIGIBLE,R03b_20260811_FULL_v1,L1_ELIGIBILITY,v2026-08-11,2026-03-21..2026-08-06,baccarat_bet02_101_all_pairs_incl_sentinel,round_win = game_pnl > 0 (decisive only),COMPATIBILITY_ONLY_NOT_PRODUCTION,4059548.3812,3680416.6879,6656.9809,9707,9692,-0.00163983,0.01249836,-0.00525961,-0.00163983,-6656.9809,4059548.3812,OK,0.0000,266.2792,4.0000,96.0000,AG03-UNRESOLVED,ALL5_LEVELS_bet23_to_bet27,266.2792,266.2792,266.2792,0.0000,0.0000,4.000000,4.000000,4.000000,0.000000,0.000000,96.000000,96.000000,96.000000,100.000000,100.000000,5.0,798.8377,767.3102,5858.1432,5889.6706,PENDING_AG03,FALSE,NOT_FOR_ENFORCEMENT,6390.7016,3533200.0204,6656.9809,6390.7016,266.2792,0.00163983,0.00157424,266.2792,6390.7016,0.00157424,266.2792,266.2792,266.2792,0.0000,0.0000,6390.7016,0.00157424,798.8377,767.3102,5858.1432,5889.6706,0.00144305,0.00145082,0.00006559,418.2083,379.7376,0.6869,61.6387,1.8384,37588.4109,89.7407,538.3845,395.5999,218.4789,430.6076,432.5446,432.5446,1046.441,1081.3617,427.0584,0.0,2.43015,2.511246,0.971205,30,216,96,2,0.20383968,0.00163983,-0.01249836,0E-8,0.000000,0.906607,0.000000,0.01775797,2026-03-22,2026-08-06,108,3621,2443,138,0.782609,1.360932,1.287360,0.679466,,,,,,,,GLOBAL_BASELINE_NO_ENTITY_RANKING,,,NOT_APPLICABLE_GLOBAL_BASELINE,HF9g-P5,,,,X 全窗基线 · 不参与实体赏罚,14198673,1420,A168_HF9F_20260827_0900,2026-08-27 09:00:00
2026-05-13,57024343,2251,0,865.0893204724,-865.0893204724,-865.0893204724,0E-7,2,2,0.50665070000000000,0.506650700000,-1.4331513700195317,-1.4331513700195317,-1.4331513700195317,0E-17,ELIGIBLE,R03b_20260811_FULL_v1,L1_ELIGIBILITY,v2026-08-11,2026-03-21..2026-08-06,baccarat_bet02_101_all_pairs_incl_sentinel,round_win = game_pnl > 0 (decisive only),COMPATIBILITY_ONLY_NOT_PRODUCTION,4059548.3812,3680416.6879,6656.9809,9707,9692,-0.00163983,0.01249836,-0.00525961,-0.00163983,-6656.9809,4059548.3812,OK,0.0000,266.2792,4.0000,96.0000,AG03-UNRESOLVED,ALL5_LEVELS_bet23_to_bet27,266.2792,266.2792,266.2792,0.0000,0.0000,4.000000,4.000000,4.000000,0.000000,0.000000,96.000000,96.000000,96.000000,100.000000,100.000000,5.0,798.8377,767.3102,5858.1432,5889.6706,PENDING_AG03,FALSE,NOT_FOR_ENFORCEMENT,6390.7016,3533200.0204,6656.9809,6390.7016,266.2792,0.00163983,0.00157424,266.2792,6390.7016,0.00157424,266.2792,266.2792,266.2792,0.0000,0.0000,6390.7016,0.00157424,798.8377,767.3102,5858.1432,5889.6706,0.00144305,0.00145082,0.00006559,418.2083,379.7376,0.6869,61.6387,1.8384,37588.4109,89.7407,538.3845,395.5999,218.4789,430.6076,432.5446,432.5446,1046.441,1081.3617,427.0584,0.0,2.43015,2.511246,0.971205,30,216,96,2,0.20383968,0.00163983,-0.01249836,0E-8,0.000000,0.906607,0.000000,0.01775797,2026-03-22,2026-08-06,108,3621,2443,138,0.782609,1.360932,1.287360,0.679466,,,,,,,,GLOBAL_BASELINE_NO_ENTITY_RANKING,,,NOT_APPLICABLE_GLOBAL_BASELINE,HF9g-P5,,,,X 全窗基线 · 不参与实体赏罚,14198674,1420,A168_HF9F_20260827_0900,2026-08-27 09:00:00
2026-05-13,57024343,2256,0,865.0893204724,-21.6272330118,-21.6272330118,0.5000000,2,2,0.49994810000000000,0.499948100000,0.00014679536856514622,0.00014679536856514622,0.00014679536856514622,0E-17,ELIGIBLE,R03b_20260811_FULL_v1,L1_ELIGIBILITY,v2026-08-11,2026-03-21..2026-08-06,baccarat_bet02_101_all_pairs_incl_sentinel,round_win = game_pnl > 0 (decisive only),COMPATIBILITY_ONLY_NOT_PRODUCTION,4059548.3812,3680416.6879,6656.9809,9707,9692,-0.00163983,0.01249836,-0.00525961,-0.00163983,-6656.9809,4059548.3812,OK,0.0000,266.2792,4.0000,96.0000,AG03-UNRESOLVED,ALL5_LEVELS_bet23_to_bet27,266.2792,266.2792,266.2792,0.0000,0.0000,4.000000,4.000000,4.000000,0.000000,0.000000,96.000000,96.000000,96.000000,100.000000,100.000000,5.0,798.8377,767.3102,5858.1432,5889.6706,PENDING_AG03,FALSE,NOT_FOR_ENFORCEMENT,6390.7016,3533200.0204,6656.9809,6390.7016,266.2792,0.00163983,0.00157424,266.2792,6390.7016,0.00157424,266.2792,266.2792,266.2792,0.0000,0.0000,6390.7016,0.00157424,798.8377,767.3102,5858.1432,5889.6706,0.00144305,0.00145082,0.00006559,418.2083,379.7376,0.6869,61.6387,1.8384,37588.4109,89.7407,538.3845,395.5999,218.4789,430.6076,432.5446,432.5446,1046.441,1081.3617,427.0584,0.0,2.43015,2.511246,0.971205,30,216,96,2,0.20383968,0.00163983,-0.01249836,0E-8,0.000000,0.906607,0.000000,0.01775797,2026-03-22,2026-08-06,108,3621,2443,138,0.782609,1.360932,1.287360,0.679466,,,,,,,,GLOBAL_BASELINE_NO_ENTITY_RANKING,,,NOT_APPLICABLE_GLOBAL_BASELINE,HF9g-P5,,,,X 全窗基线 · 不参与实体赏罚,14198675,1420,A168_HF9F_20260827_0900,2026-08-27 09:00:00
2026-05-13,57024343,2267,0,1297.6339807086,-865.0893204724,-865.0893204724,0E-7,3,3,0.50218230000000000,0.502182300000,-1.4203995680682369,-1.4203995680682369,-1.4203995680682369,0E-17,ELIGIBLE,R03b_20260811_FULL_v1,L1_ELIGIBILITY,v2026-08-11,2026-03-21..2026-08-06,baccarat_bet02_101_all_pairs_incl_sentinel,round_win = game_pnl > 0 (decisive only),COMPATIBILITY_ONLY_NOT_PRODUCTION,4059548.3812,3680416.6879,6656.9809,9707,9692,-0.00163983,0.01249836,-0.00525961,-0.00163983,-6656.9809,4059548.3812,OK,0.0000,266.2792,4.0000,96.0000,AG03-UNRESOLVED,ALL5_LEVELS_bet23_to_bet27,266.2792,266.2792,266.2792,0.0000,0.0000,4.000000,4.000000,4.000000,0.000000,0.000000,96.000000,96.000000,96.000000,100.000000,100.000000,5.0,798.8377,767.3102,5858.1432,5889.6706,PENDING_AG03,FALSE,NOT_FOR_ENFORCEMENT,6390.7016,3533200.0204,6656.9809,6390.7016,266.2792,0.00163983,0.00157424,266.2792,6390.7016,0.00157424,266.2792,266.2792,266.2792,0.0000,0.0000,6390.7016,0.00157424,798.8377,767.3102,5858.1432,5889.6706,0.00144305,0.00145082,0.00006559,418.2083,379.7376,0.6869,61.6387,1.8384,37588.4109,89.7407,538.3845,395.5999,218.4789,430.6076,432.5446,432.5446,1046.441,1081.3617,427.0584,0.0,2.43015,2.511246,0.971205,30,216,96,2,0.20383968,0.00163983,-0.01249836,0E-8,0.000000,0.906607,0.000000,0.01775797,2026-03-22,2026-08-06,108,3621,2443,138,0.782609,1.360932,1.287360,0.679466,,,,,,,,GLOBAL_BASELINE_NO_ENTITY_RANKING,,,NOT_APPLICABLE_GLOBAL_BASELINE,HF9g-P5,,,,X 全窗基线 · 不参与实体赏罚,14198676,1420,A168_HF9F_20260827_0900,2026-08-27 09:00:00
2026-05-13,57024343,526,0,432.5446602362,410.9174272244,410.9174272244,1.0000000,1,1,0.50665070000000000,0.506650700000,0.9867858985152569,0.9867858985152569,0.9867858985152569,0E-17,ELIGIBLE,R03b_20260811_FULL_v1,L1_ELIGIBILITY,v2026-08-11,2026-03-21..2026-08-06,baccarat_bet02_101_all_pairs_incl_sentinel,round_win = game_pnl > 0 (decisive only),COMPATIBILITY_ONLY_NOT_PRODUCTION,4059548.3812,3680416.6879,6656.9809,9707,9692,-0.00163983,0.01249836,-0.00525961,-0.00163983,-6656.9809,4059548.3812,OK,0.0000,266.2792,4.0000,96.0000,AG03-UNRESOLVED,ALL5_LEVELS_bet23_to_bet27,266.2792,266.2792,266.2792,0.0000,0.0000,4.000000,4.000000,4.000000,0.000000,0.000000,96.000000,96.000000,96.000000,100.000000,100.000000,5.0,798.8377,767.3102,5858.1432,5889.6706,PENDING_AG03,FALSE,NOT_FOR_ENFORCEMENT,6390.7016,3533200.0204,6656.9809,6390.7016,266.2792,0.00163983,0.00157424,266.2792,6390.7016,0.00157424,266.2792,266.2792,266.2792,0.0000,0.0000,6390.7016,0.00157424,798.8377,767.3102,5858.1432,5889.6706,0.00144305,0.00145082,0.00006559,418.2083,379.7376,0.6869,61.6387,1.8384,37588.4109,89.7407,538.3845,395.5999,218.4789,430.6076,432.5446,432.5446,1046.441,1081.3617,427.0584,0.0,2.43015,2.511246,0.971205,30,216,96,2,0.20383968,0.00163983,-0.01249836,0E-8,0.000000,0.906607,0.000000,0.01775797,2026-03-22,2026-08-06,108,3621,2443,138,0.782609,1.360932,1.287360,0.679466,,,,,,,,GLOBAL_BASELINE_NO_ENTITY_RANKING,,,NOT_APPLICABLE_GLOBAL_BASELINE,HF9g-P5,,,,X 全窗基线 · 不参与实体赏罚,14198677,1420,A168_HF9F_20260827_0900,2026-08-27 09:00:00
2026-05-13,57024343,529,0,432.5446602362,410.9174272244,410.9174272244,1.0000000,1,1,0.50665070000000000,0.506650700000,0.9867858985152569,0.9867858985152569,0.9867858985152569,0E-17,ELIGIBLE,R03b_20260811_FULL_v1,L1_ELIGIBILITY,v2026-08-11,2026-03-21..2026-08-06,baccarat_bet02_101_all_pairs_incl_sentinel,round_win = game_pnl > 0 (decisive only),COMPATIBILITY_ONLY_NOT_PRODUCTION,4059548.3812,3680416.6879,6656.9809,9707,9692,-0.00163983,0.01249836,-0.00525961,-0.00163983,-6656.9809,4059548.3812,OK,0.0000,266.2792,4.0000,96.0000,AG03-UNRESOLVED,ALL5_LEVELS_bet23_to_bet27,266.2792,266.2792,266.2792,0.0000,0.0000,4.000000,4.000000,4.000000,0.000000,0.000000,96.000000,96.000000,96.000000,100.000000,100.000000,5.0,798.8377,767.3102,5858.1432,5889.6706,PENDING_AG03,FALSE,NOT_FOR_ENFORCEMENT,6390.7016,3533200.0204,6656.9809,6390.7016,266.2792,0.00163983,0.00157424,266.2792,6390.7016,0.00157424,266.2792,266.2792,266.2792,0.0000,0.0000,6390.7016,0.00157424,798.8377,767.3102,5858.1432,5889.6706,0.00144305,0.00145082,0.00006559,418.2083,379.7376,0.6869,61.6387,1.8384,37588.4109,89.7407,538.3845,395.5999,218.4789,430.6076,432.5446,432.5446,1046.441,1081.3617,427.0584,0.0,2.43015,2.511246,0.971205,30,216,96,2,0.20383968,0.00163983,-0.01249836,0E-8,0.000000,0.906607,0.000000,0.01775797,2026-03-22,2026-08-06,108,3621,2443,138,0.782609,1.360932,1.287360,0.679466,,,,,,,,GLOBAL_BASELINE_NO_ENTITY_RANKING,,,NOT_APPLICABLE_GLOBAL_BASELINE,HF9g-P5,,,,X 全窗基线 · 不参与实体赏罚,14198678,1420,A168_HF9F_20260827_0900,2026-08-27 09:00:00
2026-05-13,57024343,595,0,432.5446602362,-432.5446602362,-432.5446602362,0E-7,1,1,0.50665070000000000,0.506650700000,-1.013391052207602,-1.013391052207602,-1.013391052207602,0E-17,ELIGIBLE,R03b_20260811_FULL_v1,L1_ELIGIBILITY,v2026-08-11,2026-03-21..2026-08-06,baccarat_bet02_101_all_pairs_incl_sentinel,round_win = game_pnl > 0 (decisive only),COMPATIBILITY_ONLY_NOT_PRODUCTION,4059548.3812,3680416.6879,6656.9809,9707,9692,-0.00163983,0.01249836,-0.00525961,-0.00163983,-6656.9809,4059548.3812,OK,0.0000,266.2792,4.0000,96.0000,AG03-UNRESOLVED,ALL5_LEVELS_bet23_to_bet27,266.2792,266.2792,266.2792,0.0000,0.0000,4.000000,4.000000,4.000000,0.000000,0.000000,96.000000,96.000000,96.000000,100.000000,100.000000,5.0,798.8377,767.3102,5858.1432,5889.6706,PENDING_AG03,FALSE,NOT_FOR_ENFORCEMENT,6390.7016,3533200.0204,6656.9809,6390.7016,266.2792,0.00163983,0.00157424,266.2792,6390.7016,0.00157424,266.2792,266.2792,266.2792,0.0000,0.0000,6390.7016,0.00157424,798.8377,767.3102,5858.1432,5889.6706,0.00144305,0.00145082,0.00006559,418.2083,379.7376,0.6869,61.6387,1.8384,37588.4109,89.7407,538.3845,395.5999,218.4789,430.6076,432.5446,432.5446,1046.441,1081.3617,427.0584,0.0,2.43015,2.511246,0.971205,30,216,96,2,0.20383968,0.00163983,-0.01249836,0E-8,0.000000,0.906607,0.000000,0.01775797,2026-03-22,2026-08-06,108,3621,2443,138,0.782609,1.360932,1.287360,0.679466,,,,,,,,GLOBAL_BASELINE_NO_ENTITY_RANKING,,,NOT_APPLICABLE_GLOBAL_BASELINE,HF9g-P5,,,,X 全窗基线 · 不参与实体赏罚,14198679,1420,A168_HF9F_20260827_0900,2026-08-27 09:00:00
2026-05-13,57024343,752,0,1730.1786409448,-454.1718932480,-454.1718932480,0.3333333,4,4,0.50665070000000000,0.506650700000,-0.6004420894325239,-0.6004420894325239,-0.6004420894325239,0E-17,ELIGIBLE,R03b_20260811_FULL_v1,L1_ELIGIBILITY,v2026-08-11,2026-03-21..2026-08-06,baccarat_bet02_101_all_pairs_incl_sentinel,round_win = game_pnl > 0 (decisive only),COMPATIBILITY_ONLY_NOT_PRODUCTION,4059548.3812,3680416.6879,6656.9809,9707,9692,-0.00163983,0.01249836,-0.00525961,-0.00163983,-6656.9809,4059548.3812,OK,0.0000,266.2792,4.0000,96.0000,AG03-UNRESOLVED,ALL5_LEVELS_bet23_to_bet27,266.2792,266.2792,266.2792,0.0000,0.0000,4.000000,4.000000,4.000000,0.000000,0.000000,96.000000,96.000000,96.000000,100.000000,100.000000,5.0,798.8377,767.3102,5858.1432,5889.6706,PENDING_AG03,FALSE,NOT_FOR_ENFORCEMENT,6390.7016,3533200.0204,6656.9809,6390.7016,266.2792,0.00163983,0.00157424,266.2792,6390.7016,0.00157424,266.2792,266.2792,266.2792,0.0000,0.0000,6390.7016,0.00157424,798.8377,767.3102,5858.1432,5889.6706,0.00144305,0.00145082,0.00006559,418.2083,379.7376,0.6869,61.6387,1.8384,37588.4109,89.7407,538.3845,395.5999,218.4789,430.6076,432.5446,432.5446,1046.441,1081.3617,427.0584,0.0,2.43015,2.511246,0.971205,30,216,96,2,0.20383968,0.00163983,-0.01249836,0E-8,0.000000,0.906607,0.000000,0.01775797,2026-03-22,2026-08-06,108,3621,2443,138,0.782609,1.360932,1.287360,0.679466,,,,,,,,GLOBAL_BASELINE_NO_ENTITY_RANKING,,,NOT_APPLICABLE_GLOBAL_BASELINE,HF9g-P5,,,,X 全窗基线 · 不参与实体赏罚,14198680,1420,A168_HF9F_20260827_0900,2026-08-27 09:00:00
2026-05-13,57024343,763,0,432.5446602362,-432.5446602362,-432.5446602362,0E-7,1,1,0.50665070000000000,0.506650700000,-1.013391052207602,-1.013391052207602,-1.013391052207602,0E-17,ELIGIBLE,R03b_20260811_FULL_v1,L1_ELIGIBILITY,v2026-08-11,2026-03-21..2026-08-06,baccarat_bet02_101_all_pairs_incl_sentinel,round_win = game_pnl > 0 (decisive only),COMPATIBILITY_ONLY_NOT_PRODUCTION,4059548.3812,3680416.6879,6656.9809,9707,9692,-0.00163983,0.01249836,-0.00525961,-0.00163983,-6656.9809,4059548.3812,OK,0.0000,266.2792,4.0000,96.0000,AG03-UNRESOLVED,ALL5_LEVELS_bet23_to_bet27,266.2792,266.2792,266.2792,0.0000,0.0000,4.000000,4.000000,4.000000,0.000000,0.000000,96.000000,96.000000,96.000000,100.000000,100.000000,5.0,798.8377,767.3102,5858.1432,5889.6706,PENDING_AG03,FALSE,NOT_FOR_ENFORCEMENT,6390.7016,3533200.0204,6656.9809,6390.7016,266.2792,0.00163983,0.00157424,266.2792,6390.7016,0.00157424,266.2792,266.2792,266.2792,0.0000,0.0000,6390.7016,0.00157424,798.8377,767.3102,5858.1432,5889.6706,0.00144305,0.00145082,0.00006559,418.2083,379.7376,0.6869,61.6387,1.8384,37588.4109,89.7407,538.3845,395.5999,218.4789,430.6076,432.5446,432.5446,1046.441,1081.3617,427.0584,0.0,2.43015,2.511246,0.971205,30,216,96,2,0.20383968,0.00163983,-0.01249836,0E-8,0.000000,0.906607,0.000000,0.01775797,2026-03-22,2026-08-06,108,3621,2443,138,0.782609,1.360932,1.287360,0.679466,,,,,,,,GLOBAL_BASELINE_NO_ENTITY_RANKING,,,NOT_APPLICABLE_GLOBAL_BASELINE,HF9g-P5,,,,X 全窗基线 · 不参与实体赏罚,14198681,1420,A168_HF9F_20260827_0900,2026-08-27 09:00:00
2026-05-13,57024343,925,0,432.5446602362,410.9174272244,410.9174272244,1.0000000,1,1,0.50665070000000000,0.506650700000,0.9867858985152569,0.9867858985152569,0.9867858985152569,0E-17,ELIGIBLE,R03b_20260811_FULL_v1,L1_ELIGIBILITY,v2026-08-11,2026-03-21..2026-08-06,baccarat_bet02_101_all_pairs_incl_sentinel,round_win = game_pnl > 0 (decisive only),COMPATIBILITY_ONLY_NOT_PRODUCTION,4059548.3812,3680416.6879,6656.9809,9707,9692,-0.00163983,0.01249836,-0.00525961,-0.00163983,-6656.9809,4059548.3812,OK,0.0000,266.2792,4.0000,96.0000,AG03-UNRESOLVED,ALL5_LEVELS_bet23_to_bet27,266.2792,266.2792,266.2792,0.0000,0.0000,4.000000,4.000000,4.000000,0.000000,0.000000,96.000000,96.000000,96.000000,100.000000,100.000000,5.0,798.8377,767.3102,5858.1432,5889.6706,PENDING_AG03,FALSE,NOT_FOR_ENFORCEMENT,6390.7016,3533200.0204,6656.9809,6390.7016,266.2792,0.00163983,0.00157424,266.2792,6390.7016,0.00157424,266.2792,266.2792,266.2792,0.0000,0.0000,6390.7016,0.00157424,798.8377,767.3102,5858.1432,5889.6706,0.00144305,0.00145082,0.00006559,418.2083,379.7376,0.6869,61.6387,1.8384,37588.4109,89.7407,538.3845,395.5999,218.4789,430.6076,432.5446,432.5446,1046.441,1081.3617,427.0584,0.0,2.43015,2.511246,0.971205,30,216,96,2,0.20383968,0.00163983,-0.01249836,0E-8,0.000000,0.906607,0.000000,0.01775797,2026-03-22,2026-08-06,108,3621,2443,138,0.782609,1.360932,1.287360,0.679466,,,,,,,,GLOBAL_BASELINE_NO_ENTITY_RANKING,,,NOT_APPLICABLE_GLOBAL_BASELINE,HF9g-P5,,,,X 全窗基线 · 不参与实体赏罚,14198682,1420,A168_HF9F_20260827_0900,2026-08-27 09:00:00
2026-05-13,57024343,948,0,1297.6339807086,389.2901942126,389.2901942126,0.6666667,3,3,0.50665070000000000,0.506650700000,0.5543606114942035,0.5543606114942035,0.5543606114942035,0E-17,ELIGIBLE,R03b_20260811_FULL_v1,L1_ELIGIBILITY,v2026-08-11,2026-03-21..2026-08-06,baccarat_bet02_101_all_pairs_incl_sentinel,round_win = game_pnl > 0 (decisive only),COMPATIBILITY_ONLY_NOT_PRODUCTION,4059548.3812,3680416.6879,6656.9809,9707,9692,-0.00163983,0.01249836,-0.00525961,-0.00163983,-6656.9809,4059548.3812,OK,0.0000,266.2792,4.0000,96.0000,AG03-UNRESOLVED,ALL5_LEVELS_bet23_to_bet27,266.2792,266.2792,266.2792,0.0000,0.0000,4.000000,4.000000,4.000000,0.000000,0.000000,96.000000,96.000000,96.000000,100.000000,100.000000,5.0,798.8377,767.3102,5858.1432,5889.6706,PENDING_AG03,FALSE,NOT_FOR_ENFORCEMENT,6390.7016,3533200.0204,6656.9809,6390.7016,266.2792,0.00163983,0.00157424,266.2792,6390.7016,0.00157424,266.2792,266.2792,266.2792,0.0000,0.0000,6390.7016,0.00157424,798.8377,767.3102,5858.1432,5889.6706,0.00144305,0.00145082,0.00006559,418.2083,379.7376,0.6869,61.6387,1.8384,37588.4109,89.7407,538.3845,395.5999,218.4789,430.6076,432.5446,432.5446,1046.441,1081.3617,427.0584,0.0,2.43015,2.511246,0.971205,30,216,96,2,0.20383968,0.00163983,-0.01249836,0E-8,0.000000,0.906607,0.000000,0.01775797,2026-03-22,2026-08-06,108,3621,2443,138,0.782609,1.360932,1.287360,0.679466,,,,,,,,GLOBAL_BASELINE_NO_ENTITY_RANKING,,,NOT_APPLICABLE_GLOBAL_BASELINE,HF9g-P5,,,,X 全窗基线 · 不参与实体赏罚,14198683,1420,A168_HF9F_20260827_0900,2026-08-27 09:00:00
2026-05-13,57024343,987,0,865.0893204724,0E-10,0E-10,0.5000000,2,2,0.49994810000000000,0.499948100000,0.00014679536856514622,0.00014679536856514622,0.00014679536856514622,0E-17,ELIGIBLE,R03b_20260811_FULL_v1,L1_ELIGIBILITY,v2026-08-11,2026-03-21..2026-08-06,baccarat_bet02_101_all_pairs_incl_sentinel,round_win = game_pnl > 0 (decisive only),COMPATIBILITY_ONLY_NOT_PRODUCTION,4059548.3812,3680416.6879,6656.9809,9707,9692,-0.00163983,0.01249836,-0.00525961,-0.00163983,-6656.9809,4059548.3812,OK,0.0000,266.2792,4.0000,96.0000,AG03-UNRESOLVED,ALL5_LEVELS_bet23_to_bet27,266.2792,266.2792,266.2792,0.0000,0.0000,4.000000,4.000000,4.000000,0.000000,0.000000,96.000000,96.000000,96.000000,100.000000,100.000000,5.0,798.8377,767.3102,5858.1432,5889.6706,PENDING_AG03,FALSE,NOT_FOR_ENFORCEMENT,6390.7016,3533200.0204,6656.9809,6390.7016,266.2792,0.00163983,0.00157424,266.2792,6390.7016,0.00157424,266.2792,266.2792,266.2792,0.0000,0.0000,6390.7016,0.00157424,798.8377,767.3102,5858.1432,5889.6706,0.00144305,0.00145082,0.00006559,418.2083,379.7376,0.6869,61.6387,1.8384,37588.4109,89.7407,538.3845,395.5999,218.4789,430.6076,432.5446,432.5446,1046.441,1081.3617,427.0584,0.0,2.43015,2.511246,0.971205,30,216,96,2,0.20383968,0.00163983,-0.01249836,0E-8,0.000000,0.906607,0.000000,0.01775797,2026-03-22,2026-08-06,108,3621,2443,138,0.782609,1.360932,1.287360,0.679466,,,,,,,,GLOBAL_BASELINE_NO_ENTITY_RANKING,,,NOT_APPLICABLE_GLOBAL_BASELINE,HF9g-P5,,,,X 全窗基线 · 不参与实体赏罚,14198684,1420,A168_HF9F_20260827_0900,2026-08-27 09:00:00
2026-05-14,57024343,-1,1,4325.4466023620,1189.4978156496,1189.4978156496,0.6666667,10,10,0.50531018000000000,0.505310180000,0.9681935238042554,0.9681935238042554,0.9681935238042554,0E-17,SENTINEL_DEALER,R03b_20260811_FULL_v1,L1_ELIGIBILITY,v2026-08-11,2026-03-21..2026-08-06,baccarat_bet02_101_all_pairs_incl_sentinel,round_win = game_pnl > 0 (decisive only),COMPATIBILITY_ONLY_NOT_PRODUCTION,4059548.3812,3680416.6879,6656.9809,9707,9692,-0.00163983,0.01249836,-0.00525961,-0.00163983,-6656.9809,4059548.3812,OK,0.0000,266.2792,4.0000,96.0000,AG03-UNRESOLVED,ALL5_LEVELS_bet23_to_bet27,266.2792,266.2792,266.2792,0.0000,0.0000,4.000000,4.000000,4.000000,0.000000,0.000000,96.000000,96.000000,96.000000,100.000000,100.000000,5.0,798.8377,767.3102,5858.1432,5889.6706,PENDING_AG03,FALSE,NOT_FOR_ENFORCEMENT,6390.7016,3533200.0204,6656.9809,6390.7016,266.2792,0.00163983,0.00157424,266.2792,6390.7016,0.00157424,266.2792,266.2792,266.2792,0.0000,0.0000,6390.7016,0.00157424,798.8377,767.3102,5858.1432,5889.6706,0.00144305,0.00145082,0.00006559,418.2083,379.7376,0.6869,61.6387,1.8384,37588.4109,89.7407,538.3845,395.5999,218.4789,430.6076,432.5446,432.5446,1046.441,1081.3617,427.0584,0.0,2.43015,2.511246,0.971205,30,216,96,2,0.20383968,0.00163983,-0.01249836,0E-8,0.000000,0.906607,0.000000,0.01775797,2026-03-22,2026-08-06,108,3621,2443,138,0.782609,1.360932,1.287360,0.679466,,,,,,,,GLOBAL_BASELINE_NO_ENTITY_RANKING,,,NOT_APPLICABLE_GLOBAL_BASELINE,HF9g-P5,,,,X 全窗基线 · 不参与实体赏罚,14198685,1420,A168_HF9F_20260827_0900,2026-08-27 09:00:00
2026-05-14,57024343,1353,0,432.5446602362,410.9174272244,410.9174272244,1.0000000,1,1,0.50665070000000000,0.506650700000,0.9867858985152569,0.9867858985152569,0.9867858985152569,0E-17,ELIGIBLE,R03b_20260811_FULL_v1,L1_ELIGIBILITY,v2026-08-11,2026-03-21..2026-08-06,baccarat_bet02_101_all_pairs_incl_sentinel,round_win = game_pnl > 0 (decisive only),COMPATIBILITY_ONLY_NOT_PRODUCTION,4059548.3812,3680416.6879,6656.9809,9707,9692,-0.00163983,0.01249836,-0.00525961,-0.00163983,-6656.9809,4059548.3812,OK,0.0000,266.2792,4.0000,96.0000,AG03-UNRESOLVED,ALL5_LEVELS_bet23_to_bet27,266.2792,266.2792,266.2792,0.0000,0.0000,4.000000,4.000000,4.000000,0.000000,0.000000,96.000000,96.000000,96.000000,100.000000,100.000000,5.0,798.8377,767.3102,5858.1432,5889.6706,PENDING_AG03,FALSE,NOT_FOR_ENFORCEMENT,6390.7016,3533200.0204,6656.9809,6390.7016,266.2792,0.00163983,0.00157424,266.2792,6390.7016,0.00157424,266.2792,266.2792,266.2792,0.0000,0.0000,6390.7016,0.00157424,798.8377,767.3102,5858.1432,5889.6706,0.00144305,0.00145082,0.00006559,418.2083,379.7376,0.6869,61.6387,1.8384,37588.4109,89.7407,538.3845,395.5999,218.4789,430.6076,432.5446,432.5446,1046.441,1081.3617,427.0584,0.0,2.43015,2.511246,0.971205,30,216,96,2,0.20383968,0.00163983,-0.01249836,0E-8,0.000000,0.906607,0.000000,0.01775797,2026-03-22,2026-08-06,108,3621,2443,138,0.782609,1.360932,1.287360,0.679466,,,,,,,,GLOBAL_BASELINE_NO_ENTITY_RANKING,,,NOT_APPLICABLE_GLOBAL_BASELINE,HF9g-P5,,,,X 全窗基线 · 不参与实体赏罚,14198686,1420,A168_HF9F_20260827_0900,2026-08-27 09:00:00
2026-05-14,57024343,1405,0,432.5446602362,410.9174272244,410.9174272244,1.0000000,1,1,0.50665070000000000,0.506650700000,0.9867858985152569,0.9867858985152569,0.9867858985152569,0E-17,ELIGIBLE,R03b_20260811_FULL_v1,L1_ELIGIBILITY,v2026-08-11,2026-03-21..2026-08-06,baccarat_bet02_101_all_pairs_incl_sentinel,round_win = game_pnl > 0 (decisive only),COMPATIBILITY_ONLY_NOT_PRODUCTION,4059548.3812,3680416.6879,6656.9809,9707,9692,-0.00163983,0.01249836,-0.00525961,-0.00163983,-6656.9809,4059548.3812,OK,0.0000,266.2792,4.0000,96.0000,AG03-UNRESOLVED,ALL5_LEVELS_bet23_to_bet27,266.2792,266.2792,266.2792,0.0000,0.0000,4.000000,4.000000,4.000000,0.000000,0.000000,96.000000,96.000000,96.000000,100.000000,100.000000,5.0,798.8377,767.3102,5858.1432,5889.6706,PENDING_AG03,FALSE,NOT_FOR_ENFORCEMENT,6390.7016,3533200.0204,6656.9809,6390.7016,266.2792,0.00163983,0.00157424,266.2792,6390.7016,0.00157424,266.2792,266.2792,266.2792,0.0000,0.0000,6390.7016,0.00157424,798.8377,767.3102,5858.1432,5889.6706,0.00144305,0.00145082,0.00006559,418.2083,379.7376,0.6869,61.6387,1.8384,37588.4109,89.7407,538.3845,395.5999,218.4789,430.6076,432.5446,432.5446,1046.441,1081.3617,427.0584,0.0,2.43015,2.511246,0.971205,30,216,96,2,0.20383968,0.00163983,-0.01249836,0E-8,0.000000,0.906607,0.000000,0.01775797,2026-03-22,2026-08-06,108,3621,2443,138,0.782609,1.360932,1.287360,0.679466,,,,,,,,GLOBAL_BASELINE_NO_ENTITY_RANKING,,,NOT_APPLICABLE_GLOBAL_BASELINE,HF9g-P5,,,,X 全窗基线 · 不参与实体赏罚,14198687,1420,A168_HF9F_20260827_0900,2026-08-27 09:00:00
2026-05-14,57024343,1704,0,432.5446602362,-432.5446602362,-432.5446602362,0E-7,1,1,0.50665070000000000,0.506650700000,-1.013391052207602,-1.013391052207602,-1.013391052207602,0E-17,ELIGIBLE,R03b_20260811_FULL_v1,L1_ELIGIBILITY,v2026-08-11,2026-03-21..2026-08-06,baccarat_bet02_101_all_pairs_incl_sentinel,round_win = game_pnl > 0 (decisive only),COMPATIBILITY_ONLY_NOT_PRODUCTION,4059548.3812,3680416.6879,6656.9809,9707,9692,-0.00163983,0.01249836,-0.00525961,-0.00163983,-6656.9809,4059548.3812,OK,0.0000,266.2792,4.0000,96.0000,AG03-UNRESOLVED,ALL5_LEVELS_bet23_to_bet27,266.2792,266.2792,266.2792,0.0000,0.0000,4.000000,4.000000,4.000000,0.000000,0.000000,96.000000,96.000000,96.000000,100.000000,100.000000,5.0,798.8377,767.3102,5858.1432,5889.6706,PENDING_AG03,FALSE,NOT_FOR_ENFORCEMENT,6390.7016,3533200.0204,6656.9809,6390.7016,266.2792,0.00163983,0.00157424,266.2792,6390.7016,0.00157424,266.2792,266.2792,266.2792,0.0000,0.0000,6390.7016,0.00157424,798.8377,767.3102,5858.1432,5889.6706,0.00144305,0.00145082,0.00006559,418.2083,379.7376,0.6869,61.6387,1.8384,37588.4109,89.7407,538.3845,395.5999,218.4789,430.6076,432.5446,432.5446,1046.441,1081.3617,427.0584,0.0,2.43015,2.511246,0.971205,30,216,96,2,0.20383968,0.00163983,-0.01249836,0E-8,0.000000,0.906607,0.000000,0.01775797,2026-03-22,2026-08-06,108,3621,2443,138,0.782609,1.360932,1.287360,0.679466,,,,,,,,GLOBAL_BASELINE_NO_ENTITY_RANKING,,,NOT_APPLICABLE_GLOBAL_BASELINE,HF9g-P5,,,,X 全窗基线 · 不参与实体赏罚,14198688,1420,A168_HF9F_20260827_0900,2026-08-27 09:00:00
2026-05-14,57024343,1935,0,432.5446602362,410.9174272244,410.9174272244,1.0000000,1,1,0.50665070000000000,0.506650700000,0.9867858985152569,0.9867858985152569,0.9867858985152569,0E-17,ELIGIBLE,R03b_20260811_FULL_v1,L1_ELIGIBILITY,v2026-08-11,2026-03-21..2026-08-06,baccarat_bet02_101_all_pairs_incl_sentinel,round_win = game_pnl > 0 (decisive only),COMPATIBILITY_ONLY_NOT_PRODUCTION,4059548.3812,3680416.6879,6656.9809,9707,9692,-0.00163983,0.01249836,-0.00525961,-0.00163983,-6656.9809,4059548.3812,OK,0.0000,266.2792,4.0000,96.0000,AG03-UNRESOLVED,ALL5_LEVELS_bet23_to_bet27,266.2792,266.2792,266.2792,0.0000,0.0000,4.000000,4.000000,4.000000,0.000000,0.000000,96.000000,96.000000,96.000000,100.000000,100.000000,5.0,798.8377,767.3102,5858.1432,5889.6706,PENDING_AG03,FALSE,NOT_FOR_ENFORCEMENT,6390.7016,3533200.0204,6656.9809,6390.7016,266.2792,0.00163983,0.00157424,266.2792,6390.7016,0.00157424,266.2792,266.2792,266.2792,0.0000,0.0000,6390.7016,0.00157424,798.8377,767.3102,5858.1432,5889.6706,0.00144305,0.00145082,0.00006559,418.2083,379.7376,0.6869,61.6387,1.8384,37588.4109,89.7407,538.3845,395.5999,218.4789,430.6076,432.5446,432.5446,1046.441,1081.3617,427.0584,0.0,2.43015,2.511246,0.971205,30,216,96,2,0.20383968,0.00163983,-0.01249836,0E-8,0.000000,0.906607,0.000000,0.01775797,2026-03-22,2026-08-06,108,3621,2443,138,0.782609,1.360932,1.287360,0.679466,,,,,,,,GLOBAL_BASELINE_NO_ENTITY_RANKING,,,NOT_APPLICABLE_GLOBAL_BASELINE,HF9g-P5,,,,X 全窗基线 · 不参与实体赏罚,14198689,1420,A168_HF9F_20260827_0900,2026-08-27 09:00:00
2026-05-14,57024343,1985,0,432.5446602362,432.5446602362,432.5446602362,1.0000000,1,1,0.49324550000000000,0.493245500000,1.01360149184955,1.01360149184955,1.01360149184955,0E-17,ELIGIBLE,R03b_20260811_FULL_v1,L1_ELIGIBILITY,v2026-08-11,2026-03-21..2026-08-06,baccarat_bet02_101_all_pairs_incl_sentinel,round_win = game_pnl > 0 (decisive only),COMPATIBILITY_ONLY_NOT_PRODUCTION,4059548.3812,3680416.6879,6656.9809,9707,9692,-0.00163983,0.01249836,-0.00525961,-0.00163983,-6656.9809,4059548.3812,OK,0.0000,266.2792,4.0000,96.0000,AG03-UNRESOLVED,ALL5_LEVELS_bet23_to_bet27,266.2792,266.2792,266.2792,0.0000,0.0000,4.000000,4.000000,4.000000,0.000000,0.000000,96.000000,96.000000,96.000000,100.000000,100.000000,5.0,798.8377,767.3102,5858.1432,5889.6706,PENDING_AG03,FALSE,NOT_FOR_ENFORCEMENT,6390.7016,3533200.0204,6656.9809,6390.7016,266.2792,0.00163983,0.00157424,266.2792,6390.7016,0.00157424,266.2792,266.2792,266.2792,0.0000,0.0000,6390.7016,0.00157424,798.8377,767.3102,5858.1432,5889.6706,0.00144305,0.00145082,0.00006559,418.2083,379.7376,0.6869,61.6387,1.8384,37588.4109,89.7407,538.3845,395.5999,218.4789,430.6076,432.5446,432.5446,1046.441,1081.3617,427.0584,0.0,2.43015,2.511246,0.971205,30,216,96,2,0.20383968,0.00163983,-0.01249836,0E-8,0.000000,0.906607,0.000000,0.01775797,2026-03-22,2026-08-06,108,3621,2443,138,0.782609,1.360932,1.287360,0.679466,,,,,,,,GLOBAL_BASELINE_NO_ENTITY_RANKING,,,NOT_APPLICABLE_GLOBAL_BASELINE,HF9g-P5,,,,X 全窗基线 · 不参与实体赏罚,14198690,1420,A168_HF9F_20260827_0900,2026-08-27 09:00:00
2026-05-14,57024343,2103,0,865.0893204724,0E-10,0E-10,0.5000000,2,2,0.49994810000000000,0.499948100000,0.00014679536856514622,0.00014679536856514622,0.00014679536856514622,0E-17,ELIGIBLE,R03b_20260811_FULL_v1,L1_ELIGIBILITY,v2026-08-11,2026-03-21..2026-08-06,baccarat_bet02_101_all_pairs_incl_sentinel,round_win = game_pnl > 0 (decisive only),COMPATIBILITY_ONLY_NOT_PRODUCTION,4059548.3812,3680416.6879,6656.9809,9707,9692,-0.00163983,0.01249836,-0.00525961,-0.00163983,-6656.9809,4059548.3812,OK,0.0000,266.2792,4.0000,96.0000,AG03-UNRESOLVED,ALL5_LEVELS_bet23_to_bet27,266.2792,266.2792,266.2792,0.0000,0.0000,4.000000,4.000000,4.000000,0.000000,0.000000,96.000000,96.000000,96.000000,100.000000,100.000000,5.0,798.8377,767.3102,5858.1432,5889.6706,PENDING_AG03,FALSE,NOT_FOR_ENFORCEMENT,6390.7016,3533200.0204,6656.9809,6390.7016,266.2792,0.00163983,0.00157424,266.2792,6390.7016,0.00157424,266.2792,266.2792,266.2792,0.0000,0.0000,6390.7016,0.00157424,798.8377,767.3102,5858.1432,5889.6706,0.00144305,0.00145082,0.00006559,418.2083,379.7376,0.6869,61.6387,1.8384,37588.4109,89.7407,538.3845,395.5999,218.4789,430.6076,432.5446,432.5446,1046.441,1081.3617,427.0584,0.0,2.43015,2.511246,0.971205,30,216,96,2,0.20383968,0.00163983,-0.01249836,0E-8,0.000000,0.906607,0.000000,0.01775797,2026-03-22,2026-08-06,108,3621,2443,138,0.782609,1.360932,1.287360,0.679466,,,,,,,,GLOBAL_BASELINE_NO_ENTITY_RANKING,,,NOT_APPLICABLE_GLOBAL_BASELINE,HF9g-P5,,,,X 全窗基线 · 不参与实体赏罚,14198691,1420,A168_HF9F_20260827_0900,2026-08-27 09:00:00
2026-05-14,57024343,2142,0,432.5446602362,410.9174272244,410.9174272244,1.0000000,1,1,0.50665070000000000,0.506650700000,0.9867858985152569,0.9867858985152569,0.9867858985152569,0E-17,ELIGIBLE,R03b_20260811_FULL_v1,L1_ELIGIBILITY,v2026-08-11,2026-03-21..2026-08-06,baccarat_bet02_101_all_pairs_incl_sentinel,round_win = game_pnl > 0 (decisive only),COMPATIBILITY_ONLY_NOT_PRODUCTION,4059548.3812,3680416.6879,6656.9809,9707,9692,-0.00163983,0.01249836,-0.00525961,-0.00163983,-6656.9809,4059548.3812,OK,0.0000,266.2792,4.0000,96.0000,AG03-UNRESOLVED,ALL5_LEVELS_bet23_to_bet27,266.2792,266.2792,266.2792,0.0000,0.0000,4.000000,4.000000,4.000000,0.000000,0.000000,96.000000,96.000000,96.000000,100.000000,100.000000,5.0,798.8377,767.3102,5858.1432,5889.6706,PENDING_AG03,FALSE,NOT_FOR_ENFORCEMENT,6390.7016,3533200.0204,6656.9809,6390.7016,266.2792,0.00163983,0.00157424,266.2792,6390.7016,0.00157424,266.2792,266.2792,266.2792,0.0000,0.0000,6390.7016,0.00157424,798.8377,767.3102,5858.1432,5889.6706,0.00144305,0.00145082,0.00006559,418.2083,379.7376,0.6869,61.6387,1.8384,37588.4109,89.7407,538.3845,395.5999,218.4789,430.6076,432.5446,432.5446,1046.441,1081.3617,427.0584,0.0,2.43015,2.511246,0.971205,30,216,96,2,0.20383968,0.00163983,-0.01249836,0E-8,0.000000,0.906607,0.000000,0.01775797,2026-03-22,2026-08-06,108,3621,2443,138,0.782609,1.360932,1.287360,0.679466,,,,,,,,GLOBAL_BASELINE_NO_ENTITY_RANKING,,,NOT_APPLICABLE_GLOBAL_BASELINE,HF9g-P5,,,,X 全窗基线 · 不参与实体赏罚,14198692,1420,A168_HF9F_20260827_0900,2026-08-27 09:00:00
2026-05-14,57024343,2155,0,432.5446602362,410.9174272244,410.9174272244,1.0000000,1,1,0.50665070000000000,0.506650700000,0.9867858985152569,0.9867858985152569,0.9867858985152569,0E-17,ELIGIBLE,R03b_20260811_FULL_v1,L1_ELIGIBILITY,v2026-08-11,2026-03-21..2026-08-06,baccarat_bet02_101_all_pairs_incl_sentinel,round_win = game_pnl > 0 (decisive only),COMPATIBILITY_ONLY_NOT_PRODUCTION,4059548.3812,3680416.6879,6656.9809,9707,9692,-0.00163983,0.01249836,-0.00525961,-0.00163983,-6656.9809,4059548.3812,OK,0.0000,266.2792,4.0000,96.0000,AG03-UNRESOLVED,ALL5_LEVELS_bet23_to_bet27,266.2792,266.2792,266.2792,0.0000,0.0000,4.000000,4.000000,4.000000,0.000000,0.000000,96.000000,96.000000,96.000000,100.000000,100.000000,5.0,798.8377,767.3102,5858.1432,5889.6706,PENDING_AG03,FALSE,NOT_FOR_ENFORCEMENT,6390.7016,3533200.0204,6656.9809,6390.7016,266.2792,0.00163983,0.00157424,266.2792,6390.7016,0.00157424,266.2792,266.2792,266.2792,0.0000,0.0000,6390.7016,0.00157424,798.8377,767.3102,5858.1432,5889.6706,0.00144305,0.00145082,0.00006559,418.2083,379.7376,0.6869,61.6387,1.8384,37588.4109,89.7407,538.3845,395.5999,218.4789,430.6076,432.5446,432.5446,1046.441,1081.3617,427.0584,0.0,2.43015,2.511246,0.971205,30,216,96,2,0.20383968,0.00163983,-0.01249836,0E-8,0.000000,0.906607,0.000000,0.01775797,2026-03-22,2026-08-06,108,3621,2443,138,0.782609,1.360932,1.287360,0.679466,,,,,,,,GLOBAL_BASELINE_NO_ENTITY_RANKING,,,NOT_APPLICABLE_GLOBAL_BASELINE,HF9g-P5,,,,X 全窗基线 · 不参与实体赏罚,14198693,1420,A168_HF9F_20260827_0900,2026-08-27 09:00:00
2026-05-14,57024343,2216,0,865.0893204724,-865.0893204724,-865.0893204724,0E-7,2,2,0.49994810000000000,0.499948100000,-1.4140667746232096,-1.4140667746232096,-1.4140667746232096,0E-17,ELIGIBLE,R03b_20260811_FULL_v1,L1_ELIGIBILITY,v2026-08-11,2026-03-21..2026-08-06,baccarat_bet02_101_all_pairs_incl_sentinel,round_win = game_pnl > 0 (decisive only),COMPATIBILITY_ONLY_NOT_PRODUCTION,4059548.3812,3680416.6879,6656.9809,9707,9692,-0.00163983,0.01249836,-0.00525961,-0.00163983,-6656.9809,4059548.3812,OK,0.0000,266.2792,4.0000,96.0000,AG03-UNRESOLVED,ALL5_LEVELS_bet23_to_bet27,266.2792,266.2792,266.2792,0.0000,0.0000,4.000000,4.000000,4.000000,0.000000,0.000000,96.000000,96.000000,96.000000,100.000000,100.000000,5.0,798.8377,767.3102,5858.1432,5889.6706,PENDING_AG03,FALSE,NOT_FOR_ENFORCEMENT,6390.7016,3533200.0204,6656.9809,6390.7016,266.2792,0.00163983,0.00157424,266.2792,6390.7016,0.00157424,266.2792,266.2792,266.2792,0.0000,0.0000,6390.7016,0.00157424,798.8377,767.3102,5858.1432,5889.6706,0.00144305,0.00145082,0.00006559,418.2083,379.7376,0.6869,61.6387,1.8384,37588.4109,89.7407,538.3845,395.5999,218.4789,430.6076,432.5446,432.5446,1046.441,1081.3617,427.0584,0.0,2.43015,2.511246,0.971205,30,216,96,2,0.20383968,0.00163983,-0.01249836,0E-8,0.000000,0.906607,0.000000,0.01775797,2026-03-22,2026-08-06,108,3621,2443,138,0.782609,1.360932,1.287360,0.679466,,,,,,,,GLOBAL_BASELINE_NO_ENTITY_RANKING,,,NOT_APPLICABLE_GLOBAL_BASELINE,HF9g-P5,,,,X 全窗基线 · 不参与实体赏罚,14198694,1420,A168_HF9F_20260827_0900,2026-08-27 09:00:00
2026-05-14,57024343,2242,0,432.5446602362,-432.5446602362,-432.5446602362,0E-7,1,1,0.49324550000000000,0.493245500000,-0.9865810262130424,-0.9865810262130424,-0.9865810262130424,0E-17,ELIGIBLE,R03b_20260811_FULL_v1,L1_ELIGIBILITY,v2026-08-11,2026-03-21..2026-08-06,baccarat_bet02_101_all_pairs_incl_sentinel,round_win = game_pnl > 0 (decisive only),COMPATIBILITY_ONLY_NOT_PRODUCTION,4059548.3812,3680416.6879,6656.9809,9707,9692,-0.00163983,0.01249836,-0.00525961,-0.00163983,-6656.9809,4059548.3812,OK,0.0000,266.2792,4.0000,96.0000,AG03-UNRESOLVED,ALL5_LEVELS_bet23_to_bet27,266.2792,266.2792,266.2792,0.0000,0.0000,4.000000,4.000000,4.000000,0.000000,0.000000,96.000000,96.000000,96.000000,100.000000,100.000000,5.0,798.8377,767.3102,5858.1432,5889.6706,PENDING_AG03,FALSE,NOT_FOR_ENFORCEMENT,6390.7016,3533200.0204,6656.9809,6390.7016,266.2792,0.00163983,0.00157424,266.2792,6390.7016,0.00157424,266.2792,266.2792,266.2792,0.0000,0.0000,6390.7016,0.00157424,798.8377,767.3102,5858.1432,5889.6706,0.00144305,0.00145082,0.00006559,418.2083,379.7376,0.6869,61.6387,1.8384,37588.4109,89.7407,538.3845,395.5999,218.4789,430.6076,432.5446,432.5446,1046.441,1081.3617,427.0584,0.0,2.43015,2.511246,0.971205,30,216,96,2,0.20383968,0.00163983,-0.01249836,0E-8,0.000000,0.906607,0.000000,0.01775797,2026-03-22,2026-08-06,108,3621,2443,138,0.782609,1.360932,1.287360,0.679466,,,,,,,,GLOBAL_BASELINE_NO_ENTITY_RANKING,,,NOT_APPLICABLE_GLOBAL_BASELINE,HF9g-P5,,,,X 全窗基线 · 不参与实体赏罚,14198695,1420,A168_HF9F_20260827_0900,2026-08-27 09:00:00
2026-05-14,57024343,2258,0,432.5446602362,-432.5446602362,-432.5446602362,0E-7,1,1,0.50665070000000000,0.506650700000,-1.013391052207602,-1.013391052207602,-1.013391052207602,0E-17,ELIGIBLE,R03b_20260811_FULL_v1,L1_ELIGIBILITY,v2026-08-11,2026-03-21..2026-08-06,baccarat_bet02_101_all_pairs_incl_sentinel,round_win = game_pnl > 0 (decisive only),COMPATIBILITY_ONLY_NOT_PRODUCTION,4059548.3812,3680416.6879,6656.9809,9707,9692,-0.00163983,0.01249836,-0.00525961,-0.00163983,-6656.9809,4059548.3812,OK,0.0000,266.2792,4.0000,96.0000,AG03-UNRESOLVED,ALL5_LEVELS_bet23_to_bet27,266.2792,266.2792,266.2792,0.0000,0.0000,4.000000,4.000000,4.000000,0.000000,0.000000,96.000000,96.000000,96.000000,100.000000,100.000000,5.0,798.8377,767.3102,5858.1432,5889.6706,PENDING_AG03,FALSE,NOT_FOR_ENFORCEMENT,6390.7016,3533200.0204,6656.9809,6390.7016,266.2792,0.00163983,0.00157424,266.2792,6390.7016,0.00157424,266.2792,266.2792,266.2792,0.0000,0.0000,6390.7016,0.00157424,798.8377,767.3102,5858.1432,5889.6706,0.00144305,0.00145082,0.00006559,418.2083,379.7376,0.6869,61.6387,1.8384,37588.4109,89.7407,538.3845,395.5999,218.4789,430.6076,432.5446,432.5446,1046.441,1081.3617,427.0584,0.0,2.43015,2.511246,0.971205,30,216,96,2,0.20383968,0.00163983,-0.01249836,0E-8,0.000000,0.906607,0.000000,0.01775797,2026-03-22,2026-08-06,108,3621,2443,138,0.782609,1.360932,1.287360,0.679466,,,,,,,,GLOBAL_BASELINE_NO_ENTITY_RANKING,,,NOT_APPLICABLE_GLOBAL_BASELINE,HF9g-P5,,,,X 全窗基线 · 不参与实体赏罚,14198696,1420,A168_HF9F_20260827_0900,2026-08-27 09:00:00
2026-05-14,57024343,752,0,432.5446602362,-432.5446602362,-432.5446602362,0E-7,1,1,0.49324550000000000,0.493245500000,-0.9865810262130424,-0.9865810262130424,-0.9865810262130424,0E-17,ELIGIBLE,R03b_20260811_FULL_v1,L1_ELIGIBILITY,v2026-08-11,2026-03-21..2026-08-06,baccarat_bet02_101_all_pairs_incl_sentinel,round_win = game_pnl > 0 (decisive only),COMPATIBILITY_ONLY_NOT_PRODUCTION,4059548.3812,3680416.6879,6656.9809,9707,9692,-0.00163983,0.01249836,-0.00525961,-0.00163983,-6656.9809,4059548.3812,OK,0.0000,266.2792,4.0000,96.0000,AG03-UNRESOLVED,ALL5_LEVELS_bet23_to_bet27,266.2792,266.2792,266.2792,0.0000,0.0000,4.000000,4.000000,4.000000,0.000000,0.000000,96.000000,96.000000,96.000000,100.000000,100.000000,5.0,798.8377,767.3102,5858.1432,5889.6706,PENDING_AG03,FALSE,NOT_FOR_ENFORCEMENT,6390.7016,3533200.0204,6656.9809,6390.7016,266.2792,0.00163983,0.00157424,266.2792,6390.7016,0.00157424,266.2792,266.2792,266.2792,0.0000,0.0000,6390.7016,0.00157424,798.8377,767.3102,5858.1432,5889.6706,0.00144305,0.00145082,0.00006559,418.2083,379.7376,0.6869,61.6387,1.8384,37588.4109,89.7407,538.3845,395.5999,218.4789,430.6076,432.5446,432.5446,1046.441,1081.3617,427.0584,0.0,2.43015,2.511246,0.971205,30,216,96,2,0.20383968,0.00163983,-0.01249836,0E-8,0.000000,0.906607,0.000000,0.01775797,2026-03-22,2026-08-06,108,3621,2443,138,0.782609,1.360932,1.287360,0.679466,,,,,,,,GLOBAL_BASELINE_NO_ENTITY_RANKING,,,NOT_APPLICABLE_GLOBAL_BASELINE,HF9g-P5,,,,X 全窗基线 · 不参与实体赏罚,14198697,1420,A168_HF9F_20260827_0900,2026-08-27 09:00:00
2026-05-14,57024343,970,0,432.5446602362,-432.5446602362,-432.5446602362,0E-7,1,1,0.50665070000000000,0.506650700000,-1.013391052207602,-1.013391052207602,-1.013391052207602,0E-17,ELIGIBLE,R03b_20260811_FULL_v1,L1_ELIGIBILITY,v2026-08-11,2026-03-21..2026-08-06,baccarat_bet02_101_all_pairs_incl_sentinel,round_win = game_pnl > 0 (decisive only),COMPATIBILITY_ONLY_NOT_PRODUCTION,4059548.3812,3680416.6879,6656.9809,9707,9692,-0.00163983,0.01249836,-0.00525961,-0.00163983,-6656.9809,4059548.3812,OK,0.0000,266.2792,4.0000,96.0000,AG03-UNRESOLVED,ALL5_LEVELS_bet23_to_bet27,266.2792,266.2792,266.2792,0.0000,0.0000,4.000000,4.000000,4.000000,0.000000,0.000000,96.000000,96.000000,96.000000,100.000000,100.000000,5.0,798.8377,767.3102,5858.1432,5889.6706,PENDING_AG03,FALSE,NOT_FOR_ENFORCEMENT,6390.7016,3533200.0204,6656.9809,6390.7016,266.2792,0.00163983,0.00157424,266.2792,6390.7016,0.00157424,266.2792,266.2792,266.2792,0.0000,0.0000,6390.7016,0.00157424,798.8377,767.3102,5858.1432,5889.6706,0.00144305,0.00145082,0.00006559,418.2083,379.7376,0.6869,61.6387,1.8384,37588.4109,89.7407,538.3845,395.5999,218.4789,430.6076,432.5446,432.5446,1046.441,1081.3617,427.0584,0.0,2.43015,2.511246,0.971205,30,216,96,2,0.20383968,0.00163983,-0.01249836,0E-8,0.000000,0.906607,0.000000,0.01775797,2026-03-22,2026-08-06,108,3621,2443,138,0.782609,1.360932,1.287360,0.679466,,,,,,,,GLOBAL_BASELINE_NO_ENTITY_RANKING,,,NOT_APPLICABLE_GLOBAL_BASELINE,HF9g-P5,,,,X 全窗基线 · 不参与实体赏罚,14198698,1420,A168_HF9F_20260827_0900,2026-08-27 09:00:00
2026-05-15,57024343,-1,1,4541.7189324801,-1167.8705826377,-1167.8705826377,0.3636364,11,11,0.50421339090909091,0.504213390909,-0.9325156170730837,-0.9325156170724792,-0.9325156170730837,9.091E-14,SENTINEL_DEALER,R03b_20260811_FULL_v1,L1_ELIGIBILITY,v2026-08-11,2026-03-21..2026-08-06,baccarat_bet02_101_all_pairs_incl_sentinel,round_win = game_pnl > 0 (decisive only),COMPATIBILITY_ONLY_NOT_PRODUCTION,4059548.3812,3680416.6879,6656.9809,9707,9692,-0.00163983,0.01249836,-0.00525961,-0.00163983,-6656.9809,4059548.3812,OK,0.0000,266.2792,4.0000,96.0000,AG03-UNRESOLVED,ALL5_LEVELS_bet23_to_bet27,266.2792,266.2792,266.2792,0.0000,0.0000,4.000000,4.000000,4.000000,0.000000,0.000000,96.000000,96.000000,96.000000,100.000000,100.000000,5.0,798.8377,767.3102,5858.1432,5889.6706,PENDING_AG03,FALSE,NOT_FOR_ENFORCEMENT,6390.7016,3533200.0204,6656.9809,6390.7016,266.2792,0.00163983,0.00157424,266.2792,6390.7016,0.00157424,266.2792,266.2792,266.2792,0.0000,0.0000,6390.7016,0.00157424,798.8377,767.3102,5858.1432,5889.6706,0.00144305,0.00145082,0.00006559,418.2083,379.7376,0.6869,61.6387,1.8384,37588.4109,89.7407,538.3845,395.5999,218.4789,430.6076,432.5446,432.5446,1046.441,1081.3617,427.0584,0.0,2.43015,2.511246,0.971205,30,216,96,2,0.20383968,0.00163983,-0.01249836,0E-8,0.000000,0.906607,0.000000,0.01775797,2026-03-22,2026-08-06,108,3621,2443,138,0.782609,1.360932,1.287360,0.679466,,,,,,,,GLOBAL_BASELINE_NO_ENTITY_RANKING,,,NOT_APPLICABLE_GLOBAL_BASELINE,HF9g-P5,,,,X 全窗基线 · 不参与实体赏罚,14198699,1420,A168_HF9F_20260827_0900,2026-08-27 09:00:00
2026-05-15,57024343,1222,0,865.0893204724,-21.6272330118,-21.6272330118,0.5000000,2,2,0.50665070000000000,0.506650700000,-0.018812684590367487,-0.018812684590367487,-0.018812684590367487,0E-17,ELIGIBLE,R03b_20260811_FULL_v1,L1_ELIGIBILITY,v2026-08-11,2026-03-21..2026-08-06,baccarat_bet02_101_all_pairs_incl_sentinel,round_win = game_pnl > 0 (decisive only),COMPATIBILITY_ONLY_NOT_PRODUCTION,4059548.3812,3680416.6879,6656.9809,9707,9692,-0.00163983,0.01249836,-0.00525961,-0.00163983,-6656.9809,4059548.3812,OK,0.0000,266.2792,4.0000,96.0000,AG03-UNRESOLVED,ALL5_LEVELS_bet23_to_bet27,266.2792,266.2792,266.2792,0.0000,0.0000,4.000000,4.000000,4.000000,0.000000,0.000000,96.000000,96.000000,96.000000,100.000000,100.000000,5.0,798.8377,767.3102,5858.1432,5889.6706,PENDING_AG03,FALSE,NOT_FOR_ENFORCEMENT,6390.7016,3533200.0204,6656.9809,6390.7016,266.2792,0.00163983,0.00157424,266.2792,6390.7016,0.00157424,266.2792,266.2792,266.2792,0.0000,0.0000,6390.7016,0.00157424,798.8377,767.3102,5858.1432,5889.6706,0.00144305,0.00145082,0.00006559,418.2083,379.7376,0.6869,61.6387,1.8384,37588.4109,89.7407,538.3845,395.5999,218.4789,430.6076,432.5446,432.5446,1046.441,1081.3617,427.0584,0.0,2.43015,2.511246,0.971205,30,216,96,2,0.20383968,0.00163983,-0.01249836,0E-8,0.000000,0.906607,0.000000,0.01775797,2026-03-22,2026-08-06,108,3621,2443,138,0.782609,1.360932,1.287360,0.679466,,,,,,,,GLOBAL_BASELINE_NO_ENTITY_RANKING,,,NOT_APPLICABLE_GLOBAL_BASELINE,HF9g-P5,,,,X 全窗基线 · 不参与实体赏罚,14198700,1420,A168_HF9F_20260827_0900,2026-08-27 09:00:00
2026-05-15,57024343,1306,0,1297.6339807086,432.5446602362,432.5446602362,0.6666667,3,3,0.49771390000000000,0.497713900000,0.5852756695216578,0.5852756695216578,0.5852756695216578,0E-17,ELIGIBLE,R03b_20260811_FULL_v1,L1_ELIGIBILITY,v2026-08-11,2026-03-21..2026-08-06,baccarat_bet02_101_all_pairs_incl_sentinel,round_win = game_pnl > 0 (decisive only),COMPATIBILITY_ONLY_NOT_PRODUCTION,4059548.3812,3680416.6879,6656.9809,9707,9692,-0.00163983,0.01249836,-0.00525961,-0.00163983,-6656.9809,4059548.3812,OK,0.0000,266.2792,4.0000,96.0000,AG03-UNRESOLVED,ALL5_LEVELS_bet23_to_bet27,266.2792,266.2792,266.2792,0.0000,0.0000,4.000000,4.000000,4.000000,0.000000,0.000000,96.000000,96.000000,96.000000,100.000000,100.000000,5.0,798.8377,767.3102,5858.1432,5889.6706,PENDING_AG03,FALSE,NOT_FOR_ENFORCEMENT,6390.7016,3533200.0204,6656.9809,6390.7016,266.2792,0.00163983,0.00157424,266.2792,6390.7016,0.00157424,266.2792,266.2792,266.2792,0.0000,0.0000,6390.7016,0.00157424,798.8377,767.3102,5858.1432,5889.6706,0.00144305,0.00145082,0.00006559,418.2083,379.7376,0.6869,61.6387,1.8384,37588.4109,89.7407,538.3845,395.5999,218.4789,430.6076,432.5446,432.5446,1046.441,1081.3617,427.0584,0.0,2.43015,2.511246,0.971205,30,216,96,2,0.20383968,0.00163983,-0.01249836,0E-8,0.000000,0.906607,0.000000,0.01775797,2026-03-22,2026-08-06,108,3621,2443,138,0.782609,1.360932,1.287360,0.679466,,,,,,,,GLOBAL_BASELINE_NO_ENTITY_RANKING,,,NOT_APPLICABLE_GLOBAL_BASELINE,HF9g-P5,,,,X 全窗基线 · 不参与实体赏罚,14198701,1420,A168_HF9F_20260827_0900,2026-08-27 09:00:00
2026-05-15,57024343,1353,0,1297.6339807086,-21.6272330118,-21.6272330118,0.5000000,3,3,0.49771390000000000,0.497713900000,0.006466134837551399,0.0064661348375514,0.006466134837551399,0E-17,ELIGIBLE,R03b_20260811_FULL_v1,L1_ELIGIBILITY,v2026-08-11,2026-03-21..2026-08-06,baccarat_bet02_101_all_pairs_incl_sentinel,round_win = game_pnl > 0 (decisive only),COMPATIBILITY_ONLY_NOT_PRODUCTION,4059548.3812,3680416.6879,6656.9809,9707,9692,-0.00163983,0.01249836,-0.00525961,-0.00163983,-6656.9809,4059548.3812,OK,0.0000,266.2792,4.0000,96.0000,AG03-UNRESOLVED,ALL5_LEVELS_bet23_to_bet27,266.2792,266.2792,266.2792,0.0000,0.0000,4.000000,4.000000,4.000000,0.000000,0.000000,96.000000,96.000000,96.000000,100.000000,100.000000,5.0,798.8377,767.3102,5858.1432,5889.6706,PENDING_AG03,FALSE,NOT_FOR_ENFORCEMENT,6390.7016,3533200.0204,6656.9809,6390.7016,266.2792,0.00163983,0.00157424,266.2792,6390.7016,0.00157424,266.2792,266.2792,266.2792,0.0000,0.0000,6390.7016,0.00157424,798.8377,767.3102,5858.1432,5889.6706,0.00144305,0.00145082,0.00006559,418.2083,379.7376,0.6869,61.6387,1.8384,37588.4109,89.7407,538.3845,395.5999,218.4789,430.6076,432.5446,432.5446,1046.441,1081.3617,427.0584,0.0,2.43015,2.511246,0.971205,30,216,96,2,0.20383968,0.00163983,-0.01249836,0E-8,0.000000,0.906607,0.000000,0.01775797,2026-03-22,2026-08-06,108,3621,2443,138,0.782609,1.360932,1.287360,0.679466,,,,,,,,GLOBAL_BASELINE_NO_ENTITY_RANKING,,,NOT_APPLICABLE_GLOBAL_BASELINE,HF9g-P5,,,,X 全窗基线 · 不参与实体赏罚,14198702,1420,A168_HF9F_20260827_0900,2026-08-27 09:00:00
2026-05-15,57024343,1399,0,2162.7233011810,410.9174272244,410.9174272244,0.6000000,5,5,0.49860758000000000,0.498607580000,0.4534424453485946,0.4534424453485946,0.4534424453485946,0E-17,ELIGIBLE,R03b_20260811_FULL_v1,L1_ELIGIBILITY,v2026-08-11,2026-03-21..2026-08-06,baccarat_bet02_101_all_pairs_incl_sentinel,round_win = game_pnl > 0 (decisive only),COMPATIBILITY_ONLY_NOT_PRODUCTION,4059548.3812,3680416.6879,6656.9809,9707,9692,-0.00163983,0.01249836,-0.00525961,-0.00163983,-6656.9809,4059548.3812,OK,0.0000,266.2792,4.0000,96.0000,AG03-UNRESOLVED,ALL5_LEVELS_bet23_to_bet27,266.2792,266.2792,266.2792,0.0000,0.0000,4.000000,4.000000,4.000000,0.000000,0.000000,96.000000,96.000000,96.000000,100.000000,100.000000,5.0,798.8377,767.3102,5858.1432,5889.6706,PENDING_AG03,FALSE,NOT_FOR_ENFORCEMENT,6390.7016,3533200.0204,6656.9809,6390.7016,266.2792,0.00163983,0.00157424,266.2792,6390.7016,0.00157424,266.2792,266.2792,266.2792,0.0000,0.0000,6390.7016,0.00157424,798.8377,767.3102,5858.1432,5889.6706,0.00144305,0.00145082,0.00006559,418.2083,379.7376,0.6869,61.6387,1.8384,37588.4109,89.7407,538.3845,395.5999,218.4789,430.6076,432.5446,432.5446,1046.441,1081.3617,427.0584,0.0,2.43015,2.511246,0.971205,30,216,96,2,0.20383968,0.00163983,-0.01249836,0E-8,0.000000,0.906607,0.000000,0.01775797,2026-03-22,2026-08-06,108,3621,2443,138,0.782609,1.360932,1.287360,0.679466,,,,,,,,GLOBAL_BASELINE_NO_ENTITY_RANKING,,,NOT_APPLICABLE_GLOBAL_BASELINE,HF9g-P5,,,,X 全窗基线 · 不参与实体赏罚,14198703,1420,A168_HF9F_20260827_0900,2026-08-27 09:00:00
2026-05-15,57024343,1401,0,865.0893204724,-21.6272330118,-21.6272330118,0.5000000,2,2,0.49994810000000000,0.499948100000,0.00014679536856514622,0.00014679536856514622,0.00014679536856514622,0E-17,ELIGIBLE,R03b_20260811_FULL_v1,L1_ELIGIBILITY,v2026-08-11,2026-03-21..2026-08-06,baccarat_bet02_101_all_pairs_incl_sentinel,round_win = game_pnl > 0 (decisive only),COMPATIBILITY_ONLY_NOT_PRODUCTION,4059548.3812,3680416.6879,6656.9809,9707,9692,-0.00163983,0.01249836,-0.00525961,-0.00163983,-6656.9809,4059548.3812,OK,0.0000,266.2792,4.0000,96.0000,AG03-UNRESOLVED,ALL5_LEVELS_bet23_to_bet27,266.2792,266.2792,266.2792,0.0000,0.0000,4.000000,4.000000,4.000000,0.000000,0.000000,96.000000,96.000000,96.000000,100.000000,100.000000,5.0,798.8377,767.3102,5858.1432,5889.6706,PENDING_AG03,FALSE,NOT_FOR_ENFORCEMENT,6390.7016,3533200.0204,6656.9809,6390.7016,266.2792,0.00163983,0.00157424,266.2792,6390.7016,0.00157424,266.2792,266.2792,266.2792,0.0000,0.0000,6390.7016,0.00157424,798.8377,767.3102,5858.1432,5889.6706,0.00144305,0.00145082,0.00006559,418.2083,379.7376,0.6869,61.6387,1.8384,37588.4109,89.7407,538.3845,395.5999,218.4789,430.6076,432.5446,432.5446,1046.441,1081.3617,427.0584,0.0,2.43015,2.511246,0.971205,30,216,96,2,0.20383968,0.00163983,-0.01249836,0E-8,0.000000,0.906607,0.000000,0.01775797,2026-03-22,2026-08-06,108,3621,2443,138,0.782609,1.360932,1.287360,0.679466,,,,,,,,GLOBAL_BASELINE_NO_ENTITY_RANKING,,,NOT_APPLICABLE_GLOBAL_BASELINE,HF9g-P5,,,,X 全窗基线 · 不参与实体赏罚,14198704,1420,A168_HF9F_20260827_0900,2026-08-27 09:00:00
2026-05-15,57024343,1405,0,865.0893204724,-865.0893204724,-865.0893204724,0E-7,2,2,0.50665070000000000,0.506650700000,-1.4331513700195317,-1.4331513700195317,-1.4331513700195317,0E-17,ELIGIBLE,R03b_20260811_FULL_v1,L1_ELIGIBILITY,v2026-08-11,2026-03-21..2026-08-06,baccarat_bet02_101_all_pairs_incl_sentinel,round_win = game_pnl > 0 (decisive only),COMPATIBILITY_ONLY_NOT_PRODUCTION,4059548.3812,3680416.6879,6656.9809,9707,9692,-0.00163983,0.01249836,-0.00525961,-0.00163983,-6656.9809,4059548.3812,OK,0.0000,266.2792,4.0000,96.0000,AG03-UNRESOLVED,ALL5_LEVELS_bet23_to_bet27,266.2792,266.2792,266.2792,0.0000,0.0000,4.000000,4.000000,4.000000,0.000000,0.000000,96.000000,96.000000,96.000000,100.000000,100.000000,5.0,798.8377,767.3102,5858.1432,5889.6706,PENDING_AG03,FALSE,NOT_FOR_ENFORCEMENT,6390.7016,3533200.0204,6656.9809,6390.7016,266.2792,0.00163983,0.00157424,266.2792,6390.7016,0.00157424,266.2792,266.2792,266.2792,0.0000,0.0000,6390.7016,0.00157424,798.8377,767.3102,5858.1432,5889.6706,0.00144305,0.00145082,0.00006559,418.2083,379.7376,0.6869,61.6387,1.8384,37588.4109,89.7407,538.3845,395.5999,218.4789,430.6076,432.5446,432.5446,1046.441,1081.3617,427.0584,0.0,2.43015,2.511246,0.971205,30,216,96,2,0.20383968,0.00163983,-0.01249836,0E-8,0.000000,0.906607,0.000000,0.01775797,2026-03-22,2026-08-06,108,3621,2443,138,0.782609,1.360932,1.287360,0.679466,,,,,,,,GLOBAL_BASELINE_NO_ENTITY_RANKING,,,NOT_APPLICABLE_GLOBAL_BASELINE,HF9g-P5,,,,X 全窗基线 · 不参与实体赏罚,14198705,1420,A168_HF9F_20260827_0900,2026-08-27 09:00:00
2026-05-15,57024343,1704,0,865.0893204724,-432.5446602362,-432.5446602362,0E-7,2,2,0.49994810000000000,0.499948100000,-0.9998962053866608,-0.9998962053866608,-0.9998962053866608,0E-17,ELIGIBLE,R03b_20260811_FULL_v1,L1_ELIGIBILITY,v2026-08-11,2026-03-21..2026-08-06,baccarat_bet02_101_all_pairs_incl_sentinel,round_win = game_pnl > 0 (decisive only),COMPATIBILITY_ONLY_NOT_PRODUCTION,4059548.3812,3680416.6879,6656.9809,9707,9692,-0.00163983,0.01249836,-0.00525961,-0.00163983,-6656.9809,4059548.3812,OK,0.0000,266.2792,4.0000,96.0000,AG03-UNRESOLVED,ALL5_LEVELS_bet23_to_bet27,266.2792,266.2792,266.2792,0.0000,0.0000,4.000000,4.000000,4.000000,0.000000,0.000000,96.000000,96.000000,96.000000,100.000000,100.000000,5.0,798.8377,767.3102,5858.1432,5889.6706,PENDING_AG03,FALSE,NOT_FOR_ENFORCEMENT,6390.7016,3533200.0204,6656.9809,6390.7016,266.2792,0.00163983,0.00157424,266.2792,6390.7016,0.00157424,266.2792,266.2792,266.2792,0.0000,0.0000,6390.7016,0.00157424,798.8377,767.3102,5858.1432,5889.6706,0.00144305,0.00145082,0.00006559,418.2083,379.7376,0.6869,61.6387,1.8384,37588.4109,89.7407,538.3845,395.5999,218.4789,430.6076,432.5446,432.5446,1046.441,1081.3617,427.0584,0.0,2.43015,2.511246,0.971205,30,216,96,2,0.20383968,0.00163983,-0.01249836,0E-8,0.000000,0.906607,0.000000,0.01775797,2026-03-22,2026-08-06,108,3621,2443,138,0.782609,1.360932,1.287360,0.679466,,,,,,,,GLOBAL_BASELINE_NO_ENTITY_RANKING,,,NOT_APPLICABLE_GLOBAL_BASELINE,HF9g-P5,,,,X 全窗基线 · 不参与实体赏罚,14198706,1420,A168_HF9F_20260827_0900,2026-08-27 09:00:00
2026-05-15,57024343,1935,0,1513.9063108267,389.2901942126,389.2901942126,0.6666667,4,4,0.50665070000000000,0.506650700000,0.5543606114942035,0.5543606114942035,0.5543606114942035,0E-17,ELIGIBLE,R03b_20260811_FULL_v1,L1_ELIGIBILITY,v2026-08-11,2026-03-21..2026-08-06,baccarat_bet02_101_all_pairs_incl_sentinel,round_win = game_pnl > 0 (decisive only),COMPATIBILITY_ONLY_NOT_PRODUCTION,4059548.3812,3680416.6879,6656.9809,9707,9692,-0.00163983,0.01249836,-0.00525961,-0.00163983,-6656.9809,4059548.3812,OK,0.0000,266.2792,4.0000,96.0000,AG03-UNRESOLVED,ALL5_LEVELS_bet23_to_bet27,266.2792,266.2792,266.2792,0.0000,0.0000,4.000000,4.000000,4.000000,0.000000,0.000000,96.000000,96.000000,96.000000,100.000000,100.000000,5.0,798.8377,767.3102,5858.1432,5889.6706,PENDING_AG03,FALSE,NOT_FOR_ENFORCEMENT,6390.7016,3533200.0204,6656.9809,6390.7016,266.2792,0.00163983,0.00157424,266.2792,6390.7016,0.00157424,266.2792,266.2792,266.2792,0.0000,0.0000,6390.7016,0.00157424,798.8377,767.3102,5858.1432,5889.6706,0.00144305,0.00145082,0.00006559,418.2083,379.7376,0.6869,61.6387,1.8384,37588.4109,89.7407,538.3845,395.5999,218.4789,430.6076,432.5446,432.5446,1046.441,1081.3617,427.0584,0.0,2.43015,2.511246,0.971205,30,216,96,2,0.20383968,0.00163983,-0.01249836,0E-8,0.000000,0.906607,0.000000,0.01775797,2026-03-22,2026-08-06,108,3621,2443,138,0.782609,1.360932,1.287360,0.679466,,,,,,,,GLOBAL_BASELINE_NO_ENTITY_RANKING,,,NOT_APPLICABLE_GLOBAL_BASELINE,HF9g-P5,,,,X 全窗基线 · 不参与实体赏罚,14198707,1420,A168_HF9F_20260827_0900,2026-08-27 09:00:00
2026-05-15,57024343,1985,0,1513.9063108267,594.7489078248,594.7489078248,0.7500000,4,4,0.50665070000000000,0.506650700000,0.9734833216690844,0.9734833216690844,0.9734833216690844,0E-17,ELIGIBLE,R03b_20260811_FULL_v1,L1_ELIGIBILITY,v2026-08-11,2026-03-21..2026-08-06,baccarat_bet02_101_all_pairs_incl_sentinel,round_win = game_pnl > 0 (decisive only),COMPATIBILITY_ONLY_NOT_PRODUCTION,4059548.3812,3680416.6879,6656.9809,9707,9692,-0.00163983,0.01249836,-0.00525961,-0.00163983,-6656.9809,4059548.3812,OK,0.0000,266.2792,4.0000,96.0000,AG03-UNRESOLVED,ALL5_LEVELS_bet23_to_bet27,266.2792,266.2792,266.2792,0.0000,0.0000,4.000000,4.000000,4.000000,0.000000,0.000000,96.000000,96.000000,96.000000,100.000000,100.000000,5.0,798.8377,767.3102,5858.1432,5889.6706,PENDING_AG03,FALSE,NOT_FOR_ENFORCEMENT,6390.7016,3533200.0204,6656.9809,6390.7016,266.2792,0.00163983,0.00157424,266.2792,6390.7016,0.00157424,266.2792,266.2792,266.2792,0.0000,0.0000,6390.7016,0.00157424,798.8377,767.3102,5858.1432,5889.6706,0.00144305,0.00145082,0.00006559,418.2083,379.7376,0.6869,61.6387,1.8384,37588.4109,89.7407,538.3845,395.5999,218.4789,430.6076,432.5446,432.5446,1046.441,1081.3617,427.0584,0.0,2.43015,2.511246,0.971205,30,216,96,2,0.20383968,0.00163983,-0.01249836,0E-8,0.000000,0.906607,0.000000,0.01775797,2026-03-22,2026-08-06,108,3621,2443,138,0.782609,1.360932,1.287360,0.679466,,,,,,,,GLOBAL_BASELINE_NO_ENTITY_RANKING,,,NOT_APPLICABLE_GLOBAL_BASELINE,HF9g-P5,,,,X 全窗基线 · 不参与实体赏罚,14198708,1420,A168_HF9F_20260827_0900,2026-08-27 09:00:00
2026-05-15,57024343,2103,0,1946.4509710629,-1513.9063108267,-1513.9063108267,0E-7,4,4,0.50329940000000000,0.503299400000,-1.743518224870635,-1.743518224870635,-1.743518224870635,0E-17,ELIGIBLE,R03b_20260811_FULL_v1,L1_ELIGIBILITY,v2026-08-11,2026-03-21..2026-08-06,baccarat_bet02_101_all_pairs_incl_sentinel,round_win = game_pnl > 0 (decisive only),COMPATIBILITY_ONLY_NOT_PRODUCTION,4059548.3812,3680416.6879,6656.9809,9707,9692,-0.00163983,0.01249836,-0.00525961,-0.00163983,-6656.9809,4059548.3812,OK,0.0000,266.2792,4.0000,96.0000,AG03-UNRESOLVED,ALL5_LEVELS_bet23_to_bet27,266.2792,266.2792,266.2792,0.0000,0.0000,4.000000,4.000000,4.000000,0.000000,0.000000,96.000000,96.000000,96.000000,100.000000,100.000000,5.0,798.8377,767.3102,5858.1432,5889.6706,PENDING_AG03,FALSE,NOT_FOR_ENFORCEMENT,6390.7016,3533200.0204,6656.9809,6390.7016,266.2792,0.00163983,0.00157424,266.2792,6390.7016,0.00157424,266.2792,266.2792,266.2792,0.0000,0.0000,6390.7016,0.00157424,798.8377,767.3102,5858.1432,5889.6706,0.00144305,0.00145082,0.00006559,418.2083,379.7376,0.6869,61.6387,1.8384,37588.4109,89.7407,538.3845,395.5999,218.4789,430.6076,432.5446,432.5446,1046.441,1081.3617,427.0584,0.0,2.43015,2.511246,0.971205,30,216,96,2,0.20383968,0.00163983,-0.01249836,0E-8,0.000000,0.906607,0.000000,0.01775797,2026-03-22,2026-08-06,108,3621,2443,138,0.782609,1.360932,1.287360,0.679466,,,,,,,,GLOBAL_BASELINE_NO_ENTITY_RANKING,,,NOT_APPLICABLE_GLOBAL_BASELINE,HF9g-P5,,,,X 全窗基线 · 不参与实体赏罚,14198709,1420,A168_HF9F_20260827_0900,2026-08-27 09:00:00
2026-05-15,57024343,2117,0,648.8169903543,194.6450971063,194.6450971063,0.5000000,2,2,0.50665070000000000,0.506650700000,-0.018812684590367487,-0.018812684590367487,-0.018812684590367487,0E-17,ELIGIBLE,R03b_20260811_FULL_v1,L1_ELIGIBILITY,v2026-08-11,2026-03-21..2026-08-06,baccarat_bet02_101_all_pairs_incl_sentinel,round_win = game_pnl > 0 (decisive only),COMPATIBILITY_ONLY_NOT_PRODUCTION,4059548.3812,3680416.6879,6656.9809,9707,9692,-0.00163983,0.01249836,-0.00525961,-0.00163983,-6656.9809,4059548.3812,OK,0.0000,266.2792,4.0000,96.0000,AG03-UNRESOLVED,ALL5_LEVELS_bet23_to_bet27,266.2792,266.2792,266.2792,0.0000,0.0000,4.000000,4.000000,4.000000,0.000000,0.000000,96.000000,96.000000,96.000000,100.000000,100.000000,5.0,798.8377,767.3102,5858.1432,5889.6706,PENDING_AG03,FALSE,NOT_FOR_ENFORCEMENT,6390.7016,3533200.0204,6656.9809,6390.7016,266.2792,0.00163983,0.00157424,266.2792,6390.7016,0.00157424,266.2792,266.2792,266.2792,0.0000,0.0000,6390.7016,0.00157424,798.8377,767.3102,5858.1432,5889.6706,0.00144305,0.00145082,0.00006559,418.2083,379.7376,0.6869,61.6387,1.8384,37588.4109,89.7407,538.3845,395.5999,218.4789,430.6076,432.5446,432.5446,1046.441,1081.3617,427.0584,0.0,2.43015,2.511246,0.971205,30,216,96,2,0.20383968,0.00163983,-0.01249836,0E-8,0.000000,0.906607,0.000000,0.01775797,2026-03-22,2026-08-06,108,3621,2443,138,0.782609,1.360932,1.287360,0.679466,,,,,,,,GLOBAL_BASELINE_NO_ENTITY_RANKING,,,NOT_APPLICABLE_GLOBAL_BASELINE,HF9g-P5,,,,X 全窗基线 · 不参与实体赏罚,14198710,1420,A168_HF9F_20260827_0900,2026-08-27 09:00:00
2026-05-15,57024343,2155,0,865.0893204724,-21.6272330118,-21.6272330118,0.5000000,2,2,0.50665070000000000,0.506650700000,-0.018812684590367487,-0.018812684590367487,-0.018812684590367487,0E-17,ELIGIBLE,R03b_20260811_FULL_v1,L1_ELIGIBILITY,v2026-08-11,2026-03-21..2026-08-06,baccarat_bet02_101_all_pairs_incl_sentinel,round_win = game_pnl > 0 (decisive only),COMPATIBILITY_ONLY_NOT_PRODUCTION,4059548.3812,3680416.6879,6656.9809,9707,9692,-0.00163983,0.01249836,-0.00525961,-0.00163983,-6656.9809,4059548.3812,OK,0.0000,266.2792,4.0000,96.0000,AG03-UNRESOLVED,ALL5_LEVELS_bet23_to_bet27,266.2792,266.2792,266.2792,0.0000,0.0000,4.000000,4.000000,4.000000,0.000000,0.000000,96.000000,96.000000,96.000000,100.000000,100.000000,5.0,798.8377,767.3102,5858.1432,5889.6706,PENDING_AG03,FALSE,NOT_FOR_ENFORCEMENT,6390.7016,3533200.0204,6656.9809,6390.7016,266.2792,0.00163983,0.00157424,266.2792,6390.7016,0.00157424,266.2792,266.2792,266.2792,0.0000,0.0000,6390.7016,0.00157424,798.8377,767.3102,5858.1432,5889.6706,0.00144305,0.00145082,0.00006559,418.2083,379.7376,0.6869,61.6387,1.8384,37588.4109,89.7407,538.3845,395.5999,218.4789,430.6076,432.5446,432.5446,1046.441,1081.3617,427.0584,0.0,2.43015,2.511246,0.971205,30,216,96,2,0.20383968,0.00163983,-0.01249836,0E-8,0.000000,0.906607,0.000000,0.01775797,2026-03-22,2026-08-06,108,3621,2443,138,0.782609,1.360932,1.287360,0.679466,,,,,,,,GLOBAL_BASELINE_NO_ENTITY_RANKING,,,NOT_APPLICABLE_GLOBAL_BASELINE,HF9g-P5,,,,X 全窗基线 · 不参与实体赏罚,14198711,1420,A168_HF9F_20260827_0900,2026-08-27 09:00:00
2026-05-15,57024343,2233,0,1297.6339807086,821.8348544488,821.8348544488,1.0000000,3,3,0.50665070000000000,0.506650700000,1.3955260008387969,1.3955260008387969,1.3955260008387969,0E-17,ELIGIBLE,R03b_20260811_FULL_v1,L1_ELIGIBILITY,v2026-08-11,2026-03-21..2026-08-06,baccarat_bet02_101_all_pairs_incl_sentinel,round_win = game_pnl > 0 (decisive only),COMPATIBILITY_ONLY_NOT_PRODUCTION,4059548.3812,3680416.6879,6656.9809,9707,9692,-0.00163983,0.01249836,-0.00525961,-0.00163983,-6656.9809,4059548.3812,OK,0.0000,266.2792,4.0000,96.0000,AG03-UNRESOLVED,ALL5_LEVELS_bet23_to_bet27,266.2792,266.2792,266.2792,0.0000,0.0000,4.000000,4.000000,4.000000,0.000000,0.000000,96.000000,96.000000,96.000000,100.000000,100.000000,5.0,798.8377,767.3102,5858.1432,5889.6706,PENDING_AG03,FALSE,NOT_FOR_ENFORCEMENT,6390.7016,3533200.0204,6656.9809,6390.7016,266.2792,0.00163983,0.00157424,266.2792,6390.7016,0.00157424,266.2792,266.2792,266.2792,0.0000,0.0000,6390.7016,0.00157424,798.8377,767.3102,5858.1432,5889.6706,0.00144305,0.00145082,0.00006559,418.2083,379.7376,0.6869,61.6387,1.8384,37588.4109,89.7407,538.3845,395.5999,218.4789,430.6076,432.5446,432.5446,1046.441,1081.3617,427.0584,0.0,2.43015,2.511246,0.971205,30,216,96,2,0.20383968,0.00163983,-0.01249836,0E-8,0.000000,0.906607,0.000000,0.01775797,2026-03-22,2026-08-06,108,3621,2443,138,0.782609,1.360932,1.287360,0.679466,,,,,,,,GLOBAL_BASELINE_NO_ENTITY_RANKING,,,NOT_APPLICABLE_GLOBAL_BASELINE,HF9g-P5,,,,X 全窗基线 · 不参与实体赏罚,14198712,1420,A168_HF9F_20260827_0900,2026-08-27 09:00:00
2026-05-15,57024343,2241,0,1946.4509710629,-1081.3616505905,-1081.3616505905,0.2000000,5,5,0.49860758000000000,0.498607580000,-1.3354188732730328,-1.3354188732730328,-1.3354188732730328,0E-17,ELIGIBLE,R03b_20260811_FULL_v1,L1_ELIGIBILITY,v2026-08-11,2026-03-21..2026-08-06,baccarat_bet02_101_all_pairs_incl_sentinel,round_win = game_pnl > 0 (decisive only),COMPATIBILITY_ONLY_NOT_PRODUCTION,4059548.3812,3680416.6879,6656.9809,9707,9692,-0.00163983,0.01249836,-0.00525961,-0.00163983,-6656.9809,4059548.3812,OK,0.0000,266.2792,4.0000,96.0000,AG03-UNRESOLVED,ALL5_LEVELS_bet23_to_bet27,266.2792,266.2792,266.2792,0.0000,0.0000,4.000000,4.000000,4.000000,0.000000,0.000000,96.000000,96.000000,96.000000,100.000000,100.000000,5.0,798.8377,767.3102,5858.1432,5889.6706,PENDING_AG03,FALSE,NOT_FOR_ENFORCEMENT,6390.7016,3533200.0204,6656.9809,6390.7016,266.2792,0.00163983,0.00157424,266.2792,6390.7016,0.00157424,266.2792,266.2792,266.2792,0.0000,0.0000,6390.7016,0.00157424,798.8377,767.3102,5858.1432,5889.6706,0.00144305,0.00145082,0.00006559,418.2083,379.7376,0.6869,61.6387,1.8384,37588.4109,89.7407,538.3845,395.5999,218.4789,430.6076,432.5446,432.5446,1046.441,1081.3617,427.0584,0.0,2.43015,2.511246,0.971205,30,216,96,2,0.20383968,0.00163983,-0.01249836,0E-8,0.000000,0.906607,0.000000,0.01775797,2026-03-22,2026-08-06,108,3621,2443,138,0.782609,1.360932,1.287360,0.679466,,,,,,,,GLOBAL_BASELINE_NO_ENTITY_RANKING,,,NOT_APPLICABLE_GLOBAL_BASELINE,HF9g-P5,,,,X 全窗基线 · 不参与实体赏罚,14198713,1420,A168_HF9F_20260827_0900,2026-08-27 09:00:00
2026-05-15,57024343,2258,0,648.8169903543,616.3761408366,616.3761408366,1.0000000,2,2,0.50665070000000000,0.506650700000,1.3955260008387969,1.3955260008387969,1.3955260008387969,0E-17,ELIGIBLE,R03b_20260811_FULL_v1,L1_ELIGIBILITY,v2026-08-11,2026-03-21..2026-08-06,baccarat_bet02_101_all_pairs_incl_sentinel,round_win = game_pnl > 0 (decisive only),COMPATIBILITY_ONLY_NOT_PRODUCTION,4059548.3812,3680416.6879,6656.9809,9707,9692,-0.00163983,0.01249836,-0.00525961,-0.00163983,-6656.9809,4059548.3812,OK,0.0000,266.2792,4.0000,96.0000,AG03-UNRESOLVED,ALL5_LEVELS_bet23_to_bet27,266.2792,266.2792,266.2792,0.0000,0.0000,4.000000,4.000000,4.000000,0.000000,0.000000,96.000000,96.000000,96.000000,100.000000,100.000000,5.0,798.8377,767.3102,5858.1432,5889.6706,PENDING_AG03,FALSE,NOT_FOR_ENFORCEMENT,6390.7016,3533200.0204,6656.9809,6390.7016,266.2792,0.00163983,0.00157424,266.2792,6390.7016,0.00157424,266.2792,266.2792,266.2792,0.0000,0.0000,6390.7016,0.00157424,798.8377,767.3102,5858.1432,5889.6706,0.00144305,0.00145082,0.00006559,418.2083,379.7376,0.6869,61.6387,1.8384,37588.4109,89.7407,538.3845,395.5999,218.4789,430.6076,432.5446,432.5446,1046.441,1081.3617,427.0584,0.0,2.43015,2.511246,0.971205,30,216,96,2,0.20383968,0.00163983,-0.01249836,0E-8,0.000000,0.906607,0.000000,0.01775797,2026-03-22,2026-08-06,108,3621,2443,138,0.782609,1.360932,1.287360,0.679466,,,,,,,,GLOBAL_BASELINE_NO_ENTITY_RANKING,,,NOT_APPLICABLE_GLOBAL_BASELINE,HF9g-P5,,,,X 全窗基线 · 不参与实体赏罚,14198714,1420,A168_HF9F_20260827_0900,2026-08-27 09:00:00
2026-05-15,57024343,583,0,432.5446602362,-432.5446602362,-432.5446602362,0E-7,1,1,0.50665070000000000,0.506650700000,-1.013391052207602,-1.013391052207602,-1.013391052207602,0E-17,ELIGIBLE,R03b_20260811_FULL_v1,L1_ELIGIBILITY,v2026-08-11,2026-03-21..2026-08-06,baccarat_bet02_101_all_pairs_incl_sentinel,round_win = game_pnl > 0 (decisive only),COMPATIBILITY_ONLY_NOT_PRODUCTION,4059548.3812,3680416.6879,6656.9809,9707,9692,-0.00163983,0.01249836,-0.00525961,-0.00163983,-6656.9809,4059548.3812,OK,0.0000,266.2792,4.0000,96.0000,AG03-UNRESOLVED,ALL5_LEVELS_bet23_to_bet27,266.2792,266.2792,266.2792,0.0000,0.0000,4.000000,4.000000,4.000000,0.000000,0.000000,96.000000,96.000000,96.000000,100.000000,100.000000,5.0,798.8377,767.3102,5858.1432,5889.6706,PENDING_AG03,FALSE,NOT_FOR_ENFORCEMENT,6390.7016,3533200.0204,6656.9809,6390.7016,266.2792,0.00163983,0.00157424,266.2792,6390.7016,0.00157424,266.2792,266.2792,266.2792,0.0000,0.0000,6390.7016,0.00157424,798.8377,767.3102,5858.1432,5889.6706,0.00144305,0.00145082,0.00006559,418.2083,379.7376,0.6869,61.6387,1.8384,37588.4109,89.7407,538.3845,395.5999,218.4789,430.6076,432.5446,432.5446,1046.441,1081.3617,427.0584,0.0,2.43015,2.511246,0.971205,30,216,96,2,0.20383968,0.00163983,-0.01249836,0E-8,0.000000,0.906607,0.000000,0.01775797,2026-03-22,2026-08-06,108,3621,2443,138,0.782609,1.360932,1.287360,0.679466,,,,,,,,GLOBAL_BASELINE_NO_ENTITY_RANKING,,,NOT_APPLICABLE_GLOBAL_BASELINE,HF9g-P5,,,,X 全窗基线 · 不参与实体赏罚,14198715,1420,A168_HF9F_20260827_0900,2026-08-27 09:00:00
2026-05-15,57024343,752,0,1730.1786409447,-865.0893204724,-865.0893204724,0E-7,3,3,0.50665070000000000,0.506650700000,-1.4331513700195317,-1.4331513700195317,-1.4331513700195317,0E-17,ELIGIBLE,R03b_20260811_FULL_v1,L1_ELIGIBILITY,v2026-08-11,2026-03-21..2026-08-06,baccarat_bet02_101_all_pairs_incl_sentinel,round_win = game_pnl > 0 (decisive only),COMPATIBILITY_ONLY_NOT_PRODUCTION,4059548.3812,3680416.6879,6656.9809,9707,9692,-0.00163983,0.01249836,-0.00525961,-0.00163983,-6656.9809,4059548.3812,OK,0.0000,266.2792,4.0000,96.0000,AG03-UNRESOLVED,ALL5_LEVELS_bet23_to_bet27,266.2792,266.2792,266.2792,0.0000,0.0000,4.000000,4.000000,4.000000,0.000000,0.000000,96.000000,96.000000,96.000000,100.000000,100.000000,5.0,798.8377,767.3102,5858.1432,5889.6706,PENDING_AG03,FALSE,NOT_FOR_ENFORCEMENT,6390.7016,3533200.0204,6656.9809,6390.7016,266.2792,0.00163983,0.00157424,266.2792,6390.7016,0.00157424,266.2792,266.2792,266.2792,0.0000,0.0000,6390.7016,0.00157424,798.8377,767.3102,5858.1432,5889.6706,0.00144305,0.00145082,0.00006559,418.2083,379.7376,0.6869,61.6387,1.8384,37588.4109,89.7407,538.3845,395.5999,218.4789,430.6076,432.5446,432.5446,1046.441,1081.3617,427.0584,0.0,2.43015,2.511246,0.971205,30,216,96,2,0.20383968,0.00163983,-0.01249836,0E-8,0.000000,0.906607,0.000000,0.01775797,2026-03-22,2026-08-06,108,3621,2443,138,0.782609,1.360932,1.287360,0.679466,,,,,,,,GLOBAL_BASELINE_NO_ENTITY_RANKING,,,NOT_APPLICABLE_GLOBAL_BASELINE,HF9g-P5,,,,X 全窗基线 · 不参与实体赏罚,14198716,1420,A168_HF9F_20260827_0900,2026-08-27 09:00:00
2026-05-16,57024343,-1,1,12111.2504866136,2238.4186167222,2238.4186167222,0.6000000,26,26,0.50561953076923077,0.505619530769,0.9438643070102131,0.943864307012516,0.9438643070102131,2.3077E-13,SENTINEL_DEALER,R03b_20260811_FULL_v1,L1_ELIGIBILITY,v2026-08-11,2026-03-21..2026-08-06,baccarat_bet02_101_all_pairs_incl_sentinel,round_win = game_pnl > 0 (decisive only),COMPATIBILITY_ONLY_NOT_PRODUCTION,4059548.3812,3680416.6879,6656.9809,9707,9692,-0.00163983,0.01249836,-0.00525961,-0.00163983,-6656.9809,4059548.3812,OK,0.0000,266.2792,4.0000,96.0000,AG03-UNRESOLVED,ALL5_LEVELS_bet23_to_bet27,266.2792,266.2792,266.2792,0.0000,0.0000,4.000000,4.000000,4.000000,0.000000,0.000000,96.000000,96.000000,96.000000,100.000000,100.000000,5.0,798.8377,767.3102,5858.1432,5889.6706,PENDING_AG03,FALSE,NOT_FOR_ENFORCEMENT,6390.7016,3533200.0204,6656.9809,6390.7016,266.2792,0.00163983,0.00157424,266.2792,6390.7016,0.00157424,266.2792,266.2792,266.2792,0.0000,0.0000,6390.7016,0.00157424,798.8377,767.3102,5858.1432,5889.6706,0.00144305,0.00145082,0.00006559,418.2083,379.7376,0.6869,61.6387,1.8384,37588.4109,89.7407,538.3845,395.5999,218.4789,430.6076,432.5446,432.5446,1046.441,1081.3617,427.0584,0.0,2.43015,2.511246,0.971205,30,216,96,2,0.20383968,0.00163983,-0.01249836,0E-8,0.000000,0.906607,0.000000,0.01775797,2026-03-22,2026-08-06,108,3621,2443,138,0.782609,1.360932,1.287360,0.679466,,,,,,,,GLOBAL_BASELINE_NO_ENTITY_RANKING,,,NOT_APPLICABLE_GLOBAL_BASELINE,HF9g-P5,,,,X 全窗基线 · 不参与实体赏罚,14198717,1420,A168_HF9F_20260827_0900,2026-08-27 09:00:00
2026-05-16,57024343,1210,0,2595.2679614172,-475.7991262598,-475.7991262598,0.5000000,6,6,0.50441650000000000,0.504416500000,-0.02163718700157003,-0.02163718700157003,-0.02163718700157003,0E-17,ELIGIBLE,R03b_20260811_FULL_v1,L1_ELIGIBILITY,v2026-08-11,2026-03-21..2026-08-06,baccarat_bet02_101_all_pairs_incl_sentinel,round_win = game_pnl > 0 (decisive only),COMPATIBILITY_ONLY_NOT_PRODUCTION,4059548.3812,3680416.6879,6656.9809,9707,9692,-0.00163983,0.01249836,-0.00525961,-0.00163983,-6656.9809,4059548.3812,OK,0.0000,266.2792,4.0000,96.0000,AG03-UNRESOLVED,ALL5_LEVELS_bet23_to_bet27,266.2792,266.2792,266.2792,0.0000,0.0000,4.000000,4.000000,4.000000,0.000000,0.000000,96.000000,96.000000,96.000000,100.000000,100.000000,5.0,798.8377,767.3102,5858.1432,5889.6706,PENDING_AG03,FALSE,NOT_FOR_ENFORCEMENT,6390.7016,3533200.0204,6656.9809,6390.7016,266.2792,0.00163983,0.00157424,266.2792,6390.7016,0.00157424,266.2792,266.2792,266.2792,0.0000,0.0000,6390.7016,0.00157424,798.8377,767.3102,5858.1432,5889.6706,0.00144305,0.00145082,0.00006559,418.2083,379.7376,0.6869,61.6387,1.8384,37588.4109,89.7407,538.3845,395.5999,218.4789,430.6076,432.5446,432.5446,1046.441,1081.3617,427.0584,0.0,2.43015,2.511246,0.971205,30,216,96,2,0.20383968,0.00163983,-0.01249836,0E-8,0.000000,0.906607,0.000000,0.01775797,2026-03-22,2026-08-06,108,3621,2443,138,0.782609,1.360932,1.287360,0.679466,,,,,,,,GLOBAL_BASELINE_NO_ENTITY_RANKING,,,NOT_APPLICABLE_GLOBAL_BASELINE,HF9g-P5,,,,X 全窗基线 · 不参与实体赏罚,14198718,1420,A168_HF9F_20260827_0900,2026-08-27 09:00:00
2026-05-16,57024343,1221,0,1946.4509710629,194.6450971063,194.6450971063,0.5000000,4,4,0.50329940000000000,0.503299400000,-0.01319788734859681,-0.01319788734859681,-0.01319788734859681,0E-17,ELIGIBLE,R03b_20260811_FULL_v1,L1_ELIGIBILITY,v2026-08-11,2026-03-21..2026-08-06,baccarat_bet02_101_all_pairs_incl_sentinel,round_win = game_pnl > 0 (decisive only),COMPATIBILITY_ONLY_NOT_PRODUCTION,4059548.3812,3680416.6879,6656.9809,9707,9692,-0.00163983,0.01249836,-0.00525961,-0.00163983,-6656.9809,4059548.3812,OK,0.0000,266.2792,4.0000,96.0000,AG03-UNRESOLVED,ALL5_LEVELS_bet23_to_bet27,266.2792,266.2792,266.2792,0.0000,0.0000,4.000000,4.000000,4.000000,0.000000,0.000000,96.000000,96.000000,96.000000,100.000000,100.000000,5.0,798.8377,767.3102,5858.1432,5889.6706,PENDING_AG03,FALSE,NOT_FOR_ENFORCEMENT,6390.7016,3533200.0204,6656.9809,6390.7016,266.2792,0.00163983,0.00157424,266.2792,6390.7016,0.00157424,266.2792,266.2792,266.2792,0.0000,0.0000,6390.7016,0.00157424,798.8377,767.3102,5858.1432,5889.6706,0.00144305,0.00145082,0.00006559,418.2083,379.7376,0.6869,61.6387,1.8384,37588.4109,89.7407,538.3845,395.5999,218.4789,430.6076,432.5446,432.5446,1046.441,1081.3617,427.0584,0.0,2.43015,2.511246,0.971205,30,216,96,2,0.20383968,0.00163983,-0.01249836,0E-8,0.000000,0.906607,0.000000,0.01775797,2026-03-22,2026-08-06,108,3621,2443,138,0.782609,1.360932,1.287360,0.679466,,,,,,,,GLOBAL_BASELINE_NO_ENTITY_RANKING,,,NOT_APPLICABLE_GLOBAL_BASELINE,HF9g-P5,,,,X 全窗基线 · 不参与实体赏罚,14198719,1420,A168_HF9F_20260827_0900,2026-08-27 09:00:00
2026-05-16,57024343,1325,0,432.5446602362,-432.5446602362,-432.5446602362,0E-7,1,1,0.50665070000000000,0.506650700000,-1.013391052207602,-1.013391052207602,-1.013391052207602,0E-17,ELIGIBLE,R03b_20260811_FULL_v1,L1_ELIGIBILITY,v2026-08-11,2026-03-21..2026-08-06,baccarat_bet02_101_all_pairs_incl_sentinel,round_win = game_pnl > 0 (decisive only),COMPATIBILITY_ONLY_NOT_PRODUCTION,4059548.3812,3680416.6879,6656.9809,9707,9692,-0.00163983,0.01249836,-0.00525961,-0.00163983,-6656.9809,4059548.3812,OK,0.0000,266.2792,4.0000,96.0000,AG03-UNRESOLVED,ALL5_LEVELS_bet23_to_bet27,266.2792,266.2792,266.2792,0.0000,0.0000,4.000000,4.000000,4.000000,0.000000,0.000000,96.000000,96.000000,96.000000,100.000000,100.000000,5.0,798.8377,767.3102,5858.1432,5889.6706,PENDING_AG03,FALSE,NOT_FOR_ENFORCEMENT,6390.7016,3533200.0204,6656.9809,6390.7016,266.2792,0.00163983,0.00157424,266.2792,6390.7016,0.00157424,266.2792,266.2792,266.2792,0.0000,0.0000,6390.7016,0.00157424,798.8377,767.3102,5858.1432,5889.6706,0.00144305,0.00145082,0.00006559,418.2083,379.7376,0.6869,61.6387,1.8384,37588.4109,89.7407,538.3845,395.5999,218.4789,430.6076,432.5446,432.5446,1046.441,1081.3617,427.0584,0.0,2.43015,2.511246,0.971205,30,216,96,2,0.20383968,0.00163983,-0.01249836,0E-8,0.000000,0.906607,0.000000,0.01775797,2026-03-22,2026-08-06,108,3621,2443,138,0.782609,1.360932,1.287360,0.679466,,,,,,,,GLOBAL_BASELINE_NO_ENTITY_RANKING,,,NOT_APPLICABLE_GLOBAL_BASELINE,HF9g-P5,,,,X 全窗基线 · 不参与实体赏罚,14198720,1420,A168_HF9F_20260827_0900,2026-08-27 09:00:00
2026-05-16,57024343,1507,0,2162.7233011810,2054.5871361218,2054.5871361218,1.0000000,4,4,0.50665070000000000,0.506650700000,1.9735717970305138,1.9735717970305138,1.9735717970305138,0E-17,ELIGIBLE,R03b_20260811_FULL_v1,L1_ELIGIBILITY,v2026-08-11,2026-03-21..2026-08-06,baccarat_bet02_101_all_pairs_incl_sentinel,round_win = game_pnl > 0 (decisive only),COMPATIBILITY_ONLY_NOT_PRODUCTION,4059548.3812,3680416.6879,6656.9809,9707,9692,-0.00163983,0.01249836,-0.00525961,-0.00163983,-6656.9809,4059548.3812,OK,0.0000,266.2792,4.0000,96.0000,AG03-UNRESOLVED,ALL5_LEVELS_bet23_to_bet27,266.2792,266.2792,266.2792,0.0000,0.0000,4.000000,4.000000,4.000000,0.000000,0.000000,96.000000,96.000000,96.000000,100.000000,100.000000,5.0,798.8377,767.3102,5858.1432,5889.6706,PENDING_AG03,FALSE,NOT_FOR_ENFORCEMENT,6390.7016,3533200.0204,6656.9809,6390.7016,266.2792,0.00163983,0.00157424,266.2792,6390.7016,0.00157424,266.2792,266.2792,266.2792,0.0000,0.0000,6390.7016,0.00157424,798.8377,767.3102,5858.1432,5889.6706,0.00144305,0.00145082,0.00006559,418.2083,379.7376,0.6869,61.6387,1.8384,37588.4109,89.7407,538.3845,395.5999,218.4789,430.6076,432.5446,432.5446,1046.441,1081.3617,427.0584,0.0,2.43015,2.511246,0.971205,30,216,96,2,0.20383968,0.00163983,-0.01249836,0E-8,0.000000,0.906607,0.000000,0.01775797,2026-03-22,2026-08-06,108,3621,2443,138,0.782609,1.360932,1.287360,0.679466,,,,,,,,GLOBAL_BASELINE_NO_ENTITY_RANKING,,,NOT_APPLICABLE_GLOBAL_BASELINE,HF9g-P5,,,,X 全窗基线 · 不参与实体赏罚,14198721,1420,A168_HF9F_20260827_0900,2026-08-27 09:00:00
2026-05-16,57024343,1750,0,865.0893204724,0E-10,0E-10,0.5000000,2,2,0.49324550000000000,0.493245500000,0.01910635448239258,0.01910635448239258,0.01910635448239258,0E-17,ELIGIBLE,R03b_20260811_FULL_v1,L1_ELIGIBILITY,v2026-08-11,2026-03-21..2026-08-06,baccarat_bet02_101_all_pairs_incl_sentinel,round_win = game_pnl > 0 (decisive only),COMPATIBILITY_ONLY_NOT_PRODUCTION,4059548.3812,3680416.6879,6656.9809,9707,9692,-0.00163983,0.01249836,-0.00525961,-0.00163983,-6656.9809,4059548.3812,OK,0.0000,266.2792,4.0000,96.0000,AG03-UNRESOLVED,ALL5_LEVELS_bet23_to_bet27,266.2792,266.2792,266.2792,0.0000,0.0000,4.000000,4.000000,4.000000,0.000000,0.000000,96.000000,96.000000,96.000000,100.000000,100.000000,5.0,798.8377,767.3102,5858.1432,5889.6706,PENDING_AG03,FALSE,NOT_FOR_ENFORCEMENT,6390.7016,3533200.0204,6656.9809,6390.7016,266.2792,0.00163983,0.00157424,266.2792,6390.7016,0.00157424,266.2792,266.2792,266.2792,0.0000,0.0000,6390.7016,0.00157424,798.8377,767.3102,5858.1432,5889.6706,0.00144305,0.00145082,0.00006559,418.2083,379.7376,0.6869,61.6387,1.8384,37588.4109,89.7407,538.3845,395.5999,218.4789,430.6076,432.5446,432.5446,1046.441,1081.3617,427.0584,0.0,2.43015,2.511246,0.971205,30,216,96,2,0.20383968,0.00163983,-0.01249836,0E-8,0.000000,0.906607,0.000000,0.01775797,2026-03-22,2026-08-06,108,3621,2443,138,0.782609,1.360932,1.287360,0.679466,,,,,,,,GLOBAL_BASELINE_NO_ENTITY_RANKING,,,NOT_APPLICABLE_GLOBAL_BASELINE,HF9g-P5,,,,X 全窗基线 · 不参与实体赏罚,14198722,1420,A168_HF9F_20260827_0900,2026-08-27 09:00:00
2026-05-16,57024343,2088,0,1946.4509710629,-1081.3616505905,-1081.3616505905,0.2500000,4,4,0.50329940000000000,0.503299400000,-1.013219660140378,-1.013219660140378,-1.013219660140378,0E-17,ELIGIBLE,R03b_20260811_FULL_v1,L1_ELIGIBILITY,v2026-08-11,2026-03-21..2026-08-06,baccarat_bet02_101_all_pairs_incl_sentinel,round_win = game_pnl > 0 (decisive only),COMPATIBILITY_ONLY_NOT_PRODUCTION,4059548.3812,3680416.6879,6656.9809,9707,9692,-0.00163983,0.01249836,-0.00525961,-0.00163983,-6656.9809,4059548.3812,OK,0.0000,266.2792,4.0000,96.0000,AG03-UNRESOLVED,ALL5_LEVELS_bet23_to_bet27,266.2792,266.2792,266.2792,0.0000,0.0000,4.000000,4.000000,4.000000,0.000000,0.000000,96.000000,96.000000,96.000000,100.000000,100.000000,5.0,798.8377,767.3102,5858.1432,5889.6706,PENDING_AG03,FALSE,NOT_FOR_ENFORCEMENT,6390.7016,3533200.0204,6656.9809,6390.7016,266.2792,0.00163983,0.00157424,266.2792,6390.7016,0.00157424,266.2792,266.2792,266.2792,0.0000,0.0000,6390.7016,0.00157424,798.8377,767.3102,5858.1432,5889.6706,0.00144305,0.00145082,0.00006559,418.2083,379.7376,0.6869,61.6387,1.8384,37588.4109,89.7407,538.3845,395.5999,218.4789,430.6076,432.5446,432.5446,1046.441,1081.3617,427.0584,0.0,2.43015,2.511246,0.971205,30,216,96,2,0.20383968,0.00163983,-0.01249836,0E-8,0.000000,0.906607,0.000000,0.01775797,2026-03-22,2026-08-06,108,3621,2443,138,0.782609,1.360932,1.287360,0.679466,,,,,,,,GLOBAL_BASELINE_NO_ENTITY_RANKING,,,NOT_APPLICABLE_GLOBAL_BASELINE,HF9g-P5,,,,X 全窗基线 · 不参与实体赏罚,14198723,1420,A168_HF9F_20260827_0900,2026-08-27 09:00:00
2026-05-16,57024343,2101,0,2595.2679614172,-64.8816990354,-64.8816990354,0.5000000,6,6,0.50665070000000000,0.506650700000,-0.032584525537284574,-0.032584525537284574,-0.032584525537284574,0E-17,ELIGIBLE,R03b_20260811_FULL_v1,L1_ELIGIBILITY,v2026-08-11,2026-03-21..2026-08-06,baccarat_bet02_101_all_pairs_incl_sentinel,round_win = game_pnl > 0 (decisive only),COMPATIBILITY_ONLY_NOT_PRODUCTION,4059548.3812,3680416.6879,6656.9809,9707,9692,-0.00163983,0.01249836,-0.00525961,-0.00163983,-6656.9809,4059548.3812,OK,0.0000,266.2792,4.0000,96.0000,AG03-UNRESOLVED,ALL5_LEVELS_bet23_to_bet27,266.2792,266.2792,266.2792,0.0000,0.0000,4.000000,4.000000,4.000000,0.000000,0.000000,96.000000,96.000000,96.000000,100.000000,100.000000,5.0,798.8377,767.3102,5858.1432,5889.6706,PENDING_AG03,FALSE,NOT_FOR_ENFORCEMENT,6390.7016,3533200.0204,6656.9809,6390.7016,266.2792,0.00163983,0.00157424,266.2792,6390.7016,0.00157424,266.2792,266.2792,266.2792,0.0000,0.0000,6390.7016,0.00157424,798.8377,767.3102,5858.1432,5889.6706,0.00144305,0.00145082,0.00006559,418.2083,379.7376,0.6869,61.6387,1.8384,37588.4109,89.7407,538.3845,395.5999,218.4789,430.6076,432.5446,432.5446,1046.441,1081.3617,427.0584,0.0,2.43015,2.511246,0.971205,30,216,96,2,0.20383968,0.00163983,-0.01249836,0E-8,0.000000,0.906607,0.000000,0.01775797,2026-03-22,2026-08-06,108,3621,2443,138,0.782609,1.360932,1.287360,0.679466,,,,,,,,GLOBAL_BASELINE_NO_ENTITY_RANKING,,,NOT_APPLICABLE_GLOBAL_BASELINE,HF9g-P5,,,,X 全窗基线 · 不参与实体赏罚,14198724,1420,A168_HF9F_20260827_0900,2026-08-27 09:00:00
2026-05-16,57024343,2212,0,432.5446602362,410.9174272244,410.9174272244,1.0000000,1,1,0.50665070000000000,0.506650700000,0.9867858985152569,0.9867858985152569,0.9867858985152569,0E-17,ELIGIBLE,R03b_20260811_FULL_v1,L1_ELIGIBILITY,v2026-08-11,2026-03-21..2026-08-06,baccarat_bet02_101_all_pairs_incl_sentinel,round_win = game_pnl > 0 (decisive only),COMPATIBILITY_ONLY_NOT_PRODUCTION,4059548.3812,3680416.6879,6656.9809,9707,9692,-0.00163983,0.01249836,-0.00525961,-0.00163983,-6656.9809,4059548.3812,OK,0.0000,266.2792,4.0000,96.0000,AG03-UNRESOLVED,ALL5_LEVELS_bet23_to_bet27,266.2792,266.2792,266.2792,0.0000,0.0000,4.000000,4.000000,4.000000,0.000000,0.000000,96.000000,96.000000,96.000000,100.000000,100.000000,5.0,798.8377,767.3102,5858.1432,5889.6706,PENDING_AG03,FALSE,NOT_FOR_ENFORCEMENT,6390.7016,3533200.0204,6656.9809,6390.7016,266.2792,0.00163983,0.00157424,266.2792,6390.7016,0.00157424,266.2792,266.2792,266.2792,0.0000,0.0000,6390.7016,0.00157424,798.8377,767.3102,5858.1432,5889.6706,0.00144305,0.00145082,0.00006559,418.2083,379.7376,0.6869,61.6387,1.8384,37588.4109,89.7407,538.3845,395.5999,218.4789,430.6076,432.5446,432.5446,1046.441,1081.3617,427.0584,0.0,2.43015,2.511246,0.971205,30,216,96,2,0.20383968,0.00163983,-0.01249836,0E-8,0.000000,0.906607,0.000000,0.01775797,2026-03-22,2026-08-06,108,3621,2443,138,0.782609,1.360932,1.287360,0.679466,,,,,,,,GLOBAL_BASELINE_NO_ENTITY_RANKING,,,NOT_APPLICABLE_GLOBAL_BASELINE,HF9g-P5,,,,X 全窗基线 · 不参与实体赏罚,14198725,1420,A168_HF9F_20260827_0900,2026-08-27 09:00:00
2026-05-16,57024343,2224,0,1946.4509710629,-670.4442233661,-670.4442233661,0.3333333,4,4,0.50665070000000000,0.506650700000,-0.6004420894325239,-0.6004420894325239,-0.6004420894325239,0E-17,ELIGIBLE,R03b_20260811_FULL_v1,L1_ELIGIBILITY,v2026-08-11,2026-03-21..2026-08-06,baccarat_bet02_101_all_pairs_incl_sentinel,round_win = game_pnl > 0 (decisive only),COMPATIBILITY_ONLY_NOT_PRODUCTION,4059548.3812,3680416.6879,6656.9809,9707,9692,-0.00163983,0.01249836,-0.00525961,-0.00163983,-6656.9809,4059548.3812,OK,0.0000,266.2792,4.0000,96.0000,AG03-UNRESOLVED,ALL5_LEVELS_bet23_to_bet27,266.2792,266.2792,266.2792,0.0000,0.0000,4.000000,4.000000,4.000000,0.000000,0.000000,96.000000,96.000000,96.000000,100.000000,100.000000,5.0,798.8377,767.3102,5858.1432,5889.6706,PENDING_AG03,FALSE,NOT_FOR_ENFORCEMENT,6390.7016,3533200.0204,6656.9809,6390.7016,266.2792,0.00163983,0.00157424,266.2792,6390.7016,0.00157424,266.2792,266.2792,266.2792,0.0000,0.0000,6390.7016,0.00157424,798.8377,767.3102,5858.1432,5889.6706,0.00144305,0.00145082,0.00006559,418.2083,379.7376,0.6869,61.6387,1.8384,37588.4109,89.7407,538.3845,395.5999,218.4789,430.6076,432.5446,432.5446,1046.441,1081.3617,427.0584,0.0,2.43015,2.511246,0.971205,30,216,96,2,0.20383968,0.00163983,-0.01249836,0E-8,0.000000,0.906607,0.000000,0.01775797,2026-03-22,2026-08-06,108,3621,2443,138,0.782609,1.360932,1.287360,0.679466,,,,,,,,GLOBAL_BASELINE_NO_ENTITY_RANKING,,,NOT_APPLICABLE_GLOBAL_BASELINE,HF9g-P5,,,,X 全窗基线 · 不参与实体赏罚,14198726,1420,A168_HF9F_20260827_0900,2026-08-27 09:00:00
2026-05-16,57024343,2234,0,2378.9956312991,-237.8995631299,-237.8995631299,0.5000000,5,5,0.49860758000000000,0.498607580000,0.005569701597489473,0.005569701597489473,0.005569701597489473,0E-17,ELIGIBLE,R03b_20260811_FULL_v1,L1_ELIGIBILITY,v2026-08-11,2026-03-21..2026-08-06,baccarat_bet02_101_all_pairs_incl_sentinel,round_win = game_pnl > 0 (decisive only),COMPATIBILITY_ONLY_NOT_PRODUCTION,4059548.3812,3680416.6879,6656.9809,9707,9692,-0.00163983,0.01249836,-0.00525961,-0.00163983,-6656.9809,4059548.3812,OK,0.0000,266.2792,4.0000,96.0000,AG03-UNRESOLVED,ALL5_LEVELS_bet23_to_bet27,266.2792,266.2792,266.2792,0.0000,0.0000,4.000000,4.000000,4.000000,0.000000,0.000000,96.000000,96.000000,96.000000,100.000000,100.000000,5.0,798.8377,767.3102,5858.1432,5889.6706,PENDING_AG03,FALSE,NOT_FOR_ENFORCEMENT,6390.7016,3533200.0204,6656.9809,6390.7016,266.2792,0.00163983,0.00157424,266.2792,6390.7016,0.00157424,266.2792,266.2792,266.2792,0.0000,0.0000,6390.7016,0.00157424,798.8377,767.3102,5858.1432,5889.6706,0.00144305,0.00145082,0.00006559,418.2083,379.7376,0.6869,61.6387,1.8384,37588.4109,89.7407,538.3845,395.5999,218.4789,430.6076,432.5446,432.5446,1046.441,1081.3617,427.0584,0.0,2.43015,2.511246,0.971205,30,216,96,2,0.20383968,0.00163983,-0.01249836,0E-8,0.000000,0.906607,0.000000,0.01775797,2026-03-22,2026-08-06,108,3621,2443,138,0.782609,1.360932,1.287360,0.679466,,,,,,,,GLOBAL_BASELINE_NO_ENTITY_RANKING,,,NOT_APPLICABLE_GLOBAL_BASELINE,HF9g-P5,,,,X 全窗基线 · 不参与实体赏罚,14198727,1420,A168_HF9F_20260827_0900,2026-08-27 09:00:00
2026-05-16,57024343,2239,0,865.0893204724,0E-10,0E-10,0.5000000,2,2,0.49994810000000000,0.499948100000,0.00014679536856514622,0.00014679536856514622,0.00014679536856514622,0E-17,ELIGIBLE,R03b_20260811_FULL_v1,L1_ELIGIBILITY,v2026-08-11,2026-03-21..2026-08-06,baccarat_bet02_101_all_pairs_incl_sentinel,round_win = game_pnl > 0 (decisive only),COMPATIBILITY_ONLY_NOT_PRODUCTION,4059548.3812,3680416.6879,6656.9809,9707,9692,-0.00163983,0.01249836,-0.00525961,-0.00163983,-6656.9809,4059548.3812,OK,0.0000,266.2792,4.0000,96.0000,AG03-UNRESOLVED,ALL5_LEVELS_bet23_to_bet27,266.2792,266.2792,266.2792,0.0000,0.0000,4.000000,4.000000,4.000000,0.000000,0.000000,96.000000,96.000000,96.000000,100.000000,100.000000,5.0,798.8377,767.3102,5858.1432,5889.6706,PENDING_AG03,FALSE,NOT_FOR_ENFORCEMENT,6390.7016,3533200.0204,6656.9809,6390.7016,266.2792,0.00163983,0.00157424,266.2792,6390.7016,0.00157424,266.2792,266.2792,266.2792,0.0000,0.0000,6390.7016,0.00157424,798.8377,767.3102,5858.1432,5889.6706,0.00144305,0.00145082,0.00006559,418.2083,379.7376,0.6869,61.6387,1.8384,37588.4109,89.7407,538.3845,395.5999,218.4789,430.6076,432.5446,432.5446,1046.441,1081.3617,427.0584,0.0,2.43015,2.511246,0.971205,30,216,96,2,0.20383968,0.00163983,-0.01249836,0E-8,0.000000,0.906607,0.000000,0.01775797,2026-03-22,2026-08-06,108,3621,2443,138,0.782609,1.360932,1.287360,0.679466,,,,,,,,GLOBAL_BASELINE_NO_ENTITY_RANKING,,,NOT_APPLICABLE_GLOBAL_BASELINE,HF9g-P5,,,,X 全窗基线 · 不参与实体赏罚,14198728,1420,A168_HF9F_20260827_0900,2026-08-27 09:00:00
2026-05-16,57024343,2244,0,2162.7233011809,2054.5871361217,2054.5871361217,1.0000000,3,3,0.50665070000000000,0.506650700000,1.7091633124209307,1.7091633124209307,1.7091633124209307,0E-17,ELIGIBLE,R03b_20260811_FULL_v1,L1_ELIGIBILITY,v2026-08-11,2026-03-21..2026-08-06,baccarat_bet02_101_all_pairs_incl_sentinel,round_win = game_pnl > 0 (decisive only),COMPATIBILITY_ONLY_NOT_PRODUCTION,4059548.3812,3680416.6879,6656.9809,9707,9692,-0.00163983,0.01249836,-0.00525961,-0.00163983,-6656.9809,4059548.3812,OK,0.0000,266.2792,4.0000,96.0000,AG03-UNRESOLVED,ALL5_LEVELS_bet23_to_bet27,266.2792,266.2792,266.2792,0.0000,0.0000,4.000000,4.000000,4.000000,0.000000,0.000000,96.000000,96.000000,96.000000,100.000000,100.000000,5.0,798.8377,767.3102,5858.1432,5889.6706,PENDING_AG03,FALSE,NOT_FOR_ENFORCEMENT,6390.7016,3533200.0204,6656.9809,6390.7016,266.2792,0.00163983,0.00157424,266.2792,6390.7016,0.00157424,266.2792,266.2792,266.2792,0.0000,0.0000,6390.7016,0.00157424,798.8377,767.3102,5858.1432,5889.6706,0.00144305,0.00145082,0.00006559,418.2083,379.7376,0.6869,61.6387,1.8384,37588.4109,89.7407,538.3845,395.5999,218.4789,430.6076,432.5446,432.5446,1046.441,1081.3617,427.0584,0.0,2.43015,2.511246,0.971205,30,216,96,2,0.20383968,0.00163983,-0.01249836,0E-8,0.000000,0.906607,0.000000,0.01775797,2026-03-22,2026-08-06,108,3621,2443,138,0.782609,1.360932,1.287360,0.679466,,,,,,,,GLOBAL_BASELINE_NO_ENTITY_RANKING,,,NOT_APPLICABLE_GLOBAL_BASELINE,HF9g-P5,,,,X 全窗基线 · 不参与实体赏罚,14198729,1420,A168_HF9F_20260827_0900,2026-08-27 09:00:00
2026-05-16,57024343,471,0,432.5446602362,410.9174272244,410.9174272244,1.0000000,1,1,0.50665070000000000,0.506650700000,0.9867858985152569,0.9867858985152569,0.9867858985152569,0E-17,ELIGIBLE,R03b_20260811_FULL_v1,L1_ELIGIBILITY,v2026-08-11,2026-03-21..2026-08-06,baccarat_bet02_101_all_pairs_incl_sentinel,round_win = game_pnl > 0 (decisive only),COMPATIBILITY_ONLY_NOT_PRODUCTION,4059548.3812,3680416.6879,6656.9809,9707,9692,-0.00163983,0.01249836,-0.00525961,-0.00163983,-6656.9809,4059548.3812,OK,0.0000,266.2792,4.0000,96.0000,AG03-UNRESOLVED,ALL5_LEVELS_bet23_to_bet27,266.2792,266.2792,266.2792,0.0000,0.0000,4.000000,4.000000,4.000000,0.000000,0.000000,96.000000,96.000000,96.000000,100.000000,100.000000,5.0,798.8377,767.3102,5858.1432,5889.6706,PENDING_AG03,FALSE,NOT_FOR_ENFORCEMENT,6390.7016,3533200.0204,6656.9809,6390.7016,266.2792,0.00163983,0.00157424,266.2792,6390.7016,0.00157424,266.2792,266.2792,266.2792,0.0000,0.0000,6390.7016,0.00157424,798.8377,767.3102,5858.1432,5889.6706,0.00144305,0.00145082,0.00006559,418.2083,379.7376,0.6869,61.6387,1.8384,37588.4109,89.7407,538.3845,395.5999,218.4789,430.6076,432.5446,432.5446,1046.441,1081.3617,427.0584,0.0,2.43015,2.511246,0.971205,30,216,96,2,0.20383968,0.00163983,-0.01249836,0E-8,0.000000,0.906607,0.000000,0.01775797,2026-03-22,2026-08-06,108,3621,2443,138,0.782609,1.360932,1.287360,0.679466,,,,,,,,GLOBAL_BASELINE_NO_ENTITY_RANKING,,,NOT_APPLICABLE_GLOBAL_BASELINE,HF9g-P5,,,,X 全窗基线 · 不参与实体赏罚,14198730,1420,A168_HF9F_20260827_0900,2026-08-27 09:00:00
2026-05-16,57024343,550,0,648.8169903543,-648.8169903543,-648.8169903543,0E-7,1,1,0.49324550000000000,0.493245500000,-0.9865810262130424,-0.9865810262130424,-0.9865810262130424,0E-17,ELIGIBLE,R03b_20260811_FULL_v1,L1_ELIGIBILITY,v2026-08-11,2026-03-21..2026-08-06,baccarat_bet02_101_all_pairs_incl_sentinel,round_win = game_pnl > 0 (decisive only),COMPATIBILITY_ONLY_NOT_PRODUCTION,4059548.3812,3680416.6879,6656.9809,9707,9692,-0.00163983,0.01249836,-0.00525961,-0.00163983,-6656.9809,4059548.3812,OK,0.0000,266.2792,4.0000,96.0000,AG03-UNRESOLVED,ALL5_LEVELS_bet23_to_bet27,266.2792,266.2792,266.2792,0.0000,0.0000,4.000000,4.000000,4.000000,0.000000,0.000000,96.000000,96.000000,96.000000,100.000000,100.000000,5.0,798.8377,767.3102,5858.1432,5889.6706,PENDING_AG03,FALSE,NOT_FOR_ENFORCEMENT,6390.7016,3533200.0204,6656.9809,6390.7016,266.2792,0.00163983,0.00157424,266.2792,6390.7016,0.00157424,266.2792,266.2792,266.2792,0.0000,0.0000,6390.7016,0.00157424,798.8377,767.3102,5858.1432,5889.6706,0.00144305,0.00145082,0.00006559,418.2083,379.7376,0.6869,61.6387,1.8384,37588.4109,89.7407,538.3845,395.5999,218.4789,430.6076,432.5446,432.5446,1046.441,1081.3617,427.0584,0.0,2.43015,2.511246,0.971205,30,216,96,2,0.20383968,0.00163983,-0.01249836,0E-8,0.000000,0.906607,0.000000,0.01775797,2026-03-22,2026-08-06,108,3621,2443,138,0.782609,1.360932,1.287360,0.679466,,,,,,,,GLOBAL_BASELINE_NO_ENTITY_RANKING,,,NOT_APPLICABLE_GLOBAL_BASELINE,HF9g-P5,,,,X 全窗基线 · 不参与实体赏罚,14198731,1420,A168_HF9F_20260827_0900,2026-08-27 09:00:00
2026-05-16,57024343,789,0,865.0893204724,410.9174272244,410.9174272244,1.0000000,2,2,0.49994810000000000,0.499948100000,1.0001038053877793,1.0001038053877793,1.0001038053877793,0E-17,ELIGIBLE,R03b_20260811_FULL_v1,L1_ELIGIBILITY,v2026-08-11,2026-03-21..2026-08-06,baccarat_bet02_101_all_pairs_incl_sentinel,round_win = game_pnl > 0 (decisive only),COMPATIBILITY_ONLY_NOT_PRODUCTION,4059548.3812,3680416.6879,6656.9809,9707,9692,-0.00163983,0.01249836,-0.00525961,-0.00163983,-6656.9809,4059548.3812,OK,0.0000,266.2792,4.0000,96.0000,AG03-UNRESOLVED,ALL5_LEVELS_bet23_to_bet27,266.2792,266.2792,266.2792,0.0000,0.0000,4.000000,4.000000,4.000000,0.000000,0.000000,96.000000,96.000000,96.000000,100.000000,100.000000,5.0,798.8377,767.3102,5858.1432,5889.6706,PENDING_AG03,FALSE,NOT_FOR_ENFORCEMENT,6390.7016,3533200.0204,6656.9809,6390.7016,266.2792,0.00163983,0.00157424,266.2792,6390.7016,0.00157424,266.2792,266.2792,266.2792,0.0000,0.0000,6390.7016,0.00157424,798.8377,767.3102,5858.1432,5889.6706,0.00144305,0.00145082,0.00006559,418.2083,379.7376,0.6869,61.6387,1.8384,37588.4109,89.7407,538.3845,395.5999,218.4789,430.6076,432.5446,432.5446,1046.441,1081.3617,427.0584,0.0,2.43015,2.511246,0.971205,30,216,96,2,0.20383968,0.00163983,-0.01249836,0E-8,0.000000,0.906607,0.000000,0.01775797,2026-03-22,2026-08-06,108,3621,2443,138,0.782609,1.360932,1.287360,0.679466,,,,,,,,GLOBAL_BASELINE_NO_ENTITY_RANKING,,,NOT_APPLICABLE_GLOBAL_BASELINE,HF9g-P5,,,,X 全窗基线 · 不参与实体赏罚,14198732,1420,A168_HF9F_20260827_0900,2026-08-27 09:00:00
2026-05-16,57024343,925,0,865.0893204724,-865.0893204724,-865.0893204724,0E-7,2,2,0.50665070000000000,0.506650700000,-1.4331513700195317,-1.4331513700195317,-1.4331513700195317,0E-17,ELIGIBLE,R03b_20260811_FULL_v1,L1_ELIGIBILITY,v2026-08-11,2026-03-21..2026-08-06,baccarat_bet02_101_all_pairs_incl_sentinel,round_win = game_pnl > 0 (decisive only),COMPATIBILITY_ONLY_NOT_PRODUCTION,4059548.3812,3680416.6879,6656.9809,9707,9692,-0.00163983,0.01249836,-0.00525961,-0.00163983,-6656.9809,4059548.3812,OK,0.0000,266.2792,4.0000,96.0000,AG03-UNRESOLVED,ALL5_LEVELS_bet23_to_bet27,266.2792,266.2792,266.2792,0.0000,0.0000,4.000000,4.000000,4.000000,0.000000,0.000000,96.000000,96.000000,96.000000,100.000000,100.000000,5.0,798.8377,767.3102,5858.1432,5889.6706,PENDING_AG03,FALSE,NOT_FOR_ENFORCEMENT,6390.7016,3533200.0204,6656.9809,6390.7016,266.2792,0.00163983,0.00157424,266.2792,6390.7016,0.00157424,266.2792,266.2792,266.2792,0.0000,0.0000,6390.7016,0.00157424,798.8377,767.3102,5858.1432,5889.6706,0.00144305,0.00145082,0.00006559,418.2083,379.7376,0.6869,61.6387,1.8384,37588.4109,89.7407,538.3845,395.5999,218.4789,430.6076,432.5446,432.5446,1046.441,1081.3617,427.0584,0.0,2.43015,2.511246,0.971205,30,216,96,2,0.20383968,0.00163983,-0.01249836,0E-8,0.000000,0.906607,0.000000,0.01775797,2026-03-22,2026-08-06,108,3621,2443,138,0.782609,1.360932,1.287360,0.679466,,,,,,,,GLOBAL_BASELINE_NO_ENTITY_RANKING,,,NOT_APPLICABLE_GLOBAL_BASELINE,HF9g-P5,,,,X 全窗基线 · 不参与实体赏罚,14198733,1420,A168_HF9F_20260827_0900,2026-08-27 09:00:00
2026-05-16,57024343,986,0,1730.1786409448,-886.7165534842,-886.7165534842,0.2500000,4,4,0.50665070000000000,0.506650700000,-1.0266936290537745,-1.0266936290537745,-1.0266936290537745,0E-17,ELIGIBLE,R03b_20260811_FULL_v1,L1_ELIGIBILITY,v2026-08-11,2026-03-21..2026-08-06,baccarat_bet02_101_all_pairs_incl_sentinel,round_win = game_pnl > 0 (decisive only),COMPATIBILITY_ONLY_NOT_PRODUCTION,4059548.3812,3680416.6879,6656.9809,9707,9692,-0.00163983,0.01249836,-0.00525961,-0.00163983,-6656.9809,4059548.3812,OK,0.0000,266.2792,4.0000,96.0000,AG03-UNRESOLVED,ALL5_LEVELS_bet23_to_bet27,266.2792,266.2792,266.2792,0.0000,0.0000,4.000000,4.000000,4.000000,0.000000,0.000000,96.000000,96.000000,96.000000,100.000000,100.000000,5.0,798.8377,767.3102,5858.1432,5889.6706,PENDING_AG03,FALSE,NOT_FOR_ENFORCEMENT,6390.7016,3533200.0204,6656.9809,6390.7016,266.2792,0.00163983,0.00157424,266.2792,6390.7016,0.00157424,266.2792,266.2792,266.2792,0.0000,0.0000,6390.7016,0.00157424,798.8377,767.3102,5858.1432,5889.6706,0.00144305,0.00145082,0.00006559,418.2083,379.7376,0.6869,61.6387,1.8384,37588.4109,89.7407,538.3845,395.5999,218.4789,430.6076,432.5446,432.5446,1046.441,1081.3617,427.0584,0.0,2.43015,2.511246,0.971205,30,216,96,2,0.20383968,0.00163983,-0.01249836,0E-8,0.000000,0.906607,0.000000,0.01775797,2026-03-22,2026-08-06,108,3621,2443,138,0.782609,1.360932,1.287360,0.679466,,,,,,,,GLOBAL_BASELINE_NO_ENTITY_RANKING,,,NOT_APPLICABLE_GLOBAL_BASELINE,HF9g-P5,,,,X 全窗基线 · 不参与实体赏罚,14198734,1420,A168_HF9F_20260827_0900,2026-08-27 09:00:00
2026-05-16,57024343,994,0,432.5446602362,-432.5446602362,-432.5446602362,0E-7,1,1,0.49324550000000000,0.493245500000,-0.9865810262130424,-0.9865810262130424,-0.9865810262130424,0E-17,ELIGIBLE,R03b_20260811_FULL_v1,L1_ELIGIBILITY,v2026-08-11,2026-03-21..2026-08-06,baccarat_bet02_101_all_pairs_incl_sentinel,round_win = game_pnl > 0 (decisive only),COMPATIBILITY_ONLY_NOT_PRODUCTION,4059548.3812,3680416.6879,6656.9809,9707,9692,-0.00163983,0.01249836,-0.00525961,-0.00163983,-6656.9809,4059548.3812,OK,0.0000,266.2792,4.0000,96.0000,AG03-UNRESOLVED,ALL5_LEVELS_bet23_to_bet27,266.2792,266.2792,266.2792,0.0000,0.0000,4.000000,4.000000,4.000000,0.000000,0.000000,96.000000,96.000000,96.000000,100.000000,100.000000,5.0,798.8377,767.3102,5858.1432,5889.6706,PENDING_AG03,FALSE,NOT_FOR_ENFORCEMENT,6390.7016,3533200.0204,6656.9809,6390.7016,266.2792,0.00163983,0.00157424,266.2792,6390.7016,0.00157424,266.2792,266.2792,266.2792,0.0000,0.0000,6390.7016,0.00157424,798.8377,767.3102,5858.1432,5889.6706,0.00144305,0.00145082,0.00006559,418.2083,379.7376,0.6869,61.6387,1.8384,37588.4109,89.7407,538.3845,395.5999,218.4789,430.6076,432.5446,432.5446,1046.441,1081.3617,427.0584,0.0,2.43015,2.511246,0.971205,30,216,96,2,0.20383968,0.00163983,-0.01249836,0E-8,0.000000,0.906607,0.000000,0.01775797,2026-03-22,2026-08-06,108,3621,2443,138,0.782609,1.360932,1.287360,0.679466,,,,,,,,GLOBAL_BASELINE_NO_ENTITY_RANKING,,,NOT_APPLICABLE_GLOBAL_BASELINE,HF9g-P5,,,,X 全窗基线 · 不参与实体赏罚,14198735,1420,A168_HF9F_20260827_0900,2026-08-27 09:00:00
2026-05-17,57024343,-1,1,14490.2461179115,-7082.9188113672,-7082.9188113672,0.3333333,10,10,0.50531018000000000,0.505310180000,-1.0319192777847053,-1.0319192777847053,-1.0319192777847053,0E-17,SENTINEL_DEALER,R03b_20260811_FULL_v1,L1_ELIGIBILITY,v2026-08-11,2026-03-21..2026-08-06,baccarat_bet02_101_all_pairs_incl_sentinel,round_win = game_pnl > 0 (decisive only),COMPATIBILITY_ONLY_NOT_PRODUCTION,4059548.3812,3680416.6879,6656.9809,9707,9692,-0.00163983,0.01249836,-0.00525961,-0.00163983,-6656.9809,4059548.3812,OK,0.0000,266.2792,4.0000,96.0000,AG03-UNRESOLVED,ALL5_LEVELS_bet23_to_bet27,266.2792,266.2792,266.2792,0.0000,0.0000,4.000000,4.000000,4.000000,0.000000,0.000000,96.000000,96.000000,96.000000,100.000000,100.000000,5.0,798.8377,767.3102,5858.1432,5889.6706,PENDING_AG03,FALSE,NOT_FOR_ENFORCEMENT,6390.7016,3533200.0204,6656.9809,6390.7016,266.2792,0.00163983,0.00157424,266.2792,6390.7016,0.00157424,266.2792,266.2792,266.2792,0.0000,0.0000,6390.7016,0.00157424,798.8377,767.3102,5858.1432,5889.6706,0.00144305,0.00145082,0.00006559,418.2083,379.7376,0.6869,61.6387,1.8384,37588.4109,89.7407,538.3845,395.5999,218.4789,430.6076,432.5446,432.5446,1046.441,1081.3617,427.0584,0.0,2.43015,2.511246,0.971205,30,216,96,2,0.20383968,0.00163983,-0.01249836,0E-8,0.000000,0.906607,0.000000,0.01775797,2026-03-22,2026-08-06,108,3621,2443,138,0.782609,1.360932,1.287360,0.679466,,,,,,,,GLOBAL_BASELINE_NO_ENTITY_RANKING,,,NOT_APPLICABLE_GLOBAL_BASELINE,HF9g-P5,,,,X 全窗基线 · 不参与实体赏罚,14198736,1420,A168_HF9F_20260827_0900,2026-08-27 09:00:00
2026-05-17,57024343,1115,0,2595.2679614170,-1751.8058739564,-1751.8058739564,0.3333333,3,3,0.50665070000000000,0.506650700000,-0.6004420894325239,-0.6004420894325239,-0.6004420894325239,0E-17,ELIGIBLE,R03b_20260811_FULL_v1,L1_ELIGIBILITY,v2026-08-11,2026-03-21..2026-08-06,baccarat_bet02_101_all_pairs_incl_sentinel,round_win = game_pnl > 0 (decisive only),COMPATIBILITY_ONLY_NOT_PRODUCTION,4059548.3812,3680416.6879,6656.9809,9707,9692,-0.00163983,0.01249836,-0.00525961,-0.00163983,-6656.9809,4059548.3812,OK,0.0000,266.2792,4.0000,96.0000,AG03-UNRESOLVED,ALL5_LEVELS_bet23_to_bet27,266.2792,266.2792,266.2792,0.0000,0.0000,4.000000,4.000000,4.000000,0.000000,0.000000,96.000000,96.000000,96.000000,100.000000,100.000000,5.0,798.8377,767.3102,5858.1432,5889.6706,PENDING_AG03,FALSE,NOT_FOR_ENFORCEMENT,6390.7016,3533200.0204,6656.9809,6390.7016,266.2792,0.00163983,0.00157424,266.2792,6390.7016,0.00157424,266.2792,266.2792,266.2792,0.0000,0.0000,6390.7016,0.00157424,798.8377,767.3102,5858.1432,5889.6706,0.00144305,0.00145082,0.00006559,418.2083,379.7376,0.6869,61.6387,1.8384,37588.4109,89.7407,538.3845,395.5999,218.4789,430.6076,432.5446,432.5446,1046.441,1081.3617,427.0584,0.0,2.43015,2.511246,0.971205,30,216,96,2,0.20383968,0.00163983,-0.01249836,0E-8,0.000000,0.906607,0.000000,0.01775797,2026-03-22,2026-08-06,108,3621,2443,138,0.782609,1.360932,1.287360,0.679466,,,,,,,,GLOBAL_BASELINE_NO_ENTITY_RANKING,,,NOT_APPLICABLE_GLOBAL_BASELINE,HF9g-P5,,,,X 全窗基线 · 不参与实体赏罚,14198737,1420,A168_HF9F_20260827_0900,2026-08-27 09:00:00
2026-05-17,57024343,1299,0,1081.3616505904,1027.2935680609,1027.2935680609,1.0000000,1,1,0.50665070000000000,0.506650700000,0.9867858985152569,0.9867858985152569,0.9867858985152569,0E-17,ELIGIBLE,R03b_20260811_FULL_v1,L1_ELIGIBILITY,v2026-08-11,2026-03-21..2026-08-06,baccarat_bet02_101_all_pairs_incl_sentinel,round_win = game_pnl > 0 (decisive only),COMPATIBILITY_ONLY_NOT_PRODUCTION,4059548.3812,3680416.6879,6656.9809,9707,9692,-0.00163983,0.01249836,-0.00525961,-0.00163983,-6656.9809,4059548.3812,OK,0.0000,266.2792,4.0000,96.0000,AG03-UNRESOLVED,ALL5_LEVELS_bet23_to_bet27,266.2792,266.2792,266.2792,0.0000,0.0000,4.000000,4.000000,4.000000,0.000000,0.000000,96.000000,96.000000,96.000000,100.000000,100.000000,5.0,798.8377,767.3102,5858.1432,5889.6706,PENDING_AG03,FALSE,NOT_FOR_ENFORCEMENT,6390.7016,3533200.0204,6656.9809,6390.7016,266.2792,0.00163983,0.00157424,266.2792,6390.7016,0.00157424,266.2792,266.2792,266.2792,0.0000,0.0000,6390.7016,0.00157424,798.8377,767.3102,5858.1432,5889.6706,0.00144305,0.00145082,0.00006559,418.2083,379.7376,0.6869,61.6387,1.8384,37588.4109,89.7407,538.3845,395.5999,218.4789,430.6076,432.5446,432.5446,1046.441,1081.3617,427.0584,0.0,2.43015,2.511246,0.971205,30,216,96,2,0.20383968,0.00163983,-0.01249836,0E-8,0.000000,0.906607,0.000000,0.01775797,2026-03-22,2026-08-06,108,3621,2443,138,0.782609,1.360932,1.287360,0.679466,,,,,,,,GLOBAL_BASELINE_NO_ENTITY_RANKING,,,NOT_APPLICABLE_GLOBAL_BASELINE,HF9g-P5,,,,X 全窗基线 · 不参与实体赏罚,14198738,1420,A168_HF9F_20260827_0900,2026-08-27 09:00:00
2026-05-17,57024343,1307,0,1730.1786409448,800.2076214370,800.2076214370,0.7500000,4,4,0.50665070000000000,0.506650700000,0.9734833216690844,0.9734833216690844,0.9734833216690844,0E-17,ELIGIBLE,R03b_20260811_FULL_v1,L1_ELIGIBILITY,v2026-08-11,2026-03-21..2026-08-06,baccarat_bet02_101_all_pairs_incl_sentinel,round_win = game_pnl > 0 (decisive only),COMPATIBILITY_ONLY_NOT_PRODUCTION,4059548.3812,3680416.6879,6656.9809,9707,9692,-0.00163983,0.01249836,-0.00525961,-0.00163983,-6656.9809,4059548.3812,OK,0.0000,266.2792,4.0000,96.0000,AG03-UNRESOLVED,ALL5_LEVELS_bet23_to_bet27,266.2792,266.2792,266.2792,0.0000,0.0000,4.000000,4.000000,4.000000,0.000000,0.000000,96.000000,96.000000,96.000000,100.000000,100.000000,5.0,798.8377,767.3102,5858.1432,5889.6706,PENDING_AG03,FALSE,NOT_FOR_ENFORCEMENT,6390.7016,3533200.0204,6656.9809,6390.7016,266.2792,0.00163983,0.00157424,266.2792,6390.7016,0.00157424,266.2792,266.2792,266.2792,0.0000,0.0000,6390.7016,0.00157424,798.8377,767.3102,5858.1432,5889.6706,0.00144305,0.00145082,0.00006559,418.2083,379.7376,0.6869,61.6387,1.8384,37588.4109,89.7407,538.3845,395.5999,218.4789,430.6076,432.5446,432.5446,1046.441,1081.3617,427.0584,0.0,2.43015,2.511246,0.971205,30,216,96,2,0.20383968,0.00163983,-0.01249836,0E-8,0.000000,0.906607,0.000000,0.01775797,2026-03-22,2026-08-06,108,3621,2443,138,0.782609,1.360932,1.287360,0.679466,,,,,,,,GLOBAL_BASELINE_NO_ENTITY_RANKING,,,NOT_APPLICABLE_GLOBAL_BASELINE,HF9g-P5,,,,X 全窗基线 · 不参与实体赏罚,14198739,1420,A168_HF9F_20260827_0900,2026-08-27 09:00:00
2026-05-17,57024343,1318,0,865.0893204724,821.8348544488,821.8348544488,1.0000000,2,2,0.50665070000000000,0.506650700000,1.3955260008387969,1.3955260008387969,1.3955260008387969,0E-17,ELIGIBLE,R03b_20260811_FULL_v1,L1_ELIGIBILITY,v2026-08-11,2026-03-21..2026-08-06,baccarat_bet02_101_all_pairs_incl_sentinel,round_win = game_pnl > 0 (decisive only),COMPATIBILITY_ONLY_NOT_PRODUCTION,4059548.3812,3680416.6879,6656.9809,9707,9692,-0.00163983,0.01249836,-0.00525961,-0.00163983,-6656.9809,4059548.3812,OK,0.0000,266.2792,4.0000,96.0000,AG03-UNRESOLVED,ALL5_LEVELS_bet23_to_bet27,266.2792,266.2792,266.2792,0.0000,0.0000,4.000000,4.000000,4.000000,0.000000,0.000000,96.000000,96.000000,96.000000,100.000000,100.000000,5.0,798.8377,767.3102,5858.1432,5889.6706,PENDING_AG03,FALSE,NOT_FOR_ENFORCEMENT,6390.7016,3533200.0204,6656.9809,6390.7016,266.2792,0.00163983,0.00157424,266.2792,6390.7016,0.00157424,266.2792,266.2792,266.2792,0.0000,0.0000,6390.7016,0.00157424,798.8377,767.3102,5858.1432,5889.6706,0.00144305,0.00145082,0.00006559,418.2083,379.7376,0.6869,61.6387,1.8384,37588.4109,89.7407,538.3845,395.5999,218.4789,430.6076,432.5446,432.5446,1046.441,1081.3617,427.0584,0.0,2.43015,2.511246,0.971205,30,216,96,2,0.20383968,0.00163983,-0.01249836,0E-8,0.000000,0.906607,0.000000,0.01775797,2026-03-22,2026-08-06,108,3621,2443,138,0.782609,1.360932,1.287360,0.679466,,,,,,,,GLOBAL_BASELINE_NO_ENTITY_RANKING,,,NOT_APPLICABLE_GLOBAL_BASELINE,HF9g-P5,,,,X 全窗基线 · 不参与实体赏罚,14198740,1420,A168_HF9F_20260827_0900,2026-08-27 09:00:00
2026-05-17,57024343,1323,0,1513.9063108266,-1513.9063108266,-1513.9063108266,0E-7,2,2,0.50665070000000000,0.506650700000,-1.4331513700195317,-1.4331513700195317,-1.4331513700195317,0E-17,ELIGIBLE,R03b_20260811_FULL_v1,L1_ELIGIBILITY,v2026-08-11,2026-03-21..2026-08-06,baccarat_bet02_101_all_pairs_incl_sentinel,round_win = game_pnl > 0 (decisive only),COMPATIBILITY_ONLY_NOT_PRODUCTION,4059548.3812,3680416.6879,6656.9809,9707,9692,-0.00163983,0.01249836,-0.00525961,-0.00163983,-6656.9809,4059548.3812,OK,0.0000,266.2792,4.0000,96.0000,AG03-UNRESOLVED,ALL5_LEVELS_bet23_to_bet27,266.2792,266.2792,266.2792,0.0000,0.0000,4.000000,4.000000,4.000000,0.000000,0.000000,96.000000,96.000000,96.000000,100.000000,100.000000,5.0,798.8377,767.3102,5858.1432,5889.6706,PENDING_AG03,FALSE,NOT_FOR_ENFORCEMENT,6390.7016,3533200.0204,6656.9809,6390.7016,266.2792,0.00163983,0.00157424,266.2792,6390.7016,0.00157424,266.2792,266.2792,266.2792,0.0000,0.0000,6390.7016,0.00157424,798.8377,767.3102,5858.1432,5889.6706,0.00144305,0.00145082,0.00006559,418.2083,379.7376,0.6869,61.6387,1.8384,37588.4109,89.7407,538.3845,395.5999,218.4789,430.6076,432.5446,432.5446,1046.441,1081.3617,427.0584,0.0,2.43015,2.511246,0.971205,30,216,96,2,0.20383968,0.00163983,-0.01249836,0E-8,0.000000,0.906607,0.000000,0.01775797,2026-03-22,2026-08-06,108,3621,2443,138,0.782609,1.360932,1.287360,0.679466,,,,,,,,GLOBAL_BASELINE_NO_ENTITY_RANKING,,,NOT_APPLICABLE_GLOBAL_BASELINE,HF9g-P5,,,,X 全窗基线 · 不参与实体赏罚,14198741,1420,A168_HF9F_20260827_0900,2026-08-27 09:00:00
2026-05-17,57024343,1331,0,1081.3616505904,-1081.3616505904,-1081.3616505904,0E-7,1,1,0.50665070000000000,0.506650700000,-1.013391052207602,-1.013391052207602,-1.013391052207602,0E-17,ELIGIBLE,R03b_20260811_FULL_v1,L1_ELIGIBILITY,v2026-08-11,2026-03-21..2026-08-06,baccarat_bet02_101_all_pairs_incl_sentinel,round_win = game_pnl > 0 (decisive only),COMPATIBILITY_ONLY_NOT_PRODUCTION,4059548.3812,3680416.6879,6656.9809,9707,9692,-0.00163983,0.01249836,-0.00525961,-0.00163983,-6656.9809,4059548.3812,OK,0.0000,266.2792,4.0000,96.0000,AG03-UNRESOLVED,ALL5_LEVELS_bet23_to_bet27,266.2792,266.2792,266.2792,0.0000,0.0000,4.000000,4.000000,4.000000,0.000000,0.000000,96.000000,96.000000,96.000000,100.000000,100.000000,5.0,798.8377,767.3102,5858.1432,5889.6706,PENDING_AG03,FALSE,NOT_FOR_ENFORCEMENT,6390.7016,3533200.0204,6656.9809,6390.7016,266.2792,0.00163983,0.00157424,266.2792,6390.7016,0.00157424,266.2792,266.2792,266.2792,0.0000,0.0000,6390.7016,0.00157424,798.8377,767.3102,5858.1432,5889.6706,0.00144305,0.00145082,0.00006559,418.2083,379.7376,0.6869,61.6387,1.8384,37588.4109,89.7407,538.3845,395.5999,218.4789,430.6076,432.5446,432.5446,1046.441,1081.3617,427.0584,0.0,2.43015,2.511246,0.971205,30,216,96,2,0.20383968,0.00163983,-0.01249836,0E-8,0.000000,0.906607,0.000000,0.01775797,2026-03-22,2026-08-06,108,3621,2443,138,0.782609,1.360932,1.287360,0.679466,,,,,,,,GLOBAL_BASELINE_NO_ENTITY_RANKING,,,NOT_APPLICABLE_GLOBAL_BASELINE,HF9g-P5,,,,X 全窗基线 · 不参与实体赏罚,14198742,1420,A168_HF9F_20260827_0900,2026-08-27 09:00:00
2026-05-17,57024343,1393,0,1081.3616505904,-1081.3616505904,-1081.3616505904,0E-7,1,1,0.50665070000000000,0.506650700000,-1.013391052207602,-1.013391052207602,-1.013391052207602,0E-17,ELIGIBLE,R03b_20260811_FULL_v1,L1_ELIGIBILITY,v2026-08-11,2026-03-21..2026-08-06,baccarat_bet02_101_all_pairs_incl_sentinel,round_win = game_pnl > 0 (decisive only),COMPATIBILITY_ONLY_NOT_PRODUCTION,4059548.3812,3680416.6879,6656.9809,9707,9692,-0.00163983,0.01249836,-0.00525961,-0.00163983,-6656.9809,4059548.3812,OK,0.0000,266.2792,4.0000,96.0000,AG03-UNRESOLVED,ALL5_LEVELS_bet23_to_bet27,266.2792,266.2792,266.2792,0.0000,0.0000,4.000000,4.000000,4.000000,0.000000,0.000000,96.000000,96.000000,96.000000,100.000000,100.000000,5.0,798.8377,767.3102,5858.1432,5889.6706,PENDING_AG03,FALSE,NOT_FOR_ENFORCEMENT,6390.7016,3533200.0204,6656.9809,6390.7016,266.2792,0.00163983,0.00157424,266.2792,6390.7016,0.00157424,266.2792,266.2792,266.2792,0.0000,0.0000,6390.7016,0.00157424,798.8377,767.3102,5858.1432,5889.6706,0.00144305,0.00145082,0.00006559,418.2083,379.7376,0.6869,61.6387,1.8384,37588.4109,89.7407,538.3845,395.5999,218.4789,430.6076,432.5446,432.5446,1046.441,1081.3617,427.0584,0.0,2.43015,2.511246,0.971205,30,216,96,2,0.20383968,0.00163983,-0.01249836,0E-8,0.000000,0.906607,0.000000,0.01775797,2026-03-22,2026-08-06,108,3621,2443,138,0.782609,1.360932,1.287360,0.679466,,,,,,,,GLOBAL_BASELINE_NO_ENTITY_RANKING,,,NOT_APPLICABLE_GLOBAL_BASELINE,HF9g-P5,,,,X 全窗基线 · 不参与实体赏罚,14198743,1420,A168_HF9F_20260827_0900,2026-08-27 09:00:00
2026-05-17,57024343,1400,0,432.5446602362,-432.5446602362,-432.5446602362,0E-7,1,1,0.50665070000000000,0.506650700000,-1.013391052207602,-1.013391052207602,-1.013391052207602,0E-17,ELIGIBLE,R03b_20260811_FULL_v1,L1_ELIGIBILITY,v2026-08-11,2026-03-21..2026-08-06,baccarat_bet02_101_all_pairs_incl_sentinel,round_win = game_pnl > 0 (decisive only),COMPATIBILITY_ONLY_NOT_PRODUCTION,4059548.3812,3680416.6879,6656.9809,9707,9692,-0.00163983,0.01249836,-0.00525961,-0.00163983,-6656.9809,4059548.3812,OK,0.0000,266.2792,4.0000,96.0000,AG03-UNRESOLVED,ALL5_LEVELS_bet23_to_bet27,266.2792,266.2792,266.2792,0.0000,0.0000,4.000000,4.000000,4.000000,0.000000,0.000000,96.000000,96.000000,96.000000,100.000000,100.000000,5.0,798.8377,767.3102,5858.1432,5889.6706,PENDING_AG03,FALSE,NOT_FOR_ENFORCEMENT,6390.7016,3533200.0204,6656.9809,6390.7016,266.2792,0.00163983,0.00157424,266.2792,6390.7016,0.00157424,266.2792,266.2792,266.2792,0.0000,0.0000,6390.7016,0.00157424,798.8377,767.3102,5858.1432,5889.6706,0.00144305,0.00145082,0.00006559,418.2083,379.7376,0.6869,61.6387,1.8384,37588.4109,89.7407,538.3845,395.5999,218.4789,430.6076,432.5446,432.5446,1046.441,1081.3617,427.0584,0.0,2.43015,2.511246,0.971205,30,216,96,2,0.20383968,0.00163983,-0.01249836,0E-8,0.000000,0.906607,0.000000,0.01775797,2026-03-22,2026-08-06,108,3621,2443,138,0.782609,1.360932,1.287360,0.679466,,,,,,,,GLOBAL_BASELINE_NO_ENTITY_RANKING,,,NOT_APPLICABLE_GLOBAL_BASELINE,HF9g-P5,,,,X 全窗基线 · 不参与实体赏罚,14198744,1420,A168_HF9F_20260827_0900,2026-08-27 09:00:00
2026-05-17,57024343,1401,0,2162.7233011808,1027.2935680609,1027.2935680609,1.0000000,2,2,0.50665070000000000,0.506650700000,0.9867858985152569,0.9867858985152569,0.9867858985152569,0E-17,ELIGIBLE,R03b_20260811_FULL_v1,L1_ELIGIBILITY,v2026-08-11,2026-03-21..2026-08-06,baccarat_bet02_101_all_pairs_incl_sentinel,round_win = game_pnl > 0 (decisive only),COMPATIBILITY_ONLY_NOT_PRODUCTION,4059548.3812,3680416.6879,6656.9809,9707,9692,-0.00163983,0.01249836,-0.00525961,-0.00163983,-6656.9809,4059548.3812,OK,0.0000,266.2792,4.0000,96.0000,AG03-UNRESOLVED,ALL5_LEVELS_bet23_to_bet27,266.2792,266.2792,266.2792,0.0000,0.0000,4.000000,4.000000,4.000000,0.000000,0.000000,96.000000,96.000000,96.000000,100.000000,100.000000,5.0,798.8377,767.3102,5858.1432,5889.6706,PENDING_AG03,FALSE,NOT_FOR_ENFORCEMENT,6390.7016,3533200.0204,6656.9809,6390.7016,266.2792,0.00163983,0.00157424,266.2792,6390.7016,0.00157424,266.2792,266.2792,266.2792,0.0000,0.0000,6390.7016,0.00157424,798.8377,767.3102,5858.1432,5889.6706,0.00144305,0.00145082,0.00006559,418.2083,379.7376,0.6869,61.6387,1.8384,37588.4109,89.7407,538.3845,395.5999,218.4789,430.6076,432.5446,432.5446,1046.441,1081.3617,427.0584,0.0,2.43015,2.511246,0.971205,30,216,96,2,0.20383968,0.00163983,-0.01249836,0E-8,0.000000,0.906607,0.000000,0.01775797,2026-03-22,2026-08-06,108,3621,2443,138,0.782609,1.360932,1.287360,0.679466,,,,,,,,GLOBAL_BASELINE_NO_ENTITY_RANKING,,,NOT_APPLICABLE_GLOBAL_BASELINE,HF9g-P5,,,,X 全窗基线 · 不参与实体赏罚,14198745,1420,A168_HF9F_20260827_0900,2026-08-27 09:00:00
2026-05-17,57024343,1509,0,432.5446602362,410.9174272244,410.9174272244,1.0000000,1,1,0.50665070000000000,0.506650700000,0.9867858985152569,0.9867858985152569,0.9867858985152569,0E-17,ELIGIBLE,R03b_20260811_FULL_v1,L1_ELIGIBILITY,v2026-08-11,2026-03-21..2026-08-06,baccarat_bet02_101_all_pairs_incl_sentinel,round_win = game_pnl > 0 (decisive only),COMPATIBILITY_ONLY_NOT_PRODUCTION,4059548.3812,3680416.6879,6656.9809,9707,9692,-0.00163983,0.01249836,-0.00525961,-0.00163983,-6656.9809,4059548.3812,OK,0.0000,266.2792,4.0000,96.0000,AG03-UNRESOLVED,ALL5_LEVELS_bet23_to_bet27,266.2792,266.2792,266.2792,0.0000,0.0000,4.000000,4.000000,4.000000,0.000000,0.000000,96.000000,96.000000,96.000000,100.000000,100.000000,5.0,798.8377,767.3102,5858.1432,5889.6706,PENDING_AG03,FALSE,NOT_FOR_ENFORCEMENT,6390.7016,3533200.0204,6656.9809,6390.7016,266.2792,0.00163983,0.00157424,266.2792,6390.7016,0.00157424,266.2792,266.2792,266.2792,0.0000,0.0000,6390.7016,0.00157424,798.8377,767.3102,5858.1432,5889.6706,0.00144305,0.00145082,0.00006559,418.2083,379.7376,0.6869,61.6387,1.8384,37588.4109,89.7407,538.3845,395.5999,218.4789,430.6076,432.5446,432.5446,1046.441,1081.3617,427.0584,0.0,2.43015,2.511246,0.971205,30,216,96,2,0.20383968,0.00163983,-0.01249836,0E-8,0.000000,0.906607,0.000000,0.01775797,2026-03-22,2026-08-06,108,3621,2443,138,0.782609,1.360932,1.287360,0.679466,,,,,,,,GLOBAL_BASELINE_NO_ENTITY_RANKING,,,NOT_APPLICABLE_GLOBAL_BASELINE,HF9g-P5,,,,X 全窗基线 · 不参与实体赏罚,14198746,1420,A168_HF9F_20260827_0900,2026-08-27 09:00:00
2026-05-17,57024343,1702,0,3244.0849517712,3135.9487867122,3135.9487867122,1.0000000,3,3,0.50218230000000000,0.502182300000,1.724507524396475,1.7245075243964754,1.724507524396475,0E-17,ELIGIBLE,R03b_20260811_FULL_v1,L1_ELIGIBILITY,v2026-08-11,2026-03-21..2026-08-06,baccarat_bet02_101_all_pairs_incl_sentinel,round_win = game_pnl > 0 (decisive only),COMPATIBILITY_ONLY_NOT_PRODUCTION,4059548.3812,3680416.6879,6656.9809,9707,9692,-0.00163983,0.01249836,-0.00525961,-0.00163983,-6656.9809,4059548.3812,OK,0.0000,266.2792,4.0000,96.0000,AG03-UNRESOLVED,ALL5_LEVELS_bet23_to_bet27,266.2792,266.2792,266.2792,0.0000,0.0000,4.000000,4.000000,4.000000,0.000000,0.000000,96.000000,96.000000,96.000000,100.000000,100.000000,5.0,798.8377,767.3102,5858.1432,5889.6706,PENDING_AG03,FALSE,NOT_FOR_ENFORCEMENT,6390.7016,3533200.0204,6656.9809,6390.7016,266.2792,0.00163983,0.00157424,266.2792,6390.7016,0.00157424,266.2792,266.2792,266.2792,0.0000,0.0000,6390.7016,0.00157424,798.8377,767.3102,5858.1432,5889.6706,0.00144305,0.00145082,0.00006559,418.2083,379.7376,0.6869,61.6387,1.8384,37588.4109,89.7407,538.3845,395.5999,218.4789,430.6076,432.5446,432.5446,1046.441,1081.3617,427.0584,0.0,2.43015,2.511246,0.971205,30,216,96,2,0.20383968,0.00163983,-0.01249836,0E-8,0.000000,0.906607,0.000000,0.01775797,2026-03-22,2026-08-06,108,3621,2443,138,0.782609,1.360932,1.287360,0.679466,,,,,,,,GLOBAL_BASELINE_NO_ENTITY_RANKING,,,NOT_APPLICABLE_GLOBAL_BASELINE,HF9g-P5,,,,X 全窗基线 · 不参与实体赏罚,14198747,1420,A168_HF9F_20260827_0900,2026-08-27 09:00:00
2026-05-17,57024343,1710,0,3027.8126216532,-1751.8058739564,-1751.8058739564,0.3333333,4,4,0.50665070000000000,0.506650700000,-0.6004420894325239,-0.6004420894325239,-0.6004420894325239,0E-17,ELIGIBLE,R03b_20260811_FULL_v1,L1_ELIGIBILITY,v2026-08-11,2026-03-21..2026-08-06,baccarat_bet02_101_all_pairs_incl_sentinel,round_win = game_pnl > 0 (decisive only),COMPATIBILITY_ONLY_NOT_PRODUCTION,4059548.3812,3680416.6879,6656.9809,9707,9692,-0.00163983,0.01249836,-0.00525961,-0.00163983,-6656.9809,4059548.3812,OK,0.0000,266.2792,4.0000,96.0000,AG03-UNRESOLVED,ALL5_LEVELS_bet23_to_bet27,266.2792,266.2792,266.2792,0.0000,0.0000,4.000000,4.000000,4.000000,0.000000,0.000000,96.000000,96.000000,96.000000,100.000000,100.000000,5.0,798.8377,767.3102,5858.1432,5889.6706,PENDING_AG03,FALSE,NOT_FOR_ENFORCEMENT,6390.7016,3533200.0204,6656.9809,6390.7016,266.2792,0.00163983,0.00157424,266.2792,6390.7016,0.00157424,266.2792,266.2792,266.2792,0.0000,0.0000,6390.7016,0.00157424,798.8377,767.3102,5858.1432,5889.6706,0.00144305,0.00145082,0.00006559,418.2083,379.7376,0.6869,61.6387,1.8384,37588.4109,89.7407,538.3845,395.5999,218.4789,430.6076,432.5446,432.5446,1046.441,1081.3617,427.0584,0.0,2.43015,2.511246,0.971205,30,216,96,2,0.20383968,0.00163983,-0.01249836,0E-8,0.000000,0.906607,0.000000,0.01775797,2026-03-22,2026-08-06,108,3621,2443,138,0.782609,1.360932,1.287360,0.679466,,,,,,,,GLOBAL_BASELINE_NO_ENTITY_RANKING,,,NOT_APPLICABLE_GLOBAL_BASELINE,HF9g-P5,,,,X 全窗基线 · 不参与实体赏罚,14198748,1420,A168_HF9F_20260827_0900,2026-08-27 09:00:00
2026-05-17,57024343,1947,0,432.5446602362,410.9174272244,410.9174272244,1.0000000,1,1,0.50665070000000000,0.506650700000,0.9867858985152569,0.9867858985152569,0.9867858985152569,0E-17,ELIGIBLE,R03b_20260811_FULL_v1,L1_ELIGIBILITY,v2026-08-11,2026-03-21..2026-08-06,baccarat_bet02_101_all_pairs_incl_sentinel,round_win = game_pnl > 0 (decisive only),COMPATIBILITY_ONLY_NOT_PRODUCTION,4059548.3812,3680416.6879,6656.9809,9707,9692,-0.00163983,0.01249836,-0.00525961,-0.00163983,-6656.9809,4059548.3812,OK,0.0000,266.2792,4.0000,96.0000,AG03-UNRESOLVED,ALL5_LEVELS_bet23_to_bet27,266.2792,266.2792,266.2792,0.0000,0.0000,4.000000,4.000000,4.000000,0.000000,0.000000,96.000000,96.000000,96.000000,100.000000,100.000000,5.0,798.8377,767.3102,5858.1432,5889.6706,PENDING_AG03,FALSE,NOT_FOR_ENFORCEMENT,6390.7016,3533200.0204,6656.9809,6390.7016,266.2792,0.00163983,0.00157424,266.2792,6390.7016,0.00157424,266.2792,266.2792,266.2792,0.0000,0.0000,6390.7016,0.00157424,798.8377,767.3102,5858.1432,5889.6706,0.00144305,0.00145082,0.00006559,418.2083,379.7376,0.6869,61.6387,1.8384,37588.4109,89.7407,538.3845,395.5999,218.4789,430.6076,432.5446,432.5446,1046.441,1081.3617,427.0584,0.0,2.43015,2.511246,0.971205,30,216,96,2,0.20383968,0.00163983,-0.01249836,0E-8,0.000000,0.906607,0.000000,0.01775797,2026-03-22,2026-08-06,108,3621,2443,138,0.782609,1.360932,1.287360,0.679466,,,,,,,,GLOBAL_BASELINE_NO_ENTITY_RANKING,,,NOT_APPLICABLE_GLOBAL_BASELINE,HF9g-P5,,,,X 全窗基线 · 不参与实体赏罚,14198749,1420,A168_HF9F_20260827_0900,2026-08-27 09:00:00
2026-05-17,57024343,1966,0,432.5446602362,410.9174272244,410.9174272244,1.0000000,1,1,0.50665070000000000,0.506650700000,0.9867858985152569,0.9867858985152569,0.9867858985152569,0E-17,ELIGIBLE,R03b_20260811_FULL_v1,L1_ELIGIBILITY,v2026-08-11,2026-03-21..2026-08-06,baccarat_bet02_101_all_pairs_incl_sentinel,round_win = game_pnl > 0 (decisive only),COMPATIBILITY_ONLY_NOT_PRODUCTION,4059548.3812,3680416.6879,6656.9809,9707,9692,-0.00163983,0.01249836,-0.00525961,-0.00163983,-6656.9809,4059548.3812,OK,0.0000,266.2792,4.0000,96.0000,AG03-UNRESOLVED,ALL5_LEVELS_bet23_to_bet27,266.2792,266.2792,266.2792,0.0000,0.0000,4.000000,4.000000,4.000000,0.000000,0.000000,96.000000,96.000000,96.000000,100.000000,100.000000,5.0,798.8377,767.3102,5858.1432,5889.6706,PENDING_AG03,FALSE,NOT_FOR_ENFORCEMENT,6390.7016,3533200.0204,6656.9809,6390.7016,266.2792,0.00163983,0.00157424,266.2792,6390.7016,0.00157424,266.2792,266.2792,266.2792,0.0000,0.0000,6390.7016,0.00157424,798.8377,767.3102,5858.1432,5889.6706,0.00144305,0.00145082,0.00006559,418.2083,379.7376,0.6869,61.6387,1.8384,37588.4109,89.7407,538.3845,395.5999,218.4789,430.6076,432.5446,432.5446,1046.441,1081.3617,427.0584,0.0,2.43015,2.511246,0.971205,30,216,96,2,0.20383968,0.00163983,-0.01249836,0E-8,0.000000,0.906607,0.000000,0.01775797,2026-03-22,2026-08-06,108,3621,2443,138,0.782609,1.360932,1.287360,0.679466,,,,,,,,GLOBAL_BASELINE_NO_ENTITY_RANKING,,,NOT_APPLICABLE_GLOBAL_BASELINE,HF9g-P5,,,,X 全窗基线 · 不参与实体赏罚,14198750,1420,A168_HF9F_20260827_0900,2026-08-27 09:00:00
2026-05-17,57024343,2130,0,865.0893204724,821.8348544488,821.8348544488,1.0000000,2,2,0.50665070000000000,0.506650700000,1.3955260008387969,1.3955260008387969,1.3955260008387969,0E-17,ELIGIBLE,R03b_20260811_FULL_v1,L1_ELIGIBILITY,v2026-08-11,2026-03-21..2026-08-06,baccarat_bet02_101_all_pairs_incl_sentinel,round_win = game_pnl > 0 (decisive only),COMPATIBILITY_ONLY_NOT_PRODUCTION,4059548.3812,3680416.6879,6656.9809,9707,9692,-0.00163983,0.01249836,-0.00525961,-0.00163983,-6656.9809,4059548.3812,OK,0.0000,266.2792,4.0000,96.0000,AG03-UNRESOLVED,ALL5_LEVELS_bet23_to_bet27,266.2792,266.2792,266.2792,0.0000,0.0000,4.000000,4.000000,4.000000,0.000000,0.000000,96.000000,96.000000,96.000000,100.000000,100.000000,5.0,798.8377,767.3102,5858.1432,5889.6706,PENDING_AG03,FALSE,NOT_FOR_ENFORCEMENT,6390.7016,3533200.0204,6656.9809,6390.7016,266.2792,0.00163983,0.00157424,266.2792,6390.7016,0.00157424,266.2792,266.2792,266.2792,0.0000,0.0000,6390.7016,0.00157424,798.8377,767.3102,5858.1432,5889.6706,0.00144305,0.00145082,0.00006559,418.2083,379.7376,0.6869,61.6387,1.8384,37588.4109,89.7407,538.3845,395.5999,218.4789,430.6076,432.5446,432.5446,1046.441,1081.3617,427.0584,0.0,2.43015,2.511246,0.971205,30,216,96,2,0.20383968,0.00163983,-0.01249836,0E-8,0.000000,0.906607,0.000000,0.01775797,2026-03-22,2026-08-06,108,3621,2443,138,0.782609,1.360932,1.287360,0.679466,,,,,,,,GLOBAL_BASELINE_NO_ENTITY_RANKING,,,NOT_APPLICABLE_GLOBAL_BASELINE,HF9g-P5,,,,X 全窗基线 · 不参与实体赏罚,14198751,1420,A168_HF9F_20260827_0900,2026-08-27 09:00:00
2026-05-17,57024343,2153,0,648.8169903543,-648.8169903543,-648.8169903543,0E-7,1,1,0.50665070000000000,0.506650700000,-1.013391052207602,-1.013391052207602,-1.013391052207602,0E-17,ELIGIBLE,R03b_20260811_FULL_v1,L1_ELIGIBILITY,v2026-08-11,2026-03-21..2026-08-06,baccarat_bet02_101_all_pairs_incl_sentinel,round_win = game_pnl > 0 (decisive only),COMPATIBILITY_ONLY_NOT_PRODUCTION,4059548.3812,3680416.6879,6656.9809,9707,9692,-0.00163983,0.01249836,-0.00525961,-0.00163983,-6656.9809,4059548.3812,OK,0.0000,266.2792,4.0000,96.0000,AG03-UNRESOLVED,ALL5_LEVELS_bet23_to_bet27,266.2792,266.2792,266.2792,0.0000,0.0000,4.000000,4.000000,4.000000,0.000000,0.000000,96.000000,96.000000,96.000000,100.000000,100.000000,5.0,798.8377,767.3102,5858.1432,5889.6706,PENDING_AG03,FALSE,NOT_FOR_ENFORCEMENT,6390.7016,3533200.0204,6656.9809,6390.7016,266.2792,0.00163983,0.00157424,266.2792,6390.7016,0.00157424,266.2792,266.2792,266.2792,0.0000,0.0000,6390.7016,0.00157424,798.8377,767.3102,5858.1432,5889.6706,0.00144305,0.00145082,0.00006559,418.2083,379.7376,0.6869,61.6387,1.8384,37588.4109,89.7407,538.3845,395.5999,218.4789,430.6076,432.5446,432.5446,1046.441,1081.3617,427.0584,0.0,2.43015,2.511246,0.971205,30,216,96,2,0.20383968,0.00163983,-0.01249836,0E-8,0.000000,0.906607,0.000000,0.01775797,2026-03-22,2026-08-06,108,3621,2443,138,0.782609,1.360932,1.287360,0.679466,,,,,,,,GLOBAL_BASELINE_NO_ENTITY_RANKING,,,NOT_APPLICABLE_GLOBAL_BASELINE,HF9g-P5,,,,X 全窗基线 · 不参与实体赏罚,14198752,1420,A168_HF9F_20260827_0900,2026-08-27 09:00:00
2026-05-17,57024343,2223,0,1081.3616505904,-1081.3616505904,-1081.3616505904,0E-7,1,1,0.50665070000000000,0.506650700000,-1.013391052207602,-1.013391052207602,-1.013391052207602,0E-17,ELIGIBLE,R03b_20260811_FULL_v1,L1_ELIGIBILITY,v2026-08-11,2026-03-21..2026-08-06,baccarat_bet02_101_all_pairs_incl_sentinel,round_win = game_pnl > 0 (decisive only),COMPATIBILITY_ONLY_NOT_PRODUCTION,4059548.3812,3680416.6879,6656.9809,9707,9692,-0.00163983,0.01249836,-0.00525961,-0.00163983,-6656.9809,4059548.3812,OK,0.0000,266.2792,4.0000,96.0000,AG03-UNRESOLVED,ALL5_LEVELS_bet23_to_bet27,266.2792,266.2792,266.2792,0.0000,0.0000,4.000000,4.000000,4.000000,0.000000,0.000000,96.000000,96.000000,96.000000,100.000000,100.000000,5.0,798.8377,767.3102,5858.1432,5889.6706,PENDING_AG03,FALSE,NOT_FOR_ENFORCEMENT,6390.7016,3533200.0204,6656.9809,6390.7016,266.2792,0.00163983,0.00157424,266.2792,6390.7016,0.00157424,266.2792,266.2792,266.2792,0.0000,0.0000,6390.7016,0.00157424,798.8377,767.3102,5858.1432,5889.6706,0.00144305,0.00145082,0.00006559,418.2083,379.7376,0.6869,61.6387,1.8384,37588.4109,89.7407,538.3845,395.5999,218.4789,430.6076,432.5446,432.5446,1046.441,1081.3617,427.0584,0.0,2.43015,2.511246,0.971205,30,216,96,2,0.20383968,0.00163983,-0.01249836,0E-8,0.000000,0.906607,0.000000,0.01775797,2026-03-22,2026-08-06,108,3621,2443,138,0.782609,1.360932,1.287360,0.679466,,,,,,,,GLOBAL_BASELINE_NO_ENTITY_RANKING,,,NOT_APPLICABLE_GLOBAL_BASELINE,HF9g-P5,,,,X 全窗基线 · 不参与实体赏罚,14198753,1420,A168_HF9F_20260827_0900,2026-08-27 09:00:00
2026-05-17,57024343,2235,0,432.5446602362,432.5446602362,432.5446602362,1.0000000,1,1,0.49324550000000000,0.493245500000,1.01360149184955,1.01360149184955,1.01360149184955,0E-17,ELIGIBLE,R03b_20260811_FULL_v1,L1_ELIGIBILITY,v2026-08-11,2026-03-21..2026-08-06,baccarat_bet02_101_all_pairs_incl_sentinel,round_win = game_pnl > 0 (decisive only),COMPATIBILITY_ONLY_NOT_PRODUCTION,4059548.3812,3680416.6879,6656.9809,9707,9692,-0.00163983,0.01249836,-0.00525961,-0.00163983,-6656.9809,4059548.3812,OK,0.0000,266.2792,4.0000,96.0000,AG03-UNRESOLVED,ALL5_LEVELS_bet23_to_bet27,266.2792,266.2792,266.2792,0.0000,0.0000,4.000000,4.000000,4.000000,0.000000,0.000000,96.000000,96.000000,96.000000,100.000000,100.000000,5.0,798.8377,767.3102,5858.1432,5889.6706,PENDING_AG03,FALSE,NOT_FOR_ENFORCEMENT,6390.7016,3533200.0204,6656.9809,6390.7016,266.2792,0.00163983,0.00157424,266.2792,6390.7016,0.00157424,266.2792,266.2792,266.2792,0.0000,0.0000,6390.7016,0.00157424,798.8377,767.3102,5858.1432,5889.6706,0.00144305,0.00145082,0.00006559,418.2083,379.7376,0.6869,61.6387,1.8384,37588.4109,89.7407,538.3845,395.5999,218.4789,430.6076,432.5446,432.5446,1046.441,1081.3617,427.0584,0.0,2.43015,2.511246,0.971205,30,216,96,2,0.20383968,0.00163983,-0.01249836,0E-8,0.000000,0.906607,0.000000,0.01775797,2026-03-22,2026-08-06,108,3621,2443,138,0.782609,1.360932,1.287360,0.679466,,,,,,,,GLOBAL_BASELINE_NO_ENTITY_RANKING,,,NOT_APPLICABLE_GLOBAL_BASELINE,HF9g-P5,,,,X 全窗基线 · 不参与实体赏罚,14198754,1420,A168_HF9F_20260827_0900,2026-08-27 09:00:00
2026-05-17,57024343,2241,0,11090.2288161252,5291.1133699555,5291.1133699555,0.3333333,4,4,0.50329940000000000,0.503299400000,-0.5887925454369916,-0.5887925454369916,-0.5887925454369916,0E-17,ELIGIBLE,R03b_20260811_FULL_v1,L1_ELIGIBILITY,v2026-08-11,2026-03-21..2026-08-06,baccarat_bet02_101_all_pairs_incl_sentinel,round_win = game_pnl > 0 (decisive only),COMPATIBILITY_ONLY_NOT_PRODUCTION,4059548.3812,3680416.6879,6656.9809,9707,9692,-0.00163983,0.01249836,-0.00525961,-0.00163983,-6656.9809,4059548.3812,OK,0.0000,266.2792,4.0000,96.0000,AG03-UNRESOLVED,ALL5_LEVELS_bet23_to_bet27,266.2792,266.2792,266.2792,0.0000,0.0000,4.000000,4.000000,4.000000,0.000000,0.000000,96.000000,96.000000,96.000000,100.000000,100.000000,5.0,798.8377,767.3102,5858.1432,5889.6706,PENDING_AG03,FALSE,NOT_FOR_ENFORCEMENT,6390.7016,3533200.0204,6656.9809,6390.7016,266.2792,0.00163983,0.00157424,266.2792,6390.7016,0.00157424,266.2792,266.2792,266.2792,0.0000,0.0000,6390.7016,0.00157424,798.8377,767.3102,5858.1432,5889.6706,0.00144305,0.00145082,0.00006559,418.2083,379.7376,0.6869,61.6387,1.8384,37588.4109,89.7407,538.3845,395.5999,218.4789,430.6076,432.5446,432.5446,1046.441,1081.3617,427.0584,0.0,2.43015,2.511246,0.971205,30,216,96,2,0.20383968,0.00163983,-0.01249836,0E-8,0.000000,0.906607,0.000000,0.01775797,2026-03-22,2026-08-06,108,3621,2443,138,0.782609,1.360932,1.287360,0.679466,,,,,,,,GLOBAL_BASELINE_NO_ENTITY_RANKING,,,NOT_APPLICABLE_GLOBAL_BASELINE,HF9g-P5,,,,X 全窗基线 · 不参与实体赏罚,14198755,1420,A168_HF9F_20260827_0900,2026-08-27 09:00:00
2026-05-17,57024343,2242,0,1081.3616505904,1081.3616505904,1081.3616505904,1.0000000,1,1,0.49324550000000000,0.493245500000,1.01360149184955,1.01360149184955,1.01360149184955,0E-17,ELIGIBLE,R03b_20260811_FULL_v1,L1_ELIGIBILITY,v2026-08-11,2026-03-21..2026-08-06,baccarat_bet02_101_all_pairs_incl_sentinel,round_win = game_pnl > 0 (decisive only),COMPATIBILITY_ONLY_NOT_PRODUCTION,4059548.3812,3680416.6879,6656.9809,9707,9692,-0.00163983,0.01249836,-0.00525961,-0.00163983,-6656.9809,4059548.3812,OK,0.0000,266.2792,4.0000,96.0000,AG03-UNRESOLVED,ALL5_LEVELS_bet23_to_bet27,266.2792,266.2792,266.2792,0.0000,0.0000,4.000000,4.000000,4.000000,0.000000,0.000000,96.000000,96.000000,96.000000,100.000000,100.000000,5.0,798.8377,767.3102,5858.1432,5889.6706,PENDING_AG03,FALSE,NOT_FOR_ENFORCEMENT,6390.7016,3533200.0204,6656.9809,6390.7016,266.2792,0.00163983,0.00157424,266.2792,6390.7016,0.00157424,266.2792,266.2792,266.2792,0.0000,0.0000,6390.7016,0.00157424,798.8377,767.3102,5858.1432,5889.6706,0.00144305,0.00145082,0.00006559,418.2083,379.7376,0.6869,61.6387,1.8384,37588.4109,89.7407,538.3845,395.5999,218.4789,430.6076,432.5446,432.5446,1046.441,1081.3617,427.0584,0.0,2.43015,2.511246,0.971205,30,216,96,2,0.20383968,0.00163983,-0.01249836,0E-8,0.000000,0.906607,0.000000,0.01775797,2026-03-22,2026-08-06,108,3621,2443,138,0.782609,1.360932,1.287360,0.679466,,,,,,,,GLOBAL_BASELINE_NO_ENTITY_RANKING,,,NOT_APPLICABLE_GLOBAL_BASELINE,HF9g-P5,,,,X 全窗基线 · 不参与实体赏罚,14198756,1420,A168_HF9F_20260827_0900,2026-08-27 09:00:00
2026-05-17,57024343,2250,0,865.0893204724,-865.0893204724,-865.0893204724,0E-7,2,2,0.49994810000000000,0.499948100000,-1.4140667746232096,-1.4140667746232096,-1.4140667746232096,0E-17,ELIGIBLE,R03b_20260811_FULL_v1,L1_ELIGIBILITY,v2026-08-11,2026-03-21..2026-08-06,baccarat_bet02_101_all_pairs_incl_sentinel,round_win = game_pnl > 0 (decisive only),COMPATIBILITY_ONLY_NOT_PRODUCTION,4059548.3812,3680416.6879,6656.9809,9707,9692,-0.00163983,0.01249836,-0.00525961,-0.00163983,-6656.9809,4059548.3812,OK,0.0000,266.2792,4.0000,96.0000,AG03-UNRESOLVED,ALL5_LEVELS_bet23_to_bet27,266.2792,266.2792,266.2792,0.0000,0.0000,4.000000,4.000000,4.000000,0.000000,0.000000,96.000000,96.000000,96.000000,100.000000,100.000000,5.0,798.8377,767.3102,5858.1432,5889.6706,PENDING_AG03,FALSE,NOT_FOR_ENFORCEMENT,6390.7016,3533200.0204,6656.9809,6390.7016,266.2792,0.00163983,0.00157424,266.2792,6390.7016,0.00157424,266.2792,266.2792,266.2792,0.0000,0.0000,6390.7016,0.00157424,798.8377,767.3102,5858.1432,5889.6706,0.00144305,0.00145082,0.00006559,418.2083,379.7376,0.6869,61.6387,1.8384,37588.4109,89.7407,538.3845,395.5999,218.4789,430.6076,432.5446,432.5446,1046.441,1081.3617,427.0584,0.0,2.43015,2.511246,0.971205,30,216,96,2,0.20383968,0.00163983,-0.01249836,0E-8,0.000000,0.906607,0.000000,0.01775797,2026-03-22,2026-08-06,108,3621,2443,138,0.782609,1.360932,1.287360,0.679466,,,,,,,,GLOBAL_BASELINE_NO_ENTITY_RANKING,,,NOT_APPLICABLE_GLOBAL_BASELINE,HF9g-P5,,,,X 全窗基线 · 不参与实体赏罚,14198757,1420,A168_HF9F_20260827_0900,2026-08-27 09:00:00
2026-05-17,57024343,2251,0,648.8169903543,0E-10,0E-10,,1,1,0.50665070000000000,0.506650700000,,,,0E-17,NO_DECISIVE_ROUND,R03b_20260811_FULL_v1,L1_ELIGIBILITY,v2026-08-11,2026-03-21..2026-08-06,baccarat_bet02_101_all_pairs_incl_sentinel,round_win = game_pnl > 0 (decisive only),COMPATIBILITY_ONLY_NOT_PRODUCTION,4059548.3812,3680416.6879,6656.9809,9707,9692,-0.00163983,0.01249836,-0.00525961,-0.00163983,-6656.9809,4059548.3812,OK,0.0000,266.2792,4.0000,96.0000,AG03-UNRESOLVED,ALL5_LEVELS_bet23_to_bet27,266.2792,266.2792,266.2792,0.0000,0.0000,4.000000,4.000000,4.000000,0.000000,0.000000,96.000000,96.000000,96.000000,100.000000,100.000000,5.0,798.8377,767.3102,5858.1432,5889.6706,PENDING_AG03,FALSE,NOT_FOR_ENFORCEMENT,6390.7016,3533200.0204,6656.9809,6390.7016,266.2792,0.00163983,0.00157424,266.2792,6390.7016,0.00157424,266.2792,266.2792,266.2792,0.0000,0.0000,6390.7016,0.00157424,798.8377,767.3102,5858.1432,5889.6706,0.00144305,0.00145082,0.00006559,418.2083,379.7376,0.6869,61.6387,1.8384,37588.4109,89.7407,538.3845,395.5999,218.4789,430.6076,432.5446,432.5446,1046.441,1081.3617,427.0584,0.0,2.43015,2.511246,0.971205,30,216,96,2,0.20383968,0.00163983,-0.01249836,0E-8,0.000000,0.906607,0.000000,0.01775797,2026-03-22,2026-08-06,108,3621,2443,138,0.782609,1.360932,1.287360,0.679466,,,,,,,,GLOBAL_BASELINE_NO_ENTITY_RANKING,,,NOT_APPLICABLE_GLOBAL_BASELINE,HF9g-P5,,,,X 全窗基线 · 不参与实体赏罚,14198758,1420,A168_HF9F_20260827_0900,2026-08-27 09:00:00
2026-05-17,57024343,2256,0,3244.0849517712,973.2254855314,973.2254855314,0.5000000,2,2,0.50665070000000000,0.506650700000,-0.018812684590367487,-0.018812684590367487,-0.018812684590367487,0E-17,ELIGIBLE,R03b_20260811_FULL_v1,L1_ELIGIBILITY,v2026-08-11,2026-03-21..2026-08-06,baccarat_bet02_101_all_pairs_incl_sentinel,round_win = game_pnl > 0 (decisive only),COMPATIBILITY_ONLY_NOT_PRODUCTION,4059548.3812,3680416.6879,6656.9809,9707,9692,-0.00163983,0.01249836,-0.00525961,-0.00163983,-6656.9809,4059548.3812,OK,0.0000,266.2792,4.0000,96.0000,AG03-UNRESOLVED,ALL5_LEVELS_bet23_to_bet27,266.2792,266.2792,266.2792,0.0000,0.0000,4.000000,4.000000,4.000000,0.000000,0.000000,96.000000,96.000000,96.000000,100.000000,100.000000,5.0,798.8377,767.3102,5858.1432,5889.6706,PENDING_AG03,FALSE,NOT_FOR_ENFORCEMENT,6390.7016,3533200.0204,6656.9809,6390.7016,266.2792,0.00163983,0.00157424,266.2792,6390.7016,0.00157424,266.2792,266.2792,266.2792,0.0000,0.0000,6390.7016,0.00157424,798.8377,767.3102,5858.1432,5889.6706,0.00144305,0.00145082,0.00006559,418.2083,379.7376,0.6869,61.6387,1.8384,37588.4109,89.7407,538.3845,395.5999,218.4789,430.6076,432.5446,432.5446,1046.441,1081.3617,427.0584,0.0,2.43015,2.511246,0.971205,30,216,96,2,0.20383968,0.00163983,-0.01249836,0E-8,0.000000,0.906607,0.000000,0.01775797,2026-03-22,2026-08-06,108,3621,2443,138,0.782609,1.360932,1.287360,0.679466,,,,,,,,GLOBAL_BASELINE_NO_ENTITY_RANKING,,,NOT_APPLICABLE_GLOBAL_BASELINE,HF9g-P5,,,,X 全窗基线 · 不参与实体赏罚,14198759,1420,A168_HF9F_20260827_0900,2026-08-27 09:00:00
2026-05-17,57024343,2267,0,432.5446602362,0E-10,0E-10,,1,1,0.50665070000000000,0.506650700000,,,,0E-17,NO_DECISIVE_ROUND,R03b_20260811_FULL_v1,L1_ELIGIBILITY,v2026-08-11,2026-03-21..2026-08-06,baccarat_bet02_101_all_pairs_incl_sentinel,round_win = game_pnl > 0 (decisive only),COMPATIBILITY_ONLY_NOT_PRODUCTION,4059548.3812,3680416.6879,6656.9809,9707,9692,-0.00163983,0.01249836,-0.00525961,-0.00163983,-6656.9809,4059548.3812,OK,0.0000,266.2792,4.0000,96.0000,AG03-UNRESOLVED,ALL5_LEVELS_bet23_to_bet27,266.2792,266.2792,266.2792,0.0000,0.0000,4.000000,4.000000,4.000000,0.000000,0.000000,96.000000,96.000000,96.000000,100.000000,100.000000,5.0,798.8377,767.3102,5858.1432,5889.6706,PENDING_AG03,FALSE,NOT_FOR_ENFORCEMENT,6390.7016,3533200.0204,6656.9809,6390.7016,266.2792,0.00163983,0.00157424,266.2792,6390.7016,0.00157424,266.2792,266.2792,266.2792,0.0000,0.0000,6390.7016,0.00157424,798.8377,767.3102,5858.1432,5889.6706,0.00144305,0.00145082,0.00006559,418.2083,379.7376,0.6869,61.6387,1.8384,37588.4109,89.7407,538.3845,395.5999,218.4789,430.6076,432.5446,432.5446,1046.441,1081.3617,427.0584,0.0,2.43015,2.511246,0.971205,30,216,96,2,0.20383968,0.00163983,-0.01249836,0E-8,0.000000,0.906607,0.000000,0.01775797,2026-03-22,2026-08-06,108,3621,2443,138,0.782609,1.360932,1.287360,0.679466,,,,,,,,GLOBAL_BASELINE_NO_ENTITY_RANKING,,,NOT_APPLICABLE_GLOBAL_BASELINE,HF9g-P5,,,,X 全窗基线 · 不参与实体赏罚,14198760,1420,A168_HF9F_20260827_0900,2026-08-27 09:00:00
2026-05-17,57024343,529,0,865.0893204724,-21.6272330118,-21.6272330118,0.5000000,2,2,0.50665070000000000,0.506650700000,-0.018812684590367487,-0.018812684590367487,-0.018812684590367487,0E-17,ELIGIBLE,R03b_20260811_FULL_v1,L1_ELIGIBILITY,v2026-08-11,2026-03-21..2026-08-06,baccarat_bet02_101_all_pairs_incl_sentinel,round_win = game_pnl > 0 (decisive only),COMPATIBILITY_ONLY_NOT_PRODUCTION,4059548.3812,3680416.6879,6656.9809,9707,9692,-0.00163983,0.01249836,-0.00525961,-0.00163983,-6656.9809,4059548.3812,OK,0.0000,266.2792,4.0000,96.0000,AG03-UNRESOLVED,ALL5_LEVELS_bet23_to_bet27,266.2792,266.2792,266.2792,0.0000,0.0000,4.000000,4.000000,4.000000,0.000000,0.000000,96.000000,96.000000,96.000000,100.000000,100.000000,5.0,798.8377,767.3102,5858.1432,5889.6706,PENDING_AG03,FALSE,NOT_FOR_ENFORCEMENT,6390.7016,3533200.0204,6656.9809,6390.7016,266.2792,0.00163983,0.00157424,266.2792,6390.7016,0.00157424,266.2792,266.2792,266.2792,0.0000,0.0000,6390.7016,0.00157424,798.8377,767.3102,5858.1432,5889.6706,0.00144305,0.00145082,0.00006559,418.2083,379.7376,0.6869,61.6387,1.8384,37588.4109,89.7407,538.3845,395.5999,218.4789,430.6076,432.5446,432.5446,1046.441,1081.3617,427.0584,0.0,2.43015,2.511246,0.971205,30,216,96,2,0.20383968,0.00163983,-0.01249836,0E-8,0.000000,0.906607,0.000000,0.01775797,2026-03-22,2026-08-06,108,3621,2443,138,0.782609,1.360932,1.287360,0.679466,,,,,,,,GLOBAL_BASELINE_NO_ENTITY_RANKING,,,NOT_APPLICABLE_GLOBAL_BASELINE,HF9g-P5,,,,X 全窗基线 · 不参与实体赏罚,14198761,1420,A168_HF9F_20260827_0900,2026-08-27 09:00:00
2026-05-20,57024343,-1,1,6920.7145637790,-1427.3973787794,-1427.3973787794,0.3846154,14,14,0.50569318571428571,0.505693185714,-0.8731610446262534,-0.8731610446241874,-0.8731610446262534,2.8571E-13,SENTINEL_DEALER,R03b_20260811_FULL_v1,L1_ELIGIBILITY,v2026-08-11,2026-03-21..2026-08-06,baccarat_bet02_101_all_pairs_incl_sentinel,round_win = game_pnl > 0 (decisive only),COMPATIBILITY_ONLY_NOT_PRODUCTION,4059548.3812,3680416.6879,6656.9809,9707,9692,-0.00163983,0.01249836,-0.00525961,-0.00163983,-6656.9809,4059548.3812,OK,0.0000,266.2792,4.0000,96.0000,AG03-UNRESOLVED,ALL5_LEVELS_bet23_to_bet27,266.2792,266.2792,266.2792,0.0000,0.0000,4.000000,4.000000,4.000000,0.000000,0.000000,96.000000,96.000000,96.000000,100.000000,100.000000,5.0,798.8377,767.3102,5858.1432,5889.6706,PENDING_AG03,FALSE,NOT_FOR_ENFORCEMENT,6390.7016,3533200.0204,6656.9809,6390.7016,266.2792,0.00163983,0.00157424,266.2792,6390.7016,0.00157424,266.2792,266.2792,266.2792,0.0000,0.0000,6390.7016,0.00157424,798.8377,767.3102,5858.1432,5889.6706,0.00144305,0.00145082,0.00006559,418.2083,379.7376,0.6869,61.6387,1.8384,37588.4109,89.7407,538.3845,395.5999,218.4789,430.6076,432.5446,432.5446,1046.441,1081.3617,427.0584,0.0,2.43015,2.511246,0.971205,30,216,96,2,0.20383968,0.00163983,-0.01249836,0E-8,0.000000,0.906607,0.000000,0.01775797,2026-03-22,2026-08-06,108,3621,2443,138,0.782609,1.360932,1.287360,0.679466,,,,,,,,GLOBAL_BASELINE_NO_ENTITY_RANKING,,,NOT_APPLICABLE_GLOBAL_BASELINE,HF9g-P5,,,,X 全窗基线 · 不参与实体赏罚,14198762,1420,A168_HF9F_20260827_0900,2026-08-27 09:00:00
2026-05-20,57024343,1078,0,1513.9063108267,173.0178640945,173.0178640945,0.6666667,3,3,0.50665070000000000,0.506650700000,0.5543606114942035,0.5543606114942035,0.5543606114942035,0E-17,ELIGIBLE,R03b_20260811_FULL_v1,L1_ELIGIBILITY,v2026-08-11,2026-03-21..2026-08-06,baccarat_bet02_101_all_pairs_incl_sentinel,round_win = game_pnl > 0 (decisive only),COMPATIBILITY_ONLY_NOT_PRODUCTION,4059548.3812,3680416.6879,6656.9809,9707,9692,-0.00163983,0.01249836,-0.00525961,-0.00163983,-6656.9809,4059548.3812,OK,0.0000,266.2792,4.0000,96.0000,AG03-UNRESOLVED,ALL5_LEVELS_bet23_to_bet27,266.2792,266.2792,266.2792,0.0000,0.0000,4.000000,4.000000,4.000000,0.000000,0.000000,96.000000,96.000000,96.000000,100.000000,100.000000,5.0,798.8377,767.3102,5858.1432,5889.6706,PENDING_AG03,FALSE,NOT_FOR_ENFORCEMENT,6390.7016,3533200.0204,6656.9809,6390.7016,266.2792,0.00163983,0.00157424,266.2792,6390.7016,0.00157424,266.2792,266.2792,266.2792,0.0000,0.0000,6390.7016,0.00157424,798.8377,767.3102,5858.1432,5889.6706,0.00144305,0.00145082,0.00006559,418.2083,379.7376,0.6869,61.6387,1.8384,37588.4109,89.7407,538.3845,395.5999,218.4789,430.6076,432.5446,432.5446,1046.441,1081.3617,427.0584,0.0,2.43015,2.511246,0.971205,30,216,96,2,0.20383968,0.00163983,-0.01249836,0E-8,0.000000,0.906607,0.000000,0.01775797,2026-03-22,2026-08-06,108,3621,2443,138,0.782609,1.360932,1.287360,0.679466,,,,,,,,GLOBAL_BASELINE_NO_ENTITY_RANKING,,,NOT_APPLICABLE_GLOBAL_BASELINE,HF9g-P5,,,,X 全窗基线 · 不参与实体赏罚,14198763,1420,A168_HF9F_20260827_0900,2026-08-27 09:00:00
2026-05-20,57024343,1108,0,865.0893204724,-21.6272330118,-21.6272330118,0.5000000,2,2,0.49994810000000000,0.499948100000,0.00014679536856514622,0.00014679536856514622,0.00014679536856514622,0E-17,ELIGIBLE,R03b_20260811_FULL_v1,L1_ELIGIBILITY,v2026-08-11,2026-03-21..2026-08-06,baccarat_bet02_101_all_pairs_incl_sentinel,round_win = game_pnl > 0 (decisive only),COMPATIBILITY_ONLY_NOT_PRODUCTION,4059548.3812,3680416.6879,6656.9809,9707,9692,-0.00163983,0.01249836,-0.00525961,-0.00163983,-6656.9809,4059548.3812,OK,0.0000,266.2792,4.0000,96.0000,AG03-UNRESOLVED,ALL5_LEVELS_bet23_to_bet27,266.2792,266.2792,266.2792,0.0000,0.0000,4.000000,4.000000,4.000000,0.000000,0.000000,96.000000,96.000000,96.000000,100.000000,100.000000,5.0,798.8377,767.3102,5858.1432,5889.6706,PENDING_AG03,FALSE,NOT_FOR_ENFORCEMENT,6390.7016,3533200.0204,6656.9809,6390.7016,266.2792,0.00163983,0.00157424,266.2792,6390.7016,0.00157424,266.2792,266.2792,266.2792,0.0000,0.0000,6390.7016,0.00157424,798.8377,767.3102,5858.1432,5889.6706,0.00144305,0.00145082,0.00006559,418.2083,379.7376,0.6869,61.6387,1.8384,37588.4109,89.7407,538.3845,395.5999,218.4789,430.6076,432.5446,432.5446,1046.441,1081.3617,427.0584,0.0,2.43015,2.511246,0.971205,30,216,96,2,0.20383968,0.00163983,-0.01249836,0E-8,0.000000,0.906607,0.000000,0.01775797,2026-03-22,2026-08-06,108,3621,2443,138,0.782609,1.360932,1.287360,0.679466,,,,,,,,GLOBAL_BASELINE_NO_ENTITY_RANKING,,,NOT_APPLICABLE_GLOBAL_BASELINE,HF9g-P5,,,,X 全窗基线 · 不参与实体赏罚,14198764,1420,A168_HF9F_20260827_0900,2026-08-27 09:00:00
2026-05-20,57024343,1304,0,865.0893204724,-865.0893204724,-865.0893204724,0E-7,2,2,0.49994810000000000,0.499948100000,-1.4140667746232096,-1.4140667746232096,-1.4140667746232096,0E-17,ELIGIBLE,R03b_20260811_FULL_v1,L1_ELIGIBILITY,v2026-08-11,2026-03-21..2026-08-06,baccarat_bet02_101_all_pairs_incl_sentinel,round_win = game_pnl > 0 (decisive only),COMPATIBILITY_ONLY_NOT_PRODUCTION,4059548.3812,3680416.6879,6656.9809,9707,9692,-0.00163983,0.01249836,-0.00525961,-0.00163983,-6656.9809,4059548.3812,OK,0.0000,266.2792,4.0000,96.0000,AG03-UNRESOLVED,ALL5_LEVELS_bet23_to_bet27,266.2792,266.2792,266.2792,0.0000,0.0000,4.000000,4.000000,4.000000,0.000000,0.000000,96.000000,96.000000,96.000000,100.000000,100.000000,5.0,798.8377,767.3102,5858.1432,5889.6706,PENDING_AG03,FALSE,NOT_FOR_ENFORCEMENT,6390.7016,3533200.0204,6656.9809,6390.7016,266.2792,0.00163983,0.00157424,266.2792,6390.7016,0.00157424,266.2792,266.2792,266.2792,0.0000,0.0000,6390.7016,0.00157424,798.8377,767.3102,5858.1432,5889.6706,0.00144305,0.00145082,0.00006559,418.2083,379.7376,0.6869,61.6387,1.8384,37588.4109,89.7407,538.3845,395.5999,218.4789,430.6076,432.5446,432.5446,1046.441,1081.3617,427.0584,0.0,2.43015,2.511246,0.971205,30,216,96,2,0.20383968,0.00163983,-0.01249836,0E-8,0.000000,0.906607,0.000000,0.01775797,2026-03-22,2026-08-06,108,3621,2443,138,0.782609,1.360932,1.287360,0.679466,,,,,,,,GLOBAL_BASELINE_NO_ENTITY_RANKING,,,NOT_APPLICABLE_GLOBAL_BASELINE,HF9g-P5,,,,X 全窗基线 · 不参与实体赏罚,14198765,1420,A168_HF9F_20260827_0900,2026-08-27 09:00:00
2026-05-20,57024343,1307,0,1297.6339807086,-865.0893204724,-865.0893204724,0E-7,3,3,0.50665070000000000,0.506650700000,-1.4331513700195317,-1.4331513700195317,-1.4331513700195317,0E-17,ELIGIBLE,R03b_20260811_FULL_v1,L1_ELIGIBILITY,v2026-08-11,2026-03-21..2026-08-06,baccarat_bet02_101_all_pairs_incl_sentinel,round_win = game_pnl > 0 (decisive only),COMPATIBILITY_ONLY_NOT_PRODUCTION,4059548.3812,3680416.6879,6656.9809,9707,9692,-0.00163983,0.01249836,-0.00525961,-0.00163983,-6656.9809,4059548.3812,OK,0.0000,266.2792,4.0000,96.0000,AG03-UNRESOLVED,ALL5_LEVELS_bet23_to_bet27,266.2792,266.2792,266.2792,0.0000,0.0000,4.000000,4.000000,4.000000,0.000000,0.000000,96.000000,96.000000,96.000000,100.000000,100.000000,5.0,798.8377,767.3102,5858.1432,5889.6706,PENDING_AG03,FALSE,NOT_FOR_ENFORCEMENT,6390.7016,3533200.0204,6656.9809,6390.7016,266.2792,0.00163983,0.00157424,266.2792,6390.7016,0.00157424,266.2792,266.2792,266.2792,0.0000,0.0000,6390.7016,0.00157424,798.8377,767.3102,5858.1432,5889.6706,0.00144305,0.00145082,0.00006559,418.2083,379.7376,0.6869,61.6387,1.8384,37588.4109,89.7407,538.3845,395.5999,218.4789,430.6076,432.5446,432.5446,1046.441,1081.3617,427.0584,0.0,2.43015,2.511246,0.971205,30,216,96,2,0.20383968,0.00163983,-0.01249836,0E-8,0.000000,0.906607,0.000000,0.01775797,2026-03-22,2026-08-06,108,3621,2443,138,0.782609,1.360932,1.287360,0.679466,,,,,,,,GLOBAL_BASELINE_NO_ENTITY_RANKING,,,NOT_APPLICABLE_GLOBAL_BASELINE,HF9g-P5,,,,X 全窗基线 · 不参与实体赏罚,14198766,1420,A168_HF9F_20260827_0900,2026-08-27 09:00:00
2026-05-20,57024343,1353,0,1081.3616505905,-237.8995631299,-237.8995631299,0.3333333,3,3,0.50218230000000000,0.502182300000,-0.5849155494134425,-0.5849155494134426,-0.5849155494134425,0E-17,ELIGIBLE,R03b_20260811_FULL_v1,L1_ELIGIBILITY,v2026-08-11,2026-03-21..2026-08-06,baccarat_bet02_101_all_pairs_incl_sentinel,round_win = game_pnl > 0 (decisive only),COMPATIBILITY_ONLY_NOT_PRODUCTION,4059548.3812,3680416.6879,6656.9809,9707,9692,-0.00163983,0.01249836,-0.00525961,-0.00163983,-6656.9809,4059548.3812,OK,0.0000,266.2792,4.0000,96.0000,AG03-UNRESOLVED,ALL5_LEVELS_bet23_to_bet27,266.2792,266.2792,266.2792,0.0000,0.0000,4.000000,4.000000,4.000000,0.000000,0.000000,96.000000,96.000000,96.000000,100.000000,100.000000,5.0,798.8377,767.3102,5858.1432,5889.6706,PENDING_AG03,FALSE,NOT_FOR_ENFORCEMENT,6390.7016,3533200.0204,6656.9809,6390.7016,266.2792,0.00163983,0.00157424,266.2792,6390.7016,0.00157424,266.2792,266.2792,266.2792,0.0000,0.0000,6390.7016,0.00157424,798.8377,767.3102,5858.1432,5889.6706,0.00144305,0.00145082,0.00006559,418.2083,379.7376,0.6869,61.6387,1.8384,37588.4109,89.7407,538.3845,395.5999,218.4789,430.6076,432.5446,432.5446,1046.441,1081.3617,427.0584,0.0,2.43015,2.511246,0.971205,30,216,96,2,0.20383968,0.00163983,-0.01249836,0E-8,0.000000,0.906607,0.000000,0.01775797,2026-03-22,2026-08-06,108,3621,2443,138,0.782609,1.360932,1.287360,0.679466,,,,,,,,GLOBAL_BASELINE_NO_ENTITY_RANKING,,,NOT_APPLICABLE_GLOBAL_BASELINE,HF9g-P5,,,,X 全窗基线 · 不参与实体赏罚,14198767,1420,A168_HF9F_20260827_0900,2026-08-27 09:00:00
2026-05-20,57024343,1396,0,1730.1786409448,-43.2544660236,-43.2544660236,0.5000000,4,4,0.50665070000000000,0.506650700000,-0.02660515369234503,-0.02660515369234503,-0.02660515369234503,0E-17,ELIGIBLE,R03b_20260811_FULL_v1,L1_ELIGIBILITY,v2026-08-11,2026-03-21..2026-08-06,baccarat_bet02_101_all_pairs_incl_sentinel,round_win = game_pnl > 0 (decisive only),COMPATIBILITY_ONLY_NOT_PRODUCTION,4059548.3812,3680416.6879,6656.9809,9707,9692,-0.00163983,0.01249836,-0.00525961,-0.00163983,-6656.9809,4059548.3812,OK,0.0000,266.2792,4.0000,96.0000,AG03-UNRESOLVED,ALL5_LEVELS_bet23_to_bet27,266.2792,266.2792,266.2792,0.0000,0.0000,4.000000,4.000000,4.000000,0.000000,0.000000,96.000000,96.000000,96.000000,100.000000,100.000000,5.0,798.8377,767.3102,5858.1432,5889.6706,PENDING_AG03,FALSE,NOT_FOR_ENFORCEMENT,6390.7016,3533200.0204,6656.9809,6390.7016,266.2792,0.00163983,0.00157424,266.2792,6390.7016,0.00157424,266.2792,266.2792,266.2792,0.0000,0.0000,6390.7016,0.00157424,798.8377,767.3102,5858.1432,5889.6706,0.00144305,0.00145082,0.00006559,418.2083,379.7376,0.6869,61.6387,1.8384,37588.4109,89.7407,538.3845,395.5999,218.4789,430.6076,432.5446,432.5446,1046.441,1081.3617,427.0584,0.0,2.43015,2.511246,0.971205,30,216,96,2,0.20383968,0.00163983,-0.01249836,0E-8,0.000000,0.906607,0.000000,0.01775797,2026-03-22,2026-08-06,108,3621,2443,138,0.782609,1.360932,1.287360,0.679466,,,,,,,,GLOBAL_BASELINE_NO_ENTITY_RANKING,,,NOT_APPLICABLE_GLOBAL_BASELINE,HF9g-P5,,,,X 全窗基线 · 不参与实体赏罚,14198768,1420,A168_HF9F_20260827_0900,2026-08-27 09:00:00
2026-05-20,57024343,1399,0,865.0893204724,-432.5446602362,-432.5446602362,0E-7,2,2,0.50665070000000000,0.506650700000,-1.013391052207602,-1.013391052207602,-1.013391052207602,0E-17,ELIGIBLE,R03b_20260811_FULL_v1,L1_ELIGIBILITY,v2026-08-11,2026-03-21..2026-08-06,baccarat_bet02_101_all_pairs_incl_sentinel,round_win = game_pnl > 0 (decisive only),COMPATIBILITY_ONLY_NOT_PRODUCTION,4059548.3812,3680416.6879,6656.9809,9707,9692,-0.00163983,0.01249836,-0.00525961,-0.00163983,-6656.9809,4059548.3812,OK,0.0000,266.2792,4.0000,96.0000,AG03-UNRESOLVED,ALL5_LEVELS_bet23_to_bet27,266.2792,266.2792,266.2792,0.0000,0.0000,4.000000,4.000000,4.000000,0.000000,0.000000,96.000000,96.000000,96.000000,100.000000,100.000000,5.0,798.8377,767.3102,5858.1432,5889.6706,PENDING_AG03,FALSE,NOT_FOR_ENFORCEMENT,6390.7016,3533200.0204,6656.9809,6390.7016,266.2792,0.00163983,0.00157424,266.2792,6390.7016,0.00157424,266.2792,266.2792,266.2792,0.0000,0.0000,6390.7016,0.00157424,798.8377,767.3102,5858.1432,5889.6706,0.00144305,0.00145082,0.00006559,418.2083,379.7376,0.6869,61.6387,1.8384,37588.4109,89.7407,538.3845,395.5999,218.4789,430.6076,432.5446,432.5446,1046.441,1081.3617,427.0584,0.0,2.43015,2.511246,0.971205,30,216,96,2,0.20383968,0.00163983,-0.01249836,0E-8,0.000000,0.906607,0.000000,0.01775797,2026-03-22,2026-08-06,108,3621,2443,138,0.782609,1.360932,1.287360,0.679466,,,,,,,,GLOBAL_BASELINE_NO_ENTITY_RANKING,,,NOT_APPLICABLE_GLOBAL_BASELINE,HF9g-P5,,,,X 全窗基线 · 不参与实体赏罚,14198769,1420,A168_HF9F_20260827_0900,2026-08-27 09:00:00
2026-05-20,57024343,1400,0,2162.7233011810,-475.7991262598,-475.7991262598,0.4000000,5,5,0.50128862000000000,0.501288620000,-0.4529779837142727,-0.4529779837142727,-0.4529779837142727,0E-17,ELIGIBLE,R03b_20260811_FULL_v1,L1_ELIGIBILITY,v2026-08-11,2026-03-21..2026-08-06,baccarat_bet02_101_all_pairs_incl_sentinel,round_win = game_pnl > 0 (decisive only),COMPATIBILITY_ONLY_NOT_PRODUCTION,4059548.3812,3680416.6879,6656.9809,9707,9692,-0.00163983,0.01249836,-0.00525961,-0.00163983,-6656.9809,4059548.3812,OK,0.0000,266.2792,4.0000,96.0000,AG03-UNRESOLVED,ALL5_LEVELS_bet23_to_bet27,266.2792,266.2792,266.2792,0.0000,0.0000,4.000000,4.000000,4.000000,0.000000,0.000000,96.000000,96.000000,96.000000,100.000000,100.000000,5.0,798.8377,767.3102,5858.1432,5889.6706,PENDING_AG03,FALSE,NOT_FOR_ENFORCEMENT,6390.7016,3533200.0204,6656.9809,6390.7016,266.2792,0.00163983,0.00157424,266.2792,6390.7016,0.00157424,266.2792,266.2792,266.2792,0.0000,0.0000,6390.7016,0.00157424,798.8377,767.3102,5858.1432,5889.6706,0.00144305,0.00145082,0.00006559,418.2083,379.7376,0.6869,61.6387,1.8384,37588.4109,89.7407,538.3845,395.5999,218.4789,430.6076,432.5446,432.5446,1046.441,1081.3617,427.0584,0.0,2.43015,2.511246,0.971205,30,216,96,2,0.20383968,0.00163983,-0.01249836,0E-8,0.000000,0.906607,0.000000,0.01775797,2026-03-22,2026-08-06,108,3621,2443,138,0.782609,1.360932,1.287360,0.679466,,,,,,,,GLOBAL_BASELINE_NO_ENTITY_RANKING,,,NOT_APPLICABLE_GLOBAL_BASELINE,HF9g-P5,,,,X 全窗基线 · 不参与实体赏罚,14198770,1420,A168_HF9F_20260827_0900,2026-08-27 09:00:00
2026-05-20,57024343,1957,0,865.0893204724,432.5446602362,432.5446602362,1.0000000,2,2,0.49994810000000000,0.499948100000,1.0001038053877793,1.0001038053877793,1.0001038053877793,0E-17,ELIGIBLE,R03b_20260811_FULL_v1,L1_ELIGIBILITY,v2026-08-11,2026-03-21..2026-08-06,baccarat_bet02_101_all_pairs_incl_sentinel,round_win = game_pnl > 0 (decisive only),COMPATIBILITY_ONLY_NOT_PRODUCTION,4059548.3812,3680416.6879,6656.9809,9707,9692,-0.00163983,0.01249836,-0.00525961,-0.00163983,-6656.9809,4059548.3812,OK,0.0000,266.2792,4.0000,96.0000,AG03-UNRESOLVED,ALL5_LEVELS_bet23_to_bet27,266.2792,266.2792,266.2792,0.0000,0.0000,4.000000,4.000000,4.000000,0.000000,0.000000,96.000000,96.000000,96.000000,100.000000,100.000000,5.0,798.8377,767.3102,5858.1432,5889.6706,PENDING_AG03,FALSE,NOT_FOR_ENFORCEMENT,6390.7016,3533200.0204,6656.9809,6390.7016,266.2792,0.00163983,0.00157424,266.2792,6390.7016,0.00157424,266.2792,266.2792,266.2792,0.0000,0.0000,6390.7016,0.00157424,798.8377,767.3102,5858.1432,5889.6706,0.00144305,0.00145082,0.00006559,418.2083,379.7376,0.6869,61.6387,1.8384,37588.4109,89.7407,538.3845,395.5999,218.4789,430.6076,432.5446,432.5446,1046.441,1081.3617,427.0584,0.0,2.43015,2.511246,0.971205,30,216,96,2,0.20383968,0.00163983,-0.01249836,0E-8,0.000000,0.906607,0.000000,0.01775797,2026-03-22,2026-08-06,108,3621,2443,138,0.782609,1.360932,1.287360,0.679466,,,,,,,,GLOBAL_BASELINE_NO_ENTITY_RANKING,,,NOT_APPLICABLE_GLOBAL_BASELINE,HF9g-P5,,,,X 全窗基线 · 不参与实体赏罚,14198771,1420,A168_HF9F_20260827_0900,2026-08-27 09:00:00
2026-05-20,57024343,1966,0,865.0893204724,410.9174272244,410.9174272244,1.0000000,2,2,0.50665070000000000,0.506650700000,0.9867858985152569,0.9867858985152569,0.9867858985152569,0E-17,ELIGIBLE,R03b_20260811_FULL_v1,L1_ELIGIBILITY,v2026-08-11,2026-03-21..2026-08-06,baccarat_bet02_101_all_pairs_incl_sentinel,round_win = game_pnl > 0 (decisive only),COMPATIBILITY_ONLY_NOT_PRODUCTION,4059548.3812,3680416.6879,6656.9809,9707,9692,-0.00163983,0.01249836,-0.00525961,-0.00163983,-6656.9809,4059548.3812,OK,0.0000,266.2792,4.0000,96.0000,AG03-UNRESOLVED,ALL5_LEVELS_bet23_to_bet27,266.2792,266.2792,266.2792,0.0000,0.0000,4.000000,4.000000,4.000000,0.000000,0.000000,96.000000,96.000000,96.000000,100.000000,100.000000,5.0,798.8377,767.3102,5858.1432,5889.6706,PENDING_AG03,FALSE,NOT_FOR_ENFORCEMENT,6390.7016,3533200.0204,6656.9809,6390.7016,266.2792,0.00163983,0.00157424,266.2792,6390.7016,0.00157424,266.2792,266.2792,266.2792,0.0000,0.0000,6390.7016,0.00157424,798.8377,767.3102,5858.1432,5889.6706,0.00144305,0.00145082,0.00006559,418.2083,379.7376,0.6869,61.6387,1.8384,37588.4109,89.7407,538.3845,395.5999,218.4789,430.6076,432.5446,432.5446,1046.441,1081.3617,427.0584,0.0,2.43015,2.511246,0.971205,30,216,96,2,0.20383968,0.00163983,-0.01249836,0E-8,0.000000,0.906607,0.000000,0.01775797,2026-03-22,2026-08-06,108,3621,2443,138,0.782609,1.360932,1.287360,0.679466,,,,,,,,GLOBAL_BASELINE_NO_ENTITY_RANKING,,,NOT_APPLICABLE_GLOBAL_BASELINE,HF9g-P5,,,,X 全窗基线 · 不参与实体赏罚,14198772,1420,A168_HF9F_20260827_0900,2026-08-27 09:00:00
2026-05-20,57024343,2101,0,1297.6339807086,1232.7522816732,1232.7522816732,1.0000000,3,3,0.50665070000000000,0.506650700000,1.7091633124209307,1.7091633124209307,1.7091633124209307,0E-17,ELIGIBLE,R03b_20260811_FULL_v1,L1_ELIGIBILITY,v2026-08-11,2026-03-21..2026-08-06,baccarat_bet02_101_all_pairs_incl_sentinel,round_win = game_pnl > 0 (decisive only),COMPATIBILITY_ONLY_NOT_PRODUCTION,4059548.3812,3680416.6879,6656.9809,9707,9692,-0.00163983,0.01249836,-0.00525961,-0.00163983,-6656.9809,4059548.3812,OK,0.0000,266.2792,4.0000,96.0000,AG03-UNRESOLVED,ALL5_LEVELS_bet23_to_bet27,266.2792,266.2792,266.2792,0.0000,0.0000,4.000000,4.000000,4.000000,0.000000,0.000000,96.000000,96.000000,96.000000,100.000000,100.000000,5.0,798.8377,767.3102,5858.1432,5889.6706,PENDING_AG03,FALSE,NOT_FOR_ENFORCEMENT,6390.7016,3533200.0204,6656.9809,6390.7016,266.2792,0.00163983,0.00157424,266.2792,6390.7016,0.00157424,266.2792,266.2792,266.2792,0.0000,0.0000,6390.7016,0.00157424,798.8377,767.3102,5858.1432,5889.6706,0.00144305,0.00145082,0.00006559,418.2083,379.7376,0.6869,61.6387,1.8384,37588.4109,89.7407,538.3845,395.5999,218.4789,430.6076,432.5446,432.5446,1046.441,1081.3617,427.0584,0.0,2.43015,2.511246,0.971205,30,216,96,2,0.20383968,0.00163983,-0.01249836,0E-8,0.000000,0.906607,0.000000,0.01775797,2026-03-22,2026-08-06,108,3621,2443,138,0.782609,1.360932,1.287360,0.679466,,,,,,,,GLOBAL_BASELINE_NO_ENTITY_RANKING,,,NOT_APPLICABLE_GLOBAL_BASELINE,HF9g-P5,,,,X 全窗基线 · 不参与实体赏罚,14198773,1420,A168_HF9F_20260827_0900,2026-08-27 09:00:00
2026-05-20,57024343,2108,0,432.5446602362,432.5446602362,432.5446602362,1.0000000,1,1,0.49324550000000000,0.493245500000,1.01360149184955,1.01360149184955,1.01360149184955,0E-17,ELIGIBLE,R03b_20260811_FULL_v1,L1_ELIGIBILITY,v2026-08-11,2026-03-21..2026-08-06,baccarat_bet02_101_all_pairs_incl_sentinel,round_win = game_pnl > 0 (decisive only),COMPATIBILITY_ONLY_NOT_PRODUCTION,4059548.3812,3680416.6879,6656.9809,9707,9692,-0.00163983,0.01249836,-0.00525961,-0.00163983,-6656.9809,4059548.3812,OK,0.0000,266.2792,4.0000,96.0000,AG03-UNRESOLVED,ALL5_LEVELS_bet23_to_bet27,266.2792,266.2792,266.2792,0.0000,0.0000,4.000000,4.000000,4.000000,0.000000,0.000000,96.000000,96.000000,96.000000,100.000000,100.000000,5.0,798.8377,767.3102,5858.1432,5889.6706,PENDING_AG03,FALSE,NOT_FOR_ENFORCEMENT,6390.7016,3533200.0204,6656.9809,6390.7016,266.2792,0.00163983,0.00157424,266.2792,6390.7016,0.00157424,266.2792,266.2792,266.2792,0.0000,0.0000,6390.7016,0.00157424,798.8377,767.3102,5858.1432,5889.6706,0.00144305,0.00145082,0.00006559,418.2083,379.7376,0.6869,61.6387,1.8384,37588.4109,89.7407,538.3845,395.5999,218.4789,430.6076,432.5446,432.5446,1046.441,1081.3617,427.0584,0.0,2.43015,2.511246,0.971205,30,216,96,2,0.20383968,0.00163983,-0.01249836,0E-8,0.000000,0.906607,0.000000,0.01775797,2026-03-22,2026-08-06,108,3621,2443,138,0.782609,1.360932,1.287360,0.679466,,,,,,,,GLOBAL_BASELINE_NO_ENTITY_RANKING,,,NOT_APPLICABLE_GLOBAL_BASELINE,HF9g-P5,,,,X 全窗基线 · 不参与实体赏罚,14198774,1420,A168_HF9F_20260827_0900,2026-08-27 09:00:00
2026-05-20,57024343,2117,0,865.0893204724,-432.5446602362,-432.5446602362,0E-7,2,2,0.50665070000000000,0.506650700000,-1.013391052207602,-1.013391052207602,-1.013391052207602,0E-17,ELIGIBLE,R03b_20260811_FULL_v1,L1_ELIGIBILITY,v2026-08-11,2026-03-21..2026-08-06,baccarat_bet02_101_all_pairs_incl_sentinel,round_win = game_pnl > 0 (decisive only),COMPATIBILITY_ONLY_NOT_PRODUCTION,4059548.3812,3680416.6879,6656.9809,9707,9692,-0.00163983,0.01249836,-0.00525961,-0.00163983,-6656.9809,4059548.3812,OK,0.0000,266.2792,4.0000,96.0000,AG03-UNRESOLVED,ALL5_LEVELS_bet23_to_bet27,266.2792,266.2792,266.2792,0.0000,0.0000,4.000000,4.000000,4.000000,0.000000,0.000000,96.000000,96.000000,96.000000,100.000000,100.000000,5.0,798.8377,767.3102,5858.1432,5889.6706,PENDING_AG03,FALSE,NOT_FOR_ENFORCEMENT,6390.7016,3533200.0204,6656.9809,6390.7016,266.2792,0.00163983,0.00157424,266.2792,6390.7016,0.00157424,266.2792,266.2792,266.2792,0.0000,0.0000,6390.7016,0.00157424,798.8377,767.3102,5858.1432,5889.6706,0.00144305,0.00145082,0.00006559,418.2083,379.7376,0.6869,61.6387,1.8384,37588.4109,89.7407,538.3845,395.5999,218.4789,430.6076,432.5446,432.5446,1046.441,1081.3617,427.0584,0.0,2.43015,2.511246,0.971205,30,216,96,2,0.20383968,0.00163983,-0.01249836,0E-8,0.000000,0.906607,0.000000,0.01775797,2026-03-22,2026-08-06,108,3621,2443,138,0.782609,1.360932,1.287360,0.679466,,,,,,,,GLOBAL_BASELINE_NO_ENTITY_RANKING,,,NOT_APPLICABLE_GLOBAL_BASELINE,HF9g-P5,,,,X 全窗基线 · 不参与实体赏罚,14198775,1420,A168_HF9F_20260827_0900,2026-08-27 09:00:00
2026-05-20,57024343,2127,0,432.5446602362,-432.5446602362,-432.5446602362,0E-7,1,1,0.50665070000000000,0.506650700000,-1.013391052207602,-1.013391052207602,-1.013391052207602,0E-17,ELIGIBLE,R03b_20260811_FULL_v1,L1_ELIGIBILITY,v2026-08-11,2026-03-21..2026-08-06,baccarat_bet02_101_all_pairs_incl_sentinel,round_win = game_pnl > 0 (decisive only),COMPATIBILITY_ONLY_NOT_PRODUCTION,4059548.3812,3680416.6879,6656.9809,9707,9692,-0.00163983,0.01249836,-0.00525961,-0.00163983,-6656.9809,4059548.3812,OK,0.0000,266.2792,4.0000,96.0000,AG03-UNRESOLVED,ALL5_LEVELS_bet23_to_bet27,266.2792,266.2792,266.2792,0.0000,0.0000,4.000000,4.000000,4.000000,0.000000,0.000000,96.000000,96.000000,96.000000,100.000000,100.000000,5.0,798.8377,767.3102,5858.1432,5889.6706,PENDING_AG03,FALSE,NOT_FOR_ENFORCEMENT,6390.7016,3533200.0204,6656.9809,6390.7016,266.2792,0.00163983,0.00157424,266.2792,6390.7016,0.00157424,266.2792,266.2792,266.2792,0.0000,0.0000,6390.7016,0.00157424,798.8377,767.3102,5858.1432,5889.6706,0.00144305,0.00145082,0.00006559,418.2083,379.7376,0.6869,61.6387,1.8384,37588.4109,89.7407,538.3845,395.5999,218.4789,430.6076,432.5446,432.5446,1046.441,1081.3617,427.0584,0.0,2.43015,2.511246,0.971205,30,216,96,2,0.20383968,0.00163983,-0.01249836,0E-8,0.000000,0.906607,0.000000,0.01775797,2026-03-22,2026-08-06,108,3621,2443,138,0.782609,1.360932,1.287360,0.679466,,,,,,,,GLOBAL_BASELINE_NO_ENTITY_RANKING,,,NOT_APPLICABLE_GLOBAL_BASELINE,HF9g-P5,,,,X 全窗基线 · 不参与实体赏罚,14198776,1420,A168_HF9F_20260827_0900,2026-08-27 09:00:00
2026-05-20,57024343,2153,0,432.5446602362,-432.5446602362,-432.5446602362,0E-7,1,1,0.50665070000000000,0.506650700000,-1.013391052207602,-1.013391052207602,-1.013391052207602,0E-17,ELIGIBLE,R03b_20260811_FULL_v1,L1_ELIGIBILITY,v2026-08-11,2026-03-21..2026-08-06,baccarat_bet02_101_all_pairs_incl_sentinel,round_win = game_pnl > 0 (decisive only),COMPATIBILITY_ONLY_NOT_PRODUCTION,4059548.3812,3680416.6879,6656.9809,9707,9692,-0.00163983,0.01249836,-0.00525961,-0.00163983,-6656.9809,4059548.3812,OK,0.0000,266.2792,4.0000,96.0000,AG03-UNRESOLVED,ALL5_LEVELS_bet23_to_bet27,266.2792,266.2792,266.2792,0.0000,0.0000,4.000000,4.000000,4.000000,0.000000,0.000000,96.000000,96.000000,96.000000,100.000000,100.000000,5.0,798.8377,767.3102,5858.1432,5889.6706,PENDING_AG03,FALSE,NOT_FOR_ENFORCEMENT,6390.7016,3533200.0204,6656.9809,6390.7016,266.2792,0.00163983,0.00157424,266.2792,6390.7016,0.00157424,266.2792,266.2792,266.2792,0.0000,0.0000,6390.7016,0.00157424,798.8377,767.3102,5858.1432,5889.6706,0.00144305,0.00145082,0.00006559,418.2083,379.7376,0.6869,61.6387,1.8384,37588.4109,89.7407,538.3845,395.5999,218.4789,430.6076,432.5446,432.5446,1046.441,1081.3617,427.0584,0.0,2.43015,2.511246,0.971205,30,216,96,2,0.20383968,0.00163983,-0.01249836,0E-8,0.000000,0.906607,0.000000,0.01775797,2026-03-22,2026-08-06,108,3621,2443,138,0.782609,1.360932,1.287360,0.679466,,,,,,,,GLOBAL_BASELINE_NO_ENTITY_RANKING,,,NOT_APPLICABLE_GLOBAL_BASELINE,HF9g-P5,,,,X 全窗基线 · 不参与实体赏罚,14198777,1420,A168_HF9F_20260827_0900,2026-08-27 09:00:00
2026-05-20,57024343,2167,0,432.5446602362,410.9174272244,410.9174272244,1.0000000,1,1,0.50665070000000000,0.506650700000,0.9867858985152569,0.9867858985152569,0.9867858985152569,0E-17,ELIGIBLE,R03b_20260811_FULL_v1,L1_ELIGIBILITY,v2026-08-11,2026-03-21..2026-08-06,baccarat_bet02_101_all_pairs_incl_sentinel,round_win = game_pnl > 0 (decisive only),COMPATIBILITY_ONLY_NOT_PRODUCTION,4059548.3812,3680416.6879,6656.9809,9707,9692,-0.00163983,0.01249836,-0.00525961,-0.00163983,-6656.9809,4059548.3812,OK,0.0000,266.2792,4.0000,96.0000,AG03-UNRESOLVED,ALL5_LEVELS_bet23_to_bet27,266.2792,266.2792,266.2792,0.0000,0.0000,4.000000,4.000000,4.000000,0.000000,0.000000,96.000000,96.000000,96.000000,100.000000,100.000000,5.0,798.8377,767.3102,5858.1432,5889.6706,PENDING_AG03,FALSE,NOT_FOR_ENFORCEMENT,6390.7016,3533200.0204,6656.9809,6390.7016,266.2792,0.00163983,0.00157424,266.2792,6390.7016,0.00157424,266.2792,266.2792,266.2792,0.0000,0.0000,6390.7016,0.00157424,798.8377,767.3102,5858.1432,5889.6706,0.00144305,0.00145082,0.00006559,418.2083,379.7376,0.6869,61.6387,1.8384,37588.4109,89.7407,538.3845,395.5999,218.4789,430.6076,432.5446,432.5446,1046.441,1081.3617,427.0584,0.0,2.43015,2.511246,0.971205,30,216,96,2,0.20383968,0.00163983,-0.01249836,0E-8,0.000000,0.906607,0.000000,0.01775797,2026-03-22,2026-08-06,108,3621,2443,138,0.782609,1.360932,1.287360,0.679466,,,,,,,,GLOBAL_BASELINE_NO_ENTITY_RANKING,,,NOT_APPLICABLE_GLOBAL_BASELINE,HF9g-P5,,,,X 全窗基线 · 不参与实体赏罚,14198778,1420,A168_HF9F_20260827_0900,2026-08-27 09:00:00
2026-05-20,57024343,2174,0,865.0893204724,-21.6272330118,-21.6272330118,0.5000000,2,2,0.50665070000000000,0.506650700000,-0.018812684590367487,-0.018812684590367487,-0.018812684590367487,0E-17,ELIGIBLE,R03b_20260811_FULL_v1,L1_ELIGIBILITY,v2026-08-11,2026-03-21..2026-08-06,baccarat_bet02_101_all_pairs_incl_sentinel,round_win = game_pnl > 0 (decisive only),COMPATIBILITY_ONLY_NOT_PRODUCTION,4059548.3812,3680416.6879,6656.9809,9707,9692,-0.00163983,0.01249836,-0.00525961,-0.00163983,-6656.9809,4059548.3812,OK,0.0000,266.2792,4.0000,96.0000,AG03-UNRESOLVED,ALL5_LEVELS_bet23_to_bet27,266.2792,266.2792,266.2792,0.0000,0.0000,4.000000,4.000000,4.000000,0.000000,0.000000,96.000000,96.000000,96.000000,100.000000,100.000000,5.0,798.8377,767.3102,5858.1432,5889.6706,PENDING_AG03,FALSE,NOT_FOR_ENFORCEMENT,6390.7016,3533200.0204,6656.9809,6390.7016,266.2792,0.00163983,0.00157424,266.2792,6390.7016,0.00157424,266.2792,266.2792,266.2792,0.0000,0.0000,6390.7016,0.00157424,798.8377,767.3102,5858.1432,5889.6706,0.00144305,0.00145082,0.00006559,418.2083,379.7376,0.6869,61.6387,1.8384,37588.4109,89.7407,538.3845,395.5999,218.4789,430.6076,432.5446,432.5446,1046.441,1081.3617,427.0584,0.0,2.43015,2.511246,0.971205,30,216,96,2,0.20383968,0.00163983,-0.01249836,0E-8,0.000000,0.906607,0.000000,0.01775797,2026-03-22,2026-08-06,108,3621,2443,138,0.782609,1.360932,1.287360,0.679466,,,,,,,,GLOBAL_BASELINE_NO_ENTITY_RANKING,,,NOT_APPLICABLE_GLOBAL_BASELINE,HF9g-P5,,,,X 全窗基线 · 不参与实体赏罚,14198779,1420,A168_HF9F_20260827_0900,2026-08-27 09:00:00
2026-05-20,57024343,2188,0,865.0893204724,-865.0893204724,-865.0893204724,0E-7,2,2,0.50665070000000000,0.506650700000,-1.4331513700195317,-1.4331513700195317,-1.4331513700195317,0E-17,ELIGIBLE,R03b_20260811_FULL_v1,L1_ELIGIBILITY,v2026-08-11,2026-03-21..2026-08-06,baccarat_bet02_101_all_pairs_incl_sentinel,round_win = game_pnl > 0 (decisive only),COMPATIBILITY_ONLY_NOT_PRODUCTION,4059548.3812,3680416.6879,6656.9809,9707,9692,-0.00163983,0.01249836,-0.00525961,-0.00163983,-6656.9809,4059548.3812,OK,0.0000,266.2792,4.0000,96.0000,AG03-UNRESOLVED,ALL5_LEVELS_bet23_to_bet27,266.2792,266.2792,266.2792,0.0000,0.0000,4.000000,4.000000,4.000000,0.000000,0.000000,96.000000,96.000000,96.000000,100.000000,100.000000,5.0,798.8377,767.3102,5858.1432,5889.6706,PENDING_AG03,FALSE,NOT_FOR_ENFORCEMENT,6390.7016,3533200.0204,6656.9809,6390.7016,266.2792,0.00163983,0.00157424,266.2792,6390.7016,0.00157424,266.2792,266.2792,266.2792,0.0000,0.0000,6390.7016,0.00157424,798.8377,767.3102,5858.1432,5889.6706,0.00144305,0.00145082,0.00006559,418.2083,379.7376,0.6869,61.6387,1.8384,37588.4109,89.7407,538.3845,395.5999,218.4789,430.6076,432.5446,432.5446,1046.441,1081.3617,427.0584,0.0,2.43015,2.511246,0.971205,30,216,96,2,0.20383968,0.00163983,-0.01249836,0E-8,0.000000,0.906607,0.000000,0.01775797,2026-03-22,2026-08-06,108,3621,2443,138,0.782609,1.360932,1.287360,0.679466,,,,,,,,GLOBAL_BASELINE_NO_ENTITY_RANKING,,,NOT_APPLICABLE_GLOBAL_BASELINE,HF9g-P5,,,,X 全窗基线 · 不参与实体赏罚,14198780,1420,A168_HF9F_20260827_0900,2026-08-27 09:00:00
2026-05-20,57024343,2205,0,865.0893204724,-432.5446602362,-432.5446602362,0E-7,2,2,0.50665070000000000,0.506650700000,-1.013391052207602,-1.013391052207602,-1.013391052207602,0E-17,ELIGIBLE,R03b_20260811_FULL_v1,L1_ELIGIBILITY,v2026-08-11,2026-03-21..2026-08-06,baccarat_bet02_101_all_pairs_incl_sentinel,round_win = game_pnl > 0 (decisive only),COMPATIBILITY_ONLY_NOT_PRODUCTION,4059548.3812,3680416.6879,6656.9809,9707,9692,-0.00163983,0.01249836,-0.00525961,-0.00163983,-6656.9809,4059548.3812,OK,0.0000,266.2792,4.0000,96.0000,AG03-UNRESOLVED,ALL5_LEVELS_bet23_to_bet27,266.2792,266.2792,266.2792,0.0000,0.0000,4.000000,4.000000,4.000000,0.000000,0.000000,96.000000,96.000000,96.000000,100.000000,100.000000,5.0,798.8377,767.3102,5858.1432,5889.6706,PENDING_AG03,FALSE,NOT_FOR_ENFORCEMENT,6390.7016,3533200.0204,6656.9809,6390.7016,266.2792,0.00163983,0.00157424,266.2792,6390.7016,0.00157424,266.2792,266.2792,266.2792,0.0000,0.0000,6390.7016,0.00157424,798.8377,767.3102,5858.1432,5889.6706,0.00144305,0.00145082,0.00006559,418.2083,379.7376,0.6869,61.6387,1.8384,37588.4109,89.7407,538.3845,395.5999,218.4789,430.6076,432.5446,432.5446,1046.441,1081.3617,427.0584,0.0,2.43015,2.511246,0.971205,30,216,96,2,0.20383968,0.00163983,-0.01249836,0E-8,0.000000,0.906607,0.000000,0.01775797,2026-03-22,2026-08-06,108,3621,2443,138,0.782609,1.360932,1.287360,0.679466,,,,,,,,GLOBAL_BASELINE_NO_ENTITY_RANKING,,,NOT_APPLICABLE_GLOBAL_BASELINE,HF9g-P5,,,,X 全窗基线 · 不参与实体赏罚,14198781,1420,A168_HF9F_20260827_0900,2026-08-27 09:00:00
2026-05-20,57024343,2220,0,432.5446602362,-432.5446602362,-432.5446602362,0E-7,1,1,0.50665070000000000,0.506650700000,-1.013391052207602,-1.013391052207602,-1.013391052207602,0E-17,ELIGIBLE,R03b_20260811_FULL_v1,L1_ELIGIBILITY,v2026-08-11,2026-03-21..2026-08-06,baccarat_bet02_101_all_pairs_incl_sentinel,round_win = game_pnl > 0 (decisive only),COMPATIBILITY_ONLY_NOT_PRODUCTION,4059548.3812,3680416.6879,6656.9809,9707,9692,-0.00163983,0.01249836,-0.00525961,-0.00163983,-6656.9809,4059548.3812,OK,0.0000,266.2792,4.0000,96.0000,AG03-UNRESOLVED,ALL5_LEVELS_bet23_to_bet27,266.2792,266.2792,266.2792,0.0000,0.0000,4.000000,4.000000,4.000000,0.000000,0.000000,96.000000,96.000000,96.000000,100.000000,100.000000,5.0,798.8377,767.3102,5858.1432,5889.6706,PENDING_AG03,FALSE,NOT_FOR_ENFORCEMENT,6390.7016,3533200.0204,6656.9809,6390.7016,266.2792,0.00163983,0.00157424,266.2792,6390.7016,0.00157424,266.2792,266.2792,266.2792,0.0000,0.0000,6390.7016,0.00157424,798.8377,767.3102,5858.1432,5889.6706,0.00144305,0.00145082,0.00006559,418.2083,379.7376,0.6869,61.6387,1.8384,37588.4109,89.7407,538.3845,395.5999,218.4789,430.6076,432.5446,432.5446,1046.441,1081.3617,427.0584,0.0,2.43015,2.511246,0.971205,30,216,96,2,0.20383968,0.00163983,-0.01249836,0E-8,0.000000,0.906607,0.000000,0.01775797,2026-03-22,2026-08-06,108,3621,2443,138,0.782609,1.360932,1.287360,0.679466,,,,,,,,GLOBAL_BASELINE_NO_ENTITY_RANKING,,,NOT_APPLICABLE_GLOBAL_BASELINE,HF9g-P5,,,,X 全窗基线 · 不参与实体赏罚,14198782,1420,A168_HF9F_20260827_0900,2026-08-27 09:00:00
2026-05-20,57024343,2241,0,1297.6339807086,1254.3795146850,1254.3795146850,1.0000000,3,3,0.50218230000000000,0.502182300000,1.724507524396475,1.7245075243964754,1.724507524396475,0E-17,ELIGIBLE,R03b_20260811_FULL_v1,L1_ELIGIBILITY,v2026-08-11,2026-03-21..2026-08-06,baccarat_bet02_101_all_pairs_incl_sentinel,round_win = game_pnl > 0 (decisive only),COMPATIBILITY_ONLY_NOT_PRODUCTION,4059548.3812,3680416.6879,6656.9809,9707,9692,-0.00163983,0.01249836,-0.00525961,-0.00163983,-6656.9809,4059548.3812,OK,0.0000,266.2792,4.0000,96.0000,AG03-UNRESOLVED,ALL5_LEVELS_bet23_to_bet27,266.2792,266.2792,266.2792,0.0000,0.0000,4.000000,4.000000,4.000000,0.000000,0.000000,96.000000,96.000000,96.000000,100.000000,100.000000,5.0,798.8377,767.3102,5858.1432,5889.6706,PENDING_AG03,FALSE,NOT_FOR_ENFORCEMENT,6390.7016,3533200.0204,6656.9809,6390.7016,266.2792,0.00163983,0.00157424,266.2792,6390.7016,0.00157424,266.2792,266.2792,266.2792,0.0000,0.0000,6390.7016,0.00157424,798.8377,767.3102,5858.1432,5889.6706,0.00144305,0.00145082,0.00006559,418.2083,379.7376,0.6869,61.6387,1.8384,37588.4109,89.7407,538.3845,395.5999,218.4789,430.6076,432.5446,432.5446,1046.441,1081.3617,427.0584,0.0,2.43015,2.511246,0.971205,30,216,96,2,0.20383968,0.00163983,-0.01249836,0E-8,0.000000,0.906607,0.000000,0.01775797,2026-03-22,2026-08-06,108,3621,2443,138,0.782609,1.360932,1.287360,0.679466,,,,,,,,GLOBAL_BASELINE_NO_ENTITY_RANKING,,,NOT_APPLICABLE_GLOBAL_BASELINE,HF9g-P5,,,,X 全窗基线 · 不参与实体赏罚,14198783,1420,A168_HF9F_20260827_0900,2026-08-27 09:00:00
2026-05-20,57024343,2251,0,2162.7233011810,-454.1718932480,-454.1718932480,0.4000000,5,5,0.50128862000000000,0.501288620000,-0.4529779837142727,-0.4529779837142727,-0.4529779837142727,0E-17,ELIGIBLE,R03b_20260811_FULL_v1,L1_ELIGIBILITY,v2026-08-11,2026-03-21..2026-08-06,baccarat_bet02_101_all_pairs_incl_sentinel,round_win = game_pnl > 0 (decisive only),COMPATIBILITY_ONLY_NOT_PRODUCTION,4059548.3812,3680416.6879,6656.9809,9707,9692,-0.00163983,0.01249836,-0.00525961,-0.00163983,-6656.9809,4059548.3812,OK,0.0000,266.2792,4.0000,96.0000,AG03-UNRESOLVED,ALL5_LEVELS_bet23_to_bet27,266.2792,266.2792,266.2792,0.0000,0.0000,4.000000,4.000000,4.000000,0.000000,0.000000,96.000000,96.000000,96.000000,100.000000,100.000000,5.0,798.8377,767.3102,5858.1432,5889.6706,PENDING_AG03,FALSE,NOT_FOR_ENFORCEMENT,6390.7016,3533200.0204,6656.9809,6390.7016,266.2792,0.00163983,0.00157424,266.2792,6390.7016,0.00157424,266.2792,266.2792,266.2792,0.0000,0.0000,6390.7016,0.00157424,798.8377,767.3102,5858.1432,5889.6706,0.00144305,0.00145082,0.00006559,418.2083,379.7376,0.6869,61.6387,1.8384,37588.4109,89.7407,538.3845,395.5999,218.4789,430.6076,432.5446,432.5446,1046.441,1081.3617,427.0584,0.0,2.43015,2.511246,0.971205,30,216,96,2,0.20383968,0.00163983,-0.01249836,0E-8,0.000000,0.906607,0.000000,0.01775797,2026-03-22,2026-08-06,108,3621,2443,138,0.782609,1.360932,1.287360,0.679466,,,,,,,,GLOBAL_BASELINE_NO_ENTITY_RANKING,,,NOT_APPLICABLE_GLOBAL_BASELINE,HF9g-P5,,,,X 全窗基线 · 不参与实体赏罚,14198784,1420,A168_HF9F_20260827_0900,2026-08-27 09:00:00
2026-05-20,57024343,2271,0,865.0893204724,821.8348544488,821.8348544488,1.0000000,2,2,0.50665070000000000,0.506650700000,1.3955260008387969,1.3955260008387969,1.3955260008387969,0E-17,ELIGIBLE,R03b_20260811_FULL_v1,L1_ELIGIBILITY,v2026-08-11,2026-03-21..2026-08-06,baccarat_bet02_101_all_pairs_incl_sentinel,round_win = game_pnl > 0 (decisive only),COMPATIBILITY_ONLY_NOT_PRODUCTION,4059548.3812,3680416.6879,6656.9809,9707,9692,-0.00163983,0.01249836,-0.00525961,-0.00163983,-6656.9809,4059548.3812,OK,0.0000,266.2792,4.0000,96.0000,AG03-UNRESOLVED,ALL5_LEVELS_bet23_to_bet27,266.2792,266.2792,266.2792,0.0000,0.0000,4.000000,4.000000,4.000000,0.000000,0.000000,96.000000,96.000000,96.000000,100.000000,100.000000,5.0,798.8377,767.3102,5858.1432,5889.6706,PENDING_AG03,FALSE,NOT_FOR_ENFORCEMENT,6390.7016,3533200.0204,6656.9809,6390.7016,266.2792,0.00163983,0.00157424,266.2792,6390.7016,0.00157424,266.2792,266.2792,266.2792,0.0000,0.0000,6390.7016,0.00157424,798.8377,767.3102,5858.1432,5889.6706,0.00144305,0.00145082,0.00006559,418.2083,379.7376,0.6869,61.6387,1.8384,37588.4109,89.7407,538.3845,395.5999,218.4789,430.6076,432.5446,432.5446,1046.441,1081.3617,427.0584,0.0,2.43015,2.511246,0.971205,30,216,96,2,0.20383968,0.00163983,-0.01249836,0E-8,0.000000,0.906607,0.000000,0.01775797,2026-03-22,2026-08-06,108,3621,2443,138,0.782609,1.360932,1.287360,0.679466,,,,,,,,GLOBAL_BASELINE_NO_ENTITY_RANKING,,,NOT_APPLICABLE_GLOBAL_BASELINE,HF9g-P5,,,,X 全窗基线 · 不参与实体赏罚,14198785,1420,A168_HF9F_20260827_0900,2026-08-27 09:00:00
2026-05-20,57024343,752,0,1297.6339807086,-454.1718932480,-454.1718932480,0.3333333,3,3,0.50218230000000000,0.502182300000,-0.5849155494134425,-0.5849155494134426,-0.5849155494134425,0E-17,ELIGIBLE,R03b_20260811_FULL_v1,L1_ELIGIBILITY,v2026-08-11,2026-03-21..2026-08-06,baccarat_bet02_101_all_pairs_incl_sentinel,round_win = game_pnl > 0 (decisive only),COMPATIBILITY_ONLY_NOT_PRODUCTION,4059548.3812,3680416.6879,6656.9809,9707,9692,-0.00163983,0.01249836,-0.00525961,-0.00163983,-6656.9809,4059548.3812,OK,0.0000,266.2792,4.0000,96.0000,AG03-UNRESOLVED,ALL5_LEVELS_bet23_to_bet27,266.2792,266.2792,266.2792,0.0000,0.0000,4.000000,4.000000,4.000000,0.000000,0.000000,96.000000,96.000000,96.000000,100.000000,100.000000,5.0,798.8377,767.3102,5858.1432,5889.6706,PENDING_AG03,FALSE,NOT_FOR_ENFORCEMENT,6390.7016,3533200.0204,6656.9809,6390.7016,266.2792,0.00163983,0.00157424,266.2792,6390.7016,0.00157424,266.2792,266.2792,266.2792,0.0000,0.0000,6390.7016,0.00157424,798.8377,767.3102,5858.1432,5889.6706,0.00144305,0.00145082,0.00006559,418.2083,379.7376,0.6869,61.6387,1.8384,37588.4109,89.7407,538.3845,395.5999,218.4789,430.6076,432.5446,432.5446,1046.441,1081.3617,427.0584,0.0,2.43015,2.511246,0.971205,30,216,96,2,0.20383968,0.00163983,-0.01249836,0E-8,0.000000,0.906607,0.000000,0.01775797,2026-03-22,2026-08-06,108,3621,2443,138,0.782609,1.360932,1.287360,0.679466,,,,,,,,GLOBAL_BASELINE_NO_ENTITY_RANKING,,,NOT_APPLICABLE_GLOBAL_BASELINE,HF9g-P5,,,,X 全窗基线 · 不参与实体赏罚,14198786,1420,A168_HF9F_20260827_0900,2026-08-27 09:00:00
2026-05-20,57024343,763,0,432.5446602362,410.9174272244,410.9174272244,1.0000000,1,1,0.50665070000000000,0.506650700000,0.9867858985152569,0.9867858985152569,0.9867858985152569,0E-17,ELIGIBLE,R03b_20260811_FULL_v1,L1_ELIGIBILITY,v2026-08-11,2026-03-21..2026-08-06,baccarat_bet02_101_all_pairs_incl_sentinel,round_win = game_pnl > 0 (decisive only),COMPATIBILITY_ONLY_NOT_PRODUCTION,4059548.3812,3680416.6879,6656.9809,9707,9692,-0.00163983,0.01249836,-0.00525961,-0.00163983,-6656.9809,4059548.3812,OK,0.0000,266.2792,4.0000,96.0000,AG03-UNRESOLVED,ALL5_LEVELS_bet23_to_bet27,266.2792,266.2792,266.2792,0.0000,0.0000,4.000000,4.000000,4.000000,0.000000,0.000000,96.000000,96.000000,96.000000,100.000000,100.000000,5.0,798.8377,767.3102,5858.1432,5889.6706,PENDING_AG03,FALSE,NOT_FOR_ENFORCEMENT,6390.7016,3533200.0204,6656.9809,6390.7016,266.2792,0.00163983,0.00157424,266.2792,6390.7016,0.00157424,266.2792,266.2792,266.2792,0.0000,0.0000,6390.7016,0.00157424,798.8377,767.3102,5858.1432,5889.6706,0.00144305,0.00145082,0.00006559,418.2083,379.7376,0.6869,61.6387,1.8384,37588.4109,89.7407,538.3845,395.5999,218.4789,430.6076,432.5446,432.5446,1046.441,1081.3617,427.0584,0.0,2.43015,2.511246,0.971205,30,216,96,2,0.20383968,0.00163983,-0.01249836,0E-8,0.000000,0.906607,0.000000,0.01775797,2026-03-22,2026-08-06,108,3621,2443,138,0.782609,1.360932,1.287360,0.679466,,,,,,,,GLOBAL_BASELINE_NO_ENTITY_RANKING,,,NOT_APPLICABLE_GLOBAL_BASELINE,HF9g-P5,,,,X 全窗基线 · 不参与实体赏罚,14198787,1420,A168_HF9F_20260827_0900,2026-08-27 09:00:00
2026-05-20,57024343,772,0,1081.3616505905,183.8314806003,183.8314806003,0.5000000,2,2,0.50665070000000000,0.506650700000,-0.018812684590367487,-0.018812684590367487,-0.018812684590367487,0E-17,ELIGIBLE,R03b_20260811_FULL_v1,L1_ELIGIBILITY,v2026-08-11,2026-03-21..2026-08-06,baccarat_bet02_101_all_pairs_incl_sentinel,round_win = game_pnl > 0 (decisive only),COMPATIBILITY_ONLY_NOT_PRODUCTION,4059548.3812,3680416.6879,6656.9809,9707,9692,-0.00163983,0.01249836,-0.00525961,-0.00163983,-6656.9809,4059548.3812,OK,0.0000,266.2792,4.0000,96.0000,AG03-UNRESOLVED,ALL5_LEVELS_bet23_to_bet27,266.2792,266.2792,266.2792,0.0000,0.0000,4.000000,4.000000,4.000000,0.000000,0.000000,96.000000,96.000000,96.000000,100.000000,100.000000,5.0,798.8377,767.3102,5858.1432,5889.6706,PENDING_AG03,FALSE,NOT_FOR_ENFORCEMENT,6390.7016,3533200.0204,6656.9809,6390.7016,266.2792,0.00163983,0.00157424,266.2792,6390.7016,0.00157424,266.2792,266.2792,266.2792,0.0000,0.0000,6390.7016,0.00157424,798.8377,767.3102,5858.1432,5889.6706,0.00144305,0.00145082,0.00006559,418.2083,379.7376,0.6869,61.6387,1.8384,37588.4109,89.7407,538.3845,395.5999,218.4789,430.6076,432.5446,432.5446,1046.441,1081.3617,427.0584,0.0,2.43015,2.511246,0.971205,30,216,96,2,0.20383968,0.00163983,-0.01249836,0E-8,0.000000,0.906607,0.000000,0.01775797,2026-03-22,2026-08-06,108,3621,2443,138,0.782609,1.360932,1.287360,0.679466,,,,,,,,GLOBAL_BASELINE_NO_ENTITY_RANKING,,,NOT_APPLICABLE_GLOBAL_BASELINE,HF9g-P5,,,,X 全窗基线 · 不参与实体赏罚,14198788,1420,A168_HF9F_20260827_0900,2026-08-27 09:00:00
2026-05-20,57024343,915,0,1513.9063108267,-648.8169903543,-648.8169903543,0.2500000,4,4,0.49659680000000000,0.496596800000,-0.9864100490137353,-0.9864100490137354,-0.9864100490137353,0E-17,ELIGIBLE,R03b_20260811_FULL_v1,L1_ELIGIBILITY,v2026-08-11,2026-03-21..2026-08-06,baccarat_bet02_101_all_pairs_incl_sentinel,round_win = game_pnl > 0 (decisive only),COMPATIBILITY_ONLY_NOT_PRODUCTION,4059548.3812,3680416.6879,6656.9809,9707,9692,-0.00163983,0.01249836,-0.00525961,-0.00163983,-6656.9809,4059548.3812,OK,0.0000,266.2792,4.0000,96.0000,AG03-UNRESOLVED,ALL5_LEVELS_bet23_to_bet27,266.2792,266.2792,266.2792,0.0000,0.0000,4.000000,4.000000,4.000000,0.000000,0.000000,96.000000,96.000000,96.000000,100.000000,100.000000,5.0,798.8377,767.3102,5858.1432,5889.6706,PENDING_AG03,FALSE,NOT_FOR_ENFORCEMENT,6390.7016,3533200.0204,6656.9809,6390.7016,266.2792,0.00163983,0.00157424,266.2792,6390.7016,0.00157424,266.2792,266.2792,266.2792,0.0000,0.0000,6390.7016,0.00157424,798.8377,767.3102,5858.1432,5889.6706,0.00144305,0.00145082,0.00006559,418.2083,379.7376,0.6869,61.6387,1.8384,37588.4109,89.7407,538.3845,395.5999,218.4789,430.6076,432.5446,432.5446,1046.441,1081.3617,427.0584,0.0,2.43015,2.511246,0.971205,30,216,96,2,0.20383968,0.00163983,-0.01249836,0E-8,0.000000,0.906607,0.000000,0.01775797,2026-03-22,2026-08-06,108,3621,2443,138,0.782609,1.360932,1.287360,0.679466,,,,,,,,GLOBAL_BASELINE_NO_ENTITY_RANKING,,,NOT_APPLICABLE_GLOBAL_BASELINE,HF9g-P5,,,,X 全窗基线 · 不参与实体赏罚,14198789,1420,A168_HF9F_20260827_0900,2026-08-27 09:00:00
2026-05-20,57024343,919,0,1297.6339807086,1232.7522816732,1232.7522816732,1.0000000,3,3,0.50665070000000000,0.506650700000,1.7091633124209307,1.7091633124209307,1.7091633124209307,0E-17,ELIGIBLE,R03b_20260811_FULL_v1,L1_ELIGIBILITY,v2026-08-11,2026-03-21..2026-08-06,baccarat_bet02_101_all_pairs_incl_sentinel,round_win = game_pnl > 0 (decisive only),COMPATIBILITY_ONLY_NOT_PRODUCTION,4059548.3812,3680416.6879,6656.9809,9707,9692,-0.00163983,0.01249836,-0.00525961,-0.00163983,-6656.9809,4059548.3812,OK,0.0000,266.2792,4.0000,96.0000,AG03-UNRESOLVED,ALL5_LEVELS_bet23_to_bet27,266.2792,266.2792,266.2792,0.0000,0.0000,4.000000,4.000000,4.000000,0.000000,0.000000,96.000000,96.000000,96.000000,100.000000,100.000000,5.0,798.8377,767.3102,5858.1432,5889.6706,PENDING_AG03,FALSE,NOT_FOR_ENFORCEMENT,6390.7016,3533200.0204,6656.9809,6390.7016,266.2792,0.00163983,0.00157424,266.2792,6390.7016,0.00157424,266.2792,266.2792,266.2792,0.0000,0.0000,6390.7016,0.00157424,798.8377,767.3102,5858.1432,5889.6706,0.00144305,0.00145082,0.00006559,418.2083,379.7376,0.6869,61.6387,1.8384,37588.4109,89.7407,538.3845,395.5999,218.4789,430.6076,432.5446,432.5446,1046.441,1081.3617,427.0584,0.0,2.43015,2.511246,0.971205,30,216,96,2,0.20383968,0.00163983,-0.01249836,0E-8,0.000000,0.906607,0.000000,0.01775797,2026-03-22,2026-08-06,108,3621,2443,138,0.782609,1.360932,1.287360,0.679466,,,,,,,,GLOBAL_BASELINE_NO_ENTITY_RANKING,,,NOT_APPLICABLE_GLOBAL_BASELINE,HF9g-P5,,,,X 全窗基线 · 不参与实体赏罚,14198790,1420,A168_HF9F_20260827_0900,2026-08-27 09:00:00
2026-05-21,57024343,-1,1,4974.2635927163,-735.3259224015,-735.3259224015,0.4545455,11,11,0.50543204545454545,0.505432045455,-0.3375633794441946,-0.3375633794472133,-0.3375633794441946,-4.5455E-13,SENTINEL_DEALER,R03b_20260811_FULL_v1,L1_ELIGIBILITY,v2026-08-11,2026-03-21..2026-08-06,baccarat_bet02_101_all_pairs_incl_sentinel,round_win = game_pnl > 0 (decisive only),COMPATIBILITY_ONLY_NOT_PRODUCTION,4059548.3812,3680416.6879,6656.9809,9707,9692,-0.00163983,0.01249836,-0.00525961,-0.00163983,-6656.9809,4059548.3812,OK,0.0000,266.2792,4.0000,96.0000,AG03-UNRESOLVED,ALL5_LEVELS_bet23_to_bet27,266.2792,266.2792,266.2792,0.0000,0.0000,4.000000,4.000000,4.000000,0.000000,0.000000,96.000000,96.000000,96.000000,100.000000,100.000000,5.0,798.8377,767.3102,5858.1432,5889.6706,PENDING_AG03,FALSE,NOT_FOR_ENFORCEMENT,6390.7016,3533200.0204,6656.9809,6390.7016,266.2792,0.00163983,0.00157424,266.2792,6390.7016,0.00157424,266.2792,266.2792,266.2792,0.0000,0.0000,6390.7016,0.00157424,798.8377,767.3102,5858.1432,5889.6706,0.00144305,0.00145082,0.00006559,418.2083,379.7376,0.6869,61.6387,1.8384,37588.4109,89.7407,538.3845,395.5999,218.4789,430.6076,432.5446,432.5446,1046.441,1081.3617,427.0584,0.0,2.43015,2.511246,0.971205,30,216,96,2,0.20383968,0.00163983,-0.01249836,0E-8,0.000000,0.906607,0.000000,0.01775797,2026-03-22,2026-08-06,108,3621,2443,138,0.782609,1.360932,1.287360,0.679466,,,,,,,,GLOBAL_BASELINE_NO_ENTITY_RANKING,,,NOT_APPLICABLE_GLOBAL_BASELINE,HF9g-P5,,,,X 全窗基线 · 不参与实体赏罚,14198791,1420,A168_HF9F_20260827_0900,2026-08-27 09:00:00
2026-05-21,57024343,1115,0,432.5446602362,410.9174272244,410.9174272244,1.0000000,1,1,0.50665070000000000,0.506650700000,0.9867858985152569,0.9867858985152569,0.9867858985152569,0E-17,ELIGIBLE,R03b_20260811_FULL_v1,L1_ELIGIBILITY,v2026-08-11,2026-03-21..2026-08-06,baccarat_bet02_101_all_pairs_incl_sentinel,round_win = game_pnl > 0 (decisive only),COMPATIBILITY_ONLY_NOT_PRODUCTION,4059548.3812,3680416.6879,6656.9809,9707,9692,-0.00163983,0.01249836,-0.00525961,-0.00163983,-6656.9809,4059548.3812,OK,0.0000,266.2792,4.0000,96.0000,AG03-UNRESOLVED,ALL5_LEVELS_bet23_to_bet27,266.2792,266.2792,266.2792,0.0000,0.0000,4.000000,4.000000,4.000000,0.000000,0.000000,96.000000,96.000000,96.000000,100.000000,100.000000,5.0,798.8377,767.3102,5858.1432,5889.6706,PENDING_AG03,FALSE,NOT_FOR_ENFORCEMENT,6390.7016,3533200.0204,6656.9809,6390.7016,266.2792,0.00163983,0.00157424,266.2792,6390.7016,0.00157424,266.2792,266.2792,266.2792,0.0000,0.0000,6390.7016,0.00157424,798.8377,767.3102,5858.1432,5889.6706,0.00144305,0.00145082,0.00006559,418.2083,379.7376,0.6869,61.6387,1.8384,37588.4109,89.7407,538.3845,395.5999,218.4789,430.6076,432.5446,432.5446,1046.441,1081.3617,427.0584,0.0,2.43015,2.511246,0.971205,30,216,96,2,0.20383968,0.00163983,-0.01249836,0E-8,0.000000,0.906607,0.000000,0.01775797,2026-03-22,2026-08-06,108,3621,2443,138,0.782609,1.360932,1.287360,0.679466,,,,,,,,GLOBAL_BASELINE_NO_ENTITY_RANKING,,,NOT_APPLICABLE_GLOBAL_BASELINE,HF9g-P5,,,,X 全窗基线 · 不参与实体赏罚,14198792,1420,A168_HF9F_20260827_0900,2026-08-27 09:00:00
2026-05-21,57024343,1151,0,865.0893204724,821.8348544488,821.8348544488,1.0000000,2,2,0.50665070000000000,0.506650700000,1.3955260008387969,1.3955260008387969,1.3955260008387969,0E-17,ELIGIBLE,R03b_20260811_FULL_v1,L1_ELIGIBILITY,v2026-08-11,2026-03-21..2026-08-06,baccarat_bet02_101_all_pairs_incl_sentinel,round_win = game_pnl > 0 (decisive only),COMPATIBILITY_ONLY_NOT_PRODUCTION,4059548.3812,3680416.6879,6656.9809,9707,9692,-0.00163983,0.01249836,-0.00525961,-0.00163983,-6656.9809,4059548.3812,OK,0.0000,266.2792,4.0000,96.0000,AG03-UNRESOLVED,ALL5_LEVELS_bet23_to_bet27,266.2792,266.2792,266.2792,0.0000,0.0000,4.000000,4.000000,4.000000,0.000000,0.000000,96.000000,96.000000,96.000000,100.000000,100.000000,5.0,798.8377,767.3102,5858.1432,5889.6706,PENDING_AG03,FALSE,NOT_FOR_ENFORCEMENT,6390.7016,3533200.0204,6656.9809,6390.7016,266.2792,0.00163983,0.00157424,266.2792,6390.7016,0.00157424,266.2792,266.2792,266.2792,0.0000,0.0000,6390.7016,0.00157424,798.8377,767.3102,5858.1432,5889.6706,0.00144305,0.00145082,0.00006559,418.2083,379.7376,0.6869,61.6387,1.8384,37588.4109,89.7407,538.3845,395.5999,218.4789,430.6076,432.5446,432.5446,1046.441,1081.3617,427.0584,0.0,2.43015,2.511246,0.971205,30,216,96,2,0.20383968,0.00163983,-0.01249836,0E-8,0.000000,0.906607,0.000000,0.01775797,2026-03-22,2026-08-06,108,3621,2443,138,0.782609,1.360932,1.287360,0.679466,,,,,,,,GLOBAL_BASELINE_NO_ENTITY_RANKING,,,NOT_APPLICABLE_GLOBAL_BASELINE,HF9g-P5,,,,X 全窗基线 · 不参与实体赏罚,14198793,1420,A168_HF9F_20260827_0900,2026-08-27 09:00:00
2026-05-21,57024343,1307,0,865.0893204724,-21.6272330118,-21.6272330118,0.5000000,2,2,0.49994810000000000,0.499948100000,0.00014679536856514622,0.00014679536856514622,0.00014679536856514622,0E-17,ELIGIBLE,R03b_20260811_FULL_v1,L1_ELIGIBILITY,v2026-08-11,2026-03-21..2026-08-06,baccarat_bet02_101_all_pairs_incl_sentinel,round_win = game_pnl > 0 (decisive only),COMPATIBILITY_ONLY_NOT_PRODUCTION,4059548.3812,3680416.6879,6656.9809,9707,9692,-0.00163983,0.01249836,-0.00525961,-0.00163983,-6656.9809,4059548.3812,OK,0.0000,266.2792,4.0000,96.0000,AG03-UNRESOLVED,ALL5_LEVELS_bet23_to_bet27,266.2792,266.2792,266.2792,0.0000,0.0000,4.000000,4.000000,4.000000,0.000000,0.000000,96.000000,96.000000,96.000000,100.000000,100.000000,5.0,798.8377,767.3102,5858.1432,5889.6706,PENDING_AG03,FALSE,NOT_FOR_ENFORCEMENT,6390.7016,3533200.0204,6656.9809,6390.7016,266.2792,0.00163983,0.00157424,266.2792,6390.7016,0.00157424,266.2792,266.2792,266.2792,0.0000,0.0000,6390.7016,0.00157424,798.8377,767.3102,5858.1432,5889.6706,0.00144305,0.00145082,0.00006559,418.2083,379.7376,0.6869,61.6387,1.8384,37588.4109,89.7407,538.3845,395.5999,218.4789,430.6076,432.5446,432.5446,1046.441,1081.3617,427.0584,0.0,2.43015,2.511246,0.971205,30,216,96,2,0.20383968,0.00163983,-0.01249836,0E-8,0.000000,0.906607,0.000000,0.01775797,2026-03-22,2026-08-06,108,3621,2443,138,0.782609,1.360932,1.287360,0.679466,,,,,,,,GLOBAL_BASELINE_NO_ENTITY_RANKING,,,NOT_APPLICABLE_GLOBAL_BASELINE,HF9g-P5,,,,X 全窗基线 · 不参与实体赏罚,14198794,1420,A168_HF9F_20260827_0900,2026-08-27 09:00:00
2026-05-21,57024343,1374,0,865.0893204724,0E-10,0E-10,0.5000000,2,2,0.49994810000000000,0.499948100000,0.00014679536856514622,0.00014679536856514622,0.00014679536856514622,0E-17,ELIGIBLE,R03b_20260811_FULL_v1,L1_ELIGIBILITY,v2026-08-11,2026-03-21..2026-08-06,baccarat_bet02_101_all_pairs_incl_sentinel,round_win = game_pnl > 0 (decisive only),COMPATIBILITY_ONLY_NOT_PRODUCTION,4059548.3812,3680416.6879,6656.9809,9707,9692,-0.00163983,0.01249836,-0.00525961,-0.00163983,-6656.9809,4059548.3812,OK,0.0000,266.2792,4.0000,96.0000,AG03-UNRESOLVED,ALL5_LEVELS_bet23_to_bet27,266.2792,266.2792,266.2792,0.0000,0.0000,4.000000,4.000000,4.000000,0.000000,0.000000,96.000000,96.000000,96.000000,100.000000,100.000000,5.0,798.8377,767.3102,5858.1432,5889.6706,PENDING_AG03,FALSE,NOT_FOR_ENFORCEMENT,6390.7016,3533200.0204,6656.9809,6390.7016,266.2792,0.00163983,0.00157424,266.2792,6390.7016,0.00157424,266.2792,266.2792,266.2792,0.0000,0.0000,6390.7016,0.00157424,798.8377,767.3102,5858.1432,5889.6706,0.00144305,0.00145082,0.00006559,418.2083,379.7376,0.6869,61.6387,1.8384,37588.4109,89.7407,538.3845,395.5999,218.4789,430.6076,432.5446,432.5446,1046.441,1081.3617,427.0584,0.0,2.43015,2.511246,0.971205,30,216,96,2,0.20383968,0.00163983,-0.01249836,0E-8,0.000000,0.906607,0.000000,0.01775797,2026-03-22,2026-08-06,108,3621,2443,138,0.782609,1.360932,1.287360,0.679466,,,,,,,,GLOBAL_BASELINE_NO_ENTITY_RANKING,,,NOT_APPLICABLE_GLOBAL_BASELINE,HF9g-P5,,,,X 全窗基线 · 不参与实体赏罚,14198795,1420,A168_HF9F_20260827_0900,2026-08-27 09:00:00
2026-05-21,57024343,1384,0,865.0893204724,-865.0893204724,-865.0893204724,0E-7,2,2,0.50665070000000000,0.506650700000,-1.4331513700195317,-1.4331513700195317,-1.4331513700195317,0E-17,ELIGIBLE,R03b_20260811_FULL_v1,L1_ELIGIBILITY,v2026-08-11,2026-03-21..2026-08-06,baccarat_bet02_101_all_pairs_incl_sentinel,round_win = game_pnl > 0 (decisive only),COMPATIBILITY_ONLY_NOT_PRODUCTION,4059548.3812,3680416.6879,6656.9809,9707,9692,-0.00163983,0.01249836,-0.00525961,-0.00163983,-6656.9809,4059548.3812,OK,0.0000,266.2792,4.0000,96.0000,AG03-UNRESOLVED,ALL5_LEVELS_bet23_to_bet27,266.2792,266.2792,266.2792,0.0000,0.0000,4.000000,4.000000,4.000000,0.000000,0.000000,96.000000,96.000000,96.000000,100.000000,100.000000,5.0,798.8377,767.3102,5858.1432,5889.6706,PENDING_AG03,FALSE,NOT_FOR_ENFORCEMENT,6390.7016,3533200.0204,6656.9809,6390.7016,266.2792,0.00163983,0.00157424,266.2792,6390.7016,0.00157424,266.2792,266.2792,266.2792,0.0000,0.0000,6390.7016,0.00157424,798.8377,767.3102,5858.1432,5889.6706,0.00144305,0.00145082,0.00006559,418.2083,379.7376,0.6869,61.6387,1.8384,37588.4109,89.7407,538.3845,395.5999,218.4789,430.6076,432.5446,432.5446,1046.441,1081.3617,427.0584,0.0,2.43015,2.511246,0.971205,30,216,96,2,0.20383968,0.00163983,-0.01249836,0E-8,0.000000,0.906607,0.000000,0.01775797,2026-03-22,2026-08-06,108,3621,2443,138,0.782609,1.360932,1.287360,0.679466,,,,,,,,GLOBAL_BASELINE_NO_ENTITY_RANKING,,,NOT_APPLICABLE_GLOBAL_BASELINE,HF9g-P5,,,,X 全窗基线 · 不参与实体赏罚,14198796,1420,A168_HF9F_20260827_0900,2026-08-27 09:00:00
2026-05-21,57024343,1405,0,432.5446602362,0E-10,0E-10,,1,1,0.50665070000000000,0.506650700000,,,,0E-17,NO_DECISIVE_ROUND,R03b_20260811_FULL_v1,L1_ELIGIBILITY,v2026-08-11,2026-03-21..2026-08-06,baccarat_bet02_101_all_pairs_incl_sentinel,round_win = game_pnl > 0 (decisive only),COMPATIBILITY_ONLY_NOT_PRODUCTION,4059548.3812,3680416.6879,6656.9809,9707,9692,-0.00163983,0.01249836,-0.00525961,-0.00163983,-6656.9809,4059548.3812,OK,0.0000,266.2792,4.0000,96.0000,AG03-UNRESOLVED,ALL5_LEVELS_bet23_to_bet27,266.2792,266.2792,266.2792,0.0000,0.0000,4.000000,4.000000,4.000000,0.000000,0.000000,96.000000,96.000000,96.000000,100.000000,100.000000,5.0,798.8377,767.3102,5858.1432,5889.6706,PENDING_AG03,FALSE,NOT_FOR_ENFORCEMENT,6390.7016,3533200.0204,6656.9809,6390.7016,266.2792,0.00163983,0.00157424,266.2792,6390.7016,0.00157424,266.2792,266.2792,266.2792,0.0000,0.0000,6390.7016,0.00157424,798.8377,767.3102,5858.1432,5889.6706,0.00144305,0.00145082,0.00006559,418.2083,379.7376,0.6869,61.6387,1.8384,37588.4109,89.7407,538.3845,395.5999,218.4789,430.6076,432.5446,432.5446,1046.441,1081.3617,427.0584,0.0,2.43015,2.511246,0.971205,30,216,96,2,0.20383968,0.00163983,-0.01249836,0E-8,0.000000,0.906607,0.000000,0.01775797,2026-03-22,2026-08-06,108,3621,2443,138,0.782609,1.360932,1.287360,0.679466,,,,,,,,GLOBAL_BASELINE_NO_ENTITY_RANKING,,,NOT_APPLICABLE_GLOBAL_BASELINE,HF9g-P5,,,,X 全窗基线 · 不参与实体赏罚,14198797,1420,A168_HF9F_20260827_0900,2026-08-27 09:00:00
2026-05-21,57024343,1490,0,2162.7233011810,-1319.2612137204,-1319.2612137204,0.2000000,5,5,0.50665070000000000,0.506650700000,-1.3715049547573244,-1.3715049547573244,-1.3715049547573244,0E-17,ELIGIBLE,R03b_20260811_FULL_v1,L1_ELIGIBILITY,v2026-08-11,2026-03-21..2026-08-06,baccarat_bet02_101_all_pairs_incl_sentinel,round_win = game_pnl > 0 (decisive only),COMPATIBILITY_ONLY_NOT_PRODUCTION,4059548.3812,3680416.6879,6656.9809,9707,9692,-0.00163983,0.01249836,-0.00525961,-0.00163983,-6656.9809,4059548.3812,OK,0.0000,266.2792,4.0000,96.0000,AG03-UNRESOLVED,ALL5_LEVELS_bet23_to_bet27,266.2792,266.2792,266.2792,0.0000,0.0000,4.000000,4.000000,4.000000,0.000000,0.000000,96.000000,96.000000,96.000000,100.000000,100.000000,5.0,798.8377,767.3102,5858.1432,5889.6706,PENDING_AG03,FALSE,NOT_FOR_ENFORCEMENT,6390.7016,3533200.0204,6656.9809,6390.7016,266.2792,0.00163983,0.00157424,266.2792,6390.7016,0.00157424,266.2792,266.2792,266.2792,0.0000,0.0000,6390.7016,0.00157424,798.8377,767.3102,5858.1432,5889.6706,0.00144305,0.00145082,0.00006559,418.2083,379.7376,0.6869,61.6387,1.8384,37588.4109,89.7407,538.3845,395.5999,218.4789,430.6076,432.5446,432.5446,1046.441,1081.3617,427.0584,0.0,2.43015,2.511246,0.971205,30,216,96,2,0.20383968,0.00163983,-0.01249836,0E-8,0.000000,0.906607,0.000000,0.01775797,2026-03-22,2026-08-06,108,3621,2443,138,0.782609,1.360932,1.287360,0.679466,,,,,,,,GLOBAL_BASELINE_NO_ENTITY_RANKING,,,NOT_APPLICABLE_GLOBAL_BASELINE,HF9g-P5,,,,X 全窗基线 · 不参与实体赏罚,14198798,1420,A168_HF9F_20260827_0900,2026-08-27 09:00:00
2026-05-21,57024343,1507,0,432.5446602362,432.5446602362,432.5446602362,1.0000000,1,1,0.49324550000000000,0.493245500000,1.01360149184955,1.01360149184955,1.01360149184955,0E-17,ELIGIBLE,R03b_20260811_FULL_v1,L1_ELIGIBILITY,v2026-08-11,2026-03-21..2026-08-06,baccarat_bet02_101_all_pairs_incl_sentinel,round_win = game_pnl > 0 (decisive only),COMPATIBILITY_ONLY_NOT_PRODUCTION,4059548.3812,3680416.6879,6656.9809,9707,9692,-0.00163983,0.01249836,-0.00525961,-0.00163983,-6656.9809,4059548.3812,OK,0.0000,266.2792,4.0000,96.0000,AG03-UNRESOLVED,ALL5_LEVELS_bet23_to_bet27,266.2792,266.2792,266.2792,0.0000,0.0000,4.000000,4.000000,4.000000,0.000000,0.000000,96.000000,96.000000,96.000000,100.000000,100.000000,5.0,798.8377,767.3102,5858.1432,5889.6706,PENDING_AG03,FALSE,NOT_FOR_ENFORCEMENT,6390.7016,3533200.0204,6656.9809,6390.7016,266.2792,0.00163983,0.00157424,266.2792,6390.7016,0.00157424,266.2792,266.2792,266.2792,0.0000,0.0000,6390.7016,0.00157424,798.8377,767.3102,5858.1432,5889.6706,0.00144305,0.00145082,0.00006559,418.2083,379.7376,0.6869,61.6387,1.8384,37588.4109,89.7407,538.3845,395.5999,218.4789,430.6076,432.5446,432.5446,1046.441,1081.3617,427.0584,0.0,2.43015,2.511246,0.971205,30,216,96,2,0.20383968,0.00163983,-0.01249836,0E-8,0.000000,0.906607,0.000000,0.01775797,2026-03-22,2026-08-06,108,3621,2443,138,0.782609,1.360932,1.287360,0.679466,,,,,,,,GLOBAL_BASELINE_NO_ENTITY_RANKING,,,NOT_APPLICABLE_GLOBAL_BASELINE,HF9g-P5,,,,X 全窗基线 · 不参与实体赏罚,14198799,1420,A168_HF9F_20260827_0900,2026-08-27 09:00:00
2026-05-21,57024343,1940,0,432.5446602362,410.9174272244,410.9174272244,1.0000000,1,1,0.50665070000000000,0.506650700000,0.9867858985152569,0.9867858985152569,0.9867858985152569,0E-17,ELIGIBLE,R03b_20260811_FULL_v1,L1_ELIGIBILITY,v2026-08-11,2026-03-21..2026-08-06,baccarat_bet02_101_all_pairs_incl_sentinel,round_win = game_pnl > 0 (decisive only),COMPATIBILITY_ONLY_NOT_PRODUCTION,4059548.3812,3680416.6879,6656.9809,9707,9692,-0.00163983,0.01249836,-0.00525961,-0.00163983,-6656.9809,4059548.3812,OK,0.0000,266.2792,4.0000,96.0000,AG03-UNRESOLVED,ALL5_LEVELS_bet23_to_bet27,266.2792,266.2792,266.2792,0.0000,0.0000,4.000000,4.000000,4.000000,0.000000,0.000000,96.000000,96.000000,96.000000,100.000000,100.000000,5.0,798.8377,767.3102,5858.1432,5889.6706,PENDING_AG03,FALSE,NOT_FOR_ENFORCEMENT,6390.7016,3533200.0204,6656.9809,6390.7016,266.2792,0.00163983,0.00157424,266.2792,6390.7016,0.00157424,266.2792,266.2792,266.2792,0.0000,0.0000,6390.7016,0.00157424,798.8377,767.3102,5858.1432,5889.6706,0.00144305,0.00145082,0.00006559,418.2083,379.7376,0.6869,61.6387,1.8384,37588.4109,89.7407,538.3845,395.5999,218.4789,430.6076,432.5446,432.5446,1046.441,1081.3617,427.0584,0.0,2.43015,2.511246,0.971205,30,216,96,2,0.20383968,0.00163983,-0.01249836,0E-8,0.000000,0.906607,0.000000,0.01775797,2026-03-22,2026-08-06,108,3621,2443,138,0.782609,1.360932,1.287360,0.679466,,,,,,,,GLOBAL_BASELINE_NO_ENTITY_RANKING,,,NOT_APPLICABLE_GLOBAL_BASELINE,HF9g-P5,,,,X 全窗基线 · 不参与实体赏罚,14198800,1420,A168_HF9F_20260827_0900,2026-08-27 09:00:00
2026-05-21,57024343,1947,0,865.0893204724,-432.5446602362,-432.5446602362,0E-7,2,2,0.50665070000000000,0.506650700000,-1.013391052207602,-1.013391052207602,-1.013391052207602,0E-17,ELIGIBLE,R03b_20260811_FULL_v1,L1_ELIGIBILITY,v2026-08-11,2026-03-21..2026-08-06,baccarat_bet02_101_all_pairs_incl_sentinel,round_win = game_pnl > 0 (decisive only),COMPATIBILITY_ONLY_NOT_PRODUCTION,4059548.3812,3680416.6879,6656.9809,9707,9692,-0.00163983,0.01249836,-0.00525961,-0.00163983,-6656.9809,4059548.3812,OK,0.0000,266.2792,4.0000,96.0000,AG03-UNRESOLVED,ALL5_LEVELS_bet23_to_bet27,266.2792,266.2792,266.2792,0.0000,0.0000,4.000000,4.000000,4.000000,0.000000,0.000000,96.000000,96.000000,96.000000,100.000000,100.000000,5.0,798.8377,767.3102,5858.1432,5889.6706,PENDING_AG03,FALSE,NOT_FOR_ENFORCEMENT,6390.7016,3533200.0204,6656.9809,6390.7016,266.2792,0.00163983,0.00157424,266.2792,6390.7016,0.00157424,266.2792,266.2792,266.2792,0.0000,0.0000,6390.7016,0.00157424,798.8377,767.3102,5858.1432,5889.6706,0.00144305,0.00145082,0.00006559,418.2083,379.7376,0.6869,61.6387,1.8384,37588.4109,89.7407,538.3845,395.5999,218.4789,430.6076,432.5446,432.5446,1046.441,1081.3617,427.0584,0.0,2.43015,2.511246,0.971205,30,216,96,2,0.20383968,0.00163983,-0.01249836,0E-8,0.000000,0.906607,0.000000,0.01775797,2026-03-22,2026-08-06,108,3621,2443,138,0.782609,1.360932,1.287360,0.679466,,,,,,,,GLOBAL_BASELINE_NO_ENTITY_RANKING,,,NOT_APPLICABLE_GLOBAL_BASELINE,HF9g-P5,,,,X 全窗基线 · 不参与实体赏罚,14198801,1420,A168_HF9F_20260827_0900,2026-08-27 09:00:00
2026-05-21,57024343,1985,0,1297.6339807086,-454.1718932480,-454.1718932480,0.3333333,3,3,0.50665070000000000,0.506650700000,-0.6004420894325239,-0.6004420894325239,-0.6004420894325239,0E-17,ELIGIBLE,R03b_20260811_FULL_v1,L1_ELIGIBILITY,v2026-08-11,2026-03-21..2026-08-06,baccarat_bet02_101_all_pairs_incl_sentinel,round_win = game_pnl > 0 (decisive only),COMPATIBILITY_ONLY_NOT_PRODUCTION,4059548.3812,3680416.6879,6656.9809,9707,9692,-0.00163983,0.01249836,-0.00525961,-0.00163983,-6656.9809,4059548.3812,OK,0.0000,266.2792,4.0000,96.0000,AG03-UNRESOLVED,ALL5_LEVELS_bet23_to_bet27,266.2792,266.2792,266.2792,0.0000,0.0000,4.000000,4.000000,4.000000,0.000000,0.000000,96.000000,96.000000,96.000000,100.000000,100.000000,5.0,798.8377,767.3102,5858.1432,5889.6706,PENDING_AG03,FALSE,NOT_FOR_ENFORCEMENT,6390.7016,3533200.0204,6656.9809,6390.7016,266.2792,0.00163983,0.00157424,266.2792,6390.7016,0.00157424,266.2792,266.2792,266.2792,0.0000,0.0000,6390.7016,0.00157424,798.8377,767.3102,5858.1432,5889.6706,0.00144305,0.00145082,0.00006559,418.2083,379.7376,0.6869,61.6387,1.8384,37588.4109,89.7407,538.3845,395.5999,218.4789,430.6076,432.5446,432.5446,1046.441,1081.3617,427.0584,0.0,2.43015,2.511246,0.971205,30,216,96,2,0.20383968,0.00163983,-0.01249836,0E-8,0.000000,0.906607,0.000000,0.01775797,2026-03-22,2026-08-06,108,3621,2443,138,0.782609,1.360932,1.287360,0.679466,,,,,,,,GLOBAL_BASELINE_NO_ENTITY_RANKING,,,NOT_APPLICABLE_GLOBAL_BASELINE,HF9g-P5,,,,X 全窗基线 · 不参与实体赏罚,14198802,1420,A168_HF9F_20260827_0900,2026-08-27 09:00:00
2026-05-21,57024343,2152,0,432.5446602362,0E-10,0E-10,,1,1,0.50665070000000000,0.506650700000,,,,0E-17,NO_DECISIVE_ROUND,R03b_20260811_FULL_v1,L1_ELIGIBILITY,v2026-08-11,2026-03-21..2026-08-06,baccarat_bet02_101_all_pairs_incl_sentinel,round_win = game_pnl > 0 (decisive only),COMPATIBILITY_ONLY_NOT_PRODUCTION,4059548.3812,3680416.6879,6656.9809,9707,9692,-0.00163983,0.01249836,-0.00525961,-0.00163983,-6656.9809,4059548.3812,OK,0.0000,266.2792,4.0000,96.0000,AG03-UNRESOLVED,ALL5_LEVELS_bet23_to_bet27,266.2792,266.2792,266.2792,0.0000,0.0000,4.000000,4.000000,4.000000,0.000000,0.000000,96.000000,96.000000,96.000000,100.000000,100.000000,5.0,798.8377,767.3102,5858.1432,5889.6706,PENDING_AG03,FALSE,NOT_FOR_ENFORCEMENT,6390.7016,3533200.0204,6656.9809,6390.7016,266.2792,0.00163983,0.00157424,266.2792,6390.7016,0.00157424,266.2792,266.2792,266.2792,0.0000,0.0000,6390.7016,0.00157424,798.8377,767.3102,5858.1432,5889.6706,0.00144305,0.00145082,0.00006559,418.2083,379.7376,0.6869,61.6387,1.8384,37588.4109,89.7407,538.3845,395.5999,218.4789,430.6076,432.5446,432.5446,1046.441,1081.3617,427.0584,0.0,2.43015,2.511246,0.971205,30,216,96,2,0.20383968,0.00163983,-0.01249836,0E-8,0.000000,0.906607,0.000000,0.01775797,2026-03-22,2026-08-06,108,3621,2443,138,0.782609,1.360932,1.287360,0.679466,,,,,,,,GLOBAL_BASELINE_NO_ENTITY_RANKING,,,NOT_APPLICABLE_GLOBAL_BASELINE,HF9g-P5,,,,X 全窗基线 · 不参与实体赏罚,14198803,1420,A168_HF9F_20260827_0900,2026-08-27 09:00:00
2026-05-21,57024343,2177,0,3027.8126216534,1622.0424758858,1622.0424758858,0.8333333,7,7,0.50665070000000000,0.506650700000,1.6005531159783741,1.6005531159783741,1.6005531159783741,0E-17,ELIGIBLE,R03b_20260811_FULL_v1,L1_ELIGIBILITY,v2026-08-11,2026-03-21..2026-08-06,baccarat_bet02_101_all_pairs_incl_sentinel,round_win = game_pnl > 0 (decisive only),COMPATIBILITY_ONLY_NOT_PRODUCTION,4059548.3812,3680416.6879,6656.9809,9707,9692,-0.00163983,0.01249836,-0.00525961,-0.00163983,-6656.9809,4059548.3812,OK,0.0000,266.2792,4.0000,96.0000,AG03-UNRESOLVED,ALL5_LEVELS_bet23_to_bet27,266.2792,266.2792,266.2792,0.0000,0.0000,4.000000,4.000000,4.000000,0.000000,0.000000,96.000000,96.000000,96.000000,100.000000,100.000000,5.0,798.8377,767.3102,5858.1432,5889.6706,PENDING_AG03,FALSE,NOT_FOR_ENFORCEMENT,6390.7016,3533200.0204,6656.9809,6390.7016,266.2792,0.00163983,0.00157424,266.2792,6390.7016,0.00157424,266.2792,266.2792,266.2792,0.0000,0.0000,6390.7016,0.00157424,798.8377,767.3102,5858.1432,5889.6706,0.00144305,0.00145082,0.00006559,418.2083,379.7376,0.6869,61.6387,1.8384,37588.4109,89.7407,538.3845,395.5999,218.4789,430.6076,432.5446,432.5446,1046.441,1081.3617,427.0584,0.0,2.43015,2.511246,0.971205,30,216,96,2,0.20383968,0.00163983,-0.01249836,0E-8,0.000000,0.906607,0.000000,0.01775797,2026-03-22,2026-08-06,108,3621,2443,138,0.782609,1.360932,1.287360,0.679466,,,,,,,,GLOBAL_BASELINE_NO_ENTITY_RANKING,,,NOT_APPLICABLE_GLOBAL_BASELINE,HF9g-P5,,,,X 全窗基线 · 不参与实体赏罚,14198804,1420,A168_HF9F_20260827_0900,2026-08-27 09:00:00
2026-05-21,57024343,2196,0,4325.4466023620,2443.8773303346,2443.8773303346,0.8750000,10,10,0.50665070000000000,0.506650700000,2.0838826589630113,2.0838826589630113,2.0838826589630113,0E-17,ELIGIBLE,R03b_20260811_FULL_v1,L1_ELIGIBILITY,v2026-08-11,2026-03-21..2026-08-06,baccarat_bet02_101_all_pairs_incl_sentinel,round_win = game_pnl > 0 (decisive only),COMPATIBILITY_ONLY_NOT_PRODUCTION,4059548.3812,3680416.6879,6656.9809,9707,9692,-0.00163983,0.01249836,-0.00525961,-0.00163983,-6656.9809,4059548.3812,OK,0.0000,266.2792,4.0000,96.0000,AG03-UNRESOLVED,ALL5_LEVELS_bet23_to_bet27,266.2792,266.2792,266.2792,0.0000,0.0000,4.000000,4.000000,4.000000,0.000000,0.000000,96.000000,96.000000,96.000000,100.000000,100.000000,5.0,798.8377,767.3102,5858.1432,5889.6706,PENDING_AG03,FALSE,NOT_FOR_ENFORCEMENT,6390.7016,3533200.0204,6656.9809,6390.7016,266.2792,0.00163983,0.00157424,266.2792,6390.7016,0.00157424,266.2792,266.2792,266.2792,0.0000,0.0000,6390.7016,0.00157424,798.8377,767.3102,5858.1432,5889.6706,0.00144305,0.00145082,0.00006559,418.2083,379.7376,0.6869,61.6387,1.8384,37588.4109,89.7407,538.3845,395.5999,218.4789,430.6076,432.5446,432.5446,1046.441,1081.3617,427.0584,0.0,2.43015,2.511246,0.971205,30,216,96,2,0.20383968,0.00163983,-0.01249836,0E-8,0.000000,0.906607,0.000000,0.01775797,2026-03-22,2026-08-06,108,3621,2443,138,0.782609,1.360932,1.287360,0.679466,,,,,,,,GLOBAL_BASELINE_NO_ENTITY_RANKING,,,NOT_APPLICABLE_GLOBAL_BASELINE,HF9g-P5,,,,X 全窗基线 · 不参与实体赏罚,14198805,1420,A168_HF9F_20260827_0900,2026-08-27 09:00:00
2026-05-21,57024343,2209,0,432.5446602362,-432.5446602362,-432.5446602362,0E-7,1,1,0.49324550000000000,0.493245500000,-0.9865810262130424,-0.9865810262130424,-0.9865810262130424,0E-17,ELIGIBLE,R03b_20260811_FULL_v1,L1_ELIGIBILITY,v2026-08-11,2026-03-21..2026-08-06,baccarat_bet02_101_all_pairs_incl_sentinel,round_win = game_pnl > 0 (decisive only),COMPATIBILITY_ONLY_NOT_PRODUCTION,4059548.3812,3680416.6879,6656.9809,9707,9692,-0.00163983,0.01249836,-0.00525961,-0.00163983,-6656.9809,4059548.3812,OK,0.0000,266.2792,4.0000,96.0000,AG03-UNRESOLVED,ALL5_LEVELS_bet23_to_bet27,266.2792,266.2792,266.2792,0.0000,0.0000,4.000000,4.000000,4.000000,0.000000,0.000000,96.000000,96.000000,96.000000,100.000000,100.000000,5.0,798.8377,767.3102,5858.1432,5889.6706,PENDING_AG03,FALSE,NOT_FOR_ENFORCEMENT,6390.7016,3533200.0204,6656.9809,6390.7016,266.2792,0.00163983,0.00157424,266.2792,6390.7016,0.00157424,266.2792,266.2792,266.2792,0.0000,0.0000,6390.7016,0.00157424,798.8377,767.3102,5858.1432,5889.6706,0.00144305,0.00145082,0.00006559,418.2083,379.7376,0.6869,61.6387,1.8384,37588.4109,89.7407,538.3845,395.5999,218.4789,430.6076,432.5446,432.5446,1046.441,1081.3617,427.0584,0.0,2.43015,2.511246,0.971205,30,216,96,2,0.20383968,0.00163983,-0.01249836,0E-8,0.000000,0.906607,0.000000,0.01775797,2026-03-22,2026-08-06,108,3621,2443,138,0.782609,1.360932,1.287360,0.679466,,,,,,,,GLOBAL_BASELINE_NO_ENTITY_RANKING,,,NOT_APPLICABLE_GLOBAL_BASELINE,HF9g-P5,,,,X 全窗基线 · 不参与实体赏罚,14198806,1420,A168_HF9F_20260827_0900,2026-08-27 09:00:00
2026-05-21,57024343,2218,0,432.5446602362,-432.5446602362,-432.5446602362,0E-7,1,1,0.50665070000000000,0.506650700000,-1.013391052207602,-1.013391052207602,-1.013391052207602,0E-17,ELIGIBLE,R03b_20260811_FULL_v1,L1_ELIGIBILITY,v2026-08-11,2026-03-21..2026-08-06,baccarat_bet02_101_all_pairs_incl_sentinel,round_win = game_pnl > 0 (decisive only),COMPATIBILITY_ONLY_NOT_PRODUCTION,4059548.3812,3680416.6879,6656.9809,9707,9692,-0.00163983,0.01249836,-0.00525961,-0.00163983,-6656.9809,4059548.3812,OK,0.0000,266.2792,4.0000,96.0000,AG03-UNRESOLVED,ALL5_LEVELS_bet23_to_bet27,266.2792,266.2792,266.2792,0.0000,0.0000,4.000000,4.000000,4.000000,0.000000,0.000000,96.000000,96.000000,96.000000,100.000000,100.000000,5.0,798.8377,767.3102,5858.1432,5889.6706,PENDING_AG03,FALSE,NOT_FOR_ENFORCEMENT,6390.7016,3533200.0204,6656.9809,6390.7016,266.2792,0.00163983,0.00157424,266.2792,6390.7016,0.00157424,266.2792,266.2792,266.2792,0.0000,0.0000,6390.7016,0.00157424,798.8377,767.3102,5858.1432,5889.6706,0.00144305,0.00145082,0.00006559,418.2083,379.7376,0.6869,61.6387,1.8384,37588.4109,89.7407,538.3845,395.5999,218.4789,430.6076,432.5446,432.5446,1046.441,1081.3617,427.0584,0.0,2.43015,2.511246,0.971205,30,216,96,2,0.20383968,0.00163983,-0.01249836,0E-8,0.000000,0.906607,0.000000,0.01775797,2026-03-22,2026-08-06,108,3621,2443,138,0.782609,1.360932,1.287360,0.679466,,,,,,,,GLOBAL_BASELINE_NO_ENTITY_RANKING,,,NOT_APPLICABLE_GLOBAL_BASELINE,HF9g-P5,,,,X 全窗基线 · 不参与实体赏罚,14198807,1420,A168_HF9F_20260827_0900,2026-08-27 09:00:00
2026-05-21,57024343,2229,0,865.0893204724,-865.0893204724,-865.0893204724,0E-7,2,2,0.50665070000000000,0.506650700000,-1.4331513700195317,-1.4331513700195317,-1.4331513700195317,0E-17,ELIGIBLE,R03b_20260811_FULL_v1,L1_ELIGIBILITY,v2026-08-11,2026-03-21..2026-08-06,baccarat_bet02_101_all_pairs_incl_sentinel,round_win = game_pnl > 0 (decisive only),COMPATIBILITY_ONLY_NOT_PRODUCTION,4059548.3812,3680416.6879,6656.9809,9707,9692,-0.00163983,0.01249836,-0.00525961,-0.00163983,-6656.9809,4059548.3812,OK,0.0000,266.2792,4.0000,96.0000,AG03-UNRESOLVED,ALL5_LEVELS_bet23_to_bet27,266.2792,266.2792,266.2792,0.0000,0.0000,4.000000,4.000000,4.000000,0.000000,0.000000,96.000000,96.000000,96.000000,100.000000,100.000000,5.0,798.8377,767.3102,5858.1432,5889.6706,PENDING_AG03,FALSE,NOT_FOR_ENFORCEMENT,6390.7016,3533200.0204,6656.9809,6390.7016,266.2792,0.00163983,0.00157424,266.2792,6390.7016,0.00157424,266.2792,266.2792,266.2792,0.0000,0.0000,6390.7016,0.00157424,798.8377,767.3102,5858.1432,5889.6706,0.00144305,0.00145082,0.00006559,418.2083,379.7376,0.6869,61.6387,1.8384,37588.4109,89.7407,538.3845,395.5999,218.4789,430.6076,432.5446,432.5446,1046.441,1081.3617,427.0584,0.0,2.43015,2.511246,0.971205,30,216,96,2,0.20383968,0.00163983,-0.01249836,0E-8,0.000000,0.906607,0.000000,0.01775797,2026-03-22,2026-08-06,108,3621,2443,138,0.782609,1.360932,1.287360,0.679466,,,,,,,,GLOBAL_BASELINE_NO_ENTITY_RANKING,,,NOT_APPLICABLE_GLOBAL_BASELINE,HF9g-P5,,,,X 全窗基线 · 不参与实体赏罚,14198808,1420,A168_HF9F_20260827_0900,2026-08-27 09:00:00
2026-05-21,57024343,2239,0,432.5446602362,-432.5446602362,-432.5446602362,0E-7,1,1,0.50665070000000000,0.506650700000,-1.013391052207602,-1.013391052207602,-1.013391052207602,0E-17,ELIGIBLE,R03b_20260811_FULL_v1,L1_ELIGIBILITY,v2026-08-11,2026-03-21..2026-08-06,baccarat_bet02_101_all_pairs_incl_sentinel,round_win = game_pnl > 0 (decisive only),COMPATIBILITY_ONLY_NOT_PRODUCTION,4059548.3812,3680416.6879,6656.9809,9707,9692,-0.00163983,0.01249836,-0.00525961,-0.00163983,-6656.9809,4059548.3812,OK,0.0000,266.2792,4.0000,96.0000,AG03-UNRESOLVED,ALL5_LEVELS_bet23_to_bet27,266.2792,266.2792,266.2792,0.0000,0.0000,4.000000,4.000000,4.000000,0.000000,0.000000,96.000000,96.000000,96.000000,100.000000,100.000000,5.0,798.8377,767.3102,5858.1432,5889.6706,PENDING_AG03,FALSE,NOT_FOR_ENFORCEMENT,6390.7016,3533200.0204,6656.9809,6390.7016,266.2792,0.00163983,0.00157424,266.2792,6390.7016,0.00157424,266.2792,266.2792,266.2792,0.0000,0.0000,6390.7016,0.00157424,798.8377,767.3102,5858.1432,5889.6706,0.00144305,0.00145082,0.00006559,418.2083,379.7376,0.6869,61.6387,1.8384,37588.4109,89.7407,538.3845,395.5999,218.4789,430.6076,432.5446,432.5446,1046.441,1081.3617,427.0584,0.0,2.43015,2.511246,0.971205,30,216,96,2,0.20383968,0.00163983,-0.01249836,0E-8,0.000000,0.906607,0.000000,0.01775797,2026-03-22,2026-08-06,108,3621,2443,138,0.782609,1.360932,1.287360,0.679466,,,,,,,,GLOBAL_BASELINE_NO_ENTITY_RANKING,,,NOT_APPLICABLE_GLOBAL_BASELINE,HF9g-P5,,,,X 全窗基线 · 不参与实体赏罚,14198809,1420,A168_HF9F_20260827_0900,2026-08-27 09:00:00
2026-05-21,57024343,2242,0,1730.1786409448,1643.6697088976,1643.6697088976,1.0000000,4,4,0.50665070000000000,0.506650700000,1.9735717970305138,1.9735717970305138,1.9735717970305138,0E-17,ELIGIBLE,R03b_20260811_FULL_v1,L1_ELIGIBILITY,v2026-08-11,2026-03-21..2026-08-06,baccarat_bet02_101_all_pairs_incl_sentinel,round_win = game_pnl > 0 (decisive only),COMPATIBILITY_ONLY_NOT_PRODUCTION,4059548.3812,3680416.6879,6656.9809,9707,9692,-0.00163983,0.01249836,-0.00525961,-0.00163983,-6656.9809,4059548.3812,OK,0.0000,266.2792,4.0000,96.0000,AG03-UNRESOLVED,ALL5_LEVELS_bet23_to_bet27,266.2792,266.2792,266.2792,0.0000,0.0000,4.000000,4.000000,4.000000,0.000000,0.000000,96.000000,96.000000,96.000000,100.000000,100.000000,5.0,798.8377,767.3102,5858.1432,5889.6706,PENDING_AG03,FALSE,NOT_FOR_ENFORCEMENT,6390.7016,3533200.0204,6656.9809,6390.7016,266.2792,0.00163983,0.00157424,266.2792,6390.7016,0.00157424,266.2792,266.2792,266.2792,0.0000,0.0000,6390.7016,0.00157424,798.8377,767.3102,5858.1432,5889.6706,0.00144305,0.00145082,0.00006559,418.2083,379.7376,0.6869,61.6387,1.8384,37588.4109,89.7407,538.3845,395.5999,218.4789,430.6076,432.5446,432.5446,1046.441,1081.3617,427.0584,0.0,2.43015,2.511246,0.971205,30,216,96,2,0.20383968,0.00163983,-0.01249836,0E-8,0.000000,0.906607,0.000000,0.01775797,2026-03-22,2026-08-06,108,3621,2443,138,0.782609,1.360932,1.287360,0.679466,,,,,,,,GLOBAL_BASELINE_NO_ENTITY_RANKING,,,NOT_APPLICABLE_GLOBAL_BASELINE,HF9g-P5,,,,X 全窗基线 · 不参与实体赏罚,14198810,1420,A168_HF9F_20260827_0900,2026-08-27 09:00:00
2026-05-21,57024343,2254,0,865.0893204724,-432.5446602362,-432.5446602362,0E-7,2,2,0.50665070000000000,0.506650700000,-1.013391052207602,-1.013391052207602,-1.013391052207602,0E-17,ELIGIBLE,R03b_20260811_FULL_v1,L1_ELIGIBILITY,v2026-08-11,2026-03-21..2026-08-06,baccarat_bet02_101_all_pairs_incl_sentinel,round_win = game_pnl > 0 (decisive only),COMPATIBILITY_ONLY_NOT_PRODUCTION,4059548.3812,3680416.6879,6656.9809,9707,9692,-0.00163983,0.01249836,-0.00525961,-0.00163983,-6656.9809,4059548.3812,OK,0.0000,266.2792,4.0000,96.0000,AG03-UNRESOLVED,ALL5_LEVELS_bet23_to_bet27,266.2792,266.2792,266.2792,0.0000,0.0000,4.000000,4.000000,4.000000,0.000000,0.000000,96.000000,96.000000,96.000000,100.000000,100.000000,5.0,798.8377,767.3102,5858.1432,5889.6706,PENDING_AG03,FALSE,NOT_FOR_ENFORCEMENT,6390.7016,3533200.0204,6656.9809,6390.7016,266.2792,0.00163983,0.00157424,266.2792,6390.7016,0.00157424,266.2792,266.2792,266.2792,0.0000,0.0000,6390.7016,0.00157424,798.8377,767.3102,5858.1432,5889.6706,0.00144305,0.00145082,0.00006559,418.2083,379.7376,0.6869,61.6387,1.8384,37588.4109,89.7407,538.3845,395.5999,218.4789,430.6076,432.5446,432.5446,1046.441,1081.3617,427.0584,0.0,2.43015,2.511246,0.971205,30,216,96,2,0.20383968,0.00163983,-0.01249836,0E-8,0.000000,0.906607,0.000000,0.01775797,2026-03-22,2026-08-06,108,3621,2443,138,0.782609,1.360932,1.287360,0.679466,,,,,,,,GLOBAL_BASELINE_NO_ENTITY_RANKING,,,NOT_APPLICABLE_GLOBAL_BASELINE,HF9g-P5,,,,X 全窗基线 · 不参与实体赏罚,14198811,1420,A168_HF9F_20260827_0900,2026-08-27 09:00:00
2026-05-21,57024343,2266,0,432.5446602362,0E-10,0E-10,,1,1,0.50665070000000000,0.506650700000,,,,0E-17,NO_DECISIVE_ROUND,R03b_20260811_FULL_v1,L1_ELIGIBILITY,v2026-08-11,2026-03-21..2026-08-06,baccarat_bet02_101_all_pairs_incl_sentinel,round_win = game_pnl > 0 (decisive only),COMPATIBILITY_ONLY_NOT_PRODUCTION,4059548.3812,3680416.6879,6656.9809,9707,9692,-0.00163983,0.01249836,-0.00525961,-0.00163983,-6656.9809,4059548.3812,OK,0.0000,266.2792,4.0000,96.0000,AG03-UNRESOLVED,ALL5_LEVELS_bet23_to_bet27,266.2792,266.2792,266.2792,0.0000,0.0000,4.000000,4.000000,4.000000,0.000000,0.000000,96.000000,96.000000,96.000000,100.000000,100.000000,5.0,798.8377,767.3102,5858.1432,5889.6706,PENDING_AG03,FALSE,NOT_FOR_ENFORCEMENT,6390.7016,3533200.0204,6656.9809,6390.7016,266.2792,0.00163983,0.00157424,266.2792,6390.7016,0.00157424,266.2792,266.2792,266.2792,0.0000,0.0000,6390.7016,0.00157424,798.8377,767.3102,5858.1432,5889.6706,0.00144305,0.00145082,0.00006559,418.2083,379.7376,0.6869,61.6387,1.8384,37588.4109,89.7407,538.3845,395.5999,218.4789,430.6076,432.5446,432.5446,1046.441,1081.3617,427.0584,0.0,2.43015,2.511246,0.971205,30,216,96,2,0.20383968,0.00163983,-0.01249836,0E-8,0.000000,0.906607,0.000000,0.01775797,2026-03-22,2026-08-06,108,3621,2443,138,0.782609,1.360932,1.287360,0.679466,,,,,,,,GLOBAL_BASELINE_NO_ENTITY_RANKING,,,NOT_APPLICABLE_GLOBAL_BASELINE,HF9g-P5,,,,X 全窗基线 · 不参与实体赏罚,14198812,1420,A168_HF9F_20260827_0900,2026-08-27 09:00:00
2026-05-21,57024343,2271,0,1297.6339807086,-21.6272330118,-21.6272330118,0.5000000,3,3,0.50665070000000000,0.506650700000,-0.018812684590367487,-0.018812684590367487,-0.018812684590367487,0E-17,ELIGIBLE,R03b_20260811_FULL_v1,L1_ELIGIBILITY,v2026-08-11,2026-03-21..2026-08-06,baccarat_bet02_101_all_pairs_incl_sentinel,round_win = game_pnl > 0 (decisive only),COMPATIBILITY_ONLY_NOT_PRODUCTION,4059548.3812,3680416.6879,6656.9809,9707,9692,-0.00163983,0.01249836,-0.00525961,-0.00163983,-6656.9809,4059548.3812,OK,0.0000,266.2792,4.0000,96.0000,AG03-UNRESOLVED,ALL5_LEVELS_bet23_to_bet27,266.2792,266.2792,266.2792,0.0000,0.0000,4.000000,4.000000,4.000000,0.000000,0.000000,96.000000,96.000000,96.000000,100.000000,100.000000,5.0,798.8377,767.3102,5858.1432,5889.6706,PENDING_AG03,FALSE,NOT_FOR_ENFORCEMENT,6390.7016,3533200.0204,6656.9809,6390.7016,266.2792,0.00163983,0.00157424,266.2792,6390.7016,0.00157424,266.2792,266.2792,266.2792,0.0000,0.0000,6390.7016,0.00157424,798.8377,767.3102,5858.1432,5889.6706,0.00144305,0.00145082,0.00006559,418.2083,379.7376,0.6869,61.6387,1.8384,37588.4109,89.7407,538.3845,395.5999,218.4789,430.6076,432.5446,432.5446,1046.441,1081.3617,427.0584,0.0,2.43015,2.511246,0.971205,30,216,96,2,0.20383968,0.00163983,-0.01249836,0E-8,0.000000,0.906607,0.000000,0.01775797,2026-03-22,2026-08-06,108,3621,2443,138,0.782609,1.360932,1.287360,0.679466,,,,,,,,GLOBAL_BASELINE_NO_ENTITY_RANKING,,,NOT_APPLICABLE_GLOBAL_BASELINE,HF9g-P5,,,,X 全窗基线 · 不参与实体赏罚,14198813,1420,A168_HF9F_20260827_0900,2026-08-27 09:00:00
2026-05-21,57024343,595,0,432.5446602362,410.9174272244,410.9174272244,1.0000000,1,1,0.50665070000000000,0.506650700000,0.9867858985152569,0.9867858985152569,0.9867858985152569,0E-17,ELIGIBLE,R03b_20260811_FULL_v1,L1_ELIGIBILITY,v2026-08-11,2026-03-21..2026-08-06,baccarat_bet02_101_all_pairs_incl_sentinel,round_win = game_pnl > 0 (decisive only),COMPATIBILITY_ONLY_NOT_PRODUCTION,4059548.3812,3680416.6879,6656.9809,9707,9692,-0.00163983,0.01249836,-0.00525961,-0.00163983,-6656.9809,4059548.3812,OK,0.0000,266.2792,4.0000,96.0000,AG03-UNRESOLVED,ALL5_LEVELS_bet23_to_bet27,266.2792,266.2792,266.2792,0.0000,0.0000,4.000000,4.000000,4.000000,0.000000,0.000000,96.000000,96.000000,96.000000,100.000000,100.000000,5.0,798.8377,767.3102,5858.1432,5889.6706,PENDING_AG03,FALSE,NOT_FOR_ENFORCEMENT,6390.7016,3533200.0204,6656.9809,6390.7016,266.2792,0.00163983,0.00157424,266.2792,6390.7016,0.00157424,266.2792,266.2792,266.2792,0.0000,0.0000,6390.7016,0.00157424,798.8377,767.3102,5858.1432,5889.6706,0.00144305,0.00145082,0.00006559,418.2083,379.7376,0.6869,61.6387,1.8384,37588.4109,89.7407,538.3845,395.5999,218.4789,430.6076,432.5446,432.5446,1046.441,1081.3617,427.0584,0.0,2.43015,2.511246,0.971205,30,216,96,2,0.20383968,0.00163983,-0.01249836,0E-8,0.000000,0.906607,0.000000,0.01775797,2026-03-22,2026-08-06,108,3621,2443,138,0.782609,1.360932,1.287360,0.679466,,,,,,,,GLOBAL_BASELINE_NO_ENTITY_RANKING,,,NOT_APPLICABLE_GLOBAL_BASELINE,HF9g-P5,,,,X 全窗基线 · 不参与实体赏罚,14198814,1420,A168_HF9F_20260827_0900,2026-08-27 09:00:00
2026-05-21,57024343,752,0,432.5446602362,410.9174272244,410.9174272244,1.0000000,1,1,0.50665070000000000,0.506650700000,0.9867858985152569,0.9867858985152569,0.9867858985152569,0E-17,ELIGIBLE,R03b_20260811_FULL_v1,L1_ELIGIBILITY,v2026-08-11,2026-03-21..2026-08-06,baccarat_bet02_101_all_pairs_incl_sentinel,round_win = game_pnl > 0 (decisive only),COMPATIBILITY_ONLY_NOT_PRODUCTION,4059548.3812,3680416.6879,6656.9809,9707,9692,-0.00163983,0.01249836,-0.00525961,-0.00163983,-6656.9809,4059548.3812,OK,0.0000,266.2792,4.0000,96.0000,AG03-UNRESOLVED,ALL5_LEVELS_bet23_to_bet27,266.2792,266.2792,266.2792,0.0000,0.0000,4.000000,4.000000,4.000000,0.000000,0.000000,96.000000,96.000000,96.000000,100.000000,100.000000,5.0,798.8377,767.3102,5858.1432,5889.6706,PENDING_AG03,FALSE,NOT_FOR_ENFORCEMENT,6390.7016,3533200.0204,6656.9809,6390.7016,266.2792,0.00163983,0.00157424,266.2792,6390.7016,0.00157424,266.2792,266.2792,266.2792,0.0000,0.0000,6390.7016,0.00157424,798.8377,767.3102,5858.1432,5889.6706,0.00144305,0.00145082,0.00006559,418.2083,379.7376,0.6869,61.6387,1.8384,37588.4109,89.7407,538.3845,395.5999,218.4789,430.6076,432.5446,432.5446,1046.441,1081.3617,427.0584,0.0,2.43015,2.511246,0.971205,30,216,96,2,0.20383968,0.00163983,-0.01249836,0E-8,0.000000,0.906607,0.000000,0.01775797,2026-03-22,2026-08-06,108,3621,2443,138,0.782609,1.360932,1.287360,0.679466,,,,,,,,GLOBAL_BASELINE_NO_ENTITY_RANKING,,,NOT_APPLICABLE_GLOBAL_BASELINE,HF9g-P5,,,,X 全窗基线 · 不参与实体赏罚,14198815,1420,A168_HF9F_20260827_0900,2026-08-27 09:00:00
2026-05-21,57024343,925,0,865.0893204724,821.8348544488,821.8348544488,1.0000000,2,2,0.50665070000000000,0.506650700000,1.3955260008387969,1.3955260008387969,1.3955260008387969,0E-17,ELIGIBLE,R03b_20260811_FULL_v1,L1_ELIGIBILITY,v2026-08-11,2026-03-21..2026-08-06,baccarat_bet02_101_all_pairs_incl_sentinel,round_win = game_pnl > 0 (decisive only),COMPATIBILITY_ONLY_NOT_PRODUCTION,4059548.3812,3680416.6879,6656.9809,9707,9692,-0.00163983,0.01249836,-0.00525961,-0.00163983,-6656.9809,4059548.3812,OK,0.0000,266.2792,4.0000,96.0000,AG03-UNRESOLVED,ALL5_LEVELS_bet23_to_bet27,266.2792,266.2792,266.2792,0.0000,0.0000,4.000000,4.000000,4.000000,0.000000,0.000000,96.000000,96.000000,96.000000,100.000000,100.000000,5.0,798.8377,767.3102,5858.1432,5889.6706,PENDING_AG03,FALSE,NOT_FOR_ENFORCEMENT,6390.7016,3533200.0204,6656.9809,6390.7016,266.2792,0.00163983,0.00157424,266.2792,6390.7016,0.00157424,266.2792,266.2792,266.2792,0.0000,0.0000,6390.7016,0.00157424,798.8377,767.3102,5858.1432,5889.6706,0.00144305,0.00145082,0.00006559,418.2083,379.7376,0.6869,61.6387,1.8384,37588.4109,89.7407,538.3845,395.5999,218.4789,430.6076,432.5446,432.5446,1046.441,1081.3617,427.0584,0.0,2.43015,2.511246,0.971205,30,216,96,2,0.20383968,0.00163983,-0.01249836,0E-8,0.000000,0.906607,0.000000,0.01775797,2026-03-22,2026-08-06,108,3621,2443,138,0.782609,1.360932,1.287360,0.679466,,,,,,,,GLOBAL_BASELINE_NO_ENTITY_RANKING,,,NOT_APPLICABLE_GLOBAL_BASELINE,HF9g-P5,,,,X 全窗基线 · 不参与实体赏罚,14198816,1420,A168_HF9F_20260827_0900,2026-08-27 09:00:00
2026-05-21,57024343,986,0,432.5446602362,-432.5446602362,-432.5446602362,0E-7,1,1,0.49324550000000000,0.493245500000,-0.9865810262130424,-0.9865810262130424,-0.9865810262130424,0E-17,ELIGIBLE,R03b_20260811_FULL_v1,L1_ELIGIBILITY,v2026-08-11,2026-03-21..2026-08-06,baccarat_bet02_101_all_pairs_incl_sentinel,round_win = game_pnl > 0 (decisive only),COMPATIBILITY_ONLY_NOT_PRODUCTION,4059548.3812,3680416.6879,6656.9809,9707,9692,-0.00163983,0.01249836,-0.00525961,-0.00163983,-6656.9809,4059548.3812,OK,0.0000,266.2792,4.0000,96.0000,AG03-UNRESOLVED,ALL5_LEVELS_bet23_to_bet27,266.2792,266.2792,266.2792,0.0000,0.0000,4.000000,4.000000,4.000000,0.000000,0.000000,96.000000,96.000000,96.000000,100.000000,100.000000,5.0,798.8377,767.3102,5858.1432,5889.6706,PENDING_AG03,FALSE,NOT_FOR_ENFORCEMENT,6390.7016,3533200.0204,6656.9809,6390.7016,266.2792,0.00163983,0.00157424,266.2792,6390.7016,0.00157424,266.2792,266.2792,266.2792,0.0000,0.0000,6390.7016,0.00157424,798.8377,767.3102,5858.1432,5889.6706,0.00144305,0.00145082,0.00006559,418.2083,379.7376,0.6869,61.6387,1.8384,37588.4109,89.7407,538.3845,395.5999,218.4789,430.6076,432.5446,432.5446,1046.441,1081.3617,427.0584,0.0,2.43015,2.511246,0.971205,30,216,96,2,0.20383968,0.00163983,-0.01249836,0E-8,0.000000,0.906607,0.000000,0.01775797,2026-03-22,2026-08-06,108,3621,2443,138,0.782609,1.360932,1.287360,0.679466,,,,,,,,GLOBAL_BASELINE_NO_ENTITY_RANKING,,,NOT_APPLICABLE_GLOBAL_BASELINE,HF9g-P5,,,,X 全窗基线 · 不参与实体赏罚,14198817,1420,A168_HF9F_20260827_0900,2026-08-27 09:00:00
2026-05-22,57024343,-1,1,5190.5359228344,-1362.5156797440,-1362.5156797440,0.3636364,12,12,0.50329940000000000,0.503299400000,-0.9264399481448031,-0.9264399481448032,-0.9264399481448031,0E-17,SENTINEL_DEALER,R03b_20260811_FULL_v1,L1_ELIGIBILITY,v2026-08-11,2026-03-21..2026-08-06,baccarat_bet02_101_all_pairs_incl_sentinel,round_win = game_pnl > 0 (decisive only),COMPATIBILITY_ONLY_NOT_PRODUCTION,4059548.3812,3680416.6879,6656.9809,9707,9692,-0.00163983,0.01249836,-0.00525961,-0.00163983,-6656.9809,4059548.3812,OK,0.0000,266.2792,4.0000,96.0000,AG03-UNRESOLVED,ALL5_LEVELS_bet23_to_bet27,266.2792,266.2792,266.2792,0.0000,0.0000,4.000000,4.000000,4.000000,0.000000,0.000000,96.000000,96.000000,96.000000,100.000000,100.000000,5.0,798.8377,767.3102,5858.1432,5889.6706,PENDING_AG03,FALSE,NOT_FOR_ENFORCEMENT,6390.7016,3533200.0204,6656.9809,6390.7016,266.2792,0.00163983,0.00157424,266.2792,6390.7016,0.00157424,266.2792,266.2792,266.2792,0.0000,0.0000,6390.7016,0.00157424,798.8377,767.3102,5858.1432,5889.6706,0.00144305,0.00145082,0.00006559,418.2083,379.7376,0.6869,61.6387,1.8384,37588.4109,89.7407,538.3845,395.5999,218.4789,430.6076,432.5446,432.5446,1046.441,1081.3617,427.0584,0.0,2.43015,2.511246,0.971205,30,216,96,2,0.20383968,0.00163983,-0.01249836,0E-8,0.000000,0.906607,0.000000,0.01775797,2026-03-22,2026-08-06,108,3621,2443,138,0.782609,1.360932,1.287360,0.679466,,,,,,,,GLOBAL_BASELINE_NO_ENTITY_RANKING,,,NOT_APPLICABLE_GLOBAL_BASELINE,HF9g-P5,,,,X 全窗基线 · 不参与实体赏罚,14198818,1420,A168_HF9F_20260827_0900,2026-08-27 09:00:00
2026-05-22,57024343,1110,0,865.0893204724,821.8348544488,821.8348544488,1.0000000,2,2,0.50665070000000000,0.506650700000,1.3955260008387969,1.3955260008387969,1.3955260008387969,0E-17,ELIGIBLE,R03b_20260811_FULL_v1,L1_ELIGIBILITY,v2026-08-11,2026-03-21..2026-08-06,baccarat_bet02_101_all_pairs_incl_sentinel,round_win = game_pnl > 0 (decisive only),COMPATIBILITY_ONLY_NOT_PRODUCTION,4059548.3812,3680416.6879,6656.9809,9707,9692,-0.00163983,0.01249836,-0.00525961,-0.00163983,-6656.9809,4059548.3812,OK,0.0000,266.2792,4.0000,96.0000,AG03-UNRESOLVED,ALL5_LEVELS_bet23_to_bet27,266.2792,266.2792,266.2792,0.0000,0.0000,4.000000,4.000000,4.000000,0.000000,0.000000,96.000000,96.000000,96.000000,100.000000,100.000000,5.0,798.8377,767.3102,5858.1432,5889.6706,PENDING_AG03,FALSE,NOT_FOR_ENFORCEMENT,6390.7016,3533200.0204,6656.9809,6390.7016,266.2792,0.00163983,0.00157424,266.2792,6390.7016,0.00157424,266.2792,266.2792,266.2792,0.0000,0.0000,6390.7016,0.00157424,798.8377,767.3102,5858.1432,5889.6706,0.00144305,0.00145082,0.00006559,418.2083,379.7376,0.6869,61.6387,1.8384,37588.4109,89.7407,538.3845,395.5999,218.4789,430.6076,432.5446,432.5446,1046.441,1081.3617,427.0584,0.0,2.43015,2.511246,0.971205,30,216,96,2,0.20383968,0.00163983,-0.01249836,0E-8,0.000000,0.906607,0.000000,0.01775797,2026-03-22,2026-08-06,108,3621,2443,138,0.782609,1.360932,1.287360,0.679466,,,,,,,,GLOBAL_BASELINE_NO_ENTITY_RANKING,,,NOT_APPLICABLE_GLOBAL_BASELINE,HF9g-P5,,,,X 全窗基线 · 不参与实体赏罚,14198819,1420,A168_HF9F_20260827_0900,2026-08-27 09:00:00
2026-05-22,57024343,1302,0,1297.6339807086,410.9174272244,410.9174272244,0.6666667,3,3,0.49771390000000000,0.497713900000,0.5852756695216578,0.5852756695216578,0.5852756695216578,0E-17,ELIGIBLE,R03b_20260811_FULL_v1,L1_ELIGIBILITY,v2026-08-11,2026-03-21..2026-08-06,baccarat_bet02_101_all_pairs_incl_sentinel,round_win = game_pnl > 0 (decisive only),COMPATIBILITY_ONLY_NOT_PRODUCTION,4059548.3812,3680416.6879,6656.9809,9707,9692,-0.00163983,0.01249836,-0.00525961,-0.00163983,-6656.9809,4059548.3812,OK,0.0000,266.2792,4.0000,96.0000,AG03-UNRESOLVED,ALL5_LEVELS_bet23_to_bet27,266.2792,266.2792,266.2792,0.0000,0.0000,4.000000,4.000000,4.000000,0.000000,0.000000,96.000000,96.000000,96.000000,100.000000,100.000000,5.0,798.8377,767.3102,5858.1432,5889.6706,PENDING_AG03,FALSE,NOT_FOR_ENFORCEMENT,6390.7016,3533200.0204,6656.9809,6390.7016,266.2792,0.00163983,0.00157424,266.2792,6390.7016,0.00157424,266.2792,266.2792,266.2792,0.0000,0.0000,6390.7016,0.00157424,798.8377,767.3102,5858.1432,5889.6706,0.00144305,0.00145082,0.00006559,418.2083,379.7376,0.6869,61.6387,1.8384,37588.4109,89.7407,538.3845,395.5999,218.4789,430.6076,432.5446,432.5446,1046.441,1081.3617,427.0584,0.0,2.43015,2.511246,0.971205,30,216,96,2,0.20383968,0.00163983,-0.01249836,0E-8,0.000000,0.906607,0.000000,0.01775797,2026-03-22,2026-08-06,108,3621,2443,138,0.782609,1.360932,1.287360,0.679466,,,,,,,,GLOBAL_BASELINE_NO_ENTITY_RANKING,,,NOT_APPLICABLE_GLOBAL_BASELINE,HF9g-P5,,,,X 全窗基线 · 不参与实体赏罚,14198820,1420,A168_HF9F_20260827_0900,2026-08-27 09:00:00
2026-05-22,57024343,1374,0,2162.7233011810,-1319.2612137204,-1319.2612137204,0.2000000,5,5,0.50128862000000000,0.501288620000,-1.347408145195933,-1.347408145195933,-1.347408145195933,0E-17,ELIGIBLE,R03b_20260811_FULL_v1,L1_ELIGIBILITY,v2026-08-11,2026-03-21..2026-08-06,baccarat_bet02_101_all_pairs_incl_sentinel,round_win = game_pnl > 0 (decisive only),COMPATIBILITY_ONLY_NOT_PRODUCTION,4059548.3812,3680416.6879,6656.9809,9707,9692,-0.00163983,0.01249836,-0.00525961,-0.00163983,-6656.9809,4059548.3812,OK,0.0000,266.2792,4.0000,96.0000,AG03-UNRESOLVED,ALL5_LEVELS_bet23_to_bet27,266.2792,266.2792,266.2792,0.0000,0.0000,4.000000,4.000000,4.000000,0.000000,0.000000,96.000000,96.000000,96.000000,100.000000,100.000000,5.0,798.8377,767.3102,5858.1432,5889.6706,PENDING_AG03,FALSE,NOT_FOR_ENFORCEMENT,6390.7016,3533200.0204,6656.9809,6390.7016,266.2792,0.00163983,0.00157424,266.2792,6390.7016,0.00157424,266.2792,266.2792,266.2792,0.0000,0.0000,6390.7016,0.00157424,798.8377,767.3102,5858.1432,5889.6706,0.00144305,0.00145082,0.00006559,418.2083,379.7376,0.6869,61.6387,1.8384,37588.4109,89.7407,538.3845,395.5999,218.4789,430.6076,432.5446,432.5446,1046.441,1081.3617,427.0584,0.0,2.43015,2.511246,0.971205,30,216,96,2,0.20383968,0.00163983,-0.01249836,0E-8,0.000000,0.906607,0.000000,0.01775797,2026-03-22,2026-08-06,108,3621,2443,138,0.782609,1.360932,1.287360,0.679466,,,,,,,,GLOBAL_BASELINE_NO_ENTITY_RANKING,,,NOT_APPLICABLE_GLOBAL_BASELINE,HF9g-P5,,,,X 全窗基线 · 不参与实体赏罚,14198821,1420,A168_HF9F_20260827_0900,2026-08-27 09:00:00
2026-05-22,57024343,1490,0,1297.6339807086,-454.1718932480,-454.1718932480,0.3333333,3,3,0.50665070000000000,0.506650700000,-0.6004420894325239,-0.6004420894325239,-0.6004420894325239,0E-17,ELIGIBLE,R03b_20260811_FULL_v1,L1_ELIGIBILITY,v2026-08-11,2026-03-21..2026-08-06,baccarat_bet02_101_all_pairs_incl_sentinel,round_win = game_pnl > 0 (decisive only),COMPATIBILITY_ONLY_NOT_PRODUCTION,4059548.3812,3680416.6879,6656.9809,9707,9692,-0.00163983,0.01249836,-0.00525961,-0.00163983,-6656.9809,4059548.3812,OK,0.0000,266.2792,4.0000,96.0000,AG03-UNRESOLVED,ALL5_LEVELS_bet23_to_bet27,266.2792,266.2792,266.2792,0.0000,0.0000,4.000000,4.000000,4.000000,0.000000,0.000000,96.000000,96.000000,96.000000,100.000000,100.000000,5.0,798.8377,767.3102,5858.1432,5889.6706,PENDING_AG03,FALSE,NOT_FOR_ENFORCEMENT,6390.7016,3533200.0204,6656.9809,6390.7016,266.2792,0.00163983,0.00157424,266.2792,6390.7016,0.00157424,266.2792,266.2792,266.2792,0.0000,0.0000,6390.7016,0.00157424,798.8377,767.3102,5858.1432,5889.6706,0.00144305,0.00145082,0.00006559,418.2083,379.7376,0.6869,61.6387,1.8384,37588.4109,89.7407,538.3845,395.5999,218.4789,430.6076,432.5446,432.5446,1046.441,1081.3617,427.0584,0.0,2.43015,2.511246,0.971205,30,216,96,2,0.20383968,0.00163983,-0.01249836,0E-8,0.000000,0.906607,0.000000,0.01775797,2026-03-22,2026-08-06,108,3621,2443,138,0.782609,1.360932,1.287360,0.679466,,,,,,,,GLOBAL_BASELINE_NO_ENTITY_RANKING,,,NOT_APPLICABLE_GLOBAL_BASELINE,HF9g-P5,,,,X 全窗基线 · 不参与实体赏罚,14198822,1420,A168_HF9F_20260827_0900,2026-08-27 09:00:00
2026-05-22,57024343,1623,0,1081.3616505905,605.5625243307,605.5625243307,0.6666667,3,3,0.50665070000000000,0.506650700000,0.5543606114942035,0.5543606114942035,0.5543606114942035,0E-17,ELIGIBLE,R03b_20260811_FULL_v1,L1_ELIGIBILITY,v2026-08-11,2026-03-21..2026-08-06,baccarat_bet02_101_all_pairs_incl_sentinel,round_win = game_pnl > 0 (decisive only),COMPATIBILITY_ONLY_NOT_PRODUCTION,4059548.3812,3680416.6879,6656.9809,9707,9692,-0.00163983,0.01249836,-0.00525961,-0.00163983,-6656.9809,4059548.3812,OK,0.0000,266.2792,4.0000,96.0000,AG03-UNRESOLVED,ALL5_LEVELS_bet23_to_bet27,266.2792,266.2792,266.2792,0.0000,0.0000,4.000000,4.000000,4.000000,0.000000,0.000000,96.000000,96.000000,96.000000,100.000000,100.000000,5.0,798.8377,767.3102,5858.1432,5889.6706,PENDING_AG03,FALSE,NOT_FOR_ENFORCEMENT,6390.7016,3533200.0204,6656.9809,6390.7016,266.2792,0.00163983,0.00157424,266.2792,6390.7016,0.00157424,266.2792,266.2792,266.2792,0.0000,0.0000,6390.7016,0.00157424,798.8377,767.3102,5858.1432,5889.6706,0.00144305,0.00145082,0.00006559,418.2083,379.7376,0.6869,61.6387,1.8384,37588.4109,89.7407,538.3845,395.5999,218.4789,430.6076,432.5446,432.5446,1046.441,1081.3617,427.0584,0.0,2.43015,2.511246,0.971205,30,216,96,2,0.20383968,0.00163983,-0.01249836,0E-8,0.000000,0.906607,0.000000,0.01775797,2026-03-22,2026-08-06,108,3621,2443,138,0.782609,1.360932,1.287360,0.679466,,,,,,,,GLOBAL_BASELINE_NO_ENTITY_RANKING,,,NOT_APPLICABLE_GLOBAL_BASELINE,HF9g-P5,,,,X 全窗基线 · 不参与实体赏罚,14198823,1420,A168_HF9F_20260827_0900,2026-08-27 09:00:00
2026-05-22,57024343,1942,0,1730.1786409448,-21.6272330118,-21.6272330118,0.5000000,4,4,0.50329940000000000,0.503299400000,-0.009332315641528947,-0.009332315641528947,-0.009332315641528947,0E-17,ELIGIBLE,R03b_20260811_FULL_v1,L1_ELIGIBILITY,v2026-08-11,2026-03-21..2026-08-06,baccarat_bet02_101_all_pairs_incl_sentinel,round_win = game_pnl > 0 (decisive only),COMPATIBILITY_ONLY_NOT_PRODUCTION,4059548.3812,3680416.6879,6656.9809,9707,9692,-0.00163983,0.01249836,-0.00525961,-0.00163983,-6656.9809,4059548.3812,OK,0.0000,266.2792,4.0000,96.0000,AG03-UNRESOLVED,ALL5_LEVELS_bet23_to_bet27,266.2792,266.2792,266.2792,0.0000,0.0000,4.000000,4.000000,4.000000,0.000000,0.000000,96.000000,96.000000,96.000000,100.000000,100.000000,5.0,798.8377,767.3102,5858.1432,5889.6706,PENDING_AG03,FALSE,NOT_FOR_ENFORCEMENT,6390.7016,3533200.0204,6656.9809,6390.7016,266.2792,0.00163983,0.00157424,266.2792,6390.7016,0.00157424,266.2792,266.2792,266.2792,0.0000,0.0000,6390.7016,0.00157424,798.8377,767.3102,5858.1432,5889.6706,0.00144305,0.00145082,0.00006559,418.2083,379.7376,0.6869,61.6387,1.8384,37588.4109,89.7407,538.3845,395.5999,218.4789,430.6076,432.5446,432.5446,1046.441,1081.3617,427.0584,0.0,2.43015,2.511246,0.971205,30,216,96,2,0.20383968,0.00163983,-0.01249836,0E-8,0.000000,0.906607,0.000000,0.01775797,2026-03-22,2026-08-06,108,3621,2443,138,0.782609,1.360932,1.287360,0.679466,,,,,,,,GLOBAL_BASELINE_NO_ENTITY_RANKING,,,NOT_APPLICABLE_GLOBAL_BASELINE,HF9g-P5,,,,X 全窗基线 · 不参与实体赏罚,14198824,1420,A168_HF9F_20260827_0900,2026-08-27 09:00:00
2026-05-22,57024343,1963,0,2162.7233011810,2054.5871361220,2054.5871361220,1.0000000,5,5,0.50665070000000000,0.506650700000,2.2065203483183233,2.2065203483183233,2.2065203483183233,0E-17,ELIGIBLE,R03b_20260811_FULL_v1,L1_ELIGIBILITY,v2026-08-11,2026-03-21..2026-08-06,baccarat_bet02_101_all_pairs_incl_sentinel,round_win = game_pnl > 0 (decisive only),COMPATIBILITY_ONLY_NOT_PRODUCTION,4059548.3812,3680416.6879,6656.9809,9707,9692,-0.00163983,0.01249836,-0.00525961,-0.00163983,-6656.9809,4059548.3812,OK,0.0000,266.2792,4.0000,96.0000,AG03-UNRESOLVED,ALL5_LEVELS_bet23_to_bet27,266.2792,266.2792,266.2792,0.0000,0.0000,4.000000,4.000000,4.000000,0.000000,0.000000,96.000000,96.000000,96.000000,100.000000,100.000000,5.0,798.8377,767.3102,5858.1432,5889.6706,PENDING_AG03,FALSE,NOT_FOR_ENFORCEMENT,6390.7016,3533200.0204,6656.9809,6390.7016,266.2792,0.00163983,0.00157424,266.2792,6390.7016,0.00157424,266.2792,266.2792,266.2792,0.0000,0.0000,6390.7016,0.00157424,798.8377,767.3102,5858.1432,5889.6706,0.00144305,0.00145082,0.00006559,418.2083,379.7376,0.6869,61.6387,1.8384,37588.4109,89.7407,538.3845,395.5999,218.4789,430.6076,432.5446,432.5446,1046.441,1081.3617,427.0584,0.0,2.43015,2.511246,0.971205,30,216,96,2,0.20383968,0.00163983,-0.01249836,0E-8,0.000000,0.906607,0.000000,0.01775797,2026-03-22,2026-08-06,108,3621,2443,138,0.782609,1.360932,1.287360,0.679466,,,,,,,,GLOBAL_BASELINE_NO_ENTITY_RANKING,,,NOT_APPLICABLE_GLOBAL_BASELINE,HF9g-P5,,,,X 全窗基线 · 不参与实体赏罚,14198825,1420,A168_HF9F_20260827_0900,2026-08-27 09:00:00
2026-05-22,57024343,2101,0,2919.6764565943,-2076.2143691337,-2076.2143691337,0.1428571,7,7,0.50473567142857143,0.504735671429,-1.9149670770938836,-1.914967077096167,-1.9149670770938836,-4.2857E-13,ELIGIBLE,R03b_20260811_FULL_v1,L1_ELIGIBILITY,v2026-08-11,2026-03-21..2026-08-06,baccarat_bet02_101_all_pairs_incl_sentinel,round_win = game_pnl > 0 (decisive only),COMPATIBILITY_ONLY_NOT_PRODUCTION,4059548.3812,3680416.6879,6656.9809,9707,9692,-0.00163983,0.01249836,-0.00525961,-0.00163983,-6656.9809,4059548.3812,OK,0.0000,266.2792,4.0000,96.0000,AG03-UNRESOLVED,ALL5_LEVELS_bet23_to_bet27,266.2792,266.2792,266.2792,0.0000,0.0000,4.000000,4.000000,4.000000,0.000000,0.000000,96.000000,96.000000,96.000000,100.000000,100.000000,5.0,798.8377,767.3102,5858.1432,5889.6706,PENDING_AG03,FALSE,NOT_FOR_ENFORCEMENT,6390.7016,3533200.0204,6656.9809,6390.7016,266.2792,0.00163983,0.00157424,266.2792,6390.7016,0.00157424,266.2792,266.2792,266.2792,0.0000,0.0000,6390.7016,0.00157424,798.8377,767.3102,5858.1432,5889.6706,0.00144305,0.00145082,0.00006559,418.2083,379.7376,0.6869,61.6387,1.8384,37588.4109,89.7407,538.3845,395.5999,218.4789,430.6076,432.5446,432.5446,1046.441,1081.3617,427.0584,0.0,2.43015,2.511246,0.971205,30,216,96,2,0.20383968,0.00163983,-0.01249836,0E-8,0.000000,0.906607,0.000000,0.01775797,2026-03-22,2026-08-06,108,3621,2443,138,0.782609,1.360932,1.287360,0.679466,,,,,,,,GLOBAL_BASELINE_NO_ENTITY_RANKING,,,NOT_APPLICABLE_GLOBAL_BASELINE,HF9g-P5,,,,X 全窗基线 · 不参与实体赏罚,14198826,1420,A168_HF9F_20260827_0900,2026-08-27 09:00:00
2026-05-22,57024343,2170,0,1946.4509710629,1005.6663350491,1005.6663350491,0.7500000,4,4,0.50665070000000000,0.506650700000,0.9734833216690844,0.9734833216690844,0.9734833216690844,0E-17,ELIGIBLE,R03b_20260811_FULL_v1,L1_ELIGIBILITY,v2026-08-11,2026-03-21..2026-08-06,baccarat_bet02_101_all_pairs_incl_sentinel,round_win = game_pnl > 0 (decisive only),COMPATIBILITY_ONLY_NOT_PRODUCTION,4059548.3812,3680416.6879,6656.9809,9707,9692,-0.00163983,0.01249836,-0.00525961,-0.00163983,-6656.9809,4059548.3812,OK,0.0000,266.2792,4.0000,96.0000,AG03-UNRESOLVED,ALL5_LEVELS_bet23_to_bet27,266.2792,266.2792,266.2792,0.0000,0.0000,4.000000,4.000000,4.000000,0.000000,0.000000,96.000000,96.000000,96.000000,100.000000,100.000000,5.0,798.8377,767.3102,5858.1432,5889.6706,PENDING_AG03,FALSE,NOT_FOR_ENFORCEMENT,6390.7016,3533200.0204,6656.9809,6390.7016,266.2792,0.00163983,0.00157424,266.2792,6390.7016,0.00157424,266.2792,266.2792,266.2792,0.0000,0.0000,6390.7016,0.00157424,798.8377,767.3102,5858.1432,5889.6706,0.00144305,0.00145082,0.00006559,418.2083,379.7376,0.6869,61.6387,1.8384,37588.4109,89.7407,538.3845,395.5999,218.4789,430.6076,432.5446,432.5446,1046.441,1081.3617,427.0584,0.0,2.43015,2.511246,0.971205,30,216,96,2,0.20383968,0.00163983,-0.01249836,0E-8,0.000000,0.906607,0.000000,0.01775797,2026-03-22,2026-08-06,108,3621,2443,138,0.782609,1.360932,1.287360,0.679466,,,,,,,,GLOBAL_BASELINE_NO_ENTITY_RANKING,,,NOT_APPLICABLE_GLOBAL_BASELINE,HF9g-P5,,,,X 全窗基线 · 不参与实体赏罚,14198827,1420,A168_HF9F_20260827_0900,2026-08-27 09:00:00
2026-05-22,57024343,2177,0,2595.2679614172,-64.8816990354,-64.8816990354,0.5000000,6,6,0.50441650000000000,0.504416500000,-0.02163718700157003,-0.02163718700157003,-0.02163718700157003,0E-17,ELIGIBLE,R03b_20260811_FULL_v1,L1_ELIGIBILITY,v2026-08-11,2026-03-21..2026-08-06,baccarat_bet02_101_all_pairs_incl_sentinel,round_win = game_pnl > 0 (decisive only),COMPATIBILITY_ONLY_NOT_PRODUCTION,4059548.3812,3680416.6879,6656.9809,9707,9692,-0.00163983,0.01249836,-0.00525961,-0.00163983,-6656.9809,4059548.3812,OK,0.0000,266.2792,4.0000,96.0000,AG03-UNRESOLVED,ALL5_LEVELS_bet23_to_bet27,266.2792,266.2792,266.2792,0.0000,0.0000,4.000000,4.000000,4.000000,0.000000,0.000000,96.000000,96.000000,96.000000,100.000000,100.000000,5.0,798.8377,767.3102,5858.1432,5889.6706,PENDING_AG03,FALSE,NOT_FOR_ENFORCEMENT,6390.7016,3533200.0204,6656.9809,6390.7016,266.2792,0.00163983,0.00157424,266.2792,6390.7016,0.00157424,266.2792,266.2792,266.2792,0.0000,0.0000,6390.7016,0.00157424,798.8377,767.3102,5858.1432,5889.6706,0.00144305,0.00145082,0.00006559,418.2083,379.7376,0.6869,61.6387,1.8384,37588.4109,89.7407,538.3845,395.5999,218.4789,430.6076,432.5446,432.5446,1046.441,1081.3617,427.0584,0.0,2.43015,2.511246,0.971205,30,216,96,2,0.20383968,0.00163983,-0.01249836,0E-8,0.000000,0.906607,0.000000,0.01775797,2026-03-22,2026-08-06,108,3621,2443,138,0.782609,1.360932,1.287360,0.679466,,,,,,,,GLOBAL_BASELINE_NO_ENTITY_RANKING,,,NOT_APPLICABLE_GLOBAL_BASELINE,HF9g-P5,,,,X 全窗基线 · 不参与实体赏罚,14198828,1420,A168_HF9F_20260827_0900,2026-08-27 09:00:00
2026-05-22,57024343,2212,0,1297.6339807086,432.5446602362,432.5446602362,0.6666667,3,3,0.49324550000000000,0.493245500000,0.6008033672792107,0.6008033672792106,0.6008033672792107,0E-17,ELIGIBLE,R03b_20260811_FULL_v1,L1_ELIGIBILITY,v2026-08-11,2026-03-21..2026-08-06,baccarat_bet02_101_all_pairs_incl_sentinel,round_win = game_pnl > 0 (decisive only),COMPATIBILITY_ONLY_NOT_PRODUCTION,4059548.3812,3680416.6879,6656.9809,9707,9692,-0.00163983,0.01249836,-0.00525961,-0.00163983,-6656.9809,4059548.3812,OK,0.0000,266.2792,4.0000,96.0000,AG03-UNRESOLVED,ALL5_LEVELS_bet23_to_bet27,266.2792,266.2792,266.2792,0.0000,0.0000,4.000000,4.000000,4.000000,0.000000,0.000000,96.000000,96.000000,96.000000,100.000000,100.000000,5.0,798.8377,767.3102,5858.1432,5889.6706,PENDING_AG03,FALSE,NOT_FOR_ENFORCEMENT,6390.7016,3533200.0204,6656.9809,6390.7016,266.2792,0.00163983,0.00157424,266.2792,6390.7016,0.00157424,266.2792,266.2792,266.2792,0.0000,0.0000,6390.7016,0.00157424,798.8377,767.3102,5858.1432,5889.6706,0.00144305,0.00145082,0.00006559,418.2083,379.7376,0.6869,61.6387,1.8384,37588.4109,89.7407,538.3845,395.5999,218.4789,430.6076,432.5446,432.5446,1046.441,1081.3617,427.0584,0.0,2.43015,2.511246,0.971205,30,216,96,2,0.20383968,0.00163983,-0.01249836,0E-8,0.000000,0.906607,0.000000,0.01775797,2026-03-22,2026-08-06,108,3621,2443,138,0.782609,1.360932,1.287360,0.679466,,,,,,,,GLOBAL_BASELINE_NO_ENTITY_RANKING,,,NOT_APPLICABLE_GLOBAL_BASELINE,HF9g-P5,,,,X 全窗基线 · 不参与实体赏罚,14198829,1420,A168_HF9F_20260827_0900,2026-08-27 09:00:00
2026-05-22,57024343,2229,0,1730.1786409448,1232.7522816732,1232.7522816732,1.0000000,4,4,0.50665070000000000,0.506650700000,1.7091633124209307,1.7091633124209307,1.7091633124209307,0E-17,ELIGIBLE,R03b_20260811_FULL_v1,L1_ELIGIBILITY,v2026-08-11,2026-03-21..2026-08-06,baccarat_bet02_101_all_pairs_incl_sentinel,round_win = game_pnl > 0 (decisive only),COMPATIBILITY_ONLY_NOT_PRODUCTION,4059548.3812,3680416.6879,6656.9809,9707,9692,-0.00163983,0.01249836,-0.00525961,-0.00163983,-6656.9809,4059548.3812,OK,0.0000,266.2792,4.0000,96.0000,AG03-UNRESOLVED,ALL5_LEVELS_bet23_to_bet27,266.2792,266.2792,266.2792,0.0000,0.0000,4.000000,4.000000,4.000000,0.000000,0.000000,96.000000,96.000000,96.000000,100.000000,100.000000,5.0,798.8377,767.3102,5858.1432,5889.6706,PENDING_AG03,FALSE,NOT_FOR_ENFORCEMENT,6390.7016,3533200.0204,6656.9809,6390.7016,266.2792,0.00163983,0.00157424,266.2792,6390.7016,0.00157424,266.2792,266.2792,266.2792,0.0000,0.0000,6390.7016,0.00157424,798.8377,767.3102,5858.1432,5889.6706,0.00144305,0.00145082,0.00006559,418.2083,379.7376,0.6869,61.6387,1.8384,37588.4109,89.7407,538.3845,395.5999,218.4789,430.6076,432.5446,432.5446,1046.441,1081.3617,427.0584,0.0,2.43015,2.511246,0.971205,30,216,96,2,0.20383968,0.00163983,-0.01249836,0E-8,0.000000,0.906607,0.000000,0.01775797,2026-03-22,2026-08-06,108,3621,2443,138,0.782609,1.360932,1.287360,0.679466,,,,,,,,GLOBAL_BASELINE_NO_ENTITY_RANKING,,,NOT_APPLICABLE_GLOBAL_BASELINE,HF9g-P5,,,,X 全窗基线 · 不参与实体赏罚,14198830,1420,A168_HF9F_20260827_0900,2026-08-27 09:00:00
2026-05-22,57024343,2239,0,1297.6339807086,389.2901942126,389.2901942126,0.6666667,3,3,0.50218230000000000,0.502182300000,0.5697959874915163,0.5697959874915164,0.5697959874915163,0E-17,ELIGIBLE,R03b_20260811_FULL_v1,L1_ELIGIBILITY,v2026-08-11,2026-03-21..2026-08-06,baccarat_bet02_101_all_pairs_incl_sentinel,round_win = game_pnl > 0 (decisive only),COMPATIBILITY_ONLY_NOT_PRODUCTION,4059548.3812,3680416.6879,6656.9809,9707,9692,-0.00163983,0.01249836,-0.00525961,-0.00163983,-6656.9809,4059548.3812,OK,0.0000,266.2792,4.0000,96.0000,AG03-UNRESOLVED,ALL5_LEVELS_bet23_to_bet27,266.2792,266.2792,266.2792,0.0000,0.0000,4.000000,4.000000,4.000000,0.000000,0.000000,96.000000,96.000000,96.000000,100.000000,100.000000,5.0,798.8377,767.3102,5858.1432,5889.6706,PENDING_AG03,FALSE,NOT_FOR_ENFORCEMENT,6390.7016,3533200.0204,6656.9809,6390.7016,266.2792,0.00163983,0.00157424,266.2792,6390.7016,0.00157424,266.2792,266.2792,266.2792,0.0000,0.0000,6390.7016,0.00157424,798.8377,767.3102,5858.1432,5889.6706,0.00144305,0.00145082,0.00006559,418.2083,379.7376,0.6869,61.6387,1.8384,37588.4109,89.7407,538.3845,395.5999,218.4789,430.6076,432.5446,432.5446,1046.441,1081.3617,427.0584,0.0,2.43015,2.511246,0.971205,30,216,96,2,0.20383968,0.00163983,-0.01249836,0E-8,0.000000,0.906607,0.000000,0.01775797,2026-03-22,2026-08-06,108,3621,2443,138,0.782609,1.360932,1.287360,0.679466,,,,,,,,GLOBAL_BASELINE_NO_ENTITY_RANKING,,,NOT_APPLICABLE_GLOBAL_BASELINE,HF9g-P5,,,,X 全窗基线 · 不参与实体赏罚,14198831,1420,A168_HF9F_20260827_0900,2026-08-27 09:00:00
2026-05-22,57024343,2271,0,1730.1786409448,-43.2544660236,-43.2544660236,0.5000000,4,4,0.50665070000000000,0.506650700000,-0.02660515369234503,-0.02660515369234503,-0.02660515369234503,0E-17,ELIGIBLE,R03b_20260811_FULL_v1,L1_ELIGIBILITY,v2026-08-11,2026-03-21..2026-08-06,baccarat_bet02_101_all_pairs_incl_sentinel,round_win = game_pnl > 0 (decisive only),COMPATIBILITY_ONLY_NOT_PRODUCTION,4059548.3812,3680416.6879,6656.9809,9707,9692,-0.00163983,0.01249836,-0.00525961,-0.00163983,-6656.9809,4059548.3812,OK,0.0000,266.2792,4.0000,96.0000,AG03-UNRESOLVED,ALL5_LEVELS_bet23_to_bet27,266.2792,266.2792,266.2792,0.0000,0.0000,4.000000,4.000000,4.000000,0.000000,0.000000,96.000000,96.000000,96.000000,100.000000,100.000000,5.0,798.8377,767.3102,5858.1432,5889.6706,PENDING_AG03,FALSE,NOT_FOR_ENFORCEMENT,6390.7016,3533200.0204,6656.9809,6390.7016,266.2792,0.00163983,0.00157424,266.2792,6390.7016,0.00157424,266.2792,266.2792,266.2792,0.0000,0.0000,6390.7016,0.00157424,798.8377,767.3102,5858.1432,5889.6706,0.00144305,0.00145082,0.00006559,418.2083,379.7376,0.6869,61.6387,1.8384,37588.4109,89.7407,538.3845,395.5999,218.4789,430.6076,432.5446,432.5446,1046.441,1081.3617,427.0584,0.0,2.43015,2.511246,0.971205,30,216,96,2,0.20383968,0.00163983,-0.01249836,0E-8,0.000000,0.906607,0.000000,0.01775797,2026-03-22,2026-08-06,108,3621,2443,138,0.782609,1.360932,1.287360,0.679466,,,,,,,,GLOBAL_BASELINE_NO_ENTITY_RANKING,,,NOT_APPLICABLE_GLOBAL_BASELINE,HF9g-P5,,,,X 全窗基线 · 不参与实体赏罚,14198832,1420,A168_HF9F_20260827_0900,2026-08-27 09:00:00
2026-05-22,57024343,550,0,1730.1786409448,-1297.6339807086,-1297.6339807086,0E-7,4,4,0.50665070000000000,0.506650700000,-1.7552447903592512,-1.7552447903592512,-1.7552447903592512,0E-17,ELIGIBLE,R03b_20260811_FULL_v1,L1_ELIGIBILITY,v2026-08-11,2026-03-21..2026-08-06,baccarat_bet02_101_all_pairs_incl_sentinel,round_win = game_pnl > 0 (decisive only),COMPATIBILITY_ONLY_NOT_PRODUCTION,4059548.3812,3680416.6879,6656.9809,9707,9692,-0.00163983,0.01249836,-0.00525961,-0.00163983,-6656.9809,4059548.3812,OK,0.0000,266.2792,4.0000,96.0000,AG03-UNRESOLVED,ALL5_LEVELS_bet23_to_bet27,266.2792,266.2792,266.2792,0.0000,0.0000,4.000000,4.000000,4.000000,0.000000,0.000000,96.000000,96.000000,96.000000,100.000000,100.000000,5.0,798.8377,767.3102,5858.1432,5889.6706,PENDING_AG03,FALSE,NOT_FOR_ENFORCEMENT,6390.7016,3533200.0204,6656.9809,6390.7016,266.2792,0.00163983,0.00157424,266.2792,6390.7016,0.00157424,266.2792,266.2792,266.2792,0.0000,0.0000,6390.7016,0.00157424,798.8377,767.3102,5858.1432,5889.6706,0.00144305,0.00145082,0.00006559,418.2083,379.7376,0.6869,61.6387,1.8384,37588.4109,89.7407,538.3845,395.5999,218.4789,430.6076,432.5446,432.5446,1046.441,1081.3617,427.0584,0.0,2.43015,2.511246,0.971205,30,216,96,2,0.20383968,0.00163983,-0.01249836,0E-8,0.000000,0.906607,0.000000,0.01775797,2026-03-22,2026-08-06,108,3621,2443,138,0.782609,1.360932,1.287360,0.679466,,,,,,,,GLOBAL_BASELINE_NO_ENTITY_RANKING,,,NOT_APPLICABLE_GLOBAL_BASELINE,HF9g-P5,,,,X 全窗基线 · 不参与实体赏罚,14198833,1420,A168_HF9F_20260827_0900,2026-08-27 09:00:00
2026-05-22,57024343,595,0,2595.2679614172,367.6629612008,367.6629612008,0.6000000,6,6,0.50665070000000000,0.506650700000,0.4175076967804994,0.4175076967804994,0.4175076967804994,0E-17,ELIGIBLE,R03b_20260811_FULL_v1,L1_ELIGIBILITY,v2026-08-11,2026-03-21..2026-08-06,baccarat_bet02_101_all_pairs_incl_sentinel,round_win = game_pnl > 0 (decisive only),COMPATIBILITY_ONLY_NOT_PRODUCTION,4059548.3812,3680416.6879,6656.9809,9707,9692,-0.00163983,0.01249836,-0.00525961,-0.00163983,-6656.9809,4059548.3812,OK,0.0000,266.2792,4.0000,96.0000,AG03-UNRESOLVED,ALL5_LEVELS_bet23_to_bet27,266.2792,266.2792,266.2792,0.0000,0.0000,4.000000,4.000000,4.000000,0.000000,0.000000,96.000000,96.000000,96.000000,100.000000,100.000000,5.0,798.8377,767.3102,5858.1432,5889.6706,PENDING_AG03,FALSE,NOT_FOR_ENFORCEMENT,6390.7016,3533200.0204,6656.9809,6390.7016,266.2792,0.00163983,0.00157424,266.2792,6390.7016,0.00157424,266.2792,266.2792,266.2792,0.0000,0.0000,6390.7016,0.00157424,798.8377,767.3102,5858.1432,5889.6706,0.00144305,0.00145082,0.00006559,418.2083,379.7376,0.6869,61.6387,1.8384,37588.4109,89.7407,538.3845,395.5999,218.4789,430.6076,432.5446,432.5446,1046.441,1081.3617,427.0584,0.0,2.43015,2.511246,0.971205,30,216,96,2,0.20383968,0.00163983,-0.01249836,0E-8,0.000000,0.906607,0.000000,0.01775797,2026-03-22,2026-08-06,108,3621,2443,138,0.782609,1.360932,1.287360,0.679466,,,,,,,,GLOBAL_BASELINE_NO_ENTITY_RANKING,,,NOT_APPLICABLE_GLOBAL_BASELINE,HF9g-P5,,,,X 全窗基线 · 不参与实体赏罚,14198834,1420,A168_HF9F_20260827_0900,2026-08-27 09:00:00
2026-05-22,57024343,789,0,1730.1786409448,1665.2969419094,1665.2969419094,1.0000000,4,4,0.50329940000000000,0.503299400000,1.9868456582349654,1.9868456582349654,1.9868456582349654,0E-17,ELIGIBLE,R03b_20260811_FULL_v1,L1_ELIGIBILITY,v2026-08-11,2026-03-21..2026-08-06,baccarat_bet02_101_all_pairs_incl_sentinel,round_win = game_pnl > 0 (decisive only),COMPATIBILITY_ONLY_NOT_PRODUCTION,4059548.3812,3680416.6879,6656.9809,9707,9692,-0.00163983,0.01249836,-0.00525961,-0.00163983,-6656.9809,4059548.3812,OK,0.0000,266.2792,4.0000,96.0000,AG03-UNRESOLVED,ALL5_LEVELS_bet23_to_bet27,266.2792,266.2792,266.2792,0.0000,0.0000,4.000000,4.000000,4.000000,0.000000,0.000000,96.000000,96.000000,96.000000,100.000000,100.000000,5.0,798.8377,767.3102,5858.1432,5889.6706,PENDING_AG03,FALSE,NOT_FOR_ENFORCEMENT,6390.7016,3533200.0204,6656.9809,6390.7016,266.2792,0.00163983,0.00157424,266.2792,6390.7016,0.00157424,266.2792,266.2792,266.2792,0.0000,0.0000,6390.7016,0.00157424,798.8377,767.3102,5858.1432,5889.6706,0.00144305,0.00145082,0.00006559,418.2083,379.7376,0.6869,61.6387,1.8384,37588.4109,89.7407,538.3845,395.5999,218.4789,430.6076,432.5446,432.5446,1046.441,1081.3617,427.0584,0.0,2.43015,2.511246,0.971205,30,216,96,2,0.20383968,0.00163983,-0.01249836,0E-8,0.000000,0.906607,0.000000,0.01775797,2026-03-22,2026-08-06,108,3621,2443,138,0.782609,1.360932,1.287360,0.679466,,,,,,,,GLOBAL_BASELINE_NO_ENTITY_RANKING,,,NOT_APPLICABLE_GLOBAL_BASELINE,HF9g-P5,,,,X 全窗基线 · 不参与实体赏罚,14198835,1420,A168_HF9F_20260827_0900,2026-08-27 09:00:00
2026-05-23,57024343,-1,1,5623.0805830706,1989.7054370866,1989.7054370866,0.6923077,13,13,0.50252602307692308,0.502526023077,1.3685525441206632,1.3685525441201094,1.3685525441206632,-7.692E-14,SENTINEL_DEALER,R03b_20260811_FULL_v1,L1_ELIGIBILITY,v2026-08-11,2026-03-21..2026-08-06,baccarat_bet02_101_all_pairs_incl_sentinel,round_win = game_pnl > 0 (decisive only),COMPATIBILITY_ONLY_NOT_PRODUCTION,4059548.3812,3680416.6879,6656.9809,9707,9692,-0.00163983,0.01249836,-0.00525961,-0.00163983,-6656.9809,4059548.3812,OK,0.0000,266.2792,4.0000,96.0000,AG03-UNRESOLVED,ALL5_LEVELS_bet23_to_bet27,266.2792,266.2792,266.2792,0.0000,0.0000,4.000000,4.000000,4.000000,0.000000,0.000000,96.000000,96.000000,96.000000,100.000000,100.000000,5.0,798.8377,767.3102,5858.1432,5889.6706,PENDING_AG03,FALSE,NOT_FOR_ENFORCEMENT,6390.7016,3533200.0204,6656.9809,6390.7016,266.2792,0.00163983,0.00157424,266.2792,6390.7016,0.00157424,266.2792,266.2792,266.2792,0.0000,0.0000,6390.7016,0.00157424,798.8377,767.3102,5858.1432,5889.6706,0.00144305,0.00145082,0.00006559,418.2083,379.7376,0.6869,61.6387,1.8384,37588.4109,89.7407,538.3845,395.5999,218.4789,430.6076,432.5446,432.5446,1046.441,1081.3617,427.0584,0.0,2.43015,2.511246,0.971205,30,216,96,2,0.20383968,0.00163983,-0.01249836,0E-8,0.000000,0.906607,0.000000,0.01775797,2026-03-22,2026-08-06,108,3621,2443,138,0.782609,1.360932,1.287360,0.679466,,,,,,,,GLOBAL_BASELINE_NO_ENTITY_RANKING,,,NOT_APPLICABLE_GLOBAL_BASELINE,HF9g-P5,,,,X 全窗基线 · 不参与实体赏罚,14198836,1420,A168_HF9F_20260827_0900,2026-08-27 09:00:00
2026-05-23,57024343,1151,0,432.5446602362,0E-10,0E-10,,1,1,0.49324550000000000,0.493245500000,,,,0E-17,NO_DECISIVE_ROUND,R03b_20260811_FULL_v1,L1_ELIGIBILITY,v2026-08-11,2026-03-21..2026-08-06,baccarat_bet02_101_all_pairs_incl_sentinel,round_win = game_pnl > 0 (decisive only),COMPATIBILITY_ONLY_NOT_PRODUCTION,4059548.3812,3680416.6879,6656.9809,9707,9692,-0.00163983,0.01249836,-0.00525961,-0.00163983,-6656.9809,4059548.3812,OK,0.0000,266.2792,4.0000,96.0000,AG03-UNRESOLVED,ALL5_LEVELS_bet23_to_bet27,266.2792,266.2792,266.2792,0.0000,0.0000,4.000000,4.000000,4.000000,0.000000,0.000000,96.000000,96.000000,96.000000,100.000000,100.000000,5.0,798.8377,767.3102,5858.1432,5889.6706,PENDING_AG03,FALSE,NOT_FOR_ENFORCEMENT,6390.7016,3533200.0204,6656.9809,6390.7016,266.2792,0.00163983,0.00157424,266.2792,6390.7016,0.00157424,266.2792,266.2792,266.2792,0.0000,0.0000,6390.7016,0.00157424,798.8377,767.3102,5858.1432,5889.6706,0.00144305,0.00145082,0.00006559,418.2083,379.7376,0.6869,61.6387,1.8384,37588.4109,89.7407,538.3845,395.5999,218.4789,430.6076,432.5446,432.5446,1046.441,1081.3617,427.0584,0.0,2.43015,2.511246,0.971205,30,216,96,2,0.20383968,0.00163983,-0.01249836,0E-8,0.000000,0.906607,0.000000,0.01775797,2026-03-22,2026-08-06,108,3621,2443,138,0.782609,1.360932,1.287360,0.679466,,,,,,,,GLOBAL_BASELINE_NO_ENTITY_RANKING,,,NOT_APPLICABLE_GLOBAL_BASELINE,HF9g-P5,,,,X 全窗基线 · 不参与实体赏罚,14198837,1420,A168_HF9F_20260827_0900,2026-08-27 09:00:00
2026-05-23,57024343,1205,0,432.5446602362,410.9174272244,410.9174272244,1.0000000,1,1,0.50665070000000000,0.506650700000,0.9867858985152569,0.9867858985152569,0.9867858985152569,0E-17,ELIGIBLE,R03b_20260811_FULL_v1,L1_ELIGIBILITY,v2026-08-11,2026-03-21..2026-08-06,baccarat_bet02_101_all_pairs_incl_sentinel,round_win = game_pnl > 0 (decisive only),COMPATIBILITY_ONLY_NOT_PRODUCTION,4059548.3812,3680416.6879,6656.9809,9707,9692,-0.00163983,0.01249836,-0.00525961,-0.00163983,-6656.9809,4059548.3812,OK,0.0000,266.2792,4.0000,96.0000,AG03-UNRESOLVED,ALL5_LEVELS_bet23_to_bet27,266.2792,266.2792,266.2792,0.0000,0.0000,4.000000,4.000000,4.000000,0.000000,0.000000,96.000000,96.000000,96.000000,100.000000,100.000000,5.0,798.8377,767.3102,5858.1432,5889.6706,PENDING_AG03,FALSE,NOT_FOR_ENFORCEMENT,6390.7016,3533200.0204,6656.9809,6390.7016,266.2792,0.00163983,0.00157424,266.2792,6390.7016,0.00157424,266.2792,266.2792,266.2792,0.0000,0.0000,6390.7016,0.00157424,798.8377,767.3102,5858.1432,5889.6706,0.00144305,0.00145082,0.00006559,418.2083,379.7376,0.6869,61.6387,1.8384,37588.4109,89.7407,538.3845,395.5999,218.4789,430.6076,432.5446,432.5446,1046.441,1081.3617,427.0584,0.0,2.43015,2.511246,0.971205,30,216,96,2,0.20383968,0.00163983,-0.01249836,0E-8,0.000000,0.906607,0.000000,0.01775797,2026-03-22,2026-08-06,108,3621,2443,138,0.782609,1.360932,1.287360,0.679466,,,,,,,,GLOBAL_BASELINE_NO_ENTITY_RANKING,,,NOT_APPLICABLE_GLOBAL_BASELINE,HF9g-P5,,,,X 全窗基线 · 不参与实体赏罚,14198838,1420,A168_HF9F_20260827_0900,2026-08-27 09:00:00
2026-05-23,57024343,1210,0,432.5446602362,-432.5446602362,-432.5446602362,0E-7,1,1,0.50665070000000000,0.506650700000,-1.013391052207602,-1.013391052207602,-1.013391052207602,0E-17,ELIGIBLE,R03b_20260811_FULL_v1,L1_ELIGIBILITY,v2026-08-11,2026-03-21..2026-08-06,baccarat_bet02_101_all_pairs_incl_sentinel,round_win = game_pnl > 0 (decisive only),COMPATIBILITY_ONLY_NOT_PRODUCTION,4059548.3812,3680416.6879,6656.9809,9707,9692,-0.00163983,0.01249836,-0.00525961,-0.00163983,-6656.9809,4059548.3812,OK,0.0000,266.2792,4.0000,96.0000,AG03-UNRESOLVED,ALL5_LEVELS_bet23_to_bet27,266.2792,266.2792,266.2792,0.0000,0.0000,4.000000,4.000000,4.000000,0.000000,0.000000,96.000000,96.000000,96.000000,100.000000,100.000000,5.0,798.8377,767.3102,5858.1432,5889.6706,PENDING_AG03,FALSE,NOT_FOR_ENFORCEMENT,6390.7016,3533200.0204,6656.9809,6390.7016,266.2792,0.00163983,0.00157424,266.2792,6390.7016,0.00157424,266.2792,266.2792,266.2792,0.0000,0.0000,6390.7016,0.00157424,798.8377,767.3102,5858.1432,5889.6706,0.00144305,0.00145082,0.00006559,418.2083,379.7376,0.6869,61.6387,1.8384,37588.4109,89.7407,538.3845,395.5999,218.4789,430.6076,432.5446,432.5446,1046.441,1081.3617,427.0584,0.0,2.43015,2.511246,0.971205,30,216,96,2,0.20383968,0.00163983,-0.01249836,0E-8,0.000000,0.906607,0.000000,0.01775797,2026-03-22,2026-08-06,108,3621,2443,138,0.782609,1.360932,1.287360,0.679466,,,,,,,,GLOBAL_BASELINE_NO_ENTITY_RANKING,,,NOT_APPLICABLE_GLOBAL_BASELINE,HF9g-P5,,,,X 全窗基线 · 不参与实体赏罚,14198839,1420,A168_HF9F_20260827_0900,2026-08-27 09:00:00
2026-05-23,57024343,1302,0,432.5446602362,-432.5446602362,-432.5446602362,0E-7,1,1,0.50665070000000000,0.506650700000,-1.013391052207602,-1.013391052207602,-1.013391052207602,0E-17,ELIGIBLE,R03b_20260811_FULL_v1,L1_ELIGIBILITY,v2026-08-11,2026-03-21..2026-08-06,baccarat_bet02_101_all_pairs_incl_sentinel,round_win = game_pnl > 0 (decisive only),COMPATIBILITY_ONLY_NOT_PRODUCTION,4059548.3812,3680416.6879,6656.9809,9707,9692,-0.00163983,0.01249836,-0.00525961,-0.00163983,-6656.9809,4059548.3812,OK,0.0000,266.2792,4.0000,96.0000,AG03-UNRESOLVED,ALL5_LEVELS_bet23_to_bet27,266.2792,266.2792,266.2792,0.0000,0.0000,4.000000,4.000000,4.000000,0.000000,0.000000,96.000000,96.000000,96.000000,100.000000,100.000000,5.0,798.8377,767.3102,5858.1432,5889.6706,PENDING_AG03,FALSE,NOT_FOR_ENFORCEMENT,6390.7016,3533200.0204,6656.9809,6390.7016,266.2792,0.00163983,0.00157424,266.2792,6390.7016,0.00157424,266.2792,266.2792,266.2792,0.0000,0.0000,6390.7016,0.00157424,798.8377,767.3102,5858.1432,5889.6706,0.00144305,0.00145082,0.00006559,418.2083,379.7376,0.6869,61.6387,1.8384,37588.4109,89.7407,538.3845,395.5999,218.4789,430.6076,432.5446,432.5446,1046.441,1081.3617,427.0584,0.0,2.43015,2.511246,0.971205,30,216,96,2,0.20383968,0.00163983,-0.01249836,0E-8,0.000000,0.906607,0.000000,0.01775797,2026-03-22,2026-08-06,108,3621,2443,138,0.782609,1.360932,1.287360,0.679466,,,,,,,,GLOBAL_BASELINE_NO_ENTITY_RANKING,,,NOT_APPLICABLE_GLOBAL_BASELINE,HF9g-P5,,,,X 全窗基线 · 不参与实体赏罚,14198840,1420,A168_HF9F_20260827_0900,2026-08-27 09:00:00
2026-05-23,57024343,1306,0,1513.9063108267,594.7489078247,594.7489078247,0.6666667,3,3,0.50665070000000000,0.506650700000,0.5543606114942035,0.5543606114942035,0.5543606114942035,0E-17,ELIGIBLE,R03b_20260811_FULL_v1,L1_ELIGIBILITY,v2026-08-11,2026-03-21..2026-08-06,baccarat_bet02_101_all_pairs_incl_sentinel,round_win = game_pnl > 0 (decisive only),COMPATIBILITY_ONLY_NOT_PRODUCTION,4059548.3812,3680416.6879,6656.9809,9707,9692,-0.00163983,0.01249836,-0.00525961,-0.00163983,-6656.9809,4059548.3812,OK,0.0000,266.2792,4.0000,96.0000,AG03-UNRESOLVED,ALL5_LEVELS_bet23_to_bet27,266.2792,266.2792,266.2792,0.0000,0.0000,4.000000,4.000000,4.000000,0.000000,0.000000,96.000000,96.000000,96.000000,100.000000,100.000000,5.0,798.8377,767.3102,5858.1432,5889.6706,PENDING_AG03,FALSE,NOT_FOR_ENFORCEMENT,6390.7016,3533200.0204,6656.9809,6390.7016,266.2792,0.00163983,0.00157424,266.2792,6390.7016,0.00157424,266.2792,266.2792,266.2792,0.0000,0.0000,6390.7016,0.00157424,798.8377,767.3102,5858.1432,5889.6706,0.00144305,0.00145082,0.00006559,418.2083,379.7376,0.6869,61.6387,1.8384,37588.4109,89.7407,538.3845,395.5999,218.4789,430.6076,432.5446,432.5446,1046.441,1081.3617,427.0584,0.0,2.43015,2.511246,0.971205,30,216,96,2,0.20383968,0.00163983,-0.01249836,0E-8,0.000000,0.906607,0.000000,0.01775797,2026-03-22,2026-08-06,108,3621,2443,138,0.782609,1.360932,1.287360,0.679466,,,,,,,,GLOBAL_BASELINE_NO_ENTITY_RANKING,,,NOT_APPLICABLE_GLOBAL_BASELINE,HF9g-P5,,,,X 全窗基线 · 不参与实体赏罚,14198841,1420,A168_HF9F_20260827_0900,2026-08-27 09:00:00
2026-05-23,57024343,1505,0,432.5446602362,-432.5446602362,-432.5446602362,0E-7,1,1,0.50665070000000000,0.506650700000,-1.013391052207602,-1.013391052207602,-1.013391052207602,0E-17,ELIGIBLE,R03b_20260811_FULL_v1,L1_ELIGIBILITY,v2026-08-11,2026-03-21..2026-08-06,baccarat_bet02_101_all_pairs_incl_sentinel,round_win = game_pnl > 0 (decisive only),COMPATIBILITY_ONLY_NOT_PRODUCTION,4059548.3812,3680416.6879,6656.9809,9707,9692,-0.00163983,0.01249836,-0.00525961,-0.00163983,-6656.9809,4059548.3812,OK,0.0000,266.2792,4.0000,96.0000,AG03-UNRESOLVED,ALL5_LEVELS_bet23_to_bet27,266.2792,266.2792,266.2792,0.0000,0.0000,4.000000,4.000000,4.000000,0.000000,0.000000,96.000000,96.000000,96.000000,100.000000,100.000000,5.0,798.8377,767.3102,5858.1432,5889.6706,PENDING_AG03,FALSE,NOT_FOR_ENFORCEMENT,6390.7016,3533200.0204,6656.9809,6390.7016,266.2792,0.00163983,0.00157424,266.2792,6390.7016,0.00157424,266.2792,266.2792,266.2792,0.0000,0.0000,6390.7016,0.00157424,798.8377,767.3102,5858.1432,5889.6706,0.00144305,0.00145082,0.00006559,418.2083,379.7376,0.6869,61.6387,1.8384,37588.4109,89.7407,538.3845,395.5999,218.4789,430.6076,432.5446,432.5446,1046.441,1081.3617,427.0584,0.0,2.43015,2.511246,0.971205,30,216,96,2,0.20383968,0.00163983,-0.01249836,0E-8,0.000000,0.906607,0.000000,0.01775797,2026-03-22,2026-08-06,108,3621,2443,138,0.782609,1.360932,1.287360,0.679466,,,,,,,,GLOBAL_BASELINE_NO_ENTITY_RANKING,,,NOT_APPLICABLE_GLOBAL_BASELINE,HF9g-P5,,,,X 全窗基线 · 不参与实体赏罚,14198842,1420,A168_HF9F_20260827_0900,2026-08-27 09:00:00
2026-05-23,57024343,1710,0,432.5446602362,410.9174272244,410.9174272244,1.0000000,1,1,0.50665070000000000,0.506650700000,0.9867858985152569,0.9867858985152569,0.9867858985152569,0E-17,ELIGIBLE,R03b_20260811_FULL_v1,L1_ELIGIBILITY,v2026-08-11,2026-03-21..2026-08-06,baccarat_bet02_101_all_pairs_incl_sentinel,round_win = game_pnl > 0 (decisive only),COMPATIBILITY_ONLY_NOT_PRODUCTION,4059548.3812,3680416.6879,6656.9809,9707,9692,-0.00163983,0.01249836,-0.00525961,-0.00163983,-6656.9809,4059548.3812,OK,0.0000,266.2792,4.0000,96.0000,AG03-UNRESOLVED,ALL5_LEVELS_bet23_to_bet27,266.2792,266.2792,266.2792,0.0000,0.0000,4.000000,4.000000,4.000000,0.000000,0.000000,96.000000,96.000000,96.000000,100.000000,100.000000,5.0,798.8377,767.3102,5858.1432,5889.6706,PENDING_AG03,FALSE,NOT_FOR_ENFORCEMENT,6390.7016,3533200.0204,6656.9809,6390.7016,266.2792,0.00163983,0.00157424,266.2792,6390.7016,0.00157424,266.2792,266.2792,266.2792,0.0000,0.0000,6390.7016,0.00157424,798.8377,767.3102,5858.1432,5889.6706,0.00144305,0.00145082,0.00006559,418.2083,379.7376,0.6869,61.6387,1.8384,37588.4109,89.7407,538.3845,395.5999,218.4789,430.6076,432.5446,432.5446,1046.441,1081.3617,427.0584,0.0,2.43015,2.511246,0.971205,30,216,96,2,0.20383968,0.00163983,-0.01249836,0E-8,0.000000,0.906607,0.000000,0.01775797,2026-03-22,2026-08-06,108,3621,2443,138,0.782609,1.360932,1.287360,0.679466,,,,,,,,GLOBAL_BASELINE_NO_ENTITY_RANKING,,,NOT_APPLICABLE_GLOBAL_BASELINE,HF9g-P5,,,,X 全窗基线 · 不参与实体赏罚,14198843,1420,A168_HF9F_20260827_0900,2026-08-27 09:00:00
2026-05-23,57024343,1750,0,432.5446602362,-432.5446602362,-432.5446602362,0E-7,1,1,0.50665070000000000,0.506650700000,-1.013391052207602,-1.013391052207602,-1.013391052207602,0E-17,ELIGIBLE,R03b_20260811_FULL_v1,L1_ELIGIBILITY,v2026-08-11,2026-03-21..2026-08-06,baccarat_bet02_101_all_pairs_incl_sentinel,round_win = game_pnl > 0 (decisive only),COMPATIBILITY_ONLY_NOT_PRODUCTION,4059548.3812,3680416.6879,6656.9809,9707,9692,-0.00163983,0.01249836,-0.00525961,-0.00163983,-6656.9809,4059548.3812,OK,0.0000,266.2792,4.0000,96.0000,AG03-UNRESOLVED,ALL5_LEVELS_bet23_to_bet27,266.2792,266.2792,266.2792,0.0000,0.0000,4.000000,4.000000,4.000000,0.000000,0.000000,96.000000,96.000000,96.000000,100.000000,100.000000,5.0,798.8377,767.3102,5858.1432,5889.6706,PENDING_AG03,FALSE,NOT_FOR_ENFORCEMENT,6390.7016,3533200.0204,6656.9809,6390.7016,266.2792,0.00163983,0.00157424,266.2792,6390.7016,0.00157424,266.2792,266.2792,266.2792,0.0000,0.0000,6390.7016,0.00157424,798.8377,767.3102,5858.1432,5889.6706,0.00144305,0.00145082,0.00006559,418.2083,379.7376,0.6869,61.6387,1.8384,37588.4109,89.7407,538.3845,395.5999,218.4789,430.6076,432.5446,432.5446,1046.441,1081.3617,427.0584,0.0,2.43015,2.511246,0.971205,30,216,96,2,0.20383968,0.00163983,-0.01249836,0E-8,0.000000,0.906607,0.000000,0.01775797,2026-03-22,2026-08-06,108,3621,2443,138,0.782609,1.360932,1.287360,0.679466,,,,,,,,GLOBAL_BASELINE_NO_ENTITY_RANKING,,,NOT_APPLICABLE_GLOBAL_BASELINE,HF9g-P5,,,,X 全窗基线 · 不参与实体赏罚,14198844,1420,A168_HF9F_20260827_0900,2026-08-27 09:00:00
2026-05-23,57024343,1942,0,1946.4509710628,162.2042475886,162.2042475886,0.6666667,3,3,0.50665070000000000,0.506650700000,0.5543606114942035,0.5543606114942035,0.5543606114942035,0E-17,ELIGIBLE,R03b_20260811_FULL_v1,L1_ELIGIBILITY,v2026-08-11,2026-03-21..2026-08-06,baccarat_bet02_101_all_pairs_incl_sentinel,round_win = game_pnl > 0 (decisive only),COMPATIBILITY_ONLY_NOT_PRODUCTION,4059548.3812,3680416.6879,6656.9809,9707,9692,-0.00163983,0.01249836,-0.00525961,-0.00163983,-6656.9809,4059548.3812,OK,0.0000,266.2792,4.0000,96.0000,AG03-UNRESOLVED,ALL5_LEVELS_bet23_to_bet27,266.2792,266.2792,266.2792,0.0000,0.0000,4.000000,4.000000,4.000000,0.000000,0.000000,96.000000,96.000000,96.000000,100.000000,100.000000,5.0,798.8377,767.3102,5858.1432,5889.6706,PENDING_AG03,FALSE,NOT_FOR_ENFORCEMENT,6390.7016,3533200.0204,6656.9809,6390.7016,266.2792,0.00163983,0.00157424,266.2792,6390.7016,0.00157424,266.2792,266.2792,266.2792,0.0000,0.0000,6390.7016,0.00157424,798.8377,767.3102,5858.1432,5889.6706,0.00144305,0.00145082,0.00006559,418.2083,379.7376,0.6869,61.6387,1.8384,37588.4109,89.7407,538.3845,395.5999,218.4789,430.6076,432.5446,432.5446,1046.441,1081.3617,427.0584,0.0,2.43015,2.511246,0.971205,30,216,96,2,0.20383968,0.00163983,-0.01249836,0E-8,0.000000,0.906607,0.000000,0.01775797,2026-03-22,2026-08-06,108,3621,2443,138,0.782609,1.360932,1.287360,0.679466,,,,,,,,GLOBAL_BASELINE_NO_ENTITY_RANKING,,,NOT_APPLICABLE_GLOBAL_BASELINE,HF9g-P5,,,,X 全窗基线 · 不参与实体赏罚,14198845,1420,A168_HF9F_20260827_0900,2026-08-27 09:00:00
2026-05-23,57024343,1963,0,865.0893204724,-21.6272330118,-21.6272330118,0.5000000,2,2,0.50665070000000000,0.506650700000,-0.018812684590367487,-0.018812684590367487,-0.018812684590367487,0E-17,ELIGIBLE,R03b_20260811_FULL_v1,L1_ELIGIBILITY,v2026-08-11,2026-03-21..2026-08-06,baccarat_bet02_101_all_pairs_incl_sentinel,round_win = game_pnl > 0 (decisive only),COMPATIBILITY_ONLY_NOT_PRODUCTION,4059548.3812,3680416.6879,6656.9809,9707,9692,-0.00163983,0.01249836,-0.00525961,-0.00163983,-6656.9809,4059548.3812,OK,0.0000,266.2792,4.0000,96.0000,AG03-UNRESOLVED,ALL5_LEVELS_bet23_to_bet27,266.2792,266.2792,266.2792,0.0000,0.0000,4.000000,4.000000,4.000000,0.000000,0.000000,96.000000,96.000000,96.000000,100.000000,100.000000,5.0,798.8377,767.3102,5858.1432,5889.6706,PENDING_AG03,FALSE,NOT_FOR_ENFORCEMENT,6390.7016,3533200.0204,6656.9809,6390.7016,266.2792,0.00163983,0.00157424,266.2792,6390.7016,0.00157424,266.2792,266.2792,266.2792,0.0000,0.0000,6390.7016,0.00157424,798.8377,767.3102,5858.1432,5889.6706,0.00144305,0.00145082,0.00006559,418.2083,379.7376,0.6869,61.6387,1.8384,37588.4109,89.7407,538.3845,395.5999,218.4789,430.6076,432.5446,432.5446,1046.441,1081.3617,427.0584,0.0,2.43015,2.511246,0.971205,30,216,96,2,0.20383968,0.00163983,-0.01249836,0E-8,0.000000,0.906607,0.000000,0.01775797,2026-03-22,2026-08-06,108,3621,2443,138,0.782609,1.360932,1.287360,0.679466,,,,,,,,GLOBAL_BASELINE_NO_ENTITY_RANKING,,,NOT_APPLICABLE_GLOBAL_BASELINE,HF9g-P5,,,,X 全窗基线 · 不参与实体赏罚,14198846,1420,A168_HF9F_20260827_0900,2026-08-27 09:00:00
2026-05-23,57024343,1985,0,432.5446602362,-432.5446602362,-432.5446602362,0E-7,1,1,0.50665070000000000,0.506650700000,-1.013391052207602,-1.013391052207602,-1.013391052207602,0E-17,ELIGIBLE,R03b_20260811_FULL_v1,L1_ELIGIBILITY,v2026-08-11,2026-03-21..2026-08-06,baccarat_bet02_101_all_pairs_incl_sentinel,round_win = game_pnl > 0 (decisive only),COMPATIBILITY_ONLY_NOT_PRODUCTION,4059548.3812,3680416.6879,6656.9809,9707,9692,-0.00163983,0.01249836,-0.00525961,-0.00163983,-6656.9809,4059548.3812,OK,0.0000,266.2792,4.0000,96.0000,AG03-UNRESOLVED,ALL5_LEVELS_bet23_to_bet27,266.2792,266.2792,266.2792,0.0000,0.0000,4.000000,4.000000,4.000000,0.000000,0.000000,96.000000,96.000000,96.000000,100.000000,100.000000,5.0,798.8377,767.3102,5858.1432,5889.6706,PENDING_AG03,FALSE,NOT_FOR_ENFORCEMENT,6390.7016,3533200.0204,6656.9809,6390.7016,266.2792,0.00163983,0.00157424,266.2792,6390.7016,0.00157424,266.2792,266.2792,266.2792,0.0000,0.0000,6390.7016,0.00157424,798.8377,767.3102,5858.1432,5889.6706,0.00144305,0.00145082,0.00006559,418.2083,379.7376,0.6869,61.6387,1.8384,37588.4109,89.7407,538.3845,395.5999,218.4789,430.6076,432.5446,432.5446,1046.441,1081.3617,427.0584,0.0,2.43015,2.511246,0.971205,30,216,96,2,0.20383968,0.00163983,-0.01249836,0E-8,0.000000,0.906607,0.000000,0.01775797,2026-03-22,2026-08-06,108,3621,2443,138,0.782609,1.360932,1.287360,0.679466,,,,,,,,GLOBAL_BASELINE_NO_ENTITY_RANKING,,,NOT_APPLICABLE_GLOBAL_BASELINE,HF9g-P5,,,,X 全窗基线 · 不参与实体赏罚,14198847,1420,A168_HF9F_20260827_0900,2026-08-27 09:00:00
2026-05-23,57024343,2103,0,1513.9063108267,173.0178640945,173.0178640945,0.6666667,3,3,0.50665070000000000,0.506650700000,0.5543606114942035,0.5543606114942035,0.5543606114942035,0E-17,ELIGIBLE,R03b_20260811_FULL_v1,L1_ELIGIBILITY,v2026-08-11,2026-03-21..2026-08-06,baccarat_bet02_101_all_pairs_incl_sentinel,round_win = game_pnl > 0 (decisive only),COMPATIBILITY_ONLY_NOT_PRODUCTION,4059548.3812,3680416.6879,6656.9809,9707,9692,-0.00163983,0.01249836,-0.00525961,-0.00163983,-6656.9809,4059548.3812,OK,0.0000,266.2792,4.0000,96.0000,AG03-UNRESOLVED,ALL5_LEVELS_bet23_to_bet27,266.2792,266.2792,266.2792,0.0000,0.0000,4.000000,4.000000,4.000000,0.000000,0.000000,96.000000,96.000000,96.000000,100.000000,100.000000,5.0,798.8377,767.3102,5858.1432,5889.6706,PENDING_AG03,FALSE,NOT_FOR_ENFORCEMENT,6390.7016,3533200.0204,6656.9809,6390.7016,266.2792,0.00163983,0.00157424,266.2792,6390.7016,0.00157424,266.2792,266.2792,266.2792,0.0000,0.0000,6390.7016,0.00157424,798.8377,767.3102,5858.1432,5889.6706,0.00144305,0.00145082,0.00006559,418.2083,379.7376,0.6869,61.6387,1.8384,37588.4109,89.7407,538.3845,395.5999,218.4789,430.6076,432.5446,432.5446,1046.441,1081.3617,427.0584,0.0,2.43015,2.511246,0.971205,30,216,96,2,0.20383968,0.00163983,-0.01249836,0E-8,0.000000,0.906607,0.000000,0.01775797,2026-03-22,2026-08-06,108,3621,2443,138,0.782609,1.360932,1.287360,0.679466,,,,,,,,GLOBAL_BASELINE_NO_ENTITY_RANKING,,,NOT_APPLICABLE_GLOBAL_BASELINE,HF9g-P5,,,,X 全窗基线 · 不参与实体赏罚,14198848,1420,A168_HF9F_20260827_0900,2026-08-27 09:00:00
2026-05-23,57024343,2147,0,865.0893204724,-865.0893204724,-865.0893204724,0E-7,2,2,0.49994810000000000,0.499948100000,-1.4140667746232096,-1.4140667746232096,-1.4140667746232096,0E-17,ELIGIBLE,R03b_20260811_FULL_v1,L1_ELIGIBILITY,v2026-08-11,2026-03-21..2026-08-06,baccarat_bet02_101_all_pairs_incl_sentinel,round_win = game_pnl > 0 (decisive only),COMPATIBILITY_ONLY_NOT_PRODUCTION,4059548.3812,3680416.6879,6656.9809,9707,9692,-0.00163983,0.01249836,-0.00525961,-0.00163983,-6656.9809,4059548.3812,OK,0.0000,266.2792,4.0000,96.0000,AG03-UNRESOLVED,ALL5_LEVELS_bet23_to_bet27,266.2792,266.2792,266.2792,0.0000,0.0000,4.000000,4.000000,4.000000,0.000000,0.000000,96.000000,96.000000,96.000000,100.000000,100.000000,5.0,798.8377,767.3102,5858.1432,5889.6706,PENDING_AG03,FALSE,NOT_FOR_ENFORCEMENT,6390.7016,3533200.0204,6656.9809,6390.7016,266.2792,0.00163983,0.00157424,266.2792,6390.7016,0.00157424,266.2792,266.2792,266.2792,0.0000,0.0000,6390.7016,0.00157424,798.8377,767.3102,5858.1432,5889.6706,0.00144305,0.00145082,0.00006559,418.2083,379.7376,0.6869,61.6387,1.8384,37588.4109,89.7407,538.3845,395.5999,218.4789,430.6076,432.5446,432.5446,1046.441,1081.3617,427.0584,0.0,2.43015,2.511246,0.971205,30,216,96,2,0.20383968,0.00163983,-0.01249836,0E-8,0.000000,0.906607,0.000000,0.01775797,2026-03-22,2026-08-06,108,3621,2443,138,0.782609,1.360932,1.287360,0.679466,,,,,,,,GLOBAL_BASELINE_NO_ENTITY_RANKING,,,NOT_APPLICABLE_GLOBAL_BASELINE,HF9g-P5,,,,X 全窗基线 · 不参与实体赏罚,14198849,1420,A168_HF9F_20260827_0900,2026-08-27 09:00:00
2026-05-23,57024343,2154,0,1297.6339807086,0E-10,0E-10,0.5000000,3,3,0.49771390000000000,0.497713900000,0.006466134837551399,0.0064661348375514,0.006466134837551399,0E-17,ELIGIBLE,R03b_20260811_FULL_v1,L1_ELIGIBILITY,v2026-08-11,2026-03-21..2026-08-06,baccarat_bet02_101_all_pairs_incl_sentinel,round_win = game_pnl > 0 (decisive only),COMPATIBILITY_ONLY_NOT_PRODUCTION,4059548.3812,3680416.6879,6656.9809,9707,9692,-0.00163983,0.01249836,-0.00525961,-0.00163983,-6656.9809,4059548.3812,OK,0.0000,266.2792,4.0000,96.0000,AG03-UNRESOLVED,ALL5_LEVELS_bet23_to_bet27,266.2792,266.2792,266.2792,0.0000,0.0000,4.000000,4.000000,4.000000,0.000000,0.000000,96.000000,96.000000,96.000000,100.000000,100.000000,5.0,798.8377,767.3102,5858.1432,5889.6706,PENDING_AG03,FALSE,NOT_FOR_ENFORCEMENT,6390.7016,3533200.0204,6656.9809,6390.7016,266.2792,0.00163983,0.00157424,266.2792,6390.7016,0.00157424,266.2792,266.2792,266.2792,0.0000,0.0000,6390.7016,0.00157424,798.8377,767.3102,5858.1432,5889.6706,0.00144305,0.00145082,0.00006559,418.2083,379.7376,0.6869,61.6387,1.8384,37588.4109,89.7407,538.3845,395.5999,218.4789,430.6076,432.5446,432.5446,1046.441,1081.3617,427.0584,0.0,2.43015,2.511246,0.971205,30,216,96,2,0.20383968,0.00163983,-0.01249836,0E-8,0.000000,0.906607,0.000000,0.01775797,2026-03-22,2026-08-06,108,3621,2443,138,0.782609,1.360932,1.287360,0.679466,,,,,,,,GLOBAL_BASELINE_NO_ENTITY_RANKING,,,NOT_APPLICABLE_GLOBAL_BASELINE,HF9g-P5,,,,X 全窗基线 · 不参与实体赏罚,14198850,1420,A168_HF9F_20260827_0900,2026-08-27 09:00:00
2026-05-23,57024343,2155,0,432.5446602362,0E-10,0E-10,,1,1,0.50665070000000000,0.506650700000,,,,0E-17,NO_DECISIVE_ROUND,R03b_20260811_FULL_v1,L1_ELIGIBILITY,v2026-08-11,2026-03-21..2026-08-06,baccarat_bet02_101_all_pairs_incl_sentinel,round_win = game_pnl > 0 (decisive only),COMPATIBILITY_ONLY_NOT_PRODUCTION,4059548.3812,3680416.6879,6656.9809,9707,9692,-0.00163983,0.01249836,-0.00525961,-0.00163983,-6656.9809,4059548.3812,OK,0.0000,266.2792,4.0000,96.0000,AG03-UNRESOLVED,ALL5_LEVELS_bet23_to_bet27,266.2792,266.2792,266.2792,0.0000,0.0000,4.000000,4.000000,4.000000,0.000000,0.000000,96.000000,96.000000,96.000000,100.000000,100.000000,5.0,798.8377,767.3102,5858.1432,5889.6706,PENDING_AG03,FALSE,NOT_FOR_ENFORCEMENT,6390.7016,3533200.0204,6656.9809,6390.7016,266.2792,0.00163983,0.00157424,266.2792,6390.7016,0.00157424,266.2792,266.2792,266.2792,0.0000,0.0000,6390.7016,0.00157424,798.8377,767.3102,5858.1432,5889.6706,0.00144305,0.00145082,0.00006559,418.2083,379.7376,0.6869,61.6387,1.8384,37588.4109,89.7407,538.3845,395.5999,218.4789,430.6076,432.5446,432.5446,1046.441,1081.3617,427.0584,0.0,2.43015,2.511246,0.971205,30,216,96,2,0.20383968,0.00163983,-0.01249836,0E-8,0.000000,0.906607,0.000000,0.01775797,2026-03-22,2026-08-06,108,3621,2443,138,0.782609,1.360932,1.287360,0.679466,,,,,,,,GLOBAL_BASELINE_NO_ENTITY_RANKING,,,NOT_APPLICABLE_GLOBAL_BASELINE,HF9g-P5,,,,X 全窗基线 · 不参与实体赏罚,14198851,1420,A168_HF9F_20260827_0900,2026-08-27 09:00:00
2026-05-23,57024343,2224,0,432.5446602362,-432.5446602362,-432.5446602362,0E-7,1,1,0.50665070000000000,0.506650700000,-1.013391052207602,-1.013391052207602,-1.013391052207602,0E-17,ELIGIBLE,R03b_20260811_FULL_v1,L1_ELIGIBILITY,v2026-08-11,2026-03-21..2026-08-06,baccarat_bet02_101_all_pairs_incl_sentinel,round_win = game_pnl > 0 (decisive only),COMPATIBILITY_ONLY_NOT_PRODUCTION,4059548.3812,3680416.6879,6656.9809,9707,9692,-0.00163983,0.01249836,-0.00525961,-0.00163983,-6656.9809,4059548.3812,OK,0.0000,266.2792,4.0000,96.0000,AG03-UNRESOLVED,ALL5_LEVELS_bet23_to_bet27,266.2792,266.2792,266.2792,0.0000,0.0000,4.000000,4.000000,4.000000,0.000000,0.000000,96.000000,96.000000,96.000000,100.000000,100.000000,5.0,798.8377,767.3102,5858.1432,5889.6706,PENDING_AG03,FALSE,NOT_FOR_ENFORCEMENT,6390.7016,3533200.0204,6656.9809,6390.7016,266.2792,0.00163983,0.00157424,266.2792,6390.7016,0.00157424,266.2792,266.2792,266.2792,0.0000,0.0000,6390.7016,0.00157424,798.8377,767.3102,5858.1432,5889.6706,0.00144305,0.00145082,0.00006559,418.2083,379.7376,0.6869,61.6387,1.8384,37588.4109,89.7407,538.3845,395.5999,218.4789,430.6076,432.5446,432.5446,1046.441,1081.3617,427.0584,0.0,2.43015,2.511246,0.971205,30,216,96,2,0.20383968,0.00163983,-0.01249836,0E-8,0.000000,0.906607,0.000000,0.01775797,2026-03-22,2026-08-06,108,3621,2443,138,0.782609,1.360932,1.287360,0.679466,,,,,,,,GLOBAL_BASELINE_NO_ENTITY_RANKING,,,NOT_APPLICABLE_GLOBAL_BASELINE,HF9g-P5,,,,X 全窗基线 · 不参与实体赏罚,14198852,1420,A168_HF9F_20260827_0900,2026-08-27 09:00:00
2026-05-23,57024343,2242,0,1297.6339807086,389.2901942126,389.2901942126,0.6666667,3,3,0.50665070000000000,0.506650700000,0.5543606114942035,0.5543606114942035,0.5543606114942035,0E-17,ELIGIBLE,R03b_20260811_FULL_v1,L1_ELIGIBILITY,v2026-08-11,2026-03-21..2026-08-06,baccarat_bet02_101_all_pairs_incl_sentinel,round_win = game_pnl > 0 (decisive only),COMPATIBILITY_ONLY_NOT_PRODUCTION,4059548.3812,3680416.6879,6656.9809,9707,9692,-0.00163983,0.01249836,-0.00525961,-0.00163983,-6656.9809,4059548.3812,OK,0.0000,266.2792,4.0000,96.0000,AG03-UNRESOLVED,ALL5_LEVELS_bet23_to_bet27,266.2792,266.2792,266.2792,0.0000,0.0000,4.000000,4.000000,4.000000,0.000000,0.000000,96.000000,96.000000,96.000000,100.000000,100.000000,5.0,798.8377,767.3102,5858.1432,5889.6706,PENDING_AG03,FALSE,NOT_FOR_ENFORCEMENT,6390.7016,3533200.0204,6656.9809,6390.7016,266.2792,0.00163983,0.00157424,266.2792,6390.7016,0.00157424,266.2792,266.2792,266.2792,0.0000,0.0000,6390.7016,0.00157424,798.8377,767.3102,5858.1432,5889.6706,0.00144305,0.00145082,0.00006559,418.2083,379.7376,0.6869,61.6387,1.8384,37588.4109,89.7407,538.3845,395.5999,218.4789,430.6076,432.5446,432.5446,1046.441,1081.3617,427.0584,0.0,2.43015,2.511246,0.971205,30,216,96,2,0.20383968,0.00163983,-0.01249836,0E-8,0.000000,0.906607,0.000000,0.01775797,2026-03-22,2026-08-06,108,3621,2443,138,0.782609,1.360932,1.287360,0.679466,,,,,,,,GLOBAL_BASELINE_NO_ENTITY_RANKING,,,NOT_APPLICABLE_GLOBAL_BASELINE,HF9g-P5,,,,X 全窗基线 · 不参与实体赏罚,14198853,1420,A168_HF9F_20260827_0900,2026-08-27 09:00:00
2026-05-23,57024343,550,0,432.5446602362,410.9174272244,410.9174272244,1.0000000,1,1,0.50665070000000000,0.506650700000,0.9867858985152569,0.9867858985152569,0.9867858985152569,0E-17,ELIGIBLE,R03b_20260811_FULL_v1,L1_ELIGIBILITY,v2026-08-11,2026-03-21..2026-08-06,baccarat_bet02_101_all_pairs_incl_sentinel,round_win = game_pnl > 0 (decisive only),COMPATIBILITY_ONLY_NOT_PRODUCTION,4059548.3812,3680416.6879,6656.9809,9707,9692,-0.00163983,0.01249836,-0.00525961,-0.00163983,-6656.9809,4059548.3812,OK,0.0000,266.2792,4.0000,96.0000,AG03-UNRESOLVED,ALL5_LEVELS_bet23_to_bet27,266.2792,266.2792,266.2792,0.0000,0.0000,4.000000,4.000000,4.000000,0.000000,0.000000,96.000000,96.000000,96.000000,100.000000,100.000000,5.0,798.8377,767.3102,5858.1432,5889.6706,PENDING_AG03,FALSE,NOT_FOR_ENFORCEMENT,6390.7016,3533200.0204,6656.9809,6390.7016,266.2792,0.00163983,0.00157424,266.2792,6390.7016,0.00157424,266.2792,266.2792,266.2792,0.0000,0.0000,6390.7016,0.00157424,798.8377,767.3102,5858.1432,5889.6706,0.00144305,0.00145082,0.00006559,418.2083,379.7376,0.6869,61.6387,1.8384,37588.4109,89.7407,538.3845,395.5999,218.4789,430.6076,432.5446,432.5446,1046.441,1081.3617,427.0584,0.0,2.43015,2.511246,0.971205,30,216,96,2,0.20383968,0.00163983,-0.01249836,0E-8,0.000000,0.906607,0.000000,0.01775797,2026-03-22,2026-08-06,108,3621,2443,138,0.782609,1.360932,1.287360,0.679466,,,,,,,,GLOBAL_BASELINE_NO_ENTITY_RANKING,,,NOT_APPLICABLE_GLOBAL_BASELINE,HF9g-P5,,,,X 全窗基线 · 不参与实体赏罚,14198854,1420,A168_HF9F_20260827_0900,2026-08-27 09:00:00
2026-05-23,57024343,583,0,216.2723301181,0E-10,0E-10,,1,1,0.50665070000000000,0.506650700000,,,,0E-17,NO_DECISIVE_ROUND,R03b_20260811_FULL_v1,L1_ELIGIBILITY,v2026-08-11,2026-03-21..2026-08-06,baccarat_bet02_101_all_pairs_incl_sentinel,round_win = game_pnl > 0 (decisive only),COMPATIBILITY_ONLY_NOT_PRODUCTION,4059548.3812,3680416.6879,6656.9809,9707,9692,-0.00163983,0.01249836,-0.00525961,-0.00163983,-6656.9809,4059548.3812,OK,0.0000,266.2792,4.0000,96.0000,AG03-UNRESOLVED,ALL5_LEVELS_bet23_to_bet27,266.2792,266.2792,266.2792,0.0000,0.0000,4.000000,4.000000,4.000000,0.000000,0.000000,96.000000,96.000000,96.000000,100.000000,100.000000,5.0,798.8377,767.3102,5858.1432,5889.6706,PENDING_AG03,FALSE,NOT_FOR_ENFORCEMENT,6390.7016,3533200.0204,6656.9809,6390.7016,266.2792,0.00163983,0.00157424,266.2792,6390.7016,0.00157424,266.2792,266.2792,266.2792,0.0000,0.0000,6390.7016,0.00157424,798.8377,767.3102,5858.1432,5889.6706,0.00144305,0.00145082,0.00006559,418.2083,379.7376,0.6869,61.6387,1.8384,37588.4109,89.7407,538.3845,395.5999,218.4789,430.6076,432.5446,432.5446,1046.441,1081.3617,427.0584,0.0,2.43015,2.511246,0.971205,30,216,96,2,0.20383968,0.00163983,-0.01249836,0E-8,0.000000,0.906607,0.000000,0.01775797,2026-03-22,2026-08-06,108,3621,2443,138,0.782609,1.360932,1.287360,0.679466,,,,,,,,GLOBAL_BASELINE_NO_ENTITY_RANKING,,,NOT_APPLICABLE_GLOBAL_BASELINE,HF9g-P5,,,,X 全窗基线 · 不参与实体赏罚,14198855,1420,A168_HF9F_20260827_0900,2026-08-27 09:00:00
2026-05-23,57024343,789,0,432.5446602362,-432.5446602362,-432.5446602362,0E-7,1,1,0.49324550000000000,0.493245500000,-0.9865810262130424,-0.9865810262130424,-0.9865810262130424,0E-17,ELIGIBLE,R03b_20260811_FULL_v1,L1_ELIGIBILITY,v2026-08-11,2026-03-21..2026-08-06,baccarat_bet02_101_all_pairs_incl_sentinel,round_win = game_pnl > 0 (decisive only),COMPATIBILITY_ONLY_NOT_PRODUCTION,4059548.3812,3680416.6879,6656.9809,9707,9692,-0.00163983,0.01249836,-0.00525961,-0.00163983,-6656.9809,4059548.3812,OK,0.0000,266.2792,4.0000,96.0000,AG03-UNRESOLVED,ALL5_LEVELS_bet23_to_bet27,266.2792,266.2792,266.2792,0.0000,0.0000,4.000000,4.000000,4.000000,0.000000,0.000000,96.000000,96.000000,96.000000,100.000000,100.000000,5.0,798.8377,767.3102,5858.1432,5889.6706,PENDING_AG03,FALSE,NOT_FOR_ENFORCEMENT,6390.7016,3533200.0204,6656.9809,6390.7016,266.2792,0.00163983,0.00157424,266.2792,6390.7016,0.00157424,266.2792,266.2792,266.2792,0.0000,0.0000,6390.7016,0.00157424,798.8377,767.3102,5858.1432,5889.6706,0.00144305,0.00145082,0.00006559,418.2083,379.7376,0.6869,61.6387,1.8384,37588.4109,89.7407,538.3845,395.5999,218.4789,430.6076,432.5446,432.5446,1046.441,1081.3617,427.0584,0.0,2.43015,2.511246,0.971205,30,216,96,2,0.20383968,0.00163983,-0.01249836,0E-8,0.000000,0.906607,0.000000,0.01775797,2026-03-22,2026-08-06,108,3621,2443,138,0.782609,1.360932,1.287360,0.679466,,,,,,,,GLOBAL_BASELINE_NO_ENTITY_RANKING,,,NOT_APPLICABLE_GLOBAL_BASELINE,HF9g-P5,,,,X 全窗基线 · 不参与实体赏罚,14198856,1420,A168_HF9F_20260827_0900,2026-08-27 09:00:00
2026-05-23,57024343,994,0,432.5446602362,410.9174272244,410.9174272244,1.0000000,1,1,0.50665070000000000,0.506650700000,0.9867858985152569,0.9867858985152569,0.9867858985152569,0E-17,ELIGIBLE,R03b_20260811_FULL_v1,L1_ELIGIBILITY,v2026-08-11,2026-03-21..2026-08-06,baccarat_bet02_101_all_pairs_incl_sentinel,round_win = game_pnl > 0 (decisive only),COMPATIBILITY_ONLY_NOT_PRODUCTION,4059548.3812,3680416.6879,6656.9809,9707,9692,-0.00163983,0.01249836,-0.00525961,-0.00163983,-6656.9809,4059548.3812,OK,0.0000,266.2792,4.0000,96.0000,AG03-UNRESOLVED,ALL5_LEVELS_bet23_to_bet27,266.2792,266.2792,266.2792,0.0000,0.0000,4.000000,4.000000,4.000000,0.000000,0.000000,96.000000,96.000000,96.000000,100.000000,100.000000,5.0,798.8377,767.3102,5858.1432,5889.6706,PENDING_AG03,FALSE,NOT_FOR_ENFORCEMENT,6390.7016,3533200.0204,6656.9809,6390.7016,266.2792,0.00163983,0.00157424,266.2792,6390.7016,0.00157424,266.2792,266.2792,266.2792,0.0000,0.0000,6390.7016,0.00157424,798.8377,767.3102,5858.1432,5889.6706,0.00144305,0.00145082,0.00006559,418.2083,379.7376,0.6869,61.6387,1.8384,37588.4109,89.7407,538.3845,395.5999,218.4789,430.6076,432.5446,432.5446,1046.441,1081.3617,427.0584,0.0,2.43015,2.511246,0.971205,30,216,96,2,0.20383968,0.00163983,-0.01249836,0E-8,0.000000,0.906607,0.000000,0.01775797,2026-03-22,2026-08-06,108,3621,2443,138,0.782609,1.360932,1.287360,0.679466,,,,,,,,GLOBAL_BASELINE_NO_ENTITY_RANKING,,,NOT_APPLICABLE_GLOBAL_BASELINE,HF9g-P5,,,,X 全窗基线 · 不参与实体赏罚,14198857,1420,A168_HF9F_20260827_0900,2026-08-27 09:00:00
2026-05-24,57024343,-1,1,10597.3441757868,-1016.4799515550,-1016.4799515550,0.4500000,23,23,0.50373652608695652,0.503736526087,-0.48064752225092894,-0.4806475222513182,-0.48064752225092894,-4.348E-14,SENTINEL_DEALER,R03b_20260811_FULL_v1,L1_ELIGIBILITY,v2026-08-11,2026-03-21..2026-08-06,baccarat_bet02_101_all_pairs_incl_sentinel,round_win = game_pnl > 0 (decisive only),COMPATIBILITY_ONLY_NOT_PRODUCTION,4059548.3812,3680416.6879,6656.9809,9707,9692,-0.00163983,0.01249836,-0.00525961,-0.00163983,-6656.9809,4059548.3812,OK,0.0000,266.2792,4.0000,96.0000,AG03-UNRESOLVED,ALL5_LEVELS_bet23_to_bet27,266.2792,266.2792,266.2792,0.0000,0.0000,4.000000,4.000000,4.000000,0.000000,0.000000,96.000000,96.000000,96.000000,100.000000,100.000000,5.0,798.8377,767.3102,5858.1432,5889.6706,PENDING_AG03,FALSE,NOT_FOR_ENFORCEMENT,6390.7016,3533200.0204,6656.9809,6390.7016,266.2792,0.00163983,0.00157424,266.2792,6390.7016,0.00157424,266.2792,266.2792,266.2792,0.0000,0.0000,6390.7016,0.00157424,798.8377,767.3102,5858.1432,5889.6706,0.00144305,0.00145082,0.00006559,418.2083,379.7376,0.6869,61.6387,1.8384,37588.4109,89.7407,538.3845,395.5999,218.4789,430.6076,432.5446,432.5446,1046.441,1081.3617,427.0584,0.0,2.43015,2.511246,0.971205,30,216,96,2,0.20383968,0.00163983,-0.01249836,0E-8,0.000000,0.906607,0.000000,0.01775797,2026-03-22,2026-08-06,108,3621,2443,138,0.782609,1.360932,1.287360,0.679466,,,,,,,,GLOBAL_BASELINE_NO_ENTITY_RANKING,,,NOT_APPLICABLE_GLOBAL_BASELINE,HF9g-P5,,,,X 全窗基线 · 不参与实体赏罚,14198858,1420,A168_HF9F_20260827_0900,2026-08-27 09:00:00
2026-05-24,57024343,1115,0,432.5446602362,0E-10,0E-10,,1,1,0.50665070000000000,0.506650700000,,,,0E-17,NO_DECISIVE_ROUND,R03b_20260811_FULL_v1,L1_ELIGIBILITY,v2026-08-11,2026-03-21..2026-08-06,baccarat_bet02_101_all_pairs_incl_sentinel,round_win = game_pnl > 0 (decisive only),COMPATIBILITY_ONLY_NOT_PRODUCTION,4059548.3812,3680416.6879,6656.9809,9707,9692,-0.00163983,0.01249836,-0.00525961,-0.00163983,-6656.9809,4059548.3812,OK,0.0000,266.2792,4.0000,96.0000,AG03-UNRESOLVED,ALL5_LEVELS_bet23_to_bet27,266.2792,266.2792,266.2792,0.0000,0.0000,4.000000,4.000000,4.000000,0.000000,0.000000,96.000000,96.000000,96.000000,100.000000,100.000000,5.0,798.8377,767.3102,5858.1432,5889.6706,PENDING_AG03,FALSE,NOT_FOR_ENFORCEMENT,6390.7016,3533200.0204,6656.9809,6390.7016,266.2792,0.00163983,0.00157424,266.2792,6390.7016,0.00157424,266.2792,266.2792,266.2792,0.0000,0.0000,6390.7016,0.00157424,798.8377,767.3102,5858.1432,5889.6706,0.00144305,0.00145082,0.00006559,418.2083,379.7376,0.6869,61.6387,1.8384,37588.4109,89.7407,538.3845,395.5999,218.4789,430.6076,432.5446,432.5446,1046.441,1081.3617,427.0584,0.0,2.43015,2.511246,0.971205,30,216,96,2,0.20383968,0.00163983,-0.01249836,0E-8,0.000000,0.906607,0.000000,0.01775797,2026-03-22,2026-08-06,108,3621,2443,138,0.782609,1.360932,1.287360,0.679466,,,,,,,,GLOBAL_BASELINE_NO_ENTITY_RANKING,,,NOT_APPLICABLE_GLOBAL_BASELINE,HF9g-P5,,,,X 全窗基线 · 不参与实体赏罚,14198859,1420,A168_HF9F_20260827_0900,2026-08-27 09:00:00
2026-05-24,57024343,1323,0,1081.3616505904,-1081.3616505904,-1081.3616505904,0E-7,1,1,0.50665070000000000,0.506650700000,-1.013391052207602,-1.013391052207602,-1.013391052207602,0E-17,ELIGIBLE,R03b_20260811_FULL_v1,L1_ELIGIBILITY,v2026-08-11,2026-03-21..2026-08-06,baccarat_bet02_101_all_pairs_incl_sentinel,round_win = game_pnl > 0 (decisive only),COMPATIBILITY_ONLY_NOT_PRODUCTION,4059548.3812,3680416.6879,6656.9809,9707,9692,-0.00163983,0.01249836,-0.00525961,-0.00163983,-6656.9809,4059548.3812,OK,0.0000,266.2792,4.0000,96.0000,AG03-UNRESOLVED,ALL5_LEVELS_bet23_to_bet27,266.2792,266.2792,266.2792,0.0000,0.0000,4.000000,4.000000,4.000000,0.000000,0.000000,96.000000,96.000000,96.000000,100.000000,100.000000,5.0,798.8377,767.3102,5858.1432,5889.6706,PENDING_AG03,FALSE,NOT_FOR_ENFORCEMENT,6390.7016,3533200.0204,6656.9809,6390.7016,266.2792,0.00163983,0.00157424,266.2792,6390.7016,0.00157424,266.2792,266.2792,266.2792,0.0000,0.0000,6390.7016,0.00157424,798.8377,767.3102,5858.1432,5889.6706,0.00144305,0.00145082,0.00006559,418.2083,379.7376,0.6869,61.6387,1.8384,37588.4109,89.7407,538.3845,395.5999,218.4789,430.6076,432.5446,432.5446,1046.441,1081.3617,427.0584,0.0,2.43015,2.511246,0.971205,30,216,96,2,0.20383968,0.00163983,-0.01249836,0E-8,0.000000,0.906607,0.000000,0.01775797,2026-03-22,2026-08-06,108,3621,2443,138,0.782609,1.360932,1.287360,0.679466,,,,,,,,GLOBAL_BASELINE_NO_ENTITY_RANKING,,,NOT_APPLICABLE_GLOBAL_BASELINE,HF9g-P5,,,,X 全窗基线 · 不参与实体赏罚,14198860,1420,A168_HF9F_20260827_0900,2026-08-27 09:00:00
2026-05-24,57024343,1399,0,432.5446602362,0E-10,0E-10,,1,1,0.50665070000000000,0.506650700000,,,,0E-17,NO_DECISIVE_ROUND,R03b_20260811_FULL_v1,L1_ELIGIBILITY,v2026-08-11,2026-03-21..2026-08-06,baccarat_bet02_101_all_pairs_incl_sentinel,round_win = game_pnl > 0 (decisive only),COMPATIBILITY_ONLY_NOT_PRODUCTION,4059548.3812,3680416.6879,6656.9809,9707,9692,-0.00163983,0.01249836,-0.00525961,-0.00163983,-6656.9809,4059548.3812,OK,0.0000,266.2792,4.0000,96.0000,AG03-UNRESOLVED,ALL5_LEVELS_bet23_to_bet27,266.2792,266.2792,266.2792,0.0000,0.0000,4.000000,4.000000,4.000000,0.000000,0.000000,96.000000,96.000000,96.000000,100.000000,100.000000,5.0,798.8377,767.3102,5858.1432,5889.6706,PENDING_AG03,FALSE,NOT_FOR_ENFORCEMENT,6390.7016,3533200.0204,6656.9809,6390.7016,266.2792,0.00163983,0.00157424,266.2792,6390.7016,0.00157424,266.2792,266.2792,266.2792,0.0000,0.0000,6390.7016,0.00157424,798.8377,767.3102,5858.1432,5889.6706,0.00144305,0.00145082,0.00006559,418.2083,379.7376,0.6869,61.6387,1.8384,37588.4109,89.7407,538.3845,395.5999,218.4789,430.6076,432.5446,432.5446,1046.441,1081.3617,427.0584,0.0,2.43015,2.511246,0.971205,30,216,96,2,0.20383968,0.00163983,-0.01249836,0E-8,0.000000,0.906607,0.000000,0.01775797,2026-03-22,2026-08-06,108,3621,2443,138,0.782609,1.360932,1.287360,0.679466,,,,,,,,GLOBAL_BASELINE_NO_ENTITY_RANKING,,,NOT_APPLICABLE_GLOBAL_BASELINE,HF9g-P5,,,,X 全窗基线 · 不参与实体赏罚,14198861,1420,A168_HF9F_20260827_0900,2026-08-27 09:00:00
2026-05-24,57024343,1405,0,432.5446602362,-432.5446602362,-432.5446602362,0E-7,1,1,0.49324550000000000,0.493245500000,-0.9865810262130424,-0.9865810262130424,-0.9865810262130424,0E-17,ELIGIBLE,R03b_20260811_FULL_v1,L1_ELIGIBILITY,v2026-08-11,2026-03-21..2026-08-06,baccarat_bet02_101_all_pairs_incl_sentinel,round_win = game_pnl > 0 (decisive only),COMPATIBILITY_ONLY_NOT_PRODUCTION,4059548.3812,3680416.6879,6656.9809,9707,9692,-0.00163983,0.01249836,-0.00525961,-0.00163983,-6656.9809,4059548.3812,OK,0.0000,266.2792,4.0000,96.0000,AG03-UNRESOLVED,ALL5_LEVELS_bet23_to_bet27,266.2792,266.2792,266.2792,0.0000,0.0000,4.000000,4.000000,4.000000,0.000000,0.000000,96.000000,96.000000,96.000000,100.000000,100.000000,5.0,798.8377,767.3102,5858.1432,5889.6706,PENDING_AG03,FALSE,NOT_FOR_ENFORCEMENT,6390.7016,3533200.0204,6656.9809,6390.7016,266.2792,0.00163983,0.00157424,266.2792,6390.7016,0.00157424,266.2792,266.2792,266.2792,0.0000,0.0000,6390.7016,0.00157424,798.8377,767.3102,5858.1432,5889.6706,0.00144305,0.00145082,0.00006559,418.2083,379.7376,0.6869,61.6387,1.8384,37588.4109,89.7407,538.3845,395.5999,218.4789,430.6076,432.5446,432.5446,1046.441,1081.3617,427.0584,0.0,2.43015,2.511246,0.971205,30,216,96,2,0.20383968,0.00163983,-0.01249836,0E-8,0.000000,0.906607,0.000000,0.01775797,2026-03-22,2026-08-06,108,3621,2443,138,0.782609,1.360932,1.287360,0.679466,,,,,,,,GLOBAL_BASELINE_NO_ENTITY_RANKING,,,NOT_APPLICABLE_GLOBAL_BASELINE,HF9g-P5,,,,X 全窗基线 · 不参与实体赏罚,14198862,1420,A168_HF9F_20260827_0900,2026-08-27 09:00:00
2026-05-24,57024343,1509,0,865.0893204724,-865.0893204724,-865.0893204724,0E-7,2,2,0.50665070000000000,0.506650700000,-1.4331513700195317,-1.4331513700195317,-1.4331513700195317,0E-17,ELIGIBLE,R03b_20260811_FULL_v1,L1_ELIGIBILITY,v2026-08-11,2026-03-21..2026-08-06,baccarat_bet02_101_all_pairs_incl_sentinel,round_win = game_pnl > 0 (decisive only),COMPATIBILITY_ONLY_NOT_PRODUCTION,4059548.3812,3680416.6879,6656.9809,9707,9692,-0.00163983,0.01249836,-0.00525961,-0.00163983,-6656.9809,4059548.3812,OK,0.0000,266.2792,4.0000,96.0000,AG03-UNRESOLVED,ALL5_LEVELS_bet23_to_bet27,266.2792,266.2792,266.2792,0.0000,0.0000,4.000000,4.000000,4.000000,0.000000,0.000000,96.000000,96.000000,96.000000,100.000000,100.000000,5.0,798.8377,767.3102,5858.1432,5889.6706,PENDING_AG03,FALSE,NOT_FOR_ENFORCEMENT,6390.7016,3533200.0204,6656.9809,6390.7016,266.2792,0.00163983,0.00157424,266.2792,6390.7016,0.00157424,266.2792,266.2792,266.2792,0.0000,0.0000,6390.7016,0.00157424,798.8377,767.3102,5858.1432,5889.6706,0.00144305,0.00145082,0.00006559,418.2083,379.7376,0.6869,61.6387,1.8384,37588.4109,89.7407,538.3845,395.5999,218.4789,430.6076,432.5446,432.5446,1046.441,1081.3617,427.0584,0.0,2.43015,2.511246,0.971205,30,216,96,2,0.20383968,0.00163983,-0.01249836,0E-8,0.000000,0.906607,0.000000,0.01775797,2026-03-22,2026-08-06,108,3621,2443,138,0.782609,1.360932,1.287360,0.679466,,,,,,,,GLOBAL_BASELINE_NO_ENTITY_RANKING,,,NOT_APPLICABLE_GLOBAL_BASELINE,HF9g-P5,,,,X 全窗基线 · 不参与实体赏罚,14198863,1420,A168_HF9F_20260827_0900,2026-08-27 09:00:00
2026-05-24,57024343,1654,0,432.5446602362,410.9174272244,410.9174272244,1.0000000,1,1,0.50665070000000000,0.506650700000,0.9867858985152569,0.9867858985152569,0.9867858985152569,0E-17,ELIGIBLE,R03b_20260811_FULL_v1,L1_ELIGIBILITY,v2026-08-11,2026-03-21..2026-08-06,baccarat_bet02_101_all_pairs_incl_sentinel,round_win = game_pnl > 0 (decisive only),COMPATIBILITY_ONLY_NOT_PRODUCTION,4059548.3812,3680416.6879,6656.9809,9707,9692,-0.00163983,0.01249836,-0.00525961,-0.00163983,-6656.9809,4059548.3812,OK,0.0000,266.2792,4.0000,96.0000,AG03-UNRESOLVED,ALL5_LEVELS_bet23_to_bet27,266.2792,266.2792,266.2792,0.0000,0.0000,4.000000,4.000000,4.000000,0.000000,0.000000,96.000000,96.000000,96.000000,100.000000,100.000000,5.0,798.8377,767.3102,5858.1432,5889.6706,PENDING_AG03,FALSE,NOT_FOR_ENFORCEMENT,6390.7016,3533200.0204,6656.9809,6390.7016,266.2792,0.00163983,0.00157424,266.2792,6390.7016,0.00157424,266.2792,266.2792,266.2792,0.0000,0.0000,6390.7016,0.00157424,798.8377,767.3102,5858.1432,5889.6706,0.00144305,0.00145082,0.00006559,418.2083,379.7376,0.6869,61.6387,1.8384,37588.4109,89.7407,538.3845,395.5999,218.4789,430.6076,432.5446,432.5446,1046.441,1081.3617,427.0584,0.0,2.43015,2.511246,0.971205,30,216,96,2,0.20383968,0.00163983,-0.01249836,0E-8,0.000000,0.906607,0.000000,0.01775797,2026-03-22,2026-08-06,108,3621,2443,138,0.782609,1.360932,1.287360,0.679466,,,,,,,,GLOBAL_BASELINE_NO_ENTITY_RANKING,,,NOT_APPLICABLE_GLOBAL_BASELINE,HF9g-P5,,,,X 全窗基线 · 不参与实体赏罚,14198864,1420,A168_HF9F_20260827_0900,2026-08-27 09:00:00
2026-05-24,57024343,1935,0,865.0893204724,-865.0893204724,-865.0893204724,0E-7,2,2,0.49994810000000000,0.499948100000,-1.4140667746232096,-1.4140667746232096,-1.4140667746232096,0E-17,ELIGIBLE,R03b_20260811_FULL_v1,L1_ELIGIBILITY,v2026-08-11,2026-03-21..2026-08-06,baccarat_bet02_101_all_pairs_incl_sentinel,round_win = game_pnl > 0 (decisive only),COMPATIBILITY_ONLY_NOT_PRODUCTION,4059548.3812,3680416.6879,6656.9809,9707,9692,-0.00163983,0.01249836,-0.00525961,-0.00163983,-6656.9809,4059548.3812,OK,0.0000,266.2792,4.0000,96.0000,AG03-UNRESOLVED,ALL5_LEVELS_bet23_to_bet27,266.2792,266.2792,266.2792,0.0000,0.0000,4.000000,4.000000,4.000000,0.000000,0.000000,96.000000,96.000000,96.000000,100.000000,100.000000,5.0,798.8377,767.3102,5858.1432,5889.6706,PENDING_AG03,FALSE,NOT_FOR_ENFORCEMENT,6390.7016,3533200.0204,6656.9809,6390.7016,266.2792,0.00163983,0.00157424,266.2792,6390.7016,0.00157424,266.2792,266.2792,266.2792,0.0000,0.0000,6390.7016,0.00157424,798.8377,767.3102,5858.1432,5889.6706,0.00144305,0.00145082,0.00006559,418.2083,379.7376,0.6869,61.6387,1.8384,37588.4109,89.7407,538.3845,395.5999,218.4789,430.6076,432.5446,432.5446,1046.441,1081.3617,427.0584,0.0,2.43015,2.511246,0.971205,30,216,96,2,0.20383968,0.00163983,-0.01249836,0E-8,0.000000,0.906607,0.000000,0.01775797,2026-03-22,2026-08-06,108,3621,2443,138,0.782609,1.360932,1.287360,0.679466,,,,,,,,GLOBAL_BASELINE_NO_ENTITY_RANKING,,,NOT_APPLICABLE_GLOBAL_BASELINE,HF9g-P5,,,,X 全窗基线 · 不参与实体赏罚,14198865,1420,A168_HF9F_20260827_0900,2026-08-27 09:00:00
2026-05-24,57024343,1941,0,432.5446602362,-432.5446602362,-432.5446602362,0E-7,1,1,0.49324550000000000,0.493245500000,-0.9865810262130424,-0.9865810262130424,-0.9865810262130424,0E-17,ELIGIBLE,R03b_20260811_FULL_v1,L1_ELIGIBILITY,v2026-08-11,2026-03-21..2026-08-06,baccarat_bet02_101_all_pairs_incl_sentinel,round_win = game_pnl > 0 (decisive only),COMPATIBILITY_ONLY_NOT_PRODUCTION,4059548.3812,3680416.6879,6656.9809,9707,9692,-0.00163983,0.01249836,-0.00525961,-0.00163983,-6656.9809,4059548.3812,OK,0.0000,266.2792,4.0000,96.0000,AG03-UNRESOLVED,ALL5_LEVELS_bet23_to_bet27,266.2792,266.2792,266.2792,0.0000,0.0000,4.000000,4.000000,4.000000,0.000000,0.000000,96.000000,96.000000,96.000000,100.000000,100.000000,5.0,798.8377,767.3102,5858.1432,5889.6706,PENDING_AG03,FALSE,NOT_FOR_ENFORCEMENT,6390.7016,3533200.0204,6656.9809,6390.7016,266.2792,0.00163983,0.00157424,266.2792,6390.7016,0.00157424,266.2792,266.2792,266.2792,0.0000,0.0000,6390.7016,0.00157424,798.8377,767.3102,5858.1432,5889.6706,0.00144305,0.00145082,0.00006559,418.2083,379.7376,0.6869,61.6387,1.8384,37588.4109,89.7407,538.3845,395.5999,218.4789,430.6076,432.5446,432.5446,1046.441,1081.3617,427.0584,0.0,2.43015,2.511246,0.971205,30,216,96,2,0.20383968,0.00163983,-0.01249836,0E-8,0.000000,0.906607,0.000000,0.01775797,2026-03-22,2026-08-06,108,3621,2443,138,0.782609,1.360932,1.287360,0.679466,,,,,,,,GLOBAL_BASELINE_NO_ENTITY_RANKING,,,NOT_APPLICABLE_GLOBAL_BASELINE,HF9g-P5,,,,X 全窗基线 · 不参与实体赏罚,14198866,1420,A168_HF9F_20260827_0900,2026-08-27 09:00:00
2026-05-24,57024343,1947,0,1081.3616505904,0E-10,0E-10,,1,1,0.50665070000000000,0.506650700000,,,,0E-17,NO_DECISIVE_ROUND,R03b_20260811_FULL_v1,L1_ELIGIBILITY,v2026-08-11,2026-03-21..2026-08-06,baccarat_bet02_101_all_pairs_incl_sentinel,round_win = game_pnl > 0 (decisive only),COMPATIBILITY_ONLY_NOT_PRODUCTION,4059548.3812,3680416.6879,6656.9809,9707,9692,-0.00163983,0.01249836,-0.00525961,-0.00163983,-6656.9809,4059548.3812,OK,0.0000,266.2792,4.0000,96.0000,AG03-UNRESOLVED,ALL5_LEVELS_bet23_to_bet27,266.2792,266.2792,266.2792,0.0000,0.0000,4.000000,4.000000,4.000000,0.000000,0.000000,96.000000,96.000000,96.000000,100.000000,100.000000,5.0,798.8377,767.3102,5858.1432,5889.6706,PENDING_AG03,FALSE,NOT_FOR_ENFORCEMENT,6390.7016,3533200.0204,6656.9809,6390.7016,266.2792,0.00163983,0.00157424,266.2792,6390.7016,0.00157424,266.2792,266.2792,266.2792,0.0000,0.0000,6390.7016,0.00157424,798.8377,767.3102,5858.1432,5889.6706,0.00144305,0.00145082,0.00006559,418.2083,379.7376,0.6869,61.6387,1.8384,37588.4109,89.7407,538.3845,395.5999,218.4789,430.6076,432.5446,432.5446,1046.441,1081.3617,427.0584,0.0,2.43015,2.511246,0.971205,30,216,96,2,0.20383968,0.00163983,-0.01249836,0E-8,0.000000,0.906607,0.000000,0.01775797,2026-03-22,2026-08-06,108,3621,2443,138,0.782609,1.360932,1.287360,0.679466,,,,,,,,GLOBAL_BASELINE_NO_ENTITY_RANKING,,,NOT_APPLICABLE_GLOBAL_BASELINE,HF9g-P5,,,,X 全窗基线 · 不参与实体赏罚,14198867,1420,A168_HF9F_20260827_0900,2026-08-27 09:00:00
2026-05-24,57024343,1957,0,865.0893204724,843.4620874606,843.4620874606,1.0000000,2,2,0.49994810000000000,0.499948100000,1.4143603653603398,1.4143603653603398,1.4143603653603398,0E-17,ELIGIBLE,R03b_20260811_FULL_v1,L1_ELIGIBILITY,v2026-08-11,2026-03-21..2026-08-06,baccarat_bet02_101_all_pairs_incl_sentinel,round_win = game_pnl > 0 (decisive only),COMPATIBILITY_ONLY_NOT_PRODUCTION,4059548.3812,3680416.6879,6656.9809,9707,9692,-0.00163983,0.01249836,-0.00525961,-0.00163983,-6656.9809,4059548.3812,OK,0.0000,266.2792,4.0000,96.0000,AG03-UNRESOLVED,ALL5_LEVELS_bet23_to_bet27,266.2792,266.2792,266.2792,0.0000,0.0000,4.000000,4.000000,4.000000,0.000000,0.000000,96.000000,96.000000,96.000000,100.000000,100.000000,5.0,798.8377,767.3102,5858.1432,5889.6706,PENDING_AG03,FALSE,NOT_FOR_ENFORCEMENT,6390.7016,3533200.0204,6656.9809,6390.7016,266.2792,0.00163983,0.00157424,266.2792,6390.7016,0.00157424,266.2792,266.2792,266.2792,0.0000,0.0000,6390.7016,0.00157424,798.8377,767.3102,5858.1432,5889.6706,0.00144305,0.00145082,0.00006559,418.2083,379.7376,0.6869,61.6387,1.8384,37588.4109,89.7407,538.3845,395.5999,218.4789,430.6076,432.5446,432.5446,1046.441,1081.3617,427.0584,0.0,2.43015,2.511246,0.971205,30,216,96,2,0.20383968,0.00163983,-0.01249836,0E-8,0.000000,0.906607,0.000000,0.01775797,2026-03-22,2026-08-06,108,3621,2443,138,0.782609,1.360932,1.287360,0.679466,,,,,,,,GLOBAL_BASELINE_NO_ENTITY_RANKING,,,NOT_APPLICABLE_GLOBAL_BASELINE,HF9g-P5,,,,X 全窗基线 · 不参与实体赏罚,14198868,1420,A168_HF9F_20260827_0900,2026-08-27 09:00:00
2026-05-24,57024343,2088,0,432.5446602362,410.9174272244,410.9174272244,1.0000000,1,1,0.50665070000000000,0.506650700000,0.9867858985152569,0.9867858985152569,0.9867858985152569,0E-17,ELIGIBLE,R03b_20260811_FULL_v1,L1_ELIGIBILITY,v2026-08-11,2026-03-21..2026-08-06,baccarat_bet02_101_all_pairs_incl_sentinel,round_win = game_pnl > 0 (decisive only),COMPATIBILITY_ONLY_NOT_PRODUCTION,4059548.3812,3680416.6879,6656.9809,9707,9692,-0.00163983,0.01249836,-0.00525961,-0.00163983,-6656.9809,4059548.3812,OK,0.0000,266.2792,4.0000,96.0000,AG03-UNRESOLVED,ALL5_LEVELS_bet23_to_bet27,266.2792,266.2792,266.2792,0.0000,0.0000,4.000000,4.000000,4.000000,0.000000,0.000000,96.000000,96.000000,96.000000,100.000000,100.000000,5.0,798.8377,767.3102,5858.1432,5889.6706,PENDING_AG03,FALSE,NOT_FOR_ENFORCEMENT,6390.7016,3533200.0204,6656.9809,6390.7016,266.2792,0.00163983,0.00157424,266.2792,6390.7016,0.00157424,266.2792,266.2792,266.2792,0.0000,0.0000,6390.7016,0.00157424,798.8377,767.3102,5858.1432,5889.6706,0.00144305,0.00145082,0.00006559,418.2083,379.7376,0.6869,61.6387,1.8384,37588.4109,89.7407,538.3845,395.5999,218.4789,430.6076,432.5446,432.5446,1046.441,1081.3617,427.0584,0.0,2.43015,2.511246,0.971205,30,216,96,2,0.20383968,0.00163983,-0.01249836,0E-8,0.000000,0.906607,0.000000,0.01775797,2026-03-22,2026-08-06,108,3621,2443,138,0.782609,1.360932,1.287360,0.679466,,,,,,,,GLOBAL_BASELINE_NO_ENTITY_RANKING,,,NOT_APPLICABLE_GLOBAL_BASELINE,HF9g-P5,,,,X 全窗基线 · 不参与实体赏罚,14198869,1420,A168_HF9F_20260827_0900,2026-08-27 09:00:00
2026-05-24,57024343,2101,0,432.5446602362,-432.5446602362,-432.5446602362,0E-7,1,1,0.50665070000000000,0.506650700000,-1.013391052207602,-1.013391052207602,-1.013391052207602,0E-17,ELIGIBLE,R03b_20260811_FULL_v1,L1_ELIGIBILITY,v2026-08-11,2026-03-21..2026-08-06,baccarat_bet02_101_all_pairs_incl_sentinel,round_win = game_pnl > 0 (decisive only),COMPATIBILITY_ONLY_NOT_PRODUCTION,4059548.3812,3680416.6879,6656.9809,9707,9692,-0.00163983,0.01249836,-0.00525961,-0.00163983,-6656.9809,4059548.3812,OK,0.0000,266.2792,4.0000,96.0000,AG03-UNRESOLVED,ALL5_LEVELS_bet23_to_bet27,266.2792,266.2792,266.2792,0.0000,0.0000,4.000000,4.000000,4.000000,0.000000,0.000000,96.000000,96.000000,96.000000,100.000000,100.000000,5.0,798.8377,767.3102,5858.1432,5889.6706,PENDING_AG03,FALSE,NOT_FOR_ENFORCEMENT,6390.7016,3533200.0204,6656.9809,6390.7016,266.2792,0.00163983,0.00157424,266.2792,6390.7016,0.00157424,266.2792,266.2792,266.2792,0.0000,0.0000,6390.7016,0.00157424,798.8377,767.3102,5858.1432,5889.6706,0.00144305,0.00145082,0.00006559,418.2083,379.7376,0.6869,61.6387,1.8384,37588.4109,89.7407,538.3845,395.5999,218.4789,430.6076,432.5446,432.5446,1046.441,1081.3617,427.0584,0.0,2.43015,2.511246,0.971205,30,216,96,2,0.20383968,0.00163983,-0.01249836,0E-8,0.000000,0.906607,0.000000,0.01775797,2026-03-22,2026-08-06,108,3621,2443,138,0.782609,1.360932,1.287360,0.679466,,,,,,,,GLOBAL_BASELINE_NO_ENTITY_RANKING,,,NOT_APPLICABLE_GLOBAL_BASELINE,HF9g-P5,,,,X 全窗基线 · 不参与实体赏罚,14198870,1420,A168_HF9F_20260827_0900,2026-08-27 09:00:00
2026-05-24,57024343,2118,0,865.0893204724,-865.0893204724,-865.0893204724,0E-7,2,2,0.49994810000000000,0.499948100000,-1.4140667746232096,-1.4140667746232096,-1.4140667746232096,0E-17,ELIGIBLE,R03b_20260811_FULL_v1,L1_ELIGIBILITY,v2026-08-11,2026-03-21..2026-08-06,baccarat_bet02_101_all_pairs_incl_sentinel,round_win = game_pnl > 0 (decisive only),COMPATIBILITY_ONLY_NOT_PRODUCTION,4059548.3812,3680416.6879,6656.9809,9707,9692,-0.00163983,0.01249836,-0.00525961,-0.00163983,-6656.9809,4059548.3812,OK,0.0000,266.2792,4.0000,96.0000,AG03-UNRESOLVED,ALL5_LEVELS_bet23_to_bet27,266.2792,266.2792,266.2792,0.0000,0.0000,4.000000,4.000000,4.000000,0.000000,0.000000,96.000000,96.000000,96.000000,100.000000,100.000000,5.0,798.8377,767.3102,5858.1432,5889.6706,PENDING_AG03,FALSE,NOT_FOR_ENFORCEMENT,6390.7016,3533200.0204,6656.9809,6390.7016,266.2792,0.00163983,0.00157424,266.2792,6390.7016,0.00157424,266.2792,266.2792,266.2792,0.0000,0.0000,6390.7016,0.00157424,798.8377,767.3102,5858.1432,5889.6706,0.00144305,0.00145082,0.00006559,418.2083,379.7376,0.6869,61.6387,1.8384,37588.4109,89.7407,538.3845,395.5999,218.4789,430.6076,432.5446,432.5446,1046.441,1081.3617,427.0584,0.0,2.43015,2.511246,0.971205,30,216,96,2,0.20383968,0.00163983,-0.01249836,0E-8,0.000000,0.906607,0.000000,0.01775797,2026-03-22,2026-08-06,108,3621,2443,138,0.782609,1.360932,1.287360,0.679466,,,,,,,,GLOBAL_BASELINE_NO_ENTITY_RANKING,,,NOT_APPLICABLE_GLOBAL_BASELINE,HF9g-P5,,,,X 全窗基线 · 不参与实体赏罚,14198871,1420,A168_HF9F_20260827_0900,2026-08-27 09:00:00
2026-05-24,57024343,2121,0,432.5446602362,-432.5446602362,-432.5446602362,0E-7,1,1,0.49324550000000000,0.493245500000,-0.9865810262130424,-0.9865810262130424,-0.9865810262130424,0E-17,ELIGIBLE,R03b_20260811_FULL_v1,L1_ELIGIBILITY,v2026-08-11,2026-03-21..2026-08-06,baccarat_bet02_101_all_pairs_incl_sentinel,round_win = game_pnl > 0 (decisive only),COMPATIBILITY_ONLY_NOT_PRODUCTION,4059548.3812,3680416.6879,6656.9809,9707,9692,-0.00163983,0.01249836,-0.00525961,-0.00163983,-6656.9809,4059548.3812,OK,0.0000,266.2792,4.0000,96.0000,AG03-UNRESOLVED,ALL5_LEVELS_bet23_to_bet27,266.2792,266.2792,266.2792,0.0000,0.0000,4.000000,4.000000,4.000000,0.000000,0.000000,96.000000,96.000000,96.000000,100.000000,100.000000,5.0,798.8377,767.3102,5858.1432,5889.6706,PENDING_AG03,FALSE,NOT_FOR_ENFORCEMENT,6390.7016,3533200.0204,6656.9809,6390.7016,266.2792,0.00163983,0.00157424,266.2792,6390.7016,0.00157424,266.2792,266.2792,266.2792,0.0000,0.0000,6390.7016,0.00157424,798.8377,767.3102,5858.1432,5889.6706,0.00144305,0.00145082,0.00006559,418.2083,379.7376,0.6869,61.6387,1.8384,37588.4109,89.7407,538.3845,395.5999,218.4789,430.6076,432.5446,432.5446,1046.441,1081.3617,427.0584,0.0,2.43015,2.511246,0.971205,30,216,96,2,0.20383968,0.00163983,-0.01249836,0E-8,0.000000,0.906607,0.000000,0.01775797,2026-03-22,2026-08-06,108,3621,2443,138,0.782609,1.360932,1.287360,0.679466,,,,,,,,GLOBAL_BASELINE_NO_ENTITY_RANKING,,,NOT_APPLICABLE_GLOBAL_BASELINE,HF9g-P5,,,,X 全窗基线 · 不参与实体赏罚,14198872,1420,A168_HF9F_20260827_0900,2026-08-27 09:00:00
2026-05-24,57024343,2127,0,432.5446602362,410.9174272244,410.9174272244,1.0000000,1,1,0.50665070000000000,0.506650700000,0.9867858985152569,0.9867858985152569,0.9867858985152569,0E-17,ELIGIBLE,R03b_20260811_FULL_v1,L1_ELIGIBILITY,v2026-08-11,2026-03-21..2026-08-06,baccarat_bet02_101_all_pairs_incl_sentinel,round_win = game_pnl > 0 (decisive only),COMPATIBILITY_ONLY_NOT_PRODUCTION,4059548.3812,3680416.6879,6656.9809,9707,9692,-0.00163983,0.01249836,-0.00525961,-0.00163983,-6656.9809,4059548.3812,OK,0.0000,266.2792,4.0000,96.0000,AG03-UNRESOLVED,ALL5_LEVELS_bet23_to_bet27,266.2792,266.2792,266.2792,0.0000,0.0000,4.000000,4.000000,4.000000,0.000000,0.000000,96.000000,96.000000,96.000000,100.000000,100.000000,5.0,798.8377,767.3102,5858.1432,5889.6706,PENDING_AG03,FALSE,NOT_FOR_ENFORCEMENT,6390.7016,3533200.0204,6656.9809,6390.7016,266.2792,0.00163983,0.00157424,266.2792,6390.7016,0.00157424,266.2792,266.2792,266.2792,0.0000,0.0000,6390.7016,0.00157424,798.8377,767.3102,5858.1432,5889.6706,0.00144305,0.00145082,0.00006559,418.2083,379.7376,0.6869,61.6387,1.8384,37588.4109,89.7407,538.3845,395.5999,218.4789,430.6076,432.5446,432.5446,1046.441,1081.3617,427.0584,0.0,2.43015,2.511246,0.971205,30,216,96,2,0.20383968,0.00163983,-0.01249836,0E-8,0.000000,0.906607,0.000000,0.01775797,2026-03-22,2026-08-06,108,3621,2443,138,0.782609,1.360932,1.287360,0.679466,,,,,,,,GLOBAL_BASELINE_NO_ENTITY_RANKING,,,NOT_APPLICABLE_GLOBAL_BASELINE,HF9g-P5,,,,X 全窗基线 · 不参与实体赏罚,14198873,1420,A168_HF9F_20260827_0900,2026-08-27 09:00:00
2026-05-24,57024343,2130,0,865.0893204724,0E-10,0E-10,0.5000000,2,2,0.49994810000000000,0.499948100000,0.00014679536856514622,0.00014679536856514622,0.00014679536856514622,0E-17,ELIGIBLE,R03b_20260811_FULL_v1,L1_ELIGIBILITY,v2026-08-11,2026-03-21..2026-08-06,baccarat_bet02_101_all_pairs_incl_sentinel,round_win = game_pnl > 0 (decisive only),COMPATIBILITY_ONLY_NOT_PRODUCTION,4059548.3812,3680416.6879,6656.9809,9707,9692,-0.00163983,0.01249836,-0.00525961,-0.00163983,-6656.9809,4059548.3812,OK,0.0000,266.2792,4.0000,96.0000,AG03-UNRESOLVED,ALL5_LEVELS_bet23_to_bet27,266.2792,266.2792,266.2792,0.0000,0.0000,4.000000,4.000000,4.000000,0.000000,0.000000,96.000000,96.000000,96.000000,100.000000,100.000000,5.0,798.8377,767.3102,5858.1432,5889.6706,PENDING_AG03,FALSE,NOT_FOR_ENFORCEMENT,6390.7016,3533200.0204,6656.9809,6390.7016,266.2792,0.00163983,0.00157424,266.2792,6390.7016,0.00157424,266.2792,266.2792,266.2792,0.0000,0.0000,6390.7016,0.00157424,798.8377,767.3102,5858.1432,5889.6706,0.00144305,0.00145082,0.00006559,418.2083,379.7376,0.6869,61.6387,1.8384,37588.4109,89.7407,538.3845,395.5999,218.4789,430.6076,432.5446,432.5446,1046.441,1081.3617,427.0584,0.0,2.43015,2.511246,0.971205,30,216,96,2,0.20383968,0.00163983,-0.01249836,0E-8,0.000000,0.906607,0.000000,0.01775797,2026-03-22,2026-08-06,108,3621,2443,138,0.782609,1.360932,1.287360,0.679466,,,,,,,,GLOBAL_BASELINE_NO_ENTITY_RANKING,,,NOT_APPLICABLE_GLOBAL_BASELINE,HF9g-P5,,,,X 全窗基线 · 不参与实体赏罚,14198874,1420,A168_HF9F_20260827_0900,2026-08-27 09:00:00
2026-05-24,57024343,2141,0,2378.9956312990,594.7489078247,594.7489078247,0.5000000,4,4,0.50329940000000000,0.503299400000,-0.01319788734859681,-0.01319788734859681,-0.01319788734859681,0E-17,ELIGIBLE,R03b_20260811_FULL_v1,L1_ELIGIBILITY,v2026-08-11,2026-03-21..2026-08-06,baccarat_bet02_101_all_pairs_incl_sentinel,round_win = game_pnl > 0 (decisive only),COMPATIBILITY_ONLY_NOT_PRODUCTION,4059548.3812,3680416.6879,6656.9809,9707,9692,-0.00163983,0.01249836,-0.00525961,-0.00163983,-6656.9809,4059548.3812,OK,0.0000,266.2792,4.0000,96.0000,AG03-UNRESOLVED,ALL5_LEVELS_bet23_to_bet27,266.2792,266.2792,266.2792,0.0000,0.0000,4.000000,4.000000,4.000000,0.000000,0.000000,96.000000,96.000000,96.000000,100.000000,100.000000,5.0,798.8377,767.3102,5858.1432,5889.6706,PENDING_AG03,FALSE,NOT_FOR_ENFORCEMENT,6390.7016,3533200.0204,6656.9809,6390.7016,266.2792,0.00163983,0.00157424,266.2792,6390.7016,0.00157424,266.2792,266.2792,266.2792,0.0000,0.0000,6390.7016,0.00157424,798.8377,767.3102,5858.1432,5889.6706,0.00144305,0.00145082,0.00006559,418.2083,379.7376,0.6869,61.6387,1.8384,37588.4109,89.7407,538.3845,395.5999,218.4789,430.6076,432.5446,432.5446,1046.441,1081.3617,427.0584,0.0,2.43015,2.511246,0.971205,30,216,96,2,0.20383968,0.00163983,-0.01249836,0E-8,0.000000,0.906607,0.000000,0.01775797,2026-03-22,2026-08-06,108,3621,2443,138,0.782609,1.360932,1.287360,0.679466,,,,,,,,GLOBAL_BASELINE_NO_ENTITY_RANKING,,,NOT_APPLICABLE_GLOBAL_BASELINE,HF9g-P5,,,,X 全窗基线 · 不参与实体赏罚,14198875,1420,A168_HF9F_20260827_0900,2026-08-27 09:00:00
2026-05-24,57024343,2170,0,4757.9912625978,540.6808252952,540.6808252952,0.5000000,5,5,0.50665070000000000,0.506650700000,-0.02660515369234503,-0.02660515369234503,-0.02660515369234503,0E-17,ELIGIBLE,R03b_20260811_FULL_v1,L1_ELIGIBILITY,v2026-08-11,2026-03-21..2026-08-06,baccarat_bet02_101_all_pairs_incl_sentinel,round_win = game_pnl > 0 (decisive only),COMPATIBILITY_ONLY_NOT_PRODUCTION,4059548.3812,3680416.6879,6656.9809,9707,9692,-0.00163983,0.01249836,-0.00525961,-0.00163983,-6656.9809,4059548.3812,OK,0.0000,266.2792,4.0000,96.0000,AG03-UNRESOLVED,ALL5_LEVELS_bet23_to_bet27,266.2792,266.2792,266.2792,0.0000,0.0000,4.000000,4.000000,4.000000,0.000000,0.000000,96.000000,96.000000,96.000000,100.000000,100.000000,5.0,798.8377,767.3102,5858.1432,5889.6706,PENDING_AG03,FALSE,NOT_FOR_ENFORCEMENT,6390.7016,3533200.0204,6656.9809,6390.7016,266.2792,0.00163983,0.00157424,266.2792,6390.7016,0.00157424,266.2792,266.2792,266.2792,0.0000,0.0000,6390.7016,0.00157424,798.8377,767.3102,5858.1432,5889.6706,0.00144305,0.00145082,0.00006559,418.2083,379.7376,0.6869,61.6387,1.8384,37588.4109,89.7407,538.3845,395.5999,218.4789,430.6076,432.5446,432.5446,1046.441,1081.3617,427.0584,0.0,2.43015,2.511246,0.971205,30,216,96,2,0.20383968,0.00163983,-0.01249836,0E-8,0.000000,0.906607,0.000000,0.01775797,2026-03-22,2026-08-06,108,3621,2443,138,0.782609,1.360932,1.287360,0.679466,,,,,,,,GLOBAL_BASELINE_NO_ENTITY_RANKING,,,NOT_APPLICABLE_GLOBAL_BASELINE,HF9g-P5,,,,X 全窗基线 · 不参与实体赏罚,14198876,1420,A168_HF9F_20260827_0900,2026-08-27 09:00:00
2026-05-24,57024343,2171,0,432.5446602362,432.5446602362,432.5446602362,1.0000000,1,1,0.49324550000000000,0.493245500000,1.01360149184955,1.01360149184955,1.01360149184955,0E-17,ELIGIBLE,R03b_20260811_FULL_v1,L1_ELIGIBILITY,v2026-08-11,2026-03-21..2026-08-06,baccarat_bet02_101_all_pairs_incl_sentinel,round_win = game_pnl > 0 (decisive only),COMPATIBILITY_ONLY_NOT_PRODUCTION,4059548.3812,3680416.6879,6656.9809,9707,9692,-0.00163983,0.01249836,-0.00525961,-0.00163983,-6656.9809,4059548.3812,OK,0.0000,266.2792,4.0000,96.0000,AG03-UNRESOLVED,ALL5_LEVELS_bet23_to_bet27,266.2792,266.2792,266.2792,0.0000,0.0000,4.000000,4.000000,4.000000,0.000000,0.000000,96.000000,96.000000,96.000000,100.000000,100.000000,5.0,798.8377,767.3102,5858.1432,5889.6706,PENDING_AG03,FALSE,NOT_FOR_ENFORCEMENT,6390.7016,3533200.0204,6656.9809,6390.7016,266.2792,0.00163983,0.00157424,266.2792,6390.7016,0.00157424,266.2792,266.2792,266.2792,0.0000,0.0000,6390.7016,0.00157424,798.8377,767.3102,5858.1432,5889.6706,0.00144305,0.00145082,0.00006559,418.2083,379.7376,0.6869,61.6387,1.8384,37588.4109,89.7407,538.3845,395.5999,218.4789,430.6076,432.5446,432.5446,1046.441,1081.3617,427.0584,0.0,2.43015,2.511246,0.971205,30,216,96,2,0.20383968,0.00163983,-0.01249836,0E-8,0.000000,0.906607,0.000000,0.01775797,2026-03-22,2026-08-06,108,3621,2443,138,0.782609,1.360932,1.287360,0.679466,,,,,,,,GLOBAL_BASELINE_NO_ENTITY_RANKING,,,NOT_APPLICABLE_GLOBAL_BASELINE,HF9g-P5,,,,X 全窗基线 · 不参与实体赏罚,14198877,1420,A168_HF9F_20260827_0900,2026-08-27 09:00:00
2026-05-24,57024343,2216,0,1081.3616505904,0E-10,0E-10,,1,1,0.50665070000000000,0.506650700000,,,,0E-17,NO_DECISIVE_ROUND,R03b_20260811_FULL_v1,L1_ELIGIBILITY,v2026-08-11,2026-03-21..2026-08-06,baccarat_bet02_101_all_pairs_incl_sentinel,round_win = game_pnl > 0 (decisive only),COMPATIBILITY_ONLY_NOT_PRODUCTION,4059548.3812,3680416.6879,6656.9809,9707,9692,-0.00163983,0.01249836,-0.00525961,-0.00163983,-6656.9809,4059548.3812,OK,0.0000,266.2792,4.0000,96.0000,AG03-UNRESOLVED,ALL5_LEVELS_bet23_to_bet27,266.2792,266.2792,266.2792,0.0000,0.0000,4.000000,4.000000,4.000000,0.000000,0.000000,96.000000,96.000000,96.000000,100.000000,100.000000,5.0,798.8377,767.3102,5858.1432,5889.6706,PENDING_AG03,FALSE,NOT_FOR_ENFORCEMENT,6390.7016,3533200.0204,6656.9809,6390.7016,266.2792,0.00163983,0.00157424,266.2792,6390.7016,0.00157424,266.2792,266.2792,266.2792,0.0000,0.0000,6390.7016,0.00157424,798.8377,767.3102,5858.1432,5889.6706,0.00144305,0.00145082,0.00006559,418.2083,379.7376,0.6869,61.6387,1.8384,37588.4109,89.7407,538.3845,395.5999,218.4789,430.6076,432.5446,432.5446,1046.441,1081.3617,427.0584,0.0,2.43015,2.511246,0.971205,30,216,96,2,0.20383968,0.00163983,-0.01249836,0E-8,0.000000,0.906607,0.000000,0.01775797,2026-03-22,2026-08-06,108,3621,2443,138,0.782609,1.360932,1.287360,0.679466,,,,,,,,GLOBAL_BASELINE_NO_ENTITY_RANKING,,,NOT_APPLICABLE_GLOBAL_BASELINE,HF9g-P5,,,,X 全窗基线 · 不参与实体赏罚,14198878,1420,A168_HF9F_20260827_0900,2026-08-27 09:00:00
2026-05-24,57024343,2223,0,865.0893204724,-865.0893204724,-865.0893204724,0E-7,2,2,0.50665070000000000,0.506650700000,-1.4331513700195317,-1.4331513700195317,-1.4331513700195317,0E-17,ELIGIBLE,R03b_20260811_FULL_v1,L1_ELIGIBILITY,v2026-08-11,2026-03-21..2026-08-06,baccarat_bet02_101_all_pairs_incl_sentinel,round_win = game_pnl > 0 (decisive only),COMPATIBILITY_ONLY_NOT_PRODUCTION,4059548.3812,3680416.6879,6656.9809,9707,9692,-0.00163983,0.01249836,-0.00525961,-0.00163983,-6656.9809,4059548.3812,OK,0.0000,266.2792,4.0000,96.0000,AG03-UNRESOLVED,ALL5_LEVELS_bet23_to_bet27,266.2792,266.2792,266.2792,0.0000,0.0000,4.000000,4.000000,4.000000,0.000000,0.000000,96.000000,96.000000,96.000000,100.000000,100.000000,5.0,798.8377,767.3102,5858.1432,5889.6706,PENDING_AG03,FALSE,NOT_FOR_ENFORCEMENT,6390.7016,3533200.0204,6656.9809,6390.7016,266.2792,0.00163983,0.00157424,266.2792,6390.7016,0.00157424,266.2792,266.2792,266.2792,0.0000,0.0000,6390.7016,0.00157424,798.8377,767.3102,5858.1432,5889.6706,0.00144305,0.00145082,0.00006559,418.2083,379.7376,0.6869,61.6387,1.8384,37588.4109,89.7407,538.3845,395.5999,218.4789,430.6076,432.5446,432.5446,1046.441,1081.3617,427.0584,0.0,2.43015,2.511246,0.971205,30,216,96,2,0.20383968,0.00163983,-0.01249836,0E-8,0.000000,0.906607,0.000000,0.01775797,2026-03-22,2026-08-06,108,3621,2443,138,0.782609,1.360932,1.287360,0.679466,,,,,,,,GLOBAL_BASELINE_NO_ENTITY_RANKING,,,NOT_APPLICABLE_GLOBAL_BASELINE,HF9g-P5,,,,X 全窗基线 · 不参与实体赏罚,14198879,1420,A168_HF9F_20260827_0900,2026-08-27 09:00:00
2026-05-24,57024343,2239,0,432.5446602362,410.9174272244,410.9174272244,1.0000000,1,1,0.50665070000000000,0.506650700000,0.9867858985152569,0.9867858985152569,0.9867858985152569,0E-17,ELIGIBLE,R03b_20260811_FULL_v1,L1_ELIGIBILITY,v2026-08-11,2026-03-21..2026-08-06,baccarat_bet02_101_all_pairs_incl_sentinel,round_win = game_pnl > 0 (decisive only),COMPATIBILITY_ONLY_NOT_PRODUCTION,4059548.3812,3680416.6879,6656.9809,9707,9692,-0.00163983,0.01249836,-0.00525961,-0.00163983,-6656.9809,4059548.3812,OK,0.0000,266.2792,4.0000,96.0000,AG03-UNRESOLVED,ALL5_LEVELS_bet23_to_bet27,266.2792,266.2792,266.2792,0.0000,0.0000,4.000000,4.000000,4.000000,0.000000,0.000000,96.000000,96.000000,96.000000,100.000000,100.000000,5.0,798.8377,767.3102,5858.1432,5889.6706,PENDING_AG03,FALSE,NOT_FOR_ENFORCEMENT,6390.7016,3533200.0204,6656.9809,6390.7016,266.2792,0.00163983,0.00157424,266.2792,6390.7016,0.00157424,266.2792,266.2792,266.2792,0.0000,0.0000,6390.7016,0.00157424,798.8377,767.3102,5858.1432,5889.6706,0.00144305,0.00145082,0.00006559,418.2083,379.7376,0.6869,61.6387,1.8384,37588.4109,89.7407,538.3845,395.5999,218.4789,430.6076,432.5446,432.5446,1046.441,1081.3617,427.0584,0.0,2.43015,2.511246,0.971205,30,216,96,2,0.20383968,0.00163983,-0.01249836,0E-8,0.000000,0.906607,0.000000,0.01775797,2026-03-22,2026-08-06,108,3621,2443,138,0.782609,1.360932,1.287360,0.679466,,,,,,,,GLOBAL_BASELINE_NO_ENTITY_RANKING,,,NOT_APPLICABLE_GLOBAL_BASELINE,HF9g-P5,,,,X 全窗基线 · 不参与实体赏罚,14198880,1420,A168_HF9F_20260827_0900,2026-08-27 09:00:00
2026-05-24,57024343,2248,0,432.5446602362,-432.5446602362,-432.5446602362,0E-7,1,1,0.49324550000000000,0.493245500000,-0.9865810262130424,-0.9865810262130424,-0.9865810262130424,0E-17,ELIGIBLE,R03b_20260811_FULL_v1,L1_ELIGIBILITY,v2026-08-11,2026-03-21..2026-08-06,baccarat_bet02_101_all_pairs_incl_sentinel,round_win = game_pnl > 0 (decisive only),COMPATIBILITY_ONLY_NOT_PRODUCTION,4059548.3812,3680416.6879,6656.9809,9707,9692,-0.00163983,0.01249836,-0.00525961,-0.00163983,-6656.9809,4059548.3812,OK,0.0000,266.2792,4.0000,96.0000,AG03-UNRESOLVED,ALL5_LEVELS_bet23_to_bet27,266.2792,266.2792,266.2792,0.0000,0.0000,4.000000,4.000000,4.000000,0.000000,0.000000,96.000000,96.000000,96.000000,100.000000,100.000000,5.0,798.8377,767.3102,5858.1432,5889.6706,PENDING_AG03,FALSE,NOT_FOR_ENFORCEMENT,6390.7016,3533200.0204,6656.9809,6390.7016,266.2792,0.00163983,0.00157424,266.2792,6390.7016,0.00157424,266.2792,266.2792,266.2792,0.0000,0.0000,6390.7016,0.00157424,798.8377,767.3102,5858.1432,5889.6706,0.00144305,0.00145082,0.00006559,418.2083,379.7376,0.6869,61.6387,1.8384,37588.4109,89.7407,538.3845,395.5999,218.4789,430.6076,432.5446,432.5446,1046.441,1081.3617,427.0584,0.0,2.43015,2.511246,0.971205,30,216,96,2,0.20383968,0.00163983,-0.01249836,0E-8,0.000000,0.906607,0.000000,0.01775797,2026-03-22,2026-08-06,108,3621,2443,138,0.782609,1.360932,1.287360,0.679466,,,,,,,,GLOBAL_BASELINE_NO_ENTITY_RANKING,,,NOT_APPLICABLE_GLOBAL_BASELINE,HF9g-P5,,,,X 全窗基线 · 不参与实体赏罚,14198881,1420,A168_HF9F_20260827_0900,2026-08-27 09:00:00
2026-05-24,57024343,2271,0,2378.9956312990,-270.3404126477,-270.3404126477,0.2500000,4,4,0.49994810000000000,0.499948100000,-0.9997924053861017,-0.9997924053861017,-0.9997924053861017,0E-17,ELIGIBLE,R03b_20260811_FULL_v1,L1_ELIGIBILITY,v2026-08-11,2026-03-21..2026-08-06,baccarat_bet02_101_all_pairs_incl_sentinel,round_win = game_pnl > 0 (decisive only),COMPATIBILITY_ONLY_NOT_PRODUCTION,4059548.3812,3680416.6879,6656.9809,9707,9692,-0.00163983,0.01249836,-0.00525961,-0.00163983,-6656.9809,4059548.3812,OK,0.0000,266.2792,4.0000,96.0000,AG03-UNRESOLVED,ALL5_LEVELS_bet23_to_bet27,266.2792,266.2792,266.2792,0.0000,0.0000,4.000000,4.000000,4.000000,0.000000,0.000000,96.000000,96.000000,96.000000,100.000000,100.000000,5.0,798.8377,767.3102,5858.1432,5889.6706,PENDING_AG03,FALSE,NOT_FOR_ENFORCEMENT,6390.7016,3533200.0204,6656.9809,6390.7016,266.2792,0.00163983,0.00157424,266.2792,6390.7016,0.00157424,266.2792,266.2792,266.2792,0.0000,0.0000,6390.7016,0.00157424,798.8377,767.3102,5858.1432,5889.6706,0.00144305,0.00145082,0.00006559,418.2083,379.7376,0.6869,61.6387,1.8384,37588.4109,89.7407,538.3845,395.5999,218.4789,430.6076,432.5446,432.5446,1046.441,1081.3617,427.0584,0.0,2.43015,2.511246,0.971205,30,216,96,2,0.20383968,0.00163983,-0.01249836,0E-8,0.000000,0.906607,0.000000,0.01775797,2026-03-22,2026-08-06,108,3621,2443,138,0.782609,1.360932,1.287360,0.679466,,,,,,,,GLOBAL_BASELINE_NO_ENTITY_RANKING,,,NOT_APPLICABLE_GLOBAL_BASELINE,HF9g-P5,,,,X 全窗基线 · 不参与实体赏罚,14198882,1420,A168_HF9F_20260827_0900,2026-08-27 09:00:00
2026-05-24,57024343,462,0,1081.3616505904,-1081.3616505904,-1081.3616505904,0E-7,1,1,0.50665070000000000,0.506650700000,-1.013391052207602,-1.013391052207602,-1.013391052207602,0E-17,ELIGIBLE,R03b_20260811_FULL_v1,L1_ELIGIBILITY,v2026-08-11,2026-03-21..2026-08-06,baccarat_bet02_101_all_pairs_incl_sentinel,round_win = game_pnl > 0 (decisive only),COMPATIBILITY_ONLY_NOT_PRODUCTION,4059548.3812,3680416.6879,6656.9809,9707,9692,-0.00163983,0.01249836,-0.00525961,-0.00163983,-6656.9809,4059548.3812,OK,0.0000,266.2792,4.0000,96.0000,AG03-UNRESOLVED,ALL5_LEVELS_bet23_to_bet27,266.2792,266.2792,266.2792,0.0000,0.0000,4.000000,4.000000,4.000000,0.000000,0.000000,96.000000,96.000000,96.000000,100.000000,100.000000,5.0,798.8377,767.3102,5858.1432,5889.6706,PENDING_AG03,FALSE,NOT_FOR_ENFORCEMENT,6390.7016,3533200.0204,6656.9809,6390.7016,266.2792,0.00163983,0.00157424,266.2792,6390.7016,0.00157424,266.2792,266.2792,266.2792,0.0000,0.0000,6390.7016,0.00157424,798.8377,767.3102,5858.1432,5889.6706,0.00144305,0.00145082,0.00006559,418.2083,379.7376,0.6869,61.6387,1.8384,37588.4109,89.7407,538.3845,395.5999,218.4789,430.6076,432.5446,432.5446,1046.441,1081.3617,427.0584,0.0,2.43015,2.511246,0.971205,30,216,96,2,0.20383968,0.00163983,-0.01249836,0E-8,0.000000,0.906607,0.000000,0.01775797,2026-03-22,2026-08-06,108,3621,2443,138,0.782609,1.360932,1.287360,0.679466,,,,,,,,GLOBAL_BASELINE_NO_ENTITY_RANKING,,,NOT_APPLICABLE_GLOBAL_BASELINE,HF9g-P5,,,,X 全窗基线 · 不参与实体赏罚,14198883,1420,A168_HF9F_20260827_0900,2026-08-27 09:00:00
2026-05-24,57024343,529,0,2162.7233011808,-54.0680825295,-54.0680825295,0.5000000,2,2,0.50665070000000000,0.506650700000,-0.018812684590367487,-0.018812684590367487,-0.018812684590367487,0E-17,ELIGIBLE,R03b_20260811_FULL_v1,L1_ELIGIBILITY,v2026-08-11,2026-03-21..2026-08-06,baccarat_bet02_101_all_pairs_incl_sentinel,round_win = game_pnl > 0 (decisive only),COMPATIBILITY_ONLY_NOT_PRODUCTION,4059548.3812,3680416.6879,6656.9809,9707,9692,-0.00163983,0.01249836,-0.00525961,-0.00163983,-6656.9809,4059548.3812,OK,0.0000,266.2792,4.0000,96.0000,AG03-UNRESOLVED,ALL5_LEVELS_bet23_to_bet27,266.2792,266.2792,266.2792,0.0000,0.0000,4.000000,4.000000,4.000000,0.000000,0.000000,96.000000,96.000000,96.000000,100.000000,100.000000,5.0,798.8377,767.3102,5858.1432,5889.6706,PENDING_AG03,FALSE,NOT_FOR_ENFORCEMENT,6390.7016,3533200.0204,6656.9809,6390.7016,266.2792,0.00163983,0.00157424,266.2792,6390.7016,0.00157424,266.2792,266.2792,266.2792,0.0000,0.0000,6390.7016,0.00157424,798.8377,767.3102,5858.1432,5889.6706,0.00144305,0.00145082,0.00006559,418.2083,379.7376,0.6869,61.6387,1.8384,37588.4109,89.7407,538.3845,395.5999,218.4789,430.6076,432.5446,432.5446,1046.441,1081.3617,427.0584,0.0,2.43015,2.511246,0.971205,30,216,96,2,0.20383968,0.00163983,-0.01249836,0E-8,0.000000,0.906607,0.000000,0.01775797,2026-03-22,2026-08-06,108,3621,2443,138,0.782609,1.360932,1.287360,0.679466,,,,,,,,GLOBAL_BASELINE_NO_ENTITY_RANKING,,,NOT_APPLICABLE_GLOBAL_BASELINE,HF9g-P5,,,,X 全窗基线 · 不参与实体赏罚,14198884,1420,A168_HF9F_20260827_0900,2026-08-27 09:00:00
2026-05-24,57024343,772,0,1081.3616505904,-1081.3616505904,-1081.3616505904,0E-7,1,1,0.50665070000000000,0.506650700000,-1.013391052207602,-1.013391052207602,-1.013391052207602,0E-17,ELIGIBLE,R03b_20260811_FULL_v1,L1_ELIGIBILITY,v2026-08-11,2026-03-21..2026-08-06,baccarat_bet02_101_all_pairs_incl_sentinel,round_win = game_pnl > 0 (decisive only),COMPATIBILITY_ONLY_NOT_PRODUCTION,4059548.3812,3680416.6879,6656.9809,9707,9692,-0.00163983,0.01249836,-0.00525961,-0.00163983,-6656.9809,4059548.3812,OK,0.0000,266.2792,4.0000,96.0000,AG03-UNRESOLVED,ALL5_LEVELS_bet23_to_bet27,266.2792,266.2792,266.2792,0.0000,0.0000,4.000000,4.000000,4.000000,0.000000,0.000000,96.000000,96.000000,96.000000,100.000000,100.000000,5.0,798.8377,767.3102,5858.1432,5889.6706,PENDING_AG03,FALSE,NOT_FOR_ENFORCEMENT,6390.7016,3533200.0204,6656.9809,6390.7016,266.2792,0.00163983,0.00157424,266.2792,6390.7016,0.00157424,266.2792,266.2792,266.2792,0.0000,0.0000,6390.7016,0.00157424,798.8377,767.3102,5858.1432,5889.6706,0.00144305,0.00145082,0.00006559,418.2083,379.7376,0.6869,61.6387,1.8384,37588.4109,89.7407,538.3845,395.5999,218.4789,430.6076,432.5446,432.5446,1046.441,1081.3617,427.0584,0.0,2.43015,2.511246,0.971205,30,216,96,2,0.20383968,0.00163983,-0.01249836,0E-8,0.000000,0.906607,0.000000,0.01775797,2026-03-22,2026-08-06,108,3621,2443,138,0.782609,1.360932,1.287360,0.679466,,,,,,,,GLOBAL_BASELINE_NO_ENTITY_RANKING,,,NOT_APPLICABLE_GLOBAL_BASELINE,HF9g-P5,,,,X 全窗基线 · 不参与实体赏罚,14198885,1420,A168_HF9F_20260827_0900,2026-08-27 09:00:00
2026-05-24,57024343,919,0,432.5446602362,-432.5446602362,-432.5446602362,0E-7,1,1,0.49324550000000000,0.493245500000,-0.9865810262130424,-0.9865810262130424,-0.9865810262130424,0E-17,ELIGIBLE,R03b_20260811_FULL_v1,L1_ELIGIBILITY,v2026-08-11,2026-03-21..2026-08-06,baccarat_bet02_101_all_pairs_incl_sentinel,round_win = game_pnl > 0 (decisive only),COMPATIBILITY_ONLY_NOT_PRODUCTION,4059548.3812,3680416.6879,6656.9809,9707,9692,-0.00163983,0.01249836,-0.00525961,-0.00163983,-6656.9809,4059548.3812,OK,0.0000,266.2792,4.0000,96.0000,AG03-UNRESOLVED,ALL5_LEVELS_bet23_to_bet27,266.2792,266.2792,266.2792,0.0000,0.0000,4.000000,4.000000,4.000000,0.000000,0.000000,96.000000,96.000000,96.000000,100.000000,100.000000,5.0,798.8377,767.3102,5858.1432,5889.6706,PENDING_AG03,FALSE,NOT_FOR_ENFORCEMENT,6390.7016,3533200.0204,6656.9809,6390.7016,266.2792,0.00163983,0.00157424,266.2792,6390.7016,0.00157424,266.2792,266.2792,266.2792,0.0000,0.0000,6390.7016,0.00157424,798.8377,767.3102,5858.1432,5889.6706,0.00144305,0.00145082,0.00006559,418.2083,379.7376,0.6869,61.6387,1.8384,37588.4109,89.7407,538.3845,395.5999,218.4789,430.6076,432.5446,432.5446,1046.441,1081.3617,427.0584,0.0,2.43015,2.511246,0.971205,30,216,96,2,0.20383968,0.00163983,-0.01249836,0E-8,0.000000,0.906607,0.000000,0.01775797,2026-03-22,2026-08-06,108,3621,2443,138,0.782609,1.360932,1.287360,0.679466,,,,,,,,GLOBAL_BASELINE_NO_ENTITY_RANKING,,,NOT_APPLICABLE_GLOBAL_BASELINE,HF9g-P5,,,,X 全窗基线 · 不参与实体赏罚,14198886,1420,A168_HF9F_20260827_0900,2026-08-27 09:00:00
2026-05-26,57024343,-1,1,8434.6208746059,-1189.4978156495,-1189.4978156495,0.4117647,20,20,0.50262914000000000,0.502629140000,-0.7492976778859558,-0.7492976778859558,-0.7492976778859558,0E-17,SENTINEL_DEALER,R03b_20260811_FULL_v1,L1_ELIGIBILITY,v2026-08-11,2026-03-21..2026-08-06,baccarat_bet02_101_all_pairs_incl_sentinel,round_win = game_pnl > 0 (decisive only),COMPATIBILITY_ONLY_NOT_PRODUCTION,4059548.3812,3680416.6879,6656.9809,9707,9692,-0.00163983,0.01249836,-0.00525961,-0.00163983,-6656.9809,4059548.3812,OK,0.0000,266.2792,4.0000,96.0000,AG03-UNRESOLVED,ALL5_LEVELS_bet23_to_bet27,266.2792,266.2792,266.2792,0.0000,0.0000,4.000000,4.000000,4.000000,0.000000,0.000000,96.000000,96.000000,96.000000,100.000000,100.000000,5.0,798.8377,767.3102,5858.1432,5889.6706,PENDING_AG03,FALSE,NOT_FOR_ENFORCEMENT,6390.7016,3533200.0204,6656.9809,6390.7016,266.2792,0.00163983,0.00157424,266.2792,6390.7016,0.00157424,266.2792,266.2792,266.2792,0.0000,0.0000,6390.7016,0.00157424,798.8377,767.3102,5858.1432,5889.6706,0.00144305,0.00145082,0.00006559,418.2083,379.7376,0.6869,61.6387,1.8384,37588.4109,89.7407,538.3845,395.5999,218.4789,430.6076,432.5446,432.5446,1046.441,1081.3617,427.0584,0.0,2.43015,2.511246,0.971205,30,216,96,2,0.20383968,0.00163983,-0.01249836,0E-8,0.000000,0.906607,0.000000,0.01775797,2026-03-22,2026-08-06,108,3621,2443,138,0.782609,1.360932,1.287360,0.679466,,,,,,,,GLOBAL_BASELINE_NO_ENTITY_RANKING,,,NOT_APPLICABLE_GLOBAL_BASELINE,HF9g-P5,,,,X 全窗基线 · 不参与实体赏罚,14198887,1420,A168_HF9F_20260827_0900,2026-08-27 09:00:00
2026-05-26,57024343,1017,0,1297.6339807086,-1297.6339807086,-1297.6339807086,0E-7,3,3,0.50665070000000000,0.506650700000,-1.7552447903592512,-1.7552447903592512,-1.7552447903592512,0E-17,ELIGIBLE,R03b_20260811_FULL_v1,L1_ELIGIBILITY,v2026-08-11,2026-03-21..2026-08-06,baccarat_bet02_101_all_pairs_incl_sentinel,round_win = game_pnl > 0 (decisive only),COMPATIBILITY_ONLY_NOT_PRODUCTION,4059548.3812,3680416.6879,6656.9809,9707,9692,-0.00163983,0.01249836,-0.00525961,-0.00163983,-6656.9809,4059548.3812,OK,0.0000,266.2792,4.0000,96.0000,AG03-UNRESOLVED,ALL5_LEVELS_bet23_to_bet27,266.2792,266.2792,266.2792,0.0000,0.0000,4.000000,4.000000,4.000000,0.000000,0.000000,96.000000,96.000000,96.000000,100.000000,100.000000,5.0,798.8377,767.3102,5858.1432,5889.6706,PENDING_AG03,FALSE,NOT_FOR_ENFORCEMENT,6390.7016,3533200.0204,6656.9809,6390.7016,266.2792,0.00163983,0.00157424,266.2792,6390.7016,0.00157424,266.2792,266.2792,266.2792,0.0000,0.0000,6390.7016,0.00157424,798.8377,767.3102,5858.1432,5889.6706,0.00144305,0.00145082,0.00006559,418.2083,379.7376,0.6869,61.6387,1.8384,37588.4109,89.7407,538.3845,395.5999,218.4789,430.6076,432.5446,432.5446,1046.441,1081.3617,427.0584,0.0,2.43015,2.511246,0.971205,30,216,96,2,0.20383968,0.00163983,-0.01249836,0E-8,0.000000,0.906607,0.000000,0.01775797,2026-03-22,2026-08-06,108,3621,2443,138,0.782609,1.360932,1.287360,0.679466,,,,,,,,GLOBAL_BASELINE_NO_ENTITY_RANKING,,,NOT_APPLICABLE_GLOBAL_BASELINE,HF9g-P5,,,,X 全窗基线 · 不参与实体赏罚,14198888,1420,A168_HF9F_20260827_0900,2026-08-27 09:00:00
2026-05-26,57024343,1109,0,6488.1699035426,2789.9130585233,2789.9130585233,0.5000000,4,4,0.50665070000000000,0.506650700000,-0.02660515369234503,-0.02660515369234503,-0.02660515369234503,0E-17,ELIGIBLE,R03b_20260811_FULL_v1,L1_ELIGIBILITY,v2026-08-11,2026-03-21..2026-08-06,baccarat_bet02_101_all_pairs_incl_sentinel,round_win = game_pnl > 0 (decisive only),COMPATIBILITY_ONLY_NOT_PRODUCTION,4059548.3812,3680416.6879,6656.9809,9707,9692,-0.00163983,0.01249836,-0.00525961,-0.00163983,-6656.9809,4059548.3812,OK,0.0000,266.2792,4.0000,96.0000,AG03-UNRESOLVED,ALL5_LEVELS_bet23_to_bet27,266.2792,266.2792,266.2792,0.0000,0.0000,4.000000,4.000000,4.000000,0.000000,0.000000,96.000000,96.000000,96.000000,100.000000,100.000000,5.0,798.8377,767.3102,5858.1432,5889.6706,PENDING_AG03,FALSE,NOT_FOR_ENFORCEMENT,6390.7016,3533200.0204,6656.9809,6390.7016,266.2792,0.00163983,0.00157424,266.2792,6390.7016,0.00157424,266.2792,266.2792,266.2792,0.0000,0.0000,6390.7016,0.00157424,798.8377,767.3102,5858.1432,5889.6706,0.00144305,0.00145082,0.00006559,418.2083,379.7376,0.6869,61.6387,1.8384,37588.4109,89.7407,538.3845,395.5999,218.4789,430.6076,432.5446,432.5446,1046.441,1081.3617,427.0584,0.0,2.43015,2.511246,0.971205,30,216,96,2,0.20383968,0.00163983,-0.01249836,0E-8,0.000000,0.906607,0.000000,0.01775797,2026-03-22,2026-08-06,108,3621,2443,138,0.782609,1.360932,1.287360,0.679466,,,,,,,,GLOBAL_BASELINE_NO_ENTITY_RANKING,,,NOT_APPLICABLE_GLOBAL_BASELINE,HF9g-P5,,,,X 全窗基线 · 不参与实体赏罚,14198889,1420,A168_HF9F_20260827_0900,2026-08-27 09:00:00
2026-05-26,57024343,1205,0,1297.6339807086,-454.1718932480,-454.1718932480,0.3333333,3,3,0.50665070000000000,0.506650700000,-0.6004420894325239,-0.6004420894325239,-0.6004420894325239,0E-17,ELIGIBLE,R03b_20260811_FULL_v1,L1_ELIGIBILITY,v2026-08-11,2026-03-21..2026-08-06,baccarat_bet02_101_all_pairs_incl_sentinel,round_win = game_pnl > 0 (decisive only),COMPATIBILITY_ONLY_NOT_PRODUCTION,4059548.3812,3680416.6879,6656.9809,9707,9692,-0.00163983,0.01249836,-0.00525961,-0.00163983,-6656.9809,4059548.3812,OK,0.0000,266.2792,4.0000,96.0000,AG03-UNRESOLVED,ALL5_LEVELS_bet23_to_bet27,266.2792,266.2792,266.2792,0.0000,0.0000,4.000000,4.000000,4.000000,0.000000,0.000000,96.000000,96.000000,96.000000,100.000000,100.000000,5.0,798.8377,767.3102,5858.1432,5889.6706,PENDING_AG03,FALSE,NOT_FOR_ENFORCEMENT,6390.7016,3533200.0204,6656.9809,6390.7016,266.2792,0.00163983,0.00157424,266.2792,6390.7016,0.00157424,266.2792,266.2792,266.2792,0.0000,0.0000,6390.7016,0.00157424,798.8377,767.3102,5858.1432,5889.6706,0.00144305,0.00145082,0.00006559,418.2083,379.7376,0.6869,61.6387,1.8384,37588.4109,89.7407,538.3845,395.5999,218.4789,430.6076,432.5446,432.5446,1046.441,1081.3617,427.0584,0.0,2.43015,2.511246,0.971205,30,216,96,2,0.20383968,0.00163983,-0.01249836,0E-8,0.000000,0.906607,0.000000,0.01775797,2026-03-22,2026-08-06,108,3621,2443,138,0.782609,1.360932,1.287360,0.679466,,,,,,,,GLOBAL_BASELINE_NO_ENTITY_RANKING,,,NOT_APPLICABLE_GLOBAL_BASELINE,HF9g-P5,,,,X 全窗基线 · 不参与实体赏罚,14198890,1420,A168_HF9F_20260827_0900,2026-08-27 09:00:00
2026-05-26,57024343,1302,0,432.5446602362,-432.5446602362,-432.5446602362,0E-7,1,1,0.50665070000000000,0.506650700000,-1.013391052207602,-1.013391052207602,-1.013391052207602,0E-17,ELIGIBLE,R03b_20260811_FULL_v1,L1_ELIGIBILITY,v2026-08-11,2026-03-21..2026-08-06,baccarat_bet02_101_all_pairs_incl_sentinel,round_win = game_pnl > 0 (decisive only),COMPATIBILITY_ONLY_NOT_PRODUCTION,4059548.3812,3680416.6879,6656.9809,9707,9692,-0.00163983,0.01249836,-0.00525961,-0.00163983,-6656.9809,4059548.3812,OK,0.0000,266.2792,4.0000,96.0000,AG03-UNRESOLVED,ALL5_LEVELS_bet23_to_bet27,266.2792,266.2792,266.2792,0.0000,0.0000,4.000000,4.000000,4.000000,0.000000,0.000000,96.000000,96.000000,96.000000,100.000000,100.000000,5.0,798.8377,767.3102,5858.1432,5889.6706,PENDING_AG03,FALSE,NOT_FOR_ENFORCEMENT,6390.7016,3533200.0204,6656.9809,6390.7016,266.2792,0.00163983,0.00157424,266.2792,6390.7016,0.00157424,266.2792,266.2792,266.2792,0.0000,0.0000,6390.7016,0.00157424,798.8377,767.3102,5858.1432,5889.6706,0.00144305,0.00145082,0.00006559,418.2083,379.7376,0.6869,61.6387,1.8384,37588.4109,89.7407,538.3845,395.5999,218.4789,430.6076,432.5446,432.5446,1046.441,1081.3617,427.0584,0.0,2.43015,2.511246,0.971205,30,216,96,2,0.20383968,0.00163983,-0.01249836,0E-8,0.000000,0.906607,0.000000,0.01775797,2026-03-22,2026-08-06,108,3621,2443,138,0.782609,1.360932,1.287360,0.679466,,,,,,,,GLOBAL_BASELINE_NO_ENTITY_RANKING,,,NOT_APPLICABLE_GLOBAL_BASELINE,HF9g-P5,,,,X 全窗基线 · 不参与实体赏罚,14198891,1420,A168_HF9F_20260827_0900,2026-08-27 09:00:00
2026-05-26,57024343,1305,0,432.5446602362,-432.5446602362,-432.5446602362,0E-7,1,1,0.50665070000000000,0.506650700000,-1.013391052207602,-1.013391052207602,-1.013391052207602,0E-17,ELIGIBLE,R03b_20260811_FULL_v1,L1_ELIGIBILITY,v2026-08-11,2026-03-21..2026-08-06,baccarat_bet02_101_all_pairs_incl_sentinel,round_win = game_pnl > 0 (decisive only),COMPATIBILITY_ONLY_NOT_PRODUCTION,4059548.3812,3680416.6879,6656.9809,9707,9692,-0.00163983,0.01249836,-0.00525961,-0.00163983,-6656.9809,4059548.3812,OK,0.0000,266.2792,4.0000,96.0000,AG03-UNRESOLVED,ALL5_LEVELS_bet23_to_bet27,266.2792,266.2792,266.2792,0.0000,0.0000,4.000000,4.000000,4.000000,0.000000,0.000000,96.000000,96.000000,96.000000,100.000000,100.000000,5.0,798.8377,767.3102,5858.1432,5889.6706,PENDING_AG03,FALSE,NOT_FOR_ENFORCEMENT,6390.7016,3533200.0204,6656.9809,6390.7016,266.2792,0.00163983,0.00157424,266.2792,6390.7016,0.00157424,266.2792,266.2792,266.2792,0.0000,0.0000,6390.7016,0.00157424,798.8377,767.3102,5858.1432,5889.6706,0.00144305,0.00145082,0.00006559,418.2083,379.7376,0.6869,61.6387,1.8384,37588.4109,89.7407,538.3845,395.5999,218.4789,430.6076,432.5446,432.5446,1046.441,1081.3617,427.0584,0.0,2.43015,2.511246,0.971205,30,216,96,2,0.20383968,0.00163983,-0.01249836,0E-8,0.000000,0.906607,0.000000,0.01775797,2026-03-22,2026-08-06,108,3621,2443,138,0.782609,1.360932,1.287360,0.679466,,,,,,,,GLOBAL_BASELINE_NO_ENTITY_RANKING,,,NOT_APPLICABLE_GLOBAL_BASELINE,HF9g-P5,,,,X 全窗基线 · 不参与实体赏罚,14198892,1420,A168_HF9F_20260827_0900,2026-08-27 09:00:00
2026-05-26,57024343,1353,0,865.0893204724,821.8348544488,821.8348544488,1.0000000,2,2,0.50665070000000000,0.506650700000,1.3955260008387969,1.3955260008387969,1.3955260008387969,0E-17,ELIGIBLE,R03b_20260811_FULL_v1,L1_ELIGIBILITY,v2026-08-11,2026-03-21..2026-08-06,baccarat_bet02_101_all_pairs_incl_sentinel,round_win = game_pnl > 0 (decisive only),COMPATIBILITY_ONLY_NOT_PRODUCTION,4059548.3812,3680416.6879,6656.9809,9707,9692,-0.00163983,0.01249836,-0.00525961,-0.00163983,-6656.9809,4059548.3812,OK,0.0000,266.2792,4.0000,96.0000,AG03-UNRESOLVED,ALL5_LEVELS_bet23_to_bet27,266.2792,266.2792,266.2792,0.0000,0.0000,4.000000,4.000000,4.000000,0.000000,0.000000,96.000000,96.000000,96.000000,100.000000,100.000000,5.0,798.8377,767.3102,5858.1432,5889.6706,PENDING_AG03,FALSE,NOT_FOR_ENFORCEMENT,6390.7016,3533200.0204,6656.9809,6390.7016,266.2792,0.00163983,0.00157424,266.2792,6390.7016,0.00157424,266.2792,266.2792,266.2792,0.0000,0.0000,6390.7016,0.00157424,798.8377,767.3102,5858.1432,5889.6706,0.00144305,0.00145082,0.00006559,418.2083,379.7376,0.6869,61.6387,1.8384,37588.4109,89.7407,538.3845,395.5999,218.4789,430.6076,432.5446,432.5446,1046.441,1081.3617,427.0584,0.0,2.43015,2.511246,0.971205,30,216,96,2,0.20383968,0.00163983,-0.01249836,0E-8,0.000000,0.906607,0.000000,0.01775797,2026-03-22,2026-08-06,108,3621,2443,138,0.782609,1.360932,1.287360,0.679466,,,,,,,,GLOBAL_BASELINE_NO_ENTITY_RANKING,,,NOT_APPLICABLE_GLOBAL_BASELINE,HF9g-P5,,,,X 全窗基线 · 不参与实体赏罚,14198893,1420,A168_HF9F_20260827_0900,2026-08-27 09:00:00
2026-05-26,57024343,1363,0,1297.6339807086,-432.5446602362,-432.5446602362,0.3333333,3,3,0.49771390000000000,0.497713900000,-0.5694369385616226,-0.5694369385616226,-0.5694369385616226,0E-17,ELIGIBLE,R03b_20260811_FULL_v1,L1_ELIGIBILITY,v2026-08-11,2026-03-21..2026-08-06,baccarat_bet02_101_all_pairs_incl_sentinel,round_win = game_pnl > 0 (decisive only),COMPATIBILITY_ONLY_NOT_PRODUCTION,4059548.3812,3680416.6879,6656.9809,9707,9692,-0.00163983,0.01249836,-0.00525961,-0.00163983,-6656.9809,4059548.3812,OK,0.0000,266.2792,4.0000,96.0000,AG03-UNRESOLVED,ALL5_LEVELS_bet23_to_bet27,266.2792,266.2792,266.2792,0.0000,0.0000,4.000000,4.000000,4.000000,0.000000,0.000000,96.000000,96.000000,96.000000,100.000000,100.000000,5.0,798.8377,767.3102,5858.1432,5889.6706,PENDING_AG03,FALSE,NOT_FOR_ENFORCEMENT,6390.7016,3533200.0204,6656.9809,6390.7016,266.2792,0.00163983,0.00157424,266.2792,6390.7016,0.00157424,266.2792,266.2792,266.2792,0.0000,0.0000,6390.7016,0.00157424,798.8377,767.3102,5858.1432,5889.6706,0.00144305,0.00145082,0.00006559,418.2083,379.7376,0.6869,61.6387,1.8384,37588.4109,89.7407,538.3845,395.5999,218.4789,430.6076,432.5446,432.5446,1046.441,1081.3617,427.0584,0.0,2.43015,2.511246,0.971205,30,216,96,2,0.20383968,0.00163983,-0.01249836,0E-8,0.000000,0.906607,0.000000,0.01775797,2026-03-22,2026-08-06,108,3621,2443,138,0.782609,1.360932,1.287360,0.679466,,,,,,,,GLOBAL_BASELINE_NO_ENTITY_RANKING,,,NOT_APPLICABLE_GLOBAL_BASELINE,HF9g-P5,,,,X 全窗基线 · 不参与实体赏罚,14198894,1420,A168_HF9F_20260827_0900,2026-08-27 09:00:00
2026-05-26,57024343,1374,0,1946.4509710628,1438.2109952853,1438.2109952853,1.0000000,3,3,0.50665070000000000,0.506650700000,1.3955260008387969,1.3955260008387969,1.3955260008387969,0E-17,ELIGIBLE,R03b_20260811_FULL_v1,L1_ELIGIBILITY,v2026-08-11,2026-03-21..2026-08-06,baccarat_bet02_101_all_pairs_incl_sentinel,round_win = game_pnl > 0 (decisive only),COMPATIBILITY_ONLY_NOT_PRODUCTION,4059548.3812,3680416.6879,6656.9809,9707,9692,-0.00163983,0.01249836,-0.00525961,-0.00163983,-6656.9809,4059548.3812,OK,0.0000,266.2792,4.0000,96.0000,AG03-UNRESOLVED,ALL5_LEVELS_bet23_to_bet27,266.2792,266.2792,266.2792,0.0000,0.0000,4.000000,4.000000,4.000000,0.000000,0.000000,96.000000,96.000000,96.000000,100.000000,100.000000,5.0,798.8377,767.3102,5858.1432,5889.6706,PENDING_AG03,FALSE,NOT_FOR_ENFORCEMENT,6390.7016,3533200.0204,6656.9809,6390.7016,266.2792,0.00163983,0.00157424,266.2792,6390.7016,0.00157424,266.2792,266.2792,266.2792,0.0000,0.0000,6390.7016,0.00157424,798.8377,767.3102,5858.1432,5889.6706,0.00144305,0.00145082,0.00006559,418.2083,379.7376,0.6869,61.6387,1.8384,37588.4109,89.7407,538.3845,395.5999,218.4789,430.6076,432.5446,432.5446,1046.441,1081.3617,427.0584,0.0,2.43015,2.511246,0.971205,30,216,96,2,0.20383968,0.00163983,-0.01249836,0E-8,0.000000,0.906607,0.000000,0.01775797,2026-03-22,2026-08-06,108,3621,2443,138,0.782609,1.360932,1.287360,0.679466,,,,,,,,GLOBAL_BASELINE_NO_ENTITY_RANKING,,,NOT_APPLICABLE_GLOBAL_BASELINE,HF9g-P5,,,,X 全窗基线 · 不参与实体赏罚,14198895,1420,A168_HF9F_20260827_0900,2026-08-27 09:00:00
2026-05-26,57024343,1382,0,1297.6339807086,1276.0067476968,1276.0067476968,1.0000000,3,3,0.49771390000000000,0.497713900000,1.739988277604938,1.739988277604938,1.739988277604938,0E-17,ELIGIBLE,R03b_20260811_FULL_v1,L1_ELIGIBILITY,v2026-08-11,2026-03-21..2026-08-06,baccarat_bet02_101_all_pairs_incl_sentinel,round_win = game_pnl > 0 (decisive only),COMPATIBILITY_ONLY_NOT_PRODUCTION,4059548.3812,3680416.6879,6656.9809,9707,9692,-0.00163983,0.01249836,-0.00525961,-0.00163983,-6656.9809,4059548.3812,OK,0.0000,266.2792,4.0000,96.0000,AG03-UNRESOLVED,ALL5_LEVELS_bet23_to_bet27,266.2792,266.2792,266.2792,0.0000,0.0000,4.000000,4.000000,4.000000,0.000000,0.000000,96.000000,96.000000,96.000000,100.000000,100.000000,5.0,798.8377,767.3102,5858.1432,5889.6706,PENDING_AG03,FALSE,NOT_FOR_ENFORCEMENT,6390.7016,3533200.0204,6656.9809,6390.7016,266.2792,0.00163983,0.00157424,266.2792,6390.7016,0.00157424,266.2792,266.2792,266.2792,0.0000,0.0000,6390.7016,0.00157424,798.8377,767.3102,5858.1432,5889.6706,0.00144305,0.00145082,0.00006559,418.2083,379.7376,0.6869,61.6387,1.8384,37588.4109,89.7407,538.3845,395.5999,218.4789,430.6076,432.5446,432.5446,1046.441,1081.3617,427.0584,0.0,2.43015,2.511246,0.971205,30,216,96,2,0.20383968,0.00163983,-0.01249836,0E-8,0.000000,0.906607,0.000000,0.01775797,2026-03-22,2026-08-06,108,3621,2443,138,0.782609,1.360932,1.287360,0.679466,,,,,,,,GLOBAL_BASELINE_NO_ENTITY_RANKING,,,NOT_APPLICABLE_GLOBAL_BASELINE,HF9g-P5,,,,X 全窗基线 · 不参与实体赏罚,14198896,1420,A168_HF9F_20260827_0900,2026-08-27 09:00:00
2026-05-26,57024343,1485,0,1297.6339807086,-454.1718932480,-454.1718932480,0.3333333,3,3,0.50665070000000000,0.506650700000,-0.6004420894325239,-0.6004420894325239,-0.6004420894325239,0E-17,ELIGIBLE,R03b_20260811_FULL_v1,L1_ELIGIBILITY,v2026-08-11,2026-03-21..2026-08-06,baccarat_bet02_101_all_pairs_incl_sentinel,round_win = game_pnl > 0 (decisive only),COMPATIBILITY_ONLY_NOT_PRODUCTION,4059548.3812,3680416.6879,6656.9809,9707,9692,-0.00163983,0.01249836,-0.00525961,-0.00163983,-6656.9809,4059548.3812,OK,0.0000,266.2792,4.0000,96.0000,AG03-UNRESOLVED,ALL5_LEVELS_bet23_to_bet27,266.2792,266.2792,266.2792,0.0000,0.0000,4.000000,4.000000,4.000000,0.000000,0.000000,96.000000,96.000000,96.000000,100.000000,100.000000,5.0,798.8377,767.3102,5858.1432,5889.6706,PENDING_AG03,FALSE,NOT_FOR_ENFORCEMENT,6390.7016,3533200.0204,6656.9809,6390.7016,266.2792,0.00163983,0.00157424,266.2792,6390.7016,0.00157424,266.2792,266.2792,266.2792,0.0000,0.0000,6390.7016,0.00157424,798.8377,767.3102,5858.1432,5889.6706,0.00144305,0.00145082,0.00006559,418.2083,379.7376,0.6869,61.6387,1.8384,37588.4109,89.7407,538.3845,395.5999,218.4789,430.6076,432.5446,432.5446,1046.441,1081.3617,427.0584,0.0,2.43015,2.511246,0.971205,30,216,96,2,0.20383968,0.00163983,-0.01249836,0E-8,0.000000,0.906607,0.000000,0.01775797,2026-03-22,2026-08-06,108,3621,2443,138,0.782609,1.360932,1.287360,0.679466,,,,,,,,GLOBAL_BASELINE_NO_ENTITY_RANKING,,,NOT_APPLICABLE_GLOBAL_BASELINE,HF9g-P5,,,,X 全窗基线 · 不参与实体赏罚,14198897,1420,A168_HF9F_20260827_0900,2026-08-27 09:00:00
2026-05-26,57024343,1509,0,432.5446602362,410.9174272244,410.9174272244,1.0000000,1,1,0.50665070000000000,0.506650700000,0.9867858985152569,0.9867858985152569,0.9867858985152569,0E-17,ELIGIBLE,R03b_20260811_FULL_v1,L1_ELIGIBILITY,v2026-08-11,2026-03-21..2026-08-06,baccarat_bet02_101_all_pairs_incl_sentinel,round_win = game_pnl > 0 (decisive only),COMPATIBILITY_ONLY_NOT_PRODUCTION,4059548.3812,3680416.6879,6656.9809,9707,9692,-0.00163983,0.01249836,-0.00525961,-0.00163983,-6656.9809,4059548.3812,OK,0.0000,266.2792,4.0000,96.0000,AG03-UNRESOLVED,ALL5_LEVELS_bet23_to_bet27,266.2792,266.2792,266.2792,0.0000,0.0000,4.000000,4.000000,4.000000,0.000000,0.000000,96.000000,96.000000,96.000000,100.000000,100.000000,5.0,798.8377,767.3102,5858.1432,5889.6706,PENDING_AG03,FALSE,NOT_FOR_ENFORCEMENT,6390.7016,3533200.0204,6656.9809,6390.7016,266.2792,0.00163983,0.00157424,266.2792,6390.7016,0.00157424,266.2792,266.2792,266.2792,0.0000,0.0000,6390.7016,0.00157424,798.8377,767.3102,5858.1432,5889.6706,0.00144305,0.00145082,0.00006559,418.2083,379.7376,0.6869,61.6387,1.8384,37588.4109,89.7407,538.3845,395.5999,218.4789,430.6076,432.5446,432.5446,1046.441,1081.3617,427.0584,0.0,2.43015,2.511246,0.971205,30,216,96,2,0.20383968,0.00163983,-0.01249836,0E-8,0.000000,0.906607,0.000000,0.01775797,2026-03-22,2026-08-06,108,3621,2443,138,0.782609,1.360932,1.287360,0.679466,,,,,,,,GLOBAL_BASELINE_NO_ENTITY_RANKING,,,NOT_APPLICABLE_GLOBAL_BASELINE,HF9g-P5,,,,X 全窗基线 · 不参与实体赏罚,14198898,1420,A168_HF9F_20260827_0900,2026-08-27 09:00:00
2026-05-26,57024343,1702,0,432.5446602362,410.9174272244,410.9174272244,1.0000000,1,1,0.50665070000000000,0.506650700000,0.9867858985152569,0.9867858985152569,0.9867858985152569,0E-17,ELIGIBLE,R03b_20260811_FULL_v1,L1_ELIGIBILITY,v2026-08-11,2026-03-21..2026-08-06,baccarat_bet02_101_all_pairs_incl_sentinel,round_win = game_pnl > 0 (decisive only),COMPATIBILITY_ONLY_NOT_PRODUCTION,4059548.3812,3680416.6879,6656.9809,9707,9692,-0.00163983,0.01249836,-0.00525961,-0.00163983,-6656.9809,4059548.3812,OK,0.0000,266.2792,4.0000,96.0000,AG03-UNRESOLVED,ALL5_LEVELS_bet23_to_bet27,266.2792,266.2792,266.2792,0.0000,0.0000,4.000000,4.000000,4.000000,0.000000,0.000000,96.000000,96.000000,96.000000,100.000000,100.000000,5.0,798.8377,767.3102,5858.1432,5889.6706,PENDING_AG03,FALSE,NOT_FOR_ENFORCEMENT,6390.7016,3533200.0204,6656.9809,6390.7016,266.2792,0.00163983,0.00157424,266.2792,6390.7016,0.00157424,266.2792,266.2792,266.2792,0.0000,0.0000,6390.7016,0.00157424,798.8377,767.3102,5858.1432,5889.6706,0.00144305,0.00145082,0.00006559,418.2083,379.7376,0.6869,61.6387,1.8384,37588.4109,89.7407,538.3845,395.5999,218.4789,430.6076,432.5446,432.5446,1046.441,1081.3617,427.0584,0.0,2.43015,2.511246,0.971205,30,216,96,2,0.20383968,0.00163983,-0.01249836,0E-8,0.000000,0.906607,0.000000,0.01775797,2026-03-22,2026-08-06,108,3621,2443,138,0.782609,1.360932,1.287360,0.679466,,,,,,,,GLOBAL_BASELINE_NO_ENTITY_RANKING,,,NOT_APPLICABLE_GLOBAL_BASELINE,HF9g-P5,,,,X 全窗基线 · 不参与实体赏罚,14198899,1420,A168_HF9F_20260827_0900,2026-08-27 09:00:00
2026-05-26,57024343,1941,0,2378.9956312991,162.2042475886,162.2042475886,0.6000000,6,6,0.50665070000000000,0.506650700000,0.4175076967804994,0.4175076967804994,0.4175076967804994,0E-17,ELIGIBLE,R03b_20260811_FULL_v1,L1_ELIGIBILITY,v2026-08-11,2026-03-21..2026-08-06,baccarat_bet02_101_all_pairs_incl_sentinel,round_win = game_pnl > 0 (decisive only),COMPATIBILITY_ONLY_NOT_PRODUCTION,4059548.3812,3680416.6879,6656.9809,9707,9692,-0.00163983,0.01249836,-0.00525961,-0.00163983,-6656.9809,4059548.3812,OK,0.0000,266.2792,4.0000,96.0000,AG03-UNRESOLVED,ALL5_LEVELS_bet23_to_bet27,266.2792,266.2792,266.2792,0.0000,0.0000,4.000000,4.000000,4.000000,0.000000,0.000000,96.000000,96.000000,96.000000,100.000000,100.000000,5.0,798.8377,767.3102,5858.1432,5889.6706,PENDING_AG03,FALSE,NOT_FOR_ENFORCEMENT,6390.7016,3533200.0204,6656.9809,6390.7016,266.2792,0.00163983,0.00157424,266.2792,6390.7016,0.00157424,266.2792,266.2792,266.2792,0.0000,0.0000,6390.7016,0.00157424,798.8377,767.3102,5858.1432,5889.6706,0.00144305,0.00145082,0.00006559,418.2083,379.7376,0.6869,61.6387,1.8384,37588.4109,89.7407,538.3845,395.5999,218.4789,430.6076,432.5446,432.5446,1046.441,1081.3617,427.0584,0.0,2.43015,2.511246,0.971205,30,216,96,2,0.20383968,0.00163983,-0.01249836,0E-8,0.000000,0.906607,0.000000,0.01775797,2026-03-22,2026-08-06,108,3621,2443,138,0.782609,1.360932,1.287360,0.679466,,,,,,,,GLOBAL_BASELINE_NO_ENTITY_RANKING,,,NOT_APPLICABLE_GLOBAL_BASELINE,HF9g-P5,,,,X 全窗基线 · 不参与实体赏罚,14198900,1420,A168_HF9F_20260827_0900,2026-08-27 09:00:00
2026-05-26,57024343,1957,0,2595.2679614172,-886.7165534842,-886.7165534842,0.3333333,6,6,0.50218230000000000,0.502182300000,-0.8271955028234007,-0.8271955028234007,-0.8271955028234007,0E-17,ELIGIBLE,R03b_20260811_FULL_v1,L1_ELIGIBILITY,v2026-08-11,2026-03-21..2026-08-06,baccarat_bet02_101_all_pairs_incl_sentinel,round_win = game_pnl > 0 (decisive only),COMPATIBILITY_ONLY_NOT_PRODUCTION,4059548.3812,3680416.6879,6656.9809,9707,9692,-0.00163983,0.01249836,-0.00525961,-0.00163983,-6656.9809,4059548.3812,OK,0.0000,266.2792,4.0000,96.0000,AG03-UNRESOLVED,ALL5_LEVELS_bet23_to_bet27,266.2792,266.2792,266.2792,0.0000,0.0000,4.000000,4.000000,4.000000,0.000000,0.000000,96.000000,96.000000,96.000000,100.000000,100.000000,5.0,798.8377,767.3102,5858.1432,5889.6706,PENDING_AG03,FALSE,NOT_FOR_ENFORCEMENT,6390.7016,3533200.0204,6656.9809,6390.7016,266.2792,0.00163983,0.00157424,266.2792,6390.7016,0.00157424,266.2792,266.2792,266.2792,0.0000,0.0000,6390.7016,0.00157424,798.8377,767.3102,5858.1432,5889.6706,0.00144305,0.00145082,0.00006559,418.2083,379.7376,0.6869,61.6387,1.8384,37588.4109,89.7407,538.3845,395.5999,218.4789,430.6076,432.5446,432.5446,1046.441,1081.3617,427.0584,0.0,2.43015,2.511246,0.971205,30,216,96,2,0.20383968,0.00163983,-0.01249836,0E-8,0.000000,0.906607,0.000000,0.01775797,2026-03-22,2026-08-06,108,3621,2443,138,0.782609,1.360932,1.287360,0.679466,,,,,,,,GLOBAL_BASELINE_NO_ENTITY_RANKING,,,NOT_APPLICABLE_GLOBAL_BASELINE,HF9g-P5,,,,X 全窗基线 · 不参与实体赏罚,14198901,1420,A168_HF9F_20260827_0900,2026-08-27 09:00:00
2026-05-26,57024343,1966,0,865.0893204724,-865.0893204724,-865.0893204724,0E-7,2,2,0.50665070000000000,0.506650700000,-1.4331513700195317,-1.4331513700195317,-1.4331513700195317,0E-17,ELIGIBLE,R03b_20260811_FULL_v1,L1_ELIGIBILITY,v2026-08-11,2026-03-21..2026-08-06,baccarat_bet02_101_all_pairs_incl_sentinel,round_win = game_pnl > 0 (decisive only),COMPATIBILITY_ONLY_NOT_PRODUCTION,4059548.3812,3680416.6879,6656.9809,9707,9692,-0.00163983,0.01249836,-0.00525961,-0.00163983,-6656.9809,4059548.3812,OK,0.0000,266.2792,4.0000,96.0000,AG03-UNRESOLVED,ALL5_LEVELS_bet23_to_bet27,266.2792,266.2792,266.2792,0.0000,0.0000,4.000000,4.000000,4.000000,0.000000,0.000000,96.000000,96.000000,96.000000,100.000000,100.000000,5.0,798.8377,767.3102,5858.1432,5889.6706,PENDING_AG03,FALSE,NOT_FOR_ENFORCEMENT,6390.7016,3533200.0204,6656.9809,6390.7016,266.2792,0.00163983,0.00157424,266.2792,6390.7016,0.00157424,266.2792,266.2792,266.2792,0.0000,0.0000,6390.7016,0.00157424,798.8377,767.3102,5858.1432,5889.6706,0.00144305,0.00145082,0.00006559,418.2083,379.7376,0.6869,61.6387,1.8384,37588.4109,89.7407,538.3845,395.5999,218.4789,430.6076,432.5446,432.5446,1046.441,1081.3617,427.0584,0.0,2.43015,2.511246,0.971205,30,216,96,2,0.20383968,0.00163983,-0.01249836,0E-8,0.000000,0.906607,0.000000,0.01775797,2026-03-22,2026-08-06,108,3621,2443,138,0.782609,1.360932,1.287360,0.679466,,,,,,,,GLOBAL_BASELINE_NO_ENTITY_RANKING,,,NOT_APPLICABLE_GLOBAL_BASELINE,HF9g-P5,,,,X 全窗基线 · 不参与实体赏罚,14198902,1420,A168_HF9F_20260827_0900,2026-08-27 09:00:00
2026-05-26,57024343,2088,0,3460.3572818896,-43.2544660236,-43.2544660236,0.5000000,8,8,0.50162375000000000,0.501623750000,-0.00795475988626705,-0.00795475988626705,-0.00795475988626705,0E-17,ELIGIBLE,R03b_20260811_FULL_v1,L1_ELIGIBILITY,v2026-08-11,2026-03-21..2026-08-06,baccarat_bet02_101_all_pairs_incl_sentinel,round_win = game_pnl > 0 (decisive only),COMPATIBILITY_ONLY_NOT_PRODUCTION,4059548.3812,3680416.6879,6656.9809,9707,9692,-0.00163983,0.01249836,-0.00525961,-0.00163983,-6656.9809,4059548.3812,OK,0.0000,266.2792,4.0000,96.0000,AG03-UNRESOLVED,ALL5_LEVELS_bet23_to_bet27,266.2792,266.2792,266.2792,0.0000,0.0000,4.000000,4.000000,4.000000,0.000000,0.000000,96.000000,96.000000,96.000000,100.000000,100.000000,5.0,798.8377,767.3102,5858.1432,5889.6706,PENDING_AG03,FALSE,NOT_FOR_ENFORCEMENT,6390.7016,3533200.0204,6656.9809,6390.7016,266.2792,0.00163983,0.00157424,266.2792,6390.7016,0.00157424,266.2792,266.2792,266.2792,0.0000,0.0000,6390.7016,0.00157424,798.8377,767.3102,5858.1432,5889.6706,0.00144305,0.00145082,0.00006559,418.2083,379.7376,0.6869,61.6387,1.8384,37588.4109,89.7407,538.3845,395.5999,218.4789,430.6076,432.5446,432.5446,1046.441,1081.3617,427.0584,0.0,2.43015,2.511246,0.971205,30,216,96,2,0.20383968,0.00163983,-0.01249836,0E-8,0.000000,0.906607,0.000000,0.01775797,2026-03-22,2026-08-06,108,3621,2443,138,0.782609,1.360932,1.287360,0.679466,,,,,,,,GLOBAL_BASELINE_NO_ENTITY_RANKING,,,NOT_APPLICABLE_GLOBAL_BASELINE,HF9g-P5,,,,X 全窗基线 · 不参与实体赏罚,14198903,1420,A168_HF9F_20260827_0900,2026-08-27 09:00:00
2026-05-26,57024343,2101,0,2811.5402915353,562.3080583071,562.3080583071,0.6666667,6,6,0.50665070000000000,0.506650700000,0.7839842952205449,0.7839842952205449,0.7839842952205449,0E-17,ELIGIBLE,R03b_20260811_FULL_v1,L1_ELIGIBILITY,v2026-08-11,2026-03-21..2026-08-06,baccarat_bet02_101_all_pairs_incl_sentinel,round_win = game_pnl > 0 (decisive only),COMPATIBILITY_ONLY_NOT_PRODUCTION,4059548.3812,3680416.6879,6656.9809,9707,9692,-0.00163983,0.01249836,-0.00525961,-0.00163983,-6656.9809,4059548.3812,OK,0.0000,266.2792,4.0000,96.0000,AG03-UNRESOLVED,ALL5_LEVELS_bet23_to_bet27,266.2792,266.2792,266.2792,0.0000,0.0000,4.000000,4.000000,4.000000,0.000000,0.000000,96.000000,96.000000,96.000000,100.000000,100.000000,5.0,798.8377,767.3102,5858.1432,5889.6706,PENDING_AG03,FALSE,NOT_FOR_ENFORCEMENT,6390.7016,3533200.0204,6656.9809,6390.7016,266.2792,0.00163983,0.00157424,266.2792,6390.7016,0.00157424,266.2792,266.2792,266.2792,0.0000,0.0000,6390.7016,0.00157424,798.8377,767.3102,5858.1432,5889.6706,0.00144305,0.00145082,0.00006559,418.2083,379.7376,0.6869,61.6387,1.8384,37588.4109,89.7407,538.3845,395.5999,218.4789,430.6076,432.5446,432.5446,1046.441,1081.3617,427.0584,0.0,2.43015,2.511246,0.971205,30,216,96,2,0.20383968,0.00163983,-0.01249836,0E-8,0.000000,0.906607,0.000000,0.01775797,2026-03-22,2026-08-06,108,3621,2443,138,0.782609,1.360932,1.287360,0.679466,,,,,,,,GLOBAL_BASELINE_NO_ENTITY_RANKING,,,NOT_APPLICABLE_GLOBAL_BASELINE,HF9g-P5,,,,X 全窗基线 · 不参与实体赏罚,14198904,1420,A168_HF9F_20260827_0900,2026-08-27 09:00:00
2026-05-26,57024343,2117,0,1513.9063108266,-1513.9063108266,-1513.9063108266,0E-7,2,2,0.50665070000000000,0.506650700000,-1.4331513700195317,-1.4331513700195317,-1.4331513700195317,0E-17,ELIGIBLE,R03b_20260811_FULL_v1,L1_ELIGIBILITY,v2026-08-11,2026-03-21..2026-08-06,baccarat_bet02_101_all_pairs_incl_sentinel,round_win = game_pnl > 0 (decisive only),COMPATIBILITY_ONLY_NOT_PRODUCTION,4059548.3812,3680416.6879,6656.9809,9707,9692,-0.00163983,0.01249836,-0.00525961,-0.00163983,-6656.9809,4059548.3812,OK,0.0000,266.2792,4.0000,96.0000,AG03-UNRESOLVED,ALL5_LEVELS_bet23_to_bet27,266.2792,266.2792,266.2792,0.0000,0.0000,4.000000,4.000000,4.000000,0.000000,0.000000,96.000000,96.000000,96.000000,100.000000,100.000000,5.0,798.8377,767.3102,5858.1432,5889.6706,PENDING_AG03,FALSE,NOT_FOR_ENFORCEMENT,6390.7016,3533200.0204,6656.9809,6390.7016,266.2792,0.00163983,0.00157424,266.2792,6390.7016,0.00157424,266.2792,266.2792,266.2792,0.0000,0.0000,6390.7016,0.00157424,798.8377,767.3102,5858.1432,5889.6706,0.00144305,0.00145082,0.00006559,418.2083,379.7376,0.6869,61.6387,1.8384,37588.4109,89.7407,538.3845,395.5999,218.4789,430.6076,432.5446,432.5446,1046.441,1081.3617,427.0584,0.0,2.43015,2.511246,0.971205,30,216,96,2,0.20383968,0.00163983,-0.01249836,0E-8,0.000000,0.906607,0.000000,0.01775797,2026-03-22,2026-08-06,108,3621,2443,138,0.782609,1.360932,1.287360,0.679466,,,,,,,,GLOBAL_BASELINE_NO_ENTITY_RANKING,,,NOT_APPLICABLE_GLOBAL_BASELINE,HF9g-P5,,,,X 全窗基线 · 不参与实体赏罚,14198905,1420,A168_HF9F_20260827_0900,2026-08-27 09:00:00
2026-05-26,57024343,2156,0,2595.2679614170,356.8493446949,356.8493446949,0.6666667,3,3,0.50665070000000000,0.506650700000,0.5543606114942035,0.5543606114942035,0.5543606114942035,0E-17,ELIGIBLE,R03b_20260811_FULL_v1,L1_ELIGIBILITY,v2026-08-11,2026-03-21..2026-08-06,baccarat_bet02_101_all_pairs_incl_sentinel,round_win = game_pnl > 0 (decisive only),COMPATIBILITY_ONLY_NOT_PRODUCTION,4059548.3812,3680416.6879,6656.9809,9707,9692,-0.00163983,0.01249836,-0.00525961,-0.00163983,-6656.9809,4059548.3812,OK,0.0000,266.2792,4.0000,96.0000,AG03-UNRESOLVED,ALL5_LEVELS_bet23_to_bet27,266.2792,266.2792,266.2792,0.0000,0.0000,4.000000,4.000000,4.000000,0.000000,0.000000,96.000000,96.000000,96.000000,100.000000,100.000000,5.0,798.8377,767.3102,5858.1432,5889.6706,PENDING_AG03,FALSE,NOT_FOR_ENFORCEMENT,6390.7016,3533200.0204,6656.9809,6390.7016,266.2792,0.00163983,0.00157424,266.2792,6390.7016,0.00157424,266.2792,266.2792,266.2792,0.0000,0.0000,6390.7016,0.00157424,798.8377,767.3102,5858.1432,5889.6706,0.00144305,0.00145082,0.00006559,418.2083,379.7376,0.6869,61.6387,1.8384,37588.4109,89.7407,538.3845,395.5999,218.4789,430.6076,432.5446,432.5446,1046.441,1081.3617,427.0584,0.0,2.43015,2.511246,0.971205,30,216,96,2,0.20383968,0.00163983,-0.01249836,0E-8,0.000000,0.906607,0.000000,0.01775797,2026-03-22,2026-08-06,108,3621,2443,138,0.782609,1.360932,1.287360,0.679466,,,,,,,,GLOBAL_BASELINE_NO_ENTITY_RANKING,,,NOT_APPLICABLE_GLOBAL_BASELINE,HF9g-P5,,,,X 全窗基线 · 不参与实体赏罚,14198906,1420,A168_HF9F_20260827_0900,2026-08-27 09:00:00
2026-05-26,57024343,2170,0,1730.1786409448,821.8348544488,821.8348544488,0.7500000,4,4,0.50329940000000000,0.503299400000,0.9868238854431842,0.9868238854431842,0.9868238854431842,0E-17,ELIGIBLE,R03b_20260811_FULL_v1,L1_ELIGIBILITY,v2026-08-11,2026-03-21..2026-08-06,baccarat_bet02_101_all_pairs_incl_sentinel,round_win = game_pnl > 0 (decisive only),COMPATIBILITY_ONLY_NOT_PRODUCTION,4059548.3812,3680416.6879,6656.9809,9707,9692,-0.00163983,0.01249836,-0.00525961,-0.00163983,-6656.9809,4059548.3812,OK,0.0000,266.2792,4.0000,96.0000,AG03-UNRESOLVED,ALL5_LEVELS_bet23_to_bet27,266.2792,266.2792,266.2792,0.0000,0.0000,4.000000,4.000000,4.000000,0.000000,0.000000,96.000000,96.000000,96.000000,100.000000,100.000000,5.0,798.8377,767.3102,5858.1432,5889.6706,PENDING_AG03,FALSE,NOT_FOR_ENFORCEMENT,6390.7016,3533200.0204,6656.9809,6390.7016,266.2792,0.00163983,0.00157424,266.2792,6390.7016,0.00157424,266.2792,266.2792,266.2792,0.0000,0.0000,6390.7016,0.00157424,798.8377,767.3102,5858.1432,5889.6706,0.00144305,0.00145082,0.00006559,418.2083,379.7376,0.6869,61.6387,1.8384,37588.4109,89.7407,538.3845,395.5999,218.4789,430.6076,432.5446,432.5446,1046.441,1081.3617,427.0584,0.0,2.43015,2.511246,0.971205,30,216,96,2,0.20383968,0.00163983,-0.01249836,0E-8,0.000000,0.906607,0.000000,0.01775797,2026-03-22,2026-08-06,108,3621,2443,138,0.782609,1.360932,1.287360,0.679466,,,,,,,,GLOBAL_BASELINE_NO_ENTITY_RANKING,,,NOT_APPLICABLE_GLOBAL_BASELINE,HF9g-P5,,,,X 全窗基线 · 不参与实体赏罚,14198907,1420,A168_HF9F_20260827_0900,2026-08-27 09:00:00
2026-05-26,57024343,2175,0,432.5446602362,410.9174272244,410.9174272244,1.0000000,1,1,0.50665070000000000,0.506650700000,0.9867858985152569,0.9867858985152569,0.9867858985152569,0E-17,ELIGIBLE,R03b_20260811_FULL_v1,L1_ELIGIBILITY,v2026-08-11,2026-03-21..2026-08-06,baccarat_bet02_101_all_pairs_incl_sentinel,round_win = game_pnl > 0 (decisive only),COMPATIBILITY_ONLY_NOT_PRODUCTION,4059548.3812,3680416.6879,6656.9809,9707,9692,-0.00163983,0.01249836,-0.00525961,-0.00163983,-6656.9809,4059548.3812,OK,0.0000,266.2792,4.0000,96.0000,AG03-UNRESOLVED,ALL5_LEVELS_bet23_to_bet27,266.2792,266.2792,266.2792,0.0000,0.0000,4.000000,4.000000,4.000000,0.000000,0.000000,96.000000,96.000000,96.000000,100.000000,100.000000,5.0,798.8377,767.3102,5858.1432,5889.6706,PENDING_AG03,FALSE,NOT_FOR_ENFORCEMENT,6390.7016,3533200.0204,6656.9809,6390.7016,266.2792,0.00163983,0.00157424,266.2792,6390.7016,0.00157424,266.2792,266.2792,266.2792,0.0000,0.0000,6390.7016,0.00157424,798.8377,767.3102,5858.1432,5889.6706,0.00144305,0.00145082,0.00006559,418.2083,379.7376,0.6869,61.6387,1.8384,37588.4109,89.7407,538.3845,395.5999,218.4789,430.6076,432.5446,432.5446,1046.441,1081.3617,427.0584,0.0,2.43015,2.511246,0.971205,30,216,96,2,0.20383968,0.00163983,-0.01249836,0E-8,0.000000,0.906607,0.000000,0.01775797,2026-03-22,2026-08-06,108,3621,2443,138,0.782609,1.360932,1.287360,0.679466,,,,,,,,GLOBAL_BASELINE_NO_ENTITY_RANKING,,,NOT_APPLICABLE_GLOBAL_BASELINE,HF9g-P5,,,,X 全窗基线 · 不参与实体赏罚,14198908,1420,A168_HF9F_20260827_0900,2026-08-27 09:00:00
2026-05-26,57024343,2177,0,1297.6339807086,-21.6272330118,-21.6272330118,0.5000000,3,3,0.50218230000000000,0.502182300000,-0.00617253530718887,-0.00617253530718887,-0.00617253530718887,0E-17,ELIGIBLE,R03b_20260811_FULL_v1,L1_ELIGIBILITY,v2026-08-11,2026-03-21..2026-08-06,baccarat_bet02_101_all_pairs_incl_sentinel,round_win = game_pnl > 0 (decisive only),COMPATIBILITY_ONLY_NOT_PRODUCTION,4059548.3812,3680416.6879,6656.9809,9707,9692,-0.00163983,0.01249836,-0.00525961,-0.00163983,-6656.9809,4059548.3812,OK,0.0000,266.2792,4.0000,96.0000,AG03-UNRESOLVED,ALL5_LEVELS_bet23_to_bet27,266.2792,266.2792,266.2792,0.0000,0.0000,4.000000,4.000000,4.000000,0.000000,0.000000,96.000000,96.000000,96.000000,100.000000,100.000000,5.0,798.8377,767.3102,5858.1432,5889.6706,PENDING_AG03,FALSE,NOT_FOR_ENFORCEMENT,6390.7016,3533200.0204,6656.9809,6390.7016,266.2792,0.00163983,0.00157424,266.2792,6390.7016,0.00157424,266.2792,266.2792,266.2792,0.0000,0.0000,6390.7016,0.00157424,798.8377,767.3102,5858.1432,5889.6706,0.00144305,0.00145082,0.00006559,418.2083,379.7376,0.6869,61.6387,1.8384,37588.4109,89.7407,538.3845,395.5999,218.4789,430.6076,432.5446,432.5446,1046.441,1081.3617,427.0584,0.0,2.43015,2.511246,0.971205,30,216,96,2,0.20383968,0.00163983,-0.01249836,0E-8,0.000000,0.906607,0.000000,0.01775797,2026-03-22,2026-08-06,108,3621,2443,138,0.782609,1.360932,1.287360,0.679466,,,,,,,,GLOBAL_BASELINE_NO_ENTITY_RANKING,,,NOT_APPLICABLE_GLOBAL_BASELINE,HF9g-P5,,,,X 全窗基线 · 不参与实体赏罚,14198909,1420,A168_HF9F_20260827_0900,2026-08-27 09:00:00
2026-05-26,57024343,2188,0,432.5446602362,-432.5446602362,-432.5446602362,0E-7,1,1,0.49324550000000000,0.493245500000,-0.9865810262130424,-0.9865810262130424,-0.9865810262130424,0E-17,ELIGIBLE,R03b_20260811_FULL_v1,L1_ELIGIBILITY,v2026-08-11,2026-03-21..2026-08-06,baccarat_bet02_101_all_pairs_incl_sentinel,round_win = game_pnl > 0 (decisive only),COMPATIBILITY_ONLY_NOT_PRODUCTION,4059548.3812,3680416.6879,6656.9809,9707,9692,-0.00163983,0.01249836,-0.00525961,-0.00163983,-6656.9809,4059548.3812,OK,0.0000,266.2792,4.0000,96.0000,AG03-UNRESOLVED,ALL5_LEVELS_bet23_to_bet27,266.2792,266.2792,266.2792,0.0000,0.0000,4.000000,4.000000,4.000000,0.000000,0.000000,96.000000,96.000000,96.000000,100.000000,100.000000,5.0,798.8377,767.3102,5858.1432,5889.6706,PENDING_AG03,FALSE,NOT_FOR_ENFORCEMENT,6390.7016,3533200.0204,6656.9809,6390.7016,266.2792,0.00163983,0.00157424,266.2792,6390.7016,0.00157424,266.2792,266.2792,266.2792,0.0000,0.0000,6390.7016,0.00157424,798.8377,767.3102,5858.1432,5889.6706,0.00144305,0.00145082,0.00006559,418.2083,379.7376,0.6869,61.6387,1.8384,37588.4109,89.7407,538.3845,395.5999,218.4789,430.6076,432.5446,432.5446,1046.441,1081.3617,427.0584,0.0,2.43015,2.511246,0.971205,30,216,96,2,0.20383968,0.00163983,-0.01249836,0E-8,0.000000,0.906607,0.000000,0.01775797,2026-03-22,2026-08-06,108,3621,2443,138,0.782609,1.360932,1.287360,0.679466,,,,,,,,GLOBAL_BASELINE_NO_ENTITY_RANKING,,,NOT_APPLICABLE_GLOBAL_BASELINE,HF9g-P5,,,,X 全窗基线 · 不参与实体赏罚,14198910,1420,A168_HF9F_20260827_0900,2026-08-27 09:00:00
2026-05-26,57024343,2196,0,2595.2679614171,789.3940049310,789.3940049310,0.6666667,4,4,0.50329940000000000,0.503299400000,0.5659331339966515,0.5659331339966515,0.5659331339966515,0E-17,ELIGIBLE,R03b_20260811_FULL_v1,L1_ELIGIBILITY,v2026-08-11,2026-03-21..2026-08-06,baccarat_bet02_101_all_pairs_incl_sentinel,round_win = game_pnl > 0 (decisive only),COMPATIBILITY_ONLY_NOT_PRODUCTION,4059548.3812,3680416.6879,6656.9809,9707,9692,-0.00163983,0.01249836,-0.00525961,-0.00163983,-6656.9809,4059548.3812,OK,0.0000,266.2792,4.0000,96.0000,AG03-UNRESOLVED,ALL5_LEVELS_bet23_to_bet27,266.2792,266.2792,266.2792,0.0000,0.0000,4.000000,4.000000,4.000000,0.000000,0.000000,96.000000,96.000000,96.000000,100.000000,100.000000,5.0,798.8377,767.3102,5858.1432,5889.6706,PENDING_AG03,FALSE,NOT_FOR_ENFORCEMENT,6390.7016,3533200.0204,6656.9809,6390.7016,266.2792,0.00163983,0.00157424,266.2792,6390.7016,0.00157424,266.2792,266.2792,266.2792,0.0000,0.0000,6390.7016,0.00157424,798.8377,767.3102,5858.1432,5889.6706,0.00144305,0.00145082,0.00006559,418.2083,379.7376,0.6869,61.6387,1.8384,37588.4109,89.7407,538.3845,395.5999,218.4789,430.6076,432.5446,432.5446,1046.441,1081.3617,427.0584,0.0,2.43015,2.511246,0.971205,30,216,96,2,0.20383968,0.00163983,-0.01249836,0E-8,0.000000,0.906607,0.000000,0.01775797,2026-03-22,2026-08-06,108,3621,2443,138,0.782609,1.360932,1.287360,0.679466,,,,,,,,GLOBAL_BASELINE_NO_ENTITY_RANKING,,,NOT_APPLICABLE_GLOBAL_BASELINE,HF9g-P5,,,,X 全窗基线 · 不参与实体赏罚,14198911,1420,A168_HF9F_20260827_0900,2026-08-27 09:00:00
2026-05-26,57024343,2248,0,865.0893204724,-865.0893204724,-865.0893204724,0E-7,2,2,0.50665070000000000,0.506650700000,-1.4331513700195317,-1.4331513700195317,-1.4331513700195317,0E-17,ELIGIBLE,R03b_20260811_FULL_v1,L1_ELIGIBILITY,v2026-08-11,2026-03-21..2026-08-06,baccarat_bet02_101_all_pairs_incl_sentinel,round_win = game_pnl > 0 (decisive only),COMPATIBILITY_ONLY_NOT_PRODUCTION,4059548.3812,3680416.6879,6656.9809,9707,9692,-0.00163983,0.01249836,-0.00525961,-0.00163983,-6656.9809,4059548.3812,OK,0.0000,266.2792,4.0000,96.0000,AG03-UNRESOLVED,ALL5_LEVELS_bet23_to_bet27,266.2792,266.2792,266.2792,0.0000,0.0000,4.000000,4.000000,4.000000,0.000000,0.000000,96.000000,96.000000,96.000000,100.000000,100.000000,5.0,798.8377,767.3102,5858.1432,5889.6706,PENDING_AG03,FALSE,NOT_FOR_ENFORCEMENT,6390.7016,3533200.0204,6656.9809,6390.7016,266.2792,0.00163983,0.00157424,266.2792,6390.7016,0.00157424,266.2792,266.2792,266.2792,0.0000,0.0000,6390.7016,0.00157424,798.8377,767.3102,5858.1432,5889.6706,0.00144305,0.00145082,0.00006559,418.2083,379.7376,0.6869,61.6387,1.8384,37588.4109,89.7407,538.3845,395.5999,218.4789,430.6076,432.5446,432.5446,1046.441,1081.3617,427.0584,0.0,2.43015,2.511246,0.971205,30,216,96,2,0.20383968,0.00163983,-0.01249836,0E-8,0.000000,0.906607,0.000000,0.01775797,2026-03-22,2026-08-06,108,3621,2443,138,0.782609,1.360932,1.287360,0.679466,,,,,,,,GLOBAL_BASELINE_NO_ENTITY_RANKING,,,NOT_APPLICABLE_GLOBAL_BASELINE,HF9g-P5,,,,X 全窗基线 · 不参与实体赏罚,14198912,1420,A168_HF9F_20260827_0900,2026-08-27 09:00:00
2026-05-26,57024343,2262,0,1513.9063108267,-659.6306068602,-659.6306068602,0.3333333,4,4,0.50329940000000000,0.503299400000,-0.5887925454369916,-0.5887925454369916,-0.5887925454369916,0E-17,ELIGIBLE,R03b_20260811_FULL_v1,L1_ELIGIBILITY,v2026-08-11,2026-03-21..2026-08-06,baccarat_bet02_101_all_pairs_incl_sentinel,round_win = game_pnl > 0 (decisive only),COMPATIBILITY_ONLY_NOT_PRODUCTION,4059548.3812,3680416.6879,6656.9809,9707,9692,-0.00163983,0.01249836,-0.00525961,-0.00163983,-6656.9809,4059548.3812,OK,0.0000,266.2792,4.0000,96.0000,AG03-UNRESOLVED,ALL5_LEVELS_bet23_to_bet27,266.2792,266.2792,266.2792,0.0000,0.0000,4.000000,4.000000,4.000000,0.000000,0.000000,96.000000,96.000000,96.000000,100.000000,100.000000,5.0,798.8377,767.3102,5858.1432,5889.6706,PENDING_AG03,FALSE,NOT_FOR_ENFORCEMENT,6390.7016,3533200.0204,6656.9809,6390.7016,266.2792,0.00163983,0.00157424,266.2792,6390.7016,0.00157424,266.2792,266.2792,266.2792,0.0000,0.0000,6390.7016,0.00157424,798.8377,767.3102,5858.1432,5889.6706,0.00144305,0.00145082,0.00006559,418.2083,379.7376,0.6869,61.6387,1.8384,37588.4109,89.7407,538.3845,395.5999,218.4789,430.6076,432.5446,432.5446,1046.441,1081.3617,427.0584,0.0,2.43015,2.511246,0.971205,30,216,96,2,0.20383968,0.00163983,-0.01249836,0E-8,0.000000,0.906607,0.000000,0.01775797,2026-03-22,2026-08-06,108,3621,2443,138,0.782609,1.360932,1.287360,0.679466,,,,,,,,GLOBAL_BASELINE_NO_ENTITY_RANKING,,,NOT_APPLICABLE_GLOBAL_BASELINE,HF9g-P5,,,,X 全窗基线 · 不参与实体赏罚,14198913,1420,A168_HF9F_20260827_0900,2026-08-27 09:00:00
2026-05-26,57024343,2266,0,432.5446602362,410.9174272244,410.9174272244,1.0000000,1,1,0.50665070000000000,0.506650700000,0.9867858985152569,0.9867858985152569,0.9867858985152569,0E-17,ELIGIBLE,R03b_20260811_FULL_v1,L1_ELIGIBILITY,v2026-08-11,2026-03-21..2026-08-06,baccarat_bet02_101_all_pairs_incl_sentinel,round_win = game_pnl > 0 (decisive only),COMPATIBILITY_ONLY_NOT_PRODUCTION,4059548.3812,3680416.6879,6656.9809,9707,9692,-0.00163983,0.01249836,-0.00525961,-0.00163983,-6656.9809,4059548.3812,OK,0.0000,266.2792,4.0000,96.0000,AG03-UNRESOLVED,ALL5_LEVELS_bet23_to_bet27,266.2792,266.2792,266.2792,0.0000,0.0000,4.000000,4.000000,4.000000,0.000000,0.000000,96.000000,96.000000,96.000000,100.000000,100.000000,5.0,798.8377,767.3102,5858.1432,5889.6706,PENDING_AG03,FALSE,NOT_FOR_ENFORCEMENT,6390.7016,3533200.0204,6656.9809,6390.7016,266.2792,0.00163983,0.00157424,266.2792,6390.7016,0.00157424,266.2792,266.2792,266.2792,0.0000,0.0000,6390.7016,0.00157424,798.8377,767.3102,5858.1432,5889.6706,0.00144305,0.00145082,0.00006559,418.2083,379.7376,0.6869,61.6387,1.8384,37588.4109,89.7407,538.3845,395.5999,218.4789,430.6076,432.5446,432.5446,1046.441,1081.3617,427.0584,0.0,2.43015,2.511246,0.971205,30,216,96,2,0.20383968,0.00163983,-0.01249836,0E-8,0.000000,0.906607,0.000000,0.01775797,2026-03-22,2026-08-06,108,3621,2443,138,0.782609,1.360932,1.287360,0.679466,,,,,,,,GLOBAL_BASELINE_NO_ENTITY_RANKING,,,NOT_APPLICABLE_GLOBAL_BASELINE,HF9g-P5,,,,X 全窗基线 · 不参与实体赏罚,14198914,1420,A168_HF9F_20260827_0900,2026-08-27 09:00:00
2026-05-26,57024343,2267,0,432.5446602362,-432.5446602362,-432.5446602362,0E-7,1,1,0.50665070000000000,0.506650700000,-1.013391052207602,-1.013391052207602,-1.013391052207602,0E-17,ELIGIBLE,R03b_20260811_FULL_v1,L1_ELIGIBILITY,v2026-08-11,2026-03-21..2026-08-06,baccarat_bet02_101_all_pairs_incl_sentinel,round_win = game_pnl > 0 (decisive only),COMPATIBILITY_ONLY_NOT_PRODUCTION,4059548.3812,3680416.6879,6656.9809,9707,9692,-0.00163983,0.01249836,-0.00525961,-0.00163983,-6656.9809,4059548.3812,OK,0.0000,266.2792,4.0000,96.0000,AG03-UNRESOLVED,ALL5_LEVELS_bet23_to_bet27,266.2792,266.2792,266.2792,0.0000,0.0000,4.000000,4.000000,4.000000,0.000000,0.000000,96.000000,96.000000,96.000000,100.000000,100.000000,5.0,798.8377,767.3102,5858.1432,5889.6706,PENDING_AG03,FALSE,NOT_FOR_ENFORCEMENT,6390.7016,3533200.0204,6656.9809,6390.7016,266.2792,0.00163983,0.00157424,266.2792,6390.7016,0.00157424,266.2792,266.2792,266.2792,0.0000,0.0000,6390.7016,0.00157424,798.8377,767.3102,5858.1432,5889.6706,0.00144305,0.00145082,0.00006559,418.2083,379.7376,0.6869,61.6387,1.8384,37588.4109,89.7407,538.3845,395.5999,218.4789,430.6076,432.5446,432.5446,1046.441,1081.3617,427.0584,0.0,2.43015,2.511246,0.971205,30,216,96,2,0.20383968,0.00163983,-0.01249836,0E-8,0.000000,0.906607,0.000000,0.01775797,2026-03-22,2026-08-06,108,3621,2443,138,0.782609,1.360932,1.287360,0.679466,,,,,,,,GLOBAL_BASELINE_NO_ENTITY_RANKING,,,NOT_APPLICABLE_GLOBAL_BASELINE,HF9g-P5,,,,X 全窗基线 · 不参与实体赏罚,14198915,1420,A168_HF9F_20260827_0900,2026-08-27 09:00:00
2026-05-26,57024343,2271,0,1297.6339807086,1232.7522816732,1232.7522816732,1.0000000,3,3,0.50665070000000000,0.506650700000,1.7091633124209307,1.7091633124209307,1.7091633124209307,0E-17,ELIGIBLE,R03b_20260811_FULL_v1,L1_ELIGIBILITY,v2026-08-11,2026-03-21..2026-08-06,baccarat_bet02_101_all_pairs_incl_sentinel,round_win = game_pnl > 0 (decisive only),COMPATIBILITY_ONLY_NOT_PRODUCTION,4059548.3812,3680416.6879,6656.9809,9707,9692,-0.00163983,0.01249836,-0.00525961,-0.00163983,-6656.9809,4059548.3812,OK,0.0000,266.2792,4.0000,96.0000,AG03-UNRESOLVED,ALL5_LEVELS_bet23_to_bet27,266.2792,266.2792,266.2792,0.0000,0.0000,4.000000,4.000000,4.000000,0.000000,0.000000,96.000000,96.000000,96.000000,100.000000,100.000000,5.0,798.8377,767.3102,5858.1432,5889.6706,PENDING_AG03,FALSE,NOT_FOR_ENFORCEMENT,6390.7016,3533200.0204,6656.9809,6390.7016,266.2792,0.00163983,0.00157424,266.2792,6390.7016,0.00157424,266.2792,266.2792,266.2792,0.0000,0.0000,6390.7016,0.00157424,798.8377,767.3102,5858.1432,5889.6706,0.00144305,0.00145082,0.00006559,418.2083,379.7376,0.6869,61.6387,1.8384,37588.4109,89.7407,538.3845,395.5999,218.4789,430.6076,432.5446,432.5446,1046.441,1081.3617,427.0584,0.0,2.43015,2.511246,0.971205,30,216,96,2,0.20383968,0.00163983,-0.01249836,0E-8,0.000000,0.906607,0.000000,0.01775797,2026-03-22,2026-08-06,108,3621,2443,138,0.782609,1.360932,1.287360,0.679466,,,,,,,,GLOBAL_BASELINE_NO_ENTITY_RANKING,,,NOT_APPLICABLE_GLOBAL_BASELINE,HF9g-P5,,,,X 全窗基线 · 不参与实体赏罚,14198916,1420,A168_HF9F_20260827_0900,2026-08-27 09:00:00
2026-05-26,57024343,471,0,432.5446602362,-432.5446602362,-432.5446602362,0E-7,1,1,0.49324550000000000,0.493245500000,-0.9865810262130424,-0.9865810262130424,-0.9865810262130424,0E-17,ELIGIBLE,R03b_20260811_FULL_v1,L1_ELIGIBILITY,v2026-08-11,2026-03-21..2026-08-06,baccarat_bet02_101_all_pairs_incl_sentinel,round_win = game_pnl > 0 (decisive only),COMPATIBILITY_ONLY_NOT_PRODUCTION,4059548.3812,3680416.6879,6656.9809,9707,9692,-0.00163983,0.01249836,-0.00525961,-0.00163983,-6656.9809,4059548.3812,OK,0.0000,266.2792,4.0000,96.0000,AG03-UNRESOLVED,ALL5_LEVELS_bet23_to_bet27,266.2792,266.2792,266.2792,0.0000,0.0000,4.000000,4.000000,4.000000,0.000000,0.000000,96.000000,96.000000,96.000000,100.000000,100.000000,5.0,798.8377,767.3102,5858.1432,5889.6706,PENDING_AG03,FALSE,NOT_FOR_ENFORCEMENT,6390.7016,3533200.0204,6656.9809,6390.7016,266.2792,0.00163983,0.00157424,266.2792,6390.7016,0.00157424,266.2792,266.2792,266.2792,0.0000,0.0000,6390.7016,0.00157424,798.8377,767.3102,5858.1432,5889.6706,0.00144305,0.00145082,0.00006559,418.2083,379.7376,0.6869,61.6387,1.8384,37588.4109,89.7407,538.3845,395.5999,218.4789,430.6076,432.5446,432.5446,1046.441,1081.3617,427.0584,0.0,2.43015,2.511246,0.971205,30,216,96,2,0.20383968,0.00163983,-0.01249836,0E-8,0.000000,0.906607,0.000000,0.01775797,2026-03-22,2026-08-06,108,3621,2443,138,0.782609,1.360932,1.287360,0.679466,,,,,,,,GLOBAL_BASELINE_NO_ENTITY_RANKING,,,NOT_APPLICABLE_GLOBAL_BASELINE,HF9g-P5,,,,X 全窗基线 · 不参与实体赏罚,14198917,1420,A168_HF9F_20260827_0900,2026-08-27 09:00:00
2026-05-26,57024343,550,0,2162.7233011808,-2162.7233011808,-2162.7233011808,0E-7,1,1,0.50665070000000000,0.506650700000,-1.013391052207602,-1.013391052207602,-1.013391052207602,0E-17,ELIGIBLE,R03b_20260811_FULL_v1,L1_ELIGIBILITY,v2026-08-11,2026-03-21..2026-08-06,baccarat_bet02_101_all_pairs_incl_sentinel,round_win = game_pnl > 0 (decisive only),COMPATIBILITY_ONLY_NOT_PRODUCTION,4059548.3812,3680416.6879,6656.9809,9707,9692,-0.00163983,0.01249836,-0.00525961,-0.00163983,-6656.9809,4059548.3812,OK,0.0000,266.2792,4.0000,96.0000,AG03-UNRESOLVED,ALL5_LEVELS_bet23_to_bet27,266.2792,266.2792,266.2792,0.0000,0.0000,4.000000,4.000000,4.000000,0.000000,0.000000,96.000000,96.000000,96.000000,100.000000,100.000000,5.0,798.8377,767.3102,5858.1432,5889.6706,PENDING_AG03,FALSE,NOT_FOR_ENFORCEMENT,6390.7016,3533200.0204,6656.9809,6390.7016,266.2792,0.00163983,0.00157424,266.2792,6390.7016,0.00157424,266.2792,266.2792,266.2792,0.0000,0.0000,6390.7016,0.00157424,798.8377,767.3102,5858.1432,5889.6706,0.00144305,0.00145082,0.00006559,418.2083,379.7376,0.6869,61.6387,1.8384,37588.4109,89.7407,538.3845,395.5999,218.4789,430.6076,432.5446,432.5446,1046.441,1081.3617,427.0584,0.0,2.43015,2.511246,0.971205,30,216,96,2,0.20383968,0.00163983,-0.01249836,0E-8,0.000000,0.906607,0.000000,0.01775797,2026-03-22,2026-08-06,108,3621,2443,138,0.782609,1.360932,1.287360,0.679466,,,,,,,,GLOBAL_BASELINE_NO_ENTITY_RANKING,,,NOT_APPLICABLE_GLOBAL_BASELINE,HF9g-P5,,,,X 全窗基线 · 不参与实体赏罚,14198918,1420,A168_HF9F_20260827_0900,2026-08-27 09:00:00
2026-05-26,57024343,789,0,432.5446602362,410.9174272244,410.9174272244,1.0000000,1,1,0.50665070000000000,0.506650700000,0.9867858985152569,0.9867858985152569,0.9867858985152569,0E-17,ELIGIBLE,R03b_20260811_FULL_v1,L1_ELIGIBILITY,v2026-08-11,2026-03-21..2026-08-06,baccarat_bet02_101_all_pairs_incl_sentinel,round_win = game_pnl > 0 (decisive only),COMPATIBILITY_ONLY_NOT_PRODUCTION,4059548.3812,3680416.6879,6656.9809,9707,9692,-0.00163983,0.01249836,-0.00525961,-0.00163983,-6656.9809,4059548.3812,OK,0.0000,266.2792,4.0000,96.0000,AG03-UNRESOLVED,ALL5_LEVELS_bet23_to_bet27,266.2792,266.2792,266.2792,0.0000,0.0000,4.000000,4.000000,4.000000,0.000000,0.000000,96.000000,96.000000,96.000000,100.000000,100.000000,5.0,798.8377,767.3102,5858.1432,5889.6706,PENDING_AG03,FALSE,NOT_FOR_ENFORCEMENT,6390.7016,3533200.0204,6656.9809,6390.7016,266.2792,0.00163983,0.00157424,266.2792,6390.7016,0.00157424,266.2792,266.2792,266.2792,0.0000,0.0000,6390.7016,0.00157424,798.8377,767.3102,5858.1432,5889.6706,0.00144305,0.00145082,0.00006559,418.2083,379.7376,0.6869,61.6387,1.8384,37588.4109,89.7407,538.3845,395.5999,218.4789,430.6076,432.5446,432.5446,1046.441,1081.3617,427.0584,0.0,2.43015,2.511246,0.971205,30,216,96,2,0.20383968,0.00163983,-0.01249836,0E-8,0.000000,0.906607,0.000000,0.01775797,2026-03-22,2026-08-06,108,3621,2443,138,0.782609,1.360932,1.287360,0.679466,,,,,,,,GLOBAL_BASELINE_NO_ENTITY_RANKING,,,NOT_APPLICABLE_GLOBAL_BASELINE,HF9g-P5,,,,X 全窗基线 · 不参与实体赏罚,14198919,1420,A168_HF9F_20260827_0900,2026-08-27 09:00:00
2026-05-26,57024343,919,0,432.5446602362,410.9174272244,410.9174272244,1.0000000,1,1,0.50665070000000000,0.506650700000,0.9867858985152569,0.9867858985152569,0.9867858985152569,0E-17,ELIGIBLE,R03b_20260811_FULL_v1,L1_ELIGIBILITY,v2026-08-11,2026-03-21..2026-08-06,baccarat_bet02_101_all_pairs_incl_sentinel,round_win = game_pnl > 0 (decisive only),COMPATIBILITY_ONLY_NOT_PRODUCTION,4059548.3812,3680416.6879,6656.9809,9707,9692,-0.00163983,0.01249836,-0.00525961,-0.00163983,-6656.9809,4059548.3812,OK,0.0000,266.2792,4.0000,96.0000,AG03-UNRESOLVED,ALL5_LEVELS_bet23_to_bet27,266.2792,266.2792,266.2792,0.0000,0.0000,4.000000,4.000000,4.000000,0.000000,0.000000,96.000000,96.000000,96.000000,100.000000,100.000000,5.0,798.8377,767.3102,5858.1432,5889.6706,PENDING_AG03,FALSE,NOT_FOR_ENFORCEMENT,6390.7016,3533200.0204,6656.9809,6390.7016,266.2792,0.00163983,0.00157424,266.2792,6390.7016,0.00157424,266.2792,266.2792,266.2792,0.0000,0.0000,6390.7016,0.00157424,798.8377,767.3102,5858.1432,5889.6706,0.00144305,0.00145082,0.00006559,418.2083,379.7376,0.6869,61.6387,1.8384,37588.4109,89.7407,538.3845,395.5999,218.4789,430.6076,432.5446,432.5446,1046.441,1081.3617,427.0584,0.0,2.43015,2.511246,0.971205,30,216,96,2,0.20383968,0.00163983,-0.01249836,0E-8,0.000000,0.906607,0.000000,0.01775797,2026-03-22,2026-08-06,108,3621,2443,138,0.782609,1.360932,1.287360,0.679466,,,,,,,,GLOBAL_BASELINE_NO_ENTITY_RANKING,,,NOT_APPLICABLE_GLOBAL_BASELINE,HF9g-P5,,,,X 全窗基线 · 不参与实体赏罚,14198920,1420,A168_HF9F_20260827_0900,2026-08-27 09:00:00
2026-05-27,57024343,-1,1,17734.3310696842,929.9710195080,929.9710195080,0.5405405,41,41,0.50468896341463415,0.504688963415,0.4361724401130301,0.43617244010858214,0.4361724401130301,-3.6585E-13,SENTINEL_DEALER,R03b_20260811_FULL_v1,L1_ELIGIBILITY,v2026-08-11,2026-03-21..2026-08-06,baccarat_bet02_101_all_pairs_incl_sentinel,round_win = game_pnl > 0 (decisive only),COMPATIBILITY_ONLY_NOT_PRODUCTION,4059548.3812,3680416.6879,6656.9809,9707,9692,-0.00163983,0.01249836,-0.00525961,-0.00163983,-6656.9809,4059548.3812,OK,0.0000,266.2792,4.0000,96.0000,AG03-UNRESOLVED,ALL5_LEVELS_bet23_to_bet27,266.2792,266.2792,266.2792,0.0000,0.0000,4.000000,4.000000,4.000000,0.000000,0.000000,96.000000,96.000000,96.000000,100.000000,100.000000,5.0,798.8377,767.3102,5858.1432,5889.6706,PENDING_AG03,FALSE,NOT_FOR_ENFORCEMENT,6390.7016,3533200.0204,6656.9809,6390.7016,266.2792,0.00163983,0.00157424,266.2792,6390.7016,0.00157424,266.2792,266.2792,266.2792,0.0000,0.0000,6390.7016,0.00157424,798.8377,767.3102,5858.1432,5889.6706,0.00144305,0.00145082,0.00006559,418.2083,379.7376,0.6869,61.6387,1.8384,37588.4109,89.7407,538.3845,395.5999,218.4789,430.6076,432.5446,432.5446,1046.441,1081.3617,427.0584,0.0,2.43015,2.511246,0.971205,30,216,96,2,0.20383968,0.00163983,-0.01249836,0E-8,0.000000,0.906607,0.000000,0.01775797,2026-03-22,2026-08-06,108,3621,2443,138,0.782609,1.360932,1.287360,0.679466,,,,,,,,GLOBAL_BASELINE_NO_ENTITY_RANKING,,,NOT_APPLICABLE_GLOBAL_BASELINE,HF9g-P5,,,,X 全窗基线 · 不参与实体赏罚,14198921,1420,A168_HF9F_20260827_0900,2026-08-27 09:00:00
2026-05-27,57024343,1004,0,1297.6339807086,389.2901942126,389.2901942126,0.6666667,3,3,0.50665070000000000,0.506650700000,0.5543606114942035,0.5543606114942035,0.5543606114942035,0E-17,ELIGIBLE,R03b_20260811_FULL_v1,L1_ELIGIBILITY,v2026-08-11,2026-03-21..2026-08-06,baccarat_bet02_101_all_pairs_incl_sentinel,round_win = game_pnl > 0 (decisive only),COMPATIBILITY_ONLY_NOT_PRODUCTION,4059548.3812,3680416.6879,6656.9809,9707,9692,-0.00163983,0.01249836,-0.00525961,-0.00163983,-6656.9809,4059548.3812,OK,0.0000,266.2792,4.0000,96.0000,AG03-UNRESOLVED,ALL5_LEVELS_bet23_to_bet27,266.2792,266.2792,266.2792,0.0000,0.0000,4.000000,4.000000,4.000000,0.000000,0.000000,96.000000,96.000000,96.000000,100.000000,100.000000,5.0,798.8377,767.3102,5858.1432,5889.6706,PENDING_AG03,FALSE,NOT_FOR_ENFORCEMENT,6390.7016,3533200.0204,6656.9809,6390.7016,266.2792,0.00163983,0.00157424,266.2792,6390.7016,0.00157424,266.2792,266.2792,266.2792,0.0000,0.0000,6390.7016,0.00157424,798.8377,767.3102,5858.1432,5889.6706,0.00144305,0.00145082,0.00006559,418.2083,379.7376,0.6869,61.6387,1.8384,37588.4109,89.7407,538.3845,395.5999,218.4789,430.6076,432.5446,432.5446,1046.441,1081.3617,427.0584,0.0,2.43015,2.511246,0.971205,30,216,96,2,0.20383968,0.00163983,-0.01249836,0E-8,0.000000,0.906607,0.000000,0.01775797,2026-03-22,2026-08-06,108,3621,2443,138,0.782609,1.360932,1.287360,0.679466,,,,,,,,GLOBAL_BASELINE_NO_ENTITY_RANKING,,,NOT_APPLICABLE_GLOBAL_BASELINE,HF9g-P5,,,,X 全窗基线 · 不参与实体赏罚,14198922,1420,A168_HF9F_20260827_0900,2026-08-27 09:00:00
2026-05-27,57024343,1078,0,2595.2679614172,1708.5514079330,1708.5514079330,0.8333333,6,6,0.49771390000000000,0.497713900000,1.6442099050618135,1.6442099050618135,1.6442099050618135,0E-17,ELIGIBLE,R03b_20260811_FULL_v1,L1_ELIGIBILITY,v2026-08-11,2026-03-21..2026-08-06,baccarat_bet02_101_all_pairs_incl_sentinel,round_win = game_pnl > 0 (decisive only),COMPATIBILITY_ONLY_NOT_PRODUCTION,4059548.3812,3680416.6879,6656.9809,9707,9692,-0.00163983,0.01249836,-0.00525961,-0.00163983,-6656.9809,4059548.3812,OK,0.0000,266.2792,4.0000,96.0000,AG03-UNRESOLVED,ALL5_LEVELS_bet23_to_bet27,266.2792,266.2792,266.2792,0.0000,0.0000,4.000000,4.000000,4.000000,0.000000,0.000000,96.000000,96.000000,96.000000,100.000000,100.000000,5.0,798.8377,767.3102,5858.1432,5889.6706,PENDING_AG03,FALSE,NOT_FOR_ENFORCEMENT,6390.7016,3533200.0204,6656.9809,6390.7016,266.2792,0.00163983,0.00157424,266.2792,6390.7016,0.00157424,266.2792,266.2792,266.2792,0.0000,0.0000,6390.7016,0.00157424,798.8377,767.3102,5858.1432,5889.6706,0.00144305,0.00145082,0.00006559,418.2083,379.7376,0.6869,61.6387,1.8384,37588.4109,89.7407,538.3845,395.5999,218.4789,430.6076,432.5446,432.5446,1046.441,1081.3617,427.0584,0.0,2.43015,2.511246,0.971205,30,216,96,2,0.20383968,0.00163983,-0.01249836,0E-8,0.000000,0.906607,0.000000,0.01775797,2026-03-22,2026-08-06,108,3621,2443,138,0.782609,1.360932,1.287360,0.679466,,,,,,,,GLOBAL_BASELINE_NO_ENTITY_RANKING,,,NOT_APPLICABLE_GLOBAL_BASELINE,HF9g-P5,,,,X 全窗基线 · 不参与实体赏罚,14198923,1420,A168_HF9F_20260827_0900,2026-08-27 09:00:00
2026-05-27,57024343,1094,0,865.0893204723,-865.0893204723,-865.0893204723,0E-7,1,1,0.50665070000000000,0.506650700000,-1.013391052207602,-1.013391052207602,-1.013391052207602,0E-17,ELIGIBLE,R03b_20260811_FULL_v1,L1_ELIGIBILITY,v2026-08-11,2026-03-21..2026-08-06,baccarat_bet02_101_all_pairs_incl_sentinel,round_win = game_pnl > 0 (decisive only),COMPATIBILITY_ONLY_NOT_PRODUCTION,4059548.3812,3680416.6879,6656.9809,9707,9692,-0.00163983,0.01249836,-0.00525961,-0.00163983,-6656.9809,4059548.3812,OK,0.0000,266.2792,4.0000,96.0000,AG03-UNRESOLVED,ALL5_LEVELS_bet23_to_bet27,266.2792,266.2792,266.2792,0.0000,0.0000,4.000000,4.000000,4.000000,0.000000,0.000000,96.000000,96.000000,96.000000,100.000000,100.000000,5.0,798.8377,767.3102,5858.1432,5889.6706,PENDING_AG03,FALSE,NOT_FOR_ENFORCEMENT,6390.7016,3533200.0204,6656.9809,6390.7016,266.2792,0.00163983,0.00157424,266.2792,6390.7016,0.00157424,266.2792,266.2792,266.2792,0.0000,0.0000,6390.7016,0.00157424,798.8377,767.3102,5858.1432,5889.6706,0.00144305,0.00145082,0.00006559,418.2083,379.7376,0.6869,61.6387,1.8384,37588.4109,89.7407,538.3845,395.5999,218.4789,430.6076,432.5446,432.5446,1046.441,1081.3617,427.0584,0.0,2.43015,2.511246,0.971205,30,216,96,2,0.20383968,0.00163983,-0.01249836,0E-8,0.000000,0.906607,0.000000,0.01775797,2026-03-22,2026-08-06,108,3621,2443,138,0.782609,1.360932,1.287360,0.679466,,,,,,,,GLOBAL_BASELINE_NO_ENTITY_RANKING,,,NOT_APPLICABLE_GLOBAL_BASELINE,HF9g-P5,,,,X 全窗基线 · 不参与实体赏罚,14198924,1420,A168_HF9F_20260827_0900,2026-08-27 09:00:00
2026-05-27,57024343,1151,0,216.2723301181,-216.2723301181,-216.2723301181,0E-7,1,1,0.50665070000000000,0.506650700000,-1.013391052207602,-1.013391052207602,-1.013391052207602,0E-17,ELIGIBLE,R03b_20260811_FULL_v1,L1_ELIGIBILITY,v2026-08-11,2026-03-21..2026-08-06,baccarat_bet02_101_all_pairs_incl_sentinel,round_win = game_pnl > 0 (decisive only),COMPATIBILITY_ONLY_NOT_PRODUCTION,4059548.3812,3680416.6879,6656.9809,9707,9692,-0.00163983,0.01249836,-0.00525961,-0.00163983,-6656.9809,4059548.3812,OK,0.0000,266.2792,4.0000,96.0000,AG03-UNRESOLVED,ALL5_LEVELS_bet23_to_bet27,266.2792,266.2792,266.2792,0.0000,0.0000,4.000000,4.000000,4.000000,0.000000,0.000000,96.000000,96.000000,96.000000,100.000000,100.000000,5.0,798.8377,767.3102,5858.1432,5889.6706,PENDING_AG03,FALSE,NOT_FOR_ENFORCEMENT,6390.7016,3533200.0204,6656.9809,6390.7016,266.2792,0.00163983,0.00157424,266.2792,6390.7016,0.00157424,266.2792,266.2792,266.2792,0.0000,0.0000,6390.7016,0.00157424,798.8377,767.3102,5858.1432,5889.6706,0.00144305,0.00145082,0.00006559,418.2083,379.7376,0.6869,61.6387,1.8384,37588.4109,89.7407,538.3845,395.5999,218.4789,430.6076,432.5446,432.5446,1046.441,1081.3617,427.0584,0.0,2.43015,2.511246,0.971205,30,216,96,2,0.20383968,0.00163983,-0.01249836,0E-8,0.000000,0.906607,0.000000,0.01775797,2026-03-22,2026-08-06,108,3621,2443,138,0.782609,1.360932,1.287360,0.679466,,,,,,,,GLOBAL_BASELINE_NO_ENTITY_RANKING,,,NOT_APPLICABLE_GLOBAL_BASELINE,HF9g-P5,,,,X 全窗基线 · 不参与实体赏罚,14198925,1420,A168_HF9F_20260827_0900,2026-08-27 09:00:00
2026-05-27,57024343,1157,0,3244.0849517714,1827.5011894979,1827.5011894979,0.8333333,7,7,0.50665070000000000,0.506650700000,1.6005531159783741,1.6005531159783741,1.6005531159783741,0E-17,ELIGIBLE,R03b_20260811_FULL_v1,L1_ELIGIBILITY,v2026-08-11,2026-03-21..2026-08-06,baccarat_bet02_101_all_pairs_incl_sentinel,round_win = game_pnl > 0 (decisive only),COMPATIBILITY_ONLY_NOT_PRODUCTION,4059548.3812,3680416.6879,6656.9809,9707,9692,-0.00163983,0.01249836,-0.00525961,-0.00163983,-6656.9809,4059548.3812,OK,0.0000,266.2792,4.0000,96.0000,AG03-UNRESOLVED,ALL5_LEVELS_bet23_to_bet27,266.2792,266.2792,266.2792,0.0000,0.0000,4.000000,4.000000,4.000000,0.000000,0.000000,96.000000,96.000000,96.000000,100.000000,100.000000,5.0,798.8377,767.3102,5858.1432,5889.6706,PENDING_AG03,FALSE,NOT_FOR_ENFORCEMENT,6390.7016,3533200.0204,6656.9809,6390.7016,266.2792,0.00163983,0.00157424,266.2792,6390.7016,0.00157424,266.2792,266.2792,266.2792,0.0000,0.0000,6390.7016,0.00157424,798.8377,767.3102,5858.1432,5889.6706,0.00144305,0.00145082,0.00006559,418.2083,379.7376,0.6869,61.6387,1.8384,37588.4109,89.7407,538.3845,395.5999,218.4789,430.6076,432.5446,432.5446,1046.441,1081.3617,427.0584,0.0,2.43015,2.511246,0.971205,30,216,96,2,0.20383968,0.00163983,-0.01249836,0E-8,0.000000,0.906607,0.000000,0.01775797,2026-03-22,2026-08-06,108,3621,2443,138,0.782609,1.360932,1.287360,0.679466,,,,,,,,GLOBAL_BASELINE_NO_ENTITY_RANKING,,,NOT_APPLICABLE_GLOBAL_BASELINE,HF9g-P5,,,,X 全窗基线 · 不参与实体赏罚,14198926,1420,A168_HF9F_20260827_0900,2026-08-27 09:00:00
2026-05-27,57024343,1205,0,3460.3572818895,1189.4978156495,1189.4978156495,0.6666667,7,7,0.50665070000000000,0.506650700000,0.7839842952205449,0.7839842952205449,0.7839842952205449,0E-17,ELIGIBLE,R03b_20260811_FULL_v1,L1_ELIGIBILITY,v2026-08-11,2026-03-21..2026-08-06,baccarat_bet02_101_all_pairs_incl_sentinel,round_win = game_pnl > 0 (decisive only),COMPATIBILITY_ONLY_NOT_PRODUCTION,4059548.3812,3680416.6879,6656.9809,9707,9692,-0.00163983,0.01249836,-0.00525961,-0.00163983,-6656.9809,4059548.3812,OK,0.0000,266.2792,4.0000,96.0000,AG03-UNRESOLVED,ALL5_LEVELS_bet23_to_bet27,266.2792,266.2792,266.2792,0.0000,0.0000,4.000000,4.000000,4.000000,0.000000,0.000000,96.000000,96.000000,96.000000,100.000000,100.000000,5.0,798.8377,767.3102,5858.1432,5889.6706,PENDING_AG03,FALSE,NOT_FOR_ENFORCEMENT,6390.7016,3533200.0204,6656.9809,6390.7016,266.2792,0.00163983,0.00157424,266.2792,6390.7016,0.00157424,266.2792,266.2792,266.2792,0.0000,0.0000,6390.7016,0.00157424,798.8377,767.3102,5858.1432,5889.6706,0.00144305,0.00145082,0.00006559,418.2083,379.7376,0.6869,61.6387,1.8384,37588.4109,89.7407,538.3845,395.5999,218.4789,430.6076,432.5446,432.5446,1046.441,1081.3617,427.0584,0.0,2.43015,2.511246,0.971205,30,216,96,2,0.20383968,0.00163983,-0.01249836,0E-8,0.000000,0.906607,0.000000,0.01775797,2026-03-22,2026-08-06,108,3621,2443,138,0.782609,1.360932,1.287360,0.679466,,,,,,,,GLOBAL_BASELINE_NO_ENTITY_RANKING,,,NOT_APPLICABLE_GLOBAL_BASELINE,HF9g-P5,,,,X 全窗基线 · 不参与实体赏罚,14198927,1420,A168_HF9F_20260827_0900,2026-08-27 09:00:00
2026-05-27,57024343,1210,0,2595.2679614170,-1751.8058739564,-1751.8058739564,0.5000000,2,2,0.50665070000000000,0.506650700000,-0.018812684590367487,-0.018812684590367487,-0.018812684590367487,0E-17,ELIGIBLE,R03b_20260811_FULL_v1,L1_ELIGIBILITY,v2026-08-11,2026-03-21..2026-08-06,baccarat_bet02_101_all_pairs_incl_sentinel,round_win = game_pnl > 0 (decisive only),COMPATIBILITY_ONLY_NOT_PRODUCTION,4059548.3812,3680416.6879,6656.9809,9707,9692,-0.00163983,0.01249836,-0.00525961,-0.00163983,-6656.9809,4059548.3812,OK,0.0000,266.2792,4.0000,96.0000,AG03-UNRESOLVED,ALL5_LEVELS_bet23_to_bet27,266.2792,266.2792,266.2792,0.0000,0.0000,4.000000,4.000000,4.000000,0.000000,0.000000,96.000000,96.000000,96.000000,100.000000,100.000000,5.0,798.8377,767.3102,5858.1432,5889.6706,PENDING_AG03,FALSE,NOT_FOR_ENFORCEMENT,6390.7016,3533200.0204,6656.9809,6390.7016,266.2792,0.00163983,0.00157424,266.2792,6390.7016,0.00157424,266.2792,266.2792,266.2792,0.0000,0.0000,6390.7016,0.00157424,798.8377,767.3102,5858.1432,5889.6706,0.00144305,0.00145082,0.00006559,418.2083,379.7376,0.6869,61.6387,1.8384,37588.4109,89.7407,538.3845,395.5999,218.4789,430.6076,432.5446,432.5446,1046.441,1081.3617,427.0584,0.0,2.43015,2.511246,0.971205,30,216,96,2,0.20383968,0.00163983,-0.01249836,0E-8,0.000000,0.906607,0.000000,0.01775797,2026-03-22,2026-08-06,108,3621,2443,138,0.782609,1.360932,1.287360,0.679466,,,,,,,,GLOBAL_BASELINE_NO_ENTITY_RANKING,,,NOT_APPLICABLE_GLOBAL_BASELINE,HF9g-P5,,,,X 全窗基线 · 不参与实体赏罚,14198928,1420,A168_HF9F_20260827_0900,2026-08-27 09:00:00
2026-05-27,57024343,1299,0,865.0893204724,-21.6272330118,-21.6272330118,0.5000000,2,2,0.50665070000000000,0.506650700000,-0.018812684590367487,-0.018812684590367487,-0.018812684590367487,0E-17,ELIGIBLE,R03b_20260811_FULL_v1,L1_ELIGIBILITY,v2026-08-11,2026-03-21..2026-08-06,baccarat_bet02_101_all_pairs_incl_sentinel,round_win = game_pnl > 0 (decisive only),COMPATIBILITY_ONLY_NOT_PRODUCTION,4059548.3812,3680416.6879,6656.9809,9707,9692,-0.00163983,0.01249836,-0.00525961,-0.00163983,-6656.9809,4059548.3812,OK,0.0000,266.2792,4.0000,96.0000,AG03-UNRESOLVED,ALL5_LEVELS_bet23_to_bet27,266.2792,266.2792,266.2792,0.0000,0.0000,4.000000,4.000000,4.000000,0.000000,0.000000,96.000000,96.000000,96.000000,100.000000,100.000000,5.0,798.8377,767.3102,5858.1432,5889.6706,PENDING_AG03,FALSE,NOT_FOR_ENFORCEMENT,6390.7016,3533200.0204,6656.9809,6390.7016,266.2792,0.00163983,0.00157424,266.2792,6390.7016,0.00157424,266.2792,266.2792,266.2792,0.0000,0.0000,6390.7016,0.00157424,798.8377,767.3102,5858.1432,5889.6706,0.00144305,0.00145082,0.00006559,418.2083,379.7376,0.6869,61.6387,1.8384,37588.4109,89.7407,538.3845,395.5999,218.4789,430.6076,432.5446,432.5446,1046.441,1081.3617,427.0584,0.0,2.43015,2.511246,0.971205,30,216,96,2,0.20383968,0.00163983,-0.01249836,0E-8,0.000000,0.906607,0.000000,0.01775797,2026-03-22,2026-08-06,108,3621,2443,138,0.782609,1.360932,1.287360,0.679466,,,,,,,,GLOBAL_BASELINE_NO_ENTITY_RANKING,,,NOT_APPLICABLE_GLOBAL_BASELINE,HF9g-P5,,,,X 全窗基线 · 不参与实体赏罚,14198929,1420,A168_HF9F_20260827_0900,2026-08-27 09:00:00
2026-05-27,57024343,1307,0,2162.7233011810,-432.5446602362,-432.5446602362,0.4000000,5,5,0.50128862000000000,0.501288620000,-0.4529779837142727,-0.4529779837142727,-0.4529779837142727,0E-17,ELIGIBLE,R03b_20260811_FULL_v1,L1_ELIGIBILITY,v2026-08-11,2026-03-21..2026-08-06,baccarat_bet02_101_all_pairs_incl_sentinel,round_win = game_pnl > 0 (decisive only),COMPATIBILITY_ONLY_NOT_PRODUCTION,4059548.3812,3680416.6879,6656.9809,9707,9692,-0.00163983,0.01249836,-0.00525961,-0.00163983,-6656.9809,4059548.3812,OK,0.0000,266.2792,4.0000,96.0000,AG03-UNRESOLVED,ALL5_LEVELS_bet23_to_bet27,266.2792,266.2792,266.2792,0.0000,0.0000,4.000000,4.000000,4.000000,0.000000,0.000000,96.000000,96.000000,96.000000,100.000000,100.000000,5.0,798.8377,767.3102,5858.1432,5889.6706,PENDING_AG03,FALSE,NOT_FOR_ENFORCEMENT,6390.7016,3533200.0204,6656.9809,6390.7016,266.2792,0.00163983,0.00157424,266.2792,6390.7016,0.00157424,266.2792,266.2792,266.2792,0.0000,0.0000,6390.7016,0.00157424,798.8377,767.3102,5858.1432,5889.6706,0.00144305,0.00145082,0.00006559,418.2083,379.7376,0.6869,61.6387,1.8384,37588.4109,89.7407,538.3845,395.5999,218.4789,430.6076,432.5446,432.5446,1046.441,1081.3617,427.0584,0.0,2.43015,2.511246,0.971205,30,216,96,2,0.20383968,0.00163983,-0.01249836,0E-8,0.000000,0.906607,0.000000,0.01775797,2026-03-22,2026-08-06,108,3621,2443,138,0.782609,1.360932,1.287360,0.679466,,,,,,,,GLOBAL_BASELINE_NO_ENTITY_RANKING,,,NOT_APPLICABLE_GLOBAL_BASELINE,HF9g-P5,,,,X 全窗基线 · 不参与实体赏罚,14198930,1420,A168_HF9F_20260827_0900,2026-08-27 09:00:00
2026-05-27,57024343,1318,0,865.0893204724,821.8348544488,821.8348544488,1.0000000,2,2,0.50665070000000000,0.506650700000,1.3955260008387969,1.3955260008387969,1.3955260008387969,0E-17,ELIGIBLE,R03b_20260811_FULL_v1,L1_ELIGIBILITY,v2026-08-11,2026-03-21..2026-08-06,baccarat_bet02_101_all_pairs_incl_sentinel,round_win = game_pnl > 0 (decisive only),COMPATIBILITY_ONLY_NOT_PRODUCTION,4059548.3812,3680416.6879,6656.9809,9707,9692,-0.00163983,0.01249836,-0.00525961,-0.00163983,-6656.9809,4059548.3812,OK,0.0000,266.2792,4.0000,96.0000,AG03-UNRESOLVED,ALL5_LEVELS_bet23_to_bet27,266.2792,266.2792,266.2792,0.0000,0.0000,4.000000,4.000000,4.000000,0.000000,0.000000,96.000000,96.000000,96.000000,100.000000,100.000000,5.0,798.8377,767.3102,5858.1432,5889.6706,PENDING_AG03,FALSE,NOT_FOR_ENFORCEMENT,6390.7016,3533200.0204,6656.9809,6390.7016,266.2792,0.00163983,0.00157424,266.2792,6390.7016,0.00157424,266.2792,266.2792,266.2792,0.0000,0.0000,6390.7016,0.00157424,798.8377,767.3102,5858.1432,5889.6706,0.00144305,0.00145082,0.00006559,418.2083,379.7376,0.6869,61.6387,1.8384,37588.4109,89.7407,538.3845,395.5999,218.4789,430.6076,432.5446,432.5446,1046.441,1081.3617,427.0584,0.0,2.43015,2.511246,0.971205,30,216,96,2,0.20383968,0.00163983,-0.01249836,0E-8,0.000000,0.906607,0.000000,0.01775797,2026-03-22,2026-08-06,108,3621,2443,138,0.782609,1.360932,1.287360,0.679466,,,,,,,,GLOBAL_BASELINE_NO_ENTITY_RANKING,,,NOT_APPLICABLE_GLOBAL_BASELINE,HF9g-P5,,,,X 全窗基线 · 不参与实体赏罚,14198931,1420,A168_HF9F_20260827_0900,2026-08-27 09:00:00
2026-05-27,57024343,1330,0,1513.9063108267,-1092.1752670964,-1092.1752670964,0.2500000,4,4,0.50329940000000000,0.503299400000,-1.013219660140378,-1.013219660140378,-1.013219660140378,0E-17,ELIGIBLE,R03b_20260811_FULL_v1,L1_ELIGIBILITY,v2026-08-11,2026-03-21..2026-08-06,baccarat_bet02_101_all_pairs_incl_sentinel,round_win = game_pnl > 0 (decisive only),COMPATIBILITY_ONLY_NOT_PRODUCTION,4059548.3812,3680416.6879,6656.9809,9707,9692,-0.00163983,0.01249836,-0.00525961,-0.00163983,-6656.9809,4059548.3812,OK,0.0000,266.2792,4.0000,96.0000,AG03-UNRESOLVED,ALL5_LEVELS_bet23_to_bet27,266.2792,266.2792,266.2792,0.0000,0.0000,4.000000,4.000000,4.000000,0.000000,0.000000,96.000000,96.000000,96.000000,100.000000,100.000000,5.0,798.8377,767.3102,5858.1432,5889.6706,PENDING_AG03,FALSE,NOT_FOR_ENFORCEMENT,6390.7016,3533200.0204,6656.9809,6390.7016,266.2792,0.00163983,0.00157424,266.2792,6390.7016,0.00157424,266.2792,266.2792,266.2792,0.0000,0.0000,6390.7016,0.00157424,798.8377,767.3102,5858.1432,5889.6706,0.00144305,0.00145082,0.00006559,418.2083,379.7376,0.6869,61.6387,1.8384,37588.4109,89.7407,538.3845,395.5999,218.4789,430.6076,432.5446,432.5446,1046.441,1081.3617,427.0584,0.0,2.43015,2.511246,0.971205,30,216,96,2,0.20383968,0.00163983,-0.01249836,0E-8,0.000000,0.906607,0.000000,0.01775797,2026-03-22,2026-08-06,108,3621,2443,138,0.782609,1.360932,1.287360,0.679466,,,,,,,,GLOBAL_BASELINE_NO_ENTITY_RANKING,,,NOT_APPLICABLE_GLOBAL_BASELINE,HF9g-P5,,,,X 全窗基线 · 不参与实体赏罚,14198932,1420,A168_HF9F_20260827_0900,2026-08-27 09:00:00
2026-05-27,57024343,1382,0,432.5446602362,432.5446602362,432.5446602362,1.0000000,1,1,0.49324550000000000,0.493245500000,1.01360149184955,1.01360149184955,1.01360149184955,0E-17,ELIGIBLE,R03b_20260811_FULL_v1,L1_ELIGIBILITY,v2026-08-11,2026-03-21..2026-08-06,baccarat_bet02_101_all_pairs_incl_sentinel,round_win = game_pnl > 0 (decisive only),COMPATIBILITY_ONLY_NOT_PRODUCTION,4059548.3812,3680416.6879,6656.9809,9707,9692,-0.00163983,0.01249836,-0.00525961,-0.00163983,-6656.9809,4059548.3812,OK,0.0000,266.2792,4.0000,96.0000,AG03-UNRESOLVED,ALL5_LEVELS_bet23_to_bet27,266.2792,266.2792,266.2792,0.0000,0.0000,4.000000,4.000000,4.000000,0.000000,0.000000,96.000000,96.000000,96.000000,100.000000,100.000000,5.0,798.8377,767.3102,5858.1432,5889.6706,PENDING_AG03,FALSE,NOT_FOR_ENFORCEMENT,6390.7016,3533200.0204,6656.9809,6390.7016,266.2792,0.00163983,0.00157424,266.2792,6390.7016,0.00157424,266.2792,266.2792,266.2792,0.0000,0.0000,6390.7016,0.00157424,798.8377,767.3102,5858.1432,5889.6706,0.00144305,0.00145082,0.00006559,418.2083,379.7376,0.6869,61.6387,1.8384,37588.4109,89.7407,538.3845,395.5999,218.4789,430.6076,432.5446,432.5446,1046.441,1081.3617,427.0584,0.0,2.43015,2.511246,0.971205,30,216,96,2,0.20383968,0.00163983,-0.01249836,0E-8,0.000000,0.906607,0.000000,0.01775797,2026-03-22,2026-08-06,108,3621,2443,138,0.782609,1.360932,1.287360,0.679466,,,,,,,,GLOBAL_BASELINE_NO_ENTITY_RANKING,,,NOT_APPLICABLE_GLOBAL_BASELINE,HF9g-P5,,,,X 全窗基线 · 不参与实体赏罚,14198933,1420,A168_HF9F_20260827_0900,2026-08-27 09:00:00
2026-05-27,57024343,1384,0,3892.9019421258,746.1395389074,746.1395389074,0.6250000,9,8,0.50623178750000000,0.505812875000,0.6719066568378986,0.6742697625783493,0.6719066568378986,0.00041891250000000,ELIGIBLE,R03b_20260811_FULL_v1,L1_ELIGIBILITY,v2026-08-11,2026-03-21..2026-08-06,baccarat_bet02_101_all_pairs_incl_sentinel,round_win = game_pnl > 0 (decisive only),COMPATIBILITY_ONLY_NOT_PRODUCTION,4059548.3812,3680416.6879,6656.9809,9707,9692,-0.00163983,0.01249836,-0.00525961,-0.00163983,-6656.9809,4059548.3812,OK,0.0000,266.2792,4.0000,96.0000,AG03-UNRESOLVED,ALL5_LEVELS_bet23_to_bet27,266.2792,266.2792,266.2792,0.0000,0.0000,4.000000,4.000000,4.000000,0.000000,0.000000,96.000000,96.000000,96.000000,100.000000,100.000000,5.0,798.8377,767.3102,5858.1432,5889.6706,PENDING_AG03,FALSE,NOT_FOR_ENFORCEMENT,6390.7016,3533200.0204,6656.9809,6390.7016,266.2792,0.00163983,0.00157424,266.2792,6390.7016,0.00157424,266.2792,266.2792,266.2792,0.0000,0.0000,6390.7016,0.00157424,798.8377,767.3102,5858.1432,5889.6706,0.00144305,0.00145082,0.00006559,418.2083,379.7376,0.6869,61.6387,1.8384,37588.4109,89.7407,538.3845,395.5999,218.4789,430.6076,432.5446,432.5446,1046.441,1081.3617,427.0584,0.0,2.43015,2.511246,0.971205,30,216,96,2,0.20383968,0.00163983,-0.01249836,0E-8,0.000000,0.906607,0.000000,0.01775797,2026-03-22,2026-08-06,108,3621,2443,138,0.782609,1.360932,1.287360,0.679466,,,,,,,,GLOBAL_BASELINE_NO_ENTITY_RANKING,,,NOT_APPLICABLE_GLOBAL_BASELINE,HF9g-P5,,,,X 全窗基线 · 不参与实体赏罚,14198934,1420,A168_HF9F_20260827_0900,2026-08-27 09:00:00
2026-05-27,57024343,1399,0,432.5446602362,410.9174272244,410.9174272244,1.0000000,1,1,0.50665070000000000,0.506650700000,0.9867858985152569,0.9867858985152569,0.9867858985152569,0E-17,ELIGIBLE,R03b_20260811_FULL_v1,L1_ELIGIBILITY,v2026-08-11,2026-03-21..2026-08-06,baccarat_bet02_101_all_pairs_incl_sentinel,round_win = game_pnl > 0 (decisive only),COMPATIBILITY_ONLY_NOT_PRODUCTION,4059548.3812,3680416.6879,6656.9809,9707,9692,-0.00163983,0.01249836,-0.00525961,-0.00163983,-6656.9809,4059548.3812,OK,0.0000,266.2792,4.0000,96.0000,AG03-UNRESOLVED,ALL5_LEVELS_bet23_to_bet27,266.2792,266.2792,266.2792,0.0000,0.0000,4.000000,4.000000,4.000000,0.000000,0.000000,96.000000,96.000000,96.000000,100.000000,100.000000,5.0,798.8377,767.3102,5858.1432,5889.6706,PENDING_AG03,FALSE,NOT_FOR_ENFORCEMENT,6390.7016,3533200.0204,6656.9809,6390.7016,266.2792,0.00163983,0.00157424,266.2792,6390.7016,0.00157424,266.2792,266.2792,266.2792,0.0000,0.0000,6390.7016,0.00157424,798.8377,767.3102,5858.1432,5889.6706,0.00144305,0.00145082,0.00006559,418.2083,379.7376,0.6869,61.6387,1.8384,37588.4109,89.7407,538.3845,395.5999,218.4789,430.6076,432.5446,432.5446,1046.441,1081.3617,427.0584,0.0,2.43015,2.511246,0.971205,30,216,96,2,0.20383968,0.00163983,-0.01249836,0E-8,0.000000,0.906607,0.000000,0.01775797,2026-03-22,2026-08-06,108,3621,2443,138,0.782609,1.360932,1.287360,0.679466,,,,,,,,GLOBAL_BASELINE_NO_ENTITY_RANKING,,,NOT_APPLICABLE_GLOBAL_BASELINE,HF9g-P5,,,,X 全窗基线 · 不参与实体赏罚,14198935,1420,A168_HF9F_20260827_0900,2026-08-27 09:00:00
2026-05-27,57024343,1400,0,3027.8126216534,-1340.8884467322,-1340.8884467322,0.2857143,7,7,0.50665070000000000,0.506650700000,-1.169189050789051,-1.169189050789051,-1.169189050789051,0E-17,ELIGIBLE,R03b_20260811_FULL_v1,L1_ELIGIBILITY,v2026-08-11,2026-03-21..2026-08-06,baccarat_bet02_101_all_pairs_incl_sentinel,round_win = game_pnl > 0 (decisive only),COMPATIBILITY_ONLY_NOT_PRODUCTION,4059548.3812,3680416.6879,6656.9809,9707,9692,-0.00163983,0.01249836,-0.00525961,-0.00163983,-6656.9809,4059548.3812,OK,0.0000,266.2792,4.0000,96.0000,AG03-UNRESOLVED,ALL5_LEVELS_bet23_to_bet27,266.2792,266.2792,266.2792,0.0000,0.0000,4.000000,4.000000,4.000000,0.000000,0.000000,96.000000,96.000000,96.000000,100.000000,100.000000,5.0,798.8377,767.3102,5858.1432,5889.6706,PENDING_AG03,FALSE,NOT_FOR_ENFORCEMENT,6390.7016,3533200.0204,6656.9809,6390.7016,266.2792,0.00163983,0.00157424,266.2792,6390.7016,0.00157424,266.2792,266.2792,266.2792,0.0000,0.0000,6390.7016,0.00157424,798.8377,767.3102,5858.1432,5889.6706,0.00144305,0.00145082,0.00006559,418.2083,379.7376,0.6869,61.6387,1.8384,37588.4109,89.7407,538.3845,395.5999,218.4789,430.6076,432.5446,432.5446,1046.441,1081.3617,427.0584,0.0,2.43015,2.511246,0.971205,30,216,96,2,0.20383968,0.00163983,-0.01249836,0E-8,0.000000,0.906607,0.000000,0.01775797,2026-03-22,2026-08-06,108,3621,2443,138,0.782609,1.360932,1.287360,0.679466,,,,,,,,GLOBAL_BASELINE_NO_ENTITY_RANKING,,,NOT_APPLICABLE_GLOBAL_BASELINE,HF9g-P5,,,,X 全窗基线 · 不参与实体赏罚,14198936,1420,A168_HF9F_20260827_0900,2026-08-27 09:00:00
2026-05-27,57024343,1401,0,1730.1786409448,800.2076214370,800.2076214370,0.7500000,4,4,0.50665070000000000,0.506650700000,0.9734833216690844,0.9734833216690844,0.9734833216690844,0E-17,ELIGIBLE,R03b_20260811_FULL_v1,L1_ELIGIBILITY,v2026-08-11,2026-03-21..2026-08-06,baccarat_bet02_101_all_pairs_incl_sentinel,round_win = game_pnl > 0 (decisive only),COMPATIBILITY_ONLY_NOT_PRODUCTION,4059548.3812,3680416.6879,6656.9809,9707,9692,-0.00163983,0.01249836,-0.00525961,-0.00163983,-6656.9809,4059548.3812,OK,0.0000,266.2792,4.0000,96.0000,AG03-UNRESOLVED,ALL5_LEVELS_bet23_to_bet27,266.2792,266.2792,266.2792,0.0000,0.0000,4.000000,4.000000,4.000000,0.000000,0.000000,96.000000,96.000000,96.000000,100.000000,100.000000,5.0,798.8377,767.3102,5858.1432,5889.6706,PENDING_AG03,FALSE,NOT_FOR_ENFORCEMENT,6390.7016,3533200.0204,6656.9809,6390.7016,266.2792,0.00163983,0.00157424,266.2792,6390.7016,0.00157424,266.2792,266.2792,266.2792,0.0000,0.0000,6390.7016,0.00157424,798.8377,767.3102,5858.1432,5889.6706,0.00144305,0.00145082,0.00006559,418.2083,379.7376,0.6869,61.6387,1.8384,37588.4109,89.7407,538.3845,395.5999,218.4789,430.6076,432.5446,432.5446,1046.441,1081.3617,427.0584,0.0,2.43015,2.511246,0.971205,30,216,96,2,0.20383968,0.00163983,-0.01249836,0E-8,0.000000,0.906607,0.000000,0.01775797,2026-03-22,2026-08-06,108,3621,2443,138,0.782609,1.360932,1.287360,0.679466,,,,,,,,GLOBAL_BASELINE_NO_ENTITY_RANKING,,,NOT_APPLICABLE_GLOBAL_BASELINE,HF9g-P5,,,,X 全窗基线 · 不参与实体赏罚,14198937,1420,A168_HF9F_20260827_0900,2026-08-27 09:00:00
2026-05-27,57024343,1402,0,865.0893204724,0E-10,0E-10,0.5000000,2,2,0.49994810000000000,0.499948100000,0.00014679536856514622,0.00014679536856514622,0.00014679536856514622,0E-17,ELIGIBLE,R03b_20260811_FULL_v1,L1_ELIGIBILITY,v2026-08-11,2026-03-21..2026-08-06,baccarat_bet02_101_all_pairs_incl_sentinel,round_win = game_pnl > 0 (decisive only),COMPATIBILITY_ONLY_NOT_PRODUCTION,4059548.3812,3680416.6879,6656.9809,9707,9692,-0.00163983,0.01249836,-0.00525961,-0.00163983,-6656.9809,4059548.3812,OK,0.0000,266.2792,4.0000,96.0000,AG03-UNRESOLVED,ALL5_LEVELS_bet23_to_bet27,266.2792,266.2792,266.2792,0.0000,0.0000,4.000000,4.000000,4.000000,0.000000,0.000000,96.000000,96.000000,96.000000,100.000000,100.000000,5.0,798.8377,767.3102,5858.1432,5889.6706,PENDING_AG03,FALSE,NOT_FOR_ENFORCEMENT,6390.7016,3533200.0204,6656.9809,6390.7016,266.2792,0.00163983,0.00157424,266.2792,6390.7016,0.00157424,266.2792,266.2792,266.2792,0.0000,0.0000,6390.7016,0.00157424,798.8377,767.3102,5858.1432,5889.6706,0.00144305,0.00145082,0.00006559,418.2083,379.7376,0.6869,61.6387,1.8384,37588.4109,89.7407,538.3845,395.5999,218.4789,430.6076,432.5446,432.5446,1046.441,1081.3617,427.0584,0.0,2.43015,2.511246,0.971205,30,216,96,2,0.20383968,0.00163983,-0.01249836,0E-8,0.000000,0.906607,0.000000,0.01775797,2026-03-22,2026-08-06,108,3621,2443,138,0.782609,1.360932,1.287360,0.679466,,,,,,,,GLOBAL_BASELINE_NO_ENTITY_RANKING,,,NOT_APPLICABLE_GLOBAL_BASELINE,HF9g-P5,,,,X 全窗基线 · 不参与实体赏罚,14198938,1420,A168_HF9F_20260827_0900,2026-08-27 09:00:00
2026-05-27,57024343,1645,0,1297.6339807086,389.2901942126,389.2901942126,0.6666667,3,3,0.50665070000000000,0.506650700000,0.5543606114942035,0.5543606114942035,0.5543606114942035,0E-17,ELIGIBLE,R03b_20260811_FULL_v1,L1_ELIGIBILITY,v2026-08-11,2026-03-21..2026-08-06,baccarat_bet02_101_all_pairs_incl_sentinel,round_win = game_pnl > 0 (decisive only),COMPATIBILITY_ONLY_NOT_PRODUCTION,4059548.3812,3680416.6879,6656.9809,9707,9692,-0.00163983,0.01249836,-0.00525961,-0.00163983,-6656.9809,4059548.3812,OK,0.0000,266.2792,4.0000,96.0000,AG03-UNRESOLVED,ALL5_LEVELS_bet23_to_bet27,266.2792,266.2792,266.2792,0.0000,0.0000,4.000000,4.000000,4.000000,0.000000,0.000000,96.000000,96.000000,96.000000,100.000000,100.000000,5.0,798.8377,767.3102,5858.1432,5889.6706,PENDING_AG03,FALSE,NOT_FOR_ENFORCEMENT,6390.7016,3533200.0204,6656.9809,6390.7016,266.2792,0.00163983,0.00157424,266.2792,6390.7016,0.00157424,266.2792,266.2792,266.2792,0.0000,0.0000,6390.7016,0.00157424,798.8377,767.3102,5858.1432,5889.6706,0.00144305,0.00145082,0.00006559,418.2083,379.7376,0.6869,61.6387,1.8384,37588.4109,89.7407,538.3845,395.5999,218.4789,430.6076,432.5446,432.5446,1046.441,1081.3617,427.0584,0.0,2.43015,2.511246,0.971205,30,216,96,2,0.20383968,0.00163983,-0.01249836,0E-8,0.000000,0.906607,0.000000,0.01775797,2026-03-22,2026-08-06,108,3621,2443,138,0.782609,1.360932,1.287360,0.679466,,,,,,,,GLOBAL_BASELINE_NO_ENTITY_RANKING,,,NOT_APPLICABLE_GLOBAL_BASELINE,HF9g-P5,,,,X 全窗基线 · 不参与实体赏罚,14198939,1420,A168_HF9F_20260827_0900,2026-08-27 09:00:00
2026-05-27,57024343,1654,0,2595.2679614172,800.2076214370,800.2076214370,0.6666667,6,6,0.50441650000000000,0.504416500000,0.7948912480929629,0.7948912480929629,0.7948912480929629,0E-17,ELIGIBLE,R03b_20260811_FULL_v1,L1_ELIGIBILITY,v2026-08-11,2026-03-21..2026-08-06,baccarat_bet02_101_all_pairs_incl_sentinel,round_win = game_pnl > 0 (decisive only),COMPATIBILITY_ONLY_NOT_PRODUCTION,4059548.3812,3680416.6879,6656.9809,9707,9692,-0.00163983,0.01249836,-0.00525961,-0.00163983,-6656.9809,4059548.3812,OK,0.0000,266.2792,4.0000,96.0000,AG03-UNRESOLVED,ALL5_LEVELS_bet23_to_bet27,266.2792,266.2792,266.2792,0.0000,0.0000,4.000000,4.000000,4.000000,0.000000,0.000000,96.000000,96.000000,96.000000,100.000000,100.000000,5.0,798.8377,767.3102,5858.1432,5889.6706,PENDING_AG03,FALSE,NOT_FOR_ENFORCEMENT,6390.7016,3533200.0204,6656.9809,6390.7016,266.2792,0.00163983,0.00157424,266.2792,6390.7016,0.00157424,266.2792,266.2792,266.2792,0.0000,0.0000,6390.7016,0.00157424,798.8377,767.3102,5858.1432,5889.6706,0.00144305,0.00145082,0.00006559,418.2083,379.7376,0.6869,61.6387,1.8384,37588.4109,89.7407,538.3845,395.5999,218.4789,430.6076,432.5446,432.5446,1046.441,1081.3617,427.0584,0.0,2.43015,2.511246,0.971205,30,216,96,2,0.20383968,0.00163983,-0.01249836,0E-8,0.000000,0.906607,0.000000,0.01775797,2026-03-22,2026-08-06,108,3621,2443,138,0.782609,1.360932,1.287360,0.679466,,,,,,,,GLOBAL_BASELINE_NO_ENTITY_RANKING,,,NOT_APPLICABLE_GLOBAL_BASELINE,HF9g-P5,,,,X 全窗基线 · 不参与实体赏罚,14198940,1420,A168_HF9F_20260827_0900,2026-08-27 09:00:00
2026-05-27,57024343,1935,0,432.5446602362,-432.5446602362,-432.5446602362,0E-7,1,1,0.49324550000000000,0.493245500000,-0.9865810262130424,-0.9865810262130424,-0.9865810262130424,0E-17,ELIGIBLE,R03b_20260811_FULL_v1,L1_ELIGIBILITY,v2026-08-11,2026-03-21..2026-08-06,baccarat_bet02_101_all_pairs_incl_sentinel,round_win = game_pnl > 0 (decisive only),COMPATIBILITY_ONLY_NOT_PRODUCTION,4059548.3812,3680416.6879,6656.9809,9707,9692,-0.00163983,0.01249836,-0.00525961,-0.00163983,-6656.9809,4059548.3812,OK,0.0000,266.2792,4.0000,96.0000,AG03-UNRESOLVED,ALL5_LEVELS_bet23_to_bet27,266.2792,266.2792,266.2792,0.0000,0.0000,4.000000,4.000000,4.000000,0.000000,0.000000,96.000000,96.000000,96.000000,100.000000,100.000000,5.0,798.8377,767.3102,5858.1432,5889.6706,PENDING_AG03,FALSE,NOT_FOR_ENFORCEMENT,6390.7016,3533200.0204,6656.9809,6390.7016,266.2792,0.00163983,0.00157424,266.2792,6390.7016,0.00157424,266.2792,266.2792,266.2792,0.0000,0.0000,6390.7016,0.00157424,798.8377,767.3102,5858.1432,5889.6706,0.00144305,0.00145082,0.00006559,418.2083,379.7376,0.6869,61.6387,1.8384,37588.4109,89.7407,538.3845,395.5999,218.4789,430.6076,432.5446,432.5446,1046.441,1081.3617,427.0584,0.0,2.43015,2.511246,0.971205,30,216,96,2,0.20383968,0.00163983,-0.01249836,0E-8,0.000000,0.906607,0.000000,0.01775797,2026-03-22,2026-08-06,108,3621,2443,138,0.782609,1.360932,1.287360,0.679466,,,,,,,,GLOBAL_BASELINE_NO_ENTITY_RANKING,,,NOT_APPLICABLE_GLOBAL_BASELINE,HF9g-P5,,,,X 全窗基线 · 不参与实体赏罚,14198941,1420,A168_HF9F_20260827_0900,2026-08-27 09:00:00
2026-05-27,57024343,1941,0,865.0893204724,410.9174272244,410.9174272244,1.0000000,2,2,0.50665070000000000,0.506650700000,0.9867858985152569,0.9867858985152569,0.9867858985152569,0E-17,ELIGIBLE,R03b_20260811_FULL_v1,L1_ELIGIBILITY,v2026-08-11,2026-03-21..2026-08-06,baccarat_bet02_101_all_pairs_incl_sentinel,round_win = game_pnl > 0 (decisive only),COMPATIBILITY_ONLY_NOT_PRODUCTION,4059548.3812,3680416.6879,6656.9809,9707,9692,-0.00163983,0.01249836,-0.00525961,-0.00163983,-6656.9809,4059548.3812,OK,0.0000,266.2792,4.0000,96.0000,AG03-UNRESOLVED,ALL5_LEVELS_bet23_to_bet27,266.2792,266.2792,266.2792,0.0000,0.0000,4.000000,4.000000,4.000000,0.000000,0.000000,96.000000,96.000000,96.000000,100.000000,100.000000,5.0,798.8377,767.3102,5858.1432,5889.6706,PENDING_AG03,FALSE,NOT_FOR_ENFORCEMENT,6390.7016,3533200.0204,6656.9809,6390.7016,266.2792,0.00163983,0.00157424,266.2792,6390.7016,0.00157424,266.2792,266.2792,266.2792,0.0000,0.0000,6390.7016,0.00157424,798.8377,767.3102,5858.1432,5889.6706,0.00144305,0.00145082,0.00006559,418.2083,379.7376,0.6869,61.6387,1.8384,37588.4109,89.7407,538.3845,395.5999,218.4789,430.6076,432.5446,432.5446,1046.441,1081.3617,427.0584,0.0,2.43015,2.511246,0.971205,30,216,96,2,0.20383968,0.00163983,-0.01249836,0E-8,0.000000,0.906607,0.000000,0.01775797,2026-03-22,2026-08-06,108,3621,2443,138,0.782609,1.360932,1.287360,0.679466,,,,,,,,GLOBAL_BASELINE_NO_ENTITY_RANKING,,,NOT_APPLICABLE_GLOBAL_BASELINE,HF9g-P5,,,,X 全窗基线 · 不参与实体赏罚,14198942,1420,A168_HF9F_20260827_0900,2026-08-27 09:00:00
2026-05-27,57024343,1951,0,432.5446602362,432.5446602362,432.5446602362,1.0000000,1,1,0.49324550000000000,0.493245500000,1.01360149184955,1.01360149184955,1.01360149184955,0E-17,ELIGIBLE,R03b_20260811_FULL_v1,L1_ELIGIBILITY,v2026-08-11,2026-03-21..2026-08-06,baccarat_bet02_101_all_pairs_incl_sentinel,round_win = game_pnl > 0 (decisive only),COMPATIBILITY_ONLY_NOT_PRODUCTION,4059548.3812,3680416.6879,6656.9809,9707,9692,-0.00163983,0.01249836,-0.00525961,-0.00163983,-6656.9809,4059548.3812,OK,0.0000,266.2792,4.0000,96.0000,AG03-UNRESOLVED,ALL5_LEVELS_bet23_to_bet27,266.2792,266.2792,266.2792,0.0000,0.0000,4.000000,4.000000,4.000000,0.000000,0.000000,96.000000,96.000000,96.000000,100.000000,100.000000,5.0,798.8377,767.3102,5858.1432,5889.6706,PENDING_AG03,FALSE,NOT_FOR_ENFORCEMENT,6390.7016,3533200.0204,6656.9809,6390.7016,266.2792,0.00163983,0.00157424,266.2792,6390.7016,0.00157424,266.2792,266.2792,266.2792,0.0000,0.0000,6390.7016,0.00157424,798.8377,767.3102,5858.1432,5889.6706,0.00144305,0.00145082,0.00006559,418.2083,379.7376,0.6869,61.6387,1.8384,37588.4109,89.7407,538.3845,395.5999,218.4789,430.6076,432.5446,432.5446,1046.441,1081.3617,427.0584,0.0,2.43015,2.511246,0.971205,30,216,96,2,0.20383968,0.00163983,-0.01249836,0E-8,0.000000,0.906607,0.000000,0.01775797,2026-03-22,2026-08-06,108,3621,2443,138,0.782609,1.360932,1.287360,0.679466,,,,,,,,GLOBAL_BASELINE_NO_ENTITY_RANKING,,,NOT_APPLICABLE_GLOBAL_BASELINE,HF9g-P5,,,,X 全窗基线 · 不参与实体赏罚,14198943,1420,A168_HF9F_20260827_0900,2026-08-27 09:00:00
2026-05-27,57024343,1957,0,1297.6339807086,-432.5446602362,-432.5446602362,0.3333333,3,3,0.50218230000000000,0.502182300000,-0.5849155494134425,-0.5849155494134426,-0.5849155494134425,0E-17,ELIGIBLE,R03b_20260811_FULL_v1,L1_ELIGIBILITY,v2026-08-11,2026-03-21..2026-08-06,baccarat_bet02_101_all_pairs_incl_sentinel,round_win = game_pnl > 0 (decisive only),COMPATIBILITY_ONLY_NOT_PRODUCTION,4059548.3812,3680416.6879,6656.9809,9707,9692,-0.00163983,0.01249836,-0.00525961,-0.00163983,-6656.9809,4059548.3812,OK,0.0000,266.2792,4.0000,96.0000,AG03-UNRESOLVED,ALL5_LEVELS_bet23_to_bet27,266.2792,266.2792,266.2792,0.0000,0.0000,4.000000,4.000000,4.000000,0.000000,0.000000,96.000000,96.000000,96.000000,100.000000,100.000000,5.0,798.8377,767.3102,5858.1432,5889.6706,PENDING_AG03,FALSE,NOT_FOR_ENFORCEMENT,6390.7016,3533200.0204,6656.9809,6390.7016,266.2792,0.00163983,0.00157424,266.2792,6390.7016,0.00157424,266.2792,266.2792,266.2792,0.0000,0.0000,6390.7016,0.00157424,798.8377,767.3102,5858.1432,5889.6706,0.00144305,0.00145082,0.00006559,418.2083,379.7376,0.6869,61.6387,1.8384,37588.4109,89.7407,538.3845,395.5999,218.4789,430.6076,432.5446,432.5446,1046.441,1081.3617,427.0584,0.0,2.43015,2.511246,0.971205,30,216,96,2,0.20383968,0.00163983,-0.01249836,0E-8,0.000000,0.906607,0.000000,0.01775797,2026-03-22,2026-08-06,108,3621,2443,138,0.782609,1.360932,1.287360,0.679466,,,,,,,,GLOBAL_BASELINE_NO_ENTITY_RANKING,,,NOT_APPLICABLE_GLOBAL_BASELINE,HF9g-P5,,,,X 全窗基线 · 不参与实体赏罚,14198944,1420,A168_HF9F_20260827_0900,2026-08-27 09:00:00
2026-05-27,57024343,1966,0,1513.9063108267,-865.0893204724,-865.0893204724,0E-7,4,3,0.50516123333333333,0.504416500000,-1.4288878631297204,-1.4267609711483002,-1.4288878631297204,0.00074473333333333,ELIGIBLE,R03b_20260811_FULL_v1,L1_ELIGIBILITY,v2026-08-11,2026-03-21..2026-08-06,baccarat_bet02_101_all_pairs_incl_sentinel,round_win = game_pnl > 0 (decisive only),COMPATIBILITY_ONLY_NOT_PRODUCTION,4059548.3812,3680416.6879,6656.9809,9707,9692,-0.00163983,0.01249836,-0.00525961,-0.00163983,-6656.9809,4059548.3812,OK,0.0000,266.2792,4.0000,96.0000,AG03-UNRESOLVED,ALL5_LEVELS_bet23_to_bet27,266.2792,266.2792,266.2792,0.0000,0.0000,4.000000,4.000000,4.000000,0.000000,0.000000,96.000000,96.000000,96.000000,100.000000,100.000000,5.0,798.8377,767.3102,5858.1432,5889.6706,PENDING_AG03,FALSE,NOT_FOR_ENFORCEMENT,6390.7016,3533200.0204,6656.9809,6390.7016,266.2792,0.00163983,0.00157424,266.2792,6390.7016,0.00157424,266.2792,266.2792,266.2792,0.0000,0.0000,6390.7016,0.00157424,798.8377,767.3102,5858.1432,5889.6706,0.00144305,0.00145082,0.00006559,418.2083,379.7376,0.6869,61.6387,1.8384,37588.4109,89.7407,538.3845,395.5999,218.4789,430.6076,432.5446,432.5446,1046.441,1081.3617,427.0584,0.0,2.43015,2.511246,0.971205,30,216,96,2,0.20383968,0.00163983,-0.01249836,0E-8,0.000000,0.906607,0.000000,0.01775797,2026-03-22,2026-08-06,108,3621,2443,138,0.782609,1.360932,1.287360,0.679466,,,,,,,,GLOBAL_BASELINE_NO_ENTITY_RANKING,,,NOT_APPLICABLE_GLOBAL_BASELINE,HF9g-P5,,,,X 全窗基线 · 不参与实体赏罚,14198945,1420,A168_HF9F_20260827_0900,2026-08-27 09:00:00
2026-05-27,57024343,1994,0,2378.9956312991,-1946.4509710629,-1946.4509710629,0E-7,6,6,0.50665070000000000,0.506650700000,-2.266011280526236,-2.266011280526236,-2.266011280526236,0E-17,ELIGIBLE,R03b_20260811_FULL_v1,L1_ELIGIBILITY,v2026-08-11,2026-03-21..2026-08-06,baccarat_bet02_101_all_pairs_incl_sentinel,round_win = game_pnl > 0 (decisive only),COMPATIBILITY_ONLY_NOT_PRODUCTION,4059548.3812,3680416.6879,6656.9809,9707,9692,-0.00163983,0.01249836,-0.00525961,-0.00163983,-6656.9809,4059548.3812,OK,0.0000,266.2792,4.0000,96.0000,AG03-UNRESOLVED,ALL5_LEVELS_bet23_to_bet27,266.2792,266.2792,266.2792,0.0000,0.0000,4.000000,4.000000,4.000000,0.000000,0.000000,96.000000,96.000000,96.000000,100.000000,100.000000,5.0,798.8377,767.3102,5858.1432,5889.6706,PENDING_AG03,FALSE,NOT_FOR_ENFORCEMENT,6390.7016,3533200.0204,6656.9809,6390.7016,266.2792,0.00163983,0.00157424,266.2792,6390.7016,0.00157424,266.2792,266.2792,266.2792,0.0000,0.0000,6390.7016,0.00157424,798.8377,767.3102,5858.1432,5889.6706,0.00144305,0.00145082,0.00006559,418.2083,379.7376,0.6869,61.6387,1.8384,37588.4109,89.7407,538.3845,395.5999,218.4789,430.6076,432.5446,432.5446,1046.441,1081.3617,427.0584,0.0,2.43015,2.511246,0.971205,30,216,96,2,0.20383968,0.00163983,-0.01249836,0E-8,0.000000,0.906607,0.000000,0.01775797,2026-03-22,2026-08-06,108,3621,2443,138,0.782609,1.360932,1.287360,0.679466,,,,,,,,GLOBAL_BASELINE_NO_ENTITY_RANKING,,,NOT_APPLICABLE_GLOBAL_BASELINE,HF9g-P5,,,,X 全窗基线 · 不参与实体赏罚,14198946,1420,A168_HF9F_20260827_0900,2026-08-27 09:00:00
2026-05-27,57024343,2069,0,432.5446602362,-432.5446602362,-432.5446602362,0E-7,1,1,0.50665070000000000,0.506650700000,-1.013391052207602,-1.013391052207602,-1.013391052207602,0E-17,ELIGIBLE,R03b_20260811_FULL_v1,L1_ELIGIBILITY,v2026-08-11,2026-03-21..2026-08-06,baccarat_bet02_101_all_pairs_incl_sentinel,round_win = game_pnl > 0 (decisive only),COMPATIBILITY_ONLY_NOT_PRODUCTION,4059548.3812,3680416.6879,6656.9809,9707,9692,-0.00163983,0.01249836,-0.00525961,-0.00163983,-6656.9809,4059548.3812,OK,0.0000,266.2792,4.0000,96.0000,AG03-UNRESOLVED,ALL5_LEVELS_bet23_to_bet27,266.2792,266.2792,266.2792,0.0000,0.0000,4.000000,4.000000,4.000000,0.000000,0.000000,96.000000,96.000000,96.000000,100.000000,100.000000,5.0,798.8377,767.3102,5858.1432,5889.6706,PENDING_AG03,FALSE,NOT_FOR_ENFORCEMENT,6390.7016,3533200.0204,6656.9809,6390.7016,266.2792,0.00163983,0.00157424,266.2792,6390.7016,0.00157424,266.2792,266.2792,266.2792,0.0000,0.0000,6390.7016,0.00157424,798.8377,767.3102,5858.1432,5889.6706,0.00144305,0.00145082,0.00006559,418.2083,379.7376,0.6869,61.6387,1.8384,37588.4109,89.7407,538.3845,395.5999,218.4789,430.6076,432.5446,432.5446,1046.441,1081.3617,427.0584,0.0,2.43015,2.511246,0.971205,30,216,96,2,0.20383968,0.00163983,-0.01249836,0E-8,0.000000,0.906607,0.000000,0.01775797,2026-03-22,2026-08-06,108,3621,2443,138,0.782609,1.360932,1.287360,0.679466,,,,,,,,GLOBAL_BASELINE_NO_ENTITY_RANKING,,,NOT_APPLICABLE_GLOBAL_BASELINE,HF9g-P5,,,,X 全窗基线 · 不参与实体赏罚,14198947,1420,A168_HF9F_20260827_0900,2026-08-27 09:00:00
2026-05-27,57024343,2093,0,432.5446602362,410.9174272244,410.9174272244,1.0000000,1,1,0.50665070000000000,0.506650700000,0.9867858985152569,0.9867858985152569,0.9867858985152569,0E-17,ELIGIBLE,R03b_20260811_FULL_v1,L1_ELIGIBILITY,v2026-08-11,2026-03-21..2026-08-06,baccarat_bet02_101_all_pairs_incl_sentinel,round_win = game_pnl > 0 (decisive only),COMPATIBILITY_ONLY_NOT_PRODUCTION,4059548.3812,3680416.6879,6656.9809,9707,9692,-0.00163983,0.01249836,-0.00525961,-0.00163983,-6656.9809,4059548.3812,OK,0.0000,266.2792,4.0000,96.0000,AG03-UNRESOLVED,ALL5_LEVELS_bet23_to_bet27,266.2792,266.2792,266.2792,0.0000,0.0000,4.000000,4.000000,4.000000,0.000000,0.000000,96.000000,96.000000,96.000000,100.000000,100.000000,5.0,798.8377,767.3102,5858.1432,5889.6706,PENDING_AG03,FALSE,NOT_FOR_ENFORCEMENT,6390.7016,3533200.0204,6656.9809,6390.7016,266.2792,0.00163983,0.00157424,266.2792,6390.7016,0.00157424,266.2792,266.2792,266.2792,0.0000,0.0000,6390.7016,0.00157424,798.8377,767.3102,5858.1432,5889.6706,0.00144305,0.00145082,0.00006559,418.2083,379.7376,0.6869,61.6387,1.8384,37588.4109,89.7407,538.3845,395.5999,218.4789,430.6076,432.5446,432.5446,1046.441,1081.3617,427.0584,0.0,2.43015,2.511246,0.971205,30,216,96,2,0.20383968,0.00163983,-0.01249836,0E-8,0.000000,0.906607,0.000000,0.01775797,2026-03-22,2026-08-06,108,3621,2443,138,0.782609,1.360932,1.287360,0.679466,,,,,,,,GLOBAL_BASELINE_NO_ENTITY_RANKING,,,NOT_APPLICABLE_GLOBAL_BASELINE,HF9g-P5,,,,X 全窗基线 · 不参与实体赏罚,14198948,1420,A168_HF9F_20260827_0900,2026-08-27 09:00:00
2026-05-27,57024343,2105,0,1946.4509710629,1005.6663350491,1005.6663350491,0.7500000,4,4,0.50329940000000000,0.503299400000,0.9868238854431842,0.9868238854431842,0.9868238854431842,0E-17,ELIGIBLE,R03b_20260811_FULL_v1,L1_ELIGIBILITY,v2026-08-11,2026-03-21..2026-08-06,baccarat_bet02_101_all_pairs_incl_sentinel,round_win = game_pnl > 0 (decisive only),COMPATIBILITY_ONLY_NOT_PRODUCTION,4059548.3812,3680416.6879,6656.9809,9707,9692,-0.00163983,0.01249836,-0.00525961,-0.00163983,-6656.9809,4059548.3812,OK,0.0000,266.2792,4.0000,96.0000,AG03-UNRESOLVED,ALL5_LEVELS_bet23_to_bet27,266.2792,266.2792,266.2792,0.0000,0.0000,4.000000,4.000000,4.000000,0.000000,0.000000,96.000000,96.000000,96.000000,100.000000,100.000000,5.0,798.8377,767.3102,5858.1432,5889.6706,PENDING_AG03,FALSE,NOT_FOR_ENFORCEMENT,6390.7016,3533200.0204,6656.9809,6390.7016,266.2792,0.00163983,0.00157424,266.2792,6390.7016,0.00157424,266.2792,266.2792,266.2792,0.0000,0.0000,6390.7016,0.00157424,798.8377,767.3102,5858.1432,5889.6706,0.00144305,0.00145082,0.00006559,418.2083,379.7376,0.6869,61.6387,1.8384,37588.4109,89.7407,538.3845,395.5999,218.4789,430.6076,432.5446,432.5446,1046.441,1081.3617,427.0584,0.0,2.43015,2.511246,0.971205,30,216,96,2,0.20383968,0.00163983,-0.01249836,0E-8,0.000000,0.906607,0.000000,0.01775797,2026-03-22,2026-08-06,108,3621,2443,138,0.782609,1.360932,1.287360,0.679466,,,,,,,,GLOBAL_BASELINE_NO_ENTITY_RANKING,,,NOT_APPLICABLE_GLOBAL_BASELINE,HF9g-P5,,,,X 全窗基线 · 不参与实体赏罚,14198949,1420,A168_HF9F_20260827_0900,2026-08-27 09:00:00
2026-05-27,57024343,2108,0,432.5446602362,-432.5446602362,-432.5446602362,0E-7,1,1,0.50665070000000000,0.506650700000,-1.013391052207602,-1.013391052207602,-1.013391052207602,0E-17,ELIGIBLE,R03b_20260811_FULL_v1,L1_ELIGIBILITY,v2026-08-11,2026-03-21..2026-08-06,baccarat_bet02_101_all_pairs_incl_sentinel,round_win = game_pnl > 0 (decisive only),COMPATIBILITY_ONLY_NOT_PRODUCTION,4059548.3812,3680416.6879,6656.9809,9707,9692,-0.00163983,0.01249836,-0.00525961,-0.00163983,-6656.9809,4059548.3812,OK,0.0000,266.2792,4.0000,96.0000,AG03-UNRESOLVED,ALL5_LEVELS_bet23_to_bet27,266.2792,266.2792,266.2792,0.0000,0.0000,4.000000,4.000000,4.000000,0.000000,0.000000,96.000000,96.000000,96.000000,100.000000,100.000000,5.0,798.8377,767.3102,5858.1432,5889.6706,PENDING_AG03,FALSE,NOT_FOR_ENFORCEMENT,6390.7016,3533200.0204,6656.9809,6390.7016,266.2792,0.00163983,0.00157424,266.2792,6390.7016,0.00157424,266.2792,266.2792,266.2792,0.0000,0.0000,6390.7016,0.00157424,798.8377,767.3102,5858.1432,5889.6706,0.00144305,0.00145082,0.00006559,418.2083,379.7376,0.6869,61.6387,1.8384,37588.4109,89.7407,538.3845,395.5999,218.4789,430.6076,432.5446,432.5446,1046.441,1081.3617,427.0584,0.0,2.43015,2.511246,0.971205,30,216,96,2,0.20383968,0.00163983,-0.01249836,0E-8,0.000000,0.906607,0.000000,0.01775797,2026-03-22,2026-08-06,108,3621,2443,138,0.782609,1.360932,1.287360,0.679466,,,,,,,,GLOBAL_BASELINE_NO_ENTITY_RANKING,,,NOT_APPLICABLE_GLOBAL_BASELINE,HF9g-P5,,,,X 全窗基线 · 不参与实体赏罚,14198950,1420,A168_HF9F_20260827_0900,2026-08-27 09:00:00
2026-05-27,57024343,2117,0,432.5446602362,-432.5446602362,-432.5446602362,0E-7,1,1,0.50665070000000000,0.506650700000,-1.013391052207602,-1.013391052207602,-1.013391052207602,0E-17,ELIGIBLE,R03b_20260811_FULL_v1,L1_ELIGIBILITY,v2026-08-11,2026-03-21..2026-08-06,baccarat_bet02_101_all_pairs_incl_sentinel,round_win = game_pnl > 0 (decisive only),COMPATIBILITY_ONLY_NOT_PRODUCTION,4059548.3812,3680416.6879,6656.9809,9707,9692,-0.00163983,0.01249836,-0.00525961,-0.00163983,-6656.9809,4059548.3812,OK,0.0000,266.2792,4.0000,96.0000,AG03-UNRESOLVED,ALL5_LEVELS_bet23_to_bet27,266.2792,266.2792,266.2792,0.0000,0.0000,4.000000,4.000000,4.000000,0.000000,0.000000,96.000000,96.000000,96.000000,100.000000,100.000000,5.0,798.8377,767.3102,5858.1432,5889.6706,PENDING_AG03,FALSE,NOT_FOR_ENFORCEMENT,6390.7016,3533200.0204,6656.9809,6390.7016,266.2792,0.00163983,0.00157424,266.2792,6390.7016,0.00157424,266.2792,266.2792,266.2792,0.0000,0.0000,6390.7016,0.00157424,798.8377,767.3102,5858.1432,5889.6706,0.00144305,0.00145082,0.00006559,418.2083,379.7376,0.6869,61.6387,1.8384,37588.4109,89.7407,538.3845,395.5999,218.4789,430.6076,432.5446,432.5446,1046.441,1081.3617,427.0584,0.0,2.43015,2.511246,0.971205,30,216,96,2,0.20383968,0.00163983,-0.01249836,0E-8,0.000000,0.906607,0.000000,0.01775797,2026-03-22,2026-08-06,108,3621,2443,138,0.782609,1.360932,1.287360,0.679466,,,,,,,,GLOBAL_BASELINE_NO_ENTITY_RANKING,,,NOT_APPLICABLE_GLOBAL_BASELINE,HF9g-P5,,,,X 全窗基线 · 不参与实体赏罚,14198951,1420,A168_HF9F_20260827_0900,2026-08-27 09:00:00
2026-05-27,57024343,2123,0,2595.2679614170,2465.5045633462,2465.5045633462,1.0000000,2,2,0.50665070000000000,0.506650700000,1.3955260008387969,1.3955260008387969,1.3955260008387969,0E-17,ELIGIBLE,R03b_20260811_FULL_v1,L1_ELIGIBILITY,v2026-08-11,2026-03-21..2026-08-06,baccarat_bet02_101_all_pairs_incl_sentinel,round_win = game_pnl > 0 (decisive only),COMPATIBILITY_ONLY_NOT_PRODUCTION,4059548.3812,3680416.6879,6656.9809,9707,9692,-0.00163983,0.01249836,-0.00525961,-0.00163983,-6656.9809,4059548.3812,OK,0.0000,266.2792,4.0000,96.0000,AG03-UNRESOLVED,ALL5_LEVELS_bet23_to_bet27,266.2792,266.2792,266.2792,0.0000,0.0000,4.000000,4.000000,4.000000,0.000000,0.000000,96.000000,96.000000,96.000000,100.000000,100.000000,5.0,798.8377,767.3102,5858.1432,5889.6706,PENDING_AG03,FALSE,NOT_FOR_ENFORCEMENT,6390.7016,3533200.0204,6656.9809,6390.7016,266.2792,0.00163983,0.00157424,266.2792,6390.7016,0.00157424,266.2792,266.2792,266.2792,0.0000,0.0000,6390.7016,0.00157424,798.8377,767.3102,5858.1432,5889.6706,0.00144305,0.00145082,0.00006559,418.2083,379.7376,0.6869,61.6387,1.8384,37588.4109,89.7407,538.3845,395.5999,218.4789,430.6076,432.5446,432.5446,1046.441,1081.3617,427.0584,0.0,2.43015,2.511246,0.971205,30,216,96,2,0.20383968,0.00163983,-0.01249836,0E-8,0.000000,0.906607,0.000000,0.01775797,2026-03-22,2026-08-06,108,3621,2443,138,0.782609,1.360932,1.287360,0.679466,,,,,,,,GLOBAL_BASELINE_NO_ENTITY_RANKING,,,NOT_APPLICABLE_GLOBAL_BASELINE,HF9g-P5,,,,X 全窗基线 · 不参与实体赏罚,14198952,1420,A168_HF9F_20260827_0900,2026-08-27 09:00:00
2026-05-27,57024343,2142,0,3460.3572818895,2443.8773303345,2443.8773303345,0.8571429,7,7,0.50665070000000000,0.506650700000,1.8547942576316225,1.8547942576316225,1.8547942576316225,0E-17,ELIGIBLE,R03b_20260811_FULL_v1,L1_ELIGIBILITY,v2026-08-11,2026-03-21..2026-08-06,baccarat_bet02_101_all_pairs_incl_sentinel,round_win = game_pnl > 0 (decisive only),COMPATIBILITY_ONLY_NOT_PRODUCTION,4059548.3812,3680416.6879,6656.9809,9707,9692,-0.00163983,0.01249836,-0.00525961,-0.00163983,-6656.9809,4059548.3812,OK,0.0000,266.2792,4.0000,96.0000,AG03-UNRESOLVED,ALL5_LEVELS_bet23_to_bet27,266.2792,266.2792,266.2792,0.0000,0.0000,4.000000,4.000000,4.000000,0.000000,0.000000,96.000000,96.000000,96.000000,100.000000,100.000000,5.0,798.8377,767.3102,5858.1432,5889.6706,PENDING_AG03,FALSE,NOT_FOR_ENFORCEMENT,6390.7016,3533200.0204,6656.9809,6390.7016,266.2792,0.00163983,0.00157424,266.2792,6390.7016,0.00157424,266.2792,266.2792,266.2792,0.0000,0.0000,6390.7016,0.00157424,798.8377,767.3102,5858.1432,5889.6706,0.00144305,0.00145082,0.00006559,418.2083,379.7376,0.6869,61.6387,1.8384,37588.4109,89.7407,538.3845,395.5999,218.4789,430.6076,432.5446,432.5446,1046.441,1081.3617,427.0584,0.0,2.43015,2.511246,0.971205,30,216,96,2,0.20383968,0.00163983,-0.01249836,0E-8,0.000000,0.906607,0.000000,0.01775797,2026-03-22,2026-08-06,108,3621,2443,138,0.782609,1.360932,1.287360,0.679466,,,,,,,,GLOBAL_BASELINE_NO_ENTITY_RANKING,,,NOT_APPLICABLE_GLOBAL_BASELINE,HF9g-P5,,,,X 全窗基线 · 不参与实体赏罚,14198953,1420,A168_HF9F_20260827_0900,2026-08-27 09:00:00
2026-05-27,57024343,2145,0,432.5446602362,432.5446602362,432.5446602362,1.0000000,1,1,0.49324550000000000,0.493245500000,1.01360149184955,1.01360149184955,1.01360149184955,0E-17,ELIGIBLE,R03b_20260811_FULL_v1,L1_ELIGIBILITY,v2026-08-11,2026-03-21..2026-08-06,baccarat_bet02_101_all_pairs_incl_sentinel,round_win = game_pnl > 0 (decisive only),COMPATIBILITY_ONLY_NOT_PRODUCTION,4059548.3812,3680416.6879,6656.9809,9707,9692,-0.00163983,0.01249836,-0.00525961,-0.00163983,-6656.9809,4059548.3812,OK,0.0000,266.2792,4.0000,96.0000,AG03-UNRESOLVED,ALL5_LEVELS_bet23_to_bet27,266.2792,266.2792,266.2792,0.0000,0.0000,4.000000,4.000000,4.000000,0.000000,0.000000,96.000000,96.000000,96.000000,100.000000,100.000000,5.0,798.8377,767.3102,5858.1432,5889.6706,PENDING_AG03,FALSE,NOT_FOR_ENFORCEMENT,6390.7016,3533200.0204,6656.9809,6390.7016,266.2792,0.00163983,0.00157424,266.2792,6390.7016,0.00157424,266.2792,266.2792,266.2792,0.0000,0.0000,6390.7016,0.00157424,798.8377,767.3102,5858.1432,5889.6706,0.00144305,0.00145082,0.00006559,418.2083,379.7376,0.6869,61.6387,1.8384,37588.4109,89.7407,538.3845,395.5999,218.4789,430.6076,432.5446,432.5446,1046.441,1081.3617,427.0584,0.0,2.43015,2.511246,0.971205,30,216,96,2,0.20383968,0.00163983,-0.01249836,0E-8,0.000000,0.906607,0.000000,0.01775797,2026-03-22,2026-08-06,108,3621,2443,138,0.782609,1.360932,1.287360,0.679466,,,,,,,,GLOBAL_BASELINE_NO_ENTITY_RANKING,,,NOT_APPLICABLE_GLOBAL_BASELINE,HF9g-P5,,,,X 全窗基线 · 不参与实体赏罚,14198954,1420,A168_HF9F_20260827_0900,2026-08-27 09:00:00
2026-05-27,57024343,2153,0,5406.8082529521,4714.7367965743,4714.7367965743,0.8000000,5,5,0.50665070000000000,0.506650700000,1.3120140225494112,1.3120140225494112,1.3120140225494112,0E-17,ELIGIBLE,R03b_20260811_FULL_v1,L1_ELIGIBILITY,v2026-08-11,2026-03-21..2026-08-06,baccarat_bet02_101_all_pairs_incl_sentinel,round_win = game_pnl > 0 (decisive only),COMPATIBILITY_ONLY_NOT_PRODUCTION,4059548.3812,3680416.6879,6656.9809,9707,9692,-0.00163983,0.01249836,-0.00525961,-0.00163983,-6656.9809,4059548.3812,OK,0.0000,266.2792,4.0000,96.0000,AG03-UNRESOLVED,ALL5_LEVELS_bet23_to_bet27,266.2792,266.2792,266.2792,0.0000,0.0000,4.000000,4.000000,4.000000,0.000000,0.000000,96.000000,96.000000,96.000000,100.000000,100.000000,5.0,798.8377,767.3102,5858.1432,5889.6706,PENDING_AG03,FALSE,NOT_FOR_ENFORCEMENT,6390.7016,3533200.0204,6656.9809,6390.7016,266.2792,0.00163983,0.00157424,266.2792,6390.7016,0.00157424,266.2792,266.2792,266.2792,0.0000,0.0000,6390.7016,0.00157424,798.8377,767.3102,5858.1432,5889.6706,0.00144305,0.00145082,0.00006559,418.2083,379.7376,0.6869,61.6387,1.8384,37588.4109,89.7407,538.3845,395.5999,218.4789,430.6076,432.5446,432.5446,1046.441,1081.3617,427.0584,0.0,2.43015,2.511246,0.971205,30,216,96,2,0.20383968,0.00163983,-0.01249836,0E-8,0.000000,0.906607,0.000000,0.01775797,2026-03-22,2026-08-06,108,3621,2443,138,0.782609,1.360932,1.287360,0.679466,,,,,,,,GLOBAL_BASELINE_NO_ENTITY_RANKING,,,NOT_APPLICABLE_GLOBAL_BASELINE,HF9g-P5,,,,X 全窗基线 · 不参与实体赏罚,14198955,1420,A168_HF9F_20260827_0900,2026-08-27 09:00:00
2026-05-27,57024343,2155,0,432.5446602362,410.9174272244,410.9174272244,1.0000000,1,1,0.50665070000000000,0.506650700000,0.9867858985152569,0.9867858985152569,0.9867858985152569,0E-17,ELIGIBLE,R03b_20260811_FULL_v1,L1_ELIGIBILITY,v2026-08-11,2026-03-21..2026-08-06,baccarat_bet02_101_all_pairs_incl_sentinel,round_win = game_pnl > 0 (decisive only),COMPATIBILITY_ONLY_NOT_PRODUCTION,4059548.3812,3680416.6879,6656.9809,9707,9692,-0.00163983,0.01249836,-0.00525961,-0.00163983,-6656.9809,4059548.3812,OK,0.0000,266.2792,4.0000,96.0000,AG03-UNRESOLVED,ALL5_LEVELS_bet23_to_bet27,266.2792,266.2792,266.2792,0.0000,0.0000,4.000000,4.000000,4.000000,0.000000,0.000000,96.000000,96.000000,96.000000,100.000000,100.000000,5.0,798.8377,767.3102,5858.1432,5889.6706,PENDING_AG03,FALSE,NOT_FOR_ENFORCEMENT,6390.7016,3533200.0204,6656.9809,6390.7016,266.2792,0.00163983,0.00157424,266.2792,6390.7016,0.00157424,266.2792,266.2792,266.2792,0.0000,0.0000,6390.7016,0.00157424,798.8377,767.3102,5858.1432,5889.6706,0.00144305,0.00145082,0.00006559,418.2083,379.7376,0.6869,61.6387,1.8384,37588.4109,89.7407,538.3845,395.5999,218.4789,430.6076,432.5446,432.5446,1046.441,1081.3617,427.0584,0.0,2.43015,2.511246,0.971205,30,216,96,2,0.20383968,0.00163983,-0.01249836,0E-8,0.000000,0.906607,0.000000,0.01775797,2026-03-22,2026-08-06,108,3621,2443,138,0.782609,1.360932,1.287360,0.679466,,,,,,,,GLOBAL_BASELINE_NO_ENTITY_RANKING,,,NOT_APPLICABLE_GLOBAL_BASELINE,HF9g-P5,,,,X 全窗基线 · 不参与实体赏罚,14198956,1420,A168_HF9F_20260827_0900,2026-08-27 09:00:00
2026-05-27,57024343,2156,0,432.5446602362,410.9174272244,410.9174272244,1.0000000,1,1,0.50665070000000000,0.506650700000,0.9867858985152569,0.9867858985152569,0.9867858985152569,0E-17,ELIGIBLE,R03b_20260811_FULL_v1,L1_ELIGIBILITY,v2026-08-11,2026-03-21..2026-08-06,baccarat_bet02_101_all_pairs_incl_sentinel,round_win = game_pnl > 0 (decisive only),COMPATIBILITY_ONLY_NOT_PRODUCTION,4059548.3812,3680416.6879,6656.9809,9707,9692,-0.00163983,0.01249836,-0.00525961,-0.00163983,-6656.9809,4059548.3812,OK,0.0000,266.2792,4.0000,96.0000,AG03-UNRESOLVED,ALL5_LEVELS_bet23_to_bet27,266.2792,266.2792,266.2792,0.0000,0.0000,4.000000,4.000000,4.000000,0.000000,0.000000,96.000000,96.000000,96.000000,100.000000,100.000000,5.0,798.8377,767.3102,5858.1432,5889.6706,PENDING_AG03,FALSE,NOT_FOR_ENFORCEMENT,6390.7016,3533200.0204,6656.9809,6390.7016,266.2792,0.00163983,0.00157424,266.2792,6390.7016,0.00157424,266.2792,266.2792,266.2792,0.0000,0.0000,6390.7016,0.00157424,798.8377,767.3102,5858.1432,5889.6706,0.00144305,0.00145082,0.00006559,418.2083,379.7376,0.6869,61.6387,1.8384,37588.4109,89.7407,538.3845,395.5999,218.4789,430.6076,432.5446,432.5446,1046.441,1081.3617,427.0584,0.0,2.43015,2.511246,0.971205,30,216,96,2,0.20383968,0.00163983,-0.01249836,0E-8,0.000000,0.906607,0.000000,0.01775797,2026-03-22,2026-08-06,108,3621,2443,138,0.782609,1.360932,1.287360,0.679466,,,,,,,,GLOBAL_BASELINE_NO_ENTITY_RANKING,,,NOT_APPLICABLE_GLOBAL_BASELINE,HF9g-P5,,,,X 全窗基线 · 不参与实体赏罚,14198957,1420,A168_HF9F_20260827_0900,2026-08-27 09:00:00
2026-05-27,57024343,2160,0,3027.8126216534,778.5803884252,778.5803884252,0.6666667,7,7,0.50665070000000000,0.506650700000,0.7839842952205449,0.7839842952205449,0.7839842952205449,0E-17,ELIGIBLE,R03b_20260811_FULL_v1,L1_ELIGIBILITY,v2026-08-11,2026-03-21..2026-08-06,baccarat_bet02_101_all_pairs_incl_sentinel,round_win = game_pnl > 0 (decisive only),COMPATIBILITY_ONLY_NOT_PRODUCTION,4059548.3812,3680416.6879,6656.9809,9707,9692,-0.00163983,0.01249836,-0.00525961,-0.00163983,-6656.9809,4059548.3812,OK,0.0000,266.2792,4.0000,96.0000,AG03-UNRESOLVED,ALL5_LEVELS_bet23_to_bet27,266.2792,266.2792,266.2792,0.0000,0.0000,4.000000,4.000000,4.000000,0.000000,0.000000,96.000000,96.000000,96.000000,100.000000,100.000000,5.0,798.8377,767.3102,5858.1432,5889.6706,PENDING_AG03,FALSE,NOT_FOR_ENFORCEMENT,6390.7016,3533200.0204,6656.9809,6390.7016,266.2792,0.00163983,0.00157424,266.2792,6390.7016,0.00157424,266.2792,266.2792,266.2792,0.0000,0.0000,6390.7016,0.00157424,798.8377,767.3102,5858.1432,5889.6706,0.00144305,0.00145082,0.00006559,418.2083,379.7376,0.6869,61.6387,1.8384,37588.4109,89.7407,538.3845,395.5999,218.4789,430.6076,432.5446,432.5446,1046.441,1081.3617,427.0584,0.0,2.43015,2.511246,0.971205,30,216,96,2,0.20383968,0.00163983,-0.01249836,0E-8,0.000000,0.906607,0.000000,0.01775797,2026-03-22,2026-08-06,108,3621,2443,138,0.782609,1.360932,1.287360,0.679466,,,,,,,,GLOBAL_BASELINE_NO_ENTITY_RANKING,,,NOT_APPLICABLE_GLOBAL_BASELINE,HF9g-P5,,,,X 全窗基线 · 不参与实体赏罚,14198958,1420,A168_HF9F_20260827_0900,2026-08-27 09:00:00
2026-05-27,57024343,2201,0,865.0893204724,843.4620874606,843.4620874606,1.0000000,2,2,0.49994810000000000,0.499948100000,1.4143603653603398,1.4143603653603398,1.4143603653603398,0E-17,ELIGIBLE,R03b_20260811_FULL_v1,L1_ELIGIBILITY,v2026-08-11,2026-03-21..2026-08-06,baccarat_bet02_101_all_pairs_incl_sentinel,round_win = game_pnl > 0 (decisive only),COMPATIBILITY_ONLY_NOT_PRODUCTION,4059548.3812,3680416.6879,6656.9809,9707,9692,-0.00163983,0.01249836,-0.00525961,-0.00163983,-6656.9809,4059548.3812,OK,0.0000,266.2792,4.0000,96.0000,AG03-UNRESOLVED,ALL5_LEVELS_bet23_to_bet27,266.2792,266.2792,266.2792,0.0000,0.0000,4.000000,4.000000,4.000000,0.000000,0.000000,96.000000,96.000000,96.000000,100.000000,100.000000,5.0,798.8377,767.3102,5858.1432,5889.6706,PENDING_AG03,FALSE,NOT_FOR_ENFORCEMENT,6390.7016,3533200.0204,6656.9809,6390.7016,266.2792,0.00163983,0.00157424,266.2792,6390.7016,0.00157424,266.2792,266.2792,266.2792,0.0000,0.0000,6390.7016,0.00157424,798.8377,767.3102,5858.1432,5889.6706,0.00144305,0.00145082,0.00006559,418.2083,379.7376,0.6869,61.6387,1.8384,37588.4109,89.7407,538.3845,395.5999,218.4789,430.6076,432.5446,432.5446,1046.441,1081.3617,427.0584,0.0,2.43015,2.511246,0.971205,30,216,96,2,0.20383968,0.00163983,-0.01249836,0E-8,0.000000,0.906607,0.000000,0.01775797,2026-03-22,2026-08-06,108,3621,2443,138,0.782609,1.360932,1.287360,0.679466,,,,,,,,GLOBAL_BASELINE_NO_ENTITY_RANKING,,,NOT_APPLICABLE_GLOBAL_BASELINE,HF9g-P5,,,,X 全窗基线 · 不参与实体赏罚,14198959,1420,A168_HF9F_20260827_0900,2026-08-27 09:00:00
2026-05-27,57024343,2212,0,432.5446602362,0E-10,0E-10,,1,1,0.49324550000000000,0.493245500000,,,,0E-17,NO_DECISIVE_ROUND,R03b_20260811_FULL_v1,L1_ELIGIBILITY,v2026-08-11,2026-03-21..2026-08-06,baccarat_bet02_101_all_pairs_incl_sentinel,round_win = game_pnl > 0 (decisive only),COMPATIBILITY_ONLY_NOT_PRODUCTION,4059548.3812,3680416.6879,6656.9809,9707,9692,-0.00163983,0.01249836,-0.00525961,-0.00163983,-6656.9809,4059548.3812,OK,0.0000,266.2792,4.0000,96.0000,AG03-UNRESOLVED,ALL5_LEVELS_bet23_to_bet27,266.2792,266.2792,266.2792,0.0000,0.0000,4.000000,4.000000,4.000000,0.000000,0.000000,96.000000,96.000000,96.000000,100.000000,100.000000,5.0,798.8377,767.3102,5858.1432,5889.6706,PENDING_AG03,FALSE,NOT_FOR_ENFORCEMENT,6390.7016,3533200.0204,6656.9809,6390.7016,266.2792,0.00163983,0.00157424,266.2792,6390.7016,0.00157424,266.2792,266.2792,266.2792,0.0000,0.0000,6390.7016,0.00157424,798.8377,767.3102,5858.1432,5889.6706,0.00144305,0.00145082,0.00006559,418.2083,379.7376,0.6869,61.6387,1.8384,37588.4109,89.7407,538.3845,395.5999,218.4789,430.6076,432.5446,432.5446,1046.441,1081.3617,427.0584,0.0,2.43015,2.511246,0.971205,30,216,96,2,0.20383968,0.00163983,-0.01249836,0E-8,0.000000,0.906607,0.000000,0.01775797,2026-03-22,2026-08-06,108,3621,2443,138,0.782609,1.360932,1.287360,0.679466,,,,,,,,GLOBAL_BASELINE_NO_ENTITY_RANKING,,,NOT_APPLICABLE_GLOBAL_BASELINE,HF9g-P5,,,,X 全窗基线 · 不参与实体赏罚,14198960,1420,A168_HF9F_20260827_0900,2026-08-27 09:00:00
2026-05-27,57024343,2216,0,432.5446602362,-432.5446602362,-432.5446602362,0E-7,1,1,0.50665070000000000,0.506650700000,-1.013391052207602,-1.013391052207602,-1.013391052207602,0E-17,ELIGIBLE,R03b_20260811_FULL_v1,L1_ELIGIBILITY,v2026-08-11,2026-03-21..2026-08-06,baccarat_bet02_101_all_pairs_incl_sentinel,round_win = game_pnl > 0 (decisive only),COMPATIBILITY_ONLY_NOT_PRODUCTION,4059548.3812,3680416.6879,6656.9809,9707,9692,-0.00163983,0.01249836,-0.00525961,-0.00163983,-6656.9809,4059548.3812,OK,0.0000,266.2792,4.0000,96.0000,AG03-UNRESOLVED,ALL5_LEVELS_bet23_to_bet27,266.2792,266.2792,266.2792,0.0000,0.0000,4.000000,4.000000,4.000000,0.000000,0.000000,96.000000,96.000000,96.000000,100.000000,100.000000,5.0,798.8377,767.3102,5858.1432,5889.6706,PENDING_AG03,FALSE,NOT_FOR_ENFORCEMENT,6390.7016,3533200.0204,6656.9809,6390.7016,266.2792,0.00163983,0.00157424,266.2792,6390.7016,0.00157424,266.2792,266.2792,266.2792,0.0000,0.0000,6390.7016,0.00157424,798.8377,767.3102,5858.1432,5889.6706,0.00144305,0.00145082,0.00006559,418.2083,379.7376,0.6869,61.6387,1.8384,37588.4109,89.7407,538.3845,395.5999,218.4789,430.6076,432.5446,432.5446,1046.441,1081.3617,427.0584,0.0,2.43015,2.511246,0.971205,30,216,96,2,0.20383968,0.00163983,-0.01249836,0E-8,0.000000,0.906607,0.000000,0.01775797,2026-03-22,2026-08-06,108,3621,2443,138,0.782609,1.360932,1.287360,0.679466,,,,,,,,GLOBAL_BASELINE_NO_ENTITY_RANKING,,,NOT_APPLICABLE_GLOBAL_BASELINE,HF9g-P5,,,,X 全窗基线 · 不参与实体赏罚,14198961,1420,A168_HF9F_20260827_0900,2026-08-27 09:00:00
2026-05-27,57024343,2220,0,432.5446602362,-432.5446602362,-432.5446602362,0E-7,1,1,0.50665070000000000,0.506650700000,-1.013391052207602,-1.013391052207602,-1.013391052207602,0E-17,ELIGIBLE,R03b_20260811_FULL_v1,L1_ELIGIBILITY,v2026-08-11,2026-03-21..2026-08-06,baccarat_bet02_101_all_pairs_incl_sentinel,round_win = game_pnl > 0 (decisive only),COMPATIBILITY_ONLY_NOT_PRODUCTION,4059548.3812,3680416.6879,6656.9809,9707,9692,-0.00163983,0.01249836,-0.00525961,-0.00163983,-6656.9809,4059548.3812,OK,0.0000,266.2792,4.0000,96.0000,AG03-UNRESOLVED,ALL5_LEVELS_bet23_to_bet27,266.2792,266.2792,266.2792,0.0000,0.0000,4.000000,4.000000,4.000000,0.000000,0.000000,96.000000,96.000000,96.000000,100.000000,100.000000,5.0,798.8377,767.3102,5858.1432,5889.6706,PENDING_AG03,FALSE,NOT_FOR_ENFORCEMENT,6390.7016,3533200.0204,6656.9809,6390.7016,266.2792,0.00163983,0.00157424,266.2792,6390.7016,0.00157424,266.2792,266.2792,266.2792,0.0000,0.0000,6390.7016,0.00157424,798.8377,767.3102,5858.1432,5889.6706,0.00144305,0.00145082,0.00006559,418.2083,379.7376,0.6869,61.6387,1.8384,37588.4109,89.7407,538.3845,395.5999,218.4789,430.6076,432.5446,432.5446,1046.441,1081.3617,427.0584,0.0,2.43015,2.511246,0.971205,30,216,96,2,0.20383968,0.00163983,-0.01249836,0E-8,0.000000,0.906607,0.000000,0.01775797,2026-03-22,2026-08-06,108,3621,2443,138,0.782609,1.360932,1.287360,0.679466,,,,,,,,GLOBAL_BASELINE_NO_ENTITY_RANKING,,,NOT_APPLICABLE_GLOBAL_BASELINE,HF9g-P5,,,,X 全窗基线 · 不参与实体赏罚,14198962,1420,A168_HF9F_20260827_0900,2026-08-27 09:00:00
2026-05-27,57024343,2222,0,432.5446602362,410.9174272244,410.9174272244,1.0000000,1,1,0.50665070000000000,0.506650700000,0.9867858985152569,0.9867858985152569,0.9867858985152569,0E-17,ELIGIBLE,R03b_20260811_FULL_v1,L1_ELIGIBILITY,v2026-08-11,2026-03-21..2026-08-06,baccarat_bet02_101_all_pairs_incl_sentinel,round_win = game_pnl > 0 (decisive only),COMPATIBILITY_ONLY_NOT_PRODUCTION,4059548.3812,3680416.6879,6656.9809,9707,9692,-0.00163983,0.01249836,-0.00525961,-0.00163983,-6656.9809,4059548.3812,OK,0.0000,266.2792,4.0000,96.0000,AG03-UNRESOLVED,ALL5_LEVELS_bet23_to_bet27,266.2792,266.2792,266.2792,0.0000,0.0000,4.000000,4.000000,4.000000,0.000000,0.000000,96.000000,96.000000,96.000000,100.000000,100.000000,5.0,798.8377,767.3102,5858.1432,5889.6706,PENDING_AG03,FALSE,NOT_FOR_ENFORCEMENT,6390.7016,3533200.0204,6656.9809,6390.7016,266.2792,0.00163983,0.00157424,266.2792,6390.7016,0.00157424,266.2792,266.2792,266.2792,0.0000,0.0000,6390.7016,0.00157424,798.8377,767.3102,5858.1432,5889.6706,0.00144305,0.00145082,0.00006559,418.2083,379.7376,0.6869,61.6387,1.8384,37588.4109,89.7407,538.3845,395.5999,218.4789,430.6076,432.5446,432.5446,1046.441,1081.3617,427.0584,0.0,2.43015,2.511246,0.971205,30,216,96,2,0.20383968,0.00163983,-0.01249836,0E-8,0.000000,0.906607,0.000000,0.01775797,2026-03-22,2026-08-06,108,3621,2443,138,0.782609,1.360932,1.287360,0.679466,,,,,,,,GLOBAL_BASELINE_NO_ENTITY_RANKING,,,NOT_APPLICABLE_GLOBAL_BASELINE,HF9g-P5,,,,X 全窗基线 · 不参与实体赏罚,14198963,1420,A168_HF9F_20260827_0900,2026-08-27 09:00:00
2026-05-27,57024343,2224,0,1730.1786409448,-43.2544660236,-43.2544660236,0.5000000,4,4,0.50665070000000000,0.506650700000,-0.02660515369234503,-0.02660515369234503,-0.02660515369234503,0E-17,ELIGIBLE,R03b_20260811_FULL_v1,L1_ELIGIBILITY,v2026-08-11,2026-03-21..2026-08-06,baccarat_bet02_101_all_pairs_incl_sentinel,round_win = game_pnl > 0 (decisive only),COMPATIBILITY_ONLY_NOT_PRODUCTION,4059548.3812,3680416.6879,6656.9809,9707,9692,-0.00163983,0.01249836,-0.00525961,-0.00163983,-6656.9809,4059548.3812,OK,0.0000,266.2792,4.0000,96.0000,AG03-UNRESOLVED,ALL5_LEVELS_bet23_to_bet27,266.2792,266.2792,266.2792,0.0000,0.0000,4.000000,4.000000,4.000000,0.000000,0.000000,96.000000,96.000000,96.000000,100.000000,100.000000,5.0,798.8377,767.3102,5858.1432,5889.6706,PENDING_AG03,FALSE,NOT_FOR_ENFORCEMENT,6390.7016,3533200.0204,6656.9809,6390.7016,266.2792,0.00163983,0.00157424,266.2792,6390.7016,0.00157424,266.2792,266.2792,266.2792,0.0000,0.0000,6390.7016,0.00157424,798.8377,767.3102,5858.1432,5889.6706,0.00144305,0.00145082,0.00006559,418.2083,379.7376,0.6869,61.6387,1.8384,37588.4109,89.7407,538.3845,395.5999,218.4789,430.6076,432.5446,432.5446,1046.441,1081.3617,427.0584,0.0,2.43015,2.511246,0.971205,30,216,96,2,0.20383968,0.00163983,-0.01249836,0E-8,0.000000,0.906607,0.000000,0.01775797,2026-03-22,2026-08-06,108,3621,2443,138,0.782609,1.360932,1.287360,0.679466,,,,,,,,GLOBAL_BASELINE_NO_ENTITY_RANKING,,,NOT_APPLICABLE_GLOBAL_BASELINE,HF9g-P5,,,,X 全窗基线 · 不参与实体赏罚,14198964,1420,A168_HF9F_20260827_0900,2026-08-27 09:00:00
2026-05-27,57024343,2242,0,865.0893204724,-865.0893204724,-865.0893204724,0E-7,2,2,0.49994810000000000,0.499948100000,-1.4140667746232096,-1.4140667746232096,-1.4140667746232096,0E-17,ELIGIBLE,R03b_20260811_FULL_v1,L1_ELIGIBILITY,v2026-08-11,2026-03-21..2026-08-06,baccarat_bet02_101_all_pairs_incl_sentinel,round_win = game_pnl > 0 (decisive only),COMPATIBILITY_ONLY_NOT_PRODUCTION,4059548.3812,3680416.6879,6656.9809,9707,9692,-0.00163983,0.01249836,-0.00525961,-0.00163983,-6656.9809,4059548.3812,OK,0.0000,266.2792,4.0000,96.0000,AG03-UNRESOLVED,ALL5_LEVELS_bet23_to_bet27,266.2792,266.2792,266.2792,0.0000,0.0000,4.000000,4.000000,4.000000,0.000000,0.000000,96.000000,96.000000,96.000000,100.000000,100.000000,5.0,798.8377,767.3102,5858.1432,5889.6706,PENDING_AG03,FALSE,NOT_FOR_ENFORCEMENT,6390.7016,3533200.0204,6656.9809,6390.7016,266.2792,0.00163983,0.00157424,266.2792,6390.7016,0.00157424,266.2792,266.2792,266.2792,0.0000,0.0000,6390.7016,0.00157424,798.8377,767.3102,5858.1432,5889.6706,0.00144305,0.00145082,0.00006559,418.2083,379.7376,0.6869,61.6387,1.8384,37588.4109,89.7407,538.3845,395.5999,218.4789,430.6076,432.5446,432.5446,1046.441,1081.3617,427.0584,0.0,2.43015,2.511246,0.971205,30,216,96,2,0.20383968,0.00163983,-0.01249836,0E-8,0.000000,0.906607,0.000000,0.01775797,2026-03-22,2026-08-06,108,3621,2443,138,0.782609,1.360932,1.287360,0.679466,,,,,,,,GLOBAL_BASELINE_NO_ENTITY_RANKING,,,NOT_APPLICABLE_GLOBAL_BASELINE,HF9g-P5,,,,X 全窗基线 · 不参与实体赏罚,14198965,1420,A168_HF9F_20260827_0900,2026-08-27 09:00:00
2026-05-27,57024343,2248,0,865.0893204724,-21.6272330118,-21.6272330118,0.5000000,2,2,0.50665070000000000,0.506650700000,-0.018812684590367487,-0.018812684590367487,-0.018812684590367487,0E-17,ELIGIBLE,R03b_20260811_FULL_v1,L1_ELIGIBILITY,v2026-08-11,2026-03-21..2026-08-06,baccarat_bet02_101_all_pairs_incl_sentinel,round_win = game_pnl > 0 (decisive only),COMPATIBILITY_ONLY_NOT_PRODUCTION,4059548.3812,3680416.6879,6656.9809,9707,9692,-0.00163983,0.01249836,-0.00525961,-0.00163983,-6656.9809,4059548.3812,OK,0.0000,266.2792,4.0000,96.0000,AG03-UNRESOLVED,ALL5_LEVELS_bet23_to_bet27,266.2792,266.2792,266.2792,0.0000,0.0000,4.000000,4.000000,4.000000,0.000000,0.000000,96.000000,96.000000,96.000000,100.000000,100.000000,5.0,798.8377,767.3102,5858.1432,5889.6706,PENDING_AG03,FALSE,NOT_FOR_ENFORCEMENT,6390.7016,3533200.0204,6656.9809,6390.7016,266.2792,0.00163983,0.00157424,266.2792,6390.7016,0.00157424,266.2792,266.2792,266.2792,0.0000,0.0000,6390.7016,0.00157424,798.8377,767.3102,5858.1432,5889.6706,0.00144305,0.00145082,0.00006559,418.2083,379.7376,0.6869,61.6387,1.8384,37588.4109,89.7407,538.3845,395.5999,218.4789,430.6076,432.5446,432.5446,1046.441,1081.3617,427.0584,0.0,2.43015,2.511246,0.971205,30,216,96,2,0.20383968,0.00163983,-0.01249836,0E-8,0.000000,0.906607,0.000000,0.01775797,2026-03-22,2026-08-06,108,3621,2443,138,0.782609,1.360932,1.287360,0.679466,,,,,,,,GLOBAL_BASELINE_NO_ENTITY_RANKING,,,NOT_APPLICABLE_GLOBAL_BASELINE,HF9g-P5,,,,X 全窗基线 · 不参与实体赏罚,14198966,1420,A168_HF9F_20260827_0900,2026-08-27 09:00:00
2026-05-27,57024343,2266,0,1730.1786409448,-865.0893204724,-865.0893204724,0.2500000,4,4,0.49994810000000000,0.499948100000,-0.9997924053861017,-0.9997924053861017,-0.9997924053861017,0E-17,ELIGIBLE,R03b_20260811_FULL_v1,L1_ELIGIBILITY,v2026-08-11,2026-03-21..2026-08-06,baccarat_bet02_101_all_pairs_incl_sentinel,round_win = game_pnl > 0 (decisive only),COMPATIBILITY_ONLY_NOT_PRODUCTION,4059548.3812,3680416.6879,6656.9809,9707,9692,-0.00163983,0.01249836,-0.00525961,-0.00163983,-6656.9809,4059548.3812,OK,0.0000,266.2792,4.0000,96.0000,AG03-UNRESOLVED,ALL5_LEVELS_bet23_to_bet27,266.2792,266.2792,266.2792,0.0000,0.0000,4.000000,4.000000,4.000000,0.000000,0.000000,96.000000,96.000000,96.000000,100.000000,100.000000,5.0,798.8377,767.3102,5858.1432,5889.6706,PENDING_AG03,FALSE,NOT_FOR_ENFORCEMENT,6390.7016,3533200.0204,6656.9809,6390.7016,266.2792,0.00163983,0.00157424,266.2792,6390.7016,0.00157424,266.2792,266.2792,266.2792,0.0000,0.0000,6390.7016,0.00157424,798.8377,767.3102,5858.1432,5889.6706,0.00144305,0.00145082,0.00006559,418.2083,379.7376,0.6869,61.6387,1.8384,37588.4109,89.7407,538.3845,395.5999,218.4789,430.6076,432.5446,432.5446,1046.441,1081.3617,427.0584,0.0,2.43015,2.511246,0.971205,30,216,96,2,0.20383968,0.00163983,-0.01249836,0E-8,0.000000,0.906607,0.000000,0.01775797,2026-03-22,2026-08-06,108,3621,2443,138,0.782609,1.360932,1.287360,0.679466,,,,,,,,GLOBAL_BASELINE_NO_ENTITY_RANKING,,,NOT_APPLICABLE_GLOBAL_BASELINE,HF9g-P5,,,,X 全窗基线 · 不参与实体赏罚,14198967,1420,A168_HF9F_20260827_0900,2026-08-27 09:00:00
2026-05-27,57024343,462,0,865.0893204724,-21.6272330118,-21.6272330118,0.5000000,2,2,0.50665070000000000,0.506650700000,-0.018812684590367487,-0.018812684590367487,-0.018812684590367487,0E-17,ELIGIBLE,R03b_20260811_FULL_v1,L1_ELIGIBILITY,v2026-08-11,2026-03-21..2026-08-06,baccarat_bet02_101_all_pairs_incl_sentinel,round_win = game_pnl > 0 (decisive only),COMPATIBILITY_ONLY_NOT_PRODUCTION,4059548.3812,3680416.6879,6656.9809,9707,9692,-0.00163983,0.01249836,-0.00525961,-0.00163983,-6656.9809,4059548.3812,OK,0.0000,266.2792,4.0000,96.0000,AG03-UNRESOLVED,ALL5_LEVELS_bet23_to_bet27,266.2792,266.2792,266.2792,0.0000,0.0000,4.000000,4.000000,4.000000,0.000000,0.000000,96.000000,96.000000,96.000000,100.000000,100.000000,5.0,798.8377,767.3102,5858.1432,5889.6706,PENDING_AG03,FALSE,NOT_FOR_ENFORCEMENT,6390.7016,3533200.0204,6656.9809,6390.7016,266.2792,0.00163983,0.00157424,266.2792,6390.7016,0.00157424,266.2792,266.2792,266.2792,0.0000,0.0000,6390.7016,0.00157424,798.8377,767.3102,5858.1432,5889.6706,0.00144305,0.00145082,0.00006559,418.2083,379.7376,0.6869,61.6387,1.8384,37588.4109,89.7407,538.3845,395.5999,218.4789,430.6076,432.5446,432.5446,1046.441,1081.3617,427.0584,0.0,2.43015,2.511246,0.971205,30,216,96,2,0.20383968,0.00163983,-0.01249836,0E-8,0.000000,0.906607,0.000000,0.01775797,2026-03-22,2026-08-06,108,3621,2443,138,0.782609,1.360932,1.287360,0.679466,,,,,,,,GLOBAL_BASELINE_NO_ENTITY_RANKING,,,NOT_APPLICABLE_GLOBAL_BASELINE,HF9g-P5,,,,X 全窗基线 · 不参与实体赏罚,14198968,1420,A168_HF9F_20260827_0900,2026-08-27 09:00:00
2026-05-27,57024343,583,0,432.5446602362,410.9174272244,410.9174272244,1.0000000,1,1,0.50665070000000000,0.506650700000,0.9867858985152569,0.9867858985152569,0.9867858985152569,0E-17,ELIGIBLE,R03b_20260811_FULL_v1,L1_ELIGIBILITY,v2026-08-11,2026-03-21..2026-08-06,baccarat_bet02_101_all_pairs_incl_sentinel,round_win = game_pnl > 0 (decisive only),COMPATIBILITY_ONLY_NOT_PRODUCTION,4059548.3812,3680416.6879,6656.9809,9707,9692,-0.00163983,0.01249836,-0.00525961,-0.00163983,-6656.9809,4059548.3812,OK,0.0000,266.2792,4.0000,96.0000,AG03-UNRESOLVED,ALL5_LEVELS_bet23_to_bet27,266.2792,266.2792,266.2792,0.0000,0.0000,4.000000,4.000000,4.000000,0.000000,0.000000,96.000000,96.000000,96.000000,100.000000,100.000000,5.0,798.8377,767.3102,5858.1432,5889.6706,PENDING_AG03,FALSE,NOT_FOR_ENFORCEMENT,6390.7016,3533200.0204,6656.9809,6390.7016,266.2792,0.00163983,0.00157424,266.2792,6390.7016,0.00157424,266.2792,266.2792,266.2792,0.0000,0.0000,6390.7016,0.00157424,798.8377,767.3102,5858.1432,5889.6706,0.00144305,0.00145082,0.00006559,418.2083,379.7376,0.6869,61.6387,1.8384,37588.4109,89.7407,538.3845,395.5999,218.4789,430.6076,432.5446,432.5446,1046.441,1081.3617,427.0584,0.0,2.43015,2.511246,0.971205,30,216,96,2,0.20383968,0.00163983,-0.01249836,0E-8,0.000000,0.906607,0.000000,0.01775797,2026-03-22,2026-08-06,108,3621,2443,138,0.782609,1.360932,1.287360,0.679466,,,,,,,,GLOBAL_BASELINE_NO_ENTITY_RANKING,,,NOT_APPLICABLE_GLOBAL_BASELINE,HF9g-P5,,,,X 全窗基线 · 不参与实体赏罚,14198969,1420,A168_HF9F_20260827_0900,2026-08-27 09:00:00
2026-05-27,57024343,772,0,3027.8126216532,2032.9599031100,2032.9599031100,0.6666667,3,3,0.50665070000000000,0.506650700000,0.5543606114942035,0.5543606114942035,0.5543606114942035,0E-17,ELIGIBLE,R03b_20260811_FULL_v1,L1_ELIGIBILITY,v2026-08-11,2026-03-21..2026-08-06,baccarat_bet02_101_all_pairs_incl_sentinel,round_win = game_pnl > 0 (decisive only),COMPATIBILITY_ONLY_NOT_PRODUCTION,4059548.3812,3680416.6879,6656.9809,9707,9692,-0.00163983,0.01249836,-0.00525961,-0.00163983,-6656.9809,4059548.3812,OK,0.0000,266.2792,4.0000,96.0000,AG03-UNRESOLVED,ALL5_LEVELS_bet23_to_bet27,266.2792,266.2792,266.2792,0.0000,0.0000,4.000000,4.000000,4.000000,0.000000,0.000000,96.000000,96.000000,96.000000,100.000000,100.000000,5.0,798.8377,767.3102,5858.1432,5889.6706,PENDING_AG03,FALSE,NOT_FOR_ENFORCEMENT,6390.7016,3533200.0204,6656.9809,6390.7016,266.2792,0.00163983,0.00157424,266.2792,6390.7016,0.00157424,266.2792,266.2792,266.2792,0.0000,0.0000,6390.7016,0.00157424,798.8377,767.3102,5858.1432,5889.6706,0.00144305,0.00145082,0.00006559,418.2083,379.7376,0.6869,61.6387,1.8384,37588.4109,89.7407,538.3845,395.5999,218.4789,430.6076,432.5446,432.5446,1046.441,1081.3617,427.0584,0.0,2.43015,2.511246,0.971205,30,216,96,2,0.20383968,0.00163983,-0.01249836,0E-8,0.000000,0.906607,0.000000,0.01775797,2026-03-22,2026-08-06,108,3621,2443,138,0.782609,1.360932,1.287360,0.679466,,,,,,,,GLOBAL_BASELINE_NO_ENTITY_RANKING,,,NOT_APPLICABLE_GLOBAL_BASELINE,HF9g-P5,,,,X 全窗基线 · 不参与实体赏罚,14198970,1420,A168_HF9F_20260827_0900,2026-08-27 09:00:00
2026-05-27,57024343,986,0,432.5446602362,-432.5446602362,-432.5446602362,0E-7,1,1,0.50665070000000000,0.506650700000,-1.013391052207602,-1.013391052207602,-1.013391052207602,0E-17,ELIGIBLE,R03b_20260811_FULL_v1,L1_ELIGIBILITY,v2026-08-11,2026-03-21..2026-08-06,baccarat_bet02_101_all_pairs_incl_sentinel,round_win = game_pnl > 0 (decisive only),COMPATIBILITY_ONLY_NOT_PRODUCTION,4059548.3812,3680416.6879,6656.9809,9707,9692,-0.00163983,0.01249836,-0.00525961,-0.00163983,-6656.9809,4059548.3812,OK,0.0000,266.2792,4.0000,96.0000,AG03-UNRESOLVED,ALL5_LEVELS_bet23_to_bet27,266.2792,266.2792,266.2792,0.0000,0.0000,4.000000,4.000000,4.000000,0.000000,0.000000,96.000000,96.000000,96.000000,100.000000,100.000000,5.0,798.8377,767.3102,5858.1432,5889.6706,PENDING_AG03,FALSE,NOT_FOR_ENFORCEMENT,6390.7016,3533200.0204,6656.9809,6390.7016,266.2792,0.00163983,0.00157424,266.2792,6390.7016,0.00157424,266.2792,266.2792,266.2792,0.0000,0.0000,6390.7016,0.00157424,798.8377,767.3102,5858.1432,5889.6706,0.00144305,0.00145082,0.00006559,418.2083,379.7376,0.6869,61.6387,1.8384,37588.4109,89.7407,538.3845,395.5999,218.4789,430.6076,432.5446,432.5446,1046.441,1081.3617,427.0584,0.0,2.43015,2.511246,0.971205,30,216,96,2,0.20383968,0.00163983,-0.01249836,0E-8,0.000000,0.906607,0.000000,0.01775797,2026-03-22,2026-08-06,108,3621,2443,138,0.782609,1.360932,1.287360,0.679466,,,,,,,,GLOBAL_BASELINE_NO_ENTITY_RANKING,,,NOT_APPLICABLE_GLOBAL_BASELINE,HF9g-P5,,,,X 全窗基线 · 不参与实体赏罚,14198971,1420,A168_HF9F_20260827_0900,2026-08-27 09:00:00
2026-05-28,57024343,-1,1,12111.2504866136,-1124.6161166140,-1124.6161166140,0.4642857,28,28,0.50473567142857143,0.504735671429,-0.4281013107034377,-0.428101310707977,-0.4281013107034377,-4.2857E-13,SENTINEL_DEALER,R03b_20260811_FULL_v1,L1_ELIGIBILITY,v2026-08-11,2026-03-21..2026-08-06,baccarat_bet02_101_all_pairs_incl_sentinel,round_win = game_pnl > 0 (decisive only),COMPATIBILITY_ONLY_NOT_PRODUCTION,4059548.3812,3680416.6879,6656.9809,9707,9692,-0.00163983,0.01249836,-0.00525961,-0.00163983,-6656.9809,4059548.3812,OK,0.0000,266.2792,4.0000,96.0000,AG03-UNRESOLVED,ALL5_LEVELS_bet23_to_bet27,266.2792,266.2792,266.2792,0.0000,0.0000,4.000000,4.000000,4.000000,0.000000,0.000000,96.000000,96.000000,96.000000,100.000000,100.000000,5.0,798.8377,767.3102,5858.1432,5889.6706,PENDING_AG03,FALSE,NOT_FOR_ENFORCEMENT,6390.7016,3533200.0204,6656.9809,6390.7016,266.2792,0.00163983,0.00157424,266.2792,6390.7016,0.00157424,266.2792,266.2792,266.2792,0.0000,0.0000,6390.7016,0.00157424,798.8377,767.3102,5858.1432,5889.6706,0.00144305,0.00145082,0.00006559,418.2083,379.7376,0.6869,61.6387,1.8384,37588.4109,89.7407,538.3845,395.5999,218.4789,430.6076,432.5446,432.5446,1046.441,1081.3617,427.0584,0.0,2.43015,2.511246,0.971205,30,216,96,2,0.20383968,0.00163983,-0.01249836,0E-8,0.000000,0.906607,0.000000,0.01775797,2026-03-22,2026-08-06,108,3621,2443,138,0.782609,1.360932,1.287360,0.679466,,,,,,,,GLOBAL_BASELINE_NO_ENTITY_RANKING,,,NOT_APPLICABLE_GLOBAL_BASELINE,HF9g-P5,,,,X 全窗基线 · 不参与实体赏罚,14198972,1420,A168_HF9F_20260827_0900,2026-08-27 09:00:00
2026-05-28,57024343,1109,0,432.5446602362,-432.5446602362,-432.5446602362,0E-7,1,1,0.49324550000000000,0.493245500000,-0.9865810262130424,-0.9865810262130424,-0.9865810262130424,0E-17,ELIGIBLE,R03b_20260811_FULL_v1,L1_ELIGIBILITY,v2026-08-11,2026-03-21..2026-08-06,baccarat_bet02_101_all_pairs_incl_sentinel,round_win = game_pnl > 0 (decisive only),COMPATIBILITY_ONLY_NOT_PRODUCTION,4059548.3812,3680416.6879,6656.9809,9707,9692,-0.00163983,0.01249836,-0.00525961,-0.00163983,-6656.9809,4059548.3812,OK,0.0000,266.2792,4.0000,96.0000,AG03-UNRESOLVED,ALL5_LEVELS_bet23_to_bet27,266.2792,266.2792,266.2792,0.0000,0.0000,4.000000,4.000000,4.000000,0.000000,0.000000,96.000000,96.000000,96.000000,100.000000,100.000000,5.0,798.8377,767.3102,5858.1432,5889.6706,PENDING_AG03,FALSE,NOT_FOR_ENFORCEMENT,6390.7016,3533200.0204,6656.9809,6390.7016,266.2792,0.00163983,0.00157424,266.2792,6390.7016,0.00157424,266.2792,266.2792,266.2792,0.0000,0.0000,6390.7016,0.00157424,798.8377,767.3102,5858.1432,5889.6706,0.00144305,0.00145082,0.00006559,418.2083,379.7376,0.6869,61.6387,1.8384,37588.4109,89.7407,538.3845,395.5999,218.4789,430.6076,432.5446,432.5446,1046.441,1081.3617,427.0584,0.0,2.43015,2.511246,0.971205,30,216,96,2,0.20383968,0.00163983,-0.01249836,0E-8,0.000000,0.906607,0.000000,0.01775797,2026-03-22,2026-08-06,108,3621,2443,138,0.782609,1.360932,1.287360,0.679466,,,,,,,,GLOBAL_BASELINE_NO_ENTITY_RANKING,,,NOT_APPLICABLE_GLOBAL_BASELINE,HF9g-P5,,,,X 全窗基线 · 不参与实体赏罚,14198973,1420,A168_HF9F_20260827_0900,2026-08-27 09:00:00
2026-05-28,57024343,1115,0,1297.6339807086,1232.7522816732,1232.7522816732,1.0000000,3,3,0.50665070000000000,0.506650700000,1.7091633124209307,1.7091633124209307,1.7091633124209307,0E-17,ELIGIBLE,R03b_20260811_FULL_v1,L1_ELIGIBILITY,v2026-08-11,2026-03-21..2026-08-06,baccarat_bet02_101_all_pairs_incl_sentinel,round_win = game_pnl > 0 (decisive only),COMPATIBILITY_ONLY_NOT_PRODUCTION,4059548.3812,3680416.6879,6656.9809,9707,9692,-0.00163983,0.01249836,-0.00525961,-0.00163983,-6656.9809,4059548.3812,OK,0.0000,266.2792,4.0000,96.0000,AG03-UNRESOLVED,ALL5_LEVELS_bet23_to_bet27,266.2792,266.2792,266.2792,0.0000,0.0000,4.000000,4.000000,4.000000,0.000000,0.000000,96.000000,96.000000,96.000000,100.000000,100.000000,5.0,798.8377,767.3102,5858.1432,5889.6706,PENDING_AG03,FALSE,NOT_FOR_ENFORCEMENT,6390.7016,3533200.0204,6656.9809,6390.7016,266.2792,0.00163983,0.00157424,266.2792,6390.7016,0.00157424,266.2792,266.2792,266.2792,0.0000,0.0000,6390.7016,0.00157424,798.8377,767.3102,5858.1432,5889.6706,0.00144305,0.00145082,0.00006559,418.2083,379.7376,0.6869,61.6387,1.8384,37588.4109,89.7407,538.3845,395.5999,218.4789,430.6076,432.5446,432.5446,1046.441,1081.3617,427.0584,0.0,2.43015,2.511246,0.971205,30,216,96,2,0.20383968,0.00163983,-0.01249836,0E-8,0.000000,0.906607,0.000000,0.01775797,2026-03-22,2026-08-06,108,3621,2443,138,0.782609,1.360932,1.287360,0.679466,,,,,,,,GLOBAL_BASELINE_NO_ENTITY_RANKING,,,NOT_APPLICABLE_GLOBAL_BASELINE,HF9g-P5,,,,X 全窗基线 · 不参与实体赏罚,14198974,1420,A168_HF9F_20260827_0900,2026-08-27 09:00:00
2026-05-28,57024343,1151,0,865.0893204724,-865.0893204724,-865.0893204724,0E-7,2,2,0.50665070000000000,0.506650700000,-1.4331513700195317,-1.4331513700195317,-1.4331513700195317,0E-17,ELIGIBLE,R03b_20260811_FULL_v1,L1_ELIGIBILITY,v2026-08-11,2026-03-21..2026-08-06,baccarat_bet02_101_all_pairs_incl_sentinel,round_win = game_pnl > 0 (decisive only),COMPATIBILITY_ONLY_NOT_PRODUCTION,4059548.3812,3680416.6879,6656.9809,9707,9692,-0.00163983,0.01249836,-0.00525961,-0.00163983,-6656.9809,4059548.3812,OK,0.0000,266.2792,4.0000,96.0000,AG03-UNRESOLVED,ALL5_LEVELS_bet23_to_bet27,266.2792,266.2792,266.2792,0.0000,0.0000,4.000000,4.000000,4.000000,0.000000,0.000000,96.000000,96.000000,96.000000,100.000000,100.000000,5.0,798.8377,767.3102,5858.1432,5889.6706,PENDING_AG03,FALSE,NOT_FOR_ENFORCEMENT,6390.7016,3533200.0204,6656.9809,6390.7016,266.2792,0.00163983,0.00157424,266.2792,6390.7016,0.00157424,266.2792,266.2792,266.2792,0.0000,0.0000,6390.7016,0.00157424,798.8377,767.3102,5858.1432,5889.6706,0.00144305,0.00145082,0.00006559,418.2083,379.7376,0.6869,61.6387,1.8384,37588.4109,89.7407,538.3845,395.5999,218.4789,430.6076,432.5446,432.5446,1046.441,1081.3617,427.0584,0.0,2.43015,2.511246,0.971205,30,216,96,2,0.20383968,0.00163983,-0.01249836,0E-8,0.000000,0.906607,0.000000,0.01775797,2026-03-22,2026-08-06,108,3621,2443,138,0.782609,1.360932,1.287360,0.679466,,,,,,,,GLOBAL_BASELINE_NO_ENTITY_RANKING,,,NOT_APPLICABLE_GLOBAL_BASELINE,HF9g-P5,,,,X 全窗基线 · 不参与实体赏罚,14198975,1420,A168_HF9F_20260827_0900,2026-08-27 09:00:00
2026-05-28,57024343,1157,0,432.5446602362,410.9174272244,410.9174272244,1.0000000,1,1,0.50665070000000000,0.506650700000,0.9867858985152569,0.9867858985152569,0.9867858985152569,0E-17,ELIGIBLE,R03b_20260811_FULL_v1,L1_ELIGIBILITY,v2026-08-11,2026-03-21..2026-08-06,baccarat_bet02_101_all_pairs_incl_sentinel,round_win = game_pnl > 0 (decisive only),COMPATIBILITY_ONLY_NOT_PRODUCTION,4059548.3812,3680416.6879,6656.9809,9707,9692,-0.00163983,0.01249836,-0.00525961,-0.00163983,-6656.9809,4059548.3812,OK,0.0000,266.2792,4.0000,96.0000,AG03-UNRESOLVED,ALL5_LEVELS_bet23_to_bet27,266.2792,266.2792,266.2792,0.0000,0.0000,4.000000,4.000000,4.000000,0.000000,0.000000,96.000000,96.000000,96.000000,100.000000,100.000000,5.0,798.8377,767.3102,5858.1432,5889.6706,PENDING_AG03,FALSE,NOT_FOR_ENFORCEMENT,6390.7016,3533200.0204,6656.9809,6390.7016,266.2792,0.00163983,0.00157424,266.2792,6390.7016,0.00157424,266.2792,266.2792,266.2792,0.0000,0.0000,6390.7016,0.00157424,798.8377,767.3102,5858.1432,5889.6706,0.00144305,0.00145082,0.00006559,418.2083,379.7376,0.6869,61.6387,1.8384,37588.4109,89.7407,538.3845,395.5999,218.4789,430.6076,432.5446,432.5446,1046.441,1081.3617,427.0584,0.0,2.43015,2.511246,0.971205,30,216,96,2,0.20383968,0.00163983,-0.01249836,0E-8,0.000000,0.906607,0.000000,0.01775797,2026-03-22,2026-08-06,108,3621,2443,138,0.782609,1.360932,1.287360,0.679466,,,,,,,,GLOBAL_BASELINE_NO_ENTITY_RANKING,,,NOT_APPLICABLE_GLOBAL_BASELINE,HF9g-P5,,,,X 全窗基线 · 不参与实体赏罚,14198976,1420,A168_HF9F_20260827_0900,2026-08-27 09:00:00
2026-05-28,57024343,1325,0,3027.8126216534,-64.8816990354,-64.8816990354,0.5000000,7,7,0.50473567142857143,0.504735671429,-0.023200997840541474,-0.023200997842641315,-0.023200997840541474,-4.2857E-13,ELIGIBLE,R03b_20260811_FULL_v1,L1_ELIGIBILITY,v2026-08-11,2026-03-21..2026-08-06,baccarat_bet02_101_all_pairs_incl_sentinel,round_win = game_pnl > 0 (decisive only),COMPATIBILITY_ONLY_NOT_PRODUCTION,4059548.3812,3680416.6879,6656.9809,9707,9692,-0.00163983,0.01249836,-0.00525961,-0.00163983,-6656.9809,4059548.3812,OK,0.0000,266.2792,4.0000,96.0000,AG03-UNRESOLVED,ALL5_LEVELS_bet23_to_bet27,266.2792,266.2792,266.2792,0.0000,0.0000,4.000000,4.000000,4.000000,0.000000,0.000000,96.000000,96.000000,96.000000,100.000000,100.000000,5.0,798.8377,767.3102,5858.1432,5889.6706,PENDING_AG03,FALSE,NOT_FOR_ENFORCEMENT,6390.7016,3533200.0204,6656.9809,6390.7016,266.2792,0.00163983,0.00157424,266.2792,6390.7016,0.00157424,266.2792,266.2792,266.2792,0.0000,0.0000,6390.7016,0.00157424,798.8377,767.3102,5858.1432,5889.6706,0.00144305,0.00145082,0.00006559,418.2083,379.7376,0.6869,61.6387,1.8384,37588.4109,89.7407,538.3845,395.5999,218.4789,430.6076,432.5446,432.5446,1046.441,1081.3617,427.0584,0.0,2.43015,2.511246,0.971205,30,216,96,2,0.20383968,0.00163983,-0.01249836,0E-8,0.000000,0.906607,0.000000,0.01775797,2026-03-22,2026-08-06,108,3621,2443,138,0.782609,1.360932,1.287360,0.679466,,,,,,,,GLOBAL_BASELINE_NO_ENTITY_RANKING,,,NOT_APPLICABLE_GLOBAL_BASELINE,HF9g-P5,,,,X 全窗基线 · 不参与实体赏罚,14198977,1420,A168_HF9F_20260827_0900,2026-08-27 09:00:00
2026-05-28,57024343,1353,0,432.5446602362,-432.5446602362,-432.5446602362,0E-7,1,1,0.50665070000000000,0.506650700000,-1.013391052207602,-1.013391052207602,-1.013391052207602,0E-17,ELIGIBLE,R03b_20260811_FULL_v1,L1_ELIGIBILITY,v2026-08-11,2026-03-21..2026-08-06,baccarat_bet02_101_all_pairs_incl_sentinel,round_win = game_pnl > 0 (decisive only),COMPATIBILITY_ONLY_NOT_PRODUCTION,4059548.3812,3680416.6879,6656.9809,9707,9692,-0.00163983,0.01249836,-0.00525961,-0.00163983,-6656.9809,4059548.3812,OK,0.0000,266.2792,4.0000,96.0000,AG03-UNRESOLVED,ALL5_LEVELS_bet23_to_bet27,266.2792,266.2792,266.2792,0.0000,0.0000,4.000000,4.000000,4.000000,0.000000,0.000000,96.000000,96.000000,96.000000,100.000000,100.000000,5.0,798.8377,767.3102,5858.1432,5889.6706,PENDING_AG03,FALSE,NOT_FOR_ENFORCEMENT,6390.7016,3533200.0204,6656.9809,6390.7016,266.2792,0.00163983,0.00157424,266.2792,6390.7016,0.00157424,266.2792,266.2792,266.2792,0.0000,0.0000,6390.7016,0.00157424,798.8377,767.3102,5858.1432,5889.6706,0.00144305,0.00145082,0.00006559,418.2083,379.7376,0.6869,61.6387,1.8384,37588.4109,89.7407,538.3845,395.5999,218.4789,430.6076,432.5446,432.5446,1046.441,1081.3617,427.0584,0.0,2.43015,2.511246,0.971205,30,216,96,2,0.20383968,0.00163983,-0.01249836,0E-8,0.000000,0.906607,0.000000,0.01775797,2026-03-22,2026-08-06,108,3621,2443,138,0.782609,1.360932,1.287360,0.679466,,,,,,,,GLOBAL_BASELINE_NO_ENTITY_RANKING,,,NOT_APPLICABLE_GLOBAL_BASELINE,HF9g-P5,,,,X 全窗基线 · 不参与实体赏罚,14198978,1420,A168_HF9F_20260827_0900,2026-08-27 09:00:00
2026-05-28,57024343,1363,0,1297.6339807086,389.2901942126,389.2901942126,0.6666667,3,3,0.50218230000000000,0.502182300000,0.5697959874915163,0.5697959874915164,0.5697959874915163,0E-17,ELIGIBLE,R03b_20260811_FULL_v1,L1_ELIGIBILITY,v2026-08-11,2026-03-21..2026-08-06,baccarat_bet02_101_all_pairs_incl_sentinel,round_win = game_pnl > 0 (decisive only),COMPATIBILITY_ONLY_NOT_PRODUCTION,4059548.3812,3680416.6879,6656.9809,9707,9692,-0.00163983,0.01249836,-0.00525961,-0.00163983,-6656.9809,4059548.3812,OK,0.0000,266.2792,4.0000,96.0000,AG03-UNRESOLVED,ALL5_LEVELS_bet23_to_bet27,266.2792,266.2792,266.2792,0.0000,0.0000,4.000000,4.000000,4.000000,0.000000,0.000000,96.000000,96.000000,96.000000,100.000000,100.000000,5.0,798.8377,767.3102,5858.1432,5889.6706,PENDING_AG03,FALSE,NOT_FOR_ENFORCEMENT,6390.7016,3533200.0204,6656.9809,6390.7016,266.2792,0.00163983,0.00157424,266.2792,6390.7016,0.00157424,266.2792,266.2792,266.2792,0.0000,0.0000,6390.7016,0.00157424,798.8377,767.3102,5858.1432,5889.6706,0.00144305,0.00145082,0.00006559,418.2083,379.7376,0.6869,61.6387,1.8384,37588.4109,89.7407,538.3845,395.5999,218.4789,430.6076,432.5446,432.5446,1046.441,1081.3617,427.0584,0.0,2.43015,2.511246,0.971205,30,216,96,2,0.20383968,0.00163983,-0.01249836,0E-8,0.000000,0.906607,0.000000,0.01775797,2026-03-22,2026-08-06,108,3621,2443,138,0.782609,1.360932,1.287360,0.679466,,,,,,,,GLOBAL_BASELINE_NO_ENTITY_RANKING,,,NOT_APPLICABLE_GLOBAL_BASELINE,HF9g-P5,,,,X 全窗基线 · 不参与实体赏罚,14198979,1420,A168_HF9F_20260827_0900,2026-08-27 09:00:00
2026-05-28,57024343,1399,0,432.5446602362,410.9174272244,410.9174272244,1.0000000,1,1,0.50665070000000000,0.506650700000,0.9867858985152569,0.9867858985152569,0.9867858985152569,0E-17,ELIGIBLE,R03b_20260811_FULL_v1,L1_ELIGIBILITY,v2026-08-11,2026-03-21..2026-08-06,baccarat_bet02_101_all_pairs_incl_sentinel,round_win = game_pnl > 0 (decisive only),COMPATIBILITY_ONLY_NOT_PRODUCTION,4059548.3812,3680416.6879,6656.9809,9707,9692,-0.00163983,0.01249836,-0.00525961,-0.00163983,-6656.9809,4059548.3812,OK,0.0000,266.2792,4.0000,96.0000,AG03-UNRESOLVED,ALL5_LEVELS_bet23_to_bet27,266.2792,266.2792,266.2792,0.0000,0.0000,4.000000,4.000000,4.000000,0.000000,0.000000,96.000000,96.000000,96.000000,100.000000,100.000000,5.0,798.8377,767.3102,5858.1432,5889.6706,PENDING_AG03,FALSE,NOT_FOR_ENFORCEMENT,6390.7016,3533200.0204,6656.9809,6390.7016,266.2792,0.00163983,0.00157424,266.2792,6390.7016,0.00157424,266.2792,266.2792,266.2792,0.0000,0.0000,6390.7016,0.00157424,798.8377,767.3102,5858.1432,5889.6706,0.00144305,0.00145082,0.00006559,418.2083,379.7376,0.6869,61.6387,1.8384,37588.4109,89.7407,538.3845,395.5999,218.4789,430.6076,432.5446,432.5446,1046.441,1081.3617,427.0584,0.0,2.43015,2.511246,0.971205,30,216,96,2,0.20383968,0.00163983,-0.01249836,0E-8,0.000000,0.906607,0.000000,0.01775797,2026-03-22,2026-08-06,108,3621,2443,138,0.782609,1.360932,1.287360,0.679466,,,,,,,,GLOBAL_BASELINE_NO_ENTITY_RANKING,,,NOT_APPLICABLE_GLOBAL_BASELINE,HF9g-P5,,,,X 全窗基线 · 不参与实体赏罚,14198980,1420,A168_HF9F_20260827_0900,2026-08-27 09:00:00
2026-05-28,57024343,1400,0,432.5446602362,410.9174272244,410.9174272244,1.0000000,1,1,0.50665070000000000,0.506650700000,0.9867858985152569,0.9867858985152569,0.9867858985152569,0E-17,ELIGIBLE,R03b_20260811_FULL_v1,L1_ELIGIBILITY,v2026-08-11,2026-03-21..2026-08-06,baccarat_bet02_101_all_pairs_incl_sentinel,round_win = game_pnl > 0 (decisive only),COMPATIBILITY_ONLY_NOT_PRODUCTION,4059548.3812,3680416.6879,6656.9809,9707,9692,-0.00163983,0.01249836,-0.00525961,-0.00163983,-6656.9809,4059548.3812,OK,0.0000,266.2792,4.0000,96.0000,AG03-UNRESOLVED,ALL5_LEVELS_bet23_to_bet27,266.2792,266.2792,266.2792,0.0000,0.0000,4.000000,4.000000,4.000000,0.000000,0.000000,96.000000,96.000000,96.000000,100.000000,100.000000,5.0,798.8377,767.3102,5858.1432,5889.6706,PENDING_AG03,FALSE,NOT_FOR_ENFORCEMENT,6390.7016,3533200.0204,6656.9809,6390.7016,266.2792,0.00163983,0.00157424,266.2792,6390.7016,0.00157424,266.2792,266.2792,266.2792,0.0000,0.0000,6390.7016,0.00157424,798.8377,767.3102,5858.1432,5889.6706,0.00144305,0.00145082,0.00006559,418.2083,379.7376,0.6869,61.6387,1.8384,37588.4109,89.7407,538.3845,395.5999,218.4789,430.6076,432.5446,432.5446,1046.441,1081.3617,427.0584,0.0,2.43015,2.511246,0.971205,30,216,96,2,0.20383968,0.00163983,-0.01249836,0E-8,0.000000,0.906607,0.000000,0.01775797,2026-03-22,2026-08-06,108,3621,2443,138,0.782609,1.360932,1.287360,0.679466,,,,,,,,GLOBAL_BASELINE_NO_ENTITY_RANKING,,,NOT_APPLICABLE_GLOBAL_BASELINE,HF9g-P5,,,,X 全窗基线 · 不参与实体赏罚,14198981,1420,A168_HF9F_20260827_0900,2026-08-27 09:00:00
2026-05-28,57024343,1402,0,1297.6339807086,-432.5446602362,-432.5446602362,0.3333333,3,3,0.49771390000000000,0.497713900000,-0.5694369385616226,-0.5694369385616226,-0.5694369385616226,0E-17,ELIGIBLE,R03b_20260811_FULL_v1,L1_ELIGIBILITY,v2026-08-11,2026-03-21..2026-08-06,baccarat_bet02_101_all_pairs_incl_sentinel,round_win = game_pnl > 0 (decisive only),COMPATIBILITY_ONLY_NOT_PRODUCTION,4059548.3812,3680416.6879,6656.9809,9707,9692,-0.00163983,0.01249836,-0.00525961,-0.00163983,-6656.9809,4059548.3812,OK,0.0000,266.2792,4.0000,96.0000,AG03-UNRESOLVED,ALL5_LEVELS_bet23_to_bet27,266.2792,266.2792,266.2792,0.0000,0.0000,4.000000,4.000000,4.000000,0.000000,0.000000,96.000000,96.000000,96.000000,100.000000,100.000000,5.0,798.8377,767.3102,5858.1432,5889.6706,PENDING_AG03,FALSE,NOT_FOR_ENFORCEMENT,6390.7016,3533200.0204,6656.9809,6390.7016,266.2792,0.00163983,0.00157424,266.2792,6390.7016,0.00157424,266.2792,266.2792,266.2792,0.0000,0.0000,6390.7016,0.00157424,798.8377,767.3102,5858.1432,5889.6706,0.00144305,0.00145082,0.00006559,418.2083,379.7376,0.6869,61.6387,1.8384,37588.4109,89.7407,538.3845,395.5999,218.4789,430.6076,432.5446,432.5446,1046.441,1081.3617,427.0584,0.0,2.43015,2.511246,0.971205,30,216,96,2,0.20383968,0.00163983,-0.01249836,0E-8,0.000000,0.906607,0.000000,0.01775797,2026-03-22,2026-08-06,108,3621,2443,138,0.782609,1.360932,1.287360,0.679466,,,,,,,,GLOBAL_BASELINE_NO_ENTITY_RANKING,,,NOT_APPLICABLE_GLOBAL_BASELINE,HF9g-P5,,,,X 全窗基线 · 不参与实体赏罚,14198982,1420,A168_HF9F_20260827_0900,2026-08-27 09:00:00
2026-05-28,57024343,1509,0,2162.7233011810,821.8348544488,821.8348544488,0.7500000,5,5,0.50396966000000000,0.503969660000,0.9841523774297893,0.9841523774297894,0.9841523774297893,0E-17,ELIGIBLE,R03b_20260811_FULL_v1,L1_ELIGIBILITY,v2026-08-11,2026-03-21..2026-08-06,baccarat_bet02_101_all_pairs_incl_sentinel,round_win = game_pnl > 0 (decisive only),COMPATIBILITY_ONLY_NOT_PRODUCTION,4059548.3812,3680416.6879,6656.9809,9707,9692,-0.00163983,0.01249836,-0.00525961,-0.00163983,-6656.9809,4059548.3812,OK,0.0000,266.2792,4.0000,96.0000,AG03-UNRESOLVED,ALL5_LEVELS_bet23_to_bet27,266.2792,266.2792,266.2792,0.0000,0.0000,4.000000,4.000000,4.000000,0.000000,0.000000,96.000000,96.000000,96.000000,100.000000,100.000000,5.0,798.8377,767.3102,5858.1432,5889.6706,PENDING_AG03,FALSE,NOT_FOR_ENFORCEMENT,6390.7016,3533200.0204,6656.9809,6390.7016,266.2792,0.00163983,0.00157424,266.2792,6390.7016,0.00157424,266.2792,266.2792,266.2792,0.0000,0.0000,6390.7016,0.00157424,798.8377,767.3102,5858.1432,5889.6706,0.00144305,0.00145082,0.00006559,418.2083,379.7376,0.6869,61.6387,1.8384,37588.4109,89.7407,538.3845,395.5999,218.4789,430.6076,432.5446,432.5446,1046.441,1081.3617,427.0584,0.0,2.43015,2.511246,0.971205,30,216,96,2,0.20383968,0.00163983,-0.01249836,0E-8,0.000000,0.906607,0.000000,0.01775797,2026-03-22,2026-08-06,108,3621,2443,138,0.782609,1.360932,1.287360,0.679466,,,,,,,,GLOBAL_BASELINE_NO_ENTITY_RANKING,,,NOT_APPLICABLE_GLOBAL_BASELINE,HF9g-P5,,,,X 全窗基线 · 不参与实体赏罚,14198983,1420,A168_HF9F_20260827_0900,2026-08-27 09:00:00
2026-05-28,57024343,1623,0,865.0893204724,0E-10,0E-10,0.5000000,2,2,0.49324550000000000,0.493245500000,0.01910635448239258,0.01910635448239258,0.01910635448239258,0E-17,ELIGIBLE,R03b_20260811_FULL_v1,L1_ELIGIBILITY,v2026-08-11,2026-03-21..2026-08-06,baccarat_bet02_101_all_pairs_incl_sentinel,round_win = game_pnl > 0 (decisive only),COMPATIBILITY_ONLY_NOT_PRODUCTION,4059548.3812,3680416.6879,6656.9809,9707,9692,-0.00163983,0.01249836,-0.00525961,-0.00163983,-6656.9809,4059548.3812,OK,0.0000,266.2792,4.0000,96.0000,AG03-UNRESOLVED,ALL5_LEVELS_bet23_to_bet27,266.2792,266.2792,266.2792,0.0000,0.0000,4.000000,4.000000,4.000000,0.000000,0.000000,96.000000,96.000000,96.000000,100.000000,100.000000,5.0,798.8377,767.3102,5858.1432,5889.6706,PENDING_AG03,FALSE,NOT_FOR_ENFORCEMENT,6390.7016,3533200.0204,6656.9809,6390.7016,266.2792,0.00163983,0.00157424,266.2792,6390.7016,0.00157424,266.2792,266.2792,266.2792,0.0000,0.0000,6390.7016,0.00157424,798.8377,767.3102,5858.1432,5889.6706,0.00144305,0.00145082,0.00006559,418.2083,379.7376,0.6869,61.6387,1.8384,37588.4109,89.7407,538.3845,395.5999,218.4789,430.6076,432.5446,432.5446,1046.441,1081.3617,427.0584,0.0,2.43015,2.511246,0.971205,30,216,96,2,0.20383968,0.00163983,-0.01249836,0E-8,0.000000,0.906607,0.000000,0.01775797,2026-03-22,2026-08-06,108,3621,2443,138,0.782609,1.360932,1.287360,0.679466,,,,,,,,GLOBAL_BASELINE_NO_ENTITY_RANKING,,,NOT_APPLICABLE_GLOBAL_BASELINE,HF9g-P5,,,,X 全窗基线 · 不参与实体赏罚,14198984,1420,A168_HF9F_20260827_0900,2026-08-27 09:00:00
2026-05-28,57024343,1654,0,432.5446602362,-432.5446602362,-432.5446602362,0E-7,1,1,0.50665070000000000,0.506650700000,-1.013391052207602,-1.013391052207602,-1.013391052207602,0E-17,ELIGIBLE,R03b_20260811_FULL_v1,L1_ELIGIBILITY,v2026-08-11,2026-03-21..2026-08-06,baccarat_bet02_101_all_pairs_incl_sentinel,round_win = game_pnl > 0 (decisive only),COMPATIBILITY_ONLY_NOT_PRODUCTION,4059548.3812,3680416.6879,6656.9809,9707,9692,-0.00163983,0.01249836,-0.00525961,-0.00163983,-6656.9809,4059548.3812,OK,0.0000,266.2792,4.0000,96.0000,AG03-UNRESOLVED,ALL5_LEVELS_bet23_to_bet27,266.2792,266.2792,266.2792,0.0000,0.0000,4.000000,4.000000,4.000000,0.000000,0.000000,96.000000,96.000000,96.000000,100.000000,100.000000,5.0,798.8377,767.3102,5858.1432,5889.6706,PENDING_AG03,FALSE,NOT_FOR_ENFORCEMENT,6390.7016,3533200.0204,6656.9809,6390.7016,266.2792,0.00163983,0.00157424,266.2792,6390.7016,0.00157424,266.2792,266.2792,266.2792,0.0000,0.0000,6390.7016,0.00157424,798.8377,767.3102,5858.1432,5889.6706,0.00144305,0.00145082,0.00006559,418.2083,379.7376,0.6869,61.6387,1.8384,37588.4109,89.7407,538.3845,395.5999,218.4789,430.6076,432.5446,432.5446,1046.441,1081.3617,427.0584,0.0,2.43015,2.511246,0.971205,30,216,96,2,0.20383968,0.00163983,-0.01249836,0E-8,0.000000,0.906607,0.000000,0.01775797,2026-03-22,2026-08-06,108,3621,2443,138,0.782609,1.360932,1.287360,0.679466,,,,,,,,GLOBAL_BASELINE_NO_ENTITY_RANKING,,,NOT_APPLICABLE_GLOBAL_BASELINE,HF9g-P5,,,,X 全窗基线 · 不参与实体赏罚,14198985,1420,A168_HF9F_20260827_0900,2026-08-27 09:00:00
2026-05-28,57024343,1714,0,865.0893204724,0E-10,0E-10,0.5000000,2,2,0.49324550000000000,0.493245500000,0.01910635448239258,0.01910635448239258,0.01910635448239258,0E-17,ELIGIBLE,R03b_20260811_FULL_v1,L1_ELIGIBILITY,v2026-08-11,2026-03-21..2026-08-06,baccarat_bet02_101_all_pairs_incl_sentinel,round_win = game_pnl > 0 (decisive only),COMPATIBILITY_ONLY_NOT_PRODUCTION,4059548.3812,3680416.6879,6656.9809,9707,9692,-0.00163983,0.01249836,-0.00525961,-0.00163983,-6656.9809,4059548.3812,OK,0.0000,266.2792,4.0000,96.0000,AG03-UNRESOLVED,ALL5_LEVELS_bet23_to_bet27,266.2792,266.2792,266.2792,0.0000,0.0000,4.000000,4.000000,4.000000,0.000000,0.000000,96.000000,96.000000,96.000000,100.000000,100.000000,5.0,798.8377,767.3102,5858.1432,5889.6706,PENDING_AG03,FALSE,NOT_FOR_ENFORCEMENT,6390.7016,3533200.0204,6656.9809,6390.7016,266.2792,0.00163983,0.00157424,266.2792,6390.7016,0.00157424,266.2792,266.2792,266.2792,0.0000,0.0000,6390.7016,0.00157424,798.8377,767.3102,5858.1432,5889.6706,0.00144305,0.00145082,0.00006559,418.2083,379.7376,0.6869,61.6387,1.8384,37588.4109,89.7407,538.3845,395.5999,218.4789,430.6076,432.5446,432.5446,1046.441,1081.3617,427.0584,0.0,2.43015,2.511246,0.971205,30,216,96,2,0.20383968,0.00163983,-0.01249836,0E-8,0.000000,0.906607,0.000000,0.01775797,2026-03-22,2026-08-06,108,3621,2443,138,0.782609,1.360932,1.287360,0.679466,,,,,,,,GLOBAL_BASELINE_NO_ENTITY_RANKING,,,NOT_APPLICABLE_GLOBAL_BASELINE,HF9g-P5,,,,X 全窗基线 · 不参与实体赏罚,14198986,1420,A168_HF9F_20260827_0900,2026-08-27 09:00:00
2026-05-28,57024343,1941,0,865.0893204724,-865.0893204724,-865.0893204724,0E-7,2,2,0.50665070000000000,0.506650700000,-1.4331513700195317,-1.4331513700195317,-1.4331513700195317,0E-17,ELIGIBLE,R03b_20260811_FULL_v1,L1_ELIGIBILITY,v2026-08-11,2026-03-21..2026-08-06,baccarat_bet02_101_all_pairs_incl_sentinel,round_win = game_pnl > 0 (decisive only),COMPATIBILITY_ONLY_NOT_PRODUCTION,4059548.3812,3680416.6879,6656.9809,9707,9692,-0.00163983,0.01249836,-0.00525961,-0.00163983,-6656.9809,4059548.3812,OK,0.0000,266.2792,4.0000,96.0000,AG03-UNRESOLVED,ALL5_LEVELS_bet23_to_bet27,266.2792,266.2792,266.2792,0.0000,0.0000,4.000000,4.000000,4.000000,0.000000,0.000000,96.000000,96.000000,96.000000,100.000000,100.000000,5.0,798.8377,767.3102,5858.1432,5889.6706,PENDING_AG03,FALSE,NOT_FOR_ENFORCEMENT,6390.7016,3533200.0204,6656.9809,6390.7016,266.2792,0.00163983,0.00157424,266.2792,6390.7016,0.00157424,266.2792,266.2792,266.2792,0.0000,0.0000,6390.7016,0.00157424,798.8377,767.3102,5858.1432,5889.6706,0.00144305,0.00145082,0.00006559,418.2083,379.7376,0.6869,61.6387,1.8384,37588.4109,89.7407,538.3845,395.5999,218.4789,430.6076,432.5446,432.5446,1046.441,1081.3617,427.0584,0.0,2.43015,2.511246,0.971205,30,216,96,2,0.20383968,0.00163983,-0.01249836,0E-8,0.000000,0.906607,0.000000,0.01775797,2026-03-22,2026-08-06,108,3621,2443,138,0.782609,1.360932,1.287360,0.679466,,,,,,,,GLOBAL_BASELINE_NO_ENTITY_RANKING,,,NOT_APPLICABLE_GLOBAL_BASELINE,HF9g-P5,,,,X 全窗基线 · 不参与实体赏罚,14198987,1420,A168_HF9F_20260827_0900,2026-08-27 09:00:00
2026-05-28,57024343,1966,0,432.5446602362,410.9174272244,410.9174272244,1.0000000,1,1,0.50665070000000000,0.506650700000,0.9867858985152569,0.9867858985152569,0.9867858985152569,0E-17,ELIGIBLE,R03b_20260811_FULL_v1,L1_ELIGIBILITY,v2026-08-11,2026-03-21..2026-08-06,baccarat_bet02_101_all_pairs_incl_sentinel,round_win = game_pnl > 0 (decisive only),COMPATIBILITY_ONLY_NOT_PRODUCTION,4059548.3812,3680416.6879,6656.9809,9707,9692,-0.00163983,0.01249836,-0.00525961,-0.00163983,-6656.9809,4059548.3812,OK,0.0000,266.2792,4.0000,96.0000,AG03-UNRESOLVED,ALL5_LEVELS_bet23_to_bet27,266.2792,266.2792,266.2792,0.0000,0.0000,4.000000,4.000000,4.000000,0.000000,0.000000,96.000000,96.000000,96.000000,100.000000,100.000000,5.0,798.8377,767.3102,5858.1432,5889.6706,PENDING_AG03,FALSE,NOT_FOR_ENFORCEMENT,6390.7016,3533200.0204,6656.9809,6390.7016,266.2792,0.00163983,0.00157424,266.2792,6390.7016,0.00157424,266.2792,266.2792,266.2792,0.0000,0.0000,6390.7016,0.00157424,798.8377,767.3102,5858.1432,5889.6706,0.00144305,0.00145082,0.00006559,418.2083,379.7376,0.6869,61.6387,1.8384,37588.4109,89.7407,538.3845,395.5999,218.4789,430.6076,432.5446,432.5446,1046.441,1081.3617,427.0584,0.0,2.43015,2.511246,0.971205,30,216,96,2,0.20383968,0.00163983,-0.01249836,0E-8,0.000000,0.906607,0.000000,0.01775797,2026-03-22,2026-08-06,108,3621,2443,138,0.782609,1.360932,1.287360,0.679466,,,,,,,,GLOBAL_BASELINE_NO_ENTITY_RANKING,,,NOT_APPLICABLE_GLOBAL_BASELINE,HF9g-P5,,,,X 全窗基线 · 不参与实体赏罚,14198988,1420,A168_HF9F_20260827_0900,2026-08-27 09:00:00
2026-05-28,57024343,1994,0,2595.2679614172,-64.8816990354,-64.8816990354,0.5000000,6,6,0.50665070000000000,0.506650700000,-0.032584525537284574,-0.032584525537284574,-0.032584525537284574,0E-17,ELIGIBLE,R03b_20260811_FULL_v1,L1_ELIGIBILITY,v2026-08-11,2026-03-21..2026-08-06,baccarat_bet02_101_all_pairs_incl_sentinel,round_win = game_pnl > 0 (decisive only),COMPATIBILITY_ONLY_NOT_PRODUCTION,4059548.3812,3680416.6879,6656.9809,9707,9692,-0.00163983,0.01249836,-0.00525961,-0.00163983,-6656.9809,4059548.3812,OK,0.0000,266.2792,4.0000,96.0000,AG03-UNRESOLVED,ALL5_LEVELS_bet23_to_bet27,266.2792,266.2792,266.2792,0.0000,0.0000,4.000000,4.000000,4.000000,0.000000,0.000000,96.000000,96.000000,96.000000,100.000000,100.000000,5.0,798.8377,767.3102,5858.1432,5889.6706,PENDING_AG03,FALSE,NOT_FOR_ENFORCEMENT,6390.7016,3533200.0204,6656.9809,6390.7016,266.2792,0.00163983,0.00157424,266.2792,6390.7016,0.00157424,266.2792,266.2792,266.2792,0.0000,0.0000,6390.7016,0.00157424,798.8377,767.3102,5858.1432,5889.6706,0.00144305,0.00145082,0.00006559,418.2083,379.7376,0.6869,61.6387,1.8384,37588.4109,89.7407,538.3845,395.5999,218.4789,430.6076,432.5446,432.5446,1046.441,1081.3617,427.0584,0.0,2.43015,2.511246,0.971205,30,216,96,2,0.20383968,0.00163983,-0.01249836,0E-8,0.000000,0.906607,0.000000,0.01775797,2026-03-22,2026-08-06,108,3621,2443,138,0.782609,1.360932,1.287360,0.679466,,,,,,,,GLOBAL_BASELINE_NO_ENTITY_RANKING,,,NOT_APPLICABLE_GLOBAL_BASELINE,HF9g-P5,,,,X 全窗基线 · 不参与实体赏罚,14198989,1420,A168_HF9F_20260827_0900,2026-08-27 09:00:00
2026-05-28,57024343,2084,0,1297.6339807086,-21.6272330118,-21.6272330118,0.5000000,3,3,0.50665070000000000,0.506650700000,-0.018812684590367487,-0.018812684590367487,-0.018812684590367487,0E-17,ELIGIBLE,R03b_20260811_FULL_v1,L1_ELIGIBILITY,v2026-08-11,2026-03-21..2026-08-06,baccarat_bet02_101_all_pairs_incl_sentinel,round_win = game_pnl > 0 (decisive only),COMPATIBILITY_ONLY_NOT_PRODUCTION,4059548.3812,3680416.6879,6656.9809,9707,9692,-0.00163983,0.01249836,-0.00525961,-0.00163983,-6656.9809,4059548.3812,OK,0.0000,266.2792,4.0000,96.0000,AG03-UNRESOLVED,ALL5_LEVELS_bet23_to_bet27,266.2792,266.2792,266.2792,0.0000,0.0000,4.000000,4.000000,4.000000,0.000000,0.000000,96.000000,96.000000,96.000000,100.000000,100.000000,5.0,798.8377,767.3102,5858.1432,5889.6706,PENDING_AG03,FALSE,NOT_FOR_ENFORCEMENT,6390.7016,3533200.0204,6656.9809,6390.7016,266.2792,0.00163983,0.00157424,266.2792,6390.7016,0.00157424,266.2792,266.2792,266.2792,0.0000,0.0000,6390.7016,0.00157424,798.8377,767.3102,5858.1432,5889.6706,0.00144305,0.00145082,0.00006559,418.2083,379.7376,0.6869,61.6387,1.8384,37588.4109,89.7407,538.3845,395.5999,218.4789,430.6076,432.5446,432.5446,1046.441,1081.3617,427.0584,0.0,2.43015,2.511246,0.971205,30,216,96,2,0.20383968,0.00163983,-0.01249836,0E-8,0.000000,0.906607,0.000000,0.01775797,2026-03-22,2026-08-06,108,3621,2443,138,0.782609,1.360932,1.287360,0.679466,,,,,,,,GLOBAL_BASELINE_NO_ENTITY_RANKING,,,NOT_APPLICABLE_GLOBAL_BASELINE,HF9g-P5,,,,X 全窗基线 · 不参与实体赏罚,14198990,1420,A168_HF9F_20260827_0900,2026-08-27 09:00:00
2026-05-28,57024343,2092,0,1730.1786409448,-43.2544660236,-43.2544660236,0.5000000,4,4,0.50665070000000000,0.506650700000,-0.02660515369234503,-0.02660515369234503,-0.02660515369234503,0E-17,ELIGIBLE,R03b_20260811_FULL_v1,L1_ELIGIBILITY,v2026-08-11,2026-03-21..2026-08-06,baccarat_bet02_101_all_pairs_incl_sentinel,round_win = game_pnl > 0 (decisive only),COMPATIBILITY_ONLY_NOT_PRODUCTION,4059548.3812,3680416.6879,6656.9809,9707,9692,-0.00163983,0.01249836,-0.00525961,-0.00163983,-6656.9809,4059548.3812,OK,0.0000,266.2792,4.0000,96.0000,AG03-UNRESOLVED,ALL5_LEVELS_bet23_to_bet27,266.2792,266.2792,266.2792,0.0000,0.0000,4.000000,4.000000,4.000000,0.000000,0.000000,96.000000,96.000000,96.000000,100.000000,100.000000,5.0,798.8377,767.3102,5858.1432,5889.6706,PENDING_AG03,FALSE,NOT_FOR_ENFORCEMENT,6390.7016,3533200.0204,6656.9809,6390.7016,266.2792,0.00163983,0.00157424,266.2792,6390.7016,0.00157424,266.2792,266.2792,266.2792,0.0000,0.0000,6390.7016,0.00157424,798.8377,767.3102,5858.1432,5889.6706,0.00144305,0.00145082,0.00006559,418.2083,379.7376,0.6869,61.6387,1.8384,37588.4109,89.7407,538.3845,395.5999,218.4789,430.6076,432.5446,432.5446,1046.441,1081.3617,427.0584,0.0,2.43015,2.511246,0.971205,30,216,96,2,0.20383968,0.00163983,-0.01249836,0E-8,0.000000,0.906607,0.000000,0.01775797,2026-03-22,2026-08-06,108,3621,2443,138,0.782609,1.360932,1.287360,0.679466,,,,,,,,GLOBAL_BASELINE_NO_ENTITY_RANKING,,,NOT_APPLICABLE_GLOBAL_BASELINE,HF9g-P5,,,,X 全窗基线 · 不参与实体赏罚,14198991,1420,A168_HF9F_20260827_0900,2026-08-27 09:00:00
2026-05-28,57024343,2101,0,2595.2679614172,-21.6272330118,-21.6272330118,0.5000000,6,6,0.50218230000000000,0.502182300000,-0.008729283145653279,-0.008729283145653279,-0.008729283145653279,0E-17,ELIGIBLE,R03b_20260811_FULL_v1,L1_ELIGIBILITY,v2026-08-11,2026-03-21..2026-08-06,baccarat_bet02_101_all_pairs_incl_sentinel,round_win = game_pnl > 0 (decisive only),COMPATIBILITY_ONLY_NOT_PRODUCTION,4059548.3812,3680416.6879,6656.9809,9707,9692,-0.00163983,0.01249836,-0.00525961,-0.00163983,-6656.9809,4059548.3812,OK,0.0000,266.2792,4.0000,96.0000,AG03-UNRESOLVED,ALL5_LEVELS_bet23_to_bet27,266.2792,266.2792,266.2792,0.0000,0.0000,4.000000,4.000000,4.000000,0.000000,0.000000,96.000000,96.000000,96.000000,100.000000,100.000000,5.0,798.8377,767.3102,5858.1432,5889.6706,PENDING_AG03,FALSE,NOT_FOR_ENFORCEMENT,6390.7016,3533200.0204,6656.9809,6390.7016,266.2792,0.00163983,0.00157424,266.2792,6390.7016,0.00157424,266.2792,266.2792,266.2792,0.0000,0.0000,6390.7016,0.00157424,798.8377,767.3102,5858.1432,5889.6706,0.00144305,0.00145082,0.00006559,418.2083,379.7376,0.6869,61.6387,1.8384,37588.4109,89.7407,538.3845,395.5999,218.4789,430.6076,432.5446,432.5446,1046.441,1081.3617,427.0584,0.0,2.43015,2.511246,0.971205,30,216,96,2,0.20383968,0.00163983,-0.01249836,0E-8,0.000000,0.906607,0.000000,0.01775797,2026-03-22,2026-08-06,108,3621,2443,138,0.782609,1.360932,1.287360,0.679466,,,,,,,,GLOBAL_BASELINE_NO_ENTITY_RANKING,,,NOT_APPLICABLE_GLOBAL_BASELINE,HF9g-P5,,,,X 全窗基线 · 不参与实体赏罚,14198992,1420,A168_HF9F_20260827_0900,2026-08-27 09:00:00
2026-05-28,57024343,2140,0,1730.1786409448,1276.0067476968,1276.0067476968,1.0000000,4,4,0.49659680000000000,0.496596800000,1.7438802330937357,1.7438802330937355,1.7438802330937357,0E-17,ELIGIBLE,R03b_20260811_FULL_v1,L1_ELIGIBILITY,v2026-08-11,2026-03-21..2026-08-06,baccarat_bet02_101_all_pairs_incl_sentinel,round_win = game_pnl > 0 (decisive only),COMPATIBILITY_ONLY_NOT_PRODUCTION,4059548.3812,3680416.6879,6656.9809,9707,9692,-0.00163983,0.01249836,-0.00525961,-0.00163983,-6656.9809,4059548.3812,OK,0.0000,266.2792,4.0000,96.0000,AG03-UNRESOLVED,ALL5_LEVELS_bet23_to_bet27,266.2792,266.2792,266.2792,0.0000,0.0000,4.000000,4.000000,4.000000,0.000000,0.000000,96.000000,96.000000,96.000000,100.000000,100.000000,5.0,798.8377,767.3102,5858.1432,5889.6706,PENDING_AG03,FALSE,NOT_FOR_ENFORCEMENT,6390.7016,3533200.0204,6656.9809,6390.7016,266.2792,0.00163983,0.00157424,266.2792,6390.7016,0.00157424,266.2792,266.2792,266.2792,0.0000,0.0000,6390.7016,0.00157424,798.8377,767.3102,5858.1432,5889.6706,0.00144305,0.00145082,0.00006559,418.2083,379.7376,0.6869,61.6387,1.8384,37588.4109,89.7407,538.3845,395.5999,218.4789,430.6076,432.5446,432.5446,1046.441,1081.3617,427.0584,0.0,2.43015,2.511246,0.971205,30,216,96,2,0.20383968,0.00163983,-0.01249836,0E-8,0.000000,0.906607,0.000000,0.01775797,2026-03-22,2026-08-06,108,3621,2443,138,0.782609,1.360932,1.287360,0.679466,,,,,,,,GLOBAL_BASELINE_NO_ENTITY_RANKING,,,NOT_APPLICABLE_GLOBAL_BASELINE,HF9g-P5,,,,X 全窗基线 · 不参与实体赏罚,14198993,1420,A168_HF9F_20260827_0900,2026-08-27 09:00:00
2026-05-28,57024343,2167,0,432.5446602362,-432.5446602362,-432.5446602362,0E-7,1,1,0.50665070000000000,0.506650700000,-1.013391052207602,-1.013391052207602,-1.013391052207602,0E-17,ELIGIBLE,R03b_20260811_FULL_v1,L1_ELIGIBILITY,v2026-08-11,2026-03-21..2026-08-06,baccarat_bet02_101_all_pairs_incl_sentinel,round_win = game_pnl > 0 (decisive only),COMPATIBILITY_ONLY_NOT_PRODUCTION,4059548.3812,3680416.6879,6656.9809,9707,9692,-0.00163983,0.01249836,-0.00525961,-0.00163983,-6656.9809,4059548.3812,OK,0.0000,266.2792,4.0000,96.0000,AG03-UNRESOLVED,ALL5_LEVELS_bet23_to_bet27,266.2792,266.2792,266.2792,0.0000,0.0000,4.000000,4.000000,4.000000,0.000000,0.000000,96.000000,96.000000,96.000000,100.000000,100.000000,5.0,798.8377,767.3102,5858.1432,5889.6706,PENDING_AG03,FALSE,NOT_FOR_ENFORCEMENT,6390.7016,3533200.0204,6656.9809,6390.7016,266.2792,0.00163983,0.00157424,266.2792,6390.7016,0.00157424,266.2792,266.2792,266.2792,0.0000,0.0000,6390.7016,0.00157424,798.8377,767.3102,5858.1432,5889.6706,0.00144305,0.00145082,0.00006559,418.2083,379.7376,0.6869,61.6387,1.8384,37588.4109,89.7407,538.3845,395.5999,218.4789,430.6076,432.5446,432.5446,1046.441,1081.3617,427.0584,0.0,2.43015,2.511246,0.971205,30,216,96,2,0.20383968,0.00163983,-0.01249836,0E-8,0.000000,0.906607,0.000000,0.01775797,2026-03-22,2026-08-06,108,3621,2443,138,0.782609,1.360932,1.287360,0.679466,,,,,,,,GLOBAL_BASELINE_NO_ENTITY_RANKING,,,NOT_APPLICABLE_GLOBAL_BASELINE,HF9g-P5,,,,X 全窗基线 · 不参与实体赏罚,14198994,1420,A168_HF9F_20260827_0900,2026-08-27 09:00:00
2026-05-28,57024343,2174,0,432.5446602362,410.9174272244,410.9174272244,1.0000000,1,1,0.50665070000000000,0.506650700000,0.9867858985152569,0.9867858985152569,0.9867858985152569,0E-17,ELIGIBLE,R03b_20260811_FULL_v1,L1_ELIGIBILITY,v2026-08-11,2026-03-21..2026-08-06,baccarat_bet02_101_all_pairs_incl_sentinel,round_win = game_pnl > 0 (decisive only),COMPATIBILITY_ONLY_NOT_PRODUCTION,4059548.3812,3680416.6879,6656.9809,9707,9692,-0.00163983,0.01249836,-0.00525961,-0.00163983,-6656.9809,4059548.3812,OK,0.0000,266.2792,4.0000,96.0000,AG03-UNRESOLVED,ALL5_LEVELS_bet23_to_bet27,266.2792,266.2792,266.2792,0.0000,0.0000,4.000000,4.000000,4.000000,0.000000,0.000000,96.000000,96.000000,96.000000,100.000000,100.000000,5.0,798.8377,767.3102,5858.1432,5889.6706,PENDING_AG03,FALSE,NOT_FOR_ENFORCEMENT,6390.7016,3533200.0204,6656.9809,6390.7016,266.2792,0.00163983,0.00157424,266.2792,6390.7016,0.00157424,266.2792,266.2792,266.2792,0.0000,0.0000,6390.7016,0.00157424,798.8377,767.3102,5858.1432,5889.6706,0.00144305,0.00145082,0.00006559,418.2083,379.7376,0.6869,61.6387,1.8384,37588.4109,89.7407,538.3845,395.5999,218.4789,430.6076,432.5446,432.5446,1046.441,1081.3617,427.0584,0.0,2.43015,2.511246,0.971205,30,216,96,2,0.20383968,0.00163983,-0.01249836,0E-8,0.000000,0.906607,0.000000,0.01775797,2026-03-22,2026-08-06,108,3621,2443,138,0.782609,1.360932,1.287360,0.679466,,,,,,,,GLOBAL_BASELINE_NO_ENTITY_RANKING,,,NOT_APPLICABLE_GLOBAL_BASELINE,HF9g-P5,,,,X 全窗基线 · 不参与实体赏罚,14198995,1420,A168_HF9F_20260827_0900,2026-08-27 09:00:00
2026-05-28,57024343,2175,0,865.0893204724,-865.0893204724,-865.0893204724,0E-7,2,2,0.49994810000000000,0.499948100000,-1.4140667746232096,-1.4140667746232096,-1.4140667746232096,0E-17,ELIGIBLE,R03b_20260811_FULL_v1,L1_ELIGIBILITY,v2026-08-11,2026-03-21..2026-08-06,baccarat_bet02_101_all_pairs_incl_sentinel,round_win = game_pnl > 0 (decisive only),COMPATIBILITY_ONLY_NOT_PRODUCTION,4059548.3812,3680416.6879,6656.9809,9707,9692,-0.00163983,0.01249836,-0.00525961,-0.00163983,-6656.9809,4059548.3812,OK,0.0000,266.2792,4.0000,96.0000,AG03-UNRESOLVED,ALL5_LEVELS_bet23_to_bet27,266.2792,266.2792,266.2792,0.0000,0.0000,4.000000,4.000000,4.000000,0.000000,0.000000,96.000000,96.000000,96.000000,100.000000,100.000000,5.0,798.8377,767.3102,5858.1432,5889.6706,PENDING_AG03,FALSE,NOT_FOR_ENFORCEMENT,6390.7016,3533200.0204,6656.9809,6390.7016,266.2792,0.00163983,0.00157424,266.2792,6390.7016,0.00157424,266.2792,266.2792,266.2792,0.0000,0.0000,6390.7016,0.00157424,798.8377,767.3102,5858.1432,5889.6706,0.00144305,0.00145082,0.00006559,418.2083,379.7376,0.6869,61.6387,1.8384,37588.4109,89.7407,538.3845,395.5999,218.4789,430.6076,432.5446,432.5446,1046.441,1081.3617,427.0584,0.0,2.43015,2.511246,0.971205,30,216,96,2,0.20383968,0.00163983,-0.01249836,0E-8,0.000000,0.906607,0.000000,0.01775797,2026-03-22,2026-08-06,108,3621,2443,138,0.782609,1.360932,1.287360,0.679466,,,,,,,,GLOBAL_BASELINE_NO_ENTITY_RANKING,,,NOT_APPLICABLE_GLOBAL_BASELINE,HF9g-P5,,,,X 全窗基线 · 不参与实体赏罚,14198996,1420,A168_HF9F_20260827_0900,2026-08-27 09:00:00
2026-05-28,57024343,2250,0,432.5446602362,-432.5446602362,-432.5446602362,0E-7,1,1,0.50665070000000000,0.506650700000,-1.013391052207602,-1.013391052207602,-1.013391052207602,0E-17,ELIGIBLE,R03b_20260811_FULL_v1,L1_ELIGIBILITY,v2026-08-11,2026-03-21..2026-08-06,baccarat_bet02_101_all_pairs_incl_sentinel,round_win = game_pnl > 0 (decisive only),COMPATIBILITY_ONLY_NOT_PRODUCTION,4059548.3812,3680416.6879,6656.9809,9707,9692,-0.00163983,0.01249836,-0.00525961,-0.00163983,-6656.9809,4059548.3812,OK,0.0000,266.2792,4.0000,96.0000,AG03-UNRESOLVED,ALL5_LEVELS_bet23_to_bet27,266.2792,266.2792,266.2792,0.0000,0.0000,4.000000,4.000000,4.000000,0.000000,0.000000,96.000000,96.000000,96.000000,100.000000,100.000000,5.0,798.8377,767.3102,5858.1432,5889.6706,PENDING_AG03,FALSE,NOT_FOR_ENFORCEMENT,6390.7016,3533200.0204,6656.9809,6390.7016,266.2792,0.00163983,0.00157424,266.2792,6390.7016,0.00157424,266.2792,266.2792,266.2792,0.0000,0.0000,6390.7016,0.00157424,798.8377,767.3102,5858.1432,5889.6706,0.00144305,0.00145082,0.00006559,418.2083,379.7376,0.6869,61.6387,1.8384,37588.4109,89.7407,538.3845,395.5999,218.4789,430.6076,432.5446,432.5446,1046.441,1081.3617,427.0584,0.0,2.43015,2.511246,0.971205,30,216,96,2,0.20383968,0.00163983,-0.01249836,0E-8,0.000000,0.906607,0.000000,0.01775797,2026-03-22,2026-08-06,108,3621,2443,138,0.782609,1.360932,1.287360,0.679466,,,,,,,,GLOBAL_BASELINE_NO_ENTITY_RANKING,,,NOT_APPLICABLE_GLOBAL_BASELINE,HF9g-P5,,,,X 全窗基线 · 不参与实体赏罚,14198997,1420,A168_HF9F_20260827_0900,2026-08-27 09:00:00
2026-05-28,57024343,2266,0,432.5446602362,410.9174272244,410.9174272244,1.0000000,1,1,0.50665070000000000,0.506650700000,0.9867858985152569,0.9867858985152569,0.9867858985152569,0E-17,ELIGIBLE,R03b_20260811_FULL_v1,L1_ELIGIBILITY,v2026-08-11,2026-03-21..2026-08-06,baccarat_bet02_101_all_pairs_incl_sentinel,round_win = game_pnl > 0 (decisive only),COMPATIBILITY_ONLY_NOT_PRODUCTION,4059548.3812,3680416.6879,6656.9809,9707,9692,-0.00163983,0.01249836,-0.00525961,-0.00163983,-6656.9809,4059548.3812,OK,0.0000,266.2792,4.0000,96.0000,AG03-UNRESOLVED,ALL5_LEVELS_bet23_to_bet27,266.2792,266.2792,266.2792,0.0000,0.0000,4.000000,4.000000,4.000000,0.000000,0.000000,96.000000,96.000000,96.000000,100.000000,100.000000,5.0,798.8377,767.3102,5858.1432,5889.6706,PENDING_AG03,FALSE,NOT_FOR_ENFORCEMENT,6390.7016,3533200.0204,6656.9809,6390.7016,266.2792,0.00163983,0.00157424,266.2792,6390.7016,0.00157424,266.2792,266.2792,266.2792,0.0000,0.0000,6390.7016,0.00157424,798.8377,767.3102,5858.1432,5889.6706,0.00144305,0.00145082,0.00006559,418.2083,379.7376,0.6869,61.6387,1.8384,37588.4109,89.7407,538.3845,395.5999,218.4789,430.6076,432.5446,432.5446,1046.441,1081.3617,427.0584,0.0,2.43015,2.511246,0.971205,30,216,96,2,0.20383968,0.00163983,-0.01249836,0E-8,0.000000,0.906607,0.000000,0.01775797,2026-03-22,2026-08-06,108,3621,2443,138,0.782609,1.360932,1.287360,0.679466,,,,,,,,GLOBAL_BASELINE_NO_ENTITY_RANKING,,,NOT_APPLICABLE_GLOBAL_BASELINE,HF9g-P5,,,,X 全窗基线 · 不参与实体赏罚,14198998,1420,A168_HF9F_20260827_0900,2026-08-27 09:00:00
2026-05-28,57024343,2267,0,865.0893204724,-21.6272330118,-21.6272330118,0.5000000,2,2,0.49994810000000000,0.499948100000,0.00014679536856514622,0.00014679536856514622,0.00014679536856514622,0E-17,ELIGIBLE,R03b_20260811_FULL_v1,L1_ELIGIBILITY,v2026-08-11,2026-03-21..2026-08-06,baccarat_bet02_101_all_pairs_incl_sentinel,round_win = game_pnl > 0 (decisive only),COMPATIBILITY_ONLY_NOT_PRODUCTION,4059548.3812,3680416.6879,6656.9809,9707,9692,-0.00163983,0.01249836,-0.00525961,-0.00163983,-6656.9809,4059548.3812,OK,0.0000,266.2792,4.0000,96.0000,AG03-UNRESOLVED,ALL5_LEVELS_bet23_to_bet27,266.2792,266.2792,266.2792,0.0000,0.0000,4.000000,4.000000,4.000000,0.000000,0.000000,96.000000,96.000000,96.000000,100.000000,100.000000,5.0,798.8377,767.3102,5858.1432,5889.6706,PENDING_AG03,FALSE,NOT_FOR_ENFORCEMENT,6390.7016,3533200.0204,6656.9809,6390.7016,266.2792,0.00163983,0.00157424,266.2792,6390.7016,0.00157424,266.2792,266.2792,266.2792,0.0000,0.0000,6390.7016,0.00157424,798.8377,767.3102,5858.1432,5889.6706,0.00144305,0.00145082,0.00006559,418.2083,379.7376,0.6869,61.6387,1.8384,37588.4109,89.7407,538.3845,395.5999,218.4789,430.6076,432.5446,432.5446,1046.441,1081.3617,427.0584,0.0,2.43015,2.511246,0.971205,30,216,96,2,0.20383968,0.00163983,-0.01249836,0E-8,0.000000,0.906607,0.000000,0.01775797,2026-03-22,2026-08-06,108,3621,2443,138,0.782609,1.360932,1.287360,0.679466,,,,,,,,GLOBAL_BASELINE_NO_ENTITY_RANKING,,,NOT_APPLICABLE_GLOBAL_BASELINE,HF9g-P5,,,,X 全窗基线 · 不参与实体赏罚,14198999,1420,A168_HF9F_20260827_0900,2026-08-27 09:00:00
2026-05-28,57024343,526,0,865.0893204724,843.4620874606,843.4620874606,1.0000000,2,2,0.49994810000000000,0.499948100000,1.4143603653603398,1.4143603653603398,1.4143603653603398,0E-17,ELIGIBLE,R03b_20260811_FULL_v1,L1_ELIGIBILITY,v2026-08-11,2026-03-21..2026-08-06,baccarat_bet02_101_all_pairs_incl_sentinel,round_win = game_pnl > 0 (decisive only),COMPATIBILITY_ONLY_NOT_PRODUCTION,4059548.3812,3680416.6879,6656.9809,9707,9692,-0.00163983,0.01249836,-0.00525961,-0.00163983,-6656.9809,4059548.3812,OK,0.0000,266.2792,4.0000,96.0000,AG03-UNRESOLVED,ALL5_LEVELS_bet23_to_bet27,266.2792,266.2792,266.2792,0.0000,0.0000,4.000000,4.000000,4.000000,0.000000,0.000000,96.000000,96.000000,96.000000,100.000000,100.000000,5.0,798.8377,767.3102,5858.1432,5889.6706,PENDING_AG03,FALSE,NOT_FOR_ENFORCEMENT,6390.7016,3533200.0204,6656.9809,6390.7016,266.2792,0.00163983,0.00157424,266.2792,6390.7016,0.00157424,266.2792,266.2792,266.2792,0.0000,0.0000,6390.7016,0.00157424,798.8377,767.3102,5858.1432,5889.6706,0.00144305,0.00145082,0.00006559,418.2083,379.7376,0.6869,61.6387,1.8384,37588.4109,89.7407,538.3845,395.5999,218.4789,430.6076,432.5446,432.5446,1046.441,1081.3617,427.0584,0.0,2.43015,2.511246,0.971205,30,216,96,2,0.20383968,0.00163983,-0.01249836,0E-8,0.000000,0.906607,0.000000,0.01775797,2026-03-22,2026-08-06,108,3621,2443,138,0.782609,1.360932,1.287360,0.679466,,,,,,,,GLOBAL_BASELINE_NO_ENTITY_RANKING,,,NOT_APPLICABLE_GLOBAL_BASELINE,HF9g-P5,,,,X 全窗基线 · 不参与实体赏罚,14199000,1420,A168_HF9F_20260827_0900,2026-08-27 09:00:00
2026-05-28,57024343,550,0,1297.6339807086,-21.6272330118,-21.6272330118,0.5000000,3,3,0.50665070000000000,0.506650700000,-0.018812684590367487,-0.018812684590367487,-0.018812684590367487,0E-17,ELIGIBLE,R03b_20260811_FULL_v1,L1_ELIGIBILITY,v2026-08-11,2026-03-21..2026-08-06,baccarat_bet02_101_all_pairs_incl_sentinel,round_win = game_pnl > 0 (decisive only),COMPATIBILITY_ONLY_NOT_PRODUCTION,4059548.3812,3680416.6879,6656.9809,9707,9692,-0.00163983,0.01249836,-0.00525961,-0.00163983,-6656.9809,4059548.3812,OK,0.0000,266.2792,4.0000,96.0000,AG03-UNRESOLVED,ALL5_LEVELS_bet23_to_bet27,266.2792,266.2792,266.2792,0.0000,0.0000,4.000000,4.000000,4.000000,0.000000,0.000000,96.000000,96.000000,96.000000,100.000000,100.000000,5.0,798.8377,767.3102,5858.1432,5889.6706,PENDING_AG03,FALSE,NOT_FOR_ENFORCEMENT,6390.7016,3533200.0204,6656.9809,6390.7016,266.2792,0.00163983,0.00157424,266.2792,6390.7016,0.00157424,266.2792,266.2792,266.2792,0.0000,0.0000,6390.7016,0.00157424,798.8377,767.3102,5858.1432,5889.6706,0.00144305,0.00145082,0.00006559,418.2083,379.7376,0.6869,61.6387,1.8384,37588.4109,89.7407,538.3845,395.5999,218.4789,430.6076,432.5446,432.5446,1046.441,1081.3617,427.0584,0.0,2.43015,2.511246,0.971205,30,216,96,2,0.20383968,0.00163983,-0.01249836,0E-8,0.000000,0.906607,0.000000,0.01775797,2026-03-22,2026-08-06,108,3621,2443,138,0.782609,1.360932,1.287360,0.679466,,,,,,,,GLOBAL_BASELINE_NO_ENTITY_RANKING,,,NOT_APPLICABLE_GLOBAL_BASELINE,HF9g-P5,,,,X 全窗基线 · 不参与实体赏罚,14199001,1420,A168_HF9F_20260827_0900,2026-08-27 09:00:00
2026-05-28,57024343,752,0,2595.2679614172,-64.8816990354,-64.8816990354,0.5000000,6,6,0.50665070000000000,0.506650700000,-0.032584525537284574,-0.032584525537284574,-0.032584525537284574,0E-17,ELIGIBLE,R03b_20260811_FULL_v1,L1_ELIGIBILITY,v2026-08-11,2026-03-21..2026-08-06,baccarat_bet02_101_all_pairs_incl_sentinel,round_win = game_pnl > 0 (decisive only),COMPATIBILITY_ONLY_NOT_PRODUCTION,4059548.3812,3680416.6879,6656.9809,9707,9692,-0.00163983,0.01249836,-0.00525961,-0.00163983,-6656.9809,4059548.3812,OK,0.0000,266.2792,4.0000,96.0000,AG03-UNRESOLVED,ALL5_LEVELS_bet23_to_bet27,266.2792,266.2792,266.2792,0.0000,0.0000,4.000000,4.000000,4.000000,0.000000,0.000000,96.000000,96.000000,96.000000,100.000000,100.000000,5.0,798.8377,767.3102,5858.1432,5889.6706,PENDING_AG03,FALSE,NOT_FOR_ENFORCEMENT,6390.7016,3533200.0204,6656.9809,6390.7016,266.2792,0.00163983,0.00157424,266.2792,6390.7016,0.00157424,266.2792,266.2792,266.2792,0.0000,0.0000,6390.7016,0.00157424,798.8377,767.3102,5858.1432,5889.6706,0.00144305,0.00145082,0.00006559,418.2083,379.7376,0.6869,61.6387,1.8384,37588.4109,89.7407,538.3845,395.5999,218.4789,430.6076,432.5446,432.5446,1046.441,1081.3617,427.0584,0.0,2.43015,2.511246,0.971205,30,216,96,2,0.20383968,0.00163983,-0.01249836,0E-8,0.000000,0.906607,0.000000,0.01775797,2026-03-22,2026-08-06,108,3621,2443,138,0.782609,1.360932,1.287360,0.679466,,,,,,,,GLOBAL_BASELINE_NO_ENTITY_RANKING,,,NOT_APPLICABLE_GLOBAL_BASELINE,HF9g-P5,,,,X 全窗基线 · 不参与实体赏罚,14199002,1420,A168_HF9F_20260827_0900,2026-08-27 09:00:00
2026-05-28,57024343,925,0,432.5446602362,432.5446602362,432.5446602362,1.0000000,1,1,0.49324550000000000,0.493245500000,1.01360149184955,1.01360149184955,1.01360149184955,0E-17,ELIGIBLE,R03b_20260811_FULL_v1,L1_ELIGIBILITY,v2026-08-11,2026-03-21..2026-08-06,baccarat_bet02_101_all_pairs_incl_sentinel,round_win = game_pnl > 0 (decisive only),COMPATIBILITY_ONLY_NOT_PRODUCTION,4059548.3812,3680416.6879,6656.9809,9707,9692,-0.00163983,0.01249836,-0.00525961,-0.00163983,-6656.9809,4059548.3812,OK,0.0000,266.2792,4.0000,96.0000,AG03-UNRESOLVED,ALL5_LEVELS_bet23_to_bet27,266.2792,266.2792,266.2792,0.0000,0.0000,4.000000,4.000000,4.000000,0.000000,0.000000,96.000000,96.000000,96.000000,100.000000,100.000000,5.0,798.8377,767.3102,5858.1432,5889.6706,PENDING_AG03,FALSE,NOT_FOR_ENFORCEMENT,6390.7016,3533200.0204,6656.9809,6390.7016,266.2792,0.00163983,0.00157424,266.2792,6390.7016,0.00157424,266.2792,266.2792,266.2792,0.0000,0.0000,6390.7016,0.00157424,798.8377,767.3102,5858.1432,5889.6706,0.00144305,0.00145082,0.00006559,418.2083,379.7376,0.6869,61.6387,1.8384,37588.4109,89.7407,538.3845,395.5999,218.4789,430.6076,432.5446,432.5446,1046.441,1081.3617,427.0584,0.0,2.43015,2.511246,0.971205,30,216,96,2,0.20383968,0.00163983,-0.01249836,0E-8,0.000000,0.906607,0.000000,0.01775797,2026-03-22,2026-08-06,108,3621,2443,138,0.782609,1.360932,1.287360,0.679466,,,,,,,,GLOBAL_BASELINE_NO_ENTITY_RANKING,,,NOT_APPLICABLE_GLOBAL_BASELINE,HF9g-P5,,,,X 全窗基线 · 不参与实体赏罚,14199003,1420,A168_HF9F_20260827_0900,2026-08-27 09:00:00
2026-05-29,57024343,-1,1,3027.8126216534,-1751.8058739566,-1751.8058739566,0.1666667,7,7,0.50473567142857143,0.504735671429,-1.6562674095404992,-1.6562674095426126,-1.6562674095404992,-4.2857E-13,SENTINEL_DEALER,R03b_20260811_FULL_v1,L1_ELIGIBILITY,v2026-08-11,2026-03-21..2026-08-06,baccarat_bet02_101_all_pairs_incl_sentinel,round_win = game_pnl > 0 (decisive only),COMPATIBILITY_ONLY_NOT_PRODUCTION,4059548.3812,3680416.6879,6656.9809,9707,9692,-0.00163983,0.01249836,-0.00525961,-0.00163983,-6656.9809,4059548.3812,OK,0.0000,266.2792,4.0000,96.0000,AG03-UNRESOLVED,ALL5_LEVELS_bet23_to_bet27,266.2792,266.2792,266.2792,0.0000,0.0000,4.000000,4.000000,4.000000,0.000000,0.000000,96.000000,96.000000,96.000000,100.000000,100.000000,5.0,798.8377,767.3102,5858.1432,5889.6706,PENDING_AG03,FALSE,NOT_FOR_ENFORCEMENT,6390.7016,3533200.0204,6656.9809,6390.7016,266.2792,0.00163983,0.00157424,266.2792,6390.7016,0.00157424,266.2792,266.2792,266.2792,0.0000,0.0000,6390.7016,0.00157424,798.8377,767.3102,5858.1432,5889.6706,0.00144305,0.00145082,0.00006559,418.2083,379.7376,0.6869,61.6387,1.8384,37588.4109,89.7407,538.3845,395.5999,218.4789,430.6076,432.5446,432.5446,1046.441,1081.3617,427.0584,0.0,2.43015,2.511246,0.971205,30,216,96,2,0.20383968,0.00163983,-0.01249836,0E-8,0.000000,0.906607,0.000000,0.01775797,2026-03-22,2026-08-06,108,3621,2443,138,0.782609,1.360932,1.287360,0.679466,,,,,,,,GLOBAL_BASELINE_NO_ENTITY_RANKING,,,NOT_APPLICABLE_GLOBAL_BASELINE,HF9g-P5,,,,X 全窗基线 · 不参与实体赏罚,14199004,1420,A168_HF9F_20260827_0900,2026-08-27 09:00:00
2026-05-29,57024343,1109,0,1297.6339807086,-1297.6339807086,-1297.6339807086,0E-7,3,3,0.50665070000000000,0.506650700000,-1.7552447903592512,-1.7552447903592512,-1.7552447903592512,0E-17,ELIGIBLE,R03b_20260811_FULL_v1,L1_ELIGIBILITY,v2026-08-11,2026-03-21..2026-08-06,baccarat_bet02_101_all_pairs_incl_sentinel,round_win = game_pnl > 0 (decisive only),COMPATIBILITY_ONLY_NOT_PRODUCTION,4059548.3812,3680416.6879,6656.9809,9707,9692,-0.00163983,0.01249836,-0.00525961,-0.00163983,-6656.9809,4059548.3812,OK,0.0000,266.2792,4.0000,96.0000,AG03-UNRESOLVED,ALL5_LEVELS_bet23_to_bet27,266.2792,266.2792,266.2792,0.0000,0.0000,4.000000,4.000000,4.000000,0.000000,0.000000,96.000000,96.000000,96.000000,100.000000,100.000000,5.0,798.8377,767.3102,5858.1432,5889.6706,PENDING_AG03,FALSE,NOT_FOR_ENFORCEMENT,6390.7016,3533200.0204,6656.9809,6390.7016,266.2792,0.00163983,0.00157424,266.2792,6390.7016,0.00157424,266.2792,266.2792,266.2792,0.0000,0.0000,6390.7016,0.00157424,798.8377,767.3102,5858.1432,5889.6706,0.00144305,0.00145082,0.00006559,418.2083,379.7376,0.6869,61.6387,1.8384,37588.4109,89.7407,538.3845,395.5999,218.4789,430.6076,432.5446,432.5446,1046.441,1081.3617,427.0584,0.0,2.43015,2.511246,0.971205,30,216,96,2,0.20383968,0.00163983,-0.01249836,0E-8,0.000000,0.906607,0.000000,0.01775797,2026-03-22,2026-08-06,108,3621,2443,138,0.782609,1.360932,1.287360,0.679466,,,,,,,,GLOBAL_BASELINE_NO_ENTITY_RANKING,,,NOT_APPLICABLE_GLOBAL_BASELINE,HF9g-P5,,,,X 全窗基线 · 不参与实体赏罚,14199005,1420,A168_HF9F_20260827_0900,2026-08-27 09:00:00
2026-05-29,57024343,1115,0,432.5446602362,410.9174272244,410.9174272244,1.0000000,1,1,0.50665070000000000,0.506650700000,0.9867858985152569,0.9867858985152569,0.9867858985152569,0E-17,ELIGIBLE,R03b_20260811_FULL_v1,L1_ELIGIBILITY,v2026-08-11,2026-03-21..2026-08-06,baccarat_bet02_101_all_pairs_incl_sentinel,round_win = game_pnl > 0 (decisive only),COMPATIBILITY_ONLY_NOT_PRODUCTION,4059548.3812,3680416.6879,6656.9809,9707,9692,-0.00163983,0.01249836,-0.00525961,-0.00163983,-6656.9809,4059548.3812,OK,0.0000,266.2792,4.0000,96.0000,AG03-UNRESOLVED,ALL5_LEVELS_bet23_to_bet27,266.2792,266.2792,266.2792,0.0000,0.0000,4.000000,4.000000,4.000000,0.000000,0.000000,96.000000,96.000000,96.000000,100.000000,100.000000,5.0,798.8377,767.3102,5858.1432,5889.6706,PENDING_AG03,FALSE,NOT_FOR_ENFORCEMENT,6390.7016,3533200.0204,6656.9809,6390.7016,266.2792,0.00163983,0.00157424,266.2792,6390.7016,0.00157424,266.2792,266.2792,266.2792,0.0000,0.0000,6390.7016,0.00157424,798.8377,767.3102,5858.1432,5889.6706,0.00144305,0.00145082,0.00006559,418.2083,379.7376,0.6869,61.6387,1.8384,37588.4109,89.7407,538.3845,395.5999,218.4789,430.6076,432.5446,432.5446,1046.441,1081.3617,427.0584,0.0,2.43015,2.511246,0.971205,30,216,96,2,0.20383968,0.00163983,-0.01249836,0E-8,0.000000,0.906607,0.000000,0.01775797,2026-03-22,2026-08-06,108,3621,2443,138,0.782609,1.360932,1.287360,0.679466,,,,,,,,GLOBAL_BASELINE_NO_ENTITY_RANKING,,,NOT_APPLICABLE_GLOBAL_BASELINE,HF9g-P5,,,,X 全窗基线 · 不参与实体赏罚,14199006,1420,A168_HF9F_20260827_0900,2026-08-27 09:00:00
2026-05-29,57024343,1307,0,1081.3616505905,183.8314806003,183.8314806003,0.5000000,2,2,0.49994810000000000,0.499948100000,0.00014679536856514622,0.00014679536856514622,0.00014679536856514622,0E-17,ELIGIBLE,R03b_20260811_FULL_v1,L1_ELIGIBILITY,v2026-08-11,2026-03-21..2026-08-06,baccarat_bet02_101_all_pairs_incl_sentinel,round_win = game_pnl > 0 (decisive only),COMPATIBILITY_ONLY_NOT_PRODUCTION,4059548.3812,3680416.6879,6656.9809,9707,9692,-0.00163983,0.01249836,-0.00525961,-0.00163983,-6656.9809,4059548.3812,OK,0.0000,266.2792,4.0000,96.0000,AG03-UNRESOLVED,ALL5_LEVELS_bet23_to_bet27,266.2792,266.2792,266.2792,0.0000,0.0000,4.000000,4.000000,4.000000,0.000000,0.000000,96.000000,96.000000,96.000000,100.000000,100.000000,5.0,798.8377,767.3102,5858.1432,5889.6706,PENDING_AG03,FALSE,NOT_FOR_ENFORCEMENT,6390.7016,3533200.0204,6656.9809,6390.7016,266.2792,0.00163983,0.00157424,266.2792,6390.7016,0.00157424,266.2792,266.2792,266.2792,0.0000,0.0000,6390.7016,0.00157424,798.8377,767.3102,5858.1432,5889.6706,0.00144305,0.00145082,0.00006559,418.2083,379.7376,0.6869,61.6387,1.8384,37588.4109,89.7407,538.3845,395.5999,218.4789,430.6076,432.5446,432.5446,1046.441,1081.3617,427.0584,0.0,2.43015,2.511246,0.971205,30,216,96,2,0.20383968,0.00163983,-0.01249836,0E-8,0.000000,0.906607,0.000000,0.01775797,2026-03-22,2026-08-06,108,3621,2443,138,0.782609,1.360932,1.287360,0.679466,,,,,,,,GLOBAL_BASELINE_NO_ENTITY_RANKING,,,NOT_APPLICABLE_GLOBAL_BASELINE,HF9g-P5,,,,X 全窗基线 · 不参与实体赏罚,14199007,1420,A168_HF9F_20260827_0900,2026-08-27 09:00:00
2026-05-29,57024343,1325,0,1297.6339807086,-1297.6339807086,-1297.6339807086,0E-7,3,3,0.50665070000000000,0.506650700000,-1.7552447903592512,-1.7552447903592512,-1.7552447903592512,0E-17,ELIGIBLE,R03b_20260811_FULL_v1,L1_ELIGIBILITY,v2026-08-11,2026-03-21..2026-08-06,baccarat_bet02_101_all_pairs_incl_sentinel,round_win = game_pnl > 0 (decisive only),COMPATIBILITY_ONLY_NOT_PRODUCTION,4059548.3812,3680416.6879,6656.9809,9707,9692,-0.00163983,0.01249836,-0.00525961,-0.00163983,-6656.9809,4059548.3812,OK,0.0000,266.2792,4.0000,96.0000,AG03-UNRESOLVED,ALL5_LEVELS_bet23_to_bet27,266.2792,266.2792,266.2792,0.0000,0.0000,4.000000,4.000000,4.000000,0.000000,0.000000,96.000000,96.000000,96.000000,100.000000,100.000000,5.0,798.8377,767.3102,5858.1432,5889.6706,PENDING_AG03,FALSE,NOT_FOR_ENFORCEMENT,6390.7016,3533200.0204,6656.9809,6390.7016,266.2792,0.00163983,0.00157424,266.2792,6390.7016,0.00157424,266.2792,266.2792,266.2792,0.0000,0.0000,6390.7016,0.00157424,798.8377,767.3102,5858.1432,5889.6706,0.00144305,0.00145082,0.00006559,418.2083,379.7376,0.6869,61.6387,1.8384,37588.4109,89.7407,538.3845,395.5999,218.4789,430.6076,432.5446,432.5446,1046.441,1081.3617,427.0584,0.0,2.43015,2.511246,0.971205,30,216,96,2,0.20383968,0.00163983,-0.01249836,0E-8,0.000000,0.906607,0.000000,0.01775797,2026-03-22,2026-08-06,108,3621,2443,138,0.782609,1.360932,1.287360,0.679466,,,,,,,,GLOBAL_BASELINE_NO_ENTITY_RANKING,,,NOT_APPLICABLE_GLOBAL_BASELINE,HF9g-P5,,,,X 全窗基线 · 不参与实体赏罚,14199008,1420,A168_HF9F_20260827_0900,2026-08-27 09:00:00
2026-05-29,57024343,1353,0,432.5446602362,-432.5446602362,-432.5446602362,0E-7,1,1,0.50665070000000000,0.506650700000,-1.013391052207602,-1.013391052207602,-1.013391052207602,0E-17,ELIGIBLE,R03b_20260811_FULL_v1,L1_ELIGIBILITY,v2026-08-11,2026-03-21..2026-08-06,baccarat_bet02_101_all_pairs_incl_sentinel,round_win = game_pnl > 0 (decisive only),COMPATIBILITY_ONLY_NOT_PRODUCTION,4059548.3812,3680416.6879,6656.9809,9707,9692,-0.00163983,0.01249836,-0.00525961,-0.00163983,-6656.9809,4059548.3812,OK,0.0000,266.2792,4.0000,96.0000,AG03-UNRESOLVED,ALL5_LEVELS_bet23_to_bet27,266.2792,266.2792,266.2792,0.0000,0.0000,4.000000,4.000000,4.000000,0.000000,0.000000,96.000000,96.000000,96.000000,100.000000,100.000000,5.0,798.8377,767.3102,5858.1432,5889.6706,PENDING_AG03,FALSE,NOT_FOR_ENFORCEMENT,6390.7016,3533200.0204,6656.9809,6390.7016,266.2792,0.00163983,0.00157424,266.2792,6390.7016,0.00157424,266.2792,266.2792,266.2792,0.0000,0.0000,6390.7016,0.00157424,798.8377,767.3102,5858.1432,5889.6706,0.00144305,0.00145082,0.00006559,418.2083,379.7376,0.6869,61.6387,1.8384,37588.4109,89.7407,538.3845,395.5999,218.4789,430.6076,432.5446,432.5446,1046.441,1081.3617,427.0584,0.0,2.43015,2.511246,0.971205,30,216,96,2,0.20383968,0.00163983,-0.01249836,0E-8,0.000000,0.906607,0.000000,0.01775797,2026-03-22,2026-08-06,108,3621,2443,138,0.782609,1.360932,1.287360,0.679466,,,,,,,,GLOBAL_BASELINE_NO_ENTITY_RANKING,,,NOT_APPLICABLE_GLOBAL_BASELINE,HF9g-P5,,,,X 全窗基线 · 不参与实体赏罚,14199009,1420,A168_HF9F_20260827_0900,2026-08-27 09:00:00
2026-05-29,57024343,1363,0,1081.3616505905,194.6450971063,194.6450971063,0.5000000,3,3,0.50665070000000000,0.506650700000,-0.018812684590367487,-0.018812684590367487,-0.018812684590367487,0E-17,ELIGIBLE,R03b_20260811_FULL_v1,L1_ELIGIBILITY,v2026-08-11,2026-03-21..2026-08-06,baccarat_bet02_101_all_pairs_incl_sentinel,round_win = game_pnl > 0 (decisive only),COMPATIBILITY_ONLY_NOT_PRODUCTION,4059548.3812,3680416.6879,6656.9809,9707,9692,-0.00163983,0.01249836,-0.00525961,-0.00163983,-6656.9809,4059548.3812,OK,0.0000,266.2792,4.0000,96.0000,AG03-UNRESOLVED,ALL5_LEVELS_bet23_to_bet27,266.2792,266.2792,266.2792,0.0000,0.0000,4.000000,4.000000,4.000000,0.000000,0.000000,96.000000,96.000000,96.000000,100.000000,100.000000,5.0,798.8377,767.3102,5858.1432,5889.6706,PENDING_AG03,FALSE,NOT_FOR_ENFORCEMENT,6390.7016,3533200.0204,6656.9809,6390.7016,266.2792,0.00163983,0.00157424,266.2792,6390.7016,0.00157424,266.2792,266.2792,266.2792,0.0000,0.0000,6390.7016,0.00157424,798.8377,767.3102,5858.1432,5889.6706,0.00144305,0.00145082,0.00006559,418.2083,379.7376,0.6869,61.6387,1.8384,37588.4109,89.7407,538.3845,395.5999,218.4789,430.6076,432.5446,432.5446,1046.441,1081.3617,427.0584,0.0,2.43015,2.511246,0.971205,30,216,96,2,0.20383968,0.00163983,-0.01249836,0E-8,0.000000,0.906607,0.000000,0.01775797,2026-03-22,2026-08-06,108,3621,2443,138,0.782609,1.360932,1.287360,0.679466,,,,,,,,GLOBAL_BASELINE_NO_ENTITY_RANKING,,,NOT_APPLICABLE_GLOBAL_BASELINE,HF9g-P5,,,,X 全窗基线 · 不参与实体赏罚,14199010,1420,A168_HF9F_20260827_0900,2026-08-27 09:00:00
2026-05-29,57024343,1402,0,865.0893204724,-21.6272330118,-21.6272330118,0.5000000,2,2,0.50665070000000000,0.506650700000,-0.018812684590367487,-0.018812684590367487,-0.018812684590367487,0E-17,ELIGIBLE,R03b_20260811_FULL_v1,L1_ELIGIBILITY,v2026-08-11,2026-03-21..2026-08-06,baccarat_bet02_101_all_pairs_incl_sentinel,round_win = game_pnl > 0 (decisive only),COMPATIBILITY_ONLY_NOT_PRODUCTION,4059548.3812,3680416.6879,6656.9809,9707,9692,-0.00163983,0.01249836,-0.00525961,-0.00163983,-6656.9809,4059548.3812,OK,0.0000,266.2792,4.0000,96.0000,AG03-UNRESOLVED,ALL5_LEVELS_bet23_to_bet27,266.2792,266.2792,266.2792,0.0000,0.0000,4.000000,4.000000,4.000000,0.000000,0.000000,96.000000,96.000000,96.000000,100.000000,100.000000,5.0,798.8377,767.3102,5858.1432,5889.6706,PENDING_AG03,FALSE,NOT_FOR_ENFORCEMENT,6390.7016,3533200.0204,6656.9809,6390.7016,266.2792,0.00163983,0.00157424,266.2792,6390.7016,0.00157424,266.2792,266.2792,266.2792,0.0000,0.0000,6390.7016,0.00157424,798.8377,767.3102,5858.1432,5889.6706,0.00144305,0.00145082,0.00006559,418.2083,379.7376,0.6869,61.6387,1.8384,37588.4109,89.7407,538.3845,395.5999,218.4789,430.6076,432.5446,432.5446,1046.441,1081.3617,427.0584,0.0,2.43015,2.511246,0.971205,30,216,96,2,0.20383968,0.00163983,-0.01249836,0E-8,0.000000,0.906607,0.000000,0.01775797,2026-03-22,2026-08-06,108,3621,2443,138,0.782609,1.360932,1.287360,0.679466,,,,,,,,GLOBAL_BASELINE_NO_ENTITY_RANKING,,,NOT_APPLICABLE_GLOBAL_BASELINE,HF9g-P5,,,,X 全窗基线 · 不参与实体赏罚,14199011,1420,A168_HF9F_20260827_0900,2026-08-27 09:00:00
2026-05-29,57024343,1509,0,1297.6339807086,-1297.6339807086,-1297.6339807086,0E-7,3,3,0.50665070000000000,0.506650700000,-1.7552447903592512,-1.7552447903592512,-1.7552447903592512,0E-17,ELIGIBLE,R03b_20260811_FULL_v1,L1_ELIGIBILITY,v2026-08-11,2026-03-21..2026-08-06,baccarat_bet02_101_all_pairs_incl_sentinel,round_win = game_pnl > 0 (decisive only),COMPATIBILITY_ONLY_NOT_PRODUCTION,4059548.3812,3680416.6879,6656.9809,9707,9692,-0.00163983,0.01249836,-0.00525961,-0.00163983,-6656.9809,4059548.3812,OK,0.0000,266.2792,4.0000,96.0000,AG03-UNRESOLVED,ALL5_LEVELS_bet23_to_bet27,266.2792,266.2792,266.2792,0.0000,0.0000,4.000000,4.000000,4.000000,0.000000,0.000000,96.000000,96.000000,96.000000,100.000000,100.000000,5.0,798.8377,767.3102,5858.1432,5889.6706,PENDING_AG03,FALSE,NOT_FOR_ENFORCEMENT,6390.7016,3533200.0204,6656.9809,6390.7016,266.2792,0.00163983,0.00157424,266.2792,6390.7016,0.00157424,266.2792,266.2792,266.2792,0.0000,0.0000,6390.7016,0.00157424,798.8377,767.3102,5858.1432,5889.6706,0.00144305,0.00145082,0.00006559,418.2083,379.7376,0.6869,61.6387,1.8384,37588.4109,89.7407,538.3845,395.5999,218.4789,430.6076,432.5446,432.5446,1046.441,1081.3617,427.0584,0.0,2.43015,2.511246,0.971205,30,216,96,2,0.20383968,0.00163983,-0.01249836,0E-8,0.000000,0.906607,0.000000,0.01775797,2026-03-22,2026-08-06,108,3621,2443,138,0.782609,1.360932,1.287360,0.679466,,,,,,,,GLOBAL_BASELINE_NO_ENTITY_RANKING,,,NOT_APPLICABLE_GLOBAL_BASELINE,HF9g-P5,,,,X 全窗基线 · 不参与实体赏罚,14199012,1420,A168_HF9F_20260827_0900,2026-08-27 09:00:00
2026-05-29,57024343,1623,0,216.2723301181,205.4587136122,205.4587136122,1.0000000,1,1,0.50665070000000000,0.506650700000,0.9867858985152569,0.9867858985152569,0.9867858985152569,0E-17,ELIGIBLE,R03b_20260811_FULL_v1,L1_ELIGIBILITY,v2026-08-11,2026-03-21..2026-08-06,baccarat_bet02_101_all_pairs_incl_sentinel,round_win = game_pnl > 0 (decisive only),COMPATIBILITY_ONLY_NOT_PRODUCTION,4059548.3812,3680416.6879,6656.9809,9707,9692,-0.00163983,0.01249836,-0.00525961,-0.00163983,-6656.9809,4059548.3812,OK,0.0000,266.2792,4.0000,96.0000,AG03-UNRESOLVED,ALL5_LEVELS_bet23_to_bet27,266.2792,266.2792,266.2792,0.0000,0.0000,4.000000,4.000000,4.000000,0.000000,0.000000,96.000000,96.000000,96.000000,100.000000,100.000000,5.0,798.8377,767.3102,5858.1432,5889.6706,PENDING_AG03,FALSE,NOT_FOR_ENFORCEMENT,6390.7016,3533200.0204,6656.9809,6390.7016,266.2792,0.00163983,0.00157424,266.2792,6390.7016,0.00157424,266.2792,266.2792,266.2792,0.0000,0.0000,6390.7016,0.00157424,798.8377,767.3102,5858.1432,5889.6706,0.00144305,0.00145082,0.00006559,418.2083,379.7376,0.6869,61.6387,1.8384,37588.4109,89.7407,538.3845,395.5999,218.4789,430.6076,432.5446,432.5446,1046.441,1081.3617,427.0584,0.0,2.43015,2.511246,0.971205,30,216,96,2,0.20383968,0.00163983,-0.01249836,0E-8,0.000000,0.906607,0.000000,0.01775797,2026-03-22,2026-08-06,108,3621,2443,138,0.782609,1.360932,1.287360,0.679466,,,,,,,,GLOBAL_BASELINE_NO_ENTITY_RANKING,,,NOT_APPLICABLE_GLOBAL_BASELINE,HF9g-P5,,,,X 全窗基线 · 不参与实体赏罚,14199013,1420,A168_HF9F_20260827_0900,2026-08-27 09:00:00
2026-05-29,57024343,1714,0,1946.4509710629,173.0178640945,173.0178640945,0.6666667,4,4,0.50665070000000000,0.506650700000,0.5543606114942035,0.5543606114942035,0.5543606114942035,0E-17,ELIGIBLE,R03b_20260811_FULL_v1,L1_ELIGIBILITY,v2026-08-11,2026-03-21..2026-08-06,baccarat_bet02_101_all_pairs_incl_sentinel,round_win = game_pnl > 0 (decisive only),COMPATIBILITY_ONLY_NOT_PRODUCTION,4059548.3812,3680416.6879,6656.9809,9707,9692,-0.00163983,0.01249836,-0.00525961,-0.00163983,-6656.9809,4059548.3812,OK,0.0000,266.2792,4.0000,96.0000,AG03-UNRESOLVED,ALL5_LEVELS_bet23_to_bet27,266.2792,266.2792,266.2792,0.0000,0.0000,4.000000,4.000000,4.000000,0.000000,0.000000,96.000000,96.000000,96.000000,100.000000,100.000000,5.0,798.8377,767.3102,5858.1432,5889.6706,PENDING_AG03,FALSE,NOT_FOR_ENFORCEMENT,6390.7016,3533200.0204,6656.9809,6390.7016,266.2792,0.00163983,0.00157424,266.2792,6390.7016,0.00157424,266.2792,266.2792,266.2792,0.0000,0.0000,6390.7016,0.00157424,798.8377,767.3102,5858.1432,5889.6706,0.00144305,0.00145082,0.00006559,418.2083,379.7376,0.6869,61.6387,1.8384,37588.4109,89.7407,538.3845,395.5999,218.4789,430.6076,432.5446,432.5446,1046.441,1081.3617,427.0584,0.0,2.43015,2.511246,0.971205,30,216,96,2,0.20383968,0.00163983,-0.01249836,0E-8,0.000000,0.906607,0.000000,0.01775797,2026-03-22,2026-08-06,108,3621,2443,138,0.782609,1.360932,1.287360,0.679466,,,,,,,,GLOBAL_BASELINE_NO_ENTITY_RANKING,,,NOT_APPLICABLE_GLOBAL_BASELINE,HF9g-P5,,,,X 全窗基线 · 不参与实体赏罚,14199014,1420,A168_HF9F_20260827_0900,2026-08-27 09:00:00
2026-05-29,57024343,1941,0,648.8169903543,194.6450971063,194.6450971063,0.5000000,2,2,0.49994810000000000,0.499948100000,0.00014679536856514622,0.00014679536856514622,0.00014679536856514622,0E-17,ELIGIBLE,R03b_20260811_FULL_v1,L1_ELIGIBILITY,v2026-08-11,2026-03-21..2026-08-06,baccarat_bet02_101_all_pairs_incl_sentinel,round_win = game_pnl > 0 (decisive only),COMPATIBILITY_ONLY_NOT_PRODUCTION,4059548.3812,3680416.6879,6656.9809,9707,9692,-0.00163983,0.01249836,-0.00525961,-0.00163983,-6656.9809,4059548.3812,OK,0.0000,266.2792,4.0000,96.0000,AG03-UNRESOLVED,ALL5_LEVELS_bet23_to_bet27,266.2792,266.2792,266.2792,0.0000,0.0000,4.000000,4.000000,4.000000,0.000000,0.000000,96.000000,96.000000,96.000000,100.000000,100.000000,5.0,798.8377,767.3102,5858.1432,5889.6706,PENDING_AG03,FALSE,NOT_FOR_ENFORCEMENT,6390.7016,3533200.0204,6656.9809,6390.7016,266.2792,0.00163983,0.00157424,266.2792,6390.7016,0.00157424,266.2792,266.2792,266.2792,0.0000,0.0000,6390.7016,0.00157424,798.8377,767.3102,5858.1432,5889.6706,0.00144305,0.00145082,0.00006559,418.2083,379.7376,0.6869,61.6387,1.8384,37588.4109,89.7407,538.3845,395.5999,218.4789,430.6076,432.5446,432.5446,1046.441,1081.3617,427.0584,0.0,2.43015,2.511246,0.971205,30,216,96,2,0.20383968,0.00163983,-0.01249836,0E-8,0.000000,0.906607,0.000000,0.01775797,2026-03-22,2026-08-06,108,3621,2443,138,0.782609,1.360932,1.287360,0.679466,,,,,,,,GLOBAL_BASELINE_NO_ENTITY_RANKING,,,NOT_APPLICABLE_GLOBAL_BASELINE,HF9g-P5,,,,X 全窗基线 · 不参与实体赏罚,14199015,1420,A168_HF9F_20260827_0900,2026-08-27 09:00:00
2026-05-29,57024343,1966,0,432.5446602362,0E-10,0E-10,,1,1,0.49324550000000000,0.493245500000,,,,0E-17,NO_DECISIVE_ROUND,R03b_20260811_FULL_v1,L1_ELIGIBILITY,v2026-08-11,2026-03-21..2026-08-06,baccarat_bet02_101_all_pairs_incl_sentinel,round_win = game_pnl > 0 (decisive only),COMPATIBILITY_ONLY_NOT_PRODUCTION,4059548.3812,3680416.6879,6656.9809,9707,9692,-0.00163983,0.01249836,-0.00525961,-0.00163983,-6656.9809,4059548.3812,OK,0.0000,266.2792,4.0000,96.0000,AG03-UNRESOLVED,ALL5_LEVELS_bet23_to_bet27,266.2792,266.2792,266.2792,0.0000,0.0000,4.000000,4.000000,4.000000,0.000000,0.000000,96.000000,96.000000,96.000000,100.000000,100.000000,5.0,798.8377,767.3102,5858.1432,5889.6706,PENDING_AG03,FALSE,NOT_FOR_ENFORCEMENT,6390.7016,3533200.0204,6656.9809,6390.7016,266.2792,0.00163983,0.00157424,266.2792,6390.7016,0.00157424,266.2792,266.2792,266.2792,0.0000,0.0000,6390.7016,0.00157424,798.8377,767.3102,5858.1432,5889.6706,0.00144305,0.00145082,0.00006559,418.2083,379.7376,0.6869,61.6387,1.8384,37588.4109,89.7407,538.3845,395.5999,218.4789,430.6076,432.5446,432.5446,1046.441,1081.3617,427.0584,0.0,2.43015,2.511246,0.971205,30,216,96,2,0.20383968,0.00163983,-0.01249836,0E-8,0.000000,0.906607,0.000000,0.01775797,2026-03-22,2026-08-06,108,3621,2443,138,0.782609,1.360932,1.287360,0.679466,,,,,,,,GLOBAL_BASELINE_NO_ENTITY_RANKING,,,NOT_APPLICABLE_GLOBAL_BASELINE,HF9g-P5,,,,X 全窗基线 · 不参与实体赏罚,14199016,1420,A168_HF9F_20260827_0900,2026-08-27 09:00:00
2026-05-29,57024343,1994,0,1297.6339807086,-1297.6339807086,-1297.6339807086,0E-7,3,3,0.50665070000000000,0.506650700000,-1.7552447903592512,-1.7552447903592512,-1.7552447903592512,0E-17,ELIGIBLE,R03b_20260811_FULL_v1,L1_ELIGIBILITY,v2026-08-11,2026-03-21..2026-08-06,baccarat_bet02_101_all_pairs_incl_sentinel,round_win = game_pnl > 0 (decisive only),COMPATIBILITY_ONLY_NOT_PRODUCTION,4059548.3812,3680416.6879,6656.9809,9707,9692,-0.00163983,0.01249836,-0.00525961,-0.00163983,-6656.9809,4059548.3812,OK,0.0000,266.2792,4.0000,96.0000,AG03-UNRESOLVED,ALL5_LEVELS_bet23_to_bet27,266.2792,266.2792,266.2792,0.0000,0.0000,4.000000,4.000000,4.000000,0.000000,0.000000,96.000000,96.000000,96.000000,100.000000,100.000000,5.0,798.8377,767.3102,5858.1432,5889.6706,PENDING_AG03,FALSE,NOT_FOR_ENFORCEMENT,6390.7016,3533200.0204,6656.9809,6390.7016,266.2792,0.00163983,0.00157424,266.2792,6390.7016,0.00157424,266.2792,266.2792,266.2792,0.0000,0.0000,6390.7016,0.00157424,798.8377,767.3102,5858.1432,5889.6706,0.00144305,0.00145082,0.00006559,418.2083,379.7376,0.6869,61.6387,1.8384,37588.4109,89.7407,538.3845,395.5999,218.4789,430.6076,432.5446,432.5446,1046.441,1081.3617,427.0584,0.0,2.43015,2.511246,0.971205,30,216,96,2,0.20383968,0.00163983,-0.01249836,0E-8,0.000000,0.906607,0.000000,0.01775797,2026-03-22,2026-08-06,108,3621,2443,138,0.782609,1.360932,1.287360,0.679466,,,,,,,,GLOBAL_BASELINE_NO_ENTITY_RANKING,,,NOT_APPLICABLE_GLOBAL_BASELINE,HF9g-P5,,,,X 全窗基线 · 不参与实体赏罚,14199017,1420,A168_HF9F_20260827_0900,2026-08-27 09:00:00
2026-05-29,57024343,2084,0,432.5446602362,410.9174272244,410.9174272244,1.0000000,1,1,0.50665070000000000,0.506650700000,0.9867858985152569,0.9867858985152569,0.9867858985152569,0E-17,ELIGIBLE,R03b_20260811_FULL_v1,L1_ELIGIBILITY,v2026-08-11,2026-03-21..2026-08-06,baccarat_bet02_101_all_pairs_incl_sentinel,round_win = game_pnl > 0 (decisive only),COMPATIBILITY_ONLY_NOT_PRODUCTION,4059548.3812,3680416.6879,6656.9809,9707,9692,-0.00163983,0.01249836,-0.00525961,-0.00163983,-6656.9809,4059548.3812,OK,0.0000,266.2792,4.0000,96.0000,AG03-UNRESOLVED,ALL5_LEVELS_bet23_to_bet27,266.2792,266.2792,266.2792,0.0000,0.0000,4.000000,4.000000,4.000000,0.000000,0.000000,96.000000,96.000000,96.000000,100.000000,100.000000,5.0,798.8377,767.3102,5858.1432,5889.6706,PENDING_AG03,FALSE,NOT_FOR_ENFORCEMENT,6390.7016,3533200.0204,6656.9809,6390.7016,266.2792,0.00163983,0.00157424,266.2792,6390.7016,0.00157424,266.2792,266.2792,266.2792,0.0000,0.0000,6390.7016,0.00157424,798.8377,767.3102,5858.1432,5889.6706,0.00144305,0.00145082,0.00006559,418.2083,379.7376,0.6869,61.6387,1.8384,37588.4109,89.7407,538.3845,395.5999,218.4789,430.6076,432.5446,432.5446,1046.441,1081.3617,427.0584,0.0,2.43015,2.511246,0.971205,30,216,96,2,0.20383968,0.00163983,-0.01249836,0E-8,0.000000,0.906607,0.000000,0.01775797,2026-03-22,2026-08-06,108,3621,2443,138,0.782609,1.360932,1.287360,0.679466,,,,,,,,GLOBAL_BASELINE_NO_ENTITY_RANKING,,,NOT_APPLICABLE_GLOBAL_BASELINE,HF9g-P5,,,,X 全窗基线 · 不参与实体赏罚,14199018,1420,A168_HF9F_20260827_0900,2026-08-27 09:00:00
2026-05-29,57024343,2101,0,2378.9956312991,-1535.5335438385,-1535.5335438385,0.1666667,6,6,0.50441650000000000,0.504416500000,-1.6546940571906357,-1.6546940571906357,-1.6546940571906357,0E-17,ELIGIBLE,R03b_20260811_FULL_v1,L1_ELIGIBILITY,v2026-08-11,2026-03-21..2026-08-06,baccarat_bet02_101_all_pairs_incl_sentinel,round_win = game_pnl > 0 (decisive only),COMPATIBILITY_ONLY_NOT_PRODUCTION,4059548.3812,3680416.6879,6656.9809,9707,9692,-0.00163983,0.01249836,-0.00525961,-0.00163983,-6656.9809,4059548.3812,OK,0.0000,266.2792,4.0000,96.0000,AG03-UNRESOLVED,ALL5_LEVELS_bet23_to_bet27,266.2792,266.2792,266.2792,0.0000,0.0000,4.000000,4.000000,4.000000,0.000000,0.000000,96.000000,96.000000,96.000000,100.000000,100.000000,5.0,798.8377,767.3102,5858.1432,5889.6706,PENDING_AG03,FALSE,NOT_FOR_ENFORCEMENT,6390.7016,3533200.0204,6656.9809,6390.7016,266.2792,0.00163983,0.00157424,266.2792,6390.7016,0.00157424,266.2792,266.2792,266.2792,0.0000,0.0000,6390.7016,0.00157424,798.8377,767.3102,5858.1432,5889.6706,0.00144305,0.00145082,0.00006559,418.2083,379.7376,0.6869,61.6387,1.8384,37588.4109,89.7407,538.3845,395.5999,218.4789,430.6076,432.5446,432.5446,1046.441,1081.3617,427.0584,0.0,2.43015,2.511246,0.971205,30,216,96,2,0.20383968,0.00163983,-0.01249836,0E-8,0.000000,0.906607,0.000000,0.01775797,2026-03-22,2026-08-06,108,3621,2443,138,0.782609,1.360932,1.287360,0.679466,,,,,,,,GLOBAL_BASELINE_NO_ENTITY_RANKING,,,NOT_APPLICABLE_GLOBAL_BASELINE,HF9g-P5,,,,X 全窗基线 · 不参与实体赏罚,14199019,1420,A168_HF9F_20260827_0900,2026-08-27 09:00:00
2026-05-29,57024343,2140,0,432.5446602362,-432.5446602362,-432.5446602362,0E-7,1,1,0.50665070000000000,0.506650700000,-1.013391052207602,-1.013391052207602,-1.013391052207602,0E-17,ELIGIBLE,R03b_20260811_FULL_v1,L1_ELIGIBILITY,v2026-08-11,2026-03-21..2026-08-06,baccarat_bet02_101_all_pairs_incl_sentinel,round_win = game_pnl > 0 (decisive only),COMPATIBILITY_ONLY_NOT_PRODUCTION,4059548.3812,3680416.6879,6656.9809,9707,9692,-0.00163983,0.01249836,-0.00525961,-0.00163983,-6656.9809,4059548.3812,OK,0.0000,266.2792,4.0000,96.0000,AG03-UNRESOLVED,ALL5_LEVELS_bet23_to_bet27,266.2792,266.2792,266.2792,0.0000,0.0000,4.000000,4.000000,4.000000,0.000000,0.000000,96.000000,96.000000,96.000000,100.000000,100.000000,5.0,798.8377,767.3102,5858.1432,5889.6706,PENDING_AG03,FALSE,NOT_FOR_ENFORCEMENT,6390.7016,3533200.0204,6656.9809,6390.7016,266.2792,0.00163983,0.00157424,266.2792,6390.7016,0.00157424,266.2792,266.2792,266.2792,0.0000,0.0000,6390.7016,0.00157424,798.8377,767.3102,5858.1432,5889.6706,0.00144305,0.00145082,0.00006559,418.2083,379.7376,0.6869,61.6387,1.8384,37588.4109,89.7407,538.3845,395.5999,218.4789,430.6076,432.5446,432.5446,1046.441,1081.3617,427.0584,0.0,2.43015,2.511246,0.971205,30,216,96,2,0.20383968,0.00163983,-0.01249836,0E-8,0.000000,0.906607,0.000000,0.01775797,2026-03-22,2026-08-06,108,3621,2443,138,0.782609,1.360932,1.287360,0.679466,,,,,,,,GLOBAL_BASELINE_NO_ENTITY_RANKING,,,NOT_APPLICABLE_GLOBAL_BASELINE,HF9g-P5,,,,X 全窗基线 · 不参与实体赏罚,14199020,1420,A168_HF9F_20260827_0900,2026-08-27 09:00:00
2026-05-29,57024343,2156,0,432.5446602362,410.9174272244,410.9174272244,1.0000000,1,1,0.50665070000000000,0.506650700000,0.9867858985152569,0.9867858985152569,0.9867858985152569,0E-17,ELIGIBLE,R03b_20260811_FULL_v1,L1_ELIGIBILITY,v2026-08-11,2026-03-21..2026-08-06,baccarat_bet02_101_all_pairs_incl_sentinel,round_win = game_pnl > 0 (decisive only),COMPATIBILITY_ONLY_NOT_PRODUCTION,4059548.3812,3680416.6879,6656.9809,9707,9692,-0.00163983,0.01249836,-0.00525961,-0.00163983,-6656.9809,4059548.3812,OK,0.0000,266.2792,4.0000,96.0000,AG03-UNRESOLVED,ALL5_LEVELS_bet23_to_bet27,266.2792,266.2792,266.2792,0.0000,0.0000,4.000000,4.000000,4.000000,0.000000,0.000000,96.000000,96.000000,96.000000,100.000000,100.000000,5.0,798.8377,767.3102,5858.1432,5889.6706,PENDING_AG03,FALSE,NOT_FOR_ENFORCEMENT,6390.7016,3533200.0204,6656.9809,6390.7016,266.2792,0.00163983,0.00157424,266.2792,6390.7016,0.00157424,266.2792,266.2792,266.2792,0.0000,0.0000,6390.7016,0.00157424,798.8377,767.3102,5858.1432,5889.6706,0.00144305,0.00145082,0.00006559,418.2083,379.7376,0.6869,61.6387,1.8384,37588.4109,89.7407,538.3845,395.5999,218.4789,430.6076,432.5446,432.5446,1046.441,1081.3617,427.0584,0.0,2.43015,2.511246,0.971205,30,216,96,2,0.20383968,0.00163983,-0.01249836,0E-8,0.000000,0.906607,0.000000,0.01775797,2026-03-22,2026-08-06,108,3621,2443,138,0.782609,1.360932,1.287360,0.679466,,,,,,,,GLOBAL_BASELINE_NO_ENTITY_RANKING,,,NOT_APPLICABLE_GLOBAL_BASELINE,HF9g-P5,,,,X 全窗基线 · 不参与实体赏罚,14199021,1420,A168_HF9F_20260827_0900,2026-08-27 09:00:00
2026-05-29,57024343,2160,0,865.0893204724,-21.6272330118,-21.6272330118,0.5000000,2,2,0.49994810000000000,0.499948100000,0.00014679536856514622,0.00014679536856514622,0.00014679536856514622,0E-17,ELIGIBLE,R03b_20260811_FULL_v1,L1_ELIGIBILITY,v2026-08-11,2026-03-21..2026-08-06,baccarat_bet02_101_all_pairs_incl_sentinel,round_win = game_pnl > 0 (decisive only),COMPATIBILITY_ONLY_NOT_PRODUCTION,4059548.3812,3680416.6879,6656.9809,9707,9692,-0.00163983,0.01249836,-0.00525961,-0.00163983,-6656.9809,4059548.3812,OK,0.0000,266.2792,4.0000,96.0000,AG03-UNRESOLVED,ALL5_LEVELS_bet23_to_bet27,266.2792,266.2792,266.2792,0.0000,0.0000,4.000000,4.000000,4.000000,0.000000,0.000000,96.000000,96.000000,96.000000,100.000000,100.000000,5.0,798.8377,767.3102,5858.1432,5889.6706,PENDING_AG03,FALSE,NOT_FOR_ENFORCEMENT,6390.7016,3533200.0204,6656.9809,6390.7016,266.2792,0.00163983,0.00157424,266.2792,6390.7016,0.00157424,266.2792,266.2792,266.2792,0.0000,0.0000,6390.7016,0.00157424,798.8377,767.3102,5858.1432,5889.6706,0.00144305,0.00145082,0.00006559,418.2083,379.7376,0.6869,61.6387,1.8384,37588.4109,89.7407,538.3845,395.5999,218.4789,430.6076,432.5446,432.5446,1046.441,1081.3617,427.0584,0.0,2.43015,2.511246,0.971205,30,216,96,2,0.20383968,0.00163983,-0.01249836,0E-8,0.000000,0.906607,0.000000,0.01775797,2026-03-22,2026-08-06,108,3621,2443,138,0.782609,1.360932,1.287360,0.679466,,,,,,,,GLOBAL_BASELINE_NO_ENTITY_RANKING,,,NOT_APPLICABLE_GLOBAL_BASELINE,HF9g-P5,,,,X 全窗基线 · 不参与实体赏罚,14199022,1420,A168_HF9F_20260827_0900,2026-08-27 09:00:00
2026-05-29,57024343,2167,0,1730.1786409448,389.2901942126,389.2901942126,0.6666667,4,4,0.50665070000000000,0.506650700000,0.5543606114942035,0.5543606114942035,0.5543606114942035,0E-17,ELIGIBLE,R03b_20260811_FULL_v1,L1_ELIGIBILITY,v2026-08-11,2026-03-21..2026-08-06,baccarat_bet02_101_all_pairs_incl_sentinel,round_win = game_pnl > 0 (decisive only),COMPATIBILITY_ONLY_NOT_PRODUCTION,4059548.3812,3680416.6879,6656.9809,9707,9692,-0.00163983,0.01249836,-0.00525961,-0.00163983,-6656.9809,4059548.3812,OK,0.0000,266.2792,4.0000,96.0000,AG03-UNRESOLVED,ALL5_LEVELS_bet23_to_bet27,266.2792,266.2792,266.2792,0.0000,0.0000,4.000000,4.000000,4.000000,0.000000,0.000000,96.000000,96.000000,96.000000,100.000000,100.000000,5.0,798.8377,767.3102,5858.1432,5889.6706,PENDING_AG03,FALSE,NOT_FOR_ENFORCEMENT,6390.7016,3533200.0204,6656.9809,6390.7016,266.2792,0.00163983,0.00157424,266.2792,6390.7016,0.00157424,266.2792,266.2792,266.2792,0.0000,0.0000,6390.7016,0.00157424,798.8377,767.3102,5858.1432,5889.6706,0.00144305,0.00145082,0.00006559,418.2083,379.7376,0.6869,61.6387,1.8384,37588.4109,89.7407,538.3845,395.5999,218.4789,430.6076,432.5446,432.5446,1046.441,1081.3617,427.0584,0.0,2.43015,2.511246,0.971205,30,216,96,2,0.20383968,0.00163983,-0.01249836,0E-8,0.000000,0.906607,0.000000,0.01775797,2026-03-22,2026-08-06,108,3621,2443,138,0.782609,1.360932,1.287360,0.679466,,,,,,,,GLOBAL_BASELINE_NO_ENTITY_RANKING,,,NOT_APPLICABLE_GLOBAL_BASELINE,HF9g-P5,,,,X 全窗基线 · 不参与实体赏罚,14199023,1420,A168_HF9F_20260827_0900,2026-08-27 09:00:00
2026-05-29,57024343,2174,0,648.8169903543,194.6450971063,194.6450971063,0.5000000,2,2,0.50665070000000000,0.506650700000,-0.018812684590367487,-0.018812684590367487,-0.018812684590367487,0E-17,ELIGIBLE,R03b_20260811_FULL_v1,L1_ELIGIBILITY,v2026-08-11,2026-03-21..2026-08-06,baccarat_bet02_101_all_pairs_incl_sentinel,round_win = game_pnl > 0 (decisive only),COMPATIBILITY_ONLY_NOT_PRODUCTION,4059548.3812,3680416.6879,6656.9809,9707,9692,-0.00163983,0.01249836,-0.00525961,-0.00163983,-6656.9809,4059548.3812,OK,0.0000,266.2792,4.0000,96.0000,AG03-UNRESOLVED,ALL5_LEVELS_bet23_to_bet27,266.2792,266.2792,266.2792,0.0000,0.0000,4.000000,4.000000,4.000000,0.000000,0.000000,96.000000,96.000000,96.000000,100.000000,100.000000,5.0,798.8377,767.3102,5858.1432,5889.6706,PENDING_AG03,FALSE,NOT_FOR_ENFORCEMENT,6390.7016,3533200.0204,6656.9809,6390.7016,266.2792,0.00163983,0.00157424,266.2792,6390.7016,0.00157424,266.2792,266.2792,266.2792,0.0000,0.0000,6390.7016,0.00157424,798.8377,767.3102,5858.1432,5889.6706,0.00144305,0.00145082,0.00006559,418.2083,379.7376,0.6869,61.6387,1.8384,37588.4109,89.7407,538.3845,395.5999,218.4789,430.6076,432.5446,432.5446,1046.441,1081.3617,427.0584,0.0,2.43015,2.511246,0.971205,30,216,96,2,0.20383968,0.00163983,-0.01249836,0E-8,0.000000,0.906607,0.000000,0.01775797,2026-03-22,2026-08-06,108,3621,2443,138,0.782609,1.360932,1.287360,0.679466,,,,,,,,GLOBAL_BASELINE_NO_ENTITY_RANKING,,,NOT_APPLICABLE_GLOBAL_BASELINE,HF9g-P5,,,,X 全窗基线 · 不参与实体赏罚,14199024,1420,A168_HF9F_20260827_0900,2026-08-27 09:00:00
2026-05-29,57024343,2175,0,432.5446602362,-432.5446602362,-432.5446602362,0E-7,1,1,0.50665070000000000,0.506650700000,-1.013391052207602,-1.013391052207602,-1.013391052207602,0E-17,ELIGIBLE,R03b_20260811_FULL_v1,L1_ELIGIBILITY,v2026-08-11,2026-03-21..2026-08-06,baccarat_bet02_101_all_pairs_incl_sentinel,round_win = game_pnl > 0 (decisive only),COMPATIBILITY_ONLY_NOT_PRODUCTION,4059548.3812,3680416.6879,6656.9809,9707,9692,-0.00163983,0.01249836,-0.00525961,-0.00163983,-6656.9809,4059548.3812,OK,0.0000,266.2792,4.0000,96.0000,AG03-UNRESOLVED,ALL5_LEVELS_bet23_to_bet27,266.2792,266.2792,266.2792,0.0000,0.0000,4.000000,4.000000,4.000000,0.000000,0.000000,96.000000,96.000000,96.000000,100.000000,100.000000,5.0,798.8377,767.3102,5858.1432,5889.6706,PENDING_AG03,FALSE,NOT_FOR_ENFORCEMENT,6390.7016,3533200.0204,6656.9809,6390.7016,266.2792,0.00163983,0.00157424,266.2792,6390.7016,0.00157424,266.2792,266.2792,266.2792,0.0000,0.0000,6390.7016,0.00157424,798.8377,767.3102,5858.1432,5889.6706,0.00144305,0.00145082,0.00006559,418.2083,379.7376,0.6869,61.6387,1.8384,37588.4109,89.7407,538.3845,395.5999,218.4789,430.6076,432.5446,432.5446,1046.441,1081.3617,427.0584,0.0,2.43015,2.511246,0.971205,30,216,96,2,0.20383968,0.00163983,-0.01249836,0E-8,0.000000,0.906607,0.000000,0.01775797,2026-03-22,2026-08-06,108,3621,2443,138,0.782609,1.360932,1.287360,0.679466,,,,,,,,GLOBAL_BASELINE_NO_ENTITY_RANKING,,,NOT_APPLICABLE_GLOBAL_BASELINE,HF9g-P5,,,,X 全窗基线 · 不参与实体赏罚,14199025,1420,A168_HF9F_20260827_0900,2026-08-27 09:00:00
2026-05-29,57024343,2250,0,1297.6339807086,821.8348544488,821.8348544488,1.0000000,3,3,0.50665070000000000,0.506650700000,1.3955260008387969,1.3955260008387969,1.3955260008387969,0E-17,ELIGIBLE,R03b_20260811_FULL_v1,L1_ELIGIBILITY,v2026-08-11,2026-03-21..2026-08-06,baccarat_bet02_101_all_pairs_incl_sentinel,round_win = game_pnl > 0 (decisive only),COMPATIBILITY_ONLY_NOT_PRODUCTION,4059548.3812,3680416.6879,6656.9809,9707,9692,-0.00163983,0.01249836,-0.00525961,-0.00163983,-6656.9809,4059548.3812,OK,0.0000,266.2792,4.0000,96.0000,AG03-UNRESOLVED,ALL5_LEVELS_bet23_to_bet27,266.2792,266.2792,266.2792,0.0000,0.0000,4.000000,4.000000,4.000000,0.000000,0.000000,96.000000,96.000000,96.000000,100.000000,100.000000,5.0,798.8377,767.3102,5858.1432,5889.6706,PENDING_AG03,FALSE,NOT_FOR_ENFORCEMENT,6390.7016,3533200.0204,6656.9809,6390.7016,266.2792,0.00163983,0.00157424,266.2792,6390.7016,0.00157424,266.2792,266.2792,266.2792,0.0000,0.0000,6390.7016,0.00157424,798.8377,767.3102,5858.1432,5889.6706,0.00144305,0.00145082,0.00006559,418.2083,379.7376,0.6869,61.6387,1.8384,37588.4109,89.7407,538.3845,395.5999,218.4789,430.6076,432.5446,432.5446,1046.441,1081.3617,427.0584,0.0,2.43015,2.511246,0.971205,30,216,96,2,0.20383968,0.00163983,-0.01249836,0E-8,0.000000,0.906607,0.000000,0.01775797,2026-03-22,2026-08-06,108,3621,2443,138,0.782609,1.360932,1.287360,0.679466,,,,,,,,GLOBAL_BASELINE_NO_ENTITY_RANKING,,,NOT_APPLICABLE_GLOBAL_BASELINE,HF9g-P5,,,,X 全窗基线 · 不参与实体赏罚,14199026,1420,A168_HF9F_20260827_0900,2026-08-27 09:00:00
2026-05-29,57024343,2266,0,432.5446602362,-432.5446602362,-432.5446602362,0E-7,1,1,0.50665070000000000,0.506650700000,-1.013391052207602,-1.013391052207602,-1.013391052207602,0E-17,ELIGIBLE,R03b_20260811_FULL_v1,L1_ELIGIBILITY,v2026-08-11,2026-03-21..2026-08-06,baccarat_bet02_101_all_pairs_incl_sentinel,round_win = game_pnl > 0 (decisive only),COMPATIBILITY_ONLY_NOT_PRODUCTION,4059548.3812,3680416.6879,6656.9809,9707,9692,-0.00163983,0.01249836,-0.00525961,-0.00163983,-6656.9809,4059548.3812,OK,0.0000,266.2792,4.0000,96.0000,AG03-UNRESOLVED,ALL5_LEVELS_bet23_to_bet27,266.2792,266.2792,266.2792,0.0000,0.0000,4.000000,4.000000,4.000000,0.000000,0.000000,96.000000,96.000000,96.000000,100.000000,100.000000,5.0,798.8377,767.3102,5858.1432,5889.6706,PENDING_AG03,FALSE,NOT_FOR_ENFORCEMENT,6390.7016,3533200.0204,6656.9809,6390.7016,266.2792,0.00163983,0.00157424,266.2792,6390.7016,0.00157424,266.2792,266.2792,266.2792,0.0000,0.0000,6390.7016,0.00157424,798.8377,767.3102,5858.1432,5889.6706,0.00144305,0.00145082,0.00006559,418.2083,379.7376,0.6869,61.6387,1.8384,37588.4109,89.7407,538.3845,395.5999,218.4789,430.6076,432.5446,432.5446,1046.441,1081.3617,427.0584,0.0,2.43015,2.511246,0.971205,30,216,96,2,0.20383968,0.00163983,-0.01249836,0E-8,0.000000,0.906607,0.000000,0.01775797,2026-03-22,2026-08-06,108,3621,2443,138,0.782609,1.360932,1.287360,0.679466,,,,,,,,GLOBAL_BASELINE_NO_ENTITY_RANKING,,,NOT_APPLICABLE_GLOBAL_BASELINE,HF9g-P5,,,,X 全窗基线 · 不参与实体赏罚,14199027,1420,A168_HF9F_20260827_0900,2026-08-27 09:00:00
2026-05-29,57024343,2267,0,865.0893204724,-865.0893204724,-865.0893204724,0E-7,2,2,0.50665070000000000,0.506650700000,-1.4331513700195317,-1.4331513700195317,-1.4331513700195317,0E-17,ELIGIBLE,R03b_20260811_FULL_v1,L1_ELIGIBILITY,v2026-08-11,2026-03-21..2026-08-06,baccarat_bet02_101_all_pairs_incl_sentinel,round_win = game_pnl > 0 (decisive only),COMPATIBILITY_ONLY_NOT_PRODUCTION,4059548.3812,3680416.6879,6656.9809,9707,9692,-0.00163983,0.01249836,-0.00525961,-0.00163983,-6656.9809,4059548.3812,OK,0.0000,266.2792,4.0000,96.0000,AG03-UNRESOLVED,ALL5_LEVELS_bet23_to_bet27,266.2792,266.2792,266.2792,0.0000,0.0000,4.000000,4.000000,4.000000,0.000000,0.000000,96.000000,96.000000,96.000000,100.000000,100.000000,5.0,798.8377,767.3102,5858.1432,5889.6706,PENDING_AG03,FALSE,NOT_FOR_ENFORCEMENT,6390.7016,3533200.0204,6656.9809,6390.7016,266.2792,0.00163983,0.00157424,266.2792,6390.7016,0.00157424,266.2792,266.2792,266.2792,0.0000,0.0000,6390.7016,0.00157424,798.8377,767.3102,5858.1432,5889.6706,0.00144305,0.00145082,0.00006559,418.2083,379.7376,0.6869,61.6387,1.8384,37588.4109,89.7407,538.3845,395.5999,218.4789,430.6076,432.5446,432.5446,1046.441,1081.3617,427.0584,0.0,2.43015,2.511246,0.971205,30,216,96,2,0.20383968,0.00163983,-0.01249836,0E-8,0.000000,0.906607,0.000000,0.01775797,2026-03-22,2026-08-06,108,3621,2443,138,0.782609,1.360932,1.287360,0.679466,,,,,,,,GLOBAL_BASELINE_NO_ENTITY_RANKING,,,NOT_APPLICABLE_GLOBAL_BASELINE,HF9g-P5,,,,X 全窗基线 · 不参与实体赏罚,14199028,1420,A168_HF9F_20260827_0900,2026-08-27 09:00:00
2026-05-29,57024343,550,0,865.0893204724,-21.6272330118,-21.6272330118,0.5000000,2,2,0.50665070000000000,0.506650700000,-0.018812684590367487,-0.018812684590367487,-0.018812684590367487,0E-17,ELIGIBLE,R03b_20260811_FULL_v1,L1_ELIGIBILITY,v2026-08-11,2026-03-21..2026-08-06,baccarat_bet02_101_all_pairs_incl_sentinel,round_win = game_pnl > 0 (decisive only),COMPATIBILITY_ONLY_NOT_PRODUCTION,4059548.3812,3680416.6879,6656.9809,9707,9692,-0.00163983,0.01249836,-0.00525961,-0.00163983,-6656.9809,4059548.3812,OK,0.0000,266.2792,4.0000,96.0000,AG03-UNRESOLVED,ALL5_LEVELS_bet23_to_bet27,266.2792,266.2792,266.2792,0.0000,0.0000,4.000000,4.000000,4.000000,0.000000,0.000000,96.000000,96.000000,96.000000,100.000000,100.000000,5.0,798.8377,767.3102,5858.1432,5889.6706,PENDING_AG03,FALSE,NOT_FOR_ENFORCEMENT,6390.7016,3533200.0204,6656.9809,6390.7016,266.2792,0.00163983,0.00157424,266.2792,6390.7016,0.00157424,266.2792,266.2792,266.2792,0.0000,0.0000,6390.7016,0.00157424,798.8377,767.3102,5858.1432,5889.6706,0.00144305,0.00145082,0.00006559,418.2083,379.7376,0.6869,61.6387,1.8384,37588.4109,89.7407,538.3845,395.5999,218.4789,430.6076,432.5446,432.5446,1046.441,1081.3617,427.0584,0.0,2.43015,2.511246,0.971205,30,216,96,2,0.20383968,0.00163983,-0.01249836,0E-8,0.000000,0.906607,0.000000,0.01775797,2026-03-22,2026-08-06,108,3621,2443,138,0.782609,1.360932,1.287360,0.679466,,,,,,,,GLOBAL_BASELINE_NO_ENTITY_RANKING,,,NOT_APPLICABLE_GLOBAL_BASELINE,HF9g-P5,,,,X 全窗基线 · 不参与实体赏罚,14199029,1420,A168_HF9F_20260827_0900,2026-08-27 09:00:00
2026-05-29,57024343,752,0,865.0893204724,410.9174272244,410.9174272244,1.0000000,2,2,0.50665070000000000,0.506650700000,0.9867858985152569,0.9867858985152569,0.9867858985152569,0E-17,ELIGIBLE,R03b_20260811_FULL_v1,L1_ELIGIBILITY,v2026-08-11,2026-03-21..2026-08-06,baccarat_bet02_101_all_pairs_incl_sentinel,round_win = game_pnl > 0 (decisive only),COMPATIBILITY_ONLY_NOT_PRODUCTION,4059548.3812,3680416.6879,6656.9809,9707,9692,-0.00163983,0.01249836,-0.00525961,-0.00163983,-6656.9809,4059548.3812,OK,0.0000,266.2792,4.0000,96.0000,AG03-UNRESOLVED,ALL5_LEVELS_bet23_to_bet27,266.2792,266.2792,266.2792,0.0000,0.0000,4.000000,4.000000,4.000000,0.000000,0.000000,96.000000,96.000000,96.000000,100.000000,100.000000,5.0,798.8377,767.3102,5858.1432,5889.6706,PENDING_AG03,FALSE,NOT_FOR_ENFORCEMENT,6390.7016,3533200.0204,6656.9809,6390.7016,266.2792,0.00163983,0.00157424,266.2792,6390.7016,0.00157424,266.2792,266.2792,266.2792,0.0000,0.0000,6390.7016,0.00157424,798.8377,767.3102,5858.1432,5889.6706,0.00144305,0.00145082,0.00006559,418.2083,379.7376,0.6869,61.6387,1.8384,37588.4109,89.7407,538.3845,395.5999,218.4789,430.6076,432.5446,432.5446,1046.441,1081.3617,427.0584,0.0,2.43015,2.511246,0.971205,30,216,96,2,0.20383968,0.00163983,-0.01249836,0E-8,0.000000,0.906607,0.000000,0.01775797,2026-03-22,2026-08-06,108,3621,2443,138,0.782609,1.360932,1.287360,0.679466,,,,,,,,GLOBAL_BASELINE_NO_ENTITY_RANKING,,,NOT_APPLICABLE_GLOBAL_BASELINE,HF9g-P5,,,,X 全窗基线 · 不参与实体赏罚,14199030,1420,A168_HF9F_20260827_0900,2026-08-27 09:00:00
2026-05-29,57024343,925,0,1297.6339807086,-432.5446602362,-432.5446602362,0.3333333,3,3,0.50218230000000000,0.502182300000,-0.5849155494134425,-0.5849155494134426,-0.5849155494134425,0E-17,ELIGIBLE,R03b_20260811_FULL_v1,L1_ELIGIBILITY,v2026-08-11,2026-03-21..2026-08-06,baccarat_bet02_101_all_pairs_incl_sentinel,round_win = game_pnl > 0 (decisive only),COMPATIBILITY_ONLY_NOT_PRODUCTION,4059548.3812,3680416.6879,6656.9809,9707,9692,-0.00163983,0.01249836,-0.00525961,-0.00163983,-6656.9809,4059548.3812,OK,0.0000,266.2792,4.0000,96.0000,AG03-UNRESOLVED,ALL5_LEVELS_bet23_to_bet27,266.2792,266.2792,266.2792,0.0000,0.0000,4.000000,4.000000,4.000000,0.000000,0.000000,96.000000,96.000000,96.000000,100.000000,100.000000,5.0,798.8377,767.3102,5858.1432,5889.6706,PENDING_AG03,FALSE,NOT_FOR_ENFORCEMENT,6390.7016,3533200.0204,6656.9809,6390.7016,266.2792,0.00163983,0.00157424,266.2792,6390.7016,0.00157424,266.2792,266.2792,266.2792,0.0000,0.0000,6390.7016,0.00157424,798.8377,767.3102,5858.1432,5889.6706,0.00144305,0.00145082,0.00006559,418.2083,379.7376,0.6869,61.6387,1.8384,37588.4109,89.7407,538.3845,395.5999,218.4789,430.6076,432.5446,432.5446,1046.441,1081.3617,427.0584,0.0,2.43015,2.511246,0.971205,30,216,96,2,0.20383968,0.00163983,-0.01249836,0E-8,0.000000,0.906607,0.000000,0.01775797,2026-03-22,2026-08-06,108,3621,2443,138,0.782609,1.360932,1.287360,0.679466,,,,,,,,GLOBAL_BASELINE_NO_ENTITY_RANKING,,,NOT_APPLICABLE_GLOBAL_BASELINE,HF9g-P5,,,,X 全窗基线 · 不参与实体赏罚,14199031,1420,A168_HF9F_20260827_0900,2026-08-27 09:00:00
2026-06-01,57024343,-1,1,1722.4303492228,796.6240365155,796.6240365155,0.7500000,4,4,0.50329940000000000,0.503299400000,0.9868238854431842,0.9868238854431842,0.9868238854431842,0E-17,SENTINEL_DEALER,R03b_20260811_FULL_v1,L1_ELIGIBILITY,v2026-08-11,2026-03-21..2026-08-06,baccarat_bet02_101_all_pairs_incl_sentinel,round_win = game_pnl > 0 (decisive only),COMPATIBILITY_ONLY_NOT_PRODUCTION,4059548.3812,3680416.6879,6656.9809,9707,9692,-0.00163983,0.01249836,-0.00525961,-0.00163983,-6656.9809,4059548.3812,OK,0.0000,266.2792,4.0000,96.0000,AG03-UNRESOLVED,ALL5_LEVELS_bet23_to_bet27,266.2792,266.2792,266.2792,0.0000,0.0000,4.000000,4.000000,4.000000,0.000000,0.000000,96.000000,96.000000,96.000000,100.000000,100.000000,5.0,798.8377,767.3102,5858.1432,5889.6706,PENDING_AG03,FALSE,NOT_FOR_ENFORCEMENT,6390.7016,3533200.0204,6656.9809,6390.7016,266.2792,0.00163983,0.00157424,266.2792,6390.7016,0.00157424,266.2792,266.2792,266.2792,0.0000,0.0000,6390.7016,0.00157424,798.8377,767.3102,5858.1432,5889.6706,0.00144305,0.00145082,0.00006559,418.2083,379.7376,0.6869,61.6387,1.8384,37588.4109,89.7407,538.3845,395.5999,218.4789,430.6076,432.5446,432.5446,1046.441,1081.3617,427.0584,0.0,2.43015,2.511246,0.971205,30,216,96,2,0.20383968,0.00163983,-0.01249836,0E-8,0.000000,0.906607,0.000000,0.01775797,2026-03-22,2026-08-06,108,3621,2443,138,0.782609,1.360932,1.287360,0.679466,,,,,,,,GLOBAL_BASELINE_NO_ENTITY_RANKING,,,NOT_APPLICABLE_GLOBAL_BASELINE,HF9g-P5,,,,X 全窗基线 · 不参与实体赏罚,14199032,1420,A168_HF9F_20260827_0900,2026-08-27 09:00:00
2026-06-01,57024343,1318,0,861.2151746114,-861.2151746114,-861.2151746114,0E-7,2,2,0.50665070000000000,0.506650700000,-1.4331513700195317,-1.4331513700195317,-1.4331513700195317,0E-17,ELIGIBLE,R03b_20260811_FULL_v1,L1_ELIGIBILITY,v2026-08-11,2026-03-21..2026-08-06,baccarat_bet02_101_all_pairs_incl_sentinel,round_win = game_pnl > 0 (decisive only),COMPATIBILITY_ONLY_NOT_PRODUCTION,4059548.3812,3680416.6879,6656.9809,9707,9692,-0.00163983,0.01249836,-0.00525961,-0.00163983,-6656.9809,4059548.3812,OK,0.0000,266.2792,4.0000,96.0000,AG03-UNRESOLVED,ALL5_LEVELS_bet23_to_bet27,266.2792,266.2792,266.2792,0.0000,0.0000,4.000000,4.000000,4.000000,0.000000,0.000000,96.000000,96.000000,96.000000,100.000000,100.000000,5.0,798.8377,767.3102,5858.1432,5889.6706,PENDING_AG03,FALSE,NOT_FOR_ENFORCEMENT,6390.7016,3533200.0204,6656.9809,6390.7016,266.2792,0.00163983,0.00157424,266.2792,6390.7016,0.00157424,266.2792,266.2792,266.2792,0.0000,0.0000,6390.7016,0.00157424,798.8377,767.3102,5858.1432,5889.6706,0.00144305,0.00145082,0.00006559,418.2083,379.7376,0.6869,61.6387,1.8384,37588.4109,89.7407,538.3845,395.5999,218.4789,430.6076,432.5446,432.5446,1046.441,1081.3617,427.0584,0.0,2.43015,2.511246,0.971205,30,216,96,2,0.20383968,0.00163983,-0.01249836,0E-8,0.000000,0.906607,0.000000,0.01775797,2026-03-22,2026-08-06,108,3621,2443,138,0.782609,1.360932,1.287360,0.679466,,,,,,,,GLOBAL_BASELINE_NO_ENTITY_RANKING,,,NOT_APPLICABLE_GLOBAL_BASELINE,HF9g-P5,,,,X 全窗基线 · 不参与实体赏罚,14199033,1420,A168_HF9F_20260827_0900,2026-08-27 09:00:00
2026-06-01,57024343,1323,0,861.2151746114,-21.5303793653,-21.5303793653,0.5000000,2,2,0.49994810000000000,0.499948100000,0.00014679536856514622,0.00014679536856514622,0.00014679536856514622,0E-17,ELIGIBLE,R03b_20260811_FULL_v1,L1_ELIGIBILITY,v2026-08-11,2026-03-21..2026-08-06,baccarat_bet02_101_all_pairs_incl_sentinel,round_win = game_pnl > 0 (decisive only),COMPATIBILITY_ONLY_NOT_PRODUCTION,4059548.3812,3680416.6879,6656.9809,9707,9692,-0.00163983,0.01249836,-0.00525961,-0.00163983,-6656.9809,4059548.3812,OK,0.0000,266.2792,4.0000,96.0000,AG03-UNRESOLVED,ALL5_LEVELS_bet23_to_bet27,266.2792,266.2792,266.2792,0.0000,0.0000,4.000000,4.000000,4.000000,0.000000,0.000000,96.000000,96.000000,96.000000,100.000000,100.000000,5.0,798.8377,767.3102,5858.1432,5889.6706,PENDING_AG03,FALSE,NOT_FOR_ENFORCEMENT,6390.7016,3533200.0204,6656.9809,6390.7016,266.2792,0.00163983,0.00157424,266.2792,6390.7016,0.00157424,266.2792,266.2792,266.2792,0.0000,0.0000,6390.7016,0.00157424,798.8377,767.3102,5858.1432,5889.6706,0.00144305,0.00145082,0.00006559,418.2083,379.7376,0.6869,61.6387,1.8384,37588.4109,89.7407,538.3845,395.5999,218.4789,430.6076,432.5446,432.5446,1046.441,1081.3617,427.0584,0.0,2.43015,2.511246,0.971205,30,216,96,2,0.20383968,0.00163983,-0.01249836,0E-8,0.000000,0.906607,0.000000,0.01775797,2026-03-22,2026-08-06,108,3621,2443,138,0.782609,1.360932,1.287360,0.679466,,,,,,,,GLOBAL_BASELINE_NO_ENTITY_RANKING,,,NOT_APPLICABLE_GLOBAL_BASELINE,HF9g-P5,,,,X 全窗基线 · 不参与实体赏罚,14199034,1420,A168_HF9F_20260827_0900,2026-08-27 09:00:00
2026-06-01,57024343,1330,0,1291.8227619171,387.5468285751,387.5468285751,0.6666667,3,3,0.50665070000000000,0.506650700000,0.5543606114942035,0.5543606114942035,0.5543606114942035,0E-17,ELIGIBLE,R03b_20260811_FULL_v1,L1_ELIGIBILITY,v2026-08-11,2026-03-21..2026-08-06,baccarat_bet02_101_all_pairs_incl_sentinel,round_win = game_pnl > 0 (decisive only),COMPATIBILITY_ONLY_NOT_PRODUCTION,4059548.3812,3680416.6879,6656.9809,9707,9692,-0.00163983,0.01249836,-0.00525961,-0.00163983,-6656.9809,4059548.3812,OK,0.0000,266.2792,4.0000,96.0000,AG03-UNRESOLVED,ALL5_LEVELS_bet23_to_bet27,266.2792,266.2792,266.2792,0.0000,0.0000,4.000000,4.000000,4.000000,0.000000,0.000000,96.000000,96.000000,96.000000,100.000000,100.000000,5.0,798.8377,767.3102,5858.1432,5889.6706,PENDING_AG03,FALSE,NOT_FOR_ENFORCEMENT,6390.7016,3533200.0204,6656.9809,6390.7016,266.2792,0.00163983,0.00157424,266.2792,6390.7016,0.00157424,266.2792,266.2792,266.2792,0.0000,0.0000,6390.7016,0.00157424,798.8377,767.3102,5858.1432,5889.6706,0.00144305,0.00145082,0.00006559,418.2083,379.7376,0.6869,61.6387,1.8384,37588.4109,89.7407,538.3845,395.5999,218.4789,430.6076,432.5446,432.5446,1046.441,1081.3617,427.0584,0.0,2.43015,2.511246,0.971205,30,216,96,2,0.20383968,0.00163983,-0.01249836,0E-8,0.000000,0.906607,0.000000,0.01775797,2026-03-22,2026-08-06,108,3621,2443,138,0.782609,1.360932,1.287360,0.679466,,,,,,,,GLOBAL_BASELINE_NO_ENTITY_RANKING,,,NOT_APPLICABLE_GLOBAL_BASELINE,HF9g-P5,,,,X 全窗基线 · 不参与实体赏罚,14199035,1420,A168_HF9F_20260827_0900,2026-08-27 09:00:00
2026-06-01,57024343,1331,0,2583.6455238342,1205.7012444559,1205.7012444559,0.8000000,6,6,0.50665070000000000,0.506650700000,1.3120140225494112,1.3120140225494112,1.3120140225494112,0E-17,ELIGIBLE,R03b_20260811_FULL_v1,L1_ELIGIBILITY,v2026-08-11,2026-03-21..2026-08-06,baccarat_bet02_101_all_pairs_incl_sentinel,round_win = game_pnl > 0 (decisive only),COMPATIBILITY_ONLY_NOT_PRODUCTION,4059548.3812,3680416.6879,6656.9809,9707,9692,-0.00163983,0.01249836,-0.00525961,-0.00163983,-6656.9809,4059548.3812,OK,0.0000,266.2792,4.0000,96.0000,AG03-UNRESOLVED,ALL5_LEVELS_bet23_to_bet27,266.2792,266.2792,266.2792,0.0000,0.0000,4.000000,4.000000,4.000000,0.000000,0.000000,96.000000,96.000000,96.000000,100.000000,100.000000,5.0,798.8377,767.3102,5858.1432,5889.6706,PENDING_AG03,FALSE,NOT_FOR_ENFORCEMENT,6390.7016,3533200.0204,6656.9809,6390.7016,266.2792,0.00163983,0.00157424,266.2792,6390.7016,0.00157424,266.2792,266.2792,266.2792,0.0000,0.0000,6390.7016,0.00157424,798.8377,767.3102,5858.1432,5889.6706,0.00144305,0.00145082,0.00006559,418.2083,379.7376,0.6869,61.6387,1.8384,37588.4109,89.7407,538.3845,395.5999,218.4789,430.6076,432.5446,432.5446,1046.441,1081.3617,427.0584,0.0,2.43015,2.511246,0.971205,30,216,96,2,0.20383968,0.00163983,-0.01249836,0E-8,0.000000,0.906607,0.000000,0.01775797,2026-03-22,2026-08-06,108,3621,2443,138,0.782609,1.360932,1.287360,0.679466,,,,,,,,GLOBAL_BASELINE_NO_ENTITY_RANKING,,,NOT_APPLICABLE_GLOBAL_BASELINE,HF9g-P5,,,,X 全窗基线 · 不参与实体赏罚,14199036,1420,A168_HF9F_20260827_0900,2026-08-27 09:00:00
2026-06-01,57024343,1399,0,430.6075873057,430.6075873057,430.6075873057,1.0000000,1,1,0.49324550000000000,0.493245500000,1.01360149184955,1.01360149184955,1.01360149184955,0E-17,ELIGIBLE,R03b_20260811_FULL_v1,L1_ELIGIBILITY,v2026-08-11,2026-03-21..2026-08-06,baccarat_bet02_101_all_pairs_incl_sentinel,round_win = game_pnl > 0 (decisive only),COMPATIBILITY_ONLY_NOT_PRODUCTION,4059548.3812,3680416.6879,6656.9809,9707,9692,-0.00163983,0.01249836,-0.00525961,-0.00163983,-6656.9809,4059548.3812,OK,0.0000,266.2792,4.0000,96.0000,AG03-UNRESOLVED,ALL5_LEVELS_bet23_to_bet27,266.2792,266.2792,266.2792,0.0000,0.0000,4.000000,4.000000,4.000000,0.000000,0.000000,96.000000,96.000000,96.000000,100.000000,100.000000,5.0,798.8377,767.3102,5858.1432,5889.6706,PENDING_AG03,FALSE,NOT_FOR_ENFORCEMENT,6390.7016,3533200.0204,6656.9809,6390.7016,266.2792,0.00163983,0.00157424,266.2792,6390.7016,0.00157424,266.2792,266.2792,266.2792,0.0000,0.0000,6390.7016,0.00157424,798.8377,767.3102,5858.1432,5889.6706,0.00144305,0.00145082,0.00006559,418.2083,379.7376,0.6869,61.6387,1.8384,37588.4109,89.7407,538.3845,395.5999,218.4789,430.6076,432.5446,432.5446,1046.441,1081.3617,427.0584,0.0,2.43015,2.511246,0.971205,30,216,96,2,0.20383968,0.00163983,-0.01249836,0E-8,0.000000,0.906607,0.000000,0.01775797,2026-03-22,2026-08-06,108,3621,2443,138,0.782609,1.360932,1.287360,0.679466,,,,,,,,GLOBAL_BASELINE_NO_ENTITY_RANKING,,,NOT_APPLICABLE_GLOBAL_BASELINE,HF9g-P5,,,,X 全窗基线 · 不参与实体赏罚,14199037,1420,A168_HF9F_20260827_0900,2026-08-27 09:00:00
2026-06-01,57024343,1505,0,861.2151746114,-861.2151746114,-861.2151746114,0E-7,2,2,0.49994810000000000,0.499948100000,-1.4140667746232096,-1.4140667746232096,-1.4140667746232096,0E-17,ELIGIBLE,R03b_20260811_FULL_v1,L1_ELIGIBILITY,v2026-08-11,2026-03-21..2026-08-06,baccarat_bet02_101_all_pairs_incl_sentinel,round_win = game_pnl > 0 (decisive only),COMPATIBILITY_ONLY_NOT_PRODUCTION,4059548.3812,3680416.6879,6656.9809,9707,9692,-0.00163983,0.01249836,-0.00525961,-0.00163983,-6656.9809,4059548.3812,OK,0.0000,266.2792,4.0000,96.0000,AG03-UNRESOLVED,ALL5_LEVELS_bet23_to_bet27,266.2792,266.2792,266.2792,0.0000,0.0000,4.000000,4.000000,4.000000,0.000000,0.000000,96.000000,96.000000,96.000000,100.000000,100.000000,5.0,798.8377,767.3102,5858.1432,5889.6706,PENDING_AG03,FALSE,NOT_FOR_ENFORCEMENT,6390.7016,3533200.0204,6656.9809,6390.7016,266.2792,0.00163983,0.00157424,266.2792,6390.7016,0.00157424,266.2792,266.2792,266.2792,0.0000,0.0000,6390.7016,0.00157424,798.8377,767.3102,5858.1432,5889.6706,0.00144305,0.00145082,0.00006559,418.2083,379.7376,0.6869,61.6387,1.8384,37588.4109,89.7407,538.3845,395.5999,218.4789,430.6076,432.5446,432.5446,1046.441,1081.3617,427.0584,0.0,2.43015,2.511246,0.971205,30,216,96,2,0.20383968,0.00163983,-0.01249836,0E-8,0.000000,0.906607,0.000000,0.01775797,2026-03-22,2026-08-06,108,3621,2443,138,0.782609,1.360932,1.287360,0.679466,,,,,,,,GLOBAL_BASELINE_NO_ENTITY_RANKING,,,NOT_APPLICABLE_GLOBAL_BASELINE,HF9g-P5,,,,X 全窗基线 · 不参与实体赏罚,14199038,1420,A168_HF9F_20260827_0900,2026-08-27 09:00:00
2026-06-01,57024343,1714,0,1722.4303492228,-43.0607587306,-43.0607587306,0.5000000,4,4,0.50665070000000000,0.506650700000,-0.02660515369234503,-0.02660515369234503,-0.02660515369234503,0E-17,ELIGIBLE,R03b_20260811_FULL_v1,L1_ELIGIBILITY,v2026-08-11,2026-03-21..2026-08-06,baccarat_bet02_101_all_pairs_incl_sentinel,round_win = game_pnl > 0 (decisive only),COMPATIBILITY_ONLY_NOT_PRODUCTION,4059548.3812,3680416.6879,6656.9809,9707,9692,-0.00163983,0.01249836,-0.00525961,-0.00163983,-6656.9809,4059548.3812,OK,0.0000,266.2792,4.0000,96.0000,AG03-UNRESOLVED,ALL5_LEVELS_bet23_to_bet27,266.2792,266.2792,266.2792,0.0000,0.0000,4.000000,4.000000,4.000000,0.000000,0.000000,96.000000,96.000000,96.000000,100.000000,100.000000,5.0,798.8377,767.3102,5858.1432,5889.6706,PENDING_AG03,FALSE,NOT_FOR_ENFORCEMENT,6390.7016,3533200.0204,6656.9809,6390.7016,266.2792,0.00163983,0.00157424,266.2792,6390.7016,0.00157424,266.2792,266.2792,266.2792,0.0000,0.0000,6390.7016,0.00157424,798.8377,767.3102,5858.1432,5889.6706,0.00144305,0.00145082,0.00006559,418.2083,379.7376,0.6869,61.6387,1.8384,37588.4109,89.7407,538.3845,395.5999,218.4789,430.6076,432.5446,432.5446,1046.441,1081.3617,427.0584,0.0,2.43015,2.511246,0.971205,30,216,96,2,0.20383968,0.00163983,-0.01249836,0E-8,0.000000,0.906607,0.000000,0.01775797,2026-03-22,2026-08-06,108,3621,2443,138,0.782609,1.360932,1.287360,0.679466,,,,,,,,GLOBAL_BASELINE_NO_ENTITY_RANKING,,,NOT_APPLICABLE_GLOBAL_BASELINE,HF9g-P5,,,,X 全窗基线 · 不参与实体赏罚,14199039,1420,A168_HF9F_20260827_0900,2026-08-27 09:00:00
2026-06-01,57024343,1957,0,645.9113809585,-645.9113809585,-645.9113809585,0E-7,2,2,0.49994810000000000,0.499948100000,-1.4140667746232096,-1.4140667746232096,-1.4140667746232096,0E-17,ELIGIBLE,R03b_20260811_FULL_v1,L1_ELIGIBILITY,v2026-08-11,2026-03-21..2026-08-06,baccarat_bet02_101_all_pairs_incl_sentinel,round_win = game_pnl > 0 (decisive only),COMPATIBILITY_ONLY_NOT_PRODUCTION,4059548.3812,3680416.6879,6656.9809,9707,9692,-0.00163983,0.01249836,-0.00525961,-0.00163983,-6656.9809,4059548.3812,OK,0.0000,266.2792,4.0000,96.0000,AG03-UNRESOLVED,ALL5_LEVELS_bet23_to_bet27,266.2792,266.2792,266.2792,0.0000,0.0000,4.000000,4.000000,4.000000,0.000000,0.000000,96.000000,96.000000,96.000000,100.000000,100.000000,5.0,798.8377,767.3102,5858.1432,5889.6706,PENDING_AG03,FALSE,NOT_FOR_ENFORCEMENT,6390.7016,3533200.0204,6656.9809,6390.7016,266.2792,0.00163983,0.00157424,266.2792,6390.7016,0.00157424,266.2792,266.2792,266.2792,0.0000,0.0000,6390.7016,0.00157424,798.8377,767.3102,5858.1432,5889.6706,0.00144305,0.00145082,0.00006559,418.2083,379.7376,0.6869,61.6387,1.8384,37588.4109,89.7407,538.3845,395.5999,218.4789,430.6076,432.5446,432.5446,1046.441,1081.3617,427.0584,0.0,2.43015,2.511246,0.971205,30,216,96,2,0.20383968,0.00163983,-0.01249836,0E-8,0.000000,0.906607,0.000000,0.01775797,2026-03-22,2026-08-06,108,3621,2443,138,0.782609,1.360932,1.287360,0.679466,,,,,,,,GLOBAL_BASELINE_NO_ENTITY_RANKING,,,NOT_APPLICABLE_GLOBAL_BASELINE,HF9g-P5,,,,X 全窗基线 · 不参与实体赏罚,14199040,1420,A168_HF9F_20260827_0900,2026-08-27 09:00:00
2026-06-01,57024343,2108,0,430.6075873057,409.0772079404,409.0772079404,1.0000000,1,1,0.50665070000000000,0.506650700000,0.9867858985152569,0.9867858985152569,0.9867858985152569,0E-17,ELIGIBLE,R03b_20260811_FULL_v1,L1_ELIGIBILITY,v2026-08-11,2026-03-21..2026-08-06,baccarat_bet02_101_all_pairs_incl_sentinel,round_win = game_pnl > 0 (decisive only),COMPATIBILITY_ONLY_NOT_PRODUCTION,4059548.3812,3680416.6879,6656.9809,9707,9692,-0.00163983,0.01249836,-0.00525961,-0.00163983,-6656.9809,4059548.3812,OK,0.0000,266.2792,4.0000,96.0000,AG03-UNRESOLVED,ALL5_LEVELS_bet23_to_bet27,266.2792,266.2792,266.2792,0.0000,0.0000,4.000000,4.000000,4.000000,0.000000,0.000000,96.000000,96.000000,96.000000,100.000000,100.000000,5.0,798.8377,767.3102,5858.1432,5889.6706,PENDING_AG03,FALSE,NOT_FOR_ENFORCEMENT,6390.7016,3533200.0204,6656.9809,6390.7016,266.2792,0.00163983,0.00157424,266.2792,6390.7016,0.00157424,266.2792,266.2792,266.2792,0.0000,0.0000,6390.7016,0.00157424,798.8377,767.3102,5858.1432,5889.6706,0.00144305,0.00145082,0.00006559,418.2083,379.7376,0.6869,61.6387,1.8384,37588.4109,89.7407,538.3845,395.5999,218.4789,430.6076,432.5446,432.5446,1046.441,1081.3617,427.0584,0.0,2.43015,2.511246,0.971205,30,216,96,2,0.20383968,0.00163983,-0.01249836,0E-8,0.000000,0.906607,0.000000,0.01775797,2026-03-22,2026-08-06,108,3621,2443,138,0.782609,1.360932,1.287360,0.679466,,,,,,,,GLOBAL_BASELINE_NO_ENTITY_RANKING,,,NOT_APPLICABLE_GLOBAL_BASELINE,HF9g-P5,,,,X 全窗基线 · 不参与实体赏罚,14199041,1420,A168_HF9F_20260827_0900,2026-08-27 09:00:00
2026-06-01,57024343,2115,0,861.2151746114,818.1544158808,818.1544158808,1.0000000,2,2,0.50665070000000000,0.506650700000,1.3955260008387969,1.3955260008387969,1.3955260008387969,0E-17,ELIGIBLE,R03b_20260811_FULL_v1,L1_ELIGIBILITY,v2026-08-11,2026-03-21..2026-08-06,baccarat_bet02_101_all_pairs_incl_sentinel,round_win = game_pnl > 0 (decisive only),COMPATIBILITY_ONLY_NOT_PRODUCTION,4059548.3812,3680416.6879,6656.9809,9707,9692,-0.00163983,0.01249836,-0.00525961,-0.00163983,-6656.9809,4059548.3812,OK,0.0000,266.2792,4.0000,96.0000,AG03-UNRESOLVED,ALL5_LEVELS_bet23_to_bet27,266.2792,266.2792,266.2792,0.0000,0.0000,4.000000,4.000000,4.000000,0.000000,0.000000,96.000000,96.000000,96.000000,100.000000,100.000000,5.0,798.8377,767.3102,5858.1432,5889.6706,PENDING_AG03,FALSE,NOT_FOR_ENFORCEMENT,6390.7016,3533200.0204,6656.9809,6390.7016,266.2792,0.00163983,0.00157424,266.2792,6390.7016,0.00157424,266.2792,266.2792,266.2792,0.0000,0.0000,6390.7016,0.00157424,798.8377,767.3102,5858.1432,5889.6706,0.00144305,0.00145082,0.00006559,418.2083,379.7376,0.6869,61.6387,1.8384,37588.4109,89.7407,538.3845,395.5999,218.4789,430.6076,432.5446,432.5446,1046.441,1081.3617,427.0584,0.0,2.43015,2.511246,0.971205,30,216,96,2,0.20383968,0.00163983,-0.01249836,0E-8,0.000000,0.906607,0.000000,0.01775797,2026-03-22,2026-08-06,108,3621,2443,138,0.782609,1.360932,1.287360,0.679466,,,,,,,,GLOBAL_BASELINE_NO_ENTITY_RANKING,,,NOT_APPLICABLE_GLOBAL_BASELINE,HF9g-P5,,,,X 全窗基线 · 不参与实体赏罚,14199042,1420,A168_HF9F_20260827_0900,2026-08-27 09:00:00
2026-06-01,57024343,2127,0,1419.2826077596,1348.3184773716,1348.3184773716,1.0000000,3,3,0.50665070000000000,0.506650700000,1.7091633124209307,1.7091633124209307,1.7091633124209307,0E-17,ELIGIBLE,R03b_20260811_FULL_v1,L1_ELIGIBILITY,v2026-08-11,2026-03-21..2026-08-06,baccarat_bet02_101_all_pairs_incl_sentinel,round_win = game_pnl > 0 (decisive only),COMPATIBILITY_ONLY_NOT_PRODUCTION,4059548.3812,3680416.6879,6656.9809,9707,9692,-0.00163983,0.01249836,-0.00525961,-0.00163983,-6656.9809,4059548.3812,OK,0.0000,266.2792,4.0000,96.0000,AG03-UNRESOLVED,ALL5_LEVELS_bet23_to_bet27,266.2792,266.2792,266.2792,0.0000,0.0000,4.000000,4.000000,4.000000,0.000000,0.000000,96.000000,96.000000,96.000000,100.000000,100.000000,5.0,798.8377,767.3102,5858.1432,5889.6706,PENDING_AG03,FALSE,NOT_FOR_ENFORCEMENT,6390.7016,3533200.0204,6656.9809,6390.7016,266.2792,0.00163983,0.00157424,266.2792,6390.7016,0.00157424,266.2792,266.2792,266.2792,0.0000,0.0000,6390.7016,0.00157424,798.8377,767.3102,5858.1432,5889.6706,0.00144305,0.00145082,0.00006559,418.2083,379.7376,0.6869,61.6387,1.8384,37588.4109,89.7407,538.3845,395.5999,218.4789,430.6076,432.5446,432.5446,1046.441,1081.3617,427.0584,0.0,2.43015,2.511246,0.971205,30,216,96,2,0.20383968,0.00163983,-0.01249836,0E-8,0.000000,0.906607,0.000000,0.01775797,2026-03-22,2026-08-06,108,3621,2443,138,0.782609,1.360932,1.287360,0.679466,,,,,,,,GLOBAL_BASELINE_NO_ENTITY_RANKING,,,NOT_APPLICABLE_GLOBAL_BASELINE,HF9g-P5,,,,X 全窗基线 · 不参与实体赏罚,14199043,1420,A168_HF9F_20260827_0900,2026-08-27 09:00:00
2026-06-01,57024343,2155,0,430.6075873057,409.0772079404,409.0772079404,1.0000000,1,1,0.50665070000000000,0.506650700000,0.9867858985152569,0.9867858985152569,0.9867858985152569,0E-17,ELIGIBLE,R03b_20260811_FULL_v1,L1_ELIGIBILITY,v2026-08-11,2026-03-21..2026-08-06,baccarat_bet02_101_all_pairs_incl_sentinel,round_win = game_pnl > 0 (decisive only),COMPATIBILITY_ONLY_NOT_PRODUCTION,4059548.3812,3680416.6879,6656.9809,9707,9692,-0.00163983,0.01249836,-0.00525961,-0.00163983,-6656.9809,4059548.3812,OK,0.0000,266.2792,4.0000,96.0000,AG03-UNRESOLVED,ALL5_LEVELS_bet23_to_bet27,266.2792,266.2792,266.2792,0.0000,0.0000,4.000000,4.000000,4.000000,0.000000,0.000000,96.000000,96.000000,96.000000,100.000000,100.000000,5.0,798.8377,767.3102,5858.1432,5889.6706,PENDING_AG03,FALSE,NOT_FOR_ENFORCEMENT,6390.7016,3533200.0204,6656.9809,6390.7016,266.2792,0.00163983,0.00157424,266.2792,6390.7016,0.00157424,266.2792,266.2792,266.2792,0.0000,0.0000,6390.7016,0.00157424,798.8377,767.3102,5858.1432,5889.6706,0.00144305,0.00145082,0.00006559,418.2083,379.7376,0.6869,61.6387,1.8384,37588.4109,89.7407,538.3845,395.5999,218.4789,430.6076,432.5446,432.5446,1046.441,1081.3617,427.0584,0.0,2.43015,2.511246,0.971205,30,216,96,2,0.20383968,0.00163983,-0.01249836,0E-8,0.000000,0.906607,0.000000,0.01775797,2026-03-22,2026-08-06,108,3621,2443,138,0.782609,1.360932,1.287360,0.679466,,,,,,,,GLOBAL_BASELINE_NO_ENTITY_RANKING,,,NOT_APPLICABLE_GLOBAL_BASELINE,HF9g-P5,,,,X 全窗基线 · 不参与实体赏罚,14199044,1420,A168_HF9F_20260827_0900,2026-08-27 09:00:00
2026-06-01,57024343,2169,0,430.6075873057,-430.6075873057,-430.6075873057,0E-7,1,1,0.50665070000000000,0.506650700000,-1.013391052207602,-1.013391052207602,-1.013391052207602,0E-17,ELIGIBLE,R03b_20260811_FULL_v1,L1_ELIGIBILITY,v2026-08-11,2026-03-21..2026-08-06,baccarat_bet02_101_all_pairs_incl_sentinel,round_win = game_pnl > 0 (decisive only),COMPATIBILITY_ONLY_NOT_PRODUCTION,4059548.3812,3680416.6879,6656.9809,9707,9692,-0.00163983,0.01249836,-0.00525961,-0.00163983,-6656.9809,4059548.3812,OK,0.0000,266.2792,4.0000,96.0000,AG03-UNRESOLVED,ALL5_LEVELS_bet23_to_bet27,266.2792,266.2792,266.2792,0.0000,0.0000,4.000000,4.000000,4.000000,0.000000,0.000000,96.000000,96.000000,96.000000,100.000000,100.000000,5.0,798.8377,767.3102,5858.1432,5889.6706,PENDING_AG03,FALSE,NOT_FOR_ENFORCEMENT,6390.7016,3533200.0204,6656.9809,6390.7016,266.2792,0.00163983,0.00157424,266.2792,6390.7016,0.00157424,266.2792,266.2792,266.2792,0.0000,0.0000,6390.7016,0.00157424,798.8377,767.3102,5858.1432,5889.6706,0.00144305,0.00145082,0.00006559,418.2083,379.7376,0.6869,61.6387,1.8384,37588.4109,89.7407,538.3845,395.5999,218.4789,430.6076,432.5446,432.5446,1046.441,1081.3617,427.0584,0.0,2.43015,2.511246,0.971205,30,216,96,2,0.20383968,0.00163983,-0.01249836,0E-8,0.000000,0.906607,0.000000,0.01775797,2026-03-22,2026-08-06,108,3621,2443,138,0.782609,1.360932,1.287360,0.679466,,,,,,,,GLOBAL_BASELINE_NO_ENTITY_RANKING,,,NOT_APPLICABLE_GLOBAL_BASELINE,HF9g-P5,,,,X 全窗基线 · 不参与实体赏罚,14199045,1420,A168_HF9F_20260827_0900,2026-08-27 09:00:00
2026-06-01,57024343,2171,0,430.6075873057,0E-10,0E-10,,1,1,0.50665070000000000,0.506650700000,,,,0E-17,NO_DECISIVE_ROUND,R03b_20260811_FULL_v1,L1_ELIGIBILITY,v2026-08-11,2026-03-21..2026-08-06,baccarat_bet02_101_all_pairs_incl_sentinel,round_win = game_pnl > 0 (decisive only),COMPATIBILITY_ONLY_NOT_PRODUCTION,4059548.3812,3680416.6879,6656.9809,9707,9692,-0.00163983,0.01249836,-0.00525961,-0.00163983,-6656.9809,4059548.3812,OK,0.0000,266.2792,4.0000,96.0000,AG03-UNRESOLVED,ALL5_LEVELS_bet23_to_bet27,266.2792,266.2792,266.2792,0.0000,0.0000,4.000000,4.000000,4.000000,0.000000,0.000000,96.000000,96.000000,96.000000,100.000000,100.000000,5.0,798.8377,767.3102,5858.1432,5889.6706,PENDING_AG03,FALSE,NOT_FOR_ENFORCEMENT,6390.7016,3533200.0204,6656.9809,6390.7016,266.2792,0.00163983,0.00157424,266.2792,6390.7016,0.00157424,266.2792,266.2792,266.2792,0.0000,0.0000,6390.7016,0.00157424,798.8377,767.3102,5858.1432,5889.6706,0.00144305,0.00145082,0.00006559,418.2083,379.7376,0.6869,61.6387,1.8384,37588.4109,89.7407,538.3845,395.5999,218.4789,430.6076,432.5446,432.5446,1046.441,1081.3617,427.0584,0.0,2.43015,2.511246,0.971205,30,216,96,2,0.20383968,0.00163983,-0.01249836,0E-8,0.000000,0.906607,0.000000,0.01775797,2026-03-22,2026-08-06,108,3621,2443,138,0.782609,1.360932,1.287360,0.679466,,,,,,,,GLOBAL_BASELINE_NO_ENTITY_RANKING,,,NOT_APPLICABLE_GLOBAL_BASELINE,HF9g-P5,,,,X 全窗基线 · 不参与实体赏罚,14199046,1420,A168_HF9F_20260827_0900,2026-08-27 09:00:00
2026-06-01,57024343,2201,0,1291.8227619171,387.5468285751,387.5468285751,0.6666667,3,3,0.50665070000000000,0.506650700000,0.5543606114942035,0.5543606114942035,0.5543606114942035,0E-17,ELIGIBLE,R03b_20260811_FULL_v1,L1_ELIGIBILITY,v2026-08-11,2026-03-21..2026-08-06,baccarat_bet02_101_all_pairs_incl_sentinel,round_win = game_pnl > 0 (decisive only),COMPATIBILITY_ONLY_NOT_PRODUCTION,4059548.3812,3680416.6879,6656.9809,9707,9692,-0.00163983,0.01249836,-0.00525961,-0.00163983,-6656.9809,4059548.3812,OK,0.0000,266.2792,4.0000,96.0000,AG03-UNRESOLVED,ALL5_LEVELS_bet23_to_bet27,266.2792,266.2792,266.2792,0.0000,0.0000,4.000000,4.000000,4.000000,0.000000,0.000000,96.000000,96.000000,96.000000,100.000000,100.000000,5.0,798.8377,767.3102,5858.1432,5889.6706,PENDING_AG03,FALSE,NOT_FOR_ENFORCEMENT,6390.7016,3533200.0204,6656.9809,6390.7016,266.2792,0.00163983,0.00157424,266.2792,6390.7016,0.00157424,266.2792,266.2792,266.2792,0.0000,0.0000,6390.7016,0.00157424,798.8377,767.3102,5858.1432,5889.6706,0.00144305,0.00145082,0.00006559,418.2083,379.7376,0.6869,61.6387,1.8384,37588.4109,89.7407,538.3845,395.5999,218.4789,430.6076,432.5446,432.5446,1046.441,1081.3617,427.0584,0.0,2.43015,2.511246,0.971205,30,216,96,2,0.20383968,0.00163983,-0.01249836,0E-8,0.000000,0.906607,0.000000,0.01775797,2026-03-22,2026-08-06,108,3621,2443,138,0.782609,1.360932,1.287360,0.679466,,,,,,,,GLOBAL_BASELINE_NO_ENTITY_RANKING,,,NOT_APPLICABLE_GLOBAL_BASELINE,HF9g-P5,,,,X 全窗基线 · 不参与实体赏罚,14199047,1420,A168_HF9F_20260827_0900,2026-08-27 09:00:00
2026-06-01,57024343,2241,0,861.2151746114,839.6847952461,839.6847952461,1.0000000,2,2,0.49994810000000000,0.499948100000,1.4143603653603398,1.4143603653603398,1.4143603653603398,0E-17,ELIGIBLE,R03b_20260811_FULL_v1,L1_ELIGIBILITY,v2026-08-11,2026-03-21..2026-08-06,baccarat_bet02_101_all_pairs_incl_sentinel,round_win = game_pnl > 0 (decisive only),COMPATIBILITY_ONLY_NOT_PRODUCTION,4059548.3812,3680416.6879,6656.9809,9707,9692,-0.00163983,0.01249836,-0.00525961,-0.00163983,-6656.9809,4059548.3812,OK,0.0000,266.2792,4.0000,96.0000,AG03-UNRESOLVED,ALL5_LEVELS_bet23_to_bet27,266.2792,266.2792,266.2792,0.0000,0.0000,4.000000,4.000000,4.000000,0.000000,0.000000,96.000000,96.000000,96.000000,100.000000,100.000000,5.0,798.8377,767.3102,5858.1432,5889.6706,PENDING_AG03,FALSE,NOT_FOR_ENFORCEMENT,6390.7016,3533200.0204,6656.9809,6390.7016,266.2792,0.00163983,0.00157424,266.2792,6390.7016,0.00157424,266.2792,266.2792,266.2792,0.0000,0.0000,6390.7016,0.00157424,798.8377,767.3102,5858.1432,5889.6706,0.00144305,0.00145082,0.00006559,418.2083,379.7376,0.6869,61.6387,1.8384,37588.4109,89.7407,538.3845,395.5999,218.4789,430.6076,432.5446,432.5446,1046.441,1081.3617,427.0584,0.0,2.43015,2.511246,0.971205,30,216,96,2,0.20383968,0.00163983,-0.01249836,0E-8,0.000000,0.906607,0.000000,0.01775797,2026-03-22,2026-08-06,108,3621,2443,138,0.782609,1.360932,1.287360,0.679466,,,,,,,,GLOBAL_BASELINE_NO_ENTITY_RANKING,,,NOT_APPLICABLE_GLOBAL_BASELINE,HF9g-P5,,,,X 全窗基线 · 不参与实体赏罚,14199048,1420,A168_HF9F_20260827_0900,2026-08-27 09:00:00
2026-06-01,57024343,2256,0,1291.8227619171,1227.2316238212,1227.2316238212,1.0000000,3,3,0.50665070000000000,0.506650700000,1.7091633124209307,1.7091633124209307,1.7091633124209307,0E-17,ELIGIBLE,R03b_20260811_FULL_v1,L1_ELIGIBILITY,v2026-08-11,2026-03-21..2026-08-06,baccarat_bet02_101_all_pairs_incl_sentinel,round_win = game_pnl > 0 (decisive only),COMPATIBILITY_ONLY_NOT_PRODUCTION,4059548.3812,3680416.6879,6656.9809,9707,9692,-0.00163983,0.01249836,-0.00525961,-0.00163983,-6656.9809,4059548.3812,OK,0.0000,266.2792,4.0000,96.0000,AG03-UNRESOLVED,ALL5_LEVELS_bet23_to_bet27,266.2792,266.2792,266.2792,0.0000,0.0000,4.000000,4.000000,4.000000,0.000000,0.000000,96.000000,96.000000,96.000000,100.000000,100.000000,5.0,798.8377,767.3102,5858.1432,5889.6706,PENDING_AG03,FALSE,NOT_FOR_ENFORCEMENT,6390.7016,3533200.0204,6656.9809,6390.7016,266.2792,0.00163983,0.00157424,266.2792,6390.7016,0.00157424,266.2792,266.2792,266.2792,0.0000,0.0000,6390.7016,0.00157424,798.8377,767.3102,5858.1432,5889.6706,0.00144305,0.00145082,0.00006559,418.2083,379.7376,0.6869,61.6387,1.8384,37588.4109,89.7407,538.3845,395.5999,218.4789,430.6076,432.5446,432.5446,1046.441,1081.3617,427.0584,0.0,2.43015,2.511246,0.971205,30,216,96,2,0.20383968,0.00163983,-0.01249836,0E-8,0.000000,0.906607,0.000000,0.01775797,2026-03-22,2026-08-06,108,3621,2443,138,0.782609,1.360932,1.287360,0.679466,,,,,,,,GLOBAL_BASELINE_NO_ENTITY_RANKING,,,NOT_APPLICABLE_GLOBAL_BASELINE,HF9g-P5,,,,X 全窗基线 · 不参与实体赏罚,14199049,1420,A168_HF9F_20260827_0900,2026-08-27 09:00:00
2026-06-01,57024343,2258,0,430.6075873057,-430.6075873057,-430.6075873057,0E-7,1,1,0.49324550000000000,0.493245500000,-0.9865810262130424,-0.9865810262130424,-0.9865810262130424,0E-17,ELIGIBLE,R03b_20260811_FULL_v1,L1_ELIGIBILITY,v2026-08-11,2026-03-21..2026-08-06,baccarat_bet02_101_all_pairs_incl_sentinel,round_win = game_pnl > 0 (decisive only),COMPATIBILITY_ONLY_NOT_PRODUCTION,4059548.3812,3680416.6879,6656.9809,9707,9692,-0.00163983,0.01249836,-0.00525961,-0.00163983,-6656.9809,4059548.3812,OK,0.0000,266.2792,4.0000,96.0000,AG03-UNRESOLVED,ALL5_LEVELS_bet23_to_bet27,266.2792,266.2792,266.2792,0.0000,0.0000,4.000000,4.000000,4.000000,0.000000,0.000000,96.000000,96.000000,96.000000,100.000000,100.000000,5.0,798.8377,767.3102,5858.1432,5889.6706,PENDING_AG03,FALSE,NOT_FOR_ENFORCEMENT,6390.7016,3533200.0204,6656.9809,6390.7016,266.2792,0.00163983,0.00157424,266.2792,6390.7016,0.00157424,266.2792,266.2792,266.2792,0.0000,0.0000,6390.7016,0.00157424,798.8377,767.3102,5858.1432,5889.6706,0.00144305,0.00145082,0.00006559,418.2083,379.7376,0.6869,61.6387,1.8384,37588.4109,89.7407,538.3845,395.5999,218.4789,430.6076,432.5446,432.5446,1046.441,1081.3617,427.0584,0.0,2.43015,2.511246,0.971205,30,216,96,2,0.20383968,0.00163983,-0.01249836,0E-8,0.000000,0.906607,0.000000,0.01775797,2026-03-22,2026-08-06,108,3621,2443,138,0.782609,1.360932,1.287360,0.679466,,,,,,,,GLOBAL_BASELINE_NO_ENTITY_RANKING,,,NOT_APPLICABLE_GLOBAL_BASELINE,HF9g-P5,,,,X 全窗基线 · 不参与实体赏罚,14199050,1420,A168_HF9F_20260827_0900,2026-08-27 09:00:00
2026-06-01,57024343,462,0,1291.8227619171,409.0772079404,409.0772079404,0.6666667,3,3,0.50218230000000000,0.502182300000,0.5697959874915163,0.5697959874915164,0.5697959874915163,0E-17,ELIGIBLE,R03b_20260811_FULL_v1,L1_ELIGIBILITY,v2026-08-11,2026-03-21..2026-08-06,baccarat_bet02_101_all_pairs_incl_sentinel,round_win = game_pnl > 0 (decisive only),COMPATIBILITY_ONLY_NOT_PRODUCTION,4059548.3812,3680416.6879,6656.9809,9707,9692,-0.00163983,0.01249836,-0.00525961,-0.00163983,-6656.9809,4059548.3812,OK,0.0000,266.2792,4.0000,96.0000,AG03-UNRESOLVED,ALL5_LEVELS_bet23_to_bet27,266.2792,266.2792,266.2792,0.0000,0.0000,4.000000,4.000000,4.000000,0.000000,0.000000,96.000000,96.000000,96.000000,100.000000,100.000000,5.0,798.8377,767.3102,5858.1432,5889.6706,PENDING_AG03,FALSE,NOT_FOR_ENFORCEMENT,6390.7016,3533200.0204,6656.9809,6390.7016,266.2792,0.00163983,0.00157424,266.2792,6390.7016,0.00157424,266.2792,266.2792,266.2792,0.0000,0.0000,6390.7016,0.00157424,798.8377,767.3102,5858.1432,5889.6706,0.00144305,0.00145082,0.00006559,418.2083,379.7376,0.6869,61.6387,1.8384,37588.4109,89.7407,538.3845,395.5999,218.4789,430.6076,432.5446,432.5446,1046.441,1081.3617,427.0584,0.0,2.43015,2.511246,0.971205,30,216,96,2,0.20383968,0.00163983,-0.01249836,0E-8,0.000000,0.906607,0.000000,0.01775797,2026-03-22,2026-08-06,108,3621,2443,138,0.782609,1.360932,1.287360,0.679466,,,,,,,,GLOBAL_BASELINE_NO_ENTITY_RANKING,,,NOT_APPLICABLE_GLOBAL_BASELINE,HF9g-P5,,,,X 全窗基线 · 不参与实体赏罚,14199051,1420,A168_HF9F_20260827_0900,2026-08-27 09:00:00
2026-06-03,57024343,-1,1,11626.4048572539,1033.4582095335,1033.4582095335,0.5652174,27,27,0.50466474444444444,0.504664744444,0.5808258631681016,0.5808258631723597,0.5808258631681016,4.4444E-13,SENTINEL_DEALER,R03b_20260811_FULL_v1,L1_ELIGIBILITY,v2026-08-11,2026-03-21..2026-08-06,baccarat_bet02_101_all_pairs_incl_sentinel,round_win = game_pnl > 0 (decisive only),COMPATIBILITY_ONLY_NOT_PRODUCTION,4059548.3812,3680416.6879,6656.9809,9707,9692,-0.00163983,0.01249836,-0.00525961,-0.00163983,-6656.9809,4059548.3812,OK,0.0000,266.2792,4.0000,96.0000,AG03-UNRESOLVED,ALL5_LEVELS_bet23_to_bet27,266.2792,266.2792,266.2792,0.0000,0.0000,4.000000,4.000000,4.000000,0.000000,0.000000,96.000000,96.000000,96.000000,100.000000,100.000000,5.0,798.8377,767.3102,5858.1432,5889.6706,PENDING_AG03,FALSE,NOT_FOR_ENFORCEMENT,6390.7016,3533200.0204,6656.9809,6390.7016,266.2792,0.00163983,0.00157424,266.2792,6390.7016,0.00157424,266.2792,266.2792,266.2792,0.0000,0.0000,6390.7016,0.00157424,798.8377,767.3102,5858.1432,5889.6706,0.00144305,0.00145082,0.00006559,418.2083,379.7376,0.6869,61.6387,1.8384,37588.4109,89.7407,538.3845,395.5999,218.4789,430.6076,432.5446,432.5446,1046.441,1081.3617,427.0584,0.0,2.43015,2.511246,0.971205,30,216,96,2,0.20383968,0.00163983,-0.01249836,0E-8,0.000000,0.906607,0.000000,0.01775797,2026-03-22,2026-08-06,108,3621,2443,138,0.782609,1.360932,1.287360,0.679466,,,,,,,,GLOBAL_BASELINE_NO_ENTITY_RANKING,,,NOT_APPLICABLE_GLOBAL_BASELINE,HF9g-P5,,,,X 全窗基线 · 不参与实体赏罚,14199052,1420,A168_HF9F_20260827_0900,2026-08-27 09:00:00
2026-06-03,57024343,1017,0,1291.8227619171,-452.1379666710,-452.1379666710,0.3333333,3,3,0.50665070000000000,0.506650700000,-0.6004420894325239,-0.6004420894325239,-0.6004420894325239,0E-17,ELIGIBLE,R03b_20260811_FULL_v1,L1_ELIGIBILITY,v2026-08-11,2026-03-21..2026-08-06,baccarat_bet02_101_all_pairs_incl_sentinel,round_win = game_pnl > 0 (decisive only),COMPATIBILITY_ONLY_NOT_PRODUCTION,4059548.3812,3680416.6879,6656.9809,9707,9692,-0.00163983,0.01249836,-0.00525961,-0.00163983,-6656.9809,4059548.3812,OK,0.0000,266.2792,4.0000,96.0000,AG03-UNRESOLVED,ALL5_LEVELS_bet23_to_bet27,266.2792,266.2792,266.2792,0.0000,0.0000,4.000000,4.000000,4.000000,0.000000,0.000000,96.000000,96.000000,96.000000,100.000000,100.000000,5.0,798.8377,767.3102,5858.1432,5889.6706,PENDING_AG03,FALSE,NOT_FOR_ENFORCEMENT,6390.7016,3533200.0204,6656.9809,6390.7016,266.2792,0.00163983,0.00157424,266.2792,6390.7016,0.00157424,266.2792,266.2792,266.2792,0.0000,0.0000,6390.7016,0.00157424,798.8377,767.3102,5858.1432,5889.6706,0.00144305,0.00145082,0.00006559,418.2083,379.7376,0.6869,61.6387,1.8384,37588.4109,89.7407,538.3845,395.5999,218.4789,430.6076,432.5446,432.5446,1046.441,1081.3617,427.0584,0.0,2.43015,2.511246,0.971205,30,216,96,2,0.20383968,0.00163983,-0.01249836,0E-8,0.000000,0.906607,0.000000,0.01775797,2026-03-22,2026-08-06,108,3621,2443,138,0.782609,1.360932,1.287360,0.679466,,,,,,,,GLOBAL_BASELINE_NO_ENTITY_RANKING,,,NOT_APPLICABLE_GLOBAL_BASELINE,HF9g-P5,,,,X 全窗基线 · 不参与实体赏罚,14199053,1420,A168_HF9F_20260827_0900,2026-08-27 09:00:00
2026-06-03,57024343,1304,0,2153.0379365285,-473.6683460363,-473.6683460363,0.4000000,5,5,0.50665070000000000,0.506650700000,-0.4769986289884125,-0.4769986289884125,-0.4769986289884125,0E-17,ELIGIBLE,R03b_20260811_FULL_v1,L1_ELIGIBILITY,v2026-08-11,2026-03-21..2026-08-06,baccarat_bet02_101_all_pairs_incl_sentinel,round_win = game_pnl > 0 (decisive only),COMPATIBILITY_ONLY_NOT_PRODUCTION,4059548.3812,3680416.6879,6656.9809,9707,9692,-0.00163983,0.01249836,-0.00525961,-0.00163983,-6656.9809,4059548.3812,OK,0.0000,266.2792,4.0000,96.0000,AG03-UNRESOLVED,ALL5_LEVELS_bet23_to_bet27,266.2792,266.2792,266.2792,0.0000,0.0000,4.000000,4.000000,4.000000,0.000000,0.000000,96.000000,96.000000,96.000000,100.000000,100.000000,5.0,798.8377,767.3102,5858.1432,5889.6706,PENDING_AG03,FALSE,NOT_FOR_ENFORCEMENT,6390.7016,3533200.0204,6656.9809,6390.7016,266.2792,0.00163983,0.00157424,266.2792,6390.7016,0.00157424,266.2792,266.2792,266.2792,0.0000,0.0000,6390.7016,0.00157424,798.8377,767.3102,5858.1432,5889.6706,0.00144305,0.00145082,0.00006559,418.2083,379.7376,0.6869,61.6387,1.8384,37588.4109,89.7407,538.3845,395.5999,218.4789,430.6076,432.5446,432.5446,1046.441,1081.3617,427.0584,0.0,2.43015,2.511246,0.971205,30,216,96,2,0.20383968,0.00163983,-0.01249836,0E-8,0.000000,0.906607,0.000000,0.01775797,2026-03-22,2026-08-06,108,3621,2443,138,0.782609,1.360932,1.287360,0.679466,,,,,,,,GLOBAL_BASELINE_NO_ENTITY_RANKING,,,NOT_APPLICABLE_GLOBAL_BASELINE,HF9g-P5,,,,X 全窗基线 · 不参与实体赏罚,14199054,1420,A168_HF9F_20260827_0900,2026-08-27 09:00:00
2026-06-03,57024343,1383,0,430.6075873057,409.0772079404,409.0772079404,1.0000000,1,1,0.50665070000000000,0.506650700000,0.9867858985152569,0.9867858985152569,0.9867858985152569,0E-17,ELIGIBLE,R03b_20260811_FULL_v1,L1_ELIGIBILITY,v2026-08-11,2026-03-21..2026-08-06,baccarat_bet02_101_all_pairs_incl_sentinel,round_win = game_pnl > 0 (decisive only),COMPATIBILITY_ONLY_NOT_PRODUCTION,4059548.3812,3680416.6879,6656.9809,9707,9692,-0.00163983,0.01249836,-0.00525961,-0.00163983,-6656.9809,4059548.3812,OK,0.0000,266.2792,4.0000,96.0000,AG03-UNRESOLVED,ALL5_LEVELS_bet23_to_bet27,266.2792,266.2792,266.2792,0.0000,0.0000,4.000000,4.000000,4.000000,0.000000,0.000000,96.000000,96.000000,96.000000,100.000000,100.000000,5.0,798.8377,767.3102,5858.1432,5889.6706,PENDING_AG03,FALSE,NOT_FOR_ENFORCEMENT,6390.7016,3533200.0204,6656.9809,6390.7016,266.2792,0.00163983,0.00157424,266.2792,6390.7016,0.00157424,266.2792,266.2792,266.2792,0.0000,0.0000,6390.7016,0.00157424,798.8377,767.3102,5858.1432,5889.6706,0.00144305,0.00145082,0.00006559,418.2083,379.7376,0.6869,61.6387,1.8384,37588.4109,89.7407,538.3845,395.5999,218.4789,430.6076,432.5446,432.5446,1046.441,1081.3617,427.0584,0.0,2.43015,2.511246,0.971205,30,216,96,2,0.20383968,0.00163983,-0.01249836,0E-8,0.000000,0.906607,0.000000,0.01775797,2026-03-22,2026-08-06,108,3621,2443,138,0.782609,1.360932,1.287360,0.679466,,,,,,,,GLOBAL_BASELINE_NO_ENTITY_RANKING,,,NOT_APPLICABLE_GLOBAL_BASELINE,HF9g-P5,,,,X 全窗基线 · 不参与实体赏罚,14199055,1420,A168_HF9F_20260827_0900,2026-08-27 09:00:00
2026-06-03,57024343,1384,0,861.2151746114,0E-10,0E-10,0.5000000,2,2,0.49994810000000000,0.499948100000,0.00014679536856514622,0.00014679536856514622,0.00014679536856514622,0E-17,ELIGIBLE,R03b_20260811_FULL_v1,L1_ELIGIBILITY,v2026-08-11,2026-03-21..2026-08-06,baccarat_bet02_101_all_pairs_incl_sentinel,round_win = game_pnl > 0 (decisive only),COMPATIBILITY_ONLY_NOT_PRODUCTION,4059548.3812,3680416.6879,6656.9809,9707,9692,-0.00163983,0.01249836,-0.00525961,-0.00163983,-6656.9809,4059548.3812,OK,0.0000,266.2792,4.0000,96.0000,AG03-UNRESOLVED,ALL5_LEVELS_bet23_to_bet27,266.2792,266.2792,266.2792,0.0000,0.0000,4.000000,4.000000,4.000000,0.000000,0.000000,96.000000,96.000000,96.000000,100.000000,100.000000,5.0,798.8377,767.3102,5858.1432,5889.6706,PENDING_AG03,FALSE,NOT_FOR_ENFORCEMENT,6390.7016,3533200.0204,6656.9809,6390.7016,266.2792,0.00163983,0.00157424,266.2792,6390.7016,0.00157424,266.2792,266.2792,266.2792,0.0000,0.0000,6390.7016,0.00157424,798.8377,767.3102,5858.1432,5889.6706,0.00144305,0.00145082,0.00006559,418.2083,379.7376,0.6869,61.6387,1.8384,37588.4109,89.7407,538.3845,395.5999,218.4789,430.6076,432.5446,432.5446,1046.441,1081.3617,427.0584,0.0,2.43015,2.511246,0.971205,30,216,96,2,0.20383968,0.00163983,-0.01249836,0E-8,0.000000,0.906607,0.000000,0.01775797,2026-03-22,2026-08-06,108,3621,2443,138,0.782609,1.360932,1.287360,0.679466,,,,,,,,GLOBAL_BASELINE_NO_ENTITY_RANKING,,,NOT_APPLICABLE_GLOBAL_BASELINE,HF9g-P5,,,,X 全窗基线 · 不参与实体赏罚,14199056,1420,A168_HF9F_20260827_0900,2026-08-27 09:00:00
2026-06-03,57024343,1485,0,1722.4303492228,-43.0607587306,-43.0607587306,0.5000000,4,4,0.50329940000000000,0.503299400000,-0.01319788734859681,-0.01319788734859681,-0.01319788734859681,0E-17,ELIGIBLE,R03b_20260811_FULL_v1,L1_ELIGIBILITY,v2026-08-11,2026-03-21..2026-08-06,baccarat_bet02_101_all_pairs_incl_sentinel,round_win = game_pnl > 0 (decisive only),COMPATIBILITY_ONLY_NOT_PRODUCTION,4059548.3812,3680416.6879,6656.9809,9707,9692,-0.00163983,0.01249836,-0.00525961,-0.00163983,-6656.9809,4059548.3812,OK,0.0000,266.2792,4.0000,96.0000,AG03-UNRESOLVED,ALL5_LEVELS_bet23_to_bet27,266.2792,266.2792,266.2792,0.0000,0.0000,4.000000,4.000000,4.000000,0.000000,0.000000,96.000000,96.000000,96.000000,100.000000,100.000000,5.0,798.8377,767.3102,5858.1432,5889.6706,PENDING_AG03,FALSE,NOT_FOR_ENFORCEMENT,6390.7016,3533200.0204,6656.9809,6390.7016,266.2792,0.00163983,0.00157424,266.2792,6390.7016,0.00157424,266.2792,266.2792,266.2792,0.0000,0.0000,6390.7016,0.00157424,798.8377,767.3102,5858.1432,5889.6706,0.00144305,0.00145082,0.00006559,418.2083,379.7376,0.6869,61.6387,1.8384,37588.4109,89.7407,538.3845,395.5999,218.4789,430.6076,432.5446,432.5446,1046.441,1081.3617,427.0584,0.0,2.43015,2.511246,0.971205,30,216,96,2,0.20383968,0.00163983,-0.01249836,0E-8,0.000000,0.906607,0.000000,0.01775797,2026-03-22,2026-08-06,108,3621,2443,138,0.782609,1.360932,1.287360,0.679466,,,,,,,,GLOBAL_BASELINE_NO_ENTITY_RANKING,,,NOT_APPLICABLE_GLOBAL_BASELINE,HF9g-P5,,,,X 全窗基线 · 不参与实体赏罚,14199057,1420,A168_HF9F_20260827_0900,2026-08-27 09:00:00
2026-06-03,57024343,1507,0,430.6075873057,0E-10,0E-10,,1,1,0.50665070000000000,0.506650700000,,,,0E-17,NO_DECISIVE_ROUND,R03b_20260811_FULL_v1,L1_ELIGIBILITY,v2026-08-11,2026-03-21..2026-08-06,baccarat_bet02_101_all_pairs_incl_sentinel,round_win = game_pnl > 0 (decisive only),COMPATIBILITY_ONLY_NOT_PRODUCTION,4059548.3812,3680416.6879,6656.9809,9707,9692,-0.00163983,0.01249836,-0.00525961,-0.00163983,-6656.9809,4059548.3812,OK,0.0000,266.2792,4.0000,96.0000,AG03-UNRESOLVED,ALL5_LEVELS_bet23_to_bet27,266.2792,266.2792,266.2792,0.0000,0.0000,4.000000,4.000000,4.000000,0.000000,0.000000,96.000000,96.000000,96.000000,100.000000,100.000000,5.0,798.8377,767.3102,5858.1432,5889.6706,PENDING_AG03,FALSE,NOT_FOR_ENFORCEMENT,6390.7016,3533200.0204,6656.9809,6390.7016,266.2792,0.00163983,0.00157424,266.2792,6390.7016,0.00157424,266.2792,266.2792,266.2792,0.0000,0.0000,6390.7016,0.00157424,798.8377,767.3102,5858.1432,5889.6706,0.00144305,0.00145082,0.00006559,418.2083,379.7376,0.6869,61.6387,1.8384,37588.4109,89.7407,538.3845,395.5999,218.4789,430.6076,432.5446,432.5446,1046.441,1081.3617,427.0584,0.0,2.43015,2.511246,0.971205,30,216,96,2,0.20383968,0.00163983,-0.01249836,0E-8,0.000000,0.906607,0.000000,0.01775797,2026-03-22,2026-08-06,108,3621,2443,138,0.782609,1.360932,1.287360,0.679466,,,,,,,,GLOBAL_BASELINE_NO_ENTITY_RANKING,,,NOT_APPLICABLE_GLOBAL_BASELINE,HF9g-P5,,,,X 全窗基线 · 不参与实体赏罚,14199058,1420,A168_HF9F_20260827_0900,2026-08-27 09:00:00
2026-06-03,57024343,1623,0,2153.0379365285,366.0164492098,366.0164492098,0.6000000,5,5,0.50665070000000000,0.506650700000,0.4175076967804994,0.4175076967804994,0.4175076967804994,0E-17,ELIGIBLE,R03b_20260811_FULL_v1,L1_ELIGIBILITY,v2026-08-11,2026-03-21..2026-08-06,baccarat_bet02_101_all_pairs_incl_sentinel,round_win = game_pnl > 0 (decisive only),COMPATIBILITY_ONLY_NOT_PRODUCTION,4059548.3812,3680416.6879,6656.9809,9707,9692,-0.00163983,0.01249836,-0.00525961,-0.00163983,-6656.9809,4059548.3812,OK,0.0000,266.2792,4.0000,96.0000,AG03-UNRESOLVED,ALL5_LEVELS_bet23_to_bet27,266.2792,266.2792,266.2792,0.0000,0.0000,4.000000,4.000000,4.000000,0.000000,0.000000,96.000000,96.000000,96.000000,100.000000,100.000000,5.0,798.8377,767.3102,5858.1432,5889.6706,PENDING_AG03,FALSE,NOT_FOR_ENFORCEMENT,6390.7016,3533200.0204,6656.9809,6390.7016,266.2792,0.00163983,0.00157424,266.2792,6390.7016,0.00157424,266.2792,266.2792,266.2792,0.0000,0.0000,6390.7016,0.00157424,798.8377,767.3102,5858.1432,5889.6706,0.00144305,0.00145082,0.00006559,418.2083,379.7376,0.6869,61.6387,1.8384,37588.4109,89.7407,538.3845,395.5999,218.4789,430.6076,432.5446,432.5446,1046.441,1081.3617,427.0584,0.0,2.43015,2.511246,0.971205,30,216,96,2,0.20383968,0.00163983,-0.01249836,0E-8,0.000000,0.906607,0.000000,0.01775797,2026-03-22,2026-08-06,108,3621,2443,138,0.782609,1.360932,1.287360,0.679466,,,,,,,,GLOBAL_BASELINE_NO_ENTITY_RANKING,,,NOT_APPLICABLE_GLOBAL_BASELINE,HF9g-P5,,,,X 全窗基线 · 不参与实体赏罚,14199059,1420,A168_HF9F_20260827_0900,2026-08-27 09:00:00
2026-06-03,57024343,1940,0,430.6075873057,430.6075873057,430.6075873057,1.0000000,1,1,0.49324550000000000,0.493245500000,1.01360149184955,1.01360149184955,1.01360149184955,0E-17,ELIGIBLE,R03b_20260811_FULL_v1,L1_ELIGIBILITY,v2026-08-11,2026-03-21..2026-08-06,baccarat_bet02_101_all_pairs_incl_sentinel,round_win = game_pnl > 0 (decisive only),COMPATIBILITY_ONLY_NOT_PRODUCTION,4059548.3812,3680416.6879,6656.9809,9707,9692,-0.00163983,0.01249836,-0.00525961,-0.00163983,-6656.9809,4059548.3812,OK,0.0000,266.2792,4.0000,96.0000,AG03-UNRESOLVED,ALL5_LEVELS_bet23_to_bet27,266.2792,266.2792,266.2792,0.0000,0.0000,4.000000,4.000000,4.000000,0.000000,0.000000,96.000000,96.000000,96.000000,100.000000,100.000000,5.0,798.8377,767.3102,5858.1432,5889.6706,PENDING_AG03,FALSE,NOT_FOR_ENFORCEMENT,6390.7016,3533200.0204,6656.9809,6390.7016,266.2792,0.00163983,0.00157424,266.2792,6390.7016,0.00157424,266.2792,266.2792,266.2792,0.0000,0.0000,6390.7016,0.00157424,798.8377,767.3102,5858.1432,5889.6706,0.00144305,0.00145082,0.00006559,418.2083,379.7376,0.6869,61.6387,1.8384,37588.4109,89.7407,538.3845,395.5999,218.4789,430.6076,432.5446,432.5446,1046.441,1081.3617,427.0584,0.0,2.43015,2.511246,0.971205,30,216,96,2,0.20383968,0.00163983,-0.01249836,0E-8,0.000000,0.906607,0.000000,0.01775797,2026-03-22,2026-08-06,108,3621,2443,138,0.782609,1.360932,1.287360,0.679466,,,,,,,,GLOBAL_BASELINE_NO_ENTITY_RANKING,,,NOT_APPLICABLE_GLOBAL_BASELINE,HF9g-P5,,,,X 全窗基线 · 不参与实体赏罚,14199060,1420,A168_HF9F_20260827_0900,2026-08-27 09:00:00
2026-06-03,57024343,1994,0,2153.0379365285,-473.6683460363,-473.6683460363,0.4000000,5,5,0.50396966000000000,0.503969660000,-0.4649811094771361,-0.4649811094771361,-0.4649811094771361,0E-17,ELIGIBLE,R03b_20260811_FULL_v1,L1_ELIGIBILITY,v2026-08-11,2026-03-21..2026-08-06,baccarat_bet02_101_all_pairs_incl_sentinel,round_win = game_pnl > 0 (decisive only),COMPATIBILITY_ONLY_NOT_PRODUCTION,4059548.3812,3680416.6879,6656.9809,9707,9692,-0.00163983,0.01249836,-0.00525961,-0.00163983,-6656.9809,4059548.3812,OK,0.0000,266.2792,4.0000,96.0000,AG03-UNRESOLVED,ALL5_LEVELS_bet23_to_bet27,266.2792,266.2792,266.2792,0.0000,0.0000,4.000000,4.000000,4.000000,0.000000,0.000000,96.000000,96.000000,96.000000,100.000000,100.000000,5.0,798.8377,767.3102,5858.1432,5889.6706,PENDING_AG03,FALSE,NOT_FOR_ENFORCEMENT,6390.7016,3533200.0204,6656.9809,6390.7016,266.2792,0.00163983,0.00157424,266.2792,6390.7016,0.00157424,266.2792,266.2792,266.2792,0.0000,0.0000,6390.7016,0.00157424,798.8377,767.3102,5858.1432,5889.6706,0.00144305,0.00145082,0.00006559,418.2083,379.7376,0.6869,61.6387,1.8384,37588.4109,89.7407,538.3845,395.5999,218.4789,430.6076,432.5446,432.5446,1046.441,1081.3617,427.0584,0.0,2.43015,2.511246,0.971205,30,216,96,2,0.20383968,0.00163983,-0.01249836,0E-8,0.000000,0.906607,0.000000,0.01775797,2026-03-22,2026-08-06,108,3621,2443,138,0.782609,1.360932,1.287360,0.679466,,,,,,,,GLOBAL_BASELINE_NO_ENTITY_RANKING,,,NOT_APPLICABLE_GLOBAL_BASELINE,HF9g-P5,,,,X 全窗基线 · 不参与实体赏罚,14199061,1420,A168_HF9F_20260827_0900,2026-08-27 09:00:00
2026-06-03,57024343,2088,0,861.2151746114,-21.5303793653,-21.5303793653,0.5000000,2,2,0.50665070000000000,0.506650700000,-0.018812684590367487,-0.018812684590367487,-0.018812684590367487,0E-17,ELIGIBLE,R03b_20260811_FULL_v1,L1_ELIGIBILITY,v2026-08-11,2026-03-21..2026-08-06,baccarat_bet02_101_all_pairs_incl_sentinel,round_win = game_pnl > 0 (decisive only),COMPATIBILITY_ONLY_NOT_PRODUCTION,4059548.3812,3680416.6879,6656.9809,9707,9692,-0.00163983,0.01249836,-0.00525961,-0.00163983,-6656.9809,4059548.3812,OK,0.0000,266.2792,4.0000,96.0000,AG03-UNRESOLVED,ALL5_LEVELS_bet23_to_bet27,266.2792,266.2792,266.2792,0.0000,0.0000,4.000000,4.000000,4.000000,0.000000,0.000000,96.000000,96.000000,96.000000,100.000000,100.000000,5.0,798.8377,767.3102,5858.1432,5889.6706,PENDING_AG03,FALSE,NOT_FOR_ENFORCEMENT,6390.7016,3533200.0204,6656.9809,6390.7016,266.2792,0.00163983,0.00157424,266.2792,6390.7016,0.00157424,266.2792,266.2792,266.2792,0.0000,0.0000,6390.7016,0.00157424,798.8377,767.3102,5858.1432,5889.6706,0.00144305,0.00145082,0.00006559,418.2083,379.7376,0.6869,61.6387,1.8384,37588.4109,89.7407,538.3845,395.5999,218.4789,430.6076,432.5446,432.5446,1046.441,1081.3617,427.0584,0.0,2.43015,2.511246,0.971205,30,216,96,2,0.20383968,0.00163983,-0.01249836,0E-8,0.000000,0.906607,0.000000,0.01775797,2026-03-22,2026-08-06,108,3621,2443,138,0.782609,1.360932,1.287360,0.679466,,,,,,,,GLOBAL_BASELINE_NO_ENTITY_RANKING,,,NOT_APPLICABLE_GLOBAL_BASELINE,HF9g-P5,,,,X 全窗基线 · 不参与实体赏罚,14199062,1420,A168_HF9F_20260827_0900,2026-08-27 09:00:00
2026-06-03,57024343,2101,0,2153.0379365285,387.5468285751,387.5468285751,0.6000000,5,5,0.50396966000000000,0.503969660000,0.4294742719815242,0.4294742719815242,0.4294742719815242,0E-17,ELIGIBLE,R03b_20260811_FULL_v1,L1_ELIGIBILITY,v2026-08-11,2026-03-21..2026-08-06,baccarat_bet02_101_all_pairs_incl_sentinel,round_win = game_pnl > 0 (decisive only),COMPATIBILITY_ONLY_NOT_PRODUCTION,4059548.3812,3680416.6879,6656.9809,9707,9692,-0.00163983,0.01249836,-0.00525961,-0.00163983,-6656.9809,4059548.3812,OK,0.0000,266.2792,4.0000,96.0000,AG03-UNRESOLVED,ALL5_LEVELS_bet23_to_bet27,266.2792,266.2792,266.2792,0.0000,0.0000,4.000000,4.000000,4.000000,0.000000,0.000000,96.000000,96.000000,96.000000,100.000000,100.000000,5.0,798.8377,767.3102,5858.1432,5889.6706,PENDING_AG03,FALSE,NOT_FOR_ENFORCEMENT,6390.7016,3533200.0204,6656.9809,6390.7016,266.2792,0.00163983,0.00157424,266.2792,6390.7016,0.00157424,266.2792,266.2792,266.2792,0.0000,0.0000,6390.7016,0.00157424,798.8377,767.3102,5858.1432,5889.6706,0.00144305,0.00145082,0.00006559,418.2083,379.7376,0.6869,61.6387,1.8384,37588.4109,89.7407,538.3845,395.5999,218.4789,430.6076,432.5446,432.5446,1046.441,1081.3617,427.0584,0.0,2.43015,2.511246,0.971205,30,216,96,2,0.20383968,0.00163983,-0.01249836,0E-8,0.000000,0.906607,0.000000,0.01775797,2026-03-22,2026-08-06,108,3621,2443,138,0.782609,1.360932,1.287360,0.679466,,,,,,,,GLOBAL_BASELINE_NO_ENTITY_RANKING,,,NOT_APPLICABLE_GLOBAL_BASELINE,HF9g-P5,,,,X 全窗基线 · 不参与实体赏罚,14199063,1420,A168_HF9F_20260827_0900,2026-08-27 09:00:00
2026-06-03,57024343,2106,0,861.2151746114,0E-10,0E-10,0.5000000,2,2,0.49994810000000000,0.499948100000,0.00014679536856514622,0.00014679536856514622,0.00014679536856514622,0E-17,ELIGIBLE,R03b_20260811_FULL_v1,L1_ELIGIBILITY,v2026-08-11,2026-03-21..2026-08-06,baccarat_bet02_101_all_pairs_incl_sentinel,round_win = game_pnl > 0 (decisive only),COMPATIBILITY_ONLY_NOT_PRODUCTION,4059548.3812,3680416.6879,6656.9809,9707,9692,-0.00163983,0.01249836,-0.00525961,-0.00163983,-6656.9809,4059548.3812,OK,0.0000,266.2792,4.0000,96.0000,AG03-UNRESOLVED,ALL5_LEVELS_bet23_to_bet27,266.2792,266.2792,266.2792,0.0000,0.0000,4.000000,4.000000,4.000000,0.000000,0.000000,96.000000,96.000000,96.000000,100.000000,100.000000,5.0,798.8377,767.3102,5858.1432,5889.6706,PENDING_AG03,FALSE,NOT_FOR_ENFORCEMENT,6390.7016,3533200.0204,6656.9809,6390.7016,266.2792,0.00163983,0.00157424,266.2792,6390.7016,0.00157424,266.2792,266.2792,266.2792,0.0000,0.0000,6390.7016,0.00157424,798.8377,767.3102,5858.1432,5889.6706,0.00144305,0.00145082,0.00006559,418.2083,379.7376,0.6869,61.6387,1.8384,37588.4109,89.7407,538.3845,395.5999,218.4789,430.6076,432.5446,432.5446,1046.441,1081.3617,427.0584,0.0,2.43015,2.511246,0.971205,30,216,96,2,0.20383968,0.00163983,-0.01249836,0E-8,0.000000,0.906607,0.000000,0.01775797,2026-03-22,2026-08-06,108,3621,2443,138,0.782609,1.360932,1.287360,0.679466,,,,,,,,GLOBAL_BASELINE_NO_ENTITY_RANKING,,,NOT_APPLICABLE_GLOBAL_BASELINE,HF9g-P5,,,,X 全窗基线 · 不参与实体赏罚,14199064,1420,A168_HF9F_20260827_0900,2026-08-27 09:00:00
2026-06-03,57024343,2122,0,861.2151746114,-861.2151746114,-861.2151746114,0E-7,2,2,0.50665070000000000,0.506650700000,-1.4331513700195317,-1.4331513700195317,-1.4331513700195317,0E-17,ELIGIBLE,R03b_20260811_FULL_v1,L1_ELIGIBILITY,v2026-08-11,2026-03-21..2026-08-06,baccarat_bet02_101_all_pairs_incl_sentinel,round_win = game_pnl > 0 (decisive only),COMPATIBILITY_ONLY_NOT_PRODUCTION,4059548.3812,3680416.6879,6656.9809,9707,9692,-0.00163983,0.01249836,-0.00525961,-0.00163983,-6656.9809,4059548.3812,OK,0.0000,266.2792,4.0000,96.0000,AG03-UNRESOLVED,ALL5_LEVELS_bet23_to_bet27,266.2792,266.2792,266.2792,0.0000,0.0000,4.000000,4.000000,4.000000,0.000000,0.000000,96.000000,96.000000,96.000000,100.000000,100.000000,5.0,798.8377,767.3102,5858.1432,5889.6706,PENDING_AG03,FALSE,NOT_FOR_ENFORCEMENT,6390.7016,3533200.0204,6656.9809,6390.7016,266.2792,0.00163983,0.00157424,266.2792,6390.7016,0.00157424,266.2792,266.2792,266.2792,0.0000,0.0000,6390.7016,0.00157424,798.8377,767.3102,5858.1432,5889.6706,0.00144305,0.00145082,0.00006559,418.2083,379.7376,0.6869,61.6387,1.8384,37588.4109,89.7407,538.3845,395.5999,218.4789,430.6076,432.5446,432.5446,1046.441,1081.3617,427.0584,0.0,2.43015,2.511246,0.971205,30,216,96,2,0.20383968,0.00163983,-0.01249836,0E-8,0.000000,0.906607,0.000000,0.01775797,2026-03-22,2026-08-06,108,3621,2443,138,0.782609,1.360932,1.287360,0.679466,,,,,,,,GLOBAL_BASELINE_NO_ENTITY_RANKING,,,NOT_APPLICABLE_GLOBAL_BASELINE,HF9g-P5,,,,X 全窗基线 · 不参与实体赏罚,14199065,1420,A168_HF9F_20260827_0900,2026-08-27 09:00:00
2026-06-03,57024343,2152,0,861.2151746114,-21.5303793653,-21.5303793653,0.5000000,2,2,0.50665070000000000,0.506650700000,-0.018812684590367487,-0.018812684590367487,-0.018812684590367487,0E-17,ELIGIBLE,R03b_20260811_FULL_v1,L1_ELIGIBILITY,v2026-08-11,2026-03-21..2026-08-06,baccarat_bet02_101_all_pairs_incl_sentinel,round_win = game_pnl > 0 (decisive only),COMPATIBILITY_ONLY_NOT_PRODUCTION,4059548.3812,3680416.6879,6656.9809,9707,9692,-0.00163983,0.01249836,-0.00525961,-0.00163983,-6656.9809,4059548.3812,OK,0.0000,266.2792,4.0000,96.0000,AG03-UNRESOLVED,ALL5_LEVELS_bet23_to_bet27,266.2792,266.2792,266.2792,0.0000,0.0000,4.000000,4.000000,4.000000,0.000000,0.000000,96.000000,96.000000,96.000000,100.000000,100.000000,5.0,798.8377,767.3102,5858.1432,5889.6706,PENDING_AG03,FALSE,NOT_FOR_ENFORCEMENT,6390.7016,3533200.0204,6656.9809,6390.7016,266.2792,0.00163983,0.00157424,266.2792,6390.7016,0.00157424,266.2792,266.2792,266.2792,0.0000,0.0000,6390.7016,0.00157424,798.8377,767.3102,5858.1432,5889.6706,0.00144305,0.00145082,0.00006559,418.2083,379.7376,0.6869,61.6387,1.8384,37588.4109,89.7407,538.3845,395.5999,218.4789,430.6076,432.5446,432.5446,1046.441,1081.3617,427.0584,0.0,2.43015,2.511246,0.971205,30,216,96,2,0.20383968,0.00163983,-0.01249836,0E-8,0.000000,0.906607,0.000000,0.01775797,2026-03-22,2026-08-06,108,3621,2443,138,0.782609,1.360932,1.287360,0.679466,,,,,,,,GLOBAL_BASELINE_NO_ENTITY_RANKING,,,NOT_APPLICABLE_GLOBAL_BASELINE,HF9g-P5,,,,X 全窗基线 · 不参与实体赏罚,14199066,1420,A168_HF9F_20260827_0900,2026-08-27 09:00:00
2026-06-03,57024343,2156,0,1291.8227619171,387.5468285751,387.5468285751,0.6666667,3,3,0.50665070000000000,0.506650700000,0.5543606114942035,0.5543606114942035,0.5543606114942035,0E-17,ELIGIBLE,R03b_20260811_FULL_v1,L1_ELIGIBILITY,v2026-08-11,2026-03-21..2026-08-06,baccarat_bet02_101_all_pairs_incl_sentinel,round_win = game_pnl > 0 (decisive only),COMPATIBILITY_ONLY_NOT_PRODUCTION,4059548.3812,3680416.6879,6656.9809,9707,9692,-0.00163983,0.01249836,-0.00525961,-0.00163983,-6656.9809,4059548.3812,OK,0.0000,266.2792,4.0000,96.0000,AG03-UNRESOLVED,ALL5_LEVELS_bet23_to_bet27,266.2792,266.2792,266.2792,0.0000,0.0000,4.000000,4.000000,4.000000,0.000000,0.000000,96.000000,96.000000,96.000000,100.000000,100.000000,5.0,798.8377,767.3102,5858.1432,5889.6706,PENDING_AG03,FALSE,NOT_FOR_ENFORCEMENT,6390.7016,3533200.0204,6656.9809,6390.7016,266.2792,0.00163983,0.00157424,266.2792,6390.7016,0.00157424,266.2792,266.2792,266.2792,0.0000,0.0000,6390.7016,0.00157424,798.8377,767.3102,5858.1432,5889.6706,0.00144305,0.00145082,0.00006559,418.2083,379.7376,0.6869,61.6387,1.8384,37588.4109,89.7407,538.3845,395.5999,218.4789,430.6076,432.5446,432.5446,1046.441,1081.3617,427.0584,0.0,2.43015,2.511246,0.971205,30,216,96,2,0.20383968,0.00163983,-0.01249836,0E-8,0.000000,0.906607,0.000000,0.01775797,2026-03-22,2026-08-06,108,3621,2443,138,0.782609,1.360932,1.287360,0.679466,,,,,,,,GLOBAL_BASELINE_NO_ENTITY_RANKING,,,NOT_APPLICABLE_GLOBAL_BASELINE,HF9g-P5,,,,X 全窗基线 · 不参与实体赏罚,14199067,1420,A168_HF9F_20260827_0900,2026-08-27 09:00:00
2026-06-03,57024343,2177,0,2153.0379365285,-21.5303793653,-21.5303793653,0.5000000,5,5,0.50396966000000000,0.503969660000,-0.0158791404612453,-0.0158791404612453,-0.0158791404612453,0E-17,ELIGIBLE,R03b_20260811_FULL_v1,L1_ELIGIBILITY,v2026-08-11,2026-03-21..2026-08-06,baccarat_bet02_101_all_pairs_incl_sentinel,round_win = game_pnl > 0 (decisive only),COMPATIBILITY_ONLY_NOT_PRODUCTION,4059548.3812,3680416.6879,6656.9809,9707,9692,-0.00163983,0.01249836,-0.00525961,-0.00163983,-6656.9809,4059548.3812,OK,0.0000,266.2792,4.0000,96.0000,AG03-UNRESOLVED,ALL5_LEVELS_bet23_to_bet27,266.2792,266.2792,266.2792,0.0000,0.0000,4.000000,4.000000,4.000000,0.000000,0.000000,96.000000,96.000000,96.000000,100.000000,100.000000,5.0,798.8377,767.3102,5858.1432,5889.6706,PENDING_AG03,FALSE,NOT_FOR_ENFORCEMENT,6390.7016,3533200.0204,6656.9809,6390.7016,266.2792,0.00163983,0.00157424,266.2792,6390.7016,0.00157424,266.2792,266.2792,266.2792,0.0000,0.0000,6390.7016,0.00157424,798.8377,767.3102,5858.1432,5889.6706,0.00144305,0.00145082,0.00006559,418.2083,379.7376,0.6869,61.6387,1.8384,37588.4109,89.7407,538.3845,395.5999,218.4789,430.6076,432.5446,432.5446,1046.441,1081.3617,427.0584,0.0,2.43015,2.511246,0.971205,30,216,96,2,0.20383968,0.00163983,-0.01249836,0E-8,0.000000,0.906607,0.000000,0.01775797,2026-03-22,2026-08-06,108,3621,2443,138,0.782609,1.360932,1.287360,0.679466,,,,,,,,GLOBAL_BASELINE_NO_ENTITY_RANKING,,,NOT_APPLICABLE_GLOBAL_BASELINE,HF9g-P5,,,,X 全窗基线 · 不参与实体赏罚,14199068,1420,A168_HF9F_20260827_0900,2026-08-27 09:00:00
2026-06-03,57024343,2188,0,1507.1265555699,-215.3037936528,-215.3037936528,0.5000000,3,3,0.49771390000000000,0.497713900000,0.006466134837551399,0.0064661348375514,0.006466134837551399,0E-17,ELIGIBLE,R03b_20260811_FULL_v1,L1_ELIGIBILITY,v2026-08-11,2026-03-21..2026-08-06,baccarat_bet02_101_all_pairs_incl_sentinel,round_win = game_pnl > 0 (decisive only),COMPATIBILITY_ONLY_NOT_PRODUCTION,4059548.3812,3680416.6879,6656.9809,9707,9692,-0.00163983,0.01249836,-0.00525961,-0.00163983,-6656.9809,4059548.3812,OK,0.0000,266.2792,4.0000,96.0000,AG03-UNRESOLVED,ALL5_LEVELS_bet23_to_bet27,266.2792,266.2792,266.2792,0.0000,0.0000,4.000000,4.000000,4.000000,0.000000,0.000000,96.000000,96.000000,96.000000,100.000000,100.000000,5.0,798.8377,767.3102,5858.1432,5889.6706,PENDING_AG03,FALSE,NOT_FOR_ENFORCEMENT,6390.7016,3533200.0204,6656.9809,6390.7016,266.2792,0.00163983,0.00157424,266.2792,6390.7016,0.00157424,266.2792,266.2792,266.2792,0.0000,0.0000,6390.7016,0.00157424,798.8377,767.3102,5858.1432,5889.6706,0.00144305,0.00145082,0.00006559,418.2083,379.7376,0.6869,61.6387,1.8384,37588.4109,89.7407,538.3845,395.5999,218.4789,430.6076,432.5446,432.5446,1046.441,1081.3617,427.0584,0.0,2.43015,2.511246,0.971205,30,216,96,2,0.20383968,0.00163983,-0.01249836,0E-8,0.000000,0.906607,0.000000,0.01775797,2026-03-22,2026-08-06,108,3621,2443,138,0.782609,1.360932,1.287360,0.679466,,,,,,,,GLOBAL_BASELINE_NO_ENTITY_RANKING,,,NOT_APPLICABLE_GLOBAL_BASELINE,HF9g-P5,,,,X 全窗基线 · 不参与实体赏罚,14199069,1420,A168_HF9F_20260827_0900,2026-08-27 09:00:00
2026-06-03,57024343,2189,0,1722.4303492228,387.5468285751,387.5468285751,0.6666667,4,4,0.50665070000000000,0.506650700000,0.5543606114942035,0.5543606114942035,0.5543606114942035,0E-17,ELIGIBLE,R03b_20260811_FULL_v1,L1_ELIGIBILITY,v2026-08-11,2026-03-21..2026-08-06,baccarat_bet02_101_all_pairs_incl_sentinel,round_win = game_pnl > 0 (decisive only),COMPATIBILITY_ONLY_NOT_PRODUCTION,4059548.3812,3680416.6879,6656.9809,9707,9692,-0.00163983,0.01249836,-0.00525961,-0.00163983,-6656.9809,4059548.3812,OK,0.0000,266.2792,4.0000,96.0000,AG03-UNRESOLVED,ALL5_LEVELS_bet23_to_bet27,266.2792,266.2792,266.2792,0.0000,0.0000,4.000000,4.000000,4.000000,0.000000,0.000000,96.000000,96.000000,96.000000,100.000000,100.000000,5.0,798.8377,767.3102,5858.1432,5889.6706,PENDING_AG03,FALSE,NOT_FOR_ENFORCEMENT,6390.7016,3533200.0204,6656.9809,6390.7016,266.2792,0.00163983,0.00157424,266.2792,6390.7016,0.00157424,266.2792,266.2792,266.2792,0.0000,0.0000,6390.7016,0.00157424,798.8377,767.3102,5858.1432,5889.6706,0.00144305,0.00145082,0.00006559,418.2083,379.7376,0.6869,61.6387,1.8384,37588.4109,89.7407,538.3845,395.5999,218.4789,430.6076,432.5446,432.5446,1046.441,1081.3617,427.0584,0.0,2.43015,2.511246,0.971205,30,216,96,2,0.20383968,0.00163983,-0.01249836,0E-8,0.000000,0.906607,0.000000,0.01775797,2026-03-22,2026-08-06,108,3621,2443,138,0.782609,1.360932,1.287360,0.679466,,,,,,,,GLOBAL_BASELINE_NO_ENTITY_RANKING,,,NOT_APPLICABLE_GLOBAL_BASELINE,HF9g-P5,,,,X 全窗基线 · 不参与实体赏罚,14199070,1420,A168_HF9F_20260827_0900,2026-08-27 09:00:00
2026-06-03,57024343,2198,0,2583.6455238342,-452.1379666710,-452.1379666710,0.4000000,6,6,0.50218230000000000,0.502182300000,-0.4569774904649096,-0.4569774904649096,-0.4569774904649096,0E-17,ELIGIBLE,R03b_20260811_FULL_v1,L1_ELIGIBILITY,v2026-08-11,2026-03-21..2026-08-06,baccarat_bet02_101_all_pairs_incl_sentinel,round_win = game_pnl > 0 (decisive only),COMPATIBILITY_ONLY_NOT_PRODUCTION,4059548.3812,3680416.6879,6656.9809,9707,9692,-0.00163983,0.01249836,-0.00525961,-0.00163983,-6656.9809,4059548.3812,OK,0.0000,266.2792,4.0000,96.0000,AG03-UNRESOLVED,ALL5_LEVELS_bet23_to_bet27,266.2792,266.2792,266.2792,0.0000,0.0000,4.000000,4.000000,4.000000,0.000000,0.000000,96.000000,96.000000,96.000000,100.000000,100.000000,5.0,798.8377,767.3102,5858.1432,5889.6706,PENDING_AG03,FALSE,NOT_FOR_ENFORCEMENT,6390.7016,3533200.0204,6656.9809,6390.7016,266.2792,0.00163983,0.00157424,266.2792,6390.7016,0.00157424,266.2792,266.2792,266.2792,0.0000,0.0000,6390.7016,0.00157424,798.8377,767.3102,5858.1432,5889.6706,0.00144305,0.00145082,0.00006559,418.2083,379.7376,0.6869,61.6387,1.8384,37588.4109,89.7407,538.3845,395.5999,218.4789,430.6076,432.5446,432.5446,1046.441,1081.3617,427.0584,0.0,2.43015,2.511246,0.971205,30,216,96,2,0.20383968,0.00163983,-0.01249836,0E-8,0.000000,0.906607,0.000000,0.01775797,2026-03-22,2026-08-06,108,3621,2443,138,0.782609,1.360932,1.287360,0.679466,,,,,,,,GLOBAL_BASELINE_NO_ENTITY_RANKING,,,NOT_APPLICABLE_GLOBAL_BASELINE,HF9g-P5,,,,X 全窗基线 · 不参与实体赏罚,14199071,1420,A168_HF9F_20260827_0900,2026-08-27 09:00:00
2026-06-03,57024343,2210,0,2583.6455238341,1227.2316238212,1227.2316238212,0.8000000,6,6,0.50441650000000000,0.504416500000,1.3219411692341432,1.3219411692341432,1.3219411692341432,0E-17,ELIGIBLE,R03b_20260811_FULL_v1,L1_ELIGIBILITY,v2026-08-11,2026-03-21..2026-08-06,baccarat_bet02_101_all_pairs_incl_sentinel,round_win = game_pnl > 0 (decisive only),COMPATIBILITY_ONLY_NOT_PRODUCTION,4059548.3812,3680416.6879,6656.9809,9707,9692,-0.00163983,0.01249836,-0.00525961,-0.00163983,-6656.9809,4059548.3812,OK,0.0000,266.2792,4.0000,96.0000,AG03-UNRESOLVED,ALL5_LEVELS_bet23_to_bet27,266.2792,266.2792,266.2792,0.0000,0.0000,4.000000,4.000000,4.000000,0.000000,0.000000,96.000000,96.000000,96.000000,100.000000,100.000000,5.0,798.8377,767.3102,5858.1432,5889.6706,PENDING_AG03,FALSE,NOT_FOR_ENFORCEMENT,6390.7016,3533200.0204,6656.9809,6390.7016,266.2792,0.00163983,0.00157424,266.2792,6390.7016,0.00157424,266.2792,266.2792,266.2792,0.0000,0.0000,6390.7016,0.00157424,798.8377,767.3102,5858.1432,5889.6706,0.00144305,0.00145082,0.00006559,418.2083,379.7376,0.6869,61.6387,1.8384,37588.4109,89.7407,538.3845,395.5999,218.4789,430.6076,432.5446,432.5446,1046.441,1081.3617,427.0584,0.0,2.43015,2.511246,0.971205,30,216,96,2,0.20383968,0.00163983,-0.01249836,0E-8,0.000000,0.906607,0.000000,0.01775797,2026-03-22,2026-08-06,108,3621,2443,138,0.782609,1.360932,1.287360,0.679466,,,,,,,,GLOBAL_BASELINE_NO_ENTITY_RANKING,,,NOT_APPLICABLE_GLOBAL_BASELINE,HF9g-P5,,,,X 全窗基线 · 不参与实体赏罚,14199072,1420,A168_HF9F_20260827_0900,2026-08-27 09:00:00
2026-06-03,57024343,2261,0,861.2151746114,861.2151746114,861.2151746114,1.0000000,2,2,0.49324550000000000,0.493245500000,1.4334489766152358,1.4334489766152358,1.4334489766152358,0E-17,ELIGIBLE,R03b_20260811_FULL_v1,L1_ELIGIBILITY,v2026-08-11,2026-03-21..2026-08-06,baccarat_bet02_101_all_pairs_incl_sentinel,round_win = game_pnl > 0 (decisive only),COMPATIBILITY_ONLY_NOT_PRODUCTION,4059548.3812,3680416.6879,6656.9809,9707,9692,-0.00163983,0.01249836,-0.00525961,-0.00163983,-6656.9809,4059548.3812,OK,0.0000,266.2792,4.0000,96.0000,AG03-UNRESOLVED,ALL5_LEVELS_bet23_to_bet27,266.2792,266.2792,266.2792,0.0000,0.0000,4.000000,4.000000,4.000000,0.000000,0.000000,96.000000,96.000000,96.000000,100.000000,100.000000,5.0,798.8377,767.3102,5858.1432,5889.6706,PENDING_AG03,FALSE,NOT_FOR_ENFORCEMENT,6390.7016,3533200.0204,6656.9809,6390.7016,266.2792,0.00163983,0.00157424,266.2792,6390.7016,0.00157424,266.2792,266.2792,266.2792,0.0000,0.0000,6390.7016,0.00157424,798.8377,767.3102,5858.1432,5889.6706,0.00144305,0.00145082,0.00006559,418.2083,379.7376,0.6869,61.6387,1.8384,37588.4109,89.7407,538.3845,395.5999,218.4789,430.6076,432.5446,432.5446,1046.441,1081.3617,427.0584,0.0,2.43015,2.511246,0.971205,30,216,96,2,0.20383968,0.00163983,-0.01249836,0E-8,0.000000,0.906607,0.000000,0.01775797,2026-03-22,2026-08-06,108,3621,2443,138,0.782609,1.360932,1.287360,0.679466,,,,,,,,GLOBAL_BASELINE_NO_ENTITY_RANKING,,,NOT_APPLICABLE_GLOBAL_BASELINE,HF9g-P5,,,,X 全窗基线 · 不参与实体赏罚,14199073,1420,A168_HF9F_20260827_0900,2026-08-27 09:00:00
2026-06-03,57024343,2266,0,861.2151746114,818.1544158808,818.1544158808,1.0000000,2,2,0.50665070000000000,0.506650700000,1.3955260008387969,1.3955260008387969,1.3955260008387969,0E-17,ELIGIBLE,R03b_20260811_FULL_v1,L1_ELIGIBILITY,v2026-08-11,2026-03-21..2026-08-06,baccarat_bet02_101_all_pairs_incl_sentinel,round_win = game_pnl > 0 (decisive only),COMPATIBILITY_ONLY_NOT_PRODUCTION,4059548.3812,3680416.6879,6656.9809,9707,9692,-0.00163983,0.01249836,-0.00525961,-0.00163983,-6656.9809,4059548.3812,OK,0.0000,266.2792,4.0000,96.0000,AG03-UNRESOLVED,ALL5_LEVELS_bet23_to_bet27,266.2792,266.2792,266.2792,0.0000,0.0000,4.000000,4.000000,4.000000,0.000000,0.000000,96.000000,96.000000,96.000000,100.000000,100.000000,5.0,798.8377,767.3102,5858.1432,5889.6706,PENDING_AG03,FALSE,NOT_FOR_ENFORCEMENT,6390.7016,3533200.0204,6656.9809,6390.7016,266.2792,0.00163983,0.00157424,266.2792,6390.7016,0.00157424,266.2792,266.2792,266.2792,0.0000,0.0000,6390.7016,0.00157424,798.8377,767.3102,5858.1432,5889.6706,0.00144305,0.00145082,0.00006559,418.2083,379.7376,0.6869,61.6387,1.8384,37588.4109,89.7407,538.3845,395.5999,218.4789,430.6076,432.5446,432.5446,1046.441,1081.3617,427.0584,0.0,2.43015,2.511246,0.971205,30,216,96,2,0.20383968,0.00163983,-0.01249836,0E-8,0.000000,0.906607,0.000000,0.01775797,2026-03-22,2026-08-06,108,3621,2443,138,0.782609,1.360932,1.287360,0.679466,,,,,,,,GLOBAL_BASELINE_NO_ENTITY_RANKING,,,NOT_APPLICABLE_GLOBAL_BASELINE,HF9g-P5,,,,X 全窗基线 · 不参与实体赏罚,14199074,1420,A168_HF9F_20260827_0900,2026-08-27 09:00:00
2026-06-03,57024343,2278,0,1291.8227619171,-861.2151746114,-861.2151746114,0E-7,3,3,0.50665070000000000,0.506650700000,-1.4331513700195317,-1.4331513700195317,-1.4331513700195317,0E-17,ELIGIBLE,R03b_20260811_FULL_v1,L1_ELIGIBILITY,v2026-08-11,2026-03-21..2026-08-06,baccarat_bet02_101_all_pairs_incl_sentinel,round_win = game_pnl > 0 (decisive only),COMPATIBILITY_ONLY_NOT_PRODUCTION,4059548.3812,3680416.6879,6656.9809,9707,9692,-0.00163983,0.01249836,-0.00525961,-0.00163983,-6656.9809,4059548.3812,OK,0.0000,266.2792,4.0000,96.0000,AG03-UNRESOLVED,ALL5_LEVELS_bet23_to_bet27,266.2792,266.2792,266.2792,0.0000,0.0000,4.000000,4.000000,4.000000,0.000000,0.000000,96.000000,96.000000,96.000000,100.000000,100.000000,5.0,798.8377,767.3102,5858.1432,5889.6706,PENDING_AG03,FALSE,NOT_FOR_ENFORCEMENT,6390.7016,3533200.0204,6656.9809,6390.7016,266.2792,0.00163983,0.00157424,266.2792,6390.7016,0.00157424,266.2792,266.2792,266.2792,0.0000,0.0000,6390.7016,0.00157424,798.8377,767.3102,5858.1432,5889.6706,0.00144305,0.00145082,0.00006559,418.2083,379.7376,0.6869,61.6387,1.8384,37588.4109,89.7407,538.3845,395.5999,218.4789,430.6076,432.5446,432.5446,1046.441,1081.3617,427.0584,0.0,2.43015,2.511246,0.971205,30,216,96,2,0.20383968,0.00163983,-0.01249836,0E-8,0.000000,0.906607,0.000000,0.01775797,2026-03-22,2026-08-06,108,3621,2443,138,0.782609,1.360932,1.287360,0.679466,,,,,,,,GLOBAL_BASELINE_NO_ENTITY_RANKING,,,NOT_APPLICABLE_GLOBAL_BASELINE,HF9g-P5,,,,X 全窗基线 · 不参与实体赏罚,14199075,1420,A168_HF9F_20260827_0900,2026-08-27 09:00:00
2026-06-03,57024343,550,0,861.2151746114,-21.5303793653,-21.5303793653,0.5000000,2,2,0.50665070000000000,0.506650700000,-0.018812684590367487,-0.018812684590367487,-0.018812684590367487,0E-17,ELIGIBLE,R03b_20260811_FULL_v1,L1_ELIGIBILITY,v2026-08-11,2026-03-21..2026-08-06,baccarat_bet02_101_all_pairs_incl_sentinel,round_win = game_pnl > 0 (decisive only),COMPATIBILITY_ONLY_NOT_PRODUCTION,4059548.3812,3680416.6879,6656.9809,9707,9692,-0.00163983,0.01249836,-0.00525961,-0.00163983,-6656.9809,4059548.3812,OK,0.0000,266.2792,4.0000,96.0000,AG03-UNRESOLVED,ALL5_LEVELS_bet23_to_bet27,266.2792,266.2792,266.2792,0.0000,0.0000,4.000000,4.000000,4.000000,0.000000,0.000000,96.000000,96.000000,96.000000,100.000000,100.000000,5.0,798.8377,767.3102,5858.1432,5889.6706,PENDING_AG03,FALSE,NOT_FOR_ENFORCEMENT,6390.7016,3533200.0204,6656.9809,6390.7016,266.2792,0.00163983,0.00157424,266.2792,6390.7016,0.00157424,266.2792,266.2792,266.2792,0.0000,0.0000,6390.7016,0.00157424,798.8377,767.3102,5858.1432,5889.6706,0.00144305,0.00145082,0.00006559,418.2083,379.7376,0.6869,61.6387,1.8384,37588.4109,89.7407,538.3845,395.5999,218.4789,430.6076,432.5446,432.5446,1046.441,1081.3617,427.0584,0.0,2.43015,2.511246,0.971205,30,216,96,2,0.20383968,0.00163983,-0.01249836,0E-8,0.000000,0.906607,0.000000,0.01775797,2026-03-22,2026-08-06,108,3621,2443,138,0.782609,1.360932,1.287360,0.679466,,,,,,,,GLOBAL_BASELINE_NO_ENTITY_RANKING,,,NOT_APPLICABLE_GLOBAL_BASELINE,HF9g-P5,,,,X 全窗基线 · 不参与实体赏罚,14199076,1420,A168_HF9F_20260827_0900,2026-08-27 09:00:00
2026-06-03,57024343,583,0,430.6075873057,409.0772079404,409.0772079404,1.0000000,1,1,0.50665070000000000,0.506650700000,0.9867858985152569,0.9867858985152569,0.9867858985152569,0E-17,ELIGIBLE,R03b_20260811_FULL_v1,L1_ELIGIBILITY,v2026-08-11,2026-03-21..2026-08-06,baccarat_bet02_101_all_pairs_incl_sentinel,round_win = game_pnl > 0 (decisive only),COMPATIBILITY_ONLY_NOT_PRODUCTION,4059548.3812,3680416.6879,6656.9809,9707,9692,-0.00163983,0.01249836,-0.00525961,-0.00163983,-6656.9809,4059548.3812,OK,0.0000,266.2792,4.0000,96.0000,AG03-UNRESOLVED,ALL5_LEVELS_bet23_to_bet27,266.2792,266.2792,266.2792,0.0000,0.0000,4.000000,4.000000,4.000000,0.000000,0.000000,96.000000,96.000000,96.000000,100.000000,100.000000,5.0,798.8377,767.3102,5858.1432,5889.6706,PENDING_AG03,FALSE,NOT_FOR_ENFORCEMENT,6390.7016,3533200.0204,6656.9809,6390.7016,266.2792,0.00163983,0.00157424,266.2792,6390.7016,0.00157424,266.2792,266.2792,266.2792,0.0000,0.0000,6390.7016,0.00157424,798.8377,767.3102,5858.1432,5889.6706,0.00144305,0.00145082,0.00006559,418.2083,379.7376,0.6869,61.6387,1.8384,37588.4109,89.7407,538.3845,395.5999,218.4789,430.6076,432.5446,432.5446,1046.441,1081.3617,427.0584,0.0,2.43015,2.511246,0.971205,30,216,96,2,0.20383968,0.00163983,-0.01249836,0E-8,0.000000,0.906607,0.000000,0.01775797,2026-03-22,2026-08-06,108,3621,2443,138,0.782609,1.360932,1.287360,0.679466,,,,,,,,GLOBAL_BASELINE_NO_ENTITY_RANKING,,,NOT_APPLICABLE_GLOBAL_BASELINE,HF9g-P5,,,,X 全窗基线 · 不参与实体赏罚,14199077,1420,A168_HF9F_20260827_0900,2026-08-27 09:00:00
2026-06-03,57024343,925,0,861.2151746114,-21.5303793653,-21.5303793653,0.5000000,2,2,0.50665070000000000,0.506650700000,-0.018812684590367487,-0.018812684590367487,-0.018812684590367487,0E-17,ELIGIBLE,R03b_20260811_FULL_v1,L1_ELIGIBILITY,v2026-08-11,2026-03-21..2026-08-06,baccarat_bet02_101_all_pairs_incl_sentinel,round_win = game_pnl > 0 (decisive only),COMPATIBILITY_ONLY_NOT_PRODUCTION,4059548.3812,3680416.6879,6656.9809,9707,9692,-0.00163983,0.01249836,-0.00525961,-0.00163983,-6656.9809,4059548.3812,OK,0.0000,266.2792,4.0000,96.0000,AG03-UNRESOLVED,ALL5_LEVELS_bet23_to_bet27,266.2792,266.2792,266.2792,0.0000,0.0000,4.000000,4.000000,4.000000,0.000000,0.000000,96.000000,96.000000,96.000000,100.000000,100.000000,5.0,798.8377,767.3102,5858.1432,5889.6706,PENDING_AG03,FALSE,NOT_FOR_ENFORCEMENT,6390.7016,3533200.0204,6656.9809,6390.7016,266.2792,0.00163983,0.00157424,266.2792,6390.7016,0.00157424,266.2792,266.2792,266.2792,0.0000,0.0000,6390.7016,0.00157424,798.8377,767.3102,5858.1432,5889.6706,0.00144305,0.00145082,0.00006559,418.2083,379.7376,0.6869,61.6387,1.8384,37588.4109,89.7407,538.3845,395.5999,218.4789,430.6076,432.5446,432.5446,1046.441,1081.3617,427.0584,0.0,2.43015,2.511246,0.971205,30,216,96,2,0.20383968,0.00163983,-0.01249836,0E-8,0.000000,0.906607,0.000000,0.01775797,2026-03-22,2026-08-06,108,3621,2443,138,0.782609,1.360932,1.287360,0.679466,,,,,,,,GLOBAL_BASELINE_NO_ENTITY_RANKING,,,NOT_APPLICABLE_GLOBAL_BASELINE,HF9g-P5,,,,X 全窗基线 · 不参与实体赏罚,14199078,1420,A168_HF9F_20260827_0900,2026-08-27 09:00:00
2026-06-03,57024343,986,0,1507.1265555699,-667.4417603238,-667.4417603238,0.3333333,3,3,0.50665070000000000,0.506650700000,-0.6004420894325239,-0.6004420894325239,-0.6004420894325239,0E-17,ELIGIBLE,R03b_20260811_FULL_v1,L1_ELIGIBILITY,v2026-08-11,2026-03-21..2026-08-06,baccarat_bet02_101_all_pairs_incl_sentinel,round_win = game_pnl > 0 (decisive only),COMPATIBILITY_ONLY_NOT_PRODUCTION,4059548.3812,3680416.6879,6656.9809,9707,9692,-0.00163983,0.01249836,-0.00525961,-0.00163983,-6656.9809,4059548.3812,OK,0.0000,266.2792,4.0000,96.0000,AG03-UNRESOLVED,ALL5_LEVELS_bet23_to_bet27,266.2792,266.2792,266.2792,0.0000,0.0000,4.000000,4.000000,4.000000,0.000000,0.000000,96.000000,96.000000,96.000000,100.000000,100.000000,5.0,798.8377,767.3102,5858.1432,5889.6706,PENDING_AG03,FALSE,NOT_FOR_ENFORCEMENT,6390.7016,3533200.0204,6656.9809,6390.7016,266.2792,0.00163983,0.00157424,266.2792,6390.7016,0.00157424,266.2792,266.2792,266.2792,0.0000,0.0000,6390.7016,0.00157424,798.8377,767.3102,5858.1432,5889.6706,0.00144305,0.00145082,0.00006559,418.2083,379.7376,0.6869,61.6387,1.8384,37588.4109,89.7407,538.3845,395.5999,218.4789,430.6076,432.5446,432.5446,1046.441,1081.3617,427.0584,0.0,2.43015,2.511246,0.971205,30,216,96,2,0.20383968,0.00163983,-0.01249836,0E-8,0.000000,0.906607,0.000000,0.01775797,2026-03-22,2026-08-06,108,3621,2443,138,0.782609,1.360932,1.287360,0.679466,,,,,,,,GLOBAL_BASELINE_NO_ENTITY_RANKING,,,NOT_APPLICABLE_GLOBAL_BASELINE,HF9g-P5,,,,X 全窗基线 · 不参与实体赏罚,14199079,1420,A168_HF9F_20260827_0900,2026-08-27 09:00:00
2026-06-04,57024343,-1,1,6674.4176032383,2185.3335055763,2185.3335055763,0.7142857,16,16,0.50581287500000000,0.505812875000,1.5601733166748593,1.5601733166748593,1.5601733166748593,0E-17,SENTINEL_DEALER,R03b_20260811_FULL_v1,L1_ELIGIBILITY,v2026-08-11,2026-03-21..2026-08-06,baccarat_bet02_101_all_pairs_incl_sentinel,round_win = game_pnl > 0 (decisive only),COMPATIBILITY_ONLY_NOT_PRODUCTION,4059548.3812,3680416.6879,6656.9809,9707,9692,-0.00163983,0.01249836,-0.00525961,-0.00163983,-6656.9809,4059548.3812,OK,0.0000,266.2792,4.0000,96.0000,AG03-UNRESOLVED,ALL5_LEVELS_bet23_to_bet27,266.2792,266.2792,266.2792,0.0000,0.0000,4.000000,4.000000,4.000000,0.000000,0.000000,96.000000,96.000000,96.000000,100.000000,100.000000,5.0,798.8377,767.3102,5858.1432,5889.6706,PENDING_AG03,FALSE,NOT_FOR_ENFORCEMENT,6390.7016,3533200.0204,6656.9809,6390.7016,266.2792,0.00163983,0.00157424,266.2792,6390.7016,0.00157424,266.2792,266.2792,266.2792,0.0000,0.0000,6390.7016,0.00157424,798.8377,767.3102,5858.1432,5889.6706,0.00144305,0.00145082,0.00006559,418.2083,379.7376,0.6869,61.6387,1.8384,37588.4109,89.7407,538.3845,395.5999,218.4789,430.6076,432.5446,432.5446,1046.441,1081.3617,427.0584,0.0,2.43015,2.511246,0.971205,30,216,96,2,0.20383968,0.00163983,-0.01249836,0E-8,0.000000,0.906607,0.000000,0.01775797,2026-03-22,2026-08-06,108,3621,2443,138,0.782609,1.360932,1.287360,0.679466,,,,,,,,GLOBAL_BASELINE_NO_ENTITY_RANKING,,,NOT_APPLICABLE_GLOBAL_BASELINE,HF9g-P5,,,,X 全窗基线 · 不参与实体赏罚,14199080,1420,A168_HF9F_20260827_0900,2026-08-27 09:00:00
2026-06-04,57024343,1017,0,430.6075873057,-430.6075873057,-430.6075873057,0E-7,1,1,0.50665070000000000,0.506650700000,-1.013391052207602,-1.013391052207602,-1.013391052207602,0E-17,ELIGIBLE,R03b_20260811_FULL_v1,L1_ELIGIBILITY,v2026-08-11,2026-03-21..2026-08-06,baccarat_bet02_101_all_pairs_incl_sentinel,round_win = game_pnl > 0 (decisive only),COMPATIBILITY_ONLY_NOT_PRODUCTION,4059548.3812,3680416.6879,6656.9809,9707,9692,-0.00163983,0.01249836,-0.00525961,-0.00163983,-6656.9809,4059548.3812,OK,0.0000,266.2792,4.0000,96.0000,AG03-UNRESOLVED,ALL5_LEVELS_bet23_to_bet27,266.2792,266.2792,266.2792,0.0000,0.0000,4.000000,4.000000,4.000000,0.000000,0.000000,96.000000,96.000000,96.000000,100.000000,100.000000,5.0,798.8377,767.3102,5858.1432,5889.6706,PENDING_AG03,FALSE,NOT_FOR_ENFORCEMENT,6390.7016,3533200.0204,6656.9809,6390.7016,266.2792,0.00163983,0.00157424,266.2792,6390.7016,0.00157424,266.2792,266.2792,266.2792,0.0000,0.0000,6390.7016,0.00157424,798.8377,767.3102,5858.1432,5889.6706,0.00144305,0.00145082,0.00006559,418.2083,379.7376,0.6869,61.6387,1.8384,37588.4109,89.7407,538.3845,395.5999,218.4789,430.6076,432.5446,432.5446,1046.441,1081.3617,427.0584,0.0,2.43015,2.511246,0.971205,30,216,96,2,0.20383968,0.00163983,-0.01249836,0E-8,0.000000,0.906607,0.000000,0.01775797,2026-03-22,2026-08-06,108,3621,2443,138,0.782609,1.360932,1.287360,0.679466,,,,,,,,GLOBAL_BASELINE_NO_ENTITY_RANKING,,,NOT_APPLICABLE_GLOBAL_BASELINE,HF9g-P5,,,,X 全窗基线 · 不参与实体赏罚,14199081,1420,A168_HF9F_20260827_0900,2026-08-27 09:00:00
2026-06-04,57024343,1221,0,861.2151746114,-21.5303793653,-21.5303793653,0.5000000,2,2,0.50665070000000000,0.506650700000,-0.018812684590367487,-0.018812684590367487,-0.018812684590367487,0E-17,ELIGIBLE,R03b_20260811_FULL_v1,L1_ELIGIBILITY,v2026-08-11,2026-03-21..2026-08-06,baccarat_bet02_101_all_pairs_incl_sentinel,round_win = game_pnl > 0 (decisive only),COMPATIBILITY_ONLY_NOT_PRODUCTION,4059548.3812,3680416.6879,6656.9809,9707,9692,-0.00163983,0.01249836,-0.00525961,-0.00163983,-6656.9809,4059548.3812,OK,0.0000,266.2792,4.0000,96.0000,AG03-UNRESOLVED,ALL5_LEVELS_bet23_to_bet27,266.2792,266.2792,266.2792,0.0000,0.0000,4.000000,4.000000,4.000000,0.000000,0.000000,96.000000,96.000000,96.000000,100.000000,100.000000,5.0,798.8377,767.3102,5858.1432,5889.6706,PENDING_AG03,FALSE,NOT_FOR_ENFORCEMENT,6390.7016,3533200.0204,6656.9809,6390.7016,266.2792,0.00163983,0.00157424,266.2792,6390.7016,0.00157424,266.2792,266.2792,266.2792,0.0000,0.0000,6390.7016,0.00157424,798.8377,767.3102,5858.1432,5889.6706,0.00144305,0.00145082,0.00006559,418.2083,379.7376,0.6869,61.6387,1.8384,37588.4109,89.7407,538.3845,395.5999,218.4789,430.6076,432.5446,432.5446,1046.441,1081.3617,427.0584,0.0,2.43015,2.511246,0.971205,30,216,96,2,0.20383968,0.00163983,-0.01249836,0E-8,0.000000,0.906607,0.000000,0.01775797,2026-03-22,2026-08-06,108,3621,2443,138,0.782609,1.360932,1.287360,0.679466,,,,,,,,GLOBAL_BASELINE_NO_ENTITY_RANKING,,,NOT_APPLICABLE_GLOBAL_BASELINE,HF9g-P5,,,,X 全窗基线 · 不参与实体赏罚,14199082,1420,A168_HF9F_20260827_0900,2026-08-27 09:00:00
2026-06-04,57024343,1307,0,4306.0758730570,1614.7784523963,1614.7784523963,0.8333333,10,10,0.50665070000000000,0.506650700000,1.6005531159783741,1.6005531159783741,1.6005531159783741,0E-17,ELIGIBLE,R03b_20260811_FULL_v1,L1_ELIGIBILITY,v2026-08-11,2026-03-21..2026-08-06,baccarat_bet02_101_all_pairs_incl_sentinel,round_win = game_pnl > 0 (decisive only),COMPATIBILITY_ONLY_NOT_PRODUCTION,4059548.3812,3680416.6879,6656.9809,9707,9692,-0.00163983,0.01249836,-0.00525961,-0.00163983,-6656.9809,4059548.3812,OK,0.0000,266.2792,4.0000,96.0000,AG03-UNRESOLVED,ALL5_LEVELS_bet23_to_bet27,266.2792,266.2792,266.2792,0.0000,0.0000,4.000000,4.000000,4.000000,0.000000,0.000000,96.000000,96.000000,96.000000,100.000000,100.000000,5.0,798.8377,767.3102,5858.1432,5889.6706,PENDING_AG03,FALSE,NOT_FOR_ENFORCEMENT,6390.7016,3533200.0204,6656.9809,6390.7016,266.2792,0.00163983,0.00157424,266.2792,6390.7016,0.00157424,266.2792,266.2792,266.2792,0.0000,0.0000,6390.7016,0.00157424,798.8377,767.3102,5858.1432,5889.6706,0.00144305,0.00145082,0.00006559,418.2083,379.7376,0.6869,61.6387,1.8384,37588.4109,89.7407,538.3845,395.5999,218.4789,430.6076,432.5446,432.5446,1046.441,1081.3617,427.0584,0.0,2.43015,2.511246,0.971205,30,216,96,2,0.20383968,0.00163983,-0.01249836,0E-8,0.000000,0.906607,0.000000,0.01775797,2026-03-22,2026-08-06,108,3621,2443,138,0.782609,1.360932,1.287360,0.679466,,,,,,,,GLOBAL_BASELINE_NO_ENTITY_RANKING,,,NOT_APPLICABLE_GLOBAL_BASELINE,HF9g-P5,,,,X 全窗基线 · 不参与实体赏罚,14199083,1420,A168_HF9F_20260827_0900,2026-08-27 09:00:00
2026-06-04,57024343,1325,0,1722.4303492228,-882.7455539767,-882.7455539767,0.2500000,4,4,0.50329940000000000,0.503299400000,-1.013219660140378,-1.013219660140378,-1.013219660140378,0E-17,ELIGIBLE,R03b_20260811_FULL_v1,L1_ELIGIBILITY,v2026-08-11,2026-03-21..2026-08-06,baccarat_bet02_101_all_pairs_incl_sentinel,round_win = game_pnl > 0 (decisive only),COMPATIBILITY_ONLY_NOT_PRODUCTION,4059548.3812,3680416.6879,6656.9809,9707,9692,-0.00163983,0.01249836,-0.00525961,-0.00163983,-6656.9809,4059548.3812,OK,0.0000,266.2792,4.0000,96.0000,AG03-UNRESOLVED,ALL5_LEVELS_bet23_to_bet27,266.2792,266.2792,266.2792,0.0000,0.0000,4.000000,4.000000,4.000000,0.000000,0.000000,96.000000,96.000000,96.000000,100.000000,100.000000,5.0,798.8377,767.3102,5858.1432,5889.6706,PENDING_AG03,FALSE,NOT_FOR_ENFORCEMENT,6390.7016,3533200.0204,6656.9809,6390.7016,266.2792,0.00163983,0.00157424,266.2792,6390.7016,0.00157424,266.2792,266.2792,266.2792,0.0000,0.0000,6390.7016,0.00157424,798.8377,767.3102,5858.1432,5889.6706,0.00144305,0.00145082,0.00006559,418.2083,379.7376,0.6869,61.6387,1.8384,37588.4109,89.7407,538.3845,395.5999,218.4789,430.6076,432.5446,432.5446,1046.441,1081.3617,427.0584,0.0,2.43015,2.511246,0.971205,30,216,96,2,0.20383968,0.00163983,-0.01249836,0E-8,0.000000,0.906607,0.000000,0.01775797,2026-03-22,2026-08-06,108,3621,2443,138,0.782609,1.360932,1.287360,0.679466,,,,,,,,GLOBAL_BASELINE_NO_ENTITY_RANKING,,,NOT_APPLICABLE_GLOBAL_BASELINE,HF9g-P5,,,,X 全窗基线 · 不参与实体赏罚,14199084,1420,A168_HF9F_20260827_0900,2026-08-27 09:00:00
2026-06-04,57024343,1331,0,1076.5189682642,193.7734142876,193.7734142876,0.5000000,3,3,0.50665070000000000,0.506650700000,-0.018812684590367487,-0.018812684590367487,-0.018812684590367487,0E-17,ELIGIBLE,R03b_20260811_FULL_v1,L1_ELIGIBILITY,v2026-08-11,2026-03-21..2026-08-06,baccarat_bet02_101_all_pairs_incl_sentinel,round_win = game_pnl > 0 (decisive only),COMPATIBILITY_ONLY_NOT_PRODUCTION,4059548.3812,3680416.6879,6656.9809,9707,9692,-0.00163983,0.01249836,-0.00525961,-0.00163983,-6656.9809,4059548.3812,OK,0.0000,266.2792,4.0000,96.0000,AG03-UNRESOLVED,ALL5_LEVELS_bet23_to_bet27,266.2792,266.2792,266.2792,0.0000,0.0000,4.000000,4.000000,4.000000,0.000000,0.000000,96.000000,96.000000,96.000000,100.000000,100.000000,5.0,798.8377,767.3102,5858.1432,5889.6706,PENDING_AG03,FALSE,NOT_FOR_ENFORCEMENT,6390.7016,3533200.0204,6656.9809,6390.7016,266.2792,0.00163983,0.00157424,266.2792,6390.7016,0.00157424,266.2792,266.2792,266.2792,0.0000,0.0000,6390.7016,0.00157424,798.8377,767.3102,5858.1432,5889.6706,0.00144305,0.00145082,0.00006559,418.2083,379.7376,0.6869,61.6387,1.8384,37588.4109,89.7407,538.3845,395.5999,218.4789,430.6076,432.5446,432.5446,1046.441,1081.3617,427.0584,0.0,2.43015,2.511246,0.971205,30,216,96,2,0.20383968,0.00163983,-0.01249836,0E-8,0.000000,0.906607,0.000000,0.01775797,2026-03-22,2026-08-06,108,3621,2443,138,0.782609,1.360932,1.287360,0.679466,,,,,,,,GLOBAL_BASELINE_NO_ENTITY_RANKING,,,NOT_APPLICABLE_GLOBAL_BASELINE,HF9g-P5,,,,X 全窗基线 · 不参与实体赏罚,14199085,1420,A168_HF9F_20260827_0900,2026-08-27 09:00:00
2026-06-04,57024343,1382,0,430.6075873057,0E-10,0E-10,,1,1,0.50665070000000000,0.506650700000,,,,0E-17,NO_DECISIVE_ROUND,R03b_20260811_FULL_v1,L1_ELIGIBILITY,v2026-08-11,2026-03-21..2026-08-06,baccarat_bet02_101_all_pairs_incl_sentinel,round_win = game_pnl > 0 (decisive only),COMPATIBILITY_ONLY_NOT_PRODUCTION,4059548.3812,3680416.6879,6656.9809,9707,9692,-0.00163983,0.01249836,-0.00525961,-0.00163983,-6656.9809,4059548.3812,OK,0.0000,266.2792,4.0000,96.0000,AG03-UNRESOLVED,ALL5_LEVELS_bet23_to_bet27,266.2792,266.2792,266.2792,0.0000,0.0000,4.000000,4.000000,4.000000,0.000000,0.000000,96.000000,96.000000,96.000000,100.000000,100.000000,5.0,798.8377,767.3102,5858.1432,5889.6706,PENDING_AG03,FALSE,NOT_FOR_ENFORCEMENT,6390.7016,3533200.0204,6656.9809,6390.7016,266.2792,0.00163983,0.00157424,266.2792,6390.7016,0.00157424,266.2792,266.2792,266.2792,0.0000,0.0000,6390.7016,0.00157424,798.8377,767.3102,5858.1432,5889.6706,0.00144305,0.00145082,0.00006559,418.2083,379.7376,0.6869,61.6387,1.8384,37588.4109,89.7407,538.3845,395.5999,218.4789,430.6076,432.5446,432.5446,1046.441,1081.3617,427.0584,0.0,2.43015,2.511246,0.971205,30,216,96,2,0.20383968,0.00163983,-0.01249836,0E-8,0.000000,0.906607,0.000000,0.01775797,2026-03-22,2026-08-06,108,3621,2443,138,0.782609,1.360932,1.287360,0.679466,,,,,,,,GLOBAL_BASELINE_NO_ENTITY_RANKING,,,NOT_APPLICABLE_GLOBAL_BASELINE,HF9g-P5,,,,X 全窗基线 · 不参与实体赏罚,14199086,1420,A168_HF9F_20260827_0900,2026-08-27 09:00:00
2026-06-04,57024343,1383,0,1291.8227619171,-452.1379666710,-452.1379666710,0.3333333,3,3,0.50665070000000000,0.506650700000,-0.6004420894325239,-0.6004420894325239,-0.6004420894325239,0E-17,ELIGIBLE,R03b_20260811_FULL_v1,L1_ELIGIBILITY,v2026-08-11,2026-03-21..2026-08-06,baccarat_bet02_101_all_pairs_incl_sentinel,round_win = game_pnl > 0 (decisive only),COMPATIBILITY_ONLY_NOT_PRODUCTION,4059548.3812,3680416.6879,6656.9809,9707,9692,-0.00163983,0.01249836,-0.00525961,-0.00163983,-6656.9809,4059548.3812,OK,0.0000,266.2792,4.0000,96.0000,AG03-UNRESOLVED,ALL5_LEVELS_bet23_to_bet27,266.2792,266.2792,266.2792,0.0000,0.0000,4.000000,4.000000,4.000000,0.000000,0.000000,96.000000,96.000000,96.000000,100.000000,100.000000,5.0,798.8377,767.3102,5858.1432,5889.6706,PENDING_AG03,FALSE,NOT_FOR_ENFORCEMENT,6390.7016,3533200.0204,6656.9809,6390.7016,266.2792,0.00163983,0.00157424,266.2792,6390.7016,0.00157424,266.2792,266.2792,266.2792,0.0000,0.0000,6390.7016,0.00157424,798.8377,767.3102,5858.1432,5889.6706,0.00144305,0.00145082,0.00006559,418.2083,379.7376,0.6869,61.6387,1.8384,37588.4109,89.7407,538.3845,395.5999,218.4789,430.6076,432.5446,432.5446,1046.441,1081.3617,427.0584,0.0,2.43015,2.511246,0.971205,30,216,96,2,0.20383968,0.00163983,-0.01249836,0E-8,0.000000,0.906607,0.000000,0.01775797,2026-03-22,2026-08-06,108,3621,2443,138,0.782609,1.360932,1.287360,0.679466,,,,,,,,GLOBAL_BASELINE_NO_ENTITY_RANKING,,,NOT_APPLICABLE_GLOBAL_BASELINE,HF9g-P5,,,,X 全窗基线 · 不参与实体赏罚,14199087,1420,A168_HF9F_20260827_0900,2026-08-27 09:00:00
2026-06-04,57024343,1485,0,861.2151746114,-861.2151746114,-861.2151746114,0E-7,2,2,0.50665070000000000,0.506650700000,-1.4331513700195317,-1.4331513700195317,-1.4331513700195317,0E-17,ELIGIBLE,R03b_20260811_FULL_v1,L1_ELIGIBILITY,v2026-08-11,2026-03-21..2026-08-06,baccarat_bet02_101_all_pairs_incl_sentinel,round_win = game_pnl > 0 (decisive only),COMPATIBILITY_ONLY_NOT_PRODUCTION,4059548.3812,3680416.6879,6656.9809,9707,9692,-0.00163983,0.01249836,-0.00525961,-0.00163983,-6656.9809,4059548.3812,OK,0.0000,266.2792,4.0000,96.0000,AG03-UNRESOLVED,ALL5_LEVELS_bet23_to_bet27,266.2792,266.2792,266.2792,0.0000,0.0000,4.000000,4.000000,4.000000,0.000000,0.000000,96.000000,96.000000,96.000000,100.000000,100.000000,5.0,798.8377,767.3102,5858.1432,5889.6706,PENDING_AG03,FALSE,NOT_FOR_ENFORCEMENT,6390.7016,3533200.0204,6656.9809,6390.7016,266.2792,0.00163983,0.00157424,266.2792,6390.7016,0.00157424,266.2792,266.2792,266.2792,0.0000,0.0000,6390.7016,0.00157424,798.8377,767.3102,5858.1432,5889.6706,0.00144305,0.00145082,0.00006559,418.2083,379.7376,0.6869,61.6387,1.8384,37588.4109,89.7407,538.3845,395.5999,218.4789,430.6076,432.5446,432.5446,1046.441,1081.3617,427.0584,0.0,2.43015,2.511246,0.971205,30,216,96,2,0.20383968,0.00163983,-0.01249836,0E-8,0.000000,0.906607,0.000000,0.01775797,2026-03-22,2026-08-06,108,3621,2443,138,0.782609,1.360932,1.287360,0.679466,,,,,,,,GLOBAL_BASELINE_NO_ENTITY_RANKING,,,NOT_APPLICABLE_GLOBAL_BASELINE,HF9g-P5,,,,X 全窗基线 · 不参与实体赏罚,14199088,1420,A168_HF9F_20260827_0900,2026-08-27 09:00:00
2026-06-04,57024343,1507,0,1722.4303492228,387.5468285751,387.5468285751,0.6666667,4,4,0.50665070000000000,0.506650700000,0.5543606114942035,0.5543606114942035,0.5543606114942035,0E-17,ELIGIBLE,R03b_20260811_FULL_v1,L1_ELIGIBILITY,v2026-08-11,2026-03-21..2026-08-06,baccarat_bet02_101_all_pairs_incl_sentinel,round_win = game_pnl > 0 (decisive only),COMPATIBILITY_ONLY_NOT_PRODUCTION,4059548.3812,3680416.6879,6656.9809,9707,9692,-0.00163983,0.01249836,-0.00525961,-0.00163983,-6656.9809,4059548.3812,OK,0.0000,266.2792,4.0000,96.0000,AG03-UNRESOLVED,ALL5_LEVELS_bet23_to_bet27,266.2792,266.2792,266.2792,0.0000,0.0000,4.000000,4.000000,4.000000,0.000000,0.000000,96.000000,96.000000,96.000000,100.000000,100.000000,5.0,798.8377,767.3102,5858.1432,5889.6706,PENDING_AG03,FALSE,NOT_FOR_ENFORCEMENT,6390.7016,3533200.0204,6656.9809,6390.7016,266.2792,0.00163983,0.00157424,266.2792,6390.7016,0.00157424,266.2792,266.2792,266.2792,0.0000,0.0000,6390.7016,0.00157424,798.8377,767.3102,5858.1432,5889.6706,0.00144305,0.00145082,0.00006559,418.2083,379.7376,0.6869,61.6387,1.8384,37588.4109,89.7407,538.3845,395.5999,218.4789,430.6076,432.5446,432.5446,1046.441,1081.3617,427.0584,0.0,2.43015,2.511246,0.971205,30,216,96,2,0.20383968,0.00163983,-0.01249836,0E-8,0.000000,0.906607,0.000000,0.01775797,2026-03-22,2026-08-06,108,3621,2443,138,0.782609,1.360932,1.287360,0.679466,,,,,,,,GLOBAL_BASELINE_NO_ENTITY_RANKING,,,NOT_APPLICABLE_GLOBAL_BASELINE,HF9g-P5,,,,X 全窗基线 · 不参与实体赏罚,14199089,1420,A168_HF9F_20260827_0900,2026-08-27 09:00:00
2026-06-04,57024343,1714,0,430.6075873057,-430.6075873057,-430.6075873057,0E-7,1,1,0.50665070000000000,0.506650700000,-1.013391052207602,-1.013391052207602,-1.013391052207602,0E-17,ELIGIBLE,R03b_20260811_FULL_v1,L1_ELIGIBILITY,v2026-08-11,2026-03-21..2026-08-06,baccarat_bet02_101_all_pairs_incl_sentinel,round_win = game_pnl > 0 (decisive only),COMPATIBILITY_ONLY_NOT_PRODUCTION,4059548.3812,3680416.6879,6656.9809,9707,9692,-0.00163983,0.01249836,-0.00525961,-0.00163983,-6656.9809,4059548.3812,OK,0.0000,266.2792,4.0000,96.0000,AG03-UNRESOLVED,ALL5_LEVELS_bet23_to_bet27,266.2792,266.2792,266.2792,0.0000,0.0000,4.000000,4.000000,4.000000,0.000000,0.000000,96.000000,96.000000,96.000000,100.000000,100.000000,5.0,798.8377,767.3102,5858.1432,5889.6706,PENDING_AG03,FALSE,NOT_FOR_ENFORCEMENT,6390.7016,3533200.0204,6656.9809,6390.7016,266.2792,0.00163983,0.00157424,266.2792,6390.7016,0.00157424,266.2792,266.2792,266.2792,0.0000,0.0000,6390.7016,0.00157424,798.8377,767.3102,5858.1432,5889.6706,0.00144305,0.00145082,0.00006559,418.2083,379.7376,0.6869,61.6387,1.8384,37588.4109,89.7407,538.3845,395.5999,218.4789,430.6076,432.5446,432.5446,1046.441,1081.3617,427.0584,0.0,2.43015,2.511246,0.971205,30,216,96,2,0.20383968,0.00163983,-0.01249836,0E-8,0.000000,0.906607,0.000000,0.01775797,2026-03-22,2026-08-06,108,3621,2443,138,0.782609,1.360932,1.287360,0.679466,,,,,,,,GLOBAL_BASELINE_NO_ENTITY_RANKING,,,NOT_APPLICABLE_GLOBAL_BASELINE,HF9g-P5,,,,X 全窗基线 · 不参与实体赏罚,14199090,1420,A168_HF9F_20260827_0900,2026-08-27 09:00:00
2026-06-04,57024343,1951,0,861.2151746114,-861.2151746114,-861.2151746114,0E-7,2,2,0.50665070000000000,0.506650700000,-1.4331513700195317,-1.4331513700195317,-1.4331513700195317,0E-17,ELIGIBLE,R03b_20260811_FULL_v1,L1_ELIGIBILITY,v2026-08-11,2026-03-21..2026-08-06,baccarat_bet02_101_all_pairs_incl_sentinel,round_win = game_pnl > 0 (decisive only),COMPATIBILITY_ONLY_NOT_PRODUCTION,4059548.3812,3680416.6879,6656.9809,9707,9692,-0.00163983,0.01249836,-0.00525961,-0.00163983,-6656.9809,4059548.3812,OK,0.0000,266.2792,4.0000,96.0000,AG03-UNRESOLVED,ALL5_LEVELS_bet23_to_bet27,266.2792,266.2792,266.2792,0.0000,0.0000,4.000000,4.000000,4.000000,0.000000,0.000000,96.000000,96.000000,96.000000,100.000000,100.000000,5.0,798.8377,767.3102,5858.1432,5889.6706,PENDING_AG03,FALSE,NOT_FOR_ENFORCEMENT,6390.7016,3533200.0204,6656.9809,6390.7016,266.2792,0.00163983,0.00157424,266.2792,6390.7016,0.00157424,266.2792,266.2792,266.2792,0.0000,0.0000,6390.7016,0.00157424,798.8377,767.3102,5858.1432,5889.6706,0.00144305,0.00145082,0.00006559,418.2083,379.7376,0.6869,61.6387,1.8384,37588.4109,89.7407,538.3845,395.5999,218.4789,430.6076,432.5446,432.5446,1046.441,1081.3617,427.0584,0.0,2.43015,2.511246,0.971205,30,216,96,2,0.20383968,0.00163983,-0.01249836,0E-8,0.000000,0.906607,0.000000,0.01775797,2026-03-22,2026-08-06,108,3621,2443,138,0.782609,1.360932,1.287360,0.679466,,,,,,,,GLOBAL_BASELINE_NO_ENTITY_RANKING,,,NOT_APPLICABLE_GLOBAL_BASELINE,HF9g-P5,,,,X 全窗基线 · 不参与实体赏罚,14199091,1420,A168_HF9F_20260827_0900,2026-08-27 09:00:00
2026-06-04,57024343,2129,0,430.6075873057,-430.6075873057,-430.6075873057,0E-7,1,1,0.50665070000000000,0.506650700000,-1.013391052207602,-1.013391052207602,-1.013391052207602,0E-17,ELIGIBLE,R03b_20260811_FULL_v1,L1_ELIGIBILITY,v2026-08-11,2026-03-21..2026-08-06,baccarat_bet02_101_all_pairs_incl_sentinel,round_win = game_pnl > 0 (decisive only),COMPATIBILITY_ONLY_NOT_PRODUCTION,4059548.3812,3680416.6879,6656.9809,9707,9692,-0.00163983,0.01249836,-0.00525961,-0.00163983,-6656.9809,4059548.3812,OK,0.0000,266.2792,4.0000,96.0000,AG03-UNRESOLVED,ALL5_LEVELS_bet23_to_bet27,266.2792,266.2792,266.2792,0.0000,0.0000,4.000000,4.000000,4.000000,0.000000,0.000000,96.000000,96.000000,96.000000,100.000000,100.000000,5.0,798.8377,767.3102,5858.1432,5889.6706,PENDING_AG03,FALSE,NOT_FOR_ENFORCEMENT,6390.7016,3533200.0204,6656.9809,6390.7016,266.2792,0.00163983,0.00157424,266.2792,6390.7016,0.00157424,266.2792,266.2792,266.2792,0.0000,0.0000,6390.7016,0.00157424,798.8377,767.3102,5858.1432,5889.6706,0.00144305,0.00145082,0.00006559,418.2083,379.7376,0.6869,61.6387,1.8384,37588.4109,89.7407,538.3845,395.5999,218.4789,430.6076,432.5446,432.5446,1046.441,1081.3617,427.0584,0.0,2.43015,2.511246,0.971205,30,216,96,2,0.20383968,0.00163983,-0.01249836,0E-8,0.000000,0.906607,0.000000,0.01775797,2026-03-22,2026-08-06,108,3621,2443,138,0.782609,1.360932,1.287360,0.679466,,,,,,,,GLOBAL_BASELINE_NO_ENTITY_RANKING,,,NOT_APPLICABLE_GLOBAL_BASELINE,HF9g-P5,,,,X 全窗基线 · 不参与实体赏罚,14199092,1420,A168_HF9F_20260827_0900,2026-08-27 09:00:00
2026-06-04,57024343,2142,0,3014.2531111398,1184.1708650906,1184.1708650906,0.7500000,8,8,0.50665070000000000,0.506650700000,1.3767133162484293,1.3767133162484293,1.3767133162484293,0E-17,ELIGIBLE,R03b_20260811_FULL_v1,L1_ELIGIBILITY,v2026-08-11,2026-03-21..2026-08-06,baccarat_bet02_101_all_pairs_incl_sentinel,round_win = game_pnl > 0 (decisive only),COMPATIBILITY_ONLY_NOT_PRODUCTION,4059548.3812,3680416.6879,6656.9809,9707,9692,-0.00163983,0.01249836,-0.00525961,-0.00163983,-6656.9809,4059548.3812,OK,0.0000,266.2792,4.0000,96.0000,AG03-UNRESOLVED,ALL5_LEVELS_bet23_to_bet27,266.2792,266.2792,266.2792,0.0000,0.0000,4.000000,4.000000,4.000000,0.000000,0.000000,96.000000,96.000000,96.000000,100.000000,100.000000,5.0,798.8377,767.3102,5858.1432,5889.6706,PENDING_AG03,FALSE,NOT_FOR_ENFORCEMENT,6390.7016,3533200.0204,6656.9809,6390.7016,266.2792,0.00163983,0.00157424,266.2792,6390.7016,0.00157424,266.2792,266.2792,266.2792,0.0000,0.0000,6390.7016,0.00157424,798.8377,767.3102,5858.1432,5889.6706,0.00144305,0.00145082,0.00006559,418.2083,379.7376,0.6869,61.6387,1.8384,37588.4109,89.7407,538.3845,395.5999,218.4789,430.6076,432.5446,432.5446,1046.441,1081.3617,427.0584,0.0,2.43015,2.511246,0.971205,30,216,96,2,0.20383968,0.00163983,-0.01249836,0E-8,0.000000,0.906607,0.000000,0.01775797,2026-03-22,2026-08-06,108,3621,2443,138,0.782609,1.360932,1.287360,0.679466,,,,,,,,GLOBAL_BASELINE_NO_ENTITY_RANKING,,,NOT_APPLICABLE_GLOBAL_BASELINE,HF9g-P5,,,,X 全窗基线 · 不参与实体赏罚,14199093,1420,A168_HF9F_20260827_0900,2026-08-27 09:00:00
2026-06-04,57024343,2152,0,861.2151746114,-21.5303793653,-21.5303793653,0.5000000,2,2,0.50665070000000000,0.506650700000,-0.018812684590367487,-0.018812684590367487,-0.018812684590367487,0E-17,ELIGIBLE,R03b_20260811_FULL_v1,L1_ELIGIBILITY,v2026-08-11,2026-03-21..2026-08-06,baccarat_bet02_101_all_pairs_incl_sentinel,round_win = game_pnl > 0 (decisive only),COMPATIBILITY_ONLY_NOT_PRODUCTION,4059548.3812,3680416.6879,6656.9809,9707,9692,-0.00163983,0.01249836,-0.00525961,-0.00163983,-6656.9809,4059548.3812,OK,0.0000,266.2792,4.0000,96.0000,AG03-UNRESOLVED,ALL5_LEVELS_bet23_to_bet27,266.2792,266.2792,266.2792,0.0000,0.0000,4.000000,4.000000,4.000000,0.000000,0.000000,96.000000,96.000000,96.000000,100.000000,100.000000,5.0,798.8377,767.3102,5858.1432,5889.6706,PENDING_AG03,FALSE,NOT_FOR_ENFORCEMENT,6390.7016,3533200.0204,6656.9809,6390.7016,266.2792,0.00163983,0.00157424,266.2792,6390.7016,0.00157424,266.2792,266.2792,266.2792,0.0000,0.0000,6390.7016,0.00157424,798.8377,767.3102,5858.1432,5889.6706,0.00144305,0.00145082,0.00006559,418.2083,379.7376,0.6869,61.6387,1.8384,37588.4109,89.7407,538.3845,395.5999,218.4789,430.6076,432.5446,432.5446,1046.441,1081.3617,427.0584,0.0,2.43015,2.511246,0.971205,30,216,96,2,0.20383968,0.00163983,-0.01249836,0E-8,0.000000,0.906607,0.000000,0.01775797,2026-03-22,2026-08-06,108,3621,2443,138,0.782609,1.360932,1.287360,0.679466,,,,,,,,GLOBAL_BASELINE_NO_ENTITY_RANKING,,,NOT_APPLICABLE_GLOBAL_BASELINE,HF9g-P5,,,,X 全窗基线 · 不参与实体赏罚,14199094,1420,A168_HF9F_20260827_0900,2026-08-27 09:00:00
2026-06-04,57024343,2160,0,2583.6455238342,2131.5075571632,2131.5075571632,1.0000000,6,6,0.49771390000000000,0.497713900000,2.2463152072533514,2.246315207253351,2.2463152072533514,0E-17,ELIGIBLE,R03b_20260811_FULL_v1,L1_ELIGIBILITY,v2026-08-11,2026-03-21..2026-08-06,baccarat_bet02_101_all_pairs_incl_sentinel,round_win = game_pnl > 0 (decisive only),COMPATIBILITY_ONLY_NOT_PRODUCTION,4059548.3812,3680416.6879,6656.9809,9707,9692,-0.00163983,0.01249836,-0.00525961,-0.00163983,-6656.9809,4059548.3812,OK,0.0000,266.2792,4.0000,96.0000,AG03-UNRESOLVED,ALL5_LEVELS_bet23_to_bet27,266.2792,266.2792,266.2792,0.0000,0.0000,4.000000,4.000000,4.000000,0.000000,0.000000,96.000000,96.000000,96.000000,100.000000,100.000000,5.0,798.8377,767.3102,5858.1432,5889.6706,PENDING_AG03,FALSE,NOT_FOR_ENFORCEMENT,6390.7016,3533200.0204,6656.9809,6390.7016,266.2792,0.00163983,0.00157424,266.2792,6390.7016,0.00157424,266.2792,266.2792,266.2792,0.0000,0.0000,6390.7016,0.00157424,798.8377,767.3102,5858.1432,5889.6706,0.00144305,0.00145082,0.00006559,418.2083,379.7376,0.6869,61.6387,1.8384,37588.4109,89.7407,538.3845,395.5999,218.4789,430.6076,432.5446,432.5446,1046.441,1081.3617,427.0584,0.0,2.43015,2.511246,0.971205,30,216,96,2,0.20383968,0.00163983,-0.01249836,0E-8,0.000000,0.906607,0.000000,0.01775797,2026-03-22,2026-08-06,108,3621,2443,138,0.782609,1.360932,1.287360,0.679466,,,,,,,,GLOBAL_BASELINE_NO_ENTITY_RANKING,,,NOT_APPLICABLE_GLOBAL_BASELINE,HF9g-P5,,,,X 全窗基线 · 不参与实体赏罚,14199095,1420,A168_HF9F_20260827_0900,2026-08-27 09:00:00
2026-06-04,57024343,2167,0,430.6075873057,409.0772079404,409.0772079404,1.0000000,1,1,0.50665070000000000,0.506650700000,0.9867858985152569,0.9867858985152569,0.9867858985152569,0E-17,ELIGIBLE,R03b_20260811_FULL_v1,L1_ELIGIBILITY,v2026-08-11,2026-03-21..2026-08-06,baccarat_bet02_101_all_pairs_incl_sentinel,round_win = game_pnl > 0 (decisive only),COMPATIBILITY_ONLY_NOT_PRODUCTION,4059548.3812,3680416.6879,6656.9809,9707,9692,-0.00163983,0.01249836,-0.00525961,-0.00163983,-6656.9809,4059548.3812,OK,0.0000,266.2792,4.0000,96.0000,AG03-UNRESOLVED,ALL5_LEVELS_bet23_to_bet27,266.2792,266.2792,266.2792,0.0000,0.0000,4.000000,4.000000,4.000000,0.000000,0.000000,96.000000,96.000000,96.000000,100.000000,100.000000,5.0,798.8377,767.3102,5858.1432,5889.6706,PENDING_AG03,FALSE,NOT_FOR_ENFORCEMENT,6390.7016,3533200.0204,6656.9809,6390.7016,266.2792,0.00163983,0.00157424,266.2792,6390.7016,0.00157424,266.2792,266.2792,266.2792,0.0000,0.0000,6390.7016,0.00157424,798.8377,767.3102,5858.1432,5889.6706,0.00144305,0.00145082,0.00006559,418.2083,379.7376,0.6869,61.6387,1.8384,37588.4109,89.7407,538.3845,395.5999,218.4789,430.6076,432.5446,432.5446,1046.441,1081.3617,427.0584,0.0,2.43015,2.511246,0.971205,30,216,96,2,0.20383968,0.00163983,-0.01249836,0E-8,0.000000,0.906607,0.000000,0.01775797,2026-03-22,2026-08-06,108,3621,2443,138,0.782609,1.360932,1.287360,0.679466,,,,,,,,GLOBAL_BASELINE_NO_ENTITY_RANKING,,,NOT_APPLICABLE_GLOBAL_BASELINE,HF9g-P5,,,,X 全窗基线 · 不参与实体赏罚,14199096,1420,A168_HF9F_20260827_0900,2026-08-27 09:00:00
2026-06-04,57024343,2169,0,2153.0379365285,366.0164492098,366.0164492098,0.6000000,5,5,0.50396966000000000,0.503969660000,0.4294742719815242,0.4294742719815242,0.4294742719815242,0E-17,ELIGIBLE,R03b_20260811_FULL_v1,L1_ELIGIBILITY,v2026-08-11,2026-03-21..2026-08-06,baccarat_bet02_101_all_pairs_incl_sentinel,round_win = game_pnl > 0 (decisive only),COMPATIBILITY_ONLY_NOT_PRODUCTION,4059548.3812,3680416.6879,6656.9809,9707,9692,-0.00163983,0.01249836,-0.00525961,-0.00163983,-6656.9809,4059548.3812,OK,0.0000,266.2792,4.0000,96.0000,AG03-UNRESOLVED,ALL5_LEVELS_bet23_to_bet27,266.2792,266.2792,266.2792,0.0000,0.0000,4.000000,4.000000,4.000000,0.000000,0.000000,96.000000,96.000000,96.000000,100.000000,100.000000,5.0,798.8377,767.3102,5858.1432,5889.6706,PENDING_AG03,FALSE,NOT_FOR_ENFORCEMENT,6390.7016,3533200.0204,6656.9809,6390.7016,266.2792,0.00163983,0.00157424,266.2792,6390.7016,0.00157424,266.2792,266.2792,266.2792,0.0000,0.0000,6390.7016,0.00157424,798.8377,767.3102,5858.1432,5889.6706,0.00144305,0.00145082,0.00006559,418.2083,379.7376,0.6869,61.6387,1.8384,37588.4109,89.7407,538.3845,395.5999,218.4789,430.6076,432.5446,432.5446,1046.441,1081.3617,427.0584,0.0,2.43015,2.511246,0.971205,30,216,96,2,0.20383968,0.00163983,-0.01249836,0E-8,0.000000,0.906607,0.000000,0.01775797,2026-03-22,2026-08-06,108,3621,2443,138,0.782609,1.360932,1.287360,0.679466,,,,,,,,GLOBAL_BASELINE_NO_ENTITY_RANKING,,,NOT_APPLICABLE_GLOBAL_BASELINE,HF9g-P5,,,,X 全窗基线 · 不参与实体赏罚,14199097,1420,A168_HF9F_20260827_0900,2026-08-27 09:00:00
2026-06-04,57024343,2171,0,2583.6455238342,775.0936571502,775.0936571502,0.6666667,6,6,0.50665070000000000,0.506650700000,0.7839842952205449,0.7839842952205449,0.7839842952205449,0E-17,ELIGIBLE,R03b_20260811_FULL_v1,L1_ELIGIBILITY,v2026-08-11,2026-03-21..2026-08-06,baccarat_bet02_101_all_pairs_incl_sentinel,round_win = game_pnl > 0 (decisive only),COMPATIBILITY_ONLY_NOT_PRODUCTION,4059548.3812,3680416.6879,6656.9809,9707,9692,-0.00163983,0.01249836,-0.00525961,-0.00163983,-6656.9809,4059548.3812,OK,0.0000,266.2792,4.0000,96.0000,AG03-UNRESOLVED,ALL5_LEVELS_bet23_to_bet27,266.2792,266.2792,266.2792,0.0000,0.0000,4.000000,4.000000,4.000000,0.000000,0.000000,96.000000,96.000000,96.000000,100.000000,100.000000,5.0,798.8377,767.3102,5858.1432,5889.6706,PENDING_AG03,FALSE,NOT_FOR_ENFORCEMENT,6390.7016,3533200.0204,6656.9809,6390.7016,266.2792,0.00163983,0.00157424,266.2792,6390.7016,0.00157424,266.2792,266.2792,266.2792,0.0000,0.0000,6390.7016,0.00157424,798.8377,767.3102,5858.1432,5889.6706,0.00144305,0.00145082,0.00006559,418.2083,379.7376,0.6869,61.6387,1.8384,37588.4109,89.7407,538.3845,395.5999,218.4789,430.6076,432.5446,432.5446,1046.441,1081.3617,427.0584,0.0,2.43015,2.511246,0.971205,30,216,96,2,0.20383968,0.00163983,-0.01249836,0E-8,0.000000,0.906607,0.000000,0.01775797,2026-03-22,2026-08-06,108,3621,2443,138,0.782609,1.360932,1.287360,0.679466,,,,,,,,GLOBAL_BASELINE_NO_ENTITY_RANKING,,,NOT_APPLICABLE_GLOBAL_BASELINE,HF9g-P5,,,,X 全窗基线 · 不参与实体赏罚,14199098,1420,A168_HF9F_20260827_0900,2026-08-27 09:00:00
2026-06-04,57024343,2175,0,1722.4303492228,796.6240365155,796.6240365155,0.7500000,4,4,0.50665070000000000,0.506650700000,0.9734833216690844,0.9734833216690844,0.9734833216690844,0E-17,ELIGIBLE,R03b_20260811_FULL_v1,L1_ELIGIBILITY,v2026-08-11,2026-03-21..2026-08-06,baccarat_bet02_101_all_pairs_incl_sentinel,round_win = game_pnl > 0 (decisive only),COMPATIBILITY_ONLY_NOT_PRODUCTION,4059548.3812,3680416.6879,6656.9809,9707,9692,-0.00163983,0.01249836,-0.00525961,-0.00163983,-6656.9809,4059548.3812,OK,0.0000,266.2792,4.0000,96.0000,AG03-UNRESOLVED,ALL5_LEVELS_bet23_to_bet27,266.2792,266.2792,266.2792,0.0000,0.0000,4.000000,4.000000,4.000000,0.000000,0.000000,96.000000,96.000000,96.000000,100.000000,100.000000,5.0,798.8377,767.3102,5858.1432,5889.6706,PENDING_AG03,FALSE,NOT_FOR_ENFORCEMENT,6390.7016,3533200.0204,6656.9809,6390.7016,266.2792,0.00163983,0.00157424,266.2792,6390.7016,0.00157424,266.2792,266.2792,266.2792,0.0000,0.0000,6390.7016,0.00157424,798.8377,767.3102,5858.1432,5889.6706,0.00144305,0.00145082,0.00006559,418.2083,379.7376,0.6869,61.6387,1.8384,37588.4109,89.7407,538.3845,395.5999,218.4789,430.6076,432.5446,432.5446,1046.441,1081.3617,427.0584,0.0,2.43015,2.511246,0.971205,30,216,96,2,0.20383968,0.00163983,-0.01249836,0E-8,0.000000,0.906607,0.000000,0.01775797,2026-03-22,2026-08-06,108,3621,2443,138,0.782609,1.360932,1.287360,0.679466,,,,,,,,GLOBAL_BASELINE_NO_ENTITY_RANKING,,,NOT_APPLICABLE_GLOBAL_BASELINE,HF9g-P5,,,,X 全窗基线 · 不参与实体赏罚,14199099,1420,A168_HF9F_20260827_0900,2026-08-27 09:00:00
2026-06-04,57024343,2188,0,861.2151746114,-21.5303793653,-21.5303793653,0.5000000,2,2,0.50665070000000000,0.506650700000,-0.018812684590367487,-0.018812684590367487,-0.018812684590367487,0E-17,ELIGIBLE,R03b_20260811_FULL_v1,L1_ELIGIBILITY,v2026-08-11,2026-03-21..2026-08-06,baccarat_bet02_101_all_pairs_incl_sentinel,round_win = game_pnl > 0 (decisive only),COMPATIBILITY_ONLY_NOT_PRODUCTION,4059548.3812,3680416.6879,6656.9809,9707,9692,-0.00163983,0.01249836,-0.00525961,-0.00163983,-6656.9809,4059548.3812,OK,0.0000,266.2792,4.0000,96.0000,AG03-UNRESOLVED,ALL5_LEVELS_bet23_to_bet27,266.2792,266.2792,266.2792,0.0000,0.0000,4.000000,4.000000,4.000000,0.000000,0.000000,96.000000,96.000000,96.000000,100.000000,100.000000,5.0,798.8377,767.3102,5858.1432,5889.6706,PENDING_AG03,FALSE,NOT_FOR_ENFORCEMENT,6390.7016,3533200.0204,6656.9809,6390.7016,266.2792,0.00163983,0.00157424,266.2792,6390.7016,0.00157424,266.2792,266.2792,266.2792,0.0000,0.0000,6390.7016,0.00157424,798.8377,767.3102,5858.1432,5889.6706,0.00144305,0.00145082,0.00006559,418.2083,379.7376,0.6869,61.6387,1.8384,37588.4109,89.7407,538.3845,395.5999,218.4789,430.6076,432.5446,432.5446,1046.441,1081.3617,427.0584,0.0,2.43015,2.511246,0.971205,30,216,96,2,0.20383968,0.00163983,-0.01249836,0E-8,0.000000,0.906607,0.000000,0.01775797,2026-03-22,2026-08-06,108,3621,2443,138,0.782609,1.360932,1.287360,0.679466,,,,,,,,GLOBAL_BASELINE_NO_ENTITY_RANKING,,,NOT_APPLICABLE_GLOBAL_BASELINE,HF9g-P5,,,,X 全窗基线 · 不参与实体赏罚,14199100,1420,A168_HF9F_20260827_0900,2026-08-27 09:00:00
2026-06-04,57024343,2216,0,1722.4303492228,-452.1379666710,-452.1379666710,0.3333333,4,4,0.50329940000000000,0.503299400000,-0.5887925454369916,-0.5887925454369916,-0.5887925454369916,0E-17,ELIGIBLE,R03b_20260811_FULL_v1,L1_ELIGIBILITY,v2026-08-11,2026-03-21..2026-08-06,baccarat_bet02_101_all_pairs_incl_sentinel,round_win = game_pnl > 0 (decisive only),COMPATIBILITY_ONLY_NOT_PRODUCTION,4059548.3812,3680416.6879,6656.9809,9707,9692,-0.00163983,0.01249836,-0.00525961,-0.00163983,-6656.9809,4059548.3812,OK,0.0000,266.2792,4.0000,96.0000,AG03-UNRESOLVED,ALL5_LEVELS_bet23_to_bet27,266.2792,266.2792,266.2792,0.0000,0.0000,4.000000,4.000000,4.000000,0.000000,0.000000,96.000000,96.000000,96.000000,100.000000,100.000000,5.0,798.8377,767.3102,5858.1432,5889.6706,PENDING_AG03,FALSE,NOT_FOR_ENFORCEMENT,6390.7016,3533200.0204,6656.9809,6390.7016,266.2792,0.00163983,0.00157424,266.2792,6390.7016,0.00157424,266.2792,266.2792,266.2792,0.0000,0.0000,6390.7016,0.00157424,798.8377,767.3102,5858.1432,5889.6706,0.00144305,0.00145082,0.00006559,418.2083,379.7376,0.6869,61.6387,1.8384,37588.4109,89.7407,538.3845,395.5999,218.4789,430.6076,432.5446,432.5446,1046.441,1081.3617,427.0584,0.0,2.43015,2.511246,0.971205,30,216,96,2,0.20383968,0.00163983,-0.01249836,0E-8,0.000000,0.906607,0.000000,0.01775797,2026-03-22,2026-08-06,108,3621,2443,138,0.782609,1.360932,1.287360,0.679466,,,,,,,,GLOBAL_BASELINE_NO_ENTITY_RANKING,,,NOT_APPLICABLE_GLOBAL_BASELINE,HF9g-P5,,,,X 全窗基线 · 不参与实体赏罚,14199101,1420,A168_HF9F_20260827_0900,2026-08-27 09:00:00
2026-06-04,57024343,2222,0,430.6075873057,409.0772079404,409.0772079404,1.0000000,1,1,0.50665070000000000,0.506650700000,0.9867858985152569,0.9867858985152569,0.9867858985152569,0E-17,ELIGIBLE,R03b_20260811_FULL_v1,L1_ELIGIBILITY,v2026-08-11,2026-03-21..2026-08-06,baccarat_bet02_101_all_pairs_incl_sentinel,round_win = game_pnl > 0 (decisive only),COMPATIBILITY_ONLY_NOT_PRODUCTION,4059548.3812,3680416.6879,6656.9809,9707,9692,-0.00163983,0.01249836,-0.00525961,-0.00163983,-6656.9809,4059548.3812,OK,0.0000,266.2792,4.0000,96.0000,AG03-UNRESOLVED,ALL5_LEVELS_bet23_to_bet27,266.2792,266.2792,266.2792,0.0000,0.0000,4.000000,4.000000,4.000000,0.000000,0.000000,96.000000,96.000000,96.000000,100.000000,100.000000,5.0,798.8377,767.3102,5858.1432,5889.6706,PENDING_AG03,FALSE,NOT_FOR_ENFORCEMENT,6390.7016,3533200.0204,6656.9809,6390.7016,266.2792,0.00163983,0.00157424,266.2792,6390.7016,0.00157424,266.2792,266.2792,266.2792,0.0000,0.0000,6390.7016,0.00157424,798.8377,767.3102,5858.1432,5889.6706,0.00144305,0.00145082,0.00006559,418.2083,379.7376,0.6869,61.6387,1.8384,37588.4109,89.7407,538.3845,395.5999,218.4789,430.6076,432.5446,432.5446,1046.441,1081.3617,427.0584,0.0,2.43015,2.511246,0.971205,30,216,96,2,0.20383968,0.00163983,-0.01249836,0E-8,0.000000,0.906607,0.000000,0.01775797,2026-03-22,2026-08-06,108,3621,2443,138,0.782609,1.360932,1.287360,0.679466,,,,,,,,GLOBAL_BASELINE_NO_ENTITY_RANKING,,,NOT_APPLICABLE_GLOBAL_BASELINE,HF9g-P5,,,,X 全窗基线 · 不参与实体赏罚,14199102,1420,A168_HF9F_20260827_0900,2026-08-27 09:00:00
2026-06-04,57024343,2244,0,1722.4303492228,-43.0607587306,-43.0607587306,0.5000000,4,4,0.50329940000000000,0.503299400000,-0.01319788734859681,-0.01319788734859681,-0.01319788734859681,0E-17,ELIGIBLE,R03b_20260811_FULL_v1,L1_ELIGIBILITY,v2026-08-11,2026-03-21..2026-08-06,baccarat_bet02_101_all_pairs_incl_sentinel,round_win = game_pnl > 0 (decisive only),COMPATIBILITY_ONLY_NOT_PRODUCTION,4059548.3812,3680416.6879,6656.9809,9707,9692,-0.00163983,0.01249836,-0.00525961,-0.00163983,-6656.9809,4059548.3812,OK,0.0000,266.2792,4.0000,96.0000,AG03-UNRESOLVED,ALL5_LEVELS_bet23_to_bet27,266.2792,266.2792,266.2792,0.0000,0.0000,4.000000,4.000000,4.000000,0.000000,0.000000,96.000000,96.000000,96.000000,100.000000,100.000000,5.0,798.8377,767.3102,5858.1432,5889.6706,PENDING_AG03,FALSE,NOT_FOR_ENFORCEMENT,6390.7016,3533200.0204,6656.9809,6390.7016,266.2792,0.00163983,0.00157424,266.2792,6390.7016,0.00157424,266.2792,266.2792,266.2792,0.0000,0.0000,6390.7016,0.00157424,798.8377,767.3102,5858.1432,5889.6706,0.00144305,0.00145082,0.00006559,418.2083,379.7376,0.6869,61.6387,1.8384,37588.4109,89.7407,538.3845,395.5999,218.4789,430.6076,432.5446,432.5446,1046.441,1081.3617,427.0584,0.0,2.43015,2.511246,0.971205,30,216,96,2,0.20383968,0.00163983,-0.01249836,0E-8,0.000000,0.906607,0.000000,0.01775797,2026-03-22,2026-08-06,108,3621,2443,138,0.782609,1.360932,1.287360,0.679466,,,,,,,,GLOBAL_BASELINE_NO_ENTITY_RANKING,,,NOT_APPLICABLE_GLOBAL_BASELINE,HF9g-P5,,,,X 全窗基线 · 不参与实体赏罚,14199103,1420,A168_HF9F_20260827_0900,2026-08-27 09:00:00
2026-06-04,57024343,2266,0,430.6075873057,-430.6075873057,-430.6075873057,0E-7,1,1,0.50665070000000000,0.506650700000,-1.013391052207602,-1.013391052207602,-1.013391052207602,0E-17,ELIGIBLE,R03b_20260811_FULL_v1,L1_ELIGIBILITY,v2026-08-11,2026-03-21..2026-08-06,baccarat_bet02_101_all_pairs_incl_sentinel,round_win = game_pnl > 0 (decisive only),COMPATIBILITY_ONLY_NOT_PRODUCTION,4059548.3812,3680416.6879,6656.9809,9707,9692,-0.00163983,0.01249836,-0.00525961,-0.00163983,-6656.9809,4059548.3812,OK,0.0000,266.2792,4.0000,96.0000,AG03-UNRESOLVED,ALL5_LEVELS_bet23_to_bet27,266.2792,266.2792,266.2792,0.0000,0.0000,4.000000,4.000000,4.000000,0.000000,0.000000,96.000000,96.000000,96.000000,100.000000,100.000000,5.0,798.8377,767.3102,5858.1432,5889.6706,PENDING_AG03,FALSE,NOT_FOR_ENFORCEMENT,6390.7016,3533200.0204,6656.9809,6390.7016,266.2792,0.00163983,0.00157424,266.2792,6390.7016,0.00157424,266.2792,266.2792,266.2792,0.0000,0.0000,6390.7016,0.00157424,798.8377,767.3102,5858.1432,5889.6706,0.00144305,0.00145082,0.00006559,418.2083,379.7376,0.6869,61.6387,1.8384,37588.4109,89.7407,538.3845,395.5999,218.4789,430.6076,432.5446,432.5446,1046.441,1081.3617,427.0584,0.0,2.43015,2.511246,0.971205,30,216,96,2,0.20383968,0.00163983,-0.01249836,0E-8,0.000000,0.906607,0.000000,0.01775797,2026-03-22,2026-08-06,108,3621,2443,138,0.782609,1.360932,1.287360,0.679466,,,,,,,,GLOBAL_BASELINE_NO_ENTITY_RANKING,,,NOT_APPLICABLE_GLOBAL_BASELINE,HF9g-P5,,,,X 全窗基线 · 不参与实体赏罚,14199104,1420,A168_HF9F_20260827_0900,2026-08-27 09:00:00
2026-06-04,57024343,550,0,2583.6455238342,-473.6683460363,-473.6683460363,0.4000000,6,6,0.50665070000000000,0.506650700000,-0.4769986289884125,-0.4769986289884125,-0.4769986289884125,0E-17,ELIGIBLE,R03b_20260811_FULL_v1,L1_ELIGIBILITY,v2026-08-11,2026-03-21..2026-08-06,baccarat_bet02_101_all_pairs_incl_sentinel,round_win = game_pnl > 0 (decisive only),COMPATIBILITY_ONLY_NOT_PRODUCTION,4059548.3812,3680416.6879,6656.9809,9707,9692,-0.00163983,0.01249836,-0.00525961,-0.00163983,-6656.9809,4059548.3812,OK,0.0000,266.2792,4.0000,96.0000,AG03-UNRESOLVED,ALL5_LEVELS_bet23_to_bet27,266.2792,266.2792,266.2792,0.0000,0.0000,4.000000,4.000000,4.000000,0.000000,0.000000,96.000000,96.000000,96.000000,100.000000,100.000000,5.0,798.8377,767.3102,5858.1432,5889.6706,PENDING_AG03,FALSE,NOT_FOR_ENFORCEMENT,6390.7016,3533200.0204,6656.9809,6390.7016,266.2792,0.00163983,0.00157424,266.2792,6390.7016,0.00157424,266.2792,266.2792,266.2792,0.0000,0.0000,6390.7016,0.00157424,798.8377,767.3102,5858.1432,5889.6706,0.00144305,0.00145082,0.00006559,418.2083,379.7376,0.6869,61.6387,1.8384,37588.4109,89.7407,538.3845,395.5999,218.4789,430.6076,432.5446,432.5446,1046.441,1081.3617,427.0584,0.0,2.43015,2.511246,0.971205,30,216,96,2,0.20383968,0.00163983,-0.01249836,0E-8,0.000000,0.906607,0.000000,0.01775797,2026-03-22,2026-08-06,108,3621,2443,138,0.782609,1.360932,1.287360,0.679466,,,,,,,,GLOBAL_BASELINE_NO_ENTITY_RANKING,,,NOT_APPLICABLE_GLOBAL_BASELINE,HF9g-P5,,,,X 全窗基线 · 不参与实体赏罚,14199105,1420,A168_HF9F_20260827_0900,2026-08-27 09:00:00
2026-06-04,57024343,789,0,1722.4303492228,-882.7455539767,-882.7455539767,0.2500000,4,4,0.50329940000000000,0.503299400000,-1.013219660140378,-1.013219660140378,-1.013219660140378,0E-17,ELIGIBLE,R03b_20260811_FULL_v1,L1_ELIGIBILITY,v2026-08-11,2026-03-21..2026-08-06,baccarat_bet02_101_all_pairs_incl_sentinel,round_win = game_pnl > 0 (decisive only),COMPATIBILITY_ONLY_NOT_PRODUCTION,4059548.3812,3680416.6879,6656.9809,9707,9692,-0.00163983,0.01249836,-0.00525961,-0.00163983,-6656.9809,4059548.3812,OK,0.0000,266.2792,4.0000,96.0000,AG03-UNRESOLVED,ALL5_LEVELS_bet23_to_bet27,266.2792,266.2792,266.2792,0.0000,0.0000,4.000000,4.000000,4.000000,0.000000,0.000000,96.000000,96.000000,96.000000,100.000000,100.000000,5.0,798.8377,767.3102,5858.1432,5889.6706,PENDING_AG03,FALSE,NOT_FOR_ENFORCEMENT,6390.7016,3533200.0204,6656.9809,6390.7016,266.2792,0.00163983,0.00157424,266.2792,6390.7016,0.00157424,266.2792,266.2792,266.2792,0.0000,0.0000,6390.7016,0.00157424,798.8377,767.3102,5858.1432,5889.6706,0.00144305,0.00145082,0.00006559,418.2083,379.7376,0.6869,61.6387,1.8384,37588.4109,89.7407,538.3845,395.5999,218.4789,430.6076,432.5446,432.5446,1046.441,1081.3617,427.0584,0.0,2.43015,2.511246,0.971205,30,216,96,2,0.20383968,0.00163983,-0.01249836,0E-8,0.000000,0.906607,0.000000,0.01775797,2026-03-22,2026-08-06,108,3621,2443,138,0.782609,1.360932,1.287360,0.679466,,,,,,,,GLOBAL_BASELINE_NO_ENTITY_RANKING,,,NOT_APPLICABLE_GLOBAL_BASELINE,HF9g-P5,,,,X 全窗基线 · 不参与实体赏罚,14199106,1420,A168_HF9F_20260827_0900,2026-08-27 09:00:00
2026-06-04,57024343,948,0,215.3037936528,-215.3037936528,-215.3037936528,0E-7,1,1,0.50665070000000000,0.506650700000,-1.013391052207602,-1.013391052207602,-1.013391052207602,0E-17,ELIGIBLE,R03b_20260811_FULL_v1,L1_ELIGIBILITY,v2026-08-11,2026-03-21..2026-08-06,baccarat_bet02_101_all_pairs_incl_sentinel,round_win = game_pnl > 0 (decisive only),COMPATIBILITY_ONLY_NOT_PRODUCTION,4059548.3812,3680416.6879,6656.9809,9707,9692,-0.00163983,0.01249836,-0.00525961,-0.00163983,-6656.9809,4059548.3812,OK,0.0000,266.2792,4.0000,96.0000,AG03-UNRESOLVED,ALL5_LEVELS_bet23_to_bet27,266.2792,266.2792,266.2792,0.0000,0.0000,4.000000,4.000000,4.000000,0.000000,0.000000,96.000000,96.000000,96.000000,100.000000,100.000000,5.0,798.8377,767.3102,5858.1432,5889.6706,PENDING_AG03,FALSE,NOT_FOR_ENFORCEMENT,6390.7016,3533200.0204,6656.9809,6390.7016,266.2792,0.00163983,0.00157424,266.2792,6390.7016,0.00157424,266.2792,266.2792,266.2792,0.0000,0.0000,6390.7016,0.00157424,798.8377,767.3102,5858.1432,5889.6706,0.00144305,0.00145082,0.00006559,418.2083,379.7376,0.6869,61.6387,1.8384,37588.4109,89.7407,538.3845,395.5999,218.4789,430.6076,432.5446,432.5446,1046.441,1081.3617,427.0584,0.0,2.43015,2.511246,0.971205,30,216,96,2,0.20383968,0.00163983,-0.01249836,0E-8,0.000000,0.906607,0.000000,0.01775797,2026-03-22,2026-08-06,108,3621,2443,138,0.782609,1.360932,1.287360,0.679466,,,,,,,,GLOBAL_BASELINE_NO_ENTITY_RANKING,,,NOT_APPLICABLE_GLOBAL_BASELINE,HF9g-P5,,,,X 全窗基线 · 不参与实体赏罚,14199107,1420,A168_HF9F_20260827_0900,2026-08-27 09:00:00
2026-06-05,57024343,-1,1,12272.3162382100,1528.6569349359,1528.6569349359,0.5800000,55,55,0.50591950727272727,0.505919507273,1.0477298038864011,1.0477298038825507,1.0477298038864011,-2.7273E-13,SENTINEL_DEALER,R03b_20260811_FULL_v1,L1_ELIGIBILITY,v2026-08-11,2026-03-21..2026-08-06,baccarat_bet02_101_all_pairs_incl_sentinel,round_win = game_pnl > 0 (decisive only),COMPATIBILITY_ONLY_NOT_PRODUCTION,4059548.3812,3680416.6879,6656.9809,9707,9692,-0.00163983,0.01249836,-0.00525961,-0.00163983,-6656.9809,4059548.3812,OK,0.0000,266.2792,4.0000,96.0000,AG03-UNRESOLVED,ALL5_LEVELS_bet23_to_bet27,266.2792,266.2792,266.2792,0.0000,0.0000,4.000000,4.000000,4.000000,0.000000,0.000000,96.000000,96.000000,96.000000,100.000000,100.000000,5.0,798.8377,767.3102,5858.1432,5889.6706,PENDING_AG03,FALSE,NOT_FOR_ENFORCEMENT,6390.7016,3533200.0204,6656.9809,6390.7016,266.2792,0.00163983,0.00157424,266.2792,6390.7016,0.00157424,266.2792,266.2792,266.2792,0.0000,0.0000,6390.7016,0.00157424,798.8377,767.3102,5858.1432,5889.6706,0.00144305,0.00145082,0.00006559,418.2083,379.7376,0.6869,61.6387,1.8384,37588.4109,89.7407,538.3845,395.5999,218.4789,430.6076,432.5446,432.5446,1046.441,1081.3617,427.0584,0.0,2.43015,2.511246,0.971205,30,216,96,2,0.20383968,0.00163983,-0.01249836,0E-8,0.000000,0.906607,0.000000,0.01775797,2026-03-22,2026-08-06,108,3621,2443,138,0.782609,1.360932,1.287360,0.679466,,,,,,,,GLOBAL_BASELINE_NO_ENTITY_RANKING,,,NOT_APPLICABLE_GLOBAL_BASELINE,HF9g-P5,,,,X 全窗基线 · 不参与实体赏罚,14199108,1420,A168_HF9F_20260827_0900,2026-08-27 09:00:00
2026-06-05,57024343,1017,0,1291.8227619168,409.0772079404,409.0772079404,0.7500000,6,6,0.49994810000000000,0.499948100000,1.0002076053883384,1.0002076053883384,1.0002076053883384,0E-17,ELIGIBLE,R03b_20260811_FULL_v1,L1_ELIGIBILITY,v2026-08-11,2026-03-21..2026-08-06,baccarat_bet02_101_all_pairs_incl_sentinel,round_win = game_pnl > 0 (decisive only),COMPATIBILITY_ONLY_NOT_PRODUCTION,4059548.3812,3680416.6879,6656.9809,9707,9692,-0.00163983,0.01249836,-0.00525961,-0.00163983,-6656.9809,4059548.3812,OK,0.0000,266.2792,4.0000,96.0000,AG03-UNRESOLVED,ALL5_LEVELS_bet23_to_bet27,266.2792,266.2792,266.2792,0.0000,0.0000,4.000000,4.000000,4.000000,0.000000,0.000000,96.000000,96.000000,96.000000,100.000000,100.000000,5.0,798.8377,767.3102,5858.1432,5889.6706,PENDING_AG03,FALSE,NOT_FOR_ENFORCEMENT,6390.7016,3533200.0204,6656.9809,6390.7016,266.2792,0.00163983,0.00157424,266.2792,6390.7016,0.00157424,266.2792,266.2792,266.2792,0.0000,0.0000,6390.7016,0.00157424,798.8377,767.3102,5858.1432,5889.6706,0.00144305,0.00145082,0.00006559,418.2083,379.7376,0.6869,61.6387,1.8384,37588.4109,89.7407,538.3845,395.5999,218.4789,430.6076,432.5446,432.5446,1046.441,1081.3617,427.0584,0.0,2.43015,2.511246,0.971205,30,216,96,2,0.20383968,0.00163983,-0.01249836,0E-8,0.000000,0.906607,0.000000,0.01775797,2026-03-22,2026-08-06,108,3621,2443,138,0.782609,1.360932,1.287360,0.679466,,,,,,,,GLOBAL_BASELINE_NO_ENTITY_RANKING,,,NOT_APPLICABLE_GLOBAL_BASELINE,HF9g-P5,,,,X 全窗基线 · 不参与实体赏罚,14199109,1420,A168_HF9F_20260827_0900,2026-08-27 09:00:00
2026-06-05,57024343,1078,0,1184.1708650905,-134.5648710329,-134.5648710329,0.4000000,5,5,0.50665070000000000,0.506650700000,-0.4769986289884125,-0.4769986289884125,-0.4769986289884125,0E-17,ELIGIBLE,R03b_20260811_FULL_v1,L1_ELIGIBILITY,v2026-08-11,2026-03-21..2026-08-06,baccarat_bet02_101_all_pairs_incl_sentinel,round_win = game_pnl > 0 (decisive only),COMPATIBILITY_ONLY_NOT_PRODUCTION,4059548.3812,3680416.6879,6656.9809,9707,9692,-0.00163983,0.01249836,-0.00525961,-0.00163983,-6656.9809,4059548.3812,OK,0.0000,266.2792,4.0000,96.0000,AG03-UNRESOLVED,ALL5_LEVELS_bet23_to_bet27,266.2792,266.2792,266.2792,0.0000,0.0000,4.000000,4.000000,4.000000,0.000000,0.000000,96.000000,96.000000,96.000000,100.000000,100.000000,5.0,798.8377,767.3102,5858.1432,5889.6706,PENDING_AG03,FALSE,NOT_FOR_ENFORCEMENT,6390.7016,3533200.0204,6656.9809,6390.7016,266.2792,0.00163983,0.00157424,266.2792,6390.7016,0.00157424,266.2792,266.2792,266.2792,0.0000,0.0000,6390.7016,0.00157424,798.8377,767.3102,5858.1432,5889.6706,0.00144305,0.00145082,0.00006559,418.2083,379.7376,0.6869,61.6387,1.8384,37588.4109,89.7407,538.3845,395.5999,218.4789,430.6076,432.5446,432.5446,1046.441,1081.3617,427.0584,0.0,2.43015,2.511246,0.971205,30,216,96,2,0.20383968,0.00163983,-0.01249836,0E-8,0.000000,0.906607,0.000000,0.01775797,2026-03-22,2026-08-06,108,3621,2443,138,0.782609,1.360932,1.287360,0.679466,,,,,,,,GLOBAL_BASELINE_NO_ENTITY_RANKING,,,NOT_APPLICABLE_GLOBAL_BASELINE,HF9g-P5,,,,X 全窗基线 · 不参与实体赏罚,14199110,1420,A168_HF9F_20260827_0900,2026-08-27 09:00:00
2026-06-05,57024343,1150,0,430.6075873056,419.8423976230,419.8423976230,1.0000000,2,2,0.49994810000000000,0.499948100000,1.4143603653603398,1.4143603653603398,1.4143603653603398,0E-17,ELIGIBLE,R03b_20260811_FULL_v1,L1_ELIGIBILITY,v2026-08-11,2026-03-21..2026-08-06,baccarat_bet02_101_all_pairs_incl_sentinel,round_win = game_pnl > 0 (decisive only),COMPATIBILITY_ONLY_NOT_PRODUCTION,4059548.3812,3680416.6879,6656.9809,9707,9692,-0.00163983,0.01249836,-0.00525961,-0.00163983,-6656.9809,4059548.3812,OK,0.0000,266.2792,4.0000,96.0000,AG03-UNRESOLVED,ALL5_LEVELS_bet23_to_bet27,266.2792,266.2792,266.2792,0.0000,0.0000,4.000000,4.000000,4.000000,0.000000,0.000000,96.000000,96.000000,96.000000,100.000000,100.000000,5.0,798.8377,767.3102,5858.1432,5889.6706,PENDING_AG03,FALSE,NOT_FOR_ENFORCEMENT,6390.7016,3533200.0204,6656.9809,6390.7016,266.2792,0.00163983,0.00157424,266.2792,6390.7016,0.00157424,266.2792,266.2792,266.2792,0.0000,0.0000,6390.7016,0.00157424,798.8377,767.3102,5858.1432,5889.6706,0.00144305,0.00145082,0.00006559,418.2083,379.7376,0.6869,61.6387,1.8384,37588.4109,89.7407,538.3845,395.5999,218.4789,430.6076,432.5446,432.5446,1046.441,1081.3617,427.0584,0.0,2.43015,2.511246,0.971205,30,216,96,2,0.20383968,0.00163983,-0.01249836,0E-8,0.000000,0.906607,0.000000,0.01775797,2026-03-22,2026-08-06,108,3621,2443,138,0.782609,1.360932,1.287360,0.679466,,,,,,,,GLOBAL_BASELINE_NO_ENTITY_RANKING,,,NOT_APPLICABLE_GLOBAL_BASELINE,HF9g-P5,,,,X 全窗基线 · 不参与实体赏罚,14199111,1420,A168_HF9F_20260827_0900,2026-08-27 09:00:00
2026-06-05,57024343,1151,0,2583.6455238337,1421.0050381088,1421.0050381088,0.8000000,11,11,0.50421339090909091,0.504213390909,1.870785196227594,1.8707851962281659,1.870785196227594,9.091E-14,ELIGIBLE,R03b_20260811_FULL_v1,L1_ELIGIBILITY,v2026-08-11,2026-03-21..2026-08-06,baccarat_bet02_101_all_pairs_incl_sentinel,round_win = game_pnl > 0 (decisive only),COMPATIBILITY_ONLY_NOT_PRODUCTION,4059548.3812,3680416.6879,6656.9809,9707,9692,-0.00163983,0.01249836,-0.00525961,-0.00163983,-6656.9809,4059548.3812,OK,0.0000,266.2792,4.0000,96.0000,AG03-UNRESOLVED,ALL5_LEVELS_bet23_to_bet27,266.2792,266.2792,266.2792,0.0000,0.0000,4.000000,4.000000,4.000000,0.000000,0.000000,96.000000,96.000000,96.000000,100.000000,100.000000,5.0,798.8377,767.3102,5858.1432,5889.6706,PENDING_AG03,FALSE,NOT_FOR_ENFORCEMENT,6390.7016,3533200.0204,6656.9809,6390.7016,266.2792,0.00163983,0.00157424,266.2792,6390.7016,0.00157424,266.2792,266.2792,266.2792,0.0000,0.0000,6390.7016,0.00157424,798.8377,767.3102,5858.1432,5889.6706,0.00144305,0.00145082,0.00006559,418.2083,379.7376,0.6869,61.6387,1.8384,37588.4109,89.7407,538.3845,395.5999,218.4789,430.6076,432.5446,432.5446,1046.441,1081.3617,427.0584,0.0,2.43015,2.511246,0.971205,30,216,96,2,0.20383968,0.00163983,-0.01249836,0E-8,0.000000,0.906607,0.000000,0.01775797,2026-03-22,2026-08-06,108,3621,2443,138,0.782609,1.360932,1.287360,0.679466,,,,,,,,GLOBAL_BASELINE_NO_ENTITY_RANKING,,,NOT_APPLICABLE_GLOBAL_BASELINE,HF9g-P5,,,,X 全窗基线 · 不参与实体赏罚,14199112,1420,A168_HF9F_20260827_0900,2026-08-27 09:00:00
2026-06-05,57024343,1210,0,861.2151746112,-430.6075873056,-430.6075873056,0.2500000,4,4,0.50329940000000000,0.503299400000,-1.013219660140378,-1.013219660140378,-1.013219660140378,0E-17,ELIGIBLE,R03b_20260811_FULL_v1,L1_ELIGIBILITY,v2026-08-11,2026-03-21..2026-08-06,baccarat_bet02_101_all_pairs_incl_sentinel,round_win = game_pnl > 0 (decisive only),COMPATIBILITY_ONLY_NOT_PRODUCTION,4059548.3812,3680416.6879,6656.9809,9707,9692,-0.00163983,0.01249836,-0.00525961,-0.00163983,-6656.9809,4059548.3812,OK,0.0000,266.2792,4.0000,96.0000,AG03-UNRESOLVED,ALL5_LEVELS_bet23_to_bet27,266.2792,266.2792,266.2792,0.0000,0.0000,4.000000,4.000000,4.000000,0.000000,0.000000,96.000000,96.000000,96.000000,100.000000,100.000000,5.0,798.8377,767.3102,5858.1432,5889.6706,PENDING_AG03,FALSE,NOT_FOR_ENFORCEMENT,6390.7016,3533200.0204,6656.9809,6390.7016,266.2792,0.00163983,0.00157424,266.2792,6390.7016,0.00157424,266.2792,266.2792,266.2792,0.0000,0.0000,6390.7016,0.00157424,798.8377,767.3102,5858.1432,5889.6706,0.00144305,0.00145082,0.00006559,418.2083,379.7376,0.6869,61.6387,1.8384,37588.4109,89.7407,538.3845,395.5999,218.4789,430.6076,432.5446,432.5446,1046.441,1081.3617,427.0584,0.0,2.43015,2.511246,0.971205,30,216,96,2,0.20383968,0.00163983,-0.01249836,0E-8,0.000000,0.906607,0.000000,0.01775797,2026-03-22,2026-08-06,108,3621,2443,138,0.782609,1.360932,1.287360,0.679466,,,,,,,,GLOBAL_BASELINE_NO_ENTITY_RANKING,,,NOT_APPLICABLE_GLOBAL_BASELINE,HF9g-P5,,,,X 全窗基线 · 不参与实体赏罚,14199113,1420,A168_HF9F_20260827_0900,2026-08-27 09:00:00
2026-06-05,57024343,1299,0,861.2151746112,204.5386039702,204.5386039702,0.6666667,4,4,0.49994810000000000,0.499948100000,0.5775300591747329,0.5775300591747329,0.5775300591747329,0E-17,ELIGIBLE,R03b_20260811_FULL_v1,L1_ELIGIBILITY,v2026-08-11,2026-03-21..2026-08-06,baccarat_bet02_101_all_pairs_incl_sentinel,round_win = game_pnl > 0 (decisive only),COMPATIBILITY_ONLY_NOT_PRODUCTION,4059548.3812,3680416.6879,6656.9809,9707,9692,-0.00163983,0.01249836,-0.00525961,-0.00163983,-6656.9809,4059548.3812,OK,0.0000,266.2792,4.0000,96.0000,AG03-UNRESOLVED,ALL5_LEVELS_bet23_to_bet27,266.2792,266.2792,266.2792,0.0000,0.0000,4.000000,4.000000,4.000000,0.000000,0.000000,96.000000,96.000000,96.000000,100.000000,100.000000,5.0,798.8377,767.3102,5858.1432,5889.6706,PENDING_AG03,FALSE,NOT_FOR_ENFORCEMENT,6390.7016,3533200.0204,6656.9809,6390.7016,266.2792,0.00163983,0.00157424,266.2792,6390.7016,0.00157424,266.2792,266.2792,266.2792,0.0000,0.0000,6390.7016,0.00157424,798.8377,767.3102,5858.1432,5889.6706,0.00144305,0.00145082,0.00006559,418.2083,379.7376,0.6869,61.6387,1.8384,37588.4109,89.7407,538.3845,395.5999,218.4789,430.6076,432.5446,432.5446,1046.441,1081.3617,427.0584,0.0,2.43015,2.511246,0.971205,30,216,96,2,0.20383968,0.00163983,-0.01249836,0E-8,0.000000,0.906607,0.000000,0.01775797,2026-03-22,2026-08-06,108,3621,2443,138,0.782609,1.360932,1.287360,0.679466,,,,,,,,GLOBAL_BASELINE_NO_ENTITY_RANKING,,,NOT_APPLICABLE_GLOBAL_BASELINE,HF9g-P5,,,,X 全窗基线 · 不参与实体赏罚,14199114,1420,A168_HF9F_20260827_0900,2026-08-27 09:00:00
2026-06-05,57024343,1485,0,861.2151746112,409.0772079404,409.0772079404,0.7500000,4,4,0.50329940000000000,0.503299400000,0.9868238854431842,0.9868238854431842,0.9868238854431842,0E-17,ELIGIBLE,R03b_20260811_FULL_v1,L1_ELIGIBILITY,v2026-08-11,2026-03-21..2026-08-06,baccarat_bet02_101_all_pairs_incl_sentinel,round_win = game_pnl > 0 (decisive only),COMPATIBILITY_ONLY_NOT_PRODUCTION,4059548.3812,3680416.6879,6656.9809,9707,9692,-0.00163983,0.01249836,-0.00525961,-0.00163983,-6656.9809,4059548.3812,OK,0.0000,266.2792,4.0000,96.0000,AG03-UNRESOLVED,ALL5_LEVELS_bet23_to_bet27,266.2792,266.2792,266.2792,0.0000,0.0000,4.000000,4.000000,4.000000,0.000000,0.000000,96.000000,96.000000,96.000000,100.000000,100.000000,5.0,798.8377,767.3102,5858.1432,5889.6706,PENDING_AG03,FALSE,NOT_FOR_ENFORCEMENT,6390.7016,3533200.0204,6656.9809,6390.7016,266.2792,0.00163983,0.00157424,266.2792,6390.7016,0.00157424,266.2792,266.2792,266.2792,0.0000,0.0000,6390.7016,0.00157424,798.8377,767.3102,5858.1432,5889.6706,0.00144305,0.00145082,0.00006559,418.2083,379.7376,0.6869,61.6387,1.8384,37588.4109,89.7407,538.3845,395.5999,218.4789,430.6076,432.5446,432.5446,1046.441,1081.3617,427.0584,0.0,2.43015,2.511246,0.971205,30,216,96,2,0.20383968,0.00163983,-0.01249836,0E-8,0.000000,0.906607,0.000000,0.01775797,2026-03-22,2026-08-06,108,3621,2443,138,0.782609,1.360932,1.287360,0.679466,,,,,,,,GLOBAL_BASELINE_NO_ENTITY_RANKING,,,NOT_APPLICABLE_GLOBAL_BASELINE,HF9g-P5,,,,X 全窗基线 · 不参与实体赏罚,14199115,1420,A168_HF9F_20260827_0900,2026-08-27 09:00:00
2026-06-05,57024343,1507,0,1076.5189682640,398.3120182578,398.3120182578,0.7500000,5,5,0.50665070000000000,0.506650700000,0.9734833216690844,0.9734833216690844,0.9734833216690844,0E-17,ELIGIBLE,R03b_20260811_FULL_v1,L1_ELIGIBILITY,v2026-08-11,2026-03-21..2026-08-06,baccarat_bet02_101_all_pairs_incl_sentinel,round_win = game_pnl > 0 (decisive only),COMPATIBILITY_ONLY_NOT_PRODUCTION,4059548.3812,3680416.6879,6656.9809,9707,9692,-0.00163983,0.01249836,-0.00525961,-0.00163983,-6656.9809,4059548.3812,OK,0.0000,266.2792,4.0000,96.0000,AG03-UNRESOLVED,ALL5_LEVELS_bet23_to_bet27,266.2792,266.2792,266.2792,0.0000,0.0000,4.000000,4.000000,4.000000,0.000000,0.000000,96.000000,96.000000,96.000000,100.000000,100.000000,5.0,798.8377,767.3102,5858.1432,5889.6706,PENDING_AG03,FALSE,NOT_FOR_ENFORCEMENT,6390.7016,3533200.0204,6656.9809,6390.7016,266.2792,0.00163983,0.00157424,266.2792,6390.7016,0.00157424,266.2792,266.2792,266.2792,0.0000,0.0000,6390.7016,0.00157424,798.8377,767.3102,5858.1432,5889.6706,0.00144305,0.00145082,0.00006559,418.2083,379.7376,0.6869,61.6387,1.8384,37588.4109,89.7407,538.3845,395.5999,218.4789,430.6076,432.5446,432.5446,1046.441,1081.3617,427.0584,0.0,2.43015,2.511246,0.971205,30,216,96,2,0.20383968,0.00163983,-0.01249836,0E-8,0.000000,0.906607,0.000000,0.01775797,2026-03-22,2026-08-06,108,3621,2443,138,0.782609,1.360932,1.287360,0.679466,,,,,,,,GLOBAL_BASELINE_NO_ENTITY_RANKING,,,NOT_APPLICABLE_GLOBAL_BASELINE,HF9g-P5,,,,X 全窗基线 · 不参与实体赏罚,14199116,1420,A168_HF9F_20260827_0900,2026-08-27 09:00:00
2026-06-05,57024343,1704,0,1076.5189682640,183.0082246050,183.0082246050,0.6000000,5,5,0.50665070000000000,0.506650700000,0.4175076967804994,0.4175076967804994,0.4175076967804994,0E-17,ELIGIBLE,R03b_20260811_FULL_v1,L1_ELIGIBILITY,v2026-08-11,2026-03-21..2026-08-06,baccarat_bet02_101_all_pairs_incl_sentinel,round_win = game_pnl > 0 (decisive only),COMPATIBILITY_ONLY_NOT_PRODUCTION,4059548.3812,3680416.6879,6656.9809,9707,9692,-0.00163983,0.01249836,-0.00525961,-0.00163983,-6656.9809,4059548.3812,OK,0.0000,266.2792,4.0000,96.0000,AG03-UNRESOLVED,ALL5_LEVELS_bet23_to_bet27,266.2792,266.2792,266.2792,0.0000,0.0000,4.000000,4.000000,4.000000,0.000000,0.000000,96.000000,96.000000,96.000000,100.000000,100.000000,5.0,798.8377,767.3102,5858.1432,5889.6706,PENDING_AG03,FALSE,NOT_FOR_ENFORCEMENT,6390.7016,3533200.0204,6656.9809,6390.7016,266.2792,0.00163983,0.00157424,266.2792,6390.7016,0.00157424,266.2792,266.2792,266.2792,0.0000,0.0000,6390.7016,0.00157424,798.8377,767.3102,5858.1432,5889.6706,0.00144305,0.00145082,0.00006559,418.2083,379.7376,0.6869,61.6387,1.8384,37588.4109,89.7407,538.3845,395.5999,218.4789,430.6076,432.5446,432.5446,1046.441,1081.3617,427.0584,0.0,2.43015,2.511246,0.971205,30,216,96,2,0.20383968,0.00163983,-0.01249836,0E-8,0.000000,0.906607,0.000000,0.01775797,2026-03-22,2026-08-06,108,3621,2443,138,0.782609,1.360932,1.287360,0.679466,,,,,,,,GLOBAL_BASELINE_NO_ENTITY_RANKING,,,NOT_APPLICABLE_GLOBAL_BASELINE,HF9g-P5,,,,X 全窗基线 · 不参与实体赏罚,14199117,1420,A168_HF9F_20260827_0900,2026-08-27 09:00:00
2026-06-05,57024343,1710,0,1830.0822460490,904.2759333419,904.2759333419,0.8333333,7,7,0.50665070000000000,0.506650700000,1.6005531159783741,1.6005531159783741,1.6005531159783741,0E-17,ELIGIBLE,R03b_20260811_FULL_v1,L1_ELIGIBILITY,v2026-08-11,2026-03-21..2026-08-06,baccarat_bet02_101_all_pairs_incl_sentinel,round_win = game_pnl > 0 (decisive only),COMPATIBILITY_ONLY_NOT_PRODUCTION,4059548.3812,3680416.6879,6656.9809,9707,9692,-0.00163983,0.01249836,-0.00525961,-0.00163983,-6656.9809,4059548.3812,OK,0.0000,266.2792,4.0000,96.0000,AG03-UNRESOLVED,ALL5_LEVELS_bet23_to_bet27,266.2792,266.2792,266.2792,0.0000,0.0000,4.000000,4.000000,4.000000,0.000000,0.000000,96.000000,96.000000,96.000000,100.000000,100.000000,5.0,798.8377,767.3102,5858.1432,5889.6706,PENDING_AG03,FALSE,NOT_FOR_ENFORCEMENT,6390.7016,3533200.0204,6656.9809,6390.7016,266.2792,0.00163983,0.00157424,266.2792,6390.7016,0.00157424,266.2792,266.2792,266.2792,0.0000,0.0000,6390.7016,0.00157424,798.8377,767.3102,5858.1432,5889.6706,0.00144305,0.00145082,0.00006559,418.2083,379.7376,0.6869,61.6387,1.8384,37588.4109,89.7407,538.3845,395.5999,218.4789,430.6076,432.5446,432.5446,1046.441,1081.3617,427.0584,0.0,2.43015,2.511246,0.971205,30,216,96,2,0.20383968,0.00163983,-0.01249836,0E-8,0.000000,0.906607,0.000000,0.01775797,2026-03-22,2026-08-06,108,3621,2443,138,0.782609,1.360932,1.287360,0.679466,,,,,,,,GLOBAL_BASELINE_NO_ENTITY_RANKING,,,NOT_APPLICABLE_GLOBAL_BASELINE,HF9g-P5,,,,X 全窗基线 · 不参与实体赏罚,14199118,1420,A168_HF9F_20260827_0900,2026-08-27 09:00:00
2026-06-05,57024343,1942,0,1076.5189682641,-656.6765706411,-656.6765706411,0.2500000,4,4,0.50329940000000000,0.503299400000,-1.013219660140378,-1.013219660140378,-1.013219660140378,0E-17,ELIGIBLE,R03b_20260811_FULL_v1,L1_ELIGIBILITY,v2026-08-11,2026-03-21..2026-08-06,baccarat_bet02_101_all_pairs_incl_sentinel,round_win = game_pnl > 0 (decisive only),COMPATIBILITY_ONLY_NOT_PRODUCTION,4059548.3812,3680416.6879,6656.9809,9707,9692,-0.00163983,0.01249836,-0.00525961,-0.00163983,-6656.9809,4059548.3812,OK,0.0000,266.2792,4.0000,96.0000,AG03-UNRESOLVED,ALL5_LEVELS_bet23_to_bet27,266.2792,266.2792,266.2792,0.0000,0.0000,4.000000,4.000000,4.000000,0.000000,0.000000,96.000000,96.000000,96.000000,100.000000,100.000000,5.0,798.8377,767.3102,5858.1432,5889.6706,PENDING_AG03,FALSE,NOT_FOR_ENFORCEMENT,6390.7016,3533200.0204,6656.9809,6390.7016,266.2792,0.00163983,0.00157424,266.2792,6390.7016,0.00157424,266.2792,266.2792,266.2792,0.0000,0.0000,6390.7016,0.00157424,798.8377,767.3102,5858.1432,5889.6706,0.00144305,0.00145082,0.00006559,418.2083,379.7376,0.6869,61.6387,1.8384,37588.4109,89.7407,538.3845,395.5999,218.4789,430.6076,432.5446,432.5446,1046.441,1081.3617,427.0584,0.0,2.43015,2.511246,0.971205,30,216,96,2,0.20383968,0.00163983,-0.01249836,0E-8,0.000000,0.906607,0.000000,0.01775797,2026-03-22,2026-08-06,108,3621,2443,138,0.782609,1.360932,1.287360,0.679466,,,,,,,,GLOBAL_BASELINE_NO_ENTITY_RANKING,,,NOT_APPLICABLE_GLOBAL_BASELINE,HF9g-P5,,,,X 全窗基线 · 不参与实体赏罚,14199119,1420,A168_HF9F_20260827_0900,2026-08-27 09:00:00
2026-06-05,57024343,2092,0,1722.4303492226,-43.0607587305,-43.0607587305,0.5000000,6,6,0.50441650000000000,0.504416500000,-0.02163718700157003,-0.02163718700157003,-0.02163718700157003,0E-17,ELIGIBLE,R03b_20260811_FULL_v1,L1_ELIGIBILITY,v2026-08-11,2026-03-21..2026-08-06,baccarat_bet02_101_all_pairs_incl_sentinel,round_win = game_pnl > 0 (decisive only),COMPATIBILITY_ONLY_NOT_PRODUCTION,4059548.3812,3680416.6879,6656.9809,9707,9692,-0.00163983,0.01249836,-0.00525961,-0.00163983,-6656.9809,4059548.3812,OK,0.0000,266.2792,4.0000,96.0000,AG03-UNRESOLVED,ALL5_LEVELS_bet23_to_bet27,266.2792,266.2792,266.2792,0.0000,0.0000,4.000000,4.000000,4.000000,0.000000,0.000000,96.000000,96.000000,96.000000,100.000000,100.000000,5.0,798.8377,767.3102,5858.1432,5889.6706,PENDING_AG03,FALSE,NOT_FOR_ENFORCEMENT,6390.7016,3533200.0204,6656.9809,6390.7016,266.2792,0.00163983,0.00157424,266.2792,6390.7016,0.00157424,266.2792,266.2792,266.2792,0.0000,0.0000,6390.7016,0.00157424,798.8377,767.3102,5858.1432,5889.6706,0.00144305,0.00145082,0.00006559,418.2083,379.7376,0.6869,61.6387,1.8384,37588.4109,89.7407,538.3845,395.5999,218.4789,430.6076,432.5446,432.5446,1046.441,1081.3617,427.0584,0.0,2.43015,2.511246,0.971205,30,216,96,2,0.20383968,0.00163983,-0.01249836,0E-8,0.000000,0.906607,0.000000,0.01775797,2026-03-22,2026-08-06,108,3621,2443,138,0.782609,1.360932,1.287360,0.679466,,,,,,,,GLOBAL_BASELINE_NO_ENTITY_RANKING,,,NOT_APPLICABLE_GLOBAL_BASELINE,HF9g-P5,,,,X 全窗基线 · 不参与实体赏罚,14199120,1420,A168_HF9F_20260827_0900,2026-08-27 09:00:00
2026-06-05,57024343,2129,0,1291.8227619168,-32.2955690478,-32.2955690478,0.5000000,6,6,0.50665070000000000,0.506650700000,-0.032584525537284574,-0.032584525537284574,-0.032584525537284574,0E-17,ELIGIBLE,R03b_20260811_FULL_v1,L1_ELIGIBILITY,v2026-08-11,2026-03-21..2026-08-06,baccarat_bet02_101_all_pairs_incl_sentinel,round_win = game_pnl > 0 (decisive only),COMPATIBILITY_ONLY_NOT_PRODUCTION,4059548.3812,3680416.6879,6656.9809,9707,9692,-0.00163983,0.01249836,-0.00525961,-0.00163983,-6656.9809,4059548.3812,OK,0.0000,266.2792,4.0000,96.0000,AG03-UNRESOLVED,ALL5_LEVELS_bet23_to_bet27,266.2792,266.2792,266.2792,0.0000,0.0000,4.000000,4.000000,4.000000,0.000000,0.000000,96.000000,96.000000,96.000000,100.000000,100.000000,5.0,798.8377,767.3102,5858.1432,5889.6706,PENDING_AG03,FALSE,NOT_FOR_ENFORCEMENT,6390.7016,3533200.0204,6656.9809,6390.7016,266.2792,0.00163983,0.00157424,266.2792,6390.7016,0.00157424,266.2792,266.2792,266.2792,0.0000,0.0000,6390.7016,0.00157424,798.8377,767.3102,5858.1432,5889.6706,0.00144305,0.00145082,0.00006559,418.2083,379.7376,0.6869,61.6387,1.8384,37588.4109,89.7407,538.3845,395.5999,218.4789,430.6076,432.5446,432.5446,1046.441,1081.3617,427.0584,0.0,2.43015,2.511246,0.971205,30,216,96,2,0.20383968,0.00163983,-0.01249836,0E-8,0.000000,0.906607,0.000000,0.01775797,2026-03-22,2026-08-06,108,3621,2443,138,0.782609,1.360932,1.287360,0.679466,,,,,,,,GLOBAL_BASELINE_NO_ENTITY_RANKING,,,NOT_APPLICABLE_GLOBAL_BASELINE,HF9g-P5,,,,X 全窗基线 · 不参与实体赏罚,14199121,1420,A168_HF9F_20260827_0900,2026-08-27 09:00:00
2026-06-05,57024343,2130,0,861.2151746112,193.7734142876,193.7734142876,0.6666667,4,4,0.50665070000000000,0.506650700000,0.5543606114942035,0.5543606114942035,0.5543606114942035,0E-17,ELIGIBLE,R03b_20260811_FULL_v1,L1_ELIGIBILITY,v2026-08-11,2026-03-21..2026-08-06,baccarat_bet02_101_all_pairs_incl_sentinel,round_win = game_pnl > 0 (decisive only),COMPATIBILITY_ONLY_NOT_PRODUCTION,4059548.3812,3680416.6879,6656.9809,9707,9692,-0.00163983,0.01249836,-0.00525961,-0.00163983,-6656.9809,4059548.3812,OK,0.0000,266.2792,4.0000,96.0000,AG03-UNRESOLVED,ALL5_LEVELS_bet23_to_bet27,266.2792,266.2792,266.2792,0.0000,0.0000,4.000000,4.000000,4.000000,0.000000,0.000000,96.000000,96.000000,96.000000,100.000000,100.000000,5.0,798.8377,767.3102,5858.1432,5889.6706,PENDING_AG03,FALSE,NOT_FOR_ENFORCEMENT,6390.7016,3533200.0204,6656.9809,6390.7016,266.2792,0.00163983,0.00157424,266.2792,6390.7016,0.00157424,266.2792,266.2792,266.2792,0.0000,0.0000,6390.7016,0.00157424,798.8377,767.3102,5858.1432,5889.6706,0.00144305,0.00145082,0.00006559,418.2083,379.7376,0.6869,61.6387,1.8384,37588.4109,89.7407,538.3845,395.5999,218.4789,430.6076,432.5446,432.5446,1046.441,1081.3617,427.0584,0.0,2.43015,2.511246,0.971205,30,216,96,2,0.20383968,0.00163983,-0.01249836,0E-8,0.000000,0.906607,0.000000,0.01775797,2026-03-22,2026-08-06,108,3621,2443,138,0.782609,1.360932,1.287360,0.679466,,,,,,,,GLOBAL_BASELINE_NO_ENTITY_RANKING,,,NOT_APPLICABLE_GLOBAL_BASELINE,HF9g-P5,,,,X 全窗基线 · 不参与实体赏罚,14199122,1420,A168_HF9F_20260827_0900,2026-08-27 09:00:00
2026-06-05,57024343,2141,0,1830.0822460488,721.2677087370,721.2677087370,0.6666667,9,9,0.50069283333333333,0.500692833333,0.9958439560465624,0.9958439560485615,0.9958439560465624,3.3333E-13,ELIGIBLE,R03b_20260811_FULL_v1,L1_ELIGIBILITY,v2026-08-11,2026-03-21..2026-08-06,baccarat_bet02_101_all_pairs_incl_sentinel,round_win = game_pnl > 0 (decisive only),COMPATIBILITY_ONLY_NOT_PRODUCTION,4059548.3812,3680416.6879,6656.9809,9707,9692,-0.00163983,0.01249836,-0.00525961,-0.00163983,-6656.9809,4059548.3812,OK,0.0000,266.2792,4.0000,96.0000,AG03-UNRESOLVED,ALL5_LEVELS_bet23_to_bet27,266.2792,266.2792,266.2792,0.0000,0.0000,4.000000,4.000000,4.000000,0.000000,0.000000,96.000000,96.000000,96.000000,100.000000,100.000000,5.0,798.8377,767.3102,5858.1432,5889.6706,PENDING_AG03,FALSE,NOT_FOR_ENFORCEMENT,6390.7016,3533200.0204,6656.9809,6390.7016,266.2792,0.00163983,0.00157424,266.2792,6390.7016,0.00157424,266.2792,266.2792,266.2792,0.0000,0.0000,6390.7016,0.00157424,798.8377,767.3102,5858.1432,5889.6706,0.00144305,0.00145082,0.00006559,418.2083,379.7376,0.6869,61.6387,1.8384,37588.4109,89.7407,538.3845,395.5999,218.4789,430.6076,432.5446,432.5446,1046.441,1081.3617,427.0584,0.0,2.43015,2.511246,0.971205,30,216,96,2,0.20383968,0.00163983,-0.01249836,0E-8,0.000000,0.906607,0.000000,0.01775797,2026-03-22,2026-08-06,108,3621,2443,138,0.782609,1.360932,1.287360,0.679466,,,,,,,,GLOBAL_BASELINE_NO_ENTITY_RANKING,,,NOT_APPLICABLE_GLOBAL_BASELINE,HF9g-P5,,,,X 全窗基线 · 不参与实体赏罚,14199123,1420,A168_HF9F_20260827_0900,2026-08-27 09:00:00
2026-06-05,57024343,2152,0,1076.5189682640,204.5386039702,204.5386039702,0.6666667,5,5,0.50128862000000000,0.501288620000,0.5728882611789564,0.5728882611789564,0.5728882611789564,0E-17,ELIGIBLE,R03b_20260811_FULL_v1,L1_ELIGIBILITY,v2026-08-11,2026-03-21..2026-08-06,baccarat_bet02_101_all_pairs_incl_sentinel,round_win = game_pnl > 0 (decisive only),COMPATIBILITY_ONLY_NOT_PRODUCTION,4059548.3812,3680416.6879,6656.9809,9707,9692,-0.00163983,0.01249836,-0.00525961,-0.00163983,-6656.9809,4059548.3812,OK,0.0000,266.2792,4.0000,96.0000,AG03-UNRESOLVED,ALL5_LEVELS_bet23_to_bet27,266.2792,266.2792,266.2792,0.0000,0.0000,4.000000,4.000000,4.000000,0.000000,0.000000,96.000000,96.000000,96.000000,100.000000,100.000000,5.0,798.8377,767.3102,5858.1432,5889.6706,PENDING_AG03,FALSE,NOT_FOR_ENFORCEMENT,6390.7016,3533200.0204,6656.9809,6390.7016,266.2792,0.00163983,0.00157424,266.2792,6390.7016,0.00157424,266.2792,266.2792,266.2792,0.0000,0.0000,6390.7016,0.00157424,798.8377,767.3102,5858.1432,5889.6706,0.00144305,0.00145082,0.00006559,418.2083,379.7376,0.6869,61.6387,1.8384,37588.4109,89.7407,538.3845,395.5999,218.4789,430.6076,432.5446,432.5446,1046.441,1081.3617,427.0584,0.0,2.43015,2.511246,0.971205,30,216,96,2,0.20383968,0.00163983,-0.01249836,0E-8,0.000000,0.906607,0.000000,0.01775797,2026-03-22,2026-08-06,108,3621,2443,138,0.782609,1.360932,1.287360,0.679466,,,,,,,,GLOBAL_BASELINE_NO_ENTITY_RANKING,,,NOT_APPLICABLE_GLOBAL_BASELINE,HF9g-P5,,,,X 全窗基线 · 不参与实体赏罚,14199124,1420,A168_HF9F_20260827_0900,2026-08-27 09:00:00
2026-06-05,57024343,2156,0,1184.1708650905,306.8079059553,306.8079059553,0.6666667,5,5,0.50396966000000000,0.503969660000,0.5636167270227992,0.5636167270227992,0.5636167270227992,0E-17,ELIGIBLE,R03b_20260811_FULL_v1,L1_ELIGIBILITY,v2026-08-11,2026-03-21..2026-08-06,baccarat_bet02_101_all_pairs_incl_sentinel,round_win = game_pnl > 0 (decisive only),COMPATIBILITY_ONLY_NOT_PRODUCTION,4059548.3812,3680416.6879,6656.9809,9707,9692,-0.00163983,0.01249836,-0.00525961,-0.00163983,-6656.9809,4059548.3812,OK,0.0000,266.2792,4.0000,96.0000,AG03-UNRESOLVED,ALL5_LEVELS_bet23_to_bet27,266.2792,266.2792,266.2792,0.0000,0.0000,4.000000,4.000000,4.000000,0.000000,0.000000,96.000000,96.000000,96.000000,100.000000,100.000000,5.0,798.8377,767.3102,5858.1432,5889.6706,PENDING_AG03,FALSE,NOT_FOR_ENFORCEMENT,6390.7016,3533200.0204,6656.9809,6390.7016,266.2792,0.00163983,0.00157424,266.2792,6390.7016,0.00157424,266.2792,266.2792,266.2792,0.0000,0.0000,6390.7016,0.00157424,798.8377,767.3102,5858.1432,5889.6706,0.00144305,0.00145082,0.00006559,418.2083,379.7376,0.6869,61.6387,1.8384,37588.4109,89.7407,538.3845,395.5999,218.4789,430.6076,432.5446,432.5446,1046.441,1081.3617,427.0584,0.0,2.43015,2.511246,0.971205,30,216,96,2,0.20383968,0.00163983,-0.01249836,0E-8,0.000000,0.906607,0.000000,0.01775797,2026-03-22,2026-08-06,108,3621,2443,138,0.782609,1.360932,1.287360,0.679466,,,,,,,,GLOBAL_BASELINE_NO_ENTITY_RANKING,,,NOT_APPLICABLE_GLOBAL_BASELINE,HF9g-P5,,,,X 全窗基线 · 不参与实体赏罚,14199125,1420,A168_HF9F_20260827_0900,2026-08-27 09:00:00
2026-06-05,57024343,2167,0,1076.5189682640,-645.9113809584,-645.9113809584,0.2000000,5,5,0.50128862000000000,0.501288620000,-1.347408145195933,-1.347408145195933,-1.347408145195933,0E-17,ELIGIBLE,R03b_20260811_FULL_v1,L1_ELIGIBILITY,v2026-08-11,2026-03-21..2026-08-06,baccarat_bet02_101_all_pairs_incl_sentinel,round_win = game_pnl > 0 (decisive only),COMPATIBILITY_ONLY_NOT_PRODUCTION,4059548.3812,3680416.6879,6656.9809,9707,9692,-0.00163983,0.01249836,-0.00525961,-0.00163983,-6656.9809,4059548.3812,OK,0.0000,266.2792,4.0000,96.0000,AG03-UNRESOLVED,ALL5_LEVELS_bet23_to_bet27,266.2792,266.2792,266.2792,0.0000,0.0000,4.000000,4.000000,4.000000,0.000000,0.000000,96.000000,96.000000,96.000000,100.000000,100.000000,5.0,798.8377,767.3102,5858.1432,5889.6706,PENDING_AG03,FALSE,NOT_FOR_ENFORCEMENT,6390.7016,3533200.0204,6656.9809,6390.7016,266.2792,0.00163983,0.00157424,266.2792,6390.7016,0.00157424,266.2792,266.2792,266.2792,0.0000,0.0000,6390.7016,0.00157424,798.8377,767.3102,5858.1432,5889.6706,0.00144305,0.00145082,0.00006559,418.2083,379.7376,0.6869,61.6387,1.8384,37588.4109,89.7407,538.3845,395.5999,218.4789,430.6076,432.5446,432.5446,1046.441,1081.3617,427.0584,0.0,2.43015,2.511246,0.971205,30,216,96,2,0.20383968,0.00163983,-0.01249836,0E-8,0.000000,0.906607,0.000000,0.01775797,2026-03-22,2026-08-06,108,3621,2443,138,0.782609,1.360932,1.287360,0.679466,,,,,,,,GLOBAL_BASELINE_NO_ENTITY_RANKING,,,NOT_APPLICABLE_GLOBAL_BASELINE,HF9g-P5,,,,X 全窗基线 · 不参与实体赏罚,14199126,1420,A168_HF9F_20260827_0900,2026-08-27 09:00:00
2026-06-05,57024343,2170,0,2153.0379365282,-37.6781638891,-37.6781638891,0.4000000,8,7,0.50633152857142862,0.505693185714,-0.4755671829191055,-0.47270493999205926,-0.4755671829191055,0.00063834285742862,ELIGIBLE,R03b_20260811_FULL_v1,L1_ELIGIBILITY,v2026-08-11,2026-03-21..2026-08-06,baccarat_bet02_101_all_pairs_incl_sentinel,round_win = game_pnl > 0 (decisive only),COMPATIBILITY_ONLY_NOT_PRODUCTION,4059548.3812,3680416.6879,6656.9809,9707,9692,-0.00163983,0.01249836,-0.00525961,-0.00163983,-6656.9809,4059548.3812,OK,0.0000,266.2792,4.0000,96.0000,AG03-UNRESOLVED,ALL5_LEVELS_bet23_to_bet27,266.2792,266.2792,266.2792,0.0000,0.0000,4.000000,4.000000,4.000000,0.000000,0.000000,96.000000,96.000000,96.000000,100.000000,100.000000,5.0,798.8377,767.3102,5858.1432,5889.6706,PENDING_AG03,FALSE,NOT_FOR_ENFORCEMENT,6390.7016,3533200.0204,6656.9809,6390.7016,266.2792,0.00163983,0.00157424,266.2792,6390.7016,0.00157424,266.2792,266.2792,266.2792,0.0000,0.0000,6390.7016,0.00157424,798.8377,767.3102,5858.1432,5889.6706,0.00144305,0.00145082,0.00006559,418.2083,379.7376,0.6869,61.6387,1.8384,37588.4109,89.7407,538.3845,395.5999,218.4789,430.6076,432.5446,432.5446,1046.441,1081.3617,427.0584,0.0,2.43015,2.511246,0.971205,30,216,96,2,0.20383968,0.00163983,-0.01249836,0E-8,0.000000,0.906607,0.000000,0.01775797,2026-03-22,2026-08-06,108,3621,2443,138,0.782609,1.360932,1.287360,0.679466,,,,,,,,GLOBAL_BASELINE_NO_ENTITY_RANKING,,,NOT_APPLICABLE_GLOBAL_BASELINE,HF9g-P5,,,,X 全窗基线 · 不参与实体赏罚,14199127,1420,A168_HF9F_20260827_0900,2026-08-27 09:00:00
2026-06-05,57024343,2174,0,1507.1265555696,-21.5303793652,-21.5303793652,0.5000000,7,7,0.50282064285714286,0.502820642857,-0.013818491375558404,-0.0138184913748585,-0.013818491375558404,1.4286E-13,ELIGIBLE,R03b_20260811_FULL_v1,L1_ELIGIBILITY,v2026-08-11,2026-03-21..2026-08-06,baccarat_bet02_101_all_pairs_incl_sentinel,round_win = game_pnl > 0 (decisive only),COMPATIBILITY_ONLY_NOT_PRODUCTION,4059548.3812,3680416.6879,6656.9809,9707,9692,-0.00163983,0.01249836,-0.00525961,-0.00163983,-6656.9809,4059548.3812,OK,0.0000,266.2792,4.0000,96.0000,AG03-UNRESOLVED,ALL5_LEVELS_bet23_to_bet27,266.2792,266.2792,266.2792,0.0000,0.0000,4.000000,4.000000,4.000000,0.000000,0.000000,96.000000,96.000000,96.000000,100.000000,100.000000,5.0,798.8377,767.3102,5858.1432,5889.6706,PENDING_AG03,FALSE,NOT_FOR_ENFORCEMENT,6390.7016,3533200.0204,6656.9809,6390.7016,266.2792,0.00163983,0.00157424,266.2792,6390.7016,0.00157424,266.2792,266.2792,266.2792,0.0000,0.0000,6390.7016,0.00157424,798.8377,767.3102,5858.1432,5889.6706,0.00144305,0.00145082,0.00006559,418.2083,379.7376,0.6869,61.6387,1.8384,37588.4109,89.7407,538.3845,395.5999,218.4789,430.6076,432.5446,432.5446,1046.441,1081.3617,427.0584,0.0,2.43015,2.511246,0.971205,30,216,96,2,0.20383968,0.00163983,-0.01249836,0E-8,0.000000,0.906607,0.000000,0.01775797,2026-03-22,2026-08-06,108,3621,2443,138,0.782609,1.360932,1.287360,0.679466,,,,,,,,GLOBAL_BASELINE_NO_ENTITY_RANKING,,,NOT_APPLICABLE_GLOBAL_BASELINE,HF9g-P5,,,,X 全窗基线 · 不参与实体赏罚,14199128,1420,A168_HF9F_20260827_0900,2026-08-27 09:00:00
2026-06-05,57024343,2177,0,1507.1265555696,-667.4417603236,-667.4417603236,0.2857143,7,7,0.50665070000000000,0.506650700000,-1.169189050789051,-1.169189050789051,-1.169189050789051,0E-17,ELIGIBLE,R03b_20260811_FULL_v1,L1_ELIGIBILITY,v2026-08-11,2026-03-21..2026-08-06,baccarat_bet02_101_all_pairs_incl_sentinel,round_win = game_pnl > 0 (decisive only),COMPATIBILITY_ONLY_NOT_PRODUCTION,4059548.3812,3680416.6879,6656.9809,9707,9692,-0.00163983,0.01249836,-0.00525961,-0.00163983,-6656.9809,4059548.3812,OK,0.0000,266.2792,4.0000,96.0000,AG03-UNRESOLVED,ALL5_LEVELS_bet23_to_bet27,266.2792,266.2792,266.2792,0.0000,0.0000,4.000000,4.000000,4.000000,0.000000,0.000000,96.000000,96.000000,96.000000,100.000000,100.000000,5.0,798.8377,767.3102,5858.1432,5889.6706,PENDING_AG03,FALSE,NOT_FOR_ENFORCEMENT,6390.7016,3533200.0204,6656.9809,6390.7016,266.2792,0.00163983,0.00157424,266.2792,6390.7016,0.00157424,266.2792,266.2792,266.2792,0.0000,0.0000,6390.7016,0.00157424,798.8377,767.3102,5858.1432,5889.6706,0.00144305,0.00145082,0.00006559,418.2083,379.7376,0.6869,61.6387,1.8384,37588.4109,89.7407,538.3845,395.5999,218.4789,430.6076,432.5446,432.5446,1046.441,1081.3617,427.0584,0.0,2.43015,2.511246,0.971205,30,216,96,2,0.20383968,0.00163983,-0.01249836,0E-8,0.000000,0.906607,0.000000,0.01775797,2026-03-22,2026-08-06,108,3621,2443,138,0.782609,1.360932,1.287360,0.679466,,,,,,,,GLOBAL_BASELINE_NO_ENTITY_RANKING,,,NOT_APPLICABLE_GLOBAL_BASELINE,HF9g-P5,,,,X 全窗基线 · 不参与实体赏罚,14199129,1420,A168_HF9F_20260827_0900,2026-08-27 09:00:00
2026-06-05,57024343,2222,0,215.3037936528,204.5386039702,204.5386039702,1.0000000,1,1,0.50665070000000000,0.506650700000,0.9867858985152569,0.9867858985152569,0.9867858985152569,0E-17,ELIGIBLE,R03b_20260811_FULL_v1,L1_ELIGIBILITY,v2026-08-11,2026-03-21..2026-08-06,baccarat_bet02_101_all_pairs_incl_sentinel,round_win = game_pnl > 0 (decisive only),COMPATIBILITY_ONLY_NOT_PRODUCTION,4059548.3812,3680416.6879,6656.9809,9707,9692,-0.00163983,0.01249836,-0.00525961,-0.00163983,-6656.9809,4059548.3812,OK,0.0000,266.2792,4.0000,96.0000,AG03-UNRESOLVED,ALL5_LEVELS_bet23_to_bet27,266.2792,266.2792,266.2792,0.0000,0.0000,4.000000,4.000000,4.000000,0.000000,0.000000,96.000000,96.000000,96.000000,100.000000,100.000000,5.0,798.8377,767.3102,5858.1432,5889.6706,PENDING_AG03,FALSE,NOT_FOR_ENFORCEMENT,6390.7016,3533200.0204,6656.9809,6390.7016,266.2792,0.00163983,0.00157424,266.2792,6390.7016,0.00157424,266.2792,266.2792,266.2792,0.0000,0.0000,6390.7016,0.00157424,798.8377,767.3102,5858.1432,5889.6706,0.00144305,0.00145082,0.00006559,418.2083,379.7376,0.6869,61.6387,1.8384,37588.4109,89.7407,538.3845,395.5999,218.4789,430.6076,432.5446,432.5446,1046.441,1081.3617,427.0584,0.0,2.43015,2.511246,0.971205,30,216,96,2,0.20383968,0.00163983,-0.01249836,0E-8,0.000000,0.906607,0.000000,0.01775797,2026-03-22,2026-08-06,108,3621,2443,138,0.782609,1.360932,1.287360,0.679466,,,,,,,,GLOBAL_BASELINE_NO_ENTITY_RANKING,,,NOT_APPLICABLE_GLOBAL_BASELINE,HF9g-P5,,,,X 全窗基线 · 不参与实体赏罚,14199130,1420,A168_HF9F_20260827_0900,2026-08-27 09:00:00
2026-06-05,57024343,2266,0,2260.6898333545,-355.2512595271,-355.2512595271,0.4444444,10,10,0.50531018000000000,0.505310180000,-0.3652150105883852,-0.3652150105883852,-0.3652150105883852,0E-17,ELIGIBLE,R03b_20260811_FULL_v1,L1_ELIGIBILITY,v2026-08-11,2026-03-21..2026-08-06,baccarat_bet02_101_all_pairs_incl_sentinel,round_win = game_pnl > 0 (decisive only),COMPATIBILITY_ONLY_NOT_PRODUCTION,4059548.3812,3680416.6879,6656.9809,9707,9692,-0.00163983,0.01249836,-0.00525961,-0.00163983,-6656.9809,4059548.3812,OK,0.0000,266.2792,4.0000,96.0000,AG03-UNRESOLVED,ALL5_LEVELS_bet23_to_bet27,266.2792,266.2792,266.2792,0.0000,0.0000,4.000000,4.000000,4.000000,0.000000,0.000000,96.000000,96.000000,96.000000,100.000000,100.000000,5.0,798.8377,767.3102,5858.1432,5889.6706,PENDING_AG03,FALSE,NOT_FOR_ENFORCEMENT,6390.7016,3533200.0204,6656.9809,6390.7016,266.2792,0.00163983,0.00157424,266.2792,6390.7016,0.00157424,266.2792,266.2792,266.2792,0.0000,0.0000,6390.7016,0.00157424,798.8377,767.3102,5858.1432,5889.6706,0.00144305,0.00145082,0.00006559,418.2083,379.7376,0.6869,61.6387,1.8384,37588.4109,89.7407,538.3845,395.5999,218.4789,430.6076,432.5446,432.5446,1046.441,1081.3617,427.0584,0.0,2.43015,2.511246,0.971205,30,216,96,2,0.20383968,0.00163983,-0.01249836,0E-8,0.000000,0.906607,0.000000,0.01775797,2026-03-22,2026-08-06,108,3621,2443,138,0.782609,1.360932,1.287360,0.679466,,,,,,,,GLOBAL_BASELINE_NO_ENTITY_RANKING,,,NOT_APPLICABLE_GLOBAL_BASELINE,HF9g-P5,,,,X 全窗基线 · 不参与实体赏罚,14199131,1420,A168_HF9F_20260827_0900,2026-08-27 09:00:00
2026-06-05,57024343,2276,0,645.9113809584,-430.6075873056,-430.6075873056,0E-7,3,3,0.50665070000000000,0.506650700000,-1.4331513700195317,-1.4331513700195317,-1.4331513700195317,0E-17,ELIGIBLE,R03b_20260811_FULL_v1,L1_ELIGIBILITY,v2026-08-11,2026-03-21..2026-08-06,baccarat_bet02_101_all_pairs_incl_sentinel,round_win = game_pnl > 0 (decisive only),COMPATIBILITY_ONLY_NOT_PRODUCTION,4059548.3812,3680416.6879,6656.9809,9707,9692,-0.00163983,0.01249836,-0.00525961,-0.00163983,-6656.9809,4059548.3812,OK,0.0000,266.2792,4.0000,96.0000,AG03-UNRESOLVED,ALL5_LEVELS_bet23_to_bet27,266.2792,266.2792,266.2792,0.0000,0.0000,4.000000,4.000000,4.000000,0.000000,0.000000,96.000000,96.000000,96.000000,100.000000,100.000000,5.0,798.8377,767.3102,5858.1432,5889.6706,PENDING_AG03,FALSE,NOT_FOR_ENFORCEMENT,6390.7016,3533200.0204,6656.9809,6390.7016,266.2792,0.00163983,0.00157424,266.2792,6390.7016,0.00157424,266.2792,266.2792,266.2792,0.0000,0.0000,6390.7016,0.00157424,798.8377,767.3102,5858.1432,5889.6706,0.00144305,0.00145082,0.00006559,418.2083,379.7376,0.6869,61.6387,1.8384,37588.4109,89.7407,538.3845,395.5999,218.4789,430.6076,432.5446,432.5446,1046.441,1081.3617,427.0584,0.0,2.43015,2.511246,0.971205,30,216,96,2,0.20383968,0.00163983,-0.01249836,0E-8,0.000000,0.906607,0.000000,0.01775797,2026-03-22,2026-08-06,108,3621,2443,138,0.782609,1.360932,1.287360,0.679466,,,,,,,,GLOBAL_BASELINE_NO_ENTITY_RANKING,,,NOT_APPLICABLE_GLOBAL_BASELINE,HF9g-P5,,,,X 全窗基线 · 不参与实体赏罚,14199132,1420,A168_HF9F_20260827_0900,2026-08-27 09:00:00
2026-06-05,57024343,2278,0,1399.4746587433,-322.9556904793,-322.9556904793,0.3333333,6,6,0.50441650000000000,0.504416500000,-0.5926725951415955,-0.5926725951415955,-0.5926725951415955,0E-17,ELIGIBLE,R03b_20260811_FULL_v1,L1_ELIGIBILITY,v2026-08-11,2026-03-21..2026-08-06,baccarat_bet02_101_all_pairs_incl_sentinel,round_win = game_pnl > 0 (decisive only),COMPATIBILITY_ONLY_NOT_PRODUCTION,4059548.3812,3680416.6879,6656.9809,9707,9692,-0.00163983,0.01249836,-0.00525961,-0.00163983,-6656.9809,4059548.3812,OK,0.0000,266.2792,4.0000,96.0000,AG03-UNRESOLVED,ALL5_LEVELS_bet23_to_bet27,266.2792,266.2792,266.2792,0.0000,0.0000,4.000000,4.000000,4.000000,0.000000,0.000000,96.000000,96.000000,96.000000,100.000000,100.000000,5.0,798.8377,767.3102,5858.1432,5889.6706,PENDING_AG03,FALSE,NOT_FOR_ENFORCEMENT,6390.7016,3533200.0204,6656.9809,6390.7016,266.2792,0.00163983,0.00157424,266.2792,6390.7016,0.00157424,266.2792,266.2792,266.2792,0.0000,0.0000,6390.7016,0.00157424,798.8377,767.3102,5858.1432,5889.6706,0.00144305,0.00145082,0.00006559,418.2083,379.7376,0.6869,61.6387,1.8384,37588.4109,89.7407,538.3845,395.5999,218.4789,430.6076,432.5446,432.5446,1046.441,1081.3617,427.0584,0.0,2.43015,2.511246,0.971205,30,216,96,2,0.20383968,0.00163983,-0.01249836,0E-8,0.000000,0.906607,0.000000,0.01775797,2026-03-22,2026-08-06,108,3621,2443,138,0.782609,1.360932,1.287360,0.679466,,,,,,,,GLOBAL_BASELINE_NO_ENTITY_RANKING,,,NOT_APPLICABLE_GLOBAL_BASELINE,HF9g-P5,,,,X 全窗基线 · 不参与实体赏罚,14199133,1420,A168_HF9F_20260827_0900,2026-08-27 09:00:00
2026-06-05,57024343,2280,0,1076.5189682640,193.7734142876,193.7734142876,0.6666667,5,5,0.50665070000000000,0.506650700000,0.5543606114942035,0.5543606114942035,0.5543606114942035,0E-17,ELIGIBLE,R03b_20260811_FULL_v1,L1_ELIGIBILITY,v2026-08-11,2026-03-21..2026-08-06,baccarat_bet02_101_all_pairs_incl_sentinel,round_win = game_pnl > 0 (decisive only),COMPATIBILITY_ONLY_NOT_PRODUCTION,4059548.3812,3680416.6879,6656.9809,9707,9692,-0.00163983,0.01249836,-0.00525961,-0.00163983,-6656.9809,4059548.3812,OK,0.0000,266.2792,4.0000,96.0000,AG03-UNRESOLVED,ALL5_LEVELS_bet23_to_bet27,266.2792,266.2792,266.2792,0.0000,0.0000,4.000000,4.000000,4.000000,0.000000,0.000000,96.000000,96.000000,96.000000,100.000000,100.000000,5.0,798.8377,767.3102,5858.1432,5889.6706,PENDING_AG03,FALSE,NOT_FOR_ENFORCEMENT,6390.7016,3533200.0204,6656.9809,6390.7016,266.2792,0.00163983,0.00157424,266.2792,6390.7016,0.00157424,266.2792,266.2792,266.2792,0.0000,0.0000,6390.7016,0.00157424,798.8377,767.3102,5858.1432,5889.6706,0.00144305,0.00145082,0.00006559,418.2083,379.7376,0.6869,61.6387,1.8384,37588.4109,89.7407,538.3845,395.5999,218.4789,430.6076,432.5446,432.5446,1046.441,1081.3617,427.0584,0.0,2.43015,2.511246,0.971205,30,216,96,2,0.20383968,0.00163983,-0.01249836,0E-8,0.000000,0.906607,0.000000,0.01775797,2026-03-22,2026-08-06,108,3621,2443,138,0.782609,1.360932,1.287360,0.679466,,,,,,,,GLOBAL_BASELINE_NO_ENTITY_RANKING,,,NOT_APPLICABLE_GLOBAL_BASELINE,HF9g-P5,,,,X 全窗基线 · 不参与实体赏罚,14199134,1420,A168_HF9F_20260827_0900,2026-08-27 09:00:00
2026-06-05,57024343,471,0,1291.8227619168,183.0082246050,183.0082246050,0.6000000,6,6,0.50665070000000000,0.506650700000,0.4175076967804994,0.4175076967804994,0.4175076967804994,0E-17,ELIGIBLE,R03b_20260811_FULL_v1,L1_ELIGIBILITY,v2026-08-11,2026-03-21..2026-08-06,baccarat_bet02_101_all_pairs_incl_sentinel,round_win = game_pnl > 0 (decisive only),COMPATIBILITY_ONLY_NOT_PRODUCTION,4059548.3812,3680416.6879,6656.9809,9707,9692,-0.00163983,0.01249836,-0.00525961,-0.00163983,-6656.9809,4059548.3812,OK,0.0000,266.2792,4.0000,96.0000,AG03-UNRESOLVED,ALL5_LEVELS_bet23_to_bet27,266.2792,266.2792,266.2792,0.0000,0.0000,4.000000,4.000000,4.000000,0.000000,0.000000,96.000000,96.000000,96.000000,100.000000,100.000000,5.0,798.8377,767.3102,5858.1432,5889.6706,PENDING_AG03,FALSE,NOT_FOR_ENFORCEMENT,6390.7016,3533200.0204,6656.9809,6390.7016,266.2792,0.00163983,0.00157424,266.2792,6390.7016,0.00157424,266.2792,266.2792,266.2792,0.0000,0.0000,6390.7016,0.00157424,798.8377,767.3102,5858.1432,5889.6706,0.00144305,0.00145082,0.00006559,418.2083,379.7376,0.6869,61.6387,1.8384,37588.4109,89.7407,538.3845,395.5999,218.4789,430.6076,432.5446,432.5446,1046.441,1081.3617,427.0584,0.0,2.43015,2.511246,0.971205,30,216,96,2,0.20383968,0.00163983,-0.01249836,0E-8,0.000000,0.906607,0.000000,0.01775797,2026-03-22,2026-08-06,108,3621,2443,138,0.782609,1.360932,1.287360,0.679466,,,,,,,,GLOBAL_BASELINE_NO_ENTITY_RANKING,,,NOT_APPLICABLE_GLOBAL_BASELINE,HF9g-P5,,,,X 全窗基线 · 不参与实体赏罚,14199135,1420,A168_HF9F_20260827_0900,2026-08-27 09:00:00
2026-06-05,57024343,583,0,645.9113809584,215.3037936528,215.3037936528,1.0000000,3,3,0.50218230000000000,0.502182300000,0.99564488342984,0.99564488342984,0.99564488342984,0E-17,ELIGIBLE,R03b_20260811_FULL_v1,L1_ELIGIBILITY,v2026-08-11,2026-03-21..2026-08-06,baccarat_bet02_101_all_pairs_incl_sentinel,round_win = game_pnl > 0 (decisive only),COMPATIBILITY_ONLY_NOT_PRODUCTION,4059548.3812,3680416.6879,6656.9809,9707,9692,-0.00163983,0.01249836,-0.00525961,-0.00163983,-6656.9809,4059548.3812,OK,0.0000,266.2792,4.0000,96.0000,AG03-UNRESOLVED,ALL5_LEVELS_bet23_to_bet27,266.2792,266.2792,266.2792,0.0000,0.0000,4.000000,4.000000,4.000000,0.000000,0.000000,96.000000,96.000000,96.000000,100.000000,100.000000,5.0,798.8377,767.3102,5858.1432,5889.6706,PENDING_AG03,FALSE,NOT_FOR_ENFORCEMENT,6390.7016,3533200.0204,6656.9809,6390.7016,266.2792,0.00163983,0.00157424,266.2792,6390.7016,0.00157424,266.2792,266.2792,266.2792,0.0000,0.0000,6390.7016,0.00157424,798.8377,767.3102,5858.1432,5889.6706,0.00144305,0.00145082,0.00006559,418.2083,379.7376,0.6869,61.6387,1.8384,37588.4109,89.7407,538.3845,395.5999,218.4789,430.6076,432.5446,432.5446,1046.441,1081.3617,427.0584,0.0,2.43015,2.511246,0.971205,30,216,96,2,0.20383968,0.00163983,-0.01249836,0E-8,0.000000,0.906607,0.000000,0.01775797,2026-03-22,2026-08-06,108,3621,2443,138,0.782609,1.360932,1.287360,0.679466,,,,,,,,GLOBAL_BASELINE_NO_ENTITY_RANKING,,,NOT_APPLICABLE_GLOBAL_BASELINE,HF9g-P5,,,,X 全窗基线 · 不参与实体赏罚,14199136,1420,A168_HF9F_20260827_0900,2026-08-27 09:00:00
2026-06-05,57024343,986,0,1722.4303492225,-462.9031563535,-462.9031563535,0.4285714,7,7,0.50473567142857143,0.504735671429,-0.403041368878626,-0.40304136888089725,-0.403041368878626,-4.2857E-13,ELIGIBLE,R03b_20260811_FULL_v1,L1_ELIGIBILITY,v2026-08-11,2026-03-21..2026-08-06,baccarat_bet02_101_all_pairs_incl_sentinel,round_win = game_pnl > 0 (decisive only),COMPATIBILITY_ONLY_NOT_PRODUCTION,4059548.3812,3680416.6879,6656.9809,9707,9692,-0.00163983,0.01249836,-0.00525961,-0.00163983,-6656.9809,4059548.3812,OK,0.0000,266.2792,4.0000,96.0000,AG03-UNRESOLVED,ALL5_LEVELS_bet23_to_bet27,266.2792,266.2792,266.2792,0.0000,0.0000,4.000000,4.000000,4.000000,0.000000,0.000000,96.000000,96.000000,96.000000,100.000000,100.000000,5.0,798.8377,767.3102,5858.1432,5889.6706,PENDING_AG03,FALSE,NOT_FOR_ENFORCEMENT,6390.7016,3533200.0204,6656.9809,6390.7016,266.2792,0.00163983,0.00157424,266.2792,6390.7016,0.00157424,266.2792,266.2792,266.2792,0.0000,0.0000,6390.7016,0.00157424,798.8377,767.3102,5858.1432,5889.6706,0.00144305,0.00145082,0.00006559,418.2083,379.7376,0.6869,61.6387,1.8384,37588.4109,89.7407,538.3845,395.5999,218.4789,430.6076,432.5446,432.5446,1046.441,1081.3617,427.0584,0.0,2.43015,2.511246,0.971205,30,216,96,2,0.20383968,0.00163983,-0.01249836,0E-8,0.000000,0.906607,0.000000,0.01775797,2026-03-22,2026-08-06,108,3621,2443,138,0.782609,1.360932,1.287360,0.679466,,,,,,,,GLOBAL_BASELINE_NO_ENTITY_RANKING,,,NOT_APPLICABLE_GLOBAL_BASELINE,HF9g-P5,,,,X 全窗基线 · 不参与实体赏罚,14199137,1420,A168_HF9F_20260827_0900,2026-08-27 09:00:00
2026-06-06,57024343,-1,1,5382.5948413204,1157.2578908841,1157.2578908841,0.6666667,22,22,0.50421339090909091,0.504213390909,1.3785107003104042,1.3785107003111734,1.3785107003104042,9.091E-14,SENTINEL_DEALER,R03b_20260811_FULL_v1,L1_ELIGIBILITY,v2026-08-11,2026-03-21..2026-08-06,baccarat_bet02_101_all_pairs_incl_sentinel,round_win = game_pnl > 0 (decisive only),COMPATIBILITY_ONLY_NOT_PRODUCTION,4059548.3812,3680416.6879,6656.9809,9707,9692,-0.00163983,0.01249836,-0.00525961,-0.00163983,-6656.9809,4059548.3812,OK,0.0000,266.2792,4.0000,96.0000,AG03-UNRESOLVED,ALL5_LEVELS_bet23_to_bet27,266.2792,266.2792,266.2792,0.0000,0.0000,4.000000,4.000000,4.000000,0.000000,0.000000,96.000000,96.000000,96.000000,100.000000,100.000000,5.0,798.8377,767.3102,5858.1432,5889.6706,PENDING_AG03,FALSE,NOT_FOR_ENFORCEMENT,6390.7016,3533200.0204,6656.9809,6390.7016,266.2792,0.00163983,0.00157424,266.2792,6390.7016,0.00157424,266.2792,266.2792,266.2792,0.0000,0.0000,6390.7016,0.00157424,798.8377,767.3102,5858.1432,5889.6706,0.00144305,0.00145082,0.00006559,418.2083,379.7376,0.6869,61.6387,1.8384,37588.4109,89.7407,538.3845,395.5999,218.4789,430.6076,432.5446,432.5446,1046.441,1081.3617,427.0584,0.0,2.43015,2.511246,0.971205,30,216,96,2,0.20383968,0.00163983,-0.01249836,0E-8,0.000000,0.906607,0.000000,0.01775797,2026-03-22,2026-08-06,108,3621,2443,138,0.782609,1.360932,1.287360,0.679466,,,,,,,,GLOBAL_BASELINE_NO_ENTITY_RANKING,,,NOT_APPLICABLE_GLOBAL_BASELINE,HF9g-P5,,,,X 全窗基线 · 不参与实体赏罚,14199138,1420,A168_HF9F_20260827_0900,2026-08-27 09:00:00
2026-06-06,57024343,1115,0,215.3037936528,-215.3037936528,-215.3037936528,0E-7,1,1,0.50665070000000000,0.506650700000,-1.013391052207602,-1.013391052207602,-1.013391052207602,0E-17,ELIGIBLE,R03b_20260811_FULL_v1,L1_ELIGIBILITY,v2026-08-11,2026-03-21..2026-08-06,baccarat_bet02_101_all_pairs_incl_sentinel,round_win = game_pnl > 0 (decisive only),COMPATIBILITY_ONLY_NOT_PRODUCTION,4059548.3812,3680416.6879,6656.9809,9707,9692,-0.00163983,0.01249836,-0.00525961,-0.00163983,-6656.9809,4059548.3812,OK,0.0000,266.2792,4.0000,96.0000,AG03-UNRESOLVED,ALL5_LEVELS_bet23_to_bet27,266.2792,266.2792,266.2792,0.0000,0.0000,4.000000,4.000000,4.000000,0.000000,0.000000,96.000000,96.000000,96.000000,100.000000,100.000000,5.0,798.8377,767.3102,5858.1432,5889.6706,PENDING_AG03,FALSE,NOT_FOR_ENFORCEMENT,6390.7016,3533200.0204,6656.9809,6390.7016,266.2792,0.00163983,0.00157424,266.2792,6390.7016,0.00157424,266.2792,266.2792,266.2792,0.0000,0.0000,6390.7016,0.00157424,798.8377,767.3102,5858.1432,5889.6706,0.00144305,0.00145082,0.00006559,418.2083,379.7376,0.6869,61.6387,1.8384,37588.4109,89.7407,538.3845,395.5999,218.4789,430.6076,432.5446,432.5446,1046.441,1081.3617,427.0584,0.0,2.43015,2.511246,0.971205,30,216,96,2,0.20383968,0.00163983,-0.01249836,0E-8,0.000000,0.906607,0.000000,0.01775797,2026-03-22,2026-08-06,108,3621,2443,138,0.782609,1.360932,1.287360,0.679466,,,,,,,,GLOBAL_BASELINE_NO_ENTITY_RANKING,,,NOT_APPLICABLE_GLOBAL_BASELINE,HF9g-P5,,,,X 全窗基线 · 不参与实体赏罚,14199139,1420,A168_HF9F_20260827_0900,2026-08-27 09:00:00
2026-06-06,57024343,1318,0,3337.2088016186,247.5993627009,247.5993627009,0.5384615,14,14,0.50569318571428571,0.505693185714,0.2363112713956651,0.23631127139772398,0.2363112713956651,2.8571E-13,ELIGIBLE,R03b_20260811_FULL_v1,L1_ELIGIBILITY,v2026-08-11,2026-03-21..2026-08-06,baccarat_bet02_101_all_pairs_incl_sentinel,round_win = game_pnl > 0 (decisive only),COMPATIBILITY_ONLY_NOT_PRODUCTION,4059548.3812,3680416.6879,6656.9809,9707,9692,-0.00163983,0.01249836,-0.00525961,-0.00163983,-6656.9809,4059548.3812,OK,0.0000,266.2792,4.0000,96.0000,AG03-UNRESOLVED,ALL5_LEVELS_bet23_to_bet27,266.2792,266.2792,266.2792,0.0000,0.0000,4.000000,4.000000,4.000000,0.000000,0.000000,96.000000,96.000000,96.000000,100.000000,100.000000,5.0,798.8377,767.3102,5858.1432,5889.6706,PENDING_AG03,FALSE,NOT_FOR_ENFORCEMENT,6390.7016,3533200.0204,6656.9809,6390.7016,266.2792,0.00163983,0.00157424,266.2792,6390.7016,0.00157424,266.2792,266.2792,266.2792,0.0000,0.0000,6390.7016,0.00157424,798.8377,767.3102,5858.1432,5889.6706,0.00144305,0.00145082,0.00006559,418.2083,379.7376,0.6869,61.6387,1.8384,37588.4109,89.7407,538.3845,395.5999,218.4789,430.6076,432.5446,432.5446,1046.441,1081.3617,427.0584,0.0,2.43015,2.511246,0.971205,30,216,96,2,0.20383968,0.00163983,-0.01249836,0E-8,0.000000,0.906607,0.000000,0.01775797,2026-03-22,2026-08-06,108,3621,2443,138,0.782609,1.360932,1.287360,0.679466,,,,,,,,GLOBAL_BASELINE_NO_ENTITY_RANKING,,,NOT_APPLICABLE_GLOBAL_BASELINE,HF9g-P5,,,,X 全窗基线 · 不参与实体赏罚,14199140,1420,A168_HF9F_20260827_0900,2026-08-27 09:00:00
2026-06-06,57024343,1323,0,430.6075873056,-430.6075873056,-430.6075873056,0E-7,2,2,0.50665070000000000,0.506650700000,-1.4331513700195317,-1.4331513700195317,-1.4331513700195317,0E-17,ELIGIBLE,R03b_20260811_FULL_v1,L1_ELIGIBILITY,v2026-08-11,2026-03-21..2026-08-06,baccarat_bet02_101_all_pairs_incl_sentinel,round_win = game_pnl > 0 (decisive only),COMPATIBILITY_ONLY_NOT_PRODUCTION,4059548.3812,3680416.6879,6656.9809,9707,9692,-0.00163983,0.01249836,-0.00525961,-0.00163983,-6656.9809,4059548.3812,OK,0.0000,266.2792,4.0000,96.0000,AG03-UNRESOLVED,ALL5_LEVELS_bet23_to_bet27,266.2792,266.2792,266.2792,0.0000,0.0000,4.000000,4.000000,4.000000,0.000000,0.000000,96.000000,96.000000,96.000000,100.000000,100.000000,5.0,798.8377,767.3102,5858.1432,5889.6706,PENDING_AG03,FALSE,NOT_FOR_ENFORCEMENT,6390.7016,3533200.0204,6656.9809,6390.7016,266.2792,0.00163983,0.00157424,266.2792,6390.7016,0.00157424,266.2792,266.2792,266.2792,0.0000,0.0000,6390.7016,0.00157424,798.8377,767.3102,5858.1432,5889.6706,0.00144305,0.00145082,0.00006559,418.2083,379.7376,0.6869,61.6387,1.8384,37588.4109,89.7407,538.3845,395.5999,218.4789,430.6076,432.5446,432.5446,1046.441,1081.3617,427.0584,0.0,2.43015,2.511246,0.971205,30,216,96,2,0.20383968,0.00163983,-0.01249836,0E-8,0.000000,0.906607,0.000000,0.01775797,2026-03-22,2026-08-06,108,3621,2443,138,0.782609,1.360932,1.287360,0.679466,,,,,,,,GLOBAL_BASELINE_NO_ENTITY_RANKING,,,NOT_APPLICABLE_GLOBAL_BASELINE,HF9g-P5,,,,X 全窗基线 · 不参与实体赏罚,14199141,1420,A168_HF9F_20260827_0900,2026-08-27 09:00:00
2026-06-06,57024343,1331,0,2260.6898333545,-791.2414416740,-791.2414416740,0.4000000,10,10,0.50531018000000000,0.505310180000,-0.6660776243931167,-0.6660776243931167,-0.6660776243931167,0E-17,ELIGIBLE,R03b_20260811_FULL_v1,L1_ELIGIBILITY,v2026-08-11,2026-03-21..2026-08-06,baccarat_bet02_101_all_pairs_incl_sentinel,round_win = game_pnl > 0 (decisive only),COMPATIBILITY_ONLY_NOT_PRODUCTION,4059548.3812,3680416.6879,6656.9809,9707,9692,-0.00163983,0.01249836,-0.00525961,-0.00163983,-6656.9809,4059548.3812,OK,0.0000,266.2792,4.0000,96.0000,AG03-UNRESOLVED,ALL5_LEVELS_bet23_to_bet27,266.2792,266.2792,266.2792,0.0000,0.0000,4.000000,4.000000,4.000000,0.000000,0.000000,96.000000,96.000000,96.000000,100.000000,100.000000,5.0,798.8377,767.3102,5858.1432,5889.6706,PENDING_AG03,FALSE,NOT_FOR_ENFORCEMENT,6390.7016,3533200.0204,6656.9809,6390.7016,266.2792,0.00163983,0.00157424,266.2792,6390.7016,0.00157424,266.2792,266.2792,266.2792,0.0000,0.0000,6390.7016,0.00157424,798.8377,767.3102,5858.1432,5889.6706,0.00144305,0.00145082,0.00006559,418.2083,379.7376,0.6869,61.6387,1.8384,37588.4109,89.7407,538.3845,395.5999,218.4789,430.6076,432.5446,432.5446,1046.441,1081.3617,427.0584,0.0,2.43015,2.511246,0.971205,30,216,96,2,0.20383968,0.00163983,-0.01249836,0E-8,0.000000,0.906607,0.000000,0.01775797,2026-03-22,2026-08-06,108,3621,2443,138,0.782609,1.360932,1.287360,0.679466,,,,,,,,GLOBAL_BASELINE_NO_ENTITY_RANKING,,,NOT_APPLICABLE_GLOBAL_BASELINE,HF9g-P5,,,,X 全窗基线 · 不参与实体赏罚,14199142,1420,A168_HF9F_20260827_0900,2026-08-27 09:00:00
2026-06-06,57024343,1382,0,1076.5189682640,193.7734142876,193.7734142876,0.6000000,5,5,0.50396966000000000,0.503969660000,0.4294742719815242,0.4294742719815242,0.4294742719815242,0E-17,ELIGIBLE,R03b_20260811_FULL_v1,L1_ELIGIBILITY,v2026-08-11,2026-03-21..2026-08-06,baccarat_bet02_101_all_pairs_incl_sentinel,round_win = game_pnl > 0 (decisive only),COMPATIBILITY_ONLY_NOT_PRODUCTION,4059548.3812,3680416.6879,6656.9809,9707,9692,-0.00163983,0.01249836,-0.00525961,-0.00163983,-6656.9809,4059548.3812,OK,0.0000,266.2792,4.0000,96.0000,AG03-UNRESOLVED,ALL5_LEVELS_bet23_to_bet27,266.2792,266.2792,266.2792,0.0000,0.0000,4.000000,4.000000,4.000000,0.000000,0.000000,96.000000,96.000000,96.000000,100.000000,100.000000,5.0,798.8377,767.3102,5858.1432,5889.6706,PENDING_AG03,FALSE,NOT_FOR_ENFORCEMENT,6390.7016,3533200.0204,6656.9809,6390.7016,266.2792,0.00163983,0.00157424,266.2792,6390.7016,0.00157424,266.2792,266.2792,266.2792,0.0000,0.0000,6390.7016,0.00157424,798.8377,767.3102,5858.1432,5889.6706,0.00144305,0.00145082,0.00006559,418.2083,379.7376,0.6869,61.6387,1.8384,37588.4109,89.7407,538.3845,395.5999,218.4789,430.6076,432.5446,432.5446,1046.441,1081.3617,427.0584,0.0,2.43015,2.511246,0.971205,30,216,96,2,0.20383968,0.00163983,-0.01249836,0E-8,0.000000,0.906607,0.000000,0.01775797,2026-03-22,2026-08-06,108,3621,2443,138,0.782609,1.360932,1.287360,0.679466,,,,,,,,GLOBAL_BASELINE_NO_ENTITY_RANKING,,,NOT_APPLICABLE_GLOBAL_BASELINE,HF9g-P5,,,,X 全窗基线 · 不参与实体赏罚,14199143,1420,A168_HF9F_20260827_0900,2026-08-27 09:00:00
2026-06-06,57024343,1485,0,1399.4746587434,69.9737329372,69.9737329372,0.6000000,5,5,0.50665070000000000,0.506650700000,0.4175076967804994,0.4175076967804994,0.4175076967804994,0E-17,ELIGIBLE,R03b_20260811_FULL_v1,L1_ELIGIBILITY,v2026-08-11,2026-03-21..2026-08-06,baccarat_bet02_101_all_pairs_incl_sentinel,round_win = game_pnl > 0 (decisive only),COMPATIBILITY_ONLY_NOT_PRODUCTION,4059548.3812,3680416.6879,6656.9809,9707,9692,-0.00163983,0.01249836,-0.00525961,-0.00163983,-6656.9809,4059548.3812,OK,0.0000,266.2792,4.0000,96.0000,AG03-UNRESOLVED,ALL5_LEVELS_bet23_to_bet27,266.2792,266.2792,266.2792,0.0000,0.0000,4.000000,4.000000,4.000000,0.000000,0.000000,96.000000,96.000000,96.000000,100.000000,100.000000,5.0,798.8377,767.3102,5858.1432,5889.6706,PENDING_AG03,FALSE,NOT_FOR_ENFORCEMENT,6390.7016,3533200.0204,6656.9809,6390.7016,266.2792,0.00163983,0.00157424,266.2792,6390.7016,0.00157424,266.2792,266.2792,266.2792,0.0000,0.0000,6390.7016,0.00157424,798.8377,767.3102,5858.1432,5889.6706,0.00144305,0.00145082,0.00006559,418.2083,379.7376,0.6869,61.6387,1.8384,37588.4109,89.7407,538.3845,395.5999,218.4789,430.6076,432.5446,432.5446,1046.441,1081.3617,427.0584,0.0,2.43015,2.511246,0.971205,30,216,96,2,0.20383968,0.00163983,-0.01249836,0E-8,0.000000,0.906607,0.000000,0.01775797,2026-03-22,2026-08-06,108,3621,2443,138,0.782609,1.360932,1.287360,0.679466,,,,,,,,GLOBAL_BASELINE_NO_ENTITY_RANKING,,,NOT_APPLICABLE_GLOBAL_BASELINE,HF9g-P5,,,,X 全窗基线 · 不参与实体赏罚,14199144,1420,A168_HF9F_20260827_0900,2026-08-27 09:00:00
2026-06-06,57024343,1505,0,1614.7784523961,285.2775265901,285.2775265901,0.5714286,7,7,0.50282064285714286,0.502820642857,0.36304481076852674,0.3630448107692821,0.36304481076852674,1.4286E-13,ELIGIBLE,R03b_20260811_FULL_v1,L1_ELIGIBILITY,v2026-08-11,2026-03-21..2026-08-06,baccarat_bet02_101_all_pairs_incl_sentinel,round_win = game_pnl > 0 (decisive only),COMPATIBILITY_ONLY_NOT_PRODUCTION,4059548.3812,3680416.6879,6656.9809,9707,9692,-0.00163983,0.01249836,-0.00525961,-0.00163983,-6656.9809,4059548.3812,OK,0.0000,266.2792,4.0000,96.0000,AG03-UNRESOLVED,ALL5_LEVELS_bet23_to_bet27,266.2792,266.2792,266.2792,0.0000,0.0000,4.000000,4.000000,4.000000,0.000000,0.000000,96.000000,96.000000,96.000000,100.000000,100.000000,5.0,798.8377,767.3102,5858.1432,5889.6706,PENDING_AG03,FALSE,NOT_FOR_ENFORCEMENT,6390.7016,3533200.0204,6656.9809,6390.7016,266.2792,0.00163983,0.00157424,266.2792,6390.7016,0.00157424,266.2792,266.2792,266.2792,0.0000,0.0000,6390.7016,0.00157424,798.8377,767.3102,5858.1432,5889.6706,0.00144305,0.00145082,0.00006559,418.2083,379.7376,0.6869,61.6387,1.8384,37588.4109,89.7407,538.3845,395.5999,218.4789,430.6076,432.5446,432.5446,1046.441,1081.3617,427.0584,0.0,2.43015,2.511246,0.971205,30,216,96,2,0.20383968,0.00163983,-0.01249836,0E-8,0.000000,0.906607,0.000000,0.01775797,2026-03-22,2026-08-06,108,3621,2443,138,0.782609,1.360932,1.287360,0.679466,,,,,,,,GLOBAL_BASELINE_NO_ENTITY_RANKING,,,NOT_APPLICABLE_GLOBAL_BASELINE,HF9g-P5,,,,X 全窗基线 · 不参与实体赏罚,14199145,1420,A168_HF9F_20260827_0900,2026-08-27 09:00:00
2026-06-06,57024343,1509,0,215.3037936528,215.3037936528,215.3037936528,1.0000000,1,1,0.49324550000000000,0.493245500000,1.01360149184955,1.01360149184955,1.01360149184955,0E-17,ELIGIBLE,R03b_20260811_FULL_v1,L1_ELIGIBILITY,v2026-08-11,2026-03-21..2026-08-06,baccarat_bet02_101_all_pairs_incl_sentinel,round_win = game_pnl > 0 (decisive only),COMPATIBILITY_ONLY_NOT_PRODUCTION,4059548.3812,3680416.6879,6656.9809,9707,9692,-0.00163983,0.01249836,-0.00525961,-0.00163983,-6656.9809,4059548.3812,OK,0.0000,266.2792,4.0000,96.0000,AG03-UNRESOLVED,ALL5_LEVELS_bet23_to_bet27,266.2792,266.2792,266.2792,0.0000,0.0000,4.000000,4.000000,4.000000,0.000000,0.000000,96.000000,96.000000,96.000000,100.000000,100.000000,5.0,798.8377,767.3102,5858.1432,5889.6706,PENDING_AG03,FALSE,NOT_FOR_ENFORCEMENT,6390.7016,3533200.0204,6656.9809,6390.7016,266.2792,0.00163983,0.00157424,266.2792,6390.7016,0.00157424,266.2792,266.2792,266.2792,0.0000,0.0000,6390.7016,0.00157424,798.8377,767.3102,5858.1432,5889.6706,0.00144305,0.00145082,0.00006559,418.2083,379.7376,0.6869,61.6387,1.8384,37588.4109,89.7407,538.3845,395.5999,218.4789,430.6076,432.5446,432.5446,1046.441,1081.3617,427.0584,0.0,2.43015,2.511246,0.971205,30,216,96,2,0.20383968,0.00163983,-0.01249836,0E-8,0.000000,0.906607,0.000000,0.01775797,2026-03-22,2026-08-06,108,3621,2443,138,0.782609,1.360932,1.287360,0.679466,,,,,,,,GLOBAL_BASELINE_NO_ENTITY_RANKING,,,NOT_APPLICABLE_GLOBAL_BASELINE,HF9g-P5,,,,X 全窗基线 · 不参与实体赏罚,14199146,1420,A168_HF9F_20260827_0900,2026-08-27 09:00:00
2026-06-06,57024343,1714,0,2045.3860397019,898.8933385007,898.8933385007,0.6666667,7,7,0.50665070000000000,0.506650700000,0.7839842952205449,0.7839842952205449,0.7839842952205449,0E-17,ELIGIBLE,R03b_20260811_FULL_v1,L1_ELIGIBILITY,v2026-08-11,2026-03-21..2026-08-06,baccarat_bet02_101_all_pairs_incl_sentinel,round_win = game_pnl > 0 (decisive only),COMPATIBILITY_ONLY_NOT_PRODUCTION,4059548.3812,3680416.6879,6656.9809,9707,9692,-0.00163983,0.01249836,-0.00525961,-0.00163983,-6656.9809,4059548.3812,OK,0.0000,266.2792,4.0000,96.0000,AG03-UNRESOLVED,ALL5_LEVELS_bet23_to_bet27,266.2792,266.2792,266.2792,0.0000,0.0000,4.000000,4.000000,4.000000,0.000000,0.000000,96.000000,96.000000,96.000000,100.000000,100.000000,5.0,798.8377,767.3102,5858.1432,5889.6706,PENDING_AG03,FALSE,NOT_FOR_ENFORCEMENT,6390.7016,3533200.0204,6656.9809,6390.7016,266.2792,0.00163983,0.00157424,266.2792,6390.7016,0.00157424,266.2792,266.2792,266.2792,0.0000,0.0000,6390.7016,0.00157424,798.8377,767.3102,5858.1432,5889.6706,0.00144305,0.00145082,0.00006559,418.2083,379.7376,0.6869,61.6387,1.8384,37588.4109,89.7407,538.3845,395.5999,218.4789,430.6076,432.5446,432.5446,1046.441,1081.3617,427.0584,0.0,2.43015,2.511246,0.971205,30,216,96,2,0.20383968,0.00163983,-0.01249836,0E-8,0.000000,0.906607,0.000000,0.01775797,2026-03-22,2026-08-06,108,3621,2443,138,0.782609,1.360932,1.287360,0.679466,,,,,,,,GLOBAL_BASELINE_NO_ENTITY_RANKING,,,NOT_APPLICABLE_GLOBAL_BASELINE,HF9g-P5,,,,X 全窗基线 · 不参与实体赏罚,14199147,1420,A168_HF9F_20260827_0900,2026-08-27 09:00:00
2026-06-06,57024343,1750,0,215.3037936528,204.5386039702,204.5386039702,1.0000000,1,1,0.50665070000000000,0.506650700000,0.9867858985152569,0.9867858985152569,0.9867858985152569,0E-17,ELIGIBLE,R03b_20260811_FULL_v1,L1_ELIGIBILITY,v2026-08-11,2026-03-21..2026-08-06,baccarat_bet02_101_all_pairs_incl_sentinel,round_win = game_pnl > 0 (decisive only),COMPATIBILITY_ONLY_NOT_PRODUCTION,4059548.3812,3680416.6879,6656.9809,9707,9692,-0.00163983,0.01249836,-0.00525961,-0.00163983,-6656.9809,4059548.3812,OK,0.0000,266.2792,4.0000,96.0000,AG03-UNRESOLVED,ALL5_LEVELS_bet23_to_bet27,266.2792,266.2792,266.2792,0.0000,0.0000,4.000000,4.000000,4.000000,0.000000,0.000000,96.000000,96.000000,96.000000,100.000000,100.000000,5.0,798.8377,767.3102,5858.1432,5889.6706,PENDING_AG03,FALSE,NOT_FOR_ENFORCEMENT,6390.7016,3533200.0204,6656.9809,6390.7016,266.2792,0.00163983,0.00157424,266.2792,6390.7016,0.00157424,266.2792,266.2792,266.2792,0.0000,0.0000,6390.7016,0.00157424,798.8377,767.3102,5858.1432,5889.6706,0.00144305,0.00145082,0.00006559,418.2083,379.7376,0.6869,61.6387,1.8384,37588.4109,89.7407,538.3845,395.5999,218.4789,430.6076,432.5446,432.5446,1046.441,1081.3617,427.0584,0.0,2.43015,2.511246,0.971205,30,216,96,2,0.20383968,0.00163983,-0.01249836,0E-8,0.000000,0.906607,0.000000,0.01775797,2026-03-22,2026-08-06,108,3621,2443,138,0.782609,1.360932,1.287360,0.679466,,,,,,,,GLOBAL_BASELINE_NO_ENTITY_RANKING,,,NOT_APPLICABLE_GLOBAL_BASELINE,HF9g-P5,,,,X 全窗基线 · 不参与实体赏罚,14199148,1420,A168_HF9F_20260827_0900,2026-08-27 09:00:00
2026-06-06,57024343,1942,0,1399.4746587433,-339.1034750031,-339.1034750031,0.3333333,6,6,0.50218230000000000,0.502182300000,-0.8271955028234007,-0.8271955028234007,-0.8271955028234007,0E-17,ELIGIBLE,R03b_20260811_FULL_v1,L1_ELIGIBILITY,v2026-08-11,2026-03-21..2026-08-06,baccarat_bet02_101_all_pairs_incl_sentinel,round_win = game_pnl > 0 (decisive only),COMPATIBILITY_ONLY_NOT_PRODUCTION,4059548.3812,3680416.6879,6656.9809,9707,9692,-0.00163983,0.01249836,-0.00525961,-0.00163983,-6656.9809,4059548.3812,OK,0.0000,266.2792,4.0000,96.0000,AG03-UNRESOLVED,ALL5_LEVELS_bet23_to_bet27,266.2792,266.2792,266.2792,0.0000,0.0000,4.000000,4.000000,4.000000,0.000000,0.000000,96.000000,96.000000,96.000000,100.000000,100.000000,5.0,798.8377,767.3102,5858.1432,5889.6706,PENDING_AG03,FALSE,NOT_FOR_ENFORCEMENT,6390.7016,3533200.0204,6656.9809,6390.7016,266.2792,0.00163983,0.00157424,266.2792,6390.7016,0.00157424,266.2792,266.2792,266.2792,0.0000,0.0000,6390.7016,0.00157424,798.8377,767.3102,5858.1432,5889.6706,0.00144305,0.00145082,0.00006559,418.2083,379.7376,0.6869,61.6387,1.8384,37588.4109,89.7407,538.3845,395.5999,218.4789,430.6076,432.5446,432.5446,1046.441,1081.3617,427.0584,0.0,2.43015,2.511246,0.971205,30,216,96,2,0.20383968,0.00163983,-0.01249836,0E-8,0.000000,0.906607,0.000000,0.01775797,2026-03-22,2026-08-06,108,3621,2443,138,0.782609,1.360932,1.287360,0.679466,,,,,,,,GLOBAL_BASELINE_NO_ENTITY_RANKING,,,NOT_APPLICABLE_GLOBAL_BASELINE,HF9g-P5,,,,X 全窗基线 · 不参与实体赏罚,14199149,1420,A168_HF9F_20260827_0900,2026-08-27 09:00:00
2026-06-06,57024343,1990,0,1076.5189682640,-21.5303793652,-21.5303793652,0.5000000,5,5,0.50396966000000000,0.503969660000,-0.0158791404612453,-0.0158791404612453,-0.0158791404612453,0E-17,ELIGIBLE,R03b_20260811_FULL_v1,L1_ELIGIBILITY,v2026-08-11,2026-03-21..2026-08-06,baccarat_bet02_101_all_pairs_incl_sentinel,round_win = game_pnl > 0 (decisive only),COMPATIBILITY_ONLY_NOT_PRODUCTION,4059548.3812,3680416.6879,6656.9809,9707,9692,-0.00163983,0.01249836,-0.00525961,-0.00163983,-6656.9809,4059548.3812,OK,0.0000,266.2792,4.0000,96.0000,AG03-UNRESOLVED,ALL5_LEVELS_bet23_to_bet27,266.2792,266.2792,266.2792,0.0000,0.0000,4.000000,4.000000,4.000000,0.000000,0.000000,96.000000,96.000000,96.000000,100.000000,100.000000,5.0,798.8377,767.3102,5858.1432,5889.6706,PENDING_AG03,FALSE,NOT_FOR_ENFORCEMENT,6390.7016,3533200.0204,6656.9809,6390.7016,266.2792,0.00163983,0.00157424,266.2792,6390.7016,0.00157424,266.2792,266.2792,266.2792,0.0000,0.0000,6390.7016,0.00157424,798.8377,767.3102,5858.1432,5889.6706,0.00144305,0.00145082,0.00006559,418.2083,379.7376,0.6869,61.6387,1.8384,37588.4109,89.7407,538.3845,395.5999,218.4789,430.6076,432.5446,432.5446,1046.441,1081.3617,427.0584,0.0,2.43015,2.511246,0.971205,30,216,96,2,0.20383968,0.00163983,-0.01249836,0E-8,0.000000,0.906607,0.000000,0.01775797,2026-03-22,2026-08-06,108,3621,2443,138,0.782609,1.360932,1.287360,0.679466,,,,,,,,GLOBAL_BASELINE_NO_ENTITY_RANKING,,,NOT_APPLICABLE_GLOBAL_BASELINE,HF9g-P5,,,,X 全窗基线 · 不参与实体赏罚,14199150,1420,A168_HF9F_20260827_0900,2026-08-27 09:00:00
2026-06-06,57024343,2115,0,1184.1708650905,-134.5648710329,-134.5648710329,0.4000000,5,5,0.50396966000000000,0.503969660000,-0.4649811094771361,-0.4649811094771361,-0.4649811094771361,0E-17,ELIGIBLE,R03b_20260811_FULL_v1,L1_ELIGIBILITY,v2026-08-11,2026-03-21..2026-08-06,baccarat_bet02_101_all_pairs_incl_sentinel,round_win = game_pnl > 0 (decisive only),COMPATIBILITY_ONLY_NOT_PRODUCTION,4059548.3812,3680416.6879,6656.9809,9707,9692,-0.00163983,0.01249836,-0.00525961,-0.00163983,-6656.9809,4059548.3812,OK,0.0000,266.2792,4.0000,96.0000,AG03-UNRESOLVED,ALL5_LEVELS_bet23_to_bet27,266.2792,266.2792,266.2792,0.0000,0.0000,4.000000,4.000000,4.000000,0.000000,0.000000,96.000000,96.000000,96.000000,100.000000,100.000000,5.0,798.8377,767.3102,5858.1432,5889.6706,PENDING_AG03,FALSE,NOT_FOR_ENFORCEMENT,6390.7016,3533200.0204,6656.9809,6390.7016,266.2792,0.00163983,0.00157424,266.2792,6390.7016,0.00157424,266.2792,266.2792,266.2792,0.0000,0.0000,6390.7016,0.00157424,798.8377,767.3102,5858.1432,5889.6706,0.00144305,0.00145082,0.00006559,418.2083,379.7376,0.6869,61.6387,1.8384,37588.4109,89.7407,538.3845,395.5999,218.4789,430.6076,432.5446,432.5446,1046.441,1081.3617,427.0584,0.0,2.43015,2.511246,0.971205,30,216,96,2,0.20383968,0.00163983,-0.01249836,0E-8,0.000000,0.906607,0.000000,0.01775797,2026-03-22,2026-08-06,108,3621,2443,138,0.782609,1.360932,1.287360,0.679466,,,,,,,,GLOBAL_BASELINE_NO_ENTITY_RANKING,,,NOT_APPLICABLE_GLOBAL_BASELINE,HF9g-P5,,,,X 全窗基线 · 不参与实体赏罚,14199151,1420,A168_HF9F_20260827_0900,2026-08-27 09:00:00
2026-06-06,57024343,2117,0,1184.1708650906,75.3563277785,75.3563277785,0.5000000,4,4,0.50665070000000000,0.506650700000,-0.02660515369234503,-0.02660515369234503,-0.02660515369234503,0E-17,ELIGIBLE,R03b_20260811_FULL_v1,L1_ELIGIBILITY,v2026-08-11,2026-03-21..2026-08-06,baccarat_bet02_101_all_pairs_incl_sentinel,round_win = game_pnl > 0 (decisive only),COMPATIBILITY_ONLY_NOT_PRODUCTION,4059548.3812,3680416.6879,6656.9809,9707,9692,-0.00163983,0.01249836,-0.00525961,-0.00163983,-6656.9809,4059548.3812,OK,0.0000,266.2792,4.0000,96.0000,AG03-UNRESOLVED,ALL5_LEVELS_bet23_to_bet27,266.2792,266.2792,266.2792,0.0000,0.0000,4.000000,4.000000,4.000000,0.000000,0.000000,96.000000,96.000000,96.000000,100.000000,100.000000,5.0,798.8377,767.3102,5858.1432,5889.6706,PENDING_AG03,FALSE,NOT_FOR_ENFORCEMENT,6390.7016,3533200.0204,6656.9809,6390.7016,266.2792,0.00163983,0.00157424,266.2792,6390.7016,0.00157424,266.2792,266.2792,266.2792,0.0000,0.0000,6390.7016,0.00157424,798.8377,767.3102,5858.1432,5889.6706,0.00144305,0.00145082,0.00006559,418.2083,379.7376,0.6869,61.6387,1.8384,37588.4109,89.7407,538.3845,395.5999,218.4789,430.6076,432.5446,432.5446,1046.441,1081.3617,427.0584,0.0,2.43015,2.511246,0.971205,30,216,96,2,0.20383968,0.00163983,-0.01249836,0E-8,0.000000,0.906607,0.000000,0.01775797,2026-03-22,2026-08-06,108,3621,2443,138,0.782609,1.360932,1.287360,0.679466,,,,,,,,GLOBAL_BASELINE_NO_ENTITY_RANKING,,,NOT_APPLICABLE_GLOBAL_BASELINE,HF9g-P5,,,,X 全窗基线 · 不参与实体赏罚,14199152,1420,A168_HF9F_20260827_0900,2026-08-27 09:00:00
2026-06-06,57024343,2129,0,1399.4746587433,-10.7651896826,-10.7651896826,0.5000000,6,6,0.50218230000000000,0.502182300000,-0.008729283145653279,-0.008729283145653279,-0.008729283145653279,0E-17,ELIGIBLE,R03b_20260811_FULL_v1,L1_ELIGIBILITY,v2026-08-11,2026-03-21..2026-08-06,baccarat_bet02_101_all_pairs_incl_sentinel,round_win = game_pnl > 0 (decisive only),COMPATIBILITY_ONLY_NOT_PRODUCTION,4059548.3812,3680416.6879,6656.9809,9707,9692,-0.00163983,0.01249836,-0.00525961,-0.00163983,-6656.9809,4059548.3812,OK,0.0000,266.2792,4.0000,96.0000,AG03-UNRESOLVED,ALL5_LEVELS_bet23_to_bet27,266.2792,266.2792,266.2792,0.0000,0.0000,4.000000,4.000000,4.000000,0.000000,0.000000,96.000000,96.000000,96.000000,100.000000,100.000000,5.0,798.8377,767.3102,5858.1432,5889.6706,PENDING_AG03,FALSE,NOT_FOR_ENFORCEMENT,6390.7016,3533200.0204,6656.9809,6390.7016,266.2792,0.00163983,0.00157424,266.2792,6390.7016,0.00157424,266.2792,266.2792,266.2792,0.0000,0.0000,6390.7016,0.00157424,798.8377,767.3102,5858.1432,5889.6706,0.00144305,0.00145082,0.00006559,418.2083,379.7376,0.6869,61.6387,1.8384,37588.4109,89.7407,538.3845,395.5999,218.4789,430.6076,432.5446,432.5446,1046.441,1081.3617,427.0584,0.0,2.43015,2.511246,0.971205,30,216,96,2,0.20383968,0.00163983,-0.01249836,0E-8,0.000000,0.906607,0.000000,0.01775797,2026-03-22,2026-08-06,108,3621,2443,138,0.782609,1.360932,1.287360,0.679466,,,,,,,,GLOBAL_BASELINE_NO_ENTITY_RANKING,,,NOT_APPLICABLE_GLOBAL_BASELINE,HF9g-P5,,,,X 全窗基线 · 不参与实体赏罚,14199153,1420,A168_HF9F_20260827_0900,2026-08-27 09:00:00
2026-06-06,57024343,2130,0,1722.4303492224,-882.7455539764,-882.7455539764,0.2500000,8,8,0.50497505000000000,0.504975050000,-1.4424281003036579,-1.4424281003036579,-1.4424281003036579,0E-17,ELIGIBLE,R03b_20260811_FULL_v1,L1_ELIGIBILITY,v2026-08-11,2026-03-21..2026-08-06,baccarat_bet02_101_all_pairs_incl_sentinel,round_win = game_pnl > 0 (decisive only),COMPATIBILITY_ONLY_NOT_PRODUCTION,4059548.3812,3680416.6879,6656.9809,9707,9692,-0.00163983,0.01249836,-0.00525961,-0.00163983,-6656.9809,4059548.3812,OK,0.0000,266.2792,4.0000,96.0000,AG03-UNRESOLVED,ALL5_LEVELS_bet23_to_bet27,266.2792,266.2792,266.2792,0.0000,0.0000,4.000000,4.000000,4.000000,0.000000,0.000000,96.000000,96.000000,96.000000,100.000000,100.000000,5.0,798.8377,767.3102,5858.1432,5889.6706,PENDING_AG03,FALSE,NOT_FOR_ENFORCEMENT,6390.7016,3533200.0204,6656.9809,6390.7016,266.2792,0.00163983,0.00157424,266.2792,6390.7016,0.00157424,266.2792,266.2792,266.2792,0.0000,0.0000,6390.7016,0.00157424,798.8377,767.3102,5858.1432,5889.6706,0.00144305,0.00145082,0.00006559,418.2083,379.7376,0.6869,61.6387,1.8384,37588.4109,89.7407,538.3845,395.5999,218.4789,430.6076,432.5446,432.5446,1046.441,1081.3617,427.0584,0.0,2.43015,2.511246,0.971205,30,216,96,2,0.20383968,0.00163983,-0.01249836,0E-8,0.000000,0.906607,0.000000,0.01775797,2026-03-22,2026-08-06,108,3621,2443,138,0.782609,1.360932,1.287360,0.679466,,,,,,,,GLOBAL_BASELINE_NO_ENTITY_RANKING,,,NOT_APPLICABLE_GLOBAL_BASELINE,HF9g-P5,,,,X 全窗基线 · 不参与实体赏罚,14199154,1420,A168_HF9F_20260827_0900,2026-08-27 09:00:00
2026-06-06,57024343,2134,0,1291.8227619168,-32.2955690478,-32.2955690478,0.5000000,6,6,0.50665070000000000,0.506650700000,-0.032584525537284574,-0.032584525537284574,-0.032584525537284574,0E-17,ELIGIBLE,R03b_20260811_FULL_v1,L1_ELIGIBILITY,v2026-08-11,2026-03-21..2026-08-06,baccarat_bet02_101_all_pairs_incl_sentinel,round_win = game_pnl > 0 (decisive only),COMPATIBILITY_ONLY_NOT_PRODUCTION,4059548.3812,3680416.6879,6656.9809,9707,9692,-0.00163983,0.01249836,-0.00525961,-0.00163983,-6656.9809,4059548.3812,OK,0.0000,266.2792,4.0000,96.0000,AG03-UNRESOLVED,ALL5_LEVELS_bet23_to_bet27,266.2792,266.2792,266.2792,0.0000,0.0000,4.000000,4.000000,4.000000,0.000000,0.000000,96.000000,96.000000,96.000000,100.000000,100.000000,5.0,798.8377,767.3102,5858.1432,5889.6706,PENDING_AG03,FALSE,NOT_FOR_ENFORCEMENT,6390.7016,3533200.0204,6656.9809,6390.7016,266.2792,0.00163983,0.00157424,266.2792,6390.7016,0.00157424,266.2792,266.2792,266.2792,0.0000,0.0000,6390.7016,0.00157424,798.8377,767.3102,5858.1432,5889.6706,0.00144305,0.00145082,0.00006559,418.2083,379.7376,0.6869,61.6387,1.8384,37588.4109,89.7407,538.3845,395.5999,218.4789,430.6076,432.5446,432.5446,1046.441,1081.3617,427.0584,0.0,2.43015,2.511246,0.971205,30,216,96,2,0.20383968,0.00163983,-0.01249836,0E-8,0.000000,0.906607,0.000000,0.01775797,2026-03-22,2026-08-06,108,3621,2443,138,0.782609,1.360932,1.287360,0.679466,,,,,,,,GLOBAL_BASELINE_NO_ENTITY_RANKING,,,NOT_APPLICABLE_GLOBAL_BASELINE,HF9g-P5,,,,X 全窗基线 · 不参与实体赏罚,14199155,1420,A168_HF9F_20260827_0900,2026-08-27 09:00:00
2026-06-06,57024343,2142,0,2475.9936270075,-129.1822761917,-129.1822761917,0.5000000,10,10,0.50128862000000000,0.501288620000,-0.00728955973225404,-0.00728955973225404,-0.00728955973225404,0E-17,ELIGIBLE,R03b_20260811_FULL_v1,L1_ELIGIBILITY,v2026-08-11,2026-03-21..2026-08-06,baccarat_bet02_101_all_pairs_incl_sentinel,round_win = game_pnl > 0 (decisive only),COMPATIBILITY_ONLY_NOT_PRODUCTION,4059548.3812,3680416.6879,6656.9809,9707,9692,-0.00163983,0.01249836,-0.00525961,-0.00163983,-6656.9809,4059548.3812,OK,0.0000,266.2792,4.0000,96.0000,AG03-UNRESOLVED,ALL5_LEVELS_bet23_to_bet27,266.2792,266.2792,266.2792,0.0000,0.0000,4.000000,4.000000,4.000000,0.000000,0.000000,96.000000,96.000000,96.000000,100.000000,100.000000,5.0,798.8377,767.3102,5858.1432,5889.6706,PENDING_AG03,FALSE,NOT_FOR_ENFORCEMENT,6390.7016,3533200.0204,6656.9809,6390.7016,266.2792,0.00163983,0.00157424,266.2792,6390.7016,0.00157424,266.2792,266.2792,266.2792,0.0000,0.0000,6390.7016,0.00157424,798.8377,767.3102,5858.1432,5889.6706,0.00144305,0.00145082,0.00006559,418.2083,379.7376,0.6869,61.6387,1.8384,37588.4109,89.7407,538.3845,395.5999,218.4789,430.6076,432.5446,432.5446,1046.441,1081.3617,427.0584,0.0,2.43015,2.511246,0.971205,30,216,96,2,0.20383968,0.00163983,-0.01249836,0E-8,0.000000,0.906607,0.000000,0.01775797,2026-03-22,2026-08-06,108,3621,2443,138,0.782609,1.360932,1.287360,0.679466,,,,,,,,GLOBAL_BASELINE_NO_ENTITY_RANKING,,,NOT_APPLICABLE_GLOBAL_BASELINE,HF9g-P5,,,,X 全窗基线 · 不参与实体赏罚,14199156,1420,A168_HF9F_20260827_0900,2026-08-27 09:00:00
2026-06-06,57024343,2152,0,430.6075873057,-430.6075873057,-430.6075873057,0E-7,1,1,0.50665070000000000,0.506650700000,-1.013391052207602,-1.013391052207602,-1.013391052207602,0E-17,ELIGIBLE,R03b_20260811_FULL_v1,L1_ELIGIBILITY,v2026-08-11,2026-03-21..2026-08-06,baccarat_bet02_101_all_pairs_incl_sentinel,round_win = game_pnl > 0 (decisive only),COMPATIBILITY_ONLY_NOT_PRODUCTION,4059548.3812,3680416.6879,6656.9809,9707,9692,-0.00163983,0.01249836,-0.00525961,-0.00163983,-6656.9809,4059548.3812,OK,0.0000,266.2792,4.0000,96.0000,AG03-UNRESOLVED,ALL5_LEVELS_bet23_to_bet27,266.2792,266.2792,266.2792,0.0000,0.0000,4.000000,4.000000,4.000000,0.000000,0.000000,96.000000,96.000000,96.000000,100.000000,100.000000,5.0,798.8377,767.3102,5858.1432,5889.6706,PENDING_AG03,FALSE,NOT_FOR_ENFORCEMENT,6390.7016,3533200.0204,6656.9809,6390.7016,266.2792,0.00163983,0.00157424,266.2792,6390.7016,0.00157424,266.2792,266.2792,266.2792,0.0000,0.0000,6390.7016,0.00157424,798.8377,767.3102,5858.1432,5889.6706,0.00144305,0.00145082,0.00006559,418.2083,379.7376,0.6869,61.6387,1.8384,37588.4109,89.7407,538.3845,395.5999,218.4789,430.6076,432.5446,432.5446,1046.441,1081.3617,427.0584,0.0,2.43015,2.511246,0.971205,30,216,96,2,0.20383968,0.00163983,-0.01249836,0E-8,0.000000,0.906607,0.000000,0.01775797,2026-03-22,2026-08-06,108,3621,2443,138,0.782609,1.360932,1.287360,0.679466,,,,,,,,GLOBAL_BASELINE_NO_ENTITY_RANKING,,,NOT_APPLICABLE_GLOBAL_BASELINE,HF9g-P5,,,,X 全窗基线 · 不参与实体赏罚,14199157,1420,A168_HF9F_20260827_0900,2026-08-27 09:00:00
2026-06-06,57024343,2155,0,215.3037936528,215.3037936528,215.3037936528,1.0000000,1,1,0.49324550000000000,0.493245500000,1.01360149184955,1.01360149184955,1.01360149184955,0E-17,ELIGIBLE,R03b_20260811_FULL_v1,L1_ELIGIBILITY,v2026-08-11,2026-03-21..2026-08-06,baccarat_bet02_101_all_pairs_incl_sentinel,round_win = game_pnl > 0 (decisive only),COMPATIBILITY_ONLY_NOT_PRODUCTION,4059548.3812,3680416.6879,6656.9809,9707,9692,-0.00163983,0.01249836,-0.00525961,-0.00163983,-6656.9809,4059548.3812,OK,0.0000,266.2792,4.0000,96.0000,AG03-UNRESOLVED,ALL5_LEVELS_bet23_to_bet27,266.2792,266.2792,266.2792,0.0000,0.0000,4.000000,4.000000,4.000000,0.000000,0.000000,96.000000,96.000000,96.000000,100.000000,100.000000,5.0,798.8377,767.3102,5858.1432,5889.6706,PENDING_AG03,FALSE,NOT_FOR_ENFORCEMENT,6390.7016,3533200.0204,6656.9809,6390.7016,266.2792,0.00163983,0.00157424,266.2792,6390.7016,0.00157424,266.2792,266.2792,266.2792,0.0000,0.0000,6390.7016,0.00157424,798.8377,767.3102,5858.1432,5889.6706,0.00144305,0.00145082,0.00006559,418.2083,379.7376,0.6869,61.6387,1.8384,37588.4109,89.7407,538.3845,395.5999,218.4789,430.6076,432.5446,432.5446,1046.441,1081.3617,427.0584,0.0,2.43015,2.511246,0.971205,30,216,96,2,0.20383968,0.00163983,-0.01249836,0E-8,0.000000,0.906607,0.000000,0.01775797,2026-03-22,2026-08-06,108,3621,2443,138,0.782609,1.360932,1.287360,0.679466,,,,,,,,GLOBAL_BASELINE_NO_ENTITY_RANKING,,,NOT_APPLICABLE_GLOBAL_BASELINE,HF9g-P5,,,,X 全窗基线 · 不参与实体赏罚,14199158,1420,A168_HF9F_20260827_0900,2026-08-27 09:00:00
2026-06-06,57024343,2156,0,430.6075873057,-430.6075873057,-430.6075873057,0E-7,1,1,0.50665070000000000,0.506650700000,-1.013391052207602,-1.013391052207602,-1.013391052207602,0E-17,ELIGIBLE,R03b_20260811_FULL_v1,L1_ELIGIBILITY,v2026-08-11,2026-03-21..2026-08-06,baccarat_bet02_101_all_pairs_incl_sentinel,round_win = game_pnl > 0 (decisive only),COMPATIBILITY_ONLY_NOT_PRODUCTION,4059548.3812,3680416.6879,6656.9809,9707,9692,-0.00163983,0.01249836,-0.00525961,-0.00163983,-6656.9809,4059548.3812,OK,0.0000,266.2792,4.0000,96.0000,AG03-UNRESOLVED,ALL5_LEVELS_bet23_to_bet27,266.2792,266.2792,266.2792,0.0000,0.0000,4.000000,4.000000,4.000000,0.000000,0.000000,96.000000,96.000000,96.000000,100.000000,100.000000,5.0,798.8377,767.3102,5858.1432,5889.6706,PENDING_AG03,FALSE,NOT_FOR_ENFORCEMENT,6390.7016,3533200.0204,6656.9809,6390.7016,266.2792,0.00163983,0.00157424,266.2792,6390.7016,0.00157424,266.2792,266.2792,266.2792,0.0000,0.0000,6390.7016,0.00157424,798.8377,767.3102,5858.1432,5889.6706,0.00144305,0.00145082,0.00006559,418.2083,379.7376,0.6869,61.6387,1.8384,37588.4109,89.7407,538.3845,395.5999,218.4789,430.6076,432.5446,432.5446,1046.441,1081.3617,427.0584,0.0,2.43015,2.511246,0.971205,30,216,96,2,0.20383968,0.00163983,-0.01249836,0E-8,0.000000,0.906607,0.000000,0.01775797,2026-03-22,2026-08-06,108,3621,2443,138,0.782609,1.360932,1.287360,0.679466,,,,,,,,GLOBAL_BASELINE_NO_ENTITY_RANKING,,,NOT_APPLICABLE_GLOBAL_BASELINE,HF9g-P5,,,,X 全窗基线 · 不参与实体赏罚,14199159,1420,A168_HF9F_20260827_0900,2026-08-27 09:00:00
2026-06-06,57024343,2171,0,2798.9493174867,-1528.6569349350,-1528.6569349350,0.2222222,11,11,0.50421339090909091,0.504213390909,-1.692007088450856,-1.6920070884503078,-1.692007088450856,9.091E-14,ELIGIBLE,R03b_20260811_FULL_v1,L1_ELIGIBILITY,v2026-08-11,2026-03-21..2026-08-06,baccarat_bet02_101_all_pairs_incl_sentinel,round_win = game_pnl > 0 (decisive only),COMPATIBILITY_ONLY_NOT_PRODUCTION,4059548.3812,3680416.6879,6656.9809,9707,9692,-0.00163983,0.01249836,-0.00525961,-0.00163983,-6656.9809,4059548.3812,OK,0.0000,266.2792,4.0000,96.0000,AG03-UNRESOLVED,ALL5_LEVELS_bet23_to_bet27,266.2792,266.2792,266.2792,0.0000,0.0000,4.000000,4.000000,4.000000,0.000000,0.000000,96.000000,96.000000,96.000000,100.000000,100.000000,5.0,798.8377,767.3102,5858.1432,5889.6706,PENDING_AG03,FALSE,NOT_FOR_ENFORCEMENT,6390.7016,3533200.0204,6656.9809,6390.7016,266.2792,0.00163983,0.00157424,266.2792,6390.7016,0.00157424,266.2792,266.2792,266.2792,0.0000,0.0000,6390.7016,0.00157424,798.8377,767.3102,5858.1432,5889.6706,0.00144305,0.00145082,0.00006559,418.2083,379.7376,0.6869,61.6387,1.8384,37588.4109,89.7407,538.3845,395.5999,218.4789,430.6076,432.5446,432.5446,1046.441,1081.3617,427.0584,0.0,2.43015,2.511246,0.971205,30,216,96,2,0.20383968,0.00163983,-0.01249836,0E-8,0.000000,0.906607,0.000000,0.01775797,2026-03-22,2026-08-06,108,3621,2443,138,0.782609,1.360932,1.287360,0.679466,,,,,,,,GLOBAL_BASELINE_NO_ENTITY_RANKING,,,NOT_APPLICABLE_GLOBAL_BASELINE,HF9g-P5,,,,X 全窗基线 · 不参与实体赏罚,14199160,1420,A168_HF9F_20260827_0900,2026-08-27 09:00:00
2026-06-06,57024343,2175,0,538.2594841321,-538.2594841321,-538.2594841321,0E-7,2,2,0.50665070000000000,0.506650700000,-1.4331513700195317,-1.4331513700195317,-1.4331513700195317,0E-17,ELIGIBLE,R03b_20260811_FULL_v1,L1_ELIGIBILITY,v2026-08-11,2026-03-21..2026-08-06,baccarat_bet02_101_all_pairs_incl_sentinel,round_win = game_pnl > 0 (decisive only),COMPATIBILITY_ONLY_NOT_PRODUCTION,4059548.3812,3680416.6879,6656.9809,9707,9692,-0.00163983,0.01249836,-0.00525961,-0.00163983,-6656.9809,4059548.3812,OK,0.0000,266.2792,4.0000,96.0000,AG03-UNRESOLVED,ALL5_LEVELS_bet23_to_bet27,266.2792,266.2792,266.2792,0.0000,0.0000,4.000000,4.000000,4.000000,0.000000,0.000000,96.000000,96.000000,96.000000,100.000000,100.000000,5.0,798.8377,767.3102,5858.1432,5889.6706,PENDING_AG03,FALSE,NOT_FOR_ENFORCEMENT,6390.7016,3533200.0204,6656.9809,6390.7016,266.2792,0.00163983,0.00157424,266.2792,6390.7016,0.00157424,266.2792,266.2792,266.2792,0.0000,0.0000,6390.7016,0.00157424,798.8377,767.3102,5858.1432,5889.6706,0.00144305,0.00145082,0.00006559,418.2083,379.7376,0.6869,61.6387,1.8384,37588.4109,89.7407,538.3845,395.5999,218.4789,430.6076,432.5446,432.5446,1046.441,1081.3617,427.0584,0.0,2.43015,2.511246,0.971205,30,216,96,2,0.20383968,0.00163983,-0.01249836,0E-8,0.000000,0.906607,0.000000,0.01775797,2026-03-22,2026-08-06,108,3621,2443,138,0.782609,1.360932,1.287360,0.679466,,,,,,,,GLOBAL_BASELINE_NO_ENTITY_RANKING,,,NOT_APPLICABLE_GLOBAL_BASELINE,HF9g-P5,,,,X 全窗基线 · 不参与实体赏罚,14199161,1420,A168_HF9F_20260827_0900,2026-08-27 09:00:00
2026-06-06,57024343,2202,0,3444.8606984451,-710.5025190542,-710.5025190542,0.3846154,14,14,0.50665070000000000,0.506650700000,-0.8800870332030376,-0.8800870332030376,-0.8800870332030376,0E-17,ELIGIBLE,R03b_20260811_FULL_v1,L1_ELIGIBILITY,v2026-08-11,2026-03-21..2026-08-06,baccarat_bet02_101_all_pairs_incl_sentinel,round_win = game_pnl > 0 (decisive only),COMPATIBILITY_ONLY_NOT_PRODUCTION,4059548.3812,3680416.6879,6656.9809,9707,9692,-0.00163983,0.01249836,-0.00525961,-0.00163983,-6656.9809,4059548.3812,OK,0.0000,266.2792,4.0000,96.0000,AG03-UNRESOLVED,ALL5_LEVELS_bet23_to_bet27,266.2792,266.2792,266.2792,0.0000,0.0000,4.000000,4.000000,4.000000,0.000000,0.000000,96.000000,96.000000,96.000000,100.000000,100.000000,5.0,798.8377,767.3102,5858.1432,5889.6706,PENDING_AG03,FALSE,NOT_FOR_ENFORCEMENT,6390.7016,3533200.0204,6656.9809,6390.7016,266.2792,0.00163983,0.00157424,266.2792,6390.7016,0.00157424,266.2792,266.2792,266.2792,0.0000,0.0000,6390.7016,0.00157424,798.8377,767.3102,5858.1432,5889.6706,0.00144305,0.00145082,0.00006559,418.2083,379.7376,0.6869,61.6387,1.8384,37588.4109,89.7407,538.3845,395.5999,218.4789,430.6076,432.5446,432.5446,1046.441,1081.3617,427.0584,0.0,2.43015,2.511246,0.971205,30,216,96,2,0.20383968,0.00163983,-0.01249836,0E-8,0.000000,0.906607,0.000000,0.01775797,2026-03-22,2026-08-06,108,3621,2443,138,0.782609,1.360932,1.287360,0.679466,,,,,,,,GLOBAL_BASELINE_NO_ENTITY_RANKING,,,NOT_APPLICABLE_GLOBAL_BASELINE,HF9g-P5,,,,X 全窗基线 · 不参与实体赏罚,14199162,1420,A168_HF9F_20260827_0900,2026-08-27 09:00:00
2026-06-06,57024343,2209,0,1614.7784523961,69.9737329373,69.9737329373,0.5000000,7,7,0.50473567142857143,0.504735671429,-0.023200997840541474,-0.023200997842641315,-0.023200997840541474,-4.2857E-13,ELIGIBLE,R03b_20260811_FULL_v1,L1_ELIGIBILITY,v2026-08-11,2026-03-21..2026-08-06,baccarat_bet02_101_all_pairs_incl_sentinel,round_win = game_pnl > 0 (decisive only),COMPATIBILITY_ONLY_NOT_PRODUCTION,4059548.3812,3680416.6879,6656.9809,9707,9692,-0.00163983,0.01249836,-0.00525961,-0.00163983,-6656.9809,4059548.3812,OK,0.0000,266.2792,4.0000,96.0000,AG03-UNRESOLVED,ALL5_LEVELS_bet23_to_bet27,266.2792,266.2792,266.2792,0.0000,0.0000,4.000000,4.000000,4.000000,0.000000,0.000000,96.000000,96.000000,96.000000,100.000000,100.000000,5.0,798.8377,767.3102,5858.1432,5889.6706,PENDING_AG03,FALSE,NOT_FOR_ENFORCEMENT,6390.7016,3533200.0204,6656.9809,6390.7016,266.2792,0.00163983,0.00157424,266.2792,6390.7016,0.00157424,266.2792,266.2792,266.2792,0.0000,0.0000,6390.7016,0.00157424,798.8377,767.3102,5858.1432,5889.6706,0.00144305,0.00145082,0.00006559,418.2083,379.7376,0.6869,61.6387,1.8384,37588.4109,89.7407,538.3845,395.5999,218.4789,430.6076,432.5446,432.5446,1046.441,1081.3617,427.0584,0.0,2.43015,2.511246,0.971205,30,216,96,2,0.20383968,0.00163983,-0.01249836,0E-8,0.000000,0.906607,0.000000,0.01775797,2026-03-22,2026-08-06,108,3621,2443,138,0.782609,1.360932,1.287360,0.679466,,,,,,,,GLOBAL_BASELINE_NO_ENTITY_RANKING,,,NOT_APPLICABLE_GLOBAL_BASELINE,HF9g-P5,,,,X 全窗基线 · 不参与实体赏罚,14199163,1420,A168_HF9F_20260827_0900,2026-08-27 09:00:00
2026-06-06,57024343,2216,0,645.9113809585,-226.0689833355,-226.0689833355,0.5000000,2,2,0.50665070000000000,0.506650700000,-0.018812684590367487,-0.018812684590367487,-0.018812684590367487,0E-17,ELIGIBLE,R03b_20260811_FULL_v1,L1_ELIGIBILITY,v2026-08-11,2026-03-21..2026-08-06,baccarat_bet02_101_all_pairs_incl_sentinel,round_win = game_pnl > 0 (decisive only),COMPATIBILITY_ONLY_NOT_PRODUCTION,4059548.3812,3680416.6879,6656.9809,9707,9692,-0.00163983,0.01249836,-0.00525961,-0.00163983,-6656.9809,4059548.3812,OK,0.0000,266.2792,4.0000,96.0000,AG03-UNRESOLVED,ALL5_LEVELS_bet23_to_bet27,266.2792,266.2792,266.2792,0.0000,0.0000,4.000000,4.000000,4.000000,0.000000,0.000000,96.000000,96.000000,96.000000,100.000000,100.000000,5.0,798.8377,767.3102,5858.1432,5889.6706,PENDING_AG03,FALSE,NOT_FOR_ENFORCEMENT,6390.7016,3533200.0204,6656.9809,6390.7016,266.2792,0.00163983,0.00157424,266.2792,6390.7016,0.00157424,266.2792,266.2792,266.2792,0.0000,0.0000,6390.7016,0.00157424,798.8377,767.3102,5858.1432,5889.6706,0.00144305,0.00145082,0.00006559,418.2083,379.7376,0.6869,61.6387,1.8384,37588.4109,89.7407,538.3845,395.5999,218.4789,430.6076,432.5446,432.5446,1046.441,1081.3617,427.0584,0.0,2.43015,2.511246,0.971205,30,216,96,2,0.20383968,0.00163983,-0.01249836,0E-8,0.000000,0.906607,0.000000,0.01775797,2026-03-22,2026-08-06,108,3621,2443,138,0.782609,1.360932,1.287360,0.679466,,,,,,,,GLOBAL_BASELINE_NO_ENTITY_RANKING,,,NOT_APPLICABLE_GLOBAL_BASELINE,HF9g-P5,,,,X 全窗基线 · 不参与实体赏罚,14199164,1420,A168_HF9F_20260827_0900,2026-08-27 09:00:00
2026-06-06,57024343,2239,0,1722.4303492226,376.7816388925,376.7816388925,0.6666667,6,6,0.50665070000000000,0.506650700000,0.7839842952205449,0.7839842952205449,0.7839842952205449,0E-17,ELIGIBLE,R03b_20260811_FULL_v1,L1_ELIGIBILITY,v2026-08-11,2026-03-21..2026-08-06,baccarat_bet02_101_all_pairs_incl_sentinel,round_win = game_pnl > 0 (decisive only),COMPATIBILITY_ONLY_NOT_PRODUCTION,4059548.3812,3680416.6879,6656.9809,9707,9692,-0.00163983,0.01249836,-0.00525961,-0.00163983,-6656.9809,4059548.3812,OK,0.0000,266.2792,4.0000,96.0000,AG03-UNRESOLVED,ALL5_LEVELS_bet23_to_bet27,266.2792,266.2792,266.2792,0.0000,0.0000,4.000000,4.000000,4.000000,0.000000,0.000000,96.000000,96.000000,96.000000,100.000000,100.000000,5.0,798.8377,767.3102,5858.1432,5889.6706,PENDING_AG03,FALSE,NOT_FOR_ENFORCEMENT,6390.7016,3533200.0204,6656.9809,6390.7016,266.2792,0.00163983,0.00157424,266.2792,6390.7016,0.00157424,266.2792,266.2792,266.2792,0.0000,0.0000,6390.7016,0.00157424,798.8377,767.3102,5858.1432,5889.6706,0.00144305,0.00145082,0.00006559,418.2083,379.7376,0.6869,61.6387,1.8384,37588.4109,89.7407,538.3845,395.5999,218.4789,430.6076,432.5446,432.5446,1046.441,1081.3617,427.0584,0.0,2.43015,2.511246,0.971205,30,216,96,2,0.20383968,0.00163983,-0.01249836,0E-8,0.000000,0.906607,0.000000,0.01775797,2026-03-22,2026-08-06,108,3621,2443,138,0.782609,1.360932,1.287360,0.679466,,,,,,,,GLOBAL_BASELINE_NO_ENTITY_RANKING,,,NOT_APPLICABLE_GLOBAL_BASELINE,HF9g-P5,,,,X 全窗基线 · 不参与实体赏罚,14199165,1420,A168_HF9F_20260827_0900,2026-08-27 09:00:00
2026-06-06,57024343,2242,0,215.3037936528,-215.3037936528,-215.3037936528,0E-7,1,1,0.50665070000000000,0.506650700000,-1.013391052207602,-1.013391052207602,-1.013391052207602,0E-17,ELIGIBLE,R03b_20260811_FULL_v1,L1_ELIGIBILITY,v2026-08-11,2026-03-21..2026-08-06,baccarat_bet02_101_all_pairs_incl_sentinel,round_win = game_pnl > 0 (decisive only),COMPATIBILITY_ONLY_NOT_PRODUCTION,4059548.3812,3680416.6879,6656.9809,9707,9692,-0.00163983,0.01249836,-0.00525961,-0.00163983,-6656.9809,4059548.3812,OK,0.0000,266.2792,4.0000,96.0000,AG03-UNRESOLVED,ALL5_LEVELS_bet23_to_bet27,266.2792,266.2792,266.2792,0.0000,0.0000,4.000000,4.000000,4.000000,0.000000,0.000000,96.000000,96.000000,96.000000,100.000000,100.000000,5.0,798.8377,767.3102,5858.1432,5889.6706,PENDING_AG03,FALSE,NOT_FOR_ENFORCEMENT,6390.7016,3533200.0204,6656.9809,6390.7016,266.2792,0.00163983,0.00157424,266.2792,6390.7016,0.00157424,266.2792,266.2792,266.2792,0.0000,0.0000,6390.7016,0.00157424,798.8377,767.3102,5858.1432,5889.6706,0.00144305,0.00145082,0.00006559,418.2083,379.7376,0.6869,61.6387,1.8384,37588.4109,89.7407,538.3845,395.5999,218.4789,430.6076,432.5446,432.5446,1046.441,1081.3617,427.0584,0.0,2.43015,2.511246,0.971205,30,216,96,2,0.20383968,0.00163983,-0.01249836,0E-8,0.000000,0.906607,0.000000,0.01775797,2026-03-22,2026-08-06,108,3621,2443,138,0.782609,1.360932,1.287360,0.679466,,,,,,,,GLOBAL_BASELINE_NO_ENTITY_RANKING,,,NOT_APPLICABLE_GLOBAL_BASELINE,HF9g-P5,,,,X 全窗基线 · 不参与实体赏罚,14199166,1420,A168_HF9F_20260827_0900,2026-08-27 09:00:00
2026-06-06,57024343,2256,0,1614.7784523962,-775.0936571502,-775.0936571502,0.3333333,6,6,0.50441650000000000,0.504416500000,-0.838165622096103,-0.838165622096103,-0.838165622096103,0E-17,ELIGIBLE,R03b_20260811_FULL_v1,L1_ELIGIBILITY,v2026-08-11,2026-03-21..2026-08-06,baccarat_bet02_101_all_pairs_incl_sentinel,round_win = game_pnl > 0 (decisive only),COMPATIBILITY_ONLY_NOT_PRODUCTION,4059548.3812,3680416.6879,6656.9809,9707,9692,-0.00163983,0.01249836,-0.00525961,-0.00163983,-6656.9809,4059548.3812,OK,0.0000,266.2792,4.0000,96.0000,AG03-UNRESOLVED,ALL5_LEVELS_bet23_to_bet27,266.2792,266.2792,266.2792,0.0000,0.0000,4.000000,4.000000,4.000000,0.000000,0.000000,96.000000,96.000000,96.000000,100.000000,100.000000,5.0,798.8377,767.3102,5858.1432,5889.6706,PENDING_AG03,FALSE,NOT_FOR_ENFORCEMENT,6390.7016,3533200.0204,6656.9809,6390.7016,266.2792,0.00163983,0.00157424,266.2792,6390.7016,0.00157424,266.2792,266.2792,266.2792,0.0000,0.0000,6390.7016,0.00157424,798.8377,767.3102,5858.1432,5889.6706,0.00144305,0.00145082,0.00006559,418.2083,379.7376,0.6869,61.6387,1.8384,37588.4109,89.7407,538.3845,395.5999,218.4789,430.6076,432.5446,432.5446,1046.441,1081.3617,427.0584,0.0,2.43015,2.511246,0.971205,30,216,96,2,0.20383968,0.00163983,-0.01249836,0E-8,0.000000,0.906607,0.000000,0.01775797,2026-03-22,2026-08-06,108,3621,2443,138,0.782609,1.360932,1.287360,0.679466,,,,,,,,GLOBAL_BASELINE_NO_ENTITY_RANKING,,,NOT_APPLICABLE_GLOBAL_BASELINE,HF9g-P5,,,,X 全窗基线 · 不参与实体赏罚,14199167,1420,A168_HF9F_20260827_0900,2026-08-27 09:00:00
2026-06-06,57024343,2267,0,968.8670714377,-129.1822761917,-129.1822761917,0.5000000,4,4,0.50665070000000000,0.506650700000,-0.02660515369234503,-0.02660515369234503,-0.02660515369234503,0E-17,ELIGIBLE,R03b_20260811_FULL_v1,L1_ELIGIBILITY,v2026-08-11,2026-03-21..2026-08-06,baccarat_bet02_101_all_pairs_incl_sentinel,round_win = game_pnl > 0 (decisive only),COMPATIBILITY_ONLY_NOT_PRODUCTION,4059548.3812,3680416.6879,6656.9809,9707,9692,-0.00163983,0.01249836,-0.00525961,-0.00163983,-6656.9809,4059548.3812,OK,0.0000,266.2792,4.0000,96.0000,AG03-UNRESOLVED,ALL5_LEVELS_bet23_to_bet27,266.2792,266.2792,266.2792,0.0000,0.0000,4.000000,4.000000,4.000000,0.000000,0.000000,96.000000,96.000000,96.000000,100.000000,100.000000,5.0,798.8377,767.3102,5858.1432,5889.6706,PENDING_AG03,FALSE,NOT_FOR_ENFORCEMENT,6390.7016,3533200.0204,6656.9809,6390.7016,266.2792,0.00163983,0.00157424,266.2792,6390.7016,0.00157424,266.2792,266.2792,266.2792,0.0000,0.0000,6390.7016,0.00157424,798.8377,767.3102,5858.1432,5889.6706,0.00144305,0.00145082,0.00006559,418.2083,379.7376,0.6869,61.6387,1.8384,37588.4109,89.7407,538.3845,395.5999,218.4789,430.6076,432.5446,432.5446,1046.441,1081.3617,427.0584,0.0,2.43015,2.511246,0.971205,30,216,96,2,0.20383968,0.00163983,-0.01249836,0E-8,0.000000,0.906607,0.000000,0.01775797,2026-03-22,2026-08-06,108,3621,2443,138,0.782609,1.360932,1.287360,0.679466,,,,,,,,GLOBAL_BASELINE_NO_ENTITY_RANKING,,,NOT_APPLICABLE_GLOBAL_BASELINE,HF9g-P5,,,,X 全窗基线 · 不参与实体赏罚,14199168,1420,A168_HF9F_20260827_0900,2026-08-27 09:00:00
2026-06-06,57024343,526,0,645.9113809584,193.7734142876,193.7734142876,0.6666667,3,3,0.50665070000000000,0.506650700000,0.5543606114942035,0.5543606114942035,0.5543606114942035,0E-17,ELIGIBLE,R03b_20260811_FULL_v1,L1_ELIGIBILITY,v2026-08-11,2026-03-21..2026-08-06,baccarat_bet02_101_all_pairs_incl_sentinel,round_win = game_pnl > 0 (decisive only),COMPATIBILITY_ONLY_NOT_PRODUCTION,4059548.3812,3680416.6879,6656.9809,9707,9692,-0.00163983,0.01249836,-0.00525961,-0.00163983,-6656.9809,4059548.3812,OK,0.0000,266.2792,4.0000,96.0000,AG03-UNRESOLVED,ALL5_LEVELS_bet23_to_bet27,266.2792,266.2792,266.2792,0.0000,0.0000,4.000000,4.000000,4.000000,0.000000,0.000000,96.000000,96.000000,96.000000,100.000000,100.000000,5.0,798.8377,767.3102,5858.1432,5889.6706,PENDING_AG03,FALSE,NOT_FOR_ENFORCEMENT,6390.7016,3533200.0204,6656.9809,6390.7016,266.2792,0.00163983,0.00157424,266.2792,6390.7016,0.00157424,266.2792,266.2792,266.2792,0.0000,0.0000,6390.7016,0.00157424,798.8377,767.3102,5858.1432,5889.6706,0.00144305,0.00145082,0.00006559,418.2083,379.7376,0.6869,61.6387,1.8384,37588.4109,89.7407,538.3845,395.5999,218.4789,430.6076,432.5446,432.5446,1046.441,1081.3617,427.0584,0.0,2.43015,2.511246,0.971205,30,216,96,2,0.20383968,0.00163983,-0.01249836,0E-8,0.000000,0.906607,0.000000,0.01775797,2026-03-22,2026-08-06,108,3621,2443,138,0.782609,1.360932,1.287360,0.679466,,,,,,,,GLOBAL_BASELINE_NO_ENTITY_RANKING,,,NOT_APPLICABLE_GLOBAL_BASELINE,HF9g-P5,,,,X 全窗基线 · 不参与实体赏罚,14199169,1420,A168_HF9F_20260827_0900,2026-08-27 09:00:00
2026-06-06,57024343,529,0,1614.7784523963,807.3892261982,807.3892261982,0.8000000,6,6,0.50441650000000000,0.504416500000,1.3219411692341432,1.3219411692341432,1.3219411692341432,0E-17,ELIGIBLE,R03b_20260811_FULL_v1,L1_ELIGIBILITY,v2026-08-11,2026-03-21..2026-08-06,baccarat_bet02_101_all_pairs_incl_sentinel,round_win = game_pnl > 0 (decisive only),COMPATIBILITY_ONLY_NOT_PRODUCTION,4059548.3812,3680416.6879,6656.9809,9707,9692,-0.00163983,0.01249836,-0.00525961,-0.00163983,-6656.9809,4059548.3812,OK,0.0000,266.2792,4.0000,96.0000,AG03-UNRESOLVED,ALL5_LEVELS_bet23_to_bet27,266.2792,266.2792,266.2792,0.0000,0.0000,4.000000,4.000000,4.000000,0.000000,0.000000,96.000000,96.000000,96.000000,100.000000,100.000000,5.0,798.8377,767.3102,5858.1432,5889.6706,PENDING_AG03,FALSE,NOT_FOR_ENFORCEMENT,6390.7016,3533200.0204,6656.9809,6390.7016,266.2792,0.00163983,0.00157424,266.2792,6390.7016,0.00157424,266.2792,266.2792,266.2792,0.0000,0.0000,6390.7016,0.00157424,798.8377,767.3102,5858.1432,5889.6706,0.00144305,0.00145082,0.00006559,418.2083,379.7376,0.6869,61.6387,1.8384,37588.4109,89.7407,538.3845,395.5999,218.4789,430.6076,432.5446,432.5446,1046.441,1081.3617,427.0584,0.0,2.43015,2.511246,0.971205,30,216,96,2,0.20383968,0.00163983,-0.01249836,0E-8,0.000000,0.906607,0.000000,0.01775797,2026-03-22,2026-08-06,108,3621,2443,138,0.782609,1.360932,1.287360,0.679466,,,,,,,,GLOBAL_BASELINE_NO_ENTITY_RANKING,,,NOT_APPLICABLE_GLOBAL_BASELINE,HF9g-P5,,,,X 全窗基线 · 不参与实体赏罚,14199170,1420,A168_HF9F_20260827_0900,2026-08-27 09:00:00
2026-06-06,57024343,583,0,430.6075873057,-430.6075873057,-430.6075873057,0E-7,1,1,0.50665070000000000,0.506650700000,-1.013391052207602,-1.013391052207602,-1.013391052207602,0E-17,ELIGIBLE,R03b_20260811_FULL_v1,L1_ELIGIBILITY,v2026-08-11,2026-03-21..2026-08-06,baccarat_bet02_101_all_pairs_incl_sentinel,round_win = game_pnl > 0 (decisive only),COMPATIBILITY_ONLY_NOT_PRODUCTION,4059548.3812,3680416.6879,6656.9809,9707,9692,-0.00163983,0.01249836,-0.00525961,-0.00163983,-6656.9809,4059548.3812,OK,0.0000,266.2792,4.0000,96.0000,AG03-UNRESOLVED,ALL5_LEVELS_bet23_to_bet27,266.2792,266.2792,266.2792,0.0000,0.0000,4.000000,4.000000,4.000000,0.000000,0.000000,96.000000,96.000000,96.000000,100.000000,100.000000,5.0,798.8377,767.3102,5858.1432,5889.6706,PENDING_AG03,FALSE,NOT_FOR_ENFORCEMENT,6390.7016,3533200.0204,6656.9809,6390.7016,266.2792,0.00163983,0.00157424,266.2792,6390.7016,0.00157424,266.2792,266.2792,266.2792,0.0000,0.0000,6390.7016,0.00157424,798.8377,767.3102,5858.1432,5889.6706,0.00144305,0.00145082,0.00006559,418.2083,379.7376,0.6869,61.6387,1.8384,37588.4109,89.7407,538.3845,395.5999,218.4789,430.6076,432.5446,432.5446,1046.441,1081.3617,427.0584,0.0,2.43015,2.511246,0.971205,30,216,96,2,0.20383968,0.00163983,-0.01249836,0E-8,0.000000,0.906607,0.000000,0.01775797,2026-03-22,2026-08-06,108,3621,2443,138,0.782609,1.360932,1.287360,0.679466,,,,,,,,GLOBAL_BASELINE_NO_ENTITY_RANKING,,,NOT_APPLICABLE_GLOBAL_BASELINE,HF9g-P5,,,,X 全窗基线 · 不参与实体赏罚,14199171,1420,A168_HF9F_20260827_0900,2026-08-27 09:00:00
2026-06-06,57024343,948,0,1076.5189682641,602.8506222280,602.8506222280,0.7500000,4,4,0.50665070000000000,0.506650700000,0.9734833216690844,0.9734833216690844,0.9734833216690844,0E-17,ELIGIBLE,R03b_20260811_FULL_v1,L1_ELIGIBILITY,v2026-08-11,2026-03-21..2026-08-06,baccarat_bet02_101_all_pairs_incl_sentinel,round_win = game_pnl > 0 (decisive only),COMPATIBILITY_ONLY_NOT_PRODUCTION,4059548.3812,3680416.6879,6656.9809,9707,9692,-0.00163983,0.01249836,-0.00525961,-0.00163983,-6656.9809,4059548.3812,OK,0.0000,266.2792,4.0000,96.0000,AG03-UNRESOLVED,ALL5_LEVELS_bet23_to_bet27,266.2792,266.2792,266.2792,0.0000,0.0000,4.000000,4.000000,4.000000,0.000000,0.000000,96.000000,96.000000,96.000000,100.000000,100.000000,5.0,798.8377,767.3102,5858.1432,5889.6706,PENDING_AG03,FALSE,NOT_FOR_ENFORCEMENT,6390.7016,3533200.0204,6656.9809,6390.7016,266.2792,0.00163983,0.00157424,266.2792,6390.7016,0.00157424,266.2792,266.2792,266.2792,0.0000,0.0000,6390.7016,0.00157424,798.8377,767.3102,5858.1432,5889.6706,0.00144305,0.00145082,0.00006559,418.2083,379.7376,0.6869,61.6387,1.8384,37588.4109,89.7407,538.3845,395.5999,218.4789,430.6076,432.5446,432.5446,1046.441,1081.3617,427.0584,0.0,2.43015,2.511246,0.971205,30,216,96,2,0.20383968,0.00163983,-0.01249836,0E-8,0.000000,0.906607,0.000000,0.01775797,2026-03-22,2026-08-06,108,3621,2443,138,0.782609,1.360932,1.287360,0.679466,,,,,,,,GLOBAL_BASELINE_NO_ENTITY_RANKING,,,NOT_APPLICABLE_GLOBAL_BASELINE,HF9g-P5,,,,X 全窗基线 · 不参与实体赏罚,14199172,1420,A168_HF9F_20260827_0900,2026-08-27 09:00:00
2026-06-07,57024343,-1,1,6351.4619127580,-419.8423976227,-419.8423976227,0.4500000,26,26,0.50510394615384615,0.505103946154,-0.49289035823317223,-0.49289035823454996,-0.49289035823317223,-1.5385E-13,SENTINEL_DEALER,R03b_20260811_FULL_v1,L1_ELIGIBILITY,v2026-08-11,2026-03-21..2026-08-06,baccarat_bet02_101_all_pairs_incl_sentinel,round_win = game_pnl > 0 (decisive only),COMPATIBILITY_ONLY_NOT_PRODUCTION,4059548.3812,3680416.6879,6656.9809,9707,9692,-0.00163983,0.01249836,-0.00525961,-0.00163983,-6656.9809,4059548.3812,OK,0.0000,266.2792,4.0000,96.0000,AG03-UNRESOLVED,ALL5_LEVELS_bet23_to_bet27,266.2792,266.2792,266.2792,0.0000,0.0000,4.000000,4.000000,4.000000,0.000000,0.000000,96.000000,96.000000,96.000000,100.000000,100.000000,5.0,798.8377,767.3102,5858.1432,5889.6706,PENDING_AG03,FALSE,NOT_FOR_ENFORCEMENT,6390.7016,3533200.0204,6656.9809,6390.7016,266.2792,0.00163983,0.00157424,266.2792,6390.7016,0.00157424,266.2792,266.2792,266.2792,0.0000,0.0000,6390.7016,0.00157424,798.8377,767.3102,5858.1432,5889.6706,0.00144305,0.00145082,0.00006559,418.2083,379.7376,0.6869,61.6387,1.8384,37588.4109,89.7407,538.3845,395.5999,218.4789,430.6076,432.5446,432.5446,1046.441,1081.3617,427.0584,0.0,2.43015,2.511246,0.971205,30,216,96,2,0.20383968,0.00163983,-0.01249836,0E-8,0.000000,0.906607,0.000000,0.01775797,2026-03-22,2026-08-06,108,3621,2443,138,0.782609,1.360932,1.287360,0.679466,,,,,,,,GLOBAL_BASELINE_NO_ENTITY_RANKING,,,NOT_APPLICABLE_GLOBAL_BASELINE,HF9g-P5,,,,X 全窗基线 · 不参与实体赏罚,14199173,1420,A168_HF9F_20260827_0900,2026-08-27 09:00:00
2026-06-07,57024343,1318,0,1614.7784523961,274.5123369075,274.5123369075,0.5714286,7,7,0.50473567142857143,0.504735671429,0.35292148522900274,0.3529214852267378,0.35292148522900274,-4.2857E-13,ELIGIBLE,R03b_20260811_FULL_v1,L1_ELIGIBILITY,v2026-08-11,2026-03-21..2026-08-06,baccarat_bet02_101_all_pairs_incl_sentinel,round_win = game_pnl > 0 (decisive only),COMPATIBILITY_ONLY_NOT_PRODUCTION,4059548.3812,3680416.6879,6656.9809,9707,9692,-0.00163983,0.01249836,-0.00525961,-0.00163983,-6656.9809,4059548.3812,OK,0.0000,266.2792,4.0000,96.0000,AG03-UNRESOLVED,ALL5_LEVELS_bet23_to_bet27,266.2792,266.2792,266.2792,0.0000,0.0000,4.000000,4.000000,4.000000,0.000000,0.000000,96.000000,96.000000,96.000000,100.000000,100.000000,5.0,798.8377,767.3102,5858.1432,5889.6706,PENDING_AG03,FALSE,NOT_FOR_ENFORCEMENT,6390.7016,3533200.0204,6656.9809,6390.7016,266.2792,0.00163983,0.00157424,266.2792,6390.7016,0.00157424,266.2792,266.2792,266.2792,0.0000,0.0000,6390.7016,0.00157424,798.8377,767.3102,5858.1432,5889.6706,0.00144305,0.00145082,0.00006559,418.2083,379.7376,0.6869,61.6387,1.8384,37588.4109,89.7407,538.3845,395.5999,218.4789,430.6076,432.5446,432.5446,1046.441,1081.3617,427.0584,0.0,2.43015,2.511246,0.971205,30,216,96,2,0.20383968,0.00163983,-0.01249836,0E-8,0.000000,0.906607,0.000000,0.01775797,2026-03-22,2026-08-06,108,3621,2443,138,0.782609,1.360932,1.287360,0.679466,,,,,,,,GLOBAL_BASELINE_NO_ENTITY_RANKING,,,NOT_APPLICABLE_GLOBAL_BASELINE,HF9g-P5,,,,X 全窗基线 · 不参与实体赏罚,14199174,1420,A168_HF9F_20260827_0900,2026-08-27 09:00:00
2026-06-07,57024343,1325,0,2583.6455238339,156.0952503983,156.0952503983,0.6000000,10,10,0.50396966000000000,0.503969660000,0.6073683401265829,0.6073683401265829,0.6073683401265829,0E-17,ELIGIBLE,R03b_20260811_FULL_v1,L1_ELIGIBILITY,v2026-08-11,2026-03-21..2026-08-06,baccarat_bet02_101_all_pairs_incl_sentinel,round_win = game_pnl > 0 (decisive only),COMPATIBILITY_ONLY_NOT_PRODUCTION,4059548.3812,3680416.6879,6656.9809,9707,9692,-0.00163983,0.01249836,-0.00525961,-0.00163983,-6656.9809,4059548.3812,OK,0.0000,266.2792,4.0000,96.0000,AG03-UNRESOLVED,ALL5_LEVELS_bet23_to_bet27,266.2792,266.2792,266.2792,0.0000,0.0000,4.000000,4.000000,4.000000,0.000000,0.000000,96.000000,96.000000,96.000000,100.000000,100.000000,5.0,798.8377,767.3102,5858.1432,5889.6706,PENDING_AG03,FALSE,NOT_FOR_ENFORCEMENT,6390.7016,3533200.0204,6656.9809,6390.7016,266.2792,0.00163983,0.00157424,266.2792,6390.7016,0.00157424,266.2792,266.2792,266.2792,0.0000,0.0000,6390.7016,0.00157424,798.8377,767.3102,5858.1432,5889.6706,0.00144305,0.00145082,0.00006559,418.2083,379.7376,0.6869,61.6387,1.8384,37588.4109,89.7407,538.3845,395.5999,218.4789,430.6076,432.5446,432.5446,1046.441,1081.3617,427.0584,0.0,2.43015,2.511246,0.971205,30,216,96,2,0.20383968,0.00163983,-0.01249836,0E-8,0.000000,0.906607,0.000000,0.01775797,2026-03-22,2026-08-06,108,3621,2443,138,0.782609,1.360932,1.287360,0.679466,,,,,,,,GLOBAL_BASELINE_NO_ENTITY_RANKING,,,NOT_APPLICABLE_GLOBAL_BASELINE,HF9g-P5,,,,X 全窗基线 · 不参与实体赏罚,14199175,1420,A168_HF9F_20260827_0900,2026-08-27 09:00:00
2026-06-07,57024343,1331,0,645.9113809584,193.7734142876,193.7734142876,0.6666667,3,3,0.50665070000000000,0.506650700000,0.5543606114942035,0.5543606114942035,0.5543606114942035,0E-17,ELIGIBLE,R03b_20260811_FULL_v1,L1_ELIGIBILITY,v2026-08-11,2026-03-21..2026-08-06,baccarat_bet02_101_all_pairs_incl_sentinel,round_win = game_pnl > 0 (decisive only),COMPATIBILITY_ONLY_NOT_PRODUCTION,4059548.3812,3680416.6879,6656.9809,9707,9692,-0.00163983,0.01249836,-0.00525961,-0.00163983,-6656.9809,4059548.3812,OK,0.0000,266.2792,4.0000,96.0000,AG03-UNRESOLVED,ALL5_LEVELS_bet23_to_bet27,266.2792,266.2792,266.2792,0.0000,0.0000,4.000000,4.000000,4.000000,0.000000,0.000000,96.000000,96.000000,96.000000,100.000000,100.000000,5.0,798.8377,767.3102,5858.1432,5889.6706,PENDING_AG03,FALSE,NOT_FOR_ENFORCEMENT,6390.7016,3533200.0204,6656.9809,6390.7016,266.2792,0.00163983,0.00157424,266.2792,6390.7016,0.00157424,266.2792,266.2792,266.2792,0.0000,0.0000,6390.7016,0.00157424,798.8377,767.3102,5858.1432,5889.6706,0.00144305,0.00145082,0.00006559,418.2083,379.7376,0.6869,61.6387,1.8384,37588.4109,89.7407,538.3845,395.5999,218.4789,430.6076,432.5446,432.5446,1046.441,1081.3617,427.0584,0.0,2.43015,2.511246,0.971205,30,216,96,2,0.20383968,0.00163983,-0.01249836,0E-8,0.000000,0.906607,0.000000,0.01775797,2026-03-22,2026-08-06,108,3621,2443,138,0.782609,1.360932,1.287360,0.679466,,,,,,,,GLOBAL_BASELINE_NO_ENTITY_RANKING,,,NOT_APPLICABLE_GLOBAL_BASELINE,HF9g-P5,,,,X 全窗基线 · 不参与实体赏罚,14199176,1420,A168_HF9F_20260827_0900,2026-08-27 09:00:00
2026-06-07,57024343,1382,0,1184.1708650905,80.7389226199,80.7389226199,0.5000000,5,5,0.50396966000000000,0.503969660000,-0.0158791404612453,-0.0158791404612453,-0.0158791404612453,0E-17,ELIGIBLE,R03b_20260811_FULL_v1,L1_ELIGIBILITY,v2026-08-11,2026-03-21..2026-08-06,baccarat_bet02_101_all_pairs_incl_sentinel,round_win = game_pnl > 0 (decisive only),COMPATIBILITY_ONLY_NOT_PRODUCTION,4059548.3812,3680416.6879,6656.9809,9707,9692,-0.00163983,0.01249836,-0.00525961,-0.00163983,-6656.9809,4059548.3812,OK,0.0000,266.2792,4.0000,96.0000,AG03-UNRESOLVED,ALL5_LEVELS_bet23_to_bet27,266.2792,266.2792,266.2792,0.0000,0.0000,4.000000,4.000000,4.000000,0.000000,0.000000,96.000000,96.000000,96.000000,100.000000,100.000000,5.0,798.8377,767.3102,5858.1432,5889.6706,PENDING_AG03,FALSE,NOT_FOR_ENFORCEMENT,6390.7016,3533200.0204,6656.9809,6390.7016,266.2792,0.00163983,0.00157424,266.2792,6390.7016,0.00157424,266.2792,266.2792,266.2792,0.0000,0.0000,6390.7016,0.00157424,798.8377,767.3102,5858.1432,5889.6706,0.00144305,0.00145082,0.00006559,418.2083,379.7376,0.6869,61.6387,1.8384,37588.4109,89.7407,538.3845,395.5999,218.4789,430.6076,432.5446,432.5446,1046.441,1081.3617,427.0584,0.0,2.43015,2.511246,0.971205,30,216,96,2,0.20383968,0.00163983,-0.01249836,0E-8,0.000000,0.906607,0.000000,0.01775797,2026-03-22,2026-08-06,108,3621,2443,138,0.782609,1.360932,1.287360,0.679466,,,,,,,,GLOBAL_BASELINE_NO_ENTITY_RANKING,,,NOT_APPLICABLE_GLOBAL_BASELINE,HF9g-P5,,,,X 全窗基线 · 不参与实体赏罚,14199177,1420,A168_HF9F_20260827_0900,2026-08-27 09:00:00
2026-06-07,57024343,1383,0,1076.5189682640,-441.3727769882,-441.3727769882,0.2500000,5,5,0.50396966000000000,0.503969660000,-1.01591065835228,-1.0159106583522801,-1.01591065835228,0E-17,ELIGIBLE,R03b_20260811_FULL_v1,L1_ELIGIBILITY,v2026-08-11,2026-03-21..2026-08-06,baccarat_bet02_101_all_pairs_incl_sentinel,round_win = game_pnl > 0 (decisive only),COMPATIBILITY_ONLY_NOT_PRODUCTION,4059548.3812,3680416.6879,6656.9809,9707,9692,-0.00163983,0.01249836,-0.00525961,-0.00163983,-6656.9809,4059548.3812,OK,0.0000,266.2792,4.0000,96.0000,AG03-UNRESOLVED,ALL5_LEVELS_bet23_to_bet27,266.2792,266.2792,266.2792,0.0000,0.0000,4.000000,4.000000,4.000000,0.000000,0.000000,96.000000,96.000000,96.000000,100.000000,100.000000,5.0,798.8377,767.3102,5858.1432,5889.6706,PENDING_AG03,FALSE,NOT_FOR_ENFORCEMENT,6390.7016,3533200.0204,6656.9809,6390.7016,266.2792,0.00163983,0.00157424,266.2792,6390.7016,0.00157424,266.2792,266.2792,266.2792,0.0000,0.0000,6390.7016,0.00157424,798.8377,767.3102,5858.1432,5889.6706,0.00144305,0.00145082,0.00006559,418.2083,379.7376,0.6869,61.6387,1.8384,37588.4109,89.7407,538.3845,395.5999,218.4789,430.6076,432.5446,432.5446,1046.441,1081.3617,427.0584,0.0,2.43015,2.511246,0.971205,30,216,96,2,0.20383968,0.00163983,-0.01249836,0E-8,0.000000,0.906607,0.000000,0.01775797,2026-03-22,2026-08-06,108,3621,2443,138,0.782609,1.360932,1.287360,0.679466,,,,,,,,GLOBAL_BASELINE_NO_ENTITY_RANKING,,,NOT_APPLICABLE_GLOBAL_BASELINE,HF9g-P5,,,,X 全窗基线 · 不参与实体赏罚,14199178,1420,A168_HF9F_20260827_0900,2026-08-27 09:00:00
2026-06-07,57024343,1704,0,1507.1265555696,387.5468285752,387.5468285752,0.6666667,7,7,0.50665070000000000,0.506650700000,0.7839842952205449,0.7839842952205449,0.7839842952205449,0E-17,ELIGIBLE,R03b_20260811_FULL_v1,L1_ELIGIBILITY,v2026-08-11,2026-03-21..2026-08-06,baccarat_bet02_101_all_pairs_incl_sentinel,round_win = game_pnl > 0 (decisive only),COMPATIBILITY_ONLY_NOT_PRODUCTION,4059548.3812,3680416.6879,6656.9809,9707,9692,-0.00163983,0.01249836,-0.00525961,-0.00163983,-6656.9809,4059548.3812,OK,0.0000,266.2792,4.0000,96.0000,AG03-UNRESOLVED,ALL5_LEVELS_bet23_to_bet27,266.2792,266.2792,266.2792,0.0000,0.0000,4.000000,4.000000,4.000000,0.000000,0.000000,96.000000,96.000000,96.000000,100.000000,100.000000,5.0,798.8377,767.3102,5858.1432,5889.6706,PENDING_AG03,FALSE,NOT_FOR_ENFORCEMENT,6390.7016,3533200.0204,6656.9809,6390.7016,266.2792,0.00163983,0.00157424,266.2792,6390.7016,0.00157424,266.2792,266.2792,266.2792,0.0000,0.0000,6390.7016,0.00157424,798.8377,767.3102,5858.1432,5889.6706,0.00144305,0.00145082,0.00006559,418.2083,379.7376,0.6869,61.6387,1.8384,37588.4109,89.7407,538.3845,395.5999,218.4789,430.6076,432.5446,432.5446,1046.441,1081.3617,427.0584,0.0,2.43015,2.511246,0.971205,30,216,96,2,0.20383968,0.00163983,-0.01249836,0E-8,0.000000,0.906607,0.000000,0.01775797,2026-03-22,2026-08-06,108,3621,2443,138,0.782609,1.360932,1.287360,0.679466,,,,,,,,GLOBAL_BASELINE_NO_ENTITY_RANKING,,,NOT_APPLICABLE_GLOBAL_BASELINE,HF9g-P5,,,,X 全窗基线 · 不参与实体赏罚,14199179,1420,A168_HF9F_20260827_0900,2026-08-27 09:00:00
2026-06-07,57024343,1710,0,215.3037936528,-215.3037936528,-215.3037936528,0E-7,1,1,0.50665070000000000,0.506650700000,-1.013391052207602,-1.013391052207602,-1.013391052207602,0E-17,ELIGIBLE,R03b_20260811_FULL_v1,L1_ELIGIBILITY,v2026-08-11,2026-03-21..2026-08-06,baccarat_bet02_101_all_pairs_incl_sentinel,round_win = game_pnl > 0 (decisive only),COMPATIBILITY_ONLY_NOT_PRODUCTION,4059548.3812,3680416.6879,6656.9809,9707,9692,-0.00163983,0.01249836,-0.00525961,-0.00163983,-6656.9809,4059548.3812,OK,0.0000,266.2792,4.0000,96.0000,AG03-UNRESOLVED,ALL5_LEVELS_bet23_to_bet27,266.2792,266.2792,266.2792,0.0000,0.0000,4.000000,4.000000,4.000000,0.000000,0.000000,96.000000,96.000000,96.000000,100.000000,100.000000,5.0,798.8377,767.3102,5858.1432,5889.6706,PENDING_AG03,FALSE,NOT_FOR_ENFORCEMENT,6390.7016,3533200.0204,6656.9809,6390.7016,266.2792,0.00163983,0.00157424,266.2792,6390.7016,0.00157424,266.2792,266.2792,266.2792,0.0000,0.0000,6390.7016,0.00157424,798.8377,767.3102,5858.1432,5889.6706,0.00144305,0.00145082,0.00006559,418.2083,379.7376,0.6869,61.6387,1.8384,37588.4109,89.7407,538.3845,395.5999,218.4789,430.6076,432.5446,432.5446,1046.441,1081.3617,427.0584,0.0,2.43015,2.511246,0.971205,30,216,96,2,0.20383968,0.00163983,-0.01249836,0E-8,0.000000,0.906607,0.000000,0.01775797,2026-03-22,2026-08-06,108,3621,2443,138,0.782609,1.360932,1.287360,0.679466,,,,,,,,GLOBAL_BASELINE_NO_ENTITY_RANKING,,,NOT_APPLICABLE_GLOBAL_BASELINE,HF9g-P5,,,,X 全窗基线 · 不参与实体赏罚,14199180,1420,A168_HF9F_20260827_0900,2026-08-27 09:00:00
2026-06-07,57024343,1990,0,1184.1708650905,-344.4860698445,-344.4860698445,0.4000000,5,5,0.50396966000000000,0.503969660000,-0.4649811094771361,-0.4649811094771361,-0.4649811094771361,0E-17,ELIGIBLE,R03b_20260811_FULL_v1,L1_ELIGIBILITY,v2026-08-11,2026-03-21..2026-08-06,baccarat_bet02_101_all_pairs_incl_sentinel,round_win = game_pnl > 0 (decisive only),COMPATIBILITY_ONLY_NOT_PRODUCTION,4059548.3812,3680416.6879,6656.9809,9707,9692,-0.00163983,0.01249836,-0.00525961,-0.00163983,-6656.9809,4059548.3812,OK,0.0000,266.2792,4.0000,96.0000,AG03-UNRESOLVED,ALL5_LEVELS_bet23_to_bet27,266.2792,266.2792,266.2792,0.0000,0.0000,4.000000,4.000000,4.000000,0.000000,0.000000,96.000000,96.000000,96.000000,100.000000,100.000000,5.0,798.8377,767.3102,5858.1432,5889.6706,PENDING_AG03,FALSE,NOT_FOR_ENFORCEMENT,6390.7016,3533200.0204,6656.9809,6390.7016,266.2792,0.00163983,0.00157424,266.2792,6390.7016,0.00157424,266.2792,266.2792,266.2792,0.0000,0.0000,6390.7016,0.00157424,798.8377,767.3102,5858.1432,5889.6706,0.00144305,0.00145082,0.00006559,418.2083,379.7376,0.6869,61.6387,1.8384,37588.4109,89.7407,538.3845,395.5999,218.4789,430.6076,432.5446,432.5446,1046.441,1081.3617,427.0584,0.0,2.43015,2.511246,0.971205,30,216,96,2,0.20383968,0.00163983,-0.01249836,0E-8,0.000000,0.906607,0.000000,0.01775797,2026-03-22,2026-08-06,108,3621,2443,138,0.782609,1.360932,1.287360,0.679466,,,,,,,,GLOBAL_BASELINE_NO_ENTITY_RANKING,,,NOT_APPLICABLE_GLOBAL_BASELINE,HF9g-P5,,,,X 全窗基线 · 不参与实体赏罚,14199181,1420,A168_HF9F_20260827_0900,2026-08-27 09:00:00
2026-06-07,57024343,2103,0,1722.4303492224,-236.8341730180,-236.8341730180,0.4285714,8,8,0.50497505000000000,0.504975050000,-0.4043099778764335,-0.4043099778764335,-0.4043099778764335,0E-17,ELIGIBLE,R03b_20260811_FULL_v1,L1_ELIGIBILITY,v2026-08-11,2026-03-21..2026-08-06,baccarat_bet02_101_all_pairs_incl_sentinel,round_win = game_pnl > 0 (decisive only),COMPATIBILITY_ONLY_NOT_PRODUCTION,4059548.3812,3680416.6879,6656.9809,9707,9692,-0.00163983,0.01249836,-0.00525961,-0.00163983,-6656.9809,4059548.3812,OK,0.0000,266.2792,4.0000,96.0000,AG03-UNRESOLVED,ALL5_LEVELS_bet23_to_bet27,266.2792,266.2792,266.2792,0.0000,0.0000,4.000000,4.000000,4.000000,0.000000,0.000000,96.000000,96.000000,96.000000,100.000000,100.000000,5.0,798.8377,767.3102,5858.1432,5889.6706,PENDING_AG03,FALSE,NOT_FOR_ENFORCEMENT,6390.7016,3533200.0204,6656.9809,6390.7016,266.2792,0.00163983,0.00157424,266.2792,6390.7016,0.00157424,266.2792,266.2792,266.2792,0.0000,0.0000,6390.7016,0.00157424,798.8377,767.3102,5858.1432,5889.6706,0.00144305,0.00145082,0.00006559,418.2083,379.7376,0.6869,61.6387,1.8384,37588.4109,89.7407,538.3845,395.5999,218.4789,430.6076,432.5446,432.5446,1046.441,1081.3617,427.0584,0.0,2.43015,2.511246,0.971205,30,216,96,2,0.20383968,0.00163983,-0.01249836,0E-8,0.000000,0.906607,0.000000,0.01775797,2026-03-22,2026-08-06,108,3621,2443,138,0.782609,1.360932,1.287360,0.679466,,,,,,,,GLOBAL_BASELINE_NO_ENTITY_RANKING,,,NOT_APPLICABLE_GLOBAL_BASELINE,HF9g-P5,,,,X 全窗基线 · 不参与实体赏罚,14199182,1420,A168_HF9F_20260827_0900,2026-08-27 09:00:00
2026-06-07,57024343,2115,0,861.2151746112,419.8423976230,419.8423976230,0.7500000,4,4,0.49994810000000000,0.499948100000,1.0002076053883384,1.0002076053883384,1.0002076053883384,0E-17,ELIGIBLE,R03b_20260811_FULL_v1,L1_ELIGIBILITY,v2026-08-11,2026-03-21..2026-08-06,baccarat_bet02_101_all_pairs_incl_sentinel,round_win = game_pnl > 0 (decisive only),COMPATIBILITY_ONLY_NOT_PRODUCTION,4059548.3812,3680416.6879,6656.9809,9707,9692,-0.00163983,0.01249836,-0.00525961,-0.00163983,-6656.9809,4059548.3812,OK,0.0000,266.2792,4.0000,96.0000,AG03-UNRESOLVED,ALL5_LEVELS_bet23_to_bet27,266.2792,266.2792,266.2792,0.0000,0.0000,4.000000,4.000000,4.000000,0.000000,0.000000,96.000000,96.000000,96.000000,100.000000,100.000000,5.0,798.8377,767.3102,5858.1432,5889.6706,PENDING_AG03,FALSE,NOT_FOR_ENFORCEMENT,6390.7016,3533200.0204,6656.9809,6390.7016,266.2792,0.00163983,0.00157424,266.2792,6390.7016,0.00157424,266.2792,266.2792,266.2792,0.0000,0.0000,6390.7016,0.00157424,798.8377,767.3102,5858.1432,5889.6706,0.00144305,0.00145082,0.00006559,418.2083,379.7376,0.6869,61.6387,1.8384,37588.4109,89.7407,538.3845,395.5999,218.4789,430.6076,432.5446,432.5446,1046.441,1081.3617,427.0584,0.0,2.43015,2.511246,0.971205,30,216,96,2,0.20383968,0.00163983,-0.01249836,0E-8,0.000000,0.906607,0.000000,0.01775797,2026-03-22,2026-08-06,108,3621,2443,138,0.782609,1.360932,1.287360,0.679466,,,,,,,,GLOBAL_BASELINE_NO_ENTITY_RANKING,,,NOT_APPLICABLE_GLOBAL_BASELINE,HF9g-P5,,,,X 全窗基线 · 不参与实体赏罚,14199183,1420,A168_HF9F_20260827_0900,2026-08-27 09:00:00
2026-06-07,57024343,2130,0,968.8670714377,107.6518968263,107.6518968263,0.6666667,4,4,0.49994810000000000,0.499948100000,0.5775300591747329,0.5775300591747329,0.5775300591747329,0E-17,ELIGIBLE,R03b_20260811_FULL_v1,L1_ELIGIBILITY,v2026-08-11,2026-03-21..2026-08-06,baccarat_bet02_101_all_pairs_incl_sentinel,round_win = game_pnl > 0 (decisive only),COMPATIBILITY_ONLY_NOT_PRODUCTION,4059548.3812,3680416.6879,6656.9809,9707,9692,-0.00163983,0.01249836,-0.00525961,-0.00163983,-6656.9809,4059548.3812,OK,0.0000,266.2792,4.0000,96.0000,AG03-UNRESOLVED,ALL5_LEVELS_bet23_to_bet27,266.2792,266.2792,266.2792,0.0000,0.0000,4.000000,4.000000,4.000000,0.000000,0.000000,96.000000,96.000000,96.000000,100.000000,100.000000,5.0,798.8377,767.3102,5858.1432,5889.6706,PENDING_AG03,FALSE,NOT_FOR_ENFORCEMENT,6390.7016,3533200.0204,6656.9809,6390.7016,266.2792,0.00163983,0.00157424,266.2792,6390.7016,0.00157424,266.2792,266.2792,266.2792,0.0000,0.0000,6390.7016,0.00157424,798.8377,767.3102,5858.1432,5889.6706,0.00144305,0.00145082,0.00006559,418.2083,379.7376,0.6869,61.6387,1.8384,37588.4109,89.7407,538.3845,395.5999,218.4789,430.6076,432.5446,432.5446,1046.441,1081.3617,427.0584,0.0,2.43015,2.511246,0.971205,30,216,96,2,0.20383968,0.00163983,-0.01249836,0E-8,0.000000,0.906607,0.000000,0.01775797,2026-03-22,2026-08-06,108,3621,2443,138,0.782609,1.360932,1.287360,0.679466,,,,,,,,GLOBAL_BASELINE_NO_ENTITY_RANKING,,,NOT_APPLICABLE_GLOBAL_BASELINE,HF9g-P5,,,,X 全窗基线 · 不参与实体赏罚,14199184,1420,A168_HF9F_20260827_0900,2026-08-27 09:00:00
2026-06-07,57024343,2142,0,2368.3417301810,-452.1379666710,-452.1379666710,0.4444444,10,10,0.50128862000000000,0.501288620000,-0.34106618604432953,-0.3410661860443296,-0.34106618604432953,0E-17,ELIGIBLE,R03b_20260811_FULL_v1,L1_ELIGIBILITY,v2026-08-11,2026-03-21..2026-08-06,baccarat_bet02_101_all_pairs_incl_sentinel,round_win = game_pnl > 0 (decisive only),COMPATIBILITY_ONLY_NOT_PRODUCTION,4059548.3812,3680416.6879,6656.9809,9707,9692,-0.00163983,0.01249836,-0.00525961,-0.00163983,-6656.9809,4059548.3812,OK,0.0000,266.2792,4.0000,96.0000,AG03-UNRESOLVED,ALL5_LEVELS_bet23_to_bet27,266.2792,266.2792,266.2792,0.0000,0.0000,4.000000,4.000000,4.000000,0.000000,0.000000,96.000000,96.000000,96.000000,100.000000,100.000000,5.0,798.8377,767.3102,5858.1432,5889.6706,PENDING_AG03,FALSE,NOT_FOR_ENFORCEMENT,6390.7016,3533200.0204,6656.9809,6390.7016,266.2792,0.00163983,0.00157424,266.2792,6390.7016,0.00157424,266.2792,266.2792,266.2792,0.0000,0.0000,6390.7016,0.00157424,798.8377,767.3102,5858.1432,5889.6706,0.00144305,0.00145082,0.00006559,418.2083,379.7376,0.6869,61.6387,1.8384,37588.4109,89.7407,538.3845,395.5999,218.4789,430.6076,432.5446,432.5446,1046.441,1081.3617,427.0584,0.0,2.43015,2.511246,0.971205,30,216,96,2,0.20383968,0.00163983,-0.01249836,0E-8,0.000000,0.906607,0.000000,0.01775797,2026-03-22,2026-08-06,108,3621,2443,138,0.782609,1.360932,1.287360,0.679466,,,,,,,,GLOBAL_BASELINE_NO_ENTITY_RANKING,,,NOT_APPLICABLE_GLOBAL_BASELINE,HF9g-P5,,,,X 全窗基线 · 不参与实体赏罚,14199185,1420,A168_HF9F_20260827_0900,2026-08-27 09:00:00
2026-06-07,57024343,2147,0,1184.1708650906,511.3465099255,511.3465099255,1.0000000,4,4,0.50329940000000000,0.503299400000,1.4049120381089935,1.4049120381089935,1.4049120381089935,0E-17,ELIGIBLE,R03b_20260811_FULL_v1,L1_ELIGIBILITY,v2026-08-11,2026-03-21..2026-08-06,baccarat_bet02_101_all_pairs_incl_sentinel,round_win = game_pnl > 0 (decisive only),COMPATIBILITY_ONLY_NOT_PRODUCTION,4059548.3812,3680416.6879,6656.9809,9707,9692,-0.00163983,0.01249836,-0.00525961,-0.00163983,-6656.9809,4059548.3812,OK,0.0000,266.2792,4.0000,96.0000,AG03-UNRESOLVED,ALL5_LEVELS_bet23_to_bet27,266.2792,266.2792,266.2792,0.0000,0.0000,4.000000,4.000000,4.000000,0.000000,0.000000,96.000000,96.000000,96.000000,100.000000,100.000000,5.0,798.8377,767.3102,5858.1432,5889.6706,PENDING_AG03,FALSE,NOT_FOR_ENFORCEMENT,6390.7016,3533200.0204,6656.9809,6390.7016,266.2792,0.00163983,0.00157424,266.2792,6390.7016,0.00157424,266.2792,266.2792,266.2792,0.0000,0.0000,6390.7016,0.00157424,798.8377,767.3102,5858.1432,5889.6706,0.00144305,0.00145082,0.00006559,418.2083,379.7376,0.6869,61.6387,1.8384,37588.4109,89.7407,538.3845,395.5999,218.4789,430.6076,432.5446,432.5446,1046.441,1081.3617,427.0584,0.0,2.43015,2.511246,0.971205,30,216,96,2,0.20383968,0.00163983,-0.01249836,0E-8,0.000000,0.906607,0.000000,0.01775797,2026-03-22,2026-08-06,108,3621,2443,138,0.782609,1.360932,1.287360,0.679466,,,,,,,,GLOBAL_BASELINE_NO_ENTITY_RANKING,,,NOT_APPLICABLE_GLOBAL_BASELINE,HF9g-P5,,,,X 全窗基线 · 不参与实体赏罚,14199186,1420,A168_HF9F_20260827_0900,2026-08-27 09:00:00
2026-06-07,57024343,2152,0,861.2151746112,-21.5303793652,-21.5303793652,0.5000000,4,4,0.50329940000000000,0.503299400000,-0.01319788734859681,-0.01319788734859681,-0.01319788734859681,0E-17,ELIGIBLE,R03b_20260811_FULL_v1,L1_ELIGIBILITY,v2026-08-11,2026-03-21..2026-08-06,baccarat_bet02_101_all_pairs_incl_sentinel,round_win = game_pnl > 0 (decisive only),COMPATIBILITY_ONLY_NOT_PRODUCTION,4059548.3812,3680416.6879,6656.9809,9707,9692,-0.00163983,0.01249836,-0.00525961,-0.00163983,-6656.9809,4059548.3812,OK,0.0000,266.2792,4.0000,96.0000,AG03-UNRESOLVED,ALL5_LEVELS_bet23_to_bet27,266.2792,266.2792,266.2792,0.0000,0.0000,4.000000,4.000000,4.000000,0.000000,0.000000,96.000000,96.000000,96.000000,100.000000,100.000000,5.0,798.8377,767.3102,5858.1432,5889.6706,PENDING_AG03,FALSE,NOT_FOR_ENFORCEMENT,6390.7016,3533200.0204,6656.9809,6390.7016,266.2792,0.00163983,0.00157424,266.2792,6390.7016,0.00157424,266.2792,266.2792,266.2792,0.0000,0.0000,6390.7016,0.00157424,798.8377,767.3102,5858.1432,5889.6706,0.00144305,0.00145082,0.00006559,418.2083,379.7376,0.6869,61.6387,1.8384,37588.4109,89.7407,538.3845,395.5999,218.4789,430.6076,432.5446,432.5446,1046.441,1081.3617,427.0584,0.0,2.43015,2.511246,0.971205,30,216,96,2,0.20383968,0.00163983,-0.01249836,0E-8,0.000000,0.906607,0.000000,0.01775797,2026-03-22,2026-08-06,108,3621,2443,138,0.782609,1.360932,1.287360,0.679466,,,,,,,,GLOBAL_BASELINE_NO_ENTITY_RANKING,,,NOT_APPLICABLE_GLOBAL_BASELINE,HF9g-P5,,,,X 全窗基线 · 不参与实体赏罚,14199187,1420,A168_HF9F_20260827_0900,2026-08-27 09:00:00
2026-06-07,57024343,2155,0,645.9113809584,-226.0689833354,-226.0689833354,0.3333333,3,3,0.50665070000000000,0.506650700000,-0.6004420894325239,-0.6004420894325239,-0.6004420894325239,0E-17,ELIGIBLE,R03b_20260811_FULL_v1,L1_ELIGIBILITY,v2026-08-11,2026-03-21..2026-08-06,baccarat_bet02_101_all_pairs_incl_sentinel,round_win = game_pnl > 0 (decisive only),COMPATIBILITY_ONLY_NOT_PRODUCTION,4059548.3812,3680416.6879,6656.9809,9707,9692,-0.00163983,0.01249836,-0.00525961,-0.00163983,-6656.9809,4059548.3812,OK,0.0000,266.2792,4.0000,96.0000,AG03-UNRESOLVED,ALL5_LEVELS_bet23_to_bet27,266.2792,266.2792,266.2792,0.0000,0.0000,4.000000,4.000000,4.000000,0.000000,0.000000,96.000000,96.000000,96.000000,100.000000,100.000000,5.0,798.8377,767.3102,5858.1432,5889.6706,PENDING_AG03,FALSE,NOT_FOR_ENFORCEMENT,6390.7016,3533200.0204,6656.9809,6390.7016,266.2792,0.00163983,0.00157424,266.2792,6390.7016,0.00157424,266.2792,266.2792,266.2792,0.0000,0.0000,6390.7016,0.00157424,798.8377,767.3102,5858.1432,5889.6706,0.00144305,0.00145082,0.00006559,418.2083,379.7376,0.6869,61.6387,1.8384,37588.4109,89.7407,538.3845,395.5999,218.4789,430.6076,432.5446,432.5446,1046.441,1081.3617,427.0584,0.0,2.43015,2.511246,0.971205,30,216,96,2,0.20383968,0.00163983,-0.01249836,0E-8,0.000000,0.906607,0.000000,0.01775797,2026-03-22,2026-08-06,108,3621,2443,138,0.782609,1.360932,1.287360,0.679466,,,,,,,,GLOBAL_BASELINE_NO_ENTITY_RANKING,,,NOT_APPLICABLE_GLOBAL_BASELINE,HF9g-P5,,,,X 全窗基线 · 不参与实体赏罚,14199188,1420,A168_HF9F_20260827_0900,2026-08-27 09:00:00
2026-06-07,57024343,2156,0,753.5632777849,-333.7208801619,-333.7208801619,0.3333333,3,3,0.50665070000000000,0.506650700000,-0.6004420894325239,-0.6004420894325239,-0.6004420894325239,0E-17,ELIGIBLE,R03b_20260811_FULL_v1,L1_ELIGIBILITY,v2026-08-11,2026-03-21..2026-08-06,baccarat_bet02_101_all_pairs_incl_sentinel,round_win = game_pnl > 0 (decisive only),COMPATIBILITY_ONLY_NOT_PRODUCTION,4059548.3812,3680416.6879,6656.9809,9707,9692,-0.00163983,0.01249836,-0.00525961,-0.00163983,-6656.9809,4059548.3812,OK,0.0000,266.2792,4.0000,96.0000,AG03-UNRESOLVED,ALL5_LEVELS_bet23_to_bet27,266.2792,266.2792,266.2792,0.0000,0.0000,4.000000,4.000000,4.000000,0.000000,0.000000,96.000000,96.000000,96.000000,100.000000,100.000000,5.0,798.8377,767.3102,5858.1432,5889.6706,PENDING_AG03,FALSE,NOT_FOR_ENFORCEMENT,6390.7016,3533200.0204,6656.9809,6390.7016,266.2792,0.00163983,0.00157424,266.2792,6390.7016,0.00157424,266.2792,266.2792,266.2792,0.0000,0.0000,6390.7016,0.00157424,798.8377,767.3102,5858.1432,5889.6706,0.00144305,0.00145082,0.00006559,418.2083,379.7376,0.6869,61.6387,1.8384,37588.4109,89.7407,538.3845,395.5999,218.4789,430.6076,432.5446,432.5446,1046.441,1081.3617,427.0584,0.0,2.43015,2.511246,0.971205,30,216,96,2,0.20383968,0.00163983,-0.01249836,0E-8,0.000000,0.906607,0.000000,0.01775797,2026-03-22,2026-08-06,108,3621,2443,138,0.782609,1.360932,1.287360,0.679466,,,,,,,,GLOBAL_BASELINE_NO_ENTITY_RANKING,,,NOT_APPLICABLE_GLOBAL_BASELINE,HF9g-P5,,,,X 全窗基线 · 不参与实体赏罚,14199189,1420,A168_HF9F_20260827_0900,2026-08-27 09:00:00
2026-06-07,57024343,2167,0,215.3037936528,204.5386039702,204.5386039702,1.0000000,1,1,0.50665070000000000,0.506650700000,0.9867858985152569,0.9867858985152569,0.9867858985152569,0E-17,ELIGIBLE,R03b_20260811_FULL_v1,L1_ELIGIBILITY,v2026-08-11,2026-03-21..2026-08-06,baccarat_bet02_101_all_pairs_incl_sentinel,round_win = game_pnl > 0 (decisive only),COMPATIBILITY_ONLY_NOT_PRODUCTION,4059548.3812,3680416.6879,6656.9809,9707,9692,-0.00163983,0.01249836,-0.00525961,-0.00163983,-6656.9809,4059548.3812,OK,0.0000,266.2792,4.0000,96.0000,AG03-UNRESOLVED,ALL5_LEVELS_bet23_to_bet27,266.2792,266.2792,266.2792,0.0000,0.0000,4.000000,4.000000,4.000000,0.000000,0.000000,96.000000,96.000000,96.000000,100.000000,100.000000,5.0,798.8377,767.3102,5858.1432,5889.6706,PENDING_AG03,FALSE,NOT_FOR_ENFORCEMENT,6390.7016,3533200.0204,6656.9809,6390.7016,266.2792,0.00163983,0.00157424,266.2792,6390.7016,0.00157424,266.2792,266.2792,266.2792,0.0000,0.0000,6390.7016,0.00157424,798.8377,767.3102,5858.1432,5889.6706,0.00144305,0.00145082,0.00006559,418.2083,379.7376,0.6869,61.6387,1.8384,37588.4109,89.7407,538.3845,395.5999,218.4789,430.6076,432.5446,432.5446,1046.441,1081.3617,427.0584,0.0,2.43015,2.511246,0.971205,30,216,96,2,0.20383968,0.00163983,-0.01249836,0E-8,0.000000,0.906607,0.000000,0.01775797,2026-03-22,2026-08-06,108,3621,2443,138,0.782609,1.360932,1.287360,0.679466,,,,,,,,GLOBAL_BASELINE_NO_ENTITY_RANKING,,,NOT_APPLICABLE_GLOBAL_BASELINE,HF9g-P5,,,,X 全窗基线 · 不参与实体赏罚,14199190,1420,A168_HF9F_20260827_0900,2026-08-27 09:00:00
2026-06-07,57024343,2196,0,1507.1265555696,-247.5993627006,-247.5993627006,0.4285714,7,7,0.50665070000000000,0.506650700000,-0.4131932236838825,-0.4131932236838825,-0.4131932236838825,0E-17,ELIGIBLE,R03b_20260811_FULL_v1,L1_ELIGIBILITY,v2026-08-11,2026-03-21..2026-08-06,baccarat_bet02_101_all_pairs_incl_sentinel,round_win = game_pnl > 0 (decisive only),COMPATIBILITY_ONLY_NOT_PRODUCTION,4059548.3812,3680416.6879,6656.9809,9707,9692,-0.00163983,0.01249836,-0.00525961,-0.00163983,-6656.9809,4059548.3812,OK,0.0000,266.2792,4.0000,96.0000,AG03-UNRESOLVED,ALL5_LEVELS_bet23_to_bet27,266.2792,266.2792,266.2792,0.0000,0.0000,4.000000,4.000000,4.000000,0.000000,0.000000,96.000000,96.000000,96.000000,100.000000,100.000000,5.0,798.8377,767.3102,5858.1432,5889.6706,PENDING_AG03,FALSE,NOT_FOR_ENFORCEMENT,6390.7016,3533200.0204,6656.9809,6390.7016,266.2792,0.00163983,0.00157424,266.2792,6390.7016,0.00157424,266.2792,266.2792,266.2792,0.0000,0.0000,6390.7016,0.00157424,798.8377,767.3102,5858.1432,5889.6706,0.00144305,0.00145082,0.00006559,418.2083,379.7376,0.6869,61.6387,1.8384,37588.4109,89.7407,538.3845,395.5999,218.4789,430.6076,432.5446,432.5446,1046.441,1081.3617,427.0584,0.0,2.43015,2.511246,0.971205,30,216,96,2,0.20383968,0.00163983,-0.01249836,0E-8,0.000000,0.906607,0.000000,0.01775797,2026-03-22,2026-08-06,108,3621,2443,138,0.782609,1.360932,1.287360,0.679466,,,,,,,,GLOBAL_BASELINE_NO_ENTITY_RANKING,,,NOT_APPLICABLE_GLOBAL_BASELINE,HF9g-P5,,,,X 全窗基线 · 不参与实体赏罚,14199191,1420,A168_HF9F_20260827_0900,2026-08-27 09:00:00
2026-06-07,57024343,2216,0,861.2151746112,-441.3727769882,-441.3727769882,0.2500000,4,4,0.50665070000000000,0.506650700000,-1.0266936290537745,-1.0266936290537745,-1.0266936290537745,0E-17,ELIGIBLE,R03b_20260811_FULL_v1,L1_ELIGIBILITY,v2026-08-11,2026-03-21..2026-08-06,baccarat_bet02_101_all_pairs_incl_sentinel,round_win = game_pnl > 0 (decisive only),COMPATIBILITY_ONLY_NOT_PRODUCTION,4059548.3812,3680416.6879,6656.9809,9707,9692,-0.00163983,0.01249836,-0.00525961,-0.00163983,-6656.9809,4059548.3812,OK,0.0000,266.2792,4.0000,96.0000,AG03-UNRESOLVED,ALL5_LEVELS_bet23_to_bet27,266.2792,266.2792,266.2792,0.0000,0.0000,4.000000,4.000000,4.000000,0.000000,0.000000,96.000000,96.000000,96.000000,100.000000,100.000000,5.0,798.8377,767.3102,5858.1432,5889.6706,PENDING_AG03,FALSE,NOT_FOR_ENFORCEMENT,6390.7016,3533200.0204,6656.9809,6390.7016,266.2792,0.00163983,0.00157424,266.2792,6390.7016,0.00157424,266.2792,266.2792,266.2792,0.0000,0.0000,6390.7016,0.00157424,798.8377,767.3102,5858.1432,5889.6706,0.00144305,0.00145082,0.00006559,418.2083,379.7376,0.6869,61.6387,1.8384,37588.4109,89.7407,538.3845,395.5999,218.4789,430.6076,432.5446,432.5446,1046.441,1081.3617,427.0584,0.0,2.43015,2.511246,0.971205,30,216,96,2,0.20383968,0.00163983,-0.01249836,0E-8,0.000000,0.906607,0.000000,0.01775797,2026-03-22,2026-08-06,108,3621,2443,138,0.782609,1.360932,1.287360,0.679466,,,,,,,,GLOBAL_BASELINE_NO_ENTITY_RANKING,,,NOT_APPLICABLE_GLOBAL_BASELINE,HF9g-P5,,,,X 全窗基线 · 不参与实体赏罚,14199192,1420,A168_HF9F_20260827_0900,2026-08-27 09:00:00
2026-06-07,57024343,2242,0,430.6075873056,0E-10,0E-10,0.5000000,2,2,0.49994810000000000,0.499948100000,0.00014679536856514622,0.00014679536856514622,0.00014679536856514622,0E-17,ELIGIBLE,R03b_20260811_FULL_v1,L1_ELIGIBILITY,v2026-08-11,2026-03-21..2026-08-06,baccarat_bet02_101_all_pairs_incl_sentinel,round_win = game_pnl > 0 (decisive only),COMPATIBILITY_ONLY_NOT_PRODUCTION,4059548.3812,3680416.6879,6656.9809,9707,9692,-0.00163983,0.01249836,-0.00525961,-0.00163983,-6656.9809,4059548.3812,OK,0.0000,266.2792,4.0000,96.0000,AG03-UNRESOLVED,ALL5_LEVELS_bet23_to_bet27,266.2792,266.2792,266.2792,0.0000,0.0000,4.000000,4.000000,4.000000,0.000000,0.000000,96.000000,96.000000,96.000000,100.000000,100.000000,5.0,798.8377,767.3102,5858.1432,5889.6706,PENDING_AG03,FALSE,NOT_FOR_ENFORCEMENT,6390.7016,3533200.0204,6656.9809,6390.7016,266.2792,0.00163983,0.00157424,266.2792,6390.7016,0.00157424,266.2792,266.2792,266.2792,0.0000,0.0000,6390.7016,0.00157424,798.8377,767.3102,5858.1432,5889.6706,0.00144305,0.00145082,0.00006559,418.2083,379.7376,0.6869,61.6387,1.8384,37588.4109,89.7407,538.3845,395.5999,218.4789,430.6076,432.5446,432.5446,1046.441,1081.3617,427.0584,0.0,2.43015,2.511246,0.971205,30,216,96,2,0.20383968,0.00163983,-0.01249836,0E-8,0.000000,0.906607,0.000000,0.01775797,2026-03-22,2026-08-06,108,3621,2443,138,0.782609,1.360932,1.287360,0.679466,,,,,,,,GLOBAL_BASELINE_NO_ENTITY_RANKING,,,NOT_APPLICABLE_GLOBAL_BASELINE,HF9g-P5,,,,X 全窗基线 · 不参与实体赏罚,14199193,1420,A168_HF9F_20260827_0900,2026-08-27 09:00:00
2026-06-07,57024343,2250,0,645.9113809584,193.7734142876,193.7734142876,0.6666667,3,3,0.50665070000000000,0.506650700000,0.5543606114942035,0.5543606114942035,0.5543606114942035,0E-17,ELIGIBLE,R03b_20260811_FULL_v1,L1_ELIGIBILITY,v2026-08-11,2026-03-21..2026-08-06,baccarat_bet02_101_all_pairs_incl_sentinel,round_win = game_pnl > 0 (decisive only),COMPATIBILITY_ONLY_NOT_PRODUCTION,4059548.3812,3680416.6879,6656.9809,9707,9692,-0.00163983,0.01249836,-0.00525961,-0.00163983,-6656.9809,4059548.3812,OK,0.0000,266.2792,4.0000,96.0000,AG03-UNRESOLVED,ALL5_LEVELS_bet23_to_bet27,266.2792,266.2792,266.2792,0.0000,0.0000,4.000000,4.000000,4.000000,0.000000,0.000000,96.000000,96.000000,96.000000,100.000000,100.000000,5.0,798.8377,767.3102,5858.1432,5889.6706,PENDING_AG03,FALSE,NOT_FOR_ENFORCEMENT,6390.7016,3533200.0204,6656.9809,6390.7016,266.2792,0.00163983,0.00157424,266.2792,6390.7016,0.00157424,266.2792,266.2792,266.2792,0.0000,0.0000,6390.7016,0.00157424,798.8377,767.3102,5858.1432,5889.6706,0.00144305,0.00145082,0.00006559,418.2083,379.7376,0.6869,61.6387,1.8384,37588.4109,89.7407,538.3845,395.5999,218.4789,430.6076,432.5446,432.5446,1046.441,1081.3617,427.0584,0.0,2.43015,2.511246,0.971205,30,216,96,2,0.20383968,0.00163983,-0.01249836,0E-8,0.000000,0.906607,0.000000,0.01775797,2026-03-22,2026-08-06,108,3621,2443,138,0.782609,1.360932,1.287360,0.679466,,,,,,,,GLOBAL_BASELINE_NO_ENTITY_RANKING,,,NOT_APPLICABLE_GLOBAL_BASELINE,HF9g-P5,,,,X 全窗基线 · 不参与实体赏罚,14199194,1420,A168_HF9F_20260827_0900,2026-08-27 09:00:00
2026-06-07,57024343,2256,0,430.6075873056,-430.6075873056,-430.6075873056,0E-7,2,2,0.49324550000000000,0.493245500000,-1.3952362676504506,-1.3952362676504506,-1.3952362676504506,0E-17,ELIGIBLE,R03b_20260811_FULL_v1,L1_ELIGIBILITY,v2026-08-11,2026-03-21..2026-08-06,baccarat_bet02_101_all_pairs_incl_sentinel,round_win = game_pnl > 0 (decisive only),COMPATIBILITY_ONLY_NOT_PRODUCTION,4059548.3812,3680416.6879,6656.9809,9707,9692,-0.00163983,0.01249836,-0.00525961,-0.00163983,-6656.9809,4059548.3812,OK,0.0000,266.2792,4.0000,96.0000,AG03-UNRESOLVED,ALL5_LEVELS_bet23_to_bet27,266.2792,266.2792,266.2792,0.0000,0.0000,4.000000,4.000000,4.000000,0.000000,0.000000,96.000000,96.000000,96.000000,100.000000,100.000000,5.0,798.8377,767.3102,5858.1432,5889.6706,PENDING_AG03,FALSE,NOT_FOR_ENFORCEMENT,6390.7016,3533200.0204,6656.9809,6390.7016,266.2792,0.00163983,0.00157424,266.2792,6390.7016,0.00157424,266.2792,266.2792,266.2792,0.0000,0.0000,6390.7016,0.00157424,798.8377,767.3102,5858.1432,5889.6706,0.00144305,0.00145082,0.00006559,418.2083,379.7376,0.6869,61.6387,1.8384,37588.4109,89.7407,538.3845,395.5999,218.4789,430.6076,432.5446,432.5446,1046.441,1081.3617,427.0584,0.0,2.43015,2.511246,0.971205,30,216,96,2,0.20383968,0.00163983,-0.01249836,0E-8,0.000000,0.906607,0.000000,0.01775797,2026-03-22,2026-08-06,108,3621,2443,138,0.782609,1.360932,1.287360,0.679466,,,,,,,,GLOBAL_BASELINE_NO_ENTITY_RANKING,,,NOT_APPLICABLE_GLOBAL_BASELINE,HF9g-P5,,,,X 全窗基线 · 不参与实体赏罚,14199195,1420,A168_HF9F_20260827_0900,2026-08-27 09:00:00
2026-06-07,57024343,2258,0,215.3037936528,204.5386039702,204.5386039702,1.0000000,1,1,0.50665070000000000,0.506650700000,0.9867858985152569,0.9867858985152569,0.9867858985152569,0E-17,ELIGIBLE,R03b_20260811_FULL_v1,L1_ELIGIBILITY,v2026-08-11,2026-03-21..2026-08-06,baccarat_bet02_101_all_pairs_incl_sentinel,round_win = game_pnl > 0 (decisive only),COMPATIBILITY_ONLY_NOT_PRODUCTION,4059548.3812,3680416.6879,6656.9809,9707,9692,-0.00163983,0.01249836,-0.00525961,-0.00163983,-6656.9809,4059548.3812,OK,0.0000,266.2792,4.0000,96.0000,AG03-UNRESOLVED,ALL5_LEVELS_bet23_to_bet27,266.2792,266.2792,266.2792,0.0000,0.0000,4.000000,4.000000,4.000000,0.000000,0.000000,96.000000,96.000000,96.000000,100.000000,100.000000,5.0,798.8377,767.3102,5858.1432,5889.6706,PENDING_AG03,FALSE,NOT_FOR_ENFORCEMENT,6390.7016,3533200.0204,6656.9809,6390.7016,266.2792,0.00163983,0.00157424,266.2792,6390.7016,0.00157424,266.2792,266.2792,266.2792,0.0000,0.0000,6390.7016,0.00157424,798.8377,767.3102,5858.1432,5889.6706,0.00144305,0.00145082,0.00006559,418.2083,379.7376,0.6869,61.6387,1.8384,37588.4109,89.7407,538.3845,395.5999,218.4789,430.6076,432.5446,432.5446,1046.441,1081.3617,427.0584,0.0,2.43015,2.511246,0.971205,30,216,96,2,0.20383968,0.00163983,-0.01249836,0E-8,0.000000,0.906607,0.000000,0.01775797,2026-03-22,2026-08-06,108,3621,2443,138,0.782609,1.360932,1.287360,0.679466,,,,,,,,GLOBAL_BASELINE_NO_ENTITY_RANKING,,,NOT_APPLICABLE_GLOBAL_BASELINE,HF9g-P5,,,,X 全窗基线 · 不参与实体赏罚,14199196,1420,A168_HF9F_20260827_0900,2026-08-27 09:00:00
2026-06-07,57024343,2261,0,215.3037936528,204.5386039702,204.5386039702,1.0000000,1,1,0.50665070000000000,0.506650700000,0.9867858985152569,0.9867858985152569,0.9867858985152569,0E-17,ELIGIBLE,R03b_20260811_FULL_v1,L1_ELIGIBILITY,v2026-08-11,2026-03-21..2026-08-06,baccarat_bet02_101_all_pairs_incl_sentinel,round_win = game_pnl > 0 (decisive only),COMPATIBILITY_ONLY_NOT_PRODUCTION,4059548.3812,3680416.6879,6656.9809,9707,9692,-0.00163983,0.01249836,-0.00525961,-0.00163983,-6656.9809,4059548.3812,OK,0.0000,266.2792,4.0000,96.0000,AG03-UNRESOLVED,ALL5_LEVELS_bet23_to_bet27,266.2792,266.2792,266.2792,0.0000,0.0000,4.000000,4.000000,4.000000,0.000000,0.000000,96.000000,96.000000,96.000000,100.000000,100.000000,5.0,798.8377,767.3102,5858.1432,5889.6706,PENDING_AG03,FALSE,NOT_FOR_ENFORCEMENT,6390.7016,3533200.0204,6656.9809,6390.7016,266.2792,0.00163983,0.00157424,266.2792,6390.7016,0.00157424,266.2792,266.2792,266.2792,0.0000,0.0000,6390.7016,0.00157424,798.8377,767.3102,5858.1432,5889.6706,0.00144305,0.00145082,0.00006559,418.2083,379.7376,0.6869,61.6387,1.8384,37588.4109,89.7407,538.3845,395.5999,218.4789,430.6076,432.5446,432.5446,1046.441,1081.3617,427.0584,0.0,2.43015,2.511246,0.971205,30,216,96,2,0.20383968,0.00163983,-0.01249836,0E-8,0.000000,0.906607,0.000000,0.01775797,2026-03-22,2026-08-06,108,3621,2443,138,0.782609,1.360932,1.287360,0.679466,,,,,,,,GLOBAL_BASELINE_NO_ENTITY_RANKING,,,NOT_APPLICABLE_GLOBAL_BASELINE,HF9g-P5,,,,X 全窗基线 · 不参与实体赏罚,14199197,1420,A168_HF9F_20260827_0900,2026-08-27 09:00:00
2026-06-07,57024343,2266,0,645.9113809584,193.7734142876,193.7734142876,0.6666667,3,3,0.50665070000000000,0.506650700000,0.5543606114942035,0.5543606114942035,0.5543606114942035,0E-17,ELIGIBLE,R03b_20260811_FULL_v1,L1_ELIGIBILITY,v2026-08-11,2026-03-21..2026-08-06,baccarat_bet02_101_all_pairs_incl_sentinel,round_win = game_pnl > 0 (decisive only),COMPATIBILITY_ONLY_NOT_PRODUCTION,4059548.3812,3680416.6879,6656.9809,9707,9692,-0.00163983,0.01249836,-0.00525961,-0.00163983,-6656.9809,4059548.3812,OK,0.0000,266.2792,4.0000,96.0000,AG03-UNRESOLVED,ALL5_LEVELS_bet23_to_bet27,266.2792,266.2792,266.2792,0.0000,0.0000,4.000000,4.000000,4.000000,0.000000,0.000000,96.000000,96.000000,96.000000,100.000000,100.000000,5.0,798.8377,767.3102,5858.1432,5889.6706,PENDING_AG03,FALSE,NOT_FOR_ENFORCEMENT,6390.7016,3533200.0204,6656.9809,6390.7016,266.2792,0.00163983,0.00157424,266.2792,6390.7016,0.00157424,266.2792,266.2792,266.2792,0.0000,0.0000,6390.7016,0.00157424,798.8377,767.3102,5858.1432,5889.6706,0.00144305,0.00145082,0.00006559,418.2083,379.7376,0.6869,61.6387,1.8384,37588.4109,89.7407,538.3845,395.5999,218.4789,430.6076,432.5446,432.5446,1046.441,1081.3617,427.0584,0.0,2.43015,2.511246,0.971205,30,216,96,2,0.20383968,0.00163983,-0.01249836,0E-8,0.000000,0.906607,0.000000,0.01775797,2026-03-22,2026-08-06,108,3621,2443,138,0.782609,1.360932,1.287360,0.679466,,,,,,,,GLOBAL_BASELINE_NO_ENTITY_RANKING,,,NOT_APPLICABLE_GLOBAL_BASELINE,HF9g-P5,,,,X 全窗基线 · 不参与实体赏罚,14199198,1420,A168_HF9F_20260827_0900,2026-08-27 09:00:00
2026-06-07,57024343,576,0,430.6075873056,-10.7651896826,-10.7651896826,0.5000000,2,2,0.50665070000000000,0.506650700000,-0.018812684590367487,-0.018812684590367487,-0.018812684590367487,0E-17,ELIGIBLE,R03b_20260811_FULL_v1,L1_ELIGIBILITY,v2026-08-11,2026-03-21..2026-08-06,baccarat_bet02_101_all_pairs_incl_sentinel,round_win = game_pnl > 0 (decisive only),COMPATIBILITY_ONLY_NOT_PRODUCTION,4059548.3812,3680416.6879,6656.9809,9707,9692,-0.00163983,0.01249836,-0.00525961,-0.00163983,-6656.9809,4059548.3812,OK,0.0000,266.2792,4.0000,96.0000,AG03-UNRESOLVED,ALL5_LEVELS_bet23_to_bet27,266.2792,266.2792,266.2792,0.0000,0.0000,4.000000,4.000000,4.000000,0.000000,0.000000,96.000000,96.000000,96.000000,100.000000,100.000000,5.0,798.8377,767.3102,5858.1432,5889.6706,PENDING_AG03,FALSE,NOT_FOR_ENFORCEMENT,6390.7016,3533200.0204,6656.9809,6390.7016,266.2792,0.00163983,0.00157424,266.2792,6390.7016,0.00157424,266.2792,266.2792,266.2792,0.0000,0.0000,6390.7016,0.00157424,798.8377,767.3102,5858.1432,5889.6706,0.00144305,0.00145082,0.00006559,418.2083,379.7376,0.6869,61.6387,1.8384,37588.4109,89.7407,538.3845,395.5999,218.4789,430.6076,432.5446,432.5446,1046.441,1081.3617,427.0584,0.0,2.43015,2.511246,0.971205,30,216,96,2,0.20383968,0.00163983,-0.01249836,0E-8,0.000000,0.906607,0.000000,0.01775797,2026-03-22,2026-08-06,108,3621,2443,138,0.782609,1.360932,1.287360,0.679466,,,,,,,,GLOBAL_BASELINE_NO_ENTITY_RANKING,,,NOT_APPLICABLE_GLOBAL_BASELINE,HF9g-P5,,,,X 全窗基线 · 不参与实体赏罚,14199199,1420,A168_HF9F_20260827_0900,2026-08-27 09:00:00
2026-06-07,57024343,583,0,645.9113809584,-10.7651896826,-10.7651896826,0.5000000,3,3,0.50665070000000000,0.506650700000,-0.018812684590367487,-0.018812684590367487,-0.018812684590367487,0E-17,ELIGIBLE,R03b_20260811_FULL_v1,L1_ELIGIBILITY,v2026-08-11,2026-03-21..2026-08-06,baccarat_bet02_101_all_pairs_incl_sentinel,round_win = game_pnl > 0 (decisive only),COMPATIBILITY_ONLY_NOT_PRODUCTION,4059548.3812,3680416.6879,6656.9809,9707,9692,-0.00163983,0.01249836,-0.00525961,-0.00163983,-6656.9809,4059548.3812,OK,0.0000,266.2792,4.0000,96.0000,AG03-UNRESOLVED,ALL5_LEVELS_bet23_to_bet27,266.2792,266.2792,266.2792,0.0000,0.0000,4.000000,4.000000,4.000000,0.000000,0.000000,96.000000,96.000000,96.000000,100.000000,100.000000,5.0,798.8377,767.3102,5858.1432,5889.6706,PENDING_AG03,FALSE,NOT_FOR_ENFORCEMENT,6390.7016,3533200.0204,6656.9809,6390.7016,266.2792,0.00163983,0.00157424,266.2792,6390.7016,0.00157424,266.2792,266.2792,266.2792,0.0000,0.0000,6390.7016,0.00157424,798.8377,767.3102,5858.1432,5889.6706,0.00144305,0.00145082,0.00006559,418.2083,379.7376,0.6869,61.6387,1.8384,37588.4109,89.7407,538.3845,395.5999,218.4789,430.6076,432.5446,432.5446,1046.441,1081.3617,427.0584,0.0,2.43015,2.511246,0.971205,30,216,96,2,0.20383968,0.00163983,-0.01249836,0E-8,0.000000,0.906607,0.000000,0.01775797,2026-03-22,2026-08-06,108,3621,2443,138,0.782609,1.360932,1.287360,0.679466,,,,,,,,GLOBAL_BASELINE_NO_ENTITY_RANKING,,,NOT_APPLICABLE_GLOBAL_BASELINE,HF9g-P5,,,,X 全窗基线 · 不参与实体赏罚,14199200,1420,A168_HF9F_20260827_0900,2026-08-27 09:00:00
2026-06-07,57024343,595,0,645.9113809584,-226.0689833354,-226.0689833354,0.3333333,3,3,0.50665070000000000,0.506650700000,-0.6004420894325239,-0.6004420894325239,-0.6004420894325239,0E-17,ELIGIBLE,R03b_20260811_FULL_v1,L1_ELIGIBILITY,v2026-08-11,2026-03-21..2026-08-06,baccarat_bet02_101_all_pairs_incl_sentinel,round_win = game_pnl > 0 (decisive only),COMPATIBILITY_ONLY_NOT_PRODUCTION,4059548.3812,3680416.6879,6656.9809,9707,9692,-0.00163983,0.01249836,-0.00525961,-0.00163983,-6656.9809,4059548.3812,OK,0.0000,266.2792,4.0000,96.0000,AG03-UNRESOLVED,ALL5_LEVELS_bet23_to_bet27,266.2792,266.2792,266.2792,0.0000,0.0000,4.000000,4.000000,4.000000,0.000000,0.000000,96.000000,96.000000,96.000000,100.000000,100.000000,5.0,798.8377,767.3102,5858.1432,5889.6706,PENDING_AG03,FALSE,NOT_FOR_ENFORCEMENT,6390.7016,3533200.0204,6656.9809,6390.7016,266.2792,0.00163983,0.00157424,266.2792,6390.7016,0.00157424,266.2792,266.2792,266.2792,0.0000,0.0000,6390.7016,0.00157424,798.8377,767.3102,5858.1432,5889.6706,0.00144305,0.00145082,0.00006559,418.2083,379.7376,0.6869,61.6387,1.8384,37588.4109,89.7407,538.3845,395.5999,218.4789,430.6076,432.5446,432.5446,1046.441,1081.3617,427.0584,0.0,2.43015,2.511246,0.971205,30,216,96,2,0.20383968,0.00163983,-0.01249836,0E-8,0.000000,0.906607,0.000000,0.01775797,2026-03-22,2026-08-06,108,3621,2443,138,0.782609,1.360932,1.287360,0.679466,,,,,,,,GLOBAL_BASELINE_NO_ENTITY_RANKING,,,NOT_APPLICABLE_GLOBAL_BASELINE,HF9g-P5,,,,X 全窗基线 · 不参与实体赏罚,14199201,1420,A168_HF9F_20260827_0900,2026-08-27 09:00:00
2026-06-07,57024343,925,0,1076.5189682640,-21.5303793652,-21.5303793652,0.5000000,5,5,0.50665070000000000,0.506650700000,-0.02660515369234503,-0.02660515369234503,-0.02660515369234503,0E-17,ELIGIBLE,R03b_20260811_FULL_v1,L1_ELIGIBILITY,v2026-08-11,2026-03-21..2026-08-06,baccarat_bet02_101_all_pairs_incl_sentinel,round_win = game_pnl > 0 (decisive only),COMPATIBILITY_ONLY_NOT_PRODUCTION,4059548.3812,3680416.6879,6656.9809,9707,9692,-0.00163983,0.01249836,-0.00525961,-0.00163983,-6656.9809,4059548.3812,OK,0.0000,266.2792,4.0000,96.0000,AG03-UNRESOLVED,ALL5_LEVELS_bet23_to_bet27,266.2792,266.2792,266.2792,0.0000,0.0000,4.000000,4.000000,4.000000,0.000000,0.000000,96.000000,96.000000,96.000000,100.000000,100.000000,5.0,798.8377,767.3102,5858.1432,5889.6706,PENDING_AG03,FALSE,NOT_FOR_ENFORCEMENT,6390.7016,3533200.0204,6656.9809,6390.7016,266.2792,0.00163983,0.00157424,266.2792,6390.7016,0.00157424,266.2792,266.2792,266.2792,0.0000,0.0000,6390.7016,0.00157424,798.8377,767.3102,5858.1432,5889.6706,0.00144305,0.00145082,0.00006559,418.2083,379.7376,0.6869,61.6387,1.8384,37588.4109,89.7407,538.3845,395.5999,218.4789,430.6076,432.5446,432.5446,1046.441,1081.3617,427.0584,0.0,2.43015,2.511246,0.971205,30,216,96,2,0.20383968,0.00163983,-0.01249836,0E-8,0.000000,0.906607,0.000000,0.01775797,2026-03-22,2026-08-06,108,3621,2443,138,0.782609,1.360932,1.287360,0.679466,,,,,,,,GLOBAL_BASELINE_NO_ENTITY_RANKING,,,NOT_APPLICABLE_GLOBAL_BASELINE,HF9g-P5,,,,X 全窗基线 · 不参与实体赏罚,14199202,1420,A168_HF9F_20260827_0900,2026-08-27 09:00:00
2026-06-08,57024343,-1,1,8719.8036429391,-1991.5600912881,-1991.5600912881,0.3823529,36,36,0.50627833333333333,0.506278333333,-1.4453199466343272,-1.4453199466304276,-1.4453199466343272,3.3333E-13,SENTINEL_DEALER,R03b_20260811_FULL_v1,L1_ELIGIBILITY,v2026-08-11,2026-03-21..2026-08-06,baccarat_bet02_101_all_pairs_incl_sentinel,round_win = game_pnl > 0 (decisive only),COMPATIBILITY_ONLY_NOT_PRODUCTION,4059548.3812,3680416.6879,6656.9809,9707,9692,-0.00163983,0.01249836,-0.00525961,-0.00163983,-6656.9809,4059548.3812,OK,0.0000,266.2792,4.0000,96.0000,AG03-UNRESOLVED,ALL5_LEVELS_bet23_to_bet27,266.2792,266.2792,266.2792,0.0000,0.0000,4.000000,4.000000,4.000000,0.000000,0.000000,96.000000,96.000000,96.000000,100.000000,100.000000,5.0,798.8377,767.3102,5858.1432,5889.6706,PENDING_AG03,FALSE,NOT_FOR_ENFORCEMENT,6390.7016,3533200.0204,6656.9809,6390.7016,266.2792,0.00163983,0.00157424,266.2792,6390.7016,0.00157424,266.2792,266.2792,266.2792,0.0000,0.0000,6390.7016,0.00157424,798.8377,767.3102,5858.1432,5889.6706,0.00144305,0.00145082,0.00006559,418.2083,379.7376,0.6869,61.6387,1.8384,37588.4109,89.7407,538.3845,395.5999,218.4789,430.6076,432.5446,432.5446,1046.441,1081.3617,427.0584,0.0,2.43015,2.511246,0.971205,30,216,96,2,0.20383968,0.00163983,-0.01249836,0E-8,0.000000,0.906607,0.000000,0.01775797,2026-03-22,2026-08-06,108,3621,2443,138,0.782609,1.360932,1.287360,0.679466,,,,,,,,GLOBAL_BASELINE_NO_ENTITY_RANKING,,,NOT_APPLICABLE_GLOBAL_BASELINE,HF9g-P5,,,,X 全窗基线 · 不参与实体赏罚,14199203,1420,A168_HF9F_20260827_0900,2026-08-27 09:00:00
2026-06-08,57024343,1157,0,3229.5569047924,683.5895448478,683.5895448478,0.6000000,12,12,0.50329940000000000,0.503299400000,0.6116016101943422,0.6116016101943423,0.6116016101943422,0E-17,ELIGIBLE,R03b_20260811_FULL_v1,L1_ELIGIBILITY,v2026-08-11,2026-03-21..2026-08-06,baccarat_bet02_101_all_pairs_incl_sentinel,round_win = game_pnl > 0 (decisive only),COMPATIBILITY_ONLY_NOT_PRODUCTION,4059548.3812,3680416.6879,6656.9809,9707,9692,-0.00163983,0.01249836,-0.00525961,-0.00163983,-6656.9809,4059548.3812,OK,0.0000,266.2792,4.0000,96.0000,AG03-UNRESOLVED,ALL5_LEVELS_bet23_to_bet27,266.2792,266.2792,266.2792,0.0000,0.0000,4.000000,4.000000,4.000000,0.000000,0.000000,96.000000,96.000000,96.000000,100.000000,100.000000,5.0,798.8377,767.3102,5858.1432,5889.6706,PENDING_AG03,FALSE,NOT_FOR_ENFORCEMENT,6390.7016,3533200.0204,6656.9809,6390.7016,266.2792,0.00163983,0.00157424,266.2792,6390.7016,0.00157424,266.2792,266.2792,266.2792,0.0000,0.0000,6390.7016,0.00157424,798.8377,767.3102,5858.1432,5889.6706,0.00144305,0.00145082,0.00006559,418.2083,379.7376,0.6869,61.6387,1.8384,37588.4109,89.7407,538.3845,395.5999,218.4789,430.6076,432.5446,432.5446,1046.441,1081.3617,427.0584,0.0,2.43015,2.511246,0.971205,30,216,96,2,0.20383968,0.00163983,-0.01249836,0E-8,0.000000,0.906607,0.000000,0.01775797,2026-03-22,2026-08-06,108,3621,2443,138,0.782609,1.360932,1.287360,0.679466,,,,,,,,GLOBAL_BASELINE_NO_ENTITY_RANKING,,,NOT_APPLICABLE_GLOBAL_BASELINE,HF9g-P5,,,,X 全窗基线 · 不参与实体赏罚,14199204,1420,A168_HF9F_20260827_0900,2026-08-27 09:00:00
2026-06-08,57024343,1299,0,215.3037936528,-215.3037936528,-215.3037936528,0E-7,1,1,0.50665070000000000,0.506650700000,-1.013391052207602,-1.013391052207602,-1.013391052207602,0E-17,ELIGIBLE,R03b_20260811_FULL_v1,L1_ELIGIBILITY,v2026-08-11,2026-03-21..2026-08-06,baccarat_bet02_101_all_pairs_incl_sentinel,round_win = game_pnl > 0 (decisive only),COMPATIBILITY_ONLY_NOT_PRODUCTION,4059548.3812,3680416.6879,6656.9809,9707,9692,-0.00163983,0.01249836,-0.00525961,-0.00163983,-6656.9809,4059548.3812,OK,0.0000,266.2792,4.0000,96.0000,AG03-UNRESOLVED,ALL5_LEVELS_bet23_to_bet27,266.2792,266.2792,266.2792,0.0000,0.0000,4.000000,4.000000,4.000000,0.000000,0.000000,96.000000,96.000000,96.000000,100.000000,100.000000,5.0,798.8377,767.3102,5858.1432,5889.6706,PENDING_AG03,FALSE,NOT_FOR_ENFORCEMENT,6390.7016,3533200.0204,6656.9809,6390.7016,266.2792,0.00163983,0.00157424,266.2792,6390.7016,0.00157424,266.2792,266.2792,266.2792,0.0000,0.0000,6390.7016,0.00157424,798.8377,767.3102,5858.1432,5889.6706,0.00144305,0.00145082,0.00006559,418.2083,379.7376,0.6869,61.6387,1.8384,37588.4109,89.7407,538.3845,395.5999,218.4789,430.6076,432.5446,432.5446,1046.441,1081.3617,427.0584,0.0,2.43015,2.511246,0.971205,30,216,96,2,0.20383968,0.00163983,-0.01249836,0E-8,0.000000,0.906607,0.000000,0.01775797,2026-03-22,2026-08-06,108,3621,2443,138,0.782609,1.360932,1.287360,0.679466,,,,,,,,GLOBAL_BASELINE_NO_ENTITY_RANKING,,,NOT_APPLICABLE_GLOBAL_BASELINE,HF9g-P5,,,,X 全窗基线 · 不参与实体赏罚,14199205,1420,A168_HF9F_20260827_0900,2026-08-27 09:00:00
2026-06-08,57024343,1307,0,4521.3796667095,1776.2562976360,1776.2562976360,0.7142857,14,14,0.50569318571428571,0.505693185714,1.5610647495869443,1.5610647495890722,1.5610647495869443,2.8571E-13,ELIGIBLE,R03b_20260811_FULL_v1,L1_ELIGIBILITY,v2026-08-11,2026-03-21..2026-08-06,baccarat_bet02_101_all_pairs_incl_sentinel,round_win = game_pnl > 0 (decisive only),COMPATIBILITY_ONLY_NOT_PRODUCTION,4059548.3812,3680416.6879,6656.9809,9707,9692,-0.00163983,0.01249836,-0.00525961,-0.00163983,-6656.9809,4059548.3812,OK,0.0000,266.2792,4.0000,96.0000,AG03-UNRESOLVED,ALL5_LEVELS_bet23_to_bet27,266.2792,266.2792,266.2792,0.0000,0.0000,4.000000,4.000000,4.000000,0.000000,0.000000,96.000000,96.000000,96.000000,100.000000,100.000000,5.0,798.8377,767.3102,5858.1432,5889.6706,PENDING_AG03,FALSE,NOT_FOR_ENFORCEMENT,6390.7016,3533200.0204,6656.9809,6390.7016,266.2792,0.00163983,0.00157424,266.2792,6390.7016,0.00157424,266.2792,266.2792,266.2792,0.0000,0.0000,6390.7016,0.00157424,798.8377,767.3102,5858.1432,5889.6706,0.00144305,0.00145082,0.00006559,418.2083,379.7376,0.6869,61.6387,1.8384,37588.4109,89.7407,538.3845,395.5999,218.4789,430.6076,432.5446,432.5446,1046.441,1081.3617,427.0584,0.0,2.43015,2.511246,0.971205,30,216,96,2,0.20383968,0.00163983,-0.01249836,0E-8,0.000000,0.906607,0.000000,0.01775797,2026-03-22,2026-08-06,108,3621,2443,138,0.782609,1.360932,1.287360,0.679466,,,,,,,,GLOBAL_BASELINE_NO_ENTITY_RANKING,,,NOT_APPLICABLE_GLOBAL_BASELINE,HF9g-P5,,,,X 全窗基线 · 不参与实体赏罚,14199206,1420,A168_HF9F_20260827_0900,2026-08-27 09:00:00
2026-06-08,57024343,1325,0,215.3037936528,204.5386039702,204.5386039702,1.0000000,1,1,0.50665070000000000,0.506650700000,0.9867858985152569,0.9867858985152569,0.9867858985152569,0E-17,ELIGIBLE,R03b_20260811_FULL_v1,L1_ELIGIBILITY,v2026-08-11,2026-03-21..2026-08-06,baccarat_bet02_101_all_pairs_incl_sentinel,round_win = game_pnl > 0 (decisive only),COMPATIBILITY_ONLY_NOT_PRODUCTION,4059548.3812,3680416.6879,6656.9809,9707,9692,-0.00163983,0.01249836,-0.00525961,-0.00163983,-6656.9809,4059548.3812,OK,0.0000,266.2792,4.0000,96.0000,AG03-UNRESOLVED,ALL5_LEVELS_bet23_to_bet27,266.2792,266.2792,266.2792,0.0000,0.0000,4.000000,4.000000,4.000000,0.000000,0.000000,96.000000,96.000000,96.000000,100.000000,100.000000,5.0,798.8377,767.3102,5858.1432,5889.6706,PENDING_AG03,FALSE,NOT_FOR_ENFORCEMENT,6390.7016,3533200.0204,6656.9809,6390.7016,266.2792,0.00163983,0.00157424,266.2792,6390.7016,0.00157424,266.2792,266.2792,266.2792,0.0000,0.0000,6390.7016,0.00157424,798.8377,767.3102,5858.1432,5889.6706,0.00144305,0.00145082,0.00006559,418.2083,379.7376,0.6869,61.6387,1.8384,37588.4109,89.7407,538.3845,395.5999,218.4789,430.6076,432.5446,432.5446,1046.441,1081.3617,427.0584,0.0,2.43015,2.511246,0.971205,30,216,96,2,0.20383968,0.00163983,-0.01249836,0E-8,0.000000,0.906607,0.000000,0.01775797,2026-03-22,2026-08-06,108,3621,2443,138,0.782609,1.360932,1.287360,0.679466,,,,,,,,GLOBAL_BASELINE_NO_ENTITY_RANKING,,,NOT_APPLICABLE_GLOBAL_BASELINE,HF9g-P5,,,,X 全窗基线 · 不参与实体赏罚,14199207,1420,A168_HF9F_20260827_0900,2026-08-27 09:00:00
2026-06-08,57024343,1330,0,1722.4303492226,592.0854325453,592.0854325453,0.8000000,6,6,0.50665070000000000,0.506650700000,1.3120140225494112,1.3120140225494112,1.3120140225494112,0E-17,ELIGIBLE,R03b_20260811_FULL_v1,L1_ELIGIBILITY,v2026-08-11,2026-03-21..2026-08-06,baccarat_bet02_101_all_pairs_incl_sentinel,round_win = game_pnl > 0 (decisive only),COMPATIBILITY_ONLY_NOT_PRODUCTION,4059548.3812,3680416.6879,6656.9809,9707,9692,-0.00163983,0.01249836,-0.00525961,-0.00163983,-6656.9809,4059548.3812,OK,0.0000,266.2792,4.0000,96.0000,AG03-UNRESOLVED,ALL5_LEVELS_bet23_to_bet27,266.2792,266.2792,266.2792,0.0000,0.0000,4.000000,4.000000,4.000000,0.000000,0.000000,96.000000,96.000000,96.000000,100.000000,100.000000,5.0,798.8377,767.3102,5858.1432,5889.6706,PENDING_AG03,FALSE,NOT_FOR_ENFORCEMENT,6390.7016,3533200.0204,6656.9809,6390.7016,266.2792,0.00163983,0.00157424,266.2792,6390.7016,0.00157424,266.2792,266.2792,266.2792,0.0000,0.0000,6390.7016,0.00157424,798.8377,767.3102,5858.1432,5889.6706,0.00144305,0.00145082,0.00006559,418.2083,379.7376,0.6869,61.6387,1.8384,37588.4109,89.7407,538.3845,395.5999,218.4789,430.6076,432.5446,432.5446,1046.441,1081.3617,427.0584,0.0,2.43015,2.511246,0.971205,30,216,96,2,0.20383968,0.00163983,-0.01249836,0E-8,0.000000,0.906607,0.000000,0.01775797,2026-03-22,2026-08-06,108,3621,2443,138,0.782609,1.360932,1.287360,0.679466,,,,,,,,GLOBAL_BASELINE_NO_ENTITY_RANKING,,,NOT_APPLICABLE_GLOBAL_BASELINE,HF9g-P5,,,,X 全窗基线 · 不参与实体赏罚,14199208,1420,A168_HF9F_20260827_0900,2026-08-27 09:00:00
2026-06-08,57024343,1382,0,215.3037936528,204.5386039702,204.5386039702,1.0000000,1,1,0.50665070000000000,0.506650700000,0.9867858985152569,0.9867858985152569,0.9867858985152569,0E-17,ELIGIBLE,R03b_20260811_FULL_v1,L1_ELIGIBILITY,v2026-08-11,2026-03-21..2026-08-06,baccarat_bet02_101_all_pairs_incl_sentinel,round_win = game_pnl > 0 (decisive only),COMPATIBILITY_ONLY_NOT_PRODUCTION,4059548.3812,3680416.6879,6656.9809,9707,9692,-0.00163983,0.01249836,-0.00525961,-0.00163983,-6656.9809,4059548.3812,OK,0.0000,266.2792,4.0000,96.0000,AG03-UNRESOLVED,ALL5_LEVELS_bet23_to_bet27,266.2792,266.2792,266.2792,0.0000,0.0000,4.000000,4.000000,4.000000,0.000000,0.000000,96.000000,96.000000,96.000000,100.000000,100.000000,5.0,798.8377,767.3102,5858.1432,5889.6706,PENDING_AG03,FALSE,NOT_FOR_ENFORCEMENT,6390.7016,3533200.0204,6656.9809,6390.7016,266.2792,0.00163983,0.00157424,266.2792,6390.7016,0.00157424,266.2792,266.2792,266.2792,0.0000,0.0000,6390.7016,0.00157424,798.8377,767.3102,5858.1432,5889.6706,0.00144305,0.00145082,0.00006559,418.2083,379.7376,0.6869,61.6387,1.8384,37588.4109,89.7407,538.3845,395.5999,218.4789,430.6076,432.5446,432.5446,1046.441,1081.3617,427.0584,0.0,2.43015,2.511246,0.971205,30,216,96,2,0.20383968,0.00163983,-0.01249836,0E-8,0.000000,0.906607,0.000000,0.01775797,2026-03-22,2026-08-06,108,3621,2443,138,0.782609,1.360932,1.287360,0.679466,,,,,,,,GLOBAL_BASELINE_NO_ENTITY_RANKING,,,NOT_APPLICABLE_GLOBAL_BASELINE,HF9g-P5,,,,X 全窗基线 · 不参与实体赏罚,14199209,1420,A168_HF9F_20260827_0900,2026-08-27 09:00:00
2026-06-08,57024343,1485,0,430.6075873056,-10.7651896826,-10.7651896826,0.5000000,2,2,0.50665070000000000,0.506650700000,-0.018812684590367487,-0.018812684590367487,-0.018812684590367487,0E-17,ELIGIBLE,R03b_20260811_FULL_v1,L1_ELIGIBILITY,v2026-08-11,2026-03-21..2026-08-06,baccarat_bet02_101_all_pairs_incl_sentinel,round_win = game_pnl > 0 (decisive only),COMPATIBILITY_ONLY_NOT_PRODUCTION,4059548.3812,3680416.6879,6656.9809,9707,9692,-0.00163983,0.01249836,-0.00525961,-0.00163983,-6656.9809,4059548.3812,OK,0.0000,266.2792,4.0000,96.0000,AG03-UNRESOLVED,ALL5_LEVELS_bet23_to_bet27,266.2792,266.2792,266.2792,0.0000,0.0000,4.000000,4.000000,4.000000,0.000000,0.000000,96.000000,96.000000,96.000000,100.000000,100.000000,5.0,798.8377,767.3102,5858.1432,5889.6706,PENDING_AG03,FALSE,NOT_FOR_ENFORCEMENT,6390.7016,3533200.0204,6656.9809,6390.7016,266.2792,0.00163983,0.00157424,266.2792,6390.7016,0.00157424,266.2792,266.2792,266.2792,0.0000,0.0000,6390.7016,0.00157424,798.8377,767.3102,5858.1432,5889.6706,0.00144305,0.00145082,0.00006559,418.2083,379.7376,0.6869,61.6387,1.8384,37588.4109,89.7407,538.3845,395.5999,218.4789,430.6076,432.5446,432.5446,1046.441,1081.3617,427.0584,0.0,2.43015,2.511246,0.971205,30,216,96,2,0.20383968,0.00163983,-0.01249836,0E-8,0.000000,0.906607,0.000000,0.01775797,2026-03-22,2026-08-06,108,3621,2443,138,0.782609,1.360932,1.287360,0.679466,,,,,,,,GLOBAL_BASELINE_NO_ENTITY_RANKING,,,NOT_APPLICABLE_GLOBAL_BASELINE,HF9g-P5,,,,X 全窗基线 · 不参与实体赏罚,14199210,1420,A168_HF9F_20260827_0900,2026-08-27 09:00:00
2026-06-08,57024343,1505,0,2691.2974206604,263.7471472249,263.7471472249,0.4285714,9,9,0.50516123333333333,0.505161233333,-0.4052967461577653,-0.40529674615599864,-0.4052967461577653,3.3333E-13,ELIGIBLE,R03b_20260811_FULL_v1,L1_ELIGIBILITY,v2026-08-11,2026-03-21..2026-08-06,baccarat_bet02_101_all_pairs_incl_sentinel,round_win = game_pnl > 0 (decisive only),COMPATIBILITY_ONLY_NOT_PRODUCTION,4059548.3812,3680416.6879,6656.9809,9707,9692,-0.00163983,0.01249836,-0.00525961,-0.00163983,-6656.9809,4059548.3812,OK,0.0000,266.2792,4.0000,96.0000,AG03-UNRESOLVED,ALL5_LEVELS_bet23_to_bet27,266.2792,266.2792,266.2792,0.0000,0.0000,4.000000,4.000000,4.000000,0.000000,0.000000,96.000000,96.000000,96.000000,100.000000,100.000000,5.0,798.8377,767.3102,5858.1432,5889.6706,PENDING_AG03,FALSE,NOT_FOR_ENFORCEMENT,6390.7016,3533200.0204,6656.9809,6390.7016,266.2792,0.00163983,0.00157424,266.2792,6390.7016,0.00157424,266.2792,266.2792,266.2792,0.0000,0.0000,6390.7016,0.00157424,798.8377,767.3102,5858.1432,5889.6706,0.00144305,0.00145082,0.00006559,418.2083,379.7376,0.6869,61.6387,1.8384,37588.4109,89.7407,538.3845,395.5999,218.4789,430.6076,432.5446,432.5446,1046.441,1081.3617,427.0584,0.0,2.43015,2.511246,0.971205,30,216,96,2,0.20383968,0.00163983,-0.01249836,0E-8,0.000000,0.906607,0.000000,0.01775797,2026-03-22,2026-08-06,108,3621,2443,138,0.782609,1.360932,1.287360,0.679466,,,,,,,,GLOBAL_BASELINE_NO_ENTITY_RANKING,,,NOT_APPLICABLE_GLOBAL_BASELINE,HF9g-P5,,,,X 全窗基线 · 不参与实体赏罚,14199211,1420,A168_HF9F_20260827_0900,2026-08-27 09:00:00
2026-06-08,57024343,1645,0,861.2151746112,-861.2151746112,-861.2151746112,0E-7,4,4,0.50329940000000000,0.503299400000,-2.013241432932159,-2.013241432932159,-2.013241432932159,0E-17,ELIGIBLE,R03b_20260811_FULL_v1,L1_ELIGIBILITY,v2026-08-11,2026-03-21..2026-08-06,baccarat_bet02_101_all_pairs_incl_sentinel,round_win = game_pnl > 0 (decisive only),COMPATIBILITY_ONLY_NOT_PRODUCTION,4059548.3812,3680416.6879,6656.9809,9707,9692,-0.00163983,0.01249836,-0.00525961,-0.00163983,-6656.9809,4059548.3812,OK,0.0000,266.2792,4.0000,96.0000,AG03-UNRESOLVED,ALL5_LEVELS_bet23_to_bet27,266.2792,266.2792,266.2792,0.0000,0.0000,4.000000,4.000000,4.000000,0.000000,0.000000,96.000000,96.000000,96.000000,100.000000,100.000000,5.0,798.8377,767.3102,5858.1432,5889.6706,PENDING_AG03,FALSE,NOT_FOR_ENFORCEMENT,6390.7016,3533200.0204,6656.9809,6390.7016,266.2792,0.00163983,0.00157424,266.2792,6390.7016,0.00157424,266.2792,266.2792,266.2792,0.0000,0.0000,6390.7016,0.00157424,798.8377,767.3102,5858.1432,5889.6706,0.00144305,0.00145082,0.00006559,418.2083,379.7376,0.6869,61.6387,1.8384,37588.4109,89.7407,538.3845,395.5999,218.4789,430.6076,432.5446,432.5446,1046.441,1081.3617,427.0584,0.0,2.43015,2.511246,0.971205,30,216,96,2,0.20383968,0.00163983,-0.01249836,0E-8,0.000000,0.906607,0.000000,0.01775797,2026-03-22,2026-08-06,108,3621,2443,138,0.782609,1.360932,1.287360,0.679466,,,,,,,,GLOBAL_BASELINE_NO_ENTITY_RANKING,,,NOT_APPLICABLE_GLOBAL_BASELINE,HF9g-P5,,,,X 全窗基线 · 不参与实体赏罚,14199212,1420,A168_HF9F_20260827_0900,2026-08-27 09:00:00
2026-06-08,57024343,1704,0,645.9113809584,0E-10,0E-10,0.5000000,3,3,0.50218230000000000,0.502182300000,-0.00617253530718887,-0.00617253530718887,-0.00617253530718887,0E-17,ELIGIBLE,R03b_20260811_FULL_v1,L1_ELIGIBILITY,v2026-08-11,2026-03-21..2026-08-06,baccarat_bet02_101_all_pairs_incl_sentinel,round_win = game_pnl > 0 (decisive only),COMPATIBILITY_ONLY_NOT_PRODUCTION,4059548.3812,3680416.6879,6656.9809,9707,9692,-0.00163983,0.01249836,-0.00525961,-0.00163983,-6656.9809,4059548.3812,OK,0.0000,266.2792,4.0000,96.0000,AG03-UNRESOLVED,ALL5_LEVELS_bet23_to_bet27,266.2792,266.2792,266.2792,0.0000,0.0000,4.000000,4.000000,4.000000,0.000000,0.000000,96.000000,96.000000,96.000000,100.000000,100.000000,5.0,798.8377,767.3102,5858.1432,5889.6706,PENDING_AG03,FALSE,NOT_FOR_ENFORCEMENT,6390.7016,3533200.0204,6656.9809,6390.7016,266.2792,0.00163983,0.00157424,266.2792,6390.7016,0.00157424,266.2792,266.2792,266.2792,0.0000,0.0000,6390.7016,0.00157424,798.8377,767.3102,5858.1432,5889.6706,0.00144305,0.00145082,0.00006559,418.2083,379.7376,0.6869,61.6387,1.8384,37588.4109,89.7407,538.3845,395.5999,218.4789,430.6076,432.5446,432.5446,1046.441,1081.3617,427.0584,0.0,2.43015,2.511246,0.971205,30,216,96,2,0.20383968,0.00163983,-0.01249836,0E-8,0.000000,0.906607,0.000000,0.01775797,2026-03-22,2026-08-06,108,3621,2443,138,0.782609,1.360932,1.287360,0.679466,,,,,,,,GLOBAL_BASELINE_NO_ENTITY_RANKING,,,NOT_APPLICABLE_GLOBAL_BASELINE,HF9g-P5,,,,X 全窗基线 · 不参与实体赏罚,14199213,1420,A168_HF9F_20260827_0900,2026-08-27 09:00:00
2026-06-08,57024343,1710,0,1399.4746587435,1124.9623218361,1124.9623218361,1.0000000,4,4,0.50665070000000000,0.506650700000,1.7091633124209307,1.7091633124209307,1.7091633124209307,0E-17,ELIGIBLE,R03b_20260811_FULL_v1,L1_ELIGIBILITY,v2026-08-11,2026-03-21..2026-08-06,baccarat_bet02_101_all_pairs_incl_sentinel,round_win = game_pnl > 0 (decisive only),COMPATIBILITY_ONLY_NOT_PRODUCTION,4059548.3812,3680416.6879,6656.9809,9707,9692,-0.00163983,0.01249836,-0.00525961,-0.00163983,-6656.9809,4059548.3812,OK,0.0000,266.2792,4.0000,96.0000,AG03-UNRESOLVED,ALL5_LEVELS_bet23_to_bet27,266.2792,266.2792,266.2792,0.0000,0.0000,4.000000,4.000000,4.000000,0.000000,0.000000,96.000000,96.000000,96.000000,100.000000,100.000000,5.0,798.8377,767.3102,5858.1432,5889.6706,PENDING_AG03,FALSE,NOT_FOR_ENFORCEMENT,6390.7016,3533200.0204,6656.9809,6390.7016,266.2792,0.00163983,0.00157424,266.2792,6390.7016,0.00157424,266.2792,266.2792,266.2792,0.0000,0.0000,6390.7016,0.00157424,798.8377,767.3102,5858.1432,5889.6706,0.00144305,0.00145082,0.00006559,418.2083,379.7376,0.6869,61.6387,1.8384,37588.4109,89.7407,538.3845,395.5999,218.4789,430.6076,432.5446,432.5446,1046.441,1081.3617,427.0584,0.0,2.43015,2.511246,0.971205,30,216,96,2,0.20383968,0.00163983,-0.01249836,0E-8,0.000000,0.906607,0.000000,0.01775797,2026-03-22,2026-08-06,108,3621,2443,138,0.782609,1.360932,1.287360,0.679466,,,,,,,,GLOBAL_BASELINE_NO_ENTITY_RANKING,,,NOT_APPLICABLE_GLOBAL_BASELINE,HF9g-P5,,,,X 全窗基线 · 不参与实体赏罚,14199214,1420,A168_HF9F_20260827_0900,2026-08-27 09:00:00
2026-06-08,57024343,1947,0,1722.4303492226,602.8506222279,602.8506222279,0.8000000,6,6,0.50441650000000000,0.504416500000,1.3219411692341432,1.3219411692341432,1.3219411692341432,0E-17,ELIGIBLE,R03b_20260811_FULL_v1,L1_ELIGIBILITY,v2026-08-11,2026-03-21..2026-08-06,baccarat_bet02_101_all_pairs_incl_sentinel,round_win = game_pnl > 0 (decisive only),COMPATIBILITY_ONLY_NOT_PRODUCTION,4059548.3812,3680416.6879,6656.9809,9707,9692,-0.00163983,0.01249836,-0.00525961,-0.00163983,-6656.9809,4059548.3812,OK,0.0000,266.2792,4.0000,96.0000,AG03-UNRESOLVED,ALL5_LEVELS_bet23_to_bet27,266.2792,266.2792,266.2792,0.0000,0.0000,4.000000,4.000000,4.000000,0.000000,0.000000,96.000000,96.000000,96.000000,100.000000,100.000000,5.0,798.8377,767.3102,5858.1432,5889.6706,PENDING_AG03,FALSE,NOT_FOR_ENFORCEMENT,6390.7016,3533200.0204,6656.9809,6390.7016,266.2792,0.00163983,0.00157424,266.2792,6390.7016,0.00157424,266.2792,266.2792,266.2792,0.0000,0.0000,6390.7016,0.00157424,798.8377,767.3102,5858.1432,5889.6706,0.00144305,0.00145082,0.00006559,418.2083,379.7376,0.6869,61.6387,1.8384,37588.4109,89.7407,538.3845,395.5999,218.4789,430.6076,432.5446,432.5446,1046.441,1081.3617,427.0584,0.0,2.43015,2.511246,0.971205,30,216,96,2,0.20383968,0.00163983,-0.01249836,0E-8,0.000000,0.906607,0.000000,0.01775797,2026-03-22,2026-08-06,108,3621,2443,138,0.782609,1.360932,1.287360,0.679466,,,,,,,,GLOBAL_BASELINE_NO_ENTITY_RANKING,,,NOT_APPLICABLE_GLOBAL_BASELINE,HF9g-P5,,,,X 全窗基线 · 不参与实体赏罚,14199215,1420,A168_HF9F_20260827_0900,2026-08-27 09:00:00
2026-06-08,57024343,1963,0,2368.3417301811,150.7126555571,150.7126555571,0.5000000,8,8,0.50665070000000000,0.506650700000,-0.037625369180734974,-0.037625369180734974,-0.037625369180734974,0E-17,ELIGIBLE,R03b_20260811_FULL_v1,L1_ELIGIBILITY,v2026-08-11,2026-03-21..2026-08-06,baccarat_bet02_101_all_pairs_incl_sentinel,round_win = game_pnl > 0 (decisive only),COMPATIBILITY_ONLY_NOT_PRODUCTION,4059548.3812,3680416.6879,6656.9809,9707,9692,-0.00163983,0.01249836,-0.00525961,-0.00163983,-6656.9809,4059548.3812,OK,0.0000,266.2792,4.0000,96.0000,AG03-UNRESOLVED,ALL5_LEVELS_bet23_to_bet27,266.2792,266.2792,266.2792,0.0000,0.0000,4.000000,4.000000,4.000000,0.000000,0.000000,96.000000,96.000000,96.000000,100.000000,100.000000,5.0,798.8377,767.3102,5858.1432,5889.6706,PENDING_AG03,FALSE,NOT_FOR_ENFORCEMENT,6390.7016,3533200.0204,6656.9809,6390.7016,266.2792,0.00163983,0.00157424,266.2792,6390.7016,0.00157424,266.2792,266.2792,266.2792,0.0000,0.0000,6390.7016,0.00157424,798.8377,767.3102,5858.1432,5889.6706,0.00144305,0.00145082,0.00006559,418.2083,379.7376,0.6869,61.6387,1.8384,37588.4109,89.7407,538.3845,395.5999,218.4789,430.6076,432.5446,432.5446,1046.441,1081.3617,427.0584,0.0,2.43015,2.511246,0.971205,30,216,96,2,0.20383968,0.00163983,-0.01249836,0E-8,0.000000,0.906607,0.000000,0.01775797,2026-03-22,2026-08-06,108,3621,2443,138,0.782609,1.360932,1.287360,0.679466,,,,,,,,GLOBAL_BASELINE_NO_ENTITY_RANKING,,,NOT_APPLICABLE_GLOBAL_BASELINE,HF9g-P5,,,,X 全窗基线 · 不参与实体赏罚,14199216,1420,A168_HF9F_20260827_0900,2026-08-27 09:00:00
2026-06-08,57024343,1985,0,215.3037936528,0E-10,0E-10,,1,1,0.50665070000000000,0.506650700000,,,,0E-17,NO_DECISIVE_ROUND,R03b_20260811_FULL_v1,L1_ELIGIBILITY,v2026-08-11,2026-03-21..2026-08-06,baccarat_bet02_101_all_pairs_incl_sentinel,round_win = game_pnl > 0 (decisive only),COMPATIBILITY_ONLY_NOT_PRODUCTION,4059548.3812,3680416.6879,6656.9809,9707,9692,-0.00163983,0.01249836,-0.00525961,-0.00163983,-6656.9809,4059548.3812,OK,0.0000,266.2792,4.0000,96.0000,AG03-UNRESOLVED,ALL5_LEVELS_bet23_to_bet27,266.2792,266.2792,266.2792,0.0000,0.0000,4.000000,4.000000,4.000000,0.000000,0.000000,96.000000,96.000000,96.000000,100.000000,100.000000,5.0,798.8377,767.3102,5858.1432,5889.6706,PENDING_AG03,FALSE,NOT_FOR_ENFORCEMENT,6390.7016,3533200.0204,6656.9809,6390.7016,266.2792,0.00163983,0.00157424,266.2792,6390.7016,0.00157424,266.2792,266.2792,266.2792,0.0000,0.0000,6390.7016,0.00157424,798.8377,767.3102,5858.1432,5889.6706,0.00144305,0.00145082,0.00006559,418.2083,379.7376,0.6869,61.6387,1.8384,37588.4109,89.7407,538.3845,395.5999,218.4789,430.6076,432.5446,432.5446,1046.441,1081.3617,427.0584,0.0,2.43015,2.511246,0.971205,30,216,96,2,0.20383968,0.00163983,-0.01249836,0E-8,0.000000,0.906607,0.000000,0.01775797,2026-03-22,2026-08-06,108,3621,2443,138,0.782609,1.360932,1.287360,0.679466,,,,,,,,GLOBAL_BASELINE_NO_ENTITY_RANKING,,,NOT_APPLICABLE_GLOBAL_BASELINE,HF9g-P5,,,,X 全窗基线 · 不参与实体赏罚,14199217,1420,A168_HF9F_20260827_0900,2026-08-27 09:00:00
2026-06-08,57024343,2068,0,430.6075873056,-430.6075873056,-430.6075873056,0E-7,2,2,0.50665070000000000,0.506650700000,-1.4331513700195317,-1.4331513700195317,-1.4331513700195317,0E-17,ELIGIBLE,R03b_20260811_FULL_v1,L1_ELIGIBILITY,v2026-08-11,2026-03-21..2026-08-06,baccarat_bet02_101_all_pairs_incl_sentinel,round_win = game_pnl > 0 (decisive only),COMPATIBILITY_ONLY_NOT_PRODUCTION,4059548.3812,3680416.6879,6656.9809,9707,9692,-0.00163983,0.01249836,-0.00525961,-0.00163983,-6656.9809,4059548.3812,OK,0.0000,266.2792,4.0000,96.0000,AG03-UNRESOLVED,ALL5_LEVELS_bet23_to_bet27,266.2792,266.2792,266.2792,0.0000,0.0000,4.000000,4.000000,4.000000,0.000000,0.000000,96.000000,96.000000,96.000000,100.000000,100.000000,5.0,798.8377,767.3102,5858.1432,5889.6706,PENDING_AG03,FALSE,NOT_FOR_ENFORCEMENT,6390.7016,3533200.0204,6656.9809,6390.7016,266.2792,0.00163983,0.00157424,266.2792,6390.7016,0.00157424,266.2792,266.2792,266.2792,0.0000,0.0000,6390.7016,0.00157424,798.8377,767.3102,5858.1432,5889.6706,0.00144305,0.00145082,0.00006559,418.2083,379.7376,0.6869,61.6387,1.8384,37588.4109,89.7407,538.3845,395.5999,218.4789,430.6076,432.5446,432.5446,1046.441,1081.3617,427.0584,0.0,2.43015,2.511246,0.971205,30,216,96,2,0.20383968,0.00163983,-0.01249836,0E-8,0.000000,0.906607,0.000000,0.01775797,2026-03-22,2026-08-06,108,3621,2443,138,0.782609,1.360932,1.287360,0.679466,,,,,,,,GLOBAL_BASELINE_NO_ENTITY_RANKING,,,NOT_APPLICABLE_GLOBAL_BASELINE,HF9g-P5,,,,X 全窗基线 · 不参与实体赏罚,14199218,1420,A168_HF9F_20260827_0900,2026-08-27 09:00:00
2026-06-08,57024343,2108,0,2260.6898333547,-462.9031563535,-462.9031563535,0.3333333,8,8,0.50665070000000000,0.506650700000,-0.8491533462951141,-0.8491533462951141,-0.8491533462951141,0E-17,ELIGIBLE,R03b_20260811_FULL_v1,L1_ELIGIBILITY,v2026-08-11,2026-03-21..2026-08-06,baccarat_bet02_101_all_pairs_incl_sentinel,round_win = game_pnl > 0 (decisive only),COMPATIBILITY_ONLY_NOT_PRODUCTION,4059548.3812,3680416.6879,6656.9809,9707,9692,-0.00163983,0.01249836,-0.00525961,-0.00163983,-6656.9809,4059548.3812,OK,0.0000,266.2792,4.0000,96.0000,AG03-UNRESOLVED,ALL5_LEVELS_bet23_to_bet27,266.2792,266.2792,266.2792,0.0000,0.0000,4.000000,4.000000,4.000000,0.000000,0.000000,96.000000,96.000000,96.000000,100.000000,100.000000,5.0,798.8377,767.3102,5858.1432,5889.6706,PENDING_AG03,FALSE,NOT_FOR_ENFORCEMENT,6390.7016,3533200.0204,6656.9809,6390.7016,266.2792,0.00163983,0.00157424,266.2792,6390.7016,0.00157424,266.2792,266.2792,266.2792,0.0000,0.0000,6390.7016,0.00157424,798.8377,767.3102,5858.1432,5889.6706,0.00144305,0.00145082,0.00006559,418.2083,379.7376,0.6869,61.6387,1.8384,37588.4109,89.7407,538.3845,395.5999,218.4789,430.6076,432.5446,432.5446,1046.441,1081.3617,427.0584,0.0,2.43015,2.511246,0.971205,30,216,96,2,0.20383968,0.00163983,-0.01249836,0E-8,0.000000,0.906607,0.000000,0.01775797,2026-03-22,2026-08-06,108,3621,2443,138,0.782609,1.360932,1.287360,0.679466,,,,,,,,GLOBAL_BASELINE_NO_ENTITY_RANKING,,,NOT_APPLICABLE_GLOBAL_BASELINE,HF9g-P5,,,,X 全窗基线 · 不参与实体赏罚,14199219,1420,A168_HF9F_20260827_0900,2026-08-27 09:00:00
2026-06-08,57024343,2117,0,215.3037936528,204.5386039702,204.5386039702,1.0000000,1,1,0.50665070000000000,0.506650700000,0.9867858985152569,0.9867858985152569,0.9867858985152569,0E-17,ELIGIBLE,R03b_20260811_FULL_v1,L1_ELIGIBILITY,v2026-08-11,2026-03-21..2026-08-06,baccarat_bet02_101_all_pairs_incl_sentinel,round_win = game_pnl > 0 (decisive only),COMPATIBILITY_ONLY_NOT_PRODUCTION,4059548.3812,3680416.6879,6656.9809,9707,9692,-0.00163983,0.01249836,-0.00525961,-0.00163983,-6656.9809,4059548.3812,OK,0.0000,266.2792,4.0000,96.0000,AG03-UNRESOLVED,ALL5_LEVELS_bet23_to_bet27,266.2792,266.2792,266.2792,0.0000,0.0000,4.000000,4.000000,4.000000,0.000000,0.000000,96.000000,96.000000,96.000000,100.000000,100.000000,5.0,798.8377,767.3102,5858.1432,5889.6706,PENDING_AG03,FALSE,NOT_FOR_ENFORCEMENT,6390.7016,3533200.0204,6656.9809,6390.7016,266.2792,0.00163983,0.00157424,266.2792,6390.7016,0.00157424,266.2792,266.2792,266.2792,0.0000,0.0000,6390.7016,0.00157424,798.8377,767.3102,5858.1432,5889.6706,0.00144305,0.00145082,0.00006559,418.2083,379.7376,0.6869,61.6387,1.8384,37588.4109,89.7407,538.3845,395.5999,218.4789,430.6076,432.5446,432.5446,1046.441,1081.3617,427.0584,0.0,2.43015,2.511246,0.971205,30,216,96,2,0.20383968,0.00163983,-0.01249836,0E-8,0.000000,0.906607,0.000000,0.01775797,2026-03-22,2026-08-06,108,3621,2443,138,0.782609,1.360932,1.287360,0.679466,,,,,,,,GLOBAL_BASELINE_NO_ENTITY_RANKING,,,NOT_APPLICABLE_GLOBAL_BASELINE,HF9g-P5,,,,X 全窗基线 · 不参与实体赏罚,14199220,1420,A168_HF9F_20260827_0900,2026-08-27 09:00:00
2026-06-08,57024343,2121,0,968.8670714377,290.6601214313,290.6601214313,0.7500000,4,4,0.50665070000000000,0.506650700000,0.9734833216690844,0.9734833216690844,0.9734833216690844,0E-17,ELIGIBLE,R03b_20260811_FULL_v1,L1_ELIGIBILITY,v2026-08-11,2026-03-21..2026-08-06,baccarat_bet02_101_all_pairs_incl_sentinel,round_win = game_pnl > 0 (decisive only),COMPATIBILITY_ONLY_NOT_PRODUCTION,4059548.3812,3680416.6879,6656.9809,9707,9692,-0.00163983,0.01249836,-0.00525961,-0.00163983,-6656.9809,4059548.3812,OK,0.0000,266.2792,4.0000,96.0000,AG03-UNRESOLVED,ALL5_LEVELS_bet23_to_bet27,266.2792,266.2792,266.2792,0.0000,0.0000,4.000000,4.000000,4.000000,0.000000,0.000000,96.000000,96.000000,96.000000,100.000000,100.000000,5.0,798.8377,767.3102,5858.1432,5889.6706,PENDING_AG03,FALSE,NOT_FOR_ENFORCEMENT,6390.7016,3533200.0204,6656.9809,6390.7016,266.2792,0.00163983,0.00157424,266.2792,6390.7016,0.00157424,266.2792,266.2792,266.2792,0.0000,0.0000,6390.7016,0.00157424,798.8377,767.3102,5858.1432,5889.6706,0.00144305,0.00145082,0.00006559,418.2083,379.7376,0.6869,61.6387,1.8384,37588.4109,89.7407,538.3845,395.5999,218.4789,430.6076,432.5446,432.5446,1046.441,1081.3617,427.0584,0.0,2.43015,2.511246,0.971205,30,216,96,2,0.20383968,0.00163983,-0.01249836,0E-8,0.000000,0.906607,0.000000,0.01775797,2026-03-22,2026-08-06,108,3621,2443,138,0.782609,1.360932,1.287360,0.679466,,,,,,,,GLOBAL_BASELINE_NO_ENTITY_RANKING,,,NOT_APPLICABLE_GLOBAL_BASELINE,HF9g-P5,,,,X 全窗基线 · 不参与实体赏罚,14199221,1420,A168_HF9F_20260827_0900,2026-08-27 09:00:00
2026-06-08,57024343,2130,0,430.6075873057,-430.6075873057,-430.6075873057,0E-7,1,1,0.50665070000000000,0.506650700000,-1.013391052207602,-1.013391052207602,-1.013391052207602,0E-17,ELIGIBLE,R03b_20260811_FULL_v1,L1_ELIGIBILITY,v2026-08-11,2026-03-21..2026-08-06,baccarat_bet02_101_all_pairs_incl_sentinel,round_win = game_pnl > 0 (decisive only),COMPATIBILITY_ONLY_NOT_PRODUCTION,4059548.3812,3680416.6879,6656.9809,9707,9692,-0.00163983,0.01249836,-0.00525961,-0.00163983,-6656.9809,4059548.3812,OK,0.0000,266.2792,4.0000,96.0000,AG03-UNRESOLVED,ALL5_LEVELS_bet23_to_bet27,266.2792,266.2792,266.2792,0.0000,0.0000,4.000000,4.000000,4.000000,0.000000,0.000000,96.000000,96.000000,96.000000,100.000000,100.000000,5.0,798.8377,767.3102,5858.1432,5889.6706,PENDING_AG03,FALSE,NOT_FOR_ENFORCEMENT,6390.7016,3533200.0204,6656.9809,6390.7016,266.2792,0.00163983,0.00157424,266.2792,6390.7016,0.00157424,266.2792,266.2792,266.2792,0.0000,0.0000,6390.7016,0.00157424,798.8377,767.3102,5858.1432,5889.6706,0.00144305,0.00145082,0.00006559,418.2083,379.7376,0.6869,61.6387,1.8384,37588.4109,89.7407,538.3845,395.5999,218.4789,430.6076,432.5446,432.5446,1046.441,1081.3617,427.0584,0.0,2.43015,2.511246,0.971205,30,216,96,2,0.20383968,0.00163983,-0.01249836,0E-8,0.000000,0.906607,0.000000,0.01775797,2026-03-22,2026-08-06,108,3621,2443,138,0.782609,1.360932,1.287360,0.679466,,,,,,,,GLOBAL_BASELINE_NO_ENTITY_RANKING,,,NOT_APPLICABLE_GLOBAL_BASELINE,HF9g-P5,,,,X 全窗基线 · 不参与实体赏罚,14199222,1420,A168_HF9F_20260827_0900,2026-08-27 09:00:00
2026-06-08,57024343,2142,0,1184.1708650905,-322.9556904793,-322.9556904793,0.3333333,5,5,0.50128862000000000,0.501288620000,-0.5818161120757372,-0.5818161120757372,-0.5818161120757372,0E-17,ELIGIBLE,R03b_20260811_FULL_v1,L1_ELIGIBILITY,v2026-08-11,2026-03-21..2026-08-06,baccarat_bet02_101_all_pairs_incl_sentinel,round_win = game_pnl > 0 (decisive only),COMPATIBILITY_ONLY_NOT_PRODUCTION,4059548.3812,3680416.6879,6656.9809,9707,9692,-0.00163983,0.01249836,-0.00525961,-0.00163983,-6656.9809,4059548.3812,OK,0.0000,266.2792,4.0000,96.0000,AG03-UNRESOLVED,ALL5_LEVELS_bet23_to_bet27,266.2792,266.2792,266.2792,0.0000,0.0000,4.000000,4.000000,4.000000,0.000000,0.000000,96.000000,96.000000,96.000000,100.000000,100.000000,5.0,798.8377,767.3102,5858.1432,5889.6706,PENDING_AG03,FALSE,NOT_FOR_ENFORCEMENT,6390.7016,3533200.0204,6656.9809,6390.7016,266.2792,0.00163983,0.00157424,266.2792,6390.7016,0.00157424,266.2792,266.2792,266.2792,0.0000,0.0000,6390.7016,0.00157424,798.8377,767.3102,5858.1432,5889.6706,0.00144305,0.00145082,0.00006559,418.2083,379.7376,0.6869,61.6387,1.8384,37588.4109,89.7407,538.3845,395.5999,218.4789,430.6076,432.5446,432.5446,1046.441,1081.3617,427.0584,0.0,2.43015,2.511246,0.971205,30,216,96,2,0.20383968,0.00163983,-0.01249836,0E-8,0.000000,0.906607,0.000000,0.01775797,2026-03-22,2026-08-06,108,3621,2443,138,0.782609,1.360932,1.287360,0.679466,,,,,,,,GLOBAL_BASELINE_NO_ENTITY_RANKING,,,NOT_APPLICABLE_GLOBAL_BASELINE,HF9g-P5,,,,X 全窗基线 · 不参与实体赏罚,14199223,1420,A168_HF9F_20260827_0900,2026-08-27 09:00:00
2026-06-08,57024343,2152,0,215.3037936528,-215.3037936528,-215.3037936528,0E-7,1,1,0.50665070000000000,0.506650700000,-1.013391052207602,-1.013391052207602,-1.013391052207602,0E-17,ELIGIBLE,R03b_20260811_FULL_v1,L1_ELIGIBILITY,v2026-08-11,2026-03-21..2026-08-06,baccarat_bet02_101_all_pairs_incl_sentinel,round_win = game_pnl > 0 (decisive only),COMPATIBILITY_ONLY_NOT_PRODUCTION,4059548.3812,3680416.6879,6656.9809,9707,9692,-0.00163983,0.01249836,-0.00525961,-0.00163983,-6656.9809,4059548.3812,OK,0.0000,266.2792,4.0000,96.0000,AG03-UNRESOLVED,ALL5_LEVELS_bet23_to_bet27,266.2792,266.2792,266.2792,0.0000,0.0000,4.000000,4.000000,4.000000,0.000000,0.000000,96.000000,96.000000,96.000000,100.000000,100.000000,5.0,798.8377,767.3102,5858.1432,5889.6706,PENDING_AG03,FALSE,NOT_FOR_ENFORCEMENT,6390.7016,3533200.0204,6656.9809,6390.7016,266.2792,0.00163983,0.00157424,266.2792,6390.7016,0.00157424,266.2792,266.2792,266.2792,0.0000,0.0000,6390.7016,0.00157424,798.8377,767.3102,5858.1432,5889.6706,0.00144305,0.00145082,0.00006559,418.2083,379.7376,0.6869,61.6387,1.8384,37588.4109,89.7407,538.3845,395.5999,218.4789,430.6076,432.5446,432.5446,1046.441,1081.3617,427.0584,0.0,2.43015,2.511246,0.971205,30,216,96,2,0.20383968,0.00163983,-0.01249836,0E-8,0.000000,0.906607,0.000000,0.01775797,2026-03-22,2026-08-06,108,3621,2443,138,0.782609,1.360932,1.287360,0.679466,,,,,,,,GLOBAL_BASELINE_NO_ENTITY_RANKING,,,NOT_APPLICABLE_GLOBAL_BASELINE,HF9g-P5,,,,X 全窗基线 · 不参与实体赏罚,14199224,1420,A168_HF9F_20260827_0900,2026-08-27 09:00:00
2026-06-08,57024343,2167,0,538.2594841321,-538.2594841321,-538.2594841321,0E-7,2,2,0.50665070000000000,0.506650700000,-1.4331513700195317,-1.4331513700195317,-1.4331513700195317,0E-17,ELIGIBLE,R03b_20260811_FULL_v1,L1_ELIGIBILITY,v2026-08-11,2026-03-21..2026-08-06,baccarat_bet02_101_all_pairs_incl_sentinel,round_win = game_pnl > 0 (decisive only),COMPATIBILITY_ONLY_NOT_PRODUCTION,4059548.3812,3680416.6879,6656.9809,9707,9692,-0.00163983,0.01249836,-0.00525961,-0.00163983,-6656.9809,4059548.3812,OK,0.0000,266.2792,4.0000,96.0000,AG03-UNRESOLVED,ALL5_LEVELS_bet23_to_bet27,266.2792,266.2792,266.2792,0.0000,0.0000,4.000000,4.000000,4.000000,0.000000,0.000000,96.000000,96.000000,96.000000,100.000000,100.000000,5.0,798.8377,767.3102,5858.1432,5889.6706,PENDING_AG03,FALSE,NOT_FOR_ENFORCEMENT,6390.7016,3533200.0204,6656.9809,6390.7016,266.2792,0.00163983,0.00157424,266.2792,6390.7016,0.00157424,266.2792,266.2792,266.2792,0.0000,0.0000,6390.7016,0.00157424,798.8377,767.3102,5858.1432,5889.6706,0.00144305,0.00145082,0.00006559,418.2083,379.7376,0.6869,61.6387,1.8384,37588.4109,89.7407,538.3845,395.5999,218.4789,430.6076,432.5446,432.5446,1046.441,1081.3617,427.0584,0.0,2.43015,2.511246,0.971205,30,216,96,2,0.20383968,0.00163983,-0.01249836,0E-8,0.000000,0.906607,0.000000,0.01775797,2026-03-22,2026-08-06,108,3621,2443,138,0.782609,1.360932,1.287360,0.679466,,,,,,,,GLOBAL_BASELINE_NO_ENTITY_RANKING,,,NOT_APPLICABLE_GLOBAL_BASELINE,HF9g-P5,,,,X 全窗基线 · 不参与实体赏罚,14199225,1420,A168_HF9F_20260827_0900,2026-08-27 09:00:00
2026-06-08,57024343,2171,0,1291.8227619168,-10.7651896826,-10.7651896826,0.5000000,6,6,0.49994810000000000,0.499948100000,0.00025425703667063243,0.00025425703667063243,0.00025425703667063243,0E-17,ELIGIBLE,R03b_20260811_FULL_v1,L1_ELIGIBILITY,v2026-08-11,2026-03-21..2026-08-06,baccarat_bet02_101_all_pairs_incl_sentinel,round_win = game_pnl > 0 (decisive only),COMPATIBILITY_ONLY_NOT_PRODUCTION,4059548.3812,3680416.6879,6656.9809,9707,9692,-0.00163983,0.01249836,-0.00525961,-0.00163983,-6656.9809,4059548.3812,OK,0.0000,266.2792,4.0000,96.0000,AG03-UNRESOLVED,ALL5_LEVELS_bet23_to_bet27,266.2792,266.2792,266.2792,0.0000,0.0000,4.000000,4.000000,4.000000,0.000000,0.000000,96.000000,96.000000,96.000000,100.000000,100.000000,5.0,798.8377,767.3102,5858.1432,5889.6706,PENDING_AG03,FALSE,NOT_FOR_ENFORCEMENT,6390.7016,3533200.0204,6656.9809,6390.7016,266.2792,0.00163983,0.00157424,266.2792,6390.7016,0.00157424,266.2792,266.2792,266.2792,0.0000,0.0000,6390.7016,0.00157424,798.8377,767.3102,5858.1432,5889.6706,0.00144305,0.00145082,0.00006559,418.2083,379.7376,0.6869,61.6387,1.8384,37588.4109,89.7407,538.3845,395.5999,218.4789,430.6076,432.5446,432.5446,1046.441,1081.3617,427.0584,0.0,2.43015,2.511246,0.971205,30,216,96,2,0.20383968,0.00163983,-0.01249836,0E-8,0.000000,0.906607,0.000000,0.01775797,2026-03-22,2026-08-06,108,3621,2443,138,0.782609,1.360932,1.287360,0.679466,,,,,,,,GLOBAL_BASELINE_NO_ENTITY_RANKING,,,NOT_APPLICABLE_GLOBAL_BASELINE,HF9g-P5,,,,X 全窗基线 · 不参与实体赏罚,14199226,1420,A168_HF9F_20260827_0900,2026-08-27 09:00:00
2026-06-08,57024343,2175,0,1830.0822460490,-150.7126555569,-150.7126555569,0.4285714,7,7,0.50665070000000000,0.506650700000,-0.4131932236838825,-0.4131932236838825,-0.4131932236838825,0E-17,ELIGIBLE,R03b_20260811_FULL_v1,L1_ELIGIBILITY,v2026-08-11,2026-03-21..2026-08-06,baccarat_bet02_101_all_pairs_incl_sentinel,round_win = game_pnl > 0 (decisive only),COMPATIBILITY_ONLY_NOT_PRODUCTION,4059548.3812,3680416.6879,6656.9809,9707,9692,-0.00163983,0.01249836,-0.00525961,-0.00163983,-6656.9809,4059548.3812,OK,0.0000,266.2792,4.0000,96.0000,AG03-UNRESOLVED,ALL5_LEVELS_bet23_to_bet27,266.2792,266.2792,266.2792,0.0000,0.0000,4.000000,4.000000,4.000000,0.000000,0.000000,96.000000,96.000000,96.000000,100.000000,100.000000,5.0,798.8377,767.3102,5858.1432,5889.6706,PENDING_AG03,FALSE,NOT_FOR_ENFORCEMENT,6390.7016,3533200.0204,6656.9809,6390.7016,266.2792,0.00163983,0.00157424,266.2792,6390.7016,0.00157424,266.2792,266.2792,266.2792,0.0000,0.0000,6390.7016,0.00157424,798.8377,767.3102,5858.1432,5889.6706,0.00144305,0.00145082,0.00006559,418.2083,379.7376,0.6869,61.6387,1.8384,37588.4109,89.7407,538.3845,395.5999,218.4789,430.6076,432.5446,432.5446,1046.441,1081.3617,427.0584,0.0,2.43015,2.511246,0.971205,30,216,96,2,0.20383968,0.00163983,-0.01249836,0E-8,0.000000,0.906607,0.000000,0.01775797,2026-03-22,2026-08-06,108,3621,2443,138,0.782609,1.360932,1.287360,0.679466,,,,,,,,GLOBAL_BASELINE_NO_ENTITY_RANKING,,,NOT_APPLICABLE_GLOBAL_BASELINE,HF9g-P5,,,,X 全窗基线 · 不参与实体赏罚,14199227,1420,A168_HF9F_20260827_0900,2026-08-27 09:00:00
2026-06-08,57024343,2205,0,430.6075873056,-10.7651896826,-10.7651896826,0.5000000,2,2,0.50665070000000000,0.506650700000,-0.018812684590367487,-0.018812684590367487,-0.018812684590367487,0E-17,ELIGIBLE,R03b_20260811_FULL_v1,L1_ELIGIBILITY,v2026-08-11,2026-03-21..2026-08-06,baccarat_bet02_101_all_pairs_incl_sentinel,round_win = game_pnl > 0 (decisive only),COMPATIBILITY_ONLY_NOT_PRODUCTION,4059548.3812,3680416.6879,6656.9809,9707,9692,-0.00163983,0.01249836,-0.00525961,-0.00163983,-6656.9809,4059548.3812,OK,0.0000,266.2792,4.0000,96.0000,AG03-UNRESOLVED,ALL5_LEVELS_bet23_to_bet27,266.2792,266.2792,266.2792,0.0000,0.0000,4.000000,4.000000,4.000000,0.000000,0.000000,96.000000,96.000000,96.000000,100.000000,100.000000,5.0,798.8377,767.3102,5858.1432,5889.6706,PENDING_AG03,FALSE,NOT_FOR_ENFORCEMENT,6390.7016,3533200.0204,6656.9809,6390.7016,266.2792,0.00163983,0.00157424,266.2792,6390.7016,0.00157424,266.2792,266.2792,266.2792,0.0000,0.0000,6390.7016,0.00157424,798.8377,767.3102,5858.1432,5889.6706,0.00144305,0.00145082,0.00006559,418.2083,379.7376,0.6869,61.6387,1.8384,37588.4109,89.7407,538.3845,395.5999,218.4789,430.6076,432.5446,432.5446,1046.441,1081.3617,427.0584,0.0,2.43015,2.511246,0.971205,30,216,96,2,0.20383968,0.00163983,-0.01249836,0E-8,0.000000,0.906607,0.000000,0.01775797,2026-03-22,2026-08-06,108,3621,2443,138,0.782609,1.360932,1.287360,0.679466,,,,,,,,GLOBAL_BASELINE_NO_ENTITY_RANKING,,,NOT_APPLICABLE_GLOBAL_BASELINE,HF9g-P5,,,,X 全窗基线 · 不参与实体赏罚,14199228,1420,A168_HF9F_20260827_0900,2026-08-27 09:00:00
2026-06-08,57024343,2212,0,2691.2974206602,-366.0164492097,-366.0164492097,0.4444444,11,11,0.50543204545454545,0.505432045455,-0.3659472027923398,-0.36594720279507076,-0.3659472027923398,-4.5455E-13,ELIGIBLE,R03b_20260811_FULL_v1,L1_ELIGIBILITY,v2026-08-11,2026-03-21..2026-08-06,baccarat_bet02_101_all_pairs_incl_sentinel,round_win = game_pnl > 0 (decisive only),COMPATIBILITY_ONLY_NOT_PRODUCTION,4059548.3812,3680416.6879,6656.9809,9707,9692,-0.00163983,0.01249836,-0.00525961,-0.00163983,-6656.9809,4059548.3812,OK,0.0000,266.2792,4.0000,96.0000,AG03-UNRESOLVED,ALL5_LEVELS_bet23_to_bet27,266.2792,266.2792,266.2792,0.0000,0.0000,4.000000,4.000000,4.000000,0.000000,0.000000,96.000000,96.000000,96.000000,100.000000,100.000000,5.0,798.8377,767.3102,5858.1432,5889.6706,PENDING_AG03,FALSE,NOT_FOR_ENFORCEMENT,6390.7016,3533200.0204,6656.9809,6390.7016,266.2792,0.00163983,0.00157424,266.2792,6390.7016,0.00157424,266.2792,266.2792,266.2792,0.0000,0.0000,6390.7016,0.00157424,798.8377,767.3102,5858.1432,5889.6706,0.00144305,0.00145082,0.00006559,418.2083,379.7376,0.6869,61.6387,1.8384,37588.4109,89.7407,538.3845,395.5999,218.4789,430.6076,432.5446,432.5446,1046.441,1081.3617,427.0584,0.0,2.43015,2.511246,0.971205,30,216,96,2,0.20383968,0.00163983,-0.01249836,0E-8,0.000000,0.906607,0.000000,0.01775797,2026-03-22,2026-08-06,108,3621,2443,138,0.782609,1.360932,1.287360,0.679466,,,,,,,,GLOBAL_BASELINE_NO_ENTITY_RANKING,,,NOT_APPLICABLE_GLOBAL_BASELINE,HF9g-P5,,,,X 全窗基线 · 不参与实体赏罚,14199229,1420,A168_HF9F_20260827_0900,2026-08-27 09:00:00
2026-06-08,57024343,2222,0,1291.8227619168,-441.3727769882,-441.3727769882,0.2500000,6,6,0.50665070000000000,0.506650700000,-1.0266936290537745,-1.0266936290537745,-1.0266936290537745,0E-17,ELIGIBLE,R03b_20260811_FULL_v1,L1_ELIGIBILITY,v2026-08-11,2026-03-21..2026-08-06,baccarat_bet02_101_all_pairs_incl_sentinel,round_win = game_pnl > 0 (decisive only),COMPATIBILITY_ONLY_NOT_PRODUCTION,4059548.3812,3680416.6879,6656.9809,9707,9692,-0.00163983,0.01249836,-0.00525961,-0.00163983,-6656.9809,4059548.3812,OK,0.0000,266.2792,4.0000,96.0000,AG03-UNRESOLVED,ALL5_LEVELS_bet23_to_bet27,266.2792,266.2792,266.2792,0.0000,0.0000,4.000000,4.000000,4.000000,0.000000,0.000000,96.000000,96.000000,96.000000,100.000000,100.000000,5.0,798.8377,767.3102,5858.1432,5889.6706,PENDING_AG03,FALSE,NOT_FOR_ENFORCEMENT,6390.7016,3533200.0204,6656.9809,6390.7016,266.2792,0.00163983,0.00157424,266.2792,6390.7016,0.00157424,266.2792,266.2792,266.2792,0.0000,0.0000,6390.7016,0.00157424,798.8377,767.3102,5858.1432,5889.6706,0.00144305,0.00145082,0.00006559,418.2083,379.7376,0.6869,61.6387,1.8384,37588.4109,89.7407,538.3845,395.5999,218.4789,430.6076,432.5446,432.5446,1046.441,1081.3617,427.0584,0.0,2.43015,2.511246,0.971205,30,216,96,2,0.20383968,0.00163983,-0.01249836,0E-8,0.000000,0.906607,0.000000,0.01775797,2026-03-22,2026-08-06,108,3621,2443,138,0.782609,1.360932,1.287360,0.679466,,,,,,,,GLOBAL_BASELINE_NO_ENTITY_RANKING,,,NOT_APPLICABLE_GLOBAL_BASELINE,HF9g-P5,,,,X 全窗基线 · 不参与实体赏罚,14199230,1420,A168_HF9F_20260827_0900,2026-08-27 09:00:00
2026-06-08,57024343,2229,0,215.3037936528,204.5386039702,204.5386039702,1.0000000,1,1,0.50665070000000000,0.506650700000,0.9867858985152569,0.9867858985152569,0.9867858985152569,0E-17,ELIGIBLE,R03b_20260811_FULL_v1,L1_ELIGIBILITY,v2026-08-11,2026-03-21..2026-08-06,baccarat_bet02_101_all_pairs_incl_sentinel,round_win = game_pnl > 0 (decisive only),COMPATIBILITY_ONLY_NOT_PRODUCTION,4059548.3812,3680416.6879,6656.9809,9707,9692,-0.00163983,0.01249836,-0.00525961,-0.00163983,-6656.9809,4059548.3812,OK,0.0000,266.2792,4.0000,96.0000,AG03-UNRESOLVED,ALL5_LEVELS_bet23_to_bet27,266.2792,266.2792,266.2792,0.0000,0.0000,4.000000,4.000000,4.000000,0.000000,0.000000,96.000000,96.000000,96.000000,100.000000,100.000000,5.0,798.8377,767.3102,5858.1432,5889.6706,PENDING_AG03,FALSE,NOT_FOR_ENFORCEMENT,6390.7016,3533200.0204,6656.9809,6390.7016,266.2792,0.00163983,0.00157424,266.2792,6390.7016,0.00157424,266.2792,266.2792,266.2792,0.0000,0.0000,6390.7016,0.00157424,798.8377,767.3102,5858.1432,5889.6706,0.00144305,0.00145082,0.00006559,418.2083,379.7376,0.6869,61.6387,1.8384,37588.4109,89.7407,538.3845,395.5999,218.4789,430.6076,432.5446,432.5446,1046.441,1081.3617,427.0584,0.0,2.43015,2.511246,0.971205,30,216,96,2,0.20383968,0.00163983,-0.01249836,0E-8,0.000000,0.906607,0.000000,0.01775797,2026-03-22,2026-08-06,108,3621,2443,138,0.782609,1.360932,1.287360,0.679466,,,,,,,,GLOBAL_BASELINE_NO_ENTITY_RANKING,,,NOT_APPLICABLE_GLOBAL_BASELINE,HF9g-P5,,,,X 全窗基线 · 不参与实体赏罚,14199231,1420,A168_HF9F_20260827_0900,2026-08-27 09:00:00
2026-06-08,57024343,2258,0,1937.7341428754,172.2430349223,172.2430349223,0.5714286,7,7,0.50282064285714286,0.502820642857,0.36304481076852674,0.3630448107692821,0.36304481076852674,1.4286E-13,ELIGIBLE,R03b_20260811_FULL_v1,L1_ELIGIBILITY,v2026-08-11,2026-03-21..2026-08-06,baccarat_bet02_101_all_pairs_incl_sentinel,round_win = game_pnl > 0 (decisive only),COMPATIBILITY_ONLY_NOT_PRODUCTION,4059548.3812,3680416.6879,6656.9809,9707,9692,-0.00163983,0.01249836,-0.00525961,-0.00163983,-6656.9809,4059548.3812,OK,0.0000,266.2792,4.0000,96.0000,AG03-UNRESOLVED,ALL5_LEVELS_bet23_to_bet27,266.2792,266.2792,266.2792,0.0000,0.0000,4.000000,4.000000,4.000000,0.000000,0.000000,96.000000,96.000000,96.000000,100.000000,100.000000,5.0,798.8377,767.3102,5858.1432,5889.6706,PENDING_AG03,FALSE,NOT_FOR_ENFORCEMENT,6390.7016,3533200.0204,6656.9809,6390.7016,266.2792,0.00163983,0.00157424,266.2792,6390.7016,0.00157424,266.2792,266.2792,266.2792,0.0000,0.0000,6390.7016,0.00157424,798.8377,767.3102,5858.1432,5889.6706,0.00144305,0.00145082,0.00006559,418.2083,379.7376,0.6869,61.6387,1.8384,37588.4109,89.7407,538.3845,395.5999,218.4789,430.6076,432.5446,432.5446,1046.441,1081.3617,427.0584,0.0,2.43015,2.511246,0.971205,30,216,96,2,0.20383968,0.00163983,-0.01249836,0E-8,0.000000,0.906607,0.000000,0.01775797,2026-03-22,2026-08-06,108,3621,2443,138,0.782609,1.360932,1.287360,0.679466,,,,,,,,GLOBAL_BASELINE_NO_ENTITY_RANKING,,,NOT_APPLICABLE_GLOBAL_BASELINE,HF9g-P5,,,,X 全窗基线 · 不参与实体赏罚,14199232,1420,A168_HF9F_20260827_0900,2026-08-27 09:00:00
2026-06-08,57024343,2261,0,968.8670714377,-549.0246738147,-549.0246738147,0.2500000,4,4,0.50665070000000000,0.506650700000,-1.0266936290537745,-1.0266936290537745,-1.0266936290537745,0E-17,ELIGIBLE,R03b_20260811_FULL_v1,L1_ELIGIBILITY,v2026-08-11,2026-03-21..2026-08-06,baccarat_bet02_101_all_pairs_incl_sentinel,round_win = game_pnl > 0 (decisive only),COMPATIBILITY_ONLY_NOT_PRODUCTION,4059548.3812,3680416.6879,6656.9809,9707,9692,-0.00163983,0.01249836,-0.00525961,-0.00163983,-6656.9809,4059548.3812,OK,0.0000,266.2792,4.0000,96.0000,AG03-UNRESOLVED,ALL5_LEVELS_bet23_to_bet27,266.2792,266.2792,266.2792,0.0000,0.0000,4.000000,4.000000,4.000000,0.000000,0.000000,96.000000,96.000000,96.000000,100.000000,100.000000,5.0,798.8377,767.3102,5858.1432,5889.6706,PENDING_AG03,FALSE,NOT_FOR_ENFORCEMENT,6390.7016,3533200.0204,6656.9809,6390.7016,266.2792,0.00163983,0.00157424,266.2792,6390.7016,0.00157424,266.2792,266.2792,266.2792,0.0000,0.0000,6390.7016,0.00157424,798.8377,767.3102,5858.1432,5889.6706,0.00144305,0.00145082,0.00006559,418.2083,379.7376,0.6869,61.6387,1.8384,37588.4109,89.7407,538.3845,395.5999,218.4789,430.6076,432.5446,432.5446,1046.441,1081.3617,427.0584,0.0,2.43015,2.511246,0.971205,30,216,96,2,0.20383968,0.00163983,-0.01249836,0E-8,0.000000,0.906607,0.000000,0.01775797,2026-03-22,2026-08-06,108,3621,2443,138,0.782609,1.360932,1.287360,0.679466,,,,,,,,GLOBAL_BASELINE_NO_ENTITY_RANKING,,,NOT_APPLICABLE_GLOBAL_BASELINE,HF9g-P5,,,,X 全窗基线 · 不参与实体赏罚,14199233,1420,A168_HF9F_20260827_0900,2026-08-27 09:00:00
2026-06-08,57024343,2266,0,1184.1708650904,80.7389226199,80.7389226199,0.6000000,6,6,0.50441650000000000,0.504416500000,0.42747908374280613,0.42747908374280613,0.42747908374280613,0E-17,ELIGIBLE,R03b_20260811_FULL_v1,L1_ELIGIBILITY,v2026-08-11,2026-03-21..2026-08-06,baccarat_bet02_101_all_pairs_incl_sentinel,round_win = game_pnl > 0 (decisive only),COMPATIBILITY_ONLY_NOT_PRODUCTION,4059548.3812,3680416.6879,6656.9809,9707,9692,-0.00163983,0.01249836,-0.00525961,-0.00163983,-6656.9809,4059548.3812,OK,0.0000,266.2792,4.0000,96.0000,AG03-UNRESOLVED,ALL5_LEVELS_bet23_to_bet27,266.2792,266.2792,266.2792,0.0000,0.0000,4.000000,4.000000,4.000000,0.000000,0.000000,96.000000,96.000000,96.000000,100.000000,100.000000,5.0,798.8377,767.3102,5858.1432,5889.6706,PENDING_AG03,FALSE,NOT_FOR_ENFORCEMENT,6390.7016,3533200.0204,6656.9809,6390.7016,266.2792,0.00163983,0.00157424,266.2792,6390.7016,0.00157424,266.2792,266.2792,266.2792,0.0000,0.0000,6390.7016,0.00157424,798.8377,767.3102,5858.1432,5889.6706,0.00144305,0.00145082,0.00006559,418.2083,379.7376,0.6869,61.6387,1.8384,37588.4109,89.7407,538.3845,395.5999,218.4789,430.6076,432.5446,432.5446,1046.441,1081.3617,427.0584,0.0,2.43015,2.511246,0.971205,30,216,96,2,0.20383968,0.00163983,-0.01249836,0E-8,0.000000,0.906607,0.000000,0.01775797,2026-03-22,2026-08-06,108,3621,2443,138,0.782609,1.360932,1.287360,0.679466,,,,,,,,GLOBAL_BASELINE_NO_ENTITY_RANKING,,,NOT_APPLICABLE_GLOBAL_BASELINE,HF9g-P5,,,,X 全窗基线 · 不参与实体赏罚,14199234,1420,A168_HF9F_20260827_0900,2026-08-27 09:00:00
2026-06-08,57024343,2276,0,430.6075873056,419.8423976230,419.8423976230,1.0000000,2,2,0.49994810000000000,0.499948100000,1.4143603653603398,1.4143603653603398,1.4143603653603398,0E-17,ELIGIBLE,R03b_20260811_FULL_v1,L1_ELIGIBILITY,v2026-08-11,2026-03-21..2026-08-06,baccarat_bet02_101_all_pairs_incl_sentinel,round_win = game_pnl > 0 (decisive only),COMPATIBILITY_ONLY_NOT_PRODUCTION,4059548.3812,3680416.6879,6656.9809,9707,9692,-0.00163983,0.01249836,-0.00525961,-0.00163983,-6656.9809,4059548.3812,OK,0.0000,266.2792,4.0000,96.0000,AG03-UNRESOLVED,ALL5_LEVELS_bet23_to_bet27,266.2792,266.2792,266.2792,0.0000,0.0000,4.000000,4.000000,4.000000,0.000000,0.000000,96.000000,96.000000,96.000000,100.000000,100.000000,5.0,798.8377,767.3102,5858.1432,5889.6706,PENDING_AG03,FALSE,NOT_FOR_ENFORCEMENT,6390.7016,3533200.0204,6656.9809,6390.7016,266.2792,0.00163983,0.00157424,266.2792,6390.7016,0.00157424,266.2792,266.2792,266.2792,0.0000,0.0000,6390.7016,0.00157424,798.8377,767.3102,5858.1432,5889.6706,0.00144305,0.00145082,0.00006559,418.2083,379.7376,0.6869,61.6387,1.8384,37588.4109,89.7407,538.3845,395.5999,218.4789,430.6076,432.5446,432.5446,1046.441,1081.3617,427.0584,0.0,2.43015,2.511246,0.971205,30,216,96,2,0.20383968,0.00163983,-0.01249836,0E-8,0.000000,0.906607,0.000000,0.01775797,2026-03-22,2026-08-06,108,3621,2443,138,0.782609,1.360932,1.287360,0.679466,,,,,,,,GLOBAL_BASELINE_NO_ENTITY_RANKING,,,NOT_APPLICABLE_GLOBAL_BASELINE,HF9g-P5,,,,X 全窗基线 · 不参与实体赏罚,14199235,1420,A168_HF9F_20260827_0900,2026-08-27 09:00:00
2026-06-09,57024343,-1,1,10765.1896826402,-2109.9771777969,-2109.9771777969,0.4000000,48,48,0.50553360000000000,0.505533600000,-1.4159685396948396,-1.4159685396948396,-1.4159685396948396,0E-17,SENTINEL_DEALER,R03b_20260811_FULL_v1,L1_ELIGIBILITY,v2026-08-11,2026-03-21..2026-08-06,baccarat_bet02_101_all_pairs_incl_sentinel,round_win = game_pnl > 0 (decisive only),COMPATIBILITY_ONLY_NOT_PRODUCTION,4059548.3812,3680416.6879,6656.9809,9707,9692,-0.00163983,0.01249836,-0.00525961,-0.00163983,-6656.9809,4059548.3812,OK,0.0000,266.2792,4.0000,96.0000,AG03-UNRESOLVED,ALL5_LEVELS_bet23_to_bet27,266.2792,266.2792,266.2792,0.0000,0.0000,4.000000,4.000000,4.000000,0.000000,0.000000,96.000000,96.000000,96.000000,100.000000,100.000000,5.0,798.8377,767.3102,5858.1432,5889.6706,PENDING_AG03,FALSE,NOT_FOR_ENFORCEMENT,6390.7016,3533200.0204,6656.9809,6390.7016,266.2792,0.00163983,0.00157424,266.2792,6390.7016,0.00157424,266.2792,266.2792,266.2792,0.0000,0.0000,6390.7016,0.00157424,798.8377,767.3102,5858.1432,5889.6706,0.00144305,0.00145082,0.00006559,418.2083,379.7376,0.6869,61.6387,1.8384,37588.4109,89.7407,538.3845,395.5999,218.4789,430.6076,432.5446,432.5446,1046.441,1081.3617,427.0584,0.0,2.43015,2.511246,0.971205,30,216,96,2,0.20383968,0.00163983,-0.01249836,0E-8,0.000000,0.906607,0.000000,0.01775797,2026-03-22,2026-08-06,108,3621,2443,138,0.782609,1.360932,1.287360,0.679466,,,,,,,,GLOBAL_BASELINE_NO_ENTITY_RANKING,,,NOT_APPLICABLE_GLOBAL_BASELINE,HF9g-P5,,,,X 全窗基线 · 不参与实体赏罚,14199236,1420,A168_HF9F_20260827_0900,2026-08-27 09:00:00
2026-06-09,57024343,1157,0,861.2151746112,-226.0689833354,-226.0689833354,0.3333333,4,4,0.50665070000000000,0.506650700000,-0.6004420894325239,-0.6004420894325239,-0.6004420894325239,0E-17,ELIGIBLE,R03b_20260811_FULL_v1,L1_ELIGIBILITY,v2026-08-11,2026-03-21..2026-08-06,baccarat_bet02_101_all_pairs_incl_sentinel,round_win = game_pnl > 0 (decisive only),COMPATIBILITY_ONLY_NOT_PRODUCTION,4059548.3812,3680416.6879,6656.9809,9707,9692,-0.00163983,0.01249836,-0.00525961,-0.00163983,-6656.9809,4059548.3812,OK,0.0000,266.2792,4.0000,96.0000,AG03-UNRESOLVED,ALL5_LEVELS_bet23_to_bet27,266.2792,266.2792,266.2792,0.0000,0.0000,4.000000,4.000000,4.000000,0.000000,0.000000,96.000000,96.000000,96.000000,100.000000,100.000000,5.0,798.8377,767.3102,5858.1432,5889.6706,PENDING_AG03,FALSE,NOT_FOR_ENFORCEMENT,6390.7016,3533200.0204,6656.9809,6390.7016,266.2792,0.00163983,0.00157424,266.2792,6390.7016,0.00157424,266.2792,266.2792,266.2792,0.0000,0.0000,6390.7016,0.00157424,798.8377,767.3102,5858.1432,5889.6706,0.00144305,0.00145082,0.00006559,418.2083,379.7376,0.6869,61.6387,1.8384,37588.4109,89.7407,538.3845,395.5999,218.4789,430.6076,432.5446,432.5446,1046.441,1081.3617,427.0584,0.0,2.43015,2.511246,0.971205,30,216,96,2,0.20383968,0.00163983,-0.01249836,0E-8,0.000000,0.906607,0.000000,0.01775797,2026-03-22,2026-08-06,108,3621,2443,138,0.782609,1.360932,1.287360,0.679466,,,,,,,,GLOBAL_BASELINE_NO_ENTITY_RANKING,,,NOT_APPLICABLE_GLOBAL_BASELINE,HF9g-P5,,,,X 全窗基线 · 不参与实体赏罚,14199237,1420,A168_HF9F_20260827_0900,2026-08-27 09:00:00
2026-06-09,57024343,1210,0,215.3037936528,215.3037936528,215.3037936528,1.0000000,1,1,0.49324550000000000,0.493245500000,1.01360149184955,1.01360149184955,1.01360149184955,0E-17,ELIGIBLE,R03b_20260811_FULL_v1,L1_ELIGIBILITY,v2026-08-11,2026-03-21..2026-08-06,baccarat_bet02_101_all_pairs_incl_sentinel,round_win = game_pnl > 0 (decisive only),COMPATIBILITY_ONLY_NOT_PRODUCTION,4059548.3812,3680416.6879,6656.9809,9707,9692,-0.00163983,0.01249836,-0.00525961,-0.00163983,-6656.9809,4059548.3812,OK,0.0000,266.2792,4.0000,96.0000,AG03-UNRESOLVED,ALL5_LEVELS_bet23_to_bet27,266.2792,266.2792,266.2792,0.0000,0.0000,4.000000,4.000000,4.000000,0.000000,0.000000,96.000000,96.000000,96.000000,100.000000,100.000000,5.0,798.8377,767.3102,5858.1432,5889.6706,PENDING_AG03,FALSE,NOT_FOR_ENFORCEMENT,6390.7016,3533200.0204,6656.9809,6390.7016,266.2792,0.00163983,0.00157424,266.2792,6390.7016,0.00157424,266.2792,266.2792,266.2792,0.0000,0.0000,6390.7016,0.00157424,798.8377,767.3102,5858.1432,5889.6706,0.00144305,0.00145082,0.00006559,418.2083,379.7376,0.6869,61.6387,1.8384,37588.4109,89.7407,538.3845,395.5999,218.4789,430.6076,432.5446,432.5446,1046.441,1081.3617,427.0584,0.0,2.43015,2.511246,0.971205,30,216,96,2,0.20383968,0.00163983,-0.01249836,0E-8,0.000000,0.906607,0.000000,0.01775797,2026-03-22,2026-08-06,108,3621,2443,138,0.782609,1.360932,1.287360,0.679466,,,,,,,,GLOBAL_BASELINE_NO_ENTITY_RANKING,,,NOT_APPLICABLE_GLOBAL_BASELINE,HF9g-P5,,,,X 全窗基线 · 不参与实体赏罚,14199238,1420,A168_HF9F_20260827_0900,2026-08-27 09:00:00
2026-06-09,57024343,1299,0,215.3037936528,-215.3037936528,-215.3037936528,0E-7,1,1,0.50665070000000000,0.506650700000,-1.013391052207602,-1.013391052207602,-1.013391052207602,0E-17,ELIGIBLE,R03b_20260811_FULL_v1,L1_ELIGIBILITY,v2026-08-11,2026-03-21..2026-08-06,baccarat_bet02_101_all_pairs_incl_sentinel,round_win = game_pnl > 0 (decisive only),COMPATIBILITY_ONLY_NOT_PRODUCTION,4059548.3812,3680416.6879,6656.9809,9707,9692,-0.00163983,0.01249836,-0.00525961,-0.00163983,-6656.9809,4059548.3812,OK,0.0000,266.2792,4.0000,96.0000,AG03-UNRESOLVED,ALL5_LEVELS_bet23_to_bet27,266.2792,266.2792,266.2792,0.0000,0.0000,4.000000,4.000000,4.000000,0.000000,0.000000,96.000000,96.000000,96.000000,100.000000,100.000000,5.0,798.8377,767.3102,5858.1432,5889.6706,PENDING_AG03,FALSE,NOT_FOR_ENFORCEMENT,6390.7016,3533200.0204,6656.9809,6390.7016,266.2792,0.00163983,0.00157424,266.2792,6390.7016,0.00157424,266.2792,266.2792,266.2792,0.0000,0.0000,6390.7016,0.00157424,798.8377,767.3102,5858.1432,5889.6706,0.00144305,0.00145082,0.00006559,418.2083,379.7376,0.6869,61.6387,1.8384,37588.4109,89.7407,538.3845,395.5999,218.4789,430.6076,432.5446,432.5446,1046.441,1081.3617,427.0584,0.0,2.43015,2.511246,0.971205,30,216,96,2,0.20383968,0.00163983,-0.01249836,0E-8,0.000000,0.906607,0.000000,0.01775797,2026-03-22,2026-08-06,108,3621,2443,138,0.782609,1.360932,1.287360,0.679466,,,,,,,,GLOBAL_BASELINE_NO_ENTITY_RANKING,,,NOT_APPLICABLE_GLOBAL_BASELINE,HF9g-P5,,,,X 全窗基线 · 不参与实体赏罚,14199239,1420,A168_HF9F_20260827_0900,2026-08-27 09:00:00
2026-06-09,57024343,1623,0,645.9113809585,193.7734142876,193.7734142876,0.5000000,2,2,0.50665070000000000,0.506650700000,-0.018812684590367487,-0.018812684590367487,-0.018812684590367487,0E-17,ELIGIBLE,R03b_20260811_FULL_v1,L1_ELIGIBILITY,v2026-08-11,2026-03-21..2026-08-06,baccarat_bet02_101_all_pairs_incl_sentinel,round_win = game_pnl > 0 (decisive only),COMPATIBILITY_ONLY_NOT_PRODUCTION,4059548.3812,3680416.6879,6656.9809,9707,9692,-0.00163983,0.01249836,-0.00525961,-0.00163983,-6656.9809,4059548.3812,OK,0.0000,266.2792,4.0000,96.0000,AG03-UNRESOLVED,ALL5_LEVELS_bet23_to_bet27,266.2792,266.2792,266.2792,0.0000,0.0000,4.000000,4.000000,4.000000,0.000000,0.000000,96.000000,96.000000,96.000000,100.000000,100.000000,5.0,798.8377,767.3102,5858.1432,5889.6706,PENDING_AG03,FALSE,NOT_FOR_ENFORCEMENT,6390.7016,3533200.0204,6656.9809,6390.7016,266.2792,0.00163983,0.00157424,266.2792,6390.7016,0.00157424,266.2792,266.2792,266.2792,0.0000,0.0000,6390.7016,0.00157424,798.8377,767.3102,5858.1432,5889.6706,0.00144305,0.00145082,0.00006559,418.2083,379.7376,0.6869,61.6387,1.8384,37588.4109,89.7407,538.3845,395.5999,218.4789,430.6076,432.5446,432.5446,1046.441,1081.3617,427.0584,0.0,2.43015,2.511246,0.971205,30,216,96,2,0.20383968,0.00163983,-0.01249836,0E-8,0.000000,0.906607,0.000000,0.01775797,2026-03-22,2026-08-06,108,3621,2443,138,0.782609,1.360932,1.287360,0.679466,,,,,,,,GLOBAL_BASELINE_NO_ENTITY_RANKING,,,NOT_APPLICABLE_GLOBAL_BASELINE,HF9g-P5,,,,X 全窗基线 · 不参与实体赏罚,14199240,1420,A168_HF9F_20260827_0900,2026-08-27 09:00:00
2026-06-09,57024343,1710,0,430.6075873056,-430.6075873056,-430.6075873056,0E-7,2,2,0.50665070000000000,0.506650700000,-1.4331513700195317,-1.4331513700195317,-1.4331513700195317,0E-17,ELIGIBLE,R03b_20260811_FULL_v1,L1_ELIGIBILITY,v2026-08-11,2026-03-21..2026-08-06,baccarat_bet02_101_all_pairs_incl_sentinel,round_win = game_pnl > 0 (decisive only),COMPATIBILITY_ONLY_NOT_PRODUCTION,4059548.3812,3680416.6879,6656.9809,9707,9692,-0.00163983,0.01249836,-0.00525961,-0.00163983,-6656.9809,4059548.3812,OK,0.0000,266.2792,4.0000,96.0000,AG03-UNRESOLVED,ALL5_LEVELS_bet23_to_bet27,266.2792,266.2792,266.2792,0.0000,0.0000,4.000000,4.000000,4.000000,0.000000,0.000000,96.000000,96.000000,96.000000,100.000000,100.000000,5.0,798.8377,767.3102,5858.1432,5889.6706,PENDING_AG03,FALSE,NOT_FOR_ENFORCEMENT,6390.7016,3533200.0204,6656.9809,6390.7016,266.2792,0.00163983,0.00157424,266.2792,6390.7016,0.00157424,266.2792,266.2792,266.2792,0.0000,0.0000,6390.7016,0.00157424,798.8377,767.3102,5858.1432,5889.6706,0.00144305,0.00145082,0.00006559,418.2083,379.7376,0.6869,61.6387,1.8384,37588.4109,89.7407,538.3845,395.5999,218.4789,430.6076,432.5446,432.5446,1046.441,1081.3617,427.0584,0.0,2.43015,2.511246,0.971205,30,216,96,2,0.20383968,0.00163983,-0.01249836,0E-8,0.000000,0.906607,0.000000,0.01775797,2026-03-22,2026-08-06,108,3621,2443,138,0.782609,1.360932,1.287360,0.679466,,,,,,,,GLOBAL_BASELINE_NO_ENTITY_RANKING,,,NOT_APPLICABLE_GLOBAL_BASELINE,HF9g-P5,,,,X 全窗基线 · 不参与实体赏罚,14199241,1420,A168_HF9F_20260827_0900,2026-08-27 09:00:00
2026-06-09,57024343,1952,0,1291.8227619170,-656.6765706412,-656.6765706412,0.3333333,4,4,0.50665070000000000,0.506650700000,-0.6004420894325239,-0.6004420894325239,-0.6004420894325239,0E-17,ELIGIBLE,R03b_20260811_FULL_v1,L1_ELIGIBILITY,v2026-08-11,2026-03-21..2026-08-06,baccarat_bet02_101_all_pairs_incl_sentinel,round_win = game_pnl > 0 (decisive only),COMPATIBILITY_ONLY_NOT_PRODUCTION,4059548.3812,3680416.6879,6656.9809,9707,9692,-0.00163983,0.01249836,-0.00525961,-0.00163983,-6656.9809,4059548.3812,OK,0.0000,266.2792,4.0000,96.0000,AG03-UNRESOLVED,ALL5_LEVELS_bet23_to_bet27,266.2792,266.2792,266.2792,0.0000,0.0000,4.000000,4.000000,4.000000,0.000000,0.000000,96.000000,96.000000,96.000000,100.000000,100.000000,5.0,798.8377,767.3102,5858.1432,5889.6706,PENDING_AG03,FALSE,NOT_FOR_ENFORCEMENT,6390.7016,3533200.0204,6656.9809,6390.7016,266.2792,0.00163983,0.00157424,266.2792,6390.7016,0.00157424,266.2792,266.2792,266.2792,0.0000,0.0000,6390.7016,0.00157424,798.8377,767.3102,5858.1432,5889.6706,0.00144305,0.00145082,0.00006559,418.2083,379.7376,0.6869,61.6387,1.8384,37588.4109,89.7407,538.3845,395.5999,218.4789,430.6076,432.5446,432.5446,1046.441,1081.3617,427.0584,0.0,2.43015,2.511246,0.971205,30,216,96,2,0.20383968,0.00163983,-0.01249836,0E-8,0.000000,0.906607,0.000000,0.01775797,2026-03-22,2026-08-06,108,3621,2443,138,0.782609,1.360932,1.287360,0.679466,,,,,,,,GLOBAL_BASELINE_NO_ENTITY_RANKING,,,NOT_APPLICABLE_GLOBAL_BASELINE,HF9g-P5,,,,X 全窗基线 · 不参与实体赏罚,14199242,1420,A168_HF9F_20260827_0900,2026-08-27 09:00:00
2026-06-09,57024343,1963,0,430.6075873056,-430.6075873056,-430.6075873056,0E-7,2,2,0.50665070000000000,0.506650700000,-1.4331513700195317,-1.4331513700195317,-1.4331513700195317,0E-17,ELIGIBLE,R03b_20260811_FULL_v1,L1_ELIGIBILITY,v2026-08-11,2026-03-21..2026-08-06,baccarat_bet02_101_all_pairs_incl_sentinel,round_win = game_pnl > 0 (decisive only),COMPATIBILITY_ONLY_NOT_PRODUCTION,4059548.3812,3680416.6879,6656.9809,9707,9692,-0.00163983,0.01249836,-0.00525961,-0.00163983,-6656.9809,4059548.3812,OK,0.0000,266.2792,4.0000,96.0000,AG03-UNRESOLVED,ALL5_LEVELS_bet23_to_bet27,266.2792,266.2792,266.2792,0.0000,0.0000,4.000000,4.000000,4.000000,0.000000,0.000000,96.000000,96.000000,96.000000,100.000000,100.000000,5.0,798.8377,767.3102,5858.1432,5889.6706,PENDING_AG03,FALSE,NOT_FOR_ENFORCEMENT,6390.7016,3533200.0204,6656.9809,6390.7016,266.2792,0.00163983,0.00157424,266.2792,6390.7016,0.00157424,266.2792,266.2792,266.2792,0.0000,0.0000,6390.7016,0.00157424,798.8377,767.3102,5858.1432,5889.6706,0.00144305,0.00145082,0.00006559,418.2083,379.7376,0.6869,61.6387,1.8384,37588.4109,89.7407,538.3845,395.5999,218.4789,430.6076,432.5446,432.5446,1046.441,1081.3617,427.0584,0.0,2.43015,2.511246,0.971205,30,216,96,2,0.20383968,0.00163983,-0.01249836,0E-8,0.000000,0.906607,0.000000,0.01775797,2026-03-22,2026-08-06,108,3621,2443,138,0.782609,1.360932,1.287360,0.679466,,,,,,,,GLOBAL_BASELINE_NO_ENTITY_RANKING,,,NOT_APPLICABLE_GLOBAL_BASELINE,HF9g-P5,,,,X 全窗基线 · 不参与实体赏罚,14199243,1420,A168_HF9F_20260827_0900,2026-08-27 09:00:00
2026-06-09,57024343,2088,0,861.2151746112,-645.9113809584,-645.9113809584,0E-7,4,4,0.50665070000000000,0.506650700000,-1.7552447903592512,-1.7552447903592512,-1.7552447903592512,0E-17,ELIGIBLE,R03b_20260811_FULL_v1,L1_ELIGIBILITY,v2026-08-11,2026-03-21..2026-08-06,baccarat_bet02_101_all_pairs_incl_sentinel,round_win = game_pnl > 0 (decisive only),COMPATIBILITY_ONLY_NOT_PRODUCTION,4059548.3812,3680416.6879,6656.9809,9707,9692,-0.00163983,0.01249836,-0.00525961,-0.00163983,-6656.9809,4059548.3812,OK,0.0000,266.2792,4.0000,96.0000,AG03-UNRESOLVED,ALL5_LEVELS_bet23_to_bet27,266.2792,266.2792,266.2792,0.0000,0.0000,4.000000,4.000000,4.000000,0.000000,0.000000,96.000000,96.000000,96.000000,100.000000,100.000000,5.0,798.8377,767.3102,5858.1432,5889.6706,PENDING_AG03,FALSE,NOT_FOR_ENFORCEMENT,6390.7016,3533200.0204,6656.9809,6390.7016,266.2792,0.00163983,0.00157424,266.2792,6390.7016,0.00157424,266.2792,266.2792,266.2792,0.0000,0.0000,6390.7016,0.00157424,798.8377,767.3102,5858.1432,5889.6706,0.00144305,0.00145082,0.00006559,418.2083,379.7376,0.6869,61.6387,1.8384,37588.4109,89.7407,538.3845,395.5999,218.4789,430.6076,432.5446,432.5446,1046.441,1081.3617,427.0584,0.0,2.43015,2.511246,0.971205,30,216,96,2,0.20383968,0.00163983,-0.01249836,0E-8,0.000000,0.906607,0.000000,0.01775797,2026-03-22,2026-08-06,108,3621,2443,138,0.782609,1.360932,1.287360,0.679466,,,,,,,,GLOBAL_BASELINE_NO_ENTITY_RANKING,,,NOT_APPLICABLE_GLOBAL_BASELINE,HF9g-P5,,,,X 全窗基线 · 不参与实体赏罚,14199244,1420,A168_HF9F_20260827_0900,2026-08-27 09:00:00
2026-06-09,57024343,2108,0,2798.9493174866,355.2512595273,355.2512595273,0.6000000,11,11,0.50543204545454545,0.505432045455,0.5981355596082979,0.5981355596054287,0.5981355596082979,-4.5455E-13,ELIGIBLE,R03b_20260811_FULL_v1,L1_ELIGIBILITY,v2026-08-11,2026-03-21..2026-08-06,baccarat_bet02_101_all_pairs_incl_sentinel,round_win = game_pnl > 0 (decisive only),COMPATIBILITY_ONLY_NOT_PRODUCTION,4059548.3812,3680416.6879,6656.9809,9707,9692,-0.00163983,0.01249836,-0.00525961,-0.00163983,-6656.9809,4059548.3812,OK,0.0000,266.2792,4.0000,96.0000,AG03-UNRESOLVED,ALL5_LEVELS_bet23_to_bet27,266.2792,266.2792,266.2792,0.0000,0.0000,4.000000,4.000000,4.000000,0.000000,0.000000,96.000000,96.000000,96.000000,100.000000,100.000000,5.0,798.8377,767.3102,5858.1432,5889.6706,PENDING_AG03,FALSE,NOT_FOR_ENFORCEMENT,6390.7016,3533200.0204,6656.9809,6390.7016,266.2792,0.00163983,0.00157424,266.2792,6390.7016,0.00157424,266.2792,266.2792,266.2792,0.0000,0.0000,6390.7016,0.00157424,798.8377,767.3102,5858.1432,5889.6706,0.00144305,0.00145082,0.00006559,418.2083,379.7376,0.6869,61.6387,1.8384,37588.4109,89.7407,538.3845,395.5999,218.4789,430.6076,432.5446,432.5446,1046.441,1081.3617,427.0584,0.0,2.43015,2.511246,0.971205,30,216,96,2,0.20383968,0.00163983,-0.01249836,0E-8,0.000000,0.906607,0.000000,0.01775797,2026-03-22,2026-08-06,108,3621,2443,138,0.782609,1.360932,1.287360,0.679466,,,,,,,,GLOBAL_BASELINE_NO_ENTITY_RANKING,,,NOT_APPLICABLE_GLOBAL_BASELINE,HF9g-P5,,,,X 全窗基线 · 不参与实体赏罚,14199245,1420,A168_HF9F_20260827_0900,2026-08-27 09:00:00
2026-06-09,57024343,2115,0,1722.4303492225,-247.5993627007,-247.5993627007,0.5000000,7,7,0.50665070000000000,0.506650700000,-0.032584525537284574,-0.032584525537284574,-0.032584525537284574,0E-17,ELIGIBLE,R03b_20260811_FULL_v1,L1_ELIGIBILITY,v2026-08-11,2026-03-21..2026-08-06,baccarat_bet02_101_all_pairs_incl_sentinel,round_win = game_pnl > 0 (decisive only),COMPATIBILITY_ONLY_NOT_PRODUCTION,4059548.3812,3680416.6879,6656.9809,9707,9692,-0.00163983,0.01249836,-0.00525961,-0.00163983,-6656.9809,4059548.3812,OK,0.0000,266.2792,4.0000,96.0000,AG03-UNRESOLVED,ALL5_LEVELS_bet23_to_bet27,266.2792,266.2792,266.2792,0.0000,0.0000,4.000000,4.000000,4.000000,0.000000,0.000000,96.000000,96.000000,96.000000,100.000000,100.000000,5.0,798.8377,767.3102,5858.1432,5889.6706,PENDING_AG03,FALSE,NOT_FOR_ENFORCEMENT,6390.7016,3533200.0204,6656.9809,6390.7016,266.2792,0.00163983,0.00157424,266.2792,6390.7016,0.00157424,266.2792,266.2792,266.2792,0.0000,0.0000,6390.7016,0.00157424,798.8377,767.3102,5858.1432,5889.6706,0.00144305,0.00145082,0.00006559,418.2083,379.7376,0.6869,61.6387,1.8384,37588.4109,89.7407,538.3845,395.5999,218.4789,430.6076,432.5446,432.5446,1046.441,1081.3617,427.0584,0.0,2.43015,2.511246,0.971205,30,216,96,2,0.20383968,0.00163983,-0.01249836,0E-8,0.000000,0.906607,0.000000,0.01775797,2026-03-22,2026-08-06,108,3621,2443,138,0.782609,1.360932,1.287360,0.679466,,,,,,,,GLOBAL_BASELINE_NO_ENTITY_RANKING,,,NOT_APPLICABLE_GLOBAL_BASELINE,HF9g-P5,,,,X 全窗基线 · 不参与实体赏罚,14199246,1420,A168_HF9F_20260827_0900,2026-08-27 09:00:00
2026-06-09,57024343,2130,0,645.9113809585,193.7734142876,193.7734142876,0.5000000,2,2,0.50665070000000000,0.506650700000,-0.018812684590367487,-0.018812684590367487,-0.018812684590367487,0E-17,ELIGIBLE,R03b_20260811_FULL_v1,L1_ELIGIBILITY,v2026-08-11,2026-03-21..2026-08-06,baccarat_bet02_101_all_pairs_incl_sentinel,round_win = game_pnl > 0 (decisive only),COMPATIBILITY_ONLY_NOT_PRODUCTION,4059548.3812,3680416.6879,6656.9809,9707,9692,-0.00163983,0.01249836,-0.00525961,-0.00163983,-6656.9809,4059548.3812,OK,0.0000,266.2792,4.0000,96.0000,AG03-UNRESOLVED,ALL5_LEVELS_bet23_to_bet27,266.2792,266.2792,266.2792,0.0000,0.0000,4.000000,4.000000,4.000000,0.000000,0.000000,96.000000,96.000000,96.000000,100.000000,100.000000,5.0,798.8377,767.3102,5858.1432,5889.6706,PENDING_AG03,FALSE,NOT_FOR_ENFORCEMENT,6390.7016,3533200.0204,6656.9809,6390.7016,266.2792,0.00163983,0.00157424,266.2792,6390.7016,0.00157424,266.2792,266.2792,266.2792,0.0000,0.0000,6390.7016,0.00157424,798.8377,767.3102,5858.1432,5889.6706,0.00144305,0.00145082,0.00006559,418.2083,379.7376,0.6869,61.6387,1.8384,37588.4109,89.7407,538.3845,395.5999,218.4789,430.6076,432.5446,432.5446,1046.441,1081.3617,427.0584,0.0,2.43015,2.511246,0.971205,30,216,96,2,0.20383968,0.00163983,-0.01249836,0E-8,0.000000,0.906607,0.000000,0.01775797,2026-03-22,2026-08-06,108,3621,2443,138,0.782609,1.360932,1.287360,0.679466,,,,,,,,GLOBAL_BASELINE_NO_ENTITY_RANKING,,,NOT_APPLICABLE_GLOBAL_BASELINE,HF9g-P5,,,,X 全窗基线 · 不参与实体赏罚,14199247,1420,A168_HF9F_20260827_0900,2026-08-27 09:00:00
2026-06-09,57024343,2142,0,861.2151746113,193.7734142876,193.7734142876,0.5000000,3,3,0.50218230000000000,0.502182300000,-0.00617253530718887,-0.00617253530718887,-0.00617253530718887,0E-17,ELIGIBLE,R03b_20260811_FULL_v1,L1_ELIGIBILITY,v2026-08-11,2026-03-21..2026-08-06,baccarat_bet02_101_all_pairs_incl_sentinel,round_win = game_pnl > 0 (decisive only),COMPATIBILITY_ONLY_NOT_PRODUCTION,4059548.3812,3680416.6879,6656.9809,9707,9692,-0.00163983,0.01249836,-0.00525961,-0.00163983,-6656.9809,4059548.3812,OK,0.0000,266.2792,4.0000,96.0000,AG03-UNRESOLVED,ALL5_LEVELS_bet23_to_bet27,266.2792,266.2792,266.2792,0.0000,0.0000,4.000000,4.000000,4.000000,0.000000,0.000000,96.000000,96.000000,96.000000,100.000000,100.000000,5.0,798.8377,767.3102,5858.1432,5889.6706,PENDING_AG03,FALSE,NOT_FOR_ENFORCEMENT,6390.7016,3533200.0204,6656.9809,6390.7016,266.2792,0.00163983,0.00157424,266.2792,6390.7016,0.00157424,266.2792,266.2792,266.2792,0.0000,0.0000,6390.7016,0.00157424,798.8377,767.3102,5858.1432,5889.6706,0.00144305,0.00145082,0.00006559,418.2083,379.7376,0.6869,61.6387,1.8384,37588.4109,89.7407,538.3845,395.5999,218.4789,430.6076,432.5446,432.5446,1046.441,1081.3617,427.0584,0.0,2.43015,2.511246,0.971205,30,216,96,2,0.20383968,0.00163983,-0.01249836,0E-8,0.000000,0.906607,0.000000,0.01775797,2026-03-22,2026-08-06,108,3621,2443,138,0.782609,1.360932,1.287360,0.679466,,,,,,,,GLOBAL_BASELINE_NO_ENTITY_RANKING,,,NOT_APPLICABLE_GLOBAL_BASELINE,HF9g-P5,,,,X 全窗基线 · 不参与实体赏罚,14199248,1420,A168_HF9F_20260827_0900,2026-08-27 09:00:00
2026-06-09,57024343,2147,0,1076.5189682642,602.8506222280,602.8506222280,0.6666667,3,3,0.50665070000000000,0.506650700000,0.5543606114942035,0.5543606114942035,0.5543606114942035,0E-17,ELIGIBLE,R03b_20260811_FULL_v1,L1_ELIGIBILITY,v2026-08-11,2026-03-21..2026-08-06,baccarat_bet02_101_all_pairs_incl_sentinel,round_win = game_pnl > 0 (decisive only),COMPATIBILITY_ONLY_NOT_PRODUCTION,4059548.3812,3680416.6879,6656.9809,9707,9692,-0.00163983,0.01249836,-0.00525961,-0.00163983,-6656.9809,4059548.3812,OK,0.0000,266.2792,4.0000,96.0000,AG03-UNRESOLVED,ALL5_LEVELS_bet23_to_bet27,266.2792,266.2792,266.2792,0.0000,0.0000,4.000000,4.000000,4.000000,0.000000,0.000000,96.000000,96.000000,96.000000,100.000000,100.000000,5.0,798.8377,767.3102,5858.1432,5889.6706,PENDING_AG03,FALSE,NOT_FOR_ENFORCEMENT,6390.7016,3533200.0204,6656.9809,6390.7016,266.2792,0.00163983,0.00157424,266.2792,6390.7016,0.00157424,266.2792,266.2792,266.2792,0.0000,0.0000,6390.7016,0.00157424,798.8377,767.3102,5858.1432,5889.6706,0.00144305,0.00145082,0.00006559,418.2083,379.7376,0.6869,61.6387,1.8384,37588.4109,89.7407,538.3845,395.5999,218.4789,430.6076,432.5446,432.5446,1046.441,1081.3617,427.0584,0.0,2.43015,2.511246,0.971205,30,216,96,2,0.20383968,0.00163983,-0.01249836,0E-8,0.000000,0.906607,0.000000,0.01775797,2026-03-22,2026-08-06,108,3621,2443,138,0.782609,1.360932,1.287360,0.679466,,,,,,,,GLOBAL_BASELINE_NO_ENTITY_RANKING,,,NOT_APPLICABLE_GLOBAL_BASELINE,HF9g-P5,,,,X 全窗基线 · 不参与实体赏罚,14199249,1420,A168_HF9F_20260827_0900,2026-08-27 09:00:00
2026-06-09,57024343,2155,0,861.2151746112,430.6075873056,430.6075873056,0.7500000,4,4,0.49659680000000000,0.496596800000,1.0136362796769356,1.0136362796769358,1.0136362796769356,0E-17,ELIGIBLE,R03b_20260811_FULL_v1,L1_ELIGIBILITY,v2026-08-11,2026-03-21..2026-08-06,baccarat_bet02_101_all_pairs_incl_sentinel,round_win = game_pnl > 0 (decisive only),COMPATIBILITY_ONLY_NOT_PRODUCTION,4059548.3812,3680416.6879,6656.9809,9707,9692,-0.00163983,0.01249836,-0.00525961,-0.00163983,-6656.9809,4059548.3812,OK,0.0000,266.2792,4.0000,96.0000,AG03-UNRESOLVED,ALL5_LEVELS_bet23_to_bet27,266.2792,266.2792,266.2792,0.0000,0.0000,4.000000,4.000000,4.000000,0.000000,0.000000,96.000000,96.000000,96.000000,100.000000,100.000000,5.0,798.8377,767.3102,5858.1432,5889.6706,PENDING_AG03,FALSE,NOT_FOR_ENFORCEMENT,6390.7016,3533200.0204,6656.9809,6390.7016,266.2792,0.00163983,0.00157424,266.2792,6390.7016,0.00157424,266.2792,266.2792,266.2792,0.0000,0.0000,6390.7016,0.00157424,798.8377,767.3102,5858.1432,5889.6706,0.00144305,0.00145082,0.00006559,418.2083,379.7376,0.6869,61.6387,1.8384,37588.4109,89.7407,538.3845,395.5999,218.4789,430.6076,432.5446,432.5446,1046.441,1081.3617,427.0584,0.0,2.43015,2.511246,0.971205,30,216,96,2,0.20383968,0.00163983,-0.01249836,0E-8,0.000000,0.906607,0.000000,0.01775797,2026-03-22,2026-08-06,108,3621,2443,138,0.782609,1.360932,1.287360,0.679466,,,,,,,,GLOBAL_BASELINE_NO_ENTITY_RANKING,,,NOT_APPLICABLE_GLOBAL_BASELINE,HF9g-P5,,,,X 全窗基线 · 不参与实体赏罚,14199250,1420,A168_HF9F_20260827_0900,2026-08-27 09:00:00
2026-06-09,57024343,2156,0,3014.2531111397,355.2512595273,355.2512595273,0.5000000,9,9,0.50665070000000000,0.506650700000,-0.037625369180734974,-0.037625369180734974,-0.037625369180734974,0E-17,ELIGIBLE,R03b_20260811_FULL_v1,L1_ELIGIBILITY,v2026-08-11,2026-03-21..2026-08-06,baccarat_bet02_101_all_pairs_incl_sentinel,round_win = game_pnl > 0 (decisive only),COMPATIBILITY_ONLY_NOT_PRODUCTION,4059548.3812,3680416.6879,6656.9809,9707,9692,-0.00163983,0.01249836,-0.00525961,-0.00163983,-6656.9809,4059548.3812,OK,0.0000,266.2792,4.0000,96.0000,AG03-UNRESOLVED,ALL5_LEVELS_bet23_to_bet27,266.2792,266.2792,266.2792,0.0000,0.0000,4.000000,4.000000,4.000000,0.000000,0.000000,96.000000,96.000000,96.000000,100.000000,100.000000,5.0,798.8377,767.3102,5858.1432,5889.6706,PENDING_AG03,FALSE,NOT_FOR_ENFORCEMENT,6390.7016,3533200.0204,6656.9809,6390.7016,266.2792,0.00163983,0.00157424,266.2792,6390.7016,0.00157424,266.2792,266.2792,266.2792,0.0000,0.0000,6390.7016,0.00157424,798.8377,767.3102,5858.1432,5889.6706,0.00144305,0.00145082,0.00006559,418.2083,379.7376,0.6869,61.6387,1.8384,37588.4109,89.7407,538.3845,395.5999,218.4789,430.6076,432.5446,432.5446,1046.441,1081.3617,427.0584,0.0,2.43015,2.511246,0.971205,30,216,96,2,0.20383968,0.00163983,-0.01249836,0E-8,0.000000,0.906607,0.000000,0.01775797,2026-03-22,2026-08-06,108,3621,2443,138,0.782609,1.360932,1.287360,0.679466,,,,,,,,GLOBAL_BASELINE_NO_ENTITY_RANKING,,,NOT_APPLICABLE_GLOBAL_BASELINE,HF9g-P5,,,,X 全窗基线 · 不参与实体赏罚,14199251,1420,A168_HF9F_20260827_0900,2026-08-27 09:00:00
2026-06-09,57024343,2160,0,2153.0379365280,581.3202428628,581.3202428628,0.6666667,10,10,0.50665070000000000,0.506650700000,0.9601807448229117,0.9601807448229117,0.9601807448229117,0E-17,ELIGIBLE,R03b_20260811_FULL_v1,L1_ELIGIBILITY,v2026-08-11,2026-03-21..2026-08-06,baccarat_bet02_101_all_pairs_incl_sentinel,round_win = game_pnl > 0 (decisive only),COMPATIBILITY_ONLY_NOT_PRODUCTION,4059548.3812,3680416.6879,6656.9809,9707,9692,-0.00163983,0.01249836,-0.00525961,-0.00163983,-6656.9809,4059548.3812,OK,0.0000,266.2792,4.0000,96.0000,AG03-UNRESOLVED,ALL5_LEVELS_bet23_to_bet27,266.2792,266.2792,266.2792,0.0000,0.0000,4.000000,4.000000,4.000000,0.000000,0.000000,96.000000,96.000000,96.000000,100.000000,100.000000,5.0,798.8377,767.3102,5858.1432,5889.6706,PENDING_AG03,FALSE,NOT_FOR_ENFORCEMENT,6390.7016,3533200.0204,6656.9809,6390.7016,266.2792,0.00163983,0.00157424,266.2792,6390.7016,0.00157424,266.2792,266.2792,266.2792,0.0000,0.0000,6390.7016,0.00157424,798.8377,767.3102,5858.1432,5889.6706,0.00144305,0.00145082,0.00006559,418.2083,379.7376,0.6869,61.6387,1.8384,37588.4109,89.7407,538.3845,395.5999,218.4789,430.6076,432.5446,432.5446,1046.441,1081.3617,427.0584,0.0,2.43015,2.511246,0.971205,30,216,96,2,0.20383968,0.00163983,-0.01249836,0E-8,0.000000,0.906607,0.000000,0.01775797,2026-03-22,2026-08-06,108,3621,2443,138,0.782609,1.360932,1.287360,0.679466,,,,,,,,GLOBAL_BASELINE_NO_ENTITY_RANKING,,,NOT_APPLICABLE_GLOBAL_BASELINE,HF9g-P5,,,,X 全窗基线 · 不参与实体赏罚,14199252,1420,A168_HF9F_20260827_0900,2026-08-27 09:00:00
2026-06-09,57024343,2174,0,1291.8227619168,398.3120182578,398.3120182578,0.6666667,6,6,0.50441650000000000,0.504416500000,0.7948912480929629,0.7948912480929629,0.7948912480929629,0E-17,ELIGIBLE,R03b_20260811_FULL_v1,L1_ELIGIBILITY,v2026-08-11,2026-03-21..2026-08-06,baccarat_bet02_101_all_pairs_incl_sentinel,round_win = game_pnl > 0 (decisive only),COMPATIBILITY_ONLY_NOT_PRODUCTION,4059548.3812,3680416.6879,6656.9809,9707,9692,-0.00163983,0.01249836,-0.00525961,-0.00163983,-6656.9809,4059548.3812,OK,0.0000,266.2792,4.0000,96.0000,AG03-UNRESOLVED,ALL5_LEVELS_bet23_to_bet27,266.2792,266.2792,266.2792,0.0000,0.0000,4.000000,4.000000,4.000000,0.000000,0.000000,96.000000,96.000000,96.000000,100.000000,100.000000,5.0,798.8377,767.3102,5858.1432,5889.6706,PENDING_AG03,FALSE,NOT_FOR_ENFORCEMENT,6390.7016,3533200.0204,6656.9809,6390.7016,266.2792,0.00163983,0.00157424,266.2792,6390.7016,0.00157424,266.2792,266.2792,266.2792,0.0000,0.0000,6390.7016,0.00157424,798.8377,767.3102,5858.1432,5889.6706,0.00144305,0.00145082,0.00006559,418.2083,379.7376,0.6869,61.6387,1.8384,37588.4109,89.7407,538.3845,395.5999,218.4789,430.6076,432.5446,432.5446,1046.441,1081.3617,427.0584,0.0,2.43015,2.511246,0.971205,30,216,96,2,0.20383968,0.00163983,-0.01249836,0E-8,0.000000,0.906607,0.000000,0.01775797,2026-03-22,2026-08-06,108,3621,2443,138,0.782609,1.360932,1.287360,0.679466,,,,,,,,GLOBAL_BASELINE_NO_ENTITY_RANKING,,,NOT_APPLICABLE_GLOBAL_BASELINE,HF9g-P5,,,,X 全窗基线 · 不参与实体赏罚,14199253,1420,A168_HF9F_20260827_0900,2026-08-27 09:00:00
2026-06-09,57024343,2177,0,215.3037936528,-215.3037936528,-215.3037936528,0E-7,1,1,0.50665070000000000,0.506650700000,-1.013391052207602,-1.013391052207602,-1.013391052207602,0E-17,ELIGIBLE,R03b_20260811_FULL_v1,L1_ELIGIBILITY,v2026-08-11,2026-03-21..2026-08-06,baccarat_bet02_101_all_pairs_incl_sentinel,round_win = game_pnl > 0 (decisive only),COMPATIBILITY_ONLY_NOT_PRODUCTION,4059548.3812,3680416.6879,6656.9809,9707,9692,-0.00163983,0.01249836,-0.00525961,-0.00163983,-6656.9809,4059548.3812,OK,0.0000,266.2792,4.0000,96.0000,AG03-UNRESOLVED,ALL5_LEVELS_bet23_to_bet27,266.2792,266.2792,266.2792,0.0000,0.0000,4.000000,4.000000,4.000000,0.000000,0.000000,96.000000,96.000000,96.000000,100.000000,100.000000,5.0,798.8377,767.3102,5858.1432,5889.6706,PENDING_AG03,FALSE,NOT_FOR_ENFORCEMENT,6390.7016,3533200.0204,6656.9809,6390.7016,266.2792,0.00163983,0.00157424,266.2792,6390.7016,0.00157424,266.2792,266.2792,266.2792,0.0000,0.0000,6390.7016,0.00157424,798.8377,767.3102,5858.1432,5889.6706,0.00144305,0.00145082,0.00006559,418.2083,379.7376,0.6869,61.6387,1.8384,37588.4109,89.7407,538.3845,395.5999,218.4789,430.6076,432.5446,432.5446,1046.441,1081.3617,427.0584,0.0,2.43015,2.511246,0.971205,30,216,96,2,0.20383968,0.00163983,-0.01249836,0E-8,0.000000,0.906607,0.000000,0.01775797,2026-03-22,2026-08-06,108,3621,2443,138,0.782609,1.360932,1.287360,0.679466,,,,,,,,GLOBAL_BASELINE_NO_ENTITY_RANKING,,,NOT_APPLICABLE_GLOBAL_BASELINE,HF9g-P5,,,,X 全窗基线 · 不参与实体赏罚,14199254,1420,A168_HF9F_20260827_0900,2026-08-27 09:00:00
2026-06-09,57024343,2205,0,1507.1265555696,-247.5993627006,-247.5993627006,0.4285714,7,7,0.50665070000000000,0.506650700000,-0.4131932236838825,-0.4131932236838825,-0.4131932236838825,0E-17,ELIGIBLE,R03b_20260811_FULL_v1,L1_ELIGIBILITY,v2026-08-11,2026-03-21..2026-08-06,baccarat_bet02_101_all_pairs_incl_sentinel,round_win = game_pnl > 0 (decisive only),COMPATIBILITY_ONLY_NOT_PRODUCTION,4059548.3812,3680416.6879,6656.9809,9707,9692,-0.00163983,0.01249836,-0.00525961,-0.00163983,-6656.9809,4059548.3812,OK,0.0000,266.2792,4.0000,96.0000,AG03-UNRESOLVED,ALL5_LEVELS_bet23_to_bet27,266.2792,266.2792,266.2792,0.0000,0.0000,4.000000,4.000000,4.000000,0.000000,0.000000,96.000000,96.000000,96.000000,100.000000,100.000000,5.0,798.8377,767.3102,5858.1432,5889.6706,PENDING_AG03,FALSE,NOT_FOR_ENFORCEMENT,6390.7016,3533200.0204,6656.9809,6390.7016,266.2792,0.00163983,0.00157424,266.2792,6390.7016,0.00157424,266.2792,266.2792,266.2792,0.0000,0.0000,6390.7016,0.00157424,798.8377,767.3102,5858.1432,5889.6706,0.00144305,0.00145082,0.00006559,418.2083,379.7376,0.6869,61.6387,1.8384,37588.4109,89.7407,538.3845,395.5999,218.4789,430.6076,432.5446,432.5446,1046.441,1081.3617,427.0584,0.0,2.43015,2.511246,0.971205,30,216,96,2,0.20383968,0.00163983,-0.01249836,0E-8,0.000000,0.906607,0.000000,0.01775797,2026-03-22,2026-08-06,108,3621,2443,138,0.782609,1.360932,1.287360,0.679466,,,,,,,,GLOBAL_BASELINE_NO_ENTITY_RANKING,,,NOT_APPLICABLE_GLOBAL_BASELINE,HF9g-P5,,,,X 全窗基线 · 不参与实体赏罚,14199255,1420,A168_HF9F_20260827_0900,2026-08-27 09:00:00
2026-06-09,57024343,2209,0,1076.5189682640,398.3120182578,398.3120182578,0.7500000,5,5,0.50665070000000000,0.506650700000,0.9734833216690844,0.9734833216690844,0.9734833216690844,0E-17,ELIGIBLE,R03b_20260811_FULL_v1,L1_ELIGIBILITY,v2026-08-11,2026-03-21..2026-08-06,baccarat_bet02_101_all_pairs_incl_sentinel,round_win = game_pnl > 0 (decisive only),COMPATIBILITY_ONLY_NOT_PRODUCTION,4059548.3812,3680416.6879,6656.9809,9707,9692,-0.00163983,0.01249836,-0.00525961,-0.00163983,-6656.9809,4059548.3812,OK,0.0000,266.2792,4.0000,96.0000,AG03-UNRESOLVED,ALL5_LEVELS_bet23_to_bet27,266.2792,266.2792,266.2792,0.0000,0.0000,4.000000,4.000000,4.000000,0.000000,0.000000,96.000000,96.000000,96.000000,100.000000,100.000000,5.0,798.8377,767.3102,5858.1432,5889.6706,PENDING_AG03,FALSE,NOT_FOR_ENFORCEMENT,6390.7016,3533200.0204,6656.9809,6390.7016,266.2792,0.00163983,0.00157424,266.2792,6390.7016,0.00157424,266.2792,266.2792,266.2792,0.0000,0.0000,6390.7016,0.00157424,798.8377,767.3102,5858.1432,5889.6706,0.00144305,0.00145082,0.00006559,418.2083,379.7376,0.6869,61.6387,1.8384,37588.4109,89.7407,538.3845,395.5999,218.4789,430.6076,432.5446,432.5446,1046.441,1081.3617,427.0584,0.0,2.43015,2.511246,0.971205,30,216,96,2,0.20383968,0.00163983,-0.01249836,0E-8,0.000000,0.906607,0.000000,0.01775797,2026-03-22,2026-08-06,108,3621,2443,138,0.782609,1.360932,1.287360,0.679466,,,,,,,,GLOBAL_BASELINE_NO_ENTITY_RANKING,,,NOT_APPLICABLE_GLOBAL_BASELINE,HF9g-P5,,,,X 全窗基线 · 不参与实体赏罚,14199256,1420,A168_HF9F_20260827_0900,2026-08-27 09:00:00
2026-06-09,57024343,2216,0,215.3037936528,-215.3037936528,-215.3037936528,0E-7,1,1,0.50665070000000000,0.506650700000,-1.013391052207602,-1.013391052207602,-1.013391052207602,0E-17,ELIGIBLE,R03b_20260811_FULL_v1,L1_ELIGIBILITY,v2026-08-11,2026-03-21..2026-08-06,baccarat_bet02_101_all_pairs_incl_sentinel,round_win = game_pnl > 0 (decisive only),COMPATIBILITY_ONLY_NOT_PRODUCTION,4059548.3812,3680416.6879,6656.9809,9707,9692,-0.00163983,0.01249836,-0.00525961,-0.00163983,-6656.9809,4059548.3812,OK,0.0000,266.2792,4.0000,96.0000,AG03-UNRESOLVED,ALL5_LEVELS_bet23_to_bet27,266.2792,266.2792,266.2792,0.0000,0.0000,4.000000,4.000000,4.000000,0.000000,0.000000,96.000000,96.000000,96.000000,100.000000,100.000000,5.0,798.8377,767.3102,5858.1432,5889.6706,PENDING_AG03,FALSE,NOT_FOR_ENFORCEMENT,6390.7016,3533200.0204,6656.9809,6390.7016,266.2792,0.00163983,0.00157424,266.2792,6390.7016,0.00157424,266.2792,266.2792,266.2792,0.0000,0.0000,6390.7016,0.00157424,798.8377,767.3102,5858.1432,5889.6706,0.00144305,0.00145082,0.00006559,418.2083,379.7376,0.6869,61.6387,1.8384,37588.4109,89.7407,538.3845,395.5999,218.4789,430.6076,432.5446,432.5446,1046.441,1081.3617,427.0584,0.0,2.43015,2.511246,0.971205,30,216,96,2,0.20383968,0.00163983,-0.01249836,0E-8,0.000000,0.906607,0.000000,0.01775797,2026-03-22,2026-08-06,108,3621,2443,138,0.782609,1.360932,1.287360,0.679466,,,,,,,,GLOBAL_BASELINE_NO_ENTITY_RANKING,,,NOT_APPLICABLE_GLOBAL_BASELINE,HF9g-P5,,,,X 全窗基线 · 不参与实体赏罚,14199257,1420,A168_HF9F_20260827_0900,2026-08-27 09:00:00
2026-06-09,57024343,2222,0,861.2151746112,-10.7651896826,-10.7651896826,0.5000000,4,4,0.50329940000000000,0.503299400000,-0.01319788734859681,-0.01319788734859681,-0.01319788734859681,0E-17,ELIGIBLE,R03b_20260811_FULL_v1,L1_ELIGIBILITY,v2026-08-11,2026-03-21..2026-08-06,baccarat_bet02_101_all_pairs_incl_sentinel,round_win = game_pnl > 0 (decisive only),COMPATIBILITY_ONLY_NOT_PRODUCTION,4059548.3812,3680416.6879,6656.9809,9707,9692,-0.00163983,0.01249836,-0.00525961,-0.00163983,-6656.9809,4059548.3812,OK,0.0000,266.2792,4.0000,96.0000,AG03-UNRESOLVED,ALL5_LEVELS_bet23_to_bet27,266.2792,266.2792,266.2792,0.0000,0.0000,4.000000,4.000000,4.000000,0.000000,0.000000,96.000000,96.000000,96.000000,100.000000,100.000000,5.0,798.8377,767.3102,5858.1432,5889.6706,PENDING_AG03,FALSE,NOT_FOR_ENFORCEMENT,6390.7016,3533200.0204,6656.9809,6390.7016,266.2792,0.00163983,0.00157424,266.2792,6390.7016,0.00157424,266.2792,266.2792,266.2792,0.0000,0.0000,6390.7016,0.00157424,798.8377,767.3102,5858.1432,5889.6706,0.00144305,0.00145082,0.00006559,418.2083,379.7376,0.6869,61.6387,1.8384,37588.4109,89.7407,538.3845,395.5999,218.4789,430.6076,432.5446,432.5446,1046.441,1081.3617,427.0584,0.0,2.43015,2.511246,0.971205,30,216,96,2,0.20383968,0.00163983,-0.01249836,0E-8,0.000000,0.906607,0.000000,0.01775797,2026-03-22,2026-08-06,108,3621,2443,138,0.782609,1.360932,1.287360,0.679466,,,,,,,,GLOBAL_BASELINE_NO_ENTITY_RANKING,,,NOT_APPLICABLE_GLOBAL_BASELINE,HF9g-P5,,,,X 全窗基线 · 不参与实体赏罚,14199258,1420,A168_HF9F_20260827_0900,2026-08-27 09:00:00
2026-06-09,57024343,2229,0,430.6075873057,409.0772079404,409.0772079404,1.0000000,1,1,0.50665070000000000,0.506650700000,0.9867858985152569,0.9867858985152569,0.9867858985152569,0E-17,ELIGIBLE,R03b_20260811_FULL_v1,L1_ELIGIBILITY,v2026-08-11,2026-03-21..2026-08-06,baccarat_bet02_101_all_pairs_incl_sentinel,round_win = game_pnl > 0 (decisive only),COMPATIBILITY_ONLY_NOT_PRODUCTION,4059548.3812,3680416.6879,6656.9809,9707,9692,-0.00163983,0.01249836,-0.00525961,-0.00163983,-6656.9809,4059548.3812,OK,0.0000,266.2792,4.0000,96.0000,AG03-UNRESOLVED,ALL5_LEVELS_bet23_to_bet27,266.2792,266.2792,266.2792,0.0000,0.0000,4.000000,4.000000,4.000000,0.000000,0.000000,96.000000,96.000000,96.000000,100.000000,100.000000,5.0,798.8377,767.3102,5858.1432,5889.6706,PENDING_AG03,FALSE,NOT_FOR_ENFORCEMENT,6390.7016,3533200.0204,6656.9809,6390.7016,266.2792,0.00163983,0.00157424,266.2792,6390.7016,0.00157424,266.2792,266.2792,266.2792,0.0000,0.0000,6390.7016,0.00157424,798.8377,767.3102,5858.1432,5889.6706,0.00144305,0.00145082,0.00006559,418.2083,379.7376,0.6869,61.6387,1.8384,37588.4109,89.7407,538.3845,395.5999,218.4789,430.6076,432.5446,432.5446,1046.441,1081.3617,427.0584,0.0,2.43015,2.511246,0.971205,30,216,96,2,0.20383968,0.00163983,-0.01249836,0E-8,0.000000,0.906607,0.000000,0.01775797,2026-03-22,2026-08-06,108,3621,2443,138,0.782609,1.360932,1.287360,0.679466,,,,,,,,GLOBAL_BASELINE_NO_ENTITY_RANKING,,,NOT_APPLICABLE_GLOBAL_BASELINE,HF9g-P5,,,,X 全窗基线 · 不参与实体赏罚,14199259,1420,A168_HF9F_20260827_0900,2026-08-27 09:00:00
2026-06-09,57024343,2252,0,1937.7341428752,-1291.8227619168,-1291.8227619168,0.1250000,9,9,0.50069283333333333,0.500692833333,-2.125241641055081,-2.125241641053193,-2.125241641055081,3.3333E-13,ELIGIBLE,R03b_20260811_FULL_v1,L1_ELIGIBILITY,v2026-08-11,2026-03-21..2026-08-06,baccarat_bet02_101_all_pairs_incl_sentinel,round_win = game_pnl > 0 (decisive only),COMPATIBILITY_ONLY_NOT_PRODUCTION,4059548.3812,3680416.6879,6656.9809,9707,9692,-0.00163983,0.01249836,-0.00525961,-0.00163983,-6656.9809,4059548.3812,OK,0.0000,266.2792,4.0000,96.0000,AG03-UNRESOLVED,ALL5_LEVELS_bet23_to_bet27,266.2792,266.2792,266.2792,0.0000,0.0000,4.000000,4.000000,4.000000,0.000000,0.000000,96.000000,96.000000,96.000000,100.000000,100.000000,5.0,798.8377,767.3102,5858.1432,5889.6706,PENDING_AG03,FALSE,NOT_FOR_ENFORCEMENT,6390.7016,3533200.0204,6656.9809,6390.7016,266.2792,0.00163983,0.00157424,266.2792,6390.7016,0.00157424,266.2792,266.2792,266.2792,0.0000,0.0000,6390.7016,0.00157424,798.8377,767.3102,5858.1432,5889.6706,0.00144305,0.00145082,0.00006559,418.2083,379.7376,0.6869,61.6387,1.8384,37588.4109,89.7407,538.3845,395.5999,218.4789,430.6076,432.5446,432.5446,1046.441,1081.3617,427.0584,0.0,2.43015,2.511246,0.971205,30,216,96,2,0.20383968,0.00163983,-0.01249836,0E-8,0.000000,0.906607,0.000000,0.01775797,2026-03-22,2026-08-06,108,3621,2443,138,0.782609,1.360932,1.287360,0.679466,,,,,,,,GLOBAL_BASELINE_NO_ENTITY_RANKING,,,NOT_APPLICABLE_GLOBAL_BASELINE,HF9g-P5,,,,X 全窗基线 · 不参与实体赏罚,14199260,1420,A168_HF9F_20260827_0900,2026-08-27 09:00:00
2026-06-09,57024343,2278,0,1507.1265555696,-32.2955690478,-32.2955690478,0.5000000,7,7,0.50665070000000000,0.506650700000,-0.032584525537284574,-0.032584525537284574,-0.032584525537284574,0E-17,ELIGIBLE,R03b_20260811_FULL_v1,L1_ELIGIBILITY,v2026-08-11,2026-03-21..2026-08-06,baccarat_bet02_101_all_pairs_incl_sentinel,round_win = game_pnl > 0 (decisive only),COMPATIBILITY_ONLY_NOT_PRODUCTION,4059548.3812,3680416.6879,6656.9809,9707,9692,-0.00163983,0.01249836,-0.00525961,-0.00163983,-6656.9809,4059548.3812,OK,0.0000,266.2792,4.0000,96.0000,AG03-UNRESOLVED,ALL5_LEVELS_bet23_to_bet27,266.2792,266.2792,266.2792,0.0000,0.0000,4.000000,4.000000,4.000000,0.000000,0.000000,96.000000,96.000000,96.000000,100.000000,100.000000,5.0,798.8377,767.3102,5858.1432,5889.6706,PENDING_AG03,FALSE,NOT_FOR_ENFORCEMENT,6390.7016,3533200.0204,6656.9809,6390.7016,266.2792,0.00163983,0.00157424,266.2792,6390.7016,0.00157424,266.2792,266.2792,266.2792,0.0000,0.0000,6390.7016,0.00157424,798.8377,767.3102,5858.1432,5889.6706,0.00144305,0.00145082,0.00006559,418.2083,379.7376,0.6869,61.6387,1.8384,37588.4109,89.7407,538.3845,395.5999,218.4789,430.6076,432.5446,432.5446,1046.441,1081.3617,427.0584,0.0,2.43015,2.511246,0.971205,30,216,96,2,0.20383968,0.00163983,-0.01249836,0E-8,0.000000,0.906607,0.000000,0.01775797,2026-03-22,2026-08-06,108,3621,2443,138,0.782609,1.360932,1.287360,0.679466,,,,,,,,GLOBAL_BASELINE_NO_ENTITY_RANKING,,,NOT_APPLICABLE_GLOBAL_BASELINE,HF9g-P5,,,,X 全窗基线 · 不参与实体赏罚,14199261,1420,A168_HF9F_20260827_0900,2026-08-27 09:00:00
2026-06-09,57024343,595,0,430.6075873056,-430.6075873056,-430.6075873056,0E-7,2,2,0.50665070000000000,0.506650700000,-1.4331513700195317,-1.4331513700195317,-1.4331513700195317,0E-17,ELIGIBLE,R03b_20260811_FULL_v1,L1_ELIGIBILITY,v2026-08-11,2026-03-21..2026-08-06,baccarat_bet02_101_all_pairs_incl_sentinel,round_win = game_pnl > 0 (decisive only),COMPATIBILITY_ONLY_NOT_PRODUCTION,4059548.3812,3680416.6879,6656.9809,9707,9692,-0.00163983,0.01249836,-0.00525961,-0.00163983,-6656.9809,4059548.3812,OK,0.0000,266.2792,4.0000,96.0000,AG03-UNRESOLVED,ALL5_LEVELS_bet23_to_bet27,266.2792,266.2792,266.2792,0.0000,0.0000,4.000000,4.000000,4.000000,0.000000,0.000000,96.000000,96.000000,96.000000,100.000000,100.000000,5.0,798.8377,767.3102,5858.1432,5889.6706,PENDING_AG03,FALSE,NOT_FOR_ENFORCEMENT,6390.7016,3533200.0204,6656.9809,6390.7016,266.2792,0.00163983,0.00157424,266.2792,6390.7016,0.00157424,266.2792,266.2792,266.2792,0.0000,0.0000,6390.7016,0.00157424,798.8377,767.3102,5858.1432,5889.6706,0.00144305,0.00145082,0.00006559,418.2083,379.7376,0.6869,61.6387,1.8384,37588.4109,89.7407,538.3845,395.5999,218.4789,430.6076,432.5446,432.5446,1046.441,1081.3617,427.0584,0.0,2.43015,2.511246,0.971205,30,216,96,2,0.20383968,0.00163983,-0.01249836,0E-8,0.000000,0.906607,0.000000,0.01775797,2026-03-22,2026-08-06,108,3621,2443,138,0.782609,1.360932,1.287360,0.679466,,,,,,,,GLOBAL_BASELINE_NO_ENTITY_RANKING,,,NOT_APPLICABLE_GLOBAL_BASELINE,HF9g-P5,,,,X 全窗基线 · 不参与实体赏罚,14199262,1420,A168_HF9F_20260827_0900,2026-08-27 09:00:00
2026-06-09,57024343,763,0,2583.6455238337,-53.8259484130,-53.8259484130,0.5000000,11,11,0.50543204545454545,0.505432045455,-0.034357299609462925,-0.034357299612338264,-0.034357299609462925,-4.5455E-13,ELIGIBLE,R03b_20260811_FULL_v1,L1_ELIGIBILITY,v2026-08-11,2026-03-21..2026-08-06,baccarat_bet02_101_all_pairs_incl_sentinel,round_win = game_pnl > 0 (decisive only),COMPATIBILITY_ONLY_NOT_PRODUCTION,4059548.3812,3680416.6879,6656.9809,9707,9692,-0.00163983,0.01249836,-0.00525961,-0.00163983,-6656.9809,4059548.3812,OK,0.0000,266.2792,4.0000,96.0000,AG03-UNRESOLVED,ALL5_LEVELS_bet23_to_bet27,266.2792,266.2792,266.2792,0.0000,0.0000,4.000000,4.000000,4.000000,0.000000,0.000000,96.000000,96.000000,96.000000,100.000000,100.000000,5.0,798.8377,767.3102,5858.1432,5889.6706,PENDING_AG03,FALSE,NOT_FOR_ENFORCEMENT,6390.7016,3533200.0204,6656.9809,6390.7016,266.2792,0.00163983,0.00157424,266.2792,6390.7016,0.00157424,266.2792,266.2792,266.2792,0.0000,0.0000,6390.7016,0.00157424,798.8377,767.3102,5858.1432,5889.6706,0.00144305,0.00145082,0.00006559,418.2083,379.7376,0.6869,61.6387,1.8384,37588.4109,89.7407,538.3845,395.5999,218.4789,430.6076,432.5446,432.5446,1046.441,1081.3617,427.0584,0.0,2.43015,2.511246,0.971205,30,216,96,2,0.20383968,0.00163983,-0.01249836,0E-8,0.000000,0.906607,0.000000,0.01775797,2026-03-22,2026-08-06,108,3621,2443,138,0.782609,1.360932,1.287360,0.679466,,,,,,,,GLOBAL_BASELINE_NO_ENTITY_RANKING,,,NOT_APPLICABLE_GLOBAL_BASELINE,HF9g-P5,,,,X 全窗基线 · 不参与实体赏罚,14199263,1420,A168_HF9F_20260827_0900,2026-08-27 09:00:00
2026-06-10,57024343,-1,1,6459.1138095855,258.3645523833,258.3645523833,0.5333333,15,15,0.50665070000000000,0.506650700000,0.20670107540038163,0.20670107540038166,0.20670107540038163,0E-17,SENTINEL_DEALER,R03b_20260811_FULL_v1,L1_ELIGIBILITY,v2026-08-11,2026-03-21..2026-08-06,baccarat_bet02_101_all_pairs_incl_sentinel,round_win = game_pnl > 0 (decisive only),COMPATIBILITY_ONLY_NOT_PRODUCTION,4059548.3812,3680416.6879,6656.9809,9707,9692,-0.00163983,0.01249836,-0.00525961,-0.00163983,-6656.9809,4059548.3812,OK,0.0000,266.2792,4.0000,96.0000,AG03-UNRESOLVED,ALL5_LEVELS_bet23_to_bet27,266.2792,266.2792,266.2792,0.0000,0.0000,4.000000,4.000000,4.000000,0.000000,0.000000,96.000000,96.000000,96.000000,100.000000,100.000000,5.0,798.8377,767.3102,5858.1432,5889.6706,PENDING_AG03,FALSE,NOT_FOR_ENFORCEMENT,6390.7016,3533200.0204,6656.9809,6390.7016,266.2792,0.00163983,0.00157424,266.2792,6390.7016,0.00157424,266.2792,266.2792,266.2792,0.0000,0.0000,6390.7016,0.00157424,798.8377,767.3102,5858.1432,5889.6706,0.00144305,0.00145082,0.00006559,418.2083,379.7376,0.6869,61.6387,1.8384,37588.4109,89.7407,538.3845,395.5999,218.4789,430.6076,432.5446,432.5446,1046.441,1081.3617,427.0584,0.0,2.43015,2.511246,0.971205,30,216,96,2,0.20383968,0.00163983,-0.01249836,0E-8,0.000000,0.906607,0.000000,0.01775797,2026-03-22,2026-08-06,108,3621,2443,138,0.782609,1.360932,1.287360,0.679466,,,,,,,,GLOBAL_BASELINE_NO_ENTITY_RANKING,,,NOT_APPLICABLE_GLOBAL_BASELINE,HF9g-P5,,,,X 全窗基线 · 不参与实体赏罚,14199264,1420,A168_HF9F_20260827_0900,2026-08-27 09:00:00
2026-06-10,57024343,1115,0,1937.7341428756,613.6158119106,613.6158119106,1.0000000,4,4,0.50665070000000000,0.506650700000,1.3955260008387969,1.3955260008387969,1.3955260008387969,0E-17,ELIGIBLE,R03b_20260811_FULL_v1,L1_ELIGIBILITY,v2026-08-11,2026-03-21..2026-08-06,baccarat_bet02_101_all_pairs_incl_sentinel,round_win = game_pnl > 0 (decisive only),COMPATIBILITY_ONLY_NOT_PRODUCTION,4059548.3812,3680416.6879,6656.9809,9707,9692,-0.00163983,0.01249836,-0.00525961,-0.00163983,-6656.9809,4059548.3812,OK,0.0000,266.2792,4.0000,96.0000,AG03-UNRESOLVED,ALL5_LEVELS_bet23_to_bet27,266.2792,266.2792,266.2792,0.0000,0.0000,4.000000,4.000000,4.000000,0.000000,0.000000,96.000000,96.000000,96.000000,100.000000,100.000000,5.0,798.8377,767.3102,5858.1432,5889.6706,PENDING_AG03,FALSE,NOT_FOR_ENFORCEMENT,6390.7016,3533200.0204,6656.9809,6390.7016,266.2792,0.00163983,0.00157424,266.2792,6390.7016,0.00157424,266.2792,266.2792,266.2792,0.0000,0.0000,6390.7016,0.00157424,798.8377,767.3102,5858.1432,5889.6706,0.00144305,0.00145082,0.00006559,418.2083,379.7376,0.6869,61.6387,1.8384,37588.4109,89.7407,538.3845,395.5999,218.4789,430.6076,432.5446,432.5446,1046.441,1081.3617,427.0584,0.0,2.43015,2.511246,0.971205,30,216,96,2,0.20383968,0.00163983,-0.01249836,0E-8,0.000000,0.906607,0.000000,0.01775797,2026-03-22,2026-08-06,108,3621,2443,138,0.782609,1.360932,1.287360,0.679466,,,,,,,,GLOBAL_BASELINE_NO_ENTITY_RANKING,,,NOT_APPLICABLE_GLOBAL_BASELINE,HF9g-P5,,,,X 全窗基线 · 不参与实体赏罚,14199265,1420,A168_HF9F_20260827_0900,2026-08-27 09:00:00
2026-06-10,57024343,1307,0,861.2151746114,-430.6075873057,-430.6075873057,0E-7,2,2,0.50665070000000000,0.506650700000,-1.013391052207602,-1.013391052207602,-1.013391052207602,0E-17,ELIGIBLE,R03b_20260811_FULL_v1,L1_ELIGIBILITY,v2026-08-11,2026-03-21..2026-08-06,baccarat_bet02_101_all_pairs_incl_sentinel,round_win = game_pnl > 0 (decisive only),COMPATIBILITY_ONLY_NOT_PRODUCTION,4059548.3812,3680416.6879,6656.9809,9707,9692,-0.00163983,0.01249836,-0.00525961,-0.00163983,-6656.9809,4059548.3812,OK,0.0000,266.2792,4.0000,96.0000,AG03-UNRESOLVED,ALL5_LEVELS_bet23_to_bet27,266.2792,266.2792,266.2792,0.0000,0.0000,4.000000,4.000000,4.000000,0.000000,0.000000,96.000000,96.000000,96.000000,100.000000,100.000000,5.0,798.8377,767.3102,5858.1432,5889.6706,PENDING_AG03,FALSE,NOT_FOR_ENFORCEMENT,6390.7016,3533200.0204,6656.9809,6390.7016,266.2792,0.00163983,0.00157424,266.2792,6390.7016,0.00157424,266.2792,266.2792,266.2792,0.0000,0.0000,6390.7016,0.00157424,798.8377,767.3102,5858.1432,5889.6706,0.00144305,0.00145082,0.00006559,418.2083,379.7376,0.6869,61.6387,1.8384,37588.4109,89.7407,538.3845,395.5999,218.4789,430.6076,432.5446,432.5446,1046.441,1081.3617,427.0584,0.0,2.43015,2.511246,0.971205,30,216,96,2,0.20383968,0.00163983,-0.01249836,0E-8,0.000000,0.906607,0.000000,0.01775797,2026-03-22,2026-08-06,108,3621,2443,138,0.782609,1.360932,1.287360,0.679466,,,,,,,,GLOBAL_BASELINE_NO_ENTITY_RANKING,,,NOT_APPLICABLE_GLOBAL_BASELINE,HF9g-P5,,,,X 全窗基线 · 不参与实体赏罚,14199266,1420,A168_HF9F_20260827_0900,2026-08-27 09:00:00
2026-06-10,57024343,1318,0,2583.6455238342,-64.5911380959,-64.5911380959,0.5000000,6,6,0.50665070000000000,0.506650700000,-0.032584525537284574,-0.032584525537284574,-0.032584525537284574,0E-17,ELIGIBLE,R03b_20260811_FULL_v1,L1_ELIGIBILITY,v2026-08-11,2026-03-21..2026-08-06,baccarat_bet02_101_all_pairs_incl_sentinel,round_win = game_pnl > 0 (decisive only),COMPATIBILITY_ONLY_NOT_PRODUCTION,4059548.3812,3680416.6879,6656.9809,9707,9692,-0.00163983,0.01249836,-0.00525961,-0.00163983,-6656.9809,4059548.3812,OK,0.0000,266.2792,4.0000,96.0000,AG03-UNRESOLVED,ALL5_LEVELS_bet23_to_bet27,266.2792,266.2792,266.2792,0.0000,0.0000,4.000000,4.000000,4.000000,0.000000,0.000000,96.000000,96.000000,96.000000,100.000000,100.000000,5.0,798.8377,767.3102,5858.1432,5889.6706,PENDING_AG03,FALSE,NOT_FOR_ENFORCEMENT,6390.7016,3533200.0204,6656.9809,6390.7016,266.2792,0.00163983,0.00157424,266.2792,6390.7016,0.00157424,266.2792,266.2792,266.2792,0.0000,0.0000,6390.7016,0.00157424,798.8377,767.3102,5858.1432,5889.6706,0.00144305,0.00145082,0.00006559,418.2083,379.7376,0.6869,61.6387,1.8384,37588.4109,89.7407,538.3845,395.5999,218.4789,430.6076,432.5446,432.5446,1046.441,1081.3617,427.0584,0.0,2.43015,2.511246,0.971205,30,216,96,2,0.20383968,0.00163983,-0.01249836,0E-8,0.000000,0.906607,0.000000,0.01775797,2026-03-22,2026-08-06,108,3621,2443,138,0.782609,1.360932,1.287360,0.679466,,,,,,,,GLOBAL_BASELINE_NO_ENTITY_RANKING,,,NOT_APPLICABLE_GLOBAL_BASELINE,HF9g-P5,,,,X 全窗基线 · 不参与实体赏罚,14199267,1420,A168_HF9F_20260827_0900,2026-08-27 09:00:00
2026-06-10,57024343,1325,0,2583.6455238342,-1313.3531412824,-1313.3531412824,0.2000000,6,6,0.50665070000000000,0.506650700000,-1.3715049547573244,-1.3715049547573244,-1.3715049547573244,0E-17,ELIGIBLE,R03b_20260811_FULL_v1,L1_ELIGIBILITY,v2026-08-11,2026-03-21..2026-08-06,baccarat_bet02_101_all_pairs_incl_sentinel,round_win = game_pnl > 0 (decisive only),COMPATIBILITY_ONLY_NOT_PRODUCTION,4059548.3812,3680416.6879,6656.9809,9707,9692,-0.00163983,0.01249836,-0.00525961,-0.00163983,-6656.9809,4059548.3812,OK,0.0000,266.2792,4.0000,96.0000,AG03-UNRESOLVED,ALL5_LEVELS_bet23_to_bet27,266.2792,266.2792,266.2792,0.0000,0.0000,4.000000,4.000000,4.000000,0.000000,0.000000,96.000000,96.000000,96.000000,100.000000,100.000000,5.0,798.8377,767.3102,5858.1432,5889.6706,PENDING_AG03,FALSE,NOT_FOR_ENFORCEMENT,6390.7016,3533200.0204,6656.9809,6390.7016,266.2792,0.00163983,0.00157424,266.2792,6390.7016,0.00157424,266.2792,266.2792,266.2792,0.0000,0.0000,6390.7016,0.00157424,798.8377,767.3102,5858.1432,5889.6706,0.00144305,0.00145082,0.00006559,418.2083,379.7376,0.6869,61.6387,1.8384,37588.4109,89.7407,538.3845,395.5999,218.4789,430.6076,432.5446,432.5446,1046.441,1081.3617,427.0584,0.0,2.43015,2.511246,0.971205,30,216,96,2,0.20383968,0.00163983,-0.01249836,0E-8,0.000000,0.906607,0.000000,0.01775797,2026-03-22,2026-08-06,108,3621,2443,138,0.782609,1.360932,1.287360,0.679466,,,,,,,,GLOBAL_BASELINE_NO_ENTITY_RANKING,,,NOT_APPLICABLE_GLOBAL_BASELINE,HF9g-P5,,,,X 全窗基线 · 不参与实体赏罚,14199268,1420,A168_HF9F_20260827_0900,2026-08-27 09:00:00
2026-06-10,57024343,1331,0,430.6075873057,-430.6075873057,-430.6075873057,0E-7,1,1,0.50665070000000000,0.506650700000,-1.013391052207602,-1.013391052207602,-1.013391052207602,0E-17,ELIGIBLE,R03b_20260811_FULL_v1,L1_ELIGIBILITY,v2026-08-11,2026-03-21..2026-08-06,baccarat_bet02_101_all_pairs_incl_sentinel,round_win = game_pnl > 0 (decisive only),COMPATIBILITY_ONLY_NOT_PRODUCTION,4059548.3812,3680416.6879,6656.9809,9707,9692,-0.00163983,0.01249836,-0.00525961,-0.00163983,-6656.9809,4059548.3812,OK,0.0000,266.2792,4.0000,96.0000,AG03-UNRESOLVED,ALL5_LEVELS_bet23_to_bet27,266.2792,266.2792,266.2792,0.0000,0.0000,4.000000,4.000000,4.000000,0.000000,0.000000,96.000000,96.000000,96.000000,100.000000,100.000000,5.0,798.8377,767.3102,5858.1432,5889.6706,PENDING_AG03,FALSE,NOT_FOR_ENFORCEMENT,6390.7016,3533200.0204,6656.9809,6390.7016,266.2792,0.00163983,0.00157424,266.2792,6390.7016,0.00157424,266.2792,266.2792,266.2792,0.0000,0.0000,6390.7016,0.00157424,798.8377,767.3102,5858.1432,5889.6706,0.00144305,0.00145082,0.00006559,418.2083,379.7376,0.6869,61.6387,1.8384,37588.4109,89.7407,538.3845,395.5999,218.4789,430.6076,432.5446,432.5446,1046.441,1081.3617,427.0584,0.0,2.43015,2.511246,0.971205,30,216,96,2,0.20383968,0.00163983,-0.01249836,0E-8,0.000000,0.906607,0.000000,0.01775797,2026-03-22,2026-08-06,108,3621,2443,138,0.782609,1.360932,1.287360,0.679466,,,,,,,,GLOBAL_BASELINE_NO_ENTITY_RANKING,,,NOT_APPLICABLE_GLOBAL_BASELINE,HF9g-P5,,,,X 全窗基线 · 不参与实体赏罚,14199269,1420,A168_HF9F_20260827_0900,2026-08-27 09:00:00
2026-06-10,57024343,1485,0,430.6075873057,-430.6075873057,-430.6075873057,0E-7,1,1,0.50665070000000000,0.506650700000,-1.013391052207602,-1.013391052207602,-1.013391052207602,0E-17,ELIGIBLE,R03b_20260811_FULL_v1,L1_ELIGIBILITY,v2026-08-11,2026-03-21..2026-08-06,baccarat_bet02_101_all_pairs_incl_sentinel,round_win = game_pnl > 0 (decisive only),COMPATIBILITY_ONLY_NOT_PRODUCTION,4059548.3812,3680416.6879,6656.9809,9707,9692,-0.00163983,0.01249836,-0.00525961,-0.00163983,-6656.9809,4059548.3812,OK,0.0000,266.2792,4.0000,96.0000,AG03-UNRESOLVED,ALL5_LEVELS_bet23_to_bet27,266.2792,266.2792,266.2792,0.0000,0.0000,4.000000,4.000000,4.000000,0.000000,0.000000,96.000000,96.000000,96.000000,100.000000,100.000000,5.0,798.8377,767.3102,5858.1432,5889.6706,PENDING_AG03,FALSE,NOT_FOR_ENFORCEMENT,6390.7016,3533200.0204,6656.9809,6390.7016,266.2792,0.00163983,0.00157424,266.2792,6390.7016,0.00157424,266.2792,266.2792,266.2792,0.0000,0.0000,6390.7016,0.00157424,798.8377,767.3102,5858.1432,5889.6706,0.00144305,0.00145082,0.00006559,418.2083,379.7376,0.6869,61.6387,1.8384,37588.4109,89.7407,538.3845,395.5999,218.4789,430.6076,432.5446,432.5446,1046.441,1081.3617,427.0584,0.0,2.43015,2.511246,0.971205,30,216,96,2,0.20383968,0.00163983,-0.01249836,0E-8,0.000000,0.906607,0.000000,0.01775797,2026-03-22,2026-08-06,108,3621,2443,138,0.782609,1.360932,1.287360,0.679466,,,,,,,,GLOBAL_BASELINE_NO_ENTITY_RANKING,,,NOT_APPLICABLE_GLOBAL_BASELINE,HF9g-P5,,,,X 全窗基线 · 不参与实体赏罚,14199270,1420,A168_HF9F_20260827_0900,2026-08-27 09:00:00
2026-06-10,57024343,1490,0,215.3037936528,204.5386039702,204.5386039702,1.0000000,1,1,0.50665070000000000,0.506650700000,0.9867858985152569,0.9867858985152569,0.9867858985152569,0E-17,ELIGIBLE,R03b_20260811_FULL_v1,L1_ELIGIBILITY,v2026-08-11,2026-03-21..2026-08-06,baccarat_bet02_101_all_pairs_incl_sentinel,round_win = game_pnl > 0 (decisive only),COMPATIBILITY_ONLY_NOT_PRODUCTION,4059548.3812,3680416.6879,6656.9809,9707,9692,-0.00163983,0.01249836,-0.00525961,-0.00163983,-6656.9809,4059548.3812,OK,0.0000,266.2792,4.0000,96.0000,AG03-UNRESOLVED,ALL5_LEVELS_bet23_to_bet27,266.2792,266.2792,266.2792,0.0000,0.0000,4.000000,4.000000,4.000000,0.000000,0.000000,96.000000,96.000000,96.000000,100.000000,100.000000,5.0,798.8377,767.3102,5858.1432,5889.6706,PENDING_AG03,FALSE,NOT_FOR_ENFORCEMENT,6390.7016,3533200.0204,6656.9809,6390.7016,266.2792,0.00163983,0.00157424,266.2792,6390.7016,0.00157424,266.2792,266.2792,266.2792,0.0000,0.0000,6390.7016,0.00157424,798.8377,767.3102,5858.1432,5889.6706,0.00144305,0.00145082,0.00006559,418.2083,379.7376,0.6869,61.6387,1.8384,37588.4109,89.7407,538.3845,395.5999,218.4789,430.6076,432.5446,432.5446,1046.441,1081.3617,427.0584,0.0,2.43015,2.511246,0.971205,30,216,96,2,0.20383968,0.00163983,-0.01249836,0E-8,0.000000,0.906607,0.000000,0.01775797,2026-03-22,2026-08-06,108,3621,2443,138,0.782609,1.360932,1.287360,0.679466,,,,,,,,GLOBAL_BASELINE_NO_ENTITY_RANKING,,,NOT_APPLICABLE_GLOBAL_BASELINE,HF9g-P5,,,,X 全窗基线 · 不参与实体赏罚,14199271,1420,A168_HF9F_20260827_0900,2026-08-27 09:00:00
2026-06-10,57024343,1623,0,1722.4303492228,-882.7455539767,-882.7455539767,0.2500000,4,4,0.50665070000000000,0.506650700000,-1.0266936290537745,-1.0266936290537745,-1.0266936290537745,0E-17,ELIGIBLE,R03b_20260811_FULL_v1,L1_ELIGIBILITY,v2026-08-11,2026-03-21..2026-08-06,baccarat_bet02_101_all_pairs_incl_sentinel,round_win = game_pnl > 0 (decisive only),COMPATIBILITY_ONLY_NOT_PRODUCTION,4059548.3812,3680416.6879,6656.9809,9707,9692,-0.00163983,0.01249836,-0.00525961,-0.00163983,-6656.9809,4059548.3812,OK,0.0000,266.2792,4.0000,96.0000,AG03-UNRESOLVED,ALL5_LEVELS_bet23_to_bet27,266.2792,266.2792,266.2792,0.0000,0.0000,4.000000,4.000000,4.000000,0.000000,0.000000,96.000000,96.000000,96.000000,100.000000,100.000000,5.0,798.8377,767.3102,5858.1432,5889.6706,PENDING_AG03,FALSE,NOT_FOR_ENFORCEMENT,6390.7016,3533200.0204,6656.9809,6390.7016,266.2792,0.00163983,0.00157424,266.2792,6390.7016,0.00157424,266.2792,266.2792,266.2792,0.0000,0.0000,6390.7016,0.00157424,798.8377,767.3102,5858.1432,5889.6706,0.00144305,0.00145082,0.00006559,418.2083,379.7376,0.6869,61.6387,1.8384,37588.4109,89.7407,538.3845,395.5999,218.4789,430.6076,432.5446,432.5446,1046.441,1081.3617,427.0584,0.0,2.43015,2.511246,0.971205,30,216,96,2,0.20383968,0.00163983,-0.01249836,0E-8,0.000000,0.906607,0.000000,0.01775797,2026-03-22,2026-08-06,108,3621,2443,138,0.782609,1.360932,1.287360,0.679466,,,,,,,,GLOBAL_BASELINE_NO_ENTITY_RANKING,,,NOT_APPLICABLE_GLOBAL_BASELINE,HF9g-P5,,,,X 全窗基线 · 不参与实体赏罚,14199272,1420,A168_HF9F_20260827_0900,2026-08-27 09:00:00
2026-06-10,57024343,1710,0,430.6075873057,0E-10,0E-10,,1,1,0.50665070000000000,0.506650700000,,,,0E-17,NO_DECISIVE_ROUND,R03b_20260811_FULL_v1,L1_ELIGIBILITY,v2026-08-11,2026-03-21..2026-08-06,baccarat_bet02_101_all_pairs_incl_sentinel,round_win = game_pnl > 0 (decisive only),COMPATIBILITY_ONLY_NOT_PRODUCTION,4059548.3812,3680416.6879,6656.9809,9707,9692,-0.00163983,0.01249836,-0.00525961,-0.00163983,-6656.9809,4059548.3812,OK,0.0000,266.2792,4.0000,96.0000,AG03-UNRESOLVED,ALL5_LEVELS_bet23_to_bet27,266.2792,266.2792,266.2792,0.0000,0.0000,4.000000,4.000000,4.000000,0.000000,0.000000,96.000000,96.000000,96.000000,100.000000,100.000000,5.0,798.8377,767.3102,5858.1432,5889.6706,PENDING_AG03,FALSE,NOT_FOR_ENFORCEMENT,6390.7016,3533200.0204,6656.9809,6390.7016,266.2792,0.00163983,0.00157424,266.2792,6390.7016,0.00157424,266.2792,266.2792,266.2792,0.0000,0.0000,6390.7016,0.00157424,798.8377,767.3102,5858.1432,5889.6706,0.00144305,0.00145082,0.00006559,418.2083,379.7376,0.6869,61.6387,1.8384,37588.4109,89.7407,538.3845,395.5999,218.4789,430.6076,432.5446,432.5446,1046.441,1081.3617,427.0584,0.0,2.43015,2.511246,0.971205,30,216,96,2,0.20383968,0.00163983,-0.01249836,0E-8,0.000000,0.906607,0.000000,0.01775797,2026-03-22,2026-08-06,108,3621,2443,138,0.782609,1.360932,1.287360,0.679466,,,,,,,,GLOBAL_BASELINE_NO_ENTITY_RANKING,,,NOT_APPLICABLE_GLOBAL_BASELINE,HF9g-P5,,,,X 全窗基线 · 不参与实体赏罚,14199273,1420,A168_HF9F_20260827_0900,2026-08-27 09:00:00
2026-06-10,57024343,1951,0,1722.4303492228,387.5468285751,387.5468285751,0.6666667,4,4,0.50665070000000000,0.506650700000,0.5543606114942035,0.5543606114942035,0.5543606114942035,0E-17,ELIGIBLE,R03b_20260811_FULL_v1,L1_ELIGIBILITY,v2026-08-11,2026-03-21..2026-08-06,baccarat_bet02_101_all_pairs_incl_sentinel,round_win = game_pnl > 0 (decisive only),COMPATIBILITY_ONLY_NOT_PRODUCTION,4059548.3812,3680416.6879,6656.9809,9707,9692,-0.00163983,0.01249836,-0.00525961,-0.00163983,-6656.9809,4059548.3812,OK,0.0000,266.2792,4.0000,96.0000,AG03-UNRESOLVED,ALL5_LEVELS_bet23_to_bet27,266.2792,266.2792,266.2792,0.0000,0.0000,4.000000,4.000000,4.000000,0.000000,0.000000,96.000000,96.000000,96.000000,100.000000,100.000000,5.0,798.8377,767.3102,5858.1432,5889.6706,PENDING_AG03,FALSE,NOT_FOR_ENFORCEMENT,6390.7016,3533200.0204,6656.9809,6390.7016,266.2792,0.00163983,0.00157424,266.2792,6390.7016,0.00157424,266.2792,266.2792,266.2792,0.0000,0.0000,6390.7016,0.00157424,798.8377,767.3102,5858.1432,5889.6706,0.00144305,0.00145082,0.00006559,418.2083,379.7376,0.6869,61.6387,1.8384,37588.4109,89.7407,538.3845,395.5999,218.4789,430.6076,432.5446,432.5446,1046.441,1081.3617,427.0584,0.0,2.43015,2.511246,0.971205,30,216,96,2,0.20383968,0.00163983,-0.01249836,0E-8,0.000000,0.906607,0.000000,0.01775797,2026-03-22,2026-08-06,108,3621,2443,138,0.782609,1.360932,1.287360,0.679466,,,,,,,,GLOBAL_BASELINE_NO_ENTITY_RANKING,,,NOT_APPLICABLE_GLOBAL_BASELINE,HF9g-P5,,,,X 全窗基线 · 不参与实体赏罚,14199274,1420,A168_HF9F_20260827_0900,2026-08-27 09:00:00
2026-06-10,57024343,1963,0,1291.8227619171,-452.1379666710,-452.1379666710,0.3333333,3,3,0.50665070000000000,0.506650700000,-0.6004420894325239,-0.6004420894325239,-0.6004420894325239,0E-17,ELIGIBLE,R03b_20260811_FULL_v1,L1_ELIGIBILITY,v2026-08-11,2026-03-21..2026-08-06,baccarat_bet02_101_all_pairs_incl_sentinel,round_win = game_pnl > 0 (decisive only),COMPATIBILITY_ONLY_NOT_PRODUCTION,4059548.3812,3680416.6879,6656.9809,9707,9692,-0.00163983,0.01249836,-0.00525961,-0.00163983,-6656.9809,4059548.3812,OK,0.0000,266.2792,4.0000,96.0000,AG03-UNRESOLVED,ALL5_LEVELS_bet23_to_bet27,266.2792,266.2792,266.2792,0.0000,0.0000,4.000000,4.000000,4.000000,0.000000,0.000000,96.000000,96.000000,96.000000,100.000000,100.000000,5.0,798.8377,767.3102,5858.1432,5889.6706,PENDING_AG03,FALSE,NOT_FOR_ENFORCEMENT,6390.7016,3533200.0204,6656.9809,6390.7016,266.2792,0.00163983,0.00157424,266.2792,6390.7016,0.00157424,266.2792,266.2792,266.2792,0.0000,0.0000,6390.7016,0.00157424,798.8377,767.3102,5858.1432,5889.6706,0.00144305,0.00145082,0.00006559,418.2083,379.7376,0.6869,61.6387,1.8384,37588.4109,89.7407,538.3845,395.5999,218.4789,430.6076,432.5446,432.5446,1046.441,1081.3617,427.0584,0.0,2.43015,2.511246,0.971205,30,216,96,2,0.20383968,0.00163983,-0.01249836,0E-8,0.000000,0.906607,0.000000,0.01775797,2026-03-22,2026-08-06,108,3621,2443,138,0.782609,1.360932,1.287360,0.679466,,,,,,,,GLOBAL_BASELINE_NO_ENTITY_RANKING,,,NOT_APPLICABLE_GLOBAL_BASELINE,HF9g-P5,,,,X 全窗基线 · 不参与实体赏罚,14199275,1420,A168_HF9F_20260827_0900,2026-08-27 09:00:00
2026-06-10,57024343,2068,0,430.6075873057,-430.6075873057,-430.6075873057,0E-7,1,1,0.50665070000000000,0.506650700000,-1.013391052207602,-1.013391052207602,-1.013391052207602,0E-17,ELIGIBLE,R03b_20260811_FULL_v1,L1_ELIGIBILITY,v2026-08-11,2026-03-21..2026-08-06,baccarat_bet02_101_all_pairs_incl_sentinel,round_win = game_pnl > 0 (decisive only),COMPATIBILITY_ONLY_NOT_PRODUCTION,4059548.3812,3680416.6879,6656.9809,9707,9692,-0.00163983,0.01249836,-0.00525961,-0.00163983,-6656.9809,4059548.3812,OK,0.0000,266.2792,4.0000,96.0000,AG03-UNRESOLVED,ALL5_LEVELS_bet23_to_bet27,266.2792,266.2792,266.2792,0.0000,0.0000,4.000000,4.000000,4.000000,0.000000,0.000000,96.000000,96.000000,96.000000,100.000000,100.000000,5.0,798.8377,767.3102,5858.1432,5889.6706,PENDING_AG03,FALSE,NOT_FOR_ENFORCEMENT,6390.7016,3533200.0204,6656.9809,6390.7016,266.2792,0.00163983,0.00157424,266.2792,6390.7016,0.00157424,266.2792,266.2792,266.2792,0.0000,0.0000,6390.7016,0.00157424,798.8377,767.3102,5858.1432,5889.6706,0.00144305,0.00145082,0.00006559,418.2083,379.7376,0.6869,61.6387,1.8384,37588.4109,89.7407,538.3845,395.5999,218.4789,430.6076,432.5446,432.5446,1046.441,1081.3617,427.0584,0.0,2.43015,2.511246,0.971205,30,216,96,2,0.20383968,0.00163983,-0.01249836,0E-8,0.000000,0.906607,0.000000,0.01775797,2026-03-22,2026-08-06,108,3621,2443,138,0.782609,1.360932,1.287360,0.679466,,,,,,,,GLOBAL_BASELINE_NO_ENTITY_RANKING,,,NOT_APPLICABLE_GLOBAL_BASELINE,HF9g-P5,,,,X 全窗基线 · 不参与实体赏罚,14199276,1420,A168_HF9F_20260827_0900,2026-08-27 09:00:00
2026-06-10,57024343,2081,0,430.6075873057,409.0772079404,409.0772079404,1.0000000,1,1,0.50665070000000000,0.506650700000,0.9867858985152569,0.9867858985152569,0.9867858985152569,0E-17,ELIGIBLE,R03b_20260811_FULL_v1,L1_ELIGIBILITY,v2026-08-11,2026-03-21..2026-08-06,baccarat_bet02_101_all_pairs_incl_sentinel,round_win = game_pnl > 0 (decisive only),COMPATIBILITY_ONLY_NOT_PRODUCTION,4059548.3812,3680416.6879,6656.9809,9707,9692,-0.00163983,0.01249836,-0.00525961,-0.00163983,-6656.9809,4059548.3812,OK,0.0000,266.2792,4.0000,96.0000,AG03-UNRESOLVED,ALL5_LEVELS_bet23_to_bet27,266.2792,266.2792,266.2792,0.0000,0.0000,4.000000,4.000000,4.000000,0.000000,0.000000,96.000000,96.000000,96.000000,100.000000,100.000000,5.0,798.8377,767.3102,5858.1432,5889.6706,PENDING_AG03,FALSE,NOT_FOR_ENFORCEMENT,6390.7016,3533200.0204,6656.9809,6390.7016,266.2792,0.00163983,0.00157424,266.2792,6390.7016,0.00157424,266.2792,266.2792,266.2792,0.0000,0.0000,6390.7016,0.00157424,798.8377,767.3102,5858.1432,5889.6706,0.00144305,0.00145082,0.00006559,418.2083,379.7376,0.6869,61.6387,1.8384,37588.4109,89.7407,538.3845,395.5999,218.4789,430.6076,432.5446,432.5446,1046.441,1081.3617,427.0584,0.0,2.43015,2.511246,0.971205,30,216,96,2,0.20383968,0.00163983,-0.01249836,0E-8,0.000000,0.906607,0.000000,0.01775797,2026-03-22,2026-08-06,108,3621,2443,138,0.782609,1.360932,1.287360,0.679466,,,,,,,,GLOBAL_BASELINE_NO_ENTITY_RANKING,,,NOT_APPLICABLE_GLOBAL_BASELINE,HF9g-P5,,,,X 全窗基线 · 不参与实体赏罚,14199277,1420,A168_HF9F_20260827_0900,2026-08-27 09:00:00
2026-06-10,57024343,2108,0,861.2151746114,818.1544158808,818.1544158808,1.0000000,2,2,0.50665070000000000,0.506650700000,1.3955260008387969,1.3955260008387969,1.3955260008387969,0E-17,ELIGIBLE,R03b_20260811_FULL_v1,L1_ELIGIBILITY,v2026-08-11,2026-03-21..2026-08-06,baccarat_bet02_101_all_pairs_incl_sentinel,round_win = game_pnl > 0 (decisive only),COMPATIBILITY_ONLY_NOT_PRODUCTION,4059548.3812,3680416.6879,6656.9809,9707,9692,-0.00163983,0.01249836,-0.00525961,-0.00163983,-6656.9809,4059548.3812,OK,0.0000,266.2792,4.0000,96.0000,AG03-UNRESOLVED,ALL5_LEVELS_bet23_to_bet27,266.2792,266.2792,266.2792,0.0000,0.0000,4.000000,4.000000,4.000000,0.000000,0.000000,96.000000,96.000000,96.000000,100.000000,100.000000,5.0,798.8377,767.3102,5858.1432,5889.6706,PENDING_AG03,FALSE,NOT_FOR_ENFORCEMENT,6390.7016,3533200.0204,6656.9809,6390.7016,266.2792,0.00163983,0.00157424,266.2792,6390.7016,0.00157424,266.2792,266.2792,266.2792,0.0000,0.0000,6390.7016,0.00157424,798.8377,767.3102,5858.1432,5889.6706,0.00144305,0.00145082,0.00006559,418.2083,379.7376,0.6869,61.6387,1.8384,37588.4109,89.7407,538.3845,395.5999,218.4789,430.6076,432.5446,432.5446,1046.441,1081.3617,427.0584,0.0,2.43015,2.511246,0.971205,30,216,96,2,0.20383968,0.00163983,-0.01249836,0E-8,0.000000,0.906607,0.000000,0.01775797,2026-03-22,2026-08-06,108,3621,2443,138,0.782609,1.360932,1.287360,0.679466,,,,,,,,GLOBAL_BASELINE_NO_ENTITY_RANKING,,,NOT_APPLICABLE_GLOBAL_BASELINE,HF9g-P5,,,,X 全窗基线 · 不参与实体赏罚,14199278,1420,A168_HF9F_20260827_0900,2026-08-27 09:00:00
2026-06-10,57024343,2115,0,430.6075873057,-430.6075873057,-430.6075873057,0E-7,1,1,0.50665070000000000,0.506650700000,-1.013391052207602,-1.013391052207602,-1.013391052207602,0E-17,ELIGIBLE,R03b_20260811_FULL_v1,L1_ELIGIBILITY,v2026-08-11,2026-03-21..2026-08-06,baccarat_bet02_101_all_pairs_incl_sentinel,round_win = game_pnl > 0 (decisive only),COMPATIBILITY_ONLY_NOT_PRODUCTION,4059548.3812,3680416.6879,6656.9809,9707,9692,-0.00163983,0.01249836,-0.00525961,-0.00163983,-6656.9809,4059548.3812,OK,0.0000,266.2792,4.0000,96.0000,AG03-UNRESOLVED,ALL5_LEVELS_bet23_to_bet27,266.2792,266.2792,266.2792,0.0000,0.0000,4.000000,4.000000,4.000000,0.000000,0.000000,96.000000,96.000000,96.000000,100.000000,100.000000,5.0,798.8377,767.3102,5858.1432,5889.6706,PENDING_AG03,FALSE,NOT_FOR_ENFORCEMENT,6390.7016,3533200.0204,6656.9809,6390.7016,266.2792,0.00163983,0.00157424,266.2792,6390.7016,0.00157424,266.2792,266.2792,266.2792,0.0000,0.0000,6390.7016,0.00157424,798.8377,767.3102,5858.1432,5889.6706,0.00144305,0.00145082,0.00006559,418.2083,379.7376,0.6869,61.6387,1.8384,37588.4109,89.7407,538.3845,395.5999,218.4789,430.6076,432.5446,432.5446,1046.441,1081.3617,427.0584,0.0,2.43015,2.511246,0.971205,30,216,96,2,0.20383968,0.00163983,-0.01249836,0E-8,0.000000,0.906607,0.000000,0.01775797,2026-03-22,2026-08-06,108,3621,2443,138,0.782609,1.360932,1.287360,0.679466,,,,,,,,GLOBAL_BASELINE_NO_ENTITY_RANKING,,,NOT_APPLICABLE_GLOBAL_BASELINE,HF9g-P5,,,,X 全窗基线 · 不参与实体赏罚,14199279,1420,A168_HF9F_20260827_0900,2026-08-27 09:00:00
2026-06-10,57024343,2117,0,430.6075873057,-430.6075873057,-430.6075873057,0E-7,1,1,0.50665070000000000,0.506650700000,-1.013391052207602,-1.013391052207602,-1.013391052207602,0E-17,ELIGIBLE,R03b_20260811_FULL_v1,L1_ELIGIBILITY,v2026-08-11,2026-03-21..2026-08-06,baccarat_bet02_101_all_pairs_incl_sentinel,round_win = game_pnl > 0 (decisive only),COMPATIBILITY_ONLY_NOT_PRODUCTION,4059548.3812,3680416.6879,6656.9809,9707,9692,-0.00163983,0.01249836,-0.00525961,-0.00163983,-6656.9809,4059548.3812,OK,0.0000,266.2792,4.0000,96.0000,AG03-UNRESOLVED,ALL5_LEVELS_bet23_to_bet27,266.2792,266.2792,266.2792,0.0000,0.0000,4.000000,4.000000,4.000000,0.000000,0.000000,96.000000,96.000000,96.000000,100.000000,100.000000,5.0,798.8377,767.3102,5858.1432,5889.6706,PENDING_AG03,FALSE,NOT_FOR_ENFORCEMENT,6390.7016,3533200.0204,6656.9809,6390.7016,266.2792,0.00163983,0.00157424,266.2792,6390.7016,0.00157424,266.2792,266.2792,266.2792,0.0000,0.0000,6390.7016,0.00157424,798.8377,767.3102,5858.1432,5889.6706,0.00144305,0.00145082,0.00006559,418.2083,379.7376,0.6869,61.6387,1.8384,37588.4109,89.7407,538.3845,395.5999,218.4789,430.6076,432.5446,432.5446,1046.441,1081.3617,427.0584,0.0,2.43015,2.511246,0.971205,30,216,96,2,0.20383968,0.00163983,-0.01249836,0E-8,0.000000,0.906607,0.000000,0.01775797,2026-03-22,2026-08-06,108,3621,2443,138,0.782609,1.360932,1.287360,0.679466,,,,,,,,GLOBAL_BASELINE_NO_ENTITY_RANKING,,,NOT_APPLICABLE_GLOBAL_BASELINE,HF9g-P5,,,,X 全窗基线 · 不参与实体赏罚,14199280,1420,A168_HF9F_20260827_0900,2026-08-27 09:00:00
2026-06-10,57024343,2121,0,2583.6455238342,1205.7012444559,1205.7012444559,0.8000000,6,6,0.50665070000000000,0.506650700000,1.3120140225494112,1.3120140225494112,1.3120140225494112,0E-17,ELIGIBLE,R03b_20260811_FULL_v1,L1_ELIGIBILITY,v2026-08-11,2026-03-21..2026-08-06,baccarat_bet02_101_all_pairs_incl_sentinel,round_win = game_pnl > 0 (decisive only),COMPATIBILITY_ONLY_NOT_PRODUCTION,4059548.3812,3680416.6879,6656.9809,9707,9692,-0.00163983,0.01249836,-0.00525961,-0.00163983,-6656.9809,4059548.3812,OK,0.0000,266.2792,4.0000,96.0000,AG03-UNRESOLVED,ALL5_LEVELS_bet23_to_bet27,266.2792,266.2792,266.2792,0.0000,0.0000,4.000000,4.000000,4.000000,0.000000,0.000000,96.000000,96.000000,96.000000,100.000000,100.000000,5.0,798.8377,767.3102,5858.1432,5889.6706,PENDING_AG03,FALSE,NOT_FOR_ENFORCEMENT,6390.7016,3533200.0204,6656.9809,6390.7016,266.2792,0.00163983,0.00157424,266.2792,6390.7016,0.00157424,266.2792,266.2792,266.2792,0.0000,0.0000,6390.7016,0.00157424,798.8377,767.3102,5858.1432,5889.6706,0.00144305,0.00145082,0.00006559,418.2083,379.7376,0.6869,61.6387,1.8384,37588.4109,89.7407,538.3845,395.5999,218.4789,430.6076,432.5446,432.5446,1046.441,1081.3617,427.0584,0.0,2.43015,2.511246,0.971205,30,216,96,2,0.20383968,0.00163983,-0.01249836,0E-8,0.000000,0.906607,0.000000,0.01775797,2026-03-22,2026-08-06,108,3621,2443,138,0.782609,1.360932,1.287360,0.679466,,,,,,,,GLOBAL_BASELINE_NO_ENTITY_RANKING,,,NOT_APPLICABLE_GLOBAL_BASELINE,HF9g-P5,,,,X 全窗基线 · 不参与实体赏罚,14199281,1420,A168_HF9F_20260827_0900,2026-08-27 09:00:00
2026-06-10,57024343,2147,0,1291.8227619171,387.5468285751,387.5468285751,0.6666667,3,3,0.50218230000000000,0.502182300000,0.5697959874915163,0.5697959874915164,0.5697959874915163,0E-17,ELIGIBLE,R03b_20260811_FULL_v1,L1_ELIGIBILITY,v2026-08-11,2026-03-21..2026-08-06,baccarat_bet02_101_all_pairs_incl_sentinel,round_win = game_pnl > 0 (decisive only),COMPATIBILITY_ONLY_NOT_PRODUCTION,4059548.3812,3680416.6879,6656.9809,9707,9692,-0.00163983,0.01249836,-0.00525961,-0.00163983,-6656.9809,4059548.3812,OK,0.0000,266.2792,4.0000,96.0000,AG03-UNRESOLVED,ALL5_LEVELS_bet23_to_bet27,266.2792,266.2792,266.2792,0.0000,0.0000,4.000000,4.000000,4.000000,0.000000,0.000000,96.000000,96.000000,96.000000,100.000000,100.000000,5.0,798.8377,767.3102,5858.1432,5889.6706,PENDING_AG03,FALSE,NOT_FOR_ENFORCEMENT,6390.7016,3533200.0204,6656.9809,6390.7016,266.2792,0.00163983,0.00157424,266.2792,6390.7016,0.00157424,266.2792,266.2792,266.2792,0.0000,0.0000,6390.7016,0.00157424,798.8377,767.3102,5858.1432,5889.6706,0.00144305,0.00145082,0.00006559,418.2083,379.7376,0.6869,61.6387,1.8384,37588.4109,89.7407,538.3845,395.5999,218.4789,430.6076,432.5446,432.5446,1046.441,1081.3617,427.0584,0.0,2.43015,2.511246,0.971205,30,216,96,2,0.20383968,0.00163983,-0.01249836,0E-8,0.000000,0.906607,0.000000,0.01775797,2026-03-22,2026-08-06,108,3621,2443,138,0.782609,1.360932,1.287360,0.679466,,,,,,,,GLOBAL_BASELINE_NO_ENTITY_RANKING,,,NOT_APPLICABLE_GLOBAL_BASELINE,HF9g-P5,,,,X 全窗基线 · 不参与实体赏罚,14199282,1420,A168_HF9F_20260827_0900,2026-08-27 09:00:00
2026-06-10,57024343,2175,0,1291.8227619171,-452.1379666710,-452.1379666710,0.3333333,3,3,0.50665070000000000,0.506650700000,-0.6004420894325239,-0.6004420894325239,-0.6004420894325239,0E-17,ELIGIBLE,R03b_20260811_FULL_v1,L1_ELIGIBILITY,v2026-08-11,2026-03-21..2026-08-06,baccarat_bet02_101_all_pairs_incl_sentinel,round_win = game_pnl > 0 (decisive only),COMPATIBILITY_ONLY_NOT_PRODUCTION,4059548.3812,3680416.6879,6656.9809,9707,9692,-0.00163983,0.01249836,-0.00525961,-0.00163983,-6656.9809,4059548.3812,OK,0.0000,266.2792,4.0000,96.0000,AG03-UNRESOLVED,ALL5_LEVELS_bet23_to_bet27,266.2792,266.2792,266.2792,0.0000,0.0000,4.000000,4.000000,4.000000,0.000000,0.000000,96.000000,96.000000,96.000000,100.000000,100.000000,5.0,798.8377,767.3102,5858.1432,5889.6706,PENDING_AG03,FALSE,NOT_FOR_ENFORCEMENT,6390.7016,3533200.0204,6656.9809,6390.7016,266.2792,0.00163983,0.00157424,266.2792,6390.7016,0.00157424,266.2792,266.2792,266.2792,0.0000,0.0000,6390.7016,0.00157424,798.8377,767.3102,5858.1432,5889.6706,0.00144305,0.00145082,0.00006559,418.2083,379.7376,0.6869,61.6387,1.8384,37588.4109,89.7407,538.3845,395.5999,218.4789,430.6076,432.5446,432.5446,1046.441,1081.3617,427.0584,0.0,2.43015,2.511246,0.971205,30,216,96,2,0.20383968,0.00163983,-0.01249836,0E-8,0.000000,0.906607,0.000000,0.01775797,2026-03-22,2026-08-06,108,3621,2443,138,0.782609,1.360932,1.287360,0.679466,,,,,,,,GLOBAL_BASELINE_NO_ENTITY_RANKING,,,NOT_APPLICABLE_GLOBAL_BASELINE,HF9g-P5,,,,X 全窗基线 · 不参与实体赏罚,14199283,1420,A168_HF9F_20260827_0900,2026-08-27 09:00:00
2026-06-10,57024343,2209,0,1722.4303492228,387.5468285751,387.5468285751,0.6666667,4,4,0.50665070000000000,0.506650700000,0.5543606114942035,0.5543606114942035,0.5543606114942035,0E-17,ELIGIBLE,R03b_20260811_FULL_v1,L1_ELIGIBILITY,v2026-08-11,2026-03-21..2026-08-06,baccarat_bet02_101_all_pairs_incl_sentinel,round_win = game_pnl > 0 (decisive only),COMPATIBILITY_ONLY_NOT_PRODUCTION,4059548.3812,3680416.6879,6656.9809,9707,9692,-0.00163983,0.01249836,-0.00525961,-0.00163983,-6656.9809,4059548.3812,OK,0.0000,266.2792,4.0000,96.0000,AG03-UNRESOLVED,ALL5_LEVELS_bet23_to_bet27,266.2792,266.2792,266.2792,0.0000,0.0000,4.000000,4.000000,4.000000,0.000000,0.000000,96.000000,96.000000,96.000000,100.000000,100.000000,5.0,798.8377,767.3102,5858.1432,5889.6706,PENDING_AG03,FALSE,NOT_FOR_ENFORCEMENT,6390.7016,3533200.0204,6656.9809,6390.7016,266.2792,0.00163983,0.00157424,266.2792,6390.7016,0.00157424,266.2792,266.2792,266.2792,0.0000,0.0000,6390.7016,0.00157424,798.8377,767.3102,5858.1432,5889.6706,0.00144305,0.00145082,0.00006559,418.2083,379.7376,0.6869,61.6387,1.8384,37588.4109,89.7407,538.3845,395.5999,218.4789,430.6076,432.5446,432.5446,1046.441,1081.3617,427.0584,0.0,2.43015,2.511246,0.971205,30,216,96,2,0.20383968,0.00163983,-0.01249836,0E-8,0.000000,0.906607,0.000000,0.01775797,2026-03-22,2026-08-06,108,3621,2443,138,0.782609,1.360932,1.287360,0.679466,,,,,,,,GLOBAL_BASELINE_NO_ENTITY_RANKING,,,NOT_APPLICABLE_GLOBAL_BASELINE,HF9g-P5,,,,X 全窗基线 · 不参与实体赏罚,14199284,1420,A168_HF9F_20260827_0900,2026-08-27 09:00:00
2026-06-10,57024343,2212,0,1291.8227619171,-452.1379666710,-452.1379666710,0.3333333,3,3,0.50665070000000000,0.506650700000,-0.6004420894325239,-0.6004420894325239,-0.6004420894325239,0E-17,ELIGIBLE,R03b_20260811_FULL_v1,L1_ELIGIBILITY,v2026-08-11,2026-03-21..2026-08-06,baccarat_bet02_101_all_pairs_incl_sentinel,round_win = game_pnl > 0 (decisive only),COMPATIBILITY_ONLY_NOT_PRODUCTION,4059548.3812,3680416.6879,6656.9809,9707,9692,-0.00163983,0.01249836,-0.00525961,-0.00163983,-6656.9809,4059548.3812,OK,0.0000,266.2792,4.0000,96.0000,AG03-UNRESOLVED,ALL5_LEVELS_bet23_to_bet27,266.2792,266.2792,266.2792,0.0000,0.0000,4.000000,4.000000,4.000000,0.000000,0.000000,96.000000,96.000000,96.000000,100.000000,100.000000,5.0,798.8377,767.3102,5858.1432,5889.6706,PENDING_AG03,FALSE,NOT_FOR_ENFORCEMENT,6390.7016,3533200.0204,6656.9809,6390.7016,266.2792,0.00163983,0.00157424,266.2792,6390.7016,0.00157424,266.2792,266.2792,266.2792,0.0000,0.0000,6390.7016,0.00157424,798.8377,767.3102,5858.1432,5889.6706,0.00144305,0.00145082,0.00006559,418.2083,379.7376,0.6869,61.6387,1.8384,37588.4109,89.7407,538.3845,395.5999,218.4789,430.6076,432.5446,432.5446,1046.441,1081.3617,427.0584,0.0,2.43015,2.511246,0.971205,30,216,96,2,0.20383968,0.00163983,-0.01249836,0E-8,0.000000,0.906607,0.000000,0.01775797,2026-03-22,2026-08-06,108,3621,2443,138,0.782609,1.360932,1.287360,0.679466,,,,,,,,GLOBAL_BASELINE_NO_ENTITY_RANKING,,,NOT_APPLICABLE_GLOBAL_BASELINE,HF9g-P5,,,,X 全窗基线 · 不参与实体赏罚,14199285,1420,A168_HF9F_20260827_0900,2026-08-27 09:00:00
2026-06-10,57024343,2216,0,3014.2531111399,1205.7012444559,1205.7012444559,0.8000000,6,6,0.50665070000000000,0.506650700000,1.3120140225494112,1.3120140225494112,1.3120140225494112,0E-17,ELIGIBLE,R03b_20260811_FULL_v1,L1_ELIGIBILITY,v2026-08-11,2026-03-21..2026-08-06,baccarat_bet02_101_all_pairs_incl_sentinel,round_win = game_pnl > 0 (decisive only),COMPATIBILITY_ONLY_NOT_PRODUCTION,4059548.3812,3680416.6879,6656.9809,9707,9692,-0.00163983,0.01249836,-0.00525961,-0.00163983,-6656.9809,4059548.3812,OK,0.0000,266.2792,4.0000,96.0000,AG03-UNRESOLVED,ALL5_LEVELS_bet23_to_bet27,266.2792,266.2792,266.2792,0.0000,0.0000,4.000000,4.000000,4.000000,0.000000,0.000000,96.000000,96.000000,96.000000,100.000000,100.000000,5.0,798.8377,767.3102,5858.1432,5889.6706,PENDING_AG03,FALSE,NOT_FOR_ENFORCEMENT,6390.7016,3533200.0204,6656.9809,6390.7016,266.2792,0.00163983,0.00157424,266.2792,6390.7016,0.00157424,266.2792,266.2792,266.2792,0.0000,0.0000,6390.7016,0.00157424,798.8377,767.3102,5858.1432,5889.6706,0.00144305,0.00145082,0.00006559,418.2083,379.7376,0.6869,61.6387,1.8384,37588.4109,89.7407,538.3845,395.5999,218.4789,430.6076,432.5446,432.5446,1046.441,1081.3617,427.0584,0.0,2.43015,2.511246,0.971205,30,216,96,2,0.20383968,0.00163983,-0.01249836,0E-8,0.000000,0.906607,0.000000,0.01775797,2026-03-22,2026-08-06,108,3621,2443,138,0.782609,1.360932,1.287360,0.679466,,,,,,,,GLOBAL_BASELINE_NO_ENTITY_RANKING,,,NOT_APPLICABLE_GLOBAL_BASELINE,HF9g-P5,,,,X 全窗基线 · 不参与实体赏罚,14199286,1420,A168_HF9F_20260827_0900,2026-08-27 09:00:00
2026-06-10,57024343,2223,0,861.2151746114,-430.6075873057,-430.6075873057,0E-7,2,2,0.50665070000000000,0.506650700000,-1.013391052207602,-1.013391052207602,-1.013391052207602,0E-17,ELIGIBLE,R03b_20260811_FULL_v1,L1_ELIGIBILITY,v2026-08-11,2026-03-21..2026-08-06,baccarat_bet02_101_all_pairs_incl_sentinel,round_win = game_pnl > 0 (decisive only),COMPATIBILITY_ONLY_NOT_PRODUCTION,4059548.3812,3680416.6879,6656.9809,9707,9692,-0.00163983,0.01249836,-0.00525961,-0.00163983,-6656.9809,4059548.3812,OK,0.0000,266.2792,4.0000,96.0000,AG03-UNRESOLVED,ALL5_LEVELS_bet23_to_bet27,266.2792,266.2792,266.2792,0.0000,0.0000,4.000000,4.000000,4.000000,0.000000,0.000000,96.000000,96.000000,96.000000,100.000000,100.000000,5.0,798.8377,767.3102,5858.1432,5889.6706,PENDING_AG03,FALSE,NOT_FOR_ENFORCEMENT,6390.7016,3533200.0204,6656.9809,6390.7016,266.2792,0.00163983,0.00157424,266.2792,6390.7016,0.00157424,266.2792,266.2792,266.2792,0.0000,0.0000,6390.7016,0.00157424,798.8377,767.3102,5858.1432,5889.6706,0.00144305,0.00145082,0.00006559,418.2083,379.7376,0.6869,61.6387,1.8384,37588.4109,89.7407,538.3845,395.5999,218.4789,430.6076,432.5446,432.5446,1046.441,1081.3617,427.0584,0.0,2.43015,2.511246,0.971205,30,216,96,2,0.20383968,0.00163983,-0.01249836,0E-8,0.000000,0.906607,0.000000,0.01775797,2026-03-22,2026-08-06,108,3621,2443,138,0.782609,1.360932,1.287360,0.679466,,,,,,,,GLOBAL_BASELINE_NO_ENTITY_RANKING,,,NOT_APPLICABLE_GLOBAL_BASELINE,HF9g-P5,,,,X 全窗基线 · 不参与实体赏罚,14199287,1420,A168_HF9F_20260827_0900,2026-08-27 09:00:00
2026-06-10,57024343,2251,0,2583.6455238342,1614.7784523963,1614.7784523963,0.8333333,6,6,0.50665070000000000,0.506650700000,1.6005531159783741,1.6005531159783741,1.6005531159783741,0E-17,ELIGIBLE,R03b_20260811_FULL_v1,L1_ELIGIBILITY,v2026-08-11,2026-03-21..2026-08-06,baccarat_bet02_101_all_pairs_incl_sentinel,round_win = game_pnl > 0 (decisive only),COMPATIBILITY_ONLY_NOT_PRODUCTION,4059548.3812,3680416.6879,6656.9809,9707,9692,-0.00163983,0.01249836,-0.00525961,-0.00163983,-6656.9809,4059548.3812,OK,0.0000,266.2792,4.0000,96.0000,AG03-UNRESOLVED,ALL5_LEVELS_bet23_to_bet27,266.2792,266.2792,266.2792,0.0000,0.0000,4.000000,4.000000,4.000000,0.000000,0.000000,96.000000,96.000000,96.000000,100.000000,100.000000,5.0,798.8377,767.3102,5858.1432,5889.6706,PENDING_AG03,FALSE,NOT_FOR_ENFORCEMENT,6390.7016,3533200.0204,6656.9809,6390.7016,266.2792,0.00163983,0.00157424,266.2792,6390.7016,0.00157424,266.2792,266.2792,266.2792,0.0000,0.0000,6390.7016,0.00157424,798.8377,767.3102,5858.1432,5889.6706,0.00144305,0.00145082,0.00006559,418.2083,379.7376,0.6869,61.6387,1.8384,37588.4109,89.7407,538.3845,395.5999,218.4789,430.6076,432.5446,432.5446,1046.441,1081.3617,427.0584,0.0,2.43015,2.511246,0.971205,30,216,96,2,0.20383968,0.00163983,-0.01249836,0E-8,0.000000,0.906607,0.000000,0.01775797,2026-03-22,2026-08-06,108,3621,2443,138,0.782609,1.360932,1.287360,0.679466,,,,,,,,GLOBAL_BASELINE_NO_ENTITY_RANKING,,,NOT_APPLICABLE_GLOBAL_BASELINE,HF9g-P5,,,,X 全窗基线 · 不参与实体赏罚,14199288,1420,A168_HF9F_20260827_0900,2026-08-27 09:00:00
2026-06-10,57024343,2252,0,430.6075873057,409.0772079404,409.0772079404,1.0000000,1,1,0.50665070000000000,0.506650700000,0.9867858985152569,0.9867858985152569,0.9867858985152569,0E-17,ELIGIBLE,R03b_20260811_FULL_v1,L1_ELIGIBILITY,v2026-08-11,2026-03-21..2026-08-06,baccarat_bet02_101_all_pairs_incl_sentinel,round_win = game_pnl > 0 (decisive only),COMPATIBILITY_ONLY_NOT_PRODUCTION,4059548.3812,3680416.6879,6656.9809,9707,9692,-0.00163983,0.01249836,-0.00525961,-0.00163983,-6656.9809,4059548.3812,OK,0.0000,266.2792,4.0000,96.0000,AG03-UNRESOLVED,ALL5_LEVELS_bet23_to_bet27,266.2792,266.2792,266.2792,0.0000,0.0000,4.000000,4.000000,4.000000,0.000000,0.000000,96.000000,96.000000,96.000000,100.000000,100.000000,5.0,798.8377,767.3102,5858.1432,5889.6706,PENDING_AG03,FALSE,NOT_FOR_ENFORCEMENT,6390.7016,3533200.0204,6656.9809,6390.7016,266.2792,0.00163983,0.00157424,266.2792,6390.7016,0.00157424,266.2792,266.2792,266.2792,0.0000,0.0000,6390.7016,0.00157424,798.8377,767.3102,5858.1432,5889.6706,0.00144305,0.00145082,0.00006559,418.2083,379.7376,0.6869,61.6387,1.8384,37588.4109,89.7407,538.3845,395.5999,218.4789,430.6076,432.5446,432.5446,1046.441,1081.3617,427.0584,0.0,2.43015,2.511246,0.971205,30,216,96,2,0.20383968,0.00163983,-0.01249836,0E-8,0.000000,0.906607,0.000000,0.01775797,2026-03-22,2026-08-06,108,3621,2443,138,0.782609,1.360932,1.287360,0.679466,,,,,,,,GLOBAL_BASELINE_NO_ENTITY_RANKING,,,NOT_APPLICABLE_GLOBAL_BASELINE,HF9g-P5,,,,X 全窗基线 · 不参与实体赏罚,14199289,1420,A168_HF9F_20260827_0900,2026-08-27 09:00:00
2026-06-10,57024343,2267,0,430.6075873057,409.0772079404,409.0772079404,1.0000000,1,1,0.50665070000000000,0.506650700000,0.9867858985152569,0.9867858985152569,0.9867858985152569,0E-17,ELIGIBLE,R03b_20260811_FULL_v1,L1_ELIGIBILITY,v2026-08-11,2026-03-21..2026-08-06,baccarat_bet02_101_all_pairs_incl_sentinel,round_win = game_pnl > 0 (decisive only),COMPATIBILITY_ONLY_NOT_PRODUCTION,4059548.3812,3680416.6879,6656.9809,9707,9692,-0.00163983,0.01249836,-0.00525961,-0.00163983,-6656.9809,4059548.3812,OK,0.0000,266.2792,4.0000,96.0000,AG03-UNRESOLVED,ALL5_LEVELS_bet23_to_bet27,266.2792,266.2792,266.2792,0.0000,0.0000,4.000000,4.000000,4.000000,0.000000,0.000000,96.000000,96.000000,96.000000,100.000000,100.000000,5.0,798.8377,767.3102,5858.1432,5889.6706,PENDING_AG03,FALSE,NOT_FOR_ENFORCEMENT,6390.7016,3533200.0204,6656.9809,6390.7016,266.2792,0.00163983,0.00157424,266.2792,6390.7016,0.00157424,266.2792,266.2792,266.2792,0.0000,0.0000,6390.7016,0.00157424,798.8377,767.3102,5858.1432,5889.6706,0.00144305,0.00145082,0.00006559,418.2083,379.7376,0.6869,61.6387,1.8384,37588.4109,89.7407,538.3845,395.5999,218.4789,430.6076,432.5446,432.5446,1046.441,1081.3617,427.0584,0.0,2.43015,2.511246,0.971205,30,216,96,2,0.20383968,0.00163983,-0.01249836,0E-8,0.000000,0.906607,0.000000,0.01775797,2026-03-22,2026-08-06,108,3621,2443,138,0.782609,1.360932,1.287360,0.679466,,,,,,,,GLOBAL_BASELINE_NO_ENTITY_RANKING,,,NOT_APPLICABLE_GLOBAL_BASELINE,HF9g-P5,,,,X 全窗基线 · 不参与实体赏罚,14199290,1420,A168_HF9F_20260827_0900,2026-08-27 09:00:00
2026-06-10,57024343,2276,0,861.2151746114,818.1544158808,818.1544158808,1.0000000,2,2,0.50665070000000000,0.506650700000,1.3955260008387969,1.3955260008387969,1.3955260008387969,0E-17,ELIGIBLE,R03b_20260811_FULL_v1,L1_ELIGIBILITY,v2026-08-11,2026-03-21..2026-08-06,baccarat_bet02_101_all_pairs_incl_sentinel,round_win = game_pnl > 0 (decisive only),COMPATIBILITY_ONLY_NOT_PRODUCTION,4059548.3812,3680416.6879,6656.9809,9707,9692,-0.00163983,0.01249836,-0.00525961,-0.00163983,-6656.9809,4059548.3812,OK,0.0000,266.2792,4.0000,96.0000,AG03-UNRESOLVED,ALL5_LEVELS_bet23_to_bet27,266.2792,266.2792,266.2792,0.0000,0.0000,4.000000,4.000000,4.000000,0.000000,0.000000,96.000000,96.000000,96.000000,100.000000,100.000000,5.0,798.8377,767.3102,5858.1432,5889.6706,PENDING_AG03,FALSE,NOT_FOR_ENFORCEMENT,6390.7016,3533200.0204,6656.9809,6390.7016,266.2792,0.00163983,0.00157424,266.2792,6390.7016,0.00157424,266.2792,266.2792,266.2792,0.0000,0.0000,6390.7016,0.00157424,798.8377,767.3102,5858.1432,5889.6706,0.00144305,0.00145082,0.00006559,418.2083,379.7376,0.6869,61.6387,1.8384,37588.4109,89.7407,538.3845,395.5999,218.4789,430.6076,432.5446,432.5446,1046.441,1081.3617,427.0584,0.0,2.43015,2.511246,0.971205,30,216,96,2,0.20383968,0.00163983,-0.01249836,0E-8,0.000000,0.906607,0.000000,0.01775797,2026-03-22,2026-08-06,108,3621,2443,138,0.782609,1.360932,1.287360,0.679466,,,,,,,,GLOBAL_BASELINE_NO_ENTITY_RANKING,,,NOT_APPLICABLE_GLOBAL_BASELINE,HF9g-P5,,,,X 全窗基线 · 不参与实体赏罚,14199291,1420,A168_HF9F_20260827_0900,2026-08-27 09:00:00
2026-06-10,57024343,2280,0,430.6075873057,409.0772079404,409.0772079404,1.0000000,1,1,0.50665070000000000,0.506650700000,0.9867858985152569,0.9867858985152569,0.9867858985152569,0E-17,ELIGIBLE,R03b_20260811_FULL_v1,L1_ELIGIBILITY,v2026-08-11,2026-03-21..2026-08-06,baccarat_bet02_101_all_pairs_incl_sentinel,round_win = game_pnl > 0 (decisive only),COMPATIBILITY_ONLY_NOT_PRODUCTION,4059548.3812,3680416.6879,6656.9809,9707,9692,-0.00163983,0.01249836,-0.00525961,-0.00163983,-6656.9809,4059548.3812,OK,0.0000,266.2792,4.0000,96.0000,AG03-UNRESOLVED,ALL5_LEVELS_bet23_to_bet27,266.2792,266.2792,266.2792,0.0000,0.0000,4.000000,4.000000,4.000000,0.000000,0.000000,96.000000,96.000000,96.000000,100.000000,100.000000,5.0,798.8377,767.3102,5858.1432,5889.6706,PENDING_AG03,FALSE,NOT_FOR_ENFORCEMENT,6390.7016,3533200.0204,6656.9809,6390.7016,266.2792,0.00163983,0.00157424,266.2792,6390.7016,0.00157424,266.2792,266.2792,266.2792,0.0000,0.0000,6390.7016,0.00157424,798.8377,767.3102,5858.1432,5889.6706,0.00144305,0.00145082,0.00006559,418.2083,379.7376,0.6869,61.6387,1.8384,37588.4109,89.7407,538.3845,395.5999,218.4789,430.6076,432.5446,432.5446,1046.441,1081.3617,427.0584,0.0,2.43015,2.511246,0.971205,30,216,96,2,0.20383968,0.00163983,-0.01249836,0E-8,0.000000,0.906607,0.000000,0.01775797,2026-03-22,2026-08-06,108,3621,2443,138,0.782609,1.360932,1.287360,0.679466,,,,,,,,GLOBAL_BASELINE_NO_ENTITY_RANKING,,,NOT_APPLICABLE_GLOBAL_BASELINE,HF9g-P5,,,,X 全窗基线 · 不参与实体赏罚,14199292,1420,A168_HF9F_20260827_0900,2026-08-27 09:00:00
2026-06-10,57024343,529,0,861.2151746114,-861.2151746114,-861.2151746114,0E-7,2,2,0.50665070000000000,0.506650700000,-1.4331513700195317,-1.4331513700195317,-1.4331513700195317,0E-17,ELIGIBLE,R03b_20260811_FULL_v1,L1_ELIGIBILITY,v2026-08-11,2026-03-21..2026-08-06,baccarat_bet02_101_all_pairs_incl_sentinel,round_win = game_pnl > 0 (decisive only),COMPATIBILITY_ONLY_NOT_PRODUCTION,4059548.3812,3680416.6879,6656.9809,9707,9692,-0.00163983,0.01249836,-0.00525961,-0.00163983,-6656.9809,4059548.3812,OK,0.0000,266.2792,4.0000,96.0000,AG03-UNRESOLVED,ALL5_LEVELS_bet23_to_bet27,266.2792,266.2792,266.2792,0.0000,0.0000,4.000000,4.000000,4.000000,0.000000,0.000000,96.000000,96.000000,96.000000,100.000000,100.000000,5.0,798.8377,767.3102,5858.1432,5889.6706,PENDING_AG03,FALSE,NOT_FOR_ENFORCEMENT,6390.7016,3533200.0204,6656.9809,6390.7016,266.2792,0.00163983,0.00157424,266.2792,6390.7016,0.00157424,266.2792,266.2792,266.2792,0.0000,0.0000,6390.7016,0.00157424,798.8377,767.3102,5858.1432,5889.6706,0.00144305,0.00145082,0.00006559,418.2083,379.7376,0.6869,61.6387,1.8384,37588.4109,89.7407,538.3845,395.5999,218.4789,430.6076,432.5446,432.5446,1046.441,1081.3617,427.0584,0.0,2.43015,2.511246,0.971205,30,216,96,2,0.20383968,0.00163983,-0.01249836,0E-8,0.000000,0.906607,0.000000,0.01775797,2026-03-22,2026-08-06,108,3621,2443,138,0.782609,1.360932,1.287360,0.679466,,,,,,,,GLOBAL_BASELINE_NO_ENTITY_RANKING,,,NOT_APPLICABLE_GLOBAL_BASELINE,HF9g-P5,,,,X 全窗基线 · 不参与实体赏罚,14199293,1420,A168_HF9F_20260827_0900,2026-08-27 09:00:00
2026-06-10,57024343,550,0,1291.8227619171,409.0772079404,409.0772079404,0.6666667,3,3,0.49771390000000000,0.497713900000,0.5852756695216578,0.5852756695216578,0.5852756695216578,0E-17,ELIGIBLE,R03b_20260811_FULL_v1,L1_ELIGIBILITY,v2026-08-11,2026-03-21..2026-08-06,baccarat_bet02_101_all_pairs_incl_sentinel,round_win = game_pnl > 0 (decisive only),COMPATIBILITY_ONLY_NOT_PRODUCTION,4059548.3812,3680416.6879,6656.9809,9707,9692,-0.00163983,0.01249836,-0.00525961,-0.00163983,-6656.9809,4059548.3812,OK,0.0000,266.2792,4.0000,96.0000,AG03-UNRESOLVED,ALL5_LEVELS_bet23_to_bet27,266.2792,266.2792,266.2792,0.0000,0.0000,4.000000,4.000000,4.000000,0.000000,0.000000,96.000000,96.000000,96.000000,100.000000,100.000000,5.0,798.8377,767.3102,5858.1432,5889.6706,PENDING_AG03,FALSE,NOT_FOR_ENFORCEMENT,6390.7016,3533200.0204,6656.9809,6390.7016,266.2792,0.00163983,0.00157424,266.2792,6390.7016,0.00157424,266.2792,266.2792,266.2792,0.0000,0.0000,6390.7016,0.00157424,798.8377,767.3102,5858.1432,5889.6706,0.00144305,0.00145082,0.00006559,418.2083,379.7376,0.6869,61.6387,1.8384,37588.4109,89.7407,538.3845,395.5999,218.4789,430.6076,432.5446,432.5446,1046.441,1081.3617,427.0584,0.0,2.43015,2.511246,0.971205,30,216,96,2,0.20383968,0.00163983,-0.01249836,0E-8,0.000000,0.906607,0.000000,0.01775797,2026-03-22,2026-08-06,108,3621,2443,138,0.782609,1.360932,1.287360,0.679466,,,,,,,,GLOBAL_BASELINE_NO_ENTITY_RANKING,,,NOT_APPLICABLE_GLOBAL_BASELINE,HF9g-P5,,,,X 全窗基线 · 不参与实体赏罚,14199294,1420,A168_HF9F_20260827_0900,2026-08-27 09:00:00
2026-06-10,57024343,772,0,861.2151746114,818.1544158808,818.1544158808,1.0000000,2,2,0.50665070000000000,0.506650700000,1.3955260008387969,1.3955260008387969,1.3955260008387969,0E-17,ELIGIBLE,R03b_20260811_FULL_v1,L1_ELIGIBILITY,v2026-08-11,2026-03-21..2026-08-06,baccarat_bet02_101_all_pairs_incl_sentinel,round_win = game_pnl > 0 (decisive only),COMPATIBILITY_ONLY_NOT_PRODUCTION,4059548.3812,3680416.6879,6656.9809,9707,9692,-0.00163983,0.01249836,-0.00525961,-0.00163983,-6656.9809,4059548.3812,OK,0.0000,266.2792,4.0000,96.0000,AG03-UNRESOLVED,ALL5_LEVELS_bet23_to_bet27,266.2792,266.2792,266.2792,0.0000,0.0000,4.000000,4.000000,4.000000,0.000000,0.000000,96.000000,96.000000,96.000000,100.000000,100.000000,5.0,798.8377,767.3102,5858.1432,5889.6706,PENDING_AG03,FALSE,NOT_FOR_ENFORCEMENT,6390.7016,3533200.0204,6656.9809,6390.7016,266.2792,0.00163983,0.00157424,266.2792,6390.7016,0.00157424,266.2792,266.2792,266.2792,0.0000,0.0000,6390.7016,0.00157424,798.8377,767.3102,5858.1432,5889.6706,0.00144305,0.00145082,0.00006559,418.2083,379.7376,0.6869,61.6387,1.8384,37588.4109,89.7407,538.3845,395.5999,218.4789,430.6076,432.5446,432.5446,1046.441,1081.3617,427.0584,0.0,2.43015,2.511246,0.971205,30,216,96,2,0.20383968,0.00163983,-0.01249836,0E-8,0.000000,0.906607,0.000000,0.01775797,2026-03-22,2026-08-06,108,3621,2443,138,0.782609,1.360932,1.287360,0.679466,,,,,,,,GLOBAL_BASELINE_NO_ENTITY_RANKING,,,NOT_APPLICABLE_GLOBAL_BASELINE,HF9g-P5,,,,X 全窗基线 · 不参与实体赏罚,14199295,1420,A168_HF9F_20260827_0900,2026-08-27 09:00:00
2026-06-10,57024343,919,0,861.2151746114,-21.5303793653,-21.5303793653,0.5000000,2,2,0.50665070000000000,0.506650700000,-0.018812684590367487,-0.018812684590367487,-0.018812684590367487,0E-17,ELIGIBLE,R03b_20260811_FULL_v1,L1_ELIGIBILITY,v2026-08-11,2026-03-21..2026-08-06,baccarat_bet02_101_all_pairs_incl_sentinel,round_win = game_pnl > 0 (decisive only),COMPATIBILITY_ONLY_NOT_PRODUCTION,4059548.3812,3680416.6879,6656.9809,9707,9692,-0.00163983,0.01249836,-0.00525961,-0.00163983,-6656.9809,4059548.3812,OK,0.0000,266.2792,4.0000,96.0000,AG03-UNRESOLVED,ALL5_LEVELS_bet23_to_bet27,266.2792,266.2792,266.2792,0.0000,0.0000,4.000000,4.000000,4.000000,0.000000,0.000000,96.000000,96.000000,96.000000,100.000000,100.000000,5.0,798.8377,767.3102,5858.1432,5889.6706,PENDING_AG03,FALSE,NOT_FOR_ENFORCEMENT,6390.7016,3533200.0204,6656.9809,6390.7016,266.2792,0.00163983,0.00157424,266.2792,6390.7016,0.00157424,266.2792,266.2792,266.2792,0.0000,0.0000,6390.7016,0.00157424,798.8377,767.3102,5858.1432,5889.6706,0.00144305,0.00145082,0.00006559,418.2083,379.7376,0.6869,61.6387,1.8384,37588.4109,89.7407,538.3845,395.5999,218.4789,430.6076,432.5446,432.5446,1046.441,1081.3617,427.0584,0.0,2.43015,2.511246,0.971205,30,216,96,2,0.20383968,0.00163983,-0.01249836,0E-8,0.000000,0.906607,0.000000,0.01775797,2026-03-22,2026-08-06,108,3621,2443,138,0.782609,1.360932,1.287360,0.679466,,,,,,,,GLOBAL_BASELINE_NO_ENTITY_RANKING,,,NOT_APPLICABLE_GLOBAL_BASELINE,HF9g-P5,,,,X 全窗基线 · 不参与实体赏罚,14199296,1420,A168_HF9F_20260827_0900,2026-08-27 09:00:00
2026-06-10,57024343,986,0,645.9113809585,613.6158119106,613.6158119106,1.0000000,2,2,0.50665070000000000,0.506650700000,1.3955260008387969,1.3955260008387969,1.3955260008387969,0E-17,ELIGIBLE,R03b_20260811_FULL_v1,L1_ELIGIBILITY,v2026-08-11,2026-03-21..2026-08-06,baccarat_bet02_101_all_pairs_incl_sentinel,round_win = game_pnl > 0 (decisive only),COMPATIBILITY_ONLY_NOT_PRODUCTION,4059548.3812,3680416.6879,6656.9809,9707,9692,-0.00163983,0.01249836,-0.00525961,-0.00163983,-6656.9809,4059548.3812,OK,0.0000,266.2792,4.0000,96.0000,AG03-UNRESOLVED,ALL5_LEVELS_bet23_to_bet27,266.2792,266.2792,266.2792,0.0000,0.0000,4.000000,4.000000,4.000000,0.000000,0.000000,96.000000,96.000000,96.000000,100.000000,100.000000,5.0,798.8377,767.3102,5858.1432,5889.6706,PENDING_AG03,FALSE,NOT_FOR_ENFORCEMENT,6390.7016,3533200.0204,6656.9809,6390.7016,266.2792,0.00163983,0.00157424,266.2792,6390.7016,0.00157424,266.2792,266.2792,266.2792,0.0000,0.0000,6390.7016,0.00157424,798.8377,767.3102,5858.1432,5889.6706,0.00144305,0.00145082,0.00006559,418.2083,379.7376,0.6869,61.6387,1.8384,37588.4109,89.7407,538.3845,395.5999,218.4789,430.6076,432.5446,432.5446,1046.441,1081.3617,427.0584,0.0,2.43015,2.511246,0.971205,30,216,96,2,0.20383968,0.00163983,-0.01249836,0E-8,0.000000,0.906607,0.000000,0.01775797,2026-03-22,2026-08-06,108,3621,2443,138,0.782609,1.360932,1.287360,0.679466,,,,,,,,GLOBAL_BASELINE_NO_ENTITY_RANKING,,,NOT_APPLICABLE_GLOBAL_BASELINE,HF9g-P5,,,,X 全窗基线 · 不参与实体赏罚,14199297,1420,A168_HF9F_20260827_0900,2026-08-27 09:00:00
2026-06-10,57024343,994,0,1291.8227619171,387.5468285751,387.5468285751,0.6666667,3,3,0.50665070000000000,0.506650700000,0.5543606114942035,0.5543606114942035,0.5543606114942035,0E-17,ELIGIBLE,R03b_20260811_FULL_v1,L1_ELIGIBILITY,v2026-08-11,2026-03-21..2026-08-06,baccarat_bet02_101_all_pairs_incl_sentinel,round_win = game_pnl > 0 (decisive only),COMPATIBILITY_ONLY_NOT_PRODUCTION,4059548.3812,3680416.6879,6656.9809,9707,9692,-0.00163983,0.01249836,-0.00525961,-0.00163983,-6656.9809,4059548.3812,OK,0.0000,266.2792,4.0000,96.0000,AG03-UNRESOLVED,ALL5_LEVELS_bet23_to_bet27,266.2792,266.2792,266.2792,0.0000,0.0000,4.000000,4.000000,4.000000,0.000000,0.000000,96.000000,96.000000,96.000000,100.000000,100.000000,5.0,798.8377,767.3102,5858.1432,5889.6706,PENDING_AG03,FALSE,NOT_FOR_ENFORCEMENT,6390.7016,3533200.0204,6656.9809,6390.7016,266.2792,0.00163983,0.00157424,266.2792,6390.7016,0.00157424,266.2792,266.2792,266.2792,0.0000,0.0000,6390.7016,0.00157424,798.8377,767.3102,5858.1432,5889.6706,0.00144305,0.00145082,0.00006559,418.2083,379.7376,0.6869,61.6387,1.8384,37588.4109,89.7407,538.3845,395.5999,218.4789,430.6076,432.5446,432.5446,1046.441,1081.3617,427.0584,0.0,2.43015,2.511246,0.971205,30,216,96,2,0.20383968,0.00163983,-0.01249836,0E-8,0.000000,0.906607,0.000000,0.01775797,2026-03-22,2026-08-06,108,3621,2443,138,0.782609,1.360932,1.287360,0.679466,,,,,,,,GLOBAL_BASELINE_NO_ENTITY_RANKING,,,NOT_APPLICABLE_GLOBAL_BASELINE,HF9g-P5,,,,X 全窗基线 · 不参与实体赏罚,14199298,1420,A168_HF9F_20260827_0900,2026-08-27 09:00:00
2026-06-11,57024343,-1,1,12057.0124445595,-1119.5797269950,-1119.5797269950,0.4615385,28,28,0.50569318571428571,0.505693185714,-0.450320793248464,-0.45032079324554725,-0.450320793248464,2.8571E-13,SENTINEL_DEALER,R03b_20260811_FULL_v1,L1_ELIGIBILITY,v2026-08-11,2026-03-21..2026-08-06,baccarat_bet02_101_all_pairs_incl_sentinel,round_win = game_pnl > 0 (decisive only),COMPATIBILITY_ONLY_NOT_PRODUCTION,4059548.3812,3680416.6879,6656.9809,9707,9692,-0.00163983,0.01249836,-0.00525961,-0.00163983,-6656.9809,4059548.3812,OK,0.0000,266.2792,4.0000,96.0000,AG03-UNRESOLVED,ALL5_LEVELS_bet23_to_bet27,266.2792,266.2792,266.2792,0.0000,0.0000,4.000000,4.000000,4.000000,0.000000,0.000000,96.000000,96.000000,96.000000,100.000000,100.000000,5.0,798.8377,767.3102,5858.1432,5889.6706,PENDING_AG03,FALSE,NOT_FOR_ENFORCEMENT,6390.7016,3533200.0204,6656.9809,6390.7016,266.2792,0.00163983,0.00157424,266.2792,6390.7016,0.00157424,266.2792,266.2792,266.2792,0.0000,0.0000,6390.7016,0.00157424,798.8377,767.3102,5858.1432,5889.6706,0.00144305,0.00145082,0.00006559,418.2083,379.7376,0.6869,61.6387,1.8384,37588.4109,89.7407,538.3845,395.5999,218.4789,430.6076,432.5446,432.5446,1046.441,1081.3617,427.0584,0.0,2.43015,2.511246,0.971205,30,216,96,2,0.20383968,0.00163983,-0.01249836,0E-8,0.000000,0.906607,0.000000,0.01775797,2026-03-22,2026-08-06,108,3621,2443,138,0.782609,1.360932,1.287360,0.679466,,,,,,,,GLOBAL_BASELINE_NO_ENTITY_RANKING,,,NOT_APPLICABLE_GLOBAL_BASELINE,HF9g-P5,,,,X 全窗基线 · 不参与实体赏罚,14199299,1420,A168_HF9F_20260827_0900,2026-08-27 09:00:00
2026-06-11,57024343,1157,0,430.6075873057,-430.6075873057,-430.6075873057,0E-7,1,1,0.50665070000000000,0.506650700000,-1.013391052207602,-1.013391052207602,-1.013391052207602,0E-17,ELIGIBLE,R03b_20260811_FULL_v1,L1_ELIGIBILITY,v2026-08-11,2026-03-21..2026-08-06,baccarat_bet02_101_all_pairs_incl_sentinel,round_win = game_pnl > 0 (decisive only),COMPATIBILITY_ONLY_NOT_PRODUCTION,4059548.3812,3680416.6879,6656.9809,9707,9692,-0.00163983,0.01249836,-0.00525961,-0.00163983,-6656.9809,4059548.3812,OK,0.0000,266.2792,4.0000,96.0000,AG03-UNRESOLVED,ALL5_LEVELS_bet23_to_bet27,266.2792,266.2792,266.2792,0.0000,0.0000,4.000000,4.000000,4.000000,0.000000,0.000000,96.000000,96.000000,96.000000,100.000000,100.000000,5.0,798.8377,767.3102,5858.1432,5889.6706,PENDING_AG03,FALSE,NOT_FOR_ENFORCEMENT,6390.7016,3533200.0204,6656.9809,6390.7016,266.2792,0.00163983,0.00157424,266.2792,6390.7016,0.00157424,266.2792,266.2792,266.2792,0.0000,0.0000,6390.7016,0.00157424,798.8377,767.3102,5858.1432,5889.6706,0.00144305,0.00145082,0.00006559,418.2083,379.7376,0.6869,61.6387,1.8384,37588.4109,89.7407,538.3845,395.5999,218.4789,430.6076,432.5446,432.5446,1046.441,1081.3617,427.0584,0.0,2.43015,2.511246,0.971205,30,216,96,2,0.20383968,0.00163983,-0.01249836,0E-8,0.000000,0.906607,0.000000,0.01775797,2026-03-22,2026-08-06,108,3621,2443,138,0.782609,1.360932,1.287360,0.679466,,,,,,,,GLOBAL_BASELINE_NO_ENTITY_RANKING,,,NOT_APPLICABLE_GLOBAL_BASELINE,HF9g-P5,,,,X 全窗基线 · 不参与实体赏罚,14199300,1420,A168_HF9F_20260827_0900,2026-08-27 09:00:00
2026-06-11,57024343,1323,0,1076.5189682642,-236.8341730181,-236.8341730181,0.3333333,3,3,0.50665070000000000,0.506650700000,-0.6004420894325239,-0.6004420894325239,-0.6004420894325239,0E-17,ELIGIBLE,R03b_20260811_FULL_v1,L1_ELIGIBILITY,v2026-08-11,2026-03-21..2026-08-06,baccarat_bet02_101_all_pairs_incl_sentinel,round_win = game_pnl > 0 (decisive only),COMPATIBILITY_ONLY_NOT_PRODUCTION,4059548.3812,3680416.6879,6656.9809,9707,9692,-0.00163983,0.01249836,-0.00525961,-0.00163983,-6656.9809,4059548.3812,OK,0.0000,266.2792,4.0000,96.0000,AG03-UNRESOLVED,ALL5_LEVELS_bet23_to_bet27,266.2792,266.2792,266.2792,0.0000,0.0000,4.000000,4.000000,4.000000,0.000000,0.000000,96.000000,96.000000,96.000000,100.000000,100.000000,5.0,798.8377,767.3102,5858.1432,5889.6706,PENDING_AG03,FALSE,NOT_FOR_ENFORCEMENT,6390.7016,3533200.0204,6656.9809,6390.7016,266.2792,0.00163983,0.00157424,266.2792,6390.7016,0.00157424,266.2792,266.2792,266.2792,0.0000,0.0000,6390.7016,0.00157424,798.8377,767.3102,5858.1432,5889.6706,0.00144305,0.00145082,0.00006559,418.2083,379.7376,0.6869,61.6387,1.8384,37588.4109,89.7407,538.3845,395.5999,218.4789,430.6076,432.5446,432.5446,1046.441,1081.3617,427.0584,0.0,2.43015,2.511246,0.971205,30,216,96,2,0.20383968,0.00163983,-0.01249836,0E-8,0.000000,0.906607,0.000000,0.01775797,2026-03-22,2026-08-06,108,3621,2443,138,0.782609,1.360932,1.287360,0.679466,,,,,,,,GLOBAL_BASELINE_NO_ENTITY_RANKING,,,NOT_APPLICABLE_GLOBAL_BASELINE,HF9g-P5,,,,X 全窗基线 · 不参与实体赏罚,14199301,1420,A168_HF9F_20260827_0900,2026-08-27 09:00:00
2026-06-11,57024343,1402,0,1722.4303492228,1227.2316238212,1227.2316238212,1.0000000,4,4,0.50665070000000000,0.506650700000,1.7091633124209307,1.7091633124209307,1.7091633124209307,0E-17,ELIGIBLE,R03b_20260811_FULL_v1,L1_ELIGIBILITY,v2026-08-11,2026-03-21..2026-08-06,baccarat_bet02_101_all_pairs_incl_sentinel,round_win = game_pnl > 0 (decisive only),COMPATIBILITY_ONLY_NOT_PRODUCTION,4059548.3812,3680416.6879,6656.9809,9707,9692,-0.00163983,0.01249836,-0.00525961,-0.00163983,-6656.9809,4059548.3812,OK,0.0000,266.2792,4.0000,96.0000,AG03-UNRESOLVED,ALL5_LEVELS_bet23_to_bet27,266.2792,266.2792,266.2792,0.0000,0.0000,4.000000,4.000000,4.000000,0.000000,0.000000,96.000000,96.000000,96.000000,100.000000,100.000000,5.0,798.8377,767.3102,5858.1432,5889.6706,PENDING_AG03,FALSE,NOT_FOR_ENFORCEMENT,6390.7016,3533200.0204,6656.9809,6390.7016,266.2792,0.00163983,0.00157424,266.2792,6390.7016,0.00157424,266.2792,266.2792,266.2792,0.0000,0.0000,6390.7016,0.00157424,798.8377,767.3102,5858.1432,5889.6706,0.00144305,0.00145082,0.00006559,418.2083,379.7376,0.6869,61.6387,1.8384,37588.4109,89.7407,538.3845,395.5999,218.4789,430.6076,432.5446,432.5446,1046.441,1081.3617,427.0584,0.0,2.43015,2.511246,0.971205,30,216,96,2,0.20383968,0.00163983,-0.01249836,0E-8,0.000000,0.906607,0.000000,0.01775797,2026-03-22,2026-08-06,108,3621,2443,138,0.782609,1.360932,1.287360,0.679466,,,,,,,,GLOBAL_BASELINE_NO_ENTITY_RANKING,,,NOT_APPLICABLE_GLOBAL_BASELINE,HF9g-P5,,,,X 全窗基线 · 不参与实体赏罚,14199302,1420,A168_HF9F_20260827_0900,2026-08-27 09:00:00
2026-06-11,57024343,1405,0,430.6075873057,-430.6075873057,-430.6075873057,0E-7,1,1,0.50665070000000000,0.506650700000,-1.013391052207602,-1.013391052207602,-1.013391052207602,0E-17,ELIGIBLE,R03b_20260811_FULL_v1,L1_ELIGIBILITY,v2026-08-11,2026-03-21..2026-08-06,baccarat_bet02_101_all_pairs_incl_sentinel,round_win = game_pnl > 0 (decisive only),COMPATIBILITY_ONLY_NOT_PRODUCTION,4059548.3812,3680416.6879,6656.9809,9707,9692,-0.00163983,0.01249836,-0.00525961,-0.00163983,-6656.9809,4059548.3812,OK,0.0000,266.2792,4.0000,96.0000,AG03-UNRESOLVED,ALL5_LEVELS_bet23_to_bet27,266.2792,266.2792,266.2792,0.0000,0.0000,4.000000,4.000000,4.000000,0.000000,0.000000,96.000000,96.000000,96.000000,100.000000,100.000000,5.0,798.8377,767.3102,5858.1432,5889.6706,PENDING_AG03,FALSE,NOT_FOR_ENFORCEMENT,6390.7016,3533200.0204,6656.9809,6390.7016,266.2792,0.00163983,0.00157424,266.2792,6390.7016,0.00157424,266.2792,266.2792,266.2792,0.0000,0.0000,6390.7016,0.00157424,798.8377,767.3102,5858.1432,5889.6706,0.00144305,0.00145082,0.00006559,418.2083,379.7376,0.6869,61.6387,1.8384,37588.4109,89.7407,538.3845,395.5999,218.4789,430.6076,432.5446,432.5446,1046.441,1081.3617,427.0584,0.0,2.43015,2.511246,0.971205,30,216,96,2,0.20383968,0.00163983,-0.01249836,0E-8,0.000000,0.906607,0.000000,0.01775797,2026-03-22,2026-08-06,108,3621,2443,138,0.782609,1.360932,1.287360,0.679466,,,,,,,,GLOBAL_BASELINE_NO_ENTITY_RANKING,,,NOT_APPLICABLE_GLOBAL_BASELINE,HF9g-P5,,,,X 全窗基线 · 不参与实体赏罚,14199303,1420,A168_HF9F_20260827_0900,2026-08-27 09:00:00
2026-06-11,57024343,1485,0,1076.5189682642,-21.5303793653,-21.5303793653,0.5000000,3,3,0.50665070000000000,0.506650700000,-0.018812684590367487,-0.018812684590367487,-0.018812684590367487,0E-17,ELIGIBLE,R03b_20260811_FULL_v1,L1_ELIGIBILITY,v2026-08-11,2026-03-21..2026-08-06,baccarat_bet02_101_all_pairs_incl_sentinel,round_win = game_pnl > 0 (decisive only),COMPATIBILITY_ONLY_NOT_PRODUCTION,4059548.3812,3680416.6879,6656.9809,9707,9692,-0.00163983,0.01249836,-0.00525961,-0.00163983,-6656.9809,4059548.3812,OK,0.0000,266.2792,4.0000,96.0000,AG03-UNRESOLVED,ALL5_LEVELS_bet23_to_bet27,266.2792,266.2792,266.2792,0.0000,0.0000,4.000000,4.000000,4.000000,0.000000,0.000000,96.000000,96.000000,96.000000,100.000000,100.000000,5.0,798.8377,767.3102,5858.1432,5889.6706,PENDING_AG03,FALSE,NOT_FOR_ENFORCEMENT,6390.7016,3533200.0204,6656.9809,6390.7016,266.2792,0.00163983,0.00157424,266.2792,6390.7016,0.00157424,266.2792,266.2792,266.2792,0.0000,0.0000,6390.7016,0.00157424,798.8377,767.3102,5858.1432,5889.6706,0.00144305,0.00145082,0.00006559,418.2083,379.7376,0.6869,61.6387,1.8384,37588.4109,89.7407,538.3845,395.5999,218.4789,430.6076,432.5446,432.5446,1046.441,1081.3617,427.0584,0.0,2.43015,2.511246,0.971205,30,216,96,2,0.20383968,0.00163983,-0.01249836,0E-8,0.000000,0.906607,0.000000,0.01775797,2026-03-22,2026-08-06,108,3621,2443,138,0.782609,1.360932,1.287360,0.679466,,,,,,,,GLOBAL_BASELINE_NO_ENTITY_RANKING,,,NOT_APPLICABLE_GLOBAL_BASELINE,HF9g-P5,,,,X 全窗基线 · 不参与实体赏罚,14199304,1420,A168_HF9F_20260827_0900,2026-08-27 09:00:00
2026-06-11,57024343,1507,0,2153.0379365285,-473.6683460363,-473.6683460363,0.4000000,5,5,0.50665070000000000,0.506650700000,-0.4769986289884125,-0.4769986289884125,-0.4769986289884125,0E-17,ELIGIBLE,R03b_20260811_FULL_v1,L1_ELIGIBILITY,v2026-08-11,2026-03-21..2026-08-06,baccarat_bet02_101_all_pairs_incl_sentinel,round_win = game_pnl > 0 (decisive only),COMPATIBILITY_ONLY_NOT_PRODUCTION,4059548.3812,3680416.6879,6656.9809,9707,9692,-0.00163983,0.01249836,-0.00525961,-0.00163983,-6656.9809,4059548.3812,OK,0.0000,266.2792,4.0000,96.0000,AG03-UNRESOLVED,ALL5_LEVELS_bet23_to_bet27,266.2792,266.2792,266.2792,0.0000,0.0000,4.000000,4.000000,4.000000,0.000000,0.000000,96.000000,96.000000,96.000000,100.000000,100.000000,5.0,798.8377,767.3102,5858.1432,5889.6706,PENDING_AG03,FALSE,NOT_FOR_ENFORCEMENT,6390.7016,3533200.0204,6656.9809,6390.7016,266.2792,0.00163983,0.00157424,266.2792,6390.7016,0.00157424,266.2792,266.2792,266.2792,0.0000,0.0000,6390.7016,0.00157424,798.8377,767.3102,5858.1432,5889.6706,0.00144305,0.00145082,0.00006559,418.2083,379.7376,0.6869,61.6387,1.8384,37588.4109,89.7407,538.3845,395.5999,218.4789,430.6076,432.5446,432.5446,1046.441,1081.3617,427.0584,0.0,2.43015,2.511246,0.971205,30,216,96,2,0.20383968,0.00163983,-0.01249836,0E-8,0.000000,0.906607,0.000000,0.01775797,2026-03-22,2026-08-06,108,3621,2443,138,0.782609,1.360932,1.287360,0.679466,,,,,,,,GLOBAL_BASELINE_NO_ENTITY_RANKING,,,NOT_APPLICABLE_GLOBAL_BASELINE,HF9g-P5,,,,X 全窗基线 · 不参与实体赏罚,14199305,1420,A168_HF9F_20260827_0900,2026-08-27 09:00:00
2026-06-11,57024343,1646,0,861.2151746114,-21.5303793653,-21.5303793653,0.5000000,2,2,0.50665070000000000,0.506650700000,-0.018812684590367487,-0.018812684590367487,-0.018812684590367487,0E-17,ELIGIBLE,R03b_20260811_FULL_v1,L1_ELIGIBILITY,v2026-08-11,2026-03-21..2026-08-06,baccarat_bet02_101_all_pairs_incl_sentinel,round_win = game_pnl > 0 (decisive only),COMPATIBILITY_ONLY_NOT_PRODUCTION,4059548.3812,3680416.6879,6656.9809,9707,9692,-0.00163983,0.01249836,-0.00525961,-0.00163983,-6656.9809,4059548.3812,OK,0.0000,266.2792,4.0000,96.0000,AG03-UNRESOLVED,ALL5_LEVELS_bet23_to_bet27,266.2792,266.2792,266.2792,0.0000,0.0000,4.000000,4.000000,4.000000,0.000000,0.000000,96.000000,96.000000,96.000000,100.000000,100.000000,5.0,798.8377,767.3102,5858.1432,5889.6706,PENDING_AG03,FALSE,NOT_FOR_ENFORCEMENT,6390.7016,3533200.0204,6656.9809,6390.7016,266.2792,0.00163983,0.00157424,266.2792,6390.7016,0.00157424,266.2792,266.2792,266.2792,0.0000,0.0000,6390.7016,0.00157424,798.8377,767.3102,5858.1432,5889.6706,0.00144305,0.00145082,0.00006559,418.2083,379.7376,0.6869,61.6387,1.8384,37588.4109,89.7407,538.3845,395.5999,218.4789,430.6076,432.5446,432.5446,1046.441,1081.3617,427.0584,0.0,2.43015,2.511246,0.971205,30,216,96,2,0.20383968,0.00163983,-0.01249836,0E-8,0.000000,0.906607,0.000000,0.01775797,2026-03-22,2026-08-06,108,3621,2443,138,0.782609,1.360932,1.287360,0.679466,,,,,,,,GLOBAL_BASELINE_NO_ENTITY_RANKING,,,NOT_APPLICABLE_GLOBAL_BASELINE,HF9g-P5,,,,X 全窗基线 · 不参与实体赏罚,14199306,1420,A168_HF9F_20260827_0900,2026-08-27 09:00:00
2026-06-11,57024343,1704,0,1291.8227619171,387.5468285751,387.5468285751,0.6666667,3,3,0.50665070000000000,0.506650700000,0.5543606114942035,0.5543606114942035,0.5543606114942035,0E-17,ELIGIBLE,R03b_20260811_FULL_v1,L1_ELIGIBILITY,v2026-08-11,2026-03-21..2026-08-06,baccarat_bet02_101_all_pairs_incl_sentinel,round_win = game_pnl > 0 (decisive only),COMPATIBILITY_ONLY_NOT_PRODUCTION,4059548.3812,3680416.6879,6656.9809,9707,9692,-0.00163983,0.01249836,-0.00525961,-0.00163983,-6656.9809,4059548.3812,OK,0.0000,266.2792,4.0000,96.0000,AG03-UNRESOLVED,ALL5_LEVELS_bet23_to_bet27,266.2792,266.2792,266.2792,0.0000,0.0000,4.000000,4.000000,4.000000,0.000000,0.000000,96.000000,96.000000,96.000000,100.000000,100.000000,5.0,798.8377,767.3102,5858.1432,5889.6706,PENDING_AG03,FALSE,NOT_FOR_ENFORCEMENT,6390.7016,3533200.0204,6656.9809,6390.7016,266.2792,0.00163983,0.00157424,266.2792,6390.7016,0.00157424,266.2792,266.2792,266.2792,0.0000,0.0000,6390.7016,0.00157424,798.8377,767.3102,5858.1432,5889.6706,0.00144305,0.00145082,0.00006559,418.2083,379.7376,0.6869,61.6387,1.8384,37588.4109,89.7407,538.3845,395.5999,218.4789,430.6076,432.5446,432.5446,1046.441,1081.3617,427.0584,0.0,2.43015,2.511246,0.971205,30,216,96,2,0.20383968,0.00163983,-0.01249836,0E-8,0.000000,0.906607,0.000000,0.01775797,2026-03-22,2026-08-06,108,3621,2443,138,0.782609,1.360932,1.287360,0.679466,,,,,,,,GLOBAL_BASELINE_NO_ENTITY_RANKING,,,NOT_APPLICABLE_GLOBAL_BASELINE,HF9g-P5,,,,X 全窗基线 · 不参与实体赏罚,14199307,1420,A168_HF9F_20260827_0900,2026-08-27 09:00:00
2026-06-11,57024343,1985,0,861.2151746114,409.0772079404,409.0772079404,1.0000000,2,2,0.50665070000000000,0.506650700000,0.9867858985152569,0.9867858985152569,0.9867858985152569,0E-17,ELIGIBLE,R03b_20260811_FULL_v1,L1_ELIGIBILITY,v2026-08-11,2026-03-21..2026-08-06,baccarat_bet02_101_all_pairs_incl_sentinel,round_win = game_pnl > 0 (decisive only),COMPATIBILITY_ONLY_NOT_PRODUCTION,4059548.3812,3680416.6879,6656.9809,9707,9692,-0.00163983,0.01249836,-0.00525961,-0.00163983,-6656.9809,4059548.3812,OK,0.0000,266.2792,4.0000,96.0000,AG03-UNRESOLVED,ALL5_LEVELS_bet23_to_bet27,266.2792,266.2792,266.2792,0.0000,0.0000,4.000000,4.000000,4.000000,0.000000,0.000000,96.000000,96.000000,96.000000,100.000000,100.000000,5.0,798.8377,767.3102,5858.1432,5889.6706,PENDING_AG03,FALSE,NOT_FOR_ENFORCEMENT,6390.7016,3533200.0204,6656.9809,6390.7016,266.2792,0.00163983,0.00157424,266.2792,6390.7016,0.00157424,266.2792,266.2792,266.2792,0.0000,0.0000,6390.7016,0.00157424,798.8377,767.3102,5858.1432,5889.6706,0.00144305,0.00145082,0.00006559,418.2083,379.7376,0.6869,61.6387,1.8384,37588.4109,89.7407,538.3845,395.5999,218.4789,430.6076,432.5446,432.5446,1046.441,1081.3617,427.0584,0.0,2.43015,2.511246,0.971205,30,216,96,2,0.20383968,0.00163983,-0.01249836,0E-8,0.000000,0.906607,0.000000,0.01775797,2026-03-22,2026-08-06,108,3621,2443,138,0.782609,1.360932,1.287360,0.679466,,,,,,,,GLOBAL_BASELINE_NO_ENTITY_RANKING,,,NOT_APPLICABLE_GLOBAL_BASELINE,HF9g-P5,,,,X 全窗基线 · 不参与实体赏罚,14199308,1420,A168_HF9F_20260827_0900,2026-08-27 09:00:00
2026-06-11,57024343,2088,0,1291.8227619171,-452.1379666710,-452.1379666710,0.3333333,3,3,0.50218230000000000,0.502182300000,-0.5849155494134425,-0.5849155494134426,-0.5849155494134425,0E-17,ELIGIBLE,R03b_20260811_FULL_v1,L1_ELIGIBILITY,v2026-08-11,2026-03-21..2026-08-06,baccarat_bet02_101_all_pairs_incl_sentinel,round_win = game_pnl > 0 (decisive only),COMPATIBILITY_ONLY_NOT_PRODUCTION,4059548.3812,3680416.6879,6656.9809,9707,9692,-0.00163983,0.01249836,-0.00525961,-0.00163983,-6656.9809,4059548.3812,OK,0.0000,266.2792,4.0000,96.0000,AG03-UNRESOLVED,ALL5_LEVELS_bet23_to_bet27,266.2792,266.2792,266.2792,0.0000,0.0000,4.000000,4.000000,4.000000,0.000000,0.000000,96.000000,96.000000,96.000000,100.000000,100.000000,5.0,798.8377,767.3102,5858.1432,5889.6706,PENDING_AG03,FALSE,NOT_FOR_ENFORCEMENT,6390.7016,3533200.0204,6656.9809,6390.7016,266.2792,0.00163983,0.00157424,266.2792,6390.7016,0.00157424,266.2792,266.2792,266.2792,0.0000,0.0000,6390.7016,0.00157424,798.8377,767.3102,5858.1432,5889.6706,0.00144305,0.00145082,0.00006559,418.2083,379.7376,0.6869,61.6387,1.8384,37588.4109,89.7407,538.3845,395.5999,218.4789,430.6076,432.5446,432.5446,1046.441,1081.3617,427.0584,0.0,2.43015,2.511246,0.971205,30,216,96,2,0.20383968,0.00163983,-0.01249836,0E-8,0.000000,0.906607,0.000000,0.01775797,2026-03-22,2026-08-06,108,3621,2443,138,0.782609,1.360932,1.287360,0.679466,,,,,,,,GLOBAL_BASELINE_NO_ENTITY_RANKING,,,NOT_APPLICABLE_GLOBAL_BASELINE,HF9g-P5,,,,X 全窗基线 · 不参与实体赏罚,14199309,1420,A168_HF9F_20260827_0900,2026-08-27 09:00:00
2026-06-11,57024343,2103,0,1291.8227619171,-430.6075873057,-430.6075873057,0.3333333,3,3,0.50218230000000000,0.502182300000,-0.5849155494134425,-0.5849155494134426,-0.5849155494134425,0E-17,ELIGIBLE,R03b_20260811_FULL_v1,L1_ELIGIBILITY,v2026-08-11,2026-03-21..2026-08-06,baccarat_bet02_101_all_pairs_incl_sentinel,round_win = game_pnl > 0 (decisive only),COMPATIBILITY_ONLY_NOT_PRODUCTION,4059548.3812,3680416.6879,6656.9809,9707,9692,-0.00163983,0.01249836,-0.00525961,-0.00163983,-6656.9809,4059548.3812,OK,0.0000,266.2792,4.0000,96.0000,AG03-UNRESOLVED,ALL5_LEVELS_bet23_to_bet27,266.2792,266.2792,266.2792,0.0000,0.0000,4.000000,4.000000,4.000000,0.000000,0.000000,96.000000,96.000000,96.000000,100.000000,100.000000,5.0,798.8377,767.3102,5858.1432,5889.6706,PENDING_AG03,FALSE,NOT_FOR_ENFORCEMENT,6390.7016,3533200.0204,6656.9809,6390.7016,266.2792,0.00163983,0.00157424,266.2792,6390.7016,0.00157424,266.2792,266.2792,266.2792,0.0000,0.0000,6390.7016,0.00157424,798.8377,767.3102,5858.1432,5889.6706,0.00144305,0.00145082,0.00006559,418.2083,379.7376,0.6869,61.6387,1.8384,37588.4109,89.7407,538.3845,395.5999,218.4789,430.6076,432.5446,432.5446,1046.441,1081.3617,427.0584,0.0,2.43015,2.511246,0.971205,30,216,96,2,0.20383968,0.00163983,-0.01249836,0E-8,0.000000,0.906607,0.000000,0.01775797,2026-03-22,2026-08-06,108,3621,2443,138,0.782609,1.360932,1.287360,0.679466,,,,,,,,GLOBAL_BASELINE_NO_ENTITY_RANKING,,,NOT_APPLICABLE_GLOBAL_BASELINE,HF9g-P5,,,,X 全窗基线 · 不参与实体赏罚,14199310,1420,A168_HF9F_20260827_0900,2026-08-27 09:00:00
2026-06-11,57024343,2152,0,1722.4303492228,409.0772079404,409.0772079404,0.6666667,4,4,0.49994810000000000,0.499948100000,0.5775300591747329,0.5775300591747329,0.5775300591747329,0E-17,ELIGIBLE,R03b_20260811_FULL_v1,L1_ELIGIBILITY,v2026-08-11,2026-03-21..2026-08-06,baccarat_bet02_101_all_pairs_incl_sentinel,round_win = game_pnl > 0 (decisive only),COMPATIBILITY_ONLY_NOT_PRODUCTION,4059548.3812,3680416.6879,6656.9809,9707,9692,-0.00163983,0.01249836,-0.00525961,-0.00163983,-6656.9809,4059548.3812,OK,0.0000,266.2792,4.0000,96.0000,AG03-UNRESOLVED,ALL5_LEVELS_bet23_to_bet27,266.2792,266.2792,266.2792,0.0000,0.0000,4.000000,4.000000,4.000000,0.000000,0.000000,96.000000,96.000000,96.000000,100.000000,100.000000,5.0,798.8377,767.3102,5858.1432,5889.6706,PENDING_AG03,FALSE,NOT_FOR_ENFORCEMENT,6390.7016,3533200.0204,6656.9809,6390.7016,266.2792,0.00163983,0.00157424,266.2792,6390.7016,0.00157424,266.2792,266.2792,266.2792,0.0000,0.0000,6390.7016,0.00157424,798.8377,767.3102,5858.1432,5889.6706,0.00144305,0.00145082,0.00006559,418.2083,379.7376,0.6869,61.6387,1.8384,37588.4109,89.7407,538.3845,395.5999,218.4789,430.6076,432.5446,432.5446,1046.441,1081.3617,427.0584,0.0,2.43015,2.511246,0.971205,30,216,96,2,0.20383968,0.00163983,-0.01249836,0E-8,0.000000,0.906607,0.000000,0.01775797,2026-03-22,2026-08-06,108,3621,2443,138,0.782609,1.360932,1.287360,0.679466,,,,,,,,GLOBAL_BASELINE_NO_ENTITY_RANKING,,,NOT_APPLICABLE_GLOBAL_BASELINE,HF9g-P5,,,,X 全窗基线 · 不参与实体赏罚,14199311,1420,A168_HF9F_20260827_0900,2026-08-27 09:00:00
2026-06-11,57024343,2155,0,1076.5189682642,-21.5303793653,-21.5303793653,0.5000000,3,3,0.50665070000000000,0.506650700000,-0.018812684590367487,-0.018812684590367487,-0.018812684590367487,0E-17,ELIGIBLE,R03b_20260811_FULL_v1,L1_ELIGIBILITY,v2026-08-11,2026-03-21..2026-08-06,baccarat_bet02_101_all_pairs_incl_sentinel,round_win = game_pnl > 0 (decisive only),COMPATIBILITY_ONLY_NOT_PRODUCTION,4059548.3812,3680416.6879,6656.9809,9707,9692,-0.00163983,0.01249836,-0.00525961,-0.00163983,-6656.9809,4059548.3812,OK,0.0000,266.2792,4.0000,96.0000,AG03-UNRESOLVED,ALL5_LEVELS_bet23_to_bet27,266.2792,266.2792,266.2792,0.0000,0.0000,4.000000,4.000000,4.000000,0.000000,0.000000,96.000000,96.000000,96.000000,100.000000,100.000000,5.0,798.8377,767.3102,5858.1432,5889.6706,PENDING_AG03,FALSE,NOT_FOR_ENFORCEMENT,6390.7016,3533200.0204,6656.9809,6390.7016,266.2792,0.00163983,0.00157424,266.2792,6390.7016,0.00157424,266.2792,266.2792,266.2792,0.0000,0.0000,6390.7016,0.00157424,798.8377,767.3102,5858.1432,5889.6706,0.00144305,0.00145082,0.00006559,418.2083,379.7376,0.6869,61.6387,1.8384,37588.4109,89.7407,538.3845,395.5999,218.4789,430.6076,432.5446,432.5446,1046.441,1081.3617,427.0584,0.0,2.43015,2.511246,0.971205,30,216,96,2,0.20383968,0.00163983,-0.01249836,0E-8,0.000000,0.906607,0.000000,0.01775797,2026-03-22,2026-08-06,108,3621,2443,138,0.782609,1.360932,1.287360,0.679466,,,,,,,,GLOBAL_BASELINE_NO_ENTITY_RANKING,,,NOT_APPLICABLE_GLOBAL_BASELINE,HF9g-P5,,,,X 全窗基线 · 不参与实体赏罚,14199312,1420,A168_HF9F_20260827_0900,2026-08-27 09:00:00
2026-06-11,57024343,2171,0,3660.1644920984,549.0246738147,549.0246738147,0.5714286,8,8,0.50665070000000000,0.506650700000,0.34280260342128577,0.34280260342128577,0.34280260342128577,0E-17,ELIGIBLE,R03b_20260811_FULL_v1,L1_ELIGIBILITY,v2026-08-11,2026-03-21..2026-08-06,baccarat_bet02_101_all_pairs_incl_sentinel,round_win = game_pnl > 0 (decisive only),COMPATIBILITY_ONLY_NOT_PRODUCTION,4059548.3812,3680416.6879,6656.9809,9707,9692,-0.00163983,0.01249836,-0.00525961,-0.00163983,-6656.9809,4059548.3812,OK,0.0000,266.2792,4.0000,96.0000,AG03-UNRESOLVED,ALL5_LEVELS_bet23_to_bet27,266.2792,266.2792,266.2792,0.0000,0.0000,4.000000,4.000000,4.000000,0.000000,0.000000,96.000000,96.000000,96.000000,100.000000,100.000000,5.0,798.8377,767.3102,5858.1432,5889.6706,PENDING_AG03,FALSE,NOT_FOR_ENFORCEMENT,6390.7016,3533200.0204,6656.9809,6390.7016,266.2792,0.00163983,0.00157424,266.2792,6390.7016,0.00157424,266.2792,266.2792,266.2792,0.0000,0.0000,6390.7016,0.00157424,798.8377,767.3102,5858.1432,5889.6706,0.00144305,0.00145082,0.00006559,418.2083,379.7376,0.6869,61.6387,1.8384,37588.4109,89.7407,538.3845,395.5999,218.4789,430.6076,432.5446,432.5446,1046.441,1081.3617,427.0584,0.0,2.43015,2.511246,0.971205,30,216,96,2,0.20383968,0.00163983,-0.01249836,0E-8,0.000000,0.906607,0.000000,0.01775797,2026-03-22,2026-08-06,108,3621,2443,138,0.782609,1.360932,1.287360,0.679466,,,,,,,,GLOBAL_BASELINE_NO_ENTITY_RANKING,,,NOT_APPLICABLE_GLOBAL_BASELINE,HF9g-P5,,,,X 全窗基线 · 不参与实体赏罚,14199313,1420,A168_HF9F_20260827_0900,2026-08-27 09:00:00
2026-06-11,57024343,2201,0,1291.8227619171,387.5468285751,387.5468285751,0.6666667,3,3,0.50665070000000000,0.506650700000,0.5543606114942035,0.5543606114942035,0.5543606114942035,0E-17,ELIGIBLE,R03b_20260811_FULL_v1,L1_ELIGIBILITY,v2026-08-11,2026-03-21..2026-08-06,baccarat_bet02_101_all_pairs_incl_sentinel,round_win = game_pnl > 0 (decisive only),COMPATIBILITY_ONLY_NOT_PRODUCTION,4059548.3812,3680416.6879,6656.9809,9707,9692,-0.00163983,0.01249836,-0.00525961,-0.00163983,-6656.9809,4059548.3812,OK,0.0000,266.2792,4.0000,96.0000,AG03-UNRESOLVED,ALL5_LEVELS_bet23_to_bet27,266.2792,266.2792,266.2792,0.0000,0.0000,4.000000,4.000000,4.000000,0.000000,0.000000,96.000000,96.000000,96.000000,100.000000,100.000000,5.0,798.8377,767.3102,5858.1432,5889.6706,PENDING_AG03,FALSE,NOT_FOR_ENFORCEMENT,6390.7016,3533200.0204,6656.9809,6390.7016,266.2792,0.00163983,0.00157424,266.2792,6390.7016,0.00157424,266.2792,266.2792,266.2792,0.0000,0.0000,6390.7016,0.00157424,798.8377,767.3102,5858.1432,5889.6706,0.00144305,0.00145082,0.00006559,418.2083,379.7376,0.6869,61.6387,1.8384,37588.4109,89.7407,538.3845,395.5999,218.4789,430.6076,432.5446,432.5446,1046.441,1081.3617,427.0584,0.0,2.43015,2.511246,0.971205,30,216,96,2,0.20383968,0.00163983,-0.01249836,0E-8,0.000000,0.906607,0.000000,0.01775797,2026-03-22,2026-08-06,108,3621,2443,138,0.782609,1.360932,1.287360,0.679466,,,,,,,,GLOBAL_BASELINE_NO_ENTITY_RANKING,,,NOT_APPLICABLE_GLOBAL_BASELINE,HF9g-P5,,,,X 全窗基线 · 不参与实体赏罚,14199314,1420,A168_HF9F_20260827_0900,2026-08-27 09:00:00
2026-06-11,57024343,2205,0,645.9113809585,193.7734142876,193.7734142876,0.5000000,2,2,0.49994810000000000,0.499948100000,0.00014679536856514622,0.00014679536856514622,0.00014679536856514622,0E-17,ELIGIBLE,R03b_20260811_FULL_v1,L1_ELIGIBILITY,v2026-08-11,2026-03-21..2026-08-06,baccarat_bet02_101_all_pairs_incl_sentinel,round_win = game_pnl > 0 (decisive only),COMPATIBILITY_ONLY_NOT_PRODUCTION,4059548.3812,3680416.6879,6656.9809,9707,9692,-0.00163983,0.01249836,-0.00525961,-0.00163983,-6656.9809,4059548.3812,OK,0.0000,266.2792,4.0000,96.0000,AG03-UNRESOLVED,ALL5_LEVELS_bet23_to_bet27,266.2792,266.2792,266.2792,0.0000,0.0000,4.000000,4.000000,4.000000,0.000000,0.000000,96.000000,96.000000,96.000000,100.000000,100.000000,5.0,798.8377,767.3102,5858.1432,5889.6706,PENDING_AG03,FALSE,NOT_FOR_ENFORCEMENT,6390.7016,3533200.0204,6656.9809,6390.7016,266.2792,0.00163983,0.00157424,266.2792,6390.7016,0.00157424,266.2792,266.2792,266.2792,0.0000,0.0000,6390.7016,0.00157424,798.8377,767.3102,5858.1432,5889.6706,0.00144305,0.00145082,0.00006559,418.2083,379.7376,0.6869,61.6387,1.8384,37588.4109,89.7407,538.3845,395.5999,218.4789,430.6076,432.5446,432.5446,1046.441,1081.3617,427.0584,0.0,2.43015,2.511246,0.971205,30,216,96,2,0.20383968,0.00163983,-0.01249836,0E-8,0.000000,0.906607,0.000000,0.01775797,2026-03-22,2026-08-06,108,3621,2443,138,0.782609,1.360932,1.287360,0.679466,,,,,,,,GLOBAL_BASELINE_NO_ENTITY_RANKING,,,NOT_APPLICABLE_GLOBAL_BASELINE,HF9g-P5,,,,X 全窗基线 · 不参与实体赏罚,14199315,1420,A168_HF9F_20260827_0900,2026-08-27 09:00:00
2026-06-11,57024343,2212,0,1937.7341428756,161.4778452396,161.4778452396,0.5000000,4,4,0.50665070000000000,0.506650700000,-0.02660515369234503,-0.02660515369234503,-0.02660515369234503,0E-17,ELIGIBLE,R03b_20260811_FULL_v1,L1_ELIGIBILITY,v2026-08-11,2026-03-21..2026-08-06,baccarat_bet02_101_all_pairs_incl_sentinel,round_win = game_pnl > 0 (decisive only),COMPATIBILITY_ONLY_NOT_PRODUCTION,4059548.3812,3680416.6879,6656.9809,9707,9692,-0.00163983,0.01249836,-0.00525961,-0.00163983,-6656.9809,4059548.3812,OK,0.0000,266.2792,4.0000,96.0000,AG03-UNRESOLVED,ALL5_LEVELS_bet23_to_bet27,266.2792,266.2792,266.2792,0.0000,0.0000,4.000000,4.000000,4.000000,0.000000,0.000000,96.000000,96.000000,96.000000,100.000000,100.000000,5.0,798.8377,767.3102,5858.1432,5889.6706,PENDING_AG03,FALSE,NOT_FOR_ENFORCEMENT,6390.7016,3533200.0204,6656.9809,6390.7016,266.2792,0.00163983,0.00157424,266.2792,6390.7016,0.00157424,266.2792,266.2792,266.2792,0.0000,0.0000,6390.7016,0.00157424,798.8377,767.3102,5858.1432,5889.6706,0.00144305,0.00145082,0.00006559,418.2083,379.7376,0.6869,61.6387,1.8384,37588.4109,89.7407,538.3845,395.5999,218.4789,430.6076,432.5446,432.5446,1046.441,1081.3617,427.0584,0.0,2.43015,2.511246,0.971205,30,216,96,2,0.20383968,0.00163983,-0.01249836,0E-8,0.000000,0.906607,0.000000,0.01775797,2026-03-22,2026-08-06,108,3621,2443,138,0.782609,1.360932,1.287360,0.679466,,,,,,,,GLOBAL_BASELINE_NO_ENTITY_RANKING,,,NOT_APPLICABLE_GLOBAL_BASELINE,HF9g-P5,,,,X 全窗基线 · 不参与实体赏罚,14199316,1420,A168_HF9F_20260827_0900,2026-08-27 09:00:00
2026-06-11,57024343,2229,0,430.6075873057,409.0772079404,409.0772079404,1.0000000,1,1,0.50665070000000000,0.506650700000,0.9867858985152569,0.9867858985152569,0.9867858985152569,0E-17,ELIGIBLE,R03b_20260811_FULL_v1,L1_ELIGIBILITY,v2026-08-11,2026-03-21..2026-08-06,baccarat_bet02_101_all_pairs_incl_sentinel,round_win = game_pnl > 0 (decisive only),COMPATIBILITY_ONLY_NOT_PRODUCTION,4059548.3812,3680416.6879,6656.9809,9707,9692,-0.00163983,0.01249836,-0.00525961,-0.00163983,-6656.9809,4059548.3812,OK,0.0000,266.2792,4.0000,96.0000,AG03-UNRESOLVED,ALL5_LEVELS_bet23_to_bet27,266.2792,266.2792,266.2792,0.0000,0.0000,4.000000,4.000000,4.000000,0.000000,0.000000,96.000000,96.000000,96.000000,100.000000,100.000000,5.0,798.8377,767.3102,5858.1432,5889.6706,PENDING_AG03,FALSE,NOT_FOR_ENFORCEMENT,6390.7016,3533200.0204,6656.9809,6390.7016,266.2792,0.00163983,0.00157424,266.2792,6390.7016,0.00157424,266.2792,266.2792,266.2792,0.0000,0.0000,6390.7016,0.00157424,798.8377,767.3102,5858.1432,5889.6706,0.00144305,0.00145082,0.00006559,418.2083,379.7376,0.6869,61.6387,1.8384,37588.4109,89.7407,538.3845,395.5999,218.4789,430.6076,432.5446,432.5446,1046.441,1081.3617,427.0584,0.0,2.43015,2.511246,0.971205,30,216,96,2,0.20383968,0.00163983,-0.01249836,0E-8,0.000000,0.906607,0.000000,0.01775797,2026-03-22,2026-08-06,108,3621,2443,138,0.782609,1.360932,1.287360,0.679466,,,,,,,,GLOBAL_BASELINE_NO_ENTITY_RANKING,,,NOT_APPLICABLE_GLOBAL_BASELINE,HF9g-P5,,,,X 全窗基线 · 不参与实体赏罚,14199317,1420,A168_HF9F_20260827_0900,2026-08-27 09:00:00
2026-06-11,57024343,2251,0,861.2151746114,-861.2151746114,-861.2151746114,0E-7,2,2,0.50665070000000000,0.506650700000,-1.4331513700195317,-1.4331513700195317,-1.4331513700195317,0E-17,ELIGIBLE,R03b_20260811_FULL_v1,L1_ELIGIBILITY,v2026-08-11,2026-03-21..2026-08-06,baccarat_bet02_101_all_pairs_incl_sentinel,round_win = game_pnl > 0 (decisive only),COMPATIBILITY_ONLY_NOT_PRODUCTION,4059548.3812,3680416.6879,6656.9809,9707,9692,-0.00163983,0.01249836,-0.00525961,-0.00163983,-6656.9809,4059548.3812,OK,0.0000,266.2792,4.0000,96.0000,AG03-UNRESOLVED,ALL5_LEVELS_bet23_to_bet27,266.2792,266.2792,266.2792,0.0000,0.0000,4.000000,4.000000,4.000000,0.000000,0.000000,96.000000,96.000000,96.000000,100.000000,100.000000,5.0,798.8377,767.3102,5858.1432,5889.6706,PENDING_AG03,FALSE,NOT_FOR_ENFORCEMENT,6390.7016,3533200.0204,6656.9809,6390.7016,266.2792,0.00163983,0.00157424,266.2792,6390.7016,0.00157424,266.2792,266.2792,266.2792,0.0000,0.0000,6390.7016,0.00157424,798.8377,767.3102,5858.1432,5889.6706,0.00144305,0.00145082,0.00006559,418.2083,379.7376,0.6869,61.6387,1.8384,37588.4109,89.7407,538.3845,395.5999,218.4789,430.6076,432.5446,432.5446,1046.441,1081.3617,427.0584,0.0,2.43015,2.511246,0.971205,30,216,96,2,0.20383968,0.00163983,-0.01249836,0E-8,0.000000,0.906607,0.000000,0.01775797,2026-03-22,2026-08-06,108,3621,2443,138,0.782609,1.360932,1.287360,0.679466,,,,,,,,GLOBAL_BASELINE_NO_ENTITY_RANKING,,,NOT_APPLICABLE_GLOBAL_BASELINE,HF9g-P5,,,,X 全窗基线 · 不参与实体赏罚,14199318,1420,A168_HF9F_20260827_0900,2026-08-27 09:00:00
2026-06-11,57024343,2258,0,861.2151746114,818.1544158808,818.1544158808,1.0000000,2,2,0.50665070000000000,0.506650700000,1.3955260008387969,1.3955260008387969,1.3955260008387969,0E-17,ELIGIBLE,R03b_20260811_FULL_v1,L1_ELIGIBILITY,v2026-08-11,2026-03-21..2026-08-06,baccarat_bet02_101_all_pairs_incl_sentinel,round_win = game_pnl > 0 (decisive only),COMPATIBILITY_ONLY_NOT_PRODUCTION,4059548.3812,3680416.6879,6656.9809,9707,9692,-0.00163983,0.01249836,-0.00525961,-0.00163983,-6656.9809,4059548.3812,OK,0.0000,266.2792,4.0000,96.0000,AG03-UNRESOLVED,ALL5_LEVELS_bet23_to_bet27,266.2792,266.2792,266.2792,0.0000,0.0000,4.000000,4.000000,4.000000,0.000000,0.000000,96.000000,96.000000,96.000000,100.000000,100.000000,5.0,798.8377,767.3102,5858.1432,5889.6706,PENDING_AG03,FALSE,NOT_FOR_ENFORCEMENT,6390.7016,3533200.0204,6656.9809,6390.7016,266.2792,0.00163983,0.00157424,266.2792,6390.7016,0.00157424,266.2792,266.2792,266.2792,0.0000,0.0000,6390.7016,0.00157424,798.8377,767.3102,5858.1432,5889.6706,0.00144305,0.00145082,0.00006559,418.2083,379.7376,0.6869,61.6387,1.8384,37588.4109,89.7407,538.3845,395.5999,218.4789,430.6076,432.5446,432.5446,1046.441,1081.3617,427.0584,0.0,2.43015,2.511246,0.971205,30,216,96,2,0.20383968,0.00163983,-0.01249836,0E-8,0.000000,0.906607,0.000000,0.01775797,2026-03-22,2026-08-06,108,3621,2443,138,0.782609,1.360932,1.287360,0.679466,,,,,,,,GLOBAL_BASELINE_NO_ENTITY_RANKING,,,NOT_APPLICABLE_GLOBAL_BASELINE,HF9g-P5,,,,X 全窗基线 · 不参与实体赏罚,14199319,1420,A168_HF9F_20260827_0900,2026-08-27 09:00:00
2026-06-11,57024343,2267,0,1291.8227619171,1227.2316238212,1227.2316238212,1.0000000,3,3,0.50665070000000000,0.506650700000,1.7091633124209307,1.7091633124209307,1.7091633124209307,0E-17,ELIGIBLE,R03b_20260811_FULL_v1,L1_ELIGIBILITY,v2026-08-11,2026-03-21..2026-08-06,baccarat_bet02_101_all_pairs_incl_sentinel,round_win = game_pnl > 0 (decisive only),COMPATIBILITY_ONLY_NOT_PRODUCTION,4059548.3812,3680416.6879,6656.9809,9707,9692,-0.00163983,0.01249836,-0.00525961,-0.00163983,-6656.9809,4059548.3812,OK,0.0000,266.2792,4.0000,96.0000,AG03-UNRESOLVED,ALL5_LEVELS_bet23_to_bet27,266.2792,266.2792,266.2792,0.0000,0.0000,4.000000,4.000000,4.000000,0.000000,0.000000,96.000000,96.000000,96.000000,100.000000,100.000000,5.0,798.8377,767.3102,5858.1432,5889.6706,PENDING_AG03,FALSE,NOT_FOR_ENFORCEMENT,6390.7016,3533200.0204,6656.9809,6390.7016,266.2792,0.00163983,0.00157424,266.2792,6390.7016,0.00157424,266.2792,266.2792,266.2792,0.0000,0.0000,6390.7016,0.00157424,798.8377,767.3102,5858.1432,5889.6706,0.00144305,0.00145082,0.00006559,418.2083,379.7376,0.6869,61.6387,1.8384,37588.4109,89.7407,538.3845,395.5999,218.4789,430.6076,432.5446,432.5446,1046.441,1081.3617,427.0584,0.0,2.43015,2.511246,0.971205,30,216,96,2,0.20383968,0.00163983,-0.01249836,0E-8,0.000000,0.906607,0.000000,0.01775797,2026-03-22,2026-08-06,108,3621,2443,138,0.782609,1.360932,1.287360,0.679466,,,,,,,,GLOBAL_BASELINE_NO_ENTITY_RANKING,,,NOT_APPLICABLE_GLOBAL_BASELINE,HF9g-P5,,,,X 全窗基线 · 不参与实体赏罚,14199320,1420,A168_HF9F_20260827_0900,2026-08-27 09:00:00
2026-06-11,57024343,2276,0,2153.0379365285,-473.6683460363,-473.6683460363,0.4000000,5,5,0.50665070000000000,0.506650700000,-0.4769986289884125,-0.4769986289884125,-0.4769986289884125,0E-17,ELIGIBLE,R03b_20260811_FULL_v1,L1_ELIGIBILITY,v2026-08-11,2026-03-21..2026-08-06,baccarat_bet02_101_all_pairs_incl_sentinel,round_win = game_pnl > 0 (decisive only),COMPATIBILITY_ONLY_NOT_PRODUCTION,4059548.3812,3680416.6879,6656.9809,9707,9692,-0.00163983,0.01249836,-0.00525961,-0.00163983,-6656.9809,4059548.3812,OK,0.0000,266.2792,4.0000,96.0000,AG03-UNRESOLVED,ALL5_LEVELS_bet23_to_bet27,266.2792,266.2792,266.2792,0.0000,0.0000,4.000000,4.000000,4.000000,0.000000,0.000000,96.000000,96.000000,96.000000,100.000000,100.000000,5.0,798.8377,767.3102,5858.1432,5889.6706,PENDING_AG03,FALSE,NOT_FOR_ENFORCEMENT,6390.7016,3533200.0204,6656.9809,6390.7016,266.2792,0.00163983,0.00157424,266.2792,6390.7016,0.00157424,266.2792,266.2792,266.2792,0.0000,0.0000,6390.7016,0.00157424,798.8377,767.3102,5858.1432,5889.6706,0.00144305,0.00145082,0.00006559,418.2083,379.7376,0.6869,61.6387,1.8384,37588.4109,89.7407,538.3845,395.5999,218.4789,430.6076,432.5446,432.5446,1046.441,1081.3617,427.0584,0.0,2.43015,2.511246,0.971205,30,216,96,2,0.20383968,0.00163983,-0.01249836,0E-8,0.000000,0.906607,0.000000,0.01775797,2026-03-22,2026-08-06,108,3621,2443,138,0.782609,1.360932,1.287360,0.679466,,,,,,,,GLOBAL_BASELINE_NO_ENTITY_RANKING,,,NOT_APPLICABLE_GLOBAL_BASELINE,HF9g-P5,,,,X 全窗基线 · 不参与实体赏罚,14199321,1420,A168_HF9F_20260827_0900,2026-08-27 09:00:00
2026-06-11,57024343,471,0,1291.8227619171,-861.2151746114,-861.2151746114,0E-7,3,3,0.50218230000000000,0.502182300000,-1.4203995680682369,-1.4203995680682369,-1.4203995680682369,0E-17,ELIGIBLE,R03b_20260811_FULL_v1,L1_ELIGIBILITY,v2026-08-11,2026-03-21..2026-08-06,baccarat_bet02_101_all_pairs_incl_sentinel,round_win = game_pnl > 0 (decisive only),COMPATIBILITY_ONLY_NOT_PRODUCTION,4059548.3812,3680416.6879,6656.9809,9707,9692,-0.00163983,0.01249836,-0.00525961,-0.00163983,-6656.9809,4059548.3812,OK,0.0000,266.2792,4.0000,96.0000,AG03-UNRESOLVED,ALL5_LEVELS_bet23_to_bet27,266.2792,266.2792,266.2792,0.0000,0.0000,4.000000,4.000000,4.000000,0.000000,0.000000,96.000000,96.000000,96.000000,100.000000,100.000000,5.0,798.8377,767.3102,5858.1432,5889.6706,PENDING_AG03,FALSE,NOT_FOR_ENFORCEMENT,6390.7016,3533200.0204,6656.9809,6390.7016,266.2792,0.00163983,0.00157424,266.2792,6390.7016,0.00157424,266.2792,266.2792,266.2792,0.0000,0.0000,6390.7016,0.00157424,798.8377,767.3102,5858.1432,5889.6706,0.00144305,0.00145082,0.00006559,418.2083,379.7376,0.6869,61.6387,1.8384,37588.4109,89.7407,538.3845,395.5999,218.4789,430.6076,432.5446,432.5446,1046.441,1081.3617,427.0584,0.0,2.43015,2.511246,0.971205,30,216,96,2,0.20383968,0.00163983,-0.01249836,0E-8,0.000000,0.906607,0.000000,0.01775797,2026-03-22,2026-08-06,108,3621,2443,138,0.782609,1.360932,1.287360,0.679466,,,,,,,,GLOBAL_BASELINE_NO_ENTITY_RANKING,,,NOT_APPLICABLE_GLOBAL_BASELINE,HF9g-P5,,,,X 全窗基线 · 不参与实体赏罚,14199322,1420,A168_HF9F_20260827_0900,2026-08-27 09:00:00
2026-06-11,57024343,550,0,430.6075873057,0E-10,0E-10,,1,1,0.50665070000000000,0.506650700000,,,,0E-17,NO_DECISIVE_ROUND,R03b_20260811_FULL_v1,L1_ELIGIBILITY,v2026-08-11,2026-03-21..2026-08-06,baccarat_bet02_101_all_pairs_incl_sentinel,round_win = game_pnl > 0 (decisive only),COMPATIBILITY_ONLY_NOT_PRODUCTION,4059548.3812,3680416.6879,6656.9809,9707,9692,-0.00163983,0.01249836,-0.00525961,-0.00163983,-6656.9809,4059548.3812,OK,0.0000,266.2792,4.0000,96.0000,AG03-UNRESOLVED,ALL5_LEVELS_bet23_to_bet27,266.2792,266.2792,266.2792,0.0000,0.0000,4.000000,4.000000,4.000000,0.000000,0.000000,96.000000,96.000000,96.000000,100.000000,100.000000,5.0,798.8377,767.3102,5858.1432,5889.6706,PENDING_AG03,FALSE,NOT_FOR_ENFORCEMENT,6390.7016,3533200.0204,6656.9809,6390.7016,266.2792,0.00163983,0.00157424,266.2792,6390.7016,0.00157424,266.2792,266.2792,266.2792,0.0000,0.0000,6390.7016,0.00157424,798.8377,767.3102,5858.1432,5889.6706,0.00144305,0.00145082,0.00006559,418.2083,379.7376,0.6869,61.6387,1.8384,37588.4109,89.7407,538.3845,395.5999,218.4789,430.6076,432.5446,432.5446,1046.441,1081.3617,427.0584,0.0,2.43015,2.511246,0.971205,30,216,96,2,0.20383968,0.00163983,-0.01249836,0E-8,0.000000,0.906607,0.000000,0.01775797,2026-03-22,2026-08-06,108,3621,2443,138,0.782609,1.360932,1.287360,0.679466,,,,,,,,GLOBAL_BASELINE_NO_ENTITY_RANKING,,,NOT_APPLICABLE_GLOBAL_BASELINE,HF9g-P5,,,,X 全窗基线 · 不参与实体赏罚,14199323,1420,A168_HF9F_20260827_0900,2026-08-27 09:00:00
2026-06-11,57024343,970,0,1291.8227619171,387.5468285751,387.5468285751,0.6666667,3,3,0.50665070000000000,0.506650700000,0.5543606114942035,0.5543606114942035,0.5543606114942035,0E-17,ELIGIBLE,R03b_20260811_FULL_v1,L1_ELIGIBILITY,v2026-08-11,2026-03-21..2026-08-06,baccarat_bet02_101_all_pairs_incl_sentinel,round_win = game_pnl > 0 (decisive only),COMPATIBILITY_ONLY_NOT_PRODUCTION,4059548.3812,3680416.6879,6656.9809,9707,9692,-0.00163983,0.01249836,-0.00525961,-0.00163983,-6656.9809,4059548.3812,OK,0.0000,266.2792,4.0000,96.0000,AG03-UNRESOLVED,ALL5_LEVELS_bet23_to_bet27,266.2792,266.2792,266.2792,0.0000,0.0000,4.000000,4.000000,4.000000,0.000000,0.000000,96.000000,96.000000,96.000000,100.000000,100.000000,5.0,798.8377,767.3102,5858.1432,5889.6706,PENDING_AG03,FALSE,NOT_FOR_ENFORCEMENT,6390.7016,3533200.0204,6656.9809,6390.7016,266.2792,0.00163983,0.00157424,266.2792,6390.7016,0.00157424,266.2792,266.2792,266.2792,0.0000,0.0000,6390.7016,0.00157424,798.8377,767.3102,5858.1432,5889.6706,0.00144305,0.00145082,0.00006559,418.2083,379.7376,0.6869,61.6387,1.8384,37588.4109,89.7407,538.3845,395.5999,218.4789,430.6076,432.5446,432.5446,1046.441,1081.3617,427.0584,0.0,2.43015,2.511246,0.971205,30,216,96,2,0.20383968,0.00163983,-0.01249836,0E-8,0.000000,0.906607,0.000000,0.01775797,2026-03-22,2026-08-06,108,3621,2443,138,0.782609,1.360932,1.287360,0.679466,,,,,,,,GLOBAL_BASELINE_NO_ENTITY_RANKING,,,NOT_APPLICABLE_GLOBAL_BASELINE,HF9g-P5,,,,X 全窗基线 · 不参与实体赏罚,14199324,1420,A168_HF9F_20260827_0900,2026-08-27 09:00:00
2026-06-12,57024343,-1,1,2153.0379365285,-473.6683460363,-473.6683460363,0.4000000,5,5,0.50665070000000000,0.506650700000,-0.4769986289884125,-0.4769986289884125,-0.4769986289884125,0E-17,SENTINEL_DEALER,R03b_20260811_FULL_v1,L1_ELIGIBILITY,v2026-08-11,2026-03-21..2026-08-06,baccarat_bet02_101_all_pairs_incl_sentinel,round_win = game_pnl > 0 (decisive only),COMPATIBILITY_ONLY_NOT_PRODUCTION,4059548.3812,3680416.6879,6656.9809,9707,9692,-0.00163983,0.01249836,-0.00525961,-0.00163983,-6656.9809,4059548.3812,OK,0.0000,266.2792,4.0000,96.0000,AG03-UNRESOLVED,ALL5_LEVELS_bet23_to_bet27,266.2792,266.2792,266.2792,0.0000,0.0000,4.000000,4.000000,4.000000,0.000000,0.000000,96.000000,96.000000,96.000000,100.000000,100.000000,5.0,798.8377,767.3102,5858.1432,5889.6706,PENDING_AG03,FALSE,NOT_FOR_ENFORCEMENT,6390.7016,3533200.0204,6656.9809,6390.7016,266.2792,0.00163983,0.00157424,266.2792,6390.7016,0.00157424,266.2792,266.2792,266.2792,0.0000,0.0000,6390.7016,0.00157424,798.8377,767.3102,5858.1432,5889.6706,0.00144305,0.00145082,0.00006559,418.2083,379.7376,0.6869,61.6387,1.8384,37588.4109,89.7407,538.3845,395.5999,218.4789,430.6076,432.5446,432.5446,1046.441,1081.3617,427.0584,0.0,2.43015,2.511246,0.971205,30,216,96,2,0.20383968,0.00163983,-0.01249836,0E-8,0.000000,0.906607,0.000000,0.01775797,2026-03-22,2026-08-06,108,3621,2443,138,0.782609,1.360932,1.287360,0.679466,,,,,,,,GLOBAL_BASELINE_NO_ENTITY_RANKING,,,NOT_APPLICABLE_GLOBAL_BASELINE,HF9g-P5,,,,X 全窗基线 · 不参与实体赏罚,14199325,1420,A168_HF9F_20260827_0900,2026-08-27 09:00:00
2026-06-12,57024343,1157,0,430.6075873057,-430.6075873057,-430.6075873057,0E-7,1,1,0.50665070000000000,0.506650700000,-1.013391052207602,-1.013391052207602,-1.013391052207602,0E-17,ELIGIBLE,R03b_20260811_FULL_v1,L1_ELIGIBILITY,v2026-08-11,2026-03-21..2026-08-06,baccarat_bet02_101_all_pairs_incl_sentinel,round_win = game_pnl > 0 (decisive only),COMPATIBILITY_ONLY_NOT_PRODUCTION,4059548.3812,3680416.6879,6656.9809,9707,9692,-0.00163983,0.01249836,-0.00525961,-0.00163983,-6656.9809,4059548.3812,OK,0.0000,266.2792,4.0000,96.0000,AG03-UNRESOLVED,ALL5_LEVELS_bet23_to_bet27,266.2792,266.2792,266.2792,0.0000,0.0000,4.000000,4.000000,4.000000,0.000000,0.000000,96.000000,96.000000,96.000000,100.000000,100.000000,5.0,798.8377,767.3102,5858.1432,5889.6706,PENDING_AG03,FALSE,NOT_FOR_ENFORCEMENT,6390.7016,3533200.0204,6656.9809,6390.7016,266.2792,0.00163983,0.00157424,266.2792,6390.7016,0.00157424,266.2792,266.2792,266.2792,0.0000,0.0000,6390.7016,0.00157424,798.8377,767.3102,5858.1432,5889.6706,0.00144305,0.00145082,0.00006559,418.2083,379.7376,0.6869,61.6387,1.8384,37588.4109,89.7407,538.3845,395.5999,218.4789,430.6076,432.5446,432.5446,1046.441,1081.3617,427.0584,0.0,2.43015,2.511246,0.971205,30,216,96,2,0.20383968,0.00163983,-0.01249836,0E-8,0.000000,0.906607,0.000000,0.01775797,2026-03-22,2026-08-06,108,3621,2443,138,0.782609,1.360932,1.287360,0.679466,,,,,,,,GLOBAL_BASELINE_NO_ENTITY_RANKING,,,NOT_APPLICABLE_GLOBAL_BASELINE,HF9g-P5,,,,X 全窗基线 · 不参与实体赏罚,14199326,1420,A168_HF9F_20260827_0900,2026-08-27 09:00:00
2026-06-12,57024343,1323,0,107.6518968264,-107.6518968264,-107.6518968264,0E-7,1,1,0.50665070000000000,0.506650700000,-1.013391052207602,-1.013391052207602,-1.013391052207602,0E-17,ELIGIBLE,R03b_20260811_FULL_v1,L1_ELIGIBILITY,v2026-08-11,2026-03-21..2026-08-06,baccarat_bet02_101_all_pairs_incl_sentinel,round_win = game_pnl > 0 (decisive only),COMPATIBILITY_ONLY_NOT_PRODUCTION,4059548.3812,3680416.6879,6656.9809,9707,9692,-0.00163983,0.01249836,-0.00525961,-0.00163983,-6656.9809,4059548.3812,OK,0.0000,266.2792,4.0000,96.0000,AG03-UNRESOLVED,ALL5_LEVELS_bet23_to_bet27,266.2792,266.2792,266.2792,0.0000,0.0000,4.000000,4.000000,4.000000,0.000000,0.000000,96.000000,96.000000,96.000000,100.000000,100.000000,5.0,798.8377,767.3102,5858.1432,5889.6706,PENDING_AG03,FALSE,NOT_FOR_ENFORCEMENT,6390.7016,3533200.0204,6656.9809,6390.7016,266.2792,0.00163983,0.00157424,266.2792,6390.7016,0.00157424,266.2792,266.2792,266.2792,0.0000,0.0000,6390.7016,0.00157424,798.8377,767.3102,5858.1432,5889.6706,0.00144305,0.00145082,0.00006559,418.2083,379.7376,0.6869,61.6387,1.8384,37588.4109,89.7407,538.3845,395.5999,218.4789,430.6076,432.5446,432.5446,1046.441,1081.3617,427.0584,0.0,2.43015,2.511246,0.971205,30,216,96,2,0.20383968,0.00163983,-0.01249836,0E-8,0.000000,0.906607,0.000000,0.01775797,2026-03-22,2026-08-06,108,3621,2443,138,0.782609,1.360932,1.287360,0.679466,,,,,,,,GLOBAL_BASELINE_NO_ENTITY_RANKING,,,NOT_APPLICABLE_GLOBAL_BASELINE,HF9g-P5,,,,X 全窗基线 · 不参与实体赏罚,14199327,1420,A168_HF9F_20260827_0900,2026-08-27 09:00:00
2026-06-12,57024343,1325,0,430.6075873057,409.0772079404,409.0772079404,1.0000000,1,1,0.50665070000000000,0.506650700000,0.9867858985152569,0.9867858985152569,0.9867858985152569,0E-17,ELIGIBLE,R03b_20260811_FULL_v1,L1_ELIGIBILITY,v2026-08-11,2026-03-21..2026-08-06,baccarat_bet02_101_all_pairs_incl_sentinel,round_win = game_pnl > 0 (decisive only),COMPATIBILITY_ONLY_NOT_PRODUCTION,4059548.3812,3680416.6879,6656.9809,9707,9692,-0.00163983,0.01249836,-0.00525961,-0.00163983,-6656.9809,4059548.3812,OK,0.0000,266.2792,4.0000,96.0000,AG03-UNRESOLVED,ALL5_LEVELS_bet23_to_bet27,266.2792,266.2792,266.2792,0.0000,0.0000,4.000000,4.000000,4.000000,0.000000,0.000000,96.000000,96.000000,96.000000,100.000000,100.000000,5.0,798.8377,767.3102,5858.1432,5889.6706,PENDING_AG03,FALSE,NOT_FOR_ENFORCEMENT,6390.7016,3533200.0204,6656.9809,6390.7016,266.2792,0.00163983,0.00157424,266.2792,6390.7016,0.00157424,266.2792,266.2792,266.2792,0.0000,0.0000,6390.7016,0.00157424,798.8377,767.3102,5858.1432,5889.6706,0.00144305,0.00145082,0.00006559,418.2083,379.7376,0.6869,61.6387,1.8384,37588.4109,89.7407,538.3845,395.5999,218.4789,430.6076,432.5446,432.5446,1046.441,1081.3617,427.0584,0.0,2.43015,2.511246,0.971205,30,216,96,2,0.20383968,0.00163983,-0.01249836,0E-8,0.000000,0.906607,0.000000,0.01775797,2026-03-22,2026-08-06,108,3621,2443,138,0.782609,1.360932,1.287360,0.679466,,,,,,,,GLOBAL_BASELINE_NO_ENTITY_RANKING,,,NOT_APPLICABLE_GLOBAL_BASELINE,HF9g-P5,,,,X 全窗基线 · 不参与实体赏罚,14199328,1420,A168_HF9F_20260827_0900,2026-08-27 09:00:00
2026-06-12,57024343,1490,0,430.6075873057,-430.6075873057,-430.6075873057,0E-7,1,1,0.50665070000000000,0.506650700000,-1.013391052207602,-1.013391052207602,-1.013391052207602,0E-17,ELIGIBLE,R03b_20260811_FULL_v1,L1_ELIGIBILITY,v2026-08-11,2026-03-21..2026-08-06,baccarat_bet02_101_all_pairs_incl_sentinel,round_win = game_pnl > 0 (decisive only),COMPATIBILITY_ONLY_NOT_PRODUCTION,4059548.3812,3680416.6879,6656.9809,9707,9692,-0.00163983,0.01249836,-0.00525961,-0.00163983,-6656.9809,4059548.3812,OK,0.0000,266.2792,4.0000,96.0000,AG03-UNRESOLVED,ALL5_LEVELS_bet23_to_bet27,266.2792,266.2792,266.2792,0.0000,0.0000,4.000000,4.000000,4.000000,0.000000,0.000000,96.000000,96.000000,96.000000,100.000000,100.000000,5.0,798.8377,767.3102,5858.1432,5889.6706,PENDING_AG03,FALSE,NOT_FOR_ENFORCEMENT,6390.7016,3533200.0204,6656.9809,6390.7016,266.2792,0.00163983,0.00157424,266.2792,6390.7016,0.00157424,266.2792,266.2792,266.2792,0.0000,0.0000,6390.7016,0.00157424,798.8377,767.3102,5858.1432,5889.6706,0.00144305,0.00145082,0.00006559,418.2083,379.7376,0.6869,61.6387,1.8384,37588.4109,89.7407,538.3845,395.5999,218.4789,430.6076,432.5446,432.5446,1046.441,1081.3617,427.0584,0.0,2.43015,2.511246,0.971205,30,216,96,2,0.20383968,0.00163983,-0.01249836,0E-8,0.000000,0.906607,0.000000,0.01775797,2026-03-22,2026-08-06,108,3621,2443,138,0.782609,1.360932,1.287360,0.679466,,,,,,,,GLOBAL_BASELINE_NO_ENTITY_RANKING,,,NOT_APPLICABLE_GLOBAL_BASELINE,HF9g-P5,,,,X 全窗基线 · 不参与实体赏罚,14199329,1420,A168_HF9F_20260827_0900,2026-08-27 09:00:00
2026-06-12,57024343,1509,0,430.6075873057,409.0772079404,409.0772079404,1.0000000,1,1,0.50665070000000000,0.506650700000,0.9867858985152569,0.9867858985152569,0.9867858985152569,0E-17,ELIGIBLE,R03b_20260811_FULL_v1,L1_ELIGIBILITY,v2026-08-11,2026-03-21..2026-08-06,baccarat_bet02_101_all_pairs_incl_sentinel,round_win = game_pnl > 0 (decisive only),COMPATIBILITY_ONLY_NOT_PRODUCTION,4059548.3812,3680416.6879,6656.9809,9707,9692,-0.00163983,0.01249836,-0.00525961,-0.00163983,-6656.9809,4059548.3812,OK,0.0000,266.2792,4.0000,96.0000,AG03-UNRESOLVED,ALL5_LEVELS_bet23_to_bet27,266.2792,266.2792,266.2792,0.0000,0.0000,4.000000,4.000000,4.000000,0.000000,0.000000,96.000000,96.000000,96.000000,100.000000,100.000000,5.0,798.8377,767.3102,5858.1432,5889.6706,PENDING_AG03,FALSE,NOT_FOR_ENFORCEMENT,6390.7016,3533200.0204,6656.9809,6390.7016,266.2792,0.00163983,0.00157424,266.2792,6390.7016,0.00157424,266.2792,266.2792,266.2792,0.0000,0.0000,6390.7016,0.00157424,798.8377,767.3102,5858.1432,5889.6706,0.00144305,0.00145082,0.00006559,418.2083,379.7376,0.6869,61.6387,1.8384,37588.4109,89.7407,538.3845,395.5999,218.4789,430.6076,432.5446,432.5446,1046.441,1081.3617,427.0584,0.0,2.43015,2.511246,0.971205,30,216,96,2,0.20383968,0.00163983,-0.01249836,0E-8,0.000000,0.906607,0.000000,0.01775797,2026-03-22,2026-08-06,108,3621,2443,138,0.782609,1.360932,1.287360,0.679466,,,,,,,,GLOBAL_BASELINE_NO_ENTITY_RANKING,,,NOT_APPLICABLE_GLOBAL_BASELINE,HF9g-P5,,,,X 全窗基线 · 不参与实体赏罚,14199330,1420,A168_HF9F_20260827_0900,2026-08-27 09:00:00
2026-06-12,57024343,1704,0,861.2151746114,-861.2151746114,-861.2151746114,0E-7,2,2,0.50665070000000000,0.506650700000,-1.4331513700195317,-1.4331513700195317,-1.4331513700195317,0E-17,ELIGIBLE,R03b_20260811_FULL_v1,L1_ELIGIBILITY,v2026-08-11,2026-03-21..2026-08-06,baccarat_bet02_101_all_pairs_incl_sentinel,round_win = game_pnl > 0 (decisive only),COMPATIBILITY_ONLY_NOT_PRODUCTION,4059548.3812,3680416.6879,6656.9809,9707,9692,-0.00163983,0.01249836,-0.00525961,-0.00163983,-6656.9809,4059548.3812,OK,0.0000,266.2792,4.0000,96.0000,AG03-UNRESOLVED,ALL5_LEVELS_bet23_to_bet27,266.2792,266.2792,266.2792,0.0000,0.0000,4.000000,4.000000,4.000000,0.000000,0.000000,96.000000,96.000000,96.000000,100.000000,100.000000,5.0,798.8377,767.3102,5858.1432,5889.6706,PENDING_AG03,FALSE,NOT_FOR_ENFORCEMENT,6390.7016,3533200.0204,6656.9809,6390.7016,266.2792,0.00163983,0.00157424,266.2792,6390.7016,0.00157424,266.2792,266.2792,266.2792,0.0000,0.0000,6390.7016,0.00157424,798.8377,767.3102,5858.1432,5889.6706,0.00144305,0.00145082,0.00006559,418.2083,379.7376,0.6869,61.6387,1.8384,37588.4109,89.7407,538.3845,395.5999,218.4789,430.6076,432.5446,432.5446,1046.441,1081.3617,427.0584,0.0,2.43015,2.511246,0.971205,30,216,96,2,0.20383968,0.00163983,-0.01249836,0E-8,0.000000,0.906607,0.000000,0.01775797,2026-03-22,2026-08-06,108,3621,2443,138,0.782609,1.360932,1.287360,0.679466,,,,,,,,GLOBAL_BASELINE_NO_ENTITY_RANKING,,,NOT_APPLICABLE_GLOBAL_BASELINE,HF9g-P5,,,,X 全窗基线 · 不参与实体赏罚,14199331,1420,A168_HF9F_20260827_0900,2026-08-27 09:00:00
2026-06-12,57024343,1940,0,645.9113809585,-645.9113809585,-645.9113809585,0E-7,2,2,0.49994810000000000,0.499948100000,-1.4140667746232096,-1.4140667746232096,-1.4140667746232096,0E-17,ELIGIBLE,R03b_20260811_FULL_v1,L1_ELIGIBILITY,v2026-08-11,2026-03-21..2026-08-06,baccarat_bet02_101_all_pairs_incl_sentinel,round_win = game_pnl > 0 (decisive only),COMPATIBILITY_ONLY_NOT_PRODUCTION,4059548.3812,3680416.6879,6656.9809,9707,9692,-0.00163983,0.01249836,-0.00525961,-0.00163983,-6656.9809,4059548.3812,OK,0.0000,266.2792,4.0000,96.0000,AG03-UNRESOLVED,ALL5_LEVELS_bet23_to_bet27,266.2792,266.2792,266.2792,0.0000,0.0000,4.000000,4.000000,4.000000,0.000000,0.000000,96.000000,96.000000,96.000000,100.000000,100.000000,5.0,798.8377,767.3102,5858.1432,5889.6706,PENDING_AG03,FALSE,NOT_FOR_ENFORCEMENT,6390.7016,3533200.0204,6656.9809,6390.7016,266.2792,0.00163983,0.00157424,266.2792,6390.7016,0.00157424,266.2792,266.2792,266.2792,0.0000,0.0000,6390.7016,0.00157424,798.8377,767.3102,5858.1432,5889.6706,0.00144305,0.00145082,0.00006559,418.2083,379.7376,0.6869,61.6387,1.8384,37588.4109,89.7407,538.3845,395.5999,218.4789,430.6076,432.5446,432.5446,1046.441,1081.3617,427.0584,0.0,2.43015,2.511246,0.971205,30,216,96,2,0.20383968,0.00163983,-0.01249836,0E-8,0.000000,0.906607,0.000000,0.01775797,2026-03-22,2026-08-06,108,3621,2443,138,0.782609,1.360932,1.287360,0.679466,,,,,,,,GLOBAL_BASELINE_NO_ENTITY_RANKING,,,NOT_APPLICABLE_GLOBAL_BASELINE,HF9g-P5,,,,X 全窗基线 · 不参与实体赏罚,14199332,1420,A168_HF9F_20260827_0900,2026-08-27 09:00:00
2026-06-12,57024343,2103,0,430.6075873057,-430.6075873057,-430.6075873057,0E-7,1,1,0.50665070000000000,0.506650700000,-1.013391052207602,-1.013391052207602,-1.013391052207602,0E-17,ELIGIBLE,R03b_20260811_FULL_v1,L1_ELIGIBILITY,v2026-08-11,2026-03-21..2026-08-06,baccarat_bet02_101_all_pairs_incl_sentinel,round_win = game_pnl > 0 (decisive only),COMPATIBILITY_ONLY_NOT_PRODUCTION,4059548.3812,3680416.6879,6656.9809,9707,9692,-0.00163983,0.01249836,-0.00525961,-0.00163983,-6656.9809,4059548.3812,OK,0.0000,266.2792,4.0000,96.0000,AG03-UNRESOLVED,ALL5_LEVELS_bet23_to_bet27,266.2792,266.2792,266.2792,0.0000,0.0000,4.000000,4.000000,4.000000,0.000000,0.000000,96.000000,96.000000,96.000000,100.000000,100.000000,5.0,798.8377,767.3102,5858.1432,5889.6706,PENDING_AG03,FALSE,NOT_FOR_ENFORCEMENT,6390.7016,3533200.0204,6656.9809,6390.7016,266.2792,0.00163983,0.00157424,266.2792,6390.7016,0.00157424,266.2792,266.2792,266.2792,0.0000,0.0000,6390.7016,0.00157424,798.8377,767.3102,5858.1432,5889.6706,0.00144305,0.00145082,0.00006559,418.2083,379.7376,0.6869,61.6387,1.8384,37588.4109,89.7407,538.3845,395.5999,218.4789,430.6076,432.5446,432.5446,1046.441,1081.3617,427.0584,0.0,2.43015,2.511246,0.971205,30,216,96,2,0.20383968,0.00163983,-0.01249836,0E-8,0.000000,0.906607,0.000000,0.01775797,2026-03-22,2026-08-06,108,3621,2443,138,0.782609,1.360932,1.287360,0.679466,,,,,,,,GLOBAL_BASELINE_NO_ENTITY_RANKING,,,NOT_APPLICABLE_GLOBAL_BASELINE,HF9g-P5,,,,X 全窗基线 · 不参与实体赏罚,14199333,1420,A168_HF9F_20260827_0900,2026-08-27 09:00:00
2026-06-12,57024343,2108,0,430.6075873057,-430.6075873057,-430.6075873057,0E-7,1,1,0.50665070000000000,0.506650700000,-1.013391052207602,-1.013391052207602,-1.013391052207602,0E-17,ELIGIBLE,R03b_20260811_FULL_v1,L1_ELIGIBILITY,v2026-08-11,2026-03-21..2026-08-06,baccarat_bet02_101_all_pairs_incl_sentinel,round_win = game_pnl > 0 (decisive only),COMPATIBILITY_ONLY_NOT_PRODUCTION,4059548.3812,3680416.6879,6656.9809,9707,9692,-0.00163983,0.01249836,-0.00525961,-0.00163983,-6656.9809,4059548.3812,OK,0.0000,266.2792,4.0000,96.0000,AG03-UNRESOLVED,ALL5_LEVELS_bet23_to_bet27,266.2792,266.2792,266.2792,0.0000,0.0000,4.000000,4.000000,4.000000,0.000000,0.000000,96.000000,96.000000,96.000000,100.000000,100.000000,5.0,798.8377,767.3102,5858.1432,5889.6706,PENDING_AG03,FALSE,NOT_FOR_ENFORCEMENT,6390.7016,3533200.0204,6656.9809,6390.7016,266.2792,0.00163983,0.00157424,266.2792,6390.7016,0.00157424,266.2792,266.2792,266.2792,0.0000,0.0000,6390.7016,0.00157424,798.8377,767.3102,5858.1432,5889.6706,0.00144305,0.00145082,0.00006559,418.2083,379.7376,0.6869,61.6387,1.8384,37588.4109,89.7407,538.3845,395.5999,218.4789,430.6076,432.5446,432.5446,1046.441,1081.3617,427.0584,0.0,2.43015,2.511246,0.971205,30,216,96,2,0.20383968,0.00163983,-0.01249836,0E-8,0.000000,0.906607,0.000000,0.01775797,2026-03-22,2026-08-06,108,3621,2443,138,0.782609,1.360932,1.287360,0.679466,,,,,,,,GLOBAL_BASELINE_NO_ENTITY_RANKING,,,NOT_APPLICABLE_GLOBAL_BASELINE,HF9g-P5,,,,X 全窗基线 · 不参与实体赏罚,14199334,1420,A168_HF9F_20260827_0900,2026-08-27 09:00:00
2026-06-12,57024343,2115,0,861.2151746114,409.0772079404,409.0772079404,1.0000000,2,2,0.50665070000000000,0.506650700000,0.9867858985152569,0.9867858985152569,0.9867858985152569,0E-17,ELIGIBLE,R03b_20260811_FULL_v1,L1_ELIGIBILITY,v2026-08-11,2026-03-21..2026-08-06,baccarat_bet02_101_all_pairs_incl_sentinel,round_win = game_pnl > 0 (decisive only),COMPATIBILITY_ONLY_NOT_PRODUCTION,4059548.3812,3680416.6879,6656.9809,9707,9692,-0.00163983,0.01249836,-0.00525961,-0.00163983,-6656.9809,4059548.3812,OK,0.0000,266.2792,4.0000,96.0000,AG03-UNRESOLVED,ALL5_LEVELS_bet23_to_bet27,266.2792,266.2792,266.2792,0.0000,0.0000,4.000000,4.000000,4.000000,0.000000,0.000000,96.000000,96.000000,96.000000,100.000000,100.000000,5.0,798.8377,767.3102,5858.1432,5889.6706,PENDING_AG03,FALSE,NOT_FOR_ENFORCEMENT,6390.7016,3533200.0204,6656.9809,6390.7016,266.2792,0.00163983,0.00157424,266.2792,6390.7016,0.00157424,266.2792,266.2792,266.2792,0.0000,0.0000,6390.7016,0.00157424,798.8377,767.3102,5858.1432,5889.6706,0.00144305,0.00145082,0.00006559,418.2083,379.7376,0.6869,61.6387,1.8384,37588.4109,89.7407,538.3845,395.5999,218.4789,430.6076,432.5446,432.5446,1046.441,1081.3617,427.0584,0.0,2.43015,2.511246,0.971205,30,216,96,2,0.20383968,0.00163983,-0.01249836,0E-8,0.000000,0.906607,0.000000,0.01775797,2026-03-22,2026-08-06,108,3621,2443,138,0.782609,1.360932,1.287360,0.679466,,,,,,,,GLOBAL_BASELINE_NO_ENTITY_RANKING,,,NOT_APPLICABLE_GLOBAL_BASELINE,HF9g-P5,,,,X 全窗基线 · 不参与实体赏罚,14199335,1420,A168_HF9F_20260827_0900,2026-08-27 09:00:00
2026-06-12,57024343,2130,0,430.6075873057,-430.6075873057,-430.6075873057,0E-7,1,1,0.50665070000000000,0.506650700000,-1.013391052207602,-1.013391052207602,-1.013391052207602,0E-17,ELIGIBLE,R03b_20260811_FULL_v1,L1_ELIGIBILITY,v2026-08-11,2026-03-21..2026-08-06,baccarat_bet02_101_all_pairs_incl_sentinel,round_win = game_pnl > 0 (decisive only),COMPATIBILITY_ONLY_NOT_PRODUCTION,4059548.3812,3680416.6879,6656.9809,9707,9692,-0.00163983,0.01249836,-0.00525961,-0.00163983,-6656.9809,4059548.3812,OK,0.0000,266.2792,4.0000,96.0000,AG03-UNRESOLVED,ALL5_LEVELS_bet23_to_bet27,266.2792,266.2792,266.2792,0.0000,0.0000,4.000000,4.000000,4.000000,0.000000,0.000000,96.000000,96.000000,96.000000,100.000000,100.000000,5.0,798.8377,767.3102,5858.1432,5889.6706,PENDING_AG03,FALSE,NOT_FOR_ENFORCEMENT,6390.7016,3533200.0204,6656.9809,6390.7016,266.2792,0.00163983,0.00157424,266.2792,6390.7016,0.00157424,266.2792,266.2792,266.2792,0.0000,0.0000,6390.7016,0.00157424,798.8377,767.3102,5858.1432,5889.6706,0.00144305,0.00145082,0.00006559,418.2083,379.7376,0.6869,61.6387,1.8384,37588.4109,89.7407,538.3845,395.5999,218.4789,430.6076,432.5446,432.5446,1046.441,1081.3617,427.0584,0.0,2.43015,2.511246,0.971205,30,216,96,2,0.20383968,0.00163983,-0.01249836,0E-8,0.000000,0.906607,0.000000,0.01775797,2026-03-22,2026-08-06,108,3621,2443,138,0.782609,1.360932,1.287360,0.679466,,,,,,,,GLOBAL_BASELINE_NO_ENTITY_RANKING,,,NOT_APPLICABLE_GLOBAL_BASELINE,HF9g-P5,,,,X 全窗基线 · 不参与实体赏罚,14199336,1420,A168_HF9F_20260827_0900,2026-08-27 09:00:00
2026-06-12,57024343,2142,0,861.2151746114,-21.5303793653,-21.5303793653,0.5000000,2,2,0.50665070000000000,0.506650700000,-0.018812684590367487,-0.018812684590367487,-0.018812684590367487,0E-17,ELIGIBLE,R03b_20260811_FULL_v1,L1_ELIGIBILITY,v2026-08-11,2026-03-21..2026-08-06,baccarat_bet02_101_all_pairs_incl_sentinel,round_win = game_pnl > 0 (decisive only),COMPATIBILITY_ONLY_NOT_PRODUCTION,4059548.3812,3680416.6879,6656.9809,9707,9692,-0.00163983,0.01249836,-0.00525961,-0.00163983,-6656.9809,4059548.3812,OK,0.0000,266.2792,4.0000,96.0000,AG03-UNRESOLVED,ALL5_LEVELS_bet23_to_bet27,266.2792,266.2792,266.2792,0.0000,0.0000,4.000000,4.000000,4.000000,0.000000,0.000000,96.000000,96.000000,96.000000,100.000000,100.000000,5.0,798.8377,767.3102,5858.1432,5889.6706,PENDING_AG03,FALSE,NOT_FOR_ENFORCEMENT,6390.7016,3533200.0204,6656.9809,6390.7016,266.2792,0.00163983,0.00157424,266.2792,6390.7016,0.00157424,266.2792,266.2792,266.2792,0.0000,0.0000,6390.7016,0.00157424,798.8377,767.3102,5858.1432,5889.6706,0.00144305,0.00145082,0.00006559,418.2083,379.7376,0.6869,61.6387,1.8384,37588.4109,89.7407,538.3845,395.5999,218.4789,430.6076,432.5446,432.5446,1046.441,1081.3617,427.0584,0.0,2.43015,2.511246,0.971205,30,216,96,2,0.20383968,0.00163983,-0.01249836,0E-8,0.000000,0.906607,0.000000,0.01775797,2026-03-22,2026-08-06,108,3621,2443,138,0.782609,1.360932,1.287360,0.679466,,,,,,,,GLOBAL_BASELINE_NO_ENTITY_RANKING,,,NOT_APPLICABLE_GLOBAL_BASELINE,HF9g-P5,,,,X 全窗基线 · 不参与实体赏罚,14199337,1420,A168_HF9F_20260827_0900,2026-08-27 09:00:00
2026-06-12,57024343,2156,0,430.6075873057,409.0772079404,409.0772079404,1.0000000,1,1,0.50665070000000000,0.506650700000,0.9867858985152569,0.9867858985152569,0.9867858985152569,0E-17,ELIGIBLE,R03b_20260811_FULL_v1,L1_ELIGIBILITY,v2026-08-11,2026-03-21..2026-08-06,baccarat_bet02_101_all_pairs_incl_sentinel,round_win = game_pnl > 0 (decisive only),COMPATIBILITY_ONLY_NOT_PRODUCTION,4059548.3812,3680416.6879,6656.9809,9707,9692,-0.00163983,0.01249836,-0.00525961,-0.00163983,-6656.9809,4059548.3812,OK,0.0000,266.2792,4.0000,96.0000,AG03-UNRESOLVED,ALL5_LEVELS_bet23_to_bet27,266.2792,266.2792,266.2792,0.0000,0.0000,4.000000,4.000000,4.000000,0.000000,0.000000,96.000000,96.000000,96.000000,100.000000,100.000000,5.0,798.8377,767.3102,5858.1432,5889.6706,PENDING_AG03,FALSE,NOT_FOR_ENFORCEMENT,6390.7016,3533200.0204,6656.9809,6390.7016,266.2792,0.00163983,0.00157424,266.2792,6390.7016,0.00157424,266.2792,266.2792,266.2792,0.0000,0.0000,6390.7016,0.00157424,798.8377,767.3102,5858.1432,5889.6706,0.00144305,0.00145082,0.00006559,418.2083,379.7376,0.6869,61.6387,1.8384,37588.4109,89.7407,538.3845,395.5999,218.4789,430.6076,432.5446,432.5446,1046.441,1081.3617,427.0584,0.0,2.43015,2.511246,0.971205,30,216,96,2,0.20383968,0.00163983,-0.01249836,0E-8,0.000000,0.906607,0.000000,0.01775797,2026-03-22,2026-08-06,108,3621,2443,138,0.782609,1.360932,1.287360,0.679466,,,,,,,,GLOBAL_BASELINE_NO_ENTITY_RANKING,,,NOT_APPLICABLE_GLOBAL_BASELINE,HF9g-P5,,,,X 全窗基线 · 不参与实体赏罚,14199338,1420,A168_HF9F_20260827_0900,2026-08-27 09:00:00
2026-06-12,57024343,2170,0,1076.5189682642,193.7734142875,193.7734142875,0.6666667,3,3,0.50218230000000000,0.502182300000,0.5697959874915163,0.5697959874915164,0.5697959874915163,0E-17,ELIGIBLE,R03b_20260811_FULL_v1,L1_ELIGIBILITY,v2026-08-11,2026-03-21..2026-08-06,baccarat_bet02_101_all_pairs_incl_sentinel,round_win = game_pnl > 0 (decisive only),COMPATIBILITY_ONLY_NOT_PRODUCTION,4059548.3812,3680416.6879,6656.9809,9707,9692,-0.00163983,0.01249836,-0.00525961,-0.00163983,-6656.9809,4059548.3812,OK,0.0000,266.2792,4.0000,96.0000,AG03-UNRESOLVED,ALL5_LEVELS_bet23_to_bet27,266.2792,266.2792,266.2792,0.0000,0.0000,4.000000,4.000000,4.000000,0.000000,0.000000,96.000000,96.000000,96.000000,100.000000,100.000000,5.0,798.8377,767.3102,5858.1432,5889.6706,PENDING_AG03,FALSE,NOT_FOR_ENFORCEMENT,6390.7016,3533200.0204,6656.9809,6390.7016,266.2792,0.00163983,0.00157424,266.2792,6390.7016,0.00157424,266.2792,266.2792,266.2792,0.0000,0.0000,6390.7016,0.00157424,798.8377,767.3102,5858.1432,5889.6706,0.00144305,0.00145082,0.00006559,418.2083,379.7376,0.6869,61.6387,1.8384,37588.4109,89.7407,538.3845,395.5999,218.4789,430.6076,432.5446,432.5446,1046.441,1081.3617,427.0584,0.0,2.43015,2.511246,0.971205,30,216,96,2,0.20383968,0.00163983,-0.01249836,0E-8,0.000000,0.906607,0.000000,0.01775797,2026-03-22,2026-08-06,108,3621,2443,138,0.782609,1.360932,1.287360,0.679466,,,,,,,,GLOBAL_BASELINE_NO_ENTITY_RANKING,,,NOT_APPLICABLE_GLOBAL_BASELINE,HF9g-P5,,,,X 全窗基线 · 不参与实体赏罚,14199339,1420,A168_HF9F_20260827_0900,2026-08-27 09:00:00
2026-06-12,57024343,2209,0,430.6075873057,-430.6075873057,-430.6075873057,0E-7,1,1,0.50665070000000000,0.506650700000,-1.013391052207602,-1.013391052207602,-1.013391052207602,0E-17,ELIGIBLE,R03b_20260811_FULL_v1,L1_ELIGIBILITY,v2026-08-11,2026-03-21..2026-08-06,baccarat_bet02_101_all_pairs_incl_sentinel,round_win = game_pnl > 0 (decisive only),COMPATIBILITY_ONLY_NOT_PRODUCTION,4059548.3812,3680416.6879,6656.9809,9707,9692,-0.00163983,0.01249836,-0.00525961,-0.00163983,-6656.9809,4059548.3812,OK,0.0000,266.2792,4.0000,96.0000,AG03-UNRESOLVED,ALL5_LEVELS_bet23_to_bet27,266.2792,266.2792,266.2792,0.0000,0.0000,4.000000,4.000000,4.000000,0.000000,0.000000,96.000000,96.000000,96.000000,100.000000,100.000000,5.0,798.8377,767.3102,5858.1432,5889.6706,PENDING_AG03,FALSE,NOT_FOR_ENFORCEMENT,6390.7016,3533200.0204,6656.9809,6390.7016,266.2792,0.00163983,0.00157424,266.2792,6390.7016,0.00157424,266.2792,266.2792,266.2792,0.0000,0.0000,6390.7016,0.00157424,798.8377,767.3102,5858.1432,5889.6706,0.00144305,0.00145082,0.00006559,418.2083,379.7376,0.6869,61.6387,1.8384,37588.4109,89.7407,538.3845,395.5999,218.4789,430.6076,432.5446,432.5446,1046.441,1081.3617,427.0584,0.0,2.43015,2.511246,0.971205,30,216,96,2,0.20383968,0.00163983,-0.01249836,0E-8,0.000000,0.906607,0.000000,0.01775797,2026-03-22,2026-08-06,108,3621,2443,138,0.782609,1.360932,1.287360,0.679466,,,,,,,,GLOBAL_BASELINE_NO_ENTITY_RANKING,,,NOT_APPLICABLE_GLOBAL_BASELINE,HF9g-P5,,,,X 全窗基线 · 不参与实体赏罚,14199340,1420,A168_HF9F_20260827_0900,2026-08-27 09:00:00
2026-06-12,57024343,2212,0,430.6075873057,-430.6075873057,-430.6075873057,0E-7,1,1,0.50665070000000000,0.506650700000,-1.013391052207602,-1.013391052207602,-1.013391052207602,0E-17,ELIGIBLE,R03b_20260811_FULL_v1,L1_ELIGIBILITY,v2026-08-11,2026-03-21..2026-08-06,baccarat_bet02_101_all_pairs_incl_sentinel,round_win = game_pnl > 0 (decisive only),COMPATIBILITY_ONLY_NOT_PRODUCTION,4059548.3812,3680416.6879,6656.9809,9707,9692,-0.00163983,0.01249836,-0.00525961,-0.00163983,-6656.9809,4059548.3812,OK,0.0000,266.2792,4.0000,96.0000,AG03-UNRESOLVED,ALL5_LEVELS_bet23_to_bet27,266.2792,266.2792,266.2792,0.0000,0.0000,4.000000,4.000000,4.000000,0.000000,0.000000,96.000000,96.000000,96.000000,100.000000,100.000000,5.0,798.8377,767.3102,5858.1432,5889.6706,PENDING_AG03,FALSE,NOT_FOR_ENFORCEMENT,6390.7016,3533200.0204,6656.9809,6390.7016,266.2792,0.00163983,0.00157424,266.2792,6390.7016,0.00157424,266.2792,266.2792,266.2792,0.0000,0.0000,6390.7016,0.00157424,798.8377,767.3102,5858.1432,5889.6706,0.00144305,0.00145082,0.00006559,418.2083,379.7376,0.6869,61.6387,1.8384,37588.4109,89.7407,538.3845,395.5999,218.4789,430.6076,432.5446,432.5446,1046.441,1081.3617,427.0584,0.0,2.43015,2.511246,0.971205,30,216,96,2,0.20383968,0.00163983,-0.01249836,0E-8,0.000000,0.906607,0.000000,0.01775797,2026-03-22,2026-08-06,108,3621,2443,138,0.782609,1.360932,1.287360,0.679466,,,,,,,,GLOBAL_BASELINE_NO_ENTITY_RANKING,,,NOT_APPLICABLE_GLOBAL_BASELINE,HF9g-P5,,,,X 全窗基线 · 不参与实体赏罚,14199341,1420,A168_HF9F_20260827_0900,2026-08-27 09:00:00
2026-06-12,57024343,2222,0,430.6075873057,-430.6075873057,-430.6075873057,0E-7,1,1,0.50665070000000000,0.506650700000,-1.013391052207602,-1.013391052207602,-1.013391052207602,0E-17,ELIGIBLE,R03b_20260811_FULL_v1,L1_ELIGIBILITY,v2026-08-11,2026-03-21..2026-08-06,baccarat_bet02_101_all_pairs_incl_sentinel,round_win = game_pnl > 0 (decisive only),COMPATIBILITY_ONLY_NOT_PRODUCTION,4059548.3812,3680416.6879,6656.9809,9707,9692,-0.00163983,0.01249836,-0.00525961,-0.00163983,-6656.9809,4059548.3812,OK,0.0000,266.2792,4.0000,96.0000,AG03-UNRESOLVED,ALL5_LEVELS_bet23_to_bet27,266.2792,266.2792,266.2792,0.0000,0.0000,4.000000,4.000000,4.000000,0.000000,0.000000,96.000000,96.000000,96.000000,100.000000,100.000000,5.0,798.8377,767.3102,5858.1432,5889.6706,PENDING_AG03,FALSE,NOT_FOR_ENFORCEMENT,6390.7016,3533200.0204,6656.9809,6390.7016,266.2792,0.00163983,0.00157424,266.2792,6390.7016,0.00157424,266.2792,266.2792,266.2792,0.0000,0.0000,6390.7016,0.00157424,798.8377,767.3102,5858.1432,5889.6706,0.00144305,0.00145082,0.00006559,418.2083,379.7376,0.6869,61.6387,1.8384,37588.4109,89.7407,538.3845,395.5999,218.4789,430.6076,432.5446,432.5446,1046.441,1081.3617,427.0584,0.0,2.43015,2.511246,0.971205,30,216,96,2,0.20383968,0.00163983,-0.01249836,0E-8,0.000000,0.906607,0.000000,0.01775797,2026-03-22,2026-08-06,108,3621,2443,138,0.782609,1.360932,1.287360,0.679466,,,,,,,,GLOBAL_BASELINE_NO_ENTITY_RANKING,,,NOT_APPLICABLE_GLOBAL_BASELINE,HF9g-P5,,,,X 全窗基线 · 不参与实体赏罚,14199342,1420,A168_HF9F_20260827_0900,2026-08-27 09:00:00
2026-06-12,57024343,2229,0,861.2151746114,-21.5303793653,-21.5303793653,0.5000000,2,2,0.50665070000000000,0.506650700000,-0.018812684590367487,-0.018812684590367487,-0.018812684590367487,0E-17,ELIGIBLE,R03b_20260811_FULL_v1,L1_ELIGIBILITY,v2026-08-11,2026-03-21..2026-08-06,baccarat_bet02_101_all_pairs_incl_sentinel,round_win = game_pnl > 0 (decisive only),COMPATIBILITY_ONLY_NOT_PRODUCTION,4059548.3812,3680416.6879,6656.9809,9707,9692,-0.00163983,0.01249836,-0.00525961,-0.00163983,-6656.9809,4059548.3812,OK,0.0000,266.2792,4.0000,96.0000,AG03-UNRESOLVED,ALL5_LEVELS_bet23_to_bet27,266.2792,266.2792,266.2792,0.0000,0.0000,4.000000,4.000000,4.000000,0.000000,0.000000,96.000000,96.000000,96.000000,100.000000,100.000000,5.0,798.8377,767.3102,5858.1432,5889.6706,PENDING_AG03,FALSE,NOT_FOR_ENFORCEMENT,6390.7016,3533200.0204,6656.9809,6390.7016,266.2792,0.00163983,0.00157424,266.2792,6390.7016,0.00157424,266.2792,266.2792,266.2792,0.0000,0.0000,6390.7016,0.00157424,798.8377,767.3102,5858.1432,5889.6706,0.00144305,0.00145082,0.00006559,418.2083,379.7376,0.6869,61.6387,1.8384,37588.4109,89.7407,538.3845,395.5999,218.4789,430.6076,432.5446,432.5446,1046.441,1081.3617,427.0584,0.0,2.43015,2.511246,0.971205,30,216,96,2,0.20383968,0.00163983,-0.01249836,0E-8,0.000000,0.906607,0.000000,0.01775797,2026-03-22,2026-08-06,108,3621,2443,138,0.782609,1.360932,1.287360,0.679466,,,,,,,,GLOBAL_BASELINE_NO_ENTITY_RANKING,,,NOT_APPLICABLE_GLOBAL_BASELINE,HF9g-P5,,,,X 全窗基线 · 不参与实体赏罚,14199343,1420,A168_HF9F_20260827_0900,2026-08-27 09:00:00
2026-06-12,57024343,2254,0,861.2151746114,-21.5303793653,-21.5303793653,0.5000000,2,2,0.49994810000000000,0.499948100000,0.00014679536856514622,0.00014679536856514622,0.00014679536856514622,0E-17,ELIGIBLE,R03b_20260811_FULL_v1,L1_ELIGIBILITY,v2026-08-11,2026-03-21..2026-08-06,baccarat_bet02_101_all_pairs_incl_sentinel,round_win = game_pnl > 0 (decisive only),COMPATIBILITY_ONLY_NOT_PRODUCTION,4059548.3812,3680416.6879,6656.9809,9707,9692,-0.00163983,0.01249836,-0.00525961,-0.00163983,-6656.9809,4059548.3812,OK,0.0000,266.2792,4.0000,96.0000,AG03-UNRESOLVED,ALL5_LEVELS_bet23_to_bet27,266.2792,266.2792,266.2792,0.0000,0.0000,4.000000,4.000000,4.000000,0.000000,0.000000,96.000000,96.000000,96.000000,100.000000,100.000000,5.0,798.8377,767.3102,5858.1432,5889.6706,PENDING_AG03,FALSE,NOT_FOR_ENFORCEMENT,6390.7016,3533200.0204,6656.9809,6390.7016,266.2792,0.00163983,0.00157424,266.2792,6390.7016,0.00157424,266.2792,266.2792,266.2792,0.0000,0.0000,6390.7016,0.00157424,798.8377,767.3102,5858.1432,5889.6706,0.00144305,0.00145082,0.00006559,418.2083,379.7376,0.6869,61.6387,1.8384,37588.4109,89.7407,538.3845,395.5999,218.4789,430.6076,432.5446,432.5446,1046.441,1081.3617,427.0584,0.0,2.43015,2.511246,0.971205,30,216,96,2,0.20383968,0.00163983,-0.01249836,0E-8,0.000000,0.906607,0.000000,0.01775797,2026-03-22,2026-08-06,108,3621,2443,138,0.782609,1.360932,1.287360,0.679466,,,,,,,,GLOBAL_BASELINE_NO_ENTITY_RANKING,,,NOT_APPLICABLE_GLOBAL_BASELINE,HF9g-P5,,,,X 全窗基线 · 不参与实体赏罚,14199344,1420,A168_HF9F_20260827_0900,2026-08-27 09:00:00
2026-06-12,57024343,2258,0,430.6075873057,-430.6075873057,-430.6075873057,0E-7,1,1,0.50665070000000000,0.506650700000,-1.013391052207602,-1.013391052207602,-1.013391052207602,0E-17,ELIGIBLE,R03b_20260811_FULL_v1,L1_ELIGIBILITY,v2026-08-11,2026-03-21..2026-08-06,baccarat_bet02_101_all_pairs_incl_sentinel,round_win = game_pnl > 0 (decisive only),COMPATIBILITY_ONLY_NOT_PRODUCTION,4059548.3812,3680416.6879,6656.9809,9707,9692,-0.00163983,0.01249836,-0.00525961,-0.00163983,-6656.9809,4059548.3812,OK,0.0000,266.2792,4.0000,96.0000,AG03-UNRESOLVED,ALL5_LEVELS_bet23_to_bet27,266.2792,266.2792,266.2792,0.0000,0.0000,4.000000,4.000000,4.000000,0.000000,0.000000,96.000000,96.000000,96.000000,100.000000,100.000000,5.0,798.8377,767.3102,5858.1432,5889.6706,PENDING_AG03,FALSE,NOT_FOR_ENFORCEMENT,6390.7016,3533200.0204,6656.9809,6390.7016,266.2792,0.00163983,0.00157424,266.2792,6390.7016,0.00157424,266.2792,266.2792,266.2792,0.0000,0.0000,6390.7016,0.00157424,798.8377,767.3102,5858.1432,5889.6706,0.00144305,0.00145082,0.00006559,418.2083,379.7376,0.6869,61.6387,1.8384,37588.4109,89.7407,538.3845,395.5999,218.4789,430.6076,432.5446,432.5446,1046.441,1081.3617,427.0584,0.0,2.43015,2.511246,0.971205,30,216,96,2,0.20383968,0.00163983,-0.01249836,0E-8,0.000000,0.906607,0.000000,0.01775797,2026-03-22,2026-08-06,108,3621,2443,138,0.782609,1.360932,1.287360,0.679466,,,,,,,,GLOBAL_BASELINE_NO_ENTITY_RANKING,,,NOT_APPLICABLE_GLOBAL_BASELINE,HF9g-P5,,,,X 全窗基线 · 不参与实体赏罚,14199345,1420,A168_HF9F_20260827_0900,2026-08-27 09:00:00
2026-06-12,57024343,2287,0,430.6075873057,-430.6075873057,-430.6075873057,0E-7,1,1,0.49324550000000000,0.493245500000,-0.9865810262130424,-0.9865810262130424,-0.9865810262130424,0E-17,ELIGIBLE,R03b_20260811_FULL_v1,L1_ELIGIBILITY,v2026-08-11,2026-03-21..2026-08-06,baccarat_bet02_101_all_pairs_incl_sentinel,round_win = game_pnl > 0 (decisive only),COMPATIBILITY_ONLY_NOT_PRODUCTION,4059548.3812,3680416.6879,6656.9809,9707,9692,-0.00163983,0.01249836,-0.00525961,-0.00163983,-6656.9809,4059548.3812,OK,0.0000,266.2792,4.0000,96.0000,AG03-UNRESOLVED,ALL5_LEVELS_bet23_to_bet27,266.2792,266.2792,266.2792,0.0000,0.0000,4.000000,4.000000,4.000000,0.000000,0.000000,96.000000,96.000000,96.000000,100.000000,100.000000,5.0,798.8377,767.3102,5858.1432,5889.6706,PENDING_AG03,FALSE,NOT_FOR_ENFORCEMENT,6390.7016,3533200.0204,6656.9809,6390.7016,266.2792,0.00163983,0.00157424,266.2792,6390.7016,0.00157424,266.2792,266.2792,266.2792,0.0000,0.0000,6390.7016,0.00157424,798.8377,767.3102,5858.1432,5889.6706,0.00144305,0.00145082,0.00006559,418.2083,379.7376,0.6869,61.6387,1.8384,37588.4109,89.7407,538.3845,395.5999,218.4789,430.6076,432.5446,432.5446,1046.441,1081.3617,427.0584,0.0,2.43015,2.511246,0.971205,30,216,96,2,0.20383968,0.00163983,-0.01249836,0E-8,0.000000,0.906607,0.000000,0.01775797,2026-03-22,2026-08-06,108,3621,2443,138,0.782609,1.360932,1.287360,0.679466,,,,,,,,GLOBAL_BASELINE_NO_ENTITY_RANKING,,,NOT_APPLICABLE_GLOBAL_BASELINE,HF9g-P5,,,,X 全窗基线 · 不参与实体赏罚,14199346,1420,A168_HF9F_20260827_0900,2026-08-27 09:00:00
2026-06-12,57024343,471,0,861.2151746114,818.1544158808,818.1544158808,1.0000000,2,2,0.50665070000000000,0.506650700000,1.3955260008387969,1.3955260008387969,1.3955260008387969,0E-17,ELIGIBLE,R03b_20260811_FULL_v1,L1_ELIGIBILITY,v2026-08-11,2026-03-21..2026-08-06,baccarat_bet02_101_all_pairs_incl_sentinel,round_win = game_pnl > 0 (decisive only),COMPATIBILITY_ONLY_NOT_PRODUCTION,4059548.3812,3680416.6879,6656.9809,9707,9692,-0.00163983,0.01249836,-0.00525961,-0.00163983,-6656.9809,4059548.3812,OK,0.0000,266.2792,4.0000,96.0000,AG03-UNRESOLVED,ALL5_LEVELS_bet23_to_bet27,266.2792,266.2792,266.2792,0.0000,0.0000,4.000000,4.000000,4.000000,0.000000,0.000000,96.000000,96.000000,96.000000,100.000000,100.000000,5.0,798.8377,767.3102,5858.1432,5889.6706,PENDING_AG03,FALSE,NOT_FOR_ENFORCEMENT,6390.7016,3533200.0204,6656.9809,6390.7016,266.2792,0.00163983,0.00157424,266.2792,6390.7016,0.00157424,266.2792,266.2792,266.2792,0.0000,0.0000,6390.7016,0.00157424,798.8377,767.3102,5858.1432,5889.6706,0.00144305,0.00145082,0.00006559,418.2083,379.7376,0.6869,61.6387,1.8384,37588.4109,89.7407,538.3845,395.5999,218.4789,430.6076,432.5446,432.5446,1046.441,1081.3617,427.0584,0.0,2.43015,2.511246,0.971205,30,216,96,2,0.20383968,0.00163983,-0.01249836,0E-8,0.000000,0.906607,0.000000,0.01775797,2026-03-22,2026-08-06,108,3621,2443,138,0.782609,1.360932,1.287360,0.679466,,,,,,,,GLOBAL_BASELINE_NO_ENTITY_RANKING,,,NOT_APPLICABLE_GLOBAL_BASELINE,HF9g-P5,,,,X 全窗基线 · 不参与实体赏罚,14199347,1420,A168_HF9F_20260827_0900,2026-08-27 09:00:00
2026-06-12,57024343,526,0,861.2151746114,818.1544158808,818.1544158808,1.0000000,2,2,0.50665070000000000,0.506650700000,1.3955260008387969,1.3955260008387969,1.3955260008387969,0E-17,ELIGIBLE,R03b_20260811_FULL_v1,L1_ELIGIBILITY,v2026-08-11,2026-03-21..2026-08-06,baccarat_bet02_101_all_pairs_incl_sentinel,round_win = game_pnl > 0 (decisive only),COMPATIBILITY_ONLY_NOT_PRODUCTION,4059548.3812,3680416.6879,6656.9809,9707,9692,-0.00163983,0.01249836,-0.00525961,-0.00163983,-6656.9809,4059548.3812,OK,0.0000,266.2792,4.0000,96.0000,AG03-UNRESOLVED,ALL5_LEVELS_bet23_to_bet27,266.2792,266.2792,266.2792,0.0000,0.0000,4.000000,4.000000,4.000000,0.000000,0.000000,96.000000,96.000000,96.000000,100.000000,100.000000,5.0,798.8377,767.3102,5858.1432,5889.6706,PENDING_AG03,FALSE,NOT_FOR_ENFORCEMENT,6390.7016,3533200.0204,6656.9809,6390.7016,266.2792,0.00163983,0.00157424,266.2792,6390.7016,0.00157424,266.2792,266.2792,266.2792,0.0000,0.0000,6390.7016,0.00157424,798.8377,767.3102,5858.1432,5889.6706,0.00144305,0.00145082,0.00006559,418.2083,379.7376,0.6869,61.6387,1.8384,37588.4109,89.7407,538.3845,395.5999,218.4789,430.6076,432.5446,432.5446,1046.441,1081.3617,427.0584,0.0,2.43015,2.511246,0.971205,30,216,96,2,0.20383968,0.00163983,-0.01249836,0E-8,0.000000,0.906607,0.000000,0.01775797,2026-03-22,2026-08-06,108,3621,2443,138,0.782609,1.360932,1.287360,0.679466,,,,,,,,GLOBAL_BASELINE_NO_ENTITY_RANKING,,,NOT_APPLICABLE_GLOBAL_BASELINE,HF9g-P5,,,,X 全窗基线 · 不参与实体赏罚,14199348,1420,A168_HF9F_20260827_0900,2026-08-27 09:00:00
2026-06-12,57024343,529,0,645.9113809585,-430.6075873057,-430.6075873057,0E-7,2,2,0.50665070000000000,0.506650700000,-1.013391052207602,-1.013391052207602,-1.013391052207602,0E-17,ELIGIBLE,R03b_20260811_FULL_v1,L1_ELIGIBILITY,v2026-08-11,2026-03-21..2026-08-06,baccarat_bet02_101_all_pairs_incl_sentinel,round_win = game_pnl > 0 (decisive only),COMPATIBILITY_ONLY_NOT_PRODUCTION,4059548.3812,3680416.6879,6656.9809,9707,9692,-0.00163983,0.01249836,-0.00525961,-0.00163983,-6656.9809,4059548.3812,OK,0.0000,266.2792,4.0000,96.0000,AG03-UNRESOLVED,ALL5_LEVELS_bet23_to_bet27,266.2792,266.2792,266.2792,0.0000,0.0000,4.000000,4.000000,4.000000,0.000000,0.000000,96.000000,96.000000,96.000000,100.000000,100.000000,5.0,798.8377,767.3102,5858.1432,5889.6706,PENDING_AG03,FALSE,NOT_FOR_ENFORCEMENT,6390.7016,3533200.0204,6656.9809,6390.7016,266.2792,0.00163983,0.00157424,266.2792,6390.7016,0.00157424,266.2792,266.2792,266.2792,0.0000,0.0000,6390.7016,0.00157424,798.8377,767.3102,5858.1432,5889.6706,0.00144305,0.00145082,0.00006559,418.2083,379.7376,0.6869,61.6387,1.8384,37588.4109,89.7407,538.3845,395.5999,218.4789,430.6076,432.5446,432.5446,1046.441,1081.3617,427.0584,0.0,2.43015,2.511246,0.971205,30,216,96,2,0.20383968,0.00163983,-0.01249836,0E-8,0.000000,0.906607,0.000000,0.01775797,2026-03-22,2026-08-06,108,3621,2443,138,0.782609,1.360932,1.287360,0.679466,,,,,,,,GLOBAL_BASELINE_NO_ENTITY_RANKING,,,NOT_APPLICABLE_GLOBAL_BASELINE,HF9g-P5,,,,X 全窗基线 · 不参与实体赏罚,14199349,1420,A168_HF9F_20260827_0900,2026-08-27 09:00:00
2026-06-12,57024343,970,0,430.6075873057,409.0772079404,409.0772079404,1.0000000,1,1,0.50665070000000000,0.506650700000,0.9867858985152569,0.9867858985152569,0.9867858985152569,0E-17,ELIGIBLE,R03b_20260811_FULL_v1,L1_ELIGIBILITY,v2026-08-11,2026-03-21..2026-08-06,baccarat_bet02_101_all_pairs_incl_sentinel,round_win = game_pnl > 0 (decisive only),COMPATIBILITY_ONLY_NOT_PRODUCTION,4059548.3812,3680416.6879,6656.9809,9707,9692,-0.00163983,0.01249836,-0.00525961,-0.00163983,-6656.9809,4059548.3812,OK,0.0000,266.2792,4.0000,96.0000,AG03-UNRESOLVED,ALL5_LEVELS_bet23_to_bet27,266.2792,266.2792,266.2792,0.0000,0.0000,4.000000,4.000000,4.000000,0.000000,0.000000,96.000000,96.000000,96.000000,100.000000,100.000000,5.0,798.8377,767.3102,5858.1432,5889.6706,PENDING_AG03,FALSE,NOT_FOR_ENFORCEMENT,6390.7016,3533200.0204,6656.9809,6390.7016,266.2792,0.00163983,0.00157424,266.2792,6390.7016,0.00157424,266.2792,266.2792,266.2792,0.0000,0.0000,6390.7016,0.00157424,798.8377,767.3102,5858.1432,5889.6706,0.00144305,0.00145082,0.00006559,418.2083,379.7376,0.6869,61.6387,1.8384,37588.4109,89.7407,538.3845,395.5999,218.4789,430.6076,432.5446,432.5446,1046.441,1081.3617,427.0584,0.0,2.43015,2.511246,0.971205,30,216,96,2,0.20383968,0.00163983,-0.01249836,0E-8,0.000000,0.906607,0.000000,0.01775797,2026-03-22,2026-08-06,108,3621,2443,138,0.782609,1.360932,1.287360,0.679466,,,,,,,,GLOBAL_BASELINE_NO_ENTITY_RANKING,,,NOT_APPLICABLE_GLOBAL_BASELINE,HF9g-P5,,,,X 全窗基线 · 不参与实体赏罚,14199350,1420,A168_HF9F_20260827_0900,2026-08-27 09:00:00
2026-06-12,57024343,986,0,215.3037936528,-215.3037936528,-215.3037936528,0E-7,1,1,0.49324550000000000,0.493245500000,-0.9865810262130424,-0.9865810262130424,-0.9865810262130424,0E-17,ELIGIBLE,R03b_20260811_FULL_v1,L1_ELIGIBILITY,v2026-08-11,2026-03-21..2026-08-06,baccarat_bet02_101_all_pairs_incl_sentinel,round_win = game_pnl > 0 (decisive only),COMPATIBILITY_ONLY_NOT_PRODUCTION,4059548.3812,3680416.6879,6656.9809,9707,9692,-0.00163983,0.01249836,-0.00525961,-0.00163983,-6656.9809,4059548.3812,OK,0.0000,266.2792,4.0000,96.0000,AG03-UNRESOLVED,ALL5_LEVELS_bet23_to_bet27,266.2792,266.2792,266.2792,0.0000,0.0000,4.000000,4.000000,4.000000,0.000000,0.000000,96.000000,96.000000,96.000000,100.000000,100.000000,5.0,798.8377,767.3102,5858.1432,5889.6706,PENDING_AG03,FALSE,NOT_FOR_ENFORCEMENT,6390.7016,3533200.0204,6656.9809,6390.7016,266.2792,0.00163983,0.00157424,266.2792,6390.7016,0.00157424,266.2792,266.2792,266.2792,0.0000,0.0000,6390.7016,0.00157424,798.8377,767.3102,5858.1432,5889.6706,0.00144305,0.00145082,0.00006559,418.2083,379.7376,0.6869,61.6387,1.8384,37588.4109,89.7407,538.3845,395.5999,218.4789,430.6076,432.5446,432.5446,1046.441,1081.3617,427.0584,0.0,2.43015,2.511246,0.971205,30,216,96,2,0.20383968,0.00163983,-0.01249836,0E-8,0.000000,0.906607,0.000000,0.01775797,2026-03-22,2026-08-06,108,3621,2443,138,0.782609,1.360932,1.287360,0.679466,,,,,,,,GLOBAL_BASELINE_NO_ENTITY_RANKING,,,NOT_APPLICABLE_GLOBAL_BASELINE,HF9g-P5,,,,X 全窗基线 · 不参与实体赏罚,14199351,1420,A168_HF9F_20260827_0900,2026-08-27 09:00:00
2026-06-12,57024343,994,0,215.3037936528,-215.3037936528,-215.3037936528,0E-7,1,1,0.50665070000000000,0.506650700000,-1.013391052207602,-1.013391052207602,-1.013391052207602,0E-17,ELIGIBLE,R03b_20260811_FULL_v1,L1_ELIGIBILITY,v2026-08-11,2026-03-21..2026-08-06,baccarat_bet02_101_all_pairs_incl_sentinel,round_win = game_pnl > 0 (decisive only),COMPATIBILITY_ONLY_NOT_PRODUCTION,4059548.3812,3680416.6879,6656.9809,9707,9692,-0.00163983,0.01249836,-0.00525961,-0.00163983,-6656.9809,4059548.3812,OK,0.0000,266.2792,4.0000,96.0000,AG03-UNRESOLVED,ALL5_LEVELS_bet23_to_bet27,266.2792,266.2792,266.2792,0.0000,0.0000,4.000000,4.000000,4.000000,0.000000,0.000000,96.000000,96.000000,96.000000,100.000000,100.000000,5.0,798.8377,767.3102,5858.1432,5889.6706,PENDING_AG03,FALSE,NOT_FOR_ENFORCEMENT,6390.7016,3533200.0204,6656.9809,6390.7016,266.2792,0.00163983,0.00157424,266.2792,6390.7016,0.00157424,266.2792,266.2792,266.2792,0.0000,0.0000,6390.7016,0.00157424,798.8377,767.3102,5858.1432,5889.6706,0.00144305,0.00145082,0.00006559,418.2083,379.7376,0.6869,61.6387,1.8384,37588.4109,89.7407,538.3845,395.5999,218.4789,430.6076,432.5446,432.5446,1046.441,1081.3617,427.0584,0.0,2.43015,2.511246,0.971205,30,216,96,2,0.20383968,0.00163983,-0.01249836,0E-8,0.000000,0.906607,0.000000,0.01775797,2026-03-22,2026-08-06,108,3621,2443,138,0.782609,1.360932,1.287360,0.679466,,,,,,,,GLOBAL_BASELINE_NO_ENTITY_RANKING,,,NOT_APPLICABLE_GLOBAL_BASELINE,HF9g-P5,,,,X 全窗基线 · 不参与实体赏罚,14199352,1420,A168_HF9F_20260827_0900,2026-08-27 09:00:00
2026-06-13,57024343,-1,1,3444.8606984456,-1765.4911079534,-1765.4911079534,0.2500000,8,8,0.50497505000000000,0.504975050000,-1.4424281003036579,-1.4424281003036579,-1.4424281003036579,0E-17,SENTINEL_DEALER,R03b_20260811_FULL_v1,L1_ELIGIBILITY,v2026-08-11,2026-03-21..2026-08-06,baccarat_bet02_101_all_pairs_incl_sentinel,round_win = game_pnl > 0 (decisive only),COMPATIBILITY_ONLY_NOT_PRODUCTION,4059548.3812,3680416.6879,6656.9809,9707,9692,-0.00163983,0.01249836,-0.00525961,-0.00163983,-6656.9809,4059548.3812,OK,0.0000,266.2792,4.0000,96.0000,AG03-UNRESOLVED,ALL5_LEVELS_bet23_to_bet27,266.2792,266.2792,266.2792,0.0000,0.0000,4.000000,4.000000,4.000000,0.000000,0.000000,96.000000,96.000000,96.000000,100.000000,100.000000,5.0,798.8377,767.3102,5858.1432,5889.6706,PENDING_AG03,FALSE,NOT_FOR_ENFORCEMENT,6390.7016,3533200.0204,6656.9809,6390.7016,266.2792,0.00163983,0.00157424,266.2792,6390.7016,0.00157424,266.2792,266.2792,266.2792,0.0000,0.0000,6390.7016,0.00157424,798.8377,767.3102,5858.1432,5889.6706,0.00144305,0.00145082,0.00006559,418.2083,379.7376,0.6869,61.6387,1.8384,37588.4109,89.7407,538.3845,395.5999,218.4789,430.6076,432.5446,432.5446,1046.441,1081.3617,427.0584,0.0,2.43015,2.511246,0.971205,30,216,96,2,0.20383968,0.00163983,-0.01249836,0E-8,0.000000,0.906607,0.000000,0.01775797,2026-03-22,2026-08-06,108,3621,2443,138,0.782609,1.360932,1.287360,0.679466,,,,,,,,GLOBAL_BASELINE_NO_ENTITY_RANKING,,,NOT_APPLICABLE_GLOBAL_BASELINE,HF9g-P5,,,,X 全窗基线 · 不参与实体赏罚,14199353,1420,A168_HF9F_20260827_0900,2026-08-27 09:00:00
2026-06-13,57024343,1094,0,861.2151746114,409.0772079404,409.0772079404,1.0000000,2,2,0.50665070000000000,0.506650700000,0.9867858985152569,0.9867858985152569,0.9867858985152569,0E-17,ELIGIBLE,R03b_20260811_FULL_v1,L1_ELIGIBILITY,v2026-08-11,2026-03-21..2026-08-06,baccarat_bet02_101_all_pairs_incl_sentinel,round_win = game_pnl > 0 (decisive only),COMPATIBILITY_ONLY_NOT_PRODUCTION,4059548.3812,3680416.6879,6656.9809,9707,9692,-0.00163983,0.01249836,-0.00525961,-0.00163983,-6656.9809,4059548.3812,OK,0.0000,266.2792,4.0000,96.0000,AG03-UNRESOLVED,ALL5_LEVELS_bet23_to_bet27,266.2792,266.2792,266.2792,0.0000,0.0000,4.000000,4.000000,4.000000,0.000000,0.000000,96.000000,96.000000,96.000000,100.000000,100.000000,5.0,798.8377,767.3102,5858.1432,5889.6706,PENDING_AG03,FALSE,NOT_FOR_ENFORCEMENT,6390.7016,3533200.0204,6656.9809,6390.7016,266.2792,0.00163983,0.00157424,266.2792,6390.7016,0.00157424,266.2792,266.2792,266.2792,0.0000,0.0000,6390.7016,0.00157424,798.8377,767.3102,5858.1432,5889.6706,0.00144305,0.00145082,0.00006559,418.2083,379.7376,0.6869,61.6387,1.8384,37588.4109,89.7407,538.3845,395.5999,218.4789,430.6076,432.5446,432.5446,1046.441,1081.3617,427.0584,0.0,2.43015,2.511246,0.971205,30,216,96,2,0.20383968,0.00163983,-0.01249836,0E-8,0.000000,0.906607,0.000000,0.01775797,2026-03-22,2026-08-06,108,3621,2443,138,0.782609,1.360932,1.287360,0.679466,,,,,,,,GLOBAL_BASELINE_NO_ENTITY_RANKING,,,NOT_APPLICABLE_GLOBAL_BASELINE,HF9g-P5,,,,X 全窗基线 · 不参与实体赏罚,14199354,1420,A168_HF9F_20260827_0900,2026-08-27 09:00:00
2026-06-13,57024343,1115,0,3014.2531111399,-495.1987254016,-495.1987254016,0.4285714,7,7,0.50665070000000000,0.506650700000,-0.4131932236838825,-0.4131932236838825,-0.4131932236838825,0E-17,ELIGIBLE,R03b_20260811_FULL_v1,L1_ELIGIBILITY,v2026-08-11,2026-03-21..2026-08-06,baccarat_bet02_101_all_pairs_incl_sentinel,round_win = game_pnl > 0 (decisive only),COMPATIBILITY_ONLY_NOT_PRODUCTION,4059548.3812,3680416.6879,6656.9809,9707,9692,-0.00163983,0.01249836,-0.00525961,-0.00163983,-6656.9809,4059548.3812,OK,0.0000,266.2792,4.0000,96.0000,AG03-UNRESOLVED,ALL5_LEVELS_bet23_to_bet27,266.2792,266.2792,266.2792,0.0000,0.0000,4.000000,4.000000,4.000000,0.000000,0.000000,96.000000,96.000000,96.000000,100.000000,100.000000,5.0,798.8377,767.3102,5858.1432,5889.6706,PENDING_AG03,FALSE,NOT_FOR_ENFORCEMENT,6390.7016,3533200.0204,6656.9809,6390.7016,266.2792,0.00163983,0.00157424,266.2792,6390.7016,0.00157424,266.2792,266.2792,266.2792,0.0000,0.0000,6390.7016,0.00157424,798.8377,767.3102,5858.1432,5889.6706,0.00144305,0.00145082,0.00006559,418.2083,379.7376,0.6869,61.6387,1.8384,37588.4109,89.7407,538.3845,395.5999,218.4789,430.6076,432.5446,432.5446,1046.441,1081.3617,427.0584,0.0,2.43015,2.511246,0.971205,30,216,96,2,0.20383968,0.00163983,-0.01249836,0E-8,0.000000,0.906607,0.000000,0.01775797,2026-03-22,2026-08-06,108,3621,2443,138,0.782609,1.360932,1.287360,0.679466,,,,,,,,GLOBAL_BASELINE_NO_ENTITY_RANKING,,,NOT_APPLICABLE_GLOBAL_BASELINE,HF9g-P5,,,,X 全窗基线 · 不参与实体赏罚,14199355,1420,A168_HF9F_20260827_0900,2026-08-27 09:00:00
2026-06-13,57024343,1304,0,1076.5189682642,-656.6765706412,-656.6765706412,0.3333333,3,3,0.50665070000000000,0.506650700000,-0.6004420894325239,-0.6004420894325239,-0.6004420894325239,0E-17,ELIGIBLE,R03b_20260811_FULL_v1,L1_ELIGIBILITY,v2026-08-11,2026-03-21..2026-08-06,baccarat_bet02_101_all_pairs_incl_sentinel,round_win = game_pnl > 0 (decisive only),COMPATIBILITY_ONLY_NOT_PRODUCTION,4059548.3812,3680416.6879,6656.9809,9707,9692,-0.00163983,0.01249836,-0.00525961,-0.00163983,-6656.9809,4059548.3812,OK,0.0000,266.2792,4.0000,96.0000,AG03-UNRESOLVED,ALL5_LEVELS_bet23_to_bet27,266.2792,266.2792,266.2792,0.0000,0.0000,4.000000,4.000000,4.000000,0.000000,0.000000,96.000000,96.000000,96.000000,100.000000,100.000000,5.0,798.8377,767.3102,5858.1432,5889.6706,PENDING_AG03,FALSE,NOT_FOR_ENFORCEMENT,6390.7016,3533200.0204,6656.9809,6390.7016,266.2792,0.00163983,0.00157424,266.2792,6390.7016,0.00157424,266.2792,266.2792,266.2792,0.0000,0.0000,6390.7016,0.00157424,798.8377,767.3102,5858.1432,5889.6706,0.00144305,0.00145082,0.00006559,418.2083,379.7376,0.6869,61.6387,1.8384,37588.4109,89.7407,538.3845,395.5999,218.4789,430.6076,432.5446,432.5446,1046.441,1081.3617,427.0584,0.0,2.43015,2.511246,0.971205,30,216,96,2,0.20383968,0.00163983,-0.01249836,0E-8,0.000000,0.906607,0.000000,0.01775797,2026-03-22,2026-08-06,108,3621,2443,138,0.782609,1.360932,1.287360,0.679466,,,,,,,,GLOBAL_BASELINE_NO_ENTITY_RANKING,,,NOT_APPLICABLE_GLOBAL_BASELINE,HF9g-P5,,,,X 全窗基线 · 不参与实体赏罚,14199356,1420,A168_HF9F_20260827_0900,2026-08-27 09:00:00
2026-06-13,57024343,1402,0,1722.4303492228,-1722.4303492228,-1722.4303492228,0E-7,4,4,0.50665070000000000,0.506650700000,-2.026782104415204,-2.026782104415204,-2.026782104415204,0E-17,ELIGIBLE,R03b_20260811_FULL_v1,L1_ELIGIBILITY,v2026-08-11,2026-03-21..2026-08-06,baccarat_bet02_101_all_pairs_incl_sentinel,round_win = game_pnl > 0 (decisive only),COMPATIBILITY_ONLY_NOT_PRODUCTION,4059548.3812,3680416.6879,6656.9809,9707,9692,-0.00163983,0.01249836,-0.00525961,-0.00163983,-6656.9809,4059548.3812,OK,0.0000,266.2792,4.0000,96.0000,AG03-UNRESOLVED,ALL5_LEVELS_bet23_to_bet27,266.2792,266.2792,266.2792,0.0000,0.0000,4.000000,4.000000,4.000000,0.000000,0.000000,96.000000,96.000000,96.000000,100.000000,100.000000,5.0,798.8377,767.3102,5858.1432,5889.6706,PENDING_AG03,FALSE,NOT_FOR_ENFORCEMENT,6390.7016,3533200.0204,6656.9809,6390.7016,266.2792,0.00163983,0.00157424,266.2792,6390.7016,0.00157424,266.2792,266.2792,266.2792,0.0000,0.0000,6390.7016,0.00157424,798.8377,767.3102,5858.1432,5889.6706,0.00144305,0.00145082,0.00006559,418.2083,379.7376,0.6869,61.6387,1.8384,37588.4109,89.7407,538.3845,395.5999,218.4789,430.6076,432.5446,432.5446,1046.441,1081.3617,427.0584,0.0,2.43015,2.511246,0.971205,30,216,96,2,0.20383968,0.00163983,-0.01249836,0E-8,0.000000,0.906607,0.000000,0.01775797,2026-03-22,2026-08-06,108,3621,2443,138,0.782609,1.360932,1.287360,0.679466,,,,,,,,GLOBAL_BASELINE_NO_ENTITY_RANKING,,,NOT_APPLICABLE_GLOBAL_BASELINE,HF9g-P5,,,,X 全窗基线 · 不参与实体赏罚,14199357,1420,A168_HF9F_20260827_0900,2026-08-27 09:00:00
2026-06-13,57024343,1645,0,430.6075873057,409.0772079404,409.0772079404,1.0000000,1,1,0.50665070000000000,0.506650700000,0.9867858985152569,0.9867858985152569,0.9867858985152569,0E-17,ELIGIBLE,R03b_20260811_FULL_v1,L1_ELIGIBILITY,v2026-08-11,2026-03-21..2026-08-06,baccarat_bet02_101_all_pairs_incl_sentinel,round_win = game_pnl > 0 (decisive only),COMPATIBILITY_ONLY_NOT_PRODUCTION,4059548.3812,3680416.6879,6656.9809,9707,9692,-0.00163983,0.01249836,-0.00525961,-0.00163983,-6656.9809,4059548.3812,OK,0.0000,266.2792,4.0000,96.0000,AG03-UNRESOLVED,ALL5_LEVELS_bet23_to_bet27,266.2792,266.2792,266.2792,0.0000,0.0000,4.000000,4.000000,4.000000,0.000000,0.000000,96.000000,96.000000,96.000000,100.000000,100.000000,5.0,798.8377,767.3102,5858.1432,5889.6706,PENDING_AG03,FALSE,NOT_FOR_ENFORCEMENT,6390.7016,3533200.0204,6656.9809,6390.7016,266.2792,0.00163983,0.00157424,266.2792,6390.7016,0.00157424,266.2792,266.2792,266.2792,0.0000,0.0000,6390.7016,0.00157424,798.8377,767.3102,5858.1432,5889.6706,0.00144305,0.00145082,0.00006559,418.2083,379.7376,0.6869,61.6387,1.8384,37588.4109,89.7407,538.3845,395.5999,218.4789,430.6076,432.5446,432.5446,1046.441,1081.3617,427.0584,0.0,2.43015,2.511246,0.971205,30,216,96,2,0.20383968,0.00163983,-0.01249836,0E-8,0.000000,0.906607,0.000000,0.01775797,2026-03-22,2026-08-06,108,3621,2443,138,0.782609,1.360932,1.287360,0.679466,,,,,,,,GLOBAL_BASELINE_NO_ENTITY_RANKING,,,NOT_APPLICABLE_GLOBAL_BASELINE,HF9g-P5,,,,X 全窗基线 · 不参与实体赏罚,14199358,1420,A168_HF9F_20260827_0900,2026-08-27 09:00:00
2026-06-13,57024343,1646,0,430.6075873057,-430.6075873057,-430.6075873057,0E-7,1,1,0.50665070000000000,0.506650700000,-1.013391052207602,-1.013391052207602,-1.013391052207602,0E-17,ELIGIBLE,R03b_20260811_FULL_v1,L1_ELIGIBILITY,v2026-08-11,2026-03-21..2026-08-06,baccarat_bet02_101_all_pairs_incl_sentinel,round_win = game_pnl > 0 (decisive only),COMPATIBILITY_ONLY_NOT_PRODUCTION,4059548.3812,3680416.6879,6656.9809,9707,9692,-0.00163983,0.01249836,-0.00525961,-0.00163983,-6656.9809,4059548.3812,OK,0.0000,266.2792,4.0000,96.0000,AG03-UNRESOLVED,ALL5_LEVELS_bet23_to_bet27,266.2792,266.2792,266.2792,0.0000,0.0000,4.000000,4.000000,4.000000,0.000000,0.000000,96.000000,96.000000,96.000000,100.000000,100.000000,5.0,798.8377,767.3102,5858.1432,5889.6706,PENDING_AG03,FALSE,NOT_FOR_ENFORCEMENT,6390.7016,3533200.0204,6656.9809,6390.7016,266.2792,0.00163983,0.00157424,266.2792,6390.7016,0.00157424,266.2792,266.2792,266.2792,0.0000,0.0000,6390.7016,0.00157424,798.8377,767.3102,5858.1432,5889.6706,0.00144305,0.00145082,0.00006559,418.2083,379.7376,0.6869,61.6387,1.8384,37588.4109,89.7407,538.3845,395.5999,218.4789,430.6076,432.5446,432.5446,1046.441,1081.3617,427.0584,0.0,2.43015,2.511246,0.971205,30,216,96,2,0.20383968,0.00163983,-0.01249836,0E-8,0.000000,0.906607,0.000000,0.01775797,2026-03-22,2026-08-06,108,3621,2443,138,0.782609,1.360932,1.287360,0.679466,,,,,,,,GLOBAL_BASELINE_NO_ENTITY_RANKING,,,NOT_APPLICABLE_GLOBAL_BASELINE,HF9g-P5,,,,X 全窗基线 · 不参与实体赏罚,14199359,1420,A168_HF9F_20260827_0900,2026-08-27 09:00:00
2026-06-13,57024343,1702,0,861.2151746114,-21.5303793653,-21.5303793653,0.5000000,2,2,0.50665070000000000,0.506650700000,-0.018812684590367487,-0.018812684590367487,-0.018812684590367487,0E-17,ELIGIBLE,R03b_20260811_FULL_v1,L1_ELIGIBILITY,v2026-08-11,2026-03-21..2026-08-06,baccarat_bet02_101_all_pairs_incl_sentinel,round_win = game_pnl > 0 (decisive only),COMPATIBILITY_ONLY_NOT_PRODUCTION,4059548.3812,3680416.6879,6656.9809,9707,9692,-0.00163983,0.01249836,-0.00525961,-0.00163983,-6656.9809,4059548.3812,OK,0.0000,266.2792,4.0000,96.0000,AG03-UNRESOLVED,ALL5_LEVELS_bet23_to_bet27,266.2792,266.2792,266.2792,0.0000,0.0000,4.000000,4.000000,4.000000,0.000000,0.000000,96.000000,96.000000,96.000000,100.000000,100.000000,5.0,798.8377,767.3102,5858.1432,5889.6706,PENDING_AG03,FALSE,NOT_FOR_ENFORCEMENT,6390.7016,3533200.0204,6656.9809,6390.7016,266.2792,0.00163983,0.00157424,266.2792,6390.7016,0.00157424,266.2792,266.2792,266.2792,0.0000,0.0000,6390.7016,0.00157424,798.8377,767.3102,5858.1432,5889.6706,0.00144305,0.00145082,0.00006559,418.2083,379.7376,0.6869,61.6387,1.8384,37588.4109,89.7407,538.3845,395.5999,218.4789,430.6076,432.5446,432.5446,1046.441,1081.3617,427.0584,0.0,2.43015,2.511246,0.971205,30,216,96,2,0.20383968,0.00163983,-0.01249836,0E-8,0.000000,0.906607,0.000000,0.01775797,2026-03-22,2026-08-06,108,3621,2443,138,0.782609,1.360932,1.287360,0.679466,,,,,,,,GLOBAL_BASELINE_NO_ENTITY_RANKING,,,NOT_APPLICABLE_GLOBAL_BASELINE,HF9g-P5,,,,X 全窗基线 · 不参与实体赏罚,14199360,1420,A168_HF9F_20260827_0900,2026-08-27 09:00:00
2026-06-13,57024343,2122,0,430.6075873057,-430.6075873057,-430.6075873057,0E-7,1,1,0.50665070000000000,0.506650700000,-1.013391052207602,-1.013391052207602,-1.013391052207602,0E-17,ELIGIBLE,R03b_20260811_FULL_v1,L1_ELIGIBILITY,v2026-08-11,2026-03-21..2026-08-06,baccarat_bet02_101_all_pairs_incl_sentinel,round_win = game_pnl > 0 (decisive only),COMPATIBILITY_ONLY_NOT_PRODUCTION,4059548.3812,3680416.6879,6656.9809,9707,9692,-0.00163983,0.01249836,-0.00525961,-0.00163983,-6656.9809,4059548.3812,OK,0.0000,266.2792,4.0000,96.0000,AG03-UNRESOLVED,ALL5_LEVELS_bet23_to_bet27,266.2792,266.2792,266.2792,0.0000,0.0000,4.000000,4.000000,4.000000,0.000000,0.000000,96.000000,96.000000,96.000000,100.000000,100.000000,5.0,798.8377,767.3102,5858.1432,5889.6706,PENDING_AG03,FALSE,NOT_FOR_ENFORCEMENT,6390.7016,3533200.0204,6656.9809,6390.7016,266.2792,0.00163983,0.00157424,266.2792,6390.7016,0.00157424,266.2792,266.2792,266.2792,0.0000,0.0000,6390.7016,0.00157424,798.8377,767.3102,5858.1432,5889.6706,0.00144305,0.00145082,0.00006559,418.2083,379.7376,0.6869,61.6387,1.8384,37588.4109,89.7407,538.3845,395.5999,218.4789,430.6076,432.5446,432.5446,1046.441,1081.3617,427.0584,0.0,2.43015,2.511246,0.971205,30,216,96,2,0.20383968,0.00163983,-0.01249836,0E-8,0.000000,0.906607,0.000000,0.01775797,2026-03-22,2026-08-06,108,3621,2443,138,0.782609,1.360932,1.287360,0.679466,,,,,,,,GLOBAL_BASELINE_NO_ENTITY_RANKING,,,NOT_APPLICABLE_GLOBAL_BASELINE,HF9g-P5,,,,X 全窗基线 · 不参与实体赏罚,14199361,1420,A168_HF9F_20260827_0900,2026-08-27 09:00:00
2026-06-13,57024343,2123,0,2583.6455238342,366.0164492098,366.0164492098,0.6000000,6,6,0.50665070000000000,0.506650700000,0.4175076967804994,0.4175076967804994,0.4175076967804994,0E-17,ELIGIBLE,R03b_20260811_FULL_v1,L1_ELIGIBILITY,v2026-08-11,2026-03-21..2026-08-06,baccarat_bet02_101_all_pairs_incl_sentinel,round_win = game_pnl > 0 (decisive only),COMPATIBILITY_ONLY_NOT_PRODUCTION,4059548.3812,3680416.6879,6656.9809,9707,9692,-0.00163983,0.01249836,-0.00525961,-0.00163983,-6656.9809,4059548.3812,OK,0.0000,266.2792,4.0000,96.0000,AG03-UNRESOLVED,ALL5_LEVELS_bet23_to_bet27,266.2792,266.2792,266.2792,0.0000,0.0000,4.000000,4.000000,4.000000,0.000000,0.000000,96.000000,96.000000,96.000000,100.000000,100.000000,5.0,798.8377,767.3102,5858.1432,5889.6706,PENDING_AG03,FALSE,NOT_FOR_ENFORCEMENT,6390.7016,3533200.0204,6656.9809,6390.7016,266.2792,0.00163983,0.00157424,266.2792,6390.7016,0.00157424,266.2792,266.2792,266.2792,0.0000,0.0000,6390.7016,0.00157424,798.8377,767.3102,5858.1432,5889.6706,0.00144305,0.00145082,0.00006559,418.2083,379.7376,0.6869,61.6387,1.8384,37588.4109,89.7407,538.3845,395.5999,218.4789,430.6076,432.5446,432.5446,1046.441,1081.3617,427.0584,0.0,2.43015,2.511246,0.971205,30,216,96,2,0.20383968,0.00163983,-0.01249836,0E-8,0.000000,0.906607,0.000000,0.01775797,2026-03-22,2026-08-06,108,3621,2443,138,0.782609,1.360932,1.287360,0.679466,,,,,,,,GLOBAL_BASELINE_NO_ENTITY_RANKING,,,NOT_APPLICABLE_GLOBAL_BASELINE,HF9g-P5,,,,X 全窗基线 · 不参与实体赏罚,14199362,1420,A168_HF9F_20260827_0900,2026-08-27 09:00:00
2026-06-13,57024343,2145,0,4306.0758730570,732.0328984196,732.0328984196,0.6000000,10,10,0.50665070000000000,0.506650700000,0.5904450471821361,0.5904450471821361,0.5904450471821361,0E-17,ELIGIBLE,R03b_20260811_FULL_v1,L1_ELIGIBILITY,v2026-08-11,2026-03-21..2026-08-06,baccarat_bet02_101_all_pairs_incl_sentinel,round_win = game_pnl > 0 (decisive only),COMPATIBILITY_ONLY_NOT_PRODUCTION,4059548.3812,3680416.6879,6656.9809,9707,9692,-0.00163983,0.01249836,-0.00525961,-0.00163983,-6656.9809,4059548.3812,OK,0.0000,266.2792,4.0000,96.0000,AG03-UNRESOLVED,ALL5_LEVELS_bet23_to_bet27,266.2792,266.2792,266.2792,0.0000,0.0000,4.000000,4.000000,4.000000,0.000000,0.000000,96.000000,96.000000,96.000000,100.000000,100.000000,5.0,798.8377,767.3102,5858.1432,5889.6706,PENDING_AG03,FALSE,NOT_FOR_ENFORCEMENT,6390.7016,3533200.0204,6656.9809,6390.7016,266.2792,0.00163983,0.00157424,266.2792,6390.7016,0.00157424,266.2792,266.2792,266.2792,0.0000,0.0000,6390.7016,0.00157424,798.8377,767.3102,5858.1432,5889.6706,0.00144305,0.00145082,0.00006559,418.2083,379.7376,0.6869,61.6387,1.8384,37588.4109,89.7407,538.3845,395.5999,218.4789,430.6076,432.5446,432.5446,1046.441,1081.3617,427.0584,0.0,2.43015,2.511246,0.971205,30,216,96,2,0.20383968,0.00163983,-0.01249836,0E-8,0.000000,0.906607,0.000000,0.01775797,2026-03-22,2026-08-06,108,3621,2443,138,0.782609,1.360932,1.287360,0.679466,,,,,,,,GLOBAL_BASELINE_NO_ENTITY_RANKING,,,NOT_APPLICABLE_GLOBAL_BASELINE,HF9g-P5,,,,X 全窗基线 · 不参与实体赏罚,14199363,1420,A168_HF9F_20260827_0900,2026-08-27 09:00:00
2026-06-13,57024343,2175,0,2153.0379365285,-43.0607587306,-43.0607587306,0.5000000,5,5,0.50665070000000000,0.506650700000,-0.02660515369234503,-0.02660515369234503,-0.02660515369234503,0E-17,ELIGIBLE,R03b_20260811_FULL_v1,L1_ELIGIBILITY,v2026-08-11,2026-03-21..2026-08-06,baccarat_bet02_101_all_pairs_incl_sentinel,round_win = game_pnl > 0 (decisive only),COMPATIBILITY_ONLY_NOT_PRODUCTION,4059548.3812,3680416.6879,6656.9809,9707,9692,-0.00163983,0.01249836,-0.00525961,-0.00163983,-6656.9809,4059548.3812,OK,0.0000,266.2792,4.0000,96.0000,AG03-UNRESOLVED,ALL5_LEVELS_bet23_to_bet27,266.2792,266.2792,266.2792,0.0000,0.0000,4.000000,4.000000,4.000000,0.000000,0.000000,96.000000,96.000000,96.000000,100.000000,100.000000,5.0,798.8377,767.3102,5858.1432,5889.6706,PENDING_AG03,FALSE,NOT_FOR_ENFORCEMENT,6390.7016,3533200.0204,6656.9809,6390.7016,266.2792,0.00163983,0.00157424,266.2792,6390.7016,0.00157424,266.2792,266.2792,266.2792,0.0000,0.0000,6390.7016,0.00157424,798.8377,767.3102,5858.1432,5889.6706,0.00144305,0.00145082,0.00006559,418.2083,379.7376,0.6869,61.6387,1.8384,37588.4109,89.7407,538.3845,395.5999,218.4789,430.6076,432.5446,432.5446,1046.441,1081.3617,427.0584,0.0,2.43015,2.511246,0.971205,30,216,96,2,0.20383968,0.00163983,-0.01249836,0E-8,0.000000,0.906607,0.000000,0.01775797,2026-03-22,2026-08-06,108,3621,2443,138,0.782609,1.360932,1.287360,0.679466,,,,,,,,GLOBAL_BASELINE_NO_ENTITY_RANKING,,,NOT_APPLICABLE_GLOBAL_BASELINE,HF9g-P5,,,,X 全窗基线 · 不参与实体赏罚,14199364,1420,A168_HF9F_20260827_0900,2026-08-27 09:00:00
2026-06-13,57024343,2212,0,3014.2531111399,-495.1987254016,-495.1987254016,0.4285714,7,7,0.50665070000000000,0.506650700000,-0.4131932236838825,-0.4131932236838825,-0.4131932236838825,0E-17,ELIGIBLE,R03b_20260811_FULL_v1,L1_ELIGIBILITY,v2026-08-11,2026-03-21..2026-08-06,baccarat_bet02_101_all_pairs_incl_sentinel,round_win = game_pnl > 0 (decisive only),COMPATIBILITY_ONLY_NOT_PRODUCTION,4059548.3812,3680416.6879,6656.9809,9707,9692,-0.00163983,0.01249836,-0.00525961,-0.00163983,-6656.9809,4059548.3812,OK,0.0000,266.2792,4.0000,96.0000,AG03-UNRESOLVED,ALL5_LEVELS_bet23_to_bet27,266.2792,266.2792,266.2792,0.0000,0.0000,4.000000,4.000000,4.000000,0.000000,0.000000,96.000000,96.000000,96.000000,100.000000,100.000000,5.0,798.8377,767.3102,5858.1432,5889.6706,PENDING_AG03,FALSE,NOT_FOR_ENFORCEMENT,6390.7016,3533200.0204,6656.9809,6390.7016,266.2792,0.00163983,0.00157424,266.2792,6390.7016,0.00157424,266.2792,266.2792,266.2792,0.0000,0.0000,6390.7016,0.00157424,798.8377,767.3102,5858.1432,5889.6706,0.00144305,0.00145082,0.00006559,418.2083,379.7376,0.6869,61.6387,1.8384,37588.4109,89.7407,538.3845,395.5999,218.4789,430.6076,432.5446,432.5446,1046.441,1081.3617,427.0584,0.0,2.43015,2.511246,0.971205,30,216,96,2,0.20383968,0.00163983,-0.01249836,0E-8,0.000000,0.906607,0.000000,0.01775797,2026-03-22,2026-08-06,108,3621,2443,138,0.782609,1.360932,1.287360,0.679466,,,,,,,,GLOBAL_BASELINE_NO_ENTITY_RANKING,,,NOT_APPLICABLE_GLOBAL_BASELINE,HF9g-P5,,,,X 全窗基线 · 不参与实体赏罚,14199365,1420,A168_HF9F_20260827_0900,2026-08-27 09:00:00
2026-06-13,57024343,2216,0,2583.6455238342,-904.2759333420,-904.2759333420,0.3333333,6,6,0.50665070000000000,0.506650700000,-0.8491533462951141,-0.8491533462951141,-0.8491533462951141,0E-17,ELIGIBLE,R03b_20260811_FULL_v1,L1_ELIGIBILITY,v2026-08-11,2026-03-21..2026-08-06,baccarat_bet02_101_all_pairs_incl_sentinel,round_win = game_pnl > 0 (decisive only),COMPATIBILITY_ONLY_NOT_PRODUCTION,4059548.3812,3680416.6879,6656.9809,9707,9692,-0.00163983,0.01249836,-0.00525961,-0.00163983,-6656.9809,4059548.3812,OK,0.0000,266.2792,4.0000,96.0000,AG03-UNRESOLVED,ALL5_LEVELS_bet23_to_bet27,266.2792,266.2792,266.2792,0.0000,0.0000,4.000000,4.000000,4.000000,0.000000,0.000000,96.000000,96.000000,96.000000,100.000000,100.000000,5.0,798.8377,767.3102,5858.1432,5889.6706,PENDING_AG03,FALSE,NOT_FOR_ENFORCEMENT,6390.7016,3533200.0204,6656.9809,6390.7016,266.2792,0.00163983,0.00157424,266.2792,6390.7016,0.00157424,266.2792,266.2792,266.2792,0.0000,0.0000,6390.7016,0.00157424,798.8377,767.3102,5858.1432,5889.6706,0.00144305,0.00145082,0.00006559,418.2083,379.7376,0.6869,61.6387,1.8384,37588.4109,89.7407,538.3845,395.5999,218.4789,430.6076,432.5446,432.5446,1046.441,1081.3617,427.0584,0.0,2.43015,2.511246,0.971205,30,216,96,2,0.20383968,0.00163983,-0.01249836,0E-8,0.000000,0.906607,0.000000,0.01775797,2026-03-22,2026-08-06,108,3621,2443,138,0.782609,1.360932,1.287360,0.679466,,,,,,,,GLOBAL_BASELINE_NO_ENTITY_RANKING,,,NOT_APPLICABLE_GLOBAL_BASELINE,HF9g-P5,,,,X 全窗基线 · 不参与实体赏罚,14199366,1420,A168_HF9F_20260827_0900,2026-08-27 09:00:00
2026-06-13,57024343,2223,0,430.6075873057,0E-10,0E-10,,1,1,0.50665070000000000,0.506650700000,,,,0E-17,NO_DECISIVE_ROUND,R03b_20260811_FULL_v1,L1_ELIGIBILITY,v2026-08-11,2026-03-21..2026-08-06,baccarat_bet02_101_all_pairs_incl_sentinel,round_win = game_pnl > 0 (decisive only),COMPATIBILITY_ONLY_NOT_PRODUCTION,4059548.3812,3680416.6879,6656.9809,9707,9692,-0.00163983,0.01249836,-0.00525961,-0.00163983,-6656.9809,4059548.3812,OK,0.0000,266.2792,4.0000,96.0000,AG03-UNRESOLVED,ALL5_LEVELS_bet23_to_bet27,266.2792,266.2792,266.2792,0.0000,0.0000,4.000000,4.000000,4.000000,0.000000,0.000000,96.000000,96.000000,96.000000,100.000000,100.000000,5.0,798.8377,767.3102,5858.1432,5889.6706,PENDING_AG03,FALSE,NOT_FOR_ENFORCEMENT,6390.7016,3533200.0204,6656.9809,6390.7016,266.2792,0.00163983,0.00157424,266.2792,6390.7016,0.00157424,266.2792,266.2792,266.2792,0.0000,0.0000,6390.7016,0.00157424,798.8377,767.3102,5858.1432,5889.6706,0.00144305,0.00145082,0.00006559,418.2083,379.7376,0.6869,61.6387,1.8384,37588.4109,89.7407,538.3845,395.5999,218.4789,430.6076,432.5446,432.5446,1046.441,1081.3617,427.0584,0.0,2.43015,2.511246,0.971205,30,216,96,2,0.20383968,0.00163983,-0.01249836,0E-8,0.000000,0.906607,0.000000,0.01775797,2026-03-22,2026-08-06,108,3621,2443,138,0.782609,1.360932,1.287360,0.679466,,,,,,,,GLOBAL_BASELINE_NO_ENTITY_RANKING,,,NOT_APPLICABLE_GLOBAL_BASELINE,HF9g-P5,,,,X 全窗基线 · 不参与实体赏罚,14199367,1420,A168_HF9F_20260827_0900,2026-08-27 09:00:00
2026-06-13,57024343,2224,0,3014.2531111399,1184.1708650906,1184.1708650906,0.7142857,7,7,0.50665070000000000,0.506650700000,1.098798430526454,1.098798430526454,1.098798430526454,0E-17,ELIGIBLE,R03b_20260811_FULL_v1,L1_ELIGIBILITY,v2026-08-11,2026-03-21..2026-08-06,baccarat_bet02_101_all_pairs_incl_sentinel,round_win = game_pnl > 0 (decisive only),COMPATIBILITY_ONLY_NOT_PRODUCTION,4059548.3812,3680416.6879,6656.9809,9707,9692,-0.00163983,0.01249836,-0.00525961,-0.00163983,-6656.9809,4059548.3812,OK,0.0000,266.2792,4.0000,96.0000,AG03-UNRESOLVED,ALL5_LEVELS_bet23_to_bet27,266.2792,266.2792,266.2792,0.0000,0.0000,4.000000,4.000000,4.000000,0.000000,0.000000,96.000000,96.000000,96.000000,100.000000,100.000000,5.0,798.8377,767.3102,5858.1432,5889.6706,PENDING_AG03,FALSE,NOT_FOR_ENFORCEMENT,6390.7016,3533200.0204,6656.9809,6390.7016,266.2792,0.00163983,0.00157424,266.2792,6390.7016,0.00157424,266.2792,266.2792,266.2792,0.0000,0.0000,6390.7016,0.00157424,798.8377,767.3102,5858.1432,5889.6706,0.00144305,0.00145082,0.00006559,418.2083,379.7376,0.6869,61.6387,1.8384,37588.4109,89.7407,538.3845,395.5999,218.4789,430.6076,432.5446,432.5446,1046.441,1081.3617,427.0584,0.0,2.43015,2.511246,0.971205,30,216,96,2,0.20383968,0.00163983,-0.01249836,0E-8,0.000000,0.906607,0.000000,0.01775797,2026-03-22,2026-08-06,108,3621,2443,138,0.782609,1.360932,1.287360,0.679466,,,,,,,,GLOBAL_BASELINE_NO_ENTITY_RANKING,,,NOT_APPLICABLE_GLOBAL_BASELINE,HF9g-P5,,,,X 全窗基线 · 不参与实体赏罚,14199368,1420,A168_HF9F_20260827_0900,2026-08-27 09:00:00
2026-06-13,57024343,2267,0,1291.8227619171,-452.1379666710,-452.1379666710,0.3333333,3,3,0.50665070000000000,0.506650700000,-0.6004420894325239,-0.6004420894325239,-0.6004420894325239,0E-17,ELIGIBLE,R03b_20260811_FULL_v1,L1_ELIGIBILITY,v2026-08-11,2026-03-21..2026-08-06,baccarat_bet02_101_all_pairs_incl_sentinel,round_win = game_pnl > 0 (decisive only),COMPATIBILITY_ONLY_NOT_PRODUCTION,4059548.3812,3680416.6879,6656.9809,9707,9692,-0.00163983,0.01249836,-0.00525961,-0.00163983,-6656.9809,4059548.3812,OK,0.0000,266.2792,4.0000,96.0000,AG03-UNRESOLVED,ALL5_LEVELS_bet23_to_bet27,266.2792,266.2792,266.2792,0.0000,0.0000,4.000000,4.000000,4.000000,0.000000,0.000000,96.000000,96.000000,96.000000,100.000000,100.000000,5.0,798.8377,767.3102,5858.1432,5889.6706,PENDING_AG03,FALSE,NOT_FOR_ENFORCEMENT,6390.7016,3533200.0204,6656.9809,6390.7016,266.2792,0.00163983,0.00157424,266.2792,6390.7016,0.00157424,266.2792,266.2792,266.2792,0.0000,0.0000,6390.7016,0.00157424,798.8377,767.3102,5858.1432,5889.6706,0.00144305,0.00145082,0.00006559,418.2083,379.7376,0.6869,61.6387,1.8384,37588.4109,89.7407,538.3845,395.5999,218.4789,430.6076,432.5446,432.5446,1046.441,1081.3617,427.0584,0.0,2.43015,2.511246,0.971205,30,216,96,2,0.20383968,0.00163983,-0.01249836,0E-8,0.000000,0.906607,0.000000,0.01775797,2026-03-22,2026-08-06,108,3621,2443,138,0.782609,1.360932,1.287360,0.679466,,,,,,,,GLOBAL_BASELINE_NO_ENTITY_RANKING,,,NOT_APPLICABLE_GLOBAL_BASELINE,HF9g-P5,,,,X 全窗基线 · 不参与实体赏罚,14199369,1420,A168_HF9F_20260827_0900,2026-08-27 09:00:00
2026-06-13,57024343,471,0,861.2151746114,409.0772079404,409.0772079404,1.0000000,2,2,0.50665070000000000,0.506650700000,0.9867858985152569,0.9867858985152569,0.9867858985152569,0E-17,ELIGIBLE,R03b_20260811_FULL_v1,L1_ELIGIBILITY,v2026-08-11,2026-03-21..2026-08-06,baccarat_bet02_101_all_pairs_incl_sentinel,round_win = game_pnl > 0 (decisive only),COMPATIBILITY_ONLY_NOT_PRODUCTION,4059548.3812,3680416.6879,6656.9809,9707,9692,-0.00163983,0.01249836,-0.00525961,-0.00163983,-6656.9809,4059548.3812,OK,0.0000,266.2792,4.0000,96.0000,AG03-UNRESOLVED,ALL5_LEVELS_bet23_to_bet27,266.2792,266.2792,266.2792,0.0000,0.0000,4.000000,4.000000,4.000000,0.000000,0.000000,96.000000,96.000000,96.000000,100.000000,100.000000,5.0,798.8377,767.3102,5858.1432,5889.6706,PENDING_AG03,FALSE,NOT_FOR_ENFORCEMENT,6390.7016,3533200.0204,6656.9809,6390.7016,266.2792,0.00163983,0.00157424,266.2792,6390.7016,0.00157424,266.2792,266.2792,266.2792,0.0000,0.0000,6390.7016,0.00157424,798.8377,767.3102,5858.1432,5889.6706,0.00144305,0.00145082,0.00006559,418.2083,379.7376,0.6869,61.6387,1.8384,37588.4109,89.7407,538.3845,395.5999,218.4789,430.6076,432.5446,432.5446,1046.441,1081.3617,427.0584,0.0,2.43015,2.511246,0.971205,30,216,96,2,0.20383968,0.00163983,-0.01249836,0E-8,0.000000,0.906607,0.000000,0.01775797,2026-03-22,2026-08-06,108,3621,2443,138,0.782609,1.360932,1.287360,0.679466,,,,,,,,GLOBAL_BASELINE_NO_ENTITY_RANKING,,,NOT_APPLICABLE_GLOBAL_BASELINE,HF9g-P5,,,,X 全窗基线 · 不参与实体赏罚,14199370,1420,A168_HF9F_20260827_0900,2026-08-27 09:00:00
2026-06-13,57024343,526,0,1722.4303492228,-452.1379666710,-452.1379666710,0.3333333,4,4,0.50665070000000000,0.506650700000,-0.6004420894325239,-0.6004420894325239,-0.6004420894325239,0E-17,ELIGIBLE,R03b_20260811_FULL_v1,L1_ELIGIBILITY,v2026-08-11,2026-03-21..2026-08-06,baccarat_bet02_101_all_pairs_incl_sentinel,round_win = game_pnl > 0 (decisive only),COMPATIBILITY_ONLY_NOT_PRODUCTION,4059548.3812,3680416.6879,6656.9809,9707,9692,-0.00163983,0.01249836,-0.00525961,-0.00163983,-6656.9809,4059548.3812,OK,0.0000,266.2792,4.0000,96.0000,AG03-UNRESOLVED,ALL5_LEVELS_bet23_to_bet27,266.2792,266.2792,266.2792,0.0000,0.0000,4.000000,4.000000,4.000000,0.000000,0.000000,96.000000,96.000000,96.000000,100.000000,100.000000,5.0,798.8377,767.3102,5858.1432,5889.6706,PENDING_AG03,FALSE,NOT_FOR_ENFORCEMENT,6390.7016,3533200.0204,6656.9809,6390.7016,266.2792,0.00163983,0.00157424,266.2792,6390.7016,0.00157424,266.2792,266.2792,266.2792,0.0000,0.0000,6390.7016,0.00157424,798.8377,767.3102,5858.1432,5889.6706,0.00144305,0.00145082,0.00006559,418.2083,379.7376,0.6869,61.6387,1.8384,37588.4109,89.7407,538.3845,395.5999,218.4789,430.6076,432.5446,432.5446,1046.441,1081.3617,427.0584,0.0,2.43015,2.511246,0.971205,30,216,96,2,0.20383968,0.00163983,-0.01249836,0E-8,0.000000,0.906607,0.000000,0.01775797,2026-03-22,2026-08-06,108,3621,2443,138,0.782609,1.360932,1.287360,0.679466,,,,,,,,GLOBAL_BASELINE_NO_ENTITY_RANKING,,,NOT_APPLICABLE_GLOBAL_BASELINE,HF9g-P5,,,,X 全窗基线 · 不参与实体赏罚,14199371,1420,A168_HF9F_20260827_0900,2026-08-27 09:00:00
2026-06-13,57024343,529,0,430.6075873057,-430.6075873057,-430.6075873057,0E-7,1,1,0.50665070000000000,0.506650700000,-1.013391052207602,-1.013391052207602,-1.013391052207602,0E-17,ELIGIBLE,R03b_20260811_FULL_v1,L1_ELIGIBILITY,v2026-08-11,2026-03-21..2026-08-06,baccarat_bet02_101_all_pairs_incl_sentinel,round_win = game_pnl > 0 (decisive only),COMPATIBILITY_ONLY_NOT_PRODUCTION,4059548.3812,3680416.6879,6656.9809,9707,9692,-0.00163983,0.01249836,-0.00525961,-0.00163983,-6656.9809,4059548.3812,OK,0.0000,266.2792,4.0000,96.0000,AG03-UNRESOLVED,ALL5_LEVELS_bet23_to_bet27,266.2792,266.2792,266.2792,0.0000,0.0000,4.000000,4.000000,4.000000,0.000000,0.000000,96.000000,96.000000,96.000000,100.000000,100.000000,5.0,798.8377,767.3102,5858.1432,5889.6706,PENDING_AG03,FALSE,NOT_FOR_ENFORCEMENT,6390.7016,3533200.0204,6656.9809,6390.7016,266.2792,0.00163983,0.00157424,266.2792,6390.7016,0.00157424,266.2792,266.2792,266.2792,0.0000,0.0000,6390.7016,0.00157424,798.8377,767.3102,5858.1432,5889.6706,0.00144305,0.00145082,0.00006559,418.2083,379.7376,0.6869,61.6387,1.8384,37588.4109,89.7407,538.3845,395.5999,218.4789,430.6076,432.5446,432.5446,1046.441,1081.3617,427.0584,0.0,2.43015,2.511246,0.971205,30,216,96,2,0.20383968,0.00163983,-0.01249836,0E-8,0.000000,0.906607,0.000000,0.01775797,2026-03-22,2026-08-06,108,3621,2443,138,0.782609,1.360932,1.287360,0.679466,,,,,,,,GLOBAL_BASELINE_NO_ENTITY_RANKING,,,NOT_APPLICABLE_GLOBAL_BASELINE,HF9g-P5,,,,X 全窗基线 · 不参与实体赏罚,14199372,1420,A168_HF9F_20260827_0900,2026-08-27 09:00:00
2026-06-13,57024343,550,0,2153.0379365285,-473.6683460363,-473.6683460363,0.4000000,5,5,0.50665070000000000,0.506650700000,-0.4769986289884125,-0.4769986289884125,-0.4769986289884125,0E-17,ELIGIBLE,R03b_20260811_FULL_v1,L1_ELIGIBILITY,v2026-08-11,2026-03-21..2026-08-06,baccarat_bet02_101_all_pairs_incl_sentinel,round_win = game_pnl > 0 (decisive only),COMPATIBILITY_ONLY_NOT_PRODUCTION,4059548.3812,3680416.6879,6656.9809,9707,9692,-0.00163983,0.01249836,-0.00525961,-0.00163983,-6656.9809,4059548.3812,OK,0.0000,266.2792,4.0000,96.0000,AG03-UNRESOLVED,ALL5_LEVELS_bet23_to_bet27,266.2792,266.2792,266.2792,0.0000,0.0000,4.000000,4.000000,4.000000,0.000000,0.000000,96.000000,96.000000,96.000000,100.000000,100.000000,5.0,798.8377,767.3102,5858.1432,5889.6706,PENDING_AG03,FALSE,NOT_FOR_ENFORCEMENT,6390.7016,3533200.0204,6656.9809,6390.7016,266.2792,0.00163983,0.00157424,266.2792,6390.7016,0.00157424,266.2792,266.2792,266.2792,0.0000,0.0000,6390.7016,0.00157424,798.8377,767.3102,5858.1432,5889.6706,0.00144305,0.00145082,0.00006559,418.2083,379.7376,0.6869,61.6387,1.8384,37588.4109,89.7407,538.3845,395.5999,218.4789,430.6076,432.5446,432.5446,1046.441,1081.3617,427.0584,0.0,2.43015,2.511246,0.971205,30,216,96,2,0.20383968,0.00163983,-0.01249836,0E-8,0.000000,0.906607,0.000000,0.01775797,2026-03-22,2026-08-06,108,3621,2443,138,0.782609,1.360932,1.287360,0.679466,,,,,,,,GLOBAL_BASELINE_NO_ENTITY_RANKING,,,NOT_APPLICABLE_GLOBAL_BASELINE,HF9g-P5,,,,X 全窗基线 · 不参与实体赏罚,14199373,1420,A168_HF9F_20260827_0900,2026-08-27 09:00:00
2026-06-13,57024343,986,0,430.6075873057,430.6075873057,430.6075873057,1.0000000,1,1,0.49324550000000000,0.493245500000,1.01360149184955,1.01360149184955,1.01360149184955,0E-17,ELIGIBLE,R03b_20260811_FULL_v1,L1_ELIGIBILITY,v2026-08-11,2026-03-21..2026-08-06,baccarat_bet02_101_all_pairs_incl_sentinel,round_win = game_pnl > 0 (decisive only),COMPATIBILITY_ONLY_NOT_PRODUCTION,4059548.3812,3680416.6879,6656.9809,9707,9692,-0.00163983,0.01249836,-0.00525961,-0.00163983,-6656.9809,4059548.3812,OK,0.0000,266.2792,4.0000,96.0000,AG03-UNRESOLVED,ALL5_LEVELS_bet23_to_bet27,266.2792,266.2792,266.2792,0.0000,0.0000,4.000000,4.000000,4.000000,0.000000,0.000000,96.000000,96.000000,96.000000,100.000000,100.000000,5.0,798.8377,767.3102,5858.1432,5889.6706,PENDING_AG03,FALSE,NOT_FOR_ENFORCEMENT,6390.7016,3533200.0204,6656.9809,6390.7016,266.2792,0.00163983,0.00157424,266.2792,6390.7016,0.00157424,266.2792,266.2792,266.2792,0.0000,0.0000,6390.7016,0.00157424,798.8377,767.3102,5858.1432,5889.6706,0.00144305,0.00145082,0.00006559,418.2083,379.7376,0.6869,61.6387,1.8384,37588.4109,89.7407,538.3845,395.5999,218.4789,430.6076,432.5446,432.5446,1046.441,1081.3617,427.0584,0.0,2.43015,2.511246,0.971205,30,216,96,2,0.20383968,0.00163983,-0.01249836,0E-8,0.000000,0.906607,0.000000,0.01775797,2026-03-22,2026-08-06,108,3621,2443,138,0.782609,1.360932,1.287360,0.679466,,,,,,,,GLOBAL_BASELINE_NO_ENTITY_RANKING,,,NOT_APPLICABLE_GLOBAL_BASELINE,HF9g-P5,,,,X 全窗基线 · 不参与实体赏罚,14199374,1420,A168_HF9F_20260827_0900,2026-08-27 09:00:00
2026-06-14,57024343,-1,1,4306.0758730570,-925.8063127073,-925.8063127073,0.3750000,10,10,0.50531018000000000,0.505310180000,-0.7371872710879901,-0.7371872710879901,-0.7371872710879901,0E-17,SENTINEL_DEALER,R03b_20260811_FULL_v1,L1_ELIGIBILITY,v2026-08-11,2026-03-21..2026-08-06,baccarat_bet02_101_all_pairs_incl_sentinel,round_win = game_pnl > 0 (decisive only),COMPATIBILITY_ONLY_NOT_PRODUCTION,4059548.3812,3680416.6879,6656.9809,9707,9692,-0.00163983,0.01249836,-0.00525961,-0.00163983,-6656.9809,4059548.3812,OK,0.0000,266.2792,4.0000,96.0000,AG03-UNRESOLVED,ALL5_LEVELS_bet23_to_bet27,266.2792,266.2792,266.2792,0.0000,0.0000,4.000000,4.000000,4.000000,0.000000,0.000000,96.000000,96.000000,96.000000,100.000000,100.000000,5.0,798.8377,767.3102,5858.1432,5889.6706,PENDING_AG03,FALSE,NOT_FOR_ENFORCEMENT,6390.7016,3533200.0204,6656.9809,6390.7016,266.2792,0.00163983,0.00157424,266.2792,6390.7016,0.00157424,266.2792,266.2792,266.2792,0.0000,0.0000,6390.7016,0.00157424,798.8377,767.3102,5858.1432,5889.6706,0.00144305,0.00145082,0.00006559,418.2083,379.7376,0.6869,61.6387,1.8384,37588.4109,89.7407,538.3845,395.5999,218.4789,430.6076,432.5446,432.5446,1046.441,1081.3617,427.0584,0.0,2.43015,2.511246,0.971205,30,216,96,2,0.20383968,0.00163983,-0.01249836,0E-8,0.000000,0.906607,0.000000,0.01775797,2026-03-22,2026-08-06,108,3621,2443,138,0.782609,1.360932,1.287360,0.679466,,,,,,,,GLOBAL_BASELINE_NO_ENTITY_RANKING,,,NOT_APPLICABLE_GLOBAL_BASELINE,HF9g-P5,,,,X 全窗基线 · 不参与实体赏罚,14199375,1420,A168_HF9F_20260827_0900,2026-08-27 09:00:00
2026-06-14,57024343,1306,0,1722.4303492228,-882.7455539767,-882.7455539767,0.2500000,4,4,0.50665070000000000,0.506650700000,-1.0266936290537745,-1.0266936290537745,-1.0266936290537745,0E-17,ELIGIBLE,R03b_20260811_FULL_v1,L1_ELIGIBILITY,v2026-08-11,2026-03-21..2026-08-06,baccarat_bet02_101_all_pairs_incl_sentinel,round_win = game_pnl > 0 (decisive only),COMPATIBILITY_ONLY_NOT_PRODUCTION,4059548.3812,3680416.6879,6656.9809,9707,9692,-0.00163983,0.01249836,-0.00525961,-0.00163983,-6656.9809,4059548.3812,OK,0.0000,266.2792,4.0000,96.0000,AG03-UNRESOLVED,ALL5_LEVELS_bet23_to_bet27,266.2792,266.2792,266.2792,0.0000,0.0000,4.000000,4.000000,4.000000,0.000000,0.000000,96.000000,96.000000,96.000000,100.000000,100.000000,5.0,798.8377,767.3102,5858.1432,5889.6706,PENDING_AG03,FALSE,NOT_FOR_ENFORCEMENT,6390.7016,3533200.0204,6656.9809,6390.7016,266.2792,0.00163983,0.00157424,266.2792,6390.7016,0.00157424,266.2792,266.2792,266.2792,0.0000,0.0000,6390.7016,0.00157424,798.8377,767.3102,5858.1432,5889.6706,0.00144305,0.00145082,0.00006559,418.2083,379.7376,0.6869,61.6387,1.8384,37588.4109,89.7407,538.3845,395.5999,218.4789,430.6076,432.5446,432.5446,1046.441,1081.3617,427.0584,0.0,2.43015,2.511246,0.971205,30,216,96,2,0.20383968,0.00163983,-0.01249836,0E-8,0.000000,0.906607,0.000000,0.01775797,2026-03-22,2026-08-06,108,3621,2443,138,0.782609,1.360932,1.287360,0.679466,,,,,,,,GLOBAL_BASELINE_NO_ENTITY_RANKING,,,NOT_APPLICABLE_GLOBAL_BASELINE,HF9g-P5,,,,X 全窗基线 · 不参与实体赏罚,14199376,1420,A168_HF9F_20260827_0900,2026-08-27 09:00:00
2026-06-14,57024343,1318,0,861.2151746114,818.1544158808,818.1544158808,1.0000000,1,1,0.50665070000000000,0.506650700000,0.9867858985152569,0.9867858985152569,0.9867858985152569,0E-17,ELIGIBLE,R03b_20260811_FULL_v1,L1_ELIGIBILITY,v2026-08-11,2026-03-21..2026-08-06,baccarat_bet02_101_all_pairs_incl_sentinel,round_win = game_pnl > 0 (decisive only),COMPATIBILITY_ONLY_NOT_PRODUCTION,4059548.3812,3680416.6879,6656.9809,9707,9692,-0.00163983,0.01249836,-0.00525961,-0.00163983,-6656.9809,4059548.3812,OK,0.0000,266.2792,4.0000,96.0000,AG03-UNRESOLVED,ALL5_LEVELS_bet23_to_bet27,266.2792,266.2792,266.2792,0.0000,0.0000,4.000000,4.000000,4.000000,0.000000,0.000000,96.000000,96.000000,96.000000,100.000000,100.000000,5.0,798.8377,767.3102,5858.1432,5889.6706,PENDING_AG03,FALSE,NOT_FOR_ENFORCEMENT,6390.7016,3533200.0204,6656.9809,6390.7016,266.2792,0.00163983,0.00157424,266.2792,6390.7016,0.00157424,266.2792,266.2792,266.2792,0.0000,0.0000,6390.7016,0.00157424,798.8377,767.3102,5858.1432,5889.6706,0.00144305,0.00145082,0.00006559,418.2083,379.7376,0.6869,61.6387,1.8384,37588.4109,89.7407,538.3845,395.5999,218.4789,430.6076,432.5446,432.5446,1046.441,1081.3617,427.0584,0.0,2.43015,2.511246,0.971205,30,216,96,2,0.20383968,0.00163983,-0.01249836,0E-8,0.000000,0.906607,0.000000,0.01775797,2026-03-22,2026-08-06,108,3621,2443,138,0.782609,1.360932,1.287360,0.679466,,,,,,,,GLOBAL_BASELINE_NO_ENTITY_RANKING,,,NOT_APPLICABLE_GLOBAL_BASELINE,HF9g-P5,,,,X 全窗基线 · 不参与实体赏罚,14199377,1420,A168_HF9F_20260827_0900,2026-08-27 09:00:00
2026-06-14,57024343,1402,0,3014.2531111399,-1334.8835206477,-1334.8835206477,0.2857143,7,7,0.50665070000000000,0.506650700000,-1.169189050789051,-1.169189050789051,-1.169189050789051,0E-17,ELIGIBLE,R03b_20260811_FULL_v1,L1_ELIGIBILITY,v2026-08-11,2026-03-21..2026-08-06,baccarat_bet02_101_all_pairs_incl_sentinel,round_win = game_pnl > 0 (decisive only),COMPATIBILITY_ONLY_NOT_PRODUCTION,4059548.3812,3680416.6879,6656.9809,9707,9692,-0.00163983,0.01249836,-0.00525961,-0.00163983,-6656.9809,4059548.3812,OK,0.0000,266.2792,4.0000,96.0000,AG03-UNRESOLVED,ALL5_LEVELS_bet23_to_bet27,266.2792,266.2792,266.2792,0.0000,0.0000,4.000000,4.000000,4.000000,0.000000,0.000000,96.000000,96.000000,96.000000,100.000000,100.000000,5.0,798.8377,767.3102,5858.1432,5889.6706,PENDING_AG03,FALSE,NOT_FOR_ENFORCEMENT,6390.7016,3533200.0204,6656.9809,6390.7016,266.2792,0.00163983,0.00157424,266.2792,6390.7016,0.00157424,266.2792,266.2792,266.2792,0.0000,0.0000,6390.7016,0.00157424,798.8377,767.3102,5858.1432,5889.6706,0.00144305,0.00145082,0.00006559,418.2083,379.7376,0.6869,61.6387,1.8384,37588.4109,89.7407,538.3845,395.5999,218.4789,430.6076,432.5446,432.5446,1046.441,1081.3617,427.0584,0.0,2.43015,2.511246,0.971205,30,216,96,2,0.20383968,0.00163983,-0.01249836,0E-8,0.000000,0.906607,0.000000,0.01775797,2026-03-22,2026-08-06,108,3621,2443,138,0.782609,1.360932,1.287360,0.679466,,,,,,,,GLOBAL_BASELINE_NO_ENTITY_RANKING,,,NOT_APPLICABLE_GLOBAL_BASELINE,HF9g-P5,,,,X 全窗基线 · 不参与实体赏罚,14199378,1420,A168_HF9F_20260827_0900,2026-08-27 09:00:00
2026-06-14,57024343,1405,0,861.2151746114,818.1544158808,818.1544158808,1.0000000,2,2,0.50665070000000000,0.506650700000,1.3955260008387969,1.3955260008387969,1.3955260008387969,0E-17,ELIGIBLE,R03b_20260811_FULL_v1,L1_ELIGIBILITY,v2026-08-11,2026-03-21..2026-08-06,baccarat_bet02_101_all_pairs_incl_sentinel,round_win = game_pnl > 0 (decisive only),COMPATIBILITY_ONLY_NOT_PRODUCTION,4059548.3812,3680416.6879,6656.9809,9707,9692,-0.00163983,0.01249836,-0.00525961,-0.00163983,-6656.9809,4059548.3812,OK,0.0000,266.2792,4.0000,96.0000,AG03-UNRESOLVED,ALL5_LEVELS_bet23_to_bet27,266.2792,266.2792,266.2792,0.0000,0.0000,4.000000,4.000000,4.000000,0.000000,0.000000,96.000000,96.000000,96.000000,100.000000,100.000000,5.0,798.8377,767.3102,5858.1432,5889.6706,PENDING_AG03,FALSE,NOT_FOR_ENFORCEMENT,6390.7016,3533200.0204,6656.9809,6390.7016,266.2792,0.00163983,0.00157424,266.2792,6390.7016,0.00157424,266.2792,266.2792,266.2792,0.0000,0.0000,6390.7016,0.00157424,798.8377,767.3102,5858.1432,5889.6706,0.00144305,0.00145082,0.00006559,418.2083,379.7376,0.6869,61.6387,1.8384,37588.4109,89.7407,538.3845,395.5999,218.4789,430.6076,432.5446,432.5446,1046.441,1081.3617,427.0584,0.0,2.43015,2.511246,0.971205,30,216,96,2,0.20383968,0.00163983,-0.01249836,0E-8,0.000000,0.906607,0.000000,0.01775797,2026-03-22,2026-08-06,108,3621,2443,138,0.782609,1.360932,1.287360,0.679466,,,,,,,,GLOBAL_BASELINE_NO_ENTITY_RANKING,,,NOT_APPLICABLE_GLOBAL_BASELINE,HF9g-P5,,,,X 全窗基线 · 不参与实体赏罚,14199379,1420,A168_HF9F_20260827_0900,2026-08-27 09:00:00
2026-06-14,57024343,1490,0,430.6075873057,-430.6075873057,-430.6075873057,0E-7,1,1,0.50665070000000000,0.506650700000,-1.013391052207602,-1.013391052207602,-1.013391052207602,0E-17,ELIGIBLE,R03b_20260811_FULL_v1,L1_ELIGIBILITY,v2026-08-11,2026-03-21..2026-08-06,baccarat_bet02_101_all_pairs_incl_sentinel,round_win = game_pnl > 0 (decisive only),COMPATIBILITY_ONLY_NOT_PRODUCTION,4059548.3812,3680416.6879,6656.9809,9707,9692,-0.00163983,0.01249836,-0.00525961,-0.00163983,-6656.9809,4059548.3812,OK,0.0000,266.2792,4.0000,96.0000,AG03-UNRESOLVED,ALL5_LEVELS_bet23_to_bet27,266.2792,266.2792,266.2792,0.0000,0.0000,4.000000,4.000000,4.000000,0.000000,0.000000,96.000000,96.000000,96.000000,100.000000,100.000000,5.0,798.8377,767.3102,5858.1432,5889.6706,PENDING_AG03,FALSE,NOT_FOR_ENFORCEMENT,6390.7016,3533200.0204,6656.9809,6390.7016,266.2792,0.00163983,0.00157424,266.2792,6390.7016,0.00157424,266.2792,266.2792,266.2792,0.0000,0.0000,6390.7016,0.00157424,798.8377,767.3102,5858.1432,5889.6706,0.00144305,0.00145082,0.00006559,418.2083,379.7376,0.6869,61.6387,1.8384,37588.4109,89.7407,538.3845,395.5999,218.4789,430.6076,432.5446,432.5446,1046.441,1081.3617,427.0584,0.0,2.43015,2.511246,0.971205,30,216,96,2,0.20383968,0.00163983,-0.01249836,0E-8,0.000000,0.906607,0.000000,0.01775797,2026-03-22,2026-08-06,108,3621,2443,138,0.782609,1.360932,1.287360,0.679466,,,,,,,,GLOBAL_BASELINE_NO_ENTITY_RANKING,,,NOT_APPLICABLE_GLOBAL_BASELINE,HF9g-P5,,,,X 全窗基线 · 不参与实体赏罚,14199380,1420,A168_HF9F_20260827_0900,2026-08-27 09:00:00
2026-06-14,57024343,1507,0,430.6075873057,409.0772079404,409.0772079404,1.0000000,1,1,0.50665070000000000,0.506650700000,0.9867858985152569,0.9867858985152569,0.9867858985152569,0E-17,ELIGIBLE,R03b_20260811_FULL_v1,L1_ELIGIBILITY,v2026-08-11,2026-03-21..2026-08-06,baccarat_bet02_101_all_pairs_incl_sentinel,round_win = game_pnl > 0 (decisive only),COMPATIBILITY_ONLY_NOT_PRODUCTION,4059548.3812,3680416.6879,6656.9809,9707,9692,-0.00163983,0.01249836,-0.00525961,-0.00163983,-6656.9809,4059548.3812,OK,0.0000,266.2792,4.0000,96.0000,AG03-UNRESOLVED,ALL5_LEVELS_bet23_to_bet27,266.2792,266.2792,266.2792,0.0000,0.0000,4.000000,4.000000,4.000000,0.000000,0.000000,96.000000,96.000000,96.000000,100.000000,100.000000,5.0,798.8377,767.3102,5858.1432,5889.6706,PENDING_AG03,FALSE,NOT_FOR_ENFORCEMENT,6390.7016,3533200.0204,6656.9809,6390.7016,266.2792,0.00163983,0.00157424,266.2792,6390.7016,0.00157424,266.2792,266.2792,266.2792,0.0000,0.0000,6390.7016,0.00157424,798.8377,767.3102,5858.1432,5889.6706,0.00144305,0.00145082,0.00006559,418.2083,379.7376,0.6869,61.6387,1.8384,37588.4109,89.7407,538.3845,395.5999,218.4789,430.6076,432.5446,432.5446,1046.441,1081.3617,427.0584,0.0,2.43015,2.511246,0.971205,30,216,96,2,0.20383968,0.00163983,-0.01249836,0E-8,0.000000,0.906607,0.000000,0.01775797,2026-03-22,2026-08-06,108,3621,2443,138,0.782609,1.360932,1.287360,0.679466,,,,,,,,GLOBAL_BASELINE_NO_ENTITY_RANKING,,,NOT_APPLICABLE_GLOBAL_BASELINE,HF9g-P5,,,,X 全窗基线 · 不参与实体赏罚,14199381,1420,A168_HF9F_20260827_0900,2026-08-27 09:00:00
2026-06-14,57024343,1645,0,430.6075873057,-430.6075873057,-430.6075873057,0E-7,1,1,0.50665070000000000,0.506650700000,-1.013391052207602,-1.013391052207602,-1.013391052207602,0E-17,ELIGIBLE,R03b_20260811_FULL_v1,L1_ELIGIBILITY,v2026-08-11,2026-03-21..2026-08-06,baccarat_bet02_101_all_pairs_incl_sentinel,round_win = game_pnl > 0 (decisive only),COMPATIBILITY_ONLY_NOT_PRODUCTION,4059548.3812,3680416.6879,6656.9809,9707,9692,-0.00163983,0.01249836,-0.00525961,-0.00163983,-6656.9809,4059548.3812,OK,0.0000,266.2792,4.0000,96.0000,AG03-UNRESOLVED,ALL5_LEVELS_bet23_to_bet27,266.2792,266.2792,266.2792,0.0000,0.0000,4.000000,4.000000,4.000000,0.000000,0.000000,96.000000,96.000000,96.000000,100.000000,100.000000,5.0,798.8377,767.3102,5858.1432,5889.6706,PENDING_AG03,FALSE,NOT_FOR_ENFORCEMENT,6390.7016,3533200.0204,6656.9809,6390.7016,266.2792,0.00163983,0.00157424,266.2792,6390.7016,0.00157424,266.2792,266.2792,266.2792,0.0000,0.0000,6390.7016,0.00157424,798.8377,767.3102,5858.1432,5889.6706,0.00144305,0.00145082,0.00006559,418.2083,379.7376,0.6869,61.6387,1.8384,37588.4109,89.7407,538.3845,395.5999,218.4789,430.6076,432.5446,432.5446,1046.441,1081.3617,427.0584,0.0,2.43015,2.511246,0.971205,30,216,96,2,0.20383968,0.00163983,-0.01249836,0E-8,0.000000,0.906607,0.000000,0.01775797,2026-03-22,2026-08-06,108,3621,2443,138,0.782609,1.360932,1.287360,0.679466,,,,,,,,GLOBAL_BASELINE_NO_ENTITY_RANKING,,,NOT_APPLICABLE_GLOBAL_BASELINE,HF9g-P5,,,,X 全窗基线 · 不参与实体赏罚,14199382,1420,A168_HF9F_20260827_0900,2026-08-27 09:00:00
2026-06-14,57024343,1702,0,1291.8227619171,-452.1379666710,-452.1379666710,0.3333333,3,3,0.50665070000000000,0.506650700000,-0.6004420894325239,-0.6004420894325239,-0.6004420894325239,0E-17,ELIGIBLE,R03b_20260811_FULL_v1,L1_ELIGIBILITY,v2026-08-11,2026-03-21..2026-08-06,baccarat_bet02_101_all_pairs_incl_sentinel,round_win = game_pnl > 0 (decisive only),COMPATIBILITY_ONLY_NOT_PRODUCTION,4059548.3812,3680416.6879,6656.9809,9707,9692,-0.00163983,0.01249836,-0.00525961,-0.00163983,-6656.9809,4059548.3812,OK,0.0000,266.2792,4.0000,96.0000,AG03-UNRESOLVED,ALL5_LEVELS_bet23_to_bet27,266.2792,266.2792,266.2792,0.0000,0.0000,4.000000,4.000000,4.000000,0.000000,0.000000,96.000000,96.000000,96.000000,100.000000,100.000000,5.0,798.8377,767.3102,5858.1432,5889.6706,PENDING_AG03,FALSE,NOT_FOR_ENFORCEMENT,6390.7016,3533200.0204,6656.9809,6390.7016,266.2792,0.00163983,0.00157424,266.2792,6390.7016,0.00157424,266.2792,266.2792,266.2792,0.0000,0.0000,6390.7016,0.00157424,798.8377,767.3102,5858.1432,5889.6706,0.00144305,0.00145082,0.00006559,418.2083,379.7376,0.6869,61.6387,1.8384,37588.4109,89.7407,538.3845,395.5999,218.4789,430.6076,432.5446,432.5446,1046.441,1081.3617,427.0584,0.0,2.43015,2.511246,0.971205,30,216,96,2,0.20383968,0.00163983,-0.01249836,0E-8,0.000000,0.906607,0.000000,0.01775797,2026-03-22,2026-08-06,108,3621,2443,138,0.782609,1.360932,1.287360,0.679466,,,,,,,,GLOBAL_BASELINE_NO_ENTITY_RANKING,,,NOT_APPLICABLE_GLOBAL_BASELINE,HF9g-P5,,,,X 全窗基线 · 不参与实体赏罚,14199383,1420,A168_HF9F_20260827_0900,2026-08-27 09:00:00
2026-06-14,57024343,1704,0,430.6075873057,-430.6075873057,-430.6075873057,0E-7,1,1,0.50665070000000000,0.506650700000,-1.013391052207602,-1.013391052207602,-1.013391052207602,0E-17,ELIGIBLE,R03b_20260811_FULL_v1,L1_ELIGIBILITY,v2026-08-11,2026-03-21..2026-08-06,baccarat_bet02_101_all_pairs_incl_sentinel,round_win = game_pnl > 0 (decisive only),COMPATIBILITY_ONLY_NOT_PRODUCTION,4059548.3812,3680416.6879,6656.9809,9707,9692,-0.00163983,0.01249836,-0.00525961,-0.00163983,-6656.9809,4059548.3812,OK,0.0000,266.2792,4.0000,96.0000,AG03-UNRESOLVED,ALL5_LEVELS_bet23_to_bet27,266.2792,266.2792,266.2792,0.0000,0.0000,4.000000,4.000000,4.000000,0.000000,0.000000,96.000000,96.000000,96.000000,100.000000,100.000000,5.0,798.8377,767.3102,5858.1432,5889.6706,PENDING_AG03,FALSE,NOT_FOR_ENFORCEMENT,6390.7016,3533200.0204,6656.9809,6390.7016,266.2792,0.00163983,0.00157424,266.2792,6390.7016,0.00157424,266.2792,266.2792,266.2792,0.0000,0.0000,6390.7016,0.00157424,798.8377,767.3102,5858.1432,5889.6706,0.00144305,0.00145082,0.00006559,418.2083,379.7376,0.6869,61.6387,1.8384,37588.4109,89.7407,538.3845,395.5999,218.4789,430.6076,432.5446,432.5446,1046.441,1081.3617,427.0584,0.0,2.43015,2.511246,0.971205,30,216,96,2,0.20383968,0.00163983,-0.01249836,0E-8,0.000000,0.906607,0.000000,0.01775797,2026-03-22,2026-08-06,108,3621,2443,138,0.782609,1.360932,1.287360,0.679466,,,,,,,,GLOBAL_BASELINE_NO_ENTITY_RANKING,,,NOT_APPLICABLE_GLOBAL_BASELINE,HF9g-P5,,,,X 全窗基线 · 不参与实体赏罚,14199384,1420,A168_HF9F_20260827_0900,2026-08-27 09:00:00
2026-06-14,57024343,1985,0,1722.4303492228,-43.0607587306,-43.0607587306,0.5000000,4,4,0.50665070000000000,0.506650700000,-0.02660515369234503,-0.02660515369234503,-0.02660515369234503,0E-17,ELIGIBLE,R03b_20260811_FULL_v1,L1_ELIGIBILITY,v2026-08-11,2026-03-21..2026-08-06,baccarat_bet02_101_all_pairs_incl_sentinel,round_win = game_pnl > 0 (decisive only),COMPATIBILITY_ONLY_NOT_PRODUCTION,4059548.3812,3680416.6879,6656.9809,9707,9692,-0.00163983,0.01249836,-0.00525961,-0.00163983,-6656.9809,4059548.3812,OK,0.0000,266.2792,4.0000,96.0000,AG03-UNRESOLVED,ALL5_LEVELS_bet23_to_bet27,266.2792,266.2792,266.2792,0.0000,0.0000,4.000000,4.000000,4.000000,0.000000,0.000000,96.000000,96.000000,96.000000,100.000000,100.000000,5.0,798.8377,767.3102,5858.1432,5889.6706,PENDING_AG03,FALSE,NOT_FOR_ENFORCEMENT,6390.7016,3533200.0204,6656.9809,6390.7016,266.2792,0.00163983,0.00157424,266.2792,6390.7016,0.00157424,266.2792,266.2792,266.2792,0.0000,0.0000,6390.7016,0.00157424,798.8377,767.3102,5858.1432,5889.6706,0.00144305,0.00145082,0.00006559,418.2083,379.7376,0.6869,61.6387,1.8384,37588.4109,89.7407,538.3845,395.5999,218.4789,430.6076,432.5446,432.5446,1046.441,1081.3617,427.0584,0.0,2.43015,2.511246,0.971205,30,216,96,2,0.20383968,0.00163983,-0.01249836,0E-8,0.000000,0.906607,0.000000,0.01775797,2026-03-22,2026-08-06,108,3621,2443,138,0.782609,1.360932,1.287360,0.679466,,,,,,,,GLOBAL_BASELINE_NO_ENTITY_RANKING,,,NOT_APPLICABLE_GLOBAL_BASELINE,HF9g-P5,,,,X 全窗基线 · 不参与实体赏罚,14199385,1420,A168_HF9F_20260827_0900,2026-08-27 09:00:00
2026-06-14,57024343,2065,0,430.6075873057,409.0772079404,409.0772079404,1.0000000,1,1,0.50665070000000000,0.506650700000,0.9867858985152569,0.9867858985152569,0.9867858985152569,0E-17,ELIGIBLE,R03b_20260811_FULL_v1,L1_ELIGIBILITY,v2026-08-11,2026-03-21..2026-08-06,baccarat_bet02_101_all_pairs_incl_sentinel,round_win = game_pnl > 0 (decisive only),COMPATIBILITY_ONLY_NOT_PRODUCTION,4059548.3812,3680416.6879,6656.9809,9707,9692,-0.00163983,0.01249836,-0.00525961,-0.00163983,-6656.9809,4059548.3812,OK,0.0000,266.2792,4.0000,96.0000,AG03-UNRESOLVED,ALL5_LEVELS_bet23_to_bet27,266.2792,266.2792,266.2792,0.0000,0.0000,4.000000,4.000000,4.000000,0.000000,0.000000,96.000000,96.000000,96.000000,100.000000,100.000000,5.0,798.8377,767.3102,5858.1432,5889.6706,PENDING_AG03,FALSE,NOT_FOR_ENFORCEMENT,6390.7016,3533200.0204,6656.9809,6390.7016,266.2792,0.00163983,0.00157424,266.2792,6390.7016,0.00157424,266.2792,266.2792,266.2792,0.0000,0.0000,6390.7016,0.00157424,798.8377,767.3102,5858.1432,5889.6706,0.00144305,0.00145082,0.00006559,418.2083,379.7376,0.6869,61.6387,1.8384,37588.4109,89.7407,538.3845,395.5999,218.4789,430.6076,432.5446,432.5446,1046.441,1081.3617,427.0584,0.0,2.43015,2.511246,0.971205,30,216,96,2,0.20383968,0.00163983,-0.01249836,0E-8,0.000000,0.906607,0.000000,0.01775797,2026-03-22,2026-08-06,108,3621,2443,138,0.782609,1.360932,1.287360,0.679466,,,,,,,,GLOBAL_BASELINE_NO_ENTITY_RANKING,,,NOT_APPLICABLE_GLOBAL_BASELINE,HF9g-P5,,,,X 全窗基线 · 不参与实体赏罚,14199386,1420,A168_HF9F_20260827_0900,2026-08-27 09:00:00
2026-06-14,57024343,2088,0,430.6075873057,409.0772079404,409.0772079404,1.0000000,1,1,0.50665070000000000,0.506650700000,0.9867858985152569,0.9867858985152569,0.9867858985152569,0E-17,ELIGIBLE,R03b_20260811_FULL_v1,L1_ELIGIBILITY,v2026-08-11,2026-03-21..2026-08-06,baccarat_bet02_101_all_pairs_incl_sentinel,round_win = game_pnl > 0 (decisive only),COMPATIBILITY_ONLY_NOT_PRODUCTION,4059548.3812,3680416.6879,6656.9809,9707,9692,-0.00163983,0.01249836,-0.00525961,-0.00163983,-6656.9809,4059548.3812,OK,0.0000,266.2792,4.0000,96.0000,AG03-UNRESOLVED,ALL5_LEVELS_bet23_to_bet27,266.2792,266.2792,266.2792,0.0000,0.0000,4.000000,4.000000,4.000000,0.000000,0.000000,96.000000,96.000000,96.000000,100.000000,100.000000,5.0,798.8377,767.3102,5858.1432,5889.6706,PENDING_AG03,FALSE,NOT_FOR_ENFORCEMENT,6390.7016,3533200.0204,6656.9809,6390.7016,266.2792,0.00163983,0.00157424,266.2792,6390.7016,0.00157424,266.2792,266.2792,266.2792,0.0000,0.0000,6390.7016,0.00157424,798.8377,767.3102,5858.1432,5889.6706,0.00144305,0.00145082,0.00006559,418.2083,379.7376,0.6869,61.6387,1.8384,37588.4109,89.7407,538.3845,395.5999,218.4789,430.6076,432.5446,432.5446,1046.441,1081.3617,427.0584,0.0,2.43015,2.511246,0.971205,30,216,96,2,0.20383968,0.00163983,-0.01249836,0E-8,0.000000,0.906607,0.000000,0.01775797,2026-03-22,2026-08-06,108,3621,2443,138,0.782609,1.360932,1.287360,0.679466,,,,,,,,GLOBAL_BASELINE_NO_ENTITY_RANKING,,,NOT_APPLICABLE_GLOBAL_BASELINE,HF9g-P5,,,,X 全窗基线 · 不参与实体赏罚,14199387,1420,A168_HF9F_20260827_0900,2026-08-27 09:00:00
2026-06-14,57024343,2115,0,1291.8227619171,387.5468285751,387.5468285751,0.6666667,3,3,0.50665070000000000,0.506650700000,0.5543606114942035,0.5543606114942035,0.5543606114942035,0E-17,ELIGIBLE,R03b_20260811_FULL_v1,L1_ELIGIBILITY,v2026-08-11,2026-03-21..2026-08-06,baccarat_bet02_101_all_pairs_incl_sentinel,round_win = game_pnl > 0 (decisive only),COMPATIBILITY_ONLY_NOT_PRODUCTION,4059548.3812,3680416.6879,6656.9809,9707,9692,-0.00163983,0.01249836,-0.00525961,-0.00163983,-6656.9809,4059548.3812,OK,0.0000,266.2792,4.0000,96.0000,AG03-UNRESOLVED,ALL5_LEVELS_bet23_to_bet27,266.2792,266.2792,266.2792,0.0000,0.0000,4.000000,4.000000,4.000000,0.000000,0.000000,96.000000,96.000000,96.000000,100.000000,100.000000,5.0,798.8377,767.3102,5858.1432,5889.6706,PENDING_AG03,FALSE,NOT_FOR_ENFORCEMENT,6390.7016,3533200.0204,6656.9809,6390.7016,266.2792,0.00163983,0.00157424,266.2792,6390.7016,0.00157424,266.2792,266.2792,266.2792,0.0000,0.0000,6390.7016,0.00157424,798.8377,767.3102,5858.1432,5889.6706,0.00144305,0.00145082,0.00006559,418.2083,379.7376,0.6869,61.6387,1.8384,37588.4109,89.7407,538.3845,395.5999,218.4789,430.6076,432.5446,432.5446,1046.441,1081.3617,427.0584,0.0,2.43015,2.511246,0.971205,30,216,96,2,0.20383968,0.00163983,-0.01249836,0E-8,0.000000,0.906607,0.000000,0.01775797,2026-03-22,2026-08-06,108,3621,2443,138,0.782609,1.360932,1.287360,0.679466,,,,,,,,GLOBAL_BASELINE_NO_ENTITY_RANKING,,,NOT_APPLICABLE_GLOBAL_BASELINE,HF9g-P5,,,,X 全窗基线 · 不参与实体赏罚,14199388,1420,A168_HF9F_20260827_0900,2026-08-27 09:00:00
2026-06-14,57024343,2121,0,430.6075873057,-430.6075873057,-430.6075873057,0E-7,1,1,0.50665070000000000,0.506650700000,-1.013391052207602,-1.013391052207602,-1.013391052207602,0E-17,ELIGIBLE,R03b_20260811_FULL_v1,L1_ELIGIBILITY,v2026-08-11,2026-03-21..2026-08-06,baccarat_bet02_101_all_pairs_incl_sentinel,round_win = game_pnl > 0 (decisive only),COMPATIBILITY_ONLY_NOT_PRODUCTION,4059548.3812,3680416.6879,6656.9809,9707,9692,-0.00163983,0.01249836,-0.00525961,-0.00163983,-6656.9809,4059548.3812,OK,0.0000,266.2792,4.0000,96.0000,AG03-UNRESOLVED,ALL5_LEVELS_bet23_to_bet27,266.2792,266.2792,266.2792,0.0000,0.0000,4.000000,4.000000,4.000000,0.000000,0.000000,96.000000,96.000000,96.000000,100.000000,100.000000,5.0,798.8377,767.3102,5858.1432,5889.6706,PENDING_AG03,FALSE,NOT_FOR_ENFORCEMENT,6390.7016,3533200.0204,6656.9809,6390.7016,266.2792,0.00163983,0.00157424,266.2792,6390.7016,0.00157424,266.2792,266.2792,266.2792,0.0000,0.0000,6390.7016,0.00157424,798.8377,767.3102,5858.1432,5889.6706,0.00144305,0.00145082,0.00006559,418.2083,379.7376,0.6869,61.6387,1.8384,37588.4109,89.7407,538.3845,395.5999,218.4789,430.6076,432.5446,432.5446,1046.441,1081.3617,427.0584,0.0,2.43015,2.511246,0.971205,30,216,96,2,0.20383968,0.00163983,-0.01249836,0E-8,0.000000,0.906607,0.000000,0.01775797,2026-03-22,2026-08-06,108,3621,2443,138,0.782609,1.360932,1.287360,0.679466,,,,,,,,GLOBAL_BASELINE_NO_ENTITY_RANKING,,,NOT_APPLICABLE_GLOBAL_BASELINE,HF9g-P5,,,,X 全窗基线 · 不参与实体赏罚,14199389,1420,A168_HF9F_20260827_0900,2026-08-27 09:00:00
2026-06-14,57024343,2152,0,430.6075873057,-430.6075873057,-430.6075873057,0E-7,1,1,0.50665070000000000,0.506650700000,-1.013391052207602,-1.013391052207602,-1.013391052207602,0E-17,ELIGIBLE,R03b_20260811_FULL_v1,L1_ELIGIBILITY,v2026-08-11,2026-03-21..2026-08-06,baccarat_bet02_101_all_pairs_incl_sentinel,round_win = game_pnl > 0 (decisive only),COMPATIBILITY_ONLY_NOT_PRODUCTION,4059548.3812,3680416.6879,6656.9809,9707,9692,-0.00163983,0.01249836,-0.00525961,-0.00163983,-6656.9809,4059548.3812,OK,0.0000,266.2792,4.0000,96.0000,AG03-UNRESOLVED,ALL5_LEVELS_bet23_to_bet27,266.2792,266.2792,266.2792,0.0000,0.0000,4.000000,4.000000,4.000000,0.000000,0.000000,96.000000,96.000000,96.000000,100.000000,100.000000,5.0,798.8377,767.3102,5858.1432,5889.6706,PENDING_AG03,FALSE,NOT_FOR_ENFORCEMENT,6390.7016,3533200.0204,6656.9809,6390.7016,266.2792,0.00163983,0.00157424,266.2792,6390.7016,0.00157424,266.2792,266.2792,266.2792,0.0000,0.0000,6390.7016,0.00157424,798.8377,767.3102,5858.1432,5889.6706,0.00144305,0.00145082,0.00006559,418.2083,379.7376,0.6869,61.6387,1.8384,37588.4109,89.7407,538.3845,395.5999,218.4789,430.6076,432.5446,432.5446,1046.441,1081.3617,427.0584,0.0,2.43015,2.511246,0.971205,30,216,96,2,0.20383968,0.00163983,-0.01249836,0E-8,0.000000,0.906607,0.000000,0.01775797,2026-03-22,2026-08-06,108,3621,2443,138,0.782609,1.360932,1.287360,0.679466,,,,,,,,GLOBAL_BASELINE_NO_ENTITY_RANKING,,,NOT_APPLICABLE_GLOBAL_BASELINE,HF9g-P5,,,,X 全窗基线 · 不参与实体赏罚,14199390,1420,A168_HF9F_20260827_0900,2026-08-27 09:00:00
2026-06-14,57024343,2174,0,3014.2531111399,344.4860698445,344.4860698445,0.5714286,7,7,0.50665070000000000,0.506650700000,0.34280260342128577,0.34280260342128577,0.34280260342128577,0E-17,ELIGIBLE,R03b_20260811_FULL_v1,L1_ELIGIBILITY,v2026-08-11,2026-03-21..2026-08-06,baccarat_bet02_101_all_pairs_incl_sentinel,round_win = game_pnl > 0 (decisive only),COMPATIBILITY_ONLY_NOT_PRODUCTION,4059548.3812,3680416.6879,6656.9809,9707,9692,-0.00163983,0.01249836,-0.00525961,-0.00163983,-6656.9809,4059548.3812,OK,0.0000,266.2792,4.0000,96.0000,AG03-UNRESOLVED,ALL5_LEVELS_bet23_to_bet27,266.2792,266.2792,266.2792,0.0000,0.0000,4.000000,4.000000,4.000000,0.000000,0.000000,96.000000,96.000000,96.000000,100.000000,100.000000,5.0,798.8377,767.3102,5858.1432,5889.6706,PENDING_AG03,FALSE,NOT_FOR_ENFORCEMENT,6390.7016,3533200.0204,6656.9809,6390.7016,266.2792,0.00163983,0.00157424,266.2792,6390.7016,0.00157424,266.2792,266.2792,266.2792,0.0000,0.0000,6390.7016,0.00157424,798.8377,767.3102,5858.1432,5889.6706,0.00144305,0.00145082,0.00006559,418.2083,379.7376,0.6869,61.6387,1.8384,37588.4109,89.7407,538.3845,395.5999,218.4789,430.6076,432.5446,432.5446,1046.441,1081.3617,427.0584,0.0,2.43015,2.511246,0.971205,30,216,96,2,0.20383968,0.00163983,-0.01249836,0E-8,0.000000,0.906607,0.000000,0.01775797,2026-03-22,2026-08-06,108,3621,2443,138,0.782609,1.360932,1.287360,0.679466,,,,,,,,GLOBAL_BASELINE_NO_ENTITY_RANKING,,,NOT_APPLICABLE_GLOBAL_BASELINE,HF9g-P5,,,,X 全窗基线 · 不参与实体赏罚,14199391,1420,A168_HF9F_20260827_0900,2026-08-27 09:00:00
2026-06-14,57024343,2175,0,430.6075873057,0E-10,0E-10,,1,1,0.50665070000000000,0.506650700000,,,,0E-17,NO_DECISIVE_ROUND,R03b_20260811_FULL_v1,L1_ELIGIBILITY,v2026-08-11,2026-03-21..2026-08-06,baccarat_bet02_101_all_pairs_incl_sentinel,round_win = game_pnl > 0 (decisive only),COMPATIBILITY_ONLY_NOT_PRODUCTION,4059548.3812,3680416.6879,6656.9809,9707,9692,-0.00163983,0.01249836,-0.00525961,-0.00163983,-6656.9809,4059548.3812,OK,0.0000,266.2792,4.0000,96.0000,AG03-UNRESOLVED,ALL5_LEVELS_bet23_to_bet27,266.2792,266.2792,266.2792,0.0000,0.0000,4.000000,4.000000,4.000000,0.000000,0.000000,96.000000,96.000000,96.000000,100.000000,100.000000,5.0,798.8377,767.3102,5858.1432,5889.6706,PENDING_AG03,FALSE,NOT_FOR_ENFORCEMENT,6390.7016,3533200.0204,6656.9809,6390.7016,266.2792,0.00163983,0.00157424,266.2792,6390.7016,0.00157424,266.2792,266.2792,266.2792,0.0000,0.0000,6390.7016,0.00157424,798.8377,767.3102,5858.1432,5889.6706,0.00144305,0.00145082,0.00006559,418.2083,379.7376,0.6869,61.6387,1.8384,37588.4109,89.7407,538.3845,395.5999,218.4789,430.6076,432.5446,432.5446,1046.441,1081.3617,427.0584,0.0,2.43015,2.511246,0.971205,30,216,96,2,0.20383968,0.00163983,-0.01249836,0E-8,0.000000,0.906607,0.000000,0.01775797,2026-03-22,2026-08-06,108,3621,2443,138,0.782609,1.360932,1.287360,0.679466,,,,,,,,GLOBAL_BASELINE_NO_ENTITY_RANKING,,,NOT_APPLICABLE_GLOBAL_BASELINE,HF9g-P5,,,,X 全窗基线 · 不参与实体赏罚,14199392,1420,A168_HF9F_20260827_0900,2026-08-27 09:00:00
2026-06-14,57024343,2178,0,430.6075873057,409.0772079404,409.0772079404,1.0000000,1,1,0.50665070000000000,0.506650700000,0.9867858985152569,0.9867858985152569,0.9867858985152569,0E-17,ELIGIBLE,R03b_20260811_FULL_v1,L1_ELIGIBILITY,v2026-08-11,2026-03-21..2026-08-06,baccarat_bet02_101_all_pairs_incl_sentinel,round_win = game_pnl > 0 (decisive only),COMPATIBILITY_ONLY_NOT_PRODUCTION,4059548.3812,3680416.6879,6656.9809,9707,9692,-0.00163983,0.01249836,-0.00525961,-0.00163983,-6656.9809,4059548.3812,OK,0.0000,266.2792,4.0000,96.0000,AG03-UNRESOLVED,ALL5_LEVELS_bet23_to_bet27,266.2792,266.2792,266.2792,0.0000,0.0000,4.000000,4.000000,4.000000,0.000000,0.000000,96.000000,96.000000,96.000000,100.000000,100.000000,5.0,798.8377,767.3102,5858.1432,5889.6706,PENDING_AG03,FALSE,NOT_FOR_ENFORCEMENT,6390.7016,3533200.0204,6656.9809,6390.7016,266.2792,0.00163983,0.00157424,266.2792,6390.7016,0.00157424,266.2792,266.2792,266.2792,0.0000,0.0000,6390.7016,0.00157424,798.8377,767.3102,5858.1432,5889.6706,0.00144305,0.00145082,0.00006559,418.2083,379.7376,0.6869,61.6387,1.8384,37588.4109,89.7407,538.3845,395.5999,218.4789,430.6076,432.5446,432.5446,1046.441,1081.3617,427.0584,0.0,2.43015,2.511246,0.971205,30,216,96,2,0.20383968,0.00163983,-0.01249836,0E-8,0.000000,0.906607,0.000000,0.01775797,2026-03-22,2026-08-06,108,3621,2443,138,0.782609,1.360932,1.287360,0.679466,,,,,,,,GLOBAL_BASELINE_NO_ENTITY_RANKING,,,NOT_APPLICABLE_GLOBAL_BASELINE,HF9g-P5,,,,X 全窗基线 · 不参与实体赏罚,14199393,1420,A168_HF9F_20260827_0900,2026-08-27 09:00:00
2026-06-14,57024343,2201,0,430.6075873057,409.0772079404,409.0772079404,1.0000000,1,1,0.50665070000000000,0.506650700000,0.9867858985152569,0.9867858985152569,0.9867858985152569,0E-17,ELIGIBLE,R03b_20260811_FULL_v1,L1_ELIGIBILITY,v2026-08-11,2026-03-21..2026-08-06,baccarat_bet02_101_all_pairs_incl_sentinel,round_win = game_pnl > 0 (decisive only),COMPATIBILITY_ONLY_NOT_PRODUCTION,4059548.3812,3680416.6879,6656.9809,9707,9692,-0.00163983,0.01249836,-0.00525961,-0.00163983,-6656.9809,4059548.3812,OK,0.0000,266.2792,4.0000,96.0000,AG03-UNRESOLVED,ALL5_LEVELS_bet23_to_bet27,266.2792,266.2792,266.2792,0.0000,0.0000,4.000000,4.000000,4.000000,0.000000,0.000000,96.000000,96.000000,96.000000,100.000000,100.000000,5.0,798.8377,767.3102,5858.1432,5889.6706,PENDING_AG03,FALSE,NOT_FOR_ENFORCEMENT,6390.7016,3533200.0204,6656.9809,6390.7016,266.2792,0.00163983,0.00157424,266.2792,6390.7016,0.00157424,266.2792,266.2792,266.2792,0.0000,0.0000,6390.7016,0.00157424,798.8377,767.3102,5858.1432,5889.6706,0.00144305,0.00145082,0.00006559,418.2083,379.7376,0.6869,61.6387,1.8384,37588.4109,89.7407,538.3845,395.5999,218.4789,430.6076,432.5446,432.5446,1046.441,1081.3617,427.0584,0.0,2.43015,2.511246,0.971205,30,216,96,2,0.20383968,0.00163983,-0.01249836,0E-8,0.000000,0.906607,0.000000,0.01775797,2026-03-22,2026-08-06,108,3621,2443,138,0.782609,1.360932,1.287360,0.679466,,,,,,,,GLOBAL_BASELINE_NO_ENTITY_RANKING,,,NOT_APPLICABLE_GLOBAL_BASELINE,HF9g-P5,,,,X 全窗基线 · 不参与实体赏罚,14199394,1420,A168_HF9F_20260827_0900,2026-08-27 09:00:00
2026-06-14,57024343,2209,0,861.2151746114,-861.2151746114,-861.2151746114,0E-7,2,2,0.50665070000000000,0.506650700000,-1.4331513700195317,-1.4331513700195317,-1.4331513700195317,0E-17,ELIGIBLE,R03b_20260811_FULL_v1,L1_ELIGIBILITY,v2026-08-11,2026-03-21..2026-08-06,baccarat_bet02_101_all_pairs_incl_sentinel,round_win = game_pnl > 0 (decisive only),COMPATIBILITY_ONLY_NOT_PRODUCTION,4059548.3812,3680416.6879,6656.9809,9707,9692,-0.00163983,0.01249836,-0.00525961,-0.00163983,-6656.9809,4059548.3812,OK,0.0000,266.2792,4.0000,96.0000,AG03-UNRESOLVED,ALL5_LEVELS_bet23_to_bet27,266.2792,266.2792,266.2792,0.0000,0.0000,4.000000,4.000000,4.000000,0.000000,0.000000,96.000000,96.000000,96.000000,100.000000,100.000000,5.0,798.8377,767.3102,5858.1432,5889.6706,PENDING_AG03,FALSE,NOT_FOR_ENFORCEMENT,6390.7016,3533200.0204,6656.9809,6390.7016,266.2792,0.00163983,0.00157424,266.2792,6390.7016,0.00157424,266.2792,266.2792,266.2792,0.0000,0.0000,6390.7016,0.00157424,798.8377,767.3102,5858.1432,5889.6706,0.00144305,0.00145082,0.00006559,418.2083,379.7376,0.6869,61.6387,1.8384,37588.4109,89.7407,538.3845,395.5999,218.4789,430.6076,432.5446,432.5446,1046.441,1081.3617,427.0584,0.0,2.43015,2.511246,0.971205,30,216,96,2,0.20383968,0.00163983,-0.01249836,0E-8,0.000000,0.906607,0.000000,0.01775797,2026-03-22,2026-08-06,108,3621,2443,138,0.782609,1.360932,1.287360,0.679466,,,,,,,,GLOBAL_BASELINE_NO_ENTITY_RANKING,,,NOT_APPLICABLE_GLOBAL_BASELINE,HF9g-P5,,,,X 全窗基线 · 不参与实体赏罚,14199395,1420,A168_HF9F_20260827_0900,2026-08-27 09:00:00
2026-06-14,57024343,2212,0,1722.4303492228,796.6240365155,796.6240365155,0.7500000,4,4,0.50329940000000000,0.503299400000,0.9868238854431842,0.9868238854431842,0.9868238854431842,0E-17,ELIGIBLE,R03b_20260811_FULL_v1,L1_ELIGIBILITY,v2026-08-11,2026-03-21..2026-08-06,baccarat_bet02_101_all_pairs_incl_sentinel,round_win = game_pnl > 0 (decisive only),COMPATIBILITY_ONLY_NOT_PRODUCTION,4059548.3812,3680416.6879,6656.9809,9707,9692,-0.00163983,0.01249836,-0.00525961,-0.00163983,-6656.9809,4059548.3812,OK,0.0000,266.2792,4.0000,96.0000,AG03-UNRESOLVED,ALL5_LEVELS_bet23_to_bet27,266.2792,266.2792,266.2792,0.0000,0.0000,4.000000,4.000000,4.000000,0.000000,0.000000,96.000000,96.000000,96.000000,100.000000,100.000000,5.0,798.8377,767.3102,5858.1432,5889.6706,PENDING_AG03,FALSE,NOT_FOR_ENFORCEMENT,6390.7016,3533200.0204,6656.9809,6390.7016,266.2792,0.00163983,0.00157424,266.2792,6390.7016,0.00157424,266.2792,266.2792,266.2792,0.0000,0.0000,6390.7016,0.00157424,798.8377,767.3102,5858.1432,5889.6706,0.00144305,0.00145082,0.00006559,418.2083,379.7376,0.6869,61.6387,1.8384,37588.4109,89.7407,538.3845,395.5999,218.4789,430.6076,432.5446,432.5446,1046.441,1081.3617,427.0584,0.0,2.43015,2.511246,0.971205,30,216,96,2,0.20383968,0.00163983,-0.01249836,0E-8,0.000000,0.906607,0.000000,0.01775797,2026-03-22,2026-08-06,108,3621,2443,138,0.782609,1.360932,1.287360,0.679466,,,,,,,,GLOBAL_BASELINE_NO_ENTITY_RANKING,,,NOT_APPLICABLE_GLOBAL_BASELINE,HF9g-P5,,,,X 全窗基线 · 不参与实体赏罚,14199396,1420,A168_HF9F_20260827_0900,2026-08-27 09:00:00
2026-06-14,57024343,2229,0,1291.8227619171,387.5468285751,387.5468285751,0.6666667,3,3,0.50665070000000000,0.506650700000,0.5543606114942035,0.5543606114942035,0.5543606114942035,0E-17,ELIGIBLE,R03b_20260811_FULL_v1,L1_ELIGIBILITY,v2026-08-11,2026-03-21..2026-08-06,baccarat_bet02_101_all_pairs_incl_sentinel,round_win = game_pnl > 0 (decisive only),COMPATIBILITY_ONLY_NOT_PRODUCTION,4059548.3812,3680416.6879,6656.9809,9707,9692,-0.00163983,0.01249836,-0.00525961,-0.00163983,-6656.9809,4059548.3812,OK,0.0000,266.2792,4.0000,96.0000,AG03-UNRESOLVED,ALL5_LEVELS_bet23_to_bet27,266.2792,266.2792,266.2792,0.0000,0.0000,4.000000,4.000000,4.000000,0.000000,0.000000,96.000000,96.000000,96.000000,100.000000,100.000000,5.0,798.8377,767.3102,5858.1432,5889.6706,PENDING_AG03,FALSE,NOT_FOR_ENFORCEMENT,6390.7016,3533200.0204,6656.9809,6390.7016,266.2792,0.00163983,0.00157424,266.2792,6390.7016,0.00157424,266.2792,266.2792,266.2792,0.0000,0.0000,6390.7016,0.00157424,798.8377,767.3102,5858.1432,5889.6706,0.00144305,0.00145082,0.00006559,418.2083,379.7376,0.6869,61.6387,1.8384,37588.4109,89.7407,538.3845,395.5999,218.4789,430.6076,432.5446,432.5446,1046.441,1081.3617,427.0584,0.0,2.43015,2.511246,0.971205,30,216,96,2,0.20383968,0.00163983,-0.01249836,0E-8,0.000000,0.906607,0.000000,0.01775797,2026-03-22,2026-08-06,108,3621,2443,138,0.782609,1.360932,1.287360,0.679466,,,,,,,,GLOBAL_BASELINE_NO_ENTITY_RANKING,,,NOT_APPLICABLE_GLOBAL_BASELINE,HF9g-P5,,,,X 全窗基线 · 不参与实体赏罚,14199397,1420,A168_HF9F_20260827_0900,2026-08-27 09:00:00
2026-06-14,57024343,2246,0,2583.6455238341,366.0164492098,366.0164492098,0.6666667,7,7,0.50665070000000000,0.506650700000,0.7839842952205449,0.7839842952205449,0.7839842952205449,0E-17,ELIGIBLE,R03b_20260811_FULL_v1,L1_ELIGIBILITY,v2026-08-11,2026-03-21..2026-08-06,baccarat_bet02_101_all_pairs_incl_sentinel,round_win = game_pnl > 0 (decisive only),COMPATIBILITY_ONLY_NOT_PRODUCTION,4059548.3812,3680416.6879,6656.9809,9707,9692,-0.00163983,0.01249836,-0.00525961,-0.00163983,-6656.9809,4059548.3812,OK,0.0000,266.2792,4.0000,96.0000,AG03-UNRESOLVED,ALL5_LEVELS_bet23_to_bet27,266.2792,266.2792,266.2792,0.0000,0.0000,4.000000,4.000000,4.000000,0.000000,0.000000,96.000000,96.000000,96.000000,100.000000,100.000000,5.0,798.8377,767.3102,5858.1432,5889.6706,PENDING_AG03,FALSE,NOT_FOR_ENFORCEMENT,6390.7016,3533200.0204,6656.9809,6390.7016,266.2792,0.00163983,0.00157424,266.2792,6390.7016,0.00157424,266.2792,266.2792,266.2792,0.0000,0.0000,6390.7016,0.00157424,798.8377,767.3102,5858.1432,5889.6706,0.00144305,0.00145082,0.00006559,418.2083,379.7376,0.6869,61.6387,1.8384,37588.4109,89.7407,538.3845,395.5999,218.4789,430.6076,432.5446,432.5446,1046.441,1081.3617,427.0584,0.0,2.43015,2.511246,0.971205,30,216,96,2,0.20383968,0.00163983,-0.01249836,0E-8,0.000000,0.906607,0.000000,0.01775797,2026-03-22,2026-08-06,108,3621,2443,138,0.782609,1.360932,1.287360,0.679466,,,,,,,,GLOBAL_BASELINE_NO_ENTITY_RANKING,,,NOT_APPLICABLE_GLOBAL_BASELINE,HF9g-P5,,,,X 全窗基线 · 不参与实体赏罚,14199398,1420,A168_HF9F_20260827_0900,2026-08-27 09:00:00
2026-06-14,57024343,2254,0,1722.4303492228,796.6240365155,796.6240365155,0.7500000,4,4,0.50665070000000000,0.506650700000,0.9734833216690844,0.9734833216690844,0.9734833216690844,0E-17,ELIGIBLE,R03b_20260811_FULL_v1,L1_ELIGIBILITY,v2026-08-11,2026-03-21..2026-08-06,baccarat_bet02_101_all_pairs_incl_sentinel,round_win = game_pnl > 0 (decisive only),COMPATIBILITY_ONLY_NOT_PRODUCTION,4059548.3812,3680416.6879,6656.9809,9707,9692,-0.00163983,0.01249836,-0.00525961,-0.00163983,-6656.9809,4059548.3812,OK,0.0000,266.2792,4.0000,96.0000,AG03-UNRESOLVED,ALL5_LEVELS_bet23_to_bet27,266.2792,266.2792,266.2792,0.0000,0.0000,4.000000,4.000000,4.000000,0.000000,0.000000,96.000000,96.000000,96.000000,100.000000,100.000000,5.0,798.8377,767.3102,5858.1432,5889.6706,PENDING_AG03,FALSE,NOT_FOR_ENFORCEMENT,6390.7016,3533200.0204,6656.9809,6390.7016,266.2792,0.00163983,0.00157424,266.2792,6390.7016,0.00157424,266.2792,266.2792,266.2792,0.0000,0.0000,6390.7016,0.00157424,798.8377,767.3102,5858.1432,5889.6706,0.00144305,0.00145082,0.00006559,418.2083,379.7376,0.6869,61.6387,1.8384,37588.4109,89.7407,538.3845,395.5999,218.4789,430.6076,432.5446,432.5446,1046.441,1081.3617,427.0584,0.0,2.43015,2.511246,0.971205,30,216,96,2,0.20383968,0.00163983,-0.01249836,0E-8,0.000000,0.906607,0.000000,0.01775797,2026-03-22,2026-08-06,108,3621,2443,138,0.782609,1.360932,1.287360,0.679466,,,,,,,,GLOBAL_BASELINE_NO_ENTITY_RANKING,,,NOT_APPLICABLE_GLOBAL_BASELINE,HF9g-P5,,,,X 全窗基线 · 不参与实体赏罚,14199399,1420,A168_HF9F_20260827_0900,2026-08-27 09:00:00
2026-06-14,57024343,2258,0,1291.8227619171,818.1544158808,818.1544158808,1.0000000,3,3,0.50665070000000000,0.506650700000,1.3955260008387969,1.3955260008387969,1.3955260008387969,0E-17,ELIGIBLE,R03b_20260811_FULL_v1,L1_ELIGIBILITY,v2026-08-11,2026-03-21..2026-08-06,baccarat_bet02_101_all_pairs_incl_sentinel,round_win = game_pnl > 0 (decisive only),COMPATIBILITY_ONLY_NOT_PRODUCTION,4059548.3812,3680416.6879,6656.9809,9707,9692,-0.00163983,0.01249836,-0.00525961,-0.00163983,-6656.9809,4059548.3812,OK,0.0000,266.2792,4.0000,96.0000,AG03-UNRESOLVED,ALL5_LEVELS_bet23_to_bet27,266.2792,266.2792,266.2792,0.0000,0.0000,4.000000,4.000000,4.000000,0.000000,0.000000,96.000000,96.000000,96.000000,100.000000,100.000000,5.0,798.8377,767.3102,5858.1432,5889.6706,PENDING_AG03,FALSE,NOT_FOR_ENFORCEMENT,6390.7016,3533200.0204,6656.9809,6390.7016,266.2792,0.00163983,0.00157424,266.2792,6390.7016,0.00157424,266.2792,266.2792,266.2792,0.0000,0.0000,6390.7016,0.00157424,798.8377,767.3102,5858.1432,5889.6706,0.00144305,0.00145082,0.00006559,418.2083,379.7376,0.6869,61.6387,1.8384,37588.4109,89.7407,538.3845,395.5999,218.4789,430.6076,432.5446,432.5446,1046.441,1081.3617,427.0584,0.0,2.43015,2.511246,0.971205,30,216,96,2,0.20383968,0.00163983,-0.01249836,0E-8,0.000000,0.906607,0.000000,0.01775797,2026-03-22,2026-08-06,108,3621,2443,138,0.782609,1.360932,1.287360,0.679466,,,,,,,,GLOBAL_BASELINE_NO_ENTITY_RANKING,,,NOT_APPLICABLE_GLOBAL_BASELINE,HF9g-P5,,,,X 全窗基线 · 不参与实体赏罚,14199400,1420,A168_HF9F_20260827_0900,2026-08-27 09:00:00
2026-06-14,57024343,2267,0,861.2151746114,-21.5303793653,-21.5303793653,0.5000000,2,2,0.50665070000000000,0.506650700000,-0.018812684590367487,-0.018812684590367487,-0.018812684590367487,0E-17,ELIGIBLE,R03b_20260811_FULL_v1,L1_ELIGIBILITY,v2026-08-11,2026-03-21..2026-08-06,baccarat_bet02_101_all_pairs_incl_sentinel,round_win = game_pnl > 0 (decisive only),COMPATIBILITY_ONLY_NOT_PRODUCTION,4059548.3812,3680416.6879,6656.9809,9707,9692,-0.00163983,0.01249836,-0.00525961,-0.00163983,-6656.9809,4059548.3812,OK,0.0000,266.2792,4.0000,96.0000,AG03-UNRESOLVED,ALL5_LEVELS_bet23_to_bet27,266.2792,266.2792,266.2792,0.0000,0.0000,4.000000,4.000000,4.000000,0.000000,0.000000,96.000000,96.000000,96.000000,100.000000,100.000000,5.0,798.8377,767.3102,5858.1432,5889.6706,PENDING_AG03,FALSE,NOT_FOR_ENFORCEMENT,6390.7016,3533200.0204,6656.9809,6390.7016,266.2792,0.00163983,0.00157424,266.2792,6390.7016,0.00157424,266.2792,266.2792,266.2792,0.0000,0.0000,6390.7016,0.00157424,798.8377,767.3102,5858.1432,5889.6706,0.00144305,0.00145082,0.00006559,418.2083,379.7376,0.6869,61.6387,1.8384,37588.4109,89.7407,538.3845,395.5999,218.4789,430.6076,432.5446,432.5446,1046.441,1081.3617,427.0584,0.0,2.43015,2.511246,0.971205,30,216,96,2,0.20383968,0.00163983,-0.01249836,0E-8,0.000000,0.906607,0.000000,0.01775797,2026-03-22,2026-08-06,108,3621,2443,138,0.782609,1.360932,1.287360,0.679466,,,,,,,,GLOBAL_BASELINE_NO_ENTITY_RANKING,,,NOT_APPLICABLE_GLOBAL_BASELINE,HF9g-P5,,,,X 全窗基线 · 不参与实体赏罚,14199401,1420,A168_HF9F_20260827_0900,2026-08-27 09:00:00
2026-06-14,57024343,2276,0,430.6075873057,409.0772079404,409.0772079404,1.0000000,1,1,0.50665070000000000,0.506650700000,0.9867858985152569,0.9867858985152569,0.9867858985152569,0E-17,ELIGIBLE,R03b_20260811_FULL_v1,L1_ELIGIBILITY,v2026-08-11,2026-03-21..2026-08-06,baccarat_bet02_101_all_pairs_incl_sentinel,round_win = game_pnl > 0 (decisive only),COMPATIBILITY_ONLY_NOT_PRODUCTION,4059548.3812,3680416.6879,6656.9809,9707,9692,-0.00163983,0.01249836,-0.00525961,-0.00163983,-6656.9809,4059548.3812,OK,0.0000,266.2792,4.0000,96.0000,AG03-UNRESOLVED,ALL5_LEVELS_bet23_to_bet27,266.2792,266.2792,266.2792,0.0000,0.0000,4.000000,4.000000,4.000000,0.000000,0.000000,96.000000,96.000000,96.000000,100.000000,100.000000,5.0,798.8377,767.3102,5858.1432,5889.6706,PENDING_AG03,FALSE,NOT_FOR_ENFORCEMENT,6390.7016,3533200.0204,6656.9809,6390.7016,266.2792,0.00163983,0.00157424,266.2792,6390.7016,0.00157424,266.2792,266.2792,266.2792,0.0000,0.0000,6390.7016,0.00157424,798.8377,767.3102,5858.1432,5889.6706,0.00144305,0.00145082,0.00006559,418.2083,379.7376,0.6869,61.6387,1.8384,37588.4109,89.7407,538.3845,395.5999,218.4789,430.6076,432.5446,432.5446,1046.441,1081.3617,427.0584,0.0,2.43015,2.511246,0.971205,30,216,96,2,0.20383968,0.00163983,-0.01249836,0E-8,0.000000,0.906607,0.000000,0.01775797,2026-03-22,2026-08-06,108,3621,2443,138,0.782609,1.360932,1.287360,0.679466,,,,,,,,GLOBAL_BASELINE_NO_ENTITY_RANKING,,,NOT_APPLICABLE_GLOBAL_BASELINE,HF9g-P5,,,,X 全窗基线 · 不参与实体赏罚,14199402,1420,A168_HF9F_20260827_0900,2026-08-27 09:00:00
2026-06-14,57024343,526,0,430.6075873057,-430.6075873057,-430.6075873057,0E-7,1,1,0.50665070000000000,0.506650700000,-1.013391052207602,-1.013391052207602,-1.013391052207602,0E-17,ELIGIBLE,R03b_20260811_FULL_v1,L1_ELIGIBILITY,v2026-08-11,2026-03-21..2026-08-06,baccarat_bet02_101_all_pairs_incl_sentinel,round_win = game_pnl > 0 (decisive only),COMPATIBILITY_ONLY_NOT_PRODUCTION,4059548.3812,3680416.6879,6656.9809,9707,9692,-0.00163983,0.01249836,-0.00525961,-0.00163983,-6656.9809,4059548.3812,OK,0.0000,266.2792,4.0000,96.0000,AG03-UNRESOLVED,ALL5_LEVELS_bet23_to_bet27,266.2792,266.2792,266.2792,0.0000,0.0000,4.000000,4.000000,4.000000,0.000000,0.000000,96.000000,96.000000,96.000000,100.000000,100.000000,5.0,798.8377,767.3102,5858.1432,5889.6706,PENDING_AG03,FALSE,NOT_FOR_ENFORCEMENT,6390.7016,3533200.0204,6656.9809,6390.7016,266.2792,0.00163983,0.00157424,266.2792,6390.7016,0.00157424,266.2792,266.2792,266.2792,0.0000,0.0000,6390.7016,0.00157424,798.8377,767.3102,5858.1432,5889.6706,0.00144305,0.00145082,0.00006559,418.2083,379.7376,0.6869,61.6387,1.8384,37588.4109,89.7407,538.3845,395.5999,218.4789,430.6076,432.5446,432.5446,1046.441,1081.3617,427.0584,0.0,2.43015,2.511246,0.971205,30,216,96,2,0.20383968,0.00163983,-0.01249836,0E-8,0.000000,0.906607,0.000000,0.01775797,2026-03-22,2026-08-06,108,3621,2443,138,0.782609,1.360932,1.287360,0.679466,,,,,,,,GLOBAL_BASELINE_NO_ENTITY_RANKING,,,NOT_APPLICABLE_GLOBAL_BASELINE,HF9g-P5,,,,X 全窗基线 · 不参与实体赏罚,14199403,1420,A168_HF9F_20260827_0900,2026-08-27 09:00:00
2026-06-14,57024343,529,0,430.6075873057,-430.6075873057,-430.6075873057,0E-7,1,1,0.50665070000000000,0.506650700000,-1.013391052207602,-1.013391052207602,-1.013391052207602,0E-17,ELIGIBLE,R03b_20260811_FULL_v1,L1_ELIGIBILITY,v2026-08-11,2026-03-21..2026-08-06,baccarat_bet02_101_all_pairs_incl_sentinel,round_win = game_pnl > 0 (decisive only),COMPATIBILITY_ONLY_NOT_PRODUCTION,4059548.3812,3680416.6879,6656.9809,9707,9692,-0.00163983,0.01249836,-0.00525961,-0.00163983,-6656.9809,4059548.3812,OK,0.0000,266.2792,4.0000,96.0000,AG03-UNRESOLVED,ALL5_LEVELS_bet23_to_bet27,266.2792,266.2792,266.2792,0.0000,0.0000,4.000000,4.000000,4.000000,0.000000,0.000000,96.000000,96.000000,96.000000,100.000000,100.000000,5.0,798.8377,767.3102,5858.1432,5889.6706,PENDING_AG03,FALSE,NOT_FOR_ENFORCEMENT,6390.7016,3533200.0204,6656.9809,6390.7016,266.2792,0.00163983,0.00157424,266.2792,6390.7016,0.00157424,266.2792,266.2792,266.2792,0.0000,0.0000,6390.7016,0.00157424,798.8377,767.3102,5858.1432,5889.6706,0.00144305,0.00145082,0.00006559,418.2083,379.7376,0.6869,61.6387,1.8384,37588.4109,89.7407,538.3845,395.5999,218.4789,430.6076,432.5446,432.5446,1046.441,1081.3617,427.0584,0.0,2.43015,2.511246,0.971205,30,216,96,2,0.20383968,0.00163983,-0.01249836,0E-8,0.000000,0.906607,0.000000,0.01775797,2026-03-22,2026-08-06,108,3621,2443,138,0.782609,1.360932,1.287360,0.679466,,,,,,,,GLOBAL_BASELINE_NO_ENTITY_RANKING,,,NOT_APPLICABLE_GLOBAL_BASELINE,HF9g-P5,,,,X 全窗基线 · 不参与实体赏罚,14199404,1420,A168_HF9F_20260827_0900,2026-08-27 09:00:00
2026-06-14,57024343,550,0,430.6075873057,-430.6075873057,-430.6075873057,0E-7,1,1,0.50665070000000000,0.506650700000,-1.013391052207602,-1.013391052207602,-1.013391052207602,0E-17,ELIGIBLE,R03b_20260811_FULL_v1,L1_ELIGIBILITY,v2026-08-11,2026-03-21..2026-08-06,baccarat_bet02_101_all_pairs_incl_sentinel,round_win = game_pnl > 0 (decisive only),COMPATIBILITY_ONLY_NOT_PRODUCTION,4059548.3812,3680416.6879,6656.9809,9707,9692,-0.00163983,0.01249836,-0.00525961,-0.00163983,-6656.9809,4059548.3812,OK,0.0000,266.2792,4.0000,96.0000,AG03-UNRESOLVED,ALL5_LEVELS_bet23_to_bet27,266.2792,266.2792,266.2792,0.0000,0.0000,4.000000,4.000000,4.000000,0.000000,0.000000,96.000000,96.000000,96.000000,100.000000,100.000000,5.0,798.8377,767.3102,5858.1432,5889.6706,PENDING_AG03,FALSE,NOT_FOR_ENFORCEMENT,6390.7016,3533200.0204,6656.9809,6390.7016,266.2792,0.00163983,0.00157424,266.2792,6390.7016,0.00157424,266.2792,266.2792,266.2792,0.0000,0.0000,6390.7016,0.00157424,798.8377,767.3102,5858.1432,5889.6706,0.00144305,0.00145082,0.00006559,418.2083,379.7376,0.6869,61.6387,1.8384,37588.4109,89.7407,538.3845,395.5999,218.4789,430.6076,432.5446,432.5446,1046.441,1081.3617,427.0584,0.0,2.43015,2.511246,0.971205,30,216,96,2,0.20383968,0.00163983,-0.01249836,0E-8,0.000000,0.906607,0.000000,0.01775797,2026-03-22,2026-08-06,108,3621,2443,138,0.782609,1.360932,1.287360,0.679466,,,,,,,,GLOBAL_BASELINE_NO_ENTITY_RANKING,,,NOT_APPLICABLE_GLOBAL_BASELINE,HF9g-P5,,,,X 全窗基线 · 不参与实体赏罚,14199405,1420,A168_HF9F_20260827_0900,2026-08-27 09:00:00
2026-06-14,57024343,772,0,861.2151746114,-430.6075873057,-430.6075873057,0E-7,2,2,0.50665070000000000,0.506650700000,-1.013391052207602,-1.013391052207602,-1.013391052207602,0E-17,ELIGIBLE,R03b_20260811_FULL_v1,L1_ELIGIBILITY,v2026-08-11,2026-03-21..2026-08-06,baccarat_bet02_101_all_pairs_incl_sentinel,round_win = game_pnl > 0 (decisive only),COMPATIBILITY_ONLY_NOT_PRODUCTION,4059548.3812,3680416.6879,6656.9809,9707,9692,-0.00163983,0.01249836,-0.00525961,-0.00163983,-6656.9809,4059548.3812,OK,0.0000,266.2792,4.0000,96.0000,AG03-UNRESOLVED,ALL5_LEVELS_bet23_to_bet27,266.2792,266.2792,266.2792,0.0000,0.0000,4.000000,4.000000,4.000000,0.000000,0.000000,96.000000,96.000000,96.000000,100.000000,100.000000,5.0,798.8377,767.3102,5858.1432,5889.6706,PENDING_AG03,FALSE,NOT_FOR_ENFORCEMENT,6390.7016,3533200.0204,6656.9809,6390.7016,266.2792,0.00163983,0.00157424,266.2792,6390.7016,0.00157424,266.2792,266.2792,266.2792,0.0000,0.0000,6390.7016,0.00157424,798.8377,767.3102,5858.1432,5889.6706,0.00144305,0.00145082,0.00006559,418.2083,379.7376,0.6869,61.6387,1.8384,37588.4109,89.7407,538.3845,395.5999,218.4789,430.6076,432.5446,432.5446,1046.441,1081.3617,427.0584,0.0,2.43015,2.511246,0.971205,30,216,96,2,0.20383968,0.00163983,-0.01249836,0E-8,0.000000,0.906607,0.000000,0.01775797,2026-03-22,2026-08-06,108,3621,2443,138,0.782609,1.360932,1.287360,0.679466,,,,,,,,GLOBAL_BASELINE_NO_ENTITY_RANKING,,,NOT_APPLICABLE_GLOBAL_BASELINE,HF9g-P5,,,,X 全窗基线 · 不参与实体赏罚,14199406,1420,A168_HF9F_20260827_0900,2026-08-27 09:00:00
2026-06-14,57024343,919,0,430.6075873057,-430.6075873057,-430.6075873057,0E-7,1,1,0.50665070000000000,0.506650700000,-1.013391052207602,-1.013391052207602,-1.013391052207602,0E-17,ELIGIBLE,R03b_20260811_FULL_v1,L1_ELIGIBILITY,v2026-08-11,2026-03-21..2026-08-06,baccarat_bet02_101_all_pairs_incl_sentinel,round_win = game_pnl > 0 (decisive only),COMPATIBILITY_ONLY_NOT_PRODUCTION,4059548.3812,3680416.6879,6656.9809,9707,9692,-0.00163983,0.01249836,-0.00525961,-0.00163983,-6656.9809,4059548.3812,OK,0.0000,266.2792,4.0000,96.0000,AG03-UNRESOLVED,ALL5_LEVELS_bet23_to_bet27,266.2792,266.2792,266.2792,0.0000,0.0000,4.000000,4.000000,4.000000,0.000000,0.000000,96.000000,96.000000,96.000000,100.000000,100.000000,5.0,798.8377,767.3102,5858.1432,5889.6706,PENDING_AG03,FALSE,NOT_FOR_ENFORCEMENT,6390.7016,3533200.0204,6656.9809,6390.7016,266.2792,0.00163983,0.00157424,266.2792,6390.7016,0.00157424,266.2792,266.2792,266.2792,0.0000,0.0000,6390.7016,0.00157424,798.8377,767.3102,5858.1432,5889.6706,0.00144305,0.00145082,0.00006559,418.2083,379.7376,0.6869,61.6387,1.8384,37588.4109,89.7407,538.3845,395.5999,218.4789,430.6076,432.5446,432.5446,1046.441,1081.3617,427.0584,0.0,2.43015,2.511246,0.971205,30,216,96,2,0.20383968,0.00163983,-0.01249836,0E-8,0.000000,0.906607,0.000000,0.01775797,2026-03-22,2026-08-06,108,3621,2443,138,0.782609,1.360932,1.287360,0.679466,,,,,,,,GLOBAL_BASELINE_NO_ENTITY_RANKING,,,NOT_APPLICABLE_GLOBAL_BASELINE,HF9g-P5,,,,X 全窗基线 · 不参与实体赏罚,14199407,1420,A168_HF9F_20260827_0900,2026-08-27 09:00:00
2026-06-16,57024343,-1,1,6459.1138095852,915.0411230246,915.0411230246,0.6000000,6,6,0.50665070000000000,0.506650700000,0.4175076967804994,0.4175076967804994,0.4175076967804994,0E-17,SENTINEL_DEALER,R03b_20260811_FULL_v1,L1_ELIGIBILITY,v2026-08-11,2026-03-21..2026-08-06,baccarat_bet02_101_all_pairs_incl_sentinel,round_win = game_pnl > 0 (decisive only),COMPATIBILITY_ONLY_NOT_PRODUCTION,4059548.3812,3680416.6879,6656.9809,9707,9692,-0.00163983,0.01249836,-0.00525961,-0.00163983,-6656.9809,4059548.3812,OK,0.0000,266.2792,4.0000,96.0000,AG03-UNRESOLVED,ALL5_LEVELS_bet23_to_bet27,266.2792,266.2792,266.2792,0.0000,0.0000,4.000000,4.000000,4.000000,0.000000,0.000000,96.000000,96.000000,96.000000,100.000000,100.000000,5.0,798.8377,767.3102,5858.1432,5889.6706,PENDING_AG03,FALSE,NOT_FOR_ENFORCEMENT,6390.7016,3533200.0204,6656.9809,6390.7016,266.2792,0.00163983,0.00157424,266.2792,6390.7016,0.00157424,266.2792,266.2792,266.2792,0.0000,0.0000,6390.7016,0.00157424,798.8377,767.3102,5858.1432,5889.6706,0.00144305,0.00145082,0.00006559,418.2083,379.7376,0.6869,61.6387,1.8384,37588.4109,89.7407,538.3845,395.5999,218.4789,430.6076,432.5446,432.5446,1046.441,1081.3617,427.0584,0.0,2.43015,2.511246,0.971205,30,216,96,2,0.20383968,0.00163983,-0.01249836,0E-8,0.000000,0.906607,0.000000,0.01775797,2026-03-22,2026-08-06,108,3621,2443,138,0.782609,1.360932,1.287360,0.679466,,,,,,,,GLOBAL_BASELINE_NO_ENTITY_RANKING,,,NOT_APPLICABLE_GLOBAL_BASELINE,HF9g-P5,,,,X 全窗基线 · 不参与实体赏罚,14199408,1420,A168_HF9F_20260827_0900,2026-08-27 09:00:00
2026-06-16,57024343,1115,0,1076.5189682642,-1076.5189682642,-1076.5189682642,0E-7,1,1,0.50665070000000000,0.506650700000,-1.013391052207602,-1.013391052207602,-1.013391052207602,0E-17,ELIGIBLE,R03b_20260811_FULL_v1,L1_ELIGIBILITY,v2026-08-11,2026-03-21..2026-08-06,baccarat_bet02_101_all_pairs_incl_sentinel,round_win = game_pnl > 0 (decisive only),COMPATIBILITY_ONLY_NOT_PRODUCTION,4059548.3812,3680416.6879,6656.9809,9707,9692,-0.00163983,0.01249836,-0.00525961,-0.00163983,-6656.9809,4059548.3812,OK,0.0000,266.2792,4.0000,96.0000,AG03-UNRESOLVED,ALL5_LEVELS_bet23_to_bet27,266.2792,266.2792,266.2792,0.0000,0.0000,4.000000,4.000000,4.000000,0.000000,0.000000,96.000000,96.000000,96.000000,100.000000,100.000000,5.0,798.8377,767.3102,5858.1432,5889.6706,PENDING_AG03,FALSE,NOT_FOR_ENFORCEMENT,6390.7016,3533200.0204,6656.9809,6390.7016,266.2792,0.00163983,0.00157424,266.2792,6390.7016,0.00157424,266.2792,266.2792,266.2792,0.0000,0.0000,6390.7016,0.00157424,798.8377,767.3102,5858.1432,5889.6706,0.00144305,0.00145082,0.00006559,418.2083,379.7376,0.6869,61.6387,1.8384,37588.4109,89.7407,538.3845,395.5999,218.4789,430.6076,432.5446,432.5446,1046.441,1081.3617,427.0584,0.0,2.43015,2.511246,0.971205,30,216,96,2,0.20383968,0.00163983,-0.01249836,0E-8,0.000000,0.906607,0.000000,0.01775797,2026-03-22,2026-08-06,108,3621,2443,138,0.782609,1.360932,1.287360,0.679466,,,,,,,,GLOBAL_BASELINE_NO_ENTITY_RANKING,,,NOT_APPLICABLE_GLOBAL_BASELINE,HF9g-P5,,,,X 全窗基线 · 不参与实体赏罚,14199409,1420,A168_HF9F_20260827_0900,2026-08-27 09:00:00
2026-06-16,57024343,1331,0,1076.5189682642,-1076.5189682642,-1076.5189682642,0E-7,1,1,0.50665070000000000,0.506650700000,-1.013391052207602,-1.013391052207602,-1.013391052207602,0E-17,ELIGIBLE,R03b_20260811_FULL_v1,L1_ELIGIBILITY,v2026-08-11,2026-03-21..2026-08-06,baccarat_bet02_101_all_pairs_incl_sentinel,round_win = game_pnl > 0 (decisive only),COMPATIBILITY_ONLY_NOT_PRODUCTION,4059548.3812,3680416.6879,6656.9809,9707,9692,-0.00163983,0.01249836,-0.00525961,-0.00163983,-6656.9809,4059548.3812,OK,0.0000,266.2792,4.0000,96.0000,AG03-UNRESOLVED,ALL5_LEVELS_bet23_to_bet27,266.2792,266.2792,266.2792,0.0000,0.0000,4.000000,4.000000,4.000000,0.000000,0.000000,96.000000,96.000000,96.000000,100.000000,100.000000,5.0,798.8377,767.3102,5858.1432,5889.6706,PENDING_AG03,FALSE,NOT_FOR_ENFORCEMENT,6390.7016,3533200.0204,6656.9809,6390.7016,266.2792,0.00163983,0.00157424,266.2792,6390.7016,0.00157424,266.2792,266.2792,266.2792,0.0000,0.0000,6390.7016,0.00157424,798.8377,767.3102,5858.1432,5889.6706,0.00144305,0.00145082,0.00006559,418.2083,379.7376,0.6869,61.6387,1.8384,37588.4109,89.7407,538.3845,395.5999,218.4789,430.6076,432.5446,432.5446,1046.441,1081.3617,427.0584,0.0,2.43015,2.511246,0.971205,30,216,96,2,0.20383968,0.00163983,-0.01249836,0E-8,0.000000,0.906607,0.000000,0.01775797,2026-03-22,2026-08-06,108,3621,2443,138,0.782609,1.360932,1.287360,0.679466,,,,,,,,GLOBAL_BASELINE_NO_ENTITY_RANKING,,,NOT_APPLICABLE_GLOBAL_BASELINE,HF9g-P5,,,,X 全窗基线 · 不参与实体赏罚,14199410,1420,A168_HF9F_20260827_0900,2026-08-27 09:00:00
2026-06-16,57024343,1396,0,3229.5569047926,-2153.0379365284,-2153.0379365284,0E-7,3,3,0.50665070000000000,0.506650700000,-1.4331513700195317,-1.4331513700195317,-1.4331513700195317,0E-17,ELIGIBLE,R03b_20260811_FULL_v1,L1_ELIGIBILITY,v2026-08-11,2026-03-21..2026-08-06,baccarat_bet02_101_all_pairs_incl_sentinel,round_win = game_pnl > 0 (decisive only),COMPATIBILITY_ONLY_NOT_PRODUCTION,4059548.3812,3680416.6879,6656.9809,9707,9692,-0.00163983,0.01249836,-0.00525961,-0.00163983,-6656.9809,4059548.3812,OK,0.0000,266.2792,4.0000,96.0000,AG03-UNRESOLVED,ALL5_LEVELS_bet23_to_bet27,266.2792,266.2792,266.2792,0.0000,0.0000,4.000000,4.000000,4.000000,0.000000,0.000000,96.000000,96.000000,96.000000,100.000000,100.000000,5.0,798.8377,767.3102,5858.1432,5889.6706,PENDING_AG03,FALSE,NOT_FOR_ENFORCEMENT,6390.7016,3533200.0204,6656.9809,6390.7016,266.2792,0.00163983,0.00157424,266.2792,6390.7016,0.00157424,266.2792,266.2792,266.2792,0.0000,0.0000,6390.7016,0.00157424,798.8377,767.3102,5858.1432,5889.6706,0.00144305,0.00145082,0.00006559,418.2083,379.7376,0.6869,61.6387,1.8384,37588.4109,89.7407,538.3845,395.5999,218.4789,430.6076,432.5446,432.5446,1046.441,1081.3617,427.0584,0.0,2.43015,2.511246,0.971205,30,216,96,2,0.20383968,0.00163983,-0.01249836,0E-8,0.000000,0.906607,0.000000,0.01775797,2026-03-22,2026-08-06,108,3621,2443,138,0.782609,1.360932,1.287360,0.679466,,,,,,,,GLOBAL_BASELINE_NO_ENTITY_RANKING,,,NOT_APPLICABLE_GLOBAL_BASELINE,HF9g-P5,,,,X 全窗基线 · 不参与实体赏罚,14199411,1420,A168_HF9F_20260827_0900,2026-08-27 09:00:00
2026-06-16,57024343,1645,0,1076.5189682642,1022.6930198510,1022.6930198510,1.0000000,1,1,0.50665070000000000,0.506650700000,0.9867858985152569,0.9867858985152569,0.9867858985152569,0E-17,ELIGIBLE,R03b_20260811_FULL_v1,L1_ELIGIBILITY,v2026-08-11,2026-03-21..2026-08-06,baccarat_bet02_101_all_pairs_incl_sentinel,round_win = game_pnl > 0 (decisive only),COMPATIBILITY_ONLY_NOT_PRODUCTION,4059548.3812,3680416.6879,6656.9809,9707,9692,-0.00163983,0.01249836,-0.00525961,-0.00163983,-6656.9809,4059548.3812,OK,0.0000,266.2792,4.0000,96.0000,AG03-UNRESOLVED,ALL5_LEVELS_bet23_to_bet27,266.2792,266.2792,266.2792,0.0000,0.0000,4.000000,4.000000,4.000000,0.000000,0.000000,96.000000,96.000000,96.000000,100.000000,100.000000,5.0,798.8377,767.3102,5858.1432,5889.6706,PENDING_AG03,FALSE,NOT_FOR_ENFORCEMENT,6390.7016,3533200.0204,6656.9809,6390.7016,266.2792,0.00163983,0.00157424,266.2792,6390.7016,0.00157424,266.2792,266.2792,266.2792,0.0000,0.0000,6390.7016,0.00157424,798.8377,767.3102,5858.1432,5889.6706,0.00144305,0.00145082,0.00006559,418.2083,379.7376,0.6869,61.6387,1.8384,37588.4109,89.7407,538.3845,395.5999,218.4789,430.6076,432.5446,432.5446,1046.441,1081.3617,427.0584,0.0,2.43015,2.511246,0.971205,30,216,96,2,0.20383968,0.00163983,-0.01249836,0E-8,0.000000,0.906607,0.000000,0.01775797,2026-03-22,2026-08-06,108,3621,2443,138,0.782609,1.360932,1.287360,0.679466,,,,,,,,GLOBAL_BASELINE_NO_ENTITY_RANKING,,,NOT_APPLICABLE_GLOBAL_BASELINE,HF9g-P5,,,,X 全窗基线 · 不参与实体赏罚,14199412,1420,A168_HF9F_20260827_0900,2026-08-27 09:00:00
2026-06-16,57024343,1704,0,1076.5189682642,1022.6930198510,1022.6930198510,1.0000000,1,1,0.50665070000000000,0.506650700000,0.9867858985152569,0.9867858985152569,0.9867858985152569,0E-17,ELIGIBLE,R03b_20260811_FULL_v1,L1_ELIGIBILITY,v2026-08-11,2026-03-21..2026-08-06,baccarat_bet02_101_all_pairs_incl_sentinel,round_win = game_pnl > 0 (decisive only),COMPATIBILITY_ONLY_NOT_PRODUCTION,4059548.3812,3680416.6879,6656.9809,9707,9692,-0.00163983,0.01249836,-0.00525961,-0.00163983,-6656.9809,4059548.3812,OK,0.0000,266.2792,4.0000,96.0000,AG03-UNRESOLVED,ALL5_LEVELS_bet23_to_bet27,266.2792,266.2792,266.2792,0.0000,0.0000,4.000000,4.000000,4.000000,0.000000,0.000000,96.000000,96.000000,96.000000,100.000000,100.000000,5.0,798.8377,767.3102,5858.1432,5889.6706,PENDING_AG03,FALSE,NOT_FOR_ENFORCEMENT,6390.7016,3533200.0204,6656.9809,6390.7016,266.2792,0.00163983,0.00157424,266.2792,6390.7016,0.00157424,266.2792,266.2792,266.2792,0.0000,0.0000,6390.7016,0.00157424,798.8377,767.3102,5858.1432,5889.6706,0.00144305,0.00145082,0.00006559,418.2083,379.7376,0.6869,61.6387,1.8384,37588.4109,89.7407,538.3845,395.5999,218.4789,430.6076,432.5446,432.5446,1046.441,1081.3617,427.0584,0.0,2.43015,2.511246,0.971205,30,216,96,2,0.20383968,0.00163983,-0.01249836,0E-8,0.000000,0.906607,0.000000,0.01775797,2026-03-22,2026-08-06,108,3621,2443,138,0.782609,1.360932,1.287360,0.679466,,,,,,,,GLOBAL_BASELINE_NO_ENTITY_RANKING,,,NOT_APPLICABLE_GLOBAL_BASELINE,HF9g-P5,,,,X 全窗基线 · 不参与实体赏罚,14199413,1420,A168_HF9F_20260827_0900,2026-08-27 09:00:00
2026-06-16,57024343,2103,0,3229.5569047926,968.8670714378,968.8670714378,0.6666667,3,3,0.50665070000000000,0.506650700000,0.5543606114942035,0.5543606114942035,0.5543606114942035,0E-17,ELIGIBLE,R03b_20260811_FULL_v1,L1_ELIGIBILITY,v2026-08-11,2026-03-21..2026-08-06,baccarat_bet02_101_all_pairs_incl_sentinel,round_win = game_pnl > 0 (decisive only),COMPATIBILITY_ONLY_NOT_PRODUCTION,4059548.3812,3680416.6879,6656.9809,9707,9692,-0.00163983,0.01249836,-0.00525961,-0.00163983,-6656.9809,4059548.3812,OK,0.0000,266.2792,4.0000,96.0000,AG03-UNRESOLVED,ALL5_LEVELS_bet23_to_bet27,266.2792,266.2792,266.2792,0.0000,0.0000,4.000000,4.000000,4.000000,0.000000,0.000000,96.000000,96.000000,96.000000,100.000000,100.000000,5.0,798.8377,767.3102,5858.1432,5889.6706,PENDING_AG03,FALSE,NOT_FOR_ENFORCEMENT,6390.7016,3533200.0204,6656.9809,6390.7016,266.2792,0.00163983,0.00157424,266.2792,6390.7016,0.00157424,266.2792,266.2792,266.2792,0.0000,0.0000,6390.7016,0.00157424,798.8377,767.3102,5858.1432,5889.6706,0.00144305,0.00145082,0.00006559,418.2083,379.7376,0.6869,61.6387,1.8384,37588.4109,89.7407,538.3845,395.5999,218.4789,430.6076,432.5446,432.5446,1046.441,1081.3617,427.0584,0.0,2.43015,2.511246,0.971205,30,216,96,2,0.20383968,0.00163983,-0.01249836,0E-8,0.000000,0.906607,0.000000,0.01775797,2026-03-22,2026-08-06,108,3621,2443,138,0.782609,1.360932,1.287360,0.679466,,,,,,,,GLOBAL_BASELINE_NO_ENTITY_RANKING,,,NOT_APPLICABLE_GLOBAL_BASELINE,HF9g-P5,,,,X 全窗基线 · 不参与实体赏罚,14199414,1420,A168_HF9F_20260827_0900,2026-08-27 09:00:00
2026-06-16,57024343,2115,0,4306.0758730568,4090.7720794040,4090.7720794040,1.0000000,4,4,0.50665070000000000,0.506650700000,1.9735717970305138,1.9735717970305138,1.9735717970305138,0E-17,ELIGIBLE,R03b_20260811_FULL_v1,L1_ELIGIBILITY,v2026-08-11,2026-03-21..2026-08-06,baccarat_bet02_101_all_pairs_incl_sentinel,round_win = game_pnl > 0 (decisive only),COMPATIBILITY_ONLY_NOT_PRODUCTION,4059548.3812,3680416.6879,6656.9809,9707,9692,-0.00163983,0.01249836,-0.00525961,-0.00163983,-6656.9809,4059548.3812,OK,0.0000,266.2792,4.0000,96.0000,AG03-UNRESOLVED,ALL5_LEVELS_bet23_to_bet27,266.2792,266.2792,266.2792,0.0000,0.0000,4.000000,4.000000,4.000000,0.000000,0.000000,96.000000,96.000000,96.000000,100.000000,100.000000,5.0,798.8377,767.3102,5858.1432,5889.6706,PENDING_AG03,FALSE,NOT_FOR_ENFORCEMENT,6390.7016,3533200.0204,6656.9809,6390.7016,266.2792,0.00163983,0.00157424,266.2792,6390.7016,0.00157424,266.2792,266.2792,266.2792,0.0000,0.0000,6390.7016,0.00157424,798.8377,767.3102,5858.1432,5889.6706,0.00144305,0.00145082,0.00006559,418.2083,379.7376,0.6869,61.6387,1.8384,37588.4109,89.7407,538.3845,395.5999,218.4789,430.6076,432.5446,432.5446,1046.441,1081.3617,427.0584,0.0,2.43015,2.511246,0.971205,30,216,96,2,0.20383968,0.00163983,-0.01249836,0E-8,0.000000,0.906607,0.000000,0.01775797,2026-03-22,2026-08-06,108,3621,2443,138,0.782609,1.360932,1.287360,0.679466,,,,,,,,GLOBAL_BASELINE_NO_ENTITY_RANKING,,,NOT_APPLICABLE_GLOBAL_BASELINE,HF9g-P5,,,,X 全窗基线 · 不参与实体赏罚,14199415,1420,A168_HF9F_20260827_0900,2026-08-27 09:00:00
2026-06-16,57024343,2201,0,1076.5189682642,-1076.5189682642,-1076.5189682642,0E-7,1,1,0.49324550000000000,0.493245500000,-0.9865810262130424,-0.9865810262130424,-0.9865810262130424,0E-17,ELIGIBLE,R03b_20260811_FULL_v1,L1_ELIGIBILITY,v2026-08-11,2026-03-21..2026-08-06,baccarat_bet02_101_all_pairs_incl_sentinel,round_win = game_pnl > 0 (decisive only),COMPATIBILITY_ONLY_NOT_PRODUCTION,4059548.3812,3680416.6879,6656.9809,9707,9692,-0.00163983,0.01249836,-0.00525961,-0.00163983,-6656.9809,4059548.3812,OK,0.0000,266.2792,4.0000,96.0000,AG03-UNRESOLVED,ALL5_LEVELS_bet23_to_bet27,266.2792,266.2792,266.2792,0.0000,0.0000,4.000000,4.000000,4.000000,0.000000,0.000000,96.000000,96.000000,96.000000,100.000000,100.000000,5.0,798.8377,767.3102,5858.1432,5889.6706,PENDING_AG03,FALSE,NOT_FOR_ENFORCEMENT,6390.7016,3533200.0204,6656.9809,6390.7016,266.2792,0.00163983,0.00157424,266.2792,6390.7016,0.00157424,266.2792,266.2792,266.2792,0.0000,0.0000,6390.7016,0.00157424,798.8377,767.3102,5858.1432,5889.6706,0.00144305,0.00145082,0.00006559,418.2083,379.7376,0.6869,61.6387,1.8384,37588.4109,89.7407,538.3845,395.5999,218.4789,430.6076,432.5446,432.5446,1046.441,1081.3617,427.0584,0.0,2.43015,2.511246,0.971205,30,216,96,2,0.20383968,0.00163983,-0.01249836,0E-8,0.000000,0.906607,0.000000,0.01775797,2026-03-22,2026-08-06,108,3621,2443,138,0.782609,1.360932,1.287360,0.679466,,,,,,,,GLOBAL_BASELINE_NO_ENTITY_RANKING,,,NOT_APPLICABLE_GLOBAL_BASELINE,HF9g-P5,,,,X 全窗基线 · 不参与实体赏罚,14199416,1420,A168_HF9F_20260827_0900,2026-08-27 09:00:00
2026-06-16,57024343,2212,0,1076.5189682642,1022.6930198510,1022.6930198510,1.0000000,1,1,0.50665070000000000,0.506650700000,0.9867858985152569,0.9867858985152569,0.9867858985152569,0E-17,ELIGIBLE,R03b_20260811_FULL_v1,L1_ELIGIBILITY,v2026-08-11,2026-03-21..2026-08-06,baccarat_bet02_101_all_pairs_incl_sentinel,round_win = game_pnl > 0 (decisive only),COMPATIBILITY_ONLY_NOT_PRODUCTION,4059548.3812,3680416.6879,6656.9809,9707,9692,-0.00163983,0.01249836,-0.00525961,-0.00163983,-6656.9809,4059548.3812,OK,0.0000,266.2792,4.0000,96.0000,AG03-UNRESOLVED,ALL5_LEVELS_bet23_to_bet27,266.2792,266.2792,266.2792,0.0000,0.0000,4.000000,4.000000,4.000000,0.000000,0.000000,96.000000,96.000000,96.000000,100.000000,100.000000,5.0,798.8377,767.3102,5858.1432,5889.6706,PENDING_AG03,FALSE,NOT_FOR_ENFORCEMENT,6390.7016,3533200.0204,6656.9809,6390.7016,266.2792,0.00163983,0.00157424,266.2792,6390.7016,0.00157424,266.2792,266.2792,266.2792,0.0000,0.0000,6390.7016,0.00157424,798.8377,767.3102,5858.1432,5889.6706,0.00144305,0.00145082,0.00006559,418.2083,379.7376,0.6869,61.6387,1.8384,37588.4109,89.7407,538.3845,395.5999,218.4789,430.6076,432.5446,432.5446,1046.441,1081.3617,427.0584,0.0,2.43015,2.511246,0.971205,30,216,96,2,0.20383968,0.00163983,-0.01249836,0E-8,0.000000,0.906607,0.000000,0.01775797,2026-03-22,2026-08-06,108,3621,2443,138,0.782609,1.360932,1.287360,0.679466,,,,,,,,GLOBAL_BASELINE_NO_ENTITY_RANKING,,,NOT_APPLICABLE_GLOBAL_BASELINE,HF9g-P5,,,,X 全窗基线 · 不参与实体赏罚,14199417,1420,A168_HF9F_20260827_0900,2026-08-27 09:00:00
2026-06-16,57024343,2216,0,1076.5189682642,1022.6930198510,1022.6930198510,1.0000000,1,1,0.50665070000000000,0.506650700000,0.9867858985152569,0.9867858985152569,0.9867858985152569,0E-17,ELIGIBLE,R03b_20260811_FULL_v1,L1_ELIGIBILITY,v2026-08-11,2026-03-21..2026-08-06,baccarat_bet02_101_all_pairs_incl_sentinel,round_win = game_pnl > 0 (decisive only),COMPATIBILITY_ONLY_NOT_PRODUCTION,4059548.3812,3680416.6879,6656.9809,9707,9692,-0.00163983,0.01249836,-0.00525961,-0.00163983,-6656.9809,4059548.3812,OK,0.0000,266.2792,4.0000,96.0000,AG03-UNRESOLVED,ALL5_LEVELS_bet23_to_bet27,266.2792,266.2792,266.2792,0.0000,0.0000,4.000000,4.000000,4.000000,0.000000,0.000000,96.000000,96.000000,96.000000,100.000000,100.000000,5.0,798.8377,767.3102,5858.1432,5889.6706,PENDING_AG03,FALSE,NOT_FOR_ENFORCEMENT,6390.7016,3533200.0204,6656.9809,6390.7016,266.2792,0.00163983,0.00157424,266.2792,6390.7016,0.00157424,266.2792,266.2792,266.2792,0.0000,0.0000,6390.7016,0.00157424,798.8377,767.3102,5858.1432,5889.6706,0.00144305,0.00145082,0.00006559,418.2083,379.7376,0.6869,61.6387,1.8384,37588.4109,89.7407,538.3845,395.5999,218.4789,430.6076,432.5446,432.5446,1046.441,1081.3617,427.0584,0.0,2.43015,2.511246,0.971205,30,216,96,2,0.20383968,0.00163983,-0.01249836,0E-8,0.000000,0.906607,0.000000,0.01775797,2026-03-22,2026-08-06,108,3621,2443,138,0.782609,1.360932,1.287360,0.679466,,,,,,,,GLOBAL_BASELINE_NO_ENTITY_RANKING,,,NOT_APPLICABLE_GLOBAL_BASELINE,HF9g-P5,,,,X 全窗基线 · 不参与实体赏罚,14199418,1420,A168_HF9F_20260827_0900,2026-08-27 09:00:00
2026-06-16,57024343,2229,0,3229.5569047926,3068.0790595530,3068.0790595530,1.0000000,3,3,0.50665070000000000,0.506650700000,1.7091633124209307,1.7091633124209307,1.7091633124209307,0E-17,ELIGIBLE,R03b_20260811_FULL_v1,L1_ELIGIBILITY,v2026-08-11,2026-03-21..2026-08-06,baccarat_bet02_101_all_pairs_incl_sentinel,round_win = game_pnl > 0 (decisive only),COMPATIBILITY_ONLY_NOT_PRODUCTION,4059548.3812,3680416.6879,6656.9809,9707,9692,-0.00163983,0.01249836,-0.00525961,-0.00163983,-6656.9809,4059548.3812,OK,0.0000,266.2792,4.0000,96.0000,AG03-UNRESOLVED,ALL5_LEVELS_bet23_to_bet27,266.2792,266.2792,266.2792,0.0000,0.0000,4.000000,4.000000,4.000000,0.000000,0.000000,96.000000,96.000000,96.000000,100.000000,100.000000,5.0,798.8377,767.3102,5858.1432,5889.6706,PENDING_AG03,FALSE,NOT_FOR_ENFORCEMENT,6390.7016,3533200.0204,6656.9809,6390.7016,266.2792,0.00163983,0.00157424,266.2792,6390.7016,0.00157424,266.2792,266.2792,266.2792,0.0000,0.0000,6390.7016,0.00157424,798.8377,767.3102,5858.1432,5889.6706,0.00144305,0.00145082,0.00006559,418.2083,379.7376,0.6869,61.6387,1.8384,37588.4109,89.7407,538.3845,395.5999,218.4789,430.6076,432.5446,432.5446,1046.441,1081.3617,427.0584,0.0,2.43015,2.511246,0.971205,30,216,96,2,0.20383968,0.00163983,-0.01249836,0E-8,0.000000,0.906607,0.000000,0.01775797,2026-03-22,2026-08-06,108,3621,2443,138,0.782609,1.360932,1.287360,0.679466,,,,,,,,GLOBAL_BASELINE_NO_ENTITY_RANKING,,,NOT_APPLICABLE_GLOBAL_BASELINE,HF9g-P5,,,,X 全窗基线 · 不参与实体赏罚,14199419,1420,A168_HF9F_20260827_0900,2026-08-27 09:00:00
2026-06-16,57024343,2271,0,2153.0379365284,-2153.0379365284,-2153.0379365284,0E-7,2,2,0.50665070000000000,0.506650700000,-1.4331513700195317,-1.4331513700195317,-1.4331513700195317,0E-17,ELIGIBLE,R03b_20260811_FULL_v1,L1_ELIGIBILITY,v2026-08-11,2026-03-21..2026-08-06,baccarat_bet02_101_all_pairs_incl_sentinel,round_win = game_pnl > 0 (decisive only),COMPATIBILITY_ONLY_NOT_PRODUCTION,4059548.3812,3680416.6879,6656.9809,9707,9692,-0.00163983,0.01249836,-0.00525961,-0.00163983,-6656.9809,4059548.3812,OK,0.0000,266.2792,4.0000,96.0000,AG03-UNRESOLVED,ALL5_LEVELS_bet23_to_bet27,266.2792,266.2792,266.2792,0.0000,0.0000,4.000000,4.000000,4.000000,0.000000,0.000000,96.000000,96.000000,96.000000,100.000000,100.000000,5.0,798.8377,767.3102,5858.1432,5889.6706,PENDING_AG03,FALSE,NOT_FOR_ENFORCEMENT,6390.7016,3533200.0204,6656.9809,6390.7016,266.2792,0.00163983,0.00157424,266.2792,6390.7016,0.00157424,266.2792,266.2792,266.2792,0.0000,0.0000,6390.7016,0.00157424,798.8377,767.3102,5858.1432,5889.6706,0.00144305,0.00145082,0.00006559,418.2083,379.7376,0.6869,61.6387,1.8384,37588.4109,89.7407,538.3845,395.5999,218.4789,430.6076,432.5446,432.5446,1046.441,1081.3617,427.0584,0.0,2.43015,2.511246,0.971205,30,216,96,2,0.20383968,0.00163983,-0.01249836,0E-8,0.000000,0.906607,0.000000,0.01775797,2026-03-22,2026-08-06,108,3621,2443,138,0.782609,1.360932,1.287360,0.679466,,,,,,,,GLOBAL_BASELINE_NO_ENTITY_RANKING,,,NOT_APPLICABLE_GLOBAL_BASELINE,HF9g-P5,,,,X 全窗基线 · 不参与实体赏罚,14199420,1420,A168_HF9F_20260827_0900,2026-08-27 09:00:00
2026-06-16,57024343,2280,0,2153.0379365284,-1076.5189682642,-1076.5189682642,0E-7,2,2,0.50665070000000000,0.506650700000,-1.013391052207602,-1.013391052207602,-1.013391052207602,0E-17,ELIGIBLE,R03b_20260811_FULL_v1,L1_ELIGIBILITY,v2026-08-11,2026-03-21..2026-08-06,baccarat_bet02_101_all_pairs_incl_sentinel,round_win = game_pnl > 0 (decisive only),COMPATIBILITY_ONLY_NOT_PRODUCTION,4059548.3812,3680416.6879,6656.9809,9707,9692,-0.00163983,0.01249836,-0.00525961,-0.00163983,-6656.9809,4059548.3812,OK,0.0000,266.2792,4.0000,96.0000,AG03-UNRESOLVED,ALL5_LEVELS_bet23_to_bet27,266.2792,266.2792,266.2792,0.0000,0.0000,4.000000,4.000000,4.000000,0.000000,0.000000,96.000000,96.000000,96.000000,100.000000,100.000000,5.0,798.8377,767.3102,5858.1432,5889.6706,PENDING_AG03,FALSE,NOT_FOR_ENFORCEMENT,6390.7016,3533200.0204,6656.9809,6390.7016,266.2792,0.00163983,0.00157424,266.2792,6390.7016,0.00157424,266.2792,266.2792,266.2792,0.0000,0.0000,6390.7016,0.00157424,798.8377,767.3102,5858.1432,5889.6706,0.00144305,0.00145082,0.00006559,418.2083,379.7376,0.6869,61.6387,1.8384,37588.4109,89.7407,538.3845,395.5999,218.4789,430.6076,432.5446,432.5446,1046.441,1081.3617,427.0584,0.0,2.43015,2.511246,0.971205,30,216,96,2,0.20383968,0.00163983,-0.01249836,0E-8,0.000000,0.906607,0.000000,0.01775797,2026-03-22,2026-08-06,108,3621,2443,138,0.782609,1.360932,1.287360,0.679466,,,,,,,,GLOBAL_BASELINE_NO_ENTITY_RANKING,,,NOT_APPLICABLE_GLOBAL_BASELINE,HF9g-P5,,,,X 全窗基线 · 不参与实体赏罚,14199421,1420,A168_HF9F_20260827_0900,2026-08-27 09:00:00
2026-06-16,57024343,987,0,1076.5189682642,-1076.5189682642,-1076.5189682642,0E-7,1,1,0.50665070000000000,0.506650700000,-1.013391052207602,-1.013391052207602,-1.013391052207602,0E-17,ELIGIBLE,R03b_20260811_FULL_v1,L1_ELIGIBILITY,v2026-08-11,2026-03-21..2026-08-06,baccarat_bet02_101_all_pairs_incl_sentinel,round_win = game_pnl > 0 (decisive only),COMPATIBILITY_ONLY_NOT_PRODUCTION,4059548.3812,3680416.6879,6656.9809,9707,9692,-0.00163983,0.01249836,-0.00525961,-0.00163983,-6656.9809,4059548.3812,OK,0.0000,266.2792,4.0000,96.0000,AG03-UNRESOLVED,ALL5_LEVELS_bet23_to_bet27,266.2792,266.2792,266.2792,0.0000,0.0000,4.000000,4.000000,4.000000,0.000000,0.000000,96.000000,96.000000,96.000000,100.000000,100.000000,5.0,798.8377,767.3102,5858.1432,5889.6706,PENDING_AG03,FALSE,NOT_FOR_ENFORCEMENT,6390.7016,3533200.0204,6656.9809,6390.7016,266.2792,0.00163983,0.00157424,266.2792,6390.7016,0.00157424,266.2792,266.2792,266.2792,0.0000,0.0000,6390.7016,0.00157424,798.8377,767.3102,5858.1432,5889.6706,0.00144305,0.00145082,0.00006559,418.2083,379.7376,0.6869,61.6387,1.8384,37588.4109,89.7407,538.3845,395.5999,218.4789,430.6076,432.5446,432.5446,1046.441,1081.3617,427.0584,0.0,2.43015,2.511246,0.971205,30,216,96,2,0.20383968,0.00163983,-0.01249836,0E-8,0.000000,0.906607,0.000000,0.01775797,2026-03-22,2026-08-06,108,3621,2443,138,0.782609,1.360932,1.287360,0.679466,,,,,,,,GLOBAL_BASELINE_NO_ENTITY_RANKING,,,NOT_APPLICABLE_GLOBAL_BASELINE,HF9g-P5,,,,X 全窗基线 · 不参与实体赏罚,14199422,1420,A168_HF9F_20260827_0900,2026-08-27 09:00:00
2026-06-17,57024343,1109,0,322.7403866856,-322.7403866856,-322.7403866856,0E-7,1,1,0.50665070000000000,0.506650700000,-1.013391052207602,-1.013391052207602,-1.013391052207602,0E-17,ELIGIBLE,R03b_20260811_FULL_v1,L1_ELIGIBILITY,v2026-08-11,2026-03-21..2026-08-06,baccarat_bet02_101_all_pairs_incl_sentinel,round_win = game_pnl > 0 (decisive only),COMPATIBILITY_ONLY_NOT_PRODUCTION,4059548.3812,3680416.6879,6656.9809,9707,9692,-0.00163983,0.01249836,-0.00525961,-0.00163983,-6656.9809,4059548.3812,OK,0.0000,266.2792,4.0000,96.0000,AG03-UNRESOLVED,ALL5_LEVELS_bet23_to_bet27,266.2792,266.2792,266.2792,0.0000,0.0000,4.000000,4.000000,4.000000,0.000000,0.000000,96.000000,96.000000,96.000000,100.000000,100.000000,5.0,798.8377,767.3102,5858.1432,5889.6706,PENDING_AG03,FALSE,NOT_FOR_ENFORCEMENT,6390.7016,3533200.0204,6656.9809,6390.7016,266.2792,0.00163983,0.00157424,266.2792,6390.7016,0.00157424,266.2792,266.2792,266.2792,0.0000,0.0000,6390.7016,0.00157424,798.8377,767.3102,5858.1432,5889.6706,0.00144305,0.00145082,0.00006559,418.2083,379.7376,0.6869,61.6387,1.8384,37588.4109,89.7407,538.3845,395.5999,218.4789,430.6076,432.5446,432.5446,1046.441,1081.3617,427.0584,0.0,2.43015,2.511246,0.971205,30,216,96,2,0.20383968,0.00163983,-0.01249836,0E-8,0.000000,0.906607,0.000000,0.01775797,2026-03-22,2026-08-06,108,3621,2443,138,0.782609,1.360932,1.287360,0.679466,,,,,,,,GLOBAL_BASELINE_NO_ENTITY_RANKING,,,NOT_APPLICABLE_GLOBAL_BASELINE,HF9g-P5,,,,X 全窗基线 · 不参与实体赏罚,14199423,1420,A168_HF9F_20260827_0900,2026-08-27 09:00:00
2026-06-17,57024343,1402,0,430.6075873057,-430.6075873057,-430.6075873057,0E-7,1,1,0.50665070000000000,0.506650700000,-1.013391052207602,-1.013391052207602,-1.013391052207602,0E-17,ELIGIBLE,R03b_20260811_FULL_v1,L1_ELIGIBILITY,v2026-08-11,2026-03-21..2026-08-06,baccarat_bet02_101_all_pairs_incl_sentinel,round_win = game_pnl > 0 (decisive only),COMPATIBILITY_ONLY_NOT_PRODUCTION,4059548.3812,3680416.6879,6656.9809,9707,9692,-0.00163983,0.01249836,-0.00525961,-0.00163983,-6656.9809,4059548.3812,OK,0.0000,266.2792,4.0000,96.0000,AG03-UNRESOLVED,ALL5_LEVELS_bet23_to_bet27,266.2792,266.2792,266.2792,0.0000,0.0000,4.000000,4.000000,4.000000,0.000000,0.000000,96.000000,96.000000,96.000000,100.000000,100.000000,5.0,798.8377,767.3102,5858.1432,5889.6706,PENDING_AG03,FALSE,NOT_FOR_ENFORCEMENT,6390.7016,3533200.0204,6656.9809,6390.7016,266.2792,0.00163983,0.00157424,266.2792,6390.7016,0.00157424,266.2792,266.2792,266.2792,0.0000,0.0000,6390.7016,0.00157424,798.8377,767.3102,5858.1432,5889.6706,0.00144305,0.00145082,0.00006559,418.2083,379.7376,0.6869,61.6387,1.8384,37588.4109,89.7407,538.3845,395.5999,218.4789,430.6076,432.5446,432.5446,1046.441,1081.3617,427.0584,0.0,2.43015,2.511246,0.971205,30,216,96,2,0.20383968,0.00163983,-0.01249836,0E-8,0.000000,0.906607,0.000000,0.01775797,2026-03-22,2026-08-06,108,3621,2443,138,0.782609,1.360932,1.287360,0.679466,,,,,,,,GLOBAL_BASELINE_NO_ENTITY_RANKING,,,NOT_APPLICABLE_GLOBAL_BASELINE,HF9g-P5,,,,X 全窗基线 · 不参与实体赏罚,14199424,1420,A168_HF9F_20260827_0900,2026-08-27 09:00:00
2026-06-19,57024343,-1,1,3229.5569047925,3068.0790595530,3068.0790595530,1.0000000,5,5,0.50665070000000000,0.506650700000,2.2065203483183233,2.2065203483183233,2.2065203483183233,0E-17,SENTINEL_DEALER,R03b_20260811_FULL_v1,L1_ELIGIBILITY,v2026-08-11,2026-03-21..2026-08-06,baccarat_bet02_101_all_pairs_incl_sentinel,round_win = game_pnl > 0 (decisive only),COMPATIBILITY_ONLY_NOT_PRODUCTION,4059548.3812,3680416.6879,6656.9809,9707,9692,-0.00163983,0.01249836,-0.00525961,-0.00163983,-6656.9809,4059548.3812,OK,0.0000,266.2792,4.0000,96.0000,AG03-UNRESOLVED,ALL5_LEVELS_bet23_to_bet27,266.2792,266.2792,266.2792,0.0000,0.0000,4.000000,4.000000,4.000000,0.000000,0.000000,96.000000,96.000000,96.000000,100.000000,100.000000,5.0,798.8377,767.3102,5858.1432,5889.6706,PENDING_AG03,FALSE,NOT_FOR_ENFORCEMENT,6390.7016,3533200.0204,6656.9809,6390.7016,266.2792,0.00163983,0.00157424,266.2792,6390.7016,0.00157424,266.2792,266.2792,266.2792,0.0000,0.0000,6390.7016,0.00157424,798.8377,767.3102,5858.1432,5889.6706,0.00144305,0.00145082,0.00006559,418.2083,379.7376,0.6869,61.6387,1.8384,37588.4109,89.7407,538.3845,395.5999,218.4789,430.6076,432.5446,432.5446,1046.441,1081.3617,427.0584,0.0,2.43015,2.511246,0.971205,30,216,96,2,0.20383968,0.00163983,-0.01249836,0E-8,0.000000,0.906607,0.000000,0.01775797,2026-03-22,2026-08-06,108,3621,2443,138,0.782609,1.360932,1.287360,0.679466,,,,,,,,GLOBAL_BASELINE_NO_ENTITY_RANKING,,,NOT_APPLICABLE_GLOBAL_BASELINE,HF9g-P5,,,,X 全窗基线 · 不参与实体赏罚,14199425,1420,A168_HF9F_20260827_0900,2026-08-27 09:00:00
2026-06-19,57024343,1115,0,645.9113809585,613.6158119106,613.6158119106,1.0000000,1,1,0.50665070000000000,0.506650700000,0.9867858985152569,0.9867858985152569,0.9867858985152569,0E-17,ELIGIBLE,R03b_20260811_FULL_v1,L1_ELIGIBILITY,v2026-08-11,2026-03-21..2026-08-06,baccarat_bet02_101_all_pairs_incl_sentinel,round_win = game_pnl > 0 (decisive only),COMPATIBILITY_ONLY_NOT_PRODUCTION,4059548.3812,3680416.6879,6656.9809,9707,9692,-0.00163983,0.01249836,-0.00525961,-0.00163983,-6656.9809,4059548.3812,OK,0.0000,266.2792,4.0000,96.0000,AG03-UNRESOLVED,ALL5_LEVELS_bet23_to_bet27,266.2792,266.2792,266.2792,0.0000,0.0000,4.000000,4.000000,4.000000,0.000000,0.000000,96.000000,96.000000,96.000000,100.000000,100.000000,5.0,798.8377,767.3102,5858.1432,5889.6706,PENDING_AG03,FALSE,NOT_FOR_ENFORCEMENT,6390.7016,3533200.0204,6656.9809,6390.7016,266.2792,0.00163983,0.00157424,266.2792,6390.7016,0.00157424,266.2792,266.2792,266.2792,0.0000,0.0000,6390.7016,0.00157424,798.8377,767.3102,5858.1432,5889.6706,0.00144305,0.00145082,0.00006559,418.2083,379.7376,0.6869,61.6387,1.8384,37588.4109,89.7407,538.3845,395.5999,218.4789,430.6076,432.5446,432.5446,1046.441,1081.3617,427.0584,0.0,2.43015,2.511246,0.971205,30,216,96,2,0.20383968,0.00163983,-0.01249836,0E-8,0.000000,0.906607,0.000000,0.01775797,2026-03-22,2026-08-06,108,3621,2443,138,0.782609,1.360932,1.287360,0.679466,,,,,,,,GLOBAL_BASELINE_NO_ENTITY_RANKING,,,NOT_APPLICABLE_GLOBAL_BASELINE,HF9g-P5,,,,X 全窗基线 · 不参与实体赏罚,14199426,1420,A168_HF9F_20260827_0900,2026-08-27 09:00:00
2026-06-19,57024343,1205,0,1076.5189682642,-215.3037936528,-215.3037936528,0.5000000,2,2,0.49994810000000000,0.499948100000,0.00014679536856514622,0.00014679536856514622,0.00014679536856514622,0E-17,ELIGIBLE,R03b_20260811_FULL_v1,L1_ELIGIBILITY,v2026-08-11,2026-03-21..2026-08-06,baccarat_bet02_101_all_pairs_incl_sentinel,round_win = game_pnl > 0 (decisive only),COMPATIBILITY_ONLY_NOT_PRODUCTION,4059548.3812,3680416.6879,6656.9809,9707,9692,-0.00163983,0.01249836,-0.00525961,-0.00163983,-6656.9809,4059548.3812,OK,0.0000,266.2792,4.0000,96.0000,AG03-UNRESOLVED,ALL5_LEVELS_bet23_to_bet27,266.2792,266.2792,266.2792,0.0000,0.0000,4.000000,4.000000,4.000000,0.000000,0.000000,96.000000,96.000000,96.000000,100.000000,100.000000,5.0,798.8377,767.3102,5858.1432,5889.6706,PENDING_AG03,FALSE,NOT_FOR_ENFORCEMENT,6390.7016,3533200.0204,6656.9809,6390.7016,266.2792,0.00163983,0.00157424,266.2792,6390.7016,0.00157424,266.2792,266.2792,266.2792,0.0000,0.0000,6390.7016,0.00157424,798.8377,767.3102,5858.1432,5889.6706,0.00144305,0.00145082,0.00006559,418.2083,379.7376,0.6869,61.6387,1.8384,37588.4109,89.7407,538.3845,395.5999,218.4789,430.6076,432.5446,432.5446,1046.441,1081.3617,427.0584,0.0,2.43015,2.511246,0.971205,30,216,96,2,0.20383968,0.00163983,-0.01249836,0E-8,0.000000,0.906607,0.000000,0.01775797,2026-03-22,2026-08-06,108,3621,2443,138,0.782609,1.360932,1.287360,0.679466,,,,,,,,GLOBAL_BASELINE_NO_ENTITY_RANKING,,,NOT_APPLICABLE_GLOBAL_BASELINE,HF9g-P5,,,,X 全窗基线 · 不参与实体赏罚,14199427,1420,A168_HF9F_20260827_0900,2026-08-27 09:00:00
2026-06-19,57024343,1302,0,861.2151746114,818.1544158808,818.1544158808,1.0000000,1,1,0.50665070000000000,0.506650700000,0.9867858985152569,0.9867858985152569,0.9867858985152569,0E-17,ELIGIBLE,R03b_20260811_FULL_v1,L1_ELIGIBILITY,v2026-08-11,2026-03-21..2026-08-06,baccarat_bet02_101_all_pairs_incl_sentinel,round_win = game_pnl > 0 (decisive only),COMPATIBILITY_ONLY_NOT_PRODUCTION,4059548.3812,3680416.6879,6656.9809,9707,9692,-0.00163983,0.01249836,-0.00525961,-0.00163983,-6656.9809,4059548.3812,OK,0.0000,266.2792,4.0000,96.0000,AG03-UNRESOLVED,ALL5_LEVELS_bet23_to_bet27,266.2792,266.2792,266.2792,0.0000,0.0000,4.000000,4.000000,4.000000,0.000000,0.000000,96.000000,96.000000,96.000000,100.000000,100.000000,5.0,798.8377,767.3102,5858.1432,5889.6706,PENDING_AG03,FALSE,NOT_FOR_ENFORCEMENT,6390.7016,3533200.0204,6656.9809,6390.7016,266.2792,0.00163983,0.00157424,266.2792,6390.7016,0.00157424,266.2792,266.2792,266.2792,0.0000,0.0000,6390.7016,0.00157424,798.8377,767.3102,5858.1432,5889.6706,0.00144305,0.00145082,0.00006559,418.2083,379.7376,0.6869,61.6387,1.8384,37588.4109,89.7407,538.3845,395.5999,218.4789,430.6076,432.5446,432.5446,1046.441,1081.3617,427.0584,0.0,2.43015,2.511246,0.971205,30,216,96,2,0.20383968,0.00163983,-0.01249836,0E-8,0.000000,0.906607,0.000000,0.01775797,2026-03-22,2026-08-06,108,3621,2443,138,0.782609,1.360932,1.287360,0.679466,,,,,,,,GLOBAL_BASELINE_NO_ENTITY_RANKING,,,NOT_APPLICABLE_GLOBAL_BASELINE,HF9g-P5,,,,X 全窗基线 · 不参与实体赏罚,14199428,1420,A168_HF9F_20260827_0900,2026-08-27 09:00:00
2026-06-19,57024343,1307,0,1722.4303492227,-462.9031563536,-462.9031563536,0.3333333,3,3,0.50665070000000000,0.506650700000,-0.6004420894325239,-0.6004420894325239,-0.6004420894325239,0E-17,ELIGIBLE,R03b_20260811_FULL_v1,L1_ELIGIBILITY,v2026-08-11,2026-03-21..2026-08-06,baccarat_bet02_101_all_pairs_incl_sentinel,round_win = game_pnl > 0 (decisive only),COMPATIBILITY_ONLY_NOT_PRODUCTION,4059548.3812,3680416.6879,6656.9809,9707,9692,-0.00163983,0.01249836,-0.00525961,-0.00163983,-6656.9809,4059548.3812,OK,0.0000,266.2792,4.0000,96.0000,AG03-UNRESOLVED,ALL5_LEVELS_bet23_to_bet27,266.2792,266.2792,266.2792,0.0000,0.0000,4.000000,4.000000,4.000000,0.000000,0.000000,96.000000,96.000000,96.000000,100.000000,100.000000,5.0,798.8377,767.3102,5858.1432,5889.6706,PENDING_AG03,FALSE,NOT_FOR_ENFORCEMENT,6390.7016,3533200.0204,6656.9809,6390.7016,266.2792,0.00163983,0.00157424,266.2792,6390.7016,0.00157424,266.2792,266.2792,266.2792,0.0000,0.0000,6390.7016,0.00157424,798.8377,767.3102,5858.1432,5889.6706,0.00144305,0.00145082,0.00006559,418.2083,379.7376,0.6869,61.6387,1.8384,37588.4109,89.7407,538.3845,395.5999,218.4789,430.6076,432.5446,432.5446,1046.441,1081.3617,427.0584,0.0,2.43015,2.511246,0.971205,30,216,96,2,0.20383968,0.00163983,-0.01249836,0E-8,0.000000,0.906607,0.000000,0.01775797,2026-03-22,2026-08-06,108,3621,2443,138,0.782609,1.360932,1.287360,0.679466,,,,,,,,GLOBAL_BASELINE_NO_ENTITY_RANKING,,,NOT_APPLICABLE_GLOBAL_BASELINE,HF9g-P5,,,,X 全窗基线 · 不参与实体赏罚,14199429,1420,A168_HF9F_20260827_0900,2026-08-27 09:00:00
2026-06-19,57024343,1325,0,1507.1265555699,592.0854325453,592.0854325453,0.6666667,3,3,0.50665070000000000,0.506650700000,0.5543606114942035,0.5543606114942035,0.5543606114942035,0E-17,ELIGIBLE,R03b_20260811_FULL_v1,L1_ELIGIBILITY,v2026-08-11,2026-03-21..2026-08-06,baccarat_bet02_101_all_pairs_incl_sentinel,round_win = game_pnl > 0 (decisive only),COMPATIBILITY_ONLY_NOT_PRODUCTION,4059548.3812,3680416.6879,6656.9809,9707,9692,-0.00163983,0.01249836,-0.00525961,-0.00163983,-6656.9809,4059548.3812,OK,0.0000,266.2792,4.0000,96.0000,AG03-UNRESOLVED,ALL5_LEVELS_bet23_to_bet27,266.2792,266.2792,266.2792,0.0000,0.0000,4.000000,4.000000,4.000000,0.000000,0.000000,96.000000,96.000000,96.000000,100.000000,100.000000,5.0,798.8377,767.3102,5858.1432,5889.6706,PENDING_AG03,FALSE,NOT_FOR_ENFORCEMENT,6390.7016,3533200.0204,6656.9809,6390.7016,266.2792,0.00163983,0.00157424,266.2792,6390.7016,0.00157424,266.2792,266.2792,266.2792,0.0000,0.0000,6390.7016,0.00157424,798.8377,767.3102,5858.1432,5889.6706,0.00144305,0.00145082,0.00006559,418.2083,379.7376,0.6869,61.6387,1.8384,37588.4109,89.7407,538.3845,395.5999,218.4789,430.6076,432.5446,432.5446,1046.441,1081.3617,427.0584,0.0,2.43015,2.511246,0.971205,30,216,96,2,0.20383968,0.00163983,-0.01249836,0E-8,0.000000,0.906607,0.000000,0.01775797,2026-03-22,2026-08-06,108,3621,2443,138,0.782609,1.360932,1.287360,0.679466,,,,,,,,GLOBAL_BASELINE_NO_ENTITY_RANKING,,,NOT_APPLICABLE_GLOBAL_BASELINE,HF9g-P5,,,,X 全窗基线 · 不参与实体赏罚,14199430,1420,A168_HF9F_20260827_0900,2026-08-27 09:00:00
2026-06-19,57024343,1396,0,430.6075873057,-430.6075873057,-430.6075873057,0E-7,1,1,0.50665070000000000,0.506650700000,-1.013391052207602,-1.013391052207602,-1.013391052207602,0E-17,ELIGIBLE,R03b_20260811_FULL_v1,L1_ELIGIBILITY,v2026-08-11,2026-03-21..2026-08-06,baccarat_bet02_101_all_pairs_incl_sentinel,round_win = game_pnl > 0 (decisive only),COMPATIBILITY_ONLY_NOT_PRODUCTION,4059548.3812,3680416.6879,6656.9809,9707,9692,-0.00163983,0.01249836,-0.00525961,-0.00163983,-6656.9809,4059548.3812,OK,0.0000,266.2792,4.0000,96.0000,AG03-UNRESOLVED,ALL5_LEVELS_bet23_to_bet27,266.2792,266.2792,266.2792,0.0000,0.0000,4.000000,4.000000,4.000000,0.000000,0.000000,96.000000,96.000000,96.000000,100.000000,100.000000,5.0,798.8377,767.3102,5858.1432,5889.6706,PENDING_AG03,FALSE,NOT_FOR_ENFORCEMENT,6390.7016,3533200.0204,6656.9809,6390.7016,266.2792,0.00163983,0.00157424,266.2792,6390.7016,0.00157424,266.2792,266.2792,266.2792,0.0000,0.0000,6390.7016,0.00157424,798.8377,767.3102,5858.1432,5889.6706,0.00144305,0.00145082,0.00006559,418.2083,379.7376,0.6869,61.6387,1.8384,37588.4109,89.7407,538.3845,395.5999,218.4789,430.6076,432.5446,432.5446,1046.441,1081.3617,427.0584,0.0,2.43015,2.511246,0.971205,30,216,96,2,0.20383968,0.00163983,-0.01249836,0E-8,0.000000,0.906607,0.000000,0.01775797,2026-03-22,2026-08-06,108,3621,2443,138,0.782609,1.360932,1.287360,0.679466,,,,,,,,GLOBAL_BASELINE_NO_ENTITY_RANKING,,,NOT_APPLICABLE_GLOBAL_BASELINE,HF9g-P5,,,,X 全窗基线 · 不参与实体赏罚,14199431,1420,A168_HF9F_20260827_0900,2026-08-27 09:00:00
2026-06-19,57024343,1399,0,645.9113809585,-645.9113809585,-645.9113809585,0E-7,1,1,0.50665070000000000,0.506650700000,-1.013391052207602,-1.013391052207602,-1.013391052207602,0E-17,ELIGIBLE,R03b_20260811_FULL_v1,L1_ELIGIBILITY,v2026-08-11,2026-03-21..2026-08-06,baccarat_bet02_101_all_pairs_incl_sentinel,round_win = game_pnl > 0 (decisive only),COMPATIBILITY_ONLY_NOT_PRODUCTION,4059548.3812,3680416.6879,6656.9809,9707,9692,-0.00163983,0.01249836,-0.00525961,-0.00163983,-6656.9809,4059548.3812,OK,0.0000,266.2792,4.0000,96.0000,AG03-UNRESOLVED,ALL5_LEVELS_bet23_to_bet27,266.2792,266.2792,266.2792,0.0000,0.0000,4.000000,4.000000,4.000000,0.000000,0.000000,96.000000,96.000000,96.000000,100.000000,100.000000,5.0,798.8377,767.3102,5858.1432,5889.6706,PENDING_AG03,FALSE,NOT_FOR_ENFORCEMENT,6390.7016,3533200.0204,6656.9809,6390.7016,266.2792,0.00163983,0.00157424,266.2792,6390.7016,0.00157424,266.2792,266.2792,266.2792,0.0000,0.0000,6390.7016,0.00157424,798.8377,767.3102,5858.1432,5889.6706,0.00144305,0.00145082,0.00006559,418.2083,379.7376,0.6869,61.6387,1.8384,37588.4109,89.7407,538.3845,395.5999,218.4789,430.6076,432.5446,432.5446,1046.441,1081.3617,427.0584,0.0,2.43015,2.511246,0.971205,30,216,96,2,0.20383968,0.00163983,-0.01249836,0E-8,0.000000,0.906607,0.000000,0.01775797,2026-03-22,2026-08-06,108,3621,2443,138,0.782609,1.360932,1.287360,0.679466,,,,,,,,GLOBAL_BASELINE_NO_ENTITY_RANKING,,,NOT_APPLICABLE_GLOBAL_BASELINE,HF9g-P5,,,,X 全窗基线 · 不参与实体赏罚,14199432,1420,A168_HF9F_20260827_0900,2026-08-27 09:00:00
2026-06-19,57024343,1401,0,2153.0379365284,-53.8259484132,-53.8259484132,0.5000000,5,4,0.50553360000000017,0.504975050000,-0.022135755667462714,-0.019901185177729416,-0.022135755667462714,0.00055855000000017,ELIGIBLE,R03b_20260811_FULL_v1,L1_ELIGIBILITY,v2026-08-11,2026-03-21..2026-08-06,baccarat_bet02_101_all_pairs_incl_sentinel,round_win = game_pnl > 0 (decisive only),COMPATIBILITY_ONLY_NOT_PRODUCTION,4059548.3812,3680416.6879,6656.9809,9707,9692,-0.00163983,0.01249836,-0.00525961,-0.00163983,-6656.9809,4059548.3812,OK,0.0000,266.2792,4.0000,96.0000,AG03-UNRESOLVED,ALL5_LEVELS_bet23_to_bet27,266.2792,266.2792,266.2792,0.0000,0.0000,4.000000,4.000000,4.000000,0.000000,0.000000,96.000000,96.000000,96.000000,100.000000,100.000000,5.0,798.8377,767.3102,5858.1432,5889.6706,PENDING_AG03,FALSE,NOT_FOR_ENFORCEMENT,6390.7016,3533200.0204,6656.9809,6390.7016,266.2792,0.00163983,0.00157424,266.2792,6390.7016,0.00157424,266.2792,266.2792,266.2792,0.0000,0.0000,6390.7016,0.00157424,798.8377,767.3102,5858.1432,5889.6706,0.00144305,0.00145082,0.00006559,418.2083,379.7376,0.6869,61.6387,1.8384,37588.4109,89.7407,538.3845,395.5999,218.4789,430.6076,432.5446,432.5446,1046.441,1081.3617,427.0584,0.0,2.43015,2.511246,0.971205,30,216,96,2,0.20383968,0.00163983,-0.01249836,0E-8,0.000000,0.906607,0.000000,0.01775797,2026-03-22,2026-08-06,108,3621,2443,138,0.782609,1.360932,1.287360,0.679466,,,,,,,,GLOBAL_BASELINE_NO_ENTITY_RANKING,,,NOT_APPLICABLE_GLOBAL_BASELINE,HF9g-P5,,,,X 全窗基线 · 不参与实体赏罚,14199433,1420,A168_HF9F_20260827_0900,2026-08-27 09:00:00
2026-06-19,57024343,1405,0,645.9113809585,613.6158119106,613.6158119106,1.0000000,2,2,0.50665070000000000,0.506650700000,1.3955260008387969,1.3955260008387969,1.3955260008387969,0E-17,ELIGIBLE,R03b_20260811_FULL_v1,L1_ELIGIBILITY,v2026-08-11,2026-03-21..2026-08-06,baccarat_bet02_101_all_pairs_incl_sentinel,round_win = game_pnl > 0 (decisive only),COMPATIBILITY_ONLY_NOT_PRODUCTION,4059548.3812,3680416.6879,6656.9809,9707,9692,-0.00163983,0.01249836,-0.00525961,-0.00163983,-6656.9809,4059548.3812,OK,0.0000,266.2792,4.0000,96.0000,AG03-UNRESOLVED,ALL5_LEVELS_bet23_to_bet27,266.2792,266.2792,266.2792,0.0000,0.0000,4.000000,4.000000,4.000000,0.000000,0.000000,96.000000,96.000000,96.000000,100.000000,100.000000,5.0,798.8377,767.3102,5858.1432,5889.6706,PENDING_AG03,FALSE,NOT_FOR_ENFORCEMENT,6390.7016,3533200.0204,6656.9809,6390.7016,266.2792,0.00163983,0.00157424,266.2792,6390.7016,0.00157424,266.2792,266.2792,266.2792,0.0000,0.0000,6390.7016,0.00157424,798.8377,767.3102,5858.1432,5889.6706,0.00144305,0.00145082,0.00006559,418.2083,379.7376,0.6869,61.6387,1.8384,37588.4109,89.7407,538.3845,395.5999,218.4789,430.6076,432.5446,432.5446,1046.441,1081.3617,427.0584,0.0,2.43015,2.511246,0.971205,30,216,96,2,0.20383968,0.00163983,-0.01249836,0E-8,0.000000,0.906607,0.000000,0.01775797,2026-03-22,2026-08-06,108,3621,2443,138,0.782609,1.360932,1.287360,0.679466,,,,,,,,GLOBAL_BASELINE_NO_ENTITY_RANKING,,,NOT_APPLICABLE_GLOBAL_BASELINE,HF9g-P5,,,,X 全窗基线 · 不参与实体赏罚,14199434,1420,A168_HF9F_20260827_0900,2026-08-27 09:00:00
2026-06-19,57024343,1702,0,430.6075873057,-430.6075873057,-430.6075873057,0E-7,1,1,0.50665070000000000,0.506650700000,-1.013391052207602,-1.013391052207602,-1.013391052207602,0E-17,ELIGIBLE,R03b_20260811_FULL_v1,L1_ELIGIBILITY,v2026-08-11,2026-03-21..2026-08-06,baccarat_bet02_101_all_pairs_incl_sentinel,round_win = game_pnl > 0 (decisive only),COMPATIBILITY_ONLY_NOT_PRODUCTION,4059548.3812,3680416.6879,6656.9809,9707,9692,-0.00163983,0.01249836,-0.00525961,-0.00163983,-6656.9809,4059548.3812,OK,0.0000,266.2792,4.0000,96.0000,AG03-UNRESOLVED,ALL5_LEVELS_bet23_to_bet27,266.2792,266.2792,266.2792,0.0000,0.0000,4.000000,4.000000,4.000000,0.000000,0.000000,96.000000,96.000000,96.000000,100.000000,100.000000,5.0,798.8377,767.3102,5858.1432,5889.6706,PENDING_AG03,FALSE,NOT_FOR_ENFORCEMENT,6390.7016,3533200.0204,6656.9809,6390.7016,266.2792,0.00163983,0.00157424,266.2792,6390.7016,0.00157424,266.2792,266.2792,266.2792,0.0000,0.0000,6390.7016,0.00157424,798.8377,767.3102,5858.1432,5889.6706,0.00144305,0.00145082,0.00006559,418.2083,379.7376,0.6869,61.6387,1.8384,37588.4109,89.7407,538.3845,395.5999,218.4789,430.6076,432.5446,432.5446,1046.441,1081.3617,427.0584,0.0,2.43015,2.511246,0.971205,30,216,96,2,0.20383968,0.00163983,-0.01249836,0E-8,0.000000,0.906607,0.000000,0.01775797,2026-03-22,2026-08-06,108,3621,2443,138,0.782609,1.360932,1.287360,0.679466,,,,,,,,GLOBAL_BASELINE_NO_ENTITY_RANKING,,,NOT_APPLICABLE_GLOBAL_BASELINE,HF9g-P5,,,,X 全窗基线 · 不参与实体赏罚,14199435,1420,A168_HF9F_20260827_0900,2026-08-27 09:00:00
2026-06-19,57024343,1940,0,430.6075873057,-430.6075873057,-430.6075873057,0E-7,1,1,0.50665070000000000,0.506650700000,-1.013391052207602,-1.013391052207602,-1.013391052207602,0E-17,ELIGIBLE,R03b_20260811_FULL_v1,L1_ELIGIBILITY,v2026-08-11,2026-03-21..2026-08-06,baccarat_bet02_101_all_pairs_incl_sentinel,round_win = game_pnl > 0 (decisive only),COMPATIBILITY_ONLY_NOT_PRODUCTION,4059548.3812,3680416.6879,6656.9809,9707,9692,-0.00163983,0.01249836,-0.00525961,-0.00163983,-6656.9809,4059548.3812,OK,0.0000,266.2792,4.0000,96.0000,AG03-UNRESOLVED,ALL5_LEVELS_bet23_to_bet27,266.2792,266.2792,266.2792,0.0000,0.0000,4.000000,4.000000,4.000000,0.000000,0.000000,96.000000,96.000000,96.000000,100.000000,100.000000,5.0,798.8377,767.3102,5858.1432,5889.6706,PENDING_AG03,FALSE,NOT_FOR_ENFORCEMENT,6390.7016,3533200.0204,6656.9809,6390.7016,266.2792,0.00163983,0.00157424,266.2792,6390.7016,0.00157424,266.2792,266.2792,266.2792,0.0000,0.0000,6390.7016,0.00157424,798.8377,767.3102,5858.1432,5889.6706,0.00144305,0.00145082,0.00006559,418.2083,379.7376,0.6869,61.6387,1.8384,37588.4109,89.7407,538.3845,395.5999,218.4789,430.6076,432.5446,432.5446,1046.441,1081.3617,427.0584,0.0,2.43015,2.511246,0.971205,30,216,96,2,0.20383968,0.00163983,-0.01249836,0E-8,0.000000,0.906607,0.000000,0.01775797,2026-03-22,2026-08-06,108,3621,2443,138,0.782609,1.360932,1.287360,0.679466,,,,,,,,GLOBAL_BASELINE_NO_ENTITY_RANKING,,,NOT_APPLICABLE_GLOBAL_BASELINE,HF9g-P5,,,,X 全窗基线 · 不参与实体赏罚,14199436,1420,A168_HF9F_20260827_0900,2026-08-27 09:00:00
2026-06-19,57024343,1990,0,645.9113809585,613.6158119106,613.6158119106,1.0000000,1,1,0.50665070000000000,0.506650700000,0.9867858985152569,0.9867858985152569,0.9867858985152569,0E-17,ELIGIBLE,R03b_20260811_FULL_v1,L1_ELIGIBILITY,v2026-08-11,2026-03-21..2026-08-06,baccarat_bet02_101_all_pairs_incl_sentinel,round_win = game_pnl > 0 (decisive only),COMPATIBILITY_ONLY_NOT_PRODUCTION,4059548.3812,3680416.6879,6656.9809,9707,9692,-0.00163983,0.01249836,-0.00525961,-0.00163983,-6656.9809,4059548.3812,OK,0.0000,266.2792,4.0000,96.0000,AG03-UNRESOLVED,ALL5_LEVELS_bet23_to_bet27,266.2792,266.2792,266.2792,0.0000,0.0000,4.000000,4.000000,4.000000,0.000000,0.000000,96.000000,96.000000,96.000000,100.000000,100.000000,5.0,798.8377,767.3102,5858.1432,5889.6706,PENDING_AG03,FALSE,NOT_FOR_ENFORCEMENT,6390.7016,3533200.0204,6656.9809,6390.7016,266.2792,0.00163983,0.00157424,266.2792,6390.7016,0.00157424,266.2792,266.2792,266.2792,0.0000,0.0000,6390.7016,0.00157424,798.8377,767.3102,5858.1432,5889.6706,0.00144305,0.00145082,0.00006559,418.2083,379.7376,0.6869,61.6387,1.8384,37588.4109,89.7407,538.3845,395.5999,218.4789,430.6076,432.5446,432.5446,1046.441,1081.3617,427.0584,0.0,2.43015,2.511246,0.971205,30,216,96,2,0.20383968,0.00163983,-0.01249836,0E-8,0.000000,0.906607,0.000000,0.01775797,2026-03-22,2026-08-06,108,3621,2443,138,0.782609,1.360932,1.287360,0.679466,,,,,,,,GLOBAL_BASELINE_NO_ENTITY_RANKING,,,NOT_APPLICABLE_GLOBAL_BASELINE,HF9g-P5,,,,X 全窗基线 · 不参与实体赏罚,14199437,1420,A168_HF9F_20260827_0900,2026-08-27 09:00:00
2026-06-19,57024343,2088,0,430.6075873057,409.0772079404,409.0772079404,1.0000000,1,1,0.50665070000000000,0.506650700000,0.9867858985152569,0.9867858985152569,0.9867858985152569,0E-17,ELIGIBLE,R03b_20260811_FULL_v1,L1_ELIGIBILITY,v2026-08-11,2026-03-21..2026-08-06,baccarat_bet02_101_all_pairs_incl_sentinel,round_win = game_pnl > 0 (decisive only),COMPATIBILITY_ONLY_NOT_PRODUCTION,4059548.3812,3680416.6879,6656.9809,9707,9692,-0.00163983,0.01249836,-0.00525961,-0.00163983,-6656.9809,4059548.3812,OK,0.0000,266.2792,4.0000,96.0000,AG03-UNRESOLVED,ALL5_LEVELS_bet23_to_bet27,266.2792,266.2792,266.2792,0.0000,0.0000,4.000000,4.000000,4.000000,0.000000,0.000000,96.000000,96.000000,96.000000,100.000000,100.000000,5.0,798.8377,767.3102,5858.1432,5889.6706,PENDING_AG03,FALSE,NOT_FOR_ENFORCEMENT,6390.7016,3533200.0204,6656.9809,6390.7016,266.2792,0.00163983,0.00157424,266.2792,6390.7016,0.00157424,266.2792,266.2792,266.2792,0.0000,0.0000,6390.7016,0.00157424,798.8377,767.3102,5858.1432,5889.6706,0.00144305,0.00145082,0.00006559,418.2083,379.7376,0.6869,61.6387,1.8384,37588.4109,89.7407,538.3845,395.5999,218.4789,430.6076,432.5446,432.5446,1046.441,1081.3617,427.0584,0.0,2.43015,2.511246,0.971205,30,216,96,2,0.20383968,0.00163983,-0.01249836,0E-8,0.000000,0.906607,0.000000,0.01775797,2026-03-22,2026-08-06,108,3621,2443,138,0.782609,1.360932,1.287360,0.679466,,,,,,,,GLOBAL_BASELINE_NO_ENTITY_RANKING,,,NOT_APPLICABLE_GLOBAL_BASELINE,HF9g-P5,,,,X 全窗基线 · 不参与实体赏罚,14199438,1420,A168_HF9F_20260827_0900,2026-08-27 09:00:00
2026-06-19,57024343,2093,0,861.2151746114,-21.5303793653,-21.5303793653,0.5000000,2,2,0.50665070000000000,0.506650700000,-0.018812684590367487,-0.018812684590367487,-0.018812684590367487,0E-17,ELIGIBLE,R03b_20260811_FULL_v1,L1_ELIGIBILITY,v2026-08-11,2026-03-21..2026-08-06,baccarat_bet02_101_all_pairs_incl_sentinel,round_win = game_pnl > 0 (decisive only),COMPATIBILITY_ONLY_NOT_PRODUCTION,4059548.3812,3680416.6879,6656.9809,9707,9692,-0.00163983,0.01249836,-0.00525961,-0.00163983,-6656.9809,4059548.3812,OK,0.0000,266.2792,4.0000,96.0000,AG03-UNRESOLVED,ALL5_LEVELS_bet23_to_bet27,266.2792,266.2792,266.2792,0.0000,0.0000,4.000000,4.000000,4.000000,0.000000,0.000000,96.000000,96.000000,96.000000,100.000000,100.000000,5.0,798.8377,767.3102,5858.1432,5889.6706,PENDING_AG03,FALSE,NOT_FOR_ENFORCEMENT,6390.7016,3533200.0204,6656.9809,6390.7016,266.2792,0.00163983,0.00157424,266.2792,6390.7016,0.00157424,266.2792,266.2792,266.2792,0.0000,0.0000,6390.7016,0.00157424,798.8377,767.3102,5858.1432,5889.6706,0.00144305,0.00145082,0.00006559,418.2083,379.7376,0.6869,61.6387,1.8384,37588.4109,89.7407,538.3845,395.5999,218.4789,430.6076,432.5446,432.5446,1046.441,1081.3617,427.0584,0.0,2.43015,2.511246,0.971205,30,216,96,2,0.20383968,0.00163983,-0.01249836,0E-8,0.000000,0.906607,0.000000,0.01775797,2026-03-22,2026-08-06,108,3621,2443,138,0.782609,1.360932,1.287360,0.679466,,,,,,,,GLOBAL_BASELINE_NO_ENTITY_RANKING,,,NOT_APPLICABLE_GLOBAL_BASELINE,HF9g-P5,,,,X 全窗基线 · 不参与实体赏罚,14199439,1420,A168_HF9F_20260827_0900,2026-08-27 09:00:00
2026-06-19,57024343,2127,0,1937.7341428755,-1291.8227619170,-1291.8227619170,0E-7,3,3,0.50665070000000000,0.506650700000,-1.4331513700195317,-1.4331513700195317,-1.4331513700195317,0E-17,ELIGIBLE,R03b_20260811_FULL_v1,L1_ELIGIBILITY,v2026-08-11,2026-03-21..2026-08-06,baccarat_bet02_101_all_pairs_incl_sentinel,round_win = game_pnl > 0 (decisive only),COMPATIBILITY_ONLY_NOT_PRODUCTION,4059548.3812,3680416.6879,6656.9809,9707,9692,-0.00163983,0.01249836,-0.00525961,-0.00163983,-6656.9809,4059548.3812,OK,0.0000,266.2792,4.0000,96.0000,AG03-UNRESOLVED,ALL5_LEVELS_bet23_to_bet27,266.2792,266.2792,266.2792,0.0000,0.0000,4.000000,4.000000,4.000000,0.000000,0.000000,96.000000,96.000000,96.000000,100.000000,100.000000,5.0,798.8377,767.3102,5858.1432,5889.6706,PENDING_AG03,FALSE,NOT_FOR_ENFORCEMENT,6390.7016,3533200.0204,6656.9809,6390.7016,266.2792,0.00163983,0.00157424,266.2792,6390.7016,0.00157424,266.2792,266.2792,266.2792,0.0000,0.0000,6390.7016,0.00157424,798.8377,767.3102,5858.1432,5889.6706,0.00144305,0.00145082,0.00006559,418.2083,379.7376,0.6869,61.6387,1.8384,37588.4109,89.7407,538.3845,395.5999,218.4789,430.6076,432.5446,432.5446,1046.441,1081.3617,427.0584,0.0,2.43015,2.511246,0.971205,30,216,96,2,0.20383968,0.00163983,-0.01249836,0E-8,0.000000,0.906607,0.000000,0.01775797,2026-03-22,2026-08-06,108,3621,2443,138,0.782609,1.360932,1.287360,0.679466,,,,,,,,GLOBAL_BASELINE_NO_ENTITY_RANKING,,,NOT_APPLICABLE_GLOBAL_BASELINE,HF9g-P5,,,,X 全窗基线 · 不参与实体赏罚,14199440,1420,A168_HF9F_20260827_0900,2026-08-27 09:00:00
2026-06-19,57024343,2134,0,1076.5189682642,1022.6930198510,1022.6930198510,1.0000000,2,2,0.50665070000000000,0.506650700000,1.3955260008387969,1.3955260008387969,1.3955260008387969,0E-17,ELIGIBLE,R03b_20260811_FULL_v1,L1_ELIGIBILITY,v2026-08-11,2026-03-21..2026-08-06,baccarat_bet02_101_all_pairs_incl_sentinel,round_win = game_pnl > 0 (decisive only),COMPATIBILITY_ONLY_NOT_PRODUCTION,4059548.3812,3680416.6879,6656.9809,9707,9692,-0.00163983,0.01249836,-0.00525961,-0.00163983,-6656.9809,4059548.3812,OK,0.0000,266.2792,4.0000,96.0000,AG03-UNRESOLVED,ALL5_LEVELS_bet23_to_bet27,266.2792,266.2792,266.2792,0.0000,0.0000,4.000000,4.000000,4.000000,0.000000,0.000000,96.000000,96.000000,96.000000,100.000000,100.000000,5.0,798.8377,767.3102,5858.1432,5889.6706,PENDING_AG03,FALSE,NOT_FOR_ENFORCEMENT,6390.7016,3533200.0204,6656.9809,6390.7016,266.2792,0.00163983,0.00157424,266.2792,6390.7016,0.00157424,266.2792,266.2792,266.2792,0.0000,0.0000,6390.7016,0.00157424,798.8377,767.3102,5858.1432,5889.6706,0.00144305,0.00145082,0.00006559,418.2083,379.7376,0.6869,61.6387,1.8384,37588.4109,89.7407,538.3845,395.5999,218.4789,430.6076,432.5446,432.5446,1046.441,1081.3617,427.0584,0.0,2.43015,2.511246,0.971205,30,216,96,2,0.20383968,0.00163983,-0.01249836,0E-8,0.000000,0.906607,0.000000,0.01775797,2026-03-22,2026-08-06,108,3621,2443,138,0.782609,1.360932,1.287360,0.679466,,,,,,,,GLOBAL_BASELINE_NO_ENTITY_RANKING,,,NOT_APPLICABLE_GLOBAL_BASELINE,HF9g-P5,,,,X 全窗基线 · 不参与实体赏罚,14199441,1420,A168_HF9F_20260827_0900,2026-08-27 09:00:00
2026-06-19,57024343,2169,0,430.6075873057,409.0772079404,409.0772079404,1.0000000,1,1,0.50665070000000000,0.506650700000,0.9867858985152569,0.9867858985152569,0.9867858985152569,0E-17,ELIGIBLE,R03b_20260811_FULL_v1,L1_ELIGIBILITY,v2026-08-11,2026-03-21..2026-08-06,baccarat_bet02_101_all_pairs_incl_sentinel,round_win = game_pnl > 0 (decisive only),COMPATIBILITY_ONLY_NOT_PRODUCTION,4059548.3812,3680416.6879,6656.9809,9707,9692,-0.00163983,0.01249836,-0.00525961,-0.00163983,-6656.9809,4059548.3812,OK,0.0000,266.2792,4.0000,96.0000,AG03-UNRESOLVED,ALL5_LEVELS_bet23_to_bet27,266.2792,266.2792,266.2792,0.0000,0.0000,4.000000,4.000000,4.000000,0.000000,0.000000,96.000000,96.000000,96.000000,100.000000,100.000000,5.0,798.8377,767.3102,5858.1432,5889.6706,PENDING_AG03,FALSE,NOT_FOR_ENFORCEMENT,6390.7016,3533200.0204,6656.9809,6390.7016,266.2792,0.00163983,0.00157424,266.2792,6390.7016,0.00157424,266.2792,266.2792,266.2792,0.0000,0.0000,6390.7016,0.00157424,798.8377,767.3102,5858.1432,5889.6706,0.00144305,0.00145082,0.00006559,418.2083,379.7376,0.6869,61.6387,1.8384,37588.4109,89.7407,538.3845,395.5999,218.4789,430.6076,432.5446,432.5446,1046.441,1081.3617,427.0584,0.0,2.43015,2.511246,0.971205,30,216,96,2,0.20383968,0.00163983,-0.01249836,0E-8,0.000000,0.906607,0.000000,0.01775797,2026-03-22,2026-08-06,108,3621,2443,138,0.782609,1.360932,1.287360,0.679466,,,,,,,,GLOBAL_BASELINE_NO_ENTITY_RANKING,,,NOT_APPLICABLE_GLOBAL_BASELINE,HF9g-P5,,,,X 全窗基线 · 不参与实体赏罚,14199442,1420,A168_HF9F_20260827_0900,2026-08-27 09:00:00
2026-06-19,57024343,2175,0,645.9113809585,-645.9113809585,-645.9113809585,0E-7,1,1,0.50665070000000000,0.506650700000,-1.013391052207602,-1.013391052207602,-1.013391052207602,0E-17,ELIGIBLE,R03b_20260811_FULL_v1,L1_ELIGIBILITY,v2026-08-11,2026-03-21..2026-08-06,baccarat_bet02_101_all_pairs_incl_sentinel,round_win = game_pnl > 0 (decisive only),COMPATIBILITY_ONLY_NOT_PRODUCTION,4059548.3812,3680416.6879,6656.9809,9707,9692,-0.00163983,0.01249836,-0.00525961,-0.00163983,-6656.9809,4059548.3812,OK,0.0000,266.2792,4.0000,96.0000,AG03-UNRESOLVED,ALL5_LEVELS_bet23_to_bet27,266.2792,266.2792,266.2792,0.0000,0.0000,4.000000,4.000000,4.000000,0.000000,0.000000,96.000000,96.000000,96.000000,100.000000,100.000000,5.0,798.8377,767.3102,5858.1432,5889.6706,PENDING_AG03,FALSE,NOT_FOR_ENFORCEMENT,6390.7016,3533200.0204,6656.9809,6390.7016,266.2792,0.00163983,0.00157424,266.2792,6390.7016,0.00157424,266.2792,266.2792,266.2792,0.0000,0.0000,6390.7016,0.00157424,798.8377,767.3102,5858.1432,5889.6706,0.00144305,0.00145082,0.00006559,418.2083,379.7376,0.6869,61.6387,1.8384,37588.4109,89.7407,538.3845,395.5999,218.4789,430.6076,432.5446,432.5446,1046.441,1081.3617,427.0584,0.0,2.43015,2.511246,0.971205,30,216,96,2,0.20383968,0.00163983,-0.01249836,0E-8,0.000000,0.906607,0.000000,0.01775797,2026-03-22,2026-08-06,108,3621,2443,138,0.782609,1.360932,1.287360,0.679466,,,,,,,,GLOBAL_BASELINE_NO_ENTITY_RANKING,,,NOT_APPLICABLE_GLOBAL_BASELINE,HF9g-P5,,,,X 全窗基线 · 不参与实体赏罚,14199443,1420,A168_HF9F_20260827_0900,2026-08-27 09:00:00
2026-06-19,57024343,2233,0,1291.8227619170,-32.2955690479,-32.2955690479,0.5000000,2,2,0.50665070000000000,0.506650700000,-0.018812684590367487,-0.018812684590367487,-0.018812684590367487,0E-17,ELIGIBLE,R03b_20260811_FULL_v1,L1_ELIGIBILITY,v2026-08-11,2026-03-21..2026-08-06,baccarat_bet02_101_all_pairs_incl_sentinel,round_win = game_pnl > 0 (decisive only),COMPATIBILITY_ONLY_NOT_PRODUCTION,4059548.3812,3680416.6879,6656.9809,9707,9692,-0.00163983,0.01249836,-0.00525961,-0.00163983,-6656.9809,4059548.3812,OK,0.0000,266.2792,4.0000,96.0000,AG03-UNRESOLVED,ALL5_LEVELS_bet23_to_bet27,266.2792,266.2792,266.2792,0.0000,0.0000,4.000000,4.000000,4.000000,0.000000,0.000000,96.000000,96.000000,96.000000,100.000000,100.000000,5.0,798.8377,767.3102,5858.1432,5889.6706,PENDING_AG03,FALSE,NOT_FOR_ENFORCEMENT,6390.7016,3533200.0204,6656.9809,6390.7016,266.2792,0.00163983,0.00157424,266.2792,6390.7016,0.00157424,266.2792,266.2792,266.2792,0.0000,0.0000,6390.7016,0.00157424,798.8377,767.3102,5858.1432,5889.6706,0.00144305,0.00145082,0.00006559,418.2083,379.7376,0.6869,61.6387,1.8384,37588.4109,89.7407,538.3845,395.5999,218.4789,430.6076,432.5446,432.5446,1046.441,1081.3617,427.0584,0.0,2.43015,2.511246,0.971205,30,216,96,2,0.20383968,0.00163983,-0.01249836,0E-8,0.000000,0.906607,0.000000,0.01775797,2026-03-22,2026-08-06,108,3621,2443,138,0.782609,1.360932,1.287360,0.679466,,,,,,,,GLOBAL_BASELINE_NO_ENTITY_RANKING,,,NOT_APPLICABLE_GLOBAL_BASELINE,HF9g-P5,,,,X 全窗基线 · 不参与实体赏罚,14199444,1420,A168_HF9F_20260827_0900,2026-08-27 09:00:00
2026-06-19,57024343,752,0,645.9113809585,645.9113809585,645.9113809585,1.0000000,1,1,0.49324550000000000,0.493245500000,1.01360149184955,1.01360149184955,1.01360149184955,0E-17,ELIGIBLE,R03b_20260811_FULL_v1,L1_ELIGIBILITY,v2026-08-11,2026-03-21..2026-08-06,baccarat_bet02_101_all_pairs_incl_sentinel,round_win = game_pnl > 0 (decisive only),COMPATIBILITY_ONLY_NOT_PRODUCTION,4059548.3812,3680416.6879,6656.9809,9707,9692,-0.00163983,0.01249836,-0.00525961,-0.00163983,-6656.9809,4059548.3812,OK,0.0000,266.2792,4.0000,96.0000,AG03-UNRESOLVED,ALL5_LEVELS_bet23_to_bet27,266.2792,266.2792,266.2792,0.0000,0.0000,4.000000,4.000000,4.000000,0.000000,0.000000,96.000000,96.000000,96.000000,100.000000,100.000000,5.0,798.8377,767.3102,5858.1432,5889.6706,PENDING_AG03,FALSE,NOT_FOR_ENFORCEMENT,6390.7016,3533200.0204,6656.9809,6390.7016,266.2792,0.00163983,0.00157424,266.2792,6390.7016,0.00157424,266.2792,266.2792,266.2792,0.0000,0.0000,6390.7016,0.00157424,798.8377,767.3102,5858.1432,5889.6706,0.00144305,0.00145082,0.00006559,418.2083,379.7376,0.6869,61.6387,1.8384,37588.4109,89.7407,538.3845,395.5999,218.4789,430.6076,432.5446,432.5446,1046.441,1081.3617,427.0584,0.0,2.43015,2.511246,0.971205,30,216,96,2,0.20383968,0.00163983,-0.01249836,0E-8,0.000000,0.906607,0.000000,0.01775797,2026-03-22,2026-08-06,108,3621,2443,138,0.782609,1.360932,1.287360,0.679466,,,,,,,,GLOBAL_BASELINE_NO_ENTITY_RANKING,,,NOT_APPLICABLE_GLOBAL_BASELINE,HF9g-P5,,,,X 全窗基线 · 不参与实体赏罚,14199445,1420,A168_HF9F_20260827_0900,2026-08-27 09:00:00
2026-06-19,57024343,763,0,645.9113809585,613.6158119106,613.6158119106,1.0000000,1,1,0.50665070000000000,0.506650700000,0.9867858985152569,0.9867858985152569,0.9867858985152569,0E-17,ELIGIBLE,R03b_20260811_FULL_v1,L1_ELIGIBILITY,v2026-08-11,2026-03-21..2026-08-06,baccarat_bet02_101_all_pairs_incl_sentinel,round_win = game_pnl > 0 (decisive only),COMPATIBILITY_ONLY_NOT_PRODUCTION,4059548.3812,3680416.6879,6656.9809,9707,9692,-0.00163983,0.01249836,-0.00525961,-0.00163983,-6656.9809,4059548.3812,OK,0.0000,266.2792,4.0000,96.0000,AG03-UNRESOLVED,ALL5_LEVELS_bet23_to_bet27,266.2792,266.2792,266.2792,0.0000,0.0000,4.000000,4.000000,4.000000,0.000000,0.000000,96.000000,96.000000,96.000000,100.000000,100.000000,5.0,798.8377,767.3102,5858.1432,5889.6706,PENDING_AG03,FALSE,NOT_FOR_ENFORCEMENT,6390.7016,3533200.0204,6656.9809,6390.7016,266.2792,0.00163983,0.00157424,266.2792,6390.7016,0.00157424,266.2792,266.2792,266.2792,0.0000,0.0000,6390.7016,0.00157424,798.8377,767.3102,5858.1432,5889.6706,0.00144305,0.00145082,0.00006559,418.2083,379.7376,0.6869,61.6387,1.8384,37588.4109,89.7407,538.3845,395.5999,218.4789,430.6076,432.5446,432.5446,1046.441,1081.3617,427.0584,0.0,2.43015,2.511246,0.971205,30,216,96,2,0.20383968,0.00163983,-0.01249836,0E-8,0.000000,0.906607,0.000000,0.01775797,2026-03-22,2026-08-06,108,3621,2443,138,0.782609,1.360932,1.287360,0.679466,,,,,,,,GLOBAL_BASELINE_NO_ENTITY_RANKING,,,NOT_APPLICABLE_GLOBAL_BASELINE,HF9g-P5,,,,X 全窗基线 · 不参与实体赏罚,14199446,1420,A168_HF9F_20260827_0900,2026-08-27 09:00:00
2026-06-20,57024343,-1,1,3660.1644920984,1808.5518666839,1808.5518666839,0.7500000,9,9,0.50665070000000000,0.506650700000,1.3767133162484293,1.3767133162484293,1.3767133162484293,0E-17,SENTINEL_DEALER,R03b_20260811_FULL_v1,L1_ELIGIBILITY,v2026-08-11,2026-03-21..2026-08-06,baccarat_bet02_101_all_pairs_incl_sentinel,round_win = game_pnl > 0 (decisive only),COMPATIBILITY_ONLY_NOT_PRODUCTION,4059548.3812,3680416.6879,6656.9809,9707,9692,-0.00163983,0.01249836,-0.00525961,-0.00163983,-6656.9809,4059548.3812,OK,0.0000,266.2792,4.0000,96.0000,AG03-UNRESOLVED,ALL5_LEVELS_bet23_to_bet27,266.2792,266.2792,266.2792,0.0000,0.0000,4.000000,4.000000,4.000000,0.000000,0.000000,96.000000,96.000000,96.000000,100.000000,100.000000,5.0,798.8377,767.3102,5858.1432,5889.6706,PENDING_AG03,FALSE,NOT_FOR_ENFORCEMENT,6390.7016,3533200.0204,6656.9809,6390.7016,266.2792,0.00163983,0.00157424,266.2792,6390.7016,0.00157424,266.2792,266.2792,266.2792,0.0000,0.0000,6390.7016,0.00157424,798.8377,767.3102,5858.1432,5889.6706,0.00144305,0.00145082,0.00006559,418.2083,379.7376,0.6869,61.6387,1.8384,37588.4109,89.7407,538.3845,395.5999,218.4789,430.6076,432.5446,432.5446,1046.441,1081.3617,427.0584,0.0,2.43015,2.511246,0.971205,30,216,96,2,0.20383968,0.00163983,-0.01249836,0E-8,0.000000,0.906607,0.000000,0.01775797,2026-03-22,2026-08-06,108,3621,2443,138,0.782609,1.360932,1.287360,0.679466,,,,,,,,GLOBAL_BASELINE_NO_ENTITY_RANKING,,,NOT_APPLICABLE_GLOBAL_BASELINE,HF9g-P5,,,,X 全窗基线 · 不参与实体赏罚,14199447,1420,A168_HF9F_20260827_0900,2026-08-27 09:00:00
2026-06-20,57024343,1094,0,430.6075873057,430.6075873057,430.6075873057,1.0000000,1,1,0.49324550000000000,0.493245500000,1.01360149184955,1.01360149184955,1.01360149184955,0E-17,ELIGIBLE,R03b_20260811_FULL_v1,L1_ELIGIBILITY,v2026-08-11,2026-03-21..2026-08-06,baccarat_bet02_101_all_pairs_incl_sentinel,round_win = game_pnl > 0 (decisive only),COMPATIBILITY_ONLY_NOT_PRODUCTION,4059548.3812,3680416.6879,6656.9809,9707,9692,-0.00163983,0.01249836,-0.00525961,-0.00163983,-6656.9809,4059548.3812,OK,0.0000,266.2792,4.0000,96.0000,AG03-UNRESOLVED,ALL5_LEVELS_bet23_to_bet27,266.2792,266.2792,266.2792,0.0000,0.0000,4.000000,4.000000,4.000000,0.000000,0.000000,96.000000,96.000000,96.000000,100.000000,100.000000,5.0,798.8377,767.3102,5858.1432,5889.6706,PENDING_AG03,FALSE,NOT_FOR_ENFORCEMENT,6390.7016,3533200.0204,6656.9809,6390.7016,266.2792,0.00163983,0.00157424,266.2792,6390.7016,0.00157424,266.2792,266.2792,266.2792,0.0000,0.0000,6390.7016,0.00157424,798.8377,767.3102,5858.1432,5889.6706,0.00144305,0.00145082,0.00006559,418.2083,379.7376,0.6869,61.6387,1.8384,37588.4109,89.7407,538.3845,395.5999,218.4789,430.6076,432.5446,432.5446,1046.441,1081.3617,427.0584,0.0,2.43015,2.511246,0.971205,30,216,96,2,0.20383968,0.00163983,-0.01249836,0E-8,0.000000,0.906607,0.000000,0.01775797,2026-03-22,2026-08-06,108,3621,2443,138,0.782609,1.360932,1.287360,0.679466,,,,,,,,GLOBAL_BASELINE_NO_ENTITY_RANKING,,,NOT_APPLICABLE_GLOBAL_BASELINE,HF9g-P5,,,,X 全窗基线 · 不参与实体赏罚,14199448,1420,A168_HF9F_20260827_0900,2026-08-27 09:00:00
2026-06-20,57024343,1299,0,430.6075873057,-430.6075873057,-430.6075873057,0E-7,1,1,0.50665070000000000,0.506650700000,-1.013391052207602,-1.013391052207602,-1.013391052207602,0E-17,ELIGIBLE,R03b_20260811_FULL_v1,L1_ELIGIBILITY,v2026-08-11,2026-03-21..2026-08-06,baccarat_bet02_101_all_pairs_incl_sentinel,round_win = game_pnl > 0 (decisive only),COMPATIBILITY_ONLY_NOT_PRODUCTION,4059548.3812,3680416.6879,6656.9809,9707,9692,-0.00163983,0.01249836,-0.00525961,-0.00163983,-6656.9809,4059548.3812,OK,0.0000,266.2792,4.0000,96.0000,AG03-UNRESOLVED,ALL5_LEVELS_bet23_to_bet27,266.2792,266.2792,266.2792,0.0000,0.0000,4.000000,4.000000,4.000000,0.000000,0.000000,96.000000,96.000000,96.000000,100.000000,100.000000,5.0,798.8377,767.3102,5858.1432,5889.6706,PENDING_AG03,FALSE,NOT_FOR_ENFORCEMENT,6390.7016,3533200.0204,6656.9809,6390.7016,266.2792,0.00163983,0.00157424,266.2792,6390.7016,0.00157424,266.2792,266.2792,266.2792,0.0000,0.0000,6390.7016,0.00157424,798.8377,767.3102,5858.1432,5889.6706,0.00144305,0.00145082,0.00006559,418.2083,379.7376,0.6869,61.6387,1.8384,37588.4109,89.7407,538.3845,395.5999,218.4789,430.6076,432.5446,432.5446,1046.441,1081.3617,427.0584,0.0,2.43015,2.511246,0.971205,30,216,96,2,0.20383968,0.00163983,-0.01249836,0E-8,0.000000,0.906607,0.000000,0.01775797,2026-03-22,2026-08-06,108,3621,2443,138,0.782609,1.360932,1.287360,0.679466,,,,,,,,GLOBAL_BASELINE_NO_ENTITY_RANKING,,,NOT_APPLICABLE_GLOBAL_BASELINE,HF9g-P5,,,,X 全窗基线 · 不参与实体赏罚,14199449,1420,A168_HF9F_20260827_0900,2026-08-27 09:00:00
2026-06-20,57024343,1306,0,861.2151746114,-861.2151746114,-861.2151746114,0E-7,2,2,0.50665070000000000,0.506650700000,-1.4331513700195317,-1.4331513700195317,-1.4331513700195317,0E-17,ELIGIBLE,R03b_20260811_FULL_v1,L1_ELIGIBILITY,v2026-08-11,2026-03-21..2026-08-06,baccarat_bet02_101_all_pairs_incl_sentinel,round_win = game_pnl > 0 (decisive only),COMPATIBILITY_ONLY_NOT_PRODUCTION,4059548.3812,3680416.6879,6656.9809,9707,9692,-0.00163983,0.01249836,-0.00525961,-0.00163983,-6656.9809,4059548.3812,OK,0.0000,266.2792,4.0000,96.0000,AG03-UNRESOLVED,ALL5_LEVELS_bet23_to_bet27,266.2792,266.2792,266.2792,0.0000,0.0000,4.000000,4.000000,4.000000,0.000000,0.000000,96.000000,96.000000,96.000000,100.000000,100.000000,5.0,798.8377,767.3102,5858.1432,5889.6706,PENDING_AG03,FALSE,NOT_FOR_ENFORCEMENT,6390.7016,3533200.0204,6656.9809,6390.7016,266.2792,0.00163983,0.00157424,266.2792,6390.7016,0.00157424,266.2792,266.2792,266.2792,0.0000,0.0000,6390.7016,0.00157424,798.8377,767.3102,5858.1432,5889.6706,0.00144305,0.00145082,0.00006559,418.2083,379.7376,0.6869,61.6387,1.8384,37588.4109,89.7407,538.3845,395.5999,218.4789,430.6076,432.5446,432.5446,1046.441,1081.3617,427.0584,0.0,2.43015,2.511246,0.971205,30,216,96,2,0.20383968,0.00163983,-0.01249836,0E-8,0.000000,0.906607,0.000000,0.01775797,2026-03-22,2026-08-06,108,3621,2443,138,0.782609,1.360932,1.287360,0.679466,,,,,,,,GLOBAL_BASELINE_NO_ENTITY_RANKING,,,NOT_APPLICABLE_GLOBAL_BASELINE,HF9g-P5,,,,X 全窗基线 · 不参与实体赏罚,14199450,1420,A168_HF9F_20260827_0900,2026-08-27 09:00:00
2026-06-20,57024343,1307,0,861.2151746114,-21.5303793653,-21.5303793653,0.5000000,2,2,0.50665070000000000,0.506650700000,-0.018812684590367487,-0.018812684590367487,-0.018812684590367487,0E-17,ELIGIBLE,R03b_20260811_FULL_v1,L1_ELIGIBILITY,v2026-08-11,2026-03-21..2026-08-06,baccarat_bet02_101_all_pairs_incl_sentinel,round_win = game_pnl > 0 (decisive only),COMPATIBILITY_ONLY_NOT_PRODUCTION,4059548.3812,3680416.6879,6656.9809,9707,9692,-0.00163983,0.01249836,-0.00525961,-0.00163983,-6656.9809,4059548.3812,OK,0.0000,266.2792,4.0000,96.0000,AG03-UNRESOLVED,ALL5_LEVELS_bet23_to_bet27,266.2792,266.2792,266.2792,0.0000,0.0000,4.000000,4.000000,4.000000,0.000000,0.000000,96.000000,96.000000,96.000000,100.000000,100.000000,5.0,798.8377,767.3102,5858.1432,5889.6706,PENDING_AG03,FALSE,NOT_FOR_ENFORCEMENT,6390.7016,3533200.0204,6656.9809,6390.7016,266.2792,0.00163983,0.00157424,266.2792,6390.7016,0.00157424,266.2792,266.2792,266.2792,0.0000,0.0000,6390.7016,0.00157424,798.8377,767.3102,5858.1432,5889.6706,0.00144305,0.00145082,0.00006559,418.2083,379.7376,0.6869,61.6387,1.8384,37588.4109,89.7407,538.3845,395.5999,218.4789,430.6076,432.5446,432.5446,1046.441,1081.3617,427.0584,0.0,2.43015,2.511246,0.971205,30,216,96,2,0.20383968,0.00163983,-0.01249836,0E-8,0.000000,0.906607,0.000000,0.01775797,2026-03-22,2026-08-06,108,3621,2443,138,0.782609,1.360932,1.287360,0.679466,,,,,,,,GLOBAL_BASELINE_NO_ENTITY_RANKING,,,NOT_APPLICABLE_GLOBAL_BASELINE,HF9g-P5,,,,X 全窗基线 · 不参与实体赏罚,14199451,1420,A168_HF9F_20260827_0900,2026-08-27 09:00:00
2026-06-20,57024343,1325,0,2153.0379365285,-43.0607587306,-43.0607587306,0.5000000,5,5,0.50665070000000000,0.506650700000,-0.02660515369234503,-0.02660515369234503,-0.02660515369234503,0E-17,ELIGIBLE,R03b_20260811_FULL_v1,L1_ELIGIBILITY,v2026-08-11,2026-03-21..2026-08-06,baccarat_bet02_101_all_pairs_incl_sentinel,round_win = game_pnl > 0 (decisive only),COMPATIBILITY_ONLY_NOT_PRODUCTION,4059548.3812,3680416.6879,6656.9809,9707,9692,-0.00163983,0.01249836,-0.00525961,-0.00163983,-6656.9809,4059548.3812,OK,0.0000,266.2792,4.0000,96.0000,AG03-UNRESOLVED,ALL5_LEVELS_bet23_to_bet27,266.2792,266.2792,266.2792,0.0000,0.0000,4.000000,4.000000,4.000000,0.000000,0.000000,96.000000,96.000000,96.000000,100.000000,100.000000,5.0,798.8377,767.3102,5858.1432,5889.6706,PENDING_AG03,FALSE,NOT_FOR_ENFORCEMENT,6390.7016,3533200.0204,6656.9809,6390.7016,266.2792,0.00163983,0.00157424,266.2792,6390.7016,0.00157424,266.2792,266.2792,266.2792,0.0000,0.0000,6390.7016,0.00157424,798.8377,767.3102,5858.1432,5889.6706,0.00144305,0.00145082,0.00006559,418.2083,379.7376,0.6869,61.6387,1.8384,37588.4109,89.7407,538.3845,395.5999,218.4789,430.6076,432.5446,432.5446,1046.441,1081.3617,427.0584,0.0,2.43015,2.511246,0.971205,30,216,96,2,0.20383968,0.00163983,-0.01249836,0E-8,0.000000,0.906607,0.000000,0.01775797,2026-03-22,2026-08-06,108,3621,2443,138,0.782609,1.360932,1.287360,0.679466,,,,,,,,GLOBAL_BASELINE_NO_ENTITY_RANKING,,,NOT_APPLICABLE_GLOBAL_BASELINE,HF9g-P5,,,,X 全窗基线 · 不参与实体赏罚,14199452,1420,A168_HF9F_20260827_0900,2026-08-27 09:00:00
2026-06-20,57024343,1331,0,430.6075873057,409.0772079404,409.0772079404,1.0000000,1,1,0.50665070000000000,0.506650700000,0.9867858985152569,0.9867858985152569,0.9867858985152569,0E-17,ELIGIBLE,R03b_20260811_FULL_v1,L1_ELIGIBILITY,v2026-08-11,2026-03-21..2026-08-06,baccarat_bet02_101_all_pairs_incl_sentinel,round_win = game_pnl > 0 (decisive only),COMPATIBILITY_ONLY_NOT_PRODUCTION,4059548.3812,3680416.6879,6656.9809,9707,9692,-0.00163983,0.01249836,-0.00525961,-0.00163983,-6656.9809,4059548.3812,OK,0.0000,266.2792,4.0000,96.0000,AG03-UNRESOLVED,ALL5_LEVELS_bet23_to_bet27,266.2792,266.2792,266.2792,0.0000,0.0000,4.000000,4.000000,4.000000,0.000000,0.000000,96.000000,96.000000,96.000000,100.000000,100.000000,5.0,798.8377,767.3102,5858.1432,5889.6706,PENDING_AG03,FALSE,NOT_FOR_ENFORCEMENT,6390.7016,3533200.0204,6656.9809,6390.7016,266.2792,0.00163983,0.00157424,266.2792,6390.7016,0.00157424,266.2792,266.2792,266.2792,0.0000,0.0000,6390.7016,0.00157424,798.8377,767.3102,5858.1432,5889.6706,0.00144305,0.00145082,0.00006559,418.2083,379.7376,0.6869,61.6387,1.8384,37588.4109,89.7407,538.3845,395.5999,218.4789,430.6076,432.5446,432.5446,1046.441,1081.3617,427.0584,0.0,2.43015,2.511246,0.971205,30,216,96,2,0.20383968,0.00163983,-0.01249836,0E-8,0.000000,0.906607,0.000000,0.01775797,2026-03-22,2026-08-06,108,3621,2443,138,0.782609,1.360932,1.287360,0.679466,,,,,,,,GLOBAL_BASELINE_NO_ENTITY_RANKING,,,NOT_APPLICABLE_GLOBAL_BASELINE,HF9g-P5,,,,X 全窗基线 · 不参与实体赏罚,14199453,1420,A168_HF9F_20260827_0900,2026-08-27 09:00:00
2026-06-20,57024343,1353,0,645.9113809585,-645.9113809585,-645.9113809585,0E-7,1,1,0.50665070000000000,0.506650700000,-1.013391052207602,-1.013391052207602,-1.013391052207602,0E-17,ELIGIBLE,R03b_20260811_FULL_v1,L1_ELIGIBILITY,v2026-08-11,2026-03-21..2026-08-06,baccarat_bet02_101_all_pairs_incl_sentinel,round_win = game_pnl > 0 (decisive only),COMPATIBILITY_ONLY_NOT_PRODUCTION,4059548.3812,3680416.6879,6656.9809,9707,9692,-0.00163983,0.01249836,-0.00525961,-0.00163983,-6656.9809,4059548.3812,OK,0.0000,266.2792,4.0000,96.0000,AG03-UNRESOLVED,ALL5_LEVELS_bet23_to_bet27,266.2792,266.2792,266.2792,0.0000,0.0000,4.000000,4.000000,4.000000,0.000000,0.000000,96.000000,96.000000,96.000000,100.000000,100.000000,5.0,798.8377,767.3102,5858.1432,5889.6706,PENDING_AG03,FALSE,NOT_FOR_ENFORCEMENT,6390.7016,3533200.0204,6656.9809,6390.7016,266.2792,0.00163983,0.00157424,266.2792,6390.7016,0.00157424,266.2792,266.2792,266.2792,0.0000,0.0000,6390.7016,0.00157424,798.8377,767.3102,5858.1432,5889.6706,0.00144305,0.00145082,0.00006559,418.2083,379.7376,0.6869,61.6387,1.8384,37588.4109,89.7407,538.3845,395.5999,218.4789,430.6076,432.5446,432.5446,1046.441,1081.3617,427.0584,0.0,2.43015,2.511246,0.971205,30,216,96,2,0.20383968,0.00163983,-0.01249836,0E-8,0.000000,0.906607,0.000000,0.01775797,2026-03-22,2026-08-06,108,3621,2443,138,0.782609,1.360932,1.287360,0.679466,,,,,,,,GLOBAL_BASELINE_NO_ENTITY_RANKING,,,NOT_APPLICABLE_GLOBAL_BASELINE,HF9g-P5,,,,X 全窗基线 · 不参与实体赏罚,14199454,1420,A168_HF9F_20260827_0900,2026-08-27 09:00:00
2026-06-20,57024343,1509,0,430.6075873057,409.0772079404,409.0772079404,1.0000000,1,1,0.50665070000000000,0.506650700000,0.9867858985152569,0.9867858985152569,0.9867858985152569,0E-17,ELIGIBLE,R03b_20260811_FULL_v1,L1_ELIGIBILITY,v2026-08-11,2026-03-21..2026-08-06,baccarat_bet02_101_all_pairs_incl_sentinel,round_win = game_pnl > 0 (decisive only),COMPATIBILITY_ONLY_NOT_PRODUCTION,4059548.3812,3680416.6879,6656.9809,9707,9692,-0.00163983,0.01249836,-0.00525961,-0.00163983,-6656.9809,4059548.3812,OK,0.0000,266.2792,4.0000,96.0000,AG03-UNRESOLVED,ALL5_LEVELS_bet23_to_bet27,266.2792,266.2792,266.2792,0.0000,0.0000,4.000000,4.000000,4.000000,0.000000,0.000000,96.000000,96.000000,96.000000,100.000000,100.000000,5.0,798.8377,767.3102,5858.1432,5889.6706,PENDING_AG03,FALSE,NOT_FOR_ENFORCEMENT,6390.7016,3533200.0204,6656.9809,6390.7016,266.2792,0.00163983,0.00157424,266.2792,6390.7016,0.00157424,266.2792,266.2792,266.2792,0.0000,0.0000,6390.7016,0.00157424,798.8377,767.3102,5858.1432,5889.6706,0.00144305,0.00145082,0.00006559,418.2083,379.7376,0.6869,61.6387,1.8384,37588.4109,89.7407,538.3845,395.5999,218.4789,430.6076,432.5446,432.5446,1046.441,1081.3617,427.0584,0.0,2.43015,2.511246,0.971205,30,216,96,2,0.20383968,0.00163983,-0.01249836,0E-8,0.000000,0.906607,0.000000,0.01775797,2026-03-22,2026-08-06,108,3621,2443,138,0.782609,1.360932,1.287360,0.679466,,,,,,,,GLOBAL_BASELINE_NO_ENTITY_RANKING,,,NOT_APPLICABLE_GLOBAL_BASELINE,HF9g-P5,,,,X 全窗基线 · 不参与实体赏罚,14199455,1420,A168_HF9F_20260827_0900,2026-08-27 09:00:00
2026-06-20,57024343,1646,0,430.6075873057,409.0772079404,409.0772079404,1.0000000,1,1,0.50665070000000000,0.506650700000,0.9867858985152569,0.9867858985152569,0.9867858985152569,0E-17,ELIGIBLE,R03b_20260811_FULL_v1,L1_ELIGIBILITY,v2026-08-11,2026-03-21..2026-08-06,baccarat_bet02_101_all_pairs_incl_sentinel,round_win = game_pnl > 0 (decisive only),COMPATIBILITY_ONLY_NOT_PRODUCTION,4059548.3812,3680416.6879,6656.9809,9707,9692,-0.00163983,0.01249836,-0.00525961,-0.00163983,-6656.9809,4059548.3812,OK,0.0000,266.2792,4.0000,96.0000,AG03-UNRESOLVED,ALL5_LEVELS_bet23_to_bet27,266.2792,266.2792,266.2792,0.0000,0.0000,4.000000,4.000000,4.000000,0.000000,0.000000,96.000000,96.000000,96.000000,100.000000,100.000000,5.0,798.8377,767.3102,5858.1432,5889.6706,PENDING_AG03,FALSE,NOT_FOR_ENFORCEMENT,6390.7016,3533200.0204,6656.9809,6390.7016,266.2792,0.00163983,0.00157424,266.2792,6390.7016,0.00157424,266.2792,266.2792,266.2792,0.0000,0.0000,6390.7016,0.00157424,798.8377,767.3102,5858.1432,5889.6706,0.00144305,0.00145082,0.00006559,418.2083,379.7376,0.6869,61.6387,1.8384,37588.4109,89.7407,538.3845,395.5999,218.4789,430.6076,432.5446,432.5446,1046.441,1081.3617,427.0584,0.0,2.43015,2.511246,0.971205,30,216,96,2,0.20383968,0.00163983,-0.01249836,0E-8,0.000000,0.906607,0.000000,0.01775797,2026-03-22,2026-08-06,108,3621,2443,138,0.782609,1.360932,1.287360,0.679466,,,,,,,,GLOBAL_BASELINE_NO_ENTITY_RANKING,,,NOT_APPLICABLE_GLOBAL_BASELINE,HF9g-P5,,,,X 全窗基线 · 不参与实体赏罚,14199456,1420,A168_HF9F_20260827_0900,2026-08-27 09:00:00
2026-06-20,57024343,1704,0,1291.8227619171,409.0772079404,409.0772079404,1.0000000,2,2,0.50665070000000000,0.506650700000,0.9867858985152569,0.9867858985152569,0.9867858985152569,0E-17,ELIGIBLE,R03b_20260811_FULL_v1,L1_ELIGIBILITY,v2026-08-11,2026-03-21..2026-08-06,baccarat_bet02_101_all_pairs_incl_sentinel,round_win = game_pnl > 0 (decisive only),COMPATIBILITY_ONLY_NOT_PRODUCTION,4059548.3812,3680416.6879,6656.9809,9707,9692,-0.00163983,0.01249836,-0.00525961,-0.00163983,-6656.9809,4059548.3812,OK,0.0000,266.2792,4.0000,96.0000,AG03-UNRESOLVED,ALL5_LEVELS_bet23_to_bet27,266.2792,266.2792,266.2792,0.0000,0.0000,4.000000,4.000000,4.000000,0.000000,0.000000,96.000000,96.000000,96.000000,100.000000,100.000000,5.0,798.8377,767.3102,5858.1432,5889.6706,PENDING_AG03,FALSE,NOT_FOR_ENFORCEMENT,6390.7016,3533200.0204,6656.9809,6390.7016,266.2792,0.00163983,0.00157424,266.2792,6390.7016,0.00157424,266.2792,266.2792,266.2792,0.0000,0.0000,6390.7016,0.00157424,798.8377,767.3102,5858.1432,5889.6706,0.00144305,0.00145082,0.00006559,418.2083,379.7376,0.6869,61.6387,1.8384,37588.4109,89.7407,538.3845,395.5999,218.4789,430.6076,432.5446,432.5446,1046.441,1081.3617,427.0584,0.0,2.43015,2.511246,0.971205,30,216,96,2,0.20383968,0.00163983,-0.01249836,0E-8,0.000000,0.906607,0.000000,0.01775797,2026-03-22,2026-08-06,108,3621,2443,138,0.782609,1.360932,1.287360,0.679466,,,,,,,,GLOBAL_BASELINE_NO_ENTITY_RANKING,,,NOT_APPLICABLE_GLOBAL_BASELINE,HF9g-P5,,,,X 全窗基线 · 不参与实体赏罚,14199457,1420,A168_HF9F_20260827_0900,2026-08-27 09:00:00
2026-06-20,57024343,1714,0,1722.4303492228,-43.0607587306,-43.0607587306,0.5000000,4,4,0.50329940000000000,0.503299400000,-0.01319788734859681,-0.01319788734859681,-0.01319788734859681,0E-17,ELIGIBLE,R03b_20260811_FULL_v1,L1_ELIGIBILITY,v2026-08-11,2026-03-21..2026-08-06,baccarat_bet02_101_all_pairs_incl_sentinel,round_win = game_pnl > 0 (decisive only),COMPATIBILITY_ONLY_NOT_PRODUCTION,4059548.3812,3680416.6879,6656.9809,9707,9692,-0.00163983,0.01249836,-0.00525961,-0.00163983,-6656.9809,4059548.3812,OK,0.0000,266.2792,4.0000,96.0000,AG03-UNRESOLVED,ALL5_LEVELS_bet23_to_bet27,266.2792,266.2792,266.2792,0.0000,0.0000,4.000000,4.000000,4.000000,0.000000,0.000000,96.000000,96.000000,96.000000,100.000000,100.000000,5.0,798.8377,767.3102,5858.1432,5889.6706,PENDING_AG03,FALSE,NOT_FOR_ENFORCEMENT,6390.7016,3533200.0204,6656.9809,6390.7016,266.2792,0.00163983,0.00157424,266.2792,6390.7016,0.00157424,266.2792,266.2792,266.2792,0.0000,0.0000,6390.7016,0.00157424,798.8377,767.3102,5858.1432,5889.6706,0.00144305,0.00145082,0.00006559,418.2083,379.7376,0.6869,61.6387,1.8384,37588.4109,89.7407,538.3845,395.5999,218.4789,430.6076,432.5446,432.5446,1046.441,1081.3617,427.0584,0.0,2.43015,2.511246,0.971205,30,216,96,2,0.20383968,0.00163983,-0.01249836,0E-8,0.000000,0.906607,0.000000,0.01775797,2026-03-22,2026-08-06,108,3621,2443,138,0.782609,1.360932,1.287360,0.679466,,,,,,,,GLOBAL_BASELINE_NO_ENTITY_RANKING,,,NOT_APPLICABLE_GLOBAL_BASELINE,HF9g-P5,,,,X 全窗基线 · 不参与实体赏罚,14199458,1420,A168_HF9F_20260827_0900,2026-08-27 09:00:00
2026-06-20,57024343,1966,0,861.2151746114,430.6075873057,430.6075873057,1.0000000,2,2,0.49994810000000000,0.499948100000,1.0001038053877793,1.0001038053877793,1.0001038053877793,0E-17,ELIGIBLE,R03b_20260811_FULL_v1,L1_ELIGIBILITY,v2026-08-11,2026-03-21..2026-08-06,baccarat_bet02_101_all_pairs_incl_sentinel,round_win = game_pnl > 0 (decisive only),COMPATIBILITY_ONLY_NOT_PRODUCTION,4059548.3812,3680416.6879,6656.9809,9707,9692,-0.00163983,0.01249836,-0.00525961,-0.00163983,-6656.9809,4059548.3812,OK,0.0000,266.2792,4.0000,96.0000,AG03-UNRESOLVED,ALL5_LEVELS_bet23_to_bet27,266.2792,266.2792,266.2792,0.0000,0.0000,4.000000,4.000000,4.000000,0.000000,0.000000,96.000000,96.000000,96.000000,100.000000,100.000000,5.0,798.8377,767.3102,5858.1432,5889.6706,PENDING_AG03,FALSE,NOT_FOR_ENFORCEMENT,6390.7016,3533200.0204,6656.9809,6390.7016,266.2792,0.00163983,0.00157424,266.2792,6390.7016,0.00157424,266.2792,266.2792,266.2792,0.0000,0.0000,6390.7016,0.00157424,798.8377,767.3102,5858.1432,5889.6706,0.00144305,0.00145082,0.00006559,418.2083,379.7376,0.6869,61.6387,1.8384,37588.4109,89.7407,538.3845,395.5999,218.4789,430.6076,432.5446,432.5446,1046.441,1081.3617,427.0584,0.0,2.43015,2.511246,0.971205,30,216,96,2,0.20383968,0.00163983,-0.01249836,0E-8,0.000000,0.906607,0.000000,0.01775797,2026-03-22,2026-08-06,108,3621,2443,138,0.782609,1.360932,1.287360,0.679466,,,,,,,,GLOBAL_BASELINE_NO_ENTITY_RANKING,,,NOT_APPLICABLE_GLOBAL_BASELINE,HF9g-P5,,,,X 全窗基线 · 不参与实体赏罚,14199459,1420,A168_HF9F_20260827_0900,2026-08-27 09:00:00
2026-06-20,57024343,1985,0,861.2151746114,409.0772079404,409.0772079404,1.0000000,2,2,0.50665070000000000,0.506650700000,0.9867858985152569,0.9867858985152569,0.9867858985152569,0E-17,ELIGIBLE,R03b_20260811_FULL_v1,L1_ELIGIBILITY,v2026-08-11,2026-03-21..2026-08-06,baccarat_bet02_101_all_pairs_incl_sentinel,round_win = game_pnl > 0 (decisive only),COMPATIBILITY_ONLY_NOT_PRODUCTION,4059548.3812,3680416.6879,6656.9809,9707,9692,-0.00163983,0.01249836,-0.00525961,-0.00163983,-6656.9809,4059548.3812,OK,0.0000,266.2792,4.0000,96.0000,AG03-UNRESOLVED,ALL5_LEVELS_bet23_to_bet27,266.2792,266.2792,266.2792,0.0000,0.0000,4.000000,4.000000,4.000000,0.000000,0.000000,96.000000,96.000000,96.000000,100.000000,100.000000,5.0,798.8377,767.3102,5858.1432,5889.6706,PENDING_AG03,FALSE,NOT_FOR_ENFORCEMENT,6390.7016,3533200.0204,6656.9809,6390.7016,266.2792,0.00163983,0.00157424,266.2792,6390.7016,0.00157424,266.2792,266.2792,266.2792,0.0000,0.0000,6390.7016,0.00157424,798.8377,767.3102,5858.1432,5889.6706,0.00144305,0.00145082,0.00006559,418.2083,379.7376,0.6869,61.6387,1.8384,37588.4109,89.7407,538.3845,395.5999,218.4789,430.6076,432.5446,432.5446,1046.441,1081.3617,427.0584,0.0,2.43015,2.511246,0.971205,30,216,96,2,0.20383968,0.00163983,-0.01249836,0E-8,0.000000,0.906607,0.000000,0.01775797,2026-03-22,2026-08-06,108,3621,2443,138,0.782609,1.360932,1.287360,0.679466,,,,,,,,GLOBAL_BASELINE_NO_ENTITY_RANKING,,,NOT_APPLICABLE_GLOBAL_BASELINE,HF9g-P5,,,,X 全窗基线 · 不参与实体赏罚,14199460,1420,A168_HF9F_20260827_0900,2026-08-27 09:00:00
2026-06-20,57024343,2103,0,2153.0379365285,-882.7455539767,-882.7455539767,0.2500000,5,5,0.50665070000000000,0.506650700000,-1.0266936290537745,-1.0266936290537745,-1.0266936290537745,0E-17,ELIGIBLE,R03b_20260811_FULL_v1,L1_ELIGIBILITY,v2026-08-11,2026-03-21..2026-08-06,baccarat_bet02_101_all_pairs_incl_sentinel,round_win = game_pnl > 0 (decisive only),COMPATIBILITY_ONLY_NOT_PRODUCTION,4059548.3812,3680416.6879,6656.9809,9707,9692,-0.00163983,0.01249836,-0.00525961,-0.00163983,-6656.9809,4059548.3812,OK,0.0000,266.2792,4.0000,96.0000,AG03-UNRESOLVED,ALL5_LEVELS_bet23_to_bet27,266.2792,266.2792,266.2792,0.0000,0.0000,4.000000,4.000000,4.000000,0.000000,0.000000,96.000000,96.000000,96.000000,100.000000,100.000000,5.0,798.8377,767.3102,5858.1432,5889.6706,PENDING_AG03,FALSE,NOT_FOR_ENFORCEMENT,6390.7016,3533200.0204,6656.9809,6390.7016,266.2792,0.00163983,0.00157424,266.2792,6390.7016,0.00157424,266.2792,266.2792,266.2792,0.0000,0.0000,6390.7016,0.00157424,798.8377,767.3102,5858.1432,5889.6706,0.00144305,0.00145082,0.00006559,418.2083,379.7376,0.6869,61.6387,1.8384,37588.4109,89.7407,538.3845,395.5999,218.4789,430.6076,432.5446,432.5446,1046.441,1081.3617,427.0584,0.0,2.43015,2.511246,0.971205,30,216,96,2,0.20383968,0.00163983,-0.01249836,0E-8,0.000000,0.906607,0.000000,0.01775797,2026-03-22,2026-08-06,108,3621,2443,138,0.782609,1.360932,1.287360,0.679466,,,,,,,,GLOBAL_BASELINE_NO_ENTITY_RANKING,,,NOT_APPLICABLE_GLOBAL_BASELINE,HF9g-P5,,,,X 全窗基线 · 不参与实体赏罚,14199461,1420,A168_HF9F_20260827_0900,2026-08-27 09:00:00
2026-06-20,57024343,2147,0,861.2151746114,-21.5303793653,-21.5303793653,0.5000000,2,2,0.50665070000000000,0.506650700000,-0.018812684590367487,-0.018812684590367487,-0.018812684590367487,0E-17,ELIGIBLE,R03b_20260811_FULL_v1,L1_ELIGIBILITY,v2026-08-11,2026-03-21..2026-08-06,baccarat_bet02_101_all_pairs_incl_sentinel,round_win = game_pnl > 0 (decisive only),COMPATIBILITY_ONLY_NOT_PRODUCTION,4059548.3812,3680416.6879,6656.9809,9707,9692,-0.00163983,0.01249836,-0.00525961,-0.00163983,-6656.9809,4059548.3812,OK,0.0000,266.2792,4.0000,96.0000,AG03-UNRESOLVED,ALL5_LEVELS_bet23_to_bet27,266.2792,266.2792,266.2792,0.0000,0.0000,4.000000,4.000000,4.000000,0.000000,0.000000,96.000000,96.000000,96.000000,100.000000,100.000000,5.0,798.8377,767.3102,5858.1432,5889.6706,PENDING_AG03,FALSE,NOT_FOR_ENFORCEMENT,6390.7016,3533200.0204,6656.9809,6390.7016,266.2792,0.00163983,0.00157424,266.2792,6390.7016,0.00157424,266.2792,266.2792,266.2792,0.0000,0.0000,6390.7016,0.00157424,798.8377,767.3102,5858.1432,5889.6706,0.00144305,0.00145082,0.00006559,418.2083,379.7376,0.6869,61.6387,1.8384,37588.4109,89.7407,538.3845,395.5999,218.4789,430.6076,432.5446,432.5446,1046.441,1081.3617,427.0584,0.0,2.43015,2.511246,0.971205,30,216,96,2,0.20383968,0.00163983,-0.01249836,0E-8,0.000000,0.906607,0.000000,0.01775797,2026-03-22,2026-08-06,108,3621,2443,138,0.782609,1.360932,1.287360,0.679466,,,,,,,,GLOBAL_BASELINE_NO_ENTITY_RANKING,,,NOT_APPLICABLE_GLOBAL_BASELINE,HF9g-P5,,,,X 全窗基线 · 不参与实体赏罚,14199462,1420,A168_HF9F_20260827_0900,2026-08-27 09:00:00
2026-06-20,57024343,2209,0,430.6075873057,0E-10,0E-10,,1,1,0.50665070000000000,0.506650700000,,,,0E-17,NO_DECISIVE_ROUND,R03b_20260811_FULL_v1,L1_ELIGIBILITY,v2026-08-11,2026-03-21..2026-08-06,baccarat_bet02_101_all_pairs_incl_sentinel,round_win = game_pnl > 0 (decisive only),COMPATIBILITY_ONLY_NOT_PRODUCTION,4059548.3812,3680416.6879,6656.9809,9707,9692,-0.00163983,0.01249836,-0.00525961,-0.00163983,-6656.9809,4059548.3812,OK,0.0000,266.2792,4.0000,96.0000,AG03-UNRESOLVED,ALL5_LEVELS_bet23_to_bet27,266.2792,266.2792,266.2792,0.0000,0.0000,4.000000,4.000000,4.000000,0.000000,0.000000,96.000000,96.000000,96.000000,100.000000,100.000000,5.0,798.8377,767.3102,5858.1432,5889.6706,PENDING_AG03,FALSE,NOT_FOR_ENFORCEMENT,6390.7016,3533200.0204,6656.9809,6390.7016,266.2792,0.00163983,0.00157424,266.2792,6390.7016,0.00157424,266.2792,266.2792,266.2792,0.0000,0.0000,6390.7016,0.00157424,798.8377,767.3102,5858.1432,5889.6706,0.00144305,0.00145082,0.00006559,418.2083,379.7376,0.6869,61.6387,1.8384,37588.4109,89.7407,538.3845,395.5999,218.4789,430.6076,432.5446,432.5446,1046.441,1081.3617,427.0584,0.0,2.43015,2.511246,0.971205,30,216,96,2,0.20383968,0.00163983,-0.01249836,0E-8,0.000000,0.906607,0.000000,0.01775797,2026-03-22,2026-08-06,108,3621,2443,138,0.782609,1.360932,1.287360,0.679466,,,,,,,,GLOBAL_BASELINE_NO_ENTITY_RANKING,,,NOT_APPLICABLE_GLOBAL_BASELINE,HF9g-P5,,,,X 全窗基线 · 不参与实体赏罚,14199463,1420,A168_HF9F_20260827_0900,2026-08-27 09:00:00
2026-06-20,57024343,2216,0,430.6075873057,0E-10,0E-10,,1,1,0.50665070000000000,0.506650700000,,,,0E-17,NO_DECISIVE_ROUND,R03b_20260811_FULL_v1,L1_ELIGIBILITY,v2026-08-11,2026-03-21..2026-08-06,baccarat_bet02_101_all_pairs_incl_sentinel,round_win = game_pnl > 0 (decisive only),COMPATIBILITY_ONLY_NOT_PRODUCTION,4059548.3812,3680416.6879,6656.9809,9707,9692,-0.00163983,0.01249836,-0.00525961,-0.00163983,-6656.9809,4059548.3812,OK,0.0000,266.2792,4.0000,96.0000,AG03-UNRESOLVED,ALL5_LEVELS_bet23_to_bet27,266.2792,266.2792,266.2792,0.0000,0.0000,4.000000,4.000000,4.000000,0.000000,0.000000,96.000000,96.000000,96.000000,100.000000,100.000000,5.0,798.8377,767.3102,5858.1432,5889.6706,PENDING_AG03,FALSE,NOT_FOR_ENFORCEMENT,6390.7016,3533200.0204,6656.9809,6390.7016,266.2792,0.00163983,0.00157424,266.2792,6390.7016,0.00157424,266.2792,266.2792,266.2792,0.0000,0.0000,6390.7016,0.00157424,798.8377,767.3102,5858.1432,5889.6706,0.00144305,0.00145082,0.00006559,418.2083,379.7376,0.6869,61.6387,1.8384,37588.4109,89.7407,538.3845,395.5999,218.4789,430.6076,432.5446,432.5446,1046.441,1081.3617,427.0584,0.0,2.43015,2.511246,0.971205,30,216,96,2,0.20383968,0.00163983,-0.01249836,0E-8,0.000000,0.906607,0.000000,0.01775797,2026-03-22,2026-08-06,108,3621,2443,138,0.782609,1.360932,1.287360,0.679466,,,,,,,,GLOBAL_BASELINE_NO_ENTITY_RANKING,,,NOT_APPLICABLE_GLOBAL_BASELINE,HF9g-P5,,,,X 全窗基线 · 不参与实体赏罚,14199464,1420,A168_HF9F_20260827_0900,2026-08-27 09:00:00
2026-06-20,57024343,2223,0,215.3037936528,-215.3037936528,-215.3037936528,0E-7,1,1,0.49324550000000000,0.493245500000,-0.9865810262130424,-0.9865810262130424,-0.9865810262130424,0E-17,ELIGIBLE,R03b_20260811_FULL_v1,L1_ELIGIBILITY,v2026-08-11,2026-03-21..2026-08-06,baccarat_bet02_101_all_pairs_incl_sentinel,round_win = game_pnl > 0 (decisive only),COMPATIBILITY_ONLY_NOT_PRODUCTION,4059548.3812,3680416.6879,6656.9809,9707,9692,-0.00163983,0.01249836,-0.00525961,-0.00163983,-6656.9809,4059548.3812,OK,0.0000,266.2792,4.0000,96.0000,AG03-UNRESOLVED,ALL5_LEVELS_bet23_to_bet27,266.2792,266.2792,266.2792,0.0000,0.0000,4.000000,4.000000,4.000000,0.000000,0.000000,96.000000,96.000000,96.000000,100.000000,100.000000,5.0,798.8377,767.3102,5858.1432,5889.6706,PENDING_AG03,FALSE,NOT_FOR_ENFORCEMENT,6390.7016,3533200.0204,6656.9809,6390.7016,266.2792,0.00163983,0.00157424,266.2792,6390.7016,0.00157424,266.2792,266.2792,266.2792,0.0000,0.0000,6390.7016,0.00157424,798.8377,767.3102,5858.1432,5889.6706,0.00144305,0.00145082,0.00006559,418.2083,379.7376,0.6869,61.6387,1.8384,37588.4109,89.7407,538.3845,395.5999,218.4789,430.6076,432.5446,432.5446,1046.441,1081.3617,427.0584,0.0,2.43015,2.511246,0.971205,30,216,96,2,0.20383968,0.00163983,-0.01249836,0E-8,0.000000,0.906607,0.000000,0.01775797,2026-03-22,2026-08-06,108,3621,2443,138,0.782609,1.360932,1.287360,0.679466,,,,,,,,GLOBAL_BASELINE_NO_ENTITY_RANKING,,,NOT_APPLICABLE_GLOBAL_BASELINE,HF9g-P5,,,,X 全窗基线 · 不参与实体赏罚,14199465,1420,A168_HF9F_20260827_0900,2026-08-27 09:00:00
2026-06-20,57024343,2242,0,430.6075873057,-430.6075873057,-430.6075873057,0E-7,1,1,0.50665070000000000,0.506650700000,-1.013391052207602,-1.013391052207602,-1.013391052207602,0E-17,ELIGIBLE,R03b_20260811_FULL_v1,L1_ELIGIBILITY,v2026-08-11,2026-03-21..2026-08-06,baccarat_bet02_101_all_pairs_incl_sentinel,round_win = game_pnl > 0 (decisive only),COMPATIBILITY_ONLY_NOT_PRODUCTION,4059548.3812,3680416.6879,6656.9809,9707,9692,-0.00163983,0.01249836,-0.00525961,-0.00163983,-6656.9809,4059548.3812,OK,0.0000,266.2792,4.0000,96.0000,AG03-UNRESOLVED,ALL5_LEVELS_bet23_to_bet27,266.2792,266.2792,266.2792,0.0000,0.0000,4.000000,4.000000,4.000000,0.000000,0.000000,96.000000,96.000000,96.000000,100.000000,100.000000,5.0,798.8377,767.3102,5858.1432,5889.6706,PENDING_AG03,FALSE,NOT_FOR_ENFORCEMENT,6390.7016,3533200.0204,6656.9809,6390.7016,266.2792,0.00163983,0.00157424,266.2792,6390.7016,0.00157424,266.2792,266.2792,266.2792,0.0000,0.0000,6390.7016,0.00157424,798.8377,767.3102,5858.1432,5889.6706,0.00144305,0.00145082,0.00006559,418.2083,379.7376,0.6869,61.6387,1.8384,37588.4109,89.7407,538.3845,395.5999,218.4789,430.6076,432.5446,432.5446,1046.441,1081.3617,427.0584,0.0,2.43015,2.511246,0.971205,30,216,96,2,0.20383968,0.00163983,-0.01249836,0E-8,0.000000,0.906607,0.000000,0.01775797,2026-03-22,2026-08-06,108,3621,2443,138,0.782609,1.360932,1.287360,0.679466,,,,,,,,GLOBAL_BASELINE_NO_ENTITY_RANKING,,,NOT_APPLICABLE_GLOBAL_BASELINE,HF9g-P5,,,,X 全窗基线 · 不参与实体赏罚,14199466,1420,A168_HF9F_20260827_0900,2026-08-27 09:00:00
2026-06-20,57024343,2272,0,861.2151746114,409.0772079404,409.0772079404,1.0000000,2,2,0.49994810000000000,0.499948100000,1.0001038053877793,1.0001038053877793,1.0001038053877793,0E-17,ELIGIBLE,R03b_20260811_FULL_v1,L1_ELIGIBILITY,v2026-08-11,2026-03-21..2026-08-06,baccarat_bet02_101_all_pairs_incl_sentinel,round_win = game_pnl > 0 (decisive only),COMPATIBILITY_ONLY_NOT_PRODUCTION,4059548.3812,3680416.6879,6656.9809,9707,9692,-0.00163983,0.01249836,-0.00525961,-0.00163983,-6656.9809,4059548.3812,OK,0.0000,266.2792,4.0000,96.0000,AG03-UNRESOLVED,ALL5_LEVELS_bet23_to_bet27,266.2792,266.2792,266.2792,0.0000,0.0000,4.000000,4.000000,4.000000,0.000000,0.000000,96.000000,96.000000,96.000000,100.000000,100.000000,5.0,798.8377,767.3102,5858.1432,5889.6706,PENDING_AG03,FALSE,NOT_FOR_ENFORCEMENT,6390.7016,3533200.0204,6656.9809,6390.7016,266.2792,0.00163983,0.00157424,266.2792,6390.7016,0.00157424,266.2792,266.2792,266.2792,0.0000,0.0000,6390.7016,0.00157424,798.8377,767.3102,5858.1432,5889.6706,0.00144305,0.00145082,0.00006559,418.2083,379.7376,0.6869,61.6387,1.8384,37588.4109,89.7407,538.3845,395.5999,218.4789,430.6076,432.5446,432.5446,1046.441,1081.3617,427.0584,0.0,2.43015,2.511246,0.971205,30,216,96,2,0.20383968,0.00163983,-0.01249836,0E-8,0.000000,0.906607,0.000000,0.01775797,2026-03-22,2026-08-06,108,3621,2443,138,0.782609,1.360932,1.287360,0.679466,,,,,,,,GLOBAL_BASELINE_NO_ENTITY_RANKING,,,NOT_APPLICABLE_GLOBAL_BASELINE,HF9g-P5,,,,X 全窗基线 · 不参与实体赏罚,14199467,1420,A168_HF9F_20260827_0900,2026-08-27 09:00:00
2026-06-20,57024343,2287,0,430.6075873057,409.0772079404,409.0772079404,1.0000000,1,1,0.50665070000000000,0.506650700000,0.9867858985152569,0.9867858985152569,0.9867858985152569,0E-17,ELIGIBLE,R03b_20260811_FULL_v1,L1_ELIGIBILITY,v2026-08-11,2026-03-21..2026-08-06,baccarat_bet02_101_all_pairs_incl_sentinel,round_win = game_pnl > 0 (decisive only),COMPATIBILITY_ONLY_NOT_PRODUCTION,4059548.3812,3680416.6879,6656.9809,9707,9692,-0.00163983,0.01249836,-0.00525961,-0.00163983,-6656.9809,4059548.3812,OK,0.0000,266.2792,4.0000,96.0000,AG03-UNRESOLVED,ALL5_LEVELS_bet23_to_bet27,266.2792,266.2792,266.2792,0.0000,0.0000,4.000000,4.000000,4.000000,0.000000,0.000000,96.000000,96.000000,96.000000,100.000000,100.000000,5.0,798.8377,767.3102,5858.1432,5889.6706,PENDING_AG03,FALSE,NOT_FOR_ENFORCEMENT,6390.7016,3533200.0204,6656.9809,6390.7016,266.2792,0.00163983,0.00157424,266.2792,6390.7016,0.00157424,266.2792,266.2792,266.2792,0.0000,0.0000,6390.7016,0.00157424,798.8377,767.3102,5858.1432,5889.6706,0.00144305,0.00145082,0.00006559,418.2083,379.7376,0.6869,61.6387,1.8384,37588.4109,89.7407,538.3845,395.5999,218.4789,430.6076,432.5446,432.5446,1046.441,1081.3617,427.0584,0.0,2.43015,2.511246,0.971205,30,216,96,2,0.20383968,0.00163983,-0.01249836,0E-8,0.000000,0.906607,0.000000,0.01775797,2026-03-22,2026-08-06,108,3621,2443,138,0.782609,1.360932,1.287360,0.679466,,,,,,,,GLOBAL_BASELINE_NO_ENTITY_RANKING,,,NOT_APPLICABLE_GLOBAL_BASELINE,HF9g-P5,,,,X 全窗基线 · 不参与实体赏罚,14199468,1420,A168_HF9F_20260827_0900,2026-08-27 09:00:00
2026-06-20,57024343,529,0,1722.4303492228,796.6240365155,796.6240365155,0.7500000,4,4,0.50329940000000000,0.503299400000,0.9868238854431842,0.9868238854431842,0.9868238854431842,0E-17,ELIGIBLE,R03b_20260811_FULL_v1,L1_ELIGIBILITY,v2026-08-11,2026-03-21..2026-08-06,baccarat_bet02_101_all_pairs_incl_sentinel,round_win = game_pnl > 0 (decisive only),COMPATIBILITY_ONLY_NOT_PRODUCTION,4059548.3812,3680416.6879,6656.9809,9707,9692,-0.00163983,0.01249836,-0.00525961,-0.00163983,-6656.9809,4059548.3812,OK,0.0000,266.2792,4.0000,96.0000,AG03-UNRESOLVED,ALL5_LEVELS_bet23_to_bet27,266.2792,266.2792,266.2792,0.0000,0.0000,4.000000,4.000000,4.000000,0.000000,0.000000,96.000000,96.000000,96.000000,100.000000,100.000000,5.0,798.8377,767.3102,5858.1432,5889.6706,PENDING_AG03,FALSE,NOT_FOR_ENFORCEMENT,6390.7016,3533200.0204,6656.9809,6390.7016,266.2792,0.00163983,0.00157424,266.2792,6390.7016,0.00157424,266.2792,266.2792,266.2792,0.0000,0.0000,6390.7016,0.00157424,798.8377,767.3102,5858.1432,5889.6706,0.00144305,0.00145082,0.00006559,418.2083,379.7376,0.6869,61.6387,1.8384,37588.4109,89.7407,538.3845,395.5999,218.4789,430.6076,432.5446,432.5446,1046.441,1081.3617,427.0584,0.0,2.43015,2.511246,0.971205,30,216,96,2,0.20383968,0.00163983,-0.01249836,0E-8,0.000000,0.906607,0.000000,0.01775797,2026-03-22,2026-08-06,108,3621,2443,138,0.782609,1.360932,1.287360,0.679466,,,,,,,,GLOBAL_BASELINE_NO_ENTITY_RANKING,,,NOT_APPLICABLE_GLOBAL_BASELINE,HF9g-P5,,,,X 全窗基线 · 不参与实体赏罚,14199469,1420,A168_HF9F_20260827_0900,2026-08-27 09:00:00
2026-06-20,57024343,763,0,861.2151746114,-861.2151746114,-861.2151746114,0E-7,2,2,0.50665070000000000,0.506650700000,-1.4331513700195317,-1.4331513700195317,-1.4331513700195317,0E-17,ELIGIBLE,R03b_20260811_FULL_v1,L1_ELIGIBILITY,v2026-08-11,2026-03-21..2026-08-06,baccarat_bet02_101_all_pairs_incl_sentinel,round_win = game_pnl > 0 (decisive only),COMPATIBILITY_ONLY_NOT_PRODUCTION,4059548.3812,3680416.6879,6656.9809,9707,9692,-0.00163983,0.01249836,-0.00525961,-0.00163983,-6656.9809,4059548.3812,OK,0.0000,266.2792,4.0000,96.0000,AG03-UNRESOLVED,ALL5_LEVELS_bet23_to_bet27,266.2792,266.2792,266.2792,0.0000,0.0000,4.000000,4.000000,4.000000,0.000000,0.000000,96.000000,96.000000,96.000000,100.000000,100.000000,5.0,798.8377,767.3102,5858.1432,5889.6706,PENDING_AG03,FALSE,NOT_FOR_ENFORCEMENT,6390.7016,3533200.0204,6656.9809,6390.7016,266.2792,0.00163983,0.00157424,266.2792,6390.7016,0.00157424,266.2792,266.2792,266.2792,0.0000,0.0000,6390.7016,0.00157424,798.8377,767.3102,5858.1432,5889.6706,0.00144305,0.00145082,0.00006559,418.2083,379.7376,0.6869,61.6387,1.8384,37588.4109,89.7407,538.3845,395.5999,218.4789,430.6076,432.5446,432.5446,1046.441,1081.3617,427.0584,0.0,2.43015,2.511246,0.971205,30,216,96,2,0.20383968,0.00163983,-0.01249836,0E-8,0.000000,0.906607,0.000000,0.01775797,2026-03-22,2026-08-06,108,3621,2443,138,0.782609,1.360932,1.287360,0.679466,,,,,,,,GLOBAL_BASELINE_NO_ENTITY_RANKING,,,NOT_APPLICABLE_GLOBAL_BASELINE,HF9g-P5,,,,X 全窗基线 · 不参与实体赏罚,14199470,1420,A168_HF9F_20260827_0900,2026-08-27 09:00:00
2026-06-22,57024343,-1,1,19592.6452224073,-936.5715023892,-936.5715023892,0.4918033,66,66,0.50340095454545455,0.503400954545,-0.18116567915688261,-0.18116567914978102,-0.18116567915688261,4.5455E-13,SENTINEL_DEALER,R03b_20260811_FULL_v1,L1_ELIGIBILITY,v2026-08-11,2026-03-21..2026-08-06,baccarat_bet02_101_all_pairs_incl_sentinel,round_win = game_pnl > 0 (decisive only),COMPATIBILITY_ONLY_NOT_PRODUCTION,4059548.3812,3680416.6879,6656.9809,9707,9692,-0.00163983,0.01249836,-0.00525961,-0.00163983,-6656.9809,4059548.3812,OK,0.0000,266.2792,4.0000,96.0000,AG03-UNRESOLVED,ALL5_LEVELS_bet23_to_bet27,266.2792,266.2792,266.2792,0.0000,0.0000,4.000000,4.000000,4.000000,0.000000,0.000000,96.000000,96.000000,96.000000,100.000000,100.000000,5.0,798.8377,767.3102,5858.1432,5889.6706,PENDING_AG03,FALSE,NOT_FOR_ENFORCEMENT,6390.7016,3533200.0204,6656.9809,6390.7016,266.2792,0.00163983,0.00157424,266.2792,6390.7016,0.00157424,266.2792,266.2792,266.2792,0.0000,0.0000,6390.7016,0.00157424,798.8377,767.3102,5858.1432,5889.6706,0.00144305,0.00145082,0.00006559,418.2083,379.7376,0.6869,61.6387,1.8384,37588.4109,89.7407,538.3845,395.5999,218.4789,430.6076,432.5446,432.5446,1046.441,1081.3617,427.0584,0.0,2.43015,2.511246,0.971205,30,216,96,2,0.20383968,0.00163983,-0.01249836,0E-8,0.000000,0.906607,0.000000,0.01775797,2026-03-22,2026-08-06,108,3621,2443,138,0.782609,1.360932,1.287360,0.679466,,,,,,,,GLOBAL_BASELINE_NO_ENTITY_RANKING,,,NOT_APPLICABLE_GLOBAL_BASELINE,HF9g-P5,,,,X 全窗基线 · 不参与实体赏罚,14199471,1420,A168_HF9F_20260827_0900,2026-08-27 09:00:00
2026-06-22,57024343,1004,0,1076.5189682641,-656.6765706411,-656.6765706411,0.2500000,4,4,0.50329940000000000,0.503299400000,-1.013219660140378,-1.013219660140378,-1.013219660140378,0E-17,ELIGIBLE,R03b_20260811_FULL_v1,L1_ELIGIBILITY,v2026-08-11,2026-03-21..2026-08-06,baccarat_bet02_101_all_pairs_incl_sentinel,round_win = game_pnl > 0 (decisive only),COMPATIBILITY_ONLY_NOT_PRODUCTION,4059548.3812,3680416.6879,6656.9809,9707,9692,-0.00163983,0.01249836,-0.00525961,-0.00163983,-6656.9809,4059548.3812,OK,0.0000,266.2792,4.0000,96.0000,AG03-UNRESOLVED,ALL5_LEVELS_bet23_to_bet27,266.2792,266.2792,266.2792,0.0000,0.0000,4.000000,4.000000,4.000000,0.000000,0.000000,96.000000,96.000000,96.000000,100.000000,100.000000,5.0,798.8377,767.3102,5858.1432,5889.6706,PENDING_AG03,FALSE,NOT_FOR_ENFORCEMENT,6390.7016,3533200.0204,6656.9809,6390.7016,266.2792,0.00163983,0.00157424,266.2792,6390.7016,0.00157424,266.2792,266.2792,266.2792,0.0000,0.0000,6390.7016,0.00157424,798.8377,767.3102,5858.1432,5889.6706,0.00144305,0.00145082,0.00006559,418.2083,379.7376,0.6869,61.6387,1.8384,37588.4109,89.7407,538.3845,395.5999,218.4789,430.6076,432.5446,432.5446,1046.441,1081.3617,427.0584,0.0,2.43015,2.511246,0.971205,30,216,96,2,0.20383968,0.00163983,-0.01249836,0E-8,0.000000,0.906607,0.000000,0.01775797,2026-03-22,2026-08-06,108,3621,2443,138,0.782609,1.360932,1.287360,0.679466,,,,,,,,GLOBAL_BASELINE_NO_ENTITY_RANKING,,,NOT_APPLICABLE_GLOBAL_BASELINE,HF9g-P5,,,,X 全窗基线 · 不参与实体赏罚,14199472,1420,A168_HF9F_20260827_0900,2026-08-27 09:00:00
2026-06-22,57024343,1094,0,645.9113809584,-226.0689833354,-226.0689833354,0.3333333,3,3,0.50665070000000000,0.506650700000,-0.6004420894325239,-0.6004420894325239,-0.6004420894325239,0E-17,ELIGIBLE,R03b_20260811_FULL_v1,L1_ELIGIBILITY,v2026-08-11,2026-03-21..2026-08-06,baccarat_bet02_101_all_pairs_incl_sentinel,round_win = game_pnl > 0 (decisive only),COMPATIBILITY_ONLY_NOT_PRODUCTION,4059548.3812,3680416.6879,6656.9809,9707,9692,-0.00163983,0.01249836,-0.00525961,-0.00163983,-6656.9809,4059548.3812,OK,0.0000,266.2792,4.0000,96.0000,AG03-UNRESOLVED,ALL5_LEVELS_bet23_to_bet27,266.2792,266.2792,266.2792,0.0000,0.0000,4.000000,4.000000,4.000000,0.000000,0.000000,96.000000,96.000000,96.000000,100.000000,100.000000,5.0,798.8377,767.3102,5858.1432,5889.6706,PENDING_AG03,FALSE,NOT_FOR_ENFORCEMENT,6390.7016,3533200.0204,6656.9809,6390.7016,266.2792,0.00163983,0.00157424,266.2792,6390.7016,0.00157424,266.2792,266.2792,266.2792,0.0000,0.0000,6390.7016,0.00157424,798.8377,767.3102,5858.1432,5889.6706,0.00144305,0.00145082,0.00006559,418.2083,379.7376,0.6869,61.6387,1.8384,37588.4109,89.7407,538.3845,395.5999,218.4789,430.6076,432.5446,432.5446,1046.441,1081.3617,427.0584,0.0,2.43015,2.511246,0.971205,30,216,96,2,0.20383968,0.00163983,-0.01249836,0E-8,0.000000,0.906607,0.000000,0.01775797,2026-03-22,2026-08-06,108,3621,2443,138,0.782609,1.360932,1.287360,0.679466,,,,,,,,GLOBAL_BASELINE_NO_ENTITY_RANKING,,,NOT_APPLICABLE_GLOBAL_BASELINE,HF9g-P5,,,,X 全窗基线 · 不参与实体赏罚,14199473,1420,A168_HF9F_20260827_0900,2026-08-27 09:00:00
2026-06-22,57024343,1205,0,215.3037936528,215.3037936528,215.3037936528,1.0000000,1,1,0.49324550000000000,0.493245500000,1.01360149184955,1.01360149184955,1.01360149184955,0E-17,ELIGIBLE,R03b_20260811_FULL_v1,L1_ELIGIBILITY,v2026-08-11,2026-03-21..2026-08-06,baccarat_bet02_101_all_pairs_incl_sentinel,round_win = game_pnl > 0 (decisive only),COMPATIBILITY_ONLY_NOT_PRODUCTION,4059548.3812,3680416.6879,6656.9809,9707,9692,-0.00163983,0.01249836,-0.00525961,-0.00163983,-6656.9809,4059548.3812,OK,0.0000,266.2792,4.0000,96.0000,AG03-UNRESOLVED,ALL5_LEVELS_bet23_to_bet27,266.2792,266.2792,266.2792,0.0000,0.0000,4.000000,4.000000,4.000000,0.000000,0.000000,96.000000,96.000000,96.000000,100.000000,100.000000,5.0,798.8377,767.3102,5858.1432,5889.6706,PENDING_AG03,FALSE,NOT_FOR_ENFORCEMENT,6390.7016,3533200.0204,6656.9809,6390.7016,266.2792,0.00163983,0.00157424,266.2792,6390.7016,0.00157424,266.2792,266.2792,266.2792,0.0000,0.0000,6390.7016,0.00157424,798.8377,767.3102,5858.1432,5889.6706,0.00144305,0.00145082,0.00006559,418.2083,379.7376,0.6869,61.6387,1.8384,37588.4109,89.7407,538.3845,395.5999,218.4789,430.6076,432.5446,432.5446,1046.441,1081.3617,427.0584,0.0,2.43015,2.511246,0.971205,30,216,96,2,0.20383968,0.00163983,-0.01249836,0E-8,0.000000,0.906607,0.000000,0.01775797,2026-03-22,2026-08-06,108,3621,2443,138,0.782609,1.360932,1.287360,0.679466,,,,,,,,GLOBAL_BASELINE_NO_ENTITY_RANKING,,,NOT_APPLICABLE_GLOBAL_BASELINE,HF9g-P5,,,,X 全窗基线 · 不参与实体赏罚,14199474,1420,A168_HF9F_20260827_0900,2026-08-27 09:00:00
2026-06-22,57024343,1302,0,1507.1265555698,1431.7702277914,1431.7702277914,1.0000000,5,5,0.50665070000000000,0.506650700000,2.2065203483183233,2.2065203483183233,2.2065203483183233,0E-17,ELIGIBLE,R03b_20260811_FULL_v1,L1_ELIGIBILITY,v2026-08-11,2026-03-21..2026-08-06,baccarat_bet02_101_all_pairs_incl_sentinel,round_win = game_pnl > 0 (decisive only),COMPATIBILITY_ONLY_NOT_PRODUCTION,4059548.3812,3680416.6879,6656.9809,9707,9692,-0.00163983,0.01249836,-0.00525961,-0.00163983,-6656.9809,4059548.3812,OK,0.0000,266.2792,4.0000,96.0000,AG03-UNRESOLVED,ALL5_LEVELS_bet23_to_bet27,266.2792,266.2792,266.2792,0.0000,0.0000,4.000000,4.000000,4.000000,0.000000,0.000000,96.000000,96.000000,96.000000,100.000000,100.000000,5.0,798.8377,767.3102,5858.1432,5889.6706,PENDING_AG03,FALSE,NOT_FOR_ENFORCEMENT,6390.7016,3533200.0204,6656.9809,6390.7016,266.2792,0.00163983,0.00157424,266.2792,6390.7016,0.00157424,266.2792,266.2792,266.2792,0.0000,0.0000,6390.7016,0.00157424,798.8377,767.3102,5858.1432,5889.6706,0.00144305,0.00145082,0.00006559,418.2083,379.7376,0.6869,61.6387,1.8384,37588.4109,89.7407,538.3845,395.5999,218.4789,430.6076,432.5446,432.5446,1046.441,1081.3617,427.0584,0.0,2.43015,2.511246,0.971205,30,216,96,2,0.20383968,0.00163983,-0.01249836,0E-8,0.000000,0.906607,0.000000,0.01775797,2026-03-22,2026-08-06,108,3621,2443,138,0.782609,1.360932,1.287360,0.679466,,,,,,,,GLOBAL_BASELINE_NO_ENTITY_RANKING,,,NOT_APPLICABLE_GLOBAL_BASELINE,HF9g-P5,,,,X 全窗基线 · 不参与实体赏罚,14199475,1420,A168_HF9F_20260827_0900,2026-08-27 09:00:00
2026-06-22,57024343,1307,0,1507.1265555699,592.0854325453,592.0854325453,0.7500000,4,4,0.50665070000000000,0.506650700000,0.9734833216690844,0.9734833216690844,0.9734833216690844,0E-17,ELIGIBLE,R03b_20260811_FULL_v1,L1_ELIGIBILITY,v2026-08-11,2026-03-21..2026-08-06,baccarat_bet02_101_all_pairs_incl_sentinel,round_win = game_pnl > 0 (decisive only),COMPATIBILITY_ONLY_NOT_PRODUCTION,4059548.3812,3680416.6879,6656.9809,9707,9692,-0.00163983,0.01249836,-0.00525961,-0.00163983,-6656.9809,4059548.3812,OK,0.0000,266.2792,4.0000,96.0000,AG03-UNRESOLVED,ALL5_LEVELS_bet23_to_bet27,266.2792,266.2792,266.2792,0.0000,0.0000,4.000000,4.000000,4.000000,0.000000,0.000000,96.000000,96.000000,96.000000,100.000000,100.000000,5.0,798.8377,767.3102,5858.1432,5889.6706,PENDING_AG03,FALSE,NOT_FOR_ENFORCEMENT,6390.7016,3533200.0204,6656.9809,6390.7016,266.2792,0.00163983,0.00157424,266.2792,6390.7016,0.00157424,266.2792,266.2792,266.2792,0.0000,0.0000,6390.7016,0.00157424,798.8377,767.3102,5858.1432,5889.6706,0.00144305,0.00145082,0.00006559,418.2083,379.7376,0.6869,61.6387,1.8384,37588.4109,89.7407,538.3845,395.5999,218.4789,430.6076,432.5446,432.5446,1046.441,1081.3617,427.0584,0.0,2.43015,2.511246,0.971205,30,216,96,2,0.20383968,0.00163983,-0.01249836,0E-8,0.000000,0.906607,0.000000,0.01775797,2026-03-22,2026-08-06,108,3621,2443,138,0.782609,1.360932,1.287360,0.679466,,,,,,,,GLOBAL_BASELINE_NO_ENTITY_RANKING,,,NOT_APPLICABLE_GLOBAL_BASELINE,HF9g-P5,,,,X 全窗基线 · 不参与实体赏罚,14199476,1420,A168_HF9F_20260827_0900,2026-08-27 09:00:00
2026-06-22,57024343,1325,0,1507.1265555697,-236.8341730181,-236.8341730181,0.5000000,6,6,0.50665070000000000,0.506650700000,-0.02660515369234503,-0.02660515369234503,-0.02660515369234503,0E-17,ELIGIBLE,R03b_20260811_FULL_v1,L1_ELIGIBILITY,v2026-08-11,2026-03-21..2026-08-06,baccarat_bet02_101_all_pairs_incl_sentinel,round_win = game_pnl > 0 (decisive only),COMPATIBILITY_ONLY_NOT_PRODUCTION,4059548.3812,3680416.6879,6656.9809,9707,9692,-0.00163983,0.01249836,-0.00525961,-0.00163983,-6656.9809,4059548.3812,OK,0.0000,266.2792,4.0000,96.0000,AG03-UNRESOLVED,ALL5_LEVELS_bet23_to_bet27,266.2792,266.2792,266.2792,0.0000,0.0000,4.000000,4.000000,4.000000,0.000000,0.000000,96.000000,96.000000,96.000000,100.000000,100.000000,5.0,798.8377,767.3102,5858.1432,5889.6706,PENDING_AG03,FALSE,NOT_FOR_ENFORCEMENT,6390.7016,3533200.0204,6656.9809,6390.7016,266.2792,0.00163983,0.00157424,266.2792,6390.7016,0.00157424,266.2792,266.2792,266.2792,0.0000,0.0000,6390.7016,0.00157424,798.8377,767.3102,5858.1432,5889.6706,0.00144305,0.00145082,0.00006559,418.2083,379.7376,0.6869,61.6387,1.8384,37588.4109,89.7407,538.3845,395.5999,218.4789,430.6076,432.5446,432.5446,1046.441,1081.3617,427.0584,0.0,2.43015,2.511246,0.971205,30,216,96,2,0.20383968,0.00163983,-0.01249836,0E-8,0.000000,0.906607,0.000000,0.01775797,2026-03-22,2026-08-06,108,3621,2443,138,0.782609,1.360932,1.287360,0.679466,,,,,,,,GLOBAL_BASELINE_NO_ENTITY_RANKING,,,NOT_APPLICABLE_GLOBAL_BASELINE,HF9g-P5,,,,X 全窗基线 · 不参与实体赏罚,14199477,1420,A168_HF9F_20260827_0900,2026-08-27 09:00:00
2026-06-22,57024343,1353,0,1076.5189682642,-21.5303793653,-21.5303793653,0.5000000,3,3,0.50218230000000000,0.502182300000,-0.00617253530718887,-0.00617253530718887,-0.00617253530718887,0E-17,ELIGIBLE,R03b_20260811_FULL_v1,L1_ELIGIBILITY,v2026-08-11,2026-03-21..2026-08-06,baccarat_bet02_101_all_pairs_incl_sentinel,round_win = game_pnl > 0 (decisive only),COMPATIBILITY_ONLY_NOT_PRODUCTION,4059548.3812,3680416.6879,6656.9809,9707,9692,-0.00163983,0.01249836,-0.00525961,-0.00163983,-6656.9809,4059548.3812,OK,0.0000,266.2792,4.0000,96.0000,AG03-UNRESOLVED,ALL5_LEVELS_bet23_to_bet27,266.2792,266.2792,266.2792,0.0000,0.0000,4.000000,4.000000,4.000000,0.000000,0.000000,96.000000,96.000000,96.000000,100.000000,100.000000,5.0,798.8377,767.3102,5858.1432,5889.6706,PENDING_AG03,FALSE,NOT_FOR_ENFORCEMENT,6390.7016,3533200.0204,6656.9809,6390.7016,266.2792,0.00163983,0.00157424,266.2792,6390.7016,0.00157424,266.2792,266.2792,266.2792,0.0000,0.0000,6390.7016,0.00157424,798.8377,767.3102,5858.1432,5889.6706,0.00144305,0.00145082,0.00006559,418.2083,379.7376,0.6869,61.6387,1.8384,37588.4109,89.7407,538.3845,395.5999,218.4789,430.6076,432.5446,432.5446,1046.441,1081.3617,427.0584,0.0,2.43015,2.511246,0.971205,30,216,96,2,0.20383968,0.00163983,-0.01249836,0E-8,0.000000,0.906607,0.000000,0.01775797,2026-03-22,2026-08-06,108,3621,2443,138,0.782609,1.360932,1.287360,0.679466,,,,,,,,GLOBAL_BASELINE_NO_ENTITY_RANKING,,,NOT_APPLICABLE_GLOBAL_BASELINE,HF9g-P5,,,,X 全窗基线 · 不参与实体赏罚,14199478,1420,A168_HF9F_20260827_0900,2026-08-27 09:00:00
2026-06-22,57024343,1382,0,1291.8227619169,387.5468285752,387.5468285752,0.6000000,5,5,0.50665070000000000,0.506650700000,0.4175076967804994,0.4175076967804994,0.4175076967804994,0E-17,ELIGIBLE,R03b_20260811_FULL_v1,L1_ELIGIBILITY,v2026-08-11,2026-03-21..2026-08-06,baccarat_bet02_101_all_pairs_incl_sentinel,round_win = game_pnl > 0 (decisive only),COMPATIBILITY_ONLY_NOT_PRODUCTION,4059548.3812,3680416.6879,6656.9809,9707,9692,-0.00163983,0.01249836,-0.00525961,-0.00163983,-6656.9809,4059548.3812,OK,0.0000,266.2792,4.0000,96.0000,AG03-UNRESOLVED,ALL5_LEVELS_bet23_to_bet27,266.2792,266.2792,266.2792,0.0000,0.0000,4.000000,4.000000,4.000000,0.000000,0.000000,96.000000,96.000000,96.000000,100.000000,100.000000,5.0,798.8377,767.3102,5858.1432,5889.6706,PENDING_AG03,FALSE,NOT_FOR_ENFORCEMENT,6390.7016,3533200.0204,6656.9809,6390.7016,266.2792,0.00163983,0.00157424,266.2792,6390.7016,0.00157424,266.2792,266.2792,266.2792,0.0000,0.0000,6390.7016,0.00157424,798.8377,767.3102,5858.1432,5889.6706,0.00144305,0.00145082,0.00006559,418.2083,379.7376,0.6869,61.6387,1.8384,37588.4109,89.7407,538.3845,395.5999,218.4789,430.6076,432.5446,432.5446,1046.441,1081.3617,427.0584,0.0,2.43015,2.511246,0.971205,30,216,96,2,0.20383968,0.00163983,-0.01249836,0E-8,0.000000,0.906607,0.000000,0.01775797,2026-03-22,2026-08-06,108,3621,2443,138,0.782609,1.360932,1.287360,0.679466,,,,,,,,GLOBAL_BASELINE_NO_ENTITY_RANKING,,,NOT_APPLICABLE_GLOBAL_BASELINE,HF9g-P5,,,,X 全窗基线 · 不参与实体赏罚,14199479,1420,A168_HF9F_20260827_0900,2026-08-27 09:00:00
2026-06-22,57024343,1399,0,645.9113809585,-645.9113809585,-645.9113809585,0E-7,2,2,0.50665070000000000,0.506650700000,-1.4331513700195317,-1.4331513700195317,-1.4331513700195317,0E-17,ELIGIBLE,R03b_20260811_FULL_v1,L1_ELIGIBILITY,v2026-08-11,2026-03-21..2026-08-06,baccarat_bet02_101_all_pairs_incl_sentinel,round_win = game_pnl > 0 (decisive only),COMPATIBILITY_ONLY_NOT_PRODUCTION,4059548.3812,3680416.6879,6656.9809,9707,9692,-0.00163983,0.01249836,-0.00525961,-0.00163983,-6656.9809,4059548.3812,OK,0.0000,266.2792,4.0000,96.0000,AG03-UNRESOLVED,ALL5_LEVELS_bet23_to_bet27,266.2792,266.2792,266.2792,0.0000,0.0000,4.000000,4.000000,4.000000,0.000000,0.000000,96.000000,96.000000,96.000000,100.000000,100.000000,5.0,798.8377,767.3102,5858.1432,5889.6706,PENDING_AG03,FALSE,NOT_FOR_ENFORCEMENT,6390.7016,3533200.0204,6656.9809,6390.7016,266.2792,0.00163983,0.00157424,266.2792,6390.7016,0.00157424,266.2792,266.2792,266.2792,0.0000,0.0000,6390.7016,0.00157424,798.8377,767.3102,5858.1432,5889.6706,0.00144305,0.00145082,0.00006559,418.2083,379.7376,0.6869,61.6387,1.8384,37588.4109,89.7407,538.3845,395.5999,218.4789,430.6076,432.5446,432.5446,1046.441,1081.3617,427.0584,0.0,2.43015,2.511246,0.971205,30,216,96,2,0.20383968,0.00163983,-0.01249836,0E-8,0.000000,0.906607,0.000000,0.01775797,2026-03-22,2026-08-06,108,3621,2443,138,0.782609,1.360932,1.287360,0.679466,,,,,,,,GLOBAL_BASELINE_NO_ENTITY_RANKING,,,NOT_APPLICABLE_GLOBAL_BASELINE,HF9g-P5,,,,X 全窗基线 · 不参与实体赏罚,14199480,1420,A168_HF9F_20260827_0900,2026-08-27 09:00:00
2026-06-22,57024343,1401,0,1507.1265555697,-1087.2841579467,-1087.2841579467,0.1666667,6,6,0.50441650000000000,0.504416500000,-1.6546940571906357,-1.6546940571906357,-1.6546940571906357,0E-17,ELIGIBLE,R03b_20260811_FULL_v1,L1_ELIGIBILITY,v2026-08-11,2026-03-21..2026-08-06,baccarat_bet02_101_all_pairs_incl_sentinel,round_win = game_pnl > 0 (decisive only),COMPATIBILITY_ONLY_NOT_PRODUCTION,4059548.3812,3680416.6879,6656.9809,9707,9692,-0.00163983,0.01249836,-0.00525961,-0.00163983,-6656.9809,4059548.3812,OK,0.0000,266.2792,4.0000,96.0000,AG03-UNRESOLVED,ALL5_LEVELS_bet23_to_bet27,266.2792,266.2792,266.2792,0.0000,0.0000,4.000000,4.000000,4.000000,0.000000,0.000000,96.000000,96.000000,96.000000,100.000000,100.000000,5.0,798.8377,767.3102,5858.1432,5889.6706,PENDING_AG03,FALSE,NOT_FOR_ENFORCEMENT,6390.7016,3533200.0204,6656.9809,6390.7016,266.2792,0.00163983,0.00157424,266.2792,6390.7016,0.00157424,266.2792,266.2792,266.2792,0.0000,0.0000,6390.7016,0.00157424,798.8377,767.3102,5858.1432,5889.6706,0.00144305,0.00145082,0.00006559,418.2083,379.7376,0.6869,61.6387,1.8384,37588.4109,89.7407,538.3845,395.5999,218.4789,430.6076,432.5446,432.5446,1046.441,1081.3617,427.0584,0.0,2.43015,2.511246,0.971205,30,216,96,2,0.20383968,0.00163983,-0.01249836,0E-8,0.000000,0.906607,0.000000,0.01775797,2026-03-22,2026-08-06,108,3621,2443,138,0.782609,1.360932,1.287360,0.679466,,,,,,,,GLOBAL_BASELINE_NO_ENTITY_RANKING,,,NOT_APPLICABLE_GLOBAL_BASELINE,HF9g-P5,,,,X 全窗基线 · 不参与实体赏罚,14199481,1420,A168_HF9F_20260827_0900,2026-08-27 09:00:00
2026-06-22,57024343,1405,0,215.3037936528,204.5386039702,204.5386039702,1.0000000,1,1,0.50665070000000000,0.506650700000,0.9867858985152569,0.9867858985152569,0.9867858985152569,0E-17,ELIGIBLE,R03b_20260811_FULL_v1,L1_ELIGIBILITY,v2026-08-11,2026-03-21..2026-08-06,baccarat_bet02_101_all_pairs_incl_sentinel,round_win = game_pnl > 0 (decisive only),COMPATIBILITY_ONLY_NOT_PRODUCTION,4059548.3812,3680416.6879,6656.9809,9707,9692,-0.00163983,0.01249836,-0.00525961,-0.00163983,-6656.9809,4059548.3812,OK,0.0000,266.2792,4.0000,96.0000,AG03-UNRESOLVED,ALL5_LEVELS_bet23_to_bet27,266.2792,266.2792,266.2792,0.0000,0.0000,4.000000,4.000000,4.000000,0.000000,0.000000,96.000000,96.000000,96.000000,100.000000,100.000000,5.0,798.8377,767.3102,5858.1432,5889.6706,PENDING_AG03,FALSE,NOT_FOR_ENFORCEMENT,6390.7016,3533200.0204,6656.9809,6390.7016,266.2792,0.00163983,0.00157424,266.2792,6390.7016,0.00157424,266.2792,266.2792,266.2792,0.0000,0.0000,6390.7016,0.00157424,798.8377,767.3102,5858.1432,5889.6706,0.00144305,0.00145082,0.00006559,418.2083,379.7376,0.6869,61.6387,1.8384,37588.4109,89.7407,538.3845,395.5999,218.4789,430.6076,432.5446,432.5446,1046.441,1081.3617,427.0584,0.0,2.43015,2.511246,0.971205,30,216,96,2,0.20383968,0.00163983,-0.01249836,0E-8,0.000000,0.906607,0.000000,0.01775797,2026-03-22,2026-08-06,108,3621,2443,138,0.782609,1.360932,1.287360,0.679466,,,,,,,,GLOBAL_BASELINE_NO_ENTITY_RANKING,,,NOT_APPLICABLE_GLOBAL_BASELINE,HF9g-P5,,,,X 全窗基线 · 不参与实体赏罚,14199482,1420,A168_HF9F_20260827_0900,2026-08-27 09:00:00
2026-06-22,57024343,1654,0,430.6075873056,-10.7651896826,-10.7651896826,0.5000000,2,2,0.50665070000000000,0.506650700000,-0.018812684590367487,-0.018812684590367487,-0.018812684590367487,0E-17,ELIGIBLE,R03b_20260811_FULL_v1,L1_ELIGIBILITY,v2026-08-11,2026-03-21..2026-08-06,baccarat_bet02_101_all_pairs_incl_sentinel,round_win = game_pnl > 0 (decisive only),COMPATIBILITY_ONLY_NOT_PRODUCTION,4059548.3812,3680416.6879,6656.9809,9707,9692,-0.00163983,0.01249836,-0.00525961,-0.00163983,-6656.9809,4059548.3812,OK,0.0000,266.2792,4.0000,96.0000,AG03-UNRESOLVED,ALL5_LEVELS_bet23_to_bet27,266.2792,266.2792,266.2792,0.0000,0.0000,4.000000,4.000000,4.000000,0.000000,0.000000,96.000000,96.000000,96.000000,100.000000,100.000000,5.0,798.8377,767.3102,5858.1432,5889.6706,PENDING_AG03,FALSE,NOT_FOR_ENFORCEMENT,6390.7016,3533200.0204,6656.9809,6390.7016,266.2792,0.00163983,0.00157424,266.2792,6390.7016,0.00157424,266.2792,266.2792,266.2792,0.0000,0.0000,6390.7016,0.00157424,798.8377,767.3102,5858.1432,5889.6706,0.00144305,0.00145082,0.00006559,418.2083,379.7376,0.6869,61.6387,1.8384,37588.4109,89.7407,538.3845,395.5999,218.4789,430.6076,432.5446,432.5446,1046.441,1081.3617,427.0584,0.0,2.43015,2.511246,0.971205,30,216,96,2,0.20383968,0.00163983,-0.01249836,0E-8,0.000000,0.906607,0.000000,0.01775797,2026-03-22,2026-08-06,108,3621,2443,138,0.782609,1.360932,1.287360,0.679466,,,,,,,,GLOBAL_BASELINE_NO_ENTITY_RANKING,,,NOT_APPLICABLE_GLOBAL_BASELINE,HF9g-P5,,,,X 全窗基线 · 不参与实体赏罚,14199483,1420,A168_HF9F_20260827_0900,2026-08-27 09:00:00
2026-06-22,57024343,1704,0,645.9113809585,-226.0689833355,-226.0689833355,0.5000000,2,2,0.50665070000000000,0.506650700000,-0.018812684590367487,-0.018812684590367487,-0.018812684590367487,0E-17,ELIGIBLE,R03b_20260811_FULL_v1,L1_ELIGIBILITY,v2026-08-11,2026-03-21..2026-08-06,baccarat_bet02_101_all_pairs_incl_sentinel,round_win = game_pnl > 0 (decisive only),COMPATIBILITY_ONLY_NOT_PRODUCTION,4059548.3812,3680416.6879,6656.9809,9707,9692,-0.00163983,0.01249836,-0.00525961,-0.00163983,-6656.9809,4059548.3812,OK,0.0000,266.2792,4.0000,96.0000,AG03-UNRESOLVED,ALL5_LEVELS_bet23_to_bet27,266.2792,266.2792,266.2792,0.0000,0.0000,4.000000,4.000000,4.000000,0.000000,0.000000,96.000000,96.000000,96.000000,100.000000,100.000000,5.0,798.8377,767.3102,5858.1432,5889.6706,PENDING_AG03,FALSE,NOT_FOR_ENFORCEMENT,6390.7016,3533200.0204,6656.9809,6390.7016,266.2792,0.00163983,0.00157424,266.2792,6390.7016,0.00157424,266.2792,266.2792,266.2792,0.0000,0.0000,6390.7016,0.00157424,798.8377,767.3102,5858.1432,5889.6706,0.00144305,0.00145082,0.00006559,418.2083,379.7376,0.6869,61.6387,1.8384,37588.4109,89.7407,538.3845,395.5999,218.4789,430.6076,432.5446,432.5446,1046.441,1081.3617,427.0584,0.0,2.43015,2.511246,0.971205,30,216,96,2,0.20383968,0.00163983,-0.01249836,0E-8,0.000000,0.906607,0.000000,0.01775797,2026-03-22,2026-08-06,108,3621,2443,138,0.782609,1.360932,1.287360,0.679466,,,,,,,,GLOBAL_BASELINE_NO_ENTITY_RANKING,,,NOT_APPLICABLE_GLOBAL_BASELINE,HF9g-P5,,,,X 全窗基线 · 不参与实体赏罚,14199484,1420,A168_HF9F_20260827_0900,2026-08-27 09:00:00
2026-06-22,57024343,1940,0,645.9113809585,215.3037936529,215.3037936529,0.5000000,2,2,0.49994810000000000,0.499948100000,0.00014679536856514622,0.00014679536856514622,0.00014679536856514622,0E-17,ELIGIBLE,R03b_20260811_FULL_v1,L1_ELIGIBILITY,v2026-08-11,2026-03-21..2026-08-06,baccarat_bet02_101_all_pairs_incl_sentinel,round_win = game_pnl > 0 (decisive only),COMPATIBILITY_ONLY_NOT_PRODUCTION,4059548.3812,3680416.6879,6656.9809,9707,9692,-0.00163983,0.01249836,-0.00525961,-0.00163983,-6656.9809,4059548.3812,OK,0.0000,266.2792,4.0000,96.0000,AG03-UNRESOLVED,ALL5_LEVELS_bet23_to_bet27,266.2792,266.2792,266.2792,0.0000,0.0000,4.000000,4.000000,4.000000,0.000000,0.000000,96.000000,96.000000,96.000000,100.000000,100.000000,5.0,798.8377,767.3102,5858.1432,5889.6706,PENDING_AG03,FALSE,NOT_FOR_ENFORCEMENT,6390.7016,3533200.0204,6656.9809,6390.7016,266.2792,0.00163983,0.00157424,266.2792,6390.7016,0.00157424,266.2792,266.2792,266.2792,0.0000,0.0000,6390.7016,0.00157424,798.8377,767.3102,5858.1432,5889.6706,0.00144305,0.00145082,0.00006559,418.2083,379.7376,0.6869,61.6387,1.8384,37588.4109,89.7407,538.3845,395.5999,218.4789,430.6076,432.5446,432.5446,1046.441,1081.3617,427.0584,0.0,2.43015,2.511246,0.971205,30,216,96,2,0.20383968,0.00163983,-0.01249836,0E-8,0.000000,0.906607,0.000000,0.01775797,2026-03-22,2026-08-06,108,3621,2443,138,0.782609,1.360932,1.287360,0.679466,,,,,,,,GLOBAL_BASELINE_NO_ENTITY_RANKING,,,NOT_APPLICABLE_GLOBAL_BASELINE,HF9g-P5,,,,X 全窗基线 · 不参与实体赏罚,14199485,1420,A168_HF9F_20260827_0900,2026-08-27 09:00:00
2026-06-22,57024343,1957,0,1507.1265555696,-32.2955690478,-32.2955690478,0.5000000,7,7,0.50665070000000000,0.506650700000,-0.032584525537284574,-0.032584525537284574,-0.032584525537284574,0E-17,ELIGIBLE,R03b_20260811_FULL_v1,L1_ELIGIBILITY,v2026-08-11,2026-03-21..2026-08-06,baccarat_bet02_101_all_pairs_incl_sentinel,round_win = game_pnl > 0 (decisive only),COMPATIBILITY_ONLY_NOT_PRODUCTION,4059548.3812,3680416.6879,6656.9809,9707,9692,-0.00163983,0.01249836,-0.00525961,-0.00163983,-6656.9809,4059548.3812,OK,0.0000,266.2792,4.0000,96.0000,AG03-UNRESOLVED,ALL5_LEVELS_bet23_to_bet27,266.2792,266.2792,266.2792,0.0000,0.0000,4.000000,4.000000,4.000000,0.000000,0.000000,96.000000,96.000000,96.000000,100.000000,100.000000,5.0,798.8377,767.3102,5858.1432,5889.6706,PENDING_AG03,FALSE,NOT_FOR_ENFORCEMENT,6390.7016,3533200.0204,6656.9809,6390.7016,266.2792,0.00163983,0.00157424,266.2792,6390.7016,0.00157424,266.2792,266.2792,266.2792,0.0000,0.0000,6390.7016,0.00157424,798.8377,767.3102,5858.1432,5889.6706,0.00144305,0.00145082,0.00006559,418.2083,379.7376,0.6869,61.6387,1.8384,37588.4109,89.7407,538.3845,395.5999,218.4789,430.6076,432.5446,432.5446,1046.441,1081.3617,427.0584,0.0,2.43015,2.511246,0.971205,30,216,96,2,0.20383968,0.00163983,-0.01249836,0E-8,0.000000,0.906607,0.000000,0.01775797,2026-03-22,2026-08-06,108,3621,2443,138,0.782609,1.360932,1.287360,0.679466,,,,,,,,GLOBAL_BASELINE_NO_ENTITY_RANKING,,,NOT_APPLICABLE_GLOBAL_BASELINE,HF9g-P5,,,,X 全窗基线 · 不参与实体赏罚,14199486,1420,A168_HF9F_20260827_0900,2026-08-27 09:00:00
2026-06-22,57024343,1963,0,1076.5189682642,-236.8341730181,-236.8341730181,0.3333333,3,3,0.50665070000000000,0.506650700000,-0.6004420894325239,-0.6004420894325239,-0.6004420894325239,0E-17,ELIGIBLE,R03b_20260811_FULL_v1,L1_ELIGIBILITY,v2026-08-11,2026-03-21..2026-08-06,baccarat_bet02_101_all_pairs_incl_sentinel,round_win = game_pnl > 0 (decisive only),COMPATIBILITY_ONLY_NOT_PRODUCTION,4059548.3812,3680416.6879,6656.9809,9707,9692,-0.00163983,0.01249836,-0.00525961,-0.00163983,-6656.9809,4059548.3812,OK,0.0000,266.2792,4.0000,96.0000,AG03-UNRESOLVED,ALL5_LEVELS_bet23_to_bet27,266.2792,266.2792,266.2792,0.0000,0.0000,4.000000,4.000000,4.000000,0.000000,0.000000,96.000000,96.000000,96.000000,100.000000,100.000000,5.0,798.8377,767.3102,5858.1432,5889.6706,PENDING_AG03,FALSE,NOT_FOR_ENFORCEMENT,6390.7016,3533200.0204,6656.9809,6390.7016,266.2792,0.00163983,0.00157424,266.2792,6390.7016,0.00157424,266.2792,266.2792,266.2792,0.0000,0.0000,6390.7016,0.00157424,798.8377,767.3102,5858.1432,5889.6706,0.00144305,0.00145082,0.00006559,418.2083,379.7376,0.6869,61.6387,1.8384,37588.4109,89.7407,538.3845,395.5999,218.4789,430.6076,432.5446,432.5446,1046.441,1081.3617,427.0584,0.0,2.43015,2.511246,0.971205,30,216,96,2,0.20383968,0.00163983,-0.01249836,0E-8,0.000000,0.906607,0.000000,0.01775797,2026-03-22,2026-08-06,108,3621,2443,138,0.782609,1.360932,1.287360,0.679466,,,,,,,,GLOBAL_BASELINE_NO_ENTITY_RANKING,,,NOT_APPLICABLE_GLOBAL_BASELINE,HF9g-P5,,,,X 全窗基线 · 不参与实体赏罚,14199487,1420,A168_HF9F_20260827_0900,2026-08-27 09:00:00
2026-06-22,57024343,1966,0,430.6075873056,409.0772079404,409.0772079404,1.0000000,2,2,0.50665070000000000,0.506650700000,1.3955260008387969,1.3955260008387969,1.3955260008387969,0E-17,ELIGIBLE,R03b_20260811_FULL_v1,L1_ELIGIBILITY,v2026-08-11,2026-03-21..2026-08-06,baccarat_bet02_101_all_pairs_incl_sentinel,round_win = game_pnl > 0 (decisive only),COMPATIBILITY_ONLY_NOT_PRODUCTION,4059548.3812,3680416.6879,6656.9809,9707,9692,-0.00163983,0.01249836,-0.00525961,-0.00163983,-6656.9809,4059548.3812,OK,0.0000,266.2792,4.0000,96.0000,AG03-UNRESOLVED,ALL5_LEVELS_bet23_to_bet27,266.2792,266.2792,266.2792,0.0000,0.0000,4.000000,4.000000,4.000000,0.000000,0.000000,96.000000,96.000000,96.000000,100.000000,100.000000,5.0,798.8377,767.3102,5858.1432,5889.6706,PENDING_AG03,FALSE,NOT_FOR_ENFORCEMENT,6390.7016,3533200.0204,6656.9809,6390.7016,266.2792,0.00163983,0.00157424,266.2792,6390.7016,0.00157424,266.2792,266.2792,266.2792,0.0000,0.0000,6390.7016,0.00157424,798.8377,767.3102,5858.1432,5889.6706,0.00144305,0.00145082,0.00006559,418.2083,379.7376,0.6869,61.6387,1.8384,37588.4109,89.7407,538.3845,395.5999,218.4789,430.6076,432.5446,432.5446,1046.441,1081.3617,427.0584,0.0,2.43015,2.511246,0.971205,30,216,96,2,0.20383968,0.00163983,-0.01249836,0E-8,0.000000,0.906607,0.000000,0.01775797,2026-03-22,2026-08-06,108,3621,2443,138,0.782609,1.360932,1.287360,0.679466,,,,,,,,GLOBAL_BASELINE_NO_ENTITY_RANKING,,,NOT_APPLICABLE_GLOBAL_BASELINE,HF9g-P5,,,,X 全窗基线 · 不参与实体赏罚,14199488,1420,A168_HF9F_20260827_0900,2026-08-27 09:00:00
2026-06-22,57024343,2117,0,2153.0379365283,-1098.0493476294,-1098.0493476294,0.1666667,7,7,0.50473567142857143,0.504735671429,-1.6562674095404992,-1.6562674095426126,-1.6562674095404992,-4.2857E-13,ELIGIBLE,R03b_20260811_FULL_v1,L1_ELIGIBILITY,v2026-08-11,2026-03-21..2026-08-06,baccarat_bet02_101_all_pairs_incl_sentinel,round_win = game_pnl > 0 (decisive only),COMPATIBILITY_ONLY_NOT_PRODUCTION,4059548.3812,3680416.6879,6656.9809,9707,9692,-0.00163983,0.01249836,-0.00525961,-0.00163983,-6656.9809,4059548.3812,OK,0.0000,266.2792,4.0000,96.0000,AG03-UNRESOLVED,ALL5_LEVELS_bet23_to_bet27,266.2792,266.2792,266.2792,0.0000,0.0000,4.000000,4.000000,4.000000,0.000000,0.000000,96.000000,96.000000,96.000000,100.000000,100.000000,5.0,798.8377,767.3102,5858.1432,5889.6706,PENDING_AG03,FALSE,NOT_FOR_ENFORCEMENT,6390.7016,3533200.0204,6656.9809,6390.7016,266.2792,0.00163983,0.00157424,266.2792,6390.7016,0.00157424,266.2792,266.2792,266.2792,0.0000,0.0000,6390.7016,0.00157424,798.8377,767.3102,5858.1432,5889.6706,0.00144305,0.00145082,0.00006559,418.2083,379.7376,0.6869,61.6387,1.8384,37588.4109,89.7407,538.3845,395.5999,218.4789,430.6076,432.5446,432.5446,1046.441,1081.3617,427.0584,0.0,2.43015,2.511246,0.971205,30,216,96,2,0.20383968,0.00163983,-0.01249836,0E-8,0.000000,0.906607,0.000000,0.01775797,2026-03-22,2026-08-06,108,3621,2443,138,0.782609,1.360932,1.287360,0.679466,,,,,,,,GLOBAL_BASELINE_NO_ENTITY_RANKING,,,NOT_APPLICABLE_GLOBAL_BASELINE,HF9g-P5,,,,X 全窗基线 · 不参与实体赏罚,14199489,1420,A168_HF9F_20260827_0900,2026-08-27 09:00:00
2026-06-22,57024343,2134,0,1722.4303492227,-462.9031563536,-462.9031563536,0.4000000,5,5,0.50396966000000000,0.503969660000,-0.4649811094771361,-0.4649811094771361,-0.4649811094771361,0E-17,ELIGIBLE,R03b_20260811_FULL_v1,L1_ELIGIBILITY,v2026-08-11,2026-03-21..2026-08-06,baccarat_bet02_101_all_pairs_incl_sentinel,round_win = game_pnl > 0 (decisive only),COMPATIBILITY_ONLY_NOT_PRODUCTION,4059548.3812,3680416.6879,6656.9809,9707,9692,-0.00163983,0.01249836,-0.00525961,-0.00163983,-6656.9809,4059548.3812,OK,0.0000,266.2792,4.0000,96.0000,AG03-UNRESOLVED,ALL5_LEVELS_bet23_to_bet27,266.2792,266.2792,266.2792,0.0000,0.0000,4.000000,4.000000,4.000000,0.000000,0.000000,96.000000,96.000000,96.000000,100.000000,100.000000,5.0,798.8377,767.3102,5858.1432,5889.6706,PENDING_AG03,FALSE,NOT_FOR_ENFORCEMENT,6390.7016,3533200.0204,6656.9809,6390.7016,266.2792,0.00163983,0.00157424,266.2792,6390.7016,0.00157424,266.2792,266.2792,266.2792,0.0000,0.0000,6390.7016,0.00157424,798.8377,767.3102,5858.1432,5889.6706,0.00144305,0.00145082,0.00006559,418.2083,379.7376,0.6869,61.6387,1.8384,37588.4109,89.7407,538.3845,395.5999,218.4789,430.6076,432.5446,432.5446,1046.441,1081.3617,427.0584,0.0,2.43015,2.511246,0.971205,30,216,96,2,0.20383968,0.00163983,-0.01249836,0E-8,0.000000,0.906607,0.000000,0.01775797,2026-03-22,2026-08-06,108,3621,2443,138,0.782609,1.360932,1.287360,0.679466,,,,,,,,GLOBAL_BASELINE_NO_ENTITY_RANKING,,,NOT_APPLICABLE_GLOBAL_BASELINE,HF9g-P5,,,,X 全窗基线 · 不参与实体赏罚,14199490,1420,A168_HF9F_20260827_0900,2026-08-27 09:00:00
2026-06-22,57024343,2145,0,430.6075873057,-430.6075873057,-430.6075873057,0E-7,1,1,0.50665070000000000,0.506650700000,-1.013391052207602,-1.013391052207602,-1.013391052207602,0E-17,ELIGIBLE,R03b_20260811_FULL_v1,L1_ELIGIBILITY,v2026-08-11,2026-03-21..2026-08-06,baccarat_bet02_101_all_pairs_incl_sentinel,round_win = game_pnl > 0 (decisive only),COMPATIBILITY_ONLY_NOT_PRODUCTION,4059548.3812,3680416.6879,6656.9809,9707,9692,-0.00163983,0.01249836,-0.00525961,-0.00163983,-6656.9809,4059548.3812,OK,0.0000,266.2792,4.0000,96.0000,AG03-UNRESOLVED,ALL5_LEVELS_bet23_to_bet27,266.2792,266.2792,266.2792,0.0000,0.0000,4.000000,4.000000,4.000000,0.000000,0.000000,96.000000,96.000000,96.000000,100.000000,100.000000,5.0,798.8377,767.3102,5858.1432,5889.6706,PENDING_AG03,FALSE,NOT_FOR_ENFORCEMENT,6390.7016,3533200.0204,6656.9809,6390.7016,266.2792,0.00163983,0.00157424,266.2792,6390.7016,0.00157424,266.2792,266.2792,266.2792,0.0000,0.0000,6390.7016,0.00157424,798.8377,767.3102,5858.1432,5889.6706,0.00144305,0.00145082,0.00006559,418.2083,379.7376,0.6869,61.6387,1.8384,37588.4109,89.7407,538.3845,395.5999,218.4789,430.6076,432.5446,432.5446,1046.441,1081.3617,427.0584,0.0,2.43015,2.511246,0.971205,30,216,96,2,0.20383968,0.00163983,-0.01249836,0E-8,0.000000,0.906607,0.000000,0.01775797,2026-03-22,2026-08-06,108,3621,2443,138,0.782609,1.360932,1.287360,0.679466,,,,,,,,GLOBAL_BASELINE_NO_ENTITY_RANKING,,,NOT_APPLICABLE_GLOBAL_BASELINE,HF9g-P5,,,,X 全窗基线 · 不参与实体赏罚,14199491,1420,A168_HF9F_20260827_0900,2026-08-27 09:00:00
2026-06-22,57024343,2169,0,2368.3417301811,570.5550531801,570.5550531801,0.6250000,8,8,0.50665070000000000,0.506650700000,0.6695439735338472,0.6695439735338472,0.6695439735338472,0E-17,ELIGIBLE,R03b_20260811_FULL_v1,L1_ELIGIBILITY,v2026-08-11,2026-03-21..2026-08-06,baccarat_bet02_101_all_pairs_incl_sentinel,round_win = game_pnl > 0 (decisive only),COMPATIBILITY_ONLY_NOT_PRODUCTION,4059548.3812,3680416.6879,6656.9809,9707,9692,-0.00163983,0.01249836,-0.00525961,-0.00163983,-6656.9809,4059548.3812,OK,0.0000,266.2792,4.0000,96.0000,AG03-UNRESOLVED,ALL5_LEVELS_bet23_to_bet27,266.2792,266.2792,266.2792,0.0000,0.0000,4.000000,4.000000,4.000000,0.000000,0.000000,96.000000,96.000000,96.000000,100.000000,100.000000,5.0,798.8377,767.3102,5858.1432,5889.6706,PENDING_AG03,FALSE,NOT_FOR_ENFORCEMENT,6390.7016,3533200.0204,6656.9809,6390.7016,266.2792,0.00163983,0.00157424,266.2792,6390.7016,0.00157424,266.2792,266.2792,266.2792,0.0000,0.0000,6390.7016,0.00157424,798.8377,767.3102,5858.1432,5889.6706,0.00144305,0.00145082,0.00006559,418.2083,379.7376,0.6869,61.6387,1.8384,37588.4109,89.7407,538.3845,395.5999,218.4789,430.6076,432.5446,432.5446,1046.441,1081.3617,427.0584,0.0,2.43015,2.511246,0.971205,30,216,96,2,0.20383968,0.00163983,-0.01249836,0E-8,0.000000,0.906607,0.000000,0.01775797,2026-03-22,2026-08-06,108,3621,2443,138,0.782609,1.360932,1.287360,0.679466,,,,,,,,GLOBAL_BASELINE_NO_ENTITY_RANKING,,,NOT_APPLICABLE_GLOBAL_BASELINE,HF9g-P5,,,,X 全窗基线 · 不参与实体赏罚,14199492,1420,A168_HF9F_20260827_0900,2026-08-27 09:00:00
2026-06-22,57024343,2175,0,1291.8227619170,-441.3727769883,-441.3727769883,0.3333333,4,4,0.49994810000000000,0.499948100000,-0.5771704854251445,-0.5771704854251445,-0.5771704854251445,0E-17,ELIGIBLE,R03b_20260811_FULL_v1,L1_ELIGIBILITY,v2026-08-11,2026-03-21..2026-08-06,baccarat_bet02_101_all_pairs_incl_sentinel,round_win = game_pnl > 0 (decisive only),COMPATIBILITY_ONLY_NOT_PRODUCTION,4059548.3812,3680416.6879,6656.9809,9707,9692,-0.00163983,0.01249836,-0.00525961,-0.00163983,-6656.9809,4059548.3812,OK,0.0000,266.2792,4.0000,96.0000,AG03-UNRESOLVED,ALL5_LEVELS_bet23_to_bet27,266.2792,266.2792,266.2792,0.0000,0.0000,4.000000,4.000000,4.000000,0.000000,0.000000,96.000000,96.000000,96.000000,100.000000,100.000000,5.0,798.8377,767.3102,5858.1432,5889.6706,PENDING_AG03,FALSE,NOT_FOR_ENFORCEMENT,6390.7016,3533200.0204,6656.9809,6390.7016,266.2792,0.00163983,0.00157424,266.2792,6390.7016,0.00157424,266.2792,266.2792,266.2792,0.0000,0.0000,6390.7016,0.00157424,798.8377,767.3102,5858.1432,5889.6706,0.00144305,0.00145082,0.00006559,418.2083,379.7376,0.6869,61.6387,1.8384,37588.4109,89.7407,538.3845,395.5999,218.4789,430.6076,432.5446,432.5446,1046.441,1081.3617,427.0584,0.0,2.43015,2.511246,0.971205,30,216,96,2,0.20383968,0.00163983,-0.01249836,0E-8,0.000000,0.906607,0.000000,0.01775797,2026-03-22,2026-08-06,108,3621,2443,138,0.782609,1.360932,1.287360,0.679466,,,,,,,,GLOBAL_BASELINE_NO_ENTITY_RANKING,,,NOT_APPLICABLE_GLOBAL_BASELINE,HF9g-P5,,,,X 全窗基线 · 不参与实体赏罚,14199493,1420,A168_HF9F_20260827_0900,2026-08-27 09:00:00
2026-06-22,57024343,2196,0,215.3037936528,204.5386039702,204.5386039702,1.0000000,1,1,0.50665070000000000,0.506650700000,0.9867858985152569,0.9867858985152569,0.9867858985152569,0E-17,ELIGIBLE,R03b_20260811_FULL_v1,L1_ELIGIBILITY,v2026-08-11,2026-03-21..2026-08-06,baccarat_bet02_101_all_pairs_incl_sentinel,round_win = game_pnl > 0 (decisive only),COMPATIBILITY_ONLY_NOT_PRODUCTION,4059548.3812,3680416.6879,6656.9809,9707,9692,-0.00163983,0.01249836,-0.00525961,-0.00163983,-6656.9809,4059548.3812,OK,0.0000,266.2792,4.0000,96.0000,AG03-UNRESOLVED,ALL5_LEVELS_bet23_to_bet27,266.2792,266.2792,266.2792,0.0000,0.0000,4.000000,4.000000,4.000000,0.000000,0.000000,96.000000,96.000000,96.000000,100.000000,100.000000,5.0,798.8377,767.3102,5858.1432,5889.6706,PENDING_AG03,FALSE,NOT_FOR_ENFORCEMENT,6390.7016,3533200.0204,6656.9809,6390.7016,266.2792,0.00163983,0.00157424,266.2792,6390.7016,0.00157424,266.2792,266.2792,266.2792,0.0000,0.0000,6390.7016,0.00157424,798.8377,767.3102,5858.1432,5889.6706,0.00144305,0.00145082,0.00006559,418.2083,379.7376,0.6869,61.6387,1.8384,37588.4109,89.7407,538.3845,395.5999,218.4789,430.6076,432.5446,432.5446,1046.441,1081.3617,427.0584,0.0,2.43015,2.511246,0.971205,30,216,96,2,0.20383968,0.00163983,-0.01249836,0E-8,0.000000,0.906607,0.000000,0.01775797,2026-03-22,2026-08-06,108,3621,2443,138,0.782609,1.360932,1.287360,0.679466,,,,,,,,GLOBAL_BASELINE_NO_ENTITY_RANKING,,,NOT_APPLICABLE_GLOBAL_BASELINE,HF9g-P5,,,,X 全窗基线 · 不参与实体赏罚,14199494,1420,A168_HF9F_20260827_0900,2026-08-27 09:00:00
2026-06-22,57024343,2229,0,1937.7341428756,-1098.0493476295,-1098.0493476295,0.2000000,5,5,0.50128862000000000,0.501288620000,-1.347408145195933,-1.347408145195933,-1.347408145195933,0E-17,ELIGIBLE,R03b_20260811_FULL_v1,L1_ELIGIBILITY,v2026-08-11,2026-03-21..2026-08-06,baccarat_bet02_101_all_pairs_incl_sentinel,round_win = game_pnl > 0 (decisive only),COMPATIBILITY_ONLY_NOT_PRODUCTION,4059548.3812,3680416.6879,6656.9809,9707,9692,-0.00163983,0.01249836,-0.00525961,-0.00163983,-6656.9809,4059548.3812,OK,0.0000,266.2792,4.0000,96.0000,AG03-UNRESOLVED,ALL5_LEVELS_bet23_to_bet27,266.2792,266.2792,266.2792,0.0000,0.0000,4.000000,4.000000,4.000000,0.000000,0.000000,96.000000,96.000000,96.000000,100.000000,100.000000,5.0,798.8377,767.3102,5858.1432,5889.6706,PENDING_AG03,FALSE,NOT_FOR_ENFORCEMENT,6390.7016,3533200.0204,6656.9809,6390.7016,266.2792,0.00163983,0.00157424,266.2792,6390.7016,0.00157424,266.2792,266.2792,266.2792,0.0000,0.0000,6390.7016,0.00157424,798.8377,767.3102,5858.1432,5889.6706,0.00144305,0.00145082,0.00006559,418.2083,379.7376,0.6869,61.6387,1.8384,37588.4109,89.7407,538.3845,395.5999,218.4789,430.6076,432.5446,432.5446,1046.441,1081.3617,427.0584,0.0,2.43015,2.511246,0.971205,30,216,96,2,0.20383968,0.00163983,-0.01249836,0E-8,0.000000,0.906607,0.000000,0.01775797,2026-03-22,2026-08-06,108,3621,2443,138,0.782609,1.360932,1.287360,0.679466,,,,,,,,GLOBAL_BASELINE_NO_ENTITY_RANKING,,,NOT_APPLICABLE_GLOBAL_BASELINE,HF9g-P5,,,,X 全窗基线 · 不参与实体赏罚,14199495,1420,A168_HF9F_20260827_0900,2026-08-27 09:00:00
2026-06-22,57024343,2254,0,1722.4303492228,409.0772079404,409.0772079404,0.6666667,4,4,0.49994810000000000,0.499948100000,0.5775300591747329,0.5775300591747329,0.5775300591747329,0E-17,ELIGIBLE,R03b_20260811_FULL_v1,L1_ELIGIBILITY,v2026-08-11,2026-03-21..2026-08-06,baccarat_bet02_101_all_pairs_incl_sentinel,round_win = game_pnl > 0 (decisive only),COMPATIBILITY_ONLY_NOT_PRODUCTION,4059548.3812,3680416.6879,6656.9809,9707,9692,-0.00163983,0.01249836,-0.00525961,-0.00163983,-6656.9809,4059548.3812,OK,0.0000,266.2792,4.0000,96.0000,AG03-UNRESOLVED,ALL5_LEVELS_bet23_to_bet27,266.2792,266.2792,266.2792,0.0000,0.0000,4.000000,4.000000,4.000000,0.000000,0.000000,96.000000,96.000000,96.000000,100.000000,100.000000,5.0,798.8377,767.3102,5858.1432,5889.6706,PENDING_AG03,FALSE,NOT_FOR_ENFORCEMENT,6390.7016,3533200.0204,6656.9809,6390.7016,266.2792,0.00163983,0.00157424,266.2792,6390.7016,0.00157424,266.2792,266.2792,266.2792,0.0000,0.0000,6390.7016,0.00157424,798.8377,767.3102,5858.1432,5889.6706,0.00144305,0.00145082,0.00006559,418.2083,379.7376,0.6869,61.6387,1.8384,37588.4109,89.7407,538.3845,395.5999,218.4789,430.6076,432.5446,432.5446,1046.441,1081.3617,427.0584,0.0,2.43015,2.511246,0.971205,30,216,96,2,0.20383968,0.00163983,-0.01249836,0E-8,0.000000,0.906607,0.000000,0.01775797,2026-03-22,2026-08-06,108,3621,2443,138,0.782609,1.360932,1.287360,0.679466,,,,,,,,GLOBAL_BASELINE_NO_ENTITY_RANKING,,,NOT_APPLICABLE_GLOBAL_BASELINE,HF9g-P5,,,,X 全窗基线 · 不参与实体赏罚,14199496,1420,A168_HF9F_20260827_0900,2026-08-27 09:00:00
2026-06-22,57024343,2271,0,1076.5189682641,602.8506222280,602.8506222280,0.7500000,4,4,0.50329940000000000,0.503299400000,0.9868238854431842,0.9868238854431842,0.9868238854431842,0E-17,ELIGIBLE,R03b_20260811_FULL_v1,L1_ELIGIBILITY,v2026-08-11,2026-03-21..2026-08-06,baccarat_bet02_101_all_pairs_incl_sentinel,round_win = game_pnl > 0 (decisive only),COMPATIBILITY_ONLY_NOT_PRODUCTION,4059548.3812,3680416.6879,6656.9809,9707,9692,-0.00163983,0.01249836,-0.00525961,-0.00163983,-6656.9809,4059548.3812,OK,0.0000,266.2792,4.0000,96.0000,AG03-UNRESOLVED,ALL5_LEVELS_bet23_to_bet27,266.2792,266.2792,266.2792,0.0000,0.0000,4.000000,4.000000,4.000000,0.000000,0.000000,96.000000,96.000000,96.000000,100.000000,100.000000,5.0,798.8377,767.3102,5858.1432,5889.6706,PENDING_AG03,FALSE,NOT_FOR_ENFORCEMENT,6390.7016,3533200.0204,6656.9809,6390.7016,266.2792,0.00163983,0.00157424,266.2792,6390.7016,0.00157424,266.2792,266.2792,266.2792,0.0000,0.0000,6390.7016,0.00157424,798.8377,767.3102,5858.1432,5889.6706,0.00144305,0.00145082,0.00006559,418.2083,379.7376,0.6869,61.6387,1.8384,37588.4109,89.7407,538.3845,395.5999,218.4789,430.6076,432.5446,432.5446,1046.441,1081.3617,427.0584,0.0,2.43015,2.511246,0.971205,30,216,96,2,0.20383968,0.00163983,-0.01249836,0E-8,0.000000,0.906607,0.000000,0.01775797,2026-03-22,2026-08-06,108,3621,2443,138,0.782609,1.360932,1.287360,0.679466,,,,,,,,GLOBAL_BASELINE_NO_ENTITY_RANKING,,,NOT_APPLICABLE_GLOBAL_BASELINE,HF9g-P5,,,,X 全窗基线 · 不参与实体赏罚,14199497,1420,A168_HF9F_20260827_0900,2026-08-27 09:00:00
2026-06-22,57024343,789,0,645.9113809585,215.3037936529,215.3037936529,0.5000000,2,2,0.49994810000000000,0.499948100000,0.00014679536856514622,0.00014679536856514622,0.00014679536856514622,0E-17,ELIGIBLE,R03b_20260811_FULL_v1,L1_ELIGIBILITY,v2026-08-11,2026-03-21..2026-08-06,baccarat_bet02_101_all_pairs_incl_sentinel,round_win = game_pnl > 0 (decisive only),COMPATIBILITY_ONLY_NOT_PRODUCTION,4059548.3812,3680416.6879,6656.9809,9707,9692,-0.00163983,0.01249836,-0.00525961,-0.00163983,-6656.9809,4059548.3812,OK,0.0000,266.2792,4.0000,96.0000,AG03-UNRESOLVED,ALL5_LEVELS_bet23_to_bet27,266.2792,266.2792,266.2792,0.0000,0.0000,4.000000,4.000000,4.000000,0.000000,0.000000,96.000000,96.000000,96.000000,100.000000,100.000000,5.0,798.8377,767.3102,5858.1432,5889.6706,PENDING_AG03,FALSE,NOT_FOR_ENFORCEMENT,6390.7016,3533200.0204,6656.9809,6390.7016,266.2792,0.00163983,0.00157424,266.2792,6390.7016,0.00157424,266.2792,266.2792,266.2792,0.0000,0.0000,6390.7016,0.00157424,798.8377,767.3102,5858.1432,5889.6706,0.00144305,0.00145082,0.00006559,418.2083,379.7376,0.6869,61.6387,1.8384,37588.4109,89.7407,538.3845,395.5999,218.4789,430.6076,432.5446,432.5446,1046.441,1081.3617,427.0584,0.0,2.43015,2.511246,0.971205,30,216,96,2,0.20383968,0.00163983,-0.01249836,0E-8,0.000000,0.906607,0.000000,0.01775797,2026-03-22,2026-08-06,108,3621,2443,138,0.782609,1.360932,1.287360,0.679466,,,,,,,,GLOBAL_BASELINE_NO_ENTITY_RANKING,,,NOT_APPLICABLE_GLOBAL_BASELINE,HF9g-P5,,,,X 全窗基线 · 不参与实体赏罚,14199498,1420,A168_HF9F_20260827_0900,2026-08-27 09:00:00
2026-06-22,57024343,919,0,430.6075873056,409.0772079404,409.0772079404,1.0000000,2,2,0.50665070000000000,0.506650700000,1.3955260008387969,1.3955260008387969,1.3955260008387969,0E-17,ELIGIBLE,R03b_20260811_FULL_v1,L1_ELIGIBILITY,v2026-08-11,2026-03-21..2026-08-06,baccarat_bet02_101_all_pairs_incl_sentinel,round_win = game_pnl > 0 (decisive only),COMPATIBILITY_ONLY_NOT_PRODUCTION,4059548.3812,3680416.6879,6656.9809,9707,9692,-0.00163983,0.01249836,-0.00525961,-0.00163983,-6656.9809,4059548.3812,OK,0.0000,266.2792,4.0000,96.0000,AG03-UNRESOLVED,ALL5_LEVELS_bet23_to_bet27,266.2792,266.2792,266.2792,0.0000,0.0000,4.000000,4.000000,4.000000,0.000000,0.000000,96.000000,96.000000,96.000000,100.000000,100.000000,5.0,798.8377,767.3102,5858.1432,5889.6706,PENDING_AG03,FALSE,NOT_FOR_ENFORCEMENT,6390.7016,3533200.0204,6656.9809,6390.7016,266.2792,0.00163983,0.00157424,266.2792,6390.7016,0.00157424,266.2792,266.2792,266.2792,0.0000,0.0000,6390.7016,0.00157424,798.8377,767.3102,5858.1432,5889.6706,0.00144305,0.00145082,0.00006559,418.2083,379.7376,0.6869,61.6387,1.8384,37588.4109,89.7407,538.3845,395.5999,218.4789,430.6076,432.5446,432.5446,1046.441,1081.3617,427.0584,0.0,2.43015,2.511246,0.971205,30,216,96,2,0.20383968,0.00163983,-0.01249836,0E-8,0.000000,0.906607,0.000000,0.01775797,2026-03-22,2026-08-06,108,3621,2443,138,0.782609,1.360932,1.287360,0.679466,,,,,,,,GLOBAL_BASELINE_NO_ENTITY_RANKING,,,NOT_APPLICABLE_GLOBAL_BASELINE,HF9g-P5,,,,X 全窗基线 · 不参与实体赏罚,14199499,1420,A168_HF9F_20260827_0900,2026-08-27 09:00:00
2026-06-22,57024343,969,0,1291.8227619169,-32.2955690479,-32.2955690479,0.6000000,5,5,0.50665070000000000,0.506650700000,0.4175076967804994,0.4175076967804994,0.4175076967804994,0E-17,ELIGIBLE,R03b_20260811_FULL_v1,L1_ELIGIBILITY,v2026-08-11,2026-03-21..2026-08-06,baccarat_bet02_101_all_pairs_incl_sentinel,round_win = game_pnl > 0 (decisive only),COMPATIBILITY_ONLY_NOT_PRODUCTION,4059548.3812,3680416.6879,6656.9809,9707,9692,-0.00163983,0.01249836,-0.00525961,-0.00163983,-6656.9809,4059548.3812,OK,0.0000,266.2792,4.0000,96.0000,AG03-UNRESOLVED,ALL5_LEVELS_bet23_to_bet27,266.2792,266.2792,266.2792,0.0000,0.0000,4.000000,4.000000,4.000000,0.000000,0.000000,96.000000,96.000000,96.000000,100.000000,100.000000,5.0,798.8377,767.3102,5858.1432,5889.6706,PENDING_AG03,FALSE,NOT_FOR_ENFORCEMENT,6390.7016,3533200.0204,6656.9809,6390.7016,266.2792,0.00163983,0.00157424,266.2792,6390.7016,0.00157424,266.2792,266.2792,266.2792,0.0000,0.0000,6390.7016,0.00157424,798.8377,767.3102,5858.1432,5889.6706,0.00144305,0.00145082,0.00006559,418.2083,379.7376,0.6869,61.6387,1.8384,37588.4109,89.7407,538.3845,395.5999,218.4789,430.6076,432.5446,432.5446,1046.441,1081.3617,427.0584,0.0,2.43015,2.511246,0.971205,30,216,96,2,0.20383968,0.00163983,-0.01249836,0E-8,0.000000,0.906607,0.000000,0.01775797,2026-03-22,2026-08-06,108,3621,2443,138,0.782609,1.360932,1.287360,0.679466,,,,,,,,GLOBAL_BASELINE_NO_ENTITY_RANKING,,,NOT_APPLICABLE_GLOBAL_BASELINE,HF9g-P5,,,,X 全窗基线 · 不参与实体赏罚,14199500,1420,A168_HF9F_20260827_0900,2026-08-27 09:00:00
2026-06-23,57024343,-1,1,5382.5948413210,-1184.1708650906,-1184.1708650906,0.4000000,5,5,0.50665070000000000,0.506650700000,-0.4769986289884125,-0.4769986289884125,-0.4769986289884125,0E-17,SENTINEL_DEALER,R03b_20260811_FULL_v1,L1_ELIGIBILITY,v2026-08-11,2026-03-21..2026-08-06,baccarat_bet02_101_all_pairs_incl_sentinel,round_win = game_pnl > 0 (decisive only),COMPATIBILITY_ONLY_NOT_PRODUCTION,4059548.3812,3680416.6879,6656.9809,9707,9692,-0.00163983,0.01249836,-0.00525961,-0.00163983,-6656.9809,4059548.3812,OK,0.0000,266.2792,4.0000,96.0000,AG03-UNRESOLVED,ALL5_LEVELS_bet23_to_bet27,266.2792,266.2792,266.2792,0.0000,0.0000,4.000000,4.000000,4.000000,0.000000,0.000000,96.000000,96.000000,96.000000,100.000000,100.000000,5.0,798.8377,767.3102,5858.1432,5889.6706,PENDING_AG03,FALSE,NOT_FOR_ENFORCEMENT,6390.7016,3533200.0204,6656.9809,6390.7016,266.2792,0.00163983,0.00157424,266.2792,6390.7016,0.00157424,266.2792,266.2792,266.2792,0.0000,0.0000,6390.7016,0.00157424,798.8377,767.3102,5858.1432,5889.6706,0.00144305,0.00145082,0.00006559,418.2083,379.7376,0.6869,61.6387,1.8384,37588.4109,89.7407,538.3845,395.5999,218.4789,430.6076,432.5446,432.5446,1046.441,1081.3617,427.0584,0.0,2.43015,2.511246,0.971205,30,216,96,2,0.20383968,0.00163983,-0.01249836,0E-8,0.000000,0.906607,0.000000,0.01775797,2026-03-22,2026-08-06,108,3621,2443,138,0.782609,1.360932,1.287360,0.679466,,,,,,,,GLOBAL_BASELINE_NO_ENTITY_RANKING,,,NOT_APPLICABLE_GLOBAL_BASELINE,HF9g-P5,,,,X 全窗基线 · 不参与实体赏罚,14199501,1420,A168_HF9F_20260827_0900,2026-08-27 09:00:00
2026-06-23,57024343,1004,0,2153.0379365284,2045.3860397020,2045.3860397020,1.0000000,2,2,0.50665070000000000,0.506650700000,1.3955260008387969,1.3955260008387969,1.3955260008387969,0E-17,ELIGIBLE,R03b_20260811_FULL_v1,L1_ELIGIBILITY,v2026-08-11,2026-03-21..2026-08-06,baccarat_bet02_101_all_pairs_incl_sentinel,round_win = game_pnl > 0 (decisive only),COMPATIBILITY_ONLY_NOT_PRODUCTION,4059548.3812,3680416.6879,6656.9809,9707,9692,-0.00163983,0.01249836,-0.00525961,-0.00163983,-6656.9809,4059548.3812,OK,0.0000,266.2792,4.0000,96.0000,AG03-UNRESOLVED,ALL5_LEVELS_bet23_to_bet27,266.2792,266.2792,266.2792,0.0000,0.0000,4.000000,4.000000,4.000000,0.000000,0.000000,96.000000,96.000000,96.000000,100.000000,100.000000,5.0,798.8377,767.3102,5858.1432,5889.6706,PENDING_AG03,FALSE,NOT_FOR_ENFORCEMENT,6390.7016,3533200.0204,6656.9809,6390.7016,266.2792,0.00163983,0.00157424,266.2792,6390.7016,0.00157424,266.2792,266.2792,266.2792,0.0000,0.0000,6390.7016,0.00157424,798.8377,767.3102,5858.1432,5889.6706,0.00144305,0.00145082,0.00006559,418.2083,379.7376,0.6869,61.6387,1.8384,37588.4109,89.7407,538.3845,395.5999,218.4789,430.6076,432.5446,432.5446,1046.441,1081.3617,427.0584,0.0,2.43015,2.511246,0.971205,30,216,96,2,0.20383968,0.00163983,-0.01249836,0E-8,0.000000,0.906607,0.000000,0.01775797,2026-03-22,2026-08-06,108,3621,2443,138,0.782609,1.360932,1.287360,0.679466,,,,,,,,GLOBAL_BASELINE_NO_ENTITY_RANKING,,,NOT_APPLICABLE_GLOBAL_BASELINE,HF9g-P5,,,,X 全窗基线 · 不参与实体赏罚,14199502,1420,A168_HF9F_20260827_0900,2026-08-27 09:00:00
2026-06-23,57024343,1078,0,2153.0379365284,-53.8259484132,-53.8259484132,0.5000000,2,2,0.50665070000000000,0.506650700000,-0.018812684590367487,-0.018812684590367487,-0.018812684590367487,0E-17,ELIGIBLE,R03b_20260811_FULL_v1,L1_ELIGIBILITY,v2026-08-11,2026-03-21..2026-08-06,baccarat_bet02_101_all_pairs_incl_sentinel,round_win = game_pnl > 0 (decisive only),COMPATIBILITY_ONLY_NOT_PRODUCTION,4059548.3812,3680416.6879,6656.9809,9707,9692,-0.00163983,0.01249836,-0.00525961,-0.00163983,-6656.9809,4059548.3812,OK,0.0000,266.2792,4.0000,96.0000,AG03-UNRESOLVED,ALL5_LEVELS_bet23_to_bet27,266.2792,266.2792,266.2792,0.0000,0.0000,4.000000,4.000000,4.000000,0.000000,0.000000,96.000000,96.000000,96.000000,100.000000,100.000000,5.0,798.8377,767.3102,5858.1432,5889.6706,PENDING_AG03,FALSE,NOT_FOR_ENFORCEMENT,6390.7016,3533200.0204,6656.9809,6390.7016,266.2792,0.00163983,0.00157424,266.2792,6390.7016,0.00157424,266.2792,266.2792,266.2792,0.0000,0.0000,6390.7016,0.00157424,798.8377,767.3102,5858.1432,5889.6706,0.00144305,0.00145082,0.00006559,418.2083,379.7376,0.6869,61.6387,1.8384,37588.4109,89.7407,538.3845,395.5999,218.4789,430.6076,432.5446,432.5446,1046.441,1081.3617,427.0584,0.0,2.43015,2.511246,0.971205,30,216,96,2,0.20383968,0.00163983,-0.01249836,0E-8,0.000000,0.906607,0.000000,0.01775797,2026-03-22,2026-08-06,108,3621,2443,138,0.782609,1.360932,1.287360,0.679466,,,,,,,,GLOBAL_BASELINE_NO_ENTITY_RANKING,,,NOT_APPLICABLE_GLOBAL_BASELINE,HF9g-P5,,,,X 全窗基线 · 不参与实体赏罚,14199503,1420,A168_HF9F_20260827_0900,2026-08-27 09:00:00
2026-06-23,57024343,1318,0,2153.0379365284,-53.8259484132,-53.8259484132,0.5000000,2,2,0.50665070000000000,0.506650700000,-0.018812684590367487,-0.018812684590367487,-0.018812684590367487,0E-17,ELIGIBLE,R03b_20260811_FULL_v1,L1_ELIGIBILITY,v2026-08-11,2026-03-21..2026-08-06,baccarat_bet02_101_all_pairs_incl_sentinel,round_win = game_pnl > 0 (decisive only),COMPATIBILITY_ONLY_NOT_PRODUCTION,4059548.3812,3680416.6879,6656.9809,9707,9692,-0.00163983,0.01249836,-0.00525961,-0.00163983,-6656.9809,4059548.3812,OK,0.0000,266.2792,4.0000,96.0000,AG03-UNRESOLVED,ALL5_LEVELS_bet23_to_bet27,266.2792,266.2792,266.2792,0.0000,0.0000,4.000000,4.000000,4.000000,0.000000,0.000000,96.000000,96.000000,96.000000,100.000000,100.000000,5.0,798.8377,767.3102,5858.1432,5889.6706,PENDING_AG03,FALSE,NOT_FOR_ENFORCEMENT,6390.7016,3533200.0204,6656.9809,6390.7016,266.2792,0.00163983,0.00157424,266.2792,6390.7016,0.00157424,266.2792,266.2792,266.2792,0.0000,0.0000,6390.7016,0.00157424,798.8377,767.3102,5858.1432,5889.6706,0.00144305,0.00145082,0.00006559,418.2083,379.7376,0.6869,61.6387,1.8384,37588.4109,89.7407,538.3845,395.5999,218.4789,430.6076,432.5446,432.5446,1046.441,1081.3617,427.0584,0.0,2.43015,2.511246,0.971205,30,216,96,2,0.20383968,0.00163983,-0.01249836,0E-8,0.000000,0.906607,0.000000,0.01775797,2026-03-22,2026-08-06,108,3621,2443,138,0.782609,1.360932,1.287360,0.679466,,,,,,,,GLOBAL_BASELINE_NO_ENTITY_RANKING,,,NOT_APPLICABLE_GLOBAL_BASELINE,HF9g-P5,,,,X 全窗基线 · 不参与实体赏罚,14199504,1420,A168_HF9F_20260827_0900,2026-08-27 09:00:00
2026-06-23,57024343,1382,0,1076.5189682642,1022.6930198510,1022.6930198510,1.0000000,1,1,0.50665070000000000,0.506650700000,0.9867858985152569,0.9867858985152569,0.9867858985152569,0E-17,ELIGIBLE,R03b_20260811_FULL_v1,L1_ELIGIBILITY,v2026-08-11,2026-03-21..2026-08-06,baccarat_bet02_101_all_pairs_incl_sentinel,round_win = game_pnl > 0 (decisive only),COMPATIBILITY_ONLY_NOT_PRODUCTION,4059548.3812,3680416.6879,6656.9809,9707,9692,-0.00163983,0.01249836,-0.00525961,-0.00163983,-6656.9809,4059548.3812,OK,0.0000,266.2792,4.0000,96.0000,AG03-UNRESOLVED,ALL5_LEVELS_bet23_to_bet27,266.2792,266.2792,266.2792,0.0000,0.0000,4.000000,4.000000,4.000000,0.000000,0.000000,96.000000,96.000000,96.000000,100.000000,100.000000,5.0,798.8377,767.3102,5858.1432,5889.6706,PENDING_AG03,FALSE,NOT_FOR_ENFORCEMENT,6390.7016,3533200.0204,6656.9809,6390.7016,266.2792,0.00163983,0.00157424,266.2792,6390.7016,0.00157424,266.2792,266.2792,266.2792,0.0000,0.0000,6390.7016,0.00157424,798.8377,767.3102,5858.1432,5889.6706,0.00144305,0.00145082,0.00006559,418.2083,379.7376,0.6869,61.6387,1.8384,37588.4109,89.7407,538.3845,395.5999,218.4789,430.6076,432.5446,432.5446,1046.441,1081.3617,427.0584,0.0,2.43015,2.511246,0.971205,30,216,96,2,0.20383968,0.00163983,-0.01249836,0E-8,0.000000,0.906607,0.000000,0.01775797,2026-03-22,2026-08-06,108,3621,2443,138,0.782609,1.360932,1.287360,0.679466,,,,,,,,GLOBAL_BASELINE_NO_ENTITY_RANKING,,,NOT_APPLICABLE_GLOBAL_BASELINE,HF9g-P5,,,,X 全窗基线 · 不参与实体赏罚,14199505,1420,A168_HF9F_20260827_0900,2026-08-27 09:00:00
2026-06-23,57024343,1405,0,2153.0379365284,-53.8259484132,-53.8259484132,0.5000000,2,2,0.50665070000000000,0.506650700000,-0.018812684590367487,-0.018812684590367487,-0.018812684590367487,0E-17,ELIGIBLE,R03b_20260811_FULL_v1,L1_ELIGIBILITY,v2026-08-11,2026-03-21..2026-08-06,baccarat_bet02_101_all_pairs_incl_sentinel,round_win = game_pnl > 0 (decisive only),COMPATIBILITY_ONLY_NOT_PRODUCTION,4059548.3812,3680416.6879,6656.9809,9707,9692,-0.00163983,0.01249836,-0.00525961,-0.00163983,-6656.9809,4059548.3812,OK,0.0000,266.2792,4.0000,96.0000,AG03-UNRESOLVED,ALL5_LEVELS_bet23_to_bet27,266.2792,266.2792,266.2792,0.0000,0.0000,4.000000,4.000000,4.000000,0.000000,0.000000,96.000000,96.000000,96.000000,100.000000,100.000000,5.0,798.8377,767.3102,5858.1432,5889.6706,PENDING_AG03,FALSE,NOT_FOR_ENFORCEMENT,6390.7016,3533200.0204,6656.9809,6390.7016,266.2792,0.00163983,0.00157424,266.2792,6390.7016,0.00157424,266.2792,266.2792,266.2792,0.0000,0.0000,6390.7016,0.00157424,798.8377,767.3102,5858.1432,5889.6706,0.00144305,0.00145082,0.00006559,418.2083,379.7376,0.6869,61.6387,1.8384,37588.4109,89.7407,538.3845,395.5999,218.4789,430.6076,432.5446,432.5446,1046.441,1081.3617,427.0584,0.0,2.43015,2.511246,0.971205,30,216,96,2,0.20383968,0.00163983,-0.01249836,0E-8,0.000000,0.906607,0.000000,0.01775797,2026-03-22,2026-08-06,108,3621,2443,138,0.782609,1.360932,1.287360,0.679466,,,,,,,,GLOBAL_BASELINE_NO_ENTITY_RANKING,,,NOT_APPLICABLE_GLOBAL_BASELINE,HF9g-P5,,,,X 全窗基线 · 不参与实体赏罚,14199506,1420,A168_HF9F_20260827_0900,2026-08-27 09:00:00
2026-06-23,57024343,1509,0,1076.5189682642,-1076.5189682642,-1076.5189682642,0E-7,1,1,0.50665070000000000,0.506650700000,-1.013391052207602,-1.013391052207602,-1.013391052207602,0E-17,ELIGIBLE,R03b_20260811_FULL_v1,L1_ELIGIBILITY,v2026-08-11,2026-03-21..2026-08-06,baccarat_bet02_101_all_pairs_incl_sentinel,round_win = game_pnl > 0 (decisive only),COMPATIBILITY_ONLY_NOT_PRODUCTION,4059548.3812,3680416.6879,6656.9809,9707,9692,-0.00163983,0.01249836,-0.00525961,-0.00163983,-6656.9809,4059548.3812,OK,0.0000,266.2792,4.0000,96.0000,AG03-UNRESOLVED,ALL5_LEVELS_bet23_to_bet27,266.2792,266.2792,266.2792,0.0000,0.0000,4.000000,4.000000,4.000000,0.000000,0.000000,96.000000,96.000000,96.000000,100.000000,100.000000,5.0,798.8377,767.3102,5858.1432,5889.6706,PENDING_AG03,FALSE,NOT_FOR_ENFORCEMENT,6390.7016,3533200.0204,6656.9809,6390.7016,266.2792,0.00163983,0.00157424,266.2792,6390.7016,0.00157424,266.2792,266.2792,266.2792,0.0000,0.0000,6390.7016,0.00157424,798.8377,767.3102,5858.1432,5889.6706,0.00144305,0.00145082,0.00006559,418.2083,379.7376,0.6869,61.6387,1.8384,37588.4109,89.7407,538.3845,395.5999,218.4789,430.6076,432.5446,432.5446,1046.441,1081.3617,427.0584,0.0,2.43015,2.511246,0.971205,30,216,96,2,0.20383968,0.00163983,-0.01249836,0E-8,0.000000,0.906607,0.000000,0.01775797,2026-03-22,2026-08-06,108,3621,2443,138,0.782609,1.360932,1.287360,0.679466,,,,,,,,GLOBAL_BASELINE_NO_ENTITY_RANKING,,,NOT_APPLICABLE_GLOBAL_BASELINE,HF9g-P5,,,,X 全窗基线 · 不参与实体赏罚,14199507,1420,A168_HF9F_20260827_0900,2026-08-27 09:00:00
2026-06-23,57024343,1940,0,1076.5189682642,-1076.5189682642,-1076.5189682642,0E-7,1,1,0.50665070000000000,0.506650700000,-1.013391052207602,-1.013391052207602,-1.013391052207602,0E-17,ELIGIBLE,R03b_20260811_FULL_v1,L1_ELIGIBILITY,v2026-08-11,2026-03-21..2026-08-06,baccarat_bet02_101_all_pairs_incl_sentinel,round_win = game_pnl > 0 (decisive only),COMPATIBILITY_ONLY_NOT_PRODUCTION,4059548.3812,3680416.6879,6656.9809,9707,9692,-0.00163983,0.01249836,-0.00525961,-0.00163983,-6656.9809,4059548.3812,OK,0.0000,266.2792,4.0000,96.0000,AG03-UNRESOLVED,ALL5_LEVELS_bet23_to_bet27,266.2792,266.2792,266.2792,0.0000,0.0000,4.000000,4.000000,4.000000,0.000000,0.000000,96.000000,96.000000,96.000000,100.000000,100.000000,5.0,798.8377,767.3102,5858.1432,5889.6706,PENDING_AG03,FALSE,NOT_FOR_ENFORCEMENT,6390.7016,3533200.0204,6656.9809,6390.7016,266.2792,0.00163983,0.00157424,266.2792,6390.7016,0.00157424,266.2792,266.2792,266.2792,0.0000,0.0000,6390.7016,0.00157424,798.8377,767.3102,5858.1432,5889.6706,0.00144305,0.00145082,0.00006559,418.2083,379.7376,0.6869,61.6387,1.8384,37588.4109,89.7407,538.3845,395.5999,218.4789,430.6076,432.5446,432.5446,1046.441,1081.3617,427.0584,0.0,2.43015,2.511246,0.971205,30,216,96,2,0.20383968,0.00163983,-0.01249836,0E-8,0.000000,0.906607,0.000000,0.01775797,2026-03-22,2026-08-06,108,3621,2443,138,0.782609,1.360932,1.287360,0.679466,,,,,,,,GLOBAL_BASELINE_NO_ENTITY_RANKING,,,NOT_APPLICABLE_GLOBAL_BASELINE,HF9g-P5,,,,X 全窗基线 · 不参与实体赏罚,14199508,1420,A168_HF9F_20260827_0900,2026-08-27 09:00:00
2026-06-23,57024343,1963,0,1076.5189682642,-1076.5189682642,-1076.5189682642,0E-7,1,1,0.50665070000000000,0.506650700000,-1.013391052207602,-1.013391052207602,-1.013391052207602,0E-17,ELIGIBLE,R03b_20260811_FULL_v1,L1_ELIGIBILITY,v2026-08-11,2026-03-21..2026-08-06,baccarat_bet02_101_all_pairs_incl_sentinel,round_win = game_pnl > 0 (decisive only),COMPATIBILITY_ONLY_NOT_PRODUCTION,4059548.3812,3680416.6879,6656.9809,9707,9692,-0.00163983,0.01249836,-0.00525961,-0.00163983,-6656.9809,4059548.3812,OK,0.0000,266.2792,4.0000,96.0000,AG03-UNRESOLVED,ALL5_LEVELS_bet23_to_bet27,266.2792,266.2792,266.2792,0.0000,0.0000,4.000000,4.000000,4.000000,0.000000,0.000000,96.000000,96.000000,96.000000,100.000000,100.000000,5.0,798.8377,767.3102,5858.1432,5889.6706,PENDING_AG03,FALSE,NOT_FOR_ENFORCEMENT,6390.7016,3533200.0204,6656.9809,6390.7016,266.2792,0.00163983,0.00157424,266.2792,6390.7016,0.00157424,266.2792,266.2792,266.2792,0.0000,0.0000,6390.7016,0.00157424,798.8377,767.3102,5858.1432,5889.6706,0.00144305,0.00145082,0.00006559,418.2083,379.7376,0.6869,61.6387,1.8384,37588.4109,89.7407,538.3845,395.5999,218.4789,430.6076,432.5446,432.5446,1046.441,1081.3617,427.0584,0.0,2.43015,2.511246,0.971205,30,216,96,2,0.20383968,0.00163983,-0.01249836,0E-8,0.000000,0.906607,0.000000,0.01775797,2026-03-22,2026-08-06,108,3621,2443,138,0.782609,1.360932,1.287360,0.679466,,,,,,,,GLOBAL_BASELINE_NO_ENTITY_RANKING,,,NOT_APPLICABLE_GLOBAL_BASELINE,HF9g-P5,,,,X 全窗基线 · 不参与实体赏罚,14199509,1420,A168_HF9F_20260827_0900,2026-08-27 09:00:00
2026-06-23,57024343,2123,0,2153.0379365284,2045.3860397020,2045.3860397020,1.0000000,2,2,0.50665070000000000,0.506650700000,1.3955260008387969,1.3955260008387969,1.3955260008387969,0E-17,ELIGIBLE,R03b_20260811_FULL_v1,L1_ELIGIBILITY,v2026-08-11,2026-03-21..2026-08-06,baccarat_bet02_101_all_pairs_incl_sentinel,round_win = game_pnl > 0 (decisive only),COMPATIBILITY_ONLY_NOT_PRODUCTION,4059548.3812,3680416.6879,6656.9809,9707,9692,-0.00163983,0.01249836,-0.00525961,-0.00163983,-6656.9809,4059548.3812,OK,0.0000,266.2792,4.0000,96.0000,AG03-UNRESOLVED,ALL5_LEVELS_bet23_to_bet27,266.2792,266.2792,266.2792,0.0000,0.0000,4.000000,4.000000,4.000000,0.000000,0.000000,96.000000,96.000000,96.000000,100.000000,100.000000,5.0,798.8377,767.3102,5858.1432,5889.6706,PENDING_AG03,FALSE,NOT_FOR_ENFORCEMENT,6390.7016,3533200.0204,6656.9809,6390.7016,266.2792,0.00163983,0.00157424,266.2792,6390.7016,0.00157424,266.2792,266.2792,266.2792,0.0000,0.0000,6390.7016,0.00157424,798.8377,767.3102,5858.1432,5889.6706,0.00144305,0.00145082,0.00006559,418.2083,379.7376,0.6869,61.6387,1.8384,37588.4109,89.7407,538.3845,395.5999,218.4789,430.6076,432.5446,432.5446,1046.441,1081.3617,427.0584,0.0,2.43015,2.511246,0.971205,30,216,96,2,0.20383968,0.00163983,-0.01249836,0E-8,0.000000,0.906607,0.000000,0.01775797,2026-03-22,2026-08-06,108,3621,2443,138,0.782609,1.360932,1.287360,0.679466,,,,,,,,GLOBAL_BASELINE_NO_ENTITY_RANKING,,,NOT_APPLICABLE_GLOBAL_BASELINE,HF9g-P5,,,,X 全窗基线 · 不参与实体赏罚,14199510,1420,A168_HF9F_20260827_0900,2026-08-27 09:00:00
2026-06-23,57024343,2134,0,4090.7720794040,2863.5404555828,2863.5404555828,1.0000000,4,4,0.50665070000000000,0.506650700000,1.7091633124209307,1.7091633124209307,1.7091633124209307,0E-17,ELIGIBLE,R03b_20260811_FULL_v1,L1_ELIGIBILITY,v2026-08-11,2026-03-21..2026-08-06,baccarat_bet02_101_all_pairs_incl_sentinel,round_win = game_pnl > 0 (decisive only),COMPATIBILITY_ONLY_NOT_PRODUCTION,4059548.3812,3680416.6879,6656.9809,9707,9692,-0.00163983,0.01249836,-0.00525961,-0.00163983,-6656.9809,4059548.3812,OK,0.0000,266.2792,4.0000,96.0000,AG03-UNRESOLVED,ALL5_LEVELS_bet23_to_bet27,266.2792,266.2792,266.2792,0.0000,0.0000,4.000000,4.000000,4.000000,0.000000,0.000000,96.000000,96.000000,96.000000,100.000000,100.000000,5.0,798.8377,767.3102,5858.1432,5889.6706,PENDING_AG03,FALSE,NOT_FOR_ENFORCEMENT,6390.7016,3533200.0204,6656.9809,6390.7016,266.2792,0.00163983,0.00157424,266.2792,6390.7016,0.00157424,266.2792,266.2792,266.2792,0.0000,0.0000,6390.7016,0.00157424,798.8377,767.3102,5858.1432,5889.6706,0.00144305,0.00145082,0.00006559,418.2083,379.7376,0.6869,61.6387,1.8384,37588.4109,89.7407,538.3845,395.5999,218.4789,430.6076,432.5446,432.5446,1046.441,1081.3617,427.0584,0.0,2.43015,2.511246,0.971205,30,216,96,2,0.20383968,0.00163983,-0.01249836,0E-8,0.000000,0.906607,0.000000,0.01775797,2026-03-22,2026-08-06,108,3621,2443,138,0.782609,1.360932,1.287360,0.679466,,,,,,,,GLOBAL_BASELINE_NO_ENTITY_RANKING,,,NOT_APPLICABLE_GLOBAL_BASELINE,HF9g-P5,,,,X 全窗基线 · 不参与实体赏罚,14199511,1420,A168_HF9F_20260827_0900,2026-08-27 09:00:00
2026-06-23,57024343,2205,0,2153.0379365284,-53.8259484132,-53.8259484132,0.5000000,2,2,0.50665070000000000,0.506650700000,-0.018812684590367487,-0.018812684590367487,-0.018812684590367487,0E-17,ELIGIBLE,R03b_20260811_FULL_v1,L1_ELIGIBILITY,v2026-08-11,2026-03-21..2026-08-06,baccarat_bet02_101_all_pairs_incl_sentinel,round_win = game_pnl > 0 (decisive only),COMPATIBILITY_ONLY_NOT_PRODUCTION,4059548.3812,3680416.6879,6656.9809,9707,9692,-0.00163983,0.01249836,-0.00525961,-0.00163983,-6656.9809,4059548.3812,OK,0.0000,266.2792,4.0000,96.0000,AG03-UNRESOLVED,ALL5_LEVELS_bet23_to_bet27,266.2792,266.2792,266.2792,0.0000,0.0000,4.000000,4.000000,4.000000,0.000000,0.000000,96.000000,96.000000,96.000000,100.000000,100.000000,5.0,798.8377,767.3102,5858.1432,5889.6706,PENDING_AG03,FALSE,NOT_FOR_ENFORCEMENT,6390.7016,3533200.0204,6656.9809,6390.7016,266.2792,0.00163983,0.00157424,266.2792,6390.7016,0.00157424,266.2792,266.2792,266.2792,0.0000,0.0000,6390.7016,0.00157424,798.8377,767.3102,5858.1432,5889.6706,0.00144305,0.00145082,0.00006559,418.2083,379.7376,0.6869,61.6387,1.8384,37588.4109,89.7407,538.3845,395.5999,218.4789,430.6076,432.5446,432.5446,1046.441,1081.3617,427.0584,0.0,2.43015,2.511246,0.971205,30,216,96,2,0.20383968,0.00163983,-0.01249836,0E-8,0.000000,0.906607,0.000000,0.01775797,2026-03-22,2026-08-06,108,3621,2443,138,0.782609,1.360932,1.287360,0.679466,,,,,,,,GLOBAL_BASELINE_NO_ENTITY_RANKING,,,NOT_APPLICABLE_GLOBAL_BASELINE,HF9g-P5,,,,X 全窗基线 · 不参与实体赏罚,14199512,1420,A168_HF9F_20260827_0900,2026-08-27 09:00:00
2026-06-23,57024343,2251,0,1076.5189682642,1022.6930198510,1022.6930198510,1.0000000,1,1,0.50665070000000000,0.506650700000,0.9867858985152569,0.9867858985152569,0.9867858985152569,0E-17,ELIGIBLE,R03b_20260811_FULL_v1,L1_ELIGIBILITY,v2026-08-11,2026-03-21..2026-08-06,baccarat_bet02_101_all_pairs_incl_sentinel,round_win = game_pnl > 0 (decisive only),COMPATIBILITY_ONLY_NOT_PRODUCTION,4059548.3812,3680416.6879,6656.9809,9707,9692,-0.00163983,0.01249836,-0.00525961,-0.00163983,-6656.9809,4059548.3812,OK,0.0000,266.2792,4.0000,96.0000,AG03-UNRESOLVED,ALL5_LEVELS_bet23_to_bet27,266.2792,266.2792,266.2792,0.0000,0.0000,4.000000,4.000000,4.000000,0.000000,0.000000,96.000000,96.000000,96.000000,100.000000,100.000000,5.0,798.8377,767.3102,5858.1432,5889.6706,PENDING_AG03,FALSE,NOT_FOR_ENFORCEMENT,6390.7016,3533200.0204,6656.9809,6390.7016,266.2792,0.00163983,0.00157424,266.2792,6390.7016,0.00157424,266.2792,266.2792,266.2792,0.0000,0.0000,6390.7016,0.00157424,798.8377,767.3102,5858.1432,5889.6706,0.00144305,0.00145082,0.00006559,418.2083,379.7376,0.6869,61.6387,1.8384,37588.4109,89.7407,538.3845,395.5999,218.4789,430.6076,432.5446,432.5446,1046.441,1081.3617,427.0584,0.0,2.43015,2.511246,0.971205,30,216,96,2,0.20383968,0.00163983,-0.01249836,0E-8,0.000000,0.906607,0.000000,0.01775797,2026-03-22,2026-08-06,108,3621,2443,138,0.782609,1.360932,1.287360,0.679466,,,,,,,,GLOBAL_BASELINE_NO_ENTITY_RANKING,,,NOT_APPLICABLE_GLOBAL_BASELINE,HF9g-P5,,,,X 全窗基线 · 不参与实体赏罚,14199513,1420,A168_HF9F_20260827_0900,2026-08-27 09:00:00
2026-06-23,57024343,2280,0,2153.0379365284,-53.8259484132,-53.8259484132,0.5000000,2,2,0.50665070000000000,0.506650700000,-0.018812684590367487,-0.018812684590367487,-0.018812684590367487,0E-17,ELIGIBLE,R03b_20260811_FULL_v1,L1_ELIGIBILITY,v2026-08-11,2026-03-21..2026-08-06,baccarat_bet02_101_all_pairs_incl_sentinel,round_win = game_pnl > 0 (decisive only),COMPATIBILITY_ONLY_NOT_PRODUCTION,4059548.3812,3680416.6879,6656.9809,9707,9692,-0.00163983,0.01249836,-0.00525961,-0.00163983,-6656.9809,4059548.3812,OK,0.0000,266.2792,4.0000,96.0000,AG03-UNRESOLVED,ALL5_LEVELS_bet23_to_bet27,266.2792,266.2792,266.2792,0.0000,0.0000,4.000000,4.000000,4.000000,0.000000,0.000000,96.000000,96.000000,96.000000,100.000000,100.000000,5.0,798.8377,767.3102,5858.1432,5889.6706,PENDING_AG03,FALSE,NOT_FOR_ENFORCEMENT,6390.7016,3533200.0204,6656.9809,6390.7016,266.2792,0.00163983,0.00157424,266.2792,6390.7016,0.00157424,266.2792,266.2792,266.2792,0.0000,0.0000,6390.7016,0.00157424,798.8377,767.3102,5858.1432,5889.6706,0.00144305,0.00145082,0.00006559,418.2083,379.7376,0.6869,61.6387,1.8384,37588.4109,89.7407,538.3845,395.5999,218.4789,430.6076,432.5446,432.5446,1046.441,1081.3617,427.0584,0.0,2.43015,2.511246,0.971205,30,216,96,2,0.20383968,0.00163983,-0.01249836,0E-8,0.000000,0.906607,0.000000,0.01775797,2026-03-22,2026-08-06,108,3621,2443,138,0.782609,1.360932,1.287360,0.679466,,,,,,,,GLOBAL_BASELINE_NO_ENTITY_RANKING,,,NOT_APPLICABLE_GLOBAL_BASELINE,HF9g-P5,,,,X 全窗基线 · 不参与实体赏罚,14199514,1420,A168_HF9F_20260827_0900,2026-08-27 09:00:00
2026-06-23,57024343,583,0,2153.0379365284,-53.8259484132,-53.8259484132,0.5000000,2,2,0.50665070000000000,0.506650700000,-0.018812684590367487,-0.018812684590367487,-0.018812684590367487,0E-17,ELIGIBLE,R03b_20260811_FULL_v1,L1_ELIGIBILITY,v2026-08-11,2026-03-21..2026-08-06,baccarat_bet02_101_all_pairs_incl_sentinel,round_win = game_pnl > 0 (decisive only),COMPATIBILITY_ONLY_NOT_PRODUCTION,4059548.3812,3680416.6879,6656.9809,9707,9692,-0.00163983,0.01249836,-0.00525961,-0.00163983,-6656.9809,4059548.3812,OK,0.0000,266.2792,4.0000,96.0000,AG03-UNRESOLVED,ALL5_LEVELS_bet23_to_bet27,266.2792,266.2792,266.2792,0.0000,0.0000,4.000000,4.000000,4.000000,0.000000,0.000000,96.000000,96.000000,96.000000,100.000000,100.000000,5.0,798.8377,767.3102,5858.1432,5889.6706,PENDING_AG03,FALSE,NOT_FOR_ENFORCEMENT,6390.7016,3533200.0204,6656.9809,6390.7016,266.2792,0.00163983,0.00157424,266.2792,6390.7016,0.00157424,266.2792,266.2792,266.2792,0.0000,0.0000,6390.7016,0.00157424,798.8377,767.3102,5858.1432,5889.6706,0.00144305,0.00145082,0.00006559,418.2083,379.7376,0.6869,61.6387,1.8384,37588.4109,89.7407,538.3845,395.5999,218.4789,430.6076,432.5446,432.5446,1046.441,1081.3617,427.0584,0.0,2.43015,2.511246,0.971205,30,216,96,2,0.20383968,0.00163983,-0.01249836,0E-8,0.000000,0.906607,0.000000,0.01775797,2026-03-22,2026-08-06,108,3621,2443,138,0.782609,1.360932,1.287360,0.679466,,,,,,,,GLOBAL_BASELINE_NO_ENTITY_RANKING,,,NOT_APPLICABLE_GLOBAL_BASELINE,HF9g-P5,,,,X 全窗基线 · 不参与实体赏罚,14199515,1420,A168_HF9F_20260827_0900,2026-08-27 09:00:00
2026-06-23,57024343,987,0,1076.5189682642,-1076.5189682642,-1076.5189682642,0E-7,1,1,0.50665070000000000,0.506650700000,-1.013391052207602,-1.013391052207602,-1.013391052207602,0E-17,ELIGIBLE,R03b_20260811_FULL_v1,L1_ELIGIBILITY,v2026-08-11,2026-03-21..2026-08-06,baccarat_bet02_101_all_pairs_incl_sentinel,round_win = game_pnl > 0 (decisive only),COMPATIBILITY_ONLY_NOT_PRODUCTION,4059548.3812,3680416.6879,6656.9809,9707,9692,-0.00163983,0.01249836,-0.00525961,-0.00163983,-6656.9809,4059548.3812,OK,0.0000,266.2792,4.0000,96.0000,AG03-UNRESOLVED,ALL5_LEVELS_bet23_to_bet27,266.2792,266.2792,266.2792,0.0000,0.0000,4.000000,4.000000,4.000000,0.000000,0.000000,96.000000,96.000000,96.000000,100.000000,100.000000,5.0,798.8377,767.3102,5858.1432,5889.6706,PENDING_AG03,FALSE,NOT_FOR_ENFORCEMENT,6390.7016,3533200.0204,6656.9809,6390.7016,266.2792,0.00163983,0.00157424,266.2792,6390.7016,0.00157424,266.2792,266.2792,266.2792,0.0000,0.0000,6390.7016,0.00157424,798.8377,767.3102,5858.1432,5889.6706,0.00144305,0.00145082,0.00006559,418.2083,379.7376,0.6869,61.6387,1.8384,37588.4109,89.7407,538.3845,395.5999,218.4789,430.6076,432.5446,432.5446,1046.441,1081.3617,427.0584,0.0,2.43015,2.511246,0.971205,30,216,96,2,0.20383968,0.00163983,-0.01249836,0E-8,0.000000,0.906607,0.000000,0.01775797,2026-03-22,2026-08-06,108,3621,2443,138,0.782609,1.360932,1.287360,0.679466,,,,,,,,GLOBAL_BASELINE_NO_ENTITY_RANKING,,,NOT_APPLICABLE_GLOBAL_BASELINE,HF9g-P5,,,,X 全窗基线 · 不参与实体赏罚,14199516,1420,A168_HF9F_20260827_0900,2026-08-27 09:00:00
2026-06-24,57024343,-1,1,4306.0758730568,-2206.8638849416,-2206.8638849416,0.2500000,4,4,0.50665070000000000,0.506650700000,-1.0266936290537745,-1.0266936290537745,-1.0266936290537745,0E-17,SENTINEL_DEALER,R03b_20260811_FULL_v1,L1_ELIGIBILITY,v2026-08-11,2026-03-21..2026-08-06,baccarat_bet02_101_all_pairs_incl_sentinel,round_win = game_pnl > 0 (decisive only),COMPATIBILITY_ONLY_NOT_PRODUCTION,4059548.3812,3680416.6879,6656.9809,9707,9692,-0.00163983,0.01249836,-0.00525961,-0.00163983,-6656.9809,4059548.3812,OK,0.0000,266.2792,4.0000,96.0000,AG03-UNRESOLVED,ALL5_LEVELS_bet23_to_bet27,266.2792,266.2792,266.2792,0.0000,0.0000,4.000000,4.000000,4.000000,0.000000,0.000000,96.000000,96.000000,96.000000,100.000000,100.000000,5.0,798.8377,767.3102,5858.1432,5889.6706,PENDING_AG03,FALSE,NOT_FOR_ENFORCEMENT,6390.7016,3533200.0204,6656.9809,6390.7016,266.2792,0.00163983,0.00157424,266.2792,6390.7016,0.00157424,266.2792,266.2792,266.2792,0.0000,0.0000,6390.7016,0.00157424,798.8377,767.3102,5858.1432,5889.6706,0.00144305,0.00145082,0.00006559,418.2083,379.7376,0.6869,61.6387,1.8384,37588.4109,89.7407,538.3845,395.5999,218.4789,430.6076,432.5446,432.5446,1046.441,1081.3617,427.0584,0.0,2.43015,2.511246,0.971205,30,216,96,2,0.20383968,0.00163983,-0.01249836,0E-8,0.000000,0.906607,0.000000,0.01775797,2026-03-22,2026-08-06,108,3621,2443,138,0.782609,1.360932,1.287360,0.679466,,,,,,,,GLOBAL_BASELINE_NO_ENTITY_RANKING,,,NOT_APPLICABLE_GLOBAL_BASELINE,HF9g-P5,,,,X 全窗基线 · 不参与实体赏罚,14199517,1420,A168_HF9F_20260827_0900,2026-08-27 09:00:00
2026-06-24,57024343,1017,0,1076.5189682642,-1076.5189682642,-1076.5189682642,0E-7,1,1,0.50665070000000000,0.506650700000,-1.013391052207602,-1.013391052207602,-1.013391052207602,0E-17,ELIGIBLE,R03b_20260811_FULL_v1,L1_ELIGIBILITY,v2026-08-11,2026-03-21..2026-08-06,baccarat_bet02_101_all_pairs_incl_sentinel,round_win = game_pnl > 0 (decisive only),COMPATIBILITY_ONLY_NOT_PRODUCTION,4059548.3812,3680416.6879,6656.9809,9707,9692,-0.00163983,0.01249836,-0.00525961,-0.00163983,-6656.9809,4059548.3812,OK,0.0000,266.2792,4.0000,96.0000,AG03-UNRESOLVED,ALL5_LEVELS_bet23_to_bet27,266.2792,266.2792,266.2792,0.0000,0.0000,4.000000,4.000000,4.000000,0.000000,0.000000,96.000000,96.000000,96.000000,100.000000,100.000000,5.0,798.8377,767.3102,5858.1432,5889.6706,PENDING_AG03,FALSE,NOT_FOR_ENFORCEMENT,6390.7016,3533200.0204,6656.9809,6390.7016,266.2792,0.00163983,0.00157424,266.2792,6390.7016,0.00157424,266.2792,266.2792,266.2792,0.0000,0.0000,6390.7016,0.00157424,798.8377,767.3102,5858.1432,5889.6706,0.00144305,0.00145082,0.00006559,418.2083,379.7376,0.6869,61.6387,1.8384,37588.4109,89.7407,538.3845,395.5999,218.4789,430.6076,432.5446,432.5446,1046.441,1081.3617,427.0584,0.0,2.43015,2.511246,0.971205,30,216,96,2,0.20383968,0.00163983,-0.01249836,0E-8,0.000000,0.906607,0.000000,0.01775797,2026-03-22,2026-08-06,108,3621,2443,138,0.782609,1.360932,1.287360,0.679466,,,,,,,,GLOBAL_BASELINE_NO_ENTITY_RANKING,,,NOT_APPLICABLE_GLOBAL_BASELINE,HF9g-P5,,,,X 全窗基线 · 不参与实体赏罚,14199518,1420,A168_HF9F_20260827_0900,2026-08-27 09:00:00
2026-06-24,57024343,1306,0,2153.0379365284,-2153.0379365284,-2153.0379365284,0E-7,2,2,0.50665070000000000,0.506650700000,-1.4331513700195317,-1.4331513700195317,-1.4331513700195317,0E-17,ELIGIBLE,R03b_20260811_FULL_v1,L1_ELIGIBILITY,v2026-08-11,2026-03-21..2026-08-06,baccarat_bet02_101_all_pairs_incl_sentinel,round_win = game_pnl > 0 (decisive only),COMPATIBILITY_ONLY_NOT_PRODUCTION,4059548.3812,3680416.6879,6656.9809,9707,9692,-0.00163983,0.01249836,-0.00525961,-0.00163983,-6656.9809,4059548.3812,OK,0.0000,266.2792,4.0000,96.0000,AG03-UNRESOLVED,ALL5_LEVELS_bet23_to_bet27,266.2792,266.2792,266.2792,0.0000,0.0000,4.000000,4.000000,4.000000,0.000000,0.000000,96.000000,96.000000,96.000000,100.000000,100.000000,5.0,798.8377,767.3102,5858.1432,5889.6706,PENDING_AG03,FALSE,NOT_FOR_ENFORCEMENT,6390.7016,3533200.0204,6656.9809,6390.7016,266.2792,0.00163983,0.00157424,266.2792,6390.7016,0.00157424,266.2792,266.2792,266.2792,0.0000,0.0000,6390.7016,0.00157424,798.8377,767.3102,5858.1432,5889.6706,0.00144305,0.00145082,0.00006559,418.2083,379.7376,0.6869,61.6387,1.8384,37588.4109,89.7407,538.3845,395.5999,218.4789,430.6076,432.5446,432.5446,1046.441,1081.3617,427.0584,0.0,2.43015,2.511246,0.971205,30,216,96,2,0.20383968,0.00163983,-0.01249836,0E-8,0.000000,0.906607,0.000000,0.01775797,2026-03-22,2026-08-06,108,3621,2443,138,0.782609,1.360932,1.287360,0.679466,,,,,,,,GLOBAL_BASELINE_NO_ENTITY_RANKING,,,NOT_APPLICABLE_GLOBAL_BASELINE,HF9g-P5,,,,X 全窗基线 · 不参与实体赏罚,14199519,1420,A168_HF9F_20260827_0900,2026-08-27 09:00:00
2026-06-24,57024343,1402,0,2153.0379365284,2045.3860397020,2045.3860397020,1.0000000,2,2,0.50665070000000000,0.506650700000,1.3955260008387969,1.3955260008387969,1.3955260008387969,0E-17,ELIGIBLE,R03b_20260811_FULL_v1,L1_ELIGIBILITY,v2026-08-11,2026-03-21..2026-08-06,baccarat_bet02_101_all_pairs_incl_sentinel,round_win = game_pnl > 0 (decisive only),COMPATIBILITY_ONLY_NOT_PRODUCTION,4059548.3812,3680416.6879,6656.9809,9707,9692,-0.00163983,0.01249836,-0.00525961,-0.00163983,-6656.9809,4059548.3812,OK,0.0000,266.2792,4.0000,96.0000,AG03-UNRESOLVED,ALL5_LEVELS_bet23_to_bet27,266.2792,266.2792,266.2792,0.0000,0.0000,4.000000,4.000000,4.000000,0.000000,0.000000,96.000000,96.000000,96.000000,100.000000,100.000000,5.0,798.8377,767.3102,5858.1432,5889.6706,PENDING_AG03,FALSE,NOT_FOR_ENFORCEMENT,6390.7016,3533200.0204,6656.9809,6390.7016,266.2792,0.00163983,0.00157424,266.2792,6390.7016,0.00157424,266.2792,266.2792,266.2792,0.0000,0.0000,6390.7016,0.00157424,798.8377,767.3102,5858.1432,5889.6706,0.00144305,0.00145082,0.00006559,418.2083,379.7376,0.6869,61.6387,1.8384,37588.4109,89.7407,538.3845,395.5999,218.4789,430.6076,432.5446,432.5446,1046.441,1081.3617,427.0584,0.0,2.43015,2.511246,0.971205,30,216,96,2,0.20383968,0.00163983,-0.01249836,0E-8,0.000000,0.906607,0.000000,0.01775797,2026-03-22,2026-08-06,108,3621,2443,138,0.782609,1.360932,1.287360,0.679466,,,,,,,,GLOBAL_BASELINE_NO_ENTITY_RANKING,,,NOT_APPLICABLE_GLOBAL_BASELINE,HF9g-P5,,,,X 全窗基线 · 不参与实体赏罚,14199520,1420,A168_HF9F_20260827_0900,2026-08-27 09:00:00
2026-06-24,57024343,1405,0,2153.0379365284,-2153.0379365284,-2153.0379365284,0E-7,2,2,0.50665070000000000,0.506650700000,-1.4331513700195317,-1.4331513700195317,-1.4331513700195317,0E-17,ELIGIBLE,R03b_20260811_FULL_v1,L1_ELIGIBILITY,v2026-08-11,2026-03-21..2026-08-06,baccarat_bet02_101_all_pairs_incl_sentinel,round_win = game_pnl > 0 (decisive only),COMPATIBILITY_ONLY_NOT_PRODUCTION,4059548.3812,3680416.6879,6656.9809,9707,9692,-0.00163983,0.01249836,-0.00525961,-0.00163983,-6656.9809,4059548.3812,OK,0.0000,266.2792,4.0000,96.0000,AG03-UNRESOLVED,ALL5_LEVELS_bet23_to_bet27,266.2792,266.2792,266.2792,0.0000,0.0000,4.000000,4.000000,4.000000,0.000000,0.000000,96.000000,96.000000,96.000000,100.000000,100.000000,5.0,798.8377,767.3102,5858.1432,5889.6706,PENDING_AG03,FALSE,NOT_FOR_ENFORCEMENT,6390.7016,3533200.0204,6656.9809,6390.7016,266.2792,0.00163983,0.00157424,266.2792,6390.7016,0.00157424,266.2792,266.2792,266.2792,0.0000,0.0000,6390.7016,0.00157424,798.8377,767.3102,5858.1432,5889.6706,0.00144305,0.00145082,0.00006559,418.2083,379.7376,0.6869,61.6387,1.8384,37588.4109,89.7407,538.3845,395.5999,218.4789,430.6076,432.5446,432.5446,1046.441,1081.3617,427.0584,0.0,2.43015,2.511246,0.971205,30,216,96,2,0.20383968,0.00163983,-0.01249836,0E-8,0.000000,0.906607,0.000000,0.01775797,2026-03-22,2026-08-06,108,3621,2443,138,0.782609,1.360932,1.287360,0.679466,,,,,,,,GLOBAL_BASELINE_NO_ENTITY_RANKING,,,NOT_APPLICABLE_GLOBAL_BASELINE,HF9g-P5,,,,X 全窗基线 · 不参与实体赏罚,14199521,1420,A168_HF9F_20260827_0900,2026-08-27 09:00:00
2026-06-24,57024343,1654,0,1076.5189682642,1022.6930198510,1022.6930198510,1.0000000,1,1,0.50665070000000000,0.506650700000,0.9867858985152569,0.9867858985152569,0.9867858985152569,0E-17,ELIGIBLE,R03b_20260811_FULL_v1,L1_ELIGIBILITY,v2026-08-11,2026-03-21..2026-08-06,baccarat_bet02_101_all_pairs_incl_sentinel,round_win = game_pnl > 0 (decisive only),COMPATIBILITY_ONLY_NOT_PRODUCTION,4059548.3812,3680416.6879,6656.9809,9707,9692,-0.00163983,0.01249836,-0.00525961,-0.00163983,-6656.9809,4059548.3812,OK,0.0000,266.2792,4.0000,96.0000,AG03-UNRESOLVED,ALL5_LEVELS_bet23_to_bet27,266.2792,266.2792,266.2792,0.0000,0.0000,4.000000,4.000000,4.000000,0.000000,0.000000,96.000000,96.000000,96.000000,100.000000,100.000000,5.0,798.8377,767.3102,5858.1432,5889.6706,PENDING_AG03,FALSE,NOT_FOR_ENFORCEMENT,6390.7016,3533200.0204,6656.9809,6390.7016,266.2792,0.00163983,0.00157424,266.2792,6390.7016,0.00157424,266.2792,266.2792,266.2792,0.0000,0.0000,6390.7016,0.00157424,798.8377,767.3102,5858.1432,5889.6706,0.00144305,0.00145082,0.00006559,418.2083,379.7376,0.6869,61.6387,1.8384,37588.4109,89.7407,538.3845,395.5999,218.4789,430.6076,432.5446,432.5446,1046.441,1081.3617,427.0584,0.0,2.43015,2.511246,0.971205,30,216,96,2,0.20383968,0.00163983,-0.01249836,0E-8,0.000000,0.906607,0.000000,0.01775797,2026-03-22,2026-08-06,108,3621,2443,138,0.782609,1.360932,1.287360,0.679466,,,,,,,,GLOBAL_BASELINE_NO_ENTITY_RANKING,,,NOT_APPLICABLE_GLOBAL_BASELINE,HF9g-P5,,,,X 全窗基线 · 不参与实体赏罚,14199522,1420,A168_HF9F_20260827_0900,2026-08-27 09:00:00
2026-06-24,57024343,1702,0,1076.5189682642,-1076.5189682642,-1076.5189682642,0E-7,1,1,0.50665070000000000,0.506650700000,-1.013391052207602,-1.013391052207602,-1.013391052207602,0E-17,ELIGIBLE,R03b_20260811_FULL_v1,L1_ELIGIBILITY,v2026-08-11,2026-03-21..2026-08-06,baccarat_bet02_101_all_pairs_incl_sentinel,round_win = game_pnl > 0 (decisive only),COMPATIBILITY_ONLY_NOT_PRODUCTION,4059548.3812,3680416.6879,6656.9809,9707,9692,-0.00163983,0.01249836,-0.00525961,-0.00163983,-6656.9809,4059548.3812,OK,0.0000,266.2792,4.0000,96.0000,AG03-UNRESOLVED,ALL5_LEVELS_bet23_to_bet27,266.2792,266.2792,266.2792,0.0000,0.0000,4.000000,4.000000,4.000000,0.000000,0.000000,96.000000,96.000000,96.000000,100.000000,100.000000,5.0,798.8377,767.3102,5858.1432,5889.6706,PENDING_AG03,FALSE,NOT_FOR_ENFORCEMENT,6390.7016,3533200.0204,6656.9809,6390.7016,266.2792,0.00163983,0.00157424,266.2792,6390.7016,0.00157424,266.2792,266.2792,266.2792,0.0000,0.0000,6390.7016,0.00157424,798.8377,767.3102,5858.1432,5889.6706,0.00144305,0.00145082,0.00006559,418.2083,379.7376,0.6869,61.6387,1.8384,37588.4109,89.7407,538.3845,395.5999,218.4789,430.6076,432.5446,432.5446,1046.441,1081.3617,427.0584,0.0,2.43015,2.511246,0.971205,30,216,96,2,0.20383968,0.00163983,-0.01249836,0E-8,0.000000,0.906607,0.000000,0.01775797,2026-03-22,2026-08-06,108,3621,2443,138,0.782609,1.360932,1.287360,0.679466,,,,,,,,GLOBAL_BASELINE_NO_ENTITY_RANKING,,,NOT_APPLICABLE_GLOBAL_BASELINE,HF9g-P5,,,,X 全窗基线 · 不参与实体赏罚,14199523,1420,A168_HF9F_20260827_0900,2026-08-27 09:00:00
2026-06-24,57024343,1957,0,1076.5189682642,0E-10,0E-10,,1,1,0.50665070000000000,0.506650700000,,,,0E-17,NO_DECISIVE_ROUND,R03b_20260811_FULL_v1,L1_ELIGIBILITY,v2026-08-11,2026-03-21..2026-08-06,baccarat_bet02_101_all_pairs_incl_sentinel,round_win = game_pnl > 0 (decisive only),COMPATIBILITY_ONLY_NOT_PRODUCTION,4059548.3812,3680416.6879,6656.9809,9707,9692,-0.00163983,0.01249836,-0.00525961,-0.00163983,-6656.9809,4059548.3812,OK,0.0000,266.2792,4.0000,96.0000,AG03-UNRESOLVED,ALL5_LEVELS_bet23_to_bet27,266.2792,266.2792,266.2792,0.0000,0.0000,4.000000,4.000000,4.000000,0.000000,0.000000,96.000000,96.000000,96.000000,100.000000,100.000000,5.0,798.8377,767.3102,5858.1432,5889.6706,PENDING_AG03,FALSE,NOT_FOR_ENFORCEMENT,6390.7016,3533200.0204,6656.9809,6390.7016,266.2792,0.00163983,0.00157424,266.2792,6390.7016,0.00157424,266.2792,266.2792,266.2792,0.0000,0.0000,6390.7016,0.00157424,798.8377,767.3102,5858.1432,5889.6706,0.00144305,0.00145082,0.00006559,418.2083,379.7376,0.6869,61.6387,1.8384,37588.4109,89.7407,538.3845,395.5999,218.4789,430.6076,432.5446,432.5446,1046.441,1081.3617,427.0584,0.0,2.43015,2.511246,0.971205,30,216,96,2,0.20383968,0.00163983,-0.01249836,0E-8,0.000000,0.906607,0.000000,0.01775797,2026-03-22,2026-08-06,108,3621,2443,138,0.782609,1.360932,1.287360,0.679466,,,,,,,,GLOBAL_BASELINE_NO_ENTITY_RANKING,,,NOT_APPLICABLE_GLOBAL_BASELINE,HF9g-P5,,,,X 全窗基线 · 不参与实体赏罚,14199524,1420,A168_HF9F_20260827_0900,2026-08-27 09:00:00
2026-06-24,57024343,2117,0,1076.5189682642,1022.6930198510,1022.6930198510,1.0000000,1,1,0.50665070000000000,0.506650700000,0.9867858985152569,0.9867858985152569,0.9867858985152569,0E-17,ELIGIBLE,R03b_20260811_FULL_v1,L1_ELIGIBILITY,v2026-08-11,2026-03-21..2026-08-06,baccarat_bet02_101_all_pairs_incl_sentinel,round_win = game_pnl > 0 (decisive only),COMPATIBILITY_ONLY_NOT_PRODUCTION,4059548.3812,3680416.6879,6656.9809,9707,9692,-0.00163983,0.01249836,-0.00525961,-0.00163983,-6656.9809,4059548.3812,OK,0.0000,266.2792,4.0000,96.0000,AG03-UNRESOLVED,ALL5_LEVELS_bet23_to_bet27,266.2792,266.2792,266.2792,0.0000,0.0000,4.000000,4.000000,4.000000,0.000000,0.000000,96.000000,96.000000,96.000000,100.000000,100.000000,5.0,798.8377,767.3102,5858.1432,5889.6706,PENDING_AG03,FALSE,NOT_FOR_ENFORCEMENT,6390.7016,3533200.0204,6656.9809,6390.7016,266.2792,0.00163983,0.00157424,266.2792,6390.7016,0.00157424,266.2792,266.2792,266.2792,0.0000,0.0000,6390.7016,0.00157424,798.8377,767.3102,5858.1432,5889.6706,0.00144305,0.00145082,0.00006559,418.2083,379.7376,0.6869,61.6387,1.8384,37588.4109,89.7407,538.3845,395.5999,218.4789,430.6076,432.5446,432.5446,1046.441,1081.3617,427.0584,0.0,2.43015,2.511246,0.971205,30,216,96,2,0.20383968,0.00163983,-0.01249836,0E-8,0.000000,0.906607,0.000000,0.01775797,2026-03-22,2026-08-06,108,3621,2443,138,0.782609,1.360932,1.287360,0.679466,,,,,,,,GLOBAL_BASELINE_NO_ENTITY_RANKING,,,NOT_APPLICABLE_GLOBAL_BASELINE,HF9g-P5,,,,X 全窗基线 · 不参与实体赏罚,14199525,1420,A168_HF9F_20260827_0900,2026-08-27 09:00:00
2026-06-24,57024343,2216,0,1076.5189682642,-1076.5189682642,-1076.5189682642,0E-7,1,1,0.50665070000000000,0.506650700000,-1.013391052207602,-1.013391052207602,-1.013391052207602,0E-17,ELIGIBLE,R03b_20260811_FULL_v1,L1_ELIGIBILITY,v2026-08-11,2026-03-21..2026-08-06,baccarat_bet02_101_all_pairs_incl_sentinel,round_win = game_pnl > 0 (decisive only),COMPATIBILITY_ONLY_NOT_PRODUCTION,4059548.3812,3680416.6879,6656.9809,9707,9692,-0.00163983,0.01249836,-0.00525961,-0.00163983,-6656.9809,4059548.3812,OK,0.0000,266.2792,4.0000,96.0000,AG03-UNRESOLVED,ALL5_LEVELS_bet23_to_bet27,266.2792,266.2792,266.2792,0.0000,0.0000,4.000000,4.000000,4.000000,0.000000,0.000000,96.000000,96.000000,96.000000,100.000000,100.000000,5.0,798.8377,767.3102,5858.1432,5889.6706,PENDING_AG03,FALSE,NOT_FOR_ENFORCEMENT,6390.7016,3533200.0204,6656.9809,6390.7016,266.2792,0.00163983,0.00157424,266.2792,6390.7016,0.00157424,266.2792,266.2792,266.2792,0.0000,0.0000,6390.7016,0.00157424,798.8377,767.3102,5858.1432,5889.6706,0.00144305,0.00145082,0.00006559,418.2083,379.7376,0.6869,61.6387,1.8384,37588.4109,89.7407,538.3845,395.5999,218.4789,430.6076,432.5446,432.5446,1046.441,1081.3617,427.0584,0.0,2.43015,2.511246,0.971205,30,216,96,2,0.20383968,0.00163983,-0.01249836,0E-8,0.000000,0.906607,0.000000,0.01775797,2026-03-22,2026-08-06,108,3621,2443,138,0.782609,1.360932,1.287360,0.679466,,,,,,,,GLOBAL_BASELINE_NO_ENTITY_RANKING,,,NOT_APPLICABLE_GLOBAL_BASELINE,HF9g-P5,,,,X 全窗基线 · 不参与实体赏罚,14199526,1420,A168_HF9F_20260827_0900,2026-08-27 09:00:00
2026-06-24,57024343,2218,0,1076.5189682642,1022.6930198510,1022.6930198510,1.0000000,1,1,0.50665070000000000,0.506650700000,0.9867858985152569,0.9867858985152569,0.9867858985152569,0E-17,ELIGIBLE,R03b_20260811_FULL_v1,L1_ELIGIBILITY,v2026-08-11,2026-03-21..2026-08-06,baccarat_bet02_101_all_pairs_incl_sentinel,round_win = game_pnl > 0 (decisive only),COMPATIBILITY_ONLY_NOT_PRODUCTION,4059548.3812,3680416.6879,6656.9809,9707,9692,-0.00163983,0.01249836,-0.00525961,-0.00163983,-6656.9809,4059548.3812,OK,0.0000,266.2792,4.0000,96.0000,AG03-UNRESOLVED,ALL5_LEVELS_bet23_to_bet27,266.2792,266.2792,266.2792,0.0000,0.0000,4.000000,4.000000,4.000000,0.000000,0.000000,96.000000,96.000000,96.000000,100.000000,100.000000,5.0,798.8377,767.3102,5858.1432,5889.6706,PENDING_AG03,FALSE,NOT_FOR_ENFORCEMENT,6390.7016,3533200.0204,6656.9809,6390.7016,266.2792,0.00163983,0.00157424,266.2792,6390.7016,0.00157424,266.2792,266.2792,266.2792,0.0000,0.0000,6390.7016,0.00157424,798.8377,767.3102,5858.1432,5889.6706,0.00144305,0.00145082,0.00006559,418.2083,379.7376,0.6869,61.6387,1.8384,37588.4109,89.7407,538.3845,395.5999,218.4789,430.6076,432.5446,432.5446,1046.441,1081.3617,427.0584,0.0,2.43015,2.511246,0.971205,30,216,96,2,0.20383968,0.00163983,-0.01249836,0E-8,0.000000,0.906607,0.000000,0.01775797,2026-03-22,2026-08-06,108,3621,2443,138,0.782609,1.360932,1.287360,0.679466,,,,,,,,GLOBAL_BASELINE_NO_ENTITY_RANKING,,,NOT_APPLICABLE_GLOBAL_BASELINE,HF9g-P5,,,,X 全窗基线 · 不参与实体赏罚,14199527,1420,A168_HF9F_20260827_0900,2026-08-27 09:00:00
2026-06-24,57024343,2266,0,1076.5189682642,1022.6930198510,1022.6930198510,1.0000000,1,1,0.50665070000000000,0.506650700000,0.9867858985152569,0.9867858985152569,0.9867858985152569,0E-17,ELIGIBLE,R03b_20260811_FULL_v1,L1_ELIGIBILITY,v2026-08-11,2026-03-21..2026-08-06,baccarat_bet02_101_all_pairs_incl_sentinel,round_win = game_pnl > 0 (decisive only),COMPATIBILITY_ONLY_NOT_PRODUCTION,4059548.3812,3680416.6879,6656.9809,9707,9692,-0.00163983,0.01249836,-0.00525961,-0.00163983,-6656.9809,4059548.3812,OK,0.0000,266.2792,4.0000,96.0000,AG03-UNRESOLVED,ALL5_LEVELS_bet23_to_bet27,266.2792,266.2792,266.2792,0.0000,0.0000,4.000000,4.000000,4.000000,0.000000,0.000000,96.000000,96.000000,96.000000,100.000000,100.000000,5.0,798.8377,767.3102,5858.1432,5889.6706,PENDING_AG03,FALSE,NOT_FOR_ENFORCEMENT,6390.7016,3533200.0204,6656.9809,6390.7016,266.2792,0.00163983,0.00157424,266.2792,6390.7016,0.00157424,266.2792,266.2792,266.2792,0.0000,0.0000,6390.7016,0.00157424,798.8377,767.3102,5858.1432,5889.6706,0.00144305,0.00145082,0.00006559,418.2083,379.7376,0.6869,61.6387,1.8384,37588.4109,89.7407,538.3845,395.5999,218.4789,430.6076,432.5446,432.5446,1046.441,1081.3617,427.0584,0.0,2.43015,2.511246,0.971205,30,216,96,2,0.20383968,0.00163983,-0.01249836,0E-8,0.000000,0.906607,0.000000,0.01775797,2026-03-22,2026-08-06,108,3621,2443,138,0.782609,1.360932,1.287360,0.679466,,,,,,,,GLOBAL_BASELINE_NO_ENTITY_RANKING,,,NOT_APPLICABLE_GLOBAL_BASELINE,HF9g-P5,,,,X 全窗基线 · 不参与实体赏罚,14199528,1420,A168_HF9F_20260827_0900,2026-08-27 09:00:00
2026-06-24,57024343,752,0,2153.0379365284,2045.3860397020,2045.3860397020,1.0000000,2,2,0.50665070000000000,0.506650700000,1.3955260008387969,1.3955260008387969,1.3955260008387969,0E-17,ELIGIBLE,R03b_20260811_FULL_v1,L1_ELIGIBILITY,v2026-08-11,2026-03-21..2026-08-06,baccarat_bet02_101_all_pairs_incl_sentinel,round_win = game_pnl > 0 (decisive only),COMPATIBILITY_ONLY_NOT_PRODUCTION,4059548.3812,3680416.6879,6656.9809,9707,9692,-0.00163983,0.01249836,-0.00525961,-0.00163983,-6656.9809,4059548.3812,OK,0.0000,266.2792,4.0000,96.0000,AG03-UNRESOLVED,ALL5_LEVELS_bet23_to_bet27,266.2792,266.2792,266.2792,0.0000,0.0000,4.000000,4.000000,4.000000,0.000000,0.000000,96.000000,96.000000,96.000000,100.000000,100.000000,5.0,798.8377,767.3102,5858.1432,5889.6706,PENDING_AG03,FALSE,NOT_FOR_ENFORCEMENT,6390.7016,3533200.0204,6656.9809,6390.7016,266.2792,0.00163983,0.00157424,266.2792,6390.7016,0.00157424,266.2792,266.2792,266.2792,0.0000,0.0000,6390.7016,0.00157424,798.8377,767.3102,5858.1432,5889.6706,0.00144305,0.00145082,0.00006559,418.2083,379.7376,0.6869,61.6387,1.8384,37588.4109,89.7407,538.3845,395.5999,218.4789,430.6076,432.5446,432.5446,1046.441,1081.3617,427.0584,0.0,2.43015,2.511246,0.971205,30,216,96,2,0.20383968,0.00163983,-0.01249836,0E-8,0.000000,0.906607,0.000000,0.01775797,2026-03-22,2026-08-06,108,3621,2443,138,0.782609,1.360932,1.287360,0.679466,,,,,,,,GLOBAL_BASELINE_NO_ENTITY_RANKING,,,NOT_APPLICABLE_GLOBAL_BASELINE,HF9g-P5,,,,X 全窗基线 · 不参与实体赏罚,14199529,1420,A168_HF9F_20260827_0900,2026-08-27 09:00:00
2026-06-25,57024343,-1,1,1076.5189682642,-1076.5189682642,-1076.5189682642,0E-7,1,1,0.50665070000000000,0.506650700000,-1.013391052207602,-1.013391052207602,-1.013391052207602,0E-17,SENTINEL_DEALER,R03b_20260811_FULL_v1,L1_ELIGIBILITY,v2026-08-11,2026-03-21..2026-08-06,baccarat_bet02_101_all_pairs_incl_sentinel,round_win = game_pnl > 0 (decisive only),COMPATIBILITY_ONLY_NOT_PRODUCTION,4059548.3812,3680416.6879,6656.9809,9707,9692,-0.00163983,0.01249836,-0.00525961,-0.00163983,-6656.9809,4059548.3812,OK,0.0000,266.2792,4.0000,96.0000,AG03-UNRESOLVED,ALL5_LEVELS_bet23_to_bet27,266.2792,266.2792,266.2792,0.0000,0.0000,4.000000,4.000000,4.000000,0.000000,0.000000,96.000000,96.000000,96.000000,100.000000,100.000000,5.0,798.8377,767.3102,5858.1432,5889.6706,PENDING_AG03,FALSE,NOT_FOR_ENFORCEMENT,6390.7016,3533200.0204,6656.9809,6390.7016,266.2792,0.00163983,0.00157424,266.2792,6390.7016,0.00157424,266.2792,266.2792,266.2792,0.0000,0.0000,6390.7016,0.00157424,798.8377,767.3102,5858.1432,5889.6706,0.00144305,0.00145082,0.00006559,418.2083,379.7376,0.6869,61.6387,1.8384,37588.4109,89.7407,538.3845,395.5999,218.4789,430.6076,432.5446,432.5446,1046.441,1081.3617,427.0584,0.0,2.43015,2.511246,0.971205,30,216,96,2,0.20383968,0.00163983,-0.01249836,0E-8,0.000000,0.906607,0.000000,0.01775797,2026-03-22,2026-08-06,108,3621,2443,138,0.782609,1.360932,1.287360,0.679466,,,,,,,,GLOBAL_BASELINE_NO_ENTITY_RANKING,,,NOT_APPLICABLE_GLOBAL_BASELINE,HF9g-P5,,,,X 全窗基线 · 不参与实体赏罚,14199530,1420,A168_HF9F_20260827_0900,2026-08-27 09:00:00
2026-06-25,57024343,1017,0,1076.5189682642,1022.6930198510,1022.6930198510,1.0000000,1,1,0.50665070000000000,0.506650700000,0.9867858985152569,0.9867858985152569,0.9867858985152569,0E-17,ELIGIBLE,R03b_20260811_FULL_v1,L1_ELIGIBILITY,v2026-08-11,2026-03-21..2026-08-06,baccarat_bet02_101_all_pairs_incl_sentinel,round_win = game_pnl > 0 (decisive only),COMPATIBILITY_ONLY_NOT_PRODUCTION,4059548.3812,3680416.6879,6656.9809,9707,9692,-0.00163983,0.01249836,-0.00525961,-0.00163983,-6656.9809,4059548.3812,OK,0.0000,266.2792,4.0000,96.0000,AG03-UNRESOLVED,ALL5_LEVELS_bet23_to_bet27,266.2792,266.2792,266.2792,0.0000,0.0000,4.000000,4.000000,4.000000,0.000000,0.000000,96.000000,96.000000,96.000000,100.000000,100.000000,5.0,798.8377,767.3102,5858.1432,5889.6706,PENDING_AG03,FALSE,NOT_FOR_ENFORCEMENT,6390.7016,3533200.0204,6656.9809,6390.7016,266.2792,0.00163983,0.00157424,266.2792,6390.7016,0.00157424,266.2792,266.2792,266.2792,0.0000,0.0000,6390.7016,0.00157424,798.8377,767.3102,5858.1432,5889.6706,0.00144305,0.00145082,0.00006559,418.2083,379.7376,0.6869,61.6387,1.8384,37588.4109,89.7407,538.3845,395.5999,218.4789,430.6076,432.5446,432.5446,1046.441,1081.3617,427.0584,0.0,2.43015,2.511246,0.971205,30,216,96,2,0.20383968,0.00163983,-0.01249836,0E-8,0.000000,0.906607,0.000000,0.01775797,2026-03-22,2026-08-06,108,3621,2443,138,0.782609,1.360932,1.287360,0.679466,,,,,,,,GLOBAL_BASELINE_NO_ENTITY_RANKING,,,NOT_APPLICABLE_GLOBAL_BASELINE,HF9g-P5,,,,X 全窗基线 · 不参与实体赏罚,14199531,1420,A168_HF9F_20260827_0900,2026-08-27 09:00:00
2026-06-25,57024343,2089,0,1076.5189682642,1022.6930198510,1022.6930198510,1.0000000,1,1,0.50665070000000000,0.506650700000,0.9867858985152569,0.9867858985152569,0.9867858985152569,0E-17,ELIGIBLE,R03b_20260811_FULL_v1,L1_ELIGIBILITY,v2026-08-11,2026-03-21..2026-08-06,baccarat_bet02_101_all_pairs_incl_sentinel,round_win = game_pnl > 0 (decisive only),COMPATIBILITY_ONLY_NOT_PRODUCTION,4059548.3812,3680416.6879,6656.9809,9707,9692,-0.00163983,0.01249836,-0.00525961,-0.00163983,-6656.9809,4059548.3812,OK,0.0000,266.2792,4.0000,96.0000,AG03-UNRESOLVED,ALL5_LEVELS_bet23_to_bet27,266.2792,266.2792,266.2792,0.0000,0.0000,4.000000,4.000000,4.000000,0.000000,0.000000,96.000000,96.000000,96.000000,100.000000,100.000000,5.0,798.8377,767.3102,5858.1432,5889.6706,PENDING_AG03,FALSE,NOT_FOR_ENFORCEMENT,6390.7016,3533200.0204,6656.9809,6390.7016,266.2792,0.00163983,0.00157424,266.2792,6390.7016,0.00157424,266.2792,266.2792,266.2792,0.0000,0.0000,6390.7016,0.00157424,798.8377,767.3102,5858.1432,5889.6706,0.00144305,0.00145082,0.00006559,418.2083,379.7376,0.6869,61.6387,1.8384,37588.4109,89.7407,538.3845,395.5999,218.4789,430.6076,432.5446,432.5446,1046.441,1081.3617,427.0584,0.0,2.43015,2.511246,0.971205,30,216,96,2,0.20383968,0.00163983,-0.01249836,0E-8,0.000000,0.906607,0.000000,0.01775797,2026-03-22,2026-08-06,108,3621,2443,138,0.782609,1.360932,1.287360,0.679466,,,,,,,,GLOBAL_BASELINE_NO_ENTITY_RANKING,,,NOT_APPLICABLE_GLOBAL_BASELINE,HF9g-P5,,,,X 全窗基线 · 不参与实体赏罚,14199532,1420,A168_HF9F_20260827_0900,2026-08-27 09:00:00
2026-06-25,57024343,2271,0,1040.9938423115,-1040.9938423115,-1040.9938423115,0E-7,1,1,0.50665070000000000,0.506650700000,-1.013391052207602,-1.013391052207602,-1.013391052207602,0E-17,ELIGIBLE,R03b_20260811_FULL_v1,L1_ELIGIBILITY,v2026-08-11,2026-03-21..2026-08-06,baccarat_bet02_101_all_pairs_incl_sentinel,round_win = game_pnl > 0 (decisive only),COMPATIBILITY_ONLY_NOT_PRODUCTION,4059548.3812,3680416.6879,6656.9809,9707,9692,-0.00163983,0.01249836,-0.00525961,-0.00163983,-6656.9809,4059548.3812,OK,0.0000,266.2792,4.0000,96.0000,AG03-UNRESOLVED,ALL5_LEVELS_bet23_to_bet27,266.2792,266.2792,266.2792,0.0000,0.0000,4.000000,4.000000,4.000000,0.000000,0.000000,96.000000,96.000000,96.000000,100.000000,100.000000,5.0,798.8377,767.3102,5858.1432,5889.6706,PENDING_AG03,FALSE,NOT_FOR_ENFORCEMENT,6390.7016,3533200.0204,6656.9809,6390.7016,266.2792,0.00163983,0.00157424,266.2792,6390.7016,0.00157424,266.2792,266.2792,266.2792,0.0000,0.0000,6390.7016,0.00157424,798.8377,767.3102,5858.1432,5889.6706,0.00144305,0.00145082,0.00006559,418.2083,379.7376,0.6869,61.6387,1.8384,37588.4109,89.7407,538.3845,395.5999,218.4789,430.6076,432.5446,432.5446,1046.441,1081.3617,427.0584,0.0,2.43015,2.511246,0.971205,30,216,96,2,0.20383968,0.00163983,-0.01249836,0E-8,0.000000,0.906607,0.000000,0.01775797,2026-03-22,2026-08-06,108,3621,2443,138,0.782609,1.360932,1.287360,0.679466,,,,,,,,GLOBAL_BASELINE_NO_ENTITY_RANKING,,,NOT_APPLICABLE_GLOBAL_BASELINE,HF9g-P5,,,,X 全窗基线 · 不参与实体赏罚,14199533,1420,A168_HF9F_20260827_0900,2026-08-27 09:00:00
2026-06-26,57024343,-1,1,5382.5948413210,-53.8259484132,-53.8259484132,0.5000000,5,5,0.50396966000000000,0.503969660000,-0.0158791404612453,-0.0158791404612453,-0.0158791404612453,0E-17,SENTINEL_DEALER,R03b_20260811_FULL_v1,L1_ELIGIBILITY,v2026-08-11,2026-03-21..2026-08-06,baccarat_bet02_101_all_pairs_incl_sentinel,round_win = game_pnl > 0 (decisive only),COMPATIBILITY_ONLY_NOT_PRODUCTION,4059548.3812,3680416.6879,6656.9809,9707,9692,-0.00163983,0.01249836,-0.00525961,-0.00163983,-6656.9809,4059548.3812,OK,0.0000,266.2792,4.0000,96.0000,AG03-UNRESOLVED,ALL5_LEVELS_bet23_to_bet27,266.2792,266.2792,266.2792,0.0000,0.0000,4.000000,4.000000,4.000000,0.000000,0.000000,96.000000,96.000000,96.000000,100.000000,100.000000,5.0,798.8377,767.3102,5858.1432,5889.6706,PENDING_AG03,FALSE,NOT_FOR_ENFORCEMENT,6390.7016,3533200.0204,6656.9809,6390.7016,266.2792,0.00163983,0.00157424,266.2792,6390.7016,0.00157424,266.2792,266.2792,266.2792,0.0000,0.0000,6390.7016,0.00157424,798.8377,767.3102,5858.1432,5889.6706,0.00144305,0.00145082,0.00006559,418.2083,379.7376,0.6869,61.6387,1.8384,37588.4109,89.7407,538.3845,395.5999,218.4789,430.6076,432.5446,432.5446,1046.441,1081.3617,427.0584,0.0,2.43015,2.511246,0.971205,30,216,96,2,0.20383968,0.00163983,-0.01249836,0E-8,0.000000,0.906607,0.000000,0.01775797,2026-03-22,2026-08-06,108,3621,2443,138,0.782609,1.360932,1.287360,0.679466,,,,,,,,GLOBAL_BASELINE_NO_ENTITY_RANKING,,,NOT_APPLICABLE_GLOBAL_BASELINE,HF9g-P5,,,,X 全窗基线 · 不参与实体赏罚,14199534,1420,A168_HF9F_20260827_0900,2026-08-27 09:00:00
2026-06-26,57024343,1017,0,1076.5189682642,1022.6930198510,1022.6930198510,1.0000000,1,1,0.50665070000000000,0.506650700000,0.9867858985152569,0.9867858985152569,0.9867858985152569,0E-17,ELIGIBLE,R03b_20260811_FULL_v1,L1_ELIGIBILITY,v2026-08-11,2026-03-21..2026-08-06,baccarat_bet02_101_all_pairs_incl_sentinel,round_win = game_pnl > 0 (decisive only),COMPATIBILITY_ONLY_NOT_PRODUCTION,4059548.3812,3680416.6879,6656.9809,9707,9692,-0.00163983,0.01249836,-0.00525961,-0.00163983,-6656.9809,4059548.3812,OK,0.0000,266.2792,4.0000,96.0000,AG03-UNRESOLVED,ALL5_LEVELS_bet23_to_bet27,266.2792,266.2792,266.2792,0.0000,0.0000,4.000000,4.000000,4.000000,0.000000,0.000000,96.000000,96.000000,96.000000,100.000000,100.000000,5.0,798.8377,767.3102,5858.1432,5889.6706,PENDING_AG03,FALSE,NOT_FOR_ENFORCEMENT,6390.7016,3533200.0204,6656.9809,6390.7016,266.2792,0.00163983,0.00157424,266.2792,6390.7016,0.00157424,266.2792,266.2792,266.2792,0.0000,0.0000,6390.7016,0.00157424,798.8377,767.3102,5858.1432,5889.6706,0.00144305,0.00145082,0.00006559,418.2083,379.7376,0.6869,61.6387,1.8384,37588.4109,89.7407,538.3845,395.5999,218.4789,430.6076,432.5446,432.5446,1046.441,1081.3617,427.0584,0.0,2.43015,2.511246,0.971205,30,216,96,2,0.20383968,0.00163983,-0.01249836,0E-8,0.000000,0.906607,0.000000,0.01775797,2026-03-22,2026-08-06,108,3621,2443,138,0.782609,1.360932,1.287360,0.679466,,,,,,,,GLOBAL_BASELINE_NO_ENTITY_RANKING,,,NOT_APPLICABLE_GLOBAL_BASELINE,HF9g-P5,,,,X 全窗基线 · 不参与实体赏罚,14199535,1420,A168_HF9F_20260827_0900,2026-08-27 09:00:00
2026-06-26,57024343,1330,0,3229.5569047926,968.8670714378,968.8670714378,0.6666667,3,3,0.50665070000000000,0.506650700000,0.5543606114942035,0.5543606114942035,0.5543606114942035,0E-17,ELIGIBLE,R03b_20260811_FULL_v1,L1_ELIGIBILITY,v2026-08-11,2026-03-21..2026-08-06,baccarat_bet02_101_all_pairs_incl_sentinel,round_win = game_pnl > 0 (decisive only),COMPATIBILITY_ONLY_NOT_PRODUCTION,4059548.3812,3680416.6879,6656.9809,9707,9692,-0.00163983,0.01249836,-0.00525961,-0.00163983,-6656.9809,4059548.3812,OK,0.0000,266.2792,4.0000,96.0000,AG03-UNRESOLVED,ALL5_LEVELS_bet23_to_bet27,266.2792,266.2792,266.2792,0.0000,0.0000,4.000000,4.000000,4.000000,0.000000,0.000000,96.000000,96.000000,96.000000,100.000000,100.000000,5.0,798.8377,767.3102,5858.1432,5889.6706,PENDING_AG03,FALSE,NOT_FOR_ENFORCEMENT,6390.7016,3533200.0204,6656.9809,6390.7016,266.2792,0.00163983,0.00157424,266.2792,6390.7016,0.00157424,266.2792,266.2792,266.2792,0.0000,0.0000,6390.7016,0.00157424,798.8377,767.3102,5858.1432,5889.6706,0.00144305,0.00145082,0.00006559,418.2083,379.7376,0.6869,61.6387,1.8384,37588.4109,89.7407,538.3845,395.5999,218.4789,430.6076,432.5446,432.5446,1046.441,1081.3617,427.0584,0.0,2.43015,2.511246,0.971205,30,216,96,2,0.20383968,0.00163983,-0.01249836,0E-8,0.000000,0.906607,0.000000,0.01775797,2026-03-22,2026-08-06,108,3621,2443,138,0.782609,1.360932,1.287360,0.679466,,,,,,,,GLOBAL_BASELINE_NO_ENTITY_RANKING,,,NOT_APPLICABLE_GLOBAL_BASELINE,HF9g-P5,,,,X 全窗基线 · 不参与实体赏罚,14199536,1420,A168_HF9F_20260827_0900,2026-08-27 09:00:00
2026-06-26,57024343,1957,0,1076.5189682642,-1076.5189682642,-1076.5189682642,0E-7,1,1,0.50665070000000000,0.506650700000,-1.013391052207602,-1.013391052207602,-1.013391052207602,0E-17,ELIGIBLE,R03b_20260811_FULL_v1,L1_ELIGIBILITY,v2026-08-11,2026-03-21..2026-08-06,baccarat_bet02_101_all_pairs_incl_sentinel,round_win = game_pnl > 0 (decisive only),COMPATIBILITY_ONLY_NOT_PRODUCTION,4059548.3812,3680416.6879,6656.9809,9707,9692,-0.00163983,0.01249836,-0.00525961,-0.00163983,-6656.9809,4059548.3812,OK,0.0000,266.2792,4.0000,96.0000,AG03-UNRESOLVED,ALL5_LEVELS_bet23_to_bet27,266.2792,266.2792,266.2792,0.0000,0.0000,4.000000,4.000000,4.000000,0.000000,0.000000,96.000000,96.000000,96.000000,100.000000,100.000000,5.0,798.8377,767.3102,5858.1432,5889.6706,PENDING_AG03,FALSE,NOT_FOR_ENFORCEMENT,6390.7016,3533200.0204,6656.9809,6390.7016,266.2792,0.00163983,0.00157424,266.2792,6390.7016,0.00157424,266.2792,266.2792,266.2792,0.0000,0.0000,6390.7016,0.00157424,798.8377,767.3102,5858.1432,5889.6706,0.00144305,0.00145082,0.00006559,418.2083,379.7376,0.6869,61.6387,1.8384,37588.4109,89.7407,538.3845,395.5999,218.4789,430.6076,432.5446,432.5446,1046.441,1081.3617,427.0584,0.0,2.43015,2.511246,0.971205,30,216,96,2,0.20383968,0.00163983,-0.01249836,0E-8,0.000000,0.906607,0.000000,0.01775797,2026-03-22,2026-08-06,108,3621,2443,138,0.782609,1.360932,1.287360,0.679466,,,,,,,,GLOBAL_BASELINE_NO_ENTITY_RANKING,,,NOT_APPLICABLE_GLOBAL_BASELINE,HF9g-P5,,,,X 全窗基线 · 不参与实体赏罚,14199537,1420,A168_HF9F_20260827_0900,2026-08-27 09:00:00
2026-06-26,57024343,1966,0,1076.5189682642,1076.5189682642,1076.5189682642,1.0000000,1,1,0.49324550000000000,0.493245500000,1.01360149184955,1.01360149184955,1.01360149184955,0E-17,ELIGIBLE,R03b_20260811_FULL_v1,L1_ELIGIBILITY,v2026-08-11,2026-03-21..2026-08-06,baccarat_bet02_101_all_pairs_incl_sentinel,round_win = game_pnl > 0 (decisive only),COMPATIBILITY_ONLY_NOT_PRODUCTION,4059548.3812,3680416.6879,6656.9809,9707,9692,-0.00163983,0.01249836,-0.00525961,-0.00163983,-6656.9809,4059548.3812,OK,0.0000,266.2792,4.0000,96.0000,AG03-UNRESOLVED,ALL5_LEVELS_bet23_to_bet27,266.2792,266.2792,266.2792,0.0000,0.0000,4.000000,4.000000,4.000000,0.000000,0.000000,96.000000,96.000000,96.000000,100.000000,100.000000,5.0,798.8377,767.3102,5858.1432,5889.6706,PENDING_AG03,FALSE,NOT_FOR_ENFORCEMENT,6390.7016,3533200.0204,6656.9809,6390.7016,266.2792,0.00163983,0.00157424,266.2792,6390.7016,0.00157424,266.2792,266.2792,266.2792,0.0000,0.0000,6390.7016,0.00157424,798.8377,767.3102,5858.1432,5889.6706,0.00144305,0.00145082,0.00006559,418.2083,379.7376,0.6869,61.6387,1.8384,37588.4109,89.7407,538.3845,395.5999,218.4789,430.6076,432.5446,432.5446,1046.441,1081.3617,427.0584,0.0,2.43015,2.511246,0.971205,30,216,96,2,0.20383968,0.00163983,-0.01249836,0E-8,0.000000,0.906607,0.000000,0.01775797,2026-03-22,2026-08-06,108,3621,2443,138,0.782609,1.360932,1.287360,0.679466,,,,,,,,GLOBAL_BASELINE_NO_ENTITY_RANKING,,,NOT_APPLICABLE_GLOBAL_BASELINE,HF9g-P5,,,,X 全窗基线 · 不参与实体赏罚,14199538,1420,A168_HF9F_20260827_0900,2026-08-27 09:00:00
2026-06-26,57024343,2129,0,2153.0379365284,-53.8259484132,-53.8259484132,0.5000000,2,2,0.50665070000000000,0.506650700000,-0.018812684590367487,-0.018812684590367487,-0.018812684590367487,0E-17,ELIGIBLE,R03b_20260811_FULL_v1,L1_ELIGIBILITY,v2026-08-11,2026-03-21..2026-08-06,baccarat_bet02_101_all_pairs_incl_sentinel,round_win = game_pnl > 0 (decisive only),COMPATIBILITY_ONLY_NOT_PRODUCTION,4059548.3812,3680416.6879,6656.9809,9707,9692,-0.00163983,0.01249836,-0.00525961,-0.00163983,-6656.9809,4059548.3812,OK,0.0000,266.2792,4.0000,96.0000,AG03-UNRESOLVED,ALL5_LEVELS_bet23_to_bet27,266.2792,266.2792,266.2792,0.0000,0.0000,4.000000,4.000000,4.000000,0.000000,0.000000,96.000000,96.000000,96.000000,100.000000,100.000000,5.0,798.8377,767.3102,5858.1432,5889.6706,PENDING_AG03,FALSE,NOT_FOR_ENFORCEMENT,6390.7016,3533200.0204,6656.9809,6390.7016,266.2792,0.00163983,0.00157424,266.2792,6390.7016,0.00157424,266.2792,266.2792,266.2792,0.0000,0.0000,6390.7016,0.00157424,798.8377,767.3102,5858.1432,5889.6706,0.00144305,0.00145082,0.00006559,418.2083,379.7376,0.6869,61.6387,1.8384,37588.4109,89.7407,538.3845,395.5999,218.4789,430.6076,432.5446,432.5446,1046.441,1081.3617,427.0584,0.0,2.43015,2.511246,0.971205,30,216,96,2,0.20383968,0.00163983,-0.01249836,0E-8,0.000000,0.906607,0.000000,0.01775797,2026-03-22,2026-08-06,108,3621,2443,138,0.782609,1.360932,1.287360,0.679466,,,,,,,,GLOBAL_BASELINE_NO_ENTITY_RANKING,,,NOT_APPLICABLE_GLOBAL_BASELINE,HF9g-P5,,,,X 全窗基线 · 不参与实体赏罚,14199539,1420,A168_HF9F_20260827_0900,2026-08-27 09:00:00
2026-06-26,57024343,2134,0,1076.5189682642,-1076.5189682642,-1076.5189682642,0E-7,1,1,0.50665070000000000,0.506650700000,-1.013391052207602,-1.013391052207602,-1.013391052207602,0E-17,ELIGIBLE,R03b_20260811_FULL_v1,L1_ELIGIBILITY,v2026-08-11,2026-03-21..2026-08-06,baccarat_bet02_101_all_pairs_incl_sentinel,round_win = game_pnl > 0 (decisive only),COMPATIBILITY_ONLY_NOT_PRODUCTION,4059548.3812,3680416.6879,6656.9809,9707,9692,-0.00163983,0.01249836,-0.00525961,-0.00163983,-6656.9809,4059548.3812,OK,0.0000,266.2792,4.0000,96.0000,AG03-UNRESOLVED,ALL5_LEVELS_bet23_to_bet27,266.2792,266.2792,266.2792,0.0000,0.0000,4.000000,4.000000,4.000000,0.000000,0.000000,96.000000,96.000000,96.000000,100.000000,100.000000,5.0,798.8377,767.3102,5858.1432,5889.6706,PENDING_AG03,FALSE,NOT_FOR_ENFORCEMENT,6390.7016,3533200.0204,6656.9809,6390.7016,266.2792,0.00163983,0.00157424,266.2792,6390.7016,0.00157424,266.2792,266.2792,266.2792,0.0000,0.0000,6390.7016,0.00157424,798.8377,767.3102,5858.1432,5889.6706,0.00144305,0.00145082,0.00006559,418.2083,379.7376,0.6869,61.6387,1.8384,37588.4109,89.7407,538.3845,395.5999,218.4789,430.6076,432.5446,432.5446,1046.441,1081.3617,427.0584,0.0,2.43015,2.511246,0.971205,30,216,96,2,0.20383968,0.00163983,-0.01249836,0E-8,0.000000,0.906607,0.000000,0.01775797,2026-03-22,2026-08-06,108,3621,2443,138,0.782609,1.360932,1.287360,0.679466,,,,,,,,GLOBAL_BASELINE_NO_ENTITY_RANKING,,,NOT_APPLICABLE_GLOBAL_BASELINE,HF9g-P5,,,,X 全窗基线 · 不参与实体赏罚,14199540,1420,A168_HF9F_20260827_0900,2026-08-27 09:00:00
2026-06-26,57024343,2160,0,1076.5189682642,-1076.5189682642,-1076.5189682642,0E-7,1,1,0.50665070000000000,0.506650700000,-1.013391052207602,-1.013391052207602,-1.013391052207602,0E-17,ELIGIBLE,R03b_20260811_FULL_v1,L1_ELIGIBILITY,v2026-08-11,2026-03-21..2026-08-06,baccarat_bet02_101_all_pairs_incl_sentinel,round_win = game_pnl > 0 (decisive only),COMPATIBILITY_ONLY_NOT_PRODUCTION,4059548.3812,3680416.6879,6656.9809,9707,9692,-0.00163983,0.01249836,-0.00525961,-0.00163983,-6656.9809,4059548.3812,OK,0.0000,266.2792,4.0000,96.0000,AG03-UNRESOLVED,ALL5_LEVELS_bet23_to_bet27,266.2792,266.2792,266.2792,0.0000,0.0000,4.000000,4.000000,4.000000,0.000000,0.000000,96.000000,96.000000,96.000000,100.000000,100.000000,5.0,798.8377,767.3102,5858.1432,5889.6706,PENDING_AG03,FALSE,NOT_FOR_ENFORCEMENT,6390.7016,3533200.0204,6656.9809,6390.7016,266.2792,0.00163983,0.00157424,266.2792,6390.7016,0.00157424,266.2792,266.2792,266.2792,0.0000,0.0000,6390.7016,0.00157424,798.8377,767.3102,5858.1432,5889.6706,0.00144305,0.00145082,0.00006559,418.2083,379.7376,0.6869,61.6387,1.8384,37588.4109,89.7407,538.3845,395.5999,218.4789,430.6076,432.5446,432.5446,1046.441,1081.3617,427.0584,0.0,2.43015,2.511246,0.971205,30,216,96,2,0.20383968,0.00163983,-0.01249836,0E-8,0.000000,0.906607,0.000000,0.01775797,2026-03-22,2026-08-06,108,3621,2443,138,0.782609,1.360932,1.287360,0.679466,,,,,,,,GLOBAL_BASELINE_NO_ENTITY_RANKING,,,NOT_APPLICABLE_GLOBAL_BASELINE,HF9g-P5,,,,X 全窗基线 · 不参与实体赏罚,14199541,1420,A168_HF9F_20260827_0900,2026-08-27 09:00:00
2026-06-26,57024343,2246,0,6459.1138095852,4036.9461309908,4036.9461309908,0.8333333,6,6,0.50665070000000000,0.506650700000,1.6005531159783741,1.6005531159783741,1.6005531159783741,0E-17,ELIGIBLE,R03b_20260811_FULL_v1,L1_ELIGIBILITY,v2026-08-11,2026-03-21..2026-08-06,baccarat_bet02_101_all_pairs_incl_sentinel,round_win = game_pnl > 0 (decisive only),COMPATIBILITY_ONLY_NOT_PRODUCTION,4059548.3812,3680416.6879,6656.9809,9707,9692,-0.00163983,0.01249836,-0.00525961,-0.00163983,-6656.9809,4059548.3812,OK,0.0000,266.2792,4.0000,96.0000,AG03-UNRESOLVED,ALL5_LEVELS_bet23_to_bet27,266.2792,266.2792,266.2792,0.0000,0.0000,4.000000,4.000000,4.000000,0.000000,0.000000,96.000000,96.000000,96.000000,100.000000,100.000000,5.0,798.8377,767.3102,5858.1432,5889.6706,PENDING_AG03,FALSE,NOT_FOR_ENFORCEMENT,6390.7016,3533200.0204,6656.9809,6390.7016,266.2792,0.00163983,0.00157424,266.2792,6390.7016,0.00157424,266.2792,266.2792,266.2792,0.0000,0.0000,6390.7016,0.00157424,798.8377,767.3102,5858.1432,5889.6706,0.00144305,0.00145082,0.00006559,418.2083,379.7376,0.6869,61.6387,1.8384,37588.4109,89.7407,538.3845,395.5999,218.4789,430.6076,432.5446,432.5446,1046.441,1081.3617,427.0584,0.0,2.43015,2.511246,0.971205,30,216,96,2,0.20383968,0.00163983,-0.01249836,0E-8,0.000000,0.906607,0.000000,0.01775797,2026-03-22,2026-08-06,108,3621,2443,138,0.782609,1.360932,1.287360,0.679466,,,,,,,,GLOBAL_BASELINE_NO_ENTITY_RANKING,,,NOT_APPLICABLE_GLOBAL_BASELINE,HF9g-P5,,,,X 全窗基线 · 不参与实体赏罚,14199542,1420,A168_HF9F_20260827_0900,2026-08-27 09:00:00
2026-06-26,57024343,2252,0,1076.5189682642,-1076.5189682642,-1076.5189682642,0E-7,1,1,0.50665070000000000,0.506650700000,-1.013391052207602,-1.013391052207602,-1.013391052207602,0E-17,ELIGIBLE,R03b_20260811_FULL_v1,L1_ELIGIBILITY,v2026-08-11,2026-03-21..2026-08-06,baccarat_bet02_101_all_pairs_incl_sentinel,round_win = game_pnl > 0 (decisive only),COMPATIBILITY_ONLY_NOT_PRODUCTION,4059548.3812,3680416.6879,6656.9809,9707,9692,-0.00163983,0.01249836,-0.00525961,-0.00163983,-6656.9809,4059548.3812,OK,0.0000,266.2792,4.0000,96.0000,AG03-UNRESOLVED,ALL5_LEVELS_bet23_to_bet27,266.2792,266.2792,266.2792,0.0000,0.0000,4.000000,4.000000,4.000000,0.000000,0.000000,96.000000,96.000000,96.000000,100.000000,100.000000,5.0,798.8377,767.3102,5858.1432,5889.6706,PENDING_AG03,FALSE,NOT_FOR_ENFORCEMENT,6390.7016,3533200.0204,6656.9809,6390.7016,266.2792,0.00163983,0.00157424,266.2792,6390.7016,0.00157424,266.2792,266.2792,266.2792,0.0000,0.0000,6390.7016,0.00157424,798.8377,767.3102,5858.1432,5889.6706,0.00144305,0.00145082,0.00006559,418.2083,379.7376,0.6869,61.6387,1.8384,37588.4109,89.7407,538.3845,395.5999,218.4789,430.6076,432.5446,432.5446,1046.441,1081.3617,427.0584,0.0,2.43015,2.511246,0.971205,30,216,96,2,0.20383968,0.00163983,-0.01249836,0E-8,0.000000,0.906607,0.000000,0.01775797,2026-03-22,2026-08-06,108,3621,2443,138,0.782609,1.360932,1.287360,0.679466,,,,,,,,GLOBAL_BASELINE_NO_ENTITY_RANKING,,,NOT_APPLICABLE_GLOBAL_BASELINE,HF9g-P5,,,,X 全窗基线 · 不参与实体赏罚,14199543,1420,A168_HF9F_20260827_0900,2026-08-27 09:00:00
2026-06-26,57024343,752,0,1076.5189682642,-1076.5189682642,-1076.5189682642,0E-7,1,1,0.50665070000000000,0.506650700000,-1.013391052207602,-1.013391052207602,-1.013391052207602,0E-17,ELIGIBLE,R03b_20260811_FULL_v1,L1_ELIGIBILITY,v2026-08-11,2026-03-21..2026-08-06,baccarat_bet02_101_all_pairs_incl_sentinel,round_win = game_pnl > 0 (decisive only),COMPATIBILITY_ONLY_NOT_PRODUCTION,4059548.3812,3680416.6879,6656.9809,9707,9692,-0.00163983,0.01249836,-0.00525961,-0.00163983,-6656.9809,4059548.3812,OK,0.0000,266.2792,4.0000,96.0000,AG03-UNRESOLVED,ALL5_LEVELS_bet23_to_bet27,266.2792,266.2792,266.2792,0.0000,0.0000,4.000000,4.000000,4.000000,0.000000,0.000000,96.000000,96.000000,96.000000,100.000000,100.000000,5.0,798.8377,767.3102,5858.1432,5889.6706,PENDING_AG03,FALSE,NOT_FOR_ENFORCEMENT,6390.7016,3533200.0204,6656.9809,6390.7016,266.2792,0.00163983,0.00157424,266.2792,6390.7016,0.00157424,266.2792,266.2792,266.2792,0.0000,0.0000,6390.7016,0.00157424,798.8377,767.3102,5858.1432,5889.6706,0.00144305,0.00145082,0.00006559,418.2083,379.7376,0.6869,61.6387,1.8384,37588.4109,89.7407,538.3845,395.5999,218.4789,430.6076,432.5446,432.5446,1046.441,1081.3617,427.0584,0.0,2.43015,2.511246,0.971205,30,216,96,2,0.20383968,0.00163983,-0.01249836,0E-8,0.000000,0.906607,0.000000,0.01775797,2026-03-22,2026-08-06,108,3621,2443,138,0.782609,1.360932,1.287360,0.679466,,,,,,,,GLOBAL_BASELINE_NO_ENTITY_RANKING,,,NOT_APPLICABLE_GLOBAL_BASELINE,HF9g-P5,,,,X 全窗基线 · 不参与实体赏罚,14199544,1420,A168_HF9F_20260827_0900,2026-08-27 09:00:00
2026-06-26,57024343,789,0,3229.5569047926,-53.8259484132,-53.8259484132,0.5000000,3,3,0.50665070000000000,0.506650700000,-0.018812684590367487,-0.018812684590367487,-0.018812684590367487,0E-17,ELIGIBLE,R03b_20260811_FULL_v1,L1_ELIGIBILITY,v2026-08-11,2026-03-21..2026-08-06,baccarat_bet02_101_all_pairs_incl_sentinel,round_win = game_pnl > 0 (decisive only),COMPATIBILITY_ONLY_NOT_PRODUCTION,4059548.3812,3680416.6879,6656.9809,9707,9692,-0.00163983,0.01249836,-0.00525961,-0.00163983,-6656.9809,4059548.3812,OK,0.0000,266.2792,4.0000,96.0000,AG03-UNRESOLVED,ALL5_LEVELS_bet23_to_bet27,266.2792,266.2792,266.2792,0.0000,0.0000,4.000000,4.000000,4.000000,0.000000,0.000000,96.000000,96.000000,96.000000,100.000000,100.000000,5.0,798.8377,767.3102,5858.1432,5889.6706,PENDING_AG03,FALSE,NOT_FOR_ENFORCEMENT,6390.7016,3533200.0204,6656.9809,6390.7016,266.2792,0.00163983,0.00157424,266.2792,6390.7016,0.00157424,266.2792,266.2792,266.2792,0.0000,0.0000,6390.7016,0.00157424,798.8377,767.3102,5858.1432,5889.6706,0.00144305,0.00145082,0.00006559,418.2083,379.7376,0.6869,61.6387,1.8384,37588.4109,89.7407,538.3845,395.5999,218.4789,430.6076,432.5446,432.5446,1046.441,1081.3617,427.0584,0.0,2.43015,2.511246,0.971205,30,216,96,2,0.20383968,0.00163983,-0.01249836,0E-8,0.000000,0.906607,0.000000,0.01775797,2026-03-22,2026-08-06,108,3621,2443,138,0.782609,1.360932,1.287360,0.679466,,,,,,,,GLOBAL_BASELINE_NO_ENTITY_RANKING,,,NOT_APPLICABLE_GLOBAL_BASELINE,HF9g-P5,,,,X 全窗基线 · 不参与实体赏罚,14199545,1420,A168_HF9F_20260827_0900,2026-08-27 09:00:00
2026-06-27,57024343,-1,1,4306.0758730568,1991.5600912888,1991.5600912888,0.7500000,4,4,0.50665070000000000,0.506650700000,0.9734833216690844,0.9734833216690844,0.9734833216690844,0E-17,SENTINEL_DEALER,R03b_20260811_FULL_v1,L1_ELIGIBILITY,v2026-08-11,2026-03-21..2026-08-06,baccarat_bet02_101_all_pairs_incl_sentinel,round_win = game_pnl > 0 (decisive only),COMPATIBILITY_ONLY_NOT_PRODUCTION,4059548.3812,3680416.6879,6656.9809,9707,9692,-0.00163983,0.01249836,-0.00525961,-0.00163983,-6656.9809,4059548.3812,OK,0.0000,266.2792,4.0000,96.0000,AG03-UNRESOLVED,ALL5_LEVELS_bet23_to_bet27,266.2792,266.2792,266.2792,0.0000,0.0000,4.000000,4.000000,4.000000,0.000000,0.000000,96.000000,96.000000,96.000000,100.000000,100.000000,5.0,798.8377,767.3102,5858.1432,5889.6706,PENDING_AG03,FALSE,NOT_FOR_ENFORCEMENT,6390.7016,3533200.0204,6656.9809,6390.7016,266.2792,0.00163983,0.00157424,266.2792,6390.7016,0.00157424,266.2792,266.2792,266.2792,0.0000,0.0000,6390.7016,0.00157424,798.8377,767.3102,5858.1432,5889.6706,0.00144305,0.00145082,0.00006559,418.2083,379.7376,0.6869,61.6387,1.8384,37588.4109,89.7407,538.3845,395.5999,218.4789,430.6076,432.5446,432.5446,1046.441,1081.3617,427.0584,0.0,2.43015,2.511246,0.971205,30,216,96,2,0.20383968,0.00163983,-0.01249836,0E-8,0.000000,0.906607,0.000000,0.01775797,2026-03-22,2026-08-06,108,3621,2443,138,0.782609,1.360932,1.287360,0.679466,,,,,,,,GLOBAL_BASELINE_NO_ENTITY_RANKING,,,NOT_APPLICABLE_GLOBAL_BASELINE,HF9g-P5,,,,X 全窗基线 · 不参与实体赏罚,14199546,1420,A168_HF9F_20260827_0900,2026-08-27 09:00:00
2026-06-27,57024343,1004,0,1076.5189682642,-1076.5189682642,-1076.5189682642,0E-7,1,1,0.50665070000000000,0.506650700000,-1.013391052207602,-1.013391052207602,-1.013391052207602,0E-17,ELIGIBLE,R03b_20260811_FULL_v1,L1_ELIGIBILITY,v2026-08-11,2026-03-21..2026-08-06,baccarat_bet02_101_all_pairs_incl_sentinel,round_win = game_pnl > 0 (decisive only),COMPATIBILITY_ONLY_NOT_PRODUCTION,4059548.3812,3680416.6879,6656.9809,9707,9692,-0.00163983,0.01249836,-0.00525961,-0.00163983,-6656.9809,4059548.3812,OK,0.0000,266.2792,4.0000,96.0000,AG03-UNRESOLVED,ALL5_LEVELS_bet23_to_bet27,266.2792,266.2792,266.2792,0.0000,0.0000,4.000000,4.000000,4.000000,0.000000,0.000000,96.000000,96.000000,96.000000,100.000000,100.000000,5.0,798.8377,767.3102,5858.1432,5889.6706,PENDING_AG03,FALSE,NOT_FOR_ENFORCEMENT,6390.7016,3533200.0204,6656.9809,6390.7016,266.2792,0.00163983,0.00157424,266.2792,6390.7016,0.00157424,266.2792,266.2792,266.2792,0.0000,0.0000,6390.7016,0.00157424,798.8377,767.3102,5858.1432,5889.6706,0.00144305,0.00145082,0.00006559,418.2083,379.7376,0.6869,61.6387,1.8384,37588.4109,89.7407,538.3845,395.5999,218.4789,430.6076,432.5446,432.5446,1046.441,1081.3617,427.0584,0.0,2.43015,2.511246,0.971205,30,216,96,2,0.20383968,0.00163983,-0.01249836,0E-8,0.000000,0.906607,0.000000,0.01775797,2026-03-22,2026-08-06,108,3621,2443,138,0.782609,1.360932,1.287360,0.679466,,,,,,,,GLOBAL_BASELINE_NO_ENTITY_RANKING,,,NOT_APPLICABLE_GLOBAL_BASELINE,HF9g-P5,,,,X 全窗基线 · 不参与实体赏罚,14199547,1420,A168_HF9F_20260827_0900,2026-08-27 09:00:00
2026-06-27,57024343,1017,0,1076.5189682642,1022.6930198510,1022.6930198510,1.0000000,1,1,0.50665070000000000,0.506650700000,0.9867858985152569,0.9867858985152569,0.9867858985152569,0E-17,ELIGIBLE,R03b_20260811_FULL_v1,L1_ELIGIBILITY,v2026-08-11,2026-03-21..2026-08-06,baccarat_bet02_101_all_pairs_incl_sentinel,round_win = game_pnl > 0 (decisive only),COMPATIBILITY_ONLY_NOT_PRODUCTION,4059548.3812,3680416.6879,6656.9809,9707,9692,-0.00163983,0.01249836,-0.00525961,-0.00163983,-6656.9809,4059548.3812,OK,0.0000,266.2792,4.0000,96.0000,AG03-UNRESOLVED,ALL5_LEVELS_bet23_to_bet27,266.2792,266.2792,266.2792,0.0000,0.0000,4.000000,4.000000,4.000000,0.000000,0.000000,96.000000,96.000000,96.000000,100.000000,100.000000,5.0,798.8377,767.3102,5858.1432,5889.6706,PENDING_AG03,FALSE,NOT_FOR_ENFORCEMENT,6390.7016,3533200.0204,6656.9809,6390.7016,266.2792,0.00163983,0.00157424,266.2792,6390.7016,0.00157424,266.2792,266.2792,266.2792,0.0000,0.0000,6390.7016,0.00157424,798.8377,767.3102,5858.1432,5889.6706,0.00144305,0.00145082,0.00006559,418.2083,379.7376,0.6869,61.6387,1.8384,37588.4109,89.7407,538.3845,395.5999,218.4789,430.6076,432.5446,432.5446,1046.441,1081.3617,427.0584,0.0,2.43015,2.511246,0.971205,30,216,96,2,0.20383968,0.00163983,-0.01249836,0E-8,0.000000,0.906607,0.000000,0.01775797,2026-03-22,2026-08-06,108,3621,2443,138,0.782609,1.360932,1.287360,0.679466,,,,,,,,GLOBAL_BASELINE_NO_ENTITY_RANKING,,,NOT_APPLICABLE_GLOBAL_BASELINE,HF9g-P5,,,,X 全窗基线 · 不参与实体赏罚,14199548,1420,A168_HF9F_20260827_0900,2026-08-27 09:00:00
2026-06-27,57024343,1305,0,1076.5189682642,1076.5189682642,1076.5189682642,1.0000000,1,1,0.49324550000000000,0.493245500000,1.01360149184955,1.01360149184955,1.01360149184955,0E-17,ELIGIBLE,R03b_20260811_FULL_v1,L1_ELIGIBILITY,v2026-08-11,2026-03-21..2026-08-06,baccarat_bet02_101_all_pairs_incl_sentinel,round_win = game_pnl > 0 (decisive only),COMPATIBILITY_ONLY_NOT_PRODUCTION,4059548.3812,3680416.6879,6656.9809,9707,9692,-0.00163983,0.01249836,-0.00525961,-0.00163983,-6656.9809,4059548.3812,OK,0.0000,266.2792,4.0000,96.0000,AG03-UNRESOLVED,ALL5_LEVELS_bet23_to_bet27,266.2792,266.2792,266.2792,0.0000,0.0000,4.000000,4.000000,4.000000,0.000000,0.000000,96.000000,96.000000,96.000000,100.000000,100.000000,5.0,798.8377,767.3102,5858.1432,5889.6706,PENDING_AG03,FALSE,NOT_FOR_ENFORCEMENT,6390.7016,3533200.0204,6656.9809,6390.7016,266.2792,0.00163983,0.00157424,266.2792,6390.7016,0.00157424,266.2792,266.2792,266.2792,0.0000,0.0000,6390.7016,0.00157424,798.8377,767.3102,5858.1432,5889.6706,0.00144305,0.00145082,0.00006559,418.2083,379.7376,0.6869,61.6387,1.8384,37588.4109,89.7407,538.3845,395.5999,218.4789,430.6076,432.5446,432.5446,1046.441,1081.3617,427.0584,0.0,2.43015,2.511246,0.971205,30,216,96,2,0.20383968,0.00163983,-0.01249836,0E-8,0.000000,0.906607,0.000000,0.01775797,2026-03-22,2026-08-06,108,3621,2443,138,0.782609,1.360932,1.287360,0.679466,,,,,,,,GLOBAL_BASELINE_NO_ENTITY_RANKING,,,NOT_APPLICABLE_GLOBAL_BASELINE,HF9g-P5,,,,X 全窗基线 · 不参与实体赏罚,14199549,1420,A168_HF9F_20260827_0900,2026-08-27 09:00:00
2026-06-27,57024343,1330,0,3229.5569047926,968.8670714378,968.8670714378,0.6666667,3,3,0.50665070000000000,0.506650700000,0.5543606114942035,0.5543606114942035,0.5543606114942035,0E-17,ELIGIBLE,R03b_20260811_FULL_v1,L1_ELIGIBILITY,v2026-08-11,2026-03-21..2026-08-06,baccarat_bet02_101_all_pairs_incl_sentinel,round_win = game_pnl > 0 (decisive only),COMPATIBILITY_ONLY_NOT_PRODUCTION,4059548.3812,3680416.6879,6656.9809,9707,9692,-0.00163983,0.01249836,-0.00525961,-0.00163983,-6656.9809,4059548.3812,OK,0.0000,266.2792,4.0000,96.0000,AG03-UNRESOLVED,ALL5_LEVELS_bet23_to_bet27,266.2792,266.2792,266.2792,0.0000,0.0000,4.000000,4.000000,4.000000,0.000000,0.000000,96.000000,96.000000,96.000000,100.000000,100.000000,5.0,798.8377,767.3102,5858.1432,5889.6706,PENDING_AG03,FALSE,NOT_FOR_ENFORCEMENT,6390.7016,3533200.0204,6656.9809,6390.7016,266.2792,0.00163983,0.00157424,266.2792,6390.7016,0.00157424,266.2792,266.2792,266.2792,0.0000,0.0000,6390.7016,0.00157424,798.8377,767.3102,5858.1432,5889.6706,0.00144305,0.00145082,0.00006559,418.2083,379.7376,0.6869,61.6387,1.8384,37588.4109,89.7407,538.3845,395.5999,218.4789,430.6076,432.5446,432.5446,1046.441,1081.3617,427.0584,0.0,2.43015,2.511246,0.971205,30,216,96,2,0.20383968,0.00163983,-0.01249836,0E-8,0.000000,0.906607,0.000000,0.01775797,2026-03-22,2026-08-06,108,3621,2443,138,0.782609,1.360932,1.287360,0.679466,,,,,,,,GLOBAL_BASELINE_NO_ENTITY_RANKING,,,NOT_APPLICABLE_GLOBAL_BASELINE,HF9g-P5,,,,X 全窗基线 · 不参与实体赏罚,14199550,1420,A168_HF9F_20260827_0900,2026-08-27 09:00:00
2026-06-27,57024343,2069,0,1076.5189682642,-1076.5189682642,-1076.5189682642,0E-7,1,1,0.50665070000000000,0.506650700000,-1.013391052207602,-1.013391052207602,-1.013391052207602,0E-17,ELIGIBLE,R03b_20260811_FULL_v1,L1_ELIGIBILITY,v2026-08-11,2026-03-21..2026-08-06,baccarat_bet02_101_all_pairs_incl_sentinel,round_win = game_pnl > 0 (decisive only),COMPATIBILITY_ONLY_NOT_PRODUCTION,4059548.3812,3680416.6879,6656.9809,9707,9692,-0.00163983,0.01249836,-0.00525961,-0.00163983,-6656.9809,4059548.3812,OK,0.0000,266.2792,4.0000,96.0000,AG03-UNRESOLVED,ALL5_LEVELS_bet23_to_bet27,266.2792,266.2792,266.2792,0.0000,0.0000,4.000000,4.000000,4.000000,0.000000,0.000000,96.000000,96.000000,96.000000,100.000000,100.000000,5.0,798.8377,767.3102,5858.1432,5889.6706,PENDING_AG03,FALSE,NOT_FOR_ENFORCEMENT,6390.7016,3533200.0204,6656.9809,6390.7016,266.2792,0.00163983,0.00157424,266.2792,6390.7016,0.00157424,266.2792,266.2792,266.2792,0.0000,0.0000,6390.7016,0.00157424,798.8377,767.3102,5858.1432,5889.6706,0.00144305,0.00145082,0.00006559,418.2083,379.7376,0.6869,61.6387,1.8384,37588.4109,89.7407,538.3845,395.5999,218.4789,430.6076,432.5446,432.5446,1046.441,1081.3617,427.0584,0.0,2.43015,2.511246,0.971205,30,216,96,2,0.20383968,0.00163983,-0.01249836,0E-8,0.000000,0.906607,0.000000,0.01775797,2026-03-22,2026-08-06,108,3621,2443,138,0.782609,1.360932,1.287360,0.679466,,,,,,,,GLOBAL_BASELINE_NO_ENTITY_RANKING,,,NOT_APPLICABLE_GLOBAL_BASELINE,HF9g-P5,,,,X 全窗基线 · 不参与实体赏罚,14199551,1420,A168_HF9F_20260827_0900,2026-08-27 09:00:00
2026-06-27,57024343,2093,0,1076.5189682642,-1076.5189682642,-1076.5189682642,0E-7,1,1,0.50665070000000000,0.506650700000,-1.013391052207602,-1.013391052207602,-1.013391052207602,0E-17,ELIGIBLE,R03b_20260811_FULL_v1,L1_ELIGIBILITY,v2026-08-11,2026-03-21..2026-08-06,baccarat_bet02_101_all_pairs_incl_sentinel,round_win = game_pnl > 0 (decisive only),COMPATIBILITY_ONLY_NOT_PRODUCTION,4059548.3812,3680416.6879,6656.9809,9707,9692,-0.00163983,0.01249836,-0.00525961,-0.00163983,-6656.9809,4059548.3812,OK,0.0000,266.2792,4.0000,96.0000,AG03-UNRESOLVED,ALL5_LEVELS_bet23_to_bet27,266.2792,266.2792,266.2792,0.0000,0.0000,4.000000,4.000000,4.000000,0.000000,0.000000,96.000000,96.000000,96.000000,100.000000,100.000000,5.0,798.8377,767.3102,5858.1432,5889.6706,PENDING_AG03,FALSE,NOT_FOR_ENFORCEMENT,6390.7016,3533200.0204,6656.9809,6390.7016,266.2792,0.00163983,0.00157424,266.2792,6390.7016,0.00157424,266.2792,266.2792,266.2792,0.0000,0.0000,6390.7016,0.00157424,798.8377,767.3102,5858.1432,5889.6706,0.00144305,0.00145082,0.00006559,418.2083,379.7376,0.6869,61.6387,1.8384,37588.4109,89.7407,538.3845,395.5999,218.4789,430.6076,432.5446,432.5446,1046.441,1081.3617,427.0584,0.0,2.43015,2.511246,0.971205,30,216,96,2,0.20383968,0.00163983,-0.01249836,0E-8,0.000000,0.906607,0.000000,0.01775797,2026-03-22,2026-08-06,108,3621,2443,138,0.782609,1.360932,1.287360,0.679466,,,,,,,,GLOBAL_BASELINE_NO_ENTITY_RANKING,,,NOT_APPLICABLE_GLOBAL_BASELINE,HF9g-P5,,,,X 全窗基线 · 不参与实体赏罚,14199552,1420,A168_HF9F_20260827_0900,2026-08-27 09:00:00
2026-06-27,57024343,2127,0,1076.5189682642,-1076.5189682642,-1076.5189682642,0E-7,1,1,0.50665070000000000,0.506650700000,-1.013391052207602,-1.013391052207602,-1.013391052207602,0E-17,ELIGIBLE,R03b_20260811_FULL_v1,L1_ELIGIBILITY,v2026-08-11,2026-03-21..2026-08-06,baccarat_bet02_101_all_pairs_incl_sentinel,round_win = game_pnl > 0 (decisive only),COMPATIBILITY_ONLY_NOT_PRODUCTION,4059548.3812,3680416.6879,6656.9809,9707,9692,-0.00163983,0.01249836,-0.00525961,-0.00163983,-6656.9809,4059548.3812,OK,0.0000,266.2792,4.0000,96.0000,AG03-UNRESOLVED,ALL5_LEVELS_bet23_to_bet27,266.2792,266.2792,266.2792,0.0000,0.0000,4.000000,4.000000,4.000000,0.000000,0.000000,96.000000,96.000000,96.000000,100.000000,100.000000,5.0,798.8377,767.3102,5858.1432,5889.6706,PENDING_AG03,FALSE,NOT_FOR_ENFORCEMENT,6390.7016,3533200.0204,6656.9809,6390.7016,266.2792,0.00163983,0.00157424,266.2792,6390.7016,0.00157424,266.2792,266.2792,266.2792,0.0000,0.0000,6390.7016,0.00157424,798.8377,767.3102,5858.1432,5889.6706,0.00144305,0.00145082,0.00006559,418.2083,379.7376,0.6869,61.6387,1.8384,37588.4109,89.7407,538.3845,395.5999,218.4789,430.6076,432.5446,432.5446,1046.441,1081.3617,427.0584,0.0,2.43015,2.511246,0.971205,30,216,96,2,0.20383968,0.00163983,-0.01249836,0E-8,0.000000,0.906607,0.000000,0.01775797,2026-03-22,2026-08-06,108,3621,2443,138,0.782609,1.360932,1.287360,0.679466,,,,,,,,GLOBAL_BASELINE_NO_ENTITY_RANKING,,,NOT_APPLICABLE_GLOBAL_BASELINE,HF9g-P5,,,,X 全窗基线 · 不参与实体赏罚,14199553,1420,A168_HF9F_20260827_0900,2026-08-27 09:00:00
2026-06-27,57024343,2130,0,1076.5189682642,1076.5189682642,1076.5189682642,1.0000000,1,1,0.49324550000000000,0.493245500000,1.01360149184955,1.01360149184955,1.01360149184955,0E-17,ELIGIBLE,R03b_20260811_FULL_v1,L1_ELIGIBILITY,v2026-08-11,2026-03-21..2026-08-06,baccarat_bet02_101_all_pairs_incl_sentinel,round_win = game_pnl > 0 (decisive only),COMPATIBILITY_ONLY_NOT_PRODUCTION,4059548.3812,3680416.6879,6656.9809,9707,9692,-0.00163983,0.01249836,-0.00525961,-0.00163983,-6656.9809,4059548.3812,OK,0.0000,266.2792,4.0000,96.0000,AG03-UNRESOLVED,ALL5_LEVELS_bet23_to_bet27,266.2792,266.2792,266.2792,0.0000,0.0000,4.000000,4.000000,4.000000,0.000000,0.000000,96.000000,96.000000,96.000000,100.000000,100.000000,5.0,798.8377,767.3102,5858.1432,5889.6706,PENDING_AG03,FALSE,NOT_FOR_ENFORCEMENT,6390.7016,3533200.0204,6656.9809,6390.7016,266.2792,0.00163983,0.00157424,266.2792,6390.7016,0.00157424,266.2792,266.2792,266.2792,0.0000,0.0000,6390.7016,0.00157424,798.8377,767.3102,5858.1432,5889.6706,0.00144305,0.00145082,0.00006559,418.2083,379.7376,0.6869,61.6387,1.8384,37588.4109,89.7407,538.3845,395.5999,218.4789,430.6076,432.5446,432.5446,1046.441,1081.3617,427.0584,0.0,2.43015,2.511246,0.971205,30,216,96,2,0.20383968,0.00163983,-0.01249836,0E-8,0.000000,0.906607,0.000000,0.01775797,2026-03-22,2026-08-06,108,3621,2443,138,0.782609,1.360932,1.287360,0.679466,,,,,,,,GLOBAL_BASELINE_NO_ENTITY_RANKING,,,NOT_APPLICABLE_GLOBAL_BASELINE,HF9g-P5,,,,X 全窗基线 · 不参与实体赏罚,14199554,1420,A168_HF9F_20260827_0900,2026-08-27 09:00:00
2026-06-27,57024343,2171,0,2153.0379365284,-53.8259484132,-53.8259484132,0.5000000,2,2,0.50665070000000000,0.506650700000,-0.018812684590367487,-0.018812684590367487,-0.018812684590367487,0E-17,ELIGIBLE,R03b_20260811_FULL_v1,L1_ELIGIBILITY,v2026-08-11,2026-03-21..2026-08-06,baccarat_bet02_101_all_pairs_incl_sentinel,round_win = game_pnl > 0 (decisive only),COMPATIBILITY_ONLY_NOT_PRODUCTION,4059548.3812,3680416.6879,6656.9809,9707,9692,-0.00163983,0.01249836,-0.00525961,-0.00163983,-6656.9809,4059548.3812,OK,0.0000,266.2792,4.0000,96.0000,AG03-UNRESOLVED,ALL5_LEVELS_bet23_to_bet27,266.2792,266.2792,266.2792,0.0000,0.0000,4.000000,4.000000,4.000000,0.000000,0.000000,96.000000,96.000000,96.000000,100.000000,100.000000,5.0,798.8377,767.3102,5858.1432,5889.6706,PENDING_AG03,FALSE,NOT_FOR_ENFORCEMENT,6390.7016,3533200.0204,6656.9809,6390.7016,266.2792,0.00163983,0.00157424,266.2792,6390.7016,0.00157424,266.2792,266.2792,266.2792,0.0000,0.0000,6390.7016,0.00157424,798.8377,767.3102,5858.1432,5889.6706,0.00144305,0.00145082,0.00006559,418.2083,379.7376,0.6869,61.6387,1.8384,37588.4109,89.7407,538.3845,395.5999,218.4789,430.6076,432.5446,432.5446,1046.441,1081.3617,427.0584,0.0,2.43015,2.511246,0.971205,30,216,96,2,0.20383968,0.00163983,-0.01249836,0E-8,0.000000,0.906607,0.000000,0.01775797,2026-03-22,2026-08-06,108,3621,2443,138,0.782609,1.360932,1.287360,0.679466,,,,,,,,GLOBAL_BASELINE_NO_ENTITY_RANKING,,,NOT_APPLICABLE_GLOBAL_BASELINE,HF9g-P5,,,,X 全窗基线 · 不参与实体赏罚,14199555,1420,A168_HF9F_20260827_0900,2026-08-27 09:00:00
2026-06-27,57024343,2222,0,1076.5189682642,0E-10,0E-10,,1,1,0.50665070000000000,0.506650700000,,,,0E-17,NO_DECISIVE_ROUND,R03b_20260811_FULL_v1,L1_ELIGIBILITY,v2026-08-11,2026-03-21..2026-08-06,baccarat_bet02_101_all_pairs_incl_sentinel,round_win = game_pnl > 0 (decisive only),COMPATIBILITY_ONLY_NOT_PRODUCTION,4059548.3812,3680416.6879,6656.9809,9707,9692,-0.00163983,0.01249836,-0.00525961,-0.00163983,-6656.9809,4059548.3812,OK,0.0000,266.2792,4.0000,96.0000,AG03-UNRESOLVED,ALL5_LEVELS_bet23_to_bet27,266.2792,266.2792,266.2792,0.0000,0.0000,4.000000,4.000000,4.000000,0.000000,0.000000,96.000000,96.000000,96.000000,100.000000,100.000000,5.0,798.8377,767.3102,5858.1432,5889.6706,PENDING_AG03,FALSE,NOT_FOR_ENFORCEMENT,6390.7016,3533200.0204,6656.9809,6390.7016,266.2792,0.00163983,0.00157424,266.2792,6390.7016,0.00157424,266.2792,266.2792,266.2792,0.0000,0.0000,6390.7016,0.00157424,798.8377,767.3102,5858.1432,5889.6706,0.00144305,0.00145082,0.00006559,418.2083,379.7376,0.6869,61.6387,1.8384,37588.4109,89.7407,538.3845,395.5999,218.4789,430.6076,432.5446,432.5446,1046.441,1081.3617,427.0584,0.0,2.43015,2.511246,0.971205,30,216,96,2,0.20383968,0.00163983,-0.01249836,0E-8,0.000000,0.906607,0.000000,0.01775797,2026-03-22,2026-08-06,108,3621,2443,138,0.782609,1.360932,1.287360,0.679466,,,,,,,,GLOBAL_BASELINE_NO_ENTITY_RANKING,,,NOT_APPLICABLE_GLOBAL_BASELINE,HF9g-P5,,,,X 全窗基线 · 不参与实体赏罚,14199556,1420,A168_HF9F_20260827_0900,2026-08-27 09:00:00
2026-06-27,57024343,2239,0,3229.5569047926,968.8670714378,968.8670714378,0.6666667,3,3,0.50665070000000000,0.506650700000,0.5543606114942035,0.5543606114942035,0.5543606114942035,0E-17,ELIGIBLE,R03b_20260811_FULL_v1,L1_ELIGIBILITY,v2026-08-11,2026-03-21..2026-08-06,baccarat_bet02_101_all_pairs_incl_sentinel,round_win = game_pnl > 0 (decisive only),COMPATIBILITY_ONLY_NOT_PRODUCTION,4059548.3812,3680416.6879,6656.9809,9707,9692,-0.00163983,0.01249836,-0.00525961,-0.00163983,-6656.9809,4059548.3812,OK,0.0000,266.2792,4.0000,96.0000,AG03-UNRESOLVED,ALL5_LEVELS_bet23_to_bet27,266.2792,266.2792,266.2792,0.0000,0.0000,4.000000,4.000000,4.000000,0.000000,0.000000,96.000000,96.000000,96.000000,100.000000,100.000000,5.0,798.8377,767.3102,5858.1432,5889.6706,PENDING_AG03,FALSE,NOT_FOR_ENFORCEMENT,6390.7016,3533200.0204,6656.9809,6390.7016,266.2792,0.00163983,0.00157424,266.2792,6390.7016,0.00157424,266.2792,266.2792,266.2792,0.0000,0.0000,6390.7016,0.00157424,798.8377,767.3102,5858.1432,5889.6706,0.00144305,0.00145082,0.00006559,418.2083,379.7376,0.6869,61.6387,1.8384,37588.4109,89.7407,538.3845,395.5999,218.4789,430.6076,432.5446,432.5446,1046.441,1081.3617,427.0584,0.0,2.43015,2.511246,0.971205,30,216,96,2,0.20383968,0.00163983,-0.01249836,0E-8,0.000000,0.906607,0.000000,0.01775797,2026-03-22,2026-08-06,108,3621,2443,138,0.782609,1.360932,1.287360,0.679466,,,,,,,,GLOBAL_BASELINE_NO_ENTITY_RANKING,,,NOT_APPLICABLE_GLOBAL_BASELINE,HF9g-P5,,,,X 全窗基线 · 不参与实体赏罚,14199557,1420,A168_HF9F_20260827_0900,2026-08-27 09:00:00
2026-06-27,57024343,2261,0,1076.5189682642,1022.6930198510,1022.6930198510,1.0000000,1,1,0.50665070000000000,0.506650700000,0.9867858985152569,0.9867858985152569,0.9867858985152569,0E-17,ELIGIBLE,R03b_20260811_FULL_v1,L1_ELIGIBILITY,v2026-08-11,2026-03-21..2026-08-06,baccarat_bet02_101_all_pairs_incl_sentinel,round_win = game_pnl > 0 (decisive only),COMPATIBILITY_ONLY_NOT_PRODUCTION,4059548.3812,3680416.6879,6656.9809,9707,9692,-0.00163983,0.01249836,-0.00525961,-0.00163983,-6656.9809,4059548.3812,OK,0.0000,266.2792,4.0000,96.0000,AG03-UNRESOLVED,ALL5_LEVELS_bet23_to_bet27,266.2792,266.2792,266.2792,0.0000,0.0000,4.000000,4.000000,4.000000,0.000000,0.000000,96.000000,96.000000,96.000000,100.000000,100.000000,5.0,798.8377,767.3102,5858.1432,5889.6706,PENDING_AG03,FALSE,NOT_FOR_ENFORCEMENT,6390.7016,3533200.0204,6656.9809,6390.7016,266.2792,0.00163983,0.00157424,266.2792,6390.7016,0.00157424,266.2792,266.2792,266.2792,0.0000,0.0000,6390.7016,0.00157424,798.8377,767.3102,5858.1432,5889.6706,0.00144305,0.00145082,0.00006559,418.2083,379.7376,0.6869,61.6387,1.8384,37588.4109,89.7407,538.3845,395.5999,218.4789,430.6076,432.5446,432.5446,1046.441,1081.3617,427.0584,0.0,2.43015,2.511246,0.971205,30,216,96,2,0.20383968,0.00163983,-0.01249836,0E-8,0.000000,0.906607,0.000000,0.01775797,2026-03-22,2026-08-06,108,3621,2443,138,0.782609,1.360932,1.287360,0.679466,,,,,,,,GLOBAL_BASELINE_NO_ENTITY_RANKING,,,NOT_APPLICABLE_GLOBAL_BASELINE,HF9g-P5,,,,X 全窗基线 · 不参与实体赏罚,14199558,1420,A168_HF9F_20260827_0900,2026-08-27 09:00:00
2026-06-27,57024343,2266,0,3229.5569047926,-1130.3449166774,-1130.3449166774,0.3333333,3,3,0.50665070000000000,0.506650700000,-0.6004420894325239,-0.6004420894325239,-0.6004420894325239,0E-17,ELIGIBLE,R03b_20260811_FULL_v1,L1_ELIGIBILITY,v2026-08-11,2026-03-21..2026-08-06,baccarat_bet02_101_all_pairs_incl_sentinel,round_win = game_pnl > 0 (decisive only),COMPATIBILITY_ONLY_NOT_PRODUCTION,4059548.3812,3680416.6879,6656.9809,9707,9692,-0.00163983,0.01249836,-0.00525961,-0.00163983,-6656.9809,4059548.3812,OK,0.0000,266.2792,4.0000,96.0000,AG03-UNRESOLVED,ALL5_LEVELS_bet23_to_bet27,266.2792,266.2792,266.2792,0.0000,0.0000,4.000000,4.000000,4.000000,0.000000,0.000000,96.000000,96.000000,96.000000,100.000000,100.000000,5.0,798.8377,767.3102,5858.1432,5889.6706,PENDING_AG03,FALSE,NOT_FOR_ENFORCEMENT,6390.7016,3533200.0204,6656.9809,6390.7016,266.2792,0.00163983,0.00157424,266.2792,6390.7016,0.00157424,266.2792,266.2792,266.2792,0.0000,0.0000,6390.7016,0.00157424,798.8377,767.3102,5858.1432,5889.6706,0.00144305,0.00145082,0.00006559,418.2083,379.7376,0.6869,61.6387,1.8384,37588.4109,89.7407,538.3845,395.5999,218.4789,430.6076,432.5446,432.5446,1046.441,1081.3617,427.0584,0.0,2.43015,2.511246,0.971205,30,216,96,2,0.20383968,0.00163983,-0.01249836,0E-8,0.000000,0.906607,0.000000,0.01775797,2026-03-22,2026-08-06,108,3621,2443,138,0.782609,1.360932,1.287360,0.679466,,,,,,,,GLOBAL_BASELINE_NO_ENTITY_RANKING,,,NOT_APPLICABLE_GLOBAL_BASELINE,HF9g-P5,,,,X 全窗基线 · 不参与实体赏罚,14199559,1420,A168_HF9F_20260827_0900,2026-08-27 09:00:00
2026-06-28,57024343,-1,1,6997.3732937176,592.0854325452,592.0854325452,0.5625000,17,17,0.50428507647058824,0.504285076471,0.46573649214485474,0.4657364921415638,0.46573649214485474,-4.1176E-13,SENTINEL_DEALER,R03b_20260811_FULL_v1,L1_ELIGIBILITY,v2026-08-11,2026-03-21..2026-08-06,baccarat_bet02_101_all_pairs_incl_sentinel,round_win = game_pnl > 0 (decisive only),COMPATIBILITY_ONLY_NOT_PRODUCTION,4059548.3812,3680416.6879,6656.9809,9707,9692,-0.00163983,0.01249836,-0.00525961,-0.00163983,-6656.9809,4059548.3812,OK,0.0000,266.2792,4.0000,96.0000,AG03-UNRESOLVED,ALL5_LEVELS_bet23_to_bet27,266.2792,266.2792,266.2792,0.0000,0.0000,4.000000,4.000000,4.000000,0.000000,0.000000,96.000000,96.000000,96.000000,100.000000,100.000000,5.0,798.8377,767.3102,5858.1432,5889.6706,PENDING_AG03,FALSE,NOT_FOR_ENFORCEMENT,6390.7016,3533200.0204,6656.9809,6390.7016,266.2792,0.00163983,0.00157424,266.2792,6390.7016,0.00157424,266.2792,266.2792,266.2792,0.0000,0.0000,6390.7016,0.00157424,798.8377,767.3102,5858.1432,5889.6706,0.00144305,0.00145082,0.00006559,418.2083,379.7376,0.6869,61.6387,1.8384,37588.4109,89.7407,538.3845,395.5999,218.4789,430.6076,432.5446,432.5446,1046.441,1081.3617,427.0584,0.0,2.43015,2.511246,0.971205,30,216,96,2,0.20383968,0.00163983,-0.01249836,0E-8,0.000000,0.906607,0.000000,0.01775797,2026-03-22,2026-08-06,108,3621,2443,138,0.782609,1.360932,1.287360,0.679466,,,,,,,,GLOBAL_BASELINE_NO_ENTITY_RANKING,,,NOT_APPLICABLE_GLOBAL_BASELINE,HF9g-P5,,,,X 全窗基线 · 不参与实体赏罚,14199560,1420,A168_HF9F_20260827_0900,2026-08-27 09:00:00
2026-06-28,57024343,1094,0,861.2151746114,409.0772079404,409.0772079404,1.0000000,2,2,0.50665070000000000,0.506650700000,0.9867858985152569,0.9867858985152569,0.9867858985152569,0E-17,ELIGIBLE,R03b_20260811_FULL_v1,L1_ELIGIBILITY,v2026-08-11,2026-03-21..2026-08-06,baccarat_bet02_101_all_pairs_incl_sentinel,round_win = game_pnl > 0 (decisive only),COMPATIBILITY_ONLY_NOT_PRODUCTION,4059548.3812,3680416.6879,6656.9809,9707,9692,-0.00163983,0.01249836,-0.00525961,-0.00163983,-6656.9809,4059548.3812,OK,0.0000,266.2792,4.0000,96.0000,AG03-UNRESOLVED,ALL5_LEVELS_bet23_to_bet27,266.2792,266.2792,266.2792,0.0000,0.0000,4.000000,4.000000,4.000000,0.000000,0.000000,96.000000,96.000000,96.000000,100.000000,100.000000,5.0,798.8377,767.3102,5858.1432,5889.6706,PENDING_AG03,FALSE,NOT_FOR_ENFORCEMENT,6390.7016,3533200.0204,6656.9809,6390.7016,266.2792,0.00163983,0.00157424,266.2792,6390.7016,0.00157424,266.2792,266.2792,266.2792,0.0000,0.0000,6390.7016,0.00157424,798.8377,767.3102,5858.1432,5889.6706,0.00144305,0.00145082,0.00006559,418.2083,379.7376,0.6869,61.6387,1.8384,37588.4109,89.7407,538.3845,395.5999,218.4789,430.6076,432.5446,432.5446,1046.441,1081.3617,427.0584,0.0,2.43015,2.511246,0.971205,30,216,96,2,0.20383968,0.00163983,-0.01249836,0E-8,0.000000,0.906607,0.000000,0.01775797,2026-03-22,2026-08-06,108,3621,2443,138,0.782609,1.360932,1.287360,0.679466,,,,,,,,GLOBAL_BASELINE_NO_ENTITY_RANKING,,,NOT_APPLICABLE_GLOBAL_BASELINE,HF9g-P5,,,,X 全窗基线 · 不参与实体赏罚,14199561,1420,A168_HF9F_20260827_0900,2026-08-27 09:00:00
2026-06-28,57024343,1157,0,430.6075873057,409.0772079404,409.0772079404,1.0000000,1,1,0.50665070000000000,0.506650700000,0.9867858985152569,0.9867858985152569,0.9867858985152569,0E-17,ELIGIBLE,R03b_20260811_FULL_v1,L1_ELIGIBILITY,v2026-08-11,2026-03-21..2026-08-06,baccarat_bet02_101_all_pairs_incl_sentinel,round_win = game_pnl > 0 (decisive only),COMPATIBILITY_ONLY_NOT_PRODUCTION,4059548.3812,3680416.6879,6656.9809,9707,9692,-0.00163983,0.01249836,-0.00525961,-0.00163983,-6656.9809,4059548.3812,OK,0.0000,266.2792,4.0000,96.0000,AG03-UNRESOLVED,ALL5_LEVELS_bet23_to_bet27,266.2792,266.2792,266.2792,0.0000,0.0000,4.000000,4.000000,4.000000,0.000000,0.000000,96.000000,96.000000,96.000000,100.000000,100.000000,5.0,798.8377,767.3102,5858.1432,5889.6706,PENDING_AG03,FALSE,NOT_FOR_ENFORCEMENT,6390.7016,3533200.0204,6656.9809,6390.7016,266.2792,0.00163983,0.00157424,266.2792,6390.7016,0.00157424,266.2792,266.2792,266.2792,0.0000,0.0000,6390.7016,0.00157424,798.8377,767.3102,5858.1432,5889.6706,0.00144305,0.00145082,0.00006559,418.2083,379.7376,0.6869,61.6387,1.8384,37588.4109,89.7407,538.3845,395.5999,218.4789,430.6076,432.5446,432.5446,1046.441,1081.3617,427.0584,0.0,2.43015,2.511246,0.971205,30,216,96,2,0.20383968,0.00163983,-0.01249836,0E-8,0.000000,0.906607,0.000000,0.01775797,2026-03-22,2026-08-06,108,3621,2443,138,0.782609,1.360932,1.287360,0.679466,,,,,,,,GLOBAL_BASELINE_NO_ENTITY_RANKING,,,NOT_APPLICABLE_GLOBAL_BASELINE,HF9g-P5,,,,X 全窗基线 · 不参与实体赏罚,14199562,1420,A168_HF9F_20260827_0900,2026-08-27 09:00:00
2026-06-28,57024343,1299,0,861.2151746114,-861.2151746114,-861.2151746114,0E-7,2,2,0.50665070000000000,0.506650700000,-1.4331513700195317,-1.4331513700195317,-1.4331513700195317,0E-17,ELIGIBLE,R03b_20260811_FULL_v1,L1_ELIGIBILITY,v2026-08-11,2026-03-21..2026-08-06,baccarat_bet02_101_all_pairs_incl_sentinel,round_win = game_pnl > 0 (decisive only),COMPATIBILITY_ONLY_NOT_PRODUCTION,4059548.3812,3680416.6879,6656.9809,9707,9692,-0.00163983,0.01249836,-0.00525961,-0.00163983,-6656.9809,4059548.3812,OK,0.0000,266.2792,4.0000,96.0000,AG03-UNRESOLVED,ALL5_LEVELS_bet23_to_bet27,266.2792,266.2792,266.2792,0.0000,0.0000,4.000000,4.000000,4.000000,0.000000,0.000000,96.000000,96.000000,96.000000,100.000000,100.000000,5.0,798.8377,767.3102,5858.1432,5889.6706,PENDING_AG03,FALSE,NOT_FOR_ENFORCEMENT,6390.7016,3533200.0204,6656.9809,6390.7016,266.2792,0.00163983,0.00157424,266.2792,6390.7016,0.00157424,266.2792,266.2792,266.2792,0.0000,0.0000,6390.7016,0.00157424,798.8377,767.3102,5858.1432,5889.6706,0.00144305,0.00145082,0.00006559,418.2083,379.7376,0.6869,61.6387,1.8384,37588.4109,89.7407,538.3845,395.5999,218.4789,430.6076,432.5446,432.5446,1046.441,1081.3617,427.0584,0.0,2.43015,2.511246,0.971205,30,216,96,2,0.20383968,0.00163983,-0.01249836,0E-8,0.000000,0.906607,0.000000,0.01775797,2026-03-22,2026-08-06,108,3621,2443,138,0.782609,1.360932,1.287360,0.679466,,,,,,,,GLOBAL_BASELINE_NO_ENTITY_RANKING,,,NOT_APPLICABLE_GLOBAL_BASELINE,HF9g-P5,,,,X 全窗基线 · 不参与实体赏罚,14199563,1420,A168_HF9F_20260827_0900,2026-08-27 09:00:00
2026-06-28,57024343,1318,0,1291.8227619171,-452.1379666710,-452.1379666710,0.3333333,3,3,0.50218230000000000,0.502182300000,-0.5849155494134425,-0.5849155494134426,-0.5849155494134425,0E-17,ELIGIBLE,R03b_20260811_FULL_v1,L1_ELIGIBILITY,v2026-08-11,2026-03-21..2026-08-06,baccarat_bet02_101_all_pairs_incl_sentinel,round_win = game_pnl > 0 (decisive only),COMPATIBILITY_ONLY_NOT_PRODUCTION,4059548.3812,3680416.6879,6656.9809,9707,9692,-0.00163983,0.01249836,-0.00525961,-0.00163983,-6656.9809,4059548.3812,OK,0.0000,266.2792,4.0000,96.0000,AG03-UNRESOLVED,ALL5_LEVELS_bet23_to_bet27,266.2792,266.2792,266.2792,0.0000,0.0000,4.000000,4.000000,4.000000,0.000000,0.000000,96.000000,96.000000,96.000000,100.000000,100.000000,5.0,798.8377,767.3102,5858.1432,5889.6706,PENDING_AG03,FALSE,NOT_FOR_ENFORCEMENT,6390.7016,3533200.0204,6656.9809,6390.7016,266.2792,0.00163983,0.00157424,266.2792,6390.7016,0.00157424,266.2792,266.2792,266.2792,0.0000,0.0000,6390.7016,0.00157424,798.8377,767.3102,5858.1432,5889.6706,0.00144305,0.00145082,0.00006559,418.2083,379.7376,0.6869,61.6387,1.8384,37588.4109,89.7407,538.3845,395.5999,218.4789,430.6076,432.5446,432.5446,1046.441,1081.3617,427.0584,0.0,2.43015,2.511246,0.971205,30,216,96,2,0.20383968,0.00163983,-0.01249836,0E-8,0.000000,0.906607,0.000000,0.01775797,2026-03-22,2026-08-06,108,3621,2443,138,0.782609,1.360932,1.287360,0.679466,,,,,,,,GLOBAL_BASELINE_NO_ENTITY_RANKING,,,NOT_APPLICABLE_GLOBAL_BASELINE,HF9g-P5,,,,X 全窗基线 · 不参与实体赏罚,14199564,1420,A168_HF9F_20260827_0900,2026-08-27 09:00:00
2026-06-28,57024343,1383,0,861.2151746114,-21.5303793653,-21.5303793653,0.5000000,2,2,0.50665070000000000,0.506650700000,-0.018812684590367487,-0.018812684590367487,-0.018812684590367487,0E-17,ELIGIBLE,R03b_20260811_FULL_v1,L1_ELIGIBILITY,v2026-08-11,2026-03-21..2026-08-06,baccarat_bet02_101_all_pairs_incl_sentinel,round_win = game_pnl > 0 (decisive only),COMPATIBILITY_ONLY_NOT_PRODUCTION,4059548.3812,3680416.6879,6656.9809,9707,9692,-0.00163983,0.01249836,-0.00525961,-0.00163983,-6656.9809,4059548.3812,OK,0.0000,266.2792,4.0000,96.0000,AG03-UNRESOLVED,ALL5_LEVELS_bet23_to_bet27,266.2792,266.2792,266.2792,0.0000,0.0000,4.000000,4.000000,4.000000,0.000000,0.000000,96.000000,96.000000,96.000000,100.000000,100.000000,5.0,798.8377,767.3102,5858.1432,5889.6706,PENDING_AG03,FALSE,NOT_FOR_ENFORCEMENT,6390.7016,3533200.0204,6656.9809,6390.7016,266.2792,0.00163983,0.00157424,266.2792,6390.7016,0.00157424,266.2792,266.2792,266.2792,0.0000,0.0000,6390.7016,0.00157424,798.8377,767.3102,5858.1432,5889.6706,0.00144305,0.00145082,0.00006559,418.2083,379.7376,0.6869,61.6387,1.8384,37588.4109,89.7407,538.3845,395.5999,218.4789,430.6076,432.5446,432.5446,1046.441,1081.3617,427.0584,0.0,2.43015,2.511246,0.971205,30,216,96,2,0.20383968,0.00163983,-0.01249836,0E-8,0.000000,0.906607,0.000000,0.01775797,2026-03-22,2026-08-06,108,3621,2443,138,0.782609,1.360932,1.287360,0.679466,,,,,,,,GLOBAL_BASELINE_NO_ENTITY_RANKING,,,NOT_APPLICABLE_GLOBAL_BASELINE,HF9g-P5,,,,X 全窗基线 · 不参与实体赏罚,14199565,1420,A168_HF9F_20260827_0900,2026-08-27 09:00:00
2026-06-28,57024343,1645,0,430.6075873057,0E-10,0E-10,,1,1,0.50665070000000000,0.506650700000,,,,0E-17,NO_DECISIVE_ROUND,R03b_20260811_FULL_v1,L1_ELIGIBILITY,v2026-08-11,2026-03-21..2026-08-06,baccarat_bet02_101_all_pairs_incl_sentinel,round_win = game_pnl > 0 (decisive only),COMPATIBILITY_ONLY_NOT_PRODUCTION,4059548.3812,3680416.6879,6656.9809,9707,9692,-0.00163983,0.01249836,-0.00525961,-0.00163983,-6656.9809,4059548.3812,OK,0.0000,266.2792,4.0000,96.0000,AG03-UNRESOLVED,ALL5_LEVELS_bet23_to_bet27,266.2792,266.2792,266.2792,0.0000,0.0000,4.000000,4.000000,4.000000,0.000000,0.000000,96.000000,96.000000,96.000000,100.000000,100.000000,5.0,798.8377,767.3102,5858.1432,5889.6706,PENDING_AG03,FALSE,NOT_FOR_ENFORCEMENT,6390.7016,3533200.0204,6656.9809,6390.7016,266.2792,0.00163983,0.00157424,266.2792,6390.7016,0.00157424,266.2792,266.2792,266.2792,0.0000,0.0000,6390.7016,0.00157424,798.8377,767.3102,5858.1432,5889.6706,0.00144305,0.00145082,0.00006559,418.2083,379.7376,0.6869,61.6387,1.8384,37588.4109,89.7407,538.3845,395.5999,218.4789,430.6076,432.5446,432.5446,1046.441,1081.3617,427.0584,0.0,2.43015,2.511246,0.971205,30,216,96,2,0.20383968,0.00163983,-0.01249836,0E-8,0.000000,0.906607,0.000000,0.01775797,2026-03-22,2026-08-06,108,3621,2443,138,0.782609,1.360932,1.287360,0.679466,,,,,,,,GLOBAL_BASELINE_NO_ENTITY_RANKING,,,NOT_APPLICABLE_GLOBAL_BASELINE,HF9g-P5,,,,X 全窗基线 · 不参与实体赏罚,14199566,1420,A168_HF9F_20260827_0900,2026-08-27 09:00:00
2026-06-28,57024343,1646,0,861.2151746114,-430.6075873057,-430.6075873057,0E-7,2,2,0.50665070000000000,0.506650700000,-1.013391052207602,-1.013391052207602,-1.013391052207602,0E-17,ELIGIBLE,R03b_20260811_FULL_v1,L1_ELIGIBILITY,v2026-08-11,2026-03-21..2026-08-06,baccarat_bet02_101_all_pairs_incl_sentinel,round_win = game_pnl > 0 (decisive only),COMPATIBILITY_ONLY_NOT_PRODUCTION,4059548.3812,3680416.6879,6656.9809,9707,9692,-0.00163983,0.01249836,-0.00525961,-0.00163983,-6656.9809,4059548.3812,OK,0.0000,266.2792,4.0000,96.0000,AG03-UNRESOLVED,ALL5_LEVELS_bet23_to_bet27,266.2792,266.2792,266.2792,0.0000,0.0000,4.000000,4.000000,4.000000,0.000000,0.000000,96.000000,96.000000,96.000000,100.000000,100.000000,5.0,798.8377,767.3102,5858.1432,5889.6706,PENDING_AG03,FALSE,NOT_FOR_ENFORCEMENT,6390.7016,3533200.0204,6656.9809,6390.7016,266.2792,0.00163983,0.00157424,266.2792,6390.7016,0.00157424,266.2792,266.2792,266.2792,0.0000,0.0000,6390.7016,0.00157424,798.8377,767.3102,5858.1432,5889.6706,0.00144305,0.00145082,0.00006559,418.2083,379.7376,0.6869,61.6387,1.8384,37588.4109,89.7407,538.3845,395.5999,218.4789,430.6076,432.5446,432.5446,1046.441,1081.3617,427.0584,0.0,2.43015,2.511246,0.971205,30,216,96,2,0.20383968,0.00163983,-0.01249836,0E-8,0.000000,0.906607,0.000000,0.01775797,2026-03-22,2026-08-06,108,3621,2443,138,0.782609,1.360932,1.287360,0.679466,,,,,,,,GLOBAL_BASELINE_NO_ENTITY_RANKING,,,NOT_APPLICABLE_GLOBAL_BASELINE,HF9g-P5,,,,X 全窗基线 · 不参与实体赏罚,14199567,1420,A168_HF9F_20260827_0900,2026-08-27 09:00:00
2026-06-28,57024343,1951,0,430.6075873057,-430.6075873057,-430.6075873057,0E-7,1,1,0.50665070000000000,0.506650700000,-1.013391052207602,-1.013391052207602,-1.013391052207602,0E-17,ELIGIBLE,R03b_20260811_FULL_v1,L1_ELIGIBILITY,v2026-08-11,2026-03-21..2026-08-06,baccarat_bet02_101_all_pairs_incl_sentinel,round_win = game_pnl > 0 (decisive only),COMPATIBILITY_ONLY_NOT_PRODUCTION,4059548.3812,3680416.6879,6656.9809,9707,9692,-0.00163983,0.01249836,-0.00525961,-0.00163983,-6656.9809,4059548.3812,OK,0.0000,266.2792,4.0000,96.0000,AG03-UNRESOLVED,ALL5_LEVELS_bet23_to_bet27,266.2792,266.2792,266.2792,0.0000,0.0000,4.000000,4.000000,4.000000,0.000000,0.000000,96.000000,96.000000,96.000000,100.000000,100.000000,5.0,798.8377,767.3102,5858.1432,5889.6706,PENDING_AG03,FALSE,NOT_FOR_ENFORCEMENT,6390.7016,3533200.0204,6656.9809,6390.7016,266.2792,0.00163983,0.00157424,266.2792,6390.7016,0.00157424,266.2792,266.2792,266.2792,0.0000,0.0000,6390.7016,0.00157424,798.8377,767.3102,5858.1432,5889.6706,0.00144305,0.00145082,0.00006559,418.2083,379.7376,0.6869,61.6387,1.8384,37588.4109,89.7407,538.3845,395.5999,218.4789,430.6076,432.5446,432.5446,1046.441,1081.3617,427.0584,0.0,2.43015,2.511246,0.971205,30,216,96,2,0.20383968,0.00163983,-0.01249836,0E-8,0.000000,0.906607,0.000000,0.01775797,2026-03-22,2026-08-06,108,3621,2443,138,0.782609,1.360932,1.287360,0.679466,,,,,,,,GLOBAL_BASELINE_NO_ENTITY_RANKING,,,NOT_APPLICABLE_GLOBAL_BASELINE,HF9g-P5,,,,X 全窗基线 · 不参与实体赏罚,14199568,1420,A168_HF9F_20260827_0900,2026-08-27 09:00:00
2026-06-28,57024343,2101,0,1291.8227619171,-452.1379666710,-452.1379666710,0.3333333,3,3,0.50665070000000000,0.506650700000,-0.6004420894325239,-0.6004420894325239,-0.6004420894325239,0E-17,ELIGIBLE,R03b_20260811_FULL_v1,L1_ELIGIBILITY,v2026-08-11,2026-03-21..2026-08-06,baccarat_bet02_101_all_pairs_incl_sentinel,round_win = game_pnl > 0 (decisive only),COMPATIBILITY_ONLY_NOT_PRODUCTION,4059548.3812,3680416.6879,6656.9809,9707,9692,-0.00163983,0.01249836,-0.00525961,-0.00163983,-6656.9809,4059548.3812,OK,0.0000,266.2792,4.0000,96.0000,AG03-UNRESOLVED,ALL5_LEVELS_bet23_to_bet27,266.2792,266.2792,266.2792,0.0000,0.0000,4.000000,4.000000,4.000000,0.000000,0.000000,96.000000,96.000000,96.000000,100.000000,100.000000,5.0,798.8377,767.3102,5858.1432,5889.6706,PENDING_AG03,FALSE,NOT_FOR_ENFORCEMENT,6390.7016,3533200.0204,6656.9809,6390.7016,266.2792,0.00163983,0.00157424,266.2792,6390.7016,0.00157424,266.2792,266.2792,266.2792,0.0000,0.0000,6390.7016,0.00157424,798.8377,767.3102,5858.1432,5889.6706,0.00144305,0.00145082,0.00006559,418.2083,379.7376,0.6869,61.6387,1.8384,37588.4109,89.7407,538.3845,395.5999,218.4789,430.6076,432.5446,432.5446,1046.441,1081.3617,427.0584,0.0,2.43015,2.511246,0.971205,30,216,96,2,0.20383968,0.00163983,-0.01249836,0E-8,0.000000,0.906607,0.000000,0.01775797,2026-03-22,2026-08-06,108,3621,2443,138,0.782609,1.360932,1.287360,0.679466,,,,,,,,GLOBAL_BASELINE_NO_ENTITY_RANKING,,,NOT_APPLICABLE_GLOBAL_BASELINE,HF9g-P5,,,,X 全窗基线 · 不参与实体赏罚,14199569,1420,A168_HF9F_20260827_0900,2026-08-27 09:00:00
2026-06-28,57024343,2123,0,3444.8606984456,-86.1215174612,-86.1215174612,0.5000000,8,8,0.50497505000000000,0.504975050000,-0.028144525985643355,-0.028144525985643355,-0.028144525985643355,0E-17,ELIGIBLE,R03b_20260811_FULL_v1,L1_ELIGIBILITY,v2026-08-11,2026-03-21..2026-08-06,baccarat_bet02_101_all_pairs_incl_sentinel,round_win = game_pnl > 0 (decisive only),COMPATIBILITY_ONLY_NOT_PRODUCTION,4059548.3812,3680416.6879,6656.9809,9707,9692,-0.00163983,0.01249836,-0.00525961,-0.00163983,-6656.9809,4059548.3812,OK,0.0000,266.2792,4.0000,96.0000,AG03-UNRESOLVED,ALL5_LEVELS_bet23_to_bet27,266.2792,266.2792,266.2792,0.0000,0.0000,4.000000,4.000000,4.000000,0.000000,0.000000,96.000000,96.000000,96.000000,100.000000,100.000000,5.0,798.8377,767.3102,5858.1432,5889.6706,PENDING_AG03,FALSE,NOT_FOR_ENFORCEMENT,6390.7016,3533200.0204,6656.9809,6390.7016,266.2792,0.00163983,0.00157424,266.2792,6390.7016,0.00157424,266.2792,266.2792,266.2792,0.0000,0.0000,6390.7016,0.00157424,798.8377,767.3102,5858.1432,5889.6706,0.00144305,0.00145082,0.00006559,418.2083,379.7376,0.6869,61.6387,1.8384,37588.4109,89.7407,538.3845,395.5999,218.4789,430.6076,432.5446,432.5446,1046.441,1081.3617,427.0584,0.0,2.43015,2.511246,0.971205,30,216,96,2,0.20383968,0.00163983,-0.01249836,0E-8,0.000000,0.906607,0.000000,0.01775797,2026-03-22,2026-08-06,108,3621,2443,138,0.782609,1.360932,1.287360,0.679466,,,,,,,,GLOBAL_BASELINE_NO_ENTITY_RANKING,,,NOT_APPLICABLE_GLOBAL_BASELINE,HF9g-P5,,,,X 全窗基线 · 不参与实体赏罚,14199570,1420,A168_HF9F_20260827_0900,2026-08-27 09:00:00
2026-06-28,57024343,2141,0,1937.7341428756,592.0854325453,592.0854325453,0.5000000,3,3,0.50218230000000000,0.502182300000,-0.00617253530718887,-0.00617253530718887,-0.00617253530718887,0E-17,ELIGIBLE,R03b_20260811_FULL_v1,L1_ELIGIBILITY,v2026-08-11,2026-03-21..2026-08-06,baccarat_bet02_101_all_pairs_incl_sentinel,round_win = game_pnl > 0 (decisive only),COMPATIBILITY_ONLY_NOT_PRODUCTION,4059548.3812,3680416.6879,6656.9809,9707,9692,-0.00163983,0.01249836,-0.00525961,-0.00163983,-6656.9809,4059548.3812,OK,0.0000,266.2792,4.0000,96.0000,AG03-UNRESOLVED,ALL5_LEVELS_bet23_to_bet27,266.2792,266.2792,266.2792,0.0000,0.0000,4.000000,4.000000,4.000000,0.000000,0.000000,96.000000,96.000000,96.000000,100.000000,100.000000,5.0,798.8377,767.3102,5858.1432,5889.6706,PENDING_AG03,FALSE,NOT_FOR_ENFORCEMENT,6390.7016,3533200.0204,6656.9809,6390.7016,266.2792,0.00163983,0.00157424,266.2792,6390.7016,0.00157424,266.2792,266.2792,266.2792,0.0000,0.0000,6390.7016,0.00157424,798.8377,767.3102,5858.1432,5889.6706,0.00144305,0.00145082,0.00006559,418.2083,379.7376,0.6869,61.6387,1.8384,37588.4109,89.7407,538.3845,395.5999,218.4789,430.6076,432.5446,432.5446,1046.441,1081.3617,427.0584,0.0,2.43015,2.511246,0.971205,30,216,96,2,0.20383968,0.00163983,-0.01249836,0E-8,0.000000,0.906607,0.000000,0.01775797,2026-03-22,2026-08-06,108,3621,2443,138,0.782609,1.360932,1.287360,0.679466,,,,,,,,GLOBAL_BASELINE_NO_ENTITY_RANKING,,,NOT_APPLICABLE_GLOBAL_BASELINE,HF9g-P5,,,,X 全窗基线 · 不参与实体赏罚,14199571,1420,A168_HF9F_20260827_0900,2026-08-27 09:00:00
2026-06-28,57024343,2152,0,1722.4303492228,796.6240365155,796.6240365155,0.7500000,4,4,0.50665070000000000,0.506650700000,0.9734833216690844,0.9734833216690844,0.9734833216690844,0E-17,ELIGIBLE,R03b_20260811_FULL_v1,L1_ELIGIBILITY,v2026-08-11,2026-03-21..2026-08-06,baccarat_bet02_101_all_pairs_incl_sentinel,round_win = game_pnl > 0 (decisive only),COMPATIBILITY_ONLY_NOT_PRODUCTION,4059548.3812,3680416.6879,6656.9809,9707,9692,-0.00163983,0.01249836,-0.00525961,-0.00163983,-6656.9809,4059548.3812,OK,0.0000,266.2792,4.0000,96.0000,AG03-UNRESOLVED,ALL5_LEVELS_bet23_to_bet27,266.2792,266.2792,266.2792,0.0000,0.0000,4.000000,4.000000,4.000000,0.000000,0.000000,96.000000,96.000000,96.000000,100.000000,100.000000,5.0,798.8377,767.3102,5858.1432,5889.6706,PENDING_AG03,FALSE,NOT_FOR_ENFORCEMENT,6390.7016,3533200.0204,6656.9809,6390.7016,266.2792,0.00163983,0.00157424,266.2792,6390.7016,0.00157424,266.2792,266.2792,266.2792,0.0000,0.0000,6390.7016,0.00157424,798.8377,767.3102,5858.1432,5889.6706,0.00144305,0.00145082,0.00006559,418.2083,379.7376,0.6869,61.6387,1.8384,37588.4109,89.7407,538.3845,395.5999,218.4789,430.6076,432.5446,432.5446,1046.441,1081.3617,427.0584,0.0,2.43015,2.511246,0.971205,30,216,96,2,0.20383968,0.00163983,-0.01249836,0E-8,0.000000,0.906607,0.000000,0.01775797,2026-03-22,2026-08-06,108,3621,2443,138,0.782609,1.360932,1.287360,0.679466,,,,,,,,GLOBAL_BASELINE_NO_ENTITY_RANKING,,,NOT_APPLICABLE_GLOBAL_BASELINE,HF9g-P5,,,,X 全窗基线 · 不参与实体赏罚,14199572,1420,A168_HF9F_20260827_0900,2026-08-27 09:00:00
2026-06-28,57024343,2170,0,1722.4303492228,387.5468285751,387.5468285751,0.6666667,4,4,0.50665070000000000,0.506650700000,0.5543606114942035,0.5543606114942035,0.5543606114942035,0E-17,ELIGIBLE,R03b_20260811_FULL_v1,L1_ELIGIBILITY,v2026-08-11,2026-03-21..2026-08-06,baccarat_bet02_101_all_pairs_incl_sentinel,round_win = game_pnl > 0 (decisive only),COMPATIBILITY_ONLY_NOT_PRODUCTION,4059548.3812,3680416.6879,6656.9809,9707,9692,-0.00163983,0.01249836,-0.00525961,-0.00163983,-6656.9809,4059548.3812,OK,0.0000,266.2792,4.0000,96.0000,AG03-UNRESOLVED,ALL5_LEVELS_bet23_to_bet27,266.2792,266.2792,266.2792,0.0000,0.0000,4.000000,4.000000,4.000000,0.000000,0.000000,96.000000,96.000000,96.000000,100.000000,100.000000,5.0,798.8377,767.3102,5858.1432,5889.6706,PENDING_AG03,FALSE,NOT_FOR_ENFORCEMENT,6390.7016,3533200.0204,6656.9809,6390.7016,266.2792,0.00163983,0.00157424,266.2792,6390.7016,0.00157424,266.2792,266.2792,266.2792,0.0000,0.0000,6390.7016,0.00157424,798.8377,767.3102,5858.1432,5889.6706,0.00144305,0.00145082,0.00006559,418.2083,379.7376,0.6869,61.6387,1.8384,37588.4109,89.7407,538.3845,395.5999,218.4789,430.6076,432.5446,432.5446,1046.441,1081.3617,427.0584,0.0,2.43015,2.511246,0.971205,30,216,96,2,0.20383968,0.00163983,-0.01249836,0E-8,0.000000,0.906607,0.000000,0.01775797,2026-03-22,2026-08-06,108,3621,2443,138,0.782609,1.360932,1.287360,0.679466,,,,,,,,GLOBAL_BASELINE_NO_ENTITY_RANKING,,,NOT_APPLICABLE_GLOBAL_BASELINE,HF9g-P5,,,,X 全窗基线 · 不参与实体赏罚,14199573,1420,A168_HF9F_20260827_0900,2026-08-27 09:00:00
2026-06-28,57024343,2201,0,861.2151746114,-21.5303793653,-21.5303793653,0.5000000,2,2,0.50665070000000000,0.506650700000,-0.018812684590367487,-0.018812684590367487,-0.018812684590367487,0E-17,ELIGIBLE,R03b_20260811_FULL_v1,L1_ELIGIBILITY,v2026-08-11,2026-03-21..2026-08-06,baccarat_bet02_101_all_pairs_incl_sentinel,round_win = game_pnl > 0 (decisive only),COMPATIBILITY_ONLY_NOT_PRODUCTION,4059548.3812,3680416.6879,6656.9809,9707,9692,-0.00163983,0.01249836,-0.00525961,-0.00163983,-6656.9809,4059548.3812,OK,0.0000,266.2792,4.0000,96.0000,AG03-UNRESOLVED,ALL5_LEVELS_bet23_to_bet27,266.2792,266.2792,266.2792,0.0000,0.0000,4.000000,4.000000,4.000000,0.000000,0.000000,96.000000,96.000000,96.000000,100.000000,100.000000,5.0,798.8377,767.3102,5858.1432,5889.6706,PENDING_AG03,FALSE,NOT_FOR_ENFORCEMENT,6390.7016,3533200.0204,6656.9809,6390.7016,266.2792,0.00163983,0.00157424,266.2792,6390.7016,0.00157424,266.2792,266.2792,266.2792,0.0000,0.0000,6390.7016,0.00157424,798.8377,767.3102,5858.1432,5889.6706,0.00144305,0.00145082,0.00006559,418.2083,379.7376,0.6869,61.6387,1.8384,37588.4109,89.7407,538.3845,395.5999,218.4789,430.6076,432.5446,432.5446,1046.441,1081.3617,427.0584,0.0,2.43015,2.511246,0.971205,30,216,96,2,0.20383968,0.00163983,-0.01249836,0E-8,0.000000,0.906607,0.000000,0.01775797,2026-03-22,2026-08-06,108,3621,2443,138,0.782609,1.360932,1.287360,0.679466,,,,,,,,GLOBAL_BASELINE_NO_ENTITY_RANKING,,,NOT_APPLICABLE_GLOBAL_BASELINE,HF9g-P5,,,,X 全窗基线 · 不参与实体赏罚,14199574,1420,A168_HF9F_20260827_0900,2026-08-27 09:00:00
2026-06-28,57024343,2205,0,2153.0379365285,-882.7455539767,-882.7455539767,0.2500000,5,5,0.50665070000000000,0.506650700000,-1.0266936290537745,-1.0266936290537745,-1.0266936290537745,0E-17,ELIGIBLE,R03b_20260811_FULL_v1,L1_ELIGIBILITY,v2026-08-11,2026-03-21..2026-08-06,baccarat_bet02_101_all_pairs_incl_sentinel,round_win = game_pnl > 0 (decisive only),COMPATIBILITY_ONLY_NOT_PRODUCTION,4059548.3812,3680416.6879,6656.9809,9707,9692,-0.00163983,0.01249836,-0.00525961,-0.00163983,-6656.9809,4059548.3812,OK,0.0000,266.2792,4.0000,96.0000,AG03-UNRESOLVED,ALL5_LEVELS_bet23_to_bet27,266.2792,266.2792,266.2792,0.0000,0.0000,4.000000,4.000000,4.000000,0.000000,0.000000,96.000000,96.000000,96.000000,100.000000,100.000000,5.0,798.8377,767.3102,5858.1432,5889.6706,PENDING_AG03,FALSE,NOT_FOR_ENFORCEMENT,6390.7016,3533200.0204,6656.9809,6390.7016,266.2792,0.00163983,0.00157424,266.2792,6390.7016,0.00157424,266.2792,266.2792,266.2792,0.0000,0.0000,6390.7016,0.00157424,798.8377,767.3102,5858.1432,5889.6706,0.00144305,0.00145082,0.00006559,418.2083,379.7376,0.6869,61.6387,1.8384,37588.4109,89.7407,538.3845,395.5999,218.4789,430.6076,432.5446,432.5446,1046.441,1081.3617,427.0584,0.0,2.43015,2.511246,0.971205,30,216,96,2,0.20383968,0.00163983,-0.01249836,0E-8,0.000000,0.906607,0.000000,0.01775797,2026-03-22,2026-08-06,108,3621,2443,138,0.782609,1.360932,1.287360,0.679466,,,,,,,,GLOBAL_BASELINE_NO_ENTITY_RANKING,,,NOT_APPLICABLE_GLOBAL_BASELINE,HF9g-P5,,,,X 全窗基线 · 不参与实体赏罚,14199575,1420,A168_HF9F_20260827_0900,2026-08-27 09:00:00
2026-06-28,57024343,2209,0,861.2151746114,818.1544158808,818.1544158808,1.0000000,2,2,0.50665070000000000,0.506650700000,1.3955260008387969,1.3955260008387969,1.3955260008387969,0E-17,ELIGIBLE,R03b_20260811_FULL_v1,L1_ELIGIBILITY,v2026-08-11,2026-03-21..2026-08-06,baccarat_bet02_101_all_pairs_incl_sentinel,round_win = game_pnl > 0 (decisive only),COMPATIBILITY_ONLY_NOT_PRODUCTION,4059548.3812,3680416.6879,6656.9809,9707,9692,-0.00163983,0.01249836,-0.00525961,-0.00163983,-6656.9809,4059548.3812,OK,0.0000,266.2792,4.0000,96.0000,AG03-UNRESOLVED,ALL5_LEVELS_bet23_to_bet27,266.2792,266.2792,266.2792,0.0000,0.0000,4.000000,4.000000,4.000000,0.000000,0.000000,96.000000,96.000000,96.000000,100.000000,100.000000,5.0,798.8377,767.3102,5858.1432,5889.6706,PENDING_AG03,FALSE,NOT_FOR_ENFORCEMENT,6390.7016,3533200.0204,6656.9809,6390.7016,266.2792,0.00163983,0.00157424,266.2792,6390.7016,0.00157424,266.2792,266.2792,266.2792,0.0000,0.0000,6390.7016,0.00157424,798.8377,767.3102,5858.1432,5889.6706,0.00144305,0.00145082,0.00006559,418.2083,379.7376,0.6869,61.6387,1.8384,37588.4109,89.7407,538.3845,395.5999,218.4789,430.6076,432.5446,432.5446,1046.441,1081.3617,427.0584,0.0,2.43015,2.511246,0.971205,30,216,96,2,0.20383968,0.00163983,-0.01249836,0E-8,0.000000,0.906607,0.000000,0.01775797,2026-03-22,2026-08-06,108,3621,2443,138,0.782609,1.360932,1.287360,0.679466,,,,,,,,GLOBAL_BASELINE_NO_ENTITY_RANKING,,,NOT_APPLICABLE_GLOBAL_BASELINE,HF9g-P5,,,,X 全窗基线 · 不参与实体赏罚,14199576,1420,A168_HF9F_20260827_0900,2026-08-27 09:00:00
2026-06-28,57024343,2220,0,1291.8227619171,430.6075873057,430.6075873057,0.6666667,3,3,0.49324550000000000,0.493245500000,0.6008033672792107,0.6008033672792106,0.6008033672792107,0E-17,ELIGIBLE,R03b_20260811_FULL_v1,L1_ELIGIBILITY,v2026-08-11,2026-03-21..2026-08-06,baccarat_bet02_101_all_pairs_incl_sentinel,round_win = game_pnl > 0 (decisive only),COMPATIBILITY_ONLY_NOT_PRODUCTION,4059548.3812,3680416.6879,6656.9809,9707,9692,-0.00163983,0.01249836,-0.00525961,-0.00163983,-6656.9809,4059548.3812,OK,0.0000,266.2792,4.0000,96.0000,AG03-UNRESOLVED,ALL5_LEVELS_bet23_to_bet27,266.2792,266.2792,266.2792,0.0000,0.0000,4.000000,4.000000,4.000000,0.000000,0.000000,96.000000,96.000000,96.000000,100.000000,100.000000,5.0,798.8377,767.3102,5858.1432,5889.6706,PENDING_AG03,FALSE,NOT_FOR_ENFORCEMENT,6390.7016,3533200.0204,6656.9809,6390.7016,266.2792,0.00163983,0.00157424,266.2792,6390.7016,0.00157424,266.2792,266.2792,266.2792,0.0000,0.0000,6390.7016,0.00157424,798.8377,767.3102,5858.1432,5889.6706,0.00144305,0.00145082,0.00006559,418.2083,379.7376,0.6869,61.6387,1.8384,37588.4109,89.7407,538.3845,395.5999,218.4789,430.6076,432.5446,432.5446,1046.441,1081.3617,427.0584,0.0,2.43015,2.511246,0.971205,30,216,96,2,0.20383968,0.00163983,-0.01249836,0E-8,0.000000,0.906607,0.000000,0.01775797,2026-03-22,2026-08-06,108,3621,2443,138,0.782609,1.360932,1.287360,0.679466,,,,,,,,GLOBAL_BASELINE_NO_ENTITY_RANKING,,,NOT_APPLICABLE_GLOBAL_BASELINE,HF9g-P5,,,,X 全窗基线 · 不参与实体赏罚,14199577,1420,A168_HF9F_20260827_0900,2026-08-27 09:00:00
2026-06-28,57024343,2224,0,430.6075873057,-430.6075873057,-430.6075873057,0E-7,1,1,0.50665070000000000,0.506650700000,-1.013391052207602,-1.013391052207602,-1.013391052207602,0E-17,ELIGIBLE,R03b_20260811_FULL_v1,L1_ELIGIBILITY,v2026-08-11,2026-03-21..2026-08-06,baccarat_bet02_101_all_pairs_incl_sentinel,round_win = game_pnl > 0 (decisive only),COMPATIBILITY_ONLY_NOT_PRODUCTION,4059548.3812,3680416.6879,6656.9809,9707,9692,-0.00163983,0.01249836,-0.00525961,-0.00163983,-6656.9809,4059548.3812,OK,0.0000,266.2792,4.0000,96.0000,AG03-UNRESOLVED,ALL5_LEVELS_bet23_to_bet27,266.2792,266.2792,266.2792,0.0000,0.0000,4.000000,4.000000,4.000000,0.000000,0.000000,96.000000,96.000000,96.000000,100.000000,100.000000,5.0,798.8377,767.3102,5858.1432,5889.6706,PENDING_AG03,FALSE,NOT_FOR_ENFORCEMENT,6390.7016,3533200.0204,6656.9809,6390.7016,266.2792,0.00163983,0.00157424,266.2792,6390.7016,0.00157424,266.2792,266.2792,266.2792,0.0000,0.0000,6390.7016,0.00157424,798.8377,767.3102,5858.1432,5889.6706,0.00144305,0.00145082,0.00006559,418.2083,379.7376,0.6869,61.6387,1.8384,37588.4109,89.7407,538.3845,395.5999,218.4789,430.6076,432.5446,432.5446,1046.441,1081.3617,427.0584,0.0,2.43015,2.511246,0.971205,30,216,96,2,0.20383968,0.00163983,-0.01249836,0E-8,0.000000,0.906607,0.000000,0.01775797,2026-03-22,2026-08-06,108,3621,2443,138,0.782609,1.360932,1.287360,0.679466,,,,,,,,GLOBAL_BASELINE_NO_ENTITY_RANKING,,,NOT_APPLICABLE_GLOBAL_BASELINE,HF9g-P5,,,,X 全窗基线 · 不参与实体赏罚,14199578,1420,A168_HF9F_20260827_0900,2026-08-27 09:00:00
2026-06-28,57024343,2258,0,430.6075873057,409.0772079404,409.0772079404,1.0000000,1,1,0.50665070000000000,0.506650700000,0.9867858985152569,0.9867858985152569,0.9867858985152569,0E-17,ELIGIBLE,R03b_20260811_FULL_v1,L1_ELIGIBILITY,v2026-08-11,2026-03-21..2026-08-06,baccarat_bet02_101_all_pairs_incl_sentinel,round_win = game_pnl > 0 (decisive only),COMPATIBILITY_ONLY_NOT_PRODUCTION,4059548.3812,3680416.6879,6656.9809,9707,9692,-0.00163983,0.01249836,-0.00525961,-0.00163983,-6656.9809,4059548.3812,OK,0.0000,266.2792,4.0000,96.0000,AG03-UNRESOLVED,ALL5_LEVELS_bet23_to_bet27,266.2792,266.2792,266.2792,0.0000,0.0000,4.000000,4.000000,4.000000,0.000000,0.000000,96.000000,96.000000,96.000000,100.000000,100.000000,5.0,798.8377,767.3102,5858.1432,5889.6706,PENDING_AG03,FALSE,NOT_FOR_ENFORCEMENT,6390.7016,3533200.0204,6656.9809,6390.7016,266.2792,0.00163983,0.00157424,266.2792,6390.7016,0.00157424,266.2792,266.2792,266.2792,0.0000,0.0000,6390.7016,0.00157424,798.8377,767.3102,5858.1432,5889.6706,0.00144305,0.00145082,0.00006559,418.2083,379.7376,0.6869,61.6387,1.8384,37588.4109,89.7407,538.3845,395.5999,218.4789,430.6076,432.5446,432.5446,1046.441,1081.3617,427.0584,0.0,2.43015,2.511246,0.971205,30,216,96,2,0.20383968,0.00163983,-0.01249836,0E-8,0.000000,0.906607,0.000000,0.01775797,2026-03-22,2026-08-06,108,3621,2443,138,0.782609,1.360932,1.287360,0.679466,,,,,,,,GLOBAL_BASELINE_NO_ENTITY_RANKING,,,NOT_APPLICABLE_GLOBAL_BASELINE,HF9g-P5,,,,X 全窗基线 · 不参与实体赏罚,14199579,1420,A168_HF9F_20260827_0900,2026-08-27 09:00:00
2026-06-28,57024343,2271,0,861.2151746114,-21.5303793653,-21.5303793653,0.5000000,2,2,0.50665070000000000,0.506650700000,-0.018812684590367487,-0.018812684590367487,-0.018812684590367487,0E-17,ELIGIBLE,R03b_20260811_FULL_v1,L1_ELIGIBILITY,v2026-08-11,2026-03-21..2026-08-06,baccarat_bet02_101_all_pairs_incl_sentinel,round_win = game_pnl > 0 (decisive only),COMPATIBILITY_ONLY_NOT_PRODUCTION,4059548.3812,3680416.6879,6656.9809,9707,9692,-0.00163983,0.01249836,-0.00525961,-0.00163983,-6656.9809,4059548.3812,OK,0.0000,266.2792,4.0000,96.0000,AG03-UNRESOLVED,ALL5_LEVELS_bet23_to_bet27,266.2792,266.2792,266.2792,0.0000,0.0000,4.000000,4.000000,4.000000,0.000000,0.000000,96.000000,96.000000,96.000000,100.000000,100.000000,5.0,798.8377,767.3102,5858.1432,5889.6706,PENDING_AG03,FALSE,NOT_FOR_ENFORCEMENT,6390.7016,3533200.0204,6656.9809,6390.7016,266.2792,0.00163983,0.00157424,266.2792,6390.7016,0.00157424,266.2792,266.2792,266.2792,0.0000,0.0000,6390.7016,0.00157424,798.8377,767.3102,5858.1432,5889.6706,0.00144305,0.00145082,0.00006559,418.2083,379.7376,0.6869,61.6387,1.8384,37588.4109,89.7407,538.3845,395.5999,218.4789,430.6076,432.5446,432.5446,1046.441,1081.3617,427.0584,0.0,2.43015,2.511246,0.971205,30,216,96,2,0.20383968,0.00163983,-0.01249836,0E-8,0.000000,0.906607,0.000000,0.01775797,2026-03-22,2026-08-06,108,3621,2443,138,0.782609,1.360932,1.287360,0.679466,,,,,,,,GLOBAL_BASELINE_NO_ENTITY_RANKING,,,NOT_APPLICABLE_GLOBAL_BASELINE,HF9g-P5,,,,X 全窗基线 · 不参与实体赏罚,14199580,1420,A168_HF9F_20260827_0900,2026-08-27 09:00:00
2026-06-28,57024343,462,0,2153.0379365285,-473.6683460363,-473.6683460363,0.5000000,4,4,0.50665070000000000,0.506650700000,-0.02660515369234503,-0.02660515369234503,-0.02660515369234503,0E-17,ELIGIBLE,R03b_20260811_FULL_v1,L1_ELIGIBILITY,v2026-08-11,2026-03-21..2026-08-06,baccarat_bet02_101_all_pairs_incl_sentinel,round_win = game_pnl > 0 (decisive only),COMPATIBILITY_ONLY_NOT_PRODUCTION,4059548.3812,3680416.6879,6656.9809,9707,9692,-0.00163983,0.01249836,-0.00525961,-0.00163983,-6656.9809,4059548.3812,OK,0.0000,266.2792,4.0000,96.0000,AG03-UNRESOLVED,ALL5_LEVELS_bet23_to_bet27,266.2792,266.2792,266.2792,0.0000,0.0000,4.000000,4.000000,4.000000,0.000000,0.000000,96.000000,96.000000,96.000000,100.000000,100.000000,5.0,798.8377,767.3102,5858.1432,5889.6706,PENDING_AG03,FALSE,NOT_FOR_ENFORCEMENT,6390.7016,3533200.0204,6656.9809,6390.7016,266.2792,0.00163983,0.00157424,266.2792,6390.7016,0.00157424,266.2792,266.2792,266.2792,0.0000,0.0000,6390.7016,0.00157424,798.8377,767.3102,5858.1432,5889.6706,0.00144305,0.00145082,0.00006559,418.2083,379.7376,0.6869,61.6387,1.8384,37588.4109,89.7407,538.3845,395.5999,218.4789,430.6076,432.5446,432.5446,1046.441,1081.3617,427.0584,0.0,2.43015,2.511246,0.971205,30,216,96,2,0.20383968,0.00163983,-0.01249836,0E-8,0.000000,0.906607,0.000000,0.01775797,2026-03-22,2026-08-06,108,3621,2443,138,0.782609,1.360932,1.287360,0.679466,,,,,,,,GLOBAL_BASELINE_NO_ENTITY_RANKING,,,NOT_APPLICABLE_GLOBAL_BASELINE,HF9g-P5,,,,X 全窗基线 · 不参与实体赏罚,14199581,1420,A168_HF9F_20260827_0900,2026-08-27 09:00:00
2026-06-28,57024343,550,0,430.6075873057,-430.6075873057,-430.6075873057,0E-7,1,1,0.50665070000000000,0.506650700000,-1.013391052207602,-1.013391052207602,-1.013391052207602,0E-17,ELIGIBLE,R03b_20260811_FULL_v1,L1_ELIGIBILITY,v2026-08-11,2026-03-21..2026-08-06,baccarat_bet02_101_all_pairs_incl_sentinel,round_win = game_pnl > 0 (decisive only),COMPATIBILITY_ONLY_NOT_PRODUCTION,4059548.3812,3680416.6879,6656.9809,9707,9692,-0.00163983,0.01249836,-0.00525961,-0.00163983,-6656.9809,4059548.3812,OK,0.0000,266.2792,4.0000,96.0000,AG03-UNRESOLVED,ALL5_LEVELS_bet23_to_bet27,266.2792,266.2792,266.2792,0.0000,0.0000,4.000000,4.000000,4.000000,0.000000,0.000000,96.000000,96.000000,96.000000,100.000000,100.000000,5.0,798.8377,767.3102,5858.1432,5889.6706,PENDING_AG03,FALSE,NOT_FOR_ENFORCEMENT,6390.7016,3533200.0204,6656.9809,6390.7016,266.2792,0.00163983,0.00157424,266.2792,6390.7016,0.00157424,266.2792,266.2792,266.2792,0.0000,0.0000,6390.7016,0.00157424,798.8377,767.3102,5858.1432,5889.6706,0.00144305,0.00145082,0.00006559,418.2083,379.7376,0.6869,61.6387,1.8384,37588.4109,89.7407,538.3845,395.5999,218.4789,430.6076,432.5446,432.5446,1046.441,1081.3617,427.0584,0.0,2.43015,2.511246,0.971205,30,216,96,2,0.20383968,0.00163983,-0.01249836,0E-8,0.000000,0.906607,0.000000,0.01775797,2026-03-22,2026-08-06,108,3621,2443,138,0.782609,1.360932,1.287360,0.679466,,,,,,,,GLOBAL_BASELINE_NO_ENTITY_RANKING,,,NOT_APPLICABLE_GLOBAL_BASELINE,HF9g-P5,,,,X 全窗基线 · 不参与实体赏罚,14199582,1420,A168_HF9F_20260827_0900,2026-08-27 09:00:00
2026-06-28,57024343,583,0,430.6075873057,-430.6075873057,-430.6075873057,0E-7,1,1,0.50665070000000000,0.506650700000,-1.013391052207602,-1.013391052207602,-1.013391052207602,0E-17,ELIGIBLE,R03b_20260811_FULL_v1,L1_ELIGIBILITY,v2026-08-11,2026-03-21..2026-08-06,baccarat_bet02_101_all_pairs_incl_sentinel,round_win = game_pnl > 0 (decisive only),COMPATIBILITY_ONLY_NOT_PRODUCTION,4059548.3812,3680416.6879,6656.9809,9707,9692,-0.00163983,0.01249836,-0.00525961,-0.00163983,-6656.9809,4059548.3812,OK,0.0000,266.2792,4.0000,96.0000,AG03-UNRESOLVED,ALL5_LEVELS_bet23_to_bet27,266.2792,266.2792,266.2792,0.0000,0.0000,4.000000,4.000000,4.000000,0.000000,0.000000,96.000000,96.000000,96.000000,100.000000,100.000000,5.0,798.8377,767.3102,5858.1432,5889.6706,PENDING_AG03,FALSE,NOT_FOR_ENFORCEMENT,6390.7016,3533200.0204,6656.9809,6390.7016,266.2792,0.00163983,0.00157424,266.2792,6390.7016,0.00157424,266.2792,266.2792,266.2792,0.0000,0.0000,6390.7016,0.00157424,798.8377,767.3102,5858.1432,5889.6706,0.00144305,0.00145082,0.00006559,418.2083,379.7376,0.6869,61.6387,1.8384,37588.4109,89.7407,538.3845,395.5999,218.4789,430.6076,432.5446,432.5446,1046.441,1081.3617,427.0584,0.0,2.43015,2.511246,0.971205,30,216,96,2,0.20383968,0.00163983,-0.01249836,0E-8,0.000000,0.906607,0.000000,0.01775797,2026-03-22,2026-08-06,108,3621,2443,138,0.782609,1.360932,1.287360,0.679466,,,,,,,,GLOBAL_BASELINE_NO_ENTITY_RANKING,,,NOT_APPLICABLE_GLOBAL_BASELINE,HF9g-P5,,,,X 全窗基线 · 不参与实体赏罚,14199583,1420,A168_HF9F_20260827_0900,2026-08-27 09:00:00
2026-06-28,57024343,772,0,430.6075873057,0E-10,0E-10,,1,1,0.50665070000000000,0.506650700000,,,,0E-17,NO_DECISIVE_ROUND,R03b_20260811_FULL_v1,L1_ELIGIBILITY,v2026-08-11,2026-03-21..2026-08-06,baccarat_bet02_101_all_pairs_incl_sentinel,round_win = game_pnl > 0 (decisive only),COMPATIBILITY_ONLY_NOT_PRODUCTION,4059548.3812,3680416.6879,6656.9809,9707,9692,-0.00163983,0.01249836,-0.00525961,-0.00163983,-6656.9809,4059548.3812,OK,0.0000,266.2792,4.0000,96.0000,AG03-UNRESOLVED,ALL5_LEVELS_bet23_to_bet27,266.2792,266.2792,266.2792,0.0000,0.0000,4.000000,4.000000,4.000000,0.000000,0.000000,96.000000,96.000000,96.000000,100.000000,100.000000,5.0,798.8377,767.3102,5858.1432,5889.6706,PENDING_AG03,FALSE,NOT_FOR_ENFORCEMENT,6390.7016,3533200.0204,6656.9809,6390.7016,266.2792,0.00163983,0.00157424,266.2792,6390.7016,0.00157424,266.2792,266.2792,266.2792,0.0000,0.0000,6390.7016,0.00157424,798.8377,767.3102,5858.1432,5889.6706,0.00144305,0.00145082,0.00006559,418.2083,379.7376,0.6869,61.6387,1.8384,37588.4109,89.7407,538.3845,395.5999,218.4789,430.6076,432.5446,432.5446,1046.441,1081.3617,427.0584,0.0,2.43015,2.511246,0.971205,30,216,96,2,0.20383968,0.00163983,-0.01249836,0E-8,0.000000,0.906607,0.000000,0.01775797,2026-03-22,2026-08-06,108,3621,2443,138,0.782609,1.360932,1.287360,0.679466,,,,,,,,GLOBAL_BASELINE_NO_ENTITY_RANKING,,,NOT_APPLICABLE_GLOBAL_BASELINE,HF9g-P5,,,,X 全窗基线 · 不参与实体赏罚,14199584,1420,A168_HF9F_20260827_0900,2026-08-27 09:00:00
2026-06-28,57024343,987,0,215.3037936528,-215.3037936528,-215.3037936528,0E-7,1,1,0.50665070000000000,0.506650700000,-1.013391052207602,-1.013391052207602,-1.013391052207602,0E-17,ELIGIBLE,R03b_20260811_FULL_v1,L1_ELIGIBILITY,v2026-08-11,2026-03-21..2026-08-06,baccarat_bet02_101_all_pairs_incl_sentinel,round_win = game_pnl > 0 (decisive only),COMPATIBILITY_ONLY_NOT_PRODUCTION,4059548.3812,3680416.6879,6656.9809,9707,9692,-0.00163983,0.01249836,-0.00525961,-0.00163983,-6656.9809,4059548.3812,OK,0.0000,266.2792,4.0000,96.0000,AG03-UNRESOLVED,ALL5_LEVELS_bet23_to_bet27,266.2792,266.2792,266.2792,0.0000,0.0000,4.000000,4.000000,4.000000,0.000000,0.000000,96.000000,96.000000,96.000000,100.000000,100.000000,5.0,798.8377,767.3102,5858.1432,5889.6706,PENDING_AG03,FALSE,NOT_FOR_ENFORCEMENT,6390.7016,3533200.0204,6656.9809,6390.7016,266.2792,0.00163983,0.00157424,266.2792,6390.7016,0.00157424,266.2792,266.2792,266.2792,0.0000,0.0000,6390.7016,0.00157424,798.8377,767.3102,5858.1432,5889.6706,0.00144305,0.00145082,0.00006559,418.2083,379.7376,0.6869,61.6387,1.8384,37588.4109,89.7407,538.3845,395.5999,218.4789,430.6076,432.5446,432.5446,1046.441,1081.3617,427.0584,0.0,2.43015,2.511246,0.971205,30,216,96,2,0.20383968,0.00163983,-0.01249836,0E-8,0.000000,0.906607,0.000000,0.01775797,2026-03-22,2026-08-06,108,3621,2443,138,0.782609,1.360932,1.287360,0.679466,,,,,,,,GLOBAL_BASELINE_NO_ENTITY_RANKING,,,NOT_APPLICABLE_GLOBAL_BASELINE,HF9g-P5,,,,X 全窗基线 · 不参与实体赏罚,14199585,1420,A168_HF9F_20260827_0900,2026-08-27 09:00:00
2026-06-28,57024343,994,0,1830.0822460492,-150.7126555570,-150.7126555570,0.5000000,4,4,0.50665070000000000,0.506650700000,-0.02660515369234503,-0.02660515369234503,-0.02660515369234503,0E-17,ELIGIBLE,R03b_20260811_FULL_v1,L1_ELIGIBILITY,v2026-08-11,2026-03-21..2026-08-06,baccarat_bet02_101_all_pairs_incl_sentinel,round_win = game_pnl > 0 (decisive only),COMPATIBILITY_ONLY_NOT_PRODUCTION,4059548.3812,3680416.6879,6656.9809,9707,9692,-0.00163983,0.01249836,-0.00525961,-0.00163983,-6656.9809,4059548.3812,OK,0.0000,266.2792,4.0000,96.0000,AG03-UNRESOLVED,ALL5_LEVELS_bet23_to_bet27,266.2792,266.2792,266.2792,0.0000,0.0000,4.000000,4.000000,4.000000,0.000000,0.000000,96.000000,96.000000,96.000000,100.000000,100.000000,5.0,798.8377,767.3102,5858.1432,5889.6706,PENDING_AG03,FALSE,NOT_FOR_ENFORCEMENT,6390.7016,3533200.0204,6656.9809,6390.7016,266.2792,0.00163983,0.00157424,266.2792,6390.7016,0.00157424,266.2792,266.2792,266.2792,0.0000,0.0000,6390.7016,0.00157424,798.8377,767.3102,5858.1432,5889.6706,0.00144305,0.00145082,0.00006559,418.2083,379.7376,0.6869,61.6387,1.8384,37588.4109,89.7407,538.3845,395.5999,218.4789,430.6076,432.5446,432.5446,1046.441,1081.3617,427.0584,0.0,2.43015,2.511246,0.971205,30,216,96,2,0.20383968,0.00163983,-0.01249836,0E-8,0.000000,0.906607,0.000000,0.01775797,2026-03-22,2026-08-06,108,3621,2443,138,0.782609,1.360932,1.287360,0.679466,,,,,,,,GLOBAL_BASELINE_NO_ENTITY_RANKING,,,NOT_APPLICABLE_GLOBAL_BASELINE,HF9g-P5,,,,X 全窗基线 · 不参与实体赏罚,14199586,1420,A168_HF9F_20260827_0900,2026-08-27 09:00:00
2026-06-29,57024343,-1,1,11411.1010636010,-1679.3695904923,-1679.3695904923,0.4347826,26,26,0.50355719230769231,0.503557192308,-0.6596793270491551,-0.6596793270521092,-0.6596793270491551,-3.0769E-13,SENTINEL_DEALER,R03b_20260811_FULL_v1,L1_ELIGIBILITY,v2026-08-11,2026-03-21..2026-08-06,baccarat_bet02_101_all_pairs_incl_sentinel,round_win = game_pnl > 0 (decisive only),COMPATIBILITY_ONLY_NOT_PRODUCTION,4059548.3812,3680416.6879,6656.9809,9707,9692,-0.00163983,0.01249836,-0.00525961,-0.00163983,-6656.9809,4059548.3812,OK,0.0000,266.2792,4.0000,96.0000,AG03-UNRESOLVED,ALL5_LEVELS_bet23_to_bet27,266.2792,266.2792,266.2792,0.0000,0.0000,4.000000,4.000000,4.000000,0.000000,0.000000,96.000000,96.000000,96.000000,100.000000,100.000000,5.0,798.8377,767.3102,5858.1432,5889.6706,PENDING_AG03,FALSE,NOT_FOR_ENFORCEMENT,6390.7016,3533200.0204,6656.9809,6390.7016,266.2792,0.00163983,0.00157424,266.2792,6390.7016,0.00157424,266.2792,266.2792,266.2792,0.0000,0.0000,6390.7016,0.00157424,798.8377,767.3102,5858.1432,5889.6706,0.00144305,0.00145082,0.00006559,418.2083,379.7376,0.6869,61.6387,1.8384,37588.4109,89.7407,538.3845,395.5999,218.4789,430.6076,432.5446,432.5446,1046.441,1081.3617,427.0584,0.0,2.43015,2.511246,0.971205,30,216,96,2,0.20383968,0.00163983,-0.01249836,0E-8,0.000000,0.906607,0.000000,0.01775797,2026-03-22,2026-08-06,108,3621,2443,138,0.782609,1.360932,1.287360,0.679466,,,,,,,,GLOBAL_BASELINE_NO_ENTITY_RANKING,,,NOT_APPLICABLE_GLOBAL_BASELINE,HF9g-P5,,,,X 全窗基线 · 不参与实体赏罚,14199587,1420,A168_HF9F_20260827_0900,2026-08-27 09:00:00
2026-06-29,57024343,1115,0,1291.8227619171,387.5468285751,387.5468285751,0.6666667,3,3,0.50665070000000000,0.506650700000,0.5543606114942035,0.5543606114942035,0.5543606114942035,0E-17,ELIGIBLE,R03b_20260811_FULL_v1,L1_ELIGIBILITY,v2026-08-11,2026-03-21..2026-08-06,baccarat_bet02_101_all_pairs_incl_sentinel,round_win = game_pnl > 0 (decisive only),COMPATIBILITY_ONLY_NOT_PRODUCTION,4059548.3812,3680416.6879,6656.9809,9707,9692,-0.00163983,0.01249836,-0.00525961,-0.00163983,-6656.9809,4059548.3812,OK,0.0000,266.2792,4.0000,96.0000,AG03-UNRESOLVED,ALL5_LEVELS_bet23_to_bet27,266.2792,266.2792,266.2792,0.0000,0.0000,4.000000,4.000000,4.000000,0.000000,0.000000,96.000000,96.000000,96.000000,100.000000,100.000000,5.0,798.8377,767.3102,5858.1432,5889.6706,PENDING_AG03,FALSE,NOT_FOR_ENFORCEMENT,6390.7016,3533200.0204,6656.9809,6390.7016,266.2792,0.00163983,0.00157424,266.2792,6390.7016,0.00157424,266.2792,266.2792,266.2792,0.0000,0.0000,6390.7016,0.00157424,798.8377,767.3102,5858.1432,5889.6706,0.00144305,0.00145082,0.00006559,418.2083,379.7376,0.6869,61.6387,1.8384,37588.4109,89.7407,538.3845,395.5999,218.4789,430.6076,432.5446,432.5446,1046.441,1081.3617,427.0584,0.0,2.43015,2.511246,0.971205,30,216,96,2,0.20383968,0.00163983,-0.01249836,0E-8,0.000000,0.906607,0.000000,0.01775797,2026-03-22,2026-08-06,108,3621,2443,138,0.782609,1.360932,1.287360,0.679466,,,,,,,,GLOBAL_BASELINE_NO_ENTITY_RANKING,,,NOT_APPLICABLE_GLOBAL_BASELINE,HF9g-P5,,,,X 全窗基线 · 不参与实体赏罚,14199588,1420,A168_HF9F_20260827_0900,2026-08-27 09:00:00
2026-06-29,57024343,1318,0,861.2151746114,409.0772079404,409.0772079404,1.0000000,2,2,0.50665070000000000,0.506650700000,0.9867858985152569,0.9867858985152569,0.9867858985152569,0E-17,ELIGIBLE,R03b_20260811_FULL_v1,L1_ELIGIBILITY,v2026-08-11,2026-03-21..2026-08-06,baccarat_bet02_101_all_pairs_incl_sentinel,round_win = game_pnl > 0 (decisive only),COMPATIBILITY_ONLY_NOT_PRODUCTION,4059548.3812,3680416.6879,6656.9809,9707,9692,-0.00163983,0.01249836,-0.00525961,-0.00163983,-6656.9809,4059548.3812,OK,0.0000,266.2792,4.0000,96.0000,AG03-UNRESOLVED,ALL5_LEVELS_bet23_to_bet27,266.2792,266.2792,266.2792,0.0000,0.0000,4.000000,4.000000,4.000000,0.000000,0.000000,96.000000,96.000000,96.000000,100.000000,100.000000,5.0,798.8377,767.3102,5858.1432,5889.6706,PENDING_AG03,FALSE,NOT_FOR_ENFORCEMENT,6390.7016,3533200.0204,6656.9809,6390.7016,266.2792,0.00163983,0.00157424,266.2792,6390.7016,0.00157424,266.2792,266.2792,266.2792,0.0000,0.0000,6390.7016,0.00157424,798.8377,767.3102,5858.1432,5889.6706,0.00144305,0.00145082,0.00006559,418.2083,379.7376,0.6869,61.6387,1.8384,37588.4109,89.7407,538.3845,395.5999,218.4789,430.6076,432.5446,432.5446,1046.441,1081.3617,427.0584,0.0,2.43015,2.511246,0.971205,30,216,96,2,0.20383968,0.00163983,-0.01249836,0E-8,0.000000,0.906607,0.000000,0.01775797,2026-03-22,2026-08-06,108,3621,2443,138,0.782609,1.360932,1.287360,0.679466,,,,,,,,GLOBAL_BASELINE_NO_ENTITY_RANKING,,,NOT_APPLICABLE_GLOBAL_BASELINE,HF9g-P5,,,,X 全窗基线 · 不参与实体赏罚,14199589,1420,A168_HF9F_20260827_0900,2026-08-27 09:00:00
2026-06-29,57024343,1396,0,1291.8227619171,-452.1379666710,-452.1379666710,0.3333333,3,3,0.50665070000000000,0.506650700000,-0.6004420894325239,-0.6004420894325239,-0.6004420894325239,0E-17,ELIGIBLE,R03b_20260811_FULL_v1,L1_ELIGIBILITY,v2026-08-11,2026-03-21..2026-08-06,baccarat_bet02_101_all_pairs_incl_sentinel,round_win = game_pnl > 0 (decisive only),COMPATIBILITY_ONLY_NOT_PRODUCTION,4059548.3812,3680416.6879,6656.9809,9707,9692,-0.00163983,0.01249836,-0.00525961,-0.00163983,-6656.9809,4059548.3812,OK,0.0000,266.2792,4.0000,96.0000,AG03-UNRESOLVED,ALL5_LEVELS_bet23_to_bet27,266.2792,266.2792,266.2792,0.0000,0.0000,4.000000,4.000000,4.000000,0.000000,0.000000,96.000000,96.000000,96.000000,100.000000,100.000000,5.0,798.8377,767.3102,5858.1432,5889.6706,PENDING_AG03,FALSE,NOT_FOR_ENFORCEMENT,6390.7016,3533200.0204,6656.9809,6390.7016,266.2792,0.00163983,0.00157424,266.2792,6390.7016,0.00157424,266.2792,266.2792,266.2792,0.0000,0.0000,6390.7016,0.00157424,798.8377,767.3102,5858.1432,5889.6706,0.00144305,0.00145082,0.00006559,418.2083,379.7376,0.6869,61.6387,1.8384,37588.4109,89.7407,538.3845,395.5999,218.4789,430.6076,432.5446,432.5446,1046.441,1081.3617,427.0584,0.0,2.43015,2.511246,0.971205,30,216,96,2,0.20383968,0.00163983,-0.01249836,0E-8,0.000000,0.906607,0.000000,0.01775797,2026-03-22,2026-08-06,108,3621,2443,138,0.782609,1.360932,1.287360,0.679466,,,,,,,,GLOBAL_BASELINE_NO_ENTITY_RANKING,,,NOT_APPLICABLE_GLOBAL_BASELINE,HF9g-P5,,,,X 全窗基线 · 不参与实体赏罚,14199590,1420,A168_HF9F_20260827_0900,2026-08-27 09:00:00
2026-06-29,57024343,1400,0,2153.0379365285,796.6240365155,796.6240365155,0.7500000,5,5,0.50665070000000000,0.506650700000,0.9734833216690844,0.9734833216690844,0.9734833216690844,0E-17,ELIGIBLE,R03b_20260811_FULL_v1,L1_ELIGIBILITY,v2026-08-11,2026-03-21..2026-08-06,baccarat_bet02_101_all_pairs_incl_sentinel,round_win = game_pnl > 0 (decisive only),COMPATIBILITY_ONLY_NOT_PRODUCTION,4059548.3812,3680416.6879,6656.9809,9707,9692,-0.00163983,0.01249836,-0.00525961,-0.00163983,-6656.9809,4059548.3812,OK,0.0000,266.2792,4.0000,96.0000,AG03-UNRESOLVED,ALL5_LEVELS_bet23_to_bet27,266.2792,266.2792,266.2792,0.0000,0.0000,4.000000,4.000000,4.000000,0.000000,0.000000,96.000000,96.000000,96.000000,100.000000,100.000000,5.0,798.8377,767.3102,5858.1432,5889.6706,PENDING_AG03,FALSE,NOT_FOR_ENFORCEMENT,6390.7016,3533200.0204,6656.9809,6390.7016,266.2792,0.00163983,0.00157424,266.2792,6390.7016,0.00157424,266.2792,266.2792,266.2792,0.0000,0.0000,6390.7016,0.00157424,798.8377,767.3102,5858.1432,5889.6706,0.00144305,0.00145082,0.00006559,418.2083,379.7376,0.6869,61.6387,1.8384,37588.4109,89.7407,538.3845,395.5999,218.4789,430.6076,432.5446,432.5446,1046.441,1081.3617,427.0584,0.0,2.43015,2.511246,0.971205,30,216,96,2,0.20383968,0.00163983,-0.01249836,0E-8,0.000000,0.906607,0.000000,0.01775797,2026-03-22,2026-08-06,108,3621,2443,138,0.782609,1.360932,1.287360,0.679466,,,,,,,,GLOBAL_BASELINE_NO_ENTITY_RANKING,,,NOT_APPLICABLE_GLOBAL_BASELINE,HF9g-P5,,,,X 全窗基线 · 不参与实体赏罚,14199591,1420,A168_HF9F_20260827_0900,2026-08-27 09:00:00
2026-06-29,57024343,1646,0,861.2151746114,-861.2151746114,-861.2151746114,0E-7,2,2,0.50665070000000000,0.506650700000,-1.4331513700195317,-1.4331513700195317,-1.4331513700195317,0E-17,ELIGIBLE,R03b_20260811_FULL_v1,L1_ELIGIBILITY,v2026-08-11,2026-03-21..2026-08-06,baccarat_bet02_101_all_pairs_incl_sentinel,round_win = game_pnl > 0 (decisive only),COMPATIBILITY_ONLY_NOT_PRODUCTION,4059548.3812,3680416.6879,6656.9809,9707,9692,-0.00163983,0.01249836,-0.00525961,-0.00163983,-6656.9809,4059548.3812,OK,0.0000,266.2792,4.0000,96.0000,AG03-UNRESOLVED,ALL5_LEVELS_bet23_to_bet27,266.2792,266.2792,266.2792,0.0000,0.0000,4.000000,4.000000,4.000000,0.000000,0.000000,96.000000,96.000000,96.000000,100.000000,100.000000,5.0,798.8377,767.3102,5858.1432,5889.6706,PENDING_AG03,FALSE,NOT_FOR_ENFORCEMENT,6390.7016,3533200.0204,6656.9809,6390.7016,266.2792,0.00163983,0.00157424,266.2792,6390.7016,0.00157424,266.2792,266.2792,266.2792,0.0000,0.0000,6390.7016,0.00157424,798.8377,767.3102,5858.1432,5889.6706,0.00144305,0.00145082,0.00006559,418.2083,379.7376,0.6869,61.6387,1.8384,37588.4109,89.7407,538.3845,395.5999,218.4789,430.6076,432.5446,432.5446,1046.441,1081.3617,427.0584,0.0,2.43015,2.511246,0.971205,30,216,96,2,0.20383968,0.00163983,-0.01249836,0E-8,0.000000,0.906607,0.000000,0.01775797,2026-03-22,2026-08-06,108,3621,2443,138,0.782609,1.360932,1.287360,0.679466,,,,,,,,GLOBAL_BASELINE_NO_ENTITY_RANKING,,,NOT_APPLICABLE_GLOBAL_BASELINE,HF9g-P5,,,,X 全窗基线 · 不参与实体赏罚,14199592,1420,A168_HF9F_20260827_0900,2026-08-27 09:00:00
2026-06-29,57024343,1935,0,430.6075873057,409.0772079404,409.0772079404,1.0000000,1,1,0.50665070000000000,0.506650700000,0.9867858985152569,0.9867858985152569,0.9867858985152569,0E-17,ELIGIBLE,R03b_20260811_FULL_v1,L1_ELIGIBILITY,v2026-08-11,2026-03-21..2026-08-06,baccarat_bet02_101_all_pairs_incl_sentinel,round_win = game_pnl > 0 (decisive only),COMPATIBILITY_ONLY_NOT_PRODUCTION,4059548.3812,3680416.6879,6656.9809,9707,9692,-0.00163983,0.01249836,-0.00525961,-0.00163983,-6656.9809,4059548.3812,OK,0.0000,266.2792,4.0000,96.0000,AG03-UNRESOLVED,ALL5_LEVELS_bet23_to_bet27,266.2792,266.2792,266.2792,0.0000,0.0000,4.000000,4.000000,4.000000,0.000000,0.000000,96.000000,96.000000,96.000000,100.000000,100.000000,5.0,798.8377,767.3102,5858.1432,5889.6706,PENDING_AG03,FALSE,NOT_FOR_ENFORCEMENT,6390.7016,3533200.0204,6656.9809,6390.7016,266.2792,0.00163983,0.00157424,266.2792,6390.7016,0.00157424,266.2792,266.2792,266.2792,0.0000,0.0000,6390.7016,0.00157424,798.8377,767.3102,5858.1432,5889.6706,0.00144305,0.00145082,0.00006559,418.2083,379.7376,0.6869,61.6387,1.8384,37588.4109,89.7407,538.3845,395.5999,218.4789,430.6076,432.5446,432.5446,1046.441,1081.3617,427.0584,0.0,2.43015,2.511246,0.971205,30,216,96,2,0.20383968,0.00163983,-0.01249836,0E-8,0.000000,0.906607,0.000000,0.01775797,2026-03-22,2026-08-06,108,3621,2443,138,0.782609,1.360932,1.287360,0.679466,,,,,,,,GLOBAL_BASELINE_NO_ENTITY_RANKING,,,NOT_APPLICABLE_GLOBAL_BASELINE,HF9g-P5,,,,X 全窗基线 · 不参与实体赏罚,14199593,1420,A168_HF9F_20260827_0900,2026-08-27 09:00:00
2026-06-29,57024343,1951,0,1291.8227619171,387.5468285751,387.5468285751,0.6666667,3,3,0.50218230000000000,0.502182300000,0.5697959874915163,0.5697959874915164,0.5697959874915163,0E-17,ELIGIBLE,R03b_20260811_FULL_v1,L1_ELIGIBILITY,v2026-08-11,2026-03-21..2026-08-06,baccarat_bet02_101_all_pairs_incl_sentinel,round_win = game_pnl > 0 (decisive only),COMPATIBILITY_ONLY_NOT_PRODUCTION,4059548.3812,3680416.6879,6656.9809,9707,9692,-0.00163983,0.01249836,-0.00525961,-0.00163983,-6656.9809,4059548.3812,OK,0.0000,266.2792,4.0000,96.0000,AG03-UNRESOLVED,ALL5_LEVELS_bet23_to_bet27,266.2792,266.2792,266.2792,0.0000,0.0000,4.000000,4.000000,4.000000,0.000000,0.000000,96.000000,96.000000,96.000000,100.000000,100.000000,5.0,798.8377,767.3102,5858.1432,5889.6706,PENDING_AG03,FALSE,NOT_FOR_ENFORCEMENT,6390.7016,3533200.0204,6656.9809,6390.7016,266.2792,0.00163983,0.00157424,266.2792,6390.7016,0.00157424,266.2792,266.2792,266.2792,0.0000,0.0000,6390.7016,0.00157424,798.8377,767.3102,5858.1432,5889.6706,0.00144305,0.00145082,0.00006559,418.2083,379.7376,0.6869,61.6387,1.8384,37588.4109,89.7407,538.3845,395.5999,218.4789,430.6076,432.5446,432.5446,1046.441,1081.3617,427.0584,0.0,2.43015,2.511246,0.971205,30,216,96,2,0.20383968,0.00163983,-0.01249836,0E-8,0.000000,0.906607,0.000000,0.01775797,2026-03-22,2026-08-06,108,3621,2443,138,0.782609,1.360932,1.287360,0.679466,,,,,,,,GLOBAL_BASELINE_NO_ENTITY_RANKING,,,NOT_APPLICABLE_GLOBAL_BASELINE,HF9g-P5,,,,X 全窗基线 · 不参与实体赏罚,14199594,1420,A168_HF9F_20260827_0900,2026-08-27 09:00:00
2026-06-29,57024343,1957,0,1291.8227619171,818.1544158808,818.1544158808,1.0000000,3,3,0.50665070000000000,0.506650700000,1.3955260008387969,1.3955260008387969,1.3955260008387969,0E-17,ELIGIBLE,R03b_20260811_FULL_v1,L1_ELIGIBILITY,v2026-08-11,2026-03-21..2026-08-06,baccarat_bet02_101_all_pairs_incl_sentinel,round_win = game_pnl > 0 (decisive only),COMPATIBILITY_ONLY_NOT_PRODUCTION,4059548.3812,3680416.6879,6656.9809,9707,9692,-0.00163983,0.01249836,-0.00525961,-0.00163983,-6656.9809,4059548.3812,OK,0.0000,266.2792,4.0000,96.0000,AG03-UNRESOLVED,ALL5_LEVELS_bet23_to_bet27,266.2792,266.2792,266.2792,0.0000,0.0000,4.000000,4.000000,4.000000,0.000000,0.000000,96.000000,96.000000,96.000000,100.000000,100.000000,5.0,798.8377,767.3102,5858.1432,5889.6706,PENDING_AG03,FALSE,NOT_FOR_ENFORCEMENT,6390.7016,3533200.0204,6656.9809,6390.7016,266.2792,0.00163983,0.00157424,266.2792,6390.7016,0.00157424,266.2792,266.2792,266.2792,0.0000,0.0000,6390.7016,0.00157424,798.8377,767.3102,5858.1432,5889.6706,0.00144305,0.00145082,0.00006559,418.2083,379.7376,0.6869,61.6387,1.8384,37588.4109,89.7407,538.3845,395.5999,218.4789,430.6076,432.5446,432.5446,1046.441,1081.3617,427.0584,0.0,2.43015,2.511246,0.971205,30,216,96,2,0.20383968,0.00163983,-0.01249836,0E-8,0.000000,0.906607,0.000000,0.01775797,2026-03-22,2026-08-06,108,3621,2443,138,0.782609,1.360932,1.287360,0.679466,,,,,,,,GLOBAL_BASELINE_NO_ENTITY_RANKING,,,NOT_APPLICABLE_GLOBAL_BASELINE,HF9g-P5,,,,X 全窗基线 · 不参与实体赏罚,14199595,1420,A168_HF9F_20260827_0900,2026-08-27 09:00:00
2026-06-29,57024343,1963,0,430.6075873057,-430.6075873057,-430.6075873057,0E-7,1,1,0.50665070000000000,0.506650700000,-1.013391052207602,-1.013391052207602,-1.013391052207602,0E-17,ELIGIBLE,R03b_20260811_FULL_v1,L1_ELIGIBILITY,v2026-08-11,2026-03-21..2026-08-06,baccarat_bet02_101_all_pairs_incl_sentinel,round_win = game_pnl > 0 (decisive only),COMPATIBILITY_ONLY_NOT_PRODUCTION,4059548.3812,3680416.6879,6656.9809,9707,9692,-0.00163983,0.01249836,-0.00525961,-0.00163983,-6656.9809,4059548.3812,OK,0.0000,266.2792,4.0000,96.0000,AG03-UNRESOLVED,ALL5_LEVELS_bet23_to_bet27,266.2792,266.2792,266.2792,0.0000,0.0000,4.000000,4.000000,4.000000,0.000000,0.000000,96.000000,96.000000,96.000000,100.000000,100.000000,5.0,798.8377,767.3102,5858.1432,5889.6706,PENDING_AG03,FALSE,NOT_FOR_ENFORCEMENT,6390.7016,3533200.0204,6656.9809,6390.7016,266.2792,0.00163983,0.00157424,266.2792,6390.7016,0.00157424,266.2792,266.2792,266.2792,0.0000,0.0000,6390.7016,0.00157424,798.8377,767.3102,5858.1432,5889.6706,0.00144305,0.00145082,0.00006559,418.2083,379.7376,0.6869,61.6387,1.8384,37588.4109,89.7407,538.3845,395.5999,218.4789,430.6076,432.5446,432.5446,1046.441,1081.3617,427.0584,0.0,2.43015,2.511246,0.971205,30,216,96,2,0.20383968,0.00163983,-0.01249836,0E-8,0.000000,0.906607,0.000000,0.01775797,2026-03-22,2026-08-06,108,3621,2443,138,0.782609,1.360932,1.287360,0.679466,,,,,,,,GLOBAL_BASELINE_NO_ENTITY_RANKING,,,NOT_APPLICABLE_GLOBAL_BASELINE,HF9g-P5,,,,X 全窗基线 · 不参与实体赏罚,14199596,1420,A168_HF9F_20260827_0900,2026-08-27 09:00:00
2026-06-29,57024343,2101,0,2153.0379365285,-43.0607587306,-43.0607587306,0.5000000,5,5,0.50665070000000000,0.506650700000,-0.02660515369234503,-0.02660515369234503,-0.02660515369234503,0E-17,ELIGIBLE,R03b_20260811_FULL_v1,L1_ELIGIBILITY,v2026-08-11,2026-03-21..2026-08-06,baccarat_bet02_101_all_pairs_incl_sentinel,round_win = game_pnl > 0 (decisive only),COMPATIBILITY_ONLY_NOT_PRODUCTION,4059548.3812,3680416.6879,6656.9809,9707,9692,-0.00163983,0.01249836,-0.00525961,-0.00163983,-6656.9809,4059548.3812,OK,0.0000,266.2792,4.0000,96.0000,AG03-UNRESOLVED,ALL5_LEVELS_bet23_to_bet27,266.2792,266.2792,266.2792,0.0000,0.0000,4.000000,4.000000,4.000000,0.000000,0.000000,96.000000,96.000000,96.000000,100.000000,100.000000,5.0,798.8377,767.3102,5858.1432,5889.6706,PENDING_AG03,FALSE,NOT_FOR_ENFORCEMENT,6390.7016,3533200.0204,6656.9809,6390.7016,266.2792,0.00163983,0.00157424,266.2792,6390.7016,0.00157424,266.2792,266.2792,266.2792,0.0000,0.0000,6390.7016,0.00157424,798.8377,767.3102,5858.1432,5889.6706,0.00144305,0.00145082,0.00006559,418.2083,379.7376,0.6869,61.6387,1.8384,37588.4109,89.7407,538.3845,395.5999,218.4789,430.6076,432.5446,432.5446,1046.441,1081.3617,427.0584,0.0,2.43015,2.511246,0.971205,30,216,96,2,0.20383968,0.00163983,-0.01249836,0E-8,0.000000,0.906607,0.000000,0.01775797,2026-03-22,2026-08-06,108,3621,2443,138,0.782609,1.360932,1.287360,0.679466,,,,,,,,GLOBAL_BASELINE_NO_ENTITY_RANKING,,,NOT_APPLICABLE_GLOBAL_BASELINE,HF9g-P5,,,,X 全窗基线 · 不参与实体赏罚,14199597,1420,A168_HF9F_20260827_0900,2026-08-27 09:00:00
2026-06-29,57024343,2152,0,430.6075873057,-430.6075873057,-430.6075873057,0E-7,1,1,0.50665070000000000,0.506650700000,-1.013391052207602,-1.013391052207602,-1.013391052207602,0E-17,ELIGIBLE,R03b_20260811_FULL_v1,L1_ELIGIBILITY,v2026-08-11,2026-03-21..2026-08-06,baccarat_bet02_101_all_pairs_incl_sentinel,round_win = game_pnl > 0 (decisive only),COMPATIBILITY_ONLY_NOT_PRODUCTION,4059548.3812,3680416.6879,6656.9809,9707,9692,-0.00163983,0.01249836,-0.00525961,-0.00163983,-6656.9809,4059548.3812,OK,0.0000,266.2792,4.0000,96.0000,AG03-UNRESOLVED,ALL5_LEVELS_bet23_to_bet27,266.2792,266.2792,266.2792,0.0000,0.0000,4.000000,4.000000,4.000000,0.000000,0.000000,96.000000,96.000000,96.000000,100.000000,100.000000,5.0,798.8377,767.3102,5858.1432,5889.6706,PENDING_AG03,FALSE,NOT_FOR_ENFORCEMENT,6390.7016,3533200.0204,6656.9809,6390.7016,266.2792,0.00163983,0.00157424,266.2792,6390.7016,0.00157424,266.2792,266.2792,266.2792,0.0000,0.0000,6390.7016,0.00157424,798.8377,767.3102,5858.1432,5889.6706,0.00144305,0.00145082,0.00006559,418.2083,379.7376,0.6869,61.6387,1.8384,37588.4109,89.7407,538.3845,395.5999,218.4789,430.6076,432.5446,432.5446,1046.441,1081.3617,427.0584,0.0,2.43015,2.511246,0.971205,30,216,96,2,0.20383968,0.00163983,-0.01249836,0E-8,0.000000,0.906607,0.000000,0.01775797,2026-03-22,2026-08-06,108,3621,2443,138,0.782609,1.360932,1.287360,0.679466,,,,,,,,GLOBAL_BASELINE_NO_ENTITY_RANKING,,,NOT_APPLICABLE_GLOBAL_BASELINE,HF9g-P5,,,,X 全窗基线 · 不参与实体赏罚,14199598,1420,A168_HF9F_20260827_0900,2026-08-27 09:00:00
2026-06-29,57024343,2167,0,430.6075873057,-430.6075873057,-430.6075873057,0E-7,1,1,0.50665070000000000,0.506650700000,-1.013391052207602,-1.013391052207602,-1.013391052207602,0E-17,ELIGIBLE,R03b_20260811_FULL_v1,L1_ELIGIBILITY,v2026-08-11,2026-03-21..2026-08-06,baccarat_bet02_101_all_pairs_incl_sentinel,round_win = game_pnl > 0 (decisive only),COMPATIBILITY_ONLY_NOT_PRODUCTION,4059548.3812,3680416.6879,6656.9809,9707,9692,-0.00163983,0.01249836,-0.00525961,-0.00163983,-6656.9809,4059548.3812,OK,0.0000,266.2792,4.0000,96.0000,AG03-UNRESOLVED,ALL5_LEVELS_bet23_to_bet27,266.2792,266.2792,266.2792,0.0000,0.0000,4.000000,4.000000,4.000000,0.000000,0.000000,96.000000,96.000000,96.000000,100.000000,100.000000,5.0,798.8377,767.3102,5858.1432,5889.6706,PENDING_AG03,FALSE,NOT_FOR_ENFORCEMENT,6390.7016,3533200.0204,6656.9809,6390.7016,266.2792,0.00163983,0.00157424,266.2792,6390.7016,0.00157424,266.2792,266.2792,266.2792,0.0000,0.0000,6390.7016,0.00157424,798.8377,767.3102,5858.1432,5889.6706,0.00144305,0.00145082,0.00006559,418.2083,379.7376,0.6869,61.6387,1.8384,37588.4109,89.7407,538.3845,395.5999,218.4789,430.6076,432.5446,432.5446,1046.441,1081.3617,427.0584,0.0,2.43015,2.511246,0.971205,30,216,96,2,0.20383968,0.00163983,-0.01249836,0E-8,0.000000,0.906607,0.000000,0.01775797,2026-03-22,2026-08-06,108,3621,2443,138,0.782609,1.360932,1.287360,0.679466,,,,,,,,GLOBAL_BASELINE_NO_ENTITY_RANKING,,,NOT_APPLICABLE_GLOBAL_BASELINE,HF9g-P5,,,,X 全窗基线 · 不参与实体赏罚,14199599,1420,A168_HF9F_20260827_0900,2026-08-27 09:00:00
2026-06-29,57024343,2170,0,1937.7341428756,1001.1626404857,1001.1626404857,0.8000000,5,5,0.50665070000000000,0.506650700000,1.3120140225494112,1.3120140225494112,1.3120140225494112,0E-17,ELIGIBLE,R03b_20260811_FULL_v1,L1_ELIGIBILITY,v2026-08-11,2026-03-21..2026-08-06,baccarat_bet02_101_all_pairs_incl_sentinel,round_win = game_pnl > 0 (decisive only),COMPATIBILITY_ONLY_NOT_PRODUCTION,4059548.3812,3680416.6879,6656.9809,9707,9692,-0.00163983,0.01249836,-0.00525961,-0.00163983,-6656.9809,4059548.3812,OK,0.0000,266.2792,4.0000,96.0000,AG03-UNRESOLVED,ALL5_LEVELS_bet23_to_bet27,266.2792,266.2792,266.2792,0.0000,0.0000,4.000000,4.000000,4.000000,0.000000,0.000000,96.000000,96.000000,96.000000,100.000000,100.000000,5.0,798.8377,767.3102,5858.1432,5889.6706,PENDING_AG03,FALSE,NOT_FOR_ENFORCEMENT,6390.7016,3533200.0204,6656.9809,6390.7016,266.2792,0.00163983,0.00157424,266.2792,6390.7016,0.00157424,266.2792,266.2792,266.2792,0.0000,0.0000,6390.7016,0.00157424,798.8377,767.3102,5858.1432,5889.6706,0.00144305,0.00145082,0.00006559,418.2083,379.7376,0.6869,61.6387,1.8384,37588.4109,89.7407,538.3845,395.5999,218.4789,430.6076,432.5446,432.5446,1046.441,1081.3617,427.0584,0.0,2.43015,2.511246,0.971205,30,216,96,2,0.20383968,0.00163983,-0.01249836,0E-8,0.000000,0.906607,0.000000,0.01775797,2026-03-22,2026-08-06,108,3621,2443,138,0.782609,1.360932,1.287360,0.679466,,,,,,,,GLOBAL_BASELINE_NO_ENTITY_RANKING,,,NOT_APPLICABLE_GLOBAL_BASELINE,HF9g-P5,,,,X 全窗基线 · 不参与实体赏罚,14199600,1420,A168_HF9F_20260827_0900,2026-08-27 09:00:00
2026-06-29,57024343,2205,0,1291.8227619171,-452.1379666710,-452.1379666710,0.3333333,3,3,0.50665070000000000,0.506650700000,-0.6004420894325239,-0.6004420894325239,-0.6004420894325239,0E-17,ELIGIBLE,R03b_20260811_FULL_v1,L1_ELIGIBILITY,v2026-08-11,2026-03-21..2026-08-06,baccarat_bet02_101_all_pairs_incl_sentinel,round_win = game_pnl > 0 (decisive only),COMPATIBILITY_ONLY_NOT_PRODUCTION,4059548.3812,3680416.6879,6656.9809,9707,9692,-0.00163983,0.01249836,-0.00525961,-0.00163983,-6656.9809,4059548.3812,OK,0.0000,266.2792,4.0000,96.0000,AG03-UNRESOLVED,ALL5_LEVELS_bet23_to_bet27,266.2792,266.2792,266.2792,0.0000,0.0000,4.000000,4.000000,4.000000,0.000000,0.000000,96.000000,96.000000,96.000000,100.000000,100.000000,5.0,798.8377,767.3102,5858.1432,5889.6706,PENDING_AG03,FALSE,NOT_FOR_ENFORCEMENT,6390.7016,3533200.0204,6656.9809,6390.7016,266.2792,0.00163983,0.00157424,266.2792,6390.7016,0.00157424,266.2792,266.2792,266.2792,0.0000,0.0000,6390.7016,0.00157424,798.8377,767.3102,5858.1432,5889.6706,0.00144305,0.00145082,0.00006559,418.2083,379.7376,0.6869,61.6387,1.8384,37588.4109,89.7407,538.3845,395.5999,218.4789,430.6076,432.5446,432.5446,1046.441,1081.3617,427.0584,0.0,2.43015,2.511246,0.971205,30,216,96,2,0.20383968,0.00163983,-0.01249836,0E-8,0.000000,0.906607,0.000000,0.01775797,2026-03-22,2026-08-06,108,3621,2443,138,0.782609,1.360932,1.287360,0.679466,,,,,,,,GLOBAL_BASELINE_NO_ENTITY_RANKING,,,NOT_APPLICABLE_GLOBAL_BASELINE,HF9g-P5,,,,X 全窗基线 · 不参与实体赏罚,14199601,1420,A168_HF9F_20260827_0900,2026-08-27 09:00:00
2026-06-29,57024343,2224,0,1722.4303492228,430.6075873057,430.6075873057,0.6666667,4,4,0.49324550000000000,0.493245500000,0.6008033672792107,0.6008033672792106,0.6008033672792107,0E-17,ELIGIBLE,R03b_20260811_FULL_v1,L1_ELIGIBILITY,v2026-08-11,2026-03-21..2026-08-06,baccarat_bet02_101_all_pairs_incl_sentinel,round_win = game_pnl > 0 (decisive only),COMPATIBILITY_ONLY_NOT_PRODUCTION,4059548.3812,3680416.6879,6656.9809,9707,9692,-0.00163983,0.01249836,-0.00525961,-0.00163983,-6656.9809,4059548.3812,OK,0.0000,266.2792,4.0000,96.0000,AG03-UNRESOLVED,ALL5_LEVELS_bet23_to_bet27,266.2792,266.2792,266.2792,0.0000,0.0000,4.000000,4.000000,4.000000,0.000000,0.000000,96.000000,96.000000,96.000000,100.000000,100.000000,5.0,798.8377,767.3102,5858.1432,5889.6706,PENDING_AG03,FALSE,NOT_FOR_ENFORCEMENT,6390.7016,3533200.0204,6656.9809,6390.7016,266.2792,0.00163983,0.00157424,266.2792,6390.7016,0.00157424,266.2792,266.2792,266.2792,0.0000,0.0000,6390.7016,0.00157424,798.8377,767.3102,5858.1432,5889.6706,0.00144305,0.00145082,0.00006559,418.2083,379.7376,0.6869,61.6387,1.8384,37588.4109,89.7407,538.3845,395.5999,218.4789,430.6076,432.5446,432.5446,1046.441,1081.3617,427.0584,0.0,2.43015,2.511246,0.971205,30,216,96,2,0.20383968,0.00163983,-0.01249836,0E-8,0.000000,0.906607,0.000000,0.01775797,2026-03-22,2026-08-06,108,3621,2443,138,0.782609,1.360932,1.287360,0.679466,,,,,,,,GLOBAL_BASELINE_NO_ENTITY_RANKING,,,NOT_APPLICABLE_GLOBAL_BASELINE,HF9g-P5,,,,X 全窗基线 · 不参与实体赏罚,14199602,1420,A168_HF9F_20260827_0900,2026-08-27 09:00:00
2026-06-29,57024343,2229,0,430.6075873057,409.0772079404,409.0772079404,1.0000000,1,1,0.50665070000000000,0.506650700000,0.9867858985152569,0.9867858985152569,0.9867858985152569,0E-17,ELIGIBLE,R03b_20260811_FULL_v1,L1_ELIGIBILITY,v2026-08-11,2026-03-21..2026-08-06,baccarat_bet02_101_all_pairs_incl_sentinel,round_win = game_pnl > 0 (decisive only),COMPATIBILITY_ONLY_NOT_PRODUCTION,4059548.3812,3680416.6879,6656.9809,9707,9692,-0.00163983,0.01249836,-0.00525961,-0.00163983,-6656.9809,4059548.3812,OK,0.0000,266.2792,4.0000,96.0000,AG03-UNRESOLVED,ALL5_LEVELS_bet23_to_bet27,266.2792,266.2792,266.2792,0.0000,0.0000,4.000000,4.000000,4.000000,0.000000,0.000000,96.000000,96.000000,96.000000,100.000000,100.000000,5.0,798.8377,767.3102,5858.1432,5889.6706,PENDING_AG03,FALSE,NOT_FOR_ENFORCEMENT,6390.7016,3533200.0204,6656.9809,6390.7016,266.2792,0.00163983,0.00157424,266.2792,6390.7016,0.00157424,266.2792,266.2792,266.2792,0.0000,0.0000,6390.7016,0.00157424,798.8377,767.3102,5858.1432,5889.6706,0.00144305,0.00145082,0.00006559,418.2083,379.7376,0.6869,61.6387,1.8384,37588.4109,89.7407,538.3845,395.5999,218.4789,430.6076,432.5446,432.5446,1046.441,1081.3617,427.0584,0.0,2.43015,2.511246,0.971205,30,216,96,2,0.20383968,0.00163983,-0.01249836,0E-8,0.000000,0.906607,0.000000,0.01775797,2026-03-22,2026-08-06,108,3621,2443,138,0.782609,1.360932,1.287360,0.679466,,,,,,,,GLOBAL_BASELINE_NO_ENTITY_RANKING,,,NOT_APPLICABLE_GLOBAL_BASELINE,HF9g-P5,,,,X 全窗基线 · 不参与实体赏罚,14199603,1420,A168_HF9F_20260827_0900,2026-08-27 09:00:00
2026-06-29,57024343,2251,0,430.6075873057,409.0772079404,409.0772079404,1.0000000,1,1,0.50665070000000000,0.506650700000,0.9867858985152569,0.9867858985152569,0.9867858985152569,0E-17,ELIGIBLE,R03b_20260811_FULL_v1,L1_ELIGIBILITY,v2026-08-11,2026-03-21..2026-08-06,baccarat_bet02_101_all_pairs_incl_sentinel,round_win = game_pnl > 0 (decisive only),COMPATIBILITY_ONLY_NOT_PRODUCTION,4059548.3812,3680416.6879,6656.9809,9707,9692,-0.00163983,0.01249836,-0.00525961,-0.00163983,-6656.9809,4059548.3812,OK,0.0000,266.2792,4.0000,96.0000,AG03-UNRESOLVED,ALL5_LEVELS_bet23_to_bet27,266.2792,266.2792,266.2792,0.0000,0.0000,4.000000,4.000000,4.000000,0.000000,0.000000,96.000000,96.000000,96.000000,100.000000,100.000000,5.0,798.8377,767.3102,5858.1432,5889.6706,PENDING_AG03,FALSE,NOT_FOR_ENFORCEMENT,6390.7016,3533200.0204,6656.9809,6390.7016,266.2792,0.00163983,0.00157424,266.2792,6390.7016,0.00157424,266.2792,266.2792,266.2792,0.0000,0.0000,6390.7016,0.00157424,798.8377,767.3102,5858.1432,5889.6706,0.00144305,0.00145082,0.00006559,418.2083,379.7376,0.6869,61.6387,1.8384,37588.4109,89.7407,538.3845,395.5999,218.4789,430.6076,432.5446,432.5446,1046.441,1081.3617,427.0584,0.0,2.43015,2.511246,0.971205,30,216,96,2,0.20383968,0.00163983,-0.01249836,0E-8,0.000000,0.906607,0.000000,0.01775797,2026-03-22,2026-08-06,108,3621,2443,138,0.782609,1.360932,1.287360,0.679466,,,,,,,,GLOBAL_BASELINE_NO_ENTITY_RANKING,,,NOT_APPLICABLE_GLOBAL_BASELINE,HF9g-P5,,,,X 全窗基线 · 不参与实体赏罚,14199604,1420,A168_HF9F_20260827_0900,2026-08-27 09:00:00
2026-06-29,57024343,462,0,1722.4303492228,-882.7455539767,-882.7455539767,0.2500000,4,4,0.50665070000000000,0.506650700000,-1.0266936290537745,-1.0266936290537745,-1.0266936290537745,0E-17,ELIGIBLE,R03b_20260811_FULL_v1,L1_ELIGIBILITY,v2026-08-11,2026-03-21..2026-08-06,baccarat_bet02_101_all_pairs_incl_sentinel,round_win = game_pnl > 0 (decisive only),COMPATIBILITY_ONLY_NOT_PRODUCTION,4059548.3812,3680416.6879,6656.9809,9707,9692,-0.00163983,0.01249836,-0.00525961,-0.00163983,-6656.9809,4059548.3812,OK,0.0000,266.2792,4.0000,96.0000,AG03-UNRESOLVED,ALL5_LEVELS_bet23_to_bet27,266.2792,266.2792,266.2792,0.0000,0.0000,4.000000,4.000000,4.000000,0.000000,0.000000,96.000000,96.000000,96.000000,100.000000,100.000000,5.0,798.8377,767.3102,5858.1432,5889.6706,PENDING_AG03,FALSE,NOT_FOR_ENFORCEMENT,6390.7016,3533200.0204,6656.9809,6390.7016,266.2792,0.00163983,0.00157424,266.2792,6390.7016,0.00157424,266.2792,266.2792,266.2792,0.0000,0.0000,6390.7016,0.00157424,798.8377,767.3102,5858.1432,5889.6706,0.00144305,0.00145082,0.00006559,418.2083,379.7376,0.6869,61.6387,1.8384,37588.4109,89.7407,538.3845,395.5999,218.4789,430.6076,432.5446,432.5446,1046.441,1081.3617,427.0584,0.0,2.43015,2.511246,0.971205,30,216,96,2,0.20383968,0.00163983,-0.01249836,0E-8,0.000000,0.906607,0.000000,0.01775797,2026-03-22,2026-08-06,108,3621,2443,138,0.782609,1.360932,1.287360,0.679466,,,,,,,,GLOBAL_BASELINE_NO_ENTITY_RANKING,,,NOT_APPLICABLE_GLOBAL_BASELINE,HF9g-P5,,,,X 全窗基线 · 不参与实体赏罚,14199605,1420,A168_HF9F_20260827_0900,2026-08-27 09:00:00
2026-06-29,57024343,526,0,1291.8227619171,-1291.8227619171,-1291.8227619171,0E-7,3,3,0.50665070000000000,0.506650700000,-1.7552447903592512,-1.7552447903592512,-1.7552447903592512,0E-17,ELIGIBLE,R03b_20260811_FULL_v1,L1_ELIGIBILITY,v2026-08-11,2026-03-21..2026-08-06,baccarat_bet02_101_all_pairs_incl_sentinel,round_win = game_pnl > 0 (decisive only),COMPATIBILITY_ONLY_NOT_PRODUCTION,4059548.3812,3680416.6879,6656.9809,9707,9692,-0.00163983,0.01249836,-0.00525961,-0.00163983,-6656.9809,4059548.3812,OK,0.0000,266.2792,4.0000,96.0000,AG03-UNRESOLVED,ALL5_LEVELS_bet23_to_bet27,266.2792,266.2792,266.2792,0.0000,0.0000,4.000000,4.000000,4.000000,0.000000,0.000000,96.000000,96.000000,96.000000,100.000000,100.000000,5.0,798.8377,767.3102,5858.1432,5889.6706,PENDING_AG03,FALSE,NOT_FOR_ENFORCEMENT,6390.7016,3533200.0204,6656.9809,6390.7016,266.2792,0.00163983,0.00157424,266.2792,6390.7016,0.00157424,266.2792,266.2792,266.2792,0.0000,0.0000,6390.7016,0.00157424,798.8377,767.3102,5858.1432,5889.6706,0.00144305,0.00145082,0.00006559,418.2083,379.7376,0.6869,61.6387,1.8384,37588.4109,89.7407,538.3845,395.5999,218.4789,430.6076,432.5446,432.5446,1046.441,1081.3617,427.0584,0.0,2.43015,2.511246,0.971205,30,216,96,2,0.20383968,0.00163983,-0.01249836,0E-8,0.000000,0.906607,0.000000,0.01775797,2026-03-22,2026-08-06,108,3621,2443,138,0.782609,1.360932,1.287360,0.679466,,,,,,,,GLOBAL_BASELINE_NO_ENTITY_RANKING,,,NOT_APPLICABLE_GLOBAL_BASELINE,HF9g-P5,,,,X 全窗基线 · 不参与实体赏罚,14199606,1420,A168_HF9F_20260827_0900,2026-08-27 09:00:00
2026-06-29,57024343,550,0,430.6075873057,-430.6075873057,-430.6075873057,0E-7,1,1,0.49324550000000000,0.493245500000,-0.9865810262130424,-0.9865810262130424,-0.9865810262130424,0E-17,ELIGIBLE,R03b_20260811_FULL_v1,L1_ELIGIBILITY,v2026-08-11,2026-03-21..2026-08-06,baccarat_bet02_101_all_pairs_incl_sentinel,round_win = game_pnl > 0 (decisive only),COMPATIBILITY_ONLY_NOT_PRODUCTION,4059548.3812,3680416.6879,6656.9809,9707,9692,-0.00163983,0.01249836,-0.00525961,-0.00163983,-6656.9809,4059548.3812,OK,0.0000,266.2792,4.0000,96.0000,AG03-UNRESOLVED,ALL5_LEVELS_bet23_to_bet27,266.2792,266.2792,266.2792,0.0000,0.0000,4.000000,4.000000,4.000000,0.000000,0.000000,96.000000,96.000000,96.000000,100.000000,100.000000,5.0,798.8377,767.3102,5858.1432,5889.6706,PENDING_AG03,FALSE,NOT_FOR_ENFORCEMENT,6390.7016,3533200.0204,6656.9809,6390.7016,266.2792,0.00163983,0.00157424,266.2792,6390.7016,0.00157424,266.2792,266.2792,266.2792,0.0000,0.0000,6390.7016,0.00157424,798.8377,767.3102,5858.1432,5889.6706,0.00144305,0.00145082,0.00006559,418.2083,379.7376,0.6869,61.6387,1.8384,37588.4109,89.7407,538.3845,395.5999,218.4789,430.6076,432.5446,432.5446,1046.441,1081.3617,427.0584,0.0,2.43015,2.511246,0.971205,30,216,96,2,0.20383968,0.00163983,-0.01249836,0E-8,0.000000,0.906607,0.000000,0.01775797,2026-03-22,2026-08-06,108,3621,2443,138,0.782609,1.360932,1.287360,0.679466,,,,,,,,GLOBAL_BASELINE_NO_ENTITY_RANKING,,,NOT_APPLICABLE_GLOBAL_BASELINE,HF9g-P5,,,,X 全窗基线 · 不参与实体赏罚,14199607,1420,A168_HF9F_20260827_0900,2026-08-27 09:00:00
2026-06-29,57024343,919,0,1076.5189682642,-236.8341730181,-236.8341730181,0.3333333,3,3,0.50665070000000000,0.506650700000,-0.6004420894325239,-0.6004420894325239,-0.6004420894325239,0E-17,ELIGIBLE,R03b_20260811_FULL_v1,L1_ELIGIBILITY,v2026-08-11,2026-03-21..2026-08-06,baccarat_bet02_101_all_pairs_incl_sentinel,round_win = game_pnl > 0 (decisive only),COMPATIBILITY_ONLY_NOT_PRODUCTION,4059548.3812,3680416.6879,6656.9809,9707,9692,-0.00163983,0.01249836,-0.00525961,-0.00163983,-6656.9809,4059548.3812,OK,0.0000,266.2792,4.0000,96.0000,AG03-UNRESOLVED,ALL5_LEVELS_bet23_to_bet27,266.2792,266.2792,266.2792,0.0000,0.0000,4.000000,4.000000,4.000000,0.000000,0.000000,96.000000,96.000000,96.000000,100.000000,100.000000,5.0,798.8377,767.3102,5858.1432,5889.6706,PENDING_AG03,FALSE,NOT_FOR_ENFORCEMENT,6390.7016,3533200.0204,6656.9809,6390.7016,266.2792,0.00163983,0.00157424,266.2792,6390.7016,0.00157424,266.2792,266.2792,266.2792,0.0000,0.0000,6390.7016,0.00157424,798.8377,767.3102,5858.1432,5889.6706,0.00144305,0.00145082,0.00006559,418.2083,379.7376,0.6869,61.6387,1.8384,37588.4109,89.7407,538.3845,395.5999,218.4789,430.6076,432.5446,432.5446,1046.441,1081.3617,427.0584,0.0,2.43015,2.511246,0.971205,30,216,96,2,0.20383968,0.00163983,-0.01249836,0E-8,0.000000,0.906607,0.000000,0.01775797,2026-03-22,2026-08-06,108,3621,2443,138,0.782609,1.360932,1.287360,0.679466,,,,,,,,GLOBAL_BASELINE_NO_ENTITY_RANKING,,,NOT_APPLICABLE_GLOBAL_BASELINE,HF9g-P5,,,,X 全窗基线 · 不参与实体赏罚,14199608,1420,A168_HF9F_20260827_0900,2026-08-27 09:00:00
2026-06-29,57024343,948,0,1722.4303492228,1636.3088317616,1636.3088317616,1.0000000,3,3,0.50665070000000000,0.506650700000,1.7091633124209307,1.7091633124209307,1.7091633124209307,0E-17,ELIGIBLE,R03b_20260811_FULL_v1,L1_ELIGIBILITY,v2026-08-11,2026-03-21..2026-08-06,baccarat_bet02_101_all_pairs_incl_sentinel,round_win = game_pnl > 0 (decisive only),COMPATIBILITY_ONLY_NOT_PRODUCTION,4059548.3812,3680416.6879,6656.9809,9707,9692,-0.00163983,0.01249836,-0.00525961,-0.00163983,-6656.9809,4059548.3812,OK,0.0000,266.2792,4.0000,96.0000,AG03-UNRESOLVED,ALL5_LEVELS_bet23_to_bet27,266.2792,266.2792,266.2792,0.0000,0.0000,4.000000,4.000000,4.000000,0.000000,0.000000,96.000000,96.000000,96.000000,100.000000,100.000000,5.0,798.8377,767.3102,5858.1432,5889.6706,PENDING_AG03,FALSE,NOT_FOR_ENFORCEMENT,6390.7016,3533200.0204,6656.9809,6390.7016,266.2792,0.00163983,0.00157424,266.2792,6390.7016,0.00157424,266.2792,266.2792,266.2792,0.0000,0.0000,6390.7016,0.00157424,798.8377,767.3102,5858.1432,5889.6706,0.00144305,0.00145082,0.00006559,418.2083,379.7376,0.6869,61.6387,1.8384,37588.4109,89.7407,538.3845,395.5999,218.4789,430.6076,432.5446,432.5446,1046.441,1081.3617,427.0584,0.0,2.43015,2.511246,0.971205,30,216,96,2,0.20383968,0.00163983,-0.01249836,0E-8,0.000000,0.906607,0.000000,0.01775797,2026-03-22,2026-08-06,108,3621,2443,138,0.782609,1.360932,1.287360,0.679466,,,,,,,,GLOBAL_BASELINE_NO_ENTITY_RANKING,,,NOT_APPLICABLE_GLOBAL_BASELINE,HF9g-P5,,,,X 全窗基线 · 不参与实体赏罚,14199609,1420,A168_HF9F_20260827_0900,2026-08-27 09:00:00
2026-06-29,57024343,987,0,861.2151746114,-21.5303793653,-21.5303793653,0.5000000,2,2,0.50665070000000000,0.506650700000,-0.018812684590367487,-0.018812684590367487,-0.018812684590367487,0E-17,ELIGIBLE,R03b_20260811_FULL_v1,L1_ELIGIBILITY,v2026-08-11,2026-03-21..2026-08-06,baccarat_bet02_101_all_pairs_incl_sentinel,round_win = game_pnl > 0 (decisive only),COMPATIBILITY_ONLY_NOT_PRODUCTION,4059548.3812,3680416.6879,6656.9809,9707,9692,-0.00163983,0.01249836,-0.00525961,-0.00163983,-6656.9809,4059548.3812,OK,0.0000,266.2792,4.0000,96.0000,AG03-UNRESOLVED,ALL5_LEVELS_bet23_to_bet27,266.2792,266.2792,266.2792,0.0000,0.0000,4.000000,4.000000,4.000000,0.000000,0.000000,96.000000,96.000000,96.000000,100.000000,100.000000,5.0,798.8377,767.3102,5858.1432,5889.6706,PENDING_AG03,FALSE,NOT_FOR_ENFORCEMENT,6390.7016,3533200.0204,6656.9809,6390.7016,266.2792,0.00163983,0.00157424,266.2792,6390.7016,0.00157424,266.2792,266.2792,266.2792,0.0000,0.0000,6390.7016,0.00157424,798.8377,767.3102,5858.1432,5889.6706,0.00144305,0.00145082,0.00006559,418.2083,379.7376,0.6869,61.6387,1.8384,37588.4109,89.7407,538.3845,395.5999,218.4789,430.6076,432.5446,432.5446,1046.441,1081.3617,427.0584,0.0,2.43015,2.511246,0.971205,30,216,96,2,0.20383968,0.00163983,-0.01249836,0E-8,0.000000,0.906607,0.000000,0.01775797,2026-03-22,2026-08-06,108,3621,2443,138,0.782609,1.360932,1.287360,0.679466,,,,,,,,GLOBAL_BASELINE_NO_ENTITY_RANKING,,,NOT_APPLICABLE_GLOBAL_BASELINE,HF9g-P5,,,,X 全窗基线 · 不参与实体赏罚,14199610,1420,A168_HF9F_20260827_0900,2026-08-27 09:00:00
2026-06-30,57024343,-1,1,3014.2531111399,-1313.3531412824,-1313.3531412824,0.2000000,7,7,0.50665070000000000,0.506650700000,-1.3715049547573244,-1.3715049547573244,-1.3715049547573244,0E-17,SENTINEL_DEALER,R03b_20260811_FULL_v1,L1_ELIGIBILITY,v2026-08-11,2026-03-21..2026-08-06,baccarat_bet02_101_all_pairs_incl_sentinel,round_win = game_pnl > 0 (decisive only),COMPATIBILITY_ONLY_NOT_PRODUCTION,4059548.3812,3680416.6879,6656.9809,9707,9692,-0.00163983,0.01249836,-0.00525961,-0.00163983,-6656.9809,4059548.3812,OK,0.0000,266.2792,4.0000,96.0000,AG03-UNRESOLVED,ALL5_LEVELS_bet23_to_bet27,266.2792,266.2792,266.2792,0.0000,0.0000,4.000000,4.000000,4.000000,0.000000,0.000000,96.000000,96.000000,96.000000,100.000000,100.000000,5.0,798.8377,767.3102,5858.1432,5889.6706,PENDING_AG03,FALSE,NOT_FOR_ENFORCEMENT,6390.7016,3533200.0204,6656.9809,6390.7016,266.2792,0.00163983,0.00157424,266.2792,6390.7016,0.00157424,266.2792,266.2792,266.2792,0.0000,0.0000,6390.7016,0.00157424,798.8377,767.3102,5858.1432,5889.6706,0.00144305,0.00145082,0.00006559,418.2083,379.7376,0.6869,61.6387,1.8384,37588.4109,89.7407,538.3845,395.5999,218.4789,430.6076,432.5446,432.5446,1046.441,1081.3617,427.0584,0.0,2.43015,2.511246,0.971205,30,216,96,2,0.20383968,0.00163983,-0.01249836,0E-8,0.000000,0.906607,0.000000,0.01775797,2026-03-22,2026-08-06,108,3621,2443,138,0.782609,1.360932,1.287360,0.679466,,,,,,,,GLOBAL_BASELINE_NO_ENTITY_RANKING,,,NOT_APPLICABLE_GLOBAL_BASELINE,HF9g-P5,,,,X 全窗基线 · 不参与实体赏罚,14199611,1420,A168_HF9F_20260827_0900,2026-08-27 09:00:00
2026-06-30,57024343,1017,0,861.2151746114,-21.5303793653,-21.5303793653,0.5000000,2,2,0.50665070000000000,0.506650700000,-0.018812684590367487,-0.018812684590367487,-0.018812684590367487,0E-17,ELIGIBLE,R03b_20260811_FULL_v1,L1_ELIGIBILITY,v2026-08-11,2026-03-21..2026-08-06,baccarat_bet02_101_all_pairs_incl_sentinel,round_win = game_pnl > 0 (decisive only),COMPATIBILITY_ONLY_NOT_PRODUCTION,4059548.3812,3680416.6879,6656.9809,9707,9692,-0.00163983,0.01249836,-0.00525961,-0.00163983,-6656.9809,4059548.3812,OK,0.0000,266.2792,4.0000,96.0000,AG03-UNRESOLVED,ALL5_LEVELS_bet23_to_bet27,266.2792,266.2792,266.2792,0.0000,0.0000,4.000000,4.000000,4.000000,0.000000,0.000000,96.000000,96.000000,96.000000,100.000000,100.000000,5.0,798.8377,767.3102,5858.1432,5889.6706,PENDING_AG03,FALSE,NOT_FOR_ENFORCEMENT,6390.7016,3533200.0204,6656.9809,6390.7016,266.2792,0.00163983,0.00157424,266.2792,6390.7016,0.00157424,266.2792,266.2792,266.2792,0.0000,0.0000,6390.7016,0.00157424,798.8377,767.3102,5858.1432,5889.6706,0.00144305,0.00145082,0.00006559,418.2083,379.7376,0.6869,61.6387,1.8384,37588.4109,89.7407,538.3845,395.5999,218.4789,430.6076,432.5446,432.5446,1046.441,1081.3617,427.0584,0.0,2.43015,2.511246,0.971205,30,216,96,2,0.20383968,0.00163983,-0.01249836,0E-8,0.000000,0.906607,0.000000,0.01775797,2026-03-22,2026-08-06,108,3621,2443,138,0.782609,1.360932,1.287360,0.679466,,,,,,,,GLOBAL_BASELINE_NO_ENTITY_RANKING,,,NOT_APPLICABLE_GLOBAL_BASELINE,HF9g-P5,,,,X 全窗基线 · 不参与实体赏罚,14199612,1420,A168_HF9F_20260827_0900,2026-08-27 09:00:00
2026-06-30,57024343,1109,0,861.2151746114,0E-10,0E-10,0.5000000,2,2,0.49994810000000000,0.499948100000,0.00014679536856514622,0.00014679536856514622,0.00014679536856514622,0E-17,ELIGIBLE,R03b_20260811_FULL_v1,L1_ELIGIBILITY,v2026-08-11,2026-03-21..2026-08-06,baccarat_bet02_101_all_pairs_incl_sentinel,round_win = game_pnl > 0 (decisive only),COMPATIBILITY_ONLY_NOT_PRODUCTION,4059548.3812,3680416.6879,6656.9809,9707,9692,-0.00163983,0.01249836,-0.00525961,-0.00163983,-6656.9809,4059548.3812,OK,0.0000,266.2792,4.0000,96.0000,AG03-UNRESOLVED,ALL5_LEVELS_bet23_to_bet27,266.2792,266.2792,266.2792,0.0000,0.0000,4.000000,4.000000,4.000000,0.000000,0.000000,96.000000,96.000000,96.000000,100.000000,100.000000,5.0,798.8377,767.3102,5858.1432,5889.6706,PENDING_AG03,FALSE,NOT_FOR_ENFORCEMENT,6390.7016,3533200.0204,6656.9809,6390.7016,266.2792,0.00163983,0.00157424,266.2792,6390.7016,0.00157424,266.2792,266.2792,266.2792,0.0000,0.0000,6390.7016,0.00157424,798.8377,767.3102,5858.1432,5889.6706,0.00144305,0.00145082,0.00006559,418.2083,379.7376,0.6869,61.6387,1.8384,37588.4109,89.7407,538.3845,395.5999,218.4789,430.6076,432.5446,432.5446,1046.441,1081.3617,427.0584,0.0,2.43015,2.511246,0.971205,30,216,96,2,0.20383968,0.00163983,-0.01249836,0E-8,0.000000,0.906607,0.000000,0.01775797,2026-03-22,2026-08-06,108,3621,2443,138,0.782609,1.360932,1.287360,0.679466,,,,,,,,GLOBAL_BASELINE_NO_ENTITY_RANKING,,,NOT_APPLICABLE_GLOBAL_BASELINE,HF9g-P5,,,,X 全窗基线 · 不参与实体赏罚,14199613,1420,A168_HF9F_20260827_0900,2026-08-27 09:00:00
2026-06-30,57024343,1151,0,861.2151746114,-21.5303793653,-21.5303793653,0.5000000,2,2,0.50665070000000000,0.506650700000,-0.018812684590367487,-0.018812684590367487,-0.018812684590367487,0E-17,ELIGIBLE,R03b_20260811_FULL_v1,L1_ELIGIBILITY,v2026-08-11,2026-03-21..2026-08-06,baccarat_bet02_101_all_pairs_incl_sentinel,round_win = game_pnl > 0 (decisive only),COMPATIBILITY_ONLY_NOT_PRODUCTION,4059548.3812,3680416.6879,6656.9809,9707,9692,-0.00163983,0.01249836,-0.00525961,-0.00163983,-6656.9809,4059548.3812,OK,0.0000,266.2792,4.0000,96.0000,AG03-UNRESOLVED,ALL5_LEVELS_bet23_to_bet27,266.2792,266.2792,266.2792,0.0000,0.0000,4.000000,4.000000,4.000000,0.000000,0.000000,96.000000,96.000000,96.000000,100.000000,100.000000,5.0,798.8377,767.3102,5858.1432,5889.6706,PENDING_AG03,FALSE,NOT_FOR_ENFORCEMENT,6390.7016,3533200.0204,6656.9809,6390.7016,266.2792,0.00163983,0.00157424,266.2792,6390.7016,0.00157424,266.2792,266.2792,266.2792,0.0000,0.0000,6390.7016,0.00157424,798.8377,767.3102,5858.1432,5889.6706,0.00144305,0.00145082,0.00006559,418.2083,379.7376,0.6869,61.6387,1.8384,37588.4109,89.7407,538.3845,395.5999,218.4789,430.6076,432.5446,432.5446,1046.441,1081.3617,427.0584,0.0,2.43015,2.511246,0.971205,30,216,96,2,0.20383968,0.00163983,-0.01249836,0E-8,0.000000,0.906607,0.000000,0.01775797,2026-03-22,2026-08-06,108,3621,2443,138,0.782609,1.360932,1.287360,0.679466,,,,,,,,GLOBAL_BASELINE_NO_ENTITY_RANKING,,,NOT_APPLICABLE_GLOBAL_BASELINE,HF9g-P5,,,,X 全窗基线 · 不参与实体赏罚,14199614,1420,A168_HF9F_20260827_0900,2026-08-27 09:00:00
2026-06-30,57024343,1323,0,2153.0379365285,-473.6683460363,-473.6683460363,0.4000000,5,5,0.50665070000000000,0.506650700000,-0.4769986289884125,-0.4769986289884125,-0.4769986289884125,0E-17,ELIGIBLE,R03b_20260811_FULL_v1,L1_ELIGIBILITY,v2026-08-11,2026-03-21..2026-08-06,baccarat_bet02_101_all_pairs_incl_sentinel,round_win = game_pnl > 0 (decisive only),COMPATIBILITY_ONLY_NOT_PRODUCTION,4059548.3812,3680416.6879,6656.9809,9707,9692,-0.00163983,0.01249836,-0.00525961,-0.00163983,-6656.9809,4059548.3812,OK,0.0000,266.2792,4.0000,96.0000,AG03-UNRESOLVED,ALL5_LEVELS_bet23_to_bet27,266.2792,266.2792,266.2792,0.0000,0.0000,4.000000,4.000000,4.000000,0.000000,0.000000,96.000000,96.000000,96.000000,100.000000,100.000000,5.0,798.8377,767.3102,5858.1432,5889.6706,PENDING_AG03,FALSE,NOT_FOR_ENFORCEMENT,6390.7016,3533200.0204,6656.9809,6390.7016,266.2792,0.00163983,0.00157424,266.2792,6390.7016,0.00157424,266.2792,266.2792,266.2792,0.0000,0.0000,6390.7016,0.00157424,798.8377,767.3102,5858.1432,5889.6706,0.00144305,0.00145082,0.00006559,418.2083,379.7376,0.6869,61.6387,1.8384,37588.4109,89.7407,538.3845,395.5999,218.4789,430.6076,432.5446,432.5446,1046.441,1081.3617,427.0584,0.0,2.43015,2.511246,0.971205,30,216,96,2,0.20383968,0.00163983,-0.01249836,0E-8,0.000000,0.906607,0.000000,0.01775797,2026-03-22,2026-08-06,108,3621,2443,138,0.782609,1.360932,1.287360,0.679466,,,,,,,,GLOBAL_BASELINE_NO_ENTITY_RANKING,,,NOT_APPLICABLE_GLOBAL_BASELINE,HF9g-P5,,,,X 全窗基线 · 不参与实体赏罚,14199615,1420,A168_HF9F_20260827_0900,2026-08-27 09:00:00
2026-06-30,57024343,1330,0,1291.8227619171,-1291.8227619171,-1291.8227619171,0E-7,3,3,0.50665070000000000,0.506650700000,-1.7552447903592512,-1.7552447903592512,-1.7552447903592512,0E-17,ELIGIBLE,R03b_20260811_FULL_v1,L1_ELIGIBILITY,v2026-08-11,2026-03-21..2026-08-06,baccarat_bet02_101_all_pairs_incl_sentinel,round_win = game_pnl > 0 (decisive only),COMPATIBILITY_ONLY_NOT_PRODUCTION,4059548.3812,3680416.6879,6656.9809,9707,9692,-0.00163983,0.01249836,-0.00525961,-0.00163983,-6656.9809,4059548.3812,OK,0.0000,266.2792,4.0000,96.0000,AG03-UNRESOLVED,ALL5_LEVELS_bet23_to_bet27,266.2792,266.2792,266.2792,0.0000,0.0000,4.000000,4.000000,4.000000,0.000000,0.000000,96.000000,96.000000,96.000000,100.000000,100.000000,5.0,798.8377,767.3102,5858.1432,5889.6706,PENDING_AG03,FALSE,NOT_FOR_ENFORCEMENT,6390.7016,3533200.0204,6656.9809,6390.7016,266.2792,0.00163983,0.00157424,266.2792,6390.7016,0.00157424,266.2792,266.2792,266.2792,0.0000,0.0000,6390.7016,0.00157424,798.8377,767.3102,5858.1432,5889.6706,0.00144305,0.00145082,0.00006559,418.2083,379.7376,0.6869,61.6387,1.8384,37588.4109,89.7407,538.3845,395.5999,218.4789,430.6076,432.5446,432.5446,1046.441,1081.3617,427.0584,0.0,2.43015,2.511246,0.971205,30,216,96,2,0.20383968,0.00163983,-0.01249836,0E-8,0.000000,0.906607,0.000000,0.01775797,2026-03-22,2026-08-06,108,3621,2443,138,0.782609,1.360932,1.287360,0.679466,,,,,,,,GLOBAL_BASELINE_NO_ENTITY_RANKING,,,NOT_APPLICABLE_GLOBAL_BASELINE,HF9g-P5,,,,X 全窗基线 · 不参与实体赏罚,14199616,1420,A168_HF9F_20260827_0900,2026-08-27 09:00:00
2026-06-30,57024343,1353,0,1291.8227619171,1227.2316238212,1227.2316238212,1.0000000,2,2,0.50665070000000000,0.506650700000,1.3955260008387969,1.3955260008387969,1.3955260008387969,0E-17,ELIGIBLE,R03b_20260811_FULL_v1,L1_ELIGIBILITY,v2026-08-11,2026-03-21..2026-08-06,baccarat_bet02_101_all_pairs_incl_sentinel,round_win = game_pnl > 0 (decisive only),COMPATIBILITY_ONLY_NOT_PRODUCTION,4059548.3812,3680416.6879,6656.9809,9707,9692,-0.00163983,0.01249836,-0.00525961,-0.00163983,-6656.9809,4059548.3812,OK,0.0000,266.2792,4.0000,96.0000,AG03-UNRESOLVED,ALL5_LEVELS_bet23_to_bet27,266.2792,266.2792,266.2792,0.0000,0.0000,4.000000,4.000000,4.000000,0.000000,0.000000,96.000000,96.000000,96.000000,100.000000,100.000000,5.0,798.8377,767.3102,5858.1432,5889.6706,PENDING_AG03,FALSE,NOT_FOR_ENFORCEMENT,6390.7016,3533200.0204,6656.9809,6390.7016,266.2792,0.00163983,0.00157424,266.2792,6390.7016,0.00157424,266.2792,266.2792,266.2792,0.0000,0.0000,6390.7016,0.00157424,798.8377,767.3102,5858.1432,5889.6706,0.00144305,0.00145082,0.00006559,418.2083,379.7376,0.6869,61.6387,1.8384,37588.4109,89.7407,538.3845,395.5999,218.4789,430.6076,432.5446,432.5446,1046.441,1081.3617,427.0584,0.0,2.43015,2.511246,0.971205,30,216,96,2,0.20383968,0.00163983,-0.01249836,0E-8,0.000000,0.906607,0.000000,0.01775797,2026-03-22,2026-08-06,108,3621,2443,138,0.782609,1.360932,1.287360,0.679466,,,,,,,,GLOBAL_BASELINE_NO_ENTITY_RANKING,,,NOT_APPLICABLE_GLOBAL_BASELINE,HF9g-P5,,,,X 全窗基线 · 不参与实体赏罚,14199617,1420,A168_HF9F_20260827_0900,2026-08-27 09:00:00
2026-06-30,57024343,1385,0,2583.6455238342,1205.7012444559,1205.7012444559,0.8000000,6,6,0.50665070000000000,0.506650700000,1.3120140225494112,1.3120140225494112,1.3120140225494112,0E-17,ELIGIBLE,R03b_20260811_FULL_v1,L1_ELIGIBILITY,v2026-08-11,2026-03-21..2026-08-06,baccarat_bet02_101_all_pairs_incl_sentinel,round_win = game_pnl > 0 (decisive only),COMPATIBILITY_ONLY_NOT_PRODUCTION,4059548.3812,3680416.6879,6656.9809,9707,9692,-0.00163983,0.01249836,-0.00525961,-0.00163983,-6656.9809,4059548.3812,OK,0.0000,266.2792,4.0000,96.0000,AG03-UNRESOLVED,ALL5_LEVELS_bet23_to_bet27,266.2792,266.2792,266.2792,0.0000,0.0000,4.000000,4.000000,4.000000,0.000000,0.000000,96.000000,96.000000,96.000000,100.000000,100.000000,5.0,798.8377,767.3102,5858.1432,5889.6706,PENDING_AG03,FALSE,NOT_FOR_ENFORCEMENT,6390.7016,3533200.0204,6656.9809,6390.7016,266.2792,0.00163983,0.00157424,266.2792,6390.7016,0.00157424,266.2792,266.2792,266.2792,0.0000,0.0000,6390.7016,0.00157424,798.8377,767.3102,5858.1432,5889.6706,0.00144305,0.00145082,0.00006559,418.2083,379.7376,0.6869,61.6387,1.8384,37588.4109,89.7407,538.3845,395.5999,218.4789,430.6076,432.5446,432.5446,1046.441,1081.3617,427.0584,0.0,2.43015,2.511246,0.971205,30,216,96,2,0.20383968,0.00163983,-0.01249836,0E-8,0.000000,0.906607,0.000000,0.01775797,2026-03-22,2026-08-06,108,3621,2443,138,0.782609,1.360932,1.287360,0.679466,,,,,,,,GLOBAL_BASELINE_NO_ENTITY_RANKING,,,NOT_APPLICABLE_GLOBAL_BASELINE,HF9g-P5,,,,X 全窗基线 · 不参与实体赏罚,14199618,1420,A168_HF9F_20260827_0900,2026-08-27 09:00:00
2026-06-30,57024343,1507,0,1722.4303492228,-452.1379666710,-452.1379666710,0.3333333,4,4,0.50665070000000000,0.506650700000,-0.6004420894325239,-0.6004420894325239,-0.6004420894325239,0E-17,ELIGIBLE,R03b_20260811_FULL_v1,L1_ELIGIBILITY,v2026-08-11,2026-03-21..2026-08-06,baccarat_bet02_101_all_pairs_incl_sentinel,round_win = game_pnl > 0 (decisive only),COMPATIBILITY_ONLY_NOT_PRODUCTION,4059548.3812,3680416.6879,6656.9809,9707,9692,-0.00163983,0.01249836,-0.00525961,-0.00163983,-6656.9809,4059548.3812,OK,0.0000,266.2792,4.0000,96.0000,AG03-UNRESOLVED,ALL5_LEVELS_bet23_to_bet27,266.2792,266.2792,266.2792,0.0000,0.0000,4.000000,4.000000,4.000000,0.000000,0.000000,96.000000,96.000000,96.000000,100.000000,100.000000,5.0,798.8377,767.3102,5858.1432,5889.6706,PENDING_AG03,FALSE,NOT_FOR_ENFORCEMENT,6390.7016,3533200.0204,6656.9809,6390.7016,266.2792,0.00163983,0.00157424,266.2792,6390.7016,0.00157424,266.2792,266.2792,266.2792,0.0000,0.0000,6390.7016,0.00157424,798.8377,767.3102,5858.1432,5889.6706,0.00144305,0.00145082,0.00006559,418.2083,379.7376,0.6869,61.6387,1.8384,37588.4109,89.7407,538.3845,395.5999,218.4789,430.6076,432.5446,432.5446,1046.441,1081.3617,427.0584,0.0,2.43015,2.511246,0.971205,30,216,96,2,0.20383968,0.00163983,-0.01249836,0E-8,0.000000,0.906607,0.000000,0.01775797,2026-03-22,2026-08-06,108,3621,2443,138,0.782609,1.360932,1.287360,0.679466,,,,,,,,GLOBAL_BASELINE_NO_ENTITY_RANKING,,,NOT_APPLICABLE_GLOBAL_BASELINE,HF9g-P5,,,,X 全窗基线 · 不参与实体赏罚,14199619,1420,A168_HF9F_20260827_0900,2026-08-27 09:00:00
2026-06-30,57024343,1509,0,430.6075873057,409.0772079404,409.0772079404,1.0000000,1,1,0.50665070000000000,0.506650700000,0.9867858985152569,0.9867858985152569,0.9867858985152569,0E-17,ELIGIBLE,R03b_20260811_FULL_v1,L1_ELIGIBILITY,v2026-08-11,2026-03-21..2026-08-06,baccarat_bet02_101_all_pairs_incl_sentinel,round_win = game_pnl > 0 (decisive only),COMPATIBILITY_ONLY_NOT_PRODUCTION,4059548.3812,3680416.6879,6656.9809,9707,9692,-0.00163983,0.01249836,-0.00525961,-0.00163983,-6656.9809,4059548.3812,OK,0.0000,266.2792,4.0000,96.0000,AG03-UNRESOLVED,ALL5_LEVELS_bet23_to_bet27,266.2792,266.2792,266.2792,0.0000,0.0000,4.000000,4.000000,4.000000,0.000000,0.000000,96.000000,96.000000,96.000000,100.000000,100.000000,5.0,798.8377,767.3102,5858.1432,5889.6706,PENDING_AG03,FALSE,NOT_FOR_ENFORCEMENT,6390.7016,3533200.0204,6656.9809,6390.7016,266.2792,0.00163983,0.00157424,266.2792,6390.7016,0.00157424,266.2792,266.2792,266.2792,0.0000,0.0000,6390.7016,0.00157424,798.8377,767.3102,5858.1432,5889.6706,0.00144305,0.00145082,0.00006559,418.2083,379.7376,0.6869,61.6387,1.8384,37588.4109,89.7407,538.3845,395.5999,218.4789,430.6076,432.5446,432.5446,1046.441,1081.3617,427.0584,0.0,2.43015,2.511246,0.971205,30,216,96,2,0.20383968,0.00163983,-0.01249836,0E-8,0.000000,0.906607,0.000000,0.01775797,2026-03-22,2026-08-06,108,3621,2443,138,0.782609,1.360932,1.287360,0.679466,,,,,,,,GLOBAL_BASELINE_NO_ENTITY_RANKING,,,NOT_APPLICABLE_GLOBAL_BASELINE,HF9g-P5,,,,X 全窗基线 · 不参与实体赏罚,14199620,1420,A168_HF9F_20260827_0900,2026-08-27 09:00:00
2026-06-30,57024343,1702,0,430.6075873057,-430.6075873057,-430.6075873057,0E-7,1,1,0.50665070000000000,0.506650700000,-1.013391052207602,-1.013391052207602,-1.013391052207602,0E-17,ELIGIBLE,R03b_20260811_FULL_v1,L1_ELIGIBILITY,v2026-08-11,2026-03-21..2026-08-06,baccarat_bet02_101_all_pairs_incl_sentinel,round_win = game_pnl > 0 (decisive only),COMPATIBILITY_ONLY_NOT_PRODUCTION,4059548.3812,3680416.6879,6656.9809,9707,9692,-0.00163983,0.01249836,-0.00525961,-0.00163983,-6656.9809,4059548.3812,OK,0.0000,266.2792,4.0000,96.0000,AG03-UNRESOLVED,ALL5_LEVELS_bet23_to_bet27,266.2792,266.2792,266.2792,0.0000,0.0000,4.000000,4.000000,4.000000,0.000000,0.000000,96.000000,96.000000,96.000000,100.000000,100.000000,5.0,798.8377,767.3102,5858.1432,5889.6706,PENDING_AG03,FALSE,NOT_FOR_ENFORCEMENT,6390.7016,3533200.0204,6656.9809,6390.7016,266.2792,0.00163983,0.00157424,266.2792,6390.7016,0.00157424,266.2792,266.2792,266.2792,0.0000,0.0000,6390.7016,0.00157424,798.8377,767.3102,5858.1432,5889.6706,0.00144305,0.00145082,0.00006559,418.2083,379.7376,0.6869,61.6387,1.8384,37588.4109,89.7407,538.3845,395.5999,218.4789,430.6076,432.5446,432.5446,1046.441,1081.3617,427.0584,0.0,2.43015,2.511246,0.971205,30,216,96,2,0.20383968,0.00163983,-0.01249836,0E-8,0.000000,0.906607,0.000000,0.01775797,2026-03-22,2026-08-06,108,3621,2443,138,0.782609,1.360932,1.287360,0.679466,,,,,,,,GLOBAL_BASELINE_NO_ENTITY_RANKING,,,NOT_APPLICABLE_GLOBAL_BASELINE,HF9g-P5,,,,X 全窗基线 · 不参与实体赏罚,14199621,1420,A168_HF9F_20260827_0900,2026-08-27 09:00:00
2026-06-30,57024343,1714,0,861.2151746114,818.1544158808,818.1544158808,1.0000000,2,2,0.50665070000000000,0.506650700000,1.3955260008387969,1.3955260008387969,1.3955260008387969,0E-17,ELIGIBLE,R03b_20260811_FULL_v1,L1_ELIGIBILITY,v2026-08-11,2026-03-21..2026-08-06,baccarat_bet02_101_all_pairs_incl_sentinel,round_win = game_pnl > 0 (decisive only),COMPATIBILITY_ONLY_NOT_PRODUCTION,4059548.3812,3680416.6879,6656.9809,9707,9692,-0.00163983,0.01249836,-0.00525961,-0.00163983,-6656.9809,4059548.3812,OK,0.0000,266.2792,4.0000,96.0000,AG03-UNRESOLVED,ALL5_LEVELS_bet23_to_bet27,266.2792,266.2792,266.2792,0.0000,0.0000,4.000000,4.000000,4.000000,0.000000,0.000000,96.000000,96.000000,96.000000,100.000000,100.000000,5.0,798.8377,767.3102,5858.1432,5889.6706,PENDING_AG03,FALSE,NOT_FOR_ENFORCEMENT,6390.7016,3533200.0204,6656.9809,6390.7016,266.2792,0.00163983,0.00157424,266.2792,6390.7016,0.00157424,266.2792,266.2792,266.2792,0.0000,0.0000,6390.7016,0.00157424,798.8377,767.3102,5858.1432,5889.6706,0.00144305,0.00145082,0.00006559,418.2083,379.7376,0.6869,61.6387,1.8384,37588.4109,89.7407,538.3845,395.5999,218.4789,430.6076,432.5446,432.5446,1046.441,1081.3617,427.0584,0.0,2.43015,2.511246,0.971205,30,216,96,2,0.20383968,0.00163983,-0.01249836,0E-8,0.000000,0.906607,0.000000,0.01775797,2026-03-22,2026-08-06,108,3621,2443,138,0.782609,1.360932,1.287360,0.679466,,,,,,,,GLOBAL_BASELINE_NO_ENTITY_RANKING,,,NOT_APPLICABLE_GLOBAL_BASELINE,HF9g-P5,,,,X 全窗基线 · 不参与实体赏罚,14199622,1420,A168_HF9F_20260827_0900,2026-08-27 09:00:00
2026-06-30,57024343,1949,0,430.6075873057,0E-10,0E-10,,1,1,0.50665070000000000,0.506650700000,,,,0E-17,NO_DECISIVE_ROUND,R03b_20260811_FULL_v1,L1_ELIGIBILITY,v2026-08-11,2026-03-21..2026-08-06,baccarat_bet02_101_all_pairs_incl_sentinel,round_win = game_pnl > 0 (decisive only),COMPATIBILITY_ONLY_NOT_PRODUCTION,4059548.3812,3680416.6879,6656.9809,9707,9692,-0.00163983,0.01249836,-0.00525961,-0.00163983,-6656.9809,4059548.3812,OK,0.0000,266.2792,4.0000,96.0000,AG03-UNRESOLVED,ALL5_LEVELS_bet23_to_bet27,266.2792,266.2792,266.2792,0.0000,0.0000,4.000000,4.000000,4.000000,0.000000,0.000000,96.000000,96.000000,96.000000,100.000000,100.000000,5.0,798.8377,767.3102,5858.1432,5889.6706,PENDING_AG03,FALSE,NOT_FOR_ENFORCEMENT,6390.7016,3533200.0204,6656.9809,6390.7016,266.2792,0.00163983,0.00157424,266.2792,6390.7016,0.00157424,266.2792,266.2792,266.2792,0.0000,0.0000,6390.7016,0.00157424,798.8377,767.3102,5858.1432,5889.6706,0.00144305,0.00145082,0.00006559,418.2083,379.7376,0.6869,61.6387,1.8384,37588.4109,89.7407,538.3845,395.5999,218.4789,430.6076,432.5446,432.5446,1046.441,1081.3617,427.0584,0.0,2.43015,2.511246,0.971205,30,216,96,2,0.20383968,0.00163983,-0.01249836,0E-8,0.000000,0.906607,0.000000,0.01775797,2026-03-22,2026-08-06,108,3621,2443,138,0.782609,1.360932,1.287360,0.679466,,,,,,,,GLOBAL_BASELINE_NO_ENTITY_RANKING,,,NOT_APPLICABLE_GLOBAL_BASELINE,HF9g-P5,,,,X 全窗基线 · 不参与实体赏罚,14199623,1420,A168_HF9F_20260827_0900,2026-08-27 09:00:00
2026-06-30,57024343,1994,0,1291.8227619171,818.1544158808,818.1544158808,1.0000000,3,3,0.50665070000000000,0.506650700000,1.3955260008387969,1.3955260008387969,1.3955260008387969,0E-17,ELIGIBLE,R03b_20260811_FULL_v1,L1_ELIGIBILITY,v2026-08-11,2026-03-21..2026-08-06,baccarat_bet02_101_all_pairs_incl_sentinel,round_win = game_pnl > 0 (decisive only),COMPATIBILITY_ONLY_NOT_PRODUCTION,4059548.3812,3680416.6879,6656.9809,9707,9692,-0.00163983,0.01249836,-0.00525961,-0.00163983,-6656.9809,4059548.3812,OK,0.0000,266.2792,4.0000,96.0000,AG03-UNRESOLVED,ALL5_LEVELS_bet23_to_bet27,266.2792,266.2792,266.2792,0.0000,0.0000,4.000000,4.000000,4.000000,0.000000,0.000000,96.000000,96.000000,96.000000,100.000000,100.000000,5.0,798.8377,767.3102,5858.1432,5889.6706,PENDING_AG03,FALSE,NOT_FOR_ENFORCEMENT,6390.7016,3533200.0204,6656.9809,6390.7016,266.2792,0.00163983,0.00157424,266.2792,6390.7016,0.00157424,266.2792,266.2792,266.2792,0.0000,0.0000,6390.7016,0.00157424,798.8377,767.3102,5858.1432,5889.6706,0.00144305,0.00145082,0.00006559,418.2083,379.7376,0.6869,61.6387,1.8384,37588.4109,89.7407,538.3845,395.5999,218.4789,430.6076,432.5446,432.5446,1046.441,1081.3617,427.0584,0.0,2.43015,2.511246,0.971205,30,216,96,2,0.20383968,0.00163983,-0.01249836,0E-8,0.000000,0.906607,0.000000,0.01775797,2026-03-22,2026-08-06,108,3621,2443,138,0.782609,1.360932,1.287360,0.679466,,,,,,,,GLOBAL_BASELINE_NO_ENTITY_RANKING,,,NOT_APPLICABLE_GLOBAL_BASELINE,HF9g-P5,,,,X 全窗基线 · 不参与实体赏罚,14199624,1420,A168_HF9F_20260827_0900,2026-08-27 09:00:00
2026-06-30,57024343,2093,0,861.2151746114,-861.2151746114,-861.2151746114,0E-7,2,2,0.50665070000000000,0.506650700000,-1.4331513700195317,-1.4331513700195317,-1.4331513700195317,0E-17,ELIGIBLE,R03b_20260811_FULL_v1,L1_ELIGIBILITY,v2026-08-11,2026-03-21..2026-08-06,baccarat_bet02_101_all_pairs_incl_sentinel,round_win = game_pnl > 0 (decisive only),COMPATIBILITY_ONLY_NOT_PRODUCTION,4059548.3812,3680416.6879,6656.9809,9707,9692,-0.00163983,0.01249836,-0.00525961,-0.00163983,-6656.9809,4059548.3812,OK,0.0000,266.2792,4.0000,96.0000,AG03-UNRESOLVED,ALL5_LEVELS_bet23_to_bet27,266.2792,266.2792,266.2792,0.0000,0.0000,4.000000,4.000000,4.000000,0.000000,0.000000,96.000000,96.000000,96.000000,100.000000,100.000000,5.0,798.8377,767.3102,5858.1432,5889.6706,PENDING_AG03,FALSE,NOT_FOR_ENFORCEMENT,6390.7016,3533200.0204,6656.9809,6390.7016,266.2792,0.00163983,0.00157424,266.2792,6390.7016,0.00157424,266.2792,266.2792,266.2792,0.0000,0.0000,6390.7016,0.00157424,798.8377,767.3102,5858.1432,5889.6706,0.00144305,0.00145082,0.00006559,418.2083,379.7376,0.6869,61.6387,1.8384,37588.4109,89.7407,538.3845,395.5999,218.4789,430.6076,432.5446,432.5446,1046.441,1081.3617,427.0584,0.0,2.43015,2.511246,0.971205,30,216,96,2,0.20383968,0.00163983,-0.01249836,0E-8,0.000000,0.906607,0.000000,0.01775797,2026-03-22,2026-08-06,108,3621,2443,138,0.782609,1.360932,1.287360,0.679466,,,,,,,,GLOBAL_BASELINE_NO_ENTITY_RANKING,,,NOT_APPLICABLE_GLOBAL_BASELINE,HF9g-P5,,,,X 全窗基线 · 不参与实体赏罚,14199625,1420,A168_HF9F_20260827_0900,2026-08-27 09:00:00
2026-06-30,57024343,2117,0,2153.0379365285,-1313.3531412824,-1313.3531412824,0.2000000,5,5,0.50665070000000000,0.506650700000,-1.3715049547573244,-1.3715049547573244,-1.3715049547573244,0E-17,ELIGIBLE,R03b_20260811_FULL_v1,L1_ELIGIBILITY,v2026-08-11,2026-03-21..2026-08-06,baccarat_bet02_101_all_pairs_incl_sentinel,round_win = game_pnl > 0 (decisive only),COMPATIBILITY_ONLY_NOT_PRODUCTION,4059548.3812,3680416.6879,6656.9809,9707,9692,-0.00163983,0.01249836,-0.00525961,-0.00163983,-6656.9809,4059548.3812,OK,0.0000,266.2792,4.0000,96.0000,AG03-UNRESOLVED,ALL5_LEVELS_bet23_to_bet27,266.2792,266.2792,266.2792,0.0000,0.0000,4.000000,4.000000,4.000000,0.000000,0.000000,96.000000,96.000000,96.000000,100.000000,100.000000,5.0,798.8377,767.3102,5858.1432,5889.6706,PENDING_AG03,FALSE,NOT_FOR_ENFORCEMENT,6390.7016,3533200.0204,6656.9809,6390.7016,266.2792,0.00163983,0.00157424,266.2792,6390.7016,0.00157424,266.2792,266.2792,266.2792,0.0000,0.0000,6390.7016,0.00157424,798.8377,767.3102,5858.1432,5889.6706,0.00144305,0.00145082,0.00006559,418.2083,379.7376,0.6869,61.6387,1.8384,37588.4109,89.7407,538.3845,395.5999,218.4789,430.6076,432.5446,432.5446,1046.441,1081.3617,427.0584,0.0,2.43015,2.511246,0.971205,30,216,96,2,0.20383968,0.00163983,-0.01249836,0E-8,0.000000,0.906607,0.000000,0.01775797,2026-03-22,2026-08-06,108,3621,2443,138,0.782609,1.360932,1.287360,0.679466,,,,,,,,GLOBAL_BASELINE_NO_ENTITY_RANKING,,,NOT_APPLICABLE_GLOBAL_BASELINE,HF9g-P5,,,,X 全窗基线 · 不参与实体赏罚,14199626,1420,A168_HF9F_20260827_0900,2026-08-27 09:00:00
2026-06-30,57024343,2127,0,861.2151746114,-861.2151746114,-861.2151746114,0E-7,2,2,0.50665070000000000,0.506650700000,-1.4331513700195317,-1.4331513700195317,-1.4331513700195317,0E-17,ELIGIBLE,R03b_20260811_FULL_v1,L1_ELIGIBILITY,v2026-08-11,2026-03-21..2026-08-06,baccarat_bet02_101_all_pairs_incl_sentinel,round_win = game_pnl > 0 (decisive only),COMPATIBILITY_ONLY_NOT_PRODUCTION,4059548.3812,3680416.6879,6656.9809,9707,9692,-0.00163983,0.01249836,-0.00525961,-0.00163983,-6656.9809,4059548.3812,OK,0.0000,266.2792,4.0000,96.0000,AG03-UNRESOLVED,ALL5_LEVELS_bet23_to_bet27,266.2792,266.2792,266.2792,0.0000,0.0000,4.000000,4.000000,4.000000,0.000000,0.000000,96.000000,96.000000,96.000000,100.000000,100.000000,5.0,798.8377,767.3102,5858.1432,5889.6706,PENDING_AG03,FALSE,NOT_FOR_ENFORCEMENT,6390.7016,3533200.0204,6656.9809,6390.7016,266.2792,0.00163983,0.00157424,266.2792,6390.7016,0.00157424,266.2792,266.2792,266.2792,0.0000,0.0000,6390.7016,0.00157424,798.8377,767.3102,5858.1432,5889.6706,0.00144305,0.00145082,0.00006559,418.2083,379.7376,0.6869,61.6387,1.8384,37588.4109,89.7407,538.3845,395.5999,218.4789,430.6076,432.5446,432.5446,1046.441,1081.3617,427.0584,0.0,2.43015,2.511246,0.971205,30,216,96,2,0.20383968,0.00163983,-0.01249836,0E-8,0.000000,0.906607,0.000000,0.01775797,2026-03-22,2026-08-06,108,3621,2443,138,0.782609,1.360932,1.287360,0.679466,,,,,,,,GLOBAL_BASELINE_NO_ENTITY_RANKING,,,NOT_APPLICABLE_GLOBAL_BASELINE,HF9g-P5,,,,X 全窗基线 · 不参与实体赏罚,14199627,1420,A168_HF9F_20260827_0900,2026-08-27 09:00:00
2026-06-30,57024343,2130,0,430.6075873057,409.0772079404,409.0772079404,1.0000000,1,1,0.50665070000000000,0.506650700000,0.9867858985152569,0.9867858985152569,0.9867858985152569,0E-17,ELIGIBLE,R03b_20260811_FULL_v1,L1_ELIGIBILITY,v2026-08-11,2026-03-21..2026-08-06,baccarat_bet02_101_all_pairs_incl_sentinel,round_win = game_pnl > 0 (decisive only),COMPATIBILITY_ONLY_NOT_PRODUCTION,4059548.3812,3680416.6879,6656.9809,9707,9692,-0.00163983,0.01249836,-0.00525961,-0.00163983,-6656.9809,4059548.3812,OK,0.0000,266.2792,4.0000,96.0000,AG03-UNRESOLVED,ALL5_LEVELS_bet23_to_bet27,266.2792,266.2792,266.2792,0.0000,0.0000,4.000000,4.000000,4.000000,0.000000,0.000000,96.000000,96.000000,96.000000,100.000000,100.000000,5.0,798.8377,767.3102,5858.1432,5889.6706,PENDING_AG03,FALSE,NOT_FOR_ENFORCEMENT,6390.7016,3533200.0204,6656.9809,6390.7016,266.2792,0.00163983,0.00157424,266.2792,6390.7016,0.00157424,266.2792,266.2792,266.2792,0.0000,0.0000,6390.7016,0.00157424,798.8377,767.3102,5858.1432,5889.6706,0.00144305,0.00145082,0.00006559,418.2083,379.7376,0.6869,61.6387,1.8384,37588.4109,89.7407,538.3845,395.5999,218.4789,430.6076,432.5446,432.5446,1046.441,1081.3617,427.0584,0.0,2.43015,2.511246,0.971205,30,216,96,2,0.20383968,0.00163983,-0.01249836,0E-8,0.000000,0.906607,0.000000,0.01775797,2026-03-22,2026-08-06,108,3621,2443,138,0.782609,1.360932,1.287360,0.679466,,,,,,,,GLOBAL_BASELINE_NO_ENTITY_RANKING,,,NOT_APPLICABLE_GLOBAL_BASELINE,HF9g-P5,,,,X 全窗基线 · 不参与实体赏罚,14199628,1420,A168_HF9F_20260827_0900,2026-08-27 09:00:00
2026-06-30,57024343,2145,0,1507.1265555699,592.0854325453,592.0854325453,0.6666667,3,3,0.50665070000000000,0.506650700000,0.5543606114942035,0.5543606114942035,0.5543606114942035,0E-17,ELIGIBLE,R03b_20260811_FULL_v1,L1_ELIGIBILITY,v2026-08-11,2026-03-21..2026-08-06,baccarat_bet02_101_all_pairs_incl_sentinel,round_win = game_pnl > 0 (decisive only),COMPATIBILITY_ONLY_NOT_PRODUCTION,4059548.3812,3680416.6879,6656.9809,9707,9692,-0.00163983,0.01249836,-0.00525961,-0.00163983,-6656.9809,4059548.3812,OK,0.0000,266.2792,4.0000,96.0000,AG03-UNRESOLVED,ALL5_LEVELS_bet23_to_bet27,266.2792,266.2792,266.2792,0.0000,0.0000,4.000000,4.000000,4.000000,0.000000,0.000000,96.000000,96.000000,96.000000,100.000000,100.000000,5.0,798.8377,767.3102,5858.1432,5889.6706,PENDING_AG03,FALSE,NOT_FOR_ENFORCEMENT,6390.7016,3533200.0204,6656.9809,6390.7016,266.2792,0.00163983,0.00157424,266.2792,6390.7016,0.00157424,266.2792,266.2792,266.2792,0.0000,0.0000,6390.7016,0.00157424,798.8377,767.3102,5858.1432,5889.6706,0.00144305,0.00145082,0.00006559,418.2083,379.7376,0.6869,61.6387,1.8384,37588.4109,89.7407,538.3845,395.5999,218.4789,430.6076,432.5446,432.5446,1046.441,1081.3617,427.0584,0.0,2.43015,2.511246,0.971205,30,216,96,2,0.20383968,0.00163983,-0.01249836,0E-8,0.000000,0.906607,0.000000,0.01775797,2026-03-22,2026-08-06,108,3621,2443,138,0.782609,1.360932,1.287360,0.679466,,,,,,,,GLOBAL_BASELINE_NO_ENTITY_RANKING,,,NOT_APPLICABLE_GLOBAL_BASELINE,HF9g-P5,,,,X 全窗基线 · 不参与实体赏罚,14199629,1420,A168_HF9F_20260827_0900,2026-08-27 09:00:00
2026-06-30,57024343,2153,0,430.6075873057,-430.6075873057,-430.6075873057,0E-7,1,1,0.50665070000000000,0.506650700000,-1.013391052207602,-1.013391052207602,-1.013391052207602,0E-17,ELIGIBLE,R03b_20260811_FULL_v1,L1_ELIGIBILITY,v2026-08-11,2026-03-21..2026-08-06,baccarat_bet02_101_all_pairs_incl_sentinel,round_win = game_pnl > 0 (decisive only),COMPATIBILITY_ONLY_NOT_PRODUCTION,4059548.3812,3680416.6879,6656.9809,9707,9692,-0.00163983,0.01249836,-0.00525961,-0.00163983,-6656.9809,4059548.3812,OK,0.0000,266.2792,4.0000,96.0000,AG03-UNRESOLVED,ALL5_LEVELS_bet23_to_bet27,266.2792,266.2792,266.2792,0.0000,0.0000,4.000000,4.000000,4.000000,0.000000,0.000000,96.000000,96.000000,96.000000,100.000000,100.000000,5.0,798.8377,767.3102,5858.1432,5889.6706,PENDING_AG03,FALSE,NOT_FOR_ENFORCEMENT,6390.7016,3533200.0204,6656.9809,6390.7016,266.2792,0.00163983,0.00157424,266.2792,6390.7016,0.00157424,266.2792,266.2792,266.2792,0.0000,0.0000,6390.7016,0.00157424,798.8377,767.3102,5858.1432,5889.6706,0.00144305,0.00145082,0.00006559,418.2083,379.7376,0.6869,61.6387,1.8384,37588.4109,89.7407,538.3845,395.5999,218.4789,430.6076,432.5446,432.5446,1046.441,1081.3617,427.0584,0.0,2.43015,2.511246,0.971205,30,216,96,2,0.20383968,0.00163983,-0.01249836,0E-8,0.000000,0.906607,0.000000,0.01775797,2026-03-22,2026-08-06,108,3621,2443,138,0.782609,1.360932,1.287360,0.679466,,,,,,,,GLOBAL_BASELINE_NO_ENTITY_RANKING,,,NOT_APPLICABLE_GLOBAL_BASELINE,HF9g-P5,,,,X 全窗基线 · 不参与实体赏罚,14199630,1420,A168_HF9F_20260827_0900,2026-08-27 09:00:00
2026-06-30,57024343,2175,0,1291.8227619171,387.5468285751,387.5468285751,0.6666667,3,3,0.50665070000000000,0.506650700000,0.5543606114942035,0.5543606114942035,0.5543606114942035,0E-17,ELIGIBLE,R03b_20260811_FULL_v1,L1_ELIGIBILITY,v2026-08-11,2026-03-21..2026-08-06,baccarat_bet02_101_all_pairs_incl_sentinel,round_win = game_pnl > 0 (decisive only),COMPATIBILITY_ONLY_NOT_PRODUCTION,4059548.3812,3680416.6879,6656.9809,9707,9692,-0.00163983,0.01249836,-0.00525961,-0.00163983,-6656.9809,4059548.3812,OK,0.0000,266.2792,4.0000,96.0000,AG03-UNRESOLVED,ALL5_LEVELS_bet23_to_bet27,266.2792,266.2792,266.2792,0.0000,0.0000,4.000000,4.000000,4.000000,0.000000,0.000000,96.000000,96.000000,96.000000,100.000000,100.000000,5.0,798.8377,767.3102,5858.1432,5889.6706,PENDING_AG03,FALSE,NOT_FOR_ENFORCEMENT,6390.7016,3533200.0204,6656.9809,6390.7016,266.2792,0.00163983,0.00157424,266.2792,6390.7016,0.00157424,266.2792,266.2792,266.2792,0.0000,0.0000,6390.7016,0.00157424,798.8377,767.3102,5858.1432,5889.6706,0.00144305,0.00145082,0.00006559,418.2083,379.7376,0.6869,61.6387,1.8384,37588.4109,89.7407,538.3845,395.5999,218.4789,430.6076,432.5446,432.5446,1046.441,1081.3617,427.0584,0.0,2.43015,2.511246,0.971205,30,216,96,2,0.20383968,0.00163983,-0.01249836,0E-8,0.000000,0.906607,0.000000,0.01775797,2026-03-22,2026-08-06,108,3621,2443,138,0.782609,1.360932,1.287360,0.679466,,,,,,,,GLOBAL_BASELINE_NO_ENTITY_RANKING,,,NOT_APPLICABLE_GLOBAL_BASELINE,HF9g-P5,,,,X 全窗基线 · 不参与实体赏罚,14199631,1420,A168_HF9F_20260827_0900,2026-08-27 09:00:00
2026-06-30,57024343,2188,0,430.6075873057,409.0772079404,409.0772079404,1.0000000,1,1,0.50665070000000000,0.506650700000,0.9867858985152569,0.9867858985152569,0.9867858985152569,0E-17,ELIGIBLE,R03b_20260811_FULL_v1,L1_ELIGIBILITY,v2026-08-11,2026-03-21..2026-08-06,baccarat_bet02_101_all_pairs_incl_sentinel,round_win = game_pnl > 0 (decisive only),COMPATIBILITY_ONLY_NOT_PRODUCTION,4059548.3812,3680416.6879,6656.9809,9707,9692,-0.00163983,0.01249836,-0.00525961,-0.00163983,-6656.9809,4059548.3812,OK,0.0000,266.2792,4.0000,96.0000,AG03-UNRESOLVED,ALL5_LEVELS_bet23_to_bet27,266.2792,266.2792,266.2792,0.0000,0.0000,4.000000,4.000000,4.000000,0.000000,0.000000,96.000000,96.000000,96.000000,100.000000,100.000000,5.0,798.8377,767.3102,5858.1432,5889.6706,PENDING_AG03,FALSE,NOT_FOR_ENFORCEMENT,6390.7016,3533200.0204,6656.9809,6390.7016,266.2792,0.00163983,0.00157424,266.2792,6390.7016,0.00157424,266.2792,266.2792,266.2792,0.0000,0.0000,6390.7016,0.00157424,798.8377,767.3102,5858.1432,5889.6706,0.00144305,0.00145082,0.00006559,418.2083,379.7376,0.6869,61.6387,1.8384,37588.4109,89.7407,538.3845,395.5999,218.4789,430.6076,432.5446,432.5446,1046.441,1081.3617,427.0584,0.0,2.43015,2.511246,0.971205,30,216,96,2,0.20383968,0.00163983,-0.01249836,0E-8,0.000000,0.906607,0.000000,0.01775797,2026-03-22,2026-08-06,108,3621,2443,138,0.782609,1.360932,1.287360,0.679466,,,,,,,,GLOBAL_BASELINE_NO_ENTITY_RANKING,,,NOT_APPLICABLE_GLOBAL_BASELINE,HF9g-P5,,,,X 全窗基线 · 不参与实体赏罚,14199632,1420,A168_HF9F_20260827_0900,2026-08-27 09:00:00
2026-06-30,57024343,2210,0,430.6075873057,430.6075873057,430.6075873057,1.0000000,1,1,0.49324550000000000,0.493245500000,1.01360149184955,1.01360149184955,1.01360149184955,0E-17,ELIGIBLE,R03b_20260811_FULL_v1,L1_ELIGIBILITY,v2026-08-11,2026-03-21..2026-08-06,baccarat_bet02_101_all_pairs_incl_sentinel,round_win = game_pnl > 0 (decisive only),COMPATIBILITY_ONLY_NOT_PRODUCTION,4059548.3812,3680416.6879,6656.9809,9707,9692,-0.00163983,0.01249836,-0.00525961,-0.00163983,-6656.9809,4059548.3812,OK,0.0000,266.2792,4.0000,96.0000,AG03-UNRESOLVED,ALL5_LEVELS_bet23_to_bet27,266.2792,266.2792,266.2792,0.0000,0.0000,4.000000,4.000000,4.000000,0.000000,0.000000,96.000000,96.000000,96.000000,100.000000,100.000000,5.0,798.8377,767.3102,5858.1432,5889.6706,PENDING_AG03,FALSE,NOT_FOR_ENFORCEMENT,6390.7016,3533200.0204,6656.9809,6390.7016,266.2792,0.00163983,0.00157424,266.2792,6390.7016,0.00157424,266.2792,266.2792,266.2792,0.0000,0.0000,6390.7016,0.00157424,798.8377,767.3102,5858.1432,5889.6706,0.00144305,0.00145082,0.00006559,418.2083,379.7376,0.6869,61.6387,1.8384,37588.4109,89.7407,538.3845,395.5999,218.4789,430.6076,432.5446,432.5446,1046.441,1081.3617,427.0584,0.0,2.43015,2.511246,0.971205,30,216,96,2,0.20383968,0.00163983,-0.01249836,0E-8,0.000000,0.906607,0.000000,0.01775797,2026-03-22,2026-08-06,108,3621,2443,138,0.782609,1.360932,1.287360,0.679466,,,,,,,,GLOBAL_BASELINE_NO_ENTITY_RANKING,,,NOT_APPLICABLE_GLOBAL_BASELINE,HF9g-P5,,,,X 全窗基线 · 不参与实体赏罚,14199633,1420,A168_HF9F_20260827_0900,2026-08-27 09:00:00
2026-06-30,57024343,2216,0,861.2151746114,-430.6075873057,-430.6075873057,0E-7,2,2,0.50665070000000000,0.506650700000,-1.013391052207602,-1.013391052207602,-1.013391052207602,0E-17,ELIGIBLE,R03b_20260811_FULL_v1,L1_ELIGIBILITY,v2026-08-11,2026-03-21..2026-08-06,baccarat_bet02_101_all_pairs_incl_sentinel,round_win = game_pnl > 0 (decisive only),COMPATIBILITY_ONLY_NOT_PRODUCTION,4059548.3812,3680416.6879,6656.9809,9707,9692,-0.00163983,0.01249836,-0.00525961,-0.00163983,-6656.9809,4059548.3812,OK,0.0000,266.2792,4.0000,96.0000,AG03-UNRESOLVED,ALL5_LEVELS_bet23_to_bet27,266.2792,266.2792,266.2792,0.0000,0.0000,4.000000,4.000000,4.000000,0.000000,0.000000,96.000000,96.000000,96.000000,100.000000,100.000000,5.0,798.8377,767.3102,5858.1432,5889.6706,PENDING_AG03,FALSE,NOT_FOR_ENFORCEMENT,6390.7016,3533200.0204,6656.9809,6390.7016,266.2792,0.00163983,0.00157424,266.2792,6390.7016,0.00157424,266.2792,266.2792,266.2792,0.0000,0.0000,6390.7016,0.00157424,798.8377,767.3102,5858.1432,5889.6706,0.00144305,0.00145082,0.00006559,418.2083,379.7376,0.6869,61.6387,1.8384,37588.4109,89.7407,538.3845,395.5999,218.4789,430.6076,432.5446,432.5446,1046.441,1081.3617,427.0584,0.0,2.43015,2.511246,0.971205,30,216,96,2,0.20383968,0.00163983,-0.01249836,0E-8,0.000000,0.906607,0.000000,0.01775797,2026-03-22,2026-08-06,108,3621,2443,138,0.782609,1.360932,1.287360,0.679466,,,,,,,,GLOBAL_BASELINE_NO_ENTITY_RANKING,,,NOT_APPLICABLE_GLOBAL_BASELINE,HF9g-P5,,,,X 全窗基线 · 不参与实体赏罚,14199634,1420,A168_HF9F_20260827_0900,2026-08-27 09:00:00
2026-06-30,57024343,2218,0,1291.8227619171,1227.2316238212,1227.2316238212,1.0000000,3,3,0.50665070000000000,0.506650700000,1.7091633124209307,1.7091633124209307,1.7091633124209307,0E-17,ELIGIBLE,R03b_20260811_FULL_v1,L1_ELIGIBILITY,v2026-08-11,2026-03-21..2026-08-06,baccarat_bet02_101_all_pairs_incl_sentinel,round_win = game_pnl > 0 (decisive only),COMPATIBILITY_ONLY_NOT_PRODUCTION,4059548.3812,3680416.6879,6656.9809,9707,9692,-0.00163983,0.01249836,-0.00525961,-0.00163983,-6656.9809,4059548.3812,OK,0.0000,266.2792,4.0000,96.0000,AG03-UNRESOLVED,ALL5_LEVELS_bet23_to_bet27,266.2792,266.2792,266.2792,0.0000,0.0000,4.000000,4.000000,4.000000,0.000000,0.000000,96.000000,96.000000,96.000000,100.000000,100.000000,5.0,798.8377,767.3102,5858.1432,5889.6706,PENDING_AG03,FALSE,NOT_FOR_ENFORCEMENT,6390.7016,3533200.0204,6656.9809,6390.7016,266.2792,0.00163983,0.00157424,266.2792,6390.7016,0.00157424,266.2792,266.2792,266.2792,0.0000,0.0000,6390.7016,0.00157424,798.8377,767.3102,5858.1432,5889.6706,0.00144305,0.00145082,0.00006559,418.2083,379.7376,0.6869,61.6387,1.8384,37588.4109,89.7407,538.3845,395.5999,218.4789,430.6076,432.5446,432.5446,1046.441,1081.3617,427.0584,0.0,2.43015,2.511246,0.971205,30,216,96,2,0.20383968,0.00163983,-0.01249836,0E-8,0.000000,0.906607,0.000000,0.01775797,2026-03-22,2026-08-06,108,3621,2443,138,0.782609,1.360932,1.287360,0.679466,,,,,,,,GLOBAL_BASELINE_NO_ENTITY_RANKING,,,NOT_APPLICABLE_GLOBAL_BASELINE,HF9g-P5,,,,X 全窗基线 · 不参与实体赏罚,14199635,1420,A168_HF9F_20260827_0900,2026-08-27 09:00:00
2026-06-30,57024343,2246,0,1291.8227619171,-1291.8227619171,-1291.8227619171,0E-7,3,3,0.50665070000000000,0.506650700000,-1.7552447903592512,-1.7552447903592512,-1.7552447903592512,0E-17,ELIGIBLE,R03b_20260811_FULL_v1,L1_ELIGIBILITY,v2026-08-11,2026-03-21..2026-08-06,baccarat_bet02_101_all_pairs_incl_sentinel,round_win = game_pnl > 0 (decisive only),COMPATIBILITY_ONLY_NOT_PRODUCTION,4059548.3812,3680416.6879,6656.9809,9707,9692,-0.00163983,0.01249836,-0.00525961,-0.00163983,-6656.9809,4059548.3812,OK,0.0000,266.2792,4.0000,96.0000,AG03-UNRESOLVED,ALL5_LEVELS_bet23_to_bet27,266.2792,266.2792,266.2792,0.0000,0.0000,4.000000,4.000000,4.000000,0.000000,0.000000,96.000000,96.000000,96.000000,100.000000,100.000000,5.0,798.8377,767.3102,5858.1432,5889.6706,PENDING_AG03,FALSE,NOT_FOR_ENFORCEMENT,6390.7016,3533200.0204,6656.9809,6390.7016,266.2792,0.00163983,0.00157424,266.2792,6390.7016,0.00157424,266.2792,266.2792,266.2792,0.0000,0.0000,6390.7016,0.00157424,798.8377,767.3102,5858.1432,5889.6706,0.00144305,0.00145082,0.00006559,418.2083,379.7376,0.6869,61.6387,1.8384,37588.4109,89.7407,538.3845,395.5999,218.4789,430.6076,432.5446,432.5446,1046.441,1081.3617,427.0584,0.0,2.43015,2.511246,0.971205,30,216,96,2,0.20383968,0.00163983,-0.01249836,0E-8,0.000000,0.906607,0.000000,0.01775797,2026-03-22,2026-08-06,108,3621,2443,138,0.782609,1.360932,1.287360,0.679466,,,,,,,,GLOBAL_BASELINE_NO_ENTITY_RANKING,,,NOT_APPLICABLE_GLOBAL_BASELINE,HF9g-P5,,,,X 全窗基线 · 不参与实体赏罚,14199636,1420,A168_HF9F_20260827_0900,2026-08-27 09:00:00
2026-06-30,57024343,2274,0,430.6075873057,-430.6075873057,-430.6075873057,0E-7,1,1,0.50665070000000000,0.506650700000,-1.013391052207602,-1.013391052207602,-1.013391052207602,0E-17,ELIGIBLE,R03b_20260811_FULL_v1,L1_ELIGIBILITY,v2026-08-11,2026-03-21..2026-08-06,baccarat_bet02_101_all_pairs_incl_sentinel,round_win = game_pnl > 0 (decisive only),COMPATIBILITY_ONLY_NOT_PRODUCTION,4059548.3812,3680416.6879,6656.9809,9707,9692,-0.00163983,0.01249836,-0.00525961,-0.00163983,-6656.9809,4059548.3812,OK,0.0000,266.2792,4.0000,96.0000,AG03-UNRESOLVED,ALL5_LEVELS_bet23_to_bet27,266.2792,266.2792,266.2792,0.0000,0.0000,4.000000,4.000000,4.000000,0.000000,0.000000,96.000000,96.000000,96.000000,100.000000,100.000000,5.0,798.8377,767.3102,5858.1432,5889.6706,PENDING_AG03,FALSE,NOT_FOR_ENFORCEMENT,6390.7016,3533200.0204,6656.9809,6390.7016,266.2792,0.00163983,0.00157424,266.2792,6390.7016,0.00157424,266.2792,266.2792,266.2792,0.0000,0.0000,6390.7016,0.00157424,798.8377,767.3102,5858.1432,5889.6706,0.00144305,0.00145082,0.00006559,418.2083,379.7376,0.6869,61.6387,1.8384,37588.4109,89.7407,538.3845,395.5999,218.4789,430.6076,432.5446,432.5446,1046.441,1081.3617,427.0584,0.0,2.43015,2.511246,0.971205,30,216,96,2,0.20383968,0.00163983,-0.01249836,0E-8,0.000000,0.906607,0.000000,0.01775797,2026-03-22,2026-08-06,108,3621,2443,138,0.782609,1.360932,1.287360,0.679466,,,,,,,,GLOBAL_BASELINE_NO_ENTITY_RANKING,,,NOT_APPLICABLE_GLOBAL_BASELINE,HF9g-P5,,,,X 全窗基线 · 不参与实体赏罚,14199637,1420,A168_HF9F_20260827_0900,2026-08-27 09:00:00
2026-06-30,57024343,2288,0,1507.1265555699,839.6847952461,839.6847952461,1.0000000,3,3,0.50218230000000000,0.502182300000,1.4080544974538591,1.4080544974538591,1.4080544974538591,0E-17,ELIGIBLE,R03b_20260811_FULL_v1,L1_ELIGIBILITY,v2026-08-11,2026-03-21..2026-08-06,baccarat_bet02_101_all_pairs_incl_sentinel,round_win = game_pnl > 0 (decisive only),COMPATIBILITY_ONLY_NOT_PRODUCTION,4059548.3812,3680416.6879,6656.9809,9707,9692,-0.00163983,0.01249836,-0.00525961,-0.00163983,-6656.9809,4059548.3812,OK,0.0000,266.2792,4.0000,96.0000,AG03-UNRESOLVED,ALL5_LEVELS_bet23_to_bet27,266.2792,266.2792,266.2792,0.0000,0.0000,4.000000,4.000000,4.000000,0.000000,0.000000,96.000000,96.000000,96.000000,100.000000,100.000000,5.0,798.8377,767.3102,5858.1432,5889.6706,PENDING_AG03,FALSE,NOT_FOR_ENFORCEMENT,6390.7016,3533200.0204,6656.9809,6390.7016,266.2792,0.00163983,0.00157424,266.2792,6390.7016,0.00157424,266.2792,266.2792,266.2792,0.0000,0.0000,6390.7016,0.00157424,798.8377,767.3102,5858.1432,5889.6706,0.00144305,0.00145082,0.00006559,418.2083,379.7376,0.6869,61.6387,1.8384,37588.4109,89.7407,538.3845,395.5999,218.4789,430.6076,432.5446,432.5446,1046.441,1081.3617,427.0584,0.0,2.43015,2.511246,0.971205,30,216,96,2,0.20383968,0.00163983,-0.01249836,0E-8,0.000000,0.906607,0.000000,0.01775797,2026-03-22,2026-08-06,108,3621,2443,138,0.782609,1.360932,1.287360,0.679466,,,,,,,,GLOBAL_BASELINE_NO_ENTITY_RANKING,,,NOT_APPLICABLE_GLOBAL_BASELINE,HF9g-P5,,,,X 全窗基线 · 不参与实体赏罚,14199638,1420,A168_HF9F_20260827_0900,2026-08-27 09:00:00
2026-06-30,57024343,595,0,861.2151746114,-430.6075873057,-430.6075873057,0E-7,2,2,0.49994810000000000,0.499948100000,-0.9998962053866608,-0.9998962053866608,-0.9998962053866608,0E-17,ELIGIBLE,R03b_20260811_FULL_v1,L1_ELIGIBILITY,v2026-08-11,2026-03-21..2026-08-06,baccarat_bet02_101_all_pairs_incl_sentinel,round_win = game_pnl > 0 (decisive only),COMPATIBILITY_ONLY_NOT_PRODUCTION,4059548.3812,3680416.6879,6656.9809,9707,9692,-0.00163983,0.01249836,-0.00525961,-0.00163983,-6656.9809,4059548.3812,OK,0.0000,266.2792,4.0000,96.0000,AG03-UNRESOLVED,ALL5_LEVELS_bet23_to_bet27,266.2792,266.2792,266.2792,0.0000,0.0000,4.000000,4.000000,4.000000,0.000000,0.000000,96.000000,96.000000,96.000000,100.000000,100.000000,5.0,798.8377,767.3102,5858.1432,5889.6706,PENDING_AG03,FALSE,NOT_FOR_ENFORCEMENT,6390.7016,3533200.0204,6656.9809,6390.7016,266.2792,0.00163983,0.00157424,266.2792,6390.7016,0.00157424,266.2792,266.2792,266.2792,0.0000,0.0000,6390.7016,0.00157424,798.8377,767.3102,5858.1432,5889.6706,0.00144305,0.00145082,0.00006559,418.2083,379.7376,0.6869,61.6387,1.8384,37588.4109,89.7407,538.3845,395.5999,218.4789,430.6076,432.5446,432.5446,1046.441,1081.3617,427.0584,0.0,2.43015,2.511246,0.971205,30,216,96,2,0.20383968,0.00163983,-0.01249836,0E-8,0.000000,0.906607,0.000000,0.01775797,2026-03-22,2026-08-06,108,3621,2443,138,0.782609,1.360932,1.287360,0.679466,,,,,,,,GLOBAL_BASELINE_NO_ENTITY_RANKING,,,NOT_APPLICABLE_GLOBAL_BASELINE,HF9g-P5,,,,X 全窗基线 · 不参与实体赏罚,14199639,1420,A168_HF9F_20260827_0900,2026-08-27 09:00:00
2026-06-30,57024343,925,0,430.6075873057,-430.6075873057,-430.6075873057,0E-7,1,1,0.50665070000000000,0.506650700000,-1.013391052207602,-1.013391052207602,-1.013391052207602,0E-17,ELIGIBLE,R03b_20260811_FULL_v1,L1_ELIGIBILITY,v2026-08-11,2026-03-21..2026-08-06,baccarat_bet02_101_all_pairs_incl_sentinel,round_win = game_pnl > 0 (decisive only),COMPATIBILITY_ONLY_NOT_PRODUCTION,4059548.3812,3680416.6879,6656.9809,9707,9692,-0.00163983,0.01249836,-0.00525961,-0.00163983,-6656.9809,4059548.3812,OK,0.0000,266.2792,4.0000,96.0000,AG03-UNRESOLVED,ALL5_LEVELS_bet23_to_bet27,266.2792,266.2792,266.2792,0.0000,0.0000,4.000000,4.000000,4.000000,0.000000,0.000000,96.000000,96.000000,96.000000,100.000000,100.000000,5.0,798.8377,767.3102,5858.1432,5889.6706,PENDING_AG03,FALSE,NOT_FOR_ENFORCEMENT,6390.7016,3533200.0204,6656.9809,6390.7016,266.2792,0.00163983,0.00157424,266.2792,6390.7016,0.00157424,266.2792,266.2792,266.2792,0.0000,0.0000,6390.7016,0.00157424,798.8377,767.3102,5858.1432,5889.6706,0.00144305,0.00145082,0.00006559,418.2083,379.7376,0.6869,61.6387,1.8384,37588.4109,89.7407,538.3845,395.5999,218.4789,430.6076,432.5446,432.5446,1046.441,1081.3617,427.0584,0.0,2.43015,2.511246,0.971205,30,216,96,2,0.20383968,0.00163983,-0.01249836,0E-8,0.000000,0.906607,0.000000,0.01775797,2026-03-22,2026-08-06,108,3621,2443,138,0.782609,1.360932,1.287360,0.679466,,,,,,,,GLOBAL_BASELINE_NO_ENTITY_RANKING,,,NOT_APPLICABLE_GLOBAL_BASELINE,HF9g-P5,,,,X 全窗基线 · 不参与实体赏罚,14199640,1420,A168_HF9F_20260827_0900,2026-08-27 09:00:00
2026-07-01,57024343,-1,1,9608.8144858222,437.7348821319,437.7348821319,0.5263158,22,22,0.50543204545454545,0.505432045455,0.18207100458262962,0.18207100457866848,0.18207100458262962,-4.5455E-13,SENTINEL_DEALER,R03b_20260811_FULL_v1,L1_ELIGIBILITY,v2026-08-11,2026-03-21..2026-08-06,baccarat_bet02_101_all_pairs_incl_sentinel,round_win = game_pnl > 0 (decisive only),COMPATIBILITY_ONLY_NOT_PRODUCTION,4059548.3812,3680416.6879,6656.9809,9707,9692,-0.00163983,0.01249836,-0.00525961,-0.00163983,-6656.9809,4059548.3812,OK,0.0000,266.2792,4.0000,96.0000,AG03-UNRESOLVED,ALL5_LEVELS_bet23_to_bet27,266.2792,266.2792,266.2792,0.0000,0.0000,4.000000,4.000000,4.000000,0.000000,0.000000,96.000000,96.000000,96.000000,100.000000,100.000000,5.0,798.8377,767.3102,5858.1432,5889.6706,PENDING_AG03,FALSE,NOT_FOR_ENFORCEMENT,6390.7016,3533200.0204,6656.9809,6390.7016,266.2792,0.00163983,0.00157424,266.2792,6390.7016,0.00157424,266.2792,266.2792,266.2792,0.0000,0.0000,6390.7016,0.00157424,798.8377,767.3102,5858.1432,5889.6706,0.00144305,0.00145082,0.00006559,418.2083,379.7376,0.6869,61.6387,1.8384,37588.4109,89.7407,538.3845,395.5999,218.4789,430.6076,432.5446,432.5446,1046.441,1081.3617,427.0584,0.0,2.43015,2.511246,0.971205,30,216,96,2,0.20383968,0.00163983,-0.01249836,0E-8,0.000000,0.906607,0.000000,0.01775797,2026-03-22,2026-08-06,108,3621,2443,138,0.782609,1.360932,1.287360,0.679466,,,,,,,,GLOBAL_BASELINE_NO_ENTITY_RANKING,,,NOT_APPLICABLE_GLOBAL_BASELINE,HF9g-P5,,,,X 全窗基线 · 不参与实体赏罚,14199641,1420,A168_HF9F_20260827_0900,2026-08-27 09:00:00
2026-07-01,57024343,1110,0,427.0584215921,405.7055005125,405.7055005125,1.0000000,1,1,0.50665070000000000,0.506650700000,0.9867858985152569,0.9867858985152569,0.9867858985152569,0E-17,ELIGIBLE,R03b_20260811_FULL_v1,L1_ELIGIBILITY,v2026-08-11,2026-03-21..2026-08-06,baccarat_bet02_101_all_pairs_incl_sentinel,round_win = game_pnl > 0 (decisive only),COMPATIBILITY_ONLY_NOT_PRODUCTION,4059548.3812,3680416.6879,6656.9809,9707,9692,-0.00163983,0.01249836,-0.00525961,-0.00163983,-6656.9809,4059548.3812,OK,0.0000,266.2792,4.0000,96.0000,AG03-UNRESOLVED,ALL5_LEVELS_bet23_to_bet27,266.2792,266.2792,266.2792,0.0000,0.0000,4.000000,4.000000,4.000000,0.000000,0.000000,96.000000,96.000000,96.000000,100.000000,100.000000,5.0,798.8377,767.3102,5858.1432,5889.6706,PENDING_AG03,FALSE,NOT_FOR_ENFORCEMENT,6390.7016,3533200.0204,6656.9809,6390.7016,266.2792,0.00163983,0.00157424,266.2792,6390.7016,0.00157424,266.2792,266.2792,266.2792,0.0000,0.0000,6390.7016,0.00157424,798.8377,767.3102,5858.1432,5889.6706,0.00144305,0.00145082,0.00006559,418.2083,379.7376,0.6869,61.6387,1.8384,37588.4109,89.7407,538.3845,395.5999,218.4789,430.6076,432.5446,432.5446,1046.441,1081.3617,427.0584,0.0,2.43015,2.511246,0.971205,30,216,96,2,0.20383968,0.00163983,-0.01249836,0E-8,0.000000,0.906607,0.000000,0.01775797,2026-03-22,2026-08-06,108,3621,2443,138,0.782609,1.360932,1.287360,0.679466,,,,,,,,GLOBAL_BASELINE_NO_ENTITY_RANKING,,,NOT_APPLICABLE_GLOBAL_BASELINE,HF9g-P5,,,,X 全窗基线 · 不参与实体赏罚,14199642,1420,A168_HF9F_20260827_0900,2026-08-27 09:00:00
2026-07-01,57024343,1151,0,640.5876323881,-640.5876323881,-640.5876323881,0E-7,2,2,0.50665070000000000,0.506650700000,-1.4331513700195317,-1.4331513700195317,-1.4331513700195317,0E-17,ELIGIBLE,R03b_20260811_FULL_v1,L1_ELIGIBILITY,v2026-08-11,2026-03-21..2026-08-06,baccarat_bet02_101_all_pairs_incl_sentinel,round_win = game_pnl > 0 (decisive only),COMPATIBILITY_ONLY_NOT_PRODUCTION,4059548.3812,3680416.6879,6656.9809,9707,9692,-0.00163983,0.01249836,-0.00525961,-0.00163983,-6656.9809,4059548.3812,OK,0.0000,266.2792,4.0000,96.0000,AG03-UNRESOLVED,ALL5_LEVELS_bet23_to_bet27,266.2792,266.2792,266.2792,0.0000,0.0000,4.000000,4.000000,4.000000,0.000000,0.000000,96.000000,96.000000,96.000000,100.000000,100.000000,5.0,798.8377,767.3102,5858.1432,5889.6706,PENDING_AG03,FALSE,NOT_FOR_ENFORCEMENT,6390.7016,3533200.0204,6656.9809,6390.7016,266.2792,0.00163983,0.00157424,266.2792,6390.7016,0.00157424,266.2792,266.2792,266.2792,0.0000,0.0000,6390.7016,0.00157424,798.8377,767.3102,5858.1432,5889.6706,0.00144305,0.00145082,0.00006559,418.2083,379.7376,0.6869,61.6387,1.8384,37588.4109,89.7407,538.3845,395.5999,218.4789,430.6076,432.5446,432.5446,1046.441,1081.3617,427.0584,0.0,2.43015,2.511246,0.971205,30,216,96,2,0.20383968,0.00163983,-0.01249836,0E-8,0.000000,0.906607,0.000000,0.01775797,2026-03-22,2026-08-06,108,3621,2443,138,0.782609,1.360932,1.287360,0.679466,,,,,,,,GLOBAL_BASELINE_NO_ENTITY_RANKING,,,NOT_APPLICABLE_GLOBAL_BASELINE,HF9g-P5,,,,X 全窗基线 · 不参与实体赏罚,14199643,1420,A168_HF9F_20260827_0900,2026-08-27 09:00:00
2026-07-01,57024343,1157,0,427.0584215921,0E-10,0E-10,,1,1,0.50665070000000000,0.506650700000,,,,0E-17,NO_DECISIVE_ROUND,R03b_20260811_FULL_v1,L1_ELIGIBILITY,v2026-08-11,2026-03-21..2026-08-06,baccarat_bet02_101_all_pairs_incl_sentinel,round_win = game_pnl > 0 (decisive only),COMPATIBILITY_ONLY_NOT_PRODUCTION,4059548.3812,3680416.6879,6656.9809,9707,9692,-0.00163983,0.01249836,-0.00525961,-0.00163983,-6656.9809,4059548.3812,OK,0.0000,266.2792,4.0000,96.0000,AG03-UNRESOLVED,ALL5_LEVELS_bet23_to_bet27,266.2792,266.2792,266.2792,0.0000,0.0000,4.000000,4.000000,4.000000,0.000000,0.000000,96.000000,96.000000,96.000000,100.000000,100.000000,5.0,798.8377,767.3102,5858.1432,5889.6706,PENDING_AG03,FALSE,NOT_FOR_ENFORCEMENT,6390.7016,3533200.0204,6656.9809,6390.7016,266.2792,0.00163983,0.00157424,266.2792,6390.7016,0.00157424,266.2792,266.2792,266.2792,0.0000,0.0000,6390.7016,0.00157424,798.8377,767.3102,5858.1432,5889.6706,0.00144305,0.00145082,0.00006559,418.2083,379.7376,0.6869,61.6387,1.8384,37588.4109,89.7407,538.3845,395.5999,218.4789,430.6076,432.5446,432.5446,1046.441,1081.3617,427.0584,0.0,2.43015,2.511246,0.971205,30,216,96,2,0.20383968,0.00163983,-0.01249836,0E-8,0.000000,0.906607,0.000000,0.01775797,2026-03-22,2026-08-06,108,3621,2443,138,0.782609,1.360932,1.287360,0.679466,,,,,,,,GLOBAL_BASELINE_NO_ENTITY_RANKING,,,NOT_APPLICABLE_GLOBAL_BASELINE,HF9g-P5,,,,X 全窗基线 · 不参与实体赏罚,14199644,1420,A168_HF9F_20260827_0900,2026-08-27 09:00:00
2026-07-01,57024343,1205,0,1067.6460539802,181.4998291766,181.4998291766,0.5000000,2,2,0.50665070000000000,0.506650700000,-0.018812684590367487,-0.018812684590367487,-0.018812684590367487,0E-17,ELIGIBLE,R03b_20260811_FULL_v1,L1_ELIGIBILITY,v2026-08-11,2026-03-21..2026-08-06,baccarat_bet02_101_all_pairs_incl_sentinel,round_win = game_pnl > 0 (decisive only),COMPATIBILITY_ONLY_NOT_PRODUCTION,4059548.3812,3680416.6879,6656.9809,9707,9692,-0.00163983,0.01249836,-0.00525961,-0.00163983,-6656.9809,4059548.3812,OK,0.0000,266.2792,4.0000,96.0000,AG03-UNRESOLVED,ALL5_LEVELS_bet23_to_bet27,266.2792,266.2792,266.2792,0.0000,0.0000,4.000000,4.000000,4.000000,0.000000,0.000000,96.000000,96.000000,96.000000,100.000000,100.000000,5.0,798.8377,767.3102,5858.1432,5889.6706,PENDING_AG03,FALSE,NOT_FOR_ENFORCEMENT,6390.7016,3533200.0204,6656.9809,6390.7016,266.2792,0.00163983,0.00157424,266.2792,6390.7016,0.00157424,266.2792,266.2792,266.2792,0.0000,0.0000,6390.7016,0.00157424,798.8377,767.3102,5858.1432,5889.6706,0.00144305,0.00145082,0.00006559,418.2083,379.7376,0.6869,61.6387,1.8384,37588.4109,89.7407,538.3845,395.5999,218.4789,430.6076,432.5446,432.5446,1046.441,1081.3617,427.0584,0.0,2.43015,2.511246,0.971205,30,216,96,2,0.20383968,0.00163983,-0.01249836,0E-8,0.000000,0.906607,0.000000,0.01775797,2026-03-22,2026-08-06,108,3621,2443,138,0.782609,1.360932,1.287360,0.679466,,,,,,,,GLOBAL_BASELINE_NO_ENTITY_RANKING,,,NOT_APPLICABLE_GLOBAL_BASELINE,HF9g-P5,,,,X 全窗基线 · 不参与实体赏罚,14199645,1420,A168_HF9F_20260827_0900,2026-08-27 09:00:00
2026-07-01,57024343,1304,0,1708.2336863683,-448.4113426716,-448.4113426716,0.5000000,3,3,0.50665070000000000,0.506650700000,-0.018812684590367487,-0.018812684590367487,-0.018812684590367487,0E-17,ELIGIBLE,R03b_20260811_FULL_v1,L1_ELIGIBILITY,v2026-08-11,2026-03-21..2026-08-06,baccarat_bet02_101_all_pairs_incl_sentinel,round_win = game_pnl > 0 (decisive only),COMPATIBILITY_ONLY_NOT_PRODUCTION,4059548.3812,3680416.6879,6656.9809,9707,9692,-0.00163983,0.01249836,-0.00525961,-0.00163983,-6656.9809,4059548.3812,OK,0.0000,266.2792,4.0000,96.0000,AG03-UNRESOLVED,ALL5_LEVELS_bet23_to_bet27,266.2792,266.2792,266.2792,0.0000,0.0000,4.000000,4.000000,4.000000,0.000000,0.000000,96.000000,96.000000,96.000000,100.000000,100.000000,5.0,798.8377,767.3102,5858.1432,5889.6706,PENDING_AG03,FALSE,NOT_FOR_ENFORCEMENT,6390.7016,3533200.0204,6656.9809,6390.7016,266.2792,0.00163983,0.00157424,266.2792,6390.7016,0.00157424,266.2792,266.2792,266.2792,0.0000,0.0000,6390.7016,0.00157424,798.8377,767.3102,5858.1432,5889.6706,0.00144305,0.00145082,0.00006559,418.2083,379.7376,0.6869,61.6387,1.8384,37588.4109,89.7407,538.3845,395.5999,218.4789,430.6076,432.5446,432.5446,1046.441,1081.3617,427.0584,0.0,2.43015,2.511246,0.971205,30,216,96,2,0.20383968,0.00163983,-0.01249836,0E-8,0.000000,0.906607,0.000000,0.01775797,2026-03-22,2026-08-06,108,3621,2443,138,0.782609,1.360932,1.287360,0.679466,,,,,,,,GLOBAL_BASELINE_NO_ENTITY_RANKING,,,NOT_APPLICABLE_GLOBAL_BASELINE,HF9g-P5,,,,X 全窗基线 · 不参与实体赏罚,14199646,1420,A168_HF9F_20260827_0900,2026-08-27 09:00:00
2026-07-01,57024343,1318,0,1281.1752647763,811.4110010250,811.4110010250,1.0000000,3,3,0.50665070000000000,0.506650700000,1.3955260008387969,1.3955260008387969,1.3955260008387969,0E-17,ELIGIBLE,R03b_20260811_FULL_v1,L1_ELIGIBILITY,v2026-08-11,2026-03-21..2026-08-06,baccarat_bet02_101_all_pairs_incl_sentinel,round_win = game_pnl > 0 (decisive only),COMPATIBILITY_ONLY_NOT_PRODUCTION,4059548.3812,3680416.6879,6656.9809,9707,9692,-0.00163983,0.01249836,-0.00525961,-0.00163983,-6656.9809,4059548.3812,OK,0.0000,266.2792,4.0000,96.0000,AG03-UNRESOLVED,ALL5_LEVELS_bet23_to_bet27,266.2792,266.2792,266.2792,0.0000,0.0000,4.000000,4.000000,4.000000,0.000000,0.000000,96.000000,96.000000,96.000000,100.000000,100.000000,5.0,798.8377,767.3102,5858.1432,5889.6706,PENDING_AG03,FALSE,NOT_FOR_ENFORCEMENT,6390.7016,3533200.0204,6656.9809,6390.7016,266.2792,0.00163983,0.00157424,266.2792,6390.7016,0.00157424,266.2792,266.2792,266.2792,0.0000,0.0000,6390.7016,0.00157424,798.8377,767.3102,5858.1432,5889.6706,0.00144305,0.00145082,0.00006559,418.2083,379.7376,0.6869,61.6387,1.8384,37588.4109,89.7407,538.3845,395.5999,218.4789,430.6076,432.5446,432.5446,1046.441,1081.3617,427.0584,0.0,2.43015,2.511246,0.971205,30,216,96,2,0.20383968,0.00163983,-0.01249836,0E-8,0.000000,0.906607,0.000000,0.01775797,2026-03-22,2026-08-06,108,3621,2443,138,0.782609,1.360932,1.287360,0.679466,,,,,,,,GLOBAL_BASELINE_NO_ENTITY_RANKING,,,NOT_APPLICABLE_GLOBAL_BASELINE,HF9g-P5,,,,X 全窗基线 · 不参与实体赏罚,14199647,1420,A168_HF9F_20260827_0900,2026-08-27 09:00:00
2026-07-01,57024343,1323,0,1281.1752647763,-21.3529210796,-21.3529210796,0.5000000,3,3,0.50665070000000000,0.506650700000,-0.018812684590367487,-0.018812684590367487,-0.018812684590367487,0E-17,ELIGIBLE,R03b_20260811_FULL_v1,L1_ELIGIBILITY,v2026-08-11,2026-03-21..2026-08-06,baccarat_bet02_101_all_pairs_incl_sentinel,round_win = game_pnl > 0 (decisive only),COMPATIBILITY_ONLY_NOT_PRODUCTION,4059548.3812,3680416.6879,6656.9809,9707,9692,-0.00163983,0.01249836,-0.00525961,-0.00163983,-6656.9809,4059548.3812,OK,0.0000,266.2792,4.0000,96.0000,AG03-UNRESOLVED,ALL5_LEVELS_bet23_to_bet27,266.2792,266.2792,266.2792,0.0000,0.0000,4.000000,4.000000,4.000000,0.000000,0.000000,96.000000,96.000000,96.000000,100.000000,100.000000,5.0,798.8377,767.3102,5858.1432,5889.6706,PENDING_AG03,FALSE,NOT_FOR_ENFORCEMENT,6390.7016,3533200.0204,6656.9809,6390.7016,266.2792,0.00163983,0.00157424,266.2792,6390.7016,0.00157424,266.2792,266.2792,266.2792,0.0000,0.0000,6390.7016,0.00157424,798.8377,767.3102,5858.1432,5889.6706,0.00144305,0.00145082,0.00006559,418.2083,379.7376,0.6869,61.6387,1.8384,37588.4109,89.7407,538.3845,395.5999,218.4789,430.6076,432.5446,432.5446,1046.441,1081.3617,427.0584,0.0,2.43015,2.511246,0.971205,30,216,96,2,0.20383968,0.00163983,-0.01249836,0E-8,0.000000,0.906607,0.000000,0.01775797,2026-03-22,2026-08-06,108,3621,2443,138,0.782609,1.360932,1.287360,0.679466,,,,,,,,GLOBAL_BASELINE_NO_ENTITY_RANKING,,,NOT_APPLICABLE_GLOBAL_BASELINE,HF9g-P5,,,,X 全窗基线 · 不参与实体赏罚,14199648,1420,A168_HF9F_20260827_0900,2026-08-27 09:00:00
2026-07-01,57024343,1384,0,1281.1752647763,384.3525794329,384.3525794329,0.6666667,3,3,0.50665070000000000,0.506650700000,0.5543606114942035,0.5543606114942035,0.5543606114942035,0E-17,ELIGIBLE,R03b_20260811_FULL_v1,L1_ELIGIBILITY,v2026-08-11,2026-03-21..2026-08-06,baccarat_bet02_101_all_pairs_incl_sentinel,round_win = game_pnl > 0 (decisive only),COMPATIBILITY_ONLY_NOT_PRODUCTION,4059548.3812,3680416.6879,6656.9809,9707,9692,-0.00163983,0.01249836,-0.00525961,-0.00163983,-6656.9809,4059548.3812,OK,0.0000,266.2792,4.0000,96.0000,AG03-UNRESOLVED,ALL5_LEVELS_bet23_to_bet27,266.2792,266.2792,266.2792,0.0000,0.0000,4.000000,4.000000,4.000000,0.000000,0.000000,96.000000,96.000000,96.000000,100.000000,100.000000,5.0,798.8377,767.3102,5858.1432,5889.6706,PENDING_AG03,FALSE,NOT_FOR_ENFORCEMENT,6390.7016,3533200.0204,6656.9809,6390.7016,266.2792,0.00163983,0.00157424,266.2792,6390.7016,0.00157424,266.2792,266.2792,266.2792,0.0000,0.0000,6390.7016,0.00157424,798.8377,767.3102,5858.1432,5889.6706,0.00144305,0.00145082,0.00006559,418.2083,379.7376,0.6869,61.6387,1.8384,37588.4109,89.7407,538.3845,395.5999,218.4789,430.6076,432.5446,432.5446,1046.441,1081.3617,427.0584,0.0,2.43015,2.511246,0.971205,30,216,96,2,0.20383968,0.00163983,-0.01249836,0E-8,0.000000,0.906607,0.000000,0.01775797,2026-03-22,2026-08-06,108,3621,2443,138,0.782609,1.360932,1.287360,0.679466,,,,,,,,GLOBAL_BASELINE_NO_ENTITY_RANKING,,,NOT_APPLICABLE_GLOBAL_BASELINE,HF9g-P5,,,,X 全窗基线 · 不参与实体赏罚,14199649,1420,A168_HF9F_20260827_0900,2026-08-27 09:00:00
2026-07-01,57024343,1385,0,1281.1752647763,384.3525794329,384.3525794329,0.6666667,3,3,0.50665070000000000,0.506650700000,0.5543606114942035,0.5543606114942035,0.5543606114942035,0E-17,ELIGIBLE,R03b_20260811_FULL_v1,L1_ELIGIBILITY,v2026-08-11,2026-03-21..2026-08-06,baccarat_bet02_101_all_pairs_incl_sentinel,round_win = game_pnl > 0 (decisive only),COMPATIBILITY_ONLY_NOT_PRODUCTION,4059548.3812,3680416.6879,6656.9809,9707,9692,-0.00163983,0.01249836,-0.00525961,-0.00163983,-6656.9809,4059548.3812,OK,0.0000,266.2792,4.0000,96.0000,AG03-UNRESOLVED,ALL5_LEVELS_bet23_to_bet27,266.2792,266.2792,266.2792,0.0000,0.0000,4.000000,4.000000,4.000000,0.000000,0.000000,96.000000,96.000000,96.000000,100.000000,100.000000,5.0,798.8377,767.3102,5858.1432,5889.6706,PENDING_AG03,FALSE,NOT_FOR_ENFORCEMENT,6390.7016,3533200.0204,6656.9809,6390.7016,266.2792,0.00163983,0.00157424,266.2792,6390.7016,0.00157424,266.2792,266.2792,266.2792,0.0000,0.0000,6390.7016,0.00157424,798.8377,767.3102,5858.1432,5889.6706,0.00144305,0.00145082,0.00006559,418.2083,379.7376,0.6869,61.6387,1.8384,37588.4109,89.7407,538.3845,395.5999,218.4789,430.6076,432.5446,432.5446,1046.441,1081.3617,427.0584,0.0,2.43015,2.511246,0.971205,30,216,96,2,0.20383968,0.00163983,-0.01249836,0E-8,0.000000,0.906607,0.000000,0.01775797,2026-03-22,2026-08-06,108,3621,2443,138,0.782609,1.360932,1.287360,0.679466,,,,,,,,GLOBAL_BASELINE_NO_ENTITY_RANKING,,,NOT_APPLICABLE_GLOBAL_BASELINE,HF9g-P5,,,,X 全窗基线 · 不参与实体赏罚,14199650,1420,A168_HF9F_20260827_0900,2026-08-27 09:00:00
2026-07-01,57024343,1396,0,2562.3505295526,-64.0587632388,-64.0587632388,0.5000000,6,6,0.50665070000000000,0.506650700000,-0.032584525537284574,-0.032584525537284574,-0.032584525537284574,0E-17,ELIGIBLE,R03b_20260811_FULL_v1,L1_ELIGIBILITY,v2026-08-11,2026-03-21..2026-08-06,baccarat_bet02_101_all_pairs_incl_sentinel,round_win = game_pnl > 0 (decisive only),COMPATIBILITY_ONLY_NOT_PRODUCTION,4059548.3812,3680416.6879,6656.9809,9707,9692,-0.00163983,0.01249836,-0.00525961,-0.00163983,-6656.9809,4059548.3812,OK,0.0000,266.2792,4.0000,96.0000,AG03-UNRESOLVED,ALL5_LEVELS_bet23_to_bet27,266.2792,266.2792,266.2792,0.0000,0.0000,4.000000,4.000000,4.000000,0.000000,0.000000,96.000000,96.000000,96.000000,100.000000,100.000000,5.0,798.8377,767.3102,5858.1432,5889.6706,PENDING_AG03,FALSE,NOT_FOR_ENFORCEMENT,6390.7016,3533200.0204,6656.9809,6390.7016,266.2792,0.00163983,0.00157424,266.2792,6390.7016,0.00157424,266.2792,266.2792,266.2792,0.0000,0.0000,6390.7016,0.00157424,798.8377,767.3102,5858.1432,5889.6706,0.00144305,0.00145082,0.00006559,418.2083,379.7376,0.6869,61.6387,1.8384,37588.4109,89.7407,538.3845,395.5999,218.4789,430.6076,432.5446,432.5446,1046.441,1081.3617,427.0584,0.0,2.43015,2.511246,0.971205,30,216,96,2,0.20383968,0.00163983,-0.01249836,0E-8,0.000000,0.906607,0.000000,0.01775797,2026-03-22,2026-08-06,108,3621,2443,138,0.782609,1.360932,1.287360,0.679466,,,,,,,,GLOBAL_BASELINE_NO_ENTITY_RANKING,,,NOT_APPLICABLE_GLOBAL_BASELINE,HF9g-P5,,,,X 全窗基线 · 不参与实体赏罚,14199651,1420,A168_HF9F_20260827_0900,2026-08-27 09:00:00
2026-07-01,57024343,1654,0,213.5292107960,-213.5292107960,-213.5292107960,0E-7,1,1,0.50665070000000000,0.506650700000,-1.013391052207602,-1.013391052207602,-1.013391052207602,0E-17,ELIGIBLE,R03b_20260811_FULL_v1,L1_ELIGIBILITY,v2026-08-11,2026-03-21..2026-08-06,baccarat_bet02_101_all_pairs_incl_sentinel,round_win = game_pnl > 0 (decisive only),COMPATIBILITY_ONLY_NOT_PRODUCTION,4059548.3812,3680416.6879,6656.9809,9707,9692,-0.00163983,0.01249836,-0.00525961,-0.00163983,-6656.9809,4059548.3812,OK,0.0000,266.2792,4.0000,96.0000,AG03-UNRESOLVED,ALL5_LEVELS_bet23_to_bet27,266.2792,266.2792,266.2792,0.0000,0.0000,4.000000,4.000000,4.000000,0.000000,0.000000,96.000000,96.000000,96.000000,100.000000,100.000000,5.0,798.8377,767.3102,5858.1432,5889.6706,PENDING_AG03,FALSE,NOT_FOR_ENFORCEMENT,6390.7016,3533200.0204,6656.9809,6390.7016,266.2792,0.00163983,0.00157424,266.2792,6390.7016,0.00157424,266.2792,266.2792,266.2792,0.0000,0.0000,6390.7016,0.00157424,798.8377,767.3102,5858.1432,5889.6706,0.00144305,0.00145082,0.00006559,418.2083,379.7376,0.6869,61.6387,1.8384,37588.4109,89.7407,538.3845,395.5999,218.4789,430.6076,432.5446,432.5446,1046.441,1081.3617,427.0584,0.0,2.43015,2.511246,0.971205,30,216,96,2,0.20383968,0.00163983,-0.01249836,0E-8,0.000000,0.906607,0.000000,0.01775797,2026-03-22,2026-08-06,108,3621,2443,138,0.782609,1.360932,1.287360,0.679466,,,,,,,,GLOBAL_BASELINE_NO_ENTITY_RANKING,,,NOT_APPLICABLE_GLOBAL_BASELINE,HF9g-P5,,,,X 全窗基线 · 不参与实体赏罚,14199652,1420,A168_HF9F_20260827_0900,2026-08-27 09:00:00
2026-07-01,57024343,1703,0,1067.6460539802,-651.2640929280,-651.2640929280,0.3333333,3,3,0.50665070000000000,0.506650700000,-0.6004420894325239,-0.6004420894325239,-0.6004420894325239,0E-17,ELIGIBLE,R03b_20260811_FULL_v1,L1_ELIGIBILITY,v2026-08-11,2026-03-21..2026-08-06,baccarat_bet02_101_all_pairs_incl_sentinel,round_win = game_pnl > 0 (decisive only),COMPATIBILITY_ONLY_NOT_PRODUCTION,4059548.3812,3680416.6879,6656.9809,9707,9692,-0.00163983,0.01249836,-0.00525961,-0.00163983,-6656.9809,4059548.3812,OK,0.0000,266.2792,4.0000,96.0000,AG03-UNRESOLVED,ALL5_LEVELS_bet23_to_bet27,266.2792,266.2792,266.2792,0.0000,0.0000,4.000000,4.000000,4.000000,0.000000,0.000000,96.000000,96.000000,96.000000,100.000000,100.000000,5.0,798.8377,767.3102,5858.1432,5889.6706,PENDING_AG03,FALSE,NOT_FOR_ENFORCEMENT,6390.7016,3533200.0204,6656.9809,6390.7016,266.2792,0.00163983,0.00157424,266.2792,6390.7016,0.00157424,266.2792,266.2792,266.2792,0.0000,0.0000,6390.7016,0.00157424,798.8377,767.3102,5858.1432,5889.6706,0.00144305,0.00145082,0.00006559,418.2083,379.7376,0.6869,61.6387,1.8384,37588.4109,89.7407,538.3845,395.5999,218.4789,430.6076,432.5446,432.5446,1046.441,1081.3617,427.0584,0.0,2.43015,2.511246,0.971205,30,216,96,2,0.20383968,0.00163983,-0.01249836,0E-8,0.000000,0.906607,0.000000,0.01775797,2026-03-22,2026-08-06,108,3621,2443,138,0.782609,1.360932,1.287360,0.679466,,,,,,,,GLOBAL_BASELINE_NO_ENTITY_RANKING,,,NOT_APPLICABLE_GLOBAL_BASELINE,HF9g-P5,,,,X 全窗基线 · 不参与实体赏罚,14199653,1420,A168_HF9F_20260827_0900,2026-08-27 09:00:00
2026-07-01,57024343,1994,0,1494.7044755723,587.2053296891,587.2053296891,0.7500000,4,4,0.50665070000000000,0.506650700000,0.9734833216690844,0.9734833216690844,0.9734833216690844,0E-17,ELIGIBLE,R03b_20260811_FULL_v1,L1_ELIGIBILITY,v2026-08-11,2026-03-21..2026-08-06,baccarat_bet02_101_all_pairs_incl_sentinel,round_win = game_pnl > 0 (decisive only),COMPATIBILITY_ONLY_NOT_PRODUCTION,4059548.3812,3680416.6879,6656.9809,9707,9692,-0.00163983,0.01249836,-0.00525961,-0.00163983,-6656.9809,4059548.3812,OK,0.0000,266.2792,4.0000,96.0000,AG03-UNRESOLVED,ALL5_LEVELS_bet23_to_bet27,266.2792,266.2792,266.2792,0.0000,0.0000,4.000000,4.000000,4.000000,0.000000,0.000000,96.000000,96.000000,96.000000,100.000000,100.000000,5.0,798.8377,767.3102,5858.1432,5889.6706,PENDING_AG03,FALSE,NOT_FOR_ENFORCEMENT,6390.7016,3533200.0204,6656.9809,6390.7016,266.2792,0.00163983,0.00157424,266.2792,6390.7016,0.00157424,266.2792,266.2792,266.2792,0.0000,0.0000,6390.7016,0.00157424,798.8377,767.3102,5858.1432,5889.6706,0.00144305,0.00145082,0.00006559,418.2083,379.7376,0.6869,61.6387,1.8384,37588.4109,89.7407,538.3845,395.5999,218.4789,430.6076,432.5446,432.5446,1046.441,1081.3617,427.0584,0.0,2.43015,2.511246,0.971205,30,216,96,2,0.20383968,0.00163983,-0.01249836,0E-8,0.000000,0.906607,0.000000,0.01775797,2026-03-22,2026-08-06,108,3621,2443,138,0.782609,1.360932,1.287360,0.679466,,,,,,,,GLOBAL_BASELINE_NO_ENTITY_RANKING,,,NOT_APPLICABLE_GLOBAL_BASELINE,HF9g-P5,,,,X 全窗基线 · 不参与实体赏罚,14199654,1420,A168_HF9F_20260827_0900,2026-08-27 09:00:00
2026-07-01,57024343,2105,0,427.0584215921,-427.0584215921,-427.0584215921,0E-7,1,1,0.50665070000000000,0.506650700000,-1.013391052207602,-1.013391052207602,-1.013391052207602,0E-17,ELIGIBLE,R03b_20260811_FULL_v1,L1_ELIGIBILITY,v2026-08-11,2026-03-21..2026-08-06,baccarat_bet02_101_all_pairs_incl_sentinel,round_win = game_pnl > 0 (decisive only),COMPATIBILITY_ONLY_NOT_PRODUCTION,4059548.3812,3680416.6879,6656.9809,9707,9692,-0.00163983,0.01249836,-0.00525961,-0.00163983,-6656.9809,4059548.3812,OK,0.0000,266.2792,4.0000,96.0000,AG03-UNRESOLVED,ALL5_LEVELS_bet23_to_bet27,266.2792,266.2792,266.2792,0.0000,0.0000,4.000000,4.000000,4.000000,0.000000,0.000000,96.000000,96.000000,96.000000,100.000000,100.000000,5.0,798.8377,767.3102,5858.1432,5889.6706,PENDING_AG03,FALSE,NOT_FOR_ENFORCEMENT,6390.7016,3533200.0204,6656.9809,6390.7016,266.2792,0.00163983,0.00157424,266.2792,6390.7016,0.00157424,266.2792,266.2792,266.2792,0.0000,0.0000,6390.7016,0.00157424,798.8377,767.3102,5858.1432,5889.6706,0.00144305,0.00145082,0.00006559,418.2083,379.7376,0.6869,61.6387,1.8384,37588.4109,89.7407,538.3845,395.5999,218.4789,430.6076,432.5446,432.5446,1046.441,1081.3617,427.0584,0.0,2.43015,2.511246,0.971205,30,216,96,2,0.20383968,0.00163983,-0.01249836,0E-8,0.000000,0.906607,0.000000,0.01775797,2026-03-22,2026-08-06,108,3621,2443,138,0.782609,1.360932,1.287360,0.679466,,,,,,,,GLOBAL_BASELINE_NO_ENTITY_RANKING,,,NOT_APPLICABLE_GLOBAL_BASELINE,HF9g-P5,,,,X 全窗基线 · 不参与实体赏罚,14199655,1420,A168_HF9F_20260827_0900,2026-08-27 09:00:00
2026-07-01,57024343,2108,0,1494.7044755722,1003.5872907414,1003.5872907414,0.6666667,3,3,0.50665070000000000,0.506650700000,0.5543606114942035,0.5543606114942035,0.5543606114942035,0E-17,ELIGIBLE,R03b_20260811_FULL_v1,L1_ELIGIBILITY,v2026-08-11,2026-03-21..2026-08-06,baccarat_bet02_101_all_pairs_incl_sentinel,round_win = game_pnl > 0 (decisive only),COMPATIBILITY_ONLY_NOT_PRODUCTION,4059548.3812,3680416.6879,6656.9809,9707,9692,-0.00163983,0.01249836,-0.00525961,-0.00163983,-6656.9809,4059548.3812,OK,0.0000,266.2792,4.0000,96.0000,AG03-UNRESOLVED,ALL5_LEVELS_bet23_to_bet27,266.2792,266.2792,266.2792,0.0000,0.0000,4.000000,4.000000,4.000000,0.000000,0.000000,96.000000,96.000000,96.000000,100.000000,100.000000,5.0,798.8377,767.3102,5858.1432,5889.6706,PENDING_AG03,FALSE,NOT_FOR_ENFORCEMENT,6390.7016,3533200.0204,6656.9809,6390.7016,266.2792,0.00163983,0.00157424,266.2792,6390.7016,0.00157424,266.2792,266.2792,266.2792,0.0000,0.0000,6390.7016,0.00157424,798.8377,767.3102,5858.1432,5889.6706,0.00144305,0.00145082,0.00006559,418.2083,379.7376,0.6869,61.6387,1.8384,37588.4109,89.7407,538.3845,395.5999,218.4789,430.6076,432.5446,432.5446,1046.441,1081.3617,427.0584,0.0,2.43015,2.511246,0.971205,30,216,96,2,0.20383968,0.00163983,-0.01249836,0E-8,0.000000,0.906607,0.000000,0.01775797,2026-03-22,2026-08-06,108,3621,2443,138,0.782609,1.360932,1.287360,0.679466,,,,,,,,GLOBAL_BASELINE_NO_ENTITY_RANKING,,,NOT_APPLICABLE_GLOBAL_BASELINE,HF9g-P5,,,,X 全窗基线 · 不参与实体赏罚,14199656,1420,A168_HF9F_20260827_0900,2026-08-27 09:00:00
2026-07-01,57024343,2110,0,854.1168431842,811.4110010250,811.4110010250,1.0000000,2,2,0.50665070000000000,0.506650700000,1.3955260008387969,1.3955260008387969,1.3955260008387969,0E-17,ELIGIBLE,R03b_20260811_FULL_v1,L1_ELIGIBILITY,v2026-08-11,2026-03-21..2026-08-06,baccarat_bet02_101_all_pairs_incl_sentinel,round_win = game_pnl > 0 (decisive only),COMPATIBILITY_ONLY_NOT_PRODUCTION,4059548.3812,3680416.6879,6656.9809,9707,9692,-0.00163983,0.01249836,-0.00525961,-0.00163983,-6656.9809,4059548.3812,OK,0.0000,266.2792,4.0000,96.0000,AG03-UNRESOLVED,ALL5_LEVELS_bet23_to_bet27,266.2792,266.2792,266.2792,0.0000,0.0000,4.000000,4.000000,4.000000,0.000000,0.000000,96.000000,96.000000,96.000000,100.000000,100.000000,5.0,798.8377,767.3102,5858.1432,5889.6706,PENDING_AG03,FALSE,NOT_FOR_ENFORCEMENT,6390.7016,3533200.0204,6656.9809,6390.7016,266.2792,0.00163983,0.00157424,266.2792,6390.7016,0.00157424,266.2792,266.2792,266.2792,0.0000,0.0000,6390.7016,0.00157424,798.8377,767.3102,5858.1432,5889.6706,0.00144305,0.00145082,0.00006559,418.2083,379.7376,0.6869,61.6387,1.8384,37588.4109,89.7407,538.3845,395.5999,218.4789,430.6076,432.5446,432.5446,1046.441,1081.3617,427.0584,0.0,2.43015,2.511246,0.971205,30,216,96,2,0.20383968,0.00163983,-0.01249836,0E-8,0.000000,0.906607,0.000000,0.01775797,2026-03-22,2026-08-06,108,3621,2443,138,0.782609,1.360932,1.287360,0.679466,,,,,,,,GLOBAL_BASELINE_NO_ENTITY_RANKING,,,NOT_APPLICABLE_GLOBAL_BASELINE,HF9g-P5,,,,X 全窗基线 · 不参与实体赏罚,14199657,1420,A168_HF9F_20260827_0900,2026-08-27 09:00:00
2026-07-01,57024343,2117,0,854.1168431842,811.4110010250,811.4110010250,1.0000000,2,2,0.50665070000000000,0.506650700000,1.3955260008387969,1.3955260008387969,1.3955260008387969,0E-17,ELIGIBLE,R03b_20260811_FULL_v1,L1_ELIGIBILITY,v2026-08-11,2026-03-21..2026-08-06,baccarat_bet02_101_all_pairs_incl_sentinel,round_win = game_pnl > 0 (decisive only),COMPATIBILITY_ONLY_NOT_PRODUCTION,4059548.3812,3680416.6879,6656.9809,9707,9692,-0.00163983,0.01249836,-0.00525961,-0.00163983,-6656.9809,4059548.3812,OK,0.0000,266.2792,4.0000,96.0000,AG03-UNRESOLVED,ALL5_LEVELS_bet23_to_bet27,266.2792,266.2792,266.2792,0.0000,0.0000,4.000000,4.000000,4.000000,0.000000,0.000000,96.000000,96.000000,96.000000,100.000000,100.000000,5.0,798.8377,767.3102,5858.1432,5889.6706,PENDING_AG03,FALSE,NOT_FOR_ENFORCEMENT,6390.7016,3533200.0204,6656.9809,6390.7016,266.2792,0.00163983,0.00157424,266.2792,6390.7016,0.00157424,266.2792,266.2792,266.2792,0.0000,0.0000,6390.7016,0.00157424,798.8377,767.3102,5858.1432,5889.6706,0.00144305,0.00145082,0.00006559,418.2083,379.7376,0.6869,61.6387,1.8384,37588.4109,89.7407,538.3845,395.5999,218.4789,430.6076,432.5446,432.5446,1046.441,1081.3617,427.0584,0.0,2.43015,2.511246,0.971205,30,216,96,2,0.20383968,0.00163983,-0.01249836,0E-8,0.000000,0.906607,0.000000,0.01775797,2026-03-22,2026-08-06,108,3621,2443,138,0.782609,1.360932,1.287360,0.679466,,,,,,,,GLOBAL_BASELINE_NO_ENTITY_RANKING,,,NOT_APPLICABLE_GLOBAL_BASELINE,HF9g-P5,,,,X 全窗基线 · 不参与实体赏罚,14199658,1420,A168_HF9F_20260827_0900,2026-08-27 09:00:00
2026-07-01,57024343,2123,0,2562.3505295526,1195.7635804579,1195.7635804579,0.8000000,6,6,0.50665070000000000,0.506650700000,1.3120140225494112,1.3120140225494112,1.3120140225494112,0E-17,ELIGIBLE,R03b_20260811_FULL_v1,L1_ELIGIBILITY,v2026-08-11,2026-03-21..2026-08-06,baccarat_bet02_101_all_pairs_incl_sentinel,round_win = game_pnl > 0 (decisive only),COMPATIBILITY_ONLY_NOT_PRODUCTION,4059548.3812,3680416.6879,6656.9809,9707,9692,-0.00163983,0.01249836,-0.00525961,-0.00163983,-6656.9809,4059548.3812,OK,0.0000,266.2792,4.0000,96.0000,AG03-UNRESOLVED,ALL5_LEVELS_bet23_to_bet27,266.2792,266.2792,266.2792,0.0000,0.0000,4.000000,4.000000,4.000000,0.000000,0.000000,96.000000,96.000000,96.000000,100.000000,100.000000,5.0,798.8377,767.3102,5858.1432,5889.6706,PENDING_AG03,FALSE,NOT_FOR_ENFORCEMENT,6390.7016,3533200.0204,6656.9809,6390.7016,266.2792,0.00163983,0.00157424,266.2792,6390.7016,0.00157424,266.2792,266.2792,266.2792,0.0000,0.0000,6390.7016,0.00157424,798.8377,767.3102,5858.1432,5889.6706,0.00144305,0.00145082,0.00006559,418.2083,379.7376,0.6869,61.6387,1.8384,37588.4109,89.7407,538.3845,395.5999,218.4789,430.6076,432.5446,432.5446,1046.441,1081.3617,427.0584,0.0,2.43015,2.511246,0.971205,30,216,96,2,0.20383968,0.00163983,-0.01249836,0E-8,0.000000,0.906607,0.000000,0.01775797,2026-03-22,2026-08-06,108,3621,2443,138,0.782609,1.360932,1.287360,0.679466,,,,,,,,GLOBAL_BASELINE_NO_ENTITY_RANKING,,,NOT_APPLICABLE_GLOBAL_BASELINE,HF9g-P5,,,,X 全窗基线 · 不参与实体赏罚,14199659,1420,A168_HF9F_20260827_0900,2026-08-27 09:00:00
2026-07-01,57024343,2130,0,427.0584215921,-427.0584215921,-427.0584215921,0E-7,1,1,0.50665070000000000,0.506650700000,-1.013391052207602,-1.013391052207602,-1.013391052207602,0E-17,ELIGIBLE,R03b_20260811_FULL_v1,L1_ELIGIBILITY,v2026-08-11,2026-03-21..2026-08-06,baccarat_bet02_101_all_pairs_incl_sentinel,round_win = game_pnl > 0 (decisive only),COMPATIBILITY_ONLY_NOT_PRODUCTION,4059548.3812,3680416.6879,6656.9809,9707,9692,-0.00163983,0.01249836,-0.00525961,-0.00163983,-6656.9809,4059548.3812,OK,0.0000,266.2792,4.0000,96.0000,AG03-UNRESOLVED,ALL5_LEVELS_bet23_to_bet27,266.2792,266.2792,266.2792,0.0000,0.0000,4.000000,4.000000,4.000000,0.000000,0.000000,96.000000,96.000000,96.000000,100.000000,100.000000,5.0,798.8377,767.3102,5858.1432,5889.6706,PENDING_AG03,FALSE,NOT_FOR_ENFORCEMENT,6390.7016,3533200.0204,6656.9809,6390.7016,266.2792,0.00163983,0.00157424,266.2792,6390.7016,0.00157424,266.2792,266.2792,266.2792,0.0000,0.0000,6390.7016,0.00157424,798.8377,767.3102,5858.1432,5889.6706,0.00144305,0.00145082,0.00006559,418.2083,379.7376,0.6869,61.6387,1.8384,37588.4109,89.7407,538.3845,395.5999,218.4789,430.6076,432.5446,432.5446,1046.441,1081.3617,427.0584,0.0,2.43015,2.511246,0.971205,30,216,96,2,0.20383968,0.00163983,-0.01249836,0E-8,0.000000,0.906607,0.000000,0.01775797,2026-03-22,2026-08-06,108,3621,2443,138,0.782609,1.360932,1.287360,0.679466,,,,,,,,GLOBAL_BASELINE_NO_ENTITY_RANKING,,,NOT_APPLICABLE_GLOBAL_BASELINE,HF9g-P5,,,,X 全窗基线 · 不参与实体赏罚,14199660,1420,A168_HF9F_20260827_0900,2026-08-27 09:00:00
2026-07-01,57024343,2156,0,1281.1752647763,-21.3529210796,-21.3529210796,0.5000000,3,3,0.50665070000000000,0.506650700000,-0.018812684590367487,-0.018812684590367487,-0.018812684590367487,0E-17,ELIGIBLE,R03b_20260811_FULL_v1,L1_ELIGIBILITY,v2026-08-11,2026-03-21..2026-08-06,baccarat_bet02_101_all_pairs_incl_sentinel,round_win = game_pnl > 0 (decisive only),COMPATIBILITY_ONLY_NOT_PRODUCTION,4059548.3812,3680416.6879,6656.9809,9707,9692,-0.00163983,0.01249836,-0.00525961,-0.00163983,-6656.9809,4059548.3812,OK,0.0000,266.2792,4.0000,96.0000,AG03-UNRESOLVED,ALL5_LEVELS_bet23_to_bet27,266.2792,266.2792,266.2792,0.0000,0.0000,4.000000,4.000000,4.000000,0.000000,0.000000,96.000000,96.000000,96.000000,100.000000,100.000000,5.0,798.8377,767.3102,5858.1432,5889.6706,PENDING_AG03,FALSE,NOT_FOR_ENFORCEMENT,6390.7016,3533200.0204,6656.9809,6390.7016,266.2792,0.00163983,0.00157424,266.2792,6390.7016,0.00157424,266.2792,266.2792,266.2792,0.0000,0.0000,6390.7016,0.00157424,798.8377,767.3102,5858.1432,5889.6706,0.00144305,0.00145082,0.00006559,418.2083,379.7376,0.6869,61.6387,1.8384,37588.4109,89.7407,538.3845,395.5999,218.4789,430.6076,432.5446,432.5446,1046.441,1081.3617,427.0584,0.0,2.43015,2.511246,0.971205,30,216,96,2,0.20383968,0.00163983,-0.01249836,0E-8,0.000000,0.906607,0.000000,0.01775797,2026-03-22,2026-08-06,108,3621,2443,138,0.782609,1.360932,1.287360,0.679466,,,,,,,,GLOBAL_BASELINE_NO_ENTITY_RANKING,,,NOT_APPLICABLE_GLOBAL_BASELINE,HF9g-P5,,,,X 全窗基线 · 不参与实体赏罚,14199661,1420,A168_HF9F_20260827_0900,2026-08-27 09:00:00
2026-07-01,57024343,2171,0,427.0584215921,-427.0584215921,-427.0584215921,0E-7,1,1,0.50665070000000000,0.506650700000,-1.013391052207602,-1.013391052207602,-1.013391052207602,0E-17,ELIGIBLE,R03b_20260811_FULL_v1,L1_ELIGIBILITY,v2026-08-11,2026-03-21..2026-08-06,baccarat_bet02_101_all_pairs_incl_sentinel,round_win = game_pnl > 0 (decisive only),COMPATIBILITY_ONLY_NOT_PRODUCTION,4059548.3812,3680416.6879,6656.9809,9707,9692,-0.00163983,0.01249836,-0.00525961,-0.00163983,-6656.9809,4059548.3812,OK,0.0000,266.2792,4.0000,96.0000,AG03-UNRESOLVED,ALL5_LEVELS_bet23_to_bet27,266.2792,266.2792,266.2792,0.0000,0.0000,4.000000,4.000000,4.000000,0.000000,0.000000,96.000000,96.000000,96.000000,100.000000,100.000000,5.0,798.8377,767.3102,5858.1432,5889.6706,PENDING_AG03,FALSE,NOT_FOR_ENFORCEMENT,6390.7016,3533200.0204,6656.9809,6390.7016,266.2792,0.00163983,0.00157424,266.2792,6390.7016,0.00157424,266.2792,266.2792,266.2792,0.0000,0.0000,6390.7016,0.00157424,798.8377,767.3102,5858.1432,5889.6706,0.00144305,0.00145082,0.00006559,418.2083,379.7376,0.6869,61.6387,1.8384,37588.4109,89.7407,538.3845,395.5999,218.4789,430.6076,432.5446,432.5446,1046.441,1081.3617,427.0584,0.0,2.43015,2.511246,0.971205,30,216,96,2,0.20383968,0.00163983,-0.01249836,0E-8,0.000000,0.906607,0.000000,0.01775797,2026-03-22,2026-08-06,108,3621,2443,138,0.782609,1.360932,1.287360,0.679466,,,,,,,,GLOBAL_BASELINE_NO_ENTITY_RANKING,,,NOT_APPLICABLE_GLOBAL_BASELINE,HF9g-P5,,,,X 全窗基线 · 不参与实体赏罚,14199662,1420,A168_HF9F_20260827_0900,2026-08-27 09:00:00
2026-07-01,57024343,2177,0,854.1168431842,-21.3529210796,-21.3529210796,0.5000000,2,2,0.50665070000000000,0.506650700000,-0.018812684590367487,-0.018812684590367487,-0.018812684590367487,0E-17,ELIGIBLE,R03b_20260811_FULL_v1,L1_ELIGIBILITY,v2026-08-11,2026-03-21..2026-08-06,baccarat_bet02_101_all_pairs_incl_sentinel,round_win = game_pnl > 0 (decisive only),COMPATIBILITY_ONLY_NOT_PRODUCTION,4059548.3812,3680416.6879,6656.9809,9707,9692,-0.00163983,0.01249836,-0.00525961,-0.00163983,-6656.9809,4059548.3812,OK,0.0000,266.2792,4.0000,96.0000,AG03-UNRESOLVED,ALL5_LEVELS_bet23_to_bet27,266.2792,266.2792,266.2792,0.0000,0.0000,4.000000,4.000000,4.000000,0.000000,0.000000,96.000000,96.000000,96.000000,100.000000,100.000000,5.0,798.8377,767.3102,5858.1432,5889.6706,PENDING_AG03,FALSE,NOT_FOR_ENFORCEMENT,6390.7016,3533200.0204,6656.9809,6390.7016,266.2792,0.00163983,0.00157424,266.2792,6390.7016,0.00157424,266.2792,266.2792,266.2792,0.0000,0.0000,6390.7016,0.00157424,798.8377,767.3102,5858.1432,5889.6706,0.00144305,0.00145082,0.00006559,418.2083,379.7376,0.6869,61.6387,1.8384,37588.4109,89.7407,538.3845,395.5999,218.4789,430.6076,432.5446,432.5446,1046.441,1081.3617,427.0584,0.0,2.43015,2.511246,0.971205,30,216,96,2,0.20383968,0.00163983,-0.01249836,0E-8,0.000000,0.906607,0.000000,0.01775797,2026-03-22,2026-08-06,108,3621,2443,138,0.782609,1.360932,1.287360,0.679466,,,,,,,,GLOBAL_BASELINE_NO_ENTITY_RANKING,,,NOT_APPLICABLE_GLOBAL_BASELINE,HF9g-P5,,,,X 全窗基线 · 不参与实体赏罚,14199663,1420,A168_HF9F_20260827_0900,2026-08-27 09:00:00
2026-07-01,57024343,2209,0,1281.1752647763,1217.1165015375,1217.1165015375,1.0000000,3,3,0.50665070000000000,0.506650700000,1.7091633124209307,1.7091633124209307,1.7091633124209307,0E-17,ELIGIBLE,R03b_20260811_FULL_v1,L1_ELIGIBILITY,v2026-08-11,2026-03-21..2026-08-06,baccarat_bet02_101_all_pairs_incl_sentinel,round_win = game_pnl > 0 (decisive only),COMPATIBILITY_ONLY_NOT_PRODUCTION,4059548.3812,3680416.6879,6656.9809,9707,9692,-0.00163983,0.01249836,-0.00525961,-0.00163983,-6656.9809,4059548.3812,OK,0.0000,266.2792,4.0000,96.0000,AG03-UNRESOLVED,ALL5_LEVELS_bet23_to_bet27,266.2792,266.2792,266.2792,0.0000,0.0000,4.000000,4.000000,4.000000,0.000000,0.000000,96.000000,96.000000,96.000000,100.000000,100.000000,5.0,798.8377,767.3102,5858.1432,5889.6706,PENDING_AG03,FALSE,NOT_FOR_ENFORCEMENT,6390.7016,3533200.0204,6656.9809,6390.7016,266.2792,0.00163983,0.00157424,266.2792,6390.7016,0.00157424,266.2792,266.2792,266.2792,0.0000,0.0000,6390.7016,0.00157424,798.8377,767.3102,5858.1432,5889.6706,0.00144305,0.00145082,0.00006559,418.2083,379.7376,0.6869,61.6387,1.8384,37588.4109,89.7407,538.3845,395.5999,218.4789,430.6076,432.5446,432.5446,1046.441,1081.3617,427.0584,0.0,2.43015,2.511246,0.971205,30,216,96,2,0.20383968,0.00163983,-0.01249836,0E-8,0.000000,0.906607,0.000000,0.01775797,2026-03-22,2026-08-06,108,3621,2443,138,0.782609,1.360932,1.287360,0.679466,,,,,,,,GLOBAL_BASELINE_NO_ENTITY_RANKING,,,NOT_APPLICABLE_GLOBAL_BASELINE,HF9g-P5,,,,X 全窗基线 · 不参与实体赏罚,14199664,1420,A168_HF9F_20260827_0900,2026-08-27 09:00:00
2026-07-01,57024343,2222,0,1281.1752647763,-21.3529210796,-21.3529210796,0.5000000,3,3,0.50665070000000000,0.506650700000,-0.018812684590367487,-0.018812684590367487,-0.018812684590367487,0E-17,ELIGIBLE,R03b_20260811_FULL_v1,L1_ELIGIBILITY,v2026-08-11,2026-03-21..2026-08-06,baccarat_bet02_101_all_pairs_incl_sentinel,round_win = game_pnl > 0 (decisive only),COMPATIBILITY_ONLY_NOT_PRODUCTION,4059548.3812,3680416.6879,6656.9809,9707,9692,-0.00163983,0.01249836,-0.00525961,-0.00163983,-6656.9809,4059548.3812,OK,0.0000,266.2792,4.0000,96.0000,AG03-UNRESOLVED,ALL5_LEVELS_bet23_to_bet27,266.2792,266.2792,266.2792,0.0000,0.0000,4.000000,4.000000,4.000000,0.000000,0.000000,96.000000,96.000000,96.000000,100.000000,100.000000,5.0,798.8377,767.3102,5858.1432,5889.6706,PENDING_AG03,FALSE,NOT_FOR_ENFORCEMENT,6390.7016,3533200.0204,6656.9809,6390.7016,266.2792,0.00163983,0.00157424,266.2792,6390.7016,0.00157424,266.2792,266.2792,266.2792,0.0000,0.0000,6390.7016,0.00157424,798.8377,767.3102,5858.1432,5889.6706,0.00144305,0.00145082,0.00006559,418.2083,379.7376,0.6869,61.6387,1.8384,37588.4109,89.7407,538.3845,395.5999,218.4789,430.6076,432.5446,432.5446,1046.441,1081.3617,427.0584,0.0,2.43015,2.511246,0.971205,30,216,96,2,0.20383968,0.00163983,-0.01249836,0E-8,0.000000,0.906607,0.000000,0.01775797,2026-03-22,2026-08-06,108,3621,2443,138,0.782609,1.360932,1.287360,0.679466,,,,,,,,GLOBAL_BASELINE_NO_ENTITY_RANKING,,,NOT_APPLICABLE_GLOBAL_BASELINE,HF9g-P5,,,,X 全窗基线 · 不参与实体赏罚,14199665,1420,A168_HF9F_20260827_0900,2026-08-27 09:00:00
2026-07-01,57024343,2246,0,1281.1752647763,384.3525794329,384.3525794329,0.6666667,3,3,0.50665070000000000,0.506650700000,0.5543606114942035,0.5543606114942035,0.5543606114942035,0E-17,ELIGIBLE,R03b_20260811_FULL_v1,L1_ELIGIBILITY,v2026-08-11,2026-03-21..2026-08-06,baccarat_bet02_101_all_pairs_incl_sentinel,round_win = game_pnl > 0 (decisive only),COMPATIBILITY_ONLY_NOT_PRODUCTION,4059548.3812,3680416.6879,6656.9809,9707,9692,-0.00163983,0.01249836,-0.00525961,-0.00163983,-6656.9809,4059548.3812,OK,0.0000,266.2792,4.0000,96.0000,AG03-UNRESOLVED,ALL5_LEVELS_bet23_to_bet27,266.2792,266.2792,266.2792,0.0000,0.0000,4.000000,4.000000,4.000000,0.000000,0.000000,96.000000,96.000000,96.000000,100.000000,100.000000,5.0,798.8377,767.3102,5858.1432,5889.6706,PENDING_AG03,FALSE,NOT_FOR_ENFORCEMENT,6390.7016,3533200.0204,6656.9809,6390.7016,266.2792,0.00163983,0.00157424,266.2792,6390.7016,0.00157424,266.2792,266.2792,266.2792,0.0000,0.0000,6390.7016,0.00157424,798.8377,767.3102,5858.1432,5889.6706,0.00144305,0.00145082,0.00006559,418.2083,379.7376,0.6869,61.6387,1.8384,37588.4109,89.7407,538.3845,395.5999,218.4789,430.6076,432.5446,432.5446,1046.441,1081.3617,427.0584,0.0,2.43015,2.511246,0.971205,30,216,96,2,0.20383968,0.00163983,-0.01249836,0E-8,0.000000,0.906607,0.000000,0.01775797,2026-03-22,2026-08-06,108,3621,2443,138,0.782609,1.360932,1.287360,0.679466,,,,,,,,GLOBAL_BASELINE_NO_ENTITY_RANKING,,,NOT_APPLICABLE_GLOBAL_BASELINE,HF9g-P5,,,,X 全窗基线 · 不参与实体赏罚,14199666,1420,A168_HF9F_20260827_0900,2026-08-27 09:00:00
2026-07-01,57024343,2252,0,1281.1752647763,-21.3529210796,-21.3529210796,0.5000000,3,3,0.50665070000000000,0.506650700000,-0.018812684590367487,-0.018812684590367487,-0.018812684590367487,0E-17,ELIGIBLE,R03b_20260811_FULL_v1,L1_ELIGIBILITY,v2026-08-11,2026-03-21..2026-08-06,baccarat_bet02_101_all_pairs_incl_sentinel,round_win = game_pnl > 0 (decisive only),COMPATIBILITY_ONLY_NOT_PRODUCTION,4059548.3812,3680416.6879,6656.9809,9707,9692,-0.00163983,0.01249836,-0.00525961,-0.00163983,-6656.9809,4059548.3812,OK,0.0000,266.2792,4.0000,96.0000,AG03-UNRESOLVED,ALL5_LEVELS_bet23_to_bet27,266.2792,266.2792,266.2792,0.0000,0.0000,4.000000,4.000000,4.000000,0.000000,0.000000,96.000000,96.000000,96.000000,100.000000,100.000000,5.0,798.8377,767.3102,5858.1432,5889.6706,PENDING_AG03,FALSE,NOT_FOR_ENFORCEMENT,6390.7016,3533200.0204,6656.9809,6390.7016,266.2792,0.00163983,0.00157424,266.2792,6390.7016,0.00157424,266.2792,266.2792,266.2792,0.0000,0.0000,6390.7016,0.00157424,798.8377,767.3102,5858.1432,5889.6706,0.00144305,0.00145082,0.00006559,418.2083,379.7376,0.6869,61.6387,1.8384,37588.4109,89.7407,538.3845,395.5999,218.4789,430.6076,432.5446,432.5446,1046.441,1081.3617,427.0584,0.0,2.43015,2.511246,0.971205,30,216,96,2,0.20383968,0.00163983,-0.01249836,0E-8,0.000000,0.906607,0.000000,0.01775797,2026-03-22,2026-08-06,108,3621,2443,138,0.782609,1.360932,1.287360,0.679466,,,,,,,,GLOBAL_BASELINE_NO_ENTITY_RANKING,,,NOT_APPLICABLE_GLOBAL_BASELINE,HF9g-P5,,,,X 全窗基线 · 不参与实体赏罚,14199667,1420,A168_HF9F_20260827_0900,2026-08-27 09:00:00
2026-07-01,57024343,2261,0,640.5876323881,-224.2056713359,-224.2056713359,0.5000000,2,2,0.50665070000000000,0.506650700000,-0.018812684590367487,-0.018812684590367487,-0.018812684590367487,0E-17,ELIGIBLE,R03b_20260811_FULL_v1,L1_ELIGIBILITY,v2026-08-11,2026-03-21..2026-08-06,baccarat_bet02_101_all_pairs_incl_sentinel,round_win = game_pnl > 0 (decisive only),COMPATIBILITY_ONLY_NOT_PRODUCTION,4059548.3812,3680416.6879,6656.9809,9707,9692,-0.00163983,0.01249836,-0.00525961,-0.00163983,-6656.9809,4059548.3812,OK,0.0000,266.2792,4.0000,96.0000,AG03-UNRESOLVED,ALL5_LEVELS_bet23_to_bet27,266.2792,266.2792,266.2792,0.0000,0.0000,4.000000,4.000000,4.000000,0.000000,0.000000,96.000000,96.000000,96.000000,100.000000,100.000000,5.0,798.8377,767.3102,5858.1432,5889.6706,PENDING_AG03,FALSE,NOT_FOR_ENFORCEMENT,6390.7016,3533200.0204,6656.9809,6390.7016,266.2792,0.00163983,0.00157424,266.2792,6390.7016,0.00157424,266.2792,266.2792,266.2792,0.0000,0.0000,6390.7016,0.00157424,798.8377,767.3102,5858.1432,5889.6706,0.00144305,0.00145082,0.00006559,418.2083,379.7376,0.6869,61.6387,1.8384,37588.4109,89.7407,538.3845,395.5999,218.4789,430.6076,432.5446,432.5446,1046.441,1081.3617,427.0584,0.0,2.43015,2.511246,0.971205,30,216,96,2,0.20383968,0.00163983,-0.01249836,0E-8,0.000000,0.906607,0.000000,0.01775797,2026-03-22,2026-08-06,108,3621,2443,138,0.782609,1.360932,1.287360,0.679466,,,,,,,,GLOBAL_BASELINE_NO_ENTITY_RANKING,,,NOT_APPLICABLE_GLOBAL_BASELINE,HF9g-P5,,,,X 全窗基线 · 不参与实体赏罚,14199668,1420,A168_HF9F_20260827_0900,2026-08-27 09:00:00
2026-07-01,57024343,2280,0,854.1168431842,-21.3529210796,-21.3529210796,0.5000000,2,2,0.50665070000000000,0.506650700000,-0.018812684590367487,-0.018812684590367487,-0.018812684590367487,0E-17,ELIGIBLE,R03b_20260811_FULL_v1,L1_ELIGIBILITY,v2026-08-11,2026-03-21..2026-08-06,baccarat_bet02_101_all_pairs_incl_sentinel,round_win = game_pnl > 0 (decisive only),COMPATIBILITY_ONLY_NOT_PRODUCTION,4059548.3812,3680416.6879,6656.9809,9707,9692,-0.00163983,0.01249836,-0.00525961,-0.00163983,-6656.9809,4059548.3812,OK,0.0000,266.2792,4.0000,96.0000,AG03-UNRESOLVED,ALL5_LEVELS_bet23_to_bet27,266.2792,266.2792,266.2792,0.0000,0.0000,4.000000,4.000000,4.000000,0.000000,0.000000,96.000000,96.000000,96.000000,100.000000,100.000000,5.0,798.8377,767.3102,5858.1432,5889.6706,PENDING_AG03,FALSE,NOT_FOR_ENFORCEMENT,6390.7016,3533200.0204,6656.9809,6390.7016,266.2792,0.00163983,0.00157424,266.2792,6390.7016,0.00157424,266.2792,266.2792,266.2792,0.0000,0.0000,6390.7016,0.00157424,798.8377,767.3102,5858.1432,5889.6706,0.00144305,0.00145082,0.00006559,418.2083,379.7376,0.6869,61.6387,1.8384,37588.4109,89.7407,538.3845,395.5999,218.4789,430.6076,432.5446,432.5446,1046.441,1081.3617,427.0584,0.0,2.43015,2.511246,0.971205,30,216,96,2,0.20383968,0.00163983,-0.01249836,0E-8,0.000000,0.906607,0.000000,0.01775797,2026-03-22,2026-08-06,108,3621,2443,138,0.782609,1.360932,1.287360,0.679466,,,,,,,,GLOBAL_BASELINE_NO_ENTITY_RANKING,,,NOT_APPLICABLE_GLOBAL_BASELINE,HF9g-P5,,,,X 全窗基线 · 不参与实体赏罚,14199669,1420,A168_HF9F_20260827_0900,2026-08-27 09:00:00
2026-07-01,57024343,2281,0,1494.7044755723,587.2053296891,587.2053296891,0.6666667,3,3,0.50665070000000000,0.506650700000,0.5543606114942035,0.5543606114942035,0.5543606114942035,0E-17,ELIGIBLE,R03b_20260811_FULL_v1,L1_ELIGIBILITY,v2026-08-11,2026-03-21..2026-08-06,baccarat_bet02_101_all_pairs_incl_sentinel,round_win = game_pnl > 0 (decisive only),COMPATIBILITY_ONLY_NOT_PRODUCTION,4059548.3812,3680416.6879,6656.9809,9707,9692,-0.00163983,0.01249836,-0.00525961,-0.00163983,-6656.9809,4059548.3812,OK,0.0000,266.2792,4.0000,96.0000,AG03-UNRESOLVED,ALL5_LEVELS_bet23_to_bet27,266.2792,266.2792,266.2792,0.0000,0.0000,4.000000,4.000000,4.000000,0.000000,0.000000,96.000000,96.000000,96.000000,100.000000,100.000000,5.0,798.8377,767.3102,5858.1432,5889.6706,PENDING_AG03,FALSE,NOT_FOR_ENFORCEMENT,6390.7016,3533200.0204,6656.9809,6390.7016,266.2792,0.00163983,0.00157424,266.2792,6390.7016,0.00157424,266.2792,266.2792,266.2792,0.0000,0.0000,6390.7016,0.00157424,798.8377,767.3102,5858.1432,5889.6706,0.00144305,0.00145082,0.00006559,418.2083,379.7376,0.6869,61.6387,1.8384,37588.4109,89.7407,538.3845,395.5999,218.4789,430.6076,432.5446,432.5446,1046.441,1081.3617,427.0584,0.0,2.43015,2.511246,0.971205,30,216,96,2,0.20383968,0.00163983,-0.01249836,0E-8,0.000000,0.906607,0.000000,0.01775797,2026-03-22,2026-08-06,108,3621,2443,138,0.782609,1.360932,1.287360,0.679466,,,,,,,,GLOBAL_BASELINE_NO_ENTITY_RANKING,,,NOT_APPLICABLE_GLOBAL_BASELINE,HF9g-P5,,,,X 全窗基线 · 不参与实体赏罚,14199670,1420,A168_HF9F_20260827_0900,2026-08-27 09:00:00
2026-07-01,57024343,526,0,854.1168431842,0E-10,0E-10,0.5000000,2,2,0.49994810000000000,0.499948100000,0.00014679536856514622,0.00014679536856514622,0.00014679536856514622,0E-17,ELIGIBLE,R03b_20260811_FULL_v1,L1_ELIGIBILITY,v2026-08-11,2026-03-21..2026-08-06,baccarat_bet02_101_all_pairs_incl_sentinel,round_win = game_pnl > 0 (decisive only),COMPATIBILITY_ONLY_NOT_PRODUCTION,4059548.3812,3680416.6879,6656.9809,9707,9692,-0.00163983,0.01249836,-0.00525961,-0.00163983,-6656.9809,4059548.3812,OK,0.0000,266.2792,4.0000,96.0000,AG03-UNRESOLVED,ALL5_LEVELS_bet23_to_bet27,266.2792,266.2792,266.2792,0.0000,0.0000,4.000000,4.000000,4.000000,0.000000,0.000000,96.000000,96.000000,96.000000,100.000000,100.000000,5.0,798.8377,767.3102,5858.1432,5889.6706,PENDING_AG03,FALSE,NOT_FOR_ENFORCEMENT,6390.7016,3533200.0204,6656.9809,6390.7016,266.2792,0.00163983,0.00157424,266.2792,6390.7016,0.00157424,266.2792,266.2792,266.2792,0.0000,0.0000,6390.7016,0.00157424,798.8377,767.3102,5858.1432,5889.6706,0.00144305,0.00145082,0.00006559,418.2083,379.7376,0.6869,61.6387,1.8384,37588.4109,89.7407,538.3845,395.5999,218.4789,430.6076,432.5446,432.5446,1046.441,1081.3617,427.0584,0.0,2.43015,2.511246,0.971205,30,216,96,2,0.20383968,0.00163983,-0.01249836,0E-8,0.000000,0.906607,0.000000,0.01775797,2026-03-22,2026-08-06,108,3621,2443,138,0.782609,1.360932,1.287360,0.679466,,,,,,,,GLOBAL_BASELINE_NO_ENTITY_RANKING,,,NOT_APPLICABLE_GLOBAL_BASELINE,HF9g-P5,,,,X 全窗基线 · 不参与实体赏罚,14199671,1420,A168_HF9F_20260827_0900,2026-08-27 09:00:00
2026-07-01,57024343,595,0,1494.7044755723,-245.5585924155,-245.5585924155,0.5000000,4,4,0.50665070000000000,0.506650700000,-0.02660515369234503,-0.02660515369234503,-0.02660515369234503,0E-17,ELIGIBLE,R03b_20260811_FULL_v1,L1_ELIGIBILITY,v2026-08-11,2026-03-21..2026-08-06,baccarat_bet02_101_all_pairs_incl_sentinel,round_win = game_pnl > 0 (decisive only),COMPATIBILITY_ONLY_NOT_PRODUCTION,4059548.3812,3680416.6879,6656.9809,9707,9692,-0.00163983,0.01249836,-0.00525961,-0.00163983,-6656.9809,4059548.3812,OK,0.0000,266.2792,4.0000,96.0000,AG03-UNRESOLVED,ALL5_LEVELS_bet23_to_bet27,266.2792,266.2792,266.2792,0.0000,0.0000,4.000000,4.000000,4.000000,0.000000,0.000000,96.000000,96.000000,96.000000,100.000000,100.000000,5.0,798.8377,767.3102,5858.1432,5889.6706,PENDING_AG03,FALSE,NOT_FOR_ENFORCEMENT,6390.7016,3533200.0204,6656.9809,6390.7016,266.2792,0.00163983,0.00157424,266.2792,6390.7016,0.00157424,266.2792,266.2792,266.2792,0.0000,0.0000,6390.7016,0.00157424,798.8377,767.3102,5858.1432,5889.6706,0.00144305,0.00145082,0.00006559,418.2083,379.7376,0.6869,61.6387,1.8384,37588.4109,89.7407,538.3845,395.5999,218.4789,430.6076,432.5446,432.5446,1046.441,1081.3617,427.0584,0.0,2.43015,2.511246,0.971205,30,216,96,2,0.20383968,0.00163983,-0.01249836,0E-8,0.000000,0.906607,0.000000,0.01775797,2026-03-22,2026-08-06,108,3621,2443,138,0.782609,1.360932,1.287360,0.679466,,,,,,,,GLOBAL_BASELINE_NO_ENTITY_RANKING,,,NOT_APPLICABLE_GLOBAL_BASELINE,HF9g-P5,,,,X 全窗基线 · 不参与实体赏罚,14199672,1420,A168_HF9F_20260827_0900,2026-08-27 09:00:00
2026-07-01,57024343,763,0,427.0584215921,-427.0584215921,-427.0584215921,0E-7,1,1,0.50665070000000000,0.506650700000,-1.013391052207602,-1.013391052207602,-1.013391052207602,0E-17,ELIGIBLE,R03b_20260811_FULL_v1,L1_ELIGIBILITY,v2026-08-11,2026-03-21..2026-08-06,baccarat_bet02_101_all_pairs_incl_sentinel,round_win = game_pnl > 0 (decisive only),COMPATIBILITY_ONLY_NOT_PRODUCTION,4059548.3812,3680416.6879,6656.9809,9707,9692,-0.00163983,0.01249836,-0.00525961,-0.00163983,-6656.9809,4059548.3812,OK,0.0000,266.2792,4.0000,96.0000,AG03-UNRESOLVED,ALL5_LEVELS_bet23_to_bet27,266.2792,266.2792,266.2792,0.0000,0.0000,4.000000,4.000000,4.000000,0.000000,0.000000,96.000000,96.000000,96.000000,100.000000,100.000000,5.0,798.8377,767.3102,5858.1432,5889.6706,PENDING_AG03,FALSE,NOT_FOR_ENFORCEMENT,6390.7016,3533200.0204,6656.9809,6390.7016,266.2792,0.00163983,0.00157424,266.2792,6390.7016,0.00157424,266.2792,266.2792,266.2792,0.0000,0.0000,6390.7016,0.00157424,798.8377,767.3102,5858.1432,5889.6706,0.00144305,0.00145082,0.00006559,418.2083,379.7376,0.6869,61.6387,1.8384,37588.4109,89.7407,538.3845,395.5999,218.4789,430.6076,432.5446,432.5446,1046.441,1081.3617,427.0584,0.0,2.43015,2.511246,0.971205,30,216,96,2,0.20383968,0.00163983,-0.01249836,0E-8,0.000000,0.906607,0.000000,0.01775797,2026-03-22,2026-08-06,108,3621,2443,138,0.782609,1.360932,1.287360,0.679466,,,,,,,,GLOBAL_BASELINE_NO_ENTITY_RANKING,,,NOT_APPLICABLE_GLOBAL_BASELINE,HF9g-P5,,,,X 全窗基线 · 不参与实体赏罚,14199673,1420,A168_HF9F_20260827_0900,2026-08-27 09:00:00
2026-07-01,57024343,789,0,427.0584215921,405.7055005125,405.7055005125,1.0000000,1,1,0.50665070000000000,0.506650700000,0.9867858985152569,0.9867858985152569,0.9867858985152569,0E-17,ELIGIBLE,R03b_20260811_FULL_v1,L1_ELIGIBILITY,v2026-08-11,2026-03-21..2026-08-06,baccarat_bet02_101_all_pairs_incl_sentinel,round_win = game_pnl > 0 (decisive only),COMPATIBILITY_ONLY_NOT_PRODUCTION,4059548.3812,3680416.6879,6656.9809,9707,9692,-0.00163983,0.01249836,-0.00525961,-0.00163983,-6656.9809,4059548.3812,OK,0.0000,266.2792,4.0000,96.0000,AG03-UNRESOLVED,ALL5_LEVELS_bet23_to_bet27,266.2792,266.2792,266.2792,0.0000,0.0000,4.000000,4.000000,4.000000,0.000000,0.000000,96.000000,96.000000,96.000000,100.000000,100.000000,5.0,798.8377,767.3102,5858.1432,5889.6706,PENDING_AG03,FALSE,NOT_FOR_ENFORCEMENT,6390.7016,3533200.0204,6656.9809,6390.7016,266.2792,0.00163983,0.00157424,266.2792,6390.7016,0.00157424,266.2792,266.2792,266.2792,0.0000,0.0000,6390.7016,0.00157424,798.8377,767.3102,5858.1432,5889.6706,0.00144305,0.00145082,0.00006559,418.2083,379.7376,0.6869,61.6387,1.8384,37588.4109,89.7407,538.3845,395.5999,218.4789,430.6076,432.5446,432.5446,1046.441,1081.3617,427.0584,0.0,2.43015,2.511246,0.971205,30,216,96,2,0.20383968,0.00163983,-0.01249836,0E-8,0.000000,0.906607,0.000000,0.01775797,2026-03-22,2026-08-06,108,3621,2443,138,0.782609,1.360932,1.287360,0.679466,,,,,,,,GLOBAL_BASELINE_NO_ENTITY_RANKING,,,NOT_APPLICABLE_GLOBAL_BASELINE,HF9g-P5,,,,X 全窗基线 · 不参与实体赏罚,14199674,1420,A168_HF9F_20260827_0900,2026-08-27 09:00:00
2026-07-01,57024343,925,0,854.1168431842,-854.1168431842,-854.1168431842,0E-7,2,2,0.50665070000000000,0.506650700000,-1.4331513700195317,-1.4331513700195317,-1.4331513700195317,0E-17,ELIGIBLE,R03b_20260811_FULL_v1,L1_ELIGIBILITY,v2026-08-11,2026-03-21..2026-08-06,baccarat_bet02_101_all_pairs_incl_sentinel,round_win = game_pnl > 0 (decisive only),COMPATIBILITY_ONLY_NOT_PRODUCTION,4059548.3812,3680416.6879,6656.9809,9707,9692,-0.00163983,0.01249836,-0.00525961,-0.00163983,-6656.9809,4059548.3812,OK,0.0000,266.2792,4.0000,96.0000,AG03-UNRESOLVED,ALL5_LEVELS_bet23_to_bet27,266.2792,266.2792,266.2792,0.0000,0.0000,4.000000,4.000000,4.000000,0.000000,0.000000,96.000000,96.000000,96.000000,100.000000,100.000000,5.0,798.8377,767.3102,5858.1432,5889.6706,PENDING_AG03,FALSE,NOT_FOR_ENFORCEMENT,6390.7016,3533200.0204,6656.9809,6390.7016,266.2792,0.00163983,0.00157424,266.2792,6390.7016,0.00157424,266.2792,266.2792,266.2792,0.0000,0.0000,6390.7016,0.00157424,798.8377,767.3102,5858.1432,5889.6706,0.00144305,0.00145082,0.00006559,418.2083,379.7376,0.6869,61.6387,1.8384,37588.4109,89.7407,538.3845,395.5999,218.4789,430.6076,432.5446,432.5446,1046.441,1081.3617,427.0584,0.0,2.43015,2.511246,0.971205,30,216,96,2,0.20383968,0.00163983,-0.01249836,0E-8,0.000000,0.906607,0.000000,0.01775797,2026-03-22,2026-08-06,108,3621,2443,138,0.782609,1.360932,1.287360,0.679466,,,,,,,,GLOBAL_BASELINE_NO_ENTITY_RANKING,,,NOT_APPLICABLE_GLOBAL_BASELINE,HF9g-P5,,,,X 全窗基线 · 不参与实体赏罚,14199675,1420,A168_HF9F_20260827_0900,2026-08-27 09:00:00
2026-07-01,57024343,989,0,1281.1752647763,-21.3529210796,-21.3529210796,0.5000000,3,3,0.50665070000000000,0.506650700000,-0.018812684590367487,-0.018812684590367487,-0.018812684590367487,0E-17,ELIGIBLE,R03b_20260811_FULL_v1,L1_ELIGIBILITY,v2026-08-11,2026-03-21..2026-08-06,baccarat_bet02_101_all_pairs_incl_sentinel,round_win = game_pnl > 0 (decisive only),COMPATIBILITY_ONLY_NOT_PRODUCTION,4059548.3812,3680416.6879,6656.9809,9707,9692,-0.00163983,0.01249836,-0.00525961,-0.00163983,-6656.9809,4059548.3812,OK,0.0000,266.2792,4.0000,96.0000,AG03-UNRESOLVED,ALL5_LEVELS_bet23_to_bet27,266.2792,266.2792,266.2792,0.0000,0.0000,4.000000,4.000000,4.000000,0.000000,0.000000,96.000000,96.000000,96.000000,100.000000,100.000000,5.0,798.8377,767.3102,5858.1432,5889.6706,PENDING_AG03,FALSE,NOT_FOR_ENFORCEMENT,6390.7016,3533200.0204,6656.9809,6390.7016,266.2792,0.00163983,0.00157424,266.2792,6390.7016,0.00157424,266.2792,266.2792,266.2792,0.0000,0.0000,6390.7016,0.00157424,798.8377,767.3102,5858.1432,5889.6706,0.00144305,0.00145082,0.00006559,418.2083,379.7376,0.6869,61.6387,1.8384,37588.4109,89.7407,538.3845,395.5999,218.4789,430.6076,432.5446,432.5446,1046.441,1081.3617,427.0584,0.0,2.43015,2.511246,0.971205,30,216,96,2,0.20383968,0.00163983,-0.01249836,0E-8,0.000000,0.906607,0.000000,0.01775797,2026-03-22,2026-08-06,108,3621,2443,138,0.782609,1.360932,1.287360,0.679466,,,,,,,,GLOBAL_BASELINE_NO_ENTITY_RANKING,,,NOT_APPLICABLE_GLOBAL_BASELINE,HF9g-P5,,,,X 全窗基线 · 不参与实体赏罚,14199676,1420,A168_HF9F_20260827_0900,2026-08-27 09:00:00
2026-07-02,57024343,-1,1,9395.2852750260,-597.8817902288,-597.8817902288,0.5000000,20,20,0.50598044000000000,0.505980440000,-0.0478469426776346,-0.0478469426776346,-0.0478469426776346,0E-17,SENTINEL_DEALER,R03b_20260811_FULL_v1,L1_ELIGIBILITY,v2026-08-11,2026-03-21..2026-08-06,baccarat_bet02_101_all_pairs_incl_sentinel,round_win = game_pnl > 0 (decisive only),COMPATIBILITY_ONLY_NOT_PRODUCTION,4059548.3812,3680416.6879,6656.9809,9707,9692,-0.00163983,0.01249836,-0.00525961,-0.00163983,-6656.9809,4059548.3812,OK,0.0000,266.2792,4.0000,96.0000,AG03-UNRESOLVED,ALL5_LEVELS_bet23_to_bet27,266.2792,266.2792,266.2792,0.0000,0.0000,4.000000,4.000000,4.000000,0.000000,0.000000,96.000000,96.000000,96.000000,100.000000,100.000000,5.0,798.8377,767.3102,5858.1432,5889.6706,PENDING_AG03,FALSE,NOT_FOR_ENFORCEMENT,6390.7016,3533200.0204,6656.9809,6390.7016,266.2792,0.00163983,0.00157424,266.2792,6390.7016,0.00157424,266.2792,266.2792,266.2792,0.0000,0.0000,6390.7016,0.00157424,798.8377,767.3102,5858.1432,5889.6706,0.00144305,0.00145082,0.00006559,418.2083,379.7376,0.6869,61.6387,1.8384,37588.4109,89.7407,538.3845,395.5999,218.4789,430.6076,432.5446,432.5446,1046.441,1081.3617,427.0584,0.0,2.43015,2.511246,0.971205,30,216,96,2,0.20383968,0.00163983,-0.01249836,0E-8,0.000000,0.906607,0.000000,0.01775797,2026-03-22,2026-08-06,108,3621,2443,138,0.782609,1.360932,1.287360,0.679466,,,,,,,,GLOBAL_BASELINE_NO_ENTITY_RANKING,,,NOT_APPLICABLE_GLOBAL_BASELINE,HF9g-P5,,,,X 全窗基线 · 不参与实体赏罚,14199677,1420,A168_HF9F_20260827_0900,2026-08-27 09:00:00
2026-07-02,57024343,1078,0,1494.7044755723,-1494.7044755723,-1494.7044755723,0E-7,3,3,0.50665070000000000,0.506650700000,-1.7552447903592512,-1.7552447903592512,-1.7552447903592512,0E-17,ELIGIBLE,R03b_20260811_FULL_v1,L1_ELIGIBILITY,v2026-08-11,2026-03-21..2026-08-06,baccarat_bet02_101_all_pairs_incl_sentinel,round_win = game_pnl > 0 (decisive only),COMPATIBILITY_ONLY_NOT_PRODUCTION,4059548.3812,3680416.6879,6656.9809,9707,9692,-0.00163983,0.01249836,-0.00525961,-0.00163983,-6656.9809,4059548.3812,OK,0.0000,266.2792,4.0000,96.0000,AG03-UNRESOLVED,ALL5_LEVELS_bet23_to_bet27,266.2792,266.2792,266.2792,0.0000,0.0000,4.000000,4.000000,4.000000,0.000000,0.000000,96.000000,96.000000,96.000000,100.000000,100.000000,5.0,798.8377,767.3102,5858.1432,5889.6706,PENDING_AG03,FALSE,NOT_FOR_ENFORCEMENT,6390.7016,3533200.0204,6656.9809,6390.7016,266.2792,0.00163983,0.00157424,266.2792,6390.7016,0.00157424,266.2792,266.2792,266.2792,0.0000,0.0000,6390.7016,0.00157424,798.8377,767.3102,5858.1432,5889.6706,0.00144305,0.00145082,0.00006559,418.2083,379.7376,0.6869,61.6387,1.8384,37588.4109,89.7407,538.3845,395.5999,218.4789,430.6076,432.5446,432.5446,1046.441,1081.3617,427.0584,0.0,2.43015,2.511246,0.971205,30,216,96,2,0.20383968,0.00163983,-0.01249836,0E-8,0.000000,0.906607,0.000000,0.01775797,2026-03-22,2026-08-06,108,3621,2443,138,0.782609,1.360932,1.287360,0.679466,,,,,,,,GLOBAL_BASELINE_NO_ENTITY_RANKING,,,NOT_APPLICABLE_GLOBAL_BASELINE,HF9g-P5,,,,X 全窗基线 · 不参与实体赏罚,14199678,1420,A168_HF9F_20260827_0900,2026-08-27 09:00:00
2026-07-02,57024343,1115,0,854.1168431842,-21.3529210796,-21.3529210796,0.5000000,2,2,0.50665070000000000,0.506650700000,-0.018812684590367487,-0.018812684590367487,-0.018812684590367487,0E-17,ELIGIBLE,R03b_20260811_FULL_v1,L1_ELIGIBILITY,v2026-08-11,2026-03-21..2026-08-06,baccarat_bet02_101_all_pairs_incl_sentinel,round_win = game_pnl > 0 (decisive only),COMPATIBILITY_ONLY_NOT_PRODUCTION,4059548.3812,3680416.6879,6656.9809,9707,9692,-0.00163983,0.01249836,-0.00525961,-0.00163983,-6656.9809,4059548.3812,OK,0.0000,266.2792,4.0000,96.0000,AG03-UNRESOLVED,ALL5_LEVELS_bet23_to_bet27,266.2792,266.2792,266.2792,0.0000,0.0000,4.000000,4.000000,4.000000,0.000000,0.000000,96.000000,96.000000,96.000000,100.000000,100.000000,5.0,798.8377,767.3102,5858.1432,5889.6706,PENDING_AG03,FALSE,NOT_FOR_ENFORCEMENT,6390.7016,3533200.0204,6656.9809,6390.7016,266.2792,0.00163983,0.00157424,266.2792,6390.7016,0.00157424,266.2792,266.2792,266.2792,0.0000,0.0000,6390.7016,0.00157424,798.8377,767.3102,5858.1432,5889.6706,0.00144305,0.00145082,0.00006559,418.2083,379.7376,0.6869,61.6387,1.8384,37588.4109,89.7407,538.3845,395.5999,218.4789,430.6076,432.5446,432.5446,1046.441,1081.3617,427.0584,0.0,2.43015,2.511246,0.971205,30,216,96,2,0.20383968,0.00163983,-0.01249836,0E-8,0.000000,0.906607,0.000000,0.01775797,2026-03-22,2026-08-06,108,3621,2443,138,0.782609,1.360932,1.287360,0.679466,,,,,,,,GLOBAL_BASELINE_NO_ENTITY_RANKING,,,NOT_APPLICABLE_GLOBAL_BASELINE,HF9g-P5,,,,X 全窗基线 · 不参与实体赏罚,14199679,1420,A168_HF9F_20260827_0900,2026-08-27 09:00:00
2026-07-02,57024343,1129,0,854.1168431842,811.4110010250,811.4110010250,1.0000000,2,2,0.50665070000000000,0.506650700000,1.3955260008387969,1.3955260008387969,1.3955260008387969,0E-17,ELIGIBLE,R03b_20260811_FULL_v1,L1_ELIGIBILITY,v2026-08-11,2026-03-21..2026-08-06,baccarat_bet02_101_all_pairs_incl_sentinel,round_win = game_pnl > 0 (decisive only),COMPATIBILITY_ONLY_NOT_PRODUCTION,4059548.3812,3680416.6879,6656.9809,9707,9692,-0.00163983,0.01249836,-0.00525961,-0.00163983,-6656.9809,4059548.3812,OK,0.0000,266.2792,4.0000,96.0000,AG03-UNRESOLVED,ALL5_LEVELS_bet23_to_bet27,266.2792,266.2792,266.2792,0.0000,0.0000,4.000000,4.000000,4.000000,0.000000,0.000000,96.000000,96.000000,96.000000,100.000000,100.000000,5.0,798.8377,767.3102,5858.1432,5889.6706,PENDING_AG03,FALSE,NOT_FOR_ENFORCEMENT,6390.7016,3533200.0204,6656.9809,6390.7016,266.2792,0.00163983,0.00157424,266.2792,6390.7016,0.00157424,266.2792,266.2792,266.2792,0.0000,0.0000,6390.7016,0.00157424,798.8377,767.3102,5858.1432,5889.6706,0.00144305,0.00145082,0.00006559,418.2083,379.7376,0.6869,61.6387,1.8384,37588.4109,89.7407,538.3845,395.5999,218.4789,430.6076,432.5446,432.5446,1046.441,1081.3617,427.0584,0.0,2.43015,2.511246,0.971205,30,216,96,2,0.20383968,0.00163983,-0.01249836,0E-8,0.000000,0.906607,0.000000,0.01775797,2026-03-22,2026-08-06,108,3621,2443,138,0.782609,1.360932,1.287360,0.679466,,,,,,,,GLOBAL_BASELINE_NO_ENTITY_RANKING,,,NOT_APPLICABLE_GLOBAL_BASELINE,HF9g-P5,,,,X 全窗基线 · 不参与实体赏罚,14199680,1420,A168_HF9F_20260827_0900,2026-08-27 09:00:00
2026-07-02,57024343,1304,0,427.0584215921,0E-10,0E-10,,1,1,0.49324550000000000,0.493245500000,,,,0E-17,NO_DECISIVE_ROUND,R03b_20260811_FULL_v1,L1_ELIGIBILITY,v2026-08-11,2026-03-21..2026-08-06,baccarat_bet02_101_all_pairs_incl_sentinel,round_win = game_pnl > 0 (decisive only),COMPATIBILITY_ONLY_NOT_PRODUCTION,4059548.3812,3680416.6879,6656.9809,9707,9692,-0.00163983,0.01249836,-0.00525961,-0.00163983,-6656.9809,4059548.3812,OK,0.0000,266.2792,4.0000,96.0000,AG03-UNRESOLVED,ALL5_LEVELS_bet23_to_bet27,266.2792,266.2792,266.2792,0.0000,0.0000,4.000000,4.000000,4.000000,0.000000,0.000000,96.000000,96.000000,96.000000,100.000000,100.000000,5.0,798.8377,767.3102,5858.1432,5889.6706,PENDING_AG03,FALSE,NOT_FOR_ENFORCEMENT,6390.7016,3533200.0204,6656.9809,6390.7016,266.2792,0.00163983,0.00157424,266.2792,6390.7016,0.00157424,266.2792,266.2792,266.2792,0.0000,0.0000,6390.7016,0.00157424,798.8377,767.3102,5858.1432,5889.6706,0.00144305,0.00145082,0.00006559,418.2083,379.7376,0.6869,61.6387,1.8384,37588.4109,89.7407,538.3845,395.5999,218.4789,430.6076,432.5446,432.5446,1046.441,1081.3617,427.0584,0.0,2.43015,2.511246,0.971205,30,216,96,2,0.20383968,0.00163983,-0.01249836,0E-8,0.000000,0.906607,0.000000,0.01775797,2026-03-22,2026-08-06,108,3621,2443,138,0.782609,1.360932,1.287360,0.679466,,,,,,,,GLOBAL_BASELINE_NO_ENTITY_RANKING,,,NOT_APPLICABLE_GLOBAL_BASELINE,HF9g-P5,,,,X 全窗基线 · 不参与实体赏罚,14199681,1420,A168_HF9F_20260827_0900,2026-08-27 09:00:00
2026-07-02,57024343,1330,0,1281.1752647763,-1281.1752647763,-1281.1752647763,0E-7,3,3,0.50665070000000000,0.506650700000,-1.7552447903592512,-1.7552447903592512,-1.7552447903592512,0E-17,ELIGIBLE,R03b_20260811_FULL_v1,L1_ELIGIBILITY,v2026-08-11,2026-03-21..2026-08-06,baccarat_bet02_101_all_pairs_incl_sentinel,round_win = game_pnl > 0 (decisive only),COMPATIBILITY_ONLY_NOT_PRODUCTION,4059548.3812,3680416.6879,6656.9809,9707,9692,-0.00163983,0.01249836,-0.00525961,-0.00163983,-6656.9809,4059548.3812,OK,0.0000,266.2792,4.0000,96.0000,AG03-UNRESOLVED,ALL5_LEVELS_bet23_to_bet27,266.2792,266.2792,266.2792,0.0000,0.0000,4.000000,4.000000,4.000000,0.000000,0.000000,96.000000,96.000000,96.000000,100.000000,100.000000,5.0,798.8377,767.3102,5858.1432,5889.6706,PENDING_AG03,FALSE,NOT_FOR_ENFORCEMENT,6390.7016,3533200.0204,6656.9809,6390.7016,266.2792,0.00163983,0.00157424,266.2792,6390.7016,0.00157424,266.2792,266.2792,266.2792,0.0000,0.0000,6390.7016,0.00157424,798.8377,767.3102,5858.1432,5889.6706,0.00144305,0.00145082,0.00006559,418.2083,379.7376,0.6869,61.6387,1.8384,37588.4109,89.7407,538.3845,395.5999,218.4789,430.6076,432.5446,432.5446,1046.441,1081.3617,427.0584,0.0,2.43015,2.511246,0.971205,30,216,96,2,0.20383968,0.00163983,-0.01249836,0E-8,0.000000,0.906607,0.000000,0.01775797,2026-03-22,2026-08-06,108,3621,2443,138,0.782609,1.360932,1.287360,0.679466,,,,,,,,GLOBAL_BASELINE_NO_ENTITY_RANKING,,,NOT_APPLICABLE_GLOBAL_BASELINE,HF9g-P5,,,,X 全窗基线 · 不参与实体赏罚,14199682,1420,A168_HF9F_20260827_0900,2026-08-27 09:00:00
2026-07-02,57024343,1507,0,854.1168431842,-854.1168431842,-854.1168431842,0E-7,2,2,0.50665070000000000,0.506650700000,-1.4331513700195317,-1.4331513700195317,-1.4331513700195317,0E-17,ELIGIBLE,R03b_20260811_FULL_v1,L1_ELIGIBILITY,v2026-08-11,2026-03-21..2026-08-06,baccarat_bet02_101_all_pairs_incl_sentinel,round_win = game_pnl > 0 (decisive only),COMPATIBILITY_ONLY_NOT_PRODUCTION,4059548.3812,3680416.6879,6656.9809,9707,9692,-0.00163983,0.01249836,-0.00525961,-0.00163983,-6656.9809,4059548.3812,OK,0.0000,266.2792,4.0000,96.0000,AG03-UNRESOLVED,ALL5_LEVELS_bet23_to_bet27,266.2792,266.2792,266.2792,0.0000,0.0000,4.000000,4.000000,4.000000,0.000000,0.000000,96.000000,96.000000,96.000000,100.000000,100.000000,5.0,798.8377,767.3102,5858.1432,5889.6706,PENDING_AG03,FALSE,NOT_FOR_ENFORCEMENT,6390.7016,3533200.0204,6656.9809,6390.7016,266.2792,0.00163983,0.00157424,266.2792,6390.7016,0.00157424,266.2792,266.2792,266.2792,0.0000,0.0000,6390.7016,0.00157424,798.8377,767.3102,5858.1432,5889.6706,0.00144305,0.00145082,0.00006559,418.2083,379.7376,0.6869,61.6387,1.8384,37588.4109,89.7407,538.3845,395.5999,218.4789,430.6076,432.5446,432.5446,1046.441,1081.3617,427.0584,0.0,2.43015,2.511246,0.971205,30,216,96,2,0.20383968,0.00163983,-0.01249836,0E-8,0.000000,0.906607,0.000000,0.01775797,2026-03-22,2026-08-06,108,3621,2443,138,0.782609,1.360932,1.287360,0.679466,,,,,,,,GLOBAL_BASELINE_NO_ENTITY_RANKING,,,NOT_APPLICABLE_GLOBAL_BASELINE,HF9g-P5,,,,X 全窗基线 · 不参与实体赏罚,14199683,1420,A168_HF9F_20260827_0900,2026-08-27 09:00:00
2026-07-02,57024343,1966,0,1281.1752647763,384.3525794329,384.3525794329,0.6666667,3,3,0.50665070000000000,0.506650700000,0.5543606114942035,0.5543606114942035,0.5543606114942035,0E-17,ELIGIBLE,R03b_20260811_FULL_v1,L1_ELIGIBILITY,v2026-08-11,2026-03-21..2026-08-06,baccarat_bet02_101_all_pairs_incl_sentinel,round_win = game_pnl > 0 (decisive only),COMPATIBILITY_ONLY_NOT_PRODUCTION,4059548.3812,3680416.6879,6656.9809,9707,9692,-0.00163983,0.01249836,-0.00525961,-0.00163983,-6656.9809,4059548.3812,OK,0.0000,266.2792,4.0000,96.0000,AG03-UNRESOLVED,ALL5_LEVELS_bet23_to_bet27,266.2792,266.2792,266.2792,0.0000,0.0000,4.000000,4.000000,4.000000,0.000000,0.000000,96.000000,96.000000,96.000000,100.000000,100.000000,5.0,798.8377,767.3102,5858.1432,5889.6706,PENDING_AG03,FALSE,NOT_FOR_ENFORCEMENT,6390.7016,3533200.0204,6656.9809,6390.7016,266.2792,0.00163983,0.00157424,266.2792,6390.7016,0.00157424,266.2792,266.2792,266.2792,0.0000,0.0000,6390.7016,0.00157424,798.8377,767.3102,5858.1432,5889.6706,0.00144305,0.00145082,0.00006559,418.2083,379.7376,0.6869,61.6387,1.8384,37588.4109,89.7407,538.3845,395.5999,218.4789,430.6076,432.5446,432.5446,1046.441,1081.3617,427.0584,0.0,2.43015,2.511246,0.971205,30,216,96,2,0.20383968,0.00163983,-0.01249836,0E-8,0.000000,0.906607,0.000000,0.01775797,2026-03-22,2026-08-06,108,3621,2443,138,0.782609,1.360932,1.287360,0.679466,,,,,,,,GLOBAL_BASELINE_NO_ENTITY_RANKING,,,NOT_APPLICABLE_GLOBAL_BASELINE,HF9g-P5,,,,X 全窗基线 · 不参与实体赏罚,14199684,1420,A168_HF9F_20260827_0900,2026-08-27 09:00:00
2026-07-02,57024343,1994,0,2562.3505295525,-1078.3225145201,-1078.3225145201,0.2500000,5,5,0.50665070000000000,0.506650700000,-1.0266936290537745,-1.0266936290537745,-1.0266936290537745,0E-17,ELIGIBLE,R03b_20260811_FULL_v1,L1_ELIGIBILITY,v2026-08-11,2026-03-21..2026-08-06,baccarat_bet02_101_all_pairs_incl_sentinel,round_win = game_pnl > 0 (decisive only),COMPATIBILITY_ONLY_NOT_PRODUCTION,4059548.3812,3680416.6879,6656.9809,9707,9692,-0.00163983,0.01249836,-0.00525961,-0.00163983,-6656.9809,4059548.3812,OK,0.0000,266.2792,4.0000,96.0000,AG03-UNRESOLVED,ALL5_LEVELS_bet23_to_bet27,266.2792,266.2792,266.2792,0.0000,0.0000,4.000000,4.000000,4.000000,0.000000,0.000000,96.000000,96.000000,96.000000,100.000000,100.000000,5.0,798.8377,767.3102,5858.1432,5889.6706,PENDING_AG03,FALSE,NOT_FOR_ENFORCEMENT,6390.7016,3533200.0204,6656.9809,6390.7016,266.2792,0.00163983,0.00157424,266.2792,6390.7016,0.00157424,266.2792,266.2792,266.2792,0.0000,0.0000,6390.7016,0.00157424,798.8377,767.3102,5858.1432,5889.6706,0.00144305,0.00145082,0.00006559,418.2083,379.7376,0.6869,61.6387,1.8384,37588.4109,89.7407,538.3845,395.5999,218.4789,430.6076,432.5446,432.5446,1046.441,1081.3617,427.0584,0.0,2.43015,2.511246,0.971205,30,216,96,2,0.20383968,0.00163983,-0.01249836,0E-8,0.000000,0.906607,0.000000,0.01775797,2026-03-22,2026-08-06,108,3621,2443,138,0.782609,1.360932,1.287360,0.679466,,,,,,,,GLOBAL_BASELINE_NO_ENTITY_RANKING,,,NOT_APPLICABLE_GLOBAL_BASELINE,HF9g-P5,,,,X 全窗基线 · 不参与实体赏罚,14199685,1420,A168_HF9F_20260827_0900,2026-08-27 09:00:00
2026-07-02,57024343,2117,0,1281.1752647763,-1281.1752647763,-1281.1752647763,0E-7,3,3,0.50665070000000000,0.506650700000,-1.7552447903592512,-1.7552447903592512,-1.7552447903592512,0E-17,ELIGIBLE,R03b_20260811_FULL_v1,L1_ELIGIBILITY,v2026-08-11,2026-03-21..2026-08-06,baccarat_bet02_101_all_pairs_incl_sentinel,round_win = game_pnl > 0 (decisive only),COMPATIBILITY_ONLY_NOT_PRODUCTION,4059548.3812,3680416.6879,6656.9809,9707,9692,-0.00163983,0.01249836,-0.00525961,-0.00163983,-6656.9809,4059548.3812,OK,0.0000,266.2792,4.0000,96.0000,AG03-UNRESOLVED,ALL5_LEVELS_bet23_to_bet27,266.2792,266.2792,266.2792,0.0000,0.0000,4.000000,4.000000,4.000000,0.000000,0.000000,96.000000,96.000000,96.000000,100.000000,100.000000,5.0,798.8377,767.3102,5858.1432,5889.6706,PENDING_AG03,FALSE,NOT_FOR_ENFORCEMENT,6390.7016,3533200.0204,6656.9809,6390.7016,266.2792,0.00163983,0.00157424,266.2792,6390.7016,0.00157424,266.2792,266.2792,266.2792,0.0000,0.0000,6390.7016,0.00157424,798.8377,767.3102,5858.1432,5889.6706,0.00144305,0.00145082,0.00006559,418.2083,379.7376,0.6869,61.6387,1.8384,37588.4109,89.7407,538.3845,395.5999,218.4789,430.6076,432.5446,432.5446,1046.441,1081.3617,427.0584,0.0,2.43015,2.511246,0.971205,30,216,96,2,0.20383968,0.00163983,-0.01249836,0E-8,0.000000,0.906607,0.000000,0.01775797,2026-03-22,2026-08-06,108,3621,2443,138,0.782609,1.360932,1.287360,0.679466,,,,,,,,GLOBAL_BASELINE_NO_ENTITY_RANKING,,,NOT_APPLICABLE_GLOBAL_BASELINE,HF9g-P5,,,,X 全窗基线 · 不参与实体赏罚,14199686,1420,A168_HF9F_20260827_0900,2026-08-27 09:00:00
2026-07-02,57024343,2121,0,427.0584215921,-427.0584215921,-427.0584215921,0E-7,1,1,0.50665070000000000,0.506650700000,-1.013391052207602,-1.013391052207602,-1.013391052207602,0E-17,ELIGIBLE,R03b_20260811_FULL_v1,L1_ELIGIBILITY,v2026-08-11,2026-03-21..2026-08-06,baccarat_bet02_101_all_pairs_incl_sentinel,round_win = game_pnl > 0 (decisive only),COMPATIBILITY_ONLY_NOT_PRODUCTION,4059548.3812,3680416.6879,6656.9809,9707,9692,-0.00163983,0.01249836,-0.00525961,-0.00163983,-6656.9809,4059548.3812,OK,0.0000,266.2792,4.0000,96.0000,AG03-UNRESOLVED,ALL5_LEVELS_bet23_to_bet27,266.2792,266.2792,266.2792,0.0000,0.0000,4.000000,4.000000,4.000000,0.000000,0.000000,96.000000,96.000000,96.000000,100.000000,100.000000,5.0,798.8377,767.3102,5858.1432,5889.6706,PENDING_AG03,FALSE,NOT_FOR_ENFORCEMENT,6390.7016,3533200.0204,6656.9809,6390.7016,266.2792,0.00163983,0.00157424,266.2792,6390.7016,0.00157424,266.2792,266.2792,266.2792,0.0000,0.0000,6390.7016,0.00157424,798.8377,767.3102,5858.1432,5889.6706,0.00144305,0.00145082,0.00006559,418.2083,379.7376,0.6869,61.6387,1.8384,37588.4109,89.7407,538.3845,395.5999,218.4789,430.6076,432.5446,432.5446,1046.441,1081.3617,427.0584,0.0,2.43015,2.511246,0.971205,30,216,96,2,0.20383968,0.00163983,-0.01249836,0E-8,0.000000,0.906607,0.000000,0.01775797,2026-03-22,2026-08-06,108,3621,2443,138,0.782609,1.360932,1.287360,0.679466,,,,,,,,GLOBAL_BASELINE_NO_ENTITY_RANKING,,,NOT_APPLICABLE_GLOBAL_BASELINE,HF9g-P5,,,,X 全窗基线 · 不参与实体赏罚,14199687,1420,A168_HF9F_20260827_0900,2026-08-27 09:00:00
2026-07-02,57024343,2129,0,854.1168431842,-427.0584215921,-427.0584215921,0E-7,2,2,0.50665070000000000,0.506650700000,-1.013391052207602,-1.013391052207602,-1.013391052207602,0E-17,ELIGIBLE,R03b_20260811_FULL_v1,L1_ELIGIBILITY,v2026-08-11,2026-03-21..2026-08-06,baccarat_bet02_101_all_pairs_incl_sentinel,round_win = game_pnl > 0 (decisive only),COMPATIBILITY_ONLY_NOT_PRODUCTION,4059548.3812,3680416.6879,6656.9809,9707,9692,-0.00163983,0.01249836,-0.00525961,-0.00163983,-6656.9809,4059548.3812,OK,0.0000,266.2792,4.0000,96.0000,AG03-UNRESOLVED,ALL5_LEVELS_bet23_to_bet27,266.2792,266.2792,266.2792,0.0000,0.0000,4.000000,4.000000,4.000000,0.000000,0.000000,96.000000,96.000000,96.000000,100.000000,100.000000,5.0,798.8377,767.3102,5858.1432,5889.6706,PENDING_AG03,FALSE,NOT_FOR_ENFORCEMENT,6390.7016,3533200.0204,6656.9809,6390.7016,266.2792,0.00163983,0.00157424,266.2792,6390.7016,0.00157424,266.2792,266.2792,266.2792,0.0000,0.0000,6390.7016,0.00157424,798.8377,767.3102,5858.1432,5889.6706,0.00144305,0.00145082,0.00006559,418.2083,379.7376,0.6869,61.6387,1.8384,37588.4109,89.7407,538.3845,395.5999,218.4789,430.6076,432.5446,432.5446,1046.441,1081.3617,427.0584,0.0,2.43015,2.511246,0.971205,30,216,96,2,0.20383968,0.00163983,-0.01249836,0E-8,0.000000,0.906607,0.000000,0.01775797,2026-03-22,2026-08-06,108,3621,2443,138,0.782609,1.360932,1.287360,0.679466,,,,,,,,GLOBAL_BASELINE_NO_ENTITY_RANKING,,,NOT_APPLICABLE_GLOBAL_BASELINE,HF9g-P5,,,,X 全窗基线 · 不参与实体赏罚,14199688,1420,A168_HF9F_20260827_0900,2026-08-27 09:00:00
2026-07-02,57024343,2177,0,854.1168431842,-21.3529210796,-21.3529210796,0.5000000,2,2,0.50665070000000000,0.506650700000,-0.018812684590367487,-0.018812684590367487,-0.018812684590367487,0E-17,ELIGIBLE,R03b_20260811_FULL_v1,L1_ELIGIBILITY,v2026-08-11,2026-03-21..2026-08-06,baccarat_bet02_101_all_pairs_incl_sentinel,round_win = game_pnl > 0 (decisive only),COMPATIBILITY_ONLY_NOT_PRODUCTION,4059548.3812,3680416.6879,6656.9809,9707,9692,-0.00163983,0.01249836,-0.00525961,-0.00163983,-6656.9809,4059548.3812,OK,0.0000,266.2792,4.0000,96.0000,AG03-UNRESOLVED,ALL5_LEVELS_bet23_to_bet27,266.2792,266.2792,266.2792,0.0000,0.0000,4.000000,4.000000,4.000000,0.000000,0.000000,96.000000,96.000000,96.000000,100.000000,100.000000,5.0,798.8377,767.3102,5858.1432,5889.6706,PENDING_AG03,FALSE,NOT_FOR_ENFORCEMENT,6390.7016,3533200.0204,6656.9809,6390.7016,266.2792,0.00163983,0.00157424,266.2792,6390.7016,0.00157424,266.2792,266.2792,266.2792,0.0000,0.0000,6390.7016,0.00157424,798.8377,767.3102,5858.1432,5889.6706,0.00144305,0.00145082,0.00006559,418.2083,379.7376,0.6869,61.6387,1.8384,37588.4109,89.7407,538.3845,395.5999,218.4789,430.6076,432.5446,432.5446,1046.441,1081.3617,427.0584,0.0,2.43015,2.511246,0.971205,30,216,96,2,0.20383968,0.00163983,-0.01249836,0E-8,0.000000,0.906607,0.000000,0.01775797,2026-03-22,2026-08-06,108,3621,2443,138,0.782609,1.360932,1.287360,0.679466,,,,,,,,GLOBAL_BASELINE_NO_ENTITY_RANKING,,,NOT_APPLICABLE_GLOBAL_BASELINE,HF9g-P5,,,,X 全窗基线 · 不参与实体赏罚,14199689,1420,A168_HF9F_20260827_0900,2026-08-27 09:00:00
2026-07-02,57024343,2222,0,1708.2336863684,384.3525794329,384.3525794329,0.6666667,4,4,0.50665070000000000,0.506650700000,0.5543606114942035,0.5543606114942035,0.5543606114942035,0E-17,ELIGIBLE,R03b_20260811_FULL_v1,L1_ELIGIBILITY,v2026-08-11,2026-03-21..2026-08-06,baccarat_bet02_101_all_pairs_incl_sentinel,round_win = game_pnl > 0 (decisive only),COMPATIBILITY_ONLY_NOT_PRODUCTION,4059548.3812,3680416.6879,6656.9809,9707,9692,-0.00163983,0.01249836,-0.00525961,-0.00163983,-6656.9809,4059548.3812,OK,0.0000,266.2792,4.0000,96.0000,AG03-UNRESOLVED,ALL5_LEVELS_bet23_to_bet27,266.2792,266.2792,266.2792,0.0000,0.0000,4.000000,4.000000,4.000000,0.000000,0.000000,96.000000,96.000000,96.000000,100.000000,100.000000,5.0,798.8377,767.3102,5858.1432,5889.6706,PENDING_AG03,FALSE,NOT_FOR_ENFORCEMENT,6390.7016,3533200.0204,6656.9809,6390.7016,266.2792,0.00163983,0.00157424,266.2792,6390.7016,0.00157424,266.2792,266.2792,266.2792,0.0000,0.0000,6390.7016,0.00157424,798.8377,767.3102,5858.1432,5889.6706,0.00144305,0.00145082,0.00006559,418.2083,379.7376,0.6869,61.6387,1.8384,37588.4109,89.7407,538.3845,395.5999,218.4789,430.6076,432.5446,432.5446,1046.441,1081.3617,427.0584,0.0,2.43015,2.511246,0.971205,30,216,96,2,0.20383968,0.00163983,-0.01249836,0E-8,0.000000,0.906607,0.000000,0.01775797,2026-03-22,2026-08-06,108,3621,2443,138,0.782609,1.360932,1.287360,0.679466,,,,,,,,GLOBAL_BASELINE_NO_ENTITY_RANKING,,,NOT_APPLICABLE_GLOBAL_BASELINE,HF9g-P5,,,,X 全窗基线 · 不参与实体赏罚,14199690,1420,A168_HF9F_20260827_0900,2026-08-27 09:00:00
2026-07-02,57024343,2252,0,1494.7044755723,-661.9405534677,-661.9405534677,0.2500000,4,4,0.50665070000000000,0.506650700000,-1.0266936290537745,-1.0266936290537745,-1.0266936290537745,0E-17,ELIGIBLE,R03b_20260811_FULL_v1,L1_ELIGIBILITY,v2026-08-11,2026-03-21..2026-08-06,baccarat_bet02_101_all_pairs_incl_sentinel,round_win = game_pnl > 0 (decisive only),COMPATIBILITY_ONLY_NOT_PRODUCTION,4059548.3812,3680416.6879,6656.9809,9707,9692,-0.00163983,0.01249836,-0.00525961,-0.00163983,-6656.9809,4059548.3812,OK,0.0000,266.2792,4.0000,96.0000,AG03-UNRESOLVED,ALL5_LEVELS_bet23_to_bet27,266.2792,266.2792,266.2792,0.0000,0.0000,4.000000,4.000000,4.000000,0.000000,0.000000,96.000000,96.000000,96.000000,100.000000,100.000000,5.0,798.8377,767.3102,5858.1432,5889.6706,PENDING_AG03,FALSE,NOT_FOR_ENFORCEMENT,6390.7016,3533200.0204,6656.9809,6390.7016,266.2792,0.00163983,0.00157424,266.2792,6390.7016,0.00157424,266.2792,266.2792,266.2792,0.0000,0.0000,6390.7016,0.00157424,798.8377,767.3102,5858.1432,5889.6706,0.00144305,0.00145082,0.00006559,418.2083,379.7376,0.6869,61.6387,1.8384,37588.4109,89.7407,538.3845,395.5999,218.4789,430.6076,432.5446,432.5446,1046.441,1081.3617,427.0584,0.0,2.43015,2.511246,0.971205,30,216,96,2,0.20383968,0.00163983,-0.01249836,0E-8,0.000000,0.906607,0.000000,0.01775797,2026-03-22,2026-08-06,108,3621,2443,138,0.782609,1.360932,1.287360,0.679466,,,,,,,,GLOBAL_BASELINE_NO_ENTITY_RANKING,,,NOT_APPLICABLE_GLOBAL_BASELINE,HF9g-P5,,,,X 全窗基线 · 不参与实体赏罚,14199691,1420,A168_HF9F_20260827_0900,2026-08-27 09:00:00
2026-07-02,57024343,2261,0,854.1168431842,811.4110010250,811.4110010250,1.0000000,2,2,0.50665070000000000,0.506650700000,1.3955260008387969,1.3955260008387969,1.3955260008387969,0E-17,ELIGIBLE,R03b_20260811_FULL_v1,L1_ELIGIBILITY,v2026-08-11,2026-03-21..2026-08-06,baccarat_bet02_101_all_pairs_incl_sentinel,round_win = game_pnl > 0 (decisive only),COMPATIBILITY_ONLY_NOT_PRODUCTION,4059548.3812,3680416.6879,6656.9809,9707,9692,-0.00163983,0.01249836,-0.00525961,-0.00163983,-6656.9809,4059548.3812,OK,0.0000,266.2792,4.0000,96.0000,AG03-UNRESOLVED,ALL5_LEVELS_bet23_to_bet27,266.2792,266.2792,266.2792,0.0000,0.0000,4.000000,4.000000,4.000000,0.000000,0.000000,96.000000,96.000000,96.000000,100.000000,100.000000,5.0,798.8377,767.3102,5858.1432,5889.6706,PENDING_AG03,FALSE,NOT_FOR_ENFORCEMENT,6390.7016,3533200.0204,6656.9809,6390.7016,266.2792,0.00163983,0.00157424,266.2792,6390.7016,0.00157424,266.2792,266.2792,266.2792,0.0000,0.0000,6390.7016,0.00157424,798.8377,767.3102,5858.1432,5889.6706,0.00144305,0.00145082,0.00006559,418.2083,379.7376,0.6869,61.6387,1.8384,37588.4109,89.7407,538.3845,395.5999,218.4789,430.6076,432.5446,432.5446,1046.441,1081.3617,427.0584,0.0,2.43015,2.511246,0.971205,30,216,96,2,0.20383968,0.00163983,-0.01249836,0E-8,0.000000,0.906607,0.000000,0.01775797,2026-03-22,2026-08-06,108,3621,2443,138,0.782609,1.360932,1.287360,0.679466,,,,,,,,GLOBAL_BASELINE_NO_ENTITY_RANKING,,,NOT_APPLICABLE_GLOBAL_BASELINE,HF9g-P5,,,,X 全窗基线 · 不参与实体赏罚,14199692,1420,A168_HF9F_20260827_0900,2026-08-27 09:00:00
2026-07-02,57024343,595,0,1067.6460539802,1014.2637512812,1014.2637512812,1.0000000,1,1,0.50665070000000000,0.506650700000,0.9867858985152569,0.9867858985152569,0.9867858985152569,0E-17,ELIGIBLE,R03b_20260811_FULL_v1,L1_ELIGIBILITY,v2026-08-11,2026-03-21..2026-08-06,baccarat_bet02_101_all_pairs_incl_sentinel,round_win = game_pnl > 0 (decisive only),COMPATIBILITY_ONLY_NOT_PRODUCTION,4059548.3812,3680416.6879,6656.9809,9707,9692,-0.00163983,0.01249836,-0.00525961,-0.00163983,-6656.9809,4059548.3812,OK,0.0000,266.2792,4.0000,96.0000,AG03-UNRESOLVED,ALL5_LEVELS_bet23_to_bet27,266.2792,266.2792,266.2792,0.0000,0.0000,4.000000,4.000000,4.000000,0.000000,0.000000,96.000000,96.000000,96.000000,100.000000,100.000000,5.0,798.8377,767.3102,5858.1432,5889.6706,PENDING_AG03,FALSE,NOT_FOR_ENFORCEMENT,6390.7016,3533200.0204,6656.9809,6390.7016,266.2792,0.00163983,0.00157424,266.2792,6390.7016,0.00157424,266.2792,266.2792,266.2792,0.0000,0.0000,6390.7016,0.00157424,798.8377,767.3102,5858.1432,5889.6706,0.00144305,0.00145082,0.00006559,418.2083,379.7376,0.6869,61.6387,1.8384,37588.4109,89.7407,538.3845,395.5999,218.4789,430.6076,432.5446,432.5446,1046.441,1081.3617,427.0584,0.0,2.43015,2.511246,0.971205,30,216,96,2,0.20383968,0.00163983,-0.01249836,0E-8,0.000000,0.906607,0.000000,0.01775797,2026-03-22,2026-08-06,108,3621,2443,138,0.782609,1.360932,1.287360,0.679466,,,,,,,,GLOBAL_BASELINE_NO_ENTITY_RANKING,,,NOT_APPLICABLE_GLOBAL_BASELINE,HF9g-P5,,,,X 全窗基线 · 不参与实体赏罚,14199693,1420,A168_HF9F_20260827_0900,2026-08-27 09:00:00
2026-07-03,57024343,-1,1,1708.2336863684,1622.8220020500,1622.8220020500,1.0000000,4,4,0.50665070000000000,0.506650700000,1.9735717970305138,1.9735717970305138,1.9735717970305138,0E-17,SENTINEL_DEALER,R03b_20260811_FULL_v1,L1_ELIGIBILITY,v2026-08-11,2026-03-21..2026-08-06,baccarat_bet02_101_all_pairs_incl_sentinel,round_win = game_pnl > 0 (decisive only),COMPATIBILITY_ONLY_NOT_PRODUCTION,4059548.3812,3680416.6879,6656.9809,9707,9692,-0.00163983,0.01249836,-0.00525961,-0.00163983,-6656.9809,4059548.3812,OK,0.0000,266.2792,4.0000,96.0000,AG03-UNRESOLVED,ALL5_LEVELS_bet23_to_bet27,266.2792,266.2792,266.2792,0.0000,0.0000,4.000000,4.000000,4.000000,0.000000,0.000000,96.000000,96.000000,96.000000,100.000000,100.000000,5.0,798.8377,767.3102,5858.1432,5889.6706,PENDING_AG03,FALSE,NOT_FOR_ENFORCEMENT,6390.7016,3533200.0204,6656.9809,6390.7016,266.2792,0.00163983,0.00157424,266.2792,6390.7016,0.00157424,266.2792,266.2792,266.2792,0.0000,0.0000,6390.7016,0.00157424,798.8377,767.3102,5858.1432,5889.6706,0.00144305,0.00145082,0.00006559,418.2083,379.7376,0.6869,61.6387,1.8384,37588.4109,89.7407,538.3845,395.5999,218.4789,430.6076,432.5446,432.5446,1046.441,1081.3617,427.0584,0.0,2.43015,2.511246,0.971205,30,216,96,2,0.20383968,0.00163983,-0.01249836,0E-8,0.000000,0.906607,0.000000,0.01775797,2026-03-22,2026-08-06,108,3621,2443,138,0.782609,1.360932,1.287360,0.679466,,,,,,,,GLOBAL_BASELINE_NO_ENTITY_RANKING,,,NOT_APPLICABLE_GLOBAL_BASELINE,HF9g-P5,,,,X 全窗基线 · 不参与实体赏罚,14199694,1420,A168_HF9F_20260827_0900,2026-08-27 09:00:00
2026-07-03,57024343,1109,0,640.5876323881,-224.2056713359,-224.2056713359,0.5000000,2,2,0.50665070000000000,0.506650700000,-0.018812684590367487,-0.018812684590367487,-0.018812684590367487,0E-17,ELIGIBLE,R03b_20260811_FULL_v1,L1_ELIGIBILITY,v2026-08-11,2026-03-21..2026-08-06,baccarat_bet02_101_all_pairs_incl_sentinel,round_win = game_pnl > 0 (decisive only),COMPATIBILITY_ONLY_NOT_PRODUCTION,4059548.3812,3680416.6879,6656.9809,9707,9692,-0.00163983,0.01249836,-0.00525961,-0.00163983,-6656.9809,4059548.3812,OK,0.0000,266.2792,4.0000,96.0000,AG03-UNRESOLVED,ALL5_LEVELS_bet23_to_bet27,266.2792,266.2792,266.2792,0.0000,0.0000,4.000000,4.000000,4.000000,0.000000,0.000000,96.000000,96.000000,96.000000,100.000000,100.000000,5.0,798.8377,767.3102,5858.1432,5889.6706,PENDING_AG03,FALSE,NOT_FOR_ENFORCEMENT,6390.7016,3533200.0204,6656.9809,6390.7016,266.2792,0.00163983,0.00157424,266.2792,6390.7016,0.00157424,266.2792,266.2792,266.2792,0.0000,0.0000,6390.7016,0.00157424,798.8377,767.3102,5858.1432,5889.6706,0.00144305,0.00145082,0.00006559,418.2083,379.7376,0.6869,61.6387,1.8384,37588.4109,89.7407,538.3845,395.5999,218.4789,430.6076,432.5446,432.5446,1046.441,1081.3617,427.0584,0.0,2.43015,2.511246,0.971205,30,216,96,2,0.20383968,0.00163983,-0.01249836,0E-8,0.000000,0.906607,0.000000,0.01775797,2026-03-22,2026-08-06,108,3621,2443,138,0.782609,1.360932,1.287360,0.679466,,,,,,,,GLOBAL_BASELINE_NO_ENTITY_RANKING,,,NOT_APPLICABLE_GLOBAL_BASELINE,HF9g-P5,,,,X 全窗基线 · 不参与实体赏罚,14199695,1420,A168_HF9F_20260827_0900,2026-08-27 09:00:00
2026-07-03,57024343,1151,0,427.0584215921,405.7055005125,405.7055005125,1.0000000,1,1,0.50665070000000000,0.506650700000,0.9867858985152569,0.9867858985152569,0.9867858985152569,0E-17,ELIGIBLE,R03b_20260811_FULL_v1,L1_ELIGIBILITY,v2026-08-11,2026-03-21..2026-08-06,baccarat_bet02_101_all_pairs_incl_sentinel,round_win = game_pnl > 0 (decisive only),COMPATIBILITY_ONLY_NOT_PRODUCTION,4059548.3812,3680416.6879,6656.9809,9707,9692,-0.00163983,0.01249836,-0.00525961,-0.00163983,-6656.9809,4059548.3812,OK,0.0000,266.2792,4.0000,96.0000,AG03-UNRESOLVED,ALL5_LEVELS_bet23_to_bet27,266.2792,266.2792,266.2792,0.0000,0.0000,4.000000,4.000000,4.000000,0.000000,0.000000,96.000000,96.000000,96.000000,100.000000,100.000000,5.0,798.8377,767.3102,5858.1432,5889.6706,PENDING_AG03,FALSE,NOT_FOR_ENFORCEMENT,6390.7016,3533200.0204,6656.9809,6390.7016,266.2792,0.00163983,0.00157424,266.2792,6390.7016,0.00157424,266.2792,266.2792,266.2792,0.0000,0.0000,6390.7016,0.00157424,798.8377,767.3102,5858.1432,5889.6706,0.00144305,0.00145082,0.00006559,418.2083,379.7376,0.6869,61.6387,1.8384,37588.4109,89.7407,538.3845,395.5999,218.4789,430.6076,432.5446,432.5446,1046.441,1081.3617,427.0584,0.0,2.43015,2.511246,0.971205,30,216,96,2,0.20383968,0.00163983,-0.01249836,0E-8,0.000000,0.906607,0.000000,0.01775797,2026-03-22,2026-08-06,108,3621,2443,138,0.782609,1.360932,1.287360,0.679466,,,,,,,,GLOBAL_BASELINE_NO_ENTITY_RANKING,,,NOT_APPLICABLE_GLOBAL_BASELINE,HF9g-P5,,,,X 全窗基线 · 不参与实体赏罚,14199696,1420,A168_HF9F_20260827_0900,2026-08-27 09:00:00
2026-07-03,57024343,1185,0,427.0584215921,-427.0584215921,-427.0584215921,0E-7,1,1,0.50665070000000000,0.506650700000,-1.013391052207602,-1.013391052207602,-1.013391052207602,0E-17,ELIGIBLE,R03b_20260811_FULL_v1,L1_ELIGIBILITY,v2026-08-11,2026-03-21..2026-08-06,baccarat_bet02_101_all_pairs_incl_sentinel,round_win = game_pnl > 0 (decisive only),COMPATIBILITY_ONLY_NOT_PRODUCTION,4059548.3812,3680416.6879,6656.9809,9707,9692,-0.00163983,0.01249836,-0.00525961,-0.00163983,-6656.9809,4059548.3812,OK,0.0000,266.2792,4.0000,96.0000,AG03-UNRESOLVED,ALL5_LEVELS_bet23_to_bet27,266.2792,266.2792,266.2792,0.0000,0.0000,4.000000,4.000000,4.000000,0.000000,0.000000,96.000000,96.000000,96.000000,100.000000,100.000000,5.0,798.8377,767.3102,5858.1432,5889.6706,PENDING_AG03,FALSE,NOT_FOR_ENFORCEMENT,6390.7016,3533200.0204,6656.9809,6390.7016,266.2792,0.00163983,0.00157424,266.2792,6390.7016,0.00157424,266.2792,266.2792,266.2792,0.0000,0.0000,6390.7016,0.00157424,798.8377,767.3102,5858.1432,5889.6706,0.00144305,0.00145082,0.00006559,418.2083,379.7376,0.6869,61.6387,1.8384,37588.4109,89.7407,538.3845,395.5999,218.4789,430.6076,432.5446,432.5446,1046.441,1081.3617,427.0584,0.0,2.43015,2.511246,0.971205,30,216,96,2,0.20383968,0.00163983,-0.01249836,0E-8,0.000000,0.906607,0.000000,0.01775797,2026-03-22,2026-08-06,108,3621,2443,138,0.782609,1.360932,1.287360,0.679466,,,,,,,,GLOBAL_BASELINE_NO_ENTITY_RANKING,,,NOT_APPLICABLE_GLOBAL_BASELINE,HF9g-P5,,,,X 全窗基线 · 不参与实体赏罚,14199697,1420,A168_HF9F_20260827_0900,2026-08-27 09:00:00
2026-07-03,57024343,1205,0,427.0584215921,405.7055005125,405.7055005125,1.0000000,1,1,0.50665070000000000,0.506650700000,0.9867858985152569,0.9867858985152569,0.9867858985152569,0E-17,ELIGIBLE,R03b_20260811_FULL_v1,L1_ELIGIBILITY,v2026-08-11,2026-03-21..2026-08-06,baccarat_bet02_101_all_pairs_incl_sentinel,round_win = game_pnl > 0 (decisive only),COMPATIBILITY_ONLY_NOT_PRODUCTION,4059548.3812,3680416.6879,6656.9809,9707,9692,-0.00163983,0.01249836,-0.00525961,-0.00163983,-6656.9809,4059548.3812,OK,0.0000,266.2792,4.0000,96.0000,AG03-UNRESOLVED,ALL5_LEVELS_bet23_to_bet27,266.2792,266.2792,266.2792,0.0000,0.0000,4.000000,4.000000,4.000000,0.000000,0.000000,96.000000,96.000000,96.000000,100.000000,100.000000,5.0,798.8377,767.3102,5858.1432,5889.6706,PENDING_AG03,FALSE,NOT_FOR_ENFORCEMENT,6390.7016,3533200.0204,6656.9809,6390.7016,266.2792,0.00163983,0.00157424,266.2792,6390.7016,0.00157424,266.2792,266.2792,266.2792,0.0000,0.0000,6390.7016,0.00157424,798.8377,767.3102,5858.1432,5889.6706,0.00144305,0.00145082,0.00006559,418.2083,379.7376,0.6869,61.6387,1.8384,37588.4109,89.7407,538.3845,395.5999,218.4789,430.6076,432.5446,432.5446,1046.441,1081.3617,427.0584,0.0,2.43015,2.511246,0.971205,30,216,96,2,0.20383968,0.00163983,-0.01249836,0E-8,0.000000,0.906607,0.000000,0.01775797,2026-03-22,2026-08-06,108,3621,2443,138,0.782609,1.360932,1.287360,0.679466,,,,,,,,GLOBAL_BASELINE_NO_ENTITY_RANKING,,,NOT_APPLICABLE_GLOBAL_BASELINE,HF9g-P5,,,,X 全窗基线 · 不参与实体赏罚,14199698,1420,A168_HF9F_20260827_0900,2026-08-27 09:00:00
2026-07-03,57024343,1383,0,1067.6460539802,1014.2637512812,1014.2637512812,1.0000000,2,2,0.50665070000000000,0.506650700000,1.3955260008387969,1.3955260008387969,1.3955260008387969,0E-17,ELIGIBLE,R03b_20260811_FULL_v1,L1_ELIGIBILITY,v2026-08-11,2026-03-21..2026-08-06,baccarat_bet02_101_all_pairs_incl_sentinel,round_win = game_pnl > 0 (decisive only),COMPATIBILITY_ONLY_NOT_PRODUCTION,4059548.3812,3680416.6879,6656.9809,9707,9692,-0.00163983,0.01249836,-0.00525961,-0.00163983,-6656.9809,4059548.3812,OK,0.0000,266.2792,4.0000,96.0000,AG03-UNRESOLVED,ALL5_LEVELS_bet23_to_bet27,266.2792,266.2792,266.2792,0.0000,0.0000,4.000000,4.000000,4.000000,0.000000,0.000000,96.000000,96.000000,96.000000,100.000000,100.000000,5.0,798.8377,767.3102,5858.1432,5889.6706,PENDING_AG03,FALSE,NOT_FOR_ENFORCEMENT,6390.7016,3533200.0204,6656.9809,6390.7016,266.2792,0.00163983,0.00157424,266.2792,6390.7016,0.00157424,266.2792,266.2792,266.2792,0.0000,0.0000,6390.7016,0.00157424,798.8377,767.3102,5858.1432,5889.6706,0.00144305,0.00145082,0.00006559,418.2083,379.7376,0.6869,61.6387,1.8384,37588.4109,89.7407,538.3845,395.5999,218.4789,430.6076,432.5446,432.5446,1046.441,1081.3617,427.0584,0.0,2.43015,2.511246,0.971205,30,216,96,2,0.20383968,0.00163983,-0.01249836,0E-8,0.000000,0.906607,0.000000,0.01775797,2026-03-22,2026-08-06,108,3621,2443,138,0.782609,1.360932,1.287360,0.679466,,,,,,,,GLOBAL_BASELINE_NO_ENTITY_RANKING,,,NOT_APPLICABLE_GLOBAL_BASELINE,HF9g-P5,,,,X 全窗基线 · 不参与实体赏罚,14199699,1420,A168_HF9F_20260827_0900,2026-08-27 09:00:00
2026-07-03,57024343,1714,0,427.0584215921,-427.0584215921,-427.0584215921,0E-7,1,1,0.50665070000000000,0.506650700000,-1.013391052207602,-1.013391052207602,-1.013391052207602,0E-17,ELIGIBLE,R03b_20260811_FULL_v1,L1_ELIGIBILITY,v2026-08-11,2026-03-21..2026-08-06,baccarat_bet02_101_all_pairs_incl_sentinel,round_win = game_pnl > 0 (decisive only),COMPATIBILITY_ONLY_NOT_PRODUCTION,4059548.3812,3680416.6879,6656.9809,9707,9692,-0.00163983,0.01249836,-0.00525961,-0.00163983,-6656.9809,4059548.3812,OK,0.0000,266.2792,4.0000,96.0000,AG03-UNRESOLVED,ALL5_LEVELS_bet23_to_bet27,266.2792,266.2792,266.2792,0.0000,0.0000,4.000000,4.000000,4.000000,0.000000,0.000000,96.000000,96.000000,96.000000,100.000000,100.000000,5.0,798.8377,767.3102,5858.1432,5889.6706,PENDING_AG03,FALSE,NOT_FOR_ENFORCEMENT,6390.7016,3533200.0204,6656.9809,6390.7016,266.2792,0.00163983,0.00157424,266.2792,6390.7016,0.00157424,266.2792,266.2792,266.2792,0.0000,0.0000,6390.7016,0.00157424,798.8377,767.3102,5858.1432,5889.6706,0.00144305,0.00145082,0.00006559,418.2083,379.7376,0.6869,61.6387,1.8384,37588.4109,89.7407,538.3845,395.5999,218.4789,430.6076,432.5446,432.5446,1046.441,1081.3617,427.0584,0.0,2.43015,2.511246,0.971205,30,216,96,2,0.20383968,0.00163983,-0.01249836,0E-8,0.000000,0.906607,0.000000,0.01775797,2026-03-22,2026-08-06,108,3621,2443,138,0.782609,1.360932,1.287360,0.679466,,,,,,,,GLOBAL_BASELINE_NO_ENTITY_RANKING,,,NOT_APPLICABLE_GLOBAL_BASELINE,HF9g-P5,,,,X 全窗基线 · 不参与实体赏罚,14199700,1420,A168_HF9F_20260827_0900,2026-08-27 09:00:00
2026-07-03,57024343,1941,0,1067.6460539802,-1067.6460539802,-1067.6460539802,0E-7,2,2,0.50665070000000000,0.506650700000,-1.4331513700195317,-1.4331513700195317,-1.4331513700195317,0E-17,ELIGIBLE,R03b_20260811_FULL_v1,L1_ELIGIBILITY,v2026-08-11,2026-03-21..2026-08-06,baccarat_bet02_101_all_pairs_incl_sentinel,round_win = game_pnl > 0 (decisive only),COMPATIBILITY_ONLY_NOT_PRODUCTION,4059548.3812,3680416.6879,6656.9809,9707,9692,-0.00163983,0.01249836,-0.00525961,-0.00163983,-6656.9809,4059548.3812,OK,0.0000,266.2792,4.0000,96.0000,AG03-UNRESOLVED,ALL5_LEVELS_bet23_to_bet27,266.2792,266.2792,266.2792,0.0000,0.0000,4.000000,4.000000,4.000000,0.000000,0.000000,96.000000,96.000000,96.000000,100.000000,100.000000,5.0,798.8377,767.3102,5858.1432,5889.6706,PENDING_AG03,FALSE,NOT_FOR_ENFORCEMENT,6390.7016,3533200.0204,6656.9809,6390.7016,266.2792,0.00163983,0.00157424,266.2792,6390.7016,0.00157424,266.2792,266.2792,266.2792,0.0000,0.0000,6390.7016,0.00157424,798.8377,767.3102,5858.1432,5889.6706,0.00144305,0.00145082,0.00006559,418.2083,379.7376,0.6869,61.6387,1.8384,37588.4109,89.7407,538.3845,395.5999,218.4789,430.6076,432.5446,432.5446,1046.441,1081.3617,427.0584,0.0,2.43015,2.511246,0.971205,30,216,96,2,0.20383968,0.00163983,-0.01249836,0E-8,0.000000,0.906607,0.000000,0.01775797,2026-03-22,2026-08-06,108,3621,2443,138,0.782609,1.360932,1.287360,0.679466,,,,,,,,GLOBAL_BASELINE_NO_ENTITY_RANKING,,,NOT_APPLICABLE_GLOBAL_BASELINE,HF9g-P5,,,,X 全窗基线 · 不参与实体赏罚,14199701,1420,A168_HF9F_20260827_0900,2026-08-27 09:00:00
2026-07-03,57024343,1947,0,854.1168431842,-21.3529210796,-21.3529210796,0.5000000,2,2,0.50665070000000000,0.506650700000,-0.018812684590367487,-0.018812684590367487,-0.018812684590367487,0E-17,ELIGIBLE,R03b_20260811_FULL_v1,L1_ELIGIBILITY,v2026-08-11,2026-03-21..2026-08-06,baccarat_bet02_101_all_pairs_incl_sentinel,round_win = game_pnl > 0 (decisive only),COMPATIBILITY_ONLY_NOT_PRODUCTION,4059548.3812,3680416.6879,6656.9809,9707,9692,-0.00163983,0.01249836,-0.00525961,-0.00163983,-6656.9809,4059548.3812,OK,0.0000,266.2792,4.0000,96.0000,AG03-UNRESOLVED,ALL5_LEVELS_bet23_to_bet27,266.2792,266.2792,266.2792,0.0000,0.0000,4.000000,4.000000,4.000000,0.000000,0.000000,96.000000,96.000000,96.000000,100.000000,100.000000,5.0,798.8377,767.3102,5858.1432,5889.6706,PENDING_AG03,FALSE,NOT_FOR_ENFORCEMENT,6390.7016,3533200.0204,6656.9809,6390.7016,266.2792,0.00163983,0.00157424,266.2792,6390.7016,0.00157424,266.2792,266.2792,266.2792,0.0000,0.0000,6390.7016,0.00157424,798.8377,767.3102,5858.1432,5889.6706,0.00144305,0.00145082,0.00006559,418.2083,379.7376,0.6869,61.6387,1.8384,37588.4109,89.7407,538.3845,395.5999,218.4789,430.6076,432.5446,432.5446,1046.441,1081.3617,427.0584,0.0,2.43015,2.511246,0.971205,30,216,96,2,0.20383968,0.00163983,-0.01249836,0E-8,0.000000,0.906607,0.000000,0.01775797,2026-03-22,2026-08-06,108,3621,2443,138,0.782609,1.360932,1.287360,0.679466,,,,,,,,GLOBAL_BASELINE_NO_ENTITY_RANKING,,,NOT_APPLICABLE_GLOBAL_BASELINE,HF9g-P5,,,,X 全窗基线 · 不参与实体赏罚,14199702,1420,A168_HF9F_20260827_0900,2026-08-27 09:00:00
2026-07-03,57024343,1966,0,1281.1752647763,811.4110010250,811.4110010250,1.0000000,3,3,0.50665070000000000,0.506650700000,1.3955260008387969,1.3955260008387969,1.3955260008387969,0E-17,ELIGIBLE,R03b_20260811_FULL_v1,L1_ELIGIBILITY,v2026-08-11,2026-03-21..2026-08-06,baccarat_bet02_101_all_pairs_incl_sentinel,round_win = game_pnl > 0 (decisive only),COMPATIBILITY_ONLY_NOT_PRODUCTION,4059548.3812,3680416.6879,6656.9809,9707,9692,-0.00163983,0.01249836,-0.00525961,-0.00163983,-6656.9809,4059548.3812,OK,0.0000,266.2792,4.0000,96.0000,AG03-UNRESOLVED,ALL5_LEVELS_bet23_to_bet27,266.2792,266.2792,266.2792,0.0000,0.0000,4.000000,4.000000,4.000000,0.000000,0.000000,96.000000,96.000000,96.000000,100.000000,100.000000,5.0,798.8377,767.3102,5858.1432,5889.6706,PENDING_AG03,FALSE,NOT_FOR_ENFORCEMENT,6390.7016,3533200.0204,6656.9809,6390.7016,266.2792,0.00163983,0.00157424,266.2792,6390.7016,0.00157424,266.2792,266.2792,266.2792,0.0000,0.0000,6390.7016,0.00157424,798.8377,767.3102,5858.1432,5889.6706,0.00144305,0.00145082,0.00006559,418.2083,379.7376,0.6869,61.6387,1.8384,37588.4109,89.7407,538.3845,395.5999,218.4789,430.6076,432.5446,432.5446,1046.441,1081.3617,427.0584,0.0,2.43015,2.511246,0.971205,30,216,96,2,0.20383968,0.00163983,-0.01249836,0E-8,0.000000,0.906607,0.000000,0.01775797,2026-03-22,2026-08-06,108,3621,2443,138,0.782609,1.360932,1.287360,0.679466,,,,,,,,GLOBAL_BASELINE_NO_ENTITY_RANKING,,,NOT_APPLICABLE_GLOBAL_BASELINE,HF9g-P5,,,,X 全窗基线 · 不参与实体赏罚,14199703,1420,A168_HF9F_20260827_0900,2026-08-27 09:00:00
2026-07-03,57024343,2117,0,1067.6460539802,-234.8821318756,-234.8821318756,0.5000000,2,2,0.50665070000000000,0.506650700000,-0.018812684590367487,-0.018812684590367487,-0.018812684590367487,0E-17,ELIGIBLE,R03b_20260811_FULL_v1,L1_ELIGIBILITY,v2026-08-11,2026-03-21..2026-08-06,baccarat_bet02_101_all_pairs_incl_sentinel,round_win = game_pnl > 0 (decisive only),COMPATIBILITY_ONLY_NOT_PRODUCTION,4059548.3812,3680416.6879,6656.9809,9707,9692,-0.00163983,0.01249836,-0.00525961,-0.00163983,-6656.9809,4059548.3812,OK,0.0000,266.2792,4.0000,96.0000,AG03-UNRESOLVED,ALL5_LEVELS_bet23_to_bet27,266.2792,266.2792,266.2792,0.0000,0.0000,4.000000,4.000000,4.000000,0.000000,0.000000,96.000000,96.000000,96.000000,100.000000,100.000000,5.0,798.8377,767.3102,5858.1432,5889.6706,PENDING_AG03,FALSE,NOT_FOR_ENFORCEMENT,6390.7016,3533200.0204,6656.9809,6390.7016,266.2792,0.00163983,0.00157424,266.2792,6390.7016,0.00157424,266.2792,266.2792,266.2792,0.0000,0.0000,6390.7016,0.00157424,798.8377,767.3102,5858.1432,5889.6706,0.00144305,0.00145082,0.00006559,418.2083,379.7376,0.6869,61.6387,1.8384,37588.4109,89.7407,538.3845,395.5999,218.4789,430.6076,432.5446,432.5446,1046.441,1081.3617,427.0584,0.0,2.43015,2.511246,0.971205,30,216,96,2,0.20383968,0.00163983,-0.01249836,0E-8,0.000000,0.906607,0.000000,0.01775797,2026-03-22,2026-08-06,108,3621,2443,138,0.782609,1.360932,1.287360,0.679466,,,,,,,,GLOBAL_BASELINE_NO_ENTITY_RANKING,,,NOT_APPLICABLE_GLOBAL_BASELINE,HF9g-P5,,,,X 全窗基线 · 不参与实体赏罚,14199704,1420,A168_HF9F_20260827_0900,2026-08-27 09:00:00
2026-07-03,57024343,2121,0,2135.2921079604,2028.5275025624,2028.5275025624,1.0000000,4,4,0.50665070000000000,0.506650700000,1.9735717970305138,1.9735717970305138,1.9735717970305138,0E-17,ELIGIBLE,R03b_20260811_FULL_v1,L1_ELIGIBILITY,v2026-08-11,2026-03-21..2026-08-06,baccarat_bet02_101_all_pairs_incl_sentinel,round_win = game_pnl > 0 (decisive only),COMPATIBILITY_ONLY_NOT_PRODUCTION,4059548.3812,3680416.6879,6656.9809,9707,9692,-0.00163983,0.01249836,-0.00525961,-0.00163983,-6656.9809,4059548.3812,OK,0.0000,266.2792,4.0000,96.0000,AG03-UNRESOLVED,ALL5_LEVELS_bet23_to_bet27,266.2792,266.2792,266.2792,0.0000,0.0000,4.000000,4.000000,4.000000,0.000000,0.000000,96.000000,96.000000,96.000000,100.000000,100.000000,5.0,798.8377,767.3102,5858.1432,5889.6706,PENDING_AG03,FALSE,NOT_FOR_ENFORCEMENT,6390.7016,3533200.0204,6656.9809,6390.7016,266.2792,0.00163983,0.00157424,266.2792,6390.7016,0.00157424,266.2792,266.2792,266.2792,0.0000,0.0000,6390.7016,0.00157424,798.8377,767.3102,5858.1432,5889.6706,0.00144305,0.00145082,0.00006559,418.2083,379.7376,0.6869,61.6387,1.8384,37588.4109,89.7407,538.3845,395.5999,218.4789,430.6076,432.5446,432.5446,1046.441,1081.3617,427.0584,0.0,2.43015,2.511246,0.971205,30,216,96,2,0.20383968,0.00163983,-0.01249836,0E-8,0.000000,0.906607,0.000000,0.01775797,2026-03-22,2026-08-06,108,3621,2443,138,0.782609,1.360932,1.287360,0.679466,,,,,,,,GLOBAL_BASELINE_NO_ENTITY_RANKING,,,NOT_APPLICABLE_GLOBAL_BASELINE,HF9g-P5,,,,X 全窗基线 · 不参与实体赏罚,14199705,1420,A168_HF9F_20260827_0900,2026-08-27 09:00:00
2026-07-03,57024343,2123,0,3202.9381619406,555.1759480697,555.1759480697,0.6000000,7,6,0.50609215000000007,0.505533600000,0.4199998495926662,0.42249245882584185,0.4199998495926662,0.00055855000000007,ELIGIBLE,R03b_20260811_FULL_v1,L1_ELIGIBILITY,v2026-08-11,2026-03-21..2026-08-06,baccarat_bet02_101_all_pairs_incl_sentinel,round_win = game_pnl > 0 (decisive only),COMPATIBILITY_ONLY_NOT_PRODUCTION,4059548.3812,3680416.6879,6656.9809,9707,9692,-0.00163983,0.01249836,-0.00525961,-0.00163983,-6656.9809,4059548.3812,OK,0.0000,266.2792,4.0000,96.0000,AG03-UNRESOLVED,ALL5_LEVELS_bet23_to_bet27,266.2792,266.2792,266.2792,0.0000,0.0000,4.000000,4.000000,4.000000,0.000000,0.000000,96.000000,96.000000,96.000000,100.000000,100.000000,5.0,798.8377,767.3102,5858.1432,5889.6706,PENDING_AG03,FALSE,NOT_FOR_ENFORCEMENT,6390.7016,3533200.0204,6656.9809,6390.7016,266.2792,0.00163983,0.00157424,266.2792,6390.7016,0.00157424,266.2792,266.2792,266.2792,0.0000,0.0000,6390.7016,0.00157424,798.8377,767.3102,5858.1432,5889.6706,0.00144305,0.00145082,0.00006559,418.2083,379.7376,0.6869,61.6387,1.8384,37588.4109,89.7407,538.3845,395.5999,218.4789,430.6076,432.5446,432.5446,1046.441,1081.3617,427.0584,0.0,2.43015,2.511246,0.971205,30,216,96,2,0.20383968,0.00163983,-0.01249836,0E-8,0.000000,0.906607,0.000000,0.01775797,2026-03-22,2026-08-06,108,3621,2443,138,0.782609,1.360932,1.287360,0.679466,,,,,,,,GLOBAL_BASELINE_NO_ENTITY_RANKING,,,NOT_APPLICABLE_GLOBAL_BASELINE,HF9g-P5,,,,X 全窗基线 · 不参与实体赏罚,14199706,1420,A168_HF9F_20260827_0900,2026-08-27 09:00:00
2026-07-03,57024343,2134,0,427.0584215921,-427.0584215921,-427.0584215921,0E-7,1,1,0.50665070000000000,0.506650700000,-1.013391052207602,-1.013391052207602,-1.013391052207602,0E-17,ELIGIBLE,R03b_20260811_FULL_v1,L1_ELIGIBILITY,v2026-08-11,2026-03-21..2026-08-06,baccarat_bet02_101_all_pairs_incl_sentinel,round_win = game_pnl > 0 (decisive only),COMPATIBILITY_ONLY_NOT_PRODUCTION,4059548.3812,3680416.6879,6656.9809,9707,9692,-0.00163983,0.01249836,-0.00525961,-0.00163983,-6656.9809,4059548.3812,OK,0.0000,266.2792,4.0000,96.0000,AG03-UNRESOLVED,ALL5_LEVELS_bet23_to_bet27,266.2792,266.2792,266.2792,0.0000,0.0000,4.000000,4.000000,4.000000,0.000000,0.000000,96.000000,96.000000,96.000000,100.000000,100.000000,5.0,798.8377,767.3102,5858.1432,5889.6706,PENDING_AG03,FALSE,NOT_FOR_ENFORCEMENT,6390.7016,3533200.0204,6656.9809,6390.7016,266.2792,0.00163983,0.00157424,266.2792,6390.7016,0.00157424,266.2792,266.2792,266.2792,0.0000,0.0000,6390.7016,0.00157424,798.8377,767.3102,5858.1432,5889.6706,0.00144305,0.00145082,0.00006559,418.2083,379.7376,0.6869,61.6387,1.8384,37588.4109,89.7407,538.3845,395.5999,218.4789,430.6076,432.5446,432.5446,1046.441,1081.3617,427.0584,0.0,2.43015,2.511246,0.971205,30,216,96,2,0.20383968,0.00163983,-0.01249836,0E-8,0.000000,0.906607,0.000000,0.01775797,2026-03-22,2026-08-06,108,3621,2443,138,0.782609,1.360932,1.287360,0.679466,,,,,,,,GLOBAL_BASELINE_NO_ENTITY_RANKING,,,NOT_APPLICABLE_GLOBAL_BASELINE,HF9g-P5,,,,X 全窗基线 · 不参与实体赏罚,14199707,1420,A168_HF9F_20260827_0900,2026-08-27 09:00:00
2026-07-03,57024343,2152,0,854.1168431842,-21.3529210796,-21.3529210796,0.5000000,2,2,0.50665070000000000,0.506650700000,-0.018812684590367487,-0.018812684590367487,-0.018812684590367487,0E-17,ELIGIBLE,R03b_20260811_FULL_v1,L1_ELIGIBILITY,v2026-08-11,2026-03-21..2026-08-06,baccarat_bet02_101_all_pairs_incl_sentinel,round_win = game_pnl > 0 (decisive only),COMPATIBILITY_ONLY_NOT_PRODUCTION,4059548.3812,3680416.6879,6656.9809,9707,9692,-0.00163983,0.01249836,-0.00525961,-0.00163983,-6656.9809,4059548.3812,OK,0.0000,266.2792,4.0000,96.0000,AG03-UNRESOLVED,ALL5_LEVELS_bet23_to_bet27,266.2792,266.2792,266.2792,0.0000,0.0000,4.000000,4.000000,4.000000,0.000000,0.000000,96.000000,96.000000,96.000000,100.000000,100.000000,5.0,798.8377,767.3102,5858.1432,5889.6706,PENDING_AG03,FALSE,NOT_FOR_ENFORCEMENT,6390.7016,3533200.0204,6656.9809,6390.7016,266.2792,0.00163983,0.00157424,266.2792,6390.7016,0.00157424,266.2792,266.2792,266.2792,0.0000,0.0000,6390.7016,0.00157424,798.8377,767.3102,5858.1432,5889.6706,0.00144305,0.00145082,0.00006559,418.2083,379.7376,0.6869,61.6387,1.8384,37588.4109,89.7407,538.3845,395.5999,218.4789,430.6076,432.5446,432.5446,1046.441,1081.3617,427.0584,0.0,2.43015,2.511246,0.971205,30,216,96,2,0.20383968,0.00163983,-0.01249836,0E-8,0.000000,0.906607,0.000000,0.01775797,2026-03-22,2026-08-06,108,3621,2443,138,0.782609,1.360932,1.287360,0.679466,,,,,,,,GLOBAL_BASELINE_NO_ENTITY_RANKING,,,NOT_APPLICABLE_GLOBAL_BASELINE,HF9g-P5,,,,X 全窗基线 · 不参与实体赏罚,14199708,1420,A168_HF9F_20260827_0900,2026-08-27 09:00:00
2026-07-03,57024343,2153,0,427.0584215921,0E-10,0E-10,,1,1,0.50665070000000000,0.506650700000,,,,0E-17,NO_DECISIVE_ROUND,R03b_20260811_FULL_v1,L1_ELIGIBILITY,v2026-08-11,2026-03-21..2026-08-06,baccarat_bet02_101_all_pairs_incl_sentinel,round_win = game_pnl > 0 (decisive only),COMPATIBILITY_ONLY_NOT_PRODUCTION,4059548.3812,3680416.6879,6656.9809,9707,9692,-0.00163983,0.01249836,-0.00525961,-0.00163983,-6656.9809,4059548.3812,OK,0.0000,266.2792,4.0000,96.0000,AG03-UNRESOLVED,ALL5_LEVELS_bet23_to_bet27,266.2792,266.2792,266.2792,0.0000,0.0000,4.000000,4.000000,4.000000,0.000000,0.000000,96.000000,96.000000,96.000000,100.000000,100.000000,5.0,798.8377,767.3102,5858.1432,5889.6706,PENDING_AG03,FALSE,NOT_FOR_ENFORCEMENT,6390.7016,3533200.0204,6656.9809,6390.7016,266.2792,0.00163983,0.00157424,266.2792,6390.7016,0.00157424,266.2792,266.2792,266.2792,0.0000,0.0000,6390.7016,0.00157424,798.8377,767.3102,5858.1432,5889.6706,0.00144305,0.00145082,0.00006559,418.2083,379.7376,0.6869,61.6387,1.8384,37588.4109,89.7407,538.3845,395.5999,218.4789,430.6076,432.5446,432.5446,1046.441,1081.3617,427.0584,0.0,2.43015,2.511246,0.971205,30,216,96,2,0.20383968,0.00163983,-0.01249836,0E-8,0.000000,0.906607,0.000000,0.01775797,2026-03-22,2026-08-06,108,3621,2443,138,0.782609,1.360932,1.287360,0.679466,,,,,,,,GLOBAL_BASELINE_NO_ENTITY_RANKING,,,NOT_APPLICABLE_GLOBAL_BASELINE,HF9g-P5,,,,X 全窗基线 · 不参与实体赏罚,14199709,1420,A168_HF9F_20260827_0900,2026-08-27 09:00:00
2026-07-03,57024343,2160,0,427.0584215921,-427.0584215921,-427.0584215921,0E-7,1,1,0.50665070000000000,0.506650700000,-1.013391052207602,-1.013391052207602,-1.013391052207602,0E-17,ELIGIBLE,R03b_20260811_FULL_v1,L1_ELIGIBILITY,v2026-08-11,2026-03-21..2026-08-06,baccarat_bet02_101_all_pairs_incl_sentinel,round_win = game_pnl > 0 (decisive only),COMPATIBILITY_ONLY_NOT_PRODUCTION,4059548.3812,3680416.6879,6656.9809,9707,9692,-0.00163983,0.01249836,-0.00525961,-0.00163983,-6656.9809,4059548.3812,OK,0.0000,266.2792,4.0000,96.0000,AG03-UNRESOLVED,ALL5_LEVELS_bet23_to_bet27,266.2792,266.2792,266.2792,0.0000,0.0000,4.000000,4.000000,4.000000,0.000000,0.000000,96.000000,96.000000,96.000000,100.000000,100.000000,5.0,798.8377,767.3102,5858.1432,5889.6706,PENDING_AG03,FALSE,NOT_FOR_ENFORCEMENT,6390.7016,3533200.0204,6656.9809,6390.7016,266.2792,0.00163983,0.00157424,266.2792,6390.7016,0.00157424,266.2792,266.2792,266.2792,0.0000,0.0000,6390.7016,0.00157424,798.8377,767.3102,5858.1432,5889.6706,0.00144305,0.00145082,0.00006559,418.2083,379.7376,0.6869,61.6387,1.8384,37588.4109,89.7407,538.3845,395.5999,218.4789,430.6076,432.5446,432.5446,1046.441,1081.3617,427.0584,0.0,2.43015,2.511246,0.971205,30,216,96,2,0.20383968,0.00163983,-0.01249836,0E-8,0.000000,0.906607,0.000000,0.01775797,2026-03-22,2026-08-06,108,3621,2443,138,0.782609,1.360932,1.287360,0.679466,,,,,,,,GLOBAL_BASELINE_NO_ENTITY_RANKING,,,NOT_APPLICABLE_GLOBAL_BASELINE,HF9g-P5,,,,X 全窗基线 · 不参与实体赏罚,14199710,1420,A168_HF9F_20260827_0900,2026-08-27 09:00:00
2026-07-03,57024343,2170,0,1281.1752647763,-448.4113426717,-448.4113426717,0.3333333,3,3,0.50665070000000000,0.506650700000,-0.6004420894325239,-0.6004420894325239,-0.6004420894325239,0E-17,ELIGIBLE,R03b_20260811_FULL_v1,L1_ELIGIBILITY,v2026-08-11,2026-03-21..2026-08-06,baccarat_bet02_101_all_pairs_incl_sentinel,round_win = game_pnl > 0 (decisive only),COMPATIBILITY_ONLY_NOT_PRODUCTION,4059548.3812,3680416.6879,6656.9809,9707,9692,-0.00163983,0.01249836,-0.00525961,-0.00163983,-6656.9809,4059548.3812,OK,0.0000,266.2792,4.0000,96.0000,AG03-UNRESOLVED,ALL5_LEVELS_bet23_to_bet27,266.2792,266.2792,266.2792,0.0000,0.0000,4.000000,4.000000,4.000000,0.000000,0.000000,96.000000,96.000000,96.000000,100.000000,100.000000,5.0,798.8377,767.3102,5858.1432,5889.6706,PENDING_AG03,FALSE,NOT_FOR_ENFORCEMENT,6390.7016,3533200.0204,6656.9809,6390.7016,266.2792,0.00163983,0.00157424,266.2792,6390.7016,0.00157424,266.2792,266.2792,266.2792,0.0000,0.0000,6390.7016,0.00157424,798.8377,767.3102,5858.1432,5889.6706,0.00144305,0.00145082,0.00006559,418.2083,379.7376,0.6869,61.6387,1.8384,37588.4109,89.7407,538.3845,395.5999,218.4789,430.6076,432.5446,432.5446,1046.441,1081.3617,427.0584,0.0,2.43015,2.511246,0.971205,30,216,96,2,0.20383968,0.00163983,-0.01249836,0E-8,0.000000,0.906607,0.000000,0.01775797,2026-03-22,2026-08-06,108,3621,2443,138,0.782609,1.360932,1.287360,0.679466,,,,,,,,GLOBAL_BASELINE_NO_ENTITY_RANKING,,,NOT_APPLICABLE_GLOBAL_BASELINE,HF9g-P5,,,,X 全窗基线 · 不参与实体赏罚,14199711,1420,A168_HF9F_20260827_0900,2026-08-27 09:00:00
2026-07-03,57024343,2174,0,2775.8797403485,-1110.3518961393,-1110.3518961393,0.4000000,5,5,0.50665070000000000,0.506650700000,-0.4769986289884125,-0.4769986289884125,-0.4769986289884125,0E-17,ELIGIBLE,R03b_20260811_FULL_v1,L1_ELIGIBILITY,v2026-08-11,2026-03-21..2026-08-06,baccarat_bet02_101_all_pairs_incl_sentinel,round_win = game_pnl > 0 (decisive only),COMPATIBILITY_ONLY_NOT_PRODUCTION,4059548.3812,3680416.6879,6656.9809,9707,9692,-0.00163983,0.01249836,-0.00525961,-0.00163983,-6656.9809,4059548.3812,OK,0.0000,266.2792,4.0000,96.0000,AG03-UNRESOLVED,ALL5_LEVELS_bet23_to_bet27,266.2792,266.2792,266.2792,0.0000,0.0000,4.000000,4.000000,4.000000,0.000000,0.000000,96.000000,96.000000,96.000000,100.000000,100.000000,5.0,798.8377,767.3102,5858.1432,5889.6706,PENDING_AG03,FALSE,NOT_FOR_ENFORCEMENT,6390.7016,3533200.0204,6656.9809,6390.7016,266.2792,0.00163983,0.00157424,266.2792,6390.7016,0.00157424,266.2792,266.2792,266.2792,0.0000,0.0000,6390.7016,0.00157424,798.8377,767.3102,5858.1432,5889.6706,0.00144305,0.00145082,0.00006559,418.2083,379.7376,0.6869,61.6387,1.8384,37588.4109,89.7407,538.3845,395.5999,218.4789,430.6076,432.5446,432.5446,1046.441,1081.3617,427.0584,0.0,2.43015,2.511246,0.971205,30,216,96,2,0.20383968,0.00163983,-0.01249836,0E-8,0.000000,0.906607,0.000000,0.01775797,2026-03-22,2026-08-06,108,3621,2443,138,0.782609,1.360932,1.287360,0.679466,,,,,,,,GLOBAL_BASELINE_NO_ENTITY_RANKING,,,NOT_APPLICABLE_GLOBAL_BASELINE,HF9g-P5,,,,X 全窗基线 · 不参与实体赏罚,14199712,1420,A168_HF9F_20260827_0900,2026-08-27 09:00:00
2026-07-03,57024343,2196,0,2775.8797403486,565.8524086095,565.8524086095,0.6000000,6,6,0.50665070000000000,0.506650700000,0.4175076967804994,0.4175076967804994,0.4175076967804994,0E-17,ELIGIBLE,R03b_20260811_FULL_v1,L1_ELIGIBILITY,v2026-08-11,2026-03-21..2026-08-06,baccarat_bet02_101_all_pairs_incl_sentinel,round_win = game_pnl > 0 (decisive only),COMPATIBILITY_ONLY_NOT_PRODUCTION,4059548.3812,3680416.6879,6656.9809,9707,9692,-0.00163983,0.01249836,-0.00525961,-0.00163983,-6656.9809,4059548.3812,OK,0.0000,266.2792,4.0000,96.0000,AG03-UNRESOLVED,ALL5_LEVELS_bet23_to_bet27,266.2792,266.2792,266.2792,0.0000,0.0000,4.000000,4.000000,4.000000,0.000000,0.000000,96.000000,96.000000,96.000000,100.000000,100.000000,5.0,798.8377,767.3102,5858.1432,5889.6706,PENDING_AG03,FALSE,NOT_FOR_ENFORCEMENT,6390.7016,3533200.0204,6656.9809,6390.7016,266.2792,0.00163983,0.00157424,266.2792,6390.7016,0.00157424,266.2792,266.2792,266.2792,0.0000,0.0000,6390.7016,0.00157424,798.8377,767.3102,5858.1432,5889.6706,0.00144305,0.00145082,0.00006559,418.2083,379.7376,0.6869,61.6387,1.8384,37588.4109,89.7407,538.3845,395.5999,218.4789,430.6076,432.5446,432.5446,1046.441,1081.3617,427.0584,0.0,2.43015,2.511246,0.971205,30,216,96,2,0.20383968,0.00163983,-0.01249836,0E-8,0.000000,0.906607,0.000000,0.01775797,2026-03-22,2026-08-06,108,3621,2443,138,0.782609,1.360932,1.287360,0.679466,,,,,,,,GLOBAL_BASELINE_NO_ENTITY_RANKING,,,NOT_APPLICABLE_GLOBAL_BASELINE,HF9g-P5,,,,X 全窗基线 · 不参与实体赏罚,14199713,1420,A168_HF9F_20260827_0900,2026-08-27 09:00:00
2026-07-03,57024343,2209,0,854.1168431842,0E-10,0E-10,0.5000000,2,2,0.49324550000000000,0.493245500000,0.01910635448239258,0.01910635448239258,0.01910635448239258,0E-17,ELIGIBLE,R03b_20260811_FULL_v1,L1_ELIGIBILITY,v2026-08-11,2026-03-21..2026-08-06,baccarat_bet02_101_all_pairs_incl_sentinel,round_win = game_pnl > 0 (decisive only),COMPATIBILITY_ONLY_NOT_PRODUCTION,4059548.3812,3680416.6879,6656.9809,9707,9692,-0.00163983,0.01249836,-0.00525961,-0.00163983,-6656.9809,4059548.3812,OK,0.0000,266.2792,4.0000,96.0000,AG03-UNRESOLVED,ALL5_LEVELS_bet23_to_bet27,266.2792,266.2792,266.2792,0.0000,0.0000,4.000000,4.000000,4.000000,0.000000,0.000000,96.000000,96.000000,96.000000,100.000000,100.000000,5.0,798.8377,767.3102,5858.1432,5889.6706,PENDING_AG03,FALSE,NOT_FOR_ENFORCEMENT,6390.7016,3533200.0204,6656.9809,6390.7016,266.2792,0.00163983,0.00157424,266.2792,6390.7016,0.00157424,266.2792,266.2792,266.2792,0.0000,0.0000,6390.7016,0.00157424,798.8377,767.3102,5858.1432,5889.6706,0.00144305,0.00145082,0.00006559,418.2083,379.7376,0.6869,61.6387,1.8384,37588.4109,89.7407,538.3845,395.5999,218.4789,430.6076,432.5446,432.5446,1046.441,1081.3617,427.0584,0.0,2.43015,2.511246,0.971205,30,216,96,2,0.20383968,0.00163983,-0.01249836,0E-8,0.000000,0.906607,0.000000,0.01775797,2026-03-22,2026-08-06,108,3621,2443,138,0.782609,1.360932,1.287360,0.679466,,,,,,,,GLOBAL_BASELINE_NO_ENTITY_RANKING,,,NOT_APPLICABLE_GLOBAL_BASELINE,HF9g-P5,,,,X 全窗基线 · 不参与实体赏罚,14199714,1420,A168_HF9F_20260827_0900,2026-08-27 09:00:00
2026-07-03,57024343,2220,0,640.5876323881,0E-10,0E-10,,1,1,0.50665070000000000,0.506650700000,,,,0E-17,NO_DECISIVE_ROUND,R03b_20260811_FULL_v1,L1_ELIGIBILITY,v2026-08-11,2026-03-21..2026-08-06,baccarat_bet02_101_all_pairs_incl_sentinel,round_win = game_pnl > 0 (decisive only),COMPATIBILITY_ONLY_NOT_PRODUCTION,4059548.3812,3680416.6879,6656.9809,9707,9692,-0.00163983,0.01249836,-0.00525961,-0.00163983,-6656.9809,4059548.3812,OK,0.0000,266.2792,4.0000,96.0000,AG03-UNRESOLVED,ALL5_LEVELS_bet23_to_bet27,266.2792,266.2792,266.2792,0.0000,0.0000,4.000000,4.000000,4.000000,0.000000,0.000000,96.000000,96.000000,96.000000,100.000000,100.000000,5.0,798.8377,767.3102,5858.1432,5889.6706,PENDING_AG03,FALSE,NOT_FOR_ENFORCEMENT,6390.7016,3533200.0204,6656.9809,6390.7016,266.2792,0.00163983,0.00157424,266.2792,6390.7016,0.00157424,266.2792,266.2792,266.2792,0.0000,0.0000,6390.7016,0.00157424,798.8377,767.3102,5858.1432,5889.6706,0.00144305,0.00145082,0.00006559,418.2083,379.7376,0.6869,61.6387,1.8384,37588.4109,89.7407,538.3845,395.5999,218.4789,430.6076,432.5446,432.5446,1046.441,1081.3617,427.0584,0.0,2.43015,2.511246,0.971205,30,216,96,2,0.20383968,0.00163983,-0.01249836,0E-8,0.000000,0.906607,0.000000,0.01775797,2026-03-22,2026-08-06,108,3621,2443,138,0.782609,1.360932,1.287360,0.679466,,,,,,,,GLOBAL_BASELINE_NO_ENTITY_RANKING,,,NOT_APPLICABLE_GLOBAL_BASELINE,HF9g-P5,,,,X 全窗基线 · 不参与实体赏罚,14199715,1420,A168_HF9F_20260827_0900,2026-08-27 09:00:00
2026-07-03,57024343,2278,0,640.5876323881,0E-10,0E-10,,1,1,0.50665070000000000,0.506650700000,,,,0E-17,NO_DECISIVE_ROUND,R03b_20260811_FULL_v1,L1_ELIGIBILITY,v2026-08-11,2026-03-21..2026-08-06,baccarat_bet02_101_all_pairs_incl_sentinel,round_win = game_pnl > 0 (decisive only),COMPATIBILITY_ONLY_NOT_PRODUCTION,4059548.3812,3680416.6879,6656.9809,9707,9692,-0.00163983,0.01249836,-0.00525961,-0.00163983,-6656.9809,4059548.3812,OK,0.0000,266.2792,4.0000,96.0000,AG03-UNRESOLVED,ALL5_LEVELS_bet23_to_bet27,266.2792,266.2792,266.2792,0.0000,0.0000,4.000000,4.000000,4.000000,0.000000,0.000000,96.000000,96.000000,96.000000,100.000000,100.000000,5.0,798.8377,767.3102,5858.1432,5889.6706,PENDING_AG03,FALSE,NOT_FOR_ENFORCEMENT,6390.7016,3533200.0204,6656.9809,6390.7016,266.2792,0.00163983,0.00157424,266.2792,6390.7016,0.00157424,266.2792,266.2792,266.2792,0.0000,0.0000,6390.7016,0.00157424,798.8377,767.3102,5858.1432,5889.6706,0.00144305,0.00145082,0.00006559,418.2083,379.7376,0.6869,61.6387,1.8384,37588.4109,89.7407,538.3845,395.5999,218.4789,430.6076,432.5446,432.5446,1046.441,1081.3617,427.0584,0.0,2.43015,2.511246,0.971205,30,216,96,2,0.20383968,0.00163983,-0.01249836,0E-8,0.000000,0.906607,0.000000,0.01775797,2026-03-22,2026-08-06,108,3621,2443,138,0.782609,1.360932,1.287360,0.679466,,,,,,,,GLOBAL_BASELINE_NO_ENTITY_RANKING,,,NOT_APPLICABLE_GLOBAL_BASELINE,HF9g-P5,,,,X 全窗基线 · 不参与实体赏罚,14199716,1420,A168_HF9F_20260827_0900,2026-08-27 09:00:00
2026-07-03,57024343,2280,0,427.0584215921,405.7055005125,405.7055005125,1.0000000,1,1,0.50665070000000000,0.506650700000,0.9867858985152569,0.9867858985152569,0.9867858985152569,0E-17,ELIGIBLE,R03b_20260811_FULL_v1,L1_ELIGIBILITY,v2026-08-11,2026-03-21..2026-08-06,baccarat_bet02_101_all_pairs_incl_sentinel,round_win = game_pnl > 0 (decisive only),COMPATIBILITY_ONLY_NOT_PRODUCTION,4059548.3812,3680416.6879,6656.9809,9707,9692,-0.00163983,0.01249836,-0.00525961,-0.00163983,-6656.9809,4059548.3812,OK,0.0000,266.2792,4.0000,96.0000,AG03-UNRESOLVED,ALL5_LEVELS_bet23_to_bet27,266.2792,266.2792,266.2792,0.0000,0.0000,4.000000,4.000000,4.000000,0.000000,0.000000,96.000000,96.000000,96.000000,100.000000,100.000000,5.0,798.8377,767.3102,5858.1432,5889.6706,PENDING_AG03,FALSE,NOT_FOR_ENFORCEMENT,6390.7016,3533200.0204,6656.9809,6390.7016,266.2792,0.00163983,0.00157424,266.2792,6390.7016,0.00157424,266.2792,266.2792,266.2792,0.0000,0.0000,6390.7016,0.00157424,798.8377,767.3102,5858.1432,5889.6706,0.00144305,0.00145082,0.00006559,418.2083,379.7376,0.6869,61.6387,1.8384,37588.4109,89.7407,538.3845,395.5999,218.4789,430.6076,432.5446,432.5446,1046.441,1081.3617,427.0584,0.0,2.43015,2.511246,0.971205,30,216,96,2,0.20383968,0.00163983,-0.01249836,0E-8,0.000000,0.906607,0.000000,0.01775797,2026-03-22,2026-08-06,108,3621,2443,138,0.782609,1.360932,1.287360,0.679466,,,,,,,,GLOBAL_BASELINE_NO_ENTITY_RANKING,,,NOT_APPLICABLE_GLOBAL_BASELINE,HF9g-P5,,,,X 全窗基线 · 不参与实体赏罚,14199717,1420,A168_HF9F_20260827_0900,2026-08-27 09:00:00
2026-07-03,57024343,2281,0,854.1168431842,-854.1168431842,-854.1168431842,0E-7,2,2,0.50665070000000000,0.506650700000,-1.4331513700195317,-1.4331513700195317,-1.4331513700195317,0E-17,ELIGIBLE,R03b_20260811_FULL_v1,L1_ELIGIBILITY,v2026-08-11,2026-03-21..2026-08-06,baccarat_bet02_101_all_pairs_incl_sentinel,round_win = game_pnl > 0 (decisive only),COMPATIBILITY_ONLY_NOT_PRODUCTION,4059548.3812,3680416.6879,6656.9809,9707,9692,-0.00163983,0.01249836,-0.00525961,-0.00163983,-6656.9809,4059548.3812,OK,0.0000,266.2792,4.0000,96.0000,AG03-UNRESOLVED,ALL5_LEVELS_bet23_to_bet27,266.2792,266.2792,266.2792,0.0000,0.0000,4.000000,4.000000,4.000000,0.000000,0.000000,96.000000,96.000000,96.000000,100.000000,100.000000,5.0,798.8377,767.3102,5858.1432,5889.6706,PENDING_AG03,FALSE,NOT_FOR_ENFORCEMENT,6390.7016,3533200.0204,6656.9809,6390.7016,266.2792,0.00163983,0.00157424,266.2792,6390.7016,0.00157424,266.2792,266.2792,266.2792,0.0000,0.0000,6390.7016,0.00157424,798.8377,767.3102,5858.1432,5889.6706,0.00144305,0.00145082,0.00006559,418.2083,379.7376,0.6869,61.6387,1.8384,37588.4109,89.7407,538.3845,395.5999,218.4789,430.6076,432.5446,432.5446,1046.441,1081.3617,427.0584,0.0,2.43015,2.511246,0.971205,30,216,96,2,0.20383968,0.00163983,-0.01249836,0E-8,0.000000,0.906607,0.000000,0.01775797,2026-03-22,2026-08-06,108,3621,2443,138,0.782609,1.360932,1.287360,0.679466,,,,,,,,GLOBAL_BASELINE_NO_ENTITY_RANKING,,,NOT_APPLICABLE_GLOBAL_BASELINE,HF9g-P5,,,,X 全窗基线 · 不参与实体赏罚,14199718,1420,A168_HF9F_20260827_0900,2026-08-27 09:00:00
2026-07-03,57024343,763,0,854.1168431842,-21.3529210796,-21.3529210796,0.5000000,2,2,0.50665070000000000,0.506650700000,-0.018812684590367487,-0.018812684590367487,-0.018812684590367487,0E-17,ELIGIBLE,R03b_20260811_FULL_v1,L1_ELIGIBILITY,v2026-08-11,2026-03-21..2026-08-06,baccarat_bet02_101_all_pairs_incl_sentinel,round_win = game_pnl > 0 (decisive only),COMPATIBILITY_ONLY_NOT_PRODUCTION,4059548.3812,3680416.6879,6656.9809,9707,9692,-0.00163983,0.01249836,-0.00525961,-0.00163983,-6656.9809,4059548.3812,OK,0.0000,266.2792,4.0000,96.0000,AG03-UNRESOLVED,ALL5_LEVELS_bet23_to_bet27,266.2792,266.2792,266.2792,0.0000,0.0000,4.000000,4.000000,4.000000,0.000000,0.000000,96.000000,96.000000,96.000000,100.000000,100.000000,5.0,798.8377,767.3102,5858.1432,5889.6706,PENDING_AG03,FALSE,NOT_FOR_ENFORCEMENT,6390.7016,3533200.0204,6656.9809,6390.7016,266.2792,0.00163983,0.00157424,266.2792,6390.7016,0.00157424,266.2792,266.2792,266.2792,0.0000,0.0000,6390.7016,0.00157424,798.8377,767.3102,5858.1432,5889.6706,0.00144305,0.00145082,0.00006559,418.2083,379.7376,0.6869,61.6387,1.8384,37588.4109,89.7407,538.3845,395.5999,218.4789,430.6076,432.5446,432.5446,1046.441,1081.3617,427.0584,0.0,2.43015,2.511246,0.971205,30,216,96,2,0.20383968,0.00163983,-0.01249836,0E-8,0.000000,0.906607,0.000000,0.01775797,2026-03-22,2026-08-06,108,3621,2443,138,0.782609,1.360932,1.287360,0.679466,,,,,,,,GLOBAL_BASELINE_NO_ENTITY_RANKING,,,NOT_APPLICABLE_GLOBAL_BASELINE,HF9g-P5,,,,X 全窗基线 · 不参与实体赏罚,14199719,1420,A168_HF9F_20260827_0900,2026-08-27 09:00:00
2026-07-03,57024343,919,0,640.5876323881,-640.5876323881,-640.5876323881,0E-7,1,1,0.50665070000000000,0.506650700000,-1.013391052207602,-1.013391052207602,-1.013391052207602,0E-17,ELIGIBLE,R03b_20260811_FULL_v1,L1_ELIGIBILITY,v2026-08-11,2026-03-21..2026-08-06,baccarat_bet02_101_all_pairs_incl_sentinel,round_win = game_pnl > 0 (decisive only),COMPATIBILITY_ONLY_NOT_PRODUCTION,4059548.3812,3680416.6879,6656.9809,9707,9692,-0.00163983,0.01249836,-0.00525961,-0.00163983,-6656.9809,4059548.3812,OK,0.0000,266.2792,4.0000,96.0000,AG03-UNRESOLVED,ALL5_LEVELS_bet23_to_bet27,266.2792,266.2792,266.2792,0.0000,0.0000,4.000000,4.000000,4.000000,0.000000,0.000000,96.000000,96.000000,96.000000,100.000000,100.000000,5.0,798.8377,767.3102,5858.1432,5889.6706,PENDING_AG03,FALSE,NOT_FOR_ENFORCEMENT,6390.7016,3533200.0204,6656.9809,6390.7016,266.2792,0.00163983,0.00157424,266.2792,6390.7016,0.00157424,266.2792,266.2792,266.2792,0.0000,0.0000,6390.7016,0.00157424,798.8377,767.3102,5858.1432,5889.6706,0.00144305,0.00145082,0.00006559,418.2083,379.7376,0.6869,61.6387,1.8384,37588.4109,89.7407,538.3845,395.5999,218.4789,430.6076,432.5446,432.5446,1046.441,1081.3617,427.0584,0.0,2.43015,2.511246,0.971205,30,216,96,2,0.20383968,0.00163983,-0.01249836,0E-8,0.000000,0.906607,0.000000,0.01775797,2026-03-22,2026-08-06,108,3621,2443,138,0.782609,1.360932,1.287360,0.679466,,,,,,,,GLOBAL_BASELINE_NO_ENTITY_RANKING,,,NOT_APPLICABLE_GLOBAL_BASELINE,HF9g-P5,,,,X 全窗基线 · 不参与实体赏罚,14199720,1420,A168_HF9F_20260827_0900,2026-08-27 09:00:00
2026-07-03,57024343,987,0,427.0584215921,405.7055005125,405.7055005125,1.0000000,1,1,0.50665070000000000,0.506650700000,0.9867858985152569,0.9867858985152569,0.9867858985152569,0E-17,ELIGIBLE,R03b_20260811_FULL_v1,L1_ELIGIBILITY,v2026-08-11,2026-03-21..2026-08-06,baccarat_bet02_101_all_pairs_incl_sentinel,round_win = game_pnl > 0 (decisive only),COMPATIBILITY_ONLY_NOT_PRODUCTION,4059548.3812,3680416.6879,6656.9809,9707,9692,-0.00163983,0.01249836,-0.00525961,-0.00163983,-6656.9809,4059548.3812,OK,0.0000,266.2792,4.0000,96.0000,AG03-UNRESOLVED,ALL5_LEVELS_bet23_to_bet27,266.2792,266.2792,266.2792,0.0000,0.0000,4.000000,4.000000,4.000000,0.000000,0.000000,96.000000,96.000000,96.000000,100.000000,100.000000,5.0,798.8377,767.3102,5858.1432,5889.6706,PENDING_AG03,FALSE,NOT_FOR_ENFORCEMENT,6390.7016,3533200.0204,6656.9809,6390.7016,266.2792,0.00163983,0.00157424,266.2792,6390.7016,0.00157424,266.2792,266.2792,266.2792,0.0000,0.0000,6390.7016,0.00157424,798.8377,767.3102,5858.1432,5889.6706,0.00144305,0.00145082,0.00006559,418.2083,379.7376,0.6869,61.6387,1.8384,37588.4109,89.7407,538.3845,395.5999,218.4789,430.6076,432.5446,432.5446,1046.441,1081.3617,427.0584,0.0,2.43015,2.511246,0.971205,30,216,96,2,0.20383968,0.00163983,-0.01249836,0E-8,0.000000,0.906607,0.000000,0.01775797,2026-03-22,2026-08-06,108,3621,2443,138,0.782609,1.360932,1.287360,0.679466,,,,,,,,GLOBAL_BASELINE_NO_ENTITY_RANKING,,,NOT_APPLICABLE_GLOBAL_BASELINE,HF9g-P5,,,,X 全窗基线 · 不参与实体赏罚,14199721,1420,A168_HF9F_20260827_0900,2026-08-27 09:00:00
2026-07-04,57024343,-1,1,6405.8763238813,-1409.2927912539,-1409.2927912539,0.2727273,11,11,0.50543204545454545,0.505432045455,-1.543679937902423,-1.5436799379054535,-1.543679937902423,-4.5455E-13,SENTINEL_DEALER,R03b_20260811_FULL_v1,L1_ELIGIBILITY,v2026-08-11,2026-03-21..2026-08-06,baccarat_bet02_101_all_pairs_incl_sentinel,round_win = game_pnl > 0 (decisive only),COMPATIBILITY_ONLY_NOT_PRODUCTION,4059548.3812,3680416.6879,6656.9809,9707,9692,-0.00163983,0.01249836,-0.00525961,-0.00163983,-6656.9809,4059548.3812,OK,0.0000,266.2792,4.0000,96.0000,AG03-UNRESOLVED,ALL5_LEVELS_bet23_to_bet27,266.2792,266.2792,266.2792,0.0000,0.0000,4.000000,4.000000,4.000000,0.000000,0.000000,96.000000,96.000000,96.000000,100.000000,100.000000,5.0,798.8377,767.3102,5858.1432,5889.6706,PENDING_AG03,FALSE,NOT_FOR_ENFORCEMENT,6390.7016,3533200.0204,6656.9809,6390.7016,266.2792,0.00163983,0.00157424,266.2792,6390.7016,0.00157424,266.2792,266.2792,266.2792,0.0000,0.0000,6390.7016,0.00157424,798.8377,767.3102,5858.1432,5889.6706,0.00144305,0.00145082,0.00006559,418.2083,379.7376,0.6869,61.6387,1.8384,37588.4109,89.7407,538.3845,395.5999,218.4789,430.6076,432.5446,432.5446,1046.441,1081.3617,427.0584,0.0,2.43015,2.511246,0.971205,30,216,96,2,0.20383968,0.00163983,-0.01249836,0E-8,0.000000,0.906607,0.000000,0.01775797,2026-03-22,2026-08-06,108,3621,2443,138,0.782609,1.360932,1.287360,0.679466,,,,,,,,GLOBAL_BASELINE_NO_ENTITY_RANKING,,,NOT_APPLICABLE_GLOBAL_BASELINE,HF9g-P5,,,,X 全窗基线 · 不参与实体赏罚,14199722,1420,A168_HF9F_20260827_0900,2026-08-27 09:00:00
2026-07-04,57024343,1109,0,427.0584215921,405.7055005125,405.7055005125,1.0000000,1,1,0.50665070000000000,0.506650700000,0.9867858985152569,0.9867858985152569,0.9867858985152569,0E-17,ELIGIBLE,R03b_20260811_FULL_v1,L1_ELIGIBILITY,v2026-08-11,2026-03-21..2026-08-06,baccarat_bet02_101_all_pairs_incl_sentinel,round_win = game_pnl > 0 (decisive only),COMPATIBILITY_ONLY_NOT_PRODUCTION,4059548.3812,3680416.6879,6656.9809,9707,9692,-0.00163983,0.01249836,-0.00525961,-0.00163983,-6656.9809,4059548.3812,OK,0.0000,266.2792,4.0000,96.0000,AG03-UNRESOLVED,ALL5_LEVELS_bet23_to_bet27,266.2792,266.2792,266.2792,0.0000,0.0000,4.000000,4.000000,4.000000,0.000000,0.000000,96.000000,96.000000,96.000000,100.000000,100.000000,5.0,798.8377,767.3102,5858.1432,5889.6706,PENDING_AG03,FALSE,NOT_FOR_ENFORCEMENT,6390.7016,3533200.0204,6656.9809,6390.7016,266.2792,0.00163983,0.00157424,266.2792,6390.7016,0.00157424,266.2792,266.2792,266.2792,0.0000,0.0000,6390.7016,0.00157424,798.8377,767.3102,5858.1432,5889.6706,0.00144305,0.00145082,0.00006559,418.2083,379.7376,0.6869,61.6387,1.8384,37588.4109,89.7407,538.3845,395.5999,218.4789,430.6076,432.5446,432.5446,1046.441,1081.3617,427.0584,0.0,2.43015,2.511246,0.971205,30,216,96,2,0.20383968,0.00163983,-0.01249836,0E-8,0.000000,0.906607,0.000000,0.01775797,2026-03-22,2026-08-06,108,3621,2443,138,0.782609,1.360932,1.287360,0.679466,,,,,,,,GLOBAL_BASELINE_NO_ENTITY_RANKING,,,NOT_APPLICABLE_GLOBAL_BASELINE,HF9g-P5,,,,X 全窗基线 · 不参与实体赏罚,14199723,1420,A168_HF9F_20260827_0900,2026-08-27 09:00:00
2026-07-04,57024343,1215,0,1921.7628971644,-661.9405534677,-661.9405534677,0.5000000,3,3,0.50665070000000000,0.506650700000,-0.018812684590367487,-0.018812684590367487,-0.018812684590367487,0E-17,ELIGIBLE,R03b_20260811_FULL_v1,L1_ELIGIBILITY,v2026-08-11,2026-03-21..2026-08-06,baccarat_bet02_101_all_pairs_incl_sentinel,round_win = game_pnl > 0 (decisive only),COMPATIBILITY_ONLY_NOT_PRODUCTION,4059548.3812,3680416.6879,6656.9809,9707,9692,-0.00163983,0.01249836,-0.00525961,-0.00163983,-6656.9809,4059548.3812,OK,0.0000,266.2792,4.0000,96.0000,AG03-UNRESOLVED,ALL5_LEVELS_bet23_to_bet27,266.2792,266.2792,266.2792,0.0000,0.0000,4.000000,4.000000,4.000000,0.000000,0.000000,96.000000,96.000000,96.000000,100.000000,100.000000,5.0,798.8377,767.3102,5858.1432,5889.6706,PENDING_AG03,FALSE,NOT_FOR_ENFORCEMENT,6390.7016,3533200.0204,6656.9809,6390.7016,266.2792,0.00163983,0.00157424,266.2792,6390.7016,0.00157424,266.2792,266.2792,266.2792,0.0000,0.0000,6390.7016,0.00157424,798.8377,767.3102,5858.1432,5889.6706,0.00144305,0.00145082,0.00006559,418.2083,379.7376,0.6869,61.6387,1.8384,37588.4109,89.7407,538.3845,395.5999,218.4789,430.6076,432.5446,432.5446,1046.441,1081.3617,427.0584,0.0,2.43015,2.511246,0.971205,30,216,96,2,0.20383968,0.00163983,-0.01249836,0E-8,0.000000,0.906607,0.000000,0.01775797,2026-03-22,2026-08-06,108,3621,2443,138,0.782609,1.360932,1.287360,0.679466,,,,,,,,GLOBAL_BASELINE_NO_ENTITY_RANKING,,,NOT_APPLICABLE_GLOBAL_BASELINE,HF9g-P5,,,,X 全窗基线 · 不参与实体赏罚,14199724,1420,A168_HF9F_20260827_0900,2026-08-27 09:00:00
2026-07-04,57024343,1323,0,427.0584215921,-427.0584215921,-427.0584215921,0E-7,1,1,0.50665070000000000,0.506650700000,-1.013391052207602,-1.013391052207602,-1.013391052207602,0E-17,ELIGIBLE,R03b_20260811_FULL_v1,L1_ELIGIBILITY,v2026-08-11,2026-03-21..2026-08-06,baccarat_bet02_101_all_pairs_incl_sentinel,round_win = game_pnl > 0 (decisive only),COMPATIBILITY_ONLY_NOT_PRODUCTION,4059548.3812,3680416.6879,6656.9809,9707,9692,-0.00163983,0.01249836,-0.00525961,-0.00163983,-6656.9809,4059548.3812,OK,0.0000,266.2792,4.0000,96.0000,AG03-UNRESOLVED,ALL5_LEVELS_bet23_to_bet27,266.2792,266.2792,266.2792,0.0000,0.0000,4.000000,4.000000,4.000000,0.000000,0.000000,96.000000,96.000000,96.000000,100.000000,100.000000,5.0,798.8377,767.3102,5858.1432,5889.6706,PENDING_AG03,FALSE,NOT_FOR_ENFORCEMENT,6390.7016,3533200.0204,6656.9809,6390.7016,266.2792,0.00163983,0.00157424,266.2792,6390.7016,0.00157424,266.2792,266.2792,266.2792,0.0000,0.0000,6390.7016,0.00157424,798.8377,767.3102,5858.1432,5889.6706,0.00144305,0.00145082,0.00006559,418.2083,379.7376,0.6869,61.6387,1.8384,37588.4109,89.7407,538.3845,395.5999,218.4789,430.6076,432.5446,432.5446,1046.441,1081.3617,427.0584,0.0,2.43015,2.511246,0.971205,30,216,96,2,0.20383968,0.00163983,-0.01249836,0E-8,0.000000,0.906607,0.000000,0.01775797,2026-03-22,2026-08-06,108,3621,2443,138,0.782609,1.360932,1.287360,0.679466,,,,,,,,GLOBAL_BASELINE_NO_ENTITY_RANKING,,,NOT_APPLICABLE_GLOBAL_BASELINE,HF9g-P5,,,,X 全窗基线 · 不参与实体赏罚,14199725,1420,A168_HF9F_20260827_0900,2026-08-27 09:00:00
2026-07-04,57024343,1383,0,854.1168431842,-21.3529210796,-21.3529210796,0.5000000,2,2,0.50665070000000000,0.506650700000,-0.018812684590367487,-0.018812684590367487,-0.018812684590367487,0E-17,ELIGIBLE,R03b_20260811_FULL_v1,L1_ELIGIBILITY,v2026-08-11,2026-03-21..2026-08-06,baccarat_bet02_101_all_pairs_incl_sentinel,round_win = game_pnl > 0 (decisive only),COMPATIBILITY_ONLY_NOT_PRODUCTION,4059548.3812,3680416.6879,6656.9809,9707,9692,-0.00163983,0.01249836,-0.00525961,-0.00163983,-6656.9809,4059548.3812,OK,0.0000,266.2792,4.0000,96.0000,AG03-UNRESOLVED,ALL5_LEVELS_bet23_to_bet27,266.2792,266.2792,266.2792,0.0000,0.0000,4.000000,4.000000,4.000000,0.000000,0.000000,96.000000,96.000000,96.000000,100.000000,100.000000,5.0,798.8377,767.3102,5858.1432,5889.6706,PENDING_AG03,FALSE,NOT_FOR_ENFORCEMENT,6390.7016,3533200.0204,6656.9809,6390.7016,266.2792,0.00163983,0.00157424,266.2792,6390.7016,0.00157424,266.2792,266.2792,266.2792,0.0000,0.0000,6390.7016,0.00157424,798.8377,767.3102,5858.1432,5889.6706,0.00144305,0.00145082,0.00006559,418.2083,379.7376,0.6869,61.6387,1.8384,37588.4109,89.7407,538.3845,395.5999,218.4789,430.6076,432.5446,432.5446,1046.441,1081.3617,427.0584,0.0,2.43015,2.511246,0.971205,30,216,96,2,0.20383968,0.00163983,-0.01249836,0E-8,0.000000,0.906607,0.000000,0.01775797,2026-03-22,2026-08-06,108,3621,2443,138,0.782609,1.360932,1.287360,0.679466,,,,,,,,GLOBAL_BASELINE_NO_ENTITY_RANKING,,,NOT_APPLICABLE_GLOBAL_BASELINE,HF9g-P5,,,,X 全窗基线 · 不参与实体赏罚,14199726,1420,A168_HF9F_20260827_0900,2026-08-27 09:00:00
2026-07-04,57024343,1384,0,1708.2336863684,-448.4113426717,-448.4113426717,0.3333333,4,4,0.50665070000000000,0.506650700000,-0.6004420894325239,-0.6004420894325239,-0.6004420894325239,0E-17,ELIGIBLE,R03b_20260811_FULL_v1,L1_ELIGIBILITY,v2026-08-11,2026-03-21..2026-08-06,baccarat_bet02_101_all_pairs_incl_sentinel,round_win = game_pnl > 0 (decisive only),COMPATIBILITY_ONLY_NOT_PRODUCTION,4059548.3812,3680416.6879,6656.9809,9707,9692,-0.00163983,0.01249836,-0.00525961,-0.00163983,-6656.9809,4059548.3812,OK,0.0000,266.2792,4.0000,96.0000,AG03-UNRESOLVED,ALL5_LEVELS_bet23_to_bet27,266.2792,266.2792,266.2792,0.0000,0.0000,4.000000,4.000000,4.000000,0.000000,0.000000,96.000000,96.000000,96.000000,100.000000,100.000000,5.0,798.8377,767.3102,5858.1432,5889.6706,PENDING_AG03,FALSE,NOT_FOR_ENFORCEMENT,6390.7016,3533200.0204,6656.9809,6390.7016,266.2792,0.00163983,0.00157424,266.2792,6390.7016,0.00157424,266.2792,266.2792,266.2792,0.0000,0.0000,6390.7016,0.00157424,798.8377,767.3102,5858.1432,5889.6706,0.00144305,0.00145082,0.00006559,418.2083,379.7376,0.6869,61.6387,1.8384,37588.4109,89.7407,538.3845,395.5999,218.4789,430.6076,432.5446,432.5446,1046.441,1081.3617,427.0584,0.0,2.43015,2.511246,0.971205,30,216,96,2,0.20383968,0.00163983,-0.01249836,0E-8,0.000000,0.906607,0.000000,0.01775797,2026-03-22,2026-08-06,108,3621,2443,138,0.782609,1.360932,1.287360,0.679466,,,,,,,,GLOBAL_BASELINE_NO_ENTITY_RANKING,,,NOT_APPLICABLE_GLOBAL_BASELINE,HF9g-P5,,,,X 全窗基线 · 不参与实体赏罚,14199727,1420,A168_HF9F_20260827_0900,2026-08-27 09:00:00
2026-07-04,57024343,1401,0,427.0584215921,-427.0584215921,-427.0584215921,0E-7,1,1,0.50665070000000000,0.506650700000,-1.013391052207602,-1.013391052207602,-1.013391052207602,0E-17,ELIGIBLE,R03b_20260811_FULL_v1,L1_ELIGIBILITY,v2026-08-11,2026-03-21..2026-08-06,baccarat_bet02_101_all_pairs_incl_sentinel,round_win = game_pnl > 0 (decisive only),COMPATIBILITY_ONLY_NOT_PRODUCTION,4059548.3812,3680416.6879,6656.9809,9707,9692,-0.00163983,0.01249836,-0.00525961,-0.00163983,-6656.9809,4059548.3812,OK,0.0000,266.2792,4.0000,96.0000,AG03-UNRESOLVED,ALL5_LEVELS_bet23_to_bet27,266.2792,266.2792,266.2792,0.0000,0.0000,4.000000,4.000000,4.000000,0.000000,0.000000,96.000000,96.000000,96.000000,100.000000,100.000000,5.0,798.8377,767.3102,5858.1432,5889.6706,PENDING_AG03,FALSE,NOT_FOR_ENFORCEMENT,6390.7016,3533200.0204,6656.9809,6390.7016,266.2792,0.00163983,0.00157424,266.2792,6390.7016,0.00157424,266.2792,266.2792,266.2792,0.0000,0.0000,6390.7016,0.00157424,798.8377,767.3102,5858.1432,5889.6706,0.00144305,0.00145082,0.00006559,418.2083,379.7376,0.6869,61.6387,1.8384,37588.4109,89.7407,538.3845,395.5999,218.4789,430.6076,432.5446,432.5446,1046.441,1081.3617,427.0584,0.0,2.43015,2.511246,0.971205,30,216,96,2,0.20383968,0.00163983,-0.01249836,0E-8,0.000000,0.906607,0.000000,0.01775797,2026-03-22,2026-08-06,108,3621,2443,138,0.782609,1.360932,1.287360,0.679466,,,,,,,,GLOBAL_BASELINE_NO_ENTITY_RANKING,,,NOT_APPLICABLE_GLOBAL_BASELINE,HF9g-P5,,,,X 全窗基线 · 不参与实体赏罚,14199728,1420,A168_HF9F_20260827_0900,2026-08-27 09:00:00
2026-07-04,57024343,1714,0,2348.8213187564,2231.3802528186,2231.3802528186,1.0000000,3,3,0.50665070000000000,0.506650700000,1.7091633124209307,1.7091633124209307,1.7091633124209307,0E-17,ELIGIBLE,R03b_20260811_FULL_v1,L1_ELIGIBILITY,v2026-08-11,2026-03-21..2026-08-06,baccarat_bet02_101_all_pairs_incl_sentinel,round_win = game_pnl > 0 (decisive only),COMPATIBILITY_ONLY_NOT_PRODUCTION,4059548.3812,3680416.6879,6656.9809,9707,9692,-0.00163983,0.01249836,-0.00525961,-0.00163983,-6656.9809,4059548.3812,OK,0.0000,266.2792,4.0000,96.0000,AG03-UNRESOLVED,ALL5_LEVELS_bet23_to_bet27,266.2792,266.2792,266.2792,0.0000,0.0000,4.000000,4.000000,4.000000,0.000000,0.000000,96.000000,96.000000,96.000000,100.000000,100.000000,5.0,798.8377,767.3102,5858.1432,5889.6706,PENDING_AG03,FALSE,NOT_FOR_ENFORCEMENT,6390.7016,3533200.0204,6656.9809,6390.7016,266.2792,0.00163983,0.00157424,266.2792,6390.7016,0.00157424,266.2792,266.2792,266.2792,0.0000,0.0000,6390.7016,0.00157424,798.8377,767.3102,5858.1432,5889.6706,0.00144305,0.00145082,0.00006559,418.2083,379.7376,0.6869,61.6387,1.8384,37588.4109,89.7407,538.3845,395.5999,218.4789,430.6076,432.5446,432.5446,1046.441,1081.3617,427.0584,0.0,2.43015,2.511246,0.971205,30,216,96,2,0.20383968,0.00163983,-0.01249836,0E-8,0.000000,0.906607,0.000000,0.01775797,2026-03-22,2026-08-06,108,3621,2443,138,0.782609,1.360932,1.287360,0.679466,,,,,,,,GLOBAL_BASELINE_NO_ENTITY_RANKING,,,NOT_APPLICABLE_GLOBAL_BASELINE,HF9g-P5,,,,X 全窗基线 · 不参与实体赏罚,14199729,1420,A168_HF9F_20260827_0900,2026-08-27 09:00:00
2026-07-04,57024343,1942,0,1921.7628971644,-1088.9989750598,-1088.9989750598,0.2500000,4,4,0.50665070000000000,0.506650700000,-1.0266936290537745,-1.0266936290537745,-1.0266936290537745,0E-17,ELIGIBLE,R03b_20260811_FULL_v1,L1_ELIGIBILITY,v2026-08-11,2026-03-21..2026-08-06,baccarat_bet02_101_all_pairs_incl_sentinel,round_win = game_pnl > 0 (decisive only),COMPATIBILITY_ONLY_NOT_PRODUCTION,4059548.3812,3680416.6879,6656.9809,9707,9692,-0.00163983,0.01249836,-0.00525961,-0.00163983,-6656.9809,4059548.3812,OK,0.0000,266.2792,4.0000,96.0000,AG03-UNRESOLVED,ALL5_LEVELS_bet23_to_bet27,266.2792,266.2792,266.2792,0.0000,0.0000,4.000000,4.000000,4.000000,0.000000,0.000000,96.000000,96.000000,96.000000,100.000000,100.000000,5.0,798.8377,767.3102,5858.1432,5889.6706,PENDING_AG03,FALSE,NOT_FOR_ENFORCEMENT,6390.7016,3533200.0204,6656.9809,6390.7016,266.2792,0.00163983,0.00157424,266.2792,6390.7016,0.00157424,266.2792,266.2792,266.2792,0.0000,0.0000,6390.7016,0.00157424,798.8377,767.3102,5858.1432,5889.6706,0.00144305,0.00145082,0.00006559,418.2083,379.7376,0.6869,61.6387,1.8384,37588.4109,89.7407,538.3845,395.5999,218.4789,430.6076,432.5446,432.5446,1046.441,1081.3617,427.0584,0.0,2.43015,2.511246,0.971205,30,216,96,2,0.20383968,0.00163983,-0.01249836,0E-8,0.000000,0.906607,0.000000,0.01775797,2026-03-22,2026-08-06,108,3621,2443,138,0.782609,1.360932,1.287360,0.679466,,,,,,,,GLOBAL_BASELINE_NO_ENTITY_RANKING,,,NOT_APPLICABLE_GLOBAL_BASELINE,HF9g-P5,,,,X 全窗基线 · 不参与实体赏罚,14199730,1420,A168_HF9F_20260827_0900,2026-08-27 09:00:00
2026-07-04,57024343,1966,0,427.0584215921,427.0584215921,427.0584215921,1.0000000,1,1,0.49324550000000000,0.493245500000,1.01360149184955,1.01360149184955,1.01360149184955,0E-17,ELIGIBLE,R03b_20260811_FULL_v1,L1_ELIGIBILITY,v2026-08-11,2026-03-21..2026-08-06,baccarat_bet02_101_all_pairs_incl_sentinel,round_win = game_pnl > 0 (decisive only),COMPATIBILITY_ONLY_NOT_PRODUCTION,4059548.3812,3680416.6879,6656.9809,9707,9692,-0.00163983,0.01249836,-0.00525961,-0.00163983,-6656.9809,4059548.3812,OK,0.0000,266.2792,4.0000,96.0000,AG03-UNRESOLVED,ALL5_LEVELS_bet23_to_bet27,266.2792,266.2792,266.2792,0.0000,0.0000,4.000000,4.000000,4.000000,0.000000,0.000000,96.000000,96.000000,96.000000,100.000000,100.000000,5.0,798.8377,767.3102,5858.1432,5889.6706,PENDING_AG03,FALSE,NOT_FOR_ENFORCEMENT,6390.7016,3533200.0204,6656.9809,6390.7016,266.2792,0.00163983,0.00157424,266.2792,6390.7016,0.00157424,266.2792,266.2792,266.2792,0.0000,0.0000,6390.7016,0.00157424,798.8377,767.3102,5858.1432,5889.6706,0.00144305,0.00145082,0.00006559,418.2083,379.7376,0.6869,61.6387,1.8384,37588.4109,89.7407,538.3845,395.5999,218.4789,430.6076,432.5446,432.5446,1046.441,1081.3617,427.0584,0.0,2.43015,2.511246,0.971205,30,216,96,2,0.20383968,0.00163983,-0.01249836,0E-8,0.000000,0.906607,0.000000,0.01775797,2026-03-22,2026-08-06,108,3621,2443,138,0.782609,1.360932,1.287360,0.679466,,,,,,,,GLOBAL_BASELINE_NO_ENTITY_RANKING,,,NOT_APPLICABLE_GLOBAL_BASELINE,HF9g-P5,,,,X 全窗基线 · 不参与实体赏罚,14199731,1420,A168_HF9F_20260827_0900,2026-08-27 09:00:00
2026-07-04,57024343,1994,0,3416.4673727367,2007.1745814828,2007.1745814828,0.8333333,7,7,0.50473567142857143,0.504735671429,1.6098654138594164,1.6098654138573298,1.6098654138594164,-4.2857E-13,ELIGIBLE,R03b_20260811_FULL_v1,L1_ELIGIBILITY,v2026-08-11,2026-03-21..2026-08-06,baccarat_bet02_101_all_pairs_incl_sentinel,round_win = game_pnl > 0 (decisive only),COMPATIBILITY_ONLY_NOT_PRODUCTION,4059548.3812,3680416.6879,6656.9809,9707,9692,-0.00163983,0.01249836,-0.00525961,-0.00163983,-6656.9809,4059548.3812,OK,0.0000,266.2792,4.0000,96.0000,AG03-UNRESOLVED,ALL5_LEVELS_bet23_to_bet27,266.2792,266.2792,266.2792,0.0000,0.0000,4.000000,4.000000,4.000000,0.000000,0.000000,96.000000,96.000000,96.000000,100.000000,100.000000,5.0,798.8377,767.3102,5858.1432,5889.6706,PENDING_AG03,FALSE,NOT_FOR_ENFORCEMENT,6390.7016,3533200.0204,6656.9809,6390.7016,266.2792,0.00163983,0.00157424,266.2792,6390.7016,0.00157424,266.2792,266.2792,266.2792,0.0000,0.0000,6390.7016,0.00157424,798.8377,767.3102,5858.1432,5889.6706,0.00144305,0.00145082,0.00006559,418.2083,379.7376,0.6869,61.6387,1.8384,37588.4109,89.7407,538.3845,395.5999,218.4789,430.6076,432.5446,432.5446,1046.441,1081.3617,427.0584,0.0,2.43015,2.511246,0.971205,30,216,96,2,0.20383968,0.00163983,-0.01249836,0E-8,0.000000,0.906607,0.000000,0.01775797,2026-03-22,2026-08-06,108,3621,2443,138,0.782609,1.360932,1.287360,0.679466,,,,,,,,GLOBAL_BASELINE_NO_ENTITY_RANKING,,,NOT_APPLICABLE_GLOBAL_BASELINE,HF9g-P5,,,,X 全窗基线 · 不参与实体赏罚,14199732,1420,A168_HF9F_20260827_0900,2026-08-27 09:00:00
2026-07-04,57024343,2109,0,854.1168431842,-854.1168431842,-854.1168431842,0E-7,2,2,0.50665070000000000,0.506650700000,-1.4331513700195317,-1.4331513700195317,-1.4331513700195317,0E-17,ELIGIBLE,R03b_20260811_FULL_v1,L1_ELIGIBILITY,v2026-08-11,2026-03-21..2026-08-06,baccarat_bet02_101_all_pairs_incl_sentinel,round_win = game_pnl > 0 (decisive only),COMPATIBILITY_ONLY_NOT_PRODUCTION,4059548.3812,3680416.6879,6656.9809,9707,9692,-0.00163983,0.01249836,-0.00525961,-0.00163983,-6656.9809,4059548.3812,OK,0.0000,266.2792,4.0000,96.0000,AG03-UNRESOLVED,ALL5_LEVELS_bet23_to_bet27,266.2792,266.2792,266.2792,0.0000,0.0000,4.000000,4.000000,4.000000,0.000000,0.000000,96.000000,96.000000,96.000000,100.000000,100.000000,5.0,798.8377,767.3102,5858.1432,5889.6706,PENDING_AG03,FALSE,NOT_FOR_ENFORCEMENT,6390.7016,3533200.0204,6656.9809,6390.7016,266.2792,0.00163983,0.00157424,266.2792,6390.7016,0.00157424,266.2792,266.2792,266.2792,0.0000,0.0000,6390.7016,0.00157424,798.8377,767.3102,5858.1432,5889.6706,0.00144305,0.00145082,0.00006559,418.2083,379.7376,0.6869,61.6387,1.8384,37588.4109,89.7407,538.3845,395.5999,218.4789,430.6076,432.5446,432.5446,1046.441,1081.3617,427.0584,0.0,2.43015,2.511246,0.971205,30,216,96,2,0.20383968,0.00163983,-0.01249836,0E-8,0.000000,0.906607,0.000000,0.01775797,2026-03-22,2026-08-06,108,3621,2443,138,0.782609,1.360932,1.287360,0.679466,,,,,,,,GLOBAL_BASELINE_NO_ENTITY_RANKING,,,NOT_APPLICABLE_GLOBAL_BASELINE,HF9g-P5,,,,X 全窗基线 · 不参与实体赏罚,14199733,1420,A168_HF9F_20260827_0900,2026-08-27 09:00:00
2026-07-04,57024343,2117,0,213.5292107960,-213.5292107960,-213.5292107960,0E-7,1,1,0.50665070000000000,0.506650700000,-1.013391052207602,-1.013391052207602,-1.013391052207602,0E-17,ELIGIBLE,R03b_20260811_FULL_v1,L1_ELIGIBILITY,v2026-08-11,2026-03-21..2026-08-06,baccarat_bet02_101_all_pairs_incl_sentinel,round_win = game_pnl > 0 (decisive only),COMPATIBILITY_ONLY_NOT_PRODUCTION,4059548.3812,3680416.6879,6656.9809,9707,9692,-0.00163983,0.01249836,-0.00525961,-0.00163983,-6656.9809,4059548.3812,OK,0.0000,266.2792,4.0000,96.0000,AG03-UNRESOLVED,ALL5_LEVELS_bet23_to_bet27,266.2792,266.2792,266.2792,0.0000,0.0000,4.000000,4.000000,4.000000,0.000000,0.000000,96.000000,96.000000,96.000000,100.000000,100.000000,5.0,798.8377,767.3102,5858.1432,5889.6706,PENDING_AG03,FALSE,NOT_FOR_ENFORCEMENT,6390.7016,3533200.0204,6656.9809,6390.7016,266.2792,0.00163983,0.00157424,266.2792,6390.7016,0.00157424,266.2792,266.2792,266.2792,0.0000,0.0000,6390.7016,0.00157424,798.8377,767.3102,5858.1432,5889.6706,0.00144305,0.00145082,0.00006559,418.2083,379.7376,0.6869,61.6387,1.8384,37588.4109,89.7407,538.3845,395.5999,218.4789,430.6076,432.5446,432.5446,1046.441,1081.3617,427.0584,0.0,2.43015,2.511246,0.971205,30,216,96,2,0.20383968,0.00163983,-0.01249836,0E-8,0.000000,0.906607,0.000000,0.01775797,2026-03-22,2026-08-06,108,3621,2443,138,0.782609,1.360932,1.287360,0.679466,,,,,,,,GLOBAL_BASELINE_NO_ENTITY_RANKING,,,NOT_APPLICABLE_GLOBAL_BASELINE,HF9g-P5,,,,X 全窗基线 · 不参与实体赏罚,14199734,1420,A168_HF9F_20260827_0900,2026-08-27 09:00:00
2026-07-04,57024343,2171,0,427.0584215921,405.7055005125,405.7055005125,1.0000000,1,1,0.50665070000000000,0.506650700000,0.9867858985152569,0.9867858985152569,0.9867858985152569,0E-17,ELIGIBLE,R03b_20260811_FULL_v1,L1_ELIGIBILITY,v2026-08-11,2026-03-21..2026-08-06,baccarat_bet02_101_all_pairs_incl_sentinel,round_win = game_pnl > 0 (decisive only),COMPATIBILITY_ONLY_NOT_PRODUCTION,4059548.3812,3680416.6879,6656.9809,9707,9692,-0.00163983,0.01249836,-0.00525961,-0.00163983,-6656.9809,4059548.3812,OK,0.0000,266.2792,4.0000,96.0000,AG03-UNRESOLVED,ALL5_LEVELS_bet23_to_bet27,266.2792,266.2792,266.2792,0.0000,0.0000,4.000000,4.000000,4.000000,0.000000,0.000000,96.000000,96.000000,96.000000,100.000000,100.000000,5.0,798.8377,767.3102,5858.1432,5889.6706,PENDING_AG03,FALSE,NOT_FOR_ENFORCEMENT,6390.7016,3533200.0204,6656.9809,6390.7016,266.2792,0.00163983,0.00157424,266.2792,6390.7016,0.00157424,266.2792,266.2792,266.2792,0.0000,0.0000,6390.7016,0.00157424,798.8377,767.3102,5858.1432,5889.6706,0.00144305,0.00145082,0.00006559,418.2083,379.7376,0.6869,61.6387,1.8384,37588.4109,89.7407,538.3845,395.5999,218.4789,430.6076,432.5446,432.5446,1046.441,1081.3617,427.0584,0.0,2.43015,2.511246,0.971205,30,216,96,2,0.20383968,0.00163983,-0.01249836,0E-8,0.000000,0.906607,0.000000,0.01775797,2026-03-22,2026-08-06,108,3621,2443,138,0.782609,1.360932,1.287360,0.679466,,,,,,,,GLOBAL_BASELINE_NO_ENTITY_RANKING,,,NOT_APPLICABLE_GLOBAL_BASELINE,HF9g-P5,,,,X 全窗基线 · 不参与实体赏罚,14199735,1420,A168_HF9F_20260827_0900,2026-08-27 09:00:00
2026-07-04,57024343,2209,0,854.1168431842,-427.0584215921,-427.0584215921,0E-7,2,2,0.50665070000000000,0.506650700000,-1.013391052207602,-1.013391052207602,-1.013391052207602,0E-17,ELIGIBLE,R03b_20260811_FULL_v1,L1_ELIGIBILITY,v2026-08-11,2026-03-21..2026-08-06,baccarat_bet02_101_all_pairs_incl_sentinel,round_win = game_pnl > 0 (decisive only),COMPATIBILITY_ONLY_NOT_PRODUCTION,4059548.3812,3680416.6879,6656.9809,9707,9692,-0.00163983,0.01249836,-0.00525961,-0.00163983,-6656.9809,4059548.3812,OK,0.0000,266.2792,4.0000,96.0000,AG03-UNRESOLVED,ALL5_LEVELS_bet23_to_bet27,266.2792,266.2792,266.2792,0.0000,0.0000,4.000000,4.000000,4.000000,0.000000,0.000000,96.000000,96.000000,96.000000,100.000000,100.000000,5.0,798.8377,767.3102,5858.1432,5889.6706,PENDING_AG03,FALSE,NOT_FOR_ENFORCEMENT,6390.7016,3533200.0204,6656.9809,6390.7016,266.2792,0.00163983,0.00157424,266.2792,6390.7016,0.00157424,266.2792,266.2792,266.2792,0.0000,0.0000,6390.7016,0.00157424,798.8377,767.3102,5858.1432,5889.6706,0.00144305,0.00145082,0.00006559,418.2083,379.7376,0.6869,61.6387,1.8384,37588.4109,89.7407,538.3845,395.5999,218.4789,430.6076,432.5446,432.5446,1046.441,1081.3617,427.0584,0.0,2.43015,2.511246,0.971205,30,216,96,2,0.20383968,0.00163983,-0.01249836,0E-8,0.000000,0.906607,0.000000,0.01775797,2026-03-22,2026-08-06,108,3621,2443,138,0.782609,1.360932,1.287360,0.679466,,,,,,,,GLOBAL_BASELINE_NO_ENTITY_RANKING,,,NOT_APPLICABLE_GLOBAL_BASELINE,HF9g-P5,,,,X 全窗基线 · 不参与实体赏罚,14199736,1420,A168_HF9F_20260827_0900,2026-08-27 09:00:00
2026-07-04,57024343,2246,0,427.0584215921,-427.0584215921,-427.0584215921,0E-7,1,1,0.50665070000000000,0.506650700000,-1.013391052207602,-1.013391052207602,-1.013391052207602,0E-17,ELIGIBLE,R03b_20260811_FULL_v1,L1_ELIGIBILITY,v2026-08-11,2026-03-21..2026-08-06,baccarat_bet02_101_all_pairs_incl_sentinel,round_win = game_pnl > 0 (decisive only),COMPATIBILITY_ONLY_NOT_PRODUCTION,4059548.3812,3680416.6879,6656.9809,9707,9692,-0.00163983,0.01249836,-0.00525961,-0.00163983,-6656.9809,4059548.3812,OK,0.0000,266.2792,4.0000,96.0000,AG03-UNRESOLVED,ALL5_LEVELS_bet23_to_bet27,266.2792,266.2792,266.2792,0.0000,0.0000,4.000000,4.000000,4.000000,0.000000,0.000000,96.000000,96.000000,96.000000,100.000000,100.000000,5.0,798.8377,767.3102,5858.1432,5889.6706,PENDING_AG03,FALSE,NOT_FOR_ENFORCEMENT,6390.7016,3533200.0204,6656.9809,6390.7016,266.2792,0.00163983,0.00157424,266.2792,6390.7016,0.00157424,266.2792,266.2792,266.2792,0.0000,0.0000,6390.7016,0.00157424,798.8377,767.3102,5858.1432,5889.6706,0.00144305,0.00145082,0.00006559,418.2083,379.7376,0.6869,61.6387,1.8384,37588.4109,89.7407,538.3845,395.5999,218.4789,430.6076,432.5446,432.5446,1046.441,1081.3617,427.0584,0.0,2.43015,2.511246,0.971205,30,216,96,2,0.20383968,0.00163983,-0.01249836,0E-8,0.000000,0.906607,0.000000,0.01775797,2026-03-22,2026-08-06,108,3621,2443,138,0.782609,1.360932,1.287360,0.679466,,,,,,,,GLOBAL_BASELINE_NO_ENTITY_RANKING,,,NOT_APPLICABLE_GLOBAL_BASELINE,HF9g-P5,,,,X 全窗基线 · 不参与实体赏罚,14199737,1420,A168_HF9F_20260827_0900,2026-08-27 09:00:00
2026-07-04,57024343,2287,0,1708.2336863684,790.0580799454,790.0580799454,0.7500000,4,4,0.50665070000000000,0.506650700000,0.9734833216690844,0.9734833216690844,0.9734833216690844,0E-17,ELIGIBLE,R03b_20260811_FULL_v1,L1_ELIGIBILITY,v2026-08-11,2026-03-21..2026-08-06,baccarat_bet02_101_all_pairs_incl_sentinel,round_win = game_pnl > 0 (decisive only),COMPATIBILITY_ONLY_NOT_PRODUCTION,4059548.3812,3680416.6879,6656.9809,9707,9692,-0.00163983,0.01249836,-0.00525961,-0.00163983,-6656.9809,4059548.3812,OK,0.0000,266.2792,4.0000,96.0000,AG03-UNRESOLVED,ALL5_LEVELS_bet23_to_bet27,266.2792,266.2792,266.2792,0.0000,0.0000,4.000000,4.000000,4.000000,0.000000,0.000000,96.000000,96.000000,96.000000,100.000000,100.000000,5.0,798.8377,767.3102,5858.1432,5889.6706,PENDING_AG03,FALSE,NOT_FOR_ENFORCEMENT,6390.7016,3533200.0204,6656.9809,6390.7016,266.2792,0.00163983,0.00157424,266.2792,6390.7016,0.00157424,266.2792,266.2792,266.2792,0.0000,0.0000,6390.7016,0.00157424,798.8377,767.3102,5858.1432,5889.6706,0.00144305,0.00145082,0.00006559,418.2083,379.7376,0.6869,61.6387,1.8384,37588.4109,89.7407,538.3845,395.5999,218.4789,430.6076,432.5446,432.5446,1046.441,1081.3617,427.0584,0.0,2.43015,2.511246,0.971205,30,216,96,2,0.20383968,0.00163983,-0.01249836,0E-8,0.000000,0.906607,0.000000,0.01775797,2026-03-22,2026-08-06,108,3621,2443,138,0.782609,1.360932,1.287360,0.679466,,,,,,,,GLOBAL_BASELINE_NO_ENTITY_RANKING,,,NOT_APPLICABLE_GLOBAL_BASELINE,HF9g-P5,,,,X 全窗基线 · 不参与实体赏罚,14199738,1420,A168_HF9F_20260827_0900,2026-08-27 09:00:00
2026-07-04,57024343,526,0,427.0584215921,-427.0584215921,-427.0584215921,0E-7,1,1,0.50665070000000000,0.506650700000,-1.013391052207602,-1.013391052207602,-1.013391052207602,0E-17,ELIGIBLE,R03b_20260811_FULL_v1,L1_ELIGIBILITY,v2026-08-11,2026-03-21..2026-08-06,baccarat_bet02_101_all_pairs_incl_sentinel,round_win = game_pnl > 0 (decisive only),COMPATIBILITY_ONLY_NOT_PRODUCTION,4059548.3812,3680416.6879,6656.9809,9707,9692,-0.00163983,0.01249836,-0.00525961,-0.00163983,-6656.9809,4059548.3812,OK,0.0000,266.2792,4.0000,96.0000,AG03-UNRESOLVED,ALL5_LEVELS_bet23_to_bet27,266.2792,266.2792,266.2792,0.0000,0.0000,4.000000,4.000000,4.000000,0.000000,0.000000,96.000000,96.000000,96.000000,100.000000,100.000000,5.0,798.8377,767.3102,5858.1432,5889.6706,PENDING_AG03,FALSE,NOT_FOR_ENFORCEMENT,6390.7016,3533200.0204,6656.9809,6390.7016,266.2792,0.00163983,0.00157424,266.2792,6390.7016,0.00157424,266.2792,266.2792,266.2792,0.0000,0.0000,6390.7016,0.00157424,798.8377,767.3102,5858.1432,5889.6706,0.00144305,0.00145082,0.00006559,418.2083,379.7376,0.6869,61.6387,1.8384,37588.4109,89.7407,538.3845,395.5999,218.4789,430.6076,432.5446,432.5446,1046.441,1081.3617,427.0584,0.0,2.43015,2.511246,0.971205,30,216,96,2,0.20383968,0.00163983,-0.01249836,0E-8,0.000000,0.906607,0.000000,0.01775797,2026-03-22,2026-08-06,108,3621,2443,138,0.782609,1.360932,1.287360,0.679466,,,,,,,,GLOBAL_BASELINE_NO_ENTITY_RANKING,,,NOT_APPLICABLE_GLOBAL_BASELINE,HF9g-P5,,,,X 全窗基线 · 不参与实体赏罚,14199739,1420,A168_HF9F_20260827_0900,2026-08-27 09:00:00
2026-07-04,57024343,595,0,427.0584215921,-427.0584215921,-427.0584215921,0E-7,1,1,0.50665070000000000,0.506650700000,-1.013391052207602,-1.013391052207602,-1.013391052207602,0E-17,ELIGIBLE,R03b_20260811_FULL_v1,L1_ELIGIBILITY,v2026-08-11,2026-03-21..2026-08-06,baccarat_bet02_101_all_pairs_incl_sentinel,round_win = game_pnl > 0 (decisive only),COMPATIBILITY_ONLY_NOT_PRODUCTION,4059548.3812,3680416.6879,6656.9809,9707,9692,-0.00163983,0.01249836,-0.00525961,-0.00163983,-6656.9809,4059548.3812,OK,0.0000,266.2792,4.0000,96.0000,AG03-UNRESOLVED,ALL5_LEVELS_bet23_to_bet27,266.2792,266.2792,266.2792,0.0000,0.0000,4.000000,4.000000,4.000000,0.000000,0.000000,96.000000,96.000000,96.000000,100.000000,100.000000,5.0,798.8377,767.3102,5858.1432,5889.6706,PENDING_AG03,FALSE,NOT_FOR_ENFORCEMENT,6390.7016,3533200.0204,6656.9809,6390.7016,266.2792,0.00163983,0.00157424,266.2792,6390.7016,0.00157424,266.2792,266.2792,266.2792,0.0000,0.0000,6390.7016,0.00157424,798.8377,767.3102,5858.1432,5889.6706,0.00144305,0.00145082,0.00006559,418.2083,379.7376,0.6869,61.6387,1.8384,37588.4109,89.7407,538.3845,395.5999,218.4789,430.6076,432.5446,432.5446,1046.441,1081.3617,427.0584,0.0,2.43015,2.511246,0.971205,30,216,96,2,0.20383968,0.00163983,-0.01249836,0E-8,0.000000,0.906607,0.000000,0.01775797,2026-03-22,2026-08-06,108,3621,2443,138,0.782609,1.360932,1.287360,0.679466,,,,,,,,GLOBAL_BASELINE_NO_ENTITY_RANKING,,,NOT_APPLICABLE_GLOBAL_BASELINE,HF9g-P5,,,,X 全窗基线 · 不参与实体赏罚,14199740,1420,A168_HF9F_20260827_0900,2026-08-27 09:00:00
2026-07-04,57024343,970,0,854.1168431842,832.7639221046,832.7639221046,1.0000000,2,2,0.49994810000000000,0.499948100000,1.4143603653603398,1.4143603653603398,1.4143603653603398,0E-17,ELIGIBLE,R03b_20260811_FULL_v1,L1_ELIGIBILITY,v2026-08-11,2026-03-21..2026-08-06,baccarat_bet02_101_all_pairs_incl_sentinel,round_win = game_pnl > 0 (decisive only),COMPATIBILITY_ONLY_NOT_PRODUCTION,4059548.3812,3680416.6879,6656.9809,9707,9692,-0.00163983,0.01249836,-0.00525961,-0.00163983,-6656.9809,4059548.3812,OK,0.0000,266.2792,4.0000,96.0000,AG03-UNRESOLVED,ALL5_LEVELS_bet23_to_bet27,266.2792,266.2792,266.2792,0.0000,0.0000,4.000000,4.000000,4.000000,0.000000,0.000000,96.000000,96.000000,96.000000,100.000000,100.000000,5.0,798.8377,767.3102,5858.1432,5889.6706,PENDING_AG03,FALSE,NOT_FOR_ENFORCEMENT,6390.7016,3533200.0204,6656.9809,6390.7016,266.2792,0.00163983,0.00157424,266.2792,6390.7016,0.00157424,266.2792,266.2792,266.2792,0.0000,0.0000,6390.7016,0.00157424,798.8377,767.3102,5858.1432,5889.6706,0.00144305,0.00145082,0.00006559,418.2083,379.7376,0.6869,61.6387,1.8384,37588.4109,89.7407,538.3845,395.5999,218.4789,430.6076,432.5446,432.5446,1046.441,1081.3617,427.0584,0.0,2.43015,2.511246,0.971205,30,216,96,2,0.20383968,0.00163983,-0.01249836,0E-8,0.000000,0.906607,0.000000,0.01775797,2026-03-22,2026-08-06,108,3621,2443,138,0.782609,1.360932,1.287360,0.679466,,,,,,,,GLOBAL_BASELINE_NO_ENTITY_RANKING,,,NOT_APPLICABLE_GLOBAL_BASELINE,HF9g-P5,,,,X 全窗基线 · 不参与实体赏罚,14199741,1420,A168_HF9F_20260827_0900,2026-08-27 09:00:00
2026-07-05,57024343,-1,1,7687.0515886577,1088.9989750599,1088.9989750599,0.6000000,18,18,0.50665070000000000,0.506650700000,0.723144543374886,0.723144543374886,0.723144543374886,0E-17,SENTINEL_DEALER,R03b_20260811_FULL_v1,L1_ELIGIBILITY,v2026-08-11,2026-03-21..2026-08-06,baccarat_bet02_101_all_pairs_incl_sentinel,round_win = game_pnl > 0 (decisive only),COMPATIBILITY_ONLY_NOT_PRODUCTION,4059548.3812,3680416.6879,6656.9809,9707,9692,-0.00163983,0.01249836,-0.00525961,-0.00163983,-6656.9809,4059548.3812,OK,0.0000,266.2792,4.0000,96.0000,AG03-UNRESOLVED,ALL5_LEVELS_bet23_to_bet27,266.2792,266.2792,266.2792,0.0000,0.0000,4.000000,4.000000,4.000000,0.000000,0.000000,96.000000,96.000000,96.000000,100.000000,100.000000,5.0,798.8377,767.3102,5858.1432,5889.6706,PENDING_AG03,FALSE,NOT_FOR_ENFORCEMENT,6390.7016,3533200.0204,6656.9809,6390.7016,266.2792,0.00163983,0.00157424,266.2792,6390.7016,0.00157424,266.2792,266.2792,266.2792,0.0000,0.0000,6390.7016,0.00157424,798.8377,767.3102,5858.1432,5889.6706,0.00144305,0.00145082,0.00006559,418.2083,379.7376,0.6869,61.6387,1.8384,37588.4109,89.7407,538.3845,395.5999,218.4789,430.6076,432.5446,432.5446,1046.441,1081.3617,427.0584,0.0,2.43015,2.511246,0.971205,30,216,96,2,0.20383968,0.00163983,-0.01249836,0E-8,0.000000,0.906607,0.000000,0.01775797,2026-03-22,2026-08-06,108,3621,2443,138,0.782609,1.360932,1.287360,0.679466,,,,,,,,GLOBAL_BASELINE_NO_ENTITY_RANKING,,,NOT_APPLICABLE_GLOBAL_BASELINE,HF9g-P5,,,,X 全窗基线 · 不参与实体赏罚,14199742,1420,A168_HF9F_20260827_0900,2026-08-27 09:00:00
2026-07-05,57024343,1109,0,1921.7628971644,-1088.9989750598,-1088.9989750598,0.3333333,3,3,0.50665070000000000,0.506650700000,-0.6004420894325239,-0.6004420894325239,-0.6004420894325239,0E-17,ELIGIBLE,R03b_20260811_FULL_v1,L1_ELIGIBILITY,v2026-08-11,2026-03-21..2026-08-06,baccarat_bet02_101_all_pairs_incl_sentinel,round_win = game_pnl > 0 (decisive only),COMPATIBILITY_ONLY_NOT_PRODUCTION,4059548.3812,3680416.6879,6656.9809,9707,9692,-0.00163983,0.01249836,-0.00525961,-0.00163983,-6656.9809,4059548.3812,OK,0.0000,266.2792,4.0000,96.0000,AG03-UNRESOLVED,ALL5_LEVELS_bet23_to_bet27,266.2792,266.2792,266.2792,0.0000,0.0000,4.000000,4.000000,4.000000,0.000000,0.000000,96.000000,96.000000,96.000000,100.000000,100.000000,5.0,798.8377,767.3102,5858.1432,5889.6706,PENDING_AG03,FALSE,NOT_FOR_ENFORCEMENT,6390.7016,3533200.0204,6656.9809,6390.7016,266.2792,0.00163983,0.00157424,266.2792,6390.7016,0.00157424,266.2792,266.2792,266.2792,0.0000,0.0000,6390.7016,0.00157424,798.8377,767.3102,5858.1432,5889.6706,0.00144305,0.00145082,0.00006559,418.2083,379.7376,0.6869,61.6387,1.8384,37588.4109,89.7407,538.3845,395.5999,218.4789,430.6076,432.5446,432.5446,1046.441,1081.3617,427.0584,0.0,2.43015,2.511246,0.971205,30,216,96,2,0.20383968,0.00163983,-0.01249836,0E-8,0.000000,0.906607,0.000000,0.01775797,2026-03-22,2026-08-06,108,3621,2443,138,0.782609,1.360932,1.287360,0.679466,,,,,,,,GLOBAL_BASELINE_NO_ENTITY_RANKING,,,NOT_APPLICABLE_GLOBAL_BASELINE,HF9g-P5,,,,X 全窗基线 · 不参与实体赏罚,14199743,1420,A168_HF9F_20260827_0900,2026-08-27 09:00:00
2026-07-05,57024343,1205,0,1067.6460539802,-1067.6460539802,-1067.6460539802,0E-7,1,1,0.50665070000000000,0.506650700000,-1.013391052207602,-1.013391052207602,-1.013391052207602,0E-17,ELIGIBLE,R03b_20260811_FULL_v1,L1_ELIGIBILITY,v2026-08-11,2026-03-21..2026-08-06,baccarat_bet02_101_all_pairs_incl_sentinel,round_win = game_pnl > 0 (decisive only),COMPATIBILITY_ONLY_NOT_PRODUCTION,4059548.3812,3680416.6879,6656.9809,9707,9692,-0.00163983,0.01249836,-0.00525961,-0.00163983,-6656.9809,4059548.3812,OK,0.0000,266.2792,4.0000,96.0000,AG03-UNRESOLVED,ALL5_LEVELS_bet23_to_bet27,266.2792,266.2792,266.2792,0.0000,0.0000,4.000000,4.000000,4.000000,0.000000,0.000000,96.000000,96.000000,96.000000,100.000000,100.000000,5.0,798.8377,767.3102,5858.1432,5889.6706,PENDING_AG03,FALSE,NOT_FOR_ENFORCEMENT,6390.7016,3533200.0204,6656.9809,6390.7016,266.2792,0.00163983,0.00157424,266.2792,6390.7016,0.00157424,266.2792,266.2792,266.2792,0.0000,0.0000,6390.7016,0.00157424,798.8377,767.3102,5858.1432,5889.6706,0.00144305,0.00145082,0.00006559,418.2083,379.7376,0.6869,61.6387,1.8384,37588.4109,89.7407,538.3845,395.5999,218.4789,430.6076,432.5446,432.5446,1046.441,1081.3617,427.0584,0.0,2.43015,2.511246,0.971205,30,216,96,2,0.20383968,0.00163983,-0.01249836,0E-8,0.000000,0.906607,0.000000,0.01775797,2026-03-22,2026-08-06,108,3621,2443,138,0.782609,1.360932,1.287360,0.679466,,,,,,,,GLOBAL_BASELINE_NO_ENTITY_RANKING,,,NOT_APPLICABLE_GLOBAL_BASELINE,HF9g-P5,,,,X 全窗基线 · 不参与实体赏罚,14199744,1420,A168_HF9F_20260827_0900,2026-08-27 09:00:00
2026-07-05,57024343,1215,0,427.0584215921,-427.0584215921,-427.0584215921,0E-7,1,1,0.49324550000000000,0.493245500000,-0.9865810262130424,-0.9865810262130424,-0.9865810262130424,0E-17,ELIGIBLE,R03b_20260811_FULL_v1,L1_ELIGIBILITY,v2026-08-11,2026-03-21..2026-08-06,baccarat_bet02_101_all_pairs_incl_sentinel,round_win = game_pnl > 0 (decisive only),COMPATIBILITY_ONLY_NOT_PRODUCTION,4059548.3812,3680416.6879,6656.9809,9707,9692,-0.00163983,0.01249836,-0.00525961,-0.00163983,-6656.9809,4059548.3812,OK,0.0000,266.2792,4.0000,96.0000,AG03-UNRESOLVED,ALL5_LEVELS_bet23_to_bet27,266.2792,266.2792,266.2792,0.0000,0.0000,4.000000,4.000000,4.000000,0.000000,0.000000,96.000000,96.000000,96.000000,100.000000,100.000000,5.0,798.8377,767.3102,5858.1432,5889.6706,PENDING_AG03,FALSE,NOT_FOR_ENFORCEMENT,6390.7016,3533200.0204,6656.9809,6390.7016,266.2792,0.00163983,0.00157424,266.2792,6390.7016,0.00157424,266.2792,266.2792,266.2792,0.0000,0.0000,6390.7016,0.00157424,798.8377,767.3102,5858.1432,5889.6706,0.00144305,0.00145082,0.00006559,418.2083,379.7376,0.6869,61.6387,1.8384,37588.4109,89.7407,538.3845,395.5999,218.4789,430.6076,432.5446,432.5446,1046.441,1081.3617,427.0584,0.0,2.43015,2.511246,0.971205,30,216,96,2,0.20383968,0.00163983,-0.01249836,0E-8,0.000000,0.906607,0.000000,0.01775797,2026-03-22,2026-08-06,108,3621,2443,138,0.782609,1.360932,1.287360,0.679466,,,,,,,,GLOBAL_BASELINE_NO_ENTITY_RANKING,,,NOT_APPLICABLE_GLOBAL_BASELINE,HF9g-P5,,,,X 全窗基线 · 不参与实体赏罚,14199745,1420,A168_HF9F_20260827_0900,2026-08-27 09:00:00
2026-07-05,57024343,1323,0,854.1168431842,-21.3529210796,-21.3529210796,0.5000000,2,2,0.50665070000000000,0.506650700000,-0.018812684590367487,-0.018812684590367487,-0.018812684590367487,0E-17,ELIGIBLE,R03b_20260811_FULL_v1,L1_ELIGIBILITY,v2026-08-11,2026-03-21..2026-08-06,baccarat_bet02_101_all_pairs_incl_sentinel,round_win = game_pnl > 0 (decisive only),COMPATIBILITY_ONLY_NOT_PRODUCTION,4059548.3812,3680416.6879,6656.9809,9707,9692,-0.00163983,0.01249836,-0.00525961,-0.00163983,-6656.9809,4059548.3812,OK,0.0000,266.2792,4.0000,96.0000,AG03-UNRESOLVED,ALL5_LEVELS_bet23_to_bet27,266.2792,266.2792,266.2792,0.0000,0.0000,4.000000,4.000000,4.000000,0.000000,0.000000,96.000000,96.000000,96.000000,100.000000,100.000000,5.0,798.8377,767.3102,5858.1432,5889.6706,PENDING_AG03,FALSE,NOT_FOR_ENFORCEMENT,6390.7016,3533200.0204,6656.9809,6390.7016,266.2792,0.00163983,0.00157424,266.2792,6390.7016,0.00157424,266.2792,266.2792,266.2792,0.0000,0.0000,6390.7016,0.00157424,798.8377,767.3102,5858.1432,5889.6706,0.00144305,0.00145082,0.00006559,418.2083,379.7376,0.6869,61.6387,1.8384,37588.4109,89.7407,538.3845,395.5999,218.4789,430.6076,432.5446,432.5446,1046.441,1081.3617,427.0584,0.0,2.43015,2.511246,0.971205,30,216,96,2,0.20383968,0.00163983,-0.01249836,0E-8,0.000000,0.906607,0.000000,0.01775797,2026-03-22,2026-08-06,108,3621,2443,138,0.782609,1.360932,1.287360,0.679466,,,,,,,,GLOBAL_BASELINE_NO_ENTITY_RANKING,,,NOT_APPLICABLE_GLOBAL_BASELINE,HF9g-P5,,,,X 全窗基线 · 不参与实体赏罚,14199746,1420,A168_HF9F_20260827_0900,2026-08-27 09:00:00
2026-07-05,57024343,1383,0,854.1168431842,-21.3529210796,-21.3529210796,0.5000000,2,2,0.50665070000000000,0.506650700000,-0.018812684590367487,-0.018812684590367487,-0.018812684590367487,0E-17,ELIGIBLE,R03b_20260811_FULL_v1,L1_ELIGIBILITY,v2026-08-11,2026-03-21..2026-08-06,baccarat_bet02_101_all_pairs_incl_sentinel,round_win = game_pnl > 0 (decisive only),COMPATIBILITY_ONLY_NOT_PRODUCTION,4059548.3812,3680416.6879,6656.9809,9707,9692,-0.00163983,0.01249836,-0.00525961,-0.00163983,-6656.9809,4059548.3812,OK,0.0000,266.2792,4.0000,96.0000,AG03-UNRESOLVED,ALL5_LEVELS_bet23_to_bet27,266.2792,266.2792,266.2792,0.0000,0.0000,4.000000,4.000000,4.000000,0.000000,0.000000,96.000000,96.000000,96.000000,100.000000,100.000000,5.0,798.8377,767.3102,5858.1432,5889.6706,PENDING_AG03,FALSE,NOT_FOR_ENFORCEMENT,6390.7016,3533200.0204,6656.9809,6390.7016,266.2792,0.00163983,0.00157424,266.2792,6390.7016,0.00157424,266.2792,266.2792,266.2792,0.0000,0.0000,6390.7016,0.00157424,798.8377,767.3102,5858.1432,5889.6706,0.00144305,0.00145082,0.00006559,418.2083,379.7376,0.6869,61.6387,1.8384,37588.4109,89.7407,538.3845,395.5999,218.4789,430.6076,432.5446,432.5446,1046.441,1081.3617,427.0584,0.0,2.43015,2.511246,0.971205,30,216,96,2,0.20383968,0.00163983,-0.01249836,0E-8,0.000000,0.906607,0.000000,0.01775797,2026-03-22,2026-08-06,108,3621,2443,138,0.782609,1.360932,1.287360,0.679466,,,,,,,,GLOBAL_BASELINE_NO_ENTITY_RANKING,,,NOT_APPLICABLE_GLOBAL_BASELINE,HF9g-P5,,,,X 全窗基线 · 不参与实体赏罚,14199747,1420,A168_HF9F_20260827_0900,2026-08-27 09:00:00
2026-07-05,57024343,1384,0,427.0584215921,-427.0584215921,-427.0584215921,0E-7,1,1,0.50665070000000000,0.506650700000,-1.013391052207602,-1.013391052207602,-1.013391052207602,0E-17,ELIGIBLE,R03b_20260811_FULL_v1,L1_ELIGIBILITY,v2026-08-11,2026-03-21..2026-08-06,baccarat_bet02_101_all_pairs_incl_sentinel,round_win = game_pnl > 0 (decisive only),COMPATIBILITY_ONLY_NOT_PRODUCTION,4059548.3812,3680416.6879,6656.9809,9707,9692,-0.00163983,0.01249836,-0.00525961,-0.00163983,-6656.9809,4059548.3812,OK,0.0000,266.2792,4.0000,96.0000,AG03-UNRESOLVED,ALL5_LEVELS_bet23_to_bet27,266.2792,266.2792,266.2792,0.0000,0.0000,4.000000,4.000000,4.000000,0.000000,0.000000,96.000000,96.000000,96.000000,100.000000,100.000000,5.0,798.8377,767.3102,5858.1432,5889.6706,PENDING_AG03,FALSE,NOT_FOR_ENFORCEMENT,6390.7016,3533200.0204,6656.9809,6390.7016,266.2792,0.00163983,0.00157424,266.2792,6390.7016,0.00157424,266.2792,266.2792,266.2792,0.0000,0.0000,6390.7016,0.00157424,798.8377,767.3102,5858.1432,5889.6706,0.00144305,0.00145082,0.00006559,418.2083,379.7376,0.6869,61.6387,1.8384,37588.4109,89.7407,538.3845,395.5999,218.4789,430.6076,432.5446,432.5446,1046.441,1081.3617,427.0584,0.0,2.43015,2.511246,0.971205,30,216,96,2,0.20383968,0.00163983,-0.01249836,0E-8,0.000000,0.906607,0.000000,0.01775797,2026-03-22,2026-08-06,108,3621,2443,138,0.782609,1.360932,1.287360,0.679466,,,,,,,,GLOBAL_BASELINE_NO_ENTITY_RANKING,,,NOT_APPLICABLE_GLOBAL_BASELINE,HF9g-P5,,,,X 全窗基线 · 不参与实体赏罚,14199748,1420,A168_HF9F_20260827_0900,2026-08-27 09:00:00
2026-07-05,57024343,1401,0,427.0584215921,-427.0584215921,-427.0584215921,0E-7,1,1,0.50665070000000000,0.506650700000,-1.013391052207602,-1.013391052207602,-1.013391052207602,0E-17,ELIGIBLE,R03b_20260811_FULL_v1,L1_ELIGIBILITY,v2026-08-11,2026-03-21..2026-08-06,baccarat_bet02_101_all_pairs_incl_sentinel,round_win = game_pnl > 0 (decisive only),COMPATIBILITY_ONLY_NOT_PRODUCTION,4059548.3812,3680416.6879,6656.9809,9707,9692,-0.00163983,0.01249836,-0.00525961,-0.00163983,-6656.9809,4059548.3812,OK,0.0000,266.2792,4.0000,96.0000,AG03-UNRESOLVED,ALL5_LEVELS_bet23_to_bet27,266.2792,266.2792,266.2792,0.0000,0.0000,4.000000,4.000000,4.000000,0.000000,0.000000,96.000000,96.000000,96.000000,100.000000,100.000000,5.0,798.8377,767.3102,5858.1432,5889.6706,PENDING_AG03,FALSE,NOT_FOR_ENFORCEMENT,6390.7016,3533200.0204,6656.9809,6390.7016,266.2792,0.00163983,0.00157424,266.2792,6390.7016,0.00157424,266.2792,266.2792,266.2792,0.0000,0.0000,6390.7016,0.00157424,798.8377,767.3102,5858.1432,5889.6706,0.00144305,0.00145082,0.00006559,418.2083,379.7376,0.6869,61.6387,1.8384,37588.4109,89.7407,538.3845,395.5999,218.4789,430.6076,432.5446,432.5446,1046.441,1081.3617,427.0584,0.0,2.43015,2.511246,0.971205,30,216,96,2,0.20383968,0.00163983,-0.01249836,0E-8,0.000000,0.906607,0.000000,0.01775797,2026-03-22,2026-08-06,108,3621,2443,138,0.782609,1.360932,1.287360,0.679466,,,,,,,,GLOBAL_BASELINE_NO_ENTITY_RANKING,,,NOT_APPLICABLE_GLOBAL_BASELINE,HF9g-P5,,,,X 全窗基线 · 不参与实体赏罚,14199749,1420,A168_HF9F_20260827_0900,2026-08-27 09:00:00
2026-07-05,57024343,1623,0,854.1168431842,-21.3529210796,-21.3529210796,0.5000000,2,2,0.50665070000000000,0.506650700000,-0.018812684590367487,-0.018812684590367487,-0.018812684590367487,0E-17,ELIGIBLE,R03b_20260811_FULL_v1,L1_ELIGIBILITY,v2026-08-11,2026-03-21..2026-08-06,baccarat_bet02_101_all_pairs_incl_sentinel,round_win = game_pnl > 0 (decisive only),COMPATIBILITY_ONLY_NOT_PRODUCTION,4059548.3812,3680416.6879,6656.9809,9707,9692,-0.00163983,0.01249836,-0.00525961,-0.00163983,-6656.9809,4059548.3812,OK,0.0000,266.2792,4.0000,96.0000,AG03-UNRESOLVED,ALL5_LEVELS_bet23_to_bet27,266.2792,266.2792,266.2792,0.0000,0.0000,4.000000,4.000000,4.000000,0.000000,0.000000,96.000000,96.000000,96.000000,100.000000,100.000000,5.0,798.8377,767.3102,5858.1432,5889.6706,PENDING_AG03,FALSE,NOT_FOR_ENFORCEMENT,6390.7016,3533200.0204,6656.9809,6390.7016,266.2792,0.00163983,0.00157424,266.2792,6390.7016,0.00157424,266.2792,266.2792,266.2792,0.0000,0.0000,6390.7016,0.00157424,798.8377,767.3102,5858.1432,5889.6706,0.00144305,0.00145082,0.00006559,418.2083,379.7376,0.6869,61.6387,1.8384,37588.4109,89.7407,538.3845,395.5999,218.4789,430.6076,432.5446,432.5446,1046.441,1081.3617,427.0584,0.0,2.43015,2.511246,0.971205,30,216,96,2,0.20383968,0.00163983,-0.01249836,0E-8,0.000000,0.906607,0.000000,0.01775797,2026-03-22,2026-08-06,108,3621,2443,138,0.782609,1.360932,1.287360,0.679466,,,,,,,,GLOBAL_BASELINE_NO_ENTITY_RANKING,,,NOT_APPLICABLE_GLOBAL_BASELINE,HF9g-P5,,,,X 全窗基线 · 不参与实体赏罚,14199750,1420,A168_HF9F_20260827_0900,2026-08-27 09:00:00
2026-07-05,57024343,1942,0,427.0584215921,427.0584215921,427.0584215921,1.0000000,1,1,0.49324550000000000,0.493245500000,1.01360149184955,1.01360149184955,1.01360149184955,0E-17,ELIGIBLE,R03b_20260811_FULL_v1,L1_ELIGIBILITY,v2026-08-11,2026-03-21..2026-08-06,baccarat_bet02_101_all_pairs_incl_sentinel,round_win = game_pnl > 0 (decisive only),COMPATIBILITY_ONLY_NOT_PRODUCTION,4059548.3812,3680416.6879,6656.9809,9707,9692,-0.00163983,0.01249836,-0.00525961,-0.00163983,-6656.9809,4059548.3812,OK,0.0000,266.2792,4.0000,96.0000,AG03-UNRESOLVED,ALL5_LEVELS_bet23_to_bet27,266.2792,266.2792,266.2792,0.0000,0.0000,4.000000,4.000000,4.000000,0.000000,0.000000,96.000000,96.000000,96.000000,100.000000,100.000000,5.0,798.8377,767.3102,5858.1432,5889.6706,PENDING_AG03,FALSE,NOT_FOR_ENFORCEMENT,6390.7016,3533200.0204,6656.9809,6390.7016,266.2792,0.00163983,0.00157424,266.2792,6390.7016,0.00157424,266.2792,266.2792,266.2792,0.0000,0.0000,6390.7016,0.00157424,798.8377,767.3102,5858.1432,5889.6706,0.00144305,0.00145082,0.00006559,418.2083,379.7376,0.6869,61.6387,1.8384,37588.4109,89.7407,538.3845,395.5999,218.4789,430.6076,432.5446,432.5446,1046.441,1081.3617,427.0584,0.0,2.43015,2.511246,0.971205,30,216,96,2,0.20383968,0.00163983,-0.01249836,0E-8,0.000000,0.906607,0.000000,0.01775797,2026-03-22,2026-08-06,108,3621,2443,138,0.782609,1.360932,1.287360,0.679466,,,,,,,,GLOBAL_BASELINE_NO_ENTITY_RANKING,,,NOT_APPLICABLE_GLOBAL_BASELINE,HF9g-P5,,,,X 全窗基线 · 不参与实体赏罚,14199751,1420,A168_HF9F_20260827_0900,2026-08-27 09:00:00
2026-07-05,57024343,1994,0,1281.1752647763,-448.4113426717,-448.4113426717,0.3333333,3,3,0.50665070000000000,0.506650700000,-0.6004420894325239,-0.6004420894325239,-0.6004420894325239,0E-17,ELIGIBLE,R03b_20260811_FULL_v1,L1_ELIGIBILITY,v2026-08-11,2026-03-21..2026-08-06,baccarat_bet02_101_all_pairs_incl_sentinel,round_win = game_pnl > 0 (decisive only),COMPATIBILITY_ONLY_NOT_PRODUCTION,4059548.3812,3680416.6879,6656.9809,9707,9692,-0.00163983,0.01249836,-0.00525961,-0.00163983,-6656.9809,4059548.3812,OK,0.0000,266.2792,4.0000,96.0000,AG03-UNRESOLVED,ALL5_LEVELS_bet23_to_bet27,266.2792,266.2792,266.2792,0.0000,0.0000,4.000000,4.000000,4.000000,0.000000,0.000000,96.000000,96.000000,96.000000,100.000000,100.000000,5.0,798.8377,767.3102,5858.1432,5889.6706,PENDING_AG03,FALSE,NOT_FOR_ENFORCEMENT,6390.7016,3533200.0204,6656.9809,6390.7016,266.2792,0.00163983,0.00157424,266.2792,6390.7016,0.00157424,266.2792,266.2792,266.2792,0.0000,0.0000,6390.7016,0.00157424,798.8377,767.3102,5858.1432,5889.6706,0.00144305,0.00145082,0.00006559,418.2083,379.7376,0.6869,61.6387,1.8384,37588.4109,89.7407,538.3845,395.5999,218.4789,430.6076,432.5446,432.5446,1046.441,1081.3617,427.0584,0.0,2.43015,2.511246,0.971205,30,216,96,2,0.20383968,0.00163983,-0.01249836,0E-8,0.000000,0.906607,0.000000,0.01775797,2026-03-22,2026-08-06,108,3621,2443,138,0.782609,1.360932,1.287360,0.679466,,,,,,,,GLOBAL_BASELINE_NO_ENTITY_RANKING,,,NOT_APPLICABLE_GLOBAL_BASELINE,HF9g-P5,,,,X 全窗基线 · 不参与实体赏罚,14199752,1420,A168_HF9F_20260827_0900,2026-08-27 09:00:00
2026-07-05,57024343,2117,0,427.0584215921,-427.0584215921,-427.0584215921,0E-7,1,1,0.50665070000000000,0.506650700000,-1.013391052207602,-1.013391052207602,-1.013391052207602,0E-17,ELIGIBLE,R03b_20260811_FULL_v1,L1_ELIGIBILITY,v2026-08-11,2026-03-21..2026-08-06,baccarat_bet02_101_all_pairs_incl_sentinel,round_win = game_pnl > 0 (decisive only),COMPATIBILITY_ONLY_NOT_PRODUCTION,4059548.3812,3680416.6879,6656.9809,9707,9692,-0.00163983,0.01249836,-0.00525961,-0.00163983,-6656.9809,4059548.3812,OK,0.0000,266.2792,4.0000,96.0000,AG03-UNRESOLVED,ALL5_LEVELS_bet23_to_bet27,266.2792,266.2792,266.2792,0.0000,0.0000,4.000000,4.000000,4.000000,0.000000,0.000000,96.000000,96.000000,96.000000,100.000000,100.000000,5.0,798.8377,767.3102,5858.1432,5889.6706,PENDING_AG03,FALSE,NOT_FOR_ENFORCEMENT,6390.7016,3533200.0204,6656.9809,6390.7016,266.2792,0.00163983,0.00157424,266.2792,6390.7016,0.00157424,266.2792,266.2792,266.2792,0.0000,0.0000,6390.7016,0.00157424,798.8377,767.3102,5858.1432,5889.6706,0.00144305,0.00145082,0.00006559,418.2083,379.7376,0.6869,61.6387,1.8384,37588.4109,89.7407,538.3845,395.5999,218.4789,430.6076,432.5446,432.5446,1046.441,1081.3617,427.0584,0.0,2.43015,2.511246,0.971205,30,216,96,2,0.20383968,0.00163983,-0.01249836,0E-8,0.000000,0.906607,0.000000,0.01775797,2026-03-22,2026-08-06,108,3621,2443,138,0.782609,1.360932,1.287360,0.679466,,,,,,,,GLOBAL_BASELINE_NO_ENTITY_RANKING,,,NOT_APPLICABLE_GLOBAL_BASELINE,HF9g-P5,,,,X 全窗基线 · 不参与实体赏罚,14199753,1420,A168_HF9F_20260827_0900,2026-08-27 09:00:00
2026-07-05,57024343,2121,0,1281.1752647762,1217.1165015374,1217.1165015374,1.0000000,1,1,0.50665070000000000,0.506650700000,0.9867858985152569,0.9867858985152569,0.9867858985152569,0E-17,ELIGIBLE,R03b_20260811_FULL_v1,L1_ELIGIBILITY,v2026-08-11,2026-03-21..2026-08-06,baccarat_bet02_101_all_pairs_incl_sentinel,round_win = game_pnl > 0 (decisive only),COMPATIBILITY_ONLY_NOT_PRODUCTION,4059548.3812,3680416.6879,6656.9809,9707,9692,-0.00163983,0.01249836,-0.00525961,-0.00163983,-6656.9809,4059548.3812,OK,0.0000,266.2792,4.0000,96.0000,AG03-UNRESOLVED,ALL5_LEVELS_bet23_to_bet27,266.2792,266.2792,266.2792,0.0000,0.0000,4.000000,4.000000,4.000000,0.000000,0.000000,96.000000,96.000000,96.000000,100.000000,100.000000,5.0,798.8377,767.3102,5858.1432,5889.6706,PENDING_AG03,FALSE,NOT_FOR_ENFORCEMENT,6390.7016,3533200.0204,6656.9809,6390.7016,266.2792,0.00163983,0.00157424,266.2792,6390.7016,0.00157424,266.2792,266.2792,266.2792,0.0000,0.0000,6390.7016,0.00157424,798.8377,767.3102,5858.1432,5889.6706,0.00144305,0.00145082,0.00006559,418.2083,379.7376,0.6869,61.6387,1.8384,37588.4109,89.7407,538.3845,395.5999,218.4789,430.6076,432.5446,432.5446,1046.441,1081.3617,427.0584,0.0,2.43015,2.511246,0.971205,30,216,96,2,0.20383968,0.00163983,-0.01249836,0E-8,0.000000,0.906607,0.000000,0.01775797,2026-03-22,2026-08-06,108,3621,2443,138,0.782609,1.360932,1.287360,0.679466,,,,,,,,GLOBAL_BASELINE_NO_ENTITY_RANKING,,,NOT_APPLICABLE_GLOBAL_BASELINE,HF9g-P5,,,,X 全窗基线 · 不参与实体赏罚,14199754,1420,A168_HF9F_20260827_0900,2026-08-27 09:00:00
2026-07-05,57024343,2152,0,2135.2921079604,1217.1165015374,1217.1165015374,0.6666667,3,3,0.49771390000000000,0.497713900000,0.5852756695216578,0.5852756695216578,0.5852756695216578,0E-17,ELIGIBLE,R03b_20260811_FULL_v1,L1_ELIGIBILITY,v2026-08-11,2026-03-21..2026-08-06,baccarat_bet02_101_all_pairs_incl_sentinel,round_win = game_pnl > 0 (decisive only),COMPATIBILITY_ONLY_NOT_PRODUCTION,4059548.3812,3680416.6879,6656.9809,9707,9692,-0.00163983,0.01249836,-0.00525961,-0.00163983,-6656.9809,4059548.3812,OK,0.0000,266.2792,4.0000,96.0000,AG03-UNRESOLVED,ALL5_LEVELS_bet23_to_bet27,266.2792,266.2792,266.2792,0.0000,0.0000,4.000000,4.000000,4.000000,0.000000,0.000000,96.000000,96.000000,96.000000,100.000000,100.000000,5.0,798.8377,767.3102,5858.1432,5889.6706,PENDING_AG03,FALSE,NOT_FOR_ENFORCEMENT,6390.7016,3533200.0204,6656.9809,6390.7016,266.2792,0.00163983,0.00157424,266.2792,6390.7016,0.00157424,266.2792,266.2792,266.2792,0.0000,0.0000,6390.7016,0.00157424,798.8377,767.3102,5858.1432,5889.6706,0.00144305,0.00145082,0.00006559,418.2083,379.7376,0.6869,61.6387,1.8384,37588.4109,89.7407,538.3845,395.5999,218.4789,430.6076,432.5446,432.5446,1046.441,1081.3617,427.0584,0.0,2.43015,2.511246,0.971205,30,216,96,2,0.20383968,0.00163983,-0.01249836,0E-8,0.000000,0.906607,0.000000,0.01775797,2026-03-22,2026-08-06,108,3621,2443,138,0.782609,1.360932,1.287360,0.679466,,,,,,,,GLOBAL_BASELINE_NO_ENTITY_RANKING,,,NOT_APPLICABLE_GLOBAL_BASELINE,HF9g-P5,,,,X 全窗基线 · 不参与实体赏罚,14199755,1420,A168_HF9F_20260827_0900,2026-08-27 09:00:00
2026-07-05,57024343,2171,0,427.0584215921,-427.0584215921,-427.0584215921,0E-7,1,1,0.50665070000000000,0.506650700000,-1.013391052207602,-1.013391052207602,-1.013391052207602,0E-17,ELIGIBLE,R03b_20260811_FULL_v1,L1_ELIGIBILITY,v2026-08-11,2026-03-21..2026-08-06,baccarat_bet02_101_all_pairs_incl_sentinel,round_win = game_pnl > 0 (decisive only),COMPATIBILITY_ONLY_NOT_PRODUCTION,4059548.3812,3680416.6879,6656.9809,9707,9692,-0.00163983,0.01249836,-0.00525961,-0.00163983,-6656.9809,4059548.3812,OK,0.0000,266.2792,4.0000,96.0000,AG03-UNRESOLVED,ALL5_LEVELS_bet23_to_bet27,266.2792,266.2792,266.2792,0.0000,0.0000,4.000000,4.000000,4.000000,0.000000,0.000000,96.000000,96.000000,96.000000,100.000000,100.000000,5.0,798.8377,767.3102,5858.1432,5889.6706,PENDING_AG03,FALSE,NOT_FOR_ENFORCEMENT,6390.7016,3533200.0204,6656.9809,6390.7016,266.2792,0.00163983,0.00157424,266.2792,6390.7016,0.00157424,266.2792,266.2792,266.2792,0.0000,0.0000,6390.7016,0.00157424,798.8377,767.3102,5858.1432,5889.6706,0.00144305,0.00145082,0.00006559,418.2083,379.7376,0.6869,61.6387,1.8384,37588.4109,89.7407,538.3845,395.5999,218.4789,430.6076,432.5446,432.5446,1046.441,1081.3617,427.0584,0.0,2.43015,2.511246,0.971205,30,216,96,2,0.20383968,0.00163983,-0.01249836,0E-8,0.000000,0.906607,0.000000,0.01775797,2026-03-22,2026-08-06,108,3621,2443,138,0.782609,1.360932,1.287360,0.679466,,,,,,,,GLOBAL_BASELINE_NO_ENTITY_RANKING,,,NOT_APPLICABLE_GLOBAL_BASELINE,HF9g-P5,,,,X 全窗基线 · 不参与实体赏罚,14199756,1420,A168_HF9F_20260827_0900,2026-08-27 09:00:00
2026-07-05,57024343,2175,0,1281.1752647762,1217.1165015374,1217.1165015374,1.0000000,1,1,0.50665070000000000,0.506650700000,0.9867858985152569,0.9867858985152569,0.9867858985152569,0E-17,ELIGIBLE,R03b_20260811_FULL_v1,L1_ELIGIBILITY,v2026-08-11,2026-03-21..2026-08-06,baccarat_bet02_101_all_pairs_incl_sentinel,round_win = game_pnl > 0 (decisive only),COMPATIBILITY_ONLY_NOT_PRODUCTION,4059548.3812,3680416.6879,6656.9809,9707,9692,-0.00163983,0.01249836,-0.00525961,-0.00163983,-6656.9809,4059548.3812,OK,0.0000,266.2792,4.0000,96.0000,AG03-UNRESOLVED,ALL5_LEVELS_bet23_to_bet27,266.2792,266.2792,266.2792,0.0000,0.0000,4.000000,4.000000,4.000000,0.000000,0.000000,96.000000,96.000000,96.000000,100.000000,100.000000,5.0,798.8377,767.3102,5858.1432,5889.6706,PENDING_AG03,FALSE,NOT_FOR_ENFORCEMENT,6390.7016,3533200.0204,6656.9809,6390.7016,266.2792,0.00163983,0.00157424,266.2792,6390.7016,0.00157424,266.2792,266.2792,266.2792,0.0000,0.0000,6390.7016,0.00157424,798.8377,767.3102,5858.1432,5889.6706,0.00144305,0.00145082,0.00006559,418.2083,379.7376,0.6869,61.6387,1.8384,37588.4109,89.7407,538.3845,395.5999,218.4789,430.6076,432.5446,432.5446,1046.441,1081.3617,427.0584,0.0,2.43015,2.511246,0.971205,30,216,96,2,0.20383968,0.00163983,-0.01249836,0E-8,0.000000,0.906607,0.000000,0.01775797,2026-03-22,2026-08-06,108,3621,2443,138,0.782609,1.360932,1.287360,0.679466,,,,,,,,GLOBAL_BASELINE_NO_ENTITY_RANKING,,,NOT_APPLICABLE_GLOBAL_BASELINE,HF9g-P5,,,,X 全窗基线 · 不参与实体赏罚,14199757,1420,A168_HF9F_20260827_0900,2026-08-27 09:00:00
2026-07-05,57024343,2209,0,427.0584215921,405.7055005125,405.7055005125,1.0000000,1,1,0.50665070000000000,0.506650700000,0.9867858985152569,0.9867858985152569,0.9867858985152569,0E-17,ELIGIBLE,R03b_20260811_FULL_v1,L1_ELIGIBILITY,v2026-08-11,2026-03-21..2026-08-06,baccarat_bet02_101_all_pairs_incl_sentinel,round_win = game_pnl > 0 (decisive only),COMPATIBILITY_ONLY_NOT_PRODUCTION,4059548.3812,3680416.6879,6656.9809,9707,9692,-0.00163983,0.01249836,-0.00525961,-0.00163983,-6656.9809,4059548.3812,OK,0.0000,266.2792,4.0000,96.0000,AG03-UNRESOLVED,ALL5_LEVELS_bet23_to_bet27,266.2792,266.2792,266.2792,0.0000,0.0000,4.000000,4.000000,4.000000,0.000000,0.000000,96.000000,96.000000,96.000000,100.000000,100.000000,5.0,798.8377,767.3102,5858.1432,5889.6706,PENDING_AG03,FALSE,NOT_FOR_ENFORCEMENT,6390.7016,3533200.0204,6656.9809,6390.7016,266.2792,0.00163983,0.00157424,266.2792,6390.7016,0.00157424,266.2792,266.2792,266.2792,0.0000,0.0000,6390.7016,0.00157424,798.8377,767.3102,5858.1432,5889.6706,0.00144305,0.00145082,0.00006559,418.2083,379.7376,0.6869,61.6387,1.8384,37588.4109,89.7407,538.3845,395.5999,218.4789,430.6076,432.5446,432.5446,1046.441,1081.3617,427.0584,0.0,2.43015,2.511246,0.971205,30,216,96,2,0.20383968,0.00163983,-0.01249836,0E-8,0.000000,0.906607,0.000000,0.01775797,2026-03-22,2026-08-06,108,3621,2443,138,0.782609,1.360932,1.287360,0.679466,,,,,,,,GLOBAL_BASELINE_NO_ENTITY_RANKING,,,NOT_APPLICABLE_GLOBAL_BASELINE,HF9g-P5,,,,X 全窗基线 · 不参与实体赏罚,14199758,1420,A168_HF9F_20260827_0900,2026-08-27 09:00:00
2026-07-05,57024343,2261,0,854.1168431842,-854.1168431842,-854.1168431842,0E-7,2,2,0.50665070000000000,0.506650700000,-1.4331513700195317,-1.4331513700195317,-1.4331513700195317,0E-17,ELIGIBLE,R03b_20260811_FULL_v1,L1_ELIGIBILITY,v2026-08-11,2026-03-21..2026-08-06,baccarat_bet02_101_all_pairs_incl_sentinel,round_win = game_pnl > 0 (decisive only),COMPATIBILITY_ONLY_NOT_PRODUCTION,4059548.3812,3680416.6879,6656.9809,9707,9692,-0.00163983,0.01249836,-0.00525961,-0.00163983,-6656.9809,4059548.3812,OK,0.0000,266.2792,4.0000,96.0000,AG03-UNRESOLVED,ALL5_LEVELS_bet23_to_bet27,266.2792,266.2792,266.2792,0.0000,0.0000,4.000000,4.000000,4.000000,0.000000,0.000000,96.000000,96.000000,96.000000,100.000000,100.000000,5.0,798.8377,767.3102,5858.1432,5889.6706,PENDING_AG03,FALSE,NOT_FOR_ENFORCEMENT,6390.7016,3533200.0204,6656.9809,6390.7016,266.2792,0.00163983,0.00157424,266.2792,6390.7016,0.00157424,266.2792,266.2792,266.2792,0.0000,0.0000,6390.7016,0.00157424,798.8377,767.3102,5858.1432,5889.6706,0.00144305,0.00145082,0.00006559,418.2083,379.7376,0.6869,61.6387,1.8384,37588.4109,89.7407,538.3845,395.5999,218.4789,430.6076,432.5446,432.5446,1046.441,1081.3617,427.0584,0.0,2.43015,2.511246,0.971205,30,216,96,2,0.20383968,0.00163983,-0.01249836,0E-8,0.000000,0.906607,0.000000,0.01775797,2026-03-22,2026-08-06,108,3621,2443,138,0.782609,1.360932,1.287360,0.679466,,,,,,,,GLOBAL_BASELINE_NO_ENTITY_RANKING,,,NOT_APPLICABLE_GLOBAL_BASELINE,HF9g-P5,,,,X 全窗基线 · 不参与实体赏罚,14199759,1420,A168_HF9F_20260827_0900,2026-08-27 09:00:00
2026-07-05,57024343,2287,0,854.1168431842,0E-10,0E-10,,2,2,0.50665070000000000,0.506650700000,,,,0E-17,NO_DECISIVE_ROUND,R03b_20260811_FULL_v1,L1_ELIGIBILITY,v2026-08-11,2026-03-21..2026-08-06,baccarat_bet02_101_all_pairs_incl_sentinel,round_win = game_pnl > 0 (decisive only),COMPATIBILITY_ONLY_NOT_PRODUCTION,4059548.3812,3680416.6879,6656.9809,9707,9692,-0.00163983,0.01249836,-0.00525961,-0.00163983,-6656.9809,4059548.3812,OK,0.0000,266.2792,4.0000,96.0000,AG03-UNRESOLVED,ALL5_LEVELS_bet23_to_bet27,266.2792,266.2792,266.2792,0.0000,0.0000,4.000000,4.000000,4.000000,0.000000,0.000000,96.000000,96.000000,96.000000,100.000000,100.000000,5.0,798.8377,767.3102,5858.1432,5889.6706,PENDING_AG03,FALSE,NOT_FOR_ENFORCEMENT,6390.7016,3533200.0204,6656.9809,6390.7016,266.2792,0.00163983,0.00157424,266.2792,6390.7016,0.00157424,266.2792,266.2792,266.2792,0.0000,0.0000,6390.7016,0.00157424,798.8377,767.3102,5858.1432,5889.6706,0.00144305,0.00145082,0.00006559,418.2083,379.7376,0.6869,61.6387,1.8384,37588.4109,89.7407,538.3845,395.5999,218.4789,430.6076,432.5446,432.5446,1046.441,1081.3617,427.0584,0.0,2.43015,2.511246,0.971205,30,216,96,2,0.20383968,0.00163983,-0.01249836,0E-8,0.000000,0.906607,0.000000,0.01775797,2026-03-22,2026-08-06,108,3621,2443,138,0.782609,1.360932,1.287360,0.679466,,,,,,,,GLOBAL_BASELINE_NO_ENTITY_RANKING,,,NOT_APPLICABLE_GLOBAL_BASELINE,HF9g-P5,,,,X 全窗基线 · 不参与实体赏罚,14199760,1420,A168_HF9F_20260827_0900,2026-08-27 09:00:00
2026-07-05,57024343,529,0,1067.6460539802,1014.2637512812,1014.2637512812,1.0000000,1,1,0.50665070000000000,0.506650700000,0.9867858985152569,0.9867858985152569,0.9867858985152569,0E-17,ELIGIBLE,R03b_20260811_FULL_v1,L1_ELIGIBILITY,v2026-08-11,2026-03-21..2026-08-06,baccarat_bet02_101_all_pairs_incl_sentinel,round_win = game_pnl > 0 (decisive only),COMPATIBILITY_ONLY_NOT_PRODUCTION,4059548.3812,3680416.6879,6656.9809,9707,9692,-0.00163983,0.01249836,-0.00525961,-0.00163983,-6656.9809,4059548.3812,OK,0.0000,266.2792,4.0000,96.0000,AG03-UNRESOLVED,ALL5_LEVELS_bet23_to_bet27,266.2792,266.2792,266.2792,0.0000,0.0000,4.000000,4.000000,4.000000,0.000000,0.000000,96.000000,96.000000,96.000000,100.000000,100.000000,5.0,798.8377,767.3102,5858.1432,5889.6706,PENDING_AG03,FALSE,NOT_FOR_ENFORCEMENT,6390.7016,3533200.0204,6656.9809,6390.7016,266.2792,0.00163983,0.00157424,266.2792,6390.7016,0.00157424,266.2792,266.2792,266.2792,0.0000,0.0000,6390.7016,0.00157424,798.8377,767.3102,5858.1432,5889.6706,0.00144305,0.00145082,0.00006559,418.2083,379.7376,0.6869,61.6387,1.8384,37588.4109,89.7407,538.3845,395.5999,218.4789,430.6076,432.5446,432.5446,1046.441,1081.3617,427.0584,0.0,2.43015,2.511246,0.971205,30,216,96,2,0.20383968,0.00163983,-0.01249836,0E-8,0.000000,0.906607,0.000000,0.01775797,2026-03-22,2026-08-06,108,3621,2443,138,0.782609,1.360932,1.287360,0.679466,,,,,,,,GLOBAL_BASELINE_NO_ENTITY_RANKING,,,NOT_APPLICABLE_GLOBAL_BASELINE,HF9g-P5,,,,X 全窗基线 · 不参与实体赏罚,14199761,1420,A168_HF9F_20260827_0900,2026-08-27 09:00:00
2026-07-05,57024343,595,0,427.0584215921,-427.0584215921,-427.0584215921,0E-7,1,1,0.50665070000000000,0.506650700000,-1.013391052207602,-1.013391052207602,-1.013391052207602,0E-17,ELIGIBLE,R03b_20260811_FULL_v1,L1_ELIGIBILITY,v2026-08-11,2026-03-21..2026-08-06,baccarat_bet02_101_all_pairs_incl_sentinel,round_win = game_pnl > 0 (decisive only),COMPATIBILITY_ONLY_NOT_PRODUCTION,4059548.3812,3680416.6879,6656.9809,9707,9692,-0.00163983,0.01249836,-0.00525961,-0.00163983,-6656.9809,4059548.3812,OK,0.0000,266.2792,4.0000,96.0000,AG03-UNRESOLVED,ALL5_LEVELS_bet23_to_bet27,266.2792,266.2792,266.2792,0.0000,0.0000,4.000000,4.000000,4.000000,0.000000,0.000000,96.000000,96.000000,96.000000,100.000000,100.000000,5.0,798.8377,767.3102,5858.1432,5889.6706,PENDING_AG03,FALSE,NOT_FOR_ENFORCEMENT,6390.7016,3533200.0204,6656.9809,6390.7016,266.2792,0.00163983,0.00157424,266.2792,6390.7016,0.00157424,266.2792,266.2792,266.2792,0.0000,0.0000,6390.7016,0.00157424,798.8377,767.3102,5858.1432,5889.6706,0.00144305,0.00145082,0.00006559,418.2083,379.7376,0.6869,61.6387,1.8384,37588.4109,89.7407,538.3845,395.5999,218.4789,430.6076,432.5446,432.5446,1046.441,1081.3617,427.0584,0.0,2.43015,2.511246,0.971205,30,216,96,2,0.20383968,0.00163983,-0.01249836,0E-8,0.000000,0.906607,0.000000,0.01775797,2026-03-22,2026-08-06,108,3621,2443,138,0.782609,1.360932,1.287360,0.679466,,,,,,,,GLOBAL_BASELINE_NO_ENTITY_RANKING,,,NOT_APPLICABLE_GLOBAL_BASELINE,HF9g-P5,,,,X 全窗基线 · 不参与实体赏罚,14199762,1420,A168_HF9F_20260827_0900,2026-08-27 09:00:00
2026-07-05,57024343,970,0,1281.1752647763,811.4110010250,811.4110010250,1.0000000,3,3,0.50665070000000000,0.506650700000,1.3955260008387969,1.3955260008387969,1.3955260008387969,0E-17,ELIGIBLE,R03b_20260811_FULL_v1,L1_ELIGIBILITY,v2026-08-11,2026-03-21..2026-08-06,baccarat_bet02_101_all_pairs_incl_sentinel,round_win = game_pnl > 0 (decisive only),COMPATIBILITY_ONLY_NOT_PRODUCTION,4059548.3812,3680416.6879,6656.9809,9707,9692,-0.00163983,0.01249836,-0.00525961,-0.00163983,-6656.9809,4059548.3812,OK,0.0000,266.2792,4.0000,96.0000,AG03-UNRESOLVED,ALL5_LEVELS_bet23_to_bet27,266.2792,266.2792,266.2792,0.0000,0.0000,4.000000,4.000000,4.000000,0.000000,0.000000,96.000000,96.000000,96.000000,100.000000,100.000000,5.0,798.8377,767.3102,5858.1432,5889.6706,PENDING_AG03,FALSE,NOT_FOR_ENFORCEMENT,6390.7016,3533200.0204,6656.9809,6390.7016,266.2792,0.00163983,0.00157424,266.2792,6390.7016,0.00157424,266.2792,266.2792,266.2792,0.0000,0.0000,6390.7016,0.00157424,798.8377,767.3102,5858.1432,5889.6706,0.00144305,0.00145082,0.00006559,418.2083,379.7376,0.6869,61.6387,1.8384,37588.4109,89.7407,538.3845,395.5999,218.4789,430.6076,432.5446,432.5446,1046.441,1081.3617,427.0584,0.0,2.43015,2.511246,0.971205,30,216,96,2,0.20383968,0.00163983,-0.01249836,0E-8,0.000000,0.906607,0.000000,0.01775797,2026-03-22,2026-08-06,108,3621,2443,138,0.782609,1.360932,1.287360,0.679466,,,,,,,,GLOBAL_BASELINE_NO_ENTITY_RANKING,,,NOT_APPLICABLE_GLOBAL_BASELINE,HF9g-P5,,,,X 全窗基线 · 不参与实体赏罚,14199763,1420,A168_HF9F_20260827_0900,2026-08-27 09:00:00
2026-07-06,57024343,1318,0,213.1021523744,202.4470447557,202.4470447557,1.0000000,1,1,0.50665070000000000,0.506650700000,0.9867858985152569,0.9867858985152569,0.9867858985152569,0E-17,ELIGIBLE,R03b_20260811_FULL_v1,L1_ELIGIBILITY,v2026-08-11,2026-03-21..2026-08-06,baccarat_bet02_101_all_pairs_incl_sentinel,round_win = game_pnl > 0 (decisive only),COMPATIBILITY_ONLY_NOT_PRODUCTION,4059548.3812,3680416.6879,6656.9809,9707,9692,-0.00163983,0.01249836,-0.00525961,-0.00163983,-6656.9809,4059548.3812,OK,0.0000,266.2792,4.0000,96.0000,AG03-UNRESOLVED,ALL5_LEVELS_bet23_to_bet27,266.2792,266.2792,266.2792,0.0000,0.0000,4.000000,4.000000,4.000000,0.000000,0.000000,96.000000,96.000000,96.000000,100.000000,100.000000,5.0,798.8377,767.3102,5858.1432,5889.6706,PENDING_AG03,FALSE,NOT_FOR_ENFORCEMENT,6390.7016,3533200.0204,6656.9809,6390.7016,266.2792,0.00163983,0.00157424,266.2792,6390.7016,0.00157424,266.2792,266.2792,266.2792,0.0000,0.0000,6390.7016,0.00157424,798.8377,767.3102,5858.1432,5889.6706,0.00144305,0.00145082,0.00006559,418.2083,379.7376,0.6869,61.6387,1.8384,37588.4109,89.7407,538.3845,395.5999,218.4789,430.6076,432.5446,432.5446,1046.441,1081.3617,427.0584,0.0,2.43015,2.511246,0.971205,30,216,96,2,0.20383968,0.00163983,-0.01249836,0E-8,0.000000,0.906607,0.000000,0.01775797,2026-03-22,2026-08-06,108,3621,2443,138,0.782609,1.360932,1.287360,0.679466,,,,,,,,GLOBAL_BASELINE_NO_ENTITY_RANKING,,,NOT_APPLICABLE_GLOBAL_BASELINE,HF9g-P5,,,,X 全窗基线 · 不参与实体赏罚,14199764,1420,A168_HF9F_20260827_0900,2026-08-27 09:00:00
2026-07-06,57024343,1330,0,194.5251110352,-194.5251110352,-194.5251110352,0E-7,1,1,0.50665070000000000,0.506650700000,-1.013391052207602,-1.013391052207602,-1.013391052207602,0E-17,ELIGIBLE,R03b_20260811_FULL_v1,L1_ELIGIBILITY,v2026-08-11,2026-03-21..2026-08-06,baccarat_bet02_101_all_pairs_incl_sentinel,round_win = game_pnl > 0 (decisive only),COMPATIBILITY_ONLY_NOT_PRODUCTION,4059548.3812,3680416.6879,6656.9809,9707,9692,-0.00163983,0.01249836,-0.00525961,-0.00163983,-6656.9809,4059548.3812,OK,0.0000,266.2792,4.0000,96.0000,AG03-UNRESOLVED,ALL5_LEVELS_bet23_to_bet27,266.2792,266.2792,266.2792,0.0000,0.0000,4.000000,4.000000,4.000000,0.000000,0.000000,96.000000,96.000000,96.000000,100.000000,100.000000,5.0,798.8377,767.3102,5858.1432,5889.6706,PENDING_AG03,FALSE,NOT_FOR_ENFORCEMENT,6390.7016,3533200.0204,6656.9809,6390.7016,266.2792,0.00163983,0.00157424,266.2792,6390.7016,0.00157424,266.2792,266.2792,266.2792,0.0000,0.0000,6390.7016,0.00157424,798.8377,767.3102,5858.1432,5889.6706,0.00144305,0.00145082,0.00006559,418.2083,379.7376,0.6869,61.6387,1.8384,37588.4109,89.7407,538.3845,395.5999,218.4789,430.6076,432.5446,432.5446,1046.441,1081.3617,427.0584,0.0,2.43015,2.511246,0.971205,30,216,96,2,0.20383968,0.00163983,-0.01249836,0E-8,0.000000,0.906607,0.000000,0.01775797,2026-03-22,2026-08-06,108,3621,2443,138,0.782609,1.360932,1.287360,0.679466,,,,,,,,GLOBAL_BASELINE_NO_ENTITY_RANKING,,,NOT_APPLICABLE_GLOBAL_BASELINE,HF9g-P5,,,,X 全窗基线 · 不参与实体赏罚,14199765,1420,A168_HF9F_20260827_0900,2026-08-27 09:00:00
2026-07-06,57024343,2196,0,415.5278442091,-415.5278442091,-415.5278442091,0E-7,1,1,0.50665070000000000,0.506650700000,-1.013391052207602,-1.013391052207602,-1.013391052207602,0E-17,ELIGIBLE,R03b_20260811_FULL_v1,L1_ELIGIBILITY,v2026-08-11,2026-03-21..2026-08-06,baccarat_bet02_101_all_pairs_incl_sentinel,round_win = game_pnl > 0 (decisive only),COMPATIBILITY_ONLY_NOT_PRODUCTION,4059548.3812,3680416.6879,6656.9809,9707,9692,-0.00163983,0.01249836,-0.00525961,-0.00163983,-6656.9809,4059548.3812,OK,0.0000,266.2792,4.0000,96.0000,AG03-UNRESOLVED,ALL5_LEVELS_bet23_to_bet27,266.2792,266.2792,266.2792,0.0000,0.0000,4.000000,4.000000,4.000000,0.000000,0.000000,96.000000,96.000000,96.000000,100.000000,100.000000,5.0,798.8377,767.3102,5858.1432,5889.6706,PENDING_AG03,FALSE,NOT_FOR_ENFORCEMENT,6390.7016,3533200.0204,6656.9809,6390.7016,266.2792,0.00163983,0.00157424,266.2792,6390.7016,0.00157424,266.2792,266.2792,266.2792,0.0000,0.0000,6390.7016,0.00157424,798.8377,767.3102,5858.1432,5889.6706,0.00144305,0.00145082,0.00006559,418.2083,379.7376,0.6869,61.6387,1.8384,37588.4109,89.7407,538.3845,395.5999,218.4789,430.6076,432.5446,432.5446,1046.441,1081.3617,427.0584,0.0,2.43015,2.511246,0.971205,30,216,96,2,0.20383968,0.00163983,-0.01249836,0E-8,0.000000,0.906607,0.000000,0.01775797,2026-03-22,2026-08-06,108,3621,2443,138,0.782609,1.360932,1.287360,0.679466,,,,,,,,GLOBAL_BASELINE_NO_ENTITY_RANKING,,,NOT_APPLICABLE_GLOBAL_BASELINE,HF9g-P5,,,,X 全窗基线 · 不参与实体赏罚,14199766,1420,A168_HF9F_20260827_0900,2026-08-27 09:00:00
2026-07-09,57024343,-1,1,15833.1909805271,3468.2482063549,3468.2482063549,0.6363636,37,37,0.50556379189189189,0.505563791892,1.502868849286776,1.5028688492855378,1.502868849286776,-1.0811E-13,SENTINEL_DEALER,R03b_20260811_FULL_v1,L1_ELIGIBILITY,v2026-08-11,2026-03-21..2026-08-06,baccarat_bet02_101_all_pairs_incl_sentinel,round_win = game_pnl > 0 (decisive only),COMPATIBILITY_ONLY_NOT_PRODUCTION,4059548.3812,3680416.6879,6656.9809,9707,9692,-0.00163983,0.01249836,-0.00525961,-0.00163983,-6656.9809,4059548.3812,OK,0.0000,266.2792,4.0000,96.0000,AG03-UNRESOLVED,ALL5_LEVELS_bet23_to_bet27,266.2792,266.2792,266.2792,0.0000,0.0000,4.000000,4.000000,4.000000,0.000000,0.000000,96.000000,96.000000,96.000000,100.000000,100.000000,5.0,798.8377,767.3102,5858.1432,5889.6706,PENDING_AG03,FALSE,NOT_FOR_ENFORCEMENT,6390.7016,3533200.0204,6656.9809,6390.7016,266.2792,0.00163983,0.00157424,266.2792,6390.7016,0.00157424,266.2792,266.2792,266.2792,0.0000,0.0000,6390.7016,0.00157424,798.8377,767.3102,5858.1432,5889.6706,0.00144305,0.00145082,0.00006559,418.2083,379.7376,0.6869,61.6387,1.8384,37588.4109,89.7407,538.3845,395.5999,218.4789,430.6076,432.5446,432.5446,1046.441,1081.3617,427.0584,0.0,2.43015,2.511246,0.971205,30,216,96,2,0.20383968,0.00163983,-0.01249836,0E-8,0.000000,0.906607,0.000000,0.01775797,2026-03-22,2026-08-06,108,3621,2443,138,0.782609,1.360932,1.287360,0.679466,,,,,,,,GLOBAL_BASELINE_NO_ENTITY_RANKING,,,NOT_APPLICABLE_GLOBAL_BASELINE,HF9g-P5,,,,X 全窗基线 · 不参与实体赏罚,14199767,1420,A168_HF9F_20260827_0900,2026-08-27 09:00:00
2026-07-09,57024343,1115,0,1708.2336863684,-875.4697642638,-875.4697642638,0.2500000,4,4,0.50665070000000000,0.506650700000,-1.0266936290537745,-1.0266936290537745,-1.0266936290537745,0E-17,ELIGIBLE,R03b_20260811_FULL_v1,L1_ELIGIBILITY,v2026-08-11,2026-03-21..2026-08-06,baccarat_bet02_101_all_pairs_incl_sentinel,round_win = game_pnl > 0 (decisive only),COMPATIBILITY_ONLY_NOT_PRODUCTION,4059548.3812,3680416.6879,6656.9809,9707,9692,-0.00163983,0.01249836,-0.00525961,-0.00163983,-6656.9809,4059548.3812,OK,0.0000,266.2792,4.0000,96.0000,AG03-UNRESOLVED,ALL5_LEVELS_bet23_to_bet27,266.2792,266.2792,266.2792,0.0000,0.0000,4.000000,4.000000,4.000000,0.000000,0.000000,96.000000,96.000000,96.000000,100.000000,100.000000,5.0,798.8377,767.3102,5858.1432,5889.6706,PENDING_AG03,FALSE,NOT_FOR_ENFORCEMENT,6390.7016,3533200.0204,6656.9809,6390.7016,266.2792,0.00163983,0.00157424,266.2792,6390.7016,0.00157424,266.2792,266.2792,266.2792,0.0000,0.0000,6390.7016,0.00157424,798.8377,767.3102,5858.1432,5889.6706,0.00144305,0.00145082,0.00006559,418.2083,379.7376,0.6869,61.6387,1.8384,37588.4109,89.7407,538.3845,395.5999,218.4789,430.6076,432.5446,432.5446,1046.441,1081.3617,427.0584,0.0,2.43015,2.511246,0.971205,30,216,96,2,0.20383968,0.00163983,-0.01249836,0E-8,0.000000,0.906607,0.000000,0.01775797,2026-03-22,2026-08-06,108,3621,2443,138,0.782609,1.360932,1.287360,0.679466,,,,,,,,GLOBAL_BASELINE_NO_ENTITY_RANKING,,,NOT_APPLICABLE_GLOBAL_BASELINE,HF9g-P5,,,,X 全窗基线 · 不参与实体赏罚,14199768,1420,A168_HF9F_20260827_0900,2026-08-27 09:00:00
2026-07-09,57024343,1157,0,1708.2336863684,-875.4697642638,-875.4697642638,0.2500000,4,4,0.50665070000000000,0.506650700000,-1.0266936290537745,-1.0266936290537745,-1.0266936290537745,0E-17,ELIGIBLE,R03b_20260811_FULL_v1,L1_ELIGIBILITY,v2026-08-11,2026-03-21..2026-08-06,baccarat_bet02_101_all_pairs_incl_sentinel,round_win = game_pnl > 0 (decisive only),COMPATIBILITY_ONLY_NOT_PRODUCTION,4059548.3812,3680416.6879,6656.9809,9707,9692,-0.00163983,0.01249836,-0.00525961,-0.00163983,-6656.9809,4059548.3812,OK,0.0000,266.2792,4.0000,96.0000,AG03-UNRESOLVED,ALL5_LEVELS_bet23_to_bet27,266.2792,266.2792,266.2792,0.0000,0.0000,4.000000,4.000000,4.000000,0.000000,0.000000,96.000000,96.000000,96.000000,100.000000,100.000000,5.0,798.8377,767.3102,5858.1432,5889.6706,PENDING_AG03,FALSE,NOT_FOR_ENFORCEMENT,6390.7016,3533200.0204,6656.9809,6390.7016,266.2792,0.00163983,0.00157424,266.2792,6390.7016,0.00157424,266.2792,266.2792,266.2792,0.0000,0.0000,6390.7016,0.00157424,798.8377,767.3102,5858.1432,5889.6706,0.00144305,0.00145082,0.00006559,418.2083,379.7376,0.6869,61.6387,1.8384,37588.4109,89.7407,538.3845,395.5999,218.4789,430.6076,432.5446,432.5446,1046.441,1081.3617,427.0584,0.0,2.43015,2.511246,0.971205,30,216,96,2,0.20383968,0.00163983,-0.01249836,0E-8,0.000000,0.906607,0.000000,0.01775797,2026-03-22,2026-08-06,108,3621,2443,138,0.782609,1.360932,1.287360,0.679466,,,,,,,,GLOBAL_BASELINE_NO_ENTITY_RANKING,,,NOT_APPLICABLE_GLOBAL_BASELINE,HF9g-P5,,,,X 全窗基线 · 不参与实体赏罚,14199769,1420,A168_HF9F_20260827_0900,2026-08-27 09:00:00
2026-07-09,57024343,1383,0,2135.2921079605,-42.7058421592,-42.7058421592,0.5000000,5,5,0.50665070000000000,0.506650700000,-0.02660515369234503,-0.02660515369234503,-0.02660515369234503,0E-17,ELIGIBLE,R03b_20260811_FULL_v1,L1_ELIGIBILITY,v2026-08-11,2026-03-21..2026-08-06,baccarat_bet02_101_all_pairs_incl_sentinel,round_win = game_pnl > 0 (decisive only),COMPATIBILITY_ONLY_NOT_PRODUCTION,4059548.3812,3680416.6879,6656.9809,9707,9692,-0.00163983,0.01249836,-0.00525961,-0.00163983,-6656.9809,4059548.3812,OK,0.0000,266.2792,4.0000,96.0000,AG03-UNRESOLVED,ALL5_LEVELS_bet23_to_bet27,266.2792,266.2792,266.2792,0.0000,0.0000,4.000000,4.000000,4.000000,0.000000,0.000000,96.000000,96.000000,96.000000,100.000000,100.000000,5.0,798.8377,767.3102,5858.1432,5889.6706,PENDING_AG03,FALSE,NOT_FOR_ENFORCEMENT,6390.7016,3533200.0204,6656.9809,6390.7016,266.2792,0.00163983,0.00157424,266.2792,6390.7016,0.00157424,266.2792,266.2792,266.2792,0.0000,0.0000,6390.7016,0.00157424,798.8377,767.3102,5858.1432,5889.6706,0.00144305,0.00145082,0.00006559,418.2083,379.7376,0.6869,61.6387,1.8384,37588.4109,89.7407,538.3845,395.5999,218.4789,430.6076,432.5446,432.5446,1046.441,1081.3617,427.0584,0.0,2.43015,2.511246,0.971205,30,216,96,2,0.20383968,0.00163983,-0.01249836,0E-8,0.000000,0.906607,0.000000,0.01775797,2026-03-22,2026-08-06,108,3621,2443,138,0.782609,1.360932,1.287360,0.679466,,,,,,,,GLOBAL_BASELINE_NO_ENTITY_RANKING,,,NOT_APPLICABLE_GLOBAL_BASELINE,HF9g-P5,,,,X 全窗基线 · 不参与实体赏罚,14199770,1420,A168_HF9F_20260827_0900,2026-08-27 09:00:00
2026-07-09,57024343,1505,0,2989.4089511447,-1323.8811069355,-1323.8811069355,0.2857143,7,7,0.50473567142857143,0.504735671429,-1.159004222986255,-1.1590042229885325,-1.159004222986255,-4.2857E-13,ELIGIBLE,R03b_20260811_FULL_v1,L1_ELIGIBILITY,v2026-08-11,2026-03-21..2026-08-06,baccarat_bet02_101_all_pairs_incl_sentinel,round_win = game_pnl > 0 (decisive only),COMPATIBILITY_ONLY_NOT_PRODUCTION,4059548.3812,3680416.6879,6656.9809,9707,9692,-0.00163983,0.01249836,-0.00525961,-0.00163983,-6656.9809,4059548.3812,OK,0.0000,266.2792,4.0000,96.0000,AG03-UNRESOLVED,ALL5_LEVELS_bet23_to_bet27,266.2792,266.2792,266.2792,0.0000,0.0000,4.000000,4.000000,4.000000,0.000000,0.000000,96.000000,96.000000,96.000000,100.000000,100.000000,5.0,798.8377,767.3102,5858.1432,5889.6706,PENDING_AG03,FALSE,NOT_FOR_ENFORCEMENT,6390.7016,3533200.0204,6656.9809,6390.7016,266.2792,0.00163983,0.00157424,266.2792,6390.7016,0.00157424,266.2792,266.2792,266.2792,0.0000,0.0000,6390.7016,0.00157424,798.8377,767.3102,5858.1432,5889.6706,0.00144305,0.00145082,0.00006559,418.2083,379.7376,0.6869,61.6387,1.8384,37588.4109,89.7407,538.3845,395.5999,218.4789,430.6076,432.5446,432.5446,1046.441,1081.3617,427.0584,0.0,2.43015,2.511246,0.971205,30,216,96,2,0.20383968,0.00163983,-0.01249836,0E-8,0.000000,0.906607,0.000000,0.01775797,2026-03-22,2026-08-06,108,3621,2443,138,0.782609,1.360932,1.287360,0.679466,,,,,,,,GLOBAL_BASELINE_NO_ENTITY_RANKING,,,NOT_APPLICABLE_GLOBAL_BASELINE,HF9g-P5,,,,X 全窗基线 · 不参与实体赏罚,14199771,1420,A168_HF9F_20260827_0900,2026-08-27 09:00:00
2026-07-09,57024343,1714,0,854.1168431842,-21.3529210796,-21.3529210796,0.5000000,2,2,0.50665070000000000,0.506650700000,-0.018812684590367487,-0.018812684590367487,-0.018812684590367487,0E-17,ELIGIBLE,R03b_20260811_FULL_v1,L1_ELIGIBILITY,v2026-08-11,2026-03-21..2026-08-06,baccarat_bet02_101_all_pairs_incl_sentinel,round_win = game_pnl > 0 (decisive only),COMPATIBILITY_ONLY_NOT_PRODUCTION,4059548.3812,3680416.6879,6656.9809,9707,9692,-0.00163983,0.01249836,-0.00525961,-0.00163983,-6656.9809,4059548.3812,OK,0.0000,266.2792,4.0000,96.0000,AG03-UNRESOLVED,ALL5_LEVELS_bet23_to_bet27,266.2792,266.2792,266.2792,0.0000,0.0000,4.000000,4.000000,4.000000,0.000000,0.000000,96.000000,96.000000,96.000000,100.000000,100.000000,5.0,798.8377,767.3102,5858.1432,5889.6706,PENDING_AG03,FALSE,NOT_FOR_ENFORCEMENT,6390.7016,3533200.0204,6656.9809,6390.7016,266.2792,0.00163983,0.00157424,266.2792,6390.7016,0.00157424,266.2792,266.2792,266.2792,0.0000,0.0000,6390.7016,0.00157424,798.8377,767.3102,5858.1432,5889.6706,0.00144305,0.00145082,0.00006559,418.2083,379.7376,0.6869,61.6387,1.8384,37588.4109,89.7407,538.3845,395.5999,218.4789,430.6076,432.5446,432.5446,1046.441,1081.3617,427.0584,0.0,2.43015,2.511246,0.971205,30,216,96,2,0.20383968,0.00163983,-0.01249836,0E-8,0.000000,0.906607,0.000000,0.01775797,2026-03-22,2026-08-06,108,3621,2443,138,0.782609,1.360932,1.287360,0.679466,,,,,,,,GLOBAL_BASELINE_NO_ENTITY_RANKING,,,NOT_APPLICABLE_GLOBAL_BASELINE,HF9g-P5,,,,X 全窗基线 · 不参与实体赏罚,14199772,1420,A168_HF9F_20260827_0900,2026-08-27 09:00:00
2026-07-09,57024343,2123,0,2562.3505295526,-42.7058421592,-42.7058421592,0.5000000,6,6,0.50665070000000000,0.506650700000,-0.02660515369234503,-0.02660515369234503,-0.02660515369234503,0E-17,ELIGIBLE,R03b_20260811_FULL_v1,L1_ELIGIBILITY,v2026-08-11,2026-03-21..2026-08-06,baccarat_bet02_101_all_pairs_incl_sentinel,round_win = game_pnl > 0 (decisive only),COMPATIBILITY_ONLY_NOT_PRODUCTION,4059548.3812,3680416.6879,6656.9809,9707,9692,-0.00163983,0.01249836,-0.00525961,-0.00163983,-6656.9809,4059548.3812,OK,0.0000,266.2792,4.0000,96.0000,AG03-UNRESOLVED,ALL5_LEVELS_bet23_to_bet27,266.2792,266.2792,266.2792,0.0000,0.0000,4.000000,4.000000,4.000000,0.000000,0.000000,96.000000,96.000000,96.000000,100.000000,100.000000,5.0,798.8377,767.3102,5858.1432,5889.6706,PENDING_AG03,FALSE,NOT_FOR_ENFORCEMENT,6390.7016,3533200.0204,6656.9809,6390.7016,266.2792,0.00163983,0.00157424,266.2792,6390.7016,0.00157424,266.2792,266.2792,266.2792,0.0000,0.0000,6390.7016,0.00157424,798.8377,767.3102,5858.1432,5889.6706,0.00144305,0.00145082,0.00006559,418.2083,379.7376,0.6869,61.6387,1.8384,37588.4109,89.7407,538.3845,395.5999,218.4789,430.6076,432.5446,432.5446,1046.441,1081.3617,427.0584,0.0,2.43015,2.511246,0.971205,30,216,96,2,0.20383968,0.00163983,-0.01249836,0E-8,0.000000,0.906607,0.000000,0.01775797,2026-03-22,2026-08-06,108,3621,2443,138,0.782609,1.360932,1.287360,0.679466,,,,,,,,GLOBAL_BASELINE_NO_ENTITY_RANKING,,,NOT_APPLICABLE_GLOBAL_BASELINE,HF9g-P5,,,,X 全窗基线 · 不参与实体赏罚,14199773,1420,A168_HF9F_20260827_0900,2026-08-27 09:00:00
2026-07-09,57024343,2153,0,2135.2921079605,1195.7635804579,1195.7635804579,0.8000000,5,5,0.50665070000000000,0.506650700000,1.3120140225494112,1.3120140225494112,1.3120140225494112,0E-17,ELIGIBLE,R03b_20260811_FULL_v1,L1_ELIGIBILITY,v2026-08-11,2026-03-21..2026-08-06,baccarat_bet02_101_all_pairs_incl_sentinel,round_win = game_pnl > 0 (decisive only),COMPATIBILITY_ONLY_NOT_PRODUCTION,4059548.3812,3680416.6879,6656.9809,9707,9692,-0.00163983,0.01249836,-0.00525961,-0.00163983,-6656.9809,4059548.3812,OK,0.0000,266.2792,4.0000,96.0000,AG03-UNRESOLVED,ALL5_LEVELS_bet23_to_bet27,266.2792,266.2792,266.2792,0.0000,0.0000,4.000000,4.000000,4.000000,0.000000,0.000000,96.000000,96.000000,96.000000,100.000000,100.000000,5.0,798.8377,767.3102,5858.1432,5889.6706,PENDING_AG03,FALSE,NOT_FOR_ENFORCEMENT,6390.7016,3533200.0204,6656.9809,6390.7016,266.2792,0.00163983,0.00157424,266.2792,6390.7016,0.00157424,266.2792,266.2792,266.2792,0.0000,0.0000,6390.7016,0.00157424,798.8377,767.3102,5858.1432,5889.6706,0.00144305,0.00145082,0.00006559,418.2083,379.7376,0.6869,61.6387,1.8384,37588.4109,89.7407,538.3845,395.5999,218.4789,430.6076,432.5446,432.5446,1046.441,1081.3617,427.0584,0.0,2.43015,2.511246,0.971205,30,216,96,2,0.20383968,0.00163983,-0.01249836,0E-8,0.000000,0.906607,0.000000,0.01775797,2026-03-22,2026-08-06,108,3621,2443,138,0.782609,1.360932,1.287360,0.679466,,,,,,,,GLOBAL_BASELINE_NO_ENTITY_RANKING,,,NOT_APPLICABLE_GLOBAL_BASELINE,HF9g-P5,,,,X 全窗基线 · 不参与实体赏罚,14199774,1420,A168_HF9F_20260827_0900,2026-08-27 09:00:00
2026-07-09,57024343,2170,0,427.0584215921,405.7055005125,405.7055005125,1.0000000,1,1,0.50665070000000000,0.506650700000,0.9867858985152569,0.9867858985152569,0.9867858985152569,0E-17,ELIGIBLE,R03b_20260811_FULL_v1,L1_ELIGIBILITY,v2026-08-11,2026-03-21..2026-08-06,baccarat_bet02_101_all_pairs_incl_sentinel,round_win = game_pnl > 0 (decisive only),COMPATIBILITY_ONLY_NOT_PRODUCTION,4059548.3812,3680416.6879,6656.9809,9707,9692,-0.00163983,0.01249836,-0.00525961,-0.00163983,-6656.9809,4059548.3812,OK,0.0000,266.2792,4.0000,96.0000,AG03-UNRESOLVED,ALL5_LEVELS_bet23_to_bet27,266.2792,266.2792,266.2792,0.0000,0.0000,4.000000,4.000000,4.000000,0.000000,0.000000,96.000000,96.000000,96.000000,100.000000,100.000000,5.0,798.8377,767.3102,5858.1432,5889.6706,PENDING_AG03,FALSE,NOT_FOR_ENFORCEMENT,6390.7016,3533200.0204,6656.9809,6390.7016,266.2792,0.00163983,0.00157424,266.2792,6390.7016,0.00157424,266.2792,266.2792,266.2792,0.0000,0.0000,6390.7016,0.00157424,798.8377,767.3102,5858.1432,5889.6706,0.00144305,0.00145082,0.00006559,418.2083,379.7376,0.6869,61.6387,1.8384,37588.4109,89.7407,538.3845,395.5999,218.4789,430.6076,432.5446,432.5446,1046.441,1081.3617,427.0584,0.0,2.43015,2.511246,0.971205,30,216,96,2,0.20383968,0.00163983,-0.01249836,0E-8,0.000000,0.906607,0.000000,0.01775797,2026-03-22,2026-08-06,108,3621,2443,138,0.782609,1.360932,1.287360,0.679466,,,,,,,,GLOBAL_BASELINE_NO_ENTITY_RANKING,,,NOT_APPLICABLE_GLOBAL_BASELINE,HF9g-P5,,,,X 全窗基线 · 不参与实体赏罚,14199775,1420,A168_HF9F_20260827_0900,2026-08-27 09:00:00
2026-07-09,57024343,2212,0,1067.6460539802,-1067.6460539802,-1067.6460539802,0E-7,3,3,0.50665070000000000,0.506650700000,-1.7552447903592512,-1.7552447903592512,-1.7552447903592512,0E-17,ELIGIBLE,R03b_20260811_FULL_v1,L1_ELIGIBILITY,v2026-08-11,2026-03-21..2026-08-06,baccarat_bet02_101_all_pairs_incl_sentinel,round_win = game_pnl > 0 (decisive only),COMPATIBILITY_ONLY_NOT_PRODUCTION,4059548.3812,3680416.6879,6656.9809,9707,9692,-0.00163983,0.01249836,-0.00525961,-0.00163983,-6656.9809,4059548.3812,OK,0.0000,266.2792,4.0000,96.0000,AG03-UNRESOLVED,ALL5_LEVELS_bet23_to_bet27,266.2792,266.2792,266.2792,0.0000,0.0000,4.000000,4.000000,4.000000,0.000000,0.000000,96.000000,96.000000,96.000000,100.000000,100.000000,5.0,798.8377,767.3102,5858.1432,5889.6706,PENDING_AG03,FALSE,NOT_FOR_ENFORCEMENT,6390.7016,3533200.0204,6656.9809,6390.7016,266.2792,0.00163983,0.00157424,266.2792,6390.7016,0.00157424,266.2792,266.2792,266.2792,0.0000,0.0000,6390.7016,0.00157424,798.8377,767.3102,5858.1432,5889.6706,0.00144305,0.00145082,0.00006559,418.2083,379.7376,0.6869,61.6387,1.8384,37588.4109,89.7407,538.3845,395.5999,218.4789,430.6076,432.5446,432.5446,1046.441,1081.3617,427.0584,0.0,2.43015,2.511246,0.971205,30,216,96,2,0.20383968,0.00163983,-0.01249836,0E-8,0.000000,0.906607,0.000000,0.01775797,2026-03-22,2026-08-06,108,3621,2443,138,0.782609,1.360932,1.287360,0.679466,,,,,,,,GLOBAL_BASELINE_NO_ENTITY_RANKING,,,NOT_APPLICABLE_GLOBAL_BASELINE,HF9g-P5,,,,X 全窗基线 · 不参与实体赏罚,14199776,1420,A168_HF9F_20260827_0900,2026-08-27 09:00:00
2026-07-09,57024343,2220,0,2562.3505295526,362.9996583533,362.9996583533,0.6000000,6,6,0.50665070000000000,0.506650700000,0.4175076967804994,0.4175076967804994,0.4175076967804994,0E-17,ELIGIBLE,R03b_20260811_FULL_v1,L1_ELIGIBILITY,v2026-08-11,2026-03-21..2026-08-06,baccarat_bet02_101_all_pairs_incl_sentinel,round_win = game_pnl > 0 (decisive only),COMPATIBILITY_ONLY_NOT_PRODUCTION,4059548.3812,3680416.6879,6656.9809,9707,9692,-0.00163983,0.01249836,-0.00525961,-0.00163983,-6656.9809,4059548.3812,OK,0.0000,266.2792,4.0000,96.0000,AG03-UNRESOLVED,ALL5_LEVELS_bet23_to_bet27,266.2792,266.2792,266.2792,0.0000,0.0000,4.000000,4.000000,4.000000,0.000000,0.000000,96.000000,96.000000,96.000000,100.000000,100.000000,5.0,798.8377,767.3102,5858.1432,5889.6706,PENDING_AG03,FALSE,NOT_FOR_ENFORCEMENT,6390.7016,3533200.0204,6656.9809,6390.7016,266.2792,0.00163983,0.00157424,266.2792,6390.7016,0.00157424,266.2792,266.2792,266.2792,0.0000,0.0000,6390.7016,0.00157424,798.8377,767.3102,5858.1432,5889.6706,0.00144305,0.00145082,0.00006559,418.2083,379.7376,0.6869,61.6387,1.8384,37588.4109,89.7407,538.3845,395.5999,218.4789,430.6076,432.5446,432.5446,1046.441,1081.3617,427.0584,0.0,2.43015,2.511246,0.971205,30,216,96,2,0.20383968,0.00163983,-0.01249836,0E-8,0.000000,0.906607,0.000000,0.01775797,2026-03-22,2026-08-06,108,3621,2443,138,0.782609,1.360932,1.287360,0.679466,,,,,,,,GLOBAL_BASELINE_NO_ENTITY_RANKING,,,NOT_APPLICABLE_GLOBAL_BASELINE,HF9g-P5,,,,X 全窗基线 · 不参与实体赏罚,14199777,1420,A168_HF9F_20260827_0900,2026-08-27 09:00:00
2026-07-09,57024343,2235,0,854.1168431842,0E-10,0E-10,0.5000000,2,2,0.49994810000000000,0.499948100000,0.00014679536856514622,0.00014679536856514622,0.00014679536856514622,0E-17,ELIGIBLE,R03b_20260811_FULL_v1,L1_ELIGIBILITY,v2026-08-11,2026-03-21..2026-08-06,baccarat_bet02_101_all_pairs_incl_sentinel,round_win = game_pnl > 0 (decisive only),COMPATIBILITY_ONLY_NOT_PRODUCTION,4059548.3812,3680416.6879,6656.9809,9707,9692,-0.00163983,0.01249836,-0.00525961,-0.00163983,-6656.9809,4059548.3812,OK,0.0000,266.2792,4.0000,96.0000,AG03-UNRESOLVED,ALL5_LEVELS_bet23_to_bet27,266.2792,266.2792,266.2792,0.0000,0.0000,4.000000,4.000000,4.000000,0.000000,0.000000,96.000000,96.000000,96.000000,100.000000,100.000000,5.0,798.8377,767.3102,5858.1432,5889.6706,PENDING_AG03,FALSE,NOT_FOR_ENFORCEMENT,6390.7016,3533200.0204,6656.9809,6390.7016,266.2792,0.00163983,0.00157424,266.2792,6390.7016,0.00157424,266.2792,266.2792,266.2792,0.0000,0.0000,6390.7016,0.00157424,798.8377,767.3102,5858.1432,5889.6706,0.00144305,0.00145082,0.00006559,418.2083,379.7376,0.6869,61.6387,1.8384,37588.4109,89.7407,538.3845,395.5999,218.4789,430.6076,432.5446,432.5446,1046.441,1081.3617,427.0584,0.0,2.43015,2.511246,0.971205,30,216,96,2,0.20383968,0.00163983,-0.01249836,0E-8,0.000000,0.906607,0.000000,0.01775797,2026-03-22,2026-08-06,108,3621,2443,138,0.782609,1.360932,1.287360,0.679466,,,,,,,,GLOBAL_BASELINE_NO_ENTITY_RANKING,,,NOT_APPLICABLE_GLOBAL_BASELINE,HF9g-P5,,,,X 全窗基线 · 不参与实体赏罚,14199778,1420,A168_HF9F_20260827_0900,2026-08-27 09:00:00
2026-07-09,57024343,2258,0,2989.4089511447,-491.1171848309,-491.1171848309,0.4285714,7,7,0.50473567142857143,0.504735671429,-0.403041368878626,-0.40304136888089725,-0.403041368878626,-4.2857E-13,ELIGIBLE,R03b_20260811_FULL_v1,L1_ELIGIBILITY,v2026-08-11,2026-03-21..2026-08-06,baccarat_bet02_101_all_pairs_incl_sentinel,round_win = game_pnl > 0 (decisive only),COMPATIBILITY_ONLY_NOT_PRODUCTION,4059548.3812,3680416.6879,6656.9809,9707,9692,-0.00163983,0.01249836,-0.00525961,-0.00163983,-6656.9809,4059548.3812,OK,0.0000,266.2792,4.0000,96.0000,AG03-UNRESOLVED,ALL5_LEVELS_bet23_to_bet27,266.2792,266.2792,266.2792,0.0000,0.0000,4.000000,4.000000,4.000000,0.000000,0.000000,96.000000,96.000000,96.000000,100.000000,100.000000,5.0,798.8377,767.3102,5858.1432,5889.6706,PENDING_AG03,FALSE,NOT_FOR_ENFORCEMENT,6390.7016,3533200.0204,6656.9809,6390.7016,266.2792,0.00163983,0.00157424,266.2792,6390.7016,0.00157424,266.2792,266.2792,266.2792,0.0000,0.0000,6390.7016,0.00157424,798.8377,767.3102,5858.1432,5889.6706,0.00144305,0.00145082,0.00006559,418.2083,379.7376,0.6869,61.6387,1.8384,37588.4109,89.7407,538.3845,395.5999,218.4789,430.6076,432.5446,432.5446,1046.441,1081.3617,427.0584,0.0,2.43015,2.511246,0.971205,30,216,96,2,0.20383968,0.00163983,-0.01249836,0E-8,0.000000,0.906607,0.000000,0.01775797,2026-03-22,2026-08-06,108,3621,2443,138,0.782609,1.360932,1.287360,0.679466,,,,,,,,GLOBAL_BASELINE_NO_ENTITY_RANKING,,,NOT_APPLICABLE_GLOBAL_BASELINE,HF9g-P5,,,,X 全窗基线 · 不参与实体赏罚,14199779,1420,A168_HF9F_20260827_0900,2026-08-27 09:00:00
2026-07-09,57024343,529,0,1281.1752647763,-1281.1752647763,-1281.1752647763,0E-7,3,3,0.50665070000000000,0.506650700000,-1.7552447903592512,-1.7552447903592512,-1.7552447903592512,0E-17,ELIGIBLE,R03b_20260811_FULL_v1,L1_ELIGIBILITY,v2026-08-11,2026-03-21..2026-08-06,baccarat_bet02_101_all_pairs_incl_sentinel,round_win = game_pnl > 0 (decisive only),COMPATIBILITY_ONLY_NOT_PRODUCTION,4059548.3812,3680416.6879,6656.9809,9707,9692,-0.00163983,0.01249836,-0.00525961,-0.00163983,-6656.9809,4059548.3812,OK,0.0000,266.2792,4.0000,96.0000,AG03-UNRESOLVED,ALL5_LEVELS_bet23_to_bet27,266.2792,266.2792,266.2792,0.0000,0.0000,4.000000,4.000000,4.000000,0.000000,0.000000,96.000000,96.000000,96.000000,100.000000,100.000000,5.0,798.8377,767.3102,5858.1432,5889.6706,PENDING_AG03,FALSE,NOT_FOR_ENFORCEMENT,6390.7016,3533200.0204,6656.9809,6390.7016,266.2792,0.00163983,0.00157424,266.2792,6390.7016,0.00157424,266.2792,266.2792,266.2792,0.0000,0.0000,6390.7016,0.00157424,798.8377,767.3102,5858.1432,5889.6706,0.00144305,0.00145082,0.00006559,418.2083,379.7376,0.6869,61.6387,1.8384,37588.4109,89.7407,538.3845,395.5999,218.4789,430.6076,432.5446,432.5446,1046.441,1081.3617,427.0584,0.0,2.43015,2.511246,0.971205,30,216,96,2,0.20383968,0.00163983,-0.01249836,0E-8,0.000000,0.906607,0.000000,0.01775797,2026-03-22,2026-08-06,108,3621,2443,138,0.782609,1.360932,1.287360,0.679466,,,,,,,,GLOBAL_BASELINE_NO_ENTITY_RANKING,,,NOT_APPLICABLE_GLOBAL_BASELINE,HF9g-P5,,,,X 全窗基线 · 不参与实体赏罚,14199780,1420,A168_HF9F_20260827_0900,2026-08-27 09:00:00
2026-07-09,57024343,595,0,2989.4089511447,768.7051588658,768.7051588658,0.6666667,7,7,0.50665070000000000,0.506650700000,0.7839842952205449,0.7839842952205449,0.7839842952205449,0E-17,ELIGIBLE,R03b_20260811_FULL_v1,L1_ELIGIBILITY,v2026-08-11,2026-03-21..2026-08-06,baccarat_bet02_101_all_pairs_incl_sentinel,round_win = game_pnl > 0 (decisive only),COMPATIBILITY_ONLY_NOT_PRODUCTION,4059548.3812,3680416.6879,6656.9809,9707,9692,-0.00163983,0.01249836,-0.00525961,-0.00163983,-6656.9809,4059548.3812,OK,0.0000,266.2792,4.0000,96.0000,AG03-UNRESOLVED,ALL5_LEVELS_bet23_to_bet27,266.2792,266.2792,266.2792,0.0000,0.0000,4.000000,4.000000,4.000000,0.000000,0.000000,96.000000,96.000000,96.000000,100.000000,100.000000,5.0,798.8377,767.3102,5858.1432,5889.6706,PENDING_AG03,FALSE,NOT_FOR_ENFORCEMENT,6390.7016,3533200.0204,6656.9809,6390.7016,266.2792,0.00163983,0.00157424,266.2792,6390.7016,0.00157424,266.2792,266.2792,266.2792,0.0000,0.0000,6390.7016,0.00157424,798.8377,767.3102,5858.1432,5889.6706,0.00144305,0.00145082,0.00006559,418.2083,379.7376,0.6869,61.6387,1.8384,37588.4109,89.7407,538.3845,395.5999,218.4789,430.6076,432.5446,432.5446,1046.441,1081.3617,427.0584,0.0,2.43015,2.511246,0.971205,30,216,96,2,0.20383968,0.00163983,-0.01249836,0E-8,0.000000,0.906607,0.000000,0.01775797,2026-03-22,2026-08-06,108,3621,2443,138,0.782609,1.360932,1.287360,0.679466,,,,,,,,GLOBAL_BASELINE_NO_ENTITY_RANKING,,,NOT_APPLICABLE_GLOBAL_BASELINE,HF9g-P5,,,,X 全窗基线 · 不参与实体赏罚,14199781,1420,A168_HF9F_20260827_0900,2026-08-27 09:00:00
2026-07-09,57024343,919,0,2348.8213187565,-1088.9989750598,-1088.9989750598,0.2000000,6,6,0.50665070000000000,0.506650700000,-1.3715049547573244,-1.3715049547573244,-1.3715049547573244,0E-17,ELIGIBLE,R03b_20260811_FULL_v1,L1_ELIGIBILITY,v2026-08-11,2026-03-21..2026-08-06,baccarat_bet02_101_all_pairs_incl_sentinel,round_win = game_pnl > 0 (decisive only),COMPATIBILITY_ONLY_NOT_PRODUCTION,4059548.3812,3680416.6879,6656.9809,9707,9692,-0.00163983,0.01249836,-0.00525961,-0.00163983,-6656.9809,4059548.3812,OK,0.0000,266.2792,4.0000,96.0000,AG03-UNRESOLVED,ALL5_LEVELS_bet23_to_bet27,266.2792,266.2792,266.2792,0.0000,0.0000,4.000000,4.000000,4.000000,0.000000,0.000000,96.000000,96.000000,96.000000,100.000000,100.000000,5.0,798.8377,767.3102,5858.1432,5889.6706,PENDING_AG03,FALSE,NOT_FOR_ENFORCEMENT,6390.7016,3533200.0204,6656.9809,6390.7016,266.2792,0.00163983,0.00157424,266.2792,6390.7016,0.00157424,266.2792,266.2792,266.2792,0.0000,0.0000,6390.7016,0.00157424,798.8377,767.3102,5858.1432,5889.6706,0.00144305,0.00145082,0.00006559,418.2083,379.7376,0.6869,61.6387,1.8384,37588.4109,89.7407,538.3845,395.5999,218.4789,430.6076,432.5446,432.5446,1046.441,1081.3617,427.0584,0.0,2.43015,2.511246,0.971205,30,216,96,2,0.20383968,0.00163983,-0.01249836,0E-8,0.000000,0.906607,0.000000,0.01775797,2026-03-22,2026-08-06,108,3621,2443,138,0.782609,1.360932,1.287360,0.679466,,,,,,,,GLOBAL_BASELINE_NO_ENTITY_RANKING,,,NOT_APPLICABLE_GLOBAL_BASELINE,HF9g-P5,,,,X 全窗基线 · 不参与实体赏罚,14199782,1420,A168_HF9F_20260827_0900,2026-08-27 09:00:00
2026-07-09,57024343,986,0,427.0584215921,-427.0584215921,-427.0584215921,0E-7,1,1,0.50665070000000000,0.506650700000,-1.013391052207602,-1.013391052207602,-1.013391052207602,0E-17,ELIGIBLE,R03b_20260811_FULL_v1,L1_ELIGIBILITY,v2026-08-11,2026-03-21..2026-08-06,baccarat_bet02_101_all_pairs_incl_sentinel,round_win = game_pnl > 0 (decisive only),COMPATIBILITY_ONLY_NOT_PRODUCTION,4059548.3812,3680416.6879,6656.9809,9707,9692,-0.00163983,0.01249836,-0.00525961,-0.00163983,-6656.9809,4059548.3812,OK,0.0000,266.2792,4.0000,96.0000,AG03-UNRESOLVED,ALL5_LEVELS_bet23_to_bet27,266.2792,266.2792,266.2792,0.0000,0.0000,4.000000,4.000000,4.000000,0.000000,0.000000,96.000000,96.000000,96.000000,100.000000,100.000000,5.0,798.8377,767.3102,5858.1432,5889.6706,PENDING_AG03,FALSE,NOT_FOR_ENFORCEMENT,6390.7016,3533200.0204,6656.9809,6390.7016,266.2792,0.00163983,0.00157424,266.2792,6390.7016,0.00157424,266.2792,266.2792,266.2792,0.0000,0.0000,6390.7016,0.00157424,798.8377,767.3102,5858.1432,5889.6706,0.00144305,0.00145082,0.00006559,418.2083,379.7376,0.6869,61.6387,1.8384,37588.4109,89.7407,538.3845,395.5999,218.4789,430.6076,432.5446,432.5446,1046.441,1081.3617,427.0584,0.0,2.43015,2.511246,0.971205,30,216,96,2,0.20383968,0.00163983,-0.01249836,0E-8,0.000000,0.906607,0.000000,0.01775797,2026-03-22,2026-08-06,108,3621,2443,138,0.782609,1.360932,1.287360,0.679466,,,,,,,,GLOBAL_BASELINE_NO_ENTITY_RANKING,,,NOT_APPLICABLE_GLOBAL_BASELINE,HF9g-P5,,,,X 全窗基线 · 不参与实体赏罚,14199783,1420,A168_HF9F_20260827_0900,2026-08-27 09:00:00
2026-07-10,57024343,-1,1,1494.7044755723,-661.9405534677,-661.9405534677,0.2500000,4,4,0.50665070000000000,0.506650700000,-1.0266936290537745,-1.0266936290537745,-1.0266936290537745,0E-17,SENTINEL_DEALER,R03b_20260811_FULL_v1,L1_ELIGIBILITY,v2026-08-11,2026-03-21..2026-08-06,baccarat_bet02_101_all_pairs_incl_sentinel,round_win = game_pnl > 0 (decisive only),COMPATIBILITY_ONLY_NOT_PRODUCTION,4059548.3812,3680416.6879,6656.9809,9707,9692,-0.00163983,0.01249836,-0.00525961,-0.00163983,-6656.9809,4059548.3812,OK,0.0000,266.2792,4.0000,96.0000,AG03-UNRESOLVED,ALL5_LEVELS_bet23_to_bet27,266.2792,266.2792,266.2792,0.0000,0.0000,4.000000,4.000000,4.000000,0.000000,0.000000,96.000000,96.000000,96.000000,100.000000,100.000000,5.0,798.8377,767.3102,5858.1432,5889.6706,PENDING_AG03,FALSE,NOT_FOR_ENFORCEMENT,6390.7016,3533200.0204,6656.9809,6390.7016,266.2792,0.00163983,0.00157424,266.2792,6390.7016,0.00157424,266.2792,266.2792,266.2792,0.0000,0.0000,6390.7016,0.00157424,798.8377,767.3102,5858.1432,5889.6706,0.00144305,0.00145082,0.00006559,418.2083,379.7376,0.6869,61.6387,1.8384,37588.4109,89.7407,538.3845,395.5999,218.4789,430.6076,432.5446,432.5446,1046.441,1081.3617,427.0584,0.0,2.43015,2.511246,0.971205,30,216,96,2,0.20383968,0.00163983,-0.01249836,0E-8,0.000000,0.906607,0.000000,0.01775797,2026-03-22,2026-08-06,108,3621,2443,138,0.782609,1.360932,1.287360,0.679466,,,,,,,,GLOBAL_BASELINE_NO_ENTITY_RANKING,,,NOT_APPLICABLE_GLOBAL_BASELINE,HF9g-P5,,,,X 全窗基线 · 不参与实体赏罚,14199784,1420,A168_HF9F_20260827_0900,2026-08-27 09:00:00
2026-07-10,57024343,1151,0,427.0584215921,-427.0584215921,-427.0584215921,0E-7,1,1,0.50665070000000000,0.506650700000,-1.013391052207602,-1.013391052207602,-1.013391052207602,0E-17,ELIGIBLE,R03b_20260811_FULL_v1,L1_ELIGIBILITY,v2026-08-11,2026-03-21..2026-08-06,baccarat_bet02_101_all_pairs_incl_sentinel,round_win = game_pnl > 0 (decisive only),COMPATIBILITY_ONLY_NOT_PRODUCTION,4059548.3812,3680416.6879,6656.9809,9707,9692,-0.00163983,0.01249836,-0.00525961,-0.00163983,-6656.9809,4059548.3812,OK,0.0000,266.2792,4.0000,96.0000,AG03-UNRESOLVED,ALL5_LEVELS_bet23_to_bet27,266.2792,266.2792,266.2792,0.0000,0.0000,4.000000,4.000000,4.000000,0.000000,0.000000,96.000000,96.000000,96.000000,100.000000,100.000000,5.0,798.8377,767.3102,5858.1432,5889.6706,PENDING_AG03,FALSE,NOT_FOR_ENFORCEMENT,6390.7016,3533200.0204,6656.9809,6390.7016,266.2792,0.00163983,0.00157424,266.2792,6390.7016,0.00157424,266.2792,266.2792,266.2792,0.0000,0.0000,6390.7016,0.00157424,798.8377,767.3102,5858.1432,5889.6706,0.00144305,0.00145082,0.00006559,418.2083,379.7376,0.6869,61.6387,1.8384,37588.4109,89.7407,538.3845,395.5999,218.4789,430.6076,432.5446,432.5446,1046.441,1081.3617,427.0584,0.0,2.43015,2.511246,0.971205,30,216,96,2,0.20383968,0.00163983,-0.01249836,0E-8,0.000000,0.906607,0.000000,0.01775797,2026-03-22,2026-08-06,108,3621,2443,138,0.782609,1.360932,1.287360,0.679466,,,,,,,,GLOBAL_BASELINE_NO_ENTITY_RANKING,,,NOT_APPLICABLE_GLOBAL_BASELINE,HF9g-P5,,,,X 全窗基线 · 不参与实体赏罚,14199785,1420,A168_HF9F_20260827_0900,2026-08-27 09:00:00
2026-07-10,57024343,1157,0,1281.1752647763,-1281.1752647763,-1281.1752647763,0E-7,3,3,0.50665070000000000,0.506650700000,-1.7552447903592512,-1.7552447903592512,-1.7552447903592512,0E-17,ELIGIBLE,R03b_20260811_FULL_v1,L1_ELIGIBILITY,v2026-08-11,2026-03-21..2026-08-06,baccarat_bet02_101_all_pairs_incl_sentinel,round_win = game_pnl > 0 (decisive only),COMPATIBILITY_ONLY_NOT_PRODUCTION,4059548.3812,3680416.6879,6656.9809,9707,9692,-0.00163983,0.01249836,-0.00525961,-0.00163983,-6656.9809,4059548.3812,OK,0.0000,266.2792,4.0000,96.0000,AG03-UNRESOLVED,ALL5_LEVELS_bet23_to_bet27,266.2792,266.2792,266.2792,0.0000,0.0000,4.000000,4.000000,4.000000,0.000000,0.000000,96.000000,96.000000,96.000000,100.000000,100.000000,5.0,798.8377,767.3102,5858.1432,5889.6706,PENDING_AG03,FALSE,NOT_FOR_ENFORCEMENT,6390.7016,3533200.0204,6656.9809,6390.7016,266.2792,0.00163983,0.00157424,266.2792,6390.7016,0.00157424,266.2792,266.2792,266.2792,0.0000,0.0000,6390.7016,0.00157424,798.8377,767.3102,5858.1432,5889.6706,0.00144305,0.00145082,0.00006559,418.2083,379.7376,0.6869,61.6387,1.8384,37588.4109,89.7407,538.3845,395.5999,218.4789,430.6076,432.5446,432.5446,1046.441,1081.3617,427.0584,0.0,2.43015,2.511246,0.971205,30,216,96,2,0.20383968,0.00163983,-0.01249836,0E-8,0.000000,0.906607,0.000000,0.01775797,2026-03-22,2026-08-06,108,3621,2443,138,0.782609,1.360932,1.287360,0.679466,,,,,,,,GLOBAL_BASELINE_NO_ENTITY_RANKING,,,NOT_APPLICABLE_GLOBAL_BASELINE,HF9g-P5,,,,X 全窗基线 · 不参与实体赏罚,14199786,1420,A168_HF9F_20260827_0900,2026-08-27 09:00:00
2026-07-10,57024343,1221,0,743.9357704134,-126.0249402118,-126.0249402118,0.5000000,2,2,0.50665070000000000,0.506650700000,-0.018812684590367487,-0.018812684590367487,-0.018812684590367487,0E-17,ELIGIBLE,R03b_20260811_FULL_v1,L1_ELIGIBILITY,v2026-08-11,2026-03-21..2026-08-06,baccarat_bet02_101_all_pairs_incl_sentinel,round_win = game_pnl > 0 (decisive only),COMPATIBILITY_ONLY_NOT_PRODUCTION,4059548.3812,3680416.6879,6656.9809,9707,9692,-0.00163983,0.01249836,-0.00525961,-0.00163983,-6656.9809,4059548.3812,OK,0.0000,266.2792,4.0000,96.0000,AG03-UNRESOLVED,ALL5_LEVELS_bet23_to_bet27,266.2792,266.2792,266.2792,0.0000,0.0000,4.000000,4.000000,4.000000,0.000000,0.000000,96.000000,96.000000,96.000000,100.000000,100.000000,5.0,798.8377,767.3102,5858.1432,5889.6706,PENDING_AG03,FALSE,NOT_FOR_ENFORCEMENT,6390.7016,3533200.0204,6656.9809,6390.7016,266.2792,0.00163983,0.00157424,266.2792,6390.7016,0.00157424,266.2792,266.2792,266.2792,0.0000,0.0000,6390.7016,0.00157424,798.8377,767.3102,5858.1432,5889.6706,0.00144305,0.00145082,0.00006559,418.2083,379.7376,0.6869,61.6387,1.8384,37588.4109,89.7407,538.3845,395.5999,218.4789,430.6076,432.5446,432.5446,1046.441,1081.3617,427.0584,0.0,2.43015,2.511246,0.971205,30,216,96,2,0.20383968,0.00163983,-0.01249836,0E-8,0.000000,0.906607,0.000000,0.01775797,2026-03-22,2026-08-06,108,3621,2443,138,0.782609,1.360932,1.287360,0.679466,,,,,,,,GLOBAL_BASELINE_NO_ENTITY_RANKING,,,NOT_APPLICABLE_GLOBAL_BASELINE,HF9g-P5,,,,X 全窗基线 · 不参与实体赏罚,14199787,1420,A168_HF9F_20260827_0900,2026-08-27 09:00:00
2026-07-10,57024343,1318,0,854.1168431842,-21.3529210796,-21.3529210796,0.5000000,2,2,0.50665070000000000,0.506650700000,-0.018812684590367487,-0.018812684590367487,-0.018812684590367487,0E-17,ELIGIBLE,R03b_20260811_FULL_v1,L1_ELIGIBILITY,v2026-08-11,2026-03-21..2026-08-06,baccarat_bet02_101_all_pairs_incl_sentinel,round_win = game_pnl > 0 (decisive only),COMPATIBILITY_ONLY_NOT_PRODUCTION,4059548.3812,3680416.6879,6656.9809,9707,9692,-0.00163983,0.01249836,-0.00525961,-0.00163983,-6656.9809,4059548.3812,OK,0.0000,266.2792,4.0000,96.0000,AG03-UNRESOLVED,ALL5_LEVELS_bet23_to_bet27,266.2792,266.2792,266.2792,0.0000,0.0000,4.000000,4.000000,4.000000,0.000000,0.000000,96.000000,96.000000,96.000000,100.000000,100.000000,5.0,798.8377,767.3102,5858.1432,5889.6706,PENDING_AG03,FALSE,NOT_FOR_ENFORCEMENT,6390.7016,3533200.0204,6656.9809,6390.7016,266.2792,0.00163983,0.00157424,266.2792,6390.7016,0.00157424,266.2792,266.2792,266.2792,0.0000,0.0000,6390.7016,0.00157424,798.8377,767.3102,5858.1432,5889.6706,0.00144305,0.00145082,0.00006559,418.2083,379.7376,0.6869,61.6387,1.8384,37588.4109,89.7407,538.3845,395.5999,218.4789,430.6076,432.5446,432.5446,1046.441,1081.3617,427.0584,0.0,2.43015,2.511246,0.971205,30,216,96,2,0.20383968,0.00163983,-0.01249836,0E-8,0.000000,0.906607,0.000000,0.01775797,2026-03-22,2026-08-06,108,3621,2443,138,0.782609,1.360932,1.287360,0.679466,,,,,,,,GLOBAL_BASELINE_NO_ENTITY_RANKING,,,NOT_APPLICABLE_GLOBAL_BASELINE,HF9g-P5,,,,X 全窗基线 · 不参与实体赏罚,14199788,1420,A168_HF9F_20260827_0900,2026-08-27 09:00:00
2026-07-10,57024343,1396,0,3843.5257943289,747.3522377862,747.3522377862,0.6250000,9,9,0.50665070000000000,0.506650700000,0.6695439735338472,0.6695439735338472,0.6695439735338472,0E-17,ELIGIBLE,R03b_20260811_FULL_v1,L1_ELIGIBILITY,v2026-08-11,2026-03-21..2026-08-06,baccarat_bet02_101_all_pairs_incl_sentinel,round_win = game_pnl > 0 (decisive only),COMPATIBILITY_ONLY_NOT_PRODUCTION,4059548.3812,3680416.6879,6656.9809,9707,9692,-0.00163983,0.01249836,-0.00525961,-0.00163983,-6656.9809,4059548.3812,OK,0.0000,266.2792,4.0000,96.0000,AG03-UNRESOLVED,ALL5_LEVELS_bet23_to_bet27,266.2792,266.2792,266.2792,0.0000,0.0000,4.000000,4.000000,4.000000,0.000000,0.000000,96.000000,96.000000,96.000000,100.000000,100.000000,5.0,798.8377,767.3102,5858.1432,5889.6706,PENDING_AG03,FALSE,NOT_FOR_ENFORCEMENT,6390.7016,3533200.0204,6656.9809,6390.7016,266.2792,0.00163983,0.00157424,266.2792,6390.7016,0.00157424,266.2792,266.2792,266.2792,0.0000,0.0000,6390.7016,0.00157424,798.8377,767.3102,5858.1432,5889.6706,0.00144305,0.00145082,0.00006559,418.2083,379.7376,0.6869,61.6387,1.8384,37588.4109,89.7407,538.3845,395.5999,218.4789,430.6076,432.5446,432.5446,1046.441,1081.3617,427.0584,0.0,2.43015,2.511246,0.971205,30,216,96,2,0.20383968,0.00163983,-0.01249836,0E-8,0.000000,0.906607,0.000000,0.01775797,2026-03-22,2026-08-06,108,3621,2443,138,0.782609,1.360932,1.287360,0.679466,,,,,,,,GLOBAL_BASELINE_NO_ENTITY_RANKING,,,NOT_APPLICABLE_GLOBAL_BASELINE,HF9g-P5,,,,X 全窗基线 · 不参与实体赏罚,14199789,1420,A168_HF9F_20260827_0900,2026-08-27 09:00:00
2026-07-10,57024343,1509,0,427.0584215921,-427.0584215921,-427.0584215921,0E-7,1,1,0.50665070000000000,0.506650700000,-1.013391052207602,-1.013391052207602,-1.013391052207602,0E-17,ELIGIBLE,R03b_20260811_FULL_v1,L1_ELIGIBILITY,v2026-08-11,2026-03-21..2026-08-06,baccarat_bet02_101_all_pairs_incl_sentinel,round_win = game_pnl > 0 (decisive only),COMPATIBILITY_ONLY_NOT_PRODUCTION,4059548.3812,3680416.6879,6656.9809,9707,9692,-0.00163983,0.01249836,-0.00525961,-0.00163983,-6656.9809,4059548.3812,OK,0.0000,266.2792,4.0000,96.0000,AG03-UNRESOLVED,ALL5_LEVELS_bet23_to_bet27,266.2792,266.2792,266.2792,0.0000,0.0000,4.000000,4.000000,4.000000,0.000000,0.000000,96.000000,96.000000,96.000000,100.000000,100.000000,5.0,798.8377,767.3102,5858.1432,5889.6706,PENDING_AG03,FALSE,NOT_FOR_ENFORCEMENT,6390.7016,3533200.0204,6656.9809,6390.7016,266.2792,0.00163983,0.00157424,266.2792,6390.7016,0.00157424,266.2792,266.2792,266.2792,0.0000,0.0000,6390.7016,0.00157424,798.8377,767.3102,5858.1432,5889.6706,0.00144305,0.00145082,0.00006559,418.2083,379.7376,0.6869,61.6387,1.8384,37588.4109,89.7407,538.3845,395.5999,218.4789,430.6076,432.5446,432.5446,1046.441,1081.3617,427.0584,0.0,2.43015,2.511246,0.971205,30,216,96,2,0.20383968,0.00163983,-0.01249836,0E-8,0.000000,0.906607,0.000000,0.01775797,2026-03-22,2026-08-06,108,3621,2443,138,0.782609,1.360932,1.287360,0.679466,,,,,,,,GLOBAL_BASELINE_NO_ENTITY_RANKING,,,NOT_APPLICABLE_GLOBAL_BASELINE,HF9g-P5,,,,X 全窗基线 · 不参与实体赏罚,14199790,1420,A168_HF9F_20260827_0900,2026-08-27 09:00:00
2026-07-10,57024343,1985,0,427.0584215921,405.7055005125,405.7055005125,1.0000000,1,1,0.50665070000000000,0.506650700000,0.9867858985152569,0.9867858985152569,0.9867858985152569,0E-17,ELIGIBLE,R03b_20260811_FULL_v1,L1_ELIGIBILITY,v2026-08-11,2026-03-21..2026-08-06,baccarat_bet02_101_all_pairs_incl_sentinel,round_win = game_pnl > 0 (decisive only),COMPATIBILITY_ONLY_NOT_PRODUCTION,4059548.3812,3680416.6879,6656.9809,9707,9692,-0.00163983,0.01249836,-0.00525961,-0.00163983,-6656.9809,4059548.3812,OK,0.0000,266.2792,4.0000,96.0000,AG03-UNRESOLVED,ALL5_LEVELS_bet23_to_bet27,266.2792,266.2792,266.2792,0.0000,0.0000,4.000000,4.000000,4.000000,0.000000,0.000000,96.000000,96.000000,96.000000,100.000000,100.000000,5.0,798.8377,767.3102,5858.1432,5889.6706,PENDING_AG03,FALSE,NOT_FOR_ENFORCEMENT,6390.7016,3533200.0204,6656.9809,6390.7016,266.2792,0.00163983,0.00157424,266.2792,6390.7016,0.00157424,266.2792,266.2792,266.2792,0.0000,0.0000,6390.7016,0.00157424,798.8377,767.3102,5858.1432,5889.6706,0.00144305,0.00145082,0.00006559,418.2083,379.7376,0.6869,61.6387,1.8384,37588.4109,89.7407,538.3845,395.5999,218.4789,430.6076,432.5446,432.5446,1046.441,1081.3617,427.0584,0.0,2.43015,2.511246,0.971205,30,216,96,2,0.20383968,0.00163983,-0.01249836,0E-8,0.000000,0.906607,0.000000,0.01775797,2026-03-22,2026-08-06,108,3621,2443,138,0.782609,1.360932,1.287360,0.679466,,,,,,,,GLOBAL_BASELINE_NO_ENTITY_RANKING,,,NOT_APPLICABLE_GLOBAL_BASELINE,HF9g-P5,,,,X 全窗基线 · 不参与实体赏罚,14199791,1420,A168_HF9F_20260827_0900,2026-08-27 09:00:00
2026-07-10,57024343,2106,0,1602.5367270243,1106.0279296209,1106.0279296209,1.0000000,4,3,0.50537583552068494,0.504416500000,1.7135274104607172,1.7168185788063404,1.7135274104607172,0.00095933552068494,ELIGIBLE,R03b_20260811_FULL_v1,L1_ELIGIBILITY,v2026-08-11,2026-03-21..2026-08-06,baccarat_bet02_101_all_pairs_incl_sentinel,round_win = game_pnl > 0 (decisive only),COMPATIBILITY_ONLY_NOT_PRODUCTION,4059548.3812,3680416.6879,6656.9809,9707,9692,-0.00163983,0.01249836,-0.00525961,-0.00163983,-6656.9809,4059548.3812,OK,0.0000,266.2792,4.0000,96.0000,AG03-UNRESOLVED,ALL5_LEVELS_bet23_to_bet27,266.2792,266.2792,266.2792,0.0000,0.0000,4.000000,4.000000,4.000000,0.000000,0.000000,96.000000,96.000000,96.000000,100.000000,100.000000,5.0,798.8377,767.3102,5858.1432,5889.6706,PENDING_AG03,FALSE,NOT_FOR_ENFORCEMENT,6390.7016,3533200.0204,6656.9809,6390.7016,266.2792,0.00163983,0.00157424,266.2792,6390.7016,0.00157424,266.2792,266.2792,266.2792,0.0000,0.0000,6390.7016,0.00157424,798.8377,767.3102,5858.1432,5889.6706,0.00144305,0.00145082,0.00006559,418.2083,379.7376,0.6869,61.6387,1.8384,37588.4109,89.7407,538.3845,395.5999,218.4789,430.6076,432.5446,432.5446,1046.441,1081.3617,427.0584,0.0,2.43015,2.511246,0.971205,30,216,96,2,0.20383968,0.00163983,-0.01249836,0E-8,0.000000,0.906607,0.000000,0.01775797,2026-03-22,2026-08-06,108,3621,2443,138,0.782609,1.360932,1.287360,0.679466,,,,,,,,GLOBAL_BASELINE_NO_ENTITY_RANKING,,,NOT_APPLICABLE_GLOBAL_BASELINE,HF9g-P5,,,,X 全窗基线 · 不参与实体赏罚,14199792,1420,A168_HF9F_20260827_0900,2026-08-27 09:00:00
2026-07-10,57024343,2127,0,1281.1752647763,405.7055005125,405.7055005125,0.6666667,3,3,0.50218230000000000,0.502182300000,0.5697959874915163,0.5697959874915164,0.5697959874915163,0E-17,ELIGIBLE,R03b_20260811_FULL_v1,L1_ELIGIBILITY,v2026-08-11,2026-03-21..2026-08-06,baccarat_bet02_101_all_pairs_incl_sentinel,round_win = game_pnl > 0 (decisive only),COMPATIBILITY_ONLY_NOT_PRODUCTION,4059548.3812,3680416.6879,6656.9809,9707,9692,-0.00163983,0.01249836,-0.00525961,-0.00163983,-6656.9809,4059548.3812,OK,0.0000,266.2792,4.0000,96.0000,AG03-UNRESOLVED,ALL5_LEVELS_bet23_to_bet27,266.2792,266.2792,266.2792,0.0000,0.0000,4.000000,4.000000,4.000000,0.000000,0.000000,96.000000,96.000000,96.000000,100.000000,100.000000,5.0,798.8377,767.3102,5858.1432,5889.6706,PENDING_AG03,FALSE,NOT_FOR_ENFORCEMENT,6390.7016,3533200.0204,6656.9809,6390.7016,266.2792,0.00163983,0.00157424,266.2792,6390.7016,0.00157424,266.2792,266.2792,266.2792,0.0000,0.0000,6390.7016,0.00157424,798.8377,767.3102,5858.1432,5889.6706,0.00144305,0.00145082,0.00006559,418.2083,379.7376,0.6869,61.6387,1.8384,37588.4109,89.7407,538.3845,395.5999,218.4789,430.6076,432.5446,432.5446,1046.441,1081.3617,427.0584,0.0,2.43015,2.511246,0.971205,30,216,96,2,0.20383968,0.00163983,-0.01249836,0E-8,0.000000,0.906607,0.000000,0.01775797,2026-03-22,2026-08-06,108,3621,2443,138,0.782609,1.360932,1.287360,0.679466,,,,,,,,GLOBAL_BASELINE_NO_ENTITY_RANKING,,,NOT_APPLICABLE_GLOBAL_BASELINE,HF9g-P5,,,,X 全窗基线 · 不参与实体赏罚,14199793,1420,A168_HF9F_20260827_0900,2026-08-27 09:00:00
2026-07-10,57024343,2134,0,854.1168431842,-854.1168431842,-854.1168431842,0E-7,2,2,0.50665070000000000,0.506650700000,-1.4331513700195317,-1.4331513700195317,-1.4331513700195317,0E-17,ELIGIBLE,R03b_20260811_FULL_v1,L1_ELIGIBILITY,v2026-08-11,2026-03-21..2026-08-06,baccarat_bet02_101_all_pairs_incl_sentinel,round_win = game_pnl > 0 (decisive only),COMPATIBILITY_ONLY_NOT_PRODUCTION,4059548.3812,3680416.6879,6656.9809,9707,9692,-0.00163983,0.01249836,-0.00525961,-0.00163983,-6656.9809,4059548.3812,OK,0.0000,266.2792,4.0000,96.0000,AG03-UNRESOLVED,ALL5_LEVELS_bet23_to_bet27,266.2792,266.2792,266.2792,0.0000,0.0000,4.000000,4.000000,4.000000,0.000000,0.000000,96.000000,96.000000,96.000000,100.000000,100.000000,5.0,798.8377,767.3102,5858.1432,5889.6706,PENDING_AG03,FALSE,NOT_FOR_ENFORCEMENT,6390.7016,3533200.0204,6656.9809,6390.7016,266.2792,0.00163983,0.00157424,266.2792,6390.7016,0.00157424,266.2792,266.2792,266.2792,0.0000,0.0000,6390.7016,0.00157424,798.8377,767.3102,5858.1432,5889.6706,0.00144305,0.00145082,0.00006559,418.2083,379.7376,0.6869,61.6387,1.8384,37588.4109,89.7407,538.3845,395.5999,218.4789,430.6076,432.5446,432.5446,1046.441,1081.3617,427.0584,0.0,2.43015,2.511246,0.971205,30,216,96,2,0.20383968,0.00163983,-0.01249836,0E-8,0.000000,0.906607,0.000000,0.01775797,2026-03-22,2026-08-06,108,3621,2443,138,0.782609,1.360932,1.287360,0.679466,,,,,,,,GLOBAL_BASELINE_NO_ENTITY_RANKING,,,NOT_APPLICABLE_GLOBAL_BASELINE,HF9g-P5,,,,X 全窗基线 · 不参与实体赏罚,14199794,1420,A168_HF9F_20260827_0900,2026-08-27 09:00:00
2026-07-10,57024343,2142,0,2321.9166381962,-292.4709600274,-292.4709600274,0.4000000,5,5,0.50665070000000000,0.506650700000,-0.4769986289884125,-0.4769986289884125,-0.4769986289884125,0E-17,ELIGIBLE,R03b_20260811_FULL_v1,L1_ELIGIBILITY,v2026-08-11,2026-03-21..2026-08-06,baccarat_bet02_101_all_pairs_incl_sentinel,round_win = game_pnl > 0 (decisive only),COMPATIBILITY_ONLY_NOT_PRODUCTION,4059548.3812,3680416.6879,6656.9809,9707,9692,-0.00163983,0.01249836,-0.00525961,-0.00163983,-6656.9809,4059548.3812,OK,0.0000,266.2792,4.0000,96.0000,AG03-UNRESOLVED,ALL5_LEVELS_bet23_to_bet27,266.2792,266.2792,266.2792,0.0000,0.0000,4.000000,4.000000,4.000000,0.000000,0.000000,96.000000,96.000000,96.000000,100.000000,100.000000,5.0,798.8377,767.3102,5858.1432,5889.6706,PENDING_AG03,FALSE,NOT_FOR_ENFORCEMENT,6390.7016,3533200.0204,6656.9809,6390.7016,266.2792,0.00163983,0.00157424,266.2792,6390.7016,0.00157424,266.2792,266.2792,266.2792,0.0000,0.0000,6390.7016,0.00157424,798.8377,767.3102,5858.1432,5889.6706,0.00144305,0.00145082,0.00006559,418.2083,379.7376,0.6869,61.6387,1.8384,37588.4109,89.7407,538.3845,395.5999,218.4789,430.6076,432.5446,432.5446,1046.441,1081.3617,427.0584,0.0,2.43015,2.511246,0.971205,30,216,96,2,0.20383968,0.00163983,-0.01249836,0E-8,0.000000,0.906607,0.000000,0.01775797,2026-03-22,2026-08-06,108,3621,2443,138,0.782609,1.360932,1.287360,0.679466,,,,,,,,GLOBAL_BASELINE_NO_ENTITY_RANKING,,,NOT_APPLICABLE_GLOBAL_BASELINE,HF9g-P5,,,,X 全窗基线 · 不参与实体赏罚,14199795,1420,A168_HF9F_20260827_0900,2026-08-27 09:00:00
2026-07-10,57024343,2174,0,1256.4058763239,-21.3529210796,-21.3529210796,0.5000000,3,3,0.50665070000000000,0.506650700000,-0.018812684590367487,-0.018812684590367487,-0.018812684590367487,0E-17,ELIGIBLE,R03b_20260811_FULL_v1,L1_ELIGIBILITY,v2026-08-11,2026-03-21..2026-08-06,baccarat_bet02_101_all_pairs_incl_sentinel,round_win = game_pnl > 0 (decisive only),COMPATIBILITY_ONLY_NOT_PRODUCTION,4059548.3812,3680416.6879,6656.9809,9707,9692,-0.00163983,0.01249836,-0.00525961,-0.00163983,-6656.9809,4059548.3812,OK,0.0000,266.2792,4.0000,96.0000,AG03-UNRESOLVED,ALL5_LEVELS_bet23_to_bet27,266.2792,266.2792,266.2792,0.0000,0.0000,4.000000,4.000000,4.000000,0.000000,0.000000,96.000000,96.000000,96.000000,100.000000,100.000000,5.0,798.8377,767.3102,5858.1432,5889.6706,PENDING_AG03,FALSE,NOT_FOR_ENFORCEMENT,6390.7016,3533200.0204,6656.9809,6390.7016,266.2792,0.00163983,0.00157424,266.2792,6390.7016,0.00157424,266.2792,266.2792,266.2792,0.0000,0.0000,6390.7016,0.00157424,798.8377,767.3102,5858.1432,5889.6706,0.00144305,0.00145082,0.00006559,418.2083,379.7376,0.6869,61.6387,1.8384,37588.4109,89.7407,538.3845,395.5999,218.4789,430.6076,432.5446,432.5446,1046.441,1081.3617,427.0584,0.0,2.43015,2.511246,0.971205,30,216,96,2,0.20383968,0.00163983,-0.01249836,0E-8,0.000000,0.906607,0.000000,0.01775797,2026-03-22,2026-08-06,108,3621,2443,138,0.782609,1.360932,1.287360,0.679466,,,,,,,,GLOBAL_BASELINE_NO_ENTITY_RANKING,,,NOT_APPLICABLE_GLOBAL_BASELINE,HF9g-P5,,,,X 全窗基线 · 不参与实体赏罚,14199796,1420,A168_HF9F_20260827_0900,2026-08-27 09:00:00
2026-07-10,57024343,2234,0,854.1168431842,811.4110010250,811.4110010250,1.0000000,2,2,0.50665070000000000,0.506650700000,1.3955260008387969,1.3955260008387969,1.3955260008387969,0E-17,ELIGIBLE,R03b_20260811_FULL_v1,L1_ELIGIBILITY,v2026-08-11,2026-03-21..2026-08-06,baccarat_bet02_101_all_pairs_incl_sentinel,round_win = game_pnl > 0 (decisive only),COMPATIBILITY_ONLY_NOT_PRODUCTION,4059548.3812,3680416.6879,6656.9809,9707,9692,-0.00163983,0.01249836,-0.00525961,-0.00163983,-6656.9809,4059548.3812,OK,0.0000,266.2792,4.0000,96.0000,AG03-UNRESOLVED,ALL5_LEVELS_bet23_to_bet27,266.2792,266.2792,266.2792,0.0000,0.0000,4.000000,4.000000,4.000000,0.000000,0.000000,96.000000,96.000000,96.000000,100.000000,100.000000,5.0,798.8377,767.3102,5858.1432,5889.6706,PENDING_AG03,FALSE,NOT_FOR_ENFORCEMENT,6390.7016,3533200.0204,6656.9809,6390.7016,266.2792,0.00163983,0.00157424,266.2792,6390.7016,0.00157424,266.2792,266.2792,266.2792,0.0000,0.0000,6390.7016,0.00157424,798.8377,767.3102,5858.1432,5889.6706,0.00144305,0.00145082,0.00006559,418.2083,379.7376,0.6869,61.6387,1.8384,37588.4109,89.7407,538.3845,395.5999,218.4789,430.6076,432.5446,432.5446,1046.441,1081.3617,427.0584,0.0,2.43015,2.511246,0.971205,30,216,96,2,0.20383968,0.00163983,-0.01249836,0E-8,0.000000,0.906607,0.000000,0.01775797,2026-03-22,2026-08-06,108,3621,2443,138,0.782609,1.360932,1.287360,0.679466,,,,,,,,GLOBAL_BASELINE_NO_ENTITY_RANKING,,,NOT_APPLICABLE_GLOBAL_BASELINE,HF9g-P5,,,,X 全窗基线 · 不参与实体赏罚,14199797,1420,A168_HF9F_20260827_0900,2026-08-27 09:00:00
2026-07-10,57024343,2235,0,2562.3505295525,-875.4697642637,-875.4697642637,0.2500000,5,4,0.50553359999999991,0.504975050000,-1.0221970027517302,-1.019950691098746,-1.0221970027517302,0.00055854999999991,ELIGIBLE,R03b_20260811_FULL_v1,L1_ELIGIBILITY,v2026-08-11,2026-03-21..2026-08-06,baccarat_bet02_101_all_pairs_incl_sentinel,round_win = game_pnl > 0 (decisive only),COMPATIBILITY_ONLY_NOT_PRODUCTION,4059548.3812,3680416.6879,6656.9809,9707,9692,-0.00163983,0.01249836,-0.00525961,-0.00163983,-6656.9809,4059548.3812,OK,0.0000,266.2792,4.0000,96.0000,AG03-UNRESOLVED,ALL5_LEVELS_bet23_to_bet27,266.2792,266.2792,266.2792,0.0000,0.0000,4.000000,4.000000,4.000000,0.000000,0.000000,96.000000,96.000000,96.000000,100.000000,100.000000,5.0,798.8377,767.3102,5858.1432,5889.6706,PENDING_AG03,FALSE,NOT_FOR_ENFORCEMENT,6390.7016,3533200.0204,6656.9809,6390.7016,266.2792,0.00163983,0.00157424,266.2792,6390.7016,0.00157424,266.2792,266.2792,266.2792,0.0000,0.0000,6390.7016,0.00157424,798.8377,767.3102,5858.1432,5889.6706,0.00144305,0.00145082,0.00006559,418.2083,379.7376,0.6869,61.6387,1.8384,37588.4109,89.7407,538.3845,395.5999,218.4789,430.6076,432.5446,432.5446,1046.441,1081.3617,427.0584,0.0,2.43015,2.511246,0.971205,30,216,96,2,0.20383968,0.00163983,-0.01249836,0E-8,0.000000,0.906607,0.000000,0.01775797,2026-03-22,2026-08-06,108,3621,2443,138,0.782609,1.360932,1.287360,0.679466,,,,,,,,GLOBAL_BASELINE_NO_ENTITY_RANKING,,,NOT_APPLICABLE_GLOBAL_BASELINE,HF9g-P5,,,,X 全窗基线 · 不参与实体赏罚,14199798,1420,A168_HF9F_20260827_0900,2026-08-27 09:00:00
2026-07-10,57024343,2241,0,427.0584215921,405.7055005125,405.7055005125,1.0000000,1,1,0.50665070000000000,0.506650700000,0.9867858985152569,0.9867858985152569,0.9867858985152569,0E-17,ELIGIBLE,R03b_20260811_FULL_v1,L1_ELIGIBILITY,v2026-08-11,2026-03-21..2026-08-06,baccarat_bet02_101_all_pairs_incl_sentinel,round_win = game_pnl > 0 (decisive only),COMPATIBILITY_ONLY_NOT_PRODUCTION,4059548.3812,3680416.6879,6656.9809,9707,9692,-0.00163983,0.01249836,-0.00525961,-0.00163983,-6656.9809,4059548.3812,OK,0.0000,266.2792,4.0000,96.0000,AG03-UNRESOLVED,ALL5_LEVELS_bet23_to_bet27,266.2792,266.2792,266.2792,0.0000,0.0000,4.000000,4.000000,4.000000,0.000000,0.000000,96.000000,96.000000,96.000000,100.000000,100.000000,5.0,798.8377,767.3102,5858.1432,5889.6706,PENDING_AG03,FALSE,NOT_FOR_ENFORCEMENT,6390.7016,3533200.0204,6656.9809,6390.7016,266.2792,0.00163983,0.00157424,266.2792,6390.7016,0.00157424,266.2792,266.2792,266.2792,0.0000,0.0000,6390.7016,0.00157424,798.8377,767.3102,5858.1432,5889.6706,0.00144305,0.00145082,0.00006559,418.2083,379.7376,0.6869,61.6387,1.8384,37588.4109,89.7407,538.3845,395.5999,218.4789,430.6076,432.5446,432.5446,1046.441,1081.3617,427.0584,0.0,2.43015,2.511246,0.971205,30,216,96,2,0.20383968,0.00163983,-0.01249836,0E-8,0.000000,0.906607,0.000000,0.01775797,2026-03-22,2026-08-06,108,3621,2443,138,0.782609,1.360932,1.287360,0.679466,,,,,,,,GLOBAL_BASELINE_NO_ENTITY_RANKING,,,NOT_APPLICABLE_GLOBAL_BASELINE,HF9g-P5,,,,X 全窗基线 · 不参与实体赏罚,14199799,1420,A168_HF9F_20260827_0900,2026-08-27 09:00:00
2026-07-10,57024343,2267,0,854.1168431842,405.7055005125,405.7055005125,1.0000000,2,2,0.50665070000000000,0.506650700000,0.9867858985152569,0.9867858985152569,0.9867858985152569,0E-17,ELIGIBLE,R03b_20260811_FULL_v1,L1_ELIGIBILITY,v2026-08-11,2026-03-21..2026-08-06,baccarat_bet02_101_all_pairs_incl_sentinel,round_win = game_pnl > 0 (decisive only),COMPATIBILITY_ONLY_NOT_PRODUCTION,4059548.3812,3680416.6879,6656.9809,9707,9692,-0.00163983,0.01249836,-0.00525961,-0.00163983,-6656.9809,4059548.3812,OK,0.0000,266.2792,4.0000,96.0000,AG03-UNRESOLVED,ALL5_LEVELS_bet23_to_bet27,266.2792,266.2792,266.2792,0.0000,0.0000,4.000000,4.000000,4.000000,0.000000,0.000000,96.000000,96.000000,96.000000,100.000000,100.000000,5.0,798.8377,767.3102,5858.1432,5889.6706,PENDING_AG03,FALSE,NOT_FOR_ENFORCEMENT,6390.7016,3533200.0204,6656.9809,6390.7016,266.2792,0.00163983,0.00157424,266.2792,6390.7016,0.00157424,266.2792,266.2792,266.2792,0.0000,0.0000,6390.7016,0.00157424,798.8377,767.3102,5858.1432,5889.6706,0.00144305,0.00145082,0.00006559,418.2083,379.7376,0.6869,61.6387,1.8384,37588.4109,89.7407,538.3845,395.5999,218.4789,430.6076,432.5446,432.5446,1046.441,1081.3617,427.0584,0.0,2.43015,2.511246,0.971205,30,216,96,2,0.20383968,0.00163983,-0.01249836,0E-8,0.000000,0.906607,0.000000,0.01775797,2026-03-22,2026-08-06,108,3621,2443,138,0.782609,1.360932,1.287360,0.679466,,,,,,,,GLOBAL_BASELINE_NO_ENTITY_RANKING,,,NOT_APPLICABLE_GLOBAL_BASELINE,HF9g-P5,,,,X 全窗基线 · 不参与实体赏罚,14199800,1420,A168_HF9F_20260827_0900,2026-08-27 09:00:00
2026-07-10,57024343,2278,0,854.1168431842,-21.3529210796,-21.3529210796,0.5000000,2,2,0.50665070000000000,0.506650700000,-0.018812684590367487,-0.018812684590367487,-0.018812684590367487,0E-17,ELIGIBLE,R03b_20260811_FULL_v1,L1_ELIGIBILITY,v2026-08-11,2026-03-21..2026-08-06,baccarat_bet02_101_all_pairs_incl_sentinel,round_win = game_pnl > 0 (decisive only),COMPATIBILITY_ONLY_NOT_PRODUCTION,4059548.3812,3680416.6879,6656.9809,9707,9692,-0.00163983,0.01249836,-0.00525961,-0.00163983,-6656.9809,4059548.3812,OK,0.0000,266.2792,4.0000,96.0000,AG03-UNRESOLVED,ALL5_LEVELS_bet23_to_bet27,266.2792,266.2792,266.2792,0.0000,0.0000,4.000000,4.000000,4.000000,0.000000,0.000000,96.000000,96.000000,96.000000,100.000000,100.000000,5.0,798.8377,767.3102,5858.1432,5889.6706,PENDING_AG03,FALSE,NOT_FOR_ENFORCEMENT,6390.7016,3533200.0204,6656.9809,6390.7016,266.2792,0.00163983,0.00157424,266.2792,6390.7016,0.00157424,266.2792,266.2792,266.2792,0.0000,0.0000,6390.7016,0.00157424,798.8377,767.3102,5858.1432,5889.6706,0.00144305,0.00145082,0.00006559,418.2083,379.7376,0.6869,61.6387,1.8384,37588.4109,89.7407,538.3845,395.5999,218.4789,430.6076,432.5446,432.5446,1046.441,1081.3617,427.0584,0.0,2.43015,2.511246,0.971205,30,216,96,2,0.20383968,0.00163983,-0.01249836,0E-8,0.000000,0.906607,0.000000,0.01775797,2026-03-22,2026-08-06,108,3621,2443,138,0.782609,1.360932,1.287360,0.679466,,,,,,,,GLOBAL_BASELINE_NO_ENTITY_RANKING,,,NOT_APPLICABLE_GLOBAL_BASELINE,HF9g-P5,,,,X 全窗基线 · 不参与实体赏罚,14199801,1420,A168_HF9F_20260827_0900,2026-08-27 09:00:00
2026-07-10,57024343,772,0,1708.2336863684,790.0580799454,790.0580799454,0.7500000,4,4,0.50665070000000000,0.506650700000,0.9734833216690844,0.9734833216690844,0.9734833216690844,0E-17,ELIGIBLE,R03b_20260811_FULL_v1,L1_ELIGIBILITY,v2026-08-11,2026-03-21..2026-08-06,baccarat_bet02_101_all_pairs_incl_sentinel,round_win = game_pnl > 0 (decisive only),COMPATIBILITY_ONLY_NOT_PRODUCTION,4059548.3812,3680416.6879,6656.9809,9707,9692,-0.00163983,0.01249836,-0.00525961,-0.00163983,-6656.9809,4059548.3812,OK,0.0000,266.2792,4.0000,96.0000,AG03-UNRESOLVED,ALL5_LEVELS_bet23_to_bet27,266.2792,266.2792,266.2792,0.0000,0.0000,4.000000,4.000000,4.000000,0.000000,0.000000,96.000000,96.000000,96.000000,100.000000,100.000000,5.0,798.8377,767.3102,5858.1432,5889.6706,PENDING_AG03,FALSE,NOT_FOR_ENFORCEMENT,6390.7016,3533200.0204,6656.9809,6390.7016,266.2792,0.00163983,0.00157424,266.2792,6390.7016,0.00157424,266.2792,266.2792,266.2792,0.0000,0.0000,6390.7016,0.00157424,798.8377,767.3102,5858.1432,5889.6706,0.00144305,0.00145082,0.00006559,418.2083,379.7376,0.6869,61.6387,1.8384,37588.4109,89.7407,538.3845,395.5999,218.4789,430.6076,432.5446,432.5446,1046.441,1081.3617,427.0584,0.0,2.43015,2.511246,0.971205,30,216,96,2,0.20383968,0.00163983,-0.01249836,0E-8,0.000000,0.906607,0.000000,0.01775797,2026-03-22,2026-08-06,108,3621,2443,138,0.782609,1.360932,1.287360,0.679466,,,,,,,,GLOBAL_BASELINE_NO_ENTITY_RANKING,,,NOT_APPLICABLE_GLOBAL_BASELINE,HF9g-P5,,,,X 全窗基线 · 不参与实体赏罚,14199802,1420,A168_HF9F_20260827_0900,2026-08-27 09:00:00
2026-07-11,57024343,-1,1,1067.6460539802,-1067.6460539802,-1067.6460539802,0E-7,1,1,0.50665070000000000,0.506650700000,-1.013391052207602,-1.013391052207602,-1.013391052207602,0E-17,SENTINEL_DEALER,R03b_20260811_FULL_v1,L1_ELIGIBILITY,v2026-08-11,2026-03-21..2026-08-06,baccarat_bet02_101_all_pairs_incl_sentinel,round_win = game_pnl > 0 (decisive only),COMPATIBILITY_ONLY_NOT_PRODUCTION,4059548.3812,3680416.6879,6656.9809,9707,9692,-0.00163983,0.01249836,-0.00525961,-0.00163983,-6656.9809,4059548.3812,OK,0.0000,266.2792,4.0000,96.0000,AG03-UNRESOLVED,ALL5_LEVELS_bet23_to_bet27,266.2792,266.2792,266.2792,0.0000,0.0000,4.000000,4.000000,4.000000,0.000000,0.000000,96.000000,96.000000,96.000000,100.000000,100.000000,5.0,798.8377,767.3102,5858.1432,5889.6706,PENDING_AG03,FALSE,NOT_FOR_ENFORCEMENT,6390.7016,3533200.0204,6656.9809,6390.7016,266.2792,0.00163983,0.00157424,266.2792,6390.7016,0.00157424,266.2792,266.2792,266.2792,0.0000,0.0000,6390.7016,0.00157424,798.8377,767.3102,5858.1432,5889.6706,0.00144305,0.00145082,0.00006559,418.2083,379.7376,0.6869,61.6387,1.8384,37588.4109,89.7407,538.3845,395.5999,218.4789,430.6076,432.5446,432.5446,1046.441,1081.3617,427.0584,0.0,2.43015,2.511246,0.971205,30,216,96,2,0.20383968,0.00163983,-0.01249836,0E-8,0.000000,0.906607,0.000000,0.01775797,2026-03-22,2026-08-06,108,3621,2443,138,0.782609,1.360932,1.287360,0.679466,,,,,,,,GLOBAL_BASELINE_NO_ENTITY_RANKING,,,NOT_APPLICABLE_GLOBAL_BASELINE,HF9g-P5,,,,X 全窗基线 · 不参与实体赏罚,14199803,1420,A168_HF9F_20260827_0900,2026-08-27 09:00:00
2026-07-11,57024343,1405,0,854.1168431842,405.7055005125,405.7055005125,1.0000000,2,2,0.50665070000000000,0.506650700000,0.9867858985152569,0.9867858985152569,0.9867858985152569,0E-17,ELIGIBLE,R03b_20260811_FULL_v1,L1_ELIGIBILITY,v2026-08-11,2026-03-21..2026-08-06,baccarat_bet02_101_all_pairs_incl_sentinel,round_win = game_pnl > 0 (decisive only),COMPATIBILITY_ONLY_NOT_PRODUCTION,4059548.3812,3680416.6879,6656.9809,9707,9692,-0.00163983,0.01249836,-0.00525961,-0.00163983,-6656.9809,4059548.3812,OK,0.0000,266.2792,4.0000,96.0000,AG03-UNRESOLVED,ALL5_LEVELS_bet23_to_bet27,266.2792,266.2792,266.2792,0.0000,0.0000,4.000000,4.000000,4.000000,0.000000,0.000000,96.000000,96.000000,96.000000,100.000000,100.000000,5.0,798.8377,767.3102,5858.1432,5889.6706,PENDING_AG03,FALSE,NOT_FOR_ENFORCEMENT,6390.7016,3533200.0204,6656.9809,6390.7016,266.2792,0.00163983,0.00157424,266.2792,6390.7016,0.00157424,266.2792,266.2792,266.2792,0.0000,0.0000,6390.7016,0.00157424,798.8377,767.3102,5858.1432,5889.6706,0.00144305,0.00145082,0.00006559,418.2083,379.7376,0.6869,61.6387,1.8384,37588.4109,89.7407,538.3845,395.5999,218.4789,430.6076,432.5446,432.5446,1046.441,1081.3617,427.0584,0.0,2.43015,2.511246,0.971205,30,216,96,2,0.20383968,0.00163983,-0.01249836,0E-8,0.000000,0.906607,0.000000,0.01775797,2026-03-22,2026-08-06,108,3621,2443,138,0.782609,1.360932,1.287360,0.679466,,,,,,,,GLOBAL_BASELINE_NO_ENTITY_RANKING,,,NOT_APPLICABLE_GLOBAL_BASELINE,HF9g-P5,,,,X 全窗基线 · 不参与实体赏罚,14199804,1420,A168_HF9F_20260827_0900,2026-08-27 09:00:00
2026-07-11,57024343,1645,0,427.0584215921,-427.0584215921,-427.0584215921,0E-7,1,1,0.50665070000000000,0.506650700000,-1.013391052207602,-1.013391052207602,-1.013391052207602,0E-17,ELIGIBLE,R03b_20260811_FULL_v1,L1_ELIGIBILITY,v2026-08-11,2026-03-21..2026-08-06,baccarat_bet02_101_all_pairs_incl_sentinel,round_win = game_pnl > 0 (decisive only),COMPATIBILITY_ONLY_NOT_PRODUCTION,4059548.3812,3680416.6879,6656.9809,9707,9692,-0.00163983,0.01249836,-0.00525961,-0.00163983,-6656.9809,4059548.3812,OK,0.0000,266.2792,4.0000,96.0000,AG03-UNRESOLVED,ALL5_LEVELS_bet23_to_bet27,266.2792,266.2792,266.2792,0.0000,0.0000,4.000000,4.000000,4.000000,0.000000,0.000000,96.000000,96.000000,96.000000,100.000000,100.000000,5.0,798.8377,767.3102,5858.1432,5889.6706,PENDING_AG03,FALSE,NOT_FOR_ENFORCEMENT,6390.7016,3533200.0204,6656.9809,6390.7016,266.2792,0.00163983,0.00157424,266.2792,6390.7016,0.00157424,266.2792,266.2792,266.2792,0.0000,0.0000,6390.7016,0.00157424,798.8377,767.3102,5858.1432,5889.6706,0.00144305,0.00145082,0.00006559,418.2083,379.7376,0.6869,61.6387,1.8384,37588.4109,89.7407,538.3845,395.5999,218.4789,430.6076,432.5446,432.5446,1046.441,1081.3617,427.0584,0.0,2.43015,2.511246,0.971205,30,216,96,2,0.20383968,0.00163983,-0.01249836,0E-8,0.000000,0.906607,0.000000,0.01775797,2026-03-22,2026-08-06,108,3621,2443,138,0.782609,1.360932,1.287360,0.679466,,,,,,,,GLOBAL_BASELINE_NO_ENTITY_RANKING,,,NOT_APPLICABLE_GLOBAL_BASELINE,HF9g-P5,,,,X 全窗基线 · 不参与实体赏罚,14199805,1420,A168_HF9F_20260827_0900,2026-08-27 09:00:00
2026-07-11,57024343,1935,0,427.0584215921,405.7055005125,405.7055005125,1.0000000,1,1,0.50665070000000000,0.506650700000,0.9867858985152569,0.9867858985152569,0.9867858985152569,0E-17,ELIGIBLE,R03b_20260811_FULL_v1,L1_ELIGIBILITY,v2026-08-11,2026-03-21..2026-08-06,baccarat_bet02_101_all_pairs_incl_sentinel,round_win = game_pnl > 0 (decisive only),COMPATIBILITY_ONLY_NOT_PRODUCTION,4059548.3812,3680416.6879,6656.9809,9707,9692,-0.00163983,0.01249836,-0.00525961,-0.00163983,-6656.9809,4059548.3812,OK,0.0000,266.2792,4.0000,96.0000,AG03-UNRESOLVED,ALL5_LEVELS_bet23_to_bet27,266.2792,266.2792,266.2792,0.0000,0.0000,4.000000,4.000000,4.000000,0.000000,0.000000,96.000000,96.000000,96.000000,100.000000,100.000000,5.0,798.8377,767.3102,5858.1432,5889.6706,PENDING_AG03,FALSE,NOT_FOR_ENFORCEMENT,6390.7016,3533200.0204,6656.9809,6390.7016,266.2792,0.00163983,0.00157424,266.2792,6390.7016,0.00157424,266.2792,266.2792,266.2792,0.0000,0.0000,6390.7016,0.00157424,798.8377,767.3102,5858.1432,5889.6706,0.00144305,0.00145082,0.00006559,418.2083,379.7376,0.6869,61.6387,1.8384,37588.4109,89.7407,538.3845,395.5999,218.4789,430.6076,432.5446,432.5446,1046.441,1081.3617,427.0584,0.0,2.43015,2.511246,0.971205,30,216,96,2,0.20383968,0.00163983,-0.01249836,0E-8,0.000000,0.906607,0.000000,0.01775797,2026-03-22,2026-08-06,108,3621,2443,138,0.782609,1.360932,1.287360,0.679466,,,,,,,,GLOBAL_BASELINE_NO_ENTITY_RANKING,,,NOT_APPLICABLE_GLOBAL_BASELINE,HF9g-P5,,,,X 全窗基线 · 不参与实体赏罚,14199806,1420,A168_HF9F_20260827_0900,2026-08-27 09:00:00
2026-07-11,57024343,1942,0,1067.6460539802,1014.2637512812,1014.2637512812,1.0000000,1,1,0.50665070000000000,0.506650700000,0.9867858985152569,0.9867858985152569,0.9867858985152569,0E-17,ELIGIBLE,R03b_20260811_FULL_v1,L1_ELIGIBILITY,v2026-08-11,2026-03-21..2026-08-06,baccarat_bet02_101_all_pairs_incl_sentinel,round_win = game_pnl > 0 (decisive only),COMPATIBILITY_ONLY_NOT_PRODUCTION,4059548.3812,3680416.6879,6656.9809,9707,9692,-0.00163983,0.01249836,-0.00525961,-0.00163983,-6656.9809,4059548.3812,OK,0.0000,266.2792,4.0000,96.0000,AG03-UNRESOLVED,ALL5_LEVELS_bet23_to_bet27,266.2792,266.2792,266.2792,0.0000,0.0000,4.000000,4.000000,4.000000,0.000000,0.000000,96.000000,96.000000,96.000000,100.000000,100.000000,5.0,798.8377,767.3102,5858.1432,5889.6706,PENDING_AG03,FALSE,NOT_FOR_ENFORCEMENT,6390.7016,3533200.0204,6656.9809,6390.7016,266.2792,0.00163983,0.00157424,266.2792,6390.7016,0.00157424,266.2792,266.2792,266.2792,0.0000,0.0000,6390.7016,0.00157424,798.8377,767.3102,5858.1432,5889.6706,0.00144305,0.00145082,0.00006559,418.2083,379.7376,0.6869,61.6387,1.8384,37588.4109,89.7407,538.3845,395.5999,218.4789,430.6076,432.5446,432.5446,1046.441,1081.3617,427.0584,0.0,2.43015,2.511246,0.971205,30,216,96,2,0.20383968,0.00163983,-0.01249836,0E-8,0.000000,0.906607,0.000000,0.01775797,2026-03-22,2026-08-06,108,3621,2443,138,0.782609,1.360932,1.287360,0.679466,,,,,,,,GLOBAL_BASELINE_NO_ENTITY_RANKING,,,NOT_APPLICABLE_GLOBAL_BASELINE,HF9g-P5,,,,X 全窗基线 · 不参与实体赏罚,14199807,1420,A168_HF9F_20260827_0900,2026-08-27 09:00:00
2026-07-11,57024343,2127,0,854.1168431842,-21.3529210796,-21.3529210796,0.5000000,2,2,0.50665070000000000,0.506650700000,-0.018812684590367487,-0.018812684590367487,-0.018812684590367487,0E-17,ELIGIBLE,R03b_20260811_FULL_v1,L1_ELIGIBILITY,v2026-08-11,2026-03-21..2026-08-06,baccarat_bet02_101_all_pairs_incl_sentinel,round_win = game_pnl > 0 (decisive only),COMPATIBILITY_ONLY_NOT_PRODUCTION,4059548.3812,3680416.6879,6656.9809,9707,9692,-0.00163983,0.01249836,-0.00525961,-0.00163983,-6656.9809,4059548.3812,OK,0.0000,266.2792,4.0000,96.0000,AG03-UNRESOLVED,ALL5_LEVELS_bet23_to_bet27,266.2792,266.2792,266.2792,0.0000,0.0000,4.000000,4.000000,4.000000,0.000000,0.000000,96.000000,96.000000,96.000000,100.000000,100.000000,5.0,798.8377,767.3102,5858.1432,5889.6706,PENDING_AG03,FALSE,NOT_FOR_ENFORCEMENT,6390.7016,3533200.0204,6656.9809,6390.7016,266.2792,0.00163983,0.00157424,266.2792,6390.7016,0.00157424,266.2792,266.2792,266.2792,0.0000,0.0000,6390.7016,0.00157424,798.8377,767.3102,5858.1432,5889.6706,0.00144305,0.00145082,0.00006559,418.2083,379.7376,0.6869,61.6387,1.8384,37588.4109,89.7407,538.3845,395.5999,218.4789,430.6076,432.5446,432.5446,1046.441,1081.3617,427.0584,0.0,2.43015,2.511246,0.971205,30,216,96,2,0.20383968,0.00163983,-0.01249836,0E-8,0.000000,0.906607,0.000000,0.01775797,2026-03-22,2026-08-06,108,3621,2443,138,0.782609,1.360932,1.287360,0.679466,,,,,,,,GLOBAL_BASELINE_NO_ENTITY_RANKING,,,NOT_APPLICABLE_GLOBAL_BASELINE,HF9g-P5,,,,X 全窗基线 · 不参与实体赏罚,14199808,1420,A168_HF9F_20260827_0900,2026-08-27 09:00:00
2026-07-11,57024343,2174,0,427.0584215921,405.7055005125,405.7055005125,1.0000000,1,1,0.50665070000000000,0.506650700000,0.9867858985152569,0.9867858985152569,0.9867858985152569,0E-17,ELIGIBLE,R03b_20260811_FULL_v1,L1_ELIGIBILITY,v2026-08-11,2026-03-21..2026-08-06,baccarat_bet02_101_all_pairs_incl_sentinel,round_win = game_pnl > 0 (decisive only),COMPATIBILITY_ONLY_NOT_PRODUCTION,4059548.3812,3680416.6879,6656.9809,9707,9692,-0.00163983,0.01249836,-0.00525961,-0.00163983,-6656.9809,4059548.3812,OK,0.0000,266.2792,4.0000,96.0000,AG03-UNRESOLVED,ALL5_LEVELS_bet23_to_bet27,266.2792,266.2792,266.2792,0.0000,0.0000,4.000000,4.000000,4.000000,0.000000,0.000000,96.000000,96.000000,96.000000,100.000000,100.000000,5.0,798.8377,767.3102,5858.1432,5889.6706,PENDING_AG03,FALSE,NOT_FOR_ENFORCEMENT,6390.7016,3533200.0204,6656.9809,6390.7016,266.2792,0.00163983,0.00157424,266.2792,6390.7016,0.00157424,266.2792,266.2792,266.2792,0.0000,0.0000,6390.7016,0.00157424,798.8377,767.3102,5858.1432,5889.6706,0.00144305,0.00145082,0.00006559,418.2083,379.7376,0.6869,61.6387,1.8384,37588.4109,89.7407,538.3845,395.5999,218.4789,430.6076,432.5446,432.5446,1046.441,1081.3617,427.0584,0.0,2.43015,2.511246,0.971205,30,216,96,2,0.20383968,0.00163983,-0.01249836,0E-8,0.000000,0.906607,0.000000,0.01775797,2026-03-22,2026-08-06,108,3621,2443,138,0.782609,1.360932,1.287360,0.679466,,,,,,,,GLOBAL_BASELINE_NO_ENTITY_RANKING,,,NOT_APPLICABLE_GLOBAL_BASELINE,HF9g-P5,,,,X 全窗基线 · 不参与实体赏罚,14199809,1420,A168_HF9F_20260827_0900,2026-08-27 09:00:00
2026-07-11,57024343,2177,0,1494.7044755723,1419.9692517937,1419.9692517937,1.0000000,2,2,0.50665070000000000,0.506650700000,1.3955260008387969,1.3955260008387969,1.3955260008387969,0E-17,ELIGIBLE,R03b_20260811_FULL_v1,L1_ELIGIBILITY,v2026-08-11,2026-03-21..2026-08-06,baccarat_bet02_101_all_pairs_incl_sentinel,round_win = game_pnl > 0 (decisive only),COMPATIBILITY_ONLY_NOT_PRODUCTION,4059548.3812,3680416.6879,6656.9809,9707,9692,-0.00163983,0.01249836,-0.00525961,-0.00163983,-6656.9809,4059548.3812,OK,0.0000,266.2792,4.0000,96.0000,AG03-UNRESOLVED,ALL5_LEVELS_bet23_to_bet27,266.2792,266.2792,266.2792,0.0000,0.0000,4.000000,4.000000,4.000000,0.000000,0.000000,96.000000,96.000000,96.000000,100.000000,100.000000,5.0,798.8377,767.3102,5858.1432,5889.6706,PENDING_AG03,FALSE,NOT_FOR_ENFORCEMENT,6390.7016,3533200.0204,6656.9809,6390.7016,266.2792,0.00163983,0.00157424,266.2792,6390.7016,0.00157424,266.2792,266.2792,266.2792,0.0000,0.0000,6390.7016,0.00157424,798.8377,767.3102,5858.1432,5889.6706,0.00144305,0.00145082,0.00006559,418.2083,379.7376,0.6869,61.6387,1.8384,37588.4109,89.7407,538.3845,395.5999,218.4789,430.6076,432.5446,432.5446,1046.441,1081.3617,427.0584,0.0,2.43015,2.511246,0.971205,30,216,96,2,0.20383968,0.00163983,-0.01249836,0E-8,0.000000,0.906607,0.000000,0.01775797,2026-03-22,2026-08-06,108,3621,2443,138,0.782609,1.360932,1.287360,0.679466,,,,,,,,GLOBAL_BASELINE_NO_ENTITY_RANKING,,,NOT_APPLICABLE_GLOBAL_BASELINE,HF9g-P5,,,,X 全窗基线 · 不参与实体赏罚,14199810,1420,A168_HF9F_20260827_0900,2026-08-27 09:00:00
2026-07-11,57024343,2188,0,1067.6460539802,1014.2637512812,1014.2637512812,1.0000000,1,1,0.50665070000000000,0.506650700000,0.9867858985152569,0.9867858985152569,0.9867858985152569,0E-17,ELIGIBLE,R03b_20260811_FULL_v1,L1_ELIGIBILITY,v2026-08-11,2026-03-21..2026-08-06,baccarat_bet02_101_all_pairs_incl_sentinel,round_win = game_pnl > 0 (decisive only),COMPATIBILITY_ONLY_NOT_PRODUCTION,4059548.3812,3680416.6879,6656.9809,9707,9692,-0.00163983,0.01249836,-0.00525961,-0.00163983,-6656.9809,4059548.3812,OK,0.0000,266.2792,4.0000,96.0000,AG03-UNRESOLVED,ALL5_LEVELS_bet23_to_bet27,266.2792,266.2792,266.2792,0.0000,0.0000,4.000000,4.000000,4.000000,0.000000,0.000000,96.000000,96.000000,96.000000,100.000000,100.000000,5.0,798.8377,767.3102,5858.1432,5889.6706,PENDING_AG03,FALSE,NOT_FOR_ENFORCEMENT,6390.7016,3533200.0204,6656.9809,6390.7016,266.2792,0.00163983,0.00157424,266.2792,6390.7016,0.00157424,266.2792,266.2792,266.2792,0.0000,0.0000,6390.7016,0.00157424,798.8377,767.3102,5858.1432,5889.6706,0.00144305,0.00145082,0.00006559,418.2083,379.7376,0.6869,61.6387,1.8384,37588.4109,89.7407,538.3845,395.5999,218.4789,430.6076,432.5446,432.5446,1046.441,1081.3617,427.0584,0.0,2.43015,2.511246,0.971205,30,216,96,2,0.20383968,0.00163983,-0.01249836,0E-8,0.000000,0.906607,0.000000,0.01775797,2026-03-22,2026-08-06,108,3621,2443,138,0.782609,1.360932,1.287360,0.679466,,,,,,,,GLOBAL_BASELINE_NO_ENTITY_RANKING,,,NOT_APPLICABLE_GLOBAL_BASELINE,HF9g-P5,,,,X 全窗基线 · 不参与实体赏罚,14199811,1420,A168_HF9F_20260827_0900,2026-08-27 09:00:00
2026-07-11,57024343,2196,0,854.1168431842,-21.3529210796,-21.3529210796,0.5000000,2,2,0.50665070000000000,0.506650700000,-0.018812684590367487,-0.018812684590367487,-0.018812684590367487,0E-17,ELIGIBLE,R03b_20260811_FULL_v1,L1_ELIGIBILITY,v2026-08-11,2026-03-21..2026-08-06,baccarat_bet02_101_all_pairs_incl_sentinel,round_win = game_pnl > 0 (decisive only),COMPATIBILITY_ONLY_NOT_PRODUCTION,4059548.3812,3680416.6879,6656.9809,9707,9692,-0.00163983,0.01249836,-0.00525961,-0.00163983,-6656.9809,4059548.3812,OK,0.0000,266.2792,4.0000,96.0000,AG03-UNRESOLVED,ALL5_LEVELS_bet23_to_bet27,266.2792,266.2792,266.2792,0.0000,0.0000,4.000000,4.000000,4.000000,0.000000,0.000000,96.000000,96.000000,96.000000,100.000000,100.000000,5.0,798.8377,767.3102,5858.1432,5889.6706,PENDING_AG03,FALSE,NOT_FOR_ENFORCEMENT,6390.7016,3533200.0204,6656.9809,6390.7016,266.2792,0.00163983,0.00157424,266.2792,6390.7016,0.00157424,266.2792,266.2792,266.2792,0.0000,0.0000,6390.7016,0.00157424,798.8377,767.3102,5858.1432,5889.6706,0.00144305,0.00145082,0.00006559,418.2083,379.7376,0.6869,61.6387,1.8384,37588.4109,89.7407,538.3845,395.5999,218.4789,430.6076,432.5446,432.5446,1046.441,1081.3617,427.0584,0.0,2.43015,2.511246,0.971205,30,216,96,2,0.20383968,0.00163983,-0.01249836,0E-8,0.000000,0.906607,0.000000,0.01775797,2026-03-22,2026-08-06,108,3621,2443,138,0.782609,1.360932,1.287360,0.679466,,,,,,,,GLOBAL_BASELINE_NO_ENTITY_RANKING,,,NOT_APPLICABLE_GLOBAL_BASELINE,HF9g-P5,,,,X 全窗基线 · 不参与实体赏罚,14199812,1420,A168_HF9F_20260827_0900,2026-08-27 09:00:00
2026-07-11,57024343,2216,0,427.0584215921,-427.0584215921,-427.0584215921,0E-7,1,1,0.50665070000000000,0.506650700000,-1.013391052207602,-1.013391052207602,-1.013391052207602,0E-17,ELIGIBLE,R03b_20260811_FULL_v1,L1_ELIGIBILITY,v2026-08-11,2026-03-21..2026-08-06,baccarat_bet02_101_all_pairs_incl_sentinel,round_win = game_pnl > 0 (decisive only),COMPATIBILITY_ONLY_NOT_PRODUCTION,4059548.3812,3680416.6879,6656.9809,9707,9692,-0.00163983,0.01249836,-0.00525961,-0.00163983,-6656.9809,4059548.3812,OK,0.0000,266.2792,4.0000,96.0000,AG03-UNRESOLVED,ALL5_LEVELS_bet23_to_bet27,266.2792,266.2792,266.2792,0.0000,0.0000,4.000000,4.000000,4.000000,0.000000,0.000000,96.000000,96.000000,96.000000,100.000000,100.000000,5.0,798.8377,767.3102,5858.1432,5889.6706,PENDING_AG03,FALSE,NOT_FOR_ENFORCEMENT,6390.7016,3533200.0204,6656.9809,6390.7016,266.2792,0.00163983,0.00157424,266.2792,6390.7016,0.00157424,266.2792,266.2792,266.2792,0.0000,0.0000,6390.7016,0.00157424,798.8377,767.3102,5858.1432,5889.6706,0.00144305,0.00145082,0.00006559,418.2083,379.7376,0.6869,61.6387,1.8384,37588.4109,89.7407,538.3845,395.5999,218.4789,430.6076,432.5446,432.5446,1046.441,1081.3617,427.0584,0.0,2.43015,2.511246,0.971205,30,216,96,2,0.20383968,0.00163983,-0.01249836,0E-8,0.000000,0.906607,0.000000,0.01775797,2026-03-22,2026-08-06,108,3621,2443,138,0.782609,1.360932,1.287360,0.679466,,,,,,,,GLOBAL_BASELINE_NO_ENTITY_RANKING,,,NOT_APPLICABLE_GLOBAL_BASELINE,HF9g-P5,,,,X 全窗基线 · 不参与实体赏罚,14199813,1420,A168_HF9F_20260827_0900,2026-08-27 09:00:00
2026-07-11,57024343,2239,0,854.1168431842,-21.3529210796,-21.3529210796,0.5000000,2,2,0.50665070000000000,0.506650700000,-0.018812684590367487,-0.018812684590367487,-0.018812684590367487,0E-17,ELIGIBLE,R03b_20260811_FULL_v1,L1_ELIGIBILITY,v2026-08-11,2026-03-21..2026-08-06,baccarat_bet02_101_all_pairs_incl_sentinel,round_win = game_pnl > 0 (decisive only),COMPATIBILITY_ONLY_NOT_PRODUCTION,4059548.3812,3680416.6879,6656.9809,9707,9692,-0.00163983,0.01249836,-0.00525961,-0.00163983,-6656.9809,4059548.3812,OK,0.0000,266.2792,4.0000,96.0000,AG03-UNRESOLVED,ALL5_LEVELS_bet23_to_bet27,266.2792,266.2792,266.2792,0.0000,0.0000,4.000000,4.000000,4.000000,0.000000,0.000000,96.000000,96.000000,96.000000,100.000000,100.000000,5.0,798.8377,767.3102,5858.1432,5889.6706,PENDING_AG03,FALSE,NOT_FOR_ENFORCEMENT,6390.7016,3533200.0204,6656.9809,6390.7016,266.2792,0.00163983,0.00157424,266.2792,6390.7016,0.00157424,266.2792,266.2792,266.2792,0.0000,0.0000,6390.7016,0.00157424,798.8377,767.3102,5858.1432,5889.6706,0.00144305,0.00145082,0.00006559,418.2083,379.7376,0.6869,61.6387,1.8384,37588.4109,89.7407,538.3845,395.5999,218.4789,430.6076,432.5446,432.5446,1046.441,1081.3617,427.0584,0.0,2.43015,2.511246,0.971205,30,216,96,2,0.20383968,0.00163983,-0.01249836,0E-8,0.000000,0.906607,0.000000,0.01775797,2026-03-22,2026-08-06,108,3621,2443,138,0.782609,1.360932,1.287360,0.679466,,,,,,,,GLOBAL_BASELINE_NO_ENTITY_RANKING,,,NOT_APPLICABLE_GLOBAL_BASELINE,HF9g-P5,,,,X 全窗基线 · 不参与实体赏罚,14199814,1420,A168_HF9F_20260827_0900,2026-08-27 09:00:00
2026-07-11,57024343,2261,0,854.1168431842,-21.3529210796,-21.3529210796,0.5000000,2,2,0.50665070000000000,0.506650700000,-0.018812684590367487,-0.018812684590367487,-0.018812684590367487,0E-17,ELIGIBLE,R03b_20260811_FULL_v1,L1_ELIGIBILITY,v2026-08-11,2026-03-21..2026-08-06,baccarat_bet02_101_all_pairs_incl_sentinel,round_win = game_pnl > 0 (decisive only),COMPATIBILITY_ONLY_NOT_PRODUCTION,4059548.3812,3680416.6879,6656.9809,9707,9692,-0.00163983,0.01249836,-0.00525961,-0.00163983,-6656.9809,4059548.3812,OK,0.0000,266.2792,4.0000,96.0000,AG03-UNRESOLVED,ALL5_LEVELS_bet23_to_bet27,266.2792,266.2792,266.2792,0.0000,0.0000,4.000000,4.000000,4.000000,0.000000,0.000000,96.000000,96.000000,96.000000,100.000000,100.000000,5.0,798.8377,767.3102,5858.1432,5889.6706,PENDING_AG03,FALSE,NOT_FOR_ENFORCEMENT,6390.7016,3533200.0204,6656.9809,6390.7016,266.2792,0.00163983,0.00157424,266.2792,6390.7016,0.00157424,266.2792,266.2792,266.2792,0.0000,0.0000,6390.7016,0.00157424,798.8377,767.3102,5858.1432,5889.6706,0.00144305,0.00145082,0.00006559,418.2083,379.7376,0.6869,61.6387,1.8384,37588.4109,89.7407,538.3845,395.5999,218.4789,430.6076,432.5446,432.5446,1046.441,1081.3617,427.0584,0.0,2.43015,2.511246,0.971205,30,216,96,2,0.20383968,0.00163983,-0.01249836,0E-8,0.000000,0.906607,0.000000,0.01775797,2026-03-22,2026-08-06,108,3621,2443,138,0.782609,1.360932,1.287360,0.679466,,,,,,,,GLOBAL_BASELINE_NO_ENTITY_RANKING,,,NOT_APPLICABLE_GLOBAL_BASELINE,HF9g-P5,,,,X 全窗基线 · 不参与实体赏罚,14199815,1420,A168_HF9F_20260827_0900,2026-08-27 09:00:00
2026-07-11,57024343,752,0,854.1168431842,-21.3529210796,-21.3529210796,0.5000000,2,2,0.50665070000000000,0.506650700000,-0.018812684590367487,-0.018812684590367487,-0.018812684590367487,0E-17,ELIGIBLE,R03b_20260811_FULL_v1,L1_ELIGIBILITY,v2026-08-11,2026-03-21..2026-08-06,baccarat_bet02_101_all_pairs_incl_sentinel,round_win = game_pnl > 0 (decisive only),COMPATIBILITY_ONLY_NOT_PRODUCTION,4059548.3812,3680416.6879,6656.9809,9707,9692,-0.00163983,0.01249836,-0.00525961,-0.00163983,-6656.9809,4059548.3812,OK,0.0000,266.2792,4.0000,96.0000,AG03-UNRESOLVED,ALL5_LEVELS_bet23_to_bet27,266.2792,266.2792,266.2792,0.0000,0.0000,4.000000,4.000000,4.000000,0.000000,0.000000,96.000000,96.000000,96.000000,100.000000,100.000000,5.0,798.8377,767.3102,5858.1432,5889.6706,PENDING_AG03,FALSE,NOT_FOR_ENFORCEMENT,6390.7016,3533200.0204,6656.9809,6390.7016,266.2792,0.00163983,0.00157424,266.2792,6390.7016,0.00157424,266.2792,266.2792,266.2792,0.0000,0.0000,6390.7016,0.00157424,798.8377,767.3102,5858.1432,5889.6706,0.00144305,0.00145082,0.00006559,418.2083,379.7376,0.6869,61.6387,1.8384,37588.4109,89.7407,538.3845,395.5999,218.4789,430.6076,432.5446,432.5446,1046.441,1081.3617,427.0584,0.0,2.43015,2.511246,0.971205,30,216,96,2,0.20383968,0.00163983,-0.01249836,0E-8,0.000000,0.906607,0.000000,0.01775797,2026-03-22,2026-08-06,108,3621,2443,138,0.782609,1.360932,1.287360,0.679466,,,,,,,,GLOBAL_BASELINE_NO_ENTITY_RANKING,,,NOT_APPLICABLE_GLOBAL_BASELINE,HF9g-P5,,,,X 全窗基线 · 不参与实体赏罚,14199816,1420,A168_HF9F_20260827_0900,2026-08-27 09:00:00
2026-07-11,57024343,789,0,1067.6460539802,1014.2637512812,1014.2637512812,1.0000000,1,1,0.50665070000000000,0.506650700000,0.9867858985152569,0.9867858985152569,0.9867858985152569,0E-17,ELIGIBLE,R03b_20260811_FULL_v1,L1_ELIGIBILITY,v2026-08-11,2026-03-21..2026-08-06,baccarat_bet02_101_all_pairs_incl_sentinel,round_win = game_pnl > 0 (decisive only),COMPATIBILITY_ONLY_NOT_PRODUCTION,4059548.3812,3680416.6879,6656.9809,9707,9692,-0.00163983,0.01249836,-0.00525961,-0.00163983,-6656.9809,4059548.3812,OK,0.0000,266.2792,4.0000,96.0000,AG03-UNRESOLVED,ALL5_LEVELS_bet23_to_bet27,266.2792,266.2792,266.2792,0.0000,0.0000,4.000000,4.000000,4.000000,0.000000,0.000000,96.000000,96.000000,96.000000,100.000000,100.000000,5.0,798.8377,767.3102,5858.1432,5889.6706,PENDING_AG03,FALSE,NOT_FOR_ENFORCEMENT,6390.7016,3533200.0204,6656.9809,6390.7016,266.2792,0.00163983,0.00157424,266.2792,6390.7016,0.00157424,266.2792,266.2792,266.2792,0.0000,0.0000,6390.7016,0.00157424,798.8377,767.3102,5858.1432,5889.6706,0.00144305,0.00145082,0.00006559,418.2083,379.7376,0.6869,61.6387,1.8384,37588.4109,89.7407,538.3845,395.5999,218.4789,430.6076,432.5446,432.5446,1046.441,1081.3617,427.0584,0.0,2.43015,2.511246,0.971205,30,216,96,2,0.20383968,0.00163983,-0.01249836,0E-8,0.000000,0.906607,0.000000,0.01775797,2026-03-22,2026-08-06,108,3621,2443,138,0.782609,1.360932,1.287360,0.679466,,,,,,,,GLOBAL_BASELINE_NO_ENTITY_RANKING,,,NOT_APPLICABLE_GLOBAL_BASELINE,HF9g-P5,,,,X 全窗基线 · 不参与实体赏罚,14199817,1420,A168_HF9F_20260827_0900,2026-08-27 09:00:00
2026-07-13,57024343,1109,0,213.5292107960,0E-10,0E-10,,1,1,0.50665070000000000,0.506650700000,,,,0E-17,NO_DECISIVE_ROUND,R03b_20260811_FULL_v1,L1_ELIGIBILITY,v2026-08-11,2026-03-21..2026-08-06,baccarat_bet02_101_all_pairs_incl_sentinel,round_win = game_pnl > 0 (decisive only),COMPATIBILITY_ONLY_NOT_PRODUCTION,4059548.3812,3680416.6879,6656.9809,9707,9692,-0.00163983,0.01249836,-0.00525961,-0.00163983,-6656.9809,4059548.3812,OK,0.0000,266.2792,4.0000,96.0000,AG03-UNRESOLVED,ALL5_LEVELS_bet23_to_bet27,266.2792,266.2792,266.2792,0.0000,0.0000,4.000000,4.000000,4.000000,0.000000,0.000000,96.000000,96.000000,96.000000,100.000000,100.000000,5.0,798.8377,767.3102,5858.1432,5889.6706,PENDING_AG03,FALSE,NOT_FOR_ENFORCEMENT,6390.7016,3533200.0204,6656.9809,6390.7016,266.2792,0.00163983,0.00157424,266.2792,6390.7016,0.00157424,266.2792,266.2792,266.2792,0.0000,0.0000,6390.7016,0.00157424,798.8377,767.3102,5858.1432,5889.6706,0.00144305,0.00145082,0.00006559,418.2083,379.7376,0.6869,61.6387,1.8384,37588.4109,89.7407,538.3845,395.5999,218.4789,430.6076,432.5446,432.5446,1046.441,1081.3617,427.0584,0.0,2.43015,2.511246,0.971205,30,216,96,2,0.20383968,0.00163983,-0.01249836,0E-8,0.000000,0.906607,0.000000,0.01775797,2026-03-22,2026-08-06,108,3621,2443,138,0.782609,1.360932,1.287360,0.679466,,,,,,,,GLOBAL_BASELINE_NO_ENTITY_RANKING,,,NOT_APPLICABLE_GLOBAL_BASELINE,HF9g-P5,,,,X 全窗基线 · 不参与实体赏罚,14199818,1420,A168_HF9F_20260827_0900,2026-08-27 09:00:00
2026-07-13,57024343,1957,0,427.0584215921,405.7055005125,405.7055005125,1.0000000,1,1,0.50665070000000000,0.506650700000,0.9867858985152569,0.9867858985152569,0.9867858985152569,0E-17,ELIGIBLE,R03b_20260811_FULL_v1,L1_ELIGIBILITY,v2026-08-11,2026-03-21..2026-08-06,baccarat_bet02_101_all_pairs_incl_sentinel,round_win = game_pnl > 0 (decisive only),COMPATIBILITY_ONLY_NOT_PRODUCTION,4059548.3812,3680416.6879,6656.9809,9707,9692,-0.00163983,0.01249836,-0.00525961,-0.00163983,-6656.9809,4059548.3812,OK,0.0000,266.2792,4.0000,96.0000,AG03-UNRESOLVED,ALL5_LEVELS_bet23_to_bet27,266.2792,266.2792,266.2792,0.0000,0.0000,4.000000,4.000000,4.000000,0.000000,0.000000,96.000000,96.000000,96.000000,100.000000,100.000000,5.0,798.8377,767.3102,5858.1432,5889.6706,PENDING_AG03,FALSE,NOT_FOR_ENFORCEMENT,6390.7016,3533200.0204,6656.9809,6390.7016,266.2792,0.00163983,0.00157424,266.2792,6390.7016,0.00157424,266.2792,266.2792,266.2792,0.0000,0.0000,6390.7016,0.00157424,798.8377,767.3102,5858.1432,5889.6706,0.00144305,0.00145082,0.00006559,418.2083,379.7376,0.6869,61.6387,1.8384,37588.4109,89.7407,538.3845,395.5999,218.4789,430.6076,432.5446,432.5446,1046.441,1081.3617,427.0584,0.0,2.43015,2.511246,0.971205,30,216,96,2,0.20383968,0.00163983,-0.01249836,0E-8,0.000000,0.906607,0.000000,0.01775797,2026-03-22,2026-08-06,108,3621,2443,138,0.782609,1.360932,1.287360,0.679466,,,,,,,,GLOBAL_BASELINE_NO_ENTITY_RANKING,,,NOT_APPLICABLE_GLOBAL_BASELINE,HF9g-P5,,,,X 全窗基线 · 不参与实体赏罚,14199819,1420,A168_HF9F_20260827_0900,2026-08-27 09:00:00
2026-07-13,57024343,1994,0,427.0584215921,-427.0584215921,-427.0584215921,0E-7,1,1,0.50665070000000000,0.506650700000,-1.013391052207602,-1.013391052207602,-1.013391052207602,0E-17,ELIGIBLE,R03b_20260811_FULL_v1,L1_ELIGIBILITY,v2026-08-11,2026-03-21..2026-08-06,baccarat_bet02_101_all_pairs_incl_sentinel,round_win = game_pnl > 0 (decisive only),COMPATIBILITY_ONLY_NOT_PRODUCTION,4059548.3812,3680416.6879,6656.9809,9707,9692,-0.00163983,0.01249836,-0.00525961,-0.00163983,-6656.9809,4059548.3812,OK,0.0000,266.2792,4.0000,96.0000,AG03-UNRESOLVED,ALL5_LEVELS_bet23_to_bet27,266.2792,266.2792,266.2792,0.0000,0.0000,4.000000,4.000000,4.000000,0.000000,0.000000,96.000000,96.000000,96.000000,100.000000,100.000000,5.0,798.8377,767.3102,5858.1432,5889.6706,PENDING_AG03,FALSE,NOT_FOR_ENFORCEMENT,6390.7016,3533200.0204,6656.9809,6390.7016,266.2792,0.00163983,0.00157424,266.2792,6390.7016,0.00157424,266.2792,266.2792,266.2792,0.0000,0.0000,6390.7016,0.00157424,798.8377,767.3102,5858.1432,5889.6706,0.00144305,0.00145082,0.00006559,418.2083,379.7376,0.6869,61.6387,1.8384,37588.4109,89.7407,538.3845,395.5999,218.4789,430.6076,432.5446,432.5446,1046.441,1081.3617,427.0584,0.0,2.43015,2.511246,0.971205,30,216,96,2,0.20383968,0.00163983,-0.01249836,0E-8,0.000000,0.906607,0.000000,0.01775797,2026-03-22,2026-08-06,108,3621,2443,138,0.782609,1.360932,1.287360,0.679466,,,,,,,,GLOBAL_BASELINE_NO_ENTITY_RANKING,,,NOT_APPLICABLE_GLOBAL_BASELINE,HF9g-P5,,,,X 全窗基线 · 不参与实体赏罚,14199820,1420,A168_HF9F_20260827_0900,2026-08-27 09:00:00
2026-07-13,57024343,2142,0,854.1168431842,811.4110010250,811.4110010250,1.0000000,2,2,0.50665070000000000,0.506650700000,1.3955260008387969,1.3955260008387969,1.3955260008387969,0E-17,ELIGIBLE,R03b_20260811_FULL_v1,L1_ELIGIBILITY,v2026-08-11,2026-03-21..2026-08-06,baccarat_bet02_101_all_pairs_incl_sentinel,round_win = game_pnl > 0 (decisive only),COMPATIBILITY_ONLY_NOT_PRODUCTION,4059548.3812,3680416.6879,6656.9809,9707,9692,-0.00163983,0.01249836,-0.00525961,-0.00163983,-6656.9809,4059548.3812,OK,0.0000,266.2792,4.0000,96.0000,AG03-UNRESOLVED,ALL5_LEVELS_bet23_to_bet27,266.2792,266.2792,266.2792,0.0000,0.0000,4.000000,4.000000,4.000000,0.000000,0.000000,96.000000,96.000000,96.000000,100.000000,100.000000,5.0,798.8377,767.3102,5858.1432,5889.6706,PENDING_AG03,FALSE,NOT_FOR_ENFORCEMENT,6390.7016,3533200.0204,6656.9809,6390.7016,266.2792,0.00163983,0.00157424,266.2792,6390.7016,0.00157424,266.2792,266.2792,266.2792,0.0000,0.0000,6390.7016,0.00157424,798.8377,767.3102,5858.1432,5889.6706,0.00144305,0.00145082,0.00006559,418.2083,379.7376,0.6869,61.6387,1.8384,37588.4109,89.7407,538.3845,395.5999,218.4789,430.6076,432.5446,432.5446,1046.441,1081.3617,427.0584,0.0,2.43015,2.511246,0.971205,30,216,96,2,0.20383968,0.00163983,-0.01249836,0E-8,0.000000,0.906607,0.000000,0.01775797,2026-03-22,2026-08-06,108,3621,2443,138,0.782609,1.360932,1.287360,0.679466,,,,,,,,GLOBAL_BASELINE_NO_ENTITY_RANKING,,,NOT_APPLICABLE_GLOBAL_BASELINE,HF9g-P5,,,,X 全窗基线 · 不参与实体赏罚,14199821,1420,A168_HF9F_20260827_0900,2026-08-27 09:00:00
2026-07-13,57024343,2246,0,427.0584215921,-427.0584215921,-427.0584215921,0E-7,1,1,0.50665070000000000,0.506650700000,-1.013391052207602,-1.013391052207602,-1.013391052207602,0E-17,ELIGIBLE,R03b_20260811_FULL_v1,L1_ELIGIBILITY,v2026-08-11,2026-03-21..2026-08-06,baccarat_bet02_101_all_pairs_incl_sentinel,round_win = game_pnl > 0 (decisive only),COMPATIBILITY_ONLY_NOT_PRODUCTION,4059548.3812,3680416.6879,6656.9809,9707,9692,-0.00163983,0.01249836,-0.00525961,-0.00163983,-6656.9809,4059548.3812,OK,0.0000,266.2792,4.0000,96.0000,AG03-UNRESOLVED,ALL5_LEVELS_bet23_to_bet27,266.2792,266.2792,266.2792,0.0000,0.0000,4.000000,4.000000,4.000000,0.000000,0.000000,96.000000,96.000000,96.000000,100.000000,100.000000,5.0,798.8377,767.3102,5858.1432,5889.6706,PENDING_AG03,FALSE,NOT_FOR_ENFORCEMENT,6390.7016,3533200.0204,6656.9809,6390.7016,266.2792,0.00163983,0.00157424,266.2792,6390.7016,0.00157424,266.2792,266.2792,266.2792,0.0000,0.0000,6390.7016,0.00157424,798.8377,767.3102,5858.1432,5889.6706,0.00144305,0.00145082,0.00006559,418.2083,379.7376,0.6869,61.6387,1.8384,37588.4109,89.7407,538.3845,395.5999,218.4789,430.6076,432.5446,432.5446,1046.441,1081.3617,427.0584,0.0,2.43015,2.511246,0.971205,30,216,96,2,0.20383968,0.00163983,-0.01249836,0E-8,0.000000,0.906607,0.000000,0.01775797,2026-03-22,2026-08-06,108,3621,2443,138,0.782609,1.360932,1.287360,0.679466,,,,,,,,GLOBAL_BASELINE_NO_ENTITY_RANKING,,,NOT_APPLICABLE_GLOBAL_BASELINE,HF9g-P5,,,,X 全窗基线 · 不参与实体赏罚,14199822,1420,A168_HF9F_20260827_0900,2026-08-27 09:00:00
2026-07-13,57024343,462,0,427.0584215921,405.7055005125,405.7055005125,1.0000000,1,1,0.50665070000000000,0.506650700000,0.9867858985152569,0.9867858985152569,0.9867858985152569,0E-17,ELIGIBLE,R03b_20260811_FULL_v1,L1_ELIGIBILITY,v2026-08-11,2026-03-21..2026-08-06,baccarat_bet02_101_all_pairs_incl_sentinel,round_win = game_pnl > 0 (decisive only),COMPATIBILITY_ONLY_NOT_PRODUCTION,4059548.3812,3680416.6879,6656.9809,9707,9692,-0.00163983,0.01249836,-0.00525961,-0.00163983,-6656.9809,4059548.3812,OK,0.0000,266.2792,4.0000,96.0000,AG03-UNRESOLVED,ALL5_LEVELS_bet23_to_bet27,266.2792,266.2792,266.2792,0.0000,0.0000,4.000000,4.000000,4.000000,0.000000,0.000000,96.000000,96.000000,96.000000,100.000000,100.000000,5.0,798.8377,767.3102,5858.1432,5889.6706,PENDING_AG03,FALSE,NOT_FOR_ENFORCEMENT,6390.7016,3533200.0204,6656.9809,6390.7016,266.2792,0.00163983,0.00157424,266.2792,6390.7016,0.00157424,266.2792,266.2792,266.2792,0.0000,0.0000,6390.7016,0.00157424,798.8377,767.3102,5858.1432,5889.6706,0.00144305,0.00145082,0.00006559,418.2083,379.7376,0.6869,61.6387,1.8384,37588.4109,89.7407,538.3845,395.5999,218.4789,430.6076,432.5446,432.5446,1046.441,1081.3617,427.0584,0.0,2.43015,2.511246,0.971205,30,216,96,2,0.20383968,0.00163983,-0.01249836,0E-8,0.000000,0.906607,0.000000,0.01775797,2026-03-22,2026-08-06,108,3621,2443,138,0.782609,1.360932,1.287360,0.679466,,,,,,,,GLOBAL_BASELINE_NO_ENTITY_RANKING,,,NOT_APPLICABLE_GLOBAL_BASELINE,HF9g-P5,,,,X 全窗基线 · 不参与实体赏罚,14199823,1420,A168_HF9F_20260827_0900,2026-08-27 09:00:00
2026-07-13,57024343,970,0,854.1168431842,-21.3529210796,-21.3529210796,0.5000000,2,2,0.50665070000000000,0.506650700000,-0.018812684590367487,-0.018812684590367487,-0.018812684590367487,0E-17,ELIGIBLE,R03b_20260811_FULL_v1,L1_ELIGIBILITY,v2026-08-11,2026-03-21..2026-08-06,baccarat_bet02_101_all_pairs_incl_sentinel,round_win = game_pnl > 0 (decisive only),COMPATIBILITY_ONLY_NOT_PRODUCTION,4059548.3812,3680416.6879,6656.9809,9707,9692,-0.00163983,0.01249836,-0.00525961,-0.00163983,-6656.9809,4059548.3812,OK,0.0000,266.2792,4.0000,96.0000,AG03-UNRESOLVED,ALL5_LEVELS_bet23_to_bet27,266.2792,266.2792,266.2792,0.0000,0.0000,4.000000,4.000000,4.000000,0.000000,0.000000,96.000000,96.000000,96.000000,100.000000,100.000000,5.0,798.8377,767.3102,5858.1432,5889.6706,PENDING_AG03,FALSE,NOT_FOR_ENFORCEMENT,6390.7016,3533200.0204,6656.9809,6390.7016,266.2792,0.00163983,0.00157424,266.2792,6390.7016,0.00157424,266.2792,266.2792,266.2792,0.0000,0.0000,6390.7016,0.00157424,798.8377,767.3102,5858.1432,5889.6706,0.00144305,0.00145082,0.00006559,418.2083,379.7376,0.6869,61.6387,1.8384,37588.4109,89.7407,538.3845,395.5999,218.4789,430.6076,432.5446,432.5446,1046.441,1081.3617,427.0584,0.0,2.43015,2.511246,0.971205,30,216,96,2,0.20383968,0.00163983,-0.01249836,0E-8,0.000000,0.906607,0.000000,0.01775797,2026-03-22,2026-08-06,108,3621,2443,138,0.782609,1.360932,1.287360,0.679466,,,,,,,,GLOBAL_BASELINE_NO_ENTITY_RANKING,,,NOT_APPLICABLE_GLOBAL_BASELINE,HF9g-P5,,,,X 全窗基线 · 不参与实体赏罚,14199824,1420,A168_HF9F_20260827_0900,2026-08-27 09:00:00
2026-07-15,57024343,-1,1,1708.2336863684,-875.4697642638,-875.4697642638,0.2500000,4,4,0.50665070000000000,0.506650700000,-1.0266936290537745,-1.0266936290537745,-1.0266936290537745,0E-17,SENTINEL_DEALER,R03b_20260811_FULL_v1,L1_ELIGIBILITY,v2026-08-11,2026-03-21..2026-08-06,baccarat_bet02_101_all_pairs_incl_sentinel,round_win = game_pnl > 0 (decisive only),COMPATIBILITY_ONLY_NOT_PRODUCTION,4059548.3812,3680416.6879,6656.9809,9707,9692,-0.00163983,0.01249836,-0.00525961,-0.00163983,-6656.9809,4059548.3812,OK,0.0000,266.2792,4.0000,96.0000,AG03-UNRESOLVED,ALL5_LEVELS_bet23_to_bet27,266.2792,266.2792,266.2792,0.0000,0.0000,4.000000,4.000000,4.000000,0.000000,0.000000,96.000000,96.000000,96.000000,100.000000,100.000000,5.0,798.8377,767.3102,5858.1432,5889.6706,PENDING_AG03,FALSE,NOT_FOR_ENFORCEMENT,6390.7016,3533200.0204,6656.9809,6390.7016,266.2792,0.00163983,0.00157424,266.2792,6390.7016,0.00157424,266.2792,266.2792,266.2792,0.0000,0.0000,6390.7016,0.00157424,798.8377,767.3102,5858.1432,5889.6706,0.00144305,0.00145082,0.00006559,418.2083,379.7376,0.6869,61.6387,1.8384,37588.4109,89.7407,538.3845,395.5999,218.4789,430.6076,432.5446,432.5446,1046.441,1081.3617,427.0584,0.0,2.43015,2.511246,0.971205,30,216,96,2,0.20383968,0.00163983,-0.01249836,0E-8,0.000000,0.906607,0.000000,0.01775797,2026-03-22,2026-08-06,108,3621,2443,138,0.782609,1.360932,1.287360,0.679466,,,,,,,,GLOBAL_BASELINE_NO_ENTITY_RANKING,,,NOT_APPLICABLE_GLOBAL_BASELINE,HF9g-P5,,,,X 全窗基线 · 不参与实体赏罚,14199825,1420,A168_HF9F_20260827_0900,2026-08-27 09:00:00
2026-07-15,57024343,1221,0,427.0584215921,-427.0584215921,-427.0584215921,0E-7,1,1,0.50665070000000000,0.506650700000,-1.013391052207602,-1.013391052207602,-1.013391052207602,0E-17,ELIGIBLE,R03b_20260811_FULL_v1,L1_ELIGIBILITY,v2026-08-11,2026-03-21..2026-08-06,baccarat_bet02_101_all_pairs_incl_sentinel,round_win = game_pnl > 0 (decisive only),COMPATIBILITY_ONLY_NOT_PRODUCTION,4059548.3812,3680416.6879,6656.9809,9707,9692,-0.00163983,0.01249836,-0.00525961,-0.00163983,-6656.9809,4059548.3812,OK,0.0000,266.2792,4.0000,96.0000,AG03-UNRESOLVED,ALL5_LEVELS_bet23_to_bet27,266.2792,266.2792,266.2792,0.0000,0.0000,4.000000,4.000000,4.000000,0.000000,0.000000,96.000000,96.000000,96.000000,100.000000,100.000000,5.0,798.8377,767.3102,5858.1432,5889.6706,PENDING_AG03,FALSE,NOT_FOR_ENFORCEMENT,6390.7016,3533200.0204,6656.9809,6390.7016,266.2792,0.00163983,0.00157424,266.2792,6390.7016,0.00157424,266.2792,266.2792,266.2792,0.0000,0.0000,6390.7016,0.00157424,798.8377,767.3102,5858.1432,5889.6706,0.00144305,0.00145082,0.00006559,418.2083,379.7376,0.6869,61.6387,1.8384,37588.4109,89.7407,538.3845,395.5999,218.4789,430.6076,432.5446,432.5446,1046.441,1081.3617,427.0584,0.0,2.43015,2.511246,0.971205,30,216,96,2,0.20383968,0.00163983,-0.01249836,0E-8,0.000000,0.906607,0.000000,0.01775797,2026-03-22,2026-08-06,108,3621,2443,138,0.782609,1.360932,1.287360,0.679466,,,,,,,,GLOBAL_BASELINE_NO_ENTITY_RANKING,,,NOT_APPLICABLE_GLOBAL_BASELINE,HF9g-P5,,,,X 全窗基线 · 不参与实体赏罚,14199826,1420,A168_HF9F_20260827_0900,2026-08-27 09:00:00
2026-07-15,57024343,1307,0,1281.1752647763,384.3525794329,384.3525794329,0.6666667,3,3,0.50665070000000000,0.506650700000,0.5543606114942035,0.5543606114942035,0.5543606114942035,0E-17,ELIGIBLE,R03b_20260811_FULL_v1,L1_ELIGIBILITY,v2026-08-11,2026-03-21..2026-08-06,baccarat_bet02_101_all_pairs_incl_sentinel,round_win = game_pnl > 0 (decisive only),COMPATIBILITY_ONLY_NOT_PRODUCTION,4059548.3812,3680416.6879,6656.9809,9707,9692,-0.00163983,0.01249836,-0.00525961,-0.00163983,-6656.9809,4059548.3812,OK,0.0000,266.2792,4.0000,96.0000,AG03-UNRESOLVED,ALL5_LEVELS_bet23_to_bet27,266.2792,266.2792,266.2792,0.0000,0.0000,4.000000,4.000000,4.000000,0.000000,0.000000,96.000000,96.000000,96.000000,100.000000,100.000000,5.0,798.8377,767.3102,5858.1432,5889.6706,PENDING_AG03,FALSE,NOT_FOR_ENFORCEMENT,6390.7016,3533200.0204,6656.9809,6390.7016,266.2792,0.00163983,0.00157424,266.2792,6390.7016,0.00157424,266.2792,266.2792,266.2792,0.0000,0.0000,6390.7016,0.00157424,798.8377,767.3102,5858.1432,5889.6706,0.00144305,0.00145082,0.00006559,418.2083,379.7376,0.6869,61.6387,1.8384,37588.4109,89.7407,538.3845,395.5999,218.4789,430.6076,432.5446,432.5446,1046.441,1081.3617,427.0584,0.0,2.43015,2.511246,0.971205,30,216,96,2,0.20383968,0.00163983,-0.01249836,0E-8,0.000000,0.906607,0.000000,0.01775797,2026-03-22,2026-08-06,108,3621,2443,138,0.782609,1.360932,1.287360,0.679466,,,,,,,,GLOBAL_BASELINE_NO_ENTITY_RANKING,,,NOT_APPLICABLE_GLOBAL_BASELINE,HF9g-P5,,,,X 全窗基线 · 不参与实体赏罚,14199827,1420,A168_HF9F_20260827_0900,2026-08-27 09:00:00
2026-07-15,57024343,1331,0,1281.1752647763,384.3525794329,384.3525794329,0.6666667,3,3,0.50665070000000000,0.506650700000,0.5543606114942035,0.5543606114942035,0.5543606114942035,0E-17,ELIGIBLE,R03b_20260811_FULL_v1,L1_ELIGIBILITY,v2026-08-11,2026-03-21..2026-08-06,baccarat_bet02_101_all_pairs_incl_sentinel,round_win = game_pnl > 0 (decisive only),COMPATIBILITY_ONLY_NOT_PRODUCTION,4059548.3812,3680416.6879,6656.9809,9707,9692,-0.00163983,0.01249836,-0.00525961,-0.00163983,-6656.9809,4059548.3812,OK,0.0000,266.2792,4.0000,96.0000,AG03-UNRESOLVED,ALL5_LEVELS_bet23_to_bet27,266.2792,266.2792,266.2792,0.0000,0.0000,4.000000,4.000000,4.000000,0.000000,0.000000,96.000000,96.000000,96.000000,100.000000,100.000000,5.0,798.8377,767.3102,5858.1432,5889.6706,PENDING_AG03,FALSE,NOT_FOR_ENFORCEMENT,6390.7016,3533200.0204,6656.9809,6390.7016,266.2792,0.00163983,0.00157424,266.2792,6390.7016,0.00157424,266.2792,266.2792,266.2792,0.0000,0.0000,6390.7016,0.00157424,798.8377,767.3102,5858.1432,5889.6706,0.00144305,0.00145082,0.00006559,418.2083,379.7376,0.6869,61.6387,1.8384,37588.4109,89.7407,538.3845,395.5999,218.4789,430.6076,432.5446,432.5446,1046.441,1081.3617,427.0584,0.0,2.43015,2.511246,0.971205,30,216,96,2,0.20383968,0.00163983,-0.01249836,0E-8,0.000000,0.906607,0.000000,0.01775797,2026-03-22,2026-08-06,108,3621,2443,138,0.782609,1.360932,1.287360,0.679466,,,,,,,,GLOBAL_BASELINE_NO_ENTITY_RANKING,,,NOT_APPLICABLE_GLOBAL_BASELINE,HF9g-P5,,,,X 全窗基线 · 不参与实体赏罚,14199828,1420,A168_HF9F_20260827_0900,2026-08-27 09:00:00
2026-07-15,57024343,2108,0,1067.6460539802,-1067.6460539802,-1067.6460539802,0E-7,2,2,0.50665070000000000,0.506650700000,-1.4331513700195317,-1.4331513700195317,-1.4331513700195317,0E-17,ELIGIBLE,R03b_20260811_FULL_v1,L1_ELIGIBILITY,v2026-08-11,2026-03-21..2026-08-06,baccarat_bet02_101_all_pairs_incl_sentinel,round_win = game_pnl > 0 (decisive only),COMPATIBILITY_ONLY_NOT_PRODUCTION,4059548.3812,3680416.6879,6656.9809,9707,9692,-0.00163983,0.01249836,-0.00525961,-0.00163983,-6656.9809,4059548.3812,OK,0.0000,266.2792,4.0000,96.0000,AG03-UNRESOLVED,ALL5_LEVELS_bet23_to_bet27,266.2792,266.2792,266.2792,0.0000,0.0000,4.000000,4.000000,4.000000,0.000000,0.000000,96.000000,96.000000,96.000000,100.000000,100.000000,5.0,798.8377,767.3102,5858.1432,5889.6706,PENDING_AG03,FALSE,NOT_FOR_ENFORCEMENT,6390.7016,3533200.0204,6656.9809,6390.7016,266.2792,0.00163983,0.00157424,266.2792,6390.7016,0.00157424,266.2792,266.2792,266.2792,0.0000,0.0000,6390.7016,0.00157424,798.8377,767.3102,5858.1432,5889.6706,0.00144305,0.00145082,0.00006559,418.2083,379.7376,0.6869,61.6387,1.8384,37588.4109,89.7407,538.3845,395.5999,218.4789,430.6076,432.5446,432.5446,1046.441,1081.3617,427.0584,0.0,2.43015,2.511246,0.971205,30,216,96,2,0.20383968,0.00163983,-0.01249836,0E-8,0.000000,0.906607,0.000000,0.01775797,2026-03-22,2026-08-06,108,3621,2443,138,0.782609,1.360932,1.287360,0.679466,,,,,,,,GLOBAL_BASELINE_NO_ENTITY_RANKING,,,NOT_APPLICABLE_GLOBAL_BASELINE,HF9g-P5,,,,X 全窗基线 · 不参与实体赏罚,14199829,1420,A168_HF9F_20260827_0900,2026-08-27 09:00:00
2026-07-15,57024343,2147,0,462.9313290058,0E-10,0E-10,,1,1,0.50665070000000000,0.506650700000,,,,0E-17,NO_DECISIVE_ROUND,R03b_20260811_FULL_v1,L1_ELIGIBILITY,v2026-08-11,2026-03-21..2026-08-06,baccarat_bet02_101_all_pairs_incl_sentinel,round_win = game_pnl > 0 (decisive only),COMPATIBILITY_ONLY_NOT_PRODUCTION,4059548.3812,3680416.6879,6656.9809,9707,9692,-0.00163983,0.01249836,-0.00525961,-0.00163983,-6656.9809,4059548.3812,OK,0.0000,266.2792,4.0000,96.0000,AG03-UNRESOLVED,ALL5_LEVELS_bet23_to_bet27,266.2792,266.2792,266.2792,0.0000,0.0000,4.000000,4.000000,4.000000,0.000000,0.000000,96.000000,96.000000,96.000000,100.000000,100.000000,5.0,798.8377,767.3102,5858.1432,5889.6706,PENDING_AG03,FALSE,NOT_FOR_ENFORCEMENT,6390.7016,3533200.0204,6656.9809,6390.7016,266.2792,0.00163983,0.00157424,266.2792,6390.7016,0.00157424,266.2792,266.2792,266.2792,0.0000,0.0000,6390.7016,0.00157424,798.8377,767.3102,5858.1432,5889.6706,0.00144305,0.00145082,0.00006559,418.2083,379.7376,0.6869,61.6387,1.8384,37588.4109,89.7407,538.3845,395.5999,218.4789,430.6076,432.5446,432.5446,1046.441,1081.3617,427.0584,0.0,2.43015,2.511246,0.971205,30,216,96,2,0.20383968,0.00163983,-0.01249836,0E-8,0.000000,0.906607,0.000000,0.01775797,2026-03-22,2026-08-06,108,3621,2443,138,0.782609,1.360932,1.287360,0.679466,,,,,,,,GLOBAL_BASELINE_NO_ENTITY_RANKING,,,NOT_APPLICABLE_GLOBAL_BASELINE,HF9g-P5,,,,X 全窗基线 · 不参与实体赏罚,14199830,1420,A168_HF9F_20260827_0900,2026-08-27 09:00:00
2026-07-15,57024343,2155,0,1067.6460539802,597.8817902290,597.8817902290,0.6666667,3,3,0.50218230000000000,0.502182300000,0.5697959874915163,0.5697959874915164,0.5697959874915163,0E-17,ELIGIBLE,R03b_20260811_FULL_v1,L1_ELIGIBILITY,v2026-08-11,2026-03-21..2026-08-06,baccarat_bet02_101_all_pairs_incl_sentinel,round_win = game_pnl > 0 (decisive only),COMPATIBILITY_ONLY_NOT_PRODUCTION,4059548.3812,3680416.6879,6656.9809,9707,9692,-0.00163983,0.01249836,-0.00525961,-0.00163983,-6656.9809,4059548.3812,OK,0.0000,266.2792,4.0000,96.0000,AG03-UNRESOLVED,ALL5_LEVELS_bet23_to_bet27,266.2792,266.2792,266.2792,0.0000,0.0000,4.000000,4.000000,4.000000,0.000000,0.000000,96.000000,96.000000,96.000000,100.000000,100.000000,5.0,798.8377,767.3102,5858.1432,5889.6706,PENDING_AG03,FALSE,NOT_FOR_ENFORCEMENT,6390.7016,3533200.0204,6656.9809,6390.7016,266.2792,0.00163983,0.00157424,266.2792,6390.7016,0.00157424,266.2792,266.2792,266.2792,0.0000,0.0000,6390.7016,0.00157424,798.8377,767.3102,5858.1432,5889.6706,0.00144305,0.00145082,0.00006559,418.2083,379.7376,0.6869,61.6387,1.8384,37588.4109,89.7407,538.3845,395.5999,218.4789,430.6076,432.5446,432.5446,1046.441,1081.3617,427.0584,0.0,2.43015,2.511246,0.971205,30,216,96,2,0.20383968,0.00163983,-0.01249836,0E-8,0.000000,0.906607,0.000000,0.01775797,2026-03-22,2026-08-06,108,3621,2443,138,0.782609,1.360932,1.287360,0.679466,,,,,,,,GLOBAL_BASELINE_NO_ENTITY_RANKING,,,NOT_APPLICABLE_GLOBAL_BASELINE,HF9g-P5,,,,X 全窗基线 · 不参与实体赏罚,14199831,1420,A168_HF9F_20260827_0900,2026-08-27 09:00:00
2026-07-15,57024343,2167,0,427.0584215921,405.7055005125,405.7055005125,1.0000000,1,1,0.50665070000000000,0.506650700000,0.9867858985152569,0.9867858985152569,0.9867858985152569,0E-17,ELIGIBLE,R03b_20260811_FULL_v1,L1_ELIGIBILITY,v2026-08-11,2026-03-21..2026-08-06,baccarat_bet02_101_all_pairs_incl_sentinel,round_win = game_pnl > 0 (decisive only),COMPATIBILITY_ONLY_NOT_PRODUCTION,4059548.3812,3680416.6879,6656.9809,9707,9692,-0.00163983,0.01249836,-0.00525961,-0.00163983,-6656.9809,4059548.3812,OK,0.0000,266.2792,4.0000,96.0000,AG03-UNRESOLVED,ALL5_LEVELS_bet23_to_bet27,266.2792,266.2792,266.2792,0.0000,0.0000,4.000000,4.000000,4.000000,0.000000,0.000000,96.000000,96.000000,96.000000,100.000000,100.000000,5.0,798.8377,767.3102,5858.1432,5889.6706,PENDING_AG03,FALSE,NOT_FOR_ENFORCEMENT,6390.7016,3533200.0204,6656.9809,6390.7016,266.2792,0.00163983,0.00157424,266.2792,6390.7016,0.00157424,266.2792,266.2792,266.2792,0.0000,0.0000,6390.7016,0.00157424,798.8377,767.3102,5858.1432,5889.6706,0.00144305,0.00145082,0.00006559,418.2083,379.7376,0.6869,61.6387,1.8384,37588.4109,89.7407,538.3845,395.5999,218.4789,430.6076,432.5446,432.5446,1046.441,1081.3617,427.0584,0.0,2.43015,2.511246,0.971205,30,216,96,2,0.20383968,0.00163983,-0.01249836,0E-8,0.000000,0.906607,0.000000,0.01775797,2026-03-22,2026-08-06,108,3621,2443,138,0.782609,1.360932,1.287360,0.679466,,,,,,,,GLOBAL_BASELINE_NO_ENTITY_RANKING,,,NOT_APPLICABLE_GLOBAL_BASELINE,HF9g-P5,,,,X 全窗基线 · 不参与实体赏罚,14199832,1420,A168_HF9F_20260827_0900,2026-08-27 09:00:00
2026-07-15,57024343,2212,0,1067.6460539802,1014.2637512812,1014.2637512812,1.0000000,2,2,0.50665070000000000,0.506650700000,1.3955260008387969,1.3955260008387969,1.3955260008387969,0E-17,ELIGIBLE,R03b_20260811_FULL_v1,L1_ELIGIBILITY,v2026-08-11,2026-03-21..2026-08-06,baccarat_bet02_101_all_pairs_incl_sentinel,round_win = game_pnl > 0 (decisive only),COMPATIBILITY_ONLY_NOT_PRODUCTION,4059548.3812,3680416.6879,6656.9809,9707,9692,-0.00163983,0.01249836,-0.00525961,-0.00163983,-6656.9809,4059548.3812,OK,0.0000,266.2792,4.0000,96.0000,AG03-UNRESOLVED,ALL5_LEVELS_bet23_to_bet27,266.2792,266.2792,266.2792,0.0000,0.0000,4.000000,4.000000,4.000000,0.000000,0.000000,96.000000,96.000000,96.000000,100.000000,100.000000,5.0,798.8377,767.3102,5858.1432,5889.6706,PENDING_AG03,FALSE,NOT_FOR_ENFORCEMENT,6390.7016,3533200.0204,6656.9809,6390.7016,266.2792,0.00163983,0.00157424,266.2792,6390.7016,0.00157424,266.2792,266.2792,266.2792,0.0000,0.0000,6390.7016,0.00157424,798.8377,767.3102,5858.1432,5889.6706,0.00144305,0.00145082,0.00006559,418.2083,379.7376,0.6869,61.6387,1.8384,37588.4109,89.7407,538.3845,395.5999,218.4789,430.6076,432.5446,432.5446,1046.441,1081.3617,427.0584,0.0,2.43015,2.511246,0.971205,30,216,96,2,0.20383968,0.00163983,-0.01249836,0E-8,0.000000,0.906607,0.000000,0.01775797,2026-03-22,2026-08-06,108,3621,2443,138,0.782609,1.360932,1.287360,0.679466,,,,,,,,GLOBAL_BASELINE_NO_ENTITY_RANKING,,,NOT_APPLICABLE_GLOBAL_BASELINE,HF9g-P5,,,,X 全窗基线 · 不参与实体赏罚,14199833,1420,A168_HF9F_20260827_0900,2026-08-27 09:00:00
2026-07-15,57024343,2224,0,427.0584215921,-427.0584215921,-427.0584215921,0E-7,1,1,0.50665070000000000,0.506650700000,-1.013391052207602,-1.013391052207602,-1.013391052207602,0E-17,ELIGIBLE,R03b_20260811_FULL_v1,L1_ELIGIBILITY,v2026-08-11,2026-03-21..2026-08-06,baccarat_bet02_101_all_pairs_incl_sentinel,round_win = game_pnl > 0 (decisive only),COMPATIBILITY_ONLY_NOT_PRODUCTION,4059548.3812,3680416.6879,6656.9809,9707,9692,-0.00163983,0.01249836,-0.00525961,-0.00163983,-6656.9809,4059548.3812,OK,0.0000,266.2792,4.0000,96.0000,AG03-UNRESOLVED,ALL5_LEVELS_bet23_to_bet27,266.2792,266.2792,266.2792,0.0000,0.0000,4.000000,4.000000,4.000000,0.000000,0.000000,96.000000,96.000000,96.000000,100.000000,100.000000,5.0,798.8377,767.3102,5858.1432,5889.6706,PENDING_AG03,FALSE,NOT_FOR_ENFORCEMENT,6390.7016,3533200.0204,6656.9809,6390.7016,266.2792,0.00163983,0.00157424,266.2792,6390.7016,0.00157424,266.2792,266.2792,266.2792,0.0000,0.0000,6390.7016,0.00157424,798.8377,767.3102,5858.1432,5889.6706,0.00144305,0.00145082,0.00006559,418.2083,379.7376,0.6869,61.6387,1.8384,37588.4109,89.7407,538.3845,395.5999,218.4789,430.6076,432.5446,432.5446,1046.441,1081.3617,427.0584,0.0,2.43015,2.511246,0.971205,30,216,96,2,0.20383968,0.00163983,-0.01249836,0E-8,0.000000,0.906607,0.000000,0.01775797,2026-03-22,2026-08-06,108,3621,2443,138,0.782609,1.360932,1.287360,0.679466,,,,,,,,GLOBAL_BASELINE_NO_ENTITY_RANKING,,,NOT_APPLICABLE_GLOBAL_BASELINE,HF9g-P5,,,,X 全窗基线 · 不参与实体赏罚,14199834,1420,A168_HF9F_20260827_0900,2026-08-27 09:00:00
2026-07-15,57024343,2242,0,213.5292107960,-213.5292107960,-213.5292107960,0E-7,1,1,0.50665070000000000,0.506650700000,-1.013391052207602,-1.013391052207602,-1.013391052207602,0E-17,ELIGIBLE,R03b_20260811_FULL_v1,L1_ELIGIBILITY,v2026-08-11,2026-03-21..2026-08-06,baccarat_bet02_101_all_pairs_incl_sentinel,round_win = game_pnl > 0 (decisive only),COMPATIBILITY_ONLY_NOT_PRODUCTION,4059548.3812,3680416.6879,6656.9809,9707,9692,-0.00163983,0.01249836,-0.00525961,-0.00163983,-6656.9809,4059548.3812,OK,0.0000,266.2792,4.0000,96.0000,AG03-UNRESOLVED,ALL5_LEVELS_bet23_to_bet27,266.2792,266.2792,266.2792,0.0000,0.0000,4.000000,4.000000,4.000000,0.000000,0.000000,96.000000,96.000000,96.000000,100.000000,100.000000,5.0,798.8377,767.3102,5858.1432,5889.6706,PENDING_AG03,FALSE,NOT_FOR_ENFORCEMENT,6390.7016,3533200.0204,6656.9809,6390.7016,266.2792,0.00163983,0.00157424,266.2792,6390.7016,0.00157424,266.2792,266.2792,266.2792,0.0000,0.0000,6390.7016,0.00157424,798.8377,767.3102,5858.1432,5889.6706,0.00144305,0.00145082,0.00006559,418.2083,379.7376,0.6869,61.6387,1.8384,37588.4109,89.7407,538.3845,395.5999,218.4789,430.6076,432.5446,432.5446,1046.441,1081.3617,427.0584,0.0,2.43015,2.511246,0.971205,30,216,96,2,0.20383968,0.00163983,-0.01249836,0E-8,0.000000,0.906607,0.000000,0.01775797,2026-03-22,2026-08-06,108,3621,2443,138,0.782609,1.360932,1.287360,0.679466,,,,,,,,GLOBAL_BASELINE_NO_ENTITY_RANKING,,,NOT_APPLICABLE_GLOBAL_BASELINE,HF9g-P5,,,,X 全窗基线 · 不参与实体赏罚,14199835,1420,A168_HF9F_20260827_0900,2026-08-27 09:00:00
2026-07-15,57024343,2281,0,427.0584215921,-427.0584215921,-427.0584215921,0E-7,1,1,0.50665070000000000,0.506650700000,-1.013391052207602,-1.013391052207602,-1.013391052207602,0E-17,ELIGIBLE,R03b_20260811_FULL_v1,L1_ELIGIBILITY,v2026-08-11,2026-03-21..2026-08-06,baccarat_bet02_101_all_pairs_incl_sentinel,round_win = game_pnl > 0 (decisive only),COMPATIBILITY_ONLY_NOT_PRODUCTION,4059548.3812,3680416.6879,6656.9809,9707,9692,-0.00163983,0.01249836,-0.00525961,-0.00163983,-6656.9809,4059548.3812,OK,0.0000,266.2792,4.0000,96.0000,AG03-UNRESOLVED,ALL5_LEVELS_bet23_to_bet27,266.2792,266.2792,266.2792,0.0000,0.0000,4.000000,4.000000,4.000000,0.000000,0.000000,96.000000,96.000000,96.000000,100.000000,100.000000,5.0,798.8377,767.3102,5858.1432,5889.6706,PENDING_AG03,FALSE,NOT_FOR_ENFORCEMENT,6390.7016,3533200.0204,6656.9809,6390.7016,266.2792,0.00163983,0.00157424,266.2792,6390.7016,0.00157424,266.2792,266.2792,266.2792,0.0000,0.0000,6390.7016,0.00157424,798.8377,767.3102,5858.1432,5889.6706,0.00144305,0.00145082,0.00006559,418.2083,379.7376,0.6869,61.6387,1.8384,37588.4109,89.7407,538.3845,395.5999,218.4789,430.6076,432.5446,432.5446,1046.441,1081.3617,427.0584,0.0,2.43015,2.511246,0.971205,30,216,96,2,0.20383968,0.00163983,-0.01249836,0E-8,0.000000,0.906607,0.000000,0.01775797,2026-03-22,2026-08-06,108,3621,2443,138,0.782609,1.360932,1.287360,0.679466,,,,,,,,GLOBAL_BASELINE_NO_ENTITY_RANKING,,,NOT_APPLICABLE_GLOBAL_BASELINE,HF9g-P5,,,,X 全窗基线 · 不参与实体赏罚,14199836,1420,A168_HF9F_20260827_0900,2026-08-27 09:00:00
2026-07-15,57024343,2288,0,1281.1752647763,1281.1752647763,1281.1752647763,1.0000000,3,3,0.49324550000000000,0.493245500000,1.755609282511032,1.7556092825110319,1.755609282511032,0E-17,ELIGIBLE,R03b_20260811_FULL_v1,L1_ELIGIBILITY,v2026-08-11,2026-03-21..2026-08-06,baccarat_bet02_101_all_pairs_incl_sentinel,round_win = game_pnl > 0 (decisive only),COMPATIBILITY_ONLY_NOT_PRODUCTION,4059548.3812,3680416.6879,6656.9809,9707,9692,-0.00163983,0.01249836,-0.00525961,-0.00163983,-6656.9809,4059548.3812,OK,0.0000,266.2792,4.0000,96.0000,AG03-UNRESOLVED,ALL5_LEVELS_bet23_to_bet27,266.2792,266.2792,266.2792,0.0000,0.0000,4.000000,4.000000,4.000000,0.000000,0.000000,96.000000,96.000000,96.000000,100.000000,100.000000,5.0,798.8377,767.3102,5858.1432,5889.6706,PENDING_AG03,FALSE,NOT_FOR_ENFORCEMENT,6390.7016,3533200.0204,6656.9809,6390.7016,266.2792,0.00163983,0.00157424,266.2792,6390.7016,0.00157424,266.2792,266.2792,266.2792,0.0000,0.0000,6390.7016,0.00157424,798.8377,767.3102,5858.1432,5889.6706,0.00144305,0.00145082,0.00006559,418.2083,379.7376,0.6869,61.6387,1.8384,37588.4109,89.7407,538.3845,395.5999,218.4789,430.6076,432.5446,432.5446,1046.441,1081.3617,427.0584,0.0,2.43015,2.511246,0.971205,30,216,96,2,0.20383968,0.00163983,-0.01249836,0E-8,0.000000,0.906607,0.000000,0.01775797,2026-03-22,2026-08-06,108,3621,2443,138,0.782609,1.360932,1.287360,0.679466,,,,,,,,GLOBAL_BASELINE_NO_ENTITY_RANKING,,,NOT_APPLICABLE_GLOBAL_BASELINE,HF9g-P5,,,,X 全窗基线 · 不参与实体赏罚,14199837,1420,A168_HF9F_20260827_0900,2026-08-27 09:00:00
2026-07-15,57024343,595,0,889.9897505979,-889.9897505979,-889.9897505979,0E-7,2,2,0.50665070000000000,0.506650700000,-1.4331513700195317,-1.4331513700195317,-1.4331513700195317,0E-17,ELIGIBLE,R03b_20260811_FULL_v1,L1_ELIGIBILITY,v2026-08-11,2026-03-21..2026-08-06,baccarat_bet02_101_all_pairs_incl_sentinel,round_win = game_pnl > 0 (decisive only),COMPATIBILITY_ONLY_NOT_PRODUCTION,4059548.3812,3680416.6879,6656.9809,9707,9692,-0.00163983,0.01249836,-0.00525961,-0.00163983,-6656.9809,4059548.3812,OK,0.0000,266.2792,4.0000,96.0000,AG03-UNRESOLVED,ALL5_LEVELS_bet23_to_bet27,266.2792,266.2792,266.2792,0.0000,0.0000,4.000000,4.000000,4.000000,0.000000,0.000000,96.000000,96.000000,96.000000,100.000000,100.000000,5.0,798.8377,767.3102,5858.1432,5889.6706,PENDING_AG03,FALSE,NOT_FOR_ENFORCEMENT,6390.7016,3533200.0204,6656.9809,6390.7016,266.2792,0.00163983,0.00157424,266.2792,6390.7016,0.00157424,266.2792,266.2792,266.2792,0.0000,0.0000,6390.7016,0.00157424,798.8377,767.3102,5858.1432,5889.6706,0.00144305,0.00145082,0.00006559,418.2083,379.7376,0.6869,61.6387,1.8384,37588.4109,89.7407,538.3845,395.5999,218.4789,430.6076,432.5446,432.5446,1046.441,1081.3617,427.0584,0.0,2.43015,2.511246,0.971205,30,216,96,2,0.20383968,0.00163983,-0.01249836,0E-8,0.000000,0.906607,0.000000,0.01775797,2026-03-22,2026-08-06,108,3621,2443,138,0.782609,1.360932,1.287360,0.679466,,,,,,,,GLOBAL_BASELINE_NO_ENTITY_RANKING,,,NOT_APPLICABLE_GLOBAL_BASELINE,HF9g-P5,,,,X 全窗基线 · 不参与实体赏罚,14199838,1420,A168_HF9F_20260827_0900,2026-08-27 09:00:00
2026-07-16,57024343,-1,1,6832.9347454736,-555.1759480697,-555.1759480697,0.4615385,16,16,0.50665070000000000,0.506650700000,-0.3253377596774626,-0.3253377596774626,-0.3253377596774626,0E-17,SENTINEL_DEALER,R03b_20260811_FULL_v1,L1_ELIGIBILITY,v2026-08-11,2026-03-21..2026-08-06,baccarat_bet02_101_all_pairs_incl_sentinel,round_win = game_pnl > 0 (decisive only),COMPATIBILITY_ONLY_NOT_PRODUCTION,4059548.3812,3680416.6879,6656.9809,9707,9692,-0.00163983,0.01249836,-0.00525961,-0.00163983,-6656.9809,4059548.3812,OK,0.0000,266.2792,4.0000,96.0000,AG03-UNRESOLVED,ALL5_LEVELS_bet23_to_bet27,266.2792,266.2792,266.2792,0.0000,0.0000,4.000000,4.000000,4.000000,0.000000,0.000000,96.000000,96.000000,96.000000,100.000000,100.000000,5.0,798.8377,767.3102,5858.1432,5889.6706,PENDING_AG03,FALSE,NOT_FOR_ENFORCEMENT,6390.7016,3533200.0204,6656.9809,6390.7016,266.2792,0.00163983,0.00157424,266.2792,6390.7016,0.00157424,266.2792,266.2792,266.2792,0.0000,0.0000,6390.7016,0.00157424,798.8377,767.3102,5858.1432,5889.6706,0.00144305,0.00145082,0.00006559,418.2083,379.7376,0.6869,61.6387,1.8384,37588.4109,89.7407,538.3845,395.5999,218.4789,430.6076,432.5446,432.5446,1046.441,1081.3617,427.0584,0.0,2.43015,2.511246,0.971205,30,216,96,2,0.20383968,0.00163983,-0.01249836,0E-8,0.000000,0.906607,0.000000,0.01775797,2026-03-22,2026-08-06,108,3621,2443,138,0.782609,1.360932,1.287360,0.679466,,,,,,,,GLOBAL_BASELINE_NO_ENTITY_RANKING,,,NOT_APPLICABLE_GLOBAL_BASELINE,HF9g-P5,,,,X 全窗基线 · 不参与实体赏罚,14199839,1420,A168_HF9F_20260827_0900,2026-08-27 09:00:00
2026-07-16,57024343,1148,0,427.0584215921,-427.0584215921,-427.0584215921,0E-7,1,1,0.50665070000000000,0.506650700000,-1.013391052207602,-1.013391052207602,-1.013391052207602,0E-17,ELIGIBLE,R03b_20260811_FULL_v1,L1_ELIGIBILITY,v2026-08-11,2026-03-21..2026-08-06,baccarat_bet02_101_all_pairs_incl_sentinel,round_win = game_pnl > 0 (decisive only),COMPATIBILITY_ONLY_NOT_PRODUCTION,4059548.3812,3680416.6879,6656.9809,9707,9692,-0.00163983,0.01249836,-0.00525961,-0.00163983,-6656.9809,4059548.3812,OK,0.0000,266.2792,4.0000,96.0000,AG03-UNRESOLVED,ALL5_LEVELS_bet23_to_bet27,266.2792,266.2792,266.2792,0.0000,0.0000,4.000000,4.000000,4.000000,0.000000,0.000000,96.000000,96.000000,96.000000,100.000000,100.000000,5.0,798.8377,767.3102,5858.1432,5889.6706,PENDING_AG03,FALSE,NOT_FOR_ENFORCEMENT,6390.7016,3533200.0204,6656.9809,6390.7016,266.2792,0.00163983,0.00157424,266.2792,6390.7016,0.00157424,266.2792,266.2792,266.2792,0.0000,0.0000,6390.7016,0.00157424,798.8377,767.3102,5858.1432,5889.6706,0.00144305,0.00145082,0.00006559,418.2083,379.7376,0.6869,61.6387,1.8384,37588.4109,89.7407,538.3845,395.5999,218.4789,430.6076,432.5446,432.5446,1046.441,1081.3617,427.0584,0.0,2.43015,2.511246,0.971205,30,216,96,2,0.20383968,0.00163983,-0.01249836,0E-8,0.000000,0.906607,0.000000,0.01775797,2026-03-22,2026-08-06,108,3621,2443,138,0.782609,1.360932,1.287360,0.679466,,,,,,,,GLOBAL_BASELINE_NO_ENTITY_RANKING,,,NOT_APPLICABLE_GLOBAL_BASELINE,HF9g-P5,,,,X 全窗基线 · 不参与实体赏罚,14199840,1420,A168_HF9F_20260827_0900,2026-08-27 09:00:00
2026-07-16,57024343,1205,0,854.1168431842,-854.1168431842,-854.1168431842,0E-7,2,2,0.49994810000000000,0.499948100000,-1.4140667746232096,-1.4140667746232096,-1.4140667746232096,0E-17,ELIGIBLE,R03b_20260811_FULL_v1,L1_ELIGIBILITY,v2026-08-11,2026-03-21..2026-08-06,baccarat_bet02_101_all_pairs_incl_sentinel,round_win = game_pnl > 0 (decisive only),COMPATIBILITY_ONLY_NOT_PRODUCTION,4059548.3812,3680416.6879,6656.9809,9707,9692,-0.00163983,0.01249836,-0.00525961,-0.00163983,-6656.9809,4059548.3812,OK,0.0000,266.2792,4.0000,96.0000,AG03-UNRESOLVED,ALL5_LEVELS_bet23_to_bet27,266.2792,266.2792,266.2792,0.0000,0.0000,4.000000,4.000000,4.000000,0.000000,0.000000,96.000000,96.000000,96.000000,100.000000,100.000000,5.0,798.8377,767.3102,5858.1432,5889.6706,PENDING_AG03,FALSE,NOT_FOR_ENFORCEMENT,6390.7016,3533200.0204,6656.9809,6390.7016,266.2792,0.00163983,0.00157424,266.2792,6390.7016,0.00157424,266.2792,266.2792,266.2792,0.0000,0.0000,6390.7016,0.00157424,798.8377,767.3102,5858.1432,5889.6706,0.00144305,0.00145082,0.00006559,418.2083,379.7376,0.6869,61.6387,1.8384,37588.4109,89.7407,538.3845,395.5999,218.4789,430.6076,432.5446,432.5446,1046.441,1081.3617,427.0584,0.0,2.43015,2.511246,0.971205,30,216,96,2,0.20383968,0.00163983,-0.01249836,0E-8,0.000000,0.906607,0.000000,0.01775797,2026-03-22,2026-08-06,108,3621,2443,138,0.782609,1.360932,1.287360,0.679466,,,,,,,,GLOBAL_BASELINE_NO_ENTITY_RANKING,,,NOT_APPLICABLE_GLOBAL_BASELINE,HF9g-P5,,,,X 全窗基线 · 不参与实体赏罚,14199841,1420,A168_HF9F_20260827_0900,2026-08-27 09:00:00
2026-07-16,57024343,1302,0,427.0584215921,405.7055005125,405.7055005125,1.0000000,1,1,0.50665070000000000,0.506650700000,0.9867858985152569,0.9867858985152569,0.9867858985152569,0E-17,ELIGIBLE,R03b_20260811_FULL_v1,L1_ELIGIBILITY,v2026-08-11,2026-03-21..2026-08-06,baccarat_bet02_101_all_pairs_incl_sentinel,round_win = game_pnl > 0 (decisive only),COMPATIBILITY_ONLY_NOT_PRODUCTION,4059548.3812,3680416.6879,6656.9809,9707,9692,-0.00163983,0.01249836,-0.00525961,-0.00163983,-6656.9809,4059548.3812,OK,0.0000,266.2792,4.0000,96.0000,AG03-UNRESOLVED,ALL5_LEVELS_bet23_to_bet27,266.2792,266.2792,266.2792,0.0000,0.0000,4.000000,4.000000,4.000000,0.000000,0.000000,96.000000,96.000000,96.000000,100.000000,100.000000,5.0,798.8377,767.3102,5858.1432,5889.6706,PENDING_AG03,FALSE,NOT_FOR_ENFORCEMENT,6390.7016,3533200.0204,6656.9809,6390.7016,266.2792,0.00163983,0.00157424,266.2792,6390.7016,0.00157424,266.2792,266.2792,266.2792,0.0000,0.0000,6390.7016,0.00157424,798.8377,767.3102,5858.1432,5889.6706,0.00144305,0.00145082,0.00006559,418.2083,379.7376,0.6869,61.6387,1.8384,37588.4109,89.7407,538.3845,395.5999,218.4789,430.6076,432.5446,432.5446,1046.441,1081.3617,427.0584,0.0,2.43015,2.511246,0.971205,30,216,96,2,0.20383968,0.00163983,-0.01249836,0E-8,0.000000,0.906607,0.000000,0.01775797,2026-03-22,2026-08-06,108,3621,2443,138,0.782609,1.360932,1.287360,0.679466,,,,,,,,GLOBAL_BASELINE_NO_ENTITY_RANKING,,,NOT_APPLICABLE_GLOBAL_BASELINE,HF9g-P5,,,,X 全窗基线 · 不参与实体赏罚,14199842,1420,A168_HF9F_20260827_0900,2026-08-27 09:00:00
2026-07-16,57024343,1304,0,427.0584215921,405.7055005125,405.7055005125,1.0000000,1,1,0.50665070000000000,0.506650700000,0.9867858985152569,0.9867858985152569,0.9867858985152569,0E-17,ELIGIBLE,R03b_20260811_FULL_v1,L1_ELIGIBILITY,v2026-08-11,2026-03-21..2026-08-06,baccarat_bet02_101_all_pairs_incl_sentinel,round_win = game_pnl > 0 (decisive only),COMPATIBILITY_ONLY_NOT_PRODUCTION,4059548.3812,3680416.6879,6656.9809,9707,9692,-0.00163983,0.01249836,-0.00525961,-0.00163983,-6656.9809,4059548.3812,OK,0.0000,266.2792,4.0000,96.0000,AG03-UNRESOLVED,ALL5_LEVELS_bet23_to_bet27,266.2792,266.2792,266.2792,0.0000,0.0000,4.000000,4.000000,4.000000,0.000000,0.000000,96.000000,96.000000,96.000000,100.000000,100.000000,5.0,798.8377,767.3102,5858.1432,5889.6706,PENDING_AG03,FALSE,NOT_FOR_ENFORCEMENT,6390.7016,3533200.0204,6656.9809,6390.7016,266.2792,0.00163983,0.00157424,266.2792,6390.7016,0.00157424,266.2792,266.2792,266.2792,0.0000,0.0000,6390.7016,0.00157424,798.8377,767.3102,5858.1432,5889.6706,0.00144305,0.00145082,0.00006559,418.2083,379.7376,0.6869,61.6387,1.8384,37588.4109,89.7407,538.3845,395.5999,218.4789,430.6076,432.5446,432.5446,1046.441,1081.3617,427.0584,0.0,2.43015,2.511246,0.971205,30,216,96,2,0.20383968,0.00163983,-0.01249836,0E-8,0.000000,0.906607,0.000000,0.01775797,2026-03-22,2026-08-06,108,3621,2443,138,0.782609,1.360932,1.287360,0.679466,,,,,,,,GLOBAL_BASELINE_NO_ENTITY_RANKING,,,NOT_APPLICABLE_GLOBAL_BASELINE,HF9g-P5,,,,X 全窗基线 · 不参与实体赏罚,14199843,1420,A168_HF9F_20260827_0900,2026-08-27 09:00:00
2026-07-16,57024343,1318,0,640.5876323881,608.5582507687,608.5582507687,1.0000000,1,1,0.50665070000000000,0.506650700000,0.9867858985152569,0.9867858985152569,0.9867858985152569,0E-17,ELIGIBLE,R03b_20260811_FULL_v1,L1_ELIGIBILITY,v2026-08-11,2026-03-21..2026-08-06,baccarat_bet02_101_all_pairs_incl_sentinel,round_win = game_pnl > 0 (decisive only),COMPATIBILITY_ONLY_NOT_PRODUCTION,4059548.3812,3680416.6879,6656.9809,9707,9692,-0.00163983,0.01249836,-0.00525961,-0.00163983,-6656.9809,4059548.3812,OK,0.0000,266.2792,4.0000,96.0000,AG03-UNRESOLVED,ALL5_LEVELS_bet23_to_bet27,266.2792,266.2792,266.2792,0.0000,0.0000,4.000000,4.000000,4.000000,0.000000,0.000000,96.000000,96.000000,96.000000,100.000000,100.000000,5.0,798.8377,767.3102,5858.1432,5889.6706,PENDING_AG03,FALSE,NOT_FOR_ENFORCEMENT,6390.7016,3533200.0204,6656.9809,6390.7016,266.2792,0.00163983,0.00157424,266.2792,6390.7016,0.00157424,266.2792,266.2792,266.2792,0.0000,0.0000,6390.7016,0.00157424,798.8377,767.3102,5858.1432,5889.6706,0.00144305,0.00145082,0.00006559,418.2083,379.7376,0.6869,61.6387,1.8384,37588.4109,89.7407,538.3845,395.5999,218.4789,430.6076,432.5446,432.5446,1046.441,1081.3617,427.0584,0.0,2.43015,2.511246,0.971205,30,216,96,2,0.20383968,0.00163983,-0.01249836,0E-8,0.000000,0.906607,0.000000,0.01775797,2026-03-22,2026-08-06,108,3621,2443,138,0.782609,1.360932,1.287360,0.679466,,,,,,,,GLOBAL_BASELINE_NO_ENTITY_RANKING,,,NOT_APPLICABLE_GLOBAL_BASELINE,HF9g-P5,,,,X 全窗基线 · 不参与实体赏罚,14199844,1420,A168_HF9F_20260827_0900,2026-08-27 09:00:00
2026-07-16,57024343,1374,0,640.5876323881,608.5582507687,608.5582507687,1.0000000,1,1,0.50665070000000000,0.506650700000,0.9867858985152569,0.9867858985152569,0.9867858985152569,0E-17,ELIGIBLE,R03b_20260811_FULL_v1,L1_ELIGIBILITY,v2026-08-11,2026-03-21..2026-08-06,baccarat_bet02_101_all_pairs_incl_sentinel,round_win = game_pnl > 0 (decisive only),COMPATIBILITY_ONLY_NOT_PRODUCTION,4059548.3812,3680416.6879,6656.9809,9707,9692,-0.00163983,0.01249836,-0.00525961,-0.00163983,-6656.9809,4059548.3812,OK,0.0000,266.2792,4.0000,96.0000,AG03-UNRESOLVED,ALL5_LEVELS_bet23_to_bet27,266.2792,266.2792,266.2792,0.0000,0.0000,4.000000,4.000000,4.000000,0.000000,0.000000,96.000000,96.000000,96.000000,100.000000,100.000000,5.0,798.8377,767.3102,5858.1432,5889.6706,PENDING_AG03,FALSE,NOT_FOR_ENFORCEMENT,6390.7016,3533200.0204,6656.9809,6390.7016,266.2792,0.00163983,0.00157424,266.2792,6390.7016,0.00157424,266.2792,266.2792,266.2792,0.0000,0.0000,6390.7016,0.00157424,798.8377,767.3102,5858.1432,5889.6706,0.00144305,0.00145082,0.00006559,418.2083,379.7376,0.6869,61.6387,1.8384,37588.4109,89.7407,538.3845,395.5999,218.4789,430.6076,432.5446,432.5446,1046.441,1081.3617,427.0584,0.0,2.43015,2.511246,0.971205,30,216,96,2,0.20383968,0.00163983,-0.01249836,0E-8,0.000000,0.906607,0.000000,0.01775797,2026-03-22,2026-08-06,108,3621,2443,138,0.782609,1.360932,1.287360,0.679466,,,,,,,,GLOBAL_BASELINE_NO_ENTITY_RANKING,,,NOT_APPLICABLE_GLOBAL_BASELINE,HF9g-P5,,,,X 全窗基线 · 不参与实体赏罚,14199845,1420,A168_HF9F_20260827_0900,2026-08-27 09:00:00
2026-07-16,57024343,1384,0,427.0584215921,-427.0584215921,-427.0584215921,0E-7,1,1,0.50665070000000000,0.506650700000,-1.013391052207602,-1.013391052207602,-1.013391052207602,0E-17,ELIGIBLE,R03b_20260811_FULL_v1,L1_ELIGIBILITY,v2026-08-11,2026-03-21..2026-08-06,baccarat_bet02_101_all_pairs_incl_sentinel,round_win = game_pnl > 0 (decisive only),COMPATIBILITY_ONLY_NOT_PRODUCTION,4059548.3812,3680416.6879,6656.9809,9707,9692,-0.00163983,0.01249836,-0.00525961,-0.00163983,-6656.9809,4059548.3812,OK,0.0000,266.2792,4.0000,96.0000,AG03-UNRESOLVED,ALL5_LEVELS_bet23_to_bet27,266.2792,266.2792,266.2792,0.0000,0.0000,4.000000,4.000000,4.000000,0.000000,0.000000,96.000000,96.000000,96.000000,100.000000,100.000000,5.0,798.8377,767.3102,5858.1432,5889.6706,PENDING_AG03,FALSE,NOT_FOR_ENFORCEMENT,6390.7016,3533200.0204,6656.9809,6390.7016,266.2792,0.00163983,0.00157424,266.2792,6390.7016,0.00157424,266.2792,266.2792,266.2792,0.0000,0.0000,6390.7016,0.00157424,798.8377,767.3102,5858.1432,5889.6706,0.00144305,0.00145082,0.00006559,418.2083,379.7376,0.6869,61.6387,1.8384,37588.4109,89.7407,538.3845,395.5999,218.4789,430.6076,432.5446,432.5446,1046.441,1081.3617,427.0584,0.0,2.43015,2.511246,0.971205,30,216,96,2,0.20383968,0.00163983,-0.01249836,0E-8,0.000000,0.906607,0.000000,0.01775797,2026-03-22,2026-08-06,108,3621,2443,138,0.782609,1.360932,1.287360,0.679466,,,,,,,,GLOBAL_BASELINE_NO_ENTITY_RANKING,,,NOT_APPLICABLE_GLOBAL_BASELINE,HF9g-P5,,,,X 全窗基线 · 不参与实体赏罚,14199846,1420,A168_HF9F_20260827_0900,2026-08-27 09:00:00
2026-07-16,57024343,1399,0,427.0584215921,-427.0584215921,-427.0584215921,0E-7,1,1,0.50665070000000000,0.506650700000,-1.013391052207602,-1.013391052207602,-1.013391052207602,0E-17,ELIGIBLE,R03b_20260811_FULL_v1,L1_ELIGIBILITY,v2026-08-11,2026-03-21..2026-08-06,baccarat_bet02_101_all_pairs_incl_sentinel,round_win = game_pnl > 0 (decisive only),COMPATIBILITY_ONLY_NOT_PRODUCTION,4059548.3812,3680416.6879,6656.9809,9707,9692,-0.00163983,0.01249836,-0.00525961,-0.00163983,-6656.9809,4059548.3812,OK,0.0000,266.2792,4.0000,96.0000,AG03-UNRESOLVED,ALL5_LEVELS_bet23_to_bet27,266.2792,266.2792,266.2792,0.0000,0.0000,4.000000,4.000000,4.000000,0.000000,0.000000,96.000000,96.000000,96.000000,100.000000,100.000000,5.0,798.8377,767.3102,5858.1432,5889.6706,PENDING_AG03,FALSE,NOT_FOR_ENFORCEMENT,6390.7016,3533200.0204,6656.9809,6390.7016,266.2792,0.00163983,0.00157424,266.2792,6390.7016,0.00157424,266.2792,266.2792,266.2792,0.0000,0.0000,6390.7016,0.00157424,798.8377,767.3102,5858.1432,5889.6706,0.00144305,0.00145082,0.00006559,418.2083,379.7376,0.6869,61.6387,1.8384,37588.4109,89.7407,538.3845,395.5999,218.4789,430.6076,432.5446,432.5446,1046.441,1081.3617,427.0584,0.0,2.43015,2.511246,0.971205,30,216,96,2,0.20383968,0.00163983,-0.01249836,0E-8,0.000000,0.906607,0.000000,0.01775797,2026-03-22,2026-08-06,108,3621,2443,138,0.782609,1.360932,1.287360,0.679466,,,,,,,,GLOBAL_BASELINE_NO_ENTITY_RANKING,,,NOT_APPLICABLE_GLOBAL_BASELINE,HF9g-P5,,,,X 全窗基线 · 不参与实体赏罚,14199847,1420,A168_HF9F_20260827_0900,2026-08-27 09:00:00
2026-07-16,57024343,1400,0,427.0584215921,-427.0584215921,-427.0584215921,0E-7,1,1,0.50665070000000000,0.506650700000,-1.013391052207602,-1.013391052207602,-1.013391052207602,0E-17,ELIGIBLE,R03b_20260811_FULL_v1,L1_ELIGIBILITY,v2026-08-11,2026-03-21..2026-08-06,baccarat_bet02_101_all_pairs_incl_sentinel,round_win = game_pnl > 0 (decisive only),COMPATIBILITY_ONLY_NOT_PRODUCTION,4059548.3812,3680416.6879,6656.9809,9707,9692,-0.00163983,0.01249836,-0.00525961,-0.00163983,-6656.9809,4059548.3812,OK,0.0000,266.2792,4.0000,96.0000,AG03-UNRESOLVED,ALL5_LEVELS_bet23_to_bet27,266.2792,266.2792,266.2792,0.0000,0.0000,4.000000,4.000000,4.000000,0.000000,0.000000,96.000000,96.000000,96.000000,100.000000,100.000000,5.0,798.8377,767.3102,5858.1432,5889.6706,PENDING_AG03,FALSE,NOT_FOR_ENFORCEMENT,6390.7016,3533200.0204,6656.9809,6390.7016,266.2792,0.00163983,0.00157424,266.2792,6390.7016,0.00157424,266.2792,266.2792,266.2792,0.0000,0.0000,6390.7016,0.00157424,798.8377,767.3102,5858.1432,5889.6706,0.00144305,0.00145082,0.00006559,418.2083,379.7376,0.6869,61.6387,1.8384,37588.4109,89.7407,538.3845,395.5999,218.4789,430.6076,432.5446,432.5446,1046.441,1081.3617,427.0584,0.0,2.43015,2.511246,0.971205,30,216,96,2,0.20383968,0.00163983,-0.01249836,0E-8,0.000000,0.906607,0.000000,0.01775797,2026-03-22,2026-08-06,108,3621,2443,138,0.782609,1.360932,1.287360,0.679466,,,,,,,,GLOBAL_BASELINE_NO_ENTITY_RANKING,,,NOT_APPLICABLE_GLOBAL_BASELINE,HF9g-P5,,,,X 全窗基线 · 不参与实体赏罚,14199848,1420,A168_HF9F_20260827_0900,2026-08-27 09:00:00
2026-07-16,57024343,1485,0,1281.1752647762,-32.0293816194,-32.0293816194,0.5000000,2,2,0.50665070000000000,0.506650700000,-0.018812684590367487,-0.018812684590367487,-0.018812684590367487,0E-17,ELIGIBLE,R03b_20260811_FULL_v1,L1_ELIGIBILITY,v2026-08-11,2026-03-21..2026-08-06,baccarat_bet02_101_all_pairs_incl_sentinel,round_win = game_pnl > 0 (decisive only),COMPATIBILITY_ONLY_NOT_PRODUCTION,4059548.3812,3680416.6879,6656.9809,9707,9692,-0.00163983,0.01249836,-0.00525961,-0.00163983,-6656.9809,4059548.3812,OK,0.0000,266.2792,4.0000,96.0000,AG03-UNRESOLVED,ALL5_LEVELS_bet23_to_bet27,266.2792,266.2792,266.2792,0.0000,0.0000,4.000000,4.000000,4.000000,0.000000,0.000000,96.000000,96.000000,96.000000,100.000000,100.000000,5.0,798.8377,767.3102,5858.1432,5889.6706,PENDING_AG03,FALSE,NOT_FOR_ENFORCEMENT,6390.7016,3533200.0204,6656.9809,6390.7016,266.2792,0.00163983,0.00157424,266.2792,6390.7016,0.00157424,266.2792,266.2792,266.2792,0.0000,0.0000,6390.7016,0.00157424,798.8377,767.3102,5858.1432,5889.6706,0.00144305,0.00145082,0.00006559,418.2083,379.7376,0.6869,61.6387,1.8384,37588.4109,89.7407,538.3845,395.5999,218.4789,430.6076,432.5446,432.5446,1046.441,1081.3617,427.0584,0.0,2.43015,2.511246,0.971205,30,216,96,2,0.20383968,0.00163983,-0.01249836,0E-8,0.000000,0.906607,0.000000,0.01775797,2026-03-22,2026-08-06,108,3621,2443,138,0.782609,1.360932,1.287360,0.679466,,,,,,,,GLOBAL_BASELINE_NO_ENTITY_RANKING,,,NOT_APPLICABLE_GLOBAL_BASELINE,HF9g-P5,,,,X 全窗基线 · 不参与实体赏罚,14199849,1420,A168_HF9F_20260827_0900,2026-08-27 09:00:00
2026-07-16,57024343,1505,0,427.0584215921,405.7055005125,405.7055005125,1.0000000,1,1,0.50665070000000000,0.506650700000,0.9867858985152569,0.9867858985152569,0.9867858985152569,0E-17,ELIGIBLE,R03b_20260811_FULL_v1,L1_ELIGIBILITY,v2026-08-11,2026-03-21..2026-08-06,baccarat_bet02_101_all_pairs_incl_sentinel,round_win = game_pnl > 0 (decisive only),COMPATIBILITY_ONLY_NOT_PRODUCTION,4059548.3812,3680416.6879,6656.9809,9707,9692,-0.00163983,0.01249836,-0.00525961,-0.00163983,-6656.9809,4059548.3812,OK,0.0000,266.2792,4.0000,96.0000,AG03-UNRESOLVED,ALL5_LEVELS_bet23_to_bet27,266.2792,266.2792,266.2792,0.0000,0.0000,4.000000,4.000000,4.000000,0.000000,0.000000,96.000000,96.000000,96.000000,100.000000,100.000000,5.0,798.8377,767.3102,5858.1432,5889.6706,PENDING_AG03,FALSE,NOT_FOR_ENFORCEMENT,6390.7016,3533200.0204,6656.9809,6390.7016,266.2792,0.00163983,0.00157424,266.2792,6390.7016,0.00157424,266.2792,266.2792,266.2792,0.0000,0.0000,6390.7016,0.00157424,798.8377,767.3102,5858.1432,5889.6706,0.00144305,0.00145082,0.00006559,418.2083,379.7376,0.6869,61.6387,1.8384,37588.4109,89.7407,538.3845,395.5999,218.4789,430.6076,432.5446,432.5446,1046.441,1081.3617,427.0584,0.0,2.43015,2.511246,0.971205,30,216,96,2,0.20383968,0.00163983,-0.01249836,0E-8,0.000000,0.906607,0.000000,0.01775797,2026-03-22,2026-08-06,108,3621,2443,138,0.782609,1.360932,1.287360,0.679466,,,,,,,,GLOBAL_BASELINE_NO_ENTITY_RANKING,,,NOT_APPLICABLE_GLOBAL_BASELINE,HF9g-P5,,,,X 全窗基线 · 不参与实体赏罚,14199850,1420,A168_HF9F_20260827_0900,2026-08-27 09:00:00
2026-07-16,57024343,1654,0,427.0584215921,405.7055005125,405.7055005125,1.0000000,1,1,0.50665070000000000,0.506650700000,0.9867858985152569,0.9867858985152569,0.9867858985152569,0E-17,ELIGIBLE,R03b_20260811_FULL_v1,L1_ELIGIBILITY,v2026-08-11,2026-03-21..2026-08-06,baccarat_bet02_101_all_pairs_incl_sentinel,round_win = game_pnl > 0 (decisive only),COMPATIBILITY_ONLY_NOT_PRODUCTION,4059548.3812,3680416.6879,6656.9809,9707,9692,-0.00163983,0.01249836,-0.00525961,-0.00163983,-6656.9809,4059548.3812,OK,0.0000,266.2792,4.0000,96.0000,AG03-UNRESOLVED,ALL5_LEVELS_bet23_to_bet27,266.2792,266.2792,266.2792,0.0000,0.0000,4.000000,4.000000,4.000000,0.000000,0.000000,96.000000,96.000000,96.000000,100.000000,100.000000,5.0,798.8377,767.3102,5858.1432,5889.6706,PENDING_AG03,FALSE,NOT_FOR_ENFORCEMENT,6390.7016,3533200.0204,6656.9809,6390.7016,266.2792,0.00163983,0.00157424,266.2792,6390.7016,0.00157424,266.2792,266.2792,266.2792,0.0000,0.0000,6390.7016,0.00157424,798.8377,767.3102,5858.1432,5889.6706,0.00144305,0.00145082,0.00006559,418.2083,379.7376,0.6869,61.6387,1.8384,37588.4109,89.7407,538.3845,395.5999,218.4789,430.6076,432.5446,432.5446,1046.441,1081.3617,427.0584,0.0,2.43015,2.511246,0.971205,30,216,96,2,0.20383968,0.00163983,-0.01249836,0E-8,0.000000,0.906607,0.000000,0.01775797,2026-03-22,2026-08-06,108,3621,2443,138,0.782609,1.360932,1.287360,0.679466,,,,,,,,GLOBAL_BASELINE_NO_ENTITY_RANKING,,,NOT_APPLICABLE_GLOBAL_BASELINE,HF9g-P5,,,,X 全窗基线 · 不参与实体赏罚,14199851,1420,A168_HF9F_20260827_0900,2026-08-27 09:00:00
2026-07-16,57024343,1951,0,427.0584215921,405.7055005125,405.7055005125,1.0000000,1,1,0.50665070000000000,0.506650700000,0.9867858985152569,0.9867858985152569,0.9867858985152569,0E-17,ELIGIBLE,R03b_20260811_FULL_v1,L1_ELIGIBILITY,v2026-08-11,2026-03-21..2026-08-06,baccarat_bet02_101_all_pairs_incl_sentinel,round_win = game_pnl > 0 (decisive only),COMPATIBILITY_ONLY_NOT_PRODUCTION,4059548.3812,3680416.6879,6656.9809,9707,9692,-0.00163983,0.01249836,-0.00525961,-0.00163983,-6656.9809,4059548.3812,OK,0.0000,266.2792,4.0000,96.0000,AG03-UNRESOLVED,ALL5_LEVELS_bet23_to_bet27,266.2792,266.2792,266.2792,0.0000,0.0000,4.000000,4.000000,4.000000,0.000000,0.000000,96.000000,96.000000,96.000000,100.000000,100.000000,5.0,798.8377,767.3102,5858.1432,5889.6706,PENDING_AG03,FALSE,NOT_FOR_ENFORCEMENT,6390.7016,3533200.0204,6656.9809,6390.7016,266.2792,0.00163983,0.00157424,266.2792,6390.7016,0.00157424,266.2792,266.2792,266.2792,0.0000,0.0000,6390.7016,0.00157424,798.8377,767.3102,5858.1432,5889.6706,0.00144305,0.00145082,0.00006559,418.2083,379.7376,0.6869,61.6387,1.8384,37588.4109,89.7407,538.3845,395.5999,218.4789,430.6076,432.5446,432.5446,1046.441,1081.3617,427.0584,0.0,2.43015,2.511246,0.971205,30,216,96,2,0.20383968,0.00163983,-0.01249836,0E-8,0.000000,0.906607,0.000000,0.01775797,2026-03-22,2026-08-06,108,3621,2443,138,0.782609,1.360932,1.287360,0.679466,,,,,,,,GLOBAL_BASELINE_NO_ENTITY_RANKING,,,NOT_APPLICABLE_GLOBAL_BASELINE,HF9g-P5,,,,X 全窗基线 · 不参与实体赏罚,14199852,1420,A168_HF9F_20260827_0900,2026-08-27 09:00:00
2026-07-16,57024343,1963,0,854.1168431842,811.4110010250,811.4110010250,1.0000000,2,2,0.50665070000000000,0.506650700000,1.3955260008387969,1.3955260008387969,1.3955260008387969,0E-17,ELIGIBLE,R03b_20260811_FULL_v1,L1_ELIGIBILITY,v2026-08-11,2026-03-21..2026-08-06,baccarat_bet02_101_all_pairs_incl_sentinel,round_win = game_pnl > 0 (decisive only),COMPATIBILITY_ONLY_NOT_PRODUCTION,4059548.3812,3680416.6879,6656.9809,9707,9692,-0.00163983,0.01249836,-0.00525961,-0.00163983,-6656.9809,4059548.3812,OK,0.0000,266.2792,4.0000,96.0000,AG03-UNRESOLVED,ALL5_LEVELS_bet23_to_bet27,266.2792,266.2792,266.2792,0.0000,0.0000,4.000000,4.000000,4.000000,0.000000,0.000000,96.000000,96.000000,96.000000,100.000000,100.000000,5.0,798.8377,767.3102,5858.1432,5889.6706,PENDING_AG03,FALSE,NOT_FOR_ENFORCEMENT,6390.7016,3533200.0204,6656.9809,6390.7016,266.2792,0.00163983,0.00157424,266.2792,6390.7016,0.00157424,266.2792,266.2792,266.2792,0.0000,0.0000,6390.7016,0.00157424,798.8377,767.3102,5858.1432,5889.6706,0.00144305,0.00145082,0.00006559,418.2083,379.7376,0.6869,61.6387,1.8384,37588.4109,89.7407,538.3845,395.5999,218.4789,430.6076,432.5446,432.5446,1046.441,1081.3617,427.0584,0.0,2.43015,2.511246,0.971205,30,216,96,2,0.20383968,0.00163983,-0.01249836,0E-8,0.000000,0.906607,0.000000,0.01775797,2026-03-22,2026-08-06,108,3621,2443,138,0.782609,1.360932,1.287360,0.679466,,,,,,,,GLOBAL_BASELINE_NO_ENTITY_RANKING,,,NOT_APPLICABLE_GLOBAL_BASELINE,HF9g-P5,,,,X 全窗基线 · 不参与实体赏罚,14199853,1420,A168_HF9F_20260827_0900,2026-08-27 09:00:00
2026-07-16,57024343,2065,0,1281.1752647763,-854.1168431842,-854.1168431842,0E-7,3,3,0.50665070000000000,0.506650700000,-1.4331513700195317,-1.4331513700195317,-1.4331513700195317,0E-17,ELIGIBLE,R03b_20260811_FULL_v1,L1_ELIGIBILITY,v2026-08-11,2026-03-21..2026-08-06,baccarat_bet02_101_all_pairs_incl_sentinel,round_win = game_pnl > 0 (decisive only),COMPATIBILITY_ONLY_NOT_PRODUCTION,4059548.3812,3680416.6879,6656.9809,9707,9692,-0.00163983,0.01249836,-0.00525961,-0.00163983,-6656.9809,4059548.3812,OK,0.0000,266.2792,4.0000,96.0000,AG03-UNRESOLVED,ALL5_LEVELS_bet23_to_bet27,266.2792,266.2792,266.2792,0.0000,0.0000,4.000000,4.000000,4.000000,0.000000,0.000000,96.000000,96.000000,96.000000,100.000000,100.000000,5.0,798.8377,767.3102,5858.1432,5889.6706,PENDING_AG03,FALSE,NOT_FOR_ENFORCEMENT,6390.7016,3533200.0204,6656.9809,6390.7016,266.2792,0.00163983,0.00157424,266.2792,6390.7016,0.00157424,266.2792,266.2792,266.2792,0.0000,0.0000,6390.7016,0.00157424,798.8377,767.3102,5858.1432,5889.6706,0.00144305,0.00145082,0.00006559,418.2083,379.7376,0.6869,61.6387,1.8384,37588.4109,89.7407,538.3845,395.5999,218.4789,430.6076,432.5446,432.5446,1046.441,1081.3617,427.0584,0.0,2.43015,2.511246,0.971205,30,216,96,2,0.20383968,0.00163983,-0.01249836,0E-8,0.000000,0.906607,0.000000,0.01775797,2026-03-22,2026-08-06,108,3621,2443,138,0.782609,1.360932,1.287360,0.679466,,,,,,,,GLOBAL_BASELINE_NO_ENTITY_RANKING,,,NOT_APPLICABLE_GLOBAL_BASELINE,HF9g-P5,,,,X 全窗基线 · 不参与实体赏罚,14199854,1420,A168_HF9F_20260827_0900,2026-08-27 09:00:00
2026-07-16,57024343,2088,0,1281.1752647763,384.3525794329,384.3525794329,0.6666667,3,3,0.50665070000000000,0.506650700000,0.5543606114942035,0.5543606114942035,0.5543606114942035,0E-17,ELIGIBLE,R03b_20260811_FULL_v1,L1_ELIGIBILITY,v2026-08-11,2026-03-21..2026-08-06,baccarat_bet02_101_all_pairs_incl_sentinel,round_win = game_pnl > 0 (decisive only),COMPATIBILITY_ONLY_NOT_PRODUCTION,4059548.3812,3680416.6879,6656.9809,9707,9692,-0.00163983,0.01249836,-0.00525961,-0.00163983,-6656.9809,4059548.3812,OK,0.0000,266.2792,4.0000,96.0000,AG03-UNRESOLVED,ALL5_LEVELS_bet23_to_bet27,266.2792,266.2792,266.2792,0.0000,0.0000,4.000000,4.000000,4.000000,0.000000,0.000000,96.000000,96.000000,96.000000,100.000000,100.000000,5.0,798.8377,767.3102,5858.1432,5889.6706,PENDING_AG03,FALSE,NOT_FOR_ENFORCEMENT,6390.7016,3533200.0204,6656.9809,6390.7016,266.2792,0.00163983,0.00157424,266.2792,6390.7016,0.00157424,266.2792,266.2792,266.2792,0.0000,0.0000,6390.7016,0.00157424,798.8377,767.3102,5858.1432,5889.6706,0.00144305,0.00145082,0.00006559,418.2083,379.7376,0.6869,61.6387,1.8384,37588.4109,89.7407,538.3845,395.5999,218.4789,430.6076,432.5446,432.5446,1046.441,1081.3617,427.0584,0.0,2.43015,2.511246,0.971205,30,216,96,2,0.20383968,0.00163983,-0.01249836,0E-8,0.000000,0.906607,0.000000,0.01775797,2026-03-22,2026-08-06,108,3621,2443,138,0.782609,1.360932,1.287360,0.679466,,,,,,,,GLOBAL_BASELINE_NO_ENTITY_RANKING,,,NOT_APPLICABLE_GLOBAL_BASELINE,HF9g-P5,,,,X 全窗基线 · 不参与实体赏罚,14199855,1420,A168_HF9F_20260827_0900,2026-08-27 09:00:00
2026-07-16,57024343,2103,0,427.0584215921,405.7055005125,405.7055005125,1.0000000,1,1,0.50665070000000000,0.506650700000,0.9867858985152569,0.9867858985152569,0.9867858985152569,0E-17,ELIGIBLE,R03b_20260811_FULL_v1,L1_ELIGIBILITY,v2026-08-11,2026-03-21..2026-08-06,baccarat_bet02_101_all_pairs_incl_sentinel,round_win = game_pnl > 0 (decisive only),COMPATIBILITY_ONLY_NOT_PRODUCTION,4059548.3812,3680416.6879,6656.9809,9707,9692,-0.00163983,0.01249836,-0.00525961,-0.00163983,-6656.9809,4059548.3812,OK,0.0000,266.2792,4.0000,96.0000,AG03-UNRESOLVED,ALL5_LEVELS_bet23_to_bet27,266.2792,266.2792,266.2792,0.0000,0.0000,4.000000,4.000000,4.000000,0.000000,0.000000,96.000000,96.000000,96.000000,100.000000,100.000000,5.0,798.8377,767.3102,5858.1432,5889.6706,PENDING_AG03,FALSE,NOT_FOR_ENFORCEMENT,6390.7016,3533200.0204,6656.9809,6390.7016,266.2792,0.00163983,0.00157424,266.2792,6390.7016,0.00157424,266.2792,266.2792,266.2792,0.0000,0.0000,6390.7016,0.00157424,798.8377,767.3102,5858.1432,5889.6706,0.00144305,0.00145082,0.00006559,418.2083,379.7376,0.6869,61.6387,1.8384,37588.4109,89.7407,538.3845,395.5999,218.4789,430.6076,432.5446,432.5446,1046.441,1081.3617,427.0584,0.0,2.43015,2.511246,0.971205,30,216,96,2,0.20383968,0.00163983,-0.01249836,0E-8,0.000000,0.906607,0.000000,0.01775797,2026-03-22,2026-08-06,108,3621,2443,138,0.782609,1.360932,1.287360,0.679466,,,,,,,,GLOBAL_BASELINE_NO_ENTITY_RANKING,,,NOT_APPLICABLE_GLOBAL_BASELINE,HF9g-P5,,,,X 全窗基线 · 不参与实体赏罚,14199856,1420,A168_HF9F_20260827_0900,2026-08-27 09:00:00
2026-07-16,57024343,2123,0,427.0584215921,-427.0584215921,-427.0584215921,0E-7,1,1,0.50665070000000000,0.506650700000,-1.013391052207602,-1.013391052207602,-1.013391052207602,0E-17,ELIGIBLE,R03b_20260811_FULL_v1,L1_ELIGIBILITY,v2026-08-11,2026-03-21..2026-08-06,baccarat_bet02_101_all_pairs_incl_sentinel,round_win = game_pnl > 0 (decisive only),COMPATIBILITY_ONLY_NOT_PRODUCTION,4059548.3812,3680416.6879,6656.9809,9707,9692,-0.00163983,0.01249836,-0.00525961,-0.00163983,-6656.9809,4059548.3812,OK,0.0000,266.2792,4.0000,96.0000,AG03-UNRESOLVED,ALL5_LEVELS_bet23_to_bet27,266.2792,266.2792,266.2792,0.0000,0.0000,4.000000,4.000000,4.000000,0.000000,0.000000,96.000000,96.000000,96.000000,100.000000,100.000000,5.0,798.8377,767.3102,5858.1432,5889.6706,PENDING_AG03,FALSE,NOT_FOR_ENFORCEMENT,6390.7016,3533200.0204,6656.9809,6390.7016,266.2792,0.00163983,0.00157424,266.2792,6390.7016,0.00157424,266.2792,266.2792,266.2792,0.0000,0.0000,6390.7016,0.00157424,798.8377,767.3102,5858.1432,5889.6706,0.00144305,0.00145082,0.00006559,418.2083,379.7376,0.6869,61.6387,1.8384,37588.4109,89.7407,538.3845,395.5999,218.4789,430.6076,432.5446,432.5446,1046.441,1081.3617,427.0584,0.0,2.43015,2.511246,0.971205,30,216,96,2,0.20383968,0.00163983,-0.01249836,0E-8,0.000000,0.906607,0.000000,0.01775797,2026-03-22,2026-08-06,108,3621,2443,138,0.782609,1.360932,1.287360,0.679466,,,,,,,,GLOBAL_BASELINE_NO_ENTITY_RANKING,,,NOT_APPLICABLE_GLOBAL_BASELINE,HF9g-P5,,,,X 全窗基线 · 不参与实体赏罚,14199857,1420,A168_HF9F_20260827_0900,2026-08-27 09:00:00
2026-07-16,57024343,2145,0,427.0584215921,-427.0584215921,-427.0584215921,0E-7,1,1,0.50665070000000000,0.506650700000,-1.013391052207602,-1.013391052207602,-1.013391052207602,0E-17,ELIGIBLE,R03b_20260811_FULL_v1,L1_ELIGIBILITY,v2026-08-11,2026-03-21..2026-08-06,baccarat_bet02_101_all_pairs_incl_sentinel,round_win = game_pnl > 0 (decisive only),COMPATIBILITY_ONLY_NOT_PRODUCTION,4059548.3812,3680416.6879,6656.9809,9707,9692,-0.00163983,0.01249836,-0.00525961,-0.00163983,-6656.9809,4059548.3812,OK,0.0000,266.2792,4.0000,96.0000,AG03-UNRESOLVED,ALL5_LEVELS_bet23_to_bet27,266.2792,266.2792,266.2792,0.0000,0.0000,4.000000,4.000000,4.000000,0.000000,0.000000,96.000000,96.000000,96.000000,100.000000,100.000000,5.0,798.8377,767.3102,5858.1432,5889.6706,PENDING_AG03,FALSE,NOT_FOR_ENFORCEMENT,6390.7016,3533200.0204,6656.9809,6390.7016,266.2792,0.00163983,0.00157424,266.2792,6390.7016,0.00157424,266.2792,266.2792,266.2792,0.0000,0.0000,6390.7016,0.00157424,798.8377,767.3102,5858.1432,5889.6706,0.00144305,0.00145082,0.00006559,418.2083,379.7376,0.6869,61.6387,1.8384,37588.4109,89.7407,538.3845,395.5999,218.4789,430.6076,432.5446,432.5446,1046.441,1081.3617,427.0584,0.0,2.43015,2.511246,0.971205,30,216,96,2,0.20383968,0.00163983,-0.01249836,0E-8,0.000000,0.906607,0.000000,0.01775797,2026-03-22,2026-08-06,108,3621,2443,138,0.782609,1.360932,1.287360,0.679466,,,,,,,,GLOBAL_BASELINE_NO_ENTITY_RANKING,,,NOT_APPLICABLE_GLOBAL_BASELINE,HF9g-P5,,,,X 全窗基线 · 不参与实体赏罚,14199858,1420,A168_HF9F_20260827_0900,2026-08-27 09:00:00
2026-07-16,57024343,2147,0,854.1168431842,811.4110010250,811.4110010250,1.0000000,2,2,0.50665070000000000,0.506650700000,1.3955260008387969,1.3955260008387969,1.3955260008387969,0E-17,ELIGIBLE,R03b_20260811_FULL_v1,L1_ELIGIBILITY,v2026-08-11,2026-03-21..2026-08-06,baccarat_bet02_101_all_pairs_incl_sentinel,round_win = game_pnl > 0 (decisive only),COMPATIBILITY_ONLY_NOT_PRODUCTION,4059548.3812,3680416.6879,6656.9809,9707,9692,-0.00163983,0.01249836,-0.00525961,-0.00163983,-6656.9809,4059548.3812,OK,0.0000,266.2792,4.0000,96.0000,AG03-UNRESOLVED,ALL5_LEVELS_bet23_to_bet27,266.2792,266.2792,266.2792,0.0000,0.0000,4.000000,4.000000,4.000000,0.000000,0.000000,96.000000,96.000000,96.000000,100.000000,100.000000,5.0,798.8377,767.3102,5858.1432,5889.6706,PENDING_AG03,FALSE,NOT_FOR_ENFORCEMENT,6390.7016,3533200.0204,6656.9809,6390.7016,266.2792,0.00163983,0.00157424,266.2792,6390.7016,0.00157424,266.2792,266.2792,266.2792,0.0000,0.0000,6390.7016,0.00157424,798.8377,767.3102,5858.1432,5889.6706,0.00144305,0.00145082,0.00006559,418.2083,379.7376,0.6869,61.6387,1.8384,37588.4109,89.7407,538.3845,395.5999,218.4789,430.6076,432.5446,432.5446,1046.441,1081.3617,427.0584,0.0,2.43015,2.511246,0.971205,30,216,96,2,0.20383968,0.00163983,-0.01249836,0E-8,0.000000,0.906607,0.000000,0.01775797,2026-03-22,2026-08-06,108,3621,2443,138,0.782609,1.360932,1.287360,0.679466,,,,,,,,GLOBAL_BASELINE_NO_ENTITY_RANKING,,,NOT_APPLICABLE_GLOBAL_BASELINE,HF9g-P5,,,,X 全窗基线 · 不参与实体赏罚,14199859,1420,A168_HF9F_20260827_0900,2026-08-27 09:00:00
2026-07-16,57024343,2155,0,427.0584215921,-427.0584215921,-427.0584215921,0E-7,1,1,0.50665070000000000,0.506650700000,-1.013391052207602,-1.013391052207602,-1.013391052207602,0E-17,ELIGIBLE,R03b_20260811_FULL_v1,L1_ELIGIBILITY,v2026-08-11,2026-03-21..2026-08-06,baccarat_bet02_101_all_pairs_incl_sentinel,round_win = game_pnl > 0 (decisive only),COMPATIBILITY_ONLY_NOT_PRODUCTION,4059548.3812,3680416.6879,6656.9809,9707,9692,-0.00163983,0.01249836,-0.00525961,-0.00163983,-6656.9809,4059548.3812,OK,0.0000,266.2792,4.0000,96.0000,AG03-UNRESOLVED,ALL5_LEVELS_bet23_to_bet27,266.2792,266.2792,266.2792,0.0000,0.0000,4.000000,4.000000,4.000000,0.000000,0.000000,96.000000,96.000000,96.000000,100.000000,100.000000,5.0,798.8377,767.3102,5858.1432,5889.6706,PENDING_AG03,FALSE,NOT_FOR_ENFORCEMENT,6390.7016,3533200.0204,6656.9809,6390.7016,266.2792,0.00163983,0.00157424,266.2792,6390.7016,0.00157424,266.2792,266.2792,266.2792,0.0000,0.0000,6390.7016,0.00157424,798.8377,767.3102,5858.1432,5889.6706,0.00144305,0.00145082,0.00006559,418.2083,379.7376,0.6869,61.6387,1.8384,37588.4109,89.7407,538.3845,395.5999,218.4789,430.6076,432.5446,432.5446,1046.441,1081.3617,427.0584,0.0,2.43015,2.511246,0.971205,30,216,96,2,0.20383968,0.00163983,-0.01249836,0E-8,0.000000,0.906607,0.000000,0.01775797,2026-03-22,2026-08-06,108,3621,2443,138,0.782609,1.360932,1.287360,0.679466,,,,,,,,GLOBAL_BASELINE_NO_ENTITY_RANKING,,,NOT_APPLICABLE_GLOBAL_BASELINE,HF9g-P5,,,,X 全窗基线 · 不参与实体赏罚,14199860,1420,A168_HF9F_20260827_0900,2026-08-27 09:00:00
2026-07-16,57024343,2160,0,427.0584215921,405.7055005125,405.7055005125,1.0000000,1,1,0.50665070000000000,0.506650700000,0.9867858985152569,0.9867858985152569,0.9867858985152569,0E-17,ELIGIBLE,R03b_20260811_FULL_v1,L1_ELIGIBILITY,v2026-08-11,2026-03-21..2026-08-06,baccarat_bet02_101_all_pairs_incl_sentinel,round_win = game_pnl > 0 (decisive only),COMPATIBILITY_ONLY_NOT_PRODUCTION,4059548.3812,3680416.6879,6656.9809,9707,9692,-0.00163983,0.01249836,-0.00525961,-0.00163983,-6656.9809,4059548.3812,OK,0.0000,266.2792,4.0000,96.0000,AG03-UNRESOLVED,ALL5_LEVELS_bet23_to_bet27,266.2792,266.2792,266.2792,0.0000,0.0000,4.000000,4.000000,4.000000,0.000000,0.000000,96.000000,96.000000,96.000000,100.000000,100.000000,5.0,798.8377,767.3102,5858.1432,5889.6706,PENDING_AG03,FALSE,NOT_FOR_ENFORCEMENT,6390.7016,3533200.0204,6656.9809,6390.7016,266.2792,0.00163983,0.00157424,266.2792,6390.7016,0.00157424,266.2792,266.2792,266.2792,0.0000,0.0000,6390.7016,0.00157424,798.8377,767.3102,5858.1432,5889.6706,0.00144305,0.00145082,0.00006559,418.2083,379.7376,0.6869,61.6387,1.8384,37588.4109,89.7407,538.3845,395.5999,218.4789,430.6076,432.5446,432.5446,1046.441,1081.3617,427.0584,0.0,2.43015,2.511246,0.971205,30,216,96,2,0.20383968,0.00163983,-0.01249836,0E-8,0.000000,0.906607,0.000000,0.01775797,2026-03-22,2026-08-06,108,3621,2443,138,0.782609,1.360932,1.287360,0.679466,,,,,,,,GLOBAL_BASELINE_NO_ENTITY_RANKING,,,NOT_APPLICABLE_GLOBAL_BASELINE,HF9g-P5,,,,X 全窗基线 · 不参与实体赏罚,14199861,1420,A168_HF9F_20260827_0900,2026-08-27 09:00:00
2026-07-16,57024343,2201,0,427.0584215921,427.0584215921,427.0584215921,1.0000000,1,1,0.49324550000000000,0.493245500000,1.01360149184955,1.01360149184955,1.01360149184955,0E-17,ELIGIBLE,R03b_20260811_FULL_v1,L1_ELIGIBILITY,v2026-08-11,2026-03-21..2026-08-06,baccarat_bet02_101_all_pairs_incl_sentinel,round_win = game_pnl > 0 (decisive only),COMPATIBILITY_ONLY_NOT_PRODUCTION,4059548.3812,3680416.6879,6656.9809,9707,9692,-0.00163983,0.01249836,-0.00525961,-0.00163983,-6656.9809,4059548.3812,OK,0.0000,266.2792,4.0000,96.0000,AG03-UNRESOLVED,ALL5_LEVELS_bet23_to_bet27,266.2792,266.2792,266.2792,0.0000,0.0000,4.000000,4.000000,4.000000,0.000000,0.000000,96.000000,96.000000,96.000000,100.000000,100.000000,5.0,798.8377,767.3102,5858.1432,5889.6706,PENDING_AG03,FALSE,NOT_FOR_ENFORCEMENT,6390.7016,3533200.0204,6656.9809,6390.7016,266.2792,0.00163983,0.00157424,266.2792,6390.7016,0.00157424,266.2792,266.2792,266.2792,0.0000,0.0000,6390.7016,0.00157424,798.8377,767.3102,5858.1432,5889.6706,0.00144305,0.00145082,0.00006559,418.2083,379.7376,0.6869,61.6387,1.8384,37588.4109,89.7407,538.3845,395.5999,218.4789,430.6076,432.5446,432.5446,1046.441,1081.3617,427.0584,0.0,2.43015,2.511246,0.971205,30,216,96,2,0.20383968,0.00163983,-0.01249836,0E-8,0.000000,0.906607,0.000000,0.01775797,2026-03-22,2026-08-06,108,3621,2443,138,0.782609,1.360932,1.287360,0.679466,,,,,,,,GLOBAL_BASELINE_NO_ENTITY_RANKING,,,NOT_APPLICABLE_GLOBAL_BASELINE,HF9g-P5,,,,X 全窗基线 · 不参与实体赏罚,14199862,1420,A168_HF9F_20260827_0900,2026-08-27 09:00:00
2026-07-16,57024343,2221,0,427.0584215921,-427.0584215921,-427.0584215921,0E-7,1,1,0.50665070000000000,0.506650700000,-1.013391052207602,-1.013391052207602,-1.013391052207602,0E-17,ELIGIBLE,R03b_20260811_FULL_v1,L1_ELIGIBILITY,v2026-08-11,2026-03-21..2026-08-06,baccarat_bet02_101_all_pairs_incl_sentinel,round_win = game_pnl > 0 (decisive only),COMPATIBILITY_ONLY_NOT_PRODUCTION,4059548.3812,3680416.6879,6656.9809,9707,9692,-0.00163983,0.01249836,-0.00525961,-0.00163983,-6656.9809,4059548.3812,OK,0.0000,266.2792,4.0000,96.0000,AG03-UNRESOLVED,ALL5_LEVELS_bet23_to_bet27,266.2792,266.2792,266.2792,0.0000,0.0000,4.000000,4.000000,4.000000,0.000000,0.000000,96.000000,96.000000,96.000000,100.000000,100.000000,5.0,798.8377,767.3102,5858.1432,5889.6706,PENDING_AG03,FALSE,NOT_FOR_ENFORCEMENT,6390.7016,3533200.0204,6656.9809,6390.7016,266.2792,0.00163983,0.00157424,266.2792,6390.7016,0.00157424,266.2792,266.2792,266.2792,0.0000,0.0000,6390.7016,0.00157424,798.8377,767.3102,5858.1432,5889.6706,0.00144305,0.00145082,0.00006559,418.2083,379.7376,0.6869,61.6387,1.8384,37588.4109,89.7407,538.3845,395.5999,218.4789,430.6076,432.5446,432.5446,1046.441,1081.3617,427.0584,0.0,2.43015,2.511246,0.971205,30,216,96,2,0.20383968,0.00163983,-0.01249836,0E-8,0.000000,0.906607,0.000000,0.01775797,2026-03-22,2026-08-06,108,3621,2443,138,0.782609,1.360932,1.287360,0.679466,,,,,,,,GLOBAL_BASELINE_NO_ENTITY_RANKING,,,NOT_APPLICABLE_GLOBAL_BASELINE,HF9g-P5,,,,X 全窗基线 · 不参与实体赏罚,14199863,1420,A168_HF9F_20260827_0900,2026-08-27 09:00:00
2026-07-16,57024343,2222,0,427.0584215921,-427.0584215921,-427.0584215921,0E-7,1,1,0.50665070000000000,0.506650700000,-1.013391052207602,-1.013391052207602,-1.013391052207602,0E-17,ELIGIBLE,R03b_20260811_FULL_v1,L1_ELIGIBILITY,v2026-08-11,2026-03-21..2026-08-06,baccarat_bet02_101_all_pairs_incl_sentinel,round_win = game_pnl > 0 (decisive only),COMPATIBILITY_ONLY_NOT_PRODUCTION,4059548.3812,3680416.6879,6656.9809,9707,9692,-0.00163983,0.01249836,-0.00525961,-0.00163983,-6656.9809,4059548.3812,OK,0.0000,266.2792,4.0000,96.0000,AG03-UNRESOLVED,ALL5_LEVELS_bet23_to_bet27,266.2792,266.2792,266.2792,0.0000,0.0000,4.000000,4.000000,4.000000,0.000000,0.000000,96.000000,96.000000,96.000000,100.000000,100.000000,5.0,798.8377,767.3102,5858.1432,5889.6706,PENDING_AG03,FALSE,NOT_FOR_ENFORCEMENT,6390.7016,3533200.0204,6656.9809,6390.7016,266.2792,0.00163983,0.00157424,266.2792,6390.7016,0.00157424,266.2792,266.2792,266.2792,0.0000,0.0000,6390.7016,0.00157424,798.8377,767.3102,5858.1432,5889.6706,0.00144305,0.00145082,0.00006559,418.2083,379.7376,0.6869,61.6387,1.8384,37588.4109,89.7407,538.3845,395.5999,218.4789,430.6076,432.5446,432.5446,1046.441,1081.3617,427.0584,0.0,2.43015,2.511246,0.971205,30,216,96,2,0.20383968,0.00163983,-0.01249836,0E-8,0.000000,0.906607,0.000000,0.01775797,2026-03-22,2026-08-06,108,3621,2443,138,0.782609,1.360932,1.287360,0.679466,,,,,,,,GLOBAL_BASELINE_NO_ENTITY_RANKING,,,NOT_APPLICABLE_GLOBAL_BASELINE,HF9g-P5,,,,X 全窗基线 · 不参与实体赏罚,14199864,1420,A168_HF9F_20260827_0900,2026-08-27 09:00:00
2026-07-16,57024343,2224,0,427.0584215921,405.7055005125,405.7055005125,1.0000000,1,1,0.50665070000000000,0.506650700000,0.9867858985152569,0.9867858985152569,0.9867858985152569,0E-17,ELIGIBLE,R03b_20260811_FULL_v1,L1_ELIGIBILITY,v2026-08-11,2026-03-21..2026-08-06,baccarat_bet02_101_all_pairs_incl_sentinel,round_win = game_pnl > 0 (decisive only),COMPATIBILITY_ONLY_NOT_PRODUCTION,4059548.3812,3680416.6879,6656.9809,9707,9692,-0.00163983,0.01249836,-0.00525961,-0.00163983,-6656.9809,4059548.3812,OK,0.0000,266.2792,4.0000,96.0000,AG03-UNRESOLVED,ALL5_LEVELS_bet23_to_bet27,266.2792,266.2792,266.2792,0.0000,0.0000,4.000000,4.000000,4.000000,0.000000,0.000000,96.000000,96.000000,96.000000,100.000000,100.000000,5.0,798.8377,767.3102,5858.1432,5889.6706,PENDING_AG03,FALSE,NOT_FOR_ENFORCEMENT,6390.7016,3533200.0204,6656.9809,6390.7016,266.2792,0.00163983,0.00157424,266.2792,6390.7016,0.00157424,266.2792,266.2792,266.2792,0.0000,0.0000,6390.7016,0.00157424,798.8377,767.3102,5858.1432,5889.6706,0.00144305,0.00145082,0.00006559,418.2083,379.7376,0.6869,61.6387,1.8384,37588.4109,89.7407,538.3845,395.5999,218.4789,430.6076,432.5446,432.5446,1046.441,1081.3617,427.0584,0.0,2.43015,2.511246,0.971205,30,216,96,2,0.20383968,0.00163983,-0.01249836,0E-8,0.000000,0.906607,0.000000,0.01775797,2026-03-22,2026-08-06,108,3621,2443,138,0.782609,1.360932,1.287360,0.679466,,,,,,,,GLOBAL_BASELINE_NO_ENTITY_RANKING,,,NOT_APPLICABLE_GLOBAL_BASELINE,HF9g-P5,,,,X 全窗基线 · 不参与实体赏罚,14199865,1420,A168_HF9F_20260827_0900,2026-08-27 09:00:00
2026-07-16,57024343,2239,0,427.0584215921,405.7055005125,405.7055005125,1.0000000,1,1,0.50665070000000000,0.506650700000,0.9867858985152569,0.9867858985152569,0.9867858985152569,0E-17,ELIGIBLE,R03b_20260811_FULL_v1,L1_ELIGIBILITY,v2026-08-11,2026-03-21..2026-08-06,baccarat_bet02_101_all_pairs_incl_sentinel,round_win = game_pnl > 0 (decisive only),COMPATIBILITY_ONLY_NOT_PRODUCTION,4059548.3812,3680416.6879,6656.9809,9707,9692,-0.00163983,0.01249836,-0.00525961,-0.00163983,-6656.9809,4059548.3812,OK,0.0000,266.2792,4.0000,96.0000,AG03-UNRESOLVED,ALL5_LEVELS_bet23_to_bet27,266.2792,266.2792,266.2792,0.0000,0.0000,4.000000,4.000000,4.000000,0.000000,0.000000,96.000000,96.000000,96.000000,100.000000,100.000000,5.0,798.8377,767.3102,5858.1432,5889.6706,PENDING_AG03,FALSE,NOT_FOR_ENFORCEMENT,6390.7016,3533200.0204,6656.9809,6390.7016,266.2792,0.00163983,0.00157424,266.2792,6390.7016,0.00157424,266.2792,266.2792,266.2792,0.0000,0.0000,6390.7016,0.00157424,798.8377,767.3102,5858.1432,5889.6706,0.00144305,0.00145082,0.00006559,418.2083,379.7376,0.6869,61.6387,1.8384,37588.4109,89.7407,538.3845,395.5999,218.4789,430.6076,432.5446,432.5446,1046.441,1081.3617,427.0584,0.0,2.43015,2.511246,0.971205,30,216,96,2,0.20383968,0.00163983,-0.01249836,0E-8,0.000000,0.906607,0.000000,0.01775797,2026-03-22,2026-08-06,108,3621,2443,138,0.782609,1.360932,1.287360,0.679466,,,,,,,,GLOBAL_BASELINE_NO_ENTITY_RANKING,,,NOT_APPLICABLE_GLOBAL_BASELINE,HF9g-P5,,,,X 全窗基线 · 不参与实体赏罚,14199866,1420,A168_HF9F_20260827_0900,2026-08-27 09:00:00
2026-07-16,57024343,2242,0,427.0584215921,-427.0584215921,-427.0584215921,0E-7,1,1,0.50665070000000000,0.506650700000,-1.013391052207602,-1.013391052207602,-1.013391052207602,0E-17,ELIGIBLE,R03b_20260811_FULL_v1,L1_ELIGIBILITY,v2026-08-11,2026-03-21..2026-08-06,baccarat_bet02_101_all_pairs_incl_sentinel,round_win = game_pnl > 0 (decisive only),COMPATIBILITY_ONLY_NOT_PRODUCTION,4059548.3812,3680416.6879,6656.9809,9707,9692,-0.00163983,0.01249836,-0.00525961,-0.00163983,-6656.9809,4059548.3812,OK,0.0000,266.2792,4.0000,96.0000,AG03-UNRESOLVED,ALL5_LEVELS_bet23_to_bet27,266.2792,266.2792,266.2792,0.0000,0.0000,4.000000,4.000000,4.000000,0.000000,0.000000,96.000000,96.000000,96.000000,100.000000,100.000000,5.0,798.8377,767.3102,5858.1432,5889.6706,PENDING_AG03,FALSE,NOT_FOR_ENFORCEMENT,6390.7016,3533200.0204,6656.9809,6390.7016,266.2792,0.00163983,0.00157424,266.2792,6390.7016,0.00157424,266.2792,266.2792,266.2792,0.0000,0.0000,6390.7016,0.00157424,798.8377,767.3102,5858.1432,5889.6706,0.00144305,0.00145082,0.00006559,418.2083,379.7376,0.6869,61.6387,1.8384,37588.4109,89.7407,538.3845,395.5999,218.4789,430.6076,432.5446,432.5446,1046.441,1081.3617,427.0584,0.0,2.43015,2.511246,0.971205,30,216,96,2,0.20383968,0.00163983,-0.01249836,0E-8,0.000000,0.906607,0.000000,0.01775797,2026-03-22,2026-08-06,108,3621,2443,138,0.782609,1.360932,1.287360,0.679466,,,,,,,,GLOBAL_BASELINE_NO_ENTITY_RANKING,,,NOT_APPLICABLE_GLOBAL_BASELINE,HF9g-P5,,,,X 全窗基线 · 不参与实体赏罚,14199867,1420,A168_HF9F_20260827_0900,2026-08-27 09:00:00
2026-07-16,57024343,2258,0,854.1168431842,-854.1168431842,-854.1168431842,0E-7,2,2,0.49994810000000000,0.499948100000,-1.4140667746232096,-1.4140667746232096,-1.4140667746232096,0E-17,ELIGIBLE,R03b_20260811_FULL_v1,L1_ELIGIBILITY,v2026-08-11,2026-03-21..2026-08-06,baccarat_bet02_101_all_pairs_incl_sentinel,round_win = game_pnl > 0 (decisive only),COMPATIBILITY_ONLY_NOT_PRODUCTION,4059548.3812,3680416.6879,6656.9809,9707,9692,-0.00163983,0.01249836,-0.00525961,-0.00163983,-6656.9809,4059548.3812,OK,0.0000,266.2792,4.0000,96.0000,AG03-UNRESOLVED,ALL5_LEVELS_bet23_to_bet27,266.2792,266.2792,266.2792,0.0000,0.0000,4.000000,4.000000,4.000000,0.000000,0.000000,96.000000,96.000000,96.000000,100.000000,100.000000,5.0,798.8377,767.3102,5858.1432,5889.6706,PENDING_AG03,FALSE,NOT_FOR_ENFORCEMENT,6390.7016,3533200.0204,6656.9809,6390.7016,266.2792,0.00163983,0.00157424,266.2792,6390.7016,0.00157424,266.2792,266.2792,266.2792,0.0000,0.0000,6390.7016,0.00157424,798.8377,767.3102,5858.1432,5889.6706,0.00144305,0.00145082,0.00006559,418.2083,379.7376,0.6869,61.6387,1.8384,37588.4109,89.7407,538.3845,395.5999,218.4789,430.6076,432.5446,432.5446,1046.441,1081.3617,427.0584,0.0,2.43015,2.511246,0.971205,30,216,96,2,0.20383968,0.00163983,-0.01249836,0E-8,0.000000,0.906607,0.000000,0.01775797,2026-03-22,2026-08-06,108,3621,2443,138,0.782609,1.360932,1.287360,0.679466,,,,,,,,GLOBAL_BASELINE_NO_ENTITY_RANKING,,,NOT_APPLICABLE_GLOBAL_BASELINE,HF9g-P5,,,,X 全窗基线 · 不参与实体赏罚,14199868,1420,A168_HF9F_20260827_0900,2026-08-27 09:00:00
2026-07-16,57024343,2271,0,854.1168431842,-854.1168431842,-854.1168431842,0E-7,2,2,0.50665070000000000,0.506650700000,-1.4331513700195317,-1.4331513700195317,-1.4331513700195317,0E-17,ELIGIBLE,R03b_20260811_FULL_v1,L1_ELIGIBILITY,v2026-08-11,2026-03-21..2026-08-06,baccarat_bet02_101_all_pairs_incl_sentinel,round_win = game_pnl > 0 (decisive only),COMPATIBILITY_ONLY_NOT_PRODUCTION,4059548.3812,3680416.6879,6656.9809,9707,9692,-0.00163983,0.01249836,-0.00525961,-0.00163983,-6656.9809,4059548.3812,OK,0.0000,266.2792,4.0000,96.0000,AG03-UNRESOLVED,ALL5_LEVELS_bet23_to_bet27,266.2792,266.2792,266.2792,0.0000,0.0000,4.000000,4.000000,4.000000,0.000000,0.000000,96.000000,96.000000,96.000000,100.000000,100.000000,5.0,798.8377,767.3102,5858.1432,5889.6706,PENDING_AG03,FALSE,NOT_FOR_ENFORCEMENT,6390.7016,3533200.0204,6656.9809,6390.7016,266.2792,0.00163983,0.00157424,266.2792,6390.7016,0.00157424,266.2792,266.2792,266.2792,0.0000,0.0000,6390.7016,0.00157424,798.8377,767.3102,5858.1432,5889.6706,0.00144305,0.00145082,0.00006559,418.2083,379.7376,0.6869,61.6387,1.8384,37588.4109,89.7407,538.3845,395.5999,218.4789,430.6076,432.5446,432.5446,1046.441,1081.3617,427.0584,0.0,2.43015,2.511246,0.971205,30,216,96,2,0.20383968,0.00163983,-0.01249836,0E-8,0.000000,0.906607,0.000000,0.01775797,2026-03-22,2026-08-06,108,3621,2443,138,0.782609,1.360932,1.287360,0.679466,,,,,,,,GLOBAL_BASELINE_NO_ENTITY_RANKING,,,NOT_APPLICABLE_GLOBAL_BASELINE,HF9g-P5,,,,X 全窗基线 · 不参与实体赏罚,14199869,1420,A168_HF9F_20260827_0900,2026-08-27 09:00:00
2026-07-16,57024343,2287,0,427.0584215921,-427.0584215921,-427.0584215921,0E-7,1,1,0.50665070000000000,0.506650700000,-1.013391052207602,-1.013391052207602,-1.013391052207602,0E-17,ELIGIBLE,R03b_20260811_FULL_v1,L1_ELIGIBILITY,v2026-08-11,2026-03-21..2026-08-06,baccarat_bet02_101_all_pairs_incl_sentinel,round_win = game_pnl > 0 (decisive only),COMPATIBILITY_ONLY_NOT_PRODUCTION,4059548.3812,3680416.6879,6656.9809,9707,9692,-0.00163983,0.01249836,-0.00525961,-0.00163983,-6656.9809,4059548.3812,OK,0.0000,266.2792,4.0000,96.0000,AG03-UNRESOLVED,ALL5_LEVELS_bet23_to_bet27,266.2792,266.2792,266.2792,0.0000,0.0000,4.000000,4.000000,4.000000,0.000000,0.000000,96.000000,96.000000,96.000000,100.000000,100.000000,5.0,798.8377,767.3102,5858.1432,5889.6706,PENDING_AG03,FALSE,NOT_FOR_ENFORCEMENT,6390.7016,3533200.0204,6656.9809,6390.7016,266.2792,0.00163983,0.00157424,266.2792,6390.7016,0.00157424,266.2792,266.2792,266.2792,0.0000,0.0000,6390.7016,0.00157424,798.8377,767.3102,5858.1432,5889.6706,0.00144305,0.00145082,0.00006559,418.2083,379.7376,0.6869,61.6387,1.8384,37588.4109,89.7407,538.3845,395.5999,218.4789,430.6076,432.5446,432.5446,1046.441,1081.3617,427.0584,0.0,2.43015,2.511246,0.971205,30,216,96,2,0.20383968,0.00163983,-0.01249836,0E-8,0.000000,0.906607,0.000000,0.01775797,2026-03-22,2026-08-06,108,3621,2443,138,0.782609,1.360932,1.287360,0.679466,,,,,,,,GLOBAL_BASELINE_NO_ENTITY_RANKING,,,NOT_APPLICABLE_GLOBAL_BASELINE,HF9g-P5,,,,X 全窗基线 · 不参与实体赏罚,14199870,1420,A168_HF9F_20260827_0900,2026-08-27 09:00:00
2026-07-16,57024343,2288,0,427.0584215921,-427.0584215921,-427.0584215921,0E-7,1,1,0.50665070000000000,0.506650700000,-1.013391052207602,-1.013391052207602,-1.013391052207602,0E-17,ELIGIBLE,R03b_20260811_FULL_v1,L1_ELIGIBILITY,v2026-08-11,2026-03-21..2026-08-06,baccarat_bet02_101_all_pairs_incl_sentinel,round_win = game_pnl > 0 (decisive only),COMPATIBILITY_ONLY_NOT_PRODUCTION,4059548.3812,3680416.6879,6656.9809,9707,9692,-0.00163983,0.01249836,-0.00525961,-0.00163983,-6656.9809,4059548.3812,OK,0.0000,266.2792,4.0000,96.0000,AG03-UNRESOLVED,ALL5_LEVELS_bet23_to_bet27,266.2792,266.2792,266.2792,0.0000,0.0000,4.000000,4.000000,4.000000,0.000000,0.000000,96.000000,96.000000,96.000000,100.000000,100.000000,5.0,798.8377,767.3102,5858.1432,5889.6706,PENDING_AG03,FALSE,NOT_FOR_ENFORCEMENT,6390.7016,3533200.0204,6656.9809,6390.7016,266.2792,0.00163983,0.00157424,266.2792,6390.7016,0.00157424,266.2792,266.2792,266.2792,0.0000,0.0000,6390.7016,0.00157424,798.8377,767.3102,5858.1432,5889.6706,0.00144305,0.00145082,0.00006559,418.2083,379.7376,0.6869,61.6387,1.8384,37588.4109,89.7407,538.3845,395.5999,218.4789,430.6076,432.5446,432.5446,1046.441,1081.3617,427.0584,0.0,2.43015,2.511246,0.971205,30,216,96,2,0.20383968,0.00163983,-0.01249836,0E-8,0.000000,0.906607,0.000000,0.01775797,2026-03-22,2026-08-06,108,3621,2443,138,0.782609,1.360932,1.287360,0.679466,,,,,,,,GLOBAL_BASELINE_NO_ENTITY_RANKING,,,NOT_APPLICABLE_GLOBAL_BASELINE,HF9g-P5,,,,X 全窗基线 · 不参与实体赏罚,14199871,1420,A168_HF9F_20260827_0900,2026-08-27 09:00:00
2026-07-16,57024343,529,0,427.0584215921,405.7055005125,405.7055005125,1.0000000,1,1,0.50665070000000000,0.506650700000,0.9867858985152569,0.9867858985152569,0.9867858985152569,0E-17,ELIGIBLE,R03b_20260811_FULL_v1,L1_ELIGIBILITY,v2026-08-11,2026-03-21..2026-08-06,baccarat_bet02_101_all_pairs_incl_sentinel,round_win = game_pnl > 0 (decisive only),COMPATIBILITY_ONLY_NOT_PRODUCTION,4059548.3812,3680416.6879,6656.9809,9707,9692,-0.00163983,0.01249836,-0.00525961,-0.00163983,-6656.9809,4059548.3812,OK,0.0000,266.2792,4.0000,96.0000,AG03-UNRESOLVED,ALL5_LEVELS_bet23_to_bet27,266.2792,266.2792,266.2792,0.0000,0.0000,4.000000,4.000000,4.000000,0.000000,0.000000,96.000000,96.000000,96.000000,100.000000,100.000000,5.0,798.8377,767.3102,5858.1432,5889.6706,PENDING_AG03,FALSE,NOT_FOR_ENFORCEMENT,6390.7016,3533200.0204,6656.9809,6390.7016,266.2792,0.00163983,0.00157424,266.2792,6390.7016,0.00157424,266.2792,266.2792,266.2792,0.0000,0.0000,6390.7016,0.00157424,798.8377,767.3102,5858.1432,5889.6706,0.00144305,0.00145082,0.00006559,418.2083,379.7376,0.6869,61.6387,1.8384,37588.4109,89.7407,538.3845,395.5999,218.4789,430.6076,432.5446,432.5446,1046.441,1081.3617,427.0584,0.0,2.43015,2.511246,0.971205,30,216,96,2,0.20383968,0.00163983,-0.01249836,0E-8,0.000000,0.906607,0.000000,0.01775797,2026-03-22,2026-08-06,108,3621,2443,138,0.782609,1.360932,1.287360,0.679466,,,,,,,,GLOBAL_BASELINE_NO_ENTITY_RANKING,,,NOT_APPLICABLE_GLOBAL_BASELINE,HF9g-P5,,,,X 全窗基线 · 不参与实体赏罚,14199872,1420,A168_HF9F_20260827_0900,2026-08-27 09:00:00
2026-07-16,57024343,595,0,427.0584215921,-427.0584215921,-427.0584215921,0E-7,1,1,0.50665070000000000,0.506650700000,-1.013391052207602,-1.013391052207602,-1.013391052207602,0E-17,ELIGIBLE,R03b_20260811_FULL_v1,L1_ELIGIBILITY,v2026-08-11,2026-03-21..2026-08-06,baccarat_bet02_101_all_pairs_incl_sentinel,round_win = game_pnl > 0 (decisive only),COMPATIBILITY_ONLY_NOT_PRODUCTION,4059548.3812,3680416.6879,6656.9809,9707,9692,-0.00163983,0.01249836,-0.00525961,-0.00163983,-6656.9809,4059548.3812,OK,0.0000,266.2792,4.0000,96.0000,AG03-UNRESOLVED,ALL5_LEVELS_bet23_to_bet27,266.2792,266.2792,266.2792,0.0000,0.0000,4.000000,4.000000,4.000000,0.000000,0.000000,96.000000,96.000000,96.000000,100.000000,100.000000,5.0,798.8377,767.3102,5858.1432,5889.6706,PENDING_AG03,FALSE,NOT_FOR_ENFORCEMENT,6390.7016,3533200.0204,6656.9809,6390.7016,266.2792,0.00163983,0.00157424,266.2792,6390.7016,0.00157424,266.2792,266.2792,266.2792,0.0000,0.0000,6390.7016,0.00157424,798.8377,767.3102,5858.1432,5889.6706,0.00144305,0.00145082,0.00006559,418.2083,379.7376,0.6869,61.6387,1.8384,37588.4109,89.7407,538.3845,395.5999,218.4789,430.6076,432.5446,432.5446,1046.441,1081.3617,427.0584,0.0,2.43015,2.511246,0.971205,30,216,96,2,0.20383968,0.00163983,-0.01249836,0E-8,0.000000,0.906607,0.000000,0.01775797,2026-03-22,2026-08-06,108,3621,2443,138,0.782609,1.360932,1.287360,0.679466,,,,,,,,GLOBAL_BASELINE_NO_ENTITY_RANKING,,,NOT_APPLICABLE_GLOBAL_BASELINE,HF9g-P5,,,,X 全窗基线 · 不参与实体赏罚,14199873,1420,A168_HF9F_20260827_0900,2026-08-27 09:00:00
2026-07-16,57024343,772,0,427.0584215921,405.7055005125,405.7055005125,1.0000000,1,1,0.50665070000000000,0.506650700000,0.9867858985152569,0.9867858985152569,0.9867858985152569,0E-17,ELIGIBLE,R03b_20260811_FULL_v1,L1_ELIGIBILITY,v2026-08-11,2026-03-21..2026-08-06,baccarat_bet02_101_all_pairs_incl_sentinel,round_win = game_pnl > 0 (decisive only),COMPATIBILITY_ONLY_NOT_PRODUCTION,4059548.3812,3680416.6879,6656.9809,9707,9692,-0.00163983,0.01249836,-0.00525961,-0.00163983,-6656.9809,4059548.3812,OK,0.0000,266.2792,4.0000,96.0000,AG03-UNRESOLVED,ALL5_LEVELS_bet23_to_bet27,266.2792,266.2792,266.2792,0.0000,0.0000,4.000000,4.000000,4.000000,0.000000,0.000000,96.000000,96.000000,96.000000,100.000000,100.000000,5.0,798.8377,767.3102,5858.1432,5889.6706,PENDING_AG03,FALSE,NOT_FOR_ENFORCEMENT,6390.7016,3533200.0204,6656.9809,6390.7016,266.2792,0.00163983,0.00157424,266.2792,6390.7016,0.00157424,266.2792,266.2792,266.2792,0.0000,0.0000,6390.7016,0.00157424,798.8377,767.3102,5858.1432,5889.6706,0.00144305,0.00145082,0.00006559,418.2083,379.7376,0.6869,61.6387,1.8384,37588.4109,89.7407,538.3845,395.5999,218.4789,430.6076,432.5446,432.5446,1046.441,1081.3617,427.0584,0.0,2.43015,2.511246,0.971205,30,216,96,2,0.20383968,0.00163983,-0.01249836,0E-8,0.000000,0.906607,0.000000,0.01775797,2026-03-22,2026-08-06,108,3621,2443,138,0.782609,1.360932,1.287360,0.679466,,,,,,,,GLOBAL_BASELINE_NO_ENTITY_RANKING,,,NOT_APPLICABLE_GLOBAL_BASELINE,HF9g-P5,,,,X 全窗基线 · 不参与实体赏罚,14199874,1420,A168_HF9F_20260827_0900,2026-08-27 09:00:00
2026-07-16,57024343,919,0,427.0584215921,405.7055005125,405.7055005125,1.0000000,1,1,0.50665070000000000,0.506650700000,0.9867858985152569,0.9867858985152569,0.9867858985152569,0E-17,ELIGIBLE,R03b_20260811_FULL_v1,L1_ELIGIBILITY,v2026-08-11,2026-03-21..2026-08-06,baccarat_bet02_101_all_pairs_incl_sentinel,round_win = game_pnl > 0 (decisive only),COMPATIBILITY_ONLY_NOT_PRODUCTION,4059548.3812,3680416.6879,6656.9809,9707,9692,-0.00163983,0.01249836,-0.00525961,-0.00163983,-6656.9809,4059548.3812,OK,0.0000,266.2792,4.0000,96.0000,AG03-UNRESOLVED,ALL5_LEVELS_bet23_to_bet27,266.2792,266.2792,266.2792,0.0000,0.0000,4.000000,4.000000,4.000000,0.000000,0.000000,96.000000,96.000000,96.000000,100.000000,100.000000,5.0,798.8377,767.3102,5858.1432,5889.6706,PENDING_AG03,FALSE,NOT_FOR_ENFORCEMENT,6390.7016,3533200.0204,6656.9809,6390.7016,266.2792,0.00163983,0.00157424,266.2792,6390.7016,0.00157424,266.2792,266.2792,266.2792,0.0000,0.0000,6390.7016,0.00157424,798.8377,767.3102,5858.1432,5889.6706,0.00144305,0.00145082,0.00006559,418.2083,379.7376,0.6869,61.6387,1.8384,37588.4109,89.7407,538.3845,395.5999,218.4789,430.6076,432.5446,432.5446,1046.441,1081.3617,427.0584,0.0,2.43015,2.511246,0.971205,30,216,96,2,0.20383968,0.00163983,-0.01249836,0E-8,0.000000,0.906607,0.000000,0.01775797,2026-03-22,2026-08-06,108,3621,2443,138,0.782609,1.360932,1.287360,0.679466,,,,,,,,GLOBAL_BASELINE_NO_ENTITY_RANKING,,,NOT_APPLICABLE_GLOBAL_BASELINE,HF9g-P5,,,,X 全窗基线 · 不参与实体赏罚,14199875,1420,A168_HF9F_20260827_0900,2026-08-27 09:00:00
2026-07-16,57024343,994,0,640.5876323881,-640.5876323881,-640.5876323881,0E-7,1,1,0.50665070000000000,0.506650700000,-1.013391052207602,-1.013391052207602,-1.013391052207602,0E-17,ELIGIBLE,R03b_20260811_FULL_v1,L1_ELIGIBILITY,v2026-08-11,2026-03-21..2026-08-06,baccarat_bet02_101_all_pairs_incl_sentinel,round_win = game_pnl > 0 (decisive only),COMPATIBILITY_ONLY_NOT_PRODUCTION,4059548.3812,3680416.6879,6656.9809,9707,9692,-0.00163983,0.01249836,-0.00525961,-0.00163983,-6656.9809,4059548.3812,OK,0.0000,266.2792,4.0000,96.0000,AG03-UNRESOLVED,ALL5_LEVELS_bet23_to_bet27,266.2792,266.2792,266.2792,0.0000,0.0000,4.000000,4.000000,4.000000,0.000000,0.000000,96.000000,96.000000,96.000000,100.000000,100.000000,5.0,798.8377,767.3102,5858.1432,5889.6706,PENDING_AG03,FALSE,NOT_FOR_ENFORCEMENT,6390.7016,3533200.0204,6656.9809,6390.7016,266.2792,0.00163983,0.00157424,266.2792,6390.7016,0.00157424,266.2792,266.2792,266.2792,0.0000,0.0000,6390.7016,0.00157424,798.8377,767.3102,5858.1432,5889.6706,0.00144305,0.00145082,0.00006559,418.2083,379.7376,0.6869,61.6387,1.8384,37588.4109,89.7407,538.3845,395.5999,218.4789,430.6076,432.5446,432.5446,1046.441,1081.3617,427.0584,0.0,2.43015,2.511246,0.971205,30,216,96,2,0.20383968,0.00163983,-0.01249836,0E-8,0.000000,0.906607,0.000000,0.01775797,2026-03-22,2026-08-06,108,3621,2443,138,0.782609,1.360932,1.287360,0.679466,,,,,,,,GLOBAL_BASELINE_NO_ENTITY_RANKING,,,NOT_APPLICABLE_GLOBAL_BASELINE,HF9g-P5,,,,X 全窗基线 · 不参与实体赏罚,14199876,1420,A168_HF9F_20260827_0900,2026-08-27 09:00:00
2026-07-18,57024343,-1,1,12811.7526477629,128.1175264778,128.1175264778,0.5384615,29,29,0.50665070000000000,0.506650700000,0.3244368742485438,0.3244368742485438,0.3244368742485438,0E-17,SENTINEL_DEALER,R03b_20260811_FULL_v1,L1_ELIGIBILITY,v2026-08-11,2026-03-21..2026-08-06,baccarat_bet02_101_all_pairs_incl_sentinel,round_win = game_pnl > 0 (decisive only),COMPATIBILITY_ONLY_NOT_PRODUCTION,4059548.3812,3680416.6879,6656.9809,9707,9692,-0.00163983,0.01249836,-0.00525961,-0.00163983,-6656.9809,4059548.3812,OK,0.0000,266.2792,4.0000,96.0000,AG03-UNRESOLVED,ALL5_LEVELS_bet23_to_bet27,266.2792,266.2792,266.2792,0.0000,0.0000,4.000000,4.000000,4.000000,0.000000,0.000000,96.000000,96.000000,96.000000,100.000000,100.000000,5.0,798.8377,767.3102,5858.1432,5889.6706,PENDING_AG03,FALSE,NOT_FOR_ENFORCEMENT,6390.7016,3533200.0204,6656.9809,6390.7016,266.2792,0.00163983,0.00157424,266.2792,6390.7016,0.00157424,266.2792,266.2792,266.2792,0.0000,0.0000,6390.7016,0.00157424,798.8377,767.3102,5858.1432,5889.6706,0.00144305,0.00145082,0.00006559,418.2083,379.7376,0.6869,61.6387,1.8384,37588.4109,89.7407,538.3845,395.5999,218.4789,430.6076,432.5446,432.5446,1046.441,1081.3617,427.0584,0.0,2.43015,2.511246,0.971205,30,216,96,2,0.20383968,0.00163983,-0.01249836,0E-8,0.000000,0.906607,0.000000,0.01775797,2026-03-22,2026-08-06,108,3621,2443,138,0.782609,1.360932,1.287360,0.679466,,,,,,,,GLOBAL_BASELINE_NO_ENTITY_RANKING,,,NOT_APPLICABLE_GLOBAL_BASELINE,HF9g-P5,,,,X 全窗基线 · 不参与实体赏罚,14199877,1420,A168_HF9F_20260827_0900,2026-08-27 09:00:00
2026-07-18,57024343,1302,0,427.0584215921,-427.0584215921,-427.0584215921,0E-7,1,1,0.50665070000000000,0.506650700000,-1.013391052207602,-1.013391052207602,-1.013391052207602,0E-17,ELIGIBLE,R03b_20260811_FULL_v1,L1_ELIGIBILITY,v2026-08-11,2026-03-21..2026-08-06,baccarat_bet02_101_all_pairs_incl_sentinel,round_win = game_pnl > 0 (decisive only),COMPATIBILITY_ONLY_NOT_PRODUCTION,4059548.3812,3680416.6879,6656.9809,9707,9692,-0.00163983,0.01249836,-0.00525961,-0.00163983,-6656.9809,4059548.3812,OK,0.0000,266.2792,4.0000,96.0000,AG03-UNRESOLVED,ALL5_LEVELS_bet23_to_bet27,266.2792,266.2792,266.2792,0.0000,0.0000,4.000000,4.000000,4.000000,0.000000,0.000000,96.000000,96.000000,96.000000,100.000000,100.000000,5.0,798.8377,767.3102,5858.1432,5889.6706,PENDING_AG03,FALSE,NOT_FOR_ENFORCEMENT,6390.7016,3533200.0204,6656.9809,6390.7016,266.2792,0.00163983,0.00157424,266.2792,6390.7016,0.00157424,266.2792,266.2792,266.2792,0.0000,0.0000,6390.7016,0.00157424,798.8377,767.3102,5858.1432,5889.6706,0.00144305,0.00145082,0.00006559,418.2083,379.7376,0.6869,61.6387,1.8384,37588.4109,89.7407,538.3845,395.5999,218.4789,430.6076,432.5446,432.5446,1046.441,1081.3617,427.0584,0.0,2.43015,2.511246,0.971205,30,216,96,2,0.20383968,0.00163983,-0.01249836,0E-8,0.000000,0.906607,0.000000,0.01775797,2026-03-22,2026-08-06,108,3621,2443,138,0.782609,1.360932,1.287360,0.679466,,,,,,,,GLOBAL_BASELINE_NO_ENTITY_RANKING,,,NOT_APPLICABLE_GLOBAL_BASELINE,HF9g-P5,,,,X 全窗基线 · 不参与实体赏罚,14199878,1420,A168_HF9F_20260827_0900,2026-08-27 09:00:00
2026-07-18,57024343,1306,0,427.0584215921,-427.0584215921,-427.0584215921,0E-7,1,1,0.50665070000000000,0.506650700000,-1.013391052207602,-1.013391052207602,-1.013391052207602,0E-17,ELIGIBLE,R03b_20260811_FULL_v1,L1_ELIGIBILITY,v2026-08-11,2026-03-21..2026-08-06,baccarat_bet02_101_all_pairs_incl_sentinel,round_win = game_pnl > 0 (decisive only),COMPATIBILITY_ONLY_NOT_PRODUCTION,4059548.3812,3680416.6879,6656.9809,9707,9692,-0.00163983,0.01249836,-0.00525961,-0.00163983,-6656.9809,4059548.3812,OK,0.0000,266.2792,4.0000,96.0000,AG03-UNRESOLVED,ALL5_LEVELS_bet23_to_bet27,266.2792,266.2792,266.2792,0.0000,0.0000,4.000000,4.000000,4.000000,0.000000,0.000000,96.000000,96.000000,96.000000,100.000000,100.000000,5.0,798.8377,767.3102,5858.1432,5889.6706,PENDING_AG03,FALSE,NOT_FOR_ENFORCEMENT,6390.7016,3533200.0204,6656.9809,6390.7016,266.2792,0.00163983,0.00157424,266.2792,6390.7016,0.00157424,266.2792,266.2792,266.2792,0.0000,0.0000,6390.7016,0.00157424,798.8377,767.3102,5858.1432,5889.6706,0.00144305,0.00145082,0.00006559,418.2083,379.7376,0.6869,61.6387,1.8384,37588.4109,89.7407,538.3845,395.5999,218.4789,430.6076,432.5446,432.5446,1046.441,1081.3617,427.0584,0.0,2.43015,2.511246,0.971205,30,216,96,2,0.20383968,0.00163983,-0.01249836,0E-8,0.000000,0.906607,0.000000,0.01775797,2026-03-22,2026-08-06,108,3621,2443,138,0.782609,1.360932,1.287360,0.679466,,,,,,,,GLOBAL_BASELINE_NO_ENTITY_RANKING,,,NOT_APPLICABLE_GLOBAL_BASELINE,HF9g-P5,,,,X 全窗基线 · 不参与实体赏罚,14199879,1420,A168_HF9F_20260827_0900,2026-08-27 09:00:00
2026-07-18,57024343,1307,0,427.0584215921,405.7055005125,405.7055005125,1.0000000,1,1,0.50665070000000000,0.506650700000,0.9867858985152569,0.9867858985152569,0.9867858985152569,0E-17,ELIGIBLE,R03b_20260811_FULL_v1,L1_ELIGIBILITY,v2026-08-11,2026-03-21..2026-08-06,baccarat_bet02_101_all_pairs_incl_sentinel,round_win = game_pnl > 0 (decisive only),COMPATIBILITY_ONLY_NOT_PRODUCTION,4059548.3812,3680416.6879,6656.9809,9707,9692,-0.00163983,0.01249836,-0.00525961,-0.00163983,-6656.9809,4059548.3812,OK,0.0000,266.2792,4.0000,96.0000,AG03-UNRESOLVED,ALL5_LEVELS_bet23_to_bet27,266.2792,266.2792,266.2792,0.0000,0.0000,4.000000,4.000000,4.000000,0.000000,0.000000,96.000000,96.000000,96.000000,100.000000,100.000000,5.0,798.8377,767.3102,5858.1432,5889.6706,PENDING_AG03,FALSE,NOT_FOR_ENFORCEMENT,6390.7016,3533200.0204,6656.9809,6390.7016,266.2792,0.00163983,0.00157424,266.2792,6390.7016,0.00157424,266.2792,266.2792,266.2792,0.0000,0.0000,6390.7016,0.00157424,798.8377,767.3102,5858.1432,5889.6706,0.00144305,0.00145082,0.00006559,418.2083,379.7376,0.6869,61.6387,1.8384,37588.4109,89.7407,538.3845,395.5999,218.4789,430.6076,432.5446,432.5446,1046.441,1081.3617,427.0584,0.0,2.43015,2.511246,0.971205,30,216,96,2,0.20383968,0.00163983,-0.01249836,0E-8,0.000000,0.906607,0.000000,0.01775797,2026-03-22,2026-08-06,108,3621,2443,138,0.782609,1.360932,1.287360,0.679466,,,,,,,,GLOBAL_BASELINE_NO_ENTITY_RANKING,,,NOT_APPLICABLE_GLOBAL_BASELINE,HF9g-P5,,,,X 全窗基线 · 不参与实体赏罚,14199880,1420,A168_HF9F_20260827_0900,2026-08-27 09:00:00
2026-07-18,57024343,1374,0,427.0584215921,405.7055005125,405.7055005125,1.0000000,1,1,0.50665070000000000,0.506650700000,0.9867858985152569,0.9867858985152569,0.9867858985152569,0E-17,ELIGIBLE,R03b_20260811_FULL_v1,L1_ELIGIBILITY,v2026-08-11,2026-03-21..2026-08-06,baccarat_bet02_101_all_pairs_incl_sentinel,round_win = game_pnl > 0 (decisive only),COMPATIBILITY_ONLY_NOT_PRODUCTION,4059548.3812,3680416.6879,6656.9809,9707,9692,-0.00163983,0.01249836,-0.00525961,-0.00163983,-6656.9809,4059548.3812,OK,0.0000,266.2792,4.0000,96.0000,AG03-UNRESOLVED,ALL5_LEVELS_bet23_to_bet27,266.2792,266.2792,266.2792,0.0000,0.0000,4.000000,4.000000,4.000000,0.000000,0.000000,96.000000,96.000000,96.000000,100.000000,100.000000,5.0,798.8377,767.3102,5858.1432,5889.6706,PENDING_AG03,FALSE,NOT_FOR_ENFORCEMENT,6390.7016,3533200.0204,6656.9809,6390.7016,266.2792,0.00163983,0.00157424,266.2792,6390.7016,0.00157424,266.2792,266.2792,266.2792,0.0000,0.0000,6390.7016,0.00157424,798.8377,767.3102,5858.1432,5889.6706,0.00144305,0.00145082,0.00006559,418.2083,379.7376,0.6869,61.6387,1.8384,37588.4109,89.7407,538.3845,395.5999,218.4789,430.6076,432.5446,432.5446,1046.441,1081.3617,427.0584,0.0,2.43015,2.511246,0.971205,30,216,96,2,0.20383968,0.00163983,-0.01249836,0E-8,0.000000,0.906607,0.000000,0.01775797,2026-03-22,2026-08-06,108,3621,2443,138,0.782609,1.360932,1.287360,0.679466,,,,,,,,GLOBAL_BASELINE_NO_ENTITY_RANKING,,,NOT_APPLICABLE_GLOBAL_BASELINE,HF9g-P5,,,,X 全窗基线 · 不参与实体赏罚,14199881,1420,A168_HF9F_20260827_0900,2026-08-27 09:00:00
2026-07-18,57024343,1396,0,1281.1752647763,-448.4113426717,-448.4113426717,0.3333333,3,3,0.50665070000000000,0.506650700000,-0.6004420894325239,-0.6004420894325239,-0.6004420894325239,0E-17,ELIGIBLE,R03b_20260811_FULL_v1,L1_ELIGIBILITY,v2026-08-11,2026-03-21..2026-08-06,baccarat_bet02_101_all_pairs_incl_sentinel,round_win = game_pnl > 0 (decisive only),COMPATIBILITY_ONLY_NOT_PRODUCTION,4059548.3812,3680416.6879,6656.9809,9707,9692,-0.00163983,0.01249836,-0.00525961,-0.00163983,-6656.9809,4059548.3812,OK,0.0000,266.2792,4.0000,96.0000,AG03-UNRESOLVED,ALL5_LEVELS_bet23_to_bet27,266.2792,266.2792,266.2792,0.0000,0.0000,4.000000,4.000000,4.000000,0.000000,0.000000,96.000000,96.000000,96.000000,100.000000,100.000000,5.0,798.8377,767.3102,5858.1432,5889.6706,PENDING_AG03,FALSE,NOT_FOR_ENFORCEMENT,6390.7016,3533200.0204,6656.9809,6390.7016,266.2792,0.00163983,0.00157424,266.2792,6390.7016,0.00157424,266.2792,266.2792,266.2792,0.0000,0.0000,6390.7016,0.00157424,798.8377,767.3102,5858.1432,5889.6706,0.00144305,0.00145082,0.00006559,418.2083,379.7376,0.6869,61.6387,1.8384,37588.4109,89.7407,538.3845,395.5999,218.4789,430.6076,432.5446,432.5446,1046.441,1081.3617,427.0584,0.0,2.43015,2.511246,0.971205,30,216,96,2,0.20383968,0.00163983,-0.01249836,0E-8,0.000000,0.906607,0.000000,0.01775797,2026-03-22,2026-08-06,108,3621,2443,138,0.782609,1.360932,1.287360,0.679466,,,,,,,,GLOBAL_BASELINE_NO_ENTITY_RANKING,,,NOT_APPLICABLE_GLOBAL_BASELINE,HF9g-P5,,,,X 全窗基线 · 不参与实体赏罚,14199882,1420,A168_HF9F_20260827_0900,2026-08-27 09:00:00
2026-07-18,57024343,1399,0,427.0584215921,-427.0584215921,-427.0584215921,0E-7,1,1,0.50665070000000000,0.506650700000,-1.013391052207602,-1.013391052207602,-1.013391052207602,0E-17,ELIGIBLE,R03b_20260811_FULL_v1,L1_ELIGIBILITY,v2026-08-11,2026-03-21..2026-08-06,baccarat_bet02_101_all_pairs_incl_sentinel,round_win = game_pnl > 0 (decisive only),COMPATIBILITY_ONLY_NOT_PRODUCTION,4059548.3812,3680416.6879,6656.9809,9707,9692,-0.00163983,0.01249836,-0.00525961,-0.00163983,-6656.9809,4059548.3812,OK,0.0000,266.2792,4.0000,96.0000,AG03-UNRESOLVED,ALL5_LEVELS_bet23_to_bet27,266.2792,266.2792,266.2792,0.0000,0.0000,4.000000,4.000000,4.000000,0.000000,0.000000,96.000000,96.000000,96.000000,100.000000,100.000000,5.0,798.8377,767.3102,5858.1432,5889.6706,PENDING_AG03,FALSE,NOT_FOR_ENFORCEMENT,6390.7016,3533200.0204,6656.9809,6390.7016,266.2792,0.00163983,0.00157424,266.2792,6390.7016,0.00157424,266.2792,266.2792,266.2792,0.0000,0.0000,6390.7016,0.00157424,798.8377,767.3102,5858.1432,5889.6706,0.00144305,0.00145082,0.00006559,418.2083,379.7376,0.6869,61.6387,1.8384,37588.4109,89.7407,538.3845,395.5999,218.4789,430.6076,432.5446,432.5446,1046.441,1081.3617,427.0584,0.0,2.43015,2.511246,0.971205,30,216,96,2,0.20383968,0.00163983,-0.01249836,0E-8,0.000000,0.906607,0.000000,0.01775797,2026-03-22,2026-08-06,108,3621,2443,138,0.782609,1.360932,1.287360,0.679466,,,,,,,,GLOBAL_BASELINE_NO_ENTITY_RANKING,,,NOT_APPLICABLE_GLOBAL_BASELINE,HF9g-P5,,,,X 全窗基线 · 不参与实体赏罚,14199883,1420,A168_HF9F_20260827_0900,2026-08-27 09:00:00
2026-07-18,57024343,1490,0,2135.2921079605,1195.7635804579,1195.7635804579,0.8000000,5,5,0.50665070000000000,0.506650700000,1.3120140225494112,1.3120140225494112,1.3120140225494112,0E-17,ELIGIBLE,R03b_20260811_FULL_v1,L1_ELIGIBILITY,v2026-08-11,2026-03-21..2026-08-06,baccarat_bet02_101_all_pairs_incl_sentinel,round_win = game_pnl > 0 (decisive only),COMPATIBILITY_ONLY_NOT_PRODUCTION,4059548.3812,3680416.6879,6656.9809,9707,9692,-0.00163983,0.01249836,-0.00525961,-0.00163983,-6656.9809,4059548.3812,OK,0.0000,266.2792,4.0000,96.0000,AG03-UNRESOLVED,ALL5_LEVELS_bet23_to_bet27,266.2792,266.2792,266.2792,0.0000,0.0000,4.000000,4.000000,4.000000,0.000000,0.000000,96.000000,96.000000,96.000000,100.000000,100.000000,5.0,798.8377,767.3102,5858.1432,5889.6706,PENDING_AG03,FALSE,NOT_FOR_ENFORCEMENT,6390.7016,3533200.0204,6656.9809,6390.7016,266.2792,0.00163983,0.00157424,266.2792,6390.7016,0.00157424,266.2792,266.2792,266.2792,0.0000,0.0000,6390.7016,0.00157424,798.8377,767.3102,5858.1432,5889.6706,0.00144305,0.00145082,0.00006559,418.2083,379.7376,0.6869,61.6387,1.8384,37588.4109,89.7407,538.3845,395.5999,218.4789,430.6076,432.5446,432.5446,1046.441,1081.3617,427.0584,0.0,2.43015,2.511246,0.971205,30,216,96,2,0.20383968,0.00163983,-0.01249836,0E-8,0.000000,0.906607,0.000000,0.01775797,2026-03-22,2026-08-06,108,3621,2443,138,0.782609,1.360932,1.287360,0.679466,,,,,,,,GLOBAL_BASELINE_NO_ENTITY_RANKING,,,NOT_APPLICABLE_GLOBAL_BASELINE,HF9g-P5,,,,X 全窗基线 · 不参与实体赏罚,14199884,1420,A168_HF9F_20260827_0900,2026-08-27 09:00:00
2026-07-18,57024343,1704,0,427.0584215921,-427.0584215921,-427.0584215921,0E-7,1,1,0.50665070000000000,0.506650700000,-1.013391052207602,-1.013391052207602,-1.013391052207602,0E-17,ELIGIBLE,R03b_20260811_FULL_v1,L1_ELIGIBILITY,v2026-08-11,2026-03-21..2026-08-06,baccarat_bet02_101_all_pairs_incl_sentinel,round_win = game_pnl > 0 (decisive only),COMPATIBILITY_ONLY_NOT_PRODUCTION,4059548.3812,3680416.6879,6656.9809,9707,9692,-0.00163983,0.01249836,-0.00525961,-0.00163983,-6656.9809,4059548.3812,OK,0.0000,266.2792,4.0000,96.0000,AG03-UNRESOLVED,ALL5_LEVELS_bet23_to_bet27,266.2792,266.2792,266.2792,0.0000,0.0000,4.000000,4.000000,4.000000,0.000000,0.000000,96.000000,96.000000,96.000000,100.000000,100.000000,5.0,798.8377,767.3102,5858.1432,5889.6706,PENDING_AG03,FALSE,NOT_FOR_ENFORCEMENT,6390.7016,3533200.0204,6656.9809,6390.7016,266.2792,0.00163983,0.00157424,266.2792,6390.7016,0.00157424,266.2792,266.2792,266.2792,0.0000,0.0000,6390.7016,0.00157424,798.8377,767.3102,5858.1432,5889.6706,0.00144305,0.00145082,0.00006559,418.2083,379.7376,0.6869,61.6387,1.8384,37588.4109,89.7407,538.3845,395.5999,218.4789,430.6076,432.5446,432.5446,1046.441,1081.3617,427.0584,0.0,2.43015,2.511246,0.971205,30,216,96,2,0.20383968,0.00163983,-0.01249836,0E-8,0.000000,0.906607,0.000000,0.01775797,2026-03-22,2026-08-06,108,3621,2443,138,0.782609,1.360932,1.287360,0.679466,,,,,,,,GLOBAL_BASELINE_NO_ENTITY_RANKING,,,NOT_APPLICABLE_GLOBAL_BASELINE,HF9g-P5,,,,X 全窗基线 · 不参与实体赏罚,14199885,1420,A168_HF9F_20260827_0900,2026-08-27 09:00:00
2026-07-18,57024343,1710,0,427.0584215921,0E-10,0E-10,,1,1,0.50665070000000000,0.506650700000,,,,0E-17,NO_DECISIVE_ROUND,R03b_20260811_FULL_v1,L1_ELIGIBILITY,v2026-08-11,2026-03-21..2026-08-06,baccarat_bet02_101_all_pairs_incl_sentinel,round_win = game_pnl > 0 (decisive only),COMPATIBILITY_ONLY_NOT_PRODUCTION,4059548.3812,3680416.6879,6656.9809,9707,9692,-0.00163983,0.01249836,-0.00525961,-0.00163983,-6656.9809,4059548.3812,OK,0.0000,266.2792,4.0000,96.0000,AG03-UNRESOLVED,ALL5_LEVELS_bet23_to_bet27,266.2792,266.2792,266.2792,0.0000,0.0000,4.000000,4.000000,4.000000,0.000000,0.000000,96.000000,96.000000,96.000000,100.000000,100.000000,5.0,798.8377,767.3102,5858.1432,5889.6706,PENDING_AG03,FALSE,NOT_FOR_ENFORCEMENT,6390.7016,3533200.0204,6656.9809,6390.7016,266.2792,0.00163983,0.00157424,266.2792,6390.7016,0.00157424,266.2792,266.2792,266.2792,0.0000,0.0000,6390.7016,0.00157424,798.8377,767.3102,5858.1432,5889.6706,0.00144305,0.00145082,0.00006559,418.2083,379.7376,0.6869,61.6387,1.8384,37588.4109,89.7407,538.3845,395.5999,218.4789,430.6076,432.5446,432.5446,1046.441,1081.3617,427.0584,0.0,2.43015,2.511246,0.971205,30,216,96,2,0.20383968,0.00163983,-0.01249836,0E-8,0.000000,0.906607,0.000000,0.01775797,2026-03-22,2026-08-06,108,3621,2443,138,0.782609,1.360932,1.287360,0.679466,,,,,,,,GLOBAL_BASELINE_NO_ENTITY_RANKING,,,NOT_APPLICABLE_GLOBAL_BASELINE,HF9g-P5,,,,X 全窗基线 · 不参与实体赏罚,14199886,1420,A168_HF9F_20260827_0900,2026-08-27 09:00:00
2026-07-18,57024343,1963,0,854.1168431842,-427.0584215921,-427.0584215921,0E-7,2,2,0.50665070000000000,0.506650700000,-1.013391052207602,-1.013391052207602,-1.013391052207602,0E-17,ELIGIBLE,R03b_20260811_FULL_v1,L1_ELIGIBILITY,v2026-08-11,2026-03-21..2026-08-06,baccarat_bet02_101_all_pairs_incl_sentinel,round_win = game_pnl > 0 (decisive only),COMPATIBILITY_ONLY_NOT_PRODUCTION,4059548.3812,3680416.6879,6656.9809,9707,9692,-0.00163983,0.01249836,-0.00525961,-0.00163983,-6656.9809,4059548.3812,OK,0.0000,266.2792,4.0000,96.0000,AG03-UNRESOLVED,ALL5_LEVELS_bet23_to_bet27,266.2792,266.2792,266.2792,0.0000,0.0000,4.000000,4.000000,4.000000,0.000000,0.000000,96.000000,96.000000,96.000000,100.000000,100.000000,5.0,798.8377,767.3102,5858.1432,5889.6706,PENDING_AG03,FALSE,NOT_FOR_ENFORCEMENT,6390.7016,3533200.0204,6656.9809,6390.7016,266.2792,0.00163983,0.00157424,266.2792,6390.7016,0.00157424,266.2792,266.2792,266.2792,0.0000,0.0000,6390.7016,0.00157424,798.8377,767.3102,5858.1432,5889.6706,0.00144305,0.00145082,0.00006559,418.2083,379.7376,0.6869,61.6387,1.8384,37588.4109,89.7407,538.3845,395.5999,218.4789,430.6076,432.5446,432.5446,1046.441,1081.3617,427.0584,0.0,2.43015,2.511246,0.971205,30,216,96,2,0.20383968,0.00163983,-0.01249836,0E-8,0.000000,0.906607,0.000000,0.01775797,2026-03-22,2026-08-06,108,3621,2443,138,0.782609,1.360932,1.287360,0.679466,,,,,,,,GLOBAL_BASELINE_NO_ENTITY_RANKING,,,NOT_APPLICABLE_GLOBAL_BASELINE,HF9g-P5,,,,X 全窗基线 · 不参与实体赏罚,14199887,1420,A168_HF9F_20260827_0900,2026-08-27 09:00:00
2026-07-18,57024343,1985,0,1281.1752647763,384.3525794329,384.3525794329,0.6666667,3,3,0.50665070000000000,0.506650700000,0.5543606114942035,0.5543606114942035,0.5543606114942035,0E-17,ELIGIBLE,R03b_20260811_FULL_v1,L1_ELIGIBILITY,v2026-08-11,2026-03-21..2026-08-06,baccarat_bet02_101_all_pairs_incl_sentinel,round_win = game_pnl > 0 (decisive only),COMPATIBILITY_ONLY_NOT_PRODUCTION,4059548.3812,3680416.6879,6656.9809,9707,9692,-0.00163983,0.01249836,-0.00525961,-0.00163983,-6656.9809,4059548.3812,OK,0.0000,266.2792,4.0000,96.0000,AG03-UNRESOLVED,ALL5_LEVELS_bet23_to_bet27,266.2792,266.2792,266.2792,0.0000,0.0000,4.000000,4.000000,4.000000,0.000000,0.000000,96.000000,96.000000,96.000000,100.000000,100.000000,5.0,798.8377,767.3102,5858.1432,5889.6706,PENDING_AG03,FALSE,NOT_FOR_ENFORCEMENT,6390.7016,3533200.0204,6656.9809,6390.7016,266.2792,0.00163983,0.00157424,266.2792,6390.7016,0.00157424,266.2792,266.2792,266.2792,0.0000,0.0000,6390.7016,0.00157424,798.8377,767.3102,5858.1432,5889.6706,0.00144305,0.00145082,0.00006559,418.2083,379.7376,0.6869,61.6387,1.8384,37588.4109,89.7407,538.3845,395.5999,218.4789,430.6076,432.5446,432.5446,1046.441,1081.3617,427.0584,0.0,2.43015,2.511246,0.971205,30,216,96,2,0.20383968,0.00163983,-0.01249836,0E-8,0.000000,0.906607,0.000000,0.01775797,2026-03-22,2026-08-06,108,3621,2443,138,0.782609,1.360932,1.287360,0.679466,,,,,,,,GLOBAL_BASELINE_NO_ENTITY_RANKING,,,NOT_APPLICABLE_GLOBAL_BASELINE,HF9g-P5,,,,X 全窗基线 · 不参与实体赏罚,14199888,1420,A168_HF9F_20260827_0900,2026-08-27 09:00:00
2026-07-18,57024343,2101,0,2562.3505295526,-64.0587632388,-64.0587632388,0.5000000,6,6,0.50665070000000000,0.506650700000,-0.032584525537284574,-0.032584525537284574,-0.032584525537284574,0E-17,ELIGIBLE,R03b_20260811_FULL_v1,L1_ELIGIBILITY,v2026-08-11,2026-03-21..2026-08-06,baccarat_bet02_101_all_pairs_incl_sentinel,round_win = game_pnl > 0 (decisive only),COMPATIBILITY_ONLY_NOT_PRODUCTION,4059548.3812,3680416.6879,6656.9809,9707,9692,-0.00163983,0.01249836,-0.00525961,-0.00163983,-6656.9809,4059548.3812,OK,0.0000,266.2792,4.0000,96.0000,AG03-UNRESOLVED,ALL5_LEVELS_bet23_to_bet27,266.2792,266.2792,266.2792,0.0000,0.0000,4.000000,4.000000,4.000000,0.000000,0.000000,96.000000,96.000000,96.000000,100.000000,100.000000,5.0,798.8377,767.3102,5858.1432,5889.6706,PENDING_AG03,FALSE,NOT_FOR_ENFORCEMENT,6390.7016,3533200.0204,6656.9809,6390.7016,266.2792,0.00163983,0.00157424,266.2792,6390.7016,0.00157424,266.2792,266.2792,266.2792,0.0000,0.0000,6390.7016,0.00157424,798.8377,767.3102,5858.1432,5889.6706,0.00144305,0.00145082,0.00006559,418.2083,379.7376,0.6869,61.6387,1.8384,37588.4109,89.7407,538.3845,395.5999,218.4789,430.6076,432.5446,432.5446,1046.441,1081.3617,427.0584,0.0,2.43015,2.511246,0.971205,30,216,96,2,0.20383968,0.00163983,-0.01249836,0E-8,0.000000,0.906607,0.000000,0.01775797,2026-03-22,2026-08-06,108,3621,2443,138,0.782609,1.360932,1.287360,0.679466,,,,,,,,GLOBAL_BASELINE_NO_ENTITY_RANKING,,,NOT_APPLICABLE_GLOBAL_BASELINE,HF9g-P5,,,,X 全窗基线 · 不参与实体赏罚,14199889,1420,A168_HF9F_20260827_0900,2026-08-27 09:00:00
2026-07-18,57024343,2152,0,854.1168431842,-21.3529210796,-21.3529210796,0.5000000,2,2,0.50665070000000000,0.506650700000,-0.018812684590367487,-0.018812684590367487,-0.018812684590367487,0E-17,ELIGIBLE,R03b_20260811_FULL_v1,L1_ELIGIBILITY,v2026-08-11,2026-03-21..2026-08-06,baccarat_bet02_101_all_pairs_incl_sentinel,round_win = game_pnl > 0 (decisive only),COMPATIBILITY_ONLY_NOT_PRODUCTION,4059548.3812,3680416.6879,6656.9809,9707,9692,-0.00163983,0.01249836,-0.00525961,-0.00163983,-6656.9809,4059548.3812,OK,0.0000,266.2792,4.0000,96.0000,AG03-UNRESOLVED,ALL5_LEVELS_bet23_to_bet27,266.2792,266.2792,266.2792,0.0000,0.0000,4.000000,4.000000,4.000000,0.000000,0.000000,96.000000,96.000000,96.000000,100.000000,100.000000,5.0,798.8377,767.3102,5858.1432,5889.6706,PENDING_AG03,FALSE,NOT_FOR_ENFORCEMENT,6390.7016,3533200.0204,6656.9809,6390.7016,266.2792,0.00163983,0.00157424,266.2792,6390.7016,0.00157424,266.2792,266.2792,266.2792,0.0000,0.0000,6390.7016,0.00157424,798.8377,767.3102,5858.1432,5889.6706,0.00144305,0.00145082,0.00006559,418.2083,379.7376,0.6869,61.6387,1.8384,37588.4109,89.7407,538.3845,395.5999,218.4789,430.6076,432.5446,432.5446,1046.441,1081.3617,427.0584,0.0,2.43015,2.511246,0.971205,30,216,96,2,0.20383968,0.00163983,-0.01249836,0E-8,0.000000,0.906607,0.000000,0.01775797,2026-03-22,2026-08-06,108,3621,2443,138,0.782609,1.360932,1.287360,0.679466,,,,,,,,GLOBAL_BASELINE_NO_ENTITY_RANKING,,,NOT_APPLICABLE_GLOBAL_BASELINE,HF9g-P5,,,,X 全窗基线 · 不参与实体赏罚,14199890,1420,A168_HF9F_20260827_0900,2026-08-27 09:00:00
2026-07-18,57024343,2201,0,1708.2336863684,-42.7058421592,-42.7058421592,0.5000000,4,4,0.50329940000000000,0.503299400000,-0.01319788734859681,-0.01319788734859681,-0.01319788734859681,0E-17,ELIGIBLE,R03b_20260811_FULL_v1,L1_ELIGIBILITY,v2026-08-11,2026-03-21..2026-08-06,baccarat_bet02_101_all_pairs_incl_sentinel,round_win = game_pnl > 0 (decisive only),COMPATIBILITY_ONLY_NOT_PRODUCTION,4059548.3812,3680416.6879,6656.9809,9707,9692,-0.00163983,0.01249836,-0.00525961,-0.00163983,-6656.9809,4059548.3812,OK,0.0000,266.2792,4.0000,96.0000,AG03-UNRESOLVED,ALL5_LEVELS_bet23_to_bet27,266.2792,266.2792,266.2792,0.0000,0.0000,4.000000,4.000000,4.000000,0.000000,0.000000,96.000000,96.000000,96.000000,100.000000,100.000000,5.0,798.8377,767.3102,5858.1432,5889.6706,PENDING_AG03,FALSE,NOT_FOR_ENFORCEMENT,6390.7016,3533200.0204,6656.9809,6390.7016,266.2792,0.00163983,0.00157424,266.2792,6390.7016,0.00157424,266.2792,266.2792,266.2792,0.0000,0.0000,6390.7016,0.00157424,798.8377,767.3102,5858.1432,5889.6706,0.00144305,0.00145082,0.00006559,418.2083,379.7376,0.6869,61.6387,1.8384,37588.4109,89.7407,538.3845,395.5999,218.4789,430.6076,432.5446,432.5446,1046.441,1081.3617,427.0584,0.0,2.43015,2.511246,0.971205,30,216,96,2,0.20383968,0.00163983,-0.01249836,0E-8,0.000000,0.906607,0.000000,0.01775797,2026-03-22,2026-08-06,108,3621,2443,138,0.782609,1.360932,1.287360,0.679466,,,,,,,,GLOBAL_BASELINE_NO_ENTITY_RANKING,,,NOT_APPLICABLE_GLOBAL_BASELINE,HF9g-P5,,,,X 全窗基线 · 不参与实体赏罚,14199891,1420,A168_HF9F_20260827_0900,2026-08-27 09:00:00
2026-07-18,57024343,2212,0,854.1168431842,-21.3529210796,-21.3529210796,0.5000000,2,2,0.50665070000000000,0.506650700000,-0.018812684590367487,-0.018812684590367487,-0.018812684590367487,0E-17,ELIGIBLE,R03b_20260811_FULL_v1,L1_ELIGIBILITY,v2026-08-11,2026-03-21..2026-08-06,baccarat_bet02_101_all_pairs_incl_sentinel,round_win = game_pnl > 0 (decisive only),COMPATIBILITY_ONLY_NOT_PRODUCTION,4059548.3812,3680416.6879,6656.9809,9707,9692,-0.00163983,0.01249836,-0.00525961,-0.00163983,-6656.9809,4059548.3812,OK,0.0000,266.2792,4.0000,96.0000,AG03-UNRESOLVED,ALL5_LEVELS_bet23_to_bet27,266.2792,266.2792,266.2792,0.0000,0.0000,4.000000,4.000000,4.000000,0.000000,0.000000,96.000000,96.000000,96.000000,100.000000,100.000000,5.0,798.8377,767.3102,5858.1432,5889.6706,PENDING_AG03,FALSE,NOT_FOR_ENFORCEMENT,6390.7016,3533200.0204,6656.9809,6390.7016,266.2792,0.00163983,0.00157424,266.2792,6390.7016,0.00157424,266.2792,266.2792,266.2792,0.0000,0.0000,6390.7016,0.00157424,798.8377,767.3102,5858.1432,5889.6706,0.00144305,0.00145082,0.00006559,418.2083,379.7376,0.6869,61.6387,1.8384,37588.4109,89.7407,538.3845,395.5999,218.4789,430.6076,432.5446,432.5446,1046.441,1081.3617,427.0584,0.0,2.43015,2.511246,0.971205,30,216,96,2,0.20383968,0.00163983,-0.01249836,0E-8,0.000000,0.906607,0.000000,0.01775797,2026-03-22,2026-08-06,108,3621,2443,138,0.782609,1.360932,1.287360,0.679466,,,,,,,,GLOBAL_BASELINE_NO_ENTITY_RANKING,,,NOT_APPLICABLE_GLOBAL_BASELINE,HF9g-P5,,,,X 全窗基线 · 不参与实体赏罚,14199892,1420,A168_HF9F_20260827_0900,2026-08-27 09:00:00
2026-07-18,57024343,2220,0,1708.2336863684,-21.3529210796,-21.3529210796,0.5000000,4,4,0.50329940000000000,0.503299400000,-0.01319788734859681,-0.01319788734859681,-0.01319788734859681,0E-17,ELIGIBLE,R03b_20260811_FULL_v1,L1_ELIGIBILITY,v2026-08-11,2026-03-21..2026-08-06,baccarat_bet02_101_all_pairs_incl_sentinel,round_win = game_pnl > 0 (decisive only),COMPATIBILITY_ONLY_NOT_PRODUCTION,4059548.3812,3680416.6879,6656.9809,9707,9692,-0.00163983,0.01249836,-0.00525961,-0.00163983,-6656.9809,4059548.3812,OK,0.0000,266.2792,4.0000,96.0000,AG03-UNRESOLVED,ALL5_LEVELS_bet23_to_bet27,266.2792,266.2792,266.2792,0.0000,0.0000,4.000000,4.000000,4.000000,0.000000,0.000000,96.000000,96.000000,96.000000,100.000000,100.000000,5.0,798.8377,767.3102,5858.1432,5889.6706,PENDING_AG03,FALSE,NOT_FOR_ENFORCEMENT,6390.7016,3533200.0204,6656.9809,6390.7016,266.2792,0.00163983,0.00157424,266.2792,6390.7016,0.00157424,266.2792,266.2792,266.2792,0.0000,0.0000,6390.7016,0.00157424,798.8377,767.3102,5858.1432,5889.6706,0.00144305,0.00145082,0.00006559,418.2083,379.7376,0.6869,61.6387,1.8384,37588.4109,89.7407,538.3845,395.5999,218.4789,430.6076,432.5446,432.5446,1046.441,1081.3617,427.0584,0.0,2.43015,2.511246,0.971205,30,216,96,2,0.20383968,0.00163983,-0.01249836,0E-8,0.000000,0.906607,0.000000,0.01775797,2026-03-22,2026-08-06,108,3621,2443,138,0.782609,1.360932,1.287360,0.679466,,,,,,,,GLOBAL_BASELINE_NO_ENTITY_RANKING,,,NOT_APPLICABLE_GLOBAL_BASELINE,HF9g-P5,,,,X 全窗基线 · 不参与实体赏罚,14199893,1420,A168_HF9F_20260827_0900,2026-08-27 09:00:00
2026-07-18,57024343,2222,0,427.0584215921,405.7055005125,405.7055005125,1.0000000,1,1,0.50665070000000000,0.506650700000,0.9867858985152569,0.9867858985152569,0.9867858985152569,0E-17,ELIGIBLE,R03b_20260811_FULL_v1,L1_ELIGIBILITY,v2026-08-11,2026-03-21..2026-08-06,baccarat_bet02_101_all_pairs_incl_sentinel,round_win = game_pnl > 0 (decisive only),COMPATIBILITY_ONLY_NOT_PRODUCTION,4059548.3812,3680416.6879,6656.9809,9707,9692,-0.00163983,0.01249836,-0.00525961,-0.00163983,-6656.9809,4059548.3812,OK,0.0000,266.2792,4.0000,96.0000,AG03-UNRESOLVED,ALL5_LEVELS_bet23_to_bet27,266.2792,266.2792,266.2792,0.0000,0.0000,4.000000,4.000000,4.000000,0.000000,0.000000,96.000000,96.000000,96.000000,100.000000,100.000000,5.0,798.8377,767.3102,5858.1432,5889.6706,PENDING_AG03,FALSE,NOT_FOR_ENFORCEMENT,6390.7016,3533200.0204,6656.9809,6390.7016,266.2792,0.00163983,0.00157424,266.2792,6390.7016,0.00157424,266.2792,266.2792,266.2792,0.0000,0.0000,6390.7016,0.00157424,798.8377,767.3102,5858.1432,5889.6706,0.00144305,0.00145082,0.00006559,418.2083,379.7376,0.6869,61.6387,1.8384,37588.4109,89.7407,538.3845,395.5999,218.4789,430.6076,432.5446,432.5446,1046.441,1081.3617,427.0584,0.0,2.43015,2.511246,0.971205,30,216,96,2,0.20383968,0.00163983,-0.01249836,0E-8,0.000000,0.906607,0.000000,0.01775797,2026-03-22,2026-08-06,108,3621,2443,138,0.782609,1.360932,1.287360,0.679466,,,,,,,,GLOBAL_BASELINE_NO_ENTITY_RANKING,,,NOT_APPLICABLE_GLOBAL_BASELINE,HF9g-P5,,,,X 全窗基线 · 不参与实体赏罚,14199894,1420,A168_HF9F_20260827_0900,2026-08-27 09:00:00
2026-07-18,57024343,2223,0,1281.1752647763,-448.4113426717,-448.4113426717,0.3333333,3,3,0.50665070000000000,0.506650700000,-0.6004420894325239,-0.6004420894325239,-0.6004420894325239,0E-17,ELIGIBLE,R03b_20260811_FULL_v1,L1_ELIGIBILITY,v2026-08-11,2026-03-21..2026-08-06,baccarat_bet02_101_all_pairs_incl_sentinel,round_win = game_pnl > 0 (decisive only),COMPATIBILITY_ONLY_NOT_PRODUCTION,4059548.3812,3680416.6879,6656.9809,9707,9692,-0.00163983,0.01249836,-0.00525961,-0.00163983,-6656.9809,4059548.3812,OK,0.0000,266.2792,4.0000,96.0000,AG03-UNRESOLVED,ALL5_LEVELS_bet23_to_bet27,266.2792,266.2792,266.2792,0.0000,0.0000,4.000000,4.000000,4.000000,0.000000,0.000000,96.000000,96.000000,96.000000,100.000000,100.000000,5.0,798.8377,767.3102,5858.1432,5889.6706,PENDING_AG03,FALSE,NOT_FOR_ENFORCEMENT,6390.7016,3533200.0204,6656.9809,6390.7016,266.2792,0.00163983,0.00157424,266.2792,6390.7016,0.00157424,266.2792,266.2792,266.2792,0.0000,0.0000,6390.7016,0.00157424,798.8377,767.3102,5858.1432,5889.6706,0.00144305,0.00145082,0.00006559,418.2083,379.7376,0.6869,61.6387,1.8384,37588.4109,89.7407,538.3845,395.5999,218.4789,430.6076,432.5446,432.5446,1046.441,1081.3617,427.0584,0.0,2.43015,2.511246,0.971205,30,216,96,2,0.20383968,0.00163983,-0.01249836,0E-8,0.000000,0.906607,0.000000,0.01775797,2026-03-22,2026-08-06,108,3621,2443,138,0.782609,1.360932,1.287360,0.679466,,,,,,,,GLOBAL_BASELINE_NO_ENTITY_RANKING,,,NOT_APPLICABLE_GLOBAL_BASELINE,HF9g-P5,,,,X 全窗基线 · 不参与实体赏罚,14199895,1420,A168_HF9F_20260827_0900,2026-08-27 09:00:00
2026-07-18,57024343,2224,0,427.0584215921,-427.0584215921,-427.0584215921,0E-7,1,1,0.50665070000000000,0.506650700000,-1.013391052207602,-1.013391052207602,-1.013391052207602,0E-17,ELIGIBLE,R03b_20260811_FULL_v1,L1_ELIGIBILITY,v2026-08-11,2026-03-21..2026-08-06,baccarat_bet02_101_all_pairs_incl_sentinel,round_win = game_pnl > 0 (decisive only),COMPATIBILITY_ONLY_NOT_PRODUCTION,4059548.3812,3680416.6879,6656.9809,9707,9692,-0.00163983,0.01249836,-0.00525961,-0.00163983,-6656.9809,4059548.3812,OK,0.0000,266.2792,4.0000,96.0000,AG03-UNRESOLVED,ALL5_LEVELS_bet23_to_bet27,266.2792,266.2792,266.2792,0.0000,0.0000,4.000000,4.000000,4.000000,0.000000,0.000000,96.000000,96.000000,96.000000,100.000000,100.000000,5.0,798.8377,767.3102,5858.1432,5889.6706,PENDING_AG03,FALSE,NOT_FOR_ENFORCEMENT,6390.7016,3533200.0204,6656.9809,6390.7016,266.2792,0.00163983,0.00157424,266.2792,6390.7016,0.00157424,266.2792,266.2792,266.2792,0.0000,0.0000,6390.7016,0.00157424,798.8377,767.3102,5858.1432,5889.6706,0.00144305,0.00145082,0.00006559,418.2083,379.7376,0.6869,61.6387,1.8384,37588.4109,89.7407,538.3845,395.5999,218.4789,430.6076,432.5446,432.5446,1046.441,1081.3617,427.0584,0.0,2.43015,2.511246,0.971205,30,216,96,2,0.20383968,0.00163983,-0.01249836,0E-8,0.000000,0.906607,0.000000,0.01775797,2026-03-22,2026-08-06,108,3621,2443,138,0.782609,1.360932,1.287360,0.679466,,,,,,,,GLOBAL_BASELINE_NO_ENTITY_RANKING,,,NOT_APPLICABLE_GLOBAL_BASELINE,HF9g-P5,,,,X 全窗基线 · 不参与实体赏罚,14199896,1420,A168_HF9F_20260827_0900,2026-08-27 09:00:00
2026-07-18,57024343,2229,0,1281.1752647763,-854.1168431842,-854.1168431842,0E-7,3,3,0.50665070000000000,0.506650700000,-1.4331513700195317,-1.4331513700195317,-1.4331513700195317,0E-17,ELIGIBLE,R03b_20260811_FULL_v1,L1_ELIGIBILITY,v2026-08-11,2026-03-21..2026-08-06,baccarat_bet02_101_all_pairs_incl_sentinel,round_win = game_pnl > 0 (decisive only),COMPATIBILITY_ONLY_NOT_PRODUCTION,4059548.3812,3680416.6879,6656.9809,9707,9692,-0.00163983,0.01249836,-0.00525961,-0.00163983,-6656.9809,4059548.3812,OK,0.0000,266.2792,4.0000,96.0000,AG03-UNRESOLVED,ALL5_LEVELS_bet23_to_bet27,266.2792,266.2792,266.2792,0.0000,0.0000,4.000000,4.000000,4.000000,0.000000,0.000000,96.000000,96.000000,96.000000,100.000000,100.000000,5.0,798.8377,767.3102,5858.1432,5889.6706,PENDING_AG03,FALSE,NOT_FOR_ENFORCEMENT,6390.7016,3533200.0204,6656.9809,6390.7016,266.2792,0.00163983,0.00157424,266.2792,6390.7016,0.00157424,266.2792,266.2792,266.2792,0.0000,0.0000,6390.7016,0.00157424,798.8377,767.3102,5858.1432,5889.6706,0.00144305,0.00145082,0.00006559,418.2083,379.7376,0.6869,61.6387,1.8384,37588.4109,89.7407,538.3845,395.5999,218.4789,430.6076,432.5446,432.5446,1046.441,1081.3617,427.0584,0.0,2.43015,2.511246,0.971205,30,216,96,2,0.20383968,0.00163983,-0.01249836,0E-8,0.000000,0.906607,0.000000,0.01775797,2026-03-22,2026-08-06,108,3621,2443,138,0.782609,1.360932,1.287360,0.679466,,,,,,,,GLOBAL_BASELINE_NO_ENTITY_RANKING,,,NOT_APPLICABLE_GLOBAL_BASELINE,HF9g-P5,,,,X 全窗基线 · 不参与实体赏罚,14199897,1420,A168_HF9F_20260827_0900,2026-08-27 09:00:00
2026-07-18,57024343,2251,0,1281.1752647763,-448.4113426717,-448.4113426717,0.3333333,3,3,0.50665070000000000,0.506650700000,-0.6004420894325239,-0.6004420894325239,-0.6004420894325239,0E-17,ELIGIBLE,R03b_20260811_FULL_v1,L1_ELIGIBILITY,v2026-08-11,2026-03-21..2026-08-06,baccarat_bet02_101_all_pairs_incl_sentinel,round_win = game_pnl > 0 (decisive only),COMPATIBILITY_ONLY_NOT_PRODUCTION,4059548.3812,3680416.6879,6656.9809,9707,9692,-0.00163983,0.01249836,-0.00525961,-0.00163983,-6656.9809,4059548.3812,OK,0.0000,266.2792,4.0000,96.0000,AG03-UNRESOLVED,ALL5_LEVELS_bet23_to_bet27,266.2792,266.2792,266.2792,0.0000,0.0000,4.000000,4.000000,4.000000,0.000000,0.000000,96.000000,96.000000,96.000000,100.000000,100.000000,5.0,798.8377,767.3102,5858.1432,5889.6706,PENDING_AG03,FALSE,NOT_FOR_ENFORCEMENT,6390.7016,3533200.0204,6656.9809,6390.7016,266.2792,0.00163983,0.00157424,266.2792,6390.7016,0.00157424,266.2792,266.2792,266.2792,0.0000,0.0000,6390.7016,0.00157424,798.8377,767.3102,5858.1432,5889.6706,0.00144305,0.00145082,0.00006559,418.2083,379.7376,0.6869,61.6387,1.8384,37588.4109,89.7407,538.3845,395.5999,218.4789,430.6076,432.5446,432.5446,1046.441,1081.3617,427.0584,0.0,2.43015,2.511246,0.971205,30,216,96,2,0.20383968,0.00163983,-0.01249836,0E-8,0.000000,0.906607,0.000000,0.01775797,2026-03-22,2026-08-06,108,3621,2443,138,0.782609,1.360932,1.287360,0.679466,,,,,,,,GLOBAL_BASELINE_NO_ENTITY_RANKING,,,NOT_APPLICABLE_GLOBAL_BASELINE,HF9g-P5,,,,X 全窗基线 · 不参与实体赏罚,14199898,1420,A168_HF9F_20260827_0900,2026-08-27 09:00:00
2026-07-18,57024343,2258,0,1281.1752647763,1217.1165015375,1217.1165015375,1.0000000,3,3,0.50665070000000000,0.506650700000,1.7091633124209307,1.7091633124209307,1.7091633124209307,0E-17,ELIGIBLE,R03b_20260811_FULL_v1,L1_ELIGIBILITY,v2026-08-11,2026-03-21..2026-08-06,baccarat_bet02_101_all_pairs_incl_sentinel,round_win = game_pnl > 0 (decisive only),COMPATIBILITY_ONLY_NOT_PRODUCTION,4059548.3812,3680416.6879,6656.9809,9707,9692,-0.00163983,0.01249836,-0.00525961,-0.00163983,-6656.9809,4059548.3812,OK,0.0000,266.2792,4.0000,96.0000,AG03-UNRESOLVED,ALL5_LEVELS_bet23_to_bet27,266.2792,266.2792,266.2792,0.0000,0.0000,4.000000,4.000000,4.000000,0.000000,0.000000,96.000000,96.000000,96.000000,100.000000,100.000000,5.0,798.8377,767.3102,5858.1432,5889.6706,PENDING_AG03,FALSE,NOT_FOR_ENFORCEMENT,6390.7016,3533200.0204,6656.9809,6390.7016,266.2792,0.00163983,0.00157424,266.2792,6390.7016,0.00157424,266.2792,266.2792,266.2792,0.0000,0.0000,6390.7016,0.00157424,798.8377,767.3102,5858.1432,5889.6706,0.00144305,0.00145082,0.00006559,418.2083,379.7376,0.6869,61.6387,1.8384,37588.4109,89.7407,538.3845,395.5999,218.4789,430.6076,432.5446,432.5446,1046.441,1081.3617,427.0584,0.0,2.43015,2.511246,0.971205,30,216,96,2,0.20383968,0.00163983,-0.01249836,0E-8,0.000000,0.906607,0.000000,0.01775797,2026-03-22,2026-08-06,108,3621,2443,138,0.782609,1.360932,1.287360,0.679466,,,,,,,,GLOBAL_BASELINE_NO_ENTITY_RANKING,,,NOT_APPLICABLE_GLOBAL_BASELINE,HF9g-P5,,,,X 全窗基线 · 不参与实体赏罚,14199899,1420,A168_HF9F_20260827_0900,2026-08-27 09:00:00
2026-07-18,57024343,2271,0,427.0584215921,-427.0584215921,-427.0584215921,0E-7,1,1,0.50665070000000000,0.506650700000,-1.013391052207602,-1.013391052207602,-1.013391052207602,0E-17,ELIGIBLE,R03b_20260811_FULL_v1,L1_ELIGIBILITY,v2026-08-11,2026-03-21..2026-08-06,baccarat_bet02_101_all_pairs_incl_sentinel,round_win = game_pnl > 0 (decisive only),COMPATIBILITY_ONLY_NOT_PRODUCTION,4059548.3812,3680416.6879,6656.9809,9707,9692,-0.00163983,0.01249836,-0.00525961,-0.00163983,-6656.9809,4059548.3812,OK,0.0000,266.2792,4.0000,96.0000,AG03-UNRESOLVED,ALL5_LEVELS_bet23_to_bet27,266.2792,266.2792,266.2792,0.0000,0.0000,4.000000,4.000000,4.000000,0.000000,0.000000,96.000000,96.000000,96.000000,100.000000,100.000000,5.0,798.8377,767.3102,5858.1432,5889.6706,PENDING_AG03,FALSE,NOT_FOR_ENFORCEMENT,6390.7016,3533200.0204,6656.9809,6390.7016,266.2792,0.00163983,0.00157424,266.2792,6390.7016,0.00157424,266.2792,266.2792,266.2792,0.0000,0.0000,6390.7016,0.00157424,798.8377,767.3102,5858.1432,5889.6706,0.00144305,0.00145082,0.00006559,418.2083,379.7376,0.6869,61.6387,1.8384,37588.4109,89.7407,538.3845,395.5999,218.4789,430.6076,432.5446,432.5446,1046.441,1081.3617,427.0584,0.0,2.43015,2.511246,0.971205,30,216,96,2,0.20383968,0.00163983,-0.01249836,0E-8,0.000000,0.906607,0.000000,0.01775797,2026-03-22,2026-08-06,108,3621,2443,138,0.782609,1.360932,1.287360,0.679466,,,,,,,,GLOBAL_BASELINE_NO_ENTITY_RANKING,,,NOT_APPLICABLE_GLOBAL_BASELINE,HF9g-P5,,,,X 全窗基线 · 不参与实体赏罚,14199900,1420,A168_HF9F_20260827_0900,2026-08-27 09:00:00
2026-07-18,57024343,2281,0,854.1168431842,-21.3529210796,-21.3529210796,0.5000000,2,2,0.50665070000000000,0.506650700000,-0.018812684590367487,-0.018812684590367487,-0.018812684590367487,0E-17,ELIGIBLE,R03b_20260811_FULL_v1,L1_ELIGIBILITY,v2026-08-11,2026-03-21..2026-08-06,baccarat_bet02_101_all_pairs_incl_sentinel,round_win = game_pnl > 0 (decisive only),COMPATIBILITY_ONLY_NOT_PRODUCTION,4059548.3812,3680416.6879,6656.9809,9707,9692,-0.00163983,0.01249836,-0.00525961,-0.00163983,-6656.9809,4059548.3812,OK,0.0000,266.2792,4.0000,96.0000,AG03-UNRESOLVED,ALL5_LEVELS_bet23_to_bet27,266.2792,266.2792,266.2792,0.0000,0.0000,4.000000,4.000000,4.000000,0.000000,0.000000,96.000000,96.000000,96.000000,100.000000,100.000000,5.0,798.8377,767.3102,5858.1432,5889.6706,PENDING_AG03,FALSE,NOT_FOR_ENFORCEMENT,6390.7016,3533200.0204,6656.9809,6390.7016,266.2792,0.00163983,0.00157424,266.2792,6390.7016,0.00157424,266.2792,266.2792,266.2792,0.0000,0.0000,6390.7016,0.00157424,798.8377,767.3102,5858.1432,5889.6706,0.00144305,0.00145082,0.00006559,418.2083,379.7376,0.6869,61.6387,1.8384,37588.4109,89.7407,538.3845,395.5999,218.4789,430.6076,432.5446,432.5446,1046.441,1081.3617,427.0584,0.0,2.43015,2.511246,0.971205,30,216,96,2,0.20383968,0.00163983,-0.01249836,0E-8,0.000000,0.906607,0.000000,0.01775797,2026-03-22,2026-08-06,108,3621,2443,138,0.782609,1.360932,1.287360,0.679466,,,,,,,,GLOBAL_BASELINE_NO_ENTITY_RANKING,,,NOT_APPLICABLE_GLOBAL_BASELINE,HF9g-P5,,,,X 全窗基线 · 不参与实体赏罚,14199901,1420,A168_HF9F_20260827_0900,2026-08-27 09:00:00
2026-07-18,57024343,2287,0,427.0584215921,405.7055005125,405.7055005125,1.0000000,1,1,0.50665070000000000,0.506650700000,0.9867858985152569,0.9867858985152569,0.9867858985152569,0E-17,ELIGIBLE,R03b_20260811_FULL_v1,L1_ELIGIBILITY,v2026-08-11,2026-03-21..2026-08-06,baccarat_bet02_101_all_pairs_incl_sentinel,round_win = game_pnl > 0 (decisive only),COMPATIBILITY_ONLY_NOT_PRODUCTION,4059548.3812,3680416.6879,6656.9809,9707,9692,-0.00163983,0.01249836,-0.00525961,-0.00163983,-6656.9809,4059548.3812,OK,0.0000,266.2792,4.0000,96.0000,AG03-UNRESOLVED,ALL5_LEVELS_bet23_to_bet27,266.2792,266.2792,266.2792,0.0000,0.0000,4.000000,4.000000,4.000000,0.000000,0.000000,96.000000,96.000000,96.000000,100.000000,100.000000,5.0,798.8377,767.3102,5858.1432,5889.6706,PENDING_AG03,FALSE,NOT_FOR_ENFORCEMENT,6390.7016,3533200.0204,6656.9809,6390.7016,266.2792,0.00163983,0.00157424,266.2792,6390.7016,0.00157424,266.2792,266.2792,266.2792,0.0000,0.0000,6390.7016,0.00157424,798.8377,767.3102,5858.1432,5889.6706,0.00144305,0.00145082,0.00006559,418.2083,379.7376,0.6869,61.6387,1.8384,37588.4109,89.7407,538.3845,395.5999,218.4789,430.6076,432.5446,432.5446,1046.441,1081.3617,427.0584,0.0,2.43015,2.511246,0.971205,30,216,96,2,0.20383968,0.00163983,-0.01249836,0E-8,0.000000,0.906607,0.000000,0.01775797,2026-03-22,2026-08-06,108,3621,2443,138,0.782609,1.360932,1.287360,0.679466,,,,,,,,GLOBAL_BASELINE_NO_ENTITY_RANKING,,,NOT_APPLICABLE_GLOBAL_BASELINE,HF9g-P5,,,,X 全窗基线 · 不参与实体赏罚,14199902,1420,A168_HF9F_20260827_0900,2026-08-27 09:00:00
2026-07-18,57024343,2289,0,1067.6460539802,-427.0584215921,-427.0584215921,0E-7,2,2,0.50665070000000000,0.506650700000,-1.013391052207602,-1.013391052207602,-1.013391052207602,0E-17,ELIGIBLE,R03b_20260811_FULL_v1,L1_ELIGIBILITY,v2026-08-11,2026-03-21..2026-08-06,baccarat_bet02_101_all_pairs_incl_sentinel,round_win = game_pnl > 0 (decisive only),COMPATIBILITY_ONLY_NOT_PRODUCTION,4059548.3812,3680416.6879,6656.9809,9707,9692,-0.00163983,0.01249836,-0.00525961,-0.00163983,-6656.9809,4059548.3812,OK,0.0000,266.2792,4.0000,96.0000,AG03-UNRESOLVED,ALL5_LEVELS_bet23_to_bet27,266.2792,266.2792,266.2792,0.0000,0.0000,4.000000,4.000000,4.000000,0.000000,0.000000,96.000000,96.000000,96.000000,100.000000,100.000000,5.0,798.8377,767.3102,5858.1432,5889.6706,PENDING_AG03,FALSE,NOT_FOR_ENFORCEMENT,6390.7016,3533200.0204,6656.9809,6390.7016,266.2792,0.00163983,0.00157424,266.2792,6390.7016,0.00157424,266.2792,266.2792,266.2792,0.0000,0.0000,6390.7016,0.00157424,798.8377,767.3102,5858.1432,5889.6706,0.00144305,0.00145082,0.00006559,418.2083,379.7376,0.6869,61.6387,1.8384,37588.4109,89.7407,538.3845,395.5999,218.4789,430.6076,432.5446,432.5446,1046.441,1081.3617,427.0584,0.0,2.43015,2.511246,0.971205,30,216,96,2,0.20383968,0.00163983,-0.01249836,0E-8,0.000000,0.906607,0.000000,0.01775797,2026-03-22,2026-08-06,108,3621,2443,138,0.782609,1.360932,1.287360,0.679466,,,,,,,,GLOBAL_BASELINE_NO_ENTITY_RANKING,,,NOT_APPLICABLE_GLOBAL_BASELINE,HF9g-P5,,,,X 全窗基线 · 不参与实体赏罚,14199903,1420,A168_HF9F_20260827_0900,2026-08-27 09:00:00
2026-07-18,57024343,550,0,427.0584215921,-427.0584215921,-427.0584215921,0E-7,1,1,0.50665070000000000,0.506650700000,-1.013391052207602,-1.013391052207602,-1.013391052207602,0E-17,ELIGIBLE,R03b_20260811_FULL_v1,L1_ELIGIBILITY,v2026-08-11,2026-03-21..2026-08-06,baccarat_bet02_101_all_pairs_incl_sentinel,round_win = game_pnl > 0 (decisive only),COMPATIBILITY_ONLY_NOT_PRODUCTION,4059548.3812,3680416.6879,6656.9809,9707,9692,-0.00163983,0.01249836,-0.00525961,-0.00163983,-6656.9809,4059548.3812,OK,0.0000,266.2792,4.0000,96.0000,AG03-UNRESOLVED,ALL5_LEVELS_bet23_to_bet27,266.2792,266.2792,266.2792,0.0000,0.0000,4.000000,4.000000,4.000000,0.000000,0.000000,96.000000,96.000000,96.000000,100.000000,100.000000,5.0,798.8377,767.3102,5858.1432,5889.6706,PENDING_AG03,FALSE,NOT_FOR_ENFORCEMENT,6390.7016,3533200.0204,6656.9809,6390.7016,266.2792,0.00163983,0.00157424,266.2792,6390.7016,0.00157424,266.2792,266.2792,266.2792,0.0000,0.0000,6390.7016,0.00157424,798.8377,767.3102,5858.1432,5889.6706,0.00144305,0.00145082,0.00006559,418.2083,379.7376,0.6869,61.6387,1.8384,37588.4109,89.7407,538.3845,395.5999,218.4789,430.6076,432.5446,432.5446,1046.441,1081.3617,427.0584,0.0,2.43015,2.511246,0.971205,30,216,96,2,0.20383968,0.00163983,-0.01249836,0E-8,0.000000,0.906607,0.000000,0.01775797,2026-03-22,2026-08-06,108,3621,2443,138,0.782609,1.360932,1.287360,0.679466,,,,,,,,GLOBAL_BASELINE_NO_ENTITY_RANKING,,,NOT_APPLICABLE_GLOBAL_BASELINE,HF9g-P5,,,,X 全窗基线 · 不参与实体赏罚,14199904,1420,A168_HF9F_20260827_0900,2026-08-27 09:00:00
2026-07-18,57024343,772,0,427.0584215921,-427.0584215921,-427.0584215921,0E-7,1,1,0.50665070000000000,0.506650700000,-1.013391052207602,-1.013391052207602,-1.013391052207602,0E-17,ELIGIBLE,R03b_20260811_FULL_v1,L1_ELIGIBILITY,v2026-08-11,2026-03-21..2026-08-06,baccarat_bet02_101_all_pairs_incl_sentinel,round_win = game_pnl > 0 (decisive only),COMPATIBILITY_ONLY_NOT_PRODUCTION,4059548.3812,3680416.6879,6656.9809,9707,9692,-0.00163983,0.01249836,-0.00525961,-0.00163983,-6656.9809,4059548.3812,OK,0.0000,266.2792,4.0000,96.0000,AG03-UNRESOLVED,ALL5_LEVELS_bet23_to_bet27,266.2792,266.2792,266.2792,0.0000,0.0000,4.000000,4.000000,4.000000,0.000000,0.000000,96.000000,96.000000,96.000000,100.000000,100.000000,5.0,798.8377,767.3102,5858.1432,5889.6706,PENDING_AG03,FALSE,NOT_FOR_ENFORCEMENT,6390.7016,3533200.0204,6656.9809,6390.7016,266.2792,0.00163983,0.00157424,266.2792,6390.7016,0.00157424,266.2792,266.2792,266.2792,0.0000,0.0000,6390.7016,0.00157424,798.8377,767.3102,5858.1432,5889.6706,0.00144305,0.00145082,0.00006559,418.2083,379.7376,0.6869,61.6387,1.8384,37588.4109,89.7407,538.3845,395.5999,218.4789,430.6076,432.5446,432.5446,1046.441,1081.3617,427.0584,0.0,2.43015,2.511246,0.971205,30,216,96,2,0.20383968,0.00163983,-0.01249836,0E-8,0.000000,0.906607,0.000000,0.01775797,2026-03-22,2026-08-06,108,3621,2443,138,0.782609,1.360932,1.287360,0.679466,,,,,,,,GLOBAL_BASELINE_NO_ENTITY_RANKING,,,NOT_APPLICABLE_GLOBAL_BASELINE,HF9g-P5,,,,X 全窗基线 · 不参与实体赏罚,14199905,1420,A168_HF9F_20260827_0900,2026-08-27 09:00:00
2026-07-18,57024343,915,0,427.0584215921,405.7055005125,405.7055005125,1.0000000,1,1,0.50665070000000000,0.506650700000,0.9867858985152569,0.9867858985152569,0.9867858985152569,0E-17,ELIGIBLE,R03b_20260811_FULL_v1,L1_ELIGIBILITY,v2026-08-11,2026-03-21..2026-08-06,baccarat_bet02_101_all_pairs_incl_sentinel,round_win = game_pnl > 0 (decisive only),COMPATIBILITY_ONLY_NOT_PRODUCTION,4059548.3812,3680416.6879,6656.9809,9707,9692,-0.00163983,0.01249836,-0.00525961,-0.00163983,-6656.9809,4059548.3812,OK,0.0000,266.2792,4.0000,96.0000,AG03-UNRESOLVED,ALL5_LEVELS_bet23_to_bet27,266.2792,266.2792,266.2792,0.0000,0.0000,4.000000,4.000000,4.000000,0.000000,0.000000,96.000000,96.000000,96.000000,100.000000,100.000000,5.0,798.8377,767.3102,5858.1432,5889.6706,PENDING_AG03,FALSE,NOT_FOR_ENFORCEMENT,6390.7016,3533200.0204,6656.9809,6390.7016,266.2792,0.00163983,0.00157424,266.2792,6390.7016,0.00157424,266.2792,266.2792,266.2792,0.0000,0.0000,6390.7016,0.00157424,798.8377,767.3102,5858.1432,5889.6706,0.00144305,0.00145082,0.00006559,418.2083,379.7376,0.6869,61.6387,1.8384,37588.4109,89.7407,538.3845,395.5999,218.4789,430.6076,432.5446,432.5446,1046.441,1081.3617,427.0584,0.0,2.43015,2.511246,0.971205,30,216,96,2,0.20383968,0.00163983,-0.01249836,0E-8,0.000000,0.906607,0.000000,0.01775797,2026-03-22,2026-08-06,108,3621,2443,138,0.782609,1.360932,1.287360,0.679466,,,,,,,,GLOBAL_BASELINE_NO_ENTITY_RANKING,,,NOT_APPLICABLE_GLOBAL_BASELINE,HF9g-P5,,,,X 全窗基线 · 不参与实体赏罚,14199906,1420,A168_HF9F_20260827_0900,2026-08-27 09:00:00
2026-07-18,57024343,919,0,427.0584215921,-427.0584215921,-427.0584215921,0E-7,1,1,0.50665070000000000,0.506650700000,-1.013391052207602,-1.013391052207602,-1.013391052207602,0E-17,ELIGIBLE,R03b_20260811_FULL_v1,L1_ELIGIBILITY,v2026-08-11,2026-03-21..2026-08-06,baccarat_bet02_101_all_pairs_incl_sentinel,round_win = game_pnl > 0 (decisive only),COMPATIBILITY_ONLY_NOT_PRODUCTION,4059548.3812,3680416.6879,6656.9809,9707,9692,-0.00163983,0.01249836,-0.00525961,-0.00163983,-6656.9809,4059548.3812,OK,0.0000,266.2792,4.0000,96.0000,AG03-UNRESOLVED,ALL5_LEVELS_bet23_to_bet27,266.2792,266.2792,266.2792,0.0000,0.0000,4.000000,4.000000,4.000000,0.000000,0.000000,96.000000,96.000000,96.000000,100.000000,100.000000,5.0,798.8377,767.3102,5858.1432,5889.6706,PENDING_AG03,FALSE,NOT_FOR_ENFORCEMENT,6390.7016,3533200.0204,6656.9809,6390.7016,266.2792,0.00163983,0.00157424,266.2792,6390.7016,0.00157424,266.2792,266.2792,266.2792,0.0000,0.0000,6390.7016,0.00157424,798.8377,767.3102,5858.1432,5889.6706,0.00144305,0.00145082,0.00006559,418.2083,379.7376,0.6869,61.6387,1.8384,37588.4109,89.7407,538.3845,395.5999,218.4789,430.6076,432.5446,432.5446,1046.441,1081.3617,427.0584,0.0,2.43015,2.511246,0.971205,30,216,96,2,0.20383968,0.00163983,-0.01249836,0E-8,0.000000,0.906607,0.000000,0.01775797,2026-03-22,2026-08-06,108,3621,2443,138,0.782609,1.360932,1.287360,0.679466,,,,,,,,GLOBAL_BASELINE_NO_ENTITY_RANKING,,,NOT_APPLICABLE_GLOBAL_BASELINE,HF9g-P5,,,,X 全窗基线 · 不参与实体赏罚,14199907,1420,A168_HF9F_20260827_0900,2026-08-27 09:00:00
2026-07-19,57024343,-1,1,12811.7526477630,2626.4092927915,2626.4092927915,0.6296296,30,30,0.50620386000000000,0.506203860000,1.2827769703009282,1.2827769703009284,1.2827769703009282,0E-17,SENTINEL_DEALER,R03b_20260811_FULL_v1,L1_ELIGIBILITY,v2026-08-11,2026-03-21..2026-08-06,baccarat_bet02_101_all_pairs_incl_sentinel,round_win = game_pnl > 0 (decisive only),COMPATIBILITY_ONLY_NOT_PRODUCTION,4059548.3812,3680416.6879,6656.9809,9707,9692,-0.00163983,0.01249836,-0.00525961,-0.00163983,-6656.9809,4059548.3812,OK,0.0000,266.2792,4.0000,96.0000,AG03-UNRESOLVED,ALL5_LEVELS_bet23_to_bet27,266.2792,266.2792,266.2792,0.0000,0.0000,4.000000,4.000000,4.000000,0.000000,0.000000,96.000000,96.000000,96.000000,100.000000,100.000000,5.0,798.8377,767.3102,5858.1432,5889.6706,PENDING_AG03,FALSE,NOT_FOR_ENFORCEMENT,6390.7016,3533200.0204,6656.9809,6390.7016,266.2792,0.00163983,0.00157424,266.2792,6390.7016,0.00157424,266.2792,266.2792,266.2792,0.0000,0.0000,6390.7016,0.00157424,798.8377,767.3102,5858.1432,5889.6706,0.00144305,0.00145082,0.00006559,418.2083,379.7376,0.6869,61.6387,1.8384,37588.4109,89.7407,538.3845,395.5999,218.4789,430.6076,432.5446,432.5446,1046.441,1081.3617,427.0584,0.0,2.43015,2.511246,0.971205,30,216,96,2,0.20383968,0.00163983,-0.01249836,0E-8,0.000000,0.906607,0.000000,0.01775797,2026-03-22,2026-08-06,108,3621,2443,138,0.782609,1.360932,1.287360,0.679466,,,,,,,,GLOBAL_BASELINE_NO_ENTITY_RANKING,,,NOT_APPLICABLE_GLOBAL_BASELINE,HF9g-P5,,,,X 全窗基线 · 不参与实体赏罚,14199908,1420,A168_HF9F_20260827_0900,2026-08-27 09:00:00
2026-07-19,57024343,1396,0,3843.5257943289,1153.0577382987,1153.0577382987,0.6666667,9,9,0.50665070000000000,0.506650700000,0.9601807448229117,0.9601807448229117,0.9601807448229117,0E-17,ELIGIBLE,R03b_20260811_FULL_v1,L1_ELIGIBILITY,v2026-08-11,2026-03-21..2026-08-06,baccarat_bet02_101_all_pairs_incl_sentinel,round_win = game_pnl > 0 (decisive only),COMPATIBILITY_ONLY_NOT_PRODUCTION,4059548.3812,3680416.6879,6656.9809,9707,9692,-0.00163983,0.01249836,-0.00525961,-0.00163983,-6656.9809,4059548.3812,OK,0.0000,266.2792,4.0000,96.0000,AG03-UNRESOLVED,ALL5_LEVELS_bet23_to_bet27,266.2792,266.2792,266.2792,0.0000,0.0000,4.000000,4.000000,4.000000,0.000000,0.000000,96.000000,96.000000,96.000000,100.000000,100.000000,5.0,798.8377,767.3102,5858.1432,5889.6706,PENDING_AG03,FALSE,NOT_FOR_ENFORCEMENT,6390.7016,3533200.0204,6656.9809,6390.7016,266.2792,0.00163983,0.00157424,266.2792,6390.7016,0.00157424,266.2792,266.2792,266.2792,0.0000,0.0000,6390.7016,0.00157424,798.8377,767.3102,5858.1432,5889.6706,0.00144305,0.00145082,0.00006559,418.2083,379.7376,0.6869,61.6387,1.8384,37588.4109,89.7407,538.3845,395.5999,218.4789,430.6076,432.5446,432.5446,1046.441,1081.3617,427.0584,0.0,2.43015,2.511246,0.971205,30,216,96,2,0.20383968,0.00163983,-0.01249836,0E-8,0.000000,0.906607,0.000000,0.01775797,2026-03-22,2026-08-06,108,3621,2443,138,0.782609,1.360932,1.287360,0.679466,,,,,,,,GLOBAL_BASELINE_NO_ENTITY_RANKING,,,NOT_APPLICABLE_GLOBAL_BASELINE,HF9g-P5,,,,X 全窗基线 · 不参与实体赏罚,14199909,1420,A168_HF9F_20260827_0900,2026-08-27 09:00:00
2026-07-19,57024343,1507,0,1708.2336863684,-42.7058421592,-42.7058421592,0.5000000,4,4,0.50665070000000000,0.506650700000,-0.02660515369234503,-0.02660515369234503,-0.02660515369234503,0E-17,ELIGIBLE,R03b_20260811_FULL_v1,L1_ELIGIBILITY,v2026-08-11,2026-03-21..2026-08-06,baccarat_bet02_101_all_pairs_incl_sentinel,round_win = game_pnl > 0 (decisive only),COMPATIBILITY_ONLY_NOT_PRODUCTION,4059548.3812,3680416.6879,6656.9809,9707,9692,-0.00163983,0.01249836,-0.00525961,-0.00163983,-6656.9809,4059548.3812,OK,0.0000,266.2792,4.0000,96.0000,AG03-UNRESOLVED,ALL5_LEVELS_bet23_to_bet27,266.2792,266.2792,266.2792,0.0000,0.0000,4.000000,4.000000,4.000000,0.000000,0.000000,96.000000,96.000000,96.000000,100.000000,100.000000,5.0,798.8377,767.3102,5858.1432,5889.6706,PENDING_AG03,FALSE,NOT_FOR_ENFORCEMENT,6390.7016,3533200.0204,6656.9809,6390.7016,266.2792,0.00163983,0.00157424,266.2792,6390.7016,0.00157424,266.2792,266.2792,266.2792,0.0000,0.0000,6390.7016,0.00157424,798.8377,767.3102,5858.1432,5889.6706,0.00144305,0.00145082,0.00006559,418.2083,379.7376,0.6869,61.6387,1.8384,37588.4109,89.7407,538.3845,395.5999,218.4789,430.6076,432.5446,432.5446,1046.441,1081.3617,427.0584,0.0,2.43015,2.511246,0.971205,30,216,96,2,0.20383968,0.00163983,-0.01249836,0E-8,0.000000,0.906607,0.000000,0.01775797,2026-03-22,2026-08-06,108,3621,2443,138,0.782609,1.360932,1.287360,0.679466,,,,,,,,GLOBAL_BASELINE_NO_ENTITY_RANKING,,,NOT_APPLICABLE_GLOBAL_BASELINE,HF9g-P5,,,,X 全窗基线 · 不参与实体赏罚,14199910,1420,A168_HF9F_20260827_0900,2026-08-27 09:00:00
2026-07-19,57024343,1654,0,2135.2921079605,1195.7635804579,1195.7635804579,0.8000000,5,5,0.50665070000000000,0.506650700000,1.3120140225494112,1.3120140225494112,1.3120140225494112,0E-17,ELIGIBLE,R03b_20260811_FULL_v1,L1_ELIGIBILITY,v2026-08-11,2026-03-21..2026-08-06,baccarat_bet02_101_all_pairs_incl_sentinel,round_win = game_pnl > 0 (decisive only),COMPATIBILITY_ONLY_NOT_PRODUCTION,4059548.3812,3680416.6879,6656.9809,9707,9692,-0.00163983,0.01249836,-0.00525961,-0.00163983,-6656.9809,4059548.3812,OK,0.0000,266.2792,4.0000,96.0000,AG03-UNRESOLVED,ALL5_LEVELS_bet23_to_bet27,266.2792,266.2792,266.2792,0.0000,0.0000,4.000000,4.000000,4.000000,0.000000,0.000000,96.000000,96.000000,96.000000,100.000000,100.000000,5.0,798.8377,767.3102,5858.1432,5889.6706,PENDING_AG03,FALSE,NOT_FOR_ENFORCEMENT,6390.7016,3533200.0204,6656.9809,6390.7016,266.2792,0.00163983,0.00157424,266.2792,6390.7016,0.00157424,266.2792,266.2792,266.2792,0.0000,0.0000,6390.7016,0.00157424,798.8377,767.3102,5858.1432,5889.6706,0.00144305,0.00145082,0.00006559,418.2083,379.7376,0.6869,61.6387,1.8384,37588.4109,89.7407,538.3845,395.5999,218.4789,430.6076,432.5446,432.5446,1046.441,1081.3617,427.0584,0.0,2.43015,2.511246,0.971205,30,216,96,2,0.20383968,0.00163983,-0.01249836,0E-8,0.000000,0.906607,0.000000,0.01775797,2026-03-22,2026-08-06,108,3621,2443,138,0.782609,1.360932,1.287360,0.679466,,,,,,,,GLOBAL_BASELINE_NO_ENTITY_RANKING,,,NOT_APPLICABLE_GLOBAL_BASELINE,HF9g-P5,,,,X 全窗基线 · 不参与实体赏罚,14199911,1420,A168_HF9F_20260827_0900,2026-08-27 09:00:00
2026-07-19,57024343,1687,0,2135.2921079605,362.9996583533,362.9996583533,0.6000000,5,5,0.50665070000000000,0.506650700000,0.4175076967804994,0.4175076967804994,0.4175076967804994,0E-17,ELIGIBLE,R03b_20260811_FULL_v1,L1_ELIGIBILITY,v2026-08-11,2026-03-21..2026-08-06,baccarat_bet02_101_all_pairs_incl_sentinel,round_win = game_pnl > 0 (decisive only),COMPATIBILITY_ONLY_NOT_PRODUCTION,4059548.3812,3680416.6879,6656.9809,9707,9692,-0.00163983,0.01249836,-0.00525961,-0.00163983,-6656.9809,4059548.3812,OK,0.0000,266.2792,4.0000,96.0000,AG03-UNRESOLVED,ALL5_LEVELS_bet23_to_bet27,266.2792,266.2792,266.2792,0.0000,0.0000,4.000000,4.000000,4.000000,0.000000,0.000000,96.000000,96.000000,96.000000,100.000000,100.000000,5.0,798.8377,767.3102,5858.1432,5889.6706,PENDING_AG03,FALSE,NOT_FOR_ENFORCEMENT,6390.7016,3533200.0204,6656.9809,6390.7016,266.2792,0.00163983,0.00157424,266.2792,6390.7016,0.00157424,266.2792,266.2792,266.2792,0.0000,0.0000,6390.7016,0.00157424,798.8377,767.3102,5858.1432,5889.6706,0.00144305,0.00145082,0.00006559,418.2083,379.7376,0.6869,61.6387,1.8384,37588.4109,89.7407,538.3845,395.5999,218.4789,430.6076,432.5446,432.5446,1046.441,1081.3617,427.0584,0.0,2.43015,2.511246,0.971205,30,216,96,2,0.20383968,0.00163983,-0.01249836,0E-8,0.000000,0.906607,0.000000,0.01775797,2026-03-22,2026-08-06,108,3621,2443,138,0.782609,1.360932,1.287360,0.679466,,,,,,,,GLOBAL_BASELINE_NO_ENTITY_RANKING,,,NOT_APPLICABLE_GLOBAL_BASELINE,HF9g-P5,,,,X 全窗基线 · 不参与实体赏罚,14199912,1420,A168_HF9F_20260827_0900,2026-08-27 09:00:00
2026-07-19,57024343,1942,0,854.1168431842,-21.3529210796,-21.3529210796,0.5000000,2,2,0.50665070000000000,0.506650700000,-0.018812684590367487,-0.018812684590367487,-0.018812684590367487,0E-17,ELIGIBLE,R03b_20260811_FULL_v1,L1_ELIGIBILITY,v2026-08-11,2026-03-21..2026-08-06,baccarat_bet02_101_all_pairs_incl_sentinel,round_win = game_pnl > 0 (decisive only),COMPATIBILITY_ONLY_NOT_PRODUCTION,4059548.3812,3680416.6879,6656.9809,9707,9692,-0.00163983,0.01249836,-0.00525961,-0.00163983,-6656.9809,4059548.3812,OK,0.0000,266.2792,4.0000,96.0000,AG03-UNRESOLVED,ALL5_LEVELS_bet23_to_bet27,266.2792,266.2792,266.2792,0.0000,0.0000,4.000000,4.000000,4.000000,0.000000,0.000000,96.000000,96.000000,96.000000,100.000000,100.000000,5.0,798.8377,767.3102,5858.1432,5889.6706,PENDING_AG03,FALSE,NOT_FOR_ENFORCEMENT,6390.7016,3533200.0204,6656.9809,6390.7016,266.2792,0.00163983,0.00157424,266.2792,6390.7016,0.00157424,266.2792,266.2792,266.2792,0.0000,0.0000,6390.7016,0.00157424,798.8377,767.3102,5858.1432,5889.6706,0.00144305,0.00145082,0.00006559,418.2083,379.7376,0.6869,61.6387,1.8384,37588.4109,89.7407,538.3845,395.5999,218.4789,430.6076,432.5446,432.5446,1046.441,1081.3617,427.0584,0.0,2.43015,2.511246,0.971205,30,216,96,2,0.20383968,0.00163983,-0.01249836,0E-8,0.000000,0.906607,0.000000,0.01775797,2026-03-22,2026-08-06,108,3621,2443,138,0.782609,1.360932,1.287360,0.679466,,,,,,,,GLOBAL_BASELINE_NO_ENTITY_RANKING,,,NOT_APPLICABLE_GLOBAL_BASELINE,HF9g-P5,,,,X 全窗基线 · 不参与实体赏罚,14199913,1420,A168_HF9F_20260827_0900,2026-08-27 09:00:00
2026-07-19,57024343,2101,0,1708.2336863684,-1708.2336863684,-1708.2336863684,0E-7,4,4,0.50665070000000000,0.506650700000,-2.026782104415204,-2.026782104415204,-2.026782104415204,0E-17,ELIGIBLE,R03b_20260811_FULL_v1,L1_ELIGIBILITY,v2026-08-11,2026-03-21..2026-08-06,baccarat_bet02_101_all_pairs_incl_sentinel,round_win = game_pnl > 0 (decisive only),COMPATIBILITY_ONLY_NOT_PRODUCTION,4059548.3812,3680416.6879,6656.9809,9707,9692,-0.00163983,0.01249836,-0.00525961,-0.00163983,-6656.9809,4059548.3812,OK,0.0000,266.2792,4.0000,96.0000,AG03-UNRESOLVED,ALL5_LEVELS_bet23_to_bet27,266.2792,266.2792,266.2792,0.0000,0.0000,4.000000,4.000000,4.000000,0.000000,0.000000,96.000000,96.000000,96.000000,100.000000,100.000000,5.0,798.8377,767.3102,5858.1432,5889.6706,PENDING_AG03,FALSE,NOT_FOR_ENFORCEMENT,6390.7016,3533200.0204,6656.9809,6390.7016,266.2792,0.00163983,0.00157424,266.2792,6390.7016,0.00157424,266.2792,266.2792,266.2792,0.0000,0.0000,6390.7016,0.00157424,798.8377,767.3102,5858.1432,5889.6706,0.00144305,0.00145082,0.00006559,418.2083,379.7376,0.6869,61.6387,1.8384,37588.4109,89.7407,538.3845,395.5999,218.4789,430.6076,432.5446,432.5446,1046.441,1081.3617,427.0584,0.0,2.43015,2.511246,0.971205,30,216,96,2,0.20383968,0.00163983,-0.01249836,0E-8,0.000000,0.906607,0.000000,0.01775797,2026-03-22,2026-08-06,108,3621,2443,138,0.782609,1.360932,1.287360,0.679466,,,,,,,,GLOBAL_BASELINE_NO_ENTITY_RANKING,,,NOT_APPLICABLE_GLOBAL_BASELINE,HF9g-P5,,,,X 全窗基线 · 不参与实体赏罚,14199914,1420,A168_HF9F_20260827_0900,2026-08-27 09:00:00
2026-07-19,57024343,2106,0,427.0584215921,-427.0584215921,-427.0584215921,0E-7,1,1,0.50665070000000000,0.506650700000,-1.013391052207602,-1.013391052207602,-1.013391052207602,0E-17,ELIGIBLE,R03b_20260811_FULL_v1,L1_ELIGIBILITY,v2026-08-11,2026-03-21..2026-08-06,baccarat_bet02_101_all_pairs_incl_sentinel,round_win = game_pnl > 0 (decisive only),COMPATIBILITY_ONLY_NOT_PRODUCTION,4059548.3812,3680416.6879,6656.9809,9707,9692,-0.00163983,0.01249836,-0.00525961,-0.00163983,-6656.9809,4059548.3812,OK,0.0000,266.2792,4.0000,96.0000,AG03-UNRESOLVED,ALL5_LEVELS_bet23_to_bet27,266.2792,266.2792,266.2792,0.0000,0.0000,4.000000,4.000000,4.000000,0.000000,0.000000,96.000000,96.000000,96.000000,100.000000,100.000000,5.0,798.8377,767.3102,5858.1432,5889.6706,PENDING_AG03,FALSE,NOT_FOR_ENFORCEMENT,6390.7016,3533200.0204,6656.9809,6390.7016,266.2792,0.00163983,0.00157424,266.2792,6390.7016,0.00157424,266.2792,266.2792,266.2792,0.0000,0.0000,6390.7016,0.00157424,798.8377,767.3102,5858.1432,5889.6706,0.00144305,0.00145082,0.00006559,418.2083,379.7376,0.6869,61.6387,1.8384,37588.4109,89.7407,538.3845,395.5999,218.4789,430.6076,432.5446,432.5446,1046.441,1081.3617,427.0584,0.0,2.43015,2.511246,0.971205,30,216,96,2,0.20383968,0.00163983,-0.01249836,0E-8,0.000000,0.906607,0.000000,0.01775797,2026-03-22,2026-08-06,108,3621,2443,138,0.782609,1.360932,1.287360,0.679466,,,,,,,,GLOBAL_BASELINE_NO_ENTITY_RANKING,,,NOT_APPLICABLE_GLOBAL_BASELINE,HF9g-P5,,,,X 全窗基线 · 不参与实体赏罚,14199915,1420,A168_HF9F_20260827_0900,2026-08-27 09:00:00
2026-07-19,57024343,2121,0,854.1168431842,-21.3529210796,-21.3529210796,0.5000000,2,2,0.50665070000000000,0.506650700000,-0.018812684590367487,-0.018812684590367487,-0.018812684590367487,0E-17,ELIGIBLE,R03b_20260811_FULL_v1,L1_ELIGIBILITY,v2026-08-11,2026-03-21..2026-08-06,baccarat_bet02_101_all_pairs_incl_sentinel,round_win = game_pnl > 0 (decisive only),COMPATIBILITY_ONLY_NOT_PRODUCTION,4059548.3812,3680416.6879,6656.9809,9707,9692,-0.00163983,0.01249836,-0.00525961,-0.00163983,-6656.9809,4059548.3812,OK,0.0000,266.2792,4.0000,96.0000,AG03-UNRESOLVED,ALL5_LEVELS_bet23_to_bet27,266.2792,266.2792,266.2792,0.0000,0.0000,4.000000,4.000000,4.000000,0.000000,0.000000,96.000000,96.000000,96.000000,100.000000,100.000000,5.0,798.8377,767.3102,5858.1432,5889.6706,PENDING_AG03,FALSE,NOT_FOR_ENFORCEMENT,6390.7016,3533200.0204,6656.9809,6390.7016,266.2792,0.00163983,0.00157424,266.2792,6390.7016,0.00157424,266.2792,266.2792,266.2792,0.0000,0.0000,6390.7016,0.00157424,798.8377,767.3102,5858.1432,5889.6706,0.00144305,0.00145082,0.00006559,418.2083,379.7376,0.6869,61.6387,1.8384,37588.4109,89.7407,538.3845,395.5999,218.4789,430.6076,432.5446,432.5446,1046.441,1081.3617,427.0584,0.0,2.43015,2.511246,0.971205,30,216,96,2,0.20383968,0.00163983,-0.01249836,0E-8,0.000000,0.906607,0.000000,0.01775797,2026-03-22,2026-08-06,108,3621,2443,138,0.782609,1.360932,1.287360,0.679466,,,,,,,,GLOBAL_BASELINE_NO_ENTITY_RANKING,,,NOT_APPLICABLE_GLOBAL_BASELINE,HF9g-P5,,,,X 全窗基线 · 不参与实体赏罚,14199916,1420,A168_HF9F_20260827_0900,2026-08-27 09:00:00
2026-07-19,57024343,2130,0,854.1168431842,405.7055005125,405.7055005125,1.0000000,2,2,0.50665070000000000,0.506650700000,0.9867858985152569,0.9867858985152569,0.9867858985152569,0E-17,ELIGIBLE,R03b_20260811_FULL_v1,L1_ELIGIBILITY,v2026-08-11,2026-03-21..2026-08-06,baccarat_bet02_101_all_pairs_incl_sentinel,round_win = game_pnl > 0 (decisive only),COMPATIBILITY_ONLY_NOT_PRODUCTION,4059548.3812,3680416.6879,6656.9809,9707,9692,-0.00163983,0.01249836,-0.00525961,-0.00163983,-6656.9809,4059548.3812,OK,0.0000,266.2792,4.0000,96.0000,AG03-UNRESOLVED,ALL5_LEVELS_bet23_to_bet27,266.2792,266.2792,266.2792,0.0000,0.0000,4.000000,4.000000,4.000000,0.000000,0.000000,96.000000,96.000000,96.000000,100.000000,100.000000,5.0,798.8377,767.3102,5858.1432,5889.6706,PENDING_AG03,FALSE,NOT_FOR_ENFORCEMENT,6390.7016,3533200.0204,6656.9809,6390.7016,266.2792,0.00163983,0.00157424,266.2792,6390.7016,0.00157424,266.2792,266.2792,266.2792,0.0000,0.0000,6390.7016,0.00157424,798.8377,767.3102,5858.1432,5889.6706,0.00144305,0.00145082,0.00006559,418.2083,379.7376,0.6869,61.6387,1.8384,37588.4109,89.7407,538.3845,395.5999,218.4789,430.6076,432.5446,432.5446,1046.441,1081.3617,427.0584,0.0,2.43015,2.511246,0.971205,30,216,96,2,0.20383968,0.00163983,-0.01249836,0E-8,0.000000,0.906607,0.000000,0.01775797,2026-03-22,2026-08-06,108,3621,2443,138,0.782609,1.360932,1.287360,0.679466,,,,,,,,GLOBAL_BASELINE_NO_ENTITY_RANKING,,,NOT_APPLICABLE_GLOBAL_BASELINE,HF9g-P5,,,,X 全窗基线 · 不参与实体赏罚,14199917,1420,A168_HF9F_20260827_0900,2026-08-27 09:00:00
2026-07-19,57024343,2134,0,854.1168431842,405.7055005125,405.7055005125,1.0000000,2,2,0.50665070000000000,0.506650700000,0.9867858985152569,0.9867858985152569,0.9867858985152569,0E-17,ELIGIBLE,R03b_20260811_FULL_v1,L1_ELIGIBILITY,v2026-08-11,2026-03-21..2026-08-06,baccarat_bet02_101_all_pairs_incl_sentinel,round_win = game_pnl > 0 (decisive only),COMPATIBILITY_ONLY_NOT_PRODUCTION,4059548.3812,3680416.6879,6656.9809,9707,9692,-0.00163983,0.01249836,-0.00525961,-0.00163983,-6656.9809,4059548.3812,OK,0.0000,266.2792,4.0000,96.0000,AG03-UNRESOLVED,ALL5_LEVELS_bet23_to_bet27,266.2792,266.2792,266.2792,0.0000,0.0000,4.000000,4.000000,4.000000,0.000000,0.000000,96.000000,96.000000,96.000000,100.000000,100.000000,5.0,798.8377,767.3102,5858.1432,5889.6706,PENDING_AG03,FALSE,NOT_FOR_ENFORCEMENT,6390.7016,3533200.0204,6656.9809,6390.7016,266.2792,0.00163983,0.00157424,266.2792,6390.7016,0.00157424,266.2792,266.2792,266.2792,0.0000,0.0000,6390.7016,0.00157424,798.8377,767.3102,5858.1432,5889.6706,0.00144305,0.00145082,0.00006559,418.2083,379.7376,0.6869,61.6387,1.8384,37588.4109,89.7407,538.3845,395.5999,218.4789,430.6076,432.5446,432.5446,1046.441,1081.3617,427.0584,0.0,2.43015,2.511246,0.971205,30,216,96,2,0.20383968,0.00163983,-0.01249836,0E-8,0.000000,0.906607,0.000000,0.01775797,2026-03-22,2026-08-06,108,3621,2443,138,0.782609,1.360932,1.287360,0.679466,,,,,,,,GLOBAL_BASELINE_NO_ENTITY_RANKING,,,NOT_APPLICABLE_GLOBAL_BASELINE,HF9g-P5,,,,X 全窗基线 · 不参与实体赏罚,14199918,1420,A168_HF9F_20260827_0900,2026-08-27 09:00:00
2026-07-19,57024343,2141,0,213.5292107960,202.8527502562,202.8527502562,1.0000000,1,1,0.50665070000000000,0.506650700000,0.9867858985152569,0.9867858985152569,0.9867858985152569,0E-17,ELIGIBLE,R03b_20260811_FULL_v1,L1_ELIGIBILITY,v2026-08-11,2026-03-21..2026-08-06,baccarat_bet02_101_all_pairs_incl_sentinel,round_win = game_pnl > 0 (decisive only),COMPATIBILITY_ONLY_NOT_PRODUCTION,4059548.3812,3680416.6879,6656.9809,9707,9692,-0.00163983,0.01249836,-0.00525961,-0.00163983,-6656.9809,4059548.3812,OK,0.0000,266.2792,4.0000,96.0000,AG03-UNRESOLVED,ALL5_LEVELS_bet23_to_bet27,266.2792,266.2792,266.2792,0.0000,0.0000,4.000000,4.000000,4.000000,0.000000,0.000000,96.000000,96.000000,96.000000,100.000000,100.000000,5.0,798.8377,767.3102,5858.1432,5889.6706,PENDING_AG03,FALSE,NOT_FOR_ENFORCEMENT,6390.7016,3533200.0204,6656.9809,6390.7016,266.2792,0.00163983,0.00157424,266.2792,6390.7016,0.00157424,266.2792,266.2792,266.2792,0.0000,0.0000,6390.7016,0.00157424,798.8377,767.3102,5858.1432,5889.6706,0.00144305,0.00145082,0.00006559,418.2083,379.7376,0.6869,61.6387,1.8384,37588.4109,89.7407,538.3845,395.5999,218.4789,430.6076,432.5446,432.5446,1046.441,1081.3617,427.0584,0.0,2.43015,2.511246,0.971205,30,216,96,2,0.20383968,0.00163983,-0.01249836,0E-8,0.000000,0.906607,0.000000,0.01775797,2026-03-22,2026-08-06,108,3621,2443,138,0.782609,1.360932,1.287360,0.679466,,,,,,,,GLOBAL_BASELINE_NO_ENTITY_RANKING,,,NOT_APPLICABLE_GLOBAL_BASELINE,HF9g-P5,,,,X 全窗基线 · 不参与实体赏罚,14199919,1420,A168_HF9F_20260827_0900,2026-08-27 09:00:00
2026-07-19,57024343,2153,0,427.0584215921,0E-10,0E-10,,1,1,0.50665070000000000,0.506650700000,,,,0E-17,NO_DECISIVE_ROUND,R03b_20260811_FULL_v1,L1_ELIGIBILITY,v2026-08-11,2026-03-21..2026-08-06,baccarat_bet02_101_all_pairs_incl_sentinel,round_win = game_pnl > 0 (decisive only),COMPATIBILITY_ONLY_NOT_PRODUCTION,4059548.3812,3680416.6879,6656.9809,9707,9692,-0.00163983,0.01249836,-0.00525961,-0.00163983,-6656.9809,4059548.3812,OK,0.0000,266.2792,4.0000,96.0000,AG03-UNRESOLVED,ALL5_LEVELS_bet23_to_bet27,266.2792,266.2792,266.2792,0.0000,0.0000,4.000000,4.000000,4.000000,0.000000,0.000000,96.000000,96.000000,96.000000,100.000000,100.000000,5.0,798.8377,767.3102,5858.1432,5889.6706,PENDING_AG03,FALSE,NOT_FOR_ENFORCEMENT,6390.7016,3533200.0204,6656.9809,6390.7016,266.2792,0.00163983,0.00157424,266.2792,6390.7016,0.00157424,266.2792,266.2792,266.2792,0.0000,0.0000,6390.7016,0.00157424,798.8377,767.3102,5858.1432,5889.6706,0.00144305,0.00145082,0.00006559,418.2083,379.7376,0.6869,61.6387,1.8384,37588.4109,89.7407,538.3845,395.5999,218.4789,430.6076,432.5446,432.5446,1046.441,1081.3617,427.0584,0.0,2.43015,2.511246,0.971205,30,216,96,2,0.20383968,0.00163983,-0.01249836,0E-8,0.000000,0.906607,0.000000,0.01775797,2026-03-22,2026-08-06,108,3621,2443,138,0.782609,1.360932,1.287360,0.679466,,,,,,,,GLOBAL_BASELINE_NO_ENTITY_RANKING,,,NOT_APPLICABLE_GLOBAL_BASELINE,HF9g-P5,,,,X 全窗基线 · 不参与实体赏罚,14199920,1420,A168_HF9F_20260827_0900,2026-08-27 09:00:00
2026-07-19,57024343,2169,0,2562.3505295526,362.9996583533,362.9996583533,0.6000000,6,6,0.50665070000000000,0.506650700000,0.4175076967804994,0.4175076967804994,0.4175076967804994,0E-17,ELIGIBLE,R03b_20260811_FULL_v1,L1_ELIGIBILITY,v2026-08-11,2026-03-21..2026-08-06,baccarat_bet02_101_all_pairs_incl_sentinel,round_win = game_pnl > 0 (decisive only),COMPATIBILITY_ONLY_NOT_PRODUCTION,4059548.3812,3680416.6879,6656.9809,9707,9692,-0.00163983,0.01249836,-0.00525961,-0.00163983,-6656.9809,4059548.3812,OK,0.0000,266.2792,4.0000,96.0000,AG03-UNRESOLVED,ALL5_LEVELS_bet23_to_bet27,266.2792,266.2792,266.2792,0.0000,0.0000,4.000000,4.000000,4.000000,0.000000,0.000000,96.000000,96.000000,96.000000,100.000000,100.000000,5.0,798.8377,767.3102,5858.1432,5889.6706,PENDING_AG03,FALSE,NOT_FOR_ENFORCEMENT,6390.7016,3533200.0204,6656.9809,6390.7016,266.2792,0.00163983,0.00157424,266.2792,6390.7016,0.00157424,266.2792,266.2792,266.2792,0.0000,0.0000,6390.7016,0.00157424,798.8377,767.3102,5858.1432,5889.6706,0.00144305,0.00145082,0.00006559,418.2083,379.7376,0.6869,61.6387,1.8384,37588.4109,89.7407,538.3845,395.5999,218.4789,430.6076,432.5446,432.5446,1046.441,1081.3617,427.0584,0.0,2.43015,2.511246,0.971205,30,216,96,2,0.20383968,0.00163983,-0.01249836,0E-8,0.000000,0.906607,0.000000,0.01775797,2026-03-22,2026-08-06,108,3621,2443,138,0.782609,1.360932,1.287360,0.679466,,,,,,,,GLOBAL_BASELINE_NO_ENTITY_RANKING,,,NOT_APPLICABLE_GLOBAL_BASELINE,HF9g-P5,,,,X 全窗基线 · 不参与实体赏罚,14199921,1420,A168_HF9F_20260827_0900,2026-08-27 09:00:00
2026-07-19,57024343,2251,0,2775.8797403486,1398.6163307141,1398.6163307141,0.8000000,6,6,0.50665070000000000,0.506650700000,1.3120140225494112,1.3120140225494112,1.3120140225494112,0E-17,ELIGIBLE,R03b_20260811_FULL_v1,L1_ELIGIBILITY,v2026-08-11,2026-03-21..2026-08-06,baccarat_bet02_101_all_pairs_incl_sentinel,round_win = game_pnl > 0 (decisive only),COMPATIBILITY_ONLY_NOT_PRODUCTION,4059548.3812,3680416.6879,6656.9809,9707,9692,-0.00163983,0.01249836,-0.00525961,-0.00163983,-6656.9809,4059548.3812,OK,0.0000,266.2792,4.0000,96.0000,AG03-UNRESOLVED,ALL5_LEVELS_bet23_to_bet27,266.2792,266.2792,266.2792,0.0000,0.0000,4.000000,4.000000,4.000000,0.000000,0.000000,96.000000,96.000000,96.000000,100.000000,100.000000,5.0,798.8377,767.3102,5858.1432,5889.6706,PENDING_AG03,FALSE,NOT_FOR_ENFORCEMENT,6390.7016,3533200.0204,6656.9809,6390.7016,266.2792,0.00163983,0.00157424,266.2792,6390.7016,0.00157424,266.2792,266.2792,266.2792,0.0000,0.0000,6390.7016,0.00157424,798.8377,767.3102,5858.1432,5889.6706,0.00144305,0.00145082,0.00006559,418.2083,379.7376,0.6869,61.6387,1.8384,37588.4109,89.7407,538.3845,395.5999,218.4789,430.6076,432.5446,432.5446,1046.441,1081.3617,427.0584,0.0,2.43015,2.511246,0.971205,30,216,96,2,0.20383968,0.00163983,-0.01249836,0E-8,0.000000,0.906607,0.000000,0.01775797,2026-03-22,2026-08-06,108,3621,2443,138,0.782609,1.360932,1.287360,0.679466,,,,,,,,GLOBAL_BASELINE_NO_ENTITY_RANKING,,,NOT_APPLICABLE_GLOBAL_BASELINE,HF9g-P5,,,,X 全窗基线 · 不参与实体赏罚,14199922,1420,A168_HF9F_20260827_0900,2026-08-27 09:00:00
2026-07-19,57024343,2258,0,854.1168431842,-427.0584215921,-427.0584215921,0E-7,2,2,0.50665070000000000,0.506650700000,-1.013391052207602,-1.013391052207602,-1.013391052207602,0E-17,ELIGIBLE,R03b_20260811_FULL_v1,L1_ELIGIBILITY,v2026-08-11,2026-03-21..2026-08-06,baccarat_bet02_101_all_pairs_incl_sentinel,round_win = game_pnl > 0 (decisive only),COMPATIBILITY_ONLY_NOT_PRODUCTION,4059548.3812,3680416.6879,6656.9809,9707,9692,-0.00163983,0.01249836,-0.00525961,-0.00163983,-6656.9809,4059548.3812,OK,0.0000,266.2792,4.0000,96.0000,AG03-UNRESOLVED,ALL5_LEVELS_bet23_to_bet27,266.2792,266.2792,266.2792,0.0000,0.0000,4.000000,4.000000,4.000000,0.000000,0.000000,96.000000,96.000000,96.000000,100.000000,100.000000,5.0,798.8377,767.3102,5858.1432,5889.6706,PENDING_AG03,FALSE,NOT_FOR_ENFORCEMENT,6390.7016,3533200.0204,6656.9809,6390.7016,266.2792,0.00163983,0.00157424,266.2792,6390.7016,0.00157424,266.2792,266.2792,266.2792,0.0000,0.0000,6390.7016,0.00157424,798.8377,767.3102,5858.1432,5889.6706,0.00144305,0.00145082,0.00006559,418.2083,379.7376,0.6869,61.6387,1.8384,37588.4109,89.7407,538.3845,395.5999,218.4789,430.6076,432.5446,432.5446,1046.441,1081.3617,427.0584,0.0,2.43015,2.511246,0.971205,30,216,96,2,0.20383968,0.00163983,-0.01249836,0E-8,0.000000,0.906607,0.000000,0.01775797,2026-03-22,2026-08-06,108,3621,2443,138,0.782609,1.360932,1.287360,0.679466,,,,,,,,GLOBAL_BASELINE_NO_ENTITY_RANKING,,,NOT_APPLICABLE_GLOBAL_BASELINE,HF9g-P5,,,,X 全窗基线 · 不参与实体赏罚,14199923,1420,A168_HF9F_20260827_0900,2026-08-27 09:00:00
2026-07-19,57024343,2261,0,2135.2921079605,1195.7635804579,1195.7635804579,0.8000000,5,5,0.50665070000000000,0.506650700000,1.3120140225494112,1.3120140225494112,1.3120140225494112,0E-17,ELIGIBLE,R03b_20260811_FULL_v1,L1_ELIGIBILITY,v2026-08-11,2026-03-21..2026-08-06,baccarat_bet02_101_all_pairs_incl_sentinel,round_win = game_pnl > 0 (decisive only),COMPATIBILITY_ONLY_NOT_PRODUCTION,4059548.3812,3680416.6879,6656.9809,9707,9692,-0.00163983,0.01249836,-0.00525961,-0.00163983,-6656.9809,4059548.3812,OK,0.0000,266.2792,4.0000,96.0000,AG03-UNRESOLVED,ALL5_LEVELS_bet23_to_bet27,266.2792,266.2792,266.2792,0.0000,0.0000,4.000000,4.000000,4.000000,0.000000,0.000000,96.000000,96.000000,96.000000,100.000000,100.000000,5.0,798.8377,767.3102,5858.1432,5889.6706,PENDING_AG03,FALSE,NOT_FOR_ENFORCEMENT,6390.7016,3533200.0204,6656.9809,6390.7016,266.2792,0.00163983,0.00157424,266.2792,6390.7016,0.00157424,266.2792,266.2792,266.2792,0.0000,0.0000,6390.7016,0.00157424,798.8377,767.3102,5858.1432,5889.6706,0.00144305,0.00145082,0.00006559,418.2083,379.7376,0.6869,61.6387,1.8384,37588.4109,89.7407,538.3845,395.5999,218.4789,430.6076,432.5446,432.5446,1046.441,1081.3617,427.0584,0.0,2.43015,2.511246,0.971205,30,216,96,2,0.20383968,0.00163983,-0.01249836,0E-8,0.000000,0.906607,0.000000,0.01775797,2026-03-22,2026-08-06,108,3621,2443,138,0.782609,1.360932,1.287360,0.679466,,,,,,,,GLOBAL_BASELINE_NO_ENTITY_RANKING,,,NOT_APPLICABLE_GLOBAL_BASELINE,HF9g-P5,,,,X 全窗基线 · 不参与实体赏罚,14199924,1420,A168_HF9F_20260827_0900,2026-08-27 09:00:00
2026-07-19,57024343,2287,0,2562.3505295526,362.9996583533,362.9996583533,0.6000000,6,6,0.50665070000000000,0.506650700000,0.4175076967804994,0.4175076967804994,0.4175076967804994,0E-17,ELIGIBLE,R03b_20260811_FULL_v1,L1_ELIGIBILITY,v2026-08-11,2026-03-21..2026-08-06,baccarat_bet02_101_all_pairs_incl_sentinel,round_win = game_pnl > 0 (decisive only),COMPATIBILITY_ONLY_NOT_PRODUCTION,4059548.3812,3680416.6879,6656.9809,9707,9692,-0.00163983,0.01249836,-0.00525961,-0.00163983,-6656.9809,4059548.3812,OK,0.0000,266.2792,4.0000,96.0000,AG03-UNRESOLVED,ALL5_LEVELS_bet23_to_bet27,266.2792,266.2792,266.2792,0.0000,0.0000,4.000000,4.000000,4.000000,0.000000,0.000000,96.000000,96.000000,96.000000,100.000000,100.000000,5.0,798.8377,767.3102,5858.1432,5889.6706,PENDING_AG03,FALSE,NOT_FOR_ENFORCEMENT,6390.7016,3533200.0204,6656.9809,6390.7016,266.2792,0.00163983,0.00157424,266.2792,6390.7016,0.00157424,266.2792,266.2792,266.2792,0.0000,0.0000,6390.7016,0.00157424,798.8377,767.3102,5858.1432,5889.6706,0.00144305,0.00145082,0.00006559,418.2083,379.7376,0.6869,61.6387,1.8384,37588.4109,89.7407,538.3845,395.5999,218.4789,430.6076,432.5446,432.5446,1046.441,1081.3617,427.0584,0.0,2.43015,2.511246,0.971205,30,216,96,2,0.20383968,0.00163983,-0.01249836,0E-8,0.000000,0.906607,0.000000,0.01775797,2026-03-22,2026-08-06,108,3621,2443,138,0.782609,1.360932,1.287360,0.679466,,,,,,,,GLOBAL_BASELINE_NO_ENTITY_RANKING,,,NOT_APPLICABLE_GLOBAL_BASELINE,HF9g-P5,,,,X 全窗基线 · 不参与实体赏罚,14199925,1420,A168_HF9F_20260827_0900,2026-08-27 09:00:00
2026-07-19,57024343,595,0,854.1168431842,-854.1168431842,-854.1168431842,0E-7,2,2,0.50665070000000000,0.506650700000,-1.4331513700195317,-1.4331513700195317,-1.4331513700195317,0E-17,ELIGIBLE,R03b_20260811_FULL_v1,L1_ELIGIBILITY,v2026-08-11,2026-03-21..2026-08-06,baccarat_bet02_101_all_pairs_incl_sentinel,round_win = game_pnl > 0 (decisive only),COMPATIBILITY_ONLY_NOT_PRODUCTION,4059548.3812,3680416.6879,6656.9809,9707,9692,-0.00163983,0.01249836,-0.00525961,-0.00163983,-6656.9809,4059548.3812,OK,0.0000,266.2792,4.0000,96.0000,AG03-UNRESOLVED,ALL5_LEVELS_bet23_to_bet27,266.2792,266.2792,266.2792,0.0000,0.0000,4.000000,4.000000,4.000000,0.000000,0.000000,96.000000,96.000000,96.000000,100.000000,100.000000,5.0,798.8377,767.3102,5858.1432,5889.6706,PENDING_AG03,FALSE,NOT_FOR_ENFORCEMENT,6390.7016,3533200.0204,6656.9809,6390.7016,266.2792,0.00163983,0.00157424,266.2792,6390.7016,0.00157424,266.2792,266.2792,266.2792,0.0000,0.0000,6390.7016,0.00157424,798.8377,767.3102,5858.1432,5889.6706,0.00144305,0.00145082,0.00006559,418.2083,379.7376,0.6869,61.6387,1.8384,37588.4109,89.7407,538.3845,395.5999,218.4789,430.6076,432.5446,432.5446,1046.441,1081.3617,427.0584,0.0,2.43015,2.511246,0.971205,30,216,96,2,0.20383968,0.00163983,-0.01249836,0E-8,0.000000,0.906607,0.000000,0.01775797,2026-03-22,2026-08-06,108,3621,2443,138,0.782609,1.360932,1.287360,0.679466,,,,,,,,GLOBAL_BASELINE_NO_ENTITY_RANKING,,,NOT_APPLICABLE_GLOBAL_BASELINE,HF9g-P5,,,,X 全窗基线 · 不参与实体赏罚,14199926,1420,A168_HF9F_20260827_0900,2026-08-27 09:00:00
2026-07-19,57024343,925,0,427.0584215921,-427.0584215921,-427.0584215921,0E-7,1,1,0.50665070000000000,0.506650700000,-1.013391052207602,-1.013391052207602,-1.013391052207602,0E-17,ELIGIBLE,R03b_20260811_FULL_v1,L1_ELIGIBILITY,v2026-08-11,2026-03-21..2026-08-06,baccarat_bet02_101_all_pairs_incl_sentinel,round_win = game_pnl > 0 (decisive only),COMPATIBILITY_ONLY_NOT_PRODUCTION,4059548.3812,3680416.6879,6656.9809,9707,9692,-0.00163983,0.01249836,-0.00525961,-0.00163983,-6656.9809,4059548.3812,OK,0.0000,266.2792,4.0000,96.0000,AG03-UNRESOLVED,ALL5_LEVELS_bet23_to_bet27,266.2792,266.2792,266.2792,0.0000,0.0000,4.000000,4.000000,4.000000,0.000000,0.000000,96.000000,96.000000,96.000000,100.000000,100.000000,5.0,798.8377,767.3102,5858.1432,5889.6706,PENDING_AG03,FALSE,NOT_FOR_ENFORCEMENT,6390.7016,3533200.0204,6656.9809,6390.7016,266.2792,0.00163983,0.00157424,266.2792,6390.7016,0.00157424,266.2792,266.2792,266.2792,0.0000,0.0000,6390.7016,0.00157424,798.8377,767.3102,5858.1432,5889.6706,0.00144305,0.00145082,0.00006559,418.2083,379.7376,0.6869,61.6387,1.8384,37588.4109,89.7407,538.3845,395.5999,218.4789,430.6076,432.5446,432.5446,1046.441,1081.3617,427.0584,0.0,2.43015,2.511246,0.971205,30,216,96,2,0.20383968,0.00163983,-0.01249836,0E-8,0.000000,0.906607,0.000000,0.01775797,2026-03-22,2026-08-06,108,3621,2443,138,0.782609,1.360932,1.287360,0.679466,,,,,,,,GLOBAL_BASELINE_NO_ENTITY_RANKING,,,NOT_APPLICABLE_GLOBAL_BASELINE,HF9g-P5,,,,X 全窗基线 · 不参与实体赏罚,14199927,1420,A168_HF9F_20260827_0900,2026-08-27 09:00:00
2026-07-20,57024343,-1,1,4270.5842159210,-2177.9979501197,-2177.9979501197,0.2222222,10,10,0.50531018000000000,0.505310180000,-1.6986235449810256,-1.6986235449810256,-1.6986235449810256,0E-17,SENTINEL_DEALER,R03b_20260811_FULL_v1,L1_ELIGIBILITY,v2026-08-11,2026-03-21..2026-08-06,baccarat_bet02_101_all_pairs_incl_sentinel,round_win = game_pnl > 0 (decisive only),COMPATIBILITY_ONLY_NOT_PRODUCTION,4059548.3812,3680416.6879,6656.9809,9707,9692,-0.00163983,0.01249836,-0.00525961,-0.00163983,-6656.9809,4059548.3812,OK,0.0000,266.2792,4.0000,96.0000,AG03-UNRESOLVED,ALL5_LEVELS_bet23_to_bet27,266.2792,266.2792,266.2792,0.0000,0.0000,4.000000,4.000000,4.000000,0.000000,0.000000,96.000000,96.000000,96.000000,100.000000,100.000000,5.0,798.8377,767.3102,5858.1432,5889.6706,PENDING_AG03,FALSE,NOT_FOR_ENFORCEMENT,6390.7016,3533200.0204,6656.9809,6390.7016,266.2792,0.00163983,0.00157424,266.2792,6390.7016,0.00157424,266.2792,266.2792,266.2792,0.0000,0.0000,6390.7016,0.00157424,798.8377,767.3102,5858.1432,5889.6706,0.00144305,0.00145082,0.00006559,418.2083,379.7376,0.6869,61.6387,1.8384,37588.4109,89.7407,538.3845,395.5999,218.4789,430.6076,432.5446,432.5446,1046.441,1081.3617,427.0584,0.0,2.43015,2.511246,0.971205,30,216,96,2,0.20383968,0.00163983,-0.01249836,0E-8,0.000000,0.906607,0.000000,0.01775797,2026-03-22,2026-08-06,108,3621,2443,138,0.782609,1.360932,1.287360,0.679466,,,,,,,,GLOBAL_BASELINE_NO_ENTITY_RANKING,,,NOT_APPLICABLE_GLOBAL_BASELINE,HF9g-P5,,,,X 全窗基线 · 不参与实体赏罚,14199928,1420,A168_HF9F_20260827_0900,2026-08-27 09:00:00
2026-07-20,57024343,1115,0,1708.2336863684,-448.4113426717,-448.4113426717,0.3333333,4,4,0.49994810000000000,0.499948100000,-0.5771704854251445,-0.5771704854251445,-0.5771704854251445,0E-17,ELIGIBLE,R03b_20260811_FULL_v1,L1_ELIGIBILITY,v2026-08-11,2026-03-21..2026-08-06,baccarat_bet02_101_all_pairs_incl_sentinel,round_win = game_pnl > 0 (decisive only),COMPATIBILITY_ONLY_NOT_PRODUCTION,4059548.3812,3680416.6879,6656.9809,9707,9692,-0.00163983,0.01249836,-0.00525961,-0.00163983,-6656.9809,4059548.3812,OK,0.0000,266.2792,4.0000,96.0000,AG03-UNRESOLVED,ALL5_LEVELS_bet23_to_bet27,266.2792,266.2792,266.2792,0.0000,0.0000,4.000000,4.000000,4.000000,0.000000,0.000000,96.000000,96.000000,96.000000,100.000000,100.000000,5.0,798.8377,767.3102,5858.1432,5889.6706,PENDING_AG03,FALSE,NOT_FOR_ENFORCEMENT,6390.7016,3533200.0204,6656.9809,6390.7016,266.2792,0.00163983,0.00157424,266.2792,6390.7016,0.00157424,266.2792,266.2792,266.2792,0.0000,0.0000,6390.7016,0.00157424,798.8377,767.3102,5858.1432,5889.6706,0.00144305,0.00145082,0.00006559,418.2083,379.7376,0.6869,61.6387,1.8384,37588.4109,89.7407,538.3845,395.5999,218.4789,430.6076,432.5446,432.5446,1046.441,1081.3617,427.0584,0.0,2.43015,2.511246,0.971205,30,216,96,2,0.20383968,0.00163983,-0.01249836,0E-8,0.000000,0.906607,0.000000,0.01775797,2026-03-22,2026-08-06,108,3621,2443,138,0.782609,1.360932,1.287360,0.679466,,,,,,,,GLOBAL_BASELINE_NO_ENTITY_RANKING,,,NOT_APPLICABLE_GLOBAL_BASELINE,HF9g-P5,,,,X 全窗基线 · 不参与实体赏罚,14199929,1420,A168_HF9F_20260827_0900,2026-08-27 09:00:00
2026-07-20,57024343,1306,0,1494.7044755723,-234.8821318756,-234.8821318756,0.3333333,4,4,0.50665070000000000,0.506650700000,-0.6004420894325239,-0.6004420894325239,-0.6004420894325239,0E-17,ELIGIBLE,R03b_20260811_FULL_v1,L1_ELIGIBILITY,v2026-08-11,2026-03-21..2026-08-06,baccarat_bet02_101_all_pairs_incl_sentinel,round_win = game_pnl > 0 (decisive only),COMPATIBILITY_ONLY_NOT_PRODUCTION,4059548.3812,3680416.6879,6656.9809,9707,9692,-0.00163983,0.01249836,-0.00525961,-0.00163983,-6656.9809,4059548.3812,OK,0.0000,266.2792,4.0000,96.0000,AG03-UNRESOLVED,ALL5_LEVELS_bet23_to_bet27,266.2792,266.2792,266.2792,0.0000,0.0000,4.000000,4.000000,4.000000,0.000000,0.000000,96.000000,96.000000,96.000000,100.000000,100.000000,5.0,798.8377,767.3102,5858.1432,5889.6706,PENDING_AG03,FALSE,NOT_FOR_ENFORCEMENT,6390.7016,3533200.0204,6656.9809,6390.7016,266.2792,0.00163983,0.00157424,266.2792,6390.7016,0.00157424,266.2792,266.2792,266.2792,0.0000,0.0000,6390.7016,0.00157424,798.8377,767.3102,5858.1432,5889.6706,0.00144305,0.00145082,0.00006559,418.2083,379.7376,0.6869,61.6387,1.8384,37588.4109,89.7407,538.3845,395.5999,218.4789,430.6076,432.5446,432.5446,1046.441,1081.3617,427.0584,0.0,2.43015,2.511246,0.971205,30,216,96,2,0.20383968,0.00163983,-0.01249836,0E-8,0.000000,0.906607,0.000000,0.01775797,2026-03-22,2026-08-06,108,3621,2443,138,0.782609,1.360932,1.287360,0.679466,,,,,,,,GLOBAL_BASELINE_NO_ENTITY_RANKING,,,NOT_APPLICABLE_GLOBAL_BASELINE,HF9g-P5,,,,X 全窗基线 · 不参与实体赏罚,14199930,1420,A168_HF9F_20260827_0900,2026-08-27 09:00:00
2026-07-20,57024343,1385,0,1708.2336863684,-875.4697642638,-875.4697642638,0.2500000,4,4,0.50665070000000000,0.506650700000,-1.0266936290537745,-1.0266936290537745,-1.0266936290537745,0E-17,ELIGIBLE,R03b_20260811_FULL_v1,L1_ELIGIBILITY,v2026-08-11,2026-03-21..2026-08-06,baccarat_bet02_101_all_pairs_incl_sentinel,round_win = game_pnl > 0 (decisive only),COMPATIBILITY_ONLY_NOT_PRODUCTION,4059548.3812,3680416.6879,6656.9809,9707,9692,-0.00163983,0.01249836,-0.00525961,-0.00163983,-6656.9809,4059548.3812,OK,0.0000,266.2792,4.0000,96.0000,AG03-UNRESOLVED,ALL5_LEVELS_bet23_to_bet27,266.2792,266.2792,266.2792,0.0000,0.0000,4.000000,4.000000,4.000000,0.000000,0.000000,96.000000,96.000000,96.000000,100.000000,100.000000,5.0,798.8377,767.3102,5858.1432,5889.6706,PENDING_AG03,FALSE,NOT_FOR_ENFORCEMENT,6390.7016,3533200.0204,6656.9809,6390.7016,266.2792,0.00163983,0.00157424,266.2792,6390.7016,0.00157424,266.2792,266.2792,266.2792,0.0000,0.0000,6390.7016,0.00157424,798.8377,767.3102,5858.1432,5889.6706,0.00144305,0.00145082,0.00006559,418.2083,379.7376,0.6869,61.6387,1.8384,37588.4109,89.7407,538.3845,395.5999,218.4789,430.6076,432.5446,432.5446,1046.441,1081.3617,427.0584,0.0,2.43015,2.511246,0.971205,30,216,96,2,0.20383968,0.00163983,-0.01249836,0E-8,0.000000,0.906607,0.000000,0.01775797,2026-03-22,2026-08-06,108,3621,2443,138,0.782609,1.360932,1.287360,0.679466,,,,,,,,GLOBAL_BASELINE_NO_ENTITY_RANKING,,,NOT_APPLICABLE_GLOBAL_BASELINE,HF9g-P5,,,,X 全窗基线 · 不参与实体赏罚,14199931,1420,A168_HF9F_20260827_0900,2026-08-27 09:00:00
2026-07-20,57024343,1654,0,2775.8797403486,-683.2934745473,-683.2934745473,0.4000000,6,6,0.50665070000000000,0.506650700000,-0.4769986289884125,-0.4769986289884125,-0.4769986289884125,0E-17,ELIGIBLE,R03b_20260811_FULL_v1,L1_ELIGIBILITY,v2026-08-11,2026-03-21..2026-08-06,baccarat_bet02_101_all_pairs_incl_sentinel,round_win = game_pnl > 0 (decisive only),COMPATIBILITY_ONLY_NOT_PRODUCTION,4059548.3812,3680416.6879,6656.9809,9707,9692,-0.00163983,0.01249836,-0.00525961,-0.00163983,-6656.9809,4059548.3812,OK,0.0000,266.2792,4.0000,96.0000,AG03-UNRESOLVED,ALL5_LEVELS_bet23_to_bet27,266.2792,266.2792,266.2792,0.0000,0.0000,4.000000,4.000000,4.000000,0.000000,0.000000,96.000000,96.000000,96.000000,100.000000,100.000000,5.0,798.8377,767.3102,5858.1432,5889.6706,PENDING_AG03,FALSE,NOT_FOR_ENFORCEMENT,6390.7016,3533200.0204,6656.9809,6390.7016,266.2792,0.00163983,0.00157424,266.2792,6390.7016,0.00157424,266.2792,266.2792,266.2792,0.0000,0.0000,6390.7016,0.00157424,798.8377,767.3102,5858.1432,5889.6706,0.00144305,0.00145082,0.00006559,418.2083,379.7376,0.6869,61.6387,1.8384,37588.4109,89.7407,538.3845,395.5999,218.4789,430.6076,432.5446,432.5446,1046.441,1081.3617,427.0584,0.0,2.43015,2.511246,0.971205,30,216,96,2,0.20383968,0.00163983,-0.01249836,0E-8,0.000000,0.906607,0.000000,0.01775797,2026-03-22,2026-08-06,108,3621,2443,138,0.782609,1.360932,1.287360,0.679466,,,,,,,,GLOBAL_BASELINE_NO_ENTITY_RANKING,,,NOT_APPLICABLE_GLOBAL_BASELINE,HF9g-P5,,,,X 全窗基线 · 不参与实体赏罚,14199932,1420,A168_HF9F_20260827_0900,2026-08-27 09:00:00
2026-07-20,57024343,1714,0,2989.4089511447,341.6467372737,341.6467372737,0.5714286,7,7,0.50665070000000000,0.506650700000,0.34280260342128577,0.34280260342128577,0.34280260342128577,0E-17,ELIGIBLE,R03b_20260811_FULL_v1,L1_ELIGIBILITY,v2026-08-11,2026-03-21..2026-08-06,baccarat_bet02_101_all_pairs_incl_sentinel,round_win = game_pnl > 0 (decisive only),COMPATIBILITY_ONLY_NOT_PRODUCTION,4059548.3812,3680416.6879,6656.9809,9707,9692,-0.00163983,0.01249836,-0.00525961,-0.00163983,-6656.9809,4059548.3812,OK,0.0000,266.2792,4.0000,96.0000,AG03-UNRESOLVED,ALL5_LEVELS_bet23_to_bet27,266.2792,266.2792,266.2792,0.0000,0.0000,4.000000,4.000000,4.000000,0.000000,0.000000,96.000000,96.000000,96.000000,100.000000,100.000000,5.0,798.8377,767.3102,5858.1432,5889.6706,PENDING_AG03,FALSE,NOT_FOR_ENFORCEMENT,6390.7016,3533200.0204,6656.9809,6390.7016,266.2792,0.00163983,0.00157424,266.2792,6390.7016,0.00157424,266.2792,266.2792,266.2792,0.0000,0.0000,6390.7016,0.00157424,798.8377,767.3102,5858.1432,5889.6706,0.00144305,0.00145082,0.00006559,418.2083,379.7376,0.6869,61.6387,1.8384,37588.4109,89.7407,538.3845,395.5999,218.4789,430.6076,432.5446,432.5446,1046.441,1081.3617,427.0584,0.0,2.43015,2.511246,0.971205,30,216,96,2,0.20383968,0.00163983,-0.01249836,0E-8,0.000000,0.906607,0.000000,0.01775797,2026-03-22,2026-08-06,108,3621,2443,138,0.782609,1.360932,1.287360,0.679466,,,,,,,,GLOBAL_BASELINE_NO_ENTITY_RANKING,,,NOT_APPLICABLE_GLOBAL_BASELINE,HF9g-P5,,,,X 全窗基线 · 不参与实体赏罚,14199933,1420,A168_HF9F_20260827_0900,2026-08-27 09:00:00
2026-07-20,57024343,2117,0,854.1168431842,854.1168431842,854.1168431842,1.0000000,2,2,0.49324550000000000,0.493245500000,1.4334489766152358,1.4334489766152358,1.4334489766152358,0E-17,ELIGIBLE,R03b_20260811_FULL_v1,L1_ELIGIBILITY,v2026-08-11,2026-03-21..2026-08-06,baccarat_bet02_101_all_pairs_incl_sentinel,round_win = game_pnl > 0 (decisive only),COMPATIBILITY_ONLY_NOT_PRODUCTION,4059548.3812,3680416.6879,6656.9809,9707,9692,-0.00163983,0.01249836,-0.00525961,-0.00163983,-6656.9809,4059548.3812,OK,0.0000,266.2792,4.0000,96.0000,AG03-UNRESOLVED,ALL5_LEVELS_bet23_to_bet27,266.2792,266.2792,266.2792,0.0000,0.0000,4.000000,4.000000,4.000000,0.000000,0.000000,96.000000,96.000000,96.000000,100.000000,100.000000,5.0,798.8377,767.3102,5858.1432,5889.6706,PENDING_AG03,FALSE,NOT_FOR_ENFORCEMENT,6390.7016,3533200.0204,6656.9809,6390.7016,266.2792,0.00163983,0.00157424,266.2792,6390.7016,0.00157424,266.2792,266.2792,266.2792,0.0000,0.0000,6390.7016,0.00157424,798.8377,767.3102,5858.1432,5889.6706,0.00144305,0.00145082,0.00006559,418.2083,379.7376,0.6869,61.6387,1.8384,37588.4109,89.7407,538.3845,395.5999,218.4789,430.6076,432.5446,432.5446,1046.441,1081.3617,427.0584,0.0,2.43015,2.511246,0.971205,30,216,96,2,0.20383968,0.00163983,-0.01249836,0E-8,0.000000,0.906607,0.000000,0.01775797,2026-03-22,2026-08-06,108,3621,2443,138,0.782609,1.360932,1.287360,0.679466,,,,,,,,GLOBAL_BASELINE_NO_ENTITY_RANKING,,,NOT_APPLICABLE_GLOBAL_BASELINE,HF9g-P5,,,,X 全窗基线 · 不参与实体赏罚,14199934,1420,A168_HF9F_20260827_0900,2026-08-27 09:00:00
2026-07-20,57024343,2141,0,4270.5842159210,-939.5285275026,-939.5285275026,0.4000000,10,10,0.50665070000000000,0.506650700000,-0.6745779303487851,-0.6745779303487851,-0.6745779303487851,0E-17,ELIGIBLE,R03b_20260811_FULL_v1,L1_ELIGIBILITY,v2026-08-11,2026-03-21..2026-08-06,baccarat_bet02_101_all_pairs_incl_sentinel,round_win = game_pnl > 0 (decisive only),COMPATIBILITY_ONLY_NOT_PRODUCTION,4059548.3812,3680416.6879,6656.9809,9707,9692,-0.00163983,0.01249836,-0.00525961,-0.00163983,-6656.9809,4059548.3812,OK,0.0000,266.2792,4.0000,96.0000,AG03-UNRESOLVED,ALL5_LEVELS_bet23_to_bet27,266.2792,266.2792,266.2792,0.0000,0.0000,4.000000,4.000000,4.000000,0.000000,0.000000,96.000000,96.000000,96.000000,100.000000,100.000000,5.0,798.8377,767.3102,5858.1432,5889.6706,PENDING_AG03,FALSE,NOT_FOR_ENFORCEMENT,6390.7016,3533200.0204,6656.9809,6390.7016,266.2792,0.00163983,0.00157424,266.2792,6390.7016,0.00157424,266.2792,266.2792,266.2792,0.0000,0.0000,6390.7016,0.00157424,798.8377,767.3102,5858.1432,5889.6706,0.00144305,0.00145082,0.00006559,418.2083,379.7376,0.6869,61.6387,1.8384,37588.4109,89.7407,538.3845,395.5999,218.4789,430.6076,432.5446,432.5446,1046.441,1081.3617,427.0584,0.0,2.43015,2.511246,0.971205,30,216,96,2,0.20383968,0.00163983,-0.01249836,0E-8,0.000000,0.906607,0.000000,0.01775797,2026-03-22,2026-08-06,108,3621,2443,138,0.782609,1.360932,1.287360,0.679466,,,,,,,,GLOBAL_BASELINE_NO_ENTITY_RANKING,,,NOT_APPLICABLE_GLOBAL_BASELINE,HF9g-P5,,,,X 全窗基线 · 不参与实体赏罚,14199935,1420,A168_HF9F_20260827_0900,2026-08-27 09:00:00
2026-07-20,57024343,2155,0,3416.4673727367,-74.7352237786,-74.7352237786,0.5714286,8,8,0.50665070000000000,0.506650700000,0.34280260342128577,0.34280260342128577,0.34280260342128577,0E-17,ELIGIBLE,R03b_20260811_FULL_v1,L1_ELIGIBILITY,v2026-08-11,2026-03-21..2026-08-06,baccarat_bet02_101_all_pairs_incl_sentinel,round_win = game_pnl > 0 (decisive only),COMPATIBILITY_ONLY_NOT_PRODUCTION,4059548.3812,3680416.6879,6656.9809,9707,9692,-0.00163983,0.01249836,-0.00525961,-0.00163983,-6656.9809,4059548.3812,OK,0.0000,266.2792,4.0000,96.0000,AG03-UNRESOLVED,ALL5_LEVELS_bet23_to_bet27,266.2792,266.2792,266.2792,0.0000,0.0000,4.000000,4.000000,4.000000,0.000000,0.000000,96.000000,96.000000,96.000000,100.000000,100.000000,5.0,798.8377,767.3102,5858.1432,5889.6706,PENDING_AG03,FALSE,NOT_FOR_ENFORCEMENT,6390.7016,3533200.0204,6656.9809,6390.7016,266.2792,0.00163983,0.00157424,266.2792,6390.7016,0.00157424,266.2792,266.2792,266.2792,0.0000,0.0000,6390.7016,0.00157424,798.8377,767.3102,5858.1432,5889.6706,0.00144305,0.00145082,0.00006559,418.2083,379.7376,0.6869,61.6387,1.8384,37588.4109,89.7407,538.3845,395.5999,218.4789,430.6076,432.5446,432.5446,1046.441,1081.3617,427.0584,0.0,2.43015,2.511246,0.971205,30,216,96,2,0.20383968,0.00163983,-0.01249836,0E-8,0.000000,0.906607,0.000000,0.01775797,2026-03-22,2026-08-06,108,3621,2443,138,0.782609,1.360932,1.287360,0.679466,,,,,,,,GLOBAL_BASELINE_NO_ENTITY_RANKING,,,NOT_APPLICABLE_GLOBAL_BASELINE,HF9g-P5,,,,X 全窗基线 · 不参与实体赏罚,14199936,1420,A168_HF9F_20260827_0900,2026-08-27 09:00:00
2026-07-20,57024343,2160,0,1921.7628971644,170.8233686369,170.8233686369,0.5000000,5,5,0.50665070000000000,0.506650700000,-0.02660515369234503,-0.02660515369234503,-0.02660515369234503,0E-17,ELIGIBLE,R03b_20260811_FULL_v1,L1_ELIGIBILITY,v2026-08-11,2026-03-21..2026-08-06,baccarat_bet02_101_all_pairs_incl_sentinel,round_win = game_pnl > 0 (decisive only),COMPATIBILITY_ONLY_NOT_PRODUCTION,4059548.3812,3680416.6879,6656.9809,9707,9692,-0.00163983,0.01249836,-0.00525961,-0.00163983,-6656.9809,4059548.3812,OK,0.0000,266.2792,4.0000,96.0000,AG03-UNRESOLVED,ALL5_LEVELS_bet23_to_bet27,266.2792,266.2792,266.2792,0.0000,0.0000,4.000000,4.000000,4.000000,0.000000,0.000000,96.000000,96.000000,96.000000,100.000000,100.000000,5.0,798.8377,767.3102,5858.1432,5889.6706,PENDING_AG03,FALSE,NOT_FOR_ENFORCEMENT,6390.7016,3533200.0204,6656.9809,6390.7016,266.2792,0.00163983,0.00157424,266.2792,6390.7016,0.00157424,266.2792,266.2792,266.2792,0.0000,0.0000,6390.7016,0.00157424,798.8377,767.3102,5858.1432,5889.6706,0.00144305,0.00145082,0.00006559,418.2083,379.7376,0.6869,61.6387,1.8384,37588.4109,89.7407,538.3845,395.5999,218.4789,430.6076,432.5446,432.5446,1046.441,1081.3617,427.0584,0.0,2.43015,2.511246,0.971205,30,216,96,2,0.20383968,0.00163983,-0.01249836,0E-8,0.000000,0.906607,0.000000,0.01775797,2026-03-22,2026-08-06,108,3621,2443,138,0.782609,1.360932,1.287360,0.679466,,,,,,,,GLOBAL_BASELINE_NO_ENTITY_RANKING,,,NOT_APPLICABLE_GLOBAL_BASELINE,HF9g-P5,,,,X 全窗基线 · 不参与实体赏罚,14199937,1420,A168_HF9F_20260827_0900,2026-08-27 09:00:00
2026-07-20,57024343,2169,0,3416.4673727368,747.3522377862,747.3522377862,0.6250000,8,8,0.50665070000000000,0.506650700000,0.6695439735338472,0.6695439735338472,0.6695439735338472,0E-17,ELIGIBLE,R03b_20260811_FULL_v1,L1_ELIGIBILITY,v2026-08-11,2026-03-21..2026-08-06,baccarat_bet02_101_all_pairs_incl_sentinel,round_win = game_pnl > 0 (decisive only),COMPATIBILITY_ONLY_NOT_PRODUCTION,4059548.3812,3680416.6879,6656.9809,9707,9692,-0.00163983,0.01249836,-0.00525961,-0.00163983,-6656.9809,4059548.3812,OK,0.0000,266.2792,4.0000,96.0000,AG03-UNRESOLVED,ALL5_LEVELS_bet23_to_bet27,266.2792,266.2792,266.2792,0.0000,0.0000,4.000000,4.000000,4.000000,0.000000,0.000000,96.000000,96.000000,96.000000,100.000000,100.000000,5.0,798.8377,767.3102,5858.1432,5889.6706,PENDING_AG03,FALSE,NOT_FOR_ENFORCEMENT,6390.7016,3533200.0204,6656.9809,6390.7016,266.2792,0.00163983,0.00157424,266.2792,6390.7016,0.00157424,266.2792,266.2792,266.2792,0.0000,0.0000,6390.7016,0.00157424,798.8377,767.3102,5858.1432,5889.6706,0.00144305,0.00145082,0.00006559,418.2083,379.7376,0.6869,61.6387,1.8384,37588.4109,89.7407,538.3845,395.5999,218.4789,430.6076,432.5446,432.5446,1046.441,1081.3617,427.0584,0.0,2.43015,2.511246,0.971205,30,216,96,2,0.20383968,0.00163983,-0.01249836,0E-8,0.000000,0.906607,0.000000,0.01775797,2026-03-22,2026-08-06,108,3621,2443,138,0.782609,1.360932,1.287360,0.679466,,,,,,,,GLOBAL_BASELINE_NO_ENTITY_RANKING,,,NOT_APPLICABLE_GLOBAL_BASELINE,HF9g-P5,,,,X 全窗基线 · 不参与实体赏罚,14199938,1420,A168_HF9F_20260827_0900,2026-08-27 09:00:00
2026-07-20,57024343,2237,0,2135.2921079605,-469.7642637513,-469.7642637513,0.4000000,5,5,0.50665070000000000,0.506650700000,-0.4769986289884125,-0.4769986289884125,-0.4769986289884125,0E-17,ELIGIBLE,R03b_20260811_FULL_v1,L1_ELIGIBILITY,v2026-08-11,2026-03-21..2026-08-06,baccarat_bet02_101_all_pairs_incl_sentinel,round_win = game_pnl > 0 (decisive only),COMPATIBILITY_ONLY_NOT_PRODUCTION,4059548.3812,3680416.6879,6656.9809,9707,9692,-0.00163983,0.01249836,-0.00525961,-0.00163983,-6656.9809,4059548.3812,OK,0.0000,266.2792,4.0000,96.0000,AG03-UNRESOLVED,ALL5_LEVELS_bet23_to_bet27,266.2792,266.2792,266.2792,0.0000,0.0000,4.000000,4.000000,4.000000,0.000000,0.000000,96.000000,96.000000,96.000000,100.000000,100.000000,5.0,798.8377,767.3102,5858.1432,5889.6706,PENDING_AG03,FALSE,NOT_FOR_ENFORCEMENT,6390.7016,3533200.0204,6656.9809,6390.7016,266.2792,0.00163983,0.00157424,266.2792,6390.7016,0.00157424,266.2792,266.2792,266.2792,0.0000,0.0000,6390.7016,0.00157424,798.8377,767.3102,5858.1432,5889.6706,0.00144305,0.00145082,0.00006559,418.2083,379.7376,0.6869,61.6387,1.8384,37588.4109,89.7407,538.3845,395.5999,218.4789,430.6076,432.5446,432.5446,1046.441,1081.3617,427.0584,0.0,2.43015,2.511246,0.971205,30,216,96,2,0.20383968,0.00163983,-0.01249836,0E-8,0.000000,0.906607,0.000000,0.01775797,2026-03-22,2026-08-06,108,3621,2443,138,0.782609,1.360932,1.287360,0.679466,,,,,,,,GLOBAL_BASELINE_NO_ENTITY_RANKING,,,NOT_APPLICABLE_GLOBAL_BASELINE,HF9g-P5,,,,X 全窗基线 · 不参与实体赏罚,14199939,1420,A168_HF9F_20260827_0900,2026-08-27 09:00:00
2026-07-20,57024343,2250,0,427.0584215921,405.7055005125,405.7055005125,1.0000000,1,1,0.50665070000000000,0.506650700000,0.9867858985152569,0.9867858985152569,0.9867858985152569,0E-17,ELIGIBLE,R03b_20260811_FULL_v1,L1_ELIGIBILITY,v2026-08-11,2026-03-21..2026-08-06,baccarat_bet02_101_all_pairs_incl_sentinel,round_win = game_pnl > 0 (decisive only),COMPATIBILITY_ONLY_NOT_PRODUCTION,4059548.3812,3680416.6879,6656.9809,9707,9692,-0.00163983,0.01249836,-0.00525961,-0.00163983,-6656.9809,4059548.3812,OK,0.0000,266.2792,4.0000,96.0000,AG03-UNRESOLVED,ALL5_LEVELS_bet23_to_bet27,266.2792,266.2792,266.2792,0.0000,0.0000,4.000000,4.000000,4.000000,0.000000,0.000000,96.000000,96.000000,96.000000,100.000000,100.000000,5.0,798.8377,767.3102,5858.1432,5889.6706,PENDING_AG03,FALSE,NOT_FOR_ENFORCEMENT,6390.7016,3533200.0204,6656.9809,6390.7016,266.2792,0.00163983,0.00157424,266.2792,6390.7016,0.00157424,266.2792,266.2792,266.2792,0.0000,0.0000,6390.7016,0.00157424,798.8377,767.3102,5858.1432,5889.6706,0.00144305,0.00145082,0.00006559,418.2083,379.7376,0.6869,61.6387,1.8384,37588.4109,89.7407,538.3845,395.5999,218.4789,430.6076,432.5446,432.5446,1046.441,1081.3617,427.0584,0.0,2.43015,2.511246,0.971205,30,216,96,2,0.20383968,0.00163983,-0.01249836,0E-8,0.000000,0.906607,0.000000,0.01775797,2026-03-22,2026-08-06,108,3621,2443,138,0.782609,1.360932,1.287360,0.679466,,,,,,,,GLOBAL_BASELINE_NO_ENTITY_RANKING,,,NOT_APPLICABLE_GLOBAL_BASELINE,HF9g-P5,,,,X 全窗基线 · 不参与实体赏罚,14199940,1420,A168_HF9F_20260827_0900,2026-08-27 09:00:00
2026-07-20,57024343,2258,0,3202.9381619407,992.9108302016,992.9108302016,0.6666667,7,7,0.50282064285714286,0.502820642857,0.802691081998535,0.8026910819992337,0.802691081998535,1.4286E-13,ELIGIBLE,R03b_20260811_FULL_v1,L1_ELIGIBILITY,v2026-08-11,2026-03-21..2026-08-06,baccarat_bet02_101_all_pairs_incl_sentinel,round_win = game_pnl > 0 (decisive only),COMPATIBILITY_ONLY_NOT_PRODUCTION,4059548.3812,3680416.6879,6656.9809,9707,9692,-0.00163983,0.01249836,-0.00525961,-0.00163983,-6656.9809,4059548.3812,OK,0.0000,266.2792,4.0000,96.0000,AG03-UNRESOLVED,ALL5_LEVELS_bet23_to_bet27,266.2792,266.2792,266.2792,0.0000,0.0000,4.000000,4.000000,4.000000,0.000000,0.000000,96.000000,96.000000,96.000000,100.000000,100.000000,5.0,798.8377,767.3102,5858.1432,5889.6706,PENDING_AG03,FALSE,NOT_FOR_ENFORCEMENT,6390.7016,3533200.0204,6656.9809,6390.7016,266.2792,0.00163983,0.00157424,266.2792,6390.7016,0.00157424,266.2792,266.2792,266.2792,0.0000,0.0000,6390.7016,0.00157424,798.8377,767.3102,5858.1432,5889.6706,0.00144305,0.00145082,0.00006559,418.2083,379.7376,0.6869,61.6387,1.8384,37588.4109,89.7407,538.3845,395.5999,218.4789,430.6076,432.5446,432.5446,1046.441,1081.3617,427.0584,0.0,2.43015,2.511246,0.971205,30,216,96,2,0.20383968,0.00163983,-0.01249836,0E-8,0.000000,0.906607,0.000000,0.01775797,2026-03-22,2026-08-06,108,3621,2443,138,0.782609,1.360932,1.287360,0.679466,,,,,,,,GLOBAL_BASELINE_NO_ENTITY_RANKING,,,NOT_APPLICABLE_GLOBAL_BASELINE,HF9g-P5,,,,X 全窗基线 · 不参与实体赏罚,14199941,1420,A168_HF9F_20260827_0900,2026-08-27 09:00:00
2026-07-20,57024343,2280,0,1281.1752647763,-448.4113426717,-448.4113426717,0.3333333,3,3,0.50665070000000000,0.506650700000,-0.6004420894325239,-0.6004420894325239,-0.6004420894325239,0E-17,ELIGIBLE,R03b_20260811_FULL_v1,L1_ELIGIBILITY,v2026-08-11,2026-03-21..2026-08-06,baccarat_bet02_101_all_pairs_incl_sentinel,round_win = game_pnl > 0 (decisive only),COMPATIBILITY_ONLY_NOT_PRODUCTION,4059548.3812,3680416.6879,6656.9809,9707,9692,-0.00163983,0.01249836,-0.00525961,-0.00163983,-6656.9809,4059548.3812,OK,0.0000,266.2792,4.0000,96.0000,AG03-UNRESOLVED,ALL5_LEVELS_bet23_to_bet27,266.2792,266.2792,266.2792,0.0000,0.0000,4.000000,4.000000,4.000000,0.000000,0.000000,96.000000,96.000000,96.000000,100.000000,100.000000,5.0,798.8377,767.3102,5858.1432,5889.6706,PENDING_AG03,FALSE,NOT_FOR_ENFORCEMENT,6390.7016,3533200.0204,6656.9809,6390.7016,266.2792,0.00163983,0.00157424,266.2792,6390.7016,0.00157424,266.2792,266.2792,266.2792,0.0000,0.0000,6390.7016,0.00157424,798.8377,767.3102,5858.1432,5889.6706,0.00144305,0.00145082,0.00006559,418.2083,379.7376,0.6869,61.6387,1.8384,37588.4109,89.7407,538.3845,395.5999,218.4789,430.6076,432.5446,432.5446,1046.441,1081.3617,427.0584,0.0,2.43015,2.511246,0.971205,30,216,96,2,0.20383968,0.00163983,-0.01249836,0E-8,0.000000,0.906607,0.000000,0.01775797,2026-03-22,2026-08-06,108,3621,2443,138,0.782609,1.360932,1.287360,0.679466,,,,,,,,GLOBAL_BASELINE_NO_ENTITY_RANKING,,,NOT_APPLICABLE_GLOBAL_BASELINE,HF9g-P5,,,,X 全窗基线 · 不参与实体赏罚,14199942,1420,A168_HF9F_20260827_0900,2026-08-27 09:00:00
2026-07-20,57024343,462,0,1921.7628971644,-256.2350529552,-256.2350529552,0.5000000,4,4,0.50665070000000000,0.506650700000,-0.02660515369234503,-0.02660515369234503,-0.02660515369234503,0E-17,ELIGIBLE,R03b_20260811_FULL_v1,L1_ELIGIBILITY,v2026-08-11,2026-03-21..2026-08-06,baccarat_bet02_101_all_pairs_incl_sentinel,round_win = game_pnl > 0 (decisive only),COMPATIBILITY_ONLY_NOT_PRODUCTION,4059548.3812,3680416.6879,6656.9809,9707,9692,-0.00163983,0.01249836,-0.00525961,-0.00163983,-6656.9809,4059548.3812,OK,0.0000,266.2792,4.0000,96.0000,AG03-UNRESOLVED,ALL5_LEVELS_bet23_to_bet27,266.2792,266.2792,266.2792,0.0000,0.0000,4.000000,4.000000,4.000000,0.000000,0.000000,96.000000,96.000000,96.000000,100.000000,100.000000,5.0,798.8377,767.3102,5858.1432,5889.6706,PENDING_AG03,FALSE,NOT_FOR_ENFORCEMENT,6390.7016,3533200.0204,6656.9809,6390.7016,266.2792,0.00163983,0.00157424,266.2792,6390.7016,0.00157424,266.2792,266.2792,266.2792,0.0000,0.0000,6390.7016,0.00157424,798.8377,767.3102,5858.1432,5889.6706,0.00144305,0.00145082,0.00006559,418.2083,379.7376,0.6869,61.6387,1.8384,37588.4109,89.7407,538.3845,395.5999,218.4789,430.6076,432.5446,432.5446,1046.441,1081.3617,427.0584,0.0,2.43015,2.511246,0.971205,30,216,96,2,0.20383968,0.00163983,-0.01249836,0E-8,0.000000,0.906607,0.000000,0.01775797,2026-03-22,2026-08-06,108,3621,2443,138,0.782609,1.360932,1.287360,0.679466,,,,,,,,GLOBAL_BASELINE_NO_ENTITY_RANKING,,,NOT_APPLICABLE_GLOBAL_BASELINE,HF9g-P5,,,,X 全窗基线 · 不参与实体赏罚,14199943,1420,A168_HF9F_20260827_0900,2026-08-27 09:00:00
2026-07-20,57024343,925,0,2989.4089511447,362.9996583533,362.9996583533,0.6000000,7,7,0.50473567142857143,0.504735671429,0.4260541393395541,0.4260541393376408,0.4260541393395541,-4.2857E-13,ELIGIBLE,R03b_20260811_FULL_v1,L1_ELIGIBILITY,v2026-08-11,2026-03-21..2026-08-06,baccarat_bet02_101_all_pairs_incl_sentinel,round_win = game_pnl > 0 (decisive only),COMPATIBILITY_ONLY_NOT_PRODUCTION,4059548.3812,3680416.6879,6656.9809,9707,9692,-0.00163983,0.01249836,-0.00525961,-0.00163983,-6656.9809,4059548.3812,OK,0.0000,266.2792,4.0000,96.0000,AG03-UNRESOLVED,ALL5_LEVELS_bet23_to_bet27,266.2792,266.2792,266.2792,0.0000,0.0000,4.000000,4.000000,4.000000,0.000000,0.000000,96.000000,96.000000,96.000000,100.000000,100.000000,5.0,798.8377,767.3102,5858.1432,5889.6706,PENDING_AG03,FALSE,NOT_FOR_ENFORCEMENT,6390.7016,3533200.0204,6656.9809,6390.7016,266.2792,0.00163983,0.00157424,266.2792,6390.7016,0.00157424,266.2792,266.2792,266.2792,0.0000,0.0000,6390.7016,0.00157424,798.8377,767.3102,5858.1432,5889.6706,0.00144305,0.00145082,0.00006559,418.2083,379.7376,0.6869,61.6387,1.8384,37588.4109,89.7407,538.3845,395.5999,218.4789,430.6076,432.5446,432.5446,1046.441,1081.3617,427.0584,0.0,2.43015,2.511246,0.971205,30,216,96,2,0.20383968,0.00163983,-0.01249836,0E-8,0.000000,0.906607,0.000000,0.01775797,2026-03-22,2026-08-06,108,3621,2443,138,0.782609,1.360932,1.287360,0.679466,,,,,,,,GLOBAL_BASELINE_NO_ENTITY_RANKING,,,NOT_APPLICABLE_GLOBAL_BASELINE,HF9g-P5,,,,X 全窗基线 · 不参与实体赏罚,14199944,1420,A168_HF9F_20260827_0900,2026-08-27 09:00:00
2026-07-20,57024343,994,0,2562.3505295526,811.4110010250,811.4110010250,0.6666667,6,6,0.50218230000000000,0.502182300000,0.8058132132962729,0.8058132132962729,0.8058132132962729,0E-17,ELIGIBLE,R03b_20260811_FULL_v1,L1_ELIGIBILITY,v2026-08-11,2026-03-21..2026-08-06,baccarat_bet02_101_all_pairs_incl_sentinel,round_win = game_pnl > 0 (decisive only),COMPATIBILITY_ONLY_NOT_PRODUCTION,4059548.3812,3680416.6879,6656.9809,9707,9692,-0.00163983,0.01249836,-0.00525961,-0.00163983,-6656.9809,4059548.3812,OK,0.0000,266.2792,4.0000,96.0000,AG03-UNRESOLVED,ALL5_LEVELS_bet23_to_bet27,266.2792,266.2792,266.2792,0.0000,0.0000,4.000000,4.000000,4.000000,0.000000,0.000000,96.000000,96.000000,96.000000,100.000000,100.000000,5.0,798.8377,767.3102,5858.1432,5889.6706,PENDING_AG03,FALSE,NOT_FOR_ENFORCEMENT,6390.7016,3533200.0204,6656.9809,6390.7016,266.2792,0.00163983,0.00157424,266.2792,6390.7016,0.00157424,266.2792,266.2792,266.2792,0.0000,0.0000,6390.7016,0.00157424,798.8377,767.3102,5858.1432,5889.6706,0.00144305,0.00145082,0.00006559,418.2083,379.7376,0.6869,61.6387,1.8384,37588.4109,89.7407,538.3845,395.5999,218.4789,430.6076,432.5446,432.5446,1046.441,1081.3617,427.0584,0.0,2.43015,2.511246,0.971205,30,216,96,2,0.20383968,0.00163983,-0.01249836,0E-8,0.000000,0.906607,0.000000,0.01775797,2026-03-22,2026-08-06,108,3621,2443,138,0.782609,1.360932,1.287360,0.679466,,,,,,,,GLOBAL_BASELINE_NO_ENTITY_RANKING,,,NOT_APPLICABLE_GLOBAL_BASELINE,HF9g-P5,,,,X 全窗基线 · 不参与实体赏罚,14199945,1420,A168_HF9F_20260827_0900,2026-08-27 09:00:00
2026-07-21,57024343,-1,1,5338.2302699012,-1142.3812777589,-1142.3812777589,0.4000000,13,13,0.50665070000000000,0.506650700000,-0.6745779303487851,-0.6745779303487851,-0.6745779303487851,0E-17,SENTINEL_DEALER,R03b_20260811_FULL_v1,L1_ELIGIBILITY,v2026-08-11,2026-03-21..2026-08-06,baccarat_bet02_101_all_pairs_incl_sentinel,round_win = game_pnl > 0 (decisive only),COMPATIBILITY_ONLY_NOT_PRODUCTION,4059548.3812,3680416.6879,6656.9809,9707,9692,-0.00163983,0.01249836,-0.00525961,-0.00163983,-6656.9809,4059548.3812,OK,0.0000,266.2792,4.0000,96.0000,AG03-UNRESOLVED,ALL5_LEVELS_bet23_to_bet27,266.2792,266.2792,266.2792,0.0000,0.0000,4.000000,4.000000,4.000000,0.000000,0.000000,96.000000,96.000000,96.000000,100.000000,100.000000,5.0,798.8377,767.3102,5858.1432,5889.6706,PENDING_AG03,FALSE,NOT_FOR_ENFORCEMENT,6390.7016,3533200.0204,6656.9809,6390.7016,266.2792,0.00163983,0.00157424,266.2792,6390.7016,0.00157424,266.2792,266.2792,266.2792,0.0000,0.0000,6390.7016,0.00157424,798.8377,767.3102,5858.1432,5889.6706,0.00144305,0.00145082,0.00006559,418.2083,379.7376,0.6869,61.6387,1.8384,37588.4109,89.7407,538.3845,395.5999,218.4789,430.6076,432.5446,432.5446,1046.441,1081.3617,427.0584,0.0,2.43015,2.511246,0.971205,30,216,96,2,0.20383968,0.00163983,-0.01249836,0E-8,0.000000,0.906607,0.000000,0.01775797,2026-03-22,2026-08-06,108,3621,2443,138,0.782609,1.360932,1.287360,0.679466,,,,,,,,GLOBAL_BASELINE_NO_ENTITY_RANKING,,,NOT_APPLICABLE_GLOBAL_BASELINE,HF9g-P5,,,,X 全窗基线 · 不参与实体赏罚,14199946,1420,A168_HF9F_20260827_0900,2026-08-27 09:00:00
2026-07-21,57024343,1109,0,1708.2336863683,1622.8220020499,1622.8220020499,1.0000000,3,3,0.50665070000000000,0.506650700000,1.7091633124209307,1.7091633124209307,1.7091633124209307,0E-17,ELIGIBLE,R03b_20260811_FULL_v1,L1_ELIGIBILITY,v2026-08-11,2026-03-21..2026-08-06,baccarat_bet02_101_all_pairs_incl_sentinel,round_win = game_pnl > 0 (decisive only),COMPATIBILITY_ONLY_NOT_PRODUCTION,4059548.3812,3680416.6879,6656.9809,9707,9692,-0.00163983,0.01249836,-0.00525961,-0.00163983,-6656.9809,4059548.3812,OK,0.0000,266.2792,4.0000,96.0000,AG03-UNRESOLVED,ALL5_LEVELS_bet23_to_bet27,266.2792,266.2792,266.2792,0.0000,0.0000,4.000000,4.000000,4.000000,0.000000,0.000000,96.000000,96.000000,96.000000,100.000000,100.000000,5.0,798.8377,767.3102,5858.1432,5889.6706,PENDING_AG03,FALSE,NOT_FOR_ENFORCEMENT,6390.7016,3533200.0204,6656.9809,6390.7016,266.2792,0.00163983,0.00157424,266.2792,6390.7016,0.00157424,266.2792,266.2792,266.2792,0.0000,0.0000,6390.7016,0.00157424,798.8377,767.3102,5858.1432,5889.6706,0.00144305,0.00145082,0.00006559,418.2083,379.7376,0.6869,61.6387,1.8384,37588.4109,89.7407,538.3845,395.5999,218.4789,430.6076,432.5446,432.5446,1046.441,1081.3617,427.0584,0.0,2.43015,2.511246,0.971205,30,216,96,2,0.20383968,0.00163983,-0.01249836,0E-8,0.000000,0.906607,0.000000,0.01775797,2026-03-22,2026-08-06,108,3621,2443,138,0.782609,1.360932,1.287360,0.679466,,,,,,,,GLOBAL_BASELINE_NO_ENTITY_RANKING,,,NOT_APPLICABLE_GLOBAL_BASELINE,HF9g-P5,,,,X 全窗基线 · 不参与实体赏罚,14199947,1420,A168_HF9F_20260827_0900,2026-08-27 09:00:00
2026-07-21,57024343,1330,0,2348.8213187565,-1516.0573966519,-1516.0573966519,0.2000000,5,5,0.50665070000000000,0.506650700000,-1.3715049547573244,-1.3715049547573244,-1.3715049547573244,0E-17,ELIGIBLE,R03b_20260811_FULL_v1,L1_ELIGIBILITY,v2026-08-11,2026-03-21..2026-08-06,baccarat_bet02_101_all_pairs_incl_sentinel,round_win = game_pnl > 0 (decisive only),COMPATIBILITY_ONLY_NOT_PRODUCTION,4059548.3812,3680416.6879,6656.9809,9707,9692,-0.00163983,0.01249836,-0.00525961,-0.00163983,-6656.9809,4059548.3812,OK,0.0000,266.2792,4.0000,96.0000,AG03-UNRESOLVED,ALL5_LEVELS_bet23_to_bet27,266.2792,266.2792,266.2792,0.0000,0.0000,4.000000,4.000000,4.000000,0.000000,0.000000,96.000000,96.000000,96.000000,100.000000,100.000000,5.0,798.8377,767.3102,5858.1432,5889.6706,PENDING_AG03,FALSE,NOT_FOR_ENFORCEMENT,6390.7016,3533200.0204,6656.9809,6390.7016,266.2792,0.00163983,0.00157424,266.2792,6390.7016,0.00157424,266.2792,266.2792,266.2792,0.0000,0.0000,6390.7016,0.00157424,798.8377,767.3102,5858.1432,5889.6706,0.00144305,0.00145082,0.00006559,418.2083,379.7376,0.6869,61.6387,1.8384,37588.4109,89.7407,538.3845,395.5999,218.4789,430.6076,432.5446,432.5446,1046.441,1081.3617,427.0584,0.0,2.43015,2.511246,0.971205,30,216,96,2,0.20383968,0.00163983,-0.01249836,0E-8,0.000000,0.906607,0.000000,0.01775797,2026-03-22,2026-08-06,108,3621,2443,138,0.782609,1.360932,1.287360,0.679466,,,,,,,,GLOBAL_BASELINE_NO_ENTITY_RANKING,,,NOT_APPLICABLE_GLOBAL_BASELINE,HF9g-P5,,,,X 全窗基线 · 不参与实体赏罚,14199948,1420,A168_HF9F_20260827_0900,2026-08-27 09:00:00
2026-07-21,57024343,1331,0,2135.2921079604,362.9996583532,362.9996583532,0.5000000,4,4,0.50665070000000000,0.506650700000,-0.02660515369234503,-0.02660515369234503,-0.02660515369234503,0E-17,ELIGIBLE,R03b_20260811_FULL_v1,L1_ELIGIBILITY,v2026-08-11,2026-03-21..2026-08-06,baccarat_bet02_101_all_pairs_incl_sentinel,round_win = game_pnl > 0 (decisive only),COMPATIBILITY_ONLY_NOT_PRODUCTION,4059548.3812,3680416.6879,6656.9809,9707,9692,-0.00163983,0.01249836,-0.00525961,-0.00163983,-6656.9809,4059548.3812,OK,0.0000,266.2792,4.0000,96.0000,AG03-UNRESOLVED,ALL5_LEVELS_bet23_to_bet27,266.2792,266.2792,266.2792,0.0000,0.0000,4.000000,4.000000,4.000000,0.000000,0.000000,96.000000,96.000000,96.000000,100.000000,100.000000,5.0,798.8377,767.3102,5858.1432,5889.6706,PENDING_AG03,FALSE,NOT_FOR_ENFORCEMENT,6390.7016,3533200.0204,6656.9809,6390.7016,266.2792,0.00163983,0.00157424,266.2792,6390.7016,0.00157424,266.2792,266.2792,266.2792,0.0000,0.0000,6390.7016,0.00157424,798.8377,767.3102,5858.1432,5889.6706,0.00144305,0.00145082,0.00006559,418.2083,379.7376,0.6869,61.6387,1.8384,37588.4109,89.7407,538.3845,395.5999,218.4789,430.6076,432.5446,432.5446,1046.441,1081.3617,427.0584,0.0,2.43015,2.511246,0.971205,30,216,96,2,0.20383968,0.00163983,-0.01249836,0E-8,0.000000,0.906607,0.000000,0.01775797,2026-03-22,2026-08-06,108,3621,2443,138,0.782609,1.360932,1.287360,0.679466,,,,,,,,GLOBAL_BASELINE_NO_ENTITY_RANKING,,,NOT_APPLICABLE_GLOBAL_BASELINE,HF9g-P5,,,,X 全窗基线 · 不参与实体赏罚,14199949,1420,A168_HF9F_20260827_0900,2026-08-27 09:00:00
2026-07-21,57024343,1383,0,427.0584215921,-427.0584215921,-427.0584215921,0E-7,1,1,0.50665070000000000,0.506650700000,-1.013391052207602,-1.013391052207602,-1.013391052207602,0E-17,ELIGIBLE,R03b_20260811_FULL_v1,L1_ELIGIBILITY,v2026-08-11,2026-03-21..2026-08-06,baccarat_bet02_101_all_pairs_incl_sentinel,round_win = game_pnl > 0 (decisive only),COMPATIBILITY_ONLY_NOT_PRODUCTION,4059548.3812,3680416.6879,6656.9809,9707,9692,-0.00163983,0.01249836,-0.00525961,-0.00163983,-6656.9809,4059548.3812,OK,0.0000,266.2792,4.0000,96.0000,AG03-UNRESOLVED,ALL5_LEVELS_bet23_to_bet27,266.2792,266.2792,266.2792,0.0000,0.0000,4.000000,4.000000,4.000000,0.000000,0.000000,96.000000,96.000000,96.000000,100.000000,100.000000,5.0,798.8377,767.3102,5858.1432,5889.6706,PENDING_AG03,FALSE,NOT_FOR_ENFORCEMENT,6390.7016,3533200.0204,6656.9809,6390.7016,266.2792,0.00163983,0.00157424,266.2792,6390.7016,0.00157424,266.2792,266.2792,266.2792,0.0000,0.0000,6390.7016,0.00157424,798.8377,767.3102,5858.1432,5889.6706,0.00144305,0.00145082,0.00006559,418.2083,379.7376,0.6869,61.6387,1.8384,37588.4109,89.7407,538.3845,395.5999,218.4789,430.6076,432.5446,432.5446,1046.441,1081.3617,427.0584,0.0,2.43015,2.511246,0.971205,30,216,96,2,0.20383968,0.00163983,-0.01249836,0E-8,0.000000,0.906607,0.000000,0.01775797,2026-03-22,2026-08-06,108,3621,2443,138,0.782609,1.360932,1.287360,0.679466,,,,,,,,GLOBAL_BASELINE_NO_ENTITY_RANKING,,,NOT_APPLICABLE_GLOBAL_BASELINE,HF9g-P5,,,,X 全窗基线 · 不参与实体赏罚,14199950,1420,A168_HF9F_20260827_0900,2026-08-27 09:00:00
2026-07-21,57024343,1401,0,1708.2336863684,-21.3529210796,-21.3529210796,0.5000000,4,4,0.50665070000000000,0.506650700000,-0.018812684590367487,-0.018812684590367487,-0.018812684590367487,0E-17,ELIGIBLE,R03b_20260811_FULL_v1,L1_ELIGIBILITY,v2026-08-11,2026-03-21..2026-08-06,baccarat_bet02_101_all_pairs_incl_sentinel,round_win = game_pnl > 0 (decisive only),COMPATIBILITY_ONLY_NOT_PRODUCTION,4059548.3812,3680416.6879,6656.9809,9707,9692,-0.00163983,0.01249836,-0.00525961,-0.00163983,-6656.9809,4059548.3812,OK,0.0000,266.2792,4.0000,96.0000,AG03-UNRESOLVED,ALL5_LEVELS_bet23_to_bet27,266.2792,266.2792,266.2792,0.0000,0.0000,4.000000,4.000000,4.000000,0.000000,0.000000,96.000000,96.000000,96.000000,100.000000,100.000000,5.0,798.8377,767.3102,5858.1432,5889.6706,PENDING_AG03,FALSE,NOT_FOR_ENFORCEMENT,6390.7016,3533200.0204,6656.9809,6390.7016,266.2792,0.00163983,0.00157424,266.2792,6390.7016,0.00157424,266.2792,266.2792,266.2792,0.0000,0.0000,6390.7016,0.00157424,798.8377,767.3102,5858.1432,5889.6706,0.00144305,0.00145082,0.00006559,418.2083,379.7376,0.6869,61.6387,1.8384,37588.4109,89.7407,538.3845,395.5999,218.4789,430.6076,432.5446,432.5446,1046.441,1081.3617,427.0584,0.0,2.43015,2.511246,0.971205,30,216,96,2,0.20383968,0.00163983,-0.01249836,0E-8,0.000000,0.906607,0.000000,0.01775797,2026-03-22,2026-08-06,108,3621,2443,138,0.782609,1.360932,1.287360,0.679466,,,,,,,,GLOBAL_BASELINE_NO_ENTITY_RANKING,,,NOT_APPLICABLE_GLOBAL_BASELINE,HF9g-P5,,,,X 全窗基线 · 不参与实体赏罚,14199951,1420,A168_HF9F_20260827_0900,2026-08-27 09:00:00
2026-07-21,57024343,1485,0,427.0584215921,-427.0584215921,-427.0584215921,0E-7,1,1,0.50665070000000000,0.506650700000,-1.013391052207602,-1.013391052207602,-1.013391052207602,0E-17,ELIGIBLE,R03b_20260811_FULL_v1,L1_ELIGIBILITY,v2026-08-11,2026-03-21..2026-08-06,baccarat_bet02_101_all_pairs_incl_sentinel,round_win = game_pnl > 0 (decisive only),COMPATIBILITY_ONLY_NOT_PRODUCTION,4059548.3812,3680416.6879,6656.9809,9707,9692,-0.00163983,0.01249836,-0.00525961,-0.00163983,-6656.9809,4059548.3812,OK,0.0000,266.2792,4.0000,96.0000,AG03-UNRESOLVED,ALL5_LEVELS_bet23_to_bet27,266.2792,266.2792,266.2792,0.0000,0.0000,4.000000,4.000000,4.000000,0.000000,0.000000,96.000000,96.000000,96.000000,100.000000,100.000000,5.0,798.8377,767.3102,5858.1432,5889.6706,PENDING_AG03,FALSE,NOT_FOR_ENFORCEMENT,6390.7016,3533200.0204,6656.9809,6390.7016,266.2792,0.00163983,0.00157424,266.2792,6390.7016,0.00157424,266.2792,266.2792,266.2792,0.0000,0.0000,6390.7016,0.00157424,798.8377,767.3102,5858.1432,5889.6706,0.00144305,0.00145082,0.00006559,418.2083,379.7376,0.6869,61.6387,1.8384,37588.4109,89.7407,538.3845,395.5999,218.4789,430.6076,432.5446,432.5446,1046.441,1081.3617,427.0584,0.0,2.43015,2.511246,0.971205,30,216,96,2,0.20383968,0.00163983,-0.01249836,0E-8,0.000000,0.906607,0.000000,0.01775797,2026-03-22,2026-08-06,108,3621,2443,138,0.782609,1.360932,1.287360,0.679466,,,,,,,,GLOBAL_BASELINE_NO_ENTITY_RANKING,,,NOT_APPLICABLE_GLOBAL_BASELINE,HF9g-P5,,,,X 全窗基线 · 不参与实体赏罚,14199952,1420,A168_HF9F_20260827_0900,2026-08-27 09:00:00
2026-07-21,57024343,1507,0,1708.2336863684,-448.4113426717,-448.4113426717,0.3333333,4,4,0.50665070000000000,0.506650700000,-0.6004420894325239,-0.6004420894325239,-0.6004420894325239,0E-17,ELIGIBLE,R03b_20260811_FULL_v1,L1_ELIGIBILITY,v2026-08-11,2026-03-21..2026-08-06,baccarat_bet02_101_all_pairs_incl_sentinel,round_win = game_pnl > 0 (decisive only),COMPATIBILITY_ONLY_NOT_PRODUCTION,4059548.3812,3680416.6879,6656.9809,9707,9692,-0.00163983,0.01249836,-0.00525961,-0.00163983,-6656.9809,4059548.3812,OK,0.0000,266.2792,4.0000,96.0000,AG03-UNRESOLVED,ALL5_LEVELS_bet23_to_bet27,266.2792,266.2792,266.2792,0.0000,0.0000,4.000000,4.000000,4.000000,0.000000,0.000000,96.000000,96.000000,96.000000,100.000000,100.000000,5.0,798.8377,767.3102,5858.1432,5889.6706,PENDING_AG03,FALSE,NOT_FOR_ENFORCEMENT,6390.7016,3533200.0204,6656.9809,6390.7016,266.2792,0.00163983,0.00157424,266.2792,6390.7016,0.00157424,266.2792,266.2792,266.2792,0.0000,0.0000,6390.7016,0.00157424,798.8377,767.3102,5858.1432,5889.6706,0.00144305,0.00145082,0.00006559,418.2083,379.7376,0.6869,61.6387,1.8384,37588.4109,89.7407,538.3845,395.5999,218.4789,430.6076,432.5446,432.5446,1046.441,1081.3617,427.0584,0.0,2.43015,2.511246,0.971205,30,216,96,2,0.20383968,0.00163983,-0.01249836,0E-8,0.000000,0.906607,0.000000,0.01775797,2026-03-22,2026-08-06,108,3621,2443,138,0.782609,1.360932,1.287360,0.679466,,,,,,,,GLOBAL_BASELINE_NO_ENTITY_RANKING,,,NOT_APPLICABLE_GLOBAL_BASELINE,HF9g-P5,,,,X 全窗基线 · 不参与实体赏罚,14199953,1420,A168_HF9F_20260827_0900,2026-08-27 09:00:00
2026-07-21,57024343,1942,0,640.5876323881,608.5582507687,608.5582507687,1.0000000,1,1,0.50665070000000000,0.506650700000,0.9867858985152569,0.9867858985152569,0.9867858985152569,0E-17,ELIGIBLE,R03b_20260811_FULL_v1,L1_ELIGIBILITY,v2026-08-11,2026-03-21..2026-08-06,baccarat_bet02_101_all_pairs_incl_sentinel,round_win = game_pnl > 0 (decisive only),COMPATIBILITY_ONLY_NOT_PRODUCTION,4059548.3812,3680416.6879,6656.9809,9707,9692,-0.00163983,0.01249836,-0.00525961,-0.00163983,-6656.9809,4059548.3812,OK,0.0000,266.2792,4.0000,96.0000,AG03-UNRESOLVED,ALL5_LEVELS_bet23_to_bet27,266.2792,266.2792,266.2792,0.0000,0.0000,4.000000,4.000000,4.000000,0.000000,0.000000,96.000000,96.000000,96.000000,100.000000,100.000000,5.0,798.8377,767.3102,5858.1432,5889.6706,PENDING_AG03,FALSE,NOT_FOR_ENFORCEMENT,6390.7016,3533200.0204,6656.9809,6390.7016,266.2792,0.00163983,0.00157424,266.2792,6390.7016,0.00157424,266.2792,266.2792,266.2792,0.0000,0.0000,6390.7016,0.00157424,798.8377,767.3102,5858.1432,5889.6706,0.00144305,0.00145082,0.00006559,418.2083,379.7376,0.6869,61.6387,1.8384,37588.4109,89.7407,538.3845,395.5999,218.4789,430.6076,432.5446,432.5446,1046.441,1081.3617,427.0584,0.0,2.43015,2.511246,0.971205,30,216,96,2,0.20383968,0.00163983,-0.01249836,0E-8,0.000000,0.906607,0.000000,0.01775797,2026-03-22,2026-08-06,108,3621,2443,138,0.782609,1.360932,1.287360,0.679466,,,,,,,,GLOBAL_BASELINE_NO_ENTITY_RANKING,,,NOT_APPLICABLE_GLOBAL_BASELINE,HF9g-P5,,,,X 全窗基线 · 不参与实体赏罚,14199954,1420,A168_HF9F_20260827_0900,2026-08-27 09:00:00
2026-07-21,57024343,1990,0,427.0584215921,0E-10,0E-10,,1,1,0.50665070000000000,0.506650700000,,,,0E-17,NO_DECISIVE_ROUND,R03b_20260811_FULL_v1,L1_ELIGIBILITY,v2026-08-11,2026-03-21..2026-08-06,baccarat_bet02_101_all_pairs_incl_sentinel,round_win = game_pnl > 0 (decisive only),COMPATIBILITY_ONLY_NOT_PRODUCTION,4059548.3812,3680416.6879,6656.9809,9707,9692,-0.00163983,0.01249836,-0.00525961,-0.00163983,-6656.9809,4059548.3812,OK,0.0000,266.2792,4.0000,96.0000,AG03-UNRESOLVED,ALL5_LEVELS_bet23_to_bet27,266.2792,266.2792,266.2792,0.0000,0.0000,4.000000,4.000000,4.000000,0.000000,0.000000,96.000000,96.000000,96.000000,100.000000,100.000000,5.0,798.8377,767.3102,5858.1432,5889.6706,PENDING_AG03,FALSE,NOT_FOR_ENFORCEMENT,6390.7016,3533200.0204,6656.9809,6390.7016,266.2792,0.00163983,0.00157424,266.2792,6390.7016,0.00157424,266.2792,266.2792,266.2792,0.0000,0.0000,6390.7016,0.00157424,798.8377,767.3102,5858.1432,5889.6706,0.00144305,0.00145082,0.00006559,418.2083,379.7376,0.6869,61.6387,1.8384,37588.4109,89.7407,538.3845,395.5999,218.4789,430.6076,432.5446,432.5446,1046.441,1081.3617,427.0584,0.0,2.43015,2.511246,0.971205,30,216,96,2,0.20383968,0.00163983,-0.01249836,0E-8,0.000000,0.906607,0.000000,0.01775797,2026-03-22,2026-08-06,108,3621,2443,138,0.782609,1.360932,1.287360,0.679466,,,,,,,,GLOBAL_BASELINE_NO_ENTITY_RANKING,,,NOT_APPLICABLE_GLOBAL_BASELINE,HF9g-P5,,,,X 全窗基线 · 不参与实体赏罚,14199955,1420,A168_HF9F_20260827_0900,2026-08-27 09:00:00
2026-07-21,57024343,2101,0,3416.4673727367,-1750.9395285275,-1750.9395285275,0.2857143,7,7,0.50665070000000000,0.506650700000,-1.169189050789051,-1.169189050789051,-1.169189050789051,0E-17,ELIGIBLE,R03b_20260811_FULL_v1,L1_ELIGIBILITY,v2026-08-11,2026-03-21..2026-08-06,baccarat_bet02_101_all_pairs_incl_sentinel,round_win = game_pnl > 0 (decisive only),COMPATIBILITY_ONLY_NOT_PRODUCTION,4059548.3812,3680416.6879,6656.9809,9707,9692,-0.00163983,0.01249836,-0.00525961,-0.00163983,-6656.9809,4059548.3812,OK,0.0000,266.2792,4.0000,96.0000,AG03-UNRESOLVED,ALL5_LEVELS_bet23_to_bet27,266.2792,266.2792,266.2792,0.0000,0.0000,4.000000,4.000000,4.000000,0.000000,0.000000,96.000000,96.000000,96.000000,100.000000,100.000000,5.0,798.8377,767.3102,5858.1432,5889.6706,PENDING_AG03,FALSE,NOT_FOR_ENFORCEMENT,6390.7016,3533200.0204,6656.9809,6390.7016,266.2792,0.00163983,0.00157424,266.2792,6390.7016,0.00157424,266.2792,266.2792,266.2792,0.0000,0.0000,6390.7016,0.00157424,798.8377,767.3102,5858.1432,5889.6706,0.00144305,0.00145082,0.00006559,418.2083,379.7376,0.6869,61.6387,1.8384,37588.4109,89.7407,538.3845,395.5999,218.4789,430.6076,432.5446,432.5446,1046.441,1081.3617,427.0584,0.0,2.43015,2.511246,0.971205,30,216,96,2,0.20383968,0.00163983,-0.01249836,0E-8,0.000000,0.906607,0.000000,0.01775797,2026-03-22,2026-08-06,108,3621,2443,138,0.782609,1.360932,1.287360,0.679466,,,,,,,,GLOBAL_BASELINE_NO_ENTITY_RANKING,,,NOT_APPLICABLE_GLOBAL_BASELINE,HF9g-P5,,,,X 全窗基线 · 不参与实体赏罚,14199956,1420,A168_HF9F_20260827_0900,2026-08-27 09:00:00
2026-07-21,57024343,2106,0,1494.7044755723,587.2053296891,587.2053296891,0.6666667,3,3,0.50665070000000000,0.506650700000,0.5543606114942035,0.5543606114942035,0.5543606114942035,0E-17,ELIGIBLE,R03b_20260811_FULL_v1,L1_ELIGIBILITY,v2026-08-11,2026-03-21..2026-08-06,baccarat_bet02_101_all_pairs_incl_sentinel,round_win = game_pnl > 0 (decisive only),COMPATIBILITY_ONLY_NOT_PRODUCTION,4059548.3812,3680416.6879,6656.9809,9707,9692,-0.00163983,0.01249836,-0.00525961,-0.00163983,-6656.9809,4059548.3812,OK,0.0000,266.2792,4.0000,96.0000,AG03-UNRESOLVED,ALL5_LEVELS_bet23_to_bet27,266.2792,266.2792,266.2792,0.0000,0.0000,4.000000,4.000000,4.000000,0.000000,0.000000,96.000000,96.000000,96.000000,100.000000,100.000000,5.0,798.8377,767.3102,5858.1432,5889.6706,PENDING_AG03,FALSE,NOT_FOR_ENFORCEMENT,6390.7016,3533200.0204,6656.9809,6390.7016,266.2792,0.00163983,0.00157424,266.2792,6390.7016,0.00157424,266.2792,266.2792,266.2792,0.0000,0.0000,6390.7016,0.00157424,798.8377,767.3102,5858.1432,5889.6706,0.00144305,0.00145082,0.00006559,418.2083,379.7376,0.6869,61.6387,1.8384,37588.4109,89.7407,538.3845,395.5999,218.4789,430.6076,432.5446,432.5446,1046.441,1081.3617,427.0584,0.0,2.43015,2.511246,0.971205,30,216,96,2,0.20383968,0.00163983,-0.01249836,0E-8,0.000000,0.906607,0.000000,0.01775797,2026-03-22,2026-08-06,108,3621,2443,138,0.782609,1.360932,1.287360,0.679466,,,,,,,,GLOBAL_BASELINE_NO_ENTITY_RANKING,,,NOT_APPLICABLE_GLOBAL_BASELINE,HF9g-P5,,,,X 全窗基线 · 不参与实体赏罚,14199957,1420,A168_HF9F_20260827_0900,2026-08-27 09:00:00
2026-07-21,57024343,2108,0,1067.6460539802,1014.2637512812,1014.2637512812,1.0000000,2,2,0.50665070000000000,0.506650700000,1.3955260008387969,1.3955260008387969,1.3955260008387969,0E-17,ELIGIBLE,R03b_20260811_FULL_v1,L1_ELIGIBILITY,v2026-08-11,2026-03-21..2026-08-06,baccarat_bet02_101_all_pairs_incl_sentinel,round_win = game_pnl > 0 (decisive only),COMPATIBILITY_ONLY_NOT_PRODUCTION,4059548.3812,3680416.6879,6656.9809,9707,9692,-0.00163983,0.01249836,-0.00525961,-0.00163983,-6656.9809,4059548.3812,OK,0.0000,266.2792,4.0000,96.0000,AG03-UNRESOLVED,ALL5_LEVELS_bet23_to_bet27,266.2792,266.2792,266.2792,0.0000,0.0000,4.000000,4.000000,4.000000,0.000000,0.000000,96.000000,96.000000,96.000000,100.000000,100.000000,5.0,798.8377,767.3102,5858.1432,5889.6706,PENDING_AG03,FALSE,NOT_FOR_ENFORCEMENT,6390.7016,3533200.0204,6656.9809,6390.7016,266.2792,0.00163983,0.00157424,266.2792,6390.7016,0.00157424,266.2792,266.2792,266.2792,0.0000,0.0000,6390.7016,0.00157424,798.8377,767.3102,5858.1432,5889.6706,0.00144305,0.00145082,0.00006559,418.2083,379.7376,0.6869,61.6387,1.8384,37588.4109,89.7407,538.3845,395.5999,218.4789,430.6076,432.5446,432.5446,1046.441,1081.3617,427.0584,0.0,2.43015,2.511246,0.971205,30,216,96,2,0.20383968,0.00163983,-0.01249836,0E-8,0.000000,0.906607,0.000000,0.01775797,2026-03-22,2026-08-06,108,3621,2443,138,0.782609,1.360932,1.287360,0.679466,,,,,,,,GLOBAL_BASELINE_NO_ENTITY_RANKING,,,NOT_APPLICABLE_GLOBAL_BASELINE,HF9g-P5,,,,X 全窗基线 · 不参与实体赏罚,14199958,1420,A168_HF9F_20260827_0900,2026-08-27 09:00:00
2026-07-21,57024343,2121,0,640.5876323881,608.5582507687,608.5582507687,1.0000000,1,1,0.50665070000000000,0.506650700000,0.9867858985152569,0.9867858985152569,0.9867858985152569,0E-17,ELIGIBLE,R03b_20260811_FULL_v1,L1_ELIGIBILITY,v2026-08-11,2026-03-21..2026-08-06,baccarat_bet02_101_all_pairs_incl_sentinel,round_win = game_pnl > 0 (decisive only),COMPATIBILITY_ONLY_NOT_PRODUCTION,4059548.3812,3680416.6879,6656.9809,9707,9692,-0.00163983,0.01249836,-0.00525961,-0.00163983,-6656.9809,4059548.3812,OK,0.0000,266.2792,4.0000,96.0000,AG03-UNRESOLVED,ALL5_LEVELS_bet23_to_bet27,266.2792,266.2792,266.2792,0.0000,0.0000,4.000000,4.000000,4.000000,0.000000,0.000000,96.000000,96.000000,96.000000,100.000000,100.000000,5.0,798.8377,767.3102,5858.1432,5889.6706,PENDING_AG03,FALSE,NOT_FOR_ENFORCEMENT,6390.7016,3533200.0204,6656.9809,6390.7016,266.2792,0.00163983,0.00157424,266.2792,6390.7016,0.00157424,266.2792,266.2792,266.2792,0.0000,0.0000,6390.7016,0.00157424,798.8377,767.3102,5858.1432,5889.6706,0.00144305,0.00145082,0.00006559,418.2083,379.7376,0.6869,61.6387,1.8384,37588.4109,89.7407,538.3845,395.5999,218.4789,430.6076,432.5446,432.5446,1046.441,1081.3617,427.0584,0.0,2.43015,2.511246,0.971205,30,216,96,2,0.20383968,0.00163983,-0.01249836,0E-8,0.000000,0.906607,0.000000,0.01775797,2026-03-22,2026-08-06,108,3621,2443,138,0.782609,1.360932,1.287360,0.679466,,,,,,,,GLOBAL_BASELINE_NO_ENTITY_RANKING,,,NOT_APPLICABLE_GLOBAL_BASELINE,HF9g-P5,,,,X 全窗基线 · 不参与实体赏罚,14199959,1420,A168_HF9F_20260827_0900,2026-08-27 09:00:00
2026-07-21,57024343,2130,0,213.5292107960,202.8527502562,202.8527502562,1.0000000,1,1,0.50665070000000000,0.506650700000,0.9867858985152569,0.9867858985152569,0.9867858985152569,0E-17,ELIGIBLE,R03b_20260811_FULL_v1,L1_ELIGIBILITY,v2026-08-11,2026-03-21..2026-08-06,baccarat_bet02_101_all_pairs_incl_sentinel,round_win = game_pnl > 0 (decisive only),COMPATIBILITY_ONLY_NOT_PRODUCTION,4059548.3812,3680416.6879,6656.9809,9707,9692,-0.00163983,0.01249836,-0.00525961,-0.00163983,-6656.9809,4059548.3812,OK,0.0000,266.2792,4.0000,96.0000,AG03-UNRESOLVED,ALL5_LEVELS_bet23_to_bet27,266.2792,266.2792,266.2792,0.0000,0.0000,4.000000,4.000000,4.000000,0.000000,0.000000,96.000000,96.000000,96.000000,100.000000,100.000000,5.0,798.8377,767.3102,5858.1432,5889.6706,PENDING_AG03,FALSE,NOT_FOR_ENFORCEMENT,6390.7016,3533200.0204,6656.9809,6390.7016,266.2792,0.00163983,0.00157424,266.2792,6390.7016,0.00157424,266.2792,266.2792,266.2792,0.0000,0.0000,6390.7016,0.00157424,798.8377,767.3102,5858.1432,5889.6706,0.00144305,0.00145082,0.00006559,418.2083,379.7376,0.6869,61.6387,1.8384,37588.4109,89.7407,538.3845,395.5999,218.4789,430.6076,432.5446,432.5446,1046.441,1081.3617,427.0584,0.0,2.43015,2.511246,0.971205,30,216,96,2,0.20383968,0.00163983,-0.01249836,0E-8,0.000000,0.906607,0.000000,0.01775797,2026-03-22,2026-08-06,108,3621,2443,138,0.782609,1.360932,1.287360,0.679466,,,,,,,,GLOBAL_BASELINE_NO_ENTITY_RANKING,,,NOT_APPLICABLE_GLOBAL_BASELINE,HF9g-P5,,,,X 全窗基线 · 不参与实体赏罚,14199960,1420,A168_HF9F_20260827_0900,2026-08-27 09:00:00
2026-07-21,57024343,2134,0,427.0584215921,427.0584215921,427.0584215921,1.0000000,1,1,0.49324550000000000,0.493245500000,1.01360149184955,1.01360149184955,1.01360149184955,0E-17,ELIGIBLE,R03b_20260811_FULL_v1,L1_ELIGIBILITY,v2026-08-11,2026-03-21..2026-08-06,baccarat_bet02_101_all_pairs_incl_sentinel,round_win = game_pnl > 0 (decisive only),COMPATIBILITY_ONLY_NOT_PRODUCTION,4059548.3812,3680416.6879,6656.9809,9707,9692,-0.00163983,0.01249836,-0.00525961,-0.00163983,-6656.9809,4059548.3812,OK,0.0000,266.2792,4.0000,96.0000,AG03-UNRESOLVED,ALL5_LEVELS_bet23_to_bet27,266.2792,266.2792,266.2792,0.0000,0.0000,4.000000,4.000000,4.000000,0.000000,0.000000,96.000000,96.000000,96.000000,100.000000,100.000000,5.0,798.8377,767.3102,5858.1432,5889.6706,PENDING_AG03,FALSE,NOT_FOR_ENFORCEMENT,6390.7016,3533200.0204,6656.9809,6390.7016,266.2792,0.00163983,0.00157424,266.2792,6390.7016,0.00157424,266.2792,266.2792,266.2792,0.0000,0.0000,6390.7016,0.00157424,798.8377,767.3102,5858.1432,5889.6706,0.00144305,0.00145082,0.00006559,418.2083,379.7376,0.6869,61.6387,1.8384,37588.4109,89.7407,538.3845,395.5999,218.4789,430.6076,432.5446,432.5446,1046.441,1081.3617,427.0584,0.0,2.43015,2.511246,0.971205,30,216,96,2,0.20383968,0.00163983,-0.01249836,0E-8,0.000000,0.906607,0.000000,0.01775797,2026-03-22,2026-08-06,108,3621,2443,138,0.782609,1.360932,1.287360,0.679466,,,,,,,,GLOBAL_BASELINE_NO_ENTITY_RANKING,,,NOT_APPLICABLE_GLOBAL_BASELINE,HF9g-P5,,,,X 全窗基线 · 不参与实体赏罚,14199961,1420,A168_HF9F_20260827_0900,2026-08-27 09:00:00
2026-07-21,57024343,2141,0,427.0584215921,405.7055005125,405.7055005125,1.0000000,1,1,0.50665070000000000,0.506650700000,0.9867858985152569,0.9867858985152569,0.9867858985152569,0E-17,ELIGIBLE,R03b_20260811_FULL_v1,L1_ELIGIBILITY,v2026-08-11,2026-03-21..2026-08-06,baccarat_bet02_101_all_pairs_incl_sentinel,round_win = game_pnl > 0 (decisive only),COMPATIBILITY_ONLY_NOT_PRODUCTION,4059548.3812,3680416.6879,6656.9809,9707,9692,-0.00163983,0.01249836,-0.00525961,-0.00163983,-6656.9809,4059548.3812,OK,0.0000,266.2792,4.0000,96.0000,AG03-UNRESOLVED,ALL5_LEVELS_bet23_to_bet27,266.2792,266.2792,266.2792,0.0000,0.0000,4.000000,4.000000,4.000000,0.000000,0.000000,96.000000,96.000000,96.000000,100.000000,100.000000,5.0,798.8377,767.3102,5858.1432,5889.6706,PENDING_AG03,FALSE,NOT_FOR_ENFORCEMENT,6390.7016,3533200.0204,6656.9809,6390.7016,266.2792,0.00163983,0.00157424,266.2792,6390.7016,0.00157424,266.2792,266.2792,266.2792,0.0000,0.0000,6390.7016,0.00157424,798.8377,767.3102,5858.1432,5889.6706,0.00144305,0.00145082,0.00006559,418.2083,379.7376,0.6869,61.6387,1.8384,37588.4109,89.7407,538.3845,395.5999,218.4789,430.6076,432.5446,432.5446,1046.441,1081.3617,427.0584,0.0,2.43015,2.511246,0.971205,30,216,96,2,0.20383968,0.00163983,-0.01249836,0E-8,0.000000,0.906607,0.000000,0.01775797,2026-03-22,2026-08-06,108,3621,2443,138,0.782609,1.360932,1.287360,0.679466,,,,,,,,GLOBAL_BASELINE_NO_ENTITY_RANKING,,,NOT_APPLICABLE_GLOBAL_BASELINE,HF9g-P5,,,,X 全窗基线 · 不参与实体赏罚,14199962,1420,A168_HF9F_20260827_0900,2026-08-27 09:00:00
2026-07-21,57024343,2155,0,1281.1752647763,384.3525794329,384.3525794329,0.6666667,3,3,0.50665070000000000,0.506650700000,0.5543606114942035,0.5543606114942035,0.5543606114942035,0E-17,ELIGIBLE,R03b_20260811_FULL_v1,L1_ELIGIBILITY,v2026-08-11,2026-03-21..2026-08-06,baccarat_bet02_101_all_pairs_incl_sentinel,round_win = game_pnl > 0 (decisive only),COMPATIBILITY_ONLY_NOT_PRODUCTION,4059548.3812,3680416.6879,6656.9809,9707,9692,-0.00163983,0.01249836,-0.00525961,-0.00163983,-6656.9809,4059548.3812,OK,0.0000,266.2792,4.0000,96.0000,AG03-UNRESOLVED,ALL5_LEVELS_bet23_to_bet27,266.2792,266.2792,266.2792,0.0000,0.0000,4.000000,4.000000,4.000000,0.000000,0.000000,96.000000,96.000000,96.000000,100.000000,100.000000,5.0,798.8377,767.3102,5858.1432,5889.6706,PENDING_AG03,FALSE,NOT_FOR_ENFORCEMENT,6390.7016,3533200.0204,6656.9809,6390.7016,266.2792,0.00163983,0.00157424,266.2792,6390.7016,0.00157424,266.2792,266.2792,266.2792,0.0000,0.0000,6390.7016,0.00157424,798.8377,767.3102,5858.1432,5889.6706,0.00144305,0.00145082,0.00006559,418.2083,379.7376,0.6869,61.6387,1.8384,37588.4109,89.7407,538.3845,395.5999,218.4789,430.6076,432.5446,432.5446,1046.441,1081.3617,427.0584,0.0,2.43015,2.511246,0.971205,30,216,96,2,0.20383968,0.00163983,-0.01249836,0E-8,0.000000,0.906607,0.000000,0.01775797,2026-03-22,2026-08-06,108,3621,2443,138,0.782609,1.360932,1.287360,0.679466,,,,,,,,GLOBAL_BASELINE_NO_ENTITY_RANKING,,,NOT_APPLICABLE_GLOBAL_BASELINE,HF9g-P5,,,,X 全窗基线 · 不参与实体赏罚,14199963,1420,A168_HF9F_20260827_0900,2026-08-27 09:00:00
2026-07-21,57024343,2156,0,1708.2336863684,-42.7058421592,-42.7058421592,0.5000000,4,4,0.50665070000000000,0.506650700000,-0.02660515369234503,-0.02660515369234503,-0.02660515369234503,0E-17,ELIGIBLE,R03b_20260811_FULL_v1,L1_ELIGIBILITY,v2026-08-11,2026-03-21..2026-08-06,baccarat_bet02_101_all_pairs_incl_sentinel,round_win = game_pnl > 0 (decisive only),COMPATIBILITY_ONLY_NOT_PRODUCTION,4059548.3812,3680416.6879,6656.9809,9707,9692,-0.00163983,0.01249836,-0.00525961,-0.00163983,-6656.9809,4059548.3812,OK,0.0000,266.2792,4.0000,96.0000,AG03-UNRESOLVED,ALL5_LEVELS_bet23_to_bet27,266.2792,266.2792,266.2792,0.0000,0.0000,4.000000,4.000000,4.000000,0.000000,0.000000,96.000000,96.000000,96.000000,100.000000,100.000000,5.0,798.8377,767.3102,5858.1432,5889.6706,PENDING_AG03,FALSE,NOT_FOR_ENFORCEMENT,6390.7016,3533200.0204,6656.9809,6390.7016,266.2792,0.00163983,0.00157424,266.2792,6390.7016,0.00157424,266.2792,266.2792,266.2792,0.0000,0.0000,6390.7016,0.00157424,798.8377,767.3102,5858.1432,5889.6706,0.00144305,0.00145082,0.00006559,418.2083,379.7376,0.6869,61.6387,1.8384,37588.4109,89.7407,538.3845,395.5999,218.4789,430.6076,432.5446,432.5446,1046.441,1081.3617,427.0584,0.0,2.43015,2.511246,0.971205,30,216,96,2,0.20383968,0.00163983,-0.01249836,0E-8,0.000000,0.906607,0.000000,0.01775797,2026-03-22,2026-08-06,108,3621,2443,138,0.782609,1.360932,1.287360,0.679466,,,,,,,,GLOBAL_BASELINE_NO_ENTITY_RANKING,,,NOT_APPLICABLE_GLOBAL_BASELINE,HF9g-P5,,,,X 全窗基线 · 不参与实体赏罚,14199964,1420,A168_HF9F_20260827_0900,2026-08-27 09:00:00
2026-07-21,57024343,2214,0,1281.1752647763,-21.3529210796,-21.3529210796,0.5000000,3,3,0.50665070000000000,0.506650700000,-0.018812684590367487,-0.018812684590367487,-0.018812684590367487,0E-17,ELIGIBLE,R03b_20260811_FULL_v1,L1_ELIGIBILITY,v2026-08-11,2026-03-21..2026-08-06,baccarat_bet02_101_all_pairs_incl_sentinel,round_win = game_pnl > 0 (decisive only),COMPATIBILITY_ONLY_NOT_PRODUCTION,4059548.3812,3680416.6879,6656.9809,9707,9692,-0.00163983,0.01249836,-0.00525961,-0.00163983,-6656.9809,4059548.3812,OK,0.0000,266.2792,4.0000,96.0000,AG03-UNRESOLVED,ALL5_LEVELS_bet23_to_bet27,266.2792,266.2792,266.2792,0.0000,0.0000,4.000000,4.000000,4.000000,0.000000,0.000000,96.000000,96.000000,96.000000,100.000000,100.000000,5.0,798.8377,767.3102,5858.1432,5889.6706,PENDING_AG03,FALSE,NOT_FOR_ENFORCEMENT,6390.7016,3533200.0204,6656.9809,6390.7016,266.2792,0.00163983,0.00157424,266.2792,6390.7016,0.00157424,266.2792,266.2792,266.2792,0.0000,0.0000,6390.7016,0.00157424,798.8377,767.3102,5858.1432,5889.6706,0.00144305,0.00145082,0.00006559,418.2083,379.7376,0.6869,61.6387,1.8384,37588.4109,89.7407,538.3845,395.5999,218.4789,430.6076,432.5446,432.5446,1046.441,1081.3617,427.0584,0.0,2.43015,2.511246,0.971205,30,216,96,2,0.20383968,0.00163983,-0.01249836,0E-8,0.000000,0.906607,0.000000,0.01775797,2026-03-22,2026-08-06,108,3621,2443,138,0.782609,1.360932,1.287360,0.679466,,,,,,,,GLOBAL_BASELINE_NO_ENTITY_RANKING,,,NOT_APPLICABLE_GLOBAL_BASELINE,HF9g-P5,,,,X 全窗基线 · 不参与实体赏罚,14199965,1420,A168_HF9F_20260827_0900,2026-08-27 09:00:00
2026-07-21,57024343,2258,0,427.0584215921,-427.0584215921,-427.0584215921,0E-7,1,1,0.50665070000000000,0.506650700000,-1.013391052207602,-1.013391052207602,-1.013391052207602,0E-17,ELIGIBLE,R03b_20260811_FULL_v1,L1_ELIGIBILITY,v2026-08-11,2026-03-21..2026-08-06,baccarat_bet02_101_all_pairs_incl_sentinel,round_win = game_pnl > 0 (decisive only),COMPATIBILITY_ONLY_NOT_PRODUCTION,4059548.3812,3680416.6879,6656.9809,9707,9692,-0.00163983,0.01249836,-0.00525961,-0.00163983,-6656.9809,4059548.3812,OK,0.0000,266.2792,4.0000,96.0000,AG03-UNRESOLVED,ALL5_LEVELS_bet23_to_bet27,266.2792,266.2792,266.2792,0.0000,0.0000,4.000000,4.000000,4.000000,0.000000,0.000000,96.000000,96.000000,96.000000,100.000000,100.000000,5.0,798.8377,767.3102,5858.1432,5889.6706,PENDING_AG03,FALSE,NOT_FOR_ENFORCEMENT,6390.7016,3533200.0204,6656.9809,6390.7016,266.2792,0.00163983,0.00157424,266.2792,6390.7016,0.00157424,266.2792,266.2792,266.2792,0.0000,0.0000,6390.7016,0.00157424,798.8377,767.3102,5858.1432,5889.6706,0.00144305,0.00145082,0.00006559,418.2083,379.7376,0.6869,61.6387,1.8384,37588.4109,89.7407,538.3845,395.5999,218.4789,430.6076,432.5446,432.5446,1046.441,1081.3617,427.0584,0.0,2.43015,2.511246,0.971205,30,216,96,2,0.20383968,0.00163983,-0.01249836,0E-8,0.000000,0.906607,0.000000,0.01775797,2026-03-22,2026-08-06,108,3621,2443,138,0.782609,1.360932,1.287360,0.679466,,,,,,,,GLOBAL_BASELINE_NO_ENTITY_RANKING,,,NOT_APPLICABLE_GLOBAL_BASELINE,HF9g-P5,,,,X 全窗基线 · 不参与实体赏罚,14199966,1420,A168_HF9F_20260827_0900,2026-08-27 09:00:00
2026-07-21,57024343,2287,0,1067.6460539802,-234.8821318756,-234.8821318756,0.5000000,2,2,0.50665070000000000,0.506650700000,-0.018812684590367487,-0.018812684590367487,-0.018812684590367487,0E-17,ELIGIBLE,R03b_20260811_FULL_v1,L1_ELIGIBILITY,v2026-08-11,2026-03-21..2026-08-06,baccarat_bet02_101_all_pairs_incl_sentinel,round_win = game_pnl > 0 (decisive only),COMPATIBILITY_ONLY_NOT_PRODUCTION,4059548.3812,3680416.6879,6656.9809,9707,9692,-0.00163983,0.01249836,-0.00525961,-0.00163983,-6656.9809,4059548.3812,OK,0.0000,266.2792,4.0000,96.0000,AG03-UNRESOLVED,ALL5_LEVELS_bet23_to_bet27,266.2792,266.2792,266.2792,0.0000,0.0000,4.000000,4.000000,4.000000,0.000000,0.000000,96.000000,96.000000,96.000000,100.000000,100.000000,5.0,798.8377,767.3102,5858.1432,5889.6706,PENDING_AG03,FALSE,NOT_FOR_ENFORCEMENT,6390.7016,3533200.0204,6656.9809,6390.7016,266.2792,0.00163983,0.00157424,266.2792,6390.7016,0.00157424,266.2792,266.2792,266.2792,0.0000,0.0000,6390.7016,0.00157424,798.8377,767.3102,5858.1432,5889.6706,0.00144305,0.00145082,0.00006559,418.2083,379.7376,0.6869,61.6387,1.8384,37588.4109,89.7407,538.3845,395.5999,218.4789,430.6076,432.5446,432.5446,1046.441,1081.3617,427.0584,0.0,2.43015,2.511246,0.971205,30,216,96,2,0.20383968,0.00163983,-0.01249836,0E-8,0.000000,0.906607,0.000000,0.01775797,2026-03-22,2026-08-06,108,3621,2443,138,0.782609,1.360932,1.287360,0.679466,,,,,,,,GLOBAL_BASELINE_NO_ENTITY_RANKING,,,NOT_APPLICABLE_GLOBAL_BASELINE,HF9g-P5,,,,X 全窗基线 · 不参与实体赏罚,14199967,1420,A168_HF9F_20260827_0900,2026-08-27 09:00:00
2026-07-21,57024343,471,0,854.1168431842,811.4110010250,811.4110010250,1.0000000,2,2,0.50665070000000000,0.506650700000,1.3955260008387969,1.3955260008387969,1.3955260008387969,0E-17,ELIGIBLE,R03b_20260811_FULL_v1,L1_ELIGIBILITY,v2026-08-11,2026-03-21..2026-08-06,baccarat_bet02_101_all_pairs_incl_sentinel,round_win = game_pnl > 0 (decisive only),COMPATIBILITY_ONLY_NOT_PRODUCTION,4059548.3812,3680416.6879,6656.9809,9707,9692,-0.00163983,0.01249836,-0.00525961,-0.00163983,-6656.9809,4059548.3812,OK,0.0000,266.2792,4.0000,96.0000,AG03-UNRESOLVED,ALL5_LEVELS_bet23_to_bet27,266.2792,266.2792,266.2792,0.0000,0.0000,4.000000,4.000000,4.000000,0.000000,0.000000,96.000000,96.000000,96.000000,100.000000,100.000000,5.0,798.8377,767.3102,5858.1432,5889.6706,PENDING_AG03,FALSE,NOT_FOR_ENFORCEMENT,6390.7016,3533200.0204,6656.9809,6390.7016,266.2792,0.00163983,0.00157424,266.2792,6390.7016,0.00157424,266.2792,266.2792,266.2792,0.0000,0.0000,6390.7016,0.00157424,798.8377,767.3102,5858.1432,5889.6706,0.00144305,0.00145082,0.00006559,418.2083,379.7376,0.6869,61.6387,1.8384,37588.4109,89.7407,538.3845,395.5999,218.4789,430.6076,432.5446,432.5446,1046.441,1081.3617,427.0584,0.0,2.43015,2.511246,0.971205,30,216,96,2,0.20383968,0.00163983,-0.01249836,0E-8,0.000000,0.906607,0.000000,0.01775797,2026-03-22,2026-08-06,108,3621,2443,138,0.782609,1.360932,1.287360,0.679466,,,,,,,,GLOBAL_BASELINE_NO_ENTITY_RANKING,,,NOT_APPLICABLE_GLOBAL_BASELINE,HF9g-P5,,,,X 全窗基线 · 不参与实体赏罚,14199968,1420,A168_HF9F_20260827_0900,2026-08-27 09:00:00
2026-07-21,57024343,925,0,1281.1752647763,-448.4113426717,-448.4113426717,0.3333333,3,3,0.50665070000000000,0.506650700000,-0.6004420894325239,-0.6004420894325239,-0.6004420894325239,0E-17,ELIGIBLE,R03b_20260811_FULL_v1,L1_ELIGIBILITY,v2026-08-11,2026-03-21..2026-08-06,baccarat_bet02_101_all_pairs_incl_sentinel,round_win = game_pnl > 0 (decisive only),COMPATIBILITY_ONLY_NOT_PRODUCTION,4059548.3812,3680416.6879,6656.9809,9707,9692,-0.00163983,0.01249836,-0.00525961,-0.00163983,-6656.9809,4059548.3812,OK,0.0000,266.2792,4.0000,96.0000,AG03-UNRESOLVED,ALL5_LEVELS_bet23_to_bet27,266.2792,266.2792,266.2792,0.0000,0.0000,4.000000,4.000000,4.000000,0.000000,0.000000,96.000000,96.000000,96.000000,100.000000,100.000000,5.0,798.8377,767.3102,5858.1432,5889.6706,PENDING_AG03,FALSE,NOT_FOR_ENFORCEMENT,6390.7016,3533200.0204,6656.9809,6390.7016,266.2792,0.00163983,0.00157424,266.2792,6390.7016,0.00157424,266.2792,266.2792,266.2792,0.0000,0.0000,6390.7016,0.00157424,798.8377,767.3102,5858.1432,5889.6706,0.00144305,0.00145082,0.00006559,418.2083,379.7376,0.6869,61.6387,1.8384,37588.4109,89.7407,538.3845,395.5999,218.4789,430.6076,432.5446,432.5446,1046.441,1081.3617,427.0584,0.0,2.43015,2.511246,0.971205,30,216,96,2,0.20383968,0.00163983,-0.01249836,0E-8,0.000000,0.906607,0.000000,0.01775797,2026-03-22,2026-08-06,108,3621,2443,138,0.782609,1.360932,1.287360,0.679466,,,,,,,,GLOBAL_BASELINE_NO_ENTITY_RANKING,,,NOT_APPLICABLE_GLOBAL_BASELINE,HF9g-P5,,,,X 全窗基线 · 不参与实体赏罚,14199969,1420,A168_HF9F_20260827_0900,2026-08-27 09:00:00
2026-07-21,57024343,994,0,2135.2921079604,-886.1462248036,-886.1462248036,0.2500000,4,4,0.50665070000000000,0.506650700000,-1.0266936290537745,-1.0266936290537745,-1.0266936290537745,0E-17,ELIGIBLE,R03b_20260811_FULL_v1,L1_ELIGIBILITY,v2026-08-11,2026-03-21..2026-08-06,baccarat_bet02_101_all_pairs_incl_sentinel,round_win = game_pnl > 0 (decisive only),COMPATIBILITY_ONLY_NOT_PRODUCTION,4059548.3812,3680416.6879,6656.9809,9707,9692,-0.00163983,0.01249836,-0.00525961,-0.00163983,-6656.9809,4059548.3812,OK,0.0000,266.2792,4.0000,96.0000,AG03-UNRESOLVED,ALL5_LEVELS_bet23_to_bet27,266.2792,266.2792,266.2792,0.0000,0.0000,4.000000,4.000000,4.000000,0.000000,0.000000,96.000000,96.000000,96.000000,100.000000,100.000000,5.0,798.8377,767.3102,5858.1432,5889.6706,PENDING_AG03,FALSE,NOT_FOR_ENFORCEMENT,6390.7016,3533200.0204,6656.9809,6390.7016,266.2792,0.00163983,0.00157424,266.2792,6390.7016,0.00157424,266.2792,266.2792,266.2792,0.0000,0.0000,6390.7016,0.00157424,798.8377,767.3102,5858.1432,5889.6706,0.00144305,0.00145082,0.00006559,418.2083,379.7376,0.6869,61.6387,1.8384,37588.4109,89.7407,538.3845,395.5999,218.4789,430.6076,432.5446,432.5446,1046.441,1081.3617,427.0584,0.0,2.43015,2.511246,0.971205,30,216,96,2,0.20383968,0.00163983,-0.01249836,0E-8,0.000000,0.906607,0.000000,0.01775797,2026-03-22,2026-08-06,108,3621,2443,138,0.782609,1.360932,1.287360,0.679466,,,,,,,,GLOBAL_BASELINE_NO_ENTITY_RANKING,,,NOT_APPLICABLE_GLOBAL_BASELINE,HF9g-P5,,,,X 全窗基线 · 不参与实体赏罚,14199970,1420,A168_HF9F_20260827_0900,2026-08-27 09:00:00
2026-07-22,57024343,-1,1,3416.4673727367,384.3525794329,384.3525794329,0.6000000,5,5,0.50396966000000000,0.503969660000,0.4294742719815242,0.4294742719815242,0.4294742719815242,0E-17,SENTINEL_DEALER,R03b_20260811_FULL_v1,L1_ELIGIBILITY,v2026-08-11,2026-03-21..2026-08-06,baccarat_bet02_101_all_pairs_incl_sentinel,round_win = game_pnl > 0 (decisive only),COMPATIBILITY_ONLY_NOT_PRODUCTION,4059548.3812,3680416.6879,6656.9809,9707,9692,-0.00163983,0.01249836,-0.00525961,-0.00163983,-6656.9809,4059548.3812,OK,0.0000,266.2792,4.0000,96.0000,AG03-UNRESOLVED,ALL5_LEVELS_bet23_to_bet27,266.2792,266.2792,266.2792,0.0000,0.0000,4.000000,4.000000,4.000000,0.000000,0.000000,96.000000,96.000000,96.000000,100.000000,100.000000,5.0,798.8377,767.3102,5858.1432,5889.6706,PENDING_AG03,FALSE,NOT_FOR_ENFORCEMENT,6390.7016,3533200.0204,6656.9809,6390.7016,266.2792,0.00163983,0.00157424,266.2792,6390.7016,0.00157424,266.2792,266.2792,266.2792,0.0000,0.0000,6390.7016,0.00157424,798.8377,767.3102,5858.1432,5889.6706,0.00144305,0.00145082,0.00006559,418.2083,379.7376,0.6869,61.6387,1.8384,37588.4109,89.7407,538.3845,395.5999,218.4789,430.6076,432.5446,432.5446,1046.441,1081.3617,427.0584,0.0,2.43015,2.511246,0.971205,30,216,96,2,0.20383968,0.00163983,-0.01249836,0E-8,0.000000,0.906607,0.000000,0.01775797,2026-03-22,2026-08-06,108,3621,2443,138,0.782609,1.360932,1.287360,0.679466,,,,,,,,GLOBAL_BASELINE_NO_ENTITY_RANKING,,,NOT_APPLICABLE_GLOBAL_BASELINE,HF9g-P5,,,,X 全窗基线 · 不参与实体赏罚,14199971,1420,A168_HF9F_20260827_0900,2026-08-27 09:00:00
2026-07-22,57024343,1323,0,3843.5257943288,565.8524086095,565.8524086095,0.5000000,6,6,0.50665070000000000,0.506650700000,-0.02660515369234503,-0.02660515369234503,-0.02660515369234503,0E-17,ELIGIBLE,R03b_20260811_FULL_v1,L1_ELIGIBILITY,v2026-08-11,2026-03-21..2026-08-06,baccarat_bet02_101_all_pairs_incl_sentinel,round_win = game_pnl > 0 (decisive only),COMPATIBILITY_ONLY_NOT_PRODUCTION,4059548.3812,3680416.6879,6656.9809,9707,9692,-0.00163983,0.01249836,-0.00525961,-0.00163983,-6656.9809,4059548.3812,OK,0.0000,266.2792,4.0000,96.0000,AG03-UNRESOLVED,ALL5_LEVELS_bet23_to_bet27,266.2792,266.2792,266.2792,0.0000,0.0000,4.000000,4.000000,4.000000,0.000000,0.000000,96.000000,96.000000,96.000000,100.000000,100.000000,5.0,798.8377,767.3102,5858.1432,5889.6706,PENDING_AG03,FALSE,NOT_FOR_ENFORCEMENT,6390.7016,3533200.0204,6656.9809,6390.7016,266.2792,0.00163983,0.00157424,266.2792,6390.7016,0.00157424,266.2792,266.2792,266.2792,0.0000,0.0000,6390.7016,0.00157424,798.8377,767.3102,5858.1432,5889.6706,0.00144305,0.00145082,0.00006559,418.2083,379.7376,0.6869,61.6387,1.8384,37588.4109,89.7407,538.3845,395.5999,218.4789,430.6076,432.5446,432.5446,1046.441,1081.3617,427.0584,0.0,2.43015,2.511246,0.971205,30,216,96,2,0.20383968,0.00163983,-0.01249836,0E-8,0.000000,0.906607,0.000000,0.01775797,2026-03-22,2026-08-06,108,3621,2443,138,0.782609,1.360932,1.287360,0.679466,,,,,,,,GLOBAL_BASELINE_NO_ENTITY_RANKING,,,NOT_APPLICABLE_GLOBAL_BASELINE,HF9g-P5,,,,X 全窗基线 · 不参与实体赏罚,14199972,1420,A168_HF9F_20260827_0900,2026-08-27 09:00:00
2026-07-22,57024343,1330,0,5551.7594806971,2177.9979501197,2177.9979501197,0.8333333,7,7,0.50665070000000000,0.506650700000,1.6005531159783741,1.6005531159783741,1.6005531159783741,0E-17,ELIGIBLE,R03b_20260811_FULL_v1,L1_ELIGIBILITY,v2026-08-11,2026-03-21..2026-08-06,baccarat_bet02_101_all_pairs_incl_sentinel,round_win = game_pnl > 0 (decisive only),COMPATIBILITY_ONLY_NOT_PRODUCTION,4059548.3812,3680416.6879,6656.9809,9707,9692,-0.00163983,0.01249836,-0.00525961,-0.00163983,-6656.9809,4059548.3812,OK,0.0000,266.2792,4.0000,96.0000,AG03-UNRESOLVED,ALL5_LEVELS_bet23_to_bet27,266.2792,266.2792,266.2792,0.0000,0.0000,4.000000,4.000000,4.000000,0.000000,0.000000,96.000000,96.000000,96.000000,100.000000,100.000000,5.0,798.8377,767.3102,5858.1432,5889.6706,PENDING_AG03,FALSE,NOT_FOR_ENFORCEMENT,6390.7016,3533200.0204,6656.9809,6390.7016,266.2792,0.00163983,0.00157424,266.2792,6390.7016,0.00157424,266.2792,266.2792,266.2792,0.0000,0.0000,6390.7016,0.00157424,798.8377,767.3102,5858.1432,5889.6706,0.00144305,0.00145082,0.00006559,418.2083,379.7376,0.6869,61.6387,1.8384,37588.4109,89.7407,538.3845,395.5999,218.4789,430.6076,432.5446,432.5446,1046.441,1081.3617,427.0584,0.0,2.43015,2.511246,0.971205,30,216,96,2,0.20383968,0.00163983,-0.01249836,0E-8,0.000000,0.906607,0.000000,0.01775797,2026-03-22,2026-08-06,108,3621,2443,138,0.782609,1.360932,1.287360,0.679466,,,,,,,,GLOBAL_BASELINE_NO_ENTITY_RANKING,,,NOT_APPLICABLE_GLOBAL_BASELINE,HF9g-P5,,,,X 全窗基线 · 不参与实体赏罚,14199973,1420,A168_HF9F_20260827_0900,2026-08-27 09:00:00
2026-07-22,57024343,1331,0,2989.4089511446,1174.4106593782,1174.4106593782,0.5000000,4,4,0.50665070000000000,0.506650700000,-0.02660515369234503,-0.02660515369234503,-0.02660515369234503,0E-17,ELIGIBLE,R03b_20260811_FULL_v1,L1_ELIGIBILITY,v2026-08-11,2026-03-21..2026-08-06,baccarat_bet02_101_all_pairs_incl_sentinel,round_win = game_pnl > 0 (decisive only),COMPATIBILITY_ONLY_NOT_PRODUCTION,4059548.3812,3680416.6879,6656.9809,9707,9692,-0.00163983,0.01249836,-0.00525961,-0.00163983,-6656.9809,4059548.3812,OK,0.0000,266.2792,4.0000,96.0000,AG03-UNRESOLVED,ALL5_LEVELS_bet23_to_bet27,266.2792,266.2792,266.2792,0.0000,0.0000,4.000000,4.000000,4.000000,0.000000,0.000000,96.000000,96.000000,96.000000,100.000000,100.000000,5.0,798.8377,767.3102,5858.1432,5889.6706,PENDING_AG03,FALSE,NOT_FOR_ENFORCEMENT,6390.7016,3533200.0204,6656.9809,6390.7016,266.2792,0.00163983,0.00157424,266.2792,6390.7016,0.00157424,266.2792,266.2792,266.2792,0.0000,0.0000,6390.7016,0.00157424,798.8377,767.3102,5858.1432,5889.6706,0.00144305,0.00145082,0.00006559,418.2083,379.7376,0.6869,61.6387,1.8384,37588.4109,89.7407,538.3845,395.5999,218.4789,430.6076,432.5446,432.5446,1046.441,1081.3617,427.0584,0.0,2.43015,2.511246,0.971205,30,216,96,2,0.20383968,0.00163983,-0.01249836,0E-8,0.000000,0.906607,0.000000,0.01775797,2026-03-22,2026-08-06,108,3621,2443,138,0.782609,1.360932,1.287360,0.679466,,,,,,,,GLOBAL_BASELINE_NO_ENTITY_RANKING,,,NOT_APPLICABLE_GLOBAL_BASELINE,HF9g-P5,,,,X 全窗基线 · 不参与实体赏罚,14199974,1420,A168_HF9F_20260827_0900,2026-08-27 09:00:00
2026-07-22,57024343,1363,0,854.1168431842,-854.1168431842,-854.1168431842,0E-7,2,2,0.50665070000000000,0.506650700000,-1.4331513700195317,-1.4331513700195317,-1.4331513700195317,0E-17,ELIGIBLE,R03b_20260811_FULL_v1,L1_ELIGIBILITY,v2026-08-11,2026-03-21..2026-08-06,baccarat_bet02_101_all_pairs_incl_sentinel,round_win = game_pnl > 0 (decisive only),COMPATIBILITY_ONLY_NOT_PRODUCTION,4059548.3812,3680416.6879,6656.9809,9707,9692,-0.00163983,0.01249836,-0.00525961,-0.00163983,-6656.9809,4059548.3812,OK,0.0000,266.2792,4.0000,96.0000,AG03-UNRESOLVED,ALL5_LEVELS_bet23_to_bet27,266.2792,266.2792,266.2792,0.0000,0.0000,4.000000,4.000000,4.000000,0.000000,0.000000,96.000000,96.000000,96.000000,100.000000,100.000000,5.0,798.8377,767.3102,5858.1432,5889.6706,PENDING_AG03,FALSE,NOT_FOR_ENFORCEMENT,6390.7016,3533200.0204,6656.9809,6390.7016,266.2792,0.00163983,0.00157424,266.2792,6390.7016,0.00157424,266.2792,266.2792,266.2792,0.0000,0.0000,6390.7016,0.00157424,798.8377,767.3102,5858.1432,5889.6706,0.00144305,0.00145082,0.00006559,418.2083,379.7376,0.6869,61.6387,1.8384,37588.4109,89.7407,538.3845,395.5999,218.4789,430.6076,432.5446,432.5446,1046.441,1081.3617,427.0584,0.0,2.43015,2.511246,0.971205,30,216,96,2,0.20383968,0.00163983,-0.01249836,0E-8,0.000000,0.906607,0.000000,0.01775797,2026-03-22,2026-08-06,108,3621,2443,138,0.782609,1.360932,1.287360,0.679466,,,,,,,,GLOBAL_BASELINE_NO_ENTITY_RANKING,,,NOT_APPLICABLE_GLOBAL_BASELINE,HF9g-P5,,,,X 全窗基线 · 不参与实体赏罚,14199975,1420,A168_HF9F_20260827_0900,2026-08-27 09:00:00
2026-07-22,57024343,1507,0,854.1168431842,0E-10,0E-10,0.5000000,2,2,0.49324550000000000,0.493245500000,0.01910635448239258,0.01910635448239258,0.01910635448239258,0E-17,ELIGIBLE,R03b_20260811_FULL_v1,L1_ELIGIBILITY,v2026-08-11,2026-03-21..2026-08-06,baccarat_bet02_101_all_pairs_incl_sentinel,round_win = game_pnl > 0 (decisive only),COMPATIBILITY_ONLY_NOT_PRODUCTION,4059548.3812,3680416.6879,6656.9809,9707,9692,-0.00163983,0.01249836,-0.00525961,-0.00163983,-6656.9809,4059548.3812,OK,0.0000,266.2792,4.0000,96.0000,AG03-UNRESOLVED,ALL5_LEVELS_bet23_to_bet27,266.2792,266.2792,266.2792,0.0000,0.0000,4.000000,4.000000,4.000000,0.000000,0.000000,96.000000,96.000000,96.000000,100.000000,100.000000,5.0,798.8377,767.3102,5858.1432,5889.6706,PENDING_AG03,FALSE,NOT_FOR_ENFORCEMENT,6390.7016,3533200.0204,6656.9809,6390.7016,266.2792,0.00163983,0.00157424,266.2792,6390.7016,0.00157424,266.2792,266.2792,266.2792,0.0000,0.0000,6390.7016,0.00157424,798.8377,767.3102,5858.1432,5889.6706,0.00144305,0.00145082,0.00006559,418.2083,379.7376,0.6869,61.6387,1.8384,37588.4109,89.7407,538.3845,395.5999,218.4789,430.6076,432.5446,432.5446,1046.441,1081.3617,427.0584,0.0,2.43015,2.511246,0.971205,30,216,96,2,0.20383968,0.00163983,-0.01249836,0E-8,0.000000,0.906607,0.000000,0.01775797,2026-03-22,2026-08-06,108,3621,2443,138,0.782609,1.360932,1.287360,0.679466,,,,,,,,GLOBAL_BASELINE_NO_ENTITY_RANKING,,,NOT_APPLICABLE_GLOBAL_BASELINE,HF9g-P5,,,,X 全窗基线 · 不参与实体赏罚,14199976,1420,A168_HF9F_20260827_0900,2026-08-27 09:00:00
2026-07-22,57024343,1654,0,854.1168431842,-21.3529210796,-21.3529210796,0.5000000,2,2,0.50665070000000000,0.506650700000,-0.018812684590367487,-0.018812684590367487,-0.018812684590367487,0E-17,ELIGIBLE,R03b_20260811_FULL_v1,L1_ELIGIBILITY,v2026-08-11,2026-03-21..2026-08-06,baccarat_bet02_101_all_pairs_incl_sentinel,round_win = game_pnl > 0 (decisive only),COMPATIBILITY_ONLY_NOT_PRODUCTION,4059548.3812,3680416.6879,6656.9809,9707,9692,-0.00163983,0.01249836,-0.00525961,-0.00163983,-6656.9809,4059548.3812,OK,0.0000,266.2792,4.0000,96.0000,AG03-UNRESOLVED,ALL5_LEVELS_bet23_to_bet27,266.2792,266.2792,266.2792,0.0000,0.0000,4.000000,4.000000,4.000000,0.000000,0.000000,96.000000,96.000000,96.000000,100.000000,100.000000,5.0,798.8377,767.3102,5858.1432,5889.6706,PENDING_AG03,FALSE,NOT_FOR_ENFORCEMENT,6390.7016,3533200.0204,6656.9809,6390.7016,266.2792,0.00163983,0.00157424,266.2792,6390.7016,0.00157424,266.2792,266.2792,266.2792,0.0000,0.0000,6390.7016,0.00157424,798.8377,767.3102,5858.1432,5889.6706,0.00144305,0.00145082,0.00006559,418.2083,379.7376,0.6869,61.6387,1.8384,37588.4109,89.7407,538.3845,395.5999,218.4789,430.6076,432.5446,432.5446,1046.441,1081.3617,427.0584,0.0,2.43015,2.511246,0.971205,30,216,96,2,0.20383968,0.00163983,-0.01249836,0E-8,0.000000,0.906607,0.000000,0.01775797,2026-03-22,2026-08-06,108,3621,2443,138,0.782609,1.360932,1.287360,0.679466,,,,,,,,GLOBAL_BASELINE_NO_ENTITY_RANKING,,,NOT_APPLICABLE_GLOBAL_BASELINE,HF9g-P5,,,,X 全窗基线 · 不参与实体赏罚,14199977,1420,A168_HF9F_20260827_0900,2026-08-27 09:00:00
2026-07-22,57024343,2072,0,1067.6460539802,-21.3529210796,-21.3529210796,0.5000000,3,3,0.50665070000000000,0.506650700000,-0.018812684590367487,-0.018812684590367487,-0.018812684590367487,0E-17,ELIGIBLE,R03b_20260811_FULL_v1,L1_ELIGIBILITY,v2026-08-11,2026-03-21..2026-08-06,baccarat_bet02_101_all_pairs_incl_sentinel,round_win = game_pnl > 0 (decisive only),COMPATIBILITY_ONLY_NOT_PRODUCTION,4059548.3812,3680416.6879,6656.9809,9707,9692,-0.00163983,0.01249836,-0.00525961,-0.00163983,-6656.9809,4059548.3812,OK,0.0000,266.2792,4.0000,96.0000,AG03-UNRESOLVED,ALL5_LEVELS_bet23_to_bet27,266.2792,266.2792,266.2792,0.0000,0.0000,4.000000,4.000000,4.000000,0.000000,0.000000,96.000000,96.000000,96.000000,100.000000,100.000000,5.0,798.8377,767.3102,5858.1432,5889.6706,PENDING_AG03,FALSE,NOT_FOR_ENFORCEMENT,6390.7016,3533200.0204,6656.9809,6390.7016,266.2792,0.00163983,0.00157424,266.2792,6390.7016,0.00157424,266.2792,266.2792,266.2792,0.0000,0.0000,6390.7016,0.00157424,798.8377,767.3102,5858.1432,5889.6706,0.00144305,0.00145082,0.00006559,418.2083,379.7376,0.6869,61.6387,1.8384,37588.4109,89.7407,538.3845,395.5999,218.4789,430.6076,432.5446,432.5446,1046.441,1081.3617,427.0584,0.0,2.43015,2.511246,0.971205,30,216,96,2,0.20383968,0.00163983,-0.01249836,0E-8,0.000000,0.906607,0.000000,0.01775797,2026-03-22,2026-08-06,108,3621,2443,138,0.782609,1.360932,1.287360,0.679466,,,,,,,,GLOBAL_BASELINE_NO_ENTITY_RANKING,,,NOT_APPLICABLE_GLOBAL_BASELINE,HF9g-P5,,,,X 全窗基线 · 不参与实体赏罚,14199978,1420,A168_HF9F_20260827_0900,2026-08-27 09:00:00
2026-07-22,57024343,2130,0,427.0584215921,-427.0584215921,-427.0584215921,0E-7,1,1,0.49324550000000000,0.493245500000,-0.9865810262130424,-0.9865810262130424,-0.9865810262130424,0E-17,ELIGIBLE,R03b_20260811_FULL_v1,L1_ELIGIBILITY,v2026-08-11,2026-03-21..2026-08-06,baccarat_bet02_101_all_pairs_incl_sentinel,round_win = game_pnl > 0 (decisive only),COMPATIBILITY_ONLY_NOT_PRODUCTION,4059548.3812,3680416.6879,6656.9809,9707,9692,-0.00163983,0.01249836,-0.00525961,-0.00163983,-6656.9809,4059548.3812,OK,0.0000,266.2792,4.0000,96.0000,AG03-UNRESOLVED,ALL5_LEVELS_bet23_to_bet27,266.2792,266.2792,266.2792,0.0000,0.0000,4.000000,4.000000,4.000000,0.000000,0.000000,96.000000,96.000000,96.000000,100.000000,100.000000,5.0,798.8377,767.3102,5858.1432,5889.6706,PENDING_AG03,FALSE,NOT_FOR_ENFORCEMENT,6390.7016,3533200.0204,6656.9809,6390.7016,266.2792,0.00163983,0.00157424,266.2792,6390.7016,0.00157424,266.2792,266.2792,266.2792,0.0000,0.0000,6390.7016,0.00157424,798.8377,767.3102,5858.1432,5889.6706,0.00144305,0.00145082,0.00006559,418.2083,379.7376,0.6869,61.6387,1.8384,37588.4109,89.7407,538.3845,395.5999,218.4789,430.6076,432.5446,432.5446,1046.441,1081.3617,427.0584,0.0,2.43015,2.511246,0.971205,30,216,96,2,0.20383968,0.00163983,-0.01249836,0E-8,0.000000,0.906607,0.000000,0.01775797,2026-03-22,2026-08-06,108,3621,2443,138,0.782609,1.360932,1.287360,0.679466,,,,,,,,GLOBAL_BASELINE_NO_ENTITY_RANKING,,,NOT_APPLICABLE_GLOBAL_BASELINE,HF9g-P5,,,,X 全窗基线 · 不参与实体赏罚,14199979,1420,A168_HF9F_20260827_0900,2026-08-27 09:00:00
2026-07-22,57024343,2134,0,1494.7044755723,587.2053296891,587.2053296891,0.5000000,2,2,0.50665070000000000,0.506650700000,-0.018812684590367487,-0.018812684590367487,-0.018812684590367487,0E-17,ELIGIBLE,R03b_20260811_FULL_v1,L1_ELIGIBILITY,v2026-08-11,2026-03-21..2026-08-06,baccarat_bet02_101_all_pairs_incl_sentinel,round_win = game_pnl > 0 (decisive only),COMPATIBILITY_ONLY_NOT_PRODUCTION,4059548.3812,3680416.6879,6656.9809,9707,9692,-0.00163983,0.01249836,-0.00525961,-0.00163983,-6656.9809,4059548.3812,OK,0.0000,266.2792,4.0000,96.0000,AG03-UNRESOLVED,ALL5_LEVELS_bet23_to_bet27,266.2792,266.2792,266.2792,0.0000,0.0000,4.000000,4.000000,4.000000,0.000000,0.000000,96.000000,96.000000,96.000000,100.000000,100.000000,5.0,798.8377,767.3102,5858.1432,5889.6706,PENDING_AG03,FALSE,NOT_FOR_ENFORCEMENT,6390.7016,3533200.0204,6656.9809,6390.7016,266.2792,0.00163983,0.00157424,266.2792,6390.7016,0.00157424,266.2792,266.2792,266.2792,0.0000,0.0000,6390.7016,0.00157424,798.8377,767.3102,5858.1432,5889.6706,0.00144305,0.00145082,0.00006559,418.2083,379.7376,0.6869,61.6387,1.8384,37588.4109,89.7407,538.3845,395.5999,218.4789,430.6076,432.5446,432.5446,1046.441,1081.3617,427.0584,0.0,2.43015,2.511246,0.971205,30,216,96,2,0.20383968,0.00163983,-0.01249836,0E-8,0.000000,0.906607,0.000000,0.01775797,2026-03-22,2026-08-06,108,3621,2443,138,0.782609,1.360932,1.287360,0.679466,,,,,,,,GLOBAL_BASELINE_NO_ENTITY_RANKING,,,NOT_APPLICABLE_GLOBAL_BASELINE,HF9g-P5,,,,X 全窗基线 · 不参与实体赏罚,14199980,1420,A168_HF9F_20260827_0900,2026-08-27 09:00:00
2026-07-22,57024343,2147,0,427.0584215921,-427.0584215921,-427.0584215921,0E-7,1,1,0.50665070000000000,0.506650700000,-1.013391052207602,-1.013391052207602,-1.013391052207602,0E-17,ELIGIBLE,R03b_20260811_FULL_v1,L1_ELIGIBILITY,v2026-08-11,2026-03-21..2026-08-06,baccarat_bet02_101_all_pairs_incl_sentinel,round_win = game_pnl > 0 (decisive only),COMPATIBILITY_ONLY_NOT_PRODUCTION,4059548.3812,3680416.6879,6656.9809,9707,9692,-0.00163983,0.01249836,-0.00525961,-0.00163983,-6656.9809,4059548.3812,OK,0.0000,266.2792,4.0000,96.0000,AG03-UNRESOLVED,ALL5_LEVELS_bet23_to_bet27,266.2792,266.2792,266.2792,0.0000,0.0000,4.000000,4.000000,4.000000,0.000000,0.000000,96.000000,96.000000,96.000000,100.000000,100.000000,5.0,798.8377,767.3102,5858.1432,5889.6706,PENDING_AG03,FALSE,NOT_FOR_ENFORCEMENT,6390.7016,3533200.0204,6656.9809,6390.7016,266.2792,0.00163983,0.00157424,266.2792,6390.7016,0.00157424,266.2792,266.2792,266.2792,0.0000,0.0000,6390.7016,0.00157424,798.8377,767.3102,5858.1432,5889.6706,0.00144305,0.00145082,0.00006559,418.2083,379.7376,0.6869,61.6387,1.8384,37588.4109,89.7407,538.3845,395.5999,218.4789,430.6076,432.5446,432.5446,1046.441,1081.3617,427.0584,0.0,2.43015,2.511246,0.971205,30,216,96,2,0.20383968,0.00163983,-0.01249836,0E-8,0.000000,0.906607,0.000000,0.01775797,2026-03-22,2026-08-06,108,3621,2443,138,0.782609,1.360932,1.287360,0.679466,,,,,,,,GLOBAL_BASELINE_NO_ENTITY_RANKING,,,NOT_APPLICABLE_GLOBAL_BASELINE,HF9g-P5,,,,X 全窗基线 · 不参与实体赏罚,14199981,1420,A168_HF9F_20260827_0900,2026-08-27 09:00:00
2026-07-22,57024343,2153,0,854.1168431842,-21.3529210796,-21.3529210796,0.5000000,2,2,0.50665070000000000,0.506650700000,-0.018812684590367487,-0.018812684590367487,-0.018812684590367487,0E-17,ELIGIBLE,R03b_20260811_FULL_v1,L1_ELIGIBILITY,v2026-08-11,2026-03-21..2026-08-06,baccarat_bet02_101_all_pairs_incl_sentinel,round_win = game_pnl > 0 (decisive only),COMPATIBILITY_ONLY_NOT_PRODUCTION,4059548.3812,3680416.6879,6656.9809,9707,9692,-0.00163983,0.01249836,-0.00525961,-0.00163983,-6656.9809,4059548.3812,OK,0.0000,266.2792,4.0000,96.0000,AG03-UNRESOLVED,ALL5_LEVELS_bet23_to_bet27,266.2792,266.2792,266.2792,0.0000,0.0000,4.000000,4.000000,4.000000,0.000000,0.000000,96.000000,96.000000,96.000000,100.000000,100.000000,5.0,798.8377,767.3102,5858.1432,5889.6706,PENDING_AG03,FALSE,NOT_FOR_ENFORCEMENT,6390.7016,3533200.0204,6656.9809,6390.7016,266.2792,0.00163983,0.00157424,266.2792,6390.7016,0.00157424,266.2792,266.2792,266.2792,0.0000,0.0000,6390.7016,0.00157424,798.8377,767.3102,5858.1432,5889.6706,0.00144305,0.00145082,0.00006559,418.2083,379.7376,0.6869,61.6387,1.8384,37588.4109,89.7407,538.3845,395.5999,218.4789,430.6076,432.5446,432.5446,1046.441,1081.3617,427.0584,0.0,2.43015,2.511246,0.971205,30,216,96,2,0.20383968,0.00163983,-0.01249836,0E-8,0.000000,0.906607,0.000000,0.01775797,2026-03-22,2026-08-06,108,3621,2443,138,0.782609,1.360932,1.287360,0.679466,,,,,,,,GLOBAL_BASELINE_NO_ENTITY_RANKING,,,NOT_APPLICABLE_GLOBAL_BASELINE,HF9g-P5,,,,X 全窗基线 · 不参与实体赏罚,14199982,1420,A168_HF9F_20260827_0900,2026-08-27 09:00:00
2026-07-22,57024343,2156,0,1921.7628971644,1825.6747523062,1825.6747523062,1.0000000,3,3,0.50665070000000000,0.506650700000,1.7091633124209307,1.7091633124209307,1.7091633124209307,0E-17,ELIGIBLE,R03b_20260811_FULL_v1,L1_ELIGIBILITY,v2026-08-11,2026-03-21..2026-08-06,baccarat_bet02_101_all_pairs_incl_sentinel,round_win = game_pnl > 0 (decisive only),COMPATIBILITY_ONLY_NOT_PRODUCTION,4059548.3812,3680416.6879,6656.9809,9707,9692,-0.00163983,0.01249836,-0.00525961,-0.00163983,-6656.9809,4059548.3812,OK,0.0000,266.2792,4.0000,96.0000,AG03-UNRESOLVED,ALL5_LEVELS_bet23_to_bet27,266.2792,266.2792,266.2792,0.0000,0.0000,4.000000,4.000000,4.000000,0.000000,0.000000,96.000000,96.000000,96.000000,100.000000,100.000000,5.0,798.8377,767.3102,5858.1432,5889.6706,PENDING_AG03,FALSE,NOT_FOR_ENFORCEMENT,6390.7016,3533200.0204,6656.9809,6390.7016,266.2792,0.00163983,0.00157424,266.2792,6390.7016,0.00157424,266.2792,266.2792,266.2792,0.0000,0.0000,6390.7016,0.00157424,798.8377,767.3102,5858.1432,5889.6706,0.00144305,0.00145082,0.00006559,418.2083,379.7376,0.6869,61.6387,1.8384,37588.4109,89.7407,538.3845,395.5999,218.4789,430.6076,432.5446,432.5446,1046.441,1081.3617,427.0584,0.0,2.43015,2.511246,0.971205,30,216,96,2,0.20383968,0.00163983,-0.01249836,0E-8,0.000000,0.906607,0.000000,0.01775797,2026-03-22,2026-08-06,108,3621,2443,138,0.782609,1.360932,1.287360,0.679466,,,,,,,,GLOBAL_BASELINE_NO_ENTITY_RANKING,,,NOT_APPLICABLE_GLOBAL_BASELINE,HF9g-P5,,,,X 全窗基线 · 不参与实体赏罚,14199983,1420,A168_HF9F_20260827_0900,2026-08-27 09:00:00
2026-07-22,57024343,2250,0,1281.1752647763,-854.1168431842,-854.1168431842,0E-7,3,3,0.50665070000000000,0.506650700000,-1.4331513700195317,-1.4331513700195317,-1.4331513700195317,0E-17,ELIGIBLE,R03b_20260811_FULL_v1,L1_ELIGIBILITY,v2026-08-11,2026-03-21..2026-08-06,baccarat_bet02_101_all_pairs_incl_sentinel,round_win = game_pnl > 0 (decisive only),COMPATIBILITY_ONLY_NOT_PRODUCTION,4059548.3812,3680416.6879,6656.9809,9707,9692,-0.00163983,0.01249836,-0.00525961,-0.00163983,-6656.9809,4059548.3812,OK,0.0000,266.2792,4.0000,96.0000,AG03-UNRESOLVED,ALL5_LEVELS_bet23_to_bet27,266.2792,266.2792,266.2792,0.0000,0.0000,4.000000,4.000000,4.000000,0.000000,0.000000,96.000000,96.000000,96.000000,100.000000,100.000000,5.0,798.8377,767.3102,5858.1432,5889.6706,PENDING_AG03,FALSE,NOT_FOR_ENFORCEMENT,6390.7016,3533200.0204,6656.9809,6390.7016,266.2792,0.00163983,0.00157424,266.2792,6390.7016,0.00157424,266.2792,266.2792,266.2792,0.0000,0.0000,6390.7016,0.00157424,798.8377,767.3102,5858.1432,5889.6706,0.00144305,0.00145082,0.00006559,418.2083,379.7376,0.6869,61.6387,1.8384,37588.4109,89.7407,538.3845,395.5999,218.4789,430.6076,432.5446,432.5446,1046.441,1081.3617,427.0584,0.0,2.43015,2.511246,0.971205,30,216,96,2,0.20383968,0.00163983,-0.01249836,0E-8,0.000000,0.906607,0.000000,0.01775797,2026-03-22,2026-08-06,108,3621,2443,138,0.782609,1.360932,1.287360,0.679466,,,,,,,,GLOBAL_BASELINE_NO_ENTITY_RANKING,,,NOT_APPLICABLE_GLOBAL_BASELINE,HF9g-P5,,,,X 全窗基线 · 不参与实体赏罚,14199984,1420,A168_HF9F_20260827_0900,2026-08-27 09:00:00
2026-07-22,57024343,2251,0,2348.8213187565,1217.1165015375,1217.1165015375,1.0000000,4,4,0.50665070000000000,0.506650700000,1.7091633124209307,1.7091633124209307,1.7091633124209307,0E-17,ELIGIBLE,R03b_20260811_FULL_v1,L1_ELIGIBILITY,v2026-08-11,2026-03-21..2026-08-06,baccarat_bet02_101_all_pairs_incl_sentinel,round_win = game_pnl > 0 (decisive only),COMPATIBILITY_ONLY_NOT_PRODUCTION,4059548.3812,3680416.6879,6656.9809,9707,9692,-0.00163983,0.01249836,-0.00525961,-0.00163983,-6656.9809,4059548.3812,OK,0.0000,266.2792,4.0000,96.0000,AG03-UNRESOLVED,ALL5_LEVELS_bet23_to_bet27,266.2792,266.2792,266.2792,0.0000,0.0000,4.000000,4.000000,4.000000,0.000000,0.000000,96.000000,96.000000,96.000000,100.000000,100.000000,5.0,798.8377,767.3102,5858.1432,5889.6706,PENDING_AG03,FALSE,NOT_FOR_ENFORCEMENT,6390.7016,3533200.0204,6656.9809,6390.7016,266.2792,0.00163983,0.00157424,266.2792,6390.7016,0.00157424,266.2792,266.2792,266.2792,0.0000,0.0000,6390.7016,0.00157424,798.8377,767.3102,5858.1432,5889.6706,0.00144305,0.00145082,0.00006559,418.2083,379.7376,0.6869,61.6387,1.8384,37588.4109,89.7407,538.3845,395.5999,218.4789,430.6076,432.5446,432.5446,1046.441,1081.3617,427.0584,0.0,2.43015,2.511246,0.971205,30,216,96,2,0.20383968,0.00163983,-0.01249836,0E-8,0.000000,0.906607,0.000000,0.01775797,2026-03-22,2026-08-06,108,3621,2443,138,0.782609,1.360932,1.287360,0.679466,,,,,,,,GLOBAL_BASELINE_NO_ENTITY_RANKING,,,NOT_APPLICABLE_GLOBAL_BASELINE,HF9g-P5,,,,X 全窗基线 · 不参与实体赏罚,14199985,1420,A168_HF9F_20260827_0900,2026-08-27 09:00:00
2026-07-22,57024343,2252,0,4484.1134267169,-1142.3812777588,-1142.3812777588,0.4000000,6,6,0.50441650000000000,0.504416500000,-0.466983001748531,-0.466983001748531,-0.466983001748531,0E-17,ELIGIBLE,R03b_20260811_FULL_v1,L1_ELIGIBILITY,v2026-08-11,2026-03-21..2026-08-06,baccarat_bet02_101_all_pairs_incl_sentinel,round_win = game_pnl > 0 (decisive only),COMPATIBILITY_ONLY_NOT_PRODUCTION,4059548.3812,3680416.6879,6656.9809,9707,9692,-0.00163983,0.01249836,-0.00525961,-0.00163983,-6656.9809,4059548.3812,OK,0.0000,266.2792,4.0000,96.0000,AG03-UNRESOLVED,ALL5_LEVELS_bet23_to_bet27,266.2792,266.2792,266.2792,0.0000,0.0000,4.000000,4.000000,4.000000,0.000000,0.000000,96.000000,96.000000,96.000000,100.000000,100.000000,5.0,798.8377,767.3102,5858.1432,5889.6706,PENDING_AG03,FALSE,NOT_FOR_ENFORCEMENT,6390.7016,3533200.0204,6656.9809,6390.7016,266.2792,0.00163983,0.00157424,266.2792,6390.7016,0.00157424,266.2792,266.2792,266.2792,0.0000,0.0000,6390.7016,0.00157424,798.8377,767.3102,5858.1432,5889.6706,0.00144305,0.00145082,0.00006559,418.2083,379.7376,0.6869,61.6387,1.8384,37588.4109,89.7407,538.3845,395.5999,218.4789,430.6076,432.5446,432.5446,1046.441,1081.3617,427.0584,0.0,2.43015,2.511246,0.971205,30,216,96,2,0.20383968,0.00163983,-0.01249836,0E-8,0.000000,0.906607,0.000000,0.01775797,2026-03-22,2026-08-06,108,3621,2443,138,0.782609,1.360932,1.287360,0.679466,,,,,,,,GLOBAL_BASELINE_NO_ENTITY_RANKING,,,NOT_APPLICABLE_GLOBAL_BASELINE,HF9g-P5,,,,X 全窗基线 · 不参与实体赏罚,14199986,1420,A168_HF9F_20260827_0900,2026-08-27 09:00:00
2026-07-22,57024343,2258,0,854.1168431842,-21.3529210796,-21.3529210796,0.5000000,2,2,0.50665070000000000,0.506650700000,-0.018812684590367487,-0.018812684590367487,-0.018812684590367487,0E-17,ELIGIBLE,R03b_20260811_FULL_v1,L1_ELIGIBILITY,v2026-08-11,2026-03-21..2026-08-06,baccarat_bet02_101_all_pairs_incl_sentinel,round_win = game_pnl > 0 (decisive only),COMPATIBILITY_ONLY_NOT_PRODUCTION,4059548.3812,3680416.6879,6656.9809,9707,9692,-0.00163983,0.01249836,-0.00525961,-0.00163983,-6656.9809,4059548.3812,OK,0.0000,266.2792,4.0000,96.0000,AG03-UNRESOLVED,ALL5_LEVELS_bet23_to_bet27,266.2792,266.2792,266.2792,0.0000,0.0000,4.000000,4.000000,4.000000,0.000000,0.000000,96.000000,96.000000,96.000000,100.000000,100.000000,5.0,798.8377,767.3102,5858.1432,5889.6706,PENDING_AG03,FALSE,NOT_FOR_ENFORCEMENT,6390.7016,3533200.0204,6656.9809,6390.7016,266.2792,0.00163983,0.00157424,266.2792,6390.7016,0.00157424,266.2792,266.2792,266.2792,0.0000,0.0000,6390.7016,0.00157424,798.8377,767.3102,5858.1432,5889.6706,0.00144305,0.00145082,0.00006559,418.2083,379.7376,0.6869,61.6387,1.8384,37588.4109,89.7407,538.3845,395.5999,218.4789,430.6076,432.5446,432.5446,1046.441,1081.3617,427.0584,0.0,2.43015,2.511246,0.971205,30,216,96,2,0.20383968,0.00163983,-0.01249836,0E-8,0.000000,0.906607,0.000000,0.01775797,2026-03-22,2026-08-06,108,3621,2443,138,0.782609,1.360932,1.287360,0.679466,,,,,,,,GLOBAL_BASELINE_NO_ENTITY_RANKING,,,NOT_APPLICABLE_GLOBAL_BASELINE,HF9g-P5,,,,X 全窗基线 · 不参与实体赏罚,14199987,1420,A168_HF9F_20260827_0900,2026-08-27 09:00:00
2026-07-22,57024343,2289,0,1281.1752647762,1217.1165015374,1217.1165015374,1.0000000,2,2,0.50665070000000000,0.506650700000,1.3955260008387969,1.3955260008387969,1.3955260008387969,0E-17,ELIGIBLE,R03b_20260811_FULL_v1,L1_ELIGIBILITY,v2026-08-11,2026-03-21..2026-08-06,baccarat_bet02_101_all_pairs_incl_sentinel,round_win = game_pnl > 0 (decisive only),COMPATIBILITY_ONLY_NOT_PRODUCTION,4059548.3812,3680416.6879,6656.9809,9707,9692,-0.00163983,0.01249836,-0.00525961,-0.00163983,-6656.9809,4059548.3812,OK,0.0000,266.2792,4.0000,96.0000,AG03-UNRESOLVED,ALL5_LEVELS_bet23_to_bet27,266.2792,266.2792,266.2792,0.0000,0.0000,4.000000,4.000000,4.000000,0.000000,0.000000,96.000000,96.000000,96.000000,100.000000,100.000000,5.0,798.8377,767.3102,5858.1432,5889.6706,PENDING_AG03,FALSE,NOT_FOR_ENFORCEMENT,6390.7016,3533200.0204,6656.9809,6390.7016,266.2792,0.00163983,0.00157424,266.2792,6390.7016,0.00157424,266.2792,266.2792,266.2792,0.0000,0.0000,6390.7016,0.00157424,798.8377,767.3102,5858.1432,5889.6706,0.00144305,0.00145082,0.00006559,418.2083,379.7376,0.6869,61.6387,1.8384,37588.4109,89.7407,538.3845,395.5999,218.4789,430.6076,432.5446,432.5446,1046.441,1081.3617,427.0584,0.0,2.43015,2.511246,0.971205,30,216,96,2,0.20383968,0.00163983,-0.01249836,0E-8,0.000000,0.906607,0.000000,0.01775797,2026-03-22,2026-08-06,108,3621,2443,138,0.782609,1.360932,1.287360,0.679466,,,,,,,,GLOBAL_BASELINE_NO_ENTITY_RANKING,,,NOT_APPLICABLE_GLOBAL_BASELINE,HF9g-P5,,,,X 全窗基线 · 不参与实体赏罚,14199988,1420,A168_HF9F_20260827_0900,2026-08-27 09:00:00
2026-07-22,57024343,526,0,1067.6460539802,-1067.6460539802,-1067.6460539802,0E-7,1,1,0.50665070000000000,0.506650700000,-1.013391052207602,-1.013391052207602,-1.013391052207602,0E-17,ELIGIBLE,R03b_20260811_FULL_v1,L1_ELIGIBILITY,v2026-08-11,2026-03-21..2026-08-06,baccarat_bet02_101_all_pairs_incl_sentinel,round_win = game_pnl > 0 (decisive only),COMPATIBILITY_ONLY_NOT_PRODUCTION,4059548.3812,3680416.6879,6656.9809,9707,9692,-0.00163983,0.01249836,-0.00525961,-0.00163983,-6656.9809,4059548.3812,OK,0.0000,266.2792,4.0000,96.0000,AG03-UNRESOLVED,ALL5_LEVELS_bet23_to_bet27,266.2792,266.2792,266.2792,0.0000,0.0000,4.000000,4.000000,4.000000,0.000000,0.000000,96.000000,96.000000,96.000000,100.000000,100.000000,5.0,798.8377,767.3102,5858.1432,5889.6706,PENDING_AG03,FALSE,NOT_FOR_ENFORCEMENT,6390.7016,3533200.0204,6656.9809,6390.7016,266.2792,0.00163983,0.00157424,266.2792,6390.7016,0.00157424,266.2792,266.2792,266.2792,0.0000,0.0000,6390.7016,0.00157424,798.8377,767.3102,5858.1432,5889.6706,0.00144305,0.00145082,0.00006559,418.2083,379.7376,0.6869,61.6387,1.8384,37588.4109,89.7407,538.3845,395.5999,218.4789,430.6076,432.5446,432.5446,1046.441,1081.3617,427.0584,0.0,2.43015,2.511246,0.971205,30,216,96,2,0.20383968,0.00163983,-0.01249836,0E-8,0.000000,0.906607,0.000000,0.01775797,2026-03-22,2026-08-06,108,3621,2443,138,0.782609,1.360932,1.287360,0.679466,,,,,,,,GLOBAL_BASELINE_NO_ENTITY_RANKING,,,NOT_APPLICABLE_GLOBAL_BASELINE,HF9g-P5,,,,X 全窗基线 · 不参与实体赏罚,14199989,1420,A168_HF9F_20260827_0900,2026-08-27 09:00:00
2026-07-22,57024343,948,0,213.5292107960,202.8527502562,202.8527502562,1.0000000,1,1,0.50665070000000000,0.506650700000,0.9867858985152569,0.9867858985152569,0.9867858985152569,0E-17,ELIGIBLE,R03b_20260811_FULL_v1,L1_ELIGIBILITY,v2026-08-11,2026-03-21..2026-08-06,baccarat_bet02_101_all_pairs_incl_sentinel,round_win = game_pnl > 0 (decisive only),COMPATIBILITY_ONLY_NOT_PRODUCTION,4059548.3812,3680416.6879,6656.9809,9707,9692,-0.00163983,0.01249836,-0.00525961,-0.00163983,-6656.9809,4059548.3812,OK,0.0000,266.2792,4.0000,96.0000,AG03-UNRESOLVED,ALL5_LEVELS_bet23_to_bet27,266.2792,266.2792,266.2792,0.0000,0.0000,4.000000,4.000000,4.000000,0.000000,0.000000,96.000000,96.000000,96.000000,100.000000,100.000000,5.0,798.8377,767.3102,5858.1432,5889.6706,PENDING_AG03,FALSE,NOT_FOR_ENFORCEMENT,6390.7016,3533200.0204,6656.9809,6390.7016,266.2792,0.00163983,0.00157424,266.2792,6390.7016,0.00157424,266.2792,266.2792,266.2792,0.0000,0.0000,6390.7016,0.00157424,798.8377,767.3102,5858.1432,5889.6706,0.00144305,0.00145082,0.00006559,418.2083,379.7376,0.6869,61.6387,1.8384,37588.4109,89.7407,538.3845,395.5999,218.4789,430.6076,432.5446,432.5446,1046.441,1081.3617,427.0584,0.0,2.43015,2.511246,0.971205,30,216,96,2,0.20383968,0.00163983,-0.01249836,0E-8,0.000000,0.906607,0.000000,0.01775797,2026-03-22,2026-08-06,108,3621,2443,138,0.782609,1.360932,1.287360,0.679466,,,,,,,,GLOBAL_BASELINE_NO_ENTITY_RANKING,,,NOT_APPLICABLE_GLOBAL_BASELINE,HF9g-P5,,,,X 全窗基线 · 不参与实体赏罚,14199990,1420,A168_HF9F_20260827_0900,2026-08-27 09:00:00
2026-07-23,57024343,-1,1,16441.7492312958,-4291.9371370005,-4291.9371370005,0.3611111,39,39,0.50527580769230769,0.505275807692,-1.7300726718486876,-1.7300726718449837,-1.7300726718486876,3.0769E-13,SENTINEL_DEALER,R03b_20260811_FULL_v1,L1_ELIGIBILITY,v2026-08-11,2026-03-21..2026-08-06,baccarat_bet02_101_all_pairs_incl_sentinel,round_win = game_pnl > 0 (decisive only),COMPATIBILITY_ONLY_NOT_PRODUCTION,4059548.3812,3680416.6879,6656.9809,9707,9692,-0.00163983,0.01249836,-0.00525961,-0.00163983,-6656.9809,4059548.3812,OK,0.0000,266.2792,4.0000,96.0000,AG03-UNRESOLVED,ALL5_LEVELS_bet23_to_bet27,266.2792,266.2792,266.2792,0.0000,0.0000,4.000000,4.000000,4.000000,0.000000,0.000000,96.000000,96.000000,96.000000,100.000000,100.000000,5.0,798.8377,767.3102,5858.1432,5889.6706,PENDING_AG03,FALSE,NOT_FOR_ENFORCEMENT,6390.7016,3533200.0204,6656.9809,6390.7016,266.2792,0.00163983,0.00157424,266.2792,6390.7016,0.00157424,266.2792,266.2792,266.2792,0.0000,0.0000,6390.7016,0.00157424,798.8377,767.3102,5858.1432,5889.6706,0.00144305,0.00145082,0.00006559,418.2083,379.7376,0.6869,61.6387,1.8384,37588.4109,89.7407,538.3845,395.5999,218.4789,430.6076,432.5446,432.5446,1046.441,1081.3617,427.0584,0.0,2.43015,2.511246,0.971205,30,216,96,2,0.20383968,0.00163983,-0.01249836,0E-8,0.000000,0.906607,0.000000,0.01775797,2026-03-22,2026-08-06,108,3621,2443,138,0.782609,1.360932,1.287360,0.679466,,,,,,,,GLOBAL_BASELINE_NO_ENTITY_RANKING,,,NOT_APPLICABLE_GLOBAL_BASELINE,HF9g-P5,,,,X 全窗基线 · 不参与实体赏罚,14199991,1420,A168_HF9F_20260827_0900,2026-08-27 09:00:00
2026-07-23,57024343,1110,0,1708.2336863684,-875.4697642638,-875.4697642638,0.2500000,4,4,0.50665070000000000,0.506650700000,-1.0266936290537745,-1.0266936290537745,-1.0266936290537745,0E-17,ELIGIBLE,R03b_20260811_FULL_v1,L1_ELIGIBILITY,v2026-08-11,2026-03-21..2026-08-06,baccarat_bet02_101_all_pairs_incl_sentinel,round_win = game_pnl > 0 (decisive only),COMPATIBILITY_ONLY_NOT_PRODUCTION,4059548.3812,3680416.6879,6656.9809,9707,9692,-0.00163983,0.01249836,-0.00525961,-0.00163983,-6656.9809,4059548.3812,OK,0.0000,266.2792,4.0000,96.0000,AG03-UNRESOLVED,ALL5_LEVELS_bet23_to_bet27,266.2792,266.2792,266.2792,0.0000,0.0000,4.000000,4.000000,4.000000,0.000000,0.000000,96.000000,96.000000,96.000000,100.000000,100.000000,5.0,798.8377,767.3102,5858.1432,5889.6706,PENDING_AG03,FALSE,NOT_FOR_ENFORCEMENT,6390.7016,3533200.0204,6656.9809,6390.7016,266.2792,0.00163983,0.00157424,266.2792,6390.7016,0.00157424,266.2792,266.2792,266.2792,0.0000,0.0000,6390.7016,0.00157424,798.8377,767.3102,5858.1432,5889.6706,0.00144305,0.00145082,0.00006559,418.2083,379.7376,0.6869,61.6387,1.8384,37588.4109,89.7407,538.3845,395.5999,218.4789,430.6076,432.5446,432.5446,1046.441,1081.3617,427.0584,0.0,2.43015,2.511246,0.971205,30,216,96,2,0.20383968,0.00163983,-0.01249836,0E-8,0.000000,0.906607,0.000000,0.01775797,2026-03-22,2026-08-06,108,3621,2443,138,0.782609,1.360932,1.287360,0.679466,,,,,,,,GLOBAL_BASELINE_NO_ENTITY_RANKING,,,NOT_APPLICABLE_GLOBAL_BASELINE,HF9g-P5,,,,X 全窗基线 · 不参与实体赏罚,14199992,1420,A168_HF9F_20260827_0900,2026-08-27 09:00:00
2026-07-23,57024343,1306,0,427.0584215921,405.7055005125,405.7055005125,1.0000000,1,1,0.50665070000000000,0.506650700000,0.9867858985152569,0.9867858985152569,0.9867858985152569,0E-17,ELIGIBLE,R03b_20260811_FULL_v1,L1_ELIGIBILITY,v2026-08-11,2026-03-21..2026-08-06,baccarat_bet02_101_all_pairs_incl_sentinel,round_win = game_pnl > 0 (decisive only),COMPATIBILITY_ONLY_NOT_PRODUCTION,4059548.3812,3680416.6879,6656.9809,9707,9692,-0.00163983,0.01249836,-0.00525961,-0.00163983,-6656.9809,4059548.3812,OK,0.0000,266.2792,4.0000,96.0000,AG03-UNRESOLVED,ALL5_LEVELS_bet23_to_bet27,266.2792,266.2792,266.2792,0.0000,0.0000,4.000000,4.000000,4.000000,0.000000,0.000000,96.000000,96.000000,96.000000,100.000000,100.000000,5.0,798.8377,767.3102,5858.1432,5889.6706,PENDING_AG03,FALSE,NOT_FOR_ENFORCEMENT,6390.7016,3533200.0204,6656.9809,6390.7016,266.2792,0.00163983,0.00157424,266.2792,6390.7016,0.00157424,266.2792,266.2792,266.2792,0.0000,0.0000,6390.7016,0.00157424,798.8377,767.3102,5858.1432,5889.6706,0.00144305,0.00145082,0.00006559,418.2083,379.7376,0.6869,61.6387,1.8384,37588.4109,89.7407,538.3845,395.5999,218.4789,430.6076,432.5446,432.5446,1046.441,1081.3617,427.0584,0.0,2.43015,2.511246,0.971205,30,216,96,2,0.20383968,0.00163983,-0.01249836,0E-8,0.000000,0.906607,0.000000,0.01775797,2026-03-22,2026-08-06,108,3621,2443,138,0.782609,1.360932,1.287360,0.679466,,,,,,,,GLOBAL_BASELINE_NO_ENTITY_RANKING,,,NOT_APPLICABLE_GLOBAL_BASELINE,HF9g-P5,,,,X 全窗基线 · 不参与实体赏罚,14199993,1420,A168_HF9F_20260827_0900,2026-08-27 09:00:00
2026-07-23,57024343,1391,0,427.0584215921,405.7055005125,405.7055005125,1.0000000,1,1,0.50665070000000000,0.506650700000,0.9867858985152569,0.9867858985152569,0.9867858985152569,0E-17,ELIGIBLE,R03b_20260811_FULL_v1,L1_ELIGIBILITY,v2026-08-11,2026-03-21..2026-08-06,baccarat_bet02_101_all_pairs_incl_sentinel,round_win = game_pnl > 0 (decisive only),COMPATIBILITY_ONLY_NOT_PRODUCTION,4059548.3812,3680416.6879,6656.9809,9707,9692,-0.00163983,0.01249836,-0.00525961,-0.00163983,-6656.9809,4059548.3812,OK,0.0000,266.2792,4.0000,96.0000,AG03-UNRESOLVED,ALL5_LEVELS_bet23_to_bet27,266.2792,266.2792,266.2792,0.0000,0.0000,4.000000,4.000000,4.000000,0.000000,0.000000,96.000000,96.000000,96.000000,100.000000,100.000000,5.0,798.8377,767.3102,5858.1432,5889.6706,PENDING_AG03,FALSE,NOT_FOR_ENFORCEMENT,6390.7016,3533200.0204,6656.9809,6390.7016,266.2792,0.00163983,0.00157424,266.2792,6390.7016,0.00157424,266.2792,266.2792,266.2792,0.0000,0.0000,6390.7016,0.00157424,798.8377,767.3102,5858.1432,5889.6706,0.00144305,0.00145082,0.00006559,418.2083,379.7376,0.6869,61.6387,1.8384,37588.4109,89.7407,538.3845,395.5999,218.4789,430.6076,432.5446,432.5446,1046.441,1081.3617,427.0584,0.0,2.43015,2.511246,0.971205,30,216,96,2,0.20383968,0.00163983,-0.01249836,0E-8,0.000000,0.906607,0.000000,0.01775797,2026-03-22,2026-08-06,108,3621,2443,138,0.782609,1.360932,1.287360,0.679466,,,,,,,,GLOBAL_BASELINE_NO_ENTITY_RANKING,,,NOT_APPLICABLE_GLOBAL_BASELINE,HF9g-P5,,,,X 全窗基线 · 不参与实体赏罚,14199994,1420,A168_HF9F_20260827_0900,2026-08-27 09:00:00
2026-07-23,57024343,1401,0,1708.2336863684,384.3525794329,384.3525794329,0.6666667,4,4,0.50665070000000000,0.506650700000,0.5543606114942035,0.5543606114942035,0.5543606114942035,0E-17,ELIGIBLE,R03b_20260811_FULL_v1,L1_ELIGIBILITY,v2026-08-11,2026-03-21..2026-08-06,baccarat_bet02_101_all_pairs_incl_sentinel,round_win = game_pnl > 0 (decisive only),COMPATIBILITY_ONLY_NOT_PRODUCTION,4059548.3812,3680416.6879,6656.9809,9707,9692,-0.00163983,0.01249836,-0.00525961,-0.00163983,-6656.9809,4059548.3812,OK,0.0000,266.2792,4.0000,96.0000,AG03-UNRESOLVED,ALL5_LEVELS_bet23_to_bet27,266.2792,266.2792,266.2792,0.0000,0.0000,4.000000,4.000000,4.000000,0.000000,0.000000,96.000000,96.000000,96.000000,100.000000,100.000000,5.0,798.8377,767.3102,5858.1432,5889.6706,PENDING_AG03,FALSE,NOT_FOR_ENFORCEMENT,6390.7016,3533200.0204,6656.9809,6390.7016,266.2792,0.00163983,0.00157424,266.2792,6390.7016,0.00157424,266.2792,266.2792,266.2792,0.0000,0.0000,6390.7016,0.00157424,798.8377,767.3102,5858.1432,5889.6706,0.00144305,0.00145082,0.00006559,418.2083,379.7376,0.6869,61.6387,1.8384,37588.4109,89.7407,538.3845,395.5999,218.4789,430.6076,432.5446,432.5446,1046.441,1081.3617,427.0584,0.0,2.43015,2.511246,0.971205,30,216,96,2,0.20383968,0.00163983,-0.01249836,0E-8,0.000000,0.906607,0.000000,0.01775797,2026-03-22,2026-08-06,108,3621,2443,138,0.782609,1.360932,1.287360,0.679466,,,,,,,,GLOBAL_BASELINE_NO_ENTITY_RANKING,,,NOT_APPLICABLE_GLOBAL_BASELINE,HF9g-P5,,,,X 全窗基线 · 不参与实体赏罚,14199995,1420,A168_HF9F_20260827_0900,2026-08-27 09:00:00
2026-07-23,57024343,1947,0,1708.2336863684,384.3525794329,384.3525794329,0.6666667,4,4,0.50665070000000000,0.506650700000,0.5543606114942035,0.5543606114942035,0.5543606114942035,0E-17,ELIGIBLE,R03b_20260811_FULL_v1,L1_ELIGIBILITY,v2026-08-11,2026-03-21..2026-08-06,baccarat_bet02_101_all_pairs_incl_sentinel,round_win = game_pnl > 0 (decisive only),COMPATIBILITY_ONLY_NOT_PRODUCTION,4059548.3812,3680416.6879,6656.9809,9707,9692,-0.00163983,0.01249836,-0.00525961,-0.00163983,-6656.9809,4059548.3812,OK,0.0000,266.2792,4.0000,96.0000,AG03-UNRESOLVED,ALL5_LEVELS_bet23_to_bet27,266.2792,266.2792,266.2792,0.0000,0.0000,4.000000,4.000000,4.000000,0.000000,0.000000,96.000000,96.000000,96.000000,100.000000,100.000000,5.0,798.8377,767.3102,5858.1432,5889.6706,PENDING_AG03,FALSE,NOT_FOR_ENFORCEMENT,6390.7016,3533200.0204,6656.9809,6390.7016,266.2792,0.00163983,0.00157424,266.2792,6390.7016,0.00157424,266.2792,266.2792,266.2792,0.0000,0.0000,6390.7016,0.00157424,798.8377,767.3102,5858.1432,5889.6706,0.00144305,0.00145082,0.00006559,418.2083,379.7376,0.6869,61.6387,1.8384,37588.4109,89.7407,538.3845,395.5999,218.4789,430.6076,432.5446,432.5446,1046.441,1081.3617,427.0584,0.0,2.43015,2.511246,0.971205,30,216,96,2,0.20383968,0.00163983,-0.01249836,0E-8,0.000000,0.906607,0.000000,0.01775797,2026-03-22,2026-08-06,108,3621,2443,138,0.782609,1.360932,1.287360,0.679466,,,,,,,,GLOBAL_BASELINE_NO_ENTITY_RANKING,,,NOT_APPLICABLE_GLOBAL_BASELINE,HF9g-P5,,,,X 全窗基线 · 不参与实体赏罚,14199996,1420,A168_HF9F_20260827_0900,2026-08-27 09:00:00
2026-07-23,57024343,1966,0,854.1168431842,-21.3529210796,-21.3529210796,0.5000000,2,2,0.50665070000000000,0.506650700000,-0.018812684590367487,-0.018812684590367487,-0.018812684590367487,0E-17,ELIGIBLE,R03b_20260811_FULL_v1,L1_ELIGIBILITY,v2026-08-11,2026-03-21..2026-08-06,baccarat_bet02_101_all_pairs_incl_sentinel,round_win = game_pnl > 0 (decisive only),COMPATIBILITY_ONLY_NOT_PRODUCTION,4059548.3812,3680416.6879,6656.9809,9707,9692,-0.00163983,0.01249836,-0.00525961,-0.00163983,-6656.9809,4059548.3812,OK,0.0000,266.2792,4.0000,96.0000,AG03-UNRESOLVED,ALL5_LEVELS_bet23_to_bet27,266.2792,266.2792,266.2792,0.0000,0.0000,4.000000,4.000000,4.000000,0.000000,0.000000,96.000000,96.000000,96.000000,100.000000,100.000000,5.0,798.8377,767.3102,5858.1432,5889.6706,PENDING_AG03,FALSE,NOT_FOR_ENFORCEMENT,6390.7016,3533200.0204,6656.9809,6390.7016,266.2792,0.00163983,0.00157424,266.2792,6390.7016,0.00157424,266.2792,266.2792,266.2792,0.0000,0.0000,6390.7016,0.00157424,798.8377,767.3102,5858.1432,5889.6706,0.00144305,0.00145082,0.00006559,418.2083,379.7376,0.6869,61.6387,1.8384,37588.4109,89.7407,538.3845,395.5999,218.4789,430.6076,432.5446,432.5446,1046.441,1081.3617,427.0584,0.0,2.43015,2.511246,0.971205,30,216,96,2,0.20383968,0.00163983,-0.01249836,0E-8,0.000000,0.906607,0.000000,0.01775797,2026-03-22,2026-08-06,108,3621,2443,138,0.782609,1.360932,1.287360,0.679466,,,,,,,,GLOBAL_BASELINE_NO_ENTITY_RANKING,,,NOT_APPLICABLE_GLOBAL_BASELINE,HF9g-P5,,,,X 全窗基线 · 不参与实体赏罚,14199997,1420,A168_HF9F_20260827_0900,2026-08-27 09:00:00
2026-07-23,57024343,2093,0,1281.1752647763,811.4110010250,811.4110010250,1.0000000,3,3,0.50665070000000000,0.506650700000,1.3955260008387969,1.3955260008387969,1.3955260008387969,0E-17,ELIGIBLE,R03b_20260811_FULL_v1,L1_ELIGIBILITY,v2026-08-11,2026-03-21..2026-08-06,baccarat_bet02_101_all_pairs_incl_sentinel,round_win = game_pnl > 0 (decisive only),COMPATIBILITY_ONLY_NOT_PRODUCTION,4059548.3812,3680416.6879,6656.9809,9707,9692,-0.00163983,0.01249836,-0.00525961,-0.00163983,-6656.9809,4059548.3812,OK,0.0000,266.2792,4.0000,96.0000,AG03-UNRESOLVED,ALL5_LEVELS_bet23_to_bet27,266.2792,266.2792,266.2792,0.0000,0.0000,4.000000,4.000000,4.000000,0.000000,0.000000,96.000000,96.000000,96.000000,100.000000,100.000000,5.0,798.8377,767.3102,5858.1432,5889.6706,PENDING_AG03,FALSE,NOT_FOR_ENFORCEMENT,6390.7016,3533200.0204,6656.9809,6390.7016,266.2792,0.00163983,0.00157424,266.2792,6390.7016,0.00157424,266.2792,266.2792,266.2792,0.0000,0.0000,6390.7016,0.00157424,798.8377,767.3102,5858.1432,5889.6706,0.00144305,0.00145082,0.00006559,418.2083,379.7376,0.6869,61.6387,1.8384,37588.4109,89.7407,538.3845,395.5999,218.4789,430.6076,432.5446,432.5446,1046.441,1081.3617,427.0584,0.0,2.43015,2.511246,0.971205,30,216,96,2,0.20383968,0.00163983,-0.01249836,0E-8,0.000000,0.906607,0.000000,0.01775797,2026-03-22,2026-08-06,108,3621,2443,138,0.782609,1.360932,1.287360,0.679466,,,,,,,,GLOBAL_BASELINE_NO_ENTITY_RANKING,,,NOT_APPLICABLE_GLOBAL_BASELINE,HF9g-P5,,,,X 全窗基线 · 不参与实体赏罚,14199998,1420,A168_HF9F_20260827_0900,2026-08-27 09:00:00
2026-07-23,57024343,2108,0,2135.2921079605,384.3525794329,384.3525794329,0.6000000,5,5,0.50128862000000000,0.501288620000,0.4414521777673877,0.4414521777673877,0.4414521777673877,0E-17,ELIGIBLE,R03b_20260811_FULL_v1,L1_ELIGIBILITY,v2026-08-11,2026-03-21..2026-08-06,baccarat_bet02_101_all_pairs_incl_sentinel,round_win = game_pnl > 0 (decisive only),COMPATIBILITY_ONLY_NOT_PRODUCTION,4059548.3812,3680416.6879,6656.9809,9707,9692,-0.00163983,0.01249836,-0.00525961,-0.00163983,-6656.9809,4059548.3812,OK,0.0000,266.2792,4.0000,96.0000,AG03-UNRESOLVED,ALL5_LEVELS_bet23_to_bet27,266.2792,266.2792,266.2792,0.0000,0.0000,4.000000,4.000000,4.000000,0.000000,0.000000,96.000000,96.000000,96.000000,100.000000,100.000000,5.0,798.8377,767.3102,5858.1432,5889.6706,PENDING_AG03,FALSE,NOT_FOR_ENFORCEMENT,6390.7016,3533200.0204,6656.9809,6390.7016,266.2792,0.00163983,0.00157424,266.2792,6390.7016,0.00157424,266.2792,266.2792,266.2792,0.0000,0.0000,6390.7016,0.00157424,798.8377,767.3102,5858.1432,5889.6706,0.00144305,0.00145082,0.00006559,418.2083,379.7376,0.6869,61.6387,1.8384,37588.4109,89.7407,538.3845,395.5999,218.4789,430.6076,432.5446,432.5446,1046.441,1081.3617,427.0584,0.0,2.43015,2.511246,0.971205,30,216,96,2,0.20383968,0.00163983,-0.01249836,0E-8,0.000000,0.906607,0.000000,0.01775797,2026-03-22,2026-08-06,108,3621,2443,138,0.782609,1.360932,1.287360,0.679466,,,,,,,,GLOBAL_BASELINE_NO_ENTITY_RANKING,,,NOT_APPLICABLE_GLOBAL_BASELINE,HF9g-P5,,,,X 全窗基线 · 不参与实体赏罚,14199999,1420,A168_HF9F_20260827_0900,2026-08-27 09:00:00
2026-07-23,57024343,2130,0,640.5876323881,608.5582507687,608.5582507687,1.0000000,2,2,0.50665070000000000,0.506650700000,1.3955260008387969,1.3955260008387969,1.3955260008387969,0E-17,ELIGIBLE,R03b_20260811_FULL_v1,L1_ELIGIBILITY,v2026-08-11,2026-03-21..2026-08-06,baccarat_bet02_101_all_pairs_incl_sentinel,round_win = game_pnl > 0 (decisive only),COMPATIBILITY_ONLY_NOT_PRODUCTION,4059548.3812,3680416.6879,6656.9809,9707,9692,-0.00163983,0.01249836,-0.00525961,-0.00163983,-6656.9809,4059548.3812,OK,0.0000,266.2792,4.0000,96.0000,AG03-UNRESOLVED,ALL5_LEVELS_bet23_to_bet27,266.2792,266.2792,266.2792,0.0000,0.0000,4.000000,4.000000,4.000000,0.000000,0.000000,96.000000,96.000000,96.000000,100.000000,100.000000,5.0,798.8377,767.3102,5858.1432,5889.6706,PENDING_AG03,FALSE,NOT_FOR_ENFORCEMENT,6390.7016,3533200.0204,6656.9809,6390.7016,266.2792,0.00163983,0.00157424,266.2792,6390.7016,0.00157424,266.2792,266.2792,266.2792,0.0000,0.0000,6390.7016,0.00157424,798.8377,767.3102,5858.1432,5889.6706,0.00144305,0.00145082,0.00006559,418.2083,379.7376,0.6869,61.6387,1.8384,37588.4109,89.7407,538.3845,395.5999,218.4789,430.6076,432.5446,432.5446,1046.441,1081.3617,427.0584,0.0,2.43015,2.511246,0.971205,30,216,96,2,0.20383968,0.00163983,-0.01249836,0E-8,0.000000,0.906607,0.000000,0.01775797,2026-03-22,2026-08-06,108,3621,2443,138,0.782609,1.360932,1.287360,0.679466,,,,,,,,GLOBAL_BASELINE_NO_ENTITY_RANKING,,,NOT_APPLICABLE_GLOBAL_BASELINE,HF9g-P5,,,,X 全窗基线 · 不参与实体赏罚,14200000,1420,A168_HF9F_20260827_0900,2026-08-27 09:00:00
